N: 100
M: 20
Symmetric: true
Triangle: false
4 59 98 9 49
3 29 60 46
5 93 10 89 84 33
4 55 94 18 3
4 43 66 74 99
2 58 34
9 16 2 26 31 61 11 62 88 35
7 100 5 51 36 19 6 90
6 47 32 83 78 91 73
3 96 75 30
5 87 67 95 39 92
6 14 20 44 4 8 97
4 13 28 54 23
11 53 80 48 76 50 81 42 12 24 22 27
5 38 57 69 64 41
5 37 71 56 72 86
5 17 77 7 79 45
6 21 82 40 70 63 25
3 68 15 85
3 65 52 1
4479 3592 1801 4423 2155 2352 3851 4727 1754 1786 1990 1888 3819 2087 1835 3017 4111 4977 4126 1078 1293 395 592 697 3225 948 1780 212 3218 645 4861 4345 1809 1070 2592 3255 972 2751 964 215 3862 3986 3787 1667 2450 32 1479 4235 4163 654 4320 3387 2496 263 1840 2612 4366 1999 1958 111 2133 3106 1013 3387 293 1804 1986 3477 694 1599 936 97 3957 2856 4621 1863 2936 4419 1878 3795 453 1260 3321 1575 25 3216 3937 4139 726 654 4609 2431 410 4601 2645 1383 2897 4304 2892 4304
3592 1218 4266 1999 3894 2974 198 4248 2737 1342 1216 888 4093 4368 4690 3412 116 2151 3226 3591 2179 741 3326 2912 2033 2476 4462 548 2991 1365 4477 64 3454 4404 4909 217 3099 4506 3363 4532 3166 650 1719 651 92 2602 686 1142 2363 2365 4801 699 1087 3932 3889 4596 3240 4073 2280 239 3853 3167 2360 3990 1976 1895 2011 1912 1338 4215 727 2780 4809 72 2512 4020 3773 870 3492 3750 4168 4450 2673 4052 2474 1198 2719 1346 1389 4133 1011 869 908 816 4326 4173 1732 663 3149 145
1801 4266 2654 4552 4824 979 1825 1009 1386 1542 2811 4709 4252 1490 3839 2689 578 3484 4695 4282 1939 2191 3218 4624 3666 72 2847 2563 2132 4179 1236 4780 1427 3205 2975 4377 3397 2772 310 4209 3750 69 2880 2964 1788 1044 1724 3656 3919 2786 1216 3546 1682 2871 1931 2653 62 536 1959 4674 2271 4473 4720 4389 3925 263 4055 3261 2764 3605 4870 1939 3576 2082 3326 1498 4712 1141 2554 3083 4366 3162 526 3897 1800 2065 4828 2132 2591 2009 4682 623 2666 3444 672 2075 467 1045 4317 2309
4423 1999 4552 2737 3098 4855 3945 4126 4895 4610 2370 266 2272 1441 1441 2485 196 1138 2227 2177 90 1497 2897 2463 4410 4571 1494 3533 1248 2733 1131 643 4177 3044 3506 510 2526 2746 2421 3337 3536 511 4692 1682 2234 1896 3019 1403 4985 4451 4222 567 1275 4389 807 1570 669 2545 1581 2695 3118 1219 3213 264 2205 2375 1029 3730 2038 2471 2353 2605 641 4902 4807 1092 511 98 4984 1626 4541 3693 339 2320 4845 4287 4969 1836 1552 4708 3048 1916 4006 3316 2671 1089 3364 2274 3009 3512
2155 3894 4824 3098 2342 2862 143 1183 3639 2101 2161 2451 428 3017 29 4245 3001 3785 4734 4356 1941 721 2000 2851 2418 511 2616 1269 4792 3183 3331 665 3117 3910 3314 4830 2885 2645 848 856 4363 4863 2471 632 709 4705 868 4689 1773 342 3684 520 3530 461 89 2147 631 4141 2026 971 3235 4164 1931 1808 2539 508 345 2766 2347 387 3477 4416 1634 16 3571 1664 521 1211 1900 615 4004 3467 876 2216 480 1909 4210 3166 988 4649 2610 4504 64 1021 3999 3637 3045 526 1119 637
2352 2974 979 4855 2862 1986 3814 2963 2137 992 4867 1227 1532 4824 4678 3118 690 4535 3844 3322 2649 2007 4363 4051 4425 2617 1305 792 2795 1388 3127 467 4580 3126 4235 147 2112 4392 3266 1915 1880 4426 205 135 2768 3324 2739 530 652 3037 4618 3850 4804 4077 3500 3112 2039 769 4036 1419 4944 3258 3631 1194 3286 3751 3824 3021 3499 515 2505 4166 3053 1431 1210 602 1171 1063 2724 1763 476 653 3358 136 4266 1977 2599 21 931 1927 3766 3447 1409 370 4593 4809 789 4953 4330 621
3851 198 1825 3945 143 3814 839 1268 4351 4996 206 2062 4730 1352 3631 3147 3704 2921 4159 958 3609 1201 1336 3880 1789 4772 4964 352 3468 1051 2053 1012 2377 3580 4469 1743 2667 3390 1748 37 590 3140 4832 3108 2207 3914 3878 4531 3999 1078 1135 3545 2126 1377 3435 2517 4772 2729 1430 1487 649 3962 943 2873 3612 3054 2435 4010 4491 3895 989 524 1367 3353 104 3988 3102 3806 4558 1279 2560 2491 3713 1245 3460 3323 789 348 1822 2012 1683 1424 3389 356 1849 2148 3747 2015 224 370
4727 4248 1009 4126 1183 2963 1268 4446 500 3234 3478 3514 947 4167 2786 1641 3578 326 3250 1236 191 469 765 3538 305 1484 4588 2729 147 302 4483 274 4264 1565 4814 2176 2311 555 942 2958 836 3998 2863 1432 3765 4646 1125 2527 4374 3505 3742 3833 553 552 2360 48 3157 2435 4056 1562 178 4315 525 3486 3744 3441 910 1323 2053 3049 3767 418 2872 3365 772 3133 3870 2449 389 4144 3663 3518 2319 2595 2442 2878 2875 2060 516 619 4134 3911 2828 652 3887 1024 3282 4254 3530 183
1754 2737 1386 4895 3639 2137 4351 500 1763 4875 1920 384 2633 597 3475 1202 2811 3488 4985 4759 4125 3109 1256 2922 2626 3301 398 976 3674 1190 2748 2864 1082 3847 3880 4802 4762 819 4110 1121 540 3446 1485 397 2739 3629 1305 4321 176 2459 2017 3378 1759 3556 217 3236 1924 485 3208 3444 1016 3198 1078 3816 258 3114 290 1933 4442 2433 4900 3237 4038 3429 4067 144 2329 904 2866 1530 363 322 893 1628 827 4166 845 3451 2055 804 590 3343 2850 2879 3285 4677 4535 811 3029 1412
1786 1342 1542 4610 2101 992 4996 3234 4875 4269 348 1384 834 2322 4098 2706 1551 3139 3007 1525 691 3856 1918 3727 3821 3288 3765 2332 2700 467 209 1074 168 4301 2541 4362 2881 1334 2368 3701 2523 4117 3981 3387 4304 3085 2008 3817 1574 2223 3818 3895 3158 3111 3625 825 1526 4839 227 3608 4242 3439 4883 4727 2412 2903 1879 1791 1725 1279 3294 859 859 70 2288 3622 1262 2907 466 2602 51 2766 226 200 4664 3234 1730 819 3385 133 4473 922 3495 920 3231 395 4222 1179 2191 2210
1990 1216 2811 2370 2161 4867 206 3478 1920 348 1776 1995 2737 3531 3399 1914 2848 1304 3469 4016 4840 25 336 2213 2466 2576 74 3184 4651 1863 4482 2776 1804 778 267 4408 388 2310 2728 1026 2884 2222 402 4029 1114 4942 1494 1709 2043 1039 368 4242 4511 1459 16 4823 1577 2465 1444 213 2371 2010 2833 695 1927 3222 408 966 3994 4815 4819 4791 174 2486 473 4463 1139 3610 1915 1597 3030 4269 2006 307 2025 4143 4540 454 3881 1394 2254 818 1362 4505 2348 4709 2309 202 3699 1606
1888 888 4709 266 2451 1227 2062 3514 384 1384 1995 2481 4780 3436 2154 4209 556 3489 1356 4951 1437 2260 2337 3288 492 1441 3255 4542 2431 4271 4776 367 1545 1166 2409 248 4874 3004 4433 4281 2668 3606 490 4962 3818 3265 2745 1972 2688 4505 2718 2637 2467 420 372 372 2384 1051 390 1145 4984 3951 610 3545 2953 3542 2269 260 4004 912 2229 3730 3536 2352 1055 1565 2109 2288 1574 972 293 237 3307 2676 3404 1248 3529 4965 829 1098 2278 3323 2065 1038 3393 1851 3955 908 2454 4482
3819 4093 4252 2272 428 1532 4730 947 2633 834 2737 4780 844 225 3770 1068 4453 2228 4230 4705 105 3316 395 3436 2901 972 2082 731 4318 3147 3515 2961 3004 2239 3529 155 1132 133 692 295 1397 4541 1408 1689 3843 3001 1621 3665 4402 4897 2973 2099 4423 2918 435 3484 2043 816 2470 1027 34 278 887 2725 3391 3502 4778 2717 1284 4158 4966 2240 4634 4285 2849 1465 1563 1230 2479 259 2907 1912 3780 3125 1237 1495 3687 2484 792 3210 4568 4285 3687 4462 2192 3272 4797 1553 1037 3329
2087 4368 1490 1441 3017 4824 1352 4167 597 2322 3531 3436 225 1698 598 627 4685 3006 3824 2668 2878 981 4960 2060 4651 4940 107 4774 190 515 1394 289 3393 4524 832 4409 2326 766 2101 175 4902 2845 1044 1815 3968 2155 4063 2384 4956 2673 3946 4540 2522 1617 3000 318 2329 1836 2497 4202 2117 4299 3833 594 4999 3067 562 3138 3608 93 4213 1246 939 4133 2960 3590 3450 2636 3827 4803 2974 1680 1823 4963 302 4356 3043 784 4980 4396 3797 3073 1421 3757 3443 4216 3866 329 3572 4077
1835 4690 3839 1441 29 4678 3631 2786 3475 4098 3399 2154 3770 598 2042 1381 4129 2124 4902 480 553 2732 4843 768 4323 2226 4098 2915 308 4665 4432 873 156 49 4886 3256 1392 1788 1187 1145 2326 989 182 3819 1215 3903 2640 2479 4712 3019 4922 4168 2452 2573 4484 2950 1060 250 4318 1891 1508 2425 3647 3554 1949 3812 4313 2797 4635 4646 3359 2042 90 3653 341 4587 3811 1172 264 1720 2984 2078 102 4863 4025 3579 4263 2387 613 174 3418 3091 3811 2202 1245 2891 2757 3780 2539 1477
3017 3412 2689 2485 4245 3118 3147 1641 1202 2706 1914 4209 1068 627 1381 4364 2135 3541 1641 724 4717 4547 1604 3278 41 2231 646 4947 2357 1567 58 4672 1705 2449 2195 4130 951 4925 3814 1809 4612 520 499 3625 2226 3172 3039 2961 3313 674 3101 4713 1924 2331 4649 2118 4114 424 956 2201 4783 2693 3870 1354 1263 3365 4574 370 4982 2702 1031 2121 2255 1235 2754 2711 3452 4055 91 2336 525 965 4438 104 1293 4507 4660 621 3625 64 3908 1630 2050 4515 4224 4938 1865 402 649 4837
4111 116 578 196 3001 690 3704 3578 2811 1551 2848 556 4453 4685 4129 2135 2955 2724 1748 4112 610 1170 3581 2649 1999 2529 335 2825 1680 309 3974 1573 2501 4844 807 1477 2636 902 3407 1741 3359 686 3769 4905 3137 4836 1658 4084 1561 2032 4545 1071 414 2607 4842 427 3701 2503 3609 1628 4808 2244 2086 3331 3916 4359 1204 33 1675 4468 1496 2382 3015 1670 4139 3004 1395 3160 2284 2464 125 2579 1321 244 2710 4465 4235 727 460 1618 4946 1345 1159 3085 831 3657 2024 2937 2195 4600
4977 2151 3484 1138 3785 4535 2921 326 3488 3139 1304 3489 2228 3006 2124 3541 2724 163 1282 4396 1342 4475 1739 4677 4938 2623 304 2265 3649 1144 3730 2933 3217 3405 3099 3980 950 4892 1394 201 4261 1127 4954 2271 4231 1961 1586 3751 4154 794 1817 941 3815 2419 200 4359 964 2211 1108 2389 3647 3561 4982 4669 3175 1679 2442 2781 1222 3398 1517 3661 3666 12 301 441 2661 4284 3300 4624 4532 2917 659 3448 3577 1039 1733 3256 3971 2130 3967 293 3055 2737 2910 2491 1260 893 489 3867
4126 3226 4695 2227 4734 3844 4159 3250 4985 3007 3469 1356 4230 3824 4902 1641 1748 1282 2881 1385 2235 2191 184 3698 4170 1473 3144 4722 1000 2787 4801 3893 1377 227 2973 4527 872 2836 2657 3382 806 808 671 3935 2402 499 3325 1556 3796 622 4213 3491 2415 4177 2360 3733 2910 165 4239 2743 3327 3341 3303 1250 2387 4681 766 4552 3452 3420 2931 667 840 3078 2772 998 2537 2926 1040 2198 3824 4379 3693 662 3364 1325 4073 2212 1409 2766 2112 1887 1121 3850 307 603 1738 988 3580 2119
1078 3591 4282 2177 4356 3322 958 1236 4759 1525 4016 4951 4705 2668 480 724 4112 4396 1385 3065 4191 4437 2768 4435 4544 3352 879 3984 1194 2373 1022 1388 3940 791 1430 307 2659 2475 1891 4090 1246 2739 701 3900 1159 1935 3197 2699 3851 4512 2634 2990 778 4275 4199 3371 2771 3863 473 3038 1622 929 502 2095 3560 784 706 4168 1469 1285 3371 1535 606 2668 3397 1315 3958 976 4678 1066 3004 423 712 1575 4319 3915 2337 1233 170 3287 2715 3797 645 1631 3916 4185 562 2825 399 4062
1293 2179 1939 90 1941 2649 3609 191 4125 691 4840 1437 105 2878 553 4717 610 1342 2235 4191 1890 520 4758 3126 2096 2276 4367 3687 3296 4558 4569 1623 1574 3939 1221 2225 3381 130 3764 3011 3365 2427 2839 3947 822 428 4728 1841 2764 3301 3053 2190 3884 1270 3130 1918 182 3705 3667 2274 4604 1614 3785 1931 2284 78 2431 4255 3690 4346 2894 4367 2221 1451 1720 2956 1620 3711 3008 3385 1541 2494 3379 3975 2051 1516 2180 2610 2947 4875 1364 1462 2632 4824 1980 423 4583 2708 3637 3513
395 741 2191 1497 721 2007 1201 469 3109 3856 25 2260 3316 981 2732 4547 1170 4475 2191 4437 520 3604 2281 4995 3682 2396 4262 4856 1889 2393 2569 952 1864 1409 684 1840 1113 3383 1748 2616 3329 33 1413 4452 2290 1373 2936 440 3152 1056 3733 795 1198 3021 4203 4100 2067 1333 4325 3011 4241 3092 4772 3788 4528 805 1544 4426 1822 525 2442 4449 4719 878 1873 1196 2156 1436 2744 1148 3460 4784 4067 1731 2656 4522 91 4152 59 178 1468 4599 1535 978 3543 522 4235 4114 471 2713
592 3326 3218 2897 2000 4363 1336 765 1256 1918 336 2337 395 4960 4843 1604 3581 1739 184 2768 4758 2281 1490 4914 624 2009 71 3181 2422 4449 2185 2270 2440 4523 235 1588 2261 3310 3010 4707 1494 450 2113 42 4930 3530 3741 1150 3921 1761 3651 1192 192 2664 1496 2120 2667 1803 2288 808 395 1379 2429 4746 3657 3899 729 2778 3330 1905 2190 4945 1421 4410 4010 3238 559 1073 3711 1600 3243 1488 4496 2694 2971 2433 1799 2296 1428 2732 3799 3791 2488 3328 4963 2926 3479 2642 3054 4637
697 2912 4624 2463 2851 4051 3880 3538 2922 3727 2213 3288 3436 2060 768 3278 2649 4677 3698 4435 3126 4995 4914 2406 297 1777 2305 4085 1605 3970 88 4945 1738 3231 2503 1115 3450 4413 3736 4315 4268 3042 2285 1220 3503 2977 650 998 3658 2868 398 4062 1870 4747 4350 2146 2531 3435 2968 4545 270 4487 2308 2314 1502 2556 1291 4780 3454 380 1921 3219 2065 822 1936 809 3846 3616 3810 1350 256 4935 2193 472 242 1638 4008 4899 2938 4942 2665 2068 2021 2717 2467 2244 1060 225 1727 627
3225 2033 3666 4410 2418 4425 1789 305 2626 3821 2466 492 2901 4651 4323 41 1999 4938 4170 4544 2096 3682 624 297 3315 2326 3325 2232 44 3451 703 383 2103 3467 2031 4555 1045 2101 846 2134 4860 1459 1332 4804 2340 4237 3804 1340 1894 4853 4857 661 1953 129 702 42 4615 246 3105 2549 944 307 272 3727 403 2875 4270 2303 676 4887 421 819 4141 474 4735 1726 3162 2855 3468 4748 300 2492 4300 4748 3960 4175 1874 3152 4728 1476 3889 1712 4605 940 1658 47 2782 4287 4121 713
948 2476 72 4571 511 2617 4772 1484 3301 3288 2576 1441 972 4940 2226 2231 2529 2623 1473 3352 2276 2396 2009 1777 2326 2953 4975 360 556 4467 738 2974 4315 4487 64 3412 3560 2219 1478 306 3824 351 795 364 1833 374 4812 1802 2921 3534 4982 4018 1163 3759 2277 1698 3229 1685 4077 444 4457 156 2375 2783 19 3627 4783 3339 4969 1619 846 3823 881 301 4769 921 1472 4175 3731 2153 1153 32 2126 258 1994 2094 2532 2706 1458 1546 159 4561 2693 4594 2373 3204 1533 3929 3283 1844
1780 4462 2847 1494 2616 1305 4964 4588 398 3765 74 3255 2082 107 4098 646 335 304 3144 879 4367 4262 71 2305 3325 4975 2573 2805 3527 2568 2798 185 2527 1830 4600 3858 516 579 1901 3991 3573 2873 1698 639 259 4154 1761 4692 3896 2132 90 3604 4039 2284 1427 4182 298 2921 3400 1320 4091 50 2548 4648 3944 4908 3274 1286 4796 2070 1685 4011 4531 1865 2349 4043 196 1891 2942 3032 4845 2578 3947 1254 2633 920 2238 3534 1338 378 4577 3248 3192 3331 4284 4195 2613 1255 203 91
212 548 2563 3533 1269 792 352 2729 976 2332 3184 4542 731 4774 2915 4947 2825 2265 4722 3984 3687 4856 3181 4085 2232 360 2805 4563 3032 1454 4508 2279 1779 571 963 2368 1216 1492 3768 451 3431 1772 2378 1421 2474 3239 2749 946 1164 455 1515 157 1864 3004 1436 4609 4707 3338 3100 4725 2603 1909 881 4886 2962 1627 2085 246 3955 48 1923 1258 4161 3751 1423 2416 4753 2125 2050 3558 2689 3457 1528 1934 2378 3008 70 4208 3873 2293 1058 3418 350 673 178 4773 4087 4861 2006 3964
3218 2991 2132 1248 4792 2795 3468 147 3674 2700 4651 2431 4318 190 308 2357 1680 3649 1000 1194 3296 1889 2422 1605 44 556 3527 3032 623 4078 2464 2577 2200 1358 1328 1676 1940 3902 4070 2238 3670 2567 1048 3987 1980 4655 2667 1680 3067 3893 2013 383 1691 1308 709 3082 810 135 4263 2200 1102 3864 2312 2369 2037 3038 3530 316 3659 3402 2735 209 516 377 1986 3509 2908 1291 1666 1203 1080 164 2982 2832 3224 1380 2263 1574 1649 3232 2624 4145 2916 3551 3231 3786 810 3214 4967 1624
645 1365 4179 2733 3183 1388 1051 302 1190 467 1863 4271 3147 515 4665 1567 309 1144 2787 2373 4558 2393 4449 3970 3451 4467 2568 1454 4078 4915 4881 406 4488 4599 1297 4048 4734 1354 1954 3058 1658 570 3471 1253 4983 3904 590 3864 357 1387 4966 1261 811 3687 1716 4776 4930 4613 1322 2220 3737 4318 1549 1792 966 4893 1347 1485 1330 2817 2358 4423 621 3599 365 573 1573 2455 2494 4330 2641 2770 1405 3384 4074 2766 3365 1601 1050 3144 3911 1289 3802 3527 4623 2960 4404 1384 3915 3716
4861 4477 1236 1131 3331 3127 2053 4483 2748 209 4482 4776 3515 1394 4432 58 3974 3730 4801 1022 4569 2569 2185 88 703 738 2798 4508 2464 4881 1216 2302 1422 4543 1159 274 4171 56 4271 806 2601 3938 2215 2210 549 4802 3153 3717 2469 3188 3628 4583 4563 4148 1101 1614 3785 1230 2224 3374 1247 1676 3313 3740 2947 3797 3646 373 422 4682 336 1766 278 1261 3257 2695 1376 4637 2212 558 2228 3034 4604 2272 1952 2206 3738 646 3697 2659 1193 4415 1609 915 2648 3319 2086 877 2946 3419
4345 64 4780 643 665 467 1012 274 2864 1074 2776 367 2961 289 873 4672 1573 2933 3893 1388 1623 952 2270 4945 383 2974 185 2279 2577 406 2302 685 1337 1756 439 3691 3107 4435 4265 533 457 1081 3406 3505 1610 1427 354 2769 1062 1477 3223 2863 1851 1244 3667 2904 3618 3722 4771 1697 2351 579 1780 1709 2549 2916 2928 1839 2298 4605 4123 1868 2160 4482 2889 4559 264 380 1654 2037 1464 653 4753 3137 3374 333 2775 2039 2151 1296 2514 4874 2196 152 3993 847 3678 1883 1305 2837
1809 3454 1427 4177 3117 4580 2377 4264 1082 168 1804 1545 3004 3393 156 1705 2501 3217 1377 3940 1574 1864 2440 1738 2103 4315 2527 1779 2200 4488 1422 1337 4062 695 4857 1616 2378 3476 4572 2019 4588 3926 690 761 2599 1930 3092 3271 3713 307 299 3986 1535 2183 965 2039 621 1985 2791 3958 367 3064 3576 1824 4133 208 398 608 813 1756 2073 1069 3049 3346 3693 4849 3429 481 4068 202 566 1546 2472 446 3188 1073 235 1469 4268 317 1676 4476 2738 3200 3583 3783 3000 772 4600 1010
1070 4404 3205 3044 3910 3126 3580 1565 3847 4301 778 1166 2239 4524 49 2449 4844 3405 227 791 3939 1409 4523 3231 3467 4487 1830 571 1358 4599 4543 1756 695 1042 1736 873 2214 1260 2349 3094 1305 2172 4096 2858 4703 3281 1650 4377 3387 1684 3015 3606 2050 4906 3400 4759 1415 1622 943 39 3747 539 2832 3882 3958 1975 1534 4774 3294 1411 230 913 4993 3807 4384 2583 1624 2410 4396 2401 1777 2686 468 1499 4488 4393 2033 2636 1800 1565 1877 635 2466 4456 2759 99 3563 1997 3815 957
2592 4909 2975 3506 3314 4235 4469 4814 3880 2541 267 2409 3529 832 4886 2195 807 3099 2973 1430 1221 684 235 2503 2031 64 4600 963 1328 1297 1159 439 4857 1736 2041 2004 2724 3981 613 1671 3591 1180 3825 1812 3188 4845 2056 4273 336 809 926 1505 82 1156 1262 4358 4119 2178 3379 141 2501 3017 4264 831 1378 727 3504 4946 950 4665 2931 3097 797 3460 2268 2756 356 617 2673 4744 306 3247 1646 2073 890 1255 671 2128 3053 2321 3084 1494 4243 936 1757 295 2033 2311 61 2466
3255 217 4377 510 4830 147 1743 2176 4802 4362 4408 248 155 4409 3256 4130 1477 3980 4527 307 2225 1840 1588 1115 4555 3412 3858 2368 1676 4048 274 3691 1616 873 2004 4736 2077 362 2378 837 3795 2694 4745 1100 4242 415 2241 1530 794 3250 4566 1727 2120 3425 3248 4490 4535 2580 4832 3550 4232 2373 2116 3925 137 3772 3467 228 1243 3612 3947 1207 1270 4010 1137 2141 3713 87 4838 662 1756 3666 111 4937 2786 379 1586 2232 4868 1017 4837 3678 3495 1639 3294 2858 2728 4560 975 4321
972 3099 3397 2526 2885 2112 2667 2311 4762 2881 388 4874 1132 2326 1392 951 2636 950 872 2659 3381 1113 2261 3450 1045 3560 516 1216 1940 4734 4171 3107 2378 2214 2724 2077 4784 2928 766 2915 3789 1073 3160 911 1109 4669 475 2475 3213 3127 2433 443 1058 1232 3861 2319 3607 742 3937 396 4202 3175 4359 1692 1750 1664 4716 685 4623 1943 3592 2683 4291 579 3451 602 1275 1137 82 703 2260 3175 3003 1862 341 3708 3309 4943 4340 193 3345 2374 3068 4083 3731 2571 2572 3962 37 4436
2751 4506 2772 2746 2645 4392 3390 555 819 1334 2310 3004 133 766 1788 4925 902 4892 2836 2475 130 3383 3310 4413 2101 2219 579 1492 3902 1354 56 4435 3476 1260 3981 362 2928 3136 153 4822 3393 2170 4266 2239 1500 4078 1518 4632 1837 2197 2568 1392 4473 2513 231 593 618 2309 1645 3505 1589 929 4909 3853 920 33 2707 1821 1255 491 894 3315 3221 3841 1359 2927 1004 145 339 2969 4296 2771 2197 1304 3909 474 1816 4889 1788 2204 472 1728 1697 4076 4353 4190 479 2851 2219 86
964 3363 310 2421 848 3266 1748 942 4110 2368 2728 4433 692 2101 1187 3814 3407 1394 2657 1891 3764 1748 3010 3736 846 1478 1901 3768 4070 1954 4271 4265 4572 2349 613 2378 766 153 4980 2234 528 2692 1241 3999 2640 1522 3503 414 2181 284 4802 3240 2951 3814 2096 4180 3163 807 1648 3242 1294 4184 2428 93 36 3744 1446 1437 4853 1145 4820 1193 1407 1423 4969 4225 2478 3348 1060 3571 1801 4704 3551 3544 1528 3494 4167 1380 484 2314 4390 4354 3671 447 2714 4160 4493 2937 436 3721
215 4532 4209 3337 856 1915 37 2958 1121 3701 1026 4281 295 175 1145 1809 1741 201 3382 4090 3011 2616 4707 4315 2134 306 3991 451 2238 3058 806 533 2019 3094 1671 837 2915 4822 2234 1592 617 3328 2788 3818 2871 4486 2131 2111 1795 4419 3754 4438 4572 3170 3933 414 4634 523 1217 2778 4193 2894 3563 2553 248 3521 3062 1809 1583 972 4185 4540 4468 1643 1848 2352 261 424 1215 4443 340 1120 1576 2970 3937 3008 3398 273 1273 722 1863 3590 2363 2355 2065 3543 3135 1084 1734 270
3862 3166 3750 3536 4363 1880 590 836 540 2523 2884 2668 1397 4902 2326 4612 3359 4261 806 1246 3365 3329 1494 4268 4860 3824 3573 3431 3670 1658 2601 457 4588 1305 3591 3795 3789 3393 528 617 2735 1749 2658 4401 1399 4459 2580 1196 4203 2579 119 740 4642 1801 3036 2025 491 3780 1589 215 4530 3204 1777 4363 4858 1373 4109 4618 2307 1198 1745 663 4700 1861 2675 1502 847 980 355 2133 2861 3487 3651 4523 4076 2799 208 3433 283 1681 770 4292 928 962 3726 2483 395 4840 4899 2299
3986 650 69 511 4863 4426 3140 3998 3446 4117 2222 3606 4541 2845 989 520 686 1127 808 2739 2427 33 450 3042 1459 351 2873 1772 2567 570 3938 1081 3926 2172 1180 2694 1073 2170 2692 3328 1749 4387 2482 2741 701 3021 687 4316 2512 861 772 2737 608 1873 3010 1898 4867 3760 1653 718 4389 2354 4931 772 2959 1649 2069 2291 3906 3767 4840 1920 2236 3474 2908 2040 563 3551 1989 1297 3469 2679 554 4928 4515 1502 3371 2296 1397 3516 1744 4397 4062 1026 909 1398 184 4883 4580 1517
3787 1719 2880 4692 2471 205 4832 2863 1485 3981 402 490 1408 1044 182 499 3769 4954 671 701 2839 1413 2113 2285 1332 795 1698 2378 1048 3471 2215 3406 690 4096 3825 4745 3160 4266 1241 2788 2658 2482 4532 4854 1961 3854 3173 4722 3288 4837 2311 4339 1687 607 2454 4903 4726 1061 593 1017 938 2531 1936 881 3933 4355 2720 1312 4610 4584 2302 1392 1931 788 4610 2420 3878 2332 345 936 2811 2952 3068 3747 2695 111 3996 911 250 1033 4550 2384 2201 3859 1396 1774 1480 421 4258 3536
1667 651 2964 1682 632 135 3108 1432 397 3387 4029 4962 1689 1815 3819 3625 4905 2271 3935 3900 3947 4452 42 1220 4804 364 639 1421 3987 1253 2210 3505 761 2858 1812 1100 911 2239 3999 3818 4401 2741 4854 1884 1788 4010 161 1275 1242 4686 237 2546 1709 4699 3919 1552 2787 1758 1338 4023 471 495 1326 973 543 71 3772 2632 1903 755 241 3293 4199 947 2651 728 4235 3815 4562 1575 3406 2656 4421 1749 3879 2259 3432 4002 4773 1501 4089 853 1274 3583 4793 4737 2685 1890 2716 3954
2450 92 1788 2234 709 2768 2207 3765 2739 4304 1114 3818 3843 3968 1215 2226 3137 4231 2402 1159 822 2290 4930 3503 2340 1833 259 2474 1980 4983 549 1610 2599 4703 3188 4242 1109 1500 2640 2871 1399 701 1961 1788 1731 2054 3099 1348 3351 3765 212 4100 4452 894 3473 987 1599 4793 2391 447 4491 2091 2156 502 4961 2845 883 2274 616 1015 298 2785 4994 4825 368 2002 328 1386 2736 3004 3125 2319 1634 1251 30 246 4725 2227 3333 1555 3209 1041 3444 2050 2290 2250 3116 714 2776 4211
32 2602 1044 1896 4705 3324 3914 4646 3629 3085 4942 3265 3001 2155 3903 3172 4836 1961 499 1935 428 1373 3530 2977 4237 374 4154 3239 4655 3904 4802 1427 1930 3281 4845 415 4669 4078 1522 4486 4459 3021 3854 4010 2054 1679 4169 713 579 1348 20 2799 125 72 1403 1603 3909 4618 3998 2150 2477 2600 1180 4098 4404 1593 4229 2256 2375 4834 32 1488 461 3690 1685 3971 2272 2253 4633 3400 363 3031 2590 4382 1296 4408 1518 4870 593 1691 841 4896 3851 2434 377 2045 628 2847 1531 1877
1479 686 1724 3019 868 2739 3878 1125 1305 2008 1494 2745 1621 4063 2640 3039 1658 1586 3325 3197 4728 2936 3741 650 3804 4812 1761 2749 2667 590 3153 354 3092 1650 2056 2241 475 1518 3503 2131 2580 687 3173 161 3099 4169 3538 3975 2130 396 40 746 1584 2629 872 1670 3820 4412 2643 3947 3112 1999 4916 2296 3924 3279 2610 1136 3705 301 2298 3356 1297 2302 421 1626 1426 1925 1955 3226 2805 4196 3958 1799 262 1673 3604 2523 4147 1952 1994 3541 2239 1034 4092 3955 3484 2463 3423 2778
4235 1142 3656 1403 4689 530 4531 2527 4321 3817 1709 1972 3665 2384 2479 2961 4084 3751 1556 2699 1841 440 1150 998 1340 1802 4692 946 1680 3864 3717 2769 3271 4377 4273 1530 2475 4632 414 2111 1196 4316 4722 1275 1348 713 3975 4550 1163 134 1390 1436 1186 4256 1876 1851 3019 2517 883 477 4042 52 1752 251 1761 1418 3467 2256 3494 2503 1205 2119 1866 2168 401 3589 4034 4870 763 4129 799 2895 2745 3096 1562 4688 3595 2307 1351 4185 2452 3890 2354 34 2985 426 1790 2907 1538 2621
4163 2363 3919 4985 1773 652 3999 4374 176 1574 2043 2688 4402 4956 4712 3313 1561 4154 3796 3851 2764 3152 3921 3658 1894 2921 3896 1164 3067 357 2469 1062 3713 3387 336 794 3213 1837 2181 1795 4203 2512 3288 1242 3351 579 2130 1163 3630 1555 4711 2822 767 533 2513 2013 4938 560 2604 2073 2055 62 274 4142 4361 4101 3070 3650 1054 426 3842 2455 3869 1285 487 1077 2232 1991 4562 1274 3792 1275 888 3140 1809 2899 3644 1417 740 4365 4778 2241 2610 920 4174 1606 4632 1529 2051 1765
654 2365 2786 4451 342 3037 1078 3505 2459 2223 1039 4505 4897 2673 3019 674 2032 794 622 4512 3301 1056 1761 2868 4853 3534 2132 455 3893 1387 3188 1477 307 1684 809 3250 3127 2197 284 4419 2579 861 4837 4686 3765 1348 396 134 1555 3612 1288 4724 1505 1104 2081 3372 1603 785 840 1979 1526 924 3900 4342 1389 1788 3170 3054 2589 46 149 184 969 3242 3924 3593 185 1698 3176 3729 1889 1815 3398 3213 738 2100 1973 411 277 1180 4997 4544 3241 661 4480 844 4110 2031 3764 3555
4320 4801 1216 4222 3684 4618 1135 3742 2017 3818 368 2718 2973 3946 4922 3101 4545 1817 4213 2634 3053 3733 3651 398 4857 4982 90 1515 2013 4966 3628 3223 299 3015 926 4566 2433 2568 4802 3754 119 772 2311 237 212 20 40 1390 4711 1288 4726 4935 4954 1529 2082 3971 104 2690 1616 1736 4630 589 300 503 4615 2323 2748 4868 4645 1221 4667 50 1475 3786 3339 2074 973 2679 3497 4435 4813 4389 4174 4180 1656 4770 4448 4705 4259 3243 1983 3505 131 1927 3464 3319 712 4190 1878 401
3387 699 3546 567 520 3850 3545 3833 3378 3895 4242 2637 2099 4540 4168 4713 1071 941 3491 2990 2190 795 1192 4062 661 4018 3604 157 383 1261 4583 2863 3986 3606 1505 1727 443 1392 3240 4438 740 2737 4339 2546 4100 2799 746 1436 2822 4724 4935 181 3718 4586 344 4633 1521 2255 45 4949 4949 2525 1587 4529 3639 4530 3777 219 3937 4873 2041 1056 3221 334 4238 2633 2550 3553 4683 1429 512 2850 1363 4194 2601 3568 3159 1973 819 1360 1878 2570 3157 1601 2666 3471 772 170 1743 2955
2496 1087 1682 1275 3530 4804 2126 553 1759 3158 4511 2467 4423 2522 2452 1924 414 3815 2415 778 3884 1198 192 1870 1953 1163 4039 1864 1691 811 4563 1851 1535 2050 82 2120 1058 4473 2951 4572 4642 608 1687 1709 4452 125 1584 1186 767 1505 4954 3718 886 688 4106 2056 3493 444 2239 1679 3806 4881 2211 4321 829 4540 93 364 3158 88 1356 2661 2596 3542 4073 4780 2290 2719 4384 844 2858 4867 4434 3057 1879 4272 1959 4489 1528 4863 925 3776 372 2363 737 304 4434 4392 1003 2010
263 3932 2871 4389 461 4077 1377 552 3556 3111 1459 420 2918 1617 2573 2331 2607 2419 4177 4275 1270 3021 2664 4747 129 3759 2284 3004 1308 3687 4148 1244 2183 4906 1156 3425 1232 2513 3814 3170 1801 1873 607 4699 894 72 2629 4256 533 1104 1529 4586 688 1836 1829 3549 3106 2609 4438 4253 3870 4827 4779 1709 811 2225 1833 4979 3394 3739 1066 2577 34 2849 1013 69 1235 563 1275 3484 3586 2912 1870 3908 2372 4827 2551 231 1195 2474 53 3401 1212 1735 1358 1135 1372 496 1906 1839
1840 3889 1931 807 89 3500 3435 2360 217 3625 16 372 435 3000 4484 4649 4842 200 2360 4199 3130 4203 1496 4350 702 2277 1427 1436 709 1716 1101 3667 965 3400 1262 3248 3861 231 2096 3933 3036 3010 2454 3919 3473 1403 872 1876 2513 2081 2082 344 4106 1829 2591 1190 2643 2828 1041 2370 1411 1178 4715 2535 1534 4474 1634 4107 760 688 3385 3147 3924 1748 2351 3155 4193 1218 4231 1388 4582 3043 1646 636 4535 606 1798 1882 3466 4451 4581 2344 555 4766 1534 4372 3366 2976 2678 3935
2612 4596 2653 1570 2147 3112 2517 48 3236 825 4823 372 3484 318 2950 2118 427 4359 3733 3371 1918 4100 2120 2146 42 1698 4182 4609 3082 4776 1614 2904 2039 4759 4358 4490 2319 593 4180 414 2025 1898 4903 1552 987 1603 1670 1851 2013 3372 3971 4633 2056 3549 1190 4536 2277 509 32 917 2980 3029 4527 3928 4646 4004 2919 4382 641 1106 235 1784 2788 4436 3189 2136 3097 1919 2091 3557 79 312 1806 3738 3547 1388 849 66 3743 3895 210 4399 729 2385 1252 2805 4917 90 1026 1586
4366 3240 62 669 631 2039 4772 3157 1924 1526 1577 2384 2043 2329 1060 4114 3701 964 2910 2771 182 2067 2667 2531 4615 3229 298 4707 810 4930 3785 3618 621 1415 4119 4535 3607 618 3163 4634 491 4867 4726 2787 1599 3909 3820 3019 4938 1603 104 1521 3493 3106 2643 2277 3770 1071 3044 3709 4098 1609 2711 620 2182 479 1348 431 3976 583 1275 1262 4713 1999 2534 3719 2904 3942 3395 1479 4943 51 3253 3579 3591 1623 147 4509 4412 1150 4945 949 2086 3674 1339 4704 4055 1112 4222 270
1999 4073 536 2545 4141 769 2729 2435 485 4839 2465 1051 816 1836 250 424 2503 2211 165 3863 3705 1333 1803 3435 246 1685 2921 3338 135 4613 1230 3722 1985 1622 2178 2580 742 2309 807 523 3780 3760 1061 1758 4793 4618 4412 2517 560 785 2690 2255 444 2609 2828 509 1071 4095 1658 4969 2621 574 1907 3627 38 3883 2202 3421 1349 4785 2664 4185 2878 4599 3193 2718 4586 4887 635 1087 1123 3125 4356 2515 3903 3585 3339 2687 3869 4274 812 3259 2844 1184 3637 1739 3604 525 4616 379
1958 2280 1959 1581 2026 4036 1430 4056 3208 227 1444 390 2470 2497 4318 956 3609 1108 4239 473 3667 4325 2288 2968 3105 4077 3400 3100 4263 1322 2224 4771 2791 943 3379 4832 3937 1645 1648 1217 1589 1653 593 1338 2391 3998 2643 883 2604 840 1616 45 2239 4438 1041 32 3044 1658 517 185 1830 1271 2902 4378 1432 4452 593 1644 720 1806 975 68 2388 1068 2757 2097 257 4842 243 4511 523 366 1074 2134 941 2145 3010 1238 494 3623 3999 856 794 3044 4515 460 2390 3776 4774 1533
111 239 4674 2695 971 1419 1487 1562 3444 3608 213 1145 1027 4202 1891 2201 1628 2389 2743 3038 2274 3011 808 4545 2549 444 1320 4725 2200 2220 3374 1697 3958 39 141 3550 396 3505 3242 2778 215 718 1017 4023 447 2150 3947 477 2073 1979 1736 4949 1679 4253 2370 917 3709 4969 185 161 1873 2687 1266 3998 3121 2033 1555 4724 4153 744 4421 3957 2599 1246 1401 1732 390 4221 173 4293 3063 3023 1062 3780 3177 2259 1245 122 2146 2905 4226 238 1381 207 1760 1873 230 1586 2333 4359
2133 3853 2271 3118 3235 4944 649 178 1016 4242 2371 4984 34 2117 1508 4783 4808 3647 3327 1622 4604 4241 395 270 944 4457 4091 2603 1102 3737 1247 2351 367 3747 2501 4232 4202 1589 1294 4193 4530 4389 938 471 4491 2477 3112 4042 2055 1526 4630 4949 3806 3870 1411 2980 4098 2621 1830 1873 2338 3256 1493 2181 2038 3071 1381 696 4078 2237 2328 2407 1204 1366 3715 781 3935 2261 3174 2082 3854 2743 1742 3311 165 3368 1805 1868 1898 4834 4717 4185 75 1949 1248 1118 4741 2245 2596 3395
3106 3167 4473 1219 4164 3258 3962 4315 3198 3439 2010 3951 278 4299 2425 2693 2244 3561 3341 929 1614 3092 1379 4487 307 156 50 1909 3864 4318 1676 579 3064 539 3017 2373 3175 929 4184 2894 3204 2354 2531 495 2091 2600 1999 52 62 924 589 2525 4881 4827 1178 3029 1609 574 1271 2687 3256 1836 3526 2479 1555 784 1500 1855 1278 1176 4182 4339 2926 1767 2868 2214 4325 2977 2097 1477 2314 319 1348 3924 4671 2160 1237 1392 625 4082 4486 1980 770 3734 858 4220 51 4181 4465 1970
1013 2360 4720 3213 1931 3631 943 525 1078 4883 2833 610 887 3833 3647 3870 2086 4982 3303 502 3785 4772 2429 2308 272 2375 2548 881 2312 1549 3313 1780 3576 2832 4264 2116 4359 4909 2428 3563 1777 4931 1936 1326 2156 1180 4916 1752 274 3900 300 1587 2211 4779 4715 4527 2711 1907 2902 1266 1493 3526 4615 4501 4496 4249 1372 2700 1493 4406 414 730 3860 2413 2535 3279 1905 3961 4174 3134 1543 2844 2378 1366 1739 530 1560 1253 1023 2353 4432 2260 4525 105 3959 4243 4508 204 4730 3913
3387 3990 4389 264 1808 1194 2873 3486 3816 4727 695 3545 2725 594 3554 1354 3331 4669 1250 2095 1931 3788 4746 2314 3727 2783 4648 4886 2369 1792 3740 1709 1824 3882 831 3925 1692 3853 93 2553 4363 772 881 973 502 4098 2296 251 4142 4342 503 4529 4321 1709 2535 3928 620 3627 4378 3998 2181 2479 4501 240 3237 1543 3901 893 2175 1168 2326 4962 425 2421 576 182 3307 4742 3437 160 3986 256 2009 4383 3394 4808 849 1215 1136 1082 3592 3379 797 1934 665 1652 1956 1053 2232 105
293 1976 3925 2205 2539 3286 3612 3744 258 2412 1927 2953 3391 4999 1949 1263 3916 3175 2387 3560 2284 4528 3657 1502 403 19 3944 2962 2037 966 2947 2549 4133 3958 1378 137 1750 920 36 248 4858 2959 3933 543 4961 4404 3924 1761 4361 1389 4615 3639 829 811 1534 4646 2182 38 1432 3121 2038 1555 4496 3237 4497 2069 2910 3013 3755 2759 1639 4141 3683 528 541 4391 4080 432 1615 241 1605 1298 618 636 2792 2595 2398 2019 1231 566 728 3170 2238 3789 327 2877 4998 3881 3378 1947
1804 1895 263 2375 508 3751 3054 3441 3114 2903 3222 3542 3502 3067 3812 3365 4359 1679 4681 784 78 805 3899 2556 2875 3627 4908 1627 3038 4893 3797 2916 208 1975 727 3772 1664 33 3744 3521 1373 1649 4355 71 2845 1593 3279 1418 4101 1788 2323 4530 4540 2225 4474 4004 479 3883 4452 2033 3071 784 4249 1543 2069 2871 773 1969 389 3181 2617 450 4648 4347 1475 2089 3347 2039 1916 542 3369 2480 3330 4236 4538 15 4407 4304 4310 2475 994 4924 4588 4185 4871 2860 3874 2701 4716 4285
1986 2011 4055 1029 345 3824 2435 910 290 1879 408 2269 4778 562 4313 4574 1204 2442 766 706 2431 1544 729 1291 4270 4783 3274 2085 3530 1347 3646 2928 398 1534 3504 3467 4716 2707 1446 3062 4109 2069 2720 3772 883 4229 2610 3467 3070 3170 2748 3777 93 1833 1634 2919 1348 2202 593 1555 1381 1500 1372 3901 2910 773 3188 3304 157 4382 1806 2867 4261 3961 1068 706 588 49 3428 2752 4454 1227 2362 966 4068 2856 4269 1452 1558 891 940 232 3365 265 4099 2211 202 3506 16 3702
3477 1912 3261 3730 2766 3021 4010 1323 1933 1791 966 260 2717 3138 2797 370 33 2781 4552 4168 4255 4426 2778 4780 2303 3339 1286 246 316 1485 373 1839 608 4774 4946 228 685 1821 1437 1809 4618 2291 1312 2632 2274 2256 1136 2256 3650 3054 4868 219 364 4979 4107 4382 431 3421 1644 4724 696 1855 2700 893 3013 1969 3304 888 376 4284 1640 2440 3043 2151 831 1767 3021 2934 2971 4233 346 2974 1227 4190 3350 200 3518 3442 3226 886 3347 1255 398 1495 3343 23 205 4563 4690 2058
694 1338 2764 2038 2347 3499 4491 2053 4442 1725 3994 4004 1284 3608 4635 4982 1675 1222 3452 1469 3690 1822 3330 3454 676 4969 4796 3955 3659 1330 422 2298 813 3294 950 1243 4623 1255 4853 1583 2307 3906 4610 1903 616 2375 3705 3494 1054 2589 4645 3937 3158 3394 760 641 3976 1349 720 4153 4078 1278 1493 2175 3755 389 157 376 1831 3688 2260 2471 493 4684 2618 2263 764 3479 362 2798 2771 2444 1115 4652 1575 4276 2202 4120 4299 3512 3384 631 4770 4942 1846 665 798 3732 4346 430
1599 4215 3605 2471 387 515 3895 3049 2433 1279 4815 912 4158 93 4646 2702 4468 3398 3420 1285 4346 525 1905 380 4887 1619 2070 48 3402 2817 4682 4605 1756 1411 4665 3612 1943 491 1145 972 1198 3767 4584 755 1015 4834 301 2503 426 46 1221 4873 88 3739 688 1106 583 4785 1806 744 2237 1176 4406 1168 2759 3181 4382 4284 3688 32 2342 3882 2527 4796 1228 1194 2546 4808 2089 3713 1902 3099 4607 2994 4124 518 765 469 4733 4997 877 448 1296 2935 310 122 698 1028 444 2709
936 727 4870 2353 3477 2505 989 3767 4900 3294 4819 2229 4966 4213 3359 1031 1496 1517 2931 3371 2894 2442 2190 1921 421 846 1685 1923 2735 2358 336 4123 2073 230 2931 3947 3592 894 4820 4185 1745 4840 2302 241 298 32 2298 1205 3842 149 4667 2041 1356 1066 3385 235 1275 2664 975 4421 2328 4182 414 2326 1639 2617 1806 1640 2260 2342 2958 1538 581 1162 1037 459 2069 828 1933 3073 2138 2726 3289 2142 3512 4625 4011 3552 3245 72 4526 4915 3379 1414 1187 2800 2885 1847 357 1765
97 2780 1939 2605 4416 4166 524 418 3237 859 4791 3730 2240 1246 2042 2121 2382 3661 667 1535 4367 4449 4945 3219 819 3823 4011 1258 209 4423 1766 1868 1069 913 3097 1207 2683 3315 1193 4540 663 1920 1392 3293 2785 1488 3356 2119 2455 184 50 1056 2661 2577 3147 1784 1262 4185 68 3957 2407 4339 730 4962 4141 450 2867 2440 2471 3882 1538 190 3191 733 3951 1545 2710 4928 1961 408 4337 4050 60 1652 4469 4023 1064 3162 2700 1907 4495 3565 39 3303 1046 350 4446 4605 2587 1478
3957 4809 3576 641 1634 3053 1367 2872 4038 859 174 3536 4634 939 90 2255 3015 3666 840 606 2221 4719 1421 2065 4141 881 4531 4161 516 621 278 2160 3049 4993 797 1270 4291 3221 1407 4468 4700 2236 1931 4199 4994 461 1297 1866 3869 969 1475 3221 2596 34 3924 2788 4713 2878 2388 2599 1204 2926 3860 425 3683 4648 4261 3043 493 2527 581 3191 4074 2798 3286 4602 4595 4024 3231 2991 1257 1621 1001 976 1762 597 4490 1230 2801 3460 645 1702 2255 3573 3545 2767 3315 4472 4495 3439
2856 72 2082 4902 16 1431 3353 3365 3429 70 2486 2352 4285 4133 3653 1235 1670 12 3078 2668 1451 878 4410 822 474 301 1865 3751 377 3599 1261 4482 3346 3807 3460 4010 579 3841 1423 1643 1861 3474 788 947 4825 3690 2302 2168 1285 3242 3786 334 3542 2849 1748 4436 1999 4599 1068 1246 1366 1767 2413 2421 528 4347 3961 2151 4684 4796 1162 733 2798 110 2058 2493 3405 1977 965 1408 406 1227 665 2965 3294 895 4783 3662 1102 1178 4615 1107 3540 230 3337 2500 3961 252 408 585
4621 2512 3326 4807 3571 1210 104 772 4067 2288 473 1055 2849 2960 341 2754 4139 301 2772 3397 1720 1873 4010 1936 4735 4769 2349 1423 1986 365 3257 2889 3693 4384 2268 1137 3451 1359 4969 1848 2675 2908 4610 2651 368 1685 421 401 487 3924 3339 4238 4073 1013 2351 3189 2534 3193 2757 1401 3715 2868 2535 576 541 1475 1068 831 2618 1228 1037 3951 3286 2058 1805 4545 2973 4478 3039 3582 2616 3559 4209 4791 518 3841 31 3562 3031 3689 4755 2131 4021 94 2608 412 3479 257 3582 997
1863 4020 1498 1092 1664 602 3988 3133 144 3622 4463 1565 1465 3590 4587 2711 3004 441 998 1315 2956 1196 3238 809 1726 921 4043 2416 3509 573 2695 4559 4849 2583 2756 2141 602 2927 4225 2352 1502 2040 2420 728 2002 3971 1626 3589 1077 3593 2074 2633 4780 69 3155 2136 3719 2718 2097 1732 781 2214 3279 182 4391 2089 706 1767 2263 1194 459 1545 4602 2493 4545 465 1625 4247 861 2603 2125 4683 2411 3201 4961 1109 2308 3289 4999 2427 3876 3177 954 2836 1863 4741 4841 237 2994 3533
2936 3773 4712 511 521 1171 3102 3870 2329 1262 1139 2109 1563 3450 3811 3452 1395 2661 2537 3958 1620 2156 559 3846 3162 1472 196 4753 2908 1573 1376 264 3429 1624 356 3713 1275 1004 2478 261 847 563 3878 4235 328 2272 1426 4034 2232 185 973 2550 2290 1235 4193 3097 2904 4586 257 390 3935 4325 1905 3307 4080 3347 588 3021 764 2546 2069 2710 4595 3405 2973 1625 3168 3920 2461 618 1248 272 3041 258 2849 1556 3758 2869 3847 4140 91 2040 1163 256 2439 1924 4245 1574 3943 3269
4419 870 1141 98 1211 1063 3806 2449 904 2907 3610 2288 1230 2636 1172 4055 3160 4284 2926 976 3711 1436 1073 3616 2855 4175 1891 2125 1291 2455 4637 380 481 2410 617 87 1137 145 3348 424 980 3551 2332 3815 1386 2253 1925 4870 1991 1698 2679 3553 2719 563 1218 1919 3942 4887 4842 4221 2261 2977 3961 4742 432 2039 49 2934 3479 4808 828 4928 4024 1977 4478 4247 3920 438 1821 4725 1416 3650 1972 1291 855 1870 117 1202 4091 3463 1361 4857 543 348 715 3311 2371 399 882 1860
1878 3492 2554 4984 1900 2724 4558 389 2866 466 1915 1574 2479 3827 264 91 2284 3300 1040 4678 3008 2744 3711 3810 3468 3731 2942 2050 1666 2494 2212 1654 4068 4396 2673 4838 82 339 1060 1215 355 1989 345 4562 2736 4633 1955 763 4562 3176 3497 4683 4384 1275 4231 2091 3395 635 243 173 3174 2097 4174 3437 1615 1916 3428 2971 362 2089 1933 1961 3231 965 3039 861 2461 1821 586 481 4219 4267 2975 3734 3684 683 493 1002 1135 1532 1129 678 2921 4973 3029 2400 905 3719 4318 2270
3795 3750 3083 1626 615 1763 1279 4144 1530 2602 1597 972 259 4803 1720 2336 2464 4624 2198 1066 3385 1148 1600 1350 4748 2153 3032 3558 1203 4330 558 2037 202 2401 4744 662 703 2969 3571 4443 2133 1297 936 1575 3004 3400 3226 4129 1274 3729 4435 1429 844 3484 1388 3557 1479 1087 4511 4293 2082 1477 3134 160 241 542 2752 4233 2798 3713 3073 408 2991 1408 3582 2603 618 4725 481 4446 3010 2169 550 4110 433 2074 4884 2573 979 25 4278 3504 1164 1457 4391 2844 1816 3083 778 3517
453 4168 4366 4541 4004 476 2560 3663 363 51 3030 293 2907 2974 2984 525 125 4532 3824 3004 1541 3460 3243 256 300 1153 4845 2689 1080 2641 2228 1464 566 1777 306 1756 2260 4296 1801 340 2861 3469 2811 3406 3125 363 2805 799 3792 1889 4813 512 2858 3586 4582 79 4943 1123 523 3063 3854 2314 1543 3986 1605 3369 4454 346 2771 1902 2138 4337 1257 406 2616 2125 1248 1416 4219 3010 526 439 3435 1712 4396 4676 896 1142 4733 4510 246 545 3193 722 3423 403 162 684 1744 339
1260 4450 3162 3693 3467 653 2491 3518 322 2766 4269 237 1912 1680 2078 965 2579 2917 4379 423 2494 4784 1488 4935 2492 32 2578 3457 164 2770 3034 653 1546 2686 3247 3666 3175 2771 4704 1120 3487 2679 2952 2656 2319 3031 4196 2895 1275 1815 4389 2850 4867 2912 3043 312 51 3125 366 3023 2743 319 2844 256 1298 2480 1227 2974 2444 3099 2726 4050 1621 1227 3559 4683 272 3650 4267 2169 439 4755 4159 2753 2339 3037 426 727 239 896 656 409 554 1490 2248 1239 2867 2532 1107 1952
