N: 100
M: 20
Symmetric: true
Triangle: false
3 51 37 42
9 4 87 1 48 69 36 97 86 16
4 52 95 34 79
5 88 92 75 84 18
6 21 90 5 68 89 49
8 57 74 13 31 61 43 38 70
4 85 91 67 96
5 72 71 46 100 24
5 55 58 54 53 98
5 35 63 78 26 32
2 8 81
5 11 7 29 40 20
10 76 10 44 19 39 6 73 82 93 30
3 22 25 45
4 77 60 41 17
5 27 99 50 12 2
4 94 15 83 62
7 64 9 80 14 59 33 3
5 66 23 65 56 28
1 47
3386 397 4439 4212 4758 109 81 2652 3664 2066 4252 3182 870 913 1875 1933 466 2162 2159 1097 3592 140 1514 1188 245 3788 1829 3059 4089 944 4836 1028 3978 4090 672 205 3687 110 2144 4497 4263 969 3855 1766 891 1027 479 2167 4697 4170 1285 671 3724 3114 631 1065 2395 4997 3143 961 2301 3874 1139 2186 3521 689 4021 31 1941 1604 956 4407 2348 4635 2729 428 4233 3071 861 4335 3726 4443 4844 2440 1746 3381 2584 1950 2179 2955 459 128 320 1577 4785 4497 1574 4819 4721 1821
397 708 827 3557 4573 4778 990 1262 4617 1271 2484 4499 2763 1333 2033 2446 4884 2076 521 2260 4159 2167 2011 1682 3829 381 762 4423 2430 2907 1460 3399 1016 4708 1490 3384 642 3497 433 4132 164 4425 1532 4492 786 3362 377 4312 428 1727 3575 805 2138 2739 4316 2069 256 1493 1235 4489 885 4084 1555 4556 3501 1126 696 1931 2265 3920 3058 4745 2673 4297 1368 4516 3398 3840 3893 601 2357 3021 1353 426 4124 3198 781 1391 2452 4801 4549 3008 1430 680 139 1784 838 167 2566 2843
4439 827 4296 2859 1584 561 3440 62 159 2506 1421 1744 3669 2071 3405 2283 3169 3472 4272 2582 4946 4916 867 4655 729 1272 3542 1366 3721 1987 2844 79 4046 4257 4056 1802 1211 3840 2379 4437 2506 3337 2505 1488 19 2237 2123 2249 1741 3011 3308 650 4323 151 996 4928 742 2798 1905 1828 4925 3858 2343 2115 4139 379 3208 4162 4303 1261 1865 308 4648 4401 1385 4991 409 4183 3146 3112 2915 2453 4679 75 3918 2589 2996 4362 332 1090 3502 4389 3323 2083 3488 4771 1082 4013 367 1462
4212 3557 2859 4082 1324 2521 1522 190 588 630 2535 4543 3179 1270 193 608 4146 3621 1225 1828 4689 2341 3902 1452 3868 1865 4686 1569 1393 2926 3736 613 2221 3800 1500 2152 789 3891 2032 4341 590 1223 4960 697 3833 1526 3286 15 2170 1265 1231 4256 3541 4931 4779 2838 3094 351 1048 3491 3863 3643 662 3010 4428 1749 1407 4465 4527 3966 2336 1664 1048 4168 4170 1783 1902 1018 4610 3844 4332 833 2510 663 3882 2421 1922 1966 4332 355 4795 3731 3255 1909 1497 1315 1810 185 3456 4588
4758 4573 1584 1324 2523 2887 4973 628 1271 3300 803 3059 2862 3493 1983 760 171 282 264 813 901 2233 3985 1678 861 459 3217 4939 1166 3131 4640 3755 3310 1357 1055 4945 3879 4009 1159 1995 4621 4737 1837 2901 844 4627 1391 1035 3083 702 4971 1560 3562 837 3836 3705 216 3447 4582 4657 4875 3507 934 2583 1801 2466 667 2822 2785 3368 1498 1017 874 4459 624 285 2502 4888 3099 3986 2955 1583 3238 2907 1502 3967 4894 4957 1383 2953 3786 1386 2115 364 3715 3802 2201 2485 1804 890
109 4778 561 2521 2887 2646 838 4232 3097 3006 805 1877 2247 1192 2194 3667 2042 4438 3883 2736 1135 609 1825 1377 2845 938 1134 3743 411 3903 4195 725 661 2336 4635 1287 3698 3240 270 1183 1595 3182 2826 4765 1269 1362 2136 4849 1583 2965 1107 3917 776 1745 4022 4047 4569 323 1917 1567 4991 4291 2840 1673 2502 4712 1302 4117 1086 3455 3150 725 3579 3951 432 768 337 3727 2561 4326 4635 395 3446 121 2549 1271 3997 870 2694 2146 3605 347 4398 4365 3693 1649 4457 4259 357 3560
81 990 3440 1522 4973 838 3843 1120 2075 2962 4590 1526 2648 2650 4051 4114 2874 4832 2961 2152 4825 1966 3170 3149 4633 518 3131 4347 4344 2165 1134 2492 2412 113 3659 2228 522 4813 4270 3458 1695 249 2823 124 701 2668 3971 4720 4429 4390 1096 3413 3866 2547 2484 3755 4538 937 4028 4963 2334 4342 2837 4380 1536 2526 3571 2640 210 2357 289 2645 4428 1968 4228 1851 1012 1284 1618 2077 1044 576 1677 1628 55 102 927 1196 51 2931 706 225 1045 3116 107 1880 3461 4037 4512 2587
2652 1262 62 190 628 4232 1120 3185 984 4876 3444 686 4392 1158 836 3604 4279 657 2767 1250 3930 3111 3188 4631 4164 4198 3021 2723 3909 1247 3476 233 1690 2425 3348 4019 2249 4992 1892 153 547 4222 1472 956 1641 2039 3948 2534 3712 4962 410 967 4545 743 2848 1238 364 1231 369 3305 4912 711 601 166 2294 4026 3825 3366 3348 1221 3794 4738 990 854 885 1630 437 4112 4734 3772 3198 3414 3634 2894 4827 1939 2421 1845 3593 1240 627 3433 4151 2935 2005 2158 1275 1086 2729 4871
3664 4617 159 588 1271 3097 2075 984 1360 2300 2792 1004 3318 2003 3828 2577 98 1286 4684 2879 1196 2041 666 1716 3833 3924 1936 1467 2580 3821 1225 1559 1170 3402 2208 1946 3217 3720 2237 1396 4926 3869 2092 1191 2411 2143 4514 228 1602 4423 1976 4674 1986 3058 1237 4453 1368 1481 4264 4974 4023 2642 1719 1742 2906 3912 2945 3875 2194 4702 114 2423 2536 509 2105 3359 1413 1677 4134 3429 1688 3172 970 2063 945 3456 696 1853 3929 3225 1695 1696 466 4073 2177 2809 4983 1221 778 1311
2066 1271 2506 630 3300 3006 2962 4876 2300 3300 2099 2974 2527 3435 2087 3194 2460 1250 3045 711 1754 1156 4265 122 3752 506 291 143 4375 2582 2432 2500 2102 1452 3687 2705 2155 3639 1111 2355 83 100 2767 211 4717 1355 3071 333 2180 4364 814 460 4158 4793 70 4722 1524 3829 4873 2121 4781 2304 294 613 1309 1581 3118 1644 3940 4566 2258 2546 382 3089 4282 42 4477 187 3595 3318 3417 2371 1003 2554 1395 1344 4364 1955 3714 4646 3243 2069 4700 2767 2331 1746 730 3883 4107 1305
4252 2484 1421 2535 803 805 4590 3444 2792 2099 2052 2082 3162 1546 127 3885 4696 4125 1059 2447 1583 2047 1637 4715 1138 2886 393 4831 755 2497 2983 2240 3523 3968 1512 4492 4140 2970 313 4820 1992 211 2448 2405 4430 2857 2280 3079 4038 3705 4222 2648 1514 4794 3421 2336 2384 4671 4082 4517 2360 4296 2194 1819 1962 3014 1456 2866 4235 4407 2982 3286 3791 2363 3755 117 2676 153 210 4122 3598 4570 4284 3790 3861 1454 4490 1103 2497 81 1744 63 2295 172 975 2101 2510 1415 544 4879
3182 4499 1744 4543 3059 1877 1526 686 1004 2974 2082 4517 2842 3010 2330 3983 4759 3418 1421 4462 1975 4413 2109 4744 681 1335 3648 4485 2968 741 3925 1556 2689 4150 2257 4332 4504 441 1906 4377 1912 3908 4519 702 2347 403 2689 2795 3661 4018 1716 481 1595 610 4312 1420 1112 2122 1128 1408 2442 595 563 743 603 3837 3435 2496 292 53 1420 4587 2526 3687 1311 3001 408 2064 2202 4590 2707 1001 3941 1713 1016 3718 3685 4329 2727 2600 3378 361 166 4014 109 4635 4467 4415 447 4414
870 2763 3669 3179 2862 2247 2648 4392 3318 2527 3162 2842 1786 1424 3419 749 2899 4688 4785 4551 2010 1442 3979 1921 3857 4977 3712 508 296 3794 3880 4980 3137 1219 2374 2027 1115 1529 365 1960 3515 2066 4754 1645 3054 1225 3890 400 3171 80 2759 1366 3421 3499 2026 4103 3346 3784 342 4324 836 3131 905 4488 1375 2911 797 602 3747 3113 1353 1464 739 4375 2414 3221 1710 4129 229 3132 2552 3858 3531 1258 4273 310 2940 1023 2429 19 4128 4368 3067 1772 1551 3920 1488 3761 1091 3076
913 1333 2071 1270 3493 1192 2650 1158 2003 3435 1546 3010 1424 2750 3232 2291 992 4496 2115 613 4426 653 4450 3954 1621 2151 4935 2063 3402 4197 2741 1261 3416 3077 1024 1533 2684 1474 1195 1653 2432 1371 125 4635 652 3682 2649 490 1324 1364 2336 616 2676 527 1660 3560 174 944 1765 874 2123 3237 2650 2481 2873 4898 4314 1797 2370 2066 4024 884 910 576 2816 3672 4817 4828 1467 593 2612 856 725 3222 271 872 2395 4645 3196 4339 3487 876 3590 4085 2936 3659 1080 1784 605 4181
1875 2033 3405 193 1983 2194 4051 836 3828 2087 127 2330 3419 3232 1821 3316 3523 3201 3349 111 2993 4399 2149 3844 3795 4605 3470 4286 2020 4251 4888 166 3435 4876 311 1597 2015 538 2323 3573 4482 349 1827 2957 4838 2238 3543 4667 702 3825 2983 305 575 1490 2996 1190 599 960 1521 653 3204 548 1481 2540 4494 2313 1978 4645 4919 2102 4733 4804 2090 4940 1299 350 447 891 886 291 1277 2696 4053 3781 576 4662 4343 67 2622 1654 847 856 3695 4579 3567 2060 4050 1458 3935 597
1933 2446 2283 608 760 3667 4114 3604 2577 3194 3885 3983 749 2291 3316 720 3720 2038 4328 4787 4988 3307 4269 3867 1066 1299 441 3593 3201 603 4525 1043 1410 4111 1321 4186 416 3988 2562 1180 3758 3996 2893 473 4800 652 511 2566 2028 2803 814 2471 4689 4978 4943 2223 2747 1266 1031 830 3463 673 620 1518 1093 688 47 111 461 927 4699 1546 999 4824 3162 2260 3190 577 2737 1297 2169 2199 218 1992 108 731 1649 1862 484 1031 2714 4494 2473 4037 379 3255 1028 2731 3450 4995
466 4884 3169 4146 171 2042 2874 4279 98 2460 4696 4759 2899 992 3523 3720 4608 4216 495 3739 3086 2334 463 4390 226 2005 4685 168 232 4433 4771 4227 4356 1831 1851 410 1079 1855 1461 3475 946 482 3982 3314 2915 894 3434 976 2125 4607 1295 1463 2401 4239 1879 4850 1377 1868 3739 2579 2293 2313 3868 3853 1887 3489 1863 4932 116 4475 3027 1156 4037 1441 1365 2115 650 598 1145 2119 2974 4267 158 682 3543 3684 29 4948 4718 4321 4927 2496 1640 513 2138 4934 2673 1434 1489 698
2162 2076 3472 3621 282 4438 4832 657 1286 1250 4125 3418 4688 4496 3201 2038 4216 2778 1451 352 4489 1174 2319 3548 1604 93 3170 3333 2950 3880 776 834 1164 2327 1687 2353 791 2277 3775 3523 1925 3537 926 1927 4507 1199 3346 4137 4521 1217 1469 3290 2879 3453 2231 3780 4495 1265 4704 1626 979 3779 55 772 2000 1078 1985 2816 353 616 1139 4197 2505 1712 2153 1721 2494 4965 351 2278 4664 211 2360 912 1168 1432 151 4329 2738 1587 237 4208 786 2977 3267 3533 2229 3746 4053 3893
2159 521 4272 1225 264 3883 2961 2767 4684 3045 1059 1421 4785 2115 3349 4328 495 1451 1987 4441 2868 1256 4213 3498 1038 4937 3137 10 1879 649 3214 440 2912 3603 695 871 4840 3017 2977 3303 3846 1760 4312 150 4863 2388 422 2017 309 1313 2864 2101 263 3843 1843 3712 365 4202 4589 819 875 2886 3259 4385 3790 2719 3049 1979 554 4258 3385 2357 3458 2396 1526 1865 2927 1676 322 4473 2721 4201 2900 3170 1282 533 4214 812 2636 4927 4667 4283 4824 3974 3327 282 1166 1566 4313 826
1097 2260 2582 1828 813 2736 2152 1250 2879 711 2447 4462 4551 613 111 4787 3739 352 4441 4366 969 2504 2117 2024 2814 622 4988 2657 1817 1729 1602 66 4891 704 4994 1307 130 968 607 3255 1333 4581 1638 2159 2062 2440 2157 807 3748 4460 3291 2076 2599 2026 28 1843 4069 4125 81 804 2645 266 3804 4107 593 1806 783 2618 3026 1319 903 4712 1474 4859 3153 360 2987 4368 3942 379 4102 2384 3213 2670 4333 3098 4344 1060 4896 4208 1241 672 4868 3623 1444 2351 1871 3439 1047 1093
3592 4159 4946 4689 901 1135 4825 3930 1196 1754 1583 1975 2010 4426 2993 4988 3086 4489 2868 969 4127 2570 1983 2006 1612 3937 2595 997 3246 4258 2806 3102 783 1966 1593 2404 2512 1123 160 3747 4540 3024 1691 2300 1580 2437 3611 1076 1939 3309 452 1327 3093 2964 2346 95 1769 4147 2681 1352 4310 3396 4334 3626 3527 1241 321 3854 371 3143 417 3277 2528 952 269 1399 3066 3339 3769 2094 4466 4250 2914 2903 615 2241 1548 3232 1327 3077 4998 268 1447 118 4453 3421 3973 4535 1939 2863
140 2167 4916 2341 2233 609 1966 3111 2041 1156 2047 4413 1442 653 4399 3307 2334 1174 1256 2504 2570 124 3507 3113 1224 2246 648 4150 1079 3883 2345 4471 868 1879 1417 811 2477 2461 1947 542 2004 4563 2979 2438 2667 3883 4071 4111 3988 4890 1737 466 3559 3167 3825 3729 484 4702 4389 274 1515 4058 2547 4954 1499 95 3215 63 1216 4763 3838 1759 1207 504 1835 4742 3453 3994 2512 3516 4154 3230 4494 4798 475 2949 3814 4998 3840 1574 447 125 4754 2891 2614 1204 1557 1235 480 1175
1514 2011 867 3902 3985 1825 3170 3188 666 4265 1637 2109 3979 4450 2149 4269 463 2319 4213 2117 1983 3507 4925 4073 4491 4044 2311 2973 142 759 1663 503 4402 3526 1617 1426 4836 2603 2738 2592 4472 2196 196 549 3542 2074 310 3031 1427 504 1868 3817 4367 1223 743 4171 4133 1999 754 2876 104 984 1868 3473 3516 2179 4516 3221 2592 1112 3089 3146 4993 1677 4570 2234 3592 1599 2680 4338 1284 2674 1267 4325 4324 854 1119 107 161 455 2351 1628 3733 2275 1676 947 371 4571 256 2025
1188 1682 4655 1452 1678 1377 3149 4631 1716 122 4715 4744 1921 3954 3844 3867 4390 3548 3498 2024 2006 3113 4073 4269 150 508 3703 4208 2114 4486 1394 4083 4285 815 851 3135 1830 220 69 1976 1250 4551 1271 1597 715 4207 1204 2267 3739 2495 3766 3989 4646 2496 831 1245 69 464 3763 4084 4070 2657 4752 2183 1728 4503 4032 4924 2063 4547 1464 35 2037 839 4345 3414 1546 2578 4899 1697 2699 340 519 2474 3418 2933 1292 2534 2572 1246 2200 645 1820 3376 649 1164 1423 609 2196 27
245 3829 729 3868 861 2845 4633 4164 3833 3752 1138 681 3857 1621 3795 1066 226 1604 1038 2814 1612 1224 4491 150 442 2595 133 769 504 1158 2756 119 1116 3821 2739 202 1726 14 3436 1614 2180 4886 2796 1998 4670 4535 4730 970 4491 1271 1627 513 1877 3387 4313 1430 3125 2142 1708 3344 474 1787 4680 2979 2299 3467 3136 1045 4909 764 3795 2190 3274 1922 1332 1480 2448 3431 3148 3878 4657 4844 2763 2556 1277 1533 4727 2721 4129 2992 3297 2485 4211 4256 3001 2122 329 3420 2495 4194
3788 381 1272 1865 459 938 518 4198 3924 506 2886 1335 4977 2151 4605 1299 2005 93 4937 622 3937 2246 4044 508 2595 4948 1729 4193 502 4709 1734 2275 2503 2168 2593 1581 4331 2838 949 609 2694 2973 850 1725 1740 2827 1929 3741 2066 4665 3411 2199 2104 798 4468 3928 1794 1459 2226 1611 3700 599 3175 4111 1610 994 2948 2042 4048 4957 2663 1241 1235 883 3872 3825 2113 1364 311 3750 1380 4798 4632 3512 3421 4516 3012 4104 1014 1028 3457 4946 560 2139 299 3127 2630 827 621 62
1829 762 3542 4686 3217 1134 3131 3021 1936 291 393 3648 3712 4935 3470 441 4685 3170 3137 4988 2595 648 2311 3703 133 1729 4673 4008 4061 3924 4632 1900 4618 4155 230 4224 3836 4877 2471 4987 1135 3185 2866 2700 2557 164 4465 84 3980 2009 4029 640 563 1285 4508 2733 2573 2745 1075 2107 1851 2476 1149 2785 4532 4662 434 1321 2654 470 57 1033 332 746 1710 2665 3362 1902 3309 3280 2322 2208 417 537 894 3920 1409 2872 607 3464 3629 3310 2932 174 1364 1212 4815 2137 820 3384
3059 4423 1366 1569 4939 3743 4347 2723 1467 143 4831 4485 508 2063 4286 3593 168 3333 10 2657 997 4150 2973 4208 769 4193 4008 755 1695 3484 3012 4828 1720 1420 1501 3355 1133 1198 2045 1421 64 4970 4188 3631 2350 445 3158 76 613 1781 4987 4875 2961 2739 81 564 777 852 3875 551 2958 3212 3087 2742 421 233 3838 3109 2799 2919 4395 4222 480 3266 4162 17 2864 3185 3987 943 1230 2821 4273 4152 3937 1924 2877 17 4032 565 2438 4704 3129 283 253 694 2549 1323 1041 1788
4089 2430 3721 1393 1166 411 4344 3909 2580 4375 755 2968 296 3402 2020 3201 232 2950 1879 1817 3246 1079 142 2114 504 502 4061 1695 4709 4644 753 2511 2166 2551 4110 739 3012 1642 2548 1737 3094 3645 1219 2196 3684 3595 3163 2320 3765 4010 314 447 3561 4366 3619 971 4535 3140 2736 480 4838 695 2899 1226 3491 601 2624 3052 2553 484 2258 1319 2972 4719 620 946 3840 204 937 3240 4845 4703 2215 4700 611 3212 1489 4228 909 3183 1281 2185 3293 4912 1828 1842 3146 1158 4204 3079
944 2907 1987 2926 3131 3903 2165 1247 3821 2582 2497 741 3794 4197 4251 603 4433 3880 649 1729 4258 3883 759 4486 1158 4709 3924 3484 4644 4193 2578 4082 3132 3347 3995 4795 3280 1245 4090 973 4919 4343 4201 2988 2007 4173 3163 1174 1741 496 1552 4539 3426 3747 1913 2189 2490 3190 4799 3747 3851 2242 3126 622 3629 4324 1785 474 4636 4170 4589 1130 560 1645 148 4325 4592 2201 3451 797 747 3423 4447 494 849 1164 2096 2032 3385 1897 4739 2665 2307 1626 1464 998 641 954 3307 4543
4836 1460 2844 3736 4640 4195 1134 3476 1225 2432 2983 3925 3880 2741 4888 4525 4771 776 3214 1602 2806 2345 1663 1394 2756 1734 4632 3012 753 2578 4994 152 4138 1918 1194 41 257 3773 1147 4207 3455 552 1562 193 677 3493 4409 2597 1247 2538 2776 166 163 676 4679 4527 3554 4310 2524 931 3369 2983 3738 2044 3050 524 2813 3397 1376 4097 1042 1752 1170 889 1873 4399 1905 3647 3714 78 219 1219 87 1534 3064 2772 472 4591 2267 1660 2882 3721 1820 4300 2467 575 4295 4114 1551 4917
1028 3399 79 613 3755 725 2492 233 1559 2500 2240 1556 4980 1261 166 1043 4227 834 440 66 3102 4471 503 4083 119 2275 1900 4828 2511 4082 152 504 4529 2127 4294 3354 4244 3964 645 3967 1388 1125 2940 4517 1765 3610 1114 2503 3579 4086 4753 364 71 1624 4334 3039 129 3671 3197 484 3593 3248 2225 182 2101 3563 4671 4235 1735 3698 2123 3005 1887 4197 4031 3591 2140 168 465 4339 2621 542 311 507 4373 1648 765 632 1614 1580 4049 80 4618 4032 3646 2628 954 3879 3093 1954
3978 1016 4046 2221 3310 661 2412 1690 1170 2102 3523 2689 3137 3416 3435 1410 4356 1164 2912 4891 783 868 4402 4285 1116 2503 4618 1720 2166 3132 4138 4529 2341 34 1574 2328 1898 2957 1037 4554 1007 4425 772 4821 2118 4988 2716 2886 1586 812 664 3511 171 133 2598 4991 2184 4844 3953 2500 2271 1373 1785 562 4386 3509 1245 232 3113 2128 287 369 3067 808 3814 1549 619 4515 714 2217 1785 4470 759 4299 2198 2082 4605 30 4946 1825 1127 3656 1379 4320 2858 1408 2089 4171 626 1321
4090 4708 4257 3800 1357 2336 113 2425 3402 1452 3968 4150 1219 3077 4876 4111 1831 2327 3603 704 1966 1879 3526 815 3821 2168 4155 1420 2551 3347 1918 2127 34 1703 3558 4752 2575 2998 4152 803 3862 364 1500 4637 3165 4466 47 736 4141 1616 696 758 1829 301 2143 1762 297 2825 1187 4614 1072 44 2596 1494 3831 3410 4090 1442 4009 805 2378 263 4802 3607 2306 1675 3725 1508 2490 2075 1338 2020 2280 1131 3992 2560 1467 97 3983 2332 2153 2475 2167 3348 2002 4678 66 3258 4342 1019
672 1490 4056 1500 1055 4635 3659 3348 2208 3687 1512 2257 2374 1024 311 1321 1851 1687 695 4994 1593 1417 1617 851 2739 2593 230 1501 4110 3995 1194 4294 1574 3558 1073 3190 710 4166 3137 1862 1776 2091 4006 3822 1911 738 1615 1157 1403 1115 1069 4343 2522 1188 1239 1340 491 614 2337 4294 1943 352 301 4116 4932 1456 2721 3227 517 700 1633 3801 174 1037 528 742 3303 1636 3806 2856 4628 3447 2559 907 1355 4497 2273 776 54 3074 3982 1276 3597 2459 2509 1175 1089 2137 4213 2280
205 3384 1802 2152 4945 1287 2228 4019 1946 2705 4492 4332 2027 1533 1597 4186 410 2353 871 1307 2404 811 1426 3135 202 1581 4224 3355 739 4795 41 3354 2328 4752 3190 1640 1714 1177 1769 1090 1663 1256 4980 20 4368 4498 236 38 1294 2635 2501 3482 2175 4355 3684 894 221 2597 4376 4707 4402 2572 825 1232 3468 370 4819 729 4645 917 42 1261 4842 1853 4161 2313 4429 4149 229 472 124 1381 1049 3824 1607 2376 83 2221 4615 4831 2917 4884 616 3199 2692 3698 1965 784 698 4756
3687 642 1211 789 3879 3698 522 2249 3217 2155 4140 4504 1115 2684 2015 416 1079 791 4840 130 2512 2477 4836 1830 1726 4331 3836 1133 3012 3280 257 4244 1898 2575 710 1714 4713 595 4245 4987 952 910 2974 3710 1251 3596 4264 3294 2029 2658 4209 1644 235 700 4321 4595 2004 2006 2297 2221 3505 2614 3013 2813 3634 116 308 1815 4574 1194 1450 4270 4368 2331 1211 1885 4745 3160 407 2322 2737 3648 1831 4969 377 3976 4499 2048 1946 376 3680 1576 2588 70 4786 528 233 310 982 2661
110 3497 3840 3891 4009 3240 4813 4992 3720 3639 2970 441 1529 1474 538 3988 1855 2277 3017 968 1123 2461 2603 220 14 2838 4877 1198 1642 1245 3773 3964 2957 2998 4166 1177 595 4206 2971 1487 413 3608 503 4857 603 1630 3804 1081 3447 1201 1329 2150 1307 3192 1426 3394 4860 1335 2851 3199 153 1777 3736 3081 3503 2375 1058 437 4293 218 1882 4689 321 1383 2040 918 3746 1357 845 4291 4881 1318 4570 4173 819 3101 4924 4511 251 3657 3761 2003 4470 2100 997 1667 2784 2641 4373 2530
2144 433 2379 2032 1159 270 4270 1892 2237 1111 313 1906 365 1195 2323 2562 1461 3775 2977 607 160 1947 2738 69 3436 949 2471 2045 2548 4090 1147 645 1037 4152 3137 1769 4245 2971 4389 4262 998 1043 3617 861 2798 3923 3599 4916 294 1644 2039 2922 2893 1866 3461 2184 2205 3634 1254 2919 873 2957 3738 3709 1354 4596 1171 3278 3239 3847 3586 2009 3528 3528 1837 2805 3972 2730 887 388 3463 4448 4956 2013 1506 3304 4963 4335 4617 2512 4543 4170 1788 1519 994 745 1740 3249 2998 1570
4497 4132 4437 4341 1995 1183 3458 153 1396 2355 4820 4377 1960 1653 3573 1180 3475 3523 3303 3255 3747 542 2592 1976 1614 609 4987 1421 1737 973 4207 3967 4554 803 1862 1090 4987 1487 4262 1184 3609 1391 1064 4796 4896 1562 2909 4246 187 3412 4141 2743 693 4139 1834 621 655 37 3325 3592 2912 2242 3079 1649 3013 755 4961 1029 3163 1105 706 3333 4697 4211 650 4974 1151 3189 1086 4870 18 2611 3681 2061 2690 737 2953 3614 3320 2005 4678 791 3880 248 2471 1368 2276 4282 1403 276
4263 164 2506 590 4621 1595 1695 547 4926 83 1992 1912 3515 2432 4482 3758 946 1925 3846 1333 4540 2004 4472 1250 2180 2694 1135 64 3094 4919 3455 1388 1007 3862 1776 1663 952 413 998 3609 4540 969 3728 1392 213 3060 2429 2664 2231 933 3699 1682 1343 4601 2522 3606 1286 1126 2381 414 1270 2243 2040 3223 1424 4687 3631 49 4555 1719 3777 913 1484 3090 3542 4229 3906 2029 2179 1314 400 3177 4395 4181 2121 2791 4262 1255 4633 1880 3448 2538 3255 4316 2496 3078 1741 315 878 1729
969 4425 3337 1223 4737 3182 249 4222 3869 100 211 3908 2066 1371 349 3996 482 3537 1760 4581 3024 4563 2196 4551 4886 2973 3185 4970 3645 4343 552 1125 4425 364 2091 1256 910 3608 1043 1391 969 936 4521 19 2514 330 818 1566 1692 1894 1823 2896 3519 3407 728 679 4145 3035 42 869 2169 4096 4285 704 2405 4793 4288 2016 159 384 1337 4442 3058 2092 3231 438 1714 349 889 4524 3241 3540 3148 2126 2473 3888 2126 3456 4634 1718 3681 308 1137 4532 1054 4167 1939 2210 1873 369
3855 1532 2505 4960 1837 2826 2823 1472 2092 2767 2448 4519 4754 125 1827 2893 3982 926 4312 1638 1691 2979 196 1271 2796 850 2866 4188 1219 4201 1562 2940 772 1500 4006 4980 2974 503 3617 1064 3728 4521 4216 12 893 338 3266 4482 4189 563 1285 970 4542 120 3117 3663 2907 3390 4432 4524 4513 4298 2545 3485 3694 3756 4620 366 193 4816 1443 1342 2568 4153 3879 4655 2795 1549 2822 2875 1562 4690 118 341 163 4721 4598 4023 4442 3426 4734 2398 2806 1260 3390 2255 2205 1695 3126 3494
1766 4492 1488 697 2901 4765 124 956 1191 211 2405 702 1645 4635 2957 473 3314 1927 150 2159 2300 2438 549 1597 1998 1725 2700 3631 2196 2988 193 4517 4821 4637 3822 20 3710 4857 861 4796 1392 19 12 1527 3011 420 741 1877 4399 4490 2773 3570 871 56 2882 2300 371 241 1980 2609 3627 1097 504 3216 1007 4706 1819 263 1368 830 4388 4912 4796 4313 4548 2921 941 3186 4195 44 1240 1383 4829 2617 1102 1679 597 3217 3957 3573 1874 842 922 1750 362 4331 4151 2237 385 2803
891 786 19 3833 844 1269 701 1641 2411 4717 4430 2347 3054 652 4838 4800 2915 4507 4863 2062 1580 2667 3542 715 4670 1740 2557 2350 3684 2007 677 1765 2118 3165 1911 4368 1251 603 2798 4896 213 2514 893 3011 1303 1821 4855 50 4045 2944 1702 369 3297 4138 1351 1633 1208 3965 2958 3490 4044 2657 2587 1112 607 4814 1812 4299 2493 3873 398 2578 1390 913 973 4101 3923 3553 2855 4917 4528 266 2233 905 306 3297 2067 4288 2646 2316 2608 776 2373 4376 1334 3198 2208 1741 1797 2841
1027 3362 2237 1526 4627 1362 2668 2039 2143 1355 2857 403 1225 3682 2238 652 894 1199 2388 2440 2437 3883 2074 4207 4535 2827 164 445 3595 4173 3493 3610 4988 4466 738 4498 3596 1630 3923 1562 3060 330 338 420 1821 441 1488 2687 1266 4215 2675 1658 2230 1772 1888 4218 1915 4693 59 150 4676 4019 1341 334 4387 669 2213 2123 143 2559 2893 1708 1004 909 2158 156 1408 2205 2340 1745 4369 4247 1925 128 1527 1649 3323 345 3770 1518 1081 137 1375 698 4833 532 4818 4025 3682 685
479 377 2123 3286 1391 2136 3971 3948 4514 3071 2280 2689 3890 2649 3543 511 3434 3346 422 2157 3611 4071 310 1204 4730 1929 4465 3158 3163 3163 4409 1114 2716 47 1615 236 4264 3804 3599 2909 2429 818 3266 741 4855 1488 3474 4460 3966 856 4836 591 3872 4850 1363 2582 3682 3680 1506 880 2507 3491 4722 2625 499 686 652 4200 1615 29 4664 187 3712 77 1028 145 3223 189 3835 4459 4199 3647 3899 2405 294 795 3034 4696 1013 3566 3551 3614 2326 1560 4931 3456 497 2131 3145 253
2167 4312 2249 15 1035 4849 4720 2534 228 333 3079 2795 400 490 4667 2566 976 4137 2017 807 1076 4111 3031 2267 970 3741 84 76 2320 1174 2597 2503 2886 736 1157 38 3294 1081 4916 4246 2664 1566 4482 1877 50 2687 4460 1473 4889 4617 3054 3396 4023 3964 2806 4680 3170 1970 4855 2035 1409 2169 4087 4245 4945 2539 846 1150 3826 1118 851 3915 243 3921 1125 3312 508 2193 3876 3800 2834 1700 3824 666 3575 3773 3142 4685 2873 2672 249 4832 1935 3689 2621 2189 576 4799 2330 3425
4697 428 1741 2170 3083 1583 4429 3712 1602 2180 4038 3661 3171 1324 702 2028 2125 4521 309 3748 1939 3988 1427 3739 4491 2066 3980 613 3765 1741 1247 3579 1586 4141 1403 1294 2029 3447 294 187 2231 1692 4189 4399 4045 1266 3966 4889 3977 2662 986 2819 2463 4262 3937 4810 3588 329 3428 2569 2672 1766 1034 590 2658 1308 1295 1984 4279 4903 2347 475 507 4900 506 438 4627 3873 4732 1870 2831 1934 1893 2692 2991 4580 664 3389 608 228 3736 3682 568 850 1624 4645 4393 2617 1128 4587
4170 1727 3011 1265 702 2965 4390 4962 4423 4364 3705 4018 80 1364 3825 2803 4607 1217 1313 4460 3309 4890 504 2495 1271 4665 2009 1781 4010 496 2538 4086 812 1616 1115 2635 2658 1201 1644 3412 933 1894 563 4490 2944 4215 856 4617 2662 2958 863 1763 628 441 1967 2111 3313 2584 3426 3374 2979 4534 3798 134 1652 1135 648 4433 1080 404 4408 2784 3706 3295 2739 1782 71 2392 510 4050 4731 4896 2159 10 2903 78 1032 550 2409 239 3189 2944 3675 4859 2376 3252 3450 262 1261 2155
1285 3575 3308 1231 4971 1107 1096 410 1976 814 4222 1716 2759 2336 2983 814 1295 1469 2864 3291 452 1737 1868 3766 1627 3411 4029 4987 314 1552 2776 4753 664 696 1069 2501 4209 1329 2039 4141 3699 1823 1285 2773 1702 2675 4836 3054 986 863 3020 4381 4154 2111 958 2366 237 2224 236 1868 3741 4664 1980 377 4044 3620 3678 4932 3966 704 2255 1561 2977 2946 1403 335 3443 453 504 3239 3025 461 600 1546 3856 3777 947 841 3940 3600 2247 80 4719 87 168 4495 3720 558 411 2978
671 805 650 4256 1560 3917 3413 967 4674 460 2648 481 1366 616 305 2471 1463 3290 2101 2076 1327 466 3817 3989 513 2199 640 4875 447 4539 166 364 3511 758 4343 3482 1644 2150 2922 2743 1682 2896 970 3570 369 1658 591 3396 2819 1763 4381 3283 4503 2405 2507 2516 4515 2346 2759 1302 4937 2184 3389 4374 1172 406 1302 1027 3577 4630 4169 441 55 1280 1988 3612 2647 2973 571 2294 3133 4317 4769 666 1597 2390 1225 797 2875 2398 1513 2271 226 3481 3450 3823 1504 2095 4529 4184
3724 2138 4323 3541 3562 776 3866 4545 1986 4158 1514 1595 3421 2676 575 4689 2401 2879 263 2599 3093 3559 4367 4646 1877 2104 563 2961 3561 3426 163 71 171 1829 2522 2175 235 1307 2893 693 1343 3519 4542 871 3297 2230 3872 4023 2463 628 4154 4503 3269 3105 2837 4476 3641 3000 4101 34 756 1161 4197 1728 1692 4894 3294 3095 1680 3657 4942 3399 3690 2323 3456 991 4428 1718 3706 793 3569 3658 4803 895 2194 3172 4328 3415 4586 1190 2973 3114 3952 797 3974 4130 4868 3461 2646 2653
3114 2739 151 4931 837 1745 2547 743 3058 4793 4794 610 3499 527 1490 4978 4239 3453 3843 2026 2964 3167 1223 2496 3387 798 1285 2739 4366 3747 676 1624 133 301 1188 4355 700 3192 1866 4139 4601 3407 120 56 4138 1772 4850 3964 4262 441 2111 2405 3105 1965 2654 3559 2771 1292 3913 1209 4927 3275 1102 3417 1892 2751 2070 3988 3918 2475 3757 4139 2813 4042 3097 4977 4376 3560 1567 4995 267 2341 4981 4380 1200 4005 760 4474 572 4375 3364 3095 2557 2652 3286 2309 498 1503 151 3709
631 4316 996 4779 3836 4022 2484 2848 1237 70 3421 4312 2026 1660 2996 4943 1879 2231 1843 28 2346 3825 743 831 4313 4468 4508 81 3619 1913 4679 4334 2598 2143 1239 3684 4321 1426 3461 1834 2522 728 3117 2882 1351 1888 1363 2806 3937 1967 958 2507 2837 2654 3899 3094 1559 58 2167 3114 3437 2501 412 4129 3284 4917 908 1852 4262 3988 892 4471 2803 2496 3375 1709 2510 3649 208 382 157 4749 4767 860 3755 1857 1766 2377 2909 4219 4911 682 1957 1710 4172 2599 2538 972 4582 750
1065 2069 4928 2838 3705 4047 3755 1238 4453 4722 2336 1420 4103 3560 1190 2223 4850 3780 3712 1843 95 3729 4171 1245 1430 3928 2733 564 971 2189 4527 3039 4991 1762 1340 894 4595 3394 2184 621 3606 679 3663 2300 1633 4218 2582 4680 4810 2111 2366 2516 4476 3559 3094 1226 468 1788 2473 1022 4336 4941 3448 2001 3260 3773 2919 4784 4727 208 2014 1918 1374 3327 3406 4755 3746 2962 4260 521 1476 2101 642 3565 4226 300 1502 3859 1947 264 765 4066 29 241 4344 4363 4089 876 847 450
2395 256 742 3094 216 4569 4538 364 1368 1524 2384 1112 3346 174 599 2747 1377 4495 365 4069 1769 484 4133 69 3125 1794 2573 777 4535 2490 3554 129 2184 297 491 221 2004 4860 2205 655 1286 4145 2907 371 1208 1915 3682 3170 3588 3313 237 4515 3641 2771 1559 468 2142 2612 273 176 1940 2609 3349 2680 275 4781 1092 1725 164 4052 3127 3383 4629 725 4400 506 4213 2170 2302 1972 2647 4914 1244 3829 15 3917 2053 3957 247 4253 4529 1252 3826 4659 780 2384 3823 3505 2387 947
4997 1493 2798 351 3447 323 937 1231 1481 3829 4671 2122 3784 944 960 1266 1868 1265 4202 4125 4147 4702 1999 464 2142 1459 2745 852 3140 3190 4310 3671 4844 2825 614 2597 2006 1335 3634 37 1126 3035 3390 241 3965 4693 3680 1970 329 2584 2224 2346 3000 1292 58 1788 2612 487 3204 2486 4585 4802 696 1135 1563 4458 2001 2012 3754 1419 955 2277 1672 4524 4344 204 3501 1489 4372 4920 3843 2430 3420 4773 2170 808 960 2217 2162 1688 4463 3588 777 620 4413 1898 1435 1458 3026 2009
3143 1235 1905 1048 4582 1917 4028 369 4264 4873 4082 1128 342 1765 1521 1031 3739 4704 4589 81 2681 4389 754 3763 1708 2226 1075 3875 2736 4799 2524 3197 3953 1187 2337 4376 2297 2851 1254 3325 2381 42 4432 1980 2958 59 1506 4855 3428 3426 236 2759 4101 3913 2167 2473 273 3204 458 3747 2492 3299 993 640 3667 3908 4226 702 1987 4010 4147 591 3536 4599 1735 252 2520 46 2683 3445 435 2412 4589 1464 2851 4699 3818 142 4718 4957 3651 2097 1800 2498 2375 1501 4348 1525 31 3753
961 4489 1828 3491 4657 1567 4963 3305 4974 2121 4517 1408 4324 874 653 830 2579 1626 819 804 1352 274 2876 4084 3344 1611 2107 551 480 3747 931 484 2500 4614 4294 4707 2221 3199 2919 3592 414 869 4524 2609 3490 150 880 2035 2569 3374 1868 1302 34 1209 3114 1022 176 2486 3747 1991 4283 427 1746 2188 4490 1307 4815 1602 4657 2259 1962 1196 3242 3665 1833 2093 4582 1098 419 2249 42 711 4959 2063 610 4988 3663 4261 2714 4264 2981 3244 1537 3908 1397 4185 3968 3982 3673 1686
2301 885 4925 3863 4875 4991 2334 4912 4023 4781 2360 2442 836 2123 3204 3463 2293 979 875 2645 4310 1515 104 4070 474 3700 1851 2958 4838 3851 3369 3593 2271 1072 1943 4402 3505 153 873 2912 1270 2169 4513 3627 4044 4676 2507 1409 2672 2979 3741 4937 756 4927 3437 4336 1940 4585 2492 4283 464 613 4224 2354 986 2868 2909 2886 1309 2097 2018 2875 3497 2951 557 4502 2848 1373 1707 4581 2792 132 349 672 1442 2791 1532 3416 851 2409 4523 1165 1261 240 3194 4438 858 2496 114 2129
3874 4084 3858 3643 3507 4291 4342 711 2642 2304 4296 595 3131 3237 548 673 2313 3779 2886 266 3396 4058 984 2657 1787 599 2476 3212 695 2242 2983 3248 1373 44 352 2572 2614 1777 2957 2242 2243 4096 4298 1097 2657 4019 3491 2169 1766 4534 4664 2184 1161 3275 2501 4941 2609 4802 3299 427 613 1663 4429 2155 4511 157 324 3465 4899 3708 4026 1165 1249 3192 2975 707 3332 452 2576 2668 1636 4577 4678 3004 4155 2699 3662 859 4146 1019 536 4688 4792 288 3200 1118 4798 1411 384 2691
1139 1555 2343 662 934 2840 2837 601 1719 294 2194 563 905 2650 1481 620 3868 55 3259 3804 4334 2547 1868 4752 4680 3175 1149 3087 2899 3126 3738 2225 1785 2596 301 825 3013 3736 3738 3079 2040 4285 2545 504 2587 1341 4722 4087 1034 3798 1980 3389 4197 1102 412 3448 3349 696 993 1746 4224 4429 1147 563 3390 4854 264 1735 1156 581 1266 1973 1120 4030 1075 1903 3327 1674 184 3039 3077 3793 2318 4220 4796 1388 4216 65 3004 2543 818 2993 210 2000 4311 2803 4378 1717 21 2181
2186 4556 2115 3010 2583 1673 4380 166 1742 613 1819 743 4488 2481 2540 1518 3853 772 4385 4107 3626 4954 3473 2183 2979 4111 2785 2742 1226 622 2044 182 562 1494 4116 1232 2813 3081 3709 1649 3223 704 3485 3216 1112 334 2625 4245 590 134 377 4374 1728 3417 4129 2001 2680 1135 640 2188 2354 2155 563 806 4201 4500 623 3398 3717 2167 1531 4410 2495 1724 3550 3933 3237 27 297 328 79 1307 3212 1633 4026 122 1005 4946 3858 2266 163 827 2805 4233 3143 1915 1394 2653 3041 796
3521 3501 4139 4428 1801 2502 1536 2294 2906 1309 1962 603 1375 2873 4494 1093 1887 2000 3790 593 3527 1499 3516 1728 2299 1610 4532 421 3491 3629 3050 2101 4386 3831 4932 3468 3634 3503 1354 3013 1424 2405 3694 1007 607 4387 499 4945 2658 1652 4044 1172 1692 1892 3284 3260 275 1563 3667 4490 986 4511 3390 4201 4884 2704 3488 24 2985 1621 881 993 590 3778 1603 1523 3950 4399 1247 671 2310 3638 463 607 666 4001 3077 2059 300 3954 568 2003 3250 4618 4057 3897 4994 2169 1623 2923
689 1126 379 1749 2466 4712 2526 4026 3912 1581 3014 3837 2911 4898 2313 688 3489 1078 2719 1806 1241 95 2179 4503 3467 994 4662 233 601 4324 524 3563 3509 3410 1456 370 116 2375 4596 755 4687 4793 3756 4706 4814 669 686 2539 1308 1135 3620 406 4894 2751 4917 3773 4781 4458 3908 1307 2868 157 4854 4500 2704 3048 749 4858 1819 2069 4270 2638 2440 4132 1276 1246 501 4307 1437 4046 1698 1381 444 2806 2856 1274 3533 502 1577 4937 4397 297 2039 4313 4410 3602 3843 1686 2053 974
4021 696 3208 1407 667 1302 3571 3825 2945 3118 1456 3435 797 4314 1978 47 1863 1985 3049 783 321 3215 4516 4032 3136 2948 434 3838 2624 1785 2813 4671 1245 4090 2721 4819 308 1058 1171 4961 3631 4288 4620 1819 1812 2213 652 846 1295 648 3678 1302 3294 2070 908 2919 1092 2001 4226 4815 2909 324 264 623 3488 749 421 2091 2802 2195 1687 3669 3860 1878 2619 1768 2884 1200 3157 3171 2803 1743 2063 1786 2907 3206 3091 650 349 203 4668 2782 2864 1165 3591 1106 4201 608 1186 4656
31 1931 4162 4465 2822 4117 2640 3366 3875 1644 2866 2496 602 1797 4645 111 4932 2816 1979 2618 3854 63 3221 4924 1045 2042 1321 3109 3052 474 3397 4235 232 1442 3227 729 1815 437 3278 1029 49 2016 366 263 4299 2123 4200 1150 1984 4433 4932 1027 3095 3988 1852 4784 1725 2012 702 1602 2886 3465 1735 3398 24 4858 2091 455 4383 3161 3071 4421 466 1506 3261 4069 4987 110 2849 1521 4191 3342 4079 4579 2572 681 3160 3211 3787 3493 1240 542 1797 3825 516 880 4114 1516 2662 3501
1941 2265 4303 4527 2785 1086 210 3348 2194 3940 4235 292 3747 2370 4919 461 116 353 554 3026 371 1216 2592 2063 4909 4048 2654 2799 2553 4636 1376 1735 3113 4009 517 4645 4574 4293 3239 3163 4555 159 193 1368 2493 143 1615 3826 4279 1080 3966 3577 1680 3918 4262 4727 164 3754 1987 4657 1309 4899 1156 3717 2985 1819 2802 4383 1773 2396 628 878 3608 1942 3612 3027 3338 2108 3697 3142 1949 126 2653 69 3367 3675 4882 3843 3854 1425 1557 987 2869 2649 3117 3543 72 3248 2639 80
1604 3920 1261 3966 3368 3455 2357 1221 4702 4566 4407 53 3113 2066 2102 927 4475 616 4258 1319 3143 4763 1112 4547 764 4957 470 2919 484 4170 4097 3698 2128 805 700 917 1194 218 3847 1105 1719 384 4816 830 3873 2559 29 1118 4903 404 704 4630 3657 2475 3988 208 4052 1419 4010 2259 2097 3708 581 2167 1621 2069 2195 3161 2396 1812 1195 1277 2448 2319 1891 125 47 3637 1341 4808 267 1391 3425 3125 170 2387 4703 4791 2669 3434 1328 4779 4770 4238 2960 2446 4665 1894 1758 1068
956 3058 1865 2336 1498 3150 289 3794 114 2258 2982 1420 1353 4024 4733 4699 3027 1139 3385 903 417 3838 3089 1464 3795 2663 57 4395 2258 4589 1042 2123 287 2378 1633 42 1450 1882 3586 706 3777 1337 1443 4388 398 2893 4664 851 2347 4408 2255 4169 4942 3757 892 2014 3127 955 4147 1962 2018 4026 1266 1531 881 4270 1687 3071 628 1195 404 2181 2228 2483 1717 3072 178 4665 4145 3465 373 4942 1674 4341 4237 1373 2705 1670 1857 2869 2400 177 133 2034 2305 4268 23 4458 285 2560
4407 4745 308 1664 1017 725 2645 4738 2423 2546 3286 4587 1464 884 4804 1546 1156 4197 2357 4712 3277 1759 3146 35 2190 1241 1033 4222 1319 1130 1752 3005 369 263 3801 1261 4270 4689 2009 3333 913 4442 1342 4912 2578 1708 187 3915 475 2784 1561 441 3399 4139 4471 1918 3383 2277 591 1196 2875 1165 1973 4410 993 2638 3669 4421 878 1277 2181 3766 4315 824 4012 4703 4916 1343 4837 4131 3033 2478 3824 1680 2295 4827 2193 2455 1376 4909 3239 1812 4277 666 4692 2968 246 563 1107 132
2348 2673 4648 1048 874 3579 4428 990 2536 382 3791 2526 739 910 2090 999 4037 2505 3458 1474 2528 1207 4993 2037 3274 1235 332 480 2972 560 1170 1887 3067 4802 174 4842 4368 321 3528 4697 1484 3058 2568 4796 1390 1004 3712 243 507 3706 2977 55 3690 2813 2803 1374 4629 1672 3536 3242 3497 1249 1120 2495 590 2440 3860 466 3608 2448 2228 4315 3167 3961 4867 1217 3903 4840 3663 1475 3047 4996 302 2821 3859 3413 621 3086 3212 986 1526 3945 3670 4644 2774 2005 4661 3656 1185 4708
4635 4297 4401 4168 4459 3951 1968 854 509 3089 2363 3687 4375 576 4940 4824 1441 1712 2396 4859 952 504 1677 839 1922 883 746 3266 4719 1645 889 4197 808 3607 1037 1853 2331 1383 3528 4211 3090 2092 4153 4313 913 909 77 3921 4900 3295 2946 1280 2323 4042 2496 3327 725 4524 4599 3665 2951 3192 4030 1724 3778 4132 1878 1506 1942 2319 2483 824 3961 2452 1669 4737 1910 78 3393 2153 1022 2822 4693 2882 1095 2347 1343 2554 990 3743 3537 3448 2502 2369 1238 4127 1633 1618 3173 857
2729 1368 1385 4170 624 432 4228 885 2105 4282 3755 1311 2414 2816 1299 3162 1365 2153 1526 3153 269 1835 4570 4345 1332 3872 1710 4162 620 148 1873 4031 3814 2306 528 4161 1211 2040 1837 650 3542 3231 3879 4548 973 2158 1028 1125 506 2739 1403 1988 3456 3097 3375 3406 4400 4344 1735 1833 557 2975 1075 3550 1603 1276 2619 3261 3612 1891 1717 4012 4867 1669 481 1998 1822 178 2044 3782 2732 857 2739 3151 2366 470 1380 1295 3712 4476 4417 3457 1844 4564 4089 1468 4550 4569 975 3780
428 4516 4991 1783 285 768 1851 1630 3359 42 117 3001 3221 3672 350 2260 2115 1721 1865 360 1399 4742 2234 3414 1480 3825 2665 17 946 4325 4399 3591 1549 1675 742 2313 1885 918 2805 4974 4229 438 4655 2921 4101 156 145 3312 438 1782 335 3612 991 4977 1709 4755 506 204 252 2093 4502 707 1903 3933 1523 1246 1768 4069 3027 125 3072 4703 1217 4737 1998 4409 3648 2609 553 4259 1669 3718 145 4326 3748 2524 3163 1016 2195 4939 4597 789 2678 58 4690 1376 3556 784 2765 3632
4233 3398 409 1902 2502 337 1012 437 1413 4477 2676 408 1710 4817 447 3190 650 2494 2927 2987 3066 3453 3592 1546 2448 2113 3362 2864 3840 4592 1905 2140 619 3725 3303 4429 4745 3746 3972 1151 3906 1714 2795 941 3923 1408 3223 508 4627 71 3443 2647 4428 4376 2510 3746 4213 3501 2520 4582 2848 3332 3327 3237 3950 501 2884 4987 3338 47 178 4916 3903 1910 1822 3648 4094 1871 658 1726 2436 2824 2386 1206 638 4513 3232 661 3650 4916 3232 4242 799 4191 3189 1781 3547 2737 3078 1270
3071 3840 4183 1018 4888 3727 1284 4112 1677 187 153 2064 4129 4828 891 577 598 4965 1676 4368 3339 3994 1599 2578 3431 1364 1902 3185 204 2201 3647 168 4515 1508 1636 4149 3160 1357 2730 3189 2029 349 1549 3186 3553 2205 189 2193 3873 2392 453 2973 1718 3560 3649 2962 2170 1489 46 1098 1373 452 1674 27 4399 4307 1200 110 2108 3637 4665 1343 4840 78 178 2609 1871 2769 3805 4109 3512 2981 2979 1915 4130 1439 2257 899 2059 3999 2744 834 4158 3138 4370 916 4695 917 3782 1413
861 3893 3146 4610 3099 2561 1618 4734 4134 3595 210 2202 229 1467 886 2737 1145 351 322 3942 3769 2512 2680 4899 3148 311 3309 3987 937 3451 3714 465 714 2490 3806 229 407 845 887 1086 2179 889 2822 4195 2855 2340 3835 3876 4732 510 504 571 3706 1567 208 4260 2302 4372 2683 419 1707 2576 184 297 1247 1437 3157 2849 3697 1341 4145 4837 3663 3393 2044 553 658 3805 4522 2736 4740 1727 2909 284 2323 3339 1516 4274 3148 621 2418 1943 215 2623 2398 1352 742 2021 3872 135
4335 601 3112 3844 3986 4326 2077 3772 3429 3318 4122 4590 3132 593 291 1297 2119 2278 4473 379 2094 3516 4338 1697 3878 3750 3280 943 3240 797 78 4339 2217 2075 2856 472 2322 4291 388 4870 1314 4524 2875 44 4917 1745 4459 3800 1870 4050 3239 2294 793 4995 382 521 1972 4920 3445 2249 4581 2668 3039 328 671 4046 3171 1521 3142 4808 3465 4131 1475 2153 3782 4259 1726 4109 2736 1601 323 4740 4507 1868 167 1016 2108 650 1125 882 37 3969 1834 2450 123 1119 1051 1609 4202 1063
3726 2357 2915 4332 2955 4635 1044 3198 1688 3417 3598 2707 2552 2612 1277 2169 2974 4664 2721 4102 4466 4154 1284 2699 4657 1380 2322 1230 4845 747 219 2621 1785 1338 4628 124 2737 4881 3463 18 400 3241 1562 1240 4528 4369 4199 2834 2831 4731 3025 3133 3569 267 157 1476 2647 3843 435 42 2792 1636 3077 79 2310 1698 2803 4191 1949 267 373 3033 3047 1022 2732 1669 2436 3512 4740 323 1105 4427 4193 1976 3847 148 2955 3627 4973 4032 1546 4660 4262 748 4632 1154 3902 1796 4382 1924
4443 3021 2453 833 1583 395 576 3414 3172 2371 4570 1001 3858 856 2696 2199 4267 211 4201 2384 4250 3230 2674 340 4844 4798 2208 2821 4703 3423 1219 542 4470 2020 3447 1381 3648 1318 4448 2611 3177 3540 4690 1383 266 4247 3647 1700 1934 4896 461 4317 3658 2341 4749 2101 4914 2430 2412 711 132 4577 3793 1307 3638 1381 1743 3342 126 1391 4942 2478 4996 2822 857 3718 2824 2981 1727 4740 4427 3106 2814 2390 4716 4322 3119 3946 4524 4169 1442 2207 2585 374 2038 2794 1404 275 1342 2210
