N: 100
M: 20
Symmetric: true
Triangle: false
7 23 8 4 2 9 19 43
5 12 60 33 11 71
3 30 75 51
1 86
4 15 24 49 98
4 3 82 47 55
5 1 41 26 63 78
7 35 50 57 28 52 67 13
7 54 65 39 99 95 45 32
3 68 37 88
6 79 46 69 92 83 76
7 44 16 14 93 38 22 80
6 84 56 7 40 62 25
5 58 91 34 96 5
3 77 31 61
9 48 29 66 10 74 27 59 6 20
4 90 36 87 94
3 81 42 18
5 72 100 21 17 73
6 85 53 97 70 64 89
1559 2121 4367 2687 4979 1987 2395 764 3949 1532 4868 1192 2172 1301 2170 1991 1116 4126 2457 4127 935 1684 3622 4591 808 2599 3397 2365 4644 2952 3625 743 4969 3935 1517 274 1400 324 672 3812 3704 4755 3170 4156 1754 419 2335 3309 1773 1962 2991 1155 2381 3044 3635 1057 1101 872 2108 3410 3710 499 1080 3327 3520 216 3968 697 1592 1453 728 1513 206 3101 1005 810 3330 2806 1218 685 445 3252 2808 117 2465 1418 249 4462 4111 4612 1104 3979 4558 4849 222 1762 1773 4838 2579 1554
2121 2206 3661 1317 3629 4382 2552 3846 2406 477 2951 2596 601 4957 3964 165 2468 4342 2249 3867 2328 3754 2935 3195 701 30 871 3960 1920 308 3016 2851 2944 2607 1249 1336 3394 3223 4149 1002 4738 3291 4936 2346 608 14 1986 1060 3573 4927 4634 4583 4457 4893 351 2447 874 4891 4014 105 3733 321 4962 654 4112 442 3150 1487 453 3741 2591 1497 1042 842 577 4280 576 3617 1489 1870 2721 1082 2092 2201 1720 1401 627 1793 113 614 3200 3859 4961 2602 3498 3840 4087 4747 4297 4449
4367 3661 512 2114 1079 1826 4220 2333 3252 4987 1125 4440 554 4823 4444 3473 3344 4415 2367 1061 735 4533 4094 3649 3141 704 695 369 3987 1358 90 222 4202 1496 3550 4296 1638 2954 3984 517 1947 1380 1103 3604 1797 1031 2944 279 4492 1317 3395 1728 2983 458 3338 1607 3776 1933 3635 158 1396 2224 1679 3732 1391 4111 1519 4431 1897 4917 4734 3603 796 3467 1894 1355 1907 475 2246 1342 4047 3529 252 2369 2437 3017 4699 2350 4607 2711 3695 712 4525 646 224 3136 1904 1049 3078 4132
2687 1317 2114 3497 3624 3000 2567 972 1771 3869 4708 2772 1882 2622 3294 2304 3202 369 3765 451 713 3588 2282 2386 4490 4735 833 4371 4958 102 2886 2321 3514 3724 2315 4963 4397 3966 1981 1756 2316 2030 2876 2539 2664 520 3644 2006 1007 4793 1251 2665 3166 1127 1303 1618 2731 3840 3794 4625 3122 1421 3847 212 4592 452 1741 713 3269 1627 1869 321 656 568 2535 1753 1234 3648 4135 2152 265 2199 885 425 2449 4267 3301 2638 4974 2221 1082 3886 4474 1788 2082 1122 2115 2903 2572 1762
4979 3629 1079 3624 556 947 4825 4427 3361 1490 3439 590 837 2717 1529 2453 4727 2452 4048 3356 3796 3590 4159 2808 4359 4016 325 2477 3066 1198 4673 3708 550 881 2942 2183 2516 3747 86 917 394 4859 1830 3832 3180 3587 2987 757 533 667 3493 1075 4693 2944 2379 1577 3449 1035 2624 2648 454 599 3091 1195 3563 316 2912 4619 1794 1783 4158 889 697 980 1467 1352 1980 101 1698 2784 4974 1779 3139 422 3044 2068 676 2984 1664 3446 2457 2894 256 1533 3305 3601 1653 2735 1168 3319
1987 4382 1826 3000 947 303 227 2226 4515 2260 3732 1975 2663 2868 3980 4333 31 4176 1801 605 673 414 2107 3218 4373 2677 4351 1674 1134 135 4095 3061 421 2930 1286 3865 1438 3033 4889 3997 10 1924 33 3017 4851 3111 1463 2538 4247 4129 2081 4473 4533 3545 3612 4615 1846 733 4097 413 4252 223 359 1910 2923 4650 1729 291 1777 450 974 593 800 1583 1284 55 4923 2769 477 1808 4533 516 131 4245 3025 2319 3086 2843 654 4827 2031 4262 4756 125 2436 2114 1717 4326 818 1179
2395 2552 4220 2567 4825 227 3464 3497 3097 1407 2905 1135 1894 1812 4940 2316 4936 3988 4231 3942 3595 2727 2298 890 4308 3059 1502 4368 2945 4837 3533 3803 2159 3324 2939 3485 85 940 3241 3970 504 805 4089 1978 795 2387 149 761 328 4940 2513 4167 2593 3375 1120 771 1919 2609 2523 4631 4167 1552 2673 1955 3942 2117 2970 4142 1206 576 4706 4071 251 2582 609 4733 4485 4628 3276 3266 4668 534 3355 230 3828 646 36 3228 1328 1643 2714 3107 4705 599 3294 4670 4916 457 1526 718
764 3846 2333 972 4427 2226 3497 535 3432 3548 1812 4497 4390 872 1909 3911 2568 448 2085 3214 1253 377 4309 2397 2023 2176 4640 2838 2373 3532 212 3263 1552 1543 2428 1968 1732 3303 4852 2916 3350 2559 2659 2747 498 3377 2731 4827 409 1624 1066 263 602 2434 4294 4044 1060 359 466 4592 4146 2317 2229 4717 4967 4708 4748 2101 1087 1730 1050 1739 3794 4660 3479 3816 316 166 2264 4377 3298 3877 3242 4641 3604 1133 2666 4483 662 4508 1827 4782 3370 2381 3629 604 1232 2199 4600 2208
3949 2406 3252 1771 3361 4515 3097 3432 2817 1955 4796 767 1555 3718 2423 4778 3246 1667 1659 295 2352 419 4970 1303 4322 516 945 1120 1745 3447 2695 1602 3431 1787 162 516 4573 1933 4586 3890 4869 4603 2976 3198 2159 3404 14 1790 1829 2390 1782 1602 10 3779 3080 4529 3917 1076 2705 589 622 1518 2307 4141 2970 427 4443 4733 2154 2908 2750 3076 992 3983 4664 1214 2513 1285 3343 4784 4011 2479 3145 404 2126 4674 257 3445 2379 2987 3609 1005 3562 4547 2531 870 4822 2191 4360 3868
1532 477 4987 3869 1490 2260 1407 3548 1955 1831 1601 1348 2054 2853 4193 4196 1827 1040 224 2535 1498 178 1696 496 2725 3192 2390 4133 1618 1093 1316 3351 1371 1478 4482 4643 1838 472 2099 4056 1281 4589 3118 3954 946 2299 3825 2689 911 733 3867 3399 4778 3134 3601 1540 4878 2117 1310 4582 436 4969 1166 4233 4273 2881 2256 2923 3294 3816 3983 3524 4677 3054 2064 3115 2903 3496 3882 2289 4934 1707 771 3598 3903 733 248 1220 4537 1094 1237 4665 3174 3584 1866 4275 2243 892 808 721
4868 2951 1125 4708 3439 3732 2905 1812 4796 1601 633 665 4777 2491 2359 1125 2406 2622 4044 3368 3666 1388 3138 1816 2825 1152 347 4108 3749 1349 623 3117 1307 4338 2983 2020 2336 4298 371 629 2191 206 4440 1425 4834 296 3557 557 1766 798 1941 768 2804 3299 2166 1446 1205 445 596 888 292 2223 200 4849 3620 1161 2436 996 1043 2405 1892 4643 4925 4560 4410 446 2130 2915 2821 3426 3499 1719 1902 698 2063 2077 2725 1209 1892 977 3953 845 3646 769 2979 246 1519 85 412 3420
1192 2596 4440 2772 590 1975 1135 4497 767 1348 665 2607 2502 1396 4100 3978 1363 831 302 1967 1968 4128 2595 2076 3097 2474 4219 548 4462 1159 365 1066 63 1295 3615 1895 231 3917 454 298 4674 3765 2876 2393 930 733 70 3027 2217 739 214 3471 4597 2110 4127 2479 3928 1086 1620 741 1830 4210 344 265 270 311 4198 583 81 1902 4198 3305 1993 1200 1978 1196 2484 2909 4412 1733 1328 446 4962 4445 3823 3236 3370 2264 2873 282 389 2588 2912 3495 4086 3644 585 1223 2173 186
2172 601 554 1882 837 2663 1894 4390 1555 2054 4777 2502 1216 4819 3084 3440 3744 3076 3675 4889 1400 536 829 3735 1536 4943 1593 1865 3123 3899 3823 1307 483 351 222 2010 3037 4055 2543 1158 4400 1409 895 1558 656 3790 2485 1146 3056 1136 229 220 623 2266 1306 1106 58 570 729 4281 3212 4985 4958 1698 3988 1898 2246 2658 4799 1501 645 1142 3924 4727 2617 1106 4203 249 1075 549 3475 4571 3060 1859 2528 677 521 2809 4591 4440 701 4562 4981 781 632 3345 2593 3445 3571 466
1301 4957 4823 2622 2717 2868 1812 872 3718 2853 2491 1396 4819 3400 304 3675 2837 1609 3456 2003 3450 1074 3853 4442 3206 2841 3334 623 3969 4146 572 2093 3448 4116 3803 3531 1829 855 3261 1615 2877 3424 201 88 2171 712 4886 4740 4265 3359 557 2389 3195 4636 3185 3503 2393 4251 4562 4308 3631 2685 641 3472 4664 4237 4049 2336 4074 4996 485 1628 3001 1722 4767 4494 3177 4411 1599 2981 16 1592 2706 492 3896 2488 4728 942 1332 215 3345 3334 2414 2317 2401 1593 81 230 4676 1939
2170 3964 4444 3294 1529 3980 4940 1909 2423 4193 2359 4100 3084 304 1668 3325 933 1415 65 1024 973 2805 1730 1253 1794 2280 1658 3708 3037 62 1456 1344 2699 3477 1829 2963 3179 2201 4844 300 622 1633 2340 2487 4079 4791 700 3848 2027 2013 2779 3607 3409 2368 2366 3922 1093 1254 2346 853 3331 2636 2488 767 2902 697 1111 3993 4803 2593 2947 2196 3804 2489 1240 1982 3267 3338 1629 2437 2324 1107 1999 2074 4691 3719 4204 4260 3909 4403 3890 716 1353 1884 611 4843 4474 2647 4020 559
1991 165 3473 2304 2453 4333 2316 3911 4778 4196 1125 3978 3440 3675 3325 4039 807 3312 517 3202 20 3921 3432 3118 3332 2915 3978 971 3497 4778 1068 74 3139 2579 4373 1123 441 726 4120 3586 1533 1109 2794 2573 1561 4467 3219 3613 4589 1929 4712 2816 261 3792 788 1877 2371 3061 2527 250 1406 4445 4388 1657 3121 3876 4342 3367 4856 1156 1300 1104 4649 4445 3640 1464 1047 3531 277 583 2759 2840 248 1121 2446 733 2606 804 2015 3908 1127 1814 4748 4561 919 4541 953 2257 4795 1162
1116 2468 3344 3202 4727 31 4936 2568 3246 1827 2406 1363 3744 2837 933 807 508 2210 1941 2552 2332 4516 3603 2535 530 2203 3639 3109 3332 4706 2649 1565 1455 4672 1176 3722 882 4285 3066 3355 1324 512 1370 4615 4902 2973 575 3161 1202 1438 4602 2683 4790 2518 3245 3938 1954 195 690 1345 2360 1190 879 4684 1278 759 2602 3340 503 3016 2627 2468 1419 1858 419 2749 2835 4287 2289 4941 2833 3187 1341 1348 1234 1625 3021 4606 2189 718 3286 3052 1178 2754 771 1671 366 2989 3413 3361
4126 4342 4415 369 2452 4176 3988 448 1667 1040 2622 831 3076 1609 1415 3312 2210 597 697 2908 1495 3039 3281 4238 4881 1157 4627 4037 1081 2515 3279 2563 1920 1044 4621 2161 4095 427 1875 4144 1007 1702 4410 1478 2043 2720 4381 3187 1886 3332 4653 1013 4583 2631 2573 1752 2671 3192 2731 4843 2885 2986 1009 2343 260 1378 2697 3796 3803 4602 288 4345 1448 3403 1192 3556 3078 4386 2089 1226 1009 4819 3170 4289 2630 1018 4629 2863 230 696 3813 65 1242 482 427 1503 1444 2340 4099 3770
2457 2249 2367 3765 4048 1801 4231 2085 1659 224 4044 302 3675 3456 65 517 1941 697 4705 3903 4946 4101 4382 3309 3186 69 153 3329 2667 1008 2825 827 4758 2869 2424 3060 264 2073 4610 3438 3570 403 3885 570 1839 2451 3871 440 4097 1125 3578 1800 1224 4299 4421 4934 1247 1464 2345 2392 1772 3723 677 2273 1306 325 1118 2569 3690 3060 1032 1213 2969 1063 2323 4019 3963 4723 1907 1539 673 3115 1026 199 91 23 3159 4876 1311 3253 1598 78 2547 3792 204 4541 2805 930 3333 2689
4127 3867 1061 451 3356 605 3942 3214 295 2535 3368 1967 4889 2003 1024 3202 2552 2908 3903 4544 4957 2877 3820 823 223 3281 2712 3831 2496 1493 3509 684 866 4895 4887 956 3488 3982 2127 229 656 1377 2397 3293 893 3215 1228 3194 3445 3762 4676 4053 2751 4439 1231 620 3435 2947 388 2568 612 2943 4885 3372 3390 1985 2704 1344 3337 1319 977 4578 2318 4095 2290 541 4725 3434 2606 1277 3286 1389 315 1491 198 2574 853 3011 4422 2251 1156 1843 3816 1145 2515 2080 3329 2198 61 2198
935 2328 735 713 3796 673 3595 1253 2352 1498 3666 1968 1400 3450 973 20 2332 1495 4946 4957 4439 2117 159 60 1756 1718 4118 3734 318 3072 2066 1137 2420 2909 4513 1723 4211 187 4132 4253 3636 2691 3454 1238 463 1352 3751 843 1757 4258 1682 80 775 750 4171 644 192 387 3879 3708 4774 351 2625 931 3812 289 3325 4595 534 1656 4660 1477 3471 4809 3496 691 1862 737 4673 3319 201 4321 4834 1055 2722 3614 4764 4905 1114 4936 4029 959 3942 4122 71 786 4400 1397 4351 3650
1684 3754 4533 3588 3590 414 2727 377 419 178 1388 4128 536 1074 2805 3921 4516 3039 4101 2877 2117 4374 605 4111 2160 4664 3829 1564 4508 2034 1185 2950 4537 2180 4578 1647 2952 4005 4343 2450 2049 55 770 2566 1036 2453 1676 4278 3190 972 4925 86 526 4115 4465 1967 4233 718 4056 4005 2599 1623 4713 2090 4558 377 890 1904 1830 2203 317 841 2202 1384 1492 2722 624 2244 4487 3852 2291 1662 1264 2508 3660 2489 3181 328 2552 162 3874 1373 4779 2723 690 4713 4199 1500 1977 3556
3622 2935 4094 2282 4159 2107 2298 4309 4970 1696 3138 2595 829 3853 1730 3432 3603 3281 4382 3820 159 605 1909 3099 3634 3126 581 3780 793 1203 4004 199 3633 4770 2003 1911 1241 4876 277 596 1619 2100 4503 344 403 1090 4881 341 4191 1633 2854 126 1243 990 3916 1587 2639 1345 3245 280 1311 4505 4261 475 3497 91 4821 4625 2432 395 2438 4414 3471 955 1812 374 664 3216 2290 4285 2078 3481 4956 3536 1272 1359 1757 1233 1266 4104 4048 2686 1111 110 3172 3508 3944 2542 1555 4977
4591 3195 3649 2386 2808 3218 890 2397 1303 496 1816 2076 3735 4442 1253 3118 2535 4238 3309 823 60 4111 3099 4200 1366 26 3086 4922 4631 4335 3383 3827 328 2650 518 2364 1630 3845 3840 1022 3517 2501 2631 3892 1099 818 3905 4364 4565 455 811 3107 3354 4136 588 1881 2843 3949 2898 414 3941 1325 4112 1244 3904 720 1619 3950 3166 4089 4389 1585 1863 3494 3128 883 3336 3069 4854 2668 63 3377 4362 2793 728 1232 3860 3672 223 2813 4417 3481 3581 3642 4773 29 2747 2551 2734 3890
808 701 3141 4490 4359 4373 4308 2023 4322 2725 2825 3097 1536 3206 1794 3332 530 4881 3186 223 1756 2160 3634 1366 3733 4744 2881 2680 642 4101 1504 3476 2663 4935 2035 3123 3483 1265 989 2740 137 2767 1104 1947 4505 765 3294 483 3541 4679 1464 3950 836 3845 2751 37 2087 455 4402 4050 2149 3805 548 3410 3204 13 1226 4520 1755 12 4203 4749 656 22 1505 4746 3543 2198 3120 2446 3716 4433 3040 4287 3062 80 4873 3475 3063 3687 2609 4098 2685 4837 283 175 4461 3947 2459 4933
2599 30 704 4735 4016 2677 3059 2176 516 3192 1152 2474 4943 2841 2280 2915 2203 1157 69 3281 1718 4664 3126 26 4744 3264 2403 1034 1155 2919 3312 2727 3614 4654 4628 4865 3543 2895 3951 842 435 762 3471 1167 2128 3202 3129 4314 1127 3343 2992 271 694 1755 3235 1083 4805 1725 359 4905 610 1999 3004 4899 4407 4188 2814 2003 812 4720 4089 1000 4618 182 1430 4119 3861 1709 785 3705 220 1540 480 3116 4200 187 1963 4066 1925 1339 1279 3737 2786 3851 3239 780 686 3082 3551 4453
3397 871 695 833 325 4351 1502 4640 945 2390 347 4219 1593 3334 1658 3978 3639 4627 153 2712 4118 3829 581 3086 2881 2403 3096 4603 2998 3967 3116 3016 2066 3495 3227 1312 4858 2722 4402 3362 4796 4533 2979 2641 3959 1420 3510 830 114 706 3260 3683 3841 808 434 593 355 2083 587 3089 4668 4743 2558 408 1976 2182 1435 4561 2971 3584 1497 3526 3738 98 1668 4807 4664 1954 4674 940 4141 2842 992 1827 2721 3908 654 1064 1458 2029 1410 565 2697 3579 2592 397 3855 65 1043 1112
2365 3960 369 4371 2477 1674 4368 2838 1120 4133 4108 548 1865 623 3708 971 3109 4037 3329 3831 3734 1564 3780 4922 2680 1034 4603 4787 1351 3399 2689 237 1792 765 4659 3846 1791 1619 4205 2058 2779 4065 12 4851 2132 3338 322 4698 2404 3515 337 1823 1043 2824 1474 3108 1685 1337 3270 3064 4030 4686 3059 3831 3643 296 4201 4295 4638 332 2918 3229 1579 1039 4490 2997 1649 173 2083 97 4866 4841 2622 4615 1327 1672 2208 2454 2197 2404 215 217 3075 4722 31 211 894 2649 1327 3248
4644 1920 3987 4958 3066 1134 2945 2373 1745 1618 3749 4462 3123 3969 3037 3497 3332 1081 2667 2496 318 4508 793 4631 642 1155 2998 1351 1321 107 4471 1852 3615 2267 3309 1390 4554 2604 699 872 1329 203 3869 669 4700 2523 2135 1850 3746 1085 1647 1534 1304 2016 1530 3463 3025 2010 1739 4869 2742 2065 797 1010 1722 2946 3516 2814 3808 2623 2108 4341 1778 3990 1156 1545 876 1505 1545 2889 2356 3607 2726 3662 3512 4139 418 4394 3885 4947 3572 3984 3529 2219 2245 2877 2037 1043 3046 488
2952 308 1358 102 1198 135 4837 3532 3447 1093 1349 1159 3899 4146 62 4778 4706 2515 1008 1493 3072 2034 1203 4335 4101 2919 3967 3399 107 2400 935 4613 3017 2307 4279 4320 2414 1305 4387 2258 3566 3457 2403 1205 559 3252 87 2039 2421 1274 3212 2344 2325 4422 1467 28 4620 4551 3253 458 3641 855 1988 1792 2793 3471 137 1831 1873 2195 1947 3500 2433 3597 706 3296 3453 1474 1169 535 3511 1294 4594 2858 2531 1166 2081 608 3129 172 4313 4389 4449 2595 4100 184 2519 3190 1653 118
3625 3016 90 2886 4673 4095 3533 212 2695 1316 623 365 3823 572 1456 1068 2649 3279 2825 3509 2066 1185 4004 3383 1504 3312 3116 2689 4471 935 3097 1709 1228 1936 1553 3062 4339 3757 914 1529 2528 965 3866 4439 4270 4343 919 4211 280 3598 2114 1671 1036 4889 3281 2155 4326 3932 2037 1498 3208 3234 2581 2152 1248 1873 546 1451 1637 3651 712 1994 4750 4592 4659 4779 1269 1019 1653 1721 4547 52 1985 4261 4653 2838 2052 862 3738 3170 3967 2559 127 1217 2469 662 1163 1602 883 2078
743 2851 222 2321 3708 3061 3803 3263 1602 3351 3117 1066 1307 2093 1344 74 1565 2563 827 684 1137 2950 199 3827 3476 2727 3016 237 1852 4613 1709 2689 3221 3747 2583 875 700 3861 371 602 4895 3244 2268 4560 4264 184 984 3804 4078 3366 4123 2618 1463 682 3920 3255 1906 3319 4720 2371 1876 4777 2251 312 2870 212 1538 2185 4747 1385 806 4286 3591 4504 4246 3707 2675 4318 4711 2030 2682 4881 1143 3087 1715 3331 4481 2729 891 2288 4575 2982 3368 1576 175 471 727 1610 922 108
4969 2944 4202 3514 550 421 2159 1552 3431 1371 1307 63 483 3448 2699 3139 1455 1920 4758 866 2420 4537 3633 328 2663 3614 2066 1792 3615 3017 1228 3221 4212 71 4513 4258 4303 2630 4404 4022 3192 4801 1502 1356 1892 2279 2897 3152 3606 3319 916 4653 3225 4313 498 1143 1043 1835 3749 4739 3677 4114 1171 1601 3056 4451 1301 1485 2938 1697 2069 4825 2984 4449 2574 3498 298 4386 4323 4357 3358 3953 487 2238 1471 2518 1562 3281 3858 3559 1219 659 443 3465 4307 3187 903 1440 4410 3542
3935 2607 1496 3724 881 2930 3324 1543 1787 1478 4338 1295 351 4116 3477 2579 4672 1044 2869 4895 2909 2180 4770 2650 4935 4654 3495 765 2267 2307 1936 3747 71 2255 3705 4281 4482 3610 3576 2271 2413 4878 4067 4303 4075 3690 570 861 350 4396 2618 2841 3582 189 704 3013 1390 2085 1437 4360 3400 1345 542 3995 3030 1317 3767 2662 4090 533 4694 4142 2953 475 3827 1449 625 1478 2136 2312 634 1748 2255 1513 3452 3347 46 4949 935 4717 2655 3830 1336 4420 1406 4536 4239 3554 3505 298
1517 1249 3550 2315 2942 1286 2939 2428 162 4482 2983 3615 222 3803 1829 4373 1176 4621 2424 4887 4513 4578 2003 518 2035 4628 3227 4659 3309 4279 1553 2583 4513 3705 112 2767 3483 1630 1455 4788 3335 1691 4933 3325 1469 2632 2191 4272 2679 1650 2641 4836 2694 2127 1441 452 4245 2019 1457 2420 1426 2646 1336 473 2598 645 355 4536 1011 4408 2364 470 2288 3527 2874 4630 4240 2797 3371 3085 3135 156 1251 676 374 1909 2254 4626 3224 2325 3353 3229 1944 44 1954 3359 1835 4095 4574 3384
274 1336 4296 4963 2183 3865 3485 1968 516 4643 2020 1895 2010 3531 2963 1123 3722 2161 3060 956 1723 1647 1911 2364 3123 4865 1312 3846 1390 4320 3062 875 4258 4281 2767 1648 626 1836 395 2939 1503 1771 1831 589 4914 685 4939 1639 1178 417 3157 1541 1895 3725 2569 4445 883 3231 4239 1411 2680 2781 1853 1267 539 3436 4154 2363 4567 4335 3594 622 3452 733 401 1332 1724 4970 1698 4483 4551 383 992 161 1582 3582 4645 1980 4972 2317 185 3281 4189 1723 1911 1210 130 4255 3241 2121
1400 3394 1638 4397 2516 1438 85 1732 4573 1838 2336 231 3037 1829 3179 441 882 4095 264 3488 4211 2952 1241 1630 3483 3543 4858 1791 4554 2414 4339 700 4303 4482 3483 626 3525 1112 4907 2548 650 1276 277 4520 338 3409 4939 1767 3002 1257 1214 3125 2029 665 891 4641 2301 4402 4803 3482 326 1783 4858 4950 4666 4950 3738 1829 2517 1254 4264 1879 4897 216 1329 4425 3451 1805 4488 1550 263 1166 4590 2025 4106 387 1663 1679 2989 2002 3470 1561 2997 487 1631 4453 2782 4326 3977 2408
324 3223 2954 3966 3747 3033 940 3303 1933 472 4298 3917 4055 855 2201 726 4285 427 2073 3982 187 4005 4876 3845 1265 2895 2722 1619 2604 1305 3757 3861 2630 3610 1630 1836 1112 4717 4864 4632 364 1170 3367 3864 4012 3801 1200 4807 2813 630 988 703 2374 3085 4112 2060 152 754 4994 539 4209 347 4142 3033 4547 4961 4469 2883 192 3235 4127 3253 4707 2083 4376 2385 2028 4796 2370 1162 3665 3661 1448 2642 982 1440 4821 888 894 2075 1884 1623 1645 1388 4581 4084 1980 4623 2395 1572
672 4149 3984 1981 86 4889 3241 4852 4586 2099 371 454 2543 3261 4844 4120 3066 1875 4610 2127 4132 4343 277 3840 989 3951 4402 4205 699 4387 914 371 4404 3576 1455 395 4907 4864 2065 3474 2990 709 2988 686 2146 850 2995 4614 4866 1741 2543 2857 4394 193 4858 2264 1334 156 3456 2971 4609 493 1779 1986 2990 3115 2188 623 2241 14 432 3278 715 1325 4333 761 2843 905 3707 4161 4126 4329 1205 4579 4384 2256 3070 2291 2542 1201 1506 4135 3142 1776 2515 3019 4263 4053 3918 187
3812 1002 517 1756 917 3997 3970 2916 3890 4056 629 298 1158 1615 300 3586 3355 4144 3438 229 4253 2450 596 1022 2740 842 3362 2058 872 2258 1529 602 4022 2271 4788 2939 2548 4632 3474 430 4176 1446 4147 2261 2631 4900 2640 3751 3070 2564 2605 3628 1935 3681 3786 3234 2926 3468 766 896 2335 3750 2045 4348 3555 843 2420 3408 2517 3548 46 741 2503 2131 942 1190 3497 1544 267 1083 1851 169 919 3825 4289 1204 377 3417 3458 2004 2021 896 4508 3268 4116 192 2109 1966 3026 2608
3704 4738 1947 2316 394 10 504 3350 4869 1281 2191 4674 4400 2877 622 1533 1324 1007 3570 656 3636 2049 1619 3517 137 435 4796 2779 1329 3566 2528 4895 3192 2413 3335 1503 650 364 2990 4176 4182 458 4198 1644 4418 3865 1321 4047 3081 23 3455 33 2569 4375 692 2401 2047 3259 2262 4675 2538 3235 1602 1054 4538 2435 709 2136 1714 1639 1236 3529 3786 696 4092 337 402 4955 1095 598 1378 1852 3681 4234 4187 576 4953 1954 2239 572 652 444 4511 2856 580 735 1605 1515 4244 2044
4755 3291 1380 2030 4859 1924 805 2559 4603 4589 206 3765 1409 3424 1633 1109 512 1702 403 1377 2691 55 2100 2501 2767 762 4533 4065 203 3457 965 3244 4801 4878 1691 1771 1276 1170 709 1446 458 3818 2464 3489 1313 4481 2107 262 2348 3138 4525 3617 3792 1665 4796 4537 724 2319 1558 2019 3546 1256 4671 4811 3061 4249 2933 3112 3686 1016 4507 4589 382 3852 261 4884 4615 834 4931 1648 2744 894 3013 2790 1730 639 2934 1760 2591 4174 562 4319 2597 1791 2501 1453 598 3238 3427 3386
3170 4936 1103 2876 1830 33 4089 2659 2976 3118 4440 2876 895 201 2340 2794 1370 4410 3885 2397 3454 770 4503 2631 1104 3471 2979 12 3869 2403 3866 2268 1502 4067 4933 1831 277 3367 2988 4147 4198 2464 4139 2004 669 3743 946 3018 1364 4892 3600 915 2091 2842 239 488 396 2935 4095 24 591 2982 2867 3926 1467 829 3332 2797 4412 4743 4536 1462 2261 4123 2252 619 2746 3032 2703 3284 2167 1204 2786 1875 2669 1483 4386 1582 1534 3421 1486 595 1716 3350 2018 4707 4039 4772 368 2027
4156 2346 3604 2539 3832 3017 1978 2747 3198 3954 1425 2393 1558 88 2487 2573 4615 1478 570 3293 1238 2566 344 3892 1947 1167 2641 4851 669 1205 4439 4560 1356 4303 3325 589 4520 3864 686 2261 1644 3489 2004 3510 801 4992 3054 3293 3904 4825 1406 2645 4468 2247 3483 2254 1147 949 4072 3208 3599 2371 388 1683 3901 4745 3795 2561 317 274 4476 1178 1393 405 1008 3796 1760 2310 4976 3544 393 2752 3146 1493 3023 133 2176 3342 2107 182 4646 3682 420 4529 294 1925 4023 1976 331 1672
1754 608 1797 2664 3180 4851 795 498 2159 946 4834 930 656 2171 4079 1561 4902 2043 1839 893 463 1036 403 1099 4505 2128 3959 2132 4700 559 4270 4264 1892 4075 1469 4914 338 4012 2146 2631 4418 1313 669 801 757 4757 4905 4910 2231 4659 3606 4260 4985 4627 818 3218 4977 3524 542 3292 4510 383 195 2756 281 364 3994 3925 2878 4748 1302 2830 4522 465 3860 489 1954 3568 1120 4589 661 3905 512 395 1856 2198 4118 3545 3159 720 4764 2530 1297 4610 2864 4262 3862 2110 1062 3173
419 14 1031 520 3587 3111 2387 3377 3404 2299 296 733 3790 712 4791 4467 2973 2720 2451 3215 1352 2453 1090 818 765 3202 1420 3338 2523 3252 4343 184 2279 3690 2632 685 3409 3801 850 4900 3865 4481 3743 4992 4757 624 4147 2133 1164 1898 635 4171 173 3406 27 2087 2820 4700 1659 1215 3999 3896 3911 4093 4865 1348 3656 1850 783 3278 573 4477 2445 2282 1434 850 1082 361 552 3073 2840 2379 702 4183 4735 3066 3687 1065 4893 1593 4459 2639 4269 1092 1632 3065 616 1844 1044 1547
2335 1986 2944 3644 2987 1463 149 2731 14 3825 3557 70 2485 4886 700 3219 575 4381 3871 1228 3751 1676 4881 3905 3294 3129 3510 322 2135 87 919 984 2897 570 2191 4939 4939 1200 2995 2640 1321 2107 946 3054 4905 4147 2584 3169 2561 98 2584 1651 4465 737 1263 2100 2358 3833 2991 1128 2904 42 2159 2278 4399 233 4792 4692 645 4966 1266 4878 390 342 2956 456 1495 669 289 2338 2821 251 3335 1929 4107 2243 4142 3535 3331 174 657 4784 435 2751 719 487 881 3607 1272 549
3309 1060 279 2006 757 2538 761 4827 1790 2689 557 3027 1146 4740 3848 3613 3161 3187 440 3194 843 4278 341 4364 483 4314 830 4698 1850 2039 4211 3804 3152 861 4272 1639 1767 4807 4614 3751 4047 262 3018 3293 4910 2133 3169 4203 2166 296 1206 2346 79 4199 4925 4539 1946 2353 3986 4560 1521 4467 4399 2122 1162 2662 3241 4208 110 1690 1507 471 1081 4442 2350 1809 4581 3099 3570 2253 992 1531 2668 4753 679 4887 4438 2049 4336 4730 3758 2384 1137 4245 1008 3527 1046 2425 2377 2110
1773 3573 4492 1007 533 4247 328 409 1829 911 1766 2217 3056 4265 2027 4589 1202 1886 4097 3445 1757 3190 4191 4565 3541 1127 114 2404 3746 2421 280 4078 3606 350 2679 1178 3002 2813 4866 3070 3081 2348 1364 3904 2231 1164 2561 2166 1538 1347 3668 2463 4984 1196 4473 2383 3960 2337 2204 686 1447 2909 1972 2640 678 2977 1039 4282 4000 1122 545 2313 4478 1588 4115 2951 1599 136 1828 2760 2867 2851 2869 3144 3295 711 3959 888 1255 2558 2567 4524 1763 3240 397 1898 2456 736 1970 2800
1962 4927 1317 4793 667 4129 4940 1624 2390 733 798 739 1136 3359 2013 1929 1438 3332 1125 3762 4258 972 1633 455 4679 3343 706 3515 1085 1274 3598 3366 3319 4396 1650 417 1257 630 1741 2564 23 3138 4892 4825 4659 1898 98 296 1347 2761 4530 688 904 1662 561 3732 1883 207 3915 4855 3022 3484 4893 788 1962 1407 4200 402 4036 523 2541 4430 703 4025 4580 769 4125 1644 4063 4934 4676 355 2047 3499 2908 1976 3612 4578 737 1226 1460 1225 4941 33 4115 2359 4429 1451 3489 4916
2991 4634 3395 1251 3493 2081 2513 1066 1782 3867 1941 214 229 557 2779 4712 4602 4653 3578 4676 1682 4925 2854 811 1464 2992 3260 337 1647 3212 2114 4123 916 2618 2641 3157 1214 988 2543 2605 3455 4525 3600 1406 3606 635 2584 1206 3668 4530 1347 3968 763 4983 2122 2348 925 890 264 2252 583 304 1486 3104 653 2309 260 3539 1153 351 4246 3323 4124 1905 1262 237 184 1911 2101 4508 4575 4767 4219 699 3918 1976 4961 4155 119 2469 2840 1650 2229 587 3740 2366 2574 790 3173 4263
1155 4583 1728 2665 1075 4473 4167 263 1602 3399 768 3471 220 2389 3607 2816 2683 1013 1800 4053 80 86 126 3107 3950 271 3683 1823 1534 2344 1671 2618 4653 2841 4836 1541 3125 703 2857 3628 33 3617 915 2645 4260 4171 1651 2346 2463 688 3968 203 947 3449 3068 2112 2643 1151 631 4822 4698 3664 1300 2351 1237 583 1533 4716 1895 3011 29 987 2129 4859 2581 4918 2153 2261 2824 445 4802 1114 2850 1391 2965 3866 1714 745 4473 854 1527 4809 2322 1218 3918 1784 1608 550 2421 3517
2381 4457 2983 3166 4693 4533 2593 602 10 4778 2804 4597 623 3195 3409 261 4790 4583 1224 2751 775 526 1243 3354 836 694 3841 1043 1304 2325 1036 1463 3225 3582 2694 1895 2029 2374 4394 1935 2569 3792 2091 4468 4985 173 4465 79 4984 904 763 947 2841 4605 4418 4800 3130 419 2628 1395 3938 117 4456 1880 580 1400 4767 4762 387 3094 683 3643 1173 637 4414 4356 1464 4775 592 4974 3165 2370 3656 4413 2689 3607 645 4167 3662 3880 2582 2982 4387 1763 786 3429 2589 2865 4490 18
3044 4893 458 1127 2944 3545 3375 2434 3779 3134 3299 2110 2266 4636 2368 3792 2518 2631 4299 4439 750 4115 990 4136 3845 1755 808 2824 2016 4422 4889 682 4313 189 2127 3725 665 3085 193 3681 4375 1665 2842 2247 4627 3406 737 4199 1196 1662 4983 3449 4605 4099 744 2387 4600 592 3564 3701 3839 1274 4158 2117 377 1698 3530 3886 3141 3707 3232 4778 683 2840 394 468 1441 1324 3817 4342 4443 2607 3609 1036 1285 2729 3568 4864 2635 1790 853 3885 1106 4321 363 2658 588 4371 2956 675
3635 351 3338 1303 2379 3612 1120 4294 3080 3601 2166 4127 1306 3185 2366 788 3245 2573 4421 1231 4171 4465 3916 588 2751 3235 434 1474 1530 1467 3281 3920 498 704 1441 2569 891 4112 4858 3786 692 4796 239 3483 818 27 1263 4925 4473 561 2122 3068 4418 744 4901 2548 789 776 3125 4822 4977 1536 4215 587 4044 2078 1023 4191 4139 145 1376 2871 2032 3003 1744 3427 780 2240 1458 2744 565 1573 1350 1448 4510 1423 3231 740 4445 1622 211 1419 4796 4453 4232 4813 3112 4375 3419 4592
1057 2447 1607 1618 1577 4615 771 4044 4529 1540 1446 2479 1106 3503 3922 1877 3938 1752 4934 620 644 1967 1587 1881 37 1083 593 3108 3463 28 2155 3255 1143 3013 452 4445 4641 2060 2264 3234 2401 4537 488 2254 3218 2087 2100 4539 2383 3732 2348 2112 4800 2387 2548 1174 4319 2333 1726 1708 115 2237 845 3130 4413 4417 3313 794 3363 4120 2143 93 4805 3923 2417 2229 605 3428 858 3493 1864 2796 4738 2443 845 4248 2131 1741 2219 3503 1521 3092 26 4129 3537 1378 2879 203 3426 3265
1101 874 3776 2731 3449 1846 1919 1060 3917 4878 1205 3928 58 2393 1093 2371 1954 2671 1247 3435 192 4233 2639 2843 2087 4805 355 1685 3025 4620 4326 1906 1043 1390 4245 883 2301 152 1334 2926 2047 724 396 1147 4977 2820 2358 1946 3960 1883 925 2643 3130 4600 789 4319 138 4033 3930 4741 1720 3849 885 4034 2893 2942 3048 4801 1279 4950 229 1267 183 4306 3120 3453 1063 4242 632 1594 426 1275 2877 4833 3270 973 1861 3002 4542 3216 2027 4174 2081 4701 274 2797 3866 4410 212 4096
872 4891 1933 3840 1035 733 2609 359 1076 2117 445 1086 570 4251 1254 3061 195 3192 1464 2947 387 718 1345 3949 455 1725 2083 1337 2010 4551 3932 3319 1835 2085 2019 3231 4402 754 156 3468 3259 2319 2935 949 3524 4700 3833 2353 2337 207 890 1151 419 592 776 2333 4033 3124 2443 3494 4994 4002 3900 1958 1140 4695 4112 4907 2081 2061 4677 3402 902 859 455 445 1444 2228 4597 1851 1599 4205 3677 1888 4752 3290 1529 279 4914 1369 4525 4056 3778 4121 2494 4751 2612 1136 1298 1976
2108 4014 3635 3794 2624 4097 2523 466 2705 1310 596 1620 729 4562 2346 2527 690 2731 2345 388 3879 4056 3245 2898 4402 359 587 3270 1739 3253 2037 4720 3749 1437 1457 4239 4803 4994 3456 766 2262 1558 4095 4072 542 1659 2991 3986 2204 3915 264 631 2628 3564 3125 1726 3930 2443 2553 4173 2436 4369 2115 357 689 1074 4020 1333 2028 4074 4449 705 2973 4501 3923 4074 2307 4679 3846 569 2227 4215 508 3329 2503 3885 541 4745 1096 2325 2874 224 3414 3201 1682 2077 1908 4100 2923 4659
3410 105 158 4625 2648 413 4631 4592 589 4582 888 741 4281 4308 853 250 1345 4843 2392 2568 3708 4005 280 414 4050 4905 3089 3064 4869 458 1498 2371 4739 4360 2420 1411 3482 539 2971 896 4675 2019 24 3208 3292 1215 1128 4560 686 4855 2252 4822 1395 3701 4822 1708 4741 3494 4173 725 243 1985 311 2539 2340 1214 4839 4546 3649 1440 1945 3183 197 1607 4997 2461 1573 2977 3051 550 723 4532 46 3786 257 3814 1473 1866 4190 4586 4027 3124 4083 463 389 4023 120 4085 2175 2479
3710 3733 1396 3122 454 4252 4167 4146 622 436 292 1830 3212 3631 3331 1406 2360 2885 1772 612 4774 2599 1311 3941 2149 610 4668 4030 2742 3641 3208 1876 3677 3400 1426 2680 326 4209 4609 2335 2538 3546 591 3599 4510 3999 2904 1521 1447 3022 583 4698 3938 3839 4977 115 1720 4994 2436 243 1138 1349 889 3112 3206 279 4547 4014 2952 4916 3186 4162 2631 1671 4309 3137 1911 3182 317 2257 3308 1357 2463 4953 2498 1919 1374 1657 157 3385 1558 2399 1845 2476 2659 3275 3014 3097 476 3487
499 321 2224 1421 599 223 1552 2317 1518 4969 2223 4210 4985 2685 2636 4445 1190 2986 3723 2943 351 1623 4505 1325 3805 1999 4743 4686 2065 855 3234 4777 4114 1345 2646 2781 1783 347 493 3750 3235 1256 2982 2371 383 3896 42 4467 2909 3484 304 3664 117 1274 1536 2237 3849 4002 4369 1985 1349 2902 1979 3499 1381 4125 1839 4857 2076 1490 3440 120 2274 3759 1451 3447 2642 1581 148 4621 770 2643 2104 1548 1120 2477 1894 3692 3374 640 778 3078 1505 1081 1074 3936 3566 1154 468 1062
1080 4962 1679 3847 3091 359 2673 2229 2307 1166 200 344 4958 641 2488 4388 879 1009 677 4885 2625 4713 4261 4112 548 3004 2558 3059 797 1988 2581 2251 1171 542 1336 1853 4858 4142 1779 2045 1602 4671 2867 388 195 3911 2159 4399 1972 4893 1486 1300 4456 4158 4215 845 885 3900 2115 311 889 1979 778 104 4128 2424 558 3781 743 2010 574 1161 3891 2567 1989 3059 4301 2118 4031 4026 1958 3726 2693 4491 4348 851 1215 3975 4592 2829 1136 1009 15 4756 3449 2950 4932 4695 3608 4587
3327 654 3732 212 1195 1910 1955 4717 4141 4233 4849 265 1698 3472 767 1657 4684 2343 2273 3372 931 2090 475 1244 3410 4899 408 3831 1010 1792 2152 312 1601 3995 473 1267 4950 3033 1986 4348 1054 4811 3926 1683 2756 4093 2278 2122 2640 788 3104 2351 1880 2117 587 3130 4034 1958 357 2539 3112 3499 104 3366 4105 2059 1908 4989 3597 760 1767 4096 2471 1179 334 4807 1247 28 2296 1658 2564 4282 2776 3712 2165 4696 3102 4600 266 4607 3438 476 2210 2933 513 3797 4205 3036 4105 3367
3520 4112 1391 4592 3563 2923 3942 4967 2970 4273 3620 270 3988 4664 2902 3121 1278 260 1306 3390 3812 4558 3497 3904 3204 4407 1976 3643 1722 2793 1248 2870 3056 3030 2598 539 4666 4547 2990 3555 4538 3061 1467 3901 281 4865 4399 1162 678 1962 653 1237 580 377 4044 4413 2893 1140 689 2340 3206 1381 4128 4105 2982 2736 2237 3646 1517 3154 2132 3369 978 46 3366 4341 1120 4862 4854 4592 1222 2641 1557 633 4946 809 2442 1382 4361 3673 3607 2210 3275 2513 3000 2491 1318 2689 532 3070
216 442 4111 452 316 4650 2117 4708 427 2881 1161 311 1898 4237 697 3876 759 1378 325 1985 289 377 91 720 13 4188 2182 296 2946 3471 1873 212 4451 1317 645 3436 4950 4961 3115 843 2435 4249 829 4745 364 1348 233 2662 2977 1407 2309 583 1400 1698 2078 4417 2942 4695 1074 1214 279 4125 2424 2059 2736 4679 3418 3605 2956 4124 1190 363 3615 514 4654 455 2617 2521 177 4986 3446 3687 3839 496 3025 3528 4994 716 3644 936 3074 2834 4387 166 2960 4876 3345 2053 1392 1957
3968 3150 1519 1741 2912 1729 2970 4748 4443 2256 2436 4198 2246 4049 1111 4342 2602 2697 1118 2704 3325 890 4821 1619 1226 2814 1435 4201 3516 137 546 1538 1301 3767 355 4154 3738 4469 2188 2420 709 2933 3332 3795 3994 3656 4792 3241 1039 4200 260 1533 4767 3530 1023 3313 3048 4112 4020 4839 4547 1839 558 1908 2237 3418 1186 1914 1901 4099 105 3073 4589 2630 68 3467 2360 2496 4957 1900 2696 1679 4209 430 1169 971 2717 2938 2400 1270 3234 3016 2890 631 3454 3052 2190 4968 4118 4985
697 1487 4431 713 4619 291 4142 2101 4733 2923 996 583 2658 2336 3993 3367 3340 3796 2569 1344 4595 1904 4625 3950 4520 2003 4561 4295 2814 1831 1451 2185 1485 2662 4536 2363 1829 2883 623 3408 2136 3112 2797 2561 3925 1850 4692 4208 4282 402 3539 4716 4762 3886 4191 794 4801 4907 1333 4546 4014 4857 3781 4989 3646 3605 1914 2704 2869 2096 1131 847 302 2472 639 4950 612 1912 1031 3902 2029 1802 571 3532 1658 1815 4228 4230 1120 3409 271 4069 3751 3168 772 2689 1753 4367 4438 2582
1592 453 1897 3269 1794 1777 1206 1087 2154 3294 1043 81 4799 4074 4803 4856 503 3803 3690 3337 534 1830 2432 3166 1755 812 2971 4638 3808 1873 1637 4747 2938 4090 1011 4567 2517 192 2241 2517 1714 3686 4412 317 2878 783 645 110 4000 4036 1153 1895 387 3141 4139 3363 1279 2081 2028 3649 2952 2076 743 3597 1517 2956 1901 2869 1130 2660 1066 4202 1604 4882 405 1417 1373 3827 4498 3820 1394 1292 4790 1671 870 3257 859 196 297 1806 1664 4234 1002 1919 4154 370 2336 1252 2260 38
1453 3741 4917 1627 1783 450 576 1730 2908 3816 2405 1902 1501 4996 2593 1156 3016 4602 3060 1319 1656 2203 395 4089 12 4720 3584 332 2623 2195 3651 1385 1697 533 4408 4335 1254 3235 14 3548 1639 1016 4743 274 4748 3278 4966 1690 1122 523 351 3011 3094 3707 145 4120 4950 2061 4074 1440 4916 1490 2010 760 3154 4124 4099 2096 2660 4909 3094 2495 119 1899 503 3285 1682 1910 2442 862 1218 4077 231 4093 4769 3412 4499 98 3589 628 520 257 4794 1696 2289 2555 4642 230 4266 4874
728 2591 4734 1869 4158 974 4706 1050 2750 3983 1892 4198 645 485 2947 1300 2627 288 1032 977 4660 317 2438 4389 4203 4089 1497 2918 2108 1947 712 806 2069 4694 2364 3594 4264 4127 432 46 1236 4507 4536 4476 1302 573 1266 1507 545 2541 4246 29 683 3232 1376 2143 229 4677 4449 1945 3186 3440 574 1767 2132 1190 105 1131 1066 3094 593 3745 2718 3217 2102 3817 367 4978 3269 4284 3251 1544 4240 1613 65 3031 1909 3539 545 1129 1965 4041 3983 1676 139 3481 1367 2365 1179 167
1513 1497 3603 321 889 593 4071 1739 3076 3524 4643 3305 1142 1628 2196 1104 2468 4345 1213 4578 1477 841 4414 1585 4749 1000 3526 3229 4341 3500 1994 4286 4825 4142 470 622 1879 3253 3278 741 3529 4589 1462 1178 2830 4477 4878 471 2313 4430 3323 987 3643 4778 2871 93 1267 3402 705 3183 4162 120 1161 4096 3369 363 3073 847 4202 2495 3745 2651 4067 1659 4068 1505 3746 248 1218 456 2068 818 2745 231 2392 3536 1115 3525 2640 1005 3146 4255 146 783 725 4468 3973 4710 3931 4169
206 1042 796 656 697 800 251 3794 992 4677 4925 1993 3924 3001 3804 4649 1419 1448 2969 2318 3471 2202 3471 1863 656 4618 3738 1579 1778 2433 4750 3591 2984 2953 2288 3452 4897 4707 715 2503 3786 382 2261 1393 4522 2445 390 1081 4478 703 4124 2129 1173 683 2032 4805 183 902 2973 197 2631 2274 3891 2471 978 3615 4589 302 1604 119 2718 4067 204 2303 4696 3461 620 950 4747 1407 4320 3486 4059 370 2596 27 1636 3144 4162 4723 4456 1333 980 3063 312 2738 4800 328 1558 2660
3101 842 3467 568 980 1583 2582 4660 3983 3054 4560 1200 4727 1722 2489 4445 1858 3403 1063 4095 4809 1384 955 3494 22 182 98 1039 3990 3597 4592 4504 4449 475 3527 733 216 2083 1325 2131 696 3852 4123 405 465 2282 342 4442 1588 4025 1905 4859 637 2840 3003 3923 4306 859 4501 1607 1671 3759 2567 1179 46 514 2630 2472 4882 1899 3217 1659 2303 1007 4516 689 4922 1670 3402 3993 59 1900 2602 496 1344 900 4413 135 4972 433 4615 798 3938 55 610 4303 291 2408 4421 1864
1005 577 1894 2535 1467 1284 609 3479 4664 2064 4410 1978 2617 4767 1240 3640 419 1192 2323 2290 3496 1492 1812 3128 1505 1430 1668 4490 1156 706 4659 4246 2574 3827 2874 401 1329 4376 4333 942 4092 261 2252 1008 3860 1434 2956 2350 4115 4580 1262 2581 4414 394 1744 2417 3120 455 3923 4997 4309 1451 1989 334 3366 4654 68 639 405 503 2102 4068 4696 4516 2423 3983 2176 3365 4866 4042 1748 3603 3789 2857 2939 4780 2735 4627 956 2844 4777 519 2687 2858 1003 3691 2860 82 1601 3243
810 4280 1355 1753 1352 55 4733 3816 1214 3115 446 1196 1106 4494 1982 1464 2749 3556 4019 541 691 2722 374 883 4746 4119 4807 2997 1545 3296 4779 3707 3498 1449 4630 1332 4425 2385 761 1190 337 4884 619 3796 489 850 456 1809 2951 769 237 4918 4356 468 3427 2229 3453 445 4074 2461 3137 3447 3059 4807 4341 455 3467 4950 1417 3285 3817 1505 3461 689 3983 2519 854 383 2877 1333 1356 3910 2880 3496 4008 1134 2138 2702 2993 2669 746 3112 741 3830 2343 4696 4674 843 4196 2012
3330 576 1907 1234 1980 4923 4485 316 2513 2903 2130 2484 4203 3177 3267 1047 2835 3078 3963 4725 1862 624 664 3336 3543 3861 4664 1649 876 3453 1269 2675 298 625 4240 1724 3451 2028 2843 3497 402 4615 2746 1760 1954 1082 1495 4581 1599 4125 184 2153 1464 1441 780 605 1063 1444 2307 1573 1911 2642 4301 1247 1120 2617 2360 612 1373 1682 367 3746 620 4922 2176 854 2411 4437 1029 3102 2969 3400 3058 1082 4863 1727 3120 1409 4618 4729 2600 3665 3750 3220 3435 669 618 3301 4908 1513
2806 3617 475 3648 101 2769 4628 166 1285 3496 2915 2909 249 4411 3338 3531 4287 4386 4723 3434 737 2244 3216 3069 2198 1709 1954 173 1505 1474 1019 4318 4386 1478 2797 4970 1805 4796 905 1544 4955 834 3032 2310 3568 361 669 3099 136 1644 1911 2261 4775 1324 2240 3428 4242 2228 4679 2977 3182 1581 2118 28 4862 2521 2496 1912 3827 1910 4978 248 950 1670 3365 383 4437 26 2588 1604 3336 2814 743 103 1602 3557 2927 2878 1225 2038 2949 3620 2347 1439 4952 54 828 4767 2727 3967
1218 1489 2246 4135 1698 477 3276 2264 3343 3882 2821 4412 1075 1599 1629 277 2289 2089 1907 2606 4673 4487 2290 4854 3120 785 4674 2083 1545 1169 1653 4711 4323 2136 3371 1698 4488 2370 3707 267 1095 4931 2703 4976 1120 552 289 3570 1828 4063 2101 2824 592 3817 1458 858 632 4597 3846 3051 317 148 4031 2296 4854 177 4957 1031 4498 2442 3269 1218 4747 3402 4866 2877 1029 2588 3563 3617 2588 851 4452 161 4198 4267 131 1427 1019 1499 3012 2924 3695 2735 1979 476 2048 4685 1503 1128
685 1870 1342 2152 2784 1808 3266 4377 4784 2289 3426 1733 549 2981 2437 583 4941 1226 1539 1277 3319 3852 4285 2668 2446 3705 940 97 2889 535 1721 2030 4357 2312 3085 4483 1550 1162 4161 1083 598 1648 3284 3544 4589 3073 2338 2253 2760 4934 4508 445 4974 4342 2744 3493 1594 1851 569 550 2257 4621 4026 1658 4592 4986 1900 3902 3820 862 4284 456 1407 3993 4042 1333 3102 1604 3617 1071 591 3854 511 2857 1096 4584 949 1904 4961 3849 3543 827 2767 2224 3052 3890 3278 614 4590 1876
445 2721 4047 265 4974 4533 4668 3298 4011 4934 3499 1328 3475 16 2324 2759 2833 1009 673 3286 201 2291 2078 63 3716 220 4141 4866 2356 3511 4547 2682 3358 634 3135 4551 263 3665 4126 1851 1378 2744 2167 393 661 2840 2821 992 2867 4676 4575 4802 3165 4443 565 1864 426 1599 2227 723 3308 770 1958 2564 1222 3446 2696 2029 1394 1218 3251 2068 4320 59 1748 1356 2969 3336 2588 591 3341 573 398 2352 4800 3119 4848 878 3537 4537 4550 3651 697 4169 4738 3902 4358 1734 1450 3887
3252 1082 3529 2199 1779 516 534 3877 2479 1707 1719 446 4571 1592 1107 2840 3187 4819 3115 1389 4321 1662 3481 3377 4433 1540 2842 4841 3607 1294 52 4881 3953 1748 156 383 1166 3661 4329 169 1852 894 1204 2752 3905 2379 251 1531 2851 355 4767 1114 2370 2607 1573 2796 1275 4205 4215 4532 1357 2643 3726 4282 2641 3687 1679 1802 1292 4077 1544 818 3486 1900 3603 3910 3400 2814 851 3854 573 3743 4041 4046 4270 3409 1597 1132 3527 3822 4497 2524 1141 1504 1784 1965 3163 1983 664 4161
