N: 100
M: 20
Symmetric: true
Triangle: false
10 86 52 89 72 2 35 1 28 76 65
4 55 19 42 75
6 13 90 30 40 49 41
3 12 85 11
5 31 93 56 26 5
6 15 34 97 23 18 9
6 4 51 53 73 3 71
3 68 36 64
4 14 94 60 48
2 83 79
3 27 8 87
11 82 46 91 92 38 62 45 58 81 10 74
6 57 39 99 25 50 44
2 69 59
5 63 84 37 96 47
3 100 24 22
5 78 32 29 7 98
5 17 6 80 77 20
6 54 70 43 16 67 33
5 21 88 66 61 95
2578 3088 2161 829 2259 4820 2470 3840 113 3960 3519 4395 3711 1535 4149 3086 2910 4323 2271 21 351 4926 3446 3033 3628 1635 644 14 912 1529 919 3840 2151 4961 1047 91 43 746 2879 1138 3048 2166 3902 2343 359 1656 4128 649 236 667 3530 2254 4305 3414 24 2106 3911 4673 2370 3322 2603 2206 3060 2147 3395 2653 4276 833 2504 546 4827 133 865 1556 1554 677 2368 3953 2651 4954 4766 741 4487 702 4073 394 4436 4722 1712 190 4865 1678 4887 2877 1610 855 462 4759 4527 3209
3088 1174 1256 824 543 3988 3505 3890 2386 3811 3576 1370 4680 1302 984 2353 4336 2484 1680 278 4443 67 3406 2266 4633 4476 4965 2781 3018 3640 3534 1837 3925 4327 1922 2841 4992 1549 1105 83 1088 2755 2181 2464 2639 3796 1719 1773 2987 2005 68 1439 3123 231 966 1486 4708 664 1553 2887 615 4695 4583 3885 3443 4771 1710 2569 12 1652 2101 2480 719 945 3460 933 1182 364 4539 588 3929 3729 1758 4547 3898 349 4316 2122 4091 1016 2459 1845 482 3992 74 850 2023 1633 2463 1882
2161 1256 3933 3919 4971 1482 4487 3575 1186 2968 1363 479 3019 498 207 780 4572 2364 288 135 4788 2610 1360 332 953 2433 4236 4105 4632 3323 90 3432 1829 3976 272 425 216 4227 2473 1258 3016 3734 2410 3224 4807 2847 35 84 2529 4470 4230 2643 1406 4072 1367 2122 2243 1537 3852 4069 912 4895 622 4918 3406 1423 1562 2572 2152 3831 4096 1662 2987 3069 3586 4478 4255 2363 4859 829 3740 3911 2904 2563 4638 3272 2215 3886 362 4842 4602 692 2593 1298 1864 4116 1181 873 3006 4265
829 824 3919 3908 129 3824 1948 3025 10 2460 65 226 440 4028 2661 2746 2340 3667 2083 15 34 694 2340 3548 3402 624 4160 1930 307 4071 1029 3217 1390 745 2681 4433 1571 4353 3821 3093 295 754 4494 4828 2785 4280 4245 1710 1418 4190 405 2080 3606 4690 3709 1290 3926 1419 174 1111 1302 2052 2717 2144 2161 1273 1396 910 2477 1345 1161 758 1025 3240 3143 3915 4257 1886 2185 2729 1197 673 1763 2997 2018 856 1918 1386 4462 3710 4050 432 3066 1086 2917 2232 4893 3085 4274 2168
2259 543 4971 129 1113 2833 3256 351 2430 4908 3045 1153 4653 2679 4446 3837 849 3502 2012 1195 2190 483 2846 27 3576 3963 2064 2795 4982 3140 536 765 2418 4406 3674 1886 4962 3769 1908 1777 1963 4264 1216 4108 3939 2904 3970 2053 1702 1018 396 2651 3758 4819 4281 2736 4717 1867 2736 947 2565 4607 1505 4748 769 4740 1696 4255 3259 3311 2027 2093 3108 1981 14 3455 2210 3680 2813 731 4785 1509 710 3490 4929 3455 2955 248 1137 3758 401 4484 2924 1307 1898 229 1462 366 1711 3542
4820 3988 1482 3824 2833 2904 4891 331 2822 1991 1318 12 3428 4745 4406 4257 1727 258 3106 4368 1543 799 4438 3227 4884 2054 295 4993 550 4006 870 710 3083 3174 3354 2263 4511 4429 4229 3804 1520 143 172 2441 4658 577 338 2785 2387 1111 194 1968 3971 277 4179 539 1510 25 2385 651 1379 3851 1822 603 4335 468 1646 587 322 4916 2289 593 337 1036 4368 4188 158 547 3747 4437 4054 3428 459 3657 3796 1639 1172 4491 2303 151 1439 4492 2744 1481 2646 3174 4438 4081 4070 2046
2470 3505 4487 1948 3256 4891 2509 3366 3880 1345 1442 2238 1967 1009 1667 3549 677 638 4400 3250 2341 4591 632 2494 1893 2660 3793 4515 1168 3210 2684 4380 3255 599 3146 1122 4997 341 3627 2098 1948 2348 2680 3439 4469 1503 1931 4104 404 84 778 1090 2585 1669 182 3441 4031 4798 2203 2754 4559 3675 2523 3755 493 4126 2107 862 4626 1217 3730 1038 3106 3529 3207 911 1408 4582 4492 2486 2166 940 790 1271 2696 3466 400 3720 1499 3872 4127 397 4929 584 3790 1527 4253 441 3637 3193
3840 3890 3575 3025 351 331 3366 3282 1157 345 2286 2200 3433 2560 2935 3172 4272 1116 884 1471 2843 457 1425 1961 4660 175 2823 2643 1974 149 4621 2899 1422 441 722 3022 545 3170 1112 1390 2967 4760 1602 3012 247 4550 3987 4955 1765 2639 1209 2198 3039 4143 4335 2929 3282 4758 4216 2134 2059 1388 2321 3504 978 2104 740 1795 2948 3677 3138 1483 3323 2362 3145 183 1911 2107 4112 622 2572 4427 1773 938 2844 264 4464 718 3737 2589 141 2926 1075 408 2902 1312 4195 3684 4102 3172
113 2386 1186 10 2430 2822 3880 1157 667 4336 4569 3641 2626 239 3808 1370 3453 565 2775 974 3287 1103 1492 1808 864 611 2962 3598 4245 4026 4447 3848 2816 3963 649 4658 3908 1148 4309 4476 3591 3175 3108 2234 2066 4948 2980 78 2652 198 4818 907 709 1831 2159 3763 1465 3076 107 776 1274 80 620 2264 3423 4678 4212 1333 4915 3473 3973 2398 3935 2116 4717 1307 1393 2148 2519 3263 143 1636 4714 4296 3036 4851 249 4729 4123 4388 4745 1585 1506 279 4999 2931 3646 3962 3269 3330
3960 3811 2968 2460 4908 1991 1345 345 4336 3561 4420 3142 3210 3581 4909 626 134 2732 3090 4040 3430 4473 4248 3364 471 4018 3189 645 1944 1618 779 3784 3486 3985 1454 4455 935 3691 2191 1730 3613 3038 3931 4670 1536 2985 3442 910 3787 4927 4810 4511 637 4255 3243 3844 309 2283 1973 2059 334 2689 3837 1851 1674 2754 691 3606 612 4703 268 2192 4778 2791 501 4174 4004 2846 1422 1553 2394 3457 2006 4771 4303 1049 3883 4788 2842 1065 4502 125 2093 4471 1494 2545 4506 432 3633 2181
3519 3576 1363 65 3045 1318 1442 2286 4569 4420 576 501 339 4131 1709 4895 4050 1916 1130 1217 974 3506 1636 36 706 1993 661 2039 2709 820 4615 434 4375 3500 889 1575 54 2233 1640 3994 1459 2588 3252 2932 4683 1433 3235 2721 273 2486 3088 1876 2664 1015 4949 4605 1718 1842 181 2640 4035 2599 4454 3132 2920 3044 3404 2658 572 1009 4348 3339 1267 4434 994 316 4100 3467 1574 2402 1509 3992 1165 3833 4221 3489 2823 4427 1728 4104 185 823 870 148 3154 1673 3033 3311 2152 2651
4395 1370 479 226 1153 12 2238 2200 3641 3142 501 1042 3860 1369 3824 847 4674 166 717 2185 3458 2509 1678 3881 4604 3478 1739 3887 1028 2776 1515 2166 1553 2765 4218 1424 10 3686 4963 1264 4216 483 1230 1819 3515 2792 1206 4210 4692 2537 3213 656 3334 207 1931 1664 4090 2950 4536 2451 2791 195 1777 3372 4412 2030 102 2851 1219 154 2074 463 2718 3851 4612 3808 3780 4785 4295 1131 2196 560 3930 3922 102 1514 4343 3834 1797 4750 1388 1623 1056 4286 2804 2277 2521 1419 3995 1959
3711 4680 3019 440 4653 3428 1967 3433 2626 3210 339 3860 1867 1426 4541 2545 2613 1830 480 1480 1497 468 4297 174 622 4177 3361 3873 4497 4336 4901 3828 516 4794 2477 1938 2007 1935 2501 511 1202 2344 4746 395 2360 4445 4753 3572 3427 1943 1050 4893 4824 453 3688 1510 579 1813 3395 2459 270 1898 92 3800 1555 1612 2805 3126 1064 3203 4105 1572 726 1554 3274 1755 2259 3818 3558 3072 1550 234 801 746 2324 3640 1778 4672 4185 4505 3665 3430 1049 205 1794 331 839 1579 879 620
1535 1302 498 4028 2679 4745 1009 2560 239 3581 4131 1369 1426 1948 1347 3333 1868 4192 4050 227 659 2075 2060 2101 1026 869 4436 1209 4328 1799 4357 451 4174 3543 2456 2447 1016 4426 3388 4015 4379 3132 4525 3187 4416 1550 4469 1253 1506 4666 3747 3793 856 813 4563 938 2916 3869 1830 4216 3977 4705 3885 999 3202 1209 4641 2857 237 128 816 872 4588 159 4386 1278 2362 2322 44 2535 2326 3090 1276 1952 1511 2270 3544 3213 3785 2941 187 2927 2897 3608 4299 2987 366 1130 2138 3116
4149 984 207 2661 4446 4406 1667 2935 3808 4909 1709 3824 4541 1347 1970 942 4219 2257 4654 363 3818 4579 1364 4356 3441 2748 4557 2356 4255 4901 1625 4367 877 4503 759 2865 4870 2478 968 2839 772 1100 4823 4513 3869 595 1052 258 3014 1943 4189 51 4954 3287 4870 4209 541 3620 1990 2174 90 1668 2893 2598 3742 169 2557 1152 4809 873 373 3721 3098 2387 259 1257 55 3409 2044 1761 1443 1910 2620 2123 2630 3615 4573 2582 3905 126 3951 4487 1894 162 503 2051 1693 2292 1919 4285
3086 2353 780 2746 3837 4257 3549 3172 1370 626 4895 847 2545 3333 942 4153 918 3557 3050 2581 2100 2134 2055 4250 1775 2148 1514 3067 2042 1105 1633 2274 3635 360 4700 3818 2330 3708 1272 1345 4922 3605 1003 957 4162 4224 3192 4110 1652 4227 3544 3822 1871 4444 4268 1924 4870 4146 1122 2935 1686 4893 4451 4101 4443 3328 881 194 3942 3803 1144 2132 1413 2358 1407 1271 4933 274 3354 4683 4445 4072 4374 2582 1909 3105 2248 834 1505 2088 3853 4423 319 1657 3359 353 3124 4271 2939 1747
2910 4336 4572 2340 849 1727 677 4272 3453 134 4050 4674 2613 1868 4219 918 70 584 1939 4943 2091 1266 2293 1578 2457 2001 2182 143 1488 1127 2294 3027 2004 2768 3105 3387 2759 3045 3560 838 3229 4578 1164 1109 3881 2257 1178 334 2544 878 4181 4871 360 2650 325 275 4968 1777 4773 2163 329 3883 2026 3470 4509 3916 565 2278 1698 1648 2813 1526 1308 3857 2467 1942 3935 390 1627 4413 88 1088 2680 3649 507 3707 4891 1474 1986 250 2496 3795 2235 4216 136 2548 3078 472 3618 2670
4323 2484 2364 3667 3502 258 638 1116 565 2732 1916 166 1830 4192 2257 3557 584 4626 3969 403 1291 321 122 986 2092 3570 4562 3050 3772 3513 894 1169 3328 208 3127 1798 3694 4848 2075 4130 702 2177 1381 154 3156 4417 673 2792 3953 1027 3023 3485 2468 4890 2489 181 1215 3218 3397 3363 4590 2021 2328 2094 3916 1983 841 325 3010 3181 1368 3542 519 3139 3073 1921 1860 4321 2561 3388 2618 418 2323 4214 2385 1770 1794 1539 4082 4842 3027 2774 1996 1406 3146 4495 4302 1768 155 1720
2271 1680 288 2083 2012 3106 4400 884 2775 3090 1130 717 480 4050 4654 3050 1939 3969 4729 1869 2398 4338 429 3128 1707 2375 176 945 50 803 1050 2226 4346 2288 3879 3863 3684 1247 2258 677 4649 4524 3768 418 4786 1568 4101 948 4315 555 4488 994 4584 2239 3342 4698 3995 1756 2745 1202 187 578 450 1434 161 2571 4058 284 3744 1694 448 3809 1579 1505 3232 2531 3885 4433 3837 4792 1718 4512 193 1411 892 4359 624 2421 3925 92 1067 2995 2722 1341 755 2976 2699 101 4551 1414
21 278 135 15 1195 4368 3250 1471 974 4040 1217 2185 1480 227 363 2581 4943 403 1869 582 3894 1767 3120 376 2608 1525 4700 4489 3165 1642 977 841 2925 695 3544 630 4203 3980 1597 4796 4208 2173 179 3329 4553 1817 4059 1118 1211 3032 1980 1347 108 1163 3054 803 2434 989 1418 1788 3574 4785 1569 1909 1671 2938 2805 1366 3729 4782 3412 2417 4576 1831 306 2337 227 4803 2376 1597 3196 3400 2662 1389 1260 2631 1134 2285 1191 2739 2989 3948 1489 4113 3144 1751 1463 1946 525 2035
351 4443 4788 34 2190 1543 2341 2843 3287 3430 974 3458 1497 659 3818 2100 2091 1291 2398 3894 3140 4131 1981 3196 2615 320 2262 494 4974 4947 120 2018 2809 4191 3197 1961 792 4073 1689 4383 3578 546 3342 3856 4361 3520 3803 1090 3657 477 1967 2822 866 4785 659 1527 1525 2972 4297 584 222 347 4410 4696 575 3575 3329 3693 233 438 1700 3437 3249 1835 903 634 3374 3965 4091 3539 1004 1399 4192 1383 1326 1147 3579 36 1321 4550 269 2438 801 285 208 4188 4999 4506 2970 1610
4926 67 2610 694 483 799 4591 457 1103 4473 3506 2509 468 2075 4579 2134 1266 321 4338 1767 4131 3904 281 886 3055 3251 211 4502 2099 2982 287 3370 516 3170 2705 4216 2225 3826 2255 4010 1906 970 591 2280 882 709 424 2709 2839 2346 2655 1147 2956 569 3740 2661 2136 4291 142 2281 3363 3317 3621 1429 186 3836 1927 615 3589 3998 1154 1853 1375 4073 1655 4551 1871 197 2965 829 887 4199 4001 4250 3114 231 2582 4042 1938 2907 4791 3628 4125 488 3367 4453 4362 884 2604 289
3446 3406 1360 2340 2846 4438 632 1425 1492 4248 1636 1678 4297 2060 1364 2055 2293 122 429 3120 1981 281 2356 3912 4019 842 121 4386 3991 321 2980 956 1791 3254 1882 4097 3505 1900 1287 1943 1597 2162 1737 892 1556 1425 3220 913 3971 2084 2550 369 1862 3423 3635 1294 2849 3930 3611 1281 2400 710 1583 853 3901 712 3301 2859 1852 218 2151 2764 4144 3143 2422 3312 4020 3557 4068 4038 2499 4102 2789 31 3636 2992 2846 405 3106 474 848 28 4637 3515 4868 4175 793 3355 1601 127
3033 2266 332 3548 27 3227 2494 1961 1808 3364 36 3881 174 2101 4356 4250 1578 986 3128 376 3196 886 3912 3852 1809 777 457 1612 3759 3545 2932 3519 4518 2914 2793 2040 1228 1279 4965 3473 2915 3825 3728 2420 2007 4813 4200 794 2022 1387 3750 4457 994 3193 1302 3369 2601 4045 3541 4042 640 3995 4531 4246 2804 1324 3745 3538 4861 379 1022 3768 3398 2625 4380 58 3765 4850 273 2057 3231 611 3784 3056 762 3019 1615 4988 1179 2969 318 2541 1067 2464 4377 437 4822 4015 4601 4633
3628 4633 953 3402 3576 4884 1893 4660 864 471 706 4604 622 1026 3441 1775 2457 2092 1707 2608 2615 3055 4019 1809 3562 710 3563 3130 4972 693 438 2069 3062 1923 648 4391 4900 1419 1683 4507 4921 1363 1840 854 2060 1749 3205 3631 2010 2098 4360 3740 88 3579 4081 4091 1467 3102 3230 393 3959 4834 1097 227 2087 2544 217 2623 2509 1327 2058 3989 548 854 2912 2607 765 1740 4321 2421 613 2455 2279 1092 1880 4129 2886 419 597 792 1494 4072 4254 597 4971 740 4988 4467 4202 3904
1635 4476 2433 624 3963 2054 2660 175 611 4018 1993 3478 4177 869 2748 2148 2001 3570 2375 1525 320 3251 842 777 710 2166 2398 543 1867 2419 23 2175 181 3636 1164 2339 3318 788 1439 722 223 1613 1207 3180 4089 2340 3713 3226 3100 3404 2922 4608 2425 4339 3088 902 4321 3169 2588 2162 241 2774 1041 4703 2472 457 2846 1697 4873 3085 684 4393 2714 3349 846 3933 3682 1195 4918 4606 3609 1058 2382 2338 4377 1000 4004 1159 53 2258 2143 3085 1786 954 3187 1884 881 1377 3561 3866
644 4965 4236 4160 2064 295 3793 2823 2962 3189 661 1739 3361 4436 4557 1514 2182 4562 176 4700 2262 211 121 457 3563 2398 3690 3535 1628 4168 4637 1147 1658 2475 484 4200 4482 1652 2066 644 2532 1328 2415 638 4009 1722 3808 458 732 1037 2688 1000 4437 2767 4974 2114 4646 1823 2776 2671 4524 899 440 3853 1008 22 4149 3761 688 362 559 232 2475 1665 2787 3530 454 2112 4417 1540 906 4937 2131 1897 3485 3840 1789 4581 3899 4084 3704 1630 1024 3034 2214 2026 2550 1926 2216 1862
14 2781 4105 1930 2795 4993 4515 2643 3598 645 2039 3887 3873 1209 2356 3067 143 3050 945 4489 494 4502 4386 1612 3130 543 3535 4196 4905 3608 2139 3755 2204 4414 621 2662 3148 863 1901 2731 4521 1924 2085 3594 911 4836 402 2253 3422 2412 4346 2752 2110 3962 4647 2437 2242 244 477 2785 1840 3120 3848 2813 4182 2727 4853 3213 3353 4741 113 4612 889 638 2659 3160 453 2707 4905 2002 3197 1958 4866 633 2291 655 3937 255 4023 3656 2173 4027 2386 2831 4572 3261 266 1585 4080 3259
912 3018 4632 307 4982 550 1168 1974 4245 1944 2709 1028 4497 4328 4255 2042 1488 3772 50 3165 4974 2099 3991 3759 4972 1867 1628 4905 4165 1758 1043 1372 4460 4747 1484 2277 1555 3447 1164 357 1059 1690 735 2293 2734 3504 4656 1347 780 4902 4484 4720 2306 1471 1127 3394 1545 2436 2235 1211 1741 206 4735 158 2700 2717 1025 1742 892 529 2211 979 2674 850 1264 3203 3032 4736 86 3023 2010 2422 1463 3477 2158 839 4272 2771 1527 2164 2691 2396 1607 2940 3072 3441 4374 1958 1878 984
1529 3640 3323 4071 3140 4006 3210 149 4026 1618 820 2776 4336 1799 4901 1105 1127 3513 803 1642 4947 2982 321 3545 693 2419 4168 3608 1758 1750 2296 3757 2060 3766 871 1902 72 3218 4825 1007 1564 3451 2411 3296 1469 4340 935 2353 1263 4484 1985 1912 1937 4142 2759 3906 2786 3781 4033 976 4857 3452 1736 4538 4901 4602 317 2716 610 4334 881 4111 4893 1755 134 2432 4193 827 1589 4665 1535 4956 1035 4055 4395 152 471 1328 3667 790 4744 2302 3210 2010 2890 4722 2530 2166 3135 3153
919 3534 90 1029 536 870 2684 4621 4447 779 4615 1515 4901 4357 1625 1633 2294 894 1050 977 120 287 2980 2932 438 23 4637 2139 1043 2296 1628 933 4437 512 1512 2883 2538 2388 2636 177 4988 3920 2157 1301 407 3700 3552 2398 1830 1662 2560 1878 1076 3899 2232 4723 4583 4152 508 1438 155 2207 3160 2074 236 3924 973 4094 3624 3492 4247 210 614 2868 4997 1202 1969 4171 1139 2323 4445 2622 4733 1241 390 3345 4494 4143 512 586 4033 938 4452 2200 2752 2772 431 2919 1375 4872
3840 1837 3432 3217 765 710 4380 2899 3848 3784 434 2166 3828 451 4367 2274 3027 1169 2226 841 2018 3370 956 3519 2069 2175 1147 3755 1372 3757 933 603 927 2773 2810 3213 1248 2431 3627 3281 2809 4485 39 3602 281 4282 4418 2656 2144 2807 369 3506 4933 3244 2918 1469 1361 3931 4726 2202 802 4630 2964 3266 131 295 1098 2154 3636 4061 4978 1930 991 3067 2683 2180 3305 1342 1531 969 2835 1599 1332 347 788 1617 107 2167 4815 34 1497 1570 1609 3008 754 676 4053 1197 4805 1461
2151 3925 1829 1390 2418 3083 3255 1422 2816 3486 4375 1553 516 4174 877 3635 2004 3328 4346 2925 2809 516 1791 4518 3062 181 1658 2204 4460 2060 4437 927 2983 1406 967 934 2916 1098 1777 4493 2926 2367 3187 783 439 3254 4490 4874 3253 4290 595 4449 22 1907 12 2554 3812 2965 3522 2148 4375 513 1913 395 341 176 3931 253 2316 936 2941 3197 456 4359 2151 2956 3537 865 146 1250 3487 3918 4393 1925 4222 3637 2369 1353 60 1787 2403 3495 1324 882 3019 3883 4289 4893 3877 281
4961 4327 3976 745 4406 3174 599 441 3963 3985 3500 2765 4794 3543 4503 360 2768 208 2288 695 4191 3170 3254 2914 1923 3636 2475 4414 4747 3766 512 2773 1406 2259 4953 4152 3696 1173 1983 4987 2561 2091 4332 419 3921 3267 663 2572 3118 578 846 3325 4180 2035 554 554 4662 4910 3867 2796 364 2940 536 1157 2194 1356 2098 1434 2045 3447 2073 4859 3942 605 1346 4293 2994 3404 520 1236 3141 1712 4006 696 1313 3642 784 4661 3786 3226 2225 2156 4265 3325 3324 2738 2871 565 3322 2353
1047 1922 272 2681 3674 3354 3146 722 649 1454 889 4218 2477 2456 759 4700 3105 3127 3879 3544 3197 2705 1882 2793 648 1164 484 621 1484 871 1512 2810 967 4953 2355 4707 4977 3337 4101 2600 404 4614 4504 394 3987 911 3648 4280 1683 1853 3023 935 3288 4325 2856 1135 3004 1858 4776 3839 1039 1548 1710 3894 3906 1737 1565 4209 339 340 3385 38 4147 33 271 2660 2800 2380 3285 1537 2233 1345 1787 419 4039 26 1062 3465 4552 3224 1586 1578 4821 3573 4011 2021 3683 2624 1637 3203
91 2841 425 4433 1886 2263 1122 3022 4658 4455 1575 1424 1938 2447 2865 3818 3387 1798 3863 630 1961 4216 4097 2040 4391 2339 4200 2662 2277 1902 2883 3213 934 4152 4707 1302 3484 346 2739 3825 3543 4815 1833 4180 1703 2765 2535 2114 109 3636 895 3561 191 1791 4766 4982 3314 4465 4660 4484 4266 618 2830 911 3763 4048 3441 1959 1351 4761 4229 3726 4607 4187 3238 1418 1546 1102 1347 487 3674 1493 1317 4981 1637 1596 3502 122 3097 966 2918 2695 725 2007 2694 225 4935 2951 2057 3728
43 4992 216 1571 4962 4511 4997 545 3908 935 54 10 2007 1016 4870 2330 2759 3694 3684 4203 792 2225 3505 1228 4900 3318 4482 3148 1555 72 2538 1248 2916 3696 4977 3484 78 3050 1245 730 3260 4445 1925 4487 4778 2120 1555 1079 970 4049 4015 1689 2271 1326 1358 2794 730 2080 510 4262 3257 1198 3067 513 1843 1737 2359 2718 2190 1759 780 4793 3972 2326 1801 1074 2678 4130 3792 1190 4114 883 1758 318 1822 3383 2115 3452 2975 2748 4240 1275 3634 1512 557 4292 1963 212 1284 2087
746 1549 4227 4353 3769 4429 341 3170 1148 3691 2233 3686 1935 4426 2478 3708 3045 4848 1247 3980 4073 3826 1900 1279 1419 788 1652 863 3447 3218 2388 2431 1098 1173 3337 346 3050 3859 955 1493 1261 16 1711 2939 3577 1590 1788 3201 2682 98 42 307 727 4294 3358 537 1414 2815 3084 3738 367 371 627 2497 2342 1758 3345 611 2987 1375 4836 364 2441 2908 4453 2809 2130 2908 4099 4486 3745 676 3062 4780 2922 759 1939 1432 1674 3370 4559 930 4566 3027 2068 89 4920 662 2212 4240
2879 1105 2473 3821 1908 4229 3627 1112 4309 2191 1640 4963 2501 3388 968 1272 3560 2075 2258 1597 1689 2255 1287 4965 1683 1439 2066 1901 1164 4825 2636 3627 1777 1983 4101 2739 1245 955 472 2187 843 4483 3045 3340 3781 1681 4513 3312 4491 3471 4198 152 3380 1459 4286 2393 2750 1276 2771 1798 1632 3366 113 900 1991 2948 3510 602 656 1037 926 725 4034 3882 1435 2764 2619 327 3716 3152 4508 2777 920 3722 162 3432 1727 1193 3328 1242 333 3175 767 4111 1311 4514 1688 313 4124 1219
1138 83 1258 3093 1777 3804 2098 1390 4476 1730 3994 1264 511 4015 2839 1345 838 4130 677 4796 4383 4010 1943 3473 4507 722 644 2731 357 1007 177 3281 4493 4987 2600 3825 730 1493 2187 2986 840 1154 1213 2177 3727 362 3395 3816 2460 2238 1413 1773 3642 1087 3389 4502 291 4948 558 2956 2450 3856 988 2798 1042 1324 1788 3089 4197 2609 2159 1900 2427 3990 1694 1477 1883 2919 1275 3549 2113 2642 1456 578 2823 3292 4031 4990 52 2618 4413 4649 4229 4751 4214 3312 4750 3539 2213 4310
3048 1088 3016 295 1963 1520 1948 2967 3591 3613 1459 4216 1202 4379 772 4922 3229 702 4649 4208 3578 1906 1597 2915 4921 223 2532 4521 1059 1564 4988 2809 2926 2561 404 3543 3260 1261 843 840 3754 4953 784 1390 4742 4020 4517 1001 1737 901 4291 4563 179 989 2027 4166 3233 649 360 4853 1332 4651 3296 4027 1163 1748 4854 4157 688 1924 3533 2475 2508 1552 363 533 4509 4969 2393 4584 3730 748 4545 395 1537 2393 1562 1515 2450 863 605 4093 322 2985 3884 2693 2084 1156 3812 1325
2166 2755 3734 754 4264 143 2348 4760 3175 3038 2588 483 2344 3132 1100 3605 4578 2177 4524 2173 546 970 2162 3825 1363 1613 1328 1924 1690 3451 3920 4485 2367 2091 4614 4815 4445 16 4483 1154 4953 4303 693 595 100 738 797 1008 3098 2480 4996 3361 2846 2834 1611 4842 849 984 4715 3547 242 2595 4680 789 2247 2952 1106 873 1746 4079 1047 35 1923 4448 3265 362 1597 2192 1194 3398 1779 3165 2824 4409 3171 3101 689 737 3659 3997 2769 4279 2584 305 3823 846 3686 4710 4010 4017
3902 2181 2410 4494 1216 172 2680 1602 3108 3931 3252 1230 4746 4525 4823 1003 1164 1381 3768 179 3342 591 1737 3728 1840 1207 2415 2085 735 2411 2157 39 3187 4332 4504 1833 1925 1711 3045 1213 784 693 4517 357 2626 2336 1729 3553 4601 4766 3784 4222 3659 1703 3449 2640 4998 3920 1809 1773 205 4690 2423 4219 237 4094 4405 4669 1796 2502 4802 663 3361 367 3721 4536 1267 1881 2384 1733 1684 982 3843 1163 1351 1312 1522 3828 846 756 1400 4708 54 46 1832 1668 2319 2288 1920 1353
2343 2464 3224 4828 4108 2441 3439 3012 2234 4670 2932 1819 395 3187 4513 957 1109 154 418 3329 3856 2280 892 2420 854 3180 638 3594 2293 3296 1301 3602 783 419 394 4180 4487 2939 3340 2177 1390 595 357 285 3431 3899 4039 1839 1071 4004 551 4985 1453 2148 3140 2546 4396 4727 1351 4092 340 3324 2401 3276 3361 2834 1020 1256 2198 2463 1042 3355 707 1554 262 4555 868 1214 2985 2531 3870 3326 773 395 4718 3717 4633 2542 538 755 4507 991 4421 4227 1686 2630 1812 2387 2457 4447
359 2639 4807 2785 3939 4658 4469 247 2066 1536 4683 3515 2360 4416 3869 4162 3881 3156 4786 4553 4361 882 1556 2007 2060 4089 4009 911 2734 1469 407 281 439 3921 3987 1703 4778 3577 3781 3727 4742 100 2626 3431 2725 3588 2708 4187 3959 4106 4596 4080 818 3738 4688 4158 4005 356 2169 823 1986 29 896 1088 1365 2343 296 3454 865 209 1606 4793 4398 909 3731 445 4388 390 1312 131 4651 2931 2458 1114 2616 2659 74 1038 3807 1673 1727 3096 1753 3825 4698 3429 1092 1356 721 1788
1656 3796 2847 4280 2904 577 1503 4550 4948 2985 1433 2792 4445 1550 595 4224 2257 4417 1568 1817 3520 709 1425 4813 1749 2340 1722 4836 3504 4340 3700 4282 3254 3267 911 2765 2120 1590 1681 362 4020 738 2336 3899 3588 4360 2264 670 3001 3757 1160 4742 4944 4550 2198 1620 2601 235 1956 4989 2701 4003 2440 2850 595 2807 4915 3216 416 124 2819 2459 2402 2645 1938 2950 4043 3801 966 3749 893 1516 154 189 2797 1694 735 4884 938 4470 907 3391 1419 92 3864 1367 1128 125 2189 4314
4128 1719 35 4245 3970 338 1931 3987 2980 3442 3235 1206 4753 4469 1052 3192 1178 673 4101 4059 3803 424 3220 4200 3205 3713 3808 402 4656 935 3552 4418 4490 663 3648 2535 1555 1788 4513 3395 4517 797 1729 4039 2708 2264 3903 65 4445 174 249 4665 4764 3694 89 4165 143 3581 1310 465 4748 2896 4490 4912 3388 1156 1147 1501 665 3789 2097 3411 944 4054 3259 3461 4710 4389 4851 2824 4159 1214 2710 426 2126 374 4650 3689 2568 3021 4764 3866 4863 3816 1713 4702 1342 4370 4377 3877
649 1773 84 1710 2053 2785 4104 4955 78 910 2721 4210 3572 1253 258 4110 334 2792 948 1118 1090 2709 913 794 3631 3226 458 2253 1347 2353 2398 2656 4874 2572 4280 2114 1079 3201 3312 3816 1001 1008 3553 1839 4187 670 65 4367 989 4463 2249 560 2198 1611 3660 3439 451 936 3488 1385 2026 2049 1899 797 2881 968 2344 2791 4983 3993 3587 787 1780 3045 2358 4644 4820 2076 4150 4494 1868 3818 1217 4758 501 3768 3015 3160 2663 3752 201 37 414 639 2079 4438 1922 2274 1806 1009
236 2987 2529 1418 1702 2387 404 1765 2652 3787 273 4692 3427 1506 3014 1652 2544 3953 4315 1211 3657 2839 3971 2022 2010 3100 732 3422 780 1263 1830 2144 3253 3118 1683 109 970 2682 4491 2460 1737 3098 4601 1071 3959 3001 4445 989 4954 3184 2394 2134 4816 285 1409 4947 1829 1566 4765 4079 121 743 1866 2601 3883 437 3178 4127 2852 1637 4208 4874 4295 4529 3922 1147 4294 1240 898 2973 3901 2759 1083 4287 1278 3622 3738 2031 310 189 2453 3337 3628 934 2155 4302 4269 3213 2574 494
667 2005 4470 4190 1018 1111 84 2639 198 4927 2486 2537 1943 4666 1943 4227 878 1027 555 3032 477 2346 2084 1387 2098 3404 1037 2412 4902 4484 1662 2807 4290 578 1853 3636 4049 98 3471 2238 901 2480 4766 4004 4106 3757 174 4463 3184 384 4432 2415 2919 2104 4386 2650 3002 2921 4679 692 476 4807 749 2375 4564 125 1084 4021 4262 186 4844 2125 383 4874 4782 4060 3913 424 3385 4754 1454 1143 2065 2962 3102 3698 812 2081 3964 4392 903 2367 4914 1710 4259 2585 1432 509 4221 4338
3530 68 4230 405 396 194 778 1209 4818 4810 3088 3213 1050 3747 4189 3544 4181 3023 4488 1980 1967 2655 2550 3750 4360 2922 2688 4346 4484 1985 2560 369 595 846 3023 895 4015 42 4198 1413 4291 4996 3784 551 4596 1160 249 2249 2394 4432 1916 4335 1174 2081 4667 511 1518 1332 4799 3129 3019 4238 4911 4569 2993 2557 158 3422 3103 2298 4023 1069 589 4783 4683 1944 2931 120 3373 2674 2547 3659 1907 903 3839 1700 3081 1606 2578 2376 1104 65 2350 1186 2988 3204 4172 2244 4227 1213
2254 1439 2643 2080 2651 1968 1090 2198 907 4511 1876 656 4893 3793 51 3822 4871 3485 994 1347 2822 1147 369 4457 3740 4608 1000 2752 4720 1912 1878 3506 4449 3325 935 3561 1689 307 152 1773 4563 3361 4222 4985 4080 4742 4665 560 2134 2415 4335 4851 938 3967 4845 2355 3595 2211 4842 2748 2520 3498 2017 4235 527 3491 2756 2421 4482 3060 530 4035 4897 4827 929 3836 3189 1482 4112 35 89 3385 3484 2095 4650 4885 728 3612 846 1599 2058 2552 2645 1231 859 4096 2088 1889 2363 463
4305 3123 1406 3606 3758 3971 2585 3039 709 637 2664 3334 4824 856 4954 1871 360 2468 4584 108 866 2956 1862 994 88 2425 4437 2110 2306 1937 1076 4933 22 4180 3288 191 2271 727 3380 3642 179 2846 3659 1453 818 4944 4764 2198 4816 2919 1174 938 2901 289 2515 2912 2800 817 1145 631 80 4181 801 2363 4812 2356 4388 4183 2048 3907 1948 4517 894 720 4098 1793 72 2563 3403 1540 2997 1589 604 1407 2779 3066 4427 4015 4701 960 881 3981 3277 914 910 138 793 1665 1207 2613
3414 231 4072 4690 4819 277 1669 4143 1831 4255 1015 207 453 813 3287 4444 2650 4890 2239 1163 4785 569 3423 3193 3579 4339 2767 3962 1471 4142 3899 3244 1907 2035 4325 1791 1326 4294 1459 1087 989 2834 1703 2148 3738 4550 3694 1611 285 2104 2081 3967 289 150 929 1412 4851 815 3607 4588 3339 4338 4564 2833 3369 3743 1443 1137 2994 525 2772 1775 2188 2369 776 3120 3152 3922 881 467 1544 3043 2905 4153 1302 4978 4091 2509 112 4427 994 996 4684 43 1988 3636 4444 2870 2243 4951
24 966 1367 3709 4281 4179 182 4335 2159 3243 4949 1931 3688 4563 4870 4268 325 2489 3342 3054 659 3740 3635 1302 4081 3088 4974 4647 1127 2759 2232 2918 12 554 2856 4766 1358 3358 4286 3389 2027 1611 3449 3140 4688 2198 89 3660 1409 4386 4667 4845 2515 929 2609 3825 180 1077 1974 2070 4163 235 302 3584 4427 3063 131 2826 422 3446 1635 4830 1963 1844 2060 2936 3904 4622 3418 3910 3216 3774 1095 3884 4242 649 1108 2447 1335 373 2164 4612 3428 1596 4628 279 667 3917 1505 966
2106 1486 2122 1290 2736 539 3441 2929 3763 3844 4605 1664 1510 938 4209 1924 275 181 4698 803 1527 2661 1294 3369 4091 902 2114 2437 3394 3906 4723 1469 2554 554 1135 4982 2794 537 2393 4502 4166 4842 2640 2546 4158 1620 4165 3439 4947 2650 511 2355 2912 1412 3825 819 3406 917 3668 3596 951 1209 4765 4273 899 4735 130 1395 909 2060 2283 2647 291 1039 3410 3106 3501 4890 937 1009 231 2771 720 3840 3545 2026 3402 3338 1391 138 3957 1370 3224 4461 2343 313 652 432 306 2096
3911 4708 2243 3926 4717 1510 4031 3282 1465 309 1718 4090 579 2916 541 4870 4968 1215 3995 2434 1525 2136 2849 2601 1467 4321 4646 2242 1545 2786 4583 1361 3812 4662 3004 3314 730 1414 2750 291 3233 849 4998 4396 4005 2601 143 451 1829 3002 1518 3595 2800 4851 180 3406 1152 758 488 2333 2939 666 3763 3533 2099 3904 1813 2338 3477 1434 617 1413 4501 1291 191 4866 3679 1914 1984 2774 243 1755 4509 222 998 1623 4141 4175 4329 1073 2969 282 3634 1229 1576 351 739 2859 553 2471
4673 664 1537 1419 1867 25 4798 4758 3076 2283 1842 2950 1813 3869 3620 4146 1777 3218 1756 989 2972 4291 3930 4045 3102 3169 1823 244 2436 3781 4152 3931 2965 4910 1858 4465 2080 2815 1276 4948 649 984 3920 4727 356 235 3581 936 1566 2921 1332 2211 817 815 1077 917 758 1043 2701 3603 1058 4981 3717 327 964 3236 3089 1417 1300 2878 2836 416 4534 3927 508 4908 1354 801 1214 3571 98 4912 146 1103 3358 1390 412 4552 1846 2843 3235 4724 4943 4775 2532 2253 1135 3590 2720 831
2370 1553 3852 174 2736 2385 2203 4216 107 1973 181 4536 3395 1830 1990 1122 4773 3397 2745 1418 4297 142 3611 3541 3230 2588 2776 477 2235 4033 508 4726 3522 3867 4776 4660 510 3084 2771 558 360 4715 1809 1351 2169 1956 1310 3488 4765 4679 4799 4842 1145 3607 1974 3668 488 2701 1008 4360 118 82 4675 3904 4060 901 1029 2900 2283 3016 4048 4838 4015 1690 4344 2834 2965 2259 1177 4582 3049 2526 3560 143 4073 4738 434 2125 4331 2646 722 1636 480 4556 785 233 1319 2501 2150 312
3322 2887 4069 1111 947 651 2754 2134 776 2059 2640 2451 2459 4216 2174 2935 2163 3363 1202 1788 584 2281 1281 4042 393 2162 2671 2785 1211 976 1438 2202 2148 2796 3839 4484 4262 3738 1798 2956 4853 3547 1773 4092 823 4989 465 1385 4079 692 3129 2748 631 4588 2070 3596 2333 3603 4360 1009 181 4233 683 32 4311 3489 369 96 3732 3130 2071 1741 4237 4732 1438 3305 1192 829 4992 756 2475 973 3375 3429 3538 1495 4302 963 4124 330 2767 4259 1397 1095 4140 2494 4990 3833 1297 1852
2603 615 912 1302 2565 1379 4559 2059 1274 334 4035 2791 270 3977 90 1686 329 4590 187 3574 222 3363 2400 640 3959 241 4524 1840 1741 4857 155 802 4375 364 1039 4266 3257 367 1632 2450 1332 242 205 340 1986 2701 4748 2026 121 476 3019 2520 80 3339 4163 951 2939 1058 118 181 3092 2153 1099 3371 4532 3809 2681 1499 3418 4530 1863 283 3834 416 1331 2278 4245 4341 95 3325 3143 536 946 3575 1286 4787 4326 4943 4789 1759 3340 4685 3708 116 899 1452 1571 1890 3656 3235
2206 4695 4895 2052 4607 3851 3675 1388 80 2689 2599 195 1898 4705 1668 4893 3883 2021 578 4785 347 3317 710 3995 4834 2774 899 3120 206 3452 2207 4630 513 2940 1548 618 1198 371 3366 3856 4651 2595 4690 3324 29 4003 2896 2049 743 4807 4238 3498 4181 4338 235 1209 666 4981 82 4233 2153 1138 4448 580 3395 1200 843 263 1899 439 3162 1504 2261 667 2963 1936 2447 4522 3057 4711 4186 3649 1421 1009 4757 3766 3129 1952 863 1328 3901 1964 2109 3061 2023 28 2411 1135 3817 3924
3060 4583 622 2717 1505 1822 2523 2321 620 3837 4454 1777 92 3885 2893 4451 2026 2328 450 1569 4410 3621 1583 4531 1097 1041 440 3848 4735 1736 3160 2964 1913 536 1710 2830 3067 627 113 988 3296 4680 2423 2401 896 2440 4490 1899 1866 749 4911 2017 801 4564 302 4765 3763 3717 4675 683 1099 4448 1993 3359 2647 4242 4093 3012 255 3839 552 700 1808 1461 4133 3107 889 4432 267 1630 2765 2967 4745 4379 1526 4951 939 4210 1466 3274 1747 4602 4511 1370 2320 1434 194 2343 278 2845
2147 3885 4918 2144 4748 603 3755 3504 2264 1851 3132 3372 3800 999 2598 4101 3470 2094 1434 1909 4696 1429 853 4246 227 4703 3853 2813 158 4538 2074 3266 395 1157 3894 911 513 2497 900 2798 4027 789 4219 3276 1088 2850 4912 797 2601 2375 4569 4235 2363 2833 3584 4273 3533 327 3904 32 3371 580 3359 4717 398 3693 1435 4570 4345 2611 4434 2355 3438 200 1398 2604 2899 917 552 285 3308 1800 641 3631 3275 4271 3393 3703 1630 1178 963 4580 3325 2503 4860 1199 2394 4743 3646 2861
3395 3443 3406 2161 769 4335 493 978 3423 1674 2920 4412 1555 3202 3742 4443 4509 3916 161 1671 575 186 3901 2804 2087 2472 1008 4182 2700 4901 236 131 341 2194 3906 3763 1843 2342 1991 1042 1163 2247 237 3361 1365 595 3388 2881 3883 4564 2993 527 4812 3369 4427 899 2099 964 4060 4311 4532 3395 2647 398 322 3045 4996 2709 4585 4184 4111 1950 12 4445 1203 572 4375 1041 3514 3537 3878 1878 1139 1563 225 3204 694 2092 1608 1085 1832 4959 4809 1562 2819 2903 2083 745 3753 4487
2653 4771 1423 1273 4740 468 4126 2104 4678 2754 3044 2030 1612 1209 169 3328 3916 1983 2571 2938 3575 3836 712 1324 2544 457 22 2727 2717 4602 3924 295 176 1356 1737 4048 1737 1758 2948 1324 1748 2952 4094 2834 2343 2807 1156 968 437 125 2557 3491 2356 3743 3063 4735 3904 3236 901 3489 3809 1200 4242 3693 3045 1095 3818 2878 4624 1748 691 4314 895 3805 2712 4551 3848 2327 3344 743 2709 1662 4444 2756 74 3175 4564 4127 4618 769 452 3702 608 2836 1298 432 1260 32 4892 4580
4276 1710 1562 1396 1696 1646 2107 740 4212 691 3404 102 2805 4641 2557 881 565 841 4058 2805 3329 1927 3301 3745 217 2846 4149 4853 1025 317 973 1098 3931 2098 1565 3441 2359 3345 3510 1788 4854 1106 4405 1020 296 4915 1147 2344 3178 1084 158 2756 4388 1443 131 130 1813 3089 1029 369 2681 843 4093 1435 4996 3818 1462 4403 3767 1095 483 3874 2611 4964 1437 820 3684 288 2735 4616 866 2596 1918 1515 4636 4592 3582 1349 1564 1477 3073 4740 3218 4536 946 1512 747 1245 13 140
833 2569 2572 910 4255 587 862 1795 1333 3606 2658 2851 3126 2857 1152 194 2278 325 284 1366 3693 615 2859 3538 2623 1697 3761 3213 1742 2716 4094 2154 253 1434 4209 1959 2718 611 602 3089 4157 873 4669 1256 3454 3216 1501 2791 4127 4021 3422 2421 4183 1137 2826 1395 2338 1417 2900 96 1499 263 3012 4570 2709 2878 4403 3159 174 3386 4582 2150 1104 4814 3785 4260 1058 2503 1652 2792 1772 4938 4360 4106 453 1263 2457 3325 1791 2132 815 3156 2804 803 3113 2084 811 4672 1715 1693
2504 12 2152 2477 3259 322 4626 2948 4915 612 572 1219 1064 237 4809 3942 1698 3010 3744 3729 233 3589 1852 4861 2509 4873 688 3353 892 610 3624 3636 2316 2045 339 1351 2190 2987 656 4197 688 1746 1796 2198 865 416 665 4983 2852 4262 3103 4482 2048 2994 422 909 3477 1300 2283 3732 3418 1899 255 4345 4585 4624 3767 174 2260 2493 4939 390 1194 1016 3140 2472 2587 3790 4232 442 3635 4824 923 4237 3999 4468 921 2759 4751 2172 896 1779 31 1621 463 3552 640 309 3952 3767
546 1652 3831 1345 3311 4916 1217 3677 3473 4703 1009 154 3203 128 873 3803 1648 3181 1694 4782 438 3998 218 379 1327 3085 362 4741 529 4334 3492 4061 936 3447 340 4761 1759 1375 1037 2609 1924 4079 2502 2463 209 124 3789 3993 1637 186 2298 3060 3907 525 3446 2060 1434 2878 3016 3130 4530 439 3839 2611 4184 1748 1095 3386 2493 4705 4576 3538 1920 3149 3129 3911 2298 2461 4738 1796 4038 3749 1728 323 1593 1290 2737 1288 1916 3847 236 3307 3397 2838 3389 1284 2964 4145 4078 3963
4827 2101 4096 1161 2027 2289 3730 3138 3973 268 4348 2074 4105 816 373 1144 2813 1368 448 3412 1700 1154 2151 1022 2058 684 559 113 2211 881 4247 4978 2941 2073 3385 4229 780 4836 926 2159 3533 1047 4802 1042 1606 2819 2097 3587 4208 4844 4023 530 1948 2772 1635 2283 617 2836 4048 2071 1863 3162 552 4434 4111 691 483 4582 4939 4576 3051 2047 2189 2046 1976 3156 724 4313 1338 317 771 4364 4261 642 2611 3107 221 2565 2667 4147 4873 1318 3793 3390 3171 4804 1171 3355 60 627
133 2480 1662 758 2093 593 1038 1483 2398 2192 3339 463 1572 872 3721 2132 1526 3542 3809 2417 3437 1853 2764 3768 3989 4393 232 4612 979 4111 210 1930 3197 4859 38 3726 4793 364 725 1900 2475 35 663 3355 4793 2459 3411 787 4874 2125 1069 4035 4517 1775 4830 2647 1413 416 4838 1741 283 1504 700 2355 1950 4314 3874 2150 390 3538 2047 4150 3540 858 2403 2545 1876 3227 4661 690 76 1201 988 2270 3821 3146 4181 3273 655 3080 1769 4352 3533 4063 2707 1777 4935 605 3653 2821
865 719 2987 1025 3108 337 3106 3323 3935 4778 1267 2718 726 4588 3098 1413 1308 519 1579 4576 3249 1375 4144 3398 548 2714 2475 889 2674 4893 614 991 456 3942 4147 4607 3972 2441 4034 2427 2508 1923 3361 707 4398 2402 944 1780 4295 383 589 4897 894 2188 1963 291 4501 4534 4015 4237 3834 2261 1808 3438 12 895 2611 1104 1194 1920 2189 3540 4236 4832 4420 3253 2991 4441 2496 168 4761 2683 4768 424 4199 4047 1060 2608 2429 520 3615 4585 4432 1766 383 1198 2736 50 1401 3712
1556 945 3069 3240 1981 1036 3529 2362 2116 2791 4434 3851 1554 159 2387 2358 3857 3139 1505 1831 1835 4073 3143 2625 854 3349 1665 638 850 1755 2868 3067 4359 605 33 4187 2326 2908 3882 3990 1552 4448 367 1554 909 2645 4054 3045 4529 4874 4783 4827 720 2369 1844 1039 1291 3927 1690 4732 416 667 1461 200 4445 3805 4964 4814 1016 3149 2046 858 4832 2287 3796 4784 4577 2950 19 372 3682 818 1337 611 3944 4954 952 570 1660 2791 1321 648 3453 1659 4003 3470 1958 4869 1984 3524
1554 3460 3586 3143 14 4368 3207 3145 4717 501 994 4612 3274 4386 259 1407 2467 3073 3232 306 903 1655 2422 4380 2912 846 2787 2659 1264 134 4997 2683 2151 1346 271 3238 1801 4453 1435 1694 363 3265 3721 262 3731 1938 3259 2358 3922 4782 4683 929 4098 776 2060 3410 191 508 4344 1438 1331 2963 4133 1398 1203 2712 1437 3785 3140 3129 1976 2403 4420 3796 2682 3826 4926 594 768 2440 1852 2957 597 3352 2524 3236 4573 1348 4466 2858 3163 733 1702 145 4161 2598 2963 3393 3927 4918
677 933 4478 3915 3455 4188 911 183 1307 4174 316 3808 1755 1278 1257 1271 1942 1921 2531 2337 634 4551 3312 58 2607 3933 3530 3160 3203 2432 1202 2180 2956 4293 2660 1418 1074 2809 2764 1477 533 362 4536 4555 445 2950 3461 4644 1147 4060 1944 3836 1793 3120 2936 3106 4866 4908 2834 3305 2278 1936 3107 2604 572 4551 820 4260 2472 3911 3156 2545 3253 4784 3826 809 1349 163 2400 2052 4937 2316 4073 4220 4982 1735 4230 4320 1374 250 3647 1063 4499 477 4589 2342 1985 2734 2933 2758
2368 1182 4255 4257 2210 158 1408 1911 1393 4004 4100 3780 2259 2362 55 4933 3935 1860 3885 227 3374 1871 4020 3765 765 3682 454 453 3032 4193 1969 3305 3537 2994 2800 1546 2678 2130 2619 1883 4509 1597 1267 868 4388 4043 4710 4820 4294 3913 2931 3189 72 3152 3904 3501 3679 1354 2965 1192 4245 2447 889 2899 4375 3848 3684 1058 2587 2298 724 1876 2991 4577 4926 1349 3329 3092 4660 1194 4943 4295 2721 4922 2841 3570 1342 1154 3012 4474 1578 1612 3607 4928 3454 4932 3885 3198 977 3525
3953 364 2363 1886 3680 547 4582 2107 2148 2846 3467 4785 3818 2322 3409 274 390 4321 4433 4803 3965 197 3557 4850 1740 1195 2112 2707 4736 827 4171 1342 865 3404 2380 1102 4130 2908 327 2919 4969 2192 1881 1214 390 3801 4389 2076 1240 424 120 1482 2563 3922 4622 4890 1914 801 2259 829 4341 4522 4432 917 1041 2327 288 2503 3790 2461 4313 3227 4441 2950 594 163 3092 3595 4404 2392 1437 4926 4969 4808 2171 1354 646 2772 4450 1243 914 4673 1220 2880 3820 2802 4794 543 2072 4692
2651 4539 4859 2185 2813 3747 4492 4112 2519 1422 1574 4295 3558 44 2044 3354 1627 2561 3837 2376 4091 2965 4068 273 4321 4918 4417 4905 86 1589 1139 1531 146 520 3285 1347 3792 4099 3716 1275 2393 1194 2384 2985 1312 966 4851 4150 898 3385 3373 4112 3403 881 3418 937 1984 1214 1177 4992 95 3057 267 552 3514 3344 2735 1652 4232 4738 1338 4661 2496 19 768 2400 4660 4404 220 4573 3427 3523 4200 1003 3456 2013 1075 4490 196 3749 971 905 189 3405 1845 4130 4338 355 2616 3468
4954 588 829 2729 731 4437 2486 622 3263 1553 2402 1131 3072 2535 1761 4683 4413 3388 4792 1597 3539 829 4038 2057 2421 4606 1540 2002 3023 4665 2323 969 1250 1236 1537 487 1190 4486 3152 3549 4584 3398 1733 2531 131 3749 2824 4494 2973 4754 2674 35 1540 467 3910 1009 2774 3571 4582 756 3325 4711 1630 285 3537 743 4616 2792 442 1796 317 690 168 372 2440 2052 1194 2392 4573 3683 734 4226 4032 270 4643 560 1110 343 2341 4701 3887 1580 4709 4220 2421 356 4534 20 750 4919
4766 3929 3740 1197 4785 4054 2166 2572 143 2394 1509 2196 1550 2326 1443 4445 88 2618 1718 3196 1004 887 2499 3231 613 3609 906 3197 2010 1535 4445 2835 3487 3141 2233 3674 4114 3745 4508 2113 3730 1779 1684 3870 4651 893 4159 1868 3901 1454 2547 89 2997 1544 3216 231 243 98 3049 2475 3143 4186 2765 3308 3878 2709 866 1772 3635 4038 771 76 4761 3682 1852 4937 4943 1437 3427 734 2398 3880 3299 4307 2860 468 3489 4595 4352 1555 4127 4318 4728 3994 4758 109 1806 2958 45 462
741 3729 3911 673 1509 3428 940 4427 1636 3457 3992 560 234 3090 1910 4072 1088 418 4512 3400 1399 4199 4102 611 2455 1058 4937 1958 2422 4956 2622 1599 3918 1712 1345 1493 883 676 2777 2642 748 3165 982 3326 2931 1516 1214 3818 2759 1143 3659 3385 1589 3043 3774 2771 1755 4912 2526 973 536 3649 2967 1800 1878 1662 2596 4938 4824 3749 4364 1201 2683 818 2957 2316 4295 4926 3523 4226 3880 432 1093 1627 2772 442 4798 3429 437 3634 4277 1714 3016 4975 4510 1850 3396 1430 2531 4206
