N: 100
M: 20
Symmetric: true
Triangle: false
4 42 13 85 8
8 94 35 19 1 63 12 39 52
5 51 24 68 31 65
5 73 95 44 100 90
6 27 29 37 77 30 93
5 41 11 99 17 89
5 28 15 32 70 57
4 67 80 49 2
5 40 47 36 45 48
4 4 97 76 98
4 79 38 25 7
8 14 58 84 83 6 78 88 60
5 10 71 9 23 81
4 46 82 53 43
5 20 92 91 72 62
5 34 22 74 55 21
4 86 69 54 66
6 26 33 18 50 5 56
6 75 61 87 64 3 59
2 16 96
3345 1583 4060 2458 1321 3967 2960 4188 1707 2647 464 2589 3817 780 617 4101 4351 3113 3814 2082 1233 4378 3450 2821 847 2711 2654 16 4751 3913 1965 226 210 3050 2124 2271 3887 2459 4945 4953 2509 3053 4875 3554 4064 4048 481 2296 4154 2128 4149 3056 4613 3800 3182 3808 106 3912 3522 4332 131 330 1358 2051 4054 1579 3687 2963 4963 3457 4072 4770 4605 4789 4925 1895 4745 4666 4238 4509 3405 3368 2262 2407 3071 3234 3334 1921 2007 1268 4636 283 3243 4763 4148 359 744 613 2548 4223
1583 709 4322 2316 4991 1648 1146 3028 1839 564 1786 2880 3099 2065 3618 947 2405 3680 3404 3334 1500 226 710 2021 1277 1820 4953 1898 1624 3118 2156 1808 4312 4330 1787 4669 4940 3299 2337 3738 935 2083 681 4035 3657 3445 4444 2117 1577 4452 1151 2851 1390 2555 1718 1436 3739 4684 2824 3246 1107 1161 315 1902 4002 2769 2454 4621 3889 1098 3261 690 3820 1225 1307 2296 3614 541 1500 2837 73 135 4397 2777 1461 707 1337 2942 4970 637 2543 4959 2864 753 4666 424 3455 3760 3623 3053
4060 4322 2363 3859 4439 2577 133 4045 4260 3266 1092 2359 1857 1677 1298 2183 2201 3320 4469 2458 1342 2832 3139 3067 4964 4325 211 2382 94 1038 3242 3735 37 351 4352 4621 1170 819 4853 4614 4658 4769 1444 1683 2249 3976 2959 3023 2446 3594 2339 2283 2751 2687 3314 133 120 4099 830 4943 3546 2008 3196 902 4897 4549 2083 4215 2627 1755 4936 1510 2292 3677 2467 3324 1070 4424 236 2156 1369 2674 4214 3951 4846 1943 466 4993 4544 4977 171 4746 452 4973 627 1522 356 401 431 1365
2458 2316 3859 2095 1416 879 3333 642 2135 3562 2374 1460 2886 2421 3707 1816 1670 2313 563 2501 4478 1013 138 4216 3159 3183 771 41 4741 994 1223 4310 4376 107 1049 4158 1014 1179 646 589 686 880 2293 4119 1554 4796 1328 2922 3289 4589 352 402 561 2731 4076 1493 4477 2938 193 1342 4875 4911 2532 1268 2240 170 3211 2904 3951 443 2643 1956 2446 3564 4241 4641 3186 3750 97 3445 4149 2083 2382 675 2622 395 4035 2902 3356 2450 304 1375 393 4233 3986 4190 423 4199 1058 408
1321 4991 4439 1416 767 2208 1525 489 4530 1705 1811 1981 2758 4298 3976 4325 4006 3700 3715 3955 4355 158 1320 2748 346 589 4913 4294 1484 403 2271 2824 2884 2086 1769 3200 772 2026 4368 2984 4041 1404 1117 414 1579 1041 1037 445 3233 4355 1119 611 4650 1217 636 433 2122 3570 2982 746 4027 421 4071 4352 574 2309 176 311 1849 4362 2354 4277 791 777 3379 2349 948 499 4204 1415 1388 608 3302 4768 4607 833 4162 2088 623 816 3039 4559 4050 3335 2706 1525 470 276 887 4008
3967 1648 2577 879 2208 265 562 2203 2179 658 1859 839 190 29 3075 1919 3150 4559 664 3696 1941 2634 550 830 3650 3074 3942 3485 710 1817 4635 2878 4588 466 3643 4733 3750 675 4803 906 1731 1244 688 1709 4020 1877 2359 4934 3392 3434 903 4441 4644 3588 1395 4974 3460 1065 2733 2471 396 534 4400 1839 3349 2867 2853 608 4865 4524 3590 1985 585 386 605 3870 2259 2682 507 1775 2568 373 2657 4446 2912 567 1803 2218 335 3034 679 716 3629 4849 4543 184 4942 21 3993 2488
2960 1146 133 3333 1525 562 2712 1427 1218 3980 2261 3671 882 190 287 2913 2828 923 3689 1926 1704 3588 3949 934 1888 1056 3147 834 4199 2352 3098 2991 415 1350 1073 1976 4153 3222 4486 308 4358 3354 3249 656 1584 142 3160 365 4658 3078 1758 2267 4078 3886 1114 4533 305 618 185 4744 1043 341 2655 3660 2984 1133 1981 4016 3750 580 2542 2855 3576 3606 180 3750 3662 3732 3166 587 241 3102 925 3718 1509 4219 3086 4402 3350 3944 4167 3530 3550 4634 1023 2060 206 4083 4233 466
4188 3028 4045 642 489 2203 1427 1218 544 4533 1183 1800 1840 2221 538 3921 2425 110 275 2346 2365 92 1260 937 4253 2157 389 3974 3501 3454 3139 3405 3902 825 396 4974 3030 1220 1691 1611 1420 2924 3053 3161 1109 2600 4447 540 2749 32 4350 1036 2796 4735 4991 4020 4672 4678 2955 1827 4129 4623 749 478 1462 2173 184 3369 3799 2287 4442 4686 4998 4888 3061 3956 1795 460 4227 3548 3627 3431 4538 2498 2527 4040 4140 2060 3057 4213 3360 1415 416 1354 482 3200 4333 642 2434 1916
1707 1839 4260 2135 4530 2179 1218 544 181 366 574 2601 1760 2766 3292 1476 1839 4379 1675 4628 595 3262 4408 4387 1456 3300 44 1269 4918 1278 132 3725 4622 2559 460 996 2551 4012 2897 362 1670 48 2006 1600 4256 1108 3016 4777 2727 1336 881 3116 2268 2423 2443 149 1537 1251 1576 4907 3693 4706 16 2079 144 3122 2633 3616 384 4693 3398 1005 3789 4936 1814 1552 3458 1326 4787 1391 654 3050 4417 855 135 592 3574 1261 4185 4459 4618 3680 2969 1584 3856 2972 1855 110 1459 918
2647 564 3266 3562 1705 658 3980 4533 366 1620 3478 3300 4561 2906 1082 3094 1412 4860 693 1243 3740 4765 2536 506 1087 869 3761 4551 2237 2833 1494 3316 4177 1203 4954 4468 4022 4937 2160 2265 4246 512 3907 1036 4604 3996 3562 1676 564 1662 3015 171 4106 3432 4259 4026 3157 3302 3704 145 1237 4016 1121 3504 1816 1684 4499 2112 1422 380 4380 2988 519 1995 3099 1095 2570 1055 3865 3508 4111 453 1020 4176 3183 4971 1298 578 2613 4471 418 568 4997 916 3617 398 4237 2235 2185 4489
464 1786 1092 2374 1811 1859 2261 1183 574 3478 4012 1040 4667 757 2354 685 4687 49 3743 4100 4026 1654 197 746 4496 4149 4504 1343 1171 1785 1687 1938 3187 4370 2211 3967 3290 1356 487 3459 2649 195 2727 4330 1152 3518 4658 3347 1354 3638 620 3493 4205 2140 704 2124 3442 478 452 2828 1766 4772 2083 770 4916 1329 136 1125 2727 3689 2908 2026 3418 1030 327 4759 2492 4888 3892 4305 213 156 4633 4941 3908 3438 1767 1842 854 3195 74 4955 2748 4432 4453 3877 68 3530 1701 1831
2589 2880 2359 1460 1981 839 3671 1800 2601 3300 1040 503 433 2477 303 3312 96 3209 4482 3231 1949 1757 897 2922 4577 691 1370 1818 3982 4423 2718 2557 513 1303 1208 1049 2476 1362 1810 577 3921 2367 2053 3304 988 4037 1809 45 3005 1265 1447 4009 3991 690 1549 3650 4356 498 3064 2211 889 3569 3424 3710 4017 626 4405 2810 253 3643 3839 755 3856 4239 1724 1165 4147 924 454 4456 1576 29 906 1001 1379 1912 858 39 3030 1013 3464 744 1679 2784 2925 953 4096 3195 4201 3092
3817 3099 1857 2886 2758 190 882 1840 1760 4561 4667 433 4164 1063 679 4552 2753 2874 4413 3589 3954 3458 2507 1413 282 4015 2744 2133 3642 2650 3057 4503 4504 4376 221 1838 4444 4543 4410 3382 4168 4757 3633 4375 1385 1513 2754 4170 2687 3399 4865 1103 3087 112 1445 140 3027 2720 2852 1873 3812 601 3662 3902 2425 510 341 2842 12 4915 1530 2499 1444 3866 2870 142 4730 4759 2973 1231 143 1496 4917 4886 3126 3688 1135 2615 2612 4771 1903 103 1113 3059 4575 3566 1418 4784 2780 198
780 2065 1677 2421 4298 29 190 2221 2766 2906 757 2477 1063 2816 1584 4826 1079 2336 4590 2209 1346 2613 4363 2086 568 4887 3252 3685 2118 1309 1520 2928 4461 2973 3575 4502 2426 1947 4743 1550 2343 4056 2834 4460 1426 3660 315 4008 2906 1686 1977 3940 3961 2213 1767 1018 4075 3558 1122 4939 3593 4759 4842 4973 4829 1110 956 142 2517 3233 368 4494 1509 2813 1953 1386 3706 4473 1120 2981 1834 191 163 3759 4643 1313 4142 2767 351 3189 2079 2564 4995 663 4314 3689 2039 2588 1589 4742
617 3618 1298 3707 3976 3075 287 538 3292 1082 2354 303 679 1584 2261 3713 360 4900 1274 176 1377 3803 1934 4613 3519 565 3013 2280 2713 4977 800 3700 1266 4574 177 2719 4708 4054 633 3210 423 3168 2191 771 1657 257 384 2220 3653 1051 856 2773 4161 3216 214 4431 3329 2004 1842 4262 928 1769 2423 798 1056 2897 1869 1040 2870 2167 1297 2399 4719 547 2461 3096 1489 3561 4319 989 383 2605 2390 1085 3322 268 129 4867 4004 254 3779 1100 1311 1716 3682 353 1107 934 1703 2248
4101 947 2183 1816 4325 1919 2913 3921 1476 3094 685 3312 4552 4826 3713 4767 3550 4461 259 1702 2807 4754 2190 3612 2430 675 1477 4055 198 1809 3886 2797 2878 990 1774 488 2135 2269 3236 3440 4684 4459 127 199 1404 3953 4426 1579 206 964 3436 1192 3309 3065 2280 1489 1505 1132 1125 4161 244 1960 2286 1172 3862 4954 2244 4941 47 583 4448 2209 3626 1268 4678 946 64 3252 1737 1710 222 2232 783 3287 29 2253 4260 3579 4393 1068 231 4163 1425 4893 1966 3154 2164 3712 4337 420
4351 2405 2201 1670 4006 3150 2828 2425 1839 1412 4687 96 2753 1079 360 3550 529 74 2100 400 4698 4663 2565 4786 28 2243 864 519 3636 3744 3717 4518 3677 3159 4685 2882 4050 1457 3605 4246 1099 3252 4412 1756 3693 1579 1157 313 4109 4681 509 695 1574 2462 971 4387 3291 914 16 1067 1082 4720 4834 201 3595 627 3260 1984 2030 1260 2104 3325 2093 161 1731 4754 397 400 1631 890 2077 2470 2960 3522 3818 2282 1506 1804 4090 492 3943 3005 1623 3254 1089 27 3812 309 567 4965
3113 3680 3320 2313 3700 4559 923 110 4379 4860 49 3209 2874 2336 4900 4461 74 3901 1424 4389 1821 2454 37 2779 4153 232 1941 2256 4698 3522 3118 3525 3462 1809 1944 79 250 4643 175 4420 4652 4668 4233 3437 3183 4400 800 4029 2797 1379 4071 1460 4688 3424 2478 2894 86 3660 3717 4311 3764 3589 2866 2279 2009 2404 4044 1973 4815 3711 428 2756 649 2164 2201 3775 1357 2143 3131 2225 479 1177 3477 1198 4610 3982 2728 2324 384 1423 402 4337 2326 1890 4549 1142 721 4360 4584 1832
3814 3404 4469 563 3715 664 3689 275 1675 693 3743 4482 4413 4590 1274 259 2100 1424 4377 2976 3284 2985 1643 2963 2440 2304 4143 897 519 1010 1709 3352 1062 2819 2371 2291 1229 1987 1770 2238 1411 1826 4817 2182 3685 3298 2576 1676 1584 1451 804 1720 4438 2287 2768 3074 3024 4050 3719 4971 3844 1216 4406 2537 4054 507 738 2630 2174 4324 14 2807 3673 3933 4716 1529 2540 2306 1485 190 1960 3318 4146 871 4995 3189 442 1015 2475 2801 2754 4924 4596 3098 2002 4754 2302 795 4664 591
2082 3334 2458 2501 3955 3696 1926 2346 4628 1243 4100 3231 3589 2209 176 1702 400 4389 2976 1188 3719 902 3654 578 2544 4044 3385 833 1943 2817 767 3447 3286 4444 636 2135 4091 3979 1238 1625 2191 2630 4142 2505 3474 4944 700 4167 3080 3654 3465 4317 553 3546 3990 1000 4483 2427 1526 3739 3109 3293 716 1392 1929 2360 2004 27 2960 2608 955 3749 366 3730 4050 1200 4621 4750 3344 3910 4429 4859 3342 718 4007 832 2352 4973 4869 1403 4484 4466 4891 4950 2041 2000 565 2738 1353 990
1233 1500 1342 4478 4355 1941 1704 2365 595 3740 4026 1949 3954 1346 1377 2807 4698 1821 3284 3719 3764 3340 2415 1700 3033 2746 1069 4419 4087 2874 3749 2155 1415 2665 3959 3147 2824 3470 2122 284 2433 1139 3449 1603 4993 2019 1648 4241 800 1801 2913 4033 2035 2898 4380 3754 4350 4251 308 2615 3296 4542 4251 3798 4655 3765 3075 2861 1494 4359 143 1662 2291 637 4573 1384 1240 1073 1637 3324 4558 2498 1602 853 661 2742 3813 3730 4198 1560 1898 367 4874 734 893 238 521 3906 230 3213
4378 226 2832 1013 158 2634 3588 92 3262 4765 1654 1757 3458 2613 3803 4754 4663 2454 2985 902 3340 2842 2235 2692 3683 3288 4210 3200 4901 3456 4795 4317 3875 4581 254 3658 2783 2634 4244 4491 3320 3628 4788 3915 864 1942 469 4574 1135 4182 4103 2843 1547 3421 4832 2571 2164 1199 3308 1309 4430 1950 2452 873 1497 2295 3560 4362 43 3961 1996 2686 10 4635 2010 3193 1284 2541 833 3748 2385 1393 152 2910 1010 871 3641 3127 1354 2562 780 3985 3363 4710 1721 3575 1924 2921 1447 2709
3450 710 3139 138 1320 550 3949 1260 4408 2536 197 897 2507 4363 1934 2190 2565 37 1643 3654 2415 2235 1432 2017 4553 3313 2216 3453 4925 942 152 2031 74 4040 3348 1381 2500 3970 4799 647 553 1771 2569 799 3056 3130 3550 910 2414 1047 59 950 4643 2560 2864 4795 1184 3401 2405 4329 538 4851 235 2739 1992 4924 1388 935 1310 3240 3896 4456 3698 1603 2668 463 2918 4747 2731 1867 3437 4389 595 50 3347 3378 4274 4525 3936 167 1423 968 4911 3176 4123 4061 1842 3928 3785 191
2821 2021 3067 4216 2748 830 934 937 4387 506 746 2922 1413 2086 4613 3612 4786 2779 2963 578 1700 2692 2017 1479 360 1526 4274 3901 820 981 4488 594 1177 4533 2464 4903 2620 3783 4297 2238 4694 4385 2852 4921 521 3810 4734 28 1049 3066 240 2303 2290 3988 4810 4010 1541 4714 3812 1200 3989 1408 3937 3135 1521 432 4783 3966 2609 2396 2842 4319 1614 362 3532 3669 1786 342 3290 2463 2380 2932 2716 1264 1627 2323 4794 2632 2372 2560 2097 2054 298 510 929 1480 4878 426 446 1530
847 1277 4964 3159 346 3650 1888 4253 1456 1087 4496 4577 282 568 3519 2430 28 4153 2440 2544 3033 3683 4553 360 4681 269 250 2361 3187 3467 4444 1593 3047 1830 3313 1794 4808 799 3502 4163 472 1789 3029 939 1271 4755 4022 3932 3548 2153 1268 573 2936 274 327 251 1659 3521 4966 2690 525 1264 3825 1463 3529 4539 2045 2202 2948 787 2703 1875 3663 1423 3320 1431 2704 3138 2572 658 4293 4603 3296 768 1778 3349 2415 3567 3523 1782 1528 377 748 3792 4693 1125 3460 2859 2561 136
2711 1820 4325 3183 589 3074 1056 2157 3300 869 4149 691 4015 4887 565 675 2243 232 2304 4044 2746 3288 3313 1526 269 2791 3714 4168 4046 1429 1549 673 976 1245 2174 1371 2177 3059 2087 4786 2427 360 3235 3346 2306 2312 1653 3551 3302 3850 114 3119 1371 2635 4409 1969 2245 1069 406 3103 1723 4165 2831 1945 4444 2202 573 3266 4856 157 2054 1632 2852 481 1613 3734 4867 4318 4712 1213 892 4652 3953 4109 3645 4431 3811 3451 3663 4582 1691 4881 460 1594 395 1481 3511 3470 555 136
2654 4953 211 771 4913 3942 3147 389 44 3761 4504 1370 2744 3252 3013 1477 864 1941 4143 3385 1069 4210 2216 4274 250 3714 3166 4362 4413 3801 173 1465 2718 2582 2823 4583 3739 3355 2138 3724 677 43 1336 3851 1835 939 3282 634 195 56 3722 1596 3893 3333 2933 3946 4050 3556 2597 2926 572 4386 1186 4745 4013 400 4048 1225 4146 52 4000 2810 2573 4973 315 679 796 4466 176 1232 1823 1637 1404 1149 554 2306 1796 4599 1740 1630 947 1869 518 4454 1694 1427 3376 3369 4395 210
16 1898 2382 41 4294 3485 834 3974 1269 4551 1343 1818 2133 3685 2280 4055 519 2256 897 833 4419 3200 3453 3901 2361 4168 4362 3043 1771 2496 649 398 3158 1445 3707 4842 36 2210 893 3712 3680 4644 562 4094 2375 245 94 254 3293 2760 231 2769 1165 2642 2585 1195 2514 3763 4524 178 1050 4421 4956 3872 3232 363 2886 1402 4028 2079 2889 2070 295 3046 2968 1171 4034 2202 2773 109 867 1085 1939 824 4858 1848 3105 2103 880 2686 422 3133 4602 4672 2839 4704 547 4652 4823 4696
4751 1624 94 4741 1484 710 4199 3501 4918 2237 1171 3982 3642 2118 2713 198 3636 4698 519 1943 4087 4901 4925 820 3187 4046 4413 1771 1620 245 4099 125 1367 3365 856 361 3406 4340 4185 2269 3773 4495 4892 981 2704 3096 4070 111 709 1310 670 1673 2870 3714 4155 1696 2165 4294 1119 1846 4327 4809 1064 2854 1542 1981 2758 3430 4722 340 157 280 3903 4899 2546 1869 57 3153 2171 1361 1128 1259 2347 2759 1582 2326 4545 3638 3551 1736 935 672 2465 2924 2813 3750 3419 103 1082 4515
3913 3118 1038 994 403 1817 2352 3454 1278 2833 1785 4423 2650 1309 4977 1809 3744 3522 1010 2817 2874 3456 942 981 3467 1429 3801 2496 245 3219 3451 1703 860 2442 1308 3725 564 1068 3416 2344 1330 897 1656 1139 4633 125 4159 4525 681 535 2005 253 64 4777 2324 2525 4759 4489 488 4614 4809 2466 2998 1529 1535 267 2328 2300 3515 2475 1848 2199 2921 3252 2203 773 3774 1329 2522 3257 1891 4188 3928 2273 4593 821 3766 3582 144 4463 3216 4816 4302 1394 550 2534 2631 3364 3232 3947
1965 2156 3242 1223 2271 4635 3098 3139 132 1494 1687 2718 3057 1520 800 3886 3717 3118 1709 767 3749 4795 152 4488 4444 1549 173 649 4099 3451 4779 3315 948 539 3743 1782 1261 4935 3843 4288 4651 3196 1068 2890 2026 2752 101 744 1683 768 3155 4969 4915 3336 4802 3093 1719 4751 550 3133 2692 561 3968 4066 1656 2156 2393 2538 1920 4708 436 2331 3214 4856 3537 680 2028 1742 2747 812 4221 2995 3902 2793 4922 2444 1240 2963 1156 2207 40 4711 2429 4957 3465 4713 4388 1444 1455 4247
226 1808 3735 4310 2824 2878 2991 3405 3725 3316 1938 2557 4503 2928 3700 2797 4518 3525 3352 3447 2155 4317 2031 594 1593 673 1465 398 125 1703 3315 3519 3723 2754 3387 3918 2980 971 1507 3491 151 791 1654 1310 2892 292 2267 1383 4837 2458 2386 2133 1764 2754 2526 3079 3017 3915 1729 1584 4852 3877 3944 730 1440 3717 3709 4252 3522 1293 1372 2706 2594 4825 3884 140 2064 2494 4486 4988 3601 743 2306 361 4205 2091 557 2139 1102 3518 3466 818 4671 257 87 403 85 3782 2733 4029
210 4312 37 4376 2884 4588 415 3902 4622 4177 3187 513 4504 4461 1266 2878 3677 3462 1062 3286 1415 3875 74 1177 3047 976 2718 3158 1367 860 948 3723 2984 3887 2643 4894 488 2490 3276 2373 1126 2982 2948 1577 2922 796 3892 4909 2848 1418 4657 3386 872 498 794 4374 2452 1225 144 2011 4083 1708 4886 2112 1271 17 3513 3115 221 1466 273 4137 1272 2706 419 1460 100 2776 331 2933 1349 720 4300 2401 757 2614 541 1821 976 522 1816 1061 4174 3801 4582 3070 1497 178 3146 4544
3050 4330 351 107 2086 466 1350 825 2559 1203 4370 1303 4376 2973 4574 990 3159 1809 2819 4444 2665 4581 4040 4533 1830 1245 2582 1445 3365 2442 539 2754 3887 3694 1187 562 3674 3108 118 1367 2232 3760 3700 1314 3884 2414 3102 2682 4948 1848 630 344 1791 3521 3407 4304 3312 371 1546 4354 2963 2630 3032 2807 2378 2221 1874 3150 4870 4809 3942 4530 113 2214 4324 1454 2227 2884 266 3002 2789 2756 1393 2919 682 1623 4417 3677 845 3867 3333 1006 1571 1164 1223 2345 1092 1225 1934 56
2124 1787 4352 1049 1769 3643 1073 396 460 4954 2211 1208 221 3575 177 1774 4685 1944 2371 636 3959 254 3348 2464 3313 2174 2823 3707 856 1308 3743 3387 2643 1187 3914 2142 1173 2532 645 1573 1079 4432 4308 1150 4456 3079 3942 3849 4130 3221 4837 181 207 3993 2283 3458 2605 4762 875 1342 3695 574 1936 3366 3581 2106 26 2462 4815 2773 4132 2697 2672 4870 4725 1193 1050 310 4396 1590 3168 3304 2379 2167 2586 3668 4210 4447 3511 101 2448 4667 1471 4891 3725 4202 1829 3036 2845 3963
2271 4669 4621 4158 3200 4733 1976 4974 996 4468 3967 1049 1838 4502 2719 488 2882 79 2291 2135 3147 3658 1381 4903 1794 1371 4583 4842 361 3725 1782 3918 4894 562 2142 1092 3711 4543 1944 4019 1094 1386 151 4203 987 1304 1861 966 2175 3588 1557 2779 3948 1867 3787 650 4407 358 4719 1876 3044 404 3659 3021 371 3356 238 2584 3819 3138 644 2089 4100 3666 4545 2924 3760 18 3530 2987 1381 1059 4461 599 1549 4408 3661 2926 1458 526 887 412 1185 1291 4528 2962 3576 14 3352 3975
3887 4940 1170 1014 772 3750 4153 3030 2551 4022 3290 2476 4444 2426 4708 2135 4050 250 1229 4091 2824 2783 2500 2620 4808 2177 3739 36 3406 564 1261 2980 488 3674 1173 3711 2918 2810 4184 4212 3823 1971 31 3758 1370 864 65 1655 4156 3217 3890 3386 3387 59 158 3804 660 3958 1032 2922 87 4733 1259 3983 165 2790 2756 4225 1103 154 3984 1965 3145 2479 433 1907 395 4375 2602 3695 3800 3645 1207 2866 2697 379 1202 4496 3429 2314 1009 3592 2098 3195 1266 1001 1626 3964 30 3871
2459 3299 819 1179 2026 675 3222 1220 4012 4937 1356 1362 4543 1947 4054 2269 1457 4643 1987 3979 3470 2634 3970 3783 799 3059 3355 2210 4340 1068 4935 971 2490 3108 2532 4543 2810 942 319 1171 593 3448 679 4975 2779 1722 4869 4250 180 3213 2967 4133 1154 4577 1406 1706 1680 1828 4933 142 1750 248 267 2040 753 4404 851 2385 3473 1461 2519 690 3776 3104 565 4925 851 670 3829 3552 1813 4501 792 2824 1679 3988 2490 1087 1641 4109 1507 1293 3559 1099 1196 4265 1418 4264 4058 464
4945 2337 4853 646 4368 4803 4486 1691 2897 2160 487 1810 4410 4743 633 3236 3605 175 1770 1238 2122 4244 4799 4297 3502 2087 2138 893 4185 3416 3843 1507 3276 118 645 1944 4184 319 2412 2952 2548 1192 1581 427 4404 1873 3019 4245 4859 1290 2303 199 1991 4222 2859 849 1191 984 2564 2884 556 2697 2411 658 4406 2993 989 1051 1097 4031 2962 2844 1876 3475 1167 2807 1928 636 4915 271 350 4195 2158 3862 2821 533 3791 3080 2392 4496 1156 3364 4083 4446 2252 3319 3432 1828 968 1583
4953 3738 4614 589 2984 906 308 1611 362 2265 3459 577 3382 1550 3210 3440 4246 4420 2238 1625 284 4491 647 2238 4163 4786 3724 3712 2269 2344 4288 3491 2373 1367 1573 4019 4212 1171 2952 897 2546 3033 2704 1594 2397 2658 2843 2172 4620 2514 2288 2123 1945 3940 3895 3109 492 112 2060 4537 3992 2161 2687 2940 820 3607 4720 3287 4894 4120 3231 4560 3797 2788 1368 4654 3894 2408 3075 3822 1919 4782 567 4355 509 4025 3695 1900 404 4583 471 778 557 3824 4187 4767 768 3250 185 3482
2509 935 4658 686 4041 1731 4358 1420 1670 4246 2649 3921 4168 2343 423 4684 1099 4652 1411 2191 2433 3320 553 4694 472 2427 677 3680 3773 1330 4651 151 1126 2232 1079 1094 3823 593 2548 2546 4360 331 3947 3419 2681 386 1554 195 4657 4246 1871 4567 2494 2718 4922 4992 3629 3048 3326 1039 4622 3016 2574 4978 3712 3583 4889 4668 4714 4143 682 4153 1995 3945 3437 509 4924 3103 874 1977 2192 2563 136 4426 4330 2922 1204 110 3200 1575 2408 962 573 2507 4898 213 1438 4459 166 954
3053 2083 4769 880 1404 1244 3354 2924 48 512 195 2367 4757 4056 3168 4459 3252 4668 1826 2630 1139 3628 1771 4385 1789 360 43 4644 4495 897 3196 791 2982 3760 4432 1386 1971 3448 1192 3033 331 138 504 3123 1817 4453 4100 4709 3647 947 2037 2661 4777 3911 3964 3488 2034 1272 752 4013 839 3547 1772 4695 4832 2691 4204 1652 3196 724 3637 759 3654 416 3934 2254 2683 4601 912 3257 562 3014 3197 1564 3255 1375 158 4514 4847 2505 2699 1988 926 1431 566 821 2881 3253 2762 2086
4875 681 1444 2293 1117 688 3249 3053 2006 3907 2727 2053 3633 2834 2191 127 4412 4233 4817 4142 3449 4788 2569 2852 3029 3235 1336 562 4892 1656 1068 1654 2948 3700 4308 151 31 679 1581 2704 3947 504 3607 4328 1982 284 3529 2762 4044 2001 3931 4404 689 4441 4947 136 1254 1916 2354 3589 2742 4215 920 2597 1808 1778 4012 4027 3259 3420 180 3203 371 1088 322 3055 561 4260 2758 4935 1196 1406 1187 1222 1990 1989 1980 4128 2015 3473 1725 3107 381 3995 3307 3755 2902 1586 901 42
3554 4035 1683 4119 414 1709 656 3161 1600 1036 4330 3304 4375 4460 771 199 1756 3437 2182 2505 1603 3915 799 4921 939 3346 3851 4094 981 1139 2890 1310 1577 1314 1150 4203 3758 4975 427 1594 3419 3123 4328 2739 4873 3622 3566 3923 1130 2350 2839 1548 2276 1991 4114 4070 2525 1341 1272 4771 2716 3927 3980 2239 3564 4689 1677 2183 3690 4172 661 2218 4416 86 2406 583 4823 275 327 3121 616 1234 2784 2248 1271 2154 922 894 1925 1794 1713 4015 4872 4908 1955 3875 1258 4201 600 4972
4064 3657 2249 1554 1579 4020 1584 1109 4256 4604 1152 988 1385 1426 1657 1404 3693 3183 3685 3474 4993 864 3056 521 1271 2306 1835 2375 2704 4633 2026 2892 2922 3884 4456 987 1370 2779 4404 2397 2681 1817 1982 4873 4938 4617 4971 2577 3043 2499 4118 4173 3873 1176 3368 3691 111 1682 3071 2051 1280 3350 2312 3483 3610 2320 2883 2407 1549 4485 60 3076 150 830 1809 2183 4576 145 298 3164 2413 2992 789 4228 2092 968 1667 3947 260 2852 1102 3496 3576 4270 761 2486 1907 4956 2553 3041
4048 3445 3976 4796 1041 1877 142 2600 1108 3996 3518 4037 1513 3660 257 3953 1579 4400 3298 4944 2019 1942 3130 3810 4755 2312 939 245 3096 125 2752 292 796 2414 3079 1304 864 1722 1873 2658 386 4453 284 3622 4617 4804 3597 1565 2182 2226 510 3516 4299 2155 1912 1403 4694 121 810 2613 3311 1394 4133 1279 1141 712 3792 2672 2924 49 3843 1040 2189 3807 354 4671 2355 3424 3639 752 4585 2258 3934 4078 4287 3108 3606 4226 4378 1340 2453 1899 3341 2936 2480 3279 2808 1021 1732 1388
481 4444 2959 1328 1037 2359 3160 4447 3016 3562 4658 1809 2754 315 384 4426 1157 800 2576 700 1648 469 3550 4734 4022 1653 3282 94 4070 4159 101 2267 3892 3102 3942 1861 65 4869 3019 2843 1554 4100 3529 3566 4971 3597 1446 3918 3475 2249 3401 4500 1630 426 3987 352 839 2737 3429 2921 3288 1252 1296 3229 1095 2028 483 4238 2177 2002 3779 2312 4397 559 2377 660 4212 369 2387 1576 2452 4215 2476 2122 973 2246 1283 3664 3687 1497 175 695 4132 3956 447 3609 1551 3539 1018 3608
2296 2117 3023 2922 445 4934 365 540 4777 1676 3347 45 4170 4008 2220 1579 313 4029 1676 4167 4241 4574 910 28 3932 3551 634 254 111 4525 744 1383 4909 2682 3849 966 1655 4250 4245 2172 195 4709 2762 3923 2577 1565 3918 3875 239 4191 289 3827 2853 3708 4522 385 3464 3578 4880 1084 422 4041 1530 4888 4197 1428 3071 226 2633 2518 4834 2071 211 2158 1149 4397 4328 566 287 4134 706 4117 4527 102 3658 4191 2274 1942 3618 4150 4023 3971 1848 4314 3817 3934 4197 2189 2861 4202
4154 1577 2446 3289 3233 3392 4658 2749 2727 564 1354 3005 2687 2906 3653 206 4109 2797 1584 3080 800 1135 2414 1049 3548 3302 195 3293 709 681 1683 4837 2848 4948 4130 2175 4156 180 4859 4620 4657 3647 4044 1130 3043 2182 3475 239 3703 422 1049 195 1124 859 2164 53 1845 4575 976 1830 3145 3297 4646 2470 4481 1193 4067 68 4727 2636 2184 2908 3040 2492 973 2872 3069 331 2101 1046 1949 171 470 1164 2669 1555 2663 2882 1087 770 2348 2541 4634 4053 3703 2526 1425 1074 3489 3572
2128 4452 3594 4589 4355 3434 3078 32 1336 1662 3638 1265 3399 1686 1051 964 4681 1379 1451 3654 1801 4182 1047 3066 2153 3850 56 2760 1310 535 768 2458 1418 1848 3221 3588 3217 3213 1290 2514 4246 947 2001 2350 2499 2226 2249 4191 422 3532 3151 261 4178 676 755 2753 3774 4398 4115 795 669 3424 2276 2560 4825 4728 440 4791 319 1460 1046 1751 1765 2821 3505 3159 1411 2549 3220 4475 691 3111 4471 4403 860 654 3417 1819 490 981 69 627 3347 847 1067 3200 4150 1453 1667 2302
4149 1151 2339 352 1119 903 1758 4350 881 3015 620 1447 4865 1977 856 3436 509 4071 804 3465 2913 4103 59 240 1268 114 3722 231 670 2005 3155 2386 4657 630 4837 1557 3890 2967 2303 2288 1871 2037 3931 2839 4118 510 3401 289 1049 3151 4697 2006 3190 2967 4318 3032 4445 4488 1013 3016 1001 3664 2623 3068 4304 1046 3963 1922 2772 3795 163 4266 3423 4412 2435 3732 3708 1250 4100 4977 2316 2516 4844 2953 2861 4849 4812 979 1215 3008 531 801 2090 4092 4497 1301 3408 3948 3726 1765
3056 2851 2283 402 611 4441 2267 1036 3116 171 3493 4009 1103 3940 2773 1192 695 1460 1720 4317 4033 2843 950 2303 573 3119 1596 2769 1673 253 4969 2133 3386 344 181 2779 3386 4133 199 2123 4567 2661 4404 1548 4173 3516 4500 3827 195 261 2006 611 1503 2765 1914 3950 2128 2560 71 2903 1537 403 75 4597 3052 1404 4194 2638 1534 2386 4982 3197 3871 1815 4256 2092 3545 2590 200 2722 4041 2986 1435 558 4085 1022 3412 3339 1083 3133 2501 72 3423 1799 3196 2252 4018 1314 2679 2095
4613 1390 2751 561 4650 4644 4078 2796 2268 4106 4205 3991 3087 3961 4161 3309 1574 4688 4438 553 2035 1547 4643 2290 2936 1371 3893 1165 2870 64 4915 1764 872 1791 207 3948 3387 1154 1991 1945 2494 4777 689 2276 3873 4299 1630 2853 1124 4178 3190 1503 1692 4959 3780 1694 3952 4049 4663 208 2198 1175 4507 3728 2566 1342 694 3798 3705 914 3590 4996 425 963 1789 2758 3511 93 4554 2926 2439 1142 1711 3052 1591 305 333 4885 4351 4137 1713 3138 4364 4255 265 55 1838 2709 131 1486
3800 2555 2687 2731 1217 3588 3886 4735 2423 3432 2140 690 112 2213 3216 3065 2462 3424 2287 3546 2898 3421 2560 3988 274 2635 3333 2642 3714 4777 3336 2754 498 3521 3993 1867 59 4577 4222 3940 2718 3911 4441 1991 1176 2155 426 3708 859 676 2967 2765 4959 2971 2661 4527 1198 4131 2386 4335 1230 2479 2813 4164 1320 1788 942 3095 2762 1440 921 1426 79 1672 1984 4329 3787 2522 1975 4771 4813 1739 3972 1451 4582 3092 1587 2683 3012 2721 3225 4339 678 373 2868 1489 589 760 3213 1975
3182 1718 3314 4076 636 1395 1114 4991 2443 4259 704 1549 1445 1767 214 2280 971 2478 2768 3990 4380 4832 2864 4810 327 4409 2933 2585 4155 2324 4802 2526 794 3407 2283 3787 158 1406 2859 3895 4922 3964 4947 4114 3368 1912 3987 4522 2164 755 4318 1914 3780 2661 501 3426 3226 2935 419 3756 4729 705 1491 1881 4665 1976 2341 3313 4243 4468 4218 4231 4454 4589 1899 2424 4927 3985 2579 2599 659 3704 902 3967 988 117 4992 3914 4179 527 618 2266 107 4682 1951 1154 2653 2880 1180 2308
3808 1436 133 1493 433 4974 4533 4020 149 4026 2124 3650 140 1018 4431 1489 4387 2894 3074 1000 3754 2571 4795 4010 251 1969 3946 1195 1696 2525 3093 3079 4374 4304 3458 650 3804 1706 849 3109 4992 3488 136 4070 3691 1403 352 385 53 2753 3032 3950 1694 4527 3426 3881 3737 4636 4349 2966 1257 4909 4882 3286 2122 492 981 1648 2114 72 1172 1346 3493 3862 3064 4788 537 1665 4172 2954 3983 3747 2707 2184 183 4567 4048 2420 1074 2623 4271 4818 4713 267 2853 4323 3572 314 4119 4231
106 3739 120 4477 2122 3460 305 4672 1537 3157 3442 4356 3027 4075 3329 1505 3291 86 3024 4483 4350 2164 1184 1541 1659 2245 4050 2514 2165 4759 1719 3017 2452 3312 2605 4407 660 1680 1191 492 3629 2034 1254 2525 111 4694 839 3464 1845 3774 4445 2128 3952 1198 3226 3737 2146 1918 1776 2089 932 635 1498 2629 3923 4786 3277 789 3045 4807 2443 1032 958 153 1526 1151 2957 832 3702 75 1998 232 261 2558 2657 1323 4280 3546 425 1866 2381 4744 3753 4949 2129 3558 4145 1691 1807 1339
3912 4684 4099 2938 3570 1065 618 4678 1251 3302 478 498 2720 3558 2004 1132 914 3660 4050 2427 4251 1199 3401 4714 3521 1069 3556 3763 4294 4489 4751 3915 1225 371 4762 358 3958 1828 984 112 3048 1272 1916 1341 1682 121 2737 3578 4575 4398 4488 2560 4049 4131 2935 4636 1918 62 4992 2746 109 2471 383 4493 2778 542 4382 3833 1552 1535 2669 4697 110 3618 4554 2960 1977 4575 2879 2795 3201 1312 1061 1566 2970 227 4936 4040 4631 4468 708 2665 3660 4694 1173 3734 212 81 1798 2805
3522 2824 830 193 2982 2733 185 2955 1576 3704 452 3064 2852 1122 1842 1125 16 3717 3719 1526 308 3308 2405 3812 4966 406 2597 4524 1119 488 550 1729 144 1546 875 4719 1032 4933 2564 2060 3326 752 2354 1272 3071 810 3429 4880 976 4115 1013 71 4663 2386 419 4349 1776 4992 1227 183 4493 1835 817 11 2100 2565 3433 545 3104 1988 4872 333 1043 4982 3891 2244 12 1922 2390 4806 1762 2413 1581 4256 3119 301 903 2211 4923 4835 1960 1887 2566 3853 4486 1425 36 2543 4381 2506
4332 3246 4943 1342 746 2471 4744 1827 4907 145 2828 2211 1873 4939 4262 4161 1067 4311 4971 3739 2615 1309 4329 1200 2690 3103 2926 178 1846 4614 3133 1584 2011 4354 1342 1876 2922 142 2884 4537 1039 4013 3589 4771 2051 2613 2921 1084 1830 795 3016 2903 208 4335 3756 2966 2089 2746 183 1838 1690 3439 2844 2989 2921 602 1716 955 4115 3339 2012 4060 1786 2982 4202 4427 1901 2097 341 3435 3176 2022 4024 3098 1968 2812 1908 1236 4718 2806 3642 733 4114 3860 1147 2570 4852 2860 12 205
131 1107 3546 4875 4027 396 1043 4129 3693 1237 1766 889 3812 3593 928 244 1082 3764 3844 3109 3296 4430 538 3989 525 1723 572 1050 4327 4809 2692 4852 4083 2963 3695 3044 87 1750 556 3992 4622 839 2742 2716 1280 3311 3288 422 3145 669 1001 1537 2198 1230 4729 1257 932 109 4493 1690 4904 3478 2016 2517 2714 3022 2225 3879 3661 2002 871 371 4100 573 4759 3281 4098 4807 2834 542 1648 1932 860 2176 1767 3324 1710 3974 189 3167 2790 3523 183 1843 2939 2398 4115 4925 493 4071
330 1161 2008 4911 421 534 341 4623 4706 4016 4772 3569 601 4759 1769 1960 4720 3589 1216 3293 4542 1950 4851 1408 1264 4165 4386 4421 4809 2466 561 3877 1708 2630 574 404 4733 248 2697 2161 3016 3547 4215 3927 3350 1394 1252 4041 3297 3424 3664 403 1175 2479 705 4909 635 2471 1835 3439 3478 2639 744 888 2693 4448 4590 2918 3657 142 4634 3231 450 4508 3726 2971 99 736 1776 4687 4858 685 3183 1807 567 3980 1133 2367 4420 3699 2130 3909 3637 3625 3264 1530 2149 2087 767 3677
1358 315 3196 2532 4071 4400 2655 749 16 1121 2083 3424 3662 4842 2423 2286 4834 2866 4406 716 4251 2452 235 3937 3825 2831 1186 4956 1064 2998 3968 3944 4886 3032 1936 3659 1259 267 2411 2687 2574 1772 920 3980 2312 4133 1296 1530 4646 2276 2623 75 4507 2813 1491 4882 1498 383 817 2844 2016 744 1520 2309 4559 208 859 158 2149 70 739 34 3411 3390 622 4344 682 669 2962 3130 1035 3906 1329 1686 4450 814 455 3783 3788 2046 3217 263 3967 734 645 2513 3857 1158 3698 4131
2051 1902 902 1268 4352 1839 3660 478 2079 3504 770 3710 3902 4973 798 1172 201 2279 2537 1392 3798 873 2739 3135 1463 1945 4745 3872 2854 1529 4066 730 2112 2807 3366 3021 3983 2040 658 2940 4978 4695 2597 2239 3483 1279 3229 4888 2470 2560 3068 4597 3728 4164 1881 3286 2629 4493 11 2989 2517 888 2309 1261 1977 514 4715 1684 1026 4368 4220 4929 1047 2926 2777 2413 582 3295 231 4724 2599 2375 4440 2300 2697 2023 3051 2933 3108 182 1251 1220 3260 523 3689 2697 1430 1869 4020 2490
4054 4002 4897 2240 574 3349 2984 1462 144 1816 4916 4017 2425 4829 1056 3862 3595 2009 4054 1929 4655 1497 1992 1521 3529 4444 4013 3232 1542 1535 1656 1440 1271 2378 3581 371 165 753 4406 820 3712 4832 1808 3564 3610 1141 1095 4197 4481 4825 4304 3052 2566 1320 4665 2122 3923 2778 2100 2921 2714 2693 4559 1977 4609 4178 4773 3305 305 3923 3853 3581 2083 181 1682 1341 3558 3859 650 2933 4092 3583 3427 2505 411 2079 1872 245 4755 491 3367 2849 603 403 4841 4259 2116 3342 4176 1417
1579 2769 4549 170 2309 2867 1133 2173 3122 1684 1329 626 510 1110 2897 4954 627 2404 507 2360 3765 2295 4924 432 4539 2202 400 363 1981 267 2156 3717 17 2221 2106 3356 2790 4404 2993 3607 3583 2691 1778 4689 2320 712 2028 1428 1193 4728 1046 1404 1342 1788 1976 492 4786 542 2565 602 3022 4448 208 514 4178 4028 1219 2990 991 325 903 4680 4729 2059 2768 2333 2449 3088 4177 154 352 807 1660 1963 243 1567 3685 3425 885 2263 2993 598 2047 3720 854 2825 434 4535 1557 4583
3687 2454 2083 3211 176 2853 1981 184 2633 4499 136 4405 341 956 1869 2244 3260 4044 738 2004 3075 3560 1388 4783 2045 573 4048 2886 2758 2328 2393 3709 3513 1874 26 238 2756 851 989 4720 4889 4204 4012 1677 2883 3792 483 3071 4067 440 3963 4194 694 942 2341 981 3277 4382 3433 1716 2225 4590 859 4715 4773 1219 1929 1575 3551 4077 1147 1021 1288 886 3627 3080 984 1991 1151 626 3442 2210 3318 2412 3884 3349 540 154 2435 1860 2439 1085 4901 1648 631 547 3180 4472 1089 581
2963 4621 4215 2904 311 608 4016 3369 3616 2112 1125 2810 2842 142 1040 4941 1984 1973 2630 27 2861 4362 935 3966 2202 3266 1225 1402 3430 2300 2538 4252 3115 3150 2462 2584 4225 2385 1051 3287 4668 1652 4027 2183 2407 2672 4238 226 68 4791 1922 2638 3798 3095 3313 1648 789 3833 545 955 3879 2918 158 1684 3305 2990 1575 1744 2035 4108 1936 187 559 3451 1433 2356 184 255 2159 1949 877 3148 2571 2051 1840 453 4347 396 4926 684 77 2985 1134 1802 1119 2404 3978 997 3086 698
4963 3889 2627 3951 1849 4865 3750 3799 384 1422 2727 253 12 2517 2870 47 2030 4815 2174 2960 1494 43 1310 2609 2948 4856 4146 4028 4722 3515 1920 3522 221 4870 4815 3819 1103 3473 1097 4894 4714 3196 3259 3690 1549 2924 2177 2633 4727 319 2772 1534 3705 2762 4243 2114 3045 1552 3104 4115 3661 3657 2149 1026 305 991 3551 2035 3251 1014 2121 4186 4791 2150 2655 647 3642 527 3987 2558 162 3268 2253 2206 4710 4590 2288 3070 1158 3244 1719 2997 647 2248 4888 2272 2733 2598 2461 575
3457 1098 1755 443 4362 4524 580 2287 4693 380 3689 3643 4915 3233 2167 583 1260 3711 4324 2608 4359 3961 3240 2396 787 157 52 2079 340 2475 4708 1293 1466 4809 2773 3138 154 1461 4031 4120 4143 724 3420 4172 4485 49 2002 2518 2636 1460 3795 2386 914 1440 4468 72 4807 1535 1988 3339 2002 142 70 4368 3923 325 4077 4108 1014 4856 1298 3424 4683 3743 1995 3311 2449 1191 1882 2994 125 4565 469 2669 3390 4939 3714 2981 1762 469 1540 3507 845 3421 3834 951 1393 3502 2067 4550
4072 3261 4936 2643 2354 3590 2542 4442 3398 4380 2908 3839 1530 368 1297 4448 2104 428 14 955 143 1996 3896 2842 2703 2054 4000 2889 157 1848 436 1372 273 3942 4132 644 3984 2519 2962 3231 682 3637 180 661 60 3843 3779 4834 2184 1046 163 4982 3590 921 4218 1172 2443 2669 4872 2012 871 4634 739 4220 3853 903 1147 1936 2121 1298 3931 3488 2251 3808 2674 2063 3091 4267 1624 2692 2001 2572 4847 2597 1984 1807 3128 1413 1470 4427 274 333 1927 2556 58 884 3606 1344 3828 154
4770 690 1510 1956 4277 1985 2855 4686 1005 2988 2026 755 2499 4494 2399 2209 3325 2756 2807 3749 1662 2686 4456 4319 1875 1632 2810 2070 280 2199 2331 2706 4137 4530 2697 2089 1965 690 2844 4560 4153 759 3203 2218 3076 1040 2312 2071 2908 1751 4266 3197 4996 1426 4231 1346 1032 4697 333 4060 371 3231 34 4929 3581 4680 1021 187 4186 3424 3488 2023 435 3574 3503 1020 2648 615 3506 3055 4784 3776 751 2820 2846 4982 4992 3576 2864 844 2270 3440 2307 1136 309 703 1640 2012 2651 1483
4605 3820 2292 2446 791 585 3576 4998 3789 519 3418 3856 1444 1509 4719 3626 2093 649 3673 366 2291 10 3698 1614 3663 2852 2573 295 3903 2921 3214 2594 1272 113 2672 4100 3145 3776 1876 3797 1995 3654 371 4416 150 2189 4397 211 3040 1765 3423 3871 425 79 4454 3493 958 110 1043 1786 4100 450 3411 1047 2083 4729 1288 559 4791 4683 2251 435 2399 3163 2235 178 4276 4264 4482 3590 2857 1106 914 4590 2548 1617 1609 2261 2021 1511 985 2984 1780 3245 4615 3044 190 848 2323 4986
4789 1225 3677 3564 777 386 3606 4888 4936 1995 1030 4239 3866 2813 547 1268 161 2164 3933 3730 637 4635 1603 362 1423 481 4973 3046 4899 3252 4856 4825 2706 2214 4870 3666 2479 3104 3475 2788 3945 416 1088 86 830 3807 559 2158 2492 2821 4412 1815 963 1672 4589 3862 153 3618 4982 2982 573 4508 3390 2926 181 2059 886 3451 2150 3743 3808 3574 3163 2359 1341 1207 1255 460 3399 831 105 4456 2219 2532 4154 4224 1454 4153 4456 4598 2588 1698 4164 264 266 1533 1904 1582 3444 2509
4925 1307 2467 4241 3379 605 180 3061 1814 3099 327 1724 2870 1953 2461 4678 1731 2201 4716 4050 4573 2010 2668 3532 3320 1613 315 2968 2546 2203 3537 3884 419 4324 4725 4545 433 565 1167 1368 3437 3934 322 2406 1809 354 2377 1149 973 3505 2435 4256 1789 1984 1899 3064 1526 4554 3891 4202 4759 3726 622 2777 1682 2768 3627 1433 2655 1995 2674 3503 2235 1341 1927 1329 3206 666 1167 1110 4651 2437 527 1990 711 618 2002 1814 4754 969 3368 2189 1067 1154 2423 697 3935 4484 4823 72
1895 2296 3324 4641 2349 3870 3750 3956 1552 1095 4759 1165 142 1386 3096 946 4754 3775 1529 1200 1384 3193 463 3669 1431 3734 679 1171 1869 773 680 140 1460 1454 1193 2924 1907 4925 2807 4654 509 2254 3055 583 2183 4671 660 4397 2872 3159 3732 2092 2758 4329 2424 4788 1151 2960 2244 4427 3281 2971 4344 2413 1341 2333 3080 2356 647 3311 2063 1020 178 1207 1329 2455 1387 2205 2564 3418 2316 2933 3858 3730 4252 905 2512 2684 2497 1561 409 810 2190 4402 3027 3024 881 3064 609 4061
4745 3614 1070 3186 948 2259 3662 1795 3458 2570 2492 4147 4730 3706 1489 64 397 1357 2540 4621 1240 1284 2918 1786 2704 4867 796 4034 57 3774 2028 2064 100 2227 1050 3760 395 851 1928 3894 4924 2683 561 4823 4576 2355 4212 4328 3069 1411 3708 3545 3511 3787 4927 537 2957 1977 12 1901 4098 99 682 582 3558 2449 984 184 3642 2449 3091 2648 4276 1255 3206 1387 1842 110 1069 2199 13 4600 3177 3197 2358 211 465 347 3997 1752 3775 507 4695 4519 4314 1512 485 3862 87 4448
4666 541 4424 3750 499 2682 3732 460 1326 1055 4888 924 4759 4473 3561 3252 400 2143 2306 4750 1073 2541 4747 342 3138 4318 4466 2202 3153 1329 1742 2494 2776 2884 310 18 4375 670 636 2408 3103 4601 4260 275 145 3424 369 566 331 2549 1250 2590 93 2522 3985 1665 832 4575 1922 2097 4807 736 669 3295 3859 3088 1991 255 527 1191 4267 615 4264 460 666 2205 110 2438 400 3462 849 2904 4155 856 1841 3773 2356 4706 2644 632 1798 3806 4405 2740 3617 1986 2546 2039 4985 3402
4238 1500 236 97 4204 507 3166 4227 4787 3865 3892 454 2973 1120 4319 1737 1631 3131 1485 3344 1637 833 2731 3290 2572 4712 176 2773 2171 2522 2747 4486 331 266 4396 3530 2602 3829 4915 3075 874 912 2758 327 298 3639 2387 287 2101 3220 4100 200 4554 1975 2579 4172 3702 2879 2390 341 2834 1776 2962 231 650 4177 1151 2159 3987 1882 1624 3506 4482 3399 1167 2564 1069 400 4514 3951 1064 2614 3746 716 874 3750 1540 3025 4802 4135 594 1713 524 4994 249 4260 830 2226 4253 2985
4509 2837 2156 3445 1415 1775 587 3548 1391 3508 4305 4456 1231 2981 989 1710 890 2225 190 3910 3324 3748 1867 2463 658 1213 1232 109 1361 3257 812 4988 2933 3002 1590 2987 3695 3552 271 3822 1977 3257 4935 3121 3164 752 1576 4134 1046 4475 4977 2722 2926 4771 2599 2954 75 2795 4806 3435 542 4687 3130 4724 2933 154 626 1949 2558 2994 2692 3055 3590 831 1110 3418 2199 3462 3951 238 3383 3920 4824 2599 1936 1617 2530 3561 2625 3068 4225 2408 409 3346 2906 3509 1364 1144 2944 3803
3405 73 1369 4149 1388 2568 241 3627 654 4111 213 1576 143 1834 383 222 2077 479 1960 4429 4558 2385 3437 2380 4293 892 1823 867 1128 1891 4221 3601 1349 2789 3168 1381 3800 1813 350 1919 2192 562 1196 616 2413 4585 2452 706 1949 691 2316 4041 2439 4813 659 3983 1998 3201 1762 3176 1648 4858 1035 2599 4092 352 3442 877 162 125 2001 4784 2857 105 4651 2316 13 849 1064 3383 4954 4232 3813 2310 4111 4885 2990 400 4001 4065 4696 1090 3094 3419 3483 866 3491 828 1445 3247
3368 135 2674 2083 608 373 3102 3431 3050 453 156 29 1496 191 2605 2232 2470 1177 3318 4859 2498 1393 4389 2932 4603 4652 1637 1085 1259 4188 2995 743 720 2756 3304 1059 3645 4501 4195 4782 2563 3014 1406 1234 2992 2258 4215 4117 171 3111 2516 2986 1142 1739 3704 3747 232 1312 2413 2022 1932 685 3906 2375 3583 807 2210 3148 3268 4565 2572 3776 1106 4456 2437 2933 4600 2904 2614 3920 4232 648 3240 1555 3933 4784 346 1886 2370 3948 2693 4474 4621 2261 4760 722 2826 1954 291 3713
