N: 100
M: 20
Symmetric: true
Triangle: false
3 95 30 20
6 9 48 17 64 67 18
5 35 61 72 3 78
6 57 93 6 85 29 74
2 46 81
4 1 76 52 2
2 56 33
4 62 47 82 21
6 94 11 43 16 51 50
8 96 39 86 22 58 79 97 55
6 27 59 38 68 99 8
4 23 90 49 92
6 73 19 32 7 40 54
7 10 75 42 12 60 31 77
8 25 98 41 4 87 100 28 83
5 71 70 36 24 13
3 65 88 5
4 15 37 91 89
5 66 84 26 44 63
6 14 34 45 69 80 53
561 4508 268 518 1328 899 615 2883 1177 1028 2566 1786 2531 1241 3038 4459 637 3794 3658 2141 3520 3002 3537 3859 2923 856 3804 998 1704 3532 2245 2054 2530 2278 1144 4907 1346 3614 233 498 2963 2458 791 93 2601 2573 3777 4869 2095 2646 2898 4595 1614 3245 941 1825 2044 1847 4986 2299 3281 4543 2198 776 1678 2136 3580 2100 3671 1257 2528 4055 1462 4379 220 2768 3073 1149 3173 4911 1374 988 2210 2446 1824 147 1000 3829 362 3908 921 4162 4869 3574 2911 1098 4467 3349 3161 1998
4508 4736 4147 2196 4505 1006 2660 4797 791 2131 2811 1203 1704 493 3926 2330 1468 4383 4515 449 2358 4214 4349 13 3482 1209 755 1533 929 1679 3688 2240 1649 1241 3942 2903 3813 4502 176 134 3180 3769 181 3388 1780 4231 3824 3787 2554 4174 2103 206 2304 1648 2665 1501 4822 2987 4518 3622 4654 3076 1749 1427 1357 3368 4381 2661 1961 2266 901 2523 3246 2545 4381 180 1898 455 2019 2815 1294 4672 3665 4685 1362 3724 784 634 1850 1248 1914 3569 3253 4414 1201 4687 3720 2146 3381 3171
268 4147 3006 2119 3798 1695 2847 4333 60 348 962 1427 1736 3878 1492 318 4439 4148 3314 2921 3566 326 3524 1872 1905 1979 1796 4199 277 1155 1375 3219 4531 2843 4931 309 101 211 2377 3450 3135 3287 2533 460 1135 4477 676 3900 4488 2586 4083 1749 2028 965 1676 3290 2173 4645 1137 1696 3659 487 4079 4474 3131 2421 681 787 4613 2826 3608 4534 4485 4905 3772 1188 2384 2447 3003 2295 357 1488 1753 1052 98 2634 2747 1643 2071 2789 3348 2095 1186 2628 1652 904 2958 4937 4340 2347
518 2196 2119 2086 3412 416 1353 3727 1895 806 4880 3042 578 4495 2270 3703 984 1803 397 3307 3434 4913 1431 2434 4922 1931 2808 2976 3609 3555 522 961 351 741 2240 2358 2330 1689 1461 2279 1755 2225 4284 1579 4578 4564 3268 1614 3228 1622 3302 2850 1209 2156 1832 3275 1833 3229 3039 57 4806 272 25 3395 387 4885 4837 4504 2775 3683 3841 4953 4009 4400 894 2971 3338 3205 2733 332 4583 3657 2570 720 2837 2958 3886 3770 16 4155 4486 2957 448 2025 3319 804 3935 2805 1230 1858
1328 4505 3798 3412 3994 388 1932 3311 2692 1846 3297 4307 2821 1673 748 4828 1107 165 4083 1127 4594 2384 191 2983 1231 2777 1354 372 2686 2667 2884 2249 3561 2304 4000 1696 1771 4975 4674 2425 30 4129 3469 3289 362 4730 1937 4888 3807 169 1430 2355 2909 2397 3382 4900 3205 4104 886 2121 2764 703 4762 1548 522 1418 3332 3952 2542 1012 4878 3199 668 4057 591 1426 2254 631 4447 2397 903 467 914 4438 2376 4124 2852 1661 3922 1106 3058 1958 265 2610 3060 292 4541 932 4800 3789
899 1006 1695 416 388 2843 812 32 3143 4244 4061 2401 3517 3446 2036 4559 3854 4908 719 2197 1162 3986 1325 885 2855 2559 4135 1898 778 4264 1377 409 3758 4926 2326 1834 1973 2890 2306 4427 4243 933 2640 4043 908 2816 590 728 2933 434 4389 1517 3575 2591 4040 1513 578 3090 1295 1291 4054 3215 1479 2201 646 480 226 140 2272 1415 2895 1093 4260 4821 1475 1300 3106 22 2068 3397 696 184 4980 982 2077 1276 1950 163 1333 2932 172 4662 1594 3233 3948 1250 450 412 4321 817
615 2660 2847 1353 1932 812 1048 2914 4709 1988 2883 4167 3490 4314 538 84 3911 1583 4614 4526 4367 4050 2058 3317 99 594 3610 4635 164 3110 4278 3117 211 3244 543 3978 3544 4525 2579 4144 3758 489 826 1874 3904 4356 1461 1176 435 2269 1551 3431 1004 3682 2105 1540 4342 1792 3405 1866 1670 4787 2261 4163 2833 344 2426 3357 688 2797 1574 2286 4131 3707 4729 1065 3052 2229 3274 1727 4595 309 746 4718 3352 2047 878 4500 588 1600 1134 1506 3873 4364 4362 4270 1504 1748 2171 3042
2883 4797 4333 3727 3311 32 2914 2486 3006 1660 1316 4994 3022 2388 3026 4618 650 2215 2882 2978 2118 4955 3913 3912 4847 771 2178 4559 4034 3880 2942 2281 2048 2725 1155 1872 909 4418 1477 2329 653 3465 1069 3701 3405 3398 3100 2662 2344 2030 314 3843 1653 3818 1611 635 555 950 1507 2440 3861 3454 4112 2058 3881 1168 4214 765 4318 195 4765 1133 4915 534 2242 3830 4364 1465 849 283 2689 3938 3681 312 724 78 3184 3967 1165 1179 4229 4900 4960 236 904 4156 709 3780 1808 2314
1177 791 60 1895 2692 3143 4709 3006 4860 368 3274 175 3246 4461 4513 1693 3033 3471 400 3490 1473 4366 4512 558 210 3917 101 288 4694 4016 3255 2951 1412 4997 4672 2467 455 1305 1974 3682 2493 2550 266 2902 892 2303 1705 4110 261 534 3666 2792 4638 4487 477 2513 1595 3361 3948 665 2451 1454 1556 426 2306 694 340 4396 1932 948 4732 3350 357 2762 2901 3503 2244 3192 4398 3784 4532 351 4137 2786 3237 3688 2891 1148 4784 859 1592 2346 2501 447 730 1071 173 4192 1417 410
1028 2131 348 806 1846 4244 1988 1660 368 1608 210 1868 4800 2484 3669 3407 4855 382 800 1303 1500 2230 4345 1698 1670 3327 2696 4864 326 2901 1746 2757 3827 3330 957 1481 1752 2396 1332 1476 1770 2640 1942 275 681 3581 4238 4899 2581 201 3322 4958 2238 843 3790 3713 4801 2371 90 3005 2967 212 3540 1080 1071 3401 1657 1039 2122 4262 2349 1267 2364 4528 1843 2952 2336 3417 2020 2465 3085 2027 2986 1357 1573 4039 550 3237 4471 1103 4593 3900 4100 741 2777 1054 1415 1240 3765 1901
2566 2811 962 4880 3297 4061 2883 1316 3274 210 4282 3529 1505 3148 2107 99 4203 392 3077 834 3268 3248 3331 4109 1917 2480 4456 4115 3787 3285 4998 3502 3690 4099 4651 2354 3615 3365 1049 633 4992 772 3348 3838 1696 3846 3543 4542 3787 1782 3868 1292 1777 1246 4487 2308 484 2586 1729 4849 43 2102 1424 1394 2292 2672 4877 3937 2760 757 2681 4445 1756 4216 624 4315 3407 4110 750 2608 3520 3417 4202 895 2771 2562 359 1053 354 3366 1746 400 3108 1266 335 2385 3155 359 2876 4100
1786 1203 1427 3042 4307 2401 4167 4994 175 1868 3529 4217 554 3489 1192 772 3619 113 2515 1535 3581 2435 2723 3256 4644 3595 3703 3147 1172 994 2925 3278 3786 4549 870 2245 2620 3592 2737 4154 4714 3883 3054 3219 349 2789 3504 4271 3677 4155 2932 1690 4739 1389 293 4189 1014 3565 2993 3809 4215 4979 2418 253 2388 4873 1208 4476 1971 4619 3613 4465 3549 4896 766 3897 99 4271 2680 4542 3033 1649 3305 3879 1629 1298 3023 2447 4394 2977 4153 1829 402 3121 3686 297 3756 2943 2761 1931
2531 1704 1736 578 2821 3517 3490 3022 3246 4800 1505 554 1714 2852 4231 83 4525 4978 4915 1701 4331 1026 4805 189 474 2705 2000 3667 4436 1204 1198 1994 2557 2280 3520 3585 1158 1918 1780 4967 1838 2069 4814 3003 1167 1290 4674 4141 3076 4101 176 3818 2432 4341 4080 229 4934 4086 435 3396 1989 4512 926 182 4523 3748 57 4680 1609 4024 4811 2285 2099 1967 3224 3889 2532 1458 4582 325 1637 720 3489 1171 4960 1075 2724 3616 1466 4518 3859 1612 3399 2359 4453 4638 891 996 90 2409
1241 493 3878 4495 1673 3446 4314 2388 4461 2484 3148 3489 2852 1222 3014 3320 322 886 244 2335 1713 1434 4375 4595 112 2003 1618 4442 541 2634 928 3232 136 1117 1217 2738 2849 1531 3940 4774 1353 1116 2884 2654 4505 1599 3827 2289 3164 2215 1865 3926 755 2033 4919 2962 2856 1837 3162 1716 4984 4863 943 3966 3184 3743 3236 3804 400 4759 4509 1741 3197 36 2873 1108 2020 2828 1190 3285 1780 4021 2421 3388 1742 3968 4321 326 3028 2518 1953 1018 3505 3714 1856 2708 306 2114 3083 1062
3038 3926 1492 2270 748 2036 538 3026 4513 3669 2107 1192 4231 3014 4587 1398 2719 3284 3636 1255 4938 4624 783 1246 2884 1022 2402 301 243 706 2655 4084 4429 363 407 4932 1304 1330 58 1590 392 2140 441 4172 1483 3096 822 2256 306 3508 3877 3160 601 825 958 2198 2863 1135 1929 2051 741 1398 2767 100 3818 2012 3043 2402 3205 550 1711 3371 2059 767 2153 905 860 4151 4525 3643 4952 4375 3396 1367 3262 3447 687 3720 2963 3213 781 3321 3703 2694 3833 4771 3810 2972 1889 2768
4459 2330 318 3703 4828 4559 84 4618 1693 3407 99 772 83 3320 1398 1315 1414 2478 2462 431 2061 4888 1529 3205 1384 1757 173 4654 1032 2739 3945 2524 1690 3037 2599 4377 1323 4908 4993 4565 3172 563 2856 1861 1528 3232 1964 1589 4617 2568 211 3733 4904 1216 1689 147 455 1628 2766 4801 2964 804 3890 2855 4483 2451 4063 4157 2208 3476 738 2321 1695 4968 3182 4405 2587 2206 2146 3572 1034 16 3201 579 2256 2894 3312 475 1966 551 2808 3680 3535 4758 1103 4319 1449 3954 3353 2591
637 1468 4439 984 1107 3854 3911 650 3033 4855 4203 3619 4525 322 2719 1414 3061 1441 2104 529 2054 4897 1068 3491 4200 2500 1069 3236 4828 4286 4253 373 3824 4906 735 1388 1365 1769 1514 762 2818 3336 221 2715 4211 2764 1511 4365 814 191 3341 2402 962 4873 569 3497 2064 2519 3923 2033 1401 3758 4642 1065 2962 2902 3750 4617 3982 3359 4819 4228 1571 4565 1769 1591 1168 4275 333 3860 1853 1621 3119 2987 895 756 1976 1551 2469 3838 4500 4572 1852 2382 3949 4382 1611 1255 518 3655
3794 4383 4148 1803 165 4908 1583 2215 3471 382 392 113 4978 886 3284 2478 1441 798 4991 3984 380 3514 2113 1207 533 3211 3255 3161 4381 821 1064 1270 2751 2504 4587 179 4091 3412 3417 1965 3999 184 2435 4107 61 88 4468 2890 30 4223 4886 1388 277 3843 4203 2136 4757 2013 2644 1923 1390 3486 3355 4354 2158 1980 3492 3229 2233 3891 2260 3912 223 4291 2831 4711 2143 4871 3061 4284 3753 1623 3749 2081 4043 292 1569 4049 4102 4848 3718 2390 382 4224 712 2399 1229 1472 908 3518
3658 4515 3314 397 4083 719 4614 2882 400 800 3077 2515 4915 244 3636 2462 2104 4991 1546 2294 4372 3764 3941 3945 3815 1857 1001 721 1471 2166 3193 1717 2060 1368 2044 2625 3142 1966 2204 2346 4443 1235 251 4460 101 1418 236 2200 379 3672 2102 2588 56 247 2166 4179 755 1481 1889 2309 3295 1914 1361 946 4022 1626 2185 4558 1901 251 1100 4824 2981 3724 365 2056 401 4470 2488 2505 2297 4761 3517 3469 4641 2662 3902 51 1245 1631 3792 4545 2623 2922 4329 1538 1297 2961 1127 2760
2141 449 2921 3307 1127 2197 4526 2978 3490 1303 834 1535 1701 2335 1255 431 529 3984 2294 4366 2874 4113 374 3071 1560 1222 1947 695 2786 488 2842 710 3393 1443 619 576 641 3842 1862 1603 1773 3985 1637 1141 1899 1679 3158 3368 1998 1389 508 2211 3945 1417 94 140 2833 2519 1883 63 1717 337 752 2113 832 3729 1620 4709 1137 2991 1985 2881 358 3795 1649 1174 665 648 1673 1015 1315 2747 4770 925 2868 530 1092 4499 731 2932 4294 3109 4198 3749 4829 1226 695 4141 4500 2736
3520 2358 3566 3434 4594 1162 4367 2118 1473 1500 3268 3581 4331 1713 4938 2061 2054 380 4372 2874 4985 1242 1255 4590 1733 3065 3964 2651 879 2310 3250 1603 2234 1067 245 4756 2729 3624 3256 1315 3879 4697 1055 4161 4438 4446 4090 937 1476 1466 709 2730 2148 4367 3122 887 2482 2222 4026 548 1560 4210 2344 3193 1367 3991 4015 3981 1209 986 91 2743 994 3680 3493 1065 3428 2452 222 3370 2128 2301 3650 2935 3977 4989 4725 1608 4762 2553 4945 129 319 3376 1633 535 3031 2679 867 4258
3002 4214 326 4913 2384 3986 4050 4955 4366 2230 3248 2435 1026 1434 4624 4888 4897 3514 3764 4113 1242 903 369 1236 1050 3238 1267 1619 2443 3192 1189 819 860 1247 2541 2042 3014 187 2737 2140 3197 3455 3076 607 499 4337 3558 2553 3021 34 1554 661 2861 2353 1022 3486 650 2461 1329 4932 1313 2057 3281 851 2940 2504 4826 1183 134 4687 2766 4497 4425 4940 889 3136 678 1111 3999 4845 2745 2161 3628 2020 4016 4382 1480 2184 1148 4233 472 3895 279 2345 3145 692 3364 2853 1222 2848
3537 4349 3524 1431 191 1325 2058 3913 4512 4345 3331 2723 4805 4375 783 1529 1068 2113 3941 374 1255 369 2260 432 3639 2178 713 3146 2634 472 589 1405 1030 3310 2345 1288 886 4360 1618 1142 4743 3287 1188 2357 3791 1421 88 3085 177 3457 930 123 2871 2919 2917 4163 4974 2483 185 4090 1620 150 2705 423 4037 3806 2669 3662 1578 3615 927 2495 2023 2221 181 4764 63 4636 4495 747 1196 1104 2010 481 1258 4138 3402 4695 2055 4781 4607 734 4791 1914 1381 528 1390 2455 388 300
3859 13 1872 2434 2983 885 3317 3912 558 1698 4109 3256 189 4595 1246 3205 3491 1207 3945 3071 4590 1236 432 782 1159 3056 1327 2686 980 357 3628 3785 1280 1620 2356 2294 4684 3010 3436 1243 3817 623 4386 4447 106 3763 461 3982 132 3736 1540 4366 2254 3342 4667 2771 4479 2634 2562 4304 4970 74 2614 2404 1745 854 2432 675 2671 2886 729 2747 297 1291 3993 2219 2488 2354 2283 586 1136 2858 1563 318 2192 3706 3145 1246 1495 4484 2625 3147 3503 3103 3793 3442 678 1113 1729 2856
2923 3482 1905 4922 1231 2855 99 4847 210 1670 1917 4644 474 112 2884 1384 4200 533 3815 1560 1733 1050 3639 1159 4603 499 3312 4608 130 2709 3092 2526 4789 450 605 2618 4523 3650 3392 4788 959 1686 743 4058 3064 3989 1076 3932 2669 557 590 553 1397 3649 1397 722 3537 412 3318 1483 180 2523 2352 4670 3323 2161 1775 2613 532 2282 4009 4626 3060 2232 4074 2081 764 1095 4166 2447 3850 4918 3984 2576 1794 1285 4609 3081 716 4609 2573 2553 1135 459 4551 1117 1415 3516 1334 1583
856 1209 1979 1931 2777 2559 594 771 3917 3327 2480 3595 2705 2003 1022 1757 2500 3211 1857 1222 3065 3238 2178 3056 499 2508 1779 3831 3527 3552 549 3569 2709 1283 94 3670 3273 2615 1585 3893 3409 188 3895 218 498 3182 4686 3578 4596 1200 1193 3176 2990 2703 4541 1097 1193 3008 1519 3510 4147 4556 3488 3987 4164 482 2049 2831 1935 3976 640 1860 2738 1215 233 4836 1153 2572 1793 4722 1601 1598 738 3812 2726 3499 656 4622 2053 1541 2453 3594 2051 2657 2543 2304 1679 3830 2185 4498
3804 755 1796 2808 1354 4135 3610 2178 101 2696 4456 3703 2000 1618 2402 173 1069 3255 1001 1947 3964 1267 713 1327 3312 1779 2893 1934 2644 1147 381 4698 1823 4736 3373 1300 2789 3024 3124 492 2295 3643 3279 1118 2115 4968 121 1231 1686 4002 4212 2710 3045 4303 3509 963 1227 2732 2332 2199 4578 4190 2778 1291 1105 211 3760 2760 4001 4556 2491 2491 3847 1160 2020 4025 2720 3728 4370 496 286 2442 4127 2981 1919 3465 3034 158 2251 4970 2097 1948 3407 2964 2513 3626 3467 3346 2937 794
998 1533 4199 2976 372 1898 4635 4559 288 4864 4115 3147 3667 4442 301 4654 3236 3161 721 695 2651 1619 3146 2686 4608 3831 1934 2428 2152 2199 3241 3748 4619 2643 3278 2901 2740 2080 3657 1379 2132 4507 4773 894 2131 1205 4023 3204 3535 2226 1873 104 2053 1479 2156 1495 491 4434 4961 3842 596 4359 920 4230 3155 3480 1831 97 2044 2932 4926 2750 4945 673 3423 1106 591 30 1824 3057 4582 3193 626 3589 1136 4741 2078 1435 3531 3785 4610 4877 3909 3070 2945 3564 3953 2845 922 1940
1704 929 277 3609 2686 778 164 4034 4694 326 3787 1172 4436 541 243 1032 4828 4381 1471 2786 879 2443 2634 980 130 3527 2644 2152 2397 2038 2205 3558 2826 4521 4620 2126 1473 3622 4181 778 680 1436 4988 1722 749 1444 2989 2410 172 957 2402 2199 4027 94 3640 2804 265 2789 946 4533 4623 4494 2031 443 1268 2594 1839 1329 2336 2034 1733 458 1453 4154 174 2063 848 2306 2339 376 619 4402 3998 4489 2453 1220 4160 903 1816 288 3227 3888 4420 2674 4236 984 1066 1815 4191 2375
3532 1679 1155 3555 2667 4264 3110 3880 4016 2901 3285 994 1204 2634 706 2739 4286 821 2166 488 2310 3192 472 357 2709 3552 1147 2199 2038 1183 3781 4840 794 3200 817 3560 1639 3907 1666 1240 398 3870 4327 306 4854 4320 1725 2580 625 2439 374 2995 2089 1783 1904 4602 2575 1868 124 3528 1100 1496 625 4902 1386 3043 370 1056 3419 99 4017 989 1326 800 4497 3640 4473 4198 4899 2154 83 156 2334 3171 3784 3220 3926 3360 1214 1885 4650 3427 4883 179 220 823 2448 4822 1820 1825
2245 3688 1375 522 2884 1377 4278 2942 3255 1746 4998 2925 1198 928 2655 3945 4253 1064 3193 2842 3250 1189 589 3628 3092 549 381 3241 2205 3781 1859 3248 190 3305 3236 1416 1118 4712 3703 3231 4642 3820 1593 2734 2974 4937 3001 3441 1470 3418 790 4148 4349 1582 1563 2866 1881 4396 561 1885 3834 845 3155 4104 216 4008 2003 3676 2281 2429 313 4255 4785 1824 3136 4890 4258 4283 517 64 3818 990 4754 4530 4161 4826 871 4828 1564 960 3736 3528 1017 4267 2100 359 749 2728 3736 1561
2054 2240 3219 961 2249 409 3117 2281 2951 2757 3502 3278 1994 3232 4084 2524 373 1270 1717 710 1603 819 1405 3785 2526 3569 4698 3748 3558 4840 3248 3227 2337 627 3468 792 3402 957 2103 3727 4243 1616 2837 4265 2074 1941 1509 1095 1890 1384 867 4579 894 3680 4376 2407 917 804 2035 4129 3424 3387 4291 4611 3394 440 3909 2254 877 4993 645 3049 690 2961 1451 996 20 3066 1228 1580 3668 2462 1677 87 2513 2094 4474 4244 863 3670 4791 2079 1636 378 2201 3143 3654 1433 3292 4364
2530 1649 4531 351 3561 3758 211 2048 1412 3827 3690 3786 2557 136 4429 1690 3824 2751 2060 3393 2234 860 1030 1280 4789 2709 1823 4619 2826 794 190 2337 3867 3219 179 4851 3741 4703 4305 2296 4966 4914 1217 1420 4959 2302 4790 2389 2279 3045 46 3409 979 3384 1995 1080 2341 1051 852 3883 3422 601 3931 4964 1474 4902 4627 44 370 1542 4243 1527 2892 20 1755 826 2774 4478 2646 185 368 4509 1211 2553 1139 3295 1480 4637 4749 2660 625 714 2920 1994 3547 450 2222 4618 2730 3921
2278 1241 2843 741 2304 4926 3244 2725 4997 3330 4099 4549 2280 1117 363 3037 4906 2504 1368 1443 1067 1247 3310 1620 450 1283 4736 2643 4521 3200 3305 627 3219 2941 4205 2017 1632 4402 1488 4005 1839 4314 1899 3962 4779 3451 1693 1908 4592 1250 1652 348 4079 4369 3611 1821 4486 3798 806 3603 1074 539 1292 90 648 1444 2736 4820 2219 4611 2047 464 261 526 2542 1599 745 245 3099 1615 3547 30 4423 4372 2727 289 1350 2258 624 3792 590 2065 1666 373 1522 2510 2367 3421 2978 2299
1144 3942 4931 2240 4000 2326 543 1155 4672 957 4651 870 3520 1217 407 2599 735 4587 2044 619 245 2541 2345 2356 605 94 3373 3278 4620 817 3236 3468 179 4205 2092 1105 2109 2485 945 2039 3999 1175 2174 4280 4364 156 4223 351 4689 2734 250 3197 4087 3242 2116 1853 2094 3748 874 3718 4999 2566 1917 3153 4314 2502 3781 811 1859 3211 1340 1729 4817 819 3215 4326 3507 4969 4073 287 324 1561 1445 1884 2569 858 1157 1400 912 3558 3815 4627 3444 333 3072 2525 3921 703 3532 3201
4907 2903 309 2358 1696 1834 3978 1872 2467 1481 2354 2245 3585 2738 4932 4377 1388 179 2625 576 4756 2042 1288 2294 2618 3670 1300 2901 2126 3560 1416 792 4851 2017 1105 364 831 2734 2688 981 3118 40 2469 1703 3408 2460 478 4956 470 2046 1486 1666 3024 759 4664 4816 990 2960 1187 2498 2541 671 4987 930 4901 1509 1808 3047 429 413 2653 150 2284 4605 1509 698 4174 4797 4679 66 4964 1169 1774 3972 3903 1760 3416 4297 752 4788 428 3282 2271 3258 2638 4511 1095 2420 4740 2282
1346 3813 101 2330 1771 1973 3544 909 455 1752 3615 2620 1158 2849 1304 1323 1365 4091 3142 641 2729 3014 886 4684 4523 3273 2789 2740 1473 1639 1118 3402 3741 1632 2109 831 2949 1411 139 16 656 2619 4901 3152 83 2797 1822 2067 3265 807 3903 3269 181 2919 130 1000 4853 1061 4980 2108 2311 3869 1501 2708 1107 3487 3504 1489 813 4579 641 3615 4199 1368 4159 3125 837 3336 3212 4308 1581 3546 3434 3489 2384 3309 277 4656 3233 86 1325 388 292 1878 3979 108 302 1483 4236 328
3614 4502 211 1689 4975 2890 4525 4418 1305 2396 3365 3592 1918 1531 1330 4908 1769 3412 1966 3842 3624 187 4360 3010 3650 2615 3024 2080 3622 3907 4712 957 4703 4402 2485 2734 1411 3957 105 2282 1271 3971 2478 4769 1544 1394 980 792 2306 2656 3526 3357 3031 337 4511 2422 1936 4310 3116 2115 1854 1064 1100 3490 409 3364 260 340 3007 1044 312 3452 266 671 3986 3523 4760 2404 510 1081 4665 4015 93 2136 4681 1785 2789 40 598 3896 4258 4149 1560 471 2880 1258 238 4328 2125 930
233 176 2377 1461 4674 2306 2579 1477 1974 1332 1049 2737 1780 3940 58 4993 1514 3417 2204 1862 3256 2737 1618 3436 3392 1585 3124 3657 4181 1666 3703 2103 4305 1488 945 2688 139 105 897 3004 4606 210 1503 4120 4300 2327 2638 369 4950 1715 4210 1431 4600 1695 4339 710 1717 1473 1022 3984 2738 4744 590 2303 4992 3735 2222 4758 4876 605 761 3027 141 1649 3061 3499 1150 2847 4720 4527 4842 3963 4741 2709 1509 997 1348 1864 2284 124 4807 1125 1856 588 2549 1070 3775 1902 2265 2298
498 134 3450 2279 2425 4427 4144 2329 3682 1476 633 4154 4967 4774 1590 4565 762 1965 2346 1603 1315 2140 1142 1243 4788 3893 492 1379 778 1240 3231 3727 2296 4005 2039 981 16 2282 3004 3032 516 2787 539 736 787 3861 1841 2331 630 919 2388 2507 2169 3655 4064 139 3728 1065 1176 3897 2824 2530 4686 157 2348 59 256 4029 240 3327 4689 2931 3829 4364 4243 3238 3054 984 1526 2722 1271 514 2572 3091 3035 3599 2161 4669 164 4349 3873 3979 2074 395 3178 824 2363 2634 2787 4753
2963 3180 3135 1755 30 4243 3758 653 2493 1770 4992 4714 1838 1353 392 3172 2818 3999 4443 1773 3879 3197 4743 3817 959 3409 2295 2132 680 398 4642 4243 4966 1839 3999 3118 656 1271 4606 516 4890 577 972 131 1414 1371 4203 834 2504 1792 599 2219 4749 1128 271 4722 2404 3244 245 1842 3685 636 4307 2126 3847 1987 4764 2156 3385 561 1160 2490 4020 1687 3004 1130 2899 437 2290 354 1954 960 3100 4683 3723 1328 4368 480 1509 4194 3972 3487 4346 4579 1685 3325 3618 281 3940 2798
2458 3769 3287 2225 4129 933 489 3465 2550 2640 772 3883 2069 1116 2140 563 3336 184 1235 3985 4697 3455 3287 623 1686 188 3643 4507 1436 3870 3820 1616 4914 4314 1175 40 2619 3971 210 2787 577 906 4838 2592 3650 311 745 2235 110 762 4622 3945 3505 80 1080 3351 1000 340 3160 951 3011 2123 2643 2553 2091 4281 1371 711 2221 602 1450 438 3647 4118 2317 4805 4704 2875 3730 2385 3732 1275 4246 388 4179 1686 4564 1671 1317 4990 938 245 3732 2516 1083 3797 2948 4321 2406 3649
791 181 2533 4284 3469 2640 826 1069 266 1942 3348 3054 4814 2884 441 2856 221 2435 251 1637 1055 3076 1188 4386 743 3895 3279 4773 4988 4327 1593 2837 1217 1899 2174 2469 4901 2478 1503 539 972 4838 2845 38 552 704 3659 1043 873 3451 4985 1683 344 3828 2689 2434 4035 2266 4342 2785 1630 3452 1063 446 1331 2087 505 4793 1160 3901 175 4382 369 3135 2255 2546 3329 4874 2143 2153 3538 2459 312 3079 2203 926 2260 738 182 1867 4953 4610 3292 4863 2512 4303 2272 178 3618 1347
93 3388 460 1579 3289 4043 1874 3701 2902 275 3838 3219 3003 2654 4172 1861 2715 4107 4460 1141 4161 607 2357 4447 4058 218 1118 894 1722 306 2734 4265 1420 3962 4280 1703 3152 4769 4120 736 131 2592 38 691 853 1253 1374 4971 2468 4831 2470 4321 1961 3978 2960 1156 4751 4178 2107 1759 286 3990 3471 4929 1707 3102 1429 3855 100 971 4607 3502 3211 3883 2495 1631 3013 4182 3688 2566 460 4779 1426 854 4636 4565 4301 2117 4850 4993 2081 4857 1469 1348 4838 2950 2620 3567 1992 1778
2601 1780 1135 4578 362 908 3904 3405 892 681 1696 349 1167 4505 1483 1528 4211 61 101 1899 4438 499 3791 106 3064 498 2115 2131 749 4854 2974 2074 4959 4779 4364 3408 83 1544 4300 787 1414 3650 552 853 2139 1136 4700 3424 1202 1350 4142 3804 4547 1676 3674 4335 3348 686 522 1525 1917 2627 704 1330 1120 1614 2525 3709 964 1151 2963 3982 4705 17 1081 2303 1668 2446 4479 4745 4081 2701 2079 3827 1048 4541 2642 1539 3646 581 3133 3222 2639 656 3794 225 739 2807 4176 3851
2573 4231 4477 4564 4730 2816 4356 3398 2303 3581 3846 2789 1290 1599 3096 3232 2764 88 1418 1679 4446 4337 1421 3763 3989 3182 4968 1205 1444 4320 4937 1941 2302 3451 156 2460 2797 1394 2327 3861 1371 311 704 1253 1136 3303 2137 1338 3394 4931 3282 4680 2579 4381 4681 3624 3683 3741 3122 3033 4425 4405 4296 3732 1452 917 788 2802 3068 2986 4102 736 1529 4560 2756 31 1558 987 4194 1153 1380 1555 2942 2636 772 2410 1856 2466 3425 4173 2651 734 3475 2597 1819 4344 2486 4119 2813 2809
3777 3824 676 3268 1937 590 1461 3100 1705 4238 3543 3504 4674 3827 822 1964 1511 4468 236 3158 4090 3558 88 461 1076 4686 121 4023 2989 1725 3001 1509 4790 1693 4223 478 1822 980 2638 1841 4203 745 3659 1374 4700 2137 4427 748 410 3308 2299 1028 3457 3640 3349 3119 426 1018 3326 730 2388 3098 3920 650 4997 4643 2946 4808 574 1692 1333 544 425 2679 2448 4144 3002 2278 87 1962 4479 2773 1224 3879 13 1279 4040 457 3022 4859 4049 1255 148 4560 4037 2048 4719 994 401 4786
4869 3787 3900 1614 4888 728 1176 2662 4110 4899 4542 4271 4141 2289 2256 1589 4365 2890 2200 3368 937 2553 3085 3982 3932 3578 1231 3204 2410 2580 3441 1095 2389 1908 351 4956 2067 792 369 2331 834 2235 1043 4971 3424 1338 748 641 1351 988 460 2891 1968 4268 2333 2035 3950 3832 1295 2856 4208 133 4886 20 1649 897 1361 1484 1820 4312 1681 3287 662 3479 4703 2119 2658 2726 2097 565 4472 1473 3113 491 4439 3056 2883 4402 3990 468 1215 1648 3986 4147 4225 3029 2193 4156 2916 2966
2095 2554 4488 3228 3807 2933 435 2344 261 2581 3787 3677 3076 3164 306 4617 814 30 379 1998 1476 3021 177 132 2669 4596 1686 3535 172 625 1470 1890 2279 4592 4689 470 3265 2306 4950 630 2504 110 873 2468 1202 3394 410 1351 434 2128 1632 1429 4975 447 4981 395 163 1559 416 2972 2618 848 2690 4597 4499 1893 321 3856 2806 1028 1701 179 1481 4464 2856 810 231 1270 1247 4174 4537 3372 2773 4927 3769 4650 373 1413 153 790 1463 2315 1740 455 1478 198 225 3541 940 2610
2646 4174 2586 1622 169 434 2269 2030 534 201 1782 4155 4101 2215 3508 2568 191 4223 3672 1389 1466 34 3457 3736 557 1200 4002 2226 957 2439 3418 1384 3045 1250 2734 2046 807 2656 1715 919 1792 762 3451 4831 1350 4931 3308 988 2128 3380 2227 343 2045 964 3108 3175 2221 352 4432 1380 4300 3175 2030 4262 1665 3051 749 814 938 95 1116 732 2749 2981 4466 4004 4441 2920 2846 4052 3029 3522 4172 2759 3453 4620 1683 1687 1195 4260 1532 3081 3202 2136 4355 3965 2113 4702 1074 2959
2898 2103 4083 3302 1430 4389 1551 314 3666 3322 3868 2932 176 1865 3877 211 3341 4886 2102 508 709 1554 930 1540 590 1193 4212 1873 2402 374 790 867 46 1652 250 1486 3903 3526 4210 2388 599 4622 4985 2470 4142 3282 2299 460 1632 2227 878 527 889 896 1908 3222 65 3613 1227 33 4091 757 3892 4746 2765 1319 4650 2723 890 3243 4224 574 4850 4795 1477 1372 2203 1521 2078 2857 3852 21 1881 1619 4847 1912 4445 3849 1419 4659 2258 3871 2716 4251 442 3046 3391 1765 3434 3458
4595 206 1749 2850 2355 1517 3431 3843 2792 4958 1292 1690 3818 3926 3160 3733 2402 1388 2588 2211 2730 661 123 4366 553 3176 2710 104 2199 2995 4148 4579 3409 348 3197 1666 3269 3357 1431 2507 2219 3945 1683 4321 3804 4680 1028 2891 1429 343 527 301 4197 4883 4650 2005 810 837 2708 3009 4320 2177 4201 1353 4182 631 3462 4082 3159 1873 4459 4112 1668 2978 1214 4042 4601 2788 799 2717 3489 681 1062 4708 4245 2336 622 4717 2221 4450 4216 4039 2772 3447 1114 4346 898 768 4649 4528
1614 2304 2028 1209 2909 3575 1004 1653 4638 2238 1777 4739 2432 755 601 4904 962 277 56 3945 2148 2861 2871 2254 1397 2990 3045 2053 4027 2089 4349 894 979 4079 4087 3024 181 3031 4600 2169 4749 3505 344 1961 4547 2579 3457 1968 4975 2045 889 4197 3431 4137 3214 599 3250 3839 4544 2610 2933 1197 4906 2478 3535 3702 4799 4846 3923 309 2145 3936 4392 1963 758 3685 2265 4980 2242 3960 281 4471 4919 4653 213 341 4729 2204 1519 286 2110 2567 3557 3861 3859 1156 4789 4019 750 1451
3245 1648 965 2156 2397 2591 3682 3818 4487 843 1246 1389 4341 2033 825 1216 4873 3843 247 1417 4367 2353 2919 3342 3649 2703 4303 1479 94 1783 1582 3680 3384 4369 3242 759 2919 337 1695 3655 1128 80 3828 3978 1676 4381 3640 4268 447 964 896 4883 4137 3157 1881 3076 3380 2765 79 358 3870 1590 112 4733 3285 1150 4089 4980 1098 1269 2599 1473 3523 1100 335 2409 501 955 4056 1838 280 3519 3490 2245 4859 3639 1089 1075 945 896 2647 1178 3067 3188 3464 3346 785 867 4129 685
941 2665 1676 1832 3382 4040 2105 1611 477 3790 4487 293 4080 4919 958 1689 569 4203 2166 94 3122 1022 2917 4667 1397 4541 3509 2156 3640 1904 1563 4376 1995 3611 2116 4664 130 4511 4339 4064 271 1080 2689 2960 3674 4681 3349 2333 4981 3108 1908 4650 3214 1881 1260 3417 4370 1258 2856 825 3250 4831 66 4673 2074 844 975 4733 2514 1544 2068 3691 1065 1115 3292 4137 4879 346 4166 1492 2688 4470 4485 4867 2672 3799 2772 2732 2078 1971 2585 2221 4656 168 2289 2299 1821 972 1370 865
1825 1501 3290 3275 4900 1513 1540 635 2513 3713 2308 4189 229 2962 2198 147 3497 2136 4179 140 887 3486 4163 2771 722 1097 963 1495 2804 4602 2866 2407 1080 1821 1853 4816 1000 2422 710 139 4722 3351 2434 1156 4335 3624 3119 2035 395 3175 3222 2005 599 3076 3417 1090 1490 4401 1000 2791 3642 3136 4273 3617 997 1428 4339 1179 3095 880 3704 4811 4310 3342 4136 1226 2025 1213 4888 1157 2929 170 1261 3548 4338 4890 549 3482 2281 2866 1327 4965 4614 3969 4397 1433 2211 4737 3661 13
2044 4822 2173 1833 3205 578 4342 555 1595 4801 484 1014 4934 2856 2863 455 2064 4757 755 2833 2482 650 4974 4479 3537 1193 1227 491 265 2575 1881 917 2341 4486 2094 990 4853 1936 1717 3728 2404 1000 4035 4751 3348 3683 426 3950 163 2221 65 810 3250 3380 4370 1490 3567 4875 2370 101 368 2116 2223 3872 2163 4901 2330 1020 270 1876 74 2553 2155 275 3904 3936 2450 432 2136 4859 167 27 1427 166 667 3046 2927 502 3535 2365 1489 3944 1909 4894 1109 4102 4922 2107 4777 417
1847 2987 4645 3229 4104 3090 1792 950 3361 2371 2586 3565 4086 1837 1135 1628 2519 2013 1481 2519 2222 2461 2483 2634 412 3008 2732 4434 2789 1868 4396 804 1051 3798 3748 2960 1061 4310 1473 1065 3244 340 2266 4178 686 3741 1018 3832 1559 352 3613 837 3839 2765 1258 4401 4875 3353 53 2977 4760 1910 2548 272 2251 1911 515 4112 4600 1605 3622 4042 2379 1527 314 166 965 1146 1435 748 2536 880 1247 2456 1856 3112 1150 1310 1932 3593 4414 2686 3450 746 500 3366 397 2917 4485 1877
4986 4518 1137 3039 886 1295 3405 1507 3948 90 1729 2993 435 3162 1929 2766 3923 2644 1889 1883 4026 1329 185 2562 3318 1519 2332 4961 946 124 561 2035 852 806 874 1187 4980 3116 1022 1176 245 3160 4342 2107 522 3122 3326 1295 416 4432 1227 2708 4544 79 2856 1000 2370 53 3381 3380 643 36 4860 2591 4851 2726 4188 1753 1133 2964 2778 2746 2612 4277 1981 1845 216 4147 3618 4226 4298 827 2952 4713 2945 1562 4231 761 233 3202 4671 3831 3214 2530 3634 3861 4882 2528 4370 1923
2299 3622 1696 57 2121 1291 1866 2440 665 3005 4849 3809 3396 1716 2051 4801 2033 1923 2309 63 548 4932 4090 4304 1483 3510 2199 3842 4533 3528 1885 4129 3883 3603 3718 2498 2108 2115 3984 3897 1842 951 2785 1759 1525 3033 730 2856 2972 1380 33 3009 2610 358 825 2791 101 2977 3380 4355 3875 2746 4853 2951 2325 1363 4491 2863 2344 4831 4100 2304 4824 669 1572 1621 2307 3258 3413 4730 3867 2969 1213 4144 3191 189 1253 3878 2880 476 4675 4216 4682 716 852 4712 1600 915 489 3596
3281 4654 3659 4806 2764 4054 1670 3861 2451 2967 43 4215 1989 4984 741 2964 1401 1390 3295 1717 1560 1313 1620 4970 180 4147 4578 596 4623 1100 3834 3424 3422 1074 4999 2541 2311 1854 2738 2824 3685 3011 1630 286 1917 4425 2388 4208 2618 4300 4091 4320 2933 3870 3250 3642 368 4760 643 3875 4103 3958 1778 3057 3049 3555 895 3857 1177 2713 672 51 4175 1983 4383 2752 905 4291 3251 1510 1949 4681 2514 2716 4149 4665 1393 225 632 4919 3063 865 586 3161 704 1811 4915 3242 3107 536
4543 3076 487 272 703 3215 4787 3454 1454 212 2102 4979 4512 4863 1398 804 3758 3486 1914 337 4210 2057 150 74 2523 4556 4190 4359 4494 1496 845 3387 601 539 2566 671 3869 1064 4744 2530 636 2123 3452 3990 2627 4405 3098 133 848 3175 757 2177 1197 1590 4831 3136 2116 1910 36 2746 3958 300 4250 1041 469 1667 1444 3082 4426 1895 1892 2942 2042 404 2937 1715 3786 1122 268 4228 4222 3485 3064 1321 3524 4383 1212 4781 589 468 2770 977 3524 3448 3583 4227 4002 4213 1338 4546
2198 1749 4079 25 4762 1479 2261 4112 1556 3540 1424 2418 926 943 2767 3890 4642 3355 1361 752 2344 3281 2705 2614 2352 3488 2778 920 2031 625 3155 4291 3931 1292 1917 4987 1501 1100 590 4686 4307 2643 1063 3471 704 4296 3920 4886 2690 2030 3892 4201 4906 112 66 4273 2223 2548 4860 4853 1778 4250 3746 3966 725 139 1985 1759 903 3617 3751 3242 577 2500 1232 1709 1439 3876 1337 4517 4248 804 2349 349 1447 4147 211 4690 1169 4111 3944 3992 1620 1817 1786 149 4465 1559 2473 3201
776 1427 4474 3395 1548 2201 4163 2058 426 1080 1394 253 182 3966 100 2855 1065 4354 946 2113 3193 851 423 2404 4670 3987 1291 4230 443 4902 4104 4611 4964 90 3153 930 2708 3490 2303 157 2126 2553 446 4929 1330 3732 650 20 4597 4262 4746 1353 2478 4733 4673 3617 3872 272 2591 2951 3057 1041 3966 4741 1841 2946 1539 4114 1024 442 3551 917 639 2740 1501 2573 104 435 4837 4398 4850 2878 3435 349 4522 1136 3052 4758 2171 1137 471 3840 627 4028 3236 2710 3267 2043 1529 4864
1678 1357 3131 387 522 646 2833 3881 2306 1071 2292 2388 4523 3184 3818 4483 2962 2158 4022 832 1367 2940 4037 1745 3323 4164 1105 3155 1268 1386 216 3394 1474 648 4314 4901 1107 409 4992 2348 3847 2091 1331 1707 1120 1452 4997 1649 4499 1665 2765 4182 3535 3285 2074 997 2163 2251 4851 2325 3049 469 725 1841 4542 1219 2989 4970 401 40 1843 3245 448 1063 4347 1222 4411 196 3286 838 2615 1769 475 3137 1791 4846 4876 1047 4301 3441 4353 1603 3352 2267 1576 2062 4284 2183 2267 3674
2136 3368 2421 4885 1418 480 344 1168 694 3401 2672 4873 3748 3743 2012 2451 2902 1980 1626 3729 3991 2504 3806 854 2161 482 211 3480 2594 3043 4008 440 4902 1444 2502 1509 3487 3364 3735 59 1987 4281 2087 3102 1614 917 4643 897 1893 3051 1319 631 3702 1150 844 1428 4901 1911 2726 1363 3555 1667 139 2946 1219 2742 4779 322 2397 826 1125 3844 544 1119 3899 1545 4649 153 1488 2720 3682 4457 759 1998 4558 4686 2858 1347 2893 1076 1289 4942 4905 1625 52 1706 3506 3878 543 3449
3580 4381 681 4837 3332 226 2426 4214 340 1657 4877 1208 57 3236 3043 4063 3750 3492 2185 1620 4015 4826 2669 2432 1775 2049 3760 1831 1839 370 2003 3909 4627 2736 3781 1808 3504 260 2222 256 4764 1371 505 1429 2525 788 2946 1361 321 749 4650 3462 4799 4089 975 4339 2330 515 4188 4491 895 1444 1985 1539 2989 4779 4281 3938 4031 4182 3031 2505 1701 577 4192 2787 1112 2488 3922 2441 2363 2219 453 1990 810 28 3932 3626 2289 3235 4948 1327 1919 1666 2105 2821 3290 413 2014 1406
2100 2661 787 4504 3952 140 3357 765 4396 1039 3937 4476 4680 3804 2402 4157 4617 3229 4558 4709 3981 1183 3662 675 2613 2831 2760 97 1329 1056 3676 2254 44 4820 811 3047 1489 340 4758 4029 2156 711 4793 3855 3709 2802 4808 1484 3856 814 2723 4082 4846 4980 4733 1179 1020 4112 1753 2863 3857 3082 1759 4114 4970 322 3938 3290 3215 4355 3921 975 2843 2274 2241 676 4239 2091 196 3812 3429 4766 3521 2084 427 4084 2209 1295 3936 922 191 2309 4201 2210 2728 4737 539 4008 1717 2746
3671 1961 4613 2775 2542 2272 688 4318 1932 2122 2760 1971 1609 400 3205 2208 3982 2233 1901 1137 1209 134 1578 2671 532 1935 4001 2044 2336 3419 2281 877 370 2219 1859 429 813 3007 4876 240 3385 2221 1160 100 964 3068 574 1820 2806 938 890 3159 3923 1098 2514 3095 270 4600 1133 2344 1177 4426 903 1024 401 2397 4031 3215 1726 1675 220 4633 4943 2884 3790 3841 1882 3197 2660 2187 3853 2563 1669 115 2914 2091 1501 3531 3420 4859 4426 2122 1614 2352 2602 2395 332 3780 726 231
1257 2266 2826 3683 1012 1415 2797 195 948 4262 757 4619 4024 4759 550 3476 3359 3891 251 2991 986 4687 3615 2886 2282 3976 4556 2932 2034 99 2429 4993 1542 4611 3211 413 4579 1044 605 3327 561 602 3901 971 1151 2986 1692 4312 1028 95 3243 1873 309 1269 1544 880 1876 1605 2964 4831 2713 1895 3617 442 40 826 4182 4355 1675 2515 2747 3164 4395 4513 4557 1044 2634 3013 1327 1745 3278 745 4404 1859 4459 3468 1152 3827 724 3720 2476 1706 100 4542 3830 2834 371 3145 1450 1439
2528 901 3608 3841 4878 2895 1574 4765 4732 2349 2681 3613 4811 4509 1711 738 4819 2260 1100 1985 91 2766 927 729 4009 640 2491 4926 1733 4017 313 645 4243 2047 1340 2653 641 312 761 4689 1160 1450 175 4607 2963 4102 1333 1681 1701 1116 4224 4459 2145 2599 2068 3704 74 3622 2778 4100 672 1892 3751 3551 1843 1125 3031 3921 220 2747 300 1331 191 1329 3427 1174 789 4935 4889 2953 228 1510 4547 3221 1499 1845 2736 2524 2330 3495 4260 4267 68 4206 1116 383 2964 2692 2859 4284
4055 2523 4534 4953 3199 1093 2286 1133 3350 1267 4445 4465 2285 1741 3371 2321 4228 3912 4824 2881 2743 4497 2495 2747 4626 1860 2491 2750 458 989 4255 3049 1527 464 1729 150 3615 3452 3027 2931 2490 438 4382 3502 3982 736 544 3287 179 732 574 4112 3936 1473 3691 4811 2553 4042 2746 2304 51 2942 3242 917 3245 3844 2505 975 4633 3164 1331 2578 3896 4704 2912 1012 1257 273 4961 241 52 2649 3790 3361 717 3503 642 2529 2609 559 3977 1670 1793 2153 4253 2864 3711 278 4577 2805
1462 3246 4485 4009 668 4260 4131 4915 357 2364 1756 3549 2099 3197 2059 1695 1571 223 2981 358 994 4425 2023 297 3060 2738 3847 4945 1453 1326 4785 690 2892 261 4817 2284 4199 266 141 3829 4020 3647 369 3211 4705 1529 425 662 1481 2749 4850 1668 4392 3523 1065 4310 2155 2379 2612 4824 4175 2042 577 639 448 544 1701 2843 4943 4395 191 3896 3801 765 1566 1122 4332 1903 1196 4990 903 3078 715 2798 407 3700 1781 156 3349 1847 1637 3686 2402 3891 4394 358 2331 563 3761 3089
4379 2545 4905 4400 4057 4821 3707 534 2762 4528 4216 4896 1967 36 767 4968 4565 4291 3724 3795 3680 4940 2221 1291 2232 1215 1160 673 4154 800 1824 2961 20 526 819 4605 1368 671 1649 4364 1687 4118 3135 3883 17 4560 2679 3479 4464 2981 4795 2978 1963 1100 1115 3342 275 1527 4277 669 1983 404 2500 2740 1063 1119 577 2274 2884 4513 1329 4704 765 977 470 3448 1623 2473 751 2949 2477 516 4474 2810 1618 2061 1404 1250 1641 2892 2267 3825 1019 1917 1375 138 31 2042 2812 578
220 4381 3772 894 591 1475 4729 2242 2901 1843 624 766 3224 2873 2153 3182 1769 2831 365 1649 3493 889 181 3993 4074 233 2020 3423 174 4497 3136 1451 1755 2542 3215 1509 4159 3986 3061 4243 3004 2317 2255 2495 1081 2756 2448 4703 2856 4466 1477 1214 758 335 3292 4136 3904 314 1981 1572 4383 2937 1232 1501 4347 3899 4192 2241 3790 4557 3427 2912 1566 470 1792 33 515 2813 2979 263 3988 3202 683 2980 2491 2122 231 3346 1760 2280 4231 2843 171 4671 2875 2440 3176 574 4206 1584
2768 180 1188 2971 1426 1300 1065 3830 3503 2952 4315 3897 3889 1108 905 4405 1591 4711 2056 1174 1065 3136 4764 2219 2081 4836 4025 1106 2063 3640 4890 996 826 1599 4326 698 3125 3523 3499 3238 1130 4805 2546 1631 2303 31 4144 2119 810 4004 1372 4042 3685 2409 4137 1226 3936 166 1845 1621 2752 1715 1709 2573 1222 1545 2787 676 3841 1044 1174 1012 1122 3448 33 119 605 4027 3481 1578 148 3247 980 857 2398 2550 3365 1704 2601 4851 3289 4592 2115 684 4959 4219 3737 1257 2290 2813
3073 1898 2384 3338 2254 3106 3052 4364 2244 2336 3407 99 2532 2020 860 2587 1168 2143 401 665 3428 678 63 2488 764 1153 2720 591 848 4473 4258 20 2774 745 3507 4174 837 4760 1150 3054 2899 4704 3329 3013 1668 1558 3002 2658 231 4441 2203 4601 2265 501 4879 2025 2450 965 216 2307 905 3786 1439 104 4411 4649 1112 4239 1882 2634 789 1257 4332 1623 515 605 1132 890 1634 4481 2841 4528 398 2478 3881 1552 4854 4137 1775 2737 2585 1014 3498 4040 3278 1642 303 3603 379 2144
1149 455 2447 3205 631 22 2229 1465 3192 3417 4110 4271 1458 2828 4151 2206 4275 4871 4470 648 2452 1111 4636 2354 1095 2572 3728 30 2306 4198 4283 3066 4478 245 4969 4797 3336 2404 2847 984 437 2875 4874 4182 2446 987 2278 2726 1270 2920 1521 2788 4980 955 346 1213 432 1146 4147 3258 4291 1122 3876 435 196 153 2488 2091 3197 3013 4935 273 1903 2473 2813 4027 890 4341 1716 4755 1981 419 3293 2624 3527 1336 1049 2194 1417 1603 1143 2797 1600 4015 1249 3486 3143 1095 1935 3844
3173 2019 3003 2733 4447 2068 3274 849 4398 2020 750 2680 4582 1190 4525 2146 333 3061 2488 1673 222 3999 4495 2283 4166 1793 4370 1824 2339 4899 517 1228 2646 3099 4073 4679 3212 510 4720 1526 2290 3730 2143 3688 4479 4194 87 2097 1247 2846 2078 799 2242 4056 4166 4888 2136 1435 3618 3413 3251 268 1337 4837 3286 1488 3922 196 2660 1327 4889 4961 1196 751 2979 3481 1634 1716 1362 946 4351 1470 1447 1074 1793 2863 2113 1826 3495 1629 972 1743 4228 453 296 854 431 967 886 4141
4911 2815 2295 332 2397 3397 1727 283 3784 2465 2608 4542 325 3285 3643 3572 3860 4284 2505 1015 3370 4845 747 586 2447 4722 496 3057 376 2154 64 1580 185 1615 287 66 4308 1081 4527 2722 354 2385 2153 2566 4745 1153 1962 565 4174 4052 2857 2717 3960 1838 1492 1157 4859 748 4226 4730 1510 4228 4517 4398 838 2720 2441 3812 2187 1745 2953 241 4990 2949 263 1578 4481 4755 946 1838 2007 1002 421 713 585 185 2262 1091 3646 3832 3513 1374 642 4750 1567 1857 2740 4225 63 1091
1374 1294 357 4583 903 696 4595 2689 4532 3085 3520 3033 1637 1780 4952 1034 1853 3753 2297 1315 2128 2745 1196 1136 3850 1601 286 4582 619 83 3818 3668 368 3547 324 4964 1581 4665 4842 1271 1954 3732 3538 460 4081 1380 4479 4472 4537 3029 3852 3489 281 280 2688 2929 167 2536 4298 3867 1949 4222 4248 4850 2615 3682 2363 3429 3853 3278 228 52 903 2477 3988 148 2841 1981 4351 2007 412 3575 1391 2569 3716 2414 4071 2759 2570 3565 4004 4843 490 3478 3603 3224 3956 1518 2605 4180
988 4672 1488 3657 467 184 309 3938 351 2027 3417 1649 720 4021 4375 16 1621 1623 4761 2747 2301 2161 1104 2858 4918 1598 2442 3193 4402 156 990 2462 4509 30 1561 1169 3546 4015 3963 514 960 1275 2459 4779 2701 1555 2773 1473 3372 3522 21 681 4471 3519 4470 170 27 880 827 2969 4681 3485 804 2878 1769 4457 2219 4766 2563 745 1510 2649 3078 516 3202 3247 4528 419 1470 1002 3575 694 1240 4767 90 289 3442 4117 1694 358 645 4436 3797 2262 2999 3185 2337 784 866 3788
