N: 100
M: 20
Symmetric: true
Triangle: false
3 90 78 95
5 94 49 36 3 67
4 96 54 1 82
2 25 84
4 63 9 22 88
4 6 17 24 19
6 68 10 37 47 80 44
5 61 66 42 81 35
8 4 38 7 33 60 98 46 21
8 76 16 85 52 18 57 71 29
3 41 59 30
5 5 86 56 53 62
7 13 64 74 72 12 11 89
6 73 93 77 2 83 100
3 14 39 34
5 40 23 97 87 75
6 58 20 50 99 48 91
6 43 31 27 45 8 51
6 26 32 69 28 15 65
4 79 92 55 70
3176 4716 405 1708 4657 401 2127 1996 277 4058 1932 2846 2087 476 1660 958 933 4573 2602 4254 580 4753 4823 344 2309 2688 4700 4272 3796 4982 1015 4035 1768 3157 4574 3626 4463 2860 100 4773 2947 2603 4174 2736 4593 163 3623 2041 260 4569 473 4428 4631 4621 174 4496 931 3069 2401 226 3595 3101 247 3995 3193 4155 2205 747 353 2663 1313 4218 4999 1830 4624 3503 1707 4492 3714 2869 4447 3569 3894 4977 4241 2165 3245 3247 3011 3352 1993 1385 4947 2152 1302 2689 30 4481 3872 3886
4716 3365 1880 2473 2728 4345 2358 4194 4178 1918 3087 1266 2681 2303 4800 4273 1148 4183 1470 3785 4299 2310 4227 3590 2127 726 1032 2019 4136 876 3036 401 2836 1331 4072 840 1382 4817 3315 993 3852 301 3370 1095 3875 537 4251 1739 1360 2773 3251 574 1971 2277 4890 2739 3315 1587 432 1099 1693 2172 4104 2149 1533 3519 1954 1927 4770 1118 2271 4619 408 4136 4711 2113 1762 1934 3587 2527 1675 4601 2092 4128 3668 3160 3268 3707 4999 1206 3977 179 2002 3059 4791 3069 3277 143 2278 1213
405 1880 4942 4349 4094 2463 1930 3272 3575 1216 3792 3733 2694 3179 1941 547 1291 532 1014 555 622 75 3204 1472 2252 4154 202 3235 3442 3251 1191 1846 2571 1982 3265 3481 4207 1311 650 3529 1513 2581 4165 428 1204 4414 1209 3105 4132 3997 1338 744 2815 4603 2957 1142 927 4654 2901 1381 1301 3136 1263 1429 2176 3794 2135 2659 3760 628 1940 4707 1277 2253 1676 3437 640 3559 570 4026 3351 3225 2321 2504 2587 2640 2843 3424 1043 719 2045 1418 3335 1147 201 3516 1758 3130 1457 2060
1708 2473 4349 3100 2481 2103 2432 1494 4092 3105 2302 4829 326 2923 2458 3089 2768 908 3136 2023 2095 1718 779 3833 670 3718 4042 4188 147 4363 4310 1564 2769 2205 1727 1587 4909 1479 4930 249 1787 2256 1322 3423 2187 1855 4911 3311 766 3519 222 3977 2379 3552 4705 1153 3085 1238 71 2731 3870 3032 4906 116 2698 1406 591 2246 1131 569 3512 2617 1812 1932 641 4738 3480 2982 3550 2724 3101 2007 2239 989 1750 3819 1602 1406 193 1576 4080 823 908 4705 1299 205 2482 2891 2511 2105
4657 2728 4094 2481 1023 83 1490 2460 1466 3858 4105 2604 491 553 1945 3700 4710 1478 2605 3563 1218 4290 3709 4947 53 2050 695 1715 1272 1024 1170 3209 2796 1411 1474 821 2153 2577 2786 2299 4742 1103 192 3982 1701 1933 1042 4568 3348 354 1156 784 935 476 1655 1823 268 2342 1122 4339 2296 2607 2578 4534 1876 1156 4322 3833 2528 850 472 3126 2751 2986 3970 563 299 325 745 781 3077 2079 2380 533 3396 2533 1197 3969 4882 4132 950 803 397 2380 1892 73 1325 1765 1709 4790
401 4345 2463 2103 83 2118 2904 4952 2341 2364 3067 1684 808 2835 1900 4168 2371 3096 4907 1736 1528 789 2536 2953 1210 2470 2752 3705 3001 1269 4789 1989 1941 2752 2078 3669 1123 3896 400 3905 4568 3543 4180 3773 1357 2541 4401 1958 4212 3349 1639 582 4092 2441 4723 1358 1810 584 4721 1744 2608 3333 3240 4410 704 1792 722 4274 4864 1306 1332 1424 3898 366 1423 4223 580 2732 2820 3833 2186 1210 745 4831 3512 3691 4176 2539 3766 28 123 4594 3656 2034 4039 1493 3780 4840 1296 462
2127 2358 1930 2432 1490 2904 2991 3756 1157 3196 3093 2270 467 710 2457 4424 1517 3964 3526 1825 1774 1848 2120 58 4919 670 2346 1115 4641 1123 1072 4202 1385 1181 3434 3893 3687 4322 766 4093 2515 422 1145 398 2545 4310 2677 3830 353 4937 3893 2042 469 4150 2143 12 2646 3540 721 3529 1319 2091 684 3645 2432 186 251 864 460 1245 283 1964 4169 1444 3339 4699 4973 4603 1487 1764 4862 1472 719 1818 2224 66 3198 2783 4535 3454 4221 613 3923 2326 4011 1872 1710 3728 3856 1796
1996 4194 3272 1494 2460 4952 3756 1880 3373 3424 3650 2805 722 3594 1780 1026 3620 1416 1117 4617 3752 1179 4899 1719 664 3598 4850 622 4894 3378 3776 1313 2773 987 2964 2691 414 3526 2275 4666 761 2653 2740 4623 4791 2710 3589 2498 4696 3378 785 1104 3758 4726 4483 3835 1788 797 1236 3697 4743 4996 2650 2432 2970 117 1084 3351 4484 342 654 4186 871 2809 489 1028 795 22 1166 1178 3548 3557 2320 4062 3134 1886 1587 2537 1429 1395 1299 3252 3838 4432 4775 4983 1413 4888 2122 1822
277 4178 3575 4092 1466 2341 1157 3373 2610 4170 1996 2696 3776 831 1430 3646 2803 2547 2706 3325 3691 4599 1863 4923 2109 2315 3027 1306 3613 3320 3796 2554 2441 595 2279 1878 4917 3170 2340 4046 4237 4491 4980 1345 2448 2467 3291 4366 934 948 2755 346 2227 88 424 4858 1695 2871 991 116 4115 636 4904 1420 623 3218 1205 1604 1007 1064 245 1532 4829 822 4350 3938 2134 2157 591 1011 2338 4099 3330 517 1724 4607 3368 2587 2859 4004 3410 2203 650 4889 4772 1164 3225 2728 3563 4996
4058 1918 1216 3105 3858 2364 3196 3424 4170 2242 665 3592 3813 2792 3334 1641 2647 99 3736 2755 975 3030 928 4423 1724 3169 4317 4313 1922 1421 261 774 989 4585 3768 3146 3116 3939 2724 3659 4782 3259 4695 2784 3611 3134 2486 332 3206 1289 1958 424 1671 4886 40 3985 1653 2318 707 3633 4764 3503 4201 1375 1819 4920 2389 2362 3547 3844 2268 700 1961 3931 152 4463 4244 1127 2389 4766 120 2861 1237 3301 1045 3708 1187 2462 4790 1779 3442 927 4747 2935 924 2446 4619 1154 2812 647
1932 3087 3792 2302 4105 3067 3093 3650 1996 665 3289 3082 883 1905 3193 3063 3293 3958 437 3690 1773 92 1390 1539 432 3377 1601 4065 2239 170 337 4946 3856 4508 17 1126 1751 2427 4903 170 1223 652 4063 456 3945 379 1974 4069 3871 1302 1933 4585 3734 3443 1894 1873 88 115 3986 3387 4914 48 2273 526 1207 2415 64 789 566 4136 2549 3229 1047 1409 1628 4704 4768 1720 3504 3236 2365 3640 2683 4625 3611 3011 4406 506 1003 925 2607 2730 110 2582 1235 712 1928 1764 2491 1406
2846 1266 3733 4829 2604 1684 2270 2805 2696 3592 3082 785 1138 4458 3422 2664 432 50 2243 826 1011 1290 4954 3200 1671 2197 1227 1523 1831 251 751 969 170 3662 649 3386 3849 3818 3281 3092 3735 4272 4521 1719 443 391 4855 4718 433 4508 4001 1864 4594 1837 1775 1106 4684 2330 3253 229 4113 3807 2890 1367 2990 298 1217 1099 3219 2509 1510 2169 4818 4715 2370 4349 84 1959 4320 3856 2609 1207 413 469 4513 4134 3846 4710 4275 3864 2702 3239 1058 877 341 2776 3175 708 216 2987
2087 2681 2694 326 491 808 467 722 3776 3813 883 1138 2590 393 2853 3244 1659 3254 3180 2226 3190 1820 2771 4675 4945 4292 1533 266 2456 3292 83 609 2056 4522 3517 4328 4959 1253 197 2042 1024 3758 2473 2582 2016 4288 2259 381 3586 1236 597 385 1069 4587 1176 3845 1062 3656 3361 1903 647 1590 4406 4382 2218 2465 1453 4231 623 1963 4614 4443 2005 4515 563 3141 2204 3055 4906 1186 4700 3067 110 2018 3957 2155 3230 172 3357 1726 3189 4774 4524 2381 1816 4346 498 2934 2964 2650
476 2303 3179 2923 553 2835 710 3594 831 2792 1905 4458 393 431 3334 1353 3960 4599 3605 2821 245 4376 4396 1256 3016 375 3062 4795 1962 2040 1366 3522 1246 3760 331 4999 3312 4177 4309 2637 2758 23 2094 2028 3164 1729 1097 3697 3431 59 3914 4081 3978 2482 1660 3888 946 2052 2938 3737 1676 1851 4036 2815 3984 583 1187 2649 2508 1611 1400 917 3460 1088 3199 3436 679 4172 1398 47 3602 2659 4414 3174 2995 4632 1563 15 251 3981 2065 2372 260 3812 4460 1218 4108 507 914 486
1660 4800 1941 2458 1945 1900 2457 1780 1430 3334 3193 3422 2853 3334 960 3596 3502 4712 4156 4834 4983 3976 1029 4759 3260 1396 3298 1767 2351 4407 4480 966 2821 2160 462 342 4302 2694 2085 893 4532 1449 4283 3033 492 1699 2327 1758 1343 1374 1402 835 4636 2844 2538 92 3540 1252 4367 1314 3331 1702 4813 503 469 734 2948 1958 2921 4265 381 3466 3665 4313 579 4211 3082 2957 4401 1724 1364 401 381 2518 1421 1696 570 4229 2769 1575 3766 4283 3631 1942 1623 3936 3873 4439 1548 509
958 4273 547 3089 3700 4168 4424 1026 3646 1641 3063 2664 3244 1353 3596 3822 2150 4093 3830 744 3348 4713 1556 2053 4459 2885 4597 1857 3956 4278 1750 2275 1871 3802 2952 2511 1768 1117 2085 4603 3052 3594 98 2152 789 550 1855 94 786 4097 1949 1871 3185 2155 4367 4545 495 3045 49 1886 2670 855 2869 3158 3511 3579 2112 4951 219 4562 1555 2585 4750 854 1548 4988 1325 82 3644 4912 110 1147 1978 66 4176 4988 553 3411 3739 611 1240 960 3532 759 4578 4072 2138 3556 3097 1548
933 1148 1291 2768 4710 2371 1517 3620 2803 2647 3293 432 1659 3960 3502 2150 3058 1652 4735 1914 2976 3581 3529 1255 4207 3571 3027 2988 3860 4643 1923 3736 1038 1158 693 330 3716 1574 1825 1365 4861 2021 1195 3792 3249 3508 4650 2023 4980 4062 302 1959 4145 2655 282 2626 2105 2141 1100 1193 1942 2766 321 3564 3292 2696 383 3385 3414 4667 3115 3652 3823 4779 4024 3186 4961 2118 2503 655 3687 2041 4108 4022 4577 2442 3168 857 1751 2377 3778 4976 4378 20 1846 2931 277 1312 4647 4698
4573 4183 532 908 1478 3096 3964 1416 2547 99 3958 50 3254 4599 4712 4093 1652 4172 1733 4793 873 536 3708 198 1370 803 32 4318 2202 4828 681 276 175 3159 2781 4867 1051 1547 3982 3382 4826 2334 1326 1542 4476 1561 1172 3904 57 1605 4629 4695 1785 3144 1297 2235 2819 697 3617 139 4758 3583 1104 76 3087 4466 153 48 4470 1798 4401 2688 4636 2059 3503 953 1947 2046 1172 3799 4351 2053 1167 3762 2886 4073 2811 3750 1690 877 2646 2959 682 4009 4985 2229 1738 4498 2412 4203
2602 1470 1014 3136 2605 4907 3526 1117 2706 3736 437 2243 3180 3605 4156 3830 4735 1733 4045 1178 3934 3794 447 2527 823 4982 199 1589 1919 354 4948 3297 665 4832 146 4032 2206 2955 1194 4556 4130 3658 2928 3833 16 1947 904 4753 1713 1502 1984 2665 2586 4822 3195 202 2419 957 3441 1355 1482 1470 1735 2788 3959 4741 2374 2598 3133 3059 3460 109 2242 4468 402 715 2205 808 356 3137 1197 3247 2261 3621 2116 3997 2625 2619 3361 4080 2432 546 3795 1504 4775 680 4880 1924 1150 2766
4254 3785 555 2023 3563 1736 1825 4617 3325 2755 3690 826 2226 2821 4834 744 1914 4793 1178 3070 137 1359 3514 1759 4909 272 2354 2958 1507 1994 78 2095 3333 1770 4996 4134 1070 2570 3537 3549 3722 2002 3319 3664 4995 1388 3250 1145 3390 4447 4705 534 80 2069 4371 1933 1321 3715 1281 491 3997 4443 3729 1764 367 221 1152 951 4023 947 2969 1927 3349 231 520 1321 2703 1598 4211 4470 1828 3689 2644 3632 999 4045 2166 3148 89 606 2627 4968 4554 2895 4708 2856 3148 383 3423 2774
580 4299 622 2095 1218 1528 1774 3752 3691 975 1773 1011 3190 245 4983 3348 2976 873 3934 137 3292 4565 525 1641 2304 2520 4959 2638 1198 213 532 3771 4168 4322 4775 1984 626 1183 3037 1815 2952 4776 3381 2120 1069 1782 4543 1209 4935 361 3730 931 1033 2555 675 869 183 1372 4150 1879 3263 4542 3264 3760 3486 3579 3020 2102 4720 208 4119 3532 1874 1314 2227 3549 1524 1125 729 3155 1462 2943 4429 2701 2837 2806 4083 4067 3802 1697 3324 810 4485 2176 2661 2018 2955 4488 1714 2208
4753 2310 75 1718 4290 789 1848 1179 4599 3030 92 1290 1820 4376 3976 4713 3581 536 3794 1359 4565 3577 3252 1174 752 612 1478 3207 2432 401 589 983 3749 2400 3432 4328 1818 4128 3771 3139 2694 3251 3963 3542 4546 359 4030 1222 980 2476 1114 2621 4222 339 1464 2437 2898 3877 4763 3314 4601 3957 1542 1617 4535 3744 4169 2410 3865 2027 3143 773 1224 1085 3200 384 1853 1874 1507 1793 2040 3260 3075 4903 29 2454 1526 27 968 4322 1354 2098 2018 1242 2470 3812 3182 2683 2574 138
4823 4227 3204 779 3709 2536 2120 4899 1863 928 1390 4954 2771 4396 1029 1556 3529 3708 447 3514 525 3252 35 471 1851 1435 1235 4259 3069 2173 1205 36 1991 3640 1696 1172 379 2848 4350 79 2233 3272 1937 3933 1657 1784 4002 3422 2036 4874 2820 3690 3257 1848 3506 837 3323 4923 3665 572 1418 583 496 2128 2553 2108 3370 397 1194 37 2939 2767 1498 3841 4265 1627 3731 736 3948 1424 1635 4135 4327 4808 638 3898 4959 3521 2067 2389 702 3949 4979 3958 2895 4477 3343 2324 1298 1863
344 3590 1472 3833 4947 2953 58 1719 4923 4423 1539 3200 4675 1256 4759 2053 1255 198 2527 1759 1641 1174 471 1163 3232 88 4826 2768 2855 1461 4817 90 1921 754 1250 1535 3471 1122 2011 158 2236 475 4335 1917 2397 602 2828 1366 4539 4291 4752 3133 4583 4131 1273 594 773 3456 4306 2247 3226 2062 2760 2235 4683 4774 1502 4343 558 2286 3010 4702 2379 2379 1924 674 2290 2624 4662 335 192 1917 4735 1290 191 2825 2229 3423 3698 4469 327 490 1933 3818 2826 2134 4195 1925 427 2163
2309 2127 2252 670 53 1210 4919 664 2109 1724 432 1671 4945 3016 3260 4459 4207 1370 823 4909 2304 752 1851 3232 2164 761 4837 3984 4483 1514 445 1886 2802 4914 4572 2165 907 4593 4560 853 4914 3500 3515 3172 3758 2728 1948 4778 3621 3490 3583 3765 4134 1960 4442 881 1492 1658 1809 1834 1840 1503 1098 128 1877 2586 185 2589 36 4559 2715 3696 1220 1016 1957 2698 4660 3445 1207 3897 3411 2685 872 737 4346 963 4815 1182 3256 67 914 1844 3386 4273 285 3321 3092 421 4025 4883
2688 726 4154 3718 2050 2470 670 3598 2315 3169 3377 2197 4292 375 1396 2885 3571 803 4982 272 2520 612 1435 88 761 193 3332 4563 1561 4685 2719 1713 4821 3285 2723 2130 3534 4252 1234 3336 3779 4035 2716 3714 2784 1264 4799 3287 750 996 1257 3480 1160 2157 4838 3640 804 3132 2368 4168 105 2485 3310 1533 4191 4085 2975 4266 3376 3232 1192 2249 1960 1522 3657 4069 143 892 4921 1879 2511 1697 1930 3861 1220 4566 2883 948 2734 4871 2444 3542 2163 2446 1750 3398 3519 1023 3650 3930
4700 1032 202 4042 695 2752 2346 4850 3027 4317 1601 1227 1533 3062 3298 4597 3027 32 199 2354 4959 1478 1235 4826 4837 3332 2586 223 183 4301 3886 207 3678 587 953 4970 2317 2957 3757 2170 3274 1687 4051 3914 4194 1509 3044 2059 4044 4224 2189 1817 3590 1180 4872 1591 1605 4114 68 2244 283 528 1505 4027 2449 3687 790 39 2858 2226 3708 4707 517 4897 4767 4946 1800 631 2160 909 4458 1063 1644 2386 4080 3751 4509 3996 3680 3291 3972 4070 4454 874 3109 2950 3043 4338 286 4378
4272 2019 3235 4188 1715 3705 1115 622 1306 4313 4065 1523 266 4795 1767 1857 2988 4318 1589 2958 2638 3207 4259 2768 3984 4563 223 2140 1140 1150 4036 4204 719 1047 1480 620 3701 1038 3610 3195 1167 2001 1960 2566 1130 436 967 2573 3855 1542 4485 2675 4118 3409 4281 4628 4412 1601 2826 4960 425 3781 1891 2746 2780 1240 4515 4857 2258 4873 340 3358 3679 2204 514 708 1547 2232 2010 837 2145 1719 17 1394 971 4687 235 500 3800 2385 3752 3770 1091 1777 3991 3221 3326 158 1378 1356
3796 4136 3442 147 1272 3001 4641 4894 3613 1922 2239 1831 2456 1962 2351 3956 3860 2202 1919 1507 1198 2432 3069 2855 4483 1561 183 1140 456 562 421 3098 2909 4501 2699 4680 4682 4170 2164 2283 609 2238 4781 1486 3461 1640 2807 3765 2952 3971 4308 2108 4848 563 4597 2794 4067 651 2774 3094 2992 743 282 4719 3046 861 1130 911 2638 2655 4967 2956 3859 2639 1020 990 4059 4996 615 3306 1953 3600 3296 1228 1436 3028 1723 322 4458 1007 651 1873 3358 2655 1446 1226 2592 1060 4433 525
4982 876 3251 4363 1024 1269 1123 3378 3320 1421 170 251 3292 2040 4407 4278 4643 4828 354 1994 213 401 2173 1461 1514 4685 4301 1150 562 4893 1436 2604 3771 1524 2425 1709 2554 4255 1188 1321 1678 4517 3398 3627 2005 2525 116 3565 2710 1800 1184 1181 3707 4322 1861 1763 2117 4295 2065 3364 4097 4541 2903 339 1681 2160 2139 4357 1372 920 1696 4484 559 3295 3468 3227 3547 660 1382 4108 1288 2118 2342 450 2067 774 1606 2360 1046 4506 2251 862 2041 2213 413 4077 19 3295 2843 2931
1015 3036 1191 4310 1170 4789 1072 3776 3796 261 337 751 83 1366 4480 1750 1923 681 4948 78 532 589 1205 4817 445 2719 3886 4036 421 1436 2415 84 2577 3575 2523 4014 526 2960 2705 3952 4992 4932 1102 3526 3592 42 236 1922 4996 489 4001 4987 376 4684 1171 568 3751 1324 2299 1962 2848 529 3691 488 3988 1645 3219 3349 1904 248 1203 3166 1478 3970 3663 415 480 4130 2201 1296 2907 3028 606 443 2984 3750 2031 3703 1126 1058 3199 1733 1105 3267 703 1812 1384 2069 3041 2989
4035 401 1846 1564 3209 1989 4202 1313 2554 774 4946 969 609 3522 966 2275 3736 276 3297 2095 3771 983 36 90 1886 1713 207 4204 3098 2604 84 484 321 1059 4053 651 3425 242 4819 1846 3902 1297 1256 2970 2933 2279 2101 1995 2421 4435 3890 3116 4564 906 1077 2525 3376 1792 1280 2215 3579 4618 988 4416 4578 811 1178 808 1694 2330 2310 2812 404 1317 4336 806 807 4424 3994 1900 919 189 4175 583 3824 2393 4182 2239 244 3100 4484 2303 25 140 2675 1883 3547 2224 265 3132
1768 2836 2571 2769 2796 1941 1385 2773 2441 989 3856 170 2056 1246 2821 1871 1038 175 665 3333 4168 3749 1991 1921 2802 4821 3678 719 2909 3771 2577 321 2505 4045 2400 2205 2920 4399 3723 605 161 4631 1634 396 4439 3021 2269 4895 3003 2458 2926 73 1984 3969 295 839 4930 207 91 2205 234 1951 212 4934 1438 1057 1562 731 3954 3234 4776 3511 1313 203 1210 1735 3851 1998 3122 74 3405 2373 2860 4238 4846 2031 2972 2192 3763 3180 4734 3218 734 2115 3914 1116 2291 391 1913 2784
3157 1331 1982 2205 1411 2752 1181 987 595 4585 4508 3662 4522 3760 2160 3802 1158 3159 4832 1770 4322 2400 3640 754 4914 3285 587 1047 4501 1524 3575 1059 4045 108 2952 1991 992 3531 4012 3120 678 4578 3166 51 4597 4739 1617 962 1684 1619 3472 2657 4073 157 4931 561 172 4233 1794 3713 4735 2916 1128 311 3021 3188 974 4562 593 2388 360 3458 4194 2797 1220 4456 4446 2134 2793 1360 2370 2975 1658 4135 1028 4698 2250 259 1912 919 347 2612 3869 1192 4966 74 2018 2413 2932 1870
4574 4072 3265 1727 1474 2078 3434 2964 2279 3768 17 649 3517 331 462 2952 693 2781 146 4996 4775 3432 1696 1250 4572 2723 953 1480 2699 2425 2523 4053 2400 2952 3287 3718 2187 2401 4280 3537 1772 3568 2315 4569 3364 1152 3938 4576 4147 4606 3374 3415 1846 1024 216 3484 3905 879 4268 2424 3383 3025 998 2049 388 728 4476 2589 2444 1078 548 2273 1063 3612 1012 1199 3477 2919 1501 1248 4106 3347 3491 369 2229 1439 1250 864 4132 3893 1037 2392 2036 4460 4278 4564 694 3276 3428 718
3626 840 3481 1587 821 3669 3893 2691 1878 3146 1126 3386 4328 4999 342 2511 330 4867 4032 4134 1984 4328 1172 1535 2165 2130 4970 620 4680 1709 4014 651 2205 1991 3718 4173 873 649 400 169 3416 2433 4463 879 923 4202 3937 3291 4858 1767 1691 720 539 891 2085 1920 2211 3538 779 4636 762 1122 3024 530 952 715 2552 4043 4983 1228 4140 2794 3009 1463 3529 1384 2725 2056 2069 1171 4930 999 762 4514 1747 325 4270 4517 4172 716 2943 319 3621 2987 4830 517 4241 1849 4996 3295
4463 1382 4207 4909 2153 1123 3687 414 4917 3116 1751 3849 4959 3312 4302 1768 3716 1051 2206 1070 626 1818 379 3471 907 3534 2317 3701 4682 2554 526 3425 2920 992 2187 873 646 28 4989 4786 4594 3553 3290 1303 702 4189 4865 3487 4484 824 2856 728 4345 1131 534 4763 755 3938 3126 4693 2841 1421 3489 4844 1760 4889 1259 2261 315 2019 547 4372 3740 4201 269 360 1463 4538 1383 2924 2997 4535 1113 810 1660 3218 1888 1718 1170 2539 3584 2711 1496 4510 4535 4920 668 487 2328 3076
2860 4817 1311 1479 2577 3896 4322 3526 3170 3939 2427 3818 1253 4177 2694 1117 1574 1547 2955 2570 1183 4128 2848 1122 4593 4252 2957 1038 4170 4255 2960 242 4399 3531 2401 649 28 3378 3144 1482 4378 1970 3880 2048 1571 2119 621 1934 4961 3829 3041 3748 495 1587 3962 1701 4605 880 574 4460 2828 4864 2317 2044 955 706 4237 4806 817 1666 1469 2760 4817 2768 3006 2906 3091 2565 3425 4709 611 3674 1331 4109 1684 236 2963 3416 4254 4373 2876 4785 1791 3750 1817 2348 627 4450 3814 2070
100 3315 650 4930 2786 400 766 2275 2340 2724 4903 3281 197 4309 2085 2085 1825 3982 1194 3537 3037 3771 4350 2011 4560 1234 3757 3610 2164 1188 2705 4819 3723 4012 4280 400 4989 3144 2793 2236 3931 3315 640 2168 3041 815 3362 2659 851 539 3748 1050 4153 4067 146 2814 4020 779 3124 318 3338 2330 4747 1708 3142 4432 4903 1384 1183 1100 2287 2312 1539 3760 2315 4434 4129 485 1009 927 2188 4330 2751 3798 4445 1183 2530 795 588 2013 3846 2026 4758 3139 1577 1793 3066 2713 1248 2844
4773 993 3529 249 2299 3905 4093 4666 4046 3659 170 3092 2042 2637 893 4603 1365 3382 4556 3549 1815 3139 79 158 853 3336 2170 3195 2283 1321 3952 1846 605 3120 3537 169 4786 1482 2236 1286 2874 4480 1836 3131 4624 294 3358 3764 2983 176 734 4283 4637 2256 1581 3012 2833 3331 124 3083 281 2099 1719 4287 3100 3763 914 1772 4592 4011 2953 2321 2258 249 1137 4091 4783 4632 1786 1462 1010 121 3956 4078 3025 2353 3053 4806 3967 1701 4255 2751 156 2842 3065 2058 3790 2444 2101 1373
2947 3852 1513 1787 4742 4568 2515 761 4237 4782 1223 3735 1024 2758 4532 3052 4861 4826 4130 3722 2952 2694 2233 2236 4914 3779 3274 1167 609 1678 4992 3902 161 678 1772 3416 4594 4378 3931 2874 3479 1568 4634 69 4070 3224 799 265 2229 4896 848 4355 3242 2666 2436 4906 4322 2387 4444 3098 2988 267 1998 519 1267 2370 1760 2914 1691 1583 1971 4169 4023 4516 4066 3048 4138 2696 3915 4437 2960 788 3241 4682 2673 294 3916 4002 844 4000 4229 3566 4954 4660 4486 1395 2814 1850 2723 4859
2603 301 2581 2256 1103 3543 422 2653 4491 3259 652 4272 3758 23 1449 3594 2021 2334 3658 2002 4776 3251 3272 475 3500 4035 1687 2001 2238 4517 4932 1297 4631 4578 3568 2433 3553 1970 3315 4480 1568 4385 4006 3620 2422 1086 4705 177 3303 581 2483 210 2298 2863 3481 1970 4854 1048 2215 1245 2858 1203 4480 2088 1065 4356 1546 926 4413 3148 739 1579 2845 4466 4123 3538 774 2020 2662 2814 488 2562 1406 378 4143 2906 3143 4291 745 2154 4405 1540 3093 305 3768 3674 4094 476 2340 2976
4174 3370 4165 1322 192 4180 1145 2740 4980 4695 4063 4521 2473 2094 4283 98 1195 1326 2928 3319 3381 3963 1937 4335 3515 2716 4051 1960 4781 3398 1102 1256 1634 3166 2315 4463 3290 3880 640 1836 4634 4006 3875 3211 150 1038 1281 1491 4781 2290 4946 3065 756 2484 2879 4890 1247 2009 2609 689 1257 4590 1070 716 3764 2895 3484 3120 1971 2946 3191 3297 459 2407 2202 2584 1212 3383 2712 4694 4549 4662 337 1409 2444 2213 597 1046 2770 4920 2622 4048 751 243 2919 2541 2332 3382 1444 1283
2736 1095 428 3423 3982 3773 398 4623 1345 2784 456 1719 2582 2028 3033 2152 3792 1542 3833 3664 2120 3542 3933 1917 3172 3714 3914 2566 1486 3627 3526 2970 396 51 4569 879 1303 2048 2168 3131 69 3620 3211 2937 18 4871 3572 586 4435 2901 2760 3667 296 2770 2003 1252 2089 347 2196 4700 90 4343 3742 4632 2504 2856 1032 2045 3426 2828 525 2564 2469 4786 2003 3447 3779 3693 398 3009 3370 3482 4314 4102 312 817 2157 2302 400 4497 2149 2543 3437 2301 4281 4642 790 2586 405 2806
4593 3875 1204 2187 1701 1357 2545 4791 2448 3611 3945 443 2016 3164 492 789 3249 4476 16 4995 1069 4546 1657 2397 3758 2784 4194 1130 3461 2005 3592 2933 4439 4597 3364 923 702 1571 3041 4624 4070 2422 150 18 606 349 3437 283 3336 3593 2433 3144 4100 4941 4297 3224 4011 2550 2363 2240 1036 1552 1508 2751 4312 30 2538 4099 1765 2628 1455 1393 1456 10 2376 274 2158 4855 2868 3532 2637 2493 4142 880 639 1890 1168 2115 4914 2815 1110 3611 3880 1031 3662 4281 531 1087 976 3816
163 537 4414 1855 1933 2541 4310 2710 2467 3134 379 391 4288 1729 1699 550 3508 1561 1947 1388 1782 359 1784 602 2728 1264 1509 436 1640 2525 42 2279 3021 4739 1152 4202 4189 2119 815 294 3224 1086 1038 4871 349 2216 486 1697 3986 2498 2998 4754 3502 515 4292 3483 4184 3065 3816 1379 2770 2807 3204 2829 4490 1626 4843 1866 3071 3755 3951 3857 1536 3466 2894 3844 1285 4452 2701 2714 1301 3114 293 4347 2759 4271 1938 2118 3393 409 1384 634 4527 3835 881 633 3030 3705 3768 2986
3623 4251 1209 4911 1042 4401 2677 3589 3291 2486 1974 4855 2259 1097 2327 1855 4650 1172 904 3250 4543 4030 4002 2828 1948 4799 3044 967 2807 116 236 2101 2269 1617 3938 3937 4865 621 3362 3358 799 4705 1281 3572 3437 486 4775 683 555 4650 1270 129 2358 407 334 1037 720 4608 1462 1784 4144 2739 488 1586 2244 890 1786 2199 2812 1656 3074 4636 4303 4904 3702 2570 1462 86 3674 1289 2733 18 1913 1640 1305 700 1977 46 1500 2125 3814 4645 362 4880 1973 1708 1740 1403 4975 1705
2041 1739 3105 3311 4568 1958 3830 2498 4366 332 4069 4718 381 3697 1758 94 2023 3904 4753 1145 1209 1222 3422 1366 4778 3287 2059 2573 3765 3565 1922 1995 4895 962 4576 3291 3487 1934 2659 3764 265 177 1491 586 283 1697 683 382 2898 2349 3900 3822 3387 2178 763 861 3320 1729 4043 4570 2326 1875 1517 3671 2895 4893 1532 2075 503 341 3524 1927 207 4009 452 1872 2629 1443 3750 12 3692 1350 4068 2433 940 4751 1188 2227 2864 856 211 1959 3092 2182 3445 3639 1604 2748 3912 2696
260 1360 4132 766 3348 4212 353 4696 934 3206 3871 433 3586 3431 1343 786 4980 57 1713 3390 4935 980 2036 4539 3621 750 4044 3855 2952 2710 4996 2421 3003 1684 4147 4858 4484 4961 851 2983 2229 3303 4781 4435 3336 3986 555 2898 548 1973 3593 560 1929 1487 3730 1741 1449 2828 3465 2081 3708 4708 1667 1220 2536 4013 579 4234 2085 3007 2588 657 3967 3708 4815 1692 157 2670 1710 755 747 1638 4749 3914 2301 1238 325 3527 2715 1525 1954 774 3907 1517 4947 231 4082 4774 4917 2958
4569 2773 3997 3519 354 3349 4937 3378 948 1289 1302 4508 1236 59 1374 4097 4062 1605 1502 4447 361 2476 4874 4291 3490 996 4224 1542 3971 1800 489 4435 2458 1619 4606 1767 824 3829 539 176 4896 581 2290 2901 3593 2498 4650 2349 1973 1228 3690 309 4798 1727 277 2982 2270 472 4723 4127 3018 1687 401 3807 4030 366 139 3228 726 111 3962 1678 2544 1774 4051 225 3848 553 1868 1159 2263 1664 1519 945 4631 1314 4806 1154 2413 1277 2202 3125 2282 4290 467 55 2900 2563 1912 79
473 3251 1338 222 1156 1639 3893 785 2755 1958 1933 4001 597 3914 1402 1949 302 4629 1984 4705 3730 1114 2820 4752 3583 1257 2189 4485 4308 1184 4001 3890 2926 3472 3374 1691 2856 3041 3748 734 848 2483 4946 2760 2433 2998 1270 3900 3593 3690 3973 4334 2474 1751 3591 1274 2660 4551 2376 410 4755 3678 2991 3508 3582 771 603 3598 2293 324 1961 4530 4644 3004 4660 2795 2152 1286 1959 3205 55 3753 3097 1864 2251 850 2240 1636 3008 4363 750 3472 4754 585 2113 2576 3884 824 1157 386
4428 574 744 3977 784 582 2042 1104 346 424 4585 1864 385 4081 835 1871 1959 4695 2665 534 931 2621 3690 3133 3765 3480 1817 2675 2108 1181 4987 3116 73 2657 3415 720 728 3748 1050 4283 4355 210 3065 3667 3144 4754 129 3822 560 309 4334 1556 953 726 466 1950 3276 522 4416 4307 1358 2420 4177 2938 3350 2931 359 3403 3881 2270 4476 3369 4356 4594 3222 4636 1271 4573 3954 3341 4526 1602 4774 1210 999 1900 1413 3513 1283 2089 4064 2365 2058 1354 4929 753 1661 2450 2414 3836
4631 1971 2815 2379 935 4092 469 3758 2227 1671 3734 4594 1069 3978 4636 3185 4145 1785 2586 80 1033 4222 3257 4583 4134 1160 3590 4118 4848 3707 376 4564 1984 4073 1846 539 4345 495 4153 4637 3242 2298 756 296 4100 3502 2358 3387 1929 4798 2474 953 838 4501 2120 1312 3773 3967 4609 4524 3634 2021 1434 3005 4275 4376 1575 2677 13 1776 2041 2508 4249 1867 419 3082 2815 4639 667 1458 2142 2637 4729 1008 2113 568 3995 4884 1131 3960 383 1553 3032 1767 4592 3223 1593 1845 3942 3415
4621 2277 4603 3552 476 2441 4150 4726 88 4886 3443 1837 4587 2482 2844 2155 2655 3144 4822 2069 2555 339 1848 4131 1960 2157 1180 3409 563 4322 4684 906 3969 157 1024 891 1131 1587 4067 2256 2666 2863 2484 2770 4941 515 407 2178 1487 1727 1751 726 4501 2384 1980 4596 1080 3791 1599 2342 1467 138 2675 3502 2483 2299 2001 4572 1821 3091 761 1016 1823 745 3070 190 1706 2992 2383 311 4012 395 367 919 3236 3200 2626 2419 4006 2389 1505 3688 3931 4918 1565 1308 2005 2503 3710 3248
174 4890 2957 4705 1655 4723 2143 4483 424 40 1894 1775 1176 1660 2538 4367 282 1297 3195 4371 675 1464 3506 1273 4442 4838 4872 4281 4597 1861 1171 1077 295 4931 216 2085 534 3962 146 1581 2436 3481 2879 2003 4297 4292 334 763 3730 277 3591 466 2120 1980 1174 3046 1439 2984 52 2675 838 3742 1234 3994 2859 79 4667 4111 3659 4029 4759 4539 2277 4953 3352 1236 892 3358 2020 699 2877 2309 1410 2982 308 2289 1102 1236 1581 1565 4198 1250 1316 2229 2257 3342 3514 32 1373 3201
4496 2739 1142 1153 1823 1358 12 3835 4858 3985 1873 1106 3845 3888 92 4545 2626 2235 202 1933 869 2437 837 594 881 3640 1591 4628 2794 1763 568 2525 839 561 3484 1920 4763 1701 2814 3012 4906 1970 4890 1252 3224 3483 1037 861 1741 2982 1274 1950 1312 4596 3046 4744 2901 4644 2342 1291 4117 1562 2774 3966 3396 4314 1579 2796 4437 3890 4328 2421 3375 2984 870 3458 3373 2253 780 4169 1429 1825 1426 4455 642 2616 2921 2307 2981 1815 867 2935 3258 2951 3094 2935 3484 1740 1053 4420
931 3315 927 3085 268 1810 2646 1788 1695 1653 88 4684 1062 946 3540 495 2105 2819 2419 1321 183 2898 3323 773 1492 804 1605 4412 4067 2117 3751 3376 4930 172 3905 2211 755 4605 4020 2833 4322 4854 1247 2089 4011 4184 720 3320 1449 2270 2660 3276 3773 1080 1439 2901 1907 4717 1634 3591 4241 2218 3907 1107 2822 1583 3882 1286 2483 861 1161 4765 724 3709 1621 2843 891 281 2112 4959 940 581 550 3976 772 2749 448 1514 4150 3506 2521 904 1191 1743 3475 926 2541 3758 277 2196
3069 1587 4654 1238 2342 584 3540 797 2871 2318 115 2330 3656 2052 1252 3045 2141 697 957 3715 1372 3877 4923 3456 1658 3132 4114 1601 651 4295 1324 1792 207 4233 879 3538 3938 880 779 3331 2387 1048 2009 347 2550 3065 4608 1729 2828 472 4551 522 3967 3791 2984 4644 4717 2074 835 4021 2212 1858 3124 4165 1932 4018 4338 838 3258 680 3828 4239 4258 3818 1103 825 4200 3668 4210 1298 1186 4254 4135 517 1009 4499 1043 3027 2041 4842 2467 521 4586 543 4628 2075 281 3463 3582 976
2401 432 2901 71 1122 4721 721 1236 991 707 3986 3253 3361 2938 4367 49 1100 3617 3441 1281 4150 4763 3665 4306 1809 2368 68 2826 2774 2065 2299 1280 91 1794 4268 779 3126 574 3124 124 4444 2215 2609 2196 2363 3816 1462 4043 3465 4723 2376 4416 4609 1599 52 2342 1634 835 3884 361 4784 1085 3233 1112 1286 4430 2969 4310 2875 1427 923 1519 4785 4761 2205 4610 3210 4161 1187 3861 313 2661 4222 2425 3001 3583 3037 2414 2894 592 2158 545 4351 4012 3671 1651 1152 3822 1910 365
226 1099 1381 2731 4339 1744 3529 3697 116 3633 3387 229 1903 3737 1314 1886 1193 139 1355 491 1879 3314 572 2247 1834 4168 2244 4960 3094 3364 1962 2215 2205 3713 2424 4636 4693 4460 318 3083 3098 1245 689 4700 2240 1379 1784 4570 2081 4127 410 4307 4524 2342 2675 1291 3591 4021 361 4407 1987 3608 4942 3309 302 1274 3862 3664 1384 1115 2053 2767 1307 940 4319 2080 4878 1590 3387 3436 225 819 2225 2571 308 4273 518 935 2655 3022 1461 3310 4906 1887 4826 2005 2127 1157 1962 57
3595 1693 1301 3870 2296 2608 1319 4743 4115 4764 4914 4113 647 1676 3331 2670 1942 4758 1482 3997 3263 4601 1418 3226 1840 105 283 425 2992 4097 2848 3579 234 4735 3383 762 2841 2828 3338 281 2988 2858 1257 90 1036 2770 4144 2326 3708 3018 4755 1358 3634 1467 838 4117 4241 2212 4784 1987 1818 3190 4518 2099 4988 1354 4744 1341 4610 998 1903 2288 897 4395 3711 2684 4462 2749 1784 2342 4665 2918 1945 4614 2884 2060 1700 520 2410 106 3545 2704 1879 2618 2673 3082 660 771 172 427
3101 2172 3136 3032 2607 3333 2091 4996 636 3503 48 3807 1590 1851 1702 855 2766 3583 1470 4443 4542 3957 583 2062 1503 2485 528 3781 743 4541 529 4618 1951 2916 3025 1122 1421 4864 2330 2099 267 1203 4590 4343 1552 2807 2739 1875 4708 1687 3678 2420 2021 138 3742 1562 2218 1858 1085 3608 3190 2005 4688 4437 388 4426 517 1845 138 1812 2287 2398 3808 968 812 122 1819 336 2691 1448 3254 2827 43 2314 597 1789 1803 4246 1860 2335 3712 2308 2239 1567 2827 604 569 659 2559 2927
247 4104 1263 4906 2578 3240 684 2650 4904 4201 2273 2890 4406 4036 4813 2869 321 1104 1735 3729 3264 1542 496 2760 1098 3310 1505 1891 282 2903 3691 988 212 1128 998 3024 3489 2317 4747 1719 1998 4480 1070 3742 1508 3204 488 1517 1667 401 2991 4177 1434 2675 1234 2774 3907 3124 3233 4942 4518 4688 4015 3294 1352 4222 1429 2669 484 2925 1853 1594 43 3510 677 2704 1163 1658 131 3229 2496 3421 4050 3829 2845 4757 2789 2158 1154 1603 1828 3443 2183 2535 4988 1321 2537 2109 159 4015
3995 2149 1429 116 4534 4410 3645 2432 1420 1375 526 1367 4382 2815 503 3158 3564 76 2788 1764 3760 1617 2128 2235 128 1533 4027 2746 4719 339 488 4416 4934 311 2049 530 4844 2044 1708 4287 519 2088 716 4632 2751 2829 1586 3671 1220 3807 3508 2938 3005 3502 3994 3966 1107 4165 1112 3309 2099 4437 3294 33 4672 2748 1978 2843 347 2415 2870 3960 1026 3834 3653 1107 2062 4251 501 484 2441 58 1980 835 3831 2454 2254 718 1383 4356 3354 2174 1945 4176 3912 4107 558 4665 4927 4419
3193 1533 2176 2698 1876 704 2432 2970 623 1819 1207 2990 2218 3984 469 3511 3292 3087 3959 367 3486 4535 2553 4683 1877 4191 2449 2780 3046 1681 3988 4578 1438 3021 388 952 1760 955 3142 3100 1267 1065 3764 2504 4312 4490 2244 2895 2536 4030 3582 3350 4275 2483 2859 3396 2822 1932 1286 302 4988 388 1352 4672 1556 2856 1785 205 4578 3277 2925 4446 2149 1524 4230 1749 4508 4234 455 601 2107 3364 456 1442 1365 747 4556 4125 1412 3562 1112 2240 3658 4611 2767 504 4286 4338 1887 2167
4155 3519 3794 1406 1156 1792 186 117 3218 4920 2415 298 2465 583 734 3579 2696 4466 4741 221 3579 3744 2108 4774 2586 4085 3687 1240 861 2160 1645 811 1057 3188 728 715 4889 706 4432 3763 2370 4356 2895 2856 30 1626 890 4893 4013 366 771 2931 4376 2299 79 4314 1583 4018 4430 1274 1354 4426 4222 2748 2856 2849 1261 3366 2681 3705 4915 2879 4097 2303 211 954 3431 4748 4560 2088 1768 2114 2365 58 2840 349 1283 1812 2234 4637 2528 1475 2373 2240 676 553 3294 440 3462 73
2205 1954 2135 591 4322 722 251 1084 1205 2389 64 1217 1453 1187 2948 2112 383 153 2374 1152 3020 4169 3370 1502 185 2975 790 4515 1130 2139 3219 1178 1562 974 4476 2552 1259 4237 4903 914 1760 1546 3484 1032 2538 4843 1786 1532 579 139 603 359 1575 2001 4667 1579 3882 4338 2969 3862 4744 517 1429 1978 1785 1261 4038 4721 3336 1743 1951 173 3013 2031 4902 301 2641 3860 4605 1066 2084 361 1081 460 3604 4504 3234 2107 2697 80 2871 4783 1202 1957 55 1131 3892 1948 38 3852
747 1927 2659 2246 3833 4274 864 3351 1604 2362 789 1099 4231 2649 1958 4951 3385 48 2598 951 2102 2410 397 4343 2589 4266 39 4857 911 4357 3349 808 731 4562 2589 4043 2261 4806 1384 1772 2914 926 3120 2045 4099 1866 2199 2075 4234 3228 3598 3403 2677 4572 4111 2796 1286 838 4310 3664 1341 1845 2669 2843 205 3366 4721 195 3610 623 2462 1497 4121 4247 4347 935 822 3167 1981 2081 2078 1176 4866 2630 435 533 2856 1313 1295 2454 2124 2745 2252 1455 3820 3899 542 347 2293 415
353 4770 3760 1131 2528 4864 460 4484 1007 3547 566 3219 623 2508 2921 219 3414 4470 3133 4023 4720 3865 1194 558 36 3376 2858 2258 2638 1372 1904 1694 3954 593 2444 4983 315 817 1183 4592 1691 4413 1971 3426 1765 3071 2812 503 2085 726 2293 3881 13 1821 3659 4437 2483 3258 2875 1384 4610 138 484 347 4578 2681 3336 3610 4633 2073 417 1982 3448 2593 2521 1699 4236 1327 4621 3435 1711 1459 2566 83 234 4312 964 221 1336 2751 3351 3218 3419 361 4955 2256 3130 608 4242 4240
2663 1118 628 569 850 1306 1245 342 1064 3844 4136 2509 1963 1611 4265 4562 4667 1798 3059 947 208 2027 37 2286 4559 3232 2226 4873 2655 920 248 2330 3234 2388 1078 1228 2019 1666 1100 4011 1583 3148 2946 2828 2628 3755 1656 341 3007 111 324 2270 1776 3091 4029 3890 861 680 1427 1115 998 1812 2925 2415 3277 3705 1743 623 2073 4766 3989 717 1190 1966 4808 1120 3282 770 4781 1271 508 3684 1333 1518 732 711 3768 1540 2774 3422 909 3182 4701 3454 2573 4046 351 3371 3398 3337
1313 2271 1940 3512 472 1332 283 654 245 2268 2549 1510 4614 1400 381 1555 3115 4401 3460 2969 4119 3143 2939 3010 2715 1192 3708 340 4967 1696 1203 2310 4776 360 548 4140 547 1469 2287 2953 1971 739 3191 525 1455 3951 3074 3524 2588 3962 1961 4476 2041 761 4759 4328 1161 3828 923 2053 1903 2287 1853 2870 2925 4915 1951 2462 417 3989 23 4583 3326 1081 677 496 2739 3449 4299 1470 3337 814 4329 3819 121 956 1042 2027 4511 3721 932 2200 443 3416 1853 4754 4968 4192 4004 4631
4218 4619 4707 2617 3126 1424 1964 4186 1532 700 3229 2169 4443 917 3466 2585 3652 2688 109 1927 3532 773 2767 4702 3696 2249 4707 3358 2956 4484 3166 2812 3511 3458 2273 2794 4372 2760 2312 2321 4169 1579 3297 2564 1393 3857 4636 1927 657 1678 4530 3369 2508 1016 4539 2421 4765 4239 1519 2767 2288 2398 1594 3960 4446 2879 173 1497 1982 717 4583 3888 1700 1590 3249 2522 2668 3362 4398 1041 3498 3138 2365 202 4344 3786 3035 1058 324 790 1316 3900 1357 834 2736 1300 4139 4173 1562 4551
4999 408 1277 1812 2751 3898 4169 871 4829 1961 1047 4818 2005 3460 3665 4750 3823 4636 2242 3349 1874 1224 1498 2379 1220 1960 517 3679 3859 559 1478 404 1313 4194 1063 3009 3740 4817 1539 2258 4023 2845 459 2469 1456 1536 4303 207 3967 2544 4644 4356 4249 1823 2277 3375 724 4258 4785 1307 897 3808 43 1026 2149 4097 3013 4121 3448 1190 3326 1700 371 3029 3965 802 2824 2200 1801 1617 731 501 3776 563 3084 2478 3523 1915 1889 4974 2433 1314 2609 2914 4008 2744 1628 1013 4398 3366
1830 4136 2253 1932 2986 366 1444 2809 822 3931 1409 4715 4515 1088 4313 854 4779 2059 4468 231 1314 1085 3841 2379 1016 1522 4897 2204 2639 3295 3970 1317 203 2797 3612 1463 4201 2768 3760 249 4516 4466 2407 4786 10 3466 4904 4009 3708 1774 3004 4594 1867 745 4953 2984 3709 3818 4761 940 4395 968 3510 3834 1524 2303 2031 4247 2593 1966 1081 1590 3029 1358 1614 4976 4743 2418 4252 2448 777 3306 1476 1826 4564 4962 1692 174 44 1350 4524 702 4595 2093 256 3971 3229 1213 1048 4382
4624 4711 1676 641 3970 1423 3339 489 4350 152 1628 2370 563 3199 579 1548 4024 3503 402 520 2227 3200 4265 1924 1957 3657 4767 514 1020 3468 3663 4336 1210 1220 1012 3529 269 3006 2315 1137 4066 4123 2202 2003 2376 2894 3702 452 4815 4051 4660 3222 419 3070 3352 870 1621 1103 2205 4319 3711 812 677 3653 4230 211 4902 4347 2521 4808 677 3249 3965 1614 3474 2358 4546 4958 1251 2009 2084 2572 1780 1109 2226 68 84 504 112 542 251 2772 910 3567 3258 2399 3273 3116 3575 539
3503 2113 3437 4738 563 4223 4699 1028 3938 4463 4704 4349 3141 3436 4211 4988 3186 953 715 1321 3549 384 1627 674 2698 4069 4946 708 990 3227 415 806 1735 4456 1199 1384 360 2906 4434 4091 3048 3538 2584 3447 274 3844 2570 1872 1692 225 2795 4636 3082 190 1236 3458 2843 825 4610 2080 2684 122 2704 1107 1749 954 301 935 1699 1120 496 2522 802 4976 2358 2191 3163 1788 3644 880 4887 839 4267 4696 617 2550 4952 3293 1976 1210 1446 2381 1341 1355 2115 1318 4043 2684 871 4713
1707 1762 640 3480 299 580 4973 795 2134 4244 4768 84 2204 679 3082 1325 4961 1947 2205 2703 1524 1853 3731 2290 4660 143 1800 1547 4059 3547 480 807 3851 4446 3477 2725 1463 3091 4129 4783 4138 774 1212 3779 2158 1285 1462 2629 157 3848 2152 1271 2815 1706 892 3373 891 4200 3210 4878 4462 1819 1163 2062 4508 3431 2641 822 4236 3282 2739 2668 2824 4743 4546 3163 4256 2935 3136 3213 1804 1706 630 3316 4236 2842 835 1041 3608 1901 3321 802 377 3234 1756 1870 3591 4454 4731 775
4492 1934 3559 2982 325 2732 4603 22 2157 1127 1720 1959 3055 4172 2957 82 2118 2046 808 1598 1125 1874 736 2624 3445 892 631 2232 4996 660 4130 4424 1998 2134 2919 2056 4538 2565 485 4632 2696 2020 3383 3693 4855 4452 86 1443 2670 553 1286 4573 4639 2992 3358 2253 281 3668 4161 1590 2749 336 1658 4251 4234 4748 3860 3167 1327 770 3449 3362 2200 2418 4958 1788 2935 432 3326 1588 3741 1519 2820 4357 2971 4604 4151 2508 2603 3355 2733 290 501 909 2641 549 4665 2034 3109 3026
3714 3587 570 3550 745 2820 1487 1166 591 2389 3504 4320 4906 1398 4401 3644 2503 1172 356 4211 729 1507 3948 4662 1207 4921 2160 2010 615 1382 2201 3994 3122 2793 1501 2069 1383 3425 1009 1786 3915 2662 2712 398 2868 2701 3674 3750 1710 1868 1959 3954 667 2383 2020 780 2112 4210 1187 3387 1784 2691 131 501 455 4560 4605 1981 4621 4781 4299 4398 1801 4252 1251 3644 3136 3326 3159 4104 2758 3077 3311 3816 3008 2699 4464 2915 1133 4087 2996 1561 2956 1361 2434 4292 1023 3945 3829 2720
2869 2527 4026 2724 781 3833 1764 1178 1011 4766 3236 3856 1186 47 1724 4912 655 3799 3137 4470 3155 1793 1424 335 3897 1879 909 837 3306 4108 1296 1900 74 1360 1248 1171 2924 4709 927 1462 4437 2814 4694 3009 3532 2714 1289 12 755 1159 3205 3341 1458 311 699 4169 4959 1298 3861 3436 2342 1448 3229 484 601 2088 1066 2081 3435 1271 1470 1041 1617 2448 2009 880 3213 1588 4104 2461 3789 2265 722 711 3798 4270 2887 415 1959 3894 487 1444 1509 167 3881 4804 2135 194 1303 2221
4447 1675 3351 3101 3077 2186 4862 3548 2338 120 2365 2609 4700 3602 1364 110 3687 4351 1197 1828 1462 2040 1635 192 3411 2511 4458 2145 1953 1288 2907 919 3405 2370 4106 4930 2997 611 2188 1010 2960 488 4549 3370 2637 1301 2733 3692 747 2263 55 4526 2142 4012 2877 1429 940 1186 313 225 4665 3254 2496 2441 2107 1768 2084 2078 1711 508 3337 3498 731 777 2084 4887 1804 3741 2758 3789 1011 2354 4808 2731 2711 209 227 4079 3260 3423 896 4889 1554 4960 3299 1267 1955 3549 4972 1313
3569 4601 3225 2007 2079 1210 1472 3557 4099 2861 3640 1207 3067 2659 401 1147 2041 2053 3247 3689 2943 3260 4135 1917 2685 1697 1063 1719 3600 2118 3028 189 2373 2975 3347 999 4535 3674 4330 121 788 2562 4662 3482 2493 3114 18 1350 1638 1664 3753 1602 2637 395 2309 1825 581 4254 2661 819 2918 2827 3421 58 3364 2114 361 1176 1459 3684 814 3138 501 3306 2572 839 1706 1519 3077 2265 2354 4340 3650 1023 4796 193 718 3967 2475 57 4352 2554 4308 1067 2939 3863 13 4343 1879 481
