N: 150
M: 30
Symmetric: true
Triangle: false
5 110 106 41 65 111
8 71 44 104 33 150 100 60 137
3 42 105 99
3 7 79 130
8 51 126 76 39 36 12 129 8
6 64 109 90 29 27 1
4 68 132 128 78
4 85 114 97 127
5 121 116 6 2 11
3 113 133 94
6 139 15 118 74 59 72
6 125 142 17 23 107 31
3 50 18 45
4 14 61 3 80
7 38 67 93 101 66 136 16
4 119 134 120 91
5 20 53 141 82 34
5 10 22 46 124 81
6 63 87 40 140 62 148
5 135 77 147 19 115
4 47 117 57 25
5 86 131 145 48 55
4 56 89 144 73
5 123 4 52 149 21
5 146 138 13 102 96
7 143 24 43 108 54 95 112
7 88 103 30 58 26 70 83
6 92 69 122 98 28 49
3 35 84 32
4 5 75 9 37
23 4183 3011 2880 967 999 166 858 1971 2315 3573 4951 660 528 1043 1070 908 3863 4462 3438 2837 3760 3399 335 4163 540 3736 295 447 2451 1848 999 1278 4331 1834 2184 4762 3108 4216 4946 3478 1077 3017 3536 578 2818 3313 4753 2627 3931 39 1186 4214 1847 121 3864 4519 4381 4608 2340 1621 1084 1785 1754 297 210 3276 3532 84 1210 3602 4641 3409 27 1051 1446 453 3917 4924 2540 933 798 4942 1727 81 1444 1930 1279 1614 4251 477 4087 75 3844 1522 3564 192 2176 1889 1247 1360 4928 4080 288 2502 3517 1435 1697 2246 3246 4666 779 871 1413 1955 3873 1037 2841 2608 4150 3530 3563 4943 1810 4801 1228 2204 1847 3184 4444 4690 4898 193 4352 4075 3275 3564 2232 3448 2324 2634 1099 4548 1991 4753 2834 1740 4729 4990 2215
4183 4916 1022 293 3234 4945 2888 3362 2059 3417 3863 2191 1191 2348 4153 2016 36 2208 4995 4264 2727 480 4868 2172 3363 650 1256 3884 3755 1247 2764 3691 784 4924 1433 971 3211 2479 2157 4387 2020 951 3188 2665 2638 3954 1689 3345 1391 4160 3671 1971 4162 4847 4515 4693 2390 3560 1526 4796 1378 1842 4719 37 837 74 804 1175 137 100 761 3575 3010 784 1182 3763 2779 1835 643 4738 3289 4101 2857 4841 3039 3270 1488 4555 2576 4501 4433 343 4631 2884 3418 1173 4079 3658 519 1912 2340 4512 372 3747 2508 2542 1515 2769 2394 295 1489 2787 1652 302 3717 1896 3741 4270 4474 2807 2076 221 854 3306 3430 4840 3314 2502 4337 3578 4886 588 1767 4791 1683 3851 3543 1878 1091 386 4092 3315 968 2378 3708 2434 558 1502 4455 168
3011 1022 4339 3039 4928 4697 134 2515 417 1797 289 732 3085 3097 2470 3375 3738 4670 1198 673 487 245 1806 4943 2283 1742 429 4126 1476 163 2160 170 751 286 2154 3739 3106 1967 1065 4203 4363 2322 1719 1571 3283 3644 655 879 4127 1122 688 2338 555 27 1738 2575 2885 4762 1041 2285 3012 2289 584 598 2723 3386 2534 4999 2301 1331 3168 2674 312 1342 1747 809 4271 1783 4294 1669 1435 3126 3874 1280 1426 4182 3559 2729 3944 3715 1488 448 4430 3945 1980 2118 681 3697 1038 1053 1175 4805 2938 3844 4506 3787 1939 4138 3760 2732 2774 512 255 1134 2062 1802 884 3832 945 3898 130 1896 3098 566 2023 3785 3149 3637 1163 1990 1201 1107 3364 4675 2713 4063 225 2051 4924 3738 4129 1640 2497 4391 1943 3069 4153 1965 1274 958
2880 293 3039 2876 4904 1725 442 459 240 4862 2261 3251 3039 694 2099 2502 4950 4737 408 3643 2927 2161 1233 1493 4753 4185 3664 3943 4462 30 4892 3589 1928 613 3766 4005 4427 4581 466 1846 3013 1636 1115 3969 3590 629 2025 390 169 4977 1610 4897 2857 3386 3782 3557 984 1625 3169 1994 694 2074 267 2241 1088 4955 1418 3051 1876 189 1076 921 4642 4527 284 687 3708 3543 533 225 4724 974 938 2163 740 371 1851 771 4506 776 573 2785 1932 1830 1922 3172 659 3481 2549 2917 4493 783 3386 2029 2590 1925 2958 3614 1852 2934 4343 4589 4989 279 4824 2106 3206 4181 4718 1744 2340 197 2346 4395 1040 1671 1100 4829 3578 1534 3209 4208 514 3085 1841 3354 4280 1908 3357 50 2094 3533 4217 1335 858 4295 429 4199 3939 892
967 3234 4928 4904 1457 2851 3470 2538 1052 3207 2184 1442 2720 2068 803 2784 2423 432 274 882 4005 2376 2671 1067 4259 558 1371 4831 579 448 3822 2334 3864 1983 2747 312 4555 2668 4716 2685 3790 723 311 525 3907 2596 4554 776 2196 3345 2285 3154 2852 672 3120 2215 2600 3319 4676 593 4184 4621 231 611 4022 639 240 4163 998 3721 289 31 2712 1346 1479 405 1306 3380 205 1843 4709 3176 3192 2177 3751 2309 1091 3044 3416 4964 1303 3815 86 4886 3677 4724 4312 4843 2600 887 3885 532 962 3951 720 3223 3061 1453 2817 3924 3449 4351 3911 4152 209 4579 4516 3561 2636 2329 3286 3102 4579 4638 2991 2277 1594 632 2876 2208 2393 2483 4866 3992 845 4086 3309 4029 1777 1818 1178 2435 303 2785 3879 296 1426 2023 878 1625
999 4945 4697 1725 2851 472 1427 4494 3910 2105 2489 309 3453 771 1992 4332 4197 3253 2231 3141 3349 4412 3501 525 2469 3754 3952 3796 1108 3229 3669 989 218 685 1603 4023 2126 4536 1229 1685 4210 1513 3242 778 3808 4143 3744 4932 862 3337 3672 1633 2355 1272 124 311 3899 429 161 4476 4138 4257 3175 2718 3096 3264 3787 1880 3841 810 556 1812 1550 447 553 1269 798 4841 198 2369 2031 877 1870 944 805 1107 2759 856 1888 3667 844 3143 4644 4335 4699 733 2980 3671 884 2101 4739 1863 3250 2296 2600 1928 2527 36 1019 4675 3969 1235 1673 4171 2119 2223 2136 4833 2097 2583 1920 3796 4765 2926 388 3434 4541 3106 2795 3229 3265 4496 4399 3141 350 3078 3403 1924 3585 3491 3208 1680 1123 209 1457 1830 1940 3994 1451 186
166 2888 134 442 3470 1427 3826 2124 2501 4416 1478 4462 188 1457 3201 4562 4717 4168 2283 4087 3604 2269 1584 2198 4634 4416 2453 2440 3160 4501 4163 1617 508 4897 910 4120 2581 2800 1742 2438 1441 993 3589 2556 2504 93 2163 244 3681 1047 2747 4089 506 556 4100 4703 1175 3765 1753 2850 351 3242 1084 1770 1415 4111 3864 3714 1165 2981 3603 1682 1163 3471 1250 439 2201 3142 1891 2053 1994 4943 3127 277 3788 4687 4440 2876 294 3257 2309 46 3853 45 1110 2577 2307 2817 1667 3035 579 270 4136 443 1416 1082 434 521 345 2576 4342 1478 3287 2842 1777 2130 1908 1840 3827 1884 2531 4427 2592 3738 960 4010 1186 4884 2617 218 4344 1636 516 2151 4063 2179 3961 3585 3320 2107 3094 3088 3360 217 988 2208 544 1191 2809 2537
858 3362 2515 459 2538 4494 2124 4563 48 97 3331 2868 951 835 4325 819 1801 1677 4321 4711 214 4680 3302 3379 4961 3487 599 229 2395 1916 1224 3106 3773 2777 3601 4945 1989 4203 4676 642 2886 2478 4661 4518 1615 2057 1552 3884 1251 3607 4537 4229 4490 161 3093 4555 2829 2675 2193 4186 3831 2251 1580 2943 4467 3975 364 447 4847 4245 1966 1395 3631 4195 1221 1747 4256 3937 3266 4911 4238 1374 2808 4720 195 3280 828 2962 4472 3890 3343 3084 1422 1054 249 2807 1906 4164 828 2924 3564 2999 3301 1896 4764 663 943 3837 108 957 465 3416 3439 2592 1315 4327 3136 2489 3476 3006 99 925 2904 891 2016 3853 4416 1148 535 1601 77 727 4591 708 1141 4820 4676 3218 445 1816 4176 1828 4937 210 3397 1419 4693 3497 812 406
1971 2059 417 240 1052 3910 2501 48 2553 3845 2610 3640 4196 242 2022 183 1106 1555 4148 3309 2207 3195 2470 1956 2923 288 4807 4653 3900 4040 533 4104 268 3233 718 183 4083 1384 2698 3334 520 3681 4017 305 3740 1577 473 4381 101 443 3707 3389 1647 4796 436 4060 4555 3052 4013 4959 1555 4908 3225 3787 1621 319 1911 4684 3658 150 4866 2120 1408 1712 3714 3220 1776 3865 902 4754 789 4603 3317 4709 2133 652 2810 2318 220 1805 1076 3611 4296 2599 4388 1068 4017 4763 2863 4466 355 1986 2281 3509 1825 3430 4872 656 3105 4878 2549 741 4926 1894 1369 2229 4179 3612 1009 237 340 2208 883 2328 4294 3638 3702 3717 1348 98 1599 3282 2981 464 3462 2569 3528 1239 3682 1592 33 4720 4752 147 2774 2834 4300 4188 2342 2487
2315 3417 1797 4862 3207 2105 4416 97 3845 1561 4838 63 3380 1787 3448 427 4063 4258 4926 2225 2489 3484 4877 1258 2582 2985 2315 4982 3447 1024 1967 3395 4620 4882 1143 2402 580 2543 1827 1813 46 948 3309 2693 448 3646 1626 2823 2380 3985 1937 4626 1231 332 4086 2247 1202 4397 2932 248 1407 223 46 674 3471 4890 3189 3114 1189 3927 3038 4785 750 2915 549 4340 1774 1262 3599 368 57 1525 4753 1883 4209 4356 4099 3768 798 3625 3189 2564 793 862 800 3533 4675 751 2560 244 2669 676 1333 2404 2559 3353 2731 2019 3754 1118 3775 2382 1400 2109 2814 2782 3133 2485 59 2198 2544 2030 3842 3126 233 2484 874 266 4315 794 1959 443 678 1022 1527 3955 4435 2337 446 3971 2467 4231 534 1253 2266 815 2160 328 4111 3455
3573 3863 289 2261 2184 2489 1478 3331 2610 4838 1277 752 3361 2835 1765 3911 867 3555 4520 4912 1335 2573 1662 4209 3225 2311 4871 1229 1306 1524 2136 3205 2992 784 1807 1355 2935 260 269 2148 4320 2083 1870 557 919 2330 201 102 4615 1689 1323 3398 76 2353 4541 3864 1801 2193 498 396 1473 1293 581 2516 2874 1340 1430 2262 1267 4999 3495 366 4320 1001 3505 1571 2369 2376 1607 3272 1426 4497 3668 970 830 1034 3346 2673 4315 1570 4256 2467 3056 811 1756 1336 4127 2259 3539 185 2687 4895 2527 2933 1527 1789 1946 2044 4077 1349 395 3631 1349 2640 2227 3741 4066 3080 3147 1442 844 4685 2755 908 2705 1107 4340 1864 809 4679 134 1815 2330 3439 3281 4653 2448 1303 1050 3383 3242 104 784 4896 147 536 4946 4696 2617 807
4951 2191 732 3251 1442 309 4462 2868 3640 63 752 402 1628 3983 4184 1269 3329 2683 336 450 1733 49 513 4792 405 4717 3683 4425 1867 3015 1194 4175 22 1429 619 1762 3539 715 1134 1801 861 416 2944 1244 659 3813 3086 4058 549 3399 3370 4517 2084 3893 1188 446 2242 3272 3310 3050 1700 4828 4796 3609 3187 3242 661 1744 1134 685 3904 1082 4644 4683 2727 2017 44 3063 1534 4222 237 4489 4992 598 2919 2342 4184 360 1247 4417 3508 2195 1163 526 4059 1436 4827 891 4701 2721 4142 2538 3335 3244 1032 4676 3650 4430 3919 3994 4092 1091 4353 1207 2530 4920 1364 628 4677 2716 2420 2336 4025 1275 4304 4318 1296 3313 3326 3382 4602 3716 336 3461 2084 1158 2440 514 463 1153 1582 3443 811 4967 3581 3769 580 367 2159 1725
660 1191 3085 3039 2720 3453 188 951 4196 3380 3361 1628 1236 2834 569 888 1338 996 1974 332 3962 2988 464 4802 4879 3870 2314 581 1619 11 1214 1155 2875 392 841 2972 4545 2557 3817 3631 4362 4554 4101 4661 3155 1527 3447 2436 2069 1899 1659 3131 2388 411 1745 801 4634 4280 3945 2918 2946 4938 4276 199 581 907 1409 2238 3073 3498 4993 2129 351 1292 2838 2808 2628 3721 1768 3308 2192 986 3422 1099 3581 4860 3384 3022 4294 4700 3580 3335 1146 1321 468 3764 76 1520 3474 407 754 4991 1312 1806 4545 4680 903 4225 3496 3976 213 22 1801 2743 2133 1017 1646 237 2396 2488 3236 565 1509 2255 443 917 2097 430 1538 4256 4419 1216 1404 1380 4114 3495 3464 3944 1601 667 2683 2391 4606 2391 39 3866 4492 1767 3033 1589
528 2348 3097 694 2068 771 1457 835 242 1787 2835 3983 2834 982 3278 3046 123 2772 748 2358 2678 1671 2831 3339 4351 2908 4150 3789 1129 4311 3451 3701 4384 181 3029 1835 2964 58 2853 1375 520 140 4692 4772 133 733 4342 4117 1915 2699 1853 218 1429 2763 975 3137 721 3549 1543 3539 1780 475 166 736 2450 2681 294 2688 3012 2977 3477 3083 4406 4982 3903 342 1733 4354 4999 316 2308 2139 4756 1542 3276 2514 4079 4767 918 1940 157 439 1754 3924 129 2711 2282 2467 1361 1177 467 2314 2232 1446 4008 2520 1766 2014 577 2369 3034 3716 4973 376 2619 796 3230 2748 2886 3036 1844 1977 1674 1693 1148 2598 1496 3796 3754 4079 1093 2622 2698 4087 1733 1228 3380 3893 2932 1630 1111 4613 556 2579 1440 1860 1979 2642 4554 1532
1043 4153 2470 2099 803 1992 3201 4325 2022 3448 1765 4184 569 3278 726 29 1773 4570 3739 4819 2905 2348 947 4836 2138 2220 10 2731 832 2618 2017 2639 3747 451 4656 940 4342 4663 694 804 1355 3999 981 2820 985 154 895 3072 4876 3307 2818 137 4883 3140 3431 1167 855 477 4019 1821 3929 3152 2435 4937 4629 1268 2774 4777 4560 2541 1997 4587 204 2271 3049 2451 1436 4095 2080 3400 3556 1135 2311 1550 3790 844 3874 272 3223 1326 2698 2803 3101 2661 489 2505 4501 278 3846 3861 4102 3742 2947 952 4259 223 3925 3420 1154 3636 2957 2033 2152 4067 1162 1822 1382 4682 2665 4947 1124 3222 232 768 4459 4027 1374 2408 1586 83 2799 4365 1121 2932 4485 3273 941 3125 4520 684 3162 4237 1338 1611 3179 3565 977 4728 4509 1805
1070 2016 3375 2502 2784 4332 4562 819 183 427 3911 1269 888 3046 29 3599 175 4813 2243 4369 3512 328 146 2911 3809 1976 2703 872 448 3973 1535 4368 4082 772 519 4953 3933 2353 1740 426 1643 4783 3934 4647 1520 2725 3994 3976 4582 2165 3899 3019 3455 3340 147 17 547 3607 740 3057 1056 3623 2391 2324 4445 4408 1488 1785 1415 2185 4793 2583 4694 3931 229 4522 1859 2172 494 979 2936 4156 3276 1053 2940 3559 594 2103 1185 4572 1046 4232 3795 4779 340 409 1210 4939 2170 2324 4712 4441 2987 3804 4510 181 1046 368 3113 4312 2306 2205 3108 3174 2090 317 416 237 3423 2994 4419 1877 2815 1501 98 3748 2823 1861 3411 1485 4748 4332 4049 2797 1326 3804 4242 1491 2097 2640 254 4959 3594 4633 4584 1281 2185 999 4082 785
908 36 3738 4950 2423 4197 4717 1801 1106 4063 867 3329 1338 123 1773 175 2827 3263 3030 4067 3916 3212 814 4391 200 2250 1485 3997 2938 3347 342 1748 2530 3732 4691 4057 535 415 161 2474 1598 3000 1597 904 2935 4277 1249 3029 1314 3213 1499 2246 3365 2438 4988 3914 4235 4682 4207 883 3196 3254 864 3692 3886 4729 2031 2605 22 329 1180 1752 1108 4312 2061 1095 945 4753 2599 1270 294 3238 2152 1548 2460 3684 2786 181 4528 4361 708 1420 4729 4700 3631 4786 2249 4779 2749 3005 3008 1506 2693 3225 2243 2962 2298 330 4987 2883 148 1182 2574 3766 2156 2065 1351 3423 4198 590 3730 917 4073 903 1193 4584 563 1104 3710 4507 3418 4244 1550 4542 2520 1139 4427 383 3201 4682 3288 262 2409 547 377 2920 1962 865 4775 4601
3863 2208 4670 4737 432 3253 4168 1677 1555 4258 3555 2683 996 2772 4570 4813 3263 4999 2700 2665 1571 813 4181 1614 1399 2044 3696 1384 2075 4838 4625 861 427 1632 1075 3717 1736 3430 1979 1329 4311 4207 3216 3437 4789 1121 272 3789 3058 3844 4585 1313 4675 4745 4585 3836 459 1639 2123 1513 892 2261 2146 621 1788 1894 2372 1730 4527 700 3113 636 2966 113 2999 2133 1502 2519 538 2519 2205 1283 4897 2700 2432 1970 2838 2017 1132 4988 4857 4711 2730 1127 4415 1459 4682 3898 4039 480 718 3972 4714 4812 3951 2693 4836 1083 3012 1637 2784 4442 2811 1147 2086 4926 3775 4678 2331 889 3862 4790 3485 1475 3692 4602 2152 2701 2399 127 594 2609 2386 3707 3675 109 165 589 399 219 2641 2922 256 1640 4726 307 4397 872 3912 4920
4462 4995 1198 408 274 2231 2283 4321 4148 4926 4520 336 1974 748 3739 2243 3030 2700 655 3848 1447 1648 131 2607 998 4022 2249 2586 2178 3695 4659 2860 4899 436 2832 784 2487 443 2635 1212 2605 4936 2874 1480 1667 2182 3318 2656 4137 3716 2737 3161 73 2839 4732 4502 1706 2638 406 3546 2131 2746 1193 2663 325 677 2926 2106 2083 2308 1888 63 2595 1360 1108 1115 1865 3510 1863 3013 1191 4875 973 4611 1552 4682 4131 3407 4803 12 2273 4349 2228 3148 4031 4618 1264 841 4265 3997 4134 1632 4406 72 1617 3760 2628 3387 2800 4978 1242 3113 3480 4048 2008 4107 3958 4509 2956 4109 594 342 2098 4163 2541 247 1905 2989 3166 4567 3397 2900 2447 2074 1941 1025 4982 4791 759 3427 3072 623 4556 3880 4061 244 4487 3389 820 2213
3438 4264 673 3643 882 3141 4087 4711 3309 2225 4912 450 332 2358 4819 4369 4067 2665 3848 3692 2010 1254 3915 936 2656 756 513 1650 3467 2265 4049 4365 3360 2067 977 3509 3329 3676 773 2942 1389 2313 1026 3422 1485 1612 1006 4666 2708 2313 2837 2874 716 2931 1105 4445 3208 1332 1372 221 2948 4103 896 1380 3006 2980 4561 4877 2564 4767 3557 2382 2608 4331 3756 4064 1568 4971 138 2280 897 4200 1603 1680 359 2436 4712 2584 3453 4564 2829 3267 3757 2484 3857 3383 594 3523 3468 3881 1175 1622 4131 3648 2335 1297 4049 800 3982 2171 3896 3855 3042 924 2060 2760 3187 1098 920 4933 1670 1222 397 826 40 4046 4581 1280 1742 2080 3649 3125 2839 1486 2598 649 4237 3429 1517 4660 2426 578 1447 1377 567 4462 3987 37 909 3368
2837 2727 487 2927 4005 3349 3604 214 2207 2489 1335 1733 3962 2678 2905 3512 3916 1571 1447 2010 1640 3215 4062 338 2917 4637 3978 4954 3113 800 339 486 3778 3828 4347 2462 2972 1456 1764 1816 2014 4379 1039 1860 3405 2462 1907 3367 4389 4134 3647 4561 1697 665 494 3298 4561 3422 4853 2720 1349 3315 2974 3428 1617 513 2789 2851 19 136 1317 2193 1967 208 3003 2901 3566 1113 797 105 295 952 1777 1993 3032 3418 3546 4607 383 1237 1842 3188 1532 1763 3718 262 4440 3433 1895 3812 3042 2863 3191 3304 3633 4672 3924 3994 97 470 3339 4209 94 2429 712 3384 3666 1618 4968 831 424 3253 15 2999 2274 4253 3157 3535 2883 2971 1065 4520 4419 3547 2554 2600 774 428 940 2211 286 2795 3308 4372 2510 3056 1039 2042 1470 4004
3760 480 245 2161 2376 4412 2269 4680 3195 3484 2573 49 2988 1671 2348 328 3212 813 1648 1254 3215 1933 4534 2226 653 3005 3073 2250 3202 2423 1497 4731 4986 4998 4861 3496 1596 2060 2138 1476 4362 4829 3168 2561 4359 543 2306 3973 3016 3591 4025 3445 183 2530 3232 3680 1812 4163 3905 476 1590 2933 4633 4882 4593 1970 4009 1628 510 628 4370 4507 971 252 847 838 1862 3075 4691 1956 4094 3246 3581 4973 1236 3313 380 1547 627 2507 3311 335 633 2387 3844 1839 3011 21 4894 3398 1190 4170 2359 2407 2748 1585 1240 4042 1946 3815 1759 4471 1296 1505 4716 1481 1684 4999 2815 3832 4042 4072 2561 1299 345 783 216 162 1110 2172 37 1669 3660 3959 3370 1600 1197 515 2288 3095 4646 2189 921 4270 1640 2183 3624 1331 2577 1640
3399 4868 1806 1233 2671 3501 1584 3302 2470 4877 1662 513 464 2831 947 146 814 4181 131 3915 4062 4534 420 1182 2706 2090 1666 684 2867 2297 1086 4077 4539 2392 4352 4507 3891 3126 914 800 3138 4089 1411 3881 2829 218 3894 2672 1739 2893 2100 2967 4354 1744 4641 123 3908 3850 3794 3069 84 1564 3226 4612 4185 1760 3179 225 3322 1096 994 4895 3945 1161 638 3116 1036 1798 3235 2395 1800 2730 486 1478 1971 322 1287 1058 4742 3633 3118 3878 2427 2775 4641 2220 4049 133 615 1345 830 4874 769 1982 596 2102 983 905 1462 1589 2318 355 351 337 3129 1265 4742 2231 4849 4521 3531 2298 1330 3088 4637 974 1735 2301 4163 1873 1620 2963 2008 4759 308 3000 1329 1084 1161 961 3806 4521 808 2963 4617 4664 2201 1509 3025 3495
335 2172 4943 1493 1067 525 2198 3379 1956 1258 4209 4792 4802 3339 4836 2911 4391 1614 2607 936 338 2226 1182 1379 938 1120 1947 1364 3066 2140 3343 4312 4488 1029 2262 261 4261 463 38 2277 1801 4004 3389 4551 430 4318 2101 91 4500 3678 4793 3091 496 1060 3903 1771 864 4013 894 605 2195 3654 3654 4509 2921 659 1329 4060 3441 4259 1816 1938 1939 2501 503 854 2734 1131 355 2546 371 1979 2973 1101 2261 3030 2035 417 843 4371 3489 948 1574 1734 3212 2227 493 1573 3364 4791 2224 3149 2529 4128 352 3650 4654 408 3663 964 3029 1290 1111 2612 3427 3876 1629 3709 3951 2326 4851 4373 1249 4250 4922 2137 597 2425 2428 3356 2497 1487 1742 2922 2381 2830 580 1422 3526 2381 901 4440 3908 75 1468 3503 4567 1915 1371 1155
4163 3363 2283 4753 4259 2469 4634 4961 2923 2582 3225 405 4879 4351 2138 3809 200 1399 998 2656 2917 653 2706 938 3506 360 700 4521 2954 1491 2902 4629 3310 3148 3635 1120 3076 2016 3276 1051 3794 1935 3871 3248 478 87 2188 2748 2294 787 737 4283 3660 4977 2245 860 3414 1727 375 4157 4335 1225 1790 1058 4818 2362 112 3025 2166 4126 4468 2073 1908 4017 1911 3656 1042 1368 4800 2367 4844 4559 4104 3952 1425 3629 3365 2156 271 1988 4535 2209 3115 3659 1243 245 188 1616 3345 922 1904 2731 828 1994 2660 4160 569 2455 4735 4978 2555 774 307 1487 1288 2080 3196 3738 55 2677 210 3879 4543 3767 1901 3760 2354 3001 1274 4537 4963 2591 2587 854 3472 2501 1485 4554 2224 1189 1245 3877 2731 197 224 3836 4998 833 4263 3224
540 650 1742 4185 558 3754 4416 3487 288 2985 2311 4717 3870 2908 2220 1976 2250 2044 4022 756 4637 3005 2090 1120 360 3920 4011 849 2502 2449 476 3072 1258 15 928 3977 2454 2881 1992 4844 4983 1760 1154 739 1572 2835 3644 848 558 3438 3845 4561 4802 1542 3822 1844 1591 3449 2535 1571 3930 682 4655 4793 2126 366 2314 38 1078 420 935 1456 1693 4237 3471 317 1086 4321 1831 2234 4466 3717 4525 84 4107 3303 3409 2112 690 44 3934 1711 4858 1335 2093 3074 4041 3141 1569 1114 2723 310 4485 4742 3300 3461 99 4722 2020 1697 978 1960 2255 4690 3095 1679 2932 751 4181 4444 535 464 214 4316 254 1342 4035 645 1954 3889 1831 890 1324 1877 2485 1585 4850 343 4118 4967 4666 765 4049 2402 553 2317 4778 413 2872 832
3736 1256 429 3664 1371 3952 2453 599 4807 2315 4871 3683 2314 4150 10 2703 1485 3696 2249 513 3978 3073 1666 1947 700 4011 2124 3556 192 2588 1957 768 2376 122 4903 1363 381 2400 2868 4180 2207 261 4304 1186 4146 1486 3248 554 3190 853 1874 1478 2207 3050 2500 246 3334 4430 3342 1278 1988 4310 1163 3701 703 4015 3220 4983 4995 4639 2494 3715 228 4507 414 2324 4844 2167 4079 624 495 93 52 539 4098 1885 2562 430 3342 3456 3488 1396 2508 2175 3595 1896 4870 1884 4287 3364 4261 723 3464 2645 2635 4667 3189 3493 637 2254 736 1407 994 1184 4970 2922 555 67 3688 120 3888 1495 84 3414 2573 1550 2033 723 122 3655 3978 1821 3802 2573 2348 362 1134 4194 1970 2536 4142 4910 2686 4701 3911 1693 2159 1833 1682 154
295 3884 4126 3943 4831 3796 2440 229 4653 4982 1229 4425 581 3789 2731 872 3997 1384 2586 1650 4954 2250 684 1364 4521 849 3556 2800 373 796 3158 222 2250 4559 1704 2663 1279 3687 3638 2741 2206 2770 2135 1891 1793 1416 106 3473 2990 653 3316 3674 282 349 3047 671 4525 2709 767 2899 4794 2289 2078 2947 624 3734 1538 2415 2857 2278 404 2585 3261 4080 2453 4509 1851 2545 1189 3989 2119 2966 4773 2633 2264 2875 4764 2892 2842 4640 2292 3102 2619 1651 4381 809 2892 1562 949 1659 3511 2425 2682 3144 2804 624 1323 4081 274 2889 4986 1468 1898 1891 2039 3643 2342 2646 533 319 786 4868 1788 1040 2840 4560 3229 3865 3396 3371 2974 804 2535 1696 4362 3957 438 3476 4762 4289 4363 4976 2334 4280 1611 3412 3451 834 3556 1750
447 3755 1476 4462 579 1108 3160 2395 3900 3447 1306 1867 1619 1129 832 448 2938 2075 2178 3467 3113 3202 2867 3066 2954 2502 192 373 2253 3584 228 4636 100 304 31 3739 4700 2838 4112 4337 2721 1825 3327 4145 1771 2292 3313 1801 851 2496 3459 4639 292 2997 1337 3573 1995 1995 2768 4809 2878 1763 304 4655 708 106 3991 3966 151 3862 1000 4658 528 2021 2944 2503 2124 2859 1098 2739 2987 1931 977 3267 1151 2063 2248 1361 4068 2825 3878 4105 315 2314 2705 1888 2757 603 3633 4129 2777 2961 501 587 515 2523 4425 3819 1818 1761 4217 2399 3859 687 391 2639 632 373 1064 2418 4810 3605 2177 342 3762 372 4799 746 4963 2754 703 3306 2550 928 3764 1560 3316 1961 2523 3407 66 2993 1968 3396 1667 2694 3084 2563 1551 4380
2451 1247 163 30 448 3229 4501 1916 4040 1024 1524 3015 11 4311 2618 3973 3347 4838 3695 2265 800 2423 2297 2140 1491 2449 2588 796 3584 50 3397 1706 2770 3637 1477 3903 3114 2547 4316 3722 3932 2587 1613 3624 3713 1329 1360 2911 4276 145 3760 1784 356 4631 777 218 3044 3898 1724 971 4013 3106 3630 3193 2422 4280 2847 2783 3842 2527 2390 298 1099 3387 2853 4653 892 4875 4603 3490 2920 4723 1246 4303 4157 3912 1853 4963 70 3171 1942 3345 608 1425 2860 1224 2198 4480 69 14 4821 2784 4172 1791 3489 748 3520 300 942 4526 3705 4039 2969 1793 4043 1610 221 1941 883 4051 2022 4217 2766 190 500 2204 38 3689 4105 4546 2344 3770 4416 1854 3595 3557 1599 4896 3408 581 510 3089 623 3472 3472 1038 4687 3607 13 3480
1848 2764 2160 4892 3822 3669 4163 1224 533 1967 2136 1194 1214 3451 2017 1535 342 4625 4659 4049 339 1497 1086 3343 2902 476 1957 3158 228 3397 1201 3632 2118 279 4773 988 604 2475 1962 2681 4153 4946 114 3778 3740 2354 2938 2287 2934 2434 4421 1456 610 4688 4987 1163 2275 1953 4872 608 1311 1049 995 435 3840 1457 1424 4365 2903 3246 3720 2731 4924 4651 3032 4168 3017 2193 1950 2819 3054 1298 4118 371 1037 925 1783 1914 1112 795 2856 135 410 2145 53 2302 1613 78 3317 1144 4244 3719 1058 2103 656 398 1573 1201 208 4215 3331 2906 3455 3942 1196 3369 1922 3488 4846 65 4742 1460 1047 1268 3943 1753 1777 1009 4642 3603 4506 4739 2903 680 4969 482 4042 3524 4102 1016 161 1541 4599 773 4647 3688 1196 2339 2470 1645
999 3691 170 3589 2334 989 1617 3106 4104 3395 3205 4175 1155 3701 2639 4368 1748 861 2860 4365 486 4731 4077 4312 4629 3072 768 222 4636 1706 3632 17 4984 243 361 1937 3784 1029 4852 793 242 2360 4887 3885 2127 104 3892 4530 4573 2293 4224 1042 2973 1965 2039 1682 1977 879 4479 4752 4740 77 3025 1531 1775 1734 1600 2185 3660 605 3428 2979 3286 1853 2757 326 2133 1164 4131 3523 90 4215 1555 1639 2909 3185 532 2048 427 1021 4399 4445 2843 1127 3324 2070 2941 2841 3685 2417 2365 4725 1221 975 3981 3097 2134 2168 3957 4101 4094 1247 4371 954 4765 1320 759 729 4663 4718 3668 3495 2862 4559 2136 598 4774 2807 4869 2575 3867 806 1548 708 3298 3167 2502 2271 4836 3937 4025 2868 3199 1688 170 3619 4547 2267 3001 1647
1278 784 751 1928 3864 218 508 3773 268 4620 2992 22 2875 4384 3747 4082 2530 427 4899 3360 3778 4986 4539 4488 3310 1258 2376 2250 100 2770 2118 4984 1677 2353 3230 3475 4526 1440 339 1520 2614 4987 3145 1816 1296 1908 1392 3449 103 4776 4767 4313 4752 160 4502 3880 4394 575 4790 944 4492 296 36 698 3888 460 2263 1654 1320 2105 76 4021 2423 4951 2810 4650 3977 1692 3143 3484 3290 1360 2237 4288 61 4339 2440 42 4351 3292 3423 2514 1456 1898 1182 1238 1755 4369 2206 1326 2077 3972 3251 4576 4524 4524 2782 4733 3630 550 1967 1810 2424 3443 465 374 805 890 3027 649 3142 3450 3528 3496 3631 2590 642 4527 578 1860 1401 1179 492 3512 459 1870 4965 4809 2048 4544 3508 3642 3209 2129 2160 935 3992 964 1532 3587
4331 4924 286 613 1983 685 4897 2777 3233 4882 784 1429 392 181 451 772 3732 1632 436 2067 3828 4998 2392 1029 3148 15 122 4559 304 3637 279 243 2353 3985 3514 3741 4765 1824 2026 4791 3153 3125 1286 3448 2844 1391 4775 4737 4697 411 1248 2156 3853 259 3489 3854 1802 49 1102 1089 2969 2173 369 4401 2918 222 2844 3339 3350 590 2919 2964 2919 4865 3302 1080 2368 1307 3837 1430 3172 2986 3657 4994 543 3896 541 1338 1947 1716 2308 4997 3017 4004 1960 1109 4732 4975 2074 4809 4644 4428 4068 1124 3591 2960 1707 2220 2928 268 4256 2311 4126 3729 3329 752 672 1759 812 3195 4679 861 4109 1746 4827 1663 1622 4110 2894 1716 2034 3300 1113 1334 3961 3299 3584 1474 1577 2096 367 831 4663 3083 3759 802 4468 2592 343 976
1834 1433 2154 3766 2747 1603 910 3601 718 1143 1807 619 841 3029 4656 519 4691 1075 2832 977 4347 4861 4352 2262 3635 928 4903 1704 31 1477 4773 361 3230 3514 2216 2743 1254 2158 4082 3949 931 1992 4308 201 3893 1128 4672 4582 2241 4645 1521 41 2265 2797 4413 3964 1378 562 476 2297 3089 2972 4280 3493 4586 3074 1746 4234 2939 2267 1497 932 1416 1703 2732 1737 1441 3813 878 325 1173 1392 3590 4070 207 4149 2766 2243 580 4869 3850 3749 2568 3959 1256 164 2267 2098 3222 143 2202 3480 1011 1202 255 761 281 824 1408 106 3786 3640 4993 800 1557 600 3436 196 2155 452 1953 2704 3331 3364 1191 4537 3058 3797 2071 3483 3156 4164 3899 2872 2948 4304 4258 4448 2443 1411 3454 3297 3952 2267 4409 2811 4288 499 386 2941
2184 971 3739 4005 312 4023 4120 4945 183 2402 1355 1762 2972 1835 940 4953 4057 3717 784 3509 2462 3496 4507 261 1120 3977 1363 2663 3739 3903 988 1937 3475 3741 2743 1357 2872 2479 2142 2082 4691 1715 237 1745 4015 2489 4124 2754 1883 2601 102 2389 3656 3318 2805 4271 3074 4231 320 3655 2353 4710 3728 2138 3541 1177 1009 3014 4735 4579 2929 3483 3039 3451 4852 1850 4019 4918 3800 1869 3896 3260 635 787 4712 1767 975 4350 771 2094 1783 2105 895 748 125 1884 3300 2383 3137 4765 3419 3681 804 4718 2267 1845 2405 4317 1215 2774 843 2079 354 240 4347 3841 642 275 3962 457 1557 2317 2125 915 1856 1183 2849 3857 3561 2486 368 4940 2465 1428 1631 2342 3870 367 3294 3665 1462 2918 3241 3995 2860 2903 2695 1806 1926 421
4762 3211 3106 4427 4555 2126 2581 1989 4083 580 2935 3539 4545 2964 4342 3933 535 1736 2487 3329 2972 1596 3891 4261 3076 2454 381 1279 4700 3114 604 3784 4526 4765 1254 2872 2256 2481 4011 3413 3759 793 3268 2296 4618 2429 1781 1660 2209 1931 1249 4511 1531 973 721 4929 493 2584 1700 2943 1355 3467 1112 3904 2453 4785 2038 2071 1362 1757 476 417 319 2121 3110 4245 58 2919 4623 318 4657 2121 2845 2937 4086 4046 502 2976 4157 1160 159 1397 1716 2671 144 2993 3095 2568 4030 3700 3991 3352 2547 4412 3394 4707 1076 534 3339 1778 1192 2238 3047 1644 3752 3678 2172 2019 2332 1594 4374 4893 3435 3529 453 627 599 1805 763 2304 1138 3281 4285 1345 3568 3661 422 3788 3182 1140 2722 45 995 3901 3213 668 2871 3622 3901 2734
3108 2479 1967 4581 2668 4536 2800 4203 1384 2543 260 715 2557 58 4663 2353 415 3430 443 3676 1456 2060 3126 463 2016 2881 2400 3687 2838 2547 2475 1029 1440 1824 2158 2479 2481 2050 1518 4517 3256 3949 4604 2235 187 2103 4613 3811 4341 3471 95 3718 946 466 4985 2927 4879 4912 3114 1878 4773 306 833 2216 1052 3345 2273 2743 2310 309 3534 2064 1301 1678 1076 3562 526 1930 4464 211 1163 4687 362 2753 3646 2129 3008 4949 4516 628 4562 2574 490 2775 3470 298 3677 2187 131 839 2373 2589 3051 2180 3369 1075 4658 3970 3637 2466 825 2594 2113 2955 808 2646 2063 4322 1072 4263 2596 3193 3456 3563 4241 335 72 3912 3365 333 559 2903 3564 1386 2056 1517 166 2389 3548 4831 2362 1138 4796 2053 4701 4253 2868 1581 2394 1709
4216 2157 1065 466 4716 1229 1742 4676 2698 1827 269 1134 3817 2853 694 1740 161 1979 2635 773 1764 2138 914 38 3276 1992 2868 3638 4112 4316 1962 4852 339 2026 4082 2142 4011 1518 1594 1885 81 2164 3790 2661 482 1689 3229 2950 4262 2822 1176 4923 3197 2965 2472 2774 3173 3435 3342 2014 3577 1492 223 4157 4069 2443 1673 123 2903 4530 3230 3989 2641 219 4900 2125 918 4125 2659 2449 3020 2075 3564 3860 2521 3394 2358 3043 4865 798 3490 3684 311 1187 2839 3453 4364 2569 4639 367 2738 3077 279 1593 1773 165 460 444 4491 641 4177 1044 1904 3030 1474 2255 3471 1891 678 2205 1621 859 4132 2047 3588 4585 339 879 3153 3089 4577 1855 1255 4110 653 3451 1981 1604 4075 1652 1655 893 143 3710 3745 2185 3265 2075 3800 4190
4946 4387 4203 1846 2685 1685 2438 642 3334 1813 2148 1801 3631 1375 804 426 2474 1329 1212 2942 1816 1476 800 2277 1051 4844 4180 2741 4337 3722 2681 793 1520 4791 3949 2082 3413 4517 1885 1363 1326 2587 3404 1624 2056 703 3241 3541 2404 1962 4756 4248 3471 3272 2395 1335 1663 2073 2120 1720 61 3975 1016 549 374 2816 4359 1162 4075 2290 3043 3192 3932 2179 1483 2823 20 4135 4457 4500 1642 1599 3008 1312 1559 3889 4311 4497 2063 1229 55 2610 1588 4064 1670 4149 654 581 792 3243 3678 1182 683 3907 4266 4626 4063 1653 1857 3914 888 4857 2295 752 2997 731 2687 3660 504 1846 3473 1280 2863 4705 227 1283 185 1514 4710 878 478 4867 1624 3774 2186 4100 561 4206 2528 1272 3910 4726 3192 4874 2869 3044 3602 877 328 4031
3478 2020 4363 3013 3790 4210 1441 2886 520 46 4320 861 4362 520 1355 1643 1598 4311 2605 1389 2014 4362 3138 1801 3794 4983 2207 2206 2721 3932 4153 242 2614 3153 931 4691 3759 3256 81 1326 1539 114 4066 405 175 2671 2320 2068 1886 1711 4898 909 2127 612 4650 2125 4039 2861 2247 1435 1130 3559 4486 298 3164 1808 2928 2379 328 3612 3158 1223 730 4087 2271 1330 3969 2811 3124 2967 1113 843 1667 2071 3263 1903 1133 1409 4013 3979 4683 4149 2614 4849 3140 1953 2716 1562 3216 3949 3267 4998 3994 712 934 1102 2004 3512 57 3089 3931 3593 166 4976 4818 4413 2791 3069 2023 912 3601 1284 247 1520 3911 2337 2427 4038 764 4187 3630 700 3895 514 262 2834 4440 2331 791 2661 3959 437 1411 3754 3903 942 1203 4461 629 1342
1077 951 2322 1636 723 1513 993 2478 3681 948 2083 416 4554 140 3999 4783 3000 4207 4936 2313 4379 4829 4089 4004 1935 1760 261 2770 1825 2587 4946 2360 4987 3125 1992 1715 793 3949 2164 2587 114 504 2383 2674 4725 1400 2899 1465 2427 3179 3117 3461 737 621 4050 1297 2484 2540 187 536 4333 1937 3799 1056 2196 2116 241 1576 4465 1769 2779 2390 2050 2224 4713 4797 4682 4797 2575 895 735 3349 1568 2616 500 3617 2652 1436 2380 4618 1548 4627 3909 1530 3571 251 3358 293 4205 4671 3373 3445 4809 1726 3262 771 747 1669 199 2254 3223 948 299 3134 1652 1921 314 965 4489 4280 3040 3323 2893 4931 4231 283 1436 4508 2015 633 3906 2340 4231 2897 4587 4987 1421 150 2772 1861 2404 616 3145 4231 4920 2557 227 1168 3219 4891
3017 3188 1719 1115 311 3242 3589 4661 4017 3309 1870 2944 4101 4692 981 3934 1597 3216 2874 1026 1039 3168 1411 3389 3871 1154 4304 2135 3327 1613 114 4887 3145 1286 4308 237 3268 4604 3790 3404 4066 2383 2683 4895 1431 2084 4212 1836 4747 286 3080 153 598 3373 3009 1836 3968 4542 1076 3367 3218 265 2079 3698 1766 960 168 2750 825 4263 3605 3536 2027 4288 1408 4661 502 3277 1918 805 3230 58 3228 137 1717 1112 4003 2109 1207 244 4378 727 1699 352 1622 3254 3192 3851 2667 1466 1615 2287 3092 868 1365 4459 1431 4638 4327 20 400 4864 1259 2733 4985 2604 2516 3593 552 591 4193 2943 3802 2352 2345 4133 2383 1901 1582 3433 2273 3387 3077 1510 248 4903 3100 769 2705 2744 2930 321 3512 1294 1739 2908 2801 1637 2221 1876
3536 2665 1571 3969 525 778 2556 4518 305 2693 557 1244 4661 4772 2820 4647 904 3437 1480 3422 1860 2561 3881 4551 3248 739 1186 1891 4145 3624 3778 3885 1816 3448 201 1745 2296 2235 2661 1624 405 2674 4895 399 3964 3749 543 1619 2851 368 3976 582 933 3814 3014 2279 985 3641 692 2647 1268 1172 3575 2861 3013 1504 4481 4216 1124 699 4827 1241 1731 3945 4427 4377 66 2906 3016 2632 1712 2682 2201 3480 1953 830 2355 99 1169 3866 4208 3340 3123 372 1951 4323 828 2919 3969 4504 3873 1485 422 582 2400 3268 3093 974 604 3965 4924 44 4012 4760 1207 2614 4704 4570 3470 207 2889 1720 2831 4378 2863 4408 304 3246 3027 1476 195 3546 1678 1749 2208 3139 1260 3638 4307 437 456 4261 457 4359 2524 3944 4124 4661 3953 4081
578 2638 3283 3590 3907 3808 2504 1615 3740 448 919 659 3155 133 985 1520 2935 4789 1667 1485 3405 4359 2829 430 478 1572 4146 1793 1771 3713 3740 2127 1296 2844 3893 4015 4618 187 482 2056 175 4725 1431 3964 762 3117 2134 4346 4150 3858 529 1324 3741 1966 685 910 1418 4124 4671 2307 1426 4567 1324 865 3882 701 768 3260 1228 4728 4894 1456 3998 3174 4245 4934 2854 2269 2296 1398 2846 2624 1662 1479 4670 2925 1910 4375 1450 4370 3938 1779 4869 548 1164 4702 2475 3958 4223 4652 392 2926 4680 1347 433 2075 3530 583 1014 2025 3079 3645 2745 4694 2340 4709 4073 457 1974 939 1011 919 1971 4403 4789 3808 1264 4909 3432 3111 359 1489 201 1590 3107 2006 773 3800 1707 2770 3407 1501 2416 3190 108 688 3075 4340 764 1365
2818 3954 3644 629 2596 4143 93 2057 1577 3646 2330 3813 1527 733 154 2725 4277 1121 2182 1612 2462 543 218 4318 87 2835 1486 1416 2292 1329 2354 104 1908 1391 1128 2489 2429 2103 1689 703 2671 1400 2084 3749 3117 2039 2918 1632 2871 2717 4295 3029 4651 1408 2466 4735 2905 2969 1152 3934 4125 615 1195 2847 860 2599 1831 1776 884 2393 3443 690 4099 2546 538 3100 4778 1463 524 1130 2087 402 1686 280 3789 835 3144 244 1540 3649 2820 4578 4661 134 4560 4522 4037 951 556 3558 1363 4231 2413 2543 3988 4464 4567 1780 2313 2880 1881 4488 2308 1702 1467 2146 485 3816 2144 4292 1491 2570 738 123 4936 4435 1606 3008 973 1151 4722 3394 2151 4251 2116 1873 4542 4805 3753 4685 3402 1483 3674 883 1862 1124 412 3812 1530 4666
3313 1689 655 2025 4554 3744 2163 1552 473 1626 201 3086 3447 4342 895 3994 1249 272 3318 1006 1907 2306 3894 2101 2188 3644 3248 106 3313 1360 2938 3892 1392 4775 4672 4124 1781 4613 3229 3241 2320 2899 4212 543 2134 2918 1181 4241 422 2449 2708 1666 4816 395 2338 4210 3785 360 4896 1190 1146 2456 4878 1032 2775 1337 3378 3101 3675 2331 1312 1026 3616 3945 595 2771 4408 336 157 4523 1075 4082 881 2346 4922 4033 2909 2312 2315 3510 3441 2328 3992 1362 172 2690 2192 3572 3872 477 4937 1679 3216 4230 1687 3076 4068 3678 1409 352 4344 3384 347 2571 1388 4828 844 4372 964 1926 2041 3298 1994 2405 1289 2396 291 367 3612 3616 35 4235 3079 3165 4497 3798 2322 3476 3162 1705 3061 3730 1309 1959 467 1088 991 3533 1582 154
4753 3345 879 390 776 4932 244 3884 4381 2823 102 4058 2436 4117 3072 3976 3029 3789 2656 4666 3367 3973 2672 91 2748 848 554 3473 1801 2911 2287 4530 3449 4737 4582 2754 1660 3811 2950 3541 2068 1465 1836 1619 4346 1632 4241 4410 234 2406 1792 2653 4756 4944 4760 620 3292 3574 3214 2422 2051 1672 754 312 4482 1048 1589 2081 3045 4934 994 2332 3162 4661 392 261 694 630 3591 856 3874 1298 206 2525 2509 3532 4158 3698 4618 4967 80 2770 4154 3908 530 1941 3447 3224 2363 1280 4540 628 2060 2607 361 2518 3008 60 4115 2427 4380 4448 2595 2525 1844 4032 3502 4672 1182 2709 756 4722 1687 1123 2010 212 4006 4573 3233 2004 2228 732 4725 4698 3132 1294 2232 2808 4315 585 3726 878 3851 752 516 2676 1450 1788 1257 3096
2627 1391 4127 169 2196 862 3681 1251 101 2380 4615 549 2069 1915 4876 4582 1314 3058 4137 2708 4389 3016 1739 4500 2294 558 3190 2990 851 4276 2934 4573 103 4697 2241 1883 2209 4341 4262 2404 1886 2427 4747 2851 4150 2871 422 234 1266 4415 2271 1989 3762 1255 121 1280 2580 3427 1895 1532 3155 4187 4517 202 353 1186 2132 4811 248 913 1914 3685 1225 3016 1873 2925 3040 2138 3084 186 4218 124 1922 2013 272 3207 3162 2531 4547 4640 4680 4709 3515 4873 3553 3048 2590 4979 3752 2290 66 1603 2255 4474 4950 2474 3987 3007 4762 2744 1673 3892 4876 2566 4622 3434 2886 2101 3294 1920 4533 996 1043 2401 540 2426 1024 413 982 176 3078 317 1830 1105 745 1925 4787 2894 4577 4662 2529 910 3005 93 784 3042 388 2790 1386 3538
3931 4160 1122 4977 3345 3337 1047 3607 443 3985 1689 3399 1899 2699 3307 2165 3213 3844 3716 2313 4134 3591 2893 3678 787 3438 853 653 2496 145 2434 2293 4776 411 4645 2601 1931 3471 2822 1962 1711 3179 286 368 3858 2717 2449 2406 4415 101 696 2850 4655 2002 2820 3582 3473 2162 4295 4006 66 773 3590 2470 461 1331 3864 2270 2143 948 680 3072 1431 4890 4156 2856 1819 183 4044 4413 3016 1120 1594 3515 1629 1183 487 1146 2451 779 4275 4958 4641 353 3093 3440 3191 1385 18 3930 1577 640 4907 4135 636 1657 2199 2114 1686 430 3140 1665 1576 2808 4299 556 3450 969 130 258 4198 1411 1779 4447 1128 709 3244 4546 4379 2752 3662 4780 3220 4312 1447 324 3861 914 2170 3926 751 4086 679 2702 1259 3150 41 4671 488 591
39 3671 688 1610 2285 3672 2747 4537 3707 1937 1323 3370 1659 1853 2818 3899 1499 4585 2737 2837 3647 4025 2100 4793 737 3845 1874 3316 3459 3760 4421 4224 4767 1248 1521 102 1249 95 1176 4756 4898 3117 3080 3976 529 4295 2708 1792 2271 696 4154 4777 1203 1857 605 128 4347 1810 2966 3908 2472 2463 4055 2064 2382 4633 3862 338 2451 870 1604 3761 2477 3284 3143 3386 4749 1799 1138 4603 733 1155 4757 4041 3891 685 1643 4681 1090 3904 3792 4278 1005 3415 1688 727 183 3840 2506 4687 2091 40 3835 1438 315 2241 4216 3102 2858 443 108 3833 1272 3875 3590 4750 1154 2376 4518 4966 3655 183 1146 1963 4035 1040 3071 3902 3258 3316 1910 4217 353 3305 4601 3592 4335 3604 2923 4924 4345 747 169 2097 650 2763 565 2295 2232 1778
1186 1971 2338 4897 3154 1633 4089 4229 3389 4626 3398 4517 3131 218 137 3019 2246 1313 3161 2874 4561 3445 2967 3091 4283 4561 1478 3674 4639 1784 1456 1042 4313 2156 41 2389 4511 3718 4923 4248 909 3461 153 582 1324 3029 1666 2653 1989 2850 4777 4451 2684 4906 4776 2055 2380 1578 3437 953 4283 292 3279 1391 767 427 4388 3877 3301 2872 1750 1133 3218 3731 2016 4976 4241 4646 1705 874 2170 4636 2643 1488 1742 4154 817 2715 4721 1332 647 3037 2806 4631 2715 2364 3689 4262 1094 1608 3004 4544 2918 3986 934 1818 1160 3174 1029 1970 4882 1928 1789 1011 1736 418 3133 1811 285 4355 608 13 777 996 2116 3890 3717 3398 3075 443 4760 2929 1128 3439 1193 1330 3522 4778 806 160 1586 2046 3212 1707 4757 2294 1439 2292 4724 4113
4214 4162 555 2857 2852 2355 506 4490 1647 1231 76 2084 2388 1429 4883 3455 3365 4675 73 716 1697 183 4354 496 3660 4802 2207 282 292 356 610 2973 4752 3853 2265 3656 1531 946 3197 3471 2127 737 598 933 3741 4651 4816 4756 3762 4655 1203 2684 4095 323 2312 2024 581 930 837 423 2111 365 1795 2657 4326 2995 1114 3807 1265 196 2044 3609 4509 1705 446 2416 3016 4873 2018 3899 3535 2315 4349 3067 4233 10 3593 4002 1801 3339 4102 25 4426 4206 2984 4652 4641 2817 771 2221 3554 1838 4199 2018 472 3353 4563 2636 2554 4127 1349 4490 1635 1197 1090 3489 2873 4158 3419 2822 149 4926 1071 2639 1514 1771 2778 4936 4755 746 2954 3689 1210 4515 3628 599 4569 2501 2315 4961 4701 1548 1064 1064 1337 1681 1666 4019 841 1494
1847 4847 27 3386 672 1272 556 161 4796 332 2353 3893 411 2763 3140 3340 2438 4745 2839 2931 665 2530 1744 1060 4977 1542 3050 349 2997 4631 4688 1965 160 259 2797 3318 973 466 2965 3272 612 621 3373 3814 1966 1408 395 4944 1255 2002 1857 4906 323 1608 1879 1488 1668 1825 3032 2813 1186 2417 2670 971 2733 678 188 2384 4289 603 2509 1490 629 2520 3459 4983 2079 3095 1140 1766 2378 4446 3204 1994 3484 3853 40 2029 4543 1029 590 199 4782 1176 2905 92 649 3020 4606 4454 1064 351 3889 2078 390 3950 1728 3247 2587 482 4268 1282 4344 3886 3282 4725 2999 3948 2890 4454 3110 78 63 1967 4540 4557 1883 1788 4874 4028 2146 3385 1470 486 2521 1656 3737 3594 4430 2070 2331 1712 1248 4363 51 751 901 607 3531 4659
