N: 150
M: 30
Symmetric: true
Triangle: false
6 31 123 136 150 76 148
5 27 28 106 37 32
7 61 104 135 137 79 89 113
3 98 64 149
2 93 1
10 138 120 65 114 70 78 92 3 132 126
3 124 72 35
5 51 25 22 75 41
3 73 10 101
7 54 45 19 62 133 108 110
4 6 147 129 117
5 5 60 88 144 105
5 107 29 69 49 111
4 30 127 130 16
3 4 121 145
5 115 146 38 44 11
3 103 68 56
9 86 50 125 2 99 141 39 109 46
7 84 18 100 9 26 96 36
5 97 82 34 14 118
7 8 122 94 134 15 119 13
5 12 74 95 23 20
4 48 52 90 142
4 42 47 21 58
6 139 53 59 140 63 91
5 116 71 102 81 57
6 40 80 128 66 7 17
3 85 33 112
3 55 77 131
6 143 83 24 43 87 67
1817 800 3208 2599 1186 3455 1453 3620 3407 757 493 2641 3240 2224 4571 3506 1535 376 2402 822 1551 1624 4703 3993 3036 2526 3507 3822 2833 432 869 4400 2790 1853 2137 4576 102 277 3808 3712 1503 2917 693 4082 997 1238 2469 4036 3431 4124 1369 511 4396 2467 3295 4035 2497 80 3882 2192 2401 2503 1590 2346 2298 721 3888 3074 222 2170 4079 4295 2856 3226 1274 2449 3293 735 2375 158 3668 3238 3071 1316 3299 4926 1012 2417 755 102 2101 1265 3496 2000 2049 1166 1051 1103 2766 3574 3572 1579 1291 1613 2530 2899 3975 1049 1554 4695 3408 3303 4248 4912 954 594 3233 3172 1047 4146 3460 3984 1949 2352 4104 863 4340 2631 2839 624 62 1808 108 1539 2112 4882 1407 4528 2337 3842 3918 1742 2606 4107 1633 2099 4112 2273 2846 3501
800 2728 3317 658 4919 4098 4281 1477 3923 3575 1653 3081 2434 2741 2510 2436 2768 3871 657 4506 2633 4583 3817 1146 4386 1146 2478 2256 1679 2641 4319 3136 1183 3601 969 2054 2418 3041 525 2224 29 3432 2614 609 3637 2048 3068 3996 2738 1458 4190 307 4545 2676 3098 4170 1121 2370 2187 1560 2513 1322 2012 2711 2251 3173 2684 4609 4330 1653 2330 4652 1210 1062 527 3860 3021 1111 4048 4668 4437 3508 3426 612 2500 3007 3639 2630 2723 774 2576 2005 789 711 4336 4027 2043 4460 776 3072 738 3939 3711 2868 1492 3678 4952 4061 1284 1778 4593 2125 663 1716 2100 2475 4186 487 3856 4771 2855 3927 3438 1492 974 2231 2047 4741 4464 72 4228 798 2548 2895 1871 2244 1624 3522 2000 253 4197 4263 4879 1706 1291 3133 2742 2521 2382 4892
3208 3317 1952 1300 1426 4726 4874 793 658 2427 4166 3251 3892 3786 3325 860 3330 3366 4053 2883 3838 4183 3682 2692 2474 990 1521 4054 1988 732 1409 2599 4073 390 2708 4432 2399 3501 638 1077 2299 3748 4459 1746 990 1534 2079 1254 4663 4992 2216 2260 2179 738 4723 4590 2575 692 4863 1009 818 4702 3707 2583 4023 3384 1805 1621 3894 282 2246 3918 972 2327 3366 4586 602 104 4612 489 1409 3848 1938 1950 4280 1838 263 3441 1173 1611 14 3658 3224 4844 4230 3895 2841 24 3657 96 4313 3618 4812 1663 884 3367 4585 4747 739 3661 4715 1886 1691 2237 4882 3228 1208 4634 3061 2163 799 2806 3675 4819 554 2015 4306 1107 2191 4882 4233 1632 2526 4230 3561 4284 1124 2133 4332 3477 110 2595 3394 3964 2390 4878 3328 1644 1099 4180
2599 658 1300 3828 4148 3000 683 2908 824 624 3831 3607 2484 2164 4681 4193 2345 390 645 3970 2498 2129 3022 209 4607 1666 4221 4194 4255 568 420 4458 805 3609 1880 13 4598 3740 3445 3805 1999 4622 493 4778 4829 866 2617 1032 3409 111 3460 2755 3324 3188 40 3242 2613 1491 2247 655 934 485 2231 4207 3988 2542 4502 1339 69 3100 422 1976 1343 4698 3215 3085 2304 4341 1678 4409 1668 1833 3764 3444 2285 372 3883 1670 1024 3190 4936 4514 3262 456 989 4933 137 3755 4560 2388 4771 3210 1310 300 2624 3667 3185 2713 2208 1973 4379 164 3005 3140 740 4558 4031 4015 3891 3460 292 4353 2388 3785 3921 2260 394 1605 4052 1866 2226 1654 2024 3419 3904 4498 2085 4614 255 2153 957 1375 1332 655 4078 4876 3584 206 1218 1035
1186 4919 1426 4148 2082 3118 3459 4752 1233 2430 531 4324 4227 2837 3536 14 2667 359 4478 2870 3507 366 3291 1887 2416 4279 2973 2698 242 4813 4115 4905 4307 1037 4634 383 3102 1311 3332 1847 4203 3075 435 1896 4878 3170 4087 1831 1058 4872 578 3342 3924 3220 651 1779 3377 4352 1121 4726 3354 3213 794 462 646 3290 4439 2316 3767 1615 642 1225 531 4511 1428 84 194 2251 4800 3402 4003 3713 4157 4109 274 1057 2039 4037 1866 2271 2158 1004 1624 2638 50 745 1682 3408 2181 4542 213 3127 2503 4914 336 2360 4107 1356 1891 2234 4027 1561 402 673 766 1909 4764 4623 1952 2733 2587 986 4284 2844 2003 4432 3054 2712 1442 3579 614 1370 4935 1757 597 1037 670 4620 829 1364 949 3375 4637 3924 513 4382 3876 3319 2921 1698
3455 4098 4726 3000 3118 4884 3817 2479 1063 4684 2880 564 2220 4916 4098 4732 2322 2678 683 633 2640 1135 3359 45 4446 4493 4201 42 3071 4953 2022 4217 409 371 4343 1563 2923 1623 4469 3281 2261 635 732 1450 2678 234 4147 3864 2655 599 956 4262 2026 4939 972 3084 642 3423 4003 3886 4609 3128 2283 4652 4058 3080 4728 3257 309 3044 209 4173 4101 4883 1909 2662 3561 1574 4115 1222 4786 3821 3587 4194 3015 4537 1013 4847 4959 2429 1039 2977 128 4875 3979 2694 1987 3881 4449 2560 252 3314 2403 4648 2684 586 622 1611 1834 1045 3289 4845 430 149 4323 3128 3099 3791 1777 4505 747 2592 3655 1833 2436 939 4865 2312 4551 1626 3719 2408 4091 646 2420 2282 1696 3787 297 4495 3693 4139 259 1329 2895 425 4761 4005 3864 1636
1453 4281 4874 683 3459 3817 1268 2983 1082 4335 4196 4043 2114 3489 1670 1255 967 3635 3200 1010 1159 3307 4961 1900 3110 1584 2151 69 4286 4064 822 2175 787 4273 3414 3877 1880 3959 1552 2300 3110 3096 2564 4548 3765 102 4198 1715 4935 562 3445 178 3459 4961 1547 1448 809 2065 1966 3891 2386 3450 4380 524 2702 3175 1306 1684 4214 4066 1905 195 1603 4161 2434 1100 2280 4138 3765 1900 2353 3441 4658 1175 4846 4973 276 3335 1619 2961 1440 2942 513 3063 386 3376 257 2899 4751 1534 2686 1272 2264 1129 4688 430 1406 783 3226 3522 1649 2412 2514 2195 2679 2237 3808 2906 145 1592 1077 95 17 2958 264 4937 298 2462 1137 2505 2092 1993 2530 1988 3024 906 2453 4566 2809 1079 3319 2787 3499 3469 4366 3485 1086 2060 3812 284
3620 1477 793 2908 4752 2479 2983 3071 4496 407 649 1398 4531 4982 637 3028 1106 2611 1252 1394 2993 451 207 1839 4774 2342 1575 4055 684 1573 3548 3635 597 2408 2735 388 2181 1569 1913 2594 3108 2602 364 1933 1355 2365 4316 2091 1873 2021 2450 1567 4574 2095 1545 3522 2167 2759 2106 187 4585 4123 570 1339 4518 1545 1237 1417 2157 2394 4356 1812 1986 1883 2350 19 4016 4901 961 633 4410 2268 3391 1720 1742 4867 1388 3781 2682 4276 200 3523 4420 3285 4528 3619 3388 563 2784 1066 1484 2863 4549 3562 287 2585 3551 4519 1315 602 1309 3983 3831 4538 3772 3761 3065 1047 2519 3832 2657 1202 4319 3926 3710 4663 3469 4763 4797 3216 1379 126 4482 1338 334 543 1853 4767 2598 4430 4857 3161 124 1537 330 2665 4116 313 2271 3274
3407 3923 658 824 1233 1063 1082 4496 104 99 757 1321 2013 3849 2289 1014 2306 3245 4465 1647 3262 130 3110 3892 3758 3600 1303 504 1058 1963 3614 4258 3576 80 1075 308 1385 4761 772 2498 1380 2413 3113 332 1395 182 1062 920 260 2072 3245 1670 2138 2225 2716 3175 4985 3645 3757 1932 3085 1221 3908 4895 4696 112 63 3731 1813 2596 1742 4925 3957 884 594 3766 4411 1820 1460 2006 2188 3633 2957 3378 1932 3480 355 352 116 4119 3818 1667 2810 4365 2352 2979 575 3778 3920 1563 705 3632 189 717 4776 3510 1617 3395 4966 4027 3244 1337 4553 3311 4802 1198 4371 712 2999 2088 215 188 3209 85 633 1344 4235 4893 1450 2819 4007 3411 2192 2968 1765 1084 2012 3968 4787 3220 1338 1197 237 4918 3692 1444 74 4177 4460 4569
757 3575 2427 624 2430 4684 4335 407 99 3805 458 2652 2988 4144 4242 2842 1106 3653 901 3533 219 2051 1062 3352 145 2621 1858 695 4041 4878 1870 3117 4539 2134 601 2874 1658 2085 94 3825 2446 511 4033 1524 854 4794 1106 2962 1912 1686 2080 1817 160 718 3945 3568 747 3974 16 2330 1456 2663 2625 3026 4262 3225 472 4469 768 1430 823 669 2893 4179 2633 831 1621 3266 2226 2970 1110 1034 3998 1004 3405 4764 1388 3788 2201 751 12 2980 270 1020 169 4643 1026 571 3775 1754 983 3634 1217 3539 464 4582 3437 278 4574 3673 3208 824 3261 20 1292 2857 1049 3140 2239 1907 2341 3532 3540 4724 3679 934 3202 557 2715 1057 4219 3105 1342 3429 2619 652 1685 2237 4564 4574 4964 4247 1402 2137 2251 3595 1880 2485 4617 3756
493 1653 4166 3831 531 2880 4196 649 757 458 4679 4442 576 2957 4184 3875 2388 3977 353 1691 2032 4064 4188 3116 4240 1008 3994 2310 2262 4454 1389 4570 1558 4463 3584 4688 4076 2691 719 659 4311 3394 1280 1699 3338 1470 3991 3970 2039 4113 962 1116 1347 1006 3150 4517 2002 1904 3230 512 3478 2539 315 2952 2173 2194 695 3666 3383 817 2627 1753 2379 2535 1201 2004 4577 1448 4825 2749 1656 4243 552 1445 1036 3546 1854 2020 1164 3882 1479 2163 4381 1940 4212 1675 1476 3791 3092 4422 2193 4552 434 408 3663 734 3321 244 3444 4807 1947 3025 1601 1660 24 4952 4712 2202 1479 3758 3097 490 1939 101 2905 3403 4778 677 3758 911 3688 4278 673 3764 1489 3343 3652 745 4639 3000 2257 3673 3543 4386 4104 3950 1261 1810 1928 2696
2641 3081 3251 3607 4324 564 4043 1398 1321 2652 4442 1433 1596 1397 1081 493 2151 1816 4020 1699 1611 3898 1430 3615 4670 4529 2546 911 131 1377 4224 2310 3873 534 2425 2419 3035 42 4866 3294 299 3650 1090 1644 2985 608 4473 2226 3262 771 3141 515 259 3643 1788 4985 3144 1146 4518 2174 406 3198 1488 132 4270 805 813 4804 2312 213 3047 2685 2881 1286 2282 735 2740 4135 119 696 4188 3729 1721 4356 4303 764 3453 3186 2968 4948 4476 3431 1465 3971 4433 219 4715 4295 809 3179 2114 1139 4480 3725 2468 2733 1302 2957 2400 103 14 145 1054 4251 877 3735 1998 1527 3617 2734 2157 1386 2412 3124 2992 4110 1659 476 85 3815 506 566 4778 3281 2502 2804 3607 4875 759 3723 1217 3182 3289 2884 3052 4994 1390 140 374 2271
3240 2434 3892 2484 4227 2220 2114 4531 2013 2988 576 1596 2632 2013 202 2498 2775 2302 3596 2113 3020 2548 681 3017 907 1450 3516 3477 74 2014 2618 3691 3807 510 1653 2391 2418 513 4022 4430 4044 390 3182 1367 377 3912 133 4856 1740 4176 2681 38 4691 466 3595 1376 4049 2715 712 279 4547 3155 4807 4093 2789 1694 875 4943 1677 268 4629 2510 4602 2461 1090 1891 4265 3403 3099 4275 3402 3853 728 4500 443 2070 604 3874 2341 2082 2462 3204 2247 3078 3295 1722 1690 3648 4152 333 359 3147 3936 4180 211 1528 1334 2134 1206 3898 3763 163 3246 4939 3675 3714 2026 1027 792 2524 1751 3574 4572 2165 355 102 1870 2054 2155 3494 2789 4503 1964 2136 3537 1617 3533 3730 1048 66 4946 304 141 2693 4119 1676 4738 1283 2757 680
2224 2741 3786 2164 2837 4916 3489 4982 3849 4144 2957 1397 2013 2895 3426 2603 1411 973 2995 1910 2129 3238 1955 4335 625 3018 2616 979 2693 453 532 420 1176 309 4579 462 3475 1018 3691 1571 212 1729 1061 392 1642 646 3221 3911 4941 3806 1434 3692 245 120 1751 2476 1300 4267 3896 352 2782 2063 3446 1855 3069 2042 167 2469 4367 3784 2378 1911 2553 2466 3568 397 4784 870 3370 2016 4345 4863 3022 3454 1159 3578 1639 1151 1698 4215 383 4146 3143 1352 3773 887 2612 2886 2367 442 1759 4621 386 4463 1903 4856 2329 758 3879 1111 4345 3316 4143 4374 4416 4619 3852 2077 2752 1193 3961 996 3356 379 3373 2528 597 4921 1744 3776 3290 1557 1176 2563 3173 2056 3757 1060 3396 1405 402 1693 1045 2371 4619 1536 776 3376 1865 2118
4571 2510 3325 4681 3536 4098 1670 637 2289 4242 4184 1081 202 3426 1291 4675 2971 4397 3016 3517 4802 3161 1413 3637 3057 4847 1285 4103 4044 4778 1066 135 1904 979 181 1315 783 1719 4940 2937 4265 1226 531 1237 464 3714 3483 2178 1975 4795 290 1071 663 1018 3804 2857 407 2626 4036 2671 242 605 4358 127 1670 4101 2073 3437 4596 1369 2690 3450 1087 943 4206 1293 323 219 1174 3012 4377 79 3455 3501 3498 1333 2276 2334 4484 4262 2810 4073 2788 1128 4124 1897 2091 2239 3047 3335 1714 790 507 3449 365 4129 3759 2381 2195 3498 1189 4624 2297 452 1964 301 4695 630 1913 4511 3470 2725 2080 963 1575 770 3906 1128 3195 2722 133 2356 4211 4998 2861 4901 3043 2555 118 3757 511 3073 4276 4468 4286 2584 634 2420 4716 1968
3506 2436 860 4193 14 4732 1255 3028 1014 2842 3875 493 2498 2603 4675 1196 3011 505 348 3593 4254 1612 4381 193 1832 2413 2945 2296 2343 1388 4595 2401 4666 494 810 3274 1914 2470 1947 3327 4479 3476 2637 3926 4368 1273 293 1171 629 1191 1949 3502 357 1644 2709 1792 4162 3132 3988 3392 2533 683 41 315 2878 4431 1536 3721 1287 2341 4480 4436 4208 1910 4392 4327 2247 2957 4124 4712 4732 4630 1899 4639 4542 4605 3605 253 3787 4380 2343 1064 2706 4409 1584 3713 3903 1871 4092 4748 2794 2140 3484 3214 3835 4644 3339 1435 2502 4705 1061 750 3856 408 2944 349 2300 1303 4906 4375 675 4333 3670 3842 3142 3770 4465 3135 4379 1357 738 2282 4951 1847 1945 4378 1226 3946 2968 2413 207 781 4424 4690 1682 3033 1845 2583 4933 1098
1535 2768 3330 2345 2667 2322 967 1106 2306 1106 2388 2151 2775 1411 2971 3011 1994 1907 408 3748 2936 1013 1404 4663 500 2785 3642 1798 4611 4844 4860 1805 4920 4151 3351 4822 2312 212 456 4554 856 3247 568 2585 1060 3142 752 4619 2918 4558 1131 1861 2034 3506 3165 1402 3327 1599 4969 1575 2543 3264 4574 3508 1688 1840 4415 3360 1484 3044 3071 1094 343 3762 316 2274 3257 2525 3856 879 3860 4672 191 1804 1007 500 4321 3823 560 2706 513 1451 3772 3345 3306 1195 4726 2951 4132 3645 284 2751 4680 1909 3195 3959 4736 3294 2540 3680 153 1139 830 2452 505 3489 1430 3134 4310 2950 2668 693 2251 4804 2554 2177 850 435 1017 1791 3584 4716 4112 168 4559 4205 594 4202 2272 3779 4944 1437 1983 887 1681 3460 4765 1145 3936 4956
376 3871 3366 390 359 2678 3635 2611 3245 3653 3977 1816 2302 973 4397 505 1907 2836 3747 4139 4104 4011 3941 3572 1904 4787 3756 808 4774 3784 3931 2569 3249 834 4415 4841 3626 4351 2282 3340 287 1612 3233 652 4023 531 1938 3994 2970 1309 4739 3382 2730 3960 2113 2613 2295 781 4855 4564 4199 429 3281 2993 3945 2135 1995 2838 1912 116 2439 111 2908 2510 4192 1424 2767 2165 1811 2530 4718 1374 819 3531 3140 1102 3173 3262 2096 3697 999 35 804 4042 1294 4231 1494 4549 3781 319 961 1840 1646 4687 1987 3050 2192 4303 4552 1176 4252 533 39 772 4438 1149 515 4752 3480 2118 4767 1101 1430 1257 4889 3459 3411 4996 1425 516 492 2704 1961 1751 4702 2542 3362 1548 273 3356 4026 3978 1495 22 341 1564 4435 4367 1762 4736
2402 657 4053 645 4478 683 3200 1252 4465 901 353 4020 3596 2995 3016 348 408 3747 1947 3630 766 4372 575 2607 610 2885 608 719 3947 38 4796 632 453 3590 2856 2485 1268 4332 2274 2752 1774 928 3207 3252 4014 1779 1014 4039 816 3313 159 3124 1186 1094 1333 382 3696 2782 1578 4333 93 3273 3406 2055 4069 1507 2485 459 2495 1455 2604 4711 2971 4089 2990 4515 2933 1063 249 4180 2589 4553 4568 864 645 2356 4166 1464 1903 3197 2863 2122 2736 3001 3297 2334 3682 3420 838 3481 3668 370 1631 3942 1818 2143 1873 3016 1951 4670 1492 2449 4269 544 2846 2119 3648 1598 3527 4976 2768 82 394 2157 1800 4539 3176 1761 2047 4868 1283 1141 754 2534 3675 4278 2244 4714 3166 1862 2664 4560 448 1145 1863 4477 659 1630 2685 1424
822 4506 2883 3970 2870 633 1010 1394 1647 3533 1691 1699 2113 1910 3517 3593 3748 4139 3630 1219 1853 4857 468 4309 1825 1698 3221 640 4872 791 3610 2191 4114 3785 2279 133 216 2078 3708 455 1919 1069 2489 2964 1942 840 912 2199 272 3992 3423 1536 2894 2759 2406 2802 3566 3743 3702 760 3813 248 2782 444 298 2880 1565 2118 588 3861 2426 2660 3469 1286 2452 289 1480 2750 3751 473 2273 3172 4897 3480 4513 2888 2609 1229 2929 82 4140 2937 1057 266 3299 1598 4764 4254 3044 2779 1492 812 4681 4355 15 2032 2165 2825 2257 4333 3212 3386 2811 963 2095 1607 556 3328 1592 608 2859 1455 4436 3160 4022 846 4330 1799 2236 3093 2510 1494 4665 3713 1262 667 2695 310 4925 4843 657 3470 2003 69 2045 1163 4752 2124 1621 4355
1551 2633 3838 2498 3507 2640 1159 2993 3262 219 2032 1611 3020 2129 4802 4254 2936 4104 766 1853 2339 349 1870 1759 2557 1141 2590 4449 2581 4416 4617 1052 232 2614 3893 4225 4221 3248 2546 544 212 2723 4461 4770 1527 2442 4829 4323 1043 4887 4107 4062 3638 1151 3242 1038 4834 1508 3867 3569 3652 2007 2025 735 604 2746 3097 282 831 4678 4026 819 865 4043 4162 2800 1982 3547 1420 2767 1107 1261 3905 198 3393 1989 3983 1541 366 3512 1873 1291 996 893 3817 1275 1241 2308 4679 3468 1136 4364 104 3089 4458 648 4740 476 3752 221 3133 1794 4748 252 1921 4999 76 1485 1417 1966 4916 560 4935 3765 3369 1595 1819 3906 1222 4066 882 2419 3985 3618 378 1430 1702 2792 3114 3581 1054 979 4686 1972 1542 3729 3193 1325 1120 3214
1624 4583 4183 2129 366 1135 3307 451 130 2051 4064 3898 2548 3238 3161 1612 1013 4011 4372 4857 349 2565 4018 3723 805 4487 2153 3309 4831 375 2298 4270 711 420 1993 333 2646 1416 3716 138 2378 2318 3936 1699 2923 1461 3223 3134 1757 679 4828 4681 4308 4461 4997 4984 4494 1392 4059 388 4502 3948 1240 2414 3631 354 1574 991 873 1262 3848 1675 1341 1920 3805 2881 3461 1764 1594 2725 841 1163 380 2663 722 554 2547 2903 4480 3418 3603 2487 4928 3272 582 2484 415 1420 4297 4752 1623 2813 1355 339 2536 4974 1472 1630 106 384 4639 12 3006 1624 4345 200 3972 4689 3599 1486 699 635 1109 595 1282 718 3184 4429 3218 1871 3594 2745 1713 3495 3226 3988 1728 501 3042 3063 4363 2982 188 546 73 17 657 4634 3099 3717
4703 3817 3682 3022 3291 3359 4961 207 3110 1062 4188 1430 681 1955 1413 4381 1404 3941 575 468 1870 4018 394 505 1352 4706 4496 3079 3978 3300 2845 1556 2112 4063 1490 635 2894 1559 3499 689 1570 1113 2259 3133 4509 4560 821 4792 791 1920 1415 1703 3924 3158 1876 145 2685 2607 1983 51 3574 868 4574 3937 2826 3738 3694 1851 615 4558 2330 3156 3168 2045 3682 3896 1573 4783 4049 3641 1200 1603 3856 3621 2611 2194 2445 304 4638 3973 4536 1637 300 655 3521 361 876 424 1199 2394 4651 3808 1713 372 332 535 509 1754 1178 3492 992 4019 3577 3172 4513 2706 2117 785 2183 1010 2681 1906 2371 2684 2131 3053 2330 350 108 217 819 3580 955 2418 1608 1604 3212 4858 3952 1792 4332 1308 3748 3001 3658 4504 3350 3689 3934 1272
3993 1146 2692 209 1887 45 1900 1839 3892 3352 3116 3615 3017 4335 3637 193 4663 3572 2607 4309 1759 3723 505 761 973 3636 1549 3097 2545 3576 2670 4733 318 3387 2596 478 1041 3636 4665 4714 527 2661 3635 2852 11 2352 2318 2512 1685 638 4981 3027 1949 820 1188 277 964 2806 3671 3549 4931 3487 1619 2139 3835 4832 1395 3898 4435 2575 758 579 2555 156 2541 2148 4317 4775 2945 4281 3877 1303 4101 3672 693 2205 71 1517 1511 1524 2812 1948 2607 3941 2024 3067 4660 4435 2046 507 4063 1280 4348 1548 3148 3951 1657 4038 3924 2668 486 3954 603 3320 2421 1910 2367 4884 3713 3838 3593 2303 4659 2216 1451 766 3253 2255 4330 2362 2280 3903 1364 2544 3222 1763 4757 1971 3745 3890 4726 540 4878 3785 3816 3399 1159 4934 261 2551
3036 4386 2474 4607 2416 4446 3110 4774 3758 145 4240 4670 907 625 3057 1832 500 1904 610 1825 2557 805 1352 973 851 2427 2183 3594 848 2402 4863 4129 3550 3060 745 4849 4682 4003 3448 409 1362 4456 1695 2724 4385 4305 4375 2951 3875 3032 4544 1955 2891 2173 461 3831 261 3041 2093 1556 1885 2219 3770 2720 1648 186 4649 3392 416 1506 4243 751 3579 4128 1878 4673 1104 1853 1897 3430 3315 3873 3069 693 1167 4478 2831 375 1595 2960 1460 235 1103 416 2545 3051 2021 1374 1225 2765 2094 3657 1232 4865 3266 1304 4041 3629 1336 3287 4839 238 896 3375 98 1165 3399 1293 4555 3432 4798 3527 4799 1785 594 248 17 1739 1442 1014 1529 327 2104 2590 4789 4035 3254 474 4369 2157 691 4154 3317 2691 4571 3653 2949 1951 406 1130
2526 1146 990 1666 4279 4493 1584 2342 3600 2621 1008 4529 1450 3018 4847 2413 2785 4787 2885 1698 1141 4487 4706 3636 2427 1290 4076 3102 2665 1416 2347 2318 4357 1367 2475 3110 182 844 4420 722 1025 1823 2638 3995 4607 4075 3204 1100 4210 999 4751 1516 28 249 1970 4603 4546 1314 2856 2292 3232 1513 3234 1752 1931 86 2594 4675 2667 2027 4551 1929 843 3482 3390 1756 3414 2678 155 1260 3428 3840 558 3626 302 2863 2975 1624 4842 2499 2345 2702 1309 418 4207 2196 4516 1062 1836 1395 1322 120 1382 324 3487 4564 2147 3153 1792 1304 3060 148 1359 1240 1932 3172 766 3055 4206 4375 3687 1590 3177 1593 925 4976 497 1608 391 1304 2759 2767 1897 3013 2775 1942 508 3298 4327 2818 3608 3537 3432 4655 2250 25 3079 2983 4050 4713
3507 2478 1521 4221 2973 4201 2151 1575 1303 1858 3994 2546 3516 2616 1285 2945 3642 3756 608 3221 2590 2153 4496 1549 2183 4076 1961 833 2195 4841 4108 4583 4199 1720 3454 2341 1479 4307 137 4634 1015 4810 3908 746 2184 2065 776 3401 1173 3709 1675 2244 4542 3286 3275 2351 3782 632 2365 834 2244 1457 724 3833 2009 3734 2250 1280 4561 3596 286 1484 410 972 553 2120 2319 3232 1002 3145 3323 111 3338 1938 1075 1073 1381 2004 4698 4739 1886 2746 4056 2065 4940 4168 3056 4689 3584 905 2021 4980 53 2509 4203 1864 4198 776 1536 2668 2458 1914 867 2227 4613 2739 86 3893 4314 2828 4859 4294 1421 896 599 988 1270 1431 4438 4226 568 2632 3329 1080 3228 2314 831 2076 4650 283 1723 4567 3840 3695 3833 4585 2797 4674 1141 559
3822 2256 4054 4194 2698 42 69 4055 504 695 2310 911 3477 979 4103 2296 1798 808 719 640 4449 3309 3079 3097 3594 3102 833 3932 4334 4923 4297 2317 4425 1718 4881 884 168 4009 3821 3430 2057 2427 4249 899 2992 3971 4365 3835 4988 1866 851 45 1685 2905 16 2681 368 4885 3728 1030 1164 1662 4990 1085 4323 2053 1329 3169 709 2122 1545 3130 262 2253 4431 23 4570 2249 779 1617 4760 1639 822 4419 671 1561 1837 4548 1109 1878 3409 3605 2969 4140 1779 658 311 3302 2469 584 1118 3321 610 3482 4641 2182 2283 2734 1602 3294 38 123 1742 4131 3865 1090 1470 3962 2575 1261 3947 277 2718 1087 2546 4505 836 1735 3996 4953 2883 1608 848 992 3474 2672 1344 3149 1366 4045 412 4174 3112 4512 2544 3772 2945 4228 1508 1289
2833 1679 1988 4255 242 3071 4286 684 1058 4041 2262 131 74 2693 4044 2343 4611 4774 3947 4872 2581 4831 3978 2545 848 2665 2195 4334 3177 3176 4155 720 181 3376 4344 3051 1403 1848 1547 731 678 104 3334 1885 378 3789 1304 4832 1748 2316 1522 4390 585 3641 4616 1660 1936 2334 4988 3085 555 4128 2604 1089 4743 1508 1027 3531 545 3642 2281 559 2000 1136 4110 1646 2002 1226 170 1479 1324 2742 1379 4914 3030 219 3871 1963 2152 4141 4656 731 3259 4738 941 74 754 3268 4372 342 4941 249 717 2543 4742 3382 4122 3351 2112 3932 4280 148 3492 4406 3441 83 87 3640 4525 4412 2214 2355 404 4911 2375 4902 3264 1464 570 2312 2858 56 4671 3645 4369 3536 2989 4771 1699 4980 2544 4806 3504 2164 92 1668 2418 1225 3374 2416
432 2641 732 568 4813 4953 4064 1573 1963 4878 4454 1377 2014 453 4778 1388 4844 3784 38 791 4416 375 3300 3576 2402 1416 4841 4923 3176 53 3938 977 1113 495 3054 3321 4301 556 2744 837 2546 995 3943 112 2919 3680 1931 4104 3377 2490 4636 84 914 4913 326 3183 2983 2084 232 322 4834 3516 2941 3921 2488 3982 1652 4706 3954 2775 1898 4594 579 2761 4461 155 4137 252 4457 1097 2364 1130 2982 2729 2799 4360 4516 2375 4589 925 2152 2602 4552 4268 4861 1143 1788 3004 1771 4536 3094 1908 3016 2872 4635 1781 1850 1093 169 1310 715 3579 3812 4197 4199 4218 4034 3432 1490 666 4883 1723 4278 4809 2303 1096 1010 3092 3887 1616 213 2193 4780 2748 2674 1118 2887 3321 3650 3177 1692 187 2601 3625 2358 982 2033 4952 814 1153
869 4319 1409 420 4115 2022 822 3548 3614 1870 1389 4224 2618 532 1066 4595 4860 3931 4796 3610 4617 2298 2845 2670 4863 2347 4108 4297 4155 3938 218 947 559 3600 2485 3321 2496 3563 644 486 1985 3806 1104 1291 4690 1715 2688 4413 4030 4566 881 4023 851 2139 2437 2471 4048 3933 3266 548 569 378 191 1109 4626 4789 3035 3713 1372 117 3236 1667 2942 4695 1230 4523 645 2770 4538 2688 2580 400 2364 1097 4905 2244 3858 302 1890 4828 149 4049 3569 4569 2916 1355 130 4095 768 126 500 4599 4334 3302 4816 4299 3428 2567 685 2703 1285 3107 3692 2995 3558 4922 4400 448 1035 4862 579 3105 4883 869 3346 2883 1584 1733 2897 1007 2051 2965 3700 1894 4540 2848 4701 4864 1845 2214 4025 2625 3284 4757 619 2804 310 2013 2525 3839
4400 3136 2599 4458 4905 4217 2175 3635 4258 3117 4570 2310 3691 420 135 2401 1805 2569 632 2191 1052 4270 1556 4733 4129 2318 4583 2317 720 977 947 3590 3460 1437 1501 1820 427 3424 3783 2129 2547 4777 3707 4116 4928 1245 643 2163 4722 1622 1981 3391 2506 597 3679 478 3747 1081 1195 2394 3589 3807 407 1574 507 3036 3528 3462 2469 4358 2376 833 4017 802 3194 4408 2598 3441 1047 4121 4505 4388 817 1042 2805 3007 322 981 4438 2549 819 2551 3414 1265 1471 4818 2034 3929 1780 3788 4504 1302 2746 1656 2118 4339 1866 593 3009 594 2942 3162 1651 3435 3476 402 1011 4194 2722 4998 2102 2219 225 1940 2759 4687 251 843 3901 132 360 1935 2670 1586 243 1404 2753 1739 4757 2554 2062 4096 4347 700 4991 4464 3931 4106 4086 3802
2790 1183 4073 805 4307 409 787 597 3576 4539 1558 3873 3807 1176 1904 4666 4920 3249 453 4114 232 711 2112 318 3550 4357 4199 4425 181 1113 559 3460 4213 1705 4313 4336 3440 4782 691 1457 3623 3337 406 2121 3918 2814 3259 3166 864 1813 4320 2032 976 4995 4702 2887 2997 1191 1768 640 510 658 1918 2123 4812 459 4068 4064 4904 4695 610 797 4482 819 3912 1613 4867 1301 3336 2744 1314 3059 1149 125 3561 2254 1836 385 4860 3758 4398 3712 2950 2310 3568 3847 1247 1049 4074 4309 1349 3009 1173 3120 3565 2246 4769 4975 2492 3717 2141 370 2399 4623 1500 2163 2356 1711 576 3250 2527 4217 1689 864 4088 4383 4906 2843 2127 2633 3352 793 2847 51 2738 3962 3624 2988 3996 2828 538 1503 3795 4266 2987 1545 2709 3957 1922 3981
1853 3601 390 3609 1037 371 4273 2408 80 2134 4463 534 510 309 979 494 4151 834 3590 3785 2614 420 4063 3387 3060 1367 1720 1718 3376 495 3600 1437 1705 2670 270 1924 3502 2331 495 2395 72 2224 3068 2795 3274 1112 3879 96 101 1807 2984 2495 2494 2127 1326 1338 676 395 1549 4728 2232 3989 4844 3284 3852 3281 4833 4458 589 1007 1997 2726 4610 830 2444 1893 3482 4127 2254 3379 2391 3302 3163 1239 4053 739 1170 2698 424 3187 34 1262 2547 1349 3030 3498 730 3035 1604 625 1773 4460 4685 3180 747 3037 49 364 2612 1138 3536 3436 4855 2570 842 3661 2278 3137 1811 2475 3051 4641 3476 4581 732 4993 4363 1491 1726 3310 3018 4354 4210 3413 2848 2114 1957 1440 942 2304 3546 3039 991 3711 234 1025 3167 4559 4874 1096
2137 969 2708 1880 4634 4343 3414 2735 1075 601 3584 2425 1653 4579 181 810 3351 4415 2856 2279 3893 1993 1490 2596 745 2475 3454 4881 4344 3054 2485 1501 4313 270 3032 2484 2585 2428 2457 2982 2575 2464 2035 4356 695 1525 1744 3662 3091 2520 1470 2952 2772 1032 3692 385 1966 2386 2384 3121 722 989 1007 3546 1609 1451 4647 1586 2515 130 1500 3534 3689 4596 317 2952 4014 3043 1463 379 1678 693 1922 2394 1355 4717 4856 3591 1519 2053 581 203 4369 4568 1649 1595 3711 1818 4313 2269 794 1406 3138 2517 3762 1479 4590 793 4256 2898 2709 3785 3912 706 3096 3002 3251 4110 3186 621 3822 3009 1006 3750 701 882 3457 2207 3360 1157 748 1307 4940 1888 2475 3800 177 3484 3007 2778 3809 833 1426 347 2553 1813 2490 623 2119 1605
4576 2054 4432 13 383 1563 3877 388 308 2874 4688 2419 2391 462 1315 3274 4822 4841 2485 133 4225 333 635 478 4849 3110 2341 884 3051 3321 3321 1820 4336 1924 2484 2233 1868 4420 2592 4444 2187 646 3911 3359 3465 4176 270 539 510 4900 4206 2294 4164 2274 221 4721 4115 623 75 315 601 4995 886 3652 518 271 4204 218 4619 632 591 919 3429 3912 1250 3628 3430 4964 1756 1851 1245 4812 2083 2908 4569 3119 2992 3911 1175 780 2874 1690 4688 4967 2671 4156 92 3091 4247 4547 2844 967 2324 1286 2048 1551 3061 2561 237 3754 2600 4903 1660 425 1870 3079 3267 67 1430 1894 4134 3699 3903 3492 3352 4268 138 3372 3362 4052 2319 1250 3811 1652 2067 895 3740 1581 1901 2993 3456 4974 2673 1698 2905 1217 3024 4819 1981 371
102 2418 2399 4598 3102 2923 1880 2181 1385 1658 4076 3035 2418 3475 783 1914 2312 3626 1268 216 4221 2646 2894 1041 4682 182 1479 168 1403 4301 2496 427 3440 3502 2585 1868 2591 1291 2478 4251 1349 4675 128 2863 552 2094 2822 2406 4992 4275 106 440 2895 2075 794 2453 2681 3311 3694 2219 3722 3240 38 139 4632 1172 2699 1429 3908 308 4123 3504 4340 1905 134 4127 3148 873 1377 4322 2887 3394 1832 1436 533 1582 24 1957 1961 659 525 1688 277 1590 620 2858 469 3865 1581 2853 2997 558 234 4675 2762 2640 2046 4070 505 905 3907 854 1004 2109 1946 464 4870 4880 1228 2290 900 957 3543 2366 3680 3619 1884 1649 3008 1856 3168 505 1261 2374 4515 2976 2930 3631 1423 2316 3784 3095 3507 2048 1896 2896 3847 2314 1114 1914
277 3041 3501 3740 1311 1623 3959 1569 4761 2085 2691 42 513 1018 1719 2470 212 4351 4332 2078 3248 1416 1559 3636 4003 844 4307 4009 1848 556 3563 3424 4782 2331 2428 4420 1291 431 2051 4009 3434 611 1222 4587 3459 3427 3516 550 3782 3522 3537 2459 3766 2539 1161 2279 247 950 3528 3647 3669 888 1392 4634 2761 4080 1165 215 3026 4518 3549 3203 4405 3268 3226 4956 1688 3363 4949 3276 4375 2994 4487 3876 4844 2473 4778 2675 3758 634 1354 4434 4016 1458 1596 636 3170 3996 1804 2667 3831 3828 316 1987 2733 1072 4694 3468 3508 778 3054 35 378 4032 4756 2641 3443 3129 1269 3833 3238 3433 624 4068 430 217 2055 259 225 1098 706 2663 4218 344 4846 2048 1729 41 1058 2311 3354 1272 2648 4811 3260 2198 727 2538 2975 980
3808 525 638 3445 3332 4469 1552 1913 772 94 719 4866 4022 3691 4940 1947 456 2282 2274 3708 2546 3716 3499 4665 3448 4420 137 3821 1547 2744 644 3783 691 495 2457 2592 2478 2051 2707 789 4715 101 2717 4737 2996 3163 1622 4511 4750 2349 2517 2737 4853 210 3994 4840 1406 1692 2282 322 3814 4759 4279 517 3614 2170 1582 3029 4484 4612 4259 3166 910 1522 4868 724 3616 4502 336 3776 1159 4041 1012 4052 1390 776 2532 937 2317 982 1918 446 275 4157 2865 1513 781 4270 1287 3004 3106 4822 1121 1397 381 125 3509 3417 1997 4376 2372 4760 881 2504 1847 2379 3061 2509 4218 3684 3177 3445 546 1916 1226 4344 3817 228 3528 3130 1364 4737 2472 985 2264 3541 3462 4477 2982 2487 4158 3492 4830 2621 704 4605 4433 1874 332 509
3712 2224 1077 3805 1847 3281 2300 2594 2498 3825 659 3294 4430 1571 2937 3327 4554 3340 2752 455 544 138 689 4714 409 722 4634 3430 731 837 486 2129 1457 2395 2982 4444 4251 4009 789 3177 1234 3922 1440 3433 4241 4238 2091 4381 175 2114 3674 464 3345 4022 1208 2957 3045 4516 3085 3133 1442 365 2578 430 2993 3071 1387 4198 456 604 3611 4053 4270 240 3260 2191 4791 453 1222 4980 4078 3947 975 2764 3394 1066 3318 2559 791 1258 61 305 2520 1923 1527 4591 181 2011 4495 4675 302 4718 1824 4197 3611 2450 3954 1197 4473 1332 1513 565 4055 1395 2330 2087 3073 3836 1252 1748 2589 4695 3932 2965 3708 4565 4618 3916 670 2737 3429 275 4319 4750 3508 1278 2836 2779 1554 2341 1311 3311 2521 3799 3196 3192 3831 3552 2910 2921
1503 29 2299 1999 4203 2261 3110 3108 1380 2446 4311 299 4044 212 4265 4479 856 287 1774 1919 212 2378 1570 527 1362 1025 1015 2057 678 2546 1985 2547 3623 72 2575 2187 1349 3434 4715 1234 3757 4679 1516 3813 1731 4647 382 4084 2077 514 348 2882 4884 2634 3312 2873 3938 4108 3963 955 53 3732 917 2998 4062 1251 2063 3610 1200 2443 3949 1468 1390 2178 283 1580 3863 571 935 4533 798 422 2010 1255 2805 3684 3765 2802 1537 4656 28 4999 1351 2237 3862 2699 2551 1456 2238 4304 1233 3474 2147 1180 3567 2811 4426 2492 971 1568 1609 4677 1410 1627 2975 3357 4745 2294 4175 1454 3702 3793 2584 4845 612 1553 3338 860 1548 2902 1664 3502 2055 1975 1831 4131 1669 789 2324 3230 2673 1469 1804 3541 4583 2921 4429 2309 2465 1747
2917 3432 3748 4622 3075 635 3096 2602 2413 511 3394 3650 390 1729 1226 3476 3247 1612 928 1069 2723 2318 1113 2661 4456 1823 4810 2427 104 995 3806 4777 3337 2224 2464 646 4675 611 101 3922 4679 1429 2691 1945 4061 3327 1038 2815 1316 4102 2153 3389 311 1287 3945 1266 2572 3756 703 2144 2354 3232 502 4132 666 1318 1825 2597 2137 1844 3436 4925 2810 2219 4333 2808 3177 854 2196 2468 214 59 3658 2398 775 3828 152 2788 1549 4564 2748 4106 2671 1634 770 951 3705 4828 4727 395 4328 4049 3584 1330 822 3841 4636 360 67 1083 1562 4999 171 693 4382 13 1617 1603 4362 1046 4649 4944 216 2322 1778 3095 731 2692 2530 288 3803 1970 4789 4487 4888 614 1573 828 1046 3588 4922 2634 4968 1318 4699 4306 1028 1151 263 2589
693 2614 4459 493 435 732 2564 364 3113 4033 1280 1090 3182 1061 531 2637 568 3233 3207 2489 4461 3936 2259 3635 1695 2638 3908 4249 3334 3943 1104 3707 406 3068 2035 3911 128 1222 2717 1440 1516 2691 1998 3093 3989 4528 1595 3837 3027 955 1495 3568 2812 3770 396 3690 2600 4449 2628 3319 4918 1065 489 4768 3818 1695 1135 984 497 4453 580 4442 4595 2849 3490 727 2087 196 3491 2819 3629 333 131 2785 4520 248 2211 1685 1641 4932 897 919 1136 2750 4256 380 3865 1586 884 1293 2155 3245 1771 4960 2090 2885 1892 636 4663 463 169 4720 625 1819 2300 4472 1624 4862 3972 1178 1060 3673 3843 2105 885 2756 1561 4004 3866 4864 1388 2007 598 1427 246 496 1750 359 468 659 2474 4739 4653 3936 2956 4845 2372 2960 2172 3576
4082 609 1746 4778 1896 1450 4548 1933 332 1524 1699 1644 1367 392 1237 3926 2585 652 3252 2964 4770 1699 3133 2852 2724 3995 746 899 1885 112 1291 4116 2121 2795 4356 3359 2863 4587 4737 3433 3813 1945 3093 1992 4901 3066 3470 1095 2753 3261 439 925 3310 4523 4962 409 1746 3305 4781 3867 4258 2461 685 3061 4006 4915 2223 4604 3385 695 552 3772 3273 724 332 1506 3601 1860 3385 2683 1195 1986 788 4668 3212 1778 903 1604 941 4618 1044 1786 873 3204 4166 2108 4603 2507 574 3274 359 2678 3023 2162 4376 4621 1200 1675 4775 1098 1170 377 2471 2773 995 2153 2194 2341 3147 3514 1310 3662 3462 2302 2517 2723 4263 1074 1523 3816 1430 2737 3717 4388 799 1417 4976 4667 3499 1719 4938 2966 4044 513 2821 2766 1306 2081 3034 3729
997 3637 990 4829 4878 2678 3765 1355 1395 854 3338 2985 377 1642 464 4368 1060 4023 4014 1942 1527 2923 4509 11 4385 4607 2184 2992 378 2919 4690 4928 3918 3274 695 3465 552 3459 2996 4241 1731 4061 3989 4901 1389 230 4916 1169 4873 3047 606 4008 1320 4129 1680 2700 1694 4357 4260 885 4327 1388 560 4654 1752 2554 1693 1059 4294 398 85 2819 4270 2887 4372 1885 429 516 2138 2209 4839 2821 2075 4818 4026 454 2271 2279 3547 4610 708 2460 4296 3617 812 3333 1099 2006 442 532 2601 3541 2360 453 3416 1341 2384 2433 3866 3806 561 2625 2031 291 2474 3213 2746 148 2137 2030 3246 1476 2431 1412 3845 2973 3649 4745 3532 3129 1686 1146 180 4592 2955 4101 2395 281 2420 3227 3200 1288 3589 3961 2740 1633 1965 4819 224 2166
1238 2048 1534 866 3170 234 102 2365 182 4794 1470 608 3912 646 3714 1273 3142 531 1779 840 2442 1461 4560 2352 4305 4075 2065 3971 3789 3680 1715 1245 2814 1112 1525 4176 2094 3427 3163 4238 4647 3327 4528 3066 230 3546 2447 1105 4018 223 4406 2282 3723 733 3655 119 4405 4893 728 1990 4106 1539 2151 601 143 2848 4980 204 615 3482 2531 817 1601 1437 4135 1508 757 1703 2926 4905 2890 2127 2649 3394 899 4909 4704 2851 443 4732 2166 3439 2505 1379 4347 4516 2008 4574 4426 4772 2643 918 1702 3102 1661 224 3355 3970 2483 51 3547 1636 3308 4896 3734 82 267 3049 2029 3606 4117 3657 4705 1134 3255 4972 1209 2778 2369 4032 4173 1346 4916 1708 2153 1932 1453 1981 4527 2026 1248 2201 4964 3849 2232 413 2748 1625 2192 4292
2469 3068 2079 2617 4087 4147 4198 4316 1062 1106 3991 4473 133 3221 3483 293 752 1938 1014 912 4829 3223 821 2318 4375 3204 776 4365 1304 1931 2688 643 3259 3879 1744 270 2822 3516 1622 2091 382 1038 1595 3470 4916 2447 2890 3036 653 4830 4250 4412 4239 2938 2340 2593 1247 1486 2382 3458 1660 2888 2962 3366 4892 2373 4862 4161 3622 4622 4785 2571 4547 3675 4421 4973 4375 1278 2977 246 4283 4844 4328 3355 4751 3896 831 1704 4725 4644 605 4757 4704 2234 1297 2562 1459 1910 1335 2315 1420 752 4035 2558 2550 2647 2623 585 4335 3490 2523 4510 3910 2971 4100 4391 3121 3764 4866 1262 3896 3120 1699 1199 3163 2001 556 148 3453 725 615 4117 3775 2052 1553 1986 2009 3832 680 4367 4494 4986 1602 3590 4627 867 2544 4955 168 691
4036 3996 1254 1032 1831 3864 1715 2091 920 2962 3970 2226 4856 3911 2178 1171 4619 3994 4039 2199 4323 3134 4792 2512 2951 1100 3401 3835 4832 4104 4413 2163 3166 96 3662 539 2406 550 4511 4381 4084 2815 3837 1095 1169 1105 3036 40 4857 1406 4395 1029 21 64 4407 586 1210 2781 1413 1445 4687 2324 3833 1024 2260 2219 1402 86 2448 3606 2881 1805 1539 4186 4572 3862 3662 4131 1273 346 1975 567 4506 3861 4628 4903 1497 4117 646 1208 1333 1707 228 3505 2467 4559 1767 2879 3101 484 1830 353 4262 1373 2119 2674 3369 536 1152 125 869 2224 998 4428 3970 3905 579 3417 3130 4811 1199 3790 3112 2242 3788 1594 3661 2445 2712 4918 1463 1971 3807 4751 2353 3082 1652 2901 3174 4196 1448 662 839 4981 4125 4274 4403 2294 2101 2102
3431 2738 4663 3409 1058 2655 4935 1873 260 1912 2039 3262 1740 4941 1975 629 2918 2970 816 272 1043 1757 791 1685 3875 4210 1173 4988 1748 3377 4030 4722 864 101 3091 510 4992 3782 4750 175 2077 1316 3027 2753 4873 4018 653 4857 3022 4490 90 2306 1312 10 4298 3089 903 2574 4909 106 2477 3626 2276 1231 1742 2737 890 3482 3987 4299 778 404 3463 2783 3218 4322 4168 1564 4274 1762 2814 1072 502 2782 1083 3934 880 397 3565 1124 3508 3003 2167 3619 3524 3501 3274 3046 217 1976 717 251 266 4446 3225 1814 2970 2878 4444 1368 2959 54 255 646 1133 697 1299 2237 1405 4012 1871 861 1151 3059 594 934 895 2964 520 2643 1077 4373 302 3188 4039 2343 4707 3645 1822 2244 3648 2438 1349 3814 3171 4419 1601 500 2250 2285
4124 1458 4992 111 4872 599 562 2021 2072 1686 4113 771 4176 3806 4795 1191 4558 1309 3313 3992 4887 679 1920 638 3032 999 3709 1866 2316 2490 4566 1622 1813 1807 2520 4900 4275 3522 2349 2114 514 4102 955 3261 3047 223 4830 1406 4490 3356 700 3027 4002 2866 1244 4215 4442 945 3358 2312 1060 3081 3222 3497 3914 2249 2281 4050 3165 4047 3201 2921 2823 3976 4765 2024 1546 2408 1048 2042 97 3102 3923 2935 263 659 3293 1133 3692 3800 4337 116 1438 1215 861 3775 3151 818 253 607 1727 160 4152 3155 2067 2251 1831 3431 1834 4236 62 630 1809 3984 1507 4803 850 379 3828 814 4318 3235 3491 243 2477 4096 3372 193 4033 204 3729 4785 1853 2106 4675 2358 3984 1191 1021 3357 385 143 2664 2051 1462 1551 3151 4100 1923 4444
1369 4190 2216 3460 578 956 3445 2450 3245 2080 962 3141 2681 1434 290 1949 1131 4739 159 3423 4107 4828 1415 4981 4544 4751 1675 851 1522 4636 881 1981 4320 2984 1470 4206 106 3537 2517 3674 348 2153 1495 439 606 4406 4250 4395 90 700 3302 1799 704 3859 1404 3117 794 2662 1590 2172 4011 58 4969 2024 472 3335 694 749 2123 950 3643 3835 4380 4932 4668 4565 3649 1642 4181 2685 2884 3187 4603 3476 1554 2095 2664 1096 3056 3118 1045 2046 3923 1214 342 2755 4691 2133 4636 3726 4560 3140 1873 901 1836 4531 4075 2708 1035 1232 3892 849 982 832 2650 3096 3341 4283 100 1356 4809 4568 3693 4613 3711 2448 1783 2010 3400 2861 965 1965 4084 2533 4369 135 1960 1697 843 1006 1106 767 1796 1385 4973 1427 3111 1991 3867 4909
511 307 2260 2755 3342 4262 178 1567 1670 1817 1116 515 38 3692 1071 3502 1861 3382 3124 1536 4062 4681 1703 3027 1955 1516 2244 45 4390 84 4023 3391 2032 2495 2952 2294 440 2459 2737 464 2882 3389 3568 925 4008 2282 4412 1029 2306 3027 1799 4284 4072 1926 3972 3089 1975 1297 3168 3381 727 1422 2100 2826 4106 3693 1925 1492 3623 4271 1598 1656 2467 4825 4508 2617 1044 3528 4779 1807 1989 71 1940 740 3181 1146 3766 2732 843 3349 4356 3358 4393 4186 2065 3330 2615 464 3254 897 4318 1798 884 3865 1349 3181 1201 674 4893 2676 2043 236 3644 891 3893 3491 867 648 4861 391 2081 2280 4598 4419 2141 231 4455 4923 1335 4511 2307 47 2238 3612 2246 336 600 1485 3412 2571 518 2797 1409 344 4550 3972 4796 464 1933 1976
4396 4545 2179 3324 3924 2026 3459 4574 2138 160 1347 259 4691 245 663 357 2034 2730 1186 2894 3638 4308 3924 1949 2891 28 4542 1685 585 914 851 2506 976 2494 2772 4164 2895 3766 4853 3345 4884 311 2812 3310 1320 3723 4239 21 1312 4002 704 4072 1287 885 4532 4554 3913 1533 1789 1464 638 3095 52 1448 1105 4744 2373 192 879 4951 2093 1866 2673 4927 4462 886 1822 4883 4691 4250 1570 4160 1123 1647 3411 4658 4378 1742 3690 2057 2569 497 4865 3247 4943 598 784 1222 1647 2691 646 4481 2452 2444 3144 643 2232 2224 1946 795 2029 2319 414 4595 3139 2857 4714 1047 617 4717 984 4804 3491 4807 2854 4306 4243 1918 52 2174 1974 1846 367 1613 2779 1880 4029 4722 3403 3983 2010 3552 957 4391 1181 304 4095 1573 477 3477
2467 2676 738 3188 3220 4939 4961 2095 2225 718 1006 3643 466 120 1018 1644 3506 3960 1094 2759 1151 4461 3158 820 2173 249 3286 2905 3641 4913 2139 597 4995 2127 1032 2274 2075 2539 210 4022 2634 1287 3770 4523 4129 733 2938 64 10 2866 3859 1926 885 4433 889 2002 3417 4873 2995 515 2599 417 1397 2441 3632 3468 3661 812 3239 3224 4932 3122 3261 447 471 4341 4419 524 2931 3200 3861 4942 1368 2681 2002 4503 2166 1887 978 4237 4578 4189 2603 1627 618 3605 3309 98 4952 264 4271 230 3390 2487 1520 3164 3064 4621 1929 351 1068 1483 3006 4402 2764 1691 578 2457 31 1496 1306 2247 766 3743 183 3411 2652 3234 2350 4737 584 3827 759 3956 1651 1899 4960 3135 1782 1618 2753 3586 2940 4065 428 2279 754 3263 1639 1405
