N: 150
M: 30
Symmetric: true
Triangle: false
3 12 70 76
10 93 69 133 75 2 22 124 34 9 106
7 8 61 51 94 19 107 86
5 146 116 130 102 118
3 33 145 3
2 62 104
5 109 23 64 36 71
4 57 113 139 108
4 88 59 98 101
6 95 13 115 119 132 81
2 131 128
4 92 38 40 58
6 99 149 30 150 129 140
4 66 121 35 83
3 85 42 44
3 138 25 56
8 60 90 73 14 48 100 120 18
6 134 136 112 10 110 123
3 50 45 53
6 97 137 7 74 80 29
7 15 4 26 55 49 84 143
6 78 89 6 11 31 68
7 141 147 122 126 87 5 127
5 105 67 28 52 24
7 77 144 27 41 142 21 72
6 82 91 135 20 1 32
3 54 46 65
6 16 111 43 37 79 96
2 148 103
7 63 125 17 39 47 117 114
1912 2618 4021 3149 4827 2738 2011 598 256 3657 1013 940 758 984 2851 4529 3507 3635 3541 2024 1786 4802 1230 4661 1666 2377 3644 1722 1046 1317 2504 2691 2440 4099 3876 2987 4203 785 1439 1844 4911 1974 1061 1103 3384 623 424 4736 1474 1111 2283 183 3114 2443 1074 4782 287 4926 4104 3796 3691 4798 705 17 4465 724 653 4464 3392 263 4397 3949 730 1455 1656 2540 2583 256 1937 2370 11 578 2602 874 4067 135 2483 725 3212 2015 3422 3964 1610 2589 2524 544 2714 2081 154 2249 585 1356 374 1351 4688 284 3891 3039 1559 766 4730 2355 2484 1673 1920 314 1622 2963 1581 2296 4632 1892 970 1281 823 4811 1113 2277 4700 3652 4938 2187 3546 1224 2949 54 2989 1807 922 3523 1393 1642 3513 4303 3457 2114 182 3867 1777 1587
2618 4666 4867 3961 2446 3961 1812 972 4374 2547 2063 2457 3292 3647 1380 4236 1193 41 3363 2561 1662 876 2756 3310 1482 3457 766 4600 333 2449 3549 3284 2138 3172 1086 4466 1906 706 579 3741 4123 1916 681 1300 2972 44 4122 4737 4101 1804 1921 4036 2781 2866 1766 3698 1507 4632 2242 3999 2728 4250 474 2418 824 1845 3917 3946 2164 3926 819 3383 2129 41 704 955 2685 38 1071 4637 1625 130 1183 1619 821 640 1984 2930 2717 1687 1735 4739 2674 223 3895 2240 1947 2877 4259 3992 4463 3232 1829 2997 641 3163 701 3972 3086 4438 867 1031 584 2054 758 3284 2289 2189 4320 616 1002 1261 4699 1631 349 3733 4878 4528 4373 1787 2152 4936 3295 3818 888 2448 2611 2351 3783 3852 3756 3130 4667 153 852 714 3459 2665 3533 3010
4021 4867 40 4480 1925 2444 3054 3221 4516 2676 4478 3452 2713 1488 4919 968 989 1375 3271 4902 4555 2761 960 3562 4395 3416 4508 2493 4012 4845 2325 1407 4610 2383 2814 165 2365 102 735 1904 3088 209 541 3433 2037 3827 3068 4466 2393 2535 4051 2683 1931 1971 84 2623 4893 3398 4938 143 4315 3501 2136 1448 3299 1208 3934 3084 4139 954 127 3854 2087 2913 3910 2691 1787 4477 837 1096 2427 1743 1874 4234 3067 953 2245 816 2164 4653 577 168 169 3580 233 1029 795 3814 1482 910 2302 275 584 829 4774 2451 3447 4774 2169 4882 3446 1754 3693 1879 3370 3172 3935 460 2722 4049 4726 1644 156 658 3194 1396 2971 2623 2602 2988 3611 2942 3638 827 314 2639 3205 2217 4528 829 3253 679 1155 2358 4434 555 3995 489 3525 2360
3149 3961 4480 4872 4126 826 3834 1312 3512 3228 2591 4276 4147 1083 1513 4979 3992 3358 4014 1369 3265 46 506 1579 3421 1886 3747 3579 730 1300 4291 235 2196 480 4992 1590 3864 2843 2675 4954 808 4743 2399 598 2873 125 4598 4299 3802 2615 1384 1442 2800 1416 2863 4907 1568 1067 928 2724 3750 1104 653 1801 2714 932 4042 317 2650 2367 594 3216 3919 2626 1339 505 1658 2560 1002 1304 2434 296 4580 441 2258 3238 2148 4116 370 3511 3890 1491 1148 4405 1971 3413 629 4768 2975 3910 1236 472 3750 4479 4531 4257 2890 1405 2524 1800 1858 3383 1357 3179 1107 4332 2102 1258 635 928 4164 1453 70 473 3070 1055 3538 1291 126 940 3395 3667 2867 3496 1880 2126 4865 1526 1803 552 60 1780 2627 190 4266 741 2432 3131 1583 3909
4827 2446 1925 4126 2796 3830 1762 204 3798 4987 1773 2659 4111 4464 4274 478 4014 2474 1214 4147 2363 17 1050 246 385 493 1509 2836 3706 4843 2598 1066 253 1174 4490 295 1933 2834 2081 4150 3335 2453 3512 3332 789 1188 2855 1702 4758 1354 163 1031 2851 689 516 4756 1418 1633 2770 1155 2827 3112 4248 990 3455 3925 1870 1522 4961 3428 3033 4225 2139 3073 4667 4737 358 1610 4332 319 3677 3482 3490 1079 4026 3167 394 1821 2885 2305 1605 903 2632 3008 4610 4177 2159 973 3820 4559 1346 3990 725 4368 2766 3653 657 2861 2180 3391 417 3757 1027 4511 4514 457 4042 178 2153 3022 4872 1858 4634 1973 960 2364 2222 330 2827 1706 2605 2952 4448 3580 3160 3552 2431 2325 2483 3098 3863 1882 1011 1256 3682 1121 2389 1438 4422 241
2738 3961 2444 826 3830 2853 2570 3184 1881 1799 3612 2159 4305 2935 4027 438 2796 4171 347 4186 1768 685 4589 2642 2146 1344 4905 4920 1704 3066 4814 3937 3688 1078 1942 3165 746 549 1353 4890 555 718 2305 3708 150 386 3259 2719 269 4005 4020 3095 1596 564 3016 4514 3057 4050 4159 2482 4919 1214 4446 333 2214 3436 2763 589 664 2756 71 3216 4320 1923 4607 3713 2782 3625 1196 1590 2978 4036 435 3669 146 180 3180 778 3893 3372 3394 3313 2180 2202 4487 4851 1653 2952 370 3742 954 1056 4694 3685 4699 2006 868 1213 1804 2454 2919 658 3743 693 1587 753 961 2598 2264 4581 2482 1364 4292 3988 4515 4549 1865 4062 4777 2166 4971 2232 3088 807 1039 1240 3849 4541 4634 250 92 2123 1185 4378 3103 4911 1820 1731 2042 4210
2011 1812 3054 3834 1762 2570 2392 1401 1425 2287 1029 1868 3451 2057 740 286 1209 2326 509 3410 2615 3809 4089 280 689 2720 81 3899 184 2359 3021 1980 2825 2528 4514 3246 3433 2827 1008 3656 944 3894 1122 2897 111 4992 4486 4791 3270 3749 717 2210 714 1221 953 4221 2787 4408 1193 4927 4442 2879 2464 1797 4251 3716 2100 470 2844 3672 1135 598 17 3344 2042 1571 4544 634 887 2608 4031 4261 3020 2083 939 1492 3758 3087 1830 1084 3701 1441 3615 274 477 2067 2135 3221 2992 4539 1341 2465 1312 269 4312 1837 2642 3046 70 3170 3280 2955 1311 1960 3450 1257 3129 364 2859 1116 983 739 2107 2328 1420 2145 2074 2822 652 3550 533 4532 1130 567 3162 685 226 1516 4851 2965 82 48 946 443 2052 2854 2547 4199 2347 4688
598 972 3221 1312 204 3184 1401 2663 2621 918 1424 678 4790 4981 2859 4032 1912 2318 3891 1140 1040 3574 3978 46 324 914 3695 944 2795 1268 3957 3781 1459 4957 1849 2334 2734 4639 1267 3237 2215 841 4286 2116 3879 896 2630 875 1639 3505 2595 234 3405 1504 1776 944 277 3430 377 2079 4669 1963 3014 507 2337 694 2741 2064 1908 3950 4527 4416 1434 454 2925 4073 4605 4743 4415 1387 387 2881 205 3426 2307 1127 961 3366 690 289 333 547 3263 3400 2822 4185 1013 4839 887 1195 1052 4971 4253 4650 4730 3560 695 2574 1636 2763 3399 3165 4037 2937 1057 1086 1864 567 1375 1324 4993 2501 262 1735 1702 2154 3809 2777 2941 3019 3229 669 4615 1927 3775 3855 644 2200 216 4748 1978 3740 3050 3773 253 1587 4077 2013 1962 3381
256 4374 4516 3512 3798 1881 1425 2621 2937 772 727 2409 4656 4541 2730 278 4518 466 2481 4222 2475 4332 4300 4033 726 2596 4434 1673 676 2349 661 2125 2025 1209 398 1657 1558 4564 1414 2153 1508 1028 1211 1740 366 2047 3902 4669 799 1596 4321 1903 1871 4553 4886 1114 28 4566 3563 1886 1822 1259 4584 1547 3100 69 809 902 4201 746 3885 4548 3900 273 4508 117 3390 1983 3206 4376 2377 882 1032 1674 4770 915 3918 4487 2610 2775 4440 3660 2249 3905 2326 2012 303 1168 2859 214 1145 3176 2009 1673 594 4847 1300 3945 3272 3170 1806 4672 873 1709 2603 1100 3830 1007 3454 293 810 3708 1298 781 4339 2201 3716 4997 3118 1412 92 3338 1365 1013 3846 31 1652 692 1754 201 4646 829 2367 268 809 517 267 33 1390 4899
3657 2547 2676 3228 4987 1799 2287 918 772 105 2291 2903 4113 4471 1265 1314 2698 2388 1873 2321 4229 1644 2128 4446 3295 1260 348 2183 584 2435 4766 4848 1566 2107 483 3978 1601 376 1911 4128 3186 4247 984 3221 3769 296 3382 3945 1148 2824 3145 316 4158 4297 1957 2490 2339 3855 3250 4571 2063 3317 463 2976 2974 2289 1749 3876 2343 1157 81 4042 1374 3255 2535 3320 3570 3773 2054 3711 3989 4537 1834 2933 3294 3929 4042 3557 2187 3341 2429 2044 864 3754 497 4253 591 4084 367 1308 3363 4173 2124 2153 2999 2843 4299 1216 4659 624 1131 4590 1652 1271 4036 1366 3075 669 3006 1620 2774 3987 4228 704 1049 4626 2489 2834 4372 1131 1816 1653 2411 3157 215 3342 920 2499 1170 2495 2576 3850 4812 398 3096 4599 1475 3211 829 3343
1013 2063 4478 2591 1773 3612 1029 1424 727 2291 1044 2552 1765 1358 4365 2577 83 4931 3151 152 2046 4059 4206 4575 4681 4165 4169 3751 173 3858 3843 790 595 1703 4215 1339 2612 4282 3747 3373 1560 2560 233 500 2245 4538 4850 2431 1040 4132 3915 3808 2588 4787 4793 205 4830 4161 3188 916 3395 1652 4903 810 3950 1724 3221 1033 2144 3302 457 3969 2460 1451 3045 1726 3214 4179 2051 4877 1509 4983 2692 2102 2561 832 3896 4803 4008 852 3281 204 4031 1560 4319 1491 1649 3270 1037 4747 1757 2879 4448 3756 2634 471 125 328 2479 2945 1415 4185 2166 3987 1809 3433 3765 2628 3901 10 3990 4913 4403 1610 943 4133 1785 574 3910 196 3703 1693 2015 3356 814 3456 3795 3046 519 2073 1677 1945 1435 4389 1670 4489 3258 54 3516 1761
940 2457 3452 4276 2659 2159 1868 678 2409 2903 2552 2487 1451 1663 1552 4144 2927 2487 2128 1429 2017 768 2770 1608 2235 789 1162 813 1885 2000 3411 2697 4418 2963 882 475 4442 3125 4176 3166 2952 20 2696 833 4078 703 411 2860 3359 4342 2507 4685 2360 3588 2279 1659 3606 1519 1109 3290 1697 4989 1984 121 517 474 2251 2261 1665 2806 2479 3978 4023 4143 2422 584 4805 3333 4113 4195 4124 1208 4469 277 4017 3683 2310 2947 3506 826 1581 4030 3794 1843 1591 1403 1366 639 4876 1822 3757 3780 1226 3622 3706 1817 2570 4882 2083 4230 1758 4040 3912 1476 2577 3072 2175 3404 1875 268 4352 3107 2308 1108 4719 2738 771 2817 2547 2514 2853 2375 2257 4640 533 380 3066 2226 140 4346 2428 2364 2412 641 1136 1926 1579 4598 4189 2350
758 3292 2713 4147 4111 4305 3451 4790 4656 4113 1765 1451 3986 2826 3312 890 2700 1810 258 1546 3462 2505 4876 2240 1559 3485 1643 4117 4613 352 3614 3434 4488 2265 4212 1001 733 555 3537 1618 3641 4960 1490 178 284 545 1738 4677 713 1331 900 83 4228 4059 2823 3488 4142 4486 2141 3567 974 3900 381 831 2495 960 380 1893 2040 704 109 471 3705 4565 3661 1404 4896 282 2980 591 1660 1216 3967 356 4644 3613 1382 876 2192 2389 183 3264 2736 4064 2987 3185 1681 4757 2470 4663 2818 3645 1441 3018 2969 1221 3327 3997 3284 687 54 83 1063 3413 4766 4640 504 2639 163 659 1220 2447 1484 246 98 4000 4775 799 2854 2774 4515 3833 4529 422 3028 3624 1583 4093 2156 4873 2295 4105 89 663 2666 3686 569 853 4173 2369
984 3647 1488 1083 4464 2935 2057 4981 4541 4471 1358 1663 2826 2678 3980 3274 4832 20 3468 2058 1915 2919 616 558 1455 1270 1360 1221 3321 4855 3541 2066 809 4806 1619 3325 4838 4698 197 957 717 3829 3247 3500 1358 324 746 1689 4553 1683 3050 3835 1419 4616 3807 204 1633 627 1683 3142 4097 3523 2078 4194 3388 3280 3765 3292 1443 29 3717 4639 1039 227 3408 3461 4109 1210 4626 2976 1312 1028 4478 960 4884 3025 4127 1783 2502 3444 236 119 4445 1642 2334 973 860 872 3770 1800 4205 4899 1066 4821 2149 867 1867 3216 4386 736 2127 2645 3174 3106 4907 1739 899 287 211 2663 3514 1476 4912 3260 811 2537 2458 3311 159 1089 1018 3478 2909 344 4728 3888 3481 1503 1367 2643 1342 3211 983 144 1974 3836 914 2626 185 2279
2851 1380 4919 1513 4274 4027 740 2859 2730 1265 4365 1552 3312 3980 4374 3035 1246 3723 3027 3350 1928 1944 3608 1582 107 1328 4154 3590 4931 854 3708 4871 2046 3007 4698 1587 4633 4185 1402 1375 4101 4395 4961 172 277 1584 3354 1997 943 1070 1816 1567 3506 2370 912 3141 1153 616 3651 4280 1950 3437 1135 1081 508 1887 2676 329 2112 4498 2794 268 4513 3429 1370 981 815 4375 3792 2117 772 4345 1796 3515 187 4078 3296 703 3084 2183 2678 2658 4625 4474 161 4879 2554 591 2119 4266 1895 2379 4997 315 1828 4102 3819 3387 2409 4298 4265 3835 774 697 114 3669 825 4440 862 323 3073 117 910 3400 3365 4678 2137 506 1272 3813 3155 411 1789 1492 2938 4984 471 3073 2044 1099 571 3956 1343 982 1749 1045 3219 1862 3038 986
4529 4236 968 4979 478 438 286 4032 278 1314 2577 4144 890 3274 3035 3437 736 245 3569 3702 4251 3885 3749 2721 1897 2045 1008 1892 2185 4188 901 1450 2816 3151 4818 3673 1405 3364 673 504 1694 4904 3605 4222 3932 1626 1148 115 1921 707 616 799 1636 4380 1770 1296 765 3273 74 4365 3965 2417 2237 4791 1805 3834 4273 456 1036 878 3103 2918 2734 1364 155 2263 2611 2739 2080 2752 1076 2400 3869 1674 1263 3140 4020 79 539 293 3146 1292 985 2723 2265 3416 4410 4034 2047 3502 4090 4554 4419 4909 1591 3896 1575 338 201 2910 453 4419 1186 3421 4907 4964 3243 437 2474 4418 2851 3264 3740 3307 3686 3280 3603 974 2334 1840 3740 1384 4570 2804 4945 280 4205 4063 4420 1046 4614 4034 2750 29 1700 3980 246 2935 2529 2796
3507 1193 989 3992 4014 2796 1209 1912 4518 2698 83 2927 2700 4832 1246 736 387 164 318 127 2483 2033 2052 1318 4294 2758 1201 805 2886 3990 3928 399 3484 4696 3703 465 2920 1664 4344 4631 2730 3584 4799 3908 2120 2345 626 4768 182 2752 1811 1171 2576 628 3394 1864 2254 4895 107 953 1778 221 1694 3369 2867 3181 4925 1785 1327 3748 4984 1693 3790 479 2235 791 4289 2295 2315 3070 2215 3338 137 1002 786 459 2515 4051 1816 3079 1331 4701 4241 3681 2994 2841 3791 1006 4106 3979 3489 1379 1389 293 4297 504 2716 316 1157 3390 4741 2045 437 4269 4924 3677 3865 4348 824 2925 1710 4260 967 1534 2850 4568 49 1345 2942 1772 238 2859 303 4562 3942 1844 964 1683 3851 165 1910 4784 1528 848 1978 3513 79 4696 1431 3186
3635 41 1375 3358 2474 4171 2326 2318 466 2388 4931 2487 1810 20 3723 245 164 4122 2518 3371 4173 506 4987 3924 4594 4370 1044 2760 4617 949 520 3319 685 2234 625 4750 4684 3882 1713 145 4572 2710 784 3738 4362 1431 3985 3370 3188 461 1790 1355 1800 2178 3151 118 850 3537 3884 988 2000 1959 1971 57 82 1035 2967 2863 666 3961 3738 2259 4125 961 729 2046 4521 2713 349 1554 4391 1201 190 978 4494 2044 2754 4404 2883 2213 137 176 391 1144 4886 4982 1027 1608 2814 3321 752 2606 4725 1891 175 2411 3343 31 4994 398 1231 158 3692 68 774 4680 4937 2989 2841 719 1778 1106 3438 2454 4940 1031 3231 3860 2918 2319 4158 3198 76 3730 2271 4540 3560 4035 1334 2620 3152 3652 2581 1401 3718 1687 1587 4130 2555 4048
3541 3363 3271 4014 1214 347 509 3891 2481 1873 3151 2128 258 3468 3027 3569 318 2518 2195 175 4345 1253 1056 14 1690 2659 468 821 132 2094 3328 3487 2989 4183 635 731 3230 4761 393 2736 3370 902 2660 2358 4054 2825 3690 3773 4259 1672 3624 4165 2340 3986 1487 3574 3356 2912 4936 4076 2981 3357 3359 292 757 4082 1407 1480 3467 3786 1445 2645 4579 2646 1101 1206 2727 504 1232 3693 1155 272 2809 2827 2201 1821 1601 194 506 4565 696 63 4573 1122 1561 1794 4239 2989 62 2445 3135 1081 3617 754 646 3965 1308 4165 2910 1972 244 222 4900 2961 2691 2426 3314 4286 29 1921 1408 4643 3650 2744 3675 574 1308 3971 2059 3994 4327 4794 753 3906 3965 1163 1658 971 4943 2585 1499 4081 254 829 2289 4901 1223 124 2705 600
2024 2561 4902 1369 4147 4186 3410 1140 4222 2321 152 1429 1546 2058 3350 3702 127 3371 175 2470 747 4509 853 3547 3610 3898 997 3066 3392 4617 4547 2220 3642 4223 2704 2863 2117 4073 886 2044 2680 4141 2420 1906 4104 4672 1747 804 1500 563 619 4597 4420 1030 352 2255 978 2815 3537 1907 618 2772 2495 1564 14 4044 3446 464 3625 1564 60 4792 2322 2273 3541 2372 3767 3027 1233 2807 3423 1063 3299 979 3862 2445 1405 2719 391 4513 4612 1627 3036 2489 3216 4044 361 104 3263 3050 2718 866 2078 3934 4583 4396 2953 206 1462 2523 2815 1893 2277 725 4515 2747 3736 2637 2732 4471 2958 2636 2668 3526 1494 4528 4018 3184 4424 2800 1604 766 3170 2213 3601 436 2328 3320 2469 1496 284 1161 2865 2381 4425 2470 3799 728 3847 1967
1786 1662 4555 3265 2363 1768 2615 1040 2475 4229 2046 2017 3462 1915 1928 4251 2483 4173 4345 747 502 2505 53 3166 1596 2130 423 1911 1617 4064 336 2890 169 660 3904 4056 1416 4178 1666 3050 2151 38 1998 1052 952 1564 3029 2372 3865 4781 1004 2344 146 352 290 4147 3021 4592 921 1630 3911 941 4745 3240 1259 3555 876 4839 521 4986 2868 1650 3856 1209 4601 1248 745 2912 2865 1119 4189 141 2911 2813 551 3696 862 494 2849 493 2188 4107 3707 3804 1520 1873 658 4288 694 415 2308 3330 721 3929 3828 3099 2330 1496 2154 941 3447 2642 2385 1375 1952 3040 2457 3383 4171 3542 1520 43 2657 269 724 4239 3271 929 862 1805 1834 2496 4072 2948 111 3310 4775 2390 200 1321 2742 4413 2398 931 1485 789 2835 3942 4696 285
4802 876 2761 46 17 685 3809 3574 4332 1644 4059 768 2505 2919 1944 3885 2033 506 1253 4509 2505 3875 2656 3738 1331 3890 4040 1021 127 260 3893 4449 4566 66 730 2803 1637 2585 105 1885 1023 4712 3834 2464 4703 1154 2041 3642 1985 2552 608 4811 4937 4389 3624 1690 2207 3697 798 4320 4943 3278 4710 3440 379 2864 184 1162 353 4854 4405 3364 105 2884 1699 2019 2646 4776 3982 4027 1841 1540 1865 4169 2437 930 3729 2757 85 1192 1385 545 2047 1558 4072 4997 3063 1342 1843 4002 4506 1222 2612 4664 4802 4556 3515 4603 2614 4088 466 4870 320 3202 695 791 1741 3175 2194 2673 2879 4539 1235 1020 2157 3423 123 3970 404 4067 1649 2341 3053 653 3801 1495 2908 1091 3344 755 2459 4667 799 3669 2572 1178 756 2524 2513 2469
1230 2756 960 506 1050 4589 4089 3978 4300 2128 4206 2770 4876 616 3608 3749 2052 4987 1056 853 53 2656 1867 3166 3018 2608 958 2601 2318 4970 4396 3031 829 3771 4103 3969 4442 2531 1668 1490 584 735 4877 2261 511 942 2844 899 2829 846 2373 4987 970 4217 1322 2818 4303 2306 4938 1133 3512 319 323 240 3240 4330 152 4691 3700 910 147 4760 2223 1801 4743 2532 2189 2491 3028 187 1335 4221 1244 4828 2271 4651 1633 4154 4383 2863 3348 3822 2591 3081 4993 4498 298 2454 2326 799 1572 4103 4052 3196 98 4865 1223 3659 3913 3737 130 2095 2618 30 2038 3705 4507 4856 4836 1096 1686 3707 2929 4024 820 1750 1139 2471 1788 699 73 504 3560 272 4539 3204 2833 3749 2461 1293 2997 4150 2744 4405 101 1835 2620 869 860 665
4661 3310 3562 1579 246 2642 280 46 4033 4446 4575 1608 2240 558 1582 2721 1318 3924 14 3547 3166 3738 3166 2905 1940 148 4041 492 3470 2314 1861 3116 1131 1106 3605 1733 595 3169 2667 4302 1279 2717 2523 4329 4331 4879 1444 2013 4041 2223 1337 440 2510 1931 381 3893 1925 1459 3174 3254 3693 1687 1222 4007 3843 3321 4779 4375 2471 4484 2222 4193 951 3180 1532 733 4332 3722 4955 1784 4712 566 1245 3089 3294 3468 1804 3204 2865 2472 3576 2658 3445 2385 2799 3460 1753 3804 3339 173 2838 1058 780 4928 4010 1255 4527 885 3828 3062 2535 4580 1139 4710 4838 4654 2210 598 4422 1471 1451 4980 4913 191 1658 1825 1694 122 4537 3375 4183 4514 4826 4649 2233 3820 3573 77 533 3733 4181 191 2732 1036 170 2304 1660 3187 2409 581
1666 1482 4395 3421 385 2146 689 324 726 3295 4681 2235 1559 1455 107 1897 4294 4594 1690 3610 1596 1331 3018 1940 481 2019 182 1968 2479 730 2822 927 3377 764 581 169 4909 74 1185 3974 59 4362 4099 768 2227 3179 2665 2935 15 4284 678 230 1790 1161 4881 3025 1125 833 2255 4603 2037 4920 1442 1902 2814 4000 457 4903 535 1131 1087 3313 1202 1716 3310 2173 3380 308 1895 3071 4715 4078 4075 2040 3561 1412 1617 4715 3837 4229 2504 759 1538 3709 1854 773 3601 3435 3954 1576 4674 430 4554 3282 3321 1697 2769 2545 3496 4286 2940 2055 2000 377 3342 419 4744 1642 4127 4261 284 4031 3277 2105 516 3203 280 3218 376 951 204 3183 3975 953 1401 15 2141 639 2765 645 2418 4395 4990 3976 2054 834 3108 4302 3064 1194
2377 3457 3416 1886 493 1344 2720 914 2596 1260 4165 789 3485 1270 1328 2045 2758 4370 2659 3898 2130 3890 2608 148 2019 4147 739 1874 1513 231 2116 2846 3802 2993 1620 2890 4231 3230 2523 4516 1936 550 1336 2827 34 4899 1962 2283 3305 776 1775 351 3879 999 3789 1862 3268 4351 1851 1283 1940 1823 1474 2315 3647 3402 3713 90 2358 4342 3076 2382 2977 3759 4730 1838 4492 3115 3122 4224 332 1572 4513 3626 259 3695 976 4599 701 3366 3384 1317 4882 4557 135 4013 1342 2085 2886 1190 1774 480 3101 2185 2631 802 187 888 4478 781 1675 1147 3395 1739 2185 2111 410 2763 2652 2072 2754 2247 1651 1753 2406 4844 1596 3412 4330 3252 701 1138 1565 1981 3109 641 1798 3433 3213 2140 1815 3211 1075 1929 780 2930 3154 2223 2454 3725
3644 766 4508 3747 1509 4905 81 3695 4434 348 4169 1162 1643 1360 4154 1008 1201 1044 468 997 423 4040 958 4041 182 739 2570 4967 483 1050 924 930 53 396 2727 1761 226 864 1238 3038 4862 2832 678 2850 2723 580 1374 4026 3145 3235 538 215 169 1803 1000 2689 112 1859 470 3327 2683 4260 1819 1802 4666 3227 699 3585 734 4650 1143 1620 2739 1538 1491 2546 3211 4010 1791 381 683 1749 1749 2221 734 1565 1129 1869 3664 324 2743 1805 4804 853 388 3052 231 4842 408 708 2260 2720 3632 3752 451 4051 684 4207 4212 2089 2353 3979 1184 1942 2273 2007 4942 1442 2059 3579 2761 1272 4508 1061 4120 4727 1492 3352 2469 1625 2774 4585 3812 4161 2736 3837 903 2754 3138 266 3525 4143 2518 3743 1765 12 1096 304 956 4383
1722 4600 2493 3579 2836 4920 3899 944 1673 2183 3751 813 4117 1221 3590 1892 805 2760 821 3066 1911 1021 2601 492 1968 1874 4967 711 812 2773 4402 277 2824 1334 4963 289 1937 754 86 965 56 1195 4073 4919 1944 2139 856 3914 4896 498 3578 3808 4878 4882 3821 792 2983 3375 3184 261 1300 4616 4025 3401 1150 1728 4033 3891 2418 2362 1018 419 2242 3257 2121 3210 3577 4810 2196 1926 4694 4408 1290 726 2285 575 2499 4378 1347 2477 3164 3036 3597 1929 4835 2572 2726 4626 4653 3889 4517 2492 1851 73 182 686 4260 301 1865 1021 1784 1729 764 2569 4620 3581 3321 96 3020 430 1013 2769 3836 1293 2909 1646 1404 3511 3814 526 3352 4996 3346 851 4245 2912 3510 3930 1853 738 4325 4509 3277 2000 3329 429 1666 2962 1590 3337
1046 333 4012 730 3706 1704 184 2795 676 584 173 1885 4613 3321 4931 2185 2886 4617 132 3392 1617 127 2318 3470 2479 1513 483 812 3817 1249 3191 4588 3088 2612 4974 2053 2465 4429 3530 106 3304 2009 818 3328 812 964 4192 2401 2360 4454 173 668 4694 4053 3324 2146 46 3629 4110 2023 688 2100 145 4817 1674 1947 2870 492 1136 4051 3878 3584 1926 3145 4575 3991 4845 201 1611 2275 3892 4341 3988 4540 3137 4860 4156 901 3643 4936 2698 1826 1543 1914 544 4445 3732 4916 4387 1385 417 3865 2754 2405 1053 2133 2609 213 1688 1603 1327 1547 1653 4968 2628 3962 3174 3013 2805 4028 4004 2131 1257 3551 2582 858 3301 3494 1891 2136 3499 3613 404 3590 2436 2239 3414 4520 837 4639 2909 1447 2312 2385 4897 295 3497 2781 1481 1526
1317 2449 4845 1300 4843 3066 2359 1268 2349 2435 3858 2000 352 4855 854 4188 3990 949 2094 4617 4064 260 4970 2314 730 231 1050 2773 1249 3717 4245 2875 1374 3680 1669 1674 4694 1329 4826 2470 1362 3265 3128 127 631 3769 517 943 2970 1316 2879 3852 317 527 1798 4035 4743 3846 4928 3709 792 1397 1633 3708 4018 3719 3595 2451 2169 2892 1500 4386 1963 4597 4484 2678 545 1275 3467 4634 959 3736 467 916 3376 393 3268 786 1941 3345 366 1958 108 632 4219 573 2829 3322 1357 205 1069 3148 1110 2431 4549 1466 880 79 3125 1723 4541 1335 2856 2096 4248 1967 2414 4562 2975 4091 1229 198 803 1137 3080 4162 334 823 3883 3930 4000 4034 4650 4259 4505 1612 753 249 2859 1934 2956 3142 4570 3763 3395 4469 501 3688 1498 2399
2504 3549 2325 4291 2598 4814 3021 3957 661 4766 3843 3411 3614 3541 3708 901 3928 520 3328 4547 336 3893 4396 1861 2822 2116 924 4402 3191 4245 161 4722 2052 723 2717 2032 4128 2148 3105 1404 1375 622 694 2094 917 4295 2879 3296 2009 629 3160 1317 3723 4085 4377 792 1151 1809 1383 266 3462 2951 3888 734 4953 2442 131 1759 2125 511 3570 3390 3774 1655 1778 879 3808 458 2283 3391 1255 2693 3813 979 4201 631 1794 4795 4135 4435 1737 4891 3243 4294 246 206 1818 2495 926 3476 3759 312 460 1526 3552 2950 4689 4792 4067 720 2281 1649 4833 3487 2888 1214 3334 2005 2919 975 1879 29 2092 4255 4932 4858 180 311 4382 2918 852 3172 37 3600 757 4980 2766 1877 3600 2548 3068 4588 1146 2335 1272 950 3166 406 385 631
2691 3284 1407 235 1066 3937 1980 3781 2125 4848 790 2697 3434 2066 4871 1450 399 3319 3487 2220 2890 4449 3031 3116 927 2846 930 277 4588 2875 4722 83 2017 2674 4401 1674 2571 2198 4404 488 500 2173 2926 3149 1348 1585 2916 2863 4073 3449 2671 1087 2024 4698 3292 436 2834 2586 4128 2085 15 3750 1251 609 513 2290 1564 446 4261 3625 1565 1853 777 4089 2675 4365 4206 4092 4858 2550 4612 4167 1130 4734 3187 2755 113 718 4482 2406 1743 1615 1515 4579 2662 2470 4340 2541 1179 2993 516 3564 135 4005 4686 3376 2933 4568 3689 3826 3305 141 3782 1902 955 3709 4248 3589 684 3032 1822 3615 297 2841 3113 1426 2545 4748 67 2426 3802 3272 272 4912 4816 1903 2637 3382 2656 334 3814 4545 2596 4943 2442 341 1992 973 612 77
2440 2138 4610 2196 253 3688 2825 1459 2025 1566 595 4418 4488 809 2046 2816 3484 685 2989 3642 169 4566 829 1131 3377 3802 53 2824 3088 1374 2052 2017 379 4031 2960 2038 1191 3719 3156 3622 46 2523 3867 3822 1993 4223 1621 1621 3765 1163 1099 2948 2690 1493 2085 560 4513 4791 4690 2291 4182 610 4701 2397 2977 160 1918 4708 4621 463 3255 1034 3266 879 2417 670 2207 72 4569 1337 2188 4295 1688 3127 2605 3272 784 519 1254 364 4364 3699 2117 790 480 2010 330 2696 4474 759 4596 1129 3495 494 2913 4202 1842 678 1650 378 319 4643 4134 3803 3074 3776 1434 3426 4883 1496 4184 3756 4163 4227 4578 1982 1306 2149 2229 4274 2882 4365 2024 4848 1136 288 3340 4892 4545 4430 3662 3082 855 4391 803 3513 2179 4695 3498 2847
4099 3172 2383 480 1174 1078 2528 4957 1209 2107 1703 2963 2265 4806 3007 3151 4696 2234 4183 4223 660 66 3771 1106 764 2993 396 1334 2612 3680 723 2674 4031 546 210 2536 3418 2255 263 3144 4480 3647 4363 4174 329 4273 3069 3512 2790 3563 1208 2632 3722 4083 3584 1095 1707 1995 3931 4046 4411 4368 2277 1773 4844 2187 2705 2618 68 2067 2969 332 4125 4316 2989 1994 4560 1638 4416 2736 1805 2476 646 1245 4345 1924 119 1095 4352 4401 2189 2444 2548 1536 3647 840 3658 3939 2116 3314 2064 2131 2483 3856 2330 1257 3638 1365 568 1897 1446 1905 3381 706 2405 2000 3500 3450 2026 2317 1163 1881 2959 2228 3780 1801 2794 2666 3657 1227 3376 2277 2452 3135 3371 3787 2760 343 1171 1977 3325 413 4397 651 242 1019 4326 4759 1688 3661
3876 1086 2814 4992 4490 1942 4514 1849 398 483 4215 882 4212 1619 4698 4818 3703 625 635 2704 3904 730 4103 3605 581 1620 2727 4963 4974 1669 2717 4401 2960 210 4368 362 3221 4904 2230 432 506 2297 2243 193 4032 610 2757 2012 3204 3069 1931 3882 4317 1093 3742 1011 1507 2040 26 1194 4251 3354 2376 4143 1670 1943 3690 4952 777 2437 1700 3983 1058 2121 11 556 3506 1100 2932 1132 3031 4547 1011 2591 710 63 315 138 4731 427 2449 265 3218 3148 3462 2091 3567 1406 2298 4947 4103 2415 2034 1756 651 215 240 3216 3439 898 2257 2367 4230 4219 195 2374 668 3548 3925 3512 3127 2048 3231 3206 4069 3666 4502 563 1711 3525 3226 4705 4972 2644 2809 4925 1621 4280 4392 729 4313 4177 3430 3422 3763 4737 1639 4246 2469 4379
2987 4466 165 1590 295 3165 3246 2334 1657 3978 1339 475 1001 3325 1587 3673 465 4750 731 2863 4056 2803 3969 1733 169 2890 1761 289 2053 1674 2032 1674 2038 2536 362 4175 4878 1275 3219 4023 3076 4040 1368 2712 2160 1106 1975 1921 524 3455 3845 1907 1817 21 1342 3827 4706 4837 1438 3182 114 2042 1573 3602 3476 2085 3498 3632 3748 453 1890 3384 4372 2998 4124 413 1501 2067 3162 4399 3163 3785 2495 503 2361 3125 1016 3090 2832 4703 1481 3392 1290 556 2820 63 89 1974 1974 1387 1585 3712 3648 4909 748 2432 2323 3162 1602 4240 979 380 2133 1827 4113 772 2880 977 1168 957 2469 398 512 2189 259 19 1568 3262 1356 2396 536 2780 4325 4712 469 4267 2904 2982 1654 3072 702 112 828 4519 3381 2878 4584 3060 2538 4544
4203 1906 2365 3864 1933 746 3433 2734 1558 1601 2612 4442 733 4838 4633 1405 2920 4684 3230 2117 1416 1637 4442 595 4909 4231 226 1937 2465 4694 4128 2571 1191 3418 3221 4878 1465 352 2413 333 1473 2396 2616 1332 4663 2774 1254 2718 1286 4276 142 3805 2348 4295 376 4158 2488 3449 4158 4588 262 1615 216 1302 2618 1874 1764 4126 4629 693 3166 4459 2092 2873 2044 4296 4016 2347 4094 1743 1277 3568 3087 3573 114 3945 789 2650 4867 2997 4903 850 4209 4534 3768 3362 3746 2124 4230 178 4172 4466 401 2998 1514 2631 2419 2163 603 2483 1073 1379 271 4895 692 1321 619 1110 1102 1858 1004 3699 4228 1325 1978 570 2141 3280 4883 234 1173 3077 3817 4817 1240 4292 1424 3917 2002 2536 1446 4762 3498 2380 685 48 2841 517 1425 3820
785 706 102 2843 2834 549 2827 4639 4564 376 4282 3125 555 4698 4185 3364 1664 3882 4761 4073 4178 2585 2531 3169 74 3230 864 754 4429 1329 2148 2198 3719 2255 4904 1275 352 576 792 2119 3126 1433 470 2978 4796 4272 2753 3973 393 2197 106 1154 2258 4624 1751 4563 1623 3838 3478 3333 2906 4000 4801 1875 4122 4901 4208 716 4978 877 3947 1221 4499 4827 3559 1645 353 1011 4359 3785 1448 3660 4374 3591 4043 2001 3136 177 4740 1713 1170 4588 416 1107 4885 744 2466 109 3745 2730 408 4613 191 975 41 2324 308 4500 1403 3793 3466 1043 2020 941 174 1045 125 3603 3029 3953 3549 1375 3750 3524 1118 2402 4594 2063 4839 1841 1630 676 2250 1491 4479 3307 2615 22 1361 4342 2190 4595 3670 328 1835 346 4309 3781 4826 2343
1439 579 735 2675 2081 1353 1008 1267 1414 1911 3747 4176 3537 197 1402 673 4344 1713 393 886 1666 105 1668 2667 1185 2523 1238 86 3530 4826 3105 4404 3156 263 2230 3219 2413 792 1815 1189 4629 4214 2154 3609 64 274 2780 3650 3197 2691 621 2997 576 2460 4312 2075 4043 2712 455 193 1048 1752 1554 2424 212 945 375 1822 4679 4313 1013 4086 3541 1298 4566 3942 4813 1917 2292 196 1092 3786 3436 2094 4990 3602 303 2678 1631 931 217 3478 3050 4157 1897 2525 1679 2987 4801 1065 4611 2844 2282 52 2223 1186 1506 133 2730 1515 3573 3843 1979 2852 4066 3472 2255 1654 3096 2684 2884 1036 4197 3072 84 100 2016 759 2424 2786 2395 3570 1355 2373 3960 1599 3310 4499 820 2297 2852 4901 1559 1187 4497 2844 3451 2926 2406 2795
1844 3741 1904 4954 4150 4890 3656 3237 2153 4128 3373 3166 1618 957 1375 504 4631 145 2736 2044 3050 1885 1490 4302 3974 4516 3038 965 106 2470 1404 488 3622 3144 432 4023 333 2119 1189 4573 4963 1169 2739 4732 789 1356 2940 4432 383 3691 2529 407 3326 3169 860 1406 87 432 3800 4343 147 4806 2276 3632 2747 4285 4229 4364 2721 41 527 3051 767 3363 825 4714 460 2775 185 338 3375 960 1928 3270 263 2833 139 3401 4308 2506 2788 4118 310 2751 4723 2517 3166 1609 1998 2186 2297 3768 3159 418 3934 4410 4489 3418 299 4226 2078 4837 1506 3377 1817 2125 3359 1772 2158 2634 1922 290 1115 1250 3719 505 3251 1021 4461 266 4856 4319 1561 1411 1430 151 797 1203 4093 4864 1721 4281 2322 2079 1101 3728 3545 2096 2389 1692
4911 4123 3088 808 3335 555 944 2215 1508 3186 1560 2952 3641 717 4101 1694 2730 4572 3370 2680 2151 1023 584 1279 59 1936 4862 56 3304 1362 1375 500 46 4480 506 3076 1473 3126 4629 4963 4325 1882 2148 3043 674 570 4977 2041 2675 4482 1559 1629 364 458 4121 1353 4361 2931 404 3744 3036 3866 589 1708 3735 4211 1536 796 3328 1923 4056 2751 954 4923 249 2120 1644 4170 4042 1786 731 3728 4780 4020 3906 4425 19 2835 123 1477 2502 2417 1084 3047 682 4583 3072 4206 3278 1355 2735 4447 3870 3212 1098 2186 501 1191 4700 3260 4544 807 1078 2316 3874 19 2425 2799 4768 277 3945 1101 121 1611 3164 160 143 1904 3758 64 3002 4704 1644 3117 2016 3633 1661 1830 4094 2417 4181 3204 4798 2023 68 508 816 3404 423 3212
1974 1916 209 4743 2453 718 3894 841 1028 4247 2560 20 4960 3829 4395 4904 3584 2710 902 4141 38 4712 735 2717 4362 550 2832 1195 2009 3265 622 2173 2523 3647 2297 4040 2396 1433 4214 1169 1882 2686 179 3911 3248 1771 2717 4354 2824 990 147 3488 3228 1759 383 3920 3942 759 83 3328 3036 4796 1342 474 1592 3667 4126 4349 1056 4296 2836 317 2694 946 3838 4980 3170 906 3011 3812 1797 2972 2419 2826 2357 2296 2404 2259 3735 2611 2058 3847 1694 3661 275 2377 2109 3161 249 1180 959 4105 1556 2536 2117 835 4235 4376 70 4902 658 4884 2142 4232 182 4313 2182 3036 4845 4465 2222 4968 4418 1412 4100 492 4257 2320 4765 4605 1209 3644 2201 3548 1696 4270 1096 1530 917 2407 2027 2677 4851 2057 3730 4684 1472 925 4118 4861
1061 681 541 2399 3512 2305 1122 4286 1211 984 233 2696 1490 3247 4961 3605 4799 784 2660 2420 1998 3834 4877 2523 4099 1336 678 4073 818 3128 694 2926 3867 4363 2243 1368 2616 470 2154 2739 2148 179 524 1077 4443 2821 2633 2713 1913 1856 238 1272 630 1984 4131 2180 3756 3558 786 2412 690 674 3480 2442 4852 2518 3262 2121 4085 3526 1305 337 3019 4947 4807 1904 517 1327 568 4774 2400 859 451 873 3516 1933 3658 449 3267 438 1732 3193 1154 1731 2055 4196 1961 3784 4282 1404 1531 4184 105 4002 3058 1448 3819 1462 562 1455 3565 1826 1481 1992 3697 1833 1879 4414 3033 3739 4535 3273 1808 1592 3084 4766 2732 1964 2803 3511 3795 1759 503 232 3169 4003 487 464 3413 300 2069 2910 686 3457 3729 473 4094 4505 3991 2002
1103 1300 3433 598 3332 3708 2897 2116 1740 3221 500 833 178 3500 172 4222 3908 3738 2358 1906 1052 2464 2261 4329 768 2827 2850 4919 3328 127 2094 3149 3822 4174 193 2712 1332 2978 3609 4732 3043 3911 1077 2233 1764 2721 3869 4296 4539 157 1851 1462 1458 3524 4017 2201 4821 2669 2205 4547 4182 3177 3145 3155 1936 4509 570 4533 1140 2495 4645 3666 3598 1338 234 2392 4882 1947 4306 4591 4524 882 2244 3016 523 1878 4598 1508 2720 3138 4496 963 1921 2634 4784 926 894 4164 3848 1105 1986 2912 3348 4262 129 763 3632 969 3238 3639 2400 4764 830 1292 545 4748 1126 2362 4974 1046 4471 4637 2671 2298 2071 1650 1081 276 959 403 4603 842 1948 3423 2478 1795 2921 2175 2851 2328 3810 4683 4681 1173 2699 4857 73 995 2920 1683
3384 2972 2037 2873 789 150 111 3879 366 3769 2245 4078 284 1358 277 3932 2120 4362 4054 4104 952 4703 511 4331 2227 34 2723 1944 812 631 917 1348 1993 329 4032 2160 4663 4796 64 789 674 3248 4443 1764 1739 2366 316 2307 4198 2763 4381 296 577 617 4156 2453 3132 3942 3310 3392 2168 4838 1818 3774 147 3623 1875 2824 2606 329 3131 1451 3525 2758 3278 170 4011 3662 2779 3164 3137 214 1536 810 3916 3535 2598 3441 3194 2642 3842 168 1526 3983 3264 1412 1893 4611 757 4213 2190 4401 1117 4967 3950 1865 4604 1260 3615 1381 4854 1823 419 277 4406 1338 945 901 4412 3788 727 3405 4932 2647 612 3624 1171 4322 23 2555 4042 1060 2241 4894 3728 2672 1558 4496 4691 1920 4772 3671 865 4970 1713 1952 3561 1334 3153 657
623 44 3827 125 1188 386 4992 896 2047 296 4538 703 545 324 1584 1626 2345 1431 2825 4672 1564 1154 942 4879 3179 4899 580 2139 964 3769 4295 1585 4223 4273 610 1106 2774 4272 274 1356 570 1771 2821 2721 2366 2537 2322 2066 4499 3211 4535 4447 4140 2481 4536 3395 1939 3407 1924 456 2175 3992 2511 1782 1955 4189 3533 1842 4097 4283 2913 1234 3060 511 3923 4380 977 2081 2713 4363 3797 4048 898 835 476 4897 1202 3131 4247 2945 3647 1158 589 369 1646 4051 1853 4336 2634 1784 3191 1724 25 2218 2373 1620 4552 1552 591 1186 436 1453 3095 4728 1137 1491 1183 3063 1116 2866 3823 2448 1849 2061 3252 1321 2337 4005 1475 3465 1475 3475 2665 3846 2570 4575 3258 3900 640 113 1905 1134 3002 3803 1677 4377 1182 4322 4723 4065
424 4122 3068 4598 2855 3259 4486 2630 3902 3382 4850 411 1738 746 3354 1148 626 3985 3690 1747 3029 2041 2844 1444 2665 1962 1374 856 4192 517 2879 2916 1621 3069 2757 1975 1254 2753 2780 2940 4977 2717 2633 3869 316 2322 3611 1325 4109 3072 3070 1728 992 391 4352 4698 2925 4309 2478 4562 315 2598 1232 2914 3659 2335 302 3641 447 2197 3622 2063 4856 2048 476 3957 2525 3550 4251 2245 2960 3212 4612 4703 2870 4522 3440 697 4029 4121 284 2032 2154 518 1154 2692 1736 3884 2931 646 309 3774 321 2034 3116 1652 4018 2782 3498 3478 3400 3159 4052 2387 4334 2422 4027 3809 2807 753 1841 3119 523 110 1012 258 4861 2925 1928 2519 1363 2717 2149 2511 927 640 2681 2848 412 2561 2802 4930 2853 3308 1562 2810 497 2052 4972 3155
4736 4737 4466 4299 1702 2719 4791 875 4669 3945 2431 2860 4677 1689 1997 115 4768 3370 3773 804 2372 3642 899 2013 2935 2283 4026 3914 2401 943 3296 2863 1621 3512 2012 1921 2718 3973 3650 4432 2041 4354 2713 4296 2307 2066 1325 4402 3268 1794 498 356 2261 561 3437 4339 4406 4961 432 4911 1633 1992 122 3062 2003 825 3547 679 95 3656 4544 171 2382 1330 4049 1249 2480 2848 3690 1916 2052 1324 2515 1253 4853 338 4166 3401 2084 941 3901 4448 503 4344 160 2549 90 2013 1484 579 2640 1024 234 2068 4356 4077 475 2111 4819 332 36 211 3177 753 346 204 2632 3600 3689 4701 4055 1089 4531 3600 3566 925 4383 4195 567 625 3781 4165 2303 2667 1639 683 4115 146 3164 395 1581 4910 3637 3286 2503 373 1965 2700 4392 1928
1474 4101 2393 3802 4758 269 3270 1639 799 1148 1040 3359 713 4553 943 1921 182 3188 4259 1500 3865 1985 2829 4041 15 3305 3145 4896 2360 2970 2009 4073 3765 2790 3204 524 1286 393 3197 383 2675 2824 1913 4539 4198 4499 4109 3268 4664 37 2866 202 3130 3972 1803 3388 1388 4367 807 4721 1826 4600 3479 910 1520 1095 2322 680 2980 1772 1150 4534 2851 294 2715 3111 1133 1482 1184 4442 2045 3631 4903 4133 514 3202 2297 2998 2635 2790 1067 779 694 2687 2589 4056 3585 827 121 4384 1848 1714 571 3920 2104 1334 1447 3316 1749 4897 3090 4231 350 4922 820 622 4091 4212 372 1656 271 4381 501 2164 4906 4913 3799 2895 4166 3924 3238 3922 1777 1160 2614 3362 371 4297 2914 3485 3973 2604 3303 1233 2096 3303 2974 1164 3059 2457
1111 1804 2535 2615 1354 4005 3749 3505 1596 2824 4132 4342 1331 1683 1070 707 2752 461 1672 563 4781 2552 846 2223 4284 776 3235 498 4454 1316 629 3449 1163 3563 3069 3455 4276 2197 2691 3691 4482 990 1856 157 2763 3211 3072 1794 37 4818 1239 23 2853 87 1330 4200 1651 4352 298 2417 4187 3143 4403 3093 767 2654 3132 886 4331 4478 4372 4362 2802 3324 720 1370 2065 4427 1963 2668 295 2502 79 1972 1849 3409 1758 4609 3973 3479 1017 3997 910 1411 708 81 404 569 3145 228 2341 2613 1529 4437 1320 4872 1867 2803 4106 4823 1900 3062 1857 3231 2436 116 1723 958 4912 1090 4983 4207 3187 1861 4707 346 4603 1748 4085 1659 4335 3446 4937 3451 171 351 3346 3125 719 1825 4567 19 3530 1327 4083 856 724 4682 4747 2194
2283 1921 4051 1384 163 4020 717 2595 4321 3145 3915 2507 900 3050 1816 616 1811 1790 3624 619 1004 608 2373 1337 678 1775 538 3578 173 2879 3160 2671 1099 1208 1931 3845 142 106 621 2529 1559 147 238 1851 4381 4535 3070 498 2866 1239 1084 1916 889 4773 3451 392 1201 4945 653 1167 1131 2323 1527 3078 4481 4709 4249 4690 3723 2310 3081 558 1707 4079 546 4316 4984 4301 2226 4154 2750 2547 1439 4358 112 4046 4877 1717 1667 2454 4467 2053 365 2199 332 1788 2397 2409 3837 2805 2774 4322 4299 922 524 4082 1689 458 2758 673 705 332 1524 2017 3586 4726 3461 4614 783 3497 3789 3046 1094 4996 290 3264 2851 3573 3744 2758 3165 2108 3443 2082 2155 1407 1093 2483 3688 2453 2247 4191 3280 568 612 2624 2033 4059 299 1210
183 4036 2683 1442 1031 3095 2210 234 1903 316 3808 4685 83 3835 1567 799 1171 1355 4165 4597 2344 4811 4987 440 230 351 215 3808 668 3852 1317 1087 2948 2632 3882 1907 3805 1154 2997 407 1629 3488 1272 1462 296 4447 1728 356 202 23 1916 3261 2912 1414 1543 3407 2076 3169 2759 2083 3118 3677 3133 547 1478 3642 844 2009 2749 1925 3920 830 3517 4579 3655 2743 4606 2797 1113 4951 143 3454 4718 2061 1899 351 2544 3505 1920 3950 3281 1593 4837 263 2618 286 1855 2503 1695 2885 1584 3039 3009 4482 4530 3297 2127 3455 1476 4085 1049 724 2015 615 410 4174 1834 3356 3014 3538 2872 4529 2532 2099 3779 2767 495 2991 3872 4537 1170 2344 741 4143 78 1738 1933 4729 4069 1351 321 1468 313 4180 1467 1794 179 532 4297 4814
3114 2781 1931 2800 2851 1596 714 3405 1871 4158 2588 2360 4228 1419 3506 1636 2576 1800 2340 4420 146 4937 970 2510 1790 3879 169 4878 4694 317 3723 2024 2690 3722 4317 1817 2348 2258 576 3326 364 3228 630 1458 577 4140 992 2261 3130 2853 889 2912 4455 408 585 830 2438 3732 2680 321 3485 2939 976 3776 2694 2148 2600 697 2082 1809 3447 2779 1357 2308 2485 967 472 853 4062 733 2084 526 1932 1264 4536 932 2126 3650 3641 2065 301 4982 3044 3392 3325 4102 1570 1414 3756 3045 4800 3091 3905 1376 1981 765 1488 1608 673 4862 2441 1892 3375 4573 202 4007 3976 1456 4590 4549 4614 4623 4056 837 4474 4267 2395 4157 188 2763 4965 1730 3376 189 656 2327 1021 735 1365 4074 2828 3607 3551 836 2643 3288 2034 1257 4745 3430
2443 2866 1971 1416 689 564 1221 1504 4553 4297 4787 3588 4059 4616 2370 4380 628 2178 3986 1030 352 4389 4217 1931 1161 999 1803 4882 4053 527 4085 4698 1493 4083 1093 21 4295 4624 2460 3169 458 1759 1984 3524 617 2481 391 561 3972 87 4773 1414 408 4833 974 3042 3517 776 3966 1594 628 2478 2032 3054 3109 2657 1548 3927 3713 4345 4286 4553 76 2937 4468 3562 658 1273 2076 1772 1541 3248 2864 259 2091 2088 1845 2227 2160 306 307 3581 2688 2224 25 2476 3260 786 2695 848 658 893 729 2414 4773 4296 839 4337 417 3414 4491 1831 4603 3606 3261 446 3095 2748 3584 3394 3676 4329 1375 3166 1582 1050 4695 2478 4221 4802 2446 2617 4652 1175 4791 1171 892 3707 4434 164 1119 3736 2265 2151 4445 3012 708 136 1798 4594
