N: 150
M: 30
Symmetric: true
Triangle: false
3 138 65 75
4 41 139 94 69
5 72 11 136 78 1
6 148 79 37 144 91 74
4 6 60 7 89
6 129 88 86 77 62 40
3 130 115 71
2 14 99
5 140 53 9 58 59
2 10 4
5 90 2 126 3 134
7 108 112 127 23 66 73 35
6 103 39 95 121 29 82
5 118 83 15 63 12
4 147 54 47 141
5 124 18 111 93 125
6 109 67 137 57 143 51
6 64 106 142 61 20 102
7 123 16 8 119 68 70 114
4 81 49 76 27
4 120 84 52 36
6 26 46 48 17 43 25
5 101 21 44 128 131
10 104 24 34 85 32 56 100 30 146 19
4 42 45 110 122
6 135 150 55 80 87 33
5 149 145 117 28 38
9 96 5 98 92 97 13 107 50 22
3 116 31 132
3 133 105 113
1547 4279 1950 1892 2048 3834 3350 597 3437 3918 466 4216 837 4001 860 832 4119 2611 2633 3491 3374 2734 3074 1144 3975 217 1259 4608 3335 3891 2114 961 1392 3909 2851 3053 3770 913 4028 1253 3135 823 4710 579 1797 4258 3174 3064 995 2172 4451 1765 2129 2225 4266 933 4313 398 75 2853 4908 2237 1504 4570 2591 4444 3497 439 438 3433 2057 977 1712 839 2205 1059 2373 1082 4894 2448 2114 1513 1577 3831 1481 1857 813 4242 4282 851 434 431 3867 406 621 3755 2330 1811 1198 1001 2728 1187 1419 251 2661 631 38 466 1067 35 1892 4562 1226 2142 1958 4986 3017 174 4825 446 3610 1541 2342 2345 3277 2953 4378 1549 983 2212 3220 1280 4929 2614 4276 4840 4235 2818 2027 2934 1116 102 4654 3747 4004 3367 2512 2403 2697 3125
4279 2211 2956 1374 2968 3228 1908 3487 2911 4123 260 1342 1983 2648 3117 929 3748 2623 1805 373 2701 292 1000 1744 2203 2032 2079 3084 738 81 2094 673 1347 2986 3842 4915 614 367 1082 2768 572 4746 4633 4750 2583 3627 4875 1819 2377 4446 4084 3855 118 1731 3713 2648 4277 1909 2493 1335 2455 1774 724 4180 3966 3798 3952 4234 3794 875 4840 3208 3327 1270 2258 4423 2879 898 2932 2005 433 4286 3301 4985 4197 2029 4441 56 182 4122 1998 741 1251 1551 2546 4407 1571 380 4112 3205 4751 3423 632 831 4279 1973 2758 1445 3519 4192 2547 3578 1950 1146 1857 1827 1748 3635 2778 2987 188 773 2158 1546 1074 1202 4052 1919 1539 224 1561 2517 4027 2639 3206 1525 1122 2008 4693 3309 4483 4700 3550 663 637 4542 4564 2092 3381 1606
1950 2956 670 3885 4467 2054 4731 2334 1907 4858 1358 1053 4103 1626 4949 98 4138 71 3723 2326 850 3880 4126 1877 1455 1059 3624 1698 2719 1056 540 1131 550 3082 3542 4312 4191 1762 457 4153 882 1499 1037 3026 4278 635 4976 3036 2715 3017 3840 2098 2332 2529 3882 4716 3587 4329 4635 4114 2140 1105 749 4159 4816 3814 1209 1013 1625 2773 4214 573 3631 2756 287 381 629 2363 616 2836 2587 4432 3996 4313 3762 4072 302 615 3022 1622 991 2701 2947 213 3029 1919 2331 4185 3346 1310 1756 370 2805 1512 4647 4889 1489 989 3373 4061 3796 1209 1813 2858 1134 377 2381 4637 3335 4004 4768 3942 389 179 3946 1831 3391 3201 1396 3218 1049 1482 498 1750 3355 2101 4485 4817 277 267 3063 4809 4535 2062 254 909 1886 1316 571 2153
1892 1374 3885 3926 129 230 3488 4469 4514 1430 1955 4239 2624 392 1321 3013 4945 3772 16 3962 1815 4657 4865 2033 2191 4063 3265 3318 4236 1449 2856 3067 4772 1456 3136 2711 1313 4798 3629 3380 2766 433 3569 4897 3219 3249 1256 3208 4958 1382 4073 2300 4839 981 2163 3644 2187 1619 4824 1906 1462 2321 3360 503 2707 653 2564 1757 133 3935 2121 4811 826 723 3461 3485 3972 392 752 539 4097 202 3044 1076 4873 4916 633 4754 2342 3450 1367 2548 3235 4325 1636 2432 1062 4850 3722 2926 2092 1664 1703 4930 422 3683 3815 4058 3513 538 3309 1818 3936 1712 2456 4871 717 2766 2278 862 1794 3282 845 427 1062 2619 1464 4013 33 3517 2023 4524 349 17 2240 2376 863 4465 40 4651 4874 682 4655 2243 308 1366 3071 3596 195 3463
2048 2968 4467 129 1961 4878 2742 4306 1358 4260 3393 3633 3657 2690 1831 1825 4876 3432 4366 2427 2225 2307 3549 865 1157 3387 11 2379 1837 4810 4821 3530 2421 4539 4226 2850 293 2126 1879 4632 1363 3604 4090 4451 4455 3883 2839 4304 1503 3385 3396 2841 1067 2788 3807 1229 4709 1317 4758 214 1515 4401 872 2735 426 2696 2475 4967 4911 4691 94 426 1771 4376 4024 45 4605 3170 418 1108 340 1432 914 2015 4527 3699 2299 3667 4905 3415 4567 3209 2637 1546 2971 1593 2399 3146 4409 3010 3821 426 1936 4775 3048 626 1733 2139 3974 2512 4982 1134 1418 3050 1426 4485 2346 2859 3505 4716 3953 3762 4945 1553 4952 2762 2463 4597 2794 172 692 2037 668 4103 4082 1889 1928 659 2364 3656 1755 3280 3724 4330 1659 335 1164 187 2176 602
3834 3228 2054 230 4878 3168 2005 4548 140 4048 4440 248 819 4156 4096 3809 3015 4189 3527 1631 2025 4690 2524 1616 4586 4303 2427 3830 3489 4084 2905 2057 326 4500 1651 2549 4618 487 4654 3373 1383 1530 3116 1525 3881 2047 4945 4249 3338 2820 4714 4354 4594 2675 2614 3015 2974 379 3828 432 4690 4770 580 973 4344 911 864 1267 3232 3154 3819 763 941 1629 3077 4416 1226 4174 2970 4707 4455 1087 3974 4150 1085 1238 4149 4973 4004 1550 3192 2642 669 4528 4992 1663 1806 2121 4817 1540 4023 4033 1997 1989 919 4855 1797 3292 2697 3738 3037 22 923 958 1343 2133 3920 2197 4388 2790 3745 666 1571 909 831 3068 4433 2609 1739 865 4389 3918 404 261 4255 4620 372 4502 4348 4113 4389 1102 2163 3953 532 1316 406 1870 327 4684
3350 1908 4731 3488 2742 2005 2602 1306 2327 2252 2184 4935 4184 4834 3260 845 1645 3394 2117 1938 1033 3257 4348 4070 751 1963 3854 1342 3540 2717 3890 871 2882 2443 3360 1128 2866 4790 4839 4440 1148 2922 2947 4348 2830 3543 4858 3330 3363 2371 448 1184 3039 554 1440 3378 2181 3214 3492 2644 2657 1766 1764 3700 2938 2208 958 4151 1948 2266 1239 783 3186 3893 87 1409 2051 3566 4481 2476 1670 162 1564 1305 3031 4634 3289 2441 3308 1847 963 1108 3278 3233 761 3147 1652 4956 145 2278 2900 1307 1730 3491 543 2530 4222 3149 3578 2311 1608 2030 4285 4904 4035 2583 3654 3954 1733 4961 2942 1270 4888 1422 2860 4854 3518 2678 4758 3797 1504 812 891 3033 4365 1447 1642 1088 1354 425 3452 1920 4940 3451 4516 1242 4624 4363 285 3729
597 3487 2334 4469 4306 4548 1306 3825 3755 180 2315 2245 4661 2721 3869 154 4730 643 2277 4645 2614 3312 831 4823 3468 1387 3379 3023 1370 1544 1352 2302 2075 2411 2454 434 1128 1520 4242 3437 1145 2417 459 3503 2953 3146 2096 4356 4293 4813 4067 3071 2400 3081 4876 2120 3703 3262 1405 576 3487 624 1058 1466 1124 2387 4298 1771 1265 4779 4021 1460 1947 3761 700 4797 1157 3332 1731 2420 2667 1825 4274 4394 2885 3932 1655 3995 4952 36 3123 3321 1639 4574 3605 4992 3518 2689 773 272 3676 1073 4077 1095 2689 1902 4305 466 410 1859 4879 4749 4452 3517 3195 1329 1397 2023 3328 2739 3083 1569 963 1281 2698 4820 722 3335 3634 113 4906 996 88 2550 4739 4415 3924 3605 3742 4144 4645 4689 985 2238 1134 2372 3865 4216 4018 4944
3437 2911 1907 4514 1358 140 2327 3755 1340 402 4785 2667 4364 3230 1911 185 3976 1846 934 3666 473 1850 719 1943 1342 4576 465 1612 1023 4129 3768 1578 57 1423 1956 4622 4998 1518 2536 4598 3687 2899 3270 2607 2720 1008 4424 402 1896 3092 3065 3932 2257 4996 2026 1902 3835 3477 4300 1298 3350 401 853 826 2581 2383 141 4885 2723 4256 4888 2842 1487 2487 1202 676 2236 463 2478 3286 4726 2766 622 355 4427 2494 1207 4586 1311 1295 3841 848 3754 1080 2891 4890 964 1310 3227 2319 575 4165 3986 1927 1906 1441 1844 231 4474 37 1023 1811 4153 1106 4966 2199 2104 1697 3909 119 370 2743 3143 1242 4181 4895 4613 405 2519 2345 722 1144 4640 2415 3410 185 1196 4538 99 4501 3481 1315 27 154 774 818 2852 2673 3919 4177
3918 4123 4858 1430 4260 4048 2252 180 402 2708 1890 1092 1967 4313 4487 3483 2039 2896 750 4382 2020 3755 1560 2458 1104 432 4055 2084 4546 2850 843 561 1589 3402 3961 2607 3893 1318 172 2340 2726 3367 4605 3637 3206 4069 2903 3275 1252 218 2503 2271 281 20 586 532 2341 2254 328 4736 2518 1907 3894 2969 4883 940 2610 632 559 3480 3707 3714 3915 3248 4918 3790 38 4656 2322 3040 1083 890 4930 2770 3699 3665 3686 899 1639 2241 880 4630 2140 692 2283 1404 3842 3251 2758 828 2234 3710 3507 2696 2029 2339 670 4652 3578 1765 4278 265 4186 4261 4721 2017 2499 4801 3291 441 1413 3878 1684 1383 2447 1885 3205 2086 158 2016 1625 42 2909 3944 510 591 2460 569 3288 2652 4645 3831 4145 891 3887 1702 4454 4875 1670 1098
466 260 1358 1955 3393 4440 2184 2315 4785 1890 3609 272 4440 569 4474 1151 1629 2841 4369 319 4834 3461 4905 3958 1639 2308 39 2340 4842 1270 248 1733 1124 295 536 2851 2651 483 3386 10 2910 623 2344 2504 3985 2862 3964 2667 4903 385 4285 4969 1222 3643 3179 4449 1479 3948 205 4410 1154 2582 1344 1297 3210 470 2269 1755 2020 1923 514 679 4781 3879 779 4313 2558 3916 2292 2046 4463 122 2374 4047 1668 2314 2818 4441 1787 956 2418 1930 4299 1746 2714 390 4922 2001 2591 950 2927 554 367 2765 2101 2342 601 4611 2335 4628 4616 3584 2577 542 2762 1051 1757 2056 4459 1347 1778 2020 3915 1165 4217 2372 3455 3070 3238 3554 2362 4224 1813 3918 4668 4516 4420 2021 4017 257 2625 4351 3650 70 1371 287 3312 735 4764 2156
4216 1342 1053 4239 3633 248 4935 2245 2667 1092 272 4534 1987 1030 4689 1444 188 905 370 2792 2868 791 2886 3919 2866 3715 4669 3212 2879 3817 4375 852 3898 646 3638 2940 225 4953 1789 1452 641 905 362 3631 876 4134 144 3885 1525 971 2978 4579 2185 3817 4681 1494 118 578 2686 4037 2411 4831 674 2881 254 1218 2540 3667 2821 2570 4683 1793 3180 3005 2458 4831 4709 2086 4588 2480 248 3155 1015 1360 4178 1647 1222 1581 1143 3380 1778 2470 3394 3757 1770 435 3967 405 3560 844 3723 4762 4860 1322 2970 2436 2948 3494 3429 650 803 3907 3049 3054 2676 1959 1116 1369 493 2576 4117 560 4142 926 411 851 552 1497 4562 663 4743 3859 1514 3244 3743 2283 2031 299 1947 2380 2096 4895 164 891 4787 890 1991 3823 2560 1167
837 1983 4103 2624 3657 819 4184 4661 4364 1967 4440 1987 201 2706 3709 764 3125 3227 2947 1568 1059 3064 3609 3072 2316 4489 1405 1413 3557 3923 779 4941 3307 449 2443 4234 2079 1183 357 3882 2711 4992 1457 1191 605 3022 2457 2344 322 576 1195 508 2019 3339 2183 594 3525 4774 4012 1084 471 1547 3216 2520 894 191 83 1810 4510 2998 2761 2246 3126 4145 210 1271 4225 2911 3467 2662 2457 3785 4918 2210 4104 3670 1332 2709 98 2548 38 2667 4272 2395 3622 4076 90 4853 4887 1549 4893 3592 4816 4083 782 1736 2070 1519 679 1417 4736 2045 2952 4935 2785 2390 985 72 1779 505 3837 1862 2244 1026 4122 1077 994 2587 509 4590 480 1630 3202 2576 2752 4799 1898 2070 4135 250 4285 2776 855 2249 4370 1356 4923 2288 2796 1609
4001 2648 1626 392 2690 4156 4834 2721 3230 4313 569 1030 2706 2016 4930 4846 3544 3085 724 1999 3637 3537 3807 1573 39 4356 4702 4453 3901 2733 4823 4962 1971 3227 3733 4649 2493 4869 2213 1616 95 1039 3163 1035 4185 146 2143 4808 4530 2282 3202 146 1994 2627 3969 3844 1250 1418 247 2971 1422 2032 582 1770 306 4513 938 1899 2761 3711 4443 3818 4401 2296 3149 2469 144 79 367 1460 225 3339 20 3846 1936 251 1293 2668 24 1474 2074 675 2999 1158 2144 1986 1494 1976 4088 3517 3047 2038 2985 4892 3557 3067 2434 643 4067 4374 4211 2918 2834 4398 910 4225 1218 1587 222 2083 915 710 640 2729 577 4321 1851 193 3319 3277 1902 1954 963 3766 2068 1786 2006 2691 1665 2137 4880 950 2649 1476 4117 750 2383 4252 3570 4267
860 3117 4949 1321 1831 4096 3260 3869 1911 4487 4474 4689 3709 4930 4333 4307 3724 2888 2875 3405 3666 4151 503 4783 997 3751 3690 1566 4463 4150 2270 4071 1740 1854 2633 1205 322 2079 1792 3741 3256 4126 2099 3423 251 1406 981 4845 2670 3562 4841 4728 1950 4730 4634 3144 391 188 3480 3430 3105 1334 2758 2609 2895 3223 474 1823 616 2383 4063 2855 3223 4841 773 470 4854 130 807 2293 2740 1944 2429 503 2707 3593 3098 4473 550 2407 994 1709 2662 259 4812 1312 931 3627 3887 457 2615 2499 3420 2611 2882 4126 3186 3868 4196 3429 4398 3571 4573 773 1793 37 1231 966 2671 3324 2117 3593 2079 1277 69 3113 1846 3511 245 1227 4084 1527 175 390 4484 3061 4686 2297 553 4764 4342 3410 2962 2667 3669 826 1686 2610 1247 2282
832 929 98 3013 1825 3809 845 154 185 3483 1151 1444 764 4846 4307 382 1771 4324 2649 2550 4786 3141 4938 827 653 3186 1999 3784 2327 883 1354 953 2215 1639 4392 1756 169 3262 1510 3161 2973 1343 163 1208 4817 3838 3235 3294 23 2292 3158 4931 705 2196 4079 4298 4910 897 3709 2672 3122 560 3462 3362 2028 3413 1775 2990 485 3826 3556 259 431 3434 4999 532 3820 2041 1087 4348 4510 1804 3726 1141 300 1332 2054 4939 4706 774 3642 1543 2882 1648 239 4345 3663 2463 4389 4271 1026 4795 2091 284 4117 2945 2354 820 237 2419 910 4794 789 2360 3659 314 4512 793 933 1756 2353 2066 2698 2863 4071 886 1896 1076 4293 3382 4598 4695 1225 1131 2118 976 75 1966 1926 2611 3734 398 4612 2630 3934 4183 2368 980 3222 2737
4119 3748 4138 4945 4876 3015 1645 4730 3976 2039 1629 188 3125 3544 3724 1771 2974 3308 2486 2160 3143 3770 4918 3974 1432 2854 1723 4096 4250 3503 2281 3949 3560 4875 454 3987 1110 757 2067 1626 39 3640 471 1455 262 2625 3458 1186 130 742 1726 1128 785 3594 2237 2388 3538 2370 4547 2787 1498 4826 3079 370 4218 594 2119 2237 1234 2987 2577 3385 1381 1698 596 3882 4476 3446 4279 4247 2036 4578 3050 3652 870 4120 4540 4388 19 1267 1906 2617 1084 1351 1396 2884 1286 4184 335 2680 1756 1666 1089 1488 1514 1911 329 4446 2069 2072 3781 3956 4258 2917 892 1519 3275 1041 504 3424 4728 2394 3243 3846 3871 4040 4457 3322 1837 2516 258 492 2984 127 4820 1893 1537 3423 1580 1568 4296 981 3197 886 305 511 1195 784 4237 2241
2611 2623 71 3772 3432 4189 3394 643 1846 2896 2841 905 3227 3085 2888 4324 3308 4698 2738 4967 4232 3291 1281 4960 4370 3729 2960 3757 921 932 3655 2313 576 3380 3681 3267 4565 3523 3701 31 3083 109 4957 1974 3928 1172 114 1084 4073 4047 3169 4737 1667 4132 3462 3821 1414 923 642 3776 1921 1745 4764 959 4580 3163 4147 2542 4804 2528 282 2434 2675 3818 1744 3407 4121 4519 3298 2068 4613 489 441 3586 672 2276 3084 2583 3475 4906 3926 2363 21 3320 4618 3412 2932 4885 1092 1038 579 2308 3239 2129 2316 2564 4031 1663 2717 4703 3759 3755 3475 3495 3121 4902 1510 3862 3046 66 138 4251 4698 2762 4522 543 2018 3464 67 3419 1246 3737 4298 1422 4923 4914 371 3204 1615 1273 2638 3296 4945 168 472 543 2690 432 2424 4371
2633 1805 3723 16 4366 3527 2117 2277 934 750 4369 370 2947 724 2875 2649 2486 2738 4648 4315 4609 4755 495 3899 2951 1810 3971 2308 3492 1751 3072 4409 4344 2219 2772 2947 3971 891 1549 416 960 891 261 1621 1909 1706 3766 2329 2942 3964 20 900 2975 1881 4270 711 3146 58 2353 2174 3828 1132 4627 2738 3629 1758 3690 4666 989 4180 2813 3181 3409 1063 3983 4009 1014 2653 4202 1712 438 3644 1280 1270 3090 14 2072 299 87 2806 3095 620 2455 3945 3979 2414 2325 3925 1673 2676 1431 3528 4152 4306 3307 3407 4598 2730 4917 525 2752 4253 1324 885 1094 3241 4871 1433 1878 3737 2183 3656 3120 855 4203 3433 3521 3402 84 2821 785 2223 2442 203 2047 4294 655 301 2099 743 773 308 4504 3589 2044 2957 3298 1908 4801 1817
3491 373 2326 3962 2427 1631 1938 4645 3666 4382 319 2792 1568 1999 3405 2550 2160 4967 4315 408 551 200 2843 1614 4299 2837 1923 1513 2600 1259 3342 488 3416 4314 2240 2840 346 2815 2766 4179 1064 178 697 958 1263 4674 3677 3549 4719 2726 886 1006 3276 2598 3423 2445 4051 2437 1097 805 3208 2918 3822 1425 4138 4171 117 2505 343 1310 864 2239 4623 1241 983 1415 4860 190 3603 3303 1272 1614 1764 2472 3932 4446 4268 2115 1194 3339 1025 4727 73 1799 896 1762 4427 2575 4588 821 4211 3180 3830 2226 1051 4311 3412 4726 3325 3073 2135 4136 1693 4646 4002 754 2087 2950 2412 1473 665 4845 2308 2804 4029 3390 1990 2325 831 162 4072 3727 1645 4073 1445 699 989 1398 4199 3795 3652 1266 52 4480 1386 2277 3376 3482 2315 3694
3374 2701 850 1815 2225 2025 1033 2614 473 2020 4834 2868 1059 3637 3666 4786 3143 4232 4609 551 592 1006 2246 1702 3108 1091 2905 4485 3816 4050 818 3981 626 1663 3681 4521 274 3795 1857 3663 1606 1501 2104 4726 4985 2408 3904 4580 4415 583 1994 3105 3213 3609 434 2092 2917 1301 2946 61 249 1633 4625 1847 46 372 3759 3306 76 1088 4533 594 104 4152 4921 1182 2816 235 4607 3024 907 798 3762 3155 1827 3157 1989 1671 1565 2174 306 1458 3015 3862 3953 2863 155 2795 106 1334 4663 1365 3743 3085 3052 459 31 49 2685 3110 4706 2667 835 3930 1336 1825 227 585 1610 845 4711 3703 2245 1831 4753 4164 1649 3264 3431 4842 2565 2172 1955 1580 1095 2301 4446 3443 2773 4048 4235 4998 1176 4193 2732 4028 3215 4525 904 2320
2734 292 3880 4657 2307 4690 3257 3312 1850 3755 3461 791 3064 3537 4151 3141 3770 3291 4755 200 1006 788 832 505 2588 1498 3652 860 1785 2445 3286 4926 3646 1736 4092 4145 660 4483 1138 2553 2552 2080 3375 1965 2605 4959 4973 4959 3870 849 1558 1906 4647 3323 1571 1076 4081 2302 992 4201 1311 738 1775 2091 1108 1523 703 4425 3608 4980 4119 2945 3682 3155 1035 1555 2112 3372 2819 3348 786 3474 3552 389 3378 2580 731 1735 2121 792 1939 142 4568 254 445 455 666 1929 4720 2537 2996 2338 1017 3648 621 2893 3475 4589 2306 2801 4400 4905 2710 772 2434 4261 3444 4900 2791 3837 580 1166 4198 4306 3228 1285 3368 2358 3321 2738 4437 649 371 1239 2141 2176 526 1318 4063 4466 1484 2791 3808 1381 3275 1171 3213 82 1655 1537
3074 1000 4126 4865 3549 2524 4348 831 719 1560 4905 2886 3609 3807 503 4938 4918 1281 495 2843 2246 832 4467 4699 2398 3597 4266 1800 1882 2487 2847 4589 3156 807 3319 3001 4295 3660 3406 3370 2519 1100 3704 1014 4523 1373 1413 4688 1582 531 1570 2659 3354 383 1750 312 1940 2277 641 3542 1474 668 3298 3058 3254 1107 790 3494 3450 2021 4186 4540 4696 803 4559 2810 3149 4213 138 3583 34 2757 2898 1761 4590 801 2588 1889 3127 147 1828 1853 3215 1992 4649 4075 2705 2594 3014 1041 2725 429 2530 2848 4582 3600 1546 77 4951 1442 246 2386 105 2374 2231 704 132 4220 4203 2886 958 2068 2739 3924 3073 4339 3001 2293 3407 3313 1713 1536 3901 3988 2360 3089 100 4745 2870 630 3498 3302 1206 3732 3207 4964 4673 3790 4736 928
1144 1744 1877 2033 865 1616 4070 4823 1943 2458 3958 3919 3072 1573 4783 827 3974 4960 3899 1614 1702 505 4699 4204 829 3651 358 153 195 1250 4723 2898 917 512 2591 3026 398 2037 3621 929 2233 3208 3154 1048 1472 2948 3998 4906 4566 3389 2674 4273 2064 918 2662 2513 4105 2906 258 1541 1583 1152 1895 1335 1149 4978 4630 799 4341 231 351 320 2084 2281 2360 1223 121 3104 3507 3987 306 3316 1405 2764 3732 819 952 170 454 304 2507 2223 3793 2018 4417 576 4245 3537 2736 1842 2043 2065 4253 1882 2509 1530 2003 3511 45 3162 632 210 1289 3966 4479 787 3145 1544 4343 2602 4719 4290 626 1318 1151 44 3998 2471 3163 136 1652 4393 1530 2548 2145 1514 1612 2810 646 1303 1387 2684 4066 4277 3417 4257 19 3386 4351 755
3975 2203 1455 2191 1157 4586 751 3468 1342 1104 1639 2866 2316 39 997 653 1432 4370 2951 4299 3108 2588 2398 829 2070 4917 4062 2425 4849 654 2352 1961 3404 2236 2472 3931 4580 3972 875 1752 1452 2400 4231 157 1237 2146 573 4245 4524 4051 2763 1037 1056 1909 4054 34 2971 809 4956 1290 3925 1719 4012 4784 2362 3793 486 999 1544 4381 3116 2947 3890 3518 4376 2534 4421 2193 3100 3355 2001 3538 1752 3248 2770 2014 1137 4721 2322 2757 3775 960 1278 2005 1423 2495 2011 1236 3082 3856 3908 305 4671 499 1376 3261 1904 1656 4495 738 3337 1973 566 3906 2957 2526 2723 3405 2093 1095 1599 1705 3690 4383 4601 4136 999 2888 2143 730 3339 2548 1850 3330 3850 4787 854 4135 3195 2584 2727 2984 3675 3045 2554 2127 3055 2090 3562 1900
217 2032 1059 4063 3387 4303 1963 1387 4576 432 2308 3715 4489 4356 3751 3186 2854 3729 1810 2837 1091 1498 3597 3651 4917 3347 1654 4561 938 2976 3509 1962 1510 485 2317 1572 1459 1071 3481 2119 4300 910 3828 2619 3230 2100 2145 3699 3905 2336 2059 2207 2139 1419 310 390 1457 1615 4347 1525 1114 610 1944 4216 3150 4919 2436 1822 3009 3138 1202 329 3151 2423 4425 2986 623 4119 2318 3083 4866 2763 3418 1310 1577 2422 3394 2576 3026 3405 2336 2102 4383 4547 1221 730 3312 4785 569 1787 3028 2790 234 1356 4445 554 3544 3525 4113 3457 411 3712 4984 1326 2105 2257 2876 3004 3564 4979 3924 2686 1873 3275 2248 2366 1408 2506 2162 1202 3502 4388 2001 3702 146 3969 4606 983 386 2813 1592 205 4052 3656 1479 2920 3574 1240 2657 461
1259 2079 3624 3265 11 2427 3854 3379 465 4055 39 4669 1405 4702 3690 1999 1723 2960 3971 1923 2905 3652 4266 358 4062 1654 1572 4466 1764 352 4388 2090 4038 459 484 2480 4324 834 2485 3957 1029 2185 1482 969 2638 3908 856 204 3598 4665 2761 2992 3383 4945 4635 3229 1988 3974 3421 2465 727 2961 3046 1034 4211 4271 1958 342 4918 1714 1867 163 1322 2366 981 1937 2163 4830 4638 2165 3463 3761 2519 3017 3503 4631 4503 965 3248 1307 3507 4786 1088 718 2530 2634 1625 2053 2289 3104 3169 1050 1355 3819 1384 2953 2870 3758 2782 3084 504 2748 4497 1857 2414 4727 1804 3530 3560 4628 1737 1079 4370 3749 2601 4826 4260 4489 340 1315 1195 3800 1823 364 2164 3905 2797 3467 2012 2266 2045 584 2504 4173 2457 17 2488 4145 3115 100
4608 3084 1698 3318 2379 3830 1342 3023 1612 2084 2340 3212 1413 4453 1566 3784 4096 3757 2308 1513 4485 860 1800 153 2425 4561 4466 4646 1413 1472 1396 1283 4723 4369 1551 3625 649 1748 2511 4815 730 3471 2043 4200 413 3472 3736 1354 4545 2446 4093 3895 4347 2302 4475 1281 3674 831 4874 4558 935 4246 282 621 4896 4562 4713 3436 3952 3012 1376 1590 4721 4430 1316 3374 3982 370 1590 3991 1925 1775 2105 1448 1718 4502 2927 1127 3504 1707 846 944 4504 2872 771 2098 1407 54 1292 2887 3281 1762 2248 1466 1707 1065 4694 537 3142 2161 3185 18 4416 4290 3572 1629 3441 3406 4542 899 4148 1506 3140 3053 721 2119 1701 1002 3138 343 1828 1791 3625 4907 3358 4033 1283 4892 4048 768 1793 1111 2702 869 643 2373 1501 1345 2151 3396
3335 738 2719 4236 1837 3489 3540 1370 1023 4546 4842 2879 3557 3901 4463 2327 4250 921 3492 2600 3816 1785 1882 195 4849 938 1764 1413 739 3775 1801 3880 3000 3183 2126 501 2839 3279 732 689 1095 1274 4421 2426 737 1470 3232 2982 1211 1852 137 3659 315 4421 4812 4022 4346 717 60 2111 4518 1898 3595 4166 283 403 3373 1647 4368 3206 4625 156 1596 1399 2018 4743 3922 3617 2392 54 3662 436 3543 124 545 3697 1724 3013 26 2092 924 4901 480 2576 129 639 1419 2653 2089 3337 4842 2217 3917 2550 185 4530 1010 764 2392 745 4944 730 3452 3414 806 2088 4857 2489 980 3311 3184 1473 914 380 730 4076 934 2304 1068 1042 3415 994 3291 2661 3327 4154 2758 822 307 2694 3391 902 4778 73 138 591 3014 390 3513 4323
3891 81 1056 1449 4810 4084 2717 1544 4129 2850 1270 3817 3923 2733 4150 883 3503 932 1751 1259 4050 2445 2487 1250 654 2976 352 1472 3775 1183 2180 4402 2919 3092 2427 396 2744 1995 1932 506 4530 2399 1183 4896 2133 4396 779 1727 2786 3769 4179 3034 4401 4057 2683 2571 340 691 3116 3591 3898 3996 3831 4188 1412 2276 3633 4098 510 427 3269 3686 623 2742 4420 2383 2746 386 803 1312 1967 2300 3507 1489 37 959 12 872 4468 1591 384 3100 2022 4920 1096 3179 3809 4702 3578 671 3723 2883 2649 168 521 2963 3171 1045 412 3087 3971 1141 2882 1036 4331 4769 3047 4115 899 4577 1702 2777 2588 3452 362 1339 3617 3114 746 3549 423 3791 1191 4477 3725 3481 2785 4723 828 4185 4706 4007 4201 227 3276 1674 4488 3513 1443 3619
2114 2094 540 2856 4821 2905 3890 1352 3768 843 248 4375 779 4823 2270 1354 2281 3655 3072 3342 818 3286 2847 4723 2352 3509 4388 1396 1801 2180 366 653 1155 4133 2545 1415 4041 1128 3144 3433 1750 1452 645 4059 736 2129 2603 3454 2893 2177 2111 906 4898 2983 3711 851 4387 2943 4301 3659 2995 3855 3060 588 3982 4134 1104 3497 4748 2753 399 598 706 1539 4653 4793 3732 2243 4847 3924 3903 2543 3171 3355 4454 2505 320 3146 3232 720 531 2552 2559 3515 4268 4302 4093 2199 362 4289 1441 4308 1519 591 1242 284 959 2148 4938 248 1100 1356 4086 3231 2405 2267 2735 3378 1708 4247 1599 2295 3483 4473 3153 3546 1034 2286 4806 4082 2384 1953 3141 376 2131 995 3532 4843 2954 2693 4271 2717 1963 1461 4692 4742 2191 545 3575 60
961 673 1131 3067 3530 2057 871 2302 1578 561 1733 852 4941 4962 4071 953 3949 2313 4409 488 3981 4926 4589 2898 1961 1962 2090 1283 3880 4402 653 3398 4338 4742 4395 369 2383 1378 1912 2679 388 1906 752 1346 3969 327 3092 3077 3633 1529 4430 4512 2901 4537 2844 4356 4113 627 3379 4618 3471 1056 1654 1836 2181 3622 3251 902 1956 2720 2944 1747 899 4035 1726 2539 1669 3168 18 2268 4726 4538 1359 2329 914 1442 2887 3434 1343 1227 694 3866 958 2845 4180 4718 1135 3027 4041 1150 2808 1500 702 2179 3237 40 3938 4778 3565 1925 934 935 2899 411 3151 3194 1308 4944 1726 95 4340 1316 3908 4760 1428 2402 4671 2282 2336 2201 1723 2657 1150 188 3365 2443 950 3632 3118 2666 1364 663 3668 1173 2265 3357 557 2898 557 1176
1392 1347 550 4772 2421 326 2882 2075 57 1589 1124 3898 3307 1971 1740 2215 3560 576 4344 3416 626 3646 3156 917 3404 1510 4038 4723 3000 2919 1155 4338 3056 2824 4534 3878 1309 4188 1356 4105 4630 1536 2691 2491 3033 2964 2964 2824 833 1107 875 1369 1637 1781 850 3600 837 115 3660 4159 4996 835 64 1932 263 3743 1823 4155 253 3865 4979 4622 4301 1014 1581 2868 2368 2461 2709 3418 1921 3634 648 2638 1744 1686 1753 707 4375 3126 2267 3257 1346 3496 200 1183 3549 1280 1358 513 4163 1797 3202 2056 362 2536 2941 2895 163 2168 2577 2700 819 2815 842 1973 3786 770 2417 4322 1919 3449 4001 261 3801 236 1993 2602 1474 4694 361 1856 4891 4582 1578 3530 549 205 2975 3121 4022 455 2987 2519 2745 1999 1438 3084 1488 711
3909 2986 3082 1456 4539 4500 2443 2411 1423 3402 295 646 449 3227 1854 1639 4875 3380 2219 4314 1663 1736 807 512 2236 485 459 4369 3183 3092 4133 4742 2824 4453 1401 4966 875 747 918 567 4202 1667 1787 437 1030 1865 4833 3081 4061 4987 2416 2038 3930 4011 1758 2867 1339 4339 4513 1398 566 4875 2161 2926 1442 2953 413 3806 761 4181 643 271 2315 1937 2658 32 1792 1447 4603 2089 100 4009 1069 778 4948 4779 4291 1359 164 2286 2500 1926 4208 3869 4108 3602 4873 2708 2874 4641 543 682 2372 910 1487 4700 4687 2965 3666 3899 502 448 2229 1426 4245 232 1164 3748 2276 3795 3783 3436 1756 1925 2569 1788 2838 3349 2779 4918 3338 2030 400 195 2396 2179 2430 4729 545 121 1550 3007 2868 578 4202 2444 4409 4910 2075 3584
2851 3842 3542 3136 4226 1651 3360 2454 1956 3961 536 3638 2443 3733 2633 4392 454 3681 2772 2240 3681 4092 3319 2591 2472 2317 484 1551 2126 2427 2545 4395 4534 1401 3971 1925 2615 1920 4041 3361 2470 2423 2020 3052 3750 4164 1627 3049 440 2443 3976 4845 1972 1925 1465 2628 530 1291 2909 2996 234 3361 2148 4434 3713 1808 490 108 1956 4054 4622 3392 636 3751 1112 256 79 2385 1859 3133 1620 4453 218 223 2240 2520 2198 988 1653 2561 3178 3957 792 3031 3883 2967 593 4347 327 1590 2292 2765 2357 623 4481 3253 3946 1600 3150 499 4269 1035 1355 3866 2303 1746 4746 4957 1227 4015 4455 3689 3456 1513 114 1327 2700 1056 4555 1798 2729 3053 1752 2678 4500 3809 93 2900 4434 3435 4100 273 2611 3425 367 2325 4757 3734 1241 3631
3053 4915 4312 2711 2850 2549 1128 434 4622 2607 2851 2940 4234 4649 1205 1756 3987 3267 2947 2840 4521 4145 3001 3026 3931 1572 2480 3625 501 396 1415 369 3878 4966 1925 4200 2677 3670 409 1326 3056 4267 4721 3271 494 1923 1681 2890 3680 3245 1467 2707 2773 746 2712 753 755 1854 1512 2291 1006 307 193 2703 1977 1396 3391 2453 1006 3779 3996 4315 898 4842 2948 4803 4558 2392 4268 1363 1151 4762 3509 4283 2255 55 2273 3149 2379 874 2391 1785 2790 3325 35 4738 3729 4395 3548 1643 1392 3402 3670 302 2244 3141 3879 3006 4139 2425 2904 3741 164 1521 1868 1414 331 1513 704 3580 1743 2621 1312 2622 2404 590 1563 407 4021 2561 2359 1999 1801 4602 3938 4567 4876 468 2423 3849 4815 2330 3286 2039 4476 3818 3052 1944 97 4037
3770 614 4191 1313 293 4618 2866 1128 4998 3893 2651 225 2079 2493 322 169 1110 4565 3971 346 274 660 4295 398 4580 1459 4324 649 2839 2744 4041 2383 1309 875 2615 2677 4632 817 4573 816 2345 2373 2870 4521 535 4654 2965 4580 451 2087 2997 4551 259 1929 186 1247 1119 4256 1432 2242 3891 3582 3279 709 61 1839 4907 4459 3199 3511 1373 2221 1995 4096 1957 4530 581 1338 4941 1576 3006 4711 255 4571 4844 3726 1776 3766 239 4513 2703 2581 2157 1618 710 4748 828 4775 3405 15 4911 4791 3653 2417 2163 2234 56 1407 2364 3837 4866 663 4319 2829 2670 73 647 4819 4736 3278 2242 3223 2840 2956 4406 4948 2905 3267 939 4835 1716 2690 2899 148 468 683 2595 3616 538 1251 1283 4272 2869 1628 2474 2753 4463 3574 4051 576
913 367 1762 4798 2126 487 4790 1520 1518 1318 483 4953 1183 4869 2079 3262 757 3523 891 2815 3795 4483 3660 2037 3972 1071 834 1748 3279 1995 1128 1378 4188 747 1920 3670 817 1070 1697 2630 3498 4979 1414 985 705 1997 1778 4014 1937 3965 2202 3424 3659 1309 1045 4365 254 1438 3711 1631 1039 882 772 1279 3581 226 4542 2820 1903 1451 482 2212 2885 349 822 4672 4418 2797 4482 160 2806 3306 1673 3103 4098 2100 1092 786 2786 2654 3927 2398 4430 176 2563 568 4001 1470 2288 1612 2950 3445 641 3053 4169 1427 4453 337 4113 643 3096 228 2875 3379 1976 1967 1244 3089 2348 388 4781 1727 639 1504 1178 4558 2081 2295 1147 3184 2003 1983 1372 2049 4277 3088 4694 1902 2753 756 3413 2332 354 4647 2998 4100 261 2872 646 2512
4028 1082 457 3629 1879 4654 4839 4242 2536 172 3386 1789 357 2213 1792 1510 2067 3701 1549 2766 1857 1138 3406 3621 875 3481 2485 2511 732 1932 3144 1912 1356 918 4041 409 4573 1697 2775 2949 602 1438 1329 570 4476 3820 2704 705 874 3062 4734 3782 347 4902 699 2670 116 4979 4794 1557 1217 1006 3778 2071 4492 4649 520 4942 74 865 4620 117 3594 2764 1241 2060 870 2043 4822 2439 2129 4519 2006 4690 480 2535 3074 169 169 330 1738 335 3904 3628 112 3611 479 146 2159 3825 4025 2139 4386 1064 1360 1154 1995 3308 1880 3627 3321 4424 4613 1440 33 101 1345 820 1380 1341 3370 2673 285 4661 4244 4052 4565 4381 3173 4630 4526 26 2969 4474 1295 2618 3234 2662 591 2966 1868 1104 4875 3615 2659 184 905 1192 203 307
1253 2768 4153 3380 4632 3373 4440 3437 4598 2340 10 1452 3882 1616 3741 3161 1626 31 416 4179 3663 2553 3370 929 1752 2119 3957 4815 689 506 3433 2679 4105 567 3361 1326 816 2630 2949 2166 1619 1747 1935 2774 4216 4893 4016 4278 3228 3484 3942 482 4252 4450 1332 2484 858 4053 84 4936 648 3088 4922 710 3359 999 1343 3503 1302 2057 4643 2626 2096 1083 1761 1029 4543 4885 3702 536 2482 809 1653 3121 3905 1903 28 3537 3428 4051 4732 3042 2468 265 2999 4386 1332 4502 4925 1722 4629 4977 407 2371 2245 2250 939 275 1928 31 226 1804 70 2114 2867 2900 1848 2738 665 4947 3781 4361 1084 2671 1348 3970 4418 4769 4062 175 4782 2495 146 1453 1482 1618 1367 61 1022 3685 157 2957 3061 813 4188 4461 2392 3568 4274 2616
3135 572 882 2766 1363 1383 1148 1145 3687 2726 2910 641 2711 95 3256 2973 39 3083 960 1064 1606 2552 2519 2233 1452 4300 1029 730 1095 4530 1750 388 4630 4202 2470 3056 2345 3498 602 1619 1486 1358 3173 831 4049 771 4173 2749 1686 740 2911 4413 4812 724 2563 4534 1754 4247 761 3119 1388 2682 2262 3682 1031 4640 2953 3584 649 1097 3918 127 3153 4665 331 2952 119 1627 3618 3673 2749 3298 253 4814 118 868 3561 3257 2830 1814 12 3511 3044 4057 3215 4836 4161 3545 4685 3944 4687 4908 940 3990 4119 837 2185 2157 1588 4109 4560 4781 4501 2294 3853 4030 2772 919 2086 2097 582 2819 65 1421 3230 2362 763 1773 654 4596 2961 1256 2875 837 4522 1334 3998 1931 2277 2859 3119 2869 1157 2314 3015 4058 2662 969 959 588
823 4746 1499 433 3604 1530 2922 2417 2899 3367 623 905 4992 1039 4126 1343 3640 109 891 178 1501 2080 1100 3208 2400 910 2185 3471 1274 2399 1452 1906 1536 1667 2423 4267 2373 4979 1438 1747 1358 690 3120 1375 474 4828 1545 2606 2943 4059 3273 4526 2573 912 905 3703 1745 1922 3138 2784 4197 4752 2553 2997 2105 3095 2743 927 2293 4698 1416 2102 4049 960 331 4858 969 1430 413 1720 2709 2645 2901 3398 1266 3844 2585 3726 676 4395 999 1386 3988 1701 457 92 2245 3513 2708 2384 3262 3182 4773 1225 4509 393 887 4939 4867 357 1118 42 2053 2276 905 2488 21 2799 3575 4679 689 4637 2238 4248 3272 2081 4645 4557 2482 2774 3068 4482 3841 498 3454 2180 3997 2007 1267 3598 738 3958 1932 371 2336 862 3699 3618 2334 4679
4710 4633 1037 3569 4090 3116 2947 459 3270 4605 2344 362 1457 3163 2099 163 471 4957 261 697 2104 3375 3704 3154 4231 3828 1482 2043 4421 1183 645 752 2691 1787 2020 4721 2870 1414 1329 1935 3173 3120 717 4249 3807 2215 304 1506 2696 4291 3470 370 2037 3636 903 2251 288 2811 4263 4303 2949 4878 3102 2940 4020 662 1632 4998 4822 2958 3364 746 1028 4089 1135 2435 4847 793 1536 1938 1791 1811 2397 4122 4547 123 3486 2369 2173 3501 4038 4004 3635 1989 4726 4391 3432 513 2313 500 1582 4944 3318 3695 4532 800 4095 3280 4647 2398 1209 2564 2206 993 1366 2594 2550 2015 357 264 4566 2780 2294 3505 4369 471 2717 4956 2491 4394 795 3442 3170 4744 3065 396 1106 3692 3937 3199 734 4587 4071 811 2596 531 3548 1552 3723 1755
579 4750 3026 4897 4451 1525 4348 3503 2607 3637 2504 3631 1191 1035 3423 1208 1455 1974 1621 958 4726 1965 1014 1048 157 2619 969 4200 2426 4896 4059 1346 2491 437 3052 3271 4521 985 570 2774 831 1375 4249 994 3959 2821 2667 1764 265 4997 2343 3175 1715 1136 4193 3346 1062 1073 2462 1875 1252 3535 248 558 406 2480 1982 4990 501 1320 268 1474 974 3924 4793 4812 1943 3853 3548 489 3559 505 3676 3757 366 4882 4812 4488 2431 4423 430 218 4094 3536 4780 4592 1451 1343 1142 1029 4266 1080 3702 2359 1819 4746 3985 547 1407 2452 1955 420 2718 2487 4855 2715 2825 4999 4068 1708 4675 2907 2800 2755 1772 4921 1671 2763 1266 1328 1197 2104 864 702 2332 278 1741 293 1485 4080 4064 2838 4515 4334 368 1534 2230 996 1404 623
1797 2583 4278 3219 4455 3881 2830 2953 2720 3206 3985 876 605 4185 251 4817 262 3928 1909 1263 4985 2605 4523 1472 1237 3230 2638 413 737 2133 736 3969 3033 1030 3750 494 535 705 4476 4216 4049 474 3807 3959 3312 3887 2196 3428 345 2790 4567 294 3364 3414 823 2484 976 3662 4338 1318 3589 2574 2388 3114 2313 3476 4026 2401 2147 2534 2796 1281 494 1192 1474 2182 4605 4014 1684 3402 3026 1222 2141 4440 4414 2822 1427 3187 1578 2601 1062 4360 3805 1448 2425 3149 4893 3239 3769 2977 303 4628 4005 3702 4111 1749 4421 1699 2102 3449 3377 3405 512 2119 3915 4905 2579 3920 2059 2378 4706 3575 710 4934 4390 2335 2979 3639 4310 4930 2670 4930 1979 679 486 4399 1803 79 2746 1454 238 3544 3021 1551 176 2389 629 925 87 4739
4258 3627 635 3249 3883 2047 3543 3146 1008 4069 2862 4134 3022 146 1406 3838 2625 1172 1706 4674 2408 4959 1373 2948 2146 2100 3908 3472 1470 4396 2129 327 2964 1865 4164 1923 4654 1997 3820 4893 771 4828 2215 2821 3887 698 4673 1352 3414 857 1535 2426 908 3864 4555 1552 1043 821 4955 4062 4572 3114 3795 4490 1332 3836 3768 4202 3775 1234 538 170 3413 2314 4642 3218 2086 587 491 2290 1030 1515 1196 383 4108 2903 4066 1655 2355 2067 4138 4998 4104 2981 546 953 4229 1789 875 1953 3450 4711 1404 250 1950 2823 4804 2752 1065 2990 1471 615 3614 4667 3233 4734 1924 31 1468 1442 543 2453 2200 4595 2310 2255 1817 874 159 3620 1896 1097 1602 944 3672 2645 3158 1725 772 330 4267 3222 2524 1559 2956 2341 4522 2005 860 4418
3174 4875 4976 1256 2839 4945 4858 2096 4424 2903 3964 144 2457 2143 981 3235 3458 114 3766 3677 3904 4973 1413 3998 573 2145 856 3736 3232 779 2603 3092 2964 4833 1627 1681 2965 1778 2704 4016 4173 1545 304 2667 2196 4673 2601 1628 2104 733 1912 1100 3862 4583 3273 3800 2134 4436 3091 4925 4006 553 4687 4055 3516 2155 3124 4420 2675 3163 601 1894 3259 3054 4779 3818 1943 2196 1492 2012 3544 971 1467 2631 4549 1504 1542 3157 4605 3524 39 2530 35 719 1298 1889 3357 2224 752 2831 3646 409 4305 1962 894 2138 4932 4641 3946 4686 533 3196 1163 3762 4482 374 2832 2799 4187 4742 1320 2337 1529 4810 245 2411 2865 1068 3828 1514 2697 834 404 3276 3195 1223 3439 102 791 3762 4545 4071 2382 3603 2200 3975 1942 2010 4994 3540
3064 1819 3036 3208 4304 4249 3330 4356 402 3275 2667 3885 2344 4808 4845 3294 1186 1084 2329 3549 4580 4959 4688 4906 4245 3699 204 1354 2982 1727 3454 3077 2824 3081 3049 2890 4580 4014 705 4278 2749 2606 1506 1764 3428 1352 1628 234 2398 4994 1568 2589 3241 1042 4574 3450 870 1590 1208 936 4588 2195 4852 2024 3401 1721 135 2639 1090 3028 4858 1716 2068 3762 834 4038 3103 2980 4087 2498 1080 2069 1145 2008 4339 925 3801 903 2155 3455 3163 3196 3836 4800 2159 3957 1309 1281 492 4682 809 3175 3332 280 3415 2837 2590 4753 88 4391 3020 954 1426 2161 1554 2932 2999 2590 2433 3179 4167 2664 2518 800 2031 4191 3302 3674 3256 1347 3794 595 1897 2742 3237 2511 549 652 2683 4508 742 1528 3038 4887 368 1520 2389 598 1851 3541
995 2377 2715 4958 1503 3338 3363 4293 1896 1252 4903 1525 322 4530 2670 23 130 4073 2942 4719 4415 3870 1582 4566 4524 3905 3598 4545 1211 2786 2893 3633 833 4061 440 3680 451 1937 874 3228 1686 2943 2696 265 345 3414 2104 2398 1030 3616 2584 4614 1812 1693 3345 4783 97 2234 3355 2856 2157 918 2166 706 1897 2513 353 2674 4527 476 867 2273 4686 2581 3214 3599 4935 4231 2267 1386 2290 3386 1656 3220 4650 1734 2100 933 3170 451 409 4988 4849 457 4978 2193 848 172 686 2312 1570 810 63 800 2869 3565 3648 3871 2524 2580 2729 1443 780 193 4492 4321 3889 3449 73 4587 4446 1400 4966 4348 4885 1835 815 2279 972 1935 706 888 1494 955 724 3067 4752 3824 1525 3025 3459 3186 1884 3878 67 1677 2171 4600 1291 1381
2172 4446 3017 1382 3385 2820 2371 4813 3092 218 385 971 576 2282 3562 2292 742 4047 3964 2726 583 849 531 3389 4051 2336 4665 2446 1852 3769 2177 1529 1107 4987 2443 3245 2087 3965 3062 3484 740 4059 4291 4997 2790 857 733 4994 3616 443 4912 3466 4180 867 3228 3550 4165 4592 3879 2496 3543 3284 952 1490 443 1572 665 4811 1460 2053 1276 330 1429 3562 1614 2449 3769 2561 1400 197 4669 4100 4076 2945 4240 2164 2433 2321 3158 2995 3848 3637 17 2189 4827 2891 2383 4416 906 1320 3645 2456 3043 4517 2509 3933 1611 2285 127 2031 2813 4431 1237 3796 1016 3617 2277 2396 1917 20 3623 4627 2061 2110 1233 4301 37 1649 723 3645 4306 2197 3513 762 22 2452 2375 20 3801 970 2377 808 2096 1189 4984 631 796 1992 1186 234
4451 4084 3840 4073 3396 4714 448 4067 3065 2503 4285 2978 1195 3202 4841 3158 1726 3169 20 886 1994 1558 1570 2674 2763 2059 2761 4093 137 4179 2111 4430 875 2416 3976 1467 2997 2202 4734 3942 2911 3273 3470 2343 4567 1535 1912 1568 2584 4912 305 1554 3456 4264 449 4390 2900 4714 4433 74 725 4086 4338 167 513 2428 3096 4069 3427 1857 803 4788 1964 3253 531 4955 2613 1636 243 2252 1168 1264 594 4274 2244 2461 3266 4652 1943 1982 33 3772 2412 3476 3086 1414 2294 2450 900 1701 1114 4740 3191 4909 191 185 4897 2072 1924 2569 1894 2501 2701 1837 3257 4211 4487 4489 1554 2491 2070 3126 2627 621 72 1584 4262 1861 3685 97 3214 3881 2973 2240 28 712 3308 1477 830 3991 4748 2948 2470 1069 3063 3525 2945 2828 2681 1516
1765 3855 2098 2300 2841 4354 1184 3071 3932 2271 4969 4579 508 146 4728 4931 1128 4737 900 1006 3105 1906 2659 4273 1037 2207 2992 3895 3659 3034 906 4512 1369 2038 4845 2707 4551 3424 3782 482 4413 4526 370 3175 294 2426 1100 2589 4614 3466 1554 1845 2507 3366 838 2139 3368 33 3725 4428 853 2000 4430 4691 2327 3997 4021 2321 26 315 1915 4999 1203 2492 402 2853 313 2161 1110 4249 2676 4477 3569 3002 3793 4777 4042 1576 3808 1044 2311 223 605 475 1554 4405 3239 474 2627 278 918 4564 4254 534 556 765 2769 856 1308 4841 3949 4186 2465 3855 245 4334 2669 1308 3425 4029 3259 536 1382 1604 2422 2754 1629 1854 3796 372 652 2789 112 4864 3767 1485 4576 737 2935 1700 2657 4278 1535 1860 3459 499 3650 1003 4184 36
2129 118 2332 4839 1067 4594 3039 2400 2257 281 1222 2185 2019 1994 1950 705 785 1667 2975 3276 3213 4647 3354 2064 1056 2139 3383 4347 315 4401 4898 2901 1637 3930 1972 2773 259 3659 347 4252 4812 2573 2037 1715 3364 908 3862 3241 1812 4180 3456 2507 2146 4753 4409 2786 2300 2808 4011 3395 4830 1255 4559 2769 2437 2951 3677 517 1326 1605 3192 2494 1731 602 228 4062 3364 426 406 4925 4301 3225 1382 32 2030 1869 1594 3685 1667 1145 4003 167 2679 85 1189 3162 4325 962 4445 4104 12 4658 4002 4429 3507 3522 2548 3203 4800 4225 2337 3515 3516 3843 4255 246 2132 4719 4309 4834 1476 2149 1966 790 4420 619 1325 1279 68 2984 2415 1198 1416 3405 3951 4823 4322 1286 3956 3932 3973 3758 3186 2354 2023 3080 4130 1121 482 3831
2225 1731 2529 981 2788 2675 554 3081 4996 20 3643 3817 3339 2627 4730 2196 3594 4132 1881 2598 3609 3323 383 918 1909 1419 4945 2302 4421 4057 2983 4537 1781 4011 1925 746 1929 1309 4902 4450 724 912 3636 1136 3414 3864 4583 1042 1693 867 4264 3366 4753 4400 1599 2812 4891 905 210 3085 456 4770 1815 1969 2152 1799 3485 804 2425 1417 1491 1001 1173 2551 3892 189 2819 3647 1146 4583 268 3172 3721 2408 2596 3917 1708 412 2620 3983 3377 304 200 2605 192 3202 90 1564 2230 4754 706 962 880 3203 3116 1386 3246 2811 3581 4994 515 3699 364 4605 4965 1860 962 15 1895 3218 284 1675 1367 3297 354 3384 1648 4551 945 779 1520 473 3616 4312 1357 1950 1775 3770 2741 2473 4977 4957 2036 4854 4256 3350 959 2686 4143 1987
