N: 150
M: 30
Symmetric: true
Triangle: false
3 145 80 134
3 97 35 111
2 38 69
3 57 52 92
3 127 93 148
4 120 62 88 101
5 29 121 105 31 114
8 46 102 141 115 113 108 9 125
9 37 18 74 130 138 99 58 136 23
5 50 25 90 144 100
6 8 28 142 119 140 72
5 36 51 133 12 117
5 110 129 13 4 15
6 77 128 116 83 84 47
7 65 64 7 75 71 124 16
3 137 112 109
4 55 61 2 49
5 89 66 96 126 122
8 63 30 53 82 21 59 20 73
5 87 143 54 68 150
5 81 139 1 11 78
4 6 19 24 26
4 123 95 34 56
6 70 98 22 91 45 3
7 107 79 40 147 17 106 103
5 131 43 33 85 14
4 60 67 132 104
2 118 39
6 27 5 32 135 146 48
8 149 10 42 94 41 44 86 76
4887 369 3633 2611 3507 44 305 1651 1837 1165 3691 1788 4787 1932 4696 4748 2318 2353 4962 4192 3518 1115 3623 747 4283 2503 1500 96 1869 2980 4363 169 4459 896 3136 1628 2548 1970 3222 3159 4630 1533 669 3200 1158 2754 2304 4160 4809 461 4671 3107 1405 2878 1022 3987 3310 1652 1991 4727 1311 1105 2513 2625 263 4693 1669 2368 3786 3271 4826 781 4045 3432 1640 2419 3507 713 1878 375 276 4837 1535 547 228 1263 2946 4806 3293 2860 1205 4684 2939 935 830 2235 4047 4240 3037 806 3791 2268 212 3320 2296 4920 732 2315 2115 3159 1386 3485 1731 1348 653 249 3670 1182 3314 2996 4524 2576 3288 4953 4644 2065 4866 1942 1733 905 250 2490 3860 2782 1689 1707 3719 3209 4388 544 1662 2145 1957 3143 2978 3733 4845 3190 2452 2398
369 2796 435 2813 3253 3662 4702 1138 433 2890 4231 717 1559 2811 3483 2568 932 2638 3593 4271 3345 713 3015 2939 4487 4892 886 905 290 4177 3976 221 628 2424 2072 235 840 759 1344 3721 317 3868 3494 327 916 879 2677 2650 25 4356 1510 33 3796 1485 652 4922 2444 1053 1759 4906 2947 4051 3359 2225 3329 4234 4720 2091 3580 4891 1116 995 1733 174 4869 377 636 4508 31 3871 2823 3686 3743 1438 2361 4717 4107 4225 1810 2141 241 109 2685 938 3408 4195 3606 1382 1920 56 4135 743 4042 2052 3907 3407 4284 593 4025 979 2286 3544 2158 676 1438 3562 1036 85 1065 3068 4905 518 349 692 3422 2939 795 2831 4340 607 1414 3157 3576 1291 567 4463 765 3440 3485 2041 1638 416 35 2285 3641 2221 2928 3912 3634 732
3633 435 3895 319 1765 4925 626 4158 1578 2688 4757 3188 1222 298 2144 3736 3731 158 3169 4576 3320 2969 1598 950 1088 64 3904 4026 4079 2239 2189 1677 2659 246 4488 836 2721 903 101 4386 4649 3877 2950 3264 3432 539 4227 2602 2517 939 606 2045 1035 4448 4204 274 3712 192 3838 2045 2151 3399 2635 2448 1292 3518 2021 1286 1365 2424 19 3259 3430 3288 4518 4628 4188 2128 1999 2595 3023 690 891 3457 4226 380 4140 991 1451 2599 4788 1317 2026 2875 2092 3576 1706 1879 3595 2517 3400 3704 3824 1334 4009 4053 3633 544 3930 1374 3187 4953 3480 2576 1320 827 3322 1761 1415 4171 1474 3651 4405 2816 4958 608 2900 3203 4784 4400 1285 4379 2737 1836 3676 2026 760 339 4250 1361 1911 954 976 2179 2879 2595 1451 3743 1775 3223
2611 2813 319 3546 4853 2293 2722 200 2847 921 680 189 4639 724 2694 4041 515 1859 1777 3833 248 1860 3760 460 721 1956 2370 2768 2151 4352 4871 3395 2103 1804 3837 4579 3893 3527 2808 2717 4856 2195 2229 4481 3408 1997 1277 4261 3897 3996 389 4549 1970 192 2952 822 4360 3461 4045 4354 1860 1005 446 4923 2526 3597 4738 2384 360 4408 2776 1341 834 2597 3025 4530 2305 3627 2717 2840 3080 3753 4936 2107 489 1634 2489 1087 357 3642 3679 1204 363 4379 1426 2356 3340 2988 4969 62 1466 1822 4204 1695 1164 1306 1577 4593 3043 2749 2508 3786 1525 1092 2202 3382 2597 2116 1774 1730 4080 2163 4375 3769 1396 1483 719 4681 560 3357 2533 4340 2017 1749 4394 3520 3956 3128 4701 4441 987 1561 4678 465 1246 3149 4515 1428 4587 270
3507 3253 1765 4853 3627 4795 832 3984 3245 3423 2594 623 2705 3178 1728 28 2693 864 419 2391 1635 2023 1384 4035 4130 911 3203 1477 3885 975 3726 4579 2723 904 1167 1274 3606 287 2328 3962 702 58 1647 4652 4920 3741 4175 2995 803 2037 2798 432 2751 260 4271 304 2048 1182 3330 1906 3795 301 1802 1763 3461 1651 3580 1414 3537 2325 3263 4978 1830 1345 638 3333 1614 4328 3020 4983 226 3373 4952 4862 3216 822 4435 333 96 4866 4183 1231 1121 3590 344 4363 573 665 3282 415 928 2752 2548 1997 3331 4224 4840 683 4015 3883 3209 3275 2946 4450 2646 2040 1766 323 1031 4820 164 596 2214 4490 2477 1045 4480 1912 2289 559 3068 1407 1192 4777 3951 2807 4371 4176 4216 2364 736 2152 4276 1664 2887 2779 1717 2826 178 2757
44 3662 4925 2293 4795 2637 3709 882 4817 2677 3006 1782 1242 309 763 4921 4256 3913 3667 4160 3578 3018 4898 1355 2422 4248 4719 1834 2455 3514 3755 874 4294 817 4011 3004 2640 4496 2070 3691 2356 4050 182 1227 4689 4669 2512 2443 269 296 2802 3231 3713 1799 1656 723 3106 1575 4831 3673 4354 196 624 4674 4597 3767 2470 1875 1226 2340 1843 341 430 1962 2757 1814 157 3527 3820 1675 2881 1217 4025 4714 4355 1451 2677 3198 4230 438 2102 3300 442 246 1099 2068 3053 4855 3150 3528 4725 2636 3236 2083 2364 997 829 4553 4318 3371 3330 2851 1042 2845 3091 577 4846 2599 4585 3609 2670 3953 850 2509 874 2239 4864 4236 4975 684 3341 4426 671 2712 3617 3488 3676 265 684 1735 3700 4763 1470 1243 3972 369 3866 3309 4928 68
305 4702 626 2722 832 3709 2371 3907 2213 149 3690 2736 1959 3737 4391 1981 3824 2205 2208 1530 4073 1253 2133 1299 2998 754 1118 4108 2781 2426 213 1805 422 3222 4122 1006 406 2444 1266 807 790 4157 3246 186 4294 1205 2322 4331 1149 3933 4365 1849 2848 2161 4239 294 2124 4059 4339 4027 2838 3111 4346 3056 4767 42 1851 336 1981 2354 120 1272 3217 724 833 3367 3094 3040 3486 3247 440 4252 1540 98 925 1769 486 2948 420 3008 2722 2728 1107 209 3769 2328 4421 1867 961 407 4987 4384 4899 3705 1345 4808 2678 4693 371 2072 1581 3586 962 3106 1677 2505 556 2064 1806 4873 362 1891 1908 3686 526 3157 1413 2849 43 4253 3148 4355 1111 1660 1275 2028 1640 1435 1442 740 1474 4091 1509 2933 259 4647 2106 4162 3278 4957
1651 1138 4158 200 3984 882 3907 3353 2102 1534 432 4111 3232 1042 2508 3653 4549 626 2368 4761 4336 1239 233 4876 1781 2051 1070 3359 1240 3918 3338 2263 93 2659 960 2495 4245 4523 1882 4448 1939 2471 3047 650 3782 4836 1815 2741 4368 3208 3968 3511 4627 3005 244 4382 1845 1422 1433 968 1049 4356 3570 1107 2682 2134 3387 3472 4324 735 2261 3325 1837 3355 2961 4326 3197 379 3411 2013 1675 4591 2572 3319 1615 1500 2024 2861 103 1333 4423 4845 2859 96 4218 4075 1695 4883 4744 4852 1868 3800 2322 2523 3487 3173 886 2861 1917 4630 669 1502 1497 303 4904 600 140 2829 3682 432 686 1553 324 2812 1954 3833 2208 1981 2704 2379 3794 1000 1311 2478 3024 3763 4514 1964 2042 456 3242 3111 558 1028 571 4247 1445 3756 493 3015
1837 433 1578 2847 3245 4817 2213 2102 4447 3787 2932 3835 4040 3809 205 3681 2863 1880 4495 272 438 3497 1984 278 4098 4240 313 3289 4417 913 3880 1380 2959 2005 3528 530 1066 1011 1704 4451 766 62 3327 3605 949 558 2124 4081 3646 2270 667 4734 3874 3989 2429 4126 2837 3750 4847 1834 1093 1013 4454 1412 1630 3185 3437 4024 3509 3130 3411 1625 2524 2358 1838 3180 4916 1630 4261 1019 1597 3858 4910 3435 1406 721 1179 608 2999 954 1646 2970 641 950 2974 1300 1089 1036 643 3801 3678 3864 3390 2965 2910 4542 429 1222 3958 1606 3502 3669 3737 3372 1301 1592 254 1091 4345 2145 3356 606 724 740 1938 3549 189 1867 1559 3321 4174 759 3869 1805 179 783 2694 1580 4183 2183 3566 2776 4837 2149 1098 2122 1588 4052 1209 1352
1165 2890 2688 921 3423 2677 149 1534 3787 584 2024 4867 2788 2779 4441 1235 1367 1296 4104 2600 883 961 591 2856 3676 4032 1943 360 2135 2968 4135 4395 2117 2293 530 1137 4519 2849 779 3058 3715 860 4382 1296 3292 2942 69 4083 3523 1695 4941 1203 2748 2333 2942 2404 3249 329 1579 3402 4745 1166 795 1736 1589 3552 1170 675 4329 3544 4134 250 1866 1027 4402 4696 2012 2216 2324 3210 1382 2796 81 1707 1610 3351 3184 1009 4363 321 3429 3737 2741 4839 3338 833 4485 937 1699 1146 1403 242 2942 1133 549 931 3027 2425 3214 2664 2193 2290 1434 736 2021 4528 4902 3693 2460 855 1097 856 670 2363 4737 2246 1711 2785 2205 3901 3997 3928 1806 3974 1586 4419 2072 454 4581 3858 164 2064 509 333 1801 483 2969 3616 3625 1466
3691 4231 4757 680 2594 3006 3690 432 2932 2024 3925 725 3690 2249 4618 4305 2735 1020 3902 4195 353 3164 3453 2969 4311 1584 4122 3766 1931 167 1118 2754 2890 297 3256 4688 2246 200 4001 2384 32 2328 286 4140 4870 2296 633 1471 3690 3663 818 4356 547 3466 1505 3527 3234 4965 4415 2062 2223 2675 4831 224 2065 4517 4204 3578 2704 1031 2641 4500 627 3428 4495 4196 777 1792 411 4282 3875 1528 770 3965 852 3688 3907 3092 2541 4712 3041 2306 506 4559 1134 3239 2434 4827 3393 1715 2900 908 2911 593 707 4817 4627 2924 3095 4431 1006 380 136 2705 674 3103 4889 4353 3578 592 605 3142 1914 580 786 2717 1259 3174 1824 3319 4835 20 2203 4641 3370 540 1172 4368 1523 2853 1351 1635 1881 1244 1111 3462 4987 2052 24 288
1788 717 3188 189 623 1782 2736 4111 3835 4867 725 4688 2924 2413 4699 2000 1033 306 2142 2744 2185 1442 3963 1583 1958 1151 4256 2518 2178 1677 397 3153 853 3171 4601 305 592 1819 3613 1739 2855 4502 4780 1567 3619 4585 1930 4933 844 128 4903 1818 4542 3244 1835 3337 2046 340 3512 4711 285 2998 4378 992 2537 4244 2610 4494 2325 1386 1914 4628 2378 1209 3489 3151 609 4314 4233 1607 2755 1960 758 4678 1035 429 4387 2401 1885 2415 711 4833 4183 901 3255 901 3935 4414 1898 2817 773 3806 2745 1849 3379 21 488 1795 4949 676 2606 2970 3204 1835 1934 3417 3834 1130 254 2014 4749 3726 4773 581 887 3481 588 2949 1704 1460 3031 4378 3698 3041 2241 441 3839 3376 171 3516 4826 2945 1653 1217 3957 662 4886 2592 1250 2360
4787 1559 1222 4639 2705 1242 1959 3232 4040 2788 3690 2924 1402 1792 3104 830 4824 1929 456 3927 2737 2819 159 2999 3964 4710 952 733 3402 3757 3428 605 476 4395 3465 2586 1415 3963 3611 3777 1850 3997 2857 660 712 2565 4189 3198 2325 3541 2755 1351 3689 2229 3708 4767 2018 536 3345 1830 3427 4346 4759 1886 2648 2066 780 1456 722 1326 882 490 3213 3262 370 522 4007 1626 3165 4207 1360 4877 1219 4581 4321 3225 273 2856 2021 1593 3170 1534 1589 4943 3595 2617 4300 3319 2643 2583 3729 3549 1684 1379 3787 3460 3712 340 3722 3739 2876 715 3767 2942 671 3783 3903 408 2394 4138 3117 3749 1926 759 4063 1896 1500 3554 2401 1593 1600 3121 4202 3993 2806 4922 4065 372 2799 4032 433 4236 3979 4447 3258 777 1554 4211 611 1622
1932 2811 298 724 3178 309 3737 1042 3809 2779 2249 2413 1792 973 3164 2026 3884 46 478 4980 2673 532 3453 1615 1993 1714 1301 1757 3465 292 4579 2778 3669 3583 1607 4381 4302 398 355 4285 4615 444 458 252 1500 4931 3954 4722 2019 2973 4259 439 1169 741 701 2202 714 3455 3064 3947 2896 4259 2008 3435 3152 3647 183 1028 2367 2199 384 547 1803 2952 2616 377 302 1017 3241 4151 919 1724 4531 1522 4194 2941 4980 4500 1032 3734 4491 766 3751 2965 86 4001 910 3174 1139 3715 4974 2655 171 4378 1142 1271 3254 3824 4081 2262 3778 306 3061 1481 3091 2338 853 1807 1079 4430 1231 4226 1175 3833 3324 3410 4226 4920 1651 1023 3880 3361 3043 1230 3205 2532 3048 4682 1615 2186 3293 2867 3013 2425 4959 1212 4403 4666 3380 1722
4696 3483 2144 2694 1728 763 4391 2508 205 4441 4618 4699 3104 3164 2116 1833 4968 966 3235 1213 1603 3624 4873 1785 2895 739 4515 1370 4938 1627 3893 1317 3565 4859 2392 2709 2948 4215 2481 212 2092 3115 3518 138 3771 2732 1607 4505 3306 920 2446 1439 4752 3305 94 2016 2270 840 2230 1141 867 3991 929 679 921 2027 1849 3532 843 4856 3873 1416 1722 3928 4613 1563 132 4235 1852 2969 2561 724 2478 489 3295 3638 4301 114 775 3179 1567 817 3285 3496 358 4815 2539 1427 368 4762 429 2620 410 4663 329 421 3648 601 4039 2836 1501 3463 868 1739 3379 3496 4911 3792 2029 110 4017 3196 4682 1704 3306 2071 2143 903 4538 186 3022 865 822 4497 437 4959 163 4533 2197 3484 2161 1886 4992 1841 1875 781 446 3397 2087 4894
4748 2568 3736 4041 28 4921 1981 3653 3681 1235 4305 2000 830 2026 1833 3182 4759 746 620 2408 457 3284 3713 943 1201 234 2573 4060 1188 4437 3610 593 4928 3147 4038 3429 3421 3792 4063 1100 3023 76 2662 1506 4838 4662 3571 1624 3681 1585 1342 2325 4024 3395 3150 335 156 1985 3010 725 12 4870 4829 1727 4756 3730 687 3188 2406 1323 1892 4988 4929 4881 1226 828 4976 4669 32 4799 2145 3658 2289 2504 2797 3863 2365 3262 1024 4685 3245 3955 2361 2274 1324 4866 2831 4037 3640 4839 719 2826 3952 2652 1388 4361 2801 219 150 3953 2709 1973 3260 4424 71 1210 652 2183 2459 3112 3425 2436 317 4482 1750 1603 4871 460 1716 1478 4246 3447 3467 3360 539 3919 3168 854 256 3744 4124 4764 1773 1687 3049 1515 1341 2086 1411 4937
2318 932 3731 515 2693 4256 3824 4549 2863 1367 2735 1033 4824 3884 4968 4759 2038 4562 1879 1558 4353 4058 2695 4085 847 4426 980 1881 4042 1755 897 958 980 4122 2129 2543 2520 1701 4067 2591 2294 1576 1124 413 848 3738 1853 534 4920 2455 2241 1994 4339 3297 820 4515 4335 2827 4625 4560 2760 2681 2896 506 400 3298 4375 4957 2707 3173 3810 1244 4612 3414 724 1774 3701 835 1555 1704 676 1768 4386 3749 1854 1938 2911 2802 393 2196 2802 4696 3442 2599 2382 1366 4855 2750 1307 3579 3328 235 4219 261 351 675 2219 3230 3030 3357 4319 2721 4832 2059 478 130 2633 1015 1351 2302 2505 4020 341 4192 502 4924 2656 4050 3954 3962 2826 2768 800 530 3802 2938 970 2801 2760 885 4942 1589 2194 4025 1445 3367 4718 519 2896 2654
2353 2638 158 1859 864 3913 2205 626 1880 1296 1020 306 1929 46 966 746 4562 3072 2778 3235 337 3043 4154 1224 1048 1345 343 4971 3552 3147 3752 115 903 4447 2609 2348 4312 4756 326 2480 1315 1216 2793 4196 1307 2588 189 636 2344 4207 221 3628 2045 4997 472 3635 1919 3617 3791 1201 4760 2429 4548 3803 1397 4948 538 2632 2250 736 2238 3907 538 1200 1280 4166 13 1721 2107 1936 2257 4286 841 1772 2043 622 552 1283 36 2052 92 4058 3721 1739 4047 825 2666 3515 27 4549 851 1630 3956 1962 1654 3832 4155 3599 3577 2815 1607 1753 1494 1845 4529 2885 1844 1080 1709 866 4360 45 514 4787 4681 900 2637 355 3243 207 3775 4025 4049 3581 3495 1946 2945 4645 2696 1490 4119 1848 1838 2041 3665 4870 306 4921 227 2711
4962 3593 3169 1777 419 3667 2208 2368 4495 4104 3902 2142 456 478 3235 620 1879 2778 2781 3274 4914 4032 4115 4626 3115 4752 1275 1751 910 1811 3842 2386 3901 4708 3315 295 1230 2259 1767 992 885 4805 795 1810 4280 2624 2614 2659 3032 663 2505 527 293 2343 284 346 1049 917 420 2042 2772 891 2743 1435 4202 2017 320 2129 4839 2679 955 4018 3127 2823 3840 4886 2771 1636 913 4608 4296 4614 2428 3847 1743 4199 4705 3020 937 2535 2011 3836 3538 3207 2992 1979 1041 4679 1373 389 3292 4673 1196 3880 3391 63 329 1935 724 3562 4789 2194 4819 2726 586 3165 691 2435 2168 1510 2505 1016 357 2674 2345 1629 919 2755 776 3905 1331 4885 116 2919 2665 4910 2850 4441 4908 1109 2345 3597 3065 4580 3192 4221 1907 3382 4698 2428
4192 4271 4576 3833 2391 4160 1530 4761 272 2600 4195 2744 3927 4980 1213 2408 1558 3235 3274 4166 2102 1913 1731 2576 4390 3661 222 1831 2084 3259 2127 3849 4102 121 4258 608 897 2289 4243 2582 2340 2711 2532 2674 990 2951 4840 729 4173 3460 694 4341 568 3039 2497 3075 1457 995 883 2653 4062 4899 904 227 3296 2085 968 1620 790 4010 970 3724 3724 2452 4279 1379 3126 3785 2642 40 3957 4456 4443 2855 4664 1728 740 630 4860 4233 2587 1274 1875 1760 1433 1813 3911 2449 434 3109 1883 708 84 4120 3913 402 232 46 3518 2536 4128 2527 3232 490 1558 73 220 4321 388 1249 4607 3900 2241 509 2673 3888 2743 2398 4211 3094 1602 2907 1762 2406 3637 4456 2137 2462 3504 231 2105 565 3593 3515 1026 1115 4038 2577 464 723
3518 3345 3320 248 1635 3578 4073 4336 438 883 353 2185 2737 2673 1603 457 4353 337 4914 2102 3226 1378 4742 4734 1301 2159 1752 4471 1395 2329 2726 1430 1841 1904 4499 843 4525 4618 3467 1836 3155 4705 1362 4881 3234 155 4396 1206 189 4025 3522 1175 3886 271 678 1186 2336 2958 3970 276 4667 1881 2845 515 2825 1402 3172 3975 2751 3389 3068 2315 983 3239 4854 4903 4063 4710 3899 2102 1365 814 2315 2884 2499 4348 2492 1996 700 2821 2550 1488 2782 4170 4148 3928 1988 3902 3915 3060 3963 1746 2478 3907 275 1158 2072 1807 3104 2588 3119 4571 2950 3260 38 2845 4854 2211 4354 2106 4951 3755 2211 3807 44 576 1409 1355 3808 1446 150 1248 2275 4425 1225 1957 3556 4258 2723 4353 2484 3845 3307 4687 1366 2074 2507 3192 3278 1612
1115 713 2969 1860 2023 3018 1253 1239 3497 961 3164 1442 2819 532 3624 3284 4058 3043 4032 1913 1378 4975 188 588 547 4772 1746 285 3521 844 2153 524 1106 2573 2158 3372 303 1027 4844 3070 918 4464 4630 2354 4892 4141 3489 2088 2188 3917 3867 4112 4280 1221 1297 4057 2915 3814 4968 3274 2259 1952 2835 188 4534 2435 3958 1634 2419 3910 2423 3438 301 3496 4151 4643 4099 1892 180 442 4539 2851 1200 1033 2448 1315 3153 3341 4243 949 2483 533 4980 3064 2639 4755 901 2398 788 132 997 1143 2128 1099 752 713 3210 4426 4652 1750 585 4569 1079 2101 356 835 4522 4297 1687 2621 4613 4220 891 174 3975 2060 2339 1367 4309 1656 3593 561 1201 3940 4267 2344 4525 3918 4752 1683 3982 620 2922 4445 1982 4803 1122 2874 2883 115
3623 3015 1598 3760 1384 4898 2133 233 1984 591 3453 3963 159 3453 4873 3713 2695 4154 4115 1731 4742 188 1613 3785 4515 965 2078 3977 3105 679 1669 4822 1324 394 3298 1861 194 4260 4700 1468 3430 4388 3802 4391 4456 239 362 144 3619 3960 2615 4381 4812 734 1381 3695 1264 3653 3937 1741 3203 810 200 1314 4383 4224 2858 4143 3318 1443 1919 2894 1330 4659 1783 4869 3720 372 930 1029 3663 529 3177 4277 2201 3533 62 4516 3312 4454 255 3929 1116 4098 3644 3852 2496 2150 3534 3277 2627 414 1509 2547 885 1480 3327 96 1539 1577 4584 2740 717 2385 2439 4104 1147 1614 3822 1932 2441 4976 3484 3729 4566 2375 4960 1582 2123 2558 1106 1525 1122 2339 4889 4337 2662 1693 1924 4329 3510 2282 2760 4519 4913 236 3667 1915 2057 809
747 2939 950 460 4035 1355 1299 4876 278 2856 2969 1583 2999 1615 1785 943 4085 1224 4626 2576 4734 588 3785 1479 4389 2787 3259 3604 3911 2784 1680 2299 1536 1291 165 846 1257 2051 2268 1606 846 1329 1319 2954 4816 3007 940 2034 3307 2157 542 2783 2602 3455 4239 1897 2044 2147 1149 1703 2886 329 1193 950 3016 1882 2083 1682 4690 525 1461 587 957 973 3522 3002 1771 3516 1301 1798 4615 2369 4740 978 2993 1328 4964 2638 3882 2568 2488 133 1207 4507 4236 1226 1613 3974 3098 12 4251 2591 2660 336 4878 3111 3300 1326 510 1928 794 965 312 2957 2476 4481 4539 4722 3792 3270 3648 1087 4037 4343 3526 2103 2538 4743 2821 4554 3883 1553 4388 258 4772 4382 279 2925 4556 953 2534 3471 1364 1079 2651 2849 4269 3388 2413 3740
4283 4487 1088 721 4130 2422 2998 1781 4098 3676 4311 1958 3964 1993 2895 1201 847 1048 3115 4390 1301 547 4515 4389 1050 3562 3762 3424 2079 519 3995 271 439 4904 3412 2489 2548 3191 2931 1288 1462 565 4752 903 2571 1488 4194 4423 2569 1095 1997 3190 3709 1542 297 2267 1420 3016 2936 1017 2011 3274 3391 4928 3502 1619 4548 2566 1698 4361 4828 4289 1972 4197 4282 2560 3763 3553 1407 2483 1146 989 3354 3186 4523 1909 4152 3600 4381 2371 4405 3801 180 10 4617 3964 2249 1297 1224 1319 4004 721 4434 3229 3047 3019 4567 1904 4130 4126 2840 3935 1043 909 2032 2387 69 97 2326 268 485 4767 811 3207 3449 4427 3967 4861 3379 1268 161 1431 1677 2395 3321 3216 2688 3579 1767 4003 1789 3432 4006 2607 4538 66 1279 1933 3129 3538
2503 4892 64 1956 911 4248 754 2051 4240 4032 1584 1151 4710 1714 739 234 4426 1345 4752 3661 2159 4772 965 2787 3562 4458 2095 2336 295 1452 2776 2031 4709 1937 1623 2645 744 4957 4705 4808 3942 3978 293 3150 4223 3103 1696 4964 1564 267 3895 4250 596 1418 1254 4481 111 2741 4193 4161 96 1464 3179 981 844 4206 1783 131 2797 3836 2848 4664 4710 552 586 4820 4848 4634 3656 4599 4753 2182 189 640 1622 1328 1752 3488 2384 1214 2573 25 4672 1409 154 1220 930 1949 481 1884 717 1514 351 4141 180 2948 2424 1648 425 300 3211 2452 4165 1666 2859 3302 3306 4407 1881 3922 4149 348 1072 766 3301 1502 1567 4340 2426 4086 2271 381 3028 4874 1336 1627 4286 3835 3877 1311 481 3609 4501 3725 2409 494 4320 4947 1175 4111
1500 886 3904 2370 3203 4719 1118 1070 313 1943 4122 4256 952 1301 4515 2573 980 343 1275 222 1752 1746 2078 3259 3762 2095 1797 4232 3962 3658 2980 157 176 1791 4999 4824 2901 319 3673 1764 3944 3772 4363 2255 1101 506 4215 3782 1467 525 4892 418 3758 258 4991 4274 2731 1987 1845 2799 2929 3106 2339 2757 659 2559 4895 3176 3615 1339 2481 3736 145 1908 613 2836 2524 3227 271 4532 4074 4753 4773 68 4524 2918 3905 2617 1505 4733 3049 4345 3914 1160 4262 1485 3471 166 3523 4218 3214 4161 3642 2512 270 2416 3169 4621 1133 4924 3216 3507 499 1815 1744 1572 4628 1810 3648 73 3007 153 536 67 2828 3250 2944 3002 3959 2572 681 1431 2127 1287 3163 2153 3430 3226 227 26 991 4642 4977 2012 3992 1995 4640 3084 3500 1792
96 905 4026 2768 1477 1834 4108 3359 3289 360 3766 2518 733 1757 1370 4060 1881 4971 1751 1831 4471 285 3977 3604 3424 2336 4232 861 2797 3359 865 144 4759 3862 1919 1391 1221 4432 4241 707 2211 1831 2563 938 1363 1731 4088 1756 3205 2467 4013 2363 1862 47 22 3635 2371 3139 4038 1224 2397 64 4371 4157 248 311 3668 2994 3943 3891 454 2995 1567 1307 2190 3000 2923 3098 4203 1397 4609 1348 975 1628 124 4880 810 2885 1946 4973 131 4364 422 3994 1333 4319 1147 1961 2930 3742 2013 3835 2094 2393 4164 4456 1446 3130 1141 773 2253 1506 1986 4276 587 702 1567 3691 1644 2719 3157 419 3111 1284 264 1777 4392 2130 3934 4750 787 1708 466 2654 3345 1350 2034 588 1692 3316 3588 1394 666 4698 1058 3699 2671 1752 1652 802
1869 290 4079 2151 3885 2455 2781 1240 4417 2135 1931 2178 3402 3465 4938 1188 4042 3552 910 2084 1395 3521 3105 3911 2079 295 3962 2797 2236 2929 2256 1261 1151 3843 4399 1294 2883 147 3420 4742 1578 1500 2514 2041 3984 2997 3851 4370 2795 926 1552 2850 2038 4122 104 1787 2263 2851 2174 4434 2972 4143 3322 3742 2970 2827 2379 805 1637 1741 1091 3928 4362 3974 2370 2166 555 2861 2842 936 1929 10 3013 2673 479 3411 246 2623 1642 705 2170 1014 4835 4008 1186 2056 3374 2120 3687 2458 4484 1814 2759 2082 2732 4795 3398 4963 3693 2845 1599 1357 2479 3653 2194 590 170 3404 3041 775 1294 1537 335 2423 3030 210 1552 4323 4952 3443 3577 1210 3687 59 3219 1406 710 1380 479 381 4330 4553 1926 4998 3905 4376 1246 2096 1561 1563
2980 4177 2239 4352 975 3514 2426 3918 913 2968 167 1677 3757 292 1627 4437 1755 3147 1811 3259 2329 844 679 2784 519 1452 3658 3359 2929 4997 1701 1347 4314 3464 4876 3496 2206 1065 475 88 2398 1848 241 1338 2192 982 229 4725 4621 2713 1711 694 4096 4793 4029 242 1841 4187 798 4107 949 315 3791 3192 664 4368 4548 2291 2827 2512 4455 21 3921 2889 4361 2918 1700 2354 4134 622 802 2030 126 2413 1996 3356 3889 1326 2939 3862 3497 436 3963 601 1646 868 230 1592 1403 4351 2842 2882 4828 2522 284 4084 2979 45 3634 1662 3765 902 478 175 943 3249 3109 1898 3962 1790 2667 2173 860 1386 915 3218 3083 1388 3637 1528 4298 3777 2780 1993 551 98 2618 2588 3374 2798 856 3839 1437 954 2426 1706 4123 3288 4890 3061
4363 3976 2189 4871 3726 3755 213 3338 3880 4135 1118 397 3428 4579 3893 3610 897 3752 3842 2127 2726 2153 1669 1680 3995 2776 2980 865 2256 1701 1563 3574 1290 1818 4440 4061 540 1081 4648 642 323 40 4800 4608 4406 2654 4906 2422 3610 2894 917 3468 3550 4047 2797 2011 4692 54 3966 2382 4325 54 4308 3677 2742 3627 4511 539 4080 3003 1499 4758 593 2452 4933 2572 1638 2464 736 3132 311 879 2771 1994 4176 828 3185 3408 1780 4336 3376 4638 3119 2541 1052 3122 1565 1999 4693 314 840 875 918 1111 2297 1630 99 2822 3197 2666 3122 984 128 436 4357 924 1412 1815 4788 2054 3711 1200 2411 2524 3488 4541 4243 66 220 4744 1939 4487 430 3614 3640 4774 4104 2330 2992 2572 3361 4288 2982 3345 2246 11 3550 4322 3068 2672
169 221 1677 3395 4579 874 1805 2263 1380 4395 2754 3153 605 2778 1317 593 958 115 2386 3849 1430 524 4822 2299 271 2031 157 144 1261 1347 3574 2412 644 486 3189 1151 126 3817 880 1765 2599 1514 1739 3944 1088 4074 1035 3926 4553 2803 220 740 592 700 2253 412 94 2950 3599 4997 3077 312 2465 1199 264 2856 404 1398 1480 477 4014 4234 955 288 617 4224 2462 3990 1567 55 3766 48 3765 4071 2601 831 4458 1295 22 1841 1794 2264 3934 1552 599 1312 4962 3790 86 4585 4458 3391 3434 3311 4654 2963 3783 648 1587 376 4565 4414 2073 1293 4056 2491 2312 2822 3951 1552 1069 2383 2379 3056 2294 4606 2383 3687 1460 292 2685 2784 4185 3623 4866 2808 2445 3528 2598 1543 3529 2575 3545 1750 2335 3878 3842 622 3817 1821
4459 628 2659 2103 2723 4294 422 93 2959 2117 2890 853 476 3669 3565 4928 980 903 3901 4102 1841 1106 1324 1536 439 4709 176 4759 1151 4314 1290 644 2468 2029 3194 1719 1825 4082 1309 4584 1825 3793 925 1563 3389 2916 4017 1251 2183 1403 2304 463 740 3871 2470 2428 582 2001 1569 1203 3923 4086 3861 1939 2597 3190 4060 3755 3012 2174 1751 3190 666 1594 2313 3540 2147 3669 4701 2525 1872 4378 1950 3813 435 494 2016 988 3464 2799 832 619 3205 3693 3827 3185 2278 3804 2247 3411 2012 4756 3756 3050 4240 1257 4183 1932 3741 2550 3217 2847 442 2498 3837 3463 236 270 1336 2240 3027 2806 2550 324 2826 3829 2036 2951 3486 3809 755 48 1829 2093 2467 126 4986 2992 1726 3115 1615 1380 1011 498 1647 2369 1154 4100 478 4598
896 2424 246 1804 904 817 3222 2659 2005 2293 297 3171 4395 3583 4859 3147 4122 4447 4708 121 1904 2573 394 1291 4904 1937 1791 3862 3843 3464 1818 486 2029 1149 4522 2258 1376 1246 3574 4178 761 974 3709 3246 2856 2700 852 2664 4610 2224 4942 4796 4698 673 1904 3971 1581 213 4513 3767 2581 2579 779 4438 1749 4926 1838 3410 3451 977 4923 2960 1347 304 1750 744 1068 4218 1658 396 2913 1313 4494 2383 4612 217 78 4011 2396 4239 4528 1865 4068 3627 2746 3199 3137 1293 4921 4146 16 1416 2602 4028 2981 2308 4199 2444 3159 3753 2797 3344 1019 2428 4430 51 1459 3531 3560 2366 4191 521 1577 3052 4676 516 828 1395 3377 4768 4253 4526 3482 4701 123 1411 4812 4393 501 3698 3377 1868 2242 4989 3246 4017 4073 1729 4910 2602
3136 2072 4488 3837 1167 4011 4122 960 3528 530 3256 4601 3465 1607 2392 4038 2129 2609 3315 4258 4499 2158 3298 165 3412 1623 4999 1919 4399 4876 4440 3189 3194 4522 4175 4717 1861 4814 1687 1977 3933 541 1108 3804 123 3239 1088 2441 213 2364 599 4922 2743 96 3592 226 380 3567 4704 2637 74 3610 376 1504 4852 1944 2399 1579 2083 3484 2529 3268 3725 2490 3377 258 2298 4783 1102 3751 1387 3297 3015 1952 1800 4449 301 3426 1043 4069 3942 1599 1982 3146 138 1192 3175 2220 2660 4119 3585 1549 3794 4900 4117 1485 3210 1146 1057 2689 4398 2879 1447 1345 3764 2113 941 2050 2614 4648 3815 4823 1928 4613 399 16 493 174 3820 2507 1064 3669 477 345 2399 1820 2522 931 1758 2217 3482 3248 1781 1463 3658 4728 1924 1657 4356 4672
1628 235 836 4579 1274 3004 1006 2495 530 1137 4688 305 2586 4381 2709 3429 2543 2348 295 608 843 3372 1861 846 2489 2645 4824 1391 1294 3496 4061 1151 1719 2258 4717 1443 4708 3943 4939 3252 2398 4559 1076 868 4557 1324 41 3299 438 231 4557 1227 1307 2807 1193 2102 3642 1156 2491 4455 3499 1260 3540 1692 2954 3802 3800 822 3637 1050 829 1454 1738 3675 89 841 1987 4075 802 1900 1811 4193 432 4893 4383 4822 1143 963 4342 1200 4854 906 3936 3113 3449 4559 1319 4207 1326 483 4063 4297 2361 3994 4467 1686 768 1482 1320 1841 3309 4818 4893 4416 3308 3570 3844 888 296 1201 3559 2661 2066 1397 2367 1207 3322 1841 585 434 414 2312 2131 1951 4989 4061 3682 2059 900 2560 2573 1008 2198 740 3013 1227 3031 3850 2650 1740
2548 840 2721 3893 3606 2640 406 4245 1066 4519 2246 592 1415 4302 2948 3421 2520 4312 1230 897 4525 303 194 1257 2548 744 2901 1221 2883 2206 540 126 1825 1376 1861 4708 1029 894 843 3604 1256 2745 4527 1749 386 3301 1083 1107 1931 3072 2929 3128 339 4141 624 3442 690 1478 3361 2129 4373 13 4757 3404 583 1366 688 1260 1917 4329 1916 4181 4206 4171 2734 4783 1197 4127 4341 2352 4848 700 4969 2560 1199 3178 1631 1272 3306 1379 1052 2664 4715 4525 175 104 2332 3632 126 20 94 906 1583 3440 4409 2192 719 3161 128 4067 4514 4295 2067 3622 3689 388 2747 3788 1424 3553 156 94 669 806 2974 4946 3216 2030 1507 687 1831 1697 2298 3414 3022 4606 2755 1082 2742 2303 1794 590 4849 3572 3492 4577 3716 4002 1873 2315
1970 759 903 3527 287 4496 2444 4523 1011 2849 200 1819 3963 398 4215 3792 1701 4756 2259 2289 4618 1027 4260 2051 3191 4957 319 4432 147 1065 1081 3817 4082 1246 4814 3943 894 4780 4218 946 4112 17 4526 48 3435 2335 4829 4957 2101 711 2541 4894 4866 755 3130 793 4428 4661 931 3798 3152 1008 433 294 687 3543 1471 3603 3752 1260 2056 1215 1724 829 224 1855 1545 2280 621 1102 765 827 4029 2284 1292 796 740 2331 922 2485 1707 1614 1274 3739 1630 3186 92 4539 3577 4740 3328 591 1721 2229 675 1136 2807 2256 489 3201 241 3071 4107 797 2754 1466 1197 2077 2258 3856 2175 2364 307 1023 1058 702 4415 4158 1384 571 984 3313 1960 2402 2299 1096 4271 492 739 4506 1149 4935 2097 3368 3441 3806 4821 3100 3706 3071
3222 1344 101 2808 2328 2070 1266 1882 1704 779 4001 3613 3611 355 2481 4063 4067 326 1767 4243 3467 4844 4700 2268 2931 4705 3673 4241 3420 475 4648 880 1309 3574 1687 4939 843 4218 4590 2931 3028 986 3844 4030 3710 603 620 2735 4755 4495 489 447 4292 1144 2056 2995 675 1010 145 4395 486 2709 3668 3843 1157 4675 2260 1766 3166 2261 838 2989 1239 4077 4150 3139 4853 993 4033 1528 3573 2317 1490 1413 2558 4389 956 3237 1845 1685 3672 3738 1687 4042 2526 2988 754 327 487 1505 4364 896 3912 4128 4761 666 2808 4100 900 2417 2821 2850 763 2353 4321 591 3804 139 1171 1234 1322 224 2828 3019 3832 587 648 4554 1104 4206 4652 4059 2124 2824 471 394 1942 469 2394 4208 1387 4032 954 1686 131 1525 3260 742 1975 4466
3159 3721 4386 2717 3962 3691 807 4448 4451 3058 2384 1739 3777 4285 212 1100 2591 2480 992 2582 1836 3070 1468 1606 1288 4808 1764 707 4742 88 642 1765 4584 4178 1977 3252 3604 946 2931 1772 2706 3433 2505 852 1204 2562 1818 2118 2314 1475 3069 664 2135 4619 2598 1757 4885 4862 593 2994 1539 2944 4715 414 2844 591 4936 4533 782 549 4718 77 4804 2659 3953 1723 3747 4851 685 2889 3405 1739 181 3359 2879 1003 3087 3542 2138 3579 1851 1886 4352 2005 3035 328 3103 3134 1111 400 4376 2316 483 3283 1301 2220 605 4056 4275 4692 2086 1747 741 965 4789 4195 4237 4366 280 4704 236 2570 1126 3308 4130 3751 4453 1104 723 4929 4876 548 1378 185 1281 2199 2229 1561 2638 4139 1031 2398 2259 2768 864 244 4596 4380 2254 223
4630 317 4649 4856 702 2356 790 1939 766 3715 32 2855 1850 4615 2092 3023 2294 1315 885 2340 3155 918 3430 846 1462 3942 3944 2211 1578 2398 323 2599 1825 761 3933 2398 1256 4112 3028 2706 415 4857 3782 1767 2954 2811 1711 23 426 1202 4794 136 157 1792 3161 2549 1693 3307 2479 1436 896 4793 1165 2230 2672 172 4520 856 49 2315 2717 1867 2625 359 2570 1713 525 2351 3160 3250 3823 578 1023 1807 3243 344 4732 1018 4891 925 1520 3474 4437 4482 199 1081 711 1879 2380 4448 4688 78 4254 4705 895 3713 4774 1459 4216 2717 3945 1464 4792 576 2752 3079 2136 3312 4194 1888 1180 2602 771 1570 3596 4896 3543 3917 4979 2038 4960 411 2687 3681 3423 3740 58 4270 2109 4830 4069 729 4550 1916 614 3399 2562 2649 3640 2118
1533 3868 3877 2195 58 4050 4157 2471 62 860 2328 4502 3997 444 3115 76 1576 1216 4805 2711 4705 4464 4388 1329 565 3978 3772 1831 1500 1848 40 1514 3793 974 541 4559 2745 17 986 3433 4857 2440 3704 1041 1195 3804 4059 3608 774 3890 3352 1527 3631 513 1100 1998 2044 4296 2880 1338 4068 2298 4013 2921 1952 3617 534 4491 169 4443 3355 847 1967 3477 4098 3960 2840 4756 4691 4608 1211 3747 3499 1755 2803 3767 1457 2874 3093 4629 736 674 3994 2198 2782 780 2121 2153 4423 3177 4581 1159 2007 2513 1671 1798 3073 1725 809 3248 1383 314 728 3704 1538 4334 2165 308 3408 3411 1148 2122 1372 4883 1214 331 686 1640 4980 797 3567 973 3569 3223 4103 2022 3109 4148 1494 3134 287 3954 3415 4624 824 657 4564 4576 2486 748
669 3494 2950 2229 1647 182 3246 3047 3327 4382 286 4780 2857 458 3518 2662 1124 2793 795 2532 1362 4630 3802 1319 4752 293 4363 2563 2514 241 4800 1739 925 3709 1108 1076 4527 4526 3844 2505 3782 3704 2316 3996 3335 3988 3248 991 3115 2428 1154 3467 3663 2730 572 3745 4473 3213 346 4935 2591 2377 2884 2212 460 3434 4128 2472 2584 4672 200 201 735 3283 2569 2140 592 961 1488 3795 3141 409 1796 1801 2335 3042 3233 2071 1852 4505 3583 2410 3533 962 1463 2356 2105 2223 2252 1857 2705 2102 3237 343 1346 3389 3620 4228 2813 278 1326 2906 4852 4288 4037 3434 1775 4155 3806 3360 4370 557 4922 3432 3958 2950 373 3206 2324 83 2152 908 3643 4607 608 3899 1015 375 4064 2674 1168 2735 3888 1525 3411 1995 3975 1998 171 786
3200 327 3264 4481 4652 1227 186 650 3605 1296 4140 1567 660 252 138 1506 413 4196 1810 2674 4881 2354 4391 2954 903 3150 2255 938 2041 1338 4608 3944 1563 3246 3804 868 1749 48 4030 852 1767 1041 3996 4165 2123 3577 3268 789 859 10 4867 209 3110 3231 2329 1289 4902 744 72 4108 4273 2238 2797 3768 147 126 1254 642 2039 2908 4298 315 2535 779 3825 4533 4595 3332 674 2209 388 4107 4135 3255 329 2428 3910 3602 4000 1419 73 2152 339 4570 2204 2713 1329 2462 1566 3176 4490 3807 405 4135 259 1537 1109 3945 2100 2129 3148 4236 3834 1479 4738 2035 358 3103 2899 2187 1342 2306 1737 1449 2701 4118 1342 642 4188 4358 4327 2403 1978 1279 1893 1029 1138 4084 3097 293 2597 4456 1586 2803 1148 1989 1887 2248 530 1512
1158 916 3432 3408 4920 4689 4294 3782 949 3292 4870 3619 712 1500 3771 4838 848 1307 4280 990 3234 4892 4456 4816 2571 4223 1101 1363 3984 2192 4406 1088 3389 2856 123 4557 386 3435 3710 1204 2954 1195 3335 2123 3330 4851 2789 3134 347 3139 52 2032 1673 3326 115 4621 2217 1866 2854 2688 2361 3628 2565 4746 1791 2724 786 601 1476 3321 2028 4525 3267 1617 3865 2304 3114 2880 860 512 3050 3926 2056 3491 3552 3795 2737 1987 2888 251 3990 664 3930 4843 3351 350 4112 1193 4771 4671 1763 1600 2750 331 64 635 1296 4393 3596 2679 796 1569 4229 4042 481 1198 58 1277 1836 3638 3433 1597 3229 2377 3391 2779 295 3883 3815 3562 726 4637 3625 2432 2811 4302 1203 596 256 4865 1939 4262 3285 1045 2896 1206 485 1380 189 911
2754 879 539 1997 3741 4669 1205 4836 558 2942 2296 4585 2565 4931 2732 4662 3738 2588 2624 2951 155 4141 239 3007 1488 3103 506 1731 2997 982 2654 4074 2916 2700 3239 1324 3301 2335 603 2562 2811 3804 3988 3577 4851 2424 4341 739 3927 3333 1486 3494 1493 3319 2109 2474 1159 4682 3024 2795 1674 4059 4192 4675 211 3735 3510 3635 3584 3560 4330 1635 4208 754 2864 245 2309 254 4847 4006 246 4690 3715 2799 4052 2281 4718 1763 2047 2245 1220 3205 2568 3434 2641 4625 4938 25 3634 2589 22 477 1570 1561 3347 2992 2822 1715 3047 4401 2920 2050 1293 3337 4326 4898 1740 4106 3288 2392 4614 1071 2236 3844 3473 2811 3324 4183 4637 1086 4223 192 70 2452 3020 3169 2916 3754 2400 1293 2850 4676 1371 2144 3937 2788 1250 1674 2216 3936
2304 2677 4227 1277 4175 2512 2322 1815 2124 69 633 1930 4189 3954 1607 3571 1853 189 2614 4840 4396 3489 362 940 4194 1696 4215 4088 3851 229 4906 1035 4017 852 1088 41 1083 4829 620 1818 1711 4059 3248 3268 2789 4341 4984 2064 2695 3031 2688 3536 3212 4914 3825 407 4459 3023 2407 982 3995 1538 3698 1201 4184 203 4264 1103 1608 3532 3775 269 1324 4665 4526 3982 1590 491 4167 2130 4390 1391 247 2481 4235 3472 4972 1113 576 2747 3223 3781 4712 156 2728 1607 2612 793 769 1298 3705 1998 4690 1377 1668 3295 3183 3011 1626 4197 2622 168 1175 443 2230 1788 4147 1325 2245 3359 4204 3316 3957 1644 4259 713 2204 3273 3997 75 2026 1011 3580 2233 3383 3754 3375 3306 4150 1543 1075 4774 1511 3107 541 2345 2831 3364 4431 1249
4160 2650 2602 4261 2995 2443 4331 2741 4081 4083 1471 4933 3198 4722 4505 1624 534 636 2659 729 1206 2088 144 2034 4423 4964 3782 1756 4370 4725 2422 3926 1251 2664 2441 3299 1107 4957 2735 2118 23 3608 991 789 3134 739 2064 3401 3825 2295 942 570 1909 950 3094 3062 694 1130 4000 2657 4043 1866 787 3598 4990 2686 3957 4363 1547 2733 289 2497 4436 1414 2269 616 1572 240 4478 2779 2246 1590 100 3347 1918 4800 2232 1725 3021 4090 791 4360 4749 359 3516 2969 673 2482 3639 4011 2335 1692 975 3402 4191 3179 393 489 1530 927 2765 344 4226 3259 3046 3046 971 2108 3429 4105 1690 2365 4196 979 4713 345 3909 1063 4804 2233 4520 1325 684 537 2299 1249 2629 2106 93 231 472 2706 3649 3630 758 2551 845 2301 4867 2181
4809 25 2517 3897 803 269 1149 4368 3646 3523 3690 844 2325 2019 3306 3681 4920 2344 3032 4173 189 2188 3619 3307 2569 1564 1467 3205 2795 4621 3610 4553 2183 4610 213 438 1931 2101 4755 2314 426 774 3115 859 347 3927 2695 3825 2995 2941 2427 1378 4534 2803 1893 733 2356 4263 1323 4339 4186 2051 72 2382 2113 2540 871 4555 2294 2018 3797 2047 3625 2372 1259 1719 1250 1946 2103 4388 2180 1819 4552 4081 4783 2560 2139 4046 3034 4892 2334 1763 581 1062 2120 2123 2065 4440 1252 4132 2433 3133 1196 3371 2152 4713 1645 1017 2684 993 1717 1224 876 1120 122 2359 4083 4021 4776 519 1909 1881 2445 4984 309 434 3465 1878 2582 3106 3325 2921 781 3164 3356 2314 3787 518 1048 2571 175 2189 132 3462 2805 2835 1642 2992 3698 3011
461 4356 939 3996 2037 296 3933 3208 2270 1695 3663 128 3541 2973 920 1585 2455 4207 663 3460 4025 3917 3960 2157 1095 267 525 2467 926 2713 2894 2803 1403 2224 2364 231 3072 711 4495 1475 1202 3890 2428 10 3139 3333 3031 2295 2941 3515 2309 2335 4960 844 3569 2449 4161 2412 4894 2283 3779 3937 1324 4686 159 3331 2290 1270 3248 86 4913 2417 1460 4096 1010 772 395 3763 207 884 510 1775 1593 461 4229 2576 319 1377 2121 3562 3616 2869 933 3360 4655 4924 1305 3648 1780 357 4931 705 4280 774 2741 3474 2200 3319 359 4935 3190 3972 417 1052 3832 839 1671 4287 1578 2338 4747 4970 3392 3347 3285 1360 3582 1921 188 2702 4128 3931 2786 2351 3955 4953 1737 4061 1418 735 3644 34 3890 2631 1707 3841 4560 1887 3405 4642
4671 1510 606 389 2798 2802 4365 3968 667 4941 818 4903 2755 4259 2446 1342 2241 221 2505 694 3522 3867 2615 542 1997 3895 4892 4013 1552 1711 917 220 2304 4942 599 4557 2929 2541 489 3069 4794 3352 1154 4867 52 1486 2688 942 2427 2309 437 353 2723 1215 3094 2709 3978 3334 1380 353 265 1921 2188 1032 1097 161 1024 1547 1033 301 3043 1830 4611 3915 3598 4558 3539 3221 2594 2817 2497 2939 2390 4580 908 1390 338 4698 4327 4236 3127 363 4232 3712 1671 635 2981 2576 10 1747 2848 3186 4644 2026 675 3138 902 4894 4638 557 944 3908 4864 621 936 200 1769 2500 4379 3568 196 4478 360 1778 1654 2963 4865 360 1581 4323 3470 3740 2551 4703 1022 1199 3565 2996 2224 4624 2888 2135 3914 4234 1776 3223 4775 1821 2364 1430
3107 33 2045 4549 432 3231 1849 3511 4734 1203 4356 1818 1351 439 1439 2325 1994 3628 527 4341 1175 4112 4381 2783 3190 4250 418 2363 2850 694 3468 740 463 4796 4922 1227 3128 4894 447 664 136 1527 3467 209 2032 3494 3536 570 1378 2335 353 1382 1902 3550 3840 2891 295 4500 3748 4929 2208 508 888 4410 3452 390 4406 1248 1666 4246 4167 1862 648 2952 3306 527 822 1400 4398 1418 1555 3674 1689 3765 3564 944 4732 2139 3317 4695 3389 848 4513 3180 3947 983 3470 1916 3371 4260 1207 225 3593 320 462 1271 614 715 2976 4122 1650 212 4128 3178 3477 466 1085 127 1739 1767 3890 963 2802 4232 3534 1682 4276 475 3307 1916 1838 4644 3841 4219 292 531 2455 3098 2687 4677 4553 4427 1693 4605 4335 846 1199 4528 2681 4044
1405 3796 1035 1970 2751 3713 2848 4627 3874 2748 547 4542 3689 1169 4752 4024 4339 2045 293 568 3886 4280 4812 2602 3709 596 3758 1862 2038 4096 3550 592 740 4698 2743 1307 339 4866 4292 2135 157 3631 3663 3110 1673 1493 3212 1909 4534 4960 2723 1902 3802 2231 4827 2395 2029 1779 2352 4679 1639 2944 2328 521 4827 2748 4702 4640 128 4537 2713 433 3834 1950 2755 2288 2329 897 2962 2565 931 1380 4722 3344 3224 120 453 2612 4105 3542 3875 1955 2422 364 420 4372 2483 3855 1033 1243 1446 2397 2486 251 3627 3368 1718 4763 1684 4455 1614 4850 4575 2809 1242 2082 2003 3719 1265 4215 2441 2838 37 2329 599 2487 344 3330 640 2228 2228 1630 4533 2377 1995 694 3565 1708 3788 4268 4536 3732 4114 4512 1845 275 4057 1779 4004 2065
2878 1485 4448 192 260 1799 2161 3005 3989 2333 3466 3244 2229 741 3305 3395 3297 4997 2343 3039 271 1221 734 3455 1542 1418 258 47 4122 4793 4047 700 3871 673 96 2807 4141 755 1144 4619 1792 513 2730 3231 3326 3319 4914 950 2803 844 1215 3550 2231 3042 4422 3237 213 1389 4913 1528 222 2201 3578 1782 4898 2493 3568 4906 859 3125 4415 3992 465 2107 1258 4879 4217 2087 2816 3048 1664 1946 4681 933 694 70 4129 968 2049 1312 4047 3077 3432 2802 422 1864 4573 2950 3767 3622 1079 1265 2725 2836 1144 2837 3070 151 973 2514 2196 3574 274 2931 4825 2079 4718 3618 2790 2417 2564 4592 2639 3098 1027 3345 2083 3438 837 3318 1409 546 2208 3130 3987 1610 2904 3024 2834 1349 2624 1906 4379 638 1871 2767 573 48 1688 2692
