N: 150
M: 30
Symmetric: true
Triangle: false
5 59 135 110 86 93
3 116 105 111
3 109 48 125
3 145 56 77
4 46 36 38 90
4 20 71 136 130
5 74 99 129 66 10
4 54 94 141 53
5 134 40 91 45 22
7 17 115 65 31 143 73 51
8 37 63 32 52 131 70 144 76
8 121 114 97 128 100 87 43 15
5 47 146 106 24 103
8 61 149 89 126 35 120 55 78
10 27 60 102 148 64 79 2 88 113 3
5 84 138 96 124 13
6 16 118 140 132 142 7
5 57 33 25 104 50
6 8 29 75 6 137 69
2 12 9
7 18 30 101 85 122 41 95
5 119 1 150 117 133
4 62 4 98 108
3 14 112 72
5 92 68 80 39 81
1 44
5 82 5 127 34 83
5 21 19 139 107 67
3 26 11 23
6 147 28 49 58 42 123
2221 373 4973 4786 4572 4009 3698 4177 1901 2246 1295 3970 2720 3000 62 3505 431 3082 4412 4388 4281 354 4656 1712 3705 3232 347 607 1452 2532 2461 3482 3994 3624 3993 4912 662 2592 4594 1809 3208 305 663 3646 4712 777 2542 284 4277 4641 1124 1621 3720 1268 1779 2139 602 4764 3886 3026 547 1197 1833 4690 1456 1005 4204 1834 102 3273 2605 2526 2212 358 111 149 399 3092 1792 4723 1867 4011 1333 10 2408 1867 2639 931 869 831 1118 3295 491 1113 1791 1262 1812 507 543 4554 3230 1222 4478 4727 1244 2627 387 625 2314 4815 2696 4222 3431 1212 2960 2096 1246 1984 4320 968 1735 4450 4260 4100 3110 184 4444 1041 1870 3374 4225 3766 3856 1267 605 4354 1064 1415 1002 4930 1619 3695 2279 1150 2263 4877 4147 153 4490 3494
373 3171 1553 1178 2245 1631 3742 3113 3825 4588 3682 4918 4485 1142 4621 3124 514 1355 1817 3087 327 3586 2351 341 4266 4369 1279 1878 4062 282 3544 2502 2273 4333 1703 3741 1681 2366 2116 762 4990 3720 1413 677 2638 3881 3438 746 4454 2083 2222 4269 699 4415 2589 2920 3856 4452 1141 3098 4672 962 4500 37 3165 1670 3746 356 28 3633 4833 604 4768 3548 2328 1923 2939 3495 197 4838 4640 247 2665 1653 336 3445 3840 4419 2445 3639 213 2700 3128 3038 4712 190 4987 1575 4179 2110 4183 3213 3872 1239 585 3073 4364 2033 3278 850 4101 192 2689 1038 4104 283 3992 3578 1196 4027 2488 634 167 216 3980 3546 3279 1284 3764 3286 2679 3596 2328 886 1354 4675 4667 4097 4700 3088 3287 2058 2556 4644 1129 2810 2980 3300 2541 3222
4973 1553 946 2985 1267 4688 885 2626 2801 3403 1099 1989 3206 1261 4049 4400 4376 3804 2699 4515 3786 699 1308 254 3803 2158 4308 3176 3547 3177 2703 389 316 3232 3682 4304 4501 3717 3389 1525 3764 4950 2995 1066 3320 189 2690 4852 3185 135 2632 1741 2310 3433 4886 247 3329 3550 1853 2781 3005 2617 3547 329 1384 1434 2462 1406 2049 2228 3521 4990 1349 935 1453 3537 2321 4126 1785 236 4473 872 1262 1333 2762 463 3847 110 1764 1332 3193 3348 571 4192 3666 4278 3841 3914 87 2646 2165 4361 4685 2276 3944 215 4116 4960 2651 564 2592 1324 4893 2740 4187 1590 3546 4494 1115 2270 3119 2498 4502 2940 209 2125 3275 2510 2289 2327 3255 3538 3651 4284 4450 4680 3012 142 2331 1128 821 3967 3440 2388 561 3929 4621 3131 217 33
4786 1178 2985 2052 2984 1915 2178 1665 319 735 4062 2828 3123 2642 934 4892 2077 1543 1128 563 1736 2365 2671 3335 3702 4998 2049 2808 843 783 3598 1212 1969 1566 2969 3935 3070 2789 1746 1927 4201 2797 4396 526 392 4672 163 2491 2434 3944 1192 810 713 3480 2191 2296 2213 4695 626 1086 2509 3793 1642 4844 3391 1529 852 2020 410 3935 2114 1145 34 845 280 2325 1945 837 1170 3975 838 1880 4914 843 536 2820 297 4859 4636 1780 377 2722 3551 918 595 4719 2903 3409 381 4646 4243 3535 4816 2245 849 1165 2939 3194 2111 1467 4525 1779 1891 2478 4205 4058 1975 4408 472 2398 4264 334 2158 2775 2000 1326 4870 177 4389 634 3128 4432 2045 149 1133 2521 2892 1160 4545 2399 3028 909 1273 992 348 3909 2670 1464 1772 4873
4572 2245 1267 2984 1545 1111 2110 1539 1898 1611 2896 1023 1865 4681 1330 4982 4017 2449 1629 1257 2423 760 2484 3490 4648 165 362 117 1789 531 3305 24 916 2457 4394 1353 4595 4413 1526 4304 3479 4536 1899 987 1166 115 2050 4008 4514 940 4545 2368 2060 609 3492 2181 129 4491 3609 3472 1402 703 188 843 33 47 2145 3406 2834 2071 4627 1789 2592 359 2289 704 3091 768 375 3426 3871 2894 2552 3207 3930 831 4270 4580 2960 3698 768 2071 3271 4060 908 412 3306 3819 2345 3380 10 4227 313 4825 1698 347 4187 3787 3223 2439 4089 1795 2033 2401 3715 3084 1474 461 4217 4213 3820 1447 4969 631 4980 1315 2951 4158 366 609 4791 4073 2718 1129 2832 1252 2479 517 3297 1661 320 2959 3436 1925 1382 3981 1343 3453 4488 749
4009 1631 4688 1915 1111 1100 1552 1774 2002 596 4661 3876 748 258 3367 844 594 2911 75 3242 4612 2960 4364 3267 1732 4969 2338 652 2691 4863 1868 1715 250 4542 4531 2757 2816 2520 2469 276 2362 3558 4449 1239 259 4299 1421 926 1477 1505 3451 2315 2237 4029 2040 732 3873 2753 531 2065 3012 3255 1736 503 248 2921 1811 4398 3807 246 4247 1653 2361 217 714 83 658 2203 4259 4121 3673 2498 3637 222 662 1081 4215 4166 377 1479 1052 1083 1666 1254 4595 2787 4626 3691 2431 1021 3103 3619 4559 3788 2195 1624 3349 1601 1047 1732 3094 3634 2697 1427 2138 1241 2936 3797 2238 2187 1419 3668 2418 3413 1304 478 595 1920 3587 729 1891 928 3784 2691 3017 4140 1220 4431 3573 1137 3490 1920 4929 4148 393 1621 4650 4801 1137 2038
3698 3742 885 2178 2110 1552 3013 4893 3015 3641 783 611 173 4650 4940 2795 1440 1969 4559 598 152 402 1533 3495 621 1746 2201 3992 34 4999 3459 1820 1484 2550 1260 282 1737 783 3197 3877 2439 3289 3627 1090 1173 2533 2909 1085 2843 2135 4184 3391 1216 3948 2036 3603 3204 3002 3969 3585 4437 3966 2744 3427 4590 4712 3043 2855 4481 1615 3796 3477 4712 1363 2991 3968 1719 1012 489 45 3765 3906 3791 2696 4366 376 4843 4474 4995 4017 353 2772 1687 4544 1255 1550 1369 2375 3777 4907 1380 3849 4523 3757 3740 2229 144 4502 4651 3345 3079 3707 422 4955 2666 4296 1776 1417 3450 1331 952 4029 4237 2183 2026 1904 4451 2817 1497 3339 4948 2413 4020 828 334 4482 3107 4383 2401 4797 4424 4096 4662 4693 862 3644 2535 1942 4309 2801
4177 3113 2626 1665 1539 1774 4893 3103 3540 3131 3799 3186 3647 1683 1326 1637 2768 2904 2512 1385 2266 3014 541 1653 4689 1365 4336 4695 281 3559 1475 2773 3555 4043 1048 1487 4627 375 2172 2025 4618 4357 4786 1512 3504 3319 4100 251 2730 2101 4416 3237 1670 4353 4857 777 2699 1582 3321 521 4210 3152 1877 3566 806 1090 4378 2821 1505 268 464 4514 908 3299 3341 4598 3634 3739 1384 15 79 3486 3848 1702 3381 4841 548 3487 673 260 160 2780 1736 383 1196 1948 4982 26 1261 2544 450 4959 4059 2972 1905 860 3022 1804 3899 4472 3635 4640 4360 1556 1704 1730 4357 2975 841 3317 4103 3902 3380 4032 463 2756 3198 2859 2026 2227 3207 1414 1399 1491 1986 3998 844 1578 2287 477 863 2690 1689 2874 3071 566 3323 1638 412 2122
1901 3825 2801 319 1898 2002 3015 3540 1094 1730 2896 2989 1684 863 4343 2797 3250 4516 842 475 3154 3645 1567 796 962 2059 4635 3488 2651 962 426 2169 3705 490 1054 2251 1053 293 3765 136 4987 3714 1281 3302 4354 125 1689 4662 4596 1762 4881 4922 3513 3771 4637 4674 1871 2933 925 60 2096 2463 2925 1932 1811 3835 4356 244 596 2415 4867 1814 3989 314 2926 4803 3950 3679 417 3574 3870 2405 1771 2885 4170 2946 4265 1118 4460 1296 4299 1948 3199 4694 4312 2720 3453 4362 4123 3336 3093 4390 3455 3571 120 2527 2199 2802 3131 4989 4199 575 2084 1798 2427 1527 1333 1027 788 332 830 127 4773 3980 1017 532 2107 898 2427 2452 4752 602 3983 4183 1921 1997 2362 1214 3438 2261 952 2576 2719 1415 1955 864 4563 402 3049 4641
2246 4588 3403 735 1611 596 3641 3131 1730 126 2792 2328 2416 3132 3783 4312 2799 4581 1201 3717 2008 2814 1323 2434 1996 3446 3226 3991 141 4343 320 2525 3017 2620 3855 702 4439 1735 2584 3805 2727 1382 2193 2708 4277 4311 3690 3298 4934 3882 4987 738 854 820 3473 454 3814 1284 1923 4547 4211 3211 4765 2422 4998 2667 1457 128 1395 2363 1275 4474 2879 2214 3399 1954 4460 3837 3101 2965 4117 386 1456 426 4828 4204 438 1133 4326 2286 3023 4411 4904 331 2473 2207 2938 2132 1154 2736 3172 2623 3329 152 2130 4986 2329 4792 2815 27 4364 4019 4392 4208 1507 2573 53 2934 148 1891 3876 2090 607 197 1676 2077 4962 1730 2163 897 3988 4371 2541 3359 1697 1280 1248 800 4683 56 1627 2614 1679 2835 1478 3582 4361 2070 2177 3086
1295 3682 1099 4062 2896 4661 783 3799 2896 2792 1979 92 3166 333 2682 3562 1945 3347 2711 2209 4785 3386 1502 1095 1280 2063 3079 2364 3369 2670 352 1477 3187 3813 2566 4440 3592 3254 3562 2319 4786 2368 3897 4358 3337 182 3798 4034 1056 1542 1486 787 3998 1172 628 2130 1042 2169 3515 1437 1500 975 4910 2302 2791 3334 3736 2903 2780 2653 2242 25 1823 408 1639 2483 4597 1102 312 1508 4958 223 179 3643 2772 2840 2162 2137 2319 1535 165 4666 3323 3580 4763 4935 1667 4226 3186 2385 343 1428 3589 3169 2883 1062 1923 2885 1349 353 2091 3885 1796 3124 418 2462 4776 1554 1120 2114 1200 2372 161 3914 4528 164 4862 1644 1913 1768 432 2265 2116 3559 461 4444 1918 2845 4895 2842 1483 2627 4782 1413 1514 647 457 2725 914 560
3970 4918 1989 2828 1023 3876 611 3186 2989 2328 92 2131 2413 802 2180 330 2451 2981 2860 3006 2950 404 389 4935 4697 3189 2042 1764 4217 2464 58 3798 1774 4636 1915 1520 4007 3191 4422 4324 2125 975 265 1948 2410 3666 1677 470 4523 3617 4548 4492 2632 230 3543 2716 1658 2301 3807 668 612 4374 2474 4186 2375 3992 3214 2116 4275 1100 688 1337 4723 245 1675 1143 2534 548 2203 2583 222 3618 3270 1279 1563 705 2167 4559 1326 937 4900 3279 1393 3551 2273 2805 2627 2554 33 77 1390 782 664 1874 2226 3426 645 3349 94 65 3257 4239 175 4290 3006 1279 2470 2162 2733 4631 1242 4461 1754 2671 1344 3154 459 2718 58 2748 1968 1327 1009 3526 215 1787 872 713 4612 4934 4126 4008 2088 777 2927 299 364 1241 3700 3856
2720 4485 3206 3123 1865 748 173 3647 1684 2416 3166 2413 2408 4658 2506 3110 1899 2473 4928 3860 968 1272 4074 2091 3465 899 2011 3478 4775 2881 645 2158 2476 1558 4908 3809 62 4380 3397 3988 1822 1494 2541 2140 12 3502 1672 4708 3584 4307 2060 2587 509 3517 1077 3774 1044 4548 3876 4981 2755 4933 4846 3414 693 2810 1436 4628 3820 1399 567 3160 4411 3400 1586 3101 2475 965 1680 3540 4453 3880 4997 3112 1151 793 3968 4379 2729 1263 1548 4499 4369 866 4445 4520 2283 3338 2129 3960 4825 2237 2309 504 4378 4613 173 4465 4520 2682 2559 3217 3888 3269 956 638 3066 3940 3167 3702 673 2494 3874 970 4497 2538 3467 4309 3392 4801 4468 637 4470 1827 592 1286 4793 1330 4895 1245 2481 201 2797 536 4787 253 2483 1526 3890 1543
3000 1142 1261 2642 4681 258 4650 1683 863 3132 333 802 4658 2836 2117 695 2673 1842 1263 990 3106 4981 3864 360 1856 1102 676 3693 4742 3102 3978 2339 4613 702 1575 1261 4071 3176 3718 3094 1646 3869 4358 3648 1869 227 1664 808 255 1390 1106 688 426 3865 1076 4813 630 1933 1855 4063 4793 3565 4637 4863 858 4579 4458 615 3675 1475 428 1094 4218 3812 1274 1531 4170 1191 3603 629 3388 2513 2959 1248 671 542 3055 1200 3278 4354 4476 4758 1915 1719 3149 2350 554 1865 4413 2170 4022 3646 3069 4263 4366 409 3823 3420 3546 436 1377 425 1090 3253 4631 3408 1413 1114 3914 1198 4595 2949 1216 3649 4284 3329 4192 4418 435 3803 1505 3902 2206 220 3116 1628 1905 3286 4135 341 3754 1134 3853 1347 534 1918 4341 3219 2900 1078
62 4621 4049 934 1330 3367 4940 1326 4343 3783 2682 2180 2506 2117 3836 2418 1343 2398 3873 4352 3642 4555 1464 3074 4361 3458 1513 4712 1939 3433 2745 2051 4462 4157 887 936 1740 1695 3536 4145 4387 1697 391 2823 4229 2772 3208 4957 3416 4800 1203 546 2697 4049 3340 4964 454 4065 3979 4390 4841 1330 45 4398 2153 3581 4788 1231 1135 728 2066 2175 1569 1804 3422 699 1469 439 3164 2657 778 2817 3587 1890 4783 1430 1576 3244 717 3948 655 3236 3969 1455 3871 1238 2277 412 4101 1784 2586 701 2099 3298 3241 440 4785 4596 2219 3207 4976 3389 2632 2783 2933 2039 1479 1593 2851 217 1126 318 2065 1527 4922 2281 3924 1032 2128 4896 4501 4191 3302 1051 4606 1655 1575 4979 4644 4988 1213 1985 3815 2507 4738 3454 4681 4908 2800 3182
3505 3124 4400 4892 4982 844 2795 1637 2797 4312 3562 330 3110 695 2418 2674 1011 1388 1782 3670 3402 366 1037 4534 3696 2531 2902 2220 3298 906 1139 2646 3140 2177 3281 4824 4120 4766 3497 292 3507 923 1075 1455 220 261 3711 2117 480 2985 2676 2899 3528 1914 1181 3978 3709 3472 535 3305 506 2249 730 4065 24 3297 1712 2426 3107 1656 1478 4105 3611 1333 759 3728 152 3627 1288 1590 3259 1835 4660 2657 506 3297 2722 52 4270 3859 3137 994 3061 3754 2416 4450 4327 3239 3702 1157 1275 856 1605 1400 4603 3267 443 3582 1678 1766 1329 616 1155 2145 2637 3007 111 4735 1055 2939 2153 1550 4748 3099 4755 3399 2126 726 3672 2887 1394 251 1861 4788 1181 4460 1746 4610 2991 1885 2221 2498 1757 3436 1864 777 477 4314 2706 1726
431 514 4376 2077 4017 594 1440 2768 3250 2799 1945 2451 1899 2673 1343 1011 546 4359 2126 4545 4771 4886 1644 4134 1843 3696 884 2398 2345 1535 802 121 4038 4956 3826 3373 3602 4085 3298 1148 2630 1729 214 4488 161 2970 4304 4312 4236 1528 1453 2510 1064 3876 3043 2307 2296 2737 774 3804 4409 3633 2960 4825 4319 4456 1843 4167 3247 4965 4398 2134 4116 2231 2607 1146 3198 11 4260 595 4234 224 659 368 4501 1028 830 650 2284 4539 4525 2732 4850 375 4127 575 1788 3250 4901 449 2881 796 948 1764 951 114 2994 3075 3371 1689 4501 3370 2462 3715 908 3847 2786 965 3997 843 2016 190 1741 2998 2955 3727 4091 4979 3644 4038 2614 1348 1016 4499 3243 4006 3232 683 372 228 3154 3360 3013 465 3684 1264 428 1712 2872 4014
3082 1355 3804 1543 2449 2911 1969 2904 4516 4581 3347 2981 2473 1842 2398 1388 4359 4023 1848 4417 1760 4541 570 1306 2712 4314 591 1932 1833 2903 542 545 689 488 1841 3177 4253 891 4939 4870 3142 2776 2507 3637 2417 647 3201 921 1213 2517 2534 1935 1641 2634 1749 73 805 843 192 151 4440 3218 2444 628 114 3164 3374 4374 66 881 3970 1375 769 4934 4864 4468 3353 2812 376 3288 3453 3246 2114 2343 30 993 387 1619 4735 4181 2288 4355 3478 1460 3392 2996 264 700 2065 2752 1676 4060 3290 1385 1957 4022 2207 1105 2726 4241 3448 1383 161 4976 2009 3544 873 4646 4796 4582 2579 3336 4235 1287 3268 4568 4796 4798 1007 3371 196 3656 1540 276 761 4578 4818 4981 264 4792 2094 3339 196 4277 3918 2916 1164 1807 3662 1201
4412 1817 2699 1128 1629 75 4559 2512 842 1201 2711 2860 4928 1263 3873 1782 2126 1848 1976 3223 1994 2892 495 4535 1402 4609 3964 2067 2744 3278 228 4945 369 3716 712 955 2248 1098 1407 3017 666 926 4244 2236 638 3803 912 2344 3936 552 1168 528 4802 533 2659 2800 3179 3743 116 4720 262 1698 3165 2877 4357 327 3263 2516 4499 4404 755 1493 4937 3969 2853 2348 787 1195 3293 4710 1623 1636 3975 846 1305 4854 661 3854 2404 120 440 3725 4268 2421 4261 397 1449 3208 2692 3748 4653 1318 2400 306 2484 3532 4874 2988 1225 1890 3716 1443 4040 1593 2876 2291 1895 818 3892 593 1217 138 4376 4339 4121 2486 505 3368 3475 4079 2684 2928 464 1987 3992 3547 1217 519 3488 2330 2556 475 1999 2021 4470 281 2308 2512 2937 2246
4388 3087 4515 563 1257 3242 598 1385 475 3717 2209 3006 3860 990 4352 3670 4545 4417 3223 2874 1473 4428 4929 1705 178 480 3027 1293 2598 3680 750 1951 1686 4230 4791 4846 4391 4377 1276 2101 3821 1272 1647 149 2509 2684 63 2493 1008 435 177 2267 4223 2544 431 775 4780 366 4081 2890 2055 3916 4538 3931 2375 3408 2505 550 653 1925 1808 2365 52 2765 1340 3079 361 1142 1236 4926 4254 4013 1129 1487 1317 424 3772 2149 926 4946 4476 2263 4629 3379 1813 423 4474 3336 3968 1845 1474 2720 916 3856 2137 4524 2720 2183 4029 614 2781 2786 4320 1916 958 1650 4760 2931 4232 2438 216 1412 2520 3781 217 3175 4042 926 997 45 1478 2330 2301 3498 3644 2159 3137 2920 1581 3145 4521 1175 2532 555 4116 4000 2931 1976 3583 2268
4281 327 3786 1736 2423 4612 152 2266 3154 2008 4785 2950 968 3106 3642 3402 4771 1760 1994 1473 4037 1660 1776 3195 1966 4812 3400 4182 1879 492 4444 4930 3762 1821 1834 3510 1940 509 4271 206 4710 2916 4933 4355 4315 3041 880 3568 3921 3377 405 4500 2810 2910 1856 2776 4651 413 314 4851 1247 1582 1897 3701 239 4750 974 617 2630 2525 2625 3908 4834 1174 1538 3341 3031 1888 1810 3599 63 127 2623 4156 588 874 2639 700 2566 504 3888 2158 3627 1071 1044 910 2506 1318 970 3106 746 2487 3314 3933 4047 2973 1174 850 2828 4066 1047 1446 4781 4760 3325 1058 4130 112 3544 1500 1864 3198 4106 301 4354 4575 464 82 3608 2526 668 3086 1076 4439 1134 3017 4282 3413 1030 1633 2541 3727 375 2991 4066 3788 3048 2137 1278 3378
354 3586 699 2365 760 2960 402 3014 3645 2814 3386 404 1272 4981 4555 366 4886 4541 2892 4428 1660 2366 216 3608 724 3914 364 4635 187 3551 2416 4051 1464 4468 4111 701 1358 4239 2344 790 4325 1977 3351 550 3143 2797 3131 2804 3133 3057 361 4143 3237 4799 612 1419 1324 2418 3713 4479 4551 1106 1964 3445 4843 75 4358 2857 2458 2549 1036 3422 3874 3412 808 1220 856 3012 4819 556 4495 4922 4916 4405 4028 4079 3969 4079 3965 3816 4676 2220 53 869 2950 1166 1537 1364 1421 3654 3325 1784 419 4554 4712 3029 3252 4695 407 1381 2444 3085 3398 267 914 2224 4875 3332 1938 2187 3224 663 2723 2946 2417 282 4463 4009 3546 4406 959 935 2718 3491 4012 4132 4521 2456 2994 3045 215 4090 3828 2992 2597 2516 3525 3746 3341 1089
4656 2351 1308 2671 2484 4364 1533 541 1567 1323 1502 389 4074 3864 1464 1037 1644 570 495 4929 1776 216 2069 595 4727 3339 3849 592 1052 3558 3105 4030 2025 2855 2376 2230 4139 3977 299 3732 3216 904 1364 4608 4111 3709 4262 4529 3613 2566 20 3283 745 930 1941 1119 2555 1752 4131 368 2365 3604 526 3273 1602 2916 4530 1613 1317 2788 3719 4639 3962 3166 2490 1202 2455 4677 1974 436 3314 3862 3617 4943 3941 4552 1579 3454 2429 3453 3316 3429 2687 1282 155 2369 294 927 1985 3353 421 2849 1980 4029 1383 547 3517 2806 1450 3207 4914 4396 3105 3511 3099 4754 396 2990 3556 2883 922 3136 677 4804 2109 3561 3128 3355 2971 3555 3418 2943 2363 4770 2756 2556 798 680 4874 2508 1749 4283 4433 1326 1526 863 752 3675 2572 4131
1712 341 254 3335 3490 3267 3495 1653 796 2434 1095 4935 2091 360 3074 4534 4134 1306 4535 1705 3195 3608 595 579 1470 4300 4687 2543 2765 4930 3535 1000 1926 1558 311 318 2257 3721 4069 1625 648 1103 1752 1661 1765 2549 2888 2294 1468 4899 4686 4569 1405 1293 4985 3458 1441 19 132 173 1863 4491 2727 380 227 3924 4553 1107 595 1448 2858 4230 4991 1682 4176 3268 137 4008 4636 4969 2302 4523 2671 3301 71 3036 217 3033 3019 2611 4246 550 4815 2401 1069 1854 1736 4286 1920 4770 4638 4241 3822 3073 3596 4093 1425 4307 4375 4749 89 2537 2639 1246 4999 2769 4004 4954 4359 1620 2642 3935 4954 746 4021 3870 2054 946 726 31 4674 3412 4582 129 4941 179 3262 1861 3658 1201 2358 1829 4145 1577 53 3911 939 1061 116 1245
3705 4266 3803 3702 4648 1732 621 4689 962 1996 1280 4697 3465 1856 4361 3696 1843 2712 1402 178 1966 724 4727 1470 3690 2786 2366 591 4889 1704 4797 1915 2560 267 3513 2628 4360 3869 2129 3950 2925 1801 3521 2545 2460 1541 1286 1334 2904 4483 2933 934 1501 1703 4820 4741 2246 3722 1518 4558 1705 428 3106 4111 1802 4966 3278 151 465 4649 3861 2598 4809 3623 2261 3981 2696 4716 1917 2781 3149 4993 3231 4220 1230 4781 797 4658 1823 1326 4912 1917 641 1669 1616 652 1708 3643 2619 3456 4907 336 2884 344 3060 4367 655 1568 894 3336 64 456 2455 2367 4786 3212 1044 324 1263 2794 3491 678 4622 4435 1903 377 3660 1389 670 397 3946 3338 4143 1916 4029 2968 1013 4294 1839 3983 2549 2786 2295 1467 693 2377 4856 4514 3071 1556
3232 4369 2158 4998 165 4969 1746 1365 2059 3446 2063 3189 899 1102 3458 2531 3696 4314 4609 480 4812 3914 3339 4300 2786 4374 1829 4779 1506 617 3075 3680 2735 2035 1400 450 2830 1757 2505 112 2860 3336 2882 4072 4844 2676 4326 2333 2809 3758 3155 4176 4217 1072 426 1706 3103 3790 1817 2740 3237 4509 3842 303 3180 1285 1588 3926 3544 3882 1051 2639 1783 2278 3623 1550 4125 1330 488 2725 811 4501 3208 3999 641 2151 3209 2960 4734 2134 2868 2673 551 1779 1993 3780 2872 613 3244 2889 4913 4197 3923 2071 4701 1864 2578 1326 1824 2074 649 2151 2770 1156 3570 3592 4837 1481 2597 489 4541 2159 4361 1895 2709 3046 1552 3231 4883 555 3870 4965 4275 3289 1631 2250 1187 2177 3909 839 50 2705 4648 1044 3920 607 3214 1615 1281 2166
347 1279 4308 2049 362 2338 2201 4336 4635 3226 3079 2042 2011 676 1513 2902 884 591 3964 3027 3400 364 3849 4687 2366 1829 1997 4964 3451 3263 4182 508 3784 1005 11 205 402 1874 3193 100 4905 625 365 2378 3282 1397 385 2655 4217 2870 4057 223 1598 3700 4929 485 1550 168 3739 813 352 1681 3754 4997 3444 1773 2184 3393 453 1275 2249 4797 2054 2721 1785 1025 1492 2496 1790 636 3230 3926 513 1299 4660 390 3516 4451 2980 1547 2724 1199 4608 4041 3202 4262 4114 2967 2125 876 4944 1889 4576 1200 4212 549 3420 1271 3277 464 3443 2471 2233 580 3880 955 1846 1843 2254 2831 1164 2480 2195 4677 4884 666 570 4622 3072 1163 350 334 2340 2198 4756 4986 4841 3710 3491 4502 70 2661 1990 1709 3183 2048 3525 2658 3492 218
607 1878 3176 2808 117 652 3992 4695 3488 3991 2364 1764 3478 3693 4712 2220 2398 1932 2067 1293 4182 4635 592 2543 591 4779 4964 2207 689 1373 4042 2957 2635 3083 1357 2078 775 978 2417 3434 1344 296 3374 1964 1865 4735 822 2560 4134 4210 3771 4471 2538 1716 3496 2836 3696 1141 4152 4054 3456 4834 4725 246 2709 3166 4784 185 2134 1067 4059 383 1922 4302 4977 2652 3069 4089 2220 2985 4485 3405 814 37 218 4516 725 3477 1611 89 2135 1858 4318 4026 4179 853 380 4592 3295 1168 3192 1893 3470 2417 908 2508 3880 3563 3792 4017 4231 2745 315 3735 1579 3901 3389 485 100 3771 4866 3696 2280 1958 641 4064 2698 2589 2286 4577 1994 548 2986 4452 4787 1997 4158 21 4133 261 1572 3996 157 680 4772 255 4036 3805 2589 3473
1452 4062 3547 843 1789 2691 34 281 2651 141 3369 4217 4775 4742 1939 3298 2345 1833 2744 2598 1879 187 1052 2765 4889 1506 3451 689 1718 3028 49 2209 3007 1855 4677 2163 3738 1694 4676 255 583 4418 497 3007 293 4054 3782 2894 2616 821 3245 4420 1146 4252 752 747 1028 3155 300 3296 4995 56 4243 3554 137 2779 3605 1055 1929 4535 1797 2810 215 3681 1702 974 490 1452 2627 400 831 3775 1308 2372 4020 2108 1649 3524 525 2159 1220 4468 2085 377 3893 69 4373 339 249 3744 3308 1031 2070 4642 4298 50 1664 2777 720 3946 4216 1937 2439 3740 4070 3889 3283 1262 1267 3525 3574 4295 3479 742 4126 2135 2866 176 2040 4862 202 4445 2343 514 3256 2029 148 613 482 3607 865 1104 2886 945 686 3406 693 1465 144 371
2532 282 3177 783 531 4863 4999 3559 962 4343 2670 2464 2881 3102 3433 906 1535 2903 3278 3680 492 3551 3558 4930 1704 617 3263 1373 3028 2798 1893 3736 1147 4911 1793 4241 1014 2599 900 4618 3344 4886 4453 1719 4779 2521 2727 4946 4589 713 2956 1127 1744 3209 4386 2721 2921 547 1022 2139 1918 2365 4953 2065 882 3740 4411 2012 75 2422 717 1728 4429 4632 785 2423 887 967 3880 4108 215 521 2738 2090 916 3024 3581 4961 187 1148 3988 1403 4802 2295 553 3287 4014 524 3660 3902 4898 2077 2602 390 2511 942 3967 3626 914 856 622 4712 2266 2320 2503 4192 4583 1513 702 634 844 1950 2447 3594 347 1901 56 1352 126 14 3162 3896 827 3279 4689 2151 313 1820 4165 2067 182 4011 61 2732 1585 3931 3598 1619 4113 1194
2461 3544 2703 3598 3305 1868 3459 1475 426 320 352 58 645 3978 2745 1139 802 542 228 750 4444 2416 3105 3535 4797 3075 4182 4042 49 1893 3978 4197 4977 4120 692 3524 3257 2965 285 2150 848 4789 286 2263 3022 3006 2922 4633 1639 2762 2782 2901 1897 1104 4754 3720 1878 141 3183 615 1651 2905 2270 3128 1161 4173 4584 1625 815 4508 450 3998 3579 2075 2346 11 2476 2392 4432 1388 1163 4004 658 4835 4478 1086 504 4675 2896 4255 1216 4329 3590 3962 125 3670 1973 2766 825 725 2406 3970 3082 422 4977 4178 4117 2177 715 3752 2844 4048 4796 3498 4876 910 2070 617 4815 4024 308 211 3591 1800 4421 3294 4827 1857 3204 3017 2311 2841 4357 4339 3833 128 2046 677 3379 381 150 813 1340 3859 337 2557 2510 3527 614 1638
3482 2502 389 1212 24 1715 1820 2773 2169 2525 1477 3798 2158 2339 2051 2646 121 545 4945 1951 4930 4051 4030 1000 1915 3680 508 2957 2209 3736 4197 664 3179 1391 2348 4147 3972 4099 4537 1548 2181 4128 2029 702 4033 3763 1275 1424 4065 742 2177 696 2714 4777 1927 2567 218 46 1831 3696 3216 4098 4810 51 4803 3888 4351 585 2941 3748 4510 618 1434 1003 4117 120 4987 1390 3980 4933 4280 1299 3021 1450 2293 2443 1832 291 1916 4093 1350 4333 3606 4542 724 483 2494 2158 870 3656 3382 3568 3524 1681 1086 2294 3825 2718 519 4062 1449 428 4618 824 505 4313 1055 3176 1194 2457 3642 3633 911 3307 529 4691 3414 802 526 4390 723 3831 2083 4810 621 4340 3915 318 1053 2991 721 4685 1128 3025 3564 1603 979 466 883 2944
3994 2273 316 1969 916 250 1484 3555 3705 3017 3187 1774 2476 4613 4462 3140 4038 689 369 1686 3762 1464 2025 1926 2560 2735 3784 2635 3007 1147 4977 3179 4288 3126 3339 4706 3350 3142 3677 2235 4461 1218 4906 1816 2178 1640 3897 2482 1148 2557 676 4111 3466 366 1853 2525 4525 1144 863 963 1769 4141 2000 2364 2420 1491 1163 4805 4591 379 1543 2574 3290 4762 982 3884 3315 3184 2070 4059 4967 277 2904 1419 376 4797 3941 3158 1396 3370 1831 1345 1942 4436 3986 4798 4939 222 2853 1597 3159 1673 4162 4089 1359 689 130 322 2322 2944 3329 1521 2995 4108 4932 4029 3757 854 797 2767 4444 2108 2064 2110 3978 2552 3406 1001 4249 1844 4526 4130 120 4481 3900 4218 4226 2983 4615 3008 2782 27 837 4015 812 4029 140 999 4704 4691
3624 4333 3232 1566 2457 4542 2550 4043 490 2620 3813 4636 1558 702 4157 2177 4956 488 3716 4230 1821 4468 2855 1558 267 2035 1005 3083 1855 4911 4120 1391 3126 4509 1667 1275 3136 1698 3648 261 2631 2104 1082 2698 4503 2866 508 4395 77 3760 4825 2888 1021 2405 4490 1795 3173 2198 3619 3955 1855 4422 1807 1090 4120 1621 1322 2043 4367 2818 1776 1738 519 2358 1409 3759 1126 2170 233 3360 1812 2542 4177 1247 3435 680 53 4785 1831 2057 3756 1433 3209 759 1780 17 4098 2188 200 982 3749 3595 4744 1026 61 3621 4311 212 411 534 4536 3755 587 3795 1596 2720 1612 1789 149 3505 2291 1137 1930 3941 4276 2622 2739 4771 2942 2222 3906 2804 4983 1924 1030 415 2620 1846 2044 4767 1243 4828 2531 743 913 3036 2975 1509 2072 3291
3993 1703 3682 2969 4394 4531 1260 1048 1054 3855 2566 1915 4908 1575 887 3281 3826 1841 712 4791 1834 4111 2376 311 3513 1400 11 1357 4677 1793 692 2348 3339 1667 4312 3660 2847 277 2435 1738 2272 1109 4950 364 2500 2400 3670 1385 3107 1493 3125 2040 1469 2926 2557 894 4215 375 3840 654 816 4818 3667 1827 464 4090 1021 401 3625 3921 35 2940 4085 4723 3286 3068 779 178 1999 3570 1260 2388 2280 1385 2471 4419 2602 1197 4101 681 2151 1512 4813 4463 1809 2659 2369 1509 3770 4958 511 4048 4513 3781 2105 3708 866 4883 1492 1561 4100 1082 4988 925 4339 715 849 917 19 1551 2392 1025 3013 2308 3194 4866 4974 3482 166 4440 2062 4303 3709 3000 2226 2739 1915 837 4059 1747 1860 368 4186 4940 1090 2189 1194 2171 3938 870
4912 3741 4304 3935 1353 2757 282 1487 2251 702 4440 1520 3809 1261 936 4824 3373 3177 955 4846 3510 701 2230 318 2628 450 205 2078 2163 4241 3524 4147 4706 1275 3660 1426 2817 4986 3291 1978 3347 1708 328 3498 313 100 1833 4578 4544 3001 2841 4866 1628 1993 2394 2273 4150 2459 55 1889 4731 3271 4408 2852 1140 2391 4150 325 1329 1997 864 4015 1153 2874 3805 4436 2210 948 795 3705 2444 1885 1751 472 2472 4315 3126 693 2761 2082 2104 4706 4331 341 1788 116 4967 172 2531 710 2074 1600 2861 775 2737 2909 3828 4462 4973 3989 818 3002 3822 1455 3557 954 1233 4843 3898 4456 846 2473 2708 2770 1444 92 3432 2813 161 644 1624 3694 4763 3141 3854 4806 2819 331 3993 4426 1570 3300 2597 4483 836 23 2185 4310 3262 667
662 1681 4501 3070 4595 2816 1737 4627 1053 4439 3592 4007 62 4071 1740 4120 3602 4253 2248 4391 1940 1358 4139 2257 4360 2830 402 775 3738 1014 3257 3972 3350 3136 2847 2817 4609 2984 2114 2891 3641 1727 3420 3241 1159 398 4618 773 2249 28 1894 4735 2395 444 3342 3389 3842 1412 2119 3357 3742 3752 3147 3714 1089 2737 3078 3137 3788 4533 1128 3419 4727 2181 3208 1866 2850 4616 4939 1727 1196 3058 2258 298 332 229 4648 97 2242 2609 3943 667 2643 3423 2293 3864 2053 2293 1879 3243 3208 4256 1954 561 2630 1844 839 4473 4586 3863 3333 2965 1109 3986 998 1847 3567 3138 4628 3668 2836 4924 1268 272 4647 3406 4787 2537 434 3360 4451 3847 2249 1594 1755 616 123 2376 1745 1391 2361 3674 3619 552 2857 1644 3246 2773 1015 568
2592 2366 3717 2789 4413 2520 783 375 293 1735 3254 3191 4380 3176 1695 4766 4085 891 1098 4377 509 4239 3977 3721 3869 1757 1874 978 1694 2599 2965 4099 3142 1698 277 4986 2984 3536 1446 2991 4960 1874 4019 1448 3798 4694 4924 3173 1754 2172 3357 3922 960 4072 1094 2428 2271 4039 1632 353 2441 1500 951 4572 3203 4667 4141 1333 2118 3337 4181 903 1235 3490 2429 4456 1416 1508 1868 2686 960 1710 609 4299 3327 2867 2082 1281 4822 4484 50 3692 167 2940 1077 4426 2388 3996 4453 3846 1091 1412 3610 3504 3064 581 3851 4730 589 2941 1112 3106 2701 3080 2006 3474 3144 4387 81 3481 285 3512 1130 491 1766 3400 1584 1980 3004 4378 535 1878 4525 2826 1297 3869 4982 871 4850 2507 1733 134 3049 4708 2168 3734 253 1862 2601 2310
4594 2116 3389 1746 1526 2469 3197 2172 3765 2584 3562 4422 3397 3718 3536 3497 3298 4939 1407 1276 4271 2344 299 4069 2129 2505 3193 2417 4676 900 285 4537 3677 3648 2435 3291 2114 1446 2081 1814 2686 304 2597 1419 1681 2556 294 489 181 364 2780 3271 3631 3890 4744 2432 3864 1883 4234 1295 28 4854 4365 2182 825 3207 1933 4316 2148 1836 4125 934 915 3548 4522 1399 3201 106 3483 4647 3729 307 2666 1336 3607 4784 1329 363 3480 3131 1125 3909 3097 1998 118 4969 1504 2390 2751 4663 4456 1492 4746 2324 1508 2691 1284 844 3656 1194 3332 890 2331 4805 3202 361 4804 1367 669 245 2665 4468 3241 1668 3996 4520 1813 4686 4786 4756 206 4382 4211 4154 1065 4632 4742 2466 4345 4700 3853 2470 593 2517 1105 4178 1192 2367 2386 4948
1809 762 1525 1927 4304 276 3877 2025 136 3805 2319 4324 3988 3094 4145 292 1148 4870 3017 2101 206 790 3732 1625 3950 112 100 3434 255 4618 2150 1548 2235 261 1738 1978 2891 2991 1814 97 4282 2742 3561 172 3344 3706 1955 2282 1002 3486 747 3139 3976 1627 4273 4432 3292 1687 2621 2434 4482 1396 548 2007 2537 4780 2527 3764 2865 914 2841 1555 807 2968 4247 4900 3181 1835 2211 2728 4207 2580 827 1745 3343 676 4580 2975 4569 3383 1704 4957 3459 1953 3205 170 248 1832 1672 4952 3021 1065 1165 2839 2606 2201 4525 3871 1024 1082 1150 1850 639 4719 2059 4345 2978 2813 4770 1461 4570 3492 3854 4665 3941 1220 3749 718 1821 2829 4623 1434 3505 3221 1033 3365 4412 2322 137 1660 4610 1731 2701 61 4219 4110 124 2772 4934 4393
3208 4990 3764 4201 3479 2362 2439 4618 4987 2727 4786 2125 1822 1646 4387 3507 2630 3142 666 3821 4710 4325 3216 648 2925 2860 4905 1344 583 3344 848 2181 4461 2631 2272 3347 3641 4960 2686 4282 2983 3853 1297 4396 3100 1876 554 2370 3592 764 919 2668 4626 3793 3228 77 2302 4426 348 918 3261 326 4993 1919 506 364 2433 2502 3467 464 304 2316 4003 2020 1160 1004 706 3382 4727 1470 3485 3337 4732 900 4246 2317 2091 3772 1389 608 1980 2635 3662 4049 208 4223 4560 1336 1031 539 3690 3757 3349 879 466 853 3566 1646 774 2674 2563 881 3714 4106 416 4981 3567 2594 500 4628 328 596 1338 3998 3931 1837 4149 2693 2136 2181 3541 3026 2143 2597 3981 3507 1017 900 760 822 503 910 2362 3446 3357 1910 1883 4862 904 79
305 3720 4950 2797 4536 3558 3289 4357 3714 1382 2368 975 1494 3869 1697 923 1729 2776 926 1272 2916 1977 904 1103 1801 3336 625 296 4418 4886 4789 4128 1218 2104 1109 1708 1727 1874 304 2742 3853 3978 1381 1544 4368 2341 1740 3638 4287 2819 232 1646 3335 118 2908 424 4077 1002 4285 1744 785 4812 138 4053 2195 4074 556 2677 362 1294 4107 917 381 1236 2997 1213 3890 3984 4880 1622 4282 4164 4046 157 3580 1075 1260 4854 1897 3654 4475 2474 701 3242 4453 3336 3557 4183 549 4197 4231 2704 3247 4916 4942 3130 4896 4613 3677 4721 4100 4871 2281 3824 4012 1389 3570 696 2185 4921 3028 3715 2933 1299 4374 2940 1704 842 4411 4366 2031 1340 362 3408 2581 169 2375 2067 3258 2904 2791 2169 3338 2498 185 1099 1574 729 2768 3310
663 1413 2995 4396 1899 4449 3627 4786 1281 2193 3897 265 2541 4358 391 1075 214 2507 4244 1647 4933 3351 1364 1752 3521 2882 365 3374 497 4453 286 2029 4906 1082 4950 328 3420 4019 2597 3561 1297 1381 1091 3252 799 2138 853 1560 1665 758 2986 965 3382 1300 772 4324 87 1848 778 1487 4148 1299 385 3062 2809 4436 334 1212 1638 4520 364 1287 330 2605 2395 4122 2113 4735 4702 1872 2426 3644 3492 4550 466 3744 1632 4354 3008 1063 288 233 4580 1878 432 3018 2142 2174 4086 3790 3175 4173 4650 1174 1500 2955 1275 2231 2714 4270 1729 1278 2657 837 22 2669 175 41 1770 1024 1218 1773 4040 371 3546 3212 1970 4862 2092 1002 1276 4241 2183 1420 4634 3453 3401 2185 2549 4593 2320 4268 1117 4818 3675 3643 2138 988 2654 537
3646 677 1066 526 987 1239 1090 1512 3302 2708 4358 1948 2140 3648 2823 1455 4488 3637 2236 149 4355 550 4608 1661 2545 4072 2378 1964 3007 1719 2263 702 1816 2698 364 3498 3241 1448 1419 172 4396 1544 3252 2455 800 601 1665 2567 3310 3448 4003 4119 4477 3383 2444 4860 2474 4212 93 984 1274 3812 1562 2770 1225 3458 1520 3813 4118 3783 2900 2937 3183 742 914 1049 1128 2166 870 2583 2323 439 1934 1868 3621 2942 152 4093 1300 289 3478 951 847 3921 2543 1402 2671 3050 4405 1242 3672 2404 152 977 2327 4725 346 3021 3140 4286 3994 78 2155 3732 2041 43 1965 3979 3277 408 1385 3873 2923 3941 4840 1795 72 1098 776 2686 2992 1603 4565 282 2003 2776 4005 3105 1115 2683 4497 2291 2721 3517 2304 1550 4507 1942 2612 4644
4712 2638 3320 392 1166 259 1173 3504 4354 4277 3337 2410 12 1869 4229 220 161 2417 638 2509 4315 3143 4111 1765 2460 4844 3282 1865 293 4779 3022 4033 2178 4503 2500 313 1159 3798 1681 3344 3100 4368 799 800 3327 699 34 367 1715 4275 794 1955 1773 2403 610 345 441 2699 264 3130 3837 1236 3556 2168 384 156 1560 1621 3313 1391 2160 634 3817 3874 2805 3198 4688 4064 3804 2746 1138 2467 1912 3996 192 3947 902 303 335 4193 1260 3419 4498 4848 1070 2977 2737 762 3914 3119 3374 4683 3055 1237 2310 4613 2033 1411 19 1193 4869 2166 4261 3551 624 2287 3222 1444 834 4356 3141 667 4464 3854 786 3671 3360 1634 2426 519 2539 4356 2639 2236 2017 1102 1143 4894 2124 4516 2868 2081 3068 3362 1680 3728 3739 4136 1478 114
777 3881 189 4672 115 4299 2533 3319 125 4311 182 3666 3502 227 2772 261 2970 647 3803 2684 3041 2797 3709 2549 1541 2676 1397 4735 4054 2521 3006 3763 1640 2866 2400 100 398 4694 2556 3706 1876 2341 2138 601 699 4938 632 352 3824 1836 4410 96 2263 692 778 4705 601 4990 1763 1902 476 4808 1841 4841 1130 4016 4794 1009 847 742 2723 295 4178 3804 1814 4439 1336 1053 1090 1752 1463 932 1847 3349 3081 1834 3751 4359 4103 4424 1449 2954 2016 2597 728 1558 4783 2552 2470 1929 196 2210 1000 3490 2988 1121 4110 1001 2428 2042 1108 4810 4334 2711 2731 468 1912 3891 2464 1808 754 3619 2377 3689 1250 4017 4796 804 1493 3190 3984 2232 4019 2768 862 3039 3573 2377 3611 982 3915 4006 4096 3775 3833 756 4582 1996 627 324
2542 3438 2690 163 2050 1421 2909 4100 1689 3690 3798 1677 1672 1664 3208 3711 4304 3201 912 63 880 3131 4262 2888 1286 4326 385 822 3782 2727 2922 1275 3897 508 3670 1833 4618 4924 294 1955 554 1740 853 1665 34 632 4716 162 299 376 901 4001 3331 3519 3650 2905 2931 1819 2209 4874 2659 4286 2786 1766 4030 2245 1282 4181 3335 3472 3780 2024 4157 4010 3729 4152 4306 1804 957 2934 72 4622 4909 872 2246 1245 767 1979 4678 1231 1608 583 2466 2843 4082 3818 1111 4450 2184 4872 2215 4672 1249 1181 2754 994 4722 4308 867 1300 815 4910 3527 1083 3366 2777 1965 2443 3979 4308 4598 3651 318 3660 1947 2468 786 2856 4705 4176 588 226 4006 2551 4384 1234 3088 2945 4957 1061 2715 3794 3468 1514 3448 4418 4681 258 3398 4055
284 746 4852 2491 4008 926 1085 251 4662 3298 4034 470 4708 808 4957 2117 4312 921 2344 2493 3568 2804 4529 2294 1334 2333 2655 2560 2894 4946 4633 1424 2482 4395 1385 4578 773 3173 489 2282 2370 3638 1560 2567 367 352 162 3426 378 2399 3659 2710 1644 342 723 4926 3180 1914 1424 4654 2743 4309 566 394 2523 1653 896 4640 3270 4283 4935 2400 1288 3036 3570 1667 541 272 1118 1757 4811 480 4920 4519 2256 3717 749 3582 4502 1670 106 4804 1988 2326 1268 3756 11 828 944 1473 2854 3681 3217 4100 124 2653 3210 4212 248 3773 2193 1935 421 4689 3831 4367 608 1226 13 1655 257 2709 4161 1382 4439 605 504 1541 18 4838 4545 203 4237 4549 556 1431 4026 3032 4622 3784 675 4110 4217 4100 4035 384 310 1463 4493 4905
4277 4454 3185 2434 4514 1477 2843 2730 4596 4934 1056 4523 3584 255 3416 480 4236 1213 3936 1008 3921 3133 3613 1468 2904 2809 4217 4134 2616 4589 1639 4065 1148 77 3107 4544 2249 1754 181 1002 3592 4287 1665 3310 1715 3824 299 378 3731 4440 318 3184 77 612 3265 2866 828 230 2777 2477 4370 676 1015 2042 2565 2207 4094 2402 4120 2222 181 2642 3566 180 1874 2145 3327 1611 1605 3646 4447 2318 1667 4003 2228 1826 1289 3681 2648 2300 350 2370 3230 254 1815 3039 296 2299 81 1617 683 4915 2242 413 4718 3225 1541 1833 390 2237 2856 4870 3033 4825 4337 298 1020 3314 2879 45 1509 2957 2300 399 622 1291 1734 2180 1504 1730 1145 1840 1393 3042 4435 2991 4608 2791 2903 4934 3122 2891 2938 2226 3414 4694 948 3510 1753 3909
4641 2083 135 3944 940 1505 2135 2101 1762 3882 1542 3617 4307 1390 4800 2985 1528 2517 552 435 3377 3057 2566 4899 4483 3758 2870 4210 821 713 2762 742 2557 3760 1493 3001 28 2172 364 3486 764 2819 758 3448 4275 1836 376 2399 4440 2625 1176 3362 352 3535 4891 1716 2350 1407 247 4100 3751 2178 1175 2183 4222 4902 3297 2324 524 113 2451 1479 4059 4094 4638 199 2591 3498 1827 3093 1545 2601 3731 4892 2053 4442 2176 3416 4257 539 97 4201 294 86 947 3222 915 3739 2005 4497 4451 601 4999 3856 4177 1447 461 1011 2089 203 3407 503 4062 786 4227 357 2262 1933 4415 4617 2263 1405 1380 3536 4196 3259 1688 55 2596 4213 3717 610 4958 2444 240 2558 3055 1481 2670 777 1797 1466 2114 912 2128 3191 1064 498 3268 1903
1124 2222 2632 1192 4545 3451 4184 4416 4881 4987 1486 4548 2060 1106 1203 2676 1453 2534 1168 177 405 361 20 4686 2933 3155 4057 3771 3245 2956 2782 2177 676 4825 3125 2841 1894 3357 2780 747 919 232 2986 4003 794 4410 901 3659 318 1176 1544 732 3086 4716 4971 447 2445 4632 2254 821 3150 3444 2421 3858 1938 728 2351 4095 2264 647 2459 4543 2673 3040 517 673 3304 249 3143 1022 2870 1475 4915 2067 1490 2015 3810 3878 2274 1150 2216 2170 1373 3496 1016 2651 3990 727 1131 4064 3988 2523 2789 3072 2945 3780 823 2879 1314 2641 68 2328 4169 301 42 1964 2988 946 1581 530 1252 3515 2839 3552 2460 3273 1888 3334 658 4228 2175 3745 2931 3812 3931 2330 1464 3568 3220 821 1379 309 1971 191 4872 4259 3126 1625 1376 3416
1621 4269 1741 810 2368 2315 3391 3237 4922 738 787 4492 2587 688 546 2899 2510 1935 528 2267 4500 4143 3283 4569 934 4176 223 4471 4420 1127 2901 696 4111 2888 2040 4866 4735 3922 3271 3139 2668 1646 965 4119 1955 96 4001 2710 3184 3362 732 2398 2445 2932 3613 3153 3206 3222 3433 2273 1754 3434 4512 1081 1446 3340 2260 3631 4156 713 4631 1384 2046 3379 4155 3019 548 327 557 847 1980 3171 1320 2690 2495 3911 1772 600 3295 4383 2714 2014 1806 686 247 1251 4415 2225 1057 4839 112 4683 1269 57 2675 2795 698 38 4321 551 2281 378 2217 4803 1054 3293 4189 385 2086 2184 3269 4753 1802 882 3786 4001 557 657 4542 3073 524 1385 1564 3798 4589 10 908 598 4095 2446 4405 1418 412 3782 2944 3414 4315 2047 1077 362
3720 699 2310 713 2060 2237 1216 1670 3513 854 3998 2632 509 426 2697 3528 1064 1641 4802 4223 2810 3237 745 1405 1501 4217 1598 2538 1146 1744 1897 2714 3466 1021 1469 1628 2395 960 3631 3976 4626 3335 3382 4477 1773 2263 3331 1644 77 352 3086 2445 2518 1010 560 2848 3127 4531 958 3465 3131 1082 4574 1673 2420 1476 1314 1972 4663 3139 3191 4894 3456 3315 2974 3358 2269 3236 2304 746 2980 4261 682 2168 118 3653 3813 1047 1287 3562 4042 1942 484 771 3700 689 4522 3050 2368 503 1814 1967 2718 3291 438 644 2292 3854 3906 3393 2032 3245 402 1987 2402 3886 3857 359 3639 490 547 3810 4380 2772 1880 3156 3358 1945 2030 2787 4913 1966 4689 4293 1226 4246 4082 1187 2396 4197 1123 824 1915 3428 2929 3166 2905 939 1613 3604
1268 4415 3433 3480 609 4029 3948 4353 3771 820 1172 230 3517 3865 4049 1914 3876 2634 533 2544 2910 4799 930 1293 1703 1072 3700 1716 4252 3209 1104 4777 366 2405 2926 1993 444 4072 3890 1627 3793 118 1300 3383 2403 692 3519 342 612 3535 4716 2932 1010 4020 46 3898 1307 2937 3606 2924 3871 3557 4859 3076 1398 487 908 320 3982 3405 3413 4319 182 2614 4689 3163 3873 1111 1594 1882 3060 33 50 2659 2399 1618 1224 3180 2853 22 3391 401 1508 1755 939 1092 4796 1364 3784 1911 1590 4124 4407 1648 4106 886 3551 4116 2464 4793 170 351 795 2234 4274 4941 2783 4056 4460 1406 983 4122 121 1592 2309 2571 1331 2765 3682 1449 2149 1285 55 4921 881 364 3002 981 2600 1463 2314 3133 491 1659 3826 3948 2765 101 1232 3454
