N: 150
M: 30
Symmetric: true
Triangle: false
5 128 117 138 10 104
6 94 59 11 95 2 44
7 31 33 60 110 96 48 106
6 122 56 91 36 98 42
6 140 73 7 77 9 93
2 70 125
6 6 47 40 23 90 114
4 74 112 14 120
6 131 133 3 16 84 105
3 145 26 100
5 108 22 55 121 81
2 67 25
4 134 132 86 37
8 92 17 148 113 30 72 19 118
4 147 63 85 21
4 78 126 76 136
3 18 71 149
6 79 66 54 135 82 12
4 87 83 101 130
6 29 39 1 139 123 34
5 53 102 46 127 58
7 28 88 80 97 65 62 107
3 141 142 38
3 15 64 143
6 49 103 115 35 4 57
4 43 27 69 52
9 144 20 99 41 8 32 50 109 124
9 116 150 13 5 75 137 111 51 68
5 45 129 89 119 24
2 61 146
604 1782 4558 3696 193 3657 2553 2451 3664 2375 2433 1563 1538 4266 2168 1230 1960 2360 4848 137 4158 3799 2047 1112 3877 542 1868 1316 959 3594 3980 973 4952 1988 2899 2846 4432 3303 2853 281 2658 2719 2573 258 2747 1784 2598 4480 2925 2737 4523 3678 2724 636 3676 4478 561 1617 4537 2675 4925 4199 1881 1500 353 2987 3915 754 1620 165 2735 3942 3511 2197 815 2385 4183 3801 2673 3637 3759 4634 3038 1171 447 31 4845 2056 4978 2590 4989 3366 2385 1885 1111 4515 885 4910 1281 2456 4989 1316 1191 4801 2510 2637 1023 4378 1396 1294 257 1348 4447 3732 4906 726 1588 2883 1377 1437 1289 2767 2260 745 3474 1284 2720 2971 1831 4744 1842 1692 1758 1226 3115 3124 4060 389 1164 56 3394 3317 2645 610 262 50 3974 2838 770 1659
1782 1229 1198 4917 67 1534 144 445 1295 1256 4782 1462 3050 4563 4383 181 1286 1062 541 1075 1361 4622 3421 2671 2835 1574 1932 689 4254 3257 4871 1675 1383 3054 1377 4737 4215 3289 2541 1622 2452 2060 480 2419 1240 4621 2060 2009 943 2534 2227 2613 3838 4309 1532 2010 1695 3253 1567 1018 145 2374 838 2777 1597 1060 1310 1947 4264 852 2861 3094 3707 3337 2336 1118 3274 1423 2341 490 4811 890 2001 1970 3578 2797 2012 4757 921 4064 4276 4585 3286 1741 2847 4406 2726 3375 1346 1982 2554 2778 2378 1436 2804 2558 4386 12 1836 4623 2756 3432 2436 4990 3853 2285 1359 603 3699 50 616 3937 4858 3705 3017 3740 751 3945 1210 2959 1255 4009 917 4282 1659 408 3385 4730 4081 4368 587 544 1758 4514 1151 2478 4005 536 545 3171
4558 1198 321 2646 4999 2227 1995 1935 1769 1417 846 3792 1623 2235 2970 3502 2808 142 797 3700 915 696 4656 2055 3401 2316 4100 3747 509 1000 20 2514 20 2747 392 1923 1548 1259 160 57 917 2478 4047 1953 1810 80 1306 750 876 2512 4329 1215 4443 2843 4589 100 4293 756 3840 795 4271 2313 3990 617 2292 3527 4012 4283 958 2223 70 820 1653 2545 1106 3550 1266 668 3473 3487 88 541 2344 1314 2454 3408 2813 2722 1234 4262 1429 4702 136 3913 1637 1956 3325 4954 952 735 173 19 2564 2074 233 2894 3138 165 4005 3058 3025 1638 2164 1287 1911 2178 1630 4607 2667 69 3154 2220 2760 608 2476 3420 4836 3093 2572 1502 2052 4392 3797 30 976 402 3810 574 732 3892 2581 1433 1030 3206 588 1397 4754 2479 4370 463
3696 4917 2646 438 3188 2378 1358 841 1250 56 1775 3734 1688 3286 2688 4070 340 1618 3193 4868 235 3172 3398 368 4762 3670 3212 2669 365 4236 187 1254 4409 4096 1036 1117 2988 4537 891 932 329 4107 4233 905 155 1530 608 3507 4129 2239 4800 4788 3459 834 4702 2811 2548 3532 797 3539 1546 43 4494 208 2988 4731 2117 3068 1815 946 1041 1125 1415 2826 332 2478 3177 668 1376 1703 3764 4223 1096 3812 758 276 3185 4669 2517 2308 4002 4425 4279 1546 1626 4874 2259 3782 1130 419 1764 946 2089 4097 3245 3005 2306 3110 4855 3693 2573 2344 2215 4063 222 1102 1226 540 594 1858 4162 1217 3409 942 4111 1186 1178 3100 2377 906 960 259 2570 4826 3196 2743 402 855 4765 1627 1774 872 1919 4469 2541 4865 2661 3246 4308 2330
193 67 4999 3188 241 762 642 4582 4390 4888 3477 33 509 1936 2657 2759 1697 3118 2406 3168 3824 297 3768 3398 1095 2799 4263 1059 767 2287 50 3191 395 3333 4358 554 2011 860 966 4660 3582 2004 1487 535 4358 1525 4065 494 3685 1469 2264 2429 3569 4034 4069 4387 1975 3109 450 1343 426 4001 2307 2161 2353 4307 4486 4034 964 555 591 2468 1816 4245 389 2558 4047 3778 3967 606 1426 2989 288 3336 254 3365 3975 948 3922 4175 506 3463 2311 3751 4371 2684 3461 918 2741 2808 2916 276 4331 2404 1720 2865 3272 1258 4873 3536 4325 2642 1086 2705 4785 4419 2928 2654 716 1845 2684 2763 463 2289 921 335 505 763 3187 2382 1119 3592 4836 4179 3737 1142 731 3603 4277 137 3685 2671 2290 1476 4080 3792 581 3616 2720 1441
3657 1534 2227 2378 762 4379 4341 3112 1375 2712 843 647 4696 723 4418 277 2370 647 1956 2060 4024 1327 2999 1770 171 2594 1220 1722 1153 2562 581 708 4234 2524 2738 2798 680 3110 4219 3834 3225 3059 3317 945 4267 2046 511 3175 1855 2346 1845 4850 395 2109 169 2119 91 3697 1890 3675 3009 1744 3745 736 3310 3586 2766 4518 1020 4344 3983 1026 2653 706 1647 3738 1848 1272 759 1274 4649 2400 4172 1782 262 202 1918 3716 645 1515 1685 2604 3564 3116 3504 3876 2041 3304 1340 4829 2686 3481 782 3800 521 4277 2622 2881 1335 2235 70 271 3211 4764 2302 1363 4578 279 135 3827 2622 524 4763 1773 4985 4706 3929 1968 3785 4588 2600 1866 939 3694 3191 2960 938 2762 990 1276 1928 983 2733 3579 2171 2687 450 3559 1793 1762
2553 144 1995 1358 642 4341 2622 1375 628 4688 3273 167 1126 1974 1641 2023 4604 1997 3791 2911 1252 1852 3301 2571 3073 3880 2909 2735 1460 3148 4958 2664 613 4808 1967 1417 1353 2775 2110 1356 1538 2581 771 2413 2330 2775 1866 4535 192 3045 3415 2909 2105 4409 1884 4633 3457 305 169 4286 2238 2543 1752 1626 4600 1644 226 2919 3450 1835 2170 4893 2326 1216 3709 2614 3754 50 2727 2953 161 718 3246 922 3663 3896 1748 590 131 1518 1916 559 4473 4089 4177 1843 3346 132 4466 3408 2013 2771 2002 4762 2177 1014 2315 4033 2761 3565 483 3586 813 4492 3417 3357 3098 2664 3481 899 2589 1339 4306 4656 3183 3533 891 3423 4595 2929 2510 3998 1379 1078 2767 4868 1573 1766 3968 1230 4991 1615 4380 3744 2227 3551 3489 2833 3604 4931
2451 445 1935 841 4582 3112 1375 832 1502 2393 4456 1795 1281 2792 834 1385 3176 4236 3863 3190 4505 1428 2817 3283 3897 4932 964 4338 565 393 3262 930 603 1867 744 4254 4535 1304 4139 4626 1050 1844 3060 4698 949 2445 401 3826 4732 3701 1059 1657 1811 1375 2261 3570 2120 4612 2359 4774 3237 3257 4307 1901 2930 3306 163 1342 1871 1897 3420 2487 2051 3775 2391 1296 2327 4002 3751 932 3121 4396 2577 2743 2014 496 276 2023 1786 240 1460 3618 1034 4971 4933 600 587 2786 66 3403 3301 3175 595 3810 574 625 1277 1748 2319 2091 4167 36 1151 3842 690 4722 1106 4842 3298 390 1747 636 3361 3578 3966 2693 121 283 4229 218 997 4409 2423 208 1840 2393 1847 4740 368 2930 4167 3534 749 2702 2331 3704 3779 876 2638 3648
3664 1295 1769 1250 4390 1375 628 1502 4151 3352 4507 3692 1723 4309 3400 1062 561 638 1769 2124 654 1801 2343 2262 665 2834 3255 3628 3590 1570 428 2977 4764 4404 2905 2879 4456 3419 4107 1197 2180 4615 3268 2741 1959 4893 226 3577 2833 4986 344 253 1247 2378 4346 1735 4907 115 2501 3195 185 1261 1918 4655 107 4508 652 3159 107 2785 3087 222 1164 125 1056 3178 4683 4315 590 4275 187 2988 1676 3694 2395 587 1943 3856 347 4982 1363 3843 1694 906 1794 2422 1101 4747 2334 4456 1806 4163 3680 4256 2346 2308 3079 650 2261 3308 1547 2400 4104 990 3131 246 149 2733 4129 4900 2288 4710 2822 4461 2434 4243 2509 4059 1991 572 2861 103 4384 3633 1360 339 1612 1028 365 4744 4143 3357 744 4098 244 3821 2479 1535 4772 1875
2375 1256 1417 56 4888 2712 4688 2393 3352 256 3945 502 3284 2585 1312 1262 3371 3745 938 596 4576 3214 3136 540 3042 3262 231 4513 1186 4402 724 3941 677 3483 4783 1909 3565 1927 1333 4607 2652 4423 1662 784 2845 2408 51 1303 4442 4853 666 2910 1909 1367 764 2114 15 177 1277 3978 2446 420 3521 4719 3128 4006 146 3752 3453 3169 3230 1029 1721 2204 4651 1942 596 1876 3136 2640 4108 198 1531 3145 4505 4387 1307 4747 3475 3462 3034 4683 290 998 1362 2828 922 2742 2454 3325 2652 1606 1113 1598 706 1919 1844 310 4169 2960 983 3650 3075 3055 3842 3619 2780 4645 3892 3762 1510 3404 2586 609 3858 3405 1522 4957 4431 1438 1437 4714 487 1976 739 1228 4539 2210 90 3458 620 4260 3970 1711 1184 1908 3249 4337 1815 796
2433 4782 846 1775 3477 843 3273 4456 4507 3945 2992 1329 2754 3757 1763 4264 4941 2196 533 2125 2817 2537 4070 1742 4378 2051 2358 4083 4960 2238 3279 897 37 4728 2332 2813 3475 293 596 1902 3880 4583 554 1833 3319 1741 1648 2346 4594 4863 3090 4413 2081 4380 107 3946 1387 1045 48 2919 4996 3479 3547 2598 2282 2422 124 3140 2478 3092 1936 2904 4096 435 462 3113 1349 4642 3680 4709 4964 565 4326 4488 3846 4835 3931 245 792 2901 2394 24 4862 1393 2768 4860 4060 3772 1414 2593 3731 1891 816 2660 2076 27 3743 476 568 4538 2143 2988 4326 905 1656 4543 3278 1252 4721 3157 3708 4948 2441 4242 4710 1803 1376 1900 4820 4423 3410 972 3903 3760 911 4261 2180 821 3966 4999 4874 4928 1645 2725 2171 4562 992 1129 2009 545
1563 1462 3792 3734 33 647 167 1795 3692 502 1329 1483 1878 494 4810 4735 3711 1871 2883 619 3056 3669 746 3591 1573 1595 1141 3577 2507 606 1255 2055 827 1696 3652 3608 3761 2311 691 4920 4733 2667 2780 251 2170 970 2870 462 738 4836 2255 3116 188 1714 1805 960 4677 986 701 3663 4309 143 257 2190 4731 2479 4115 4085 2106 503 862 2364 1422 916 1544 1764 3141 3469 509 1509 1278 118 617 4282 3387 1139 4491 2628 4875 4800 4732 131 506 2863 4762 1785 3045 846 2129 1884 4150 4476 2431 813 3868 2589 3745 1206 239 4421 933 1702 1189 2709 2705 758 4164 3279 4062 1878 3403 3731 1370 4990 3254 3693 740 1061 690 195 2131 2799 1912 2814 1079 2053 4743 4926 681 635 4421 3555 1336 482 900 1837 2515 2559 3508 1541
1538 3050 1623 1688 509 4696 1126 1281 1723 3284 2754 1878 2092 3735 3772 4951 1244 1343 3219 4461 2157 1839 590 3467 4362 4341 2599 851 1475 2247 1097 2529 1539 3092 1908 1311 4471 162 3855 4332 4115 515 330 2769 317 4022 2846 360 1777 1270 1509 3770 2377 4996 1775 4410 2932 2737 2554 3995 4819 3460 434 3738 2569 1257 3818 410 698 4526 1892 3520 3036 1878 3931 2018 2769 3842 3440 1736 2251 3121 307 299 548 4640 1673 3918 4384 969 4237 2289 3591 807 2781 899 1726 4279 4381 2505 1810 2179 1879 2408 2898 4319 522 35 4862 2577 1622 4687 2567 2412 4917 691 1598 2231 2305 3369 4204 4956 3422 3060 1383 4734 2779 1276 1554 4736 1821 1619 2253 2143 3067 3375 1524 1922 214 3429 1865 1333 2922 1818 4478 3131 1888 2339 1287 738
4266 4563 2235 3286 1936 723 1974 2792 4309 2585 3757 494 3735 1065 3067 3974 3864 3977 427 4902 3659 388 891 1294 1750 3258 2131 4607 2140 3908 4643 1363 1561 4553 2628 2754 4983 1796 1839 2344 4028 826 909 2926 3939 653 3453 3420 1512 2546 2822 2549 1216 509 582 1594 2950 821 4470 3496 3827 3471 2289 1015 1039 1184 4224 4547 3021 1040 1664 4677 4115 3521 3115 2982 780 3310 1536 3349 1336 418 421 4589 761 381 2099 3115 3640 2481 2408 1128 2962 3731 1380 692 2284 3724 2982 2330 230 3769 4525 4691 2238 2386 3767 458 2180 4355 3534 3922 973 4265 510 2115 1682 2470 3183 1754 3083 2824 4568 4868 1074 4956 1463 3760 2521 1319 4276 2756 3687 4833 3704 1759 3548 4570 424 4655 4107 1197 3349 4734 1362 535 4203 3777 3256 4481
2168 4383 2970 2688 2657 4418 1641 834 3400 1312 1763 4810 3772 3067 2305 1682 1456 1152 199 288 472 3256 4137 800 71 2651 1378 4281 4807 876 471 3986 3643 4531 4763 1835 1898 2213 4142 719 2746 3680 3798 713 3063 1019 3516 2468 171 4293 4267 4077 2831 3049 1614 807 3533 3907 1318 1511 3916 1042 4281 4492 2436 1588 4647 1505 3089 2563 3401 1489 3325 2191 3119 2179 2589 125 1134 4766 3291 2044 392 206 163 1288 3622 1898 659 2870 3337 688 1722 4045 631 1689 4573 4301 4334 1530 1991 2971 1457 1322 739 3760 3932 3946 2878 926 4121 1404 1360 4049 3654 1810 1569 4349 1506 2151 3140 2456 999 4588 2401 3895 3418 1465 2034 4702 1720 979 3774 3634 1507 4880 4454 3132 680 1106 2563 1744 1803 2428 3363 3386 96 2639 4873 3343
1230 181 3502 4070 2759 277 2023 1385 1062 1262 4264 4735 4951 3974 1682 211 3996 2850 4827 3235 3672 837 850 2081 160 3606 3204 4280 1658 4238 3827 670 4541 3351 832 3507 4381 4223 4699 947 163 3657 4393 3695 3405 3652 597 1317 2523 1299 908 4203 4536 957 4632 1714 1815 610 822 4677 3747 3218 307 1004 2543 1098 3834 1156 4784 1484 4238 2017 3178 4147 4919 4702 1936 1554 4968 2730 428 4591 3765 3921 36 186 1582 2821 994 4901 1701 3549 3211 1760 423 3668 906 2549 2981 2718 548 3299 219 2007 4457 398 2168 1443 2983 4262 2965 4017 592 1753 3155 972 2724 4926 4386 4523 4081 2603 1998 414 2477 591 4482 4574 1716 1475 501 891 2003 1402 734 711 70 1643 3489 3822 3613 3355 4288 791 3292 2104 4350 1108 2644 4087
1960 1286 2808 340 1697 2370 4604 3176 561 3371 4941 3711 1244 3864 1456 3996 4711 1377 4381 4260 3340 2340 2712 802 616 2156 1693 3988 2107 328 1841 334 2961 2454 992 4944 2246 494 2616 4016 2086 1023 3046 4645 3601 3541 4152 1861 2313 27 4215 1893 3010 2635 45 3704 1407 3975 3970 76 1321 1473 1317 2252 485 156 4293 1309 14 1487 2140 2332 234 1482 4607 2704 1973 4267 2638 2963 992 1755 4408 1367 4779 566 1654 2017 1674 1296 1449 3921 1832 280 4900 4755 1734 4919 1344 2422 687 2341 4736 3830 2361 3694 3489 4721 2135 3215 2174 1688 4164 1190 4367 3464 1974 3326 4905 3017 3114 501 4152 4002 1554 716 2145 3685 3207 1219 3128 1935 2220 4378 302 894 2518 2497 847 579 1262 3031 3272 3964 526 2359 4630 3931 2852 3497
2360 1062 142 1618 3118 647 1997 4236 638 3745 2196 1871 1343 3977 1152 2850 1377 3923 4784 1502 4779 1713 2816 4687 3377 4880 3889 3179 273 1454 4950 2324 2505 3063 4756 1432 4551 1361 1564 1494 2995 4595 4383 1798 2103 3115 1331 648 3731 635 1568 3485 3692 3767 3873 1922 2343 1759 2828 1553 4292 2741 3548 3507 1477 3528 3896 3805 826 2662 4357 4858 4527 1454 447 3207 2437 4107 274 1678 2883 3506 598 1294 1110 319 79 4715 4445 1210 3665 412 824 3493 2120 2918 3594 3917 2339 2636 170 2420 4992 3526 361 3917 1802 68 363 963 4401 4390 3782 1506 3638 588 2556 1765 2086 4457 389 3969 4006 4388 4572 2174 1120 4686 1644 4923 4545 1889 3720 1835 1890 2236 3716 2609 3215 3823 323 4253 4566 3467 1265 2467 2061 154 379 1485
4848 541 797 3193 2406 1956 3791 3863 1769 938 533 2883 3219 427 199 4827 4381 4784 2873 818 4856 2236 2869 1531 496 214 3203 2974 2241 4447 2575 4443 833 2331 860 977 1312 527 537 2695 4557 2487 1657 4124 2737 2932 2449 3729 1396 4527 4645 3445 1089 3202 1723 1520 4217 921 4419 2029 3121 4169 3606 813 586 2430 2855 3348 2197 31 2445 3738 2751 3598 2135 3861 2141 817 3636 3976 1741 2688 1153 3704 2155 4600 867 3508 4427 918 4917 541 3218 4097 4620 2924 104 3569 1442 254 333 257 312 4135 2499 1793 10 492 3457 3956 4685 1179 48 2971 124 1582 1811 1694 454 3607 3097 3550 3832 1341 3657 2721 256 768 2765 4804 3699 532 2336 4012 1183 2511 1782 2909 4754 2735 4827 1322 4333 3198 4729 1616 70 3762 956 4269
137 1075 3700 4868 3168 2060 2911 3190 2124 596 2125 619 4461 4902 288 3235 4260 1502 818 4765 3587 1882 1151 1860 3840 4854 2285 2340 4647 1420 2630 2422 4605 2239 2203 1392 3463 672 3814 2849 4096 1906 975 330 3620 4183 4076 3321 4539 3321 4122 2113 1792 2159 2602 4957 266 2926 842 3903 464 1427 304 4723 2477 1867 1927 856 4069 830 1706 3095 4641 608 153 1989 337 587 3086 1310 4488 367 1064 4737 3008 354 2939 1591 1362 1683 1445 3933 276 3840 868 3506 115 589 4605 3520 4407 4383 350 493 35 3064 434 2920 1562 286 2811 2329 4191 927 952 369 850 1711 3220 158 3881 2393 3883 4078 2361 2330 3096 89 4470 2425 2500 95 255 2446 4130 4790 4268 3177 4585 3128 3141 604 4416 836 2032 298 2616 4911 2424 3317
4158 1361 915 235 3824 4024 1252 4505 654 4576 2817 3056 2157 3659 472 3672 3340 4779 4856 3587 1237 3676 4656 3585 4759 3346 4560 1930 1934 1828 4392 3648 849 3298 393 1804 238 907 1583 3527 864 2135 3368 3368 3931 2466 2160 4273 565 3472 4860 1945 396 1316 2910 2598 4406 4747 1568 1676 3403 4796 4466 1179 2991 3922 4299 472 3646 2125 2365 4534 1708 658 1968 195 3373 1555 4162 412 3187 509 1625 286 465 1323 3880 1952 2568 2253 4326 206 2638 3656 573 447 269 4048 4523 4954 4288 4517 1198 2565 2335 3588 4432 3316 2411 3265 3646 4508 1053 86 4120 4100 4144 4824 12 4864 3327 25 997 2246 1512 3491 3880 3360 582 3914 2655 4662 4117 3253 3497 4056 3544 4717 1061 3484 2966 1505 2486 2673 2262 2001 3225 1739 3788 601
3799 4622 696 3172 297 1327 1852 1428 1801 3214 2537 3669 1839 388 3256 837 2340 1713 2236 1882 3676 2454 2421 4343 4040 4502 926 211 4889 2701 599 4600 3690 3949 364 3856 4131 2919 4547 1913 2977 3591 413 1552 324 3445 2783 952 1835 2771 1802 1515 1171 4051 1878 3905 2990 3043 4162 2799 3226 4917 3290 591 3341 1547 2216 1359 1851 259 3960 2088 2971 644 2364 4570 546 2140 4302 598 3585 3046 3346 365 1322 4488 4942 411 2985 1280 1929 392 4096 2233 99 3580 3358 3971 1487 4760 3561 339 951 3583 3261 3990 4587 1648 4631 3659 4605 1739 1361 3735 1241 1426 63 2068 1162 55 4955 4555 2662 339 4637 3928 3059 263 4677 48 529 488 2130 3015 2823 2046 1075 3942 2662 2067 737 2588 100 2494 2972 2914 3354 1821 3381 4413
2047 3421 4656 3398 3768 2999 3301 2817 2343 3136 4070 746 590 891 4137 850 2712 2816 2869 1151 4656 2421 4655 3434 3105 3547 1715 634 4283 4301 2083 1296 3842 2898 1536 419 2414 4574 2452 3345 1085 3468 3884 3827 2494 1542 1601 1218 3526 4904 866 822 2774 824 1810 907 3842 1275 620 2573 2471 512 1325 2150 2219 1092 4773 1450 2548 3782 2011 2558 3563 2373 1808 3061 1607 2127 2986 3512 4516 876 751 2481 710 1994 397 4667 2222 1828 3388 4786 1403 2051 3691 4115 1238 3163 716 2105 3992 565 3937 4418 2052 3900 2165 3794 3659 3904 2153 1669 4721 3822 1704 20 902 151 4949 2892 2759 3742 3215 1399 460 4114 2330 2702 2830 4988 4046 1147 317 2066 4770 4376 3202 1088 1080 3472 4043 1398 1625 1811 4556 1282 3272 3938 1585 1201
1112 2671 2055 368 3398 1770 2571 3283 2262 540 1742 3591 3467 1294 800 2081 802 4687 1531 1860 3585 4343 3434 2322 2514 608 3090 4421 4692 1874 3922 2411 3187 4544 4513 2764 3623 812 4159 364 437 736 251 4103 3952 1697 822 1308 3570 3204 4121 2332 1828 4676 4432 4497 2118 3663 4262 3091 3196 2782 2875 4666 4554 2722 889 1073 4750 3780 2735 2500 2601 1739 3443 1927 3439 2992 2323 4730 1409 293 1442 1808 1419 956 4688 3037 4887 3429 4029 25 1488 2734 1923 16 2219 1476 2277 557 4851 3665 3204 124 2242 3195 3096 3083 1689 634 3211 3742 1442 2983 4557 1400 4540 3911 3596 128 4557 1626 4532 2354 3924 2655 4676 2769 1958 2735 2530 2060 3144 4926 1326 2166 3852 1788 4678 532 4918 1285 3904 1553 3516 1814 2511 3897 1388 3444
3877 2835 3401 4762 1095 171 3073 3897 665 3042 4378 1573 4362 1750 71 160 616 3377 496 3840 4759 4040 3105 2514 16 213 2571 3794 3103 2471 272 1951 3948 1171 4764 3340 1246 2614 1471 396 3671 626 596 3865 1405 4609 4453 2385 145 342 4272 160 3583 2236 1313 2318 1398 3214 2875 3792 2249 4418 2199 90 3752 3872 1454 2186 296 1778 1729 4342 643 1627 445 2640 3634 4625 2393 812 2385 3175 291 2958 249 1803 2974 2698 1353 772 2558 4803 197 2214 1675 3076 2530 2593 1238 3951 763 2859 1370 1505 671 4849 137 911 444 863 1708 3831 2906 2368 1187 4353 3416 1128 1970 4850 4463 4646 185 3016 4777 1677 4123 3820 2759 445 3541 2674 1867 2154 1254 977 4207 3809 1749 224 4957 3996 4766 714 2309 2540 405 1483 1183 223
542 1574 2316 3670 2799 2594 3880 4932 2834 3262 2051 1595 4341 3258 2651 3606 2156 4880 214 4854 3346 4502 3547 608 213 2351 3000 531 3128 4969 2634 3996 3319 487 514 262 2339 1886 2603 539 3572 122 1202 1406 188 164 226 4733 4626 2966 1553 1622 3107 3269 857 933 4268 1563 3294 4832 710 2220 1080 740 4968 832 1879 2618 3894 4142 432 2532 1500 2389 3887 999 4570 163 2798 1736 3785 4850 4640 119 1987 1088 4433 1483 130 1389 4503 2254 1393 4044 572 2158 136 4167 1383 4276 3787 1425 886 2845 3027 200 3908 4333 3333 3810 509 2370 1238 1753 1562 227 89 1879 1461 1571 805 517 2498 1431 3493 3786 4118 3030 3000 209 4271 2597 885 2992 1388 1843 1271 3356 2956 2829 1311 3447 3701 3734 1176 4590 4714 1161 2771 2594
1868 1932 4100 3212 4263 1220 2909 964 3255 231 2358 1141 2599 2131 1378 3204 1693 3889 3203 2285 4560 926 1715 3090 2571 3000 2768 3777 1470 1107 3440 2366 3987 3271 3013 2565 2731 1388 4460 2689 1085 1279 2754 3004 697 3419 2014 993 3562 3922 2185 2583 4078 2072 2370 2837 3270 291 3492 3448 2472 4898 1872 3343 1693 889 4618 252 238 3272 140 1060 4544 3089 3697 4716 3358 4945 2493 2106 3495 3387 4427 497 2690 333 1352 1137 13 1976 2725 4051 130 4980 1577 2862 3825 71 3061 1232 1316 3567 2218 3570 3908 2982 727 2691 712 2646 4953 1388 1733 4261 1354 4242 4214 4487 2785 1056 1312 3701 3971 2368 452 4857 2942 3810 3118 1117 1649 765 3061 3828 4110 2604 595 2290 4349 3592 3969 1426 1751 3491 1184 146 1367 3597 1295 3574
1316 689 3747 2669 1059 1722 2735 4338 3628 4513 4083 3577 851 4607 4281 4280 3988 3179 2974 2340 1930 211 634 4421 3794 531 3777 2128 4151 2857 3856 138 724 3681 513 4992 2821 1096 1456 1397 2210 1614 3988 4008 1914 2072 2437 4970 403 3049 2894 1236 2117 4700 3846 2303 1730 2222 4038 3390 4770 3685 2232 161 4288 3419 1180 783 1323 2306 1577 4447 4193 3401 1309 3466 2162 2440 4434 1934 4192 4011 811 1245 1393 3310 698 2881 1232 1410 4743 1214 4596 2221 3754 2267 4744 295 4136 901 1993 2859 681 375 4454 3051 4924 4525 2466 2649 900 391 4181 1376 3918 201 4064 3406 1671 3923 3005 4681 2920 4547 1489 2577 4267 3931 2360 4112 2954 2683 3633 1336 74 217 3092 2144 3965 328 4736 4968 4776 2791 1985 1753 4017 1792 1165 2040
959 4254 509 365 767 1153 1460 565 3590 1186 4960 2507 1475 2140 4807 1658 2107 273 2241 4647 1934 4889 4283 4692 3103 3128 1470 4151 2528 3987 2300 4311 3300 4238 615 3239 2479 2024 3176 1149 3473 3566 1800 3936 2748 2532 1663 4197 421 4811 2836 1732 4513 1335 2074 4243 1871 3972 365 749 2274 3209 4468 600 1937 4955 1658 101 2863 173 1143 4160 4885 556 739 4150 1982 222 2089 2634 319 3668 3275 819 1206 2416 3883 3226 642 932 4754 875 355 2608 1692 4712 1546 2283 2840 435 1396 2552 3910 1277 1951 935 3686 4891 3903 3528 698 1242 3799 130 2614 1228 4716 4643 147 1242 2274 2255 2587 3922 828 3352 4476 2665 4488 62 1265 87 4144 3337 3859 797 2801 1014 3446 1786 3620 2391 3929 3150 4500 3546 57 2800 3217 2458
3594 3257 1000 4236 2287 2562 3148 393 1570 4402 2238 606 2247 3908 876 4238 328 1454 4447 1420 1828 2701 4301 1874 2471 4969 1107 2857 3987 2992 3371 300 1369 91 4784 3080 4958 4823 4070 1284 2325 3852 4243 2971 4538 4009 4799 1214 4945 1044 4234 123 1235 1742 144 4821 2899 3113 3712 3780 654 821 822 3559 44 1006 3466 2608 2630 4949 3136 2103 977 711 4738 2667 4908 538 1551 1863 4491 3988 1930 4188 4108 3908 4127 525 783 3000 2661 3200 4856 3991 187 2527 2673 140 3359 3631 2753 1837 4495 455 1850 1009 124 849 1095 3152 1231 1673 899 2399 1589 3233 4634 1362 4462 3834 123 1800 1220 2729 303 3226 283 2020 4465 4288 3800 136 941 4897 314 2516 15 3175 2738 1068 1444 3855 3754 4860 2994 1772 2763 36 2089 819
3980 4871 20 187 50 581 4958 3262 428 724 3279 1255 1097 4643 471 3827 1841 4950 2575 2630 4392 599 2083 3922 272 2634 3440 3856 2300 3371 2326 4125 3104 524 3894 1884 4152 345 790 2293 3474 4939 2799 4945 242 4284 1896 672 1197 579 1601 4625 3744 84 60 3873 863 4284 3813 3047 273 3351 1539 618 2912 4899 2655 2351 1253 2363 1156 1255 502 630 104 4101 4387 2237 4943 4408 2903 506 4948 4183 391 3827 4013 3592 3922 1432 4623 2934 1039 3482 2132 4551 3938 1503 2969 2077 3084 3795 3480 201 1960 1682 4203 3199 1316 722 914 2632 3118 3620 951 3857 1315 4062 3261 668 103 2701 4323 781 409 4387 3167 390 653 3500 764 2725 4688 264 4069 4590 193 2090 4645 1024 4189 1014 4534 2302 628 60 4593 3870 3320 1075
973 1675 2514 1254 3191 708 2664 930 2977 3941 897 2055 2529 1363 3986 670 334 2324 4443 2422 3648 4600 1296 2411 1951 3996 2366 138 4311 300 4125 594 1982 132 1144 4974 3607 231 182 4295 481 543 519 4458 3048 930 4382 4364 2486 914 4971 2942 4010 1240 4688 2506 860 1406 4448 3664 390 1507 937 911 2190 1051 2956 3224 1079 4163 1525 4309 3902 672 2607 4459 1133 2437 895 4629 152 3464 3810 2742 1468 344 1724 981 25 774 3023 4672 2103 3938 3249 4185 316 1208 2515 3101 1061 2431 3576 3752 318 4608 540 4434 4845 1057 665 2534 2973 4717 4891 3709 2194 4983 1866 779 3423 3037 4482 637 4991 105 4973 599 3191 1313 2828 1007 4669 3698 3060 3388 2463 2444 3975 2917 415 4271 2076 4247 3389 2320 1270 3342 3334 2991
4952 1383 20 4409 395 4234 613 603 4764 677 37 827 1539 1561 3643 4541 2961 2505 833 4605 849 3690 3842 3187 3948 3319 3987 724 3300 1369 3104 1982 2925 4682 2808 2893 3791 2598 1933 3140 2875 1630 1333 4873 129 2699 749 2584 3368 4959 2528 3422 1501 4433 3019 453 1257 648 1116 3072 3282 3950 3933 3728 734 1028 3706 4567 162 2714 2290 1587 1098 1231 4003 3551 1299 1223 890 3442 2057 1824 3188 237 1827 469 4413 4354 4987 352 2482 1692 2376 4139 3085 2099 4026 1978 2065 4735 4743 547 1941 3730 2518 4377 4886 949 2054 2223 4044 2871 1326 3399 1264 814 4807 4771 1192 1456 2212 4785 2094 1821 3468 2259 351 2279 3573 1994 4297 3465 346 4957 1020 2161 2902 3424 4915 4398 3831 692 841 214 1506 4493 2514 383 674 1803
1988 3054 2747 4096 3333 2524 4808 1867 4404 3483 4728 1696 3092 4553 4531 3351 2454 3063 2331 2239 3298 3949 2898 4544 1171 487 3271 3681 4238 91 524 132 4682 1025 4916 388 2701 284 2924 417 1396 4316 1062 2075 2479 4440 4525 3835 2891 1705 1005 4101 3786 4662 1861 1756 4785 1807 3349 3634 1875 1815 4682 741 2167 3139 1152 1405 2306 2149 1912 1189 2218 2798 2094 2507 975 3669 220 517 1397 4644 280 1789 4514 2724 133 3163 4061 43 3747 1487 4711 1675 3488 2978 3996 3266 2206 4039 4534 3026 3065 1031 2663 3359 3253 2860 3439 3053 1325 2718 4440 2265 2925 121 1354 1607 1754 2699 1186 3665 2395 319 3311 1684 2331 4674 4654 1050 4980 2154 2371 1308 4350 1086 3055 4856 3570 3007 1758 1565 4215 3934 3218 531 2793 3001 1812 3017
2899 1377 392 1036 4358 2738 1967 744 2905 4783 2332 3652 1908 2628 4763 832 992 4756 860 2203 393 364 1536 4513 4764 514 3013 513 615 4784 3894 1144 2808 4916 4763 245 4380 735 3962 4082 2321 3513 1173 4993 2432 2452 2059 868 533 2277 1946 4548 3496 3428 89 3192 3771 274 4795 3148 4999 833 4346 2156 808 4967 1432 3389 1042 3178 4765 1044 3895 2563 2958 1104 3025 1659 3358 4903 4050 4073 2352 1060 3297 4846 1575 4619 37 2070 3727 3494 132 4106 4267 1071 629 2922 3595 1389 3881 1943 3900 3596 4114 3210 2769 4919 3236 550 2588 3068 2077 83 1593 4920 3182 3115 1377 3290 4945 3625 1105 4338 280 3537 3911 3271 3051 1192 200 4662 3847 3251 4446 4296 4765 1188 2051 2735 389 3524 1017 2112 4565 4116 2217 137 565 3083
2846 4737 1923 1117 554 2798 1417 4254 2879 1909 2813 3608 1311 2754 1835 3507 4944 1432 977 1392 1804 3856 419 2764 3340 262 2565 4992 3239 3080 1884 4974 2893 388 245 1577 1782 3536 1926 118 1312 1117 791 3674 4493 3123 4589 197 2003 4878 190 1929 3106 2211 4518 2063 2438 1119 235 1821 3805 4573 4952 1019 1062 2124 2642 1202 4329 4934 2754 4133 4152 3413 1680 780 1848 3781 3708 3358 664 2951 2956 2761 1357 1480 4263 1637 2455 4580 3292 4352 2222 2297 1967 3134 3305 3565 2287 478 3858 2094 496 4660 1742 3463 2813 3218 685 3024 4089 4565 3480 369 2259 1465 1179 1526 3928 983 1066 621 3217 2630 4906 1612 1771 1760 2340 4151 4196 988 2492 1459 2942 2622 2180 4746 2595 2890 4655 1072 3824 2575 469 548 4057 4377 709 1830
4432 4215 1548 2988 2011 680 1353 4535 4456 3565 3475 3761 4471 4983 1898 4381 2246 4551 1312 3463 238 4131 2414 3623 1246 2339 2731 2821 2479 4958 4152 3607 3791 2701 4380 1782 219 3701 4989 3435 4917 1536 1621 758 1926 342 3808 3611 2525 1919 4837 3706 2751 2656 971 2097 746 4837 2621 4853 4245 2074 1829 229 2398 3200 1072 800 1622 4656 3309 3065 3548 3535 3351 1915 431 191 3789 3988 4270 2371 2241 1586 2091 929 568 203 2577 2404 1195 929 3487 4011 126 3736 1787 1481 2785 2492 2984 3921 3444 3328 1539 4706 68 1232 3850 2634 2010 2981 835 4003 567 2333 1585 2500 2369 510 1198 4310 2896 3495 228 2418 2926 2387 1285 2042 3112 2824 20 3626 374 1928 2074 1866 2379 159 633 3912 1058 113 546 4285 1477 1667 3026 2814
3303 3289 1259 4537 860 3110 2775 1304 3419 1927 293 2311 162 1796 2213 4223 494 1361 527 672 907 2919 4574 812 2614 1886 1388 1096 2024 4823 345 231 2598 284 735 3536 3701 1724 228 3743 1049 1810 1974 1350 1701 4093 3249 3085 843 782 4914 1585 3038 1518 920 1881 4696 461 2381 4184 14 1882 929 2213 2495 3530 3358 3479 155 4772 4847 2140 1578 1983 419 434 4920 4849 4420 4875 3969 1178 4626 2514 331 2401 2328 743 4242 1701 2647 353 2632 2878 820 4961 2880 4537 796 1187 1568 2591 2493 3583 1589 1934 2509 2583 1993 4344 3974 502 660 3717 1054 4296 1646 2144 3333 2917 34 3782 2391 2387 3015 2597 1370 2071 4772 2209 1061 341 3310 2165 1897 3070 3619 4347 3460 1070 4983 3479 3598 3965 4217 4834 4277 4876 1241 4642
2853 2541 160 891 966 4219 2110 4139 4107 1333 596 691 3855 1839 4142 4699 2616 1564 537 3814 1583 4547 2452 4159 1471 2603 4460 1456 3176 4070 790 182 1933 2924 3962 1926 4989 228 215 269 3571 4651 2873 2894 4821 574 248 2507 2420 1530 3503 1832 4740 4207 181 1313 2823 4081 3284 2730 1600 4231 4564 3805 1687 1918 4440 4160 490 3696 586 4005 435 2331 2067 4240 3822 754 2368 664 465 1849 3345 2349 1918 764 4436 449 190 4568 776 3294 3139 1665 2404 4839 2251 2660 4260 4692 688 1284 2609 2424 2760 1882 1415 4292 3949 424 3866 4519 4634 2877 2416 3685 2524 2510 3793 447 921 2447 3586 1337 2199 2062 1293 1470 4269 1674 2718 94 3707 728 52 331 1293 1593 882 2936 502 3185 3853 1562 412 3356 3538 2868 3786 1780
281 1622 57 932 4660 3834 1356 4626 1197 4607 1902 4920 4332 2344 719 947 4016 1494 2695 2849 3527 1913 3345 364 396 539 2689 1397 1149 1284 2293 4295 3140 417 4082 118 3435 3743 269 3567 3572 3484 822 2592 4248 4548 4535 3776 1153 4130 192 4649 1438 4260 1583 2191 4924 3928 4308 4011 898 2124 4988 1417 673 3500 1474 1362 1007 1160 4123 2260 850 1532 787 3038 274 2769 4141 2095 3802 2631 4952 2595 4997 1732 1707 4349 4411 2479 912 1727 2381 664 4519 4961 2205 56 3369 2634 1023 399 478 4221 1509 4232 2560 24 164 3445 3383 1884 3065 2251 3211 2890 3379 2089 3961 4488 3811 2171 3591 1748 311 3077 394 1785 1297 589 3837 3273 3490 3251 1560 4555 607 2694 3271 4525 3830 368 2470 3955 3719 558 2588 2396 475 412
2658 2452 917 329 3582 3225 1538 1050 2180 2652 3880 4733 4115 4028 2746 163 2086 2995 4557 4096 864 2977 1085 437 3671 3572 1085 2210 3473 2325 3474 481 2875 1396 2321 1312 4917 1049 3571 3572 4161 420 2118 3867 2498 2410 3298 4644 3203 3480 1955 1901 2793 3093 4434 2232 276 111 2858 1928 146 695 4791 1231 479 1455 1300 1886 2465 3041 477 366 2529 2815 2709 3984 1011 2014 661 2946 3558 2129 3058 1588 3612 2483 2668 3789 105 1420 4487 2152 287 165 3340 4433 2919 2872 3340 4119 1658 3985 3115 1524 2437 3960 1210 555 1676 2021 349 2204 687 3862 3136 3209 3721 670 1003 269 2920 4761 1925 3763 1225 3927 1970 1528 767 4454 4907 2377 4401 727 4991 4509 1394 3810 2431 1823 4378 1137 3740 4545 2432 2730 4244 3102 3987 879
2719 2060 2478 4107 2004 3059 2581 1844 4615 4423 4583 2667 515 826 3680 3657 1023 4595 2487 1906 2135 3591 3468 736 626 122 1279 1614 3566 3852 4939 543 1630 4316 3513 1117 1536 1810 4651 3484 420 2556 4857 1410 4707 4103 3430 919 4659 365 4969 101 597 2018 741 3431 2518 1694 4961 4354 868 3222 3720 1434 972 1144 1592 3255 2763 4582 3446 378 2901 2541 1731 4062 172 2596 1554 1679 658 1982 424 500 1512 1710 1963 4694 1805 1133 1852 3630 3423 3887 4411 158 2093 3257 1822 1901 4276 664 4614 3211 998 3050 2811 4801 3403 1716 4658 1700 2385 1934 884 4575 4646 3817 3068 1593 1867 4811 2945 188 196 1290 4897 1347 1554 430 2396 4849 4217 892 2087 4138 512 3636 4434 2652 3762 2763 4170 1991 4633 331 4103 204 1951 3002
2573 480 4047 4233 1487 3317 771 3060 3268 1662 554 2780 330 909 3798 4393 3046 4383 1657 975 3368 413 3884 251 596 1202 2754 3988 1800 4243 2799 519 1333 1062 1173 791 1621 1974 2873 822 2118 4857 2016 813 276 1140 4334 4350 3676 371 3218 2910 4526 4877 296 4726 1870 4079 4110 1241 1376 777 3625 2008 39 4806 4623 190 970 2657 2568 2190 1271 2024 3299 1446 4079 3873 2899 2160 1909 2405 270 398 660 4440 2112 278 718 3284 1267 1533 484 4424 1698 4738 3434 3958 1108 2114 1068 796 2429 2820 3924 3828 4461 696 757 2235 2916 3851 2700 3326 253 347 996 992 3513 2169 1016 2590 2165 820 4967 370 185 964 3692 150 3561 1395 2570 4063 2417 184 4408 3619 638 3786 4540 3820 4523 2166 3350 3641 4834 1997 1354 4667
258 2419 1953 905 535 945 2413 4698 2741 784 1833 251 2769 2926 713 3695 4645 1798 4124 330 3368 1552 3827 4103 3865 1406 3004 4008 3936 2971 4945 4458 4873 2075 4993 3674 758 1350 2894 2592 3867 1410 813 3373 470 2595 2968 1734 3638 1714 514 2415 905 4128 194 905 990 4624 2746 3432 3149 3708 4383 687 4751 3002 4072 1399 726 365 2162 3278 1822 3223 954 1277 2777 228 2534 331 1236 3897 3426 579 4221 2364 2697 3636 3910 1402 4385 1863 569 1552 1476 3583 4833 185 4382 4160 885 661 4162 2881 250 1796 4668 4930 986 290 2733 1894 2494 4832 1933 1076 4522 576 1656 3398 4394 2264 1256 3372 4548 1514 2616 2002 4658 3441 1834 2633 2256 2269 1524 2435 2648 1360 3573 1861 713 2165 4366 397 553 2894 907 3811 3087 933
2747 1240 1810 155 4358 4267 2330 949 1959 2845 3319 2170 317 3939 3063 3405 3601 2103 2737 3620 3931 324 2494 3952 1405 188 697 1914 2748 4538 242 3048 129 2479 2432 4493 1926 1701 4821 4248 2498 4707 276 470 3896 1424 4919 827 3015 1197 4354 44 1195 2333 2218 2209 3223 2025 3596 291 4340 4886 560 1569 1224 1759 3385 543 3695 3715 2091 4262 204 2378 71 3386 3000 2216 2734 1318 788 4490 2867 107 178 4788 2939 706 4642 3905 3795 3381 204 1673 3064 664 4228 2204 2649 4216 3421 3067 3681 3699 1822 990 4379 2588 3704 3502 2743 3339 119 2553 650 2496 2922 4152 2605 758 4639 1653 611 3109 3286 2085 3950 2291 1398 3675 1207 4661 1011 677 289 276 423 1177 4699 965 2591 1091 2387 2087 953 2517 132 2028 2448 4851
1784 4621 80 1530 1525 2046 2775 2445 4893 2408 1741 970 4022 653 1019 3652 3541 3115 2932 4183 2466 3445 1542 1697 4609 164 3419 2072 2532 4009 4284 930 2699 4440 2452 3123 342 4093 574 4548 2410 4103 1140 2595 1424 2905 4989 2452 3478 1055 4766 1124 1681 1432 2744 1453 1647 1399 3802 450 4953 3776 3960 1458 4179 2042 4091 1833 3730 2656 3182 1348 1524 3735 1482 3386 4008 3760 2742 92 2505 3879 3356 2796 2791 2296 2961 4338 2346 924 4232 2798 1673 2089 862 4750 2947 4180 851 3590 266 3722 4048 1187 3828 220 2487 315 423 56 2472 73 1509 4001 4695 2131 2940 44 1214 1583 2994 4991 4566 1109 1389 1403 374 4297 1063 2680 1013 1970 4751 2133 1314 476 1723 4251 2334 1342 879 2783 24 2151 4123 4430 789 1218 1960 2422
2598 2060 1306 608 4065 511 1866 401 226 51 1648 2870 2846 3453 3516 597 4152 1331 2449 4076 2160 2783 1601 822 4453 226 2014 2437 1663 4799 1896 4382 749 4525 2059 4589 3808 3249 248 4535 3298 3430 4334 2968 4919 4989 3431 900 4801 3839 727 2131 1621 4822 2238 2055 159 665 3396 168 4107 4741 4842 3925 904 3122 1345 3370 3519 1268 2207 52 3168 3504 3203 260 4626 2056 743 3081 1832 1858 934 2913 4429 4367 1571 2487 3341 4658 1073 634 1559 2678 607 1729 4471 3570 3806 226 2733 2529 2038 829 4234 1993 590 3892 344 4938 4325 417 1463 2936 4415 3420 242 3247 484 4975 1010 2745 3420 2435 4055 2810 3855 4717 2247 2934 4170 1617 1544 2721 673 642 2973 3336 452 1666 2076 2221 3340 136 1479 2531 3903 2971 4385 4693
4480 2009 750 3507 494 3175 4535 3826 3577 1303 2346 462 360 3420 2468 1317 1861 648 3729 3321 4273 952 1218 1308 2385 4733 993 4970 4197 1214 672 4364 2584 3835 868 197 3611 3085 2507 3776 4644 919 4350 1734 827 2452 900 641 2280 3454 2574 845 4809 4855 3854 2387 4755 2696 1491 4644 4541 2148 3727 2717 4786 4038 640 2443 1017 3966 1672 3800 824 4546 4796 3473 901 4259 1825 3710 222 2551 3523 2896 3812 2586 103 804 2080 1286 2655 1353 2240 2095 3710 3542 3653 955 500 4345 4510 4404 4741 4982 3720 3431 4141 2394 812 4180 111 1311 4187 4343 848 4928 4017 3236 373 4235 4286 29 660 772 2399 3171 3235 3511 1961 3535 3830 4617 464 2956 4685 3814 2238 1241 523 4408 3616 1073 736 1234 2769 3388 874 2859 3939 4032
2925 943 876 4129 3685 1855 192 4732 2833 4442 4594 738 1777 1512 171 2523 2313 3731 1396 4539 565 1835 3526 3570 145 4626 3562 403 421 4945 1197 2486 3368 2891 533 2003 2525 843 2420 1153 3203 4659 3676 3638 3015 3478 4801 2280 2287 2013 3261 4242 86 1129 4589 1713 2645 4340 3920 4938 1114 3124 1094 1426 3769 2846 1934 4600 2285 765 2995 2008 343 3153 3561 855 1100 3983 2910 89 1863 774 3372 3210 3072 1483 4610 4582 4078 3811 292 2437 165 2728 2375 1835 3336 38 2761 2478 4324 2715 3758 944 1758 2110 1391 3521 4708 1370 2929 4544 755 4749 3002 3909 347 235 81 4691 4429 1868 3643 1054 275 4978 3705 2791 896 1338 4921 2075 2870 3911 4613 3284 2829 207 613 1539 744 4528 2666 1918 2171 709 538 4322 2529 1528
2737 2534 2512 2239 1469 2346 3045 3701 4986 4853 4863 4836 1270 2546 4293 1299 27 635 4527 3321 3472 2771 4904 3204 342 2966 3922 3049 4811 1044 579 914 4959 1705 2277 4878 1919 782 1530 4130 3480 365 371 1714 1197 1055 3839 3454 2013 1203 4935 4306 3705 4656 3973 4923 3776 260 3125 1827 1767 273 864 2156 3831 1276 4673 4054 2083 550 351 2894 3771 3990 175 1816 4915 47 2222 2227 3954 4044 114 204 644 218 3179 4963 2920 4230 2838 837 4630 1174 4548 4496 1121 4893 2399 3366 2734 187 2540 217 3950 3240 320 1282 1237 741 2452 4608 811 322 1581 4853 2048 2292 2525 4015 3077 1181 819 2765 1585 4254 3488 364 408 1169 2760 4409 198 2779 3693 2376 1767 91 4680 2091 848 3707 1914 4293 1790 1342 1424 3785 1492 2835
4523 2227 4329 4800 2264 1845 3415 1059 344 666 3090 2255 1509 2822 4267 908 4215 1568 4645 4122 4860 1802 866 4121 4272 1553 2185 2894 2836 4234 1601 4971 2528 1005 1946 190 4837 4914 3503 192 1955 4969 3218 514 4354 4766 727 2574 3261 4935 3847 3744 28 3686 3520 1744 303 1820 125 294 4856 390 3389 1977 3103 3489 2564 4568 3085 4020 4439 4488 610 3053 3253 3493 4136 2273 1387 2587 4832 3798 1766 1598 4164 2810 2858 2476 146 2154 1049 3180 555 927 3691 2578 1710 4235 1815 2222 4966 4543 1875 1322 1500 1735 289 174 1816 2845 4429 4563 3511 3399 4807 1244 1260 3073 3881 4475 4674 2841 209 2737 4372 4263 1794 2533 1161 2104 1758 3403 871 1471 2715 438 4434 4855 3444 297 2136 2657 4289 2598 4625 1156 121 2677 2153 1835
3678 2613 1215 4788 2429 4850 2909 1657 253 2910 4413 3116 3770 2549 4077 4203 1893 3485 3445 2113 1945 1515 822 2332 160 1622 2583 1236 1732 123 4625 2942 3422 4101 4548 1929 3706 1585 1832 4649 1901 101 2910 2415 44 1124 2131 845 4242 4306 3744 3160 3176 559 4803 1594 4585 819 1798 2458 49 594 664 593 1306 3949 3174 1076 4940 4979 725 4772 124 3272 4357 3859 1429 3025 69 1141 224 4274 334 4164 4304 38 3243 3880 2774 4591 4879 3163 2764 2088 4490 3049 2113 1095 4998 788 2553 2377 2024 1890 3502 415 1889 2854 3727 571 1022 1615 1865 847 2706 3611 3178 3698 1482 1375 4504 1839 830 2830 785 3107 2335 3554 4563 471 4575 4211 4203 3397 1882 206 3437 1323 289 3838 607 1301 2884 989 1630 436 3136 2880 4748 628
2724 3838 4443 3459 3569 395 2105 1811 1247 1909 2081 188 2377 1216 2831 4536 3010 3692 1089 1792 396 1171 2774 1828 3583 3107 4078 2117 4513 1235 3744 4010 1501 3786 3496 3106 2751 3038 4740 1438 2793 597 4526 905 1195 1681 1621 4809 86 3705 28 3176 3723 1368 4438 3385 3244 4345 4278 4463 4614 2993 1324 1450 4953 3711 4921 2993 1045 4653 4680 1502 1545 3258 1848 2818 4502 112 1364 1885 1443 2760 90 1737 1376 2831 2635 304 2565 4871 1953 1914 2976 325 2778 3220 1041 506 2282 738 1620 3228 1782 561 2910 3513 4107 1401 2790 4683 1349 3030 2099 2343 3114 4401 4281 3738 2011 1501 3494 2693 2052 2212 1069 1580 4524 341 1769 4462 34 586 862 2571 1467 3233 703 3787 2217 618 3475 1920 2361 417 4975 1138 2048 655 4869 1336
636 4309 2843 834 4034 2109 4409 1375 2378 1367 4380 1714 4996 509 3049 957 2635 3767 3202 2159 1316 4051 824 4676 2236 3269 2072 4700 1335 1742 84 1240 4433 4662 3428 2211 2656 1518 4207 4260 3093 2018 4877 4128 2333 1432 4822 4855 1129 4656 3686 559 1368 1157 1825 2658 3523 4258 4914 1592 658 454 3035 2237 3031 3334 2642 4980 4750 1720 1796 2567 353 2566 3395 2175 2516 2119 1453 3748 2878 4122 2540 3542 1606 2077 3263 111 696 2206 1452 684 3613 4088 861 4196 4368 10 2171 1822 1325 2267 1727 3094 4475 3324 4874 3178 40 525 3519 4798 4804 971 4043 152 4923 1074 268 3803 116 1838 808 4720 983 2358 3293 515 1302 2606 1901 435 4849 3493 1456 851 4477 3060 3858 683 1116 923 1388 4878 2422 4569 4314 4259 2267 3409
