N: 150
M: 30
Symmetric: true
Triangle: false
4 50 21 52 46
7 33 70 145 34 58 93 90
3 135 45 44
4 20 77 49 125
6 55 7 129 128 64 102
4 63 51 8 131
8 97 29 133 16 148 27 112 82
3 147 106 87
4 79 96 74 146
3 126 25 53
5 95 108 17 35 116
5 150 69 105 39 18
5 41 42 31 107 62
2 92 141
3 15 65 85
7 136 3 10 19 86 89 111
7 149 76 47 78 4 60 48
10 9 115 6 38 119 88 83 54 103 56
3 121 94 72
6 132 66 81 75 2 109
4 134 91 59 142
7 130 61 12 101 40 139 1
9 80 138 124 137 98 140 43 117 120
3 118 84 5
3 104 30 36
4 14 67 57 99
7 122 26 100 113 24 143 11
3 110 68 32
8 123 28 37 73 13 127 114 144
3 23 22 71
3821 4027 628 2532 3823 4163 2674 284 4211 3306 998 1250 3260 4025 2706 4512 3932 3267 4163 1410 4171 1143 1776 2079 4163 3660 4166 2734 1597 2082 2521 2294 555 3010 1830 4425 4423 3922 3974 4647 4858 1846 860 4942 3593 2278 1252 1017 2514 4428 3508 4794 647 741 3986 3624 2055 4387 4967 3082 4925 2618 1284 1702 4320 4812 3506 2396 4059 512 617 3959 4321 4163 1301 2310 1317 846 174 1257 1522 4539 3959 2267 4690 2711 721 2164 268 4918 4157 787 2462 3878 1208 1316 3437 1228 4972 3926 1876 3065 4118 2268 4121 2880 3751 295 2871 1095 2517 3544 4387 1897 1144 1376 4554 4693 3699 1405 2727 3082 4030 4832 928 1824 1247 684 901 4100 147 1989 3464 399 805 4114 1727 3010 4298 2013 3010 1481 3481 818 198 593 4844 2251 2246 2058
4027 4335 3977 247 4049 2198 2274 2507 2640 1100 440 4384 2080 1207 4796 2258 3521 1674 2392 3471 2021 4310 2939 1282 4611 4865 942 2654 846 1101 2694 4158 3261 4717 1463 1068 3964 68 3303 2961 4465 2176 2894 4211 4100 4362 4541 4408 123 3584 1915 2504 925 3045 1389 862 2939 1449 416 4488 4358 2193 2196 1689 4371 4980 2133 3501 4117 3907 878 4364 3393 1574 3703 3126 4617 1541 1856 1938 2640 2319 4358 2773 3718 1647 354 2067 3839 1462 3400 845 234 2836 871 212 2277 2850 3960 4260 337 1128 1629 220 3795 1170 410 923 1120 513 3315 2484 3247 2450 3380 844 4789 3863 1217 853 2572 468 4854 1529 4139 2128 3852 1783 1788 3089 358 4065 4464 95 3201 818 22 2846 3407 3750 4998 185 4675 2595 3395 3493 3505 628 1613 4008
628 3977 4126 2720 2771 2101 39 2967 4150 1373 1704 4579 4757 4702 2027 1454 1373 4839 436 1146 582 3451 609 3544 3810 851 1205 2892 4923 2779 1148 4706 1166 1883 4166 3910 3693 2741 2664 3748 3916 1455 2064 2118 3982 1569 2313 2291 423 2387 2080 1562 2370 786 1554 1658 413 4439 4594 4228 3844 4632 3950 500 1452 2664 3858 4469 3085 4643 4456 4077 1778 2223 1856 4834 41 1523 4487 1574 4831 793 297 2047 3450 3212 2588 3260 3086 371 1699 4301 1732 4529 3248 2034 1353 1288 2228 2950 3779 2956 4240 1231 2018 3218 2127 3081 4156 3134 4785 4623 3665 146 4932 4365 345 732 4442 4352 576 325 98 3110 3959 3049 303 4288 3942 4498 1366 2658 1115 3463 1948 801 4815 1331 3511 2735 860 2146 229 723 2055 856 2904 197 835 1605
2532 247 2720 3073 2117 3091 2473 3610 1475 4527 1791 2083 4712 1125 2784 1062 3307 3841 1758 1452 3060 2826 3228 3455 2689 4673 3976 2548 2750 3752 4256 776 19 2990 2070 3769 2390 2676 218 3793 1876 1889 2489 3132 3218 4589 2647 3441 364 1089 3658 983 4276 3132 4074 1323 3721 548 3733 431 606 4974 2479 1594 967 3870 2521 1389 10 4185 596 2701 2220 4735 1821 4976 4900 4158 4784 561 2688 2746 2019 2212 1476 2332 4097 4450 3728 1304 1798 2664 2395 3631 3843 3120 784 814 2753 2128 3475 2640 2236 3932 1350 2297 879 1852 3563 614 4672 1168 2987 1897 1528 4931 889 1453 4472 920 4885 1668 3282 3182 3945 1905 1523 4842 1808 3642 4017 2926 4303 709 3248 1933 1748 410 4682 3081 856 2835 2661 2249 3193 2424 920 3084 573 1777
3823 4049 2771 2117 2105 2168 995 2498 1494 2434 4752 3017 293 2868 2749 1984 1859 2053 945 778 2993 4297 3723 4967 3688 4022 3909 2527 4855 3312 1159 3764 421 2428 95 2776 1535 3259 1407 2621 1100 418 2050 1040 598 4280 4825 2768 1198 1884 1736 1157 2546 4519 485 4182 1172 2179 3479 1816 4243 3605 2957 491 3903 4817 2911 3506 2104 2237 3040 113 3603 4360 156 2898 4304 4860 3026 788 3248 2682 3250 449 1073 2254 2090 3391 2638 1225 2991 523 3641 2418 2858 4230 4243 902 3787 3672 3784 224 2321 1374 660 2035 4645 2377 4543 2045 4677 2721 4765 4308 4646 845 3863 4654 1953 1248 2945 1296 3314 4726 1784 3345 664 2738 164 1419 1396 2881 1451 328 776 1782 1249 4868 2891 2078 4920 1107 3124 3826 2912 4416 4066 824 226 3820
4163 2198 2101 3091 2168 1689 749 1385 4258 3532 1065 1333 660 992 2252 2930 4429 2550 179 4548 3333 1537 2049 910 987 4589 4727 1307 955 55 3667 944 1017 1214 722 1120 3388 317 4381 1411 3875 3330 939 245 1737 3293 1824 1735 494 4558 3274 4396 2123 4882 4182 1821 1776 3355 4761 3768 3099 1547 964 3491 2541 468 4412 4534 1003 3781 1236 4123 3694 4748 838 423 1704 3299 2372 4116 740 4190 4643 4999 1441 4339 1830 1058 508 1282 4063 4578 4107 254 4461 1883 4297 3373 4252 435 65 4128 2705 1041 1659 2941 4209 2382 2851 1145 3194 110 1557 2999 2395 4290 4219 1770 320 3079 133 2174 2119 1781 3761 2838 4898 1915 3412 2209 2294 2488 3001 4855 1976 33 3717 3211 1154 4688 1093 4976 4979 1248 236 2971 526 1293 2051 241
2674 2274 39 2473 995 749 54 1037 2049 1879 4144 1978 2078 2283 4404 4198 1818 3777 3008 1109 4176 2164 3255 429 3814 4420 2521 1943 4060 4446 347 3010 4922 1310 4365 2415 2835 701 3582 1466 2370 1432 1447 4988 4113 1248 4430 2541 2113 2865 4783 4695 4159 2029 40 615 2210 893 4835 3910 2902 1068 3549 3797 4008 2356 1360 2547 4110 3731 4084 1553 4566 3891 1067 2858 596 245 4054 1903 4744 4361 203 3263 3077 762 726 1455 2369 1298 3738 3100 2259 1965 1927 1813 1824 165 4411 1913 3922 1982 1762 1353 3504 1738 275 1692 1966 2175 1236 3193 2674 1659 2113 3805 154 813 849 2572 1729 3985 1043 3299 4866 4735 4115 2237 80 4268 2408 1061 2500 916 3498 568 122 1212 1328 3912 2260 2241 3647 4654 3469 4635 146 4502 1442 825
284 2507 2967 3610 2498 1385 1037 3763 1906 2462 1834 4407 2609 737 2851 4109 4498 1123 2790 573 2900 2188 918 3732 4024 2186 4073 479 2400 1332 3027 126 4725 4829 2444 1760 1384 3569 4919 364 1435 1014 105 1990 3835 2410 1333 279 2414 146 3586 509 2517 4324 2507 1936 2982 3088 2464 221 2430 1566 1923 2728 1770 3709 389 3890 3828 2769 1615 2974 2151 3484 622 3299 35 2655 1327 3506 1392 4109 1155 2052 1297 1407 3960 4354 1872 2694 3466 3809 3982 2785 2142 830 3862 1939 3207 2639 1286 3021 3809 248 4747 3864 4926 1691 881 3050 166 2542 1844 3890 4584 75 1396 3836 3123 2724 4175 1469 4998 2391 2788 1555 4784 2817 369 4718 4055 3777 3515 1558 3999 1239 1849 4228 370 3194 1812 3431 1962 848 3645 525 746 2070 2414 3889
4211 2640 4150 1475 1494 4258 2049 1906 3119 2295 1468 4096 2863 3263 2552 2772 1053 4668 4342 4578 2325 1629 4451 551 3039 180 2655 3028 1710 3818 1969 3323 3102 1587 1509 2020 4079 1130 3047 1133 684 3167 1453 3759 3895 1806 2551 4165 1467 1637 256 2251 1919 422 85 2261 4920 285 4865 4797 2779 4430 3167 1658 2324 375 2080 1186 3659 896 4538 2903 4750 1143 861 3388 1875 1536 169 4925 2906 1447 2050 3482 1862 587 1926 2568 2646 4837 4344 4513 1292 4710 3964 2532 1258 2571 2178 4355 4598 4108 239 4254 4115 3497 1579 3384 1456 826 1578 3536 3557 4179 783 3975 979 3336 4665 3869 4140 2425 3656 4208 2580 4717 1898 3304 4088 1253 4218 2497 2749 2931 674 4102 412 1591 1380 4565 3801 4099 1023 688 2748 1214 2533 4555 2789 2782
3306 1100 1373 4527 2434 3532 1879 2462 2295 3393 1847 4903 2208 4284 1027 211 166 3386 882 213 3869 3414 4798 4102 1364 3460 3490 2975 4884 651 3790 3650 3918 2506 3077 2063 695 4668 4941 2924 3394 4342 2247 1389 247 2477 1256 4587 4236 1935 4796 4232 4460 2957 3727 3199 4577 4556 4535 670 2974 3262 4467 4370 4963 1546 994 118 109 238 1390 1757 1530 3483 3600 2320 3364 3075 1162 621 581 3964 3865 2617 4433 2436 2345 1449 2126 587 4633 2670 2421 487 3201 3717 2617 3071 3764 157 3045 1450 3728 4384 2923 1658 3159 3521 1954 954 98 2789 4613 3417 491 4913 1111 1815 1636 2285 2831 1360 1227 4695 674 4092 2061 3790 4011 2785 1848 2169 1547 1478 4626 4817 4690 3135 1091 1822 2295 3418 3635 2428 3199 2545 2184 2872 1444 1899
998 440 1704 1791 4752 1065 4144 1834 1468 1847 4543 2178 4045 2014 1522 2763 1705 3068 3595 3440 2184 4973 3187 979 3570 896 1532 3182 2449 4003 1667 657 2788 373 4668 2818 2446 3756 4921 3744 2966 552 854 1904 3628 1282 1422 4350 2920 2261 884 826 4372 555 2843 3729 3659 2203 1043 1260 1667 4868 3713 1277 3707 223 4710 4289 3528 252 3842 3620 3380 3502 4542 1035 1241 3922 3351 2974 704 4563 3544 336 3718 4451 3656 17 640 134 266 480 3350 1118 4617 693 2180 611 4384 1686 3415 3280 3375 2692 4979 3720 2321 4438 4073 3895 4599 4176 2509 4714 4779 3605 3337 2035 3716 507 94 504 2797 4657 239 241 798 3790 1962 4643 2499 2977 2332 4511 1376 787 2101 2614 875 4606 3902 1646 1591 172 610 3917 3184 1045 4385 144
1250 4384 4579 2083 3017 1333 1978 4407 4096 4903 2178 4393 1816 4999 680 2604 2608 261 3325 1550 1712 2969 2210 4375 1857 2501 4248 1015 3235 377 2803 1009 2142 692 294 1863 2245 4111 3978 4020 2373 4810 1812 3126 2555 1544 2879 3044 4002 117 3006 1130 2789 4903 3166 4155 2271 1819 2094 1481 383 4230 1116 4959 1085 1423 2283 2219 4655 3629 3309 1001 2829 4078 1916 4561 3555 1963 1458 2762 2177 1911 4286 1260 3965 1179 571 1032 379 1384 1986 822 3833 2243 2852 72 3151 2925 4385 1946 1823 4193 732 970 3233 1230 3482 3426 4428 3745 4794 58 910 4065 458 4891 1943 3147 3262 3871 3850 3894 3556 3316 2963 4132 853 398 2182 4673 1868 911 2899 874 4524 3169 2763 2443 3912 603 2981 3181 4056 2503 888 1695 4193 4778 1986 2520
3260 2080 4757 4712 293 660 2078 2609 2863 2208 4045 1816 1333 2632 200 3497 2553 4420 2770 627 4391 148 1400 1807 4317 3242 4648 755 1087 4900 152 4344 4170 4409 2579 562 618 3898 1723 504 3604 1091 179 4505 3617 1212 4010 4359 4100 4360 4677 3622 325 1063 2277 3420 1528 2526 4496 4740 2888 4807 3759 4405 4237 4517 369 3642 3313 4478 3692 2716 47 1022 4708 3484 67 1570 806 1994 3684 3276 4042 2811 2136 2858 4554 1438 4039 896 3854 2947 3792 1075 4374 1149 4634 1755 3697 260 4450 695 1331 4489 4826 762 353 3072 4312 2233 261 646 1175 858 527 3399 3789 4796 888 475 4094 3442 2670 3506 839 2631 1922 2402 1654 810 4675 1354 3885 4527 2594 1594 1550 1461 3530 92 87 1801 2664 4112 1499 4559 449 678 3572 318
4025 1207 4702 1125 2868 992 2283 737 3263 4284 2014 4999 2632 1340 1024 432 2600 2731 3824 4609 960 381 3851 3778 1579 4678 3603 1737 357 2403 203 2417 4354 1424 3550 138 1539 717 3723 4456 4371 3009 4854 2214 4664 4084 4536 4692 2109 4959 4313 4783 4294 4645 839 68 781 2183 1163 2139 1326 3089 3212 2821 1051 3890 3324 510 3915 3726 79 4587 2098 400 2024 1023 1751 4306 3865 2786 2518 583 234 3486 2202 4220 453 227 1610 4922 3029 2366 571 4621 2545 2897 3687 1930 1953 1199 954 2279 2981 3135 2982 897 81 4647 965 3802 2908 2037 640 2825 289 2291 1558 1129 4435 1770 335 1450 2129 606 3238 3503 1412 2324 1544 4336 1333 4648 2613 909 3446 1057 2902 158 2633 3567 3809 1609 4826 1371 2205 1575 111 3713 2920 1726
2706 4796 2027 2784 2749 2252 4404 2851 2552 1027 1522 680 200 1024 1658 2507 4315 430 4756 3802 880 4405 2448 3648 843 3447 4494 4224 3272 3268 4798 658 98 4286 3628 816 4137 4011 761 240 2144 3587 1864 4757 2072 4629 2908 2826 385 1162 1505 3600 1853 2879 284 1573 3490 972 1288 3550 3516 2150 801 4539 4911 3617 1366 4828 1231 4930 3936 1000 3003 699 4466 2295 4568 3247 106 2600 4877 19 2633 2611 874 177 2737 3571 1218 1915 4024 21 2511 2081 1813 3157 3251 3297 60 447 1657 3282 3117 1580 4609 2668 2740 2626 3411 3397 2910 4558 3703 1538 4927 2627 2403 319 4788 365 4002 3595 3758 147 3417 3245 2661 2153 512 4134 4398 4374 3983 4473 916 1984 4680 2168 796 2405 1440 2277 2630 1222 2393 3376 3524 3406 4824 312
4512 2258 1454 1062 1984 2930 4198 4109 2772 211 2763 2604 3497 432 2507 3590 2801 2142 1463 1342 162 2285 2389 2625 3523 4055 3203 1093 1149 2764 3391 4810 1787 3238 60 3517 578 3765 1981 591 3125 2572 739 4527 142 4059 2698 1559 3927 3636 3372 139 4283 859 2373 973 3445 2212 2787 2630 1484 4339 959 886 2503 4726 4035 2865 2025 3067 1923 1211 1815 64 214 2144 1076 3316 2575 2325 191 1684 2312 4563 3176 2143 355 2466 1472 1943 478 2570 4696 4054 306 1358 3394 4917 2332 181 769 1858 1808 3030 2103 3558 296 4278 4087 3275 2913 1104 2874 1227 2861 904 4712 1818 4799 984 4064 371 3056 987 1973 1291 3307 4528 4930 529 1358 4636 2873 4861 632 1844 3292 2593 772 2528 2919 2491 4987 4636 2722 2100 2912 3448 2635 4952
3932 3521 1373 3307 1859 4429 1818 4498 1053 166 1705 2608 2553 2600 4315 2801 891 564 190 88 1000 770 1576 1272 2066 3391 1293 222 2560 1355 733 3815 2859 1553 3829 2720 4046 1042 4979 2616 3449 3863 59 696 4806 983 499 2234 1235 1665 1071 3440 1587 4368 1001 2390 2209 3976 2545 396 3406 1672 3369 3030 2468 245 4319 229 4166 2187 1063 2722 4914 1215 4651 460 2821 783 3123 2779 3676 3426 3986 3832 4531 4098 242 717 1440 2479 725 2706 1532 3426 2602 87 1273 2825 430 649 2171 4415 90 1031 2304 2664 4739 4704 607 729 2258 4982 219 3000 3586 4807 2159 2194 3881 4399 4483 1617 4485 2555 87 4326 220 3235 2207 2900 1033 2950 3034 3231 3258 2967 4961 610 3097 3789 1183 1971 2376 4402 334 4748 4898 2125 815 4783
3267 1674 4839 3841 2053 2550 3777 1123 4668 3386 3068 261 4420 2731 430 2142 564 2466 3846 2589 406 4645 4508 187 270 2414 4885 3750 4695 2633 3936 3194 2877 1357 3638 3149 661 434 3114 3292 1937 1126 2521 2012 4827 3899 3923 4730 3551 634 1141 1040 3779 3606 4945 2722 2010 3632 460 268 281 2025 543 3762 2083 2358 2241 4939 3728 2051 3540 195 581 3203 2458 3391 3921 3113 2839 936 4285 944 3157 371 3361 2432 3061 4920 1933 3769 1702 4246 1590 4084 4523 156 4204 4418 701 3184 4453 398 620 1107 2584 519 3453 4906 267 1599 4675 3889 3211 4789 1936 4085 4339 765 4163 2767 3198 4796 124 4525 4652 3558 2725 793 3908 3467 1331 788 1936 2825 3659 3386 4646 4211 4366 1660 1654 107 3673 3792 3431 3895 1082 1921 3019 1854
4163 2392 436 1758 945 179 3008 2790 4342 882 3595 3325 2770 3824 4756 1463 190 3846 1673 4518 902 3174 3122 3524 3097 1563 250 817 474 4568 2823 4514 2507 835 4486 406 1223 754 3051 1816 3761 4893 508 987 1557 2998 3184 3827 1898 3789 605 4839 2189 2021 2691 2349 2129 2347 1491 1699 1712 4784 1896 4240 442 4579 768 3451 2607 1337 2376 2306 1627 2039 1206 3143 2835 1212 2676 4874 956 2924 20 4083 203 605 4451 2678 2910 2757 2922 4292 4256 4331 4996 795 4980 4184 388 1089 1288 42 2680 453 4713 4503 2536 4172 4309 4421 4858 2566 2831 4614 4368 1340 4951 2037 4156 4359 4206 2773 3433 3721 4058 1873 2245 1404 3567 4257 3222 3417 2430 2965 4438 3958 2089 2894 2570 3485 4257 283 3739 4284 2979 351 3059 720 3156 4908
1410 3471 1146 1452 778 4548 1109 573 4578 213 3440 1550 627 4609 3802 1342 88 2589 4518 4253 4852 2812 216 787 1223 333 3857 4871 1670 1303 4928 4047 2421 1847 1367 3357 330 123 2003 2947 4750 3533 3892 662 2415 2966 3012 4347 4075 3457 3088 160 1552 83 4982 3266 1958 3777 3814 953 2933 391 1799 436 4419 4529 4309 2485 4246 2492 1926 3436 1670 1061 3842 4215 1547 1873 561 4834 1700 2993 4623 4639 3390 558 870 333 2116 2798 333 3947 1279 4188 1742 2150 2300 883 3485 2964 1573 3703 3608 842 3724 2103 3312 4615 2822 3601 460 3754 4674 4487 1752 595 3615 1147 3292 788 810 1599 3237 590 2297 4927 1441 4863 1931 1780 3433 2804 414 1606 4177 3915 4768 3670 1179 538 4984 656 1785 224 3555 4051 3721 3606 1655 395
4171 2021 582 3060 2993 3333 4176 2900 2325 3869 2184 1712 4391 960 880 162 1000 406 902 4852 1958 645 2791 2712 861 676 3894 4252 2737 3760 2719 1168 504 1611 2202 2429 3204 4068 3105 1448 175 1016 1312 1153 2889 2612 2081 2788 3133 268 2243 270 4380 4642 387 66 78 3444 4584 587 2246 1404 3145 2061 1635 2934 2028 2751 179 1641 848 479 3742 2101 3398 3323 1914 4413 1483 2531 2116 311 1877 2297 2916 2251 4022 374 3455 4513 934 1235 4022 3721 3374 3430 4840 2020 804 3394 2194 3685 2562 121 1532 2275 4581 1737 1072 4724 1265 4776 2722 126 435 4523 2019 3373 403 1428 2845 4193 477 2367 2619 3074 4515 2954 1206 3684 964 2624 2683 3612 4337 2480 2441 998 497 1707 504 4872 3586 1148 357 1670 4254 546 2573 563
1143 4310 3451 2826 4297 1537 2164 2188 1629 3414 4973 2969 148 381 4405 2285 770 4645 3174 2812 645 4652 3638 4405 2270 4616 1218 3173 1024 867 906 1121 4573 3621 999 1444 3584 4241 2268 3134 2408 4621 3261 3612 595 285 1157 977 2806 1726 1660 4431 2330 1106 1556 4106 4609 3251 2769 3881 4537 2199 4012 4653 1106 2594 1301 4628 4083 1147 3375 1962 841 71 2350 2496 3522 1965 3126 838 1874 732 4799 2009 4694 4401 275 3837 3866 551 2079 1152 2349 2912 3978 4803 1838 1740 3979 3828 902 1459 676 4570 1264 1902 3017 1682 1479 2276 318 2554 2345 260 1000 1191 1945 3796 414 3007 862 2077 2301 2608 156 4173 246 2803 2707 20 569 4969 2011 655 2283 4176 3705 4949 2135 4258 2394 1343 1420 1135 1054 835 1370 15 1987 2135
1776 2939 609 3228 3723 2049 3255 918 4451 4798 3187 2210 1400 3851 2448 2389 1576 4508 3122 216 2791 3638 4332 4311 1317 1515 3459 2600 4833 72 2146 3636 3542 4357 3518 138 235 750 3775 4023 4683 1491 780 94 3919 722 2084 2964 3768 1216 2674 4052 3635 1297 2325 2695 2343 4271 1014 2458 383 3924 4627 3750 4674 4548 3138 4122 2908 2319 2311 3600 4416 23 3235 4956 3692 2553 2879 4543 4941 2649 3550 1600 3580 3157 1730 1193 4014 996 2655 1937 2358 350 1024 3276 3156 4165 3189 1964 2901 1009 4840 2814 304 2404 1641 1101 3383 3050 723 88 1052 1024 1407 1194 2337 4793 603 526 1361 2630 2094 4576 1389 1617 1768 1408 2538 2504 4031 1288 3170 2765 2236 1519 4044 4109 2705 3726 2686 3133 4566 4270 1248 4688 1900 3509 2110 2718
2079 1282 3544 3455 4967 910 429 3732 551 4102 979 4375 1807 3778 3648 2625 1272 187 3524 787 2712 4405 4311 3639 3674 3496 143 1689 1386 321 4417 450 431 1433 3384 3662 2746 2502 3376 1276 4340 2642 2609 79 1753 2568 962 4561 4497 1354 1820 782 409 2534 2287 2643 1517 3931 1254 3925 1983 3763 1336 2271 1846 2760 1293 1840 4509 4982 2504 3338 346 1847 3606 523 2006 455 1465 2230 3276 3725 3267 2776 4511 3808 1315 3147 3598 2460 1550 653 1604 3508 4022 616 1388 3772 3829 644 212 406 2140 4898 615 4942 2985 826 2532 4227 3145 1809 2533 2137 775 2868 3134 3590 3594 3933 2755 2598 3208 1844 1217 3578 287 2608 435 4504 1315 1557 878 4369 613 2893 681 2272 1367 1970 2109 3142 432 3562 4318 2045 2443 1344 3076 2376
4163 4611 3810 2689 3688 987 3814 4024 3039 1364 3570 1857 4317 1579 843 3523 2066 270 3097 1223 861 2270 1317 3674 584 2842 1439 3498 1579 4903 2862 4351 4407 4625 2757 4796 4752 3209 3705 1514 3041 816 1672 1021 4652 400 122 2892 2517 4815 4318 4134 1571 4527 708 3903 2828 3527 1284 2978 1980 2553 4868 553 3958 253 2759 2746 1267 1741 4968 2984 2683 2833 1621 2289 3388 4241 2486 2233 1957 2030 3049 549 2669 3529 1705 1199 1943 245 749 3500 3186 834 567 3907 4971 2990 4084 3355 3159 1922 1794 3166 552 1263 2303 4277 3206 684 2681 4725 3651 3371 4942 30 763 1613 2164 4565 3814 3021 4780 3736 1137 1550 527 1222 3405 1420 1823 1807 4373 3332 346 1777 3615 3102 4061 2287 4663 744 923 429 2383 781 4386 4312 2113 718
3660 4865 851 4673 4022 4589 4420 2186 180 3460 896 2501 3242 4678 3447 4055 3391 2414 1563 333 676 4616 1515 3496 2842 4317 1763 749 3689 707 3597 4776 4357 4479 1088 359 1745 2679 3493 2070 3049 4827 1813 2247 1416 3806 1738 4582 3190 1816 3258 1806 2226 2664 4884 4480 1365 3706 680 415 1817 1578 1576 3824 4765 1502 2468 4792 2652 1196 1612 1304 3078 1583 3021 3197 3694 3848 1443 745 1087 582 4668 1111 473 4360 2856 1008 2198 2374 1583 2003 659 1341 4489 1598 2105 4207 2940 1754 2536 3940 2609 2008 223 3844 2739 2532 2008 3022 3039 4307 957 594 4121 1471 3820 1027 2064 1649 4134 1263 3727 1706 4180 2586 2936 2344 3409 4316 4070 2659 1414 2333 3554 1831 2792 2475 695 4489 1509 2208 3463 2288 4999 4441 3245 2133 1155 1950
4166 942 1205 3976 3909 4727 2521 4073 2655 3490 1532 4248 4648 3603 4494 3203 1293 4885 250 3857 3894 1218 3459 143 1439 1763 4656 2387 2021 475 741 3696 320 1813 3307 4364 3876 1791 1146 3368 2807 1766 4453 2555 2486 3664 4382 2631 3980 3743 2871 4674 2569 4934 4949 3211 867 1804 203 3372 4936 4688 2670 3064 1276 4415 3591 4942 2641 2165 2014 1262 876 2057 2597 4176 237 185 683 620 728 2629 1633 1604 1206 2828 382 1458 1785 4406 444 1015 1123 2695 835 2716 4826 4955 1975 1098 1729 692 3283 741 2214 3398 1090 816 65 2403 756 1018 619 1271 3695 3835 2965 1217 1025 4117 4999 106 3640 226 3091 870 4216 691 1521 898 2114 4766 2746 78 4972 683 619 190 3075 2769 713 309 3472 2784 39 4258 4883 1344 218 4858
2734 2654 2892 2548 2527 1307 1943 479 3028 2975 3182 1015 755 1737 4224 1093 222 3750 817 4871 4252 3173 2600 1689 3498 749 2387 1609 160 544 4817 3607 471 2278 3313 1182 2677 3747 3838 3656 1485 2610 1740 2076 324 2058 2472 2009 128 75 40 1234 3159 1420 2361 3036 2404 1612 3267 1657 3849 2394 1442 2743 694 4691 3691 1517 161 616 3015 831 1539 791 925 1534 560 3424 2104 4047 2881 3413 1522 937 1881 3228 2887 1500 1855 4037 1321 4227 161 2947 4641 1976 1294 3137 3734 3261 4152 1571 3239 2480 172 4196 4901 4677 3674 2274 2701 4397 3485 3042 2481 597 4571 1116 1850 4358 422 2556 1817 4433 577 4430 3033 2519 2051 2726 152 3426 798 4696 4157 4894 1804 3687 1971 2866 3365 2593 1423 3074 2704 3945 3824 4241 2609 258
1597 846 4923 2750 4855 955 4060 2400 1710 4884 2449 3235 1087 357 3272 1149 2560 4695 474 1670 2737 1024 4833 1386 1579 3689 2021 160 2500 4661 1608 4405 4468 4857 125 3448 237 4761 1350 661 45 79 2722 3889 4155 3974 1907 497 2976 2512 4682 2952 2807 2096 2864 3043 183 4278 1000 3044 4915 1648 350 2571 2760 1231 1464 2664 1062 1223 3963 3845 77 3315 2267 4605 4222 64 1980 2601 1655 813 624 3980 3651 2827 2673 4650 556 2489 3089 197 781 1102 2728 1089 2997 826 1022 1112 2046 1241 300 2520 971 2919 572 332 850 938 571 1400 4822 314 4147 2425 4744 1636 4669 693 605 476 2855 3242 4528 3561 3475 3846 3442 4809 1080 4825 4301 22 3491 670 3305 11 4862 734 1131 1778 4223 2033 1248 2795 1741 115 4604 4497
2082 1101 2779 3752 3312 55 4446 1332 3818 651 4003 377 4900 2403 3268 2764 1355 2633 4568 1303 3760 867 72 321 4903 707 475 544 4661 1814 4274 2217 2697 4864 651 754 32 1975 1410 1092 1295 4945 2209 3511 3162 4653 4034 1608 544 3688 4167 2007 1271 3807 513 1140 4566 2401 1328 1735 3892 3763 1615 990 4814 3554 737 4839 3476 1919 4772 1270 3186 1407 455 3822 50 1692 1093 3261 659 2138 3125 4987 4854 1227 3511 4798 2284 4843 2661 2998 3613 2313 1423 1426 669 1025 653 3596 2548 1952 3073 2974 1853 168 2689 4564 3042 2173 1712 3880 2350 3897 2884 4158 1664 53 3797 2597 1071 1146 2430 1195 3808 4297 2712 952 2597 4662 4731 701 4157 641 480 2035 3821 1995 620 3005 4441 2257 2042 3779 4919 3371 2820 4850 1973 4846
2521 2694 1148 4256 1159 3667 347 3027 1969 3790 1667 2803 152 203 4798 3391 733 3936 2823 4928 2719 906 2146 4417 2862 3597 741 4817 1608 4274 1580 3139 1792 3107 3512 553 3604 2769 3876 2159 4695 754 652 4281 888 4366 4476 4691 4114 1934 681 4200 3615 803 3793 692 4554 4507 1488 1109 671 2619 2708 1608 2844 581 198 4664 402 3314 1064 68 518 1555 1423 1149 29 3837 4287 2164 1507 2482 481 57 1406 831 2328 4437 236 2465 1985 2398 2030 4808 2774 158 4867 4470 4433 3064 1209 3811 2540 846 3337 2331 3918 3464 2718 1422 137 2889 2188 610 4799 3872 1405 1286 1860 29 1022 3918 288 1333 2021 1090 4637 3739 2966 4416 80 1506 361 1217 862 1910 2725 2566 4934 1931 1695 1318 2775 3098 4739 1735 959 501 2840 831
2294 4158 4706 776 3764 944 3010 126 3323 3650 657 1009 4344 2417 658 4810 3815 3194 4514 4047 1168 1121 3636 450 4351 4776 3696 3607 4405 2217 3139 3081 1370 4936 3453 1453 3597 1756 4700 2690 2136 1241 2397 4371 497 4559 1162 13 351 811 1924 77 1506 3192 11 4811 3961 415 265 2907 4807 4059 1785 3986 1523 3922 386 2132 1566 3825 760 2976 2834 2227 3052 2935 4903 3324 3650 4949 1903 3263 4236 534 2989 2661 4980 2074 1037 1690 4461 1292 1802 2379 2755 3705 3718 634 428 2689 2459 2494 1764 3918 3508 2695 1364 2756 2641 3892 2854 1216 3997 584 2550 3569 1789 4375 1717 1995 2750 1337 909 700 3972 2026 4967 3252 3562 4340 183 3058 68 1762 4764 1711 4053 3887 4216 2106 448 4178 3327 2359 999 4925 1777 3311 1987 3569
555 3261 1166 19 421 1017 4922 4725 3102 3918 2788 2142 4170 4354 98 1787 2859 2877 2507 2421 504 4573 3542 431 4407 4357 320 471 4468 2697 1792 1370 1699 585 716 4025 66 2019 1866 1701 1115 4780 4927 2790 1852 565 3520 4082 2878 3465 981 2028 3322 2776 1058 4182 2198 4601 3581 3370 4279 703 4586 3074 4272 4448 3947 1615 2006 1612 2536 4625 779 3020 2515 2480 2868 2622 4658 4685 2225 4764 745 4810 3968 781 2474 2054 3188 4768 665 666 4892 4791 1597 22 1669 3715 1595 4131 1054 2066 4404 1567 4779 578 646 3067 363 4949 1775 2739 1677 1635 2272 524 2002 3139 442 1396 135 3410 3985 3747 1526 4812 2010 3113 4128 333 2943 3692 4593 3726 4638 2666 2208 3211 1185 4631 731 2407 243 4610 1799 1238 682 3324 483 822
3010 4717 1883 2990 2428 1214 1310 4829 1587 2506 373 692 4409 1424 4286 3238 1553 1357 835 1847 1611 3621 4357 1433 4625 4479 1813 2278 4857 4864 3107 4936 585 258 1467 3599 3851 3806 2238 4670 3559 3163 2574 418 2083 2375 3370 2289 2959 3927 552 3466 4669 3867 2131 4340 3580 1020 4194 3394 760 1114 4652 3646 971 4358 1936 3959 376 296 2048 698 1819 2162 4068 4568 2591 2731 4615 4968 1032 3547 1387 3767 4662 3535 4572 4316 2130 952 1411 3326 295 147 18 2554 211 1478 4420 126 4580 539 4009 800 2533 4550 3879 3891 3661 995 1388 2767 1229 3054 3284 2613 388 947 1171 903 26 1668 4117 3135 1711 4064 4144 3714 785 3214 2626 1749 2625 684 3844 539 1744 4872 2548 3284 2811 1178 2812 43 1821 3055 11 1628 1806 1466
1830 1463 4166 2070 95 722 4365 2444 1509 3077 4668 294 2579 3550 3628 60 3829 3638 4486 1367 2202 999 3518 3384 2757 1088 3307 3313 125 651 3512 3453 716 1467 4495 55 1200 4066 1691 4280 4786 2884 4837 1540 992 3787 4035 4721 2968 3917 3900 4334 331 2015 4867 4714 533 3585 1129 718 3208 993 4538 2811 1252 230 2297 416 4172 95 2485 1958 471 4796 2990 3826 4335 3703 1740 351 2200 1864 3146 4146 3560 2826 681 1264 4254 1555 1535 416 999 1297 2878 542 2060 3205 4376 4281 3484 98 2548 4417 4034 2861 4925 385 4514 3226 2014 2561 4794 1441 2308 1386 2777 515 1595 807 3080 4135 4382 203 4281 4594 1109 636 2771 2189 3124 3989 3509 4630 2743 2937 2692 2771 1936 2423 1334 1431 1616 1301 3264 3261 4106 2753 398 157
4425 1068 3910 3769 2776 1120 2415 1760 2020 2063 2818 1863 562 138 816 3517 2720 3149 406 3357 2429 1444 138 3662 4796 359 4364 1182 3448 754 553 1453 4025 3599 55 3773 972 2103 4486 1300 607 501 185 2036 4110 1352 3957 4699 2359 4760 3881 4298 2335 2252 4841 905 773 2849 3670 2927 818 771 3232 2837 1076 1318 639 2509 2779 1819 3798 4393 2281 4595 3949 4350 2223 4671 89 2101 2939 564 3680 2072 1823 2262 3159 4632 1692 1556 1515 713 2095 3230 4930 4280 642 2771 3411 435 1029 2129 1429 4843 1331 3985 1161 2498 3516 1062 3372 2449 1791 3277 1943 4971 131 4013 4559 3982 3139 2721 3782 3442 63 3791 3843 903 1047 291 3522 4061 3333 4284 2560 2493 1761 1460 1795 806 4366 446 3916 551 4411 4268 930 3377 2206 2705
4423 3964 3693 2390 1535 3388 2835 1384 4079 695 2446 2245 618 1539 4137 578 4046 661 1223 330 3204 3584 235 2746 4752 1745 3876 2677 237 32 3604 3597 66 3851 1200 972 1446 816 1225 855 3249 4406 3336 4396 2648 3010 1752 2129 2424 2254 4393 3982 4600 2716 1145 3120 3107 4150 1675 296 335 465 3572 4871 4689 1024 2871 1423 2046 4088 4113 3803 1487 3862 1752 2509 2753 2706 3475 4043 2881 1909 624 3964 386 4247 837 1217 4346 2838 1958 1094 1961 826 2225 3760 2842 3274 1593 1434 1461 3568 2771 2123 595 524 540 98 4059 3531 2301 180 119 3961 2200 3334 2576 3410 587 1714 728 4127 3245 4588 2082 4607 4283 4003 1705 2403 537 1121 1807 4586 163 4270 520 165 4828 3865 4796 1680 484 1251 4315 1824 2253 2063 2224 260
3922 68 2741 2676 3259 317 701 3569 1130 4668 3756 4111 3898 717 4011 3765 1042 434 754 123 4068 4241 750 2502 3209 2679 1791 3747 4761 1975 2769 1756 2019 3806 4066 2103 816 1967 2980 713 1075 2743 1111 4528 4538 1813 435 2020 476 257 897 3046 3550 415 1386 3883 3000 3298 220 4271 3081 123 1667 3483 4306 2839 1666 4029 3402 1510 4658 3822 4983 1301 1381 4891 2618 222 1577 167 1937 3652 4773 4957 4999 496 1609 3980 2602 4537 1971 921 1913 3285 4657 1594 4763 3332 3945 4303 382 2348 1215 4057 1449 472 4740 719 1385 1292 2962 4390 2455 414 895 1231 967 4809 472 3074 3860 4500 469 2909 2141 560 2972 2232 3479 697 376 549 719 838 631 1000 2443 1225 2944 3349 4165 1072 1521 644 41 1905 3569 113 674 3269
3974 3303 2664 218 1407 4381 3582 4919 3047 4941 4921 3978 1723 3723 761 1981 4979 3114 3051 2003 3105 2268 3775 3376 3705 3493 1146 3838 1350 1410 3876 4700 1866 2238 1691 4486 1225 2980 2334 784 4173 1188 920 1956 1514 4829 1680 4695 48 3517 31 1062 4085 1488 4352 2228 3764 3771 2300 20 4681 4952 1400 1029 776 805 2351 4205 4191 1158 120 4199 389 3366 4790 3683 1144 4648 4989 4282 3833 4493 3324 2320 424 2150 91 1066 3624 2906 3433 2643 4122 205 2128 806 4555 4937 1334 1327 4064 230 3427 1808 932 1110 4278 666 4593 122 4673 2892 3320 3985 3574 848 2092 2365 3773 1735 2290 1396 258 1930 942 2855 2016 1392 1583 2587 3190 4545 4255 4806 292 1993 1947 3196 4530 1924 3627 533 4214 2576 4700 1207 2672 4980 1735 2367
4647 2961 3748 3793 2621 1411 1466 364 1133 2924 3744 4020 504 4456 240 591 2616 3292 1816 2947 1448 3134 4023 1276 1514 2070 3368 3656 661 1092 2159 2690 1701 4670 4280 1300 855 713 784 4011 1469 1563 4327 1675 32 2372 3998 4168 459 205 1971 4824 1597 112 3850 1628 1149 1301 332 4014 4588 1506 674 3037 4627 2502 1903 844 2981 943 3931 3141 3484 1104 531 3219 3512 1190 68 120 2432 4228 2067 4845 4757 1179 2706 4771 606 2536 249 660 839 548 3929 4651 1120 1201 3174 1851 4920 3216 3486 747 3553 24 765 2733 3640 3150 2184 16 2878 1223 2401 3886 229 3086 1658 4936 1641 2208 2346 2402 4857 4531 2910 3312 3472 3404 4438 900 3704 3820 2594 1084 2275 672 495 1626 660 3176 165 4479 3295 2505 2119 3758 4558 1148
4858 4465 3916 1876 1100 3875 2370 1435 684 3394 2966 2373 3604 4371 2144 3125 3449 1937 3761 4750 175 2408 4683 4340 3041 3049 2807 1485 45 1295 4695 2136 1115 3559 4786 607 3249 1075 4173 1469 2441 2256 4716 2368 4779 2457 1567 3339 3048 472 553 264 3340 3764 3373 1687 2255 2261 3463 1936 4012 4765 4704 362 1142 3263 1317 57 3113 3458 1712 2520 1812 1435 4534 1631 162 4833 3457 3121 3584 2859 1533 3924 3843 4772 4719 914 1786 4246 330 69 2408 622 4674 1513 749 2922 2094 2033 3774 1289 4080 3188 4290 481 2686 3300 783 3962 2274 1838 4370 1003 1417 3332 2365 3521 2434 3031 4368 1778 4498 339 1230 290 964 2235 2278 1833 1032 1804 2206 3364 4385 4598 2029 4709 83 3937 1906 2883 1393 3826 152 750 2473 4023 1102 2864
1846 2176 1455 1889 418 3330 1432 1014 3167 4342 552 4810 1091 3009 3587 2572 3863 1126 4893 3533 1016 4621 1491 2642 816 4827 1766 2610 79 4945 754 1241 4780 3163 2884 501 4406 2743 1188 1563 2256 2387 3466 854 214 4678 2076 4321 3756 3035 2496 4484 3988 3541 4178 4202 3773 2653 2429 744 4523 4527 4490 570 4353 4770 1766 1897 4589 3382 4497 4896 3392 4189 2741 2472 4251 4864 3528 500 310 720 4739 4971 4194 2058 941 3910 3378 4550 1521 4975 4159 3059 2957 4863 827 3422 3662 2500 4777 1836 1074 319 150 2900 874 4070 3079 3715 3155 4247 651 401 3381 3023 241 2596 3723 4297 489 1799 1636 3920 4346 3921 225 1156 3891 4976 596 3137 430 320 4868 175 3441 2042 4933 2795 2942 1978 242 2840 3522 3781 3701 2639 4979 4582
860 2894 2064 2489 2050 939 1447 105 1453 2247 854 1812 179 4854 1864 739 59 2521 508 3892 1312 3261 780 2609 1672 1813 4453 1740 2722 2209 652 2397 4927 2574 4837 185 3336 1111 920 4327 4716 3466 4386 2987 363 1947 2001 358 2575 2030 3971 3050 3263 1997 997 235 4702 32 3506 3037 4516 4635 1587 2963 293 2039 4195 1648 3303 4280 1067 1388 2271 2398 3998 1027 948 1136 3016 438 4698 401 1139 124 2506 3550 2271 826 983 4638 3787 485 1276 2407 4039 262 1483 992 893 2035 1482 347 690 3872 1111 4007 2867 402 1626 1731 3094 1430 3983 2078 3743 4161 4970 475 2749 4984 4455 4299 3707 146 4624 1985 3255 469 4672 1491 1396 1262 4598 1264 1949 890 2708 190 4712 3891 1759 2845 1847 971 1914 3308 3765 1862 3015 1924
4942 4211 2118 3132 1040 245 4988 1990 3759 1389 1904 3126 4505 2214 4757 4527 696 2012 987 662 1153 3612 94 79 1021 2247 2555 2076 3889 3511 4281 4371 2790 418 1540 2036 4396 4528 1956 1675 2368 854 2987 2295 1754 1515 4899 3496 819 776 273 4522 3117 4311 3752 1599 2374 2375 3461 4146 3890 2651 3500 3952 4216 2111 3536 3373 3238 2970 4536 4035 4258 1128 4117 853 4279 4789 1507 3559 2059 1281 3015 4774 1820 3467 745 1501 2269 4149 2830 2886 920 4453 4168 343 1703 1812 1835 3689 2580 1391 238 1742 2514 3686 1494 1628 359 1582 4733 1227 624 136 4051 4276 3678 3412 2385 2381 2837 4615 4773 3241 4836 3265 1398 312 2347 4303 1327 2113 3421 2818 2751 1402 3825 2235 4507 2519 3480 2830 805 70 2709 1285 3407 3402 1601 2087
3593 4100 3982 3218 598 1737 4113 3835 3895 247 3628 2555 3617 4664 2072 142 4806 4827 1557 2415 2889 595 3919 1753 4652 1416 2486 324 4155 3162 888 497 1852 2083 992 4110 2648 4538 1514 32 4779 214 363 1754 1037 3285 197 3105 2030 2575 2877 3866 2899 1338 4106 1394 1404 1450 4212 3938 1547 2656 3675 4850 4152 1604 1885 4731 4841 802 1954 2848 3414 505 518 756 2557 495 1695 4271 1606 1989 3727 4522 2060 1826 1902 91 3145 1384 1584 2282 2530 2239 2995 3007 1419 4822 2319 3649 3770 2084 4745 4399 1357 4557 2740 4915 1864 1210 4080 1265 1434 949 2679 94 213 3666 455 2465 2648 4895 646 2106 2002 4885 4789 4643 938 4592 3100 1808 4650 125 2635 1038 494 4259 4168 2083 2421 3658 4239 3630 3788 1360 920 1982 2529 2469
2278 4362 1569 4589 4280 3293 1248 2410 1806 2477 1282 1544 1212 4084 4629 4059 983 3899 2998 2966 2612 285 722 2568 400 3806 3664 2058 3974 4653 4366 4559 565 2375 3787 1352 3010 1813 4829 2372 2457 4678 1947 1515 3285 1580 365 67 82 3873 295 879 2451 1785 3531 3732 3311 3422 3239 1341 3247 4488 2148 3880 3707 1962 1485 1937 2845 1526 3376 3607 2128 2144 4915 4986 1798 4746 494 2122 3241 3482 1032 2831 3488 672 3506 4409 2168 3884 4203 4352 4335 1885 2726 1598 3408 777 3659 252 96 2364 2682 529 561 1621 2537 2653 4585 410 1357 2010 1612 535 1359 3881 573 4135 2100 3577 405 61 148 959 3063 4461 200 1404 1370 3424 4565 4429 2891 2937 3071 3034 1084 2489 4147 4289 3614 2578 2280 2440 1764 4023 1554 69 3749 771
1252 4541 2313 2647 4825 1824 4430 1333 2551 1256 1422 2879 4010 4536 2908 2698 499 3923 3184 3012 2081 1157 2084 962 122 1738 4382 2472 1907 4034 4476 1162 3520 3370 4035 3957 1752 435 1680 3998 1567 2076 2001 4899 197 365 4841 4225 4248 2997 211 847 3547 3125 482 3284 1324 1756 2910 4303 739 563 4756 3294 2554 281 2505 4117 418 2512 2553 2029 3216 3141 194 2817 4823 3913 576 1199 4175 4324 1732 1041 4782 3382 1908 1443 162 4372 3601 4594 4609 447 3904 3625 4208 2073 3302 2292 3770 3224 2303 1645 2286 4850 2658 3040 4905 3639 1619 1571 166 1224 529 4362 2337 1991 2068 3300 2180 1396 3477 1248 2748 136 733 2231 2503 298 494 3668 2437 3561 4961 1555 1095 462 2104 1910 3712 1921 3722 4984 3088 2522 4127 976 2742 2260
1017 4408 2291 3441 2768 1735 2541 279 4165 4587 4350 3044 4359 4692 2826 1559 2234 4730 3827 4347 2788 977 2964 4561 2892 4582 2631 2009 497 1608 4691 13 4082 2289 4721 4699 2129 2020 4695 4168 3339 4321 358 3496 3105 67 4225 557 2629 4429 3445 1818 2602 3552 1782 1860 2411 10 4103 3094 1085 397 991 1495 4735 4012 2248 4110 2184 1954 3980 418 2325 1276 1528 423 3266 1173 3896 2289 1030 1490 4543 129 2496 4933 56 439 1169 1534 3759 1524 3196 3053 3541 1999 118 4521 1894 3063 1241 2838 733 449 2426 272 3144 4927 1657 2874 1160 4022 3766 1921 98 3277 2236 4688 567 694 2795 2819 2346 3827 2559 1568 3505 1462 1017 2231 4864 2755 3383 3585 1085 1007 412 1683 4172 726 3043 798 3193 1178 3375 2595 3866 1835 1544 4393
2514 123 423 364 1198 494 2113 2414 1467 4236 2920 4002 4100 2109 385 3927 1235 3551 1898 4075 3133 2806 3768 4497 2517 3190 3980 128 2976 544 4114 351 2878 2959 2968 2359 2424 476 48 459 3048 3756 2575 819 2030 82 4248 2629 3045 3414 2631 464 1465 1704 1211 4441 1808 3389 1151 4857 2547 3751 4827 342 4833 340 2875 1956 3908 2090 3844 30 1504 3031 338 3343 4199 1071 2687 4950 3945 2156 128 523 3175 3237 4024 1809 4669 1940 462 1384 3571 3621 4087 2342 4783 2270 1121 4435 2882 3713 2478 1438 4945 4530 2598 3221 4833 3000 3665 2426 3348 1576 669 2065 4425 2239 2651 4557 3407 903 3120 2702 2894 3571 370 498 506 2581 4562 3575 4849 1978 3709 2779 587 1673 4542 172 3606 1493 2134 2395 2696 1010 3447 453 3944 114
4428 3584 2387 1089 1884 4558 2865 146 1637 1935 2261 117 4360 4959 1162 3636 1665 634 3789 3457 268 1726 1216 1354 4815 1816 3743 75 2512 3688 1934 811 3465 3927 3917 4760 2254 257 3517 205 472 3035 2030 776 2575 3873 2997 4429 3414 3013 417 3617 1103 3118 618 2252 4239 3810 1177 1684 4547 4231 207 2265 26 1725 2564 4338 3060 860 1005 4680 800 4219 127 1831 3180 714 3136 3035 4238 40 207 247 3297 125 1074 1245 4136 309 3728 926 3519 1337 1209 3117 3968 544 4406 3390 500 4257 2409 1602 4987 3944 4293 928 2306 2604 96 4689 2443 3829 3378 3384 3677 2587 700 3925 4836 3033 3748 1415 4624 572 3038 1721 4748 4905 2419 3069 3281 4266 1008 4093 2637 3595 4381 2541 4363 378 2046 3052 3935 3410 920 514 826 3299
3508 1915 2080 3658 1736 3274 4783 3586 256 4796 884 3006 4677 4313 1505 3372 1071 1141 605 3088 2243 1660 2674 1820 4318 3258 2871 40 4682 4167 681 1924 981 552 3900 3881 4393 897 31 1971 553 2496 3971 273 2877 295 211 3445 2631 417 1165 3353 4264 2837 4389 4839 4696 3005 3651 2269 1824 4647 4245 827 1218 2923 3105 2022 3458 3864 4616 3385 3683 3075 3369 3734 4336 312 3394 4679 1110 3028 743 392 1443 227 4468 2875 1649 2567 2998 1040 923 4789 963 1598 1694 2468 3308 4605 3863 3254 3347 4551 4813 4636 705 1011 4716 1562 4659 456 3960 1421 1548 1560 875 2688 2073 3000 3195 328 1502 2573 2620 3924 4044 488 3217 3755 383 3595 4370 2866 2658 3273 4710 2631 3666 4731 1325 1421 2514 1607 1707 2446 2446 1765 2435 817
4794 2504 1562 983 1157 4396 4695 509 2251 4232 826 1130 3622 4783 3600 139 3440 1040 4839 160 270 4431 4052 782 4134 1806 4674 1234 2952 2007 4200 77 2028 3466 4334 4298 3982 3046 1062 4824 264 4484 3050 4522 3866 879 847 1818 464 3617 3353 2182 3066 3939 4437 3491 351 141 4693 535 2254 1108 1008 2051 183 3383 805 3741 4282 668 1081 3813 3442 4583 3906 2058 3694 2636 360 2602 3602 1453 990 4107 2227 4402 1032 3833 66 3863 3175 4416 1447 483 1460 1870 990 2989 2861 358 1987 845 4241 4562 4598 642 4550 4970 1140 798 205 3199 1536 2806 705 432 717 608 2705 1799 106 1818 4791 2944 2241 3531 2411 394 2201 2473 2210 1627 2462 4522 3404 825 4055 3640 3234 1524 638 4879 673 2699 1950 3920 1860 4188 2194 4679
647 925 2370 4276 2546 2123 4159 2517 1919 4460 4372 2789 325 4294 1853 4283 1587 3779 2189 1552 4380 2330 3635 409 1571 2226 2569 3159 2807 1271 3615 1506 3322 4669 331 2335 4600 3550 4085 1597 3340 3988 3263 3117 2899 2451 3547 2602 1465 1103 4264 3066 3813 3070 4461 3130 318 4841 2849 450 3450 2600 637 4449 1893 3215 4363 1430 2847 2203 1314 1245 3009 685 1637 1359 2544 3691 3638 3278 4559 4057 1550 1186 3886 2682 4986 1424 4589 1893 2880 3746 3521 561 4199 3378 2901 2036 3443 4324 1692 2935 2606 1391 3254 3935 4634 4111 1331 3039 2137 730 4400 4779 719 3120 2149 3730 4819 1474 2517 2248 2516 3380 3277 186 3828 2448 810 1604 2804 2629 436 2561 111 2869 1369 4110 3908 3762 3705 3155 2877 433 1855 911 3412 3210 325 4492
741 3045 786 3132 4519 4882 2029 4324 422 2957 555 4903 1063 4645 2879 859 4368 3606 2021 83 4642 1106 1297 2534 4527 2664 4934 1420 2096 3807 803 3192 2776 3867 2015 2252 2716 415 1488 112 3764 3541 1997 4311 1338 1785 3125 3552 1704 3118 2837 3939 3070 4382 3652 2371 2617 2593 2161 1344 2335 2141 4686 4399 2093 4881 1859 2265 3641 389 3140 2119 3089 2840 1214 983 1162 358 2963 3821 2408 974 3601 2008 3372 2715 564 1114 4465 2033 4800 1671 1009 2774 4530 3786 2969 275 3837 3736 134 2682 304 1219 1412 4445 2534 2964 974 4293 4387 1486 2050 460 702 4951 4708 3898 1554 903 1666 302 2879 1466 4848 909 4004 3623 3781 2771 4853 818 538 1044 4170 1380 901 4021 3786 3894 4941 4453 2931 2715 1335 1347 1099 2737 542 3076
