N: 150
M: 30
Symmetric: true
Triangle: false
4 22 44 24 117
5 59 46 136 10 45
5 69 42 98 4 33
3 126 6 57
6 123 82 104 97 60 118
6 39 132 56 90 68 73
4 2 150 12 124
8 58 34 103 41 145 65 72 106
1 144
4 105 134 9 23
4 50 111 7 148
6 66 116 83 38 53 128
5 29 48 80 138 119
3 129 55 137
7 8 15 52 3 67 142 146
8 37 114 54 147 108 81 92 85
2 107 109
3 133 100 141
5 1 49 63 62 14
6 113 35 64 11 89 75
4 71 16 127 115
7 110 91 143 120 76 51 94
3 20 131 88
7 36 140 130 17 86 43 32
7 77 93 125 30 61 40 5
5 79 70 13 122 47
5 95 74 135 25 18
3 149 84 28
6 96 78 27 102 87 21
8 112 101 31 19 139 99 121 26
4509 1885 1985 3961 1589 1833 4665 1382 1174 4543 3118 1135 3074 3730 4016 592 1756 3785 4122 2140 4355 2995 3210 4044 2350 1661 2407 4811 3092 3420 1374 1017 4491 2121 478 739 406 3859 2101 4400 2752 2318 886 3962 480 4585 1421 2308 1932 360 3512 92 1417 3873 1113 2169 4237 1750 2794 4155 4528 4192 638 2461 2790 4710 2479 3577 859 2651 3032 919 869 3236 929 47 1536 3958 444 4009 803 2747 3792 548 182 1927 1731 201 561 2829 1932 2746 1645 4985 4765 1426 2555 35 1045 3737 1363 1723 1119 3244 1948 2745 4982 4737 4841 2906 1147 2277 4051 4321 4511 392 2087 1073 3604 2040 137 964 1274 1992 693 4891 2836 2826 1774 1271 4885 338 880 710 2368 2553 1200 635 1348 2873 3489 2837 1985 4792 4433 807 3909 4771 1166 3429
1885 624 2132 2305 4540 3898 1781 679 1462 422 2049 3868 3075 4197 2456 4474 2309 4092 918 4805 2434 4497 637 3576 3012 4565 2485 159 2319 4035 1067 568 2958 4911 3953 2248 2028 457 353 50 4478 4985 3022 4947 2319 3579 4034 801 3008 1824 1054 2330 4280 1213 1262 1036 2218 1547 1247 3435 447 3277 438 1540 457 4352 2731 4203 657 1456 909 4988 1740 418 4199 809 3246 143 1199 4447 3684 2213 4061 4717 464 97 4721 4746 1372 1774 2297 3508 2668 2788 2703 457 1811 2740 1753 4485 67 2122 1012 3413 4585 3768 3654 697 1845 3999 1582 3989 543 4343 2165 512 1242 2576 1661 4370 91 1683 2458 2737 542 3756 1050 4086 4979 3541 3455 267 3168 3322 3739 494 163 3391 4895 977 1651 2137 2625 471 4350 1762 3914 3744 2230 4238
1985 2132 1321 1125 3409 3283 4766 1713 40 456 1549 4179 3523 3970 1336 1525 996 4281 1436 4983 3410 4917 1444 3254 1331 2511 4808 2720 1093 550 4610 1381 3728 2366 829 628 1639 3157 3396 1885 3265 760 4114 1068 610 443 2606 2966 3692 2474 872 3399 2431 4387 712 628 683 2019 683 4807 4971 1657 478 3023 2518 4990 416 1949 959 1997 2301 2730 426 4551 1826 1911 3321 3256 346 4061 1755 4559 663 1380 2171 4384 3085 3175 2339 987 1515 396 171 683 1371 1468 3074 294 1401 2421 233 2254 344 1071 3149 30 289 3446 2665 3290 2925 1762 4479 3885 3310 4127 762 4772 4213 4944 1582 2357 240 1575 3196 126 294 1023 2521 237 196 1267 4393 4760 4199 4557 1273 2698 867 1274 396 54 4972 930 3022 2087 2673 2693 2332 3914
3961 2305 1125 2144 4305 4161 4904 4033 4662 440 3325 1462 4468 4522 3097 946 2778 4952 783 4242 1820 93 4601 3172 4132 939 891 2365 233 1567 4929 3741 719 2530 4176 2243 2134 669 3123 1261 3284 1907 4174 2361 3380 181 4293 3755 4753 4533 480 3342 2456 376 4913 1593 1150 3586 349 1900 575 1037 1418 1717 3292 2176 4326 2599 1975 4489 4151 4751 4883 1183 4689 440 2769 1538 3362 3440 316 1020 2761 2553 1115 542 280 1658 320 4675 533 4322 955 735 631 3080 3631 4256 4408 4946 297 3124 2112 1418 1953 147 3513 4237 2528 549 582 1743 1606 4955 4912 1442 1439 1025 3706 1889 4511 3484 3252 1221 3581 2176 1327 776 1469 3833 2644 4738 3933 2434 2156 2482 4789 1100 948 4688 4613 2430 1125 4629 3814 2792 3982 3345 3890 3088
1589 4540 3409 4305 1996 4130 4007 4026 2610 455 3083 2321 4190 3227 2682 306 1026 2605 97 1080 3769 3008 666 1238 2542 1212 3472 610 2183 3432 4715 4064 3685 2674 1161 1843 2089 2697 793 467 669 3102 2536 1873 1089 4171 68 4282 4400 1293 1286 1558 2641 3154 881 4435 1452 1143 419 2884 1338 2096 2378 2372 251 2158 1011 1008 3530 1607 4194 2899 3248 229 558 4902 306 1476 995 846 4434 3681 1828 2547 955 3555 674 446 2559 4064 1907 1047 810 263 1054 2306 3263 3667 2414 1195 370 2660 3230 3605 2458 3847 4766 2093 3426 2236 424 2181 74 3111 2651 3681 4392 2375 3484 1822 1546 3780 661 2304 3933 135 19 3968 582 1358 2367 2827 3272 3739 4136 4260 3617 1884 4406 704 3691 3845 3168 1657 4313 3321 4653 2280 3702 4439
1833 3898 3283 4161 4130 1697 4797 3421 1689 1393 602 2176 3020 364 2931 3286 3663 2913 1053 555 4206 3276 3960 3591 1423 360 1775 876 3916 3212 3261 4094 3101 1037 2965 4859 1591 828 356 1088 2999 2283 2293 3800 1988 4301 1147 3955 1581 3013 45 2061 1796 2701 2288 1312 3446 1124 3057 2292 1807 730 3749 4563 2494 1912 3066 2219 3008 4313 2038 2244 4150 1255 116 3372 4017 2158 4647 4860 1842 1455 2289 2974 876 1414 918 3073 4631 2495 4888 893 1243 2528 3379 2261 810 4923 2293 3685 103 3061 1370 2438 735 3772 2803 2183 4689 2865 1328 1125 3423 2185 4604 4451 1862 1393 1344 1129 1794 3359 3346 3792 2895 4640 1894 4688 4024 2152 2064 1731 364 3134 3308 130 3969 2436 2369 1493 3663 781 3972 1235 604 1312 1050 1189 3827 1740
4665 1781 4766 4904 4007 4797 1223 4743 717 311 1670 3289 2003 4156 1831 629 1294 3303 3490 1117 1029 1319 661 3938 253 1751 1085 2555 2020 1653 3734 1253 878 1647 1801 1178 1419 1832 1640 244 4290 2201 4019 4670 3824 1839 447 3787 301 1186 4297 92 4238 2594 4302 2386 2776 2109 2278 1891 4257 578 3390 1564 2317 2994 1638 468 4416 3343 484 4050 236 4385 870 480 572 2848 2850 1593 3080 4161 3480 4295 3351 519 1791 1715 67 4030 1729 2524 1737 608 2236 2668 2761 3565 1599 3472 4960 118 2503 4869 884 3489 4008 2268 1015 3432 216 1210 3818 3645 2376 1085 4162 4355 3298 1963 1600 1419 504 1591 3931 3985 740 2588 3418 4389 3396 2090 395 2016 3837 2444 2445 444 1462 2417 2946 3504 2473 1410 3535 1114 1709 3119 1152 3192
1382 679 1713 4033 4026 3421 4743 1573 4243 1669 2281 2203 1057 3921 4964 4305 2270 1095 4251 1432 1541 1412 2220 1281 2575 4618 4833 3437 1594 2036 4765 542 3509 720 4016 3779 3572 2438 32 4899 3389 687 634 950 3159 4851 1826 1623 2083 1557 3383 901 3456 1767 2906 4565 370 1693 888 1870 3076 2842 4355 3983 2251 3521 3924 1765 4150 357 1897 4228 1439 3757 1124 3799 2596 1754 1544 1989 4557 1593 3871 189 1413 262 3479 3600 3822 4870 4371 834 1983 2933 3851 413 1385 3141 1575 3751 4561 1403 1715 2878 1453 1126 735 4502 4191 572 944 478 2331 2760 970 3637 3489 4441 1614 2831 1072 4692 1910 2023 3897 4061 2177 3674 4092 4162 4685 2862 4536 2131 2723 3868 3206 2168 2331 3124 2214 1252 4940 1904 4319 3665 1049 2320 522 3363
1174 1462 40 4662 2610 1689 717 4243 2484 2606 3034 1615 1782 3826 338 2190 1846 1671 1499 3884 4135 4431 2019 2070 4967 2317 1991 1707 4507 4793 4185 2593 4652 3501 146 4377 855 2466 1087 3050 4189 3269 3381 2701 3787 4765 2944 3484 4844 3986 4539 991 2895 585 575 1574 1495 4257 1700 4670 1495 1199 1171 4082 730 579 480 421 1097 3949 1779 1376 427 3031 1247 2539 1429 1630 4829 3559 1796 4574 3381 750 1461 3028 297 1590 3711 1166 1456 4280 4848 488 4604 1790 1415 3816 2167 206 1112 1642 307 731 4344 2732 524 4169 4210 2879 4397 1819 2178 4792 2744 3633 3730 1373 2401 3046 4545 3949 4318 1190 4350 1015 3167 873 4072 258 615 4793 769 994 374 3109 273 919 3970 1976 2099 1885 2877 3071 763 3330 2663 2039 1046 3819
4543 422 456 440 455 1393 311 1669 2606 46 3381 4005 3899 4068 383 1098 1435 4660 395 1403 648 839 3666 2515 3245 696 648 3327 4051 3786 1311 2056 4949 125 2242 398 2226 3118 1813 3217 2849 840 1732 239 4618 703 4386 4234 2297 4617 153 3253 1044 795 1640 3382 2079 1684 1169 4632 3344 1524 3964 628 292 4154 2726 3677 2600 1630 2852 164 4210 1708 141 2946 522 4464 4558 2662 2947 4998 1862 3465 1663 3204 1558 4751 1372 1151 1364 1368 3379 1938 2974 3834 44 4337 4191 1789 525 4981 2826 4980 2043 892 661 1040 1822 2922 3242 4985 4061 851 874 223 4760 2563 2132 4105 4095 3111 1627 1516 2959 1560 4411 892 4660 4908 393 2560 3292 1640 2384 2259 4931 499 2820 4828 4797 2923 1563 3206 2365 1556 3227 940 3518 3141
3118 2049 1549 3325 3083 602 1670 2281 3034 3381 4833 1985 2409 765 1190 4068 2006 1923 768 1037 3014 3435 1780 3967 868 846 714 3163 3097 3721 3427 2355 4925 908 3219 300 1375 3545 3373 3023 3919 4618 3016 2066 157 312 563 3873 4978 2520 804 4831 3881 4602 486 941 955 4172 1741 2455 4411 1108 3269 2085 2953 4134 3552 4533 3227 4740 3748 1997 1968 241 4308 964 3435 2965 3873 2282 2497 4930 2892 4128 4221 1782 4696 1869 3209 2685 2437 3343 3205 1528 1556 2628 328 4326 4513 4318 1003 3472 1818 85 1190 4189 3202 4970 4456 519 2310 3643 1000 1554 4887 3749 3766 1733 656 1466 3505 329 1160 2967 2926 593 4694 2971 1336 4179 3773 4886 543 4055 2462 4504 3355 614 1402 908 2280 1639 4911 1543 647 2527 354 3109 4953 3008
1135 3868 4179 1462 2321 2176 3289 2203 1615 4005 1985 4524 1781 3428 1771 578 4450 4404 4996 1243 1867 1847 4401 2712 406 905 1564 2703 1449 3844 3229 1892 380 2834 3800 3407 1435 3553 2211 4221 2888 2184 3695 4419 3868 340 2136 4077 2954 3933 4642 2305 3182 4996 3680 675 1046 4327 1024 1593 1762 914 1212 3871 4092 4075 2009 817 3183 4903 3522 1195 2053 2676 1758 937 3068 1417 4507 2698 4223 1340 1176 2545 4800 475 4673 2912 853 4453 62 2309 1628 3925 820 4144 2787 3961 755 41 2335 4041 3078 142 4604 4692 4973 4714 2070 2775 2624 2318 4094 1866 2561 1756 3689 3628 3737 918 2573 723 2500 255 1704 2989 1238 4751 4029 3202 904 1979 28 3151 588 4420 4269 672 3305 1797 2273 2171 144 1294 4422 4495 4881 3497 4638 2348
3074 3075 3523 4468 4190 3020 2003 1057 1782 3899 2409 1781 2334 4619 808 585 3237 2548 2060 1621 2382 2282 3766 4091 3352 2134 708 4454 1764 3921 4403 939 2570 1983 1414 4417 1956 4570 875 3604 2686 651 4255 2478 1469 3002 378 1835 4408 4496 2494 2999 1603 225 3087 2994 3149 925 4713 70 2652 798 1819 1718 4279 3989 2292 1894 481 2940 3280 11 1152 1751 1875 2974 4159 2454 1103 3547 4539 243 2001 4597 1393 844 3189 765 613 1429 2507 4660 4062 1454 4236 2133 2180 1120 2245 841 2511 3539 1956 2106 2570 4820 642 170 2004 789 1991 3928 4354 2002 4923 2939 1457 1830 2187 3105 1209 1973 419 2492 4058 4931 2864 3594 1960 4833 4520 3639 1199 3723 251 2243 4167 4649 1766 3865 3355 769 840 2807 208 4682 4833 334 1843 2063
3730 4197 3970 4522 3227 364 4156 3921 3826 4068 765 3428 4619 2109 3487 2394 3742 1617 3078 4315 4743 83 2023 3843 394 4503 2708 4304 4814 1573 1254 4697 459 3114 3066 1507 4981 335 3625 3011 4187 4655 1228 1256 1501 2248 11 1814 2603 553 1449 4565 3103 4605 3287 4345 1370 3996 2894 2386 934 1356 989 131 1683 3900 1719 3301 3595 3148 2023 1606 2621 1808 1464 362 4374 2427 4954 472 4074 3952 1393 4930 4822 4924 3035 4287 894 4353 1238 2332 2089 2686 4340 2784 509 285 10 533 4255 1873 2565 1585 3651 2113 1461 1956 1350 253 3340 3195 965 2963 4981 1083 1736 4209 2631 1785 4198 4916 2831 1495 1075 915 3711 1206 1611 1446 4036 1141 76 2276 2243 1337 4027 4308 2188 2918 4892 3727 144 4063 4944 4101 1173 3108 739 3135
4016 2456 1336 3097 2682 2931 1831 4964 338 383 1190 1771 808 3487 219 3134 4175 4908 3188 4960 1302 3153 759 1327 1560 2576 1257 1265 1891 3760 4806 4977 4135 3219 3916 4164 1373 2436 40 1288 1236 3070 1056 4921 2879 3758 4116 1486 2858 2379 3486 2960 358 3874 4877 1429 3677 525 4344 4571 2697 958 4993 1395 2562 1938 2233 805 2219 952 2051 4143 3565 3082 2883 818 2581 1183 887 4880 2981 2617 3079 3813 3671 3804 1855 18 4732 4653 3949 3802 1576 4853 2083 3821 854 470 4942 4681 1934 2545 3897 4096 1065 290 4780 46 2504 24 2430 1205 2104 405 3592 1260 1467 771 2859 757 1356 2701 778 1168 1700 2863 3042 2506 1063 840 1599 673 4046 4858 1945 2386 2829 1379 13 1819 523 3364 4121 2843 4712 3959 4788 3608 2666 3165
592 4474 1525 946 306 3286 629 4305 2190 1098 4068 578 585 2394 3134 1091 4326 3525 4742 4084 4852 1965 4559 559 4357 3756 4341 3203 2763 2708 4068 867 4142 126 4924 2325 3949 3276 2143 3378 3893 4113 4319 4310 1918 3455 2792 3675 1098 2999 1612 4661 1832 3208 1880 158 2369 2381 4555 4639 2490 1421 4765 1567 1268 27 3825 3039 1585 3496 514 337 419 966 2731 1479 4172 4927 1991 1162 2163 114 1256 847 2609 1635 4311 4778 1555 2764 1248 2299 1440 3444 4695 2459 3433 2230 1562 2115 2459 2655 930 4936 4659 4847 3068 1869 2278 1959 2572 1451 4670 2024 4057 4664 4702 1946 3015 4354 4090 866 1189 150 4712 1053 2881 2804 2304 2693 4976 1129 1177 4967 3731 793 4511 3565 3486 3983 3981 3316 1631 704 2953 231 756 1275 525 4324
1756 2309 996 2778 1026 3663 1294 2270 1846 1435 2006 4450 3237 3742 4175 4326 2113 4981 426 3972 2025 698 4464 4308 4854 3957 3069 3535 3549 1153 2819 4563 1619 631 2064 16 837 2094 2229 1491 2572 1266 4532 531 899 4358 2735 3040 2946 4538 1970 94 4525 1051 1464 3549 1636 562 4340 1179 4124 1272 581 930 896 1512 2964 2221 836 2909 2872 2481 3703 1699 2111 202 764 2029 135 3789 2169 4777 873 4933 4897 431 4680 3408 2365 525 3115 1811 4781 3694 3590 1629 4753 1473 3485 1367 396 2009 3634 3888 4980 586 3900 2193 1739 4933 1507 707 3990 1498 3976 3639 3784 1497 1922 3045 3931 3895 4162 3656 3668 4672 4175 1376 3175 4287 3944 2012 3285 2644 3768 4312 3082 2626 2360 3143 4573 2586 4550 3240 4886 4399 1745 3392 2904 1015
3785 4092 4281 4952 2605 2913 3303 1095 1671 4660 1923 4404 2548 1617 4908 3525 4981 4288 1477 1718 4489 179 3115 1005 1726 900 1891 4613 1106 2664 1472 4971 3032 1372 67 2420 3666 1766 989 4683 466 1983 4443 1402 3677 140 4126 2406 2119 3669 3164 480 2730 1563 2799 2028 632 3552 4852 1677 2394 310 4227 532 2236 1045 4806 1174 3463 1040 2184 2679 2519 97 2785 665 4829 2885 2647 711 2884 1694 4426 957 287 4758 3732 3912 115 1163 1874 3771 912 3804 983 10 1626 1523 888 1588 3754 268 1642 58 4415 2477 1926 595 2187 328 1166 3586 4340 4671 117 16 214 843 3897 1959 4053 806 1104 2531 777 4045 1790 1515 3413 600 2599 305 2293 2708 1248 3359 1383 3225 3034 1968 268 2666 4944 3290 3404 2859 3103 3807 899 866
4122 918 1436 783 97 1053 3490 4251 1499 395 768 4996 2060 3078 3188 4742 426 1477 1242 3658 83 4112 2010 336 2208 4101 2968 974 2282 565 1801 52 4807 511 1789 4255 4772 3974 869 1042 4335 2577 3329 276 3677 647 3955 1790 2031 2040 2361 937 3535 4861 27 170 3914 3594 3956 3725 4279 72 2369 3455 1123 4767 2305 3075 1115 3516 3644 2990 1037 3349 4955 714 1217 843 3317 2843 3540 3094 1416 2277 339 4223 3023 2295 2532 3795 1920 2828 2517 401 2047 496 97 800 4193 4516 2161 1968 2064 1164 2754 3664 4149 3793 3545 4795 3340 2020 4689 1372 1993 1355 1453 4676 2935 2420 942 3042 3256 724 2866 4249 3706 4886 1371 2701 1478 160 3120 3305 1902 858 1266 922 4276 1282 3230 710 4376 4883 4822 426 1852 4912 2015 1337
2140 4805 4983 4242 1080 555 1117 1432 3884 1403 1037 1243 1621 4315 4960 4084 3972 1718 3658 2691 3965 3122 758 4888 3536 429 4975 4350 4822 4404 2614 1376 3073 3522 809 3660 1120 2172 4672 1324 3646 4523 3759 912 562 4979 446 338 3415 1352 157 1290 4992 3189 4023 3874 3315 1299 2701 594 330 923 3457 1542 178 3758 3261 4185 2346 3024 930 2852 4473 4821 4555 3167 3716 815 1762 4158 2307 3640 4227 2604 1543 1823 1133 3409 1428 1632 2714 2002 1176 1542 980 2505 604 3103 3285 1218 4417 1059 4273 1821 800 2072 3336 1800 4412 158 2230 4065 4803 2540 3427 4087 4163 2891 655 1578 4675 4845 1595 2155 2343 3909 2179 4309 2977 2837 4246 1472 1497 2159 2007 465 1997 1866 4037 3925 1059 188 4035 1538 3777 2679 2347 4811 4320 1628
4355 2434 3410 1820 3769 4206 1029 1541 4135 648 3014 1867 2382 4743 1302 4852 2025 4489 83 3965 646 3585 1255 2961 3972 4735 359 1647 3562 1464 2142 3883 2403 3547 2375 591 4427 3977 4304 4551 3450 4236 2198 903 437 2366 2221 391 320 3426 2899 4017 3650 1735 1460 3190 3321 993 4983 3614 2268 712 2604 3305 4674 1724 2218 4396 4107 4792 2101 3468 1537 1184 4527 1495 2621 3223 760 832 2095 3918 261 1313 978 4203 2945 3254 3692 622 4670 2920 864 4195 1087 2118 4771 3687 3418 4194 4612 2023 1739 2859 1607 1271 4484 3313 2480 4890 815 4322 3574 986 4464 3512 658 903 4790 3362 196 4525 4219 2407 4715 3480 458 258 1826 4334 1528 1387 103 2088 2069 2008 1768 193 3971 262 3710 2957 25 2889 1617 1933 3440 2285 4582 1905
2995 4497 4917 93 3008 3276 1319 1412 4431 839 3435 1847 2282 83 3153 1965 698 179 4112 3122 3585 234 214 1067 2664 409 3970 4916 4230 3730 421 4025 2184 4304 1097 3851 2767 3494 1485 1733 4778 3790 3344 4217 2989 1042 4201 4272 4931 1994 572 4546 2046 1473 3740 2182 1250 2457 4254 4696 4101 4704 2394 344 808 3842 2203 3000 2489 185 499 4462 3368 925 4265 2780 3363 4279 4468 4255 4673 1070 3066 1738 2175 268 3813 523 4582 1902 1512 3183 3430 607 4025 2331 2309 65 1131 505 4763 4388 471 619 4138 2302 1140 3870 3692 4607 3812 480 2464 4197 1691 539 989 4521 4147 1848 584 3269 467 929 1860 2841 777 3975 3311 1416 1556 1683 778 628 3836 1194 4049 4629 833 1961 290 3969 3353 1031 2945 762 3771 2405 908 1959
3210 637 1444 4601 666 3960 661 2220 2019 3666 1780 4401 3766 2023 759 4559 4464 3115 2010 758 1255 214 1764 561 4730 1217 1719 1083 3316 1701 2761 3283 2738 4793 4000 1924 2863 3903 457 822 284 993 1205 1213 4059 3616 3057 3483 482 1561 2576 2270 2702 3030 919 1396 1116 1358 58 4332 4938 4640 2043 962 335 4637 864 4934 759 1423 978 2200 2018 4115 3141 4843 2816 1384 3151 693 2976 998 3406 3982 2336 3512 4783 1229 747 2982 4523 1390 1657 3155 1140 949 3594 2215 785 3865 1507 1043 2770 1498 4106 995 1415 2263 2153 923 3806 1399 1758 648 4359 3769 349 410 4881 3167 3910 3632 1280 3514 4341 2790 3641 3526 1356 3453 3930 2110 2402 697 2071 3967 1823 612 4635 4732 3994 436 2961 795 2430 3682 704 3952 2508 3188
4044 3576 3254 3172 1238 3591 3938 1281 2070 2515 3967 2712 4091 3843 1327 559 4308 1005 336 4888 2961 1067 561 1492 3533 27 1153 1675 4929 3845 2986 2444 4721 3462 4890 2349 3944 1458 2469 2434 915 4474 3344 2572 205 4146 2810 1684 1494 302 2821 2594 2753 3385 2494 265 2241 4534 4096 4166 4846 299 3605 393 624 3677 1530 284 2349 265 3107 2238 94 1031 2367 4893 2648 3831 865 843 2218 2915 4121 4560 2194 3276 2080 1149 297 4313 2507 4364 214 3510 554 699 2153 4366 1196 2280 801 4954 1881 2677 3773 2868 2710 2029 2098 2520 172 4381 3846 157 292 4533 4201 2361 2805 4738 2495 4905 2723 4220 3509 1356 2438 3221 1588 3897 4364 3043 4870 4118 4507 139 123 2394 4072 1445 2641 4317 1259 3958 1789 4194 3466 758 3025 3453
2350 3012 1331 4132 2542 1423 253 2575 4967 3245 868 406 3352 394 1560 4357 4854 1726 2208 3536 3972 2664 4730 3533 3931 1284 4986 453 1666 1703 4003 3194 895 3580 3624 1092 2510 4595 4435 260 2795 4332 1685 3946 1678 2323 4393 2217 2866 2221 402 1427 1417 4999 2389 44 189 1337 3575 4605 2008 2476 2669 4586 3898 3788 622 3413 496 4325 1596 4038 4444 3292 2003 4719 4636 4073 4921 4676 277 4556 2697 2836 2504 1244 3181 1385 1565 2539 3385 4436 3834 2429 2037 714 2102 679 1592 259 4055 3251 3453 1010 3692 1788 293 2972 3445 201 2136 1900 767 3472 1364 231 4739 489 4590 1819 439 566 97 4944 681 4717 994 2445 436 4034 2475 3601 395 4929 2980 1023 4533 4392 2215 658 418 3236 2713 2010 1156 4270 4578 3082 4161 4299
1661 4565 2511 939 1212 360 1751 4618 2317 696 846 905 2134 4503 2576 3756 3957 900 4101 429 4735 409 1217 27 1284 2495 4210 3650 285 1614 2330 1888 1974 2835 3631 1171 3837 775 3985 2668 4594 3365 3076 3141 2518 4686 4962 3881 958 4609 3926 4351 2861 4349 4950 448 2248 778 2341 4382 1359 2548 1306 1746 1793 2551 2505 1047 3604 2369 3580 805 309 1759 4846 389 754 3747 1332 2957 4962 3339 508 3163 1709 1705 3118 1357 4189 796 4448 1600 2722 281 16 1700 1856 4685 2305 1311 2456 4642 407 2873 2008 11 1424 2501 155 2743 1182 4662 3875 2835 4131 2838 3248 1495 1913 4895 3226 3845 2292 4354 283 3624 2878 4535 4227 1236 216 3206 77 1706 2698 3150 714 4886 1238 295 4487 2174 3684 4999 1905 569 2523 3131 566 2115
2407 2485 4808 891 3472 1775 1085 4833 1991 648 714 1564 708 2708 1257 4341 3069 1891 2968 4975 359 3970 1719 1153 4986 4210 1556 1852 926 1648 2504 3179 1491 1884 560 3962 3232 4670 53 134 4798 515 4523 1932 3135 37 3480 3727 330 2229 1755 1038 3662 1123 630 247 2386 3545 4693 2706 1806 3660 2227 2569 4842 1262 511 2055 2590 4483 4339 3395 464 1476 2796 1643 2169 3228 3717 586 2473 1154 180 2270 226 4978 3254 2785 1217 2098 652 4826 4412 4176 4544 2995 1426 3458 3642 1066 483 1126 1359 4044 2225 3038 2959 812 3951 1683 1153 454 136 3378 254 728 703 887 26 1090 3893 2315 3643 103 4250 3192 795 3753 4583 4053 4978 735 3288 4812 4819 1491 4926 4643 500 1509 4842 1357 3728 2192 1970 4332 3553 1444 2353 1474
4811 159 2720 2365 610 876 2555 3437 1707 3327 3163 2703 4454 4304 1265 3203 3535 4613 974 4350 1647 4916 1083 1675 453 3650 1852 301 1762 1976 1136 4094 4156 3142 857 1457 718 3382 3541 3152 1082 881 868 3795 4026 3967 2557 3896 3992 11 3950 2841 300 4381 2185 2494 3928 4686 4659 2250 1394 2230 2480 3582 444 2330 2721 4096 856 3970 2781 3666 1500 4330 1411 2553 2043 288 4868 2621 1621 3346 3058 436 1137 195 1430 2307 1541 3463 1473 4810 1331 1756 3119 2640 975 4423 4345 1979 484 3116 1325 4822 3855 2429 4424 2810 4879 3008 3785 998 2927 2413 557 1857 4926 822 424 3315 279 1342 3765 405 2200 3641 79 409 1399 2742 4912 4410 1231 1868 3555 4443 1363 3382 1507 1115 4815 4599 1564 4293 1649 3875 692 2635 2330 1890
3092 2319 1093 233 2183 3916 2020 1594 4507 4051 3097 1449 1764 4814 1891 2763 3549 1106 2282 4822 3562 4230 3316 4929 1666 285 926 1762 4969 1803 356 1959 4669 1498 4648 526 2651 341 4486 4417 328 3759 4854 95 1111 2343 20 3828 941 2603 3818 4931 2557 1387 1813 53 3476 259 3056 2889 669 3566 4808 4911 677 1516 3263 2068 1255 4292 3979 2538 1198 2118 783 4806 3904 1331 3372 4073 3011 1615 1658 3811 598 3121 262 1965 950 1502 4114 2078 4355 337 2171 1158 1407 748 3964 981 3643 3151 4701 2626 3088 1758 4616 1722 2641 3832 3880 4582 2891 1796 516 4845 3939 3234 3832 1839 4476 1378 2961 554 2641 4592 3175 4724 4066 1593 2579 4537 934 258 4568 4550 4709 3806 1272 1814 4226 173 2042 674 3116 1956 4838 4476 4124 898
3420 4035 550 1567 3432 3212 1653 2036 4793 3786 3721 3844 3921 1573 3760 2708 1153 2664 565 4404 1464 3730 1701 3845 1703 1614 1648 1976 1803 4865 1715 2057 2777 4515 715 1367 3396 1066 196 1120 3747 3855 2482 2649 861 3856 3800 2188 1505 2988 3548 2229 4239 1353 3067 3289 541 2343 2368 4066 3353 2771 1238 2094 774 3642 1895 4725 1367 4293 1490 362 3170 4638 2748 3793 4814 363 2820 3553 3760 387 1186 962 3240 998 3237 2235 2774 3583 4869 3710 269 2441 4052 3553 3910 2467 3255 411 2025 2874 163 2111 4096 4229 2938 3873 2298 67 4718 1499 4246 4688 427 565 4210 1399 2223 2700 4398 3666 2879 2164 2279 2753 4495 3002 1126 2815 2184 461 686 1321 1850 1280 1780 1434 2832 4678 3524 2907 3818 1271 4701 3196 186 4027 33 1935
1374 1067 4610 4929 4715 3261 3734 4765 4185 1311 3427 3229 4403 1254 4806 4068 2819 1472 1801 2614 2142 421 2761 2986 4003 2330 2504 1136 356 1715 2623 2190 1682 3773 2358 1690 4435 2159 3114 3529 2086 1542 3643 3925 1632 4734 1229 4228 1390 1152 2030 2569 4055 2014 2849 3824 3075 1740 3706 866 751 2226 645 628 748 2231 2346 4365 2550 2595 4326 4438 3925 1663 2454 3055 703 1547 2832 2493 4076 1539 1603 2374 1657 1190 4868 2139 1314 2529 1080 4822 1600 2139 1578 3929 3414 2018 4623 2482 4380 2532 4810 1284 676 1674 1607 3419 2661 235 2293 4202 2615 1559 2240 593 3812 3754 1436 1206 2118 4792 699 277 4536 3826 4173 2107 174 4295 1458 910 115 2911 313 45 3528 3058 3952 3074 3291 3680 1409 2684 330 630 3777 646 1892 2082
1017 568 1381 3741 4064 4094 1253 542 2593 2056 2355 1892 939 4697 4977 867 4563 4971 52 1376 3883 4025 3283 2444 3194 1888 3179 4094 1959 2057 2190 2439 2085 1677 4652 257 2296 2344 1440 4173 4738 2281 2297 1269 2300 2153 2422 2604 4454 896 1072 1526 3542 1350 2518 1526 955 1997 1778 4743 1850 718 2644 3540 4177 244 4568 2836 4766 4772 1708 2324 1826 2930 82 120 4779 3598 3187 3074 1703 1244 1879 4566 341 3464 3065 3627 1662 4805 4024 2952 2519 2274 2221 898 3821 2983 4774 2724 3038 221 932 2054 4540 3531 2519 1798 3569 4703 4541 3693 1368 1595 4850 3478 900 1994 4405 3663 4305 4764 3108 2244 4396 1016 215 3870 2743 2155 779 3717 1856 308 4068 500 2957 4557 780 2414 2929 1467 3178 2768 2416 210 3526 4962 2186 3546
4491 2958 3728 719 3685 3101 878 3509 4652 4949 4925 380 2570 459 4135 4142 1619 3032 4807 3073 2403 2184 2738 4721 895 1974 1491 4156 4669 2777 1682 2085 592 3368 4898 1646 4177 1807 1275 4802 2635 1629 3192 4922 2637 2824 1376 652 1753 3076 2460 4676 1103 2900 1660 1207 2992 1726 739 2447 254 4461 539 3707 2336 1946 4139 4512 1320 2067 2056 423 4010 4973 4739 4540 3620 2944 1514 1466 465 2411 1684 1031 201 3564 74 2404 3538 4186 3154 4598 89 547 4736 1064 4915 418 3741 1212 1722 4341 2671 2570 638 1758 1600 2158 1826 610 294 4043 1142 1697 3293 1100 4211 2894 3451 2420 1828 650 2506 4369 1326 4149 1234 4454 4902 3570 387 4248 3787 4820 3066 443 2112 4884 1985 1616 4721 267 2981 2329 2577 2225 22 785 4004 3326
2121 4911 2366 2530 2674 1037 1647 720 3501 125 908 2834 1983 3114 3219 126 631 1372 511 3522 3547 4304 4793 3462 3580 2835 1884 3142 1498 4515 3773 1677 3368 1040 4795 2178 3974 2730 2774 2338 4279 4371 3216 3704 4428 547 1712 4061 1117 4255 1899 2789 4485 501 3670 2272 2228 2539 2407 4278 4814 826 3261 2742 1974 1338 3488 1006 248 1433 3250 3328 2363 2251 1314 2738 4746 1302 4658 3181 4831 4020 190 4529 4096 3465 845 484 1182 4920 530 1652 1911 3078 2591 1437 2708 4459 4935 3204 4491 3437 2799 2332 3273 2947 1178 4445 3081 2466 1572 4899 78 2206 3664 3409 165 1549 3729 3921 1287 3474 840 1802 2285 3146 2617 2312 3188 1628 1584 4847 2956 1815 3879 3230 1319 3341 3907 4997 1556 1342 1876 2151 1771 4790 840 3204 3166 1270
478 3953 829 4176 1161 2965 1801 4016 146 2242 3219 3800 1414 3066 3916 4924 2064 67 1789 809 2375 1097 4000 4890 3624 3631 560 857 4648 715 2358 4652 4898 4795 4006 4246 4887 4867 3237 3802 2878 4913 1436 1630 2653 1115 1371 1217 2983 1240 2907 4285 633 1816 3511 1847 448 1285 2143 1079 971 354 2562 4846 4397 2419 3906 4538 1497 3267 540 2354 1128 3223 301 103 4713 2030 2791 679 969 641 1581 4882 589 1189 3317 405 1459 4543 3914 253 296 4703 1123 1645 1250 3845 498 1501 4287 1935 3704 4002 928 3454 2743 4389 4271 3598 4014 2390 440 3497 4781 1157 4572 2845 1187 2926 3767 2075 4525 637 1822 2940 4845 1005 1036 3637 4279 1430 247 2079 974 3056 4862 2309 2236 4612 1347 461 1694 2630 4448 2989 4157 1897 2082 3167
739 2248 628 2243 1843 4859 1178 3779 4377 398 300 3407 4417 1507 4164 2325 16 2420 4255 3660 591 3851 1924 2349 1092 1171 3962 1457 526 1367 1690 257 1646 2178 4246 832 27 153 834 110 1795 564 2303 4531 3626 1736 3221 1467 1261 2176 4396 1769 2396 3208 4642 2430 4323 4369 1306 477 3449 4666 1121 1861 3158 3454 1022 132 1762 4865 374 4154 335 1951 2718 228 1917 3522 1202 3038 1178 4998 2647 587 4340 151 227 3544 1012 94 4528 359 1842 1971 56 3988 2340 4330 3204 4779 3208 4103 4121 4020 2843 1777 2050 4685 1366 460 1325 4002 1404 4471 2727 3373 561 857 2496 2448 4469 1673 32 3435 915 143 1989 645 2782 2102 1840 4578 2645 4252 4083 1357 2655 4004 4003 4092 3477 3913 548 2886 1957 2066 2267 2267 3944 1409
406 2028 1639 2134 2089 1591 1419 3572 855 2226 1375 1435 1956 4981 1373 3949 837 3666 4772 1120 4427 2767 2863 3944 2510 3837 3232 718 2651 3396 4435 2296 4177 3974 4887 27 2166 4465 128 2367 4976 2899 4712 247 3024 4001 1920 283 4702 4788 3155 2006 3199 4625 593 3405 3537 2881 4360 2582 4781 4937 3081 2681 1937 3898 730 4715 4202 236 3088 2679 2233 3827 912 3501 4593 1758 1095 2160 4349 2999 1097 793 1089 3587 2279 2716 4012 54 2591 1576 2587 4718 3278 1834 1220 4696 3838 4776 4599 4546 4136 3608 3333 2280 1962 956 4152 952 3805 1110 4829 3706 2428 891 2816 1326 3696 1664 659 3072 2771 1980 3852 31 4840 1062 1667 3291 3899 1538 4744 1509 4377 4825 1531 3668 1521 4205 231 3789 714 329 2886 1533 600 437 4630 3351
3859 457 3157 669 2697 828 1832 2438 2466 3118 3545 3553 4570 335 2436 3276 2094 1766 3974 2172 3977 3494 3903 1458 4595 775 4670 3382 341 1066 2159 2344 1807 2730 4867 153 4465 3189 2479 1876 2148 1601 355 2200 842 449 4783 3669 2973 1918 2534 1617 1243 3875 3799 4427 2950 2766 3850 4099 4933 2126 1466 4816 2364 897 4725 1390 3786 4612 3900 2005 4684 1818 3311 4941 3536 196 4479 3252 2976 2169 4728 784 3290 3903 2656 3913 181 4362 2404 4420 4936 4712 1732 1754 3967 2909 4251 2082 950 3613 2100 3968 4746 3479 4599 3929 1700 3400 3287 4533 4489 4985 909 4723 4947 3029 3652 178 4249 1419 1746 4724 3348 4327 947 1159 2058 4023 3346 889 4592 234 3238 3353 2485 4961 3762 1692 3417 2879 2475 3980 1624 3992 2430 776 2836 1051
2101 353 3396 3123 793 356 1640 32 1087 1813 3373 2211 875 3625 40 2143 2229 989 869 4672 4304 1485 457 2469 4435 3985 53 3541 4486 196 3114 1440 1275 2774 3237 834 128 2479 240 1021 1776 2298 2925 4461 2285 1809 2258 2157 1244 2960 874 2105 3076 3926 1998 2526 2245 424 2867 2292 3258 700 4086 260 1106 418 967 852 551 3011 797 1515 1139 4033 926 1454 3880 2386 1536 4861 1782 1094 4486 3169 995 4904 4123 3800 3183 3402 4706 3885 2800 4852 2486 1979 2213 185 253 3519 3819 148 2306 4945 350 1331 420 1076 3666 2084 1819 4097 3044 1266 344 898 2629 3060 1190 2005 41 1863 1457 501 3663 3798 1162 1264 253 3276 1124 2980 4375 4011 1341 1880 1702 858 1715 1233 3510 2846 3786 3862 4385 652 3723 204 3427 4082
4400 50 1885 1261 467 1088 244 4899 3050 3217 3023 4221 3604 3011 1288 3378 1491 4683 1042 1324 4551 1733 822 2434 260 2668 134 3152 4417 1120 3529 4173 4802 2338 3802 110 2367 1876 1021 3613 2018 4023 3155 2083 860 932 2656 831 4004 3634 3868 3420 1801 77 1338 1469 2226 638 684 4073 1313 2652 888 4012 3410 4754 157 1179 4649 4722 2061 3850 3996 4356 3712 3173 4026 3059 4007 2280 4897 3915 174 2167 4821 2689 1770 4065 2182 2885 623 2923 2538 4894 2396 3304 1855 1677 4397 3514 419 2991 4520 4310 2440 1897 4673 918 3034 4083 3877 3082 1681 4731 760 4914 48 4056 205 1729 341 4168 419 4201 3944 2615 1657 3195 4984 4316 2039 4076 1355 2298 4432 3183 3734 3921 4517 4686 3406 4577 2556 608 2541 3459 664 4251 1272 2585
2752 4478 3265 3284 669 2999 4290 3389 4189 2849 3919 2888 2686 4187 1236 3893 2572 466 4335 3646 3450 4778 284 915 2795 4594 4798 1082 328 3747 2086 4738 2635 4279 2878 1795 4976 2148 1776 2018 161 1109 4230 2047 768 4342 4397 1545 3171 3288 2163 65 1984 3372 2286 4892 4692 4114 3886 207 2251 4779 497 2774 3992 4106 4574 4046 896 665 67 2567 3662 1148 793 3012 1711 1534 408 1349 4836 3669 3155 2334 605 884 1194 365 2166 3917 228 3092 4684 602 2464 3022 4937 459 4667 4601 1933 1478 701 3497 1058 3791 3349 3969 761 3039 3639 4684 1891 3328 4826 2965 1108 1845 4014 381 1441 1045 3053 3693 1998 719 2036 4923 4940 751 4679 2049 4412 3092 1318 3979 2820 429 132 1229 2313 3140 1759 2648 1237 3972 3795 1140 3053 2299
2318 4985 760 1907 3102 2283 2201 687 3269 840 4618 2184 651 4655 3070 4113 1266 1983 2577 4523 4236 3790 993 4474 4332 3365 515 881 3759 3855 1542 2281 1629 4371 4913 564 2899 1601 2298 4023 1109 2508 554 4194 981 2180 2042 990 3689 2228 1219 2694 4264 2418 4753 4475 3353 515 2541 4636 367 2706 1789 587 2996 4217 708 522 4029 24 1925 4713 4956 282 2794 93 2653 2065 642 615 3080 4133 1220 1136 3795 3486 4621 760 4717 3908 3477 622 3276 270 2914 1670 4289 412 812 3941 2547 489 3897 2359 516 4321 3377 1730 4139 4376 4071 3733 1109 1177 408 4449 4699 3008 334 2551 2259 608 4078 3814 3922 1577 622 3437 3856 903 4117 3149 664 3900 3989 644 4231 4641 2552 2267 127 2831 3112 4116 1938 3672 1795 3105 3631 4608
886 3022 4114 4174 2536 2293 4019 634 3381 1732 3016 3695 4255 1228 1056 4319 4532 4443 3329 3759 2198 3344 1205 3344 1685 3076 4523 868 4854 2482 3643 2297 3192 3216 1436 2303 4712 355 2925 3155 4230 554 4463 1544 4797 1942 4528 2414 3085 1720 4432 241 488 3020 204 3756 111 2064 2949 1913 1929 2326 4871 3056 4586 1805 848 4958 3978 4361 1639 186 275 1347 1438 3283 1597 4175 146 1928 3336 1731 2848 1831 3820 1683 2579 2128 374 832 1907 3877 4442 718 4130 4419 92 2441 4702 2488 908 4856 3967 2362 4620 1409 676 4839 1883 451 2090 1731 2450 4825 340 3992 251 1687 3379 899 4753 996 1774 1623 3352 2516 3449 1624 2523 3565 778 1556 2095 2685 4466 3333 4418 3720 1641 2162 301 1746 3427 3616 1689 1509 2668 4466 3788 1615
3962 4947 1068 2361 1873 3800 4670 950 2701 239 2066 4419 2478 1256 4921 4310 531 1402 276 912 903 4217 1213 2572 3946 3141 1932 3795 95 2649 3925 1269 4922 3704 1630 4531 247 2200 4461 2083 2047 4194 1544 3422 1615 2324 131 57 1241 704 4629 717 3639 4390 862 303 2897 244 4108 1901 4208 238 53 2573 1602 3267 368 309 4246 83 709 4653 2113 1052 451 4634 3875 2526 3374 1131 1984 486 1416 152 2007 1037 601 1631 2526 1724 1064 4874 214 1919 1347 4793 1330 2056 2115 798 3117 2134 3945 21 3289 4708 4636 3635 3889 3614 4750 3381 4014 3732 4592 3212 589 4416 3820 2642 561 3285 2064 457 3343 1651 3376 657 232 2383 1549 1403 4718 1580 1720 4253 3768 2446 4673 1745 4764 2784 1281 4306 3089 3396 2647 165 63 1663
480 2319 610 3380 1089 1988 3824 3159 3787 4618 157 3868 1469 1501 2879 1918 899 3677 3677 562 437 2989 4059 205 1678 2518 3135 4026 1111 861 1632 2300 2637 4428 2653 3626 3024 842 2285 860 768 981 4797 1615 591 1298 2249 1641 3641 2644 1011 241 4680 2713 2490 4286 4896 361 180 4322 4795 3373 3945 1437 4762 4044 939 1023 2408 1430 1366 952 4081 1837 4544 3938 1876 4414 2183 3354 2705 471 1890 1697 355 2016 296 3405 4020 897 2607 722 3911 3196 1441 4462 1817 3655 4033 1680 4729 3798 642 2948 503 3367 1389 4982 4309 4503 4756 3234 1142 1371 1368 2413 4552 1777 4278 2299 3854 3603 4840 3607 960 3542 3604 3998 2411 4674 4696 2577 4620 1310 3871 4295 4353 945 4878 4817 4857 443 739 1037 4461 355 2205 2652 4280 4125
4585 3579 443 181 4171 4301 1839 4851 4765 703 312 340 3002 2248 3758 3455 4358 140 647 4979 2366 1042 3616 4146 2323 4686 37 3967 2343 3856 4734 2153 2824 547 1115 1736 4001 449 1809 932 4342 2180 1942 2324 1298 3721 2296 4489 3377 1249 4269 2744 1088 4196 3091 4025 3745 1602 4414 4011 1068 3187 3078 1452 3154 84 4842 4631 3022 833 1738 372 776 2675 2249 174 4986 619 3538 2693 1679 4717 4423 3156 3023 3245 4365 1431 1157 4884 1718 2536 1240 3052 2947 330 12 116 812 3367 354 3542 4130 4931 4281 1348 4416 3426 966 4144 2352 3808 4158 4750 3314 825 2181 2122 1599 853 1827 4274 3938 2834 2285 4178 358 2321 3127 2615 3759 3020 3775 4534 1937 4700 4616 1690 3819 1629 3520 808 2495 2288 3163 1860 4536 4180 4221 2872
1421 4034 2606 4293 68 1147 447 1826 2944 4386 563 2136 378 11 4116 2792 2735 4126 3955 446 2221 4201 3057 2810 4393 4962 3480 2557 20 3800 1229 2422 1376 1712 1371 3221 1920 4783 2258 2656 4397 2042 4528 131 2249 2296 152 39 4961 1946 3766 3927 2876 848 3351 4369 1721 1278 3149 2983 477 4483 3418 4870 2140 1569 3042 4693 4370 4834 1610 2834 4467 534 489 4416 192 2976 3287 1386 441 2575 2406 2443 3357 4563 3393 1957 1695 1007 2661 2520 3988 1035 4288 2427 1351 4394 793 306 3019 1387 4867 4350 2926 1765 806 3577 4086 2744 2962 4957 3422 3383 1724 2512 2482 3739 2999 3926 737 2552 4131 4887 4111 2053 1929 3315 3947 4176 1919 3813 1627 2521 2435 4972 2106 3868 1080 2713 1519 4457 4858 3488 3877 1538 3176 4235 4249 2331
2308 801 2966 3755 4282 3955 3787 1623 3484 4234 3873 4077 1835 1814 1486 3675 3040 2406 1790 338 391 4272 3483 1684 2217 3881 3727 3896 3828 2188 4228 2604 652 4061 1217 1467 283 3669 2157 831 1545 990 2414 57 1641 4489 39 1021 2843 1427 1366 4426 2412 4604 3001 723 101 1028 4758 3303 4685 429 177 1177 3365 1259 425 3552 3191 2404 3966 890 1195 3609 1300 3641 1667 4856 4730 664 4105 4469 1419 2604 725 1865 1674 4626 271 732 2711 4286 1803 2482 1482 2740 2490 1998 4087 2605 80 1878 1053 4761 4250 1255 1098 2851 1343 1430 928 195 4336 2966 578 4206 2090 4735 1333 953 2665 3272 2545 4769 1948 19 4526 72 1579 2482 4142 3527 2874 4131 4582 135 3118 2401 3671 4493 768 240 3662 4168 2933 4524 1436 3670 826 4094
1932 3008 3692 4753 4400 1581 301 2083 4844 2297 4978 2954 4408 2603 2858 1098 2946 2119 2031 3415 320 4931 482 1494 2866 958 330 3992 941 1505 1390 4454 1753 1117 2983 1261 4702 2973 1244 4004 3171 3689 3085 1241 3641 3377 4961 2843 1952 1864 4469 3922 4132 724 2784 4213 1359 249 3679 1030 4344 70 4417 2854 2009 2169 2048 1522 3714 3669 1694 2731 813 70 3351 4174 3040 4131 2513 4957 1718 2315 2520 87 4729 2104 3497 2265 2914 1020 3162 243 2674 2984 3404 3680 3306 4683 3976 4962 10 4306 628 4632 709 1708 1682 1051 45 2748 1466 3338 3270 1304 110 4054 3309 1506 2474 192 1582 356 4831 748 4475 567 740 4286 2846 3275 4137 742 3125 4146 4183 4572 4890 1418 1592 1570 3672 4848 4433 3527 749 4170 4238 4156 2787 105
360 1824 2474 4533 1293 3013 1186 1557 3986 4617 2520 3933 4496 553 2379 2999 4538 3669 2040 1352 3426 1994 1561 302 2221 4609 2229 11 2603 2988 1152 896 3076 4255 1240 2176 4788 1918 2960 3634 3288 2228 1720 704 2644 1249 1946 1427 1864 1516 4238 2110 3179 2676 602 1215 3940 3340 1046 2898 884 3806 3150 224 3669 4001 4392 3790 4393 655 1009 3328 4549 2954 181 3459 4561 2468 3930 3334 4316 545 4753 385 962 2274 32 2996 984 2182 2317 953 4659 1175 1536 3152 3408 249 1726 4076 183 4679 4924 45 244 4183 2873 4719 3839 933 2849 788 1982 227 2695 869 1457 3290 1106 1957 680 3953 506 2713 3506 1598 2042 3573 2630 1373 605 3912 2579 2552 1298 4005 2182 1255 3472 439 2199 4601 492 3237 1495 529 1930 1028 562 682
3512 1054 872 480 1286 45 4297 3383 4539 153 804 4642 2494 1449 3486 1612 1970 3164 2361 157 2899 572 2576 2821 402 3926 1755 3950 3818 3548 2030 1072 2460 1899 2907 4396 3155 2534 874 3868 2163 1219 4432 4629 1011 4269 3766 1366 4469 4238 4400 711 4556 706 1325 4234 2507 1118 4925 4991 3973 3234 1487 4647 807 3573 2862 4231 420 1784 4380 730 895 432 746 757 4915 1038 4736 2556 2874 1604 3504 4403 954 4532 4369 2807 2218 2945 2501 4867 83 841 4354 1794 4015 1197 205 3808 3077 1820 1426 3117 2911 4049 2365 3050 4657 1541 891 2167 3219 3372 4488 664 1530 4679 1469 3781 4601 4472 3862 1436 3420 3313 821 2429 4415 3568 3971 411 4827 1445 268 1150 506 1165 3047 3040 871 4584 2544 4950 813 2047 1622 3790 819 1346
92 2330 3399 3342 1558 2061 92 901 991 3253 4831 2305 2999 4565 2960 4661 94 480 937 1290 4017 4546 2270 2594 1427 4351 1038 2841 4931 2229 2569 1526 4676 2789 4285 1769 2006 1617 2105 3420 65 2694 241 717 241 2744 3927 4426 3922 2110 711 2531 4788 2092 2949 90 4039 850 2450 2384 1448 1993 4153 2984 1766 1338 3438 1579 3082 4547 2087 1544 4998 1050 4006 319 4541 2055 3844 903 4524 2156 3429 3292 4900 2012 3644 2396 4347 646 1851 4876 2187 1785 4193 3139 3182 2151 3730 2553 4701 4909 4027 1132 98 1761 4552 917 1941 627 4337 45 1484 4301 631 1052 954 1899 3785 2383 3120 727 4014 3830 4927 2847 2740 1200 4264 1143 1539 3572 4550 2945 596 972 290 4258 1322 1032 3151 3221 1828 2897 2874 3129 2943 1283 3752 3700
1417 4280 2431 2456 2641 1796 4238 3456 2895 1044 3881 3182 1603 3103 358 1832 4525 2730 3535 4992 3650 2046 2702 2753 1417 2861 3662 300 2557 4239 4055 3542 1103 4485 633 2396 3199 1243 3076 1801 1984 4264 488 3639 4680 1088 2876 2412 4132 3179 4556 4788 516 3938 2201 1863 3932 1380 859 1270 155 621 3794 4196 991 2147 4103 2849 3121 617 968 606 2283 884 836 1585 1906 2107 264 2297 4916 1664 2728 887 1063 254 456 2709 62 4356 3636 843 4904 3723 3321 854 2225 201 2969 3034 2896 2279 2664 862 2103 1130 545 832 2254 493 4859 1922 4201 553 1044 2516 3326 796 279 4844 260 4964 3138 2611 18 4368 1340 2487 1420 1532 276 1205 4935 66 2086 3496 3703 1520 4404 10 2338 2791 3773 2795 2393 882 728 4561 3525 1745
3873 1213 4387 376 3154 2701 2594 1767 585 795 4602 4996 225 4605 3874 3208 1051 1563 4861 3189 1735 1473 3030 3385 4999 4349 1123 4381 1387 1353 2014 1350 2900 501 1816 3208 4625 3875 3926 77 3372 2418 3020 4390 2713 4196 848 4604 724 2676 706 2092 3938 4723 2542 4672 1961 3976 3678 1729 3288 4939 2377 4477 1775 1331 3993 4976 3547 3560 2573 3761 3921 2597 3619 4602 2703 4463 3703 4347 3659 2008 1253 1150 579 4984 2063 3966 385 581 1840 730 1175 2079 3476 3300 2325 3577 4060 3713 1386 3314 4600 4351 915 3054 2410 4052 10 3731 1041 4115 1406 1011 1725 1828 2915 4000 2229 3187 607 4760 1805 247 52 909 3592 1380 4375 3270 3484 2054 1809 1923 1047 1258 1122 842 1671 1576 414 1025 4989 370 1720 4362 575 4420 2642 4132
