N: 200
M: 40
Symmetric: true
Triangle: false
6 54 95 92 86 51 68
5 146 46 123 98 84
4 47 66 37 89
4 22 152 166 76
5 197 124 62 121 101
5 9 99 193 148 90
6 31 79 167 73 27 53
2 118 94
8 45 78 122 74 115 130 35 170
5 183 64 105 58 190
4 30 32 171 81
1 120
6 174 157 21 168 107 48
9 134 132 116 56 164 6 23 144 104
6 112 83 26 36 77 196
6 151 145 55 25 44 93
6 87 19 129 179 178 52
3 67 91 3
6 103 71 41 189 38 128
4 191 60 59 108
6 175 82 4 97 125 16
5 29 138 15 8 72
5 17 156 49 133 137
7 5 177 169 150 117 114 43
5 172 176 113 136 13
4 173 126 61 147
4 88 119 188 187
6 135 102 96 7 165 33
4 11 200 154 111
8 127 80 100 139 75 199 195 69
5 141 106 10 142 161
6 1 39 186 20 149 159
6 181 155 34 24 140 184
5 185 70 143 163 162
2 158 110
6 85 180 42 153 192 57
4 194 50 2 182
4 28 63 18 14
2 160 12
5 65 131 198 109 40
888 4909 4169 2980 2947 1641 4779 1037 307 2537 4758 885 4745 979 2236 3193 2975 2343 382 928 1690 1773 2864 531 4820 2802 4212 2291 4890 432 2879 2184 1408 3468 1408 1244 4090 266 3599 460 3745 3312 3508 3218 927 2449 248 2059 3610 2888 2285 1425 1805 2038 678 465 3750 301 2150 1053 3988 3350 3043 3914 949 1402 191 1879 3492 2610 2915 4829 2270 2119 3187 241 1413 1555 3260 29 2180 2684 4170 155 1891 988 2775 1506 390 4762 1631 537 4081 1537 4100 2310 33 4389 3205 2435 4045 2124 1949 2511 1954 3848 808 1764 3968 2057 3772 4345 489 3257 3895 2093 1934 54 123 1046 502 4785 4348 1714 3899 464 3105 1585 2251 2513 3573 45 4669 3952 4359 3507 2702 415 3736 3291 2982 1968 1781 886 517 582 4745 3996 4146 1206 1409 4088 3057 2334 4366 3652 4561 431 1103 4769 2419 2249 2962 2149 1590 2939 3269 1915 2202 269 4426 41 2852 3261 1941 3178 2627 3274 25 2025 4759 1548 4817 4407 3207 3694 3658 4987 752 4158 309 2462 2411 3333 1634 3880 4631 2372 2673 3638
4909 2218 274 1224 904 4295 3544 2466 4231 4313 1783 2296 836 3953 3005 162 2962 2626 4700 3100 3068 4738 2963 2446 2015 4259 1365 1464 3177 769 3014 4200 4208 728 2156 799 3030 1534 3395 3725 3980 4437 4811 2109 2904 3848 1454 4889 3488 4577 3394 4697 3230 3234 4598 2529 2144 890 3874 4175 3434 2749 2899 1305 1742 791 489 16 1356 3240 324 542 3657 4468 860 510 1679 3298 4333 4834 3466 1859 1449 126 4442 3052 1070 3146 3543 4144 246 3112 3672 128 3289 4661 3783 2414 3711 720 4210 3080 4905 1346 2559 4016 932 3078 2514 1872 81 3421 2483 912 1427 4562 561 1026 683 3787 2623 3138 4098 249 1441 1590 3368 2492 1322 4686 4500 4414 800 3022 2044 1031 3039 2339 512 4075 1782 298 4149 1551 1604 2887 3203 1413 1211 4010 1830 1929 3861 1536 855 4957 2871 1585 4116 4604 2114 745 2025 2065 1888 2771 954 3788 1368 332 868 366 740 1710 4262 624 4499 2745 700 548 1361 4587 2683 4595 1549 1676 910 1768 2963 1429 1860 2455 1127 4850 449 1383 298 3030 2072 3509
4169 274 2679 1812 2717 111 820 40 2330 686 1735 2948 1942 3008 1809 459 4747 494 1672 734 4481 2015 1164 2189 4541 3539 3480 1695 3235 2781 3673 2445 2100 4069 1600 1397 3985 1510 3602 311 3374 2430 4435 4118 369 301 4952 1769 4923 1113 1851 780 2099 2115 2757 3334 3215 3674 3484 2563 1893 997 1527 4541 202 3260 4166 4544 1576 3993 2085 2137 3014 2319 2598 2723 4284 978 632 3852 3739 3187 48 4557 1401 4342 4558 2238 4575 1891 1387 1068 2739 3718 1012 270 3690 1795 511 1469 3713 3991 4371 3373 479 3815 672 2691 1824 3037 4970 1385 1886 3684 3034 3250 925 4787 3880 97 1106 1789 1339 3902 1998 4206 3081 332 4705 3586 3493 931 4033 1679 3076 2192 4833 99 3455 25 4680 2077 2050 3112 3120 4902 469 4012 3221 1930 4210 1225 847 4174 4731 237 3758 3787 3621 1170 4366 3387 4001 1982 719 581 4018 2525 3907 1198 2170 796 2585 4038 65 3754 362 2322 3182 4476 2181 877 3005 3779 1218 4057 4940 2996 3039 4164 2399 3167 4869 412 1227 1210 2600 2716 3733 2808
2980 1224 1812 1568 3484 639 4084 4239 484 2053 3853 3693 4874 591 268 2459 2808 2813 2540 738 4758 670 2836 4506 2581 1178 1676 1419 951 3172 1348 4076 1600 1463 2880 3677 61 3670 3275 1003 1181 68 423 1599 1597 4256 1838 3980 873 145 3910 1967 1439 4867 4737 3510 4352 4442 4741 3257 2113 587 4360 885 3808 2789 3163 1269 3353 1659 118 2788 2052 2443 2041 1823 2809 315 674 3707 999 77 4336 2259 4460 3627 2123 3214 1335 739 2535 1243 3257 3607 319 196 3563 2297 3835 181 898 2555 3215 4968 684 2079 539 1126 1251 320 204 1489 1721 640 40 2933 2022 1113 934 558 3068 853 2642 2312 4378 1255 3169 2343 2934 622 3379 3064 653 1239 3127 1111 828 2035 3926 2429 3102 3757 1745 2795 559 4029 612 3004 3547 2977 1324 4135 3222 2519 1345 1894 3443 3893 477 2615 381 872 3402 3794 3585 3064 1531 1126 4633 4062 1292 1985 3616 3226 178 3595 3517 1804 1915 2425 1778 1827 1552 3206 4781 2350 3502 4086 95 915 1313 2939 4082 1904 2124 1462 281 2798 3117 4850
2947 904 2717 3484 2789 134 2889 2150 1660 2771 3084 2335 1111 4052 3000 2092 2005 3751 2366 1155 4850 4531 1393 536 4606 3250 219 4949 4702 326 4413 981 1529 1855 3306 3154 3154 3231 840 1309 4844 4993 708 2283 2796 731 873 3399 4491 129 4158 1605 2292 958 4513 3648 716 686 3634 1787 4275 4665 2956 2625 3340 761 408 936 1452 68 1861 3167 3950 3650 729 4961 900 1691 4470 3783 266 3582 2915 4604 166 2878 3299 1417 242 3760 3457 3024 3681 3313 3976 2304 1382 1989 3818 1776 2374 2227 1535 326 2372 2820 3032 505 4469 4300 1550 4207 3818 886 3127 1088 2627 3752 2919 3012 1653 1206 1174 1071 3675 4134 3493 66 2925 2183 3757 2645 906 741 670 3877 2323 927 2449 20 201 552 880 4957 334 3862 2476 1765 354 3920 1173 1392 987 137 1767 2682 564 65 1787 224 4442 4957 3584 57 225 3301 2224 4170 2914 386 4091 2430 2349 1563 2569 739 4743 1323 1473 1012 4317 2150 4923 873 4726 91 2208 372 3969 4106 4833 1797 4989 180 4848 4163 3193 2030 1548 2506
1641 4295 111 639 134 4392 563 1881 2437 4272 798 4036 1031 4744 3981 1894 2210 193 4682 3393 3116 2543 4599 461 46 1875 4643 4536 3040 4360 3408 4395 2148 1552 769 4188 3005 4361 4444 153 3693 1544 4387 2474 4140 2949 1533 3289 1560 1264 3848 4134 1588 775 487 1820 3149 824 2836 3454 2503 2328 793 4640 2705 2802 4348 432 745 810 119 245 1145 4256 428 2566 3770 90 2412 675 762 2667 4832 2817 2081 625 1130 4102 3597 4318 316 4394 4330 1430 553 625 4922 3919 1647 2221 3793 1887 4660 586 458 2625 3887 2086 1674 4676 2232 352 3208 4932 3386 3167 3252 2957 1019 196 1197 3164 2969 3774 2181 974 2596 4605 3029 2442 4365 3792 4211 3910 1349 1132 3310 1784 644 1506 2591 3513 3560 3207 1866 4267 2293 4292 2651 3703 2543 3111 2010 4821 196 2203 4660 893 2425 1162 4041 2123 3416 4161 1308 4224 3442 302 2623 1081 1359 3170 1391 2238 256 1514 348 2929 631 1466 617 898 881 2374 3169 2520 4707 3675 2491 2606 21 3612 3933 1244 2555 1269 1939 3192 625 1276
4779 3544 820 4084 2889 563 137 4333 1167 1698 3104 3669 1593 1691 4729 2384 472 101 2517 1404 4228 1747 4354 3205 4277 706 1298 2092 492 1973 2704 758 671 2533 4381 2823 2020 1666 4821 4121 2124 3315 910 3955 1857 2332 1846 2001 2721 1235 2688 1877 2392 275 3066 2067 2587 356 4733 2375 404 4529 3909 3796 2795 4412 2347 4365 4164 883 2807 1710 3213 119 3522 3350 1354 1325 4243 3977 4565 4299 4846 4119 3004 3690 2513 3582 2966 2349 2783 1087 299 1362 537 2651 4404 4546 407 4277 2217 1697 1678 3374 3924 3426 3249 2442 4922 2002 2849 4396 2127 2808 2128 596 2003 1287 2480 2876 2714 2817 2662 1907 2169 1959 1343 3408 3131 4794 1221 2463 2593 4553 2243 3772 4694 173 14 2978 974 2359 846 3331 756 1504 603 4597 4467 2956 1421 3159 1821 2777 4150 1723 2201 3626 3587 996 4142 4214 4895 4249 1236 687 4720 2106 3051 4212 1263 4771 677 2852 2855 1746 524 2677 2136 155 538 4579 4535 2009 2133 3225 2279 536 449 4512 3414 2832 83 4001 1190 378 4368 2486 442 464
1037 2466 40 4239 2150 1881 4333 3095 3639 4150 3863 3908 4893 3054 2593 4101 4974 548 2409 2790 1452 2671 1275 3915 1862 306 4319 1290 3904 4937 826 4641 1418 2759 4532 1621 4498 1070 3903 147 1611 227 4934 3506 2192 3660 4490 1395 3279 1598 797 3083 2575 2575 4063 3008 4028 4565 787 232 1190 1750 110 1324 391 516 4975 4992 3421 3658 3065 3822 1892 3061 4569 3716 1638 4032 2507 1535 4020 930 4478 3218 2701 283 3217 2712 1128 3177 630 1583 621 3625 1484 777 3890 1153 4194 3112 1683 2325 276 1600 2820 955 2362 3402 3847 3170 634 256 1521 4211 2515 2904 2707 4248 2937 1008 2711 2793 542 1092 1885 4756 4964 3473 3230 1413 233 1808 3263 4912 3692 3815 3080 1225 1544 3081 2076 4787 656 2104 1135 4132 4628 3320 4469 4863 3058 2133 1781 2471 418 2815 711 4443 2722 3974 770 1277 2997 2997 386 4045 3231 3212 1281 4809 2596 656 4304 4657 3079 3312 2895 2343 2618 3581 1585 3620 1052 995 4304 604 4857 3386 1648 1506 3305 3104 638 2625 3162 1840 4490 308 644 4912
307 4231 2330 484 1660 2437 1167 3639 3618 4117 3893 2219 2568 829 3911 2655 1067 3245 2249 4963 2869 851 2318 4449 2525 4613 1851 3708 52 1707 2748 78 3385 1320 1023 3147 2254 3286 151 589 447 4019 2723 2158 3216 3322 1487 3546 1741 171 3772 683 3684 991 203 2302 3723 597 2361 4616 1339 1285 3715 1966 204 3817 3117 626 4185 4158 649 3647 1414 3356 4231 2856 1660 3504 2913 4527 2638 2916 4849 1186 1565 1946 2815 405 4991 906 3255 1227 1921 193 4057 858 2332 2937 3700 107 2455 909 4545 463 3490 1407 3145 305 3169 1690 803 4895 1910 4938 175 673 3995 1548 2370 1447 4569 4942 4125 577 4962 531 3767 289 2654 3150 1173 4337 3375 1354 1801 223 2555 1545 2343 380 3974 2883 339 2854 637 3281 1818 3173 2473 2881 3211 2046 3075 3086 4328 3720 3220 4332 327 4459 1082 1961 746 4971 2524 985 2455 2142 1464 1024 2973 1929 1995 1911 2218 3178 4595 4784 3954 4113 1581 1027 4908 1903 3126 2817 3515 4253 194 3664 3061 4037 996 4801 3568 4110 2230 728 2697 4231
2537 4313 686 2053 2771 4272 1698 4150 4117 4263 1082 3949 1413 251 1881 1664 2874 4643 1602 231 741 2018 548 414 2631 2617 4034 2835 1434 482 159 4229 2122 2235 1618 3155 4639 4501 2787 1380 460 3979 149 4003 1924 675 3170 2427 204 4791 612 1114 4193 4970 2700 3799 3437 1075 2426 2110 1455 4867 2014 3571 1733 472 4444 4689 2968 4101 3160 4403 4058 1162 421 1188 642 4113 1415 1046 3278 1738 1226 1848 2775 1355 1223 804 4306 920 3925 656 3542 500 4121 2925 3789 4413 514 4961 4136 1095 2052 4859 4151 1368 201 2590 677 2096 4827 1673 3325 1211 1763 2297 346 812 3609 2193 654 4193 1522 1865 2807 154 2546 1189 2145 4599 1831 601 3905 3190 2955 1908 3599 2707 646 2082 1630 3771 1033 2451 1982 2783 1312 1676 3172 1128 482 3193 2173 3509 4089 304 4375 2278 292 2323 1655 2617 4202 2825 4796 2941 1845 1397 3550 2080 688 2238 4773 4037 2038 1012 37 2517 222 3552 892 4550 704 1788 2772 1975 3008 389 3024 882 4137 319 723 3485 2983 980 3135 4128 719 1523
4758 1783 1735 3853 3084 798 3104 3863 3893 1082 4479 1293 908 4684 4562 1418 4473 63 3818 4912 2310 472 2447 4540 4291 3414 3988 4184 1712 72 2579 758 3070 3343 3318 1089 985 3862 2330 2410 4542 1738 1793 221 3269 1526 2905 1591 950 1370 2406 3354 3126 1779 67 88 4704 2840 3848 2777 3525 4130 2246 470 2653 367 4766 66 1603 2641 4762 624 246 3534 2974 2209 3482 1618 4353 3856 2655 861 2627 4305 4437 391 785 1556 4515 1512 2456 334 3769 1247 3321 4348 2463 4929 631 3099 4134 1801 2528 1931 1212 1479 2885 1954 1244 1583 454 3908 1245 51 2761 4957 1613 1775 1446 3102 1722 2084 3926 1905 1933 4355 1181 290 3092 532 2884 4644 701 3304 3117 4183 442 2591 4633 270 2912 2620 4721 1795 1741 2689 873 1583 1211 4779 2685 759 2785 1206 129 3626 231 1599 1140 3566 4582 3518 612 4976 3316 2793 2179 4354 3306 3626 703 2303 2005 4602 890 2012 4645 1073 2606 922 43 1799 4437 388 1689 2319 1639 182 2532 3305 575 2592 3080 3536 3478 3792 2179 4657 1394 4076
885 2296 2948 3693 2335 4036 3669 3908 2219 3949 1293 4932 1143 4294 1208 4483 589 3737 4463 3129 1049 4985 1359 244 1805 1447 2062 324 2807 2533 144 4241 2371 2681 1718 3064 1927 3916 1036 3125 4839 4981 881 3622 2335 2477 4818 575 4222 2906 880 4236 2167 238 2560 1499 1800 508 3825 2121 819 2711 4489 207 1728 2773 171 802 403 409 1696 3499 2775 96 3989 2385 3619 4599 4059 3681 4227 254 3610 1615 25 2331 217 1342 2313 3211 2839 4985 2912 3723 2700 3483 3235 2780 2011 1089 1941 2523 341 1069 3276 2788 2880 4319 3995 643 3617 2541 1851 1047 3819 3000 2990 3758 1370 4920 4030 4846 2562 250 4982 1556 1661 3246 2555 2267 4733 462 2164 134 3416 4007 894 623 282 1431 2497 3627 37 1215 3546 331 2889 4706 2276 3201 2922 3935 1887 3859 1856 1935 1506 3273 1277 4294 554 3488 1971 1390 3312 4176 3029 2799 104 727 22 3006 3598 4441 4306 544 4461 384 4491 4842 1686 4881 147 2919 4394 2743 60 1753 2851 4511 1449 2401 4118 2468 2658 858 142 878 2988 1698
4745 836 1942 4874 1111 1031 1593 4893 2568 1413 908 1143 3475 377 266 1746 2329 4536 39 330 2952 2664 2253 1740 2240 4870 539 4367 744 3898 2871 1941 764 1653 3487 4001 3583 2576 1602 1712 791 2057 2517 3226 2934 3584 215 1565 2239 2676 1709 2989 4234 4189 4636 3005 3713 3996 1684 4567 1949 2379 332 2617 166 1306 1731 445 41 4628 471 3647 1270 914 2261 1889 447 4972 1885 3009 4201 4421 4054 1740 379 1767 2778 867 885 2172 3128 2043 649 4686 1061 2880 1584 2925 4533 1837 3796 3200 432 1939 3170 4738 4503 789 3358 434 4088 1994 3433 2872 2246 665 2662 2548 1002 4184 587 3121 791 4269 2293 439 2520 4974 997 1235 831 562 520 3847 3370 2145 1922 4783 2218 2333 646 2847 3608 893 4463 853 1003 1085 2962 1661 1249 2395 146 826 1098 2569 253 3310 1335 4761 1213 3236 2109 3849 424 257 4080 4276 2644 2786 3815 966 608 2930 4575 598 984 3808 619 2860 3503 950 2507 4398 2675 1109 2448 3578 3062 3551 4032 4514 1274 3732 3508 744 1309 4866 1942 469
979 3953 3008 591 4052 4744 1691 3054 829 251 4684 4294 377 1274 1747 4959 3514 3449 1209 3650 1949 1444 774 459 3018 4167 2155 399 670 1394 1500 1880 3456 3144 3954 2684 3274 2598 4026 14 24 4424 1416 3643 1238 1249 1996 4306 3202 4002 2565 2943 4371 3879 3800 640 4168 4787 2079 2078 858 709 4556 2313 1519 3622 240 4822 57 474 4853 120 295 3198 3764 1429 2569 1265 1677 2280 2829 4744 2095 2757 2020 2056 255 1465 1693 2699 3429 970 717 3149 1591 568 3378 3507 2117 1881 471 220 4229 4668 115 4892 2260 1110 976 1378 666 1257 1869 2104 320 3625 2842 3329 3344 2360 1859 1776 955 2359 3142 4123 3837 397 3309 501 4371 4456 194 3297 2841 1601 1620 2035 2404 83 3378 1170 1687 1668 3462 1807 1738 2109 1947 3163 4267 1155 3914 4576 1462 1954 1662 689 1954 2328 526 557 1057 761 721 1207 2759 2226 3119 3483 4405 536 1861 4321 3559 3932 404 1235 809 3816 3374 885 386 718 1230 4854 2174 544 4268 929 2715 3068 4094 2096 3052 4647 3653 3363 3211 4529
2236 3005 1809 268 3000 3981 4729 2593 3911 1881 4562 1208 266 1747 3902 897 4292 777 4414 3706 2699 78 3625 3143 3378 1422 3315 1870 608 557 2174 4478 3947 3145 621 1833 4973 3181 3785 3819 4729 3131 932 1559 1318 2737 4820 1546 1349 2944 1786 4677 2952 1551 14 3850 2567 2981 4950 3067 2555 3472 507 968 3389 2909 777 4103 4701 111 3292 2851 2821 349 2963 47 140 1846 4152 3030 62 4588 936 4974 1493 254 4952 217 923 2494 3764 1085 4817 762 934 1777 1823 3916 4012 3768 3178 4798 1620 4354 2483 2202 2179 4063 308 3761 3256 4997 1129 2814 625 3578 1381 3234 560 1986 2913 3783 1646 4250 3782 2539 1019 843 3432 627 1486 1118 2497 3990 2149 3334 4014 4981 2995 4987 4101 2773 860 4631 778 1492 1423 402 1597 698 33 3190 4079 1785 3197 831 414 3974 3739 365 1611 2346 3493 4797 1279 4576 2588 694 2771 4438 1336 234 3421 3801 3980 723 2880 3003 4154 4697 2377 3043 4745 2208 4229 4622 1801 2999 3884 4755 3904 1572 3643 771 3411 4292 2883 1797 4073 3353
3193 162 459 2459 2092 1894 2384 4101 2655 1664 1418 4483 1746 4959 897 891 3546 713 1852 3552 4707 1619 4980 515 1323 714 2833 1443 12 2049 3011 3510 4954 1027 1422 1616 4400 1019 3554 2395 1956 1042 4420 4656 4007 4244 4281 1511 4608 3901 2579 3325 990 967 4016 4230 791 2598 4258 2346 2918 4697 4962 2364 2202 2672 3565 1488 4933 2532 1680 226 2579 152 3376 1385 4176 3269 3163 323 820 1810 1826 2610 326 510 319 2594 3026 1138 727 2993 4838 418 2150 413 3685 1091 1375 4427 3729 4400 1383 2596 4517 1011 212 3067 2430 2074 3951 389 1934 2149 1740 1875 2731 4626 806 317 3884 4129 2919 2157 2226 3549 489 3345 2892 1014 1166 3137 2086 3692 2345 2502 3155 4730 3779 1105 2952 4003 3243 2241 4739 4626 3463 3880 676 3998 3240 4259 2711 440 1217 972 3846 4224 940 1184 1059 3431 1845 3591 2660 4323 2547 3509 616 2432 821 3265 371 2687 297 1614 4531 2214 4139 1168 924 1797 478 1501 2513 3844 3578 4020 302 4289 147 165 2723 2965 4084 3418 3525 4556 46 1297
2975 2962 4747 2808 2005 2210 472 4974 1067 2874 4473 589 2329 3514 4292 3546 3979 394 723 3484 1475 3246 1530 2659 3741 4536 1762 2555 4980 3981 3623 1659 3685 3258 2139 626 3673 1679 2685 1216 4946 1964 2825 992 4647 4747 1019 2932 780 2997 2737 4761 1859 1399 987 4840 468 4804 2030 1359 2566 3903 3619 2431 4539 906 351 817 3418 1614 2746 266 3363 3001 22 119 3855 3851 4006 1336 584 3281 829 1220 3207 2642 3276 2563 804 1210 1791 984 2765 3325 4977 2950 4415 1244 3029 2301 380 822 3321 1179 2526 2568 104 3985 306 3416 4772 4289 3177 2751 1292 3952 3910 231 4706 4390 1499 1532 3793 3794 2658 3165 4960 3382 3174 4262 2810 4704 4568 200 3054 694 4579 2145 1943 4071 4761 1891 2613 2120 729 2795 3428 2645 586 704 3126 3490 1072 3217 1328 1786 4123 1426 2976 3780 2108 1928 1893 2081 2057 1888 4925 535 270 4877 2222 3385 1933 1090 2707 776 658 2431 852 943 445 2418 360 3621 3643 1678 4393 3537 2606 4953 3564 4943 1669 3354 2213 4750 2045 3247 1002 4714
2343 2626 494 2813 3751 193 101 548 3245 4643 63 3737 4536 3449 777 713 394 3406 3415 1689 751 4257 4257 2611 2277 1427 69 3263 4631 628 735 1460 837 4471 3965 3462 4733 3376 4437 3620 2982 3250 2576 793 94 4173 3305 4792 4702 1483 3058 3818 163 1261 2620 1302 2389 2118 1577 4843 700 1333 171 200 4869 2670 2834 4287 4251 99 2844 3116 3796 1424 1557 3679 1709 4862 4151 4028 3904 4882 4013 3452 3981 1019 3362 3046 4486 3689 4271 4035 4634 4045 1804 4645 1542 2163 987 658 3161 93 963 735 3665 2380 4665 3785 1543 1778 607 4249 2868 2459 782 4120 3931 651 4540 4054 3584 3288 2107 4084 1939 3433 3031 4857 3173 1950 3212 4452 4255 4440 3481 839 3653 3557 1050 462 558 2566 3469 3019 4456 399 1805 1506 2087 994 961 1428 1019 2282 3752 2607 2485 2430 262 2532 1074 2284 4727 948 1292 521 1354 2159 1198 324 1837 4184 1780 3188 1384 4592 3869 1224 3209 2355 533 2196 3102 1593 4482 1863 999 4630 3879 4856 4047 4250 4496 2597 1617 422 2544 1038 3514 1999
382 4700 1672 2540 2366 4682 2517 2409 2249 1602 3818 4463 39 1209 4414 1852 723 3415 1549 4381 2954 1735 1308 4993 469 1993 2767 1041 449 1467 2749 2242 787 811 2144 4522 571 1719 575 4482 205 3924 2621 3775 3239 1433 3216 3935 1944 2819 1980 763 2473 3378 3026 4640 2612 2949 2276 4649 942 1830 4058 387 4387 3923 1808 759 3984 2647 4526 3920 3118 3062 4693 624 4311 4359 77 4801 3543 3848 1296 3886 3380 3037 1078 99 1838 1757 86 1790 4819 4593 1365 1440 4556 92 646 4589 309 196 2491 4315 4494 1669 3810 2183 575 2981 1620 3043 1130 4232 2839 3468 3464 1188 1537 627 1941 1477 2084 1350 2369 1453 545 280 4301 3044 1270 2994 962 4229 4075 3766 2733 4170 2468 2248 156 100 4254 3654 4613 2127 3049 3283 3738 2540 3318 404 1825 1884 514 1253 60 3006 4136 680 4648 406 3611 2442 4685 697 1914 4838 564 1958 3277 4654 205 4862 3186 2296 1395 694 2538 4498 2684 4440 4827 4045 2860 2978 3689 3695 4300 511 716 2983 3009 593 2504 88 383 722 287 4507
928 3100 734 738 1155 3393 1404 2790 4963 231 4912 3129 330 3650 3706 3552 3484 1689 4381 2930 536 3823 2850 1462 400 1248 1959 90 2350 4928 944 268 1221 1914 219 1915 4073 3628 1392 3323 699 2378 4100 4902 47 4285 120 4997 4853 817 1769 4223 3405 4826 2243 4057 263 2033 1919 3449 4953 2522 4412 4447 3716 1078 3321 3256 4627 2295 4557 2774 485 4186 4067 2883 2372 2667 2931 4771 1527 3504 4302 3074 2354 784 928 3699 2699 2948 2121 60 1214 830 2722 3616 314 322 4638 781 3444 3763 2672 1930 4122 4503 1593 1843 1226 1597 4437 145 3910 2992 2986 1267 541 4290 3876 1551 4846 3517 3591 4413 4195 1813 4427 2757 2110 1682 673 24 1484 1710 2870 327 147 2057 3295 1524 1318 1147 1448 529 4007 2407 1090 199 4706 3508 3996 1546 1690 438 2874 3729 2856 4494 2382 2995 3948 3256 2108 1569 1863 1557 4512 795 4220 1722 841 2548 3165 3634 3600 4515 1707 3251 216 4378 3704 1215 1150 1375 4507 649 4985 2208 2290 1012 637 4053 271 2240 2915 2014 1652 981 3190 993
1690 3068 4481 4758 4850 3116 4228 1452 2869 741 2310 1049 2952 1949 2699 4707 1475 751 2954 536 3403 2014 2463 305 3332 264 859 199 919 2806 2397 1438 329 4979 3724 3501 1152 2992 3079 1510 3055 1956 2887 3720 4266 3698 2502 3037 236 3571 1841 1303 348 3212 2854 212 1850 1515 3019 4776 1310 1804 3023 788 693 754 3426 4336 3421 566 905 2444 1911 829 4424 558 4787 214 1108 1248 1517 2414 2736 4816 3664 2644 4439 3259 2817 20 992 3660 3322 2217 698 3114 2464 4517 2628 2236 3592 807 3879 700 3423 2717 2751 322 286 4172 680 3856 3921 1658 4055 4198 1631 1683 4246 424 4336 2718 428 3489 232 2910 3705 3233 2995 1438 1496 532 2822 1953 2258 2481 209 1521 3337 3658 935 940 4957 1391 4247 105 1341 2772 746 1975 3032 1401 457 3343 4661 3040 3826 4907 3363 3696 4021 3225 4383 161 4571 2701 2709 1092 4264 3976 3508 1857 2658 4959 3482 3025 2812 2420 2643 4423 3916 2497 3066 3243 1914 1294 3168 2811 69 854 3468 3826 2268 1103 3674 350 1376 1983 3338 2824
1773 4738 2015 670 4531 2543 1747 2671 851 2018 472 4985 2664 1444 78 1619 3246 4257 1735 3823 2014 4784 4229 2159 342 4343 411 2749 3587 2987 444 4478 3053 2874 717 90 920 2130 2814 318 781 3624 2789 1669 3537 4078 4126 4996 704 2571 3798 4659 3749 3931 595 4354 3532 3295 678 2007 4707 4922 1444 3139 622 4922 2405 4426 1558 148 4447 4665 1993 4445 1914 105 3584 652 707 3187 2560 1916 2115 4201 4689 4307 1469 4189 2026 3772 4914 3111 3996 3839 3431 2699 3417 2713 3289 4083 2570 4475 1587 4823 2117 600 2381 1409 3806 323 134 982 2249 2526 4461 1100 3625 142 4632 1247 1553 2558 784 4598 1031 4997 1754 733 3860 613 3627 4630 4422 2578 3777 1590 74 3918 440 2923 2175 684 4743 397 3039 2066 878 2527 2099 2257 3280 1653 338 1685 493 287 3153 985 4449 463 403 3391 2129 1748 4150 1645 2226 1065 4624 933 3549 4393 259 4890 1939 2344 1157 1677 128 3242 1939 1861 4364 3173 4207 1062 1322 1996 3396 3745 4341 2494 769 1082 3327 2834 318 2662 2852 3806
2864 2963 1164 2836 1393 4599 4354 1275 2318 548 2447 1359 2253 774 3625 4980 1530 4257 1308 2850 2463 4229 2539 3022 2080 616 4712 1945 3826 4432 2072 4261 2181 1769 4827 1898 2078 3378 546 1305 4252 3189 3436 2662 2844 2576 4071 3156 1590 2055 399 4910 1353 1977 2875 3314 4265 2357 4951 2388 3810 4145 1445 3676 4439 1493 3426 1671 3512 3669 257 4136 57 4009 4967 3734 775 2406 2164 941 3200 3019 2649 2798 3852 3474 2203 1501 2307 1941 530 1208 3695 3423 1148 4167 3184 2532 916 1525 3935 2780 4276 4400 2142 1281 425 4851 4075 3415 3264 133 3459 1598 1254 1865 1082 4518 572 1759 3917 2469 4799 4566 3458 3878 2637 4589 48 3138 2112 4237 1911 2771 1922 45 1890 2306 3986 445 926 4520 2512 3396 772 4855 1898 1320 4417 1881 2635 1742 2146 3443 1765 2910 3051 2047 1188 843 3384 2176 253 2164 3578 1292 227 3848 2201 981 4963 1718 1048 695 949 3260 4207 2732 4095 697 559 1660 4312 610 2977 912 1549 295 753 1643 4946 628 4862 1329 1934 3022 3630 4232 4250 3269
531 2446 2189 4506 536 461 3205 3915 4449 414 4540 244 1740 459 3143 515 2659 2611 4993 1462 305 2159 3022 585 4489 4276 3365 4522 1739 2195 1877 788 1902 1752 4554 961 858 2074 2788 4890 3425 191 1739 2548 3102 4302 1419 2350 4991 2166 1262 3159 193 1732 2188 2666 4518 3339 1952 4555 2873 3028 1477 2490 1351 1131 3381 4159 3669 1966 3664 668 2947 4441 4562 3284 370 1774 3317 728 3133 1940 3523 1128 2321 1591 4254 3691 4559 783 214 3367 1668 25 1919 782 1811 1588 3404 1827 189 4198 3876 4246 1462 3113 69 547 1729 2355 1909 308 4663 3593 642 3922 2680 538 4656 3732 3894 1218 2376 640 1106 906 3250 2373 3391 3125 4196 4619 3260 967 4452 1542 1928 22 192 4520 3335 1257 537 2034 3216 931 4286 4606 2092 2835 507 2173 1569 1557 2599 2449 3860 4787 1267 3735 472 4429 3447 3759 4904 1135 485 3659 4927 982 3464 3474 275 1853 1207 2000 2952 4854 4837 1198 3249 1278 2360 1507 4576 1756 1698 3168 3872 3349 1365 288 280 2057 1032 3092 476 4626 1850 2374
4820 2015 4541 2581 4606 46 4277 1862 2525 2631 4291 1805 2240 3018 3378 1323 3741 2277 469 400 3332 342 2080 4489 3197 1855 2567 1093 3498 4419 4133 2580 2656 2052 3761 3247 1926 1314 4097 1521 606 3630 2736 2298 1731 1681 1080 3053 4727 362 2292 3696 1649 2319 1556 607 3901 1264 1461 1712 2896 2291 4656 4901 4308 4313 3909 1286 3965 4171 835 4068 700 2195 30 4483 4586 2227 2132 4501 128 4782 4477 2958 3029 4181 3315 3868 4738 3545 3175 977 1596 4990 669 795 525 123 726 4373 4927 4884 4135 992 4843 3847 1409 3236 3946 1000 2909 593 632 1015 3897 3741 3931 999 704 2258 3097 3215 1396 3264 2925 880 4156 3826 3563 255 1639 2568 2205 1605 2796 455 2210 279 4787 570 401 2851 3293 1938 2556 1868 262 1866 1209 4513 2992 3442 1985 1382 2833 1826 4599 2314 2112 3535 1678 3737 4442 2423 3082 2386 944 2229 4696 3286 547 1267 2230 145 1907 3903 3421 181 1144 450 1754 880 1729 3988 1768 1837 11 841 4586 1250 4949 1260 3256 89 1754 3396 4543 2360 4756 4550
2802 4259 3539 1178 3250 1875 706 306 4613 2617 3414 1447 4870 4167 1422 714 4536 1427 1993 1248 264 4343 616 4276 1855 3500 3576 4419 3208 686 3440 3835 4855 1675 395 551 3867 109 2473 1165 3838 545 2223 1285 1078 766 1966 3460 506 4296 123 1505 3532 487 1029 3177 55 1833 3718 1777 3544 2577 613 1930 835 1741 25 2897 3917 4940 4366 3583 3608 4472 689 388 2468 4439 4245 992 2514 2080 2380 3559 882 3916 4355 1072 498 3200 641 4072 2290 4432 3200 2740 1445 439 628 1711 559 4934 986 3515 1556 4153 2391 607 343 1654 1178 2834 2000 200 4189 312 4654 3433 333 2705 2735 44 457 3066 883 575 836 1797 4848 4012 3656 3502 336 3515 283 4507 345 4620 2301 2312 2488 537 3588 3323 1036 2930 2984 2632 2372 4561 2752 3815 360 1904 1054 928 4935 4648 3885 2935 3784 2701 1477 415 704 1394 2758 2160 1557 897 3068 3635 2719 3991 4384 303 3495 1999 1728 1093 1422 1601 4927 2065 1460 1723 3518 2660 209 888 884 3524 1124 3251 3845 3806 4911 2154 1879 29
4212 1365 3480 1676 219 4643 1298 4319 1851 4034 3988 2062 539 2155 3315 2833 1762 69 2767 1959 859 411 4712 3365 2567 3576 1159 1688 509 2999 1986 628 4621 398 4879 4261 3060 2006 1243 1998 3385 4787 1350 1760 3096 2405 1710 2689 1096 4360 881 2045 260 1615 3490 688 4685 1591 1248 201 1615 3801 957 4250 2935 2403 2309 1971 3338 2514 136 317 2146 4129 660 3507 4264 3797 719 2795 4285 2923 2791 3936 4156 93 1743 2260 2246 1703 3249 357 959 4610 3880 4733 3215 4043 1643 3500 503 341 4194 2543 603 1769 1515 2501 2110 3945 1895 2712 1978 295 1658 310 1852 3292 3150 17 3866 2405 1580 4245 3822 2685 1967 2481 3326 1394 714 981 1577 994 2985 2740 4740 2477 3341 3829 1198 2788 2131 143 1543 2688 601 3901 3591 4392 3399 4469 2729 2015 208 2804 1081 358 1932 1583 1066 4680 1877 2592 1042 641 2099 313 165 2895 10 3262 1494 1305 1634 853 3437 50 2817 3521 1526 664 4921 3759 2705 3872 3119 3054 2151 1890 1051 1159 3844 1406 3283 1160 2874 1611 1118 18
2291 1464 1695 1419 4949 4536 2092 1290 3708 2835 4184 324 4367 399 1870 1443 2555 3263 1041 90 199 2749 1945 4522 1093 4419 1688 3480 2617 358 3043 910 2292 3210 81 4757 4595 1461 3879 3284 3003 1145 3884 803 1850 3578 1465 3422 2696 2221 1923 3241 2110 3007 2719 4808 400 4741 3106 1744 2855 4586 2051 3566 1497 2232 1554 1001 2685 4964 2029 3763 4017 1777 2338 1269 4063 1432 480 1922 3765 2924 3227 1864 3133 4568 4546 2962 702 1764 689 2673 2965 4607 1102 1676 3765 4647 1884 2460 4058 2161 1085 4528 3021 2884 1498 3472 2006 1377 547 4312 93 247 1912 3501 2842 2964 3394 3325 2536 3357 2712 1731 4897 1441 3006 2528 4409 2076 4257 1637 4680 486 644 2690 2449 3813 4785 2011 412 3866 2138 2250 4293 902 1434 3474 3740 1761 2034 3148 999 1106 2874 3674 4550 814 2307 3499 482 2181 1040 4865 3172 4833 1426 2943 4180 970 3888 2626 4698 2563 4614 289 4285 3479 3179 63 902 1872 3122 2848 4716 4743 3327 3294 83 2134 2291 348 1525 2343 994 3050 1243 224 2881 1576
4890 3177 3235 951 4702 3040 492 3904 52 1434 1712 2807 744 670 608 12 4980 4631 449 2350 919 3587 3826 1739 3498 3208 509 2617 1579 3361 4925 3686 1775 1707 830 1508 1710 3579 1953 1581 3002 438 2184 3153 3157 2910 1021 2263 3782 4736 3424 4706 1187 1498 4069 2737 4602 3603 2679 1708 3327 2579 3925 4860 1259 4834 2469 1500 1809 4435 838 4211 3059 70 813 288 4747 2630 3559 3750 2440 2821 757 4558 2165 4998 3055 967 4756 1635 233 479 1515 1728 3072 471 3617 4523 91 442 2877 3668 2844 4853 1682 1817 4188 3503 466 921 464 3746 1349 1273 4211 2403 2490 349 3197 1979 1896 74 460 2715 4965 2068 2259 2793 1559 4283 868 4578 3480 3259 1863 779 279 2251 3704 1904 4252 593 2796 4833 2302 2854 2361 3375 2525 2725 550 3455 1390 1971 3612 469 4182 4223 4261 1304 4144 3191 297 4713 900 1804 605 278 996 2427 714 4300 3553 2491 2671 2593 3809 4280 3828 3364 2029 2410 1911 2165 2830 68 1562 2395 4338 4575 1193 3396 2339 547 1462 887 3377 1063 487 3574
432 769 2781 3172 326 4360 1973 4937 1707 482 72 2533 3898 1394 557 2049 3981 628 1467 4928 2806 2987 4432 2195 4419 686 2999 358 3361 2449 2512 3463 4186 4766 3796 2703 4751 1478 352 4366 1836 3073 3814 1894 1242 718 439 4085 3120 4930 4434 3815 3904 3926 2684 151 4098 3272 4803 3249 2073 1857 181 1680 3140 2574 2773 654 877 3403 2828 1858 1899 1241 1652 4751 1468 772 4435 465 151 4339 436 4986 69 4275 4823 4909 2682 256 2290 1112 1172 1413 3606 1587 2018 2762 930 3649 240 2624 817 669 2021 4604 1271 4454 543 1124 3088 1786 3594 848 2790 1182 3607 1628 2646 1392 1882 2707 1511 4237 784 4954 3008 3310 768 3351 1822 2040 2595 4470 3409 128 2326 2145 2007 2011 3926 3649 4090 4067 3709 2843 1617 2692 211 926 4260 3274 2303 3133 4487 770 716 2811 2393 1739 3815 2867 3675 4835 2149 2539 1202 317 2676 4582 4009 4656 906 1803 4626 2556 1903 2874 3446 3802 1809 3683 1913 4296 2460 1789 253 2284 3834 448 4959 2671 1682 4438 1957 782 1992 3111 1004 4409
2879 3014 3673 1348 4413 3408 2704 826 2748 159 2579 144 2871 1500 2174 3011 3623 735 2749 944 2397 444 2072 1877 4133 3440 1986 3043 4925 2512 4151 4838 4244 4807 675 1377 3631 1594 1613 1736 4512 231 1703 3317 233 3329 3337 3238 1946 4912 2731 441 3205 4939 3294 256 19 4969 2453 674 1844 3370 2593 2073 4061 2889 3931 793 2642 2974 480 937 2639 2999 1500 3709 4152 3703 4560 3838 1543 4195 3136 3115 2842 4347 541 2700 4634 3095 3897 875 2585 946 2779 4867 640 19 1831 4488 2216 4732 205 1487 3759 2120 297 2222 4070 44 811 2446 1606 4842 3244 23 4266 3793 260 2898 3310 4821 1984 1653 485 214 1751 2595 2253 1200 1469 1272 1580 600 428 4173 35 151 3467 2641 3285 2392 1679 3059 3140 37 3019 4191 1251 3835 2444 3656 193 2331 2845 2843 1801 566 4398 1446 2545 1300 4936 2573 4238 2611 821 4755 4454 587 3737 2129 2134 4892 518 2682 840 1859 1975 4084 36 199 4819 3901 1174 3260 1704 288 2698 424 4872 2117 3377 391 2932 2271 2212 3799 2534 892
2184 4200 2445 4076 981 4395 758 4641 78 4229 758 4241 1941 1880 4478 3510 1659 1460 2242 268 1438 4478 4261 788 2580 3835 628 910 3686 3463 4838 1913 4854 1783 3257 4299 2263 1295 4166 4315 714 1741 1528 3344 2890 3169 1552 2892 4871 4382 1929 1348 1181 3974 3857 3568 4395 1909 2036 2463 732 3301 1408 4084 3035 2330 917 2147 4018 3413 3072 3636 1274 203 745 704 4300 1259 4100 1117 2456 1775 1410 4425 4701 998 912 1612 3063 3797 1094 4746 1656 1885 1181 1706 2986 734 1733 4821 3611 3161 547 4913 912 4360 4533 2346 4432 4252 330 840 3797 2279 2137 111 2891 1646 4567 315 3473 1849 668 1884 2068 4838 803 3714 461 1598 1975 2243 556 3438 1048 2896 1396 3666 380 718 447 4274 4295 4733 1715 2877 2885 3308 820 3825 2420 817 4058 312 1046 861 1662 2044 3075 1924 4413 3387 2343 4549 675 3446 2208 3270 4117 1069 578 1301 1518 3083 4375 2639 409 1852 747 2692 608 4827 1544 3055 2325 1487 4428 4280 3420 1478 2406 4665 2803 179 1546 2199 2529 1320 1669 986
1408 4208 2100 1600 1529 2148 671 1418 3385 2122 3070 2371 764 3456 3947 4954 3685 837 787 1221 329 3053 2181 1902 2656 4855 4621 2292 1775 4186 4244 4854 3616 2205 366 1809 2288 3977 1172 486 1132 2511 1363 2732 2264 1421 646 4500 1806 2613 1142 25 3801 4713 4738 3905 3057 1903 2855 2823 2595 686 3354 470 2504 3277 538 4340 3780 4009 4729 1859 2691 1855 4843 2101 1311 2586 2864 2951 1200 3619 3825 4138 3202 1819 4573 362 2082 3948 349 2350 660 2550 3299 98 108 11 3962 3653 3859 2950 899 4431 1805 2161 967 3527 1103 3609 1299 1444 2627 2982 2675 3804 3097 1518 3170 598 3835 2068 1068 1999 2762 4643 1772 1821 3526 4997 476 2217 1701 4439 1926 276 3544 2513 380 4396 3982 4915 2166 4424 1635 4501 4256 1216 2658 1964 1112 3576 2848 663 4467 1791 4931 543 3931 4915 1910 2923 4759 2660 3764 1314 1379 4060 3487 4098 911 1073 3230 82 1155 127 3644 4654 2495 2622 3731 4020 150 1091 4803 4678 3600 1119 3747 196 1418 4338 4822 476 1308 3321 4701 2005 1500 920
3468 728 4069 1463 1855 1552 2533 2759 1320 2235 3343 2681 1653 3144 3145 1027 3258 4471 811 1914 4979 2874 1769 1752 2052 1675 398 3210 1707 4766 4807 1783 2205 2438 1675 4711 4581 1561 3338 1030 4821 2994 3652 4858 4859 3038 792 1516 678 3690 409 2227 4444 4007 4462 120 997 1488 133 892 2180 143 501 2619 227 594 2148 3586 3194 397 2735 1313 3688 4746 1619 1606 1080 1391 2809 3610 2990 4449 2117 3787 4571 3283 3887 562 2236 1425 3299 3766 2001 3852 4820 1292 4843 2001 3660 1435 4787 2542 2109 3682 3437 1886 628 2003 3845 4729 1389 1115 1992 4129 4603 3352 3122 1393 2221 1526 4579 3164 298 332 437 3641 2807 3321 4179 1042 1599 63 1882 3078 2284 766 4772 730 1238 2054 685 2159 3563 269 1411 554 3611 4722 4805 4073 415 590 2473 4226 2168 2804 4081 4398 930 1582 1257 492 2974 1453 1135 2338 2904 957 4558 4008 2095 134 1056 4505 1758 3066 697 172 2105 2783 2239 1040 841 3138 2967 2350 3652 2242 434 2381 2314 828 4094 704 3251 1839 240 2946 4663 2310
1408 2156 1600 2880 3306 769 4381 4532 1023 1618 3318 1718 3487 3954 621 1422 2139 3965 2144 219 3724 717 4827 4554 3761 395 4879 81 830 3796 675 3257 366 1675 4106 434 1613 3102 1423 3187 3081 3678 4146 357 2386 4556 1840 2063 2668 2596 2900 3463 4043 831 1725 2462 885 440 3546 2102 2054 4087 1836 3753 1051 2170 4197 1415 2946 2565 1728 2842 4706 2019 2298 1493 1033 1070 1496 214 1459 318 3549 2463 1174 1100 3908 3227 370 2978 4749 1888 132 1545 1541 4782 838 4216 2678 2358 4001 4743 1010 4633 2213 2123 1563 185 4045 3188 807 2913 198 2927 3764 3248 1799 2365 2955 2439 4929 1061 4731 338 2003 2507 2606 2700 2694 3013 4238 1531 3581 143 4561 301 3482 3956 1725 1195 4128 4193 4231 3586 1851 1429 3899 1216 68 2630 715 3457 575 3791 1122 4013 3576 4969 2102 3996 1532 1789 1445 1766 3002 2722 2316 2709 1701 4634 952 39 2244 3567 1853 3975 2440 3587 383 3821 2205 2920 4515 1694 3128 4871 2980 1733 3207 1880 203 2218 4889 4005 4365 1121 4701 1581 3963 4634
1244 799 1397 3677 3154 4188 2823 1621 3147 3155 1089 3064 4001 2684 1833 1616 626 3462 4522 1915 3501 90 1898 961 3247 551 4261 4757 1508 2703 1377 4299 1809 4711 434 1536 3566 4319 2780 3590 2693 4420 3548 2361 407 656 1266 4458 1134 3491 2989 2265 305 1003 1653 4401 493 291 4222 2242 4747 926 1669 969 4745 4709 1090 2978 1096 2226 2704 1889 3838 3065 4680 2864 1725 3982 544 2128 492 2155 3799 3679 3408 1992 2835 1141 1419 4378 3060 2334 150 612 3021 2911 4945 1443 1825 4509 4322 1418 4737 4355 2164 3643 4029 2231 1815 217 1058 3759 1135 17 1822 82 3698 1060 4498 126 1638 697 4345 2705 3595 185 1970 1291 4668 4420 2857 2495 292 206 1843 2004 4215 308 693 2943 3975 2568 64 801 1923 4393 2443 3157 1752 4995 4535 4610 4168 3831 3831 4441 2174 4671 2189 3863 898 4919 2916 1558 3168 4634 2864 3940 1982 1014 2095 688 253 3703 4504 330 2879 4113 2586 498 2027 1712 1607 12 2796 4630 2517 3797 4471 31 3575 1874 3429 1326 1321 4899 1273 1075 3178 2972
4090 3030 3985 61 3154 3005 2020 4498 2254 4639 985 1927 3583 3274 4973 4400 3673 4733 571 4073 1152 920 2078 858 1926 3867 3060 4595 1710 4751 3631 2263 2288 4581 1613 3566 4317 1126 2448 1401 4069 1081 4393 2239 1387 4508 4175 4811 4847 2927 4497 3474 669 2443 2166 1824 2694 914 2055 4274 3168 2356 2982 525 1825 4657 1090 4343 979 2573 2358 4790 27 1452 554 3502 4411 874 3230 3364 4926 2353 1665 1710 2410 3468 1288 4724 2640 4511 2850 528 918 3702 4142 3145 1391 501 626 3860 1862 551 137 3466 158 1268 4214 4497 2178 4043 1634 3092 1883 2532 2764 1038 35 305 1065 1511 481 4716 3869 2548 2528 4446 4184 843 4172 964 497 1450 2472 304 2577 4897 3124 2303 3300 865 1641 4052 81 876 4078 879 3143 3640 240 1688 4317 65 4732 3469 1097 189 3286 872 3602 1262 792 1704 4514 3807 2047 3833 3776 888 1292 1329 3548 1954 4873 2677 68 3332 3753 2094 3589 84 2398 2604 3978 4510 3544 4022 3004 2253 2306 625 3669 339 2014 3846 1038 1119 2927 2691 255 475
266 1534 1510 3670 3231 4361 1666 1070 3286 4501 3862 3916 2576 2598 3181 1019 1679 3376 1719 3628 2992 2130 3378 2074 1314 109 2006 1461 3579 1478 1594 1295 3977 1561 3102 4319 1126 3758 2373 4725 3209 2196 2568 284 3340 4067 1830 4897 3740 4255 3747 647 808 203 4469 2775 2312 1755 888 1051 4576 40 1746 3056 1635 2555 1398 4535 523 3157 3549 3410 2182 2535 1828 2983 1098 3423 4069 1335 1508 4293 115 732 153 4808 99 703 2739 3248 3330 2234 1610 1188 4470 2181 3234 1247 1312 3733 4770 2025 240 3157 2731 2713 478 4700 660 725 1498 3707 1825 2136 79 876 1307 377 2089 3760 1095 4071 2615 1472 1896 3130 1194 1667 1989 621 3008 2443 3253 4467 3088 1977 4392 4832 2614 1607 3444 4806 1914 803 1522 1038 2150 312 4502 4215 4884 48 3666 2962 294 3381 3572 1957 4867 3681 4745 4481 1723 2214 1757 2182 3909 1002 3623 1374 3955 4385 1937 1832 4093 675 3180 1627 4979 4622 4245 3940 2835 1372 3336 4925 1365 2144 3028 1377 2203 3341 3599 3436 2829 2305 1409 3134 84 1843
3599 3395 3602 3275 840 4444 4821 3903 151 2787 2330 1036 1602 4026 3785 3554 2685 4437 575 1392 3079 2814 546 2788 4097 2473 1243 3879 1953 352 1613 4166 1172 3338 1423 2780 2448 2373 3319 2330 2859 699 1719 404 4239 1063 2416 979 3790 4531 4546 556 4229 924 2681 736 2093 340 1705 4534 1589 202 4205 3344 2657 1944 3312 1870 245 4372 1384 493 3975 4288 4135 2244 2076 839 46 1383 563 4284 4991 4575 1842 2833 587 324 847 1597 2984 4649 2492 2317 4706 4534 1929 4033 1541 2713 2755 1846 1117 2575 2638 4768 408 4645 984 3113 1104 4045 2222 4512 3955 4195 3428 562 1354 4408 4552 671 4497 2292 1428 171 4978 287 4395 1643 1403 2667 1260 4392 1623 446 4999 638 360 3942 3736 2675 638 3369 3651 522 1910 1326 3456 3817 1529 896 4744 348 3860 1337 2127 416 3980 2137 421 3689 3692 973 4261 1662 2540 2174 3823 257 3198 1824 507 2083 4784 720 2855 2734 4508 2646 4550 231 662 3387 4091 2084 2937 4292 3879 4565 4341 3828 3578 2941 1896 4259 1014 3241 436 4723
460 3725 311 1003 1309 153 4121 147 589 1380 2410 3125 1712 14 3819 2395 1216 3620 4482 3323 1510 318 1305 4890 1521 1165 1998 3284 1581 4366 1736 4315 486 1030 3187 3590 1401 4725 2330 4110 316 1984 4278 4097 981 2701 561 3864 4248 896 4592 1101 3198 1912 3094 1929 1542 687 3624 2947 1270 2249 2906 2495 254 4800 964 1937 4626 540 2286 599 4483 1255 727 795 4174 1943 3393 1926 1648 583 2660 1441 4635 2844 734 1162 1036 391 907 4918 4908 3574 4716 3508 3568 98 3822 1487 867 2228 3909 2938 4322 623 3920 430 3267 3628 3522 4641 482 2386 959 3456 781 3289 3582 4455 4412 1003 4893 680 76 4920 3456 4323 3669 3888 1648 4855 3925 1313 3903 2474 1830 58 4937 1778 4010 4531 2271 2469 4362 1229 2545 2692 3008 2873 2550 3359 1289 105 2654 2255 1794 4621 1779 2318 1872 15 4299 432 486 4702 3392 4269 3882 702 4896 194 3679 3191 1258 2702 29 3609 3125 4977 4808 332 601 1900 1391 4339 4224 965 2097 4778 1671 3159 163 808 735 4848 3001 1457 2592 3920
