N: 200
M: 40
Symmetric: true
Triangle: false
7 44 145 99 146 133 13 149
7 153 69 130 57 138 86 120
6 24 136 193 37 68 72
1 42
7 137 196 175 97 178 88 142
5 143 131 123 100 49
9 108 186 177 159 165 31 194 33 15
3 61 43 38
7 94 23 140 128 109 115 104
4 71 14 129 105
4 126 197 168 135
4 154 63 62 51
7 107 176 166 92 91 40 32
5 67 4 132 173 16
2 96 17
6 174 106 75 18 28 56
5 124 5 39 147 6
5 20 52 163 77 169
4 199 116 8 55
3 47 65 90
5 172 83 171 45 11
6 2 119 190 200 112 184
3 195 9 164
9 170 185 79 110 85 114 95 29 187
2 158 1
5 7 141 191 48 64
7 89 19 121 188 144 87 160
4 118 3 30 10
2 93 152
4 150 179 59 50
7 181 189 198 98 35 162 80
6 25 148 139 60 54 111
2 127 81
4 102 155 182 134
3 84 58 101
8 53 36 76 27 12 66 122 82
5 46 41 157 70 34
2 183 167
4 117 103 151 161
11 113 21 26 73 125 22 192 156 78 180 74
2195 4057 2419 4643 142 2246 3294 2280 4421 4168 2460 3875 2463 973 3473 864 1726 1705 4708 1428 4025 3962 4226 1781 2375 1621 3677 131 4300 3930 4667 824 2959 1140 4753 2141 1334 4324 4115 3605 4927 208 3574 14 3739 2517 1596 3255 3736 2360 4422 1630 4460 2337 2254 1764 3909 4766 2101 4781 4280 3969 1237 1525 4300 2981 349 1736 4793 4745 4912 638 2196 4934 4050 3452 1192 794 3548 192 3680 1638 721 1348 3241 1332 3769 96 4235 2885 234 1581 4870 2979 4373 3517 2436 1638 245 2855 1335 3802 2573 1616 4634 2557 4243 4730 645 2773 4601 4660 3066 1000 696 2934 3440 4252 2845 1245 2463 2665 1177 1173 2564 1437 3486 241 4445 4301 3578 494 255 3500 1141 1839 2672 4641 4141 597 3079 1093 1404 3449 937 3323 1151 3952 935 1992 3568 3594 4141 3712 4619 2532 3545 531 124 3847 2619 4807 3515 2941 3770 1595 3715 3227 3537 2841 3971 3316 4483 1636 81 279 50 3671 347 2132 3533 244 669 2515 3898 3732 2842 106 1507 4573 4621 350 4127 3173 2627 4959 3107 2640 1349 4817
4057 385 889 3233 327 2125 717 1116 3848 4732 2078 3050 3951 4505 2132 4857 2816 1207 64 147 907 3962 2995 2234 2913 4252 4548 41 592 860 4786 3078 1887 973 3968 2004 4259 3814 4230 4792 3030 4052 972 1007 2376 2042 507 4197 1907 850 3057 3824 2942 2113 4780 2852 3756 4316 1837 2697 772 4308 2112 1893 2272 1197 1075 1141 849 4798 3276 4351 1468 4378 978 2961 886 4341 175 3613 3927 2866 2506 4681 3799 1886 1034 2790 4150 276 4836 116 1379 1605 2593 1192 2729 1410 378 2388 3271 4099 878 4356 1026 3783 4813 138 1834 2732 647 4471 4881 3249 826 70 3357 206 2742 2160 181 3446 392 554 713 647 2572 3653 1859 4179 583 4372 3911 2690 1679 1736 1167 4858 4846 3774 1904 4062 4230 3253 4290 3021 189 2796 4238 3311 3648 3580 4566 695 3436 3907 4303 1322 3655 2810 4777 4918 1303 4464 3551 3185 202 969 3183 4225 2216 3787 3581 2983 1159 433 1587 3907 152 4499 1889 2291 1050 3313 327 3621 951 4621 4425 2664 3283 1153 548 2989 4973 1174 3046 3694 1022 1033
2419 889 1513 3804 4617 3432 297 4612 219 2211 4923 155 2030 2119 1002 3892 3219 976 1185 3071 1315 421 3793 4421 2816 474 3791 652 3592 1130 1195 3683 75 1244 163 2282 4608 685 3397 3473 1533 1048 3362 956 3652 2913 4769 3378 2519 2495 3050 228 3834 1578 1351 376 3716 3889 849 3754 3472 3991 2495 1163 4994 1867 806 813 259 1928 633 1645 4714 1632 2168 2914 3019 3410 3095 3856 2917 2634 1295 4231 585 4824 1709 2202 1301 1222 1749 1146 3322 4235 4654 301 1383 835 818 1414 4209 4545 3902 2867 883 3051 3568 3814 3020 2117 2054 4660 410 3862 1572 690 1737 4833 4176 1808 4002 4157 3933 165 1920 100 327 2276 2048 1850 4474 1720 4593 275 367 4525 4634 4496 3665 2899 1261 241 4049 1752 1786 4470 4858 1120 4470 3654 3508 656 2434 2103 4286 274 4354 3082 2684 4461 330 714 4640 3508 1880 4860 4811 1016 625 3877 4248 4728 428 188 2581 81 815 1429 2027 3668 991 1566 4708 4274 91 1675 1024 3235 3149 3317 2680 1338 4263 1267 1557 4393 2380 2416 1837 3692
4643 3233 3804 4070 2626 1536 605 4911 4687 3818 11 4003 2750 969 2300 2944 2782 776 895 2005 1349 244 2670 3302 3784 4134 4815 1763 4838 1238 3509 151 3844 1160 2190 1054 4887 2294 4590 4080 4151 2826 4940 3366 1500 1056 3907 2035 675 4667 3313 2318 1012 1383 3762 3172 1196 2620 1838 354 2292 2584 3236 3380 4306 605 2572 4288 3089 2861 1954 2037 2372 624 3164 3777 4456 341 2973 4303 2848 4710 1240 2734 921 3012 4457 1701 2372 4357 4710 2647 633 1541 2173 2976 2454 364 3780 2171 622 2696 14 295 2594 4464 401 2176 1724 3293 2756 651 2647 69 1655 3666 4187 973 3863 1582 4762 2710 4540 4024 1376 1292 304 276 2920 1286 798 4566 4020 3156 2062 257 3388 2641 4780 3626 3255 2661 1550 3222 1567 55 3982 1205 3359 3205 4863 2006 301 3142 1634 3035 2879 3772 1937 4060 2228 2251 2118 2652 4214 818 4553 3044 2627 1612 288 229 2983 2012 1966 860 4130 1702 828 1501 3604 644 4170 3118 4916 621 2602 3111 2437 1656 2395 3217 486 4125 4459 176 372 4021 2970 3864
142 327 4617 2626 4292 4290 3729 2794 4810 117 454 4374 3336 989 2707 2870 358 3735 3688 29 1981 4346 219 3650 4133 1902 4566 3837 2483 1063 4455 2478 4325 4238 943 3983 3797 1244 4319 853 3998 3242 345 4340 1136 3923 2205 625 1738 1660 4698 4897 3882 1946 792 1113 2225 1445 4299 1087 1617 4413 4926 388 1055 3360 4493 638 3921 1855 4089 1037 380 4874 596 1531 4714 2940 4360 4935 1241 2309 3292 2384 3897 2719 2411 2672 2407 26 398 3080 1197 364 3062 4577 1396 2136 2003 352 1605 820 2961 619 2665 797 2579 3659 3294 2899 2850 2418 2557 559 4857 4571 223 2663 2639 552 2514 1133 3745 3047 2156 722 3480 3286 770 71 3764 3166 2967 2241 2491 3303 3849 2903 2368 2364 219 2378 1197 3013 3788 2125 1298 266 2982 4067 460 3491 4308 2776 2815 1321 2441 2570 2778 3015 4666 1548 3724 3087 3725 2773 1336 2012 3761 1031 1560 316 1222 1031 2996 1625 3440 2118 2560 1614 1183 770 3317 131 3346 1861 2512 4220 113 4894 1970 425 3241 1092 1728 2129 3152 4835 151 1665
2246 2125 3432 1536 4290 3647 1271 4383 4940 3735 4717 3042 1659 3848 4942 2616 1056 2061 271 3049 761 542 3924 1621 1413 2806 1634 3931 4537 89 347 2057 1260 4422 3403 3171 815 3319 3926 65 2620 27 649 599 3884 2166 274 2423 1039 3354 596 3904 658 2721 3682 4778 3691 4024 277 1468 448 3148 4119 973 1829 2534 2981 1807 518 3937 32 657 852 3939 4970 1790 922 3355 354 2775 2022 2078 89 2155 4658 1372 2256 687 1591 4939 521 3021 1138 2549 4301 3604 4624 216 1057 409 1167 4175 3401 4067 4024 2412 4885 2651 2248 2505 3671 3775 2829 4301 4817 4565 3528 2353 536 458 145 3440 784 357 2929 2222 721 386 2630 2921 752 2258 1424 2262 3414 4571 455 2914 1474 2064 4264 2155 2167 259 1162 1373 1773 4301 1169 2318 3185 141 2979 40 4408 62 2900 2893 2403 533 2238 4241 283 1873 2417 4042 3000 339 2805 4757 2470 3437 713 3813 3475 1476 3491 896 1445 4843 303 913 2622 4947 1546 2661 4302 4985 3297 218 4903 2190 3652 768 1300 1758 2541 1387 1331 1894
3294 717 297 605 3729 1271 482 1704 3399 745 1654 1609 2558 1311 2148 4737 4127 1320 491 211 472 1251 320 3553 3773 3451 4580 83 4809 3725 1861 2200 171 4316 1104 2231 4097 454 236 2049 3256 1645 3837 3233 348 2022 455 3327 429 273 4544 370 197 761 3201 3859 4097 4717 2342 3962 3624 2609 2579 2740 3602 4157 4128 1756 3617 4862 2030 172 3775 170 3986 192 949 956 920 4706 2656 1653 1433 4296 3871 4827 2227 882 2333 231 4384 4749 2723 1820 3179 4276 3136 1833 3156 4736 2851 1734 2969 4109 1471 3746 3461 681 182 2974 3029 1621 4945 4941 723 3227 1012 1558 168 4936 2488 868 4189 4051 2395 528 3796 3752 327 2793 3780 2075 592 1393 698 2882 2361 152 1150 931 1025 1230 3045 658 841 2866 3611 2097 205 1014 2391 115 1997 2867 1980 174 2141 4480 748 2359 728 2206 3218 2460 4001 1800 4155 3804 4767 514 438 3419 3401 4722 3872 2356 1752 4938 2612 2562 1473 4241 2985 3911 3167 685 1851 410 4061 1927 1352 2343 2740 757 4681 2714 923 4481 4390 3395
2280 1116 4612 4911 2794 4383 1704 2985 1672 2135 3958 960 4040 2665 3566 4208 226 363 3868 2320 3776 4533 832 4961 1198 120 4253 469 3762 167 1388 839 4164 1414 427 1269 500 3032 1607 1299 2669 94 2870 270 4904 4758 853 4743 2824 4031 4521 3833 606 2203 524 4572 506 1114 3537 2811 98 932 1168 2789 3760 4085 3963 3229 3272 3771 2167 3822 1434 217 2872 4802 99 4614 3654 2518 941 1673 3522 4840 948 2487 2198 4229 3103 877 2800 3438 640 1116 3073 3611 1196 2417 2021 1469 4716 343 487 2904 1259 1819 1067 4117 1599 4279 2297 4626 4351 3211 2718 4545 3905 4057 2135 887 635 4815 2033 698 1314 950 1048 2121 1123 1036 2087 3873 778 2643 3357 1797 344 1250 4654 1811 2424 4385 1366 824 3680 535 194 4467 4117 1897 1340 2902 1597 2771 1003 160 3284 471 4442 2014 1483 134 2798 3689 2525 3729 833 204 1136 2423 4035 2007 2609 3409 2293 3565 363 1606 3138 1051 3337 2865 2721 3146 4144 160 3356 84 1212 578 1111 2306 4295 1875 1474 1757 1187 2065 3899 3882
4421 3848 219 4687 4810 4940 3399 1672 3924 3164 1471 1464 1146 3044 3165 4730 1204 4878 4574 2883 2491 1182 3717 1642 3025 479 1762 2529 2881 4217 3870 1099 2144 730 4506 1318 1408 2875 1146 2170 544 4984 4022 245 4582 2389 922 2038 77 2907 1775 2527 3467 1413 2519 4778 3754 3396 4648 2160 1110 3735 2027 2463 1572 4979 2330 3444 2221 2216 329 1916 4814 4152 2068 4482 3648 4513 656 4361 1212 1724 3031 3593 346 1771 1495 3901 1891 678 2312 3277 4424 373 3319 4847 868 3827 3368 2535 4406 1431 1216 4782 2008 2318 2069 1447 1860 604 1604 806 1111 2883 656 2955 2374 2030 3309 1248 2780 3586 1992 2558 3669 3449 2143 1366 2969 3507 2370 1933 2813 3848 86 2670 385 465 443 4503 315 158 2583 1764 1351 3620 476 2870 2915 2475 2936 4531 2283 3090 2366 4532 2453 3155 3794 863 4881 1127 4209 1140 3349 2286 429 2936 4474 874 4264 3930 4884 596 619 320 1254 4907 4455 4243 3738 3076 3915 3695 439 461 16 2866 1936 4758 3209 4387 4552 4474 1061 4012 3909 3587 1827 2572
4168 4732 2211 3818 117 3735 745 2135 3164 3459 2755 2030 680 1348 3340 3856 889 2106 4401 2871 1409 2604 1923 2849 2764 673 2359 3054 2754 1119 552 3992 4024 450 2906 1562 4599 947 4230 2256 4307 4440 29 830 3040 294 3928 3134 3180 1338 2433 3207 4012 4544 4224 3772 1118 1354 3303 3216 2182 1374 4993 521 1448 272 3174 58 1384 3787 3785 2305 4976 3421 2464 153 4397 2597 1294 3857 3818 68 4099 3643 4895 2812 4468 4383 4486 2331 4546 2674 3218 4480 753 1770 4719 4082 3584 1834 4976 3813 1422 1375 198 405 3011 1019 4714 3132 1674 3459 4007 4769 288 4719 4548 2365 2338 4773 1697 91 4210 965 3525 3215 3584 3599 4592 3730 4495 1036 4165 4833 3036 1694 354 3745 2133 4689 4988 874 4157 398 4023 3056 1063 2422 4073 3876 4609 3504 3096 2426 180 52 4546 1932 2636 2571 2650 1718 2445 979 1079 3654 1621 50 1976 2970 1194 2518 2675 3012 216 4810 3218 664 304 428 1306 1044 529 3008 3031 4545 4774 1668 2992 3332 1558 2238 794 1969 375 1722 4509 3265 94 3710
2460 2078 4923 11 454 4717 1654 3958 1471 2755 3567 1096 37 2167 4365 4109 2434 1782 2354 475 3906 345 36 593 2036 3039 1331 4863 1222 3530 354 1513 1762 438 2897 270 3726 3966 4785 2996 1356 994 2207 1536 1633 1212 910 957 3462 4530 3780 3974 2923 1503 3576 4262 4552 1714 3178 4926 2716 3728 1751 1114 3810 4812 4661 2229 1318 3473 1554 1102 4222 169 3671 4760 1067 4694 170 2846 3361 1870 1871 3392 3576 3991 2727 816 1417 4101 4614 2765 749 311 2799 4505 735 1101 2455 2363 4287 2793 1478 3748 1559 776 3851 4180 3068 1123 4459 4353 736 985 3015 3311 801 1764 2352 2752 1285 1667 4405 1255 4363 12 4271 4722 2844 2848 2581 1220 2081 40 940 4064 1305 3605 3169 4450 2564 920 1708 658 1712 1690 1439 3782 4423 2636 4645 4104 2682 2157 2476 458 3024 2506 988 849 2486 4133 4229 77 1738 3481 2268 2229 3309 1085 1342 4914 2639 2348 1872 1778 4297 1352 47 1111 2770 3231 2387 4865 3544 3029 2043 1494 2247 1707 71 4637 3797 2825 1957 2270 3192 3367 2114 4470
3875 3050 155 4003 4374 3042 1609 960 1464 2030 1096 2061 187 650 385 1592 4046 2713 3650 177 1412 334 1180 4094 770 4242 4046 2042 3955 2356 264 538 1220 3817 2197 4359 4917 4139 137 4702 1436 3094 540 792 400 3799 4693 1640 1168 1759 785 2971 690 1138 3996 3429 3135 2940 4804 2362 713 658 4685 518 463 658 1231 1583 1838 2529 56 2980 4030 282 2909 1230 1070 4385 3035 3565 3063 3937 4625 4452 2521 577 4883 2787 1727 1099 4034 4385 3128 1286 2258 4712 1176 1376 4938 1244 2852 4585 4142 790 4777 1875 3676 725 1807 949 406 1285 3377 3460 692 2700 2257 885 2993 158 2354 3486 4553 4197 3504 1891 1097 2720 4072 859 1346 3788 2203 1161 4738 300 3455 4465 2482 2483 1101 4639 3115 1588 2713 310 2812 891 2305 4862 3709 4219 1426 2652 252 4405 3543 1489 1942 1851 2008 459 3977 3048 852 2275 3307 4228 1491 3493 45 4576 3230 921 4074 1507 443 554 3403 1008 413 909 4697 2578 2129 403 172 4178 1742 2827 1303 2722 1477 1107 667 425 4899 3742 3005 2816
2463 3951 2030 2750 3336 1659 2558 4040 1146 680 37 187 1773 2382 3598 4853 2389 49 3599 598 4667 2982 1397 2813 2591 1768 4412 3350 501 4640 2879 235 4608 2550 2644 4209 934 2213 3069 382 1077 4136 4110 2249 1596 363 199 4860 1307 261 94 4601 3419 1493 2719 3814 16 2836 3425 3583 3563 1311 1985 1274 558 1366 3716 334 4908 417 1655 1907 1569 489 4961 3940 440 1654 4186 1875 3938 1055 1194 3207 2066 451 1753 1305 1186 3215 1119 3416 1432 3134 978 181 4413 373 4352 701 1495 2531 1045 1664 1393 1823 891 70 588 4265 3900 2528 3659 4578 1611 394 4976 4607 3129 1389 511 1888 4514 4254 3392 1829 3117 1078 1725 2521 2316 3487 1660 2065 4951 293 2117 1932 3784 66 1815 1330 1430 3470 3327 2327 4168 2325 1271 4690 210 2590 4790 4268 4204 397 1066 1738 4133 3428 4634 3351 2951 1976 647 3572 1473 3897 3190 4739 3554 164 1260 212 3277 4503 2190 254 579 3784 4469 1593 322 1866 2506 915 4969 2919 3124 109 3292 3393 1793 1358 920 513 4290 2224 3314 2389
973 4505 2119 969 989 3848 1311 2665 3044 1348 2167 650 2382 21 1529 1410 346 2201 1737 3543 3952 2158 1806 1651 2323 2767 2410 551 1716 3963 2092 1003 4105 3188 1486 3721 560 3085 3611 4796 1340 1439 2433 2269 2807 2851 368 1286 3000 4280 1966 1951 3880 4405 1802 1156 264 1490 4881 4967 186 4938 2502 1958 62 3471 4173 4220 2217 1304 3664 4514 1874 2036 2627 112 556 3615 2064 4209 1163 1922 3633 668 4639 1023 3988 2574 2902 1878 4735 4416 588 2266 1197 2106 776 1074 2951 770 2804 129 800 3805 61 2119 1864 3345 2818 285 3785 3364 3415 1560 2278 3993 3207 230 2114 3466 4154 3396 3318 4756 1682 4604 116 4430 820 444 1372 4023 2669 1310 1205 4913 332 992 3882 2176 1687 1974 2102 211 3957 2747 4882 3833 4074 684 2180 689 3586 4520 4562 3615 1472 2018 3766 4875 4306 2445 3860 3257 994 1323 384 4375 3707 3849 2164 1607 4248 1798 2190 3815 399 1432 631 4101 4339 3267 4793 1216 3550 2422 2087 4685 4928 4013 2812 3418 1219 1824 2141 3171 1541 2751 4856 4334
3473 2132 1002 2300 2707 4942 2148 3566 3165 3340 4365 385 3598 1529 2275 3948 4151 3656 2191 4630 2129 1079 3051 490 2933 3741 4000 3980 2708 2195 4232 2661 4763 2879 4130 4160 3706 930 2148 1408 3324 3869 3592 3279 3731 4937 2524 2118 3187 1208 1429 732 3921 2640 2095 105 1103 3265 3100 2190 2285 3465 4877 4241 1422 2286 1921 2190 3147 3154 3358 4398 2343 2122 4725 3785 3783 3343 766 848 900 3346 706 4439 1343 3554 87 4470 1472 567 79 592 3238 1916 784 1926 3246 4734 2274 2477 4531 4969 2064 1032 129 2873 59 1837 2322 4355 3183 645 1925 4377 2221 4349 2085 2376 2000 1300 380 2062 2974 48 2634 3929 2475 1518 922 4525 1029 4812 2234 4293 3321 4686 722 2896 3356 3944 1629 2340 1641 3203 4095 1558 4841 4022 4723 2069 2749 2630 1098 194 3558 3291 1030 4906 4377 2789 2246 2943 4305 1092 1206 1005 823 1634 2907 363 1258 363 620 1720 3779 822 213 776 939 4008 1251 3643 2460 3120 4156 3199 1916 2423 580 2050 4079 3606 1790 2513 3427 4612 3584 1910 4941 661
864 4857 3892 2944 2870 2616 4737 4208 4730 3856 4109 1592 4853 1410 3948 4380 4014 3697 2805 4619 3704 3132 2430 4076 3244 1589 562 3499 1031 4204 1520 379 1089 2061 3007 3877 171 1546 4899 2570 2686 148 3142 1972 2606 3338 513 2252 285 732 1495 4077 4724 2704 1483 3933 708 2917 1243 1260 3698 2729 715 2071 2032 208 4670 3425 1817 1245 477 3959 1590 1429 4575 34 345 1357 3014 4065 1327 796 4418 608 1227 461 1618 4458 2436 4827 2499 1610 3366 4458 1500 2775 4141 2272 2303 4274 2935 3115 1113 4031 1129 507 4392 3642 4235 1595 4347 2204 4290 2822 4506 517 1481 2625 2616 309 3770 4252 1213 890 12 4942 2843 854 2087 3837 4125 3055 1441 683 2971 1115 4977 1428 4560 1882 111 1798 920 3952 934 2421 3227 3707 4601 1633 816 1917 1371 1112 4457 3821 1987 3991 458 4472 3252 1100 868 2190 4104 383 4723 4054 3032 2148 4768 1961 639 4810 333 144 1055 3507 2386 661 1292 1830 3379 2241 3305 2494 1665 1640 3751 737 3721 726 3435 589 1788 4922 3556 4523 3102 1933
1726 2816 3219 2782 358 1056 4127 226 1204 889 2434 4046 2389 346 4151 4014 4524 2617 1062 116 3350 4530 3528 4716 1697 873 3610 3076 2222 2097 1467 3384 2667 4067 1258 1841 4769 632 4685 3499 1518 340 1334 2918 3619 2737 2640 3869 3629 825 1735 3418 4204 1212 4660 3462 2213 4638 4550 3185 244 4513 3925 3370 261 3166 1785 3897 157 1527 4142 2460 4023 3758 2416 2748 828 2860 4979 1339 1849 1178 4212 200 3048 3519 4885 3737 3395 4316 4278 573 3574 611 4454 4035 4313 19 4929 1093 2260 2529 4801 3566 2311 2564 2446 4090 660 4824 4763 310 4257 4561 1384 2746 2093 4300 3199 1229 4219 552 3139 2815 2361 1241 1477 1723 2640 259 978 4923 4677 2986 1107 3792 2736 2687 1686 2467 2989 4865 445 4395 1391 836 2444 161 2130 1482 2958 146 1705 4195 951 2367 1883 1254 4598 4745 2044 3949 1611 4901 98 285 4400 4641 2930 1091 2505 3505 909 3672 3793 385 504 1402 729 223 946 2758 2728 4229 4723 1426 3174 2302 3711 423 23 2462 2301 1203 2526 2728 4180 3800 3942 2662
1705 1207 976 776 3735 2061 1320 363 4878 2106 1782 2713 49 2201 3656 3697 2617 461 2334 361 2061 3049 1399 32 2645 922 3395 1981 3715 1569 4895 4901 4381 16 4855 1369 1604 1186 2662 711 1920 4464 3410 2168 1947 1933 1922 3602 3934 4486 262 3317 2771 2873 4130 3552 2003 1108 4754 4225 3424 3608 3699 4596 4929 2553 4197 3074 1694 1337 599 841 3370 4617 4309 1170 1907 70 4138 1406 990 1403 2119 2802 3816 3399 2789 2806 3952 721 4560 2094 1197 3508 3070 1496 4792 1301 4026 1149 4221 373 3153 1736 328 2853 1511 2196 3834 280 3114 3882 1672 1979 821 575 1933 3404 2598 3816 4568 4434 656 1622 4964 1099 185 1828 225 3780 2317 2722 2610 3889 2530 4828 1739 538 4805 4267 184 3458 895 4007 3902 3818 1685 3448 4563 951 929 147 789 1842 641 2072 2019 586 4650 3543 764 1647 3926 302 388 1875 854 2032 4876 4620 3598 2079 1345 4761 1897 888 1231 2150 501 3859 669 3084 681 3205 4647 4694 991 2392 197 119 441 3084 1277 3637 3064 3974 148 807 4385 3446
4708 64 1185 895 3688 271 491 3868 4574 4401 2354 3650 3599 1737 2191 2805 1062 2334 3338 3198 488 2811 4423 558 2105 1901 3852 2013 1141 1114 1397 622 2373 2917 1374 1278 4653 1792 3932 1971 2619 3347 3323 1019 2664 157 2166 566 4576 3543 2489 3876 3006 2565 324 893 4846 2424 3283 1055 1238 3930 2752 4008 136 1927 2733 4742 990 2063 1983 2669 1097 2346 650 1729 1485 1277 979 829 1814 861 1685 919 239 235 1532 3480 3245 4903 154 4297 4014 2000 2185 2576 1798 3886 3541 701 2280 2932 2386 2164 1588 2189 2294 3055 2809 1937 4352 3697 579 1591 1027 247 3620 2772 2236 3621 1553 2312 2829 2799 3379 4556 189 4584 16 2097 3919 2672 586 4426 4716 1730 2437 3937 1668 4496 4184 2884 4921 1238 555 3473 1902 1054 981 1185 3664 4202 1557 3102 1400 1340 1643 4815 1023 2170 2715 4847 3065 2859 4140 2912 428 589 419 4675 1214 1533 2374 3861 3231 2465 1323 2509 1242 4172 1784 4280 2287 2384 3249 4987 2380 60 3471 789 3136 68 4678 524 2963 1948 341 2133 2116 283
1428 147 3071 2005 29 3049 211 2320 2883 2871 475 177 598 3543 4630 4619 116 361 3198 3335 1825 4641 4277 3631 2543 1777 1312 809 2601 1821 2191 2598 2380 4118 2741 2426 2740 1620 1334 1494 1719 2823 3493 14 3203 2641 759 887 860 3349 2607 1735 1353 851 517 3331 475 70 2394 4400 2405 1478 1743 1101 2328 4978 3814 1509 3467 3257 607 1339 3703 2151 1426 2691 1063 1878 1056 3973 1822 1442 2667 246 4891 2422 615 1993 533 4279 4036 1994 3102 1320 2380 2991 3924 2520 264 3615 2462 969 3764 1096 3077 3460 2162 4950 4382 3076 1443 2808 4927 3415 4381 2623 2409 1844 1688 2240 3581 4363 1726 4465 2043 250 3074 333 3119 2949 1430 3294 1966 3861 4162 1881 4073 4982 502 1574 4384 4915 2638 3312 1223 1989 1743 143 1236 3434 3801 4643 3021 3764 2606 4330 3015 4480 972 3937 1369 1653 244 4327 2529 1126 573 1027 1871 4991 2974 4609 619 2653 1745 2320 950 3686 4837 2594 3569 4664 2563 603 4884 2736 4368 1898 3384 3420 2259 1677 1160 750 1306 2395 763 4631 1281 4085
4025 907 1315 1349 1981 761 472 3776 2491 1409 3906 1412 4667 3952 2129 3704 3350 2061 488 1825 1756 1495 811 2824 2292 3403 3448 62 1857 1714 2897 3357 522 4856 2422 3262 1923 2368 1838 3159 1422 4495 2718 2719 3333 1247 1052 4723 3595 4511 811 1356 3996 3518 2493 3746 3014 1478 4390 2963 1591 3825 1016 3505 268 3251 2988 1922 1605 2169 392 3945 4212 4937 2625 1746 2542 4973 2082 1970 781 1150 2607 3682 3478 3425 3573 1907 4685 2531 2893 2162 1158 346 3983 3461 2362 2041 3375 1624 3462 3796 692 3309 613 753 2733 2550 352 3162 3189 1835 2495 4348 3665 3776 4170 1262 1177 851 1879 1785 2024 3157 2432 2149 4106 1504 1105 2070 3010 4268 30 1903 3373 1896 2409 1765 67 2330 3552 2175 1325 4917 326 4236 2740 3817 4131 291 2086 4285 3377 2878 2600 2399 541 4848 821 942 684 4005 3195 3557 2326 2416 3325 243 888 3291 4983 4393 67 297 4790 3016 2427 698 1550 4684 4891 339 1805 3466 43 2359 3369 4318 3155 3277 1224 4289 1402 4176 1230 1032 1711 1924 3413 285
3962 3962 421 244 4346 542 1251 4533 1182 2604 345 334 2982 2158 1079 3132 4530 3049 2811 4641 1495 324 1932 3119 1526 518 2303 1925 3837 1085 4035 1198 1553 2079 3970 2927 353 4713 4311 2645 1731 3650 3964 522 2464 1650 3979 4937 4361 4477 4905 4590 3314 857 4523 365 1034 2915 4937 179 2849 4702 1180 2527 4473 1317 4169 4455 4631 4810 3069 3259 1125 1572 3810 4327 3709 1653 1406 4160 3846 3019 4913 1184 2026 2443 1602 1517 3984 626 4184 4200 3616 4172 4856 71 1423 255 4238 518 4615 2183 4468 706 1336 1394 716 327 1392 3842 939 102 1759 2463 56 1914 2566 4711 2480 3957 4952 1681 2184 1674 2367 2837 533 1658 4763 4768 2715 1571 2824 2406 3046 548 2864 3066 3219 4262 617 4574 4974 3249 2612 728 2678 1160 3863 691 2807 3189 4628 2162 4358 4444 545 2216 2688 4903 3178 1901 4658 3873 2776 2375 3875 3222 792 1861 1424 1393 3402 3484 1093 971 1500 4635 3246 301 1854 2424 3725 4657 2818 175 84 2504 3266 174 543 598 2871 3774 4298 1450 658 4967 1849 498
4226 2995 3793 2670 219 3924 320 832 3717 1923 36 1180 1397 1806 3051 2430 3528 1399 4423 4277 811 1932 3086 3606 2944 1092 1765 1486 1640 1412 4322 1323 1571 1974 2378 1609 1961 3453 3258 1669 4832 3208 2533 3278 608 4972 3516 2689 873 1736 4845 2946 2773 3073 4953 783 2548 4476 3488 1971 4858 3100 817 1340 4025 4317 1115 397 3091 65 4898 4141 1370 3724 405 1544 2787 2397 623 1579 4173 422 4709 2923 1125 4829 1350 1216 3300 2637 3443 3258 1212 4707 4485 2315 2242 4801 719 860 118 4558 1983 3967 1320 507 1699 4541 2273 4393 193 3610 4255 2304 1359 2338 4317 324 1086 4708 2316 4015 4672 4448 3368 4174 1623 3950 2229 469 2244 2940 1934 2734 1345 2669 3394 3305 657 2998 106 3440 4053 3232 3608 3168 2101 4026 3715 550 1976 3411 3179 592 3447 2682 2153 3509 2195 2554 90 1978 4089 1560 3679 3921 3098 2992 3684 1823 1854 607 4437 4878 4724 2047 4972 3517 2075 3785 1944 2542 1351 2020 97 2143 4171 2140 4395 2989 3211 2122 1479 138 485 3739 2021 186 995 3087
1781 2234 4421 3302 3650 1621 3553 4961 1642 2849 593 4094 2813 1651 490 4076 4716 32 558 3631 2824 3119 3606 3534 2168 4960 959 2745 3048 2964 505 3965 2406 4819 908 4790 1861 596 4520 3410 2323 3023 588 1677 4266 2654 1656 4736 819 3109 4349 3910 2953 544 2935 930 1680 407 4026 4190 791 1583 1521 546 4157 3146 4415 2948 4953 256 1729 1803 3266 4820 2952 1341 3489 2500 3397 3344 160 233 1013 1277 3658 4092 1238 2005 602 1192 243 106 1291 1652 1957 2870 2699 3240 2591 3473 4723 3107 4132 348 900 3799 4988 1963 2028 180 119 1706 1798 3723 3382 53 4478 2406 1730 2348 369 93 4446 1682 940 2624 3009 1436 1352 458 4632 1727 1096 2326 4529 2257 4816 2088 4404 1241 3719 2773 4804 1506 1805 1171 2158 4543 2563 3492 440 1778 2155 4559 3893 2976 1449 1090 2089 4138 3067 4640 4849 2960 1916 289 4400 1856 352 1744 4328 1828 247 2552 4485 2879 4586 4174 2672 3510 1239 4695 3418 2348 3518 4256 3005 2840 1295 2591 2112 964 4025 4224 3554 3399 2972 4896 4695 4835
2375 2913 2816 3784 4133 1413 3773 1198 3025 2764 2036 770 2591 2323 2933 3244 1697 2645 2105 2543 2292 1526 2944 2168 2078 3474 2058 2610 3914 2787 4661 2951 4394 2071 3378 3920 3217 312 4691 2980 3804 256 4176 4265 1981 4198 756 696 4372 1613 566 367 1185 3724 1852 1448 1796 800 439 2431 1854 1743 3913 115 311 2682 2755 587 1172 4914 3236 2211 790 1974 2259 764 2425 4243 3502 1460 403 1073 549 4434 562 4727 4418 1368 3174 825 4020 1515 2853 437 1356 3238 152 2103 374 329 111 2861 3513 659 3522 3355 4039 3185 1652 3512 226 517 661 3553 2019 3042 2791 1556 1248 1313 3854 1544 1045 835 2901 2310 148 2953 1058 3804 1444 620 2373 3390 2152 1866 553 4391 4090 2835 1198 1823 1678 3277 29 3119 2114 1889 1604 4028 4301 4503 1635 4879 1509 2155 687 2775 4916 247 4231 542 1770 3068 1158 1334 2681 993 3455 3076 1628 4527 4757 2407 4647 1950 3418 1367 4860 4472 4243 712 3774 2101 2297 1460 4280 1073 2736 4492 3205 834 4149 2349 520 2517 1109 67 1019 3672
1621 4252 474 4134 1902 2806 3451 120 479 673 3039 4242 1768 2767 3741 1589 873 922 1901 1777 3403 518 1092 4960 3474 4645 2295 3669 433 733 1047 4937 3149 3963 4501 1328 3437 4566 4922 2202 755 4205 159 2385 324 4526 4382 2145 3964 1330 2717 4767 3156 4425 1927 4216 4077 2476 2131 2799 3392 1855 2000 4099 3605 3401 2806 398 2652 1612 3365 2458 2979 4854 4118 926 2853 3906 2150 1781 1487 119 4545 4680 4587 1260 4983 4843 2623 3494 2059 3031 4739 3116 2002 3267 1422 2561 2365 3345 578 1042 4491 2533 4228 4627 1961 1320 4791 2282 3360 1146 4658 2667 2600 3442 4734 4670 3969 3235 1751 3522 119 684 293 16 2301 439 2913 822 535 2110 4367 3412 4927 1479 3598 4608 991 1917 534 4510 2685 4391 2124 3366 3028 4396 3408 4673 3677 3197 2526 2266 543 93 3571 1524 3355 2466 2884 1307 883 3697 3105 1556 714 3249 3998 4773 2440 3720 1116 2135 3288 1505 1315 1598 2864 1771 1752 137 125 2825 4507 3868 3186 2960 2558 3724 179 3257 3984 3477 1105 4523 2199 2284 1812 1861
3677 4548 3791 4815 4566 1634 4580 4253 1762 2359 1331 4046 4412 2410 4000 562 3610 3395 3852 1312 3448 2303 1765 959 2058 2295 1299 619 1271 2343 910 4339 392 2991 4530 503 557 2491 892 3874 2000 3959 4174 2270 4682 1377 4990 756 3504 2093 3218 4937 3059 4418 1430 2490 3101 2387 4952 2457 812 494 1685 925 29 4170 876 2394 2189 940 3072 2957 1980 1917 191 652 163 3726 1699 1408 1295 2723 573 1369 3994 3466 280 1785 2061 4386 2183 1878 2316 1224 2487 2444 1548 2510 4324 3404 332 2721 4607 529 3662 3965 3377 129 4882 4808 3920 3676 2597 4890 4599 1955 3817 4304 4749 1536 4830 4561 1823 339 2268 301 3526 4631 4236 173 1771 1182 2071 530 4210 3003 481 3223 1901 2879 1866 2370 1857 4001 2771 1835 4669 4348 4400 1026 2127 3739 4973 4219 2033 2541 2534 1518 3189 928 2821 4619 4055 3299 2285 3568 3975 1488 506 1077 4389 2376 1487 2545 3472 2022 829 4981 1492 4569 4332 3428 694 4944 4272 3178 2697 3277 2733 900 200 738 2395 2807 4563 2025 4115 1563 3914 3209
131 41 652 1763 3837 3931 83 469 2529 3054 4863 2042 3350 551 3980 3499 3076 1981 2013 809 62 1925 1486 2745 2610 3669 619 2036 4692 4083 2353 1626 1197 4498 1162 4232 2104 2638 1427 3015 2106 943 3911 385 2241 4132 50 1598 3817 1360 1151 4325 3889 1653 3949 2485 174 986 3565 3098 3373 2743 4785 4803 4015 237 3161 2492 1180 1711 3577 4484 244 3684 525 2277 1947 3326 4920 3393 4478 865 1073 3356 1179 2788 4979 2667 2445 507 3641 4149 3356 2338 498 3233 2123 2041 720 3604 1109 3073 4131 4324 836 4652 218 1327 4272 3446 3245 2007 2265 3159 547 3633 858 1218 355 4496 958 2460 1299 245 1148 4223 1528 4127 3675 1879 2704 2441 496 2317 1880 60 667 2354 3917 1847 493 3630 690 1139 3417 2936 4784 387 358 4014 1888 3049 4125 2688 2730 3841 2673 1167 516 597 3543 1421 4119 2034 1272 1412 217 442 3345 312 2615 1811 2716 1236 2046 2800 4289 4612 2666 4483 4660 370 3216 1548 2574 2577 1839 2032 4352 3745 4206 3632 3585 925 2158 2190 3780 798 674 1326
4300 592 3592 4838 2483 4537 4809 3762 2881 2754 1222 3955 501 1716 2708 1031 2222 3715 1141 2601 1857 3837 1640 3048 3914 433 1271 4692 2520 3206 3572 3521 4881 768 3265 1910 3214 535 3999 2029 4142 1039 2947 4118 345 2270 777 3837 3972 3704 4522 3123 2588 3548 708 3453 1609 1058 2443 1676 4721 3150 68 2385 1841 2188 3630 2244 2704 534 802 857 3303 2711 27 1408 3234 2161 1644 1201 2054 4173 3598 1375 1722 1871 1390 4656 4928 4076 277 447 1980 1864 3981 390 4194 4163 4396 4713 4940 4678 2117 1493 2032 4149 2204 3950 2593 1108 3415 1175 739 1739 4371 2191 3635 1172 4752 4269 3788 649 3955 2478 4717 3321 4416 1146 89 1187 2984 4731 4350 3674 4111 260 1577 185 108 4489 412 4183 4422 2512 558 4381 1033 2527 1194 2859 917 3805 1536 3788 4185 4770 1019 2974 4904 2883 1450 565 2292 3234 2538 2051 1372 2603 1038 2665 3613 255 3493 3198 1639 2021 3183 2918 3975 3576 4999 3140 1386 3339 1289 3760 222 2583 1103 4814 3477 2186 2870 4310 1207 1575 2177 2625 3743 1270
3930 860 1130 1238 1063 89 3725 167 4217 1119 3530 2356 4640 3963 2195 4204 2097 1569 1114 1821 1714 1085 1412 2964 2787 733 2343 4083 3206 1094 847 2727 1801 569 3598 1447 2662 4675 4734 1842 3585 446 1424 3617 3908 2536 2636 2133 871 3462 1482 4694 3256 760 1422 2985 1209 4724 2371 2993 1345 3535 1918 3113 3841 4159 862 58 1820 3045 3140 3174 175 1061 1082 3941 293 1342 510 2220 4563 1873 2360 1421 1533 2647 3612 1424 1382 1627 2263 1991 3656 3722 835 4466 3320 4535 1863 3449 152 2574 500 1497 1485 1175 2732 3950 251 2542 2302 1674 1636 1715 4859 387 4808 2820 3520 2024 932 4168 3169 720 3651 2051 518 2748 4412 2787 4318 1068 3026 1600 4468 3901 4684 3518 3448 1861 1967 4263 2297 3348 3435 694 2524 3067 4268 4917 1706 4679 81 4853 3153 422 4407 4051 4520 1641 103 1244 142 1771 2782 4559 1950 419 2947 3802 906 2272 1544 866 3371 888 190 230 2033 794 4636 3117 2052 4738 2023 434 1748 1192 3050 4419 1357 3757 1783 1411 1377 486 3132 2217 4771 3719
4667 4786 1195 3509 4455 347 1861 1388 3870 552 354 264 2879 2092 4232 1520 1467 4895 1397 2191 2897 4035 4322 505 4661 1047 910 2353 3572 847 1832 4494 1286 3590 3241 1119 3868 1839 3284 4366 402 563 4201 1790 4276 3391 1235 1224 4867 3773 1936 3583 2111 3161 2309 298 829 3934 3618 2105 2604 906 2629 913 3375 2995 1807 919 2128 360 2785 3047 446 2332 1749 232 1390 2148 3393 3307 43 2295 2951 1684 1733 2529 645 1360 2174 2766 4337 4682 327 1009 1977 3043 2565 3903 702 419 2517 3261 3937 2676 3824 2786 3847 4240 1034 1980 2771 2069 1030 440 238 2354 2841 3320 3238 1940 2091 3748 1343 2472 1985 1822 1261 1211 1087 467 4104 4417 2289 4851 624 4383 731 1964 2306 1936 4181 1282 4022 1276 4134 1449 3139 1872 4017 711 2280 3146 1182 2992 1634 1885 560 4997 833 1880 2442 3252 3658 2668 359 4114 1218 444 1930 1028 2068 12 1480 3042 4682 3908 1838 4131 3317 2465 1242 1676 4137 1870 999 1577 3849 2603 1825 726 2100 2970 3184 1840 4206 3301 4556 2409 3459 2271
824 3078 3683 151 2478 2057 2200 839 1099 3992 1513 538 235 1003 2661 379 3384 4901 622 2598 3357 1198 1323 3965 2951 4937 4339 1626 3521 2727 4494 1351 3997 1621 4900 1734 3230 836 4893 4962 2174 1558 602 3342 143 3854 1532 3079 3723 409 2750 3602 3135 3940 2651 4020 3394 3572 2252 3080 2259 4450 4295 3134 2125 2541 181 4209 3748 3817 1496 2771 4881 2920 3711 2089 3136 3065 1010 3809 3941 907 2882 4022 4070 3116 3373 4035 4219 1853 3248 4479 1171 803 1140 2566 3270 3361 4004 1781 196 13 1535 1594 3984 3058 3026 3419 4220 437 1830 4234 4317 141 1738 4897 598 4359 839 2134 1943 4417 805 4213 1574 4189 1439 4850 2235 1119 4429 2487 4636 416 4946 4173 1897 237 2568 4522 1694 2403 1793 1615 4696 551 3186 3838 4589 4182 769 1574 3843 3171 3688 3186 1371 2349 3866 1669 2791 4703 3913 1933 3094 2410 3082 4383 4407 3856 184 574 765 1894 1091 1008 1986 4080 2944 4544 2862 4889 2161 1496 437 2223 2335 3365 1801 4907 2460 1307 1091 4938 2309 116 4512 1653 4647 307
2959 1887 75 3844 4325 1260 171 4164 2144 4024 1762 1220 4608 4105 4763 1089 2667 4381 2373 2380 522 1553 1571 2406 4394 3149 392 1197 4881 1801 1286 3997 873 2651 3740 2213 729 3994 4947 2889 4861 1321 3331 1930 2808 3112 4685 3205 4155 3029 1892 4663 938 416 1384 3901 702 3438 1889 4857 4349 4085 741 2981 2531 4256 1942 3515 4691 3931 2458 699 2105 4697 2408 2211 4635 2347 4256 4426 456 3372 2305 4203 4137 2792 3571 4679 4462 3324 896 3441 2272 2531 3839 846 4816 1717 4219 1883 128 4019 4266 4696 752 3917 1468 4914 4279 1416 4056 4796 1317 4154 4198 1376 1579 4568 1634 1915 3665 1970 571 1427 724 1355 2279 1747 541 2267 1687 392 4371 1479 4677 62 917 1982 3743 319 2112 2964 3787 2881 1799 1649 3503 2006 4574 3473 3377 278 2382 4909 3788 848 4013 1678 3022 2407 4357 1189 1872 791 1972 1519 3129 363 1475 3291 1126 4818 4757 3739 2909 2310 4440 2119 1566 109 982 3188 4496 4765 4758 4083 1318 4160 3671 4573 3695 2395 4933 2474 3999 3034 1221 2208 3654 807
1140 973 1244 1160 4238 4422 4316 1414 730 450 438 3817 2550 3188 2879 2061 4067 16 2917 4118 4856 2079 1974 4819 2071 3963 2991 4498 768 569 3590 1621 2651 4713 617 2739 3728 1537 4338 2526 1523 4460 4670 4634 2331 1664 2686 3089 3381 3564 1691 3696 107 4865 4489 4652 1657 1710 601 2926 1008 4224 3669 841 711 329 2321 1781 3166 4855 2492 660 1294 1840 1588 1904 1710 740 1598 4436 2722 4927 4956 3032 2167 1241 851 4315 4749 517 3419 589 1385 4740 1203 55 4930 1384 4308 520 4210 3038 3731 686 3165 2074 2146 1402 990 2364 3707 1929 290 2749 3987 3850 1444 2600 1463 3067 3313 4920 4487 507 3138 2145 2887 4678 3881 4484 4775 4063 4029 3912 797 1222 1691 3823 2853 396 4560 4442 3041 3911 3027 723 1142 4613 1937 1869 1787 4832 439 1496 79 936 2751 3024 1664 260 4729 4947 3094 106 1896 195 413 3273 3496 696 1306 1555 4686 1628 3361 4695 2971 671 1238 811 3501 2866 422 2979 3979 1712 2160 4396 1353 1802 4816 2278 910 2285 1552 1415 1732 2225 4278 1289
4753 3968 163 2190 943 3403 1104 427 4506 2906 2897 2197 2644 1486 4130 3007 1258 4855 1374 2741 2422 3970 2378 908 3378 4501 4530 1162 3265 3598 3241 4900 3740 617 3659 1683 4800 4677 2509 2603 1774 4225 657 2069 1791 2696 116 271 332 2672 3131 3903 827 4566 3552 993 2748 2667 1761 679 2261 604 3084 3715 3626 4428 393 3117 3218 2332 4593 2469 32 4365 784 2883 4518 624 2419 3623 2651 1849 510 420 2639 1644 1057 2413 2043 49 1851 3082 670 3465 49 1738 1665 1207 3803 708 2451 1136 1252 3257 2846 4881 2690 2130 3155 1006 1095 4369 2632 868 2163 983 937 4084 1552 1754 3827 2091 3981 1171 748 2353 1261 1344 3374 1144 2846 3352 2461 1846 1791 95 1013 4830 1605 3256 983 710 4171 1599 4049 1944 991 2624 4671 3087 3221 617 3144 558 3177 2081 3727 202 3096 2641 2003 4458 3845 3989 2692 3685 4539 3634 3124 3309 4492 37 2305 2208 3812 434 1260 413 2576 3783 617 2065 1267 4370 2023 1555 2709 4058 2294 4362 1314 2363 3934 2741 3139 2142 4075 977 2685 98
2141 2004 2282 1054 3983 3171 2231 1269 1318 1562 270 4359 4209 3721 4160 3877 1841 1369 1278 2426 3262 2927 1609 4790 3920 1328 503 4232 1910 1447 1119 1734 2213 2739 1683 2275 121 1590 4970 3134 807 2082 2688 3879 1918 1732 3811 2437 611 249 829 4366 4031 1065 4287 87 2569 2434 927 4335 3650 79 3379 570 686 244 325 1206 4992 3517 2255 381 25 153 193 63 2286 4070 501 3701 4244 4634 3023 2673 268 4624 2893 2568 4193 4076 2002 2213 3874 4809 2048 131 4607 3759 2974 1406 4774 3276 3225 3341 2906 4243 3756 2938 2224 2259 510 1239 1266 4611 3835 629 518 1236 568 2606 3202 4855 1510 1903 3589 2348 853 4441 3471 2913 3631 45 3519 323 888 3004 4117 3580 4755 2956 4050 726 3998 4862 3214 3688 943 3352 2844 1153 3910 4144 3970 4154 919 1948 2890 266 4311 4799 4742 1430 4407 4609 4059 3315 997 59 4056 4062 4475 4488 710 1347 2069 2462 3200 2901 2052 4819 3768 4473 3514 3957 1207 2963 395 3399 3371 2804 2557 2525 38 1919 4818 664 322 4150 3132 1168
1334 4259 4608 4887 3797 815 4097 500 1408 4599 3726 4917 934 560 3706 171 4769 1604 4653 2740 1923 353 1961 1861 3217 3437 557 2104 3214 2662 3868 3230 729 3728 4800 121 2728 2358 1247 3592 2593 4601 4130 2724 639 175 752 4494 55 3725 4998 3101 3646 4071 909 2581 245 3403 2825 4565 2288 699 3142 1102 4605 4450 415 3730 2374 499 3725 4839 561 499 1143 3295 2065 2757 1566 4192 3562 410 1246 271 1015 2715 567 2409 3013 4666 1889 3320 4108 3370 681 4168 222 2127 2246 3506 3511 3265 1910 387 994 74 2288 3435 2395 1660 2602 615 739 1626 4325 4860 646 2235 2387 1928 2788 1310 2975 4160 2213 3402 1414 1438 4776 468 2942 695 2082 4783 2622 3144 1127 4621 1136 1214 171 2357 3697 1917 4275 1258 4713 3778 4073 221 4556 3812 1674 1821 3433 4605 1391 4055 3512 2636 4183 452 4739 4378 4346 4138 712 657 3475 2922 1653 518 4807 3424 1785 2522 1015 1821 2341 4008 1998 4172 2063 2345 4424 1790 1508 575 3163 2962 662 4381 2553 1670 4034 4705 188 3387 29 444
4324 3814 685 2294 1244 3319 454 3032 2875 947 3966 4139 2213 3085 930 1546 632 1186 1792 1620 2368 4713 3453 596 312 4566 2491 2638 535 4675 1839 836 3994 1537 4677 1590 2358 4544 52 499 3056 4297 3619 4618 371 2134 2509 2702 1012 1793 653 781 4964 45 1657 4702 593 948 4936 1992 2593 4771 1372 1890 226 627 41 1830 4347 3036 21 1243 3952 4479 4561 2739 4455 951 245 919 2214 3760 4966 4276 858 2248 2318 2608 56 4388 4040 2821 2328 3076 1139 4213 545 662 3305 2056 4382 2311 1977 329 1520 1493 34 392 1828 1608 2628 2693 4921 3609 846 4486 833 3998 3414 2455 3229 500 3919 4505 2783 2147 491 1788 968 4265 3937 1930 2782 1263 2505 2257 1647 4210 4263 2362 491 1702 14 2501 4783 2011 4135 1021 2869 3251 1544 1552 624 2423 2758 2160 2381 1801 3326 1912 2661 1900 4792 3912 2946 4423 3275 3406 4863 2954 2683 2475 2801 2345 679 4783 824 1998 2078 2595 4820 138 4954 3328 3221 2870 4933 843 4354 1709 2980 4462 473 4761 1481 1757 4011 3529 4617 4878
4115 4230 3397 4590 4319 3926 236 1607 1146 4230 4785 137 3069 3611 2148 4899 4685 2662 3932 1334 1838 4311 3258 4520 4691 4922 892 1427 3999 4734 3284 4893 4947 4338 2509 4970 1247 52 2295 1205 4172 1834 670 2626 3023 601 4212 325 4954 703 777 961 1433 3744 2122 1741 2007 761 4209 91 1184 1968 548 3665 2337 4187 1294 4167 3909 2910 390 3724 4770 1059 4903 4845 1211 562 2585 1850 4026 3222 601 4415 519 3888 3826 4195 4307 18 1076 68 1146 3227 718 4302 968 4297 3523 3070 211 618 4160 1099 2714 3514 4845 2462 944 101 4878 1152 3727 1688 1453 3082 1463 988 1870 3518 752 4073 4597 220 2845 2666 436 784 4226 4310 3932 1898 2153 3958 3926 2896 2781 728 3928 24 4976 2715 835 4372 1367 2541 2398 2483 2137 3626 2512 2036 1543 4818 1133 2141 1450 2333 3489 743 828 3392 4266 3829 4212 560 3434 4486 498 3302 4672 1514 4026 1111 4760 3493 3526 4295 3936 4997 527 4325 1919 3525 1548 3987 3677 479 4510 1096 284 4895 1547 3472 3886 1219 3385 4461 3859 2771
3605 4792 3473 4080 853 65 2049 1299 2170 2256 2996 4702 382 4796 1408 2570 3499 711 1971 1494 3159 2645 1669 3410 2980 2202 3874 3015 2029 1842 4366 4962 2889 2526 2603 3134 3592 499 1205 2264 1270 2009 3432 1045 820 2536 3909 2418 1403 3764 4752 4324 3763 1502 3019 4820 1527 2056 438 650 3089 3413 2805 2311 1863 1069 2186 2807 866 414 699 2814 1689 4170 1793 1052 1293 3813 616 2298 4479 1107 3544 108 4505 2307 3741 293 3965 1001 3047 1231 2982 4612 4502 1991 2458 1113 4472 635 866 4786 3512 3137 2763 11 4187 4392 2530 4659 1655 1323 3318 263 778 4714 4490 2044 3691 3722 3778 2358 1595 896 4289 2154 2507 315 4951 4861 2389 2015 2224 214 1747 4322 1218 1442 2962 1985 659 402 3162 1531 2522 4752 2538 3905 4039 1904 2780 4634 3667 3330 359 3238 65 772 4477 4054 3729 1937 787 3688 3409 2056 1020 4977 3155 3498 1529 552 18 4308 3439 1288 592 4899 4940 1708 4538 491 753 4976 526 1277 4547 1360 2779 1570 3962 2793 58 1261 1424 3156 36 4710 3337 4832
