N: 200
M: 40
Symmetric: true
Triangle: false
4 66 63 192 183
5 15 156 95 136 133
5 49 155 172 12 129
3 34 109 93
3 79 37 147
6 117 145 114 86 74 87
7 21 185 104 92 160 29 127
5 169 18 107 89 84
3 48 191 140
4 72 97 190 144
7 138 1 52 171 170 124 71
4 194 195 175 64
3 94 101 130
4 116 14 187 57
5 149 47 159 33 50
9 4 142 174 96 3 111 177 173 182
3 100 46 43
2 7 176
7 80 165 168 119 110 22 146
6 62 150 186 26 99 54
6 28 123 25 73 81 27
6 58 90 91 126 105 188
5 85 38 13 139 198
6 39 118 53 154 153 137
10 178 35 167 82 181 88 141 162 9 193
3 125 41 17
3 135 199 6
8 65 122 120 36 77 61 24 32
5 59 152 44 19 20
5 83 75 158 197 189
7 30 106 16 76 23 161 151
3 112 69 131
5 70 60 40 67 179
4 196 134 51 5
4 132 108 128 45
4 163 121 31 2
9 143 42 68 103 148 184 78 166 113
5 8 98 157 56 10
4 164 115 11 200
3 180 102 55
2517 3690 725 3755 106 2802 545 1951 2188 4989 1396 2933 263 543 3294 3959 3965 959 4823 2136 1973 2479 3616 4357 1868 2510 1754 2887 4718 824 420 783 3756 4226 3853 4284 4374 2458 2161 2286 1125 2841 389 3661 3290 2583 4300 3602 3086 4657 205 2708 4909 2023 4184 1208 4398 2392 3856 709 2493 830 1682 2245 1828 4250 2604 4402 1239 234 3398 3630 3654 1385 364 3935 1151 4714 20 4398 1999 3730 3649 1659 3348 2843 4500 753 275 4067 463 1377 3810 3530 3822 2518 1987 2242 2920 2914 2585 4447 3974 1994 2365 4654 619 1290 250 90 1503 2496 1269 1855 1081 2554 3310 992 3816 2125 1032 838 444 3439 121 4573 2885 3064 4140 438 1892 2962 3974 1251 210 4714 1638 3670 4582 1837 4010 2297 3356 919 656 4376 4199 2886 1415 4439 1532 1626 1702 3692 2739 1293 3387 1435 4514 2222 1994 2397 3259 972 2555 4564 4240 3562 2587 2018 3552 1188 1099 4845 834 1237 3399 473 2835 1940 3529 2779 1978 2890 4688 4530 4950 4569 3222 2273 2803 1262 1702 1327 2542 2392 3551 4734 2327 4041
3690 4565 4971 1446 2778 1823 3327 939 2932 244 2722 2229 1497 240 3106 2796 4934 999 3097 2666 1625 4240 2024 4601 154 4538 4180 4526 2159 2547 608 888 4151 933 2276 2229 3097 291 4279 2438 1017 2467 1784 1855 1810 2076 451 4103 2020 1866 441 4315 2215 2194 4791 1060 3265 1695 1881 4126 2318 2184 4840 3905 421 3736 4035 3010 349 2983 2366 1543 4332 2534 2171 4033 3204 3424 294 4291 4175 1212 4383 2725 2295 1021 1314 3882 1409 960 1219 2179 2330 3170 4136 4854 2200 1242 1431 3864 4783 4055 3723 558 1321 2257 483 661 870 3636 2434 339 1441 950 1921 4218 4817 1723 4773 2610 3049 1921 4452 602 2218 2277 4587 4934 956 3941 3881 2666 2798 604 2756 201 3283 4367 711 4290 725 1955 3902 3119 1752 4426 3167 4757 3519 2841 24 1693 4272 4240 3492 4338 2884 2683 4998 4977 3785 4702 3504 2197 3404 4713 2660 4761 4462 1717 3072 3013 511 4134 2038 1396 2506 4623 1719 3304 2976 1936 2898 884 4050 1487 4978 3261 633 163 3035 376 1853 2088 4454 3500 2339 220 1811 2285
725 4971 3198 560 1498 640 1036 2263 1260 4130 520 1069 1834 4069 4418 1552 888 1852 2238 500 1275 1065 3643 631 1066 589 3216 2174 1079 1649 3527 260 1105 4747 4437 967 4191 4308 4236 2265 2951 2545 168 763 1589 2304 2984 66 4991 678 4912 4044 482 2559 1429 793 234 4107 2875 3582 3221 39 925 4316 4607 551 1963 2182 1023 4489 2245 660 1205 1195 1949 3523 1236 4287 2643 771 749 4481 1848 4171 3852 3594 4038 3121 1861 1991 2060 3851 3440 956 4446 1065 1687 3563 4011 17 184 2688 376 498 4528 4955 3001 2917 2083 2783 1978 2285 3453 1188 1497 3695 1415 872 4578 4245 4836 1444 1867 991 1220 1143 4286 300 4497 1639 3901 4336 3209 4518 2694 1483 1387 1086 3452 2646 2063 2432 3943 161 1209 4090 1726 3591 1534 2436 4153 215 3939 1594 4704 4752 2646 716 598 3955 4372 2707 1894 2969 2153 1741 3379 1163 3474 4661 1119 4167 2602 4123 3406 2743 3775 2794 3329 2812 2879 4209 4043 1908 3794 4980 417 3058 2287 1782 3339 2082 4290 4542 4089 1493 1015 1561 2481 3496
3755 1446 560 3776 4856 4374 2419 1852 1221 3843 3943 3894 700 270 2746 2433 3548 4119 39 1103 768 1438 2596 1158 4547 4343 3067 1872 2438 2376 3529 2350 841 722 2904 4286 1677 4709 303 1926 657 3734 1620 2922 611 3379 4184 3639 4360 2178 4966 1177 2008 2740 3611 3894 3038 1503 955 2218 977 2522 1273 4989 577 223 3111 641 401 4714 349 2030 2138 1192 1279 477 2662 2968 3313 681 4986 2435 18 1118 1068 4648 4317 2049 1060 2092 3207 2025 4087 1871 4019 2142 3883 2139 4694 1349 3240 2404 1865 2471 3595 34 2726 309 1877 2452 3389 1076 835 3222 4198 3332 4583 1591 2036 503 1919 2085 542 2475 167 2276 1833 1189 4823 3380 276 4112 4665 4351 3012 4399 853 4555 1462 2450 3165 994 202 996 3546 187 881 170 2920 2146 3746 307 4051 4285 1090 359 3851 4922 3375 4495 2488 4436 3939 3520 1713 1155 3098 3316 4242 4319 810 1017 2267 4257 2189 3396 4847 3091 995 3733 4412 4251 2290 347 2597 4014 2128 3731 2210 3153 3371 4176 1938 50 4016 2640 1062 3709 4193 3509
106 2778 1498 4856 4777 4065 1618 3320 574 75 2499 4427 3498 2364 225 1969 1650 654 3609 350 2968 1098 3797 4974 3327 3889 2405 999 4028 2706 519 1004 311 1042 4050 3324 126 2087 2768 971 4268 1123 4136 1890 3444 1234 3489 4173 1450 3689 4136 3286 3974 3877 4450 3850 4561 2378 2268 2362 523 1914 2971 1005 3936 4076 278 1852 4403 1539 2793 4605 378 3935 2220 4851 3561 3043 3911 3847 4510 3197 4713 4586 4592 406 3659 1878 4545 2534 2440 2045 3506 4524 3614 1700 141 2024 1296 4874 244 2697 1592 3032 2055 4716 1414 997 1557 1985 1466 3941 1722 3444 2810 2761 661 1097 3950 339 818 1482 4580 3216 2353 4025 2472 4666 2312 3205 4517 1822 820 4491 4642 1095 2472 944 640 1349 4662 1901 3935 1161 915 727 3038 4575 2720 445 2938 2310 24 4062 3072 4630 178 3731 85 3819 4986 3624 49 933 1551 287 4338 3634 4928 2604 3520 1062 4344 2808 2906 890 4979 1148 3296 2244 2644 3941 4553 4893 3485 965 2599 1234 4352 813 4620 3073 3530 2550 730 3499 109 4830 2971 2927
2802 1823 640 4374 4065 4496 4310 3208 4847 4326 4024 428 4880 4346 635 4814 4599 339 2439 1287 3754 429 1799 3824 3697 3911 2439 430 2386 670 4966 4459 1044 4789 737 489 871 311 1775 1025 3785 2169 3489 1476 144 3484 1058 89 3774 316 2028 3503 3057 4651 4097 4850 1074 53 3179 2929 2352 1920 1757 2775 1671 1545 1516 3143 4279 2269 1627 732 2057 2985 1673 4407 3177 1688 3103 3144 4473 385 1755 1474 3824 717 2485 2558 4689 4441 855 11 4859 3856 4074 3213 619 4639 2308 4755 3630 890 4661 659 1502 3886 2872 2222 2720 4608 2892 3184 4787 2145 3735 2421 1804 676 1875 4018 2848 2669 1240 1992 2426 4266 1065 4592 4465 1076 281 4647 2522 974 2699 4661 831 2551 640 3942 640 862 2985 1412 4102 3834 4894 3729 1568 3547 2575 1592 237 4365 1283 2318 3236 4835 4290 3135 3901 2640 2913 409 3553 2680 4886 1118 3352 2179 3966 241 1150 2850 474 3405 1518 2528 1630 3991 720 4884 1777 4017 4163 707 1446 4661 1031 2179 22 273 2336 4523 3210 2984 4311 2771 2878 59
545 3327 1036 2419 1618 4310 768 1475 473 556 4855 1777 3159 3482 854 4896 3194 3339 4804 1100 614 3519 797 3165 1855 984 672 3219 2135 1505 598 1786 657 2600 1005 1374 4657 2947 4597 2069 4549 2875 3506 4679 4034 3957 2025 1940 1022 2826 3704 1624 3653 907 3152 197 3105 3651 663 2459 3264 4025 2319 4561 4012 1908 4759 3434 4101 3284 2012 290 767 1549 4720 54 178 2062 970 4239 2069 699 4395 163 4578 36 4843 4672 4720 4083 1318 4256 4221 181 2823 622 687 2433 4491 182 1513 130 951 3833 1833 74 1842 1653 4772 944 2632 2350 3497 482 2407 4467 3219 1510 437 1619 1248 1249 2069 2340 4105 2694 3521 464 4318 3595 2341 2236 3410 3621 2245 1500 4921 3024 2683 4881 4169 1622 4201 3841 523 4482 2597 3659 1240 429 706 124 506 3421 1169 1363 3666 2915 2261 70 3531 1315 2759 1986 474 459 1830 1097 2222 1510 971 1127 1087 1927 2154 1178 1886 4257 1411 378 3164 2757 4462 3238 1540 1276 404 161 2475 3455 1784 2222 3123 3138 4023 2862 4690 2581 4187 3056
1951 939 2263 1852 3320 3208 1475 2940 4765 879 1840 1006 4230 909 68 3446 350 4688 4722 4496 484 1098 4238 4357 928 4413 217 1314 3676 4903 231 483 2651 2134 524 264 1727 1945 2648 1193 1263 2387 915 4055 1295 3315 2313 2866 1452 4985 2830 1067 319 1585 2967 4459 1830 2785 4732 3404 4585 2565 1046 4639 4746 726 4927 3561 4442 508 2501 3961 3737 1638 104 2263 3087 2236 3130 3122 3595 3944 2533 382 2288 390 3684 3467 1509 3027 2868 4782 1109 3127 2358 3053 796 3179 2675 3326 1018 3571 4994 1424 1775 2978 2032 386 189 369 415 1564 3285 712 3073 2840 2785 303 4261 4747 4505 4462 4752 1898 1204 3437 3247 4423 2930 4932 3817 3580 4778 1506 3320 2536 3935 1849 277 1341 2796 906 2041 4273 2370 817 2693 2237 952 4135 3859 2575 2970 3862 76 3601 3164 4766 2787 2689 3414 1374 2943 1267 3563 2663 4579 2815 4820 3126 1805 1300 4862 4238 2471 3493 2704 3320 3773 1833 3381 1726 2415 642 826 631 20 934 3740 3964 2305 2674 983 2439 3925 3563 1889 1640 2008 2589
2188 2932 1260 1221 574 4847 473 4765 2910 3705 1532 2242 982 3532 4609 698 4946 3961 173 4806 1460 830 2039 1873 870 3248 806 2040 3858 1622 2365 4256 2372 1395 449 1123 1023 1683 2894 4794 3760 2800 1512 942 3601 2492 2993 3082 3945 4030 1158 2731 4504 1812 2958 4715 2042 2797 1885 306 4737 3534 3254 3370 2703 3480 1348 101 4617 2361 4568 579 1847 3416 3024 2619 2994 3494 1371 3093 2257 2784 4493 3706 2948 1600 460 739 715 3897 34 1937 2542 4337 1956 4233 3217 1167 1558 4938 34 4558 3238 3561 4668 2508 1324 289 164 1369 1925 1014 913 1514 1412 3060 4691 2004 4096 1874 3222 3977 1794 632 2119 3261 633 1182 2888 3436 32 2665 89 4933 3325 2512 3490 977 121 250 1827 1188 1034 4529 4176 2976 176 4726 3767 3980 3341 2020 2977 1112 2245 951 4293 1883 3679 1785 3288 2872 533 3940 4129 4373 483 1504 4187 553 58 3983 1658 1191 1106 3988 3577 3586 3117 1482 3862 2905 4701 3033 2446 3146 2889 3826 693 4106 73 716 237 548 1682 2955 3407 1550 4850 1721
4989 244 4130 3843 75 4326 556 879 3705 1990 1257 1032 108 3396 980 4663 2672 3976 2308 3905 3225 944 1274 1590 4376 2348 947 2285 3001 1493 3113 998 1597 2030 788 3071 119 2970 4241 421 611 2701 1791 886 2402 1256 3652 2016 4074 2243 1729 1242 51 4942 4213 1008 2251 3814 846 2637 954 1879 287 3553 227 4381 4077 1520 3890 27 2559 3799 4951 4807 445 4685 108 3619 1323 3641 1898 1206 3983 259 507 3119 2779 3047 409 2083 3747 4334 132 3192 1006 1329 4149 1841 4574 3548 3873 4991 3085 69 555 4868 2147 2716 2654 1699 933 3260 3806 748 4461 1411 3695 1574 4577 2332 4562 1116 3694 2661 3347 4368 835 3410 1006 38 2645 2901 4033 4537 2703 616 1880 2909 1390 3566 3662 1842 1705 3027 2262 2049 2610 3379 4349 2837 1873 301 3901 3326 2629 4069 4305 1182 905 813 1199 4620 3935 684 1918 1089 4239 1311 769 1924 1737 111 3868 503 2107 1703 396 2886 3499 2086 3884 3516 4301 3358 3139 4865 1497 4854 2514 1928 2428 4848 2637 3607 4971 3492 156 2350 4062 721
1396 2722 520 3943 2499 4024 4855 1840 1532 1257 1449 3458 4165 1051 1705 1508 3529 912 2156 15 3831 4838 4053 723 4747 2339 490 3992 3815 3393 733 3356 4024 2122 4508 3725 4022 3097 2913 431 2862 2576 1376 1620 209 1619 286 2424 4257 4776 2985 2101 4217 3379 2594 2323 3185 788 739 4872 520 4235 914 1778 1235 2554 1724 1155 1172 2200 2140 4897 2850 3177 4069 4040 599 1235 4477 4521 4340 4045 4884 1598 3012 2962 2029 2522 3170 729 4356 4082 2078 1475 2377 132 4153 4117 770 3455 4857 3141 4322 2948 1511 4893 3692 3557 1400 3291 4425 4989 1218 3685 1495 3606 610 187 1284 1922 2869 794 2261 4985 3056 4719 3881 1338 2217 905 3841 2852 4335 807 4962 2516 1629 435 2125 1324 4454 4234 2758 4826 4988 2459 2296 2494 1227 122 3374 2209 4449 2205 3988 3496 4077 3056 1403 3549 3847 700 1344 4806 1333 3640 1655 1285 2418 4181 48 4262 3506 4470 364 445 4722 917 4653 2335 4338 953 4059 1956 4147 4431 1831 39 1176 2165 1863 472 4758 1578 1753 4374 1865 4322 4580 1341
2933 2229 1069 3894 4427 428 1777 1006 2242 1032 3458 1631 2548 720 4990 3337 3209 3764 4508 3835 4034 1303 4452 4596 1706 4065 3643 4011 2399 2071 3679 1843 2188 2751 1136 2287 2749 1300 3644 2186 3475 364 2247 1396 1128 59 2369 4770 668 2324 1917 587 702 4484 2251 4663 1861 3475 2521 4859 613 1565 4263 4317 862 4878 3833 1434 4483 759 3581 1781 1520 960 4961 1613 1062 4074 1104 3816 2200 404 4855 64 3407 4363 342 4377 343 296 418 1478 4819 1471 2944 4705 4664 1915 1120 3172 2221 3730 282 211 4551 3040 3115 1238 4145 4731 1441 1469 4513 576 4626 1575 3902 3000 4103 3797 1400 1561 3025 3679 4333 2678 2280 1489 2894 158 3535 3769 2635 4958 1419 3191 345 2743 3680 442 2965 2141 467 1368 1490 1124 872 488 1052 3381 2574 4184 2587 1008 2329 2134 1114 603 1652 2826 1512 3530 3370 2090 490 4111 836 1330 2544 2348 1617 4412 4005 1775 3158 453 838 1858 1462 3527 1453 2194 4130 3443 653 66 2466 873 1782 3053 4314 2355 2175 3167 4205 3474 3966 3145 4273 2291
263 1497 1834 700 3498 4880 3159 4230 982 108 4165 2548 2540 2294 2315 4408 4685 343 4191 1230 3622 1223 3025 1106 4613 3537 3038 4797 4605 983 78 2719 616 3025 2268 1916 3416 3120 3273 3741 1438 1766 4926 4580 1390 1010 2374 4160 3719 367 979 2613 1010 2046 193 2091 3316 4725 4134 3662 4906 2548 976 2865 4386 1244 2389 2615 966 3407 4652 3666 4440 1785 3194 3166 547 3553 1625 300 524 3041 2631 1248 3877 212 1361 3075 310 3936 761 1266 3827 171 4531 3610 2303 4439 408 192 3466 2645 1843 4652 241 4420 1801 1520 4582 1283 2178 451 853 3778 1534 3880 4185 2129 2127 1838 641 1444 3200 3413 4688 2788 3428 3597 3179 3080 4144 4252 4348 679 742 3543 591 1171 426 2679 4485 1034 897 2461 1888 4630 4632 1995 2952 2611 725 1274 1279 4135 385 4450 885 2585 217 730 510 881 2424 4139 3657 1480 805 3766 3325 3494 1933 4320 3675 933 1710 447 3694 504 3071 2248 4226 2243 112 2811 3187 2296 326 1490 1699 1238 2371 4198 3053 2992 3092 4796 2464 4324 3699 508
543 240 4069 270 2364 4346 3482 909 3532 3396 1051 720 2294 3392 121 4393 767 1009 2758 4259 154 4230 3193 1565 137 3614 935 1638 2255 4149 819 4070 2595 4107 2946 4137 4239 552 1890 2230 4524 4400 3285 3090 3791 2544 824 3277 3264 4409 4406 1948 971 3018 655 1825 317 2873 3953 4111 638 1448 3252 1891 3514 225 3028 4703 4784 2249 4391 3911 3423 3871 868 447 4236 341 3318 2894 3965 1793 2943 3346 3156 3011 2960 3030 2299 1359 256 2289 1425 4383 3155 3340 3419 4919 4861 3170 486 1086 4783 455 4355 33 2451 1123 2903 421 3900 1552 267 4643 3342 3631 2139 847 4945 675 2190 1587 1728 279 1182 4334 3837 3917 4439 2874 3665 1491 3209 3127 3764 4152 1675 2520 504 807 3728 1480 2708 3736 419 3416 1247 4016 4918 880 4019 2124 3600 3412 4786 521 2836 2293 3902 652 170 4756 4916 51 75 1994 2376 92 2600 1205 915 908 3891 1183 146 356 1116 4621 4808 3080 2077 4552 135 3622 445 3902 2988 3023 4573 3178 986 232 771 4681 1475 332 3565 1563 4348 3226
3294 3106 4418 2746 225 635 854 68 4609 980 1705 4990 2315 121 1531 2401 4091 2460 3629 3492 961 2247 3143 2246 575 1151 1971 3789 4347 1812 1433 3165 1112 2714 3651 1131 4765 1145 2683 4524 2274 4540 4824 2260 1718 411 3147 82 1586 3413 4055 1628 2629 3946 1248 2714 1297 2906 1741 4993 1225 1888 4415 32 2583 3444 3213 3746 2540 1014 2617 2550 366 3943 416 271 4123 85 4621 2565 3866 1037 849 4561 2896 2918 3003 433 912 1719 4371 2410 2525 2990 1109 716 2005 3334 1214 2748 4999 525 1450 2175 876 2640 1291 439 1447 1788 1867 3712 1870 849 978 2465 4158 1641 1075 207 661 1304 3234 1325 3828 4206 4368 3950 4433 3032 4171 4342 1069 771 861 1342 1904 1379 3097 3359 3937 2820 3657 3180 1595 3440 548 4291 124 1734 2884 1732 2529 1742 3053 3382 3410 4185 2457 1787 4624 4725 1813 3996 1537 2982 2193 3327 4335 136 2422 1307 524 684 1103 1003 242 1080 2390 2782 778 1649 3161 3302 1803 3168 1701 4349 3988 3203 4169 435 314 2257 3523 4324 4016 3333 381 617
3959 2796 1552 2433 1969 4814 4896 3446 698 4663 1508 3337 4408 4393 2401 1175 4649 2781 1777 3376 3087 4292 995 3318 4230 4560 2437 786 307 288 695 4963 3414 1056 1887 1691 4203 3973 968 4566 4033 1583 3721 3228 2597 2905 1417 1379 80 429 91 341 297 2152 1591 4561 681 3040 500 4102 1492 1112 1871 1969 2262 3893 1602 3007 3828 3405 375 4355 4102 2607 1363 1666 4729 3068 655 3985 354 522 4548 4775 4756 594 947 3092 280 3442 2466 3182 3476 4834 4750 1907 187 3978 2020 412 884 1054 99 1903 4892 163 281 4926 3409 4797 1794 983 1484 3791 3759 1740 2700 764 3624 4173 226 2750 3717 3994 3927 4191 977 3533 1489 3358 444 3646 4095 315 1238 426 1629 3707 1896 3779 571 4204 2562 3308 3147 4568 4486 4778 29 2052 1729 2569 3096 3401 2094 3137 3447 1386 3036 2098 342 3255 1872 3702 4854 1036 602 740 2231 3536 1133 1786 4741 4339 772 1734 24 4225 4655 4698 503 1162 1968 1086 4215 3757 4188 1687 3895 1933 2870 1196 1694 1234 1853 1568 42 97 2354 1230
3965 4934 888 3548 1650 4599 3194 350 4946 2672 3529 3209 4685 767 4091 4649 4567 2194 2843 737 4441 4339 1926 4632 895 3305 840 2266 4638 2092 4654 2500 4817 2715 4087 660 2268 4757 4394 3599 4155 1239 4902 495 1120 4350 1330 2037 315 3424 3625 3739 2111 4204 888 2338 4862 4414 3832 4591 4510 1265 1710 2226 3676 4309 3986 861 4664 3770 1120 3668 2108 4176 1913 4213 2371 4605 3792 1518 3080 3117 4777 4022 2906 4773 3425 795 2127 1263 4532 2148 2066 2121 2443 4307 973 4030 3566 4101 1712 733 3128 3948 4113 2594 4800 453 2226 3406 1246 1715 4890 4136 4706 4571 2320 4999 3349 4256 330 2705 3886 1961 1734 4047 1075 4931 2570 266 832 332 1281 1206 4411 3419 3742 2838 3470 652 320 2160 3787 2087 481 2142 1717 377 2183 4428 628 4950 4560 371 784 2578 2842 2684 316 1960 1801 3768 2271 4456 4091 69 876 436 1682 1422 307 557 621 2890 296 1562 4032 3313 1152 3137 3113 2875 4203 1113 4784 3468 3512 2583 784 4723 2665 2610 457 2653 2022 1020 3070 460 1206 2387
959 999 1852 4119 654 339 3339 4688 3961 3976 912 3764 343 1009 2460 2781 2194 3118 3352 3332 4376 3857 4545 3838 3917 149 3114 4180 3101 1230 4236 4714 2762 2531 802 4204 2710 3333 399 341 1274 735 174 2358 1846 499 474 4556 142 2481 1606 3941 3517 2630 3498 32 1377 2897 2612 2450 4120 1544 4948 4789 2670 445 3029 2712 4533 1647 3297 4384 2165 4853 2352 3257 523 4721 1585 4027 4621 170 3217 1943 4293 1302 832 4181 918 3250 2672 3035 4115 4356 101 1654 1592 1411 1488 1395 1779 390 853 4603 3679 1138 4995 3154 1074 922 4203 1447 4656 3202 550 863 1273 2843 1364 58 3140 2864 4396 4758 930 3314 4460 2714 686 2977 4295 4545 4455 2922 1035 1122 2215 2034 917 4301 4473 3681 2742 3097 3312 2389 1183 91 1884 3969 332 3095 2890 3111 3052 136 3420 2484 1670 86 723 1295 1188 1052 2197 3936 903 2109 1727 3005 4448 3208 4933 4939 3793 3461 2246 542 3675 2727 46 766 889 1042 3557 2774 4997 2532 381 4025 2752 2727 2656 4357 1145 3755 869 4799 3925 1966
4823 3097 2238 39 3609 2439 4804 4722 173 2308 2156 4508 4191 2758 3629 1777 2843 3352 4047 675 4480 1615 4473 1923 1724 374 2058 185 398 3661 1481 4888 2988 1330 341 3249 3119 2450 1389 3937 4406 326 4983 3302 1073 1042 1709 4498 3370 4318 1005 1089 1780 2864 25 3421 4085 3601 819 4012 609 2094 3001 954 2134 1013 4578 4108 1153 4903 1281 3936 1350 3341 534 681 4935 499 2874 4586 3027 640 2257 633 3463 4690 2627 3027 3823 2686 4481 4999 208 2609 2392 147 4369 3414 1879 285 3473 2260 1159 3774 4662 3412 1313 2565 1780 3280 2386 1274 2109 1932 4101 231 933 368 1967 4136 2685 630 740 2988 4852 134 2203 4132 3106 4283 3320 3081 3735 3160 3900 4132 4548 4662 1019 1073 323 3585 1535 4860 2258 1822 35 1564 3465 321 89 864 1808 2000 4373 1797 960 2815 3721 1940 1797 264 407 4902 1314 2147 2375 1881 292 4923 4753 1980 24 2137 2909 1364 2412 1863 2158 3470 383 3642 4502 4312 842 1736 1287 4873 3468 2378 4067 478 4428 1545 3110 1817 3635 149 4025 1083
2136 2666 500 1103 350 1287 1100 4496 4806 3905 15 3835 1230 4259 3492 3376 737 3332 675 226 1974 1858 3031 2745 1402 1436 63 4307 2559 1251 2357 366 4337 4686 751 734 2150 4806 4151 4192 3608 456 1250 2853 3375 4014 220 2765 4473 3279 3688 2224 3092 2526 369 348 4068 3037 4139 4041 994 975 907 3327 3293 2766 4908 1560 2765 4791 4280 3875 2200 3334 1271 1808 4770 2760 3664 4984 3499 531 1393 747 424 292 4114 842 728 2928 3922 1804 3872 4431 3539 507 2389 317 1430 3072 1310 4680 314 4774 202 1991 1571 2876 359 304 951 637 4816 884 93 2710 2057 440 2713 3952 2628 2804 4736 1517 1832 1706 241 3888 963 127 2447 4913 3008 1993 168 3239 2671 800 2103 3965 625 3199 2197 1137 1214 98 1930 2296 1571 4669 3074 2308 706 3902 2333 4811 979 1016 2706 2239 3594 2842 3935 3861 3759 2169 1591 3044 4895 763 390 3499 3931 3726 3248 4892 26 4347 2212 4861 3819 2702 595 4667 2027 665 1693 1232 4153 4705 2269 4881 1753 3672 3074 2789 482 1691 4694 2313
1973 1625 1275 768 2968 3754 614 484 1460 3225 3831 4034 3622 154 961 3087 4441 4376 4480 1974 4174 105 4572 2634 1036 4545 3600 1273 3574 4546 3526 615 797 1182 536 4984 997 974 1193 942 428 1754 1371 2644 1303 3846 3636 3912 1836 973 1542 2482 1118 25 4516 1591 3470 218 2397 3365 3634 814 4127 3752 4507 4806 4623 3785 1005 1534 3936 665 853 368 1512 3887 596 2026 1011 3409 2682 4431 3888 4102 4078 3255 2548 2308 570 3425 2661 3818 1732 1776 242 4676 1191 3627 2298 112 4677 4570 3578 4643 2338 2657 2357 1150 2603 2445 537 1178 4138 505 1943 4781 1087 1189 1502 1381 4684 1380 4238 3055 3350 4250 2837 2810 2291 2062 1355 2401 768 4082 4318 1905 3707 2101 2988 4247 4146 4137 2757 1664 4653 4768 1878 2727 4548 4277 3373 3782 2349 2129 2101 919 3309 3432 4553 1721 4051 2919 4181 3550 30 1658 1439 1220 712 1260 2311 3383 1828 3193 34 2924 293 41 484 3149 4795 4384 3932 2191 93 898 1310 2615 1668 853 1781 1158 4373 794 4261 1900 1766 1483 536 20
2479 4240 1065 1438 1098 429 3519 1098 830 944 4838 1303 1223 4230 2247 4292 4339 3857 1615 1858 105 3513 910 4088 1044 3225 4884 2206 4908 3575 440 3647 4755 3480 4882 3743 2868 280 900 4827 4073 2631 4635 3841 3590 2019 3934 2433 397 13 1247 4000 3585 2435 4993 1164 2690 3647 4221 3058 2130 3114 1475 1754 855 2415 2945 2948 791 1272 2759 1407 2304 1007 2762 1132 3246 2177 4457 4516 1882 679 620 1353 101 1454 1794 67 3314 785 3259 3786 2099 850 1350 4814 2631 4144 4448 2229 3450 3289 1096 1998 1651 2481 450 1555 2971 253 2410 2537 3724 1280 77 1064 4038 719 1077 4204 3203 2527 3812 1375 3267 1643 3974 3045 1982 1187 2282 1618 3301 3130 1694 1504 2860 2815 2302 2113 1586 2555 1579 1064 3963 3777 3981 4801 1050 3276 3216 4656 3298 2813 539 1029 2925 2425 641 1760 3941 195 1782 4666 2055 3677 4718 24 3930 1336 1165 770 442 2615 2850 1504 605 287 4093 185 3551 2768 2620 4323 2295 3049 2652 3114 3636 3381 2276 1059 1732 3869 1791 3653 3865 4039 4147 1821
3616 2024 3643 2596 3797 1799 797 4238 2039 1274 4053 4452 3025 3193 3143 995 1926 4545 4473 3031 4572 910 1502 3805 2382 3281 4825 3227 722 2407 61 2947 3301 3928 4052 429 1107 901 3018 3027 1221 1199 4769 4686 4362 4684 4728 25 3482 518 1165 164 1635 2480 4432 2412 1013 2552 1508 2810 1257 818 1501 650 2510 3325 973 288 4784 4163 4608 4471 1031 1864 3352 4918 414 4480 4196 182 1657 363 2086 1208 22 3232 4763 2640 4610 1850 4539 1717 1158 4263 4591 1339 3801 2645 4380 1195 1270 3558 2188 1676 1594 470 2569 2019 988 875 3509 4619 3203 1985 3626 1675 1837 802 4014 120 2771 701 3532 3891 4230 923 3427 4497 3226 1749 1850 4015 750 1702 3672 4804 810 3284 3899 83 2360 297 1430 2166 515 2956 155 3839 2555 378 942 4716 1300 4246 4148 4465 1543 4677 101 2945 2451 1421 216 414 2964 648 2930 387 1476 798 4197 3822 109 4505 747 135 1107 4334 3430 4800 3834 2197 4272 154 804 3359 783 3222 4003 4273 4689 732 4746 3718 1615 3111 245 2485 611 2744
4357 4601 631 1158 4974 3824 3165 4357 1873 1590 723 4596 1106 1565 2246 3318 4632 3838 1923 2745 2634 4088 3805 925 2683 2546 2381 3519 2297 2895 1791 3806 1515 3781 3724 4801 154 1856 1699 313 4850 2120 414 2419 4971 4019 903 2189 3225 1959 3184 2775 1895 1992 4233 916 2305 4425 4058 1554 1517 4057 3329 1002 2016 2102 136 4262 4684 819 4063 446 3052 4214 168 118 2491 1187 2172 3616 1908 4177 3810 1473 2402 2060 3458 2370 4234 328 443 4269 301 4701 301 2839 2248 4572 1326 1637 2558 272 383 111 404 4296 3793 4921 727 191 3902 855 82 1226 55 715 4557 4877 304 2982 4459 1950 3317 2881 671 3718 693 4338 1899 2679 3111 175 3804 3714 2167 4182 1970 4383 3670 1085 2241 2677 3756 4624 837 2887 58 4172 3061 1536 318 1406 3368 553 2599 771 1888 3638 4681 4182 2293 1340 4916 2044 2081 2790 67 2871 4609 3811 1240 1634 1733 1426 3904 1274 1504 378 3682 3425 2959 161 580 3170 945 4610 3343 3119 1237 3592 1280 244 4824 4182 4914 1764 210 664 4820 1080
1868 154 1066 4547 3327 3697 1855 928 870 4376 4747 1706 4613 137 575 4230 895 3917 1724 1402 1036 1044 2382 2683 2907 3236 1349 2063 2946 2019 2883 2245 3691 1519 3317 3329 3271 1695 1899 3741 3946 2424 1727 2695 2451 4982 2075 825 4429 4275 385 3400 1816 251 3108 4655 2913 1563 1145 1776 3961 4717 2247 2199 4916 4280 647 650 2917 3236 557 71 1844 1300 3666 1005 3730 1038 985 4650 1664 971 3431 1134 1500 4494 1468 2921 3339 3941 134 326 4133 1108 1359 3134 2618 3328 339 4674 3731 2667 4281 1802 1020 2548 78 3758 1182 4852 686 2430 2822 840 343 4218 1361 468 3689 4157 3106 4542 3297 69 1116 463 747 4094 429 4701 3416 721 1064 3217 737 3242 1386 3219 1295 185 498 571 3354 4012 3856 2893 4221 66 4635 4407 4514 184 728 1668 1205 4527 1896 1340 373 83 1837 4400 2310 4144 173 3575 4963 4738 4861 2387 4175 3878 476 4205 4183 2278 1619 3699 3802 981 4036 3417 2436 1414 2762 2678 3640 3197 3512 1352 3336 4870 1533 1004 877 346 2110 4351 958 2008
2510 4538 589 4343 3889 3911 984 4413 3248 2348 2339 4065 3537 3614 1151 4560 3305 149 374 1436 4545 3225 3281 2546 3236 769 4577 4303 2684 1151 3836 2419 3610 3727 1837 1850 4230 1625 2430 3094 1763 1207 635 3895 2286 322 3260 3814 1204 3232 2081 2444 3950 4604 4485 4839 1728 4951 3472 1573 3069 348 2980 4220 4105 4175 3986 3505 3310 2397 4897 4976 4794 3668 1663 710 393 3865 1210 771 3461 4716 1026 302 372 3496 3437 1843 3842 1682 863 2658 1780 3785 1141 952 414 2161 2018 3106 2503 798 4622 2141 4753 815 4482 1612 3383 4743 3581 2937 3097 1343 2086 1748 1632 925 3518 1395 986 4381 2116 2772 484 1495 1362 2043 4927 721 797 2798 746 3311 1750 2551 3243 2628 4032 84 101 3939 1716 1851 2624 548 708 4225 524 4656 3880 237 922 1357 2156 2457 3617 2902 2178 618 2914 2600 4504 2723 1316 1519 1728 434 689 1878 1390 3103 2698 1344 1513 1732 848 2085 3233 2457 326 1988 2930 2555 870 2825 845 1124 479 4351 1053 1276 1327 603 3168 227 1700 600 1048 4258
1754 4180 3216 3067 2405 2439 672 217 806 947 490 3643 3038 935 1971 2437 840 3114 2058 63 3600 4884 4825 2381 1349 4577 2708 473 3526 3283 4399 251 939 4904 220 4945 4075 3877 4860 838 3464 3287 3522 2178 4708 3803 1332 2635 1103 565 1331 2537 175 4033 1237 291 3341 720 4846 4672 1004 1906 1652 3552 4057 3864 2217 797 1562 2531 1534 3990 3599 4077 3543 4454 3633 1141 2369 2757 677 4654 1893 1400 2620 176 1471 990 1037 1230 87 995 4809 349 3913 2639 4170 303 2397 623 4803 3680 3559 2040 613 1723 3516 3789 2612 1278 2337 1814 4443 3875 3017 1485 4866 3013 1097 3665 3388 3360 727 1790 4683 142 2679 3268 3390 4419 3601 419 3377 3215 251 2362 2733 3488 4262 2078 387 940 2859 556 4925 251 2724 2693 872 259 4502 3127 3071 2699 204 4514 4790 2935 3159 516 2885 1399 2595 2221 3138 2740 4770 2054 632 3869 4038 3233 1838 1584 3993 838 2588 2361 3691 1641 3357 2400 1086 2626 974 835 2161 4201 4556 4126 2857 4142 753 191 2401 3174 4436 583 3843 4711
2887 4526 2174 1872 999 430 3219 1314 2040 2285 3992 4011 4797 1638 3789 786 2266 4180 185 4307 1273 2206 3227 3519 2063 4303 473 1342 3349 1522 4359 3087 3581 3792 1116 3585 4255 2884 2089 4547 2268 738 3679 4298 3181 3339 2274 2628 810 1775 4835 727 118 3594 3409 798 602 4095 3344 1600 621 3379 2489 857 586 4076 1205 2357 165 1149 397 1905 4075 838 3145 1541 2899 14 1219 510 998 2258 4385 3639 3084 952 1886 2815 2755 1221 2218 1087 2906 2457 92 1928 598 3055 3691 4861 624 1491 3650 2471 462 4981 1840 1243 2138 4727 464 1809 3556 1588 1744 81 1212 1544 2380 4462 4449 3708 2107 2905 1031 3174 3982 2731 1341 1260 1986 4142 3548 2655 4850 3857 1965 2626 4989 1848 4224 3000 483 1416 4707 3672 206 4223 455 1367 4873 1929 4170 3920 1070 1272 3098 4825 2244 3177 3698 149 580 4711 1030 2724 75 3800 463 1174 795 1158 2955 4644 4259 2270 4310 2269 110 1517 2614 1938 3286 1936 3583 4943 4852 294 4897 4439 915 1187 4383 2652 4411 3202 2484 2041 4569 4169
4718 2159 1079 2438 4028 2386 2135 3676 3858 3001 3815 2399 4605 2255 4347 307 4638 3101 398 2559 3574 4908 722 2297 2946 2684 3526 3349 434 2266 697 4718 316 1210 3025 4046 3264 4707 4018 2620 1664 734 1605 1668 1383 2889 1084 510 413 2038 3293 2511 1928 2698 3847 3941 152 666 3827 2902 3010 2052 1943 2912 834 1285 495 707 1880 3122 2025 3635 578 1558 2757 2669 1645 4807 2413 579 754 129 4735 867 679 4418 193 2800 321 170 709 4394 900 4209 2114 556 3495 756 4467 3814 481 3758 1512 3840 1228 1348 2754 3152 3625 4951 1900 4138 612 1317 1454 2683 3728 3408 2272 4850 425 3929 3233 2208 4333 4750 345 1757 2175 1786 4023 2140 1941 3959 276 4017 2639 415 4591 1030 3179 822 2472 4250 917 132 3152 635 3412 1078 4333 3214 3663 3823 1224 3347 4777 1912 4205 3172 3615 2319 1934 4100 1465 4163 2306 3663 2338 132 3633 1666 3980 4519 239 3265 1181 2717 3466 1511 1712 1346 2994 4173 1009 4650 444 3608 1079 1822 302 1614 1328 1772 4909 3987 341 3374 3050 826
824 2547 1649 2376 2706 670 1505 4903 1622 1493 3393 2071 983 4149 1812 288 2092 1230 3661 1251 4546 3575 2407 2895 2019 1151 3283 1522 2266 1376 1171 285 1037 3415 4316 3326 1113 980 1463 1757 1422 727 384 2604 4361 4987 499 4927 2114 1019 4278 4206 1547 2228 2825 933 4966 1323 4613 1489 4761 2372 1342 2836 1489 1929 4137 4481 2547 112 2384 1328 3339 2669 3264 4784 2227 214 1878 4459 250 671 423 2201 877 4327 2660 3838 2877 1841 3065 4936 3554 1840 649 386 662 4211 453 552 2379 4437 4382 2198 1498 3802 1127 1671 4469 4977 2097 3701 408 4851 4851 1824 3385 3307 1106 3460 2489 2446 3191 3915 1611 4022 3825 3516 2324 4605 822 3299 3840 2119 4757 1712 1040 600 1073 3510 2700 4478 3480 108 3227 2155 4576 4617 3632 1649 2370 3296 4622 2332 3491 1301 371 1084 1880 1686 2660 1855 4196 2600 1736 20 3811 1302 3511 121 650 1950 43 1023 1274 4194 212 579 4511 55 1626 4393 874 703 89 1826 3720 3693 3945 4422 1015 2839 1440 686 4023 3890 3989 1977 1175 3127
420 608 3527 3529 519 4966 598 231 2365 3113 733 3679 78 819 1433 695 4654 4236 1481 2357 3526 440 61 1791 2883 3836 4399 4359 697 1171 3681 2420 3590 4532 3166 226 3070 1209 4534 4498 1601 3771 3860 223 3877 4742 24 1947 1629 3007 2941 1644 692 4094 3097 757 1723 4608 2257 2112 796 4025 3445 244 1627 2278 141 2776 4461 4487 916 3946 4661 3548 4631 2501 85 3053 240 4095 4342 1002 2137 2404 3408 1267 3763 1478 3797 1921 2514 3284 3712 474 2145 2486 76 2330 1190 1523 71 3410 4907 1913 918 519 3159 2042 317 4426 3261 1110 2039 2008 388 207 1295 3006 2590 1713 4224 2751 4412 770 426 2219 2406 4475 1286 221 2159 490 2070 116 3213 1291 4776 4934 1502 4371 287 3810 491 2927 1511 1128 4151 2858 1153 4526 636 1699 886 269 4850 1245 2470 2055 3989 578 3684 3914 552 3681 4729 1197 2122 2138 4507 4340 4489 3235 1522 2295 1515 2605 1050 1987 1011 3812 3952 3106 3902 4516 875 3274 3286 1257 1947 4728 2338 3765 968 3093 3831 3643 3838 432 3089 1916
783 888 260 2350 1004 4459 1786 483 4256 998 3356 1843 2719 4070 3165 4963 2500 4714 4888 366 615 3647 2947 3806 2245 2419 251 3087 4718 285 2420 390 1511 2716 2319 35 2406 1128 2112 490 1490 4320 4634 514 1271 3373 1035 2565 3735 3535 2181 851 172 2015 920 522 4120 327 1394 4317 2910 4184 3742 1957 1489 4493 1576 2434 2056 2325 981 1762 4163 3493 2285 911 3040 4802 4571 3795 2831 3945 3240 4507 2956 3215 3470 731 2917 2566 4318 1114 2466 3191 1994 399 4838 906 4929 4403 1908 4865 3092 1612 4097 2694 4053 104 3111 645 164 4671 783 3091 1875 3079 3386 3454 3876 3076 1423 4295 2037 2447 1817 3215 4686 3883 3482 4835 1064 2729 1645 1685 594 2907 3045 4820 4794 1218 53 1521 2461 4659 4011 1912 4926 234 488 1133 2154 2507 1529 1462 2766 1827 2957 4739 2498 2529 1971 1820 1325 3119 4427 2605 2130 3445 613 3722 4400 2446 1177 954 2889 2148 3009 1611 3000 3898 4485 312 169 281 2918 4488 4760 245 76 2225 4814 2802 4277 2166 4607 1918 3140 2001 1060 442
3756 4151 1105 841 311 1044 657 2651 2372 1597 4024 2188 616 2595 1112 3414 4817 2762 2988 4337 797 4755 3301 1515 3691 3610 939 3581 316 1037 3590 1511 967 2087 1047 4177 1481 3758 1659 4245 2650 1572 811 577 1935 2262 4072 207 3120 388 1204 455 3610 256 91 494 3557 2777 1654 4518 4995 4917 4278 3530 838 3271 4099 2594 698 2442 4438 3089 2978 1778 1049 3166 1136 2587 3938 1200 2263 2186 2991 1954 4350 2318 1068 454 3905 4756 3071 1341 4730 3480 2625 1557 4227 2875 533 4315 1151 1788 4944 593 1630 1329 3617 2977 1841 1486 425 29 4611 3932 17 2660 3249 4594 4949 584 3038 2279 4721 4096 3223 3323 4511 3505 4136 885 199 434 77 2276 1671 4706 561 3283 2628 1355 3057 3834 2616 2543 2062 690 2493 3055 2108 3674 4028 2009 1433 3181 4571 1624 3073 4919 4304 2210 971 4363 3938 2869 937 4838 1559 57 3828 396 1300 1523 4529 1795 4253 3948 3548 311 2989 3961 4519 4741 2018 4589 3679 3381 4625 2680 2472 2229 3015 1393 3904 2076 3247 28 4691 1930 3545 2121
4226 933 4747 722 1042 4789 2600 2134 1395 2030 2122 2751 3025 4107 2714 1056 2715 2531 1330 4686 1182 3480 3928 3781 1519 3727 4904 3792 1210 3415 4532 2716 2087 796 4855 3212 4352 189 1861 2804 3627 3876 669 2423 422 1171 1873 3161 2978 3924 40 2797 142 683 1303 4537 4713 4581 2720 1556 3896 1383 1586 1373 2352 1878 3389 1798 3643 1603 3711 834 4253 1941 1938 3311 1955 3991 97 553 1954 2348 1190 4026 612 3675 637 3583 1235 4463 239 3529 3081 1192 4599 1580 2320 971 1657 4163 2850 772 276 4496 4951 944 2927 880 4468 3411 4620 2171 2570 1514 4970 3908 1330 905 4321 3805 467 4684 3608 1374 4878 1532 4288 4223 335 1088 2069 2815 1066 1562 172 3892 4976 3306 3199 668 2932 2973 1862 2219 4685 1859 3383 3777 2008 1927 2929 3862 1355 2997 336 4991 4815 911 1114 505 2566 3058 4392 4838 4064 3795 3201 1612 2355 1137 2082 1640 4419 4618 604 461 774 2579 3442 1563 1957 925 1611 2597 3992 718 952 1737 157 407 120 4016 2662 3565 233 4456 2186 1077 564 4234
3853 2276 4437 2904 4050 737 1005 524 449 788 4508 1136 2268 2946 3651 1887 4087 802 341 751 536 4882 4052 3724 3317 1837 220 1116 3025 4316 3166 2319 1047 4855 1989 28 982 3366 2481 2586 2688 4771 1318 2776 1955 1216 3792 3311 4559 4077 3506 565 4272 4077 4452 4411 1740 387 43 2191 3404 1976 2440 3938 3826 2033 632 3495 194 2225 2800 3578 1236 3218 147 1878 3937 3530 1149 956 2480 514 1308 3568 4587 51 4522 1946 1224 2053 1068 3153 1295 3163 780 3427 3798 784 4601 1490 221 29 4295 1822 3685 251 3026 2620 1044 1864 209 3148 640 4506 1803 366 3634 3840 3197 854 2042 2663 3343 2975 4721 3714 3277 4003 3594 1613 4725 1450 1510 1923 4078 4830 2248 672 168 3201 1827 3937 2265 2422 3616 762 1129 1300 2083 4312 2124 3975 3472 4317 584 4592 2250 3458 2463 582 3352 1494 292 4547 341 4365 286 486 707 983 4734 618 1350 116 4798 4471 4281 3449 196 3575 1633 1182 4314 3793 3871 4317 2985 3769 521 1845 693 2816 236 3997 4165 1891 2385 4178 4058 3006
4284 2229 967 4286 3324 489 1374 264 1123 3071 3725 2287 1916 4137 1131 1691 660 4204 3249 734 4984 3743 429 4801 3329 1850 4945 3585 4046 3326 226 35 4177 3212 28 1179 1349 4468 4880 2286 3081 749 1718 4765 3386 3178 4209 3688 259 2754 958 4597 940 3015 4975 585 3076 4315 951 2927 1044 4420 3695 4814 1542 270 607 1455 4048 4451 4376 3390 2067 4967 4527 2930 524 3466 726 1317 4328 824 2535 4888 3672 335 1305 2436 4319 4670 1483 622 3412 1730 4094 2096 3452 3267 3075 2517 3608 74 4504 4983 2366 4662 3319 4409 2782 858 3622 4396 59 95 4368 530 4396 631 3702 313 3427 4997 1323 1587 2557 439 4076 1561 4846 3196 3960 114 2035 2113 1594 210 4386 754 959 436 1768 2809 2518 2002 1830 1557 2446 4702 4239 1338 4523 1667 4982 1001 2575 1360 3997 918 3277 3280 4414 3753 4128 1627 208 4768 4469 1710 1467 3078 3137 3036 4242 350 147 85 4340 614 4664 986 3624 4875 4505 1315 1269 4725 1790 4373 1534 4554 2435 4335 4490 2725 2846 4460 3227 2250 4870 2962
4374 3097 4191 1677 126 871 4657 1727 1023 119 4022 2749 3416 4239 4765 4203 2268 2710 3119 2150 997 2868 1107 154 3271 4230 4075 4255 3264 1113 3070 2406 1481 4352 982 1349 2926 4795 2343 4131 3791 527 4962 2864 3619 192 407 1087 3957 478 3865 2721 544 578 4977 1244 2379 4331 1104 3199 3489 2059 3320 2156 4699 1378 2492 2955 4637 2398 4051 2215 441 2798 2023 3534 779 959 4336 3610 1284 3188 4029 49 4583 259 973 3937 3276 49 32 3492 2476 4002 2888 3178 277 2835 3660 373 2944 739 2082 1579 656 1133 133 2374 185 3520 3234 882 700 48 735 4714 4869 3098 840 2384 3632 3964 1163 739 4455 2713 1283 1143 626 1328 239 3845 756 372 2176 1372 2520 2569 955 1282 1690 2685 2611 873 3776 2195 3987 530 2769 52 4478 4158 2571 2376 1915 4090 4968 2930 4079 67 658 3387 3903 1768 4654 790 2958 2525 4026 3390 3317 1744 3157 4747 1845 4351 214 4411 152 430 4066 2152 2400 207 2100 490 3350 953 2321 504 688 3505 3387 4365 73 4787 4211 4332 3225 3187
2458 291 4308 4709 2087 311 2947 1945 1683 2970 3097 1300 3120 552 1145 3973 4757 3333 2450 4806 974 280 901 1856 1695 1625 3877 2884 4707 980 1209 1128 3758 189 3366 4468 4795 3595 4961 3480 3755 2838 1712 1013 2245 2812 4567 3067 2764 4095 3779 1387 1653 1414 3999 1710 4850 2703 4774 2477 1866 1429 4725 765 3420 169 4853 4603 4050 4122 2488 1737 973 2787 1986 2624 240 2624 3174 3735 2966 3546 3374 852 3628 1054 4663 2293 4880 4660 893 4947 659 3600 851 3956 4625 2284 791 1613 2066 400 4876 2192 1252 3196 4538 4171 119 4675 4058 1680 3510 4122 614 4068 2181 2058 467 3927 3694 3359 4311 3613 1608 3438 145 1801 3203 2366 3371 2251 1100 1597 383 2806 1560 1144 3263 438 2617 1182 1024 4167 3851 74 3963 3623 2998 3185 1740 2045 1724 2168 1884 3799 1642 1875 3918 1061 1324 1356 2005 1731 1419 1787 2974 1933 1585 246 3707 3522 811 2764 3749 2163 3908 3000 2296 2445 4382 2332 1192 4508 2134 2015 744 3718 1052 28 2926 4770 3395 2998 3392 284 883 4756 728 3634
2161 4279 4236 303 2768 1775 4597 2648 2894 4241 2913 3644 3273 1890 2683 968 4394 399 1389 4151 1193 900 3018 1699 1899 2430 4860 2089 4018 1463 4534 2112 1659 1861 2481 4880 2343 4961 2342 3661 3451 4657 4155 4422 3978 4900 274 2354 313 3404 2581 922 4039 2357 2873 2797 4625 3392 3590 2410 673 2888 998 4161 3890 2909 4833 4225 2341 3438 4365 3025 523 4547 1713 1926 266 2767 3717 181 85 2351 2101 2576 3227 2236 1941 1893 2544 2868 2191 4793 1831 4019 4882 4350 478 4275 2369 4435 2846 3705 3441 2191 3884 21 2896 1653 3726 414 2873 272 718 605 3884 1569 3048 4566 2152 4786 150 2937 2391 473 3154 1157 1266 2179 4525 1972 4513 915 1163 3019 3303 3266 1444 1502 4984 4168 751 4058 4844 3429 1236 3445 2212 998 2279 4140 4604 2051 4216 3079 1231 1982 3885 4137 1151 354 244 4831 2829 3479 11 332 3540 3368 4617 3385 1935 3553 1858 4611 31 321 4909 1853 3214 2722 2701 4842 965 881 2535 4663 596 1341 789 2960 3218 3774 220 4824 1283 2557 2468 4370 686 2910
2286 2438 2265 1926 971 1025 2069 1193 4794 421 431 2186 3741 2230 4524 4566 3599 341 3937 4192 942 4827 3027 313 3741 3094 838 4547 2620 1757 4498 490 4245 2804 2586 2286 4131 3480 3661 4300 752 382 1702 996 1446 2224 3276 669 2192 2253 2197 4682 1708 2283 4966 3631 3366 802 3490 4923 4300 4357 2022 475 1639 1718 1205 217 909 3426 4000 4017 3452 4261 3400 3004 1715 270 2457 1680 4247 459 4770 381 3179 3758 3755 480 1213 2000 4016 1339 4638 179 3450 3972 3271 3741 3630 3056 2627 266 3035 2897 4071 282 2987 2282 4456 901 2045 1790 2516 392 1109 3462 2716 2944 3567 3232 3945 1686 397 1843 3368 3652 964 3107 3797 1509 1375 1124 1202 4191 4344 3052 4692 323 3024 2134 4004 4076 2349 3759 1361 1907 4195 3735 1785 3344 4015 78 4813 3491 1626 2738 2096 1329 2721 28 1571 3262 1463 495 4747 4801 1341 3843 1028 3468 4495 3460 1447 508 2964 3840 915 216 2784 3814 3964 1530 246 314 2693 3965 4312 4706 3496 3089 1735 1741 4521 2151 2893 3874 1182 971 4725 2080
