N: 200
M: 40
Symmetric: true
Triangle: false
8 100 118 12 90 14 155 78 25
6 27 108 89 171 94 144
5 45 137 128 16 66
11 76 131 44 117 161 140 102 199 73 57 101
4 11 60 145 82
7 116 165 38 46 18 15 86
2 71 126
5 53 177 55 167 48
7 28 169 20 69 153 191 34
3 4 58 196
7 121 62 70 7 40 186 132
8 3 143 178 170 9 119 197 21
2 41 2
3 107 136 190
6 49 98 192 83 61 110
4 163 93 33 141
5 173 149 36 174 162
5 92 75 115 194 111
5 80 23 129 184 138
7 17 99 35 24 130 81 88
8 120 54 97 42 51 187 50 193
5 26 29 52 198 87
3 200 64 74
3 104 160 176
4 39 189 146 164
2 22 185
5 180 47 13 182 65
2 181 30
2 67 59
7 151 68 139 8 91 112 105
4 124 157 175 152
6 172 56 188 195 166 85
6 122 106 31 156 159 95
7 147 10 133 6 63 5 109
5 142 96 72 43 113
3 154 77 127
4 150 84 37 179
6 32 148 1 103 125 135
5 19 134 183 114 79
3 168 123 158
2583 1383 3433 3661 2954 278 1577 512 2089 3440 1891 2908 4663 2636 2650 2962 3841 3614 3335 3154 2186 1732 953 3016 897 1498 282 4566 1088 1819 3570 1891 2180 2131 3918 1973 2343 3972 4963 463 3228 922 785 4026 3631 649 4446 830 3343 1503 2409 1068 2908 4286 4982 3160 3594 2562 4002 4184 1095 3639 1856 4885 2396 15 84 3529 312 4119 892 1968 2198 4054 2879 2161 3373 1716 1785 2163 1500 3501 3300 661 2911 2274 2349 1905 1588 2567 1644 518 568 1070 1615 3711 4580 3699 2203 2653 4028 4850 1807 1447 4608 4939 2882 3190 1343 531 420 870 2973 3068 175 1707 1246 1506 662 1523 943 315 2715 3872 2309 3404 4843 1168 4584 3146 3560 2061 34 2914 3800 2209 354 3760 3001 984 3266 2407 575 1866 4043 2283 3993 3626 4022 1123 4267 3726 2226 3552 2309 4513 2683 4542 426 1063 860 3027 1147 4262 208 4230 3022 1880 2811 1454 4409 1150 1046 257 2272 910 4607 745 3966 1106 4622 3565 1980 3031 4994 1409 3693 417 676 2688 4636 4515 2521 3869 1607 2688 1834 1769 3628 4519
1383 2551 4844 2193 4372 3757 4057 2531 4137 3083 4720 737 587 311 851 4525 4929 2710 4745 2392 3070 3885 2859 4654 925 4148 831 2094 4003 4643 4710 3491 3839 892 578 3216 3691 1345 4724 4238 3930 1808 3888 811 2446 3134 1403 671 2099 4745 4150 837 4382 169 4452 1433 2359 1668 1988 1047 2739 2455 3914 4595 568 2641 89 4458 4372 1920 2946 1962 2348 420 4407 3601 2676 1895 1854 2874 4345 4861 2134 741 4461 747 358 2784 1825 1402 2559 3173 4046 92 2572 3506 4730 366 4325 3593 320 4618 2639 3447 1563 2083 181 3559 1104 499 4398 493 4535 3667 1633 1912 1513 2183 937 1118 2762 994 1412 2358 3717 1673 2084 235 3330 924 2409 2988 3311 654 2035 3782 4860 1148 240 119 520 4790 4634 657 2467 289 844 553 1814 4228 4607 885 4841 1997 1042 3924 4814 338 3869 1658 2893 3953 1829 4407 1648 1836 1336 2049 4222 4486 4310 3582 626 4519 3437 135 4978 4124 3860 2396 3158 1843 2210 1664 4521 27 4918 1468 4025 2437 1245 3354 4114 2496 4597 2228 4441 332 3624 2455
3433 4844 2803 358 2364 4140 639 2017 3045 2053 3925 3578 1157 4313 1338 1334 1398 4767 101 821 1547 4497 1293 4253 4136 3835 1715 3416 264 4251 1702 2076 3829 549 2124 4777 3857 3367 4387 2210 1218 629 4635 256 3990 2983 1812 112 2122 4796 1167 2568 1571 1925 2389 2592 23 4825 2665 630 3578 16 2233 447 807 4523 4986 3183 419 2305 561 863 120 1944 1357 2439 4569 2376 4787 4519 3772 1729 2158 1867 718 1396 1244 641 127 917 351 4647 2870 1510 2243 3829 2916 4067 1187 645 3011 529 704 2029 2762 4953 2204 3751 2434 1725 824 2782 1284 163 180 2486 350 999 3087 746 637 1239 3794 4022 4541 359 982 4474 1072 117 279 185 4793 4378 2583 2580 3761 4080 674 2993 3569 2151 2848 940 103 611 4614 2795 624 278 4419 3753 141 3268 4544 1842 3696 1379 1776 4074 436 3086 185 449 4108 994 4253 4110 3560 2894 4404 816 2607 4294 2177 41 3971 2895 2212 2238 3788 4683 1300 1707 674 3386 4764 1420 3483 3390 4186 2984 1852 2155 457 1919 2899 1592 4945 3780
3661 2193 358 2862 4207 3573 1862 4461 3574 4264 104 3424 2975 3406 4619 3459 448 4888 1372 3019 4941 4085 28 3149 4251 596 2187 3520 935 1927 3941 1043 1969 236 2778 1894 1323 730 872 4414 1396 95 1320 3731 2377 4200 973 573 3256 1070 2377 3117 2613 4371 2999 1099 642 3897 3697 1729 4076 1348 2013 4972 1133 3761 3623 2443 4588 2051 3498 1362 1633 4666 3720 4757 2327 4468 1550 888 3822 2766 1751 2241 1857 1601 3264 4058 2981 1012 1439 1901 4026 4028 1149 764 4720 2504 2888 3461 1807 4252 1671 4433 3590 3135 1370 1827 4557 1361 4285 2084 3304 1214 482 2473 433 3471 1316 1155 3447 3587 2921 3152 2052 4911 407 798 481 3826 2239 420 4967 3825 3079 2742 593 4428 4491 655 3183 4377 2521 1560 290 271 593 1115 4524 817 4095 579 4782 369 4629 3723 4825 1300 2060 524 4473 3783 1368 896 2829 3987 3898 756 1527 4541 3303 2267 3202 2886 4015 3803 1654 2570 3325 4457 4225 3781 293 522 4233 3438 2748 2834 3227 3546 375 4331 1805 3371 2449 1158 1881 250 770 874
2954 4372 2364 4207 2278 1692 180 2283 2647 2508 1016 623 1529 4565 1588 1873 1203 1297 1442 4746 2502 1765 2626 1616 1425 2505 3376 99 1746 4564 1397 2217 122 3926 27 352 535 3919 1881 1828 4793 4476 2229 440 3513 1679 739 1549 3261 2227 4323 1899 2467 4413 1180 4610 612 2852 236 2456 3884 3332 592 2248 2654 3674 2783 1199 2970 2159 1459 18 2778 1858 1355 3150 4480 608 26 4655 4096 853 4827 505 4905 3074 3759 2559 1035 2488 58 1947 741 3583 3394 49 4105 835 4079 438 4855 3040 4655 3242 1023 375 470 2796 4236 217 4673 3397 4257 554 1199 258 4224 535 341 3520 1651 3559 920 4623 1872 3191 4704 2069 540 1884 4480 4581 2785 1608 1975 259 4340 4482 2663 1098 4460 268 3498 931 4536 368 4962 3875 995 47 1110 220 3967 496 3360 794 2671 4690 4264 1920 2245 958 877 3741 3253 2822 4793 2142 2357 616 1177 2841 4002 2053 4881 2742 922 1585 1936 3199 4821 2268 76 3581 3884 1046 2886 2335 171 3220 3424 1857 1553 3913 446 927 1903 2412 305 2769
278 3757 4140 3573 1692 1141 641 667 2051 3992 4606 4565 3218 574 1788 3331 71 2202 1090 153 247 2270 281 2335 316 4301 3133 1285 1156 244 2105 349 3522 2411 688 703 212 363 3550 406 2342 2644 2655 2621 3419 1830 4725 467 358 4823 1050 1731 2431 2795 1989 257 2623 1849 1953 503 3154 3995 3378 4715 2826 1027 1984 2349 741 2848 1233 2667 2617 1513 1344 2992 4886 2716 1267 1620 2998 803 3534 4815 4015 4861 819 202 111 1926 3980 4138 1325 2819 3134 1091 147 33 2666 1388 2068 3957 1609 47 3531 1969 3635 2482 1762 2346 3454 2081 1037 802 493 3678 935 3650 4373 186 4468 4944 4415 3122 323 4808 3241 2705 2877 4072 1069 1506 2667 2324 4626 4880 1701 1806 3934 4499 223 4167 3828 939 1808 4756 1185 3012 4124 1997 4018 2537 4373 1219 3604 226 3580 208 1350 4951 3755 1773 4305 3197 1351 3844 1384 2172 3325 2419 1200 3594 4384 905 2556 2569 4812 166 4572 809 3874 3211 4368 1029 233 4681 537 3784 3894 175 1175 4191 2041 593 2229 56 2817 4266 1259 2299
1577 4057 639 1862 180 641 4681 942 4764 2255 4910 2619 679 3037 2174 4437 4126 2002 4311 3240 26 1389 1108 638 513 4853 4924 4664 3375 3829 2647 2239 917 4571 317 2346 2303 4555 1293 1033 4250 378 4842 4852 4885 44 1033 4612 2259 3840 671 4463 2602 2743 4187 2130 4530 2576 3901 403 1841 2890 1703 3779 1371 2494 3067 3312 534 2119 414 1751 842 3834 884 344 1295 4745 2566 4912 842 1833 4108 31 2147 3732 1983 2437 3272 316 4876 2473 4966 4286 2820 2630 1977 4628 4093 4792 3977 1663 4228 4744 3097 4255 3657 3763 2688 2379 877 4477 2070 3794 94 3081 2580 2542 2910 1380 4256 1038 3311 1223 1112 1681 3845 518 872 4122 2328 4324 3402 3171 4024 2143 3906 13 2985 4761 3050 429 3479 494 3105 4239 2891 3702 4718 511 3168 2438 1027 90 4793 2481 3931 4045 2891 1193 2090 2006 3263 3180 4668 2138 2286 958 138 40 1204 316 4623 256 3278 81 223 838 1267 1627 4270 1423 1120 4212 1325 791 565 3473 3319 540 2774 1175 1657 1661 4677 2315 4556 2963 2730 2671
512 2531 2017 4461 2283 667 942 892 4339 633 794 316 4364 3956 2947 3884 205 729 4163 2547 3373 2765 4037 94 1333 3897 3204 1632 3207 1885 2780 967 3189 3634 2441 1251 2083 3291 998 3353 85 3437 2517 1851 1797 53 2331 2654 483 3818 812 1130 1341 3421 681 941 2214 4533 2873 1282 29 79 2503 4507 1910 2404 1659 678 1974 1174 1985 829 3562 2882 4372 1000 2423 170 522 3168 4216 709 3252 3128 3043 512 3201 2157 4223 3062 3611 417 982 1838 3987 3919 2555 2027 3749 1650 3249 156 1205 1169 4322 1457 87 4054 2359 3823 1759 2670 4747 4478 3225 618 4848 4884 548 4615 3301 3866 2769 4915 2202 1333 4386 736 3999 2665 3115 4367 666 1846 1305 933 355 136 3131 4266 3781 4934 3512 316 3776 247 4470 478 1096 4782 2227 172 215 3058 3630 569 310 3833 3726 1191 3805 3657 2841 4085 2236 3865 3046 421 2511 1971 2484 2577 961 801 2589 4710 733 1404 3105 3701 4945 886 121 1391 2607 2030 758 4119 4246 1759 2165 4666 4196 930 3221 1993 3742 2617 4100 442
2089 4137 3045 3574 2647 2051 4764 4339 690 3960 2314 1510 3332 4596 4931 4357 1249 4035 3315 1240 3818 362 188 993 69 213 1934 3963 1682 2124 855 3563 3455 1278 486 1496 2321 3191 3565 2504 4435 4026 2236 4104 1696 745 791 277 2329 1352 1915 1374 4421 479 3460 1395 3381 3199 4226 3239 1817 1255 1874 196 2538 4509 155 2691 4000 3419 1539 121 3954 3407 2818 634 3265 3434 3453 3499 2566 3477 3109 1011 4573 2141 2093 1338 2186 3108 3290 59 1732 1933 3124 1043 1839 657 785 38 3810 4022 2507 4303 796 2263 2375 4718 2445 2309 1253 2169 789 4876 3347 1250 2783 4223 3736 3705 2390 565 4315 3155 544 1104 4669 1402 2090 442 1247 1560 2189 2880 2137 4247 347 2123 175 4240 620 3336 819 3400 138 1811 4915 1817 707 4335 35 2067 4143 893 4430 4661 989 3785 2612 2391 1715 4350 4978 2915 2478 3883 3544 901 2124 2570 4567 240 1443 1136 4563 4657 1804 2828 4192 1436 1312 2219 2564 4992 3991 2232 4595 3820 2396 2867 632 2806 281 3799 1893 195 716 2324 2104 335
3440 3083 2053 4264 2508 3992 2255 633 3960 2984 2882 2728 1060 1866 1635 592 300 1983 2609 2603 1477 2270 1943 2344 2638 4788 559 3756 4664 598 1690 51 2882 4189 844 4102 2743 664 2179 1838 4026 2981 2385 4590 2004 4394 3153 79 547 1946 4540 77 1838 1282 4124 839 3798 2912 3798 484 3708 1372 4674 2898 1530 1073 2218 3651 102 2241 2731 2603 842 2037 29 3625 904 1077 1589 2942 2924 83 4998 4145 4143 2466 1223 243 3693 3208 237 966 2690 3772 2313 1712 3958 3134 1313 3597 3239 1701 4065 2084 231 183 4494 2574 3850 1886 745 361 2753 4968 2265 3442 4932 3646 403 3007 539 3107 881 2432 1155 3307 3351 3009 446 4091 3978 1531 110 4876 1704 144 431 3753 2756 778 4072 1370 4326 2083 2359 4989 4560 1620 2623 299 1970 4409 80 3832 1736 4509 4965 4731 373 380 1108 1846 1213 4881 2329 2681 1444 2947 3801 4746 3302 678 2989 3891 2582 2110 4101 1237 2283 2245 928 2684 2688 4043 1660 248 4299 4318 120 2953 4840 1434 2144 614 1120 4294 3043 1520 3149 1914
1891 4720 3925 104 1016 4606 4910 794 2314 2882 2394 3009 1344 4954 4350 4222 3847 3184 565 3704 3385 3976 4241 1368 2560 1680 313 971 1607 1661 3666 2054 3125 3644 1635 2476 296 131 629 4036 1278 4041 352 3467 4505 320 3561 4330 3290 3385 4078 454 2899 596 3213 3338 3385 2720 780 3000 4613 41 3936 1529 3447 889 3278 4743 3287 1433 2344 3998 2249 4189 1041 4764 1364 2405 3390 4792 4877 1309 4103 2588 3623 994 4014 1031 2489 4121 3572 4392 512 3113 2764 4859 399 3308 3475 1621 751 3950 3567 4749 686 3605 4646 365 1557 3750 1120 4140 179 3136 4073 1376 2788 1457 1000 3572 4889 1993 2916 1042 4481 3726 1643 3614 2126 1969 2516 2873 2307 2316 4603 2091 4154 2371 2340 2864 153 3524 2434 2458 2995 4590 3985 542 3069 2481 225 2294 861 1733 2438 484 3930 1767 1048 3387 54 3743 1851 1485 804 1007 1292 2085 1477 2305 4091 1739 1573 2941 1709 3409 2543 4202 148 4018 2295 3291 1332 3141 3603 4348 4591 582 4764 108 1949 999 4994 699 2004 24 2448 3743 3347 4847
2908 737 3578 3424 623 4565 2619 316 1510 2728 3009 180 1482 4680 1182 2471 3561 4820 1284 4498 1157 2467 1723 4238 2339 486 3417 648 3720 2944 202 4136 1899 133 2943 1189 141 186 4145 2332 309 4096 943 4931 4230 3768 914 1852 888 683 1596 4989 1391 1398 4876 793 1921 339 3907 3560 4402 2022 4875 3561 2005 1338 2177 1327 4472 2400 4403 4604 4043 656 203 2669 3082 2552 4441 638 3449 4284 3643 4947 1630 3616 4482 417 3967 1669 2538 1997 2713 4999 2172 2335 2484 2956 172 3382 4462 745 4136 30 4317 3620 1966 2002 4399 1424 946 2012 399 1063 4713 4443 2682 4921 1717 2118 2371 4368 4492 2055 4169 2154 626 2430 552 4295 4978 2938 3946 1892 2043 1217 3329 3061 3119 2971 4236 1986 790 959 4986 2423 4867 1014 3431 3004 2807 4785 1959 4004 2364 1036 4424 4884 2091 236 381 813 989 3402 4792 293 4272 2641 2563 2969 2229 4761 4110 1527 4711 1708 3282 1611 2519 1591 1040 1545 4994 3531 4820 1673 4911 3638 667 4569 1968 3833 2803 4809 2791 3910 2072 2541 816 2516
4663 587 1157 2975 1529 3218 679 4364 3332 1060 1344 1482 2998 400 4402 2338 491 1376 3538 2972 2241 2339 1901 3336 4297 987 4659 1586 779 3954 3414 473 923 4391 3205 3782 1815 2688 1702 3647 4920 3750 4424 23 4408 3476 1237 4467 4023 1122 3053 4130 3349 3003 363 3189 4337 1753 4375 4469 1968 4135 4059 4786 2208 3680 4312 4168 4887 2209 1898 2744 2837 1685 638 3535 3562 2120 4105 3954 4217 4362 1641 111 2943 1751 582 4138 3602 4853 4944 284 4086 950 1525 4306 4735 4624 3580 1184 3559 2639 56 2945 1084 1281 4264 622 412 3663 3187 2086 500 4234 352 75 97 2027 2682 830 1550 3526 2729 3093 1552 2946 1714 4678 2143 2099 1333 2214 3238 4335 3226 1390 4523 2159 161 2648 3271 3880 92 2883 603 237 4310 2253 3163 3495 543 395 1192 4182 83 4399 199 2124 2903 858 3394 2652 4004 3187 4610 1388 4727 1331 4230 2009 1769 862 1687 3274 1779 3865 325 3599 323 1308 870 1475 1878 124 3182 519 398 4467 3356 225 3741 2473 3311 761 2951 3576 1486 2237 803 1356
2636 311 4313 3406 4565 574 3037 3956 4596 1866 4954 4680 400 212 2322 344 467 3306 3661 4139 1260 4188 2257 3569 3131 2377 3594 2238 444 3857 3648 2964 4665 976 185 4741 2028 2307 1335 1654 777 4346 2878 4688 4457 1937 1362 2020 2076 2440 831 3542 2277 4563 4086 4742 3391 2524 604 220 4032 1522 403 3270 1517 2812 3960 2456 291 2597 4619 4753 4746 958 2913 211 3842 4747 298 4911 4981 4487 186 4795 2865 2713 2607 256 2894 3914 3332 2531 3786 4397 2435 178 14 4863 2428 3784 2403 2262 1743 787 168 4172 1395 3796 4420 1106 3652 4578 1337 4964 3184 4853 463 3241 575 4042 3448 352 872 4899 348 2631 1273 2703 1213 4034 2955 4784 83 171 645 4391 3491 4868 1506 1220 2344 1741 4141 2356 4799 3006 1432 4636 2900 1158 2955 2154 981 4536 15 1181 4502 397 4842 905 3690 4083 319 4701 133 624 71 3441 1878 1327 148 322 2082 561 4838 3359 195 398 4160 3440 4447 1165 4253 1062 2110 2312 4557 1228 3566 3794 4843 1988 2287 1616 2829 219 4086 623 4319 1362
2650 851 1338 4619 1588 1788 2174 2947 4931 1635 4350 1182 4402 2322 510 3694 4496 1859 3490 1438 788 1930 3911 629 437 1128 1254 900 4243 4182 2523 4492 2725 2479 1338 2734 1361 2391 582 3602 1585 4209 1076 3558 1335 1248 72 4172 298 1957 3137 710 4748 3669 2127 2877 70 3929 654 4952 2724 4353 997 3816 2238 1735 1274 1188 1671 3902 1464 4508 3742 3619 2445 800 3128 4504 1751 3725 921 4732 3127 547 1003 4710 2100 157 4535 1643 4384 4776 3634 4171 3560 3400 224 2992 4964 274 234 2305 4368 4473 3719 4443 1827 1764 734 2939 960 2930 376 4170 2557 2467 953 1334 1328 3493 947 2814 4691 4494 1798 3897 2837 193 2784 3497 4428 1857 2034 621 3198 4497 1804 2295 4563 3451 315 2941 3202 4088 1848 3631 1404 432 1336 4101 3243 1904 4072 3565 2599 2520 4079 4390 1563 166 779 487 557 4173 4214 772 1234 3669 2654 2459 3987 3309 3650 4142 289 1769 1797 3909 4054 754 3117 4088 3130 4428 514 2220 2254 2037 3618 1521 4024 914 3265 1299 3312 1019 3930 3199 2253 864
2962 4525 1334 3459 1873 3331 4437 3884 4357 592 4222 2471 2338 344 3694 4284 112 1171 3634 1400 3360 3021 481 1649 1056 4102 4554 1292 2157 2719 4332 1390 1696 3787 3606 3133 4351 1395 3658 4772 4610 408 247 498 3204 3220 2900 3741 4567 1729 1563 2572 1639 135 4667 3429 2826 1084 715 2364 256 2864 4548 311 2357 2351 1312 2691 2864 3661 4177 2813 4550 4531 2483 3879 3813 1117 4643 1259 2812 3680 2368 286 4167 4083 2982 3553 685 862 3124 4365 1982 2269 4189 3766 3307 275 3904 1593 3392 695 885 2300 3840 4779 828 2039 2299 2579 1372 1731 2289 2527 176 2650 3366 436 798 4387 4266 1366 3906 174 2338 1715 4868 1337 4292 4813 315 1223 31 630 21 61 3078 1836 2377 4417 3794 4318 3686 4982 3722 207 814 1638 245 4591 1787 890 1121 2454 2129 1379 3571 4320 1801 1602 2133 4495 2670 3258 1449 1618 198 2732 781 2905 4071 2167 3153 2398 3723 4704 1617 4844 4062 2030 417 3912 2602 3541 693 4163 3960 3686 242 1811 2701 3697 2481 2078 1298 4766 4942 2791 580 1156
3841 4929 1398 448 1203 71 4126 205 1249 300 3847 3561 491 467 4496 112 3941 4261 2143 1840 2475 532 2072 3857 3396 415 1437 2218 1314 1609 2913 3567 2783 3974 3994 3510 1092 1634 4533 3957 2692 4964 3342 2730 3415 3657 3197 4494 4510 951 4099 273 1367 752 1543 1997 1518 2534 2857 1332 1308 1790 3199 1286 1411 3237 4496 1298 3013 2941 4753 2042 3408 2305 4503 47 3399 2522 4418 2983 1583 4264 3625 2654 1861 1041 4453 3506 3205 3896 2017 3882 252 3681 1353 4775 2109 891 2768 2403 2912 2604 1132 1666 309 4806 3651 2532 2463 4777 1172 521 88 1470 3125 4783 4275 2400 2522 4064 4745 1402 298 3738 1077 114 637 2691 1264 3890 24 1700 4848 4015 3807 2533 1015 958 62 2311 3113 4026 3737 937 1230 454 2692 4650 624 995 3445 4298 3332 953 90 2373 4251 1404 1421 2368 1165 3522 3850 1227 2668 867 262 46 2147 1289 51 3311 2946 4476 560 3437 2481 405 2421 1226 4014 4556 716 1690 2670 386 2643 270 1096 4593 1218 913 4191 985 4513 783 2950 3481 670 1782
3614 2710 4767 4888 1297 2202 2002 729 4035 1983 3184 4820 1376 3306 1859 1171 4261 150 2737 3511 1656 2863 4564 857 4307 2579 3919 4948 244 2364 1391 688 824 1156 423 4086 4461 963 3503 1462 2601 847 607 4990 3657 67 4843 4171 895 622 4499 2427 418 1407 1212 4898 215 2448 2434 2747 4393 587 4152 2914 2835 365 4600 4300 2838 880 2375 4846 659 2452 4895 1078 4153 4064 4221 3694 2830 1809 2690 2884 3977 3110 3568 1512 2081 783 2553 4344 1917 2402 3592 2370 3605 1126 622 950 3175 279 100 2888 921 4228 3192 1079 2319 4402 4609 1433 556 703 3130 443 629 1497 2460 1301 278 3041 2750 400 4899 2664 732 3508 515 708 1303 2551 4812 2903 4182 3311 4192 2859 3574 2494 3625 2573 4913 3880 318 4688 1127 4217 3872 1734 3907 1157 3235 2118 2674 3293 1596 4849 1470 3324 78 4764 4087 2667 3031 1152 2731 702 4968 849 805 3134 1285 2075 4563 4311 2848 4046 1364 4570 2375 266 38 3596 430 1530 258 3345 4211 267 4263 3763 710 489 3261 843 1194 45 379 4351
3335 4745 101 1372 1442 1090 4311 4163 3315 2609 565 1284 3538 3661 3490 3634 2143 2737 904 3987 3892 208 3534 2453 4387 4478 1793 2682 4918 4761 3193 4692 3026 855 3115 2688 3551 2757 1069 3062 2434 1470 1285 1147 4988 899 1587 2546 3191 3851 2252 2200 2963 4980 3787 1957 1587 4133 3846 2388 1165 4376 4806 3488 1765 15 3718 2372 2159 1340 1130 2677 4649 657 2771 1149 4957 2128 3012 2499 3227 542 4886 4066 660 2087 4564 4587 3881 3344 207 3834 2634 2656 2530 4608 1115 3459 4709 2275 1345 405 1212 3465 1620 3686 2151 3786 4768 108 2172 4823 875 572 2674 1670 801 4828 2837 4421 4267 393 2583 2989 3764 3634 2546 1587 3325 431 1336 1646 885 4443 1266 2895 4462 3259 2879 4179 4201 1095 1262 2701 837 3494 37 2981 3548 4826 1695 3209 4085 4556 4274 4293 2135 534 503 2657 3829 2829 2044 660 4811 3783 1146 4553 1509 4106 4722 1259 3470 2987 3825 527 1417 374 4767 4579 2160 994 1226 4522 3604 4120 3101 350 3396 595 4400 3113 186 3986 2792 2958 4411 3591 4685 1278
3154 2392 821 3019 4746 153 3240 2547 1240 2603 3704 4498 2972 4139 1438 1400 1840 3511 3987 3655 1993 2318 2871 1776 979 1033 4774 541 1511 2767 2335 2083 3658 2883 4987 1411 2266 2476 2540 3250 1429 4516 1212 1640 3412 3701 3783 60 3303 2195 1064 2091 2847 4341 1379 882 4743 529 2677 1897 2441 314 2139 4068 313 2889 1517 1180 4660 4551 4282 3972 3842 1264 4836 4514 2411 973 1193 2699 1290 294 3541 3784 1380 4915 1686 661 4984 1586 4898 3466 4468 1571 2094 1260 3545 3892 292 1898 129 2191 3247 867 950 1297 4715 2757 2105 356 2628 2495 463 4409 276 3777 516 2603 3245 1865 2503 3896 2957 616 3347 3915 1306 2338 581 3714 4020 818 1657 2446 1001 517 796 2739 614 3356 4050 3050 3751 2992 3285 2722 1930 26 1552 4830 345 3777 2334 10 2964 822 2823 4142 3681 835 4645 1961 2502 3268 4677 4337 3321 60 4391 3612 4880 1768 3441 738 1303 1688 509 2432 4573 1380 1564 1172 4479 4931 1964 4092 1902 3877 1802 3276 1296 3618 1096 2231 804 4277 1188 100 1175 245
2186 3070 1547 4941 2502 247 26 3373 3818 1477 3385 1157 2241 1260 788 3360 2475 1656 3892 1993 242 4136 1959 1834 2282 3763 4627 2709 3560 4772 70 244 2359 4568 89 1165 4763 595 3878 3286 1309 4945 3341 2594 132 67 532 2621 673 966 1036 3944 2436 2573 1138 1170 3014 4563 4211 4078 534 2620 724 1807 3500 2435 3833 3046 3069 1822 50 2323 3435 1314 4578 2644 4703 4558 583 4134 1528 468 1215 3370 3634 930 300 1245 1748 2846 2889 4596 4229 781 1476 4865 1901 2101 1311 580 221 1199 2066 4756 3412 350 1079 4770 2616 1884 3960 1788 1543 1656 3846 4441 3137 2223 405 778 2226 2304 819 644 1943 1738 2421 267 3961 945 732 726 716 4293 944 1994 880 1333 4728 4683 446 3709 4590 2996 3914 3065 3537 3675 4091 2030 4007 2587 3957 1924 982 4473 790 542 2098 478 1128 2675 231 4811 1324 4594 2448 1025 2175 1157 2921 1641 2936 2947 2302 4779 2743 3484 750 974 3600 386 2048 877 2887 1947 4821 409 2991 1742 3723 76 1583 3649 2383 4090 361 3955 2115 4622
1732 3885 4497 4085 1765 2270 1389 2765 362 2270 3976 2467 2339 4188 1930 3021 532 2863 208 2318 4136 2819 1626 2474 4204 922 4786 1017 4413 4503 2143 410 2810 324 3925 1582 55 4253 2616 666 4642 3688 2060 2576 2033 1028 3041 1386 4796 2871 1139 3650 2503 3650 1175 1631 3200 3858 1064 377 793 205 4706 4692 3443 626 3515 283 1581 1440 1701 1631 3156 4797 2245 425 4250 4103 1804 4959 3556 2943 606 1452 2359 3032 3640 3484 3723 2066 1592 2963 4864 1821 3925 1265 1225 1828 4278 2186 3483 1053 835 740 1714 2067 3617 1654 3377 3978 1043 1139 4504 3342 4794 4029 968 4835 2784 3699 4377 3013 3485 1389 3164 4766 3809 1870 2798 2691 4663 746 4298 1471 24 4276 333 3329 4294 396 513 557 2287 2354 3475 1190 4225 3517 2159 949 3189 489 4892 4444 3797 3077 4131 3817 2560 964 2358 4177 1781 2716 2852 4560 640 3181 3676 3983 2259 257 568 815 2215 3463 881 891 378 3592 1538 153 694 2452 1013 4617 846 4378 3644 1224 1372 2953 4654 741 2369 815 2076 2013 3682 383
953 2859 1293 28 2626 281 1108 4037 188 1943 4241 1723 1901 2257 3911 481 2072 4564 3534 2871 1959 1626 4714 1867 2359 2631 2814 2280 4232 3045 465 1560 3257 351 2123 2202 76 3718 2093 4631 3076 3753 779 1154 614 2818 2985 4560 1401 1833 4498 4567 4431 88 4084 3134 2056 1566 2797 1242 409 3860 209 1901 2414 4676 4404 3873 4375 2569 4267 1195 4465 2334 4769 976 753 2304 4065 603 79 4598 4306 4266 3873 368 1844 4474 3115 2644 1419 4700 339 2885 842 2238 4128 4006 4713 4948 4758 4106 2668 2488 1590 2230 1756 600 3453 868 687 1704 4096 4849 4623 4276 585 2245 1277 499 2867 2683 29 2577 2123 2929 1349 3443 2849 4917 2801 2350 3111 2956 4236 3902 2806 1407 2157 389 1682 1079 294 473 3502 1526 2373 2841 1029 4762 3713 2508 2573 4522 2109 2534 2678 1035 765 684 41 1589 524 1476 4806 1174 3233 4939 754 1033 1573 4135 93 4789 4410 154 144 4573 3619 2783 3894 1031 1581 3985 3013 1164 4196 4782 950 1664 3192 4453 1800 418 780 4819 2082 4462 69 4332
3016 4654 4253 3149 1616 2335 638 94 993 2344 1368 4238 3336 3569 629 1649 3857 857 2453 1776 1834 2474 1867 2362 2933 1610 1455 1065 3021 1334 2580 1808 396 3314 3768 1561 638 2870 61 57 4579 670 715 4007 2461 1892 3937 4691 577 1841 4332 1983 4787 1067 127 3804 4837 1569 578 814 142 3917 861 2517 1058 3241 991 3882 1362 1488 938 2897 2529 1752 2865 3329 2768 911 2508 4284 3728 3449 3754 4897 1551 4679 4665 2102 1217 4087 4668 4894 4092 3031 1637 1326 3618 1292 1480 2126 2449 1897 840 2678 2796 3219 588 1599 3359 959 1531 2166 1515 2671 1694 2980 4957 2128 3249 440 4507 4846 2677 1221 3746 338 2887 4300 4593 1361 4831 3510 2141 2588 4910 4529 4725 2349 1768 72 3155 726 4498 2924 3245 3501 3880 4654 318 1973 1983 26 3630 1213 4767 2294 4671 2126 1054 1038 2899 790 1071 4787 2909 4712 4058 2183 553 4026 94 4239 4421 546 162 2510 2299 2673 1485 3545 1867 2933 2678 1543 1423 3817 4280 1295 2892 206 995 2322 3429 4343 3485 2634 4354 3153 2973 1107
897 925 4136 4251 1425 316 513 1333 69 2638 2560 2339 4297 3131 437 1056 3396 4307 4387 979 2282 4204 2359 2933 1899 1418 4883 3646 1251 1487 4818 1550 4109 191 2729 2752 3436 1646 508 3791 4957 1995 1978 2343 1267 2735 4805 4316 4442 2207 3366 4687 3040 1258 571 3106 33 683 686 2449 3786 2040 1621 364 2678 629 2659 2107 2931 1382 3501 4767 2579 2770 2134 952 4619 4613 483 4819 3731 1624 4620 3080 880 4842 3959 4838 1432 219 2753 2299 1079 2460 588 2827 2922 2117 4420 2136 4530 4750 262 3500 2245 3753 66 473 156 1138 3723 3912 868 3983 104 4038 365 2045 4206 2150 1033 4347 3929 2824 4313 1194 585 2556 4379 3561 661 737 4525 510 317 4559 2609 1343 4141 3681 1231 316 2665 3095 2554 1130 458 2014 56 1246 3180 1191 1736 2222 2897 2234 915 318 4963 1447 1159 565 469 591 1917 2627 2057 2498 354 2179 3804 110 3765 4556 3706 3330 2439 3770 2775 4714 2622 2742 4629 596 1410 913 1161 2284 2490 1441 2376 2536 1299 989 1597 2012 4700 4541 2029 1181
1498 4148 3835 596 2505 4301 4853 3897 213 4788 1680 486 987 2377 1128 4102 415 2579 4478 1033 3763 922 2631 1610 1418 3224 4424 3989 882 3188 1139 574 2089 4203 237 2424 4663 1141 3039 1319 4593 1719 2089 4846 4640 3464 2986 2352 1546 2502 2669 1860 940 2686 3398 778 2072 3892 3518 3271 667 470 3087 3826 1614 3014 2758 4515 3149 1242 2330 2566 1826 4157 328 940 3048 2489 3949 1399 4279 199 620 2642 4938 893 3425 4535 2294 968 2921 1283 2230 2025 1426 1759 1127 3321 3789 2580 1325 293 2924 2928 2644 959 4805 2194 112 3690 1116 3972 4850 3180 4489 1765 3804 4106 1027 4999 3110 1431 2168 423 2456 2540 3488 1917 510 3929 1650 1010 1434 1531 482 1419 2250 714 1762 1718 4439 3889 1405 4736 3676 4337 2825 723 4525 4798 4216 2701 1641 1514 1537 474 477 301 4787 452 3088 2313 3871 4215 1259 4027 3050 3155 2002 1942 3571 3174 4416 869 689 1896 4870 4545 2683 1391 100 2311 1675 241 4763 275 4034 3512 597 3808 4130 3683 3585 3712 3256 4215 633 4498 280 633
282 831 1715 2187 3376 3133 4924 3204 1934 559 313 3417 4659 3594 1254 4554 1437 3919 1793 4774 4627 4786 2814 1455 4883 4424 4293 1499 1645 297 2349 4481 3754 2960 2504 2809 4548 4943 3565 4488 1369 561 3997 418 2190 4783 4334 4911 2445 620 1475 4541 3439 3277 528 4839 2403 709 322 1613 4350 3732 2664 1057 3230 2507 640 1351 178 1477 1018 3723 4416 4891 4724 1409 1502 306 3184 3558 2232 4257 1508 3034 1985 252 274 1185 961 2189 365 1664 1692 1199 2666 2827 2984 583 4702 120 1154 4451 3942 4026 4870 544 2718 4331 3296 2178 3011 870 4250 497 4961 656 1214 4289 4681 196 4386 996 4480 381 4756 4119 1955 3426 3556 1645 2336 3348 3635 4797 2154 2121 4654 3047 1910 3176 3101 1661 742 2712 3469 2747 3377 450 1356 3986 12 1435 197 4906 3447 2284 3027 887 3988 3301 69 4436 2476 4696 192 2148 4811 2372 4926 4191 4774 3122 2603 3959 983 2208 2320 122 2458 1845 2921 3321 4206 1088 156 4727 418 4181 3361 1273 2554 2858 212 2235 1240 513 2042 4612 3985 1595
4566 2094 3416 3520 99 1285 4664 1632 3963 3756 971 648 1586 2238 900 1292 2218 4948 2682 541 2709 1017 2280 1065 3646 3989 1499 2768 4829 1390 2547 3799 3698 4877 4424 4700 1708 604 3867 2563 4606 4546 1565 1420 1721 4505 951 77 4274 2933 2014 2529 1354 3683 628 778 4034 2100 4001 3239 4827 4967 4168 1735 703 4492 528 1651 931 2355 2437 1497 3989 4083 2563 1094 346 388 1006 3841 2666 1344 3047 3864 3989 3046 263 1096 4024 3811 4127 1108 4898 163 922 2180 276 4189 4655 3060 1834 4412 3016 97 1457 226 2240 4294 4802 1001 1230 1362 4623 2798 1963 370 2461 4911 4760 2876 3130 3556 4339 579 316 4799 2922 4750 4010 4122 2687 2387 2113 2009 2415 1569 746 2355 2484 3438 2671 1725 3452 2639 2738 4426 4738 466 3327 1256 3824 868 2015 440 1456 3768 657 809 829 4543 736 4053 1834 2423 729 4884 256 2616 4939 4429 1527 1672 44 2337 4932 132 2632 4785 1408 2446 1054 4108 4595 599 4560 1965 704 1378 1967 4876 953 328 900 1772 277 2581 2611 1031 1244 3663
1088 4003 264 935 1746 1156 3375 3207 1682 4664 1607 3720 779 444 4243 2157 1314 244 4918 1511 3560 4413 4232 3021 1251 882 1645 4829 1751 4556 3707 1525 3558 1975 4538 3766 1388 2767 2979 703 558 2231 2273 2775 4123 3804 1719 1308 2303 3007 3961 1142 2672 1935 671 3239 451 831 4960 4774 1671 3804 1895 661 1148 2728 1158 1362 1247 1984 2879 163 2681 2940 4952 3334 111 518 3422 1282 1076 580 4535 1002 1378 2189 3678 485 3293 1126 901 2692 1466 2146 4669 940 712 2911 587 1237 1983 3806 2240 3417 3551 2986 3130 4583 2136 3670 1707 1348 628 3468 3630 2477 2641 3345 2347 2694 4815 4026 281 1916 3837 1254 2218 31 3352 2025 4864 3768 3640 3128 2823 2308 4738 3948 1885 1199 425 4204 2933 2579 4306 4092 1258 1959 4090 2703 374 4326 1189 2139 3105 2123 768 3453 404 716 4525 2835 990 3514 791 1026 2862 2091 3440 889 3416 4351 835 4152 168 240 3387 881 1432 2651 1794 1066 3194 857 1498 3465 382 780 2709 1505 2161 4416 1434 3084 219 240 4702 3215 196 3636
1819 4643 4251 1927 4564 244 3829 1885 2124 598 1661 2944 3954 3857 4182 2719 1609 2364 4761 2767 4772 4503 3045 1334 1487 3188 297 1390 4556 4475 4422 4588 3859 362 1218 3063 3634 4104 865 4188 2243 1142 2698 1700 2869 2935 3954 1481 2881 3652 3001 819 342 1321 4736 1280 1781 4985 4739 2295 86 3688 3572 1505 4254 3819 4349 3901 3436 884 3631 681 3770 293 2750 3518 2849 1132 4335 1027 15 2112 4616 1513 2976 3830 3863 3579 1175 3504 525 2839 2194 4482 4413 4568 1988 4438 2080 4928 3252 3301 4567 2070 1317 30 3925 4265 2317 4102 1722 1856 4546 4414 125 4211 1457 4920 4594 680 3055 4421 3733 2204 159 646 1418 4459 4009 2447 4212 1536 2789 1626 721 4690 3068 3159 4836 4003 1620 1366 2295 2626 700 3010 1956 1899 3398 4236 581 703 610 2151 608 659 2249 209 3903 3467 2338 2971 1577 445 26 1782 4078 2426 161 332 3890 3007 2876 3531 1765 4581 4224 4249 830 4884 4238 874 993 2983 64 263 1234 132 3198 4063 3002 1374 1244 3375 3370 936 3347 519 158 2112
3570 4710 1702 3941 1397 2105 2647 2780 855 1690 3666 202 3414 3648 2523 4332 2913 1391 3193 2335 70 2143 465 2580 4818 1139 2349 2547 3707 4422 3854 4337 1819 3192 1030 3907 2959 938 2144 4594 3974 3026 2129 466 951 1200 4835 458 3866 786 3807 3491 983 427 2527 2793 71 1897 3213 437 893 4459 886 260 1557 3961 956 2318 970 2424 3299 787 2207 2190 4536 2886 2991 1100 2845 2434 4945 3817 4532 330 4231 1676 3248 949 2171 1434 4648 2203 4726 3148 3940 4529 3044 1836 856 4244 1298 4592 1696 1590 1500 2288 2007 2202 200 2915 4558 1686 90 4890 4420 2722 4574 1198 4313 1307 3837 747 2136 2356 4000 1724 1766 4930 1384 1153 809 3077 1908 2823 940 3433 833 967 379 565 4922 1478 146 158 2931 2507 637 3993 3788 4566 113 3150 3414 2784 365 2261 1476 111 2664 1060 3036 437 3175 1326 4418 763 1067 3267 3179 967 461 4346 649 2618 2487 323 2450 2467 1137 232 1236 1982 2616 3501 1723 3531 687 2951 4128 3511 4899 1569 4649 2497 4920 4088 3560 976 2264 3895
1891 3491 2076 1043 2217 349 2239 967 3563 51 2054 4136 473 2964 4492 1390 3567 688 4692 2083 244 410 1560 1808 1550 574 4481 3799 1525 4588 4337 4613 2384 129 2981 3374 1677 3901 1320 3875 728 3953 1417 91 2647 1050 3928 4868 3650 3464 2119 3888 3685 1747 2709 3238 1483 4213 337 1806 634 4664 1568 258 3340 4174 3519 4744 3506 1710 1777 1954 3219 3775 1700 3292 1687 799 3530 3503 3406 4966 95 2539 2367 1826 958 1941 1091 4020 1226 4341 1116 344 1529 3937 3877 4399 2261 1835 2452 3637 3270 2329 1083 2810 4874 1757 174 2253 4139 82 2874 3323 996 1007 296 2995 2071 131 2938 3352 2341 1922 312 2712 1887 1662 1775 4214 940 3614 39 4323 1125 1095 540 2009 1416 2890 4072 1095 2570 2326 79 3367 4629 2871 2891 124 1698 4654 1811 2956 1085 3661 2367 778 1023 3135 3161 3554 3056 21 656 1813 72 1014 2864 2825 289 1230 4042 3632 211 2405 1623 2379 4727 2893 4700 205 4408 4627 3879 2180 3632 3393 4187 4347 4220 4797 3235 4118 2051 3793 3285 3280 3578 1685
2180 3839 3829 1969 122 3522 917 3189 3455 2882 3125 1899 923 4665 2725 1696 2783 824 3026 3658 2359 2810 3257 396 4109 2089 3754 3698 3558 3859 1819 2384 197 4974 3622 4582 2963 2486 3214 2309 4806 2474 788 327 1294 642 4527 4288 1966 2137 4827 117 2687 2841 3416 2363 1212 4098 3449 4628 634 4479 3110 3840 3695 4000 1168 477 3802 3707 4799 2634 459 2169 1321 2687 3421 2628 353 3343 1086 3541 3248 1611 1241 4984 929 857 1573 3351 4763 4739 4742 4731 3058 2584 1293 3039 3935 689 1267 2089 438 2280 1867 1627 189 3058 4902 4022 2824 4058 912 3907 2222 3148 338 4243 3121 1667 4706 773 902 2123 2460 267 1124 4595 4061 254 3509 286 235 2472 2408 391 1682 3976 1538 4064 2943 2391 896 3237 3808 4354 687 1673 4017 1906 964 1287 2534 356 3739 547 1168 4261 3555 4730 2630 3356 1796 3216 4458 269 960 4568 1582 765 4115 413 450 3531 1074 2694 1174 807 4247 2823 519 939 1048 461 4085 3592 4442 2821 584 4500 1182 4033 2033 2396 4624 4698 4947 3933 1298 1595
2131 892 549 236 3926 2411 4571 3634 1278 4189 3644 133 4391 976 2479 3787 3974 1156 855 2883 4568 324 351 3314 191 4203 2960 4877 1975 362 3192 129 4974 3758 3561 331 1788 62 4948 1516 2691 1858 1302 3688 3378 3971 2460 2288 4572 1869 2583 3535 2712 13 1822 4071 1671 3332 905 707 220 1313 2408 64 712 1681 2231 4288 1646 116 2111 1407 2154 1779 1204 2773 819 2321 4900 2208 1118 1384 394 731 2079 1208 2983 4572 3124 26 4277 2568 4781 337 619 4184 4435 505 1920 265 1344 1742 3631 3468 697 746 1552 2173 1857 1221 4625 525 465 3442 318 612 2831 1648 3397 3860 3749 250 3552 4554 4981 4451 1371 4245 3549 4762 3556 4952 3658 3180 1482 2886 3152 1117 1855 3773 445 4646 1680 2168 1499 3936 2349 657 2255 3804 4896 3521 4936 2514 166 2115 1924 863 3319 916 158 2488 3309 4727 4253 2883 749 4598 1781 4413 219 1185 1914 943 4448 4900 4609 1074 2234 3828 3975 1544 3164 1786 4374 3098 462 1865 1419 2711 937 2430 3797 179 3108 4069 2608 3280 3483 3744
3918 578 2124 2778 27 688 317 2441 486 844 1635 2943 3205 185 1338 3606 3994 423 3115 4987 89 3925 2123 3768 2729 237 2504 4424 4538 1218 1030 2981 3622 3561 1461 1277 4248 3024 4288 4372 3741 1659 3373 820 734 352 145 1701 2503 4099 4680 1889 1767 3830 4612 2312 1120 3083 1373 4937 1493 1344 3108 3994 1441 4731 4560 2573 966 3335 3568 327 1666 1633 662 4236 3251 4678 3140 2064 2494 4637 1476 941 783 2264 338 1498 476 998 4737 1441 731 4878 3032 2832 763 3741 386 627 4426 3407 3825 1814 89 3631 2279 1997 3399 1937 393 3317 2308 2256 1696 4998 1478 788 3746 1561 3237 2355 1279 3651 66 3612 3753 3346 465 1638 1353 4326 877 3245 2023 1618 2674 74 1034 2701 3563 4056 3857 3807 109 2177 1049 1434 886 2722 575 2943 134 3537 2814 4806 4918 1160 3964 1832 679 901 4047 4887 4335 1905 4214 906 3530 2153 417 3864 4263 123 787 3513 2765 4118 595 3114 1840 482 2553 4068 4591 1731 2468 3769 3029 880 319 4665 949 1767 2953 2716 3552 3085 1200 214
1973 3216 4777 1894 352 703 2346 1251 1496 4102 2476 1189 3782 4741 2734 3133 3510 4086 2688 1411 1165 1582 2202 1561 2752 2424 2809 4700 3766 3063 3907 3374 4582 331 1277 2888 3241 4558 2041 2575 3839 2553 4780 1576 1795 3009 1245 4657 379 303 1482 784 3511 4516 2005 591 4337 3582 642 2384 1401 4527 674 1560 2450 2574 3068 3454 1004 2158 2809 4997 2066 4688 4033 4998 206 1102 3291 1673 3327 419 2381 4243 3984 1709 2969 1628 3801 2812 3101 3254 66 2022 4367 1525 4818 3956 1150 642 4530 2543 3758 2429 3517 3323 2927 2523 544 2158 3773 2976 1028 3114 120 3216 4936 3804 1434 1598 1929 949 440 3703 3147 2142 2872 2948 2234 280 136 2121 4622 2158 2571 1975 4609 1879 1489 2395 4955 524 2348 299 2209 1680 3647 788 2497 1549 4019 3306 4550 3086 4948 707 1970 3477 4872 2967 691 1164 1047 810 1028 219 2934 2697 499 1808 1222 626 2270 3571 234 2529 4750 2911 1136 683 3044 816 3225 87 1902 135 2855 1748 231 4657 1408 1586 590 1935 2006 1718 2514 218 1948 3517
2343 3691 3857 1323 535 212 2303 2083 2321 2743 296 141 1815 2028 1361 4351 1092 4461 3551 2266 4763 55 76 638 3436 4663 4548 1708 1388 3634 2959 1677 2963 1788 4248 3241 4001 1400 4589 2790 4583 3572 2068 2856 2804 3081 3230 3311 2046 4907 3272 2687 1517 2726 3262 2969 4788 1710 20 3617 4608 4114 4465 309 490 4551 2201 3959 2860 3969 4357 1745 3841 1196 3606 4247 3906 3113 3975 179 2464 2397 364 1946 2299 2169 1349 1001 2657 2741 3807 2966 2095 1614 4612 2669 1878 1420 4797 3572 2335 3485 3066 4715 255 195 3151 3772 2931 3645 4900 175 3027 3745 3293 3474 686 3974 4944 1273 1252 2644 4720 296 2317 2444 4609 2656 433 2167 1921 2358 794 3370 375 3060 1497 201 4601 4107 2895 688 3098 1146 3915 1674 3249 827 3614 2776 542 574 1271 1981 2191 3047 2621 1792 3385 4533 1869 4867 831 2592 1781 2729 4895 1141 246 1113 69 15 4558 155 1210 299 3372 3203 336 3407 1709 3520 1468 323 591 4961 1369 3422 2473 2249 502 658 4697 876 2005 3682 3838 2209 747 4515
3972 1345 3367 730 3919 363 4555 3291 3191 664 131 186 2688 2307 2391 1395 1634 963 2757 2476 595 4253 3718 2870 1646 1141 4943 604 2767 4104 938 3901 2486 62 3024 4558 1400 1236 3558 1727 3271 4194 4761 383 4711 4058 4020 2098 4494 2152 2462 2795 2555 247 2394 1438 4875 2445 1914 3789 3831 4871 3795 1663 2401 4583 2692 4893 80 1560 2651 4954 2090 2491 4939 370 647 99 3986 4766 348 4098 3154 329 224 926 2441 325 2779 418 3679 3040 188 2438 892 157 2834 4696 2616 3903 2896 1977 460 1012 3246 4448 2323 1920 1662 197 2452 2331 3493 3315 4632 1820 1452 911 1171 1356 1917 1094 90 1699 3660 1466 4809 1605 1724 4745 960 2389 3547 2112 2135 4974 897 2577 283 1699 507 4171 167 4552 4501 1300 1698 3565 4131 3436 2914 2386 971 4950 1159 3754 1659 2751 2690 685 3279 4220 529 2866 279 2344 1875 1220 3279 4961 170 3215 2374 4211 2080 637 3938 2742 2824 3035 3760 4476 3081 2327 250 1484 1960 3207 2650 397 3376 710 1499 4925 4899 3496 107 3221 4153 3629
4963 4724 4387 872 1881 3550 1293 998 3565 2179 629 4145 1702 1335 582 3658 4533 3503 1069 2540 3878 2616 2093 61 508 3039 3565 3867 2979 865 2144 1320 3214 4948 4288 2041 4589 3558 2990 1597 703 3215 1910 4248 702 4146 342 436 3234 1638 3672 1785 2993 4662 2350 3015 1532 1130 2712 4198 895 4785 3682 618 4543 3581 4156 2471 1039 4939 2325 1391 782 2030 554 3206 1327 1131 4219 1609 4680 87 2788 1253 1039 4845 436 3356 772 2816 4257 2431 4578 3046 1240 1571 3399 3337 1489 956 3567 426 4244 4431 1033 4301 359 4395 4582 2563 1267 1721 213 211 1928 2464 2832 3030 3513 3629 750 4939 3976 4763 263 3708 4454 3255 244 144 3320 1843 1219 3958 4630 2521 550 39 3092 4091 4710 2242 3337 2435 2639 683 3198 4184 4927 1747 4977 4444 2692 1181 2121 2232 4084 3021 3125 3501 4430 1345 4102 3067 299 1045 726 2319 4190 3504 221 1532 277 1363 1589 1579 3075 4495 3943 3116 3155 832 1584 3298 2581 4995 4757 2791 1341 4586 174 3779 65 348 3126 4944 3826 3519 2523 1474
463 4238 2210 4414 1828 406 1033 3353 2504 1838 4036 2332 3647 1654 3602 4772 3957 1462 3062 3250 3286 666 4631 57 3791 1319 4488 2563 703 4188 4594 3875 2309 1516 4372 2575 2790 1727 1597 2355 2805 3078 3308 3177 1160 321 1761 3409 3153 1507 913 2288 4918 2937 295 3810 4368 4552 3745 4458 79 3025 373 2528 648 4599 1349 2324 2937 2189 2825 2991 2009 2221 17 3126 4294 3857 1790 2203 4542 1945 4669 4361 3622 419 3663 4940 1833 2375 2545 1602 2843 2220 3062 3304 2200 2903 4019 4103 3996 4990 1482 4062 596 1214 4536 1047 3092 1139 1029 3433 2035 1687 122 366 1904 4332 2679 2984 2203 360 2668 2506 1168 4650 1377 2178 2915 4790 2366 3000 3359 2904 3535 1805 3865 2555 2910 3156 3753 3787 3303 4989 3349 354 3789 2502 4445 4948 1710 21 1401 4615 4440 3501 1001 1213 3871 809 2969 1592 1515 706 4193 4079 3952 1857 711 1095 4216 2069 3943 46 211 3431 3558 2044 2281 1967 2012 2171 3119 1407 515 3577 1802 4797 737 4294 2235 3244 2592 1544 3659 305 395 4398 1250 4887
