N: 200
M: 40
Symmetric: true
Triangle: false
2 76 38
5 197 48 130 163 85
3 186 5 12
9 52 27 113 93 143 145 1 144 20
4 17 84 153 53
4 120 129 193 79
4 156 142 199 195
4 29 16 121 35
5 109 13 133 175 3
4 184 92 112 71
3 148 160 19
4 192 30 176 88
2 188 110
6 60 182 185 116 122 126
3 32 14 98
5 64 178 63 54 123
4 41 165 94 115
7 135 65 68 44 51 62 69
6 131 24 147 191 43 34
10 97 170 177 141 169 140 59 42 100 152
6 127 83 118 86 138 162
9 164 125 96 171 166 173 183 73 167
3 81 89 155
6 139 7 9 149 56 157
7 39 37 99 11 158 21 90
7 124 108 95 200 187 101 172
2 2 61
6 33 168 57 132 47 198
5 117 50 104 66 111
6 179 181 26 151 82 150
7 74 40 180 4 87 91 36
6 31 80 103 78 67 22
4 8 106 114 137
5 102 72 10 58 107
7 134 146 105 189 28 23 159
5 45 75 46 25 128
5 77 70 194 196 18
2 161 119
6 49 15 174 190 55 6
2 154 136
104 647 1282 3887 3536 4431 2733 394 686 3544 4190 1780 4988 678 3715 616 186 1548 1001 3280 1838 4784 300 3267 1028 2778 3078 100 1967 14 3989 4441 1366 2294 4050 1271 1693 1393 4294 3972 1255 4471 2332 244 2528 3081 4059 1645 1356 2132 768 2135 451 4741 2447 2361 2577 3546 3466 2245 190 857 3702 2262 3036 4476 1209 2554 1709 1852 2299 4867 4123 2725 2162 2754 962 3657 903 1903 3196 4886 3047 31 2117 1373 1937 2806 3537 4477 285 2780 1357 3397 3314 1614 1347 2602 2376 4157 1855 3580 2663 4013 574 4689 4595 4806 3163 2700 987 3809 1311 1737 2966 1420 1573 2430 2245 1303 1405 3523 921 294 2924 2532 4813 769 2007 44 1344 3119 3182 2270 3117 4335 4540 4840 1551 2695 3009 3693 4332 3822 1429 2639 4571 4271 1592 3645 4893 3568 1668 513 4982 3624 694 3437 1750 1491 2236 2425 1318 3020 1066 1383 2737 3179 4015 360 4061 637 824 4853 3413 2605 3450 1723 1520 4609 986 3477 3503 1798 4949 2664 2030 4628 290 2687 2289 2287 3399 4958 1818 4231 3800 3469 2877 3558
647 1988 4573 4955 1664 3926 3780 4558 946 3155 199 2070 2391 2227 842 2312 4221 70 623 4520 3747 2889 32 1997 2883 4699 1421 3774 1381 225 1181 4980 3847 1235 1457 3602 4071 3477 275 3953 4134 2052 1153 3016 2775 1701 964 3044 3759 2068 3278 2633 951 3287 89 348 3141 33 1820 2832 3754 939 2869 877 670 4589 376 2145 3007 624 1017 259 2223 4042 2268 3477 2311 825 4512 4997 1114 3324 838 3594 516 3132 2486 704 674 827 357 1990 2202 2116 4132 1820 160 109 4365 3013 173 3658 4695 1464 4631 2603 724 528 1447 4050 573 202 3926 4805 787 1241 4149 1763 1208 2213 4279 4481 1722 2332 4246 2495 973 3446 716 2834 3589 2713 2316 4221 4406 4464 3409 2606 424 3244 1031 1623 440 4557 4977 1207 13 2575 4674 111 4017 4058 3314 4291 4088 2411 2394 2591 4786 2081 3720 3619 3924 4566 979 1871 1348 1306 4245 2901 4248 826 4445 589 1071 1485 4982 653 3327 4600 1757 2144 2847 807 1449 1909 4713 2729 3815 4273 3291 4470 3986 164 4567 3635 1207 125 1757 3541
1282 4573 1514 874 1833 459 3773 2215 21 3319 825 1116 4217 4542 2884 2822 3651 1726 1371 2897 2560 94 75 3333 1783 4945 3327 1094 3118 4665 3466 1573 3297 956 2826 1195 1939 4226 1573 2023 872 422 970 3614 1996 4411 1965 61 3689 1193 471 335 2513 3371 4512 1307 2419 4684 1897 622 3921 1356 38 4108 3451 770 1625 424 4937 2982 1509 1377 2589 3825 782 1421 4684 1892 4594 2257 3412 1321 3291 1754 1569 3691 4244 4216 3261 2188 2738 594 1649 1636 682 4342 2084 4627 1820 4484 1955 2604 924 3086 3010 4003 2355 2628 2653 787 1000 4815 464 1029 471 4788 205 567 1350 4852 2724 3060 2208 3354 562 3600 4696 139 721 464 213 2046 3890 3350 3755 2565 3496 1766 1965 1447 264 3710 4919 4615 2453 1157 3140 1779 561 3638 4040 551 111 1308 3264 2067 3528 3365 3667 2188 1577 4147 3948 643 1173 4291 2113 1505 826 4491 507 2960 2956 3127 245 4491 297 3917 434 3587 4109 1797 4938 4089 3209 818 2840 3474 4850 1517 1587 1322 1063 4268 69 4664 1895 918 547 958
3887 4955 874 859 267 760 2083 2333 1134 4985 1399 3485 2242 1212 881 2833 209 277 1803 4641 3562 1887 3017 4176 4937 4801 2651 2506 3200 1830 843 2868 3546 4191 3415 4311 2416 2008 309 3686 4655 4582 2975 2377 4670 3935 284 2036 4216 1700 4623 808 2580 1147 883 4053 3194 4915 2321 1114 4718 2687 618 4903 3343 3824 3399 304 4129 3304 1229 3557 756 4770 364 1940 4407 1826 1328 2819 268 1792 149 3479 3274 1229 3118 1751 3786 3191 1764 4657 4630 4766 1469 3852 768 1652 3963 245 774 2711 3858 3131 3611 3994 1007 2261 1777 4739 2600 1600 458 4082 4100 444 3536 2542 1868 1821 2468 646 4410 1993 397 4848 1123 3791 1245 1435 3531 2465 1781 4331 4190 3699 3049 4817 3802 4264 1557 4392 4256 600 196 1267 2303 2902 2506 94 75 3598 2547 4357 1058 375 3776 4938 2637 1142 1044 2486 1035 1590 3274 3221 510 3587 2186 948 4295 4075 4870 902 801 1993 1272 793 1688 3447 2988 4799 2858 2216 3392 4598 4347 1972 792 1749 300 2499 133 816 3384 2877 4339 4686 3460 4611
3536 1664 1833 267 2321 4241 1392 1671 4993 4775 4791 1850 3543 3757 1779 1993 4447 1335 2972 1797 2723 2897 3392 2859 2669 1943 2831 709 3774 2598 3322 2152 3440 2886 3245 3487 1580 2081 3963 1485 3479 2061 1206 1086 2390 3229 2017 1006 4867 564 2158 1986 1833 3910 4237 3490 876 4937 3819 143 1656 697 3389 2415 2836 3751 2818 1616 4923 1730 1644 3152 4785 2599 2805 1705 1789 4473 970 3868 4777 3294 3403 4725 4643 4206 109 4580 1313 2378 1585 915 4109 314 4698 4705 4698 792 2104 4641 4773 297 582 3432 2158 3639 4655 4381 747 2940 2563 4947 3045 2350 4418 2712 1997 2018 4827 2500 2805 4729 2148 502 3429 4060 2301 4224 247 3844 563 708 3881 1217 4576 3968 505 1315 1260 2125 2390 229 2602 2712 128 2456 618 4284 1482 2090 3089 1113 4602 4559 4607 1453 3555 1817 634 2008 4703 3776 2933 2215 4919 4965 3519 1658 3521 1156 4627 3611 2738 625 4036 3221 1983 1897 4364 2872 2544 4815 309 836 46 4632 1249 819 4804 1497 1276 2055 1419 1448 2207 4344 3615 2431 4143 4969
4431 3926 459 760 4241 3616 432 4450 4876 4289 963 626 3507 1925 3844 4692 4447 3306 464 3964 1103 319 4091 4799 595 1521 1091 353 4649 3222 3578 4492 4029 4103 2615 4469 4102 133 80 3847 2331 791 1416 202 2709 892 605 2116 3122 1641 1681 1087 3985 1840 3688 2479 3941 3554 57 1608 2447 1681 150 2574 1851 949 44 2103 906 1552 3363 3082 1806 2549 3198 2244 478 829 4379 4626 1386 913 798 3177 68 412 1681 1896 887 1447 2433 4975 1415 1607 1755 4461 2634 3905 4623 2678 1179 1240 2217 2880 1440 1846 2243 1209 2691 4313 411 2974 4048 3330 1891 4035 649 4130 2170 3957 467 4014 2530 2420 1569 3911 303 2267 689 4152 1234 54 1702 3132 293 3671 2049 2873 361 694 4261 954 3174 4899 4767 3299 2687 2146 2633 3832 3492 3869 4654 1417 2890 154 1722 1310 4688 4945 1984 775 3962 4598 1653 3099 2235 787 4839 4895 2562 3729 1613 119 3292 4702 4374 4775 3548 4718 4562 4896 4719 412 214 4770 4879 1217 4077 149 4248 1216 2870 4301 3335 3746 3551 3198 945 633
2733 3780 3773 2083 1392 432 4354 201 3760 3035 1531 1439 751 1442 329 933 648 4444 4236 94 2999 2700 4046 3377 163 4154 4157 2823 513 3487 1483 3345 4230 1437 179 2201 4279 4940 1484 819 300 1619 1336 3341 1385 2804 1123 1368 4336 999 2327 3476 4022 864 2453 4674 201 642 4317 4357 3291 4417 4705 3040 920 4760 1474 4922 714 4627 2269 3582 4342 1680 2872 467 158 2475 788 4452 163 864 4556 4477 3436 2327 3938 2822 1185 4647 1072 4337 3473 186 4540 1633 4578 1762 699 2270 3077 3567 3089 4139 3818 2839 3245 4924 4149 1133 4854 4633 1604 3526 645 2705 4966 2791 4888 4514 2595 3823 3568 3775 2004 2276 101 3494 1451 3287 2762 3582 1576 4334 4548 3924 2796 59 1590 678 147 4657 3212 616 4252 2064 4981 772 1652 3926 4909 1624 423 3695 2449 3612 4538 372 1553 3422 3241 1231 4502 4793 891 912 3483 3243 4620 4676 800 3838 4119 2628 730 525 903 1060 3487 2010 4501 3284 1000 4696 4783 3216 2279 1855 3383 704 4049 836 4569 2163 1402 2642 4585 953 4094 4413
394 4558 2215 2333 1671 4450 201 3925 4091 3040 400 951 3862 1231 3057 3533 3453 371 3290 2421 1323 2231 255 4507 682 1402 4856 3039 974 2055 219 2638 1601 4749 3279 1249 3534 3772 381 2165 4579 2071 4204 3604 4941 3598 2888 4470 4247 410 2547 923 2167 699 3172 1184 1544 3855 3232 4914 2844 473 3494 146 1479 1389 3190 220 4726 194 2073 216 3189 3871 247 1290 2459 2575 1960 3773 2235 1523 2940 4494 854 1931 2575 482 1319 1060 4885 2491 1635 4085 391 4194 1615 2291 770 1135 4779 1878 1988 4784 2151 4743 1106 3571 2214 3958 1221 139 4179 4472 4165 3683 2742 2650 295 2002 1260 1673 2126 1411 4907 3271 3107 475 4776 1010 208 1911 1832 2545 2026 2086 1163 2744 2740 755 1606 2148 117 4000 3734 2310 1529 1727 101 801 4940 638 4405 1725 3644 126 2745 1470 3189 4363 840 4487 2241 4752 2761 26 2350 839 1410 4265 2149 2481 4932 4227 1272 2220 2967 2849 490 4468 3117 2690 1139 1796 2664 1041 3926 686 3609 756 3748 129 807 1993 1188 1442 1709 2136 196 465
686 946 21 1134 4993 4876 3760 4091 4042 1688 3370 4743 1068 3275 196 2810 2928 1420 2958 1680 236 3685 2502 786 2030 4815 2460 709 2906 4062 4825 1302 2446 1800 4481 3696 2668 3846 1829 658 1719 3197 4310 3863 706 618 3604 1729 2390 510 2383 1435 2926 278 3046 2242 3173 4452 2312 320 4102 1745 1094 1351 821 1844 2192 4155 2491 3208 1060 3176 472 888 3062 27 888 449 3243 2332 2344 844 254 4169 3603 1445 4490 3752 3177 4951 4786 4491 4096 3861 3063 548 3657 4020 4506 3550 4084 3225 1320 946 1517 4331 1271 4766 1441 4985 1839 3269 1705 2486 3517 4796 2699 4831 2814 238 1161 1287 3568 3035 3949 2149 2571 2123 1551 1840 316 1534 854 2349 2125 3998 471 1151 3037 906 3520 290 2367 3654 83 1807 2285 212 1613 1154 446 4062 856 3952 142 1807 3882 4196 3434 3298 1285 4954 2568 2360 2127 4703 3072 3873 3483 2798 2627 1434 870 1172 2178 3324 2918 4402 1711 1000 4822 750 2659 3378 4755 1242 2240 2116 3119 3876 2242 3979 1789 4653 2187 2144 4410 1370 3268 2634
3544 3155 3319 4985 4775 4289 3035 3040 1688 4566 1916 2639 1788 2316 2858 750 3082 1906 661 3177 1727 2093 952 1152 4657 2658 4376 1211 2610 1060 947 4472 1087 1659 4826 4116 3775 1811 901 607 3024 3739 4025 2021 1226 3600 1632 14 2001 1691 3859 209 4888 4235 2101 443 3344 1588 3068 2641 4713 3802 3257 450 4952 3727 1404 4353 4250 4503 2310 4683 1123 2319 801 240 4815 4478 1788 3925 4965 495 3714 439 2534 743 3230 1128 3197 4780 1908 1398 1753 4314 1832 4186 4809 1702 2903 2604 3308 4645 1378 729 123 4457 1609 3747 2524 708 1224 810 4654 1313 3199 3240 3208 2891 948 2460 324 2344 2822 156 2438 808 3993 2779 3099 4789 2249 4350 590 262 2321 3498 1572 2481 861 1416 4634 1548 3832 3442 2998 704 2249 3244 437 185 3779 3525 4379 2194 582 2061 1729 2356 4676 1466 3208 2362 1935 1422 3699 3448 4890 2620 188 2265 1216 945 766 2560 1256 815 2692 4408 743 1236 281 851 1840 2807 1854 1551 3090 4518 1087 4263 3909 3279 1792 4038 2356 3676 2523 3866 1275 1183
4190 199 825 1399 4791 963 1531 400 3370 1916 133 720 4636 2706 66 193 4335 4419 1579 3874 4026 3392 4769 1484 131 545 4503 3580 309 4019 3401 523 2098 3593 3491 3715 2210 2563 4912 1107 521 2357 1051 2848 2334 295 2885 2746 3641 3886 2233 1514 3564 2988 1570 2696 2687 3066 3128 4026 2706 2907 3815 2735 2111 1371 1411 3004 1367 1233 101 2574 1873 2487 3143 4438 383 4469 3757 2918 2503 2531 3124 115 1555 627 121 2556 4703 4015 2388 1577 1101 1478 3944 1298 4718 1602 1840 1014 2710 4692 3442 2034 4775 2701 273 2532 2730 732 205 224 1585 2574 4276 2613 1591 474 3427 3407 1275 3009 3026 2157 4968 4853 727 439 1222 2414 491 2726 3377 707 478 651 546 1882 2077 4493 994 865 2690 2040 4496 1381 3975 1221 290 3090 2519 238 2015 2425 820 1933 4833 4001 1043 1939 1454 323 2335 1682 1188 2810 3298 3575 972 184 2931 2871 2970 3531 2489 1267 2061 2364 3930 4992 3642 2974 2711 125 2758 2788 1769 1081 2916 417 1025 4719 3950 2877 694 1624 2450 2479 3952 4838
1780 2070 1116 3485 1850 626 1439 951 4743 2639 720 3096 3905 1181 1908 248 2925 2572 3818 1075 4621 4143 2161 1808 2038 111 867 2945 3792 4840 4235 1299 2643 1049 361 2161 2633 4973 1636 4658 828 1307 2920 1803 3813 771 554 3596 2338 292 4555 4972 3260 3500 2666 333 3468 3399 4483 3311 4546 2485 1504 374 2916 83 4963 2939 2116 2503 4490 2972 3234 452 2696 89 1039 2537 4549 3733 4101 2069 2975 4492 1528 3854 3155 4754 215 2884 1710 3804 2935 746 4780 1592 1309 4577 4002 4938 4669 835 1517 4524 2058 3803 1050 3484 2886 4030 1307 2201 2229 373 804 1853 1443 2210 4298 4346 2007 3767 2891 563 295 3876 1302 3727 1692 3403 435 4525 3727 2369 2211 1560 2868 2989 2417 2711 3642 3171 4772 13 2713 134 2587 3976 2011 1566 2729 1015 4350 2381 2212 19 4570 3579 352 4556 1479 3783 4678 2298 4586 1720 622 812 4237 726 251 1222 2838 1071 4624 100 1044 519 1864 832 4533 590 336 701 252 2425 3191 1024 1156 373 2162 3144 1975 2488 2669 2118 2750 1611 506 3039
4988 2391 4217 2242 3543 3507 751 3862 1068 1788 4636 3905 3470 3583 2475 2627 2965 4614 2003 4008 2492 562 4152 3499 3877 3415 1111 4511 3016 2821 2344 4922 1469 1205 3020 660 4959 3707 3809 2330 2186 532 1371 4493 52 952 4090 1827 4720 798 2935 2122 1067 2992 4568 1362 3347 400 977 599 127 3245 3455 1387 2817 2008 2514 3201 1413 3649 2153 4879 1560 2247 4768 963 813 2875 1517 1057 465 4934 1735 1524 1287 836 2451 2300 3803 4514 4731 1379 2388 2730 4295 4547 2970 977 148 106 2534 925 3862 1352 702 1622 3849 2441 2532 1975 1132 3522 1851 4431 2395 3100 2518 4323 582 653 2607 3939 1358 1232 2214 2883 4425 3028 1232 3193 1806 4562 2178 3138 942 271 295 2519 4133 4562 1058 700 3552 2671 461 335 4277 2373 4369 2359 2760 3730 2258 4673 344 1299 3558 4219 3781 4916 4119 3970 364 1563 454 2646 3421 1072 1162 2297 2994 393 1693 1902 1615 2345 2979 2221 2579 2685 2507 944 3345 394 473 1133 228 4386 2979 2085 2027 2627 1698 2584 2006 1436 4776 1419 2368 2672
678 2227 4542 1212 3757 1925 1442 1231 3275 2316 2706 1181 3583 3341 1372 2888 1583 3780 1246 3120 74 3541 4430 3907 4710 691 1668 401 4728 3159 861 3401 1688 4189 4987 859 4025 3819 4427 154 4661 3280 4874 2967 3875 720 1075 1606 1631 1149 1739 4753 1438 1232 621 1189 2525 3172 4002 2353 2240 210 1661 2391 1861 1940 2952 4112 1729 1129 2156 3117 2019 906 3494 76 4382 1628 2707 2023 4843 4959 1945 3867 3611 3877 1716 1283 2212 2098 411 1498 1364 2492 250 1098 2398 1746 2761 1493 2387 4485 789 3748 1474 533 3263 2018 4135 3309 550 4814 489 4094 3432 4061 2872 4419 2538 207 3023 823 4861 4316 474 2167 4376 4221 400 2956 2474 3448 475 96 533 2476 1998 1012 2590 4899 4312 2489 976 2186 522 4488 1483 3868 3509 2901 3443 742 3248 4537 4030 4985 4427 2799 4658 4370 4709 4112 363 60 3806 4779 1939 2159 4199 2996 837 1086 4527 1164 1317 238 2171 1762 264 1243 1235 3728 686 1317 1802 2949 1576 3633 4193 2009 2463 4544 4901 1646 1519 2356 3387 4155 1517 3848
3715 842 2884 881 1779 3844 329 3057 196 2858 66 1908 2475 1372 4590 4740 533 1986 285 3328 1348 1892 1032 3616 1826 3604 2628 220 349 87 399 1129 1991 4304 3653 4814 96 1253 1387 4908 1107 1764 976 822 3245 735 4282 3433 4468 3905 1495 3746 4490 4636 1139 1316 3015 4011 4230 4424 3633 3224 3915 3354 2949 1190 4093 2260 309 1519 1065 3241 1503 1667 1693 239 1530 1047 2229 177 2316 3580 4090 2744 4485 311 2548 1996 233 2948 1969 2744 4104 1441 4412 875 4211 2445 2272 3704 1129 3683 2004 2050 3320 2185 834 2529 2919 1413 4334 165 1720 4440 4880 1591 961 1576 1425 2120 1531 4231 1272 4325 3347 2789 1083 3559 2742 861 4506 3176 4321 1344 1821 1517 1666 4759 744 2954 1029 421 3489 2694 999 4566 987 4085 4522 2100 3002 2503 3430 1380 3526 4443 69 4418 840 4558 657 3851 3758 4045 4391 2125 1023 2789 256 3007 3079 279 3516 1483 3920 4307 3458 290 4503 4186 4619 764 2300 1001 4330 4628 4144 3143 361 3864 3745 843 4508 1878 449 457 4010 1186 1361 4325
616 2312 2822 2833 1993 4692 933 3533 2810 750 193 248 2627 2888 4740 2856 1021 1990 1075 4540 2136 174 3871 1407 4318 1997 2149 3602 1491 4871 4815 4680 3586 2352 3220 3776 4103 1984 3318 3456 3703 1221 2073 3459 978 2380 298 1404 2473 3227 1523 46 3138 3612 3676 2045 3271 3668 3502 1767 4494 4144 1949 1074 4377 604 143 3356 420 4997 4232 3344 3915 761 1201 1262 1688 4086 4498 116 466 3406 870 226 290 1458 1412 3197 1908 4273 1155 3045 1432 2520 3482 646 1512 393 4910 4187 2936 200 1402 409 2935 2387 1541 4035 4584 2559 1346 456 1089 650 4313 1954 1612 4466 1642 2152 972 768 1840 2434 262 4182 1479 3484 2232 908 2378 111 983 4336 3661 1178 2755 3532 1142 1413 2212 915 3941 3105 160 1175 4219 1238 320 253 3654 442 1334 4522 3576 1248 569 1211 976 4331 1702 3065 2345 1963 2131 3313 355 1091 4528 3798 874 4397 1273 695 2095 4347 513 3854 2129 870 3855 3652 4412 1596 2674 159 559 3422 926 3307 4436 4384 1746 848 2170 1270 4283 4647 3701 3056
186 4221 3651 209 4447 4447 648 3453 2928 3082 4335 2925 2965 1583 533 1021 2664 3172 3180 4135 448 2002 4462 3214 2831 2519 1772 667 167 1408 2621 2000 3297 4659 3043 1667 96 499 963 476 1500 2196 4849 3514 3970 1738 1318 1354 680 86 1613 2013 1784 3011 3008 3958 1587 403 2810 922 2681 3562 3156 1930 477 1774 3527 423 2501 2096 2382 4107 4849 96 1898 2792 3271 3182 3934 3375 3495 2473 3690 3907 4280 4619 1330 3251 4534 3052 2506 1931 2879 1149 2664 4196 3467 628 988 2403 4215 4257 2358 4833 348 4436 1442 2358 2640 2081 205 1296 3894 3370 942 4029 4465 3444 1229 1946 4603 3080 2716 3627 4423 2948 3794 2965 2013 2398 3071 4016 4088 589 1449 3669 3643 2729 1708 362 4247 2131 1072 4523 3401 4137 4800 407 1751 3522 3220 1081 2643 2471 4812 3320 1768 1063 4610 505 1000 2699 1439 113 4683 397 1260 532 284 3164 3590 3008 3064 4085 1461 3310 2155 3434 4890 3650 3317 4268 4476 4419 1226 4938 3594 2116 4894 2775 4984 3014 4076 2784 4254 833 438 2437 1783 1042
1548 70 1726 277 1335 3306 4444 371 1420 1906 4419 2572 4614 3780 1986 1990 3172 4525 1416 2160 3438 3729 249 4925 1374 2213 2185 1992 958 3075 3122 1421 3895 3955 3388 4025 4876 3702 4194 3108 3800 3944 4273 274 511 2267 3574 3525 1569 1159 2313 1677 314 3995 1059 3428 1719 299 4165 2925 3291 4518 4143 2630 4642 70 1200 3609 819 4392 1559 2331 241 3519 3124 3318 2720 1319 522 3777 4517 58 4019 2961 1032 3068 3007 3551 1421 2071 3755 1090 3000 4517 4971 1035 2085 458 1006 4341 2734 1286 1780 3861 2251 3263 2718 694 2877 4022 4139 4859 1623 2497 877 3749 4201 744 3151 336 4366 2586 1978 504 1519 538 967 4652 4924 3968 2873 4905 271 4213 2846 2441 2776 4701 4509 1125 939 128 3439 2195 2362 506 3046 2750 4754 3004 2125 1880 3683 4079 2755 1366 1232 1114 2623 2534 1442 1317 4375 3150 3342 1878 3581 3184 3523 1052 4384 4609 3434 852 3980 2928 2616 627 2980 40 1819 710 3652 4997 3602 4773 1052 1477 3672 4925 1395 3318 4001 1112 1174 653 4468 2602 1429 3691
1001 623 1371 1803 2972 464 4236 3290 2958 661 1579 3818 2003 1246 285 1075 3180 1416 4707 988 495 537 3345 2619 4004 2421 1267 3238 1035 599 737 3712 3128 4272 4549 4243 3205 3573 4043 4793 2123 4456 2678 3161 2419 4775 2779 3766 4567 1236 2313 2844 355 1613 4528 4749 4199 2434 2476 2701 4282 2467 3466 3086 2724 1766 3209 3510 299 157 244 4618 1153 4126 1827 4442 4285 1101 3835 2906 229 41 3558 4258 866 510 2521 3195 916 1480 2127 33 3796 1514 4792 2107 3805 3096 2222 1484 253 171 4343 4137 1758 3380 63 4170 1754 2501 3217 2022 4391 1325 1733 2602 1296 2327 2085 1853 1870 4978 4738 1472 3146 3033 3318 992 3710 580 4121 2405 611 3566 2189 639 1173 695 1242 1490 2562 2453 918 812 2215 4065 1512 132 3113 2226 4193 4337 2872 4413 476 2170 928 3208 1378 3972 4829 3275 2582 2613 2906 2955 1423 3515 4274 2010 1371 3550 4949 2541 4651 1791 4176 4492 65 1411 19 3311 4808 3699 366 3509 1235 337 2933 2207 4396 848 2232 4540 4733 4634 2499 4541 1978 696
3280 4520 2897 4641 1797 3964 94 2421 1680 3177 3874 1075 4008 3120 3328 4540 4135 2160 988 4121 702 904 607 2906 4104 2333 4552 766 2275 3323 1959 4038 4098 4644 1746 4380 3462 2647 4183 883 4380 748 1758 3927 2454 2361 971 648 4483 2362 3792 3868 1932 1695 1786 610 2354 3365 4540 2722 2370 3999 4513 2377 2224 3544 1235 1834 4072 4263 3054 2522 301 4737 3938 4965 1785 491 4095 300 3151 419 465 1432 1162 716 1909 629 2428 3963 14 49 3253 3163 2925 529 3433 2042 4126 621 4453 2079 161 3985 337 3173 2289 2872 73 2347 1313 4169 945 3431 1632 4608 1614 4767 2060 1785 2872 2275 2470 2339 3453 1820 1395 1626 1862 706 2494 3996 3119 2577 647 1226 1861 927 4268 721 3830 3213 2950 1411 346 2376 4007 1087 305 2186 1501 2782 2180 126 2019 1550 2998 2484 1794 3206 3124 3734 2517 4816 4048 1780 2083 493 100 1624 2636 3894 1867 1159 730 1463 974 1262 3856 54 4875 2929 3905 4235 4595 330 3104 1424 4977 4396 4145 4899 3789 2422 231 1256 1247 640 1411 4790
1838 3747 2560 3562 2723 1103 2999 1323 236 1727 4026 4621 2492 74 1348 2136 448 3438 495 702 2697 1383 3439 4201 2627 4171 1032 4801 2032 3942 3566 2208 477 2837 311 2588 1413 3593 1898 4261 2342 401 2945 2508 4259 3909 3582 4590 859 1213 1544 4001 4463 3537 4338 3213 4977 3514 88 4719 1450 4358 4530 4594 168 140 1247 4915 3861 1675 819 3690 1602 1753 4256 2459 1527 3626 2106 919 209 2167 2151 1973 4820 532 3582 3479 960 2339 2190 1047 3697 1913 3531 4508 1615 1684 304 484 3638 2462 2412 3861 1619 1058 503 2293 2805 2913 2058 4311 2178 700 1590 4524 4918 2569 1475 2721 4238 3969 1592 1881 456 3875 444 78 2470 1635 1796 212 803 1970 543 2633 2815 3551 1412 3204 1346 3917 2859 3749 1731 4463 2120 2376 2106 3231 1418 2096 1809 3278 3921 3595 3577 844 247 1126 1482 4713 1525 770 1269 1207 611 3194 4210 1429 943 4522 44 4845 942 2724 331 222 4102 807 1813 1868 1272 190 188 4729 2538 3815 342 1104 2301 1365 4420 471 429 1912 1299 3608 3772 782
4784 2889 94 1887 2897 319 2700 2231 3685 2093 3392 4143 562 3541 1892 174 2002 3729 537 904 1383 658 3912 4920 652 2638 759 2909 1865 3097 1457 672 633 851 2000 3724 2946 408 3382 638 2354 4171 48 4844 3974 659 1089 2606 4675 3247 4416 4371 3910 4245 4724 2255 2368 4983 2803 2096 2420 24 3880 1841 4422 4365 3367 1977 4623 2803 512 4800 3162 3940 4148 4056 52 2033 752 2218 3303 700 2720 4526 4240 378 4110 1515 1760 3760 3298 3307 3472 2499 3841 1231 1930 4835 3399 3442 1083 4375 665 3554 4221 934 2217 1903 4777 388 3324 395 3921 1222 4207 2961 3697 3468 106 4183 1850 454 47 2732 1617 2100 3839 272 1201 2507 2826 1011 158 1790 2507 112 660 3090 71 863 2899 3736 2821 1444 4045 3644 1667 2212 1169 1908 4121 199 2961 1900 213 1929 2533 110 4666 178 344 1986 788 1830 233 734 604 559 4051 2216 2297 4346 1816 1322 2573 906 1328 1439 370 2670 1828 3214 3435 2407 4976 1480 1742 2251 879 2586 4958 3088 2483 4635 4841 3825 4993 3257 4553 1576
300 32 75 3017 3392 4091 4046 255 2502 952 4769 2161 4152 4430 1032 3871 4462 249 3345 607 3439 3912 3417 4408 1148 3217 4875 4000 1144 1345 1750 3770 123 3952 3059 3826 155 3451 4884 911 1969 2483 226 4461 2917 3458 1098 919 1483 698 2301 1967 3615 4189 842 92 336 4934 3900 3416 2175 2130 4442 760 766 2674 580 4891 1530 2553 99 1003 2420 3891 462 2549 4919 898 3262 488 2197 1300 4723 4841 482 3764 438 2474 15 2441 2713 3892 1676 2857 4889 3709 4777 2205 195 2320 772 504 1563 197 2982 1102 3028 3341 2891 2993 4092 4873 499 4732 4001 1337 3384 3323 1854 1877 2705 1894 3006 2584 3179 1491 4557 1876 596 348 750 1659 2966 2223 1545 1556 2691 2501 2268 2345 2858 1951 4943 2284 4690 1487 4212 2848 3862 964 3032 3949 592 1809 1137 2414 2602 1307 1110 61 3027 1883 1918 140 1510 347 4059 983 4229 203 125 776 2847 4702 4480 4753 4468 4489 1787 4396 4034 207 161 4266 4979 2136 3906 602 3522 2216 1935 1251 3332 4229 4370 3219 4160 844 2239 1799
3267 1997 3333 4176 2859 4799 3377 4507 786 1152 1484 1808 3499 3907 3616 1407 3214 4925 2619 2906 4201 4920 4408 4534 3087 4932 743 200 38 1843 4922 1029 350 4860 4252 3317 3331 1951 3076 2276 3596 2390 1028 2141 2762 4495 1155 4147 2079 966 4807 4783 4977 139 1065 4081 3479 934 1011 131 39 846 605 4114 824 140 212 161 4452 409 2270 508 4160 1122 3739 4028 669 268 907 393 3126 3692 3691 3530 4422 1438 487 3282 1284 4321 3652 2543 175 3729 1534 3075 430 4232 4257 2395 1475 808 3711 3576 2467 4360 1474 2505 420 3972 4011 3959 4555 4734 4389 456 829 3490 3318 320 200 1924 423 496 2918 513 1371 1675 2941 300 1331 715 4346 4261 4724 4523 1456 12 2514 3223 4725 4901 3284 760 1313 1269 3792 410 630 4638 1430 2869 4988 2510 810 4883 4838 3686 560 1046 2146 2929 609 4171 2719 2577 1097 1635 997 1443 322 3260 1999 2686 145 2178 266 134 151 22 1637 4877 2972 2666 1492 3879 270 1389 2633 4048 2757 1658 1465 2198 3433 619 2519 3645 2516 1742
1028 2883 1783 4937 2669 595 163 682 2030 4657 131 2038 3877 4710 1826 4318 2831 1374 4004 4104 2627 652 1148 3087 3571 4024 4921 4714 1696 696 3274 2300 927 2953 550 2629 4906 4731 2491 1823 3220 1959 1761 2285 94 2287 1180 3085 2195 2828 1569 2270 3819 77 271 1316 2180 1933 3956 1529 2034 2944 2833 1779 2506 224 4510 459 4942 256 3249 815 4651 87 3383 2545 565 3557 3644 2924 4215 1354 3380 2948 4082 1861 522 1879 4398 4013 2678 2705 921 2361 2100 4609 392 2237 1726 2588 1913 1128 1627 2933 604 4424 394 125 2243 1256 3704 1042 1774 2692 3059 1792 3464 1630 3925 3745 1623 3035 1989 3780 1948 1889 1744 3806 2243 986 2102 2084 2608 3010 4735 4705 2399 3322 978 2352 3798 355 1357 560 656 4199 4371 4675 1953 4565 2647 1146 4805 1287 981 4504 4316 2755 845 901 3708 3988 3517 2886 681 220 1525 2845 1941 1427 1117 2826 1953 1014 4206 4970 2954 1361 4805 3518 2322 2430 406 358 1773 3910 1265 506 3177 3377 2670 3225 4304 2993 973 4694 2658 1006 3312 147
2778 4699 4945 4801 1943 1521 4154 1402 4815 2658 545 111 3415 691 3604 1997 2519 2213 2421 2333 4171 2638 3217 4932 4024 681 3318 3214 4042 3239 253 2531 258 4345 2451 2192 3928 891 2233 4952 3143 444 2779 4810 4418 3710 3766 1237 4885 3626 1093 2519 2176 4147 2910 718 2002 2070 219 1313 1897 3348 1218 3252 2450 4143 1663 861 4747 4341 4586 800 2239 1057 3740 2707 382 205 3507 158 3999 200 2888 4985 2343 2716 3275 1734 3647 4822 2389 4967 624 2471 4543 3309 88 339 1452 2625 3992 3463 1281 2898 143 699 2540 3731 461 3400 2533 4817 2874 668 2033 2237 1545 1130 381 4842 320 3857 233 4233 3013 1613 4002 3381 3047 3451 95 2836 1848 4631 1489 2065 3957 3760 3993 3190 1012 418 2047 2375 2418 3985 581 1606 1638 3558 1560 1958 4790 3184 1916 1946 2106 3352 2166 1704 1105 3712 1705 1399 4856 3030 750 3405 2498 4532 2684 1168 1093 2591 4337 3167 1667 2863 2745 180 3721 4681 1604 3087 3364 364 2107 2011 4148 1860 4518 2981 4703 2574 2469 3923 2483 2620 1650 867
3078 1421 3327 2651 2831 1091 4157 4856 2460 4376 4503 867 1111 1668 2628 2149 1772 2185 1267 4552 1032 759 4875 743 4921 3318 216 1898 1593 4984 2692 4524 4330 2682 3962 537 3139 3733 3408 4753 2403 4181 2243 4028 3513 1999 383 709 778 1750 2400 355 864 3136 2036 3385 3726 630 2918 3354 197 4904 3692 4247 1336 3377 2056 3288 4863 1032 1288 1127 2262 3727 629 2461 1588 370 2385 197 301 154 2504 3408 2547 1240 3695 4344 786 3285 1951 1443 739 4356 3765 707 839 792 4996 2968 1866 4854 2933 858 4796 3070 4275 253 920 607 4252 4387 114 2462 2598 3050 3301 555 2376 2123 2784 975 1093 427 4684 1307 4426 3253 4225 1306 1316 758 2475 4562 4749 4342 2796 4224 148 4246 147 1391 2780 1161 3905 2902 464 141 3415 4413 179 1991 2510 4786 1968 2753 2009 720 389 1195 3013 2408 3662 1661 2037 765 4514 2052 2875 2328 1087 4251 4874 3054 2185 1659 1376 347 4489 510 3788 3635 2392 2643 1127 4295 1970 3773 929 68 2394 3512 2166 1292 4366 1036 2670 2813 1879 410
100 3774 1094 2506 709 353 2823 3039 709 1211 3580 2945 4511 401 220 3602 667 1992 3238 766 4801 2909 4000 200 4714 3214 1898 2257 2643 1242 3591 841 121 1476 1646 3683 3822 3186 2725 884 2565 4754 4819 1647 2954 3696 3907 4137 3061 219 132 3229 3380 2667 3430 4642 4930 4040 2163 488 2641 3802 4361 1725 563 4639 826 2513 4360 1737 555 3910 784 1989 1314 1051 4829 4416 2036 792 881 377 1318 2446 3445 312 2748 1600 14 3465 1475 4467 2408 768 1293 3746 2501 1009 717 1193 4384 3332 3953 1349 2155 782 1288 4536 1943 843 4771 2407 1449 3519 3898 2707 1109 3875 4110 3353 3946 2572 3341 1664 4905 3688 513 1039 4117 1726 464 1840 4749 3215 832 2928 2454 3414 246 1737 2453 3412 251 2617 2025 2620 4775 4950 877 1105 4535 3734 4696 2796 4018 4297 4136 1051 2881 3240 3382 2042 4778 688 2737 4366 1869 4131 706 4217 2496 4503 852 228 1768 4633 3401 2405 202 2441 1639 2261 940 40 3709 745 867 432 1292 1468 1555 2763 4524 3871 3421 4555 4403 2274 3779 1576
1967 1381 3118 3200 3774 4649 513 974 2906 2610 309 3792 3016 4728 349 1491 167 958 1035 2275 2032 1865 1144 38 1696 4042 1593 2643 3118 4311 4901 1688 4561 3919 1524 2353 4853 1434 2169 2930 2147 900 3976 3831 1945 3513 1941 2654 4625 3817 4162 3912 3425 3037 3159 3160 25 2984 2640 1578 2798 1351 1420 4060 2443 4080 4227 3882 4191 2642 4126 4807 4212 2874 1251 1181 1685 3789 3483 1829 4128 2293 101 4215 317 3077 1405 4235 627 1965 3097 2379 830 2835 4961 3011 1900 18 3646 1346 2505 1260 327 915 624 1630 4174 4975 754 3856 3373 383 2539 4147 808 4972 1391 4061 951 2319 3356 3519 886 1578 1417 3010 1737 4983 871 741 1098 4513 2970 869 3336 899 2671 3030 2891 1514 1805 3454 3187 4672 4207 4432 1036 640 2743 1860 2912 4351 406 2451 1312 958 2095 1982 1087 4869 4696 1303 1900 4402 846 925 1236 796 2719 2484 2653 3650 4604 4926 457 3414 182 4826 4318 533 3416 2537 553 4304 1049 4479 1930 1226 4017 3867 1024 122 2359 3107 1105 162 1656 3014 1391 2711
14 225 4665 1830 2598 3222 3487 2055 4062 1060 4019 4840 2821 3159 87 4871 1408 3075 599 3323 3942 3097 1345 1843 696 3239 4984 1242 4311 3132 1700 1836 387 143 2613 329 4094 776 1715 513 1507 571 1948 1896 2697 4962 688 2124 3578 3624 71 2543 1952 1090 3009 4294 1595 1331 4103 2120 4486 1852 1963 4493 2571 4615 1449 3970 3738 734 4901 2733 3115 3058 4109 4541 2940 1263 2466 3133 4603 2849 1649 4978 3011 3428 3096 1968 1273 3442 954 885 115 2215 3001 3577 3466 1949 4785 3194 2585 111 632 2405 1240 309 2842 4486 3746 3381 1234 1384 2861 133 1400 525 318 245 2475 1801 3460 2583 4602 1295 952 525 4206 529 2565 3844 1615 2673 3227 2154 15 396 3636 524 2818 1131 3765 2113 4380 4335 3049 327 2242 1835 2124 798 4139 1905 16 50 2023 2560 595 1978 2093 1402 1317 2707 4051 2412 891 1609 4228 1416 2538 2877 3623 1008 143 1318 2064 274 4969 4715 4796 2167 3441 1597 1137 561 4297 485 221 3466 3618 2120 3486 2543 4533 4627 646 4900 3277 4916 2534 2781
3989 1181 3466 843 3322 3578 1483 219 4825 947 3401 4235 2344 861 399 4815 2621 3122 737 1959 3566 1457 1750 4922 3274 253 2692 3591 4901 1700 1000 769 2708 17 3832 2737 2237 1098 2382 4440 2610 4945 2235 2491 3886 2089 4392 1868 937 1107 2859 2359 3722 2630 3895 2914 4661 3939 801 1130 2874 2977 2465 3683 2192 1201 2860 3942 466 1035 489 1156 2820 4478 126 3073 3647 1346 2059 3491 2181 4233 1870 966 1404 2271 1956 2097 2451 657 523 2551 2393 3811 4668 4212 2163 1126 1404 304 4864 4260 4792 389 3391 2151 3601 3335 2263 690 1182 1263 4392 2824 2142 775 4101 2971 343 3291 4749 1100 2589 613 3887 2127 303 4856 4599 4901 2936 2876 2631 1956 2454 1862 2600 4107 2119 3511 2321 107 1906 2438 3070 4273 2710 3662 2321 4038 2006 1497 409 1007 3610 4195 2481 2774 4520 4971 184 4269 2088 3280 2347 2028 1747 3040 2416 948 803 2264 3648 4342 3501 2550 3166 4264 4549 4735 3491 733 3450 2804 4899 4559 524 2299 1904 4767 2344 2115 4937 205 4937 1061 3050 2041 3863 4471
4441 4980 1573 2868 2152 4492 3345 2638 1302 4472 523 1299 4922 3401 1129 4680 2000 1421 3712 4038 2208 672 3770 1029 2300 2531 4524 841 1688 1836 769 293 517 1943 1322 2388 3700 2334 1867 4055 606 4882 2169 1592 4066 2214 1998 2069 2762 1764 4946 2625 1711 1559 4197 1230 4918 4052 1334 1385 67 3523 2991 1195 3095 675 2935 295 4629 3929 80 1459 3708 513 3175 3440 3478 1255 3472 4422 2812 3121 1505 2599 4302 3593 1093 418 3009 42 3303 2501 1869 3591 3947 614 650 2868 707 3576 4792 4257 879 3277 3497 3130 4078 2496 3560 2900 2628 3516 4818 1856 69 1983 1611 2918 4453 4341 4721 2897 3471 4946 4518 4270 86 2826 3406 4806 3629 274 3781 2167 2168 1025 3062 3537 4214 906 1244 51 3498 4573 3561 1486 3596 536 1837 2300 3502 1553 3929 4918 4351 3936 1101 3390 4175 69 1673 1207 2911 2499 4684 2606 4259 2889 1918 2416 3148 1664 509 1948 2125 1489 4290 3745 1223 2899 2047 2027 2560 4609 3250 3387 109 1133 1227 375 1320 2494 3243 2908 3494 298 1768 4341 1410 4048
1366 3847 3297 3546 3440 4029 4230 1601 2446 1087 2098 2643 1469 1688 1991 3586 3297 3895 3128 4098 477 633 123 350 927 258 4330 121 4561 387 2708 517 3885 1006 4648 4362 752 4144 3471 4061 684 809 222 1728 3034 1906 1684 4401 316 3528 1253 1034 2488 2457 308 1386 2999 2924 2851 4902 3848 1819 1531 839 4742 4952 4706 4338 282 1500 4149 4905 1980 2965 571 3428 846 4319 4944 2407 3265 4537 134 4889 3079 3349 1346 4881 4459 1544 1412 4655 3226 3982 3652 350 889 2774 814 574 1247 4292 334 2294 4811 1155 2969 4752 4966 4471 927 3842 3677 2995 4612 2319 1907 4851 3878 1652 4507 3833 4243 4848 282 4738 907 1147 2838 1406 1888 1676 1023 256 2833 4029 4836 3937 2571 3709 2031 1823 3619 3734 3766 1459 1847 2760 1020 564 1108 906 2728 1446 2941 130 3234 1681 2510 3406 4143 4221 3116 2572 4523 806 3744 823 2343 2869 1683 1835 2860 534 342 4638 17 3340 2941 888 294 3672 3958 2957 4346 902 4831 1215 934 1013 1672 4605 4938 2892 4546 2438 4116 690 4679 3104
2294 1235 956 4191 2886 4103 1437 4749 1800 1659 3593 1049 1205 4189 4304 2352 4659 3955 4272 4644 2837 851 3952 4860 2953 4345 2682 1476 3919 143 17 1943 1006 2770 3261 4384 3239 3701 1065 3412 2647 2680 4625 1146 1600 2033 4411 1091 2352 4050 4494 3265 185 2010 909 968 3409 1618 2947 2836 3391 157 1377 2622 1405 4698 4515 3730 742 2351 4763 4183 3901 1111 4681 2373 2578 2214 257 4560 4203 1137 1864 4069 1999 1361 2625 4650 4098 2977 4850 3094 4086 3177 534 4883 3299 1237 4567 3463 659 4866 1968 817 2498 1642 3901 79 1227 3223 4407 3422 4022 2120 3130 4471 1274 4736 1454 2212 484 4401 1583 4936 4805 1265 1992 4553 2263 3792 4983 3956 2136 3209 1863 4911 4651 1114 1547 4351 2514 1470 1025 172 1439 2455 1730 1797 3403 4588 648 495 987 4737 3911 2443 1975 2189 894 2305 1892 1882 2501 326 1895 4015 1920 2400 3401 3010 2823 3695 4682 4091 289 1599 270 4258 3833 4098 3868 723 647 2974 4801 1816 2808 2133 2571 961 1624 364 3457 2057 1887 1306 745 4408 904 4037
4050 1457 2826 3415 3245 2615 179 3279 4481 4826 3491 361 3020 4987 3653 3220 3043 3388 4549 1746 311 2000 3059 4252 550 2451 3962 1646 1524 2613 3832 1322 4648 3261 2105 3599 595 1722 667 4052 2506 720 387 4437 4013 826 3323 1779 502 2515 4248 4835 1743 2614 1363 4913 4194 2797 580 4515 2214 4473 297 1400 3267 4210 3510 2844 1958 1032 265 2291 2265 4801 4023 3351 4264 3905 2819 55 1058 3615 2620 2046 1995 1690 4697 2655 1252 2270 2649 2180 2139 4570 1893 2462 4322 577 3496 1373 933 1277 3643 1841 3984 3155 4564 4018 3963 3025 4809 723 3003 3022 2269 157 668 4564 3868 4842 4835 4011 4384 1204 1676 1737 47 2982 2928 2725 4834 2482 4572 925 4494 3347 3281 62 776 2218 2476 4938 1326 4803 837 596 4810 4699 3803 937 2089 853 307 2846 1373 3991 278 4264 2689 2702 3992 4546 2634 3730 382 487 4325 321 4965 4751 2286 1869 4548 645 3602 875 3317 1835 1107 4525 3913 2886 3755 2459 2594 1377 3079 2552 1842 1791 1210 2423 3919 2398 3689 4468 4659 4079 3466 2560
1271 3602 1195 4311 3487 4469 2201 1249 3696 4116 3715 2161 660 859 4814 3776 1667 4025 4243 4380 2588 3724 3826 3317 2629 2192 537 3683 2353 329 2737 2388 4362 4384 3599 4663 4040 1693 4229 413 754 525 936 4004 1180 3080 4254 2182 2569 3556 4482 3588 2286 879 405 152 3062 3798 4113 1345 2730 2322 4576 4659 2164 3428 2143 3698 3237 4599 2343 2671 4132 3446 2530 3691 2191 4376 3188 4515 1295 2880 4862 1810 4824 1999 1091 2864 3847 201 3654 3016 445 381 1078 1451 2440 3043 3409 2335 1227 1121 3511 3586 2847 434 2075 1783 295 4073 1538 1060 4774 1030 1397 710 349 4219 3048 4401 3286 3293 1922 3279 3691 1563 2618 287 4828 2693 3917 3348 3396 4606 1240 4083 3748 1246 3342 1100 1195 945 4456 1840 4236 4016 1614 3395 282 4165 3756 3349 1591 865 2026 3403 464 4202 932 4311 1801 3643 4480 3564 683 1239 1274 4438 3889 2598 3728 2878 2910 3360 1760 3225 2736 4121 787 822 2172 2373 4775 4049 3055 274 3675 4520 3449 4682 4561 4037 2252 3711 331 293 3145 3424 4248 1192
1693 4071 1939 2416 1580 4102 4279 3534 2668 3775 2210 2633 4959 4025 96 4103 96 4876 3205 3462 1413 2946 155 3331 4906 3928 3139 3822 4853 4094 2237 3700 752 3239 595 4040 4021 1171 2545 4091 275 2108 94 531 635 495 3250 4580 4823 4941 3051 698 4802 1002 3210 2256 3896 1183 1230 1152 1624 1545 64 1599 4251 4147 1725 2255 2798 1098 4506 1110 68 3595 2812 186 1013 2428 108 3219 3091 954 3522 4021 4892 2664 3416 4746 714 3778 943 3214 3317 2576 263 965 4777 608 4801 1232 4883 4496 1354 2266 2848 1512 1918 4060 4652 2168 4246 3161 4310 2806 681 1331 3445 4301 1598 466 1140 4268 2768 4438 1725 1259 140 334 555 77 284 3346 2650 2439 2248 3225 3619 2396 4460 671 2655 4048 1231 4134 3896 1860 3433 1440 2514 2456 728 3580 2685 1046 267 1254 3159 2693 893 823 599 3962 3737 387 163 2235 2551 2131 4865 2710 525 874 100 341 1883 512 127 378 819 1350 133 943 1088 2264 2862 2947 759 3052 717 1524 1976 4237 4242 2977 1805 2143 1678 1283 3199 396
1393 3477 4226 2008 2081 133 4940 3772 3846 1811 2563 4973 3707 3819 1253 1984 499 3702 3573 2647 3593 408 3451 1951 4731 891 3733 3186 1434 776 1098 2334 4144 3701 1722 1693 1171 4497 2907 3260 1201 4644 1923 1656 3421 4718 3922 3292 1263 530 2631 2930 2727 1398 86 1518 938 1056 1536 925 1804 4811 1090 128 3425 3496 1353 3438 3823 4128 2678 625 1481 1425 1979 1293 1296 2963 1943 945 501 2699 3540 1996 3148 2906 2479 4856 4712 404 731 4895 1784 4889 3836 758 4075 3202 4122 1741 3842 273 4697 939 4055 2955 3812 4899 2180 2046 1729 2237 2845 4658 3494 3825 3170 593 2786 4439 3252 4498 614 1425 3896 3193 4433 3466 2715 3224 3976 553 3707 3592 3235 4478 978 3908 3702 1151 4239 1757 4484 2743 3844 3010 3924 4281 2393 3681 2455 1604 4233 4852 4471 4393 118 210 2766 1833 3634 4046 4071 1369 248 853 4836 1769 3415 1108 3813 1808 3022 4099 3499 3744 1791 4731 4362 2692 1400 4056 4671 4753 2009 3683 3094 4072 2720 2190 3477 4126 4724 1966 751 2856 2152 4236 3062 2584
4294 275 1573 309 3963 80 1484 381 1829 901 4912 1636 3809 4427 1387 3318 963 4194 4043 4183 1898 3382 4884 3076 2491 2233 3408 2725 2169 1715 2382 1867 3471 1065 667 4229 2545 2907 4152 4971 2479 4549 1153 3616 149 1842 2685 3233 1929 2559 4805 3708 3070 3610 840 4397 2003 287 3158 2660 3965 4491 4051 4818 4778 1019 3996 1863 4870 3019 2342 840 3659 3389 2330 4086 502 2691 3618 2716 228 3319 2389 4265 3001 2597 71 3811 2834 4475 3486 3114 4333 3702 3090 2158 4241 1553 2042 2241 1283 198 808 1702 3941 900 1516 3648 3139 4508 4831 1742 820 896 43 1791 1875 188 4648 830 2200 2806 1449 4887 1374 1489 2574 3545 2356 1660 3523 214 1387 2776 1407 2490 4941 1402 3251 3541 4741 3456 4427 2194 3097 4892 1468 3998 4701 3002 2302 4898 3715 745 1991 1370 1219 1763 2964 3551 3513 4078 4783 4912 276 4389 3645 3434 3814 675 2380 1691 4926 2324 3694 2249 811 662 4242 4210 2746 2573 2825 1438 763 674 2284 2623 3649 1281 4076 2874 3604 1197 423 3552 2585 1139 1643 1482
3972 3953 2023 3686 1485 3847 819 2165 658 607 1107 4658 2330 154 4908 3456 476 3108 4793 883 4261 638 911 2276 1823 4952 4753 884 2930 513 4440 4055 4061 3412 4052 413 4091 3260 4971 4371 3725 2378 4043 3195 3996 1178 520 4983 4482 315 3142 2358 4453 312 1975 1706 4783 3770 510 4226 904 360 3121 525 287 2045 561 319 4822 2915 304 4739 1790 1054 1238 2730 538 46 245 2762 2991 2584 1560 140 4380 1644 3583 3627 3401 4965 1730 2305 2765 3019 3647 1337 718 4582 2794 4782 3832 590 2805 734 2947 2720 2302 1501 4150 3936 1352 4638 1771 930 2925 1719 2370 878 2810 4610 2633 3632 2224 4331 3213 193 667 175 4364 4174 757 1979 52 3223 3195 4102 398 275 2488 847 4894 3922 2778 2280 3557 236 1162 2536 4563 1561 1788 1323 1733 4857 1642 3198 4526 550 4051 2364 2623 2091 4892 3999 255 1987 1775 1992 1340 3905 842 2628 712 3314 4126 2264 4704 2865 334 3403 2446 4658 4178 2287 987 245 1380 3924 2323 2690 4844 78 2895 4963 4447 4190 4682 4734 2668 40
