N: 200
M: 40
Symmetric: true
Triangle: false
5 160 171 83 159 113
7 96 200 104 50 98 117 80
4 40 183 107 114
5 81 43 46 148 186
3 150 31 180
4 156 58 38 10
2 192 51
8 169 39 89 94 108 173 153 155
5 79 181 30 129 184
4 33 2 17 110
6 47 76 36 121 70 168
5 195 56 163 29 157
5 124 176 88 116 55
4 122 154 49 134
3 44 60 127
7 52 23 20 42 57 178 35
1 7
7 72 4 189 151 8 191 12
7 75 97 103 86 198 143 93
4 62 67 146 53
4 158 69 37 48
4 13 3 118 167
2 128 130
7 100 187 135 73 21 63 140
5 190 177 145 142 144
9 119 109 188 68 111 132 18 34 166
5 123 26 71 32 162
4 139 105 59 77
5 11 6 66 1 194
3 185 199 102
6 91 54 138 90 14 136
6 95 126 164 16 41 27
6 115 137 120 165 161 175
5 22 193 174 106 87
7 197 65 131 64 61 82 101
5 152 92 84 147 15
4 99 45 24 5
8 25 112 9 19 149 170 133 182
3 85 179 78
6 196 125 74 141 28 172
383 4899 4316 4445 618 750 576 1819 1910 4827 3248 1569 4377 2352 478 4044 2069 481 3638 3025 3469 850 4276 2012 561 544 2192 137 4891 2725 4476 3587 4570 2214 2492 4438 792 3881 2930 4220 3925 1317 3797 2684 4363 3646 1117 3197 4632 2562 4227 3870 1232 4641 4888 883 2263 293 1431 1211 3383 663 3865 4515 3779 3096 4289 1800 4740 4238 1773 3981 414 294 3380 3503 1600 3413 3013 2056 2186 4995 2662 4379 2690 4740 3118 4658 2261 626 2593 2529 4198 2024 3364 1958 2903 4458 1852 2301 278 3510 3834 2954 4804 2724 4795 350 2612 176 995 2507 2339 4155 385 4207 941 981 1780 4712 786 3476 2627 4536 4331 3735 810 796 871 1418 2855 3082 399 1559 3430 732 1068 4732 2236 4314 3922 1941 4924 3862 2506 2380 1377 1841 349 1792 1064 2151 505 735 494 2417 3764 4451 3670 623 3547 1451 4386 3026 3656 2741 4857 1679 1523 2950 4896 4228 1591 2510 4377 2500 4049 4941 4558 4591 1974 640 1611 885 2949 4092 4355 2547 4474 1408 3278 1410 3460 2617 907 3988 557 1179 2200 3719
4899 4467 875 4187 1452 3702 2591 4961 1875 1005 2410 1554 2992 4398 1389 1801 471 4187 2450 2672 4493 309 1015 4143 3351 3703 4411 2068 1481 978 2735 4239 3920 3350 2399 1653 4913 2127 892 3780 1790 4277 846 2104 1307 727 3670 1658 3872 2694 1504 4276 541 582 688 3420 4495 3682 4257 1073 1051 2500 3159 128 4608 1047 4702 4099 2372 3400 3242 4920 2794 4441 4784 1854 3521 558 964 1670 3020 3296 57 868 436 3944 2756 4938 4465 4394 1745 4768 1621 4633 250 2303 2773 4261 817 2840 766 2067 3588 1152 2688 1917 3034 1368 4022 3565 3501 3720 4943 4927 4852 4342 4861 3225 4671 174 1644 1783 3330 40 3272 2518 1305 1299 795 740 2322 3206 1253 3451 3231 1663 545 3446 1287 4714 3023 1848 549 587 3931 3760 4814 676 4932 1178 1102 1432 1856 1856 667 3310 209 618 2422 813 1506 660 819 4464 3787 2883 3572 3337 3900 3745 895 1711 4611 1630 3567 4010 4498 192 2624 1884 2105 2077 4478 2809 2165 162 3224 1691 1082 2512 1688 2739 4613 509 1411 4131 1607 3377 353 4629
4316 875 101 4710 4419 3654 2502 4128 3035 2008 1544 2220 3299 4718 2406 3007 2003 3670 493 661 991 2356 1912 2058 515 254 3805 4170 50 1361 1668 4488 4288 2169 3293 566 841 3189 401 4348 3584 1851 2159 2765 2778 3733 700 3506 1949 4481 3219 4257 4015 4853 3099 4877 4856 169 3781 4507 768 4432 326 2177 470 3715 3017 1182 414 1846 955 1731 22 1624 2925 775 4148 4884 1164 4412 652 3252 1203 3156 193 3949 3790 526 1925 4590 476 507 4283 2066 4816 1654 109 2123 4881 596 1543 2488 3428 1605 4422 3988 692 1456 1062 1314 3211 3775 380 544 3358 2501 4171 4995 2061 1400 2769 1575 4996 4043 2870 4290 1794 3583 2193 3001 2933 1820 283 2463 1951 2164 2725 1775 4224 3440 308 178 509 1594 19 2100 3295 1771 1206 2838 3759 1606 2446 4961 290 2593 3681 923 2791 4023 2586 4912 778 3539 3759 911 1714 540 319 1876 148 4100 983 322 3107 737 1812 4001 1756 3869 2302 3306 1253 3802 665 959 243 1164 922 3912 4641 1818 4366 448 1129 1916 1885 4861 2363 20
4445 4187 4710 1208 3723 2544 2690 1028 4969 4448 1464 237 360 4486 4154 2700 4110 4699 4673 118 638 3250 4988 4596 1782 3990 3212 4472 1236 2365 1192 1504 2816 4728 2376 3408 527 1662 2996 4601 4758 1247 3188 2787 3908 4941 2698 1524 4302 4025 3112 4816 226 576 4850 230 3967 39 60 3692 4348 1821 2197 2033 4496 170 190 2893 774 3078 730 588 3807 3768 2917 320 94 811 2022 4899 4731 2435 3817 3301 649 3717 1242 1293 1007 1513 4384 4523 1033 361 3116 519 3403 3040 1790 3427 4394 4008 733 2677 1928 1798 947 1971 175 3023 3678 1894 826 3244 2404 4445 2014 1251 1559 1322 1972 1632 802 4178 4723 167 3516 4263 2180 4618 3010 4263 2379 2729 220 1607 4317 2477 3213 3071 2419 3493 4233 3232 3879 3247 2029 4117 2329 3401 4537 4189 3409 2386 4682 1385 917 131 4879 3933 541 517 1386 2237 3271 60 158 212 1791 1786 2160 3598 3982 40 468 1217 711 2497 1988 3280 3048 4276 1286 1791 70 1579 2992 570 2685 2798 4935 787 3395 4309 197 2561 2259 3883 2285 1236
618 1452 4419 3723 2431 1046 2289 591 2482 3547 3687 1559 1505 134 3835 1858 4535 2335 1774 2214 4142 1832 4165 2149 2010 2174 678 826 2194 1918 2124 3157 1644 86 3179 67 1063 4453 2928 4686 2444 663 4897 807 2929 3581 4340 4209 4936 2469 2932 4303 1075 4732 1753 4254 3207 4726 1860 4851 1021 1657 4758 1642 1375 64 2476 165 3706 1507 3963 2064 1392 3690 4270 4696 149 4073 2287 3279 4290 967 1283 4126 2906 1452 3643 3833 50 261 2459 1229 786 1978 3981 3179 327 2475 2174 3034 225 270 2270 4877 1906 4851 512 4656 1042 2786 3490 613 4939 2065 515 2226 1051 3887 4978 2209 2008 4069 1452 219 3546 178 4468 3784 1204 2558 447 4483 3196 1783 2174 262 459 4596 4474 2853 1658 2465 1485 4328 4392 3601 4053 2787 2661 4906 2164 1516 2186 4229 4480 1903 1395 1763 2062 232 4694 2347 2243 4082 4809 3595 158 1422 2271 2613 2153 618 1397 1660 4942 541 4441 1306 3009 2103 939 163 2311 946 1472 572 4274 148 3837 1812 2807 2728 3080 4625 604 2800 2455 163 2981 88
750 3702 3654 2544 1046 4610 1902 3019 1732 3767 1975 1590 4663 994 2659 476 1560 1873 587 4770 1804 2039 2909 2617 2474 4787 4463 2878 3533 2252 2900 1117 3617 3731 3002 2975 4865 3245 633 4225 924 3641 613 3845 3043 2279 2737 3299 931 683 4553 695 4738 416 4547 1069 3963 1955 2590 118 483 1623 4855 2634 4602 2072 3203 27 4921 4004 2766 36 188 290 4924 4618 897 846 2317 352 4678 2906 981 1855 1986 4820 3635 1202 2482 1082 3406 1351 4585 74 424 2724 4094 1937 3638 3795 3068 509 4039 4203 2784 670 3547 4441 3888 4252 4115 1327 2645 4189 3120 4269 3039 872 968 3208 2247 706 2150 3697 1024 1758 1018 3326 1768 3388 4361 748 471 4390 162 4646 817 4577 2275 4760 3384 4179 4783 1457 3723 2049 2642 501 1185 580 2087 2722 3258 3007 1257 4000 516 4477 4259 4001 3040 3374 2955 1029 1531 1431 754 4659 2250 3439 1853 1343 3952 2224 2734 4924 2835 4957 3682 3947 503 1741 2987 3356 4880 1394 1271 1350 1913 2124 510 426 3889 3694 3926 4687 1115 4049 2063 3271
576 2591 2502 2690 2289 1902 4867 1984 3306 345 4395 1311 4286 2923 2994 1618 4855 411 731 4187 535 2237 4007 1727 1127 1229 4521 1544 3366 3212 999 3195 4739 1248 4017 1918 3665 2571 2122 2085 2140 3458 4007 4136 1362 4379 3660 699 3532 4043 1698 767 3737 579 3977 4059 4868 4194 1810 1249 4942 1679 2806 592 1477 4925 3032 1581 3330 2400 4298 346 4426 784 2621 269 2783 2227 773 2465 468 3928 1135 4218 4688 4270 2714 1534 1852 1553 729 498 4721 2331 2327 603 4123 1336 3734 2153 14 3722 832 4508 2887 45 3074 1933 1375 96 2642 2172 1639 4651 37 4557 3067 1393 3403 812 978 4865 17 2054 1828 2942 2230 78 1849 3187 1805 2359 4862 4256 2417 2542 1631 4792 3216 1077 1131 3639 1651 3028 3779 1757 2377 2496 3189 2355 1862 3984 973 2317 3550 2545 3670 2007 3622 3799 2888 3877 1800 1556 1153 4761 2754 740 4940 3876 4085 3218 1247 1464 4583 3860 569 3432 514 4200 3461 300 2777 4836 4836 2604 2420 1962 2091 4663 2012 3817 2887 1075 214 1272 3033 3676 4196 4284
1819 4961 4128 1028 591 3019 1984 2142 1286 987 1635 3406 3452 2301 3029 1904 2763 1808 1934 2840 4105 3467 2775 1737 3197 57 740 4213 1876 3968 2290 3872 1877 1675 662 1352 2146 4642 81 2997 1685 1162 332 2444 3286 1044 1259 4801 2554 810 1827 3894 2932 4768 3183 1658 4768 402 1083 2130 2271 4210 2692 735 99 750 3076 3813 670 4468 4214 701 3112 221 3366 506 310 4226 3187 818 3634 1218 179 3322 95 2510 2369 926 1210 2615 1704 3650 4679 674 2526 1816 4231 2306 693 2754 1085 2671 2933 2093 1748 1329 3017 2111 2483 4364 4038 2099 3883 1429 2054 1005 248 1378 714 927 872 1398 1675 3746 4330 3571 1704 3054 4440 3641 3743 1221 922 3648 1028 470 4841 807 1806 1821 886 2389 3320 2948 378 4991 1556 4056 1564 564 2072 1726 2652 54 1537 365 2617 4929 1632 3321 311 611 1988 2853 4736 1935 4319 163 1230 1875 266 1060 559 2131 1767 3884 4387 948 962 2142 3605 2153 4259 333 3448 3606 3125 240 254 4194 3847 1550 826 1064 4000 16 3605 4918 2057 4229
1910 1875 3035 4969 2482 1732 3306 1286 3853 3604 3664 2518 331 3952 1664 558 2994 3816 1136 4907 1697 1912 2013 762 2432 4168 3606 1853 17 4687 3056 2871 2090 2306 1706 3954 1952 2253 4344 3108 4684 1321 2974 3690 4024 2310 3819 4240 1777 4854 2469 2713 1765 25 1474 1870 3106 598 1915 4894 528 4240 401 1865 4321 3674 3056 2157 1937 1315 1309 1172 3967 168 4960 4162 2564 3460 894 1796 2346 3744 3063 4550 2115 245 1700 3265 1082 2742 2251 2569 4966 1564 4305 981 3657 11 2053 1379 236 3031 3416 3184 4495 2228 277 3241 2562 2670 1879 3650 3514 3887 1990 3687 800 4305 3109 496 4809 510 2832 1385 2623 1043 767 1147 3006 2349 365 3237 2977 2433 4212 1432 4676 2050 3919 4645 437 595 3283 3481 3387 4267 527 644 372 186 4882 4531 3822 1719 2689 1818 574 1820 2832 1035 2822 1514 2292 2328 4264 1164 1301 3549 4812 1839 265 3483 3381 47 837 368 1098 2710 1862 2105 4051 1856 4659 461 2113 3983 938 2343 4255 4094 4584 3948 1060 958 2802 738 17 2859 4472 1646
4827 1005 2008 4448 3547 3767 345 987 3604 2238 3737 551 3980 3248 993 4817 4956 2607 949 370 624 4254 3650 1191 22 2469 4750 1288 1700 4132 4641 4351 1574 4088 266 2225 3539 717 2570 1683 2879 4722 2215 4226 3797 143 582 2614 1303 3229 2850 1260 121 2974 3959 483 3096 4063 2537 550 4615 3932 1175 3348 968 2986 2519 3804 2881 2668 2829 1945 1800 153 3208 4863 2358 2592 4559 2161 1883 2285 3228 1219 713 2822 3413 2766 4501 3458 145 276 130 425 2307 1985 781 3268 238 3886 3312 3147 1349 164 3297 1116 384 4388 348 1827 4495 1961 1187 187 2500 2604 2075 998 2187 2282 1026 4158 3919 3115 2016 2902 1838 3018 3129 2190 975 3878 4696 2092 1515 2802 3707 1452 3630 2158 3515 1614 4238 269 4824 4438 3690 3012 2352 4647 125 4769 4795 1106 3196 2910 1147 2718 1807 140 4801 4367 4139 2936 4102 979 2305 1839 3537 573 1471 3209 1747 2305 3475 3367 3284 4624 3979 2570 2859 74 3545 3979 4736 2455 4207 3281 1986 3371 488 3703 3288 726 1262 4621 1199 335 1426 3327
3248 2410 1544 1464 3687 1975 4395 1635 3664 3737 131 2853 1337 4231 1614 1509 1496 2612 589 462 2991 680 3932 3202 551 2288 4927 1488 1986 4727 904 1093 4955 3115 3742 2579 2649 27 2764 2932 1359 649 271 190 2106 4154 3784 4789 4792 2425 4381 4123 2477 1156 4420 387 947 2922 2024 312 2271 2450 3767 4893 3826 1561 2108 3527 669 3235 740 2982 1687 4965 3349 4020 4080 3021 1858 1806 3009 3546 1416 2473 4053 1482 735 1529 1344 3192 3752 3276 4566 1060 1348 2281 2689 2679 781 2396 4753 1009 3876 367 2868 3679 3798 3002 526 840 3039 548 148 2711 2581 1648 2925 2221 1417 2413 2600 1160 4352 2526 2248 2290 1265 29 4288 4563 3250 2460 519 1560 122 2159 134 2016 1298 3385 1547 2141 2400 3602 808 1918 3569 4431 3727 4422 3204 2233 4044 2799 1634 348 2668 4108 2274 3325 3211 1867 3065 434 4919 892 3788 3784 2580 4594 3425 517 751 1324 1068 4350 2029 4808 4008 3974 526 931 767 3689 3783 2637 487 597 37 560 1953 1040 3540 3258 3387 3810 1743 3349 4809 770
1569 1554 2220 237 1559 1590 1311 3406 2518 551 2853 4734 578 736 3171 1418 559 4164 4716 425 1132 3380 2980 4002 3926 2616 2053 855 4179 4287 4557 3231 3335 1894 2627 3355 4475 2398 437 548 13 4389 314 4454 2840 1006 3150 4449 3999 4404 630 1904 737 1171 2030 2795 4805 772 3299 4727 916 591 1316 100 332 3325 3987 733 313 3746 2169 3237 1761 3466 3157 3936 3150 2854 1160 132 3569 4779 2234 3797 1965 436 2485 2770 264 1802 1323 1519 3793 2395 1239 2532 336 4616 3383 2399 1947 3926 4486 4764 3585 1517 1017 3886 919 4629 4877 2214 685 2149 2753 3448 556 2464 3184 1762 170 1165 4235 3774 1824 981 2813 2084 987 2287 915 721 3898 2253 4558 4141 3348 2964 1384 2774 826 1918 2117 3625 3624 4610 1955 4963 1570 4245 1536 4200 2711 4659 4446 2484 2621 454 4774 2498 4757 834 1754 4943 1906 648 604 3263 2346 385 3063 996 894 2998 3133 286 4652 2768 3888 1171 3551 3807 4800 1017 495 4082 493 1976 4448 4176 3634 34 4439 458 4908 1165 2479 3597 4520 757
4377 2992 3299 360 1505 4663 4286 3452 331 3980 1337 578 1467 3106 3965 3606 896 2156 4418 2014 1134 4139 2514 1236 645 1389 2971 1913 4508 1648 3873 4367 474 3713 4574 1856 2133 1166 4614 4493 4305 1129 4319 3193 1093 768 626 4608 2998 2313 488 1536 1357 1865 3965 3275 3149 4794 849 3007 1026 906 4113 4706 4530 2497 1274 3066 2997 3928 4994 4649 1169 4463 1893 3606 4173 3111 1299 4718 1664 2818 3225 2212 1749 1343 303 459 3745 4525 2400 2821 1634 23 1133 4250 4066 305 3518 537 4578 3917 975 1239 2454 3003 3994 3355 4214 4408 1539 452 3075 1122 4537 869 2356 4253 2210 3599 2080 1052 1317 1546 3641 30 1048 130 2679 3958 2514 3269 2381 1316 1436 4601 2568 2935 4056 1397 2950 223 4726 3966 2600 606 431 3953 150 3497 3611 1570 1376 4143 3179 1740 761 2868 3165 4891 3588 2860 2538 3547 4577 3420 4897 1834 300 4139 3566 3617 4391 1495 664 1364 1980 1723 4650 3224 4241 690 4207 1752 3537 4561 4758 346 397 1865 4972 4107 1335 186 2813 2378 2226 672 567 2749
2352 4398 4718 4486 134 994 2923 2301 3952 3248 4231 736 3106 487 592 1327 1623 2530 1879 4946 4915 3505 1865 105 1318 2831 4453 3801 1367 3147 281 322 171 1564 180 1428 4199 2023 2640 4393 1071 450 865 2486 206 2902 2843 3376 2974 4697 3793 803 2585 736 1654 3855 1353 4415 291 3893 3340 3796 880 3750 3661 3756 2196 4380 4200 3558 2729 4786 2802 2086 4266 3619 4328 3353 2650 2699 51 4745 1843 1246 3048 2411 650 2170 1922 3644 3217 270 2957 3981 353 3691 1609 2653 4124 4178 2147 1203 3448 4778 1948 3338 886 2192 3278 361 2007 952 4975 216 179 3513 1788 4653 1696 4036 3480 3906 4545 238 4314 801 327 290 1588 3653 1688 59 1402 607 3086 3646 4041 507 4070 2070 2222 3076 123 3329 112 1422 4948 3757 3163 4784 1388 1360 3094 1178 1006 1318 2334 3343 678 4841 3542 2352 4658 4776 3891 247 2354 1181 3227 4682 1934 3647 1517 2762 1774 434 1630 4485 557 854 568 4175 441 3295 103 1016 3234 1920 2066 219 314 4426 582 4199 3940 470 2068 352 3122 990
478 1389 2406 4154 3835 2659 2994 3029 1664 993 1614 3171 3965 592 2547 1191 4041 2045 2605 803 2147 578 1537 3081 4608 2449 1986 1571 345 4864 1891 2244 4511 280 4461 3507 2460 2322 2937 3985 3767 247 2561 2811 741 1392 3785 1615 4164 3535 4472 3589 3526 2999 103 1126 1741 24 1195 1258 3827 3562 610 4437 2076 3963 4033 3843 918 2282 2749 1886 415 4979 2513 2276 1918 3668 4576 2435 926 2331 3619 3974 346 2209 751 738 1897 2642 1928 4349 3054 3083 1862 1783 1619 682 3350 1094 771 1210 1853 560 266 3183 1219 993 1981 1266 1844 2021 686 948 1992 2289 4921 2544 3191 3996 2064 280 4841 1989 1796 2812 224 2362 4178 3251 2131 2478 272 541 2950 2796 4711 905 4590 2418 3005 573 1152 4095 83 109 4069 4350 1256 4624 1471 1719 442 2896 15 3283 525 3107 4361 2108 4780 3588 1910 475 4621 146 2452 1681 3258 3645 3862 2873 1470 2337 1601 16 4699 612 1659 4177 3037 312 1428 841 4961 1667 3747 2520 4509 4138 367 83 3004 449 147 2137 4900 2619 858 3161
4044 1801 3007 2700 1858 476 1618 1904 558 4817 1509 1418 3606 1327 1191 4509 1946 2156 1601 4400 4630 1792 4759 3639 112 1484 2386 3487 4506 2059 870 4247 1143 4012 257 3050 3500 2201 3604 4858 1963 2158 2210 952 3426 819 1415 1090 1154 125 304 1854 4079 4244 4878 3885 2766 1220 2099 2738 154 3606 1894 120 1815 1931 3333 1115 3491 2106 916 3760 3766 1065 1012 830 4165 1797 932 731 604 4000 530 4298 2941 987 3528 245 3862 252 4380 1563 260 660 1364 1836 4099 3919 4461 2916 1165 3390 83 3995 3961 1275 2632 1695 3309 2723 1025 2444 348 3521 3241 3205 1444 3275 3620 60 3756 1278 3954 782 4010 2297 1634 131 2769 1307 4701 2918 3673 3302 2071 2660 3432 2785 4510 3025 3880 347 827 627 1735 4751 3539 1516 4864 2254 1879 2887 3630 2582 1418 2335 3587 1869 3188 2506 1845 2256 3010 3697 4538 2241 4079 1644 1318 1425 4529 3575 701 4715 2590 998 628 2029 967 809 3190 695 4092 4951 1439 2200 1207 4893 4987 1590 4568 2443 322 3879 2708 2815 3447 3454 2756 4190
2069 471 2003 4110 4535 1560 4855 2763 2994 4956 1496 559 896 1623 4041 1946 3918 909 1334 1517 754 1178 2917 776 1970 224 1827 1579 2467 472 1113 2445 1503 2702 95 2268 795 3373 3810 2983 1103 3574 2454 4764 1455 4973 766 1267 2070 1633 4907 372 4678 1096 1274 370 3825 3658 1049 1969 820 51 354 217 3997 3975 1214 2878 1321 4800 4448 4945 912 3756 3585 1529 564 4873 350 2724 1077 267 3621 158 3510 4252 3565 3258 3104 3523 2404 890 731 3900 3916 618 760 370 2985 2235 4934 2612 3298 4377 1772 876 303 4580 3976 1093 1738 2004 3677 1177 1490 1391 535 4033 641 1184 72 1298 1300 4634 1079 120 4654 2058 3535 582 4083 1499 4856 461 4248 123 1807 1940 4945 3166 1368 315 2638 3169 1060 2934 4002 3641 4120 4420 4506 1107 1483 3278 621 2458 687 2776 250 3523 4340 4894 2278 2971 2948 4913 4630 414 220 2706 3050 378 4978 3496 2837 3099 604 2257 3665 1222 4897 1439 3769 1023 4814 4151 3496 2994 1334 2352 3613 2129 4025 4384 3247 2709 3794 1416 1622 4670
481 4187 3670 4699 2335 1873 411 1808 3816 2607 2612 4164 2156 2530 2045 2156 909 1217 2948 1859 4242 407 4977 4418 1913 3879 2410 2922 3183 3127 4973 1840 2201 3127 925 3862 1716 1394 3332 2205 2174 4359 1523 3573 3050 3675 4263 385 908 2367 2178 4020 1218 2118 3944 130 2324 499 1545 3800 725 27 605 4487 4961 1011 2541 3252 3769 1013 3201 4581 2734 1017 1597 1912 2969 2589 2433 1549 169 4109 4473 3496 383 1062 3261 149 1320 4759 1076 2222 4485 4877 2990 2346 3054 1871 1802 818 4828 3942 3659 4613 625 2844 3217 4021 3306 2460 2048 1742 1033 3978 1464 255 4040 229 3349 3623 4368 471 969 4492 1214 269 290 3342 183 4609 4419 4198 2805 4017 4217 443 3834 1229 4412 4471 3618 4816 1611 4208 3265 2551 1311 4185 4686 2582 4886 4152 1802 4300 58 4901 1742 3096 4490 27 4878 1025 2631 2153 1892 1213 311 2789 3858 3346 3453 93 4220 3674 1038 1964 4100 2588 1148 856 1390 1709 228 1099 925 4174 453 4947 4415 2115 1181 2360 143 441 3264 2948 3751 2978 3326 2902
3638 2450 493 4673 1774 587 731 1934 1136 949 589 4716 4418 1879 2605 1601 1334 2948 1148 4304 2928 1493 3635 2960 2665 1108 2428 1900 868 3743 1685 204 939 3094 1130 510 2912 3330 4054 459 1169 3184 3867 224 4150 1317 4903 4694 2638 1347 2851 1210 3700 2632 4087 185 663 1979 3380 770 4665 1152 2301 1122 1092 2802 2135 149 1563 3855 4950 4848 1267 1302 117 2703 3574 1777 2667 289 836 4600 2365 4686 3135 4681 4495 1860 1328 3892 4589 1102 150 4544 614 4956 4491 318 3147 4840 3655 2655 193 4894 3600 4550 3014 2097 4536 1851 3959 2110 4124 3162 2022 3181 2113 4742 3699 4715 1518 4803 1989 3484 1504 1591 1798 3105 2337 3045 2342 4788 2775 3119 1184 4265 3100 363 2801 2470 4552 3010 1582 1955 17 1282 2397 1010 2200 3402 2158 2647 2233 3607 384 4891 543 3174 336 2039 2719 2082 3969 3895 1422 2409 1286 4455 2441 4490 1801 1690 4451 2486 588 3762 419 3839 190 1288 3931 1842 2706 2823 1784 4053 3430 2767 2215 3493 4780 127 3223 3267 371 617 67 2057 2190 1549
3025 2672 661 118 2214 4770 4187 2840 4907 370 462 425 2014 4946 803 4400 1517 1859 4304 4450 160 2888 1713 979 2722 48 258 2862 2693 308 2592 2597 3376 343 2046 4372 989 1842 3224 3355 3110 1455 2849 2629 3087 2723 447 1940 2707 2043 153 3918 439 1182 4394 1052 2929 3773 1238 2928 1037 1344 4248 3316 3168 4895 38 2339 1267 724 1985 729 3241 2857 2956 4614 385 4896 2994 4335 131 813 3244 2482 2862 4752 378 3580 260 988 2485 907 1782 4791 3847 3760 484 3619 3014 1169 4257 2907 2493 3635 3138 2162 2803 2100 1429 4491 4065 4953 213 38 1957 3388 228 1919 1738 1245 4965 1416 1214 2485 143 4537 4180 4897 1283 3938 32 4955 268 2940 4289 4636 3026 3377 745 3632 956 3993 3212 2075 3011 2499 1130 4106 2168 2934 4594 3158 1683 4226 1275 1952 4780 127 4461 1953 2999 698 2521 4471 1001 4516 511 2089 4542 3698 1872 903 2680 4842 4807 3082 2769 532 1098 2394 1208 3300 818 4136 1164 297 1956 2835 1874 3613 4086 3304 687 569 2113 3024 2597 334 3451 2421
3469 4493 991 638 4142 1804 535 4105 1697 624 2991 1132 1134 4915 2147 4630 754 4242 2928 160 3676 238 4394 1445 1034 1383 4908 4230 4270 1999 3619 1746 3876 1947 566 4377 313 1063 3759 1714 2038 3970 232 2463 2864 1280 4054 4879 2103 3845 4176 1918 3831 3329 4330 1166 3071 1204 4114 1990 3581 3251 3525 3747 4104 4340 3931 4970 4116 254 3468 1527 2433 4301 2809 739 2970 1066 74 4035 658 2563 2855 2301 3463 4138 2513 3206 3439 2524 700 110 2195 3641 61 3597 4931 4259 2533 102 2914 576 1995 2757 3545 1429 2178 4701 2901 4391 3154 1925 4696 4193 1598 1603 2483 2887 2357 2101 1203 3054 4473 2180 4817 312 1496 3338 4975 4529 3523 213 318 2703 4549 4622 445 3904 4023 1381 3992 4997 2077 745 4307 3511 3036 878 1627 1698 884 1714 3598 2056 1486 3488 2988 2029 2477 115 36 1888 1722 2483 1546 3600 2647 903 2374 4183 2394 628 3575 2065 4969 3084 247 4586 4257 3266 2122 599 2437 4068 3887 223 1888 724 2646 2747 2145 2735 3149 2654 492 3855 3644 4521 1381 456
850 309 2356 3250 1832 2039 2237 3467 1912 4254 680 3380 4139 3505 578 1792 1178 407 1493 2888 238 4492 1793 3021 4586 1081 607 2681 1888 447 1721 3770 2015 1165 642 4625 246 711 681 3901 389 2932 1063 2325 2928 2748 3180 2398 946 270 3695 1519 2236 4311 2677 1562 2846 2359 2381 25 670 693 1524 1409 1538 1904 3597 4980 2261 2202 1122 1283 1428 1336 2091 4261 2527 1453 678 1079 4122 1938 2012 1702 3825 4729 111 2423 1327 4767 3955 4683 4724 4844 1428 2781 1679 3444 2171 1769 943 1246 1003 942 2395 2529 1910 2677 3621 2269 1647 4216 768 2912 4460 2290 4092 1794 740 1137 3657 3734 4624 2881 555 3022 2154 258 1071 1294 1471 3580 496 4323 1078 3760 4463 3225 3459 2222 3814 1212 896 582 151 2993 3317 173 4137 1702 1272 1049 57 742 1464 4958 3200 240 4423 3018 712 3461 3200 3167 4916 2182 4147 4984 1510 2335 1481 1553 1216 2613 1925 1402 3332 2018 3964 3560 1163 2124 2801 2765 1893 1223 4951 1334 69 1405 490 3555 1318 4198 2905 4973 826 3555 3098 3891
4276 1015 1912 4988 4165 2909 4007 2775 2013 3650 3932 2980 2514 1865 1537 4759 2917 4977 3635 1713 4394 1793 2948 1673 3660 2372 3408 74 1510 88 596 4418 3024 3001 3073 487 854 2197 4908 3514 4550 686 3903 397 3736 1002 4855 4585 1966 4626 179 1303 2667 248 3780 2429 1123 1034 3204 2653 85 73 4809 3580 953 25 2616 4813 3118 4397 4744 1625 1629 4737 3099 1434 3973 37 1957 3500 4424 3629 1411 1885 3922 2211 4959 2155 4671 1775 2011 2631 4949 1964 2158 3381 2782 1526 2366 1496 3649 1440 1280 2625 577 1179 4914 3267 734 1967 2716 1432 4221 2732 767 1557 1588 1018 729 3401 3797 3650 3950 1813 2362 4723 2837 1968 929 4763 847 4324 834 1095 3084 3167 857 882 2841 3303 4186 3587 40 1455 128 2448 1799 3493 1689 3442 1049 4079 1946 4470 4261 1350 923 2589 662 401 3850 1651 2745 4481 1637 641 330 3750 4728 3193 835 1992 1579 4454 3956 2208 2477 4933 689 785 4281 2414 3108 1743 2356 2321 2175 2616 3795 3914 508 4115 966 1853 4759 72 1481 1754 4726 2716
2012 4143 2058 4596 2149 2617 1727 1737 762 1191 3202 4002 1236 105 3081 3639 776 4418 2960 979 1445 3021 1673 3592 3361 3477 2366 913 944 3947 4147 157 418 1448 4326 1111 1804 2267 2005 1086 1661 4821 1878 1255 3965 2626 3710 391 4036 3379 15 197 2567 1266 1522 4336 4201 2877 3625 2309 428 2919 3643 417 1781 4971 4411 3811 29 700 1506 2876 1891 1269 2898 1553 3324 4125 3137 2009 3465 4971 2472 1802 3425 2295 1340 782 4921 2202 2552 2184 67 1234 3210 2964 1184 2735 659 3129 266 2582 1769 3775 3144 4380 4496 4653 3877 4344 3814 4370 2171 4334 48 4578 3553 4362 4238 4770 4156 1374 2692 657 3602 3770 4044 4761 939 1716 4457 387 708 4150 4929 4294 3975 3364 4556 3748 2039 2801 1930 1194 2130 3024 4114 681 3575 4810 1767 4323 4064 4626 4627 3425 3457 3774 630 1027 3443 4250 804 2837 1306 319 2214 4834 1572 3156 1275 2344 4998 3905 3055 2775 3821 1451 2703 4249 2816 1166 1590 3051 382 1051 855 1382 4382 2974 4409 4553 3206 3566 1051 3093 2811 2504 1541 2215
561 3351 515 1782 2010 2474 1127 3197 2432 22 551 3926 645 1318 4608 112 1970 1913 2665 2722 1034 4586 3660 3361 4522 3180 509 2741 1459 2142 4420 22 2123 632 937 4473 725 3586 1671 4279 1148 4339 4710 2704 4033 3011 2209 1240 3757 3779 1378 4134 1477 55 1388 1102 1573 2942 693 430 3381 3690 4968 352 1571 4644 1058 1268 4223 4633 3493 3302 4601 2084 94 3755 2258 2554 2681 3365 2136 4178 4082 1888 3700 3792 4607 4169 2462 2959 2531 1093 3622 975 1736 3646 3015 3707 1933 4806 933 3188 4377 3464 2923 4730 992 3541 1214 3706 2540 817 3314 2926 2861 2492 4372 1971 1287 3533 4299 4539 636 910 582 1866 1092 4046 2756 1437 800 1667 4633 3820 1140 1568 1818 3506 3504 2221 4091 3102 4939 3372 3823 4816 3067 3279 436 797 4310 111 547 1211 4425 1474 2449 2924 1556 1693 884 1337 4822 3151 4058 1613 4683 1539 1658 3969 2237 4926 1075 413 1444 2882 825 4213 3505 1703 3580 1280 1365 4814 2417 3482 1935 4648 2664 2349 2467 4583 4492 139 2048 3584 3075 960 4372 4408
544 3703 254 3990 2174 4787 1229 57 4168 2469 2288 2616 1389 2831 2449 1484 224 3879 1108 48 1383 1081 2372 3477 3180 677 3608 886 1533 4955 382 4996 2403 3690 3583 3585 1693 923 4695 4611 1566 1971 1029 2694 720 4918 3660 2005 2632 4715 3303 2180 236 3223 1244 1670 298 1933 408 1702 3193 428 1791 1272 2688 2737 455 2107 1526 2075 1491 3523 2659 693 1547 2758 1602 1200 3250 3230 4104 1168 3427 300 2352 683 982 4482 2837 648 1383 1758 2996 111 4044 4858 2915 1667 3692 560 1198 1629 2031 2759 1087 438 4397 2805 2487 3330 1915 4727 1993 1321 839 4315 4700 4634 1665 4383 65 2610 2507 4634 3544 4250 551 343 2032 2231 1447 2348 4128 3059 4166 653 2604 608 2200 4100 985 2908 2290 2483 2969 2206 2497 2505 4161 2230 1122 618 1586 1957 1303 3857 658 1551 1690 60 2588 2191 3016 374 4475 1873 1971 4076 2769 3825 1043 1020 3013 1239 73 4162 13 4937 978 409 4322 4877 3927 1679 4592 1108 4667 3097 2551 3450 2591 1718 645 1746 1607 2712 2268 308 1573 2694
2192 4411 3805 3212 678 4463 4521 740 3606 4750 4927 2053 2971 4453 1986 2386 1827 2410 2428 258 4908 607 3408 2366 509 3608 1952 2585 2184 2728 3238 386 1281 3911 2697 2555 3293 4848 290 272 3500 4998 2893 4880 2605 3435 580 3706 1535 4424 451 3034 1279 595 86 3843 1392 1251 148 3809 3039 2049 3547 1271 314 35 684 4992 2742 2378 300 389 142 1223 2299 2270 4902 1229 3170 1165 371 4273 4796 1849 1255 4492 3985 254 4632 3196 2841 2209 3919 3236 1427 1869 691 325 2271 2785 602 3286 1407 1270 4576 4200 1624 4419 3953 490 679 3739 3283 1909 2711 3506 1240 789 3865 3016 2640 4960 1050 2594 4181 2535 2601 838 1662 4077 2818 4859 789 2013 2284 2157 4691 2270 3703 4920 3414 2136 3741 3316 4171 3853 2472 587 2210 457 4225 3202 3625 2696 207 1681 1220 3110 225 1780 3247 1179 4526 1326 2999 2252 89 1514 3095 1096 1831 2599 843 2322 2573 4014 384 2344 3699 344 1156 973 1848 4143 548 1009 2739 4177 640 4060 2379 1272 4346 2213 4541 2255 303 3451 4418 4051
137 2068 4170 4472 826 2878 1544 4213 1853 1288 1488 855 1913 3801 1571 3487 1579 2922 1900 2862 4230 2681 74 913 2741 886 2585 1024 560 1493 741 4244 4977 2245 4727 4099 460 2249 3668 3424 581 2170 3075 4981 1818 206 3705 3398 2846 4831 710 4502 4512 1109 3057 2666 4757 2433 4328 2666 2085 708 2995 4618 4839 792 210 948 3753 624 1308 2409 1769 4839 3979 1698 3297 1769 2808 3697 4873 1874 3737 1016 408 1664 3761 4229 1007 518 1045 4669 3381 3049 3735 2131 2755 1971 29 1354 3894 4005 191 3571 655 3499 951 294 2655 514 3396 495 433 4291 2565 2862 1236 1338 4805 2169 1663 513 4234 529 2091 2452 998 1997 1060 4703 3246 173 4341 2154 4237 794 432 802 3537 2360 1792 84 2092 176 3097 2155 559 2226 3474 1292 3721 2965 1549 1131 4997 722 738 3795 2632 1834 3468 4179 117 4052 541 3457 4692 4939 4331 840 340 1446 875 3170 1203 3120 3901 2269 3676 4618 2487 617 1331 3397 267 3640 4444 2096 790 4221 4786 429 2062 1464 4970 2958 3555 4659 4510 4734
4891 1481 50 1236 2194 3533 3366 1876 17 1700 1986 4179 4508 1367 345 4506 2467 3183 868 2693 4270 1888 1510 944 1459 1533 2184 560 4373 16 2820 537 2664 4343 2906 1498 1719 1328 4156 351 1731 4611 1701 1341 2252 3746 1912 234 2378 3218 569 3514 3960 3820 167 652 1563 3026 4667 629 4001 3339 1188 2447 1619 2679 194 2942 1314 3188 2411 4835 1434 3490 1434 1971 1209 2320 521 3115 1074 382 402 2229 462 278 4292 78 2447 1409 2105 3535 2614 1812 1827 1690 621 51 4513 4511 3125 1783 455 1446 1902 3378 4392 1632 1641 3010 2232 52 2343 1991 2620 3542 3534 1476 3181 2776 3654 4540 3775 3465 1090 435 1377 3293 3462 568 116 4424 3199 4819 3870 879 4014 3323 2104 1990 4899 4779 2329 3244 288 2390 2094 866 2950 2700 1794 1931 4526 2587 2493 2059 2666 3782 4448 4202 544 3694 394 647 4175 4276 4520 4760 2720 309 147 2925 309 4202 1224 2597 335 3705 1808 983 1667 1944 2020 4210 3456 843 1805 3327 4054 1804 562 1924 4607 875 4686 1154 2688 1113 854 2771
2725 978 1361 2365 1918 2252 3212 3968 4687 4132 4727 4287 1648 3147 4864 2059 472 3127 3743 308 1999 447 88 3947 2142 4955 2728 1493 16 1409 2766 2761 1579 2397 1059 1320 512 416 2954 825 96 3254 3559 4605 3322 1108 3097 556 3114 1714 744 837 4944 805 2005 521 2972 2521 1644 446 3864 3122 1651 1351 262 735 3786 2979 3953 891 793 144 395 3047 1009 520 2053 3682 4204 4011 2805 2935 4374 3980 3531 2502 4676 1856 2127 3359 4287 2231 4748 3698 1571 3003 3567 1473 211 2836 1531 2902 2343 4317 3479 1843 2517 2252 2796 789 2599 1497 1915 286 2017 3197 1050 1302 1976 46 3958 3649 4542 1333 2894 2990 3952 3828 3401 3396 3758 4951 4037 4392 4409 2806 94 2907 4937 1563 668 3069 1059 899 4134 4918 3521 2876 2193 2142 1075 3079 2067 973 23 4233 864 4832 572 2068 141 2162 4782 4217 3811 4376 915 2091 4349 564 3717 851 2959 738 1118 2349 4723 4733 2964 3423 109 4843 4872 61 4000 3162 3756 2049 4970 1294 1362 3147 1206 1548 2632 3700 4699 4402 4443 4193
4476 2735 1668 1192 2124 2900 999 2290 3056 4641 904 4557 3873 281 1891 870 1113 4973 1685 2592 3619 1721 596 4147 4420 382 3238 741 2820 2766 2823 941 4271 2301 4455 4554 1502 4937 1879 4308 1201 2294 4269 231 630 234 3992 2594 3506 3535 3619 3299 4147 1547 4729 4557 3436 70 673 4520 3667 174 3252 3964 2330 1948 2027 1875 3149 923 3494 1073 504 4233 891 998 1494 2074 1238 2405 1993 2365 1596 2777 3635 59 1368 2489 2410 2594 1632 538 1699 2839 4306 2546 175 4905 4496 1200 4001 1569 3563 31 1972 4488 1018 4568 2170 3739 2120 1703 827 574 1850 1654 170 1072 2227 1514 280 3193 2478 4087 1143 2080 4483 2702 4888 3383 2177 966 4038 779 3419 1026 1218 804 4020 3962 3383 3719 2451 437 3830 1466 4723 2556 1915 1647 4608 2391 1333 1247 169 2196 4253 1988 2467 4885 2705 2352 3687 3586 3545 4504 763 712 1063 1006 537 1585 761 253 1149 1934 377 874 781 310 3282 3478 451 4433 3913 2512 4054 523 830 325 390 3096 1118 1788 1034 2017 2873 2968 4343 2446
3587 4239 4488 1504 3157 1117 3195 3872 2871 4351 1093 3231 4367 322 2244 4247 2445 1840 204 2597 1746 3770 4418 157 22 4996 386 4244 537 2761 941 2373 4127 3128 647 554 2297 3223 4471 981 3233 832 972 510 4149 3684 4437 1941 3916 1242 342 3356 1146 3155 2139 4307 2442 4130 2315 2216 233 1819 2596 994 1531 1434 873 2622 4283 462 1167 3197 1759 142 1155 2289 869 4989 1544 363 1969 3638 3776 2621 996 2741 4713 4007 3055 3934 139 2296 3586 4946 4752 4429 4585 4067 4006 1922 1319 699 1503 3263 2216 4167 3160 4526 2778 3393 2525 23 1056 1475 361 2234 1989 329 1872 2108 2377 767 3365 2890 2225 3809 3170 3771 4870 4469 4986 4563 2929 1729 849 4486 888 1161 954 1714 2204 217 1205 3946 48 1163 4707 243 3846 3044 4422 1338 2507 2441 12 360 3474 1648 4376 3518 866 887 4424 4536 3327 3058 3494 614 1769 3136 2574 4657 875 2363 4227 4975 3446 1287 3262 518 600 3803 1675 4246 1410 2910 2023 1747 3771 1351 3916 4852 106 1744 3833 467 3253 3796 3050 1895
4570 3920 4288 2816 1644 3617 4739 1877 2090 1574 4955 3335 474 171 4511 1143 1503 2201 939 3376 3876 2015 3024 418 2123 2403 1281 4977 2664 1579 4271 4127 2376 881 3516 3074 285 3067 4546 3910 946 1547 1230 3344 4598 3653 4530 551 3555 4533 2847 137 3976 3126 1050 4836 2972 1289 4376 608 3790 1916 4343 4251 114 2638 360 1060 2742 3520 3828 158 2645 2165 2673 2442 1650 391 3057 1760 3686 361 1950 1173 71 307 440 2944 3865 2078 4026 1561 891 3555 113 1679 2122 3328 1477 794 3629 4412 2412 1477 4031 811 2219 2774 4138 3217 1087 3434 3328 658 2924 4615 1411 3083 1998 4594 3936 4132 525 3872 1389 1733 3387 1861 4191 2870 1861 3971 924 197 726 1700 804 4266 1051 1344 53 463 2634 2673 2497 4932 1025 3554 1799 4845 3128 1749 3316 4423 212 1727 1592 4085 1275 1187 3682 2076 4467 774 2932 4801 588 1180 3520 1713 4865 4895 1941 2080 1687 2588 1750 2363 4774 666 1082 4701 4437 2262 1964 153 3402 1982 1648 1929 3821 4059 959 4054 4895 818 77 4974 2225 3166
2214 3350 2169 4728 86 3731 1248 1675 2306 4088 3115 1894 3713 1564 280 4012 2702 3127 3094 343 1947 1165 3001 1448 632 3690 3911 2245 4343 2397 2301 3128 881 4335 148 3467 4726 4631 2938 4002 4733 3010 33 4501 1180 2144 144 2980 3300 3340 3064 3891 3940 489 1760 2584 4910 3587 2514 1965 4055 1035 18 3361 3341 1770 105 870 955 2145 652 2290 3429 2707 392 1623 3930 1043 3500 411 2122 2460 2382 4606 2370 2736 1503 3103 2069 2843 226 408 4972 508 2610 2278 1795 4086 4812 777 4943 4153 3792 1870 4702 3879 3551 1539 213 1295 1160 254 3058 3354 1237 2650 1180 335 2372 3728 1134 1438 3208 2332 4014 3013 3598 4133 867 100 850 1963 314 4734 1441 4593 4226 3902 2106 2894 1098 1555 3383 4377 4333 4996 2754 1719 2782 4715 4417 4707 3485 2770 4745 4999 2882 1292 2682 3790 540 508 4174 3071 3722 3363 1661 2464 2326 1630 1371 1425 1003 4240 1849 2421 2529 827 4313 2592 1826 3039 1340 612 4713 690 1052 4116 1644 1005 2676 4344 2379 2103 424 4350 3769 4954 4637 253
2492 2399 3293 2376 3179 3002 4017 662 1706 266 3742 2627 4574 180 4461 257 95 925 1130 2046 566 642 3073 4326 937 3583 2697 4727 2906 1059 4455 647 3516 148 1901 3277 2926 1358 2753 1020 1101 828 219 3015 751 733 3890 4281 1039 2682 1422 4548 4332 3732 819 4367 1544 979 2584 3729 2472 1641 776 1112 1715 3766 918 2862 3730 1865 465 3507 887 2887 3699 4409 966 1371 1009 2595 3963 274 627 4839 3679 4826 1608 3021 4634 850 1411 3222 568 2497 3198 2779 4919 2703 928 2104 2821 1428 1216 1373 2280 1691 2633 4005 570 2707 4694 2430 1839 3099 2436 2080 1303 999 3574 2042 2850 1132 1947 2689 1781 2638 3289 1725 3282 3866 3329 4262 207 4711 3296 2288 4755 202 2331 1961 1661 2216 4642 215 2057 1804 4085 3571 1804 1783 1767 4183 2534 282 4120 2872 1123 1125 1929 3366 721 1168 289 1742 596 1543 3294 132 1456 4232 4408 4747 4357 2315 1692 114 3909 1763 3067 2899 978 1979 2962 1145 1037 365 3581 48 1813 189 3691 3171 3541 1921 3383 893 718 349 2145 4447
4438 1653 566 3408 67 2975 1918 1352 3954 2225 2579 3355 1856 1428 3507 3050 2268 3862 510 4372 4377 4625 487 1111 4473 3585 2555 4099 1498 1320 4554 554 3074 3467 3277 4757 3091 3596 4158 4259 553 2583 4666 2488 2475 2363 4003 689 388 842 4482 2937 474 4091 1152 466 3792 1631 2446 1456 3640 679 4087 675 3054 100 3143 740 961 4448 1747 3615 813 894 3110 978 439 3509 4458 3138 153 1519 3780 304 1125 4271 1008 2782 755 1235 3896 2954 1997 3288 215 1004 1939 1649 447 2426 4111 447 949 4031 4950 3067 221 2762 3617 2018 710 2824 2547 2552 2514 1953 4009 4487 2565 269 4706 1391 4308 4286 361 3402 2798 351 1772 698 1953 684 3212 2945 1925 2630 3185 3046 4487 1989 3165 1196 4294 3276 659 1142 3207 1012 2561 4809 1136 239 4381 1577 818 1023 3781 1674 371 395 4822 2543 3826 1260 3270 1777 3987 1692 3307 4812 4460 981 1926 3467 1298 1165 2968 757 424 3768 2167 901 63 1031 412 1609 1651 3552 4037 862 2377 2216 3040 3031 4864 1225 4905 777 1810 3230
792 4913 841 527 1063 4865 3665 2146 1952 3539 2649 4475 2133 4199 2460 3500 795 1716 2912 989 313 246 854 1804 725 1693 3293 460 1719 512 1502 2297 285 4726 2926 3091 4649 4941 1256 3038 1096 3800 4544 2486 3445 4452 3841 4926 517 3306 4066 4316 2552 270 3201 510 3379 3528 2023 379 3544 1736 29 4740 4855 2666 989 4976 4324 3468 4516 3588 395 4720 3841 3862 2966 1883 2491 2435 2216 3922 4570 1901 2841 2050 3894 2475 1886 212 3670 376 1519 3932 2350 881 3703 971 1685 3741 4867 1193 2524 1740 3332 76 2122 2549 2848 1268 4763 4049 4308 847 2364 2468 4638 4192 615 3403 2882 1845 2891 351 2209 1657 2059 3330 190 1606 3989 4084 2877 1404 4556 1994 4324 3978 3855 1043 4766 2041 478 781 1440 3274 1990 3410 3753 695 3912 2999 1925 700 61 1533 1506 2430 2497 1057 1020 2479 4352 4436 1818 4930 113 618 1616 3411 3331 1412 1770 4756 4620 1297 2772 2416 3619 3698 1416 4812 4610 4656 2123 2497 3215 4384 3415 3568 4156 1980 3508 4372 4845 390 3496 2846 1963 2966
3881 2127 3189 1662 4453 3245 2571 4642 2253 717 27 2398 1166 2023 2322 2201 3373 1394 3330 1842 1063 711 2197 2267 3586 923 4848 2249 1328 416 4937 3223 3067 4631 1358 3596 4941 3422 3288 2033 1853 2149 1017 1519 2460 3491 3259 1906 320 3667 413 4310 3814 2438 4065 1723 1296 443 666 4949 4385 2122 4905 4886 3507 3778 2809 2337 91 3401 4059 4473 3197 1772 4375 418 3684 1441 2542 2521 1533 3126 3388 945 66 1467 2149 263 1367 1570 4334 3335 2006 1679 3758 3071 3580 1913 4163 1986 3709 1495 2008 3504 4296 4366 3247 3603 1632 2566 1294 2723 2337 1990 4836 2713 2850 1435 3079 2768 2767 4183 4870 3942 2806 574 4855 1591 1670 519 1264 4987 4690 2465 1786 2558 700 2790 4350 1317 2520 1516 2721 460 938 1089 2312 2834 1986 3975 982 4425 2027 4790 4158 4659 512 4054 4472 4929 413 1469 1788 1145 1374 4808 3463 1990 4311 1561 4771 4725 3953 2404 504 918 835 2977 3800 1268 2321 3135 4772 3748 3062 1479 4351 1565 3845 2657 3242 2680 3193 3429 1131 1235 1253 2105 1261 4278
2930 892 401 2996 2928 633 2122 81 4344 2570 2764 437 4614 2640 2937 3604 3810 3332 4054 3224 3759 681 4908 2005 1671 4695 290 3668 4156 2954 1879 4471 4546 2938 2753 4158 1256 3288 1672 2747 2812 140 2031 1540 1486 2265 4110 74 1222 4967 2012 3153 1408 4512 2268 834 2580 3880 4237 1385 907 2571 86 3867 4861 771 3090 2868 3009 4245 1665 4295 2381 3141 4045 1092 3833 584 2504 4892 4396 1557 15 3428 1092 1056 3621 1349 587 1408 2095 3720 857 4970 2668 1536 4206 3820 1149 2559 2165 735 2818 720 1639 4824 2138 1728 3682 1586 4491 4198 1290 4442 3847 3744 3032 1332 1047 2999 2593 3129 1229 1705 3464 1351 3861 1274 4657 1864 331 2282 2845 836 3438 3399 3279 1503 588 3650 2766 1647 3469 1986 2116 2569 3344 876 424 1241 642 2355 67 1352 4572 87 1144 1500 4402 209 460 1975 3917 4170 2513 1205 1781 485 936 208 1330 3067 217 3693 3071 3949 1176 29 1601 4306 4740 4484 754 1025 1257 917 3130 707 2757 337 1731 2721 2955 299 1273 4443 75 2485 548 3086
4220 3780 4348 4601 4686 4225 2085 2997 3108 1683 2932 548 4493 4393 3985 4858 2983 2205 459 3355 1714 3901 3514 1086 4279 4611 272 3424 351 825 4308 981 3910 4002 1020 4259 3038 2033 2747 4259 997 641 2741 3632 4455 2989 95 519 3655 1363 4760 4236 536 2049 4997 853 2787 4954 2392 3309 4056 803 760 899 279 164 1333 3771 2190 4811 3164 1087 3560 108 3156 310 1549 3355 1766 3039 3572 971 2641 3723 1125 1745 2028 54 1197 3723 4053 1307 1006 2476 1372 201 4694 4823 3570 1322 3443 1153 4739 3642 4849 4951 2582 3037 1769 775 3749 2689 919 2151 1998 251 2891 1106 4800 514 4930 1960 4983 4169 4085 4590 2630 1223 3161 1104 729 2169 1423 4264 2958 3159 2244 4154 1088 162 1104 2655 2462 933 3940 3073 1480 4656 959 4810 10 2738 3165 3291 3529 3559 4601 2962 158 931 1889 1100 1162 2369 1264 196 1516 1547 554 1388 2719 4770 3898 3666 1798 189 4145 4805 2436 4018 705 4486 4198 4274 1388 3963 3499 1096 4520 4855 4449 1321 2482 2700 4450 4328 4658 3381 1235 1756
