N: 200
M: 40
Symmetric: true
Triangle: false
5 63 107 121 97 61
4 83 182 46 4
3 59 10 114
4 60 127 169 160
4 102 11 58 91
3 82 65 161
11 117 77 87 166 162 139 141 156 95 75 81
5 53 72 112 34 99
3 89 154 48
2 16 200
6 192 71 159 15 199 119
4 109 126 96 146
7 88 125 176 76 22 5 2
4 138 93 196 128
5 44 29 28 68 70
5 187 136 153 12 175
6 94 120 101 25 113 177
4 170 132 55 56
4 31 163 157 79
3 64 165 198
4 167 184 149 129
8 27 152 178 186 49 111 151 171
9 18 57 9 173 50 150 67 26 143
6 164 39 122 8 33 179
7 7 54 194 74 24 181 197
6 3 6 1 36 73 137
5 35 144 145 123 180
5 130 43 168 135 115
8 85 190 140 116 103 174 108 124
2 104 133
4 92 147 19 32
6 106 17 40 52 158 41
5 100 193 23 69 47
6 172 185 51 37 21 13
4 62 142 134 188
7 45 118 20 90 183 191 84
2 105 78
3 110 66 189
5 14 86 38 155 42
6 195 98 131 148 30 80
2623 1774 870 1482 1186 3034 1524 4632 2043 3037 3058 3743 4819 4624 466 1474 3326 420 4993 2986 3490 2936 1959 4681 4619 3093 2174 1734 3464 2839 902 362 675 3469 1672 3458 3903 1624 1191 4276 1467 360 3547 2626 65 4927 1062 3309 2978 4811 4696 3372 2429 2256 1485 3467 3632 4596 4797 4170 142 2715 4423 1869 3900 1564 3729 428 3353 1119 851 1945 770 2659 1640 3024 1628 3682 2784 4464 4193 1005 1186 2878 742 4002 3349 1927 235 467 2051 4040 584 4902 374 2328 3384 4337 1347 1358 4783 1165 744 4188 1573 3249 2796 1365 4425 3781 4137 709 3683 4461 4867 3952 1746 2584 4564 1761 3532 360 3702 2598 673 843 3037 961 2397 2447 2899 4831 2716 2568 897 2428 3909 4762 2499 4264 1062 612 811 245 1495 910 1687 2180 3629 287 2969 2289 3678 207 3043 3968 4182 1413 800 1474 3503 4966 792 3657 37 1391 1769 3569 4915 198 4424 2050 213 3241 2377 3932 3180 3055 983 417 110 4031 1719 2804 2170 758 4654 3718 254 4296 1079 4340 967 4170 184 4175 1364 2091 1849 1803
1774 1001 4823 3903 299 2654 1632 1128 770 607 1022 2197 1705 2292 3808 3318 4402 4051 2238 1833 2452 1745 172 3072 3941 1019 1380 2326 51 168 2542 3389 2636 3767 3123 737 1619 2836 686 574 501 252 790 4763 263 1780 3078 3451 960 4334 1857 1967 2551 1445 4453 927 479 2137 4135 4421 3911 3100 3585 1247 3411 376 1745 839 4237 4789 3654 4286 275 4106 473 1829 12 1657 73 4009 4637 1842 4101 4493 1647 4207 2674 3714 1979 4757 4160 939 4596 2922 4064 3438 590 1116 1840 389 1531 4795 3701 3015 350 3191 2077 1683 2101 523 1529 1339 2430 3066 3492 3559 1894 220 216 354 681 4122 4758 2173 3262 3859 130 1156 616 825 2482 3025 1232 4222 4068 4465 2522 628 95 2579 638 4317 3013 1177 326 2983 379 3402 3625 1771 2930 264 1830 3621 2638 1160 3752 3191 2123 2300 167 1095 1025 4223 3741 3661 4770 888 1071 1114 2456 2174 1969 912 2836 3805 1451 1827 4163 4217 1231 274 1781 619 3764 4597 267 4658 4962 4915 1718 3918 1017 897 4424 433 3734 3704 222 1553
870 4823 3444 3372 981 3787 4708 2591 4565 252 4719 1585 1470 48 656 3175 3905 2493 888 4261 666 928 4018 907 4785 1426 4917 2173 3177 1116 1169 4525 4491 2953 2946 913 1167 2886 3147 1763 3353 579 943 715 4580 1902 3412 3859 1089 4705 882 561 261 2725 491 4981 3567 120 1515 130 4052 2254 1790 961 2721 959 4127 1013 489 1422 4597 2027 4208 1743 4457 3872 4535 1704 3226 1087 704 2803 567 2259 1854 4582 240 3228 3013 3097 3934 3539 4697 1664 1452 1458 4789 2017 3376 2522 2384 1586 566 2360 2545 3484 4658 2735 3682 2879 1646 3003 2522 865 1068 2475 4198 125 4657 2459 4305 2290 898 2691 2578 4512 315 2390 82 4180 3538 1254 1122 2848 2382 604 494 3880 3122 4036 3372 1577 4186 2887 1795 132 2595 2202 728 3173 1291 515 779 1298 1672 2477 27 2622 15 256 3819 3871 1533 2549 1286 34 15 2577 2270 3737 1249 4428 2343 225 3749 2711 1483 233 775 3398 460 4800 3732 4788 706 1831 1385 3724 568 2642 1808 4222 4903 3018 149 2306 1449 1941 2952 4508
1482 3903 3372 4242 32 3802 2180 4777 2842 2683 4726 448 1401 4501 22 1164 3734 3807 3692 3157 3755 1625 2717 3118 1791 268 2444 1642 4222 4788 775 2279 629 450 3418 3889 3693 4554 4582 385 2563 1090 2832 1673 3756 4899 4859 289 1297 1776 4226 3103 3488 4450 738 1698 1363 1391 142 1346 2809 2590 2135 1831 3360 4352 4825 933 138 457 2556 697 1048 3932 1413 72 3861 2885 3718 2230 4171 1368 2324 4079 1095 1917 4649 4473 1813 3374 4457 2755 4079 205 4703 772 1122 2424 1927 3142 4896 1232 2487 3286 4234 4096 306 4222 3712 4754 4967 4988 3346 4800 3845 3839 1662 2571 1067 2228 1537 4075 4675 157 1224 4853 1737 2366 502 1048 4483 1199 4575 2903 324 4189 4248 2322 625 4062 1279 2555 375 1244 3568 3802 2842 363 2837 4581 4860 835 1533 203 3709 846 3325 2913 414 4551 4600 3265 4048 3006 4628 3802 4519 4379 2188 1561 521 859 725 3063 3794 1823 4839 1352 4016 222 1610 3367 4122 4646 3846 4363 3327 3450 2295 369 335 1267 4761 2701 4001 3565 3318 4852 4857 428
1186 299 981 32 4265 3525 3909 1111 2064 3269 1545 441 4926 2965 2513 2442 4032 2157 3150 3853 4730 1538 1462 2605 2752 248 2606 2096 1761 2995 1467 1355 1857 747 2289 3892 3401 2951 4255 1285 1845 1661 2695 1553 1419 613 246 4767 2855 1703 676 2096 466 220 3048 569 4245 2244 1358 3170 1678 905 1641 4061 2486 763 4061 2687 4025 4180 4258 1046 272 4583 4830 870 4532 3980 2228 4421 1710 2902 2313 1304 75 2669 1007 2162 1222 643 1779 1388 1588 673 3777 3537 1514 2063 4610 1045 1722 681 2526 3005 2234 4316 3636 4084 407 4850 4478 2094 2027 2868 337 503 1233 1373 2035 494 161 2036 1626 310 1727 208 1981 848 3552 466 847 927 290 4013 4378 2907 1406 3150 1927 4444 4174 1494 956 1869 190 4489 56 4691 2076 2155 290 2811 3732 532 4427 3388 3929 527 2114 2123 1358 2849 3973 3562 2534 4785 1347 2156 3087 2697 3683 3277 630 4233 193 2897 4211 3822 4961 1101 274 2220 913 1519 2589 1693 1240 123 1138 681 1835 4654 1544 1503 2514 4080 3582 262 4334 2005
3034 2654 3787 3802 3525 276 2474 3813 1190 3834 518 742 201 4400 2459 178 1998 699 3426 4263 308 3707 1897 920 3992 4004 3951 1890 3549 1959 2956 2574 3094 2937 3502 146 2057 1203 2641 3027 1506 4332 366 191 1949 132 2181 2915 3584 219 3058 2880 2487 3381 4732 2597 4819 2047 689 2280 4194 519 3109 261 3844 3130 4084 2046 3634 2601 3937 3898 47 4742 2090 2793 2003 2673 1172 4696 4625 945 3230 2800 3029 1631 4437 2610 3073 3355 2208 4294 3085 3744 3963 2804 653 4871 1892 98 814 4951 4066 1766 1048 1509 1858 2130 2598 2883 373 2887 4011 3439 1865 4236 2250 2504 4240 209 3841 3185 4720 1744 887 2338 4226 464 3690 4507 2682 1005 1172 1671 1018 1437 4408 2114 2608 680 1871 1619 3150 2631 3937 4563 2830 4265 3170 3616 1267 4928 3866 4843 4858 2696 121 2000 3544 4032 3254 4643 3148 2901 3374 3401 2184 2094 4589 1241 2487 3006 4436 2960 851 1178 3972 436 4856 4374 1450 3359 4614 1083 4956 3936 3436 3820 1426 4054 2917 4185 4868 2992 277 2964 2655 1900 3910 3768
1524 1632 4708 2180 3909 2474 51 2078 4368 2840 3358 366 2861 3716 3938 1204 1120 790 2778 4587 4749 2080 2748 3991 3803 1926 2856 342 3509 3483 2826 4616 2354 95 4554 1550 1545 3506 2393 803 2591 327 3770 200 1258 3934 372 662 1793 4597 1257 4977 682 2784 2857 624 3015 512 203 3074 1628 2790 3321 968 1820 234 1645 4159 3630 2512 3548 1032 2136 1508 1576 1275 4263 4317 4509 2756 317 4017 696 2202 98 286 759 1580 2300 2889 1933 1129 378 3938 2515 3339 29 3434 1308 1487 2339 3677 2869 4353 1283 1405 215 285 2834 2289 174 1610 3672 786 3747 3117 4013 2134 3675 2402 58 870 3979 1649 4437 3239 3690 4346 1828 3292 1386 3055 3615 1770 29 4665 2962 288 481 2945 611 1610 4024 3088 2083 826 1282 171 3258 2523 909 1137 1552 1626 4536 499 3014 943 406 2016 3152 4835 4538 3034 1733 3717 3089 423 3958 2531 1965 2864 3545 2323 224 2507 380 1539 4769 555 3712 4275 569 2645 2473 3604 788 4324 3623 2684 3807 779 1755 4494 2652 4285 3356 786 3074 4961
4632 1128 2591 4777 1111 3813 2078 2507 87 875 417 3035 1240 836 2542 4258 1374 3674 1405 187 2191 389 3419 3477 2440 845 1359 4376 2264 1046 4040 1272 4846 393 2450 2999 3287 4285 676 2197 270 3551 2059 1728 4080 2733 1032 573 3658 3268 658 1760 477 889 4919 4987 2873 1845 1756 2025 526 203 1146 377 4390 3141 1989 832 2951 3446 4737 3004 3373 1423 4921 4541 2910 790 701 3097 1872 1410 2973 850 137 4566 4801 545 937 4483 4027 953 2975 3160 3983 4489 3559 4339 3258 461 1399 3246 2693 519 4963 1700 3182 643 1525 2354 3201 3936 3534 4078 3821 3328 4172 192 2156 745 2782 4820 4351 1870 3687 952 109 4452 4177 1026 2531 136 2581 2837 1594 1566 2761 4439 2733 3414 2093 3898 1261 3474 1008 3299 3379 793 1267 155 1050 4342 693 4383 386 2633 3665 3589 3350 1843 4935 61 1338 4014 1863 656 144 3773 226 518 3826 1253 743 3903 1371 1950 2080 4213 313 2706 2557 2534 3696 40 333 1121 244 2615 2397 4841 115 2845 1677 304 3828 4678 2628 1008 4950 4748
2043 770 4565 2842 2064 1190 4368 87 4457 1777 4864 4012 2809 4135 4136 832 1300 4737 3494 2039 4954 4175 2467 2395 3003 1253 115 2375 724 636 4146 978 236 3817 2098 1326 1986 3377 414 2863 4530 2379 3311 837 4382 4262 4153 3518 862 745 832 1497 3117 2431 783 2378 4942 794 188 3100 3413 3950 3418 2865 340 3105 3099 3906 3003 2413 1649 505 3095 2705 4481 1340 4287 2935 3677 1569 1064 2431 251 744 4462 1784 1794 1588 806 495 3693 538 2023 1496 1575 2493 4002 3123 2864 4726 3744 1290 1855 4646 1096 799 4708 3373 3879 3948 2074 2698 3610 2971 4285 2190 2946 4983 4235 4275 4384 3055 1049 1360 3861 1440 2548 4921 1947 4362 1104 3534 2605 4462 2761 4650 4700 715 3534 562 3120 4219 593 4553 1200 3159 2361 3550 3932 584 1375 2867 280 3028 2501 78 4994 485 4633 1379 3298 2937 4704 3063 786 4495 1355 1567 2373 1802 2278 2947 109 223 2147 4788 129 3826 3300 845 1810 1032 2902 3901 2035 2107 1193 3861 3617 4779 3826 1763 4698 2127 2637 1634 2657 4406 2125 3110
3037 607 252 2683 3269 3834 2840 875 1777 4746 3339 3548 4727 3143 1743 1295 2064 4321 1297 4505 2378 3014 4560 2064 4322 2557 501 3502 263 554 621 1055 2761 108 1090 4741 2216 1502 3648 1989 4489 865 4439 2713 499 3525 4988 2498 551 141 3421 1014 1690 2662 3054 947 398 3575 75 4613 2289 1507 4855 1578 1244 3828 3324 4658 3024 1510 128 4028 4836 2549 1602 879 3841 880 2736 3954 2651 4426 4354 1498 1740 4995 3890 3515 2471 1637 1996 2708 4988 1622 356 857 2420 2249 2829 929 311 1987 2146 1649 2397 2687 1065 3575 4399 4674 1273 2659 1235 3825 625 1639 3207 685 2000 4946 632 506 4020 1371 4912 561 538 2623 3790 2135 1016 2351 122 4404 1181 645 1472 2555 473 4926 4792 4425 730 22 4626 2271 1815 3036 4859 3412 2310 3188 711 4855 3504 1548 2311 4140 1001 2409 1223 442 4459 4989 3105 1661 2088 3616 592 1156 4118 2723 1870 3225 1893 4571 3353 1550 2264 821 1798 2328 648 3230 4521 921 4019 3550 3948 3604 4991 3983 2357 466 3658 3032 4786 2657 874 4553
3058 1022 4719 4726 1545 518 3358 417 4864 3339 2598 948 221 3054 756 2947 4968 2884 2268 750 1682 2351 1865 2531 1343 701 1996 2653 1000 2211 798 1302 2056 2478 4112 3770 3159 3310 3141 113 2288 4352 3584 1216 1358 3763 33 728 3157 3148 3930 4496 3769 3452 1967 1419 1871 2167 4217 175 2693 900 2428 429 1914 2512 429 2368 1983 821 3697 1030 2943 4036 2287 4501 1988 4807 880 3406 2128 133 3022 3408 3917 2387 2744 1033 3001 1176 2307 4828 3158 3955 4680 102 2307 301 2670 1250 119 2505 4526 4352 225 2858 1588 4232 880 1386 3775 4953 1331 2067 3255 4885 652 318 3095 3676 3457 4037 1770 1526 4834 2624 2958 551 1176 402 1780 4952 220 4366 2706 3746 3423 2590 3118 3139 2836 540 4896 1482 1985 4903 3728 3809 3296 3362 3687 310 3075 806 98 55 3133 1333 924 1186 4899 4003 3514 1450 1031 4217 557 3394 3675 1064 1351 2399 1760 4733 3048 877 3712 2712 3386 602 2650 2350 3442 3353 4060 4287 4437 1302 1404 3612 2776 1550 4206 1084 2566 185 3886 3001 3535 568
3743 2197 1585 448 441 742 366 3035 4012 3548 948 1915 1386 4745 4302 3092 4625 2986 869 1217 2779 403 2850 3399 3849 1749 3614 4816 1237 1990 1726 3661 1425 2523 2067 756 1464 2925 2021 476 4441 3986 739 259 4847 964 4196 2312 772 2219 1256 45 750 1798 3425 3114 3472 1232 3926 4916 1952 3078 1575 3609 1385 1267 2540 26 554 3453 2720 3312 1594 327 1141 667 4528 1455 4069 4101 3290 1012 4885 691 780 3738 1862 780 3702 3268 2981 1763 848 1741 2710 4366 1246 1692 335 104 4048 3275 3484 1574 4013 2566 4260 2604 2504 3617 2243 1047 70 4636 4200 496 4521 1238 351 1927 3230 753 3417 4612 4924 1999 4046 579 992 610 1194 2447 1844 4377 4249 749 4043 4292 4154 4334 4990 3076 2430 4924 3428 2181 1828 3199 4802 2524 2748 2586 4492 3449 4958 149 1770 4356 4445 4477 4303 3746 1689 3193 1820 4465 3198 3584 4121 2649 2197 2569 1158 3360 1112 371 3137 3698 3922 2876 3675 1997 4728 1645 3647 4242 3902 920 3111 2217 3486 3978 2480 3950 4015 1472 3087 3733 2788 792
4819 1705 1470 1401 4926 201 2861 1240 2809 4727 221 1386 726 2798 2260 1245 261 4076 3541 928 2796 1224 4632 4554 3371 310 4286 4586 2765 3350 2572 2244 1232 262 3041 3670 3270 1405 1365 3134 3690 1898 3032 3275 2649 3697 3471 4615 2404 4254 321 3184 2871 3947 1020 1171 1924 3391 4858 3025 2878 1608 1885 2082 2490 2435 675 2341 2590 2232 3388 2680 1339 2058 3612 3523 1892 458 1605 3713 992 3209 185 2892 4900 774 2450 758 3285 3284 646 2131 3962 4103 3385 3757 1743 3937 965 1211 1290 915 3851 2935 992 611 3935 1152 4584 2429 2896 4756 2468 2016 1066 4261 297 4341 2460 167 3447 3279 744 1273 1097 1007 562 1910 2693 4955 4024 2349 4992 1220 1554 3500 548 2789 3295 2750 1543 2086 2311 4021 1979 2349 4418 2080 1004 3438 1371 1876 1906 1194 4330 4452 1269 3845 2281 1581 2211 4724 251 2258 3345 3056 2957 3879 3911 3213 323 592 363 1268 1438 1585 1753 3510 2434 4151 2214 2176 2834 1548 1474 3853 1734 2525 4787 2616 19 1413 487 1900 1081 1580 1191 2780 2380 463
4624 2292 48 4501 2965 4400 3716 836 4135 3143 3054 4745 2798 2014 1954 2426 1718 3567 4417 986 2520 2675 4958 421 1808 3593 2263 1543 3654 3838 392 4150 2041 307 2652 4048 2032 3893 1681 4725 256 306 4649 3310 2586 3227 1167 2762 2210 4637 2213 3579 4769 2730 2601 2968 2469 4057 1202 2015 433 4690 3845 2063 2684 4624 2273 4552 4781 1321 3914 4927 839 3243 1533 3704 499 4114 2322 3591 2279 4051 4036 3274 784 1714 2380 4545 4862 4145 225 196 4782 2672 100 3065 3579 1587 2393 3657 1980 810 2514 2362 2334 2718 2449 1733 636 4428 3697 2574 358 2521 3996 3635 3020 3286 895 3154 2738 2627 1223 541 1415 1769 369 4773 1675 528 1207 2125 1654 3181 2853 3013 2548 2258 884 2224 4743 3292 2994 1484 4863 3736 1410 3219 3200 2390 886 4241 1342 4462 3420 1600 3646 4355 2972 1686 601 1828 797 100 4509 299 367 2200 4526 2327 3362 646 998 1486 4377 3083 4363 4238 1683 3432 1027 3030 4410 2190 181 4339 4369 689 4667 4158 2666 4769 4675 341 186 2735 3086 909 2615 785
466 3808 656 22 2513 2459 3938 2542 4136 1743 756 4302 2260 1954 2428 1828 1801 1776 1700 1021 2131 341 68 1439 149 2085 159 3881 2413 4930 4193 545 1392 2358 392 2314 1053 3472 1417 1961 2498 1630 3731 3866 3180 2763 4386 3766 3272 1039 1634 1899 4898 192 4505 1081 2202 21 1583 544 4516 1707 4354 2043 439 2295 3509 795 2638 2067 70 51 1122 517 2007 2816 1921 4142 2455 4572 3769 1023 4577 3805 3623 3616 1740 1491 4200 1309 4556 4221 1008 2634 963 3503 2991 4037 1745 1274 887 4664 495 1063 302 4241 4801 4024 4627 340 4550 4300 689 1036 846 2615 4148 3288 1033 1282 2966 2163 3417 3599 4788 3251 3851 2632 3880 3997 3835 1072 4004 4681 2833 2700 685 3247 1250 2881 1801 759 56 3258 3918 1992 3410 2416 1411 4371 269 2551 1416 4394 3663 345 2242 2580 1224 1185 4304 199 2658 1091 1248 4108 4591 491 3805 3590 277 1673 3547 1556 3994 3155 581 4558 1673 2973 3672 1267 4220 2829 3973 3110 4004 1925 4319 2001 3337 4030 4613 2082 1495 3954 4958 2336 1591 3188
1474 3318 3175 1164 2442 178 1204 4258 832 1295 2947 3092 1245 2426 1828 1645 2735 1947 506 1498 1354 3178 28 1202 2850 4125 1371 1220 2442 623 1678 2835 1739 434 391 3964 3460 4547 3083 3794 4008 1695 1972 992 2831 2179 2825 1997 1363 2181 3994 4486 1186 2347 1711 2983 3473 4765 2606 2193 3628 3213 2594 2860 3924 4557 1871 1337 2332 245 2778 4711 3596 578 4313 4977 4782 2247 3090 3833 2404 1795 4953 1489 3569 2222 734 2806 2382 3981 2167 4723 4838 1265 1064 168 846 284 2907 2594 77 1259 1714 1586 2665 1014 4841 4270 2796 4900 3230 3738 4750 1055 3434 1899 2786 95 1521 1627 4582 1435 1662 4993 435 4090 3291 3060 3393 3431 2056 2447 3136 607 4556 2137 576 210 3628 1534 1123 3107 1845 991 4554 4738 1523 2174 4370 2451 4952 1536 2752 1732 4154 4766 3112 3966 596 1705 1008 1255 4882 640 3198 3707 2128 1369 949 4325 778 3635 1718 1162 4817 1709 4904 4508 2609 3178 3051 3374 1638 3472 3560 3227 1308 1166 2304 602 4053 879 1201 1312 1233 1382 1421 1268 2783 355
3326 4402 3905 3734 4032 1998 1120 1374 1300 2064 4968 4625 261 1718 1801 2735 3068 1972 3898 1948 1712 1272 674 2539 1313 3183 3198 4323 3594 1428 2449 4620 2780 4015 3375 1303 4356 73 2494 1523 2151 2270 728 709 4804 3194 932 902 1534 2498 4423 4364 649 1422 1136 1363 3179 351 275 4436 3904 377 4126 2721 39 1440 4019 1073 4410 970 746 859 4654 846 3509 3691 3497 1997 2120 135 4275 4274 2329 4489 1683 3595 2578 209 4076 1325 1837 1647 54 357 4791 626 235 2688 447 256 3650 2117 775 2285 467 1417 2723 2535 2308 3755 125 2518 4212 3026 2233 1661 1296 3457 3500 207 3529 1359 4296 1364 2793 2386 1154 4548 4507 1407 169 2181 4455 4677 3287 427 1949 1920 3129 572 3318 2023 1450 3971 441 2600 2517 3112 877 3690 2104 3466 4170 3645 2900 541 1450 2544 1915 4869 3871 3183 3112 3278 4424 1130 953 2328 2152 2334 266 1508 257 258 3054 331 2492 3323 4016 1160 4928 4447 4654 2764 607 2754 314 2108 1647 4399 4813 319 4445 4225 3841 4587 4361 1547 1655 4885
420 4051 2493 3807 2157 699 790 3674 4737 4321 2884 2986 4076 3567 1776 1947 1972 3848 3796 186 137 462 3824 4936 4078 4834 3596 886 1510 4392 1414 2097 1988 848 2714 3345 2285 1905 4492 4742 2450 1974 4053 422 404 3023 3537 1631 2496 782 1536 4855 992 2012 1472 1356 2816 312 3558 1204 3437 3981 3973 3995 3028 4839 4479 3983 444 420 4478 1811 2968 1822 1043 4195 2126 4753 3986 2047 1156 3847 3981 544 4244 653 559 27 1265 85 2787 1183 3076 4051 327 4993 1351 3442 1123 1879 1669 836 836 3549 1385 947 3276 1171 3781 1931 3912 3736 3147 4667 1099 1008 4246 1023 1831 4490 2256 4777 2266 2807 503 375 158 4751 3670 4495 3427 3796 253 1118 4304 452 2607 1652 2587 4801 2158 3976 855 4955 1654 2447 2033 689 3694 4842 429 4588 2417 2214 4323 2928 1563 3423 2924 3141 3259 663 4773 3041 3741 1528 2044 18 3251 2007 4434 3757 2683 4572 1143 3794 611 4058 2689 4336 3842 1608 1365 1320 4246 2405 3529 4847 2494 1821 4351 1451 1849 3234 446 4167 1288 3016 3802 1977
4993 2238 888 3692 3150 3426 2778 1405 3494 1297 2268 869 3541 4417 1700 506 3898 3796 2545 3037 4544 4115 694 1320 331 1997 686 3190 3139 1512 1011 2588 4230 817 2435 1969 1301 2349 1966 2310 3767 3071 2269 2301 1672 1243 3364 183 1723 3857 143 3901 4436 1511 994 462 1288 4105 521 1399 316 4962 475 4358 2453 417 885 2597 2675 2223 3532 3098 3124 4661 2719 2718 4122 2705 2227 3646 212 3369 773 2383 4757 3059 3030 3591 826 4873 4758 2549 4955 4044 3134 2955 2417 356 458 4439 4263 4850 1796 4763 168 1665 2350 2853 3269 157 194 3389 4652 3660 1907 4683 2530 4883 111 3309 4710 4016 2165 2529 2950 1940 1563 4888 739 3754 2225 3616 3090 2753 473 3531 1299 1718 4207 4301 1106 4801 1209 232 2200 477 169 3261 285 78 1614 1627 2701 4653 3667 4275 1182 1251 4609 1141 3504 4032 603 4493 1075 4142 4113 4807 4725 2898 3195 3951 4184 2455 890 553 460 4719 1003 41 4258 1367 4354 3531 132 136 2081 3733 3980 759 494 621 4517 1857 2750 1578 1808 1955 2421 2540
2986 1833 4261 3157 3853 4263 4587 187 2039 4505 750 1217 928 986 1021 1498 1948 186 3037 728 4744 702 3565 775 1904 1883 1535 1238 1615 4208 4205 4534 447 306 3971 1611 1688 3527 1531 3631 3851 577 4636 995 2669 1876 1674 2924 4632 2395 773 1735 1095 3657 2148 4900 1421 3413 3100 1492 3195 788 2254 895 1492 167 3989 4337 4716 613 3136 1200 3914 2224 876 4506 4640 4083 1964 2485 1351 4067 3739 685 4236 3166 3200 3255 4742 3763 3734 1938 3821 2777 4727 4106 3211 3082 198 1949 917 64 1392 1129 2295 938 2345 2574 3344 2474 343 271 1586 1890 1263 3207 3338 622 4751 4767 1537 1405 1979 2024 538 2777 4886 4658 4679 769 265 2664 1533 4187 3042 4422 4148 2416 2521 1643 733 3638 2446 4726 2884 723 4848 1501 427 3399 4142 1776 2022 20 3232 3829 3194 3740 1738 4681 4246 1732 4241 642 4395 46 3503 1084 100 3902 493 1519 1955 2533 2204 4156 4797 3108 1159 3166 4454 175 2232 4640 1782 3362 4962 2090 2846 3628 734 2919 1516 565 4353 4139 562 2903 4956 1965
3490 2452 666 3755 4730 308 4749 2191 4954 2378 1682 2779 2796 2520 2131 1354 1712 137 4544 4744 4267 3204 2073 3754 2761 3863 81 1930 1076 4090 3622 3793 1695 1693 3571 3771 4486 4230 1035 4227 3058 2560 107 834 4329 4408 2962 1964 2511 2164 4612 2046 4446 2928 1709 4681 507 4279 1457 2899 1726 2359 1700 2862 4030 4716 3162 3306 2807 1180 876 4987 2940 1463 971 3242 2233 1641 214 2004 2766 3194 1575 3170 4691 4342 4777 2270 759 4871 1449 3511 3438 4576 3237 4983 3316 2177 1541 2982 2246 4712 2166 2314 3112 3727 1298 3570 427 2219 2857 4186 696 3608 4838 4333 3171 3659 806 4780 929 2061 466 2527 1730 4617 671 2218 2356 758 4409 2199 4582 1003 1000 456 3134 1788 1777 1249 1647 2283 3435 840 567 4906 861 3715 33 4873 3586 3756 3652 4042 993 2366 2364 865 4731 3175 3824 2637 4953 1143 1200 3784 2100 1649 2389 2518 3921 2418 4361 199 1439 118 501 225 1526 1198 4921 376 2092 2749 4208 3594 3479 4241 4634 4489 1354 4585 1081 4966 2043 819 1583 271 987 57
2936 1745 928 1625 1538 3707 2080 389 4175 3014 2351 403 1224 2675 341 3178 1272 462 4115 702 3204 4585 399 2176 2299 1179 2881 1374 322 59 1985 4986 853 3805 1227 3669 3176 1625 4791 3420 1933 2880 3815 2225 1177 2743 3801 1078 3766 3534 774 1317 1977 774 4714 2441 3890 672 1463 258 2156 3027 3226 503 896 1749 4367 1174 2108 1176 4106 605 2402 3245 217 151 1936 680 398 4757 309 1006 2771 4067 2138 4528 1421 2367 4689 123 1879 3720 3623 2528 3914 683 2221 3930 4266 4376 2447 4943 1781 1394 1379 1765 3255 3402 4905 1932 2589 507 1802 3947 2599 581 3735 1741 2054 4902 2305 2916 3188 1312 4787 808 3386 1298 4600 547 2943 3007 336 4965 3764 647 1847 105 4274 2423 2662 3570 3028 2447 1482 4552 1023 1130 1502 4519 808 3024 3498 1824 312 4642 2143 1463 1861 3313 976 1113 4207 4033 2466 4229 3349 2241 894 3354 3968 2665 1874 1058 4853 3850 4376 1776 2433 2759 2470 2126 4111 3942 2198 4697 1720 1391 3118 387 3668 421 1521 3015 1214 1870 4649 2398 4783 2676
1959 172 4018 2717 1462 1897 2748 3419 2467 4560 1865 2850 4632 4958 68 28 674 3824 694 3565 2073 399 3110 2472 1282 749 4650 4806 1623 1184 95 4299 3250 2333 1278 4551 3375 1785 4896 3814 1644 2956 3783 4221 2445 4320 4894 1235 1257 4619 2234 3499 4648 3561 3271 3755 1716 2010 292 1625 1863 627 544 963 1716 4341 3026 3783 4577 59 2222 3293 1441 2764 4524 599 1011 2319 1691 514 2438 2310 2996 447 3295 802 4202 1082 4518 125 1349 1096 77 3021 2216 4064 3052 375 2585 401 2914 2810 1946 4481 3982 2615 1354 3057 3310 138 2151 3994 76 536 3576 2621 1487 2349 941 1640 4202 432 3337 2146 1212 4752 689 4204 1601 1724 3438 521 3064 3426 2249 3506 2706 2203 134 2600 4681 3122 4117 3337 3661 3026 3660 4553 1977 1592 1417 1819 1731 1131 4765 146 408 4178 4132 1059 4926 1957 178 2222 2385 4731 1834 115 29 855 574 2429 2539 2695 271 660 3860 1826 1012 1057 1505 3607 1402 1381 169 1440 1847 1479 4581 2088 3231 4849 2127 3314 1623 3105 3339 1845 95 3163
4681 3072 907 3118 2605 920 3991 3477 2395 2064 2531 3399 4554 421 1439 1202 2539 4936 1320 775 3754 2176 2472 363 413 1417 3065 2839 3628 3804 516 3351 781 4334 1289 141 40 1038 4297 450 949 2678 1401 3762 1190 2673 4666 595 4317 4022 3032 2992 2777 3566 2003 4532 2800 31 1892 1062 1545 2476 2503 4081 2867 1415 4838 1415 3303 3129 3065 2523 4426 1313 3700 1638 2278 2808 2378 4849 3131 130 3722 4304 575 3548 4385 2635 725 4050 2791 3607 4621 1628 3713 3678 2610 1652 1225 1542 798 4814 3468 859 255 496 3542 2922 2089 501 819 1970 2305 3397 4324 4567 4733 1859 3901 4922 2527 2050 3717 1947 842 3639 42 3588 4479 2947 676 1904 3047 495 4182 4005 131 4947 3065 4011 3109 1067 3942 3192 219 4972 4496 1857 2108 2359 2596 4409 1949 3730 862 3155 4653 4596 245 1746 4421 4767 487 2029 109 1097 2971 222 3093 3152 1851 2199 4065 1454 307 4494 1660 588 1345 1001 3889 804 1690 1303 2972 1978 4709 1976 2665 4244 4355 3597 1337 4768 3131 1574 1576 3929 4715 989
4619 3941 4785 1791 2752 3992 3803 2440 3003 4322 1343 3849 3371 1808 149 2850 1313 4078 331 1904 2761 2299 1282 413 4088 805 3301 1619 4387 935 2662 1452 172 4093 4415 3535 1529 920 3530 190 4471 1582 153 3737 4669 1814 2462 4049 3755 640 2882 283 67 873 1215 3347 3574 64 4738 3990 2237 4307 2808 1964 67 3653 808 3787 3894 431 4980 2228 1517 4369 225 1340 1010 1971 1864 2311 127 2614 2403 406 4068 2254 3104 3223 3532 1392 845 3562 1175 3413 4776 2713 3666 3998 1950 2195 3679 2685 1288 4892 1078 2869 2053 808 1780 720 4355 4629 4774 3917 3973 2278 3355 1387 2915 4753 1100 4591 2683 2702 1545 4935 3502 2153 3146 1726 717 3328 905 1638 1835 1190 323 4389 992 4207 3602 2367 866 1562 4648 2829 661 4679 3576 2905 4742 2322 310 300 4858 1337 2757 3219 685 4752 4110 1422 2603 1836 4475 3856 3209 2494 4050 181 717 3127 785 1227 3373 1938 730 1672 3386 1548 3451 1490 2412 1117 2079 611 3809 4466 1696 3728 2964 3035 1520 1114 609 2042 2208 2563 3701 4259
3093 1019 1426 268 248 4004 1926 845 1253 2557 701 1749 310 3593 2085 4125 3183 4834 1997 1883 3863 1179 749 1417 805 1838 1767 291 4758 4398 1227 319 2849 1786 4799 1709 2632 1632 180 1621 1803 4472 3777 2117 2101 4343 3806 4171 4803 2574 3540 2521 2185 4493 2445 403 3071 3960 3672 1419 1087 2561 1084 1834 1804 1128 3191 921 102 2278 787 4312 856 1995 369 1774 126 164 2057 1195 44 3605 266 3286 3000 575 736 1187 1614 210 1602 1735 4101 659 110 3906 4170 2103 4085 4896 4323 434 1322 777 4125 3217 370 4208 3988 777 1240 1060 2462 4770 1182 1847 1834 1040 4703 3963 4659 2557 202 703 4579 251 3211 3061 3413 43 4146 1761 2624 3781 775 2471 517 4367 2201 4439 381 4056 3051 1919 4227 2267 3851 4034 4424 3926 4924 4618 2172 4309 957 1909 459 440 3292 4931 4193 4851 4331 2164 3028 2670 138 288 413 1056 2053 890 181 3693 4616 1116 3674 693 301 2911 2280 700 3927 1526 3048 2702 3684 1136 294 2359 1926 506 3866 2389 1194 551 2932 3231 872 3490
2174 1380 4917 2444 2606 3951 2856 1359 115 501 1996 3614 4286 2263 159 1371 3198 3596 686 1535 81 2881 4650 3065 3301 1767 744 638 904 1520 2344 3666 4414 2385 3112 1593 3385 4454 1342 1015 585 4838 4962 2307 3923 2165 1873 352 2925 1024 3539 4146 4809 2007 4528 142 2394 2396 1135 3564 4780 2133 2173 3100 4763 3968 2717 3466 4367 4876 657 3417 1578 4658 1381 3649 2100 2155 2569 2260 2701 2545 4541 4636 242 3540 826 1339 3591 4038 2639 1304 1415 1023 4040 2537 300 4308 1417 3127 686 2551 4121 1149 474 2162 1715 1756 3590 886 4559 3650 4526 842 4534 4951 1684 90 2962 2700 2837 2157 1126 4874 3436 282 3646 369 1601 4189 4693 3959 4463 806 2375 2839 1675 4520 1567 2295 1619 358 686 2418 64 3925 3469 1841 1733 4723 3107 301 1681 4809 962 1694 1499 1380 4944 2056 4675 2484 4608 1417 527 2722 1339 11 2613 4968 3325 3702 4023 1606 587 4820 2117 676 4474 3876 1114 2208 511 4577 4347 4117 375 2481 1484 3195 1649 3941 465 1341 4150 3296 1644 4428 3270 3288
1734 2326 2173 1642 2096 1890 342 4376 2375 3502 2653 4816 4586 1543 3881 1220 4323 886 3190 1238 1930 1374 4806 2839 1619 291 638 4374 4325 251 3368 2105 1268 531 108 1770 3002 3715 3576 501 3496 3019 2946 807 896 3482 4932 3212 234 543 3327 3598 1877 2663 1020 1910 926 4967 3092 2215 4006 1691 440 2156 686 1208 3640 3021 4456 220 3132 4071 2770 2267 4226 4741 3005 2899 3177 2804 1292 3255 3376 4748 145 4055 1958 2420 22 2549 4021 2334 2874 3211 1321 4890 1543 4165 1611 4241 1963 1318 2094 4625 2077 3501 2779 4939 4707 591 1230 4300 250 2641 3846 3934 3558 4617 4922 2007 792 2778 2389 4625 1183 1062 4813 1949 4590 2052 1390 4711 895 483 3877 1635 3915 3633 2707 225 1577 2398 4455 3876 1090 3981 4170 4015 4903 1799 509 4155 3930 4613 4258 2279 4479 1352 4172 398 2029 1175 254 4092 3457 3352 277 2307 3978 1931 1368 2073 1212 1001 2194 1276 4252 4245 988 829 4776 2106 505 378 758 1093 3964 3476 2685 3675 4683 2405 4792 824 958 3368 3702 2048 3871 4143
3464 51 3177 4222 1761 3549 3509 2264 724 263 1000 1237 2765 3654 2413 2442 3594 1510 3139 1615 1076 322 1623 3628 4387 4758 904 4325 3993 3045 1888 1684 4381 866 20 3857 2358 3087 3622 4933 223 3562 298 83 183 2452 2063 2433 3985 2129 1302 136 2423 2949 1433 3941 4366 3508 213 1814 401 2760 2081 2260 2995 1173 1315 566 1407 1965 3482 1985 3575 1940 4822 3049 2408 4995 3576 4877 2745 1621 1644 3579 4810 2122 1011 1673 1238 4368 3261 1283 2973 1792 2882 2161 741 4806 283 323 1067 4051 2378 2771 3516 1859 562 3593 1154 286 2855 1212 368 4956 2434 4996 4661 4226 613 1461 437 3903 4029 4911 3675 4240 1798 3015 1678 4007 1147 1650 839 2786 1124 3028 1324 1943 637 3404 3636 154 2898 2237 1959 943 1837 4000 923 3778 543 2676 1815 3801 3565 4470 2708 2838 1071 4784 4164 327 3616 705 48 864 2487 2095 2573 62 4775 2309 2237 360 835 4135 2949 1594 871 3918 3059 4077 3969 3825 240 2995 1136 2392 1247 4441 2235 3562 741 4611 172 3767 1653 390 2090 3296
2839 168 1116 4788 2995 1959 3483 1046 636 554 2211 1990 3350 3838 4930 623 1428 4392 1512 4208 4090 59 1184 3804 935 4398 1520 251 3045 1812 1831 2128 1191 281 1708 663 4284 247 2615 3883 3517 1639 43 1148 3090 3440 2685 1039 952 3653 158 1843 3172 834 4983 2887 247 1498 882 2813 1079 3574 2121 3891 3788 3402 3485 3192 1942 4869 4284 250 1219 4899 4445 987 1296 4970 4515 3280 2718 4060 4543 241 557 648 56 4059 1531 3287 2588 617 2467 1555 1616 4944 3211 1351 4798 4777 1607 900 1905 1634 4688 4950 4386 1829 4222 1544 3159 1391 1263 2906 750 1628 1949 217 4219 4981 2391 746 1710 2208 2386 3229 3521 642 454 3186 1066 969 3084 898 4429 2201 3533 3740 3743 3295 3082 82 3931 2170 1811 4445 3286 4182 347 2456 1419 767 661 3176 3212 1353 1056 316 1744 838 1890 3037 3070 4860 1838 1240 3080 4554 4178 2258 2090 4148 1815 2228 3683 2617 2271 2235 4321 2527 219 3879 1165 413 588 1608 3989 663 892 2773 759 236 4256 3399 3897 4590 3964 3002 92 1987
902 2542 1169 775 1467 2956 2826 4040 4146 621 798 1726 2572 392 4193 1678 2449 1414 1011 4205 3622 1985 95 516 2662 1227 2344 3368 1888 1831 1592 2843 1876 1921 2402 3997 4335 276 2949 2958 4155 664 4497 3732 4460 2224 1077 2803 2890 4617 1434 2878 1951 2970 1246 2236 4074 1701 901 534 4816 1643 4968 3921 4197 3060 867 968 1886 3502 2468 3184 3578 3862 1466 259 798 3871 3130 1907 490 1349 3820 133 477 4070 1955 1399 3163 3921 1862 930 4204 4076 877 4288 2384 1873 3667 2779 4848 1833 3968 1612 1004 2440 2315 1335 743 3315 242 1650 430 2993 2898 2382 4435 2091 2465 1847 4431 719 2585 1752 2629 3609 4806 1732 2868 3281 1806 1795 1299 2268 4233 3916 193 1351 4829 3896 4840 399 4530 3364 2575 276 4147 2353 2623 126 2605 1216 3809 1410 252 4008 71 2322 4649 1845 1834 4135 3513 593 369 409 1852 2090 1332 39 3884 2873 646 4226 2136 4951 330 2825 846 4265 3793 1848 1096 4479 1094 2566 2582 1594 4575 2982 4480 4178 4214 2558 1752 696 855 4719 1846 3518
362 3389 4525 2279 1355 2574 4616 1272 978 1055 1302 3661 2244 4150 545 2835 4620 2097 2588 4534 3793 4986 4299 3351 1452 319 3666 2105 1684 2128 2843 317 1102 4851 1105 4718 2126 1720 4747 4369 2831 460 3285 1324 4720 4867 784 2926 4171 2520 4875 2431 2622 129 404 751 2485 3145 3696 1700 3815 1120 4682 4686 4990 2896 345 750 1380 2698 150 1886 3933 3540 4873 2464 4211 538 1741 3198 4241 1536 2183 3954 4917 3794 1535 4093 3215 3215 2730 71 3776 440 1466 4707 3745 4275 1506 702 949 382 2868 2239 1477 2597 1263 4097 4577 4660 1305 4039 1485 1415 1491 3308 4662 2351 2221 3641 406 3213 1658 2135 4158 547 4152 2425 314 1569 137 4283 4183 3315 2074 487 4390 726 540 1294 2115 862 4470 3088 4237 1577 2201 1512 31 3690 2876 4419 474 3261 1961 1242 4511 2533 4980 1501 4518 175 2360 1304 3637 3326 954 2182 4140 4959 4820 1829 4288 1785 2503 3788 3388 4678 4223 4777 2615 3351 103 4335 62 1971 1083 4452 3833 4075 2652 2426 4375 1850 1844 921 1955 556 4349 3309
675 2636 4491 629 1857 3094 2354 4846 236 2761 2056 1425 1232 2041 1392 1739 2780 1988 4230 447 1695 853 3250 781 172 2849 4414 1268 4381 1191 1876 1102 4796 1522 1783 2861 24 3171 2504 4170 4908 3120 4512 774 3931 4513 997 4498 1518 4770 188 790 2095 1592 3581 3861 250 2953 3299 4513 539 393 1651 3691 1415 1345 1062 4344 4632 291 298 2369 2440 4116 2851 1567 2933 4936 4441 4339 4072 865 251 3048 2762 4105 129 3103 3719 528 4576 1763 1573 1377 2549 1117 2431 2289 1710 719 1865 4340 3987 201 2702 4060 20 4900 1876 2427 4695 518 845 2044 1036 1665 2226 1419 888 2258 539 1144 940 1960 597 4132 739 1993 3128 1575 2605 3724 4669 4442 1772 3820 3721 1706 523 3769 3942 2434 4784 2979 1913 1627 2842 2226 2442 4169 1453 3777 4166 4505 3594 2850 3173 973 1122 1551 2015 972 4115 566 4996 793 4058 680 1890 4984 2880 1308 1628 572 1653 1608 4066 1685 2511 2100 1175 1648 156 164 1375 1819 3736 574 1385 1146 3418 4450 518 2742 3869 2894 4068 1979 143 4911
3469 3767 2953 450 747 2937 95 393 3817 108 2478 2523 262 307 2358 434 4015 848 817 306 1693 3805 2333 4334 4093 1786 2385 531 866 281 1921 4851 1522 142 4866 1598 2614 2776 2067 4495 4440 4019 1081 2205 722 4383 1956 1630 3304 3792 2173 4642 2801 4227 4376 1563 3028 3312 843 1118 345 4985 2224 3348 350 3668 2834 2153 3976 1077 1673 99 2733 2253 1026 1571 570 3523 1556 633 572 4686 4025 1771 4988 1482 4057 3642 2419 3149 4192 1237 4784 3189 2981 3361 787 3938 1457 1449 4080 716 4112 4215 1154 2247 1566 948 945 2811 4771 173 4373 4432 4326 4668 817 1898 2389 4147 1272 1190 2733 2522 2924 1768 4319 751 2813 2179 643 4048 2908 4865 653 516 3981 4183 2569 3246 2490 4517 337 2224 4526 2373 4794 2013 2129 1307 489 2410 3908 213 4891 3142 3199 4296 1376 97 2744 36 3204 1047 1004 1905 4752 4530 1056 3839 2759 4061 3757 4754 323 3225 4997 1548 2476 2248 2149 4658 1022 2228 4930 2734 4287 3823 1938 2404 689 2373 3688 2960 1394 4717 3011 2979 4878 3620
1672 3123 2946 3418 2289 3502 4554 2450 2098 1090 4112 2067 3041 2652 392 391 3375 2714 2435 3971 3571 1227 1278 1289 4415 4799 3112 108 20 1708 2402 1105 1783 4866 288 45 4443 4541 1755 3593 1079 4160 2324 3331 4082 4862 229 722 490 2740 2605 2369 1260 3430 2297 4006 2436 2453 4368 1570 1935 3471 478 1884 1616 685 822 3956 270 1093 1414 1588 303 772 4386 3084 4367 571 1368 1584 2353 915 509 3304 1737 4934 2764 3289 3055 2384 3534 3906 150 2867 4701 1973 3166 3185 3220 2237 4424 1854 2578 2948 1454 227 1984 3055 4639 3223 4605 2700 10 358 569 1559 3940 2888 1004 1886 3677 2500 1280 2225 1136 2358 4581 3225 3087 4198 2617 1568 4263 4873 1760 1226 1544 293 34 1538 1386 2693 568 2666 1901 1189 947 279 4598 3532 4332 196 949 797 2333 139 4024 2020 2489 4269 2870 520 586 3256 3571 221 1393 4910 1090 735 3850 2133 3652 57 2165 1388 22 260 3492 422 293 4625 1755 2098 923 2828 1528 3123 2635 948 4905 860 2618 1974 3022 3621 2054 1632 1684 306
3458 737 913 3889 3892 146 1550 2999 1326 4741 3770 756 3670 4048 2314 3964 1303 3345 1969 1611 3771 3669 4551 141 3535 1709 1593 1770 3857 663 3997 4718 2861 1598 45 4586 163 1520 714 1224 598 329 1044 1880 1634 804 2463 1599 3444 272 3670 791 1369 4656 4343 4855 4837 501 4571 2135 4412 4642 604 4113 476 2599 2593 4911 4800 2734 4007 3006 320 336 1006 4608 2793 4563 3579 673 1458 3841 3329 598 4974 4969 4841 1195 4512 4880 3929 1555 3726 3010 1454 733 2985 4826 4570 3100 4556 4720 3417 580 4373 2529 202 2538 539 1350 4323 1478 186 3440 4016 2762 836 3745 1775 3289 1840 4485 811 2689 4042 921 881 3823 315 4531 902 2983 2470 49 235 1751 1397 1138 2666 4619 3191 2004 1265 2515 1697 3406 4485 136 4596 601 1795 1466 2599 3482 4837 4934 4034 2977 1931 3991 3409 2863 1735 1814 811 2194 4446 2832 2826 98 1217 1417 4780 2026 1903 1128 4225 1868 2036 2563 4773 332 2483 1423 915 1525 4412 1266 516 1542 2228 4260 2933 4326 799 1249 412 463 3658 1996
3903 1619 1167 3693 3401 2057 1545 3287 1986 2216 3159 1464 3270 2032 1053 3460 4356 2285 1301 1688 4486 3176 3375 40 1529 2632 3385 3002 2358 4284 4335 2126 24 2614 4443 163 4776 592 4859 1984 4040 1217 1922 1851 3913 3260 3078 876 3590 3517 1738 3970 2744 3566 932 3773 2252 203 4107 2704 4511 3050 1153 4989 2737 2896 4483 1888 1790 4837 4164 4997 225 2640 454 4752 3796 1743 1272 2921 1226 4384 1450 1041 70 4080 4734 3613 1657 2158 1979 4760 2926 1829 4717 1097 3419 952 2012 1238 640 3355 1516 4419 2461 848 2246 1311 751 1405 1965 3770 4875 3546 430 2945 2449 721 4988 1961 947 144 3520 892 1229 4328 4094 3892 1030 4496 1378 3362 4444 4688 3326 3674 1339 3943 3080 1191 3600 1987 4666 3093 1118 620 4011 1162 1589 595 3167 2410 2035 3483 3731 2944 1101 3272 2618 3508 4428 2217 4555 2921 317 690 3896 4504 1585 3989 710 4623 700 4909 2387 4217 2367 91 57 3399 170 3256 4187 2083 4947 4421 3241 41 4332 1765 4904 1154 3122 60 593 2498 548 640 1478 157
1624 2836 2886 4554 2951 1203 3506 4285 3377 1502 3310 2925 1405 3893 3472 4547 73 1905 2349 3527 4230 1625 1785 1038 920 1632 4454 3715 3087 247 276 1720 3171 2776 4541 1520 592 4078 1340 1674 4161 1792 4683 113 954 3584 489 1250 1125 1709 3075 1258 4849 4868 4868 3356 314 2286 1044 1588 1988 1744 1859 4197 930 2780 3667 3778 447 2594 3960 673 258 4943 4787 4309 1455 965 1896 1591 4916 4285 1268 4776 2912 2836 1088 528 1608 2741 738 1651 35 1227 1659 850 1417 202 462 823 4466 2889 2488 987 4034 4014 1028 118 813 2669 3263 941 4634 4921 4481 460 2575 2054 4747 4607 4301 1041 3585 3371 1553 4695 4475 2684 2000 4075 2203 159 2948 3128 4746 4972 4676 4363 4830 507 3460 2169 945 1750 4038 321 1829 4099 4074 4287 734 2392 351 3268 1104 3595 4175 1393 1991 2574 3848 4793 4427 312 844 3239 779 2214 647 1338 3250 1506 268 554 2410 3172 4835 1820 3904 2975 2041 463 787 2238 1485 648 773 1685 4545 2499 3999 3026 3690 4031 1566 552 776 1253 4978 3558
1191 686 3147 4582 4255 2641 2393 676 414 3648 3141 2021 1365 1681 1417 3083 2494 4492 1966 1531 1035 4791 4896 4297 3530 180 1342 3576 3622 2615 2949 4747 2504 2067 1755 714 4859 1340 485 4628 1120 1909 4800 2798 1927 4625 3962 4928 4223 3136 3219 661 1118 2616 2627 1092 3407 2452 4275 4853 2403 342 3957 3709 3466 590 2530 3362 1051 684 4201 1147 1446 4261 420 4603 276 3670 1905 197 3785 3559 4361 2948 2793 2706 1934 1545 94 169 2479 4552 4778 2183 1291 3076 4617 870 4837 680 2326 2421 3341 4903 2461 4556 1943 2471 4657 4446 389 3046 2190 1521 2240 3119 650 31 410 3970 427 3929 3128 4104 491 1613 4488 816 2054 833 550 4323 3753 441 3045 1189 485 2095 2028 2962 2190 562 3460 2434 3241 3964 2707 733 2543 3827 4301 4311 3268 231 852 27 3916 1052 2958 4440 4525 4377 4817 2232 1822 1377 3896 3668 3743 4931 365 4499 345 4564 4218 3310 3930 4426 2955 2570 1437 951 1097 2366 466 35 3525 3303 4711 2781 2717 3178 1128 871 2882 1345 4594 3289 617 1396
4276 574 1763 385 1285 3027 803 2197 2863 1989 113 476 3134 4725 1961 3794 1523 4742 2310 3631 4227 3420 3814 450 190 1621 1015 501 4933 3883 2958 4369 4170 4495 3593 1224 1984 1674 4628 2470 331 1254 3577 2836 1618 717 2647 4994 4946 2055 4989 2409 4178 490 3676 4275 4691 2724 4641 3270 172 3316 4008 3719 2005 872 1499 1546 4259 2449 2905 3878 1961 1610 762 3379 3307 2843 1709 3313 3302 967 523 4888 308 4960 2131 4963 1930 2883 4330 4910 4503 2615 196 1145 2960 3604 2847 2350 3871 315 199 4894 1948 206 4423 4863 1725 146 189 4628 4723 4338 1245 2449 4783 367 1706 3723 3207 921 191 3597 4792 4271 3978 1443 4794 1097 1878 4696 59 858 2317 2337 1659 4912 168 3306 418 2949 555 2673 4681 1227 2378 1885 2691 4694 681 4560 3941 619 3703 2905 1785 1915 1576 1062 4639 4566 1242 4883 1996 3625 2383 4349 2615 4919 1108 3456 1498 3627 3312 4461 3714 4348 4454 975 3616 872 1390 4252 81 4301 3337 2154 593 2653 2517 2650 4594 631 2532 1590 4662 3734 1208 4742
