N: 200
M: 40
Symmetric: true
Triangle: false
4 38 77 160 168
5 126 31 156 2 179
4 180 79 144 98
5 21 29 150 110 16
8 154 72 36 46 117 124 65 39
2 10 113
3 185 66 53
7 80 44 191 134 130 135 94
6 37 167 182 87 159 86
3 112 95 3
4 85 170 96 47
7 190 108 103 131 177 9 13
5 28 12 137 75 25
4 56 145 174 33
6 90 183 19 178 42 149
5 59 60 104 83 93
6 27 199 70 82 120 193
4 15 125 88 169
4 187 61 165 62
6 109 128 7 197 129 100
6 121 55 97 133 17 32
3 54 14 141
6 196 161 116 147 123 30
6 189 67 194 78 52 186
7 181 69 164 166 6 76 175
5 192 158 49 119 20
6 105 138 41 151 142 163
7 81 22 171 184 50 173 35
6 18 64 111 139 91 51
5 176 24 101 157 68
3 99 195 63
5 143 127 155 148 115
6 5 48 200 140 153 188
6 1 106 102 146 136 43
4 26 45 84 114
6 122 118 107 172 11 58
5 162 152 57 34 92
1 89
5 8 23 73 71 4
4 40 198 74 132
504 4448 1687 295 299 3741 2893 3438 2582 3850 1670 1239 1687 1347 1806 4338 1547 3511 4697 4632 3007 447 2313 2798 4837 3996 3207 4128 276 1258 2906 2987 4026 1772 1050 3298 1943 3564 2134 2930 2472 4546 2299 1655 4586 1467 2787 1986 4479 3621 4466 215 1198 1216 3461 814 2979 989 1386 2371 2362 3174 910 387 4197 1879 3145 1529 2600 629 21 160 1843 3965 4682 3152 4333 627 4148 1743 4445 2001 3407 124 2760 2458 466 1450 3118 4312 3865 2807 481 3599 324 77 4601 3995 2553 3426 1725 2920 1007 1163 2574 1433 1780 1285 2029 3343 256 2386 3191 2375 1635 2871 4335 1456 4413 300 4782 921 283 4796 3128 980 3111 828 1432 952 3008 1262 1350 3834 3290 1141 1177 807 3899 607 1456 1842 1488 3226 252 4251 4083 3373 4733 2891 3711 1544 3640 3268 662 3084 1522 4362 1019 163 3491 3835 1192 3077 2594 3838 1846 2104 3698 4567 4433 1862 3287 1221 4272 4345 115 210 3664 3089 2030 2676 3546 4136 1216 3667 287 4141 3134 247 770 4559 727 2358 870 2201 944 3003 3173 3220
4448 4815 2582 2811 2145 2732 4631 3157 4446 2021 4348 693 3957 4134 1534 3478 960 3841 3836 1915 4906 1383 3680 950 2319 3697 624 1899 4294 2028 2443 2770 883 4854 4821 2477 99 2468 1671 1354 1758 3375 1642 2507 3931 1678 2309 744 1936 3289 3534 581 3386 836 2974 1406 4337 2469 4474 1428 1160 1671 2556 620 75 4120 4210 2632 2001 4020 835 3305 3660 467 3621 3035 1325 2827 1373 1462 3631 4245 4145 1309 3138 1881 3380 1665 1261 3058 90 937 1948 601 1778 1087 3676 2172 2936 3764 4318 3717 2872 4565 1873 3451 1213 2977 3010 3729 2976 107 2289 1326 813 4234 720 662 1200 881 2114 1918 3409 4804 187 4403 886 3347 2660 1376 4280 221 2937 2589 4820 3030 2372 4853 753 193 576 977 623 3891 2785 64 2380 308 395 1691 4569 3530 4606 260 4909 3842 1120 3092 4955 1895 4798 2862 1586 1504 3007 1862 3037 1836 3675 3367 1408 1245 890 1130 3203 1052 2930 4938 2904 4982 3399 1620 2704 620 2983 4429 1879 1213 4313 2277 1443 2595 1479 4869 4971 2070 1176 3936 878 2887
1687 2582 345 1746 879 3738 2961 2263 293 4459 60 4616 3588 1131 4220 2789 3972 428 2873 3154 555 647 2039 1752 2940 2403 2429 1539 1820 3182 125 2080 4521 334 104 592 2937 3359 4179 1546 317 516 1620 2314 1577 2252 2084 2461 4005 1111 1362 2711 1966 2786 2709 2959 221 3274 4770 3504 3535 4473 896 3036 3226 427 2853 1476 3665 4811 2696 4617 2341 1188 207 4630 2818 2185 2598 4171 2775 941 4660 142 2827 2852 343 4039 1039 3905 49 4903 3895 4848 278 3175 3187 1588 3014 4369 84 4450 342 2188 3577 797 1098 847 3561 3736 2451 4113 3433 2368 4206 1952 1103 2084 1333 1467 1133 2147 2811 3027 943 2644 4408 3251 1942 3655 2851 111 2811 709 1603 3022 1215 14 2241 3609 1454 109 1855 538 3423 2095 3666 2316 1374 1646 1696 4262 1671 1258 783 4244 4642 2505 3655 2269 1532 423 2812 1907 576 4697 2979 45 4362 3522 2360 722 4448 918 1219 3995 2795 2474 2478 1097 1059 1876 125 592 1899 3481 3757 1172 2360 486 1466 473 532 1491 802 4840 2411 3110 3007 3700
295 2811 1746 2122 1118 3615 360 1226 3056 4706 1018 3593 2922 1548 2745 2974 2277 604 4053 2869 3825 4182 1209 3620 4702 1825 33 3216 779 827 4550 449 4296 4250 3192 1651 353 1620 169 4300 3284 4385 3646 945 2021 2838 4039 2096 3294 4624 1194 2221 4551 1740 4749 1743 4873 146 4280 3875 1705 2493 1988 485 147 902 4923 2491 3285 3929 1059 4545 2787 4226 1156 4151 4734 3844 1099 4430 3423 1518 4102 4861 4203 3934 466 2290 3963 2325 4722 4119 311 4845 2958 3533 3995 1396 2064 1626 1693 3697 2332 1202 2798 4282 1567 4509 1494 3125 989 3877 859 1358 3341 2174 1449 276 134 888 3736 758 2739 2462 1157 1288 2700 626 4391 464 258 3551 4362 757 2854 4869 641 562 2825 130 2237 1542 4790 3807 2636 3338 1536 3302 4603 201 4427 3119 3261 2820 2901 50 20 4474 2867 4622 2561 2744 2926 102 3755 2246 4134 1241 1501 2020 714 4002 4773 4155 1425 3181 1065 3239 4571 1305 1291 3444 3249 4311 4478 509 4688 4782 4007 1254 1961 1841 392 2542 1210 3931 2645 2729 1770 3566
299 2145 879 1118 4178 4848 577 3884 2169 4286 2720 3890 3358 1255 2613 540 1478 3734 311 4768 2787 428 3897 1453 3060 4281 3186 3223 2418 1601 1053 379 4732 4407 60 4465 4649 4225 885 2020 1121 1338 497 1164 153 4023 977 2401 4033 4456 3140 342 3393 4301 2728 4803 4187 676 1811 4268 4210 4505 1622 878 525 3915 469 292 4367 3994 3200 3122 790 2684 1498 3897 4346 4968 2582 348 390 3539 2229 106 3421 2319 3824 4437 3271 1792 1693 860 1397 466 2796 3612 2125 933 4332 3655 821 3542 546 1110 1713 51 2691 2788 1350 398 2585 750 4593 595 3374 3788 2815 1556 3213 3168 2278 232 1237 1438 3666 3861 4931 614 3175 3023 3636 2069 76 4079 911 3146 1627 1339 3232 902 2454 666 2409 2159 2752 2178 2758 618 4651 1876 1357 3245 543 4151 1974 37 4936 2920 858 4263 54 2871 3673 191 4091 2109 2991 3286 1637 4791 59 4514 1005 2456 855 4037 1629 4229 2532 4997 445 446 845 2639 2276 3387 1501 4706 1199 4862 106 2238 356 3931 2268 716 2045 2947 93 3484
3741 2732 3738 3615 4848 2201 3652 4402 1048 4535 264 1809 2940 4470 2848 4983 1131 3400 737 1138 3919 4605 4205 3473 3778 1357 2927 3059 4463 2685 4387 2637 4268 4914 249 4442 65 4081 303 2010 1745 2420 2425 4228 2788 854 1650 887 13 2702 3429 3101 2999 12 1600 3977 1070 318 3370 4704 1500 3560 3355 4742 3782 254 4919 4637 3359 4312 613 4500 1355 982 219 2358 1954 953 2510 2936 4741 1845 4590 3425 4087 3555 4802 126 1731 527 452 114 4152 2972 1869 358 1886 3814 4878 3126 2277 2568 1609 4406 3925 2854 3750 4941 3709 1471 3835 2667 2222 361 339 3379 153 1750 2605 1315 3810 1265 4887 2358 3343 3502 1259 856 1814 4604 508 1317 2594 4400 2127 2034 3554 2487 32 4595 4974 3369 253 856 3249 1785 1042 1243 1485 4410 877 1571 1004 3381 2677 4791 3883 2505 2732 4078 2882 3287 3301 2076 357 3062 2173 462 1620 1887 4477 4179 1278 773 2410 121 2856 865 1210 1460 1755 3954 3957 2841 1815 242 2968 579 361 3457 2991 2027 4166 1053 1994 1438 978 1654 4777 1324
2893 4631 2961 360 577 3652 2545 3173 4826 2626 109 2433 1599 1005 3649 3482 3672 4468 2874 2761 1798 3643 52 2895 531 2812 980 1184 4794 3757 3395 4686 2231 1113 2076 136 300 1004 4210 1929 350 4922 880 3779 3584 3063 66 3868 4822 2834 1857 2815 4142 311 97 3596 1359 2218 4325 1003 185 1895 3674 4030 4910 1401 1948 912 4705 4119 4642 4718 1229 1384 2662 1727 2064 3358 66 4455 702 1027 1369 2770 4383 1487 756 931 3685 2023 1816 1231 1443 2398 2357 333 3273 2340 2948 1435 1085 572 3080 3186 4174 1522 2280 4320 4587 4901 4991 3694 3709 2156 541 426 1919 3999 1412 3967 4773 1795 339 2306 1876 3532 1315 2478 4562 4153 202 3326 108 3185 2250 718 1778 1285 2060 926 1190 3296 3567 3045 1241 4264 485 4541 3125 1593 1227 4294 2349 1706 1461 591 3766 4805 2008 3582 3870 1147 3583 3234 44 4890 2082 2713 4294 385 4627 2601 1612 122 2211 1003 699 3810 11 3747 4164 4015 3741 1792 242 3191 2335 2050 4234 2303 297 3612 4706 1815 4523 4724 718 1248 4055 4276
3438 3157 2263 1226 3884 4402 3173 3063 63 62 2613 137 2620 4121 2040 2851 4701 4842 4972 2414 4784 3413 3652 3553 2400 1805 1665 1891 4544 1663 707 3091 3150 1575 4063 1666 4178 869 4298 3010 542 810 2072 3964 4411 1587 1637 4385 2586 4184 3679 2377 3084 3062 231 2993 314 2855 2638 945 143 44 4063 1997 2911 3769 3302 4601 2295 2249 2375 2420 1260 514 4125 2150 2419 1168 3349 1201 378 295 171 1064 4051 1799 2497 3513 4669 4543 3494 676 4048 944 3100 4597 3599 1684 2826 4458 729 1760 4348 381 3068 1521 3948 3594 1374 3939 1152 413 2278 4394 169 163 3262 1265 2732 3572 1583 2898 3136 3196 2721 1239 3057 2083 4353 2692 4735 3290 2553 176 2439 2141 3542 1493 4554 2304 803 251 3603 4962 4038 1666 207 2068 3102 3102 4692 3698 3990 2818 3612 3508 4736 1014 624 346 1733 4099 2443 4170 3884 2946 2768 242 3549 4364 2593 3219 2896 1715 268 4056 3208 2521 1096 2043 3537 1746 2678 120 2960 2608 4789 4273 4614 1992 3250 2290 2473 4544 1982 2088 419 3283 4451 2645
2582 4446 293 3056 2169 1048 4826 63 4212 4668 3774 1720 2274 2882 4465 1204 1323 3607 1701 4429 424 871 164 2862 4446 2729 457 2363 3850 4113 3875 1804 4414 2202 4151 2363 1848 3559 4652 4085 2841 1009 2494 2104 2644 929 4322 4812 798 1285 3711 377 1553 4236 3558 1550 2877 2365 4929 1508 1244 765 1138 4769 2499 47 3165 2515 2960 4848 844 4572 2822 4299 4279 4750 2274 421 2484 1673 3370 1312 1285 2345 2842 3351 3438 4503 1162 2826 13 2774 3117 2352 4781 2760 3077 2560 2814 2261 1843 859 4594 1024 608 3987 4379 1809 1275 2960 301 1277 2392 4127 105 1716 1876 823 4230 3457 4444 3868 203 2304 4437 2398 3708 3248 2881 2610 4721 116 3913 1805 1782 2611 1563 4119 3848 3472 470 452 423 1548 3544 822 4911 3743 1713 3234 3261 3458 4817 1749 4412 3519 2604 3961 3617 2458 1752 909 1485 158 3668 575 3588 928 1892 1485 1083 3534 650 3627 1762 4061 3465 2916 3344 3453 1171 1419 873 1425 1361 916 2340 2828 3508 4492 155 844 3064 1835 3994 4581 639 4089 4449 3875
3850 2021 4459 4706 4286 4535 2626 62 4668 3676 1716 1552 2952 1541 4583 761 1271 4783 3074 3147 621 1082 72 4935 2848 2107 4316 3058 2708 4454 2066 920 1063 664 188 4116 2516 3692 4653 2791 308 2605 1322 2669 3130 2524 2939 2011 1309 4132 1586 2840 3341 2457 2389 1003 616 1417 2149 4970 732 619 4611 90 3259 4176 89 4619 1789 1741 3305 2372 726 2795 297 3921 3686 1143 2404 2678 3009 4109 1111 2919 680 4087 601 2888 4814 1433 743 2269 2433 2741 2034 4591 602 664 3464 2665 4955 3287 4887 659 173 2185 2751 4247 3046 2364 4728 3608 4190 127 638 3183 3307 4292 708 719 4572 3691 831 362 3923 41 3975 98 3272 2732 77 3086 1842 649 1956 3052 3712 3330 2207 1115 3128 4675 3063 1519 4815 2496 2069 1271 2682 3835 1517 3663 277 4735 2288 121 2739 3333 4831 3869 2556 3917 2220 1019 1521 1804 1497 4433 4907 3415 3438 1144 4016 4239 1836 1328 1024 517 1774 134 3103 2133 3635 3513 1577 890 4341 635 4599 1630 1435 3356 3191 4901 1370 2244 3162 3224 3985 4462
1670 4348 60 1018 2720 264 109 2613 3774 1716 594 3078 607 478 4366 4434 4376 4679 1275 944 4984 4463 4357 1785 2232 969 510 3796 2616 640 4310 3253 1950 144 4237 3691 1104 4572 4322 1450 4687 4996 111 2061 2253 3443 4807 2374 2797 4079 915 4883 3941 1167 4890 2420 3867 195 199 3056 4079 4393 2257 1275 1857 4130 3597 2814 4059 446 3318 3141 700 305 4444 4205 766 973 1315 2823 3331 467 2575 2531 587 3634 2018 4133 4968 88 1284 2214 4646 2862 3336 2123 114 2630 4217 4384 3033 2879 1607 3666 85 2385 4867 3949 3163 1138 4772 560 516 4314 564 2802 605 3943 4191 3392 3872 3273 3183 2449 1671 2920 2239 4913 3248 4975 3108 967 4970 4623 2675 4623 3141 654 3710 916 4353 1753 503 1825 4579 4955 163 4390 2634 1072 219 975 3502 4739 993 1726 2113 3062 3356 2347 3458 4457 4616 4216 4140 1497 4904 3997 1451 3370 4160 2737 3197 207 4816 2167 2146 1898 1706 1934 496 3926 3926 1938 2640 2166 3532 1177 52 1600 4874 1527 1779 929 145 780 1063 3332 225 3032
1239 693 4616 3593 3890 1809 2433 137 1720 1552 3078 944 4721 287 3090 1689 703 4745 666 3112 3717 4607 4275 3126 2839 722 1091 4718 4267 3094 4973 3352 2010 3329 1563 3250 3437 3623 3961 869 741 1651 438 1804 231 4829 3241 2607 4286 3717 4140 2780 1468 2536 263 3315 1329 944 4459 4670 1084 3220 973 3637 1065 430 4329 1701 2569 1513 4657 2035 249 2190 1432 484 390 696 4948 129 2805 4096 266 4314 3451 2465 1991 2520 296 1657 3335 4141 985 2418 3166 2680 1825 3968 2228 2303 100 3977 4372 4720 978 798 3187 480 3177 120 432 144 3984 784 3046 2656 3090 2322 2889 1349 4939 1176 2548 1050 4774 204 4255 1399 4445 4776 3471 1626 3589 1347 2434 1779 2841 3472 3017 4769 3392 2428 1250 4020 4927 3099 583 2680 2095 3396 1341 4643 4126 715 3946 1978 2722 1357 3094 2659 4400 54 1863 2245 2802 3174 2986 1761 328 3434 3354 3786 3726 1298 3075 4684 784 4728 1331 3782 4919 1367 2984 204 2490 541 2581 586 197 760 1658 1818 2550 4199 233 1564 3969 895 71 208
1687 3957 3588 2922 3358 2940 1599 2620 2274 2952 607 4721 3238 4098 48 2114 4194 4954 3240 4177 4411 3029 2496 132 3874 841 2268 1453 774 2608 4474 2584 88 3098 337 2928 331 2293 1551 3825 2309 1323 1867 2005 614 462 1545 1963 662 2409 2000 779 415 444 1349 3291 4111 4038 957 2253 2396 1033 2274 2747 73 210 2100 1982 850 4327 269 2830 3881 3907 4895 920 3857 3314 68 803 23 1920 1967 1878 1912 1157 1236 3485 1623 3458 4134 4175 1541 4448 788 1202 4962 4480 1369 4021 2994 3590 4951 2370 1031 3316 4031 3337 2839 1468 3273 612 201 2762 3967 1602 3320 718 3716 1683 3774 651 163 2583 2751 4112 4392 2705 3220 718 3230 1688 3593 4202 2878 2821 3224 3892 4340 4066 2166 2806 243 3005 733 890 3337 820 123 4082 4886 4120 4511 2820 3243 4424 2054 4436 1377 3917 1659 4280 4569 4543 1430 2522 4549 2551 2029 2932 977 3181 4124 1079 3896 1034 620 1419 1363 3100 487 314 1470 4920 2225 1139 1890 3580 4668 2605 315 490 827 192 1908 3793 4180 689 2424 409
1347 4134 1131 1548 1255 4470 1005 4121 2882 1541 478 287 4098 3629 1807 1125 2376 864 1128 1459 2776 1528 3631 1921 3325 979 4013 3499 1682 4523 3454 2049 2550 1251 2510 1992 3627 4270 3554 2499 761 3951 253 4802 72 3886 1362 1264 1787 4290 4244 1369 4600 1421 4384 4192 409 4281 3084 1672 1023 1054 2730 435 1216 4594 3722 393 1703 2894 1547 3533 3580 2365 4631 2227 4607 3965 3684 4021 2046 1914 511 1983 601 2513 2402 1319 303 3154 3918 1325 4991 2627 1933 2761 4627 3894 3919 4758 1243 1704 3540 2055 2560 2680 98 210 2686 2496 4326 3678 1920 2117 4603 4066 1214 4607 1213 491 2985 4681 3302 2962 2490 3172 3007 738 52 2731 1591 2241 1298 1521 594 3014 1744 3671 4092 1053 2593 494 2199 4478 4113 1284 820 2365 3170 594 886 867 109 4463 267 1913 135 1237 907 1323 4330 4503 1975 3152 4084 1830 2263 1055 157 2877 1361 3126 3706 1941 765 330 1806 3981 1669 4239 1660 241 4730 2101 2797 1102 1894 210 4108 2869 4663 3771 704 957 2302 4613 2251 2988 646 4361
1806 1534 4220 2745 2613 2848 3649 2040 4465 4583 4366 3090 48 1807 372 2419 3113 4491 2975 2557 4645 4059 2606 2513 1036 4030 4105 433 2029 4250 2441 4746 3234 600 4032 655 893 4996 3310 4996 1993 574 3325 4644 3266 2086 1960 930 573 1052 3754 3274 1534 4512 4627 2535 3247 4457 3832 2332 1192 1118 1472 725 4342 618 3876 25 1096 502 3727 3153 3185 1567 3556 719 636 2829 799 4262 2945 2971 474 3059 3695 663 4563 890 2407 1649 2786 2230 4452 4070 768 1065 2074 4375 2853 3318 2636 1047 3998 796 3974 4637 1308 1025 2594 1142 4874 3373 1714 4016 4373 1483 2488 197 3899 1548 3163 3922 4413 4568 2900 2931 1402 1937 3285 3119 3819 3371 2816 4623 937 646 1353 2529 1647 1179 1708 3708 3320 4949 4727 2422 97 1180 1411 334 1731 3620 3208 3833 4050 62 2532 1491 3564 3826 4628 1995 3198 3233 280 2647 40 3225 424 3008 2399 3320 4352 1977 2228 761 4940 3089 720 3834 4865 1540 3051 145 4653 1208 494 2086 4527 3416 1509 1384 679 1836 1884 4110 3115 1310 4733 3314
4338 3478 2789 2974 540 4983 3482 2851 1204 761 4434 1689 2114 1125 2419 1779 101 2283 3847 3481 299 544 4297 2233 4630 637 3898 3254 4608 4840 3286 3096 4105 333 3192 1292 2008 2922 1370 505 3480 3670 319 360 3162 25 3818 4004 4169 2851 3381 1594 3060 4067 38 3599 2331 4762 2087 2725 327 235 1715 595 2151 2540 373 811 2089 2938 4195 2350 426 1672 3964 1541 1500 3510 3508 4370 553 3760 1172 2036 2590 2228 578 4595 4665 1783 3219 729 3194 877 3573 467 591 4834 4616 4895 1160 3266 3598 3153 4391 2569 851 1169 4848 3870 1582 4238 1656 226 3999 3563 3160 4773 3991 3391 2028 701 888 162 169 4926 1651 1654 4637 1478 877 1891 1902 1935 743 1791 1267 1489 4465 4211 1785 1901 1161 3338 3507 1018 4147 2867 4372 1906 3817 1546 4529 4103 2874 2835 3602 846 1550 585 1368 823 344 2665 2518 3788 2329 1076 4921 2639 939 1672 121 195 2198 1211 62 3001 444 172 1918 2748 560 4065 396 833 1188 2849 2889 243 773 783 1131 2001 1713 124 1005 4573 1944 4455
1547 960 3972 2277 1478 1131 3672 4701 1323 1271 4376 703 4194 2376 3113 101 281 4799 2458 914 4908 4825 847 3651 2471 4548 461 3096 2465 1343 4882 1538 3813 216 1008 2468 306 4667 2543 2088 3546 2149 646 1093 2559 855 3776 2549 2235 4701 3977 3885 2833 1556 402 3434 331 2604 954 948 508 3649 2734 2666 2878 2938 3264 1175 1157 2926 457 4457 151 4925 1378 4559 2634 3934 4322 3252 2981 1232 3433 2114 4274 4932 1840 393 3778 305 4735 730 2514 2575 2242 2562 3693 1703 3454 4317 3476 3224 937 4480 58 2444 2006 2731 2591 106 4534 2495 4216 2423 1220 494 3770 991 4284 4406 1660 1519 1043 45 429 3284 2205 3399 3991 4426 4701 3533 2970 3526 2569 212 2014 852 4049 3367 491 2427 1041 2386 1955 695 4925 3520 3742 1552 2774 3920 3264 829 1061 1067 3078 147 1535 905 2920 415 1429 4754 3259 543 866 178 126 4849 3955 4235 3825 2470 4626 4163 2189 3128 210 1973 3296 2353 4857 3530 1031 3720 1590 1706 3501 1581 4785 1201 3659 2409 3137 4445 280 1452 400 2814
3511 3841 428 604 3734 3400 4468 4842 3607 4783 4679 4745 4954 864 4491 2283 4799 1572 1554 1766 2444 3987 4052 98 4019 57 1070 1595 2407 3057 3104 3932 1290 3188 598 177 271 4732 1975 476 4249 1069 1776 173 1826 4614 1748 3211 1948 4572 1443 3515 4393 3897 1799 4240 1654 2041 2617 1716 4703 2517 799 2825 303 4583 1514 3674 4997 2787 1981 2220 914 4613 3304 3458 2841 473 4996 1859 2068 4741 457 3376 4927 2239 2294 1839 3716 2736 3323 2810 1512 3913 1853 871 3992 2369 1401 3707 4549 1428 309 3431 670 3320 1308 4631 1437 4099 4679 1161 1708 787 3776 1938 404 1705 1416 2918 380 3417 2313 3115 3838 3273 984 2765 4352 639 1224 581 149 1180 1540 605 3734 1103 4672 4425 4301 3361 3975 3153 4682 1199 1410 571 3387 795 3369 1682 1183 4770 867 817 4737 4651 715 2745 1955 3350 3603 3103 1853 851 2200 2802 4182 3575 4939 4781 1464 3842 770 2020 4508 1746 2911 1614 2467 3290 349 2486 4741 2755 4175 4456 1311 2479 493 3820 3231 3693 730 4045 939 4006 4163 2479
4697 3836 2873 4053 311 737 2874 4972 1701 3074 1275 666 3240 1128 2975 3847 2458 1554 952 2530 4453 3749 605 2718 3936 122 452 3396 3539 2960 3569 3097 1740 2113 1187 2120 3887 4111 1085 4230 23 2558 162 4293 2862 2266 706 2938 2974 3846 1244 2439 2935 3565 4356 2938 4810 4641 3041 558 629 4141 1881 4723 292 700 4698 605 1818 2265 1653 4538 2925 3205 4503 759 4062 128 3621 75 3281 1766 911 3857 4266 2088 2089 1942 2901 4720 1905 3147 3814 4686 1705 4753 3125 3668 137 449 3303 3268 2128 2874 4512 4709 419 3339 1057 3815 3353 3948 780 3866 2069 1366 2555 1361 2409 535 1805 1812 3485 2804 2748 662 490 670 2425 4704 3894 788 1942 1939 4569 656 4755 4338 744 237 1745 42 1050 415 4756 750 1189 1992 3356 4567 1660 1363 3443 2486 3997 2561 2865 1416 1264 3745 2569 118 4362 3943 2282 98 4435 20 1537 4107 3001 4474 2020 3675 1201 686 4567 460 3714 4563 2235 705 4393 2056 1196 1356 80 500 1951 191 1418 2138 4048 3427 585 4506 2017 4582 293 2160
4632 1915 3154 2869 4768 1138 2761 2414 4429 3147 944 3112 4177 1459 2557 3481 914 1766 2530 3711 2133 3824 384 1168 1438 3644 1251 2837 160 4849 3650 4881 1870 2545 4605 2218 4453 4773 923 424 3930 1033 4871 4016 4573 3157 2213 1823 4290 123 901 3671 3931 3731 3979 332 3349 2570 1360 3822 2460 2539 297 609 1018 1309 2917 547 1111 497 2197 4118 2059 1329 4789 3629 62 1416 2976 2198 4965 262 2327 870 3174 1462 2345 4726 4921 453 1913 2621 2727 3154 921 2421 136 3429 1123 4360 990 1772 4375 4456 3923 4974 4811 3378 1163 3647 4110 1783 166 3509 851 674 2834 1719 4838 4558 1963 2930 3170 4888 4566 4375 2287 449 545 676 4933 4312 4279 3365 4238 3492 1073 1320 622 1386 4323 211 368 568 3004 2553 4461 1434 1976 220 492 4056 2276 4517 3120 518 2944 3209 3578 720 4063 2033 1841 3002 2179 4100 3669 1251 1166 4150 4468 4009 4096 1685 878 1928 4344 146 4354 4043 2765 3323 3375 4683 2121 3544 3435 509 3985 1749 2843 3348 4976 2562 2051 1536 633 4297 3234 4877
3007 4906 555 3825 2787 3919 1798 4784 424 621 4984 3717 4411 2776 4645 299 4908 2444 4453 2133 3621 3685 4596 3075 4732 1779 1551 477 50 3137 187 3942 3928 1668 4808 3823 4041 2104 3241 4141 2523 1948 3262 2784 3555 3778 1699 140 4772 1403 807 3157 2871 2614 4228 4588 4327 1557 1221 2142 107 2662 1121 232 1110 4881 1385 3330 1109 514 2779 2290 4067 2675 1809 1150 2624 834 4966 4848 2846 2865 3853 3039 3062 677 181 663 1799 816 1201 2830 393 2631 1019 4278 773 488 166 4469 3396 3813 3739 179 2023 469 412 1028 2341 3079 118 3007 4958 3259 1515 388 4447 3072 2943 4276 4783 4651 129 2323 3084 4542 3127 1214 4212 829 3283 4660 2914 3201 1373 831 4566 3392 1934 632 3415 2691 4167 116 2259 4816 1455 3916 2893 126 4129 2893 4773 4897 4897 4361 708 2489 4736 1897 1717 4200 2878 2319 231 2846 3556 4385 1060 1896 3496 3755 755 2022 3168 4414 1513 505 3530 1604 1773 725 4017 4843 4601 4005 4813 381 3055 1583 3646 4765 169 3176 1182 442 3503 2748 1274 3875
447 1383 647 4182 428 4605 3643 3413 871 1082 4463 4607 3029 1528 4059 544 4825 3987 3749 3824 3685 3313 1797 1841 3418 270 1839 2972 2960 1065 3633 3998 2481 442 2430 2525 3275 300 2913 4355 1875 3089 176 799 1524 4728 2087 1279 4358 664 20 1686 4721 704 3281 1839 1258 3117 1128 2523 4677 2810 407 4759 4294 4835 176 1597 4195 470 88 4238 4289 3349 3289 255 18 2390 2475 4406 2903 4637 1675 3648 1855 304 3245 4561 3833 2801 1957 4314 2159 1017 4648 3229 862 244 4588 144 22 3696 4738 3364 3995 2979 1746 4596 1010 3273 2837 217 4715 2235 3578 4537 3611 2181 764 1235 99 4704 2000 2156 4978 1913 4193 1254 4325 594 4690 3519 3966 2482 926 4003 1444 2009 4838 4237 3826 2918 205 534 2811 2032 217 1390 1162 3139 2716 3670 4747 4046 366 2093 560 885 176 3177 1974 4192 4547 2019 2998 2488 4729 784 271 3010 3812 4571 1650 4582 4031 1936 4628 637 3629 1778 3547 1989 2830 3270 997 1512 1944 359 873 3425 192 3276 2047 2955 1692 4845 518 3043 1908 4174
2313 3680 2039 1209 3897 4205 52 3652 164 72 4357 4275 2496 3631 2606 4297 847 4052 605 384 4596 1797 1858 2864 4648 4457 2981 577 3496 2165 2259 2182 4136 1334 2886 1887 3766 4276 133 2333 4409 261 1329 4447 3620 2476 3067 3632 3832 2760 2431 1393 1876 1438 2571 3713 2948 1991 4391 3097 656 1192 1918 116 4988 2296 1021 1499 3728 1323 3671 4927 4074 1295 3154 2589 3747 687 55 405 1715 2803 835 4532 1326 118 1103 377 1583 1104 721 1206 4592 3707 1327 3757 1817 2647 4392 1956 3666 2208 4429 2340 352 4502 3416 3996 4982 3437 4555 4115 2595 3877 832 2559 3677 4288 3743 2201 265 1955 1098 4204 2625 4686 3952 2715 2891 4857 2026 3980 363 2440 4077 3248 3773 1378 3212 3489 2330 88 2224 3475 4873 2005 2985 3075 2646 3947 3872 1258 824 143 660 12 1094 2338 1840 3063 1185 4502 930 916 2745 569 2974 2363 1442 4889 701 55 63 2774 4309 801 440 4684 4734 2989 198 3790 4158 2253 1142 2546 3269 2861 4840 1008 1845 3468 32 2048 1918 3980 1576 858 364 197
2798 950 1752 3620 1453 3473 2895 3553 2862 4935 1785 3126 132 1921 2513 2233 3651 98 2718 1168 3075 1841 2864 2637 3336 2385 2973 1074 4381 4427 550 4207 4660 2682 3289 3717 2229 1952 2713 2670 2791 2753 1780 3808 178 4900 2423 4192 3439 3012 3745 4933 4311 558 2285 3944 1884 3641 3005 2400 3230 3040 3900 2074 1361 3954 3663 1994 3364 4947 308 2070 3435 4900 1432 3601 4144 2302 4334 4686 2656 4417 313 2467 3930 2104 3915 2577 4582 3060 4536 1609 2142 4845 2414 2512 1352 1162 1652 3900 1529 161 4841 1322 4540 3500 4008 2012 2297 3808 734 443 3591 3277 4017 2250 4146 1331 2466 4421 578 2299 4317 4077 2215 1373 3998 4220 2116 2230 789 2954 156 3340 1002 4122 666 3148 822 4668 2181 3330 4425 186 3551 4639 4665 1069 3423 2687 464 1156 4446 2213 2452 2397 783 2581 4322 969 3906 1429 2603 4989 1356 1094 3287 2201 4704 1258 3073 4228 1378 3689 4605 3648 203 4803 1350 3711 250 22 3111 4504 2193 3384 3208 3460 2572 2122 3354 647 3768 1226 2139 614 1649 1914 2979 1831
4837 2319 2940 4702 3060 3778 531 2400 4446 2848 2232 2839 3874 3325 1036 4630 2471 4019 3936 1438 4732 3418 4648 3336 1413 3470 4253 3093 4918 4567 4191 1592 97 87 3015 4434 421 150 340 3750 3503 3766 3792 2681 2913 1150 3986 2237 49 3254 1258 3693 2954 3534 3229 2591 137 1329 2795 4358 4419 3182 219 1339 3510 1788 1126 343 3425 2280 4427 2986 1827 4588 1939 1517 1568 94 801 1691 4271 3594 2219 961 4251 105 4903 2930 4875 957 3802 2774 1089 1691 1773 336 4487 3650 2256 4318 4445 2089 1775 2980 3711 3892 779 2822 4604 4307 2459 682 2572 2336 3085 3110 4310 3688 2389 2372 1163 3505 1511 1485 2992 1844 4273 3789 165 141 4863 2221 1589 4045 3380 1009 2759 1304 2368 4528 1069 2307 4957 2767 200 3498 2267 2808 1405 3802 334 2038 200 817 3637 4222 1499 4350 2938 4991 1445 3960 1601 540 841 3409 3317 2196 4643 712 2825 3802 3822 1353 3756 4884 1238 1358 12 1600 309 3520 4171 530 79 4129 1250 2720 2792 2963 1725 677 1187 3642 2763 4245 4051 1239 1968 4544
3996 3697 2403 1825 4281 1357 2812 1805 2729 2107 969 722 841 979 4030 637 4548 57 122 3644 1779 270 4457 2385 3470 857 4958 4420 3183 3916 3416 944 2181 2258 3327 3817 2027 4208 2010 4333 36 882 3791 1135 2040 576 782 3136 3334 1011 125 2813 3760 4549 1762 1099 1549 1394 2780 129 2078 2786 4808 1093 4975 2519 1350 3320 2397 1996 1383 915 857 3623 1143 2148 3309 2171 2678 2306 2274 731 1150 3683 2824 2876 4084 4426 4234 2196 4018 3463 3475 2374 1677 4782 289 1550 2618 3591 1065 2565 4396 1742 3085 1198 1214 1704 2640 4745 309 3725 4410 109 1300 1530 3853 4371 1333 2752 4788 1960 1327 1617 4136 2220 4039 1590 4655 1054 188 3426 3441 3116 4001 4998 4200 3743 4567 3893 65 4471 4337 1088 2399 76 3348 3055 3210 4584 3485 870 4695 1045 1751 799 2827 806 926 2731 1379 4003 2558 440 1358 3435 1663 1411 3401 533 461 468 187 2272 343 1452 4269 1969 74 4976 2858 3388 1963 3163 2551 1238 3391 2533 3279 312 4945 1288 1109 4324 2162 4490 4936 1855 500 787
3207 624 2429 33 3186 2927 980 1665 457 4316 510 1091 2268 4013 4105 3898 461 1070 452 1251 1551 1839 2981 2973 4253 4958 43 3856 2874 2894 1026 454 1983 218 4703 3302 1459 1441 4060 2505 367 554 4228 1837 4034 3214 2126 3695 2559 4469 2975 1799 1890 52 2950 4459 1300 4011 3170 832 1567 1076 1032 4048 3331 253 3626 1534 2295 2663 1853 1065 1229 4019 3511 2289 717 4391 1611 121 2671 2768 738 1807 2103 537 2532 3992 1190 1369 2940 4565 2777 2201 2982 2256 4649 4991 1108 3572 151 677 804 4352 3670 4442 1437 4853 268 1007 3920 177 333 2099 4563 2504 1239 2620 3661 1452 1303 4914 4186 3355 403 4621 1244 391 3833 2315 4376 1847 4523 1632 3576 2598 1342 1805 228 326 3198 4977 4841 4025 3843 910 2294 2651 186 312 4828 2173 4498 4499 1203 1445 32 3433 2775 4341 775 2152 2982 215 2676 2550 4930 4846 973 384 3880 4582 3533 2534 4073 1212 1975 2245 548 3230 181 4979 4612 1237 4254 4003 2119 2617 1867 3520 2431 3735 255 4076 976 1603 4262 2403 2813 1517
4128 1899 1539 3216 3223 3059 1184 1891 2363 3058 3796 4718 1453 3499 433 3254 3096 1595 3396 2837 477 2972 577 1074 3093 4420 3856 4429 292 1683 1344 766 4679 1402 1255 1764 4308 3302 2288 2243 160 1863 465 3686 4401 4690 861 1624 3261 2678 102 2434 3309 1326 3283 239 905 4267 833 4386 2269 2243 96 2704 4855 3542 3051 879 4118 2023 4384 3742 3187 2026 1505 404 2613 1950 963 4237 1649 1990 934 3244 28 2957 3184 2103 4358 945 3803 3358 1315 4661 4223 985 3445 3675 1374 4279 874 1521 3705 2522 4165 1979 192 1298 852 1152 1837 1187 2307 2083 2637 2642 4252 4616 3130 3119 1303 1712 1690 593 4460 1565 1112 4101 4929 4043 233 4689 1496 1177 285 3445 1781 42 3471 1015 957 2466 2207 80 3708 3979 389 744 1788 4031 1951 166 479 3071 1947 1226 2550 3519 384 2261 1626 1300 498 3092 4563 1652 2163 2001 549 667 4540 2452 796 3781 2509 2862 533 3514 10 3223 4118 2752 1712 4169 1026 835 389 1967 3976 1096 3796 3044 2738 4444 368 443 2168 2776 613 147
276 4294 1820 779 2418 4463 4794 4544 3850 2708 2616 4267 774 1682 2029 4608 2465 2407 3539 160 50 2960 3496 4381 4918 3183 2874 292 1558 4748 3668 3446 3318 193 645 661 3038 2887 2140 1181 1280 2898 808 4753 2694 3833 4231 2866 297 3728 4258 102 366 1604 3961 1353 4453 3546 80 4980 2818 3386 4666 1152 1800 4051 393 4994 1153 1061 65 3222 2886 2501 526 117 2540 1653 3972 3466 141 1349 3715 1200 2927 789 587 3554 663 3097 417 4747 2863 1468 10 1554 4518 2445 4084 4867 3018 3571 2475 2224 4307 707 982 2495 3489 1602 4825 4197 3953 530 374 3895 169 3207 1576 2471 4765 1832 2580 2528 4054 2637 3691 738 3681 4470 2533 3154 1407 4026 1639 365 4070 3719 1150 2930 3245 2614 4219 2166 3223 3508 1719 1974 4791 175 2974 3618 2426 4033 3208 3222 3194 772 4690 3274 2217 1454 1883 4926 3177 1138 4069 450 3801 3792 2881 1455 2797 3239 4617 2435 3655 3522 305 4352 2338 4938 1511 3311 1922 917 3034 2252 1962 1394 4984 413 1780 2111 4810 2878 2013 4063 4120 4250
1258 2028 3182 827 1601 2685 3757 1663 4113 4454 640 3094 2608 4523 4250 4840 1343 3057 2960 4849 3137 1065 2165 4427 4567 3916 2894 1683 4748 558 625 3285 3465 3475 522 2183 2880 1431 4702 1820 3322 763 2663 1920 2276 3806 207 3297 4605 4150 2440 899 1719 1239 4558 4189 1391 2787 2086 2024 3252 4076 752 509 4622 2100 2704 210 620 3848 4429 1163 1595 3299 2453 3126 3971 1686 4794 2591 4776 473 264 2904 2294 1262 1505 3105 1826 4019 1001 2397 1729 4132 4849 4087 1362 705 2086 1924 4742 1777 4897 2415 4455 478 4555 2681 722 2639 4984 3919 3496 3687 3498 3229 1003 4226 1889 3394 155 3406 3951 3316 795 4715 3359 1406 2356 660 4683 192 3043 325 4605 2237 816 4001 623 4335 2012 3945 2230 3739 953 3062 1282 4610 382 1758 3505 2719 1768 2121 1534 2682 3765 802 4821 3785 3774 651 3974 3078 1811 4513 142 2152 1004 4075 2229 156 1808 4513 1067 405 2565 727 2903 4808 1530 3515 2676 4682 3281 995 4815 2377 2067 349 2855 4865 565 4632 3097 3914 1053 1707 677 1770
2906 2443 125 4550 1053 4387 3395 707 3875 2066 4310 4973 4474 3454 2441 3286 4882 3104 3569 3650 187 3633 2259 550 4191 3416 1026 1344 3668 625 1477 4520 464 1689 4980 447 3281 943 3237 4503 1903 1654 911 972 4488 2870 1586 3471 1085 1361 3104 1784 4264 3431 1769 2342 181 4846 2212 4794 4339 2773 59 1524 1961 33 3509 454 1691 803 48 3112 2265 3489 3166 849 745 2916 2284 1332 3107 53 1829 1421 585 3846 1041 2181 1387 3819 3077 1382 2508 4802 1862 2924 4950 4639 594 4123 460 3009 1596 2748 4649 3278 4712 2137 3976 2489 1431 10 3742 2861 2043 2138 371 1497 2147 1227 741 911 4115 4181 828 1931 673 1065 2397 4575 671 4377 4163 1757 1016 1189 188 594 2758 4236 1982 829 606 4048 3646 2157 4576 1430 3887 919 4368 4630 1372 3286 3203 676 3417 1763 648 1826 3414 1742 637 2030 4396 1447 2450 210 2560 3514 928 2018 1642 877 2275 3976 4303 378 1865 3459 876 2358 3646 4091 3256 3363 174 1690 1304 3771 1923 4092 2644 280 3385 2746 3694 736 3810 2453
2987 2770 2080 449 379 2637 4686 3091 1804 920 3253 3352 2584 2049 4746 3096 1538 3932 3097 4881 3942 3998 2182 4207 1592 944 454 766 3446 3285 4520 4823 2963 4092 4106 2720 1660 432 4856 1356 1809 3003 4612 3322 1043 2412 1712 4062 4437 3699 851 3542 2182 2568 3417 2008 3437 2545 3687 996 3906 3835 4481 1763 3745 4020 3676 838 362 1476 2018 2430 413 3203 2721 2392 2499 2051 611 4824 3898 2928 548 4457 1602 1451 4745 3373 36 1965 611 3133 902 4956 3683 221 4182 974 2953 3227 1246 1463 805 2797 1391 2743 946 405 1859 2857 853 1036 4830 286 2082 4575 1728 117 743 1544 3174 2803 2365 529 1986 3640 1283 1136 2008 4747 765 4453 2404 3752 1145 112 4897 4225 1367 1034 4086 3295 1221 40 3535 4127 1081 56 1761 3645 3735 4927 3051 2545 3479 4536 402 4482 353 2613 1621 3507 714 2038 2289 1937 566 3042 4642 1148 867 4943 1949 2372 2461 2606 1279 3851 948 4267 2626 2616 3973 4499 1203 2981 832 449 2715 2074 1290 320 1867 800 2352 2709 2106 689 3324 954
4026 883 4521 4296 4732 4268 2231 3150 4414 1063 1950 2010 88 2550 3234 4105 3813 1290 1740 1870 3928 2481 4136 4660 97 2181 1983 4679 3318 3465 464 2963 2798 4058 3660 3421 1904 636 3595 3080 597 1784 3391 4028 2825 2242 3748 4039 806 4848 247 3663 2608 440 102 1871 2853 2843 1042 3819 3412 1757 984 4789 4663 4548 3208 2480 1205 2766 2996 4927 107 3336 1755 1281 2421 3019 1191 1395 3600 2653 309 3897 3416 4387 1426 4263 4114 1215 3496 2012 3167 3954 2455 3515 2078 17 2315 349 3784 815 2089 661 2465 1981 4957 1902 511 2141 233 3947 664 1073 358 4234 4443 1709 2348 1527 4993 2424 3643 4842 3260 889 4242 1123 1162 1024 1838 3672 1335 1206 2467 475 214 1392 4134 2987 3334 3153 294 1741 4438 509 4164 4014 3090 1613 4709 364 4269 4647 4054 4109 645 1528 120 2985 4152 331 696 1299 2586 2932 267 3755 3970 4041 1020 504 3943 2374 3481 3663 1032 4435 2257 4704 4816 3890 4566 1942 2462 2208 687 1319 4422 4700 4527 2186 1022 165 4090 1374 1836 1141 3233 657
1772 4854 334 4250 4407 4914 1113 1575 2202 664 144 3329 3098 1251 600 333 216 3188 2113 2545 1668 442 1334 2682 87 2258 218 1402 193 3475 1689 4092 4058 1098 4356 241 4829 1595 3214 4853 3551 3938 396 3604 4545 2313 4802 1121 3562 30 286 2753 1674 977 4756 1552 2010 878 1038 4212 671 3628 3295 4286 654 35 1415 542 4873 4264 2114 1100 438 4807 3923 324 4834 711 2246 3582 3592 3911 2040 1666 3815 2518 4946 3708 4882 2847 1459 4478 1748 59 2309 2416 400 1948 562 3968 4550 1643 1668 2139 4819 2160 3272 3057 4126 1790 4003 1296 3010 4381 2876 1079 1255 920 299 537 2345 4624 2128 1921 4541 4390 2379 3819 1107 4942 2470 3828 4984 1901 1764 3552 3305 2893 3223 3179 520 360 4989 2980 4830 376 110 4745 3799 4451 3489 861 95 2282 4489 4134 2542 4246 4155 2685 1756 682 1068 384 2904 3476 1833 4618 3451 3210 1804 3298 1805 4955 3795 3056 3805 3031 1236 2626 2415 2961 3938 4776 3029 2496 1881 2240 3425 3771 2402 281 2555 670 1092 4164 4838 507 4013 654
1050 4821 104 3192 60 249 2076 4063 4151 188 4237 1563 337 2510 4032 3192 1008 598 1187 4605 4808 2430 2886 3289 3015 3327 4703 1255 645 522 4980 4106 3660 4356 4464 1958 2070 1779 2811 2048 1275 1224 305 4750 2991 1838 3569 1214 2616 2646 114 3757 1133 4391 70 1530 1266 1643 2615 2360 3182 4289 1350 3632 4803 4193 749 4977 2698 1984 729 1087 632 569 2011 2132 2175 4314 193 4355 1451 4526 4397 2499 4292 2275 4387 300 2023 4075 2649 2875 2544 1558 1830 1878 812 4118 3203 1809 4630 3471 3643 4006 2460 2881 3477 2846 3810 739 2673 1146 4939 1629 149 4608 3121 4516 1316 4844 3460 1637 3266 4216 2876 4736 1918 2003 3621 3361 1641 1292 3349 1748 3816 227 3232 1073 1106 2319 2745 3037 1508 148 3793 3590 311 418 4771 3978 1421 4618 2423 591 1238 4285 1356 2502 4827 883 1613 2567 151 1755 3371 704 4042 3133 4992 4974 1937 2489 2571 1541 2078 3624 522 4737 2061 111 462 3137 4264 1285 734 4993 4941 1366 3463 1646 4360 1369 4144 2970 1105 3099 64 2017 4539 227
3298 2477 592 1651 4465 4442 136 1666 2363 4116 3691 3250 2928 1992 655 1292 2468 177 2120 2218 3823 2525 1887 3717 4434 3817 3302 1764 661 2183 447 2720 3421 241 1958 722 314 374 666 4905 625 2710 1506 3961 4290 3273 3714 1998 3607 3722 947 667 4291 510 1037 1489 2035 889 977 628 2863 4468 3680 1467 3986 3253 3422 4553 1295 299 1618 2729 1276 3490 2825 4260 2243 722 4511 1112 4884 2213 3670 3833 2310 3578 4760 1401 2603 3691 1903 2321 2123 3039 1356 1666 2327 4430 2902 4717 768 282 3226 3131 2709 2974 3894 2296 3095 3251 1339 4500 2410 2735 3515 3622 4602 220 1355 1995 4948 4066 3970 2264 3818 890 1059 2726 1164 1814 4934 434 1345 3792 865 3033 3836 4340 856 807 928 3643 4669 4644 3992 3578 4557 2910 2209 4728 4616 655 3473 4625 4286 267 2309 955 688 1406 4876 1211 4563 4986 39 465 2670 4363 4259 3082 129 2842 130 4021 1645 4367 1758 4675 187 595 2429 2316 4763 1905 3018 878 3123 1166 4383 1103 1328 291 105 3609 3020 4023 3494 3902 1297 1483
1943 99 2937 353 4649 65 300 4178 1848 2516 1104 3437 331 3627 893 2008 306 271 3887 4453 4041 3275 3766 2229 421 2027 1459 4308 3038 2880 3281 1660 1904 4829 2070 314 1995 1083 3684 962 2344 301 378 4303 2791 2809 3917 3259 2775 1398 1387 3562 279 4916 1941 1526 1043 2957 2749 1464 2395 2076 3811 3722 1245 943 3291 3895 249 569 620 4609 3220 3346 3187 876 566 683 2901 4041 2070 4207 4132 412 200 2155 3997 616 816 3625 74 3407 938 2281 514 2330 2948 1191 501 1394 3606 179 481 2598 4969 4281 3551 3269 1123 3467 1173 436 2096 1986 82 4804 1630 1213 3415 258 3370 4213 1187 4883 2599 46 3126 3593 701 1955 1078 3175 3831 3026 4322 524 4705 583 3702 2610 437 4963 46 1684 4149 1566 4269 2548 4642 1151 2956 3383 4030 2330 2270 4727 835 221 4818 35 3119 2116 1406 3529 3268 2679 1045 1669 3666 2658 1506 3066 357 555 498 2889 4857 1039 710 2239 2671 940 50 2293 4651 4236 3113 4515 475 670 2823 955 46 4716 3379 1712 3404 4106 2231 1167
3564 2468 3359 1620 4225 4081 1004 869 3559 3692 4572 3623 2293 4270 4996 2922 4667 4732 4111 4773 2104 300 4276 1952 150 4208 1441 3302 2887 1431 943 432 636 1595 1779 374 1083 3427 187 3891 1017 4049 4764 4990 4860 1385 3678 2461 1660 2417 2750 2176 4324 4392 4453 3322 1572 491 4272 2593 4167 3884 1040 3945 917 332 2270 4054 2082 491 2273 3151 1645 2750 4570 4333 831 446 2690 3886 3202 4817 1986 2741 2082 4531 714 1163 3707 1389 4630 1540 3784 504 233 4859 2936 2708 3985 1255 3586 2546 4495 1746 2038 1577 845 3088 2222 355 3733 1626 1553 3722 4970 4068 4868 2687 2231 251 4510 2881 2547 2570 4418 1333 2423 2278 1906 1719 3097 2321 4653 1159 4817 1677 739 3030 4028 4013 2106 4831 96 2929 712 55 4229 2358 3687 126 3588 3948 3416 98 1933 2999 4970 1708 2874 3065 786 506 237 4302 65 2212 4458 2236 26 762 4330 867 3607 1098 1937 3935 2232 4741 3724 470 4717 4269 1482 3263 544 324 3979 2151 1381 2510 210 3237 745 802 3585 3155 1665 264 3684 1074
2134 1671 4179 169 885 303 4210 4298 4652 4653 4322 3961 1551 3554 3310 1370 2543 1975 1085 923 3241 2913 133 2713 340 2010 4060 2288 2140 4702 3237 4856 3595 3214 2811 666 3684 187 4794 2564 695 4338 4156 3183 3214 3784 2683 3334 2140 3952 4582 4239 4488 2228 4297 2185 3610 1425 2908 1359 2824 1268 1785 3849 1463 562 4644 3382 189 39 4133 583 3866 3175 535 4043 4452 2087 1745 4804 4428 1025 3915 857 521 744 60 3298 4090 3646 1022 1299 2067 1934 1715 3709 4792 2974 825 2490 3455 2397 4218 1415 2010 3504 3203 4323 1072 236 2166 1781 3616 3600 985 1821 563 127 314 1836 449 601 1500 4049 4824 4396 1572 77 2698 1239 4904 1087 1377 61 1795 3762 4328 3797 4906 3301 4422 1442 3800 3112 1847 3107 3134 1593 4494 887 3822 1033 3542 1981 1670 1649 619 2981 4722 1397 3527 3813 4995 2576 1502 2273 2211 4324 957 4688 3390 4641 3463 2250 2245 2668 3386 3009 1257 734 4017 3420 2033 4867 1877 2551 3357 2269 1978 1119 1952 715 400 4304 1929 1368 4452 3501 361 4288
2930 1354 1546 4300 2020 2010 1929 3010 4085 2791 1450 869 3825 2499 4996 505 2088 476 4230 424 4141 4355 2333 2670 3750 4333 2505 2243 1181 1820 4503 1356 3080 4853 2048 4905 962 3891 2564 1136 3110 696 1484 1674 4033 511 4549 4683 4847 98 133 2639 4907 3578 1015 3199 4725 1332 1152 3694 1549 3842 1168 3623 2735 3840 1472 4124 2046 144 3606 1883 3933 4232 4453 2888 1847 1482 3969 374 1489 291 2254 404 218 4281 4800 2673 2505 3470 4650 3646 4529 3147 2358 527 1152 1715 2168 2057 2265 539 999 1594 3318 3633 3210 3075 812 3208 1908 3897 1128 4175 263 3978 4868 3134 3085 4122 3942 3746 845 4453 550 2413 2793 2400 4106 1213 3656 1176 3722 3563 3009 1798 214 2635 3310 4081 3337 3307 909 695 2320 3429 4579 4053 471 3412 3824 3080 2177 4633 4590 3331 4224 3014 3307 470 4353 1929 3186 4653 1562 1861 1072 2508 4157 1200 2501 3801 4751 4721 526 1319 1737 271 3651 4185 3428 2138 402 166 4786 2148 2687 967 4320 837 2931 2300 2056 204 4827 4954 4355 2984 1435 3602
