N: 200
M: 40
Symmetric: true
Triangle: false
7 90 105 175 168 121 195 12
4 146 45 10 119
4 68 61 110 62
3 180 80 200
6 58 118 125 64 140 166
8 46 59 123 144 120 13 104 50
11 6 131 17 71 22 108 191 177 167 162 73
6 158 69 36 18 53 86
6 115 186 189 31 153 103
8 97 134 148 113 170 165 106 176
5 82 182 199 169 47
3 185 56 184
7 75 132 194 81 99 135 40
4 84 87 49 67
6 66 101 159 51 3 130
4 183 39 42 136
6 5 72 33 117 161 102
7 173 98 30 94 65 79 92
2 116 155
7 14 156 74 129 187 2 9
9 147 157 11 21 54 24 91 76 55
4 138 154 122 133
3 188 196 137
6 171 141 149 70 27 4
4 143 32 29 88
2 44 63
1 181
4 152 60 100 77
2 128 114
7 111 192 178 172 57 151 41
4 20 15 52 145
8 19 163 7 48 127 23 37 95
3 16 139 93
5 197 96 25 35 124
4 1 26 160 109
6 126 112 164 38 83 34
4 28 198 85 8
4 43 190 78 142
3 174 193 107
3 89 150 179
4004 1384 846 70 3118 2541 4885 1616 2314 2088 3613 4502 2258 759 16 3155 3960 4452 617 4305 1273 4307 265 1833 1548 3940 791 4279 1131 3408 3157 3199 77 3626 141 75 2875 4775 1025 3970 4995 3799 4234 4951 4136 1748 1855 3167 2512 2228 199 2459 4998 4880 4978 4414 1622 4488 4134 1047 1077 2752 1161 2881 330 971 1534 4099 3989 24 93 4392 2080 4739 3244 3423 2250 2159 1359 95 3411 3488 2741 3132 907 4881 2778 1794 3925 3710 3510 3925 1332 4738 3034 4223 3055 4451 1585 3529 2311 4475 3743 4348 3144 153 3208 4368 3259 3395 3848 4653 3006 244 4935 4561 1915 3665 4632 1296 1826 143 4020 1041 4822 3436 1977 556 3349 3215 2411 4173 500 840 4403 2914 165 3802 4312 3696 2011 4492 2876 4904 2705 4274 643 3023 715 2268 1300 4332 591 3050 1153 4710 2069 534 2866 1452 2538 1412 2993 1108 4044 1599 2762 30 3373 4661 2307 597 3266 2348 620 2626 4422 595 4129 2711 3315 2584 3928 4095 3345 292 34 1975 1359 4479 4901 2405 2963 929 3724 1117 2622 2015 248 1797
1384 2698 327 3541 1868 3698 3346 3821 2208 1897 561 2972 2497 55 1897 3215 4761 198 3962 2713 1312 787 3514 1260 3130 1443 4559 2986 1384 1443 169 1414 539 2063 829 2369 4546 4299 3216 370 2157 4606 3061 1521 3127 3818 2924 2824 3542 2858 3605 1924 2311 1135 2685 4945 2437 4110 2680 4970 3386 490 4339 4536 4743 1628 4989 1105 329 3620 3041 1881 1981 4325 958 3852 4932 3724 1719 3672 3912 2302 1812 4743 3251 3347 277 4316 3319 3449 1472 3775 969 2128 2187 325 1399 2761 4681 628 1108 3116 435 1273 2505 895 3024 4409 1388 3154 2293 3244 4619 3058 4597 3226 4718 3434 2774 1022 4060 42 1342 721 396 3758 3165 4697 3944 4557 3620 85 981 119 4619 4491 2504 593 4688 3206 932 459 961 4799 4234 2764 4113 4355 3437 1725 3242 4694 1987 1655 1390 1771 4965 708 2778 4522 2985 1855 4384 3848 3821 472 2399 2169 697 2900 297 3939 907 1305 1765 3700 1610 3439 4487 1276 1824 2941 3115 2082 1525 1802 3274 568 4542 1327 702 275 3941 3611 1160 2230 1178 4636 3786 2120
846 327 2381 2423 4520 3849 2941 2324 1819 2799 1070 3341 1201 140 2183 3222 3634 3468 4796 4157 1670 190 4924 3491 561 2905 4394 4126 3235 2910 3234 4008 4765 2416 709 1222 436 893 3840 1611 693 3283 1877 252 3920 2991 3861 2902 177 4502 1057 4385 3706 3171 3939 708 410 3233 4968 30 4981 887 589 1898 3070 1215 1988 3514 1015 2731 4944 1838 4413 3086 4321 4296 4703 680 4956 614 1187 4943 2368 3423 2295 3925 183 3170 3739 296 1087 4254 3724 2303 1491 1661 392 4728 4524 3140 811 3674 2608 4845 1683 1892 281 2440 782 771 3867 2265 372 4720 4699 1452 3410 1224 2945 3998 3487 3583 4807 1956 4381 707 3037 3084 531 2656 4334 298 4071 3760 2423 3602 1939 4564 2699 4804 3138 2158 1429 1582 4038 3565 3300 1543 3541 3011 4994 1153 4137 3300 3780 450 4241 1012 3314 3144 3989 2830 1103 1276 2856 3855 4412 1072 2138 4335 203 3921 3401 4268 2304 2363 2550 4083 4126 4136 2771 2898 2443 1265 3375 4232 3293 884 4491 4558 4509 122 1220 1034 1599 3127 1045 3777 3754 2898
70 3541 2423 2952 1072 2572 1922 2240 926 3764 908 4422 1834 2372 2655 16 2727 2350 2185 1047 3911 3464 369 1181 744 1408 473 277 98 583 250 4873 3633 1495 4625 4012 1644 3408 587 1467 502 3413 111 3872 2697 693 2212 4897 4797 2361 995 904 3120 846 3512 2498 2033 2615 4090 1346 2388 538 4387 116 3970 3611 685 2128 2126 4617 589 2790 4301 2685 4922 4531 4007 1779 1965 686 4057 4364 4968 4423 663 603 2996 4922 379 4886 2270 1367 1727 293 900 2482 2798 4293 2229 1171 1229 3776 628 2798 1725 3291 3520 660 1917 3026 277 3865 937 424 4557 2968 2752 4351 2909 3292 4092 3317 3927 4269 1223 1710 4150 4894 391 648 2977 4087 2552 3213 1889 4829 2927 1912 2589 4319 3258 490 173 239 3393 775 1363 4398 2917 685 2632 3613 4112 3773 4531 3659 3731 405 3140 2084 837 4946 228 4152 4981 1929 3461 2969 86 1491 2605 4817 1757 2709 1050 1575 1681 4051 2296 1336 4514 4356 3475 1981 34 2542 2800 270 1457 854 1444 471 1821 2322 4535 1831 4417 2450 2469 3261
3118 1868 4520 1072 1575 3635 4035 310 4604 565 1514 4658 512 2528 2310 938 4459 451 1326 2279 3123 883 4645 177 248 318 1059 1131 2004 4817 1813 304 1226 339 3430 3175 2398 1361 476 3526 4795 4859 3270 3359 1427 3782 732 3377 201 2987 1830 1768 2091 3086 4494 2726 2151 3272 3004 2762 4594 4372 2280 2844 3445 4463 3054 4035 100 2060 2841 3922 4221 1141 4372 2072 3294 4036 1759 1116 475 4098 4766 692 4077 1949 3333 1259 3809 1439 323 2669 2530 2398 2690 1629 1732 221 2107 1124 3501 2919 3223 4696 2763 616 541 2953 2299 1012 667 1290 2731 3863 4242 1687 2770 2009 1944 3258 536 1699 2796 3873 914 3118 41 3492 4454 1029 2095 1295 767 3095 659 1316 1215 1755 686 4651 3537 4901 2403 2104 3499 4271 3365 245 758 3937 1992 1885 2147 2502 1563 537 2012 2965 844 2660 3284 781 4604 392 1997 2400 4115 989 3217 4034 667 3089 136 3722 1114 1500 3916 1822 4181 3823 2732 3556 1762 4297 1634 4296 4319 619 3052 4296 851 3377 1406 2834 2107 4340 4802 3133 2496 4166
2541 3698 3849 2572 3635 4220 3196 1003 3344 2498 3471 317 3349 622 537 474 1708 315 2512 3515 844 605 1489 1224 1629 4181 2647 2807 1883 1991 233 2650 4156 3824 441 1279 3148 2717 3554 4301 3591 2089 1419 77 3788 3665 1569 1567 2541 4060 2259 948 2593 3705 106 753 233 4713 3346 3618 3248 2700 4041 2162 3725 1257 3472 4213 1778 3263 4411 939 2118 3407 3996 3009 2110 4853 3864 1204 339 1252 4712 1365 3185 993 1230 2331 4823 628 1832 254 2589 2262 4488 2093 1210 1018 2969 611 3930 882 2852 1353 1755 3392 897 2216 1702 3474 3834 1176 2289 4800 1327 2554 3483 4058 2530 4885 1518 2434 1458 2377 2391 755 558 3784 4137 4227 3007 64 1536 3956 1399 2824 2743 2063 2726 213 513 505 4977 695 1527 4449 3518 1882 1861 2202 4290 534 350 705 3482 1455 1920 4917 4649 3073 3097 1544 400 2193 4399 565 1155 3903 630 3219 863 2143 1006 3059 4234 3072 4911 4601 547 974 1146 1151 3439 4212 1891 2733 3596 1601 4791 2245 1909 3337 2096 408 2539 178 1679 1668 4613 2618
4885 3346 2941 1922 4035 3196 2229 4748 57 2102 3665 4227 4069 4041 149 3923 234 2253 3343 1750 94 2730 2504 4395 1735 4663 3115 1238 4500 2748 1505 4682 1185 4183 4447 1268 1518 2407 2967 3877 4185 2938 3604 2206 629 3704 3570 4442 4471 1850 2099 2449 713 575 1371 3905 1288 3345 79 3880 744 4295 1122 4256 4638 3744 169 4238 3639 1829 2623 1136 980 1321 2364 929 836 3867 701 3385 2769 430 1506 587 2049 2350 2819 1638 3625 3557 4542 3570 3481 3394 1640 4956 692 4074 1370 654 1464 4807 4978 1891 2777 3998 3327 881 4329 1095 4130 4878 4687 3679 894 2158 1549 3754 2269 1585 2352 2958 2046 2275 1319 1357 2716 687 429 1958 1143 3753 1486 3367 1503 3508 2108 3547 4342 1656 3629 1040 3701 1061 1335 1449 1824 4294 2561 224 406 3373 3895 4597 1612 985 4271 4549 4932 4190 2525 529 2800 4436 790 3215 3321 2446 3838 3558 2197 4751 2272 2818 4052 1694 2281 565 1092 1620 387 4006 4604 2079 1267 4637 1570 4708 2089 4288 2087 606 3049 320 4548 3741 3729 2444 957 3646
1616 3821 2324 2240 310 1003 4748 185 929 4443 4055 662 4225 3297 3200 4142 1335 1692 923 771 3489 4832 2769 619 2792 2701 595 3939 3050 2778 1958 4154 876 2688 1837 741 4878 211 1639 2905 1761 2951 1532 1882 4856 3324 3348 1714 3569 2795 254 3920 4786 1370 432 2612 2103 2565 2735 3007 4600 3067 2923 933 3044 1032 3075 1154 955 1436 1429 3724 938 3739 580 4274 2204 2581 1539 3130 2560 4938 3131 2228 4130 2677 2139 3761 1399 3883 1728 958 2607 1246 1322 916 3044 3364 2376 2907 645 1522 4314 1090 2120 1852 4036 3653 3888 471 3992 2424 601 3021 1878 2835 3204 1618 1077 1538 3138 1306 1288 3435 3913 612 1632 235 2593 639 4747 970 279 3283 4404 1504 376 4775 1720 413 2154 1007 1272 2465 3818 792 1534 2866 560 2488 3460 2812 2823 4735 2978 523 4224 2830 1963 4495 3075 658 1228 2329 4669 2431 1416 1911 4127 252 3745 3525 2762 2898 1498 3868 3576 2266 1920 650 1493 551 1660 1626 637 783 1009 2652 4048 3816 4577 3568 3037 1116 3149 860 1064 1908 974 3045
2314 2208 1819 926 4604 3344 57 929 1266 3973 746 1213 3078 532 800 3448 3171 861 2648 2912 782 671 3949 3964 362 4645 2396 1223 2406 2414 2859 3070 907 1177 360 4842 3557 4641 2137 1548 3051 836 119 4473 2597 2555 3994 1931 3050 353 2523 2114 314 3541 207 275 3053 651 4973 3237 1092 1254 4029 3333 3017 2925 2702 2527 1490 2601 3619 1798 4706 1721 3111 864 3199 3624 4999 1374 3381 1402 634 3166 3442 948 4424 4675 2641 3684 151 1569 203 2723 19 1254 3931 2095 1645 4755 3455 2293 4683 2927 1857 1896 2250 607 1499 1931 538 3464 1649 1889 2967 1778 22 1737 162 847 3954 41 4473 4424 4040 1728 4245 3674 2733 28 3560 2432 404 3820 10 3559 1869 1399 105 3155 2774 4831 3559 98 3091 1612 2530 23 3052 4009 66 4323 4366 864 2039 922 1263 2353 1224 273 3331 2282 4701 2503 473 53 2098 2996 2827 563 3914 540 687 3154 307 3041 3872 3399 829 2064 3730 3422 1969 2262 4866 4868 2725 41 4910 3271 2861 1857 2528 4936 3999 1961 2023 1767 1968 1128
2088 1897 2799 3764 565 2498 2102 4443 3973 3648 966 1561 2174 1708 832 1490 2503 794 2186 4938 102 4848 1029 80 3351 3028 1474 4057 38 868 1880 2764 1166 1634 4392 1483 1491 3506 2853 4745 3977 3574 643 4327 1742 1056 1512 4347 4846 4725 3336 2798 1555 957 3342 554 4914 692 3864 135 4899 999 3205 2464 1107 328 1972 2110 2805 4333 3362 1955 2940 4204 1999 4182 704 627 4883 1660 3346 4639 704 550 1312 3402 3791 4067 4149 1135 2988 3627 1602 331 101 111 3695 2394 4214 1630 3494 3095 2002 4447 4507 2951 4552 3300 885 1218 4368 3851 1573 1439 1194 566 4104 1057 1932 4116 4158 1971 1255 4900 2108 996 4922 2060 1926 4836 4819 1736 1916 4746 2432 3653 827 65 3285 3263 1924 4869 2503 24 1757 2793 1839 1334 2804 1526 828 1085 135 4287 1095 1558 4925 1965 3051 4749 4328 4435 3356 2252 3158 4626 1387 1331 2547 3828 290 2353 3738 2025 1398 1352 2040 1750 4245 496 304 2191 4882 2008 3001 1865 3867 1550 1028 4930 999 3830 3224 1331 3364 973 3015 142 286 2890
3613 561 1070 908 1514 3471 3665 4055 746 966 4316 391 4456 1378 281 4474 3503 376 3758 4721 407 1948 3473 307 3175 3022 2971 1805 2587 4463 2956 934 65 1789 1326 149 1610 3282 3922 599 4164 1567 329 62 1893 4701 1528 2447 4836 1485 415 1010 1669 2712 812 4107 1460 4230 1825 2551 4933 2177 894 3936 2010 3223 2134 2919 1788 912 91 3239 1586 1432 1370 1872 521 4033 2155 4824 4173 3170 1004 4185 813 2173 3392 4502 3536 4701 2591 861 2968 714 1409 2596 3431 3732 2005 3677 2099 3829 1635 781 1005 1128 2339 2993 4151 3824 1228 3302 2884 4382 1513 1758 3980 2423 3726 3399 4764 56 1694 3800 4186 4262 1913 175 1757 4580 3766 428 1480 2190 3614 4508 4602 450 3085 4819 4478 440 608 2396 1350 4082 4761 2307 4105 4743 524 881 1372 3395 1662 4704 4750 1698 2970 2391 3212 2659 2577 838 382 1554 3836 4231 1020 1401 3233 3673 3856 2162 2927 792 3558 4707 1705 1422 4450 4844 3614 1910 4045 3091 4280 3955 1201 365 4438 4554 3412 2178 520 1820 2057 3459 1983 3072
4502 2972 3341 4422 4658 317 4227 662 1213 1561 391 4141 1189 2989 1071 3129 1426 1818 1021 4521 3489 3831 4824 3265 1561 4115 248 1819 967 1728 33 2474 360 3371 3214 3654 3275 2528 1027 1479 4308 2394 305 1516 1851 4792 230 3063 2504 159 849 1218 2865 4313 596 388 981 2798 3798 2967 2978 2949 2310 4127 592 4912 979 3431 2616 2309 4094 643 2041 537 4392 1091 4621 3811 2155 330 1903 2233 2439 3865 2540 1332 1348 4115 1250 2698 2599 643 3010 3947 3770 1795 181 2211 2885 1002 1658 1725 2529 2793 1958 3181 1174 2917 1432 4440 2737 1361 662 4602 194 2034 4239 3678 4808 433 4341 3377 3968 2721 2713 2175 1811 1339 1329 4551 4442 3990 1283 575 1365 3086 174 4169 1986 3973 2370 4550 4947 4675 773 3907 3438 3354 608 2659 3091 3243 171 1981 851 4942 898 3562 520 4950 2409 2308 239 976 756 1331 1849 3530 603 3985 555 4190 1904 2656 4493 2605 4383 3902 2546 2349 3713 2101 2453 1134 4599 1146 3804 4559 355 3765 1103 194 2687 1959 4079 2905 4499 4580 3762 3082
2258 2497 1201 1834 512 3349 4069 4225 3078 2174 4456 1189 2684 4430 2270 744 3205 1741 3580 1131 4802 3512 4195 338 1576 665 2863 3656 4289 424 2270 4434 651 4765 1897 4375 3317 1483 2599 4630 270 1911 159 2745 2905 1949 2621 1845 4726 1123 1076 799 2012 3427 2134 525 703 1032 547 1909 2684 2253 659 4696 528 2432 4851 3221 3796 3465 4598 2443 3562 4096 458 1357 3475 3105 145 1022 3998 4067 969 91 2876 295 2928 2566 3068 2558 3133 3496 2090 3097 1110 1570 3429 2536 1657 2231 2534 1158 4639 4187 415 3617 3434 597 4575 3198 2816 2419 2341 2839 1673 3927 2795 3000 257 2061 1884 151 4115 2506 1533 2741 2698 2623 4707 4901 2757 792 3365 1503 4222 4405 1773 189 1414 649 2903 3566 4971 1946 692 2443 1043 1734 4156 4842 749 2590 2851 4641 2652 1886 3483 2869 4106 1972 4829 2503 2997 3308 3743 2396 1997 334 882 579 2441 1895 2114 4293 3531 3154 1623 2528 1972 1747 4097 1751 3385 1014 2727 2025 2363 4584 514 4241 3999 2747 3893 2134 4905 2856 3380 3584 4998 4227
759 55 140 2372 2528 622 4041 3297 532 1708 1378 2989 4430 4663 3452 1968 1709 353 4947 817 587 1922 2610 1299 1679 3007 966 3667 2895 2711 4539 1138 2111 664 1556 4110 1979 2996 1946 4397 4956 2179 1132 761 520 527 2829 2568 40 627 47 1098 4222 337 3908 4577 4390 593 3727 1028 3330 628 1819 4573 3838 1910 4227 2874 1212 176 566 4811 466 1979 757 1057 3519 2866 4358 749 2900 4377 4488 3375 2396 651 764 1715 1721 3803 139 3605 3807 4907 28 4205 1577 559 1627 859 2488 3960 1283 4527 3204 3940 1855 1102 2214 1524 4375 2041 2301 3167 530 605 2828 860 2227 2058 3890 1710 3663 3301 2140 2127 2172 645 1066 4274 3373 562 2136 4226 4259 1136 2726 1066 4029 1664 1822 3340 3372 1835 2118 1608 3505 1730 4256 159 3450 1402 2316 1994 4330 174 241 1767 1077 3133 175 3069 1527 1404 1757 3243 3920 1790 2945 2125 4984 2934 396 929 1151 2380 1039 4578 2151 1883 4087 45 2389 3715 953 636 1702 4289 298 4063 759 4695 648 1647 4224 3769 78 427 1831 1308
16 1897 2183 2655 2310 537 149 3200 800 832 281 1071 2270 3452 1320 164 1556 1268 4204 613 2594 1653 1180 906 3785 2836 1132 4295 1439 1530 2555 2726 2179 3791 1519 882 2205 292 2588 4810 3260 2548 3438 4933 4756 2253 4792 4460 4064 700 4783 1651 3862 2118 2038 3140 274 4512 3412 2923 2392 2833 4549 1194 3826 605 2348 3256 2688 2758 4289 1866 2286 4102 4648 2084 98 2706 142 3703 1579 151 2231 1276 3051 533 3648 4520 2253 2163 3494 4725 544 3352 2948 4591 3034 3173 821 249 3299 1099 2904 1791 1843 2588 4942 4345 2908 910 382 750 4316 3816 1356 3187 4080 4323 1790 1413 3334 4295 2799 2584 3956 3423 2322 4977 2697 2620 2366 1882 896 1933 1484 1185 4748 1916 1016 1944 4625 4737 3916 3894 741 4572 3565 4514 3302 2266 2458 3647 1797 320 1536 2043 4179 1113 1431 1625 636 766 480 992 3950 3484 3935 1831 2684 619 64 1023 1412 252 982 1307 4429 2652 2293 2074 4532 3293 1845 867 4825 4109 3106 2572 2711 1563 793 435 1089 4910 3768 2078 562 1531 69 4830
3155 3215 3222 16 938 474 3923 4142 3448 1490 4474 3129 744 1968 164 3289 729 4254 3287 3188 627 4959 4901 4326 3238 1665 1220 986 2065 1649 4999 3236 3853 3420 2633 1640 2867 615 1790 2470 1534 1703 2286 387 4499 3476 4263 2374 4720 2928 4421 3130 3532 1634 1371 1760 141 3753 1337 2091 125 3255 3212 686 847 4121 3199 2441 1701 3088 1956 4074 4551 1782 2279 2049 1378 4660 3739 2847 4012 12 618 1881 4120 431 604 312 2639 419 239 3053 713 3987 592 2551 2540 3543 4852 766 3491 1651 2587 4226 867 4796 301 4410 4053 928 4027 3596 4328 2345 3343 3057 1871 771 4408 71 3471 433 1528 3225 2451 395 975 1622 4905 3935 4504 76 497 3560 4081 1933 1917 2194 689 2165 3279 1264 2174 2447 4619 2778 3692 4061 2034 2755 2965 768 415 3298 2411 3624 2040 2178 3103 835 4641 267 739 4741 2614 4157 4533 2648 1946 1451 2631 1407 524 3831 582 3037 2835 4115 1567 2795 3761 3301 3522 3374 859 208 928 707 389 492 1414 1452 403 283 4359 2068 4917 2818 3453 1678
3960 4761 3634 2727 4459 1708 234 1335 3171 2503 3503 1426 3205 1709 1556 729 1777 2419 524 1140 4829 4136 4119 4837 4623 2432 2707 318 678 3708 4270 1602 4116 1956 3719 1152 258 2969 4654 3422 905 3627 3283 3275 1589 1397 614 949 1073 4579 1854 2701 4899 733 4735 841 1948 1235 2652 916 3248 1966 3351 358 2267 4892 3700 4316 1719 3896 1095 2085 3985 2094 4630 4322 4501 3027 460 3664 4462 887 1516 896 1620 3300 2832 741 4549 2961 493 671 3621 2417 1291 4187 3687 3937 4166 2355 1144 2507 83 1773 1241 3398 4607 4713 2912 414 1862 3524 3799 51 85 3791 904 286 3466 3088 2028 3971 4168 3495 3099 491 658 2089 1583 3057 678 2063 4046 1674 1428 2300 1506 748 2740 3773 3489 4332 1787 438 3117 1499 39 1469 3436 3120 268 3655 2509 4068 3785 583 3591 132 1109 2815 1090 111 1929 384 270 2593 94 123 4970 4447 3031 4614 1422 4547 2691 2371 617 790 2702 3211 4151 3675 2100 1596 4501 3128 4411 3429 4055 2555 203 1730 4213 4999 4667 2233 296 4524 4638 2989
4452 198 3468 2350 451 315 2253 1692 861 794 376 1818 1741 353 1268 4254 2419 1978 574 3619 2680 4695 44 2239 2068 1590 2308 912 4375 3753 4839 4836 1868 1301 912 4415 4744 1782 2504 68 418 4647 132 3087 1734 529 3265 4689 32 2037 1262 4689 3722 1641 2068 549 3022 4630 2242 4933 4034 3072 1641 2124 3374 3693 340 4337 3208 2022 2039 968 3215 2831 313 2762 3938 1931 347 4636 1389 1057 4714 2812 3310 1935 581 1481 2749 2245 274 1809 1942 2890 1683 2599 4078 2093 786 1022 2261 3802 987 750 1199 1776 3398 1758 4594 999 1187 2993 2974 2535 2903 1708 4747 1373 2894 4576 493 4505 796 4311 1198 3727 916 2745 2815 3485 4308 3639 2495 4014 3752 951 3400 2708 3453 4093 3361 1077 4701 1742 2380 986 4060 2102 506 2986 417 2884 4328 272 2657 2056 3391 1032 1756 3102 1261 648 3342 4272 1560 2989 4993 4760 4551 599 332 4755 13 2037 897 4928 438 3706 3498 923 4902 4050 1617 2834 3473 2315 933 1514 1555 3136 1824 2991 1154 2944 88 4231 488 3264 1774 2129
617 3962 4796 2185 1326 2512 3343 923 2648 2186 3758 1021 3580 4947 4204 3287 524 574 359 1110 3921 977 1023 1614 1503 808 2218 4757 4934 316 4213 3246 1831 4572 3431 1876 3038 1290 3283 1897 3506 2960 2766 2859 1826 2432 1470 2330 3480 649 1124 3462 1457 724 4642 2815 2155 3378 2205 92 4417 933 4282 1949 4650 4398 4255 1253 4819 4765 1609 1917 508 1734 302 4870 4468 1047 2250 119 2850 3392 411 2439 248 3514 759 86 4753 2582 2718 1128 3610 4030 4754 4720 3858 3056 4176 523 73 2216 675 2170 3943 4175 70 583 3898 2483 3118 3329 1387 2212 4283 1798 3989 573 350 4619 3189 4796 2744 2166 4748 1842 1728 3336 2981 1739 1313 1695 3908 1598 1747 4153 410 831 739 2409 1355 3922 526 2979 3151 450 4986 4290 2907 3746 3347 293 1198 11 1999 519 599 1518 2270 3327 1762 4158 621 3129 4979 1722 2020 1273 2102 4824 3210 3246 442 3846 4060 2922 2897 1253 1620 3505 3906 42 4643 2524 1024 1277 139 4853 2330 3599 4093 2962 765 2146 1436 647 2068 1198 4668 1508
4305 2713 4157 1047 2279 3515 1750 771 2912 4938 4721 4521 1131 817 613 3188 1140 3619 1110 3888 2992 3214 1875 4719 3530 240 2361 929 4686 1527 3160 1545 4838 4151 1477 4240 2782 4709 4628 1101 4607 2592 1596 570 2984 1219 2730 728 1176 4159 674 4989 771 4013 333 1415 2393 4883 3837 2941 351 2432 2368 3030 1257 498 2815 4814 2522 1608 3181 535 1607 3649 4186 4429 4116 4275 2473 2291 1733 852 1884 4604 1711 320 3776 2207 2723 2860 1871 2217 3157 3707 1510 2621 3516 2111 4594 2963 3956 2266 2232 4525 3518 3775 414 1277 1279 3446 4674 4773 1946 3891 2585 2256 4407 4793 2674 3135 2436 1114 4829 3945 3254 4750 114 2606 2429 4549 1758 150 535 2489 3875 4519 132 3627 3901 3244 3326 3676 1351 305 231 933 3986 174 2598 78 4242 2905 878 2645 4887 2211 3715 1532 4921 2592 1872 3204 1918 28 3674 1799 4363 897 4725 4055 4644 2674 2096 1057 3011 4057 2293 898 1088 2474 816 985 2031 2196 3965 258 2854 4157 127 796 1721 1184 3120 3936 1453 1218 786 1017 2859 3997
1273 1312 1670 3911 3123 844 94 3489 782 102 407 3489 4802 587 2594 627 4829 2680 3921 2992 1399 1359 917 1004 3089 3614 3553 2256 1447 4494 4737 2542 2349 3145 3551 3829 796 3845 472 35 739 4802 4945 3000 870 1043 977 2607 626 2364 4410 2122 4674 2778 4313 2257 14 4850 4824 4524 4800 3182 3982 3247 4109 3099 4519 4546 2272 3313 4636 4494 989 3591 1198 4330 3340 1181 1990 2706 3008 4346 2911 3300 1375 459 220 2478 919 1992 4432 1180 647 3122 2507 4681 3328 545 55 1202 526 2471 3800 57 2564 1376 169 66 3670 243 4725 1520 4046 879 571 1479 1711 2109 2050 4195 2260 3819 2822 802 641 2405 4757 355 1349 2343 4214 3387 672 4119 3187 475 4250 2098 3023 4592 4090 4816 3539 2905 4114 4201 3761 2744 1315 3333 796 3412 3634 3494 2827 3026 2291 2666 207 42 376 2449 1242 4695 2896 288 2962 2178 4501 2366 345 943 2937 1552 2194 2481 736 1494 4941 1514 2039 1260 3746 3675 628 1171 4540 693 548 408 2134 1772 1387 227 405 3990 4041 2054 2789 3380
4307 787 190 3464 883 605 2730 4832 671 4848 1948 3831 3512 1922 1653 4959 4136 4695 977 3214 1359 239 324 2373 2515 4982 2680 1358 1371 4890 2773 1280 2159 532 2009 2327 410 2098 41 2541 1022 3992 667 3099 1005 1293 3922 2278 2385 3829 2723 1481 1812 1001 1762 4181 1473 4707 2674 179 4161 3653 2623 3003 4646 2913 2199 4766 805 1882 4216 4957 2805 2550 2778 1077 481 4664 3095 4473 3266 2913 4117 2700 2018 3519 1739 3723 3652 4257 1887 4297 4286 2284 3859 3191 4197 4116 184 4190 4446 3424 2302 3117 3925 4624 4511 2140 1961 1014 1952 3893 2583 4662 2172 370 1746 1715 4879 3733 4965 3213 4123 1720 3910 2852 3332 860 2362 2465 3836 2808 1018 444 464 780 2377 4007 1798 3600 4996 3702 901 1974 2927 3167 4219 1721 4001 2428 4007 21 2725 1337 3744 2195 1032 4215 1761 2742 3226 3629 4007 287 1176 2790 757 3764 4191 2596 4661 1286 2139 2139 981 180 3924 3646 998 4367 3938 1585 1189 4211 24 1083 3822 4114 3728 3880 3681 643 1683 1129 1509 1895 2201 912 3097 1955
265 3514 4924 369 4645 1489 2504 2769 3949 1029 3473 4824 4195 2610 1180 4901 4119 44 1023 1875 917 324 1845 1339 1265 226 2102 4108 295 711 1558 994 824 2832 1820 4542 3071 131 1544 2636 4403 2539 2831 2873 4249 2650 3777 667 2501 3756 4881 4944 1198 2929 4310 4868 1789 4742 2373 1085 4515 3232 3353 2841 1409 2555 4280 1030 772 1818 133 1098 3779 2167 1600 2127 3202 3702 3814 306 709 4002 4238 2103 3710 2335 4437 1453 1219 1147 205 1596 2770 1807 4659 1727 1719 967 3431 1420 3162 377 4521 2752 3432 2816 4933 1037 2845 2579 1062 4702 4650 4179 3275 4864 3717 4767 2599 2063 697 1714 3367 1925 1325 4554 4384 2875 3720 376 3965 3045 104 3413 2138 1367 4047 232 91 87 4267 3231 1446 1867 4071 1762 2025 1228 1444 4299 4410 3404 796 284 1053 1963 4624 1500 3926 1752 3045 3763 672 772 219 1140 3526 118 2565 1008 2630 934 2715 3511 3736 265 1782 1279 1831 4999 165 4951 1960 3646 1758 1432 447 3706 1060 58 4797 2455 2360 4896 629 2646 1634 3343 3639 1038
1833 1260 3491 1181 177 1224 4395 619 3964 80 307 3265 338 1299 906 4326 4837 2239 1614 4719 1004 2373 1339 254 4318 4824 1336 2191 2188 3294 734 3934 4734 2122 1372 1528 3886 1850 2804 4733 2537 3012 1035 3978 2792 1782 2104 4636 155 185 4178 525 2822 793 701 4661 1705 4422 4434 4484 3097 228 4116 1384 4303 4927 219 123 1102 1248 2727 4087 3393 3338 3534 3910 424 1154 1648 498 4531 3721 2269 3217 3721 1154 4677 3195 4068 1951 2696 1062 1244 2864 2181 4188 1269 4923 2183 905 1884 1661 3089 4711 990 3943 1584 4151 2823 2361 3279 897 2439 1784 4127 2456 1773 640 626 2248 3938 2675 4106 3239 948 4086 2855 3219 2235 1430 1675 2897 1223 678 2724 1918 4690 3626 1013 2968 2204 702 1737 2732 1120 86 4964 1984 1059 3182 1054 1506 41 1731 2938 1125 3933 2916 2989 4586 3498 4770 2660 3049 270 595 4971 4513 4805 2643 2617 264 2585 3554 1794 4710 4712 28 3382 641 3321 2189 483 3847 377 1182 3596 3456 1269 209 196 3734 1009 2023 4417 2759 4378 4475 4815 886
1548 3130 561 744 248 1629 1735 2792 362 3351 3175 1561 1576 1679 3785 3238 4623 2068 1503 3530 3089 2515 1265 4318 4452 929 2447 3345 493 132 1366 2577 133 3383 4604 2733 54 2568 4452 4090 979 2838 261 4721 1609 3200 4660 1425 1426 1986 3809 424 735 4414 1086 1014 2543 4257 4998 4069 3855 1727 2802 4492 4460 1554 1686 2832 4248 4738 3884 3196 4417 4202 3996 2619 4688 3052 678 2592 4408 3768 46 1817 4832 1510 1251 1574 4424 2889 3243 3726 765 3547 3643 4234 1594 4055 1783 929 2385 1376 4080 1893 2275 1373 2158 2300 3713 2701 2883 4024 1244 1036 2452 1070 2230 4545 2567 4025 3361 3756 4224 451 4753 216 4869 3340 3247 2717 2358 3931 816 848 1855 4094 3149 805 4742 764 282 230 417 1447 3997 1436 1567 1799 163 3006 3992 2101 1457 2076 3076 1876 1751 278 1932 603 4787 3396 93 4493 158 4159 4903 1398 3150 4791 3534 1151 4172 1507 4550 1484 491 1020 3645 1819 2837 3880 4322 2613 3735 3111 699 4957 1524 1990 2777 1844 2562 558 4787 540 1781 1557 1966 1839
3940 1443 2905 1408 318 4181 4663 2701 4645 3028 3022 4115 665 3007 2836 1665 2432 1590 808 240 3614 4982 226 4824 929 1037 1951 4812 2843 3694 3484 922 1655 1010 2788 2361 2419 1269 3004 1814 64 100 4908 1636 3961 297 3905 3576 4412 4288 1960 3031 3874 178 4498 4163 1639 3542 3770 2969 267 2722 1570 2834 123 1267 1907 3389 234 173 1161 3584 1446 2142 3999 2765 1436 2575 1279 159 3041 2601 3968 3527 3579 1942 4338 3503 3233 631 4987 4418 4006 4388 2230 3330 928 1219 487 2362 2405 3652 1816 4590 2513 3776 3795 2482 256 3706 3578 571 208 1017 1846 1595 3538 4933 2188 871 3414 1240 503 448 54 2909 1561 3184 3370 461 3619 4586 4191 603 3044 4944 737 4329 698 979 2877 2545 199 4226 4794 1318 4111 1161 2272 3274 905 3731 710 3383 4521 1856 3088 190 4942 4024 4093 1928 3154 2705 971 4844 3095 3631 1131 1112 367 4194 2589 2809 2360 3387 2091 1123 1005 1149 4417 2172 4935 1318 115 1371 1224 3776 1091 2586 2228 3310 2009 2106 3205 188 2163 4971 685 125
791 4559 4394 473 1059 2647 3115 595 2396 1474 2971 248 2863 966 1132 1220 2707 2308 2218 2361 3553 2680 2102 1336 2447 1951 1809 2813 4922 4507 4206 1195 1612 2160 2830 3344 3178 4915 1466 4637 2290 2344 2629 423 2845 1634 1998 1911 2050 4614 811 3452 3299 4539 4826 3251 2588 2401 2442 3214 2544 225 2699 4690 1006 3477 2826 916 2262 4948 660 4237 1202 4865 717 1669 1034 141 2005 3610 1233 1982 233 2832 3052 88 1102 1786 3212 1720 4764 2899 3766 1319 705 3052 385 4905 173 4743 2986 3387 4449 4923 1055 2101 785 239 3686 4821 2341 4028 1780 1790 761 2709 516 4798 3034 3020 1862 2243 4625 2037 4521 717 2814 2022 2094 3681 3899 2370 2173 333 3449 909 2162 789 1506 1791 1590 2099 2706 4823 480 4730 1378 1706 4259 2087 4737 2508 922 3102 1605 2172 223 4456 1075 824 2336 645 1720 4241 3287 3605 3649 1258 4697 4286 1006 3852 3104 1979 4047 767 3878 4419 545 1726 692 2488 4585 963 2799 537 523 3008 1965 2774 2441 4205 2310 310 3940 283 2729 1189 1522 4790
4279 2986 4126 277 1131 2807 1238 3939 1223 4057 1805 1819 3656 3667 4295 986 318 912 4757 929 2256 1358 4108 2191 3345 4812 2813 2876 3672 3389 3205 2475 1427 107 3677 124 2753 4299 1096 997 1748 4594 536 1404 3225 2620 1462 2508 44 2128 1949 1621 4871 4988 3893 3340 2959 1576 1379 4814 4531 1819 3204 1655 4785 1119 725 3110 859 4522 2549 3569 2179 4314 349 3520 3657 4893 2352 3818 148 3723 4001 2724 2234 4445 789 3613 148 3551 3465 2530 1728 4721 2819 1441 639 4089 38 52 3257 3017 1319 2041 3729 2917 3574 376 4119 2464 4697 1807 34 1950 2591 743 4266 4593 4272 3051 4848 3647 2222 1015 498 1282 4175 991 2494 4978 4453 2377 2813 4553 4364 328 4695 913 4151 2646 1065 576 4180 2908 1625 931 997 2358 334 805 3435 3361 4138 2842 1728 367 1341 3719 3321 2892 871 3892 4167 2313 165 3066 3483 841 963 2491 4028 735 2980 3473 3207 71 1359 2527 698 969 439 2506 4818 3272 3434 4583 1142 4950 2044 1354 4864 1241 3911 2349 2121 3748 1414 1947 417 3733
1131 1384 3235 98 2004 1883 4500 3050 2406 38 2587 967 4289 2895 1439 2065 678 4375 4934 4686 1447 1371 295 2188 493 2843 4922 3672 852 2084 4316 1538 567 118 2132 4783 2860 993 4379 1721 4938 1897 853 2252 2214 2716 359 4806 402 4464 3368 1691 2506 892 1823 3892 1991 712 3451 3330 1245 774 3266 4432 4398 730 705 1302 2623 60 2075 1096 2899 283 647 2250 949 3131 2733 3438 4582 3969 4725 2246 3233 3531 313 2560 356 4466 3693 2848 1903 4115 1540 4762 4718 468 402 2700 451 203 449 935 431 578 4741 604 3700 3393 3367 2336 2382 3688 2598 1619 3895 411 1391 1832 137 830 3431 2845 2180 2252 1898 4469 3469 2134 826 4935 3358 4794 4124 1701 3703 1889 2550 3185 4286 2894 3073 2046 1712 3064 4776 979 4869 269 4697 3226 169 722 2898 3193 4624 2747 415 993 1381 3947 2155 3054 2001 1170 4441 3116 1256 1735 394 1751 2517 2975 3476 2765 390 4265 1434 3222 4703 1638 4373 2480 2909 3179 1134 672 4314 3110 1117 4356 3368 2547 2327 437 2625 4740 958 4823
3408 1443 2910 583 4817 1991 2748 2778 2414 868 4463 1728 424 2711 1530 1649 3708 3753 316 1527 4494 4890 711 3294 132 3694 4507 3389 2084 2733 4813 1238 3946 4929 2442 1627 552 2728 3539 2137 3515 2786 1416 1171 3020 3186 4578 3133 1307 4321 2610 2389 4467 2535 4066 305 3850 2933 2130 375 3503 3973 3413 1734 1521 3008 4854 1265 2774 637 3548 1042 3945 443 4741 3994 3564 2405 4015 1194 2334 1455 4360 2276 944 2673 4273 2901 2620 2489 3054 1101 329 2272 3725 2480 3587 4014 2021 2829 2064 3968 1905 2450 280 1204 1684 1345 2007 2278 1786 3756 43 4770 1730 4425 4683 3813 1700 4402 4702 238 3594 2865 1810 50 1937 1271 786 598 2388 3250 4082 4796 2481 2665 671 660 675 3163 3636 2113 1556 2096 645 985 4817 3403 4239 950 229 3372 3690 323 1745 3329 2024 3733 2646 149 2645 561 2724 4575 693 1042 3823 97 3869 2643 2473 2531 4566 4000 1678 3844 3407 1334 2311 4539 3174 4707 4506 3623 3140 2992 3087 3227 434 440 2326 3789 3681 4217 2970 865 2580 3179 3656 1537
3157 169 3234 250 1813 233 1505 1958 2859 1880 2956 33 2270 4539 2555 4999 4270 4839 4213 3160 4737 2773 1558 734 1366 3484 4206 3205 4316 4813 2279 2817 3094 1278 1542 4078 1643 2695 338 3159 176 3843 4030 2193 258 4086 1172 3079 4113 2753 1589 1513 296 4024 866 897 4706 3664 2910 4078 3933 721 4345 3403 2135 1872 1323 4749 4473 4683 2961 4858 4128 262 3097 550 3795 3229 2947 1359 2237 2822 3151 2821 185 853 1786 2962 3222 3341 3235 3063 2473 3640 2430 156 2529 1240 4153 673 4381 592 3375 3921 1722 1275 4554 1183 4915 2928 2269 3747 3698 2180 4367 4297 1386 3763 3252 165 4248 735 4810 4630 601 2698 1983 793 3973 4371 1691 2956 4575 2536 2970 3776 786 64 34 2274 4155 773 2979 3953 325 701 4155 405 1461 593 4923 1059 1343 367 3042 3115 4825 162 4529 374 4251 3187 4220 345 2424 1589 1568 1949 4857 2307 4864 332 247 3662 2978 4261 3015 2795 689 2542 3033 1828 4455 1991 238 3634 2344 1898 3857 3683 1640 582 3677 1896 2991 3788 2670 2957 1943 265
3199 1414 4008 4873 304 2650 4682 4154 3070 2764 934 2474 4434 1138 2726 3236 1602 4836 3246 1545 2542 1280 994 3934 2577 922 1195 2475 1538 1238 2817 3033 1391 892 1014 1732 1619 1959 666 4194 3829 2607 4700 3655 4302 4716 1088 2864 1748 1360 102 662 4870 2765 70 1744 1453 3850 3764 4085 3436 627 4314 4687 3931 854 4716 851 2311 3591 1264 1106 3611 4970 1344 4653 1641 735 1159 2863 2036 4202 4608 2101 2349 254 595 659 3914 1009 1868 4829 4665 756 287 2008 4678 4175 1508 4442 2576 817 1537 3871 1850 875 3156 1610 1265 2278 3199 2674 1302 744 359 1032 2656 2376 2285 2118 1000 3860 718 3968 219 3525 871 2476 1394 2099 4282 4467 1852 499 23 1196 1831 2601 315 4202 3029 2893 3030 1785 1156 2920 2145 2976 2189 4742 976 2917 4907 3539 907 4814 594 431 287 24 4519 4891 2428 782 844 2926 4374 4832 3714 2681 4875 2068 2455 4892 2073 4372 1035 4392 3339 2147 4146 2196 665 941 3350 4593 376 1683 2487 865 1694 2452 1215 1541 1907 1163 2240 4824 1298 1437
77 539 4765 3633 1226 4156 1185 876 907 1166 65 360 651 2111 2179 3853 4116 1868 1831 4838 2349 2159 824 4734 133 1655 1612 1427 567 3946 3094 1391 502 4604 3132 1513 1640 1534 120 3887 2542 2546 2953 3694 2490 2291 1998 4439 3938 725 492 3059 2196 2351 2734 815 355 183 4414 2520 2050 2391 1631 4410 4241 3614 110 4540 3831 30 3121 4537 1872 2738 2899 4092 275 2079 281 4281 1430 2424 2804 4240 4430 2667 4352 2031 3965 3082 2137 2638 380 940 4662 503 1939 3415 2334 3819 3708 2394 1496 1091 935 3800 1943 2856 2657 2550 3912 2394 2302 3140 4287 1649 3358 3608 1279 378 2065 3825 62 14 4968 1195 1387 2081 392 1639 4104 3399 2509 429 2290 4700 666 1268 3602 2471 2750 3063 4740 2711 3063 1349 3661 2432 561 2373 3187 1267 1336 1172 4381 1111 792 291 3404 1108 543 360 91 1893 3379 1371 432 2000 2808 4886 736 3341 838 473 843 3356 2261 2735 2538 4277 1916 2206 652 890 4580 3265 1719 2741 2594 2071 2317 906 4394 1520 2368 1823 1071 1222 4784 3403
3626 2063 2416 1495 339 3824 4183 2688 1177 1634 1789 3371 4765 664 3791 3420 1956 1301 4572 4151 3145 532 2832 2122 3383 1010 2160 107 118 4929 1278 892 4604 4153 1131 1977 4781 4097 2546 4503 3299 2869 1385 2170 198 1161 1557 4784 4364 57 4956 4716 565 4876 2884 1134 1214 4183 627 2203 4839 330 2577 3969 1000 889 2011 3975 4131 2125 1054 3478 1991 1299 592 1841 4099 500 3256 2798 1173 3477 3876 1605 748 3033 2818 248 2209 1130 1440 257 1560 3196 1400 2430 1581 3649 4799 1525 1651 4263 1011 740 4184 3955 958 3220 1755 1466 4918 1818 2260 1635 4978 3905 2509 4057 3724 4838 2837 4921 853 975 1577 883 2694 385 4692 2357 200 4732 1248 1035 2057 4387 2378 3535 256 3700 43 3155 3126 3227 873 654 3147 4361 3686 2072 622 1859 1627 421 1443 3070 4792 2749 4877 4049 3326 754 4894 819 1766 2087 437 3129 1955 2116 542 3739 1206 4489 473 4715 1476 3572 254 1345 1029 1845 1874 48 1671 1561 2430 1804 907 3344 1535 2649 1358 4647 2889 904 88 1729 857 3776
141 829 709 4625 3430 441 4447 1837 360 4392 1326 3214 1897 1556 1519 2633 3719 912 3431 1477 3551 2009 1820 1372 4604 2788 2830 3677 2132 2442 1542 1014 3132 1131 601 1925 2469 2246 1936 4077 4051 3968 2042 4525 1383 4292 3603 4157 4088 4493 551 2027 2516 3293 1799 688 2766 934 2872 3850 565 193 546 1729 316 4426 2265 3054 4194 831 3896 3463 854 1909 2605 1346 278 3039 2571 295 894 2918 712 3953 2541 2753 28 398 4923 2166 2385 69 3112 2155 4472 1801 1369 3482 4953 4023 2565 1239 2956 2121 358 1234 3914 3403 2304 3786 3711 1627 3185 1193 3246 2600 3159 827 1298 135 1780 3643 2320 3994 2588 2564 3191 1715 2860 4430 4636 4714 3796 850 2914 3458 4888 3904 1384 1293 2595 624 966 1072 3332 2068 2110 1765 3438 818 3319 4460 2947 4791 545 2510 3570 84 3124 3555 4648 4974 809 353 4794 4861 2508 158 2310 499 1298 813 1180 4492 2134 616 2564 3010 1204 1794 1430 3271 3501 3628 1077 2062 2058 3301 1546 4549 1212 3132 2478 3304 3716 2622 1452 2857 4464 4229
75 2369 1222 4012 3175 1279 1268 741 4842 1483 149 3654 4375 4110 882 1640 1152 4415 1876 4240 3829 2327 4542 1528 2733 2361 3344 124 4783 1627 4078 1732 1513 1977 1925 2356 2280 1499 81 1303 2626 1237 123 327 3092 1288 2752 3284 278 317 191 387 2421 438 375 350 4771 766 2387 1066 797 1555 2802 4246 2186 3795 1998 557 911 228 2466 1292 218 616 278 2945 895 1959 60 1251 2050 2039 3257 808 4174 2723 4603 631 1739 4198 4952 3059 1782 4764 1723 2316 2437 4613 837 3829 3327 243 2363 2871 407 1532 4729 4394 2483 2680 3894 2496 2910 1865 1846 4915 747 1783 4431 2467 1764 2011 3957 1314 2705 1515 504 239 4917 112 4848 4447 3511 614 1331 4097 4118 810 4244 3976 3898 3653 3873 1719 3285 2014 660 1155 2523 3750 166 88 845 2411 3722 1446 23 3532 1399 806 3004 4038 1079 4490 974 4179 3964 4339 2011 2714 855 620 1130 299 4406 4286 2880 1676 1597 2601 3690 927 1674 4497 4804 2037 3285 1538 3310 2803 570 1596 3680 4199 1802 4937 2315 239 1818 3585
2875 4546 436 1644 2398 3148 1518 4878 3557 1491 1610 3275 3317 1979 2205 2867 258 4744 3038 2782 796 410 3071 3886 54 2419 3178 2753 2860 552 1643 1619 1640 4781 2469 2280 1716 3739 1846 3621 381 1709 733 820 3084 556 1092 4281 4918 1265 2834 2442 228 219 764 1811 562 1787 2740 4125 1783 4197 2256 892 59 172 4333 311 558 3603 4602 1049 2518 4142 2229 728 2312 2056 1118 4222 3532 2589 2088 3829 744 2179 1736 900 2860 1697 1624 4174 3439 3616 3752 1238 2816 2141 364 4950 2358 4714 440 1729 2697 735 2194 4438 943 4836 676 2119 1951 2244 3689 1801 3880 4426 944 3247 824 4793 4174 868 3290 3379 1064 2098 3760 3028 3250 3254 2535 2447 4194 1866 776 2646 2145 2788 453 4476 3689 3517 4877 415 3058 4605 2364 2352 4038 4334 2573 1102 4726 673 807 484 307 4432 1341 2071 188 1087 2068 1316 1400 936 1241 116 1351 851 4529 4884 528 4654 504 3486 1975 2515 1243 59 4193 4366 4784 4266 627 652 2833 257 2267 1328 4263 3742 3355 2379 1735 2024 1235 1128
4775 4299 893 3408 1361 2717 2407 211 4641 3506 3282 2528 1483 2996 292 615 2969 1782 1290 4709 3845 2098 131 1850 2568 1269 4915 4299 993 2728 2695 1959 1534 4097 2246 1499 3739 4296 780 687 2537 388 526 2449 4739 1057 1325 1886 237 3102 833 74 879 2618 2631 276 3390 1141 1444 566 3464 3928 527 1780 4762 4559 4791 1433 3889 108 3921 886 467 473 2832 3574 2416 4566 2834 1868 791 483 3145 4782 2626 661 2378 1921 2813 1642 3158 2242 1607 2653 4549 1540 670 1901 1063 4455 3474 4277 4481 1497 270 4466 4864 2015 2342 4756 1871 358 4467 4574 2025 3509 1323 2479 1208 2071 2384 4013 1568 4624 2311 2987 1033 4049 867 4395 2077 1727 166 111 2315 173 467 4164 3990 4630 1262 2642 2783 2179 3109 1465 105 540 2456 2287 331 2638 1537 1211 3451 4851 3738 2536 4295 3578 4486 2967 1971 442 2361 3812 242 352 2029 2349 946 3374 3469 4511 152 1723 2380 79 2385 4394 3153 1680 4616 4664 4652 58 329 3613 2193 2866 127 50 3773 395 3578 642 1352 3808 4968 3444
1025 3216 3840 587 476 3554 2967 1639 2137 2853 3922 1027 2599 1946 2588 1790 4654 2504 3283 4628 472 41 1544 2804 4452 3004 1466 1096 4379 3539 338 666 120 2546 1936 81 1846 780 4055 3976 3440 2033 1183 3649 1300 4655 1308 421 4211 3476 1745 4573 1287 2112 4763 3450 2283 2459 1659 223 2126 4533 126 2165 2096 711 1730 1735 1791 4120 3125 711 1030 485 2150 56 4452 287 1533 2200 301 72 3188 2040 1997 1052 4730 4754 1624 2199 56 2331 2836 1150 1534 2266 2766 257 4132 447 2199 4557 476 3538 1431 765 2816 4651 1473 2441 1436 1396 3698 3369 375 413 2362 4653 4627 4231 4856 4581 1637 1139 3309 303 252 4569 2982 584 1144 4463 4970 2163 4255 4678 3934 2541 3592 3378 2284 3120 4638 94 3438 1251 1416 1020 2408 3187 3288 4945 1887 2915 3395 2562 3666 3431 4080 3271 1181 4972 854 753 4378 822 1458 3427 451 32 2704 3075 4257 3366 2964 1437 3023 4489 4350 391 766 4259 836 2650 3305 782 3116 1738 3903 3383 402 323 4384 1395 1191 2185 3418 1316 1140 2250
3970 370 1611 1467 3526 4301 3877 2905 1548 4745 599 1479 4630 4397 4810 2470 3422 68 1897 1101 35 2541 2636 4733 4090 1814 4637 997 1721 2137 3159 4194 3887 4503 4077 1303 3621 687 3976 3533 1127 2427 3878 1968 3419 2683 2626 4175 2895 760 1409 2484 4600 2028 2838 3617 1281 79 2942 1973 2230 3891 4919 1648 1526 1698 164 2184 1976 2597 3142 3196 4879 2527 436 142 730 1896 4755 684 2584 3489 4340 1233 2221 4026 4546 3795 1117 1135 194 1586 1872 336 3271 798 3975 2585 334 3720 3632 2227 48 2532 2138 912 3069 4003 3959 3519 2071 2841 3170 1975 335 2069 159 968 3042 3633 566 759 3265 1028 1978 2350 3798 3387 3211 4881 4166 4196 2053 700 2235 3576 1037 3184 4681 3891 193 4675 2646 525 4993 1775 3642 436 3263 1145 2611 4923 2693 4276 1173 623 939 3530 3641 3341 4594 2357 3338 3906 2239 4402 4431 4086 1510 2978 2877 3555 2186 2965 2896 2856 1989 4881 1374 604 4051 1485 36 1514 2758 140 1407 1906 812 1739 1522 2825 2442 4347 4244 4445 2476 3317 1699 2012
