N: 200
M: 40
Symmetric: true
Triangle: false
6 100 33 163 98 74 61
3 83 60 137
7 180 193 59 62 25 117 156
4 105 91 35 196
6 127 140 36 42 47 95
6 71 18 159 158 31 75
6 142 92 85 10 12 157
3 49 55 112
5 102 51 3 194 58
5 1 82 146 198 9
2 64 73
3 118 168 57
5 80 29 148 175 37
5 126 116 162 134 39
6 52 14 19 135 45 145
5 46 176 111 143 79
2 108 56
2 122 128
5 87 101 50 41 81
6 104 15 120 28 183 164
5 34 179 106 150 174
4 53 93 88 171
5 153 96 169 132 136
6 6 144 188 27 2 125
5 123 32 149 199 114
4 165 129 181 84
8 130 11 184 54 191 151 187 97
4 65 89 86 177
4 90 160 115 21
10 110 13 20 76 190 7 103 44 63 182
4 139 78 173 138
4 5 43 77 197
5 152 147 155 167 185
6 166 141 133 17 66 178
8 8 154 192 131 22 40 186 109
4 161 189 170 99
7 113 195 94 30 48 172 68
5 26 70 119 38 72
4 107 124 16 121
6 24 69 200 4 67 23
4818 3039 4003 2364 4153 3666 107 2826 3015 3827 1506 2053 1037 2467 2602 4395 3006 3318 1008 3810 3455 291 1053 4598 2304 3193 1880 4957 2477 1576 2616 3493 3631 1912 637 4944 3498 3103 1286 4989 1829 3309 3663 4280 2657 4624 221 4980 4578 2953 4905 326 2620 2491 1463 207 4743 3264 657 407 4650 3516 2785 3619 267 3558 2032 3348 1009 321 2488 2669 1112 1750 1017 578 39 1353 3208 1591 1074 4622 4523 4473 2019 135 3456 1021 3792 1523 3715 233 567 435 708 3708 3781 2661 3642 245 1085 1644 1499 1263 4117 3034 1783 4613 3779 1798 4622 1910 4041 237 2629 4443 3582 3977 1170 1590 4348 4187 4821 4375 2946 2498 410 2777 3211 2657 3113 1648 3662 3466 1866 1746 359 845 4689 3533 374 4880 1906 2005 2324 2453 2915 3961 4901 2994 1194 461 2601 3806 1200 1663 1588 831 885 4348 1241 2635 937 1536 1514 616 2408 70 3373 3039 4520 1929 4800 2885 3182 1432 2287 4192 2941 3276 4115 3431 1712 4999 4532 4455 1777 2392 1726 4589 2409 2031 82 405 3940 1584 455 4623 4754 2989
3039 1596 4467 1719 3076 999 3897 30 1335 1404 1194 3627 1499 123 948 4797 3921 2975 2725 2811 1802 4716 3615 4607 4383 4676 4481 2244 3102 3540 995 1172 3562 2600 4394 3636 353 600 2328 3438 2337 689 1886 2108 1003 3597 599 4713 4192 4886 3780 1831 390 4514 3716 869 1734 3484 2148 4486 1663 3408 3009 2790 1021 3793 4520 4883 60 4049 1031 855 4970 4673 641 43 4377 3142 4195 2734 2865 3709 1980 4884 4028 2461 3045 1636 2519 1935 234 2567 394 539 902 950 3452 1707 3915 4251 1355 4714 3107 4662 1272 2914 2830 1320 4267 2787 2179 3693 4003 915 3510 1625 623 745 4840 2789 3409 332 3661 100 2452 3208 3175 1243 4019 4979 506 1123 2042 1058 457 256 4490 2138 3703 3074 4363 2956 2016 1220 156 4670 3979 1880 1445 1873 1351 890 716 1158 2504 3863 1585 2499 4757 76 1587 1817 3498 3234 4747 2096 636 1414 41 1010 326 4175 3053 3934 2830 1698 1177 1610 2206 1312 4267 2653 3390 3878 3346 2627 967 3698 3425 4058 509 3011 214 2368 2970 4781 28 2112 314 3593
4003 4467 508 2676 4138 4687 922 2177 414 2043 379 918 1951 415 3519 4782 1982 1722 2269 287 767 4615 1213 2930 4223 3604 4994 2620 4626 1099 3628 2095 3035 218 1417 2176 1372 3701 2802 434 1839 2346 3989 2474 2737 4710 2081 3852 925 4162 1715 1714 2248 759 4259 1622 2053 1344 4489 4810 3426 1305 1176 3037 3079 4822 230 822 3948 3583 4065 1022 1397 2965 3115 4825 3529 2862 2691 754 2869 1834 1338 104 1032 3025 2503 286 4174 97 97 1881 422 1442 2176 4970 2263 2255 2389 3971 463 2779 1684 1406 4395 2060 128 4282 2242 90 4582 1844 204 3112 2053 113 641 1935 4855 1445 4431 1123 4987 373 3009 2472 2808 3603 1724 2734 4160 3052 4061 2104 2109 2488 4489 2282 1610 2188 4407 646 444 3826 4902 1142 845 4436 3904 474 4627 2820 3843 1546 4499 133 4996 135 3053 966 3263 3142 4381 1308 2558 572 696 13 1942 2773 3985 556 93 997 3278 2441 4889 3442 937 4056 1386 3973 2898 3336 3353 305 528 1039 395 686 1708 2659 3592 2093 1906 553 756 4214 3313 2897
2364 1719 2676 3973 1087 751 4149 2523 1577 3088 1655 4754 4346 3402 372 427 941 465 2659 793 724 3554 217 2316 1046 1445 1805 3913 754 2493 874 3496 488 69 3863 3076 4278 2859 1718 1499 989 650 3989 2753 4669 2928 3749 2373 191 3949 2237 3876 4783 4494 1729 4824 2522 3818 2607 3168 2696 1739 1997 1400 1984 850 4629 3152 3708 133 3436 1952 3299 1057 1193 3964 3619 1025 4476 2287 3159 4510 1331 4877 543 3986 2585 3048 2542 4176 1953 4021 1661 74 1894 3734 3684 4989 865 631 1455 4023 3480 3660 2972 2848 4657 2912 1466 3642 209 1423 3700 4575 2099 4305 4327 284 318 4791 3558 1406 2168 3684 770 969 2606 879 1880 4037 3657 3811 3961 591 2156 3227 4123 1473 3816 1248 94 2764 3016 1434 83 2580 2659 595 924 3870 377 349 2891 3863 4687 1528 4471 2777 888 2168 2474 4147 1732 4968 4645 2780 241 1228 2471 521 983 271 2718 3046 4899 2644 1906 3931 3865 680 3866 2905 1711 2212 977 3026 3427 2838 3394 3143 1978 1648 1768 2257 583 4346 4291 1766 2704 75
4153 3076 4138 1087 4508 2463 2696 2541 3617 2858 4389 2230 2799 1257 4355 3626 2234 4724 108 4184 4759 4394 4471 959 2005 440 4391 4677 3739 1663 2125 3327 3480 4217 1437 3313 578 1702 4303 2847 4230 844 2363 3368 4010 1132 3815 1710 3188 4780 386 3521 1580 3765 1279 2897 4937 1693 4091 3937 2671 4282 4136 3156 3993 1953 1852 3577 2080 3749 179 3316 236 3028 1190 762 1541 4585 3128 3526 57 4189 2368 3012 4306 1321 178 705 674 1679 968 2156 3732 2558 1954 4141 1374 875 3238 1471 3956 916 536 2884 2758 3168 280 3930 2565 2069 2906 2847 4139 713 1499 2626 1171 3834 1091 3022 1402 1211 1940 702 985 2030 1819 3101 3310 1383 4229 744 3374 1783 2225 691 1393 2462 3428 3113 2929 114 3563 347 2966 4805 1590 1900 4627 3417 1066 1462 471 3928 1972 1246 2874 3074 4706 4713 2647 1438 4658 4626 2093 4421 3045 3745 2859 3035 1809 880 381 4849 445 4058 1833 4901 2544 2126 948 842 3343 4803 931 1437 2110 2501 1829 301 4832 1281 4725 149 1110 3184 3977 1344 484 2029
3666 999 4687 751 2463 4191 999 3622 4939 4720 3479 3394 3367 678 3525 4078 1113 3092 2344 2785 4125 2822 2058 4800 2276 3138 4681 1539 1322 1080 4280 3830 1874 584 2805 442 2062 289 1526 4761 4371 348 11 3950 2114 1781 1712 1787 4599 3830 4497 3292 4539 689 4394 2554 2977 270 1046 4953 925 1291 362 3916 4426 704 1650 3316 3397 1411 3554 2416 613 4782 1609 2820 4989 464 2725 1365 711 3922 3984 3556 3000 1374 2766 2144 2987 914 1368 4500 1964 484 636 4043 1255 2048 2537 3799 1999 3051 133 2136 1275 763 791 2156 886 4216 4045 2492 3158 1401 690 3691 3864 3234 4858 4155 1831 3514 664 2044 1135 2033 3590 4974 4433 3318 4979 3994 361 4412 4491 3834 1739 3714 2619 597 111 141 2022 1683 2757 4189 3876 1898 2648 2447 2820 1936 3100 2076 2574 4631 2658 3850 2807 3272 4789 483 1292 4876 447 2015 728 2190 4023 3811 4953 1043 1951 2774 951 3323 4735 529 4204 2168 990 4714 4150 3010 962 4377 479 2163 937 840 3575 1043 2468 2287 154 1863 4836 1261 949 3941
107 3897 922 4149 2696 999 4176 2147 3246 4591 801 4390 4371 3667 3948 3432 785 1385 4561 1570 4167 2157 4410 1023 3517 557 2609 2749 4098 151 3050 1390 3600 1692 4568 4329 3598 3971 797 2537 2273 3415 1030 4900 2272 2721 1928 4752 2307 330 1482 3686 1149 1615 3225 3702 1414 3575 677 332 4416 2840 4896 947 2250 876 2503 1774 1273 1556 443 4636 2148 3149 4473 4273 1441 1431 4812 3654 454 4029 4580 4639 2852 1090 4493 3020 1151 4661 3926 609 2591 1754 2423 2436 506 3476 501 2842 1508 1685 333 3391 77 799 600 3391 4197 219 1004 1076 3477 1409 4078 2290 2260 970 1757 3167 3143 3427 1738 4237 2198 3880 4584 11 3411 1431 4799 2083 2500 4665 2693 2500 2300 3447 413 92 1431 3019 2494 4361 1329 2324 4438 665 1038 4279 2703 2507 1072 4171 3674 34 785 2066 3407 1142 327 2560 3235 3601 1436 4246 1671 2388 4274 2348 1974 2956 290 1823 3180 3221 3716 1914 3798 1551 1418 1873 4577 2526 1014 2438 4186 1675 4221 691 319 3690 812 3802 72 1577 3804 401 4831 1802
2826 30 2177 2523 2541 3622 2147 2354 1990 2541 740 3678 4452 3054 2575 1464 823 4677 1656 2077 2129 4996 378 843 706 504 3195 2374 390 1547 4238 1359 3344 4882 4872 4121 4222 4915 542 481 4598 694 2447 1495 1386 2076 4445 2295 878 4793 287 462 2548 188 3514 4645 4756 1448 889 995 4288 1937 76 1759 1248 2028 1635 4454 1982 2775 4472 199 3704 1073 415 176 1720 3344 1972 4568 1031 4296 371 4762 2710 1865 1042 2812 3625 4932 1471 3662 2606 703 1760 694 3132 4742 4673 1463 2939 4260 2667 1131 2803 1964 2216 4444 3152 3117 166 1319 1316 1968 4113 1137 4007 1530 1445 2638 3882 2329 4284 2255 2431 869 2258 2299 1510 285 3873 2557 2184 4655 3600 4171 2957 1229 2860 3948 4238 450 2507 2154 4235 3114 3024 2003 4976 483 4230 700 1816 823 741 4316 1222 666 1047 4539 891 1199 3095 3733 216 1618 308 1435 3889 3657 801 4094 900 2394 2794 483 3810 3330 484 3131 2059 1133 2275 1750 159 4842 220 4323 2470 4078 1910 1388 1640 261 3886 2661 3063 2247 4929 1794
3015 1335 414 1577 3617 4939 3246 1990 2133 77 1688 3261 4521 3795 1352 3521 370 4747 3934 2949 3482 2270 4286 1191 501 487 1967 190 1129 1947 4262 908 3606 144 3426 2755 322 1569 4827 4559 4036 3226 2091 1554 3700 1738 328 4393 4389 3243 1792 4184 3785 1031 2181 2675 46 4890 1163 4849 3957 3705 966 1242 3583 745 264 209 1087 1758 3290 2647 885 3561 1979 1209 2580 4196 20 4537 2745 1774 2982 2883 2715 4872 4783 2450 4990 3199 3334 4940 3670 515 325 2484 343 3265 3679 287 3400 4477 2844 2209 3085 1731 3858 2940 557 1857 403 4214 3966 3232 855 1802 1411 1655 673 3168 835 4163 4340 94 3344 3897 4539 4615 1855 1846 2275 2340 2764 4518 3895 1593 4629 3987 2213 1227 2405 1541 4820 3340 3408 288 2098 1628 445 3405 23 4169 2677 436 2788 2431 4508 2011 923 3733 2881 3550 384 4578 1083 4328 88 2635 3719 4614 2692 3249 1781 2361 328 1526 3368 2028 3769 4400 1137 1503 2260 2341 2628 3311 4495 1677 634 857 3758 4434 2552 1606 74 3057 4017 1050 848 1581
3827 1404 2043 3088 2858 4720 4591 2541 77 4734 2113 2451 803 4556 3688 4131 908 1157 944 2809 4909 2202 1802 3052 3628 2314 3506 1844 1755 1419 975 2986 4337 2299 1846 2665 4876 147 3144 1144 4352 140 2017 713 1667 2675 1014 4792 4018 611 3552 4271 2212 1875 2549 1855 2638 2869 4989 1434 4584 1666 2094 4326 760 65 3264 1489 4991 785 1230 2720 2319 272 4531 2297 4529 4766 1470 3066 4814 1414 4467 1439 3151 1819 2631 2188 829 1428 582 2638 2530 3153 3686 4296 2379 2187 268 3662 914 1049 1999 2790 2730 321 2705 1241 4910 700 4534 3163 489 1325 970 4595 4706 2168 2058 310 2264 839 3418 3226 359 648 779 3640 3993 981 1852 788 4724 580 4965 4196 4515 1023 4897 3335 2149 4333 3958 2003 1422 2096 1759 4623 1935 2761 296 3662 4011 1452 804 629 748 1405 2366 1198 1375 3315 914 510 3618 3522 1690 1315 243 1248 4994 2941 2520 3461 2127 1762 4315 1843 3478 197 1203 1382 342 77 4544 742 4842 4050 2230 2699 4961 613 210 928 4748 4960 2833 497 3413 4695
1506 1194 379 1655 4389 3479 801 740 1688 2113 3244 3413 1557 4766 4820 260 2558 1451 4273 4256 3166 3688 4279 1231 4283 2845 4284 770 1975 2961 2470 1105 1384 3928 1721 4221 749 1920 2257 1845 3553 1364 4711 3771 2163 3021 4682 2649 2239 871 3388 450 348 384 885 980 2653 4730 3503 600 1909 457 3890 4088 2094 1607 3694 3513 1170 1390 2732 2622 4004 1504 2100 4393 1874 4550 2051 3558 4887 2258 3917 3010 2741 1718 4028 3372 2636 1008 2000 1317 2546 2968 4982 4235 1053 604 4313 804 898 1488 4195 2706 4629 4832 1539 4992 1893 89 3349 1962 2885 606 1569 597 2422 4682 1586 3871 286 1433 4680 4334 4868 719 4439 862 4770 880 2028 1578 2455 3939 3236 4672 2244 4270 411 4999 1158 570 4960 2582 1300 634 2640 2825 3804 2035 2467 505 1042 2916 4401 1998 4443 1452 4340 3041 1491 1031 819 638 369 228 664 4832 3702 505 2332 3772 4628 2125 86 4011 2046 2867 3318 4068 1648 313 3719 2566 1657 521 246 2433 1495 4285 3851 2779 2775 191 859 2827 1214 770 1301 3528
2053 3627 918 4754 2230 3394 4390 3678 3261 2451 3413 3530 2728 4741 2053 4005 1034 3635 4182 3753 2697 540 587 3339 2123 4256 3987 2334 2036 745 1181 1938 3353 2869 2186 2031 37 2670 2885 1537 1448 626 767 316 2672 1596 152 1724 3427 1839 2422 889 2430 1546 2855 3845 4516 1994 3568 2062 254 4420 4148 4115 2162 748 1686 4642 1126 1102 2721 535 1591 3470 3292 4630 4900 903 4621 1088 1650 945 608 3142 1940 756 2607 4727 1443 3414 3258 1055 4374 1636 4867 692 4006 2544 1987 1167 479 854 1780 750 3641 2087 3334 2131 3579 201 2943 291 2870 1361 277 4239 4540 3313 4986 4945 345 2246 2356 2130 2426 3517 4056 2622 1835 248 327 1868 2215 313 4099 4260 490 1659 4644 2430 3734 3573 3113 2125 999 1989 1067 203 63 3303 4284 2238 2416 3841 3435 1560 4999 2876 4525 4161 1369 2958 527 3965 2363 176 169 231 747 1904 3138 2293 3638 1381 2325 1947 3743 1714 4450 3380 1573 4533 579 625 3790 2882 3344 3562 2380 2401 2547 1008 3105 98 638 3245 1734 4316 2632 3160
1037 1499 1951 4346 2799 3367 4371 4452 4521 803 1557 2728 2924 249 2817 1386 1242 425 4667 3594 4903 1757 2473 3322 3557 1924 4527 4929 244 61 3650 947 3825 312 1369 1827 1523 998 1644 14 985 4521 3998 2491 2510 3391 3795 3367 1918 304 3611 1433 3977 1688 4810 1012 888 897 1230 2548 4413 1067 4819 2464 507 1483 1309 2405 536 4557 2548 795 999 1263 1084 2794 1729 4440 3031 1970 1598 4111 2626 2042 2228 4495 2781 2718 4423 3129 1594 1228 2681 1034 1948 761 1848 2558 4963 4873 2169 2900 1334 685 4528 98 3199 4705 961 1473 3537 4159 793 3594 4921 1817 310 3266 1334 2832 4225 2389 3338 2097 3449 1590 2485 1944 4325 2507 1589 297 2688 521 2736 33 2786 1878 1764 1079 4881 3260 864 3336 1121 858 1494 4517 2623 325 4841 2757 756 1505 4403 2060 3995 2781 4673 3432 901 3499 55 3194 3635 73 1007 4661 3597 3996 1955 1221 716 3582 237 86 3312 4101 3057 4445 2911 792 4014 4570 2760 2530 3347 463 3933 877 4359 2139 312 2261 2819 21 4434 4063 2156 3523
2467 123 415 3402 1257 678 3667 3054 3795 4556 4766 4741 249 3812 957 4447 4578 4751 891 4229 2668 3997 4767 367 224 1366 3498 1017 4162 740 4832 919 98 746 1738 2468 4805 4912 688 1060 1723 3831 2010 104 3765 3740 4381 309 3710 1246 4249 4518 4386 2350 1218 4745 4312 313 1860 2166 304 27 4438 3889 576 817 4893 1760 1227 1019 2609 3723 3402 3784 4562 2268 1082 3169 1681 3647 1702 596 899 2810 1776 2288 3067 976 3579 3681 2600 1937 1418 2150 2435 4491 911 3498 148 472 939 2229 1233 4338 1872 2068 4015 3016 2975 2801 2751 3465 1737 2902 749 195 3833 1971 2307 2403 3593 162 563 1886 3949 124 4587 1607 2030 1840 2171 4469 4063 1583 806 616 4507 694 656 1855 4518 2727 1924 4897 2039 3753 1594 644 1257 4127 499 638 3406 1868 4995 3650 1861 4710 155 841 225 3369 1054 3072 2615 2051 1891 604 2430 2718 4257 4394 97 1431 1532 973 3170 1650 3232 1352 1113 3221 450 681 2637 4911 3073 3355 4225 624 1811 4929 2770 4938 3639 625 4823 4204 3858 1450
2602 948 3519 372 4355 3525 3948 2575 1352 3688 4820 2053 2817 957 544 3234 4230 2568 740 2208 844 3438 3116 4405 322 2393 218 1643 4375 2554 3588 413 1019 1092 1915 2438 4325 2693 2503 2010 4110 4376 4519 1881 2337 108 1553 2995 1744 1155 2129 1765 2232 1506 442 1212 1917 2250 2982 2315 4696 3616 2229 3012 1909 3263 3815 481 3120 4085 3616 2276 2274 1561 1365 3463 3808 1047 4936 1724 3617 3252 1095 1955 1792 4883 2951 1942 1164 740 4166 2870 3901 4753 4602 4827 650 1894 653 1647 2739 526 3999 183 1754 2690 1555 389 984 1958 4268 3395 3880 2103 461 1951 4116 4089 2846 2587 4538 1654 2881 27 2823 769 1515 3424 1675 3615 218 134 3278 488 183 2378 1119 3408 1680 1059 3395 4741 3715 83 3109 2592 2689 729 1160 3406 3391 2700 1753 1476 156 4186 1194 4215 3902 2380 4424 324 2797 2375 4418 350 4953 2576 4796 1561 3020 2925 3859 3530 4169 3884 1184 2597 257 136 137 525 4688 2999 504 847 910 968 3017 3818 627 218 1118 907 4616 1503 3807 84 2680 1446
4395 4797 4782 427 3626 4078 3432 1464 3521 4131 260 4005 1386 4447 3234 3587 4884 4794 1118 1842 611 3281 769 1089 1119 208 3068 4196 3501 3661 266 909 2366 3116 405 1549 735 2324 1949 2497 4493 708 2200 3351 3049 3023 892 4715 4547 989 365 786 3137 3147 3591 901 3350 1522 2944 4530 2123 4467 678 1893 3991 4195 1116 383 1287 1065 2869 2452 2578 4021 2119 2019 3357 4107 4562 2245 3990 1948 4173 3581 2188 3208 969 4528 280 2617 2433 2341 4667 2637 1831 3456 1466 314 3215 170 4637 577 3950 523 1816 3048 3948 4823 3319 3711 4022 862 2949 1833 2762 1941 908 643 2735 2234 1602 93 1164 390 2283 3213 3716 73 1387 3045 4116 1257 1091 2835 1208 263 1333 461 4801 3746 4227 1683 4013 1337 2082 33 3063 2605 732 4499 3122 4637 299 2702 4863 1186 2187 1130 1496 2436 3192 36 1175 1400 3383 3390 4714 3119 601 307 951 4884 2126 1947 2223 727 4397 1189 2480 1409 1670 2992 962 3737 2116 3779 26 1185 286 737 3579 2206 649 2334 2777 2683 306 526 4277 528
3006 3921 1982 941 2234 1113 785 823 370 908 2558 1034 1242 4578 4230 4884 4120 1700 961 2193 3726 132 457 1883 3954 4691 3027 2961 3782 3831 4005 856 1058 1679 1994 3236 3548 826 4261 4105 2982 926 4951 60 3918 4997 1821 4306 4469 917 4028 4006 2834 3442 2939 2489 3967 2942 4178 3498 3392 2373 2016 1780 2469 1838 3038 4006 3529 2231 3668 4449 2324 1868 2783 3858 1471 3312 3742 3596 1605 438 1167 725 4836 4737 371 1648 2983 4876 92 966 1326 502 3248 3060 3799 1854 4996 880 1803 482 3738 4194 2935 49 2171 4841 2869 1162 2678 1866 90 4040 2730 3368 61 1720 2465 1540 4206 3903 4677 649 293 4189 3529 1646 1907 2711 2725 4205 1675 4811 2264 2774 3253 734 3010 636 3419 1165 2121 1600 4943 1327 4308 3985 1731 530 774 2158 3430 1371 188 1329 1780 4285 2064 810 83 4531 2473 950 4463 3552 4418 783 2697 1392 2284 1780 3154 4135 1728 3698 1503 1657 2511 3775 4250 4030 2766 3022 3591 3276 1087 1292 784 4666 2279 571 3654 3721 183 3123 2647 904 2097 18
3318 2975 1722 465 4724 3092 1385 4677 4747 1157 1451 3635 425 4751 2568 4794 1700 3865 3211 3751 1278 2608 4279 1302 3310 650 910 1323 4268 87 4787 1553 852 4718 1303 4345 930 991 3481 3266 2616 2829 2813 4565 4943 2689 2912 1878 918 201 2694 1039 3527 355 745 3789 3051 3482 1234 2244 641 3011 2533 3422 1775 2737 385 120 4353 4899 2108 3564 2541 3604 1163 3578 638 4023 580 2419 2582 1509 403 1057 232 2841 4826 353 4657 4246 4998 1855 2877 557 4161 1803 1478 92 3898 2031 3301 1543 1101 2828 4541 3708 3083 680 3188 1843 193 3936 4102 22 3685 2278 1582 915 4768 2747 3359 642 2191 1599 1638 509 4195 4295 4755 1621 432 4388 4340 4776 356 1995 2008 2349 3960 4046 592 2790 3440 1417 1926 3288 2306 4921 4273 4508 92 367 215 1533 4457 777 4466 4732 882 412 4257 288 1526 2801 3878 600 3707 4295 2516 1041 551 1351 1727 4974 1029 2995 2881 3223 1461 1373 1434 4026 3744 3648 1841 4811 2605 4180 2486 4365 2883 2615 2044 3066 4620 2860 2733 588 1174 4730
1008 2725 2269 2659 108 2344 4561 1656 3934 944 4273 4182 4667 891 740 1118 961 3211 2849 1055 1192 283 135 3890 2092 1332 3060 3424 3602 3960 3773 970 34 159 2865 3394 520 2549 2317 697 3921 89 1659 3435 4083 1272 332 3656 2693 632 995 1200 3712 2391 320 2568 3464 2693 4091 1021 4955 321 4288 1957 3143 36 2940 1014 4430 2241 2342 2230 2027 2359 1863 2284 3856 4413 259 2173 4966 1592 3439 2670 1359 4245 3843 4945 2593 761 690 3415 3327 637 2649 817 3479 1933 4339 23 165 2891 4325 157 3002 1367 25 161 4456 566 2006 2537 4442 4341 456 4890 589 907 4871 4492 4858 3159 3405 2263 1861 1498 4260 2394 2522 3077 1235 1762 190 1535 1769 3425 3878 2781 3786 3431 3553 4172 1766 1195 4397 389 537 3651 2682 2022 1211 76 3925 2055 1234 2258 896 2597 4882 2311 2637 3567 3940 4392 959 4051 1369 2562 3725 15 650 3867 348 2802 3499 1411 1025 2992 2399 4247 4268 1428 2411 1412 4820 140 2887 3233 4283 4079 703 2222 1915 3510 4202 2605 3941 2829 4250 918
3810 2811 287 793 4184 2785 1570 2077 2949 2809 4256 3753 3594 4229 2208 1842 2193 3751 1055 1616 3629 4490 4041 1330 662 860 620 2456 1219 2150 3547 947 597 2544 3860 564 4127 2280 3060 4033 1650 3474 1982 1062 837 4284 4731 3453 2715 1210 867 26 4771 1944 4528 3875 3773 563 3377 2782 907 1035 1566 1572 3412 3370 2519 1643 3986 1339 3652 4849 4870 2747 2957 527 3800 2150 1755 2705 2317 2944 3698 3312 3240 83 4226 2119 4341 2097 3231 1031 2126 1188 3772 4893 450 3024 2996 3322 3281 3727 1851 4499 3818 2009 3759 521 1374 1309 2626 3995 2176 3381 1668 3064 2510 1868 236 2266 913 864 545 394 652 2968 3423 1457 4909 4033 2738 1147 3752 2944 4668 967 4769 4260 1186 3644 1373 1613 1629 1714 1053 3660 2479 1422 4911 1429 3971 4020 3799 724 4229 4248 794 4658 518 2286 456 1247 2861 2043 989 4211 1009 1949 1271 11 3773 881 4298 2449 860 4064 3940 3440 3021 3839 3797 3729 3757 2680 4933 1541 3934 2669 1023 549 774 2339 562 3284 1283 4822 1353 3460 4559 1242
3455 1802 767 724 4759 4125 4167 2129 3482 4909 3166 2697 4903 2668 844 611 3726 1278 1192 3629 4692 1060 2503 4216 2805 553 24 965 3414 3792 1058 749 3725 972 133 3496 313 763 1525 4033 4358 1307 3402 4232 4959 3375 4512 4562 427 1106 3600 3416 1844 3809 589 4666 4249 4513 1645 1356 4993 2233 4385 1190 2805 3865 1380 2881 4392 2944 4999 2440 3029 2668 4948 4890 1665 3391 2339 4866 3184 4053 3472 3695 4236 4117 2573 700 3236 4167 2982 1808 3912 435 3887 3349 4139 248 893 1179 3236 4338 3749 4343 2041 4580 1606 2440 4045 2328 2054 2964 856 3980 4168 1603 588 1484 2290 2534 3912 864 2314 253 2541 1677 2992 882 4808 450 4091 1081 1934 1439 2260 2362 815 4779 769 1802 1551 1668 1248 1433 4119 2275 379 1409 3062 625 3778 2801 3798 3548 3531 1856 1093 2715 2464 266 4948 3689 59 1949 1234 4714 405 4266 877 1156 4185 1005 4186 3820 2279 2101 1373 4186 2831 3589 2458 3907 1235 3982 3883 4769 558 1224 2520 740 4000 3893 2484 3605 2223 1476 4904 2391 3288 3435
291 4716 4615 3554 4394 2822 2157 4996 2270 2202 3688 540 1757 3997 3438 3281 132 2608 283 4490 1060 4183 4300 4033 4778 121 238 4090 1985 1945 3162 1837 1020 3054 4155 2306 432 2494 145 156 4405 34 3060 4217 4990 172 4444 2724 4968 4066 1474 3906 3300 4213 2617 1381 81 1697 486 2566 527 1309 3721 4556 2074 4141 4369 1361 775 2622 2172 2496 3380 1401 213 4250 4773 48 3300 1787 857 3737 4210 4863 4035 3862 756 2803 3181 2202 1968 4526 1148 4574 199 4667 921 1570 1065 2711 3635 3111 1555 3768 642 4033 675 883 332 1154 2084 2601 1449 3421 829 2561 4606 3102 3545 444 575 4828 4545 855 3806 2739 4912 4382 1250 1874 351 2649 3559 2938 3654 2586 1615 4710 4355 3864 2305 4899 3271 2876 1167 1059 2483 4561 1811 817 3319 142 336 1913 2338 4714 2875 2896 143 1415 4885 1252 813 638 2670 2701 3502 1183 1098 2914 3723 1408 965 3098 2540 3365 1255 3137 3836 2675 3440 3128 3086 2465 142 3129 1721 4848 3389 98 2904 2772 960 381 3305 4489 80 3400 81 3169
1053 3615 1213 217 4471 2058 4410 378 4286 1802 4279 587 2473 4767 3116 769 457 4279 135 4041 2503 4300 2792 1764 2852 1764 2541 4713 3991 3389 1419 4753 3904 4642 4592 1652 2212 941 1874 1688 4701 4775 4286 1185 2582 1676 4026 3696 2027 3788 4083 1134 3241 4873 735 4233 4633 4097 4920 1245 2211 2909 1979 3108 3699 3064 4170 4447 2187 2073 3801 4941 1964 945 77 675 4006 4296 4382 1870 2726 2078 4451 3244 2377 663 2751 3108 145 3459 3047 141 1125 1577 4705 1446 2036 3758 1133 4615 379 3389 4909 4441 1068 2496 3679 2210 1323 3744 4680 1072 567 4573 4672 3365 2571 265 2918 614 4281 3413 4672 3936 2456 1664 3345 3265 1056 240 100 4468 1855 4782 4110 1069 1794 2493 2077 4025 1658 222 2533 1088 1787 2824 3680 2151 4355 4965 3120 1075 4749 753 4494 643 4096 673 2734 4428 1761 4024 1344 3011 1101 1263 1668 3797 4421 3185 2900 3115 3508 2733 4691 3477 2072 2580 1993 2880 1980 128 60 4531 297 4563 1126 4782 4565 334 2768 2984 284 3697 231 4845 1778 3200 206 2484
4598 4607 2930 2316 959 4800 1023 843 1191 3052 1231 3339 3322 367 4405 1089 1883 1302 3890 1330 4216 4033 1764 4131 863 4490 2052 1890 3498 332 1252 4060 4083 3685 3608 4677 4677 525 2090 4989 1823 3773 4478 2786 4847 579 941 3248 2579 2229 3989 921 1202 3454 4110 3114 819 340 4897 4489 4993 4425 2267 3121 1108 1403 181 4744 706 396 1683 4326 1399 4977 672 412 4648 3559 652 963 554 2914 1827 3869 3270 2634 3975 1765 4549 891 704 162 4459 219 2407 2409 1001 240 3539 864 3864 201 3964 252 841 2636 3983 3668 498 160 1267 2365 3242 1124 493 4031 4002 880 2675 3492 1208 4710 1350 1752 1306 3883 2268 1087 4597 3580 2835 3989 1737 2077 3712 2909 1589 4365 3282 2478 2744 570 1468 2217 3221 3791 4894 447 1507 2651 2469 4504 4715 4219 1323 1444 2906 4087 3908 2837 2443 565 2994 4024 4193 148 3781 4849 109 1843 1925 3311 3765 4308 2839 864 1968 831 2384 1145 2613 4759 4004 4810 1188 1625 213 3901 266 3236 4160 2129 2190 3228 4934 4783 2817 223 1568 824
2304 4383 4223 1046 2005 2276 3517 706 501 3628 4283 2123 3557 224 322 1119 3954 3310 2092 662 2805 4778 2852 863 1734 2182 4094 3604 1259 2902 1794 1232 895 3720 3683 4898 17 4083 574 861 1144 1357 2485 2734 1403 4403 4984 3024 4408 489 2275 4873 1148 2573 2569 4482 3549 130 3791 36 742 1309 1794 2459 699 2334 1340 2431 1628 2249 1115 4379 2396 2683 4781 4498 1019 4501 4447 1739 775 4110 1141 3930 4745 2758 1285 4520 4396 3108 4722 1070 4801 2222 2942 1601 4103 1990 3499 571 1478 524 3470 1755 215 4935 3488 3531 2035 4141 4785 4856 217 3285 4686 1866 2538 2199 127 3028 2307 237 4814 4095 848 1914 572 3395 4474 3829 1622 578 635 1187 3126 4781 2051 128 4573 3405 4256 3890 3910 4977 4375 2364 267 1240 798 3109 1286 3554 2055 3563 2395 3936 4078 4709 2757 4055 2834 1275 665 1851 2717 4524 1998 4751 1307 255 3601 2825 3813 3890 3986 390 2391 841 582 4409 721 4301 3684 3693 2351 2730 4289 946 2478 1367 4372 2967 1710 568 3811 4397 1102 1056 3622 2629
3193 4676 3604 1445 440 3138 557 504 487 2314 2845 4256 1924 1366 2393 208 4691 650 1332 860 553 121 1764 4490 2182 1976 459 242 4687 3703 3060 1855 4838 3331 729 2628 2247 4143 584 4232 4905 3451 331 4074 4069 4109 692 615 2866 3337 2046 3353 3443 3134 3292 1093 2164 4984 2446 3609 138 1444 2307 4008 2064 4476 1126 1790 547 1042 4675 1912 2978 988 4495 1945 4174 3276 2643 4350 4776 1722 1472 1785 4387 2294 3433 3438 1992 3179 678 3780 3140 744 1178 3454 1635 1973 364 3282 3924 2543 662 589 2352 3786 2737 1811 1188 2898 4102 538 3504 51 4202 1209 85 4046 4508 2864 1882 1249 1709 2836 4486 2803 4230 3794 2094 2547 4747 770 1226 503 3519 578 2526 732 573 4953 986 3391 3531 4002 2139 1097 3595 2182 4603 2871 1602 948 4535 4902 1457 4162 4817 2803 1825 4619 3861 2767 1511 823 2567 172 3774 2561 4059 412 2838 3673 98 3025 1870 946 2602 1444 4935 1276 2344 3639 2372 402 2470 1104 3280 1974 3686 2974 3452 255 2184 2803 1001 903 3473 641 4314 2169
1880 4481 4994 1805 4391 4681 2609 3195 1967 3506 4284 3987 4527 3498 218 3068 3027 910 3060 620 24 238 2541 2052 4094 459 568 1180 4791 2209 4921 2418 2618 4937 162 679 3583 3227 4458 3432 739 3385 1393 2079 2445 4896 4647 592 4716 1642 1909 3154 1087 1032 206 866 1017 641 3947 4074 1703 236 4176 1209 1499 2625 1722 4648 1710 1943 291 2981 1627 3426 289 2076 3395 4645 3828 1473 4572 768 3629 1325 2768 3073 2851 4390 776 3563 3310 4002 2337 106 4060 1428 435 2495 421 4606 2506 2369 2483 4499 4492 869 3969 2554 4342 1336 4091 2138 3618 589 3647 4450 714 1138 3956 1861 3177 4961 3690 3429 459 4472 3641 4155 2119 2779 4259 116 4621 1894 1722 4518 3439 2357 310 4176 3597 4223 2278 1237 736 3259 4302 4617 3270 564 2270 1837 3792 2360 1166 1263 4571 1353 252 4943 1624 1996 3472 2519 481 43 3125 1121 4382 1184 438 3909 2586 2105 2919 969 4158 2381 2698 3968 4671 4795 3092 4097 1448 1050 2720 4897 1287 4691 1428 3074 2659 3025 3454 2481 1412 1385 2777 4707
4957 2244 2620 3913 4677 1539 2749 2374 190 1844 770 2334 4929 1017 1643 4196 2961 1323 3424 2456 965 4090 4713 1890 3604 242 1180 1239 1617 1108 397 4543 2034 4178 3799 4895 1416 4280 700 912 636 1051 3839 1023 2337 3159 1857 2533 2042 829 1878 2065 484 1091 589 3594 672 3197 4939 1280 3788 1809 1692 1120 2815 4825 2114 1846 4419 2181 4565 4239 3966 3940 2052 3576 4449 668 2836 2156 137 2179 1266 581 1421 3794 656 3358 2129 2232 921 3552 1341 171 2177 4789 1991 1673 186 3117 1099 3547 2022 1801 2623 3589 2874 2544 3049 2012 2540 2442 1204 3139 2146 312 3891 722 3409 3401 4561 2536 3001 1610 426 1352 990 559 2388 1188 1752 2669 2058 2863 752 1707 1078 4629 1371 3533 4675 4779 2559 2651 2092 3309 829 724 71 3427 4778 2945 2998 417 4697 51 1414 1746 2141 4669 2506 4548 3404 4354 2069 4214 4337 1638 3452 775 4585 4949 1389 4433 3392 4484 246 518 2553 198 1103 245 2683 4425 3195 4994 3643 1940 3549 3903 3298 257 3716 4494 627 928 1082 4452 2263 997
2477 3102 4626 754 3739 1322 4098 390 1129 1755 1975 2036 244 4162 4375 3501 3782 4268 3602 1219 3414 1985 3991 3498 1259 4687 4791 1617 1704 1864 302 3908 757 2822 3061 435 3732 2014 4831 2848 4394 1839 703 909 3547 2561 1829 729 2213 3870 4269 340 4569 3542 4205 4413 495 2503 2312 3037 4678 4867 1240 4198 3674 852 2616 104 2320 1729 4813 3944 3463 1599 1819 101 4955 74 3188 4465 1042 819 3907 2524 4215 1910 2923 1524 264 4947 3079 571 3980 1248 1924 3182 1225 3309 3653 1869 3573 3192 2139 3474 4601 3991 4066 900 3388 580 4330 3639 4605 3955 4737 933 1593 2276 910 2035 1625 4501 3558 3264 2457 551 1890 274 4360 359 488 486 3799 1732 4546 1064 371 2760 3071 1988 3158 2215 3963 3864 2370 3053 2998 4024 4217 3367 1331 3290 4482 4615 3054 4295 1042 2296 70 3043 3634 4743 3211 2541 3148 4094 844 523 577 785 241 3154 3414 2811 1154 3963 2427 2814 924 4448 278 994 3258 47 3083 312 2249 1048 1761 1888 1641 4631 4612 288 2262 1638 1028 1572 4559 3575
1576 3540 1099 2493 1663 1080 151 1547 1947 1419 2961 745 61 740 2554 3661 3831 87 3960 2150 3792 1945 3389 332 2902 3703 2209 1108 1864 1763 2591 4474 2011 4701 4438 2821 1297 1553 4785 577 2580 1023 473 2637 1818 3979 412 1080 3436 227 1971 2559 4396 1983 2426 4138 3662 256 1204 3426 2228 4548 741 4453 3676 1407 1436 1069 1882 4423 4529 3930 327 4018 1519 552 2624 2928 1775 975 2278 2034 4745 1004 2295 1163 2567 1648 4619 163 769 4094 436 1787 1611 925 4358 1338 1120 2392 4326 1396 249 1165 2069 2291 760 2731 272 810 3026 991 4574 2121 1646 4166 1914 77 3253 494 2699 2053 3127 4039 2281 3225 2535 906 3741 1994 1000 1689 254 3166 869 4261 756 3728 2594 106 3056 356 4546 2576 2452 4364 1557 2168 1580 2708 18 1091 2005 625 2346 83 1099 3873 3546 1803 768 795 3621 2445 4604 2144 4654 173 3154 3664 4319 3519 4706 4768 2121 882 4173 1827 909 1747 2977 1138 4802 1822 826 1120 494 2258 535 2605 541 2187 1574 547 418 4451 1338 2178 4703 4182
2616 995 3628 874 2125 4280 3050 4238 4262 975 2470 1181 3650 4832 3588 266 4005 4787 3773 3547 1058 3162 1419 1252 1794 3060 4921 397 302 2591 3509 285 3749 205 2314 4042 4557 2647 513 1848 592 3284 4057 3390 2271 4370 2897 4734 2585 2012 1678 3231 4253 2386 3922 3238 62 3077 2919 913 547 923 3525 2399 2207 1155 3209 3465 2780 4212 3506 2438 728 2689 537 2402 4434 2352 4564 1467 468 4780 3567 3114 1133 4486 825 3122 4503 561 338 2878 3679 4855 3582 3822 3048 3711 1374 2941 676 1223 3179 3831 3697 2493 3613 4505 2704 4798 3031 1152 4490 2343 3267 1273 1079 678 455 1831 2257 2528 2379 4804 2594 1302 1027 4292 2205 3069 1334 935 106 3263 4923 238 1373 4782 4949 3215 1858 3548 1547 1377 2593 3250 3049 2081 2978 4898 1007 2051 212 4485 2909 1604 832 1213 4222 602 762 2149 3716 1313 1005 2945 4116 3928 2718 2725 3960 377 3575 3148 4568 1943 1885 1957 3115 1851 149 2736 321 3482 450 3237 3512 3988 1712 885 4361 321 3830 2574 1550 1813 2577 1622 975 1666
3493 1172 2095 3496 3327 3830 1390 1359 908 2986 1105 1938 947 919 413 909 856 1553 970 947 749 1837 4753 4060 1232 1855 2418 4543 3908 4474 285 2426 2765 3958 2272 3978 4882 1484 325 3886 1908 401 4833 4790 3427 1887 2397 2784 2685 3133 1738 537 4327 660 1742 1529 3123 3010 1925 2107 1057 4219 2676 3969 3175 4588 1019 4301 2756 539 673 3437 3486 1063 3399 3154 1339 3284 2919 1604 1859 1460 86 410 4097 2581 3193 3129 2325 2864 1770 2342 582 4249 1469 4478 1360 2388 1577 2034 4294 4711 3820 2925 4723 259 4294 4225 298 3263 3876 905 441 694 226 2910 707 2208 2703 146 1825 4646 4658 3550 570 199 2264 444 190 3563 19 4623 1993 4413 2232 333 2953 1824 4321 2591 4341 4946 1919 3129 2905 828 4686 1431 67 1923 273 923 218 926 3942 2709 2757 4213 2392 1519 2605 4860 4615 809 2521 1221 2322 4028 3959 4006 324 2195 2442 2865 1456 1584 3862 3350 192 2275 829 3880 4495 2790 1257 1218 881 1872 2688 987 1787 1730 217 2632 535 2135 2128 4297 3781 40
3631 3562 3035 488 3480 1874 3600 3344 3606 4337 1384 3353 3825 98 1019 2366 1058 852 34 597 3725 1020 3904 4083 895 4838 2618 2034 757 2011 3749 2765 3273 4349 4398 173 3680 2446 3926 3829 1679 1647 3640 4842 518 1588 3994 39 4226 4067 2753 3389 2082 4479 3282 1508 3097 1446 1051 3482 1096 2715 1438 211 1820 273 3869 4640 515 2278 4831 2423 2086 2389 4968 3289 1744 1049 210 366 3200 3201 1580 2382 612 4751 125 3389 486 4166 4470 498 1097 4025 1532 751 3336 4039 322 2936 3029 3487 1735 4626 632 951 2867 2280 1294 2543 1652 4327 630 3956 960 3982 2231 4163 1427 1575 1657 2096 1433 995 544 2445 1661 2100 2226 2119 2631 4248 3458 1876 517 3581 2716 2521 2523 3110 217 1525 3331 2773 3258 4545 4030 2917 2728 1929 680 2812 3894 443 3941 2023 312 97 4353 592 3798 4648 495 4954 2140 3932 3176 4217 1111 1160 2263 2440 3835 3572 567 1636 4465 3037 1707 2187 2191 3862 249 3105 662 3106 2656 1985 608 3424 1294 2935 1067 4500 4182 1429 4391 627 587 326
1912 2600 218 69 4217 584 1692 4882 144 2299 3928 2869 312 746 1092 3116 1679 4718 159 2544 972 3054 4642 3685 3720 3331 4937 4178 2822 4701 205 3958 4349 612 1745 2789 260 2377 4847 3140 2885 4132 1124 499 1081 595 4703 116 3765 3502 29 3685 1828 578 1922 943 1172 3460 1950 1268 1349 2224 1531 17 1496 4082 1585 616 622 1683 4623 2545 3013 3752 4579 3887 2801 4731 4002 194 2632 2610 4538 3187 2046 2832 1760 638 872 2121 1600 3351 2700 183 4746 3418 524 2275 272 551 1652 2473 2628 4914 3216 4941 4893 226 46 2000 2363 4410 2043 4279 2449 995 3001 996 1997 2084 2048 154 3134 4386 2345 54 542 3104 980 3453 2451 2142 3716 2683 2005 4001 3919 544 1407 4401 4495 2707 3753 1303 295 3926 2190 4971 643 3025 858 3946 3184 2901 3923 1133 1440 2004 3624 4002 2848 4708 2121 4107 1422 1964 4077 1652 3819 4193 1599 1524 2598 3812 3236 4921 325 2403 1452 1263 2586 269 1177 1282 2324 2372 3678 3995 3341 3896 4644 3238 1767 3271 3841 2973 3998 3703 491 4694
637 4394 1417 3863 1437 2805 4568 4872 3426 1846 1721 2186 1369 1738 1915 405 1994 1303 2865 3860 133 4155 4592 3608 3683 729 162 3799 3061 4438 2314 2272 4398 1745 3646 2694 1937 4122 1707 735 2501 3006 653 3738 4611 3361 3672 4280 3671 1209 2570 383 3464 3906 1031 4540 677 856 4594 2658 2069 4860 4017 2784 4900 4272 1580 4850 3415 2167 2007 2993 1212 4423 2736 4559 1522 619 4278 4220 1921 1433 3542 4014 3563 2652 4433 4184 3016 2437 3418 3031 1642 4332 3475 1873 783 657 1071 2205 296 3467 4760 4148 1611 3698 80 3224 2888 2252 2245 4457 3353 1107 3826 4405 509 2053 3316 3784 1995 3388 2834 2581 595 4741 2132 1076 2202 1703 4642 549 3009 4183 4023 2644 1638 3316 4655 4532 3835 4776 589 1894 60 4938 2914 1246 1971 4578 3047 1952 922 519 4739 559 647 2923 160 3719 1536 307 1726 2988 3525 2807 1129 670 1512 3093 3547 4251 3982 827 4227 2353 633 4050 3793 1727 4683 2425 3204 1593 2574 2646 741 4458 3713 4873 48 1364 1232 3366 603 2394 832 442 304 4939
4944 3636 2176 3076 3313 442 4329 4121 2755 2665 4221 2031 1827 2468 2438 1549 3236 4345 3394 564 3496 2306 1652 4677 4898 2628 679 4895 435 2821 4042 3978 173 2789 2694 2861 1059 1855 1429 2231 1019 4535 4876 193 4777 2821 3278 2503 2045 231 2299 4209 4117 4995 4096 4318 3979 2698 4303 2202 4545 4916 1888 4767 3048 1238 3262 2206 951 1412 666 4822 1571 1359 1488 3402 3113 2488 4408 4859 3510 724 2021 283 1807 3800 112 538 645 1763 3283 4191 1976 1973 3841 1726 1331 980 3682 751 1447 809 1558 46 3045 4018 3658 3043 2330 1276 4008 1362 385 3687 4164 3891 1517 2601 182 482 4001 1804 2209 1683 4197 1918 4167 547 340 3815 3260 3047 1765 3861 361 2204 1074 1834 3948 4868 2064 2747 3207 4142 3686 217 1844 4284 1835 3887 4235 53 27 32 4469 2019 4417 422 4679 2209 1401 1589 3773 2008 829 3509 3242 3984 2568 1755 2068 2338 1203 2568 3010 892 2622 2987 394 2184 1624 2178 4928 3646 4298 2133 1390 3290 3889 41 2997 4646 1363 1487 857 3198 876 3207 1529 4425
3498 353 1372 4278 578 2062 3598 4222 322 4876 749 37 1523 4805 4325 735 3548 930 520 4127 313 432 2212 4677 17 2247 3583 1416 3732 1297 4557 4882 3680 260 1937 1059 2239 4509 1098 3658 4933 4456 3587 817 1411 283 158 775 3446 419 1307 512 1889 3084 1024 4492 1885 3407 1560 506 3826 4606 4087 2428 1860 4400 4804 4345 3357 2683 2324 2159 2803 4179 2818 4867 3176 328 1788 2546 1477 1783 704 3489 3507 2229 838 4500 1515 1076 4244 2313 2831 2992 3038 2935 4963 125 700 408 1507 822 4921 4709 2360 1048 3805 2405 692 4797 1908 2698 329 214 2504 4127 2560 2741 4534 754 1000 2310 4791 3860 688 4493 1712 4655 3946 4009 483 3522 362 4619 3023 1663 2000 402 2112 4656 3997 4938 3728 2358 612 2619 3238 1437 537 4726 3371 4428 705 2958 3992 4226 1727 2743 1507 604 2860 3702 3629 4864 691 1100 4596 386 4042 1680 1631 4555 3120 3552 2589 4608 4698 4087 1764 329 4569 3361 740 1531 2940 2088 2542 2433 4050 1545 3243 2998 900 2551 1114 4321 4564 105 1455 4118
3103 600 3701 2859 1702 289 3971 4915 1569 147 1920 2670 998 4912 2693 2324 826 991 2549 2280 763 2494 941 525 4083 4143 3227 4280 2014 1553 2647 1484 2446 2377 4122 1855 4509 1673 1028 662 4301 1787 751 1891 2544 995 4167 1950 4546 1591 2850 2760 903 4419 1331 1664 3784 1467 4073 49 3093 4815 4733 1054 2176 2015 2216 3555 4805 3019 3909 2967 3162 3921 33 2933 4413 3021 837 453 4350 3483 3165 2794 492 3187 4906 625 3609 1655 926 3148 4265 4444 3046 1328 3775 2423 1636 1499 2055 1913 2261 2669 3420 1749 2941 1444 2886 1700 564 4775 2517 252 3586 3624 2592 2738 1434 1826 3462 671 1334 2364 4021 1212 3473 1922 4093 191 651 1985 2867 1735 3809 1732 2455 1367 1100 1092 895 1571 71 4895 1516 2168 320 4024 2467 3725 2429 2011 4659 815 4454 3785 2038 3598 2631 2906 2252 2381 378 2205 946 1648 713 2050 4924 1833 228 3911 691 654 3347 1876 2632 2657 2929 3828 3013 885 829 3518 4989 3511 680 2180 1333 3239 725 1410 3041 2919 325 3285 952 325 4026 1123
1286 2328 2802 1718 4303 1526 797 542 4827 3144 2257 2885 1644 688 2503 1949 4261 3481 2317 3060 1525 145 1874 2090 574 584 4458 700 4831 4785 513 325 3926 4847 1707 1429 1098 1028 2019 822 4845 3144 4678 2719 4804 809 1162 3540 1332 874 4609 3794 4580 4452 1403 230 1104 324 4194 3063 4162 4821 3106 3315 2362 3472 4349 745 3973 4410 1362 2040 4988 320 2820 2756 1243 4883 1140 3598 196 4326 3784 4228 19 953 3419 3058 4683 1853 765 408 368 3440 1515 2193 3896 4892 3188 2520 4631 1694 4829 2857 3264 2152 1302 3565 3454 4678 3466 3828 1650 4840 2433 2498 3020 2833 1546 1198 4699 2163 1644 1498 3941 264 2955 4751 3422 3832 800 1259 4966 104 3447 3002 4741 4200 3207 4470 4026 1544 4240 1046 4560 2877 3823 870 2616 1900 2291 668 4810 2141 548 4858 3715 1508 3303 1831 3531 202 2770 207 3745 4797 1720 2904 1367 899 4079 2304 191 3180 4031 3214 736 2287 1695 86 4052 2674 2070 2287 401 2485 1612 3690 2850 2581 3379 1175 3681 1732 3676 4583 2288 2856 3525 3249
4989 3438 434 1499 2847 4761 2537 481 4559 1144 1845 1537 14 1060 2010 2497 4105 3266 697 4033 4033 156 1688 4989 861 4232 3432 912 2848 577 1848 3886 3829 3140 735 2231 3658 662 822 1233 3088 1917 1026 2338 2525 1202 2214 1080 2297 48 564 2050 3235 2593 2630 4029 1880 3997 4974 3791 2300 4627 3494 4744 441 586 468 1602 4995 4427 4351 2267 1181 3154 812 4168 4973 1917 1689 204 752 4429 2409 109 1407 4817 2828 458 4004 1183 1086 259 2814 2576 1116 1961 3140 2984 4862 1992 2480 4956 2233 3310 2393 906 3399 1082 2846 4105 4120 476 1869 603 1686 1843 4560 1994 3223 3516 2500 3357 4354 2379 2194 4361 1532 1632 1273 1857 619 3663 4284 1520 2904 985 4194 1281 1145 3108 1268 3507 3127 3405 2729 243 3715 1519 2226 129 2358 2118 4923 651 3381 67 1877 4201 2468 3393 4856 3451 875 912 48 2255 630 4567 3308 3726 2022 1376 1777 319 4509 3685 21 1393 1383 1034 1087 960 755 4078 3060 4575 1880 2833 3365 951 4469 2730 1353 1129 4737 2890 4248 3454 775 2275
