N: 250
M: 50
Symmetric: true
Triangle: false
5 152 29 166 88 143
3 181 204 70
6 214 250 126 212 153 136
5 23 57 47 238 105
9 197 28 234 31 76 112 75 222 178
4 231 124 171 172
4 8 73 162 248
5 97 15 213 249 215
3 149 95 122
2 201 144
6 188 131 99 227 119 223
7 36 196 32 190 83 14 51
2 101 247
5 13 61 240 46 237
6 175 192 239 158 156 25
3 118 160 202
3 56 195 229
4 177 89 233 241
6 49 68 219 133 218 6
3 58 220 18
4 54 185 45 26
3 5 180 228
3 102 86 10
3 12 2 24
5 236 1 43 59 63
3 17 193 146
6 170 110 109 127 198 187
5 130 206 96 224 55
6 244 138 90 66 121 135
5 74 62 93 78 48
6 194 217 145 246 41 33
5 182 142 155 117 20
3 129 189 230
8 208 98 3 67 169 116 139 174
4 37 159 164 235
5 34 84 120 16 40
10 82 4 141 27 77 210 225 94 30 72
5 104 173 85 243 151
5 69 168 203 9 52
5 64 7 216 91 179
5 154 113 148 79 242
5 35 245 125 87 65
7 163 176 226 60 115 209 80
11 19 111 103 186 107 200 53 44 114 199 81
3 157 191 137
4 128 165 211 221
4 132 134 150 71
4 184 21 205 38
6 123 207 147 92 167 108
11 100 11 50 161 42 140 39 183 232 106 22
1127 2943 340 2267 2276 3358 967 934 2650 406 3104 2734 3535 2364 4103 1508 970 3918 4193 1227 4218 3573 3618 1096 1487 4740 4557 676 2382 741 3995 479 171 3538 3829 4446 4190 4324 1150 3807 563 2455 1483 3142 3656 1189 734 1565 4674 4628 209 672 1475 2633 300 854 3424 1068 1244 2902 2863 779 3228 4547 1913 3689 2030 317 3971 3100 619 4716 1520 4973 2347 1326 1344 722 3192 1167 4625 2673 830 1830 2827 1315 140 575 2294 4848 1334 566 3364 1164 236 3321 2396 3885 4166 711 2376 1297 3621 1605 3660 801 165 1484 2865 584 456 3963 3765 485 4918 337 3491 271 3084 4433 1669 2857 1920 819 1424 4367 486 4037 1766 2134 2616 4296 860 2085 1170 262 2911 4110 1484 3725 2360 3502 519 2044 4390 452 3250 584 3593 4306 4044 2297 3288 1012 4781 3304 4031 3189 3027 3525 2523 435 1953 1050 4887 4708 4984 57 4576 3873 2987 2196 811 4733 1763 2404 2181 704 636 1369 3578 4961 2334 1666 1333 2398 2432 3302 3455 1983 28 4461 4647 3455 2984 1427 4525 4326 1871 3708 3829 2328 1365 3617 963 4645 1586 1513 3446 2295 937 949 226 614 2400 3188 4785 1647 140 424 59 4255 823 1387 3467 320 665 3423 1500 4770 4666 3315 1983 1602 1185 3291 810 4759 4644 658 2693 2146 4949 1362 2348 3012 541 1432 1864 4062
2943 4727 2846 2483 3329 4743 3187 1403 3349 630 508 3017 3219 612 782 3467 4088 269 3640 4973 1942 2239 1409 318 975 3227 1490 4792 1745 3402 583 1634 63 428 1458 1129 4820 1112 4461 888 707 4226 4859 514 1387 940 1132 3924 1580 4197 3696 3005 232 4759 631 3979 992 1417 4741 2721 4556 2313 4521 2342 4893 3743 3218 1651 2751 1577 469 568 364 1848 1292 2198 3534 1491 4098 2334 4625 1766 657 2275 347 2308 4283 2943 971 932 2755 1874 778 1868 3435 39 100 3990 3549 1490 4037 1760 4546 270 4905 3965 4333 423 3268 4134 4638 1248 1104 2172 3506 4004 3580 166 4845 2141 3687 1455 4239 223 4435 890 2372 2052 2552 1203 208 1423 4825 4445 2593 4311 3395 668 4198 4589 651 3063 4631 1593 2986 3978 2478 158 2490 3558 3383 1996 781 16 1075 1074 3078 4793 1884 4865 3153 744 4934 2917 3534 2471 4534 1027 1917 4794 809 1076 2273 3672 2971 286 4257 1641 4106 133 3626 1636 582 4919 849 2713 4376 4328 1833 4993 3219 4356 2983 3268 3754 4313 2363 2803 4302 1076 4784 4632 261 359 4196 4334 3894 1682 2925 244 2764 20 4076 2461 3020 1633 3267 1973 982 4792 4274 1890 3983 4702 2034 609 1429 1809 604 3334 3982 84 361 1494 1507 1909 3523 2721 679 490 3720 2793 1498 824 4814 1478 340 728 3598 1168
340 2846 2012 4086 396 3246 1836 3494 370 957 857 3787 4930 1085 961 2133 1882 3659 14 539 4189 14 831 767 1426 231 3990 4049 4737 2196 1511 940 2962 224 3632 3650 2214 4483 2807 4373 2037 1306 2428 1157 3018 4349 1486 1757 1026 958 1038 839 3140 4960 527 2382 4950 4402 943 3259 3648 2673 4891 4765 4471 2750 4959 4225 375 2349 1049 2918 811 3792 4694 3558 173 4955 2041 368 3291 1153 568 2669 4007 1761 1344 4939 2620 461 1236 2027 1556 369 4122 4455 1309 1053 1866 4507 328 1118 4982 4743 1911 2680 1986 2227 4697 3339 2755 977 1579 4977 734 4027 2275 2702 2144 1003 870 4002 3020 3567 3743 2385 3083 2024 3831 119 3151 3261 275 2458 1735 2655 2998 4623 1545 4009 320 1739 1132 1970 1073 192 1158 3336 4141 3598 4931 2231 1404 3066 371 1710 2721 3140 523 957 1229 4282 4178 760 724 2659 990 3088 4029 3400 1768 2343 2945 3611 1100 2476 1093 3456 3990 4541 2610 4535 1579 4860 499 166 2257 955 1221 2953 1496 2168 3283 3385 3563 3487 2819 1710 380 1842 4483 2583 773 1864 1845 684 1693 894 4695 219 270 3637 4700 1119 1933 473 1857 66 3593 2002 844 3653 1514 926 2962 2512 2566 4206 4588 878 3981 3159 1672 572 3938 1590 2059 698 1937 3487 2305 4714 3802 1177 3246 2281 2090 824 2491 3525
2267 2483 4086 4914 1325 3202 1769 3917 3639 414 4766 4188 2470 4425 1130 1615 3194 4137 4780 4658 791 3693 4437 226 4667 685 3941 4931 4952 3607 3459 4037 1619 3743 2212 4166 4261 1190 3818 4744 2183 3717 4809 955 3360 702 4251 2938 4009 1559 4522 1554 46 1084 2911 1680 2344 2607 946 3479 2329 4584 3911 3328 3277 382 3880 4466 715 4758 3805 3954 1231 609 4303 2093 1436 268 2627 4839 2123 1992 4390 3008 791 533 2041 89 1512 2558 2621 4812 4186 2504 1369 905 2098 3374 525 4286 2907 4943 524 3162 1530 4126 2614 3847 3544 313 3003 3132 2849 2202 2264 3069 4035 4719 4582 3627 169 4536 4546 3489 3044 1619 2800 2636 2085 4381 1485 1752 2797 3546 2898 4436 1814 1567 1245 1588 1602 2458 1683 3872 2544 4402 2760 3899 2245 2418 4251 1082 301 492 2766 4692 3700 4266 4623 3353 4525 4369 3553 1661 1963 1132 4136 2376 3495 1995 1132 3535 2390 2671 2331 1018 951 2585 1637 2671 1207 4077 913 3237 836 1552 171 4888 2693 3300 1009 454 1691 4465 2577 4738 658 1358 1536 4011 3204 2266 957 1191 3847 1192 2383 2989 1998 62 4754 797 2702 3716 914 4089 1110 1886 4862 1061 370 2342 2049 3720 743 2553 1701 428 3983 2764 3655 2318 4180 2502 2306 3496 944 3673 2941 2344 1130 3756 1625 4175 2217 1365 310 2768 968 3868
2276 3329 396 1325 2802 3997 4480 4394 272 1860 4332 201 3832 4851 3410 82 4541 3901 2051 4899 4998 25 4050 1529 4955 3605 667 1112 3787 4198 1676 1358 1406 2952 3141 3248 4876 412 4784 1821 2908 4075 4182 749 4173 4719 91 4602 2688 1745 1583 2210 4490 3953 1286 2089 4009 2974 383 232 1825 4778 4950 781 3637 3912 539 27 3612 2462 1411 4405 1730 2365 800 679 430 1689 1523 2725 4306 3618 4998 3640 1259 4857 4946 3874 4528 2673 805 2915 4631 3722 3306 3297 4807 2479 752 2628 3471 2350 828 284 1904 1439 4116 3039 3335 4442 2703 1634 4479 4391 2489 1971 1189 1572 2657 1710 1608 3777 311 2928 2584 3683 3610 2316 53 1857 1229 1287 990 1092 4131 168 4205 701 1534 665 2451 1565 2146 4684 2460 2912 2231 4133 3987 2959 3602 2137 3064 4142 4081 3639 4566 4349 1151 3505 4677 29 2621 4445 1280 4132 3391 3730 1189 747 4061 1592 2128 1578 1640 964 1807 2373 3535 975 587 1348 1476 1272 1055 934 420 1272 1112 321 1776 3558 1967 1502 3089 2488 2207 450 2694 2761 4860 4726 1234 4350 2822 1184 1454 4134 2839 2472 1907 2535 4902 4717 4021 3255 350 4637 2431 190 3843 2723 613 4198 3071 3878 1148 4353 2471 2960 2943 721 2300 4763 3017 3380 4022 1991 2624 2642 1215 2319 1160 1505 3139 1968 681 3188 187 3081
3358 4743 3246 3202 3997 2291 848 2829 3388 3771 613 1432 4567 4775 738 1385 3606 3422 4028 3480 4743 4573 2112 4918 2300 2488 2743 3046 2480 2985 1133 99 2086 3090 2728 1589 1688 3414 4811 4894 904 175 205 4011 514 4425 1677 613 491 2986 493 4615 1981 2558 4588 3028 4986 4303 2565 3540 2271 3982 3573 2806 2164 878 2294 4841 4479 1387 3008 4561 488 2081 4035 4686 3692 1932 4143 3029 2808 134 4669 274 4686 3432 4272 4148 2972 3314 4849 3199 2978 1597 3625 2050 4930 1420 2331 756 1095 570 4841 3475 4792 4043 2769 518 120 1884 323 3598 899 4326 4826 2093 507 3589 4250 1509 4347 56 4401 110 185 2783 4442 3893 3405 3807 2090 655 4609 4696 3288 4757 4995 353 2174 4609 4335 2717 3649 4836 2306 4990 2678 4705 4607 2523 1737 3488 621 3405 4480 1201 2382 2505 368 1097 1663 352 2700 4195 2184 4623 3783 582 1935 1501 2495 2417 3272 1459 2357 4275 2988 3689 1907 570 1196 2722 3887 635 859 3568 3797 844 1259 1902 3961 2438 2682 2150 278 1995 3398 2387 3964 635 3710 2298 1421 4594 3057 1378 4309 2141 889 808 497 289 1326 41 2479 2349 3849 3240 4680 1879 154 3448 1578 4801 1358 2189 3621 2673 3000 2937 1162 4212 3015 3414 1389 46 4075 2558 2338 1635 2834 226 4972 2355 2503 2363 4515 3746 2883 2431
967 3187 1836 1769 4480 848 2205 3189 201 3983 701 4256 2696 1276 4574 221 3570 916 2054 1494 4935 2244 2522 4270 4218 3386 4426 3282 3126 497 2796 4071 4993 1673 46 4035 4344 113 4388 1596 4593 2698 579 3488 1454 4777 4563 3594 1177 4288 4854 3705 4590 2724 4136 1019 307 2720 4911 4557 4104 4130 154 4729 2253 1964 4669 1060 4709 2126 1316 4155 3765 1697 2734 753 2787 3134 4345 1426 2829 1745 813 1141 896 4787 3164 1526 3963 2514 1799 4861 1211 3140 252 558 2690 2556 4691 2177 1981 3146 3549 3342 3608 1250 1387 3586 1606 2136 1165 4306 3890 966 1426 4064 2877 2782 2284 1241 884 4575 3047 3567 3395 2003 2114 1791 79 4753 2128 4197 1170 1728 3113 2164 183 1941 3912 3963 858 3115 4702 3981 1596 358 1906 1426 2904 63 4071 2463 4758 2473 4047 3972 2826 3315 1054 4375 2648 4788 157 1796 1658 1853 3857 837 3958 3802 1305 164 480 2840 1682 577 560 2293 37 881 2437 1880 481 1158 2397 50 2757 2537 930 3026 3068 2607 485 1051 2458 903 3651 4728 4003 548 4618 4747 1412 704 851 2472 3574 4625 1414 4923 3367 3187 788 2898 2918 1641 815 3134 2638 3790 1997 4049 1577 2744 2532 1921 826 1427 4796 3434 1117 4351 3274 1121 1011 3535 830 2380 4890 2461 2466 445 2181 3546 1639 1521 1975 1822 699 3405
934 1403 3494 3917 4394 2829 3189 1163 3726 4134 1322 4193 4808 4761 248 2375 2360 1930 3283 1965 1814 2324 3224 4180 1959 2621 2547 277 780 4635 3772 519 1727 833 3689 4252 3693 2960 888 441 3038 1977 1733 4818 416 1384 3754 1420 759 1746 1342 1222 450 1374 2619 2729 3430 30 2210 3541 462 904 591 3165 93 2918 2067 2909 3993 2424 4512 3754 2675 296 2697 3214 2351 2193 334 4968 4364 1971 1639 565 4086 3853 4759 4467 3438 2347 3934 4766 243 4214 3079 3036 2710 2869 2350 2781 2859 4584 3005 1729 1676 4890 4360 1584 4199 4881 1085 677 3112 2251 2910 4685 200 2551 4924 730 3049 364 4387 4425 1092 2506 3373 2925 1328 805 2478 425 3550 4658 3211 4541 3590 4722 666 4755 3627 3072 4627 3645 4034 4603 1882 4287 4972 977 546 1942 3430 1177 1123 4741 1807 2633 958 3139 1650 1011 4297 1076 4318 4978 3785 1455 1877 2471 355 4020 1530 3942 181 4633 78 3398 3606 4294 1550 1419 745 192 202 2537 2011 1180 4748 4716 2933 2506 49 341 3947 2345 585 2305 2510 3785 4247 3892 3013 2549 1662 4238 299 2943 1374 3959 177 1097 1807 2388 1606 1348 1727 4391 485 4513 4321 3957 3181 635 4466 1668 879 291 3720 1420 57 1244 3535 165 1776 3203 368 4905 944 2814 2726 906 2328 3411 823 1691 2400 750 1517 4217
2650 3349 370 3639 272 3388 201 3726 3291 4738 2167 3047 3099 4916 2365 2929 4207 460 3731 1857 1604 1744 2722 3270 1818 4008 3255 107 2135 2445 1218 1411 4046 569 4105 500 2790 4868 4709 2724 295 4869 1115 4297 780 1292 327 4243 4423 3057 2116 4998 1633 3796 1590 1468 3791 1387 107 3550 4891 174 2507 857 4901 4925 1504 382 1418 3533 3693 622 3175 1979 4047 1902 4243 2407 4872 1564 2696 3878 4360 3298 1604 2237 1587 1915 4687 2835 668 145 2798 4034 762 927 1832 842 1606 3499 434 2072 3743 2647 2957 1543 4571 2188 3810 1078 1036 1254 4131 633 1129 1350 218 697 1873 233 2613 1942 2434 4428 1127 2828 4435 1148 4098 4452 4425 756 2942 4178 3679 1748 3069 3756 493 1420 2248 2500 1972 4074 1375 4035 4869 2653 3658 4823 3373 3380 4126 4737 466 3269 2012 1865 2070 3734 3560 1531 4055 3152 4902 2794 2196 4787 972 1685 2598 1268 4237 848 3427 418 92 4401 3890 1603 2372 2137 4824 4842 1730 4487 2797 3150 4908 3517 4038 1799 4961 402 2449 2080 595 2433 513 188 2110 720 3196 2807 1425 2270 492 297 3093 2877 181 2457 3290 3301 2197 3753 4633 3265 2611 3512 2535 499 4723 4421 990 3500 2766 3026 2972 3830 2523 1430 4489 2569 1466 549 1238 4557 811 2747 2912 3543 4492 1516 3682 1482 3882 3467 4842 1431
406 630 957 414 1860 3771 3983 4134 4738 3049 2444 138 4180 4103 3548 4684 3341 4893 181 1305 1235 3515 528 4489 1061 1887 4077 3233 4123 4715 201 1499 3449 3027 2550 1849 4585 1007 3493 1690 1667 2921 1190 479 4166 2377 4775 2361 3437 3032 4576 1586 821 4311 2725 3389 2745 2682 1782 4891 1408 4870 3047 4723 4077 1688 3461 4384 1844 4896 1722 4269 926 3938 1254 1150 4174 988 185 3619 2658 1071 4613 692 408 3819 2289 2445 2427 4170 4249 2104 1421 4751 3366 2927 1486 963 568 1585 1093 2061 3464 197 3824 3366 2405 3549 3792 1664 4785 2958 980 3379 3553 1773 305 1442 2086 1880 3640 3923 2570 3693 829 831 3312 175 2208 2150 4376 165 2058 3357 4001 4772 1909 2128 2992 4475 4541 3302 3358 4062 3955 1505 2452 4402 269 1203 3261 1006 1106 910 4772 1357 1395 3889 1921 1656 4294 635 2946 2042 4590 4222 1318 4818 1597 4705 2087 2229 4993 876 1643 851 1883 3768 3934 829 2854 742 3236 155 2542 1712 468 1798 4373 2561 2769 3528 3432 4186 588 1670 4020 1295 4401 1152 1867 483 2694 807 4502 1178 4822 2422 4122 385 3603 950 1270 146 1142 2527 1013 3408 4439 498 967 289 3630 358 4938 1815 3065 2587 2968 3494 4105 3736 1729 1702 1663 1709 3767 3636 906 2150 4186 1612 4867 1648 1840 3167 4044 4212 1761 2583
3104 508 857 4766 4332 613 701 1322 2167 2444 3980 4191 3265 983 2391 4622 2063 3848 3774 2037 4142 1798 3730 3769 1395 3928 3366 3477 3896 1764 2966 3322 1929 3698 3931 4149 256 3602 708 919 246 2291 2891 508 790 1568 3333 3178 305 563 3893 1106 2451 2916 4079 1420 963 4363 2625 263 2294 2950 4222 2116 2604 4726 1305 1906 4019 2662 1050 3005 1164 2654 3052 3091 78 1840 2335 3630 4477 2557 586 1115 938 1491 335 1289 33 1650 2385 2176 4076 698 2635 604 976 4207 913 606 2230 4128 2934 2986 2900 4272 1325 3968 1868 710 4702 3587 912 750 2190 3758 4835 1848 2947 996 1120 3218 2807 1223 2869 1359 2357 2440 4258 198 4234 4362 4922 2524 632 729 4516 4563 348 128 2197 3763 199 623 3314 2341 3142 108 1393 1171 1915 4388 1447 1601 1974 2703 2066 2973 1794 153 4879 1966 4229 3051 3882 1193 1361 3278 1226 2067 772 3230 1602 3635 608 2829 838 4649 3622 1806 2962 1427 2711 2528 1717 2816 3296 385 4723 4803 45 1472 1788 1270 2941 4308 846 2565 2301 2717 1233 1507 1861 3947 1157 265 4203 1214 165 189 2220 233 913 2648 1773 311 432 2287 1104 4512 2979 4978 2745 3818 1670 2734 91 3691 1622 1128 1393 4589 3521 499 4093 2634 4343 1029 151 503 3598 4371 2576 1807 2259 1341 1689 2490 4789 2967
2734 3017 3787 4188 201 1432 4256 4193 3047 138 4191 3206 338 816 2661 2731 1484 922 4381 3204 2053 3955 3168 674 4168 2017 1331 2054 3744 288 4638 2327 1865 2908 2916 4473 1859 3654 4319 163 2477 2692 4935 2386 30 4789 3267 4454 3084 1346 1291 1281 3974 851 4455 4087 2504 224 297 1429 2179 1569 212 1792 1045 2786 2425 697 4978 4329 4426 1598 1840 2066 1660 2480 4718 1394 32 742 2125 4969 513 1279 546 896 4754 1914 818 2495 3572 3703 1365 3711 4662 2930 3384 1607 3939 1472 224 496 2082 3002 4458 841 4505 4982 2340 1178 3987 64 3091 4336 4622 1105 3202 1865 2839 1707 4795 753 2020 3753 2934 2581 3253 356 4124 1669 3841 681 2272 677 728 1121 2485 1827 3416 2736 4221 1224 2424 2088 119 1148 2686 1928 4920 2279 494 2876 2877 2841 3009 3452 4134 2208 2288 2782 2967 4368 3905 1054 4853 188 102 4994 2648 2206 4514 4439 521 3695 4346 313 3739 3096 1513 436 2646 1735 2302 682 128 1532 371 296 810 252 4006 4451 3516 1208 2284 3671 3659 384 1799 2483 769 2143 3202 2654 4724 4517 4949 1551 3296 1154 4216 3904 1806 1416 3687 2081 1347 4745 4195 4172 2666 3005 517 4708 2815 18 4464 3403 858 2487 4179 3801 4361 470 658 4067 1140 1831 176 1485 2736 1853 2192 3264 571 4444 2458 190 2181 175
3535 3219 4930 2470 3832 4567 2696 4808 3099 4180 3265 338 2269 3018 2823 3839 2803 326 1414 2049 827 4415 1862 4989 198 3681 4973 919 4043 1366 4129 180 427 1061 2596 1241 72 4443 2044 3543 4721 4343 2327 1591 218 2909 670 948 1168 630 4204 232 3569 4786 1489 1374 3534 453 2708 2643 1275 3669 1170 1196 1650 1744 2119 4152 3022 4382 2920 1732 4051 1130 4828 1917 1088 4441 1648 4295 753 1045 3697 4021 3453 819 2026 4664 1984 4121 2830 4931 3595 3935 1374 3685 4199 766 4028 869 2670 3421 543 2153 3427 1176 662 1314 3013 1381 3877 446 4313 1182 1167 3584 3655 4389 3705 2023 1276 3095 727 149 4169 2263 4128 3765 4936 1250 3100 1714 2159 1868 3619 4804 367 1482 2445 4362 4715 1993 3776 3298 1827 2766 1627 1709 1838 2208 1659 1391 291 456 2827 4077 3634 4340 1655 3799 3121 3240 2748 488 1357 2990 3141 3313 2425 3763 4925 76 4707 2282 926 3110 2242 1928 3977 2118 2414 714 4297 1706 2576 898 3468 2477 3258 3353 3782 1631 436 4753 1291 2073 3770 4555 3746 1661 1766 1249 1618 1163 4087 3949 2360 3031 2945 2441 758 4531 4162 2593 4817 102 1188 1486 794 1387 2276 2358 1135 583 2815 1915 1554 3689 4109 2389 2946 3667 4839 401 1716 3604 1913 3334 2267 2661 1018 2375 3922 2199 3393 2414 217 2934 1675 2252
2364 612 1085 4425 4851 4775 1276 4761 4916 4103 983 816 3018 299 360 2520 3171 4637 1238 4258 625 4294 4839 31 3491 3473 289 1241 2418 361 589 1889 937 2828 1202 2578 1299 1069 4854 2352 3482 3285 4526 2545 2899 3879 1388 2558 3932 3072 854 3457 3283 4428 87 4591 3007 918 957 3793 1657 919 4583 569 4776 2582 3056 4426 4395 2141 621 4630 1945 703 726 2506 2868 951 636 1542 3230 1839 1293 2383 1820 4840 4438 804 4818 3127 3253 3233 2073 1208 4997 1470 3201 2963 4980 1085 1438 3906 3122 1624 1562 461 2103 2578 3764 1216 972 2953 3000 757 4254 3921 2771 3094 2602 2505 3270 1651 193 3082 797 2605 140 3336 1746 857 3255 3225 3991 2518 4388 139 3943 2564 4425 2353 2594 1414 240 4652 2680 1045 3516 1923 1154 1784 3666 2977 4936 994 2519 2928 3125 182 143 1776 3876 2824 2324 4408 254 219 2281 211 2022 3294 360 2910 46 2888 4386 2440 1346 1813 1091 2541 1721 4674 3022 2126 2523 1821 3358 1558 2047 1708 2130 3420 3279 3652 3077 2465 1685 67 3153 2156 3016 3590 4239 4376 1524 4295 4266 1263 3860 3378 4407 4441 473 3673 1628 1091 4458 1249 3247 1670 4837 2543 217 471 2602 1503 4940 1093 3127 1345 1402 4484 679 4338 3801 4789 4746 4895 1582 1134 1818 4256 1160 882 4884 233 2557 2479 221 4014
4103 782 961 1130 3410 738 4574 248 2365 3548 2391 2661 2823 360 2104 1986 3330 326 2761 1625 4525 2271 1753 2980 4539 4631 1132 67 4125 1267 1546 2658 3123 4585 4712 3800 3238 1492 997 3235 1652 608 4213 583 4823 4008 3836 4499 242 1080 2460 1508 3932 677 1341 4548 2864 4216 2297 1515 3842 3535 1290 2593 3127 1726 4718 3101 2794 4694 4939 3880 2167 1161 1614 2337 4856 1733 2148 812 4495 4248 942 4135 2734 4395 180 2730 4797 3454 332 1932 3669 197 1580 3365 2692 2746 3185 1353 1364 2627 4952 1075 1936 67 3655 3878 1404 505 323 2237 1633 2175 2390 1777 349 3637 1265 154 4941 1364 520 2316 998 219 1931 3403 2069 1152 2037 3400 2136 2159 273 1701 3777 1248 3501 742 4539 2962 4077 3484 3206 2686 1227 3422 3258 1637 1540 113 4712 4157 2295 1671 221 581 4992 2036 262 1524 3760 2104 4570 2812 527 900 2135 4989 1323 2470 4124 1150 1755 403 1265 1853 2837 4827 487 1149 1300 2505 3273 909 1707 2719 3073 4071 10 4797 4362 2100 4134 4000 1544 4470 2650 3853 3525 1036 4245 1192 708 3089 2836 1636 2579 564 2928 2409 2798 2041 3014 4946 103 507 180 2022 2895 3801 4756 1509 4608 3403 1645 1096 1013 3483 3821 2284 993 3864 175 2329 2828 4711 1841 3873 1960 3860 1392 3642 3148 94 3268 4439 642 4642
1508 3467 2133 1615 82 1385 221 2375 2929 4684 4622 2731 3839 2520 1986 2031 2861 46 919 3786 3582 436 924 1987 4790 605 2863 2211 4399 4837 1589 3722 145 3198 2648 1502 4438 964 692 4890 2177 4872 3876 123 3687 1453 3637 1404 2618 2456 2416 1553 3161 3809 640 3861 1052 2169 4388 3707 4906 4503 4825 2236 2465 4856 3503 3218 928 4533 3809 2725 1418 3240 3898 963 4466 2319 2720 1277 386 2001 371 1458 1590 978 4546 4662 1140 929 2016 2729 4218 3549 2088 130 3586 2885 3138 4788 4217 3298 2287 3275 3120 3755 2342 4258 1121 2419 1733 1778 2793 3182 1929 2544 3408 2143 3191 364 2620 3353 2763 3478 3800 4743 4242 2583 1750 4033 561 2746 3911 3432 2694 3397 4431 2876 702 2220 2033 2972 4249 2975 946 347 2790 328 4424 130 3461 2903 3536 602 3886 2259 2676 868 1727 1516 2461 1710 3773 3373 4003 3281 3626 4212 595 2706 4323 1115 1882 4707 4346 1964 1241 526 1216 1196 2439 931 2825 1027 4479 2001 2732 2362 4826 3774 1208 3317 287 2028 1028 3275 1010 4222 3740 3830 1849 907 1768 63 2289 355 586 645 3253 3539 874 1409 3247 4300 764 2044 2448 147 2577 2765 1500 4298 4297 3989 890 157 891 2418 4460 2520 663 3473 317 176 4724 439 1094 2853 1015 2114 3394 2148 1468 2126 620 1465 1072 4422 508 3680
970 4088 1882 3194 4541 3606 3570 2360 4207 3341 2063 1484 2803 3171 3330 2861 3277 1226 3731 4570 1655 545 3089 4534 4869 3607 2330 1204 3772 2485 4454 4011 1611 4550 2085 2843 3070 2859 4680 3596 4044 4303 4693 4126 3660 1408 4499 2347 2851 3382 774 564 1325 2386 861 4325 4312 451 2554 2015 3754 4163 1978 2441 4140 1364 3387 4394 2338 3597 4190 3596 1875 1698 4030 2843 1419 1359 4902 1946 606 1207 4813 290 1954 352 1937 2422 1787 3991 1474 150 4821 2618 952 3701 3858 2202 671 1177 4345 495 1162 361 2949 4384 924 4345 70 4548 4088 478 1423 78 2960 1737 1181 1411 1389 3752 3242 4388 2165 4258 4813 4809 1925 1810 3461 1227 3395 3795 2987 3818 57 3603 1581 2244 4123 2445 2672 4604 3186 2281 3154 2524 3964 1148 2500 4695 4648 4125 2451 3621 481 4446 604 1934 216 2572 656 3694 3349 484 4523 637 440 4884 2414 3053 2046 2511 3737 2694 2597 1150 3225 2020 691 1100 4224 1973 4595 3833 3111 2254 1428 3864 3570 1406 398 1976 3998 1186 1357 2649 851 802 1636 569 1982 3027 1879 4266 4427 3919 234 1795 2493 3298 3358 676 4159 1891 701 1798 319 1724 1885 2353 255 1317 935 2943 3473 3498 959 4005 225 1570 2203 3161 2032 3678 355 355 1692 2030 1430 52 3972 4177 786 4167 135 384 3970 4994 2877 3963
3918 269 3659 4137 3901 3422 916 1930 460 4893 3848 922 326 4637 326 46 1226 3071 4661 214 2170 4566 1311 226 4879 2682 4342 4343 4766 3570 2375 1563 1960 2581 2966 3374 4993 4222 3303 113 2497 1784 2882 2019 2488 2314 1111 977 709 3413 1592 4772 432 915 2551 2857 4992 179 4686 344 3859 3201 2002 1761 3579 542 2683 843 862 3075 4970 2101 4639 2521 507 727 2948 1530 1294 1281 756 1295 4122 524 74 2993 209 2045 2368 517 2864 3508 2839 4289 4803 3257 2510 4486 4037 2205 21 2140 4754 2849 1018 3613 3513 3733 4731 78 2527 4523 3635 1964 3004 1297 2274 2616 526 3721 3129 750 2112 2938 1389 2357 4683 848 2046 2504 1933 4748 4822 3356 4746 4946 2457 1877 1943 2006 1564 4729 2069 844 3634 4452 4954 3917 2016 1250 1262 2734 3917 2270 4547 4398 3874 3561 379 2461 2886 1439 1935 958 2006 1225 4942 451 4739 3460 814 2158 2248 490 736 2919 265 4081 4091 2900 4447 1093 763 2415 2168 3330 3890 3460 283 1995 3601 2751 3437 3252 3254 4284 1131 3777 2015 15 4858 1795 594 2036 160 2892 2838 1461 3535 3318 4009 3443 1317 4724 3679 2943 4155 3619 4343 3358 2790 1523 3005 1693 3136 1842 2217 874 2058 1018 3722 4353 3107 3501 3663 1790 830 2505 4552 806 4224 4672 1180 3007 2741 891 2280 3446 3399 4422
4193 3640 14 4780 2051 4028 2054 3283 3731 181 3774 4381 1414 1238 2761 919 3731 4661 253 752 1533 1655 4566 4602 2850 2422 4761 2580 2068 3582 3865 3323 353 2455 3530 1354 2952 2118 1454 3246 1026 2312 4683 4980 3774 4173 14 1932 2534 3083 2086 1547 2544 2655 1986 109 3730 304 2464 945 677 484 4187 4100 645 1427 1570 1209 4513 4967 4362 4941 3752 781 3566 1249 3026 3234 1311 90 4407 3522 2538 4832 4356 4143 1483 1028 4524 4119 4908 4348 1789 3043 2551 3220 2681 888 1020 4360 2335 2788 3539 1990 4367 1653 3328 2026 1574 3264 3143 2470 1267 4695 3643 3344 2758 33 2871 532 4345 2608 4735 1559 15 2452 4699 2640 2214 3106 124 1645 238 3177 1466 208 1669 1517 4185 4228 4548 3425 3501 3827 2240 2659 2798 924 197 2343 3215 4828 4114 279 2242 4216 444 4109 2369 4963 1058 4516 4724 4976 1420 4258 2573 2284 4835 502 4634 387 3975 1644 2882 4013 3892 3029 1577 3765 1651 601 3873 1227 4473 2427 2144 1453 3837 4192 1282 2457 4936 4330 4480 3626 4721 259 1232 1823 1801 2736 4070 813 3872 2017 636 463 4284 1158 1179 22 1585 3188 308 3587 1787 3770 1512 4638 2217 2747 3481 3279 1352 3150 4914 4225 2881 2597 3701 1080 2809 3517 3627 910 679 2028 1345 3591 2974 3279 2073 3221 1487 148 4938 1919 3999 2147
1227 4973 539 4658 4899 3480 1494 1965 1857 1305 2037 3204 2049 4258 1625 3786 4570 214 752 967 3314 3848 457 3573 4830 2933 4076 2825 4880 372 3129 226 95 1505 3930 1422 2266 1097 2134 1265 2171 2851 2529 3900 1073 2306 4767 509 1327 2386 4084 4077 4861 2027 2342 906 134 2689 1412 1844 1019 1855 1379 2207 4105 1078 3871 4276 1300 2468 616 1250 4317 1293 14 2261 1336 864 3573 254 4752 4527 2671 33 2555 3850 300 220 4880 1489 4902 3857 2612 2892 1110 2590 4695 1876 1231 1977 994 1072 3177 2232 3335 1458 761 2383 79 71 664 4221 4598 632 3647 2573 2409 2383 3899 4892 4728 146 319 1344 2911 2025 3397 1983 914 4890 2941 4312 249 1628 2888 15 4235 884 4669 81 3211 1669 2580 4461 1923 693 2047 293 318 1656 3754 638 2789 2787 2480 470 2990 1212 2906 2392 3668 1534 3786 3884 4060 1689 4015 162 4784 3057 174 635 1658 2842 2587 4079 4229 4838 644 365 4272 4187 958 2488 2217 1639 1075 2818 4348 4338 2782 4997 791 3678 2092 3351 4441 1626 4212 1234 3226 4198 1465 1758 3763 3367 2472 1594 174 3025 4560 3558 4299 3824 1272 251 1561 660 3031 2713 3390 1985 1967 111 3017 3771 2557 953 1928 2113 4091 659 1672 102 3423 139 1120 1375 2887 4231 1334 4286 24 2675 2642 1115 3955 1704 3630 3758
4218 1942 4189 791 4998 4743 4935 1814 1604 1235 4142 2053 827 625 4525 3582 1655 2170 1533 3314 3790 4793 1217 3486 3639 299 3390 2621 2892 2611 2628 760 3062 4829 2651 1264 1716 123 3397 1665 1185 2131 1319 650 3929 2965 2908 4202 3046 4730 1041 1593 3158 4972 2262 2332 1769 2378 211 1793 924 4589 2115 2832 3480 4811 4491 2004 2203 2664 3575 90 1796 3904 3011 3870 4677 2400 4591 2349 2618 1228 2869 3400 2184 279 3901 1500 3085 4712 128 4355 3352 4242 159 2841 283 1970 1461 2529 3319 1650 3087 111 4182 4946 3550 1408 4483 2999 4788 4856 3817 2549 724 2434 3600 475 4582 1141 3394 838 2260 2270 1531 4179 853 2274 2342 2287 28 3606 4527 788 3651 4137 2709 249 398 746 3211 3143 4135 1418 4198 4619 2065 4863 3886 3759 1279 333 1197 393 159 4427 3574 1940 2079 4500 4640 3381 3880 2117 626 1126 3838 3019 2460 2879 4975 1046 1893 2159 99 525 1910 2602 3955 2582 674 1208 1393 4481 482 1505 1078 4501 820 4093 2667 3810 2505 1959 885 4630 3805 1144 825 2593 3478 1187 508 4265 2418 3585 1202 1778 3295 772 4139 4858 1811 2205 1654 2694 2979 969 2447 2973 1615 532 615 2978 1028 514 913 3434 3115 3442 1091 2277 1332 1455 1844 2252 3274 3208 4478 680 2664 1765 1591 3948 980 156 2856 1642 2004 2244
3573 2239 14 3693 25 4573 2244 2324 1744 3515 1798 3955 4415 4294 2271 436 545 4566 1655 3848 4793 1075 759 4038 3732 4922 2866 1038 4311 4889 1352 4792 4713 2407 3524 2728 4133 4514 4621 2958 1433 498 989 280 397 4401 2548 245 1882 1641 2158 897 16 3897 3698 780 3572 2277 2378 3851 1446 4150 628 2029 3793 2510 425 1930 4387 1659 172 2537 4335 4035 4346 3031 1036 905 1153 284 2551 4821 4465 369 2012 3578 2724 4692 3033 3747 3503 4921 2393 2417 2256 4029 3278 1836 3294 2022 3823 1250 740 1075 931 2444 4223 4259 4889 3365 2528 353 4579 1729 1040 3209 3826 2499 1300 4393 1734 3842 1054 3970 2305 2911 1628 1783 2116 3385 3980 3747 2683 4131 3770 2156 2748 1842 1593 168 3358 4337 3304 4106 1538 3025 4582 1837 1562 606 1586 1810 2937 3930 2072 3967 4891 1262 1908 3095 1600 1651 2409 896 3444 603 4803 4157 1813 1126 3323 1854 4866 3731 3646 478 3094 1470 4269 786 3181 739 3456 4736 4414 2492 4727 1390 4697 4067 547 2106 2199 2399 1250 3788 2460 2633 3337 1834 192 3456 2005 4527 3801 353 4067 1485 2970 2324 571 4833 4969 466 2539 4349 2273 1572 1346 3389 1385 146 83 4486 4048 976 1855 3636 1900 4113 4083 3151 1017 338 879 1129 3637 1050 3731 2520 2657 1444 4908 768 2868 4973 4827 302 1610 840
3618 1409 831 4437 4050 2112 2522 3224 2722 528 3730 3168 1862 4839 1753 924 3089 1311 4566 457 1217 759 1350 3726 1259 2438 3852 3203 2939 3151 4633 4745 1618 1726 4345 1153 3300 4581 2623 3150 4430 3250 4554 2395 3936 3084 1035 4894 1686 1362 4753 2771 3944 2820 3624 2155 3367 4367 1449 4028 232 4079 4989 1846 2847 1222 3762 1298 1351 2647 3635 2787 3874 1956 3781 3933 660 1523 1465 4412 1663 2616 3783 2476 3588 3920 3730 3825 2898 1278 4264 4448 471 2350 1448 3356 3684 1389 2752 3713 1042 1572 2142 1133 2876 1445 3565 3535 3659 3346 746 1397 4052 3981 2949 2266 462 209 427 4681 2110 4377 347 128 2040 3179 4622 1626 1434 3206 1970 715 1870 1974 2687 3233 4303 2932 4939 3698 667 4969 2082 1248 2856 487 2522 3638 1398 3874 2756 4019 1151 1471 4514 2148 2648 3517 624 3683 2082 853 56 2766 2487 82 3730 3676 286 1752 549 83 4083 3166 2018 1138 2325 2100 3172 2488 744 2559 3629 1222 3315 4012 748 4235 1739 3319 2822 695 2114 3780 2964 1137 1628 1408 903 1599 4972 3081 4767 906 1187 1567 198 249 4004 3351 2086 3177 1950 2767 434 4356 2677 1700 4972 700 189 949 2212 3140 4933 687 1702 2303 4976 4621 4679 2907 2494 2048 3060 1509 3834 3853 2851 1749 64 1309 2257 1268 4921 3882 1804 56 920 1781
1096 318 767 226 1529 4918 4270 4180 3270 4489 3769 674 4989 31 2980 1987 4534 226 4602 3573 3486 4038 3726 113 1280 4121 3421 948 1157 1503 2969 1442 1819 1976 2957 1239 1315 4944 4685 3921 2711 1227 1398 2229 2307 4476 1679 2318 3684 31 3523 3895 4299 2397 2823 3289 791 767 2424 1039 3345 59 2144 4982 3434 1115 714 4415 4688 4150 329 4006 4492 4319 36 922 2210 4021 3409 1568 3377 4577 1926 3899 2344 4161 3781 733 2037 752 3497 3883 563 1274 4379 975 3417 1153 1337 908 4574 2318 562 4763 4387 3854 4483 3137 3980 4047 3102 304 3750 2918 4543 3307 583 1441 3272 834 3841 4117 1340 1521 2709 1657 2949 3006 3718 3856 2467 1728 4839 3792 3301 2964 1012 4871 4127 1135 4847 2497 994 1661 4219 2636 3147 4585 4183 4085 4686 643 2835 750 948 3525 1571 4830 834 4838 606 2555 684 4207 3617 531 3733 2554 4606 3609 1238 1447 2199 1904 3190 329 1224 233 2946 332 181 3914 4538 4384 1696 526 1413 2861 2581 2617 4779 1268 1184 1088 1058 211 4608 555 2405 2738 4746 3756 1892 1374 4835 2353 789 4835 3063 3203 4481 95 1484 3960 1346 1288 3628 3292 4732 3655 4944 3148 2059 3310 1800 4232 983 3629 2131 4958 3718 2698 3549 1436 985 323 3553 2459 1161 3938 3264 4133 3486 1672 2371 1736 2648 2383 4785 2347
1487 975 1426 4667 4955 2300 4218 1959 1818 1061 1395 4168 198 3491 4539 4790 4869 4879 2850 4830 3639 3732 1259 1280 3321 4907 3757 1765 1603 4118 2049 751 3320 1677 3932 1286 1895 3281 3399 202 1958 4055 4438 800 626 2788 3261 28 2265 3296 2120 376 2228 2788 3938 1479 1803 1087 3899 1314 1173 2222 499 2080 292 4254 4966 1991 4913 931 1943 2355 2142 899 4287 2062 3197 961 2884 2915 22 2532 4678 3866 1587 1043 3271 1466 3218 4740 4061 4502 2891 549 929 3172 411 2446 1959 1884 3055 4627 4986 1192 2366 4655 4364 82 4752 4800 2118 1001 3996 2777 3379 3873 4842 4138 4288 846 2895 358 3943 91 3154 1723 2872 3394 4243 4501 2873 3269 178 4412 3078 1711 1902 1474 4837 2482 1549 2797 362 2288 4548 921 3473 4644 1020 460 2387 4857 797 2788 4535 1944 852 4198 285 1999 902 1739 1599 2904 2763 2786 4835 503 1333 957 2870 764 215 1555 599 4831 1356 3235 3009 3187 57 1064 1100 1199 2331 4202 661 2863 4102 132 66 2562 301 4071 2173 3362 4683 2396 4268 2108 1696 716 1624 254 4264 4827 4968 3816 4259 376 1231 1355 3794 2669 4982 1437 2672 3522 4860 388 3133 3899 2835 729 3120 4386 903 3725 3200 2329 2574 1668 4776 1631 4093 4831 438 2635 1505 4283 3611 4870 4161 3273 4785 540 4098 1177 1677 4494
4740 3227 231 685 3605 2488 3386 2621 4008 1887 3928 2017 3681 3473 4631 605 3607 2682 2422 2933 299 4922 2438 4121 4907 3656 2800 1586 530 4727 4245 1781 4546 2737 3334 324 2917 3272 3296 3677 2196 4250 4659 4958 2214 686 3704 3163 2598 3113 1843 4623 753 2049 3343 170 2862 2760 907 3702 2227 714 307 204 808 21 987 1505 3290 3107 500 368 3086 1809 2394 4839 4848 4361 4675 2283 3260 31 3447 1099 1782 4252 4227 2919 4072 1966 116 4643 3324 1571 2964 1947 597 3563 1420 3927 42 3643 3902 4665 1166 1901 3265 4911 1079 4810 2065 213 2083 773 2873 619 2491 703 3170 3852 1772 2598 2740 3210 4174 3691 3280 606 2631 4688 574 3107 740 3719 626 2272 3935 4198 1058 1394 198 2947 4219 1346 2278 3035 4063 2670 1433 3335 2885 614 2115 4896 2300 3123 2489 2586 623 3023 679 550 4838 3732 1959 2830 4329 3037 4320 4261 346 3684 658 2989 945 3072 2338 1993 2154 4601 1672 1443 4293 3754 265 1738 1312 2469 1323 1717 788 4256 3696 1162 2331 2767 1423 4656 3447 2796 1731 2503 2912 2948 705 4981 2423 3687 3280 1137 3430 254 1359 4649 3972 1400 2382 4279 1502 442 4978 2279 4149 2447 2983 3449 939 3158 3413 1761 986 3436 224 324 2511 322 2164 2874 1276 1380 125 2268 4986 1757 1855 802 2952 1780 419 4208
4557 1490 3990 3941 667 2743 4426 2547 3255 4077 3366 1331 4973 289 1132 2863 2330 4342 4761 4076 3390 2866 3852 3421 3757 2800 2700 564 1326 1052 3692 4722 3768 4991 843 160 2685 2471 3040 662 132 3604 1825 1663 3785 390 2528 24 402 1361 3274 3540 4315 2565 2251 2564 3050 3066 4152 3186 1972 3352 333 4106 2225 2848 1698 101 2585 4579 4620 64 4215 989 3267 1430 3683 1682 231 1823 1695 4793 1178 4025 1591 1471 694 2544 1690 4865 2930 2590 102 4344 2543 4939 603 4849 3114 1278 933 4383 408 4010 4246 780 2984 3306 1792 182 93 2015 3807 1644 4541 1439 2064 2877 1780 2144 1626 3163 4597 87 336 3347 2598 132 3878 3273 3170 3674 838 3314 3704 2029 2143 897 2807 4769 4836 945 2160 1684 4995 1250 463 275 1217 3561 4265 3256 2426 116 2294 3886 798 915 1456 4274 4506 2295 3286 2489 1871 670 3624 3716 2548 3492 4011 1314 4106 4627 3308 2892 4663 444 4107 345 2609 2532 1480 4079 3466 174 3286 908 4644 3553 811 592 2695 2243 1713 1055 319 4301 4402 4600 4025 1397 4142 591 2849 2497 3384 1174 4836 1368 173 904 742 867 4785 1749 1738 2048 1148 4343 2641 4137 3038 2703 957 1580 4253 2185 4192 319 2808 3677 3943 3128 242 2109 4572 2908 4082 1828 1239 1182 4657 1419 1276 2958 2929 338 3010 947
676 4792 4049 4931 1112 3046 3282 277 107 3233 3477 2054 919 1241 67 2211 1204 4343 2580 2825 2621 1038 3203 948 1765 1586 564 1745 3658 281 3159 1773 3978 951 881 1099 28 1623 1549 2604 2954 2703 3978 214 127 226 2636 681 2350 2950 946 171 2763 2068 2675 1639 4586 603 772 3698 289 872 2216 2288 3903 3317 2896 1009 738 2166 680 1917 942 1530 372 2700 846 2556 2147 787 1077 4204 4119 4468 2028 2321 4932 1561 3158 2800 2508 2561 2615 2066 113 2511 3670 1169 2881 195 995 4789 1659 1335 469 2771 2652 295 2666 1396 2554 1647 4676 3327 3812 3555 4772 3197 4266 3676 611 3662 4868 3976 3561 1350 3070 1652 3939 4372 1650 3962 2328 2841 1086 4144 536 2079 4254 892 1998 3420 3996 721 4859 404 824 1461 826 1221 1084 3879 2186 1761 1033 2752 2135 292 561 2741 3821 1424 551 412 2484 4843 481 4324 1903 2372 250 1636 4467 868 32 4598 2167 4356 3366 929 3463 3341 1905 2864 1323 819 3261 2392 1697 378 264 590 4787 2732 1463 3803 808 128 2628 2605 355 2224 865 107 454 1855 3646 4526 939 2313 1383 2798 3157 4353 889 3310 3244 384 3277 1561 592 588 209 168 2735 2170 2517 4819 1070 3836 4659 2093 2722 542 4160 1336 4548 3212 4546 4629 562 1694 4549 2975 2555 4353 2377 4161 3227 3977
2382 1745 4737 4952 3787 2480 3126 780 2135 4123 3896 3744 4043 2418 4125 4399 3772 4766 2068 4880 2892 4311 2939 1157 1603 530 1326 3658 1931 2025 4880 3253 2388 1320 914 4815 2256 1763 192 3461 213 2132 3984 3348 1723 2125 2126 4923 629 15 4505 636 939 4856 2106 4520 3156 3168 1404 4636 852 1457 3666 464 3815 4034 3789 82 1387 4932 1090 2857 4542 280 3001 4755 4233 3515 906 4795 1008 2887 4830 968 4291 1345 651 2637 491 1046 2055 728 1075 3430 4052 1318 405 1618 4997 2872 4431 3729 1852 181 305 4807 4053 3263 890 658 1322 2388 3315 4362 1919 44 917 2985 1300 2312 3414 1714 3759 3471 3103 608 107 3964 1779 3264 2800 639 2133 951 1127 1718 4542 3613 3417 3132 585 312 1726 3000 150 729 2176 3228 1981 4829 1019 131 4774 822 3788 2278 4417 1196 1361 4437 4409 2522 753 3415 1121 2131 4713 1505 4277 3263 3522 3125 3968 3694 3700 1332 2573 870 3588 2519 1016 4434 2474 4266 4855 2014 1932 4494 4990 4800 4132 3192 1384 2104 427 3233 2399 691 4707 2933 750 2554 711 525 4578 1271 4382 583 143 2179 2476 4851 43 4830 1708 3654 225 93 3195 940 1721 1065 2631 230 2938 2775 1725 4489 1058 369 1902 538 3351 2939 1288 4006 4688 1170 1700 2103 4385 2193 1134 3411 1158 640 4980 654 3431 3327
741 3402 2196 3607 4198 2985 497 4635 2445 4715 1764 288 1366 361 1267 4837 2485 3570 3582 372 2611 4889 3151 1503 4118 4727 1052 281 2025 3044 2469 1238 4513 2172 2181 1498 4847 4529 4813 1751 2839 390 3749 923 1376 96 3419 4405 4948 3064 2973 1600 129 814 313 1818 1550 4085 476 2484 3513 4720 2503 2587 1945 4162 156 1302 705 1785 505 1572 4188 3066 2305 1829 134 2547 3689 2137 3936 4624 3371 390 3398 2497 4013 4580 1006 4399 3422 1063 4988 3952 4588 1465 3204 411 578 1939 4024 4651 2254 4957 1561 4608 717 2843 1414 1402 3976 2744 2379 1165 423 2281 635 393 1806 4329 3386 3964 970 3380 4353 2617 3623 3338 4537 1668 2244 230 1494 403 2960 3379 2147 1835 2498 2788 668 105 4493 4175 1485 1170 1501 3110 2165 3422 1619 4052 283 78 3434 2259 4864 4376 2360 4809 2410 4290 4559 4574 3744 3054 1122 4794 2221 4021 3713 297 726 4741 3566 1671 1426 1734 2672 2280 621 2518 2686 1651 2192 4604 2023 219 221 4657 1012 4443 4897 1273 2743 496 2532 1849 2928 4719 1725 2897 90 4312 3653 4679 4690 951 1648 1920 4447 4067 2587 3047 350 1304 2806 4732 1591 1781 1740 152 3478 2751 1143 3968 2718 4346 4017 1382 2271 1991 543 261 3207 3775 3981 3601 104 433 4603 1280 3419 709 3975 2193 448 2176 4898 3329
3995 583 1511 3459 1676 1133 2796 3772 1218 201 2966 4638 4129 589 1546 1589 4454 2375 3865 3129 2628 1352 4633 2969 2049 4245 3692 3159 4880 2469 4385 3569 1596 1853 1835 4523 2579 1157 2132 67 721 4593 3048 320 823 3227 1010 2813 4363 133 3990 3679 3668 1923 3739 4666 2703 3453 1441 797 2583 288 1942 3355 1786 360 1474 1528 4201 4102 3441 4142 634 3460 749 4465 3105 3376 703 4232 4190 4426 1140 963 4324 953 2825 3420 1618 4936 3086 3684 2445 734 3057 3778 1962 3406 1897 4317 2677 4445 179 3200 4146 4911 1940 189 3974 4207 114 724 3904 4764 2534 1823 3848 4657 2837 4216 1475 2278 1771 2332 4764 3185 2382 2156 4045 4615 2080 4124 2049 2834 4168 3804 628 3884 4536 3662 1378 2302 782 1634 4494 959 1376 1212 2474 3567 3286 256 1041 604 1927 2445 2507 1578 2132 2594 403 4509 3921 787 222 4146 2185 4167 3853 4871 820 327 29 4454 1565 1171 183 3082 915 1081 645 3225 3398 4408 2739 1105 96 4066 2196 3266 2949 2884 4494 1144 2974 3697 2668 1306 2752 2123 4957 1450 2002 1356 466 420 2474 810 1630 674 1523 3554 1095 3071 561 3254 4815 3397 4452 200 4551 4061 2338 1089 3275 3822 4467 3246 3968 1133 3291 817 4400 396 1104 4398 1972 1139 4963 4737 250 2672 247 4197 3863 345 359 1150 2718 4262
479 1634 940 4037 1358 99 4071 519 1411 1499 3322 2327 180 1889 2658 3722 4011 1563 3323 226 760 4792 4745 1442 751 1781 4722 1773 3253 1238 3569 782 4747 3120 1541 4697 1703 3455 4709 4792 2712 469 274 4887 4112 3795 936 692 3832 1763 4528 17 1136 400 1445 1821 2139 1608 1457 1743 4896 4828 2264 4721 1778 4222 1207 2767 3980 4782 3696 3822 1447 2717 1170 178 1301 2893 812 1175 3965 1444 3222 1245 816 2239 1476 1073 4405 2911 4537 91 368 2160 2855 3093 4397 1537 2442 1080 1221 4655 1269 1811 3904 1249 4004 1379 87 4241 1049 2112 4363 1650 883 383 4478 966 1828 1481 3755 3647 4090 2413 1008 2698 28 4392 3811 1536 1506 2786 1867 3306 323 1904 1764 677 2515 4277 2781 3160 297 676 3371 2608 821 246 4282 3777 2210 503 1370 4485 1306 2812 3349 2249 1092 1344 731 1642 1132 3103 835 1812 69 342 122 293 1895 2489 1734 1747 3671 1464 2579 3088 1190 2424 3199 2681 1720 3353 597 3716 336 4209 1889 93 3169 3111 32 570 441 2873 4949 4909 3187 1914 342 4833 12 1965 2040 3774 2591 676 1263 4117 1067 757 3089 4310 4419 3668 4390 4235 260 3322 4497 2448 574 2362 3625 4699 4033 2651 3145 4607 1631 1872 2488 2826 2989 4085 257 4696 3086 2546 345 2794 1343 1565 143 3507 4344 3859 2892 772
