N: 250
M: 50
Symmetric: true
Triangle: false
2 111 171
6 250 38 243 42 227 183
2 176 155
6 58 20 231 52 153 223
7 87 13 161 175 22 184 173
4 80 154 208 160
2 162 239
4 6 217 187 5
3 214 237 21
7 188 163 121 224 72 48 82
6 190 229 145 70 169 99
4 233 124 240 55
6 146 8 53 205 182 102
4 88 62 118 34
7 236 166 25 16 17 51 202
6 181 14 248 114 103 10
3 144 249 39
5 131 50 23 194 126
7 9 107 241 28 132 7 101
4 178 180 74 125
6 3 209 116 90 230 216
4 29 127 245 150
4 78 139 242 185
5 191 193 192 27 164
8 86 247 151 135 221 2 81 71
6 40 41 69 177 234 98
3 76 4 137
6 213 43 33 140 244 206
3 156 157 11
6 215 117 24 66 225 89
6 222 228 122 56 226 100
4 172 198 105 168
7 75 143 174 73 97 210 32
5 189 232 165 63 130
5 64 112 149 203 211
1 201
12 220 195 1 142 147 119 47 158 95 106 31 219
8 200 186 115 199 128 54 170 136
3 83 12 159
5 138 36 197 141 179
4 108 207 238 196
6 37 92 44 152 30 246
6 93 60 129 85 49 35
6 77 167 133 46 65 148
4 67 84 94 15
3 79 123 91
2 134 26
2 204 104
6 18 61 96 19 109 120
9 59 45 110 113 218 212 68 57 235
1904 2128 1516 45 1747 721 4210 2730 2335 2351 4960 4339 2645 3036 32 2608 1641 3413 3868 1417 3244 1572 3110 4726 1535 3488 145 359 3455 2172 1292 4021 4566 455 4288 637 2990 3648 1763 1433 1779 4981 2289 2417 1080 3706 542 3289 2084 972 3482 2062 1462 3725 3553 3662 853 3876 404 4777 713 3938 1283 754 3947 4279 2273 108 1201 491 2838 4327 2073 3793 1000 1781 1281 295 3172 1552 4784 4247 1052 1382 1157 4854 4641 997 947 2025 3612 1997 3758 3866 2938 844 448 1549 828 3600 1076 1093 4051 4268 1328 2986 232 3216 2098 4409 1993 1689 522 710 2015 3891 1830 1134 4016 3002 31 2722 2157 4628 562 3584 3333 187 3746 242 2194 4965 2463 3783 3321 3176 644 4936 212 78 864 3651 392 189 811 3486 1486 4953 4139 2791 3831 4461 1006 531 2543 1341 3361 4075 1440 3002 3301 1478 2335 1146 2055 759 2932 4411 1113 196 4794 3338 1897 1516 1328 775 2391 2160 2302 279 3479 3846 2636 1528 3292 649 1173 3852 1717 4667 2839 1264 3818 3383 1093 1368 223 2092 369 4156 2353 4261 2426 1607 2979 1612 4244 2292 448 1293 34 669 2651 3191 966 529 4379 3092 2074 28 292 979 3364 1075 2147 2079 4633 3148 205 4404 382 4227 4552 2439 2507 4452 3675 3964 2746 3921 1838 2892 2291 4555 3494 3448 4019 1833 1657 3329
2128 1890 1616 3289 1790 3399 3653 2470 4403 1034 4860 1342 3931 2925 4309 886 3544 400 2334 2336 2601 1237 3904 2146 4144 1117 2314 162 2124 261 2444 4863 1747 3430 981 4568 4684 1615 2516 1880 3619 3808 1426 1829 3833 1662 3723 1941 2051 2816 2238 26 1095 311 3145 4539 4425 4216 405 4998 1423 2931 4793 929 2298 3766 2211 2387 1125 1040 3649 849 2813 1411 335 1998 279 2145 3393 946 548 3503 1543 3433 3742 1453 3351 3078 2715 4950 850 4035 1831 3339 971 1428 4930 233 4892 728 2074 852 880 4173 2921 4412 2472 1455 4620 4832 2787 3723 1673 3354 3472 168 3778 1635 3071 1237 1788 2898 3735 4225 2308 1393 318 1968 4172 1856 2091 2346 73 3143 4075 1073 1764 809 4283 1653 987 2475 2693 2808 4964 3430 4908 2148 753 1377 767 4139 1074 3751 4400 3247 4859 3499 3269 2142 2467 4482 4539 1792 4623 192 868 4454 1053 1614 2653 3594 2488 2966 3280 1352 2225 2134 879 3829 264 3724 3486 3118 1291 2539 3153 3893 1060 2178 4697 1966 2855 3240 2238 1988 861 3395 1471 1855 4561 1827 1268 3141 1054 3031 1073 720 2538 4279 2236 2888 3948 2193 921 17 1481 1213 4428 2640 4157 3804 3081 330 4093 1509 4219 3651 1131 4195 1517 2312 1955 3650 1003 4766 3754 1274 3555 91 370 1956 4613 1731 3385 2749 561 743 4880 3675
1516 1616 480 1507 2519 1092 3456 1687 2953 4756 1935 1393 2734 3021 2226 199 1747 3090 4210 3449 2381 3583 321 4902 2089 3763 2823 52 2788 4717 919 2019 3390 1804 2135 3712 4524 924 3065 1021 946 4563 2531 1082 628 4973 4983 1737 4948 1438 512 805 19 3838 316 3784 74 3702 3537 2788 4500 3168 2099 283 2546 3494 3157 955 407 4444 1191 3069 396 3107 4022 1795 2290 2997 2416 3984 4224 3864 1851 1195 2964 3113 1270 159 1123 1328 3495 4046 3963 4228 1465 264 4196 3370 247 79 1819 3377 19 2847 1714 1551 1793 2886 323 1493 640 3989 3949 1317 4447 3190 4958 1466 2525 3701 1128 3270 882 1025 2076 3829 232 136 453 503 3775 2908 2318 3393 1175 4301 1622 2556 1735 1413 2717 2851 1689 4089 1921 2329 2792 3165 2570 4851 3180 3005 1628 4436 3846 3679 2741 3954 3834 1583 1993 168 803 2708 3113 3982 119 4108 4778 3498 3024 3108 1117 1002 2580 927 4963 4409 943 2436 4057 1864 4181 3893 584 4097 641 2185 2230 719 3687 1233 4643 2731 985 3955 618 941 4793 3911 4084 904 499 1127 3112 1652 2988 386 4318 738 1790 2787 3068 2051 2062 2050 2135 2085 3992 1309 3650 3687 359 4110 32 282 2982 518 4396 2988 4069 2947 2572 1228 3922 3755 4082 604 3700 1691 408 3436 2742 4328 2491 1917 3531 4325 2053 3442
45 3289 1507 997 4981 3104 4349 3348 4689 4340 518 3367 4528 3372 4874 4012 2647 2077 1838 1872 3588 4927 1436 3118 1403 3895 612 3184 207 55 71 4809 2109 1616 3345 1781 598 2523 590 2936 2730 4058 2947 1516 3105 3622 1612 2943 2047 3474 1104 4005 3432 4892 3101 3968 3296 4048 1306 3173 2828 2530 2820 2023 1982 4887 1188 1628 4880 1219 4779 4400 2853 3399 2765 1371 3195 2338 3161 2527 3523 4927 1735 4578 468 2327 3513 1849 1018 4248 2213 2973 4331 1545 4880 2840 4191 4396 692 4789 2584 430 4747 2223 4594 2471 4620 461 4551 2456 4607 4251 1409 526 2408 757 1978 2648 1312 4640 3587 1246 670 4099 2253 842 2985 1135 1579 3895 4018 2362 2795 591 3310 1519 1126 577 2652 2597 2221 4398 1482 4831 2494 2214 2769 537 3963 4793 3349 1859 1634 927 2347 3250 2217 4406 2081 4400 2031 4972 2831 3598 1140 3138 1754 3335 2114 2544 2198 4417 544 1031 1612 2270 2515 163 1800 2761 3648 1459 4803 3572 4033 932 400 2234 2034 3535 1490 4175 746 4296 2690 587 4429 2339 725 968 2338 25 4360 2484 2318 2393 1653 951 2399 1852 4582 3563 1834 940 2594 2663 3674 2392 3777 4558 2607 1078 4714 136 1045 2924 2204 3527 692 3622 1863 4044 2456 1513 451 1255 2201 3889 239 3449 4629 646 3047 3593 4386 1594 4644 3807 2239 3310
1747 1790 2519 4981 931 1964 762 4458 3334 3733 430 2811 169 1529 2242 4975 4822 1113 1271 3062 2355 1521 2361 118 2707 4180 3537 3882 369 3558 1840 1570 370 651 3299 884 1370 4818 4726 4760 4463 4781 2059 4638 1529 3947 959 2607 1022 3001 3993 2423 48 4797 1466 1905 1605 3067 4221 717 2019 2932 3680 2867 4412 1533 2803 204 937 4049 2655 582 2615 3179 3676 3948 2201 823 4798 2186 3799 3751 1951 3240 3241 3806 147 3343 979 3608 1698 1937 4470 3199 662 3485 188 3465 3286 4491 3709 2970 2190 2832 1771 4814 2146 4699 2669 2938 4937 4658 348 1389 2759 1690 146 61 4720 2725 4475 4994 4632 1575 1390 109 1183 1791 2062 2568 3649 2068 4313 35 4990 4805 2076 4355 2853 1431 688 1738 1466 4004 1890 3789 2631 2874 2368 2682 2344 4775 1136 4325 3109 2798 2553 1492 2425 1918 202 3535 4227 450 1703 4531 4327 1486 4497 3860 4453 2840 1151 3225 2068 4545 1262 503 166 2647 1478 4111 327 763 4506 2129 2933 2657 4672 3100 244 2362 3077 74 3339 400 4856 898 308 303 2391 1037 4076 3737 325 635 2570 2452 4619 2133 1767 1367 1575 2157 3157 1867 402 4210 3333 1093 3576 2866 4441 2783 2095 866 1918 4154 2404 4161 4657 4907 640 2341 4215 3573 821 1851 938 1060 261 3669 4263 2918 3609 4014 1336 2647 3823 4541
721 3399 1092 3104 1964 3910 3003 4941 234 2812 2086 3757 4521 2976 383 1479 1164 2866 2138 3769 3939 3413 2835 3258 1530 4494 1060 3895 632 3670 2047 2415 4952 2462 2609 1539 3170 436 4220 1061 2772 4762 3374 2043 3641 1395 2493 1107 4721 3157 1455 2932 4837 2081 1548 2446 2122 4486 1688 4013 67 3104 708 212 4408 93 356 2815 2142 1516 28 4583 2983 2359 21 3649 4898 3853 295 678 2677 149 1216 2710 3841 991 3469 4325 1622 4897 977 3723 3851 1403 614 4833 3990 516 2922 292 204 4967 1375 4025 2835 2565 2495 214 481 2944 338 2291 4760 561 3940 2926 3472 4630 4145 3519 3913 4297 1096 3581 1660 1171 486 2123 520 2724 236 3982 3421 1134 2243 2063 601 2524 773 2123 3679 1106 2317 2442 1491 3257 210 3542 3399 3352 3673 3099 1744 1288 3532 38 3871 4145 3695 2605 3215 1964 2350 1765 214 426 889 439 966 1929 1715 2737 2677 343 3400 765 2361 582 1820 2781 1054 1371 3070 3841 3689 4545 2792 342 957 4798 2979 2752 2020 4636 895 2346 1423 4246 2568 3723 2055 2040 2726 1661 163 182 717 3199 4218 2524 3525 1980 2400 3692 3000 406 2621 3982 656 2236 814 3337 3262 795 391 4513 526 2551 2760 2757 1938 2266 3033 2241 549 1861 2681 4860 1779 4324 3114 1557 3068 1069 3889 210 2537 2586 1452 387
4210 3653 3456 4349 762 3003 1339 976 622 2778 964 4813 2919 1949 3385 3174 3488 4594 3095 569 2776 4063 760 695 4116 3094 4600 548 496 159 1445 1005 4534 4387 4975 1406 1621 2453 2734 3933 367 273 1427 1663 492 2340 3023 4495 3708 3655 1133 1296 3136 1129 4164 3324 3150 2417 4338 3030 2180 2009 2758 3305 950 4804 2680 4998 118 3571 1439 2051 2917 2235 1042 2083 3507 2631 3105 275 2800 1969 4805 2894 541 3410 1480 2291 4503 3188 4745 4339 2259 1670 340 4774 3190 3690 4326 4762 1834 2853 238 4696 125 2264 1082 4362 4156 4541 4769 4068 3028 2348 502 260 4560 4690 2955 4747 2669 3112 4822 3125 4383 618 1929 1303 4646 1091 1197 4821 649 675 2974 3163 1088 3077 640 1978 3751 2409 4999 3836 4709 679 4827 3780 2277 2496 587 4763 1839 4370 2330 1389 1748 762 1322 985 390 1520 3901 482 4618 3977 1983 2140 1045 2288 1770 877 2739 4881 3057 4011 2624 2884 4210 3754 3425 2717 372 3339 4659 3593 1905 4500 2210 152 4656 4159 3761 1180 2809 2341 3838 4618 3714 3546 3798 1056 440 3816 4738 584 3836 3908 251 1578 3689 4012 3578 2834 3708 1354 2447 3161 3415 3085 26 4926 1330 1994 1126 4970 2702 4355 3909 4325 4733 1475 3584 1195 3880 3007 4869 1105 4895 1095 4428 3594 3904 3997 1910 1266 4222 444 3103 1819
2730 2470 1687 3348 4458 4941 976 2436 475 1990 2390 3729 1544 3321 165 4071 3242 350 1651 4217 584 2409 436 1921 4368 4623 3525 1983 1376 4989 4644 940 621 1073 894 420 4174 3389 304 3562 4908 2140 3389 1309 2533 3280 219 2008 3619 4929 4745 3137 1478 3327 3405 635 2230 4845 4738 663 2227 3058 3616 4892 1489 3127 1277 309 2939 2437 150 4088 4346 1452 4405 4392 4698 2841 2214 1982 1854 2217 144 1166 2913 4884 78 613 2970 1280 3902 1451 3809 473 3152 1685 732 2973 3771 938 972 3123 3977 3580 1144 4443 3727 1431 2045 1210 4083 1977 1340 3072 1571 4273 3359 4230 2468 4405 2411 3366 3723 3816 2774 3315 4189 2059 1257 300 4258 2080 1178 4753 4995 2728 1300 1153 4404 2997 3872 610 2974 2932 2991 2683 1292 4440 4799 4878 4273 1161 2605 678 727 2401 3195 1777 71 4755 3647 3442 3801 3991 4512 208 208 1875 3161 2114 1086 2770 4326 1246 4812 1489 3412 2332 132 1788 1031 4540 2965 46 176 75 2307 4262 4072 2224 2539 1743 3148 2218 828 3966 4296 1050 2823 2665 286 3290 2329 3613 3223 4032 2352 3807 1991 85 2837 4680 1129 3877 3896 1235 4573 1119 2901 4538 4817 1318 2536 1508 1582 216 3422 1222 3373 775 636 4635 1073 1121 2505 3656 4818 1032 3778 1618 1664 3352 4616 288 1484 3670 2165 4493 3209 185
2335 4403 2953 4689 3334 234 622 475 2724 2071 2346 3342 4816 2443 1544 3806 335 3793 1874 1344 4921 4552 873 1907 4794 4264 4556 1872 3252 869 323 1350 648 3968 2033 1344 562 2970 4135 2569 4803 4223 3169 266 4519 3069 1373 1949 772 4542 2998 1522 2146 4791 789 1640 2342 2391 1750 288 301 1298 1714 1996 1792 1607 978 3703 4042 4750 3779 1436 991 3746 4712 406 4433 3622 478 4112 3260 3447 4733 3987 2002 3971 4197 3003 3411 3338 1326 4428 2426 120 505 4942 1416 2644 2369 3129 4787 1733 4079 1396 261 4897 2122 2820 4816 310 2648 1786 3419 2060 4479 3360 1372 1271 1174 4706 2787 2243 1088 2230 1657 906 168 2644 4959 1998 4954 2851 3065 1844 416 4796 2325 1258 285 4621 4519 1892 3715 1806 1769 4051 1852 3430 4101 1204 2539 3914 3884 3845 2595 4617 1909 3158 1872 1222 2248 3983 1006 1568 1155 2965 763 4699 4396 2504 1900 735 3751 1655 465 4150 2130 278 2567 3293 3315 2596 3453 1853 4726 3923 1069 1987 1371 2486 2626 3085 504 303 1567 2810 2611 3256 3766 4549 843 807 1122 4676 2058 836 1906 3714 2689 617 1496 668 4476 3260 1108 524 3068 857 4395 60 479 2423 4949 2408 4453 2895 4801 261 2004 1559 3614 2473 882 3727 4258 999 2839 1782 1854 2097 2848 946 2845 3791 1601 1396 1210 4261 835 4717
2351 1034 4756 4340 3733 2812 2778 1990 2071 2225 4528 1330 4385 3882 1637 923 1110 3733 2788 4800 1168 1057 1095 2533 3133 1271 2733 2686 4844 3300 4098 1441 2616 2560 3272 1172 2375 2270 674 1683 1935 2813 2849 3261 433 3508 3627 1045 2011 1645 1795 4459 620 502 2104 2086 4498 2162 2990 1393 3040 3042 1013 40 3221 3459 1409 287 3259 272 2735 4255 2003 636 2066 2631 2822 2367 1929 2382 560 3911 563 170 1974 966 1990 409 2011 2233 646 3059 3503 4728 878 3036 3921 2288 4002 428 2635 4624 2436 1047 385 4653 4418 1280 4487 3214 3829 4102 3140 977 4411 3398 2449 4312 2420 4143 3849 1893 2310 1227 913 1819 351 4139 2937 2946 1480 2383 4607 1731 2276 4198 4994 4019 4575 3018 674 4258 3449 2493 2932 3767 3260 1310 2188 355 828 1403 2552 3917 1130 1817 891 4541 3189 4570 1612 4488 3789 840 1400 3149 2270 1864 2418 1669 4467 4846 914 1938 3106 4232 708 3803 3384 4495 3100 2329 3732 1328 4007 2686 2326 341 2772 4863 234 3491 270 952 767 2262 2414 1131 1930 3377 4926 704 2905 4293 4479 1261 1063 3620 1008 415 2938 2169 3442 1575 2878 1430 1596 4886 2138 3512 3430 3234 959 1060 3809 3648 1816 2307 27 4051 2607 2292 1592 459 4262 2262 2676 4578 4878 271 3219 4171 3581 3413 4567 4259 3735 1939 3772 1257
4960 4860 1935 518 430 2086 964 2390 2346 4528 2012 4139 2229 3805 114 4990 3311 175 3032 698 4796 4476 1279 59 3141 2140 1404 3695 3304 2397 1315 823 4381 811 1546 3966 1187 344 373 1636 1545 3642 2893 268 4595 4196 4744 1732 4510 2684 4018 3434 2885 878 518 4301 4876 2053 2889 1619 1232 4810 3622 2242 2511 498 1532 23 2732 2601 4110 2400 3011 733 3400 4728 1161 1170 159 2096 771 4986 2717 4048 4301 2339 1340 4271 1321 2940 1250 3885 2217 1861 2066 1435 4271 3958 1290 1955 541 4211 226 2304 230 570 2375 1484 2217 1179 1890 1173 510 1116 4310 4861 4501 63 1471 3982 2032 3143 4850 1245 1010 4142 2004 1226 4685 428 3345 1407 643 4751 568 355 316 3490 2045 1759 3861 3353 3827 4650 4731 3876 2573 306 3070 4643 1178 1792 2098 1754 1928 2298 3928 2556 387 1576 3168 3462 4985 2541 476 2630 1600 723 730 4740 4326 4341 2816 474 4109 3605 1462 2204 4002 3598 3912 1630 2384 1923 3114 1790 689 3097 2058 3933 3682 2591 916 2571 181 2272 2818 1915 1721 4045 2351 3672 1992 21 1927 1349 2910 2004 2512 2083 2914 3870 119 3638 1782 4623 1731 154 3476 3570 3318 2862 872 3118 4330 1253 2839 410 644 216 4569 1377 2783 948 4194 1965 2106 692 1659 3165 806 4517 2371 346 2067 731 1668 1518 2989 2205
4339 1342 1393 3367 2811 3757 4813 3729 3342 1330 4139 4514 2090 4119 2856 3571 1967 64 1059 1084 742 2521 4175 178 4101 1236 1916 3609 3163 779 4663 4691 2616 2234 3398 2816 4535 686 2872 246 2481 3695 2738 3384 3729 1357 3334 4082 3779 2823 3047 4855 1361 242 275 4791 3270 3727 410 4954 3648 4924 1367 2223 1432 1243 2128 185 2125 1333 1729 231 1751 2702 1962 2167 3608 4022 867 1696 4765 3945 367 3340 1224 2116 1697 972 4252 4130 2604 4620 1850 2617 779 2311 158 4792 779 4213 1765 4945 2007 330 1079 759 1770 3270 1155 4241 480 4271 3869 2400 3503 2965 589 2066 1486 3870 805 4127 601 4767 3075 957 194 2682 3535 1903 2360 2426 3463 308 2819 2146 2616 1896 3557 3332 4422 1680 3944 338 2048 4529 4519 3319 1792 351 3164 479 4932 3021 503 973 1151 1259 898 4368 3405 4297 1527 1528 4338 3136 1962 2703 559 2514 4645 3062 92 3643 2601 4315 3249 1063 556 3839 1434 3258 3166 591 1823 2204 4115 4544 2423 2820 1287 4793 3843 4301 2750 1224 1295 408 4622 1008 3424 1316 2183 3060 3922 1879 2884 2647 1105 2266 4761 2393 2089 1926 2192 2028 1386 1741 103 4506 1905 2968 660 4757 4296 1789 1120 3444 2744 3466 4019 3505 1796 4135 4205 1592 1582 615 990 2310 3379 1682 2924 581 4818 1642 758 3223 1155 4689
2645 3931 2734 4528 169 4521 2919 1544 4816 4385 2229 2090 1718 2282 2017 2394 1974 1663 2594 3240 343 4498 1286 4195 2905 4404 2244 4028 4445 4032 4836 746 2556 1987 3746 1545 3521 1765 27 3873 704 1874 4694 797 3167 164 2465 3398 1539 2379 3155 2546 2427 731 4279 481 620 4833 780 1780 1578 4725 2400 2675 689 97 481 2051 225 3293 2359 2420 3882 2716 3784 4797 935 454 2295 688 4565 2707 50 4876 4022 45 3095 467 3442 1825 4573 471 2003 3075 4745 310 4821 2548 1765 2248 121 2776 4924 3174 4988 1506 2034 236 1350 1350 3085 1352 3199 4343 409 4876 2696 1101 4710 4644 3596 2225 4850 3782 1281 2605 595 570 4538 847 4802 301 2181 164 2632 3540 3205 1509 978 3719 1428 3323 2610 1692 3187 987 3432 999 1170 4073 4908 1892 1679 1612 1220 4469 3528 1385 462 662 3992 2284 1506 3221 4094 3026 3515 2487 91 1864 3945 1620 4917 4750 530 2084 4532 2131 1948 1062 260 3945 2245 3872 2530 90 972 767 3936 390 2217 1119 1759 3025 610 506 134 4038 3681 3058 4280 2031 3186 3976 4678 1618 610 1844 421 2180 2455 132 770 2921 1313 4147 3085 197 32 2096 2472 2875 4882 4793 636 417 1252 4468 1045 3928 492 2774 3129 3613 1698 2180 3565 4971 1634 1353 4091 747 4184 1664 4884 1008 2777 3259 2812 1314
3036 2925 3021 3372 1529 2976 1949 3321 2443 3882 3805 4119 2282 1909 2991 2896 3358 1966 3659 1253 2101 3797 1785 15 676 2342 49 4683 3890 1419 4643 4692 1336 1215 700 1608 541 4618 1735 34 4231 2463 4159 1408 919 3259 1783 2805 406 889 3985 1233 4877 1012 1952 379 1239 2220 4069 2440 4261 32 1081 659 810 4391 1823 369 1371 1131 3579 1583 1300 3105 3599 2974 3052 4239 4248 3259 445 4155 714 3641 4003 719 3797 1954 4956 1433 853 4782 4465 3690 348 1492 1470 2968 1264 1350 4771 1475 4253 4113 4691 4907 2726 1459 4642 4742 4477 3382 525 1967 1180 4709 4975 4997 4942 752 4315 3854 4437 4918 1073 4003 3414 530 3941 4968 105 1987 739 3092 2507 4910 1330 2576 1680 287 1997 1509 1819 4174 3547 2596 3809 1484 1428 2070 624 2341 3317 4808 1766 1066 277 4152 474 2060 93 973 3895 2516 1336 4861 1720 4740 126 2264 97 1203 2278 943 2320 493 3585 4895 4166 4367 2027 1290 1601 3853 3742 2037 1551 2247 3431 2200 1994 2140 2412 4376 207 1702 2634 1420 2848 2312 2454 1743 2013 3173 888 2660 865 3215 2100 1974 2242 1781 4425 3482 1811 360 3545 3153 71 4522 3064 2645 2763 3573 3773 4089 3374 4639 602 1144 2430 4197 2944 190 4989 2428 1965 2228 97 2070 674 2820 4119 2315 2231 3104 4777 4197 2272 4507
32 4309 2226 4874 2242 383 3385 165 1544 1637 114 2856 2017 2991 4027 3846 1795 4292 4579 3961 1806 2113 4430 964 4897 1188 4490 3036 3508 4926 2022 3176 4286 31 3171 3244 969 4674 2430 959 1326 1165 4169 1907 3878 4780 4224 3022 4581 3963 4419 4307 134 2706 4504 1057 4771 985 4614 2511 1960 3403 4675 4402 1040 3981 2124 2440 4134 1960 1768 826 3950 3407 1530 1431 4269 4581 595 350 3074 2306 3949 2601 2821 732 4945 3130 1434 686 2941 4239 4771 705 3368 667 1055 1826 1161 4795 2403 4107 2612 3720 1314 2936 3842 4674 3528 1885 551 2580 2029 1764 713 2132 403 3587 1558 14 3138 3910 2590 1616 218 836 1589 3094 3112 4262 2518 3695 356 3627 113 394 4834 3089 2055 486 382 4853 238 2293 965 3359 1635 4273 2870 3041 1775 4055 1137 922 852 3791 1233 3471 2666 2609 2671 4168 2627 1044 4068 2433 311 362 220 4454 2673 2620 1349 3940 1025 1550 3703 2999 4762 3340 4999 1652 2852 2408 1565 223 2828 2128 3726 2711 2833 3573 1790 2820 4290 1105 4785 3174 4469 2015 4859 1059 2226 2402 2091 3287 3488 3405 1327 1823 1145 3007 2903 3839 4711 959 2596 3275 3332 2814 828 3438 1192 4204 3841 2797 874 2017 4135 4993 4346 1853 4518 1473 1760 641 1321 484 2246 670 580 1281 2345 1025 972 3812 1830 624 3385 892
2608 886 199 4012 4975 1479 3174 4071 3806 923 4990 3571 2394 2896 3846 4589 3061 1742 3896 2751 4004 4174 2250 3067 2914 4555 4076 1781 4614 4020 4457 3466 51 4267 283 4115 3864 4517 4671 734 1819 851 1302 1497 558 1426 3008 3321 4191 4366 669 1211 505 3580 3358 809 2510 4300 3439 1104 1846 3307 456 4458 2653 182 4153 1386 2000 1369 1201 3375 3555 3417 1163 3556 989 4777 2258 293 30 2583 112 2501 2554 2017 143 202 2357 1335 3755 2813 4068 1310 1215 4363 226 2656 4561 4434 4066 1056 2492 459 4967 544 2382 2304 1352 707 4766 3800 1438 2955 1421 599 438 861 1603 3890 708 1417 2079 2968 3355 3918 2737 2518 1291 1935 1954 687 4375 2004 4421 2606 1906 497 581 4763 3740 4598 1693 1905 1153 4952 804 4154 2791 767 1615 125 1493 3459 1928 2412 4173 1656 4122 1452 752 891 91 4099 3947 1287 2574 1196 4984 2208 855 1856 2268 1113 569 1399 2060 4609 4002 4850 1451 3157 4773 217 2154 1397 3828 4845 4089 4491 1321 3234 4169 310 1824 4567 3282 3157 4689 521 1784 289 876 3167 3276 2380 4530 1008 4984 3258 2627 445 4938 399 4875 4950 3639 612 2014 4130 4862 853 823 4979 2404 2522 2396 4569 946 4894 489 3652 2960 4921 2093 1263 2145 1724 1713 1224 4111 1293 1118 1161 3722 4101 999 3894 896 747
1641 3544 1747 2647 4822 1164 3488 3242 335 1110 3311 1967 1974 3358 1795 3061 909 1642 3288 1680 4226 2057 1426 2447 2272 4806 4379 3255 2504 4281 340 4116 691 4280 2539 1940 944 3924 3512 4213 2719 3434 4798 4182 4201 2604 836 3453 1273 2343 2368 1849 1184 4726 4695 1658 2892 4150 2281 4027 3320 2925 58 540 336 4997 2258 425 1566 2483 757 923 4425 906 1234 1481 482 2042 1585 3232 3999 496 3468 1013 1229 2218 946 675 4687 4443 1274 996 4257 1306 3914 2151 2710 4776 2448 403 3434 4063 3601 211 1901 2271 943 4332 3415 2811 2042 1210 191 21 2339 945 4696 2268 3136 1884 1977 2123 870 296 4542 3580 2798 1734 3107 207 3544 1100 689 4053 705 4972 507 471 4511 3752 454 1651 1066 4345 2838 2694 248 3836 3921 2223 4413 167 1938 2900 1961 1458 2324 757 1149 3768 746 1202 2959 3870 1057 3601 1870 4556 1675 4020 2419 1897 576 3135 1919 925 1338 176 1380 2289 2827 1364 4633 399 2935 177 1556 2863 4086 2261 1275 3109 1009 1548 819 4738 1404 4524 120 2351 1102 1297 1700 1844 1827 1251 4749 3485 459 586 2013 490 4915 411 1797 2874 4171 2282 2626 684 687 2420 1209 2468 2445 1788 4091 804 453 49 4783 3658 648 2901 4542 1513 3620 102 577 1342 4335 2271 4851 3718 1081 2949 1409 4177 3640 2745
3413 400 3090 2077 1113 2866 4594 350 3793 3733 175 64 1663 1966 4292 1742 1642 2403 3005 2873 2526 1762 4211 3825 522 2427 4672 4095 483 1702 4117 2935 3009 4896 3985 1663 1953 3514 1213 1520 3993 4136 1931 1867 998 4013 4358 212 340 1729 2274 1128 3041 3473 139 2643 3650 3546 707 1546 4437 3035 4830 108 1528 707 3091 1361 1187 1117 4687 4481 1679 1363 1890 4479 2639 3287 4595 4144 3442 286 1471 2315 2980 3453 260 2160 2736 528 1886 1358 1698 3943 1949 3789 4083 402 4697 3781 2890 1374 996 4897 3629 3993 2517 3287 1838 1627 3192 1057 1954 440 2779 2070 3533 4689 4534 4264 119 4719 1729 622 3585 3021 1830 1633 196 4412 3756 3153 1951 962 1066 1736 3644 2531 4890 973 3399 4280 1594 1920 1183 2955 4021 573 1013 525 4746 162 278 4772 2992 1530 4234 4041 4714 2215 1276 2163 2518 1441 2178 208 3077 1824 847 745 2755 1793 4128 4483 3305 649 728 4169 2501 1300 556 3823 636 1301 3413 1280 1968 588 4908 3752 430 3350 993 3210 3699 440 2805 617 632 101 543 311 1852 2369 2952 2413 3201 3082 367 4254 2224 2140 2437 1302 825 493 256 1071 1258 1174 3856 1692 713 3533 458 375 2514 2201 3658 3167 4754 3485 1663 658 4627 390 3986 4976 3287 2846 2042 3935 4669 848 1229 3885 4259 3973 3746 4880
3868 2334 4210 1838 1271 2138 3095 1651 1874 2788 3032 1059 2594 3659 4579 3896 3288 3005 1662 2627 436 4725 2315 4267 425 4898 4553 77 1194 1865 3626 934 2497 3713 3959 4257 2207 3001 3965 933 3291 1746 1576 1352 1991 2952 2010 843 1510 4049 1332 521 159 358 3041 2342 2256 1816 1606 208 2006 3585 3487 1497 4390 4577 3587 3480 2556 3499 3628 3553 3469 4464 3906 3505 3609 4251 2389 1756 552 55 59 3787 2161 4169 1590 2980 133 3141 2149 732 1551 512 3883 2488 700 4773 2218 783 19 1002 1733 4581 4677 4041 4863 2399 1616 1825 3304 2066 2627 1758 3556 853 2784 2935 776 2654 409 1443 3984 3936 3929 1237 2558 3899 3478 2716 234 2310 96 930 700 2140 2796 1672 3448 972 4856 3459 214 1749 4959 4784 217 2850 3391 437 694 863 1092 4181 2644 2566 2585 610 690 1662 1111 1772 1391 845 363 1590 1986 4416 510 124 734 2340 1366 3443 2889 4131 2778 4864 3631 4643 3025 2860 4960 188 4722 4926 4980 3566 2118 1356 1523 2176 3351 3010 178 335 4898 4066 4480 2712 267 3204 2283 3958 2861 4686 1053 3336 2192 4167 3057 712 784 4047 3808 3430 976 4847 1896 1234 3930 206 673 1764 4336 3796 4966 4892 3863 1642 3920 3375 1936 2984 350 1037 3252 3523 4967 3215 2085 691 4325 1151 1006 3587 4581 193 2088 1290
1417 2336 3449 1872 3062 3769 569 4217 1344 4800 698 1084 3240 1253 3961 2751 1680 2873 2627 4520 3130 4967 1909 4178 3060 2343 587 2258 3316 37 851 525 2722 4138 485 190 334 2908 1601 3090 2109 1158 2943 1194 4990 1783 3997 1211 2754 4830 67 134 3377 4572 1823 188 4597 4401 272 4212 3952 4685 2860 114 4612 4344 3899 838 1005 4452 1928 918 489 3401 706 3370 1580 1193 4648 4443 3945 1888 3014 3869 494 4969 2472 3442 1504 1080 2728 4849 1589 3094 2050 1904 2163 3274 1992 3514 2944 4255 4615 859 2471 1009 4285 2795 1353 4629 2816 3568 2088 1669 2883 2671 4167 2036 1189 2612 2210 3141 2098 2640 572 1703 227 4729 1970 2704 2499 4998 3602 1453 4367 130 3679 3583 2840 2295 4422 2110 3777 4687 94 2327 1075 1348 1926 2105 1940 3660 1614 1436 575 683 3606 2072 1334 2718 3212 3565 3615 918 251 3669 2571 1779 2209 2051 4061 2020 3486 896 973 3636 4960 1816 3345 2601 3071 1702 3482 1740 4536 3197 4608 4986 2249 3170 1882 254 3458 448 3598 313 3825 2196 3460 4857 2357 2121 2794 816 4695 2765 1782 1884 849 885 1595 3437 4569 2113 2117 2494 3465 3294 295 3257 3811 2944 1439 3765 1522 2721 3377 1105 1948 2546 4082 1145 2559 905 1986 3420 954 2164 3180 3580 4309 2389 2780 1507 2361 1729 580 465 1125 4939
3244 2601 2381 3588 2355 3939 2776 584 4921 1168 4796 742 343 2101 1806 4004 4226 2526 436 3130 1211 3803 3581 3107 1502 4588 378 323 4228 4950 658 2596 4842 1558 3059 2304 1019 2524 1881 4904 1409 2154 4837 3586 3654 1878 3383 3922 648 443 3674 3971 4213 4519 4506 3056 592 4463 1598 1334 654 207 3979 4843 3510 4361 4811 2154 3696 848 1177 1819 4592 2452 2475 202 2039 3988 2135 2128 2661 2762 3919 4289 312 2943 1669 2343 3560 3806 3968 490 1584 106 3539 2597 633 3344 1133 1266 4324 20 80 135 2294 4619 784 806 2018 1788 3126 2130 2939 4131 1210 3104 2832 476 2922 3995 153 637 4772 2885 4673 4518 3789 2112 4071 1785 3015 110 977 2374 3910 1043 3267 1956 4400 4377 1768 4305 3361 3188 2772 1463 1005 3022 2491 4599 2092 4210 739 3835 4228 2458 24 3088 1687 2679 2085 550 981 3121 3668 4789 3445 1154 1549 1752 3686 4804 883 1508 1301 4181 1985 1884 382 4296 1978 444 1296 1737 4268 3768 3859 4750 2420 521 908 94 4567 977 2619 4481 3545 1917 2456 1483 3697 541 2594 2684 2991 599 2414 2522 1748 440 2892 1092 857 925 2181 2934 665 3207 4950 3602 3395 1634 629 35 4715 1234 4242 638 375 756 4205 3940 4071 565 2104 3450 4330 4380 1165 1454 651 2087 3399 2065 1518 4810 3923 3863 513 931
1572 1237 3583 4927 1521 3413 4063 2409 4552 1057 4476 2521 4498 3797 2113 4174 2057 1762 4725 4967 3803 4168 4258 3241 4813 3423 582 1819 246 3675 3577 2815 3735 4269 286 2499 456 2778 4435 1134 1053 4579 741 2441 183 3627 72 4958 4708 2578 1891 133 292 369 4248 398 4431 1184 2239 4846 3800 3036 1549 4839 1739 4796 56 1469 634 4565 704 2583 2182 3092 3081 4182 257 1420 3644 3250 4064 775 1218 1311 4075 3569 2424 1020 410 2689 4126 4735 3393 3774 699 577 2759 281 3203 3741 2239 3876 2717 4197 4333 2841 1471 1548 2255 1292 3767 1747 2180 3475 3183 2218 527 909 1163 937 4900 4440 3740 627 521 2122 1412 2059 3988 4791 4352 2080 2181 4435 3372 4345 1319 3559 3594 2590 4132 4519 2329 3500 1895 198 2268 2841 4253 3064 4676 2381 4331 657 1694 2866 4390 3696 3888 4174 3859 4968 199 3541 4446 201 1296 1785 1029 4016 4282 1738 4673 198 4978 1147 3090 1098 1203 1967 153 835 2600 3026 3323 2992 4867 4803 3707 4734 300 3432 1668 1158 3338 1996 3805 49 3280 4792 980 2225 1687 1879 3190 2060 3022 4880 1007 514 4516 1915 1781 47 667 53 1006 1422 1716 308 2888 3952 1312 3004 4567 145 4683 2585 1697 3559 1699 4145 3071 2753 4061 2704 2663 2035 3531 2901 3927 3140 1721 2071 3423 593 1425 1134 662 2643
3110 3904 321 1436 2361 2835 760 436 873 1095 1279 4175 1286 1785 4430 2250 1426 4211 2315 1909 3581 4258 960 1162 3379 2148 4733 2266 1604 2145 4299 308 2603 2957 3507 2741 4204 90 1876 3770 3167 2574 669 852 3442 4032 3209 299 2277 2544 635 2542 1443 4882 1323 2032 4879 312 3805 723 4083 1201 1795 3412 1735 1375 2645 2941 2957 370 439 178 234 3251 4097 1232 2076 784 3124 4129 3021 1984 1548 630 3938 2426 3948 2174 2282 1292 2332 4542 3466 2058 2247 4597 1647 2541 3994 4071 329 2165 2531 517 2703 3470 2179 1993 2283 2799 3235 3292 2924 4323 3803 1404 2785 988 4639 1680 4539 1958 3015 4102 2502 2117 1601 2695 602 1827 2491 4126 3302 258 1563 4560 4324 1867 3812 1349 166 4823 465 2157 416 3973 2363 1902 823 3356 1417 4994 2447 2524 4822 2881 3854 1845 33 118 2495 3968 990 3088 2577 1070 2611 3994 969 679 1150 165 4094 2771 3503 412 3771 4170 494 1079 2208 3670 918 4461 877 2994 1528 4139 3008 1636 3675 688 1596 2774 3002 1944 1814 1711 561 955 1738 3678 1009 4501 3269 3194 3409 1391 4002 4772 2231 4247 2961 1376 2487 233 567 1128 1623 4759 966 574 2208 2239 2540 3893 3730 1233 2836 1359 4382 1042 3692 40 4390 2008 4484 2365 2368 4423 1774 1338 649 3561 506 1662 2780 2288 2678 187
4726 2146 4902 3118 118 3258 695 1921 1907 2533 59 178 4195 15 964 3067 2447 3825 4267 4178 3107 3241 1162 4239 2546 2767 2088 2431 3625 2746 4957 3293 3053 3701 4599 2254 1985 1092 211 1192 370 2713 4818 1385 1789 3169 3085 1502 2202 928 1038 3748 2024 1673 4566 2963 2790 3506 889 4220 4235 942 2900 3018 2289 1166 4853 354 628 2959 3746 1061 1025 861 963 2455 1322 2846 4542 831 1981 4458 2072 4649 2200 4479 316 2124 3416 4252 1060 3751 4939 1971 3199 2241 3253 737 1259 1720 3651 2680 2779 4121 4100 3307 3434 2367 1407 904 3194 2974 4612 2560 2929 1084 2419 293 3579 4884 526 2868 4692 4368 1631 4071 4620 1856 3863 459 742 3135 3348 1548 4441 54 1345 50 3947 2694 2602 402 1134 4139 2848 4815 251 4958 1296 4599 4883 643 816 970 4817 2204 357 2773 4519 3663 925 3250 4924 3945 356 725 714 4566 3219 3270 4023 1154 4057 2617 2112 521 3501 2553 978 115 1455 899 4942 2547 2765 1149 3323 436 3461 4180 1882 2197 2962 1048 572 4341 4735 1209 3207 4906 2845 4180 2279 3314 2490 1844 3527 4983 2898 3672 60 2766 1771 4143 1546 4371 3780 3139 663 475 3243 40 3339 2527 4030 4875 1365 2888 3422 2641 4630 2514 3522 1221 2299 3456 433 4383 3200 3634 3300 2670 3483 2670 834 1637 3826 1375 3937 445
1535 4144 2089 1403 2707 1530 4116 4368 4794 3133 3141 4101 2905 676 4897 2914 2272 522 425 3060 1502 4813 3379 2546 283 441 966 3164 3046 4352 4855 805 2550 3046 4590 2569 2305 2160 1252 2446 3107 2418 1087 2009 1586 3525 821 4082 3594 4442 4045 3197 214 477 2057 3260 3388 2604 1221 4398 3616 4967 1503 4708 2798 301 856 1582 4628 3104 4935 242 4560 2970 1511 4395 1834 1957 2921 2115 2132 3867 3441 4187 3239 2994 4886 2453 4424 4167 3778 2028 2909 4518 2306 3844 1558 2016 1672 4691 1141 202 522 899 2755 3017 4302 3090 2689 860 4408 4091 4352 1335 1703 2892 1836 590 3030 4660 1737 4313 478 4395 392 385 2040 840 1858 3902 316 2087 4624 3236 2830 2651 1863 4259 3901 3009 3655 67 2480 4953 2750 1974 887 419 4475 3361 2161 1829 1299 3625 650 2444 3111 3838 2248 1369 1138 1092 1601 509 785 2218 3658 3380 786 2818 4967 2133 3901 32 4677 4759 1503 1013 1867 717 504 2908 429 3350 1464 4773 3567 3509 3109 3447 2163 3958 1144 1838 4759 4830 902 1962 3324 3106 2381 3359 769 2764 1911 1835 3628 4234 1709 4536 3686 4909 3366 2175 3327 1102 4364 585 290 1385 2523 3353 2722 2997 3359 4188 4311 89 3381 3661 220 1515 3408 1834 1123 4072 4738 368 4286 4395 4158 4895 3807 4414 2426 4719 1155 4119 562 175
3488 1117 3763 3895 4180 4494 3094 4623 4264 1271 2140 1236 4404 2342 1188 4555 4806 2427 4898 2343 4588 3423 2148 2767 441 2945 4211 4932 4188 597 3079 1479 3357 1677 3370 2142 31 601 4166 1045 246 4711 2794 2818 2077 4434 3877 3785 2544 3597 649 2260 3319 772 120 1817 3101 248 2755 136 2262 561 2654 1529 1430 2962 2727 1209 4404 1141 3721 13 4764 3492 985 2667 4588 3828 1828 4122 2490 4883 3275 3035 2066 2549 749 2170 3933 1361 2036 1548 4807 4949 4510 3014 2954 1007 403 831 3215 3153 3826 120 1991 3513 572 1424 3824 3714 1865 1566 761 831 1140 350 907 3585 3662 2154 3559 1445 4501 1254 4418 2636 2737 1811 4015 918 4214 395 4675 204 1660 2339 956 697 4033 2129 4950 864 113 1027 4477 3009 65 3313 4073 499 4140 4741 1546 2082 4150 4543 2586 4029 3636 1905 4063 1040 1081 2607 4128 4758 1687 4178 3266 4279 875 2586 3620 3419 355 2674 4202 1452 3895 1268 47 4139 3841 859 3821 4354 457 3911 4156 1698 3012 71 2585 2460 1412 1640 1925 3009 2239 4386 4588 4561 2127 208 2653 1084 2694 4695 4129 3145 57 39 367 2136 351 2446 3908 3133 4485 1022 3770 3242 2643 4831 1300 4120 4991 3512 4727 2246 170 3380 4759 4292 2103 4617 974 589 1302 657 247 419 4661 4768 1718 4382 1250 383 4467 200
145 2314 2823 612 3537 1060 4600 3525 4556 2733 1404 1916 2244 49 4490 4076 4379 4672 4553 587 378 582 4733 2088 966 4211 4538 94 2319 4224 4996 4671 751 3321 2088 2761 4006 2479 4264 1932 3542 1676 4381 512 1408 917 860 2567 567 1387 2431 4311 1763 3091 3051 1550 1453 403 1184 3433 403 3412 4078 2915 3446 3336 3037 4667 4373 27 4253 3374 407 571 903 2645 4664 2535 257 1563 3515 3703 3387 4547 1439 85 2169 706 4927 1750 2643 3988 4559 1776 437 470 2691 4440 105 112 710 4289 1625 4448 1949 1361 2891 1016 631 76 332 4151 4216 3627 1693 1535 3708 4961 3496 1429 4695 3713 4446 2822 1670 2480 2787 2574 4695 4607 1530 1002 1053 2415 1555 294 1096 2101 1354 1327 79 871 4378 1804 3290 4488 1395 2678 2031 1958 1059 1384 511 4731 2896 1904 1953 3476 1170 2503 4569 2906 2914 1912 2421 4704 2367 1507 3071 2364 3481 110 2374 3046 840 4217 296 2672 1338 1350 2098 424 2074 1972 1316 3063 808 4621 3110 4604 2809 360 1262 3287 4976 4880 1448 534 1362 4542 617 2245 262 1385 4280 4544 3771 1624 309 3971 497 2019 4720 3609 4989 734 1220 591 3656 932 4291 3100 61 1993 593 4077 3832 2585 3964 4129 1451 4392 493 4921 4886 2748 1367 2460 4212 3381 4739 1405 1396 3999 3537 1189 1497 4077 2294 4014
359 162 52 3184 3882 3895 548 1983 1872 2686 3695 3609 4028 4683 3036 1781 3255 4095 77 2258 323 1819 2266 2431 3164 4932 94 1849 849 1912 1736 476 4630 1933 2840 2638 3485 750 3215 1673 3966 1226 896 2483 31 708 3008 3267 3881 1383 2674 3476 1233 160 451 4299 4087 2702 1473 2943 4220 953 3704 1004 3347 2082 4855 2526 2235 3354 101 1572 2211 853 578 2300 2873 4969 4012 1733 2313 2598 2660 879 1340 1255 1496 3881 2062 3013 2062 2907 3557 287 2190 4826 1678 3802 4249 1494 256 2217 310 271 909 4265 2896 818 1351 2083 2381 92 1947 1766 1206 354 2903 214 1654 1224 1495 3186 3427 995 2321 2172 3008 2659 3105 2284 508 56 3516 3022 1321 4127 726 4414 2902 558 2860 1793 2271 2717 4457 1861 60 580 4129 2377 1648 157 1289 4457 3782 652 3691 4875 4297 1968 4482 3022 2992 2795 3355 274 4649 3027 1826 1598 3347 4799 3759 339 1217 4132 4524 2904 3408 3599 1941 527 944 2912 2950 2154 268 3974 3653 2144 3950 179 1306 3320 4680 2899 525 4219 1289 2538 2409 691 1794 1192 682 4496 291 4573 2192 1905 1255 2178 199 2997 18 3616 1878 540 2361 2501 2795 3654 4943 2380 3352 4204 2081 1991 137 1251 1434 3975 3671 1893 4473 222 72 3512 1374 2535 722 4932 4985 2241 4109 416 4644 781 1255 413
3455 2124 2788 207 369 632 496 1376 3252 4844 3304 3163 4445 3890 3508 4614 2504 483 1194 3316 4228 246 1604 3625 3046 4188 2319 849 3961 4532 3608 2925 36 819 3837 10 566 4792 579 2826 4667 1499 3493 2171 35 3347 1710 4107 4625 1922 506 2734 1535 375 896 2270 4065 4936 3227 524 1053 2511 2372 1619 2806 1247 539 3766 1813 3914 4189 4146 2131 2530 1780 663 3466 787 3119 4010 2639 4206 2030 745 3467 3221 4486 1492 2392 2289 1125 1779 86 3729 1513 2972 1282 3523 1882 3447 3864 2209 3997 3537 856 2410 2291 4180 4479 1987 3357 3202 2620 84 1103 1501 1982 3134 2503 972 46 1182 4061 943 4332 364 2718 53 3098 4056 2792 4216 4580 4386 4022 1119 1449 3898 92 1837 4428 2832 3396 1866 3406 2848 2828 350 3374 1696 4886 3488 784 2844 2948 4200 4305 2749 361 4479 4158 4362 3002 346 1726 1246 847 2678 1305 1973 2905 1192 3347 2056 1571 1833 4977 428 1868 1870 3224 2458 3157 4481 3031 1817 4661 683 2617 3642 1032 568 4042 900 1896 3525 2383 3792 4405 1073 4118 3336 2149 4659 3646 3323 3353 3986 4598 4427 4881 326 1655 4427 1318 1943 3679 4781 3184 4756 401 1160 992 1049 3471 4967 2626 2211 2566 4417 254 684 3301 3426 3631 783 4746 2807 4013 3616 3133 4379 2577 4359 4545 4417 4529 3855 3564 3487
2172 261 4717 55 3558 3670 159 4989 869 3300 2397 779 4032 1419 4926 4020 4281 1702 1865 37 4950 3675 2145 2746 4352 597 4224 1912 4532 3630 4283 4443 633 1003 4900 4722 986 434 2050 4230 4378 873 4680 871 4548 271 3437 179 3552 2846 788 3782 1440 247 30 4213 360 760 4431 1789 1498 4768 856 552 2599 2971 3690 205 1463 4587 2872 2124 4814 576 675 1862 3241 129 10 1883 4410 2294 235 1025 1585 552 1549 2112 1090 1785 4304 2501 787 4449 1565 4639 415 1913 3643 92 1833 2420 2534 383 1617 3220 928 4566 1771 1671 2392 4477 1201 4364 4389 4953 2638 594 76 4516 944 4039 4455 2240 3118 2342 833 1779 1231 3932 2622 1492 4345 4277 3802 224 4914 4260 4417 423 192 3853 2156 145 1217 4367 1444 2452 3827 4602 2076 3317 2310 866 2544 2587 4342 2711 550 2622 4448 912 4835 175 1794 4431 2301 2819 3340 88 4969 3335 2026 3756 4917 1442 3262 54 4272 3666 3655 1373 160 2305 725 3735 1265 2209 2434 3453 2007 3418 2069 4476 3111 4824 77 1630 880 1594 3396 2082 3622 3648 3954 1287 4631 2954 1856 3568 1589 1198 1451 2821 1454 1978 1332 2678 3837 4077 1510 309 1809 3629 769 3106 450 901 2345 1519 225 1419 1652 2880 1080 270 3485 2709 2555 1816 3719 2444 4148 2163 1476 2848 3934 921 718 2416
1292 2444 919 71 1840 2047 1445 4644 323 4098 1315 4663 4836 4643 2022 4457 340 4117 3626 851 658 3577 4299 4957 4855 3079 4996 1736 3608 4283 2766 1172 641 4268 904 2086 2273 1548 2841 449 4305 4078 3905 3047 3400 237 1688 1687 4693 1250 3634 4315 4297 4365 4902 367 335 3106 2018 10 2011 376 130 312 713 3104 3462 221 2151 4814 4897 1238 2582 2766 1649 222 1982 1149 4800 4635 4885 537 4263 2745 2428 4344 236 2904 1475 2669 4027 190 1558 2392 1145 1834 1328 1257 445 3862 1736 2300 1449 4638 2822 2599 3747 2432 2539 2829 3862 3321 398 2443 1133 679 2611 4923 1266 4077 450 80 3924 1007 4827 656 1420 4967 603 4491 4465 1763 3511 4572 4186 2956 3246 3658 2076 3718 2679 4450 3316 747 3263 2433 3138 1303 1945 390 325 700 1136 4512 1951 1369 3668 346 3516 2600 4523 4099 3815 695 2088 763 3992 417 232 3732 3180 3197 609 3872 1587 1006 2582 833 269 4168 1945 3604 2199 1704 4671 196 3550 1508 487 3065 1696 2246 1798 3399 2241 2712 2051 1653 1128 2959 2763 2889 1678 3690 1039 3996 1589 1740 3268 3597 4167 92 4330 4094 1805 2753 3766 276 3906 4860 4016 2012 2043 3768 1006 1979 1721 2446 4820 3372 3785 2535 2989 2735 4284 935 4871 4010 2189 4858 1960 1856 345 4924 1654 2929 1205 3270 2978 4871
4021 4863 2019 4809 1570 2415 1005 940 1350 1441 823 4691 746 4692 3176 3466 4116 2935 934 525 2596 2815 308 3293 805 1479 4671 476 2925 4443 1172 1281 1086 3418 3642 2569 2341 3641 2434 2727 987 2959 2923 550 750 220 4596 2490 2600 2045 4669 3048 2995 4195 282 1431 2121 2118 4505 304 212 1425 4663 3101 2990 446 2027 4709 2378 2708 4155 4105 4856 213 1735 2703 309 130 2210 1175 3859 2291 3859 321 1795 3484 2787 3233 2777 2689 311 2033 1916 2908 3670 2719 4840 3120 4761 502 4708 4151 638 3948 3438 1783 2914 101 4485 3904 4347 1369 602 2600 1769 3713 724 2659 1400 832 2199 3286 404 3019 2655 1563 4436 2381 2180 2102 3462 4876 3641 4263 2043 940 539 4398 3609 1671 3092 3785 1123 482 4344 3601 1063 2326 3009 1582 1146 3977 1715 4349 1788 1892 1815 4338 3195 627 121 4104 2277 182 1704 2634 2522 3917 1165 4355 4887 3147 3508 1590 4996 4644 4416 1195 3261 2495 155 4994 3783 3848 3101 829 2105 798 4055 570 2242 4576 1961 1326 1651 1733 3803 3220 4093 2522 206 3533 4982 2474 4184 1803 3497 1130 1849 2031 3165 443 517 322 2160 122 981 746 154 2419 1517 3730 2859 4072 2911 2096 114 1101 4708 1546 4454 1650 2628 3776 685 1046 4248 2096 2023 2463 1177 1253 3892 3254 745 1985 3584 1813 3601 2321
