N: 250
M: 50
Symmetric: true
Triangle: false
5 17 236 57 15 24
6 30 249 126 80 62 18
6 141 50 196 32 164 94
5 115 229 171 85 83
4 203 111 41 185
3 10 73 104
2 75 127
5 163 61 227 31 6
7 33 12 117 144 58 109 102
5 170 181 218 84 187
2 215 172
3 247 160 190
4 122 82 132 152
3 112 242 49
5 174 155 113 54 52
5 244 179 56 8 119
5 20 173 205 206 193
4 135 235 226 47
5 145 183 38 60 39
5 175 76 120 118 116
4 9 180 66 169
3 142 250 168
6 131 2 105 191 95 96
6 200 184 128 91 138 23
7 188 64 63 222 69 108 106
6 36 239 245 7 40 189
5 228 230 11 232 165
3 237 51 136
4 154 45 65 210
2 35 29
6 140 157 48 78 143 42
6 55 176 25 107 201 177
4 79 209 158 5
8 34 16 224 198 159 4 22 1
4 199 148 153 110
4 129 246 202 100
6 241 68 234 231 81 87
3 44 89 90
6 243 223 46 194 74 207
5 166 220 121 240 93
7 101 186 147 167 216 125 225
9 213 214 134 70 37 137 162 53 21
6 103 114 208 146 211 197
6 151 67 98 149 59 77
6 178 97 88 156 150 204
6 71 123 217 124 221 233
6 19 13 27 92 219 43
6 14 133 212 195 182 99
8 238 161 248 26 192 86 3 72
3 139 130 28
267 4837 3955 218 3864 4868 999 882 3886 4901 1887 4011 364 600 4402 2500 353 2633 4121 1835 1896 3843 3137 3191 727 3425 3196 317 57 412 2082 2125 2704 2986 1023 270 1080 2224 4571 2072 1436 770 1665 2458 3264 481 3604 2415 143 4256 1350 4351 2428 549 3303 3214 2022 1135 4345 3117 1806 2028 1915 4567 1779 3851 4792 2720 214 4413 999 2786 1209 1532 4140 2724 1602 4747 4073 1198 4166 1635 2296 4992 1620 4949 1938 1496 424 4481 1409 2828 3782 426 4438 4596 3831 1852 2153 3663 2697 2162 2207 3007 4826 4369 2361 4308 1835 3526 3902 2376 4980 2666 3639 3558 4754 739 2457 1510 234 1653 1617 1126 121 3640 1358 3373 1125 4017 4477 4787 3006 4291 2053 1571 2170 3294 1754 3883 1773 4020 45 2332 1497 2520 3124 2343 842 360 3052 1202 3967 404 1274 4945 4962 4360 1086 338 4370 2229 3698 1769 1281 901 4192 3856 2920 3300 211 3450 2577 2463 2641 3570 2042 4441 721 2905 3957 4320 4573 3200 1497 2459 3957 2011 3779 2855 4875 4202 2599 230 715 2571 1433 202 4543 1454 2150 4902 4815 2988 2909 39 1250 2355 536 4525 1709 1228 2815 3642 3536 4233 1599 2220 4740 4002 3949 3301 2967 1524 871 4261 2374 1053 322 1048 3479 819 1958 1157 3342 4028 1632 4698 2146 2641 805 1608 515 4106 773 781 3324 2657 1005 915
4837 3281 2426 4540 837 1885 3664 3426 3210 4897 4952 1147 244 3950 4088 1438 3605 2625 742 3911 4545 3811 3530 1023 1946 4212 3744 3855 3179 1242 4365 206 4663 4169 1197 3938 1243 158 2008 4691 4001 365 2715 4468 227 4545 2551 358 897 4555 4683 2533 937 410 3449 2675 539 2530 3497 271 4721 1928 2594 4451 4095 4648 334 3879 568 2568 2260 1229 1196 4791 3481 1569 3293 371 3983 1289 1101 2863 1351 1769 526 2563 955 4640 2332 3044 1260 2117 3682 4031 2722 3606 3461 1473 4137 47 3337 3622 2429 2765 264 3749 3560 2013 773 4657 4919 1806 4057 2125 160 3737 4717 514 3960 4893 1853 1231 3303 3785 4547 2580 2500 3739 533 4119 391 3257 1338 1215 1094 4806 4792 2412 4965 1991 2677 550 1968 1633 4037 549 1458 4068 3911 4796 1547 4479 4441 3000 1904 1066 4328 2967 3283 3809 3316 3172 4102 2922 2999 127 2162 943 2019 3150 4335 1107 166 4629 4276 1867 4534 4659 3834 1361 3636 4576 466 3804 1798 2067 84 2545 424 4984 687 3989 2408 4807 463 4516 1997 2249 1449 2478 3010 626 197 2998 911 1102 655 3726 1517 725 1953 4957 261 1440 3853 4376 1076 4596 323 405 2840 3148 1603 4379 3143 836 431 1218 2827 439 2822 837 508 3972 4427 1581 120 1244 4045 3832 2731 2319 3398 4967 1464 3998 1722 254 526 4650
3955 2426 3585 20 2682 141 2689 4533 1922 4968 2342 3288 911 1389 3442 4688 2343 2720 1076 3838 1142 4472 3921 2448 684 4746 1448 3682 1401 1702 3515 1030 2341 294 962 4306 135 4543 2526 2822 4526 4017 2066 1625 742 769 2121 104 506 1168 557 4711 3272 3787 2946 4595 4738 4026 3788 4223 4655 2029 4251 1436 709 2034 198 155 2998 1683 1186 3087 2545 3900 2598 3302 463 3262 4140 4160 1951 595 3781 1751 968 337 4078 1529 4708 4481 1692 4977 1324 1176 4058 182 4717 2535 3877 3521 4828 3097 1995 1612 4889 2743 4185 443 3467 2147 1891 3668 3410 306 4903 2572 3699 3748 1245 2405 1115 2386 1772 641 3302 2257 2756 633 3622 4438 711 4538 2618 4920 3347 1998 344 2329 2780 2526 1097 4895 3813 3120 1209 2483 1139 2673 3327 474 3541 3652 3539 81 3521 1886 493 3400 488 3966 1624 126 4782 4610 1390 97 1920 4536 4168 2453 1556 1461 1934 4928 3009 1278 1540 4901 757 4680 4262 826 1279 313 354 1477 3985 3191 2918 4216 4328 2796 1178 4988 3032 3969 4264 3349 4406 1955 3699 1802 4582 2340 907 2138 3790 4577 4907 1575 1038 300 996 412 1538 3455 837 3352 1497 3402 427 4587 1515 4514 2787 826 2405 2034 199 2247 2139 2827 4049 2674 3047 4710 4923 544 3563 3813 2655 1642 521 3507 1434 736 3825 791 374 1913
218 4540 20 109 948 2907 1859 4759 1864 2858 2635 3133 149 1944 2088 266 764 2526 3577 3174 1780 1501 3603 1344 4303 3807 573 630 275 3804 4269 3821 1523 1827 3677 2660 3428 2216 146 3436 1694 2351 3242 1981 2253 941 4806 4290 476 13 3212 3891 187 3052 4719 3202 1800 1295 4892 3650 3110 3527 69 2305 2333 2883 1925 824 3151 2998 2707 539 410 767 3702 2453 4132 2057 2376 4781 3740 1556 1272 4246 3822 4818 2882 895 2325 4188 1856 3125 4872 3546 669 2622 4274 863 1803 1010 2736 3486 2468 4444 3338 4841 3492 3775 1001 775 3810 912 277 680 734 1222 1897 4823 3205 1240 846 147 2432 1508 2606 3666 4178 133 1987 2839 3408 3641 1901 3349 4710 1478 1755 499 4598 203 1406 17 2628 3165 831 4540 1156 2276 3982 1761 2174 4133 4566 3183 4470 1439 3915 1255 3978 2205 3009 3745 4855 4458 1641 3411 3261 2131 2193 2145 1355 4715 2629 2828 292 137 201 1214 1772 4123 3992 615 370 2114 590 4935 4346 850 1404 69 1536 155 4953 3239 1640 1406 1046 4912 4363 1353 4022 4522 4347 3958 1233 4769 4031 1275 922 2235 2273 786 4121 3003 3361 2460 4400 1034 4018 905 41 2220 4243 1615 2996 2246 4195 3166 3596 21 3719 2259 2778 465 4118 1999 4484 1385 679 2431 1333 1782 2452 2209 1463 3395 2654 1658 4472 3177
3864 837 2682 948 4313 3853 4006 2930 736 2174 707 3505 197 2190 4673 2290 235 2536 4734 1139 2381 3334 1409 708 4726 3374 4200 1577 3192 2759 829 58 41 4809 4130 1465 770 211 3139 2371 3138 2530 4452 4559 1134 177 4085 615 4135 505 2878 473 703 3716 2402 1500 1217 3618 2216 2660 2223 1292 3669 1431 465 455 3042 2776 13 1707 2965 4844 3482 1591 2090 4429 1110 3573 1792 4714 1421 4151 3069 3632 2257 551 477 1038 2131 103 3069 1251 3759 4263 2635 2421 1698 1666 2443 155 190 3010 638 3136 530 1206 4115 3988 1610 2641 301 83 4466 594 3545 3286 2080 4774 71 929 2892 3554 3890 3988 4505 2071 960 2247 2736 621 2750 339 1918 4414 2369 1783 1090 3308 273 2927 358 2165 4948 3050 982 3214 3509 3068 4748 1954 3330 4895 121 1406 2589 968 3053 1709 1543 1428 1899 4782 1504 79 2241 4418 1892 498 2364 2876 565 803 4046 2344 769 2499 182 2264 2958 2203 2929 4378 2455 2478 4099 939 1771 670 4721 3207 663 3388 3523 705 1729 2449 462 2055 4732 3649 4317 3207 1036 3081 4455 4049 4164 3214 3608 1245 4403 509 1666 3430 4837 1487 2791 1603 894 1545 1978 2846 3035 4460 3780 1958 1282 2550 1867 931 3357 774 1058 4835 1576 3807 4433 1967 4095 3845 2841 531 2511 1562 618 2983 3955 212 3276 4373
4868 1885 141 2907 3853 3095 3162 1742 2305 2407 4016 2773 3645 3209 3885 4467 1843 1459 69 2255 306 1435 617 1322 4009 2384 2306 3536 435 4061 903 4823 2375 4209 397 2364 2794 1497 16 44 4559 2104 344 301 2487 3991 776 2660 406 74 3788 3781 4417 964 1899 4780 1528 4040 3792 2789 699 2403 579 1716 1787 4509 3956 1049 1845 1099 1360 2349 4903 852 3195 4557 2639 2126 2647 3628 1480 1969 3008 3326 3385 1562 1597 4065 1163 4941 1511 2984 2196 4030 3730 1625 1761 3622 3161 2564 3613 3420 2439 682 3238 1516 1485 154 971 944 520 4711 592 4850 363 4969 4497 752 621 2583 942 631 3104 1194 2414 1556 2102 2572 2198 4327 4915 1401 3126 184 1227 3517 4384 4419 4919 1985 634 2220 142 1597 2086 1200 2460 2261 4005 1029 1590 1578 205 1478 203 265 2746 1986 2273 1025 4252 3386 3296 2521 889 2243 3636 452 4789 3766 2002 2045 904 3591 1462 1959 3242 1288 2763 4723 4056 4960 3677 2591 2700 10 4880 1129 246 2948 1502 2094 4337 458 4626 383 1454 1435 2345 1308 2713 4749 4716 2934 347 2097 179 2639 1337 1914 2111 4306 2862 153 1173 601 755 699 4009 3885 1574 2398 725 3335 1212 4182 129 2245 1555 2135 4153 4461 512 4007 1782 3768 1780 423 764 2763 3158 4246 4682 2152 4995 2948 1565 2696 837 3739
999 3664 2689 1859 4006 3162 715 4262 1252 800 4780 4993 734 183 1899 933 657 3910 3104 4149 1844 4247 2176 455 2895 4666 4097 3793 2104 2809 2118 1640 4476 739 2738 2101 193 1944 280 2777 4390 2839 2648 4205 220 4270 2826 2562 4793 3916 3052 4910 4034 2426 670 3255 268 4595 2748 1471 2570 83 2696 3792 2197 2758 188 521 2885 1293 4476 4018 4036 1270 1043 2219 3482 4531 4029 532 288 341 95 1085 1341 984 4053 2301 2542 3071 4699 590 986 1877 2318 1868 936 154 279 2631 4334 4186 1320 743 1791 1401 3898 3331 3288 663 453 3721 2030 3058 3026 1964 4703 4014 4512 3407 3167 3607 2529 3651 4264 200 471 3768 934 1125 1546 2797 2307 1929 1517 628 4690 147 3158 997 385 843 3263 2140 188 4847 1786 4845 3304 4472 4461 3458 3589 2604 1456 1244 1448 2788 4597 125 2897 2014 2464 1256 3477 1417 2741 1032 1859 3000 305 4441 2337 3238 3431 3250 1495 1706 3094 538 3696 4496 263 1206 3414 42 4692 821 1337 3593 390 1623 2401 3510 715 2361 2784 1805 1198 869 3963 4238 618 1839 410 1689 1560 1199 3641 2506 3754 3281 2736 4278 3683 3887 1426 3376 1193 2032 1683 4708 1354 3552 1980 4870 3965 2032 1750 11 862 4611 1497 2367 3423 3667 3862 4504 2111 2097 2028 593 4685 26 4083 2530 3867 3852 623 4736
882 3426 4533 4759 2930 1742 4262 492 448 527 4802 4959 4342 4515 2663 891 4786 3732 26 3193 2469 2385 2169 83 2368 715 4541 2296 4503 2347 1202 2525 2320 4333 4698 1686 3363 3395 1822 1696 405 2664 2759 587 697 3199 3827 3241 33 3044 2427 4209 2217 4665 4352 811 3562 760 3828 2453 4706 3160 1233 2341 3217 3910 1939 947 4160 3174 2875 1938 3496 760 4795 937 2963 2560 2439 3883 2022 501 4043 3185 1124 4014 1333 3652 4151 735 612 2200 3848 1849 1920 3631 1493 3510 1539 2748 3726 212 289 4605 4895 1471 39 3289 3042 3754 2698 2405 2052 753 3344 4121 4638 2814 93 344 3914 2146 975 373 2343 2687 210 1928 3457 3864 3416 3546 2348 1623 3886 2358 4003 1965 585 886 1387 3873 1968 743 3387 416 2669 709 4686 3115 3699 998 4677 2251 4286 2210 1018 1760 2365 3464 2200 964 3699 4008 1634 1078 2936 131 3428 1305 4611 823 3670 2437 3033 3366 735 2975 2982 2279 1263 1455 3583 4823 3759 3911 3983 924 1730 2882 4670 3954 1846 1801 2635 2405 872 654 427 2367 4311 877 544 25 3468 4026 615 2412 1678 3474 837 114 250 3137 2677 1965 4591 1273 4624 2013 3386 203 4899 2362 2283 145 4951 1025 3335 3588 3206 638 3307 1827 1925 393 645 1190 2042 829 4391 2354 1937 3540 4593 3308 769 2124 3610 1129
3886 3210 1922 1864 736 2305 1252 448 1257 3801 3998 2182 4856 3945 3099 1042 2685 3157 68 4938 3843 128 2352 1931 3341 4816 659 3186 3107 1097 3407 3126 3838 4353 3826 2975 3428 1547 4798 20 3582 609 4262 1454 1183 4165 3845 797 792 4226 2111 1304 2654 2038 1704 33 1532 3689 3970 835 1765 976 2209 1076 2084 1412 1320 417 3083 3626 869 373 812 2176 3174 3028 2569 2086 4823 700 3851 1460 602 2757 2191 4416 3434 3701 3031 2505 1955 115 4054 1282 3794 4491 678 604 3588 955 1826 901 3880 3432 4006 2267 4648 911 872 560 1392 2694 2490 2245 1726 2801 4013 4599 1644 2924 270 536 706 1578 2128 2599 2192 1185 523 859 2452 4884 2732 3679 2288 2837 2552 10 1469 1951 3884 2982 3788 1804 1694 4411 4863 3444 3994 1325 2455 1309 589 3577 1150 726 2640 686 4124 4436 4446 4013 843 4616 4712 3258 3203 3436 4583 3901 1173 2124 1039 765 1513 3933 2115 1760 2863 4444 4364 2294 949 4535 322 3215 639 3394 2418 704 314 3199 1844 4510 4435 4180 258 385 2142 4223 2683 4190 1355 2843 2557 3777 1806 3810 4839 1023 3323 2797 2872 4883 3027 3914 2961 2907 4719 4878 754 2559 3731 2860 4900 2446 146 1599 3038 3277 896 3638 894 1596 4980 3279 2476 1545 3567 2238 2338 4331 2837 2045 4824 505 4060 2837 4934 508
4901 4897 4968 2858 2174 2407 800 527 3801 2183 4805 394 4355 1347 2289 474 4556 4011 3038 2176 1450 3853 2251 2098 2577 3184 2492 2179 1114 3860 2438 1933 1403 794 3405 2203 1794 3284 2015 564 998 4700 4028 1023 3379 3427 994 1959 3706 2008 3338 4793 4503 3681 1930 231 1814 4082 638 1199 2138 2563 620 3349 3583 132 867 4235 2485 426 3105 2672 2062 552 247 4118 4373 770 2475 4536 3169 3766 2937 2287 19 3955 4450 4795 2630 450 4096 2983 4316 2464 2079 4446 1384 1426 2163 1760 3071 1642 4304 1163 3645 469 4073 2133 4897 3783 1543 1644 4446 4099 4381 1496 2328 3141 2785 1849 2152 4975 3498 3917 4432 2796 839 4733 3264 2720 2076 3490 4202 3464 1570 2955 425 1875 796 765 547 2300 210 206 4874 4228 1819 1117 444 711 234 149 2199 1981 3415 2864 3057 4437 994 873 2902 149 1023 4971 4216 900 3424 4446 627 3589 3866 1864 2337 4035 2269 3635 3409 4737 3657 2149 1385 2134 4390 3255 121 4175 3048 3457 964 4569 4068 600 3514 4402 762 1613 2760 253 1894 3489 185 2566 3594 446 2397 3436 4319 124 273 4642 1848 788 3670 3164 3835 3200 3933 428 3583 415 1542 479 2256 661 768 4912 1876 2207 122 153 1240 4568 4568 626 3345 4135 4786 3271 2830 1441 557 347 2575 4078 3653 3559 3270 337 3219 4551
1887 4952 2342 2635 707 4016 4780 4802 3998 4805 2000 2924 399 2649 1127 942 1457 1767 2653 2184 3970 3932 2621 253 2294 1490 4914 486 953 4256 105 4633 3504 2209 3374 4896 4165 3414 3207 1665 1225 4164 482 1819 4591 625 3050 20 1595 2020 687 3433 2470 1201 259 3397 111 3772 3019 2804 1434 2282 1316 3940 3489 1366 2096 3741 1363 3436 2744 3488 1949 2509 2807 1994 4154 1277 2046 4888 1038 2870 4243 4887 3297 2640 4551 1703 4550 1957 3282 771 2377 4641 4648 2550 3402 3362 1982 1353 1195 2888 2868 340 1182 4251 2881 2483 2921 2598 219 259 2570 1351 2887 4971 355 354 2641 4697 3551 3725 2178 1880 2551 1902 4229 827 2639 4402 2353 176 626 2231 4976 1697 4195 4594 3198 3192 4457 2079 3488 3053 417 1831 2580 437 2856 457 2645 2833 3486 1774 1688 4104 3771 1594 2137 2328 4704 2249 3353 896 1106 3493 2545 3717 4763 4773 4080 2716 3633 2230 527 3861 2412 3169 2041 757 396 902 2863 4823 661 555 3057 1178 1574 294 3304 202 1550 3694 4949 4503 1625 2890 732 3264 3383 4119 4427 3611 3696 1961 1388 385 1901 90 3205 1208 3701 4264 372 3332 3917 4520 835 469 664 2926 1887 4227 1945 84 1482 3286 1780 187 4965 3804 3481 3720 1374 3929 2969 3230 975 3361 4279 1893 4966 1862 3784 2908 2257 2704 4837 1264
4011 1147 3288 3133 3505 2773 4993 4959 2182 394 2924 1304 3631 2079 476 4946 849 397 4521 3153 4359 4533 3500 2446 3986 1199 4687 14 1999 1066 1638 2005 1239 2517 1198 1798 4839 2825 4986 3137 2422 3630 2317 3565 3570 2013 1544 4218 660 917 2918 3847 2107 3868 1882 4626 708 1522 1797 1716 4942 4622 4108 2842 2215 2375 4045 3564 2997 1280 834 2533 773 3141 387 2906 4225 4744 2512 4253 558 1817 3181 891 2161 788 3563 762 2964 1416 597 2404 1686 1176 2084 2588 20 2742 4368 3035 3911 4731 1469 275 1323 3659 212 3634 3429 2157 725 3415 4651 3884 1262 446 843 2681 1005 1552 535 3026 2130 3758 1605 2531 4085 224 3701 2014 2428 3126 4868 376 222 1417 175 2381 2127 593 2771 2192 3780 408 1350 2891 1512 1888 3557 2099 371 1509 4705 4087 1675 1749 1482 1729 585 4492 1200 1398 3991 3808 1428 4650 4659 147 3586 472 4938 3752 2038 2654 4736 4906 601 3729 1685 1243 116 894 4028 2307 2757 3412 1651 4195 2205 2108 939 3583 4086 4713 1816 2977 2018 3214 3321 3603 2548 4214 1541 3814 2728 49 4518 4918 703 2301 4413 1918 4167 4077 4474 2597 2181 449 4301 323 4588 3950 3871 2571 4480 4082 413 4717 2471 962 1689 4534 899 1440 2439 699 3734 2273 1205 1979 3173 2484 3821 4497 2481 2233 4630 2667 3865 3018
364 244 911 149 197 3645 734 4342 4856 4355 399 3631 4799 3875 3664 681 451 2899 875 2111 3844 3112 885 694 1017 1835 54 2422 2970 2460 2819 3299 3558 3321 2473 3312 433 2622 2188 3750 3955 2057 2468 1335 1355 3715 4642 1116 1608 4913 825 2310 2398 1595 2740 1919 202 3185 4352 3090 4280 2585 2676 562 235 2087 3889 2772 643 2036 3192 1900 3910 4582 4312 110 609 1555 3520 809 3259 4514 200 4716 585 4226 922 3909 3926 3682 4587 3979 1513 1779 4778 1419 4423 4665 3440 2644 1505 3894 3394 2804 2303 4618 4434 944 1805 3694 4608 164 4744 4370 4681 1494 2748 2813 749 29 1213 4940 544 1698 3146 826 2375 4995 1841 2558 366 3656 1683 4001 3005 3757 4559 4000 4504 715 184 700 3669 4657 1968 352 4797 1784 4262 3044 2889 4886 3603 2646 3833 923 4791 4672 2919 4290 3498 2588 3636 2075 430 3025 1251 3585 393 3028 2538 4934 3673 926 2375 1776 1840 4399 2496 1738 2245 4306 3854 290 310 983 1878 718 3045 353 3956 3729 1287 573 717 2982 3070 4071 1437 2454 2059 2969 3282 1063 4174 4025 336 2849 828 1602 1743 1293 3461 4085 2321 4251 2147 3745 2449 3098 401 2342 1266 1306 1131 2393 3055 1813 3264 3726 1500 4557 1200 3822 1576 2501 371 3275 4995 116 3554 1232 4571 2063 3394 269 995 2740 4638 3423
600 3950 1389 1944 2190 3209 183 4515 3945 1347 2649 2079 3875 1146 3611 1038 147 4325 3116 687 3774 1914 2386 4531 1970 2453 2104 3988 4396 1175 3111 3540 1793 1807 1785 295 4192 2868 3426 1797 3702 1904 1003 1495 3519 1772 1287 2613 971 3245 3137 4072 4920 1758 443 2062 3373 3539 4921 3572 2390 4944 2453 1377 4368 396 893 849 426 2797 764 3346 1256 74 2498 216 1664 3728 2920 1383 1887 324 1980 2476 4660 2383 584 1165 969 682 4840 2629 923 682 2962 68 3120 763 29 4165 4159 1977 1593 3224 3262 2127 322 3929 4752 3975 1984 2370 752 646 524 3697 3217 3240 4145 3594 3975 417 1090 2544 1251 300 416 3340 2295 4182 4839 1804 3121 2965 1342 278 1381 4502 3366 248 4420 745 2753 634 3571 582 4186 1912 188 834 3292 4145 2743 4771 908 2778 2508 1350 4426 137 582 3504 4683 724 426 3131 1780 46 2569 1853 1266 3985 4344 1669 4487 4697 1177 2431 3659 2563 4548 4627 2345 4372 2806 915 4886 2566 4230 1692 2382 670 258 4623 2855 1193 3745 2124 2249 877 1796 1904 1955 4018 58 2204 3767 1222 1388 658 1635 1617 703 2518 2140 3081 1850 2466 3461 1701 456 2037 2783 4598 1873 2539 1375 1840 3806 1247 4290 2122 2094 818 4828 3829 1507 1875 3105 4411 4372 4357 171 2487 350 2922 3656 4568 4298 2897
4402 4088 3442 2088 4673 3885 1899 2663 3099 2289 1127 476 3664 3611 850 3125 4054 1307 3723 4653 4634 942 2603 2213 279 4417 3914 2253 1095 4274 2036 2379 4322 4583 3212 894 413 3985 2530 1074 3031 3582 3895 561 883 1376 1575 3330 1388 1476 4413 1063 606 1051 3317 3603 2285 1274 4650 2308 3367 4079 4350 356 4682 4585 2217 1192 2949 3888 4677 703 3865 216 353 3637 4732 624 4428 3899 2393 763 215 3879 1885 4350 965 262 4608 4953 3944 3930 1346 2518 4112 1645 4697 562 502 2383 3639 2737 3713 4358 184 3009 1105 4431 1403 3794 2166 3372 2285 4554 2279 4542 2155 4200 3981 3467 4020 1749 3040 3042 1382 2844 2454 4926 3301 3134 1948 1736 3441 3627 2034 2044 2814 2323 1419 2170 2774 811 1477 2308 3236 3313 2802 2447 878 4115 3944 4094 1090 3474 618 1380 708 898 3471 2082 2054 3743 3486 3517 235 4234 1579 3118 4817 2237 3436 4026 3597 3203 1263 4464 4554 3146 2559 889 282 3631 2787 4820 1588 32 2867 4612 2601 3012 4578 1697 2596 789 1120 688 2421 4299 2971 1711 1240 2541 2491 4066 1122 2224 1841 3324 4579 2837 2806 3171 4248 2136 3949 1002 2184 4070 1990 549 2341 4194 276 542 4796 1609 4420 4856 2759 2572 403 31 2538 774 4424 1772 373 1997 3885 2563 363 23 1389 1433 4922 3139 961 2375 270 3547
2500 1438 4688 266 2290 4467 933 891 1042 474 942 4946 681 1038 3125 28 1113 749 3487 4535 4083 4232 3365 2026 325 397 3376 4818 2505 4840 4062 1480 280 1056 585 2688 4518 1203 3440 3261 1985 1103 4726 2717 2878 4947 2596 3360 1953 2211 3407 1980 620 4499 2781 1682 1283 1695 3068 692 2945 3554 4400 1888 1381 2552 2702 1582 4054 1057 2089 2043 2164 2419 3620 2446 1079 3918 4866 2427 1510 335 1764 3834 731 382 3959 2788 1617 906 4182 4362 1753 4414 890 2194 1568 2419 1100 76 4898 1287 115 3964 1185 1042 24 3151 3631 228 2290 2866 2512 852 4333 1581 3721 2926 3905 3267 3844 1303 2227 2027 2032 4938 157 1855 3916 773 3566 4354 1489 2720 1285 1657 1374 61 2669 3159 3679 174 3892 1118 3218 1179 4453 1193 2330 3497 506 1144 2060 2191 2561 2863 2818 2674 1242 3553 1252 813 842 1128 1935 3257 4148 2323 3288 2813 1981 4535 2983 4885 1721 2127 2816 4742 557 3114 3077 2672 2684 3194 1614 4906 2721 3477 968 2179 3331 25 1840 4706 728 2670 678 1154 1695 154 3804 445 871 2190 268 949 1139 1985 1129 3082 1831 4086 2155 638 3995 2581 4066 4721 4121 4541 4570 3385 2792 1515 819 759 4889 3205 4879 251 314 2256 4272 4375 4296 4960 841 4623 4977 919 736 720 447 2963 4728 3086 4126 2221 1221 3585
353 3605 2343 764 235 1843 657 4786 2685 4556 1457 849 451 147 4054 1113 928 271 4186 4145 2904 490 2208 2741 3005 3834 4132 904 3834 3910 681 972 4719 3440 4111 143 703 1571 2944 2912 3955 2934 3790 3456 1799 3382 3113 4534 4845 4955 1599 4496 417 3295 3499 4140 2804 2333 238 4211 1242 2407 741 543 3714 206 2309 1313 436 1089 2245 3783 1358 323 1331 3380 3720 3725 4637 2690 4344 994 1181 580 3575 2663 2867 1098 1833 4422 3241 1643 1748 1407 2217 1977 2684 1950 2244 2099 4939 4360 4950 2075 2228 1432 963 4247 2398 4144 1109 348 119 1621 4064 2258 2929 1289 1412 437 24 2286 4161 550 4358 807 4831 772 1319 119 1062 547 1090 3725 1105 3631 4373 1247 3040 3795 4391 789 3076 161 3361 3845 627 4084 3763 1353 271 3898 3334 4744 3739 3458 3436 1846 4641 2595 3297 2717 2484 1709 4737 765 2552 4963 2394 1062 2587 4020 3796 3998 18 3112 2155 4679 4869 4454 2698 2784 223 4488 3689 289 1192 446 3466 622 3789 4347 399 1655 4222 4883 2072 428 3270 2388 2730 3818 3919 2946 902 4616 3719 4556 4759 1344 4562 3541 3016 3115 469 4691 4018 2488 3904 860 2834 117 4999 1690 3125 4224 3104 1169 3844 3716 2990 1841 3370 3924 4056 1994 1339 2534 1856 4056 2667 1383 1871 4732 2496 2290 735 4171 3767 2378
2633 2625 2720 2526 2536 1459 3910 3732 3157 4011 1767 397 2899 4325 1307 749 271 720 374 747 1316 3734 426 4383 2944 40 4612 3817 3997 2288 372 4956 2134 3566 32 599 4399 267 478 905 3023 3748 43 442 3052 3150 4709 3018 159 4719 2491 1268 680 4431 3536 3700 1323 636 3859 2089 2905 539 2060 2088 3947 1630 1434 3593 4220 4200 65 4740 163 1813 4010 152 3728 226 1897 4853 925 3425 4240 1389 1815 446 440 3683 4324 1780 878 2600 2135 2936 2921 408 776 2188 4926 3889 3622 1701 2193 3026 3762 4935 3380 3210 1895 2459 1480 2201 2952 3395 4906 125 4234 1876 287 3367 210 750 2092 2737 935 2169 3125 4925 1508 1526 1242 139 4718 1635 1138 1415 3850 1367 3362 1955 4606 1466 3121 4824 550 79 3172 781 3272 1715 469 3038 2004 4123 1150 292 325 3545 4688 2781 3290 2394 2390 3817 4026 4052 1188 2268 482 4519 3406 1993 337 625 4327 2483 2236 4598 1148 1396 3855 3705 1396 3442 3681 3104 2590 3180 265 3124 1208 2829 4905 1961 3391 418 3547 3679 1194 1831 2976 4597 1712 1666 2320 1204 194 2102 4872 4415 4389 4642 4189 1670 3537 1993 4558 1036 527 85 4394 4667 4593 2180 2839 1959 3132 4555 2856 1288 4204 3767 4103 188 1360 1135 2726 2634 125 2871 4766 619 3709 4010 2928 113 1985 1647 203 2020
4121 742 1076 3577 4734 69 3104 26 68 3038 2653 4521 875 3116 3723 3487 4186 374 4688 2431 53 2323 2614 3135 4364 1436 152 1096 2808 2404 885 2183 1284 4575 1650 1404 1324 2749 3695 3142 4906 4165 4621 4868 1919 2565 2569 4276 1600 3023 775 3013 1888 4400 4325 3375 1029 995 2661 1858 4298 4762 1459 2318 1575 2787 1869 4859 3509 3168 832 3457 1894 924 408 4844 3603 2002 384 4557 1014 4758 513 4429 1184 838 2957 4531 4116 957 2989 565 4580 240 137 4940 2380 685 3155 2966 3027 1818 2440 1065 1004 455 1930 655 3487 1455 2595 4081 1876 35 1843 1206 2162 3650 4593 1297 2929 63 1032 873 4185 538 517 634 2700 365 2339 572 4682 411 2052 3280 3976 4236 3401 4773 3106 387 3791 2561 3284 2607 1354 49 2022 451 531 1389 4457 2335 1406 2682 4330 2266 20 3630 4209 1468 3202 11 3431 230 1331 545 1812 937 3178 3033 1167 3131 4585 3502 517 4849 2849 59 1089 2507 661 3470 2079 4083 1413 1181 2813 3760 172 3633 4260 813 580 3856 1854 3733 1506 3729 240 3168 2626 4620 1338 1899 1359 380 3861 3181 4075 2556 2192 456 1205 4800 2109 4935 2936 1244 4857 2348 3183 4888 1623 912 1271 3610 58 3042 861 4439 1598 4248 59 1549 1033 2846 3547 1855 3251 387 4977 2560 2548 3428 4790 3910 2703 116
1835 3911 3838 3174 1139 2255 4149 3193 4938 2176 2184 3153 2111 687 4653 4535 4145 747 2431 11 958 3595 2829 1535 2332 4525 3014 2565 1369 355 1412 4784 2458 1913 2722 634 3689 4932 941 4682 4216 2258 4392 471 4165 2990 4613 3190 4309 1145 4337 197 3031 1613 2648 1479 3816 3811 3523 4751 4569 351 3963 3002 2756 817 4923 747 3559 4443 636 1585 984 893 1550 2698 2584 3762 2009 3907 1647 3480 3092 3777 219 3915 359 4137 2001 1618 4225 4727 2503 2089 340 3937 2630 4693 3790 3861 3673 2691 900 191 1274 2706 1124 1578 2180 4818 4486 2409 2979 1471 2957 1435 1822 1956 1261 1720 4629 2572 435 4364 3134 655 3928 2885 2557 40 4859 2341 881 4026 4384 116 215 228 193 4523 3588 4357 4468 2139 263 236 2395 2089 3143 1126 1154 1862 4632 3053 193 3258 2880 3892 1589 1038 3422 3654 1144 1419 4645 4553 1066 2411 3993 1077 2596 4791 317 4101 1868 3002 2800 4090 2893 2857 4404 4250 2912 1586 2861 3440 193 4392 4430 826 1129 873 4992 3464 4638 2650 733 549 4755 1493 3591 288 2174 3809 2461 4028 2918 2506 1695 336 669 4060 3343 1291 4121 4241 4322 198 4544 496 310 225 61 3452 2314 1398 1084 425 1901 501 2672 3098 3689 3980 187 2944 289 981 240 4633 4263 2559 2065 4758 454 2394 1277 792 339 4822
1896 4545 1142 1780 2381 306 1844 2469 3843 1450 3970 4359 3844 3774 4634 4083 2904 1316 53 958 1525 2898 4784 1204 1351 904 1484 3703 4991 2545 3494 778 1513 4088 1067 1722 3253 1810 3716 1291 3007 4087 4725 3613 157 3038 2111 377 4656 817 2627 4315 2040 204 3040 3649 4496 2218 1782 4121 1481 4978 3579 660 702 3790 4844 522 4513 2034 208 4582 4935 3044 134 1977 1801 3488 3178 2405 2685 3869 1394 2307 4256 1350 2729 2169 3221 4202 1538 1213 2146 4278 3659 172 946 2767 380 80 3727 2765 824 3154 3283 1265 2688 3572 1253 3680 1151 4012 1017 1099 2100 3555 2270 689 4079 1159 1678 1863 4931 3342 2664 1216 589 71 4290 4082 2635 79 1528 999 479 3408 187 2183 4915 3447 1226 4702 4127 2251 1871 1204 4849 2761 253 4090 4499 3833 1185 3093 3881 3917 3885 2313 4929 1843 696 1795 3308 842 3704 3206 4913 4352 3349 2670 328 4236 3773 929 352 2918 1008 4321 1910 4869 134 786 3277 1324 996 802 1932 4709 490 3725 2750 1500 298 1163 3864 2074 3684 2793 2610 241 3370 4678 2546 2228 4322 3434 1191 913 1055 2701 2722 4504 85 1359 1189 4033 4507 1205 4257 1379 1738 295 3302 3500 4628 3942 1875 4374 3224 3894 1202 2304 995 2625 4612 3160 3979 1407 4238 687 2481 475 3796 2441 1598 2016 3187 606 4307 2508
3843 3811 4472 1501 3334 1435 4247 2385 128 3853 3932 4533 3112 1914 942 4232 490 3734 2323 3595 2898 3344 1963 2604 4603 4152 4452 1429 2732 1696 1379 4121 2914 3563 4086 4567 1171 3791 670 4943 4696 404 722 165 1698 2792 4531 4841 1733 532 3808 1988 2902 3251 3249 2244 3128 307 714 3944 4738 2253 918 2002 1876 3325 4341 2471 1649 981 1040 199 2201 1825 558 3106 2836 3576 637 4057 147 3230 2182 749 1078 2253 4950 2636 4968 1183 2103 4008 2389 4678 318 209 1624 688 2573 4810 1916 1880 2211 3111 296 884 2488 1511 4700 1481 4486 904 1561 1526 1571 650 450 3662 2289 4633 825 3170 2572 4252 1693 4685 1524 2871 4241 4488 1605 1437 4190 2953 4723 4488 1787 1064 3142 2430 1097 532 3555 3566 956 4034 3767 1367 4248 3665 1623 4526 1351 685 1153 4487 68 4397 2883 967 1492 126 544 1862 1095 2098 4024 3220 373 4344 1111 2671 4772 4858 3203 439 2790 4142 861 3405 2280 2483 4960 421 3370 3955 2420 1100 4813 3818 541 1257 4475 2395 4778 591 392 3704 621 958 1745 1397 2487 4667 2688 2282 1722 681 608 4030 2301 2022 1810 4054 2337 480 1303 279 60 1327 4487 1537 4692 2526 1579 4165 1595 4688 1910 4444 147 2518 4152 437 194 534 977 3742 3693 2955 1172 3629 106 171 645 408 616 3921 2073 4418
3137 3530 3921 3603 1409 617 2176 2169 2352 2251 2621 3500 885 2386 2603 3365 2208 426 2614 2829 4784 1963 4049 1688 1373 119 1377 1283 3989 597 1541 3444 4498 4535 4828 786 3368 3177 3445 4309 3463 1708 1387 4163 3185 3918 3069 4918 2546 4015 2553 2867 4594 341 4850 500 3346 735 4645 264 3188 889 1246 4613 1600 2431 494 707 4268 4235 2247 2672 167 221 1037 546 3477 2208 682 2849 2108 3131 679 2538 2738 385 4763 4088 1119 461 4584 2975 2578 4682 175 1069 983 2353 2890 1243 2999 3912 2750 4376 2775 3425 4059 2238 3171 2889 4752 4303 4590 2472 1802 4907 1358 4466 3742 1647 1775 1451 1054 416 3582 3020 1276 3687 2063 1593 277 2067 2678 4345 3638 4507 714 3788 3924 3229 4471 2465 3655 3786 2001 3750 468 1555 132 1668 2419 1946 3850 3970 4272 2174 575 2811 1754 2552 3228 418 2106 4337 3319 1098 3048 4246 2325 3735 2782 2825 2619 2439 3998 4367 3067 1427 2923 4054 1303 1100 2222 421 4828 530 939 2041 3566 4190 3294 2571 2546 2800 30 2835 708 4823 4182 4924 1208 3193 4872 3852 2013 2580 3582 4225 2228 45 4137 1710 3415 1017 4510 4673 3402 617 2073 1401 1600 4792 2991 1681 874 4813 850 3863 4700 455 953 4160 2477 2295 1937 634 2540 3442 2105 4054 987 80 3978 3166 1790 3828 2446 3383 3787 238
3191 1023 2448 1344 708 1322 455 83 1931 2098 253 2446 694 4531 2213 2026 2741 4383 3135 1535 1204 2604 1688 3892 4304 4971 580 377 3146 3202 2034 715 2501 2171 3714 1320 3212 3168 1033 139 154 3599 2447 4768 2187 1751 3897 2583 2519 4577 1803 4208 4608 4602 3870 1716 3759 4714 1836 4401 3453 990 191 215 4362 3259 4876 696 3697 1679 1134 1463 3590 1795 4371 1003 2002 503 1567 3115 2522 1206 4056 519 4127 924 1388 1646 1537 3246 4929 2270 2679 194 4032 3877 1407 49 4796 3085 3122 3446 4140 4257 137 4383 2079 4612 3879 151 2605 4063 2635 3296 1377 1541 1150 265 4777 3634 4004 2573 3973 2526 3148 4253 1839 1284 1245 3146 727 1245 2258 2549 4928 4345 586 2566 4596 3324 3557 3074 2353 1047 378 4630 1034 3133 765 263 4670 2679 1845 2814 4463 3105 4469 4820 1822 874 2153 4649 490 3535 328 1116 1614 1996 3906 3101 1320 4944 224 874 3210 1841 4797 2876 2207 660 441 2438 3363 1929 2217 2862 2524 185 822 838 1507 4923 1562 4735 1193 472 2943 878 364 1502 2192 1395 4596 981 4095 2211 2310 641 1966 4979 1855 916 1811 4280 696 3168 328 4573 4812 2224 616 1562 4538 3410 4744 171 1720 3921 1609 2623 276 2022 3617 2934 2364 3986 1029 213 3413 4339 2855 4272 4199 4868 1980 3070 2262 1138 4061 2369
727 1946 684 4303 4726 4009 2895 2368 3341 2577 2294 3986 1017 1970 279 325 3005 2944 4364 2332 1351 4603 1373 4304 3560 1974 4286 4370 3096 4691 4259 3163 194 1267 4428 4548 586 4115 3562 105 839 3530 3449 4611 3876 3549 808 2632 1932 1395 2723 740 3365 1915 418 3094 1217 1286 1072 2153 3042 836 2883 1219 960 3069 2634 1072 4017 4298 1814 745 2979 913 217 2389 2263 368 1215 249 4096 3478 3490 3653 2566 4793 524 273 2239 3115 335 944 586 3866 295 3478 372 411 881 22 1447 3065 3238 1709 3100 2634 1470 195 3988 3533 3182 4367 4148 1837 3826 4005 4486 941 2960 3923 4627 3164 2335 3778 650 2448 2840 477 172 1342 1564 2508 4253 159 2081 1492 2257 2695 4541 2267 194 3991 4673 1356 2407 3709 1326 4248 1259 33 1305 1530 3135 1602 4636 4401 3192 4724 200 1338 3637 475 667 164 2758 3366 2152 1578 1975 3826 4030 4193 3682 1701 2889 471 4161 2036 4914 22 1753 2085 566 1950 4861 2559 1255 998 1236 1450 4111 4415 4790 4952 3891 1788 4006 884 2254 3181 1969 1257 760 3363 2856 1540 830 3843 245 2686 1478 1397 3226 4143 87 3089 53 1727 1632 3092 1385 2159 4368 3442 3460 200 4565 4040 2051 2718 4612 3624 2196 2010 170 3954 2058 988 4095 4495 2152 2803 998 651 1221 3649 450 1646 3997 4933
3425 4212 4746 3807 3374 2384 4666 715 4816 3184 1490 1199 1835 2453 4417 397 3834 40 1436 4525 904 4152 119 4971 1974 924 2985 373 16 32 2233 2995 1517 2651 4528 41 2167 834 3934 159 880 49 1676 4835 3170 4807 3571 4553 603 4996 3106 128 1910 725 2299 407 3114 1399 4419 1364 380 2747 3051 1293 469 59 3897 1406 2734 1953 1663 4915 831 3721 1176 2161 4277 2755 1237 3083 3114 4084 3526 2560 3663 475 2566 3018 1862 259 837 248 1287 2634 1772 4304 1896 371 4078 898 3988 4496 4172 2754 4721 2208 1020 4438 1133 1398 507 2672 1763 82 2755 1097 296 4693 226 348 1110 3260 1919 785 3749 4396 2874 2796 3565 313 2551 1528 3856 3171 1641 3159 3377 2770 3495 756 1413 2793 2135 4828 1912 178 969 1912 153 2083 3050 20 2022 4283 1586 2335 4003 871 2185 4226 1037 806 4523 2722 4365 968 1013 3546 3219 1402 2304 1111 3611 3372 3281 207 2386 2955 3507 713 3963 4956 3542 1285 3782 4208 291 103 2767 1795 2413 1223 2438 4750 3035 2579 3893 3031 3159 226 2030 3929 881 4928 4296 3781 649 2146 3964 2001 3724 3007 4756 3100 2213 4634 4637 1887 1075 3633 964 2575 3379 561 1506 893 1176 2363 1723 287 1189 3110 606 3111 2818 3229 4967 3313 3501 2174 2358 822 3109 4031 3398 4458 4305 1810 2815 1036
3196 3744 1448 573 4200 2306 4097 4541 659 2492 4914 4687 54 2104 3914 3376 4132 4612 152 3014 1484 4452 1377 580 4286 2985 3873 1612 1500 4363 3640 650 2377 4649 2851 1463 4836 1676 1494 1870 2511 957 738 3272 503 2028 4114 2694 75 4805 1865 2649 802 3102 2133 2902 2364 561 874 3843 3415 4832 2680 1594 1676 2590 4377 2810 2235 152 1814 54 4604 1092 688 1407 1915 4143 1168 1158 1983 3544 949 4156 4250 3136 1298 1068 4394 3553 4638 4565 4546 3360 4101 1161 4180 3783 1160 4320 1948 355 727 445 4908 4276 78 4625 4842 3388 2799 4059 4885 2585 2994 1009 2338 3512 2779 2964 1939 217 4653 884 1816 1058 4001 4910 1931 3703 2080 4314 1067 3616 2599 2151 4455 4701 1299 3745 41 4836 2661 4842 1350 1566 2479 1123 2655 304 2933 348 2529 1889 1084 1323 2260 1007 2778 3629 4127 3025 4050 2088 595 3407 4576 1302 2004 4666 1822 3412 3354 4924 3787 3545 1679 3057 2037 1202 4946 1795 1930 3704 3155 2643 3672 2211 4784 1552 4897 3323 2295 2750 140 2056 817 3051 3752 1609 2823 2263 3605 3008 4057 3693 4288 4563 2766 4537 2936 3751 4869 3682 3637 3453 2273 13 4239 1072 679 3696 3361 3019 2196 367 1222 2553 4155 3811 2989 938 3393 2866 4443 3143 2434 1904 2695 1449 4418 2274 54 1507 892 4798 537 163 1873 1469
317 3855 3682 630 1577 3536 3793 2296 3186 2179 486 14 2422 3988 2253 4818 904 3817 1096 2565 3703 1429 1283 377 4370 373 1612 4045 1687 1462 773 322 4852 2161 2844 2604 1999 239 3468 4107 365 3557 1176 3059 2975 3746 3577 3359 1855 3438 1275 721 719 4648 3826 1450 4771 4950 3185 2914 467 45 2111 2782 230 860 1787 4545 4973 3504 1159 1154 2942 554 126 2199 3258 1828 1696 2121 1593 88 2080 1551 3892 2209 4213 783 2948 4177 686 544 4611 2249 324 3380 4810 4262 4512 3980 1349 1434 73 1435 1843 1086 1127 1750 4370 2242 152 698 1169 605 3067 2112 4639 3727 4665 2752 2238 4183 1030 2166 16 650 3053 2721 2928 1816 1850 4585 4942 2862 3196 312 4508 1387 810 2097 2096 1622 1788 1989 2978 1878 3328 405 2609 1694 690 4879 3507 4923 1205 1513 800 4599 1183 3530 295 608 4952 586 1657 2574 4752 2190 2656 2962 1199 4340 2186 3034 3328 364 889 4885 4057 2588 2050 2748 3763 4339 1707 4934 3439 4220 388 2625 781 1866 4610 1722 4320 4589 2045 2740 4060 778 1366 1504 3434 2631 2839 2860 4875 2697 1574 4430 4356 4622 1753 837 3955 3773 4095 4507 3247 4306 367 3321 161 517 1842 242 3788 1507 1205 791 764 1947 4798 87 2192 202 2267 715 1619 3961 377 2753 4015 4201 4444 1881 1712 3710 3523 941
57 3179 1401 275 3192 435 2104 4503 3107 1114 953 1999 2970 4396 1095 2505 3834 3997 2808 1369 4991 2732 3989 3146 3096 16 1500 1687 2383 4984 2078 3761 2235 745 2335 511 4497 4117 1066 202 629 3797 3216 4568 2917 2507 3118 1818 613 1929 1584 4721 814 895 1522 3983 2757 2774 1103 2307 1990 2018 1081 3531 402 1100 4303 2363 4933 3199 4583 191 4653 1805 3301 3163 2799 414 4500 880 3008 3212 3580 3965 2230 2701 1522 246 4098 3514 4533 1094 508 1412 1169 4712 1312 3637 1219 3821 3904 620 2802 2473 4393 1518 1657 3314 1637 3864 3370 4165 2348 2631 1502 1834 4902 4286 1428 2710 3870 4969 4943 2272 4854 2959 4029 3960 2684 2357 1773 3428 4689 439 4289 4245 515 3662 254 3716 1043 2246 121 4186 4736 3087 3313 1966 2326 3426 3425 2712 4226 1782 2619 679 3307 1808 2013 1743 4842 4082 692 2452 3163 395 34 2731 1036 515 3346 1469 4816 3621 1949 4859 1197 3279 1394 1509 4897 3198 2193 1460 3408 1955 453 400 1184 900 4456 2225 4439 3837 3264 3087 2773 2417 1468 4572 3853 4421 1013 3028 4523 283 719 4011 4298 3818 3398 2292 4069 2195 1474 3234 4080 2637 3014 2395 2223 1408 3382 2317 2405 3463 1141 2195 2161 1873 247 672 2384 2778 1940 2866 2764 2976 134 1675 157 1119 2543 4527 2663 4184 4506 2333 3398 3028
412 1242 1702 3804 2759 4061 2809 2347 1097 3860 4256 1066 2460 1175 4274 4840 3910 2288 2404 355 2545 1696 597 3202 4691 32 4363 1462 4984 3241 2974 4367 3777 3855 3819 837 2482 4652 3400 3414 4838 3070 1465 4470 4543 4469 3142 2580 1431 2470 1222 3110 3793 3267 963 134 3509 2024 4187 1993 3581 124 2685 3435 386 4777 3875 3873 2298 739 2292 3141 724 4919 3719 1793 2801 3199 3465 3959 3747 4958 2127 986 2360 3215 493 416 4520 2690 1237 3460 3382 67 3810 1847 1486 883 1874 832 1279 1141 330 4843 2171 3426 2328 3131 3001 1582 698 3172 3722 1771 1292 2200 2022 1604 2165 3530 2831 3202 694 4299 3692 1133 2921 4960 3260 2132 4232 2762 326 810 4799 1139 187 3934 4927 2045 4302 4804 3585 3628 713 50 3396 3223 713 1486 4062 585 2542 4691 180 3250 4106 221 3512 4992 3634 3430 1403 1854 3357 2486 3858 2356 912 3370 3188 1368 4012 3382 3389 2449 3593 1623 4617 579 1009 1062 3579 739 4564 856 4272 1891 2711 4357 1338 3385 4837 3809 2884 4432 4873 1423 154 3952 4354 3753 4637 1983 2747 1338 2485 1547 2845 3975 88 3636 3029 3459 340 896 1429 2689 3005 3640 1262 76 2240 3701 4746 2827 2331 3439 955 2895 3080 2422 3545 730 3219 2186 4503 2274 1076 4043 1082 1238 4429 4232 2040 3624 2316 1934 1234 4065
2082 4365 3515 4269 829 903 2118 1202 3407 2438 105 1638 2819 3111 2036 4062 681 372 885 1412 3494 1379 1541 2034 4259 2233 3640 773 2078 2974 1777 3494 1327 4306 3396 3643 1199 4177 661 4698 528 3259 4136 143 4899 176 427 4391 4211 1381 1053 3265 3245 4366 2473 4403 2062 492 4308 414 3960 4500 36 4771 4968 2471 3084 2211 4697 1441 614 1467 1079 4712 2155 3064 4151 3776 3961 2295 4196 3434 314 2864 2055 1037 4721 2821 3284 4043 932 3737 3930 364 1615 4578 656 3571 4684 4952 1396 841 4486 1875 3194 276 3205 2355 92 2586 1209 962 3619 4632 1916 3914 4268 426 111 1129 1680 4982 27 3007 4064 3926 521 2435 1316 3764 4911 4050 3571 1373 3536 4202 236 2983 82 2871 4332 678 4229 2651 1227 4521 2572 1244 428 4533 1106 3491 3883 1338 1933 911 4347 4651 4782 4916 4232 3696 1340 1762 2514 1405 2674 1228 4630 300 2984 927 75 4919 1795 2329 4412 4763 4617 3984 4718 2768 4756 869 4045 2985 564 1739 1884 641 3059 602 1197 4253 3114 2245 4631 1857 3950 3400 2330 351 1638 2541 2561 1813 4816 3999 3904 3657 3640 201 88 4844 4360 4748 2066 672 2917 1365 2498 4723 844 2362 4405 3546 3077 2354 3509 301 3395 107 1247 393 1171 2576 3136 3501 2638 4535 4129 877 679 4743 1364 2410 1676 80 3351 265
2125 206 1030 3821 58 4823 1640 2525 3126 1933 4633 2005 3299 3540 2379 1480 972 4956 2183 4784 778 4121 3444 715 3163 2995 650 322 3761 4367 3494 2615 2694 171 3338 1930 1837 3450 2007 3762 690 2697 2400 1858 4079 4000 18 3406 2090 3874 1436 2335 3536 807 697 394 3359 984 818 4506 645 45 970 2100 46 1117 2182 3001 1145 2469 1415 2249 2933 4981 467 4283 1086 4847 1910 115 1317 1339 4920 3007 1263 1611 1654 4554 4448 3176 3352 878 1565 2487 3389 4842 1309 4657 743 1001 2604 2590 4027 2744 39 3828 765 2022 3869 873 2770 4193 3145 3585 4820 4474 4814 500 3714 2802 4545 2264 2480 715 531 4044 1894 2453 3599 3749 2019 213 194 2819 3082 826 3770 2814 2817 1270 4209 2557 855 3223 2834 3733 1584 4547 865 2758 2587 829 4702 2017 3840 2248 3599 649 3962 1208 429 4338 3263 1384 3184 1436 1369 3808 4439 2523 762 2247 4950 2693 99 2509 1582 4307 4026 4586 4152 1595 3231 308 4512 1830 3541 4420 447 3721 1433 3607 2657 3778 1930 2858 125 3158 4727 3119 648 4059 1882 750 3800 1806 1011 3316 4193 3278 217 1410 3235 4923 3871 4113 4910 2617 2443 2606 1116 4629 2713 4194 47 479 2949 2895 3387 1096 3822 2179 4152 637 3660 821 3119 3825 239 2733 46 4567 537 848 2325 329 1261 3595 4667 3522
