N: 250
M: 50
Symmetric: true
Triangle: false
6 181 2 191 111 201 158
3 5 21 83
2 43 61
4 170 41 149 104
7 143 196 134 113 13 165 130
1 27
3 232 121 161
7 39 250 72 118 50 28 174
5 91 137 36 70 155
3 193 218 7
6 179 97 242 192 223 233
6 150 125 186 46 19 171
5 14 156 78 144 139
4 216 247 198 169
4 89 228 63 117
3 98 241 133
4 210 65 235 222
4 140 71 131 55
5 202 183 163 123 54
12 96 234 190 114 56 177 25 77 148 24 67 80
9 62 82 42 9 182 249 74 195 95
6 15 45 3 90 122 221
6 100 141 146 219 102 29
5 160 87 145 108 180
2 30 173
4 138 1 106 230
7 166 132 57 172 142 18 204
6 126 120 10 153 226 17
7 16 124 154 66 245 60 128
1 168
5 75 119 107 88 231
5 147 213 135 151 188
6 199 38 109 31 112 248
5 184 33 64 175 246
5 220 164 240 85 187
6 229 92 157 20 200 76
5 167 93 214 37 185
8 12 35 48 34 127 159 176 244
6 225 105 53 86 197 22
6 209 44 58 94 152 224
6 8 68 203 207 6 136
6 84 243 4 73 103 23
2 205 208
5 238 178 11 115 52
4 40 69 47 236
4 49 217 206 79
5 237 32 239 99 110
6 101 26 227 189 51 162
3 211 81 129
5 194 212 116 59 215
1101 725 2588 1467 3485 1599 3418 3022 4938 2364 4540 1402 1646 2506 2042 426 1344 524 4185 4587 1582 1957 4203 314 215 1017 2261 2336 4965 4725 3296 2892 1379 1495 3053 1327 4154 3735 267 855 2858 2299 3502 3484 2739 4858 4382 4879 2339 3890 1478 2620 4022 2122 2916 761 971 2554 1243 3307 1607 4090 1538 518 4793 1529 987 4732 1358 4314 4359 870 221 4708 93 4415 2418 1521 3721 4315 3777 3399 2332 4813 553 1999 3826 4457 1443 1998 4455 2179 2082 4969 4447 1688 2804 2933 4513 2081 885 2477 743 131 4169 4401 3336 159 2161 2096 73 3509 2519 1182 4698 2275 4193 1085 2056 1415 1649 2418 4676 3651 3445 1727 3826 4499 3002 4262 3515 1977 3591 88 152 1198 3206 1970 4807 374 818 3221 2708 4821 4329 215 4320 2833 3580 2535 2147 2886 2850 764 2270 937 467 233 1730 481 1869 4995 2877 1951 551 3450 3335 2488 3389 2962 232 3047 4532 2157 4645 3685 3279 3307 3073 1057 4894 3748 1160 4214 992 1395 2846 2477 394 1660 3492 3900 1262 232 3964 1951 2991 1092 1887 3432 1710 1183 4766 884 2928 3158 2485 3251 3667 4914 1700 1174 4117 3216 1126 1639 4673 2296 4803 3552 2807 259 4905 1556 3201 4090 342 3866 4513 783 4826 358 3920 2431 2682 863 4977 4287 4040 2021 2658 2712 633 157 4375 2354 3112 4593 2948 2661
725 2714 2487 4081 4014 739 3264 3581 656 2090 3588 2777 1811 3990 3993 2413 4912 4086 3230 1502 332 2888 4617 626 3481 902 1534 2397 3153 4994 841 4258 1060 520 982 727 2605 1861 683 3112 643 2126 3801 2557 2301 4120 2977 809 444 1887 919 2956 1170 1077 143 2149 1421 401 1530 1110 2106 2840 2124 1314 1289 3770 749 4061 1036 3996 1168 1554 3807 4934 816 3470 3918 2107 826 565 2632 3496 2100 3494 4247 227 603 1157 510 404 3866 4586 2738 4428 3504 1154 1564 509 1519 3912 808 972 2417 1760 1522 4937 3867 3153 609 4888 4801 1733 4949 4839 521 2460 2488 2664 4727 2976 3757 1830 529 4831 3768 1723 2356 3652 3180 2748 3844 2066 10 906 1802 2318 564 4217 3587 4707 4745 285 3542 2484 4436 1758 129 962 1216 4483 2764 3219 2187 2900 698 3286 771 3177 4441 2901 163 4213 4300 3758 3636 461 296 3413 2833 4350 4959 4121 3899 2699 555 1472 2667 2872 4780 1890 672 2731 1998 93 4229 4800 3500 3277 2129 4438 2924 1006 1621 1953 526 1373 1624 4568 4428 4478 2664 2607 2184 961 2863 3053 2440 309 1877 4622 1643 4409 503 973 4005 2769 1160 1531 3227 4382 1351 413 3779 2378 335 2620 2588 3120 4294 4675 2645 320 4867 2393 4108 4651 2416 2579 998 1972 3160 3660 120 1438 4766 3935 742 4335 4698 4932
2588 2487 2016 4645 2808 373 3017 1722 1599 1006 1818 348 3020 229 3425 2446 1389 4683 4398 2821 2241 3847 1512 4378 681 2154 3551 1113 98 632 3246 941 2128 4554 4294 2291 4025 3398 702 2447 4650 1853 1283 3810 2575 1789 777 2652 1777 1141 4859 2016 3761 1826 4329 3784 4000 968 80 4087 4764 516 4460 3035 991 4895 4034 3812 3563 4130 2162 3401 4381 4423 4770 2127 355 1008 4147 2565 4327 1218 3100 2936 1995 4774 2650 482 3640 4955 2523 4880 1286 3779 1109 421 3770 1075 2948 4498 2685 2967 3583 126 4753 4715 1809 3508 2312 24 122 4295 3606 2286 2737 434 261 4959 3415 4995 2934 3665 4877 4145 2315 2135 1384 3192 3855 1667 3605 961 3569 1487 1632 267 1037 3824 2770 241 1881 2954 1554 4467 3519 2114 567 209 3317 4957 4184 687 1890 547 2993 2861 2796 2603 1676 3765 1147 4561 4175 518 4750 3867 1688 1021 240 1413 4313 18 1339 4025 4843 4714 750 3446 3109 2696 891 4331 3316 120 1626 2381 1075 4596 586 4532 153 2126 4039 550 3890 3806 3217 1369 553 2578 4681 4727 2936 4715 4371 2803 4898 4607 1105 2840 448 1212 2270 1567 252 412 2865 1547 1293 128 3565 3991 1889 4013 3354 841 1457 4159 4674 236 3674 2442 1099 3146 144 4450 633 4038 3364 2164 320 663 2471 906 2427 718 4871 656 4773 910
1467 4081 4645 4062 4674 628 2219 3568 1729 3853 38 4205 4606 4986 1477 1112 1051 3098 2354 1687 798 1042 2521 3583 912 1269 432 4265 3798 741 768 4196 444 4054 1602 1459 4669 3201 816 629 4964 3296 2770 3948 3789 4284 539 1001 1033 4655 2960 2989 4067 1714 4529 1730 2134 1430 4745 4323 2454 4157 3536 3667 271 1558 772 3820 1865 3539 4595 3410 3339 3964 1332 1130 3850 370 481 3775 4377 4902 344 2521 2698 3327 4028 4421 149 1735 721 4226 3158 2793 760 2231 1864 3563 4239 305 2246 1771 621 3089 1140 4775 1912 2035 2561 3431 3373 394 3544 1497 4473 2972 1584 4064 328 3910 329 333 1644 4038 2743 3293 279 2782 2827 2178 2029 3917 4362 4560 1566 4500 2174 3771 1305 240 1009 979 1914 1701 1457 644 1809 1052 1813 410 2866 2100 2174 788 775 834 113 4452 3101 652 132 1475 2599 2437 3769 3264 995 2758 150 1627 197 4516 379 2387 3634 1968 2485 3131 1999 1855 4941 3883 4967 3435 968 2589 2780 1141 154 2511 508 4938 3447 2762 2933 4086 4299 1225 2055 3359 638 670 481 901 3306 4173 3037 532 1715 4498 826 4790 4467 1477 3573 3897 3761 1041 205 2237 3634 1819 1558 3970 4893 898 656 3778 3391 1096 4355 4569 1843 104 3248 3011 430 4159 2618 2426 228 493 2889 656 3279 2529 1793 1414 3049 2875
3485 4014 2808 4674 581 859 605 2964 2666 3023 3961 4216 4882 2631 335 4393 2121 2938 4973 3071 387 803 2559 4848 4541 2850 2210 1060 3761 1824 2259 1225 1463 959 4478 2785 4677 2060 132 1158 4398 1371 2337 3446 3054 1603 2935 4073 574 4448 3037 539 4152 3159 3948 3254 4522 3521 3674 4911 1384 1809 2006 2318 868 901 175 2841 1366 431 2037 634 620 4942 956 554 2846 4306 4293 497 1192 1874 1773 2631 2578 1344 109 747 2643 184 1596 1968 2660 2685 2628 1960 3041 438 2152 3390 2522 2678 2047 538 4424 2662 913 4975 3263 3428 1596 2745 2881 3050 2009 4037 4137 178 4048 1622 705 3003 943 1326 1153 3169 2052 1580 4528 1182 4231 3324 3401 4941 2594 4145 3251 2987 4547 623 4431 715 2685 172 4523 1224 584 4627 588 4139 1805 4061 1071 2030 3821 408 4182 3660 288 476 771 828 3214 2758 2094 306 419 3705 943 1611 1790 1843 1482 1514 771 2898 659 907 4756 720 902 2740 788 2156 2559 4862 4326 4045 4713 3846 97 4570 560 1263 4817 4072 813 3233 130 4845 2410 4022 3399 4201 921 2390 190 244 4973 4022 1085 1999 1580 4724 3428 4632 3956 3851 1501 2461 699 1421 2433 1168 1081 4390 2591 2921 875 1921 1468 2839 653 4392 627 3732 506 2852 1941 1742 1615 1005 3861 192 3038 1429 123 4651 1913 2378
1599 739 373 628 859 4306 82 65 4625 4817 3749 2178 3365 4008 2090 1875 762 4604 373 3695 4742 1241 393 2737 948 693 4650 2275 3236 1805 1896 2740 71 27 1821 2972 3451 3516 649 2385 3442 4530 1089 3106 2287 1941 980 2311 683 4246 3332 3543 461 924 4693 2520 4386 358 3835 13 4836 496 2490 4651 3637 3880 1143 3803 2609 2956 2035 3817 3177 3731 3331 97 3468 990 2879 388 183 375 697 4537 3793 4734 1053 1418 4526 2911 3022 411 4191 2852 4495 3182 1427 3596 4219 449 3456 3446 4591 4776 2368 2407 4645 3307 58 2010 3662 443 3768 1256 1156 426 2382 2058 4955 264 1344 1490 1851 2588 4469 4842 1100 3099 929 3803 1319 2239 2090 115 168 3488 2173 1760 4797 2342 3328 3204 1435 4008 4526 3499 2396 4488 3890 4313 4276 4900 4987 3024 2251 137 259 3721 4684 4607 3424 3425 2360 920 1817 4149 4094 1576 3745 693 3513 1538 1946 4630 3211 3877 2981 457 4456 4614 4932 4669 3882 4858 2812 4498 2776 2354 4443 716 1527 2651 2959 2873 1596 561 642 3798 2397 1859 2448 561 195 1028 2066 3051 1951 1004 1909 1094 1874 1346 2005 3145 1803 2534 3071 2602 2932 1321 2812 3414 156 2011 412 3454 2915 4346 2476 3969 288 285 4116 541 3327 3054 3734 1272 2609 653 4356 2699 4755 875 348 924 4410 108 2746 2931
3418 3264 3017 2219 605 82 566 950 1469 462 550 4657 3274 2749 4827 3405 4684 430 1148 3958 1671 102 1160 320 3741 4063 962 1919 4693 2527 3405 1350 1258 1378 1990 2580 539 126 3381 4918 3345 656 53 60 4214 3078 2390 921 4644 3884 3909 3160 1463 2585 3928 1581 3049 3399 4171 602 1979 2952 2759 1413 2703 2290 4866 1993 3281 3467 1462 1660 1612 152 4451 427 1405 993 1743 4050 914 1785 97 958 4805 948 4792 357 1974 47 581 4625 2228 15 4325 1238 2080 4628 1745 1344 4884 1290 3245 688 722 4409 3789 4582 940 2655 3251 1817 4866 266 2066 1667 3095 4333 951 4492 3004 1013 1343 4786 2193 584 4065 392 2640 1729 626 3956 4554 4651 1890 1955 4644 2430 202 1005 540 2633 1613 1060 2400 911 263 1965 3647 4201 1061 703 21 722 1526 3298 55 1368 4694 3743 719 3447 4466 306 2942 4738 2914 3127 2821 1353 3308 259 920 4583 797 980 4084 321 3073 1816 4443 2279 3709 2689 2916 1738 2175 2354 4933 2467 2403 4906 588 3583 3618 61 897 3582 1290 358 2207 886 4508 265 4645 1311 2713 3804 3428 1193 2507 3302 2834 4192 3292 2704 2600 1382 3168 1328 2869 2096 2435 3386 284 3398 4715 3283 4311 723 3311 1792 954 1065 1916 1084 3394 2101 1336 4609 2769 2931 2491 565 4181 1827 4143 240 4214 1802
3022 3581 1722 3568 2964 65 950 1787 3232 3993 3256 4536 4030 2386 741 2503 4962 3866 4505 2167 3603 1559 4663 495 898 334 4460 3668 3068 781 2503 1575 4564 4315 4527 3038 1677 4207 3325 2654 3320 4027 2120 3788 4683 3510 57 4000 2621 2042 3592 299 4891 3138 1399 935 3487 1593 4996 1816 2686 338 3179 2880 328 575 3773 2056 2424 2526 383 4335 502 2016 2891 3975 4037 213 119 3879 610 3141 1460 140 790 1127 3467 779 3734 1956 4438 1506 1291 4780 2203 4599 2578 3275 238 1369 1175 1012 971 3862 1020 2559 3321 1624 496 4249 1057 3697 4039 876 991 1915 4472 1882 66 2493 171 4331 2058 4668 3282 1950 2249 1904 2782 2930 1996 2865 3379 4181 2651 4082 458 3224 3914 2580 771 1818 3962 86 2122 531 3018 208 786 3061 4013 2908 4484 3708 2682 3060 3822 2942 3123 2643 885 3918 2324 2562 875 1320 3535 1440 2664 1351 3519 809 3658 4484 3611 2938 2773 929 4291 2942 1173 2492 3483 2843 407 2711 1752 4685 3151 4182 2840 2702 4177 4780 4780 4108 2738 3873 1298 3499 3657 1112 3797 3332 2755 1823 2570 4971 943 712 1611 1568 1302 1304 232 1174 2025 184 1854 447 35 4936 4376 2648 1877 3523 959 68 2802 3422 2629 4263 1111 2014 890 192 3507 4525 4233 2923 2495 147 1878 4184 904 4386 683 3634 4379 268
4938 656 1599 1729 2666 4625 1469 3232 91 1725 1134 3947 547 719 3196 3996 4345 746 4711 3758 1196 1491 3334 4496 1497 3228 4869 3642 3298 1752 4428 3484 970 2188 1632 3799 3482 4410 148 2272 886 3802 3161 105 2583 2596 4049 736 407 1160 1672 1676 880 4151 1812 757 2539 87 4849 216 813 2307 1489 2388 4818 672 2737 4604 2365 2571 1181 2012 4546 3325 1236 3223 611 3905 3522 3563 2000 2556 592 2014 1970 4055 3354 3048 2416 2960 3024 2789 2055 1396 2307 1495 3364 3673 3980 3234 575 2916 4255 312 3613 1722 2517 1894 4421 2371 2728 3901 4568 1917 3541 1346 1037 4532 3857 4177 3937 2002 4025 2211 1589 3214 16 2752 1051 513 1595 3778 4617 2226 1019 3521 4893 1207 4848 3041 4314 2925 1187 1768 4547 3476 2003 3946 822 2291 4669 2103 156 2287 795 4565 1861 2057 4597 2372 578 347 1095 1598 989 4958 4040 2873 3803 1317 584 2811 1009 2070 1401 257 1582 1790 3144 4214 2686 2052 4614 2086 3392 645 734 148 1857 3261 1661 3703 1972 4981 4657 678 372 4146 2453 181 3072 952 2023 3112 3005 22 2581 1300 2611 3164 2356 4828 1686 3979 351 2291 4478 1840 4297 3754 4099 932 376 4237 726 4757 3582 4607 3721 1671 3727 2136 3918 1312 75 1702 4470 4237 1230 616 3781 658 574 1334 3230 4454 2239 2485 2835 3266
2364 2090 1006 3853 3023 4817 462 3993 1725 3328 4054 3203 2546 263 1942 4358 294 530 3385 623 1237 652 3005 3306 118 1331 3172 3142 2657 1849 1178 4087 1336 62 2780 4282 4010 3048 1291 1501 19 50 449 552 2503 2592 2001 2482 4934 4305 1529 4574 1168 4887 2013 1161 1440 3877 1561 3139 3324 4800 3540 2732 1827 1190 1575 1087 2508 47 1094 3205 1506 2508 2161 712 4500 3387 4590 867 2329 4398 1826 1243 3080 4831 4717 3077 4084 3649 427 4740 79 4514 1517 4708 2791 4714 4621 1730 4816 4722 4530 646 2188 2636 4827 2878 3798 4143 4013 3524 4449 3357 4650 909 2273 4555 759 4764 2627 2741 4915 2682 2019 2468 3963 1286 1678 1555 163 2809 3508 3567 2274 2213 514 2385 4434 342 3068 2608 2103 4846 2179 3927 3874 2418 1872 54 864 3660 1503 866 1400 227 3679 1460 2626 3874 3220 4627 4212 3155 4325 4007 4628 3504 2898 1558 3248 600 1119 2834 1671 2927 2819 4613 2598 2389 2047 4131 3624 3836 1895 1322 2553 3351 1551 1219 430 957 1255 2176 3877 4416 871 1722 4072 4376 2010 4240 4245 1770 2891 2522 1837 3993 2194 4939 4721 1822 4996 1325 1655 4835 3219 3580 632 395 199 2433 2673 771 941 1585 1289 2323 3463 4957 2645 4680 4356 1872 697 3231 2354 22 2631 4797 869 3600 1661 4796 3367 1505 2950 133 113 186
4540 3588 1818 38 3961 3749 550 3256 1134 4054 2081 1822 761 4643 3416 2768 2394 1869 4666 1842 2341 2052 2879 799 4282 2225 2449 4544 42 2709 2063 462 4639 2748 3697 1562 2386 4395 248 3041 3143 2263 467 3407 3901 4252 1449 19 4206 1144 4241 821 1379 183 39 2712 2369 4052 3805 4713 2074 2463 657 2022 4364 3516 2470 112 2779 2795 4274 2922 1121 2766 2027 3432 4404 1655 4825 2410 1023 1936 148 819 2708 1697 4168 686 1142 113 3856 1198 2983 4262 4826 2253 1654 1236 1158 3994 3628 1410 278 261 2918 3090 1592 1790 1725 4891 4041 3143 95 1855 752 2172 3916 3211 3838 4304 199 4079 1279 1489 3478 183 1533 4934 4058 3703 1215 1723 4308 3359 2502 3211 1095 2167 589 1379 467 1267 4544 54 162 2562 3747 3626 1076 2962 4946 4646 4451 513 1327 2170 4987 1326 3296 3033 1478 1795 97 608 3385 3851 2676 3910 4999 1319 1162 1978 927 4344 2336 439 3943 4397 3268 3859 2831 2272 450 3965 3060 332 2425 677 693 54 4068 1565 2129 3135 1943 4259 4576 3970 4035 2965 2519 1015 3974 2863 2821 3599 1064 2030 219 2259 521 4005 490 3129 722 25 915 2994 2987 2008 3430 1051 3930 1768 2584 3861 836 4974 2542 2644 4656 2720 175 4896 345 991 3986 3426 4622 3993 492 1861 4859 805 2485 2988 3379 2740 644 2780
1402 2777 348 4205 4216 2178 4657 4536 3947 3203 1822 2344 985 3543 1133 1427 2100 516 2050 2789 804 3876 1445 3143 4972 2296 4021 1898 127 34 1692 3039 237 1699 4713 4772 4810 2358 2412 3912 4044 2542 2470 4711 4489 2503 1571 4119 16 3749 3204 1379 377 4246 1480 3691 171 2020 3031 1215 573 1078 1336 3600 1094 2187 1552 1854 2039 1879 4215 2142 3626 2074 4401 2478 643 681 4736 2263 369 2275 26 1051 3492 2810 2015 2254 1783 1370 86 4949 2913 2521 2622 453 2479 173 2680 308 3113 1265 805 1482 2782 3034 2111 2633 4542 1374 196 3549 2130 282 158 1717 4306 1149 2271 469 1139 81 4688 4098 4449 4771 1112 912 4133 1598 1581 2693 580 3323 943 1070 1827 3248 3546 881 1116 1667 443 3413 4723 1874 420 3292 734 2370 517 2133 2358 4644 3482 1634 762 358 2508 23 3372 3869 4760 2566 2309 2854 719 1892 4654 2197 3270 2051 4375 3337 499 4041 4953 4781 2589 286 3895 4069 160 502 3502 3453 4966 2926 1701 901 4358 295 4536 903 3892 782 4010 2960 1714 2457 2050 3486 352 3052 3554 4319 2093 2697 1751 1838 3545 139 781 4738 1051 4631 3318 3947 209 1671 4787 435 2324 4333 2175 4301 3930 1263 3413 3730 4825 3818 3169 2297 4008 2813 1663 2044 4044 3700 617 4354 1596 2737 184 4275 4093 1803 1474 96
1646 1811 3020 4606 4882 3365 3274 4030 547 2546 761 985 3883 4424 1543 2191 3589 3577 686 4483 2079 1104 4853 2417 3602 2377 4992 4944 2978 3358 4289 2911 345 32 3708 4361 707 96 1058 4039 4442 393 4916 101 2328 2201 3987 4127 745 3397 1250 640 4262 3599 2011 3796 2535 2015 2051 3262 166 476 621 800 910 2867 4742 2584 365 3349 179 1386 1517 142 3467 1136 3977 3448 1537 3310 472 4230 1374 1813 2632 3849 2133 3119 2272 3886 4892 1600 74 3637 1642 3800 2271 3365 1310 3316 1821 4460 2932 2310 3724 107 1474 4187 4049 4597 2645 1530 973 1028 4755 3065 2140 2749 3325 161 1254 4028 1050 2772 472 3731 1819 4646 12 754 1885 3388 1737 2867 4366 1867 2463 2825 4901 3348 3848 1200 4778 120 231 3418 3753 4064 2958 4670 803 4344 3007 3577 474 3597 1873 4963 803 2289 1805 2304 3343 2678 1319 2561 1303 186 4907 947 3114 684 1676 1427 1486 584 1209 561 1922 700 904 2997 3016 4251 4002 3079 2257 3509 1293 2820 3297 169 4158 1736 2844 1980 1545 1561 478 1792 3283 2174 2508 3188 2776 815 2935 2189 1646 2247 774 2636 4104 3353 539 165 4429 852 4893 1705 1483 1070 2737 444 1779 2284 4455 2880 488 2912 3582 4821 3489 2262 1201 1022 2306 2606 2312 2734 2526 2479 686 1114 4200 3337 3000 857 475 1529
2506 3990 229 4986 2631 4008 2749 2386 719 263 4643 3543 4424 3086 3972 748 4955 522 639 4497 1637 1929 551 4608 1772 4781 431 2720 3374 2361 1900 754 847 1368 4100 30 3243 1386 3823 2343 2380 369 3341 983 4087 4804 3405 3048 1656 3666 3697 3189 2716 1770 3418 3010 4368 2735 3851 1662 2530 1349 4786 2360 3450 4252 3581 2239 2851 391 4441 3241 2864 1228 3322 4064 1322 2053 1985 351 4973 1055 1632 170 3047 941 554 4621 4537 1780 4973 2029 609 4888 4501 2370 3201 4905 3342 3948 4568 2953 1463 3828 3480 1922 2661 765 3477 3261 911 4076 3511 890 294 3864 4438 4985 4324 3622 443 2652 4708 2510 4829 4369 2505 1945 2336 1501 202 4708 1858 4459 3566 2881 892 1288 936 463 1291 2409 2694 3087 433 15 3681 2362 2771 3069 3670 3296 2560 847 4160 2179 516 2511 3331 545 725 3063 4641 3848 330 3382 4450 199 2241 1917 834 1176 4582 4259 3460 4365 4846 544 2407 1200 2490 3332 36 459 497 981 4750 665 3637 3552 3874 623 4792 60 2531 1422 3210 2959 4340 4615 1088 4860 426 4303 1331 206 3707 1482 2395 4608 2624 2668 4390 2848 2523 1659 1707 63 2083 1762 1927 4474 2184 3536 4684 116 1476 483 2666 572 4160 2693 891 2427 1332 345 2778 1742 3452 3352 2170 3870 1715 2967 610 4757 3978 2928 4451 1130
2042 3993 3425 1477 335 2090 4827 741 3196 1942 3416 1133 1543 3972 4754 699 3845 184 1034 1079 1270 2843 3635 2771 2182 909 4152 2678 1259 4362 1989 689 314 3867 130 4688 2937 816 4142 1298 3774 2582 3757 2847 2359 1246 1298 1507 3452 3709 283 1258 4468 3962 4210 860 4385 2167 2135 3865 3373 4816 3989 4517 4512 4566 2921 4247 4653 172 2097 3047 4319 4669 2883 2742 226 430 4325 1894 1101 3062 3487 2902 1641 1959 3282 4302 1133 890 2049 2833 3281 990 3256 2262 1120 235 2720 281 4358 1083 3795 3951 3967 1673 744 2975 2974 1714 4913 3529 4920 1576 2204 296 1974 1255 1365 3172 4207 3126 4182 3164 445 4688 4735 1387 794 4363 1663 2270 1213 2036 3891 1216 4186 3122 3929 4082 639 4263 66 626 1878 3243 1868 785 3021 3633 3191 3600 4873 4292 4668 744 4743 3987 320 4789 153 1529 2612 4490 601 4758 234 4590 3270 4676 2916 4348 620 666 3957 2549 2431 3588 2776 583 4806 556 2234 1264 3636 3499 1256 3938 4919 1674 2161 180 3162 2721 4825 674 2706 3964 2762 4209 3239 2179 4233 4700 2965 2055 3603 4424 3853 1733 247 4907 3639 3595 263 125 3373 1968 522 1514 1733 2348 1184 4772 3795 730 38 3463 3511 458 138 1302 675 2046 359 467 1969 1878 1623 4296 2886 2117 3538 2460 3975 280 910 1169 4299 278
426 2413 2446 1112 4393 1875 3405 2503 3996 4358 2768 1427 2191 748 699 2855 2732 4279 1729 3145 3557 1480 138 842 1443 294 1569 1346 4014 2914 2509 475 760 3812 807 4478 2266 2646 2687 4164 1841 567 4257 1310 4200 1519 1354 2918 4746 3607 1898 160 221 1048 3234 3430 2482 338 4976 4709 548 1097 3785 1937 433 2112 1534 1278 2502 1582 3405 1509 20 4144 3348 2230 4311 1122 2932 1800 1340 4619 1478 1806 3644 3564 1997 4137 248 2036 623 1563 838 4407 79 3900 4810 4024 270 652 1129 2984 2058 3595 644 1129 2883 3688 1829 1006 1946 1289 3234 1430 1297 3409 4238 1145 2996 4566 2042 4786 1819 2636 1391 1165 2396 420 2358 1063 1240 1277 3543 2407 3562 2109 3831 3598 4783 2437 1581 4790 4666 3898 861 3691 2947 848 3327 608 4186 107 2820 4252 2532 2473 2894 3529 3785 2660 1528 922 2717 3336 4166 3149 3969 2604 4581 490 251 785 1219 1464 1769 3837 2701 364 2269 1359 1652 4975 3486 935 2170 4717 1735 2593 396 1452 2390 4026 565 1148 4737 2265 1158 4407 3706 895 2590 2686 131 2200 4841 4014 3979 448 3025 904 320 3714 184 3730 2335 2061 4376 2473 56 358 3331 1397 4198 1907 3793 1776 184 2830 3335 1883 785 491 3404 3566 1057 4176 1964 4664 3000 3148 1517 108 2232 21 1796 3813 1426 1470 4575 2536
1344 4912 1389 1051 2121 762 4684 4962 4345 294 2394 2100 3589 4955 3845 2732 248 1460 2783 4998 1860 4075 3982 659 746 1857 2251 3307 2559 1126 2979 2298 4610 4044 4222 677 2964 3195 1437 911 1657 1916 450 1557 4513 431 3841 826 1927 1643 2195 4318 1733 87 3339 523 2888 855 1475 297 808 3095 4969 1067 3535 3675 2707 1120 1500 1632 2804 3863 2342 1457 1518 2908 1342 2899 1511 732 2611 3899 132 2211 1335 4712 3402 3203 2115 281 2321 4885 3645 1636 457 2272 2754 2382 3560 1009 3962 2930 4650 4709 4971 3398 503 3785 4173 3435 1784 1058 2305 1791 347 1841 4963 1161 595 3899 4594 1845 538 1939 4815 297 1310 3436 3679 4670 1743 1688 3950 4693 4451 3976 2438 840 4693 4836 3350 177 1972 4839 1672 202 56 816 706 4944 2080 4980 3030 3209 2279 288 2469 4003 3245 1631 2490 2452 3815 3830 1121 443 3724 2350 1624 3094 2929 4304 4118 4249 3658 3502 3828 461 3649 1725 1015 3183 4435 4006 3030 4369 3968 754 3724 4866 3756 587 1170 1282 1527 2949 2229 4871 1727 755 1724 4692 54 3933 1993 1953 335 4323 1326 487 3120 1209 4351 1675 2558 1706 2307 1724 1937 3447 307 4947 3806 1006 1761 2955 1525 1711 4958 2484 4128 3498 717 1317 2903 1649 457 267 4745 700 3648 2539 4605 4047 4398 3255 1419 2242 1575 3851
524 4086 4683 3098 2938 4604 430 3866 746 530 1869 516 3577 522 184 4279 1460 1229 3483 611 1163 4355 4711 1141 3765 2676 3421 1430 3608 2873 4889 3105 765 4771 3202 3007 3620 17 3757 2074 2652 557 2969 1705 158 674 744 4156 3766 3083 3230 4907 199 1902 2048 2648 2310 1587 1470 4629 430 1963 4797 3580 4640 855 2204 899 1446 2063 3354 2395 3954 989 635 3152 3994 4135 3786 670 705 3587 41 1623 1097 4900 624 1545 2603 2044 3306 2885 4650 3903 2816 3003 4115 2490 2911 1348 4008 1993 2912 4349 2782 388 3453 2443 2110 4862 3577 1534 3278 909 4314 3528 4075 3511 1376 1376 1769 4073 281 3876 3759 3813 1065 3000 1311 3697 1190 1457 2613 129 2095 4553 2515 4127 3447 4204 4670 4521 4785 43 4846 2026 394 676 2629 2960 177 3577 4667 4651 1332 2354 1480 743 1948 3709 1550 528 140 3056 2466 180 1167 2451 2851 708 4497 4041 1632 2353 350 305 2062 495 4178 1892 1191 4001 3461 2817 4572 2686 4304 198 3251 4575 1402 1035 4536 1424 1098 4249 2785 2620 296 1171 3629 1557 4095 2872 2538 2307 4595 4190 3653 2108 662 710 3947 3338 3943 1008 617 1588 2709 328 3339 1717 3081 592 1793 927 4024 2649 4620 1103 3238 1899 454 4800 1284 3265 376 1699 4411 4930 2262 2488 2824 4707 619 2819 2343 888 1102 4765
4185 3230 4398 2354 4973 373 1148 4505 4711 3385 4666 2050 686 639 1034 1729 2783 3483 1956 830 3877 1529 2864 4106 3224 265 1609 443 3801 4174 135 1732 3959 1652 255 2262 177 4425 1388 4744 1850 3220 3684 4998 2458 4944 379 1341 1878 2743 1558 1477 4217 4362 3778 1200 1936 3232 3291 272 4646 2426 20 4302 4023 458 1218 591 1394 4304 3741 127 500 4614 4278 670 4338 3727 4452 3152 3394 2374 4120 721 843 490 3552 1714 2816 4723 2811 4091 1608 3580 2017 1752 2065 2341 3220 1739 2052 3149 772 2768 776 977 1222 2392 783 1005 429 1417 340 2168 68 1840 4463 3606 1209 4223 4700 2989 1260 3230 2732 4871 782 2903 2856 990 696 4805 688 906 2316 3892 3933 3545 1335 3146 720 2075 259 2560 4283 1116 4445 3180 3401 3322 487 91 2193 4795 4643 1940 266 2167 4682 1184 3624 2973 1541 4890 4918 1580 4849 4579 2974 2128 667 2164 3113 1848 2131 3412 2598 1715 1397 4708 4734 1578 2047 1642 4294 1824 227 2227 429 4592 4047 395 3935 192 4626 431 1974 3798 3713 1572 3999 4899 4722 46 3122 1193 3574 29 123 584 617 3733 2885 2983 3030 1382 787 472 1319 1602 196 2017 542 1648 2266 4453 1471 4694 2160 3134 2119 4583 4791 744 458 2161 1134 2523 3623 1615 1258 2819 3951 651 2247 3663 4499 533 2261 1902
4587 1502 2821 1687 3071 3695 3958 2167 3758 623 1842 2789 4483 4497 1079 3145 4998 611 830 4146 2799 1479 4401 1524 3743 1518 3241 2620 4009 46 4243 3582 2196 4622 1430 2816 650 1778 2490 1760 1771 1952 163 4448 4991 590 1922 2175 1667 1601 3064 592 4012 2194 653 2183 4372 3251 3794 1150 4704 767 1544 4843 4671 814 4488 2230 2446 2498 938 724 2683 2819 3123 644 773 3066 1894 974 1095 556 2545 4687 4004 2642 3874 3700 4585 2676 393 3177 2838 3797 2019 4853 2583 738 3643 3716 2220 3999 815 4319 3048 3434 1606 3189 4973 1105 3815 1023 4029 4366 1270 980 1410 535 2665 2688 4430 2169 2613 4263 3583 759 2266 402 467 2693 3701 3789 4279 3530 2754 881 464 2104 1977 2918 1466 418 2452 148 2144 73 1809 3158 2285 3301 3233 848 533 330 1883 3346 3001 3669 2966 2657 2061 2922 2316 3397 3934 1372 326 917 158 3529 1311 3677 2593 2016 3687 4101 3023 619 2048 1771 1174 3556 1715 1968 3772 569 1236 1294 988 1806 317 4530 2581 2387 3810 1315 3663 4901 585 824 262 3345 4890 3799 4784 1554 555 4414 2042 4298 3112 1997 1709 2953 3004 228 4676 4549 3663 3101 498 3593 2231 1291 4444 4426 1509 779 3835 1286 2404 4903 4786 2946 1289 3946 2392 4729 3781 279 1632 3891 3608 4635 3486 4570 1114 1006 3925 339
1582 332 2241 798 387 4742 1671 3603 1196 1237 2341 804 2079 1637 1270 3557 1860 1163 3877 2799 2186 3680 3006 2935 1238 2378 3557 1944 4551 69 4289 4061 3045 1399 2493 2181 2756 187 1815 445 57 3779 1121 387 2436 3359 1920 4744 3539 37 90 1163 21 3044 2625 2283 460 494 2413 2810 4114 3240 4146 196 3798 536 4257 3562 1490 3165 4025 811 3540 1315 4098 2886 2570 3538 543 1726 3423 4157 1462 1811 240 2646 263 1332 1374 3353 4680 4987 4328 1299 1935 445 1977 4207 3698 1608 4208 4291 1807 1245 2637 178 255 574 2221 4844 1782 3271 396 1138 2284 2592 3505 3238 205 3500 3760 1452 790 4476 4331 2241 2619 2490 4563 3918 3879 2988 4968 1276 899 1853 4773 4250 2726 2568 4704 1220 1054 513 659 3866 4825 2860 575 3641 2268 4432 584 666 2527 2912 424 857 4101 1501 351 682 1959 4593 972 2593 373 3928 398 2990 2077 1265 2685 4150 1184 2240 2998 2783 1724 3310 1617 2298 843 4841 3083 2934 2265 321 3951 3217 2092 1127 943 1751 376 2275 3640 698 4569 397 2365 4847 3000 4205 3370 3292 3151 3933 3257 475 428 3518 737 1395 4604 4434 4044 1707 1269 759 1694 1266 3592 2736 3103 1991 1627 2150 3269 3719 673 1101 4112 2679 713 4721 4871 3460 2417 3475 1981 856 3600 3758 3521 2693 4357 2609 3664 2391
1957 2888 3847 1042 803 1241 102 1559 1491 652 2052 3876 1104 1929 2843 1480 4075 4355 1529 1479 3680 1548 2073 221 1194 3498 4085 2089 4866 3647 3345 2157 2815 3313 49 1625 2051 2805 4380 4451 2718 2345 1489 727 2550 3012 660 1659 822 3457 2892 3470 3338 171 3994 2710 3857 4360 565 2627 4487 4885 2641 4339 2054 1684 4037 4819 489 3994 1397 1967 1067 1118 4613 4112 3047 689 1069 2993 182 731 4876 1472 3992 1601 4375 2471 797 2329 2741 4720 4778 3689 305 3237 845 4654 4746 2297 3234 263 228 4441 2382 1186 2000 3537 2758 1720 3509 1130 4073 1531 4941 1980 1151 1513 3093 2071 668 185 4486 1380 1075 2239 3787 3067 67 1738 4995 890 4809 616 4539 1115 2599 76 1781 2797 1557 1492 4359 3178 4604 2625 2076 2833 1282 3139 3255 1940 1243 4165 2120 2621 2030 154 3904 1278 4430 3066 719 4594 1838 2447 3664 2002 2863 2038 4083 3526 3723 4843 2976 2032 2592 1255 289 3098 2198 2544 512 87 4865 1037 928 149 3616 223 686 428 4890 1848 1850 1716 3742 2563 4385 4838 3917 953 4198 505 1171 2192 649 167 2461 3041 4966 3354 1692 3712 1947 338 643 2379 2136 377 760 4506 3972 4519 1270 2463 4228 765 4888 4539 3583 3855 4506 4800 4900 2204 4169 4836 2811 1422 607 2661 4855 4112 3888 2841 4271 4469 4350 3707
4203 4617 1512 2521 2559 393 1160 4663 3334 3005 2879 1445 4853 551 3635 138 3982 4711 2864 4401 3006 2073 3492 1110 4488 4871 2808 1965 1222 3823 2540 2429 931 478 1514 366 3227 1193 4937 4852 257 3393 4794 4065 4634 1646 2273 4061 3313 2495 1804 136 4269 3510 363 999 1467 1518 4704 3000 1874 2447 540 3260 2721 4863 1940 2578 1478 1299 3910 1589 2237 2084 827 2903 4608 4822 2642 3403 4590 3839 1233 3493 3643 3013 4159 269 4286 415 1172 2677 1832 1890 2041 3513 4391 1575 2234 3817 4091 3590 860 4561 3947 3823 4187 1958 938 2436 3561 50 2927 1207 2543 1955 3608 3519 1742 2392 1724 4450 1827 1643 303 376 2556 1759 201 3745 2281 4006 645 2850 4690 3774 1071 945 310 2910 1958 871 974 343 4731 1939 1086 4625 4020 3560 2306 1460 496 482 3451 409 2073 1695 937 564 1336 2290 3452 1314 1738 468 645 2884 1998 741 1885 1405 1616 1379 4204 1138 2883 707 1449 2963 2515 1534 2374 3206 1944 2732 1356 4715 2096 3461 4482 859 4257 1879 1233 4781 1934 936 1364 3868 4147 2158 3089 1903 1100 1102 1225 1312 2410 2692 4862 2320 549 1411 629 2078 2008 733 1329 1335 1020 4323 3701 1400 4615 3622 4388 2051 1275 3246 4398 399 549 3113 1368 3530 1433 2301 2394 4972 609 4161 1984 1351 2933 4065 2288 87 4942 2274
314 626 4378 3583 4848 2737 320 495 4496 3306 799 3143 2417 4608 2771 842 659 1141 4106 1524 2935 221 1110 3387 568 4561 83 963 27 2499 4262 41 3328 1819 1867 1701 627 3097 4212 3713 3728 2562 2113 1420 949 726 1755 4586 2968 1215 939 4763 1308 1276 1167 1265 2105 2664 3540 3207 4557 2003 1290 367 1749 1441 838 4869 2422 1728 851 2428 3942 1662 3579 3487 3601 1899 4745 213 4784 3790 3104 3910 890 1448 3840 2922 919 3573 4928 4619 1952 1803 3994 2045 4144 1993 3308 1072 1446 3627 3413 4305 3254 1175 3190 352 582 296 859 4881 3592 2560 4971 2574 1246 1324 2103 4200 4608 121 4045 98 4738 1423 3284 2589 460 1057 1873 2679 4152 1059 2189 2909 2069 2076 4605 4649 371 4552 4767 693 1560 2769 3464 2103 1004 2655 2468 507 3076 2166 341 4711 539 2706 4822 1215 4399 4762 1461 1825 3574 314 1461 2303 4821 4572 669 1230 4269 327 1627 4891 1271 4430 1145 4657 3688 1317 4601 4169 3329 1436 952 217 1854 3156 4195 2709 4987 2348 2308 4910 4636 171 3208 2466 4005 4068 2864 258 2960 1266 1773 3165 3164 1232 2553 3449 2174 3189 3750 4791 1428 2072 1863 3415 4423 1825 2616 2580 1584 750 600 3149 4799 1664 284 129 2207 529 1469 4293 4854 2160 650 337 423 2761 4801 2997 4697 1352 4564 3333 2083 2955
215 3481 681 912 4541 948 3741 898 1497 118 4282 4972 3602 1772 2182 1443 746 3765 3224 3743 1238 1194 4488 568 2562 4455 4624 4389 1664 1583 2760 1191 480 4383 219 1559 3387 751 4997 4398 2316 2244 1944 3951 1985 4686 4195 2719 2843 1238 988 1742 2938 3427 708 4559 3185 4780 4905 1812 4504 58 2063 2039 4687 3855 136 4937 1932 4819 1442 1684 4131 2491 565 4498 3483 2062 3538 2366 2248 4205 554 3803 982 3504 2600 4970 1939 330 1199 110 4008 3589 845 2398 3002 2150 1856 1942 1735 2207 849 4179 2928 2140 2608 519 3829 3132 2546 3498 642 2410 2876 1789 1131 3891 320 3949 1156 4596 4056 2870 889 2603 738 963 4006 2443 721 880 3793 3474 1475 3050 2001 4778 348 2552 4765 3617 3635 428 4870 3516 3416 2699 100 2120 475 3069 2244 220 875 556 2314 352 3731 1727 3672 4726 266 3658 688 3250 4215 2684 3719 4386 1331 1529 2570 883 2571 2343 3445 1572 4497 2370 2312 1703 3940 533 4371 3588 672 4090 123 4650 1078 3237 4477 3084 4229 3435 2808 4186 4434 3181 2643 643 2773 3403 1049 1146 1725 1379 4232 683 2219 4100 4595 2771 2389 2445 1466 2964 3957 3066 4879 4701 4716 4199 1361 3056 626 62 2414 1123 2729 279 3719 233 230 3779 3109 2296 2486 2930 4623 767 1728 1002 2374 1512 1119 4166 189 1666
1017 902 2154 1269 2850 693 4063 334 3228 1331 2225 2296 2377 4781 909 294 1857 2676 265 1518 2378 3498 4871 4561 4455 3294 510 1488 4018 2119 320 240 1437 294 4853 1057 157 1483 4385 4678 2298 805 4868 3956 241 3577 3284 3747 4505 2018 1850 1495 422 2634 2533 2394 1523 2535 3923 3530 2619 666 2997 4813 3139 3928 4641 917 1739 1989 3606 1143 1580 1282 757 2152 3979 4866 3929 496 3317 183 125 3091 875 3612 4026 1650 4460 4809 1716 551 3916 3156 95 2430 2607 1269 738 113 2877 517 1400 713 804 3430 3730 4977 2024 1832 1344 765 2479 863 2699 4856 4123 3749 3281 3157 4353 3485 2973 4568 4715 2991 756 1373 1356 4064 538 223 2721 4592 3238 1743 3246 3186 3681 2033 4241 4437 3359 2158 4403 1048 3962 350 4288 1493 4146 1545 4597 4313 625 961 4291 4266 1142 4817 2089 160 397 2172 3411 1374 2291 4365 3941 3782 4118 4538 1548 1573 1768 4765 3435 1743 4167 588 1385 1930 2805 2405 3773 2067 293 414 2591 4643 468 3467 254 3788 3569 3756 188 606 145 2564 2680 1967 2769 3243 2654 2590 1404 496 4900 2480 3904 4818 4379 4077 3819 1549 2232 4925 1893 2993 1330 4866 222 4335 307 3112 1615 2116 611 3045 3852 4279 876 4762 3461 1004 857 3270 586 2140 2225 3237 1510 982 2747 4806 4324 1151 3383 3464
2261 1534 3551 432 2210 4650 962 4460 4869 3172 2449 4021 4992 431 4152 1569 2251 3421 1609 3241 3557 4085 2808 83 4624 510 4758 2002 2008 3484 820 3217 4032 3678 71 2598 3904 724 2404 1291 397 4602 639 1214 4303 1673 2605 668 128 3158 52 595 1615 303 1916 3666 4063 787 4076 3303 1781 3129 3731 2696 4705 4475 730 3435 4022 138 725 1480 487 4705 1056 387 523 3814 3804 4410 447 74 674 4431 1272 4765 3895 2674 4649 1316 2159 2222 3257 2797 4798 451 1231 4970 3493 4294 4624 3906 777 1443 3869 1995 2397 1832 419 753 1555 750 296 1763 4812 4046 4860 3934 4961 834 4022 2162 452 873 3016 670 3622 4115 280 951 1204 3213 383 3486 4650 1315 1060 3634 4005 2073 4428 2790 4395 2716 3667 1277 2196 4980 1872 1583 467 4023 1292 651 3449 4744 2981 2680 4855 4695 4380 3339 2514 3692 3953 1312 1631 2449 3148 3631 926 4401 890 4215 2325 4309 3590 2021 2328 1506 189 323 452 263 4102 2690 141 2049 4554 170 978 2557 4400 2143 1314 1154 2389 4800 2238 4567 1933 1972 2171 1839 2966 323 4635 3592 4485 1780 157 833 768 1825 4748 873 1804 87 3941 4838 984 451 998 1209 1214 1999 3692 4477 4585 1315 4933 3843 1864 11 1827 473 1430 3019 2690 3784 4543 1910 2938 180 1844 3091 720 3172 2388 4113
2336 2397 1113 4265 1060 2275 1919 3668 3642 3142 4544 1898 4944 2720 2678 1346 3307 1430 443 2620 1944 2089 1965 963 4389 1488 2002 3539 3654 277 4540 2176 3376 502 805 1281 331 4431 253 943 1649 4621 212 4544 148 4158 2920 4354 3033 4438 4792 1758 4222 4958 1126 4490 4835 3695 283 564 3935 443 598 2498 422 3615 4097 3701 3388 1695 3321 661 3032 1909 125 1474 4393 3875 3034 1068 3589 3529 2122 1684 4573 4588 3477 3691 3546 3377 2545 3905 4405 3291 1818 1452 1363 2143 981 3792 3648 1570 848 3928 3802 2145 509 973 1035 3934 2717 3616 1100 3808 241 4346 4720 510 3162 3963 2242 2040 4153 504 2819 2849 780 3593 853 461 3660 1720 2698 3024 2993 4235 4878 346 1553 2648 479 642 683 2954 2884 572 4828 2465 2970 4043 456 4858 404 537 2034 654 2027 616 2853 2120 4354 2567 3310 2835 3107 1912 2459 2520 4940 4689 2430 1005 1530 3061 3613 3083 231 4139 4564 39 2181 1963 1029 1446 2654 500 2952 4828 2950 3250 1782 4883 495 924 4079 3179 1918 726 4270 1813 293 4438 2059 601 1773 2369 2347 4747 4578 1415 3013 1833 2585 74 2695 4627 4617 2682 63 1707 2751 3901 678 817 1659 2709 2021 4727 4548 2176 197 2769 2598 1999 1994 506 3391 3134 624 1930 3181 344 3268 2328 602 584 447 4151 1191 3905
4965 3153 98 3798 3761 3236 4693 3068 3298 2657 42 127 2978 3374 1259 4014 2559 3608 3801 4009 4551 4866 1222 27 1664 4018 2008 3654 1320 4467 1181 3722 1024 3781 1605 2833 1247 558 248 4959 3820 4740 339 545 2120 1053 663 819 952 3576 4147 3806 1378 4036 3520 744 4510 2784 1167 2471 81 758 4062 2586 2943 1792 1124 1893 3539 2175 128 4621 3475 602 1764 509 1346 2103 4495 2427 2206 4941 3250 2600 2789 232 3703 2195 3646 2115 568 848 4548 1774 2710 3003 3575 494 4838 1940 2475 2360 2694 1116 4001 2700 4693 4749 2165 173 4704 379 2164 240 501 1875 710 4720 1028 3117 1888 3970 3870 4465 53 1703 3091 1968 3514 715 1383 3636 1822 3992 4376 2920 4130 2479 3177 768 191 4527 2201 4914 2238 1221 574 994 1373 3554 1771 4952 3973 1504 3970 2843 4328 2670 4283 1854 2829 2721 1154 3467 3548 3263 4563 2946 4481 4630 4810 4551 2679 598 2891 1236 3791 3300 4617 3771 2358 3107 626 3111 2422 2845 3125 4147 1579 3078 4451 2478 4294 2581 531 4950 2286 1507 2082 4074 2589 302 4078 3996 2655 3301 1802 4306 3714 26 2322 3050 3301 4880 3124 3721 2796 1018 2276 1738 966 3081 624 27 1512 1363 1064 4735 4371 2671 2923 346 4514 4924 544 635 95 1256 3484 827 3024 4384 1873 720 3985 30 1015 2423 4385 1047
4725 4994 632 741 1824 1805 2527 781 1752 1849 2709 34 3358 2361 4362 2914 1126 2873 4174 46 69 3647 3823 2499 1583 2119 3484 277 4467 4620 4811 1296 4087 4992 4246 3873 2348 2052 3709 4441 4948 3165 3365 4113 464 4270 4771 2613 3576 1277 4666 3962 33 4521 3696 4969 812 1335 1932 4034 1024 2891 2704 2857 4046 704 4569 2787 1804 2001 1108 2263 4683 903 4947 382 540 4724 2960 268 2662 2934 4006 2372 4489 4697 3000 2053 2720 3715 2839 1376 2066 1285 1735 1398 2555 3577 1629 910 771 1007 128 2873 4088 1822 1301 621 4438 4883 603 2486 4723 2547 3812 4322 2975 237 3842 965 3417 602 2412 2426 351 208 4548 3327 3741 2784 4933 4618 2137 1371 3710 4539 3253 425 3884 1621 1177 2890 1981 3154 2864 852 697 4755 1971 4667 4906 4383 2228 310 3340 3528 491 3795 1728 4214 4926 1853 3113 4699 3359 4152 3760 2469 3563 68 778 994 2831 524 3115 1510 1717 3475 4772 4451 1236 1675 3188 2136 2450 2105 1336 2479 390 3949 700 2288 2880 519 267 2695 2651 22 3981 1067 1615 4904 3375 1554 2940 2870 3087 1079 3530 2265 3599 3586 4901 2145 1709 1349 4399 361 2911 1424 1260 2937 3186 2387 3505 2455 1157 2133 2651 2940 4812 69 4276 117 4723 3380 2124 1395 79 4553 534 4834 133 1730 1576 2289 4873 4167 3173 1814
3296 841 3246 768 2259 1896 3405 2503 4428 1178 2063 1692 4289 1900 1989 2509 2979 4889 135 4243 4289 3345 2540 4262 2760 320 820 4540 1181 4811 3660 4044 2834 2772 3454 834 1236 2381 3002 2368 3981 1932 1140 919 2064 975 1490 339 2458 3025 1289 1483 1364 4783 3711 82 1290 694 3687 2713 3840 3848 1237 2397 4358 917 2038 1368 4150 3870 1489 2939 3633 4563 4872 1066 1299 3567 2438 2373 1744 3333 1052 1602 201 4217 4288 2501 3747 4806 682 1781 782 3985 1338 3769 1834 2399 3078 1748 2503 2183 4815 4198 1323 2951 1465 3941 170 4494 3382 800 4832 3789 604 3230 2382 922 2779 4871 1352 3680 3918 1810 1015 3377 2469 831 464 608 1000 4170 2402 1562 352 296 4790 4581 3151 4606 1387 4376 981 2879 1769 34 2501 4877 3525 613 3200 4801 2227 1783 2954 4687 1999 2449 2585 2799 1326 4193 4979 1781 4869 4555 1305 2649 1006 4687 2507 781 971 3468 3527 649 2828 60 3043 1245 1398 677 2613 4516 1708 4960 4935 237 4581 3408 3278 1708 1848 3685 3673 770 3064 4451 4028 572 1796 400 3147 3954 1142 2505 4768 1484 1076 4112 1833 3377 3168 80 307 3107 2410 955 1816 4330 4440 2344 4652 1362 3292 3913 3339 3846 1523 197 817 3404 4999 2896 4407 4797 557 553 2280 4503 527 2482 4022 2137 409 868 2090 1797 450 3705
2892 4258 941 4196 1225 2740 1350 1575 3484 4087 462 3039 2911 754 689 475 2298 3105 1732 3582 4061 2157 2429 41 1191 240 3217 2176 3722 1296 4044 3226 1501 2497 3417 3323 4483 4816 2072 3979 4389 4109 4213 1476 4801 1973 3320 4472 349 4758 4066 3981 225 4740 4985 185 3324 2009 4138 3895 2523 4244 1610 2150 3072 2310 4324 4215 3632 2072 3168 102 2401 4599 3756 1189 2135 2250 4004 1463 117 2631 3533 3519 1270 1016 3267 18 4289 321 455 578 1545 3717 3366 4129 1231 1872 428 3018 4315 700 173 3995 2534 341 1663 1162 2985 4485 3983 255 1466 4358 4855 985 3336 1749 994 195 1848 522 1871 2627 375 1454 4648 2219 3882 1589 179 1580 3066 2664 1442 2136 1154 1253 381 1298 2258 3892 1414 2372 2335 4637 3830 3940 2986 4620 142 4552 4348 4962 582 2601 1370 3911 2333 1745 3357 3713 1749 4198 3745 1265 2686 2679 623 1528 301 1410 664 1882 2464 4300 864 3531 1045 4740 4325 1360 3048 922 1370 2471 57 2451 456 1066 1366 2320 1684 2993 3056 1843 2020 1160 4733 2839 3246 3830 4968 1356 1500 3035 4411 2881 4262 2706 184 3529 2067 2053 4121 45 1936 2900 1960 3002 4127 3127 1520 4774 134 1882 2110 4949 4082 1230 593 2375 1802 2589 4534 2892 3449 4470 185 861 4779 1956 2650 2935 584 675 4538 248 4265 4549
