N: 250
M: 50
Symmetric: true
Triangle: false
6 115 207 146 91 165 118
3 105 151 6
4 113 249 204 83
4 114 14 150 53
3 93 27 167
3 166 132 245
3 147 30 184
7 194 171 73 92 36 191 197
2 214 64
7 85 32 168 229 26 212 82
8 20 54 228 11 13 162 170 24
6 235 104 232 52 130 149
6 219 139 141 247 242 140
5 217 187 152 211 40
5 180 87 74 231 8
4 142 134 119 156
3 201 10 238
4 89 121 202 55
3 77 65 72
2 18 17
6 192 226 28 181 51 5
3 225 46 97
8 250 189 161 144 125 16 186 70
5 56 39 19 177 190
1 221
3 67 66 176
2 71 38
9 240 227 9 200 94 34 178 244 145
5 172 106 169 248 209
3 159 22 37
3 153 138 99
3 47 68 122
2 76 86
8 154 80 164 246 236 7 160 124
7 218 128 205 133 103 179 98
5 136 127 123 131 157
5 183 44 31 23 174
4 199 84 69 42
8 57 58 102 243 61 90 12 158
7 220 21 222 195 203 185 109
7 81 223 233 33 173 96 175
5 45 120 29 206 208
12 137 213 48 108 111 25 216 198 35 95 59 107
7 101 155 193 41 116 143 224
4 79 2 210 50
5 100 239 75 182 117
5 148 63 163 135 234
8 129 241 3 88 196 1 188 15
4 230 237 62 43
8 4 215 49 78 126 110 112 60
4071 3057 2702 193 2011 1211 99 304 2761 3872 1743 2593 2320 1600 525 1843 1908 1178 1988 2758 878 1057 910 1381 2824 2602 126 31 3112 4305 1242 1986 3730 2518 861 2992 4231 493 1401 3953 3058 565 3878 3936 752 1824 4840 3879 360 3639 4581 800 3942 960 637 3392 4750 2485 2493 4765 3475 3272 4669 3296 2846 4608 225 3038 4032 2204 3933 4100 1399 4100 2154 771 1952 4342 1709 4700 3458 4268 3768 80 4438 3944 3690 2479 4062 4268 820 583 1506 1011 1511 906 4182 3881 1237 1107 2620 2239 4783 1204 4111 2788 211 2415 3061 483 3838 2208 1707 2738 2603 2451 935 4484 3210 3281 1822 3440 2956 2282 2835 638 730 1682 3624 638 92 4139 1737 130 2663 1550 3451 2703 2237 57 3139 3986 3120 2402 1493 4040 2918 4180 4570 980 2547 706 4499 867 4159 2817 2158 2240 3016 4647 1655 2491 4476 3417 4171 466 1655 3531 3538 4969 893 4293 1389 1831 1702 3632 2589 1179 3881 553 1786 389 4407 3822 3853 4644 1114 4501 3378 2733 4393 2371 1889 1289 141 3507 3620 3508 4358 2577 822 1341 904 3682 4081 1509 215 727 4096 4267 4784 1998 1298 3513 2410 586 1856 369 3941 1949 4293 2858 494 3880 4396 3739 3031 4054 2566 3794 3118 889 825 1833 1052 4481 886 1558 2670 3954 2740 2259 2999 2471 4743 1469 36 4961 4225 1379
3057 4320 4125 323 3071 3194 265 1357 625 604 1899 4035 2610 81 4329 2425 4413 1716 4170 2472 4446 1791 1467 1868 3602 4972 4157 899 2617 2003 3048 3224 2696 757 3289 2985 1618 1709 3829 3382 2973 1765 4620 388 2750 1580 359 1244 930 1876 1494 1669 4025 4008 738 4727 970 4774 2175 3845 1492 823 1082 4992 150 183 3785 4192 4453 3720 1786 150 3358 3477 2414 3425 3152 418 1568 4799 3367 2189 2938 85 3509 4720 2341 936 1375 730 659 1361 4048 3345 2966 3172 1454 3531 2358 4710 4634 2120 2110 53 4086 4029 190 1973 3891 4535 2673 4614 2916 3485 1298 152 4994 2230 436 1247 2546 1700 4684 339 976 2132 4876 1015 1744 1682 3187 2178 141 4272 2122 4965 3605 4087 4036 572 4120 1097 199 348 4991 1831 1346 4368 786 1761 3892 1389 2290 1930 3639 1963 1716 3946 524 2131 3312 2488 4061 889 902 427 4198 3846 372 749 590 2940 3127 909 3342 3569 4263 2788 4813 1997 4013 4383 2384 1989 1460 545 3703 3096 1663 1286 1488 3077 424 4526 4438 2251 1863 101 1640 4580 433 775 3117 1249 1230 2206 810 4743 4821 4589 4043 2573 3390 504 1142 1726 4163 3330 2455 304 3823 3906 954 4498 2183 3835 3833 4780 487 2369 1666 2896 2801 2848 3015 3866 2019 2589 2234 4553 2019 3074 3469 3797 4419 3141 3099 1291 1443 2686
2702 4125 4606 4545 4783 1668 1573 4714 265 821 3976 1710 3323 340 3549 969 546 4105 3736 4431 1018 1385 3878 1853 1956 1669 3889 4400 2735 4419 892 989 1785 439 1235 3150 451 3023 545 4774 2165 3781 2188 365 3227 626 2292 4071 420 2120 3101 729 594 4628 1227 1029 1157 113 4356 1041 661 3912 4237 1348 3657 1674 823 4047 4403 2256 1541 3247 1969 4114 247 4546 2790 3534 3068 1660 3502 1099 1168 3391 281 2647 3981 297 3575 4740 3263 2943 73 730 527 318 3866 2704 4748 1169 3191 4847 3752 3989 4288 2535 4571 3637 2479 2677 4254 4127 694 2172 3990 684 2021 3506 3740 4412 3864 54 4525 2972 3406 2720 202 1786 3572 3795 3031 4872 4925 2976 925 4991 1270 4351 1299 2329 4120 3773 3314 1971 1500 1830 1526 3900 3786 4060 4239 4895 3609 1579 1122 1146 586 279 1321 23 365 2319 2917 2496 4237 797 2163 3944 2483 475 4064 4165 3813 4557 2381 1128 1932 4621 4849 4133 761 1030 4805 2029 1489 1700 2397 4661 886 2797 391 2986 4090 1126 1029 4102 3080 1086 237 1712 4269 4628 1883 1142 2597 4497 2159 2084 3607 2695 2295 956 1549 4313 544 1620 2993 4390 3965 2618 2513 851 3354 288 2242 145 3420 2862 2043 543 3609 4482 3580 3691 361 1467 118 378 484 4130 2870 2070 3586 2888 2475 4333 2514 1409 2514 2257
193 323 4545 2769 1458 3656 3832 3762 654 932 279 2207 4961 626 4938 3884 872 1491 3003 437 203 4128 2747 4075 547 2117 1886 2650 950 3731 1084 439 2022 349 4938 837 3704 2314 1073 89 2457 1545 478 4441 3455 3220 4193 4428 2215 2491 488 3458 1701 1995 2980 3013 1208 1937 320 2884 3761 554 4693 1492 4868 3498 137 4064 4453 491 501 2388 3945 2266 3928 4875 2844 49 2563 608 3736 2900 260 347 2163 2975 4542 2828 4519 2111 52 4912 4988 1095 3503 1521 506 1758 2449 678 1517 2688 3181 3131 2617 2541 2265 4771 4357 2780 2934 4618 1993 4138 3265 2492 3175 541 3246 3617 2325 4762 3097 1631 3691 3011 2111 4341 3895 788 102 4782 3954 591 2668 2665 2421 2379 885 2401 562 3801 2155 4846 3050 810 92 765 3188 1073 4215 3593 3371 4616 1667 2562 3379 4006 3538 3582 2622 4692 1516 3786 4177 1303 1553 4581 2912 3256 1515 3785 3092 2719 3665 4196 4540 1424 4970 3397 2802 937 2036 265 4875 2315 4201 954 3435 4676 4268 1755 3629 3014 367 1697 3629 2430 280 1489 937 2860 1568 724 1358 2034 3290 4891 110 839 1211 2067 3757 1377 3180 1079 4983 4313 1155 4272 3251 496 460 4489 1160 1912 4781 2695 1745 2199 2339 479 4600 2675 4997 1571 3528 3165 4680 2744 4642 675 4664 1630 2014 4757 3243 1305 4113 4739
2011 3071 4783 1458 2293 3443 4753 170 389 3176 350 3261 965 3882 1590 2471 2380 2555 3182 4596 4282 1217 2325 1709 3772 1700 3957 4225 2208 1254 736 4038 3374 3244 133 1753 1480 2067 1763 3183 3681 4259 2419 1186 3118 3312 2422 925 1981 3121 3065 4825 4189 3665 788 508 326 3752 1775 460 673 94 3203 4274 3885 4485 958 4673 4864 4914 3729 4354 3035 3389 4707 2534 4970 640 4450 848 3585 3804 2403 2070 2439 2560 528 2638 4195 3678 4508 3615 2799 3951 4772 3882 1083 1852 4870 2532 1781 4072 4980 57 3815 2784 4118 2730 504 4919 3597 4276 3604 3287 4080 4049 1048 1301 1440 3581 2796 534 1658 1437 4662 3773 1700 2543 3848 462 1589 1376 2597 1484 1470 743 2597 4992 2926 2594 539 44 433 4166 1132 913 3121 4114 1603 1587 4660 1201 899 1939 773 164 4407 2960 1021 933 1677 1142 3598 2685 2895 1289 4740 2668 384 4635 3760 868 3152 2356 1174 4127 3817 1580 3985 379 3996 1810 1607 492 743 2535 1563 3807 4574 358 3662 3024 2082 584 4908 1530 2754 4231 3197 2232 2686 1917 3538 168 1413 3337 389 1038 1694 2699 2178 4409 683 368 4769 3315 2899 944 2806 440 4324 3624 2205 2455 2836 2184 4821 3081 724 2883 3446 172 768 2744 846 677 963 227 3704 2151 4553 981 1488 1140 4111 607 129 860 2613 867
1211 3194 1668 3656 3443 620 931 3436 659 3144 4816 769 2381 2085 2364 1501 4370 418 2967 3874 4899 4274 2081 2982 2713 2359 61 80 4909 1347 3794 2793 4074 392 1354 2889 1528 4012 4172 1125 1580 3871 4345 4804 4326 334 2991 3768 4905 2498 383 3012 1902 2931 3367 3879 3793 4863 2709 1126 4762 4321 3323 2397 599 497 729 1783 1080 1225 4228 4284 3730 1117 4407 3001 2265 1131 13 297 177 836 1302 1862 4511 679 2822 3863 4887 377 2583 4713 73 81 1949 1235 664 2853 1331 1046 3730 1003 989 4431 245 764 3303 4156 880 2241 4138 2856 1911 4107 3332 4407 2812 465 966 3707 2969 578 4136 143 3439 1197 2028 1479 940 3200 855 3317 2614 2602 3033 1684 1540 1758 1317 4744 4143 4918 304 4459 2657 1917 3344 4366 2955 1895 2788 1289 1208 4545 1682 1841 4195 433 2978 3107 1456 4198 3987 4718 2748 1820 1339 3653 1393 698 2754 839 312 2976 3364 3504 1941 2390 514 3967 2528 4646 2664 99 4803 4831 2618 3333 2194 951 3944 3792 3999 1540 327 1114 4620 4140 714 3170 2138 4307 991 483 809 2955 2883 3651 3747 1595 502 634 2152 4496 1550 1390 971 551 3182 1889 98 2309 2956 2172 4358 2205 2424 2839 3191 2666 656 2235 1152 1097 1188 2943 3266 1451 2246 1291 1595 3507 4884 4267 2971 3132 763 4899 387 4834
99 265 1573 3832 4753 931 504 4884 1004 3528 1135 321 4558 2079 3634 1156 2143 1900 1796 2421 4016 1797 3674 746 3723 322 4141 4240 1623 4906 3987 433 3798 4035 4987 1198 2830 3740 730 1788 435 3256 1254 2922 4307 1713 1823 3550 1635 2168 3131 1105 2514 2653 3722 691 683 4549 1572 671 3705 1665 309 1887 1138 4104 4981 1323 3300 1856 1559 3738 2194 1978 1475 823 3730 3500 4783 3317 3091 408 2679 1772 3709 1752 244 1827 4726 2991 3686 2753 792 3950 4746 582 1890 669 90 836 883 802 370 3375 944 959 770 99 96 2086 907 2313 1483 2611 3207 1518 4242 2348 1877 4162 470 292 194 3592 2594 4811 2898 1616 750 2346 2068 2044 1844 1646 2531 2196 2664 3097 2922 639 3646 3579 1355 1767 1207 933 147 2196 1299 4910 3872 2096 2699 2257 2234 4464 965 1270 3437 1167 674 1764 3932 2741 52 4625 44 587 3071 4889 4357 3869 1760 298 2237 4390 4890 2378 2487 4563 231 597 3889 2179 1081 3289 3742 4538 4663 115 4495 3383 2950 1205 2383 4081 1029 3400 1951 4868 1524 3362 2937 2421 3550 3190 2719 3636 1922 2126 3712 3158 4824 2639 1625 747 2993 1335 2687 1550 4201 4169 1801 3358 4108 4129 3833 4783 1177 3377 1802 38 429 1311 3891 4385 1786 1928 2004 2616 1772 807 1217 2124 1679 2343 2354 1927 4816 2619
304 1357 4714 3762 170 3436 4884 2602 1412 2401 215 4927 4081 4012 796 2095 3750 4469 897 3590 128 1058 2190 2166 2511 1789 2405 2292 3750 1668 2835 2379 398 1993 447 4545 4391 81 3538 2167 3435 4340 3191 2258 1345 3608 3415 4625 4067 3301 1823 923 3708 4265 2991 4591 3012 2097 2713 1551 2573 4728 1440 2715 4303 2299 3622 1072 3922 4717 3548 1371 2672 2078 1715 3994 175 3523 253 3389 1239 3491 2800 4322 2092 764 4233 2758 3685 1297 1611 3631 767 1292 916 568 3862 4513 4057 3327 2230 3213 4807 1392 2352 3671 1111 423 476 4866 3820 4375 2213 883 2335 668 2642 83 2777 2089 3566 2171 2041 2816 4856 4752 1732 3275 3695 4179 3660 1937 3892 1738 3450 2974 2932 2685 702 656 3173 3916 3375 3282 260 4126 2804 4570 3908 3525 134 4890 4652 2068 3433 2549 4574 4524 1161 3676 805 3903 2829 3816 2260 2594 4428 263 3058 2171 2547 4189 3200 1975 510 3757 3081 884 951 3409 454 4121 2995 4495 3603 1146 3649 3005 523 2445 3737 3346 2879 2689 2183 2493 4048 2398 4543 3366 925 4802 1903 1115 3983 4358 4494 3956 3216 3853 1279 4788 852 431 4773 3026 124 795 4445 4641 1905 4124 2516 4817 3419 3820 517 4654 4867 3838 3549 2859 1532 4717 3066 1624 957 2757 1254 3837 234 3716 1205 2222 2836 2187 4090 4665 1908 4390
2761 625 265 654 389 659 1004 1412 2252 1921 240 3970 1543 4532 1837 1962 4995 1282 2460 2189 4681 734 4236 2033 1309 3591 4633 2655 3940 251 4561 3134 2801 1267 3000 663 4493 1667 932 4160 3328 3350 715 897 837 3709 3162 3339 1720 1594 3507 4840 1630 2200 3048 2289 4702 2762 1477 1180 4407 3515 2561 1981 2471 1683 4561 3586 4297 1235 1498 2018 4133 2758 501 1405 290 2243 1671 194 715 2774 2149 1065 4565 627 3780 1444 4250 4467 955 3463 1806 1251 765 1842 3421 3355 3725 3646 4432 1290 1049 1936 2992 2480 1433 1716 1663 216 2347 3642 1130 241 2428 312 1108 1260 1871 81 1371 1487 1533 3922 1835 449 1846 770 2855 3211 3770 922 1958 2017 3110 2575 2485 2990 4111 2375 2250 3950 4212 2821 864 1756 884 573 1992 4485 4531 3772 885 4539 470 1888 722 1938 4795 3953 2793 4229 1005 4479 569 1767 2465 1564 906 271 1096 4879 3178 2606 2152 755 62 360 2984 4963 94 1989 3687 448 4452 1795 4179 4134 3312 3151 941 2213 2365 1512 388 137 1029 3896 968 1993 96 4743 3158 1065 3224 30 432 2590 2441 1139 2733 1339 1253 1000 140 2708 4201 548 913 4355 2192 4529 414 2301 1981 4565 1240 1197 707 1730 3870 3089 904 2755 2986 4697 1951 4666 3102 4930 2378 3066 3861 2465 4878 1433 2794 2952 301 2172
3872 604 821 932 3176 3144 3528 2401 1921 3237 3152 4261 3988 1916 1422 3129 1877 3721 621 4888 455 720 945 4717 3931 312 2841 4752 4465 2588 4746 1076 3634 1611 3879 377 4749 595 1768 2561 2149 4565 3260 560 4448 3711 1446 4049 2129 3058 2484 2052 362 4634 77 419 3961 3254 1948 3759 4978 3097 2064 514 2265 2325 628 3995 1152 3646 4690 831 918 2454 984 2223 2857 1062 1364 940 1152 4870 4150 3676 4931 1935 1097 746 4002 4500 1399 2503 889 3995 1326 4706 363 683 1638 4061 131 4829 3461 3262 983 981 3011 4788 2061 2155 1828 3799 4235 2320 3923 677 2602 1988 970 3460 967 1445 3886 4217 2417 1085 2239 2583 3139 2053 2636 1563 770 2202 1028 444 3078 844 2454 817 1584 4661 134 2188 1337 134 3122 2479 4105 1552 1593 2578 4478 3746 1017 4964 2490 386 954 549 4527 1604 4753 3645 596 4116 2279 4933 4858 1730 2031 2436 810 145 4122 3720 1605 3662 4989 3716 251 3318 3600 546 2877 4832 705 186 100 3019 3021 1596 3154 2708 1991 2368 1302 3783 4266 3559 1391 369 4417 1865 725 1460 1117 4557 4352 1232 4538 445 493 1023 899 1210 4902 4420 2778 1389 3619 4730 2602 4809 258 1761 1858 4848 4206 4744 1585 857 381 1494 1612 4188 4291 2615 1694 169 3275 278 612 2672 3390 3845 4671 4978 3099 3691
1743 1899 3976 279 350 4816 1135 215 240 3152 1294 3153 1568 696 1070 3186 4536 2762 4917 1115 1573 1931 3027 3929 2738 418 4006 2511 3144 1991 3503 2171 3407 4495 1769 2439 1349 4517 2090 4143 1191 1096 4813 4255 4705 1668 3244 2962 3523 1556 1525 3801 4792 4354 3131 4029 3143 3173 2948 4332 789 1747 1507 293 3051 4272 4280 4427 1162 1992 630 2419 1294 3562 923 2274 369 2582 2799 2476 1081 60 3000 928 3230 2924 558 3056 2065 4988 2617 2127 294 663 1558 1893 764 3874 4046 1938 1481 2013 335 2553 1427 2230 1467 805 2507 2874 4450 4391 3342 866 1687 3341 1509 1575 988 3042 2276 4922 23 4289 3366 4498 340 1793 1248 4776 4777 3353 492 4571 1176 4245 2417 4798 3190 2164 231 4351 765 1984 1096 1753 1565 3233 3132 4588 4054 85 659 925 1659 2137 2685 4317 1163 1811 4007 4858 219 3386 4147 1877 3745 1998 2140 1658 2067 319 2440 3727 4452 4572 1443 4213 724 2057 1654 4396 3007 1357 2864 3107 1581 2747 3759 1258 1126 1485 3679 2572 3026 4682 1182 960 3032 4920 2981 1626 1744 762 1484 1465 520 1492 2695 4968 830 2752 548 1086 1084 3411 4969 3630 3031 2823 4522 1577 4291 1574 1914 2514 63 2888 2220 1758 121 1899 2207 3150 1156 369 4847 4198 1650 302 2962 2544 2924 1962 2605 3918 687 2630 1960 105
2593 4035 1710 2207 3261 769 321 4927 3970 4261 3153 1496 4740 1842 4236 2685 3651 4643 3770 3813 1357 4212 3066 1370 812 299 2511 403 161 1486 485 3793 1634 380 3507 4585 1148 665 3146 4320 1098 3408 1428 2203 1158 1765 4100 4297 1532 4393 1239 3378 679 1973 4620 2514 2763 2589 4859 4385 2716 2052 3896 4116 3958 3370 4710 2751 2938 905 797 1410 1828 4100 734 358 1868 2436 4330 2373 3524 2166 804 1187 832 730 1198 3832 532 3547 3516 4455 1552 905 4027 409 4891 511 3564 1945 3433 4529 1440 365 4790 148 4327 4231 1654 4279 4029 3173 1927 864 4128 4124 1371 3021 1381 3143 4358 4279 298 1629 3012 3444 786 582 3206 4314 2166 3484 2227 103 1172 1490 236 978 1071 3812 884 4540 3332 4356 79 2336 2726 2636 1793 1292 1059 1083 1089 1889 4538 3998 451 4604 4149 2816 4291 971 3206 3059 804 4909 2446 4985 4158 1002 2413 4876 4283 2025 1917 2002 4461 2630 3777 3634 2698 2319 502 4746 3326 2818 4981 1502 4249 1002 2103 3220 702 2650 4368 1391 1174 4977 938 641 898 1853 292 3517 3536 4677 4725 3574 1986 4535 4723 1201 3987 1705 984 2842 2599 2711 2450 3216 2988 1369 3456 2082 2442 3097 3703 4535 1912 3205 3975 2640 667 1609 2486 408 4959 2904 1021 1563 4301 390 4422 3623 1181 953 3621 304 4141 2229
2320 2610 3323 4961 965 2381 4558 4081 1543 3988 1568 4740 4134 1766 2723 4726 2175 4014 2144 3087 3156 252 3044 3672 1117 3437 2692 714 4196 1003 851 4153 4676 3045 2951 4484 3777 258 2182 1200 4055 537 2212 4019 1449 1759 1631 213 1999 4374 3460 1895 2683 662 3259 3691 529 3597 3018 561 3573 2729 647 1336 378 2251 652 3621 4356 3492 3992 4497 1996 386 724 1540 541 166 2683 1217 4844 1362 124 1856 1755 2441 2037 252 1828 947 2145 1963 336 375 4824 4066 3361 3670 3413 4031 3549 109 3766 86 4888 1021 1254 3902 1085 2625 1639 3822 4438 2805 420 4553 1561 3154 2696 1504 3721 1855 1245 3256 4415 1511 4777 4123 758 242 3039 1495 3372 4890 566 3282 3218 1991 3862 495 20 4659 1521 648 1354 250 2457 1526 4082 2395 995 1816 1793 1439 4662 2115 4040 542 4826 1335 955 2999 1360 1150 1936 2108 565 4075 3912 1692 4532 230 2334 1265 2409 4691 4095 1635 1772 2736 90 3333 1452 1805 4809 2713 2476 827 3254 4564 3418 4335 2427 1310 1777 3460 4915 4413 2128 703 3924 3538 3293 2049 4261 2569 1503 930 4664 1907 2202 129 2766 343 4698 2873 4497 3094 4308 3074 2863 600 2718 4037 4528 1415 1145 4706 3266 3117 4475 4540 3874 3842 4311 2830 1392 4414 1785 326 4611 2574 2398 4639 702 4834 3965 1493 2688 2382
1600 81 340 626 3882 2085 2079 4012 4532 1916 696 1842 1766 4677 4176 4383 413 1267 3207 2107 429 204 2486 3663 3133 633 1224 1304 3937 736 240 2913 3065 1050 1468 2938 3486 1000 1122 2679 3048 4312 3802 2882 2361 143 1618 1315 2558 1972 1286 2108 3647 1191 124 3507 631 3190 2387 4941 1507 3322 1029 2317 4291 4803 271 2501 282 1493 135 2684 1038 640 1913 624 2933 2213 3763 2076 1206 4780 1071 3168 3099 1185 1581 4623 4076 1370 24 1523 433 687 2738 1436 2862 2144 1885 3856 326 2308 1489 2955 3254 1933 4851 4689 50 1248 371 3884 3457 3263 122 4743 2772 195 4825 2225 359 2581 436 4181 4537 1109 2215 1401 1939 2076 2710 772 3410 57 2548 2026 925 1120 1097 3857 2970 2005 1544 3337 1870 4260 4103 3675 1300 4642 2165 4630 4826 2435 1173 364 2278 2996 2472 1581 2586 4716 1389 1602 2937 3557 4637 1417 634 2477 1872 3712 3293 1965 3202 1271 4665 4645 2591 2551 2465 1194 1273 4008 3694 2329 4444 3981 2677 1241 3648 3012 4543 2693 4637 1816 667 2722 3397 11 655 4177 3970 1507 4280 1934 2170 3975 2939 584 997 3340 4579 824 3597 3077 2763 3285 212 4514 2082 1292 896 4450 418 1278 4957 3876 2025 3814 3257 2790 4700 4292 428 3182 394 526 288 3639 4266 2900 2789 2079 1602 2266 2594 3300 3914 4092
525 4329 3549 4938 1590 2364 3634 796 1837 1422 1070 4236 2723 4176 4054 1362 1747 2115 3420 1424 3551 2520 4857 4263 2625 1482 717 2713 3989 3480 1509 2655 3702 3791 4356 1301 4630 3381 925 2452 2218 1048 4034 4607 292 2850 716 1289 3728 974 2750 537 452 4566 1430 4780 4803 247 54 352 1559 1796 2336 4892 861 2377 2887 4863 2524 4355 181 4575 3334 2008 3728 3812 4784 2560 4411 3564 2668 2203 2331 1635 935 2844 4739 1567 4918 3807 144 2232 4854 753 3122 3294 1543 2580 909 511 176 2983 4745 2104 746 4130 2344 2513 4855 1197 520 980 3319 3445 2737 1907 1830 666 4758 4526 4263 4006 327 4140 2296 2073 2089 4820 3032 1956 3205 52 2615 1609 894 4923 2262 1212 4714 779 4030 2978 2941 2368 3214 821 3463 2788 3668 4974 4415 2203 1879 4695 3977 4897 2489 3299 586 2141 3295 2811 3979 1870 2085 155 1936 644 4508 12 3866 3199 730 2592 2656 1187 1871 597 631 2826 3716 1843 4883 278 245 2455 3958 270 4860 765 4371 4405 1906 4822 4440 2277 4573 1921 4516 4070 3786 77 1884 4707 2104 2773 4993 4770 4989 1085 82 953 1720 3533 4441 134 1543 4391 122 3155 514 4817 3515 1203 371 2432 4129 4235 1706 2687 2222 1747 1806 3425 216 2245 1521 4598 44 674 3870 1021 3985 3832 197 1852 1788 1525 749 2651
1843 2425 969 3884 2471 1501 1156 2095 1962 3129 3186 2685 4726 4383 1362 4157 436 4060 3275 1072 4462 3420 1407 3927 1311 629 4950 557 4576 788 3999 4057 1920 32 186 4604 574 636 852 3224 4754 3295 1709 1376 450 1315 2923 2970 1197 429 3818 3871 3006 4210 2384 4947 4441 1462 3819 4901 3098 4420 608 1934 327 3924 1166 2779 3410 4856 4812 2800 3357 4325 962 3890 1206 3375 198 4227 1907 3935 3628 2636 3268 4263 1287 4849 1097 4086 4647 1635 3812 2242 2721 578 4305 992 4514 2841 565 461 3156 1648 1507 1943 3808 3654 4064 1900 3806 2723 3516 4589 1325 492 3203 1247 2758 4902 4224 4467 228 1425 4171 1327 556 2151 3480 1677 626 2085 3313 3806 4978 164 4657 3324 663 3916 2113 4147 3978 769 1653 2014 1518 1023 304 2297 1555 3668 2584 126 1316 2112 557 1195 2125 3611 3519 1301 2020 2891 4658 2648 2600 4587 1152 4752 1097 4215 4921 2182 3241 4873 3147 3597 1632 1676 587 3986 2923 1204 2201 780 549 3079 4477 4664 1797 1416 1353 4965 1238 870 2066 1729 3206 1058 3566 3871 3458 3509 4144 1455 1136 124 1700 4593 3822 1391 4977 2034 3531 2111 2797 4044 726 4701 3089 282 913 265 4012 2146 668 1041 4775 3186 480 927 2054 1132 2251 1823 3314 65 123 2534 2454 2148 4231 518 2073 4672 4961 2628 1900 4485
1908 4413 546 872 2380 4370 2143 3750 4995 1877 4536 3651 2175 413 1747 436 984 2818 4579 4123 1118 1043 4512 3217 2132 2301 62 283 2595 4670 1490 2584 3315 1420 2085 4125 4687 2037 1372 2805 1009 4057 2937 4861 789 4794 711 4012 2847 1794 3770 2300 3194 2192 3199 1550 393 1600 1490 3706 1306 2815 915 4940 2346 3691 2459 4323 4100 3664 4454 3581 3858 2945 439 3019 2149 4944 1971 3209 3980 3723 3938 416 1904 2546 3822 1809 519 1817 4587 4173 1227 1542 1586 839 2853 4289 447 1572 526 3834 995 2931 2033 851 917 1833 783 4624 1502 4028 987 2484 1267 2788 2736 999 2566 3551 642 3890 72 523 2445 1364 2303 4447 2201 2951 439 3785 3207 2703 4888 1280 1312 3868 3771 4972 3411 4165 3727 1141 3993 51 3061 1393 3345 1290 846 129 4313 4825 710 3690 1286 2036 3458 2355 3643 3619 652 1830 3347 3493 4370 992 941 915 98 965 3837 2928 3958 4433 4054 4605 2466 2521 3390 3856 2912 1258 3246 131 620 2935 3765 962 3694 3739 4214 4638 4596 2012 525 2552 3322 283 1944 4714 2440 2880 4948 29 2749 3185 1478 2965 427 2188 4884 3008 250 1456 4665 750 3350 3146 3866 285 1066 1775 4665 4431 3560 2721 2611 2008 4608 3309 3438 4332 374 1919 4555 619 4362 4729 687 282 3812 1470 223 408 4410 2481 2427 3252
1178 1716 4105 1491 2555 418 1900 4469 1282 3721 2762 4643 4014 1267 2115 4060 2818 458 212 997 285 2776 4206 4450 959 3611 1830 2163 4865 1052 4107 1827 2260 4249 3701 1789 3003 3077 3237 1704 4070 1827 685 3264 1513 3599 4226 1998 2324 59 740 1437 397 4208 3451 3621 577 1640 1907 1239 3202 2289 1231 4839 517 4075 1527 269 3473 860 2419 3934 2943 402 4497 3684 1843 3563 3337 136 2522 1038 405 4659 2250 4400 3871 1955 362 4261 4227 3449 4751 4510 1045 2443 3867 4337 3335 952 3239 3410 4061 1207 3906 3504 3778 608 4672 2795 4353 1477 1648 3488 672 3863 262 1304 3669 2806 166 643 1392 980 4188 3194 2161 4647 4349 2015 4390 1785 2309 4058 193 3070 4756 3226 2294 1053 1640 4766 2938 4919 4263 4127 1279 335 4146 347 674 1287 698 1036 3014 1690 627 3532 1548 433 2022 1255 1162 2331 2645 4983 3727 3158 3692 1212 1299 994 4811 3592 1776 1161 2439 855 3947 4808 2648 3667 968 4207 380 779 1705 1848 3456 3494 4502 4799 4901 1400 381 3699 822 554 2640 4164 3826 3913 3656 4805 1130 2097 3308 2971 2094 1587 1957 3896 247 518 2540 1709 813 4186 3472 1793 4861 1118 4272 3155 662 1431 68 4904 68 1962 4377 2807 2024 1191 3608 4234 2483 4425 1694 2407 3233 804 1615 2624 3145 3073 943 1252 4900 4081
1988 4170 3736 3003 3182 2967 1796 897 2460 621 4917 3770 2144 3207 3420 3275 4579 212 273 3140 3937 3829 4812 1751 2150 2105 2867 4549 2201 2837 16 4009 4743 4548 2619 829 990 2193 1492 4657 1155 4043 464 4837 4734 1182 2489 4707 3045 15 540 203 1323 1710 491 3198 258 1508 3140 3598 4115 3380 4390 3093 4249 4081 3249 1315 2814 2050 2687 3737 351 4974 1325 3792 2876 4995 989 3745 4943 1023 649 1054 824 3718 1101 2433 1259 1196 124 1442 676 3674 2636 2141 4128 810 4575 4419 2631 2310 1094 880 4480 3032 1795 3334 3695 1435 3128 1074 2162 1376 3374 1391 3500 707 1036 1865 874 4947 4613 2980 2439 365 2232 4910 2255 2242 1061 2899 2384 3502 3435 897 575 4570 962 2764 2700 2189 4117 3729 2212 4670 4216 1951 1303 1565 2693 1450 1119 4586 2556 903 2473 2928 2618 2628 1849 3742 4606 4364 1596 1273 4725 324 3298 954 484 3960 2866 1466 499 4145 2029 2605 172 4699 335 2591 1411 2158 3572 3198 3719 1344 4793 3789 1847 884 4668 2461 1721 4617 2332 2104 886 1768 2174 4329 1393 483 3824 2551 2773 602 2443 1464 670 4356 1402 1518 2092 3043 2015 79 1360 4259 2234 392 4494 2920 1283 2967 1975 810 3489 2482 11 3398 76 3769 1717 3432 1258 536 3645 737 1578 644 3547 723 2387 1046 1910 2831 3313 3650
2758 2472 4431 437 4596 3874 2421 3590 2189 4888 1115 3813 3087 2107 1424 1072 4123 997 3140 2326 2514 2269 1377 3823 4538 4603 4802 3663 451 4984 3239 3029 4895 275 4784 1966 4275 4416 2498 4645 3986 4574 4150 2828 325 131 2398 2808 1697 4438 777 2278 1002 2963 3131 858 2587 4072 4079 1760 798 757 3598 763 4604 3341 2676 4371 2542 2665 1681 4594 4077 3035 1886 1532 686 4918 3006 2226 933 1256 3569 1955 2744 1879 1341 1677 2014 1187 492 1070 3627 4174 4184 1012 2650 2384 3364 1606 1601 4447 1560 1364 1984 4256 3039 3183 1423 4451 2377 329 1863 4747 3938 2256 3616 3066 690 18 3482 3231 4317 941 4056 1488 2597 2143 1850 1764 3369 163 3689 2292 4574 2791 1865 1289 3178 490 4412 4187 1917 3443 2737 1482 3931 246 227 1830 1555 2190 4307 3382 569 4697 2173 1976 904 2348 347 4402 4493 532 3220 3462 4133 909 1729 4724 16 548 2716 4018 2051 263 679 3646 1184 3306 4739 2751 1832 1163 3497 3651 990 323 2855 311 2566 1460 1569 3471 2733 2773 713 665 2838 1988 4632 2109 2160 3579 2015 3333 316 4085 3488 1434 3264 1745 4852 835 155 2375 4001 2595 1653 4526 3078 1752 4904 277 3191 3775 3682 2152 2580 3779 320 4450 828 2405 2532 2801 623 3475 2173 4435 1692 1263 3553 1446 4344 4254 2472 3876 925 2404
878 4446 1018 203 4282 4899 4016 128 4681 455 1573 1357 3156 429 3551 4462 1118 285 3937 2514 1132 3600 682 2243 3915 4073 4454 245 259 168 3253 4870 3132 2803 3660 2010 2268 1055 152 3790 4500 544 2678 3523 3189 342 277 2185 4353 1834 1644 101 4611 159 2298 1540 2166 103 399 1246 4736 3731 87 2126 1032 3280 4155 2816 2420 2527 1378 155 1127 718 4442 2955 1619 429 1307 1548 4729 514 3087 1415 4728 3488 4404 4954 1901 4140 3621 3357 2174 4822 1074 2778 4507 3560 1187 4184 2621 3599 4188 2754 1359 57 3336 532 3186 4281 1778 3945 2656 1854 2642 3407 2046 1807 4629 3264 3559 3995 99 3585 576 3483 3307 1025 4939 2514 1690 4376 1180 852 962 4167 2403 2573 4565 2991 995 1953 3011 1712 4372 3065 826 3963 1695 2408 562 3994 3947 4087 1710 4965 1600 3256 1537 3070 641 3009 1843 1269 3799 414 3470 458 1316 1288 1779 2305 1279 4228 1205 1704 2928 4900 1620 2818 1370 3695 1872 3267 306 4072 1166 4164 1512 2884 3391 1281 1103 3270 349 3638 2708 3407 660 4175 2645 303 4579 25 3752 4407 2674 4673 1793 2536 2561 4503 2657 2886 337 2295 466 341 4669 4764 2304 762 2870 2900 3664 3833 1736 430 4734 2817 688 2936 1120 3348 2616 343 4726 2159 1658 593 21 3690 3538 2762 4181 4051 4197 906 3535 2695
1057 1791 1385 4128 1217 4274 1797 1058 734 720 1931 4212 252 204 2520 3420 1043 2776 3829 2269 3600 4244 2906 4385 3398 3791 4382 343 2961 615 2131 2971 3439 4401 3752 3532 606 3796 3322 1972 3549 2987 72 1499 4819 4824 3962 3705 3280 2312 2736 903 2845 1986 4155 3796 169 41 1846 3646 3413 2505 2055 2732 4704 3637 2594 4366 2758 1152 3141 3494 4875 2570 3551 163 1161 3023 4878 4819 4061 219 1664 3078 2129 965 944 3327 4150 3408 3329 436 1546 1238 1851 522 1559 3761 4443 2930 1593 3188 2710 1101 2200 2011 1288 2170 527 2716 1632 1786 837 770 242 4351 3816 3812 4930 4243 221 3078 2789 3098 4349 1129 1842 3306 1744 604 1320 64 1820 4703 1957 698 2732 927 4109 55 2536 1534 3545 2607 838 1718 1936 3573 2770 1986 39 731 2744 4417 607 1643 1947 2683 2701 3725 197 4621 4361 53 3599 957 929 2063 4794 3896 3757 4847 4821 2675 68 1321 1042 2363 723 2037 4036 3223 4240 2585 424 3243 2570 3555 3762 4066 4023 4018 1710 1077 4763 1246 2633 935 1969 3419 2775 4430 639 3477 4400 2726 1275 1907 767 4102 1251 1750 3217 39 3692 3529 532 2520 502 2600 103 2472 1714 1061 4939 1275 3639 3124 2641 4664 798 4407 4863 2264 2885 806 651 1157 1115 838 4752 693 253 4709 2133 4953 4984 3371 666 1144
910 1467 3878 2747 2325 2081 3674 2190 4236 945 3027 3066 3044 2486 4857 1407 4512 4206 4812 1377 682 2906 2578 2920 4927 4104 1350 3420 352 3708 2869 3752 2602 117 3616 803 2000 3022 4908 2728 4758 4820 784 3386 4533 882 4692 778 17 4544 1821 2508 4731 740 4305 3705 1951 536 3175 2112 3086 2827 1397 513 1845 2625 3311 3834 1152 4128 3327 1480 4588 1388 4736 3390 4049 2879 4538 1205 1487 155 1351 4893 3436 3196 4267 4476 3916 2620 60 116 2805 1702 3391 940 3523 1354 2301 1271 596 429 746 984 3377 4663 2350 3540 4755 4098 2795 4296 2262 221 1986 4583 4363 2060 4564 2260 161 1522 3804 2542 2375 16 1579 277 4295 120 1619 4477 4121 3722 1690 985 674 3932 157 2102 4077 3469 2223 2938 1772 3536 1589 2619 1781 1394 3358 4394 552 1218 2326 3538 631 2164 2479 2747 2953 2732 600 2734 3089 1917 3751 957 2075 4451 3301 2361 2350 3563 4846 2819 2344 4732 4990 3831 2197 4041 4389 3720 2948 4876 107 2601 3913 1448 4372 1484 1967 1496 4369 3403 2598 1739 4296 3953 686 1523 1043 4650 1754 2888 1870 3302 3633 2707 3087 4509 3093 3683 2280 4257 1902 2945 4186 1225 4670 4006 2659 2907 2274 4080 2368 1254 4039 1453 4758 1585 4591 3825 2177 3924 1402 1331 63 1538 4694 616 4726 2395 3531 4352 2952 1505 1688 2794
1381 1868 1853 4075 1709 2982 746 2166 2033 4717 3929 1370 3672 3663 4263 3927 3217 4450 1751 3823 2243 4385 2920 2748 468 3197 3855 2425 2093 3175 1243 2392 4881 3060 1135 295 366 4645 55 3140 4008 1548 1840 3563 430 2326 1829 3617 2903 425 3959 157 1857 838 3217 1263 2799 1333 4893 2636 4330 3150 4372 1940 2675 3849 4376 2116 1529 4356 2520 4264 2916 2557 1296 2384 1465 2704 595 736 3462 3868 4464 2909 289 963 2742 831 1058 4973 2569 3670 480 312 3335 4562 3275 85 521 2429 4483 2194 2086 2137 1113 1034 1927 3691 1961 1898 4742 1029 1658 3276 43 4684 4163 4071 386 179 3400 2775 3783 2014 4068 1317 1791 2354 1562 1628 3670 4731 3441 2017 1262 1294 3614 3196 504 2721 2703 2600 4007 2203 3482 4563 3663 3754 514 1252 97 3399 4405 3224 4059 4345 3647 4209 2243 2841 2261 3578 499 3952 552 560 22 1835 4906 1094 3693 3947 4239 4916 2015 1931 3560 2134 4883 3076 3963 2398 836 1475 3366 426 3793 3304 4142 390 3142 1255 435 845 1351 579 1809 1634 4721 1325 4143 3459 250 201 2820 4352 2055 1086 329 4024 2620 4504 2017 752 2382 2949 4537 2638 2658 4164 2378 683 3601 204 2576 2482 4679 580 823 318 1473 726 3150 3674 1159 4382 2768 3159 2684 4756 3765 1480 1763 1463 3498 4297 3830 3327 3103 821
2824 3602 1956 547 3772 2713 3723 2511 1309 3931 2738 812 1117 3133 2625 1311 2132 959 2150 4538 3915 3398 4927 468 2584 896 3639 4180 1326 1650 2281 1156 3147 261 1213 3384 2198 1961 778 2825 1883 3485 4958 1574 3958 1759 3405 849 1317 1018 2644 1101 4324 2865 4432 1222 3693 2678 641 3011 124 447 904 3409 4680 3805 3783 4527 3596 1064 3153 3598 925 2770 1379 3953 4429 3410 4573 1751 3476 3098 3611 3126 3552 3421 2438 4405 1283 974 4735 2010 2187 3114 3827 3032 4288 4430 3218 55 335 3446 3423 59 2242 627 4994 3715 3882 3494 2685 870 3304 142 3826 3759 4828 4317 4636 3116 3774 2905 3142 4648 50 733 3779 2937 1505 2946 3132 3958 3707 441 364 4372 2270 1507 271 4705 1513 2104 1073 1029 4353 3171 1160 3650 3495 107 1307 2526 943 2721 2809 2868 2642 961 3729 221 2526 655 2396 3401 377 674 3494 3477 1707 1275 1019 479 4921 417 4028 931 2962 2695 202 726 2185 3299 2921 1598 468 4482 1725 2369 4408 3285 596 987 1206 2299 446 1277 2928 2252 1322 127 3266 4613 1494 727 3151 1451 4659 1666 1402 2811 3000 1479 3400 1236 1155 4049 1523 1796 2355 2508 2615 1545 1448 4991 304 3881 3501 4658 2476 512 4640 3220 2633 4086 2021 3215 2887 2064 1160 3364 1090 1792 4015 3101 1474 744 2165 629 1008 3619
2602 4972 1669 2117 1700 2359 322 1789 3591 312 418 299 3437 633 1482 629 2301 3611 2105 4603 4073 3791 4104 3197 896 479 572 3496 1038 39 1686 724 1327 3642 296 3575 2874 4789 2452 2211 3686 3485 2530 4438 1058 2903 1889 69 3973 1350 4021 2287 2196 278 3898 3921 1738 3986 3455 3149 930 1546 2073 2228 1981 2329 1689 2291 771 1221 1737 1463 1054 3984 3376 3865 4969 2317 252 4000 1885 1228 4234 1166 3437 4393 50 384 2884 3446 4233 654 835 3537 715 2519 3618 2430 2318 2214 4653 4277 3912 4159 725 1758 77 1133 4564 4962 1646 3883 3180 3834 1536 1910 1752 4181 725 1976 1305 2215 3831 2566 3410 4162 1804 2949 3298 3513 692 1396 3009 3124 3951 4729 2107 999 1195 2559 3335 3863 2559 152 4030 2099 2820 4857 113 4954 866 2149 4371 3803 2133 4445 3767 4329 573 819 3259 2108 4624 302 2769 4252 4099 1498 3779 988 3121 1493 525 2181 1289 2290 670 4049 2248 170 1791 3766 4081 403 2889 2029 932 2892 647 4500 4122 2371 3005 2047 1143 60 1738 3087 4696 2682 3852 3807 2602 2968 3827 2563 440 2966 4186 4120 3995 1012 2460 4171 3509 406 2895 4704 1404 1013 130 1898 4761 3503 3428 3926 2186 4987 1468 4990 3871 4910 2618 4147 1373 391 3656 4582 672 211 4621 3357 2084 2183 3470 3479 2825 515 831 3096
126 4157 3889 1886 3957 61 4141 2405 4633 2841 4006 2511 2692 1224 717 4950 62 1830 2867 4802 4454 4382 1350 3855 3639 572 2537 29 1016 2070 1127 3739 3814 117 3027 1813 4375 937 2986 3044 2566 2816 2164 404 4764 2253 1873 1643 1326 2862 641 44 3892 2433 2723 694 4026 4806 1709 1601 4202 1463 3971 2513 2585 907 2769 757 698 3637 2469 1001 4710 2142 873 2740 958 1172 4061 3582 4021 1565 3253 309 2523 1205 2091 3538 929 2509 4931 1923 4863 2762 3657 4898 16 2425 1855 2437 4982 706 4494 4675 433 3943 2945 3515 391 954 1317 4064 4263 3386 2326 2599 4489 2449 1606 4701 134 978 4291 2753 148 4477 2762 1234 3588 2737 379 581 3011 3554 334 3596 3616 168 2264 1762 3650 4677 1122 428 4788 1593 295 3680 4934 2053 4382 1910 2499 2381 1700 1171 3952 4014 4199 1732 4082 4361 4706 2804 392 2891 3061 614 2434 2060 1744 3890 1271 3319 2055 3711 1906 3119 4975 2307 4450 156 380 859 1651 1961 959 411 2980 3784 4314 1906 564 536 1462 2748 2835 3752 1849 3338 3989 3503 3073 2577 3913 4193 1143 1410 1820 1348 3683 1238 2495 1334 3678 4161 800 3167 1736 797 3708 3174 154 1881 3746 2115 1929 3202 1531 158 4407 3196 4165 4802 2927 4276 1859 663 4783 1754 4350 1886 3696 4840 4884 379 2879 527 1451 2738
31 899 4400 2650 4225 80 4240 2292 2655 4752 2511 403 714 1304 2713 557 283 2163 4549 3663 245 343 3420 2425 4180 3496 29 3630 3923 2382 2855 2553 1712 846 1955 652 3220 1655 4745 1508 954 2260 996 2208 1445 2012 3386 2302 2325 3618 151 3835 4622 3625 1611 720 410 4594 3026 2018 4264 1860 2216 2461 3282 3948 4942 2271 4184 3385 3952 3119 2772 773 1371 1806 4010 1671 4637 4762 3283 1285 3705 3155 4987 617 1404 2968 431 3962 4432 421 101 2421 4372 799 3867 1499 2789 3845 1377 1677 1529 1217 195 2380 1810 4497 3094 2100 4041 4971 3060 4520 4753 211 2062 281 1307 2108 1058 1821 4560 41 4664 2756 4861 4634 2927 231 2135 3884 2275 3250 2618 2106 4971 492 4627 2003 3554 3732 3309 231 4486 1392 4734 2000 3392 4069 3830 2919 4890 1510 1802 3407 1118 2503 1325 258 4419 3333 2634 2366 4207 3631 4992 1914 2428 3203 4215 3231 813 1437 1009 4652 2401 3210 1992 750 2686 1582 877 2269 1255 3787 1980 125 3028 4918 3051 4250 4535 1681 3608 3479 2445 1508 1908 2299 2472 2087 2261 3916 4779 2204 3163 1110 2608 1770 3682 2022 2244 4149 2501 3375 3592 4804 1260 3861 449 2934 1248 1947 4855 4135 2334 100 325 4991 2433 2450 3999 301 2346 4448 4534 2977 3757 4483 1432 3721 1141 2006 4077 1592 2349 3600 3900 1768
3112 2617 2735 950 2208 4909 1623 3750 3940 4465 3144 161 4196 3937 3989 4576 2595 4865 2201 451 259 2961 352 2093 1326 1038 1016 3923 2903 164 835 4550 3994 2599 4934 2795 2907 3246 399 4710 2831 4915 4817 1906 123 1168 421 2485 1874 2332 4867 1446 3584 3611 1243 4073 3121 1492 2684 2960 4985 751 503 3537 2014 3967 1546 436 3211 3225 314 3602 4927 3079 2240 2502 4379 3791 2015 2771 873 2390 4213 19 1176 2232 1897 964 1466 3198 2314 323 1101 1160 1892 2849 2634 1772 639 392 1814 1072 777 4103 468 1275 2239 4137 4076 722 4259 755 1254 311 3441 1250 921 3326 3241 2387 3807 4961 941 3317 4928 3501 2638 3037 1876 3192 3976 4352 4838 1269 1771 1702 4019 3047 3375 2562 4693 1731 3318 98 3456 2992 3706 3605 3216 831 189 3886 1781 3619 47 424 521 2941 3693 2320 1449 356 2645 2087 3932 4269 134 4518 3497 3592 3523 3674 4873 3443 715 2704 458 4206 4103 1397 2373 3385 3843 4126 2006 4439 883 1067 4164 247 4359 1739 2441 1141 4963 2309 2478 3876 2330 1369 3596 886 1827 3949 4976 3593 3068 3345 262 271 3845 858 747 2845 326 4902 3332 505 2408 4375 3968 1566 3269 1232 692 3767 3136 1721 4247 3945 2422 84 4469 29 1630 2137 2202 159 2020 2443 596 1095 4690 1105 1974 4096 4764 1764 2692 1087
4305 2003 4419 3731 1254 1347 4906 1668 251 2588 1991 1486 1003 736 3480 788 4670 1052 2837 4984 168 615 3708 3175 1650 39 2070 2382 164 79 2094 2153 1366 3883 453 4495 3388 2396 2783 456 3955 4764 2240 2740 902 4126 1705 1707 836 4129 4529 2984 2778 4946 444 4347 3098 957 2196 3325 553 3624 3194 1588 4778 561 4947 3286 3920 2365 446 1729 4992 2544 1254 3671 204 3859 4366 3647 1251 2285 1135 3645 1217 2535 3167 3562 1245 3008 1398 4996 1927 3772 4624 185 4983 281 93 1600 821 2602 2771 3912 1231 698 4377 4946 1931 1870 1154 2958 2355 294 37 1219 4133 3762 863 3295 3927 1345 4584 2293 4353 577 4913 1128 4557 815 4141 1698 1052 2179 607 4324 198 4006 4640 1578 2039 3346 1800 3923 2099 3924 4137 3546 1124 3419 79 909 3441 1750 1147 218 4370 4790 4850 4496 1707 2082 2941 3374 2552 2011 2138 4921 4349 2037 2747 776 2459 4202 1413 563 1804 197 1229 366 2295 4462 631 4555 1997 1777 2801 4679 2354 726 1782 744 3141 4917 4236 1194 2625 4589 1023 100 3746 3684 4036 2385 3276 3234 310 1523 3916 2219 1999 4808 2006 2288 1836 920 1450 4171 4239 676 909 1254 2735 1062 759 152 4093 2098 3982 3790 751 1915 1984 4934 4353 1074 886 4721 857 4281 3623 3203 4378 2357 3224 1815 4743 41 838 3710
1242 3048 892 1084 736 3794 3987 2835 4561 4746 3503 485 851 240 1509 3999 1490 4107 16 3239 3253 2131 2869 1243 2281 1686 1127 2855 835 2094 4898 1513 1622 3323 4250 4110 585 735 4648 2793 1156 1436 4409 3687 1833 3633 4991 4592 1888 758 4967 3423 2755 460 4118 274 1622 1777 1488 1334 4475 3148 2517 4591 3457 3523 4853 803 84 1624 4127 3231 271 4214 343 491 1582 2522 2285 4373 3020 4935 3719 4067 1920 2589 3866 2662 3598 4453 3896 2717 649 1941 592 3715 99 1505 4506 533 4778 3133 1964 2155 1857 2925 2724 4898 1664 2551 1652 4657 1042 4218 4182 4615 2311 2785 1608 1620 1061 152 2854 4520 1018 4699 2391 2527 2786 184 56 1283 4542 4721 1880 4873 2065 4444 3983 975 3384 469 2279 1357 4033 216 345 2657 4138 26 2539 2432 3564 406 2100 343 2757 4670 1757 3519 3601 4479 2419 2926 2413 1804 4149 4910 3673 3397 496 2985 226 4351 1027 3456 2568 3597 312 3018 4297 196 1370 2179 3613 1596 3847 3782 256 2874 2049 4706 2708 3970 2600 46 3606 3265 4611 1448 4969 4488 1095 2324 3894 2849 1557 3169 970 2561 4326 148 1446 4543 1634 1372 3029 4422 3568 4947 3526 4328 4616 4670 367 185 2736 2280 4262 3774 2035 2206 3027 828 3354 1131 3239 2246 4102 2339 4652 2065 290 4528 3460 3245 258 2000 3868 4496
1986 3224 989 439 4038 2793 433 2379 3134 1076 2171 3793 4153 2913 2655 4057 2584 1827 4009 3029 4870 2971 3752 2392 1156 724 3739 2553 4550 2153 1513 4932 2758 3339 1458 1029 4994 2182 1838 1336 4308 2377 635 3837 923 987 41 3592 1010 2468 3182 456 3527 3952 1609 1786 781 1609 4703 3476 3616 1566 1540 4456 183 3150 3466 4180 1862 593 4239 4008 1254 768 2210 4052 4665 1986 4478 4990 2976 3093 4276 1102 2628 4677 3326 4119 1477 1757 3293 4946 1823 4305 2812 4616 651 251 1055 3497 2021 2736 1521 1785 3161 3896 558 1781 1862 2615 4371 4747 4057 1250 3872 3414 1395 2628 2653 4372 351 1509 1776 1064 730 4482 1875 442 496 2546 3683 2929 1260 1540 1776 970 1191 2754 4353 4591 4554 462 1871 1982 2324 1994 1297 4015 2662 3633 1005 2063 730 2381 4218 2936 4412 2867 370 1874 3274 2262 2992 4316 2217 3693 755 4067 1246 148 1395 3210 456 4300 4638 4022 3239 3432 1284 3290 1394 1822 1489 1876 3743 1618 1575 207 1773 710 3643 4361 1869 3936 4466 2854 3308 1220 1620 1656 4490 902 189 2311 1743 2418 2717 4378 2276 487 1463 3320 4676 187 2079 4482 2831 351 1653 2105 1339 533 4054 267 2573 1931 173 4728 3536 4369 1861 3686 1538 2025 4875 3328 2045 164 1550 1696 3104 790 1411 2461 3677 448 1680 4227 2714 2845
