N: 250
M: 50
Symmetric: true
Triangle: false
7 66 30 173 183 201 200 208
11 121 227 117 221 48 162 139 114 218 79 89
4 239 130 14 55
3 40 198 229
6 222 184 124 179 212 233
4 44 241 156 145
4 41 83 197 91
10 188 163 216 70 15 167 226 234 12 144
5 129 202 224 6 86
4 166 141 210 47
2 146 217
3 57 32 120
7 92 137 34 7 1 169 154
4 182 174 76 113
4 170 177 209 25
5 38 185 207 133 33
4 85 39 77 199
2 52 5
8 96 205 71 159 191 247 54 99
5 50 119 24 152 8
7 176 72 56 93 107 112 151
3 161 28 51
4 63 245 74 228
3 97 181 223
2 206 37
10 105 45 249 88 31 238 128 95 164 148
2 250 171
8 175 192 9 168 190 46 160 18
7 240 103 109 165 196 10 102
3 231 134 118
5 180 2 59 135 43
4 189 42 147 49
2 153 73
8 4 108 232 172 65 101 155 98
5 204 142 158 230 21
4 149 116 203 157
1 68
5 106 64 67 26 13
3 194 20 75
5 215 219 36 125 178
6 87 243 138 246 140 115
2 127 22
5 132 214 220 27 11
5 244 23 213 110 69
6 60 58 187 237 131 242
8 35 126 78 104 186 62 81 84
11 90 236 94 123 19 53 150 100 193 122 136
1 3
4 29 80 225 248
9 17 111 82 195 143 235 61 16 211
1852 4353 1210 3734 1918 711 1694 150 4712 2907 1483 3603 3397 3015 1237 4970 975 3702 1187 3312 3280 646 4944 4715 398 1437 999 3404 1900 1112 4615 186 4608 3693 1011 2687 4102 4369 2908 3658 4026 1648 2497 1671 1861 4784 2133 485 2840 2854 3434 3962 2113 3948 3662 3932 3715 4316 2003 18 1529 38 4100 1062 3986 1952 705 1299 2302 4554 1151 3549 3291 2676 1914 3351 1014 712 1340 2451 3931 1439 4769 1912 3925 250 372 4663 1811 1616 3673 3540 750 952 3528 4018 3606 2143 318 2195 1529 2792 181 4455 395 1615 4321 3866 4409 1723 4983 1888 2619 1374 1558 4161 4579 2600 4284 4073 3980 2471 1913 1822 3806 1223 3231 2258 1327 2832 4361 3632 908 944 2384 4456 805 3281 4535 4235 1389 3143 1009 4454 3035 1181 4447 2891 356 2080 531 350 2732 1556 4868 1710 1781 2945 737 2903 4226 2688 4283 271 2325 4334 1396 834 4031 4043 4368 4890 3824 4602 2266 1993 571 453 1537 1589 1306 1549 4564 3040 1422 4307 427 3215 4825 602 3777 2217 2460 1625 2982 882 2031 83 4243 3339 4199 2112 3500 2646 4597 3163 4003 1882 1410 4335 307 2739 4449 2497 2164 3684 3374 1799 2815 1173 4306 2786 3111 50 4832 3891 3369 192 4456 2663 623 2701 3642 4880 3227 4052 425 1109 1501 710 1040 3075 963 4158 3214 3739 3746 31 1889 3375
4353 3323 4351 3745 1222 3772 2700 701 100 4946 876 80 1748 3553 399 4612 1288 2331 1932 1560 4040 4797 1637 3006 4844 943 4990 1366 3321 3035 4785 3221 2779 4781 3171 4015 1411 4284 2191 2081 2870 4572 3528 1180 2739 926 3956 4828 4111 1500 4356 2437 1150 3528 1633 3168 4787 431 762 4413 55 4569 3154 1066 4442 688 112 3144 1710 478 4684 2645 4191 4328 1789 4064 2819 1883 404 1298 1314 3498 3480 4241 459 4651 4656 1452 576 3345 1030 4744 614 2021 2398 3791 2664 4841 4331 720 3408 4536 104 718 2987 61 3013 1915 1007 1386 400 1095 705 1620 3977 2454 3531 4073 3004 3607 3851 4090 4007 1255 587 1603 4212 1493 813 2216 3178 2354 4780 721 4781 4187 1688 951 1699 4304 4229 3928 1721 1668 471 3519 858 1780 1041 1507 1249 1340 2533 3723 2201 350 321 237 1633 3885 362 1139 2507 868 534 3744 3346 2046 2279 4958 428 2063 4188 57 3430 2430 102 3443 3052 4163 2723 1195 1324 3276 2697 812 3117 3451 4475 1523 2601 1969 24 3959 393 4372 2741 4574 1065 1898 46 2454 2051 4043 1300 1368 1425 4960 4301 3543 4432 2019 498 2868 2130 3549 2024 1931 3930 3327 80 3614 638 89 3019 1644 4821 119 2204 4124 1286 1617 1458 3354 2059 2907 1784 2663 555 4066 804 536 3073 3421 4946 1032 3361 72 3180 1922
1210 4351 4036 2925 3777 1374 4970 4295 2367 2784 2139 2114 450 1932 548 843 385 991 2894 1755 2329 2363 2378 3109 2022 1779 2436 964 3452 4600 1868 2085 4414 3209 3979 4744 1901 357 4267 2365 3996 1610 1169 2836 4494 779 3870 518 900 3680 2723 3695 553 1787 3694 1742 58 4424 2611 1762 3736 769 3380 4025 251 2917 3829 1154 3771 2668 2981 2130 4771 1466 511 1722 4515 360 2310 3386 931 435 2067 4113 3365 4755 4126 496 337 1690 3795 1147 1700 1009 4025 1779 2992 565 3462 3172 3851 778 2109 836 3706 1174 975 3087 3403 2324 3897 686 355 505 2356 2576 258 3878 2473 3795 4863 2449 4985 3651 1021 4443 2597 1099 4226 1144 3432 1577 2065 372 1831 4258 4824 2186 845 4150 3791 3056 291 1935 3961 2920 3894 2362 4171 457 3138 4387 3225 3513 833 4717 3408 1463 3890 1374 4588 3504 2888 4392 4993 997 2741 3224 379 988 487 3095 63 1838 4237 2719 1440 3544 4159 3048 1910 1194 1556 1954 4554 3211 4010 1131 3135 437 3529 4208 861 2488 3967 1448 1158 2810 1109 4513 3387 2553 4115 2556 4933 2943 4246 1379 2749 2303 251 3448 4598 2126 461 4835 867 2007 2270 4768 2772 3059 1658 3007 1854 4403 2966 1219 150 1516 2734 571 4895 3965 3439 4471 2397 170 3592 2564 3921 2852 582 1068 4750 3114 455 3873 4844 1967
3734 3745 2925 3986 1762 1198 1381 2433 2544 431 1830 3248 956 4584 4859 3094 333 4778 1114 961 2359 2427 662 4386 393 1975 650 3230 4491 3199 4847 4057 356 1851 639 1252 2703 4715 70 2998 1760 2912 4569 2296 638 1359 462 4316 4863 4642 2233 3969 4239 3820 3004 1201 323 3422 4908 2030 391 4897 2786 65 4060 3449 4429 1466 3029 1307 2624 1200 2007 3341 509 4975 3848 1278 2026 1172 3369 1463 3601 3777 3601 69 3681 445 1736 2580 4915 4559 4706 4839 1961 4636 4462 3905 3216 3833 576 2927 412 4535 1741 4651 4092 3979 426 3692 4811 2000 1632 1864 3554 930 407 3289 4106 955 4982 284 2208 2688 3066 2999 570 1406 2253 145 3797 765 4746 4041 1241 2333 2464 2843 2907 2167 2697 1777 1776 2484 4778 2943 1149 1293 2524 3757 2499 2051 4028 3629 3170 1657 578 3875 2906 2901 3132 648 3819 2557 2764 2331 3958 771 2099 1984 4297 669 2320 4540 536 3535 2609 2124 1640 3022 216 250 2750 4637 1199 3944 740 685 1860 1089 4759 1946 1695 3888 1575 2872 2431 887 4914 4503 2129 802 807 816 4289 3013 2451 2355 2516 3977 2132 2123 828 2660 4884 3490 3263 2711 2759 3079 3515 2791 4990 1458 4280 2064 4001 190 4191 4260 1809 4838 2265 4823 4090 2694 1369 1339 3250 4451 1709 3333 2131 3147 241 1449 216 4495 2408 4068
1918 1222 3777 1762 781 1135 4826 2842 4171 681 2457 2007 4922 1080 3279 1414 1222 4284 624 4386 3356 3190 2814 4823 4003 4722 4904 1085 3179 1126 2205 281 596 4507 1527 4629 265 167 346 3280 1478 1500 4397 4032 4165 3580 3578 4411 4761 1709 4476 4624 4743 4246 825 995 1919 3874 380 1355 3541 1685 1798 4943 2166 3018 3594 2738 1878 359 3699 1967 4206 2059 4970 1011 4190 4356 3733 4960 1742 4021 25 1837 2309 4655 1036 3176 2755 459 3832 860 1537 1475 4025 3986 1803 1115 1920 761 798 3585 4093 3095 4580 4223 1540 934 3368 454 894 3601 2209 4253 2207 2152 69 4289 4940 2851 1676 4801 921 1061 3327 2119 2150 94 1356 4913 3876 2845 4877 4189 4393 3433 2416 4798 167 1037 1051 3075 4886 4633 2704 3134 4660 2701 3249 2633 3342 3214 3413 4326 1980 59 1995 4229 2262 3399 3112 1809 3564 2082 2796 53 2912 224 4053 1060 2393 4905 1043 4036 269 1459 2089 3206 2598 724 4543 1094 262 4198 4164 1291 4975 1706 245 3785 3161 2519 778 3333 4946 3490 732 4570 2600 2233 3116 2828 3009 18 4393 3020 4145 771 4494 3739 1023 3843 208 1219 3664 2315 2313 4853 671 3096 226 4726 3983 2449 4879 4363 1780 1356 3199 3927 961 2254 4866 463 3445 3363 4205 1194 2774 1911 359 563 4785 4584 4129 2417 4272 1603 4071 391
711 3772 1374 1198 1135 3907 462 360 4651 3725 1501 1270 4656 1697 1770 707 1731 3729 151 3167 3751 2762 2391 2521 4241 806 1008 1444 230 1144 3252 1087 4334 1776 1584 1418 1831 41 4169 3330 4721 4460 4371 3207 2456 4436 1870 4516 3952 3728 3696 3288 4772 2250 2610 244 281 2676 1712 4584 902 354 1377 1302 4487 2754 1447 2824 3699 1797 2258 25 207 4614 343 238 2788 2724 1699 3522 4623 1454 2394 4430 157 2154 3902 3697 2903 4660 2711 1677 4955 10 4808 4019 143 2225 1679 1416 3486 2375 1737 4618 1497 4317 1875 2839 1469 2616 413 3513 361 4670 4024 4401 4205 4756 3836 274 3479 4944 141 1202 3864 2163 1448 584 1547 2429 678 4966 4021 414 2131 354 3958 2706 2987 2710 3394 501 4718 3269 3803 711 919 3851 2694 4035 2454 3809 4266 2145 1831 2205 3752 2434 4927 4660 4099 1018 991 1702 1085 4038 4107 1069 4100 3058 2431 771 3327 1185 1869 3261 80 2697 2065 1602 877 317 2783 1232 406 3010 1249 716 1517 4873 422 319 2260 3971 858 557 1403 683 389 3715 3220 2385 1661 2942 1183 3683 962 4221 1949 4221 1989 2660 3815 4234 3058 479 140 2349 1526 4602 1450 1621 2416 3620 534 1682 4906 4756 2328 1946 1457 160 1138 810 1866 3139 69 4342 3016 2469 3541 2973 1385 3757 2705 4395 3941 3449 1654 4426
1694 2700 4970 1381 4826 462 4471 4853 4504 2992 323 1619 4948 3625 4798 4161 657 2854 1437 3348 1927 4519 318 2180 1686 2410 609 3732 3498 4056 3246 3210 2212 1792 4616 4708 2812 3829 2069 4363 4080 638 2504 1720 2486 1825 4487 981 1511 4692 1236 1889 731 514 4980 3188 2980 784 1766 2184 3722 2585 133 1787 3721 2263 3256 4603 4754 1607 2423 2733 4455 4441 1493 3020 2977 2885 2152 3269 1815 48 1160 3869 3651 4498 3653 797 2062 3652 1178 2450 3817 4467 3169 1562 2365 252 2599 4632 1816 3178 1283 535 4682 4816 424 4791 1498 4273 2552 4145 2509 2063 4788 2073 72 2575 4025 3094 4508 3969 1728 833 1712 2804 449 1268 89 3494 4185 295 3414 1287 4591 3423 2098 3005 837 2464 1534 3328 3305 4605 230 4476 3147 1200 1024 1631 1143 2729 4676 90 3633 1118 3857 24 1918 4215 1313 1691 656 3020 2778 52 3890 30 2804 2626 628 1114 2193 396 4555 4647 3170 4445 1443 1330 2074 1342 1801 3221 4466 1772 1089 565 4116 314 1657 3632 2629 4165 3928 1702 372 3139 3369 2072 4024 2229 2412 4845 567 1539 3172 4156 320 952 1200 3309 1879 3820 1510 818 1725 4747 1003 2518 4068 2335 3151 4585 733 4809 4767 2948 3689 2711 3707 2570 4272 1892 3985 3946 2529 3695 42 3276 228 2424 2727 3493 1509 1322 78 3221 3553 2407
150 701 4295 2433 2842 360 4853 1562 4762 2129 921 245 4727 1529 3551 2254 3700 3681 811 1749 1622 4208 3042 2352 2958 1702 746 2735 3320 53 3407 4573 1221 710 1265 4437 3840 1695 3946 2903 76 1700 2394 4944 2752 3400 213 4408 3550 870 2470 468 4083 2376 2390 1517 3682 2791 1250 565 3185 1394 4574 3071 786 1295 4687 4179 4705 4403 2917 611 4680 1092 1083 2952 276 4371 4370 3571 1913 758 704 2310 1193 1727 483 1505 3098 372 4649 4929 4616 4152 2708 818 707 4106 2989 1508 1173 1986 599 3647 2179 3373 1609 3479 4490 838 801 1210 314 4076 2625 1806 4354 894 1632 4240 1452 2901 1593 2547 2220 740 845 3270 3995 689 3812 1873 4301 2032 2787 400 1579 2779 3472 1573 4592 3223 2384 4662 1937 1057 2750 4943 261 4614 3579 4550 3708 4192 2909 4236 1961 4290 2501 4512 4959 2443 1759 3640 1603 1247 4933 3815 2427 3005 3668 4120 1994 4318 471 4384 3794 2370 32 3000 4256 4925 1025 703 4145 3887 1857 3884 3973 3899 4602 690 3658 2649 1654 3800 3194 649 1156 779 29 4494 115 3986 407 1975 167 3924 298 2816 421 3099 1935 1863 4878 4163 1369 1533 2889 421 3103 4037 3788 2147 3413 3805 4295 2846 1177 2964 4753 428 1546 1278 4066 3988 3617 779 1963 2054 1095 313 2731 1517 1023 3908 4537 3320 184 3584
4712 100 2367 2544 4171 4651 4504 4762 172 3871 3612 2895 1832 847 4372 4914 4592 4237 3901 4890 2711 2711 263 2443 985 1271 1791 3806 4327 3109 684 4921 3307 3963 4144 824 1346 2842 1670 1761 504 1064 4239 1090 3069 159 1194 4054 2448 3338 777 3717 2172 2495 1710 2446 4786 3004 3547 4684 2281 977 139 685 3672 4413 2593 4619 1046 2948 876 3808 2363 1479 214 484 3804 3733 4517 2543 2321 1743 3463 1996 299 1611 214 3017 4869 1731 594 2304 4090 4839 719 4948 3254 4597 1405 235 4629 3465 4420 294 4160 4600 841 1551 513 2330 4114 331 2746 4791 3980 138 4356 2818 1214 3187 4705 2340 3902 536 139 485 4086 89 4820 1904 1147 2440 1078 2763 843 627 91 3170 2817 2925 4862 4024 1899 956 1916 4180 3447 1966 418 3283 552 2762 735 4330 814 2467 698 4012 1190 54 1251 2516 4549 3313 3816 1120 93 830 1170 3516 251 4062 848 3894 1122 18 1398 3836 4741 2286 2787 4984 4389 3166 1165 15 3052 1688 987 3941 1443 974 2719 3703 3609 1499 2820 2699 292 4469 4806 505 4805 1496 381 4905 1805 3755 3060 1511 1563 3227 2988 971 663 1854 2794 3428 2259 193 3061 2945 537 625 3556 768 1542 1683 526 4785 2362 262 121 2194 1397 609 1619 238 4935 1582 1629 3252 4706 4931 4866 1402 4652 4371 2814 1725
2907 4946 2784 431 681 3725 2992 2129 3871 2033 2363 4437 4689 4860 1846 1122 426 4140 2006 625 3545 2646 489 732 1384 4781 4414 815 4080 1794 1546 4615 2287 4893 2281 2735 1036 1201 3726 1076 1173 1892 4061 3838 907 2545 4010 3297 627 2994 2912 4608 1393 2882 3312 1776 1684 766 1714 1400 1039 2180 1395 4733 582 1739 1327 2410 3088 1378 3609 3446 2690 3432 2108 3231 2806 652 3995 1378 4565 4736 2661 1848 3163 1572 2618 3964 1974 3996 4940 3313 2560 1363 3651 1851 3439 261 662 87 221 4124 296 4077 186 4315 2537 3254 151 3175 3947 1724 4117 805 1058 3508 4080 3701 891 2570 3117 1764 3632 1666 3777 626 1590 2839 2029 3259 3682 845 4726 81 404 3883 2349 3772 1502 1244 191 1227 2372 828 2132 544 1099 164 1819 1931 3524 65 104 3858 4215 2620 633 4111 1509 4998 4486 81 2224 3946 4099 3506 752 785 632 1029 3112 4648 2033 4128 327 4352 470 3456 826 2847 1178 39 4563 4278 20 1668 787 2623 3669 57 2759 3208 2979 3279 4097 1535 726 4237 2497 2604 843 218 991 1162 2464 2909 1166 4587 482 4975 1326 4105 4258 1723 4755 1246 3783 4939 1580 4568 548 3759 4086 1568 1712 3969 2585 69 4978 1001 3724 1051 1117 3176 1100 2277 56 2011 436 1592 299 4009 4535 1123 313 1215 1572 2384 1295 3737
1483 876 2139 1830 2457 1501 323 921 3612 2363 3839 2522 2532 3721 2754 3843 624 434 2007 4381 142 1653 1435 2910 1249 1078 712 4153 4817 4622 3497 492 3684 4280 343 4011 447 3859 583 4715 4219 2625 4578 4184 332 3228 2283 13 4207 2786 3428 2421 2436 1431 1956 4714 1443 2630 2469 2265 2484 1963 1190 2960 1920 4199 1949 4322 925 3197 4636 580 4220 478 3773 2496 1689 1251 2083 4914 4305 456 1971 3337 11 3579 1591 4047 2111 1729 4196 2497 57 1408 3354 3624 4848 3562 886 4395 1415 2669 102 2551 4323 650 1449 2779 1018 529 2320 2070 4292 3748 2117 3486 1082 2533 2948 2198 3658 575 4380 2552 2621 36 497 3852 881 3882 1913 1517 3180 4322 3724 4575 2639 4210 1817 2701 558 2180 1095 4522 4696 2903 2588 2553 4939 1787 3768 2143 2125 2327 280 4487 1139 3678 1245 969 2220 513 242 3796 1610 1596 1661 24 4403 3422 3831 4950 2164 1190 2013 4247 2147 3464 4893 4406 2663 3101 3026 1265 955 3651 2065 2070 1500 2078 4198 4021 725 973 4274 2516 3360 2991 1264 893 3146 770 1680 1573 1033 1702 623 4518 3359 4259 557 3504 1340 2009 2751 3961 1880 260 2179 3212 4960 108 2388 2770 4409 4005 2955 2701 1002 3485 1507 667 4881 3970 3713 2319 4878 707 519 4219 4254 2143 2891 2321 228 982 78 4455 4854 3253
3603 80 2114 3248 2007 1270 1619 245 2895 4437 2522 3500 1639 2192 754 2351 2066 2359 910 4119 782 4587 2752 661 867 3954 3515 1480 4373 4123 2282 1336 2291 4073 3848 272 2092 2258 2783 4120 2881 3883 865 4350 2265 2836 3147 4212 166 826 3063 2706 399 3556 3892 4104 929 3032 4585 3545 3545 4344 4071 2519 629 3712 4802 1715 2078 1629 4694 2161 3593 4932 3309 2495 613 3525 959 562 2183 1607 2783 4212 3478 2297 3980 4515 2553 2560 1842 880 3816 4042 3761 4413 4555 4094 4959 2167 4184 1848 4297 2997 3063 1738 978 3905 891 1432 1014 523 1732 1340 4151 1311 536 2756 2244 1536 2426 274 1690 2731 145 2219 2221 4109 3543 3717 4931 994 4947 4674 2986 4712 2933 1746 550 818 1517 3546 3852 3103 2063 2757 2442 3770 3891 1216 4893 3095 1873 4711 4319 4111 2149 3473 656 1860 4567 1199 3125 2470 1136 4282 3316 1005 1374 363 1071 4548 1516 1363 3902 1842 4166 2676 4691 4379 135 2051 1128 891 1843 3501 3792 1392 1972 2189 2050 4002 2387 4152 2750 2717 1214 680 1332 708 3411 2488 4683 3882 4457 1204 3459 1381 1745 4515 329 1796 4573 3509 1453 680 1834 4185 78 131 4663 2298 1596 2920 2243 2390 2611 2174 243 1340 3271 2503 4877 2502 4476 4751 2156 2286 3023 3225 1112 2652 238 4263 2023 747 3707 3722 1581 3545
3397 1748 450 956 4922 4656 4948 4727 1832 4689 2532 1639 2294 3124 1795 617 1755 1154 3170 3078 2027 2602 1286 1710 802 701 4333 4040 1963 4410 2771 2147 432 1149 706 2354 3176 4386 954 3564 4506 840 2338 1712 75 2700 2336 4504 3978 3273 1133 739 3725 719 436 1828 1580 917 4104 4218 2734 2901 2517 4412 2534 2988 3366 1099 2700 2541 1915 4913 184 1231 846 2006 4228 387 4406 742 4965 1712 3016 71 3354 4306 909 2102 4418 1252 3645 2220 1535 3001 4503 4463 3193 1302 653 4057 3261 4878 4888 2106 4176 3566 1180 88 2170 2131 2444 3338 89 3785 3703 1268 3882 89 903 1293 2741 2197 2877 2450 3831 1892 2828 4064 3108 2007 4401 4134 4289 3157 3872 1776 3336 2991 1629 4114 1117 189 2201 402 2575 3915 1343 3034 3329 1286 2956 2474 2813 3192 2970 4523 3921 68 639 1475 1249 4412 3962 4922 1949 3300 513 3834 4175 978 432 3655 647 1745 1000 2136 545 3235 2382 496 404 4128 1904 3276 4916 1536 2244 4801 1793 3506 1799 3083 3262 1735 2967 3313 504 995 4525 2195 2108 3054 3107 4971 1315 1374 2736 2478 803 3157 4362 1700 1933 1076 2222 3570 865 2846 2755 1647 4193 3924 1732 1630 4550 3129 3914 1393 3241 2382 2701 2878 502 542 4405 1873 731 2490 2867 4932 3644 3622 1388 1368 623 4438 2690 4430 3947 4154
3015 3553 1932 4584 1080 1697 3625 1529 847 4860 3721 2192 3124 3679 192 4030 3573 3752 1389 3204 1848 2255 204 2010 2564 1208 1136 1521 1273 2782 27 1677 4703 3719 4895 4989 748 2069 3996 1863 285 4396 4895 4828 1195 753 485 1152 2610 3201 3322 1955 800 2913 2701 2012 2000 1047 1480 2687 1855 648 4595 1679 380 2695 4926 4215 4222 3694 1375 4998 3751 3475 1681 734 4372 645 4293 2697 238 1056 2861 4071 558 394 4046 4841 2928 3890 348 4285 1893 3030 1570 685 2941 4424 48 3271 702 3716 3582 3806 3835 2315 3342 2702 1491 1658 1385 1135 4936 2062 2027 3106 3095 2951 4430 424 4509 388 3172 3223 4842 1648 4161 1108 131 3037 2016 2592 2028 2222 785 4577 2143 138 4566 3550 1932 1985 2781 4701 764 3101 2871 3029 2593 1957 2204 4263 2085 1685 1794 4070 754 1185 1504 4056 2075 836 4881 3238 2321 3931 4874 1855 1718 723 2470 4264 3626 584 4666 4409 466 1067 516 418 2043 4485 3393 4717 4114 534 3964 2402 3111 2566 91 3591 4003 1303 3103 2421 4678 2055 2014 1848 1000 4544 2865 2686 2585 1807 3625 4587 2651 4202 4040 1270 1318 2796 4924 2800 1073 2235 3794 2488 4575 1704 2636 212 3155 4382 333 3257 2692 3310 4392 4023 3949 4771 1333 3158 2729 3273 2219 4887 2193 1074 1324 2042 774 658 4400 4897 1698 962
1237 399 548 4859 3279 1770 4798 3551 4372 1846 2754 754 1795 192 4783 987 4328 3166 2307 3736 2537 1066 3540 2183 2629 861 351 1602 4043 4988 3101 105 4692 3752 4760 4780 4302 1772 265 1919 1774 3833 2481 2495 648 810 2103 1798 2857 3580 3467 3931 552 894 2732 849 4164 1782 4915 150 2572 80 4320 4206 4873 1628 4179 4963 1938 4877 2159 2865 2016 888 4413 1080 1625 2267 321 2450 1030 1364 3405 2265 4889 4872 2185 2369 4422 2182 2952 403 2262 2690 4647 2468 4985 3012 2349 704 2283 2054 1409 603 4566 4542 2242 1179 2715 4673 726 149 3320 218 2098 4828 2874 4547 3252 4555 1387 2593 2707 820 4089 1803 4772 2004 1217 3295 4609 2753 31 1829 861 4172 1324 3202 1641 2281 1632 84 4262 4253 543 539 1614 1921 1728 711 4254 297 1107 4038 4427 3356 2742 1670 1781 1690 1781 1664 2917 3672 1906 3645 1592 3422 3594 3606 389 3709 4783 850 3964 1622 1527 2832 1851 273 919 2871 57 1274 1099 1808 523 4677 1296 3156 114 3367 4560 465 3108 537 3477 2660 1795 2733 2923 4814 1347 2174 4050 3822 4907 2615 1046 3455 2138 4076 3684 4119 3358 624 2607 4639 4415 4463 1706 2512 771 1688 99 4110 3773 3181 1342 2261 3130 3761 1528 1019 3005 2825 2388 382 295 2505 3685 1418 1385 1381 963 936 3464 779 1446 515
4970 4612 843 3094 1414 707 4161 2254 4914 1122 3843 2351 617 4030 987 3644 1926 83 1292 3292 3055 4693 3010 1963 4919 1457 2223 2838 733 4440 2013 1876 3324 2042 3544 854 1500 1884 4121 2484 2474 4287 3269 3059 4045 2430 4393 3609 186 2752 4476 1310 3271 2838 3463 934 4809 2109 2774 1676 882 69 3787 2870 3097 996 4618 269 2760 2644 24 1725 3252 3091 1331 1180 1065 1831 677 3847 873 2146 1757 3523 4236 2694 3596 4707 1373 531 285 2467 3973 1581 487 103 4817 2186 409 4894 2663 286 1009 4186 49 2403 1443 3145 1751 2865 1434 3151 2083 2148 2854 4065 1117 4776 1440 2701 1660 4358 4563 3131 3024 3808 4971 3597 1158 244 201 3733 926 2984 1009 1189 2449 4616 3171 418 3524 294 4619 4942 2357 4899 4933 2097 2445 3311 2265 4019 3630 94 4268 260 1964 3800 4786 3129 2791 2216 2343 3562 4555 1476 1925 627 2084 3600 1720 2473 1096 3053 863 2456 1365 1675 1824 4084 951 4896 272 4422 57 2772 198 3753 168 2110 2171 1605 3164 4144 1412 2137 208 4339 1373 913 3339 2473 4603 803 3345 2421 3434 4248 649 301 2566 2407 3262 2888 4037 1298 2142 4112 371 703 1066 3241 692 489 3581 4821 877 2703 3773 455 179 3108 1805 3848 3119 4634 1892 2086 4290 2528 3464 3661 2965 847 1440 2582 2849 4516 3706 4558
975 1288 385 333 1222 1731 657 3700 4592 426 624 2066 1755 3573 4328 1926 100 2261 2947 1399 1807 614 3626 3504 4181 3050 1026 1814 4938 4930 2396 2250 3685 325 4308 3964 2451 766 2402 529 471 1543 540 1018 1974 3775 4256 2243 2997 4951 2384 3706 552 4949 2821 89 3837 3776 1847 3000 4043 3722 4816 2536 2482 2885 2148 4223 543 4526 1998 4893 4331 3639 4740 712 2652 4558 4775 3218 2222 2430 3791 4465 113 2484 1818 2854 1306 1054 4604 2290 4248 4876 4703 232 278 245 376 4606 104 2932 948 3030 4485 2073 1284 229 3974 1505 4747 1652 28 3797 320 582 1006 1894 2040 2864 376 4666 3391 2687 675 3106 2186 2732 1370 3900 4990 116 3720 4474 180 3289 4501 4750 1468 1393 84 3224 4960 3872 2405 4173 4880 2105 4969 2328 757 834 2643 96 4109 1804 2346 469 4573 4337 842 1993 4708 2607 4727 226 3239 2615 4022 522 60 1962 3436 4045 3406 493 3685 3686 4982 1098 966 3547 1906 857 267 1618 919 4633 3222 3465 3788 2496 3166 4014 257 1902 29 386 4363 4685 1248 3772 3513 4525 4076 2096 4242 836 2437 3195 49 4113 1666 4139 3850 119 4927 1530 4576 1150 258 99 2002 1237 4179 2573 1403 2148 3183 4741 4064 4944 4461 1542 3508 2491 4111 1242 3071 3558 1593 3244 750 2724 2915 67 3431 3870 2361 145
3702 2331 991 4778 4284 3729 2854 3681 4237 4140 434 2359 1154 3752 3166 83 2261 4797 299 1736 3162 3101 3133 2652 3383 4664 2045 2621 3147 1182 350 3706 1547 152 1379 4695 44 4897 2830 1881 632 3266 2994 3445 4224 2989 2109 2371 3370 3720 3720 4355 1842 1978 3794 2563 3873 4393 1878 904 193 633 2002 1372 254 3002 678 4704 3389 667 81 4749 3572 328 1259 278 1759 2161 279 1910 1808 932 1833 1178 924 4736 3253 2186 2738 2040 15 4833 4978 2048 390 935 4303 3584 3009 1254 3781 1858 4101 2945 3670 2116 3403 4850 1586 4862 3070 345 2875 1383 4279 4800 1998 289 3258 2960 3096 4405 4012 3989 4111 4303 1991 1659 4714 1284 2787 2457 1051 2247 1964 3499 791 1889 886 4599 2239 1776 2636 1865 3482 2289 3546 2412 1248 2448 4927 4578 3732 4526 1715 3032 3531 4253 1324 3003 1165 2415 4854 3163 2257 3826 1431 2912 2218 3129 1531 2984 921 1073 4796 153 1522 1849 121 930 1410 2779 3051 3379 2878 781 1408 3642 68 3324 916 2114 1165 2941 3191 273 4431 4753 1317 378 3102 1598 3769 1446 1463 2825 2816 2814 3545 77 941 1691 2050 808 3420 369 2428 4480 4697 2336 2694 4351 3360 4730 477 3586 2188 689 1389 4884 858 2412 3629 2649 2356 3837 1267 253 4116 4126 4094 1156 948 4260 4553 608 2924 4194 4584 1199
1187 1932 2894 1114 624 151 1437 811 3901 2006 2007 910 3170 1389 2307 1292 2947 299 1355 4455 1874 49 1922 137 4981 3209 3707 427 3174 134 2661 2351 1888 4939 940 811 3418 3144 2242 767 1210 1278 4168 3203 3355 4243 4304 2927 922 1453 4205 2635 253 586 4579 4120 128 4782 508 295 2649 1276 1957 2351 1030 2433 3082 2482 2429 4678 4348 4392 1869 2566 4329 2896 3021 2724 941 3726 3690 164 2637 428 1394 3499 4491 1495 3030 3135 1784 4602 4103 3256 2744 675 3308 198 1076 1633 2928 3689 179 2519 4452 2367 2525 1446 673 4822 121 280 2659 3901 3031 1419 1608 1531 2727 2187 1844 4967 318 1416 3742 1628 3506 2616 498 3939 874 2349 1353 3252 1194 3223 2091 2723 2352 3678 4453 1096 1880 4573 254 1431 4192 3899 554 4044 2448 3752 4984 491 3756 88 3652 3048 1469 4223 1508 2423 4613 4354 2442 1435 1918 4596 3112 1441 4579 4166 1722 1747 1702 3321 2085 2525 198 4625 1626 3338 4809 2983 2883 88 210 123 3317 4347 4401 4392 1989 1837 4950 4710 3743 2271 4080 148 753 3727 4407 4803 1356 3073 3891 4228 3582 1988 3320 1231 4824 4807 494 3326 1708 4226 2266 2146 4899 810 3662 3378 297 3036 3930 3497 1764 2893 91 1395 2359 897 2658 659 3347 3195 327 1164 1380 4658 598 3632 3380 1575 2445 3560 2894 3869
3312 1560 1755 961 4386 3167 3348 1749 4890 625 4381 4119 3078 3204 3736 3292 1399 1736 4455 122 1794 2842 2970 348 388 4817 667 358 456 3253 1217 4850 419 559 4775 2729 1693 2195 1149 3000 4351 4681 3131 3546 3556 3097 2284 4088 2067 3697 3321 4024 860 3723 3724 1192 3401 342 4870 180 1580 563 4106 3116 3824 1437 2126 3787 2994 3972 4237 3541 2145 1645 3306 4693 161 1034 1493 971 2071 1737 4441 2009 4912 2630 3297 3245 174 1589 4793 3741 2243 985 86 1019 806 4066 122 4081 2305 925 3205 2096 3985 4372 4516 1201 2686 2387 3662 1394 2957 58 3573 3695 1811 4825 3744 3680 591 212 3836 3310 3486 4946 1354 575 655 661 3463 1028 3663 4315 707 2489 3544 302 1878 129 1423 1904 1229 1827 2380 1066 459 3963 2891 1543 477 1407 2627 4665 4239 575 2833 1307 1764 695 2376 1816 3703 2085 4987 2692 4397 719 2067 1127 3952 1002 3084 1557 4338 2609 1591 4227 79 2265 4668 4775 3878 3836 1086 3458 3739 788 638 2230 289 4802 3884 3449 58 3625 601 1580 2981 3550 2854 4528 2717 1256 2903 1416 3101 4314 273 2832 4847 2264 3632 1729 4185 1926 2447 4293 3939 294 1538 4699 4686 1204 1108 1130 1561 1819 2887 2869 160 473 4283 814 476 2266 168 814 1555 4871 2780 4231 281 258 3325 1389 690 4137 2285 535
3280 4040 2329 2359 3356 3751 1927 1622 2711 3545 142 782 2027 1848 2537 3055 1807 3162 1874 1794 4153 1296 3291 2708 3090 2342 3374 2805 4706 3529 392 4126 277 4790 705 4059 381 4378 2899 969 4032 1498 3371 287 2833 237 3780 1429 1153 2876 3865 2118 2683 4278 2407 3375 4383 4734 4034 1001 1311 3711 4744 1737 2415 4445 4934 3386 1641 807 1208 2184 3241 1879 1649 3665 3774 2466 3850 2383 2389 3620 4552 3896 4683 3278 558 818 1311 2766 692 4869 3159 3157 3433 1277 2391 3414 3845 972 926 1126 1414 1437 4708 270 408 2612 2588 558 4244 2173 3227 2249 1145 1974 986 3877 1297 3556 3732 2126 730 989 1331 1240 2964 2074 4674 3530 1430 1394 4821 1084 3344 3508 484 4297 4834 3099 402 862 2848 4593 2266 4480 355 3345 286 1771 1928 1509 4965 352 2862 1410 3842 2282 2574 2129 1035 2815 4344 2507 4779 4105 2982 3933 2244 3512 615 2057 2725 2547 929 4532 3863 1717 270 1377 3645 1834 2502 2335 4884 3809 3168 111 1824 2575 2939 3795 1459 2440 4738 2517 2143 1939 4079 3141 2074 4271 3433 2120 4725 645 1641 957 1129 1637 1265 2604 4322 2601 4302 2284 737 3753 1180 1954 3839 2492 4912 4136 4366 4818 2855 736 2995 2578 4067 1942 1452 161 811 2218 4679 3383 2274 1760 1021 2959 4507 1667 2731 1718 1666 2325 664 1202
646 4797 2363 2427 3190 2762 4519 4208 2711 2646 1653 4587 2602 2255 1066 4693 614 3101 49 2842 1296 1302 3418 468 3408 1379 3638 3322 3923 4288 1297 2158 1614 2203 1855 777 220 1475 1707 4024 1648 3016 4694 2994 2337 4497 4452 52 4745 345 2897 4812 4051 4313 463 1642 4905 3682 3707 508 3328 2812 4405 3708 2401 4109 2353 1491 88 3847 2385 3914 4433 4835 938 4149 3143 1038 1026 2859 2988 4556 1606 2994 1723 4394 3647 560 2922 4079 250 4411 4508 1655 2275 2524 3301 2442 4377 597 4194 4994 664 2455 2030 2040 175 4263 2154 3906 372 4177 4402 3226 419 4883 2741 3269 761 4564 1306 4096 913 3134 4248 574 1079 3701 523 3072 3499 570 455 305 1444 953 1372 2990 3594 3154 2307 2032 2955 161 4320 3498 2252 968 2666 4689 3310 563 1320 107 2677 3524 401 1021 2007 4962 3526 323 3522 296 3721 1209 1688 1308 4949 2135 4502 2633 855 3973 2420 2508 1118 1642 2003 3860 2281 3686 4962 1820 2101 1899 3956 2934 4210 1785 3860 188 937 2177 1002 2849 166 3742 1220 16 4776 4936 1055 343 3938 4800 1594 1514 3667 1290 4365 3925 1452 1947 1855 2861 3033 3729 4868 4189 3660 4748 697 2797 1666 1032 722 1223 3516 1627 2581 841 1422 788 3553 811 229 950 484 2461 2926 1594 3020 823 2755 2184 193 2131 4626 1273
4944 1637 2378 662 2814 2391 318 3042 263 489 1435 2752 1286 204 3540 3010 3626 3133 1922 2970 3291 3418 1118 1318 4952 4068 49 3151 1660 4595 147 1964 55 3652 2287 3327 4106 972 3299 1184 3000 4503 2896 1257 4645 4344 62 3486 3825 606 4877 3357 2119 4139 1577 3289 2697 1920 1515 2768 4188 3218 33 2068 4014 941 3188 302 3773 2630 2143 1841 4540 4481 3312 2479 402 3926 4753 1244 2348 3393 3822 1853 2332 3836 1335 1008 4879 2912 4934 2476 4183 2294 1546 339 1849 1137 3822 3070 1290 1049 24 4407 2293 1717 783 3933 4882 3561 1542 2230 2915 2922 1570 4203 1255 2133 1501 190 877 4790 1016 4523 3054 2228 644 4682 4001 1733 775 3387 2699 3735 3299 3899 2027 3806 3149 2404 3969 4133 3360 588 3901 2787 4527 250 2687 4112 4557 117 1357 3145 3016 3571 828 2265 1300 4645 509 2018 69 1206 898 2693 1211 4594 4976 1932 835 3815 122 3388 3509 4808 3131 3780 1599 1734 3169 3624 421 600 3144 4496 3622 189 3679 4094 4375 1156 4471 4707 4773 1344 3709 3597 1143 4308 3592 725 294 4476 1374 4671 1872 2463 1441 1867 4528 1551 1531 1872 985 1324 4137 1209 2156 4289 230 1701 577 1446 4360 2421 3563 4450 123 2905 2526 3202 2670 4122 4032 84 3134 1717 3510 2409 3747 796 2402 1231 1011 40 4569 3435 4893 4152
4715 3006 3109 4386 4823 2521 2180 2352 2443 732 2910 661 1710 2010 2183 1963 3504 2652 137 348 2708 468 1318 137 2382 386 4160 4087 739 3078 1908 2430 3764 2351 870 4794 1098 4015 4471 4722 3056 1830 868 2467 3240 3254 2649 3535 822 1875 3284 307 1794 293 1179 3265 2207 2418 1305 2495 1664 109 4377 1403 1912 1643 909 4562 709 2136 3503 3592 147 3784 950 1877 1558 2007 1008 600 422 2947 3519 2268 2263 4558 88 895 1288 2796 1173 840 2028 3194 541 3455 2912 4307 2553 909 283 2439 1596 4621 2329 3223 454 2102 3334 64 500 3709 610 2014 1122 3156 2531 4681 4419 2935 463 3621 1113 744 743 880 1285 1042 838 2699 895 359 3382 504 2686 4401 4092 3326 1447 558 2291 2833 3677 2587 2668 4819 3328 2423 2646 3203 388 1910 3513 4951 1787 3059 755 225 2256 2029 3098 3154 220 1315 1149 3264 622 808 3994 3074 617 2610 1483 2022 2178 2297 4211 1706 2113 1152 2518 1632 3956 4376 742 3673 1589 2795 4903 792 86 2336 1764 32 4667 4775 3185 4397 4584 2623 3437 1355 3741 2584 1281 974 3219 387 3007 3636 2136 131 4672 3436 4225 2638 277 4729 1552 3087 2883 4477 96 3537 3602 1517 4793 133 1764 178 2319 1357 1126 2813 4711 3965 2031 3922 1325 1012 999 4381 3791 491 3161 65 2742 2994 3731 1006
398 4844 2022 393 4003 4241 1686 2958 985 1384 1249 867 802 2564 2629 4919 4181 3383 4981 388 3090 3408 4952 2382 1900 1663 4898 1606 1789 4485 1922 4219 4863 574 4144 2218 1411 4523 1142 3944 4268 3859 449 1609 1057 804 2572 2875 1180 4088 1791 3886 1456 724 4185 1669 3655 2997 530 2826 3833 3753 1500 1664 1242 68 4146 758 1338 3812 1441 2413 2943 313 4861 4211 2260 373 648 86 2990 4866 2494 747 1453 4634 667 319 598 3100 4873 4506 2450 155 3220 3491 548 1411 1564 3016 4075 4020 881 1345 1498 3698 1843 2192 2687 1868 803 846 4037 4274 3625 4980 2806 1680 4480 2101 4668 534 100 3902 581 4460 2101 2271 403 4495 4269 1676 1417 1143 2165 4443 4934 209 264 2491 3401 2025 2419 1486 3763 3001 1196 3757 2223 1710 2113 57 381 3257 1910 4174 3411 562 4643 2957 871 654 1414 1092 359 398 3646 2209 1069 2156 489 3548 2434 4399 769 2179 3629 3807 2844 3360 3495 4549 1882 2156 786 2805 2679 4354 357 1053 578 3167 632 106 3609 1641 64 1232 4986 846 1227 1544 1589 1088 628 4513 4605 1040 2093 3165 1839 3990 4588 1151 3934 2011 3334 110 475 819 4139 1954 2429 2796 96 4549 2320 2947 3658 2741 4749 2009 2208 836 1885 360 2312 3255 4706 4949 2556 3832 3879 36 3560 2201 434 1247 4253 4277
1437 943 1779 1975 4722 806 2410 1702 1271 4781 1078 3954 701 1208 861 1457 3050 4664 3209 4817 2342 1379 4068 386 1663 4773 2926 268 4558 397 3484 3534 3839 2454 462 4395 4490 890 1298 3227 3786 919 3985 402 2827 2182 4480 4011 2587 3558 933 2613 3833 2539 2223 1075 2261 340 3611 1469 4825 3595 2353 2622 3227 3665 1283 4519 2084 2282 4323 1830 3976 2410 531 1025 272 2849 627 4194 842 2613 2445 2951 4359 1300 3775 344 3691 4989 3347 510 3907 3805 4934 89 307 1216 2211 1531 2512 536 1659 1182 3148 1745 3686 41 2570 3374 4754 2006 1501 2698 3970 3240 2922 786 815 1564 2213 512 4770 4080 2147 3156 4409 3900 1259 1527 1405 4528 3365 2896 1261 4990 3079 4783 1722 4783 2371 4893 1040 435 4901 491 328 4647 4738 1346 2448 35 2257 2292 217 3571 2526 3731 3599 3041 196 1928 1305 4527 2660 956 2935 3987 2651 1956 4918 4903 2142 886 1775 984 3943 4357 2158 2939 3648 1883 676 2036 1846 67 1439 4731 1578 3650 4011 2759 1055 692 182 4850 80 3622 1495 720 1126 2470 4640 3796 1727 2937 909 1448 1497 1062 1510 1602 4519 3713 2569 763 1026 3189 720 3858 746 2525 923 1070 1825 1340 3147 4971 1004 1260 3390 4130 2099 4969 4631 2223 750 1120 602 3132 1582 1487 2380 2608 4473 3880 2863 309 3238 175
999 4990 2436 650 4904 1008 609 746 1791 4414 712 3515 4333 1136 351 2223 1026 2045 3707 667 3374 3638 49 4160 4898 2926 443 800 3137 4545 186 434 1204 3573 3307 374 4096 1687 2726 2718 2774 4307 723 2567 200 4294 3554 478 3125 3169 4086 3532 3457 615 4217 2069 2270 2173 2874 4323 4426 2437 3327 3797 2649 1179 110 580 2981 4224 4025 4174 891 2985 2879 1298 4101 4747 2036 3953 4181 1452 4948 968 3790 4574 311 1879 241 4164 4126 3086 125 3561 60 570 1443 1945 2744 3647 2767 1347 4387 3228 3003 2066 1768 2256 4164 1975 931 691 3552 213 2962 3653 1482 1577 4055 4535 13 3934 4860 4572 3079 3864 3008 856 289 4976 3354 1440 2707 4640 2521 4849 3564 1133 1020 2401 1320 2545 765 3868 212 4489 782 3607 4329 4468 3339 591 4588 1845 1145 2812 4061 4483 4212 876 3907 504 2341 931 310 874 2384 3199 2704 236 2698 1923 3124 2592 2907 1424 4987 2253 3877 4646 4651 2741 3192 909 3405 3609 3179 4873 4946 4253 4584 4229 370 38 3217 2225 3639 1040 4257 1283 288 3334 2097 3481 1280 4815 3295 4874 3941 2695 1445 2954 4704 1411 4244 4583 4910 1818 3173 3386 2881 4808 3481 1664 627 1317 774 814 4168 1927 4239 3756 3172 2331 4534 4857 815 2243 3749 530 622 578 4000 2047 1911 2187 1108 2495 1212 2016
3404 1366 964 3230 1085 1444 3732 2735 3806 815 4153 1480 4040 1521 1602 2838 1814 2621 427 358 2805 3322 3151 4087 1606 268 800 1163 2247 3118 3691 2227 3353 710 3851 153 1676 1402 2040 63 1511 1615 1392 4460 2891 3768 2703 4904 70 4881 3797 4856 4729 3961 1768 4911 3003 2146 3997 4897 1770 2838 1029 2211 3281 4053 953 4103 3311 915 1365 2990 1921 4344 3644 71 2776 3139 539 3857 2446 4241 3454 4623 3780 2758 4972 2738 783 1610 2530 228 400 2630 1236 4438 356 3245 2845 875 2207 211 3350 1476 1268 4588 4634 3370 1877 1479 2533 2386 768 3443 4201 2549 3943 3119 4893 4810 4241 3484 1250 2384 1947 201 610 2699 4053 4090 729 1624 3932 4332 134 1742 3631 54 2992 1640 311 2397 1282 1271 2938 3203 746 3251 1082 4986 1222 320 2929 4742 165 1534 1113 4412 69 2701 970 2936 4617 2091 948 55 835 2137 3005 182 1473 4052 960 310 1285 884 3918 3973 2476 2209 804 4429 4785 1648 1271 24 1012 3448 888 4600 1791 2246 3211 4737 1776 3629 3504 4419 1940 2865 4109 1162 3529 564 3629 4080 1582 3083 3549 1141 4987 3160 1481 861 1783 3988 1980 1531 1618 2283 2543 3785 4986 4113 1969 2649 4756 1459 4642 1461 3952 4355 3643 2355 1541 1439 4170 2535 4403 1419 3436 4671 2480 4104 4485 2215 2997 3313 3437 3201
1900 3321 3452 4491 3179 230 3498 3320 4327 4080 4817 4373 1963 1273 4043 733 4938 3147 3174 456 4706 3923 1660 739 1789 4558 3137 2247 1496 3283 1752 540 4651 608 1150 2295 3468 2571 1223 855 2079 4955 3201 4044 1189 3375 4560 1995 1330 4471 4367 2509 2029 3382 4586 1656 2671 3894 1733 308 3666 2172 501 2378 1925 3992 2840 3600 1412 426 4769 174 3699 4468 3725 2408 1101 2598 1790 4692 4216 90 4820 4287 4815 1786 2710 2015 4067 1267 1061 3249 4270 135 4085 4117 1665 3737 4645 3083 1718 3277 4666 3585 2860 1564 3961 1127 1556 1271 2648 3261 2855 3065 2662 2291 1819 4723 3483 125 469 3961 3086 49 3655 3205 4416 1925 1997 968 2830 764 4634 4862 2558 3238 117 3230 3481 2378 1379 941 1968 2744 228 4077 4161 4520 1194 3984 3895 2576 3293 1804 1594 894 3317 790 1356 724 184 2837 3242 3231 3251 219 917 3176 4690 1445 2197 2190 738 3763 3571 679 1866 3481 4504 671 3095 1827 900 4915 4298 196 703 1068 4126 2910 1537 3758 1499 70 768 927 613 1875 3426 3064 3186 3654 1293 3699 2170 4271 1417 3882 4970 2407 1206 3709 375 4300 4114 4372 1477 527 3639 3081 3457 1616 135 893 2797 3425 429 1889 4010 4232 180 2103 2278 4785 1405 2768 4910 3531 4734 706 441 2652 4465 4535 4306 4182 2584 4195 108 1029
1112 3035 4600 3199 1126 1144 4056 53 3109 1794 4622 4123 4410 2782 4988 4440 4930 1182 134 3253 3529 4288 4595 3078 4485 397 4545 3118 3283 4946 4012 4219 2532 2739 1173 2720 4957 4131 4648 775 4871 1265 1095 1624 3947 1579 416 1994 4524 2885 4569 611 2879 2138 1055 2484 4337 3539 322 3124 3733 3381 1231 61 4378 4348 2955 1995 899 2526 4905 489 4996 3377 1323 500 3635 1854 3603 4119 1046 1744 4074 4407 2287 2211 2712 3566 1280 3111 900 4529 2650 567 3638 4161 4147 2603 1060 3873 488 2397 151 909 4136 1440 3319 3347 1509 159 4668 188 55 2144 4191 4107 4637 459 1327 4200 2831 2457 4613 2401 4805 1514 385 1921 1978 3785 1481 657 4698 234 4704 2743 3494 2061 3094 614 2617 901 1051 3300 4638 3086 422 727 632 2464 324 1967 1482 1718 3868 4137 4236 4807 2143 3530 3157 4785 2686 3415 3031 1957 1414 2219 968 203 2241 1735 2837 1768 1673 1652 3202 2736 3587 1774 2530 2408 501 4698 483 475 3113 3444 2480 855 2557 650 1029 3495 1714 3221 2378 4591 3131 2988 1702 3326 1261 60 2715 4385 4929 2304 1621 4453 1362 4096 2543 727 3312 4366 4237 377 462 755 3485 127 1984 212 4673 2257 133 3944 3383 1858 2633 3082 2974 3374 4357 3436 3842 4136 1155 690 4342 1509 2120 2031 343 2419 3582 386 3403 1550
4615 4785 1868 4847 2205 3252 3246 3407 684 1546 3497 2282 2771 27 3101 2013 2396 350 2661 1217 392 1297 147 1908 1922 3484 186 3691 1752 4012 1099 4041 4321 2087 1357 2861 3198 3233 790 2193 1612 588 318 579 2426 4352 4749 1083 1367 1792 570 2183 1421 4006 3047 584 295 3524 1946 3153 3366 2492 4918 175 2105 4904 3483 4775 931 645 285 4420 1762 1567 4449 4115 3218 4657 3840 431 348 2096 385 2229 4407 1505 1593 2593 316 2910 920 2712 1073 4273 4436 2496 1194 4256 4318 609 4625 188 2410 970 2652 1493 830 3759 924 1393 4856 2083 3972 692 3294 812 2753 4661 222 1869 1862 2225 2471 1410 1706 2727 538 3230 2032 720 1793 2907 4506 2046 2394 1705 3738 679 4872 4808 944 4012 1994 3212 381 2996 2680 159 2170 1613 2484 2405 3067 2053 2871 3438 1729 593 1829 4867 2959 1829 3404 4168 1393 4721 158 162 400 561 2948 2393 1036 2501 2251 2971 1134 3258 1918 4250 3511 4938 3152 160 2368 2412 861 1121 4753 3886 2694 2214 2758 1461 1803 4685 4537 4923 2190 283 3107 35 3916 3874 2567 714 50 480 206 3426 2343 2340 1748 335 3240 1701 2441 3391 3395 4438 4983 4944 2340 4652 4344 595 4983 4793 2496 3517 2760 2693 500 1485 4852 1394 2293 1927 4121 418 3044 2979 462 1717 200 513 3281 4019 3025 1815
186 3221 2085 4057 281 1087 3210 4573 4921 4615 492 1336 2147 1677 105 1876 2250 3706 2351 4850 4126 2158 1964 2430 4219 3534 434 2227 540 4219 4041 918 1812 1176 2274 2925 241 1086 2655 758 427 4185 2375 3603 2074 3429 1032 960 2526 1908 233 3289 2137 4742 1379 3181 1994 4110 1988 3752 2113 4745 4628 3894 442 3470 3796 1113 2629 3574 1111 1711 2754 625 3681 422 991 3760 4647 3488 2515 1071 555 3934 2488 2126 985 98 1037 3466 4284 603 2629 2752 589 2986 3076 1617 3337 136 1983 2650 878 1498 1121 3552 3655 1369 1218 2928 2407 2904 2038 4696 1080 2346 1249 465 3272 4569 1344 4339 4728 2018 2511 2399 2929 2779 3205 4988 2648 446 2254 4838 2443 2484 1376 2672 124 115 3883 4507 1026 1096 14 3186 4652 640 3991 2452 3688 2070 4041 992 1711 3523 1028 3985 2829 800 3947 3848 2844 2564 4121 3989 65 3814 504 4350 2084 3790 1542 4302 4744 4458 3310 4403 4782 1274 4568 777 3512 2141 1790 2965 4300 799 3511 4297 447 3620 2421 547 1294 259 3101 2682 2745 4923 744 2840 857 537 4442 2951 4752 946 4968 4559 4055 2793 4759 503 738 3262 3105 3469 2527 2159 1125 4539 1917 3581 2984 1283 3151 2106 1377 101 4420 1028 105 2703 4709 3887 4275 1487 749 2679 549 2623 2412 2835 863 4535 4231 4711 1568 1193
