N: 250
M: 50
Symmetric: true
Triangle: false
7 34 40 249 239 69 86 141
3 37 222 47
6 64 136 15 31 200 6
7 84 195 102 208 181 170 115
4 148 189 85 201
7 209 178 128 74 143 114 150
6 25 140 240 199 105 219
2 244 70
2 119 231
1 217
5 2 26 109 104 156
9 164 202 183 194 27 237 228 79 19
8 75 171 229 214 172 134 205 121
5 16 123 238 58 138
4 167 163 241 224
4 227 48 145 98
8 192 133 186 139 67 246 111 18
5 96 160 204 63 36
1 71
7 4 45 220 182 80 92 223
4 236 53 226 197
8 21 62 118 60 146 191 101 179
6 151 7 159 210 41 153
4 88 129 213 193
7 110 250 39 89 97 55 198
6 35 184 50 155 30 99
7 8 29 169 235 87 206 17
3 95 93 122
2 5 24
5 207 149 61 196 120
7 10 38 65 248 73 173 107
4 82 33 187 44
6 112 56 57 14 212 106
5 162 28 81 230 245
3 161 49 127
4 116 158 94 180
4 83 221 46 1
5 117 72 3 51 68
5 188 137 103 77 247
6 203 113 22 218 166 59
4 124 9 165 108
6 11 175 234 43 91 132
2 154 23
4 152 126 216 20
5 190 211 131 52 176
5 13 185 215 157 32
4 78 233 66 177
6 168 135 76 12 147 144
5 54 174 130 142 42
7 125 232 225 243 90 242 100
569 3957 4883 2779 166 2670 1022 2681 2934 4353 4167 4444 4392 909 4837 4584 4237 2929 4850 2524 4582 3423 1586 1538 425 695 3564 2274 2801 237 855 2165 4340 3725 1972 551 589 1628 2121 345 3320 4449 3424 2881 1267 3407 1880 1490 4739 2983 4793 1109 252 3794 2561 2875 331 1359 511 2696 1627 3590 304 4175 619 1200 3474 1000 101 4326 768 326 543 4666 2138 581 4335 150 2310 1810 735 3156 1053 1438 1955 2723 2422 3083 2137 3635 4698 736 2935 2910 3435 1067 233 4907 1406 4989 732 2857 2697 1928 3059 3607 3568 2693 3460 3585 2193 2196 910 2513 2162 1575 2364 38 4217 4042 3257 563 2974 2605 4676 759 1817 635 1462 596 3066 4209 3465 3680 316 3705 1115 2950 4670 2336 3249 2611 1381 2351 1472 1679 2331 144 678 946 1819 3714 2551 3523 3879 3010 1270 2965 1141 1518 4941 2795 2370 4226 125 2721 4032 2899 81 4145 4681 4734 2701 4389 827 4993 3914 2376 3117 523 3965 2495 758 2172 3179 429 2799 3835 735 4295 3451 2255 2287 1754 4529 4724 3242 1602 861 3999 203 1638 1516 1019 159 3019 751 963 892 2928 666 3829 1556 3223 3742 3741 1340 3030 877 2471 3606 2440 610 4255 2452 1828 3010 111 1671 1541 108 4576 4971 4025 3072 143 3016 4964 4501 209 930 4348 2112 1612 4078 1373 3665 4840 626 3801
3957 3994 2250 3185 4182 234 2459 2224 3482 3383 4937 1169 4871 1896 281 3909 4923 3687 4679 2222 1605 2225 2879 957 445 2026 4653 1843 1160 234 4246 4906 1051 3668 4772 4276 4934 4832 322 4226 4588 2513 4462 1776 3163 324 2960 914 2416 4939 915 3869 1806 4915 48 4885 135 481 4339 209 3214 4951 4911 1041 3503 1095 4518 1001 1577 463 4035 72 4803 1639 3461 2270 4694 4133 4767 4155 2218 2614 3845 2044 971 1542 1193 4862 1872 2909 2812 3562 3298 1445 3868 1725 3777 351 814 1564 700 2058 1402 4254 3803 2774 490 509 3979 3277 4507 4919 4737 3193 2317 2939 1014 4857 797 4396 4965 812 2433 1481 2052 4303 697 2734 2963 1935 2562 1962 3377 279 2391 2061 2899 1272 1045 1326 3401 2915 156 3617 3996 2076 2562 4694 1197 596 1433 627 617 2961 470 3257 4819 4671 3492 589 745 2861 1730 3180 2610 4773 993 3380 3782 1328 2368 3414 4242 3232 4033 1629 2491 4912 697 4689 4098 1218 4260 1709 4097 1955 2224 3650 2712 1896 1135 424 663 887 1539 1406 1851 4112 3998 276 1064 358 4141 1663 2682 3327 2456 1819 2064 3991 880 2816 4312 892 2839 1868 3899 1836 4157 2422 3692 3627 3149 2524 1001 107 1699 3255 1386 3822 1075 3297 3652 3044 3590 1497 2740 824 2999 3946 1317 1728 2910 442 1729 3952 4287 3625 702 4615
4883 2250 3748 4282 3335 2662 4662 3135 3661 4176 1982 4764 1916 4206 1145 52 3638 1312 1965 4305 938 2885 2177 491 2693 1592 3975 4477 3621 690 254 881 765 3649 4234 4606 1473 4063 545 917 4684 384 1794 4895 2512 2629 3250 1685 4723 3683 1656 3303 1386 876 1533 2198 34 87 1180 43 2075 2418 443 3833 4608 2200 805 3274 1688 1050 1433 2050 129 4131 1679 653 334 3595 428 881 872 2833 3718 2234 3535 547 4875 4616 512 1330 3208 1176 2134 997 2286 948 1439 4134 756 2604 357 2243 2873 3647 4778 3101 1046 4708 4625 3933 3950 2863 1795 1345 434 2168 2686 4897 4607 3317 3045 119 2249 2425 2191 3254 2236 4837 2927 4834 1598 1396 793 616 1452 2427 1367 2962 1030 556 1578 1832 1591 4079 2656 1654 203 1128 1920 1565 877 4912 2623 1889 278 1819 3871 1049 2487 4535 3510 3841 497 4940 415 4168 1004 2819 4214 722 4625 555 4151 2993 3309 2945 702 3448 4493 2100 3818 2003 2810 4243 3894 1369 650 620 841 34 1874 74 720 4435 805 2358 1282 3496 1722 110 1357 321 2021 3497 1456 4590 969 1967 4754 2626 3066 1030 1240 1171 1911 3106 659 732 4302 1823 2391 87 715 4851 2866 1897 1045 3855 4538 1392 3990 2047 1322 3421 4062 850 4145 2911 1801 4105 394 482 4776 2352 1899 3462 3490 1466 2202 2253
2779 3185 4282 282 484 4543 4365 1546 3771 3169 2387 3649 4919 3000 3241 4464 2381 3298 1222 3758 4911 4522 2357 3967 3604 772 2113 2295 3230 1448 2128 272 3437 2452 3875 1943 3836 272 576 2028 3719 1685 3311 1959 4511 4959 170 3047 395 2592 2236 1833 2459 3599 3370 1663 1069 1586 2846 449 1133 4937 3580 915 732 800 1179 1523 1096 1517 4737 4163 1429 1648 3829 1345 683 494 2289 1240 4669 1001 3463 2495 4594 1810 4094 2557 2270 553 3401 4473 1130 3790 2525 4105 174 3401 589 739 484 1517 2421 515 2663 4634 2150 3547 1486 3003 2235 2705 3967 308 1069 1992 4724 1154 1790 880 2667 3218 2460 3808 169 4448 1824 1981 2537 3323 868 4282 4535 329 1541 2656 4500 1143 3456 17 363 1478 3494 4257 2803 2010 3283 1783 1664 4538 3488 1877 358 4900 3858 2862 2107 4345 4153 2085 4291 4477 4122 4865 3204 2952 964 2947 3619 3349 3546 533 2711 2526 2855 4031 3378 4964 2089 2111 4964 3084 292 4534 4987 364 228 3451 623 3922 1618 4321 4852 4118 103 1827 1028 351 3073 4707 4225 593 123 3438 3439 2256 4982 319 1864 2950 4795 498 4132 4458 3683 4554 1881 2585 2463 4584 1117 3932 717 4132 3192 4182 867 2214 867 1919 2073 1896 2856 4933 1734 4949 1446 1499 3566 4699 1441 3565 2958 758 2587 2377 4313 706 434 2815
166 4182 3335 484 3181 3534 528 1305 1520 2044 2985 4937 4662 2988 124 2296 1947 328 1569 4813 1945 3606 302 4837 4881 4375 4488 4823 3202 1500 545 4507 968 93 556 928 768 3129 835 4112 4774 2297 2170 2582 757 4820 1834 3577 625 2518 1968 4846 3945 888 3608 3496 2733 2784 3448 852 4088 2837 553 2338 1787 2535 4713 3803 4916 3481 4361 2773 4754 3416 3919 4816 3390 4617 1363 2823 59 4021 1529 3305 719 2313 1922 2619 3059 4614 4810 3497 1914 2715 3897 3404 3180 463 4971 2599 1432 975 548 1664 2217 2537 1660 4478 4207 4864 386 2819 4399 4576 3140 1058 4052 2087 1790 635 4790 2728 2702 3664 310 1833 3410 3734 4142 135 2452 224 1417 2519 1749 1051 587 1534 4327 3104 707 1436 3792 4505 1847 35 2502 991 4470 2459 4520 4473 3240 2351 4715 2753 1684 2651 1164 260 872 2646 1606 4286 2794 4126 1089 4519 437 4758 4026 1458 1768 4190 4480 3336 177 2596 4908 872 1095 92 2149 2110 2042 896 3852 2271 1730 2834 4999 3277 1209 2419 2683 933 4746 26 2650 4836 4681 3562 3851 659 4650 4662 3342 2728 4962 1515 4957 3230 1961 1867 675 2896 3984 4876 3867 276 395 3369 1782 3233 4228 2572 2177 2851 2459 2042 3301 290 3387 3527 2450 612 4674 4269 3287 1409 1950 1910 2151 3200 1059 1994 2634 2472 4934 3302
2670 234 2662 4543 3534 4400 3182 1895 4642 773 4730 2774 1652 255 4195 2310 4096 4292 296 975 3643 254 4373 4532 1064 1229 2645 4579 453 437 4931 4767 3390 401 2564 2355 4210 1759 4608 2707 1725 4432 4243 1642 3142 3345 1466 2095 2213 999 2307 4812 1293 484 68 2142 2145 1328 597 400 4564 2004 2527 1091 3408 3431 1019 3441 41 1360 2183 4352 3975 1070 4047 3418 1670 501 1985 2697 2951 633 3516 781 42 1636 2735 2951 130 303 2704 3243 897 1669 523 3903 574 1046 4444 474 4030 383 4357 2752 169 3702 2097 832 1463 1155 2695 2353 2905 615 2181 4714 575 1578 4314 1518 2052 2660 1424 2562 3929 3066 2927 1402 2033 3954 4138 1516 2697 3637 4590 1748 3976 3629 1917 1058 4667 3629 2822 997 3109 1266 4705 1442 4217 1213 1134 4236 2321 3181 4649 3303 4143 3433 2945 684 1852 961 3160 3078 4794 3954 220 638 1696 1091 3904 3577 3106 2238 3109 4813 3668 4857 2236 2760 1352 1141 1770 1733 4582 2890 1984 1353 1865 1321 4879 4218 3985 3780 532 2063 1939 2014 2782 1108 2209 1461 4282 2424 4937 4845 1386 2679 2675 4802 4912 132 3823 3565 3648 3727 213 4098 3405 946 690 3828 3174 307 2684 1360 3454 4122 2535 849 2051 2242 3847 4180 259 1371 4819 2196 3272 4010 3864 2153 4037 681 1785 4435 2228 4239 1132 3150
1022 2459 4662 4365 528 3182 4728 3179 4863 2651 1490 1372 4753 3525 202 1640 3076 3803 708 166 2658 2115 4469 3037 4895 4727 3040 2432 1806 1681 1705 4862 2086 3682 1928 1494 3365 679 3712 2844 382 1996 2696 452 2153 1575 4558 4526 4929 921 1291 2234 2419 2912 623 313 2021 4160 1670 4352 3656 4196 526 912 3964 592 1956 607 4575 2176 692 1637 2568 297 3317 4308 4879 2002 4769 2203 3770 4176 2346 2440 320 1851 1704 3029 1654 4413 3671 4472 1550 588 4367 469 567 4897 1681 912 2475 452 93 2112 4384 2510 2869 3323 770 1625 751 2133 1755 422 4646 2430 2531 4967 4447 966 654 4281 2961 1641 2492 3428 1559 1631 811 2433 4196 597 341 437 2411 2447 1224 4777 2937 906 1049 2505 3623 613 137 2547 2668 2294 3525 4753 218 871 271 1877 540 1641 1394 2468 1225 3229 323 2244 1197 1525 3403 2347 3335 2645 2403 4239 3133 1008 396 3490 1284 3742 1725 82 3043 3197 4271 1637 4738 1021 2669 4533 4123 2982 2556 2247 632 4075 1684 49 1800 3438 3820 4849 1122 530 2083 4927 34 670 2557 2463 3074 3265 3453 769 2196 2946 523 4987 366 4423 4475 641 1281 1191 1934 972 4060 3503 657 1712 1506 3571 3303 823 4596 110 2780 3518 2762 4931 1221 361 4054 257 1517 850 190 3667 1038 53 2430 4496 4925 85
2681 2224 3135 1546 1305 1895 3179 4587 389 4894 4248 1853 1889 4870 3648 3552 1442 2568 3202 3313 318 428 520 4772 4624 1776 2521 4584 3198 3962 1304 2064 110 1536 450 4377 2484 1812 3507 2341 3485 2737 3658 859 2357 2543 3302 3775 1767 1517 4219 1507 4891 4073 347 1328 1477 4585 3831 457 3971 1173 2162 4169 3714 1894 4711 588 587 764 3381 3652 1772 2642 3977 13 3396 1822 3948 1700 1909 210 3650 2720 2030 659 1430 3170 1695 1692 4483 415 3245 519 2170 808 3119 3248 4650 2782 1726 931 1412 3861 2513 1474 4141 3734 4124 777 1804 296 3696 2709 3897 617 61 4785 3241 2414 2254 2865 3829 2826 4585 2734 3013 454 1455 4183 3518 1793 4460 3158 310 1728 1012 2416 4175 4630 1870 530 4228 3190 3541 73 3447 3620 2093 4111 2880 735 3364 3916 1530 1074 1694 1335 3688 2348 3923 2634 470 2187 4997 1621 343 4483 3709 1095 111 1437 4742 857 4123 4344 1664 2514 133 3214 2826 3988 4363 3775 4525 4903 1097 4002 4466 2094 4471 2580 1698 167 4371 2207 1985 2437 1551 2689 2068 2887 1879 4473 325 3201 1465 3704 3985 3335 1883 3358 2343 292 2243 375 4105 3736 1641 516 3727 2938 4182 2191 4318 1653 1608 903 2402 3455 1929 2262 3734 484 1149 853 1067 347 2569 932 2071 883 1414 4518 3343 3585 666 3229 2760 210
2934 3482 3661 3771 1520 4642 4863 389 1056 4362 937 119 3720 4668 3164 2044 1575 586 1523 2106 4383 697 4757 4794 4607 2718 3434 534 724 1861 3869 3088 3052 1580 4244 270 4942 478 447 4634 916 3220 804 1078 4806 1390 377 3812 1849 2146 1225 1042 2760 1732 2633 4550 4989 2079 3707 3056 4968 3442 2958 4557 3546 3975 809 2647 4406 2307 4122 4215 2301 153 3786 3570 3199 2575 4866 1419 419 4757 1751 4251 4873 375 3790 2869 442 4275 919 4014 2479 4385 2226 1078 3705 2307 3243 1654 2057 240 1511 50 2864 3444 3152 4342 1252 4857 1953 47 4096 1974 2381 3190 843 2654 2684 908 868 3246 2776 2720 97 3369 2325 1958 1468 2552 4863 4280 682 4104 1398 3944 3302 2140 1050 4326 468 3144 257 3261 2620 649 4258 4739 2616 2089 3386 2630 4225 210 1383 4600 1583 1262 718 4664 3979 814 2471 3634 1501 2705 4850 3662 781 1950 1856 1863 1129 1793 4867 3536 514 247 2955 1875 2307 3945 1823 4702 1953 3851 2693 70 507 46 4971 1626 1316 1310 1814 4353 4986 734 4671 2049 3088 546 2903 3673 70 4541 1037 4069 1245 2466 3647 2617 284 1887 1871 1413 1667 868 3843 1725 4685 1881 3372 2521 1168 562 3106 750 4067 1980 40 1020 3919 4261 2882 383 1816 2299 2427 54 1072 527 1835 3531 517 295 2018 290 535 652
4353 3383 4176 3169 2044 773 2651 4894 4362 3429 2700 1087 1344 2995 4991 154 224 3108 1948 3004 2189 71 1917 4348 139 14 1906 1059 3134 4622 2924 3911 2895 1568 4707 4495 3493 65 4508 3722 3326 475 135 1179 783 3939 566 1841 3921 490 2303 688 4447 4522 946 1727 1107 3544 1611 3319 2237 4130 146 4607 2024 2065 1600 4893 1469 3962 4530 1289 2477 4511 313 219 3184 4372 3925 2784 3705 2478 2966 1463 1139 618 3875 2873 3573 4023 4715 4337 1723 1609 3767 769 767 3627 4957 2962 4698 3606 3042 4539 2149 3854 4490 445 4560 206 515 4955 216 4812 232 2506 2301 1586 1348 1701 2461 3126 3601 3708 190 4088 2070 4973 294 3857 4560 807 3394 976 1818 1531 2344 2480 3318 2128 3373 4625 634 1775 3016 4816 407 3140 397 2166 982 4908 4026 1112 4061 2430 3337 4358 600 3012 3835 390 655 1735 1727 828 1363 3701 3385 4019 3053 2506 1070 4056 1917 2211 4824 1216 3747 4601 548 923 3612 199 235 1107 4737 666 1392 1163 1921 1484 4076 119 2701 461 3247 2870 2930 2078 4710 72 55 4939 4675 4220 35 1293 386 1357 344 3142 50 994 2363 2051 4022 476 883 379 62 4422 4715 4940 785 3699 2112 3042 3237 4074 4150 3107 3360 3840 1103 1967 2954 1316 2752 2624 2210 2707 1142 1574 1836 4492 4383 3108 2413 2274
4167 4937 1982 2387 2985 4730 1490 4248 937 2700 2865 1364 878 1366 780 3788 1413 4428 3337 1764 1242 3977 4222 4756 2111 506 2897 3830 967 3989 420 3835 926 1287 3354 203 2136 2356 3487 4007 61 1035 1538 1413 672 924 275 4468 69 4879 4397 4581 187 4679 3464 2968 1512 3774 4941 1338 1537 1476 901 1263 4238 3389 1942 3791 3353 2166 340 4175 1325 1927 55 2376 511 3714 3575 4686 1981 852 1329 2803 804 786 1906 2579 4551 1889 1979 2610 2173 2341 436 2974 1095 4836 471 2821 1768 3326 2721 3149 201 2693 2947 4690 1411 3742 2825 1365 3389 870 4577 4397 81 867 3812 2496 2091 35 4051 3606 1181 4667 4884 4742 3490 4935 2892 1825 4024 2054 3893 1009 4184 4790 36 1241 4573 2474 3149 2524 370 325 679 2840 3143 2575 1471 4976 2079 202 3215 142 4924 3627 4190 3180 978 221 88 344 1471 2988 3127 2496 1748 1724 3808 3835 4763 2695 4773 1784 3139 433 3046 4033 351 3870 4480 2717 3370 4885 163 3922 4753 3313 3894 4578 425 1671 1088 1467 3673 3293 1772 1411 3331 1186 3265 4101 3044 3077 4077 2559 647 1110 1638 332 1615 3320 3354 3690 1122 4431 2597 892 3051 1197 2060 2287 4018 786 3206 248 4591 3687 990 426 4199 4410 1470 1689 3646 3886 117 137 2518 2743 3894 4764 4213 1274 4739 1026 4378 3671
4444 1169 4764 3649 4937 2774 1372 1853 119 1087 1364 227 2916 851 889 4692 762 1826 1868 3895 4913 819 3526 4383 1895 14 2106 2602 2102 2920 4247 287 1380 3541 2503 4310 1069 942 1384 3656 1723 2221 3274 1933 369 4526 2059 4836 690 858 355 4039 2761 2512 4590 1099 936 3594 21 1176 2327 2200 1356 3902 4631 1406 581 2257 2515 76 1766 3371 3001 2276 448 576 635 2622 1398 4664 3232 4066 2998 646 3390 3045 1174 122 4878 929 20 647 1926 51 3566 3619 724 2322 1880 3115 1842 376 3257 4183 2964 4556 3958 2173 726 2055 4654 200 3583 2395 4982 1806 3785 1787 3821 4373 1266 1731 3060 3786 4980 4856 2861 2309 3320 4946 4107 2401 71 3736 3978 1113 4152 3155 2031 3699 555 3979 1814 1146 4717 2290 1912 2393 256 930 1459 4805 4755 4953 3693 3731 3279 782 4896 511 4352 4769 4218 4363 345 3084 2615 4943 1606 779 1579 843 2747 1542 1597 2241 1567 3902 2584 2905 4950 1961 1770 3014 1539 4749 3787 2899 1375 769 3797 3887 4034 1549 3912 2293 4863 3750 1331 1152 2986 213 2863 127 2955 2870 2813 644 1961 3590 2745 762 4977 1375 2242 3391 2760 1499 3860 2212 1043 2633 1101 4198 2913 1527 3440 3045 2657 3455 224 1908 1762 1606 221 2589 1670 118 4213 2467 2429 4712 4397 4095 3359 4947 4894 3763 4681 2311
4392 4871 1916 4919 4662 1652 4753 1889 3720 1344 878 2916 4243 1845 2296 1196 641 4958 4449 1310 2235 3166 4719 2551 4200 3245 4842 4258 3193 4376 4264 1118 3962 2470 2612 4413 3418 3594 1174 3688 87 2975 4208 4696 2634 1797 358 436 4792 1892 2741 1978 4422 2657 1880 2397 1283 713 3678 531 734 1525 301 403 4894 1875 588 573 3576 1036 387 4625 3867 1688 387 697 2052 2971 2395 738 3558 802 543 1244 395 3949 4622 1432 871 3569 1127 2455 168 3410 905 4770 1219 1897 1552 1104 1312 4869 1005 1907 4816 1474 1264 2741 4142 4464 287 3323 2999 2921 2487 3335 1501 3594 1683 3533 2720 2601 4759 4134 1398 4014 1970 74 3316 3385 2148 2697 2367 2056 489 4402 3929 1924 4622 2534 2319 546 2815 3951 207 2417 4344 255 2680 2151 804 4059 1677 4102 2604 4827 3236 2045 3502 3147 2665 1827 2758 3233 1115 2097 2572 3171 3272 1918 2025 4611 3809 4058 223 1524 2261 4054 222 2484 794 4835 2783 1851 4321 901 2930 1530 4910 4231 4743 3791 2799 3809 4961 3627 2043 3232 2827 4612 2469 3269 2034 4925 4814 2399 1331 3120 1500 1976 181 3003 809 4564 4804 3914 4162 477 3832 3930 1484 2085 3018 240 1097 3236 1328 3946 2944 1945 1573 3358 2311 4208 4699 4247 3765 4866 3523 1285 731 559 4013 609 4271 2064 4374 2132 2428 732
909 1896 4206 3000 2988 255 3525 4870 4668 2995 1366 851 1845 4512 2564 2795 52 1140 3998 4304 3525 774 3193 2585 2913 1569 528 2502 30 4609 3511 3242 4692 2290 4679 4142 1873 4695 733 4496 1828 4582 3696 1202 3480 1092 1187 1938 3407 3792 4577 1851 3114 1545 1944 555 4689 3431 1195 1110 4639 4176 234 3123 1151 1876 1531 2859 3800 3888 4544 4226 165 4885 4511 3882 3345 1644 2530 3284 3354 4874 3279 2686 911 3770 4391 3934 4334 491 3247 104 343 2011 536 3768 3101 950 4203 762 1981 2216 2578 845 618 2418 3329 2875 4915 3193 2415 2635 2714 1529 3880 4582 204 1583 4367 4672 37 3280 1481 3882 1227 438 1522 2832 761 3141 2715 3866 3852 4468 2377 4990 4815 2464 4194 2717 1012 673 2533 2631 4661 1424 2178 4476 2100 296 156 2159 2697 308 4897 978 302 3502 2388 1917 140 2834 4702 2948 595 217 3946 4949 3589 897 4890 4420 911 417 1687 3074 4968 3305 1726 930 2763 2919 595 4044 452 3473 2547 2863 3838 1882 812 4909 1476 3061 460 364 2087 4086 92 4888 3778 3958 4360 200 3020 4112 2817 1985 3528 1055 3090 1685 2454 3599 2191 2332 1268 1131 1200 2696 3331 2215 891 4415 2378 223 2265 4005 1052 4115 568 837 4096 124 3417 2768 3177 2175 4646 2219 1327 1592 483 4731 2797 2667 2709 2098 4968 4218
4837 281 1145 3241 124 4195 202 3648 3164 4991 780 889 2296 2564 4873 3357 4137 1115 3418 899 718 895 2032 3875 3664 416 2424 3891 2361 3657 4722 3867 2754 1526 688 1121 2855 3698 3901 3075 4124 370 2606 614 2511 2161 1764 3724 2024 2907 3228 1157 3921 4469 2937 4045 2904 2757 817 3667 2459 1471 1165 4764 2141 4749 1918 3206 2180 3213 90 425 1350 4566 1084 3288 2236 174 3845 921 4776 2789 667 1554 3622 4678 4611 3091 1280 2910 2287 1140 1760 1967 2034 2610 766 1624 3271 4314 2508 4767 1012 3793 4753 4717 2986 321 3336 3287 4911 4386 3336 3868 2392 4540 270 1397 4417 1126 4866 2666 3858 4173 4272 2725 4345 2046 4167 4634 399 4249 387 3186 91 4466 2957 152 3913 99 2306 295 2526 3877 899 915 4676 2148 4819 1043 2077 40 4475 1680 3349 3800 3282 3561 2922 2939 4292 4374 2845 3461 2530 1542 2453 1373 1486 1556 2547 108 4491 1598 1419 3458 463 681 3076 4685 64 4109 2041 1201 2833 2665 132 4540 4906 1056 833 713 1660 1359 3075 4500 3559 4394 1919 2736 257 3069 393 1278 823 4805 4248 1550 3652 1203 928 3879 2624 890 2504 4524 701 4545 903 4056 624 553 3837 1829 135 2366 3422 270 972 2698 948 1873 3578 2506 3680 1168 2269 2773 4594 4923 4098 2420 3092 3505 1886 2525 514 2318 2569 756
4584 3909 52 4464 2296 2310 1640 3552 2044 154 3788 4692 1196 2795 3357 3155 1028 788 4587 686 3784 1709 482 338 4964 3538 548 2265 4526 2532 1558 2966 2445 4596 1029 1522 702 4532 4123 3961 1323 4597 969 957 308 529 1601 4837 1749 486 1721 3818 2742 577 4572 1163 4535 2590 3758 18 441 1892 761 190 3235 307 4157 1922 4991 3749 4272 4946 4382 1279 1665 4698 4082 4879 3718 1797 3320 1712 84 895 108 3250 320 931 520 4334 2461 4371 3001 4068 3575 1767 2007 3222 3849 2803 1543 160 3392 3082 3403 2001 3856 2931 633 1036 780 1610 3695 3667 4594 669 1052 107 3732 2801 761 3355 203 2567 4680 637 1630 4160 3877 4775 2570 4169 97 1590 1219 3169 1274 4917 2500 2805 1933 4722 774 3057 1489 4325 2354 2601 2015 1609 2082 461 1641 4281 2589 127 4663 4993 4118 222 4022 4063 392 4475 1363 3642 4826 4461 3353 4271 4629 1139 4268 3098 1337 4435 2650 280 2912 1128 3240 2599 3259 97 3189 835 2460 2118 49 1278 601 4295 4037 3149 2050 2255 814 3607 4006 2897 1595 4817 4571 4293 4884 1123 2373 2918 2822 1410 2934 1116 2454 972 4386 2271 390 832 992 2057 3895 2342 1453 227 3052 1377 3479 2915 4577 2628 649 2113 1027 1019 242 4366 1539 1072 4805 2547 4480 3958 4498 1080 2804 4366 513 4463 2286 4051
4237 4923 3638 2381 1947 4096 3076 1442 1575 224 1413 762 641 52 4137 1028 3689 1465 2146 2089 2962 2247 1194 628 2576 1731 500 3898 2000 1045 1062 1555 4669 3536 1715 4426 4800 3921 1503 3468 4862 390 4116 672 4893 1261 2080 199 1000 3078 3121 3825 1426 1000 2208 4325 3129 2617 551 1469 2666 3292 2720 2506 2068 4094 3109 3675 4155 3007 739 2781 3826 1630 2673 4125 3478 42 1190 1100 1196 3252 264 1359 42 180 2174 4201 4127 177 4031 4453 3674 3752 2958 1849 612 4442 2032 4812 2192 1935 1538 2638 3611 2365 4800 2183 287 283 527 3565 3496 1085 4952 734 4968 2873 979 4899 1803 3543 1591 286 3190 2732 1138 3285 2481 2029 1786 4600 1531 4884 4537 3153 428 646 2686 2580 1370 3058 3276 517 1628 1379 1251 35 1593 3957 473 1089 4132 870 863 2786 4345 1564 4769 3716 3482 990 1011 1431 4677 2552 4625 1379 2027 2742 467 2669 1583 4956 3399 4160 309 4965 2497 705 1701 4634 2900 1286 953 1031 758 2111 4122 1223 1313 4433 2283 3679 3230 2775 3468 1780 2423 2894 4696 2159 3086 4336 419 3040 1890 4984 4849 811 2974 1073 1593 3443 848 4344 4334 3644 3002 3231 94 272 1881 4931 1846 1079 4694 4707 1199 2541 3490 4328 3143 4707 1718 560 1717 2164 3523 2735 1903 501 1670 3714 2570 2395 2171 4150 1178 3772
2929 3687 1312 3298 328 4292 3803 2568 586 3108 4428 1826 4958 1140 1115 788 1465 2355 4795 23 1653 1661 987 4736 2516 2054 3726 2029 4555 2090 1373 4049 505 2882 4867 978 191 3780 3361 305 4228 1742 2387 4039 312 899 2861 2624 3094 1639 1985 2934 1489 4589 2923 4171 4590 1447 1896 2442 4537 2864 3145 4734 4414 1932 2133 801 3743 2194 3492 4114 222 563 2646 3098 3416 2409 4496 12 4958 4321 957 3366 4551 1766 2990 196 2276 531 4107 1783 4620 3422 3786 2406 2894 356 2455 3601 423 2066 883 4048 2144 138 4764 2381 4140 843 2163 513 541 1936 2683 1991 349 3554 1986 2010 2978 2414 3108 1438 4780 4306 485 4097 4046 2732 1185 2455 103 333 4162 880 4245 2940 2616 805 3838 3459 4181 2660 4683 2389 127 1860 4470 3400 3289 2246 3117 4150 3189 1343 973 2333 2273 3379 2246 3596 4410 3470 2735 3546 1488 1268 2964 4734 665 559 61 349 2657 3417 3689 3762 4945 2046 3232 1938 636 1374 1858 2092 2227 3439 747 1443 4337 1683 2024 4889 3520 255 3489 2238 4383 4832 1835 238 885 4446 212 17 2757 1988 4946 3473 1141 4485 23 813 333 2299 1227 3575 1752 3949 2752 3405 3120 2601 3482 3825 1230 3275 380 1257 3535 2548 4907 2482 1130 664 1685 4026 4205 3461 3632 2753 1527 2217 3536 3702 4222 2224 378 4196
4850 4679 1965 1222 1569 296 708 3202 1523 1948 3337 1868 4449 3998 3418 4587 2146 4795 4965 1282 1146 3261 1136 1777 4977 4122 4497 4044 4866 159 1204 4592 4243 1880 4609 2056 2777 4307 4552 2815 2755 3553 32 3984 3998 505 3228 1269 3529 4399 2270 2459 703 2976 1180 1310 249 3616 3843 4524 3262 3534 1789 3811 4825 1879 1506 3459 2942 3370 4948 4067 823 2565 2267 4379 3355 1202 1070 531 182 641 3760 4297 1474 4809 4830 488 1071 4948 3935 926 1322 4348 1180 3229 1464 4010 4860 4326 4383 3092 2095 4655 1510 357 3842 3842 840 4257 2781 4277 2934 2454 446 4095 651 1542 4598 2958 2390 4189 2111 1709 1563 829 2075 3772 4671 2087 568 201 4513 2989 228 1867 1625 2438 2199 4520 4760 4743 2457 210 883 4912 1232 1363 2803 1410 3292 3540 2339 1954 2925 4822 268 3148 2800 396 3665 3924 284 3522 3638 4343 3349 1752 3338 4618 2159 585 1637 3291 811 3830 2567 996 3656 1155 483 2047 1751 1219 1844 3277 3857 129 618 2173 2005 4092 3482 2870 4875 4604 3276 1199 1594 40 2572 4762 2183 2971 169 1471 1898 1135 362 590 3639 1034 2765 2809 2971 2891 1469 1339 3583 49 2287 1662 3218 2846 1278 1260 2216 1747 2639 1143 3073 249 2375 4626 1826 504 2025 3213 2005 4914 4493 2410 4795 3391 716 4828 78 1282 4573 2368
2524 2222 4305 3758 4813 975 166 3313 2106 3004 1764 3895 1310 4304 899 686 2089 23 1282 4179 1798 2836 4944 1699 3318 4812 3349 3607 3617 4026 2857 741 2610 1006 1166 1205 4096 1316 851 862 2565 3683 34 3097 4448 2625 1901 3854 2285 2976 4903 3798 2522 492 647 2801 1857 4537 2157 4144 1232 2643 50 2137 2700 1446 905 3892 3627 4827 1240 4988 2421 2961 3943 1903 3103 1431 166 3786 342 2425 4013 411 1105 366 3302 1926 1647 2840 1086 1511 2875 1717 858 1398 3407 4280 4528 38 4007 4850 2649 4208 3045 1822 4485 1244 4423 1584 461 505 2112 2189 3827 3829 1342 35 374 4908 236 20 2095 177 3007 1068 4596 643 2449 3035 557 2930 4484 973 4950 2956 2534 665 3075 4815 1621 824 324 4117 1925 4586 310 4718 4101 3795 1562 3019 2613 3559 98 1157 2030 2814 3694 19 136 4577 3889 2656 4615 936 3425 4880 3816 3732 1004 2653 504 3203 3367 1307 3999 1438 2965 3548 976 1184 109 4758 4381 539 2624 3840 1308 3787 1464 1316 2811 4027 598 972 1110 4310 705 2432 3305 4715 4272 4774 4900 4561 968 650 4404 1816 3031 2689 1363 356 4148 1279 4608 4588 638 1872 4015 1119 1041 3729 2985 2965 644 2450 1083 1334 4966 1419 119 171 4267 642 4210 4468 4071 708 3098 564 3573 1967 654 2814 2934 2337 2105 3810
4582 1605 938 4911 1945 3643 2658 318 4383 2189 1242 4913 2235 3525 718 3784 2962 1653 1146 1798 3048 3552 1815 3057 1558 376 3022 3446 1542 185 4066 2255 1312 3568 1296 327 2610 1514 2824 3774 2795 454 3473 1753 1744 1642 3959 723 64 2214 2135 1444 1231 3243 4446 4463 3880 4576 3379 4525 35 3331 521 4225 4343 1401 4790 1142 2031 1393 192 2568 2915 4207 873 4409 234 1182 4241 3309 518 1696 230 2873 494 3774 554 1111 4367 4650 2850 497 2570 2311 2247 1637 1911 1581 2313 2203 4378 1771 3489 1792 3552 4898 810 4894 3978 3029 901 2273 1216 3717 4281 2469 326 1150 4927 3441 1830 336 4173 3538 4931 3382 3307 135 2164 3728 2787 4951 4973 1809 255 4184 2422 1708 2786 159 1824 956 2036 1437 3486 1920 1143 3611 3966 686 4525 2139 2659 1224 2467 4869 2955 4123 849 959 4101 137 3590 1148 2363 4011 336 3728 3264 302 3139 4476 3183 2796 1484 4423 3769 3973 449 1512 588 3524 144 3325 3078 3472 3762 2034 422 1637 4307 3308 1719 1845 4345 683 2091 3176 4969 4543 4826 2124 4964 1633 3834 1518 1566 3246 1354 4389 4812 3059 4530 1620 3528 1891 1868 595 308 2438 2243 881 4436 713 2893 2742 1442 1478 1862 2574 4228 2408 1061 4726 4821 757 1431 3395 1452 3545 519 310 2498 3122 3613 1126 622 1915 488 2117
3423 2225 2885 4522 3606 254 2115 428 697 71 3977 819 3166 774 895 1709 2247 1661 3261 2836 3552 316 3449 2243 2020 3443 4366 2260 1489 1038 1025 1654 1845 2567 2573 3658 3381 4289 807 3861 4336 942 4763 3395 3653 4156 2267 2257 4662 4350 2632 3371 2024 4533 993 180 3228 2206 4897 2179 930 2808 2427 3043 2218 1621 4441 1375 687 1037 4925 1374 2900 3960 3239 1418 4715 2993 4925 4143 3246 2359 4141 1451 689 1392 3649 4350 185 3634 1381 2357 1018 1104 1663 3824 479 2991 4093 1042 2040 4326 2468 914 816 4554 1979 1844 4955 421 500 3651 4770 4332 4295 2295 835 4106 1065 1915 3826 119 1092 3457 1168 784 375 1253 263 2928 3431 1960 1828 3075 3626 3760 3694 1836 1828 3220 3903 2222 2642 4981 1001 4710 4199 4619 2644 845 472 2812 3663 3891 530 3467 2945 3895 2468 3386 1267 1640 4952 2139 21 4239 4246 4317 240 3223 2319 4856 2959 2468 4284 2960 4965 2130 2519 2785 1568 688 3725 3947 2876 4691 3201 2198 4264 1059 3573 1342 3680 2372 456 4132 1255 249 3236 812 4401 1032 3119 4810 2030 1257 3165 3251 2982 738 446 3833 414 2923 2978 1491 2007 795 2670 4082 345 4613 1065 4592 969 929 1239 3233 384 4924 2207 3292 1519 958 4920 1504 398 2763 2769 1882 2155 2232 2646 4884 2020 4773 614 2115 4979 3029
1586 2879 2177 2357 302 4373 4469 520 4757 1917 4222 3526 4719 3193 2032 482 1194 987 1136 4944 1815 3449 831 203 3481 2836 2946 108 4127 881 1002 1398 798 2175 345 2127 3762 1348 2870 4395 4851 1597 1975 2768 181 4047 1277 4135 4944 4851 4189 1225 2817 3154 1747 4309 4737 4057 4738 4037 1317 3461 4781 2777 330 3681 2410 3007 2171 3343 3656 2532 1447 2275 1945 3536 2051 2799 305 1390 4635 928 4609 3808 3907 4634 1607 1670 79 3040 824 1400 2155 4676 3341 3907 2018 3884 3777 1675 516 1943 2485 1715 1200 940 3121 3461 2662 302 2198 1764 1390 3026 4084 1468 3601 90 1791 2035 1869 2911 1507 3912 3431 1623 4244 1407 1872 139 997 1653 4401 4322 3349 1758 801 3017 2105 4550 538 2017 4288 2293 1403 760 2292 3480 3133 2972 2436 4679 3229 4639 1959 2275 3951 2085 1032 1759 2577 4319 4349 2281 3497 4530 919 1641 1305 3111 2789 2211 1585 397 1514 196 3209 2931 2256 870 1927 3637 3390 4306 3199 444 2494 2321 4757 4921 4884 76 2471 3271 3073 3439 3190 1907 4471 1738 1946 4526 1691 2569 2590 883 1506 1072 1462 374 3790 4863 3199 2656 71 548 2073 2975 269 884 4315 3197 115 918 1005 2608 2493 659 3090 626 4752 4217 1944 4428 18 2490 386 1803 4308 361 4154 293 2511 3169 3769 2888 4808 4028 2509 3131
1538 957 491 3967 4837 4532 3037 4772 4794 4348 4756 4383 2551 2585 3875 338 628 4736 1777 1699 3057 2243 203 1925 943 1465 1597 2980 4371 3091 1866 3691 398 4394 4464 4182 3715 2656 913 2837 3654 4652 2690 2048 2755 2374 2884 4273 2408 2042 4935 988 2505 4225 2162 2458 1862 3792 3177 2807 4891 4926 3581 2254 3255 448 1915 3651 1614 2350 1107 2872 3009 2602 2679 2943 4520 2178 983 882 2011 1540 248 2216 1640 4672 3660 1226 4127 4195 4176 122 1440 4949 3950 2464 3219 2674 2841 3232 267 4338 1403 653 2328 4233 4552 1003 393 1223 3359 2420 3611 4324 2183 2511 1540 2062 202 2982 1110 3845 2005 1625 2618 1313 3537 584 2899 3942 118 3131 4712 1854 3789 1248 259 781 298 4064 4865 1246 2469 4568 984 134 3455 2640 589 4019 3367 3339 1271 3230 2125 1697 2673 2618 888 2822 3901 2304 4178 120 1916 1108 3132 1631 2982 316 908 2298 1494 2021 821 2643 656 1606 91 932 1618 4089 3562 2180 4566 396 4208 4321 309 614 599 4288 3599 4161 520 574 1968 4530 4321 2949 4415 80 1652 1934 1071 1126 1340 4636 4296 1909 1014 44 3847 262 1137 3235 3858 3212 3756 1089 3285 3902 468 474 1949 3311 834 1380 1252 924 4038 4067 4449 4303 3604 3835 2784 4404 3594 2316 3296 3832 1318 1812 4626 2866 2939 1313 3749 4936
425 445 2693 3604 4881 1064 4895 4624 4607 139 2111 1895 4200 2913 3664 4964 2576 2516 4977 3318 1558 2020 3481 943 1597 2691 693 3731 2913 3000 2847 331 2849 1139 1727 3124 3540 661 1027 1489 2594 2416 1818 4249 2491 1634 2853 4926 1558 3971 458 521 1942 4914 1008 3074 4467 1568 186 111 3643 4006 2558 206 3939 942 395 3107 4192 4929 3092 4425 4660 123 2901 919 2562 4376 991 4478 4136 1126 150 3918 307 1620 2065 1610 821 2598 4280 2344 4257 3908 2950 4861 3628 3998 1376 2616 250 957 3253 624 2085 3805 3411 3813 4965 2686 577 3365 1968 23 3443 2134 2090 3883 4112 4938 1314 2579 439 2023 1590 4932 4465 1214 4811 1804 4901 4316 362 4480 909 4511 1712 3640 3447 338 56 1102 2011 3874 4544 3062 3549 1973 57 2202 1273 271 4631 4408 396 1976 4847 4732 4170 1050 4864 3110 2856 1224 4856 3096 3864 1880 1244 2284 2843 1052 3784 634 1035 4167 1665 3289 4190 2738 2948 1264 3905 4839 3367 4547 882 4052 2131 1451 2125 2002 1667 3220 472 865 582 1440 1520 903 1637 2059 110 2996 1171 3941 2120 4142 3041 4630 2672 3557 3945 2719 1643 2091 3996 3665 449 1392 3104 3917 3371 1950 65 4238 4139 238 2041 1327 3498 474 3692 4001 2774 2797 3979 4490 2374 278 1282 330 1467 4799 1856 2759 1610 3499 406 1671
695 2026 1592 772 4375 1229 4727 1776 2718 14 506 14 3245 1569 416 3538 1731 2054 4122 4812 376 3443 2836 1465 2691 4862 4005 2389 671 2162 1588 4270 3996 3811 308 1602 1486 2077 1312 4517 3449 4577 4810 1165 1212 2369 880 4490 2635 4091 2219 4662 3240 4192 1027 137 4140 4495 241 3791 4332 3212 3552 3907 1009 2263 1357 1856 1211 2651 2721 1405 4407 2686 506 100 4066 659 3150 1243 2233 111 4571 4176 1095 1128 1416 4219 3959 2441 817 3717 3125 2070 673 4567 35 2349 2912 1830 3350 1995 1181 3466 2323 2849 4175 3818 2770 1668 2862 3706 4652 455 2690 907 3731 1210 1560 1245 3672 2268 4365 4997 4761 1017 4100 1492 2671 2541 1818 1050 1391 4781 438 1646 4721 1316 1766 1231 471 2826 2023 641 1621 3516 2418 3920 3051 2712 3093 4919 3721 4114 2674 1163 3284 1801 3316 420 4033 4206 2609 4409 1948 2965 873 2431 3658 1801 3582 1520 1780 2911 3492 4456 4213 2767 4162 1813 1599 3352 265 1959 2791 746 2569 4303 4440 3737 4572 3288 3365 4567 218 110 2477 1015 1845 3122 1321 4722 2640 3495 1363 1472 4234 2621 3060 65 2376 432 1020 1469 3662 3871 94 1522 4491 4061 69 4591 1141 3881 574 3892 681 4897 1510 4764 2084 1976 3886 2625 1408 3885 4937 4268 1675 1353 431 631 1044 4380 4664 4910 4867 2035 3712 1418
3564 4653 3975 2113 4488 2645 3040 2521 3434 1906 2897 2106 4842 528 2424 548 500 3726 4497 3349 3022 4366 2946 1597 693 4005 762 262 1765 914 3893 4540 4423 4545 171 4123 1762 1381 195 4203 1526 1023 1034 972 1543 3577 1576 1647 3104 2045 3018 674 2352 1140 2559 2636 2053 1176 2409 243 1659 4809 1517 2154 61 2923 4596 3651 4247 4152 132 45 762 1763 1782 2149 1184 1088 4234 2873 1154 2462 2709 4583 4122 1992 1098 1601 249 4939 1665 4511 1217 2567 3404 4050 4576 3766 1961 3622 1192 716 4544 3160 1361 3079 2035 1339 2947 2283 231 4517 4023 4176 2597 3228 622 376 523 65 1758 1476 2963 1522 4773 1125 3931 1313 1798 3906 134 57 4821 4105 3993 576 2508 2555 1470 4348 111 429 4709 475 874 4935 4884 4839 1012 4177 1189 327 2646 1188 20 858 734 2212 3352 1007 3545 816 3026 1513 1871 2912 4660 885 2494 3611 2788 426 3391 4489 2600 33 3921 3839 3192 1547 2347 2346 553 645 4507 3891 3943 4029 4357 1262 4358 4804 3394 1280 4682 3458 1086 569 1220 956 4149 367 4820 459 945 1796 1938 563 3596 1810 1520 622 2140 4365 1548 890 4461 3794 3519 2274 2401 4497 536 670 260 3219 979 4466 4458 2552 3781 1739 1787 114 1991 2128 1035 4513 568 2462 2499 2818 3152 2599 1847 2576 530 458 4389 1691
2274 1843 4477 2295 4823 4579 2432 4584 534 1059 3830 2602 4258 2502 3891 2265 3898 2029 4044 3607 3446 2260 108 2980 3731 2389 262 2520 4248 1035 3236 1765 2156 4209 2822 242 3761 354 3309 3921 3322 2171 747 1667 3921 1023 3566 922 80 1989 4411 2630 331 4112 1043 1138 4272 2476 1422 3916 2209 2584 1906 729 3750 870 1088 1166 3648 801 2402 2060 3279 3911 2406 2057 4923 243 3081 2834 2849 1661 3918 64 108 1219 1280 208 1948 4165 1941 1443 1243 665 3644 793 1225 1034 3957 3221 3040 3738 4987 3089 3556 2225 1219 3954 1199 125 1403 1062 1353 2724 1658 3629 521 398 3764 2771 3387 3109 3245 4509 1526 4236 415 2229 4678 4864 250 3155 3208 1802 853 4143 3906 2172 3624 2338 4555 4161 4171 4282 2748 188 4372 4003 3004 775 4523 1169 1912 1492 4283 799 4882 242 468 3729 1379 4781 755 2713 623 4024 1422 1699 2138 2525 2247 154 1710 3950 2705 3140 3792 3319 2503 4589 2693 4174 3510 2988 818 355 2925 3824 1481 4263 2309 3624 3510 69 2709 2817 3678 1251 4471 2320 3130 361 2581 3181 3965 4634 458 3383 3505 1676 3149 1332 683 2876 1987 4069 4701 4824 36 3819 4082 1435 2470 186 2859 891 3036 939 3614 2991 4421 3251 4387 2836 2477 1944 1319 1094 361 739 278 1825 3321 4012 2191 4245 3486 4830 3533 1210
2801 1160 3621 3230 3202 453 1806 3198 724 3134 967 2102 3193 30 2361 4526 2000 4555 4866 3617 1542 1489 4127 4371 2913 671 1765 4248 2819 1826 1881 1423 4321 3180 4778 886 3077 4935 1371 3461 1874 2607 663 2386 4850 687 2510 350 2347 654 2485 2728 2370 1960 1080 4613 3928 440 566 1422 1055 1149 1745 3041 4767 4290 945 299 679 616 397 720 2387 3740 4708 269 3982 4129 621 1352 4369 998 4736 3553 2843 4526 1775 3181 3923 3720 4072 3603 4789 3241 3839 3695 4172 2354 3761 2368 4617 4789 3071 581 4914 2671 2413 3794 2179 3328 4836 1074 3712 2832 2580 3546 2487 3994 3322 3713 4355 2472 1400 4159 2082 1760 306 2248 4128 4040 2143 1094 3457 120 179 3086 4722 2283 4488 4418 4173 2484 1100 97 4016 4688 2143 2577 1759 3027 4455 3097 4415 4396 4625 2325 1622 3092 4905 610 1194 209 4849 2973 2950 2976 1542 2403 604 2607 2203 3597 581 182 4261 3168 1546 4932 3606 4965 1060 1101 1054 3590 3598 3715 4220 2235 450 4730 2821 2043 2885 3816 2028 2793 3970 2476 1061 4788 878 2623 3486 4904 1304 1935 3081 1442 2951 4703 2133 1487 569 914 3463 1929 3793 3431 3445 4805 1379 2139 3074 4387 205 166 4802 537 2099 4971 739 3341 4003 1960 3089 1246 2228 205 237 1119 4447 493 2612 2484 2731 2008 3712 2947 4572 1184
237 234 690 1448 1500 437 1681 3962 1861 4622 3989 2920 4376 4609 3657 2532 1045 2090 159 4026 185 1038 881 3091 3000 2162 914 1035 1826 1530 1464 698 1447 1937 4652 4730 2972 4925 3663 4381 4087 522 2976 908 3360 438 4698 269 2442 2438 2963 2330 520 4014 3102 2355 3551 1800 3062 3340 3601 836 1480 4446 2119 4520 4353 795 655 881 3627 1949 3789 3671 4823 715 3806 1000 333 2378 1785 4725 1472 687 799 1979 4800 672 4013 4906 1437 508 140 1247 3910 404 392 3784 3703 4378 352 3721 1273 4788 3934 1330 3904 543 1229 2048 4604 2622 2977 354 2739 1985 3928 287 3007 3365 847 3912 4242 344 4024 181 3555 3327 4650 4171 326 57 1133 3246 3014 1540 1874 1224 1253 1804 1718 1716 3823 1724 4160 4097 4819 1133 1540 1825 703 816 4868 2010 4634 4541 3143 1664 2151 3125 1716 709 570 1583 1849 3035 1398 2409 4799 1882 4198 2204 4982 4998 4488 1850 2230 4810 3635 3647 4312 2277 3290 3225 2248 4207 416 4297 2410 3901 4941 4962 4295 4865 3387 4981 2970 4380 3353 659 551 859 515 3202 933 511 3345 1224 1421 3328 417 421 709 3986 168 584 1431 4461 4053 3214 3083 1449 1402 3656 3541 4292 3776 178 4814 2392 4278 2997 2624 4989 1431 397 3143 3631 3326 3123 795 85 3610 2333 3936 2951 1579 4051 2844 759
855 4246 254 2128 545 4931 1705 1304 3869 2924 420 4247 4264 3511 4722 1558 1062 1373 1204 2857 4066 1025 1002 1866 2847 1588 3893 3236 1881 1464 1795 2234 1450 78 2713 1548 3195 4373 3463 820 4768 4756 2608 148 2772 3695 4397 920 963 4007 309 2787 3563 4987 1734 2312 953 2126 2993 1221 2530 3428 563 429 4674 4081 3741 4487 2981 945 2379 1850 2950 773 3092 3389 3294 4865 1265 301 1827 1160 1784 4780 1760 4496 2193 1618 1355 542 3800 296 2424 388 4756 1381 2343 2749 2960 222 1786 2297 1260 4443 171 635 1152 3742 4394 3802 2099 3577 898 906 2572 3899 4202 1751 1923 4990 1890 1904 4696 547 1230 3583 3730 2932 1503 397 2703 3055 3445 3104 3294 1470 3598 3120 4239 486 4267 927 4755 1163 3599 3612 611 4872 2215 3363 2034 3224 4765 302 2053 4036 846 4160 461 2320 465 4163 4178 1259 3618 820 1301 3843 1752 526 670 1525 2429 2430 2726 1007 1707 4389 151 3657 1718 3810 693 1458 4525 2823 4996 3225 3536 1356 93 874 2000 3676 2058 1747 1589 796 3973 4662 771 1775 996 4899 181 3540 3082 2701 4161 4037 45 1987 752 3118 1152 2943 3645 382 1063 4958 791 3143 3677 2615 4622 4532 4478 4556 875 930 3976 4875 3625 1456 897 1656 3721 50 1588 2927 4772 1507 4065 3089 2871 4395 2464 3404 2270 1808
2165 4906 881 272 4507 4767 4862 2064 3088 3911 3835 287 1118 3242 3867 2966 1555 4049 4592 741 2255 1654 1398 3691 331 4270 4540 1765 1423 698 2234 160 4742 4812 4739 4489 1359 3433 460 1351 2826 2957 4105 2698 736 3641 1611 3368 3430 4244 266 3459 2052 4491 1387 1865 1060 3834 656 4694 1621 1383 2994 2557 1005 4551 1348 3790 2454 554 3893 577 1637 1253 1851 1821 2980 4332 3758 2963 4468 587 363 1218 650 517 2361 873 4117 2965 109 1711 2781 4790 2500 1475 2969 2226 4430 4570 2786 1051 4754 363 3539 1263 4697 2480 2994 721 4428 1473 1439 1747 1445 372 3407 503 2592 117 3849 618 1278 2661 953 4667 4562 3982 276 1164 1480 4950 1921 4556 541 388 1260 502 1824 3128 954 285 3377 230 2957 963 3027 2615 2407 236 3665 540 511 123 344 4185 2939 2804 4755 3311 1887 4492 4535 4564 2714 2541 3730 1446 3011 2659 188 930 2595 128 1139 1151 2100 781 3062 3193 3034 3729 19 4164 2056 2795 54 4066 4563 4697 3824 4046 452 4454 1514 3413 2149 4954 2897 1608 1396 4051 855 1109 2771 1687 647 3647 2016 4183 2069 1087 1957 4547 1841 4602 1079 2388 4336 3747 4614 3370 3758 1178 4979 3151 4772 4674 1209 302 1824 715 69 1512 3961 2335 4177 3481 4922 4746 3073 2184 2683 730 4047 3999 1366 3260 4570 1273
