N: 300
M: 60
Symmetric: true
Triangle: false
6 45 97 44 189 178 133
4 211 32 88 244
4 26 138 61 266
7 113 14 135 198 209 79 111
4 86 165 49 282
5 222 75 55 129 87
5 231 213 290 236 284
2 264 184
5 121 64 40 18 200
5 173 82 47 70 271
5 46 185 6 39 58
4 130 296 144 36
9 272 300 247 285 192 183 293 261 128
2 112 167
6 268 163 202 242 207 210
10 265 289 168 73 197 134 297 254 152 145
3 277 217 137
5 33 98 66 35 194
5 90 180 227 119 4
4 3 174 110 85
5 91 127 150 275 171
2 122 274
4 219 104 199 71
7 68 136 205 81 159 216 175
11 224 181 52 89 22 235 240 221 225 126 23
5 182 124 248 56 20
4 206 102 203 107
4 258 15 12 103
9 204 43 220 151 179 51 69 215 1
6 273 105 239 142 148 214
4 237 10 234 114
3 190 76 279
5 31 153 169 101 78
4 5 191 195 241
4 212 108 96 162
6 132 226 263 116 201 146
3 67 65 251
2 250 53
3 245 208 42
3 230 170 193
5 9 238 11 172 77
3 7 62 259
5 123 161 298 94 253
7 286 260 157 92 57 19 187
5 218 115 155 34 188
4 25 139 177 100
5 118 295 280 117 228
3 109 59 131
4 276 27 270 50
2 16 229
4 143 164 72 147
7 106 243 233 60 255 256 223
8 186 37 149 74 246 257 252 287
9 294 41 80 99 140 141 269 232 93
8 176 278 2 292 54 38 21 166
5 281 299 267 48 83
10 262 8 160 120 13 158 196 291 283 156
2 28 84
4 288 63 29 24
6 30 17 154 95 125 249
191 4496 1898 1534 1739 886 2163 890 4007 259 1740 730 3039 2974 4540 4629 3377 4467 348 1839 4434 3749 3731 697 3565 3621 2402 1291 2890 1514 3642 1706 2021 541 2215 299 4294 4943 4705 1868 4558 3853 4162 76 4453 3529 2157 3294 890 1049 4573 1215 3643 2694 461 3065 1664 321 4442 2499 2315 1215 2872 4342 3237 3012 2983 2795 4516 1950 1408 1740 487 765 2321 1919 4508 287 3855 2894 4341 2150 4183 744 1517 3654 557 3636 1219 2271 4812 4778 3958 4339 312 3937 75 4049 3196 4641 4321 3288 3489 3546 4850 1516 3797 3463 12 1827 720 4891 710 4087 1912 992 4319 4338 3548 2778 3874 2315 1821 3754 1126 3195 3377 281 4562 2194 4527 195 929 4718 2939 2656 1548 1503 2577 4982 648 1692 4047 1417 4468 2219 352 4550 336 2850 2520 201 1430 4292 3373 130 2511 4058 1956 2268 2280 1995 2147 2028 1853 2984 1004 521 2154 1814 1136 4883 831 4226 3238 422 4547 1210 2503 733 2849 4172 2690 4217 1471 3037 843 1358 4469 2370 70 4521 1950 291 2886 1747 3500 1556 1780 2070 3419 475 4821 56 1012 1657 2290 1491 3545 3925 3652 2778 1480 2073 2420 659 3399 2068 1447 3566 4566 2885 4705 1855 3403 183 3632 4885 957 2406 3632 3394 1816 315 4651 943 612 3651 4076 1094 2671 4084 2565 3272 2813 4576 4276 1434 1222 3357 4650 3396 1475 3697 2583 3886 4401 2143 4829 4553 2055 2365 4337 2664 1493 4473 4320 4582 482 264 4168 3628 4575 354 1660 4242 4695 3334 599 675 1726 1289 669 1130 1764 3712 2621 1482 3184 4248 337 924 3763 4492 1218 1943 3669 1237 2323 244
4496 4398 3031 2330 4455 2983 239 2377 1662 3431 1619 1819 4791 2308 2353 4401 2163 3298 3182 4896 2739 632 1193 1004 60 2346 1342 3024 4541 3705 3916 620 3212 4052 2461 2292 4789 1151 4964 2686 4985 1269 288 2927 685 2903 2481 3376 4106 2751 3655 271 2812 3864 2583 4626 56 4964 1959 3991 2521 3900 2393 3091 534 1102 4266 3318 3296 1406 4966 2441 2138 2994 870 2724 493 4035 3206 3073 775 1090 1544 4081 4900 2880 2757 800 1464 2002 766 1250 2394 2078 3964 2770 677 387 3576 1316 2884 3823 4965 2368 2943 2962 247 4643 833 2366 1600 3335 829 4183 1386 4995 2603 329 1259 4859 2205 2976 1653 1241 3269 4843 3077 1719 3409 3641 190 3265 515 4860 1284 817 3463 27 2799 299 2106 1541 828 1112 4343 3267 3133 459 2639 4295 731 3147 762 300 621 2978 3726 4967 336 3741 1323 21 2068 3755 2233 424 3354 2909 377 994 3040 333 1448 3536 2006 1599 2842 3117 4191 861 3479 2122 1645 1711 45 3958 2925 786 2555 1933 2304 2321 119 1119 1366 3234 3455 4272 3737 4159 3229 4238 607 2626 764 3277 2124 2396 4186 641 1400 217 3450 2768 504 2151 2424 729 2078 822 1844 369 4499 1057 345 3925 1672 2176 2888 410 685 3697 607 3149 1975 3655 1825 1241 1060 122 2902 3245 1588 3241 2512 1066 143 2000 2747 3762 1795 4456 571 922 1618 4537 1316 3994 524 3954 1352 3626 2667 4280 216 4394 4548 3283 2172 1625 1023 2962 132 2215 4196 178 1063 1303 271 29 49 832 4837 1436 3988 4256 4975 188 3219 1794 1700 2940 2915 3569 99 3557 231 1975 3574 1663
1898 3031 2973 2276 2737 2016 2609 3131 4754 2681 4526 592 1336 1740 4111 2998 533 2037 1483 4863 3895 4162 2343 1884 1076 663 3913 3611 4631 2459 4273 4213 4860 3066 2623 3945 1994 41 3321 4395 4765 1925 1334 3756 2870 2433 1818 4849 2608 1616 1623 277 4683 1060 2299 2866 2187 960 4806 2797 1740 351 3968 1555 3524 4113 4852 1143 3577 2386 1805 2216 4458 2177 798 3217 4741 4316 4569 3359 358 979 1389 1607 2106 171 337 441 2802 1762 2208 4923 3444 3702 3377 1947 2586 3235 712 3314 1543 3709 2982 3973 2002 2194 3614 3470 1518 893 3625 36 2304 3946 4453 4844 2576 3580 46 4620 928 3469 2339 4031 2017 4250 1551 1646 990 4122 2184 544 3009 4615 852 3738 2238 3015 944 117 3488 1532 4584 2668 1224 3906 944 4101 3615 4328 1933 4945 2530 149 3233 1000 3648 3080 1340 4234 4201 1671 1071 2613 2276 3738 36 341 1098 1422 4375 4864 4720 4405 2445 1229 3770 4203 1325 574 4487 2072 3004 2980 3382 2380 3611 807 1604 3330 1006 1235 2450 3774 554 3161 4287 3851 3424 347 3481 1221 2361 4078 2947 111 4686 3971 996 4475 529 2623 1921 4392 223 2067 2183 2874 4169 537 2483 4226 2704 3608 4804 1768 1122 4285 1476 2945 2280 2596 765 309 2023 1952 4845 2284 572 4651 3584 4772 676 943 3805 1609 1380 1431 438 1882 731 2984 2260 203 974 4001 4425 2003 1181 3138 2551 3121 2620 3379 893 1195 3235 3165 1244 3328 2335 2433 1248 427 896 4775 4690 2948 4953 2977 3703 3447 852 787 1227 3835 4006 3411 4473 3409 4688 4413 3387 4560 3606 493 167 4594 272 3083
1534 2330 2276 3189 2755 1884 168 2418 865 4504 452 255 1914 4538 186 3063 2199 4703 2364 3034 1984 3695 1478 3958 4508 187 4499 943 4064 626 4558 1725 3114 249 2017 733 3611 3530 3383 2510 2370 2852 1942 4646 1218 2361 3741 505 3987 1059 4540 2066 2163 2995 1878 4205 480 3311 3797 1535 982 2818 2472 4763 2171 819 3323 2544 1861 1516 3136 4935 3630 3723 2768 1870 1211 1531 849 2195 3409 507 631 4026 62 2076 4795 2014 4325 3075 905 3240 1472 3520 3012 2410 2479 190 2799 3156 4160 3104 149 2865 4513 2819 2967 3539 1112 943 1984 608 1624 1983 3841 2396 1833 2383 533 4443 3643 2158 254 2088 816 912 735 2913 323 1240 4142 815 181 3665 266 1052 4318 4030 827 2490 3127 3902 703 1335 1133 2832 4847 3726 2294 2737 1160 3562 2124 2010 2102 1642 2934 1996 4615 2601 3399 2331 611 847 4568 625 3207 2377 1555 3419 1544 4703 2731 3544 364 2559 1368 1671 1943 622 1021 4982 3422 3343 634 881 3114 1362 3187 1009 4623 99 4683 80 1297 4297 2791 4787 4997 2871 4823 2547 2585 2812 1392 519 466 2495 306 3964 3914 2940 4055 3281 676 2320 227 1201 3760 508 1756 1853 1996 4126 3548 3500 4115 3057 2855 4546 3797 2470 4018 1683 1674 3394 505 676 3666 4494 4520 2059 3252 1361 2487 928 2437 2076 4327 1847 533 1752 2389 4314 62 2557 810 3881 1579 2914 210 3971 3052 4653 3033 2300 1487 1321 2703 2762 4719 1468 2409 4675 4140 4473 2053 4652 1037 4311 3468 885 3126 497 1966 1538 4002 324 4320 4609 2979 1618 4968 2400 3781 3329 1257 1489 1144 2433
1739 4455 2737 2755 3490 2321 427 471 3549 1153 4447 322 3833 154 4869 4265 4937 3971 85 3072 1563 365 1203 2625 3162 3298 1849 978 2352 4305 110 2753 236 4394 2140 1191 2367 1427 2620 4256 1039 2059 2745 1978 2001 2551 4562 3043 2801 4148 955 4131 1038 943 3305 3512 569 4110 3561 3708 3673 3098 4023 1428 4469 2028 114 4303 3699 410 3630 1844 4571 3333 593 3775 3232 54 2384 1323 151 360 1907 3025 3000 118 2345 4770 2463 1219 834 2737 622 1759 4843 3862 1273 1137 4001 2501 330 4786 998 1687 83 1242 4216 871 2351 1374 3052 1672 984 2219 2370 3835 153 3983 761 4161 2827 1321 1916 1922 3658 356 449 3805 868 4829 3467 1462 132 282 1314 4174 153 4866 2002 3684 3030 2989 754 2990 3909 3872 1877 252 1960 3975 2375 439 2412 4494 2393 1895 3497 4722 3990 4691 2184 1574 881 3078 993 4351 637 2257 4806 1596 814 765 490 177 2229 1406 1970 871 3900 1500 2832 2755 795 2806 1864 1050 1311 13 80 2020 35 3388 4404 1800 3348 590 3043 3181 1733 3309 2348 1814 2226 1023 3225 3221 1223 3255 4868 2942 3455 550 3685 3389 11 1840 1212 1190 2098 3481 4460 709 3159 3877 3721 2332 411 3301 3054 2506 2773 878 2310 4258 2807 4312 2342 995 1022 2413 1864 3860 2060 1117 3726 157 4616 716 4416 94 2965 1758 3272 3526 4711 3141 541 1509 1909 3296 980 2965 1787 2967 4563 4591 1483 3685 3070 2090 4578 4734 463 279 2073 50 4570 3230 4981 456 2960 1095 3372 3446 145 4310 4489 2826 2705 4192 597 2389 4414 2465 3698 4286 15 1963 1961 2798
886 2983 2016 1884 2321 960 3613 4602 4566 2304 4117 1180 534 1973 3854 2612 254 1543 2273 972 4181 3985 1850 1213 625 592 3674 1363 3979 1756 4902 138 2396 2023 850 510 3753 4421 4556 4529 1990 16 736 3336 559 649 3873 4744 4109 4026 2616 4737 3411 4295 738 924 4616 1226 3552 2887 2069 4859 4205 3088 2472 3814 741 4888 3880 192 4205 490 2820 3672 4525 1724 3153 4116 2764 747 4044 470 2189 1745 1736 4819 3409 3219 4712 3356 1801 4199 2681 625 4827 2714 4573 2812 2402 2661 3896 2046 4548 1295 3107 4427 268 2252 3793 2168 3429 3068 972 2521 3425 4703 4459 651 1895 4113 3906 2471 972 4782 1176 2696 2701 1487 3342 2678 2101 2259 1831 4161 2702 3507 67 2485 2125 4608 3583 3187 4990 1578 2515 3222 810 2801 2613 4312 4699 4122 1140 1281 1294 3210 622 1516 198 1221 4964 813 782 527 3260 1086 2510 428 2315 1490 210 1147 2490 2718 1428 1700 1497 4381 2273 1604 465 1532 3689 1292 2529 238 4753 1092 4005 4358 35 995 1537 4056 1372 913 1533 994 1348 3697 319 2390 319 846 4316 1152 4923 3314 4623 3459 65 812 3924 765 2220 2858 3361 2835 830 1479 1177 657 2305 3104 2736 252 1284 4663 769 1663 2702 2766 1438 3547 2258 1854 2843 3777 3143 898 4595 663 3051 2590 3145 4662 1082 4024 2781 2580 123 4921 165 4945 4614 3073 2624 3783 4359 4710 4501 627 766 4172 2993 4491 1555 4369 909 4631 4348 1232 4707 3537 494 3471 3424 4135 3362 4854 575 1167 3684 511 67 3271 4839 2072 2082 1159 2778 4424 158 525 4250 3895 2700 2838 3074 2346
2163 239 2609 168 427 3613 3041 3894 1574 1235 1651 930 1815 2830 3826 4013 2321 165 1267 3245 2412 1152 3398 3103 101 1418 3572 3117 4641 2674 4475 3893 2960 1078 249 4236 4869 4292 4634 3860 2256 3143 3833 915 2512 3191 2004 2205 516 1770 2657 2431 1754 3264 4769 3075 2090 3792 2872 3350 4995 1039 4664 4768 2563 4042 4221 1122 1700 4153 4887 605 2737 2698 2166 3719 1608 3436 2308 1390 4770 2444 3930 2933 398 2316 2507 905 3016 488 172 1770 3804 2000 1737 2035 3973 1354 619 4182 4005 2821 737 567 2799 4501 3752 194 2171 1644 4660 2462 1095 711 1604 4265 893 2299 4780 4053 3374 2412 1950 3666 2222 3793 2395 1911 956 497 949 1071 1981 2844 4576 4660 4115 1513 3138 1580 4340 1861 3200 3912 61 187 4771 707 3094 1030 3949 3915 4903 2124 1263 1457 4008 1019 30 2789 1477 1935 2259 3858 2368 2982 2316 3606 3051 2594 1252 1028 1464 2532 3737 3655 4539 1466 2656 565 130 3283 1465 4899 4532 2242 2453 4646 982 3741 4303 1487 4886 60 3937 509 664 1337 4776 2927 1473 4439 2169 4388 3741 4956 1254 4218 3079 794 1503 2232 2045 1235 1784 2700 957 4380 652 4134 1758 621 2451 475 1402 155 3599 2852 636 104 4701 801 2237 3444 3183 2978 878 1535 2239 1147 1854 2668 878 4607 1715 785 615 96 3959 1347 3103 951 4329 1722 3273 3415 2325 4595 3990 2524 2463 4749 4572 1401 2345 3137 2602 772 2266 73 2038 4935 2046 3558 2663 1571 2973 2916 4425 1222 2133 3350 3645 3025 971 3813 437 4689 4657 2750 3181 773 4369 2753 2424 869 239 3564 822 4441
890 2377 3131 2418 471 4602 3894 758 36 3364 3590 3620 3293 3416 1177 2788 1870 2131 773 4425 1752 4634 2050 4870 2307 4395 3188 2925 3010 250 1961 1055 1878 2423 1069 3183 4721 1915 2539 295 776 4796 551 537 3795 174 261 3062 579 62 3466 1417 1926 2190 3074 2928 4136 2095 296 3202 18 2446 791 2398 4249 3480 3750 4425 4262 329 2535 974 1985 4060 147 3294 1867 278 3154 2230 3166 1388 4052 663 3475 4822 889 3633 4873 2020 287 1263 2856 2819 2841 2795 266 4975 2350 1248 3101 4876 2355 4547 433 3691 126 4294 2328 3550 953 2976 1321 2619 2852 921 639 4348 2272 2142 2783 4104 2451 3917 3616 3847 3128 3763 327 1545 362 2522 2237 1386 1831 4314 2953 2024 3429 4778 3366 4358 4232 2792 1211 3069 298 4909 4646 4335 1699 4659 4269 155 3576 4985 1778 4860 3603 3749 4883 1216 4304 4542 3779 2680 1456 1383 66 836 559 4700 3880 2598 3227 1062 2489 4567 1193 1768 890 1832 3595 521 631 574 3289 4150 2732 2669 2921 2464 4432 2549 3644 362 4750 4152 1525 813 102 770 3919 2816 3243 1817 3717 3339 406 148 2435 47 2057 244 2363 4733 2349 4423 389 4050 278 3493 4273 4696 3215 4811 1376 1289 4619 4733 888 2813 3206 3523 2394 2234 4855 4502 2071 1538 614 3454 1943 3989 1851 2799 2073 2947 83 343 1461 1773 3024 4432 22 166 4099 542 303 4587 213 2037 3123 3636 1246 3998 2476 646 466 1810 1906 4261 3856 269 1463 2986 1034 3136 2207 1443 484 759 4419 3376 412 928 3216 4805 1615 1557 907 2506 1372 2493 2742 1888 770 1291 544 2236
4007 1662 4754 865 3549 4566 1574 36 185 1527 4997 3035 1929 2140 4862 3489 3335 2403 3728 3199 2809 4011 982 2697 3934 447 2813 2600 2216 599 3531 4568 3058 240 1180 593 2809 1391 1611 3095 2892 3967 1526 4387 4425 839 413 4583 1180 1154 2664 3132 3981 2951 1886 3750 4011 1602 3821 2132 2415 2161 269 4875 3236 3786 1869 2207 4803 1553 588 3490 2956 3801 2548 4466 4226 3188 464 3646 3355 1461 3171 227 2496 4984 1796 4600 2483 1215 2853 3127 4618 4766 3565 3621 666 1988 3360 2924 755 3154 1778 2385 2911 4715 3803 4430 2778 1619 1037 4410 22 1683 3375 1087 4143 2945 2682 1703 3624 466 3081 2485 4279 3945 2507 3034 166 3546 2491 1735 3143 3174 2913 3612 1314 582 4050 4748 2602 1753 4946 2309 4455 117 4437 4687 2981 116 1743 2049 3302 2728 410 4279 3280 4515 2608 3232 362 403 637 464 2336 1244 4655 1390 563 4140 4917 3009 2385 1780 4022 2007 1521 1331 2409 2380 1396 1458 3674 18 1127 666 3496 3244 2667 1981 594 4376 4742 3205 4859 4925 4297 4921 3199 2940 3098 976 3717 3329 3729 3469 1675 3410 906 4286 3218 3760 4898 4438 1981 78 2509 565 2882 3460 425 4031 2084 470 4428 687 2015 4094 2987 4958 4219 2526 1159 4745 4881 2001 77 172 2762 4076 4698 3779 2614 1054 4336 1252 3553 125 1507 2813 3505 3842 2529 3791 2837 3485 4773 4105 4079 2808 4345 367 4231 2261 291 2925 4259 98 2183 924 1643 4121 60 3961 2098 4875 3509 118 1335 3114 2141 4782 4439 4911 77 4305 585 1290 4803 1113 99 4674 2060 4335 2799 3855 2402 4005 2539 4062
259 3431 2681 4504 1153 2304 1235 3364 1527 3656 375 2934 3244 3831 3459 2343 1517 1300 2566 3412 364 3474 4346 1512 969 1892 1206 2772 4475 2491 4499 787 2488 2770 1185 3973 1904 2736 3180 2962 852 1444 4389 335 3238 1737 1873 4874 773 1144 3371 4720 2339 96 4391 4179 1259 3707 3412 4565 1638 416 1210 1166 209 840 1320 3190 1069 2576 3964 2324 661 2508 2704 319 3753 1094 4734 4393 94 2920 2079 58 835 3625 1181 2135 1307 1289 59 1839 2517 4316 1537 2282 1176 4992 1861 658 1107 930 4670 4435 2298 2249 2006 4613 1003 1315 4221 741 3468 4156 2983 4342 2955 1223 1686 812 2718 4449 2270 4136 1114 4589 2067 3439 3041 2740 3300 1064 1479 3700 4207 4814 376 726 3261 4575 271 747 570 4068 4657 696 3847 643 1581 3843 4439 3570 2804 4343 1411 3087 92 4270 2667 570 3521 3008 4430 2725 4329 2710 3434 3012 4779 3738 2614 1290 566 4458 1118 2721 3618 2850 1730 1450 3232 4819 3464 2088 1250 786 21 1402 2530 4097 2233 1211 2375 252 4725 101 1773 4645 423 2924 2262 2704 4733 4506 1954 298 721 3342 3748 3931 1315 2142 1965 4546 2923 2981 4496 4486 2874 4543 832 2887 4109 2191 4197 2629 1777 2332 2419 266 121 2216 928 2861 3589 524 4188 2820 3043 3024 2299 747 4974 1806 2840 338 3444 3098 4680 2900 2729 2361 3443 3212 4952 976 749 4694 1748 4377 3244 200 1023 3742 2528 436 4037 3822 2111 761 2599 1011 2127 1218 4056 3164 4932 791 888 3745 2442 1791 1962 742 4978 383 1589 2413 1549 377 4662 3325 1439 4619 4215 3595 1593 644 3385 3086
1740 1619 4526 452 4447 4117 1651 3590 4997 375 2386 3427 1552 3800 4127 4299 4241 1776 1567 1134 3998 4682 3476 3607 4854 3465 4369 331 1970 2942 2977 2350 2156 4964 1696 2605 4208 3716 647 414 4192 3165 4336 2607 1781 1039 1300 2721 1092 3001 604 3760 4483 188 1306 3850 397 4088 4574 4363 3090 1944 1565 3950 4775 4185 3012 2007 3527 3403 2610 3503 3960 161 1883 4441 4596 912 4672 3020 402 2511 341 2095 1334 1901 4345 431 4439 4495 3214 1450 4219 2078 4945 1514 4211 2751 1242 3670 434 2016 1578 3589 172 1038 4959 3371 3497 4572 942 3221 3562 479 2602 3104 3179 2572 2424 2837 3989 1687 1212 366 788 2196 3904 3192 3083 2483 2565 1986 882 1445 1123 2292 1245 1046 3284 3978 3790 4558 668 1226 1310 1749 2288 1766 3568 4216 1286 4714 4478 4895 304 808 1842 2501 4864 3952 139 4079 987 2998 97 3406 3841 4601 1845 1688 2948 1232 4991 3854 528 691 4502 326 1836 2792 2078 4121 3705 2770 271 189 986 1862 3972 164 1249 679 3229 1834 3119 3419 1821 259 792 2580 3070 4242 1372 4444 3418 2629 3220 2299 363 674 4747 2699 4934 2251 2149 58 4580 696 2416 1054 3732 663 3463 4342 67 2303 1889 2226 1148 1907 4331 1744 873 2047 2155 3267 3835 4613 3168 2929 3144 1742 1204 3724 1078 4284 1967 3171 2011 1812 2200 2713 1063 4856 3663 2569 12 4348 3723 978 4952 3099 3678 3864 4504 501 3644 44 4551 3663 1437 4908 1742 4022 1497 4741 2461 2187 2800 1318 3337 1563 3642 849 2624 4136 779 2874 336 1952 2736 1060 1400 2972 559 2073 1616 4231 319 887
730 1819 592 255 322 1180 930 3620 3035 2934 3427 80 4477 79 4071 82 3313 2391 2353 158 2426 4568 1313 1900 3874 4689 579 479 2647 4060 2804 1098 3020 2474 3003 2764 612 550 4707 2005 1681 1940 847 3949 1843 3766 3660 2047 3539 666 4775 1082 2791 4889 2770 876 897 1780 1906 1985 983 3055 4165 3262 4254 2226 4179 3055 2631 1063 2708 1064 1203 4045 1613 1794 3174 3457 4316 1821 1876 2337 2636 2659 2113 701 1450 192 1067 749 3870 4632 2613 4959 43 1055 782 2592 2336 3834 1038 834 2422 819 3367 2503 3342 3790 1032 1618 2989 2703 1828 437 3738 3606 3721 1325 4037 354 4859 3896 2027 1982 340 3942 3369 531 2298 909 1607 4895 4859 4150 2082 2027 2511 1951 1637 1631 3795 4748 2326 2815 4668 2757 3089 4340 3439 1637 4184 4523 576 4156 4746 2987 4278 25 527 4471 1002 790 4461 2997 1735 4593 2512 3672 4044 1224 4869 4097 811 4140 1033 84 1772 3964 4924 2730 775 3252 539 1500 4747 1472 3715 4343 1597 2186 4231 2371 2831 4800 1488 3049 1316 2514 1322 2951 168 3591 1624 1111 613 3509 3597 1148 1767 2756 1767 2277 2145 4885 1158 4491 1495 4055 1982 4808 2257 4919 2003 4063 219 2802 1869 4592 670 2209 3249 652 4220 2330 1608 122 3922 1059 510 2558 2696 4739 3318 4359 3442 3615 2519 4606 2922 4530 4133 514 3722 969 3414 628 4051 655 1195 4290 3492 3555 4000 1194 3204 1574 2647 4708 4112 3027 1407 3812 3171 1731 2865 4425 2843 3428 3835 4746 4405 3521 2083 2720 2767 3434 539 3779 4986 4080 1349 1835 1049 1212 473 1319 2252 1421 4458 4103
3039 4791 1336 1914 3833 534 1815 3293 1929 3244 1552 4477 2639 4236 1473 515 4702 812 2136 1990 2661 2163 3488 2073 919 4350 151 175 325 4924 2264 2700 4915 3092 2096 4542 2507 2656 3410 2312 153 1010 2858 3386 4975 4403 389 1476 194 1114 4903 2628 4766 2609 443 1472 2395 190 626 37 4187 70 2910 2684 2982 2951 3159 246 4794 4644 3461 3410 2119 255 2431 2788 3385 941 4989 60 115 2815 4286 2840 3813 1154 3235 1887 2192 2852 2705 2545 244 2228 1679 1707 302 1486 3153 3189 4407 3064 1241 4418 2436 3436 4255 3366 234 393 1738 787 1384 1968 4995 3147 1731 880 1135 3203 3276 3486 4177 4154 605 14 644 907 2297 3684 4221 2548 1642 4353 3759 3831 2389 2139 1019 2076 1708 2392 961 958 4034 2678 4142 3019 2385 822 2587 499 2497 3356 2989 3869 2505 4314 2287 3297 3283 2698 3247 3733 4678 3366 4188 4275 1640 718 3550 2735 1610 2597 486 1595 3734 936 3933 2100 3556 67 3807 315 2526 103 2880 3572 2940 741 3112 3320 1638 1524 2767 2959 1386 24 4661 1680 3812 4520 3747 3554 2926 4817 757 3533 975 2740 522 122 3525 3909 2976 4612 184 3441 4952 1274 2798 2177 3698 1815 2306 4214 2430 2159 3159 2513 2851 2972 2145 2120 4284 486 56 1895 1683 3390 2095 1475 2592 1781 2030 4954 4176 2179 494 4707 4500 4398 1885 571 4571 3839 3981 1602 2524 1444 4974 2972 1503 3531 3356 532 3770 3235 1440 2422 1204 209 137 1700 4320 264 236 4490 3781 1135 3721 4015 3616 913 1173 2676 2946 2552 30 4071 4827 3357 3774 3096 2192 4509 190 3932 3304 4247
2974 2308 1740 4538 154 1973 2830 3416 2140 3831 3800 79 4236 2560 1669 3441 4981 3142 1744 2393 3236 857 4652 1033 4230 1225 723 697 2054 4372 2767 4566 1610 901 2329 955 4836 460 2693 3819 1748 2875 2415 629 41 4259 1236 3964 2425 2079 2378 4070 4653 1145 1714 62 1265 47 4370 2949 2971 1455 72 2255 1048 2864 3103 1352 1708 1263 3561 3750 2700 2681 4683 509 3734 3111 3723 69 1303 4980 1428 1296 4109 1874 4141 2921 3578 2217 4964 3527 2232 3773 124 3202 871 4072 2532 1614 846 3170 4730 2270 1229 4485 3175 1311 4123 3758 3813 3199 4676 2102 1772 4017 3056 4624 4909 780 2625 3885 3305 4179 3898 3447 2658 512 2205 2222 1704 856 2205 4220 4951 743 1571 2514 3610 4765 4624 4453 2199 3388 3634 3265 4342 1657 2450 2448 2098 2047 3797 1172 980 2502 4814 2030 323 28 1500 4210 2032 1502 2198 3290 4925 4532 3993 1577 2485 4333 4935 2355 2932 3268 3027 4216 951 3651 1840 3805 2634 2731 2569 3509 2828 2504 729 962 1661 2209 988 4249 3479 2891 2131 4738 2223 1901 2313 2735 971 2902 4532 1274 4212 1218 1970 3605 1031 622 2684 4970 2604 3415 2076 590 1859 2991 708 4660 2793 1601 4160 3162 974 4902 2897 627 1071 3916 2667 662 1828 3950 174 4614 3240 1439 2431 135 1733 609 2367 3821 4124 2226 3659 4464 4597 1238 4136 1279 3172 1843 2611 62 1814 2807 3797 3720 1213 2825 1493 1189 3133 2025 3180 192 2828 4540 301 2637 4266 2537 247 747 3612 605 2051 757 3800 924 3989 2237 3030 2525 4593 4118 2629 4087 3807 433 2690 1204 3829 4057 3534 4857
4540 2353 4111 186 4869 3854 3826 1177 4862 3459 4127 4071 1473 1669 1771 2153 646 3013 667 3740 384 664 2480 1696 978 3041 3509 597 3895 4554 4248 4391 1832 2359 4764 3302 4029 3884 820 2047 1387 105 812 1193 851 1945 267 3494 3831 3698 974 3447 432 1397 4734 1078 3005 2340 2994 3510 817 1532 3503 1125 3401 2789 739 3221 1771 4437 4193 2511 3674 2065 2778 1975 1328 3059 1176 4868 2876 732 4117 31 4343 2894 2124 1146 4127 4184 322 2093 1981 4255 3632 2255 4204 4368 2634 1566 3392 3587 3982 2391 1854 2037 4978 4859 1051 698 1162 1595 1381 280 4976 2439 440 1821 1100 79 4193 84 2238 2720 1747 849 165 2388 2011 1171 1710 1021 4095 2536 3091 267 4250 4450 3570 1938 830 2898 2207 3401 992 4503 1558 3277 2550 1918 2583 1070 4160 2886 4997 3187 4428 4762 4839 4971 1400 2205 23 1859 2891 176 3627 2021 2611 2891 3720 3156 2882 3278 4125 686 3588 966 3548 1982 3150 1680 1767 1429 1563 658 662 1732 2640 3274 381 3645 158 3251 147 2298 1297 332 3738 1461 261 155 488 2046 2896 4148 4821 1005 836 488 3935 4095 4078 118 1279 4546 4629 2301 4541 421 3773 989 1779 4756 1293 54 330 4704 3562 795 4115 2748 2930 4499 2796 1809 2919 1956 3751 1348 1721 3950 2690 4115 210 2086 3573 996 2420 2493 687 3465 2827 3427 1047 2786 3531 2958 520 2619 1497 3942 2237 3526 2406 4497 3278 4674 697 2121 342 4206 4104 3745 436 3334 2825 2647 2342 2148 2336 1503 2346 4329 2655 4605 1001 2190 1599 1497 4003 2577 1336 3633 3986 3357 2996 354 736 4566
4629 4401 2998 3063 4265 2612 4013 2788 3489 2343 4299 82 515 3441 2153 2903 3326 1469 4777 2885 1586 1668 3006 2977 4071 4760 2901 4671 4972 3332 1955 2368 2727 4698 2444 297 847 2686 1196 3826 4200 3556 4651 4709 2058 3762 4995 3949 4752 4956 4759 3233 3961 1680 3770 1449 1961 2634 2102 4962 3196 324 1143 2656 4556 2432 3582 4091 539 861 1416 1735 2230 2849 3065 1576 4196 4176 774 2752 1613 3363 3733 3545 929 784 4005 2107 4125 4470 3708 2636 670 4745 4410 3000 68 4605 1194 3543 1467 100 3008 981 2456 3573 221 4567 4026 4392 2232 2992 3928 4068 48 1057 668 1171 417 2131 2041 77 2417 2494 1085 4286 4307 409 359 922 2884 4036 4773 4272 3193 1595 975 2846 1612 4289 4878 3701 4550 2862 4627 2032 2760 687 4543 3503 3732 1895 3455 2088 4529 2916 774 1865 4694 2189 2109 4677 4044 4528 2809 4364 1094 4968 439 3332 104 4146 85 2699 3358 1728 4370 4058 2314 4893 4612 537 1672 4139 1981 4713 2981 2952 1243 4346 3543 3880 3589 1413 2374 3429 2003 2514 3057 876 3870 1750 311 3382 11 4706 2749 3997 2590 685 3487 2960 3950 2911 1713 161 1765 69 3881 1000 2546 2318 3613 1383 2970 2445 1209 1051 1745 1369 2178 1055 3634 4963 1858 1086 2737 1177 4629 278 2582 1979 1266 2721 211 2098 4005 288 430 27 248 1759 4273 461 1397 2331 1971 3113 4983 4626 3966 2906 1773 3999 218 3872 10 1658 4090 978 1221 2382 1509 3333 3723 2579 4194 702 2831 121 3475 3073 4657 3572 1325 1629 2621 3878 3638 1388 644 2636 4839 1079 4267 1246 2262 651 4205 822
3377 2163 533 2199 4937 254 2321 1870 3335 1517 4241 3313 4702 4981 646 3326 1498 3028 1716 26 1779 1045 4446 2103 248 2223 2904 3125 2269 1353 1778 1134 2903 4359 4611 3185 1487 826 668 1012 1910 1558 3454 4114 1420 2107 1417 3063 4159 4923 623 1686 1730 3307 1715 382 4086 1734 4873 3922 502 1194 1133 1452 1311 153 3017 3474 1157 1209 3578 4994 1910 4861 2112 3429 1844 4459 2938 552 1739 3820 129 346 4727 1115 1005 707 3829 1636 1468 2258 3480 3338 4251 514 1129 3958 3879 4019 4498 2337 3808 1539 1578 2184 1618 4275 4833 1884 4432 3251 4687 3905 4029 2616 2176 2588 406 2773 12 4659 3239 2722 4118 4758 3689 76 3913 4316 2159 2637 917 397 2110 2139 4100 2965 1365 3041 4273 4454 2927 552 924 1691 2011 2286 4890 2362 1078 2641 3633 3907 2902 2554 2800 597 851 1409 660 1011 1618 1575 3620 3622 1606 354 1609 2823 4575 4893 3747 1876 3298 1786 4368 2348 1141 795 2424 153 2878 1308 4744 3739 1307 3331 3205 4259 3152 1769 2874 3700 3102 3346 582 3443 4023 2839 2485 2348 578 285 1462 154 2870 49 2733 2261 2436 3122 4445 3586 658 560 101 2708 3084 682 3572 4722 553 2287 2117 1105 486 1085 981 2077 218 4889 921 1547 2430 2026 641 4812 239 718 1887 4326 2041 176 4328 485 1038 1508 1525 4889 98 4457 2359 3927 4490 3897 4274 1621 1598 1748 3419 2383 38 3457 1160 3931 2099 929 4138 3042 283 1384 1174 360 1589 1649 1340 555 4240 247 339 1310 3148 747 1434 481 812 1775 4191 3495 3293 4369 2855 2259 4433 2207 121 2081 4272 635
4467 3298 2037 4703 3971 1543 165 2131 2403 1300 1776 2391 812 3142 3013 1469 3028 3084 2353 43 2961 3088 820 1230 2628 2377 2254 1090 373 2386 4111 88 1082 1216 2664 3411 1484 1660 92 4969 1605 4043 3272 3969 2091 578 3278 2662 3014 171 2817 1059 1766 3851 2270 3483 699 4482 2651 1459 4496 1800 2668 423 849 1627 696 3505 802 428 3756 111 2903 4233 2361 1314 1444 3844 1070 4379 2752 1451 1460 2141 1056 2486 1425 2556 1213 4955 3677 3117 2067 1650 2429 4709 1762 2462 1571 1507 3755 186 2444 4645 4404 1240 3084 469 435 3731 3800 2750 1897 477 1778 1127 2334 3966 2075 1686 3317 4579 2489 874 4306 188 1221 3082 2783 4099 1991 2468 2555 1515 1480 2571 2582 4736 1775 1906 1822 4926 2753 57 4622 2549 1804 4504 1477 139 2540 389 1443 4752 162 981 265 2758 3452 3777 1883 2114 2314 1819 1197 2150 1031 3217 1928 4133 1698 4843 888 4724 3020 4351 2840 4814 3699 3824 3460 1124 2139 3630 331 4587 1897 83 1454 2876 4121 942 1253 3574 3049 2447 3795 3218 2795 716 4096 3692 1582 3121 3846 4264 4025 650 1273 4835 942 4599 37 3339 3914 406 58 2226 2345 3358 2908 1044 4296 4714 3762 4476 4480 4690 2156 899 2399 4642 529 4543 4707 4433 3201 2356 2611 695 2712 1485 2429 2672 487 3917 93 33 3992 1229 762 4651 2421 4970 193 3976 3192 898 1516 1759 4690 2576 1178 3017 3621 3408 1460 772 2754 3573 3654 4351 2297 1996 4036 1755 1846 3962 2766 1717 2156 1425 2630 3008 3257 1573 1518 1257 2664 3254 3967 4896 3736 4316 475 253 173 211 2582 856
348 3182 1483 2364 85 2273 1267 773 3728 2566 1567 2353 2136 1744 667 4777 1716 2353 1216 621 927 3337 2852 3985 1585 716 4000 762 430 397 2186 1292 1246 4572 20 3142 328 1659 1629 3074 1061 4129 1546 1545 4593 3735 3418 3319 3904 1972 4923 4132 592 1979 1691 4590 4908 3499 2911 497 3919 2677 2120 198 2490 2410 2341 840 1012 4914 4282 877 2591 4810 1544 2219 4416 3549 2536 1225 3514 2800 2050 4628 2250 3972 474 1327 2721 3531 100 1276 4189 3455 2890 4147 2372 3938 3897 3049 3919 1468 1381 396 1271 4138 1060 1124 3395 747 1208 3276 4164 2353 4361 718 3911 1518 3382 4732 122 3626 4287 272 684 1930 998 2662 1269 83 2092 2279 2043 4834 1262 1490 4383 3300 3486 473 1747 4948 3238 3098 3485 4518 12 759 499 1267 1560 11 3750 3016 3038 4023 1768 4323 805 28 2777 1299 2892 3378 969 1424 2881 2999 2281 3783 1651 3948 756 265 4434 2922 141 1295 4139 1131 2917 656 154 373 1582 146 2647 3424 4780 1777 3629 1968 4497 3207 2052 645 4527 4104 448 1537 799 701 214 4533 1996 1386 362 1382 2295 2886 191 3548 1037 2666 1918 4437 175 543 2540 2371 3496 463 2799 2914 866 1419 804 4890 518 1249 2886 3611 3464 3041 3424 553 3989 2057 4919 4146 772 4263 647 553 194 4286 3341 4506 22 4590 1350 3509 882 676 1163 2471 4985 819 3123 1013 3271 4925 781 2799 4453 2316 1851 2480 828 1462 263 4637 3074 1116 1282 1111 1418 3773 4791 4278 2608 3700 2273 93 2805 4693 1944 1825 56 1269 3041 3406 2440 3685 1791 2712 2548 1600 317 1140
1839 4896 4863 3034 3072 972 3245 4425 3199 3412 1134 158 1990 2393 3740 2885 26 43 621 1916 3522 3080 175 3338 2638 669 4579 166 2668 4939 3444 785 3237 1562 2109 2877 276 1092 973 1394 2184 1772 3478 4189 1391 3461 3050 4298 4475 3775 2652 1501 3779 3690 1256 1433 2363 141 2255 3015 2765 4570 174 284 1406 3000 4948 2278 2982 1710 2805 1050 1637 4863 4732 3725 3678 983 4555 4616 568 4499 2898 4894 1026 1968 4327 2815 4039 626 662 3760 4217 1457 4671 4108 2200 1717 612 2705 4825 4888 3285 1586 3874 4665 1058 3474 3532 2060 4984 2042 2382 2201 3200 2588 2792 719 1159 1798 240 3568 554 1300 3062 2985 392 813 1877 3986 1456 1160 3898 2323 2636 361 4936 4419 4737 3886 1582 3191 445 3680 4111 1187 2848 1605 3035 2635 2269 918 2905 3082 4981 4001 3203 4134 4999 1478 407 2523 1665 2615 4970 498 1945 1313 618 4369 1184 4867 3718 3647 1231 3706 1871 2577 458 4324 4271 2649 4774 2603 2315 3414 4203 4646 4181 3355 2853 4906 2349 1454 2851 25 309 2238 1834 1150 4368 3879 4067 3995 4416 4990 2608 3521 4226 2618 3784 582 3778 2708 936 4192 228 1093 1084 907 952 3729 1508 464 62 895 692 733 417 3860 268 1069 414 51 4741 208 248 511 14 4397 4984 1383 1706 3720 1491 2655 3125 1065 3219 4394 4360 414 1315 2701 449 2533 1365 4671 3318 3915 4280 1185 1847 3751 4512 1468 2389 481 4820 779 3642 2268 549 4561 85 3691 3644 4308 1363 2441 3323 1753 2028 513 217 570 1326 858 4905 234 1786 764 999 3935 1907 3798 2193 1575 52 721
4434 2739 3895 1984 1563 4181 2412 1752 2809 364 3998 2426 2661 3236 384 1586 1779 2961 927 3522 594 4215 3198 2166 2517 4498 4970 2389 4783 4610 846 4045 4251 1389 4910 1323 3002 2282 3546 3454 4158 1002 3530 1995 2282 862 4145 2660 2695 1146 3998 452 1595 1508 2119 3622 4156 427 2970 1116 4466 4764 3386 208 4211 4712 4635 361 638 3379 2418 4714 1732 76 4905 2531 4725 4064 2583 577 525 4090 1938 610 1643 2645 1125 1075 1565 664 4018 2822 2362 1525 2090 2544 2657 3169 2029 2793 3250 3344 108 1021 885 2449 3999 3168 1177 673 139 3888 3521 1080 2799 1782 827 116 4401 1356 4738 4117 1661 1957 1187 2578 3050 4664 1755 2446 1802 467 3825 2830 1777 17 2239 1693 4876 4003 3019 2452 3940 4553 2654 3839 131 1555 3461 758 3934 3560 2424 486 421 1848 2413 3292 1015 3000 3775 3440 4195 4371 2583 4965 3549 2495 496 4801 1684 2874 3661 4373 3008 4751 2563 2974 3352 2052 2165 294 1286 2069 2297 3216 4606 583 241 98 3720 4981 1986 1630 2241 1068 273 4698 3832 2756 1794 2287 4053 2505 2166 45 2167 4009 4704 1646 4129 3362 1867 2529 2210 1267 1301 1456 2300 2188 3658 833 4970 4040 759 1638 4174 696 4782 1846 1639 1192 2145 1201 4141 4434 2675 1556 1519 975 3893 1746 4864 1200 1301 1008 2723 1754 3078 4422 2290 3167 2204 846 2660 4591 2855 3317 4117 164 1096 3451 3705 3541 3893 4063 63 3757 3462 4323 2121 809 4042 666 1729 101 4875 2704 2441 4887 2528 4425 2135 3527 109 2690 1229 453 2631 4358 1286 3016 3263 4641 2083 3605 892 1405 4437 1408
3749 632 4162 3695 365 3985 1152 4634 4011 3474 4682 4568 2163 857 664 1668 1045 3088 3337 3080 4215 2713 4183 3007 3807 3274 2430 4510 4787 3672 1434 4590 1246 4985 4206 3702 4652 713 4456 749 2825 3188 4295 1300 187 3576 3855 2047 3856 4138 3619 1741 2107 1313 3584 953 2165 1018 1069 1048 1095 2912 2824 2868 1995 1363 3697 1791 3178 1489 3191 2223 293 4271 1884 4897 2065 812 1072 308 3310 2909 3800 432 145 600 799 2521 1188 4827 2817 3699 243 2226 3866 4908 3454 547 755 1596 2758 735 3377 741 1694 4649 4092 4093 4821 660 3624 2301 3698 1120 1635 599 1634 4762 3062 3729 4233 1133 3595 2971 4745 4676 2797 4238 1347 2052 255 1557 2937 1089 2294 3361 4604 20 4005 1972 3405 2270 4712 3865 1369 491 227 186 2055 1649 3326 2752 3520 2442 935 3019 4559 4763 2131 1473 3437 2567 2595 330 2030 189 42 3660 1247 3464 4435 1186 295 3460 1857 2306 2552 763 1907 155 2883 3690 3691 1259 2808 3089 1420 4507 1609 3276 2997 2056 2259 4917 3285 131 3247 3962 117 3656 2852 3814 140 581 3684 244 2503 4930 646 1734 2477 4692 161 2198 3499 2708 2965 343 747 4543 536 2396 2287 2912 3310 2485 507 4304 3422 4623 3045 1975 3237 1273 2171 4669 2281 3778 229 1438 2056 3934 125 3630 1014 1051 2060 3496 3956 3431 1559 1330 2567 3324 121 1439 2877 2888 3606 1765 3280 3899 2545 3409 392 2652 1474 4670 3508 224 1534 1892 1728 3723 276 2476 148 3514 4097 4712 3753 1761 3545 1795 1939 2463 1074 4366 1756 1161 2046 2099 1782 4756 683 4201 2045 4536 3236 308
3731 1193 2343 1478 1203 1850 3398 2050 982 4346 3476 1313 3488 4652 2480 3006 4446 820 2852 175 3198 4183 2318 361 429 599 2207 3493 3206 4571 153 229 3851 1199 361 2605 3361 3055 3386 427 3508 3848 968 4345 1083 1527 22 202 4348 1081 4028 3582 394 1641 3050 1802 307 1302 4286 1401 4140 3537 1696 1407 4434 2843 4462 1828 2748 537 1855 132 2723 1459 1730 3587 2522 4874 2918 939 1755 646 44 548 3705 4077 3177 4506 2167 2920 3412 3868 2019 236 244 3767 3419 1719 4656 1454 4483 1930 4525 2827 1023 3020 21 605 3486 4988 2031 4069 1178 2944 4292 1426 2970 4063 4049 504 3804 3807 244 212 3459 4786 3010 109 4657 2636 2055 4159 3788 1862 1360 3071 2876 3982 2384 3351 4647 1004 916 4995 3553 4488 1746 765 2630 3622 1012 2536 771 3594 1957 3921 4376 1908 1837 2503 2167 94 2282 99 2904 3964 751 1148 1594 1416 3678 2836 4561 1273 1280 169 3869 2731 1136 4405 4731 884 863 4983 3999 1754 385 4543 2941 607 2737 2046 383 1807 2809 4512 4640 828 221 3517 2490 3500 2915 2284 2090 48 3365 4715 3485 4003 3578 979 585 3080 1123 1931 2696 2730 4901 2319 4737 2311 2836 1685 4585 429 589 3976 2410 1040 2162 4544 268 4747 2777 1385 4063 1281 2863 2608 4275 423 4249 4863 300 3033 419 726 4115 4258 106 3587 3404 4350 2594 2742 28 3149 428 1469 1786 2547 2579 3010 3068 631 3689 2675 3971 3453 1663 2950 3983 1918 2347 2007 3713 3096 3764 168 2523 2139 2204 2428 2951 448 4400 4593 3700 2218 473 1796 1602 2054 948 451 3584 2269 3021 4137
697 1004 1884 3958 2625 1213 3103 4870 2697 1512 3607 1900 2073 1033 1696 2977 2103 1230 3985 3338 2166 3007 361 1732 4502 2376 4768 867 2676 4341 2739 1661 3208 3812 3198 3502 296 1846 687 3487 2780 313 4837 1649 4587 4934 1677 3428 2239 2398 3559 3929 1141 3122 4601 4286 1392 99 2613 2377 3240 4806 4337 2768 2838 3744 3140 2286 3365 4084 1430 4151 2209 2426 3517 2601 2173 4269 4004 2297 444 4567 3699 90 2360 2018 444 4716 1000 3962 2878 2310 1740 1752 3497 1700 3815 700 4983 2196 3686 3680 1776 2021 550 3745 3490 4259 2459 4527 517 4838 3642 1860 2515 1282 1680 811 2516 3735 1768 949 2828 1088 4835 3147 406 4989 1392 2523 3365 227 3477 2768 1009 1131 3830 4588 1574 1687 3624 2147 287 3115 3053 4118 994 2380 2289 4076 4578 4040 1831 3256 3507 1154 1408 3696 3282 3863 2823 669 2747 4205 1336 1160 3257 2389 2927 4040 1099 4775 3927 2457 1693 665 358 1395 3152 2291 2379 3299 4963 617 4674 490 4323 1866 273 3804 3627 156 3537 601 4145 4784 1952 4131 737 4004 2779 1169 4066 1424 453 289 851 4265 1105 3706 2230 3066 4196 170 2681 4630 1568 112 1650 4373 3623 840 3609 4892 1475 735 2455 2439 1678 2340 2164 3649 4399 3060 2265 2798 1345 1659 2202 2828 1654 1577 2995 370 742 2340 4249 2683 4786 3798 4443 3622 1312 4049 2660 4814 3587 1355 35 555 4519 2209 1814 561 1137 2452 1480 726 240 534 4520 156 4566 3609 2315 293 4702 481 1365 329 1542 2974 3116 2112 399 615 3231 2332 554 374 4420 4815 163 4155 2329 910 173 1475 2688 434
3565 60 1076 4508 3162 625 101 2307 3934 969 4854 3874 919 4230 978 4071 248 2628 1585 2638 2517 3807 429 4502 304 1045 2725 4566 504 904 60 2811 4107 1873 1831 2028 3798 2087 4133 4260 4875 4522 4568 887 3694 360 390 2882 1449 509 1501 1935 2230 247 4717 1746 1857 2829 893 812 203 3857 2546 3312 4605 2328 4910 360 4471 576 4298 2818 2559 2826 4221 2448 616 1581 1678 2802 3809 720 113 249 2751 1577 4853 954 1038 3019 4746 3132 2295 3002 592 1318 4650 877 1152 2906 627 4541 4082 3560 4711 4193 3971 3977 2164 4146 1304 2539 1087 4581 4306 641 3041 3227 4885 4588 185 3206 4946 2875 4383 575 2876 2417 1107 3987 2728 2637 1973 2240 4009 1023 2883 3505 4408 3222 4279 4600 3603 2326 2667 842 1284 4819 4887 3971 2019 603 4194 470 3579 654 3071 2974 2816 4191 1351 3567 3428 466 2805 1861 651 1942 1223 3607 1526 3984 1989 4059 761 2050 4650 4344 3732 2072 1769 2444 1937 553 3768 4297 4816 3481 4914 1395 1372 3429 2855 3141 3907 3023 3095 3070 393 2928 2962 4066 3786 1185 697 2268 78 903 4288 2908 4206 2612 4943 4363 2520 1428 1716 2253 3659 3419 2531 2480 3320 3369 154 4899 1831 1372 774 3741 2948 471 2137 1530 4795 2848 4508 3184 4352 2907 526 2528 1269 3400 1291 2730 4466 1583 2798 2727 4435 4784 3250 4050 978 2676 4683 2004 3095 3236 3274 2040 1721 1669 2056 4356 4509 2904 315 3732 276 3577 2356 4449 4927 3931 2420 3451 3674 455 364 2817 554 3410 160 3679 3043 1089 3151 4792 3324 448 1537 4223 2494 3227 3946 4260 19 2767
3621 2346 663 187 3298 592 1418 4395 447 1892 3465 4689 4350 1225 3041 4760 2223 2377 716 669 4498 3274 599 2376 1045 1216 1194 1453 232 3090 1770 2917 316 3357 71 2519 3150 2516 1097 3507 1021 3949 2369 2261 1819 4836 4480 3852 1488 3469 1528 2273 831 1571 2281 3000 2818 4744 2712 1071 3903 1546 4421 213 2465 4051 4224 2834 674 2132 1657 4674 3697 3777 1698 824 3815 1768 4328 4697 590 582 3295 2154 3521 1908 1676 3467 3171 3357 379 759 4746 1382 2151 4740 1087 771 1211 346 4075 1573 4537 4059 3189 187 425 623 2866 3935 2027 4587 550 2203 567 3265 561 956 3836 2674 472 2071 1048 4090 458 3295 2987 34 3357 3944 3248 4364 4655 3039 3404 204 2836 572 4295 3740 2348 2522 3299 2790 1265 4089 3912 4484 3108 3493 4437 1068 867 2185 427 4373 1036 1509 1267 122 1656 125 4310 2253 3232 4632 3677 1259 3365 218 4838 2133 1418 2382 2176 1030 1934 3351 4533 2358 2510 687 3652 3649 1713 1540 4829 156 32 3502 1622 1633 2903 2711 4498 4002 3894 1353 2816 2883 1164 259 2423 3528 3384 874 436 187 1533 2957 3883 937 4864 4100 4300 341 4876 2856 644 2430 853 1177 2274 1994 4815 3628 4589 2868 1944 1864 2123 1140 1032 1924 1192 2257 3552 3143 2005 1136 3446 3928 1252 170 430 2989 4027 1634 4114 4238 4371 4951 3575 2817 4270 3046 682 2433 2486 1791 4848 1711 3231 2494 3401 2727 3232 2892 934 4539 4920 4710 3108 2654 1114 1777 3686 4312 4647 1398 4864 2773 3723 4463 1109 2337 2099 3123 4227 2015 2537 691 3682 1398 3221 3462 266 3859 2783 4664
