N: 300
M: 60
Symmetric: true
Triangle: false
5 291 204 35 7 103
6 50 39 124 100 254 139
2 137 74
4 173 277 212 283
9 184 27 128 92 267 189 293 158 292
3 78 4 159
9 166 232 279 1 287 273 91 179 47
5 42 242 12 165 116
6 131 16 261 211 136 228
3 25 144 85
3 160 94 20
5 43 269 299 224 15
3 257 127 264
3 186 97 207
5 60 125 66 230 253
7 248 164 231 147 169 162 175
5 57 9 236 87 275
3 102 81 263
5 247 288 178 255 2
3 238 31 156
4 101 265 72 138
4 132 190 214 58
2 191 55
6 49 298 129 223 278 203
4 249 153 218 195
8 88 111 282 215 17 70 11 44
3 168 123 213
4 196 82 29 52
5 237 8 285 252 68
5 110 119 181 63 210
3 171 221 33
6 209 192 28 90 77 109
5 75 141 79 296 256
6 177 246 71 276 6 154
3 268 118 105
9 297 295 67 199 64 289 59 13 227
7 61 54 46 99 36 5 30
3 19 14 200
3 115 26 45
6 126 250 62 172 187 86
4 216 114 32 130
6 226 239 98 167 73 83
5 294 40 65 219 240
9 185 149 23 260 145 170 281 135 96
3 146 22 180
5 271 176 76 163 235
6 270 152 53 233 262 69
9 134 108 93 251 201 41 244 188 198
2 217 284
7 259 155 220 222 286 120 206
6 107 205 258 113 300 34
2 21 142
9 140 56 274 174 193 122 208 18 272
8 225 150 161 151 157 48 148 80
4 37 38 245 84
9 229 266 95 104 202 133 241 3 197
3 121 290 194
4 117 106 143 10
5 51 112 280 24 234
4 182 183 243 89
1021 4123 628 3604 2342 1283 2170 2860 1931 3722 3994 2296 2844 4394 650 4738 4003 4625 797 2404 2739 2884 1376 2435 955 722 2938 2694 255 4010 4980 13 4860 4373 1684 809 2365 2697 527 2337 1791 1134 693 2227 3249 2622 3955 3327 444 3911 2648 3050 1109 1979 1765 1664 4507 1125 1484 4959 4374 1080 632 4158 942 1983 1623 2582 3164 146 3782 4026 2808 2418 753 1659 250 1039 3282 871 2598 1510 1178 664 3150 3259 1694 4713 2527 2635 4745 301 1794 651 4749 3792 925 3304 3660 829 3778 2900 43 1458 63 4251 4682 3043 3876 1789 1868 1506 2023 1857 1282 2835 3089 116 4587 3630 1130 3640 993 2205 2822 4315 3233 4953 4567 3230 4785 2266 2633 1761 3803 1943 2457 1896 1284 1390 2948 1237 2539 4280 61 1426 114 3534 2556 2840 3719 3555 1872 3207 695 3792 4685 1366 3938 376 4823 3954 296 3110 797 2993 2923 374 1579 2778 2372 3987 397 4054 1600 2477 971 3456 1443 1397 1661 779 4317 1093 2116 1056 412 2674 1462 1323 3749 2057 314 3008 1206 4306 3402 3858 1056 1665 1633 3298 2847 4078 3389 1513 4236 2770 2275 2501 2025 1634 2445 165 3817 2965 4335 2051 1246 491 246 4472 852 2145 1089 3478 3327 2644 201 871 1724 942 4883 453 3656 4537 4135 3101 2309 208 330 412 631 4313 2205 2442 4951 3009 4956 209 3000 750 3705 643 2529 3973 4371 694 2351 826 249 2551 76 475 3768 4282 4413 4584 2280 65 1183 2805 1422 3401 1436 3553 1847 149 336 4612 4022 1428 379 1470 4768 517 1597 3181 700 1528 3977 784 634 32 1559 4506 3214 3020 4524 3853
4123 4384 4632 1148 3668 3839 3333 2240 871 136 1157 2333 2383 4413 2112 4105 3215 2643 1361 4758 1110 723 4315 487 3960 2642 4019 3022 4840 980 1170 1761 3754 225 4131 76 74 4268 1104 1833 3046 3790 33 4864 3931 2369 3981 670 438 1534 1738 3367 3168 3305 917 3960 4097 3804 4709 809 2203 1226 103 4874 794 4616 3092 4880 1009 3157 2775 2616 1013 3957 920 2767 2778 584 3109 2999 4047 2874 437 3238 4536 2884 4937 4718 1604 3520 3263 4783 4661 3297 3925 3065 896 3515 4305 4287 1720 4268 3806 1913 1158 4158 1752 2201 2198 4262 3521 2936 4340 2489 3854 2904 4662 2115 2538 3328 3722 4220 4144 4127 3378 3022 312 4119 4072 878 4656 4390 4910 2612 4862 4486 4081 2621 3358 1189 4783 3871 3065 2380 4686 2021 1445 1934 4307 2288 951 3609 4357 3214 3811 4448 93 4777 2637 3131 723 4154 3535 1618 1110 4108 3055 3164 1582 2390 948 3393 4824 4615 3464 3276 2119 2563 3059 4221 4865 1930 1216 4160 3531 488 4123 4217 1520 4738 4627 3733 1383 4475 3546 2899 1485 963 2138 3451 167 397 925 192 4503 311 207 4057 265 1864 1199 4910 2796 4280 350 2039 4959 1149 132 2811 2710 4603 1992 2344 477 1990 743 89 4452 1528 4299 2395 1208 3322 966 3067 4420 4535 110 4987 1460 3750 4234 843 4748 871 3763 2309 2038 4411 3972 1036 1996 3106 281 1777 25 2078 3298 4353 2785 4115 820 1988 619 4425 1885 2407 690 224 964 3075 781 1881 4206 3463 4149 4598 4840 4357 4652 1565 1708 4458 2755 790 2819 2520 1863 4928 4286 686 1297 2960 4212 1788 4303 1020 3690 215
628 4632 3781 713 2873 1053 3150 804 3180 2111 4383 225 2273 1936 4989 2435 3302 1916 4509 1230 4842 3047 3397 3005 3597 1856 2858 2156 146 4587 1183 2398 4762 2016 3897 2298 4157 1089 1663 3937 3163 3153 4005 883 446 2977 4752 4833 2285 1727 4119 4674 1018 3361 2115 3283 3689 2545 4919 1713 2337 2786 4672 2125 1564 4626 1300 3327 2495 2457 4686 1984 2477 2253 3131 4118 4167 4228 2106 1712 488 3957 849 2094 1449 3799 3093 218 867 213 141 1126 651 1109 4634 429 203 469 1736 3803 501 3580 4448 1708 1322 521 2849 3744 4960 926 840 4055 2978 571 560 3672 2216 1416 2061 2103 4341 668 4879 4521 4412 2939 4995 4953 1378 254 4473 4541 3941 1433 1800 1637 1702 2052 1817 1251 4096 4859 699 142 2049 4199 2819 4182 464 3278 2818 951 2272 3610 3872 4588 1199 4856 239 1048 2060 319 384 2645 3120 3599 767 4004 3939 1085 3029 1249 1969 417 2801 4092 1307 3727 3647 4034 1240 4469 690 1901 2379 1078 486 4925 4775 912 2023 2440 2005 211 2904 823 366 2128 4879 4339 3970 2474 4032 2828 3765 2251 4467 2669 4259 583 2549 710 392 3203 457 840 2286 1728 4319 1755 2052 2160 1387 3691 1533 1423 1916 4846 1845 4342 2516 3891 772 923 3941 893 2177 4915 2453 2802 2725 4615 363 1594 1059 1973 4942 525 102 1014 3681 4510 3738 4390 2267 2695 4354 2696 4022 4791 1958 4170 1890 543 511 1432 1600 1127 2517 102 3975 480 4613 1462 1189 4660 4124 3372 1863 3433 3919 1180 3357 2748 2856 4706 2743 3576 3292 3564 1784 2857 4892 3885 3178 83 315 1723 2579 2956
3604 1148 713 4607 2508 3081 878 2356 3644 642 3696 428 1506 2580 1072 4853 3100 3587 2812 138 3130 3562 175 256 548 2255 1971 4824 2114 4793 1067 1594 4408 3047 4128 1214 780 2930 1598 3173 3838 4227 3413 4116 374 1185 2338 2841 3967 3372 2194 156 4393 2888 542 4897 1505 3349 509 897 448 4006 3556 4677 3490 4940 3560 1570 4680 1988 70 4002 4570 3080 2110 4443 2536 2700 2105 2415 3688 674 3634 1283 1602 3537 3420 3528 3222 2458 2314 3004 2522 2000 4139 621 15 2402 822 896 2074 3330 822 843 3573 215 1828 3490 4824 855 1436 4163 3244 3016 1215 3932 4247 4877 4609 635 2942 4908 2677 236 224 940 1136 1574 874 4042 967 1377 3182 3827 1265 2054 4993 3631 2604 4777 2239 3706 61 385 4557 1968 3490 822 409 1286 2528 4187 2703 3120 1844 1581 2045 896 459 3180 2853 4096 3137 3527 589 171 2697 1137 2586 205 4411 2440 106 3505 4356 3883 4521 2399 4324 660 537 3866 1196 3051 3357 2908 1754 2636 4911 537 118 1392 4938 2576 2788 1108 187 814 4759 3517 2102 4920 2351 4559 3732 2485 3413 731 1061 391 2378 281 194 2149 1712 2623 4890 64 2449 2974 4413 1340 4055 3283 498 214 1253 4388 3244 3283 1422 2559 2044 3225 1468 974 906 154 1974 1732 3571 3932 701 1811 726 3427 3509 1364 1724 125 1293 4770 1718 2989 3659 2913 4494 1301 2459 3023 3485 4061 4904 3530 3674 1168 369 2414 4878 4184 915 3675 4807 3327 2612 1129 1971 2290 1027 947 353 1362 4874 4816 3082 2053 2893 3564 70 4205 3674 112 2268 4413 789 3239 2746 2464 1109 141
2342 3668 2873 2508 3691 786 2113 1283 3239 427 625 4320 810 4934 3501 1436 735 3207 4187 220 216 727 4222 832 3195 3034 2166 1947 4117 62 2677 2468 365 2505 2661 2090 4468 2717 4132 3978 1042 4956 2832 2345 508 3298 2144 4130 914 1637 4900 1856 1617 1633 3240 4867 640 848 3348 187 661 492 363 586 2865 1749 3993 378 2717 4807 1455 1326 4018 1359 4184 3408 19 568 4492 4152 1668 963 4089 1679 2168 2355 1445 3013 2002 923 3509 36 2059 936 2359 21 4630 4661 2930 3139 3290 4082 24 1937 4143 2386 4873 4855 679 3101 4450 4126 191 1220 4213 4318 172 2860 3229 3084 3800 4468 2449 2062 2726 4900 4982 3819 263 1088 3148 3556 4260 338 1831 1174 4926 1466 2185 4973 2840 4246 1411 4778 4999 1933 1361 1009 2115 2940 2894 2539 3703 556 2836 2296 963 3843 1249 4291 3589 4655 1177 2069 4218 2968 2962 3797 1357 3464 3763 2902 1432 4925 621 2465 492 2143 1406 1585 4061 4970 3051 2262 3234 3138 46 4674 305 3899 3343 1178 2868 3147 266 4413 1182 2432 2391 669 1540 2904 2184 4932 4081 4952 2524 3695 755 3176 680 2547 730 1052 180 3327 575 1352 4783 1203 4120 1993 684 1110 4741 2014 1824 1002 4555 3292 761 757 1447 2556 3566 3828 2533 857 928 1688 3371 3789 3990 2365 4663 4418 904 541 1821 2978 1245 839 4460 2804 1290 1687 593 4391 1554 1778 4462 3454 1335 2907 3970 1632 4206 2492 1344 4528 2370 1445 3744 2477 3215 4875 4528 3721 1365 4532 389 4987 2633 1057 1204 3000 4305 2183 4015 1208 3356 536 2443 2098 4014 2413 1669 1595 185 801
1283 3839 1053 3081 786 1134 2462 396 3197 2293 1433 4866 1899 699 1835 3333 406 1757 917 109 1517 2195 933 1849 935 1630 3938 4151 2628 603 892 3041 2167 1251 4536 148 4340 3849 2081 4013 4491 4493 763 2704 2522 3828 274 413 3722 1214 4916 3475 463 1027 4166 2226 2634 2034 2181 4306 1894 2585 675 136 2883 1845 3854 14 305 3758 1722 4985 2693 1932 2922 3583 375 4273 4334 2756 2370 4522 1611 3168 4767 1986 214 4625 4930 2545 1121 4382 2812 2120 435 582 535 3837 2073 3101 3221 1797 2550 3215 727 2296 3681 3667 2228 1113 2928 2862 4360 2706 2142 2337 381 2670 616 1302 4658 777 2655 385 908 1309 1748 2275 4145 2904 4449 4358 1856 1855 1871 3103 2451 4655 4303 2482 895 61 300 1307 1598 944 3547 1160 4467 4877 3552 2691 4481 3538 4969 2807 4123 4329 4503 2245 4932 2771 700 1807 542 2858 1330 595 3089 137 4889 3250 331 4658 1849 2578 1301 848 3729 4354 1068 4286 2559 3557 847 666 3103 400 1675 2884 2433 1090 1609 3777 64 2157 3340 140 84 455 2545 927 3060 630 37 210 2020 4991 3523 1941 3135 623 4440 1167 4055 579 3346 3573 4574 1233 160 320 2347 1801 2031 4803 3791 208 2681 4056 933 3178 2093 4960 3135 2018 1087 2342 3277 470 4246 2457 1062 2341 3971 3150 1511 3382 3311 2198 1044 2237 3354 1132 3135 2431 624 3016 4830 1757 4967 2209 2251 4031 4464 210 2754 4755 1608 233 1235 1037 4031 3350 1190 3965 2227 3147 4737 2812 1535 2977 4253 4479 2387 2828 3400 3219 1017 297 3986 1630 3683 408 1531 4123 4278 1607 4881 3992
2170 3333 3150 878 2113 2462 3861 3665 2670 241 3467 288 617 2530 1397 115 198 2740 2769 1335 2691 1055 2153 1688 2495 3115 704 1140 2962 1204 175 633 155 4564 3339 639 587 1311 1954 3139 2111 1716 748 1017 284 2482 2795 1189 2283 1381 4336 4275 1770 1198 1357 770 1522 319 3395 1236 3741 947 1210 3578 3806 3801 4365 3878 4554 3105 3699 4493 2272 370 3978 1396 4462 4372 877 2913 3602 969 1644 58 2442 3430 4466 18 2792 1423 1532 631 575 1130 536 2100 2086 4932 1395 170 2395 1698 2292 3760 263 3722 3988 4253 803 1628 3841 3944 3994 4739 182 666 690 4416 3426 2722 3313 1073 686 1216 3180 3408 4124 2616 1758 3094 1264 2829 4167 2471 65 3997 664 1442 1426 501 4410 4890 530 1607 1455 3404 951 2883 3112 3668 560 443 201 134 1409 1553 3705 1385 4742 2991 3690 875 2746 3761 1410 2551 2605 4647 423 2020 2124 375 573 3468 4112 142 3558 2406 2236 3462 4970 927 4851 3561 515 1088 2739 2804 1706 2093 3465 4359 2427 148 3866 1679 2227 384 2319 3369 3417 2056 4296 3236 1631 1755 2247 2657 4440 540 1474 3092 4214 1120 1601 404 108 1580 2614 727 486 1818 2267 4753 2118 2428 4833 515 2607 673 1487 3171 3782 2376 3993 416 455 2388 2704 1965 2314 781 2830 2693 2569 2405 2708 4046 2433 808 4818 634 3445 354 1371 4422 1123 1398 1034 1767 3659 201 1725 2993 4749 2675 2074 2904 2224 3668 1930 3191 4387 2183 4838 3113 4251 2935 1985 640 2834 3818 2927 2567 1327 1844 4028 1634 119 3955 2417 2907 2478 2444 2914 4374 3166 977 2875 4801
2860 2240 804 2356 1283 396 3665 2911 483 1316 1757 87 4931 834 3095 246 2403 1357 1910 516 2897 4177 4288 4637 2093 4475 2114 447 3573 948 2424 2513 3414 2666 1225 1432 3545 3541 1482 2505 2033 2473 1482 626 2754 2504 4846 4332 3334 391 1763 1428 2313 2117 2205 3327 4898 4616 2577 2082 1784 1672 4493 3651 4936 3163 1705 3662 1282 4944 512 1331 1167 1067 2742 3951 4849 1601 2314 541 787 1857 63 3344 1043 2596 3548 4432 2533 2307 1976 1433 1839 2682 348 4813 3599 1715 683 1585 475 747 4181 3746 406 818 103 1781 4080 4252 685 1113 4194 2566 3834 3980 3795 2796 3983 1377 3075 2508 4719 1150 3914 3648 68 4914 520 2362 1949 155 4722 3278 1098 3394 878 2133 4035 1150 1096 3720 3597 1784 804 1010 144 289 4102 1830 1568 1609 1232 3602 4350 1191 4051 1011 710 4398 1753 3762 634 1729 4921 887 1525 464 4762 4148 397 3062 1572 4791 1634 4005 3896 4863 937 3865 550 3863 4066 629 4167 827 3281 2588 4401 2570 4550 4413 430 2385 1798 4552 3924 3407 1902 2560 3531 4588 4119 1617 4095 69 2456 684 2174 958 4178 1273 834 4417 2682 4541 3270 3123 3508 2046 4489 589 2458 3886 92 3781 4545 2505 3611 3619 4537 2213 3834 1803 1191 4775 4252 3302 4643 2753 4006 4144 3261 257 2627 844 2725 1948 1024 3028 556 1114 97 3676 2391 4637 3162 2582 4334 3949 4146 215 4545 560 3483 2162 1266 427 381 4280 1862 4016 1115 3036 1921 340 1614 2140 339 4583 1962 4598 4190 2476 1291 867 4916 4585 631 3051 2703 307 4769 3966 275 4483 2690 4739 1272 1659
1931 871 3180 3644 3239 3197 2670 483 1177 536 1932 2882 3393 3412 2126 2022 1043 1446 1626 1774 3861 927 4692 705 3622 2337 3015 1045 352 3753 4919 458 2440 2730 2822 1954 4760 4713 2268 4119 436 1362 2681 2577 3329 2004 2806 1553 1693 4559 663 3849 4626 3331 3640 1320 1383 3389 1709 4791 2089 522 2401 90 1828 406 1940 1407 2500 1600 2991 420 2234 3253 1831 3939 1255 1858 615 528 3033 339 1963 2050 3401 4490 3723 73 306 2079 224 2702 2904 740 2852 314 2497 883 3224 4783 2417 2583 4905 4402 805 3639 212 2853 3192 673 4628 3762 4697 2154 2111 4438 3593 29 1271 3489 3224 4430 3983 3304 3330 3581 2289 4633 1076 681 4226 1155 386 2716 4861 2496 1063 3460 3860 2098 432 4588 2573 344 1724 4746 744 2098 642 4691 3129 2454 4568 3010 2602 659 2444 3563 4711 3415 3371 3267 3258 3467 3230 4862 4934 1560 1575 4932 4787 4194 2728 3874 1946 2451 3442 2886 4637 4019 4085 2083 4561 728 2825 3300 1919 4273 1707 3963 4194 4063 3215 395 2542 1071 124 1769 3779 1876 1621 4661 3622 2297 2723 4438 2108 2359 372 1272 464 1992 3958 3223 1314 1710 20 2401 3489 3632 341 3857 1079 3679 181 3283 2385 4006 3094 2032 10 3756 1918 71 3892 4935 4579 1574 2722 1491 4791 2729 758 2927 2382 4167 4733 1270 3891 808 3662 2920 4096 1723 2140 1898 656 4882 2731 4386 2855 4817 591 3479 4540 179 1655 3479 2090 1149 3329 988 3672 1899 3384 262 4115 666 2454 3669 3311 3845 2189 1023 2231 3014 2115 1283 4876 497 891 794 2770 4650 3442 3729 1674 719 1165 1834
3722 136 2111 642 427 2293 241 1316 536 4097 201 4372 4163 4616 4322 3881 4937 2083 2232 270 892 3337 1819 474 4444 1219 4945 4299 3244 146 2991 666 3419 2260 712 908 3754 2061 2419 2795 4910 4043 4527 4750 3106 4055 2717 1268 2670 330 3913 871 1560 759 741 3794 926 30 4337 4583 2028 2939 4040 2446 4682 3009 4794 1976 1778 639 2405 3379 4755 1771 4913 1223 2324 3522 694 241 710 694 3029 4708 3513 3938 2298 2188 2551 1695 1229 1392 2199 3527 4403 355 767 3211 1443 3944 515 1436 3912 4482 1003 697 1518 1501 3051 4187 2267 2963 3883 1946 4063 2747 2794 347 1933 3044 3932 1974 2573 301 198 3295 1558 3794 4586 4369 94 4578 3560 3844 489 728 3779 1140 4102 809 2963 218 3462 983 3268 3994 146 2318 29 3287 3848 793 289 2480 2471 2246 2274 2737 4553 4909 4295 3340 1397 1799 4822 3794 1380 4485 2292 4258 2242 4450 333 1160 64 2980 2985 3606 3496 1403 1426 2522 220 4413 2274 565 2353 2794 347 2860 2502 4858 1989 4329 1990 3116 2938 4232 3488 4673 4324 3015 572 1886 525 3591 4403 2465 4366 253 3647 1256 4127 4140 3025 3845 4144 3797 2776 4837 545 1939 4587 403 1040 1423 529 1279 3872 162 3944 4594 1791 2445 4337 2347 4683 3257 142 4321 4441 1916 266 708 4515 3910 3043 1209 725 916 2285 2728 4872 3847 4364 4792 4002 4027 504 4299 788 1370 1365 3511 3234 2328 3765 366 4618 417 1659 3680 4175 267 1905 817 2789 1570 4799 2242 1539 103 4707 2402 1437 1513 467 4890 2809 1701 1574 2394 78 758 210 2797 3640 4868 3209 2337
3994 1157 4383 3696 625 1433 3467 1757 1932 201 4062 3241 767 1826 4832 4799 1031 1168 2717 3643 2994 2226 475 837 3984 3077 3126 1694 2615 1084 2100 3441 4130 3121 1920 1819 3102 4946 2086 3777 2450 2627 1068 2517 14 4397 2621 4778 1828 4036 991 1213 4159 1854 2431 4673 806 302 2123 2444 4292 3021 2657 921 3392 4156 2100 761 2263 1572 497 363 4921 2417 1169 3686 981 4216 4499 2517 3434 1335 2165 3228 1830 2144 1308 1270 438 2191 4023 3411 1300 4674 4690 4202 4227 1969 789 2912 681 2367 4192 3076 3659 2672 2940 4822 1647 990 1321 1247 4395 1684 1936 3779 3878 2393 1347 1211 309 1836 578 4660 500 3675 4100 4739 2461 1218 4594 81 4570 2607 1149 4736 1606 4339 259 1245 883 572 987 2184 3776 124 3552 46 1518 199 4624 4545 2497 3419 4879 2098 4574 751 2882 1166 2665 2334 1277 2005 4069 2880 4865 1421 1548 1205 2092 3760 446 2381 3082 2215 4588 4551 2194 2783 2499 55 2062 4912 660 4596 3400 3364 4385 3531 3257 472 777 2592 167 2388 4466 515 2736 4136 3176 4010 1801 3947 4876 3649 4310 3597 4142 3551 4284 1300 4524 2194 365 3648 416 391 4278 3322 4470 4487 660 643 92 2378 4603 1348 4392 1591 1089 1216 4210 4983 443 4161 4533 2981 2640 3910 2442 1270 4915 1190 410 2432 2038 1560 4265 1711 2936 1544 2489 2578 712 1456 1992 3672 127 3116 2011 2796 2304 3627 2665 4511 616 3370 3512 667 986 1337 3414 1812 2563 2852 2797 210 117 2563 1878 4634 1763 4487 2010 2017 2355 4121 1932 4910 2237 3768 2914 4227 3926 2744 1986 2286 3943 1616
2296 2333 225 428 4320 4866 288 87 2882 4372 3241 770 346 2652 2699 4798 3470 3789 489 1964 4953 975 1618 1408 3213 4977 4187 4170 4998 4206 1537 2492 3139 4374 3250 3709 3355 2335 2691 1532 4578 4289 2613 1442 2953 278 4213 4254 3849 1087 984 2794 1396 1083 2166 3836 4669 3016 813 490 1103 3153 2818 4989 2039 256 3551 2969 1302 4474 948 2365 3844 4459 1043 868 1331 4818 1061 1824 3001 3002 342 4486 4246 3227 946 497 3544 864 2877 2584 4302 3633 1018 1363 788 850 4396 4080 775 39 2113 1836 1717 3960 3539 2397 1526 4135 85 3492 210 1870 3224 3456 975 3107 426 3255 3317 4645 1784 4005 4627 3236 1278 3867 2375 3644 1995 1093 4703 1205 3014 3708 1448 554 579 3746 635 3062 4936 4331 4515 1026 4957 2370 3070 2305 2074 1538 1241 2802 1858 3638 1390 1063 4757 3092 2668 2483 3539 3357 1380 2719 1581 784 1258 3397 1010 214 4993 1070 1880 410 1702 377 543 93 2267 256 4293 2838 1518 4639 307 1809 4131 3853 3199 2747 3498 3365 1520 1356 970 711 4004 1460 4420 4848 3886 1934 3023 2647 1518 747 759 2571 4022 3684 2525 1618 21 930 3341 1185 1121 3665 1786 1296 170 2820 4198 4012 2868 3834 260 1440 3538 2989 1787 4317 3306 2179 1681 1384 1676 53 4968 1679 4416 1987 3546 2441 1905 2886 781 244 4400 343 4542 361 83 3335 2111 1702 609 2331 3659 540 527 4597 1779 1700 728 2899 3975 1906 3692 3134 480 4592 3047 2930 2405 2764 236 769 2239 2448 826 2351 3729 2887 3405 3949 4141 3280 1918 293 3004 1887 4344 3180 1118 2024 1162 3434
2844 2383 2273 1506 810 1899 617 4931 3393 4163 767 346 2181 1645 1599 1203 2096 163 3103 4377 1456 237 4339 3730 4436 4560 4318 1153 2198 771 2460 3875 2190 1222 335 1977 3732 2891 1374 1384 4925 30 1505 2545 1228 1166 1995 2339 2536 941 3942 2560 1365 3688 3458 4907 2900 4739 1144 2384 4741 1738 3032 2019 171 284 3834 1253 286 3585 2512 3744 3466 3042 4235 400 639 4581 2837 4520 852 4995 3805 2765 2876 3878 2786 3695 2081 979 1750 1617 4241 273 1501 3019 4687 4606 4597 4437 4887 440 1160 2860 3974 1395 2072 2405 3868 332 4039 2070 1151 4211 3909 2614 1691 2064 420 2119 4460 910 3431 2093 1957 357 2036 3168 3641 4214 3637 1477 786 1980 680 726 830 2658 610 1012 4560 2884 1970 1117 3309 700 3484 1511 1742 2865 782 2870 2688 3314 226 528 1418 4817 4817 1906 2737 1994 1713 3876 148 3379 1237 945 3789 1260 1636 4894 4660 3709 1421 4762 3865 45 586 182 404 2072 3655 3165 1074 4321 4638 318 3082 3693 4189 3918 3823 4432 4871 3492 204 3843 1408 2717 1199 2100 743 190 4875 2508 3385 2605 3802 1754 659 2672 3402 4896 3944 1788 1873 889 1611 4116 2308 443 1523 3001 4306 2559 2184 951 743 3478 597 2348 2741 2401 673 3392 4188 1335 1255 4100 3039 4978 906 1310 4598 677 1948 4549 4029 3465 3557 3908 1322 1837 1625 2598 3722 1324 2003 186 3820 4456 4431 1539 735 3952 618 2341 2423 1763 687 3729 791 2884 3822 4476 1056 1977 4692 4024 178 26 943 4598 4365 1776 1669 4247 1626 3912 178 1217 1307 1472 3464 2390 621 3941 729 2303
4394 4413 1936 2580 4934 699 2530 834 3412 4616 1826 2652 1645 3069 4959 2381 3566 1793 2790 249 3088 3047 222 494 2488 3428 2027 4796 2564 2741 3670 2605 571 4861 3018 1644 422 1547 3370 2500 1482 4897 1978 265 3370 1430 2535 4923 3671 4270 2105 711 443 2496 2753 2643 759 56 820 2981 2379 3494 1926 3184 1728 1916 4265 3462 4885 2651 1780 2036 4557 4756 97 1053 876 4342 95 244 571 344 3743 1617 1692 67 1607 2623 1675 2912 991 1394 4951 2508 2751 4035 4054 4266 4375 1357 2877 3035 152 392 1743 1593 1888 768 1498 2364 3484 3345 2987 3012 2996 1764 1961 4839 1824 3964 4689 3225 3663 267 2984 265 2121 976 2385 4549 1290 2455 4232 3548 2116 3020 2517 2196 4935 1556 3344 3815 368 4196 3392 1108 679 3509 2671 473 2606 2816 908 201 645 1219 1990 3557 4932 1001 421 1452 3292 1263 2763 4386 2805 4599 477 4711 4049 721 4337 2167 2155 810 3357 138 1825 522 2432 4426 1273 1776 3447 214 1860 2956 4403 1612 2823 3885 1595 1653 4764 2592 3643 1962 1420 2610 3783 2737 3708 4413 1330 2192 4039 124 656 4872 406 3559 409 3890 2382 106 2067 951 2068 426 4042 4285 3262 605 4669 3341 1430 2185 2805 2016 2505 107 1519 4105 1493 1621 3792 4975 4559 4821 3261 4564 3813 2343 3324 1356 4206 1467 590 2376 2221 4765 1656 3844 2602 2734 836 36 2293 4375 1531 1023 3086 1187 245 2191 3976 2843 836 2276 1679 4507 2014 43 1521 4661 1469 4955 4719 3059 582 369 3216 3210 3877 3574 2110 574 989 1840 3370 747 1574 1493 1635 416 2659 2623 2513 3524
650 2112 4989 1072 3501 1835 1397 3095 2126 4322 4832 2699 1599 4959 4860 1757 1162 4840 557 1321 2013 98 4976 2957 2364 1053 1365 4143 4225 4491 287 1822 4390 639 408 852 904 1168 3732 3338 1413 4734 3569 1891 4639 2745 2236 3238 2370 4056 1390 1424 4465 4165 781 2700 3275 991 4539 123 699 1358 2834 3601 4148 139 4497 1744 4440 1334 4566 447 4553 3532 2591 1681 31 906 753 3367 1421 1717 478 1280 3540 3222 4424 2038 4127 1414 2859 3156 226 1399 4166 4662 4417 383 3089 865 471 1533 4449 2511 1659 3159 3216 121 1676 4467 3264 3282 2274 1114 3073 4751 4956 803 2063 2584 2798 514 2518 260 2863 2719 842 3430 4434 2607 4809 3410 4462 4753 3869 1781 4278 895 29 3464 3118 3682 4942 3662 1964 2906 1629 3719 3793 929 3230 256 302 2319 1985 3070 2836 1520 4992 2365 3623 606 2006 2183 3911 1753 1825 4053 3377 319 4525 4597 730 4887 4936 3565 1547 3441 91 1207 1025 1867 4454 1869 3102 4048 2833 3771 3599 1786 4756 3123 1505 4569 3281 1517 621 3045 37 440 1934 70 4560 2090 4116 4932 1998 2869 2652 3371 1160 841 4940 2732 4399 3123 4581 1365 3644 2642 1132 2980 3130 1047 830 804 1473 3362 3321 3614 2527 4564 2983 4184 1246 688 2737 1839 608 3613 3943 2828 801 1056 2554 2899 1367 2466 1958 2026 3475 2859 4289 4886 1245 4442 87 999 2213 3180 1503 3812 4793 2899 4790 2076 1998 4988 4181 642 4753 3166 1400 3398 4660 829 443 1685 1152 3066 654 2092 3892 1809 360 4613 3238 1204 4991 3314 1742 2790 4791 1470 4199 3431 4294 4702 349 4015
4738 4105 2435 4853 1436 3333 115 246 2022 3881 4799 4798 1203 2381 1757 3291 2171 639 3085 270 2002 3552 4943 1939 687 2378 4096 1203 1668 4364 608 3619 875 2612 3843 1997 3411 3824 2743 3254 743 1020 3397 1586 895 3033 4669 2914 4867 420 1712 3249 489 3973 3671 2577 4246 3231 3585 2486 3509 4726 70 4469 2707 3447 4177 2737 4245 3975 2655 4554 4627 4299 3002 3879 3111 1007 1966 3722 2815 2794 1786 24 4229 1882 217 3804 1896 3781 4454 1152 4177 2825 3702 3978 926 4699 3121 1938 2129 1455 629 4674 2631 3816 4424 638 4459 55 2343 1735 4968 1247 4046 1463 2315 3472 318 4065 2681 761 4998 4853 331 4983 3384 2632 4206 2719 3678 1131 2065 351 1727 74 1911 3581 3546 1641 117 940 605 3166 821 4926 2455 407 3321 1745 3031 650 4542 2560 2702 3940 468 1745 3716 1070 1802 2078 466 3611 4829 2900 4267 2284 4965 4595 3659 1209 4112 1801 2213 1925 3265 4435 1992 4859 2111 490 1583 1103 3942 888 1975 2223 4655 4002 173 2954 2304 4108 807 2154 4540 4163 4438 3989 1954 2461 2419 3822 3111 4834 4285 3361 30 3804 1990 814 1495 1853 4898 4579 3168 2154 4885 703 463 624 117 4659 4527 3343 4014 3140 1622 2291 3333 1002 4050 1597 1037 3234 1679 1725 81 3676 2389 1901 3365 2685 3679 3621 2064 1845 2834 1605 4331 2389 832 3188 2421 2775 4370 1109 2808 3298 4180 72 2469 4527 759 524 2314 2119 3080 2572 3691 227 2636 449 3392 1425 765 373 4189 4751 1758 3812 1815 909 2303 4649 2537 3153 1986 745 4845 3996 3148 2291 740 2305 4167 2895 4100 4697
4003 3215 3302 3100 735 406 198 2403 1043 4937 1031 3470 2096 3566 1162 2171 1836 4214 1705 2318 1442 2129 4783 2222 712 2422 3631 1902 1148 1310 3064 1116 728 3020 566 173 4198 3459 1554 337 371 1301 1199 3865 4023 1117 358 623 4156 1834 4098 3240 3787 1407 3618 3108 4250 2025 898 2160 3845 551 2701 3329 2927 3110 1786 4007 120 71 278 3896 2603 4406 2358 21 4370 2174 524 3172 2487 1604 2430 2506 2191 2741 2786 1740 3066 4711 4018 3742 4088 1250 681 3717 3312 3731 2106 2561 3378 3747 4449 3921 3557 2250 3754 4786 3393 4462 2717 4419 2717 2840 3604 1914 4099 2967 1989 3554 3830 4215 3743 1797 1678 2096 1022 3930 2484 127 4451 1711 2548 1436 3689 2653 3896 1334 642 4478 2090 1099 1964 1829 4688 678 3904 412 334 1367 4918 811 1179 4859 1357 4793 4166 573 3192 2552 620 4545 1909 3836 1787 487 2127 760 1650 2378 4281 57 2898 40 2104 2591 2036 1435 1658 693 4328 3709 672 4502 153 2243 1584 4758 1475 1588 2003 1716 4900 1325 3152 3191 112 472 4065 1071 3119 4754 3715 761 3799 3513 2594 2753 3333 2316 3609 4269 562 4480 4278 1774 2301 2396 1348 4575 1820 95 3694 4485 1166 741 4240 4838 4610 1417 3830 103 1401 4743 4341 101 181 2474 1072 3583 1063 1564 1402 1408 3635 2773 684 4366 495 3516 2387 1115 1300 314 1359 1558 4941 3660 2468 501 4523 4588 1738 551 4171 3478 974 3083 1059 451 2947 2547 1946 1369 2600 3752 3246 2777 2903 59 4740 4724 4590 779 2488 4791 968 779 1940 1258 1836 3687 316 3849 3626 942 1442 1291 1947 4329
4625 2643 1916 3587 3207 1757 2740 1357 1446 2083 1168 3789 163 1793 4840 639 4214 3578 783 2231 2792 2146 713 2019 3805 3855 4365 4340 2331 2955 2671 2212 3452 3569 4945 2339 1268 1491 3098 602 4299 179 1114 3213 1322 2442 3872 107 2562 1815 1573 2829 3299 3959 4889 2228 236 1652 2287 2584 311 1420 1181 1275 2297 3947 2275 923 2772 3190 2589 1361 234 3760 4763 1599 4926 1572 753 3725 783 2779 2127 4943 1613 1703 3962 4279 1353 2814 3129 2474 3406 4419 3319 1108 3172 2214 587 3912 2658 2024 3210 746 513 2800 2975 4900 1400 954 3289 578 4161 4179 1543 4375 1550 4635 4813 3439 4927 2718 1524 1507 906 3889 2622 3303 4120 744 4570 558 190 1998 1003 3182 551 2837 3911 2435 2160 3327 4616 4013 4261 195 4452 4397 1593 882 843 1978 3318 1104 861 1438 4247 1747 1266 4780 2480 4511 3630 3047 4088 4057 3319 2280 1588 1725 2007 439 2860 2332 3570 3105 3667 3251 3123 2543 1299 1080 1298 3818 2130 4266 4112 560 4842 3990 419 2172 1989 805 2408 1946 2106 2286 1290 2898 1945 4945 2573 3205 2534 863 2722 1472 3040 2249 4695 3597 620 4828 226 1689 171 3652 728 3015 2444 3598 4191 1982 2649 2679 4724 2167 799 755 261 2058 1411 3336 814 3939 2205 4765 3685 4068 2430 4495 877 2392 2005 861 4992 4816 3964 3045 2140 3943 1908 641 4035 3877 2691 411 4348 1831 394 2378 2595 432 4238 3482 717 4011 329 4592 4895 3220 2717 1824 4407 222 2919 4910 1339 4817 3855 4358 3477 4250 2775 3218 1346 3022 4512 2257 4475 16 4590 144 3719 182 2753 3934 3192 4071
797 1361 4509 2812 4187 917 2769 1910 1626 2232 2717 489 3103 2790 557 3085 1705 783 3813 3744 255 2427 2362 2831 3545 1188 2292 3943 3908 4527 3384 533 20 4874 4575 3431 1365 684 32 4265 2453 2783 1600 4540 1460 2144 272 2149 2832 618 531 1877 4763 87 2408 1327 3807 3440 4324 3561 1945 2582 2631 3051 4521 4965 2096 4273 2889 4630 1871 1604 2011 123 1381 1725 2682 3229 3014 4635 591 3257 2139 2409 1308 564 2823 2404 3062 3380 2767 715 2358 1360 3306 4827 2423 245 3243 1463 1994 2360 1049 4461 469 1756 3625 1761 3611 2746 1984 987 2256 4881 615 3414 1781 775 1582 2927 1559 2303 3381 3956 2651 2856 2645 2291 1841 2763 4778 2211 2200 3992 25 2672 4865 1665 3312 2667 2201 4768 4146 4907 212 1133 2091 2049 3671 3639 2281 3996 3914 4116 3312 891 3487 1885 3162 117 1235 3730 3508 168 1568 1399 2190 1067 4459 3534 4802 2343 2718 4312 386 2799 1131 4702 4242 3898 1360 1218 4501 4161 861 3905 3838 2931 3018 2591 604 679 54 4150 1718 3483 1686 2894 3223 864 1732 3088 306 3908 471 2791 3118 368 3751 453 261 4478 3600 3159 4557 3983 2623 3217 804 3259 4155 966 77 118 4475 4329 3003 2738 1398 4300 2680 3953 531 3622 3607 2766 4962 1262 464 2906 3066 3320 4408 1289 4587 178 3950 2416 3461 2042 3726 2531 4330 297 1204 3785 3936 4031 225 1954 3636 3130 3189 2348 3874 1396 4809 704 4846 309 4314 3882 2501 1050 4831 3808 1359 706 2757 4818 3853 4456 3849 4304 2686 2429 3566 2778 785 4677 1915 620 4167 587 756 4560 761 2382 300 1348
2404 4758 1230 138 220 109 1335 516 1774 270 3643 1964 4377 249 1321 270 2318 2231 3744 1475 2013 3536 2884 3030 1477 1234 4497 57 3412 260 3234 4533 3584 4224 4416 1431 292 3479 1680 56 1054 1095 3001 1829 1458 4667 1251 1138 4586 887 1817 2156 3512 2899 4028 1556 1194 1776 760 3018 4762 4935 2491 2241 4979 2678 2365 4155 3010 1763 713 2441 3901 3756 1766 2306 3377 2982 4331 4228 2652 1049 142 4100 3375 1634 2194 4437 1484 592 3821 4554 4519 3359 2350 440 1678 4088 2743 533 260 4000 2080 4736 507 4184 3102 4222 295 4794 326 3894 4953 358 4875 4649 3333 3928 758 2334 3201 900 3149 1414 784 563 3320 4966 1557 4649 2833 3494 2977 4715 1113 3237 75 705 4623 2460 3032 4510 1369 3685 938 2148 4987 4704 1066 30 544 2357 1867 2912 617 504 4575 502 3664 1621 2098 2034 4124 576 4106 1606 2471 122 4151 1932 3311 414 3771 3535 756 1816 1610 4102 2374 2542 1194 4051 3253 3528 810 3746 2859 3502 1771 2189 436 3556 1754 3785 1275 2717 533 767 3510 3769 71 520 983 3432 2482 1235 4268 1826 887 2213 2234 4944 3431 1035 2507 2968 2975 3293 190 3801 2119 4990 1670 993 82 1789 1306 4115 4165 2880 2801 2572 1671 2995 2908 4795 230 2863 2952 2116 4998 4595 605 1219 1348 1245 383 1568 2118 2663 290 1376 911 2926 2102 246 4535 3446 2724 2814 2680 1711 4643 4469 4131 4738 3527 3271 2033 4167 1193 3823 1189 3803 3599 805 1651 3562 2430 444 4334 1198 4311 4645 465 1018 3996 1283 2762 585 1944 2865 4545 4602 3090 4689 3411 432 4351 2220
2739 1110 4842 3130 216 1517 2691 2897 3861 892 2994 4953 1456 3088 2013 2002 1442 2792 255 2013 954 1571 1970 2283 3959 4246 4840 4220 1622 3794 3630 428 470 2775 651 4340 4331 2771 1087 1588 3517 3932 3995 4793 693 2898 2502 946 779 2072 1816 4199 2243 1433 4465 55 1035 872 2879 1144 886 1975 1236 4094 3998 904 3564 2678 4326 180 2265 3493 4785 372 2369 3343 2950 4833 3609 4741 1925 43 4365 2218 1662 1044 4413 3187 1746 4366 1371 678 3915 3967 240 1823 3372 2107 1465 1897 3535 3129 2435 4980 4055 1178 4492 2985 622 728 1032 4758 2532 678 224 2684 1928 3982 1472 2251 776 1393 1990 4660 2463 2466 4308 1145 4874 213 3248 1274 3415 2171 3326 1872 4386 4967 1685 3198 2532 4354 4489 3964 4580 3883 3655 3201 1693 4807 1702 3289 3669 3729 4006 1584 1950 902 1804 3790 2621 4829 4188 3662 4922 4123 1922 3894 4982 663 1377 80 202 217 64 4229 370 352 777 2821 1780 1927 2093 898 1537 11 2363 957 835 2448 4597 4281 1893 4020 3200 2433 1980 2478 768 1145 1075 4067 2378 1168 959 2572 1455 2283 112 2010 1112 1357 1407 2409 3668 3163 4388 578 2338 539 4439 4848 1470 4742 2419 1889 121 3799 3554 4207 1746 2546 651 140 2970 4455 1657 4876 2219 507 2729 3035 580 4260 2642 1650 2282 1874 1728 733 1031 2882 4088 4211 1890 2519 4807 180 3980 2961 3596 1133 3170 4688 4737 1218 3323 251 2958 1420 4454 3333 233 1821 2474 3339 4598 3142 1729 4581 1755 4036 600 3361 3991 3642 2528 2535 539 3606 934 1386 3718 464 3571 4211 4409 475 2160 3486
2884 723 3047 3562 727 2195 1055 4177 927 3337 2226 975 237 3047 98 3552 2129 2146 2427 3536 1571 4079 405 2238 4058 517 1030 848 3643 3125 4674 1039 1726 1182 961 1126 89 3670 1133 2821 642 3989 4527 4114 3253 1225 3661 994 315 3497 3489 4445 928 949 635 2664 452 1629 2360 3072 3422 167 1690 2148 3353 2371 1371 3052 553 4165 1092 157 829 556 275 1144 287 4789 4274 4644 3598 287 3560 756 4818 1509 781 1476 2932 2816 1750 2728 2264 204 1849 3436 803 2725 1773 1817 3750 450 1684 3559 1435 2771 1629 2683 266 596 1093 1197 622 2770 777 3833 4059 123 3485 4732 222 287 1946 781 183 1984 3715 870 1246 4536 2944 4003 41 879 2936 4506 1731 853 2900 3038 3665 1480 3028 3927 4859 4950 4022 4793 1265 711 2660 281 493 4071 3703 1182 477 4209 3161 4638 1997 3459 410 2343 4006 1284 4661 42 1471 4908 3829 4003 2521 1330 4094 48 2051 2238 4329 1910 4061 4696 2815 3728 721 3028 1972 1096 1622 4149 2339 2097 2388 3075 3632 1481 4370 3364 3667 3709 679 1114 770 152 4536 2200 3874 2476 550 1594 1478 348 3584 4275 633 3570 1747 1130 241 356 4791 2581 2050 1881 2300 176 3770 3943 3218 2502 1809 548 4260 4512 3723 1011 3592 1370 1880 4233 3787 2855 764 4579 755 4435 3512 4862 1110 3012 2220 2509 11 1328 1044 4779 424 4647 2434 2112 243 4444 3799 3642 3296 3447 2960 3137 1374 4408 2867 3420 463 2727 4329 2914 2353 212 3296 4572 4179 2617 249 2741 775 1617 568 3553 2197 2745 4299 4687 2915 1560 2845 114 1798 1086 3702 1100
1376 4315 3397 175 4222 933 2153 4288 4692 1819 475 1618 4339 222 4976 4943 4783 713 2362 2884 1970 405 883 652 1849 3607 457 1717 2972 1987 1279 1216 1237 403 3921 3416 4753 3216 379 3335 4913 384 746 886 2620 2982 2636 1444 828 1804 2148 1340 1312 4293 2947 3624 598 2090 4729 1041 3729 46 2028 1247 765 2277 2356 4148 3861 2551 3087 2727 208 24 757 2154 1453 398 3649 3277 2535 4506 280 748 1757 1721 3037 3497 832 3913 4343 4991 2530 1557 3285 1730 2060 2365 271 987 952 1018 817 220 3528 1098 65 3994 2414 1371 945 1092 969 1995 1840 3904 1251 1959 2968 2510 685 3397 3847 1575 1377 4441 1359 660 1345 4688 3984 3677 3266 25 1595 439 580 4123 109 4841 3254 2232 2126 2253 3814 1335 506 1632 2316 3022 1142 1925 4418 4407 2401 3758 354 4090 1350 52 4225 2988 650 3330 1708 45 4315 1807 831 2857 2685 2867 2894 2161 1903 2331 4817 1602 4882 1026 3729 1535 2374 2605 1866 37 3732 1376 657 919 4290 495 133 4010 4690 2119 4764 1109 77 4516 4116 2718 2745 4568 4248 1142 2481 2344 513 3067 3324 69 2364 2842 4593 2010 2445 3794 4740 1085 3934 942 3085 3651 3827 3362 2731 895 3853 695 3745 1508 3179 439 3972 4094 4638 4341 2369 4938 4268 714 3829 733 4456 504 1586 300 877 4592 3587 1688 4131 4808 1263 3127 3443 3004 1487 4391 3796 2839 1380 687 2467 2457 645 1688 3098 2968 3550 3901 1099 4322 2486 1144 944 2747 189 2915 1151 3838 3923 1897 3273 1154 4443 4451 1544 1573 962 4811 1457 856 947 3734 921 1336 1658 1942
2435 487 3005 256 832 1849 1688 4637 705 474 837 1408 3730 494 2957 1939 2222 2019 2831 3030 2283 2238 652 1852 325 1966 770 4165 802 4610 1822 1862 1710 4038 4828 3253 4839 520 4094 4103 1124 4031 2823 2383 512 4527 4609 3467 4067 3236 1998 2155 744 1528 3810 4558 4252 4148 2842 3938 2238 4750 682 3486 4363 4752 2607 3868 791 4307 318 2364 4235 30 1408 545 3064 556 3764 1200 3144 2199 2497 4915 3287 3768 2775 586 112 2087 2350 2855 1880 4531 2935 394 813 1653 3126 1393 3630 1747 57 1668 70 2274 4030 3416 3648 3760 3948 592 832 4408 1146 4435 4694 432 2214 4223 4008 1133 4766 2193 4213 4351 4730 3123 2272 4831 3570 3703 4285 2934 3843 4794 4172 1174 4078 1378 143 2989 4570 1195 3538 3394 169 3211 4015 3709 2087 1430 1474 1278 1332 3790 3318 271 3865 1865 94 1340 3958 1283 2897 971 184 3010 2340 241 1712 2860 645 845 847 1954 3500 3789 4450 4801 3466 3758 2182 999 3164 3179 3335 4306 1133 463 4007 118 194 2205 453 1299 863 1538 4824 4601 402 1937 3378 4417 3246 560 2309 4965 2938 2717 1984 3867 2070 1641 4115 4835 4692 4788 2660 1349 473 4385 4610 2396 4105 4510 3059 2754 3918 4386 4351 737 4871 2911 2494 865 3987 2914 3925 4085 1532 1414 1392 4032 3104 3229 337 2835 4469 4036 550 1688 4378 294 3775 1253 4582 3239 871 3232 14 886 1308 1653 4115 4469 925 1832 1084 3863 1821 1496 203 13 4689 3392 4894 2343 71 3216 4283 3966 3603 2522 4102 2556 607 136 4364 1951 3446 1072 2687 2280 1812 1355 1930 1971 233 2349
955 3960 3597 548 3195 935 2495 2093 3622 4444 3984 3213 4436 2488 2364 687 712 3805 3545 1477 3959 4058 1849 325 317 1157 2084 1648 2080 1320 4236 1243 1354 101 1636 2421 49 2997 2391 3186 12 3937 3623 4870 1024 1158 1295 4136 2973 1247 2778 178 4309 3286 1734 2564 2372 324 2611 3588 1352 59 4881 1890 374 3659 194 4113 4933 3142 3913 3246 495 4465 852 4914 4353 4723 1043 692 3915 1556 4475 2588 1652 3794 3806 3944 4021 371 841 3653 189 1230 3978 1539 4655 2543 4463 3600 2222 568 3429 1903 4377 459 4093 2668 725 2027 2096 1784 3939 4767 57 1927 2246 4843 966 53 2427 586 1847 2817 1306 4011 2018 2810 4076 3371 1298 3146 4547 1295 4180 1242 1650 4124 4937 1228 3281 4818 623 876 3228 3435 3295 3734 1750 3825 3925 4535 2852 2092 4744 1324 210 1921 4674 760 4960 4173 472 807 4377 2860 3450 2943 3787 1798 1147 2003 929 4756 4330 1327 3648 3698 3486 3832 1114 475 3780 14 2216 3412 187 3964 295 4460 3808 4081 469 3266 3048 4821 4517 2986 3135 830 1612 1887 3497 3037 3866 500 1552 667 3391 582 134 4716 4300 3936 645 171 1396 1653 1829 565 1921 1139 3315 3873 1693 3189 3222 1285 1267 4149 3796 4645 302 3219 1472 1291 3815 2329 1799 1539 295 3073 1789 669 326 1133 2908 723 609 2706 4452 176 2696 560 4061 3452 3016 4519 4421 2791 658 3166 3365 2629 1219 3504 520 2704 536 4839 1303 4870 3206 98 1799 3494 1045 560 1234 3643 2802 29 163 4895 1348 1978 533 1001 4047 828 4646 4259 3238 3201 2589 4636 4862 980 3640 2541
722 2642 1856 2255 3034 1630 3115 4475 2337 1219 3077 4977 4560 3428 1053 2378 2422 3855 1188 1234 4246 517 3607 1966 1157 2716 3165 4211 4151 129 4117 4298 4073 2657 1711 4467 463 4829 2686 4930 2608 4135 1641 3440 1107 886 2563 4047 3772 2397 3585 1504 1918 3844 1068 546 1640 1828 4482 4581 3321 4150 4939 3562 4232 4874 2547 1440 496 4221 4851 3033 349 3861 177 4456 2823 2675 3858 4845 282 3992 3600 2287 4126 1365 4881 918 875 297 85 460 3667 2471 4695 2446 4813 4644 2432 4742 1047 3573 3446 1318 630 316 3323 3065 1320 441 4883 1032 3379 3333 255 583 1612 3367 4650 3621 317 2686 1293 4077 1777 1883 73 2074 4164 2551 2144 656 159 1035 1530 2128 1391 1451 3649 2068 2403 2277 1324 4214 2758 2751 4344 1189 264 3852 4525 1846 829 3158 1341 1436 2974 2438 1962 4424 2912 4389 683 3583 4086 2329 2329 3755 4483 4204 3175 3374 1156 1688 1696 3913 4453 694 3139 950 3070 2796 2568 2687 1188 2743 2801 2607 812 1257 3945 2694 2960 932 1731 2657 2592 42 4991 1709 533 610 4111 1853 4574 3614 1233 1421 4379 682 4649 3020 3058 4367 4501 4802 1292 2505 551 3053 3079 932 3819 4190 763 2540 2127 4022 806 759 86 1899 879 1603 220 4531 1644 749 2305 1211 4225 2167 4754 4174 973 4217 991 4024 4454 3579 4264 4576 772 158 4063 1106 2439 1799 3438 3547 1231 960 1816 426 754 2983 496 2919 640 54 1538 2632 871 4961 2467 345 4678 1239 164 3284 705 3225 266 4346 1655 2376 776 942 1149 1291 1120 2421 2781 4051 3749 2324 47 667 3719 779
