N: 300
M: 60
Symmetric: true
Triangle: false
5 105 136 300 293 44
5 233 20 283 214 224
5 56 157 248 167 94
6 285 234 163 282 238 97
3 102 101 166
5 277 42 195 246 35
5 216 121 159 33 18
8 179 39 176 15 200 128 213 124
2 93 203
5 92 197 107 62 55
4 164 170 84 299
5 77 245 272 182 73
5 70 74 225 81 189
2 71 122
5 280 24 13 113 211
3 135 228 37
2 138 265
4 247 267 287 298
6 286 209 292 181 112 30
2 155 220
6 11 199 67 249 52 19
6 16 43 89 284 86 47
5 236 27 160 54 207
3 103 178 14
4 108 145 2 41
3 96 90 256
5 168 221 242 4 143
5 139 186 31 266 273
6 10 68 174 208 268 173
4 162 201 115 9
3 171 153 192
3 237 212 239
6 270 169 278 83 223 75
6 227 289 288 290 80 205
4 243 22 104 271
5 146 177 12 148 76
2 274 262
4 276 252 269 218
3 57 144 259
5 110 184 156 109 87
1 72
5 114 230 254 99 126
6 141 137 193 194 28 257
8 125 191 215 296 133 154 8 149
6 297 69 106 63 217 175
4 202 196 5 219
4 251 116 172 183
9 79 1 23 78 281 17 152 187 98
6 264 241 263 111 65 21
11 258 51 66 50 46 198 6 232 36 295 120
7 130 151 255 250 291 7 60
7 204 190 161 275 32 134 64
8 100 53 206 129 61 235 38 132
8 29 147 59 253 131 279 229 91
4 58 261 260 88
6 210 294 222 117 140 123
4 118 150 188 240
8 45 25 40 34 127 119 226 142
5 49 165 180 95 48
8 231 3 244 26 185 158 82 85
1562 4852 1458 1165 935 4239 3752 4138 336 3111 1153 4099 1553 1178 2419 664 4007 3640 3050 2358 2000 4252 4588 4212 1814 223 3806 4352 2565 4517 1467 4737 2341 1311 4597 760 4320 971 4598 3337 4066 3209 1201 4306 921 1310 304 4135 3523 970 391 2160 3207 1428 2858 1246 2210 4517 1101 50 665 4138 898 567 4776 2933 471 3609 3624 4861 1579 3630 1897 4448 2222 680 4382 699 1875 771 4563 3399 1628 2029 4677 4806 1381 2390 1064 2630 1589 2471 121 129 3414 3205 961 629 3679 4432 32 2744 216 4703 3268 347 4459 1284 3808 504 2677 234 2038 481 2831 355 4787 3605 2986 738 4575 1550 656 1957 1442 1281 4572 4335 3666 4203 312 2433 2689 305 1979 4341 3188 4993 4703 168 293 416 371 738 149 4768 35 1347 1338 1247 4701 817 4860 2947 303 1235 1862 1750 3955 1956 1289 659 3881 2399 4762 2785 896 2564 4895 3678 3648 4287 1722 4534 2733 2130 1167 1153 2193 4340 4984 1661 3409 4794 3195 124 927 883 1439 3544 357 2342 1011 2334 2735 4288 319 4912 2071 1075 942 3945 2077 2371 2791 4003 2656 3542 699 2404 2167 2227 1520 3846 4722 60 4506 2575 3803 2884 1265 2556 4270 3072 3070 4672 1978 3546 1455 1320 4415 3170 629 2573 2511 817 3265 4278 3425 1888 2679 4116 4725 4510 1635 4989 460 3275 2193 4316 179 2345 4002 3398 3785 2132 4346 4084 1573 1219 792 573 4517 4682 800 2231 1325 1179 3875 4124 599 160 1892 1928 4189 4874 2073 1004 130 1439 4260 2479 904 1160 4783 4652 1442 2916 3643 4138 2694 1797 4365 3185 1011 1229 3925 4764 2993 3517
4852 104 1160 1076 288 175 2206 2929 3219 905 4121 2852 3071 1474 1689 3573 4274 981 3064 2117 3887 694 2587 988 2381 2148 1685 1673 3681 232 423 2451 1831 3033 36 3757 817 2052 2751 3251 2652 371 1424 681 844 3061 1607 2094 3509 3887 4587 4527 2083 660 3468 999 2967 798 2278 4732 2279 2477 3249 4002 1626 3896 103 4892 1282 4293 1309 2589 1253 1836 3440 2705 906 2487 3986 554 998 727 2709 2992 478 675 2600 998 4133 1388 4878 1674 1634 1454 260 2941 4847 1562 3391 3125 1199 1262 3282 2427 4562 2258 4865 978 2654 3575 4363 1844 3174 509 1910 2056 3515 3397 1826 51 1232 586 1794 3764 2959 2459 1311 1702 3744 188 280 3882 3036 3235 3581 4195 46 1217 2484 755 3538 4566 3783 2657 397 4274 969 4590 995 4650 4635 2103 1358 1449 3410 1527 3586 3985 1049 3192 4804 4357 590 4404 1290 2390 3596 3390 4869 2004 4835 1025 1382 4886 4122 1419 1512 2604 990 537 4205 1165 1719 2794 2075 1059 2520 3233 34 1559 3821 254 2365 4496 3757 3928 2797 635 1637 1474 127 1463 2183 2232 1637 386 399 2894 371 218 1082 1180 2482 4870 1555 2817 4814 1105 3850 3202 3658 766 1079 1167 1299 2285 1938 2536 1722 522 471 3230 16 4230 637 1973 3982 3067 1547 1036 802 3770 2123 4808 477 1035 3279 2052 1872 1142 347 4017 811 1045 728 2380 2381 4958 2711 4209 4837 4539 2829 1153 4362 4700 886 4905 3440 3105 3892 1037 1914 3877 1600 2828 1400 2218 1539 4851 4919 2673 1863 2916 2621 4475 2999 1065 4867 3145 4807 1962 2561 4625 1367 518 4560 2418 2885 3230
1458 1160 4571 4050 2714 3487 4649 4509 1482 2876 2452 3386 4263 1275 2989 4471 472 3426 832 1052 4436 3983 4531 2689 2584 3599 4325 126 936 2622 4099 2889 1137 782 2092 4298 1231 1228 2452 3971 4574 3480 4850 1763 1947 433 3280 3008 2682 4393 14 307 2509 4364 4073 1466 993 4864 1005 3678 2149 639 3725 3128 4308 4147 2630 2343 4356 505 4621 3970 3773 2520 944 4916 989 797 3862 2525 523 265 4584 2538 3295 2500 4337 3694 2979 824 2039 277 3198 2580 897 380 1289 3474 3691 3320 1271 1015 2509 3100 3626 3531 4717 3011 1461 3238 1594 2598 1385 3267 792 127 1229 3255 1734 4424 627 2704 2949 4071 2949 2633 1396 4411 2359 1051 2582 3330 408 665 1030 2668 2389 1363 2334 2699 1809 4446 1542 3356 991 2258 890 218 3197 826 2535 302 977 3404 609 4916 2481 3733 2968 525 3758 2726 2327 674 3613 190 1633 693 482 1227 4037 2852 1240 3324 2958 3545 955 1655 785 2444 1173 2864 3443 4351 4736 4609 3242 870 191 995 3854 2505 4527 4210 4137 1075 4775 855 1459 2936 2198 907 1223 4507 1955 41 2908 1591 3615 3135 1564 4458 2213 3360 154 1866 116 3838 3075 731 4817 1386 2556 1698 3280 4827 370 2028 2773 4671 1665 1560 1233 4066 3098 4987 1327 2499 2514 4155 4533 3917 473 4841 836 3994 2170 3329 3281 4228 4589 2373 3914 1288 4645 1991 117 3238 2952 3501 751 2734 4227 3154 537 1734 1801 1632 2861 783 1697 1821 566 4948 2318 660 159 3073 714 616 304 2642 4510 4428 4206 171 352 145 3422 4407 1760 2531 655 2633 2759 822 3117 4397 3149 4455
1165 1076 4050 1061 3063 1614 146 81 4122 361 3600 517 4967 3352 1682 638 3185 664 1312 4529 3175 468 1270 4390 2477 2051 3030 3928 3599 4484 361 201 1199 4126 3034 1838 3905 2985 4575 3333 3053 3738 3246 1143 561 775 1148 3521 4602 1181 502 4724 4666 1796 3010 3449 3540 2034 1595 1600 1651 4915 4357 1531 1497 2649 3898 1050 2561 2290 3216 1827 819 2999 283 4835 4395 2488 3813 199 564 2559 443 3708 3676 1203 4119 4175 1475 1805 488 191 69 314 1543 1808 2961 2929 2890 1404 2809 1570 3847 2289 56 4266 1666 4119 3250 4794 515 3033 596 101 2324 1999 3341 1047 1200 1541 58 737 2451 1269 4468 258 3769 435 4332 3713 3071 4728 1660 1056 71 954 3312 3307 1602 4492 2996 4471 4706 2877 210 1492 4617 4865 3186 871 4814 124 808 2200 727 1719 612 4932 3087 733 211 3268 3458 1032 884 687 2993 624 4497 3107 1292 2842 2269 3155 2059 3036 1833 4538 4531 3840 3050 1808 292 1738 2932 3033 2267 1533 2422 674 4815 2810 4644 3856 2654 2008 2823 4647 4192 2914 1775 4729 82 2896 135 4326 3026 647 2928 2838 4975 2328 3429 3386 2208 857 776 3160 459 3013 4525 4695 3967 1187 1589 3314 994 3969 1719 3393 4702 19 2328 2655 2756 1062 4995 777 137 2296 2294 4452 1653 4822 4973 4100 317 4836 3431 3620 4024 1722 4169 3715 2218 4208 4348 596 22 3699 4079 2761 1315 3867 2100 2425 4722 3686 3517 216 601 3320 2265 3349 3699 562 708 3297 3240 530 665 1067 3799 1833 2539 3108 183 2952 1710 3483 1405 973 1233 2530 1361 3963 4857 1090 4661 571
935 288 2714 3063 3619 3845 216 1238 148 3477 3899 1132 4276 2423 2090 4291 857 665 1630 1809 3956 3102 3425 4961 1887 3674 1721 563 4004 4029 3837 788 2009 4135 3067 2459 4287 922 2275 4954 152 3908 1409 2068 3679 2992 2151 1656 4298 4220 958 2633 4527 1939 3884 2466 1540 2044 1175 1713 938 1449 3518 2047 3025 3776 917 3909 370 2046 4651 1688 2609 2592 4132 2072 1859 3815 813 981 1870 3969 3317 3590 4155 1829 3825 4937 3417 3819 122 2958 4383 2459 3710 2259 2713 519 1453 4282 2187 3663 338 2020 2585 65 1240 4209 3590 544 2761 2767 3252 4399 4553 1764 2286 4568 4411 1957 3197 1449 3670 4883 2776 2618 3727 3541 394 2609 1103 2937 4673 1793 2624 992 1064 158 3482 3640 1587 4242 3959 1658 2124 233 3613 292 2357 4483 460 3386 658 2045 3426 1587 2037 2079 4110 1798 909 1333 1704 2386 1093 1626 1854 997 1605 698 3025 76 633 1429 483 3442 3578 4657 1121 1864 4504 603 1281 4580 4595 2890 1528 4929 4942 2160 4714 4717 867 1858 929 3658 3537 4673 3536 3481 3797 1946 284 3010 4009 4060 3744 289 878 1798 2766 2104 4603 4049 897 4287 872 3909 2243 2410 4696 4295 267 1708 1209 2504 1574 1421 2753 2432 3211 310 790 841 3519 4881 1833 674 691 12 3002 4593 270 4688 4000 1435 4255 2376 3684 840 4421 1503 4327 495 4584 3529 4452 4643 4506 147 3592 4678 4348 4569 4495 2290 1043 3051 2098 234 3262 4344 1291 334 1779 3749 861 2376 1028 3582 4882 4746 3435 4661 3298 4812 4691 397 4308 924 4449 2615 1414 2766 3722 2027 4626 4608 4803 4641
4239 175 3487 1614 3845 2018 3441 2485 3378 3640 4496 3518 2215 4807 1433 4616 3911 3526 4220 1762 2460 3616 2680 789 2651 4861 521 1246 473 3485 2746 2198 3148 3974 3503 2703 3732 2885 2422 169 957 1578 864 4755 3445 1065 3180 2755 1707 1204 196 4530 2022 4758 3160 4316 1168 179 748 3073 4358 4883 527 728 3902 2717 3582 736 4408 3291 3898 204 1744 2636 1008 940 4555 3477 2386 222 1055 1787 3626 1351 2223 821 4051 3168 90 2396 3412 239 2714 4190 2066 233 3152 2642 4882 275 2603 914 684 606 4368 4195 4637 1703 3208 612 2369 1301 1021 3268 122 1805 4194 2006 3833 1692 284 2642 1324 4495 4400 511 115 4660 599 767 3884 2545 4302 2064 4343 1371 2811 485 4130 1164 4638 2117 1692 1791 1406 2900 462 3650 2084 2900 4153 66 1102 3548 1710 2186 1225 488 1374 228 1173 3512 707 1094 3675 1715 3970 4657 1780 4403 2517 2331 4652 470 1957 2530 1568 2514 1095 3852 3791 3624 3542 4104 1446 895 1533 3817 891 1571 4615 371 2892 3053 1672 2142 4863 2066 4508 4643 266 268 356 730 1735 2997 3011 579 3560 1594 2728 4741 1119 4472 2470 4212 2347 1994 2952 4511 4418 2883 649 1570 4060 1895 3459 1541 196 3434 3434 3384 349 661 2794 2131 1270 2006 2295 1667 430 353 1564 1283 2101 4908 4575 2909 837 2405 1179 1534 4947 251 3907 1381 665 3199 702 1469 1396 4760 3493 1782 2847 3975 4024 329 314 3580 1087 1022 2336 3862 4006 341 438 2458 2966 473 1232 4592 2286 4832 3538 3797 3494 1960 440 676 1422 2548 2703 3538 514 3134 513 1151 1038 1087
3752 2206 4649 146 216 3441 717 3355 1905 4115 1046 788 2011 2002 4082 1626 877 1588 1380 104 718 4866 974 3339 3856 2368 2609 3105 4981 1122 3178 524 4285 1309 973 3596 4839 2571 2195 3847 3655 3336 217 4165 1780 2981 1189 2885 1058 2081 4576 4722 681 3322 2997 2554 3740 3012 253 4217 4688 2252 1910 1041 4556 763 3127 4661 3661 3437 3321 780 4677 119 2729 1041 3735 1415 274 3491 3145 1269 2903 1434 334 2101 1810 2987 1780 4469 3590 1176 4547 3212 1593 1716 1109 884 4079 3181 2685 2230 3727 3027 3741 759 607 1836 83 1372 2256 2752 2531 743 2191 302 2528 900 4544 817 1710 3130 4003 2932 3591 3234 1847 4743 4630 3333 291 2758 4175 3808 3087 3374 801 2211 2745 155 1331 716 1592 2328 3954 4555 3116 2104 3059 1977 932 4885 281 1343 57 4297 4662 4451 1860 29 3269 3644 3245 3535 4982 2332 3197 1268 1092 4908 2023 3447 112 3002 4913 2712 2840 4103 3378 2237 385 4794 3853 308 3143 4195 4723 3655 4172 4747 4133 1381 4222 2279 2713 3857 1262 1073 2628 2114 974 4633 1896 4794 1563 3923 3267 353 1846 4946 4998 3532 531 790 1039 3929 40 941 904 4646 3612 3968 3235 4073 3251 4497 2581 2987 4601 3904 4879 658 14 4438 795 489 3088 2269 1348 3221 3426 827 990 132 868 1970 1668 1092 3032 4896 3557 4843 767 4015 2091 2347 3524 1580 1666 532 1697 3677 106 1518 4937 4679 2446 1877 1526 340 3102 4821 16 4482 2915 3201 4869 3259 48 4704 2880 3627 1301 2811 4834 4515 2808 3796 2325 239 3873 2375 241 246 259 940 2932 230 827 3131
4138 2929 4509 81 1238 2485 3355 3651 761 851 2593 473 4172 3509 4234 182 267 3303 4239 1175 565 2104 4799 4520 3333 4822 2513 3695 2475 4980 252 655 1344 1000 873 401 4102 3613 3990 1971 3786 2749 4040 4328 2741 26 3088 2938 4685 2147 2489 1102 2685 337 1325 310 711 2354 1617 3637 3974 55 725 391 4599 2120 3087 4674 4456 1868 4302 2180 946 90 809 142 355 4366 2661 4434 4259 3537 2735 2473 589 1695 2025 2580 2485 3409 551 1328 1792 1478 3397 3505 865 2249 1602 2612 3699 1274 1363 4615 2887 4105 3638 3218 281 4289 474 3898 3058 2455 1458 4411 3129 3017 915 3175 4122 2236 3381 3932 3851 765 2215 4969 3733 4951 2480 2943 3442 2175 3280 503 3911 3677 3488 4166 2892 3329 493 3373 2553 4865 1145 760 4320 4673 3901 696 2753 2284 2979 1381 3657 4683 2850 363 331 2612 4503 1290 4793 1699 1160 2350 196 1078 4879 4120 1194 4242 2953 2658 404 959 3585 1375 1550 98 845 2524 2731 3667 3255 281 155 2718 1973 1238 986 2252 2613 4034 4893 2797 4387 1852 2348 3985 2183 531 1646 4755 4664 4811 4034 1488 2323 2998 1858 1562 1273 3385 4814 74 921 3979 599 1847 4444 1462 3744 862 3023 227 4964 2826 4388 170 303 4618 3552 4460 4086 1254 2805 1356 2828 424 3157 1247 792 2320 4733 3561 2402 2234 2109 781 1913 3540 1920 1385 1692 1403 2749 453 2575 4392 3248 3445 2911 387 772 700 2707 1246 2021 4389 992 2487 1088 1801 3719 4243 687 2205 2929 2098 4938 591 4010 2960 3361 3754 238 650 149 4025 3299 1926 474 445 4299 3279 574 4276
336 3219 1482 4122 148 3378 1905 761 466 3820 3125 3964 139 4190 4686 2535 314 4814 3441 4936 3415 1120 1087 740 3848 1588 2129 1755 1776 4126 2639 3378 3928 2883 3765 4331 2702 4078 4984 703 971 3522 796 2109 15 2561 4077 4877 4603 2372 187 3761 2602 3743 732 506 475 1034 3216 4412 2708 3523 3465 4543 3035 909 607 2839 2406 2669 3845 4180 852 797 3318 1096 143 4278 4521 1422 2203 1287 4254 4132 1462 1151 2634 3459 2823 722 3403 4822 3558 56 2649 490 2844 2282 2257 2393 935 3511 1231 4819 1679 1495 1095 4022 144 551 839 3133 4253 3479 4619 3962 139 160 105 2922 1412 638 3624 4564 995 3801 3808 4967 3442 3934 4036 1457 1374 4153 4233 2892 713 3677 2772 2469 4259 864 3584 385 1477 3608 2224 1504 4593 2985 1687 4380 107 364 3095 1924 475 1147 3084 4792 610 3662 1126 4867 4523 3549 1237 2525 3353 1375 1095 758 3209 2326 2213 1097 3142 2016 1249 673 4515 3052 3384 2415 2229 1126 709 671 3897 1687 4459 4291 965 1030 123 649 1059 3228 741 912 58 1414 4434 4135 4730 460 1592 3922 1079 4228 4199 281 1795 4021 1600 2662 1746 3889 990 1446 3281 89 771 2642 490 3152 179 1660 1972 2506 1222 973 117 1463 4592 4722 1199 2575 115 2528 1915 4186 2933 4493 1996 2169 2054 2289 706 2686 1297 1574 1066 2595 3252 380 3199 3882 3439 2822 2492 2304 4553 1806 4584 641 4143 4041 3152 1897 4525 4628 317 1677 2564 927 4132 639 1964 3415 1484 4035 2984 2606 4666 1123 3582 770 3575 620 1404 1723 4287 596 3655 3357 2192 1404 1000 3876
3111 905 2876 361 3477 3640 4115 851 3820 4747 4907 4002 304 2547 3548 1732 1063 65 713 3796 2299 2195 1070 963 429 3398 1820 90 402 473 2726 4364 115 2713 3459 1263 3289 2616 3798 4406 2442 1904 1680 894 1927 414 3103 3051 2022 861 243 4850 155 614 4623 3855 4080 793 2141 3669 1830 2115 513 3731 1448 2078 4710 3554 4404 3535 4852 2589 4029 658 3770 1273 2649 4125 1256 4880 903 4648 4693 792 4187 1343 1982 3805 4738 1750 4012 821 1889 2614 1426 2055 1725 3411 896 4433 1590 4520 4613 4939 3290 1187 3792 4608 4657 4631 3222 3469 712 534 3659 1901 3751 2858 1222 1206 1228 2275 2253 2085 3260 617 2063 622 4562 969 285 4088 563 3517 3542 273 4355 1313 1149 3407 4612 1417 4360 4776 2499 1727 114 3042 430 47 1638 4809 104 3400 947 177 3841 4969 47 2024 511 1424 3128 134 2013 188 3830 2766 457 3859 4974 4512 4061 4503 1006 2054 4242 2738 3349 2637 930 3807 3687 1847 3113 3727 3874 4724 4353 3844 3724 3069 2784 4248 4396 257 4380 2913 4671 2368 207 1930 4002 3073 363 1712 4754 2758 1704 4562 1608 4791 4089 2337 3717 4363 1204 2016 3924 4877 1522 323 4655 3861 3984 637 2838 2127 673 2801 3152 1535 223 1519 4402 4145 1601 1384 440 567 1994 4671 2174 3716 4826 2234 680 559 1846 1214 3161 2487 1949 2021 457 936 973 4979 2532 3063 3089 106 2097 1858 292 3965 4480 639 627 2971 3973 3915 3602 4806 2176 2016 903 4645 1519 1293 2664 955 3897 3120 1158 720 3056 3383 1027 4357 727 3414 4292 2138 1074 1207 3996 1570 3907 272
1153 4121 2452 3600 3899 4496 1046 2593 3125 4907 2396 707 2227 4555 1301 1088 3880 1651 1623 760 738 4121 11 2345 1316 3466 4345 1108 1940 592 1213 1829 4434 73 3543 3291 4900 2138 924 526 1030 416 4889 1316 3499 1476 3931 4295 3434 4773 1728 1121 519 4887 2980 237 1191 2233 4307 432 4342 4206 85 4815 318 3965 172 4858 3614 3274 3029 4804 1980 1121 1820 4320 716 1150 1378 1020 125 116 2693 1183 2709 1964 2999 4613 4727 2351 4530 343 1580 1459 4026 3861 2288 3944 4646 1378 4590 754 2810 810 779 417 1018 616 344 2041 3939 4856 263 1599 4311 1881 703 1089 1798 1152 3231 2684 1980 3177 3463 2059 4358 546 4313 1954 1174 4984 488 64 780 1817 3971 511 521 2940 2674 4711 2610 4578 4298 4018 507 1489 20 978 4721 1292 3217 352 1660 3442 4044 4983 3870 1960 2150 4328 1901 4307 1777 3605 4900 3328 2673 605 2309 4561 1258 4896 167 1573 2309 1297 3707 2573 4202 445 1159 1275 1995 2058 1281 3457 1688 3252 2069 1419 174 4434 4817 3230 3580 638 143 3067 1399 937 2894 2360 1762 1303 1679 2481 2782 1742 926 3949 3395 3034 4648 2869 3327 2211 2804 2974 3486 1234 2103 2619 1697 4605 2494 1319 2757 1477 4772 2837 988 1462 795 1704 3316 959 2346 1505 2448 859 266 2699 48 4312 3863 4758 3189 893 3379 4639 2682 1477 2315 4193 4893 306 2567 330 4254 623 4401 4712 3479 243 2388 1650 4146 137 4074 4881 4809 3365 716 3931 3695 444 2485 4917 2867 2517 4760 607 3848 2981 1293 1424 1812 4164 2370 215 3013 1576 1665 1687 1036 4135 2490 140
4099 2852 3386 517 1132 3518 788 473 3964 4002 707 4765 1079 1493 2862 2774 4299 3347 2207 4795 4517 1748 291 99 4796 2554 1683 1314 4815 3191 4695 4455 2619 4418 4028 330 1324 2649 1262 4920 4832 3539 3865 1131 439 1432 3731 1620 3489 2359 3141 4289 1595 3360 1577 4150 3047 3390 2237 1106 1703 3438 772 1188 4700 2215 1406 2527 3114 2092 3559 457 559 3805 983 4205 4729 3210 1641 4641 2274 3568 2501 2123 3302 3063 1718 3929 2667 563 1911 1494 4778 873 4065 647 3403 2450 1955 4617 1056 4641 3167 2298 320 1079 2443 1376 3157 4275 4679 968 1123 3658 1304 2633 3687 2390 4570 4771 4113 3785 2744 900 2795 2064 3473 3424 469 3614 1816 2421 2252 2818 3688 3133 4480 4798 4429 4771 4735 1399 2253 2061 825 843 3963 2973 2634 1407 4891 3121 3350 2081 2778 1891 4419 2459 4549 1524 4025 2073 761 186 88 1632 860 4946 253 3768 2115 4431 4424 1310 4632 3182 3930 4792 3663 3304 1109 3261 3247 4069 376 2944 3020 1506 4762 3815 2140 4501 2609 4683 1368 2623 581 1229 3747 1466 2237 4996 4350 1486 4678 1314 477 2243 1186 2391 2154 940 842 10 2298 3056 4630 1159 2577 1466 2302 820 1138 4583 3792 1246 2360 1775 1489 4833 460 2606 306 184 600 4484 532 1098 4880 2925 2328 4417 2614 1986 4300 4016 1062 377 1090 1909 2937 2728 3854 2144 1896 4998 1816 4265 4518 2005 4600 2344 4722 1088 3223 1270 2446 151 4034 3269 2771 412 910 3899 4199 2620 1180 422 2817 157 4367 15 3197 321 36 861 3119 1775 257 2772 168 3769 266 4294 2031 4504 2535 1778 3451 2062
1553 3071 4263 4967 4276 2215 2011 4172 139 304 2227 1079 4736 808 4693 26 2006 2508 2347 2512 2142 859 17 4955 286 4766 4514 4780 4398 1534 3226 4969 4303 4580 668 1162 4840 290 645 1880 2393 1577 1621 4431 2588 840 348 3244 1962 341 4157 2270 3458 4634 69 4793 2524 4729 4581 3356 3650 4892 4335 3868 388 521 2454 4759 1123 3230 1996 571 3234 339 1745 1426 4900 3332 4016 1855 105 875 76 4736 3247 2855 854 1977 4824 1670 219 2894 2969 679 3112 879 3996 2913 1207 1498 3112 203 830 1378 3738 4836 4632 419 3646 4678 4010 228 4369 3317 2978 4826 1292 2626 41 3558 2300 4348 1894 3924 3209 146 242 1921 27 4057 340 3656 3091 412 3059 2266 2390 58 1373 2028 694 44 1237 2941 607 2389 4453 2563 4574 3283 4460 3959 1553 2852 1493 3214 2544 4425 2506 1281 2275 3872 2138 3616 3816 1438 4460 4135 100 3023 3302 3603 3150 2608 3384 2053 843 2976 3946 1745 1121 2815 820 380 4021 629 30 664 69 885 891 3057 3484 3493 352 3732 3282 3420 3682 3048 1475 119 2745 3670 570 2560 2304 3693 4463 3949 3866 1493 2198 2507 1748 188 1998 618 1753 618 630 2941 3231 3716 4581 2038 200 2253 875 3318 4553 4703 2794 310 3062 1907 1282 1787 4024 4197 4885 3978 663 3123 4426 4867 1756 149 2720 3626 3941 2103 1583 4912 4082 1834 579 1953 4201 2625 3357 1055 2224 3967 2900 3565 1345 4491 4728 1895 3271 2261 2811 479 2521 585 2770 703 1735 2864 4687 2595 1020 2945 1301 2782 1678 755 1703 2908 833 4942 3803 1832 3207 1876 2381 4596 2135 2692
1178 1474 1275 3352 2423 4807 2002 3509 4190 2547 4555 1493 808 2449 1797 1215 2616 2875 1872 473 3294 684 1648 940 972 3644 4185 3312 3693 1030 141 3244 2415 4233 4079 3723 4482 4155 597 4464 3677 4793 2002 3293 3175 2772 2076 4413 2158 2754 4802 1374 3982 1679 2078 721 2003 3997 758 1547 1251 3489 3957 3067 2562 4568 1806 3592 88 2538 534 3520 2096 244 4258 2080 3186 2612 1977 3520 4943 4173 2855 975 726 2721 46 2003 635 1199 1045 756 1452 3411 1221 3450 1053 1891 2769 2095 1117 956 4098 4544 4532 2863 1553 798 2540 4780 642 3968 830 1172 463 2665 1670 755 4907 2598 2182 3622 3711 1929 289 3365 2930 3590 4052 2153 4606 3017 882 4041 819 2546 3519 2583 4680 2720 573 3929 1582 3114 547 3461 3085 4287 1159 19 556 2212 2647 2289 2939 661 278 2842 2523 4252 2198 3970 2932 4632 824 630 3032 3432 4371 1564 3192 3504 1301 4686 4351 1817 4073 1905 1471 80 1166 840 3100 1845 1053 3858 2918 358 4708 2385 1995 249 263 894 592 4535 644 167 1580 349 773 4006 768 2206 4859 2320 2170 1959 4904 3643 1038 1566 3898 576 1402 1123 389 2209 2667 2197 3650 885 162 830 707 842 1126 2103 2444 1111 2793 2531 4006 4955 54 2116 3224 221 3132 2242 3333 4053 3557 4853 1436 649 1683 4196 3228 2413 916 2434 1952 66 2199 1512 3117 168 3320 1998 3413 2810 2773 1393 4771 4690 147 3799 3486 107 4614 515 1132 442 3409 2930 3935 1988 332 2861 3873 3316 4017 1584 93 63 223 2355 666 3891 3659 4667 4199 3274 4740 3179 3058 4484 4337 4103
2419 1689 2989 1682 2090 1433 4082 4234 4686 3548 1301 2862 4693 1797 3821 1716 4256 3781 1683 2040 47 4838 174 1619 2776 753 3217 2889 4429 57 178 4513 1836 3369 4462 3983 3813 4147 918 1893 1868 3187 2062 4446 4717 3719 3343 3056 3586 3943 1268 2933 2050 1071 2313 757 2984 2752 843 3190 2822 2011 3418 1107 3908 2104 1592 3375 1579 12 3205 3731 4955 713 505 2908 1777 99 397 1222 1458 841 1131 4836 986 2280 4170 1423 193 4871 2149 1918 4478 2634 59 1263 1028 2976 59 715 2489 1278 1709 1805 4334 3530 852 4998 3744 1506 1684 4953 1053 4668 4035 1893 2805 236 1449 3924 92 1988 1408 1303 3692 2073 2616 3002 3246 3352 1059 1006 2756 2172 4086 4877 4693 1679 998 2168 4830 2803 2716 1914 2027 3247 4797 2910 1718 2903 1071 1386 2199 4926 553 902 919 2454 3111 3650 699 3623 3612 3325 4272 1179 4846 4006 3208 2381 495 3246 1099 4583 3788 1846 4515 3117 84 1386 2920 2890 1810 856 2356 3562 2844 1187 105 1294 576 4936 3124 2017 4946 718 1066 4600 3702 2056 3305 2242 918 943 3200 37 1328 1940 56 3935 3893 84 1009 3173 2715 1948 4504 4577 1564 2140 4324 2766 1728 1363 3812 2777 2161 2428 950 4576 4803 430 4271 1926 1072 3065 1447 2454 2925 4152 921 2422 4172 3466 947 1412 2708 1523 3890 1792 4839 3818 1688 3573 3798 4785 1176 4509 1704 2067 3979 3940 2290 4780 3644 424 2662 1467 3795 351 3997 4424 664 2117 4477 2788 3782 3686 2143 4478 3197 793 2152 1684 4273 1117 1649 3025 2748 2445 34 1408 2767 1493 4683 1767 3180 3672 2147 1356
664 3573 4471 638 4291 4616 1626 182 2535 1732 1088 2774 26 1215 1716 3608 3662 795 877 4515 1506 2908 1538 2620 3179 634 804 1752 1602 1005 3078 2373 2350 590 4164 2960 1051 1382 2448 812 3259 1435 3319 191 2906 4833 140 3885 1974 2867 89 1354 2435 3431 2363 1567 3788 4140 2230 1040 2812 2483 873 513 2181 169 2717 4923 1837 3631 4132 3823 978 1572 138 1260 952 3212 3216 583 3172 1717 501 3935 4395 730 82 2453 54 453 1550 2664 4961 2837 1856 2587 4333 3609 4153 119 1937 939 800 2521 1120 1643 3554 3881 1487 2578 3497 2518 4270 3278 4774 832 2522 715 2103 2490 13 2559 957 714 3977 590 4705 2618 369 2916 2097 3938 2726 3469 2075 3127 1166 3219 1047 3451 2252 679 2652 3088 1689 4397 2521 2988 135 2339 587 4534 4627 861 2360 316 2615 1515 4474 2364 895 3506 3921 3272 4941 4520 4001 1750 3055 4065 4247 883 3932 3862 3839 285 3847 2717 1130 614 4116 3608 2282 2722 2275 2134 4744 3141 4729 3023 2153 3246 4061 3640 160 4456 431 3771 4975 2576 115 1871 2324 1136 1761 522 4517 2816 3940 2897 4479 797 2312 2926 2308 1387 1277 1434 2671 1595 2596 384 3434 946 3635 4222 3022 4687 2938 4758 4354 478 1174 1015 3581 4067 1373 32 794 3692 3150 4667 1920 3293 3524 4142 4093 4076 4138 407 212 149 4557 3558 1839 2420 4691 3140 2610 3858 1130 2795 3434 1961 30 4926 1967 1957 2823 3322 2477 3454 2570 941 1151 2112 2608 4269 858 4698 2869 352 3509 712 3065 851 3402 3193 3568 4159 2864 4101 150 174 3670 238 2063 3158 3919 2325
4007 4274 472 3185 857 3911 877 267 314 1063 3880 4299 2006 2616 4256 3662 386 2688 2227 2680 627 3340 2976 2070 4856 1828 2016 3794 1345 2614 2100 2329 4416 2842 4539 4552 967 4376 4246 4560 3482 1012 4001 1451 3471 3781 2063 2074 2459 3483 4608 4147 3232 3285 2561 4835 1924 4270 3884 4259 1574 2214 4222 4731 2209 48 943 2540 3081 4396 3130 4745 1040 1143 2961 1315 880 3645 3448 3395 3267 781 926 691 3703 391 4684 4917 56 860 1355 954 2898 3722 403 4674 3641 1173 448 4067 204 1370 3754 4218 2113 153 3149 3309 1798 687 1371 1483 732 2364 377 3454 2422 376 4145 1935 3587 1858 961 2589 4309 1202 2860 867 297 4029 3306 3944 517 1895 4139 627 3231 820 963 4620 4658 1141 2956 4302 2315 1078 370 4278 4093 4812 252 3119 1340 273 1054 465 3662 2601 777 2591 4432 4111 1789 2642 395 1390 3740 4524 318 3078 2770 193 4822 2783 3104 385 974 2485 887 1772 4033 3220 3657 4942 3756 1357 2195 2132 1218 2209 1667 312 1883 3732 3581 3865 2357 2652 2910 1568 3909 2026 1731 2906 2769 1951 1129 1628 2518 2542 3739 2904 3120 1859 1832 4689 567 22 1084 4833 2240 70 651 4760 4073 2716 2754 1437 2824 1854 2291 143 4393 2506 1659 2603 61 3351 3482 3625 103 1976 457 2230 4213 3366 4134 4737 4573 3028 128 3449 910 3195 3407 4556 620 3399 3610 1455 3901 183 3102 3296 200 3921 1732 41 1973 1438 535 4610 1407 1748 1799 4542 3639 168 1512 2155 986 2969 2642 3938 762 2677 1783 563 4901 374 3097 4231 2909 2547 4952 4499 214 4948 1899 4001
3640 981 3426 664 665 3526 1588 3303 4814 65 1651 3347 2508 2875 3781 795 2688 1142 2651 108 2401 565 819 1447 1723 1075 1134 2885 71 4063 1506 2902 4326 4768 3527 3719 3907 4379 2409 3637 70 2061 3653 3317 1518 1536 2607 4286 2700 3581 900 2483 132 395 1722 1788 2057 3649 1606 4119 4156 4576 2545 4836 2646 3907 2170 2151 3126 2832 2752 450 4980 3696 4033 2812 4743 2832 327 3340 4224 4343 4693 1801 4195 2628 1362 4131 1943 1461 3133 1780 963 621 454 2528 3355 3026 1797 2880 2379 3601 3700 1390 2124 4543 446 4132 4352 1213 116 4217 4885 2407 827 4031 2821 859 2651 1005 3934 538 2038 2311 1236 2485 3178 3782 498 3279 2221 2992 1721 4755 276 469 1431 2321 92 1832 2889 55 633 577 230 4798 351 4657 4267 1277 453 131 4120 1474 3635 1820 109 3680 401 2025 2096 2217 4500 1968 612 1344 4170 2627 4288 3930 2899 4103 3638 718 1682 3526 1457 3426 3406 4757 1032 1226 1517 3596 1971 4574 1457 1727 4255 764 1818 1456 3139 1288 2711 548 3578 4336 3213 3376 1142 3002 116 4776 631 4728 2646 3366 1645 334 2873 4562 4999 4275 721 4531 4369 196 1556 2622 1647 2376 1147 2943 1623 1807 3693 355 4819 2889 1794 4797 3466 983 2274 1804 1675 2017 4453 4172 2369 244 3845 1833 1024 558 1520 2310 2815 846 1224 4570 712 66 3829 38 3107 3386 3075 793 3182 4661 1016 2772 4728 235 677 3882 611 3703 1532 298 3060 217 1091 2652 1440 2851 2273 3580 3639 3158 827 2425 192 3163 3941 3691 1917 3689 4500 3541 577 1672 168 2432 3012 1685 584 3548
3050 3064 832 1312 1630 4220 1380 4239 3441 713 1623 2207 2347 1872 1683 877 2227 2651 11 424 177 4082 3115 3430 3365 1744 4646 1037 4244 2969 3893 4868 630 950 275 4846 1742 3177 2440 2505 3363 78 3973 847 4180 4591 2053 4458 4695 121 3408 216 1617 2876 1235 1546 2309 2426 1879 4080 2835 4738 3431 4625 4717 603 1479 1169 1934 2679 1618 3114 289 1439 1786 3786 121 2384 769 271 2280 3488 2347 1203 1246 4744 3730 2574 4311 925 4073 1164 1909 3108 714 1579 378 376 3875 4903 1345 1594 4129 876 170 2769 4197 1058 894 1025 1074 2078 2986 4100 1668 978 4689 1984 1491 1101 2332 3089 1491 2677 4573 1337 3325 3167 3223 1620 43 1039 4790 3191 1822 1838 1606 4348 3719 4105 1117 3058 1156 2813 1529 1757 1037 2261 4035 4599 3686 3483 439 3116 3915 1056 4920 4900 4281 1572 3326 4362 2363 2088 4622 1465 493 3467 415 4794 3825 3333 1865 818 3170 1872 1862 391 4904 2400 3228 2395 4202 4546 758 4687 897 2243 1225 2582 2281 225 105 2568 1950 3819 3001 1732 1813 4286 1438 878 361 3824 4328 1288 3859 4652 1670 4040 1868 3160 4955 2417 3726 2758 51 664 2716 1277 3797 1133 3721 1600 1245 528 4411 3069 4542 2381 3596 3834 1496 2872 88 428 4672 3784 3626 436 1687 4610 3273 1915 1236 319 2594 4072 2251 4995 522 1725 3836 3383 271 2544 2337 4684 197 1688 2683 4180 3039 1248 798 281 373 973 2090 3132 2144 2564 1386 2912 2229 1955 1181 728 2744 3120 3104 4397 4498 2490 4078 20 3528 1440 3632 3849 1491 4281 4336 505 4751 2268 3380 1988 1149 1899
2358 2117 1052 4529 1809 1762 104 1175 4936 3796 760 4795 2512 473 2040 4515 2680 108 424 4696 2680 1247 1008 938 1491 2859 4551 3794 2718 1123 4033 3424 3368 4595 228 102 2523 3379 2585 2380 777 3516 285 457 4572 4442 138 2268 1110 3381 3843 1894 3255 3372 4899 383 4583 4856 1268 3042 1693 4866 2742 2376 3765 847 4299 2966 4104 4260 3398 3389 2131 3775 766 4651 3109 3811 1785 155 3794 842 260 3962 4464 3475 508 860 3315 1363 171 3424 3686 220 4300 1956 3756 4598 1621 2939 710 4875 1099 3121 3650 1139 4206 319 4890 1004 1560 4635 743 4411 4296 1215 3644 2232 842 4233 3168 1923 4726 738 193 3495 2723 4505 982 211 2559 2700 141 2352 1489 180 4315 518 2706 2568 936 2018 1712 1831 3101 3271 2850 684 1179 1140 3218 1785 1174 2390 1542 4235 3029 3381 3526 4178 4441 4098 4706 1843 3609 4011 4048 2300 3348 2175 1065 4073 739 392 3679 4358 784 1125 772 4531 4497 175 192 1235 2130 1206 4072 3763 2148 1086 1423 1320 2107 3123 2894 1480 4768 3708 1608 2201 2217 1060 2102 4692 1399 2016 158 4270 3613 1636 3359 11 2152 3217 331 785 1574 1907 3452 3219 4339 1818 2608 4138 4095 1615 714 512 1996 1682 2443 1240 3148 2601 4858 4826 3518 3882 4758 306 1754 3681 3442 4436 2389 4096 794 2067 593 4067 3531 3960 4885 838 4234 4118 901 3409 462 3712 634 1961 3196 4993 4150 202 2898 2994 46 4007 463 691 378 4732 325 4954 2984 1475 910 645 4867 151 933 3275 2859 3495 1384 2219 4365 4297 4053 2050 2283 2208 4770 1471 658 564 1508 2063
2000 3887 4436 3175 3956 2460 718 565 3415 2299 738 4517 2142 3294 47 1506 627 2401 177 2680 1275 3748 809 2014 2647 2080 2735 3977 2928 497 482 3352 3152 147 3588 3991 1131 3830 2921 3415 2266 850 4749 1631 3016 3461 138 1438 3469 3081 2906 91 4468 3031 2521 1593 4806 3811 1863 3770 468 150 1254 1050 2325 4593 899 2758 2312 3428 726 263 4596 3924 1077 2633 1798 135 4110 117 257 442 4651 1042 1687 4216 2696 3943 77 757 935 1810 1797 3564 4254 2340 2972 179 4551 4606 4357 2136 4863 1135 4478 510 4705 851 3420 92 1953 10 3589 3080 1108 2903 3691 1725 2623 4866 2749 2589 1018 3291 4544 2354 2671 4041 1392 1078 887 3776 4478 1229 4821 2861 1724 224 2477 4065 1802 833 2012 3616 816 3325 4824 2804 1268 2782 4548 3230 1916 4493 3839 3557 4701 2592 3286 2810 4603 1733 4505 3516 1835 1884 270 344 2261 3805 171 1526 3241 2335 4332 2060 4201 2656 2618 4160 3873 3779 4101 1901 2189 1381 815 4062 3556 2264 2749 3910 2581 2690 4490 4571 1055 3434 1159 3392 2138 675 4013 1869 581 1910 4367 2705 344 2274 4375 4154 52 1216 2210 4374 67 4657 3880 4783 1550 3856 3543 4370 2767 4932 630 185 2974 4560 984 2674 218 2318 2576 1257 1143 2146 4746 3856 765 3382 4074 366 276 305 3582 3546 4453 2350 1484 4804 4236 3837 4103 801 4957 302 3736 2098 2309 1037 272 4466 1351 1342 1784 1859 235 3690 3205 3075 333 321 1247 3483 391 2094 1548 265 1497 3387 2680 229 4510 487 247 4567 3546 736 1922 2055 1352 3058 4643 1500 4719 3551 4632 863
4252 694 3983 468 3102 3616 4866 2104 1120 2195 4121 1748 859 684 4838 2908 3340 565 4082 1247 3748 50 1147 3793 2298 4439 418 57 2071 1921 3654 4196 4309 2273 2940 1735 4963 433 4499 1363 2714 4228 4774 1330 1434 1290 4714 322 1212 4366 675 1782 4055 2007 2566 3737 124 2512 3791 3807 2599 1346 421 1266 2614 4436 2680 81 1431 478 3068 3075 1119 4340 1862 1514 2117 1680 1682 1423 3749 315 821 4457 344 2137 2553 2773 4686 3698 937 1514 345 4821 3155 2281 4734 1100 44 4011 2683 1416 3310 4696 1924 401 374 3312 4144 4853 4176 2235 1855 4393 1189 3198 4919 2970 2535 3566 3567 2490 4919 1378 748 101 2056 3469 1430 3444 4382 3567 1402 4411 4869 2783 3422 2676 569 2921 1283 3828 2504 4026 2674 4589 629 2758 649 4311 238 3329 701 1482 2086 700 325 1874 4867 1031 3135 2698 2433 234 1568 2966 1315 1916 2527 4149 2902 1891 3344 2241 750 2171 3538 761 1474 143 4276 3416 2806 3195 242 4642 1320 93 2360 786 3413 3534 910 4295 251 3682 1932 886 4734 2194 4864 676 4905 260 3134 2980 3001 2007 4104 4691 4112 2516 4446 4639 1883 4086 4255 771 1910 4471 2622 776 690 3208 1522 3569 2952 2051 1280 1791 2251 4326 3051 2447 1619 43 2599 2686 71 2405 3851 1269 722 93 4619 2402 3372 3027 4237 993 1206 2092 2010 2975 1140 868 1189 586 966 971 133 3463 4919 3792 2312 3885 981 3770 3305 3986 843 1629 246 550 3717 1572 700 3566 754 408 58 858 1248 2989 28 4631 4904 4166 758 1192 40 1269 3929 3893 1655 3322 4026 1179 491 3669
4588 2587 4531 1270 3425 2680 974 4799 1087 1070 11 291 17 1648 174 1538 2976 819 3115 1008 809 1147 96 3354 1714 2071 2741 4816 1650 118 4679 1890 4750 1559 2846 1420 281 2061 966 1283 2076 2630 326 3051 1852 39 4324 483 1745 4593 3059 3548 4189 36 3708 1474 3228 4553 4594 2087 3105 1370 4866 1276 1902 3645 4340 326 1871 4898 3491 4733 4175 4580 1180 1759 4747 3268 1072 3062 2302 1192 2900 908 4712 4802 3950 3682 4890 3311 1937 4613 4580 1685 4768 2138 3075 228 1302 1630 4697 3890 1331 3457 219 2655 112 4369 1391 3167 224 2364 554 282 544 854 3731 4573 2855 1598 4617 641 447 3322 2736 374 1434 572 1044 1003 1614 3736 2515 4298 3853 3582 1334 4254 3924 2219 2135 1390 2536 669 166 241 3625 3862 4086 3772 2348 2341 1634 4766 4624 4257 3681 1054 3030 1937 1523 4549 4035 4160 1961 706 1067 4598 4933 3914 480 4001 2319 3743 4674 2348 2539 3342 3885 33 2962 230 2355 994 4843 2493 4125 1350 4705 2276 3822 1644 2200 2142 2940 2115 643 1990 321 4214 3115 4036 1371 1295 379 1666 2074 3950 3603 2830 3765 178 2747 2284 2693 4366 1934 3059 3525 1803 1250 2018 3952 4744 1781 2243 2671 3114 515 3477 2383 705 4789 393 330 2666 2080 1082 3152 2366 4071 3331 4817 2790 679 1820 515 4604 999 2089 1051 3624 750 261 4543 1209 4141 4008 196 3639 1312 4345 3472 4016 3065 741 4912 3336 3761 3144 1632 4693 2305 2005 1228 1577 738 4262 1136 3433 2762 1171 4587 4665 679 1415 4490 2513 4016 4543 951 668 1402 240 1546 883 4825 1193 4199 303
4212 988 2689 4390 4961 789 3339 4520 740 963 2345 99 4955 940 1619 2620 2070 1447 3430 938 2014 3793 3354 4284 4869 2192 3211 1544 3236 389 794 286 1640 3086 2671 118 2829 4567 4516 1395 4398 226 3160 2867 3610 769 3524 4490 1456 2806 486 260 3382 1424 3735 3746 897 2520 4146 1685 812 2297 1177 1637 3336 1098 493 498 1690 2737 4823 1172 241 4576 2044 2123 1152 1063 3208 508 4426 494 1801 4193 3885 3177 1115 2751 4478 2265 1388 199 4945 2881 1302 4917 2617 1395 970 4516 105 4199 4510 36 199 2415 2599 1534 1719 2550 893 3106 4814 3584 3746 990 3981 4672 65 986 2797 2582 4174 543 425 1184 3535 683 549 291 2235 1853 3346 1817 1084 4152 4331 4014 3496 4826 33 509 4713 4757 3742 1009 4177 203 1210 2116 2105 13 2395 4834 57 4117 300 2011 4900 2132 1183 4641 1761 1670 4506 2342 4642 1722 4920 1812 1980 3476 3056 2064 466 633 3208 1656 3211 1286 2078 1669 3160 1161 4866 4385 3278 2302 4980 4526 4398 4813 1466 2220 4329 837 2560 861 3319 4574 2127 1220 807 2476 3107 2110 4549 159 3198 2549 4971 2373 3590 4518 4861 725 753 2432 3772 1848 505 4519 2348 3102 3576 177 183 902 4066 1534 3739 856 3897 311 4446 3460 2536 1982 2417 536 3632 4719 3189 677 3177 989 1081 2060 1590 2606 3457 1822 2861 1805 4466 4034 834 3827 4316 2670 3419 963 2818 3691 314 4434 658 1481 3800 4298 1707 4826 4149 4151 4282 3825 3619 3972 2610 861 3015 493 2297 459 4888 4325 3068 726 1749 1607 4124 828 3870 4187 1951 2905 4829 3329 4067 1589
1814 2381 2584 2477 1887 2651 3856 3333 3848 429 1316 4796 286 972 2776 3179 4856 1723 3365 1491 2647 2298 1714 4869 3505 4560 1841 2613 433 3504 2390 3794 3166 3817 1548 4584 633 4691 647 561 2949 1606 3901 161 502 3330 1326 3395 4154 3913 4884 4121 3064 888 4783 2702 1567 333 3163 148 809 2240 2649 1460 1349 3238 504 4651 2054 2327 4880 1936 3084 4465 4210 789 791 689 279 1322 2168 4390 844 4498 3530 2675 4763 4339 1935 1765 3797 530 4046 1226 1338 2259 3026 2878 3232 4772 3301 1220 1698 2321 3857 3950 3538 4068 3347 2188 1928 1700 4651 258 4716 3648 2556 1909 4111 3602 2156 2794 340 3805 398 1841 1943 614 3273 2791 3981 2494 4146 722 4925 3542 163 3735 3082 160 1358 4210 1405 281 4236 1894 3135 3403 2940 1116 1089 2070 520 651 3095 2495 4570 779 1756 4252 460 2269 648 1567 1399 3944 1486 4203 1415 3361 2048 3312 970 3195 4206 192 2559 1061 2770 1443 3946 1664 2575 4414 2611 2201 2264 2307 1714 1331 4623 1408 3423 4241 2444 4908 3014 3201 2364 567 3135 2513 3989 134 4759 3636 4665 4473 414 1839 1201 2122 1887 3765 660 4028 3980 4479 3236 1896 4259 3477 2682 3732 1403 4155 4379 4643 388 2709 4351 1838 4414 734 3842 3241 4453 1415 4336 4589 4870 385 1388 2445 4674 1895 3053 600 2198 3357 2508 958 1031 2837 4822 3436 1508 1132 61 517 4427 2394 608 2600 4610 209 4841 4653 1161 1734 4934 639 2728 2854 829 4626 1189 1852 2331 591 1997 1003 1767 2210 4508 4768 1041 2627 341 1952 2487 3499 2661 2176 4474 1263 2315 1522 338 3623
223 2148 3599 2051 3674 4861 2368 4822 1588 3398 3466 2554 4766 3644 753 634 1828 1075 1744 2859 2080 4439 2071 2192 4560 2562 163 4654 685 1943 4236 3721 243 2984 1423 1301 4206 2404 3792 3735 2354 289 2216 3482 4882 2028 1935 1838 1097 3980 364 3377 2168 2351 4586 2374 2087 1315 4464 894 2687 4912 1102 808 3843 1506 4850 3574 3080 3608 1402 1140 3973 4122 2922 1610 1531 4854 2125 64 844 2432 1688 2953 2084 4702 3618 4172 3672 3147 4807 3450 1008 2134 1864 1146 1944 310 4554 93 4015 2482 2268 1009 466 4095 4985 735 39 3252 2451 1358 2177 548 2475 1049 2229 4263 1411 1938 2565 3685 3156 896 2662 1947 1894 961 1782 2096 2663 1236 1733 1258 1709 4915 3525 1230 3445 310 4760 3069 1530 741 1137 4577 1472 496 186 981 4645 4932 3863 4665 1363 1694 2234 3920 3233 255 3521 1148 3069 830 1893 3699 4168 3322 1580 4584 1520 2591 384 4839 2094 575 767 1835 4367 1630 1910 1825 3196 1908 960 179 2459 3234 4267 4881 2361 2384 3569 3533 4074 1647 4170 3131 2710 1577 403 4615 1696 2763 733 273 21 1744 4276 931 2239 854 2796 876 4942 116 1349 3885 2942 1834 53 4857 2309 3690 3792 923 3285 3690 3140 3541 2070 1989 393 3486 2559 3047 1400 750 2767 556 4683 4258 4198 664 2629 1574 1637 4998 4318 766 1912 2288 296 4607 1604 4818 3511 279 729 1799 1054 3208 3783 2594 3096 4215 1583 4171 1847 4671 1170 3591 56 764 1678 4091 3453 119 4631 2333 1063 20 4841 1640 2027 3553 348 800 982 947 3072 1685 3050 4911 3699 4168 3658 4340 1431 1943
3806 1685 4325 3030 1721 521 2609 2513 2129 1820 4345 1683 4514 4185 3217 804 2016 1134 4646 4551 2735 418 2741 3211 1841 163 2524 2289 4594 2319 249 3147 3540 355 3933 4406 2896 1232 432 2097 1340 4493 52 1272 1295 292 3608 3590 1434 4319 3372 3837 2617 1275 4470 4816 1821 4489 4729 1065 2609 3100 2786 4638 1385 1763 4152 372 4640 1513 2028 267 3142 4042 1923 520 51 493 1046 2523 1110 1747 561 1598 310 3712 4383 4687 4252 2003 2904 783 847 4525 3266 3837 3629 2556 764 1973 4902 1618 1837 191 609 1689 1900 4583 3415 1473 2492 2295 1859 3804 3050 1203 1836 1818 812 2974 4912 3117 420 3503 3335 811 1210 957 12 4299 3279 1742 3084 233 2286 2716 753 1304 1287 4765 4588 1439 3104 1848 2128 3328 652 3953 4826 3884 1983 711 78 831 3607 3450 3650 4015 4230 3628 675 3168 4949 622 3146 290 554 2430 3049 4954 4397 1422 473 4563 2874 457 1645 1687 2905 577 3436 1563 377 1418 3950 310 2140 1472 4830 221 457 391 1325 3399 2829 4177 2667 365 3228 2121 1677 1345 1877 4060 4812 1056 982 1675 853 1474 2291 3920 594 4265 2738 2948 1684 1396 951 2396 308 3517 1153 3928 124 639 3016 1574 2633 2083 710 4002 4164 961 4943 2306 2701 4134 4638 651 4728 1511 1422 1206 23 4404 3504 53 2926 38 3524 2247 1028 4731 102 1336 2983 609 1858 1538 757 3916 3820 3972 2193 3879 1133 4654 2215 351 2170 122 265 3995 2772 3743 2785 4415 2943 1619 4064 1163 3204 3655 1586 3476 1894 658 4951 1472 4153 2243 505 1805 3331 2700 4311 4984 4088 2283
