N: 300
M: 60
Symmetric: true
Triangle: false
5 287 12 121 288 299
7 204 218 249 151 214 109 27
4 178 132 153 278
8 256 168 182 92 133 126 45 90
5 291 89 227 73 128
6 253 95 54 273 59 77
7 120 254 247 150 137 57 30
5 84 250 154 277 212
7 186 125 69 96 4 49 40
4 181 2 134 264
9 170 108 234 68 15 211 123 93 240
5 267 9 293 172 279
5 259 20 16 209 266
6 42 113 208 239 50 112
3 26 119 185
3 248 274 290
6 272 193 116 139 74 155
3 106 145 143
6 65 66 187 46 205 213
5 281 164 105 148 111
7 270 32 78 13 144 285 228
7 1 224 149 135 140 271 6
4 55 38 61 222
5 48 91 196 76 110
5 10 199 25 300 192
2 237 33
5 229 160 122 94 282
4 22 231 241 167
8 97 215 289 21 295 210 44 261
6 190 85 263 189 29 19
5 35 87 174 82 60
6 146 51 180 252 162 67
4 107 75 244 52
5 177 242 114 88 79
4 39 100 184 251
4 235 284 246 124
6 194 207 3 37 219 276
5 165 226 47 166 171
2 72 268
5 11 129 81 8 236
5 169 265 298 80 243
6 269 280 230 156 138 191
4 161 152 158 43
5 202 58 103 34 53
4 258 102 176 24
5 294 7 63 56 195
6 297 197 286 260 23 223
3 147 179 216
5 86 188 118 238 101
5 159 99 255 183 36
4 245 5 175 83
3 62 206 225
7 275 201 292 130 41 173 71
3 203 217 221
6 31 198 232 131 200 104
4 136 28 157 18
3 283 233 220
4 141 163 17 98
4 127 115 70 257
6 117 14 142 64 262 296
3963 2986 3219 1474 4786 4775 4629 3664 3684 2620 1080 4990 1539 2850 132 4756 4151 1868 1683 536 557 1158 2887 4655 2179 1509 635 499 1525 520 482 4766 3622 2845 2358 200 1500 1653 963 298 1759 3714 3219 4700 1089 1766 14 3676 3806 3393 3816 2427 974 2366 1892 4669 1748 3012 2293 4518 285 4532 3081 2500 1922 2713 634 4689 3138 3766 652 3493 4088 719 3504 4768 1466 4164 4312 4726 2802 1087 250 1677 1454 4334 3258 2985 3398 874 560 2444 466 2289 442 1203 3750 4524 822 3389 4377 266 42 2976 2932 2084 576 264 2870 2673 4477 3978 291 4528 2792 3271 2528 2205 1163 2636 4802 3110 636 3188 3633 651 2402 4091 2948 779 4946 3973 3303 1255 3088 619 1592 2504 1108 2551 4930 2341 1933 1768 4060 4571 1097 4942 3763 240 4741 1620 2019 4025 1422 1549 3027 3324 4822 2489 1653 2163 3770 4712 4961 3325 1319 3174 4252 98 131 185 4485 2856 4533 2737 2431 3483 3604 3648 3196 2422 1059 4400 4107 81 4349 2484 417 2250 692 983 2653 2003 4169 1733 2626 4374 3220 2356 2386 2067 4573 1801 3738 1837 1793 3019 2860 2101 3414 497 1212 1516 4969 2540 1650 3762 557 980 3372 2460 142 4064 3479 4611 114 531 4070 838 2585 4939 1132 2926 2173 212 2848 4998 3567 4746 4051 3185 2428 1916 1515 4837 195 321 1929 794 1067 2840 3237 853 19 3514 4599 4443 2118 4908 351 1939 3439 4953 2462 647 4658 129 1893 1915 1425 2412 4657 464 1639 4508 717 3501 1989 522 4739 4709 4280 2109 2429 2485 2978 771 4151 510 1493 3150 151 3679 2207 1010 36 4148 2821 908
2986 1941 4121 508 450 2376 718 2706 2137 1758 2274 368 4448 112 694 4491 1115 2154 4993 671 2059 4632 4759 4840 3878 1717 2583 141 1358 820 3858 32 3599 3445 1193 1026 4927 54 618 4712 2793 511 2168 3873 3410 1296 161 3699 2003 767 4122 2557 4873 2401 1000 660 4961 2295 4847 2426 2567 3165 2348 2195 4887 74 3045 3151 506 2256 2428 4387 2856 3544 2925 3983 4346 1455 2547 1535 1384 2720 1595 1686 915 4535 589 3504 643 1034 4296 2389 1982 39 2704 1301 1674 582 2205 2091 2212 1793 155 211 3466 3830 1384 527 2381 3053 3352 1813 1528 3538 4858 1625 462 716 364 2576 3924 1492 2390 4315 1449 1279 2936 2732 1245 218 3054 3531 937 4265 1540 1912 4889 2261 1836 4393 2485 891 3091 404 2038 2818 3759 2793 3115 2505 1208 2357 1150 2415 63 256 2416 4295 774 3368 1464 2597 3758 4567 1275 998 4345 4619 1717 2607 575 3798 2923 3675 3302 3606 4199 4935 2949 2569 1205 1707 2722 4731 4451 1200 1395 3882 4754 3766 1859 1432 195 3856 1163 3352 2563 1929 739 4786 768 448 1364 3487 3369 1302 626 3631 2886 998 4856 3816 4226 1341 1482 3992 1879 86 3710 919 3828 2880 3098 1469 3696 2664 4051 597 1219 92 1258 2462 1621 3639 4852 3927 2714 256 2543 2209 311 3525 2188 435 2564 568 3455 3961 4727 1395 4067 1876 1201 4460 3363 2115 3447 1495 896 3757 1363 781 2630 3911 3164 477 3404 4976 1447 2128 1355 4553 2813 3398 3985 2279 44 2194 1251 3412 1280 1205 1502 218 2143 1297 2448 886 1678 2548 1390 3934 1362 1518 2379 58 2142 3295 4906 1979
3219 4121 381 4142 2891 4787 4394 591 3152 3778 4535 4867 1153 2518 328 3248 565 987 1779 1251 2822 4014 209 4454 2954 700 1747 4795 1813 88 4894 331 2488 3320 3271 4839 1480 1666 2898 3079 128 3107 2332 4750 2806 996 3352 1093 2040 3553 984 3649 2791 2512 3070 4493 3983 4462 1993 3515 2142 1172 1775 101 4719 3111 4288 4033 4460 2661 3828 318 4435 1629 4461 1560 4401 543 1964 1288 2799 4334 3921 234 557 1735 1229 852 2791 4360 4363 1777 4976 2959 1620 2409 2154 2106 3313 1230 4093 4337 3444 1285 1561 2065 1339 2951 4355 1847 2230 4191 816 1159 313 2347 1339 999 4146 2504 2504 3312 1966 3237 474 2674 3533 4846 4166 1214 608 4009 4833 2280 390 448 3229 3460 3444 2495 4632 4525 4820 2209 2650 1439 390 2298 536 4348 393 2948 3836 535 3759 2991 294 1204 4663 1483 2596 744 1923 4133 4121 2563 2010 1835 4991 1001 1633 4166 1094 2249 764 1169 4526 4426 2688 101 456 3407 849 3246 3244 3538 4924 1190 1980 4004 2191 4365 3936 1622 4566 3498 3087 2939 3553 452 3643 4426 4222 3085 223 1729 1111 4982 2299 3835 3886 4846 1998 4402 1942 3000 4019 3967 415 3876 2287 3543 2098 776 2048 3985 1644 4128 1307 601 4527 2553 4152 853 2659 3044 3443 3372 963 3198 4829 2477 2493 271 1296 2774 3324 3999 4740 3039 4612 3827 3516 595 3414 58 1627 1548 4369 3989 3059 1846 658 2169 3916 394 1252 4355 3360 1653 3138 122 712 2578 1040 2753 3174 1432 3930 3491 1528 2166 3046 2308 3848 1699 2845 1230 3442 2174 591 4926 2321 1605 4521 4005 3621 2516 573 2534
1474 508 4142 3952 3002 1560 1573 4936 2459 4230 1017 4359 3663 1058 2059 3293 2184 927 1320 754 1057 1283 2369 530 4131 4727 4978 4164 1232 2763 4728 2565 1458 71 2740 772 1995 983 94 694 2918 3111 3091 2700 4789 571 663 4221 2472 2891 3761 2373 3197 2630 2706 3812 2375 1109 1565 1065 571 42 1109 4297 725 1267 340 2911 1822 2081 256 4159 4203 3509 4143 3811 624 2919 1921 2075 2451 1591 2042 883 2027 1622 436 821 4361 1069 1535 4088 4209 585 1758 77 832 3849 3221 4404 1124 333 3729 721 220 4213 3432 1495 4685 1568 3618 1232 2013 3754 3374 4398 1893 1970 4421 381 1363 746 3630 2013 2181 4931 1784 4258 728 4428 4949 1243 4542 1965 927 2198 1744 1236 3499 2813 3788 260 442 3574 1149 1983 2823 848 3361 213 3348 1032 3703 1263 4564 1132 2981 991 4416 3339 147 1218 1055 2946 4210 4695 164 1641 3663 3786 63 4735 3170 4233 3019 3923 1130 2492 2714 445 1375 2778 487 2488 2179 499 3795 4188 4097 3901 1829 4888 1969 866 4726 302 342 3036 14 4965 469 2335 2753 1939 563 3249 1330 37 4014 4746 3606 1313 1838 549 2838 2112 4855 1110 1241 2268 782 3910 1004 692 2811 647 223 4449 3794 3427 2826 4368 4712 2929 155 2411 251 1068 659 2729 1655 4830 3208 913 3278 18 1864 1853 4807 4715 2977 2175 1455 1877 2133 2995 2376 3483 2275 238 3378 3178 3787 306 4664 1092 1590 2065 2104 3353 2117 155 1472 4150 468 3185 4697 3658 4639 2594 103 2314 982 4750 93 761 4009 3997 1949 4181 1384 2703 2560 2886 4139 625 2532 4274 1991 3278
4786 450 2891 3002 4328 1223 1973 4044 2783 2426 4901 937 4998 779 617 371 256 4698 2153 3135 1113 3901 2068 3853 1366 670 4019 2972 3770 1869 2635 2448 4223 2853 4060 3657 2408 2410 4833 1360 3919 4388 4243 4634 2424 103 1481 3911 2205 1448 1718 4799 1488 1823 3607 2084 1310 2196 1648 2920 4758 4355 2297 2008 3212 4688 2564 4345 1628 710 777 4499 359 123 4833 3224 3289 2453 3361 1022 212 2382 3122 490 1772 3624 4942 4844 911 1190 807 4844 98 300 3568 2707 2146 721 4848 1094 1822 2021 1489 2429 772 3727 1820 3283 4146 2404 2013 1089 3576 501 3225 1260 1665 2170 2719 889 2416 469 3267 3443 4286 3359 3644 4085 2560 4886 4215 344 2697 3879 3280 3477 2638 2069 2705 1071 3263 4321 1893 95 491 4601 4332 4730 1470 3314 381 4201 3472 1285 4489 4568 1087 4941 873 2484 1148 3630 3746 3281 1006 4539 3708 2234 1720 3827 4132 168 1468 2165 4327 2777 234 3131 1962 3548 4456 4329 1201 3935 63 516 1951 1669 725 222 1965 2830 4965 1597 2468 3091 3425 4480 3017 4325 340 2965 655 1255 2404 1514 2905 36 4125 4065 1441 1501 1704 70 802 1845 634 395 4705 4228 286 1148 3519 4931 4879 1794 4055 916 3934 4555 4383 2056 2111 1466 3368 2194 3895 1391 649 423 1131 350 46 2162 3655 251 580 2109 788 3396 24 387 3138 1354 1305 1463 1399 2975 170 3336 4899 1725 266 1916 3331 945 2929 2866 3021 2660 2066 2090 2681 2030 3402 3142 4596 4100 1906 3239 116 4279 4211 4617 1218 4969 4984 1841 3277 3245 1014 1987 1658 1906 33 70 4885 2739 87 2607
4775 2376 4787 1560 1223 1344 2387 3959 4664 522 3796 3083 156 2499 482 2933 663 941 3023 337 2072 3979 1167 3406 4826 1639 4837 3054 330 1657 453 2394 2445 1955 3280 3570 4367 2974 100 776 220 510 2450 693 2846 2605 3736 3640 1714 1992 4195 1534 1240 1288 4580 2106 4413 247 2287 4272 602 1815 3253 1763 3674 4774 99 2191 4390 649 2280 3989 2869 3380 3951 1751 1869 1480 414 2123 2428 1223 1914 1452 2641 4412 1123 1453 3812 3252 2159 989 3845 4528 3610 3328 1605 3303 4919 3423 3783 1853 421 1739 2057 3109 119 528 2112 2269 1160 3347 1935 856 955 1148 3941 3294 2322 2519 1226 4686 3427 3275 4174 1785 1523 3381 1712 670 2268 927 1483 3428 776 2320 987 4232 4168 4529 3813 3287 2888 891 1240 2223 3379 2882 3600 1258 1062 803 1230 1923 1790 2297 1818 1156 3886 2437 4483 1773 4976 1540 667 112 1941 4055 3004 3549 2558 4430 2223 182 1874 3485 3589 1114 2631 2466 1851 19 2688 4853 3277 4319 93 4832 4410 3629 4118 2570 997 65 262 2293 1876 2867 4836 2002 1732 930 3701 1136 2461 4472 3529 1580 1556 3117 262 4789 4556 4234 4606 1227 4916 132 620 3118 1187 4051 518 850 2418 3255 3361 1403 4819 788 1567 487 3520 4171 4761 1016 766 1413 2802 2777 705 258 1523 806 2352 2675 845 4664 1724 4766 772 198 2506 2950 883 4316 181 641 718 2731 484 371 836 2076 4855 987 3339 4950 3471 1790 4615 109 1303 4866 341 4481 2628 3640 3973 1301 4596 2081 3996 638 813 3614 4046 509 1184 2916 4244 1005 4674 4687 1012 4358 58 3313 1123 658
4629 718 4394 1573 1973 2387 4150 2112 4166 108 1459 45 4643 4100 1943 1835 1119 2033 2964 3793 4811 2639 4355 2940 3824 3457 41 679 1610 4637 2143 4346 4532 3980 2612 3244 4684 1387 2554 2588 4007 227 4109 3154 3248 2764 3813 4152 910 4932 4363 1278 1335 2838 1589 902 4093 4618 2987 4516 3151 1222 1073 3248 529 1752 3204 2184 3162 3963 1879 1063 1709 1378 1909 217 4740 3718 4244 2972 4823 3815 3978 4114 1046 3727 3978 4368 485 4453 3407 1064 1446 3024 1680 2088 3405 3249 2574 1378 159 1175 393 3616 3535 3508 1538 3654 250 1540 3575 3519 2121 914 4954 2020 78 4532 2096 1498 2954 988 3372 3429 2561 4226 1865 4575 580 1032 3309 3896 970 19 4166 3030 849 2477 1416 2254 1395 1968 2870 1372 4509 842 3404 4292 3434 1586 3395 4460 510 2996 176 4138 728 1936 4882 570 2900 4067 4020 3734 1620 1178 2164 4929 4068 1158 4784 1107 3555 1320 3982 4748 3655 274 1472 1473 1698 3886 1199 1535 1239 3175 560 764 60 160 1677 2936 1758 1988 1300 2735 4263 2769 4392 2250 4666 847 1938 1630 753 4272 1531 1048 2621 3667 4391 3990 2272 2994 583 4728 643 3666 1644 2517 4409 433 3834 830 3419 1872 1671 2761 2421 1568 4814 2647 262 3202 3729 4405 3353 3665 782 1420 2994 1319 545 3497 3087 4108 4811 3610 2846 4806 2658 874 3146 4321 2753 2130 2226 2924 4474 4948 2302 3570 3274 4444 3065 3060 4823 3858 4944 3131 3285 810 379 3373 3537 1549 2673 3958 1662 2612 1403 354 3673 2421 3693 3140 2274 1919 2569 4630 4641 1374 3424 3427 2184 1865 1754 4992 325 2349
3664 2706 591 4936 4044 3959 2112 4220 226 4419 2939 470 3729 927 2070 1183 2853 3352 3358 4084 2933 557 2809 1775 3894 1994 4360 666 3188 1004 3407 4807 1176 3480 3944 4476 2095 2189 1771 1301 4677 1801 291 4193 3720 483 2581 3004 2867 3810 3236 1785 4597 3016 3996 494 3450 4643 309 1600 429 507 4749 1548 2218 2802 3937 1320 4237 3355 2127 4003 4355 3240 701 1530 4499 4685 1019 466 2781 4299 2532 330 4753 4869 361 4062 4743 2380 4775 1471 1565 1649 741 3254 2207 3536 2159 3333 562 1847 4243 2300 2185 3130 2670 814 2444 4513 4086 4677 1047 4839 196 4385 865 3209 4897 1506 3921 203 672 3036 2829 1709 3428 4194 3152 534 2728 4071 2427 3295 440 2356 1636 3471 928 2009 2459 2843 2959 4316 2148 1074 4180 910 4101 1896 3052 4066 915 3664 172 1245 1265 1469 205 2755 2518 1526 189 407 3546 345 1640 3095 1704 1772 1843 4561 4832 2937 321 2130 2804 4345 3951 4853 400 1358 4765 963 1414 2547 2630 3507 3194 3672 3270 1551 686 3394 4514 1889 1031 3027 1401 1104 94 2265 3231 4369 298 746 3699 3418 2726 3569 3716 2152 1030 2519 1393 4394 940 1949 4464 1858 4440 237 1669 1202 4955 958 3197 2333 3331 353 980 405 3645 2508 3407 405 312 4855 673 3578 2113 4436 710 4909 4914 1160 4700 377 2258 4960 3352 1799 687 3784 4078 1520 4705 842 3001 1260 4599 2546 2750 1501 1059 4493 2950 284 1164 4076 2621 1378 3394 26 2107 1467 389 4836 2359 3397 3823 2552 2106 2274 3348 1272 4008 1416 1399 3613 4427 3296 3045 2803 4358 1867 66 4006 1119 1022
3684 2137 3152 2459 2783 4664 4166 226 3080 386 3718 244 4324 3449 750 77 1054 1295 4609 56 2443 3375 2557 3027 4166 1453 933 4250 626 2825 569 1344 974 2577 4414 3510 3878 4643 3271 362 3790 1272 3507 3297 1589 749 1497 1968 4798 509 1408 3023 1279 3463 2831 3732 1176 2321 3002 1971 50 1490 3791 2406 271 3140 4295 3860 4337 2233 2103 1417 41 3067 521 2020 1305 4272 23 453 1557 1537 1327 3266 1557 3725 2922 735 4775 1888 1841 2842 3669 1651 2796 678 4764 3920 4757 1254 2326 4845 1048 472 4250 1631 608 2188 1408 3675 3370 1860 2264 2229 1289 3695 720 4275 2134 2591 4548 2389 53 4668 1204 4558 4303 1674 3936 4033 3167 4976 2049 2081 3494 1931 3983 309 695 2914 724 3774 3260 4400 2545 3042 2964 2797 4074 1476 1853 1153 4745 3368 1901 4266 1973 966 3929 1480 1593 1461 2187 3493 338 2049 1090 1816 774 3442 4206 3185 4302 3272 2586 2263 382 2190 3977 2932 1040 4568 3573 683 572 2220 3356 325 3871 1307 4337 689 2656 3307 4718 2393 1659 3111 1590 4655 4441 4853 2692 1279 136 1842 3715 4473 851 2757 186 3895 2756 1329 972 1927 709 3895 137 4906 2200 778 4277 3454 3268 4001 4375 4728 869 880 4058 859 3157 3137 4497 4243 1467 3734 1383 1967 2962 3627 2789 1986 1723 4481 2457 44 3997 2092 3199 2382 1608 4557 3204 3693 2062 1365 4148 2480 1322 89 506 4167 972 3027 3669 3610 3515 4504 3659 1953 861 4494 454 1774 1213 3281 543 1847 394 4904 4020 3688 1439 3793 2266 4287 1758 4653 4571 1550 4174 819 4679 2854 1145 4418 4061 4791
2620 1758 3778 4230 2426 522 108 4419 386 4626 4971 4206 3988 1641 508 4983 1709 1508 1906 2297 1166 3197 1430 4819 180 2333 2564 1413 3741 2543 4538 1042 3916 126 3514 3117 2441 938 3389 3031 3586 320 1887 1150 1028 2114 2915 4447 3474 2272 1789 4336 3964 4599 3279 4672 3109 3766 2783 4381 3387 4244 2195 184 1121 2232 4176 62 3853 4868 4216 2633 4205 371 4914 2078 11 3472 2018 4426 1097 36 131 4611 2830 4684 4686 1954 3427 3308 3757 3573 218 1714 1499 1781 2461 260 3684 4718 3063 1565 4825 3995 3055 2245 2258 1045 3713 3411 3019 1747 2135 1041 3986 1805 1388 2316 1566 3794 4961 4485 3945 2970 4760 1691 2795 177 4436 4308 4014 3981 262 3901 1897 1575 1444 602 3718 515 941 2026 4818 1104 3917 2427 140 4870 3516 1257 593 1842 3761 942 3625 4707 2053 332 903 4779 1190 4253 4279 1625 881 1924 1212 813 2132 1293 4281 4147 899 1465 914 2476 353 743 4932 2203 4615 3982 2414 3087 3292 3838 3760 4603 4687 759 4663 709 3082 630 2373 82 4162 3045 3911 1954 1695 1697 1377 3079 2105 2695 2266 4195 2469 4123 2611 3910 1576 4576 367 4735 1283 178 3063 3889 2359 943 4123 4014 2246 3094 398 730 3958 1386 3329 3873 3409 3217 4803 2772 3715 2092 2698 1228 1584 1265 1962 2303 1394 4607 224 1650 3007 3756 1350 948 4491 279 4531 719 4016 4207 1966 1211 1744 3175 1396 3262 731 3280 2970 2228 2603 786 2557 2046 2908 3573 1866 2671 3504 4043 2726 2444 1387 4255 1733 2155 772 678 3886 1531 4575 3117 2409 4289 4277 2801 730 4771 4772 3412 99 4263
1080 2274 4535 1017 4901 3796 1459 2939 3718 4971 377 2904 705 211 606 3376 1075 1528 4795 740 2822 1441 1828 4177 1430 2147 1023 1416 3269 4594 3367 1306 2657 1294 1233 2443 3098 2927 1041 417 40 2184 4532 2410 2581 2772 95 4016 1585 628 2142 3920 1885 4631 1229 3824 3486 4675 4596 3092 352 3626 2980 1926 2714 640 4667 2550 690 1989 931 2412 1803 777 4316 3655 505 3791 245 1008 2434 1335 1716 3191 4014 2186 1916 2639 1540 1687 1611 3489 1663 1371 4345 1332 2889 511 947 96 3076 76 3777 3489 2522 722 2342 4826 4957 1183 255 4242 4209 2590 2319 4149 4164 368 4449 802 274 1788 1409 584 3555 336 4463 471 601 803 3856 4196 2197 3131 3419 1321 4628 2421 4295 1107 823 3096 834 1174 3520 1207 624 3353 2829 1078 838 3591 218 944 601 450 687 218 3498 2841 201 2142 3616 3816 41 1060 317 4390 3965 188 3558 4016 4128 998 506 2346 1988 3052 1789 2672 3905 4095 2060 4585 1444 4574 447 1291 1747 4101 696 730 995 2026 3713 4100 1487 2526 170 4978 4747 3781 4573 4249 3119 3144 3186 3834 1863 759 2491 1525 91 3288 1741 1220 2552 4416 3247 1794 751 4125 2133 2575 3242 4011 3616 4761 1988 1082 1139 3176 150 3337 3006 945 1397 3423 2458 2784 4824 1910 2584 3933 4082 3428 2828 2003 1346 4196 372 3346 939 4273 226 3086 524 3931 434 894 4976 1167 4549 2528 2572 543 1721 4687 2280 1304 3097 2585 3253 2453 1997 2542 2372 3113 2806 3336 75 2489 2192 4222 2256 858 3224 4476 2021 2006 3170 753 3160 3157 1036 3294 2288 2186 781 314
4990 368 4867 4359 937 3083 45 470 244 4206 2904 3555 4251 4161 4943 3256 3877 105 4219 720 2752 1931 4959 2727 4034 804 3593 4465 343 698 1254 3640 3503 4991 2720 1328 3668 2748 4225 3759 222 2822 2086 3969 2951 3707 2307 2447 2102 4660 2684 370 1886 2951 2903 3270 4578 4437 1945 3676 4569 1111 619 189 2364 3510 1771 3677 4728 917 2282 4642 4183 1015 4091 879 800 4883 86 2810 3601 396 3422 1804 2539 1595 4933 4784 4534 208 429 293 4470 4763 1558 3416 4989 4163 65 2060 382 396 2629 2776 1430 3560 4519 1808 2535 2966 3947 160 2353 3461 385 4596 1254 1989 4908 772 3077 2948 2859 3596 2282 1888 2908 1959 1064 3909 1207 820 4887 2822 3952 4593 4845 2309 4493 4472 2556 4349 60 2043 4271 1402 586 706 4802 4801 2595 4414 1871 1497 1700 3211 1653 2944 2317 3820 3979 2431 4019 3656 4969 2552 480 4053 1592 2938 366 56 3915 1242 4186 1674 596 4986 4560 2386 551 119 167 1955 3288 4309 1317 2861 1750 2258 4533 3085 4864 95 4287 4789 3317 4447 3331 1857 4765 1251 280 1473 2046 1562 4491 3255 25 3175 2259 3723 284 1755 3099 2756 153 2828 1230 2831 4793 2396 239 3300 2965 3457 3776 1154 3480 3817 981 2014 1141 1565 933 3985 2201 2158 337 2531 4097 619 4189 4696 2395 2580 317 1106 2725 907 2365 369 1987 1679 3139 3683 3095 459 3443 2777 803 1482 3849 1768 4061 1194 94 3794 593 3068 3459 1078 1452 2813 499 2660 582 3545 4753 1622 671 188 393 1644 851 3484 4235 3993 1994 2403 4754 989 417 2721 2409 1848 2679 4524 248 917
1539 4448 1153 3663 4998 156 4643 3729 4324 3988 705 4251 3581 968 3844 3435 3424 1675 2428 673 1875 4017 918 1352 1328 3968 1019 4884 56 1977 3268 1137 1258 352 2286 1775 3499 1438 3132 4212 1324 34 439 3345 1406 1366 2046 2478 4605 3763 1833 637 2563 4988 2412 1741 2074 401 435 1965 4896 1801 945 454 4058 3756 2338 603 4840 2552 4411 4663 4801 1995 371 2798 1021 1006 4018 61 4137 4944 3027 2173 3814 231 3244 947 3053 2984 1861 359 4123 4607 1383 4439 113 3793 4578 3807 4235 4223 2769 1869 3162 168 3387 1802 3462 1403 3267 1534 1786 965 2085 4325 2676 2239 260 3181 3995 4812 4112 3536 1652 118 3564 2590 3372 2761 4630 1189 2378 200 3619 4526 4419 4382 4966 813 388 3893 1785 1720 2726 634 499 2160 2455 77 3630 795 959 2998 2393 2116 1323 4376 2547 1779 2494 1011 3154 1479 400 4350 3947 1410 1806 1796 644 4826 2805 4366 3191 2337 2315 1582 4736 4790 4918 2485 4502 4687 1102 3378 3391 45 4789 3896 1081 1809 2393 2761 4994 888 2530 1356 802 467 4505 150 379 724 2768 3219 3382 3735 976 171 4639 558 3765 1289 245 1343 1372 3938 4063 4744 4458 2277 1238 2874 2677 2440 2889 2718 3097 2964 724 1729 4619 3996 1908 3586 4051 2756 3644 3200 3753 570 1307 2988 2450 918 2164 4638 2808 4879 3611 3488 388 158 1193 1735 961 2035 85 2917 1210 2350 1300 2694 1725 1509 3460 980 2789 671 443 2936 4805 1354 4176 651 2387 4773 4982 1935 864 2720 4439 3485 1448 1065 517 3264 2175 4670 1975 3772 3022 4790 162 2544 4740 953 2930 1473
2850 112 2518 1058 779 2499 4100 927 3449 1641 211 4161 968 1801 4379 2215 3962 4516 1551 2963 1627 91 3242 4722 3815 1003 848 3584 3940 2167 3850 534 210 1066 4544 3108 919 4594 2932 2452 1629 4109 332 674 836 394 2168 4151 2236 3600 1768 2976 1950 1357 771 1334 4481 47 2731 4601 2642 427 3148 4681 2031 535 2368 1889 3348 3636 2286 2503 857 1862 125 3026 4741 530 2605 1314 4785 4684 2221 1604 2183 2565 3262 3773 957 1612 4140 3169 676 2616 3416 879 3136 2173 237 821 4839 1762 1482 2420 4445 2764 1293 735 1888 3558 3244 2388 2780 2498 1080 1397 1242 906 540 602 4926 3202 3867 2444 2652 2621 4458 3386 4458 1564 1763 2664 2722 4092 3903 3983 635 3952 4504 4242 2200 134 1264 3845 2482 3141 1545 1825 2865 534 4745 4096 3229 3049 3822 2639 4909 4397 563 4777 2895 1336 1089 1941 2717 4260 483 3511 1696 3504 1773 3344 2559 3497 3146 4332 4826 4097 1866 3910 4920 3062 4228 3142 1398 4761 2390 466 4370 450 4585 3232 1335 549 1077 3507 306 2958 4457 4124 2002 1611 2393 4039 2735 136 835 1722 4864 3737 2574 1478 743 666 796 4258 144 1332 414 2191 3729 2665 2669 3953 3412 2624 3096 1298 913 4600 4980 2327 1235 1579 844 427 2815 3957 1524 1635 1656 2033 687 1937 225 739 4971 913 4089 213 3705 4987 879 3297 1341 4864 1750 4385 2592 3293 3162 4095 4644 4360 2755 2066 3257 592 2720 3596 2219 613 4800 1591 3716 1612 3971 4566 1745 2572 4374 1559 2399 650 3768 991 214 2237 869 4140 2803 2606 3610 1847 1830 919 1854 598 4212 1572
132 694 328 2059 617 482 1943 2070 750 508 606 4943 3844 4379 1619 1685 4835 4472 782 2697 4935 4734 2669 3440 55 3414 4156 1005 667 508 2354 97 2625 1764 440 3558 234 1384 673 4176 1006 3878 1134 3233 1071 4956 4582 762 637 812 2191 996 662 2741 557 1999 694 4156 2049 2475 2293 1529 2590 132 4518 4988 3352 1853 4631 743 2252 267 2484 4642 209 382 659 3206 4322 2885 4085 461 4204 30 4402 2698 456 1294 2734 4569 844 525 1521 756 1415 2086 3853 1139 4174 3341 803 3909 471 2373 4467 148 3161 796 4848 3822 3459 2745 4085 2782 307 504 4110 2300 4869 3614 1390 585 1049 2554 2285 2778 1889 2276 902 1827 3224 2204 3898 455 4965 4556 4037 4405 2384 1038 1108 1833 4873 3924 1218 750 876 2118 1640 4328 1429 2620 2372 4100 3626 2948 3446 3243 4801 3985 482 331 3967 919 1197 1913 891 4956 858 4893 1772 121 3346 1464 1485 4900 333 1171 1875 1769 3000 2020 4394 1799 4134 2711 3509 2991 1105 773 4999 1265 4097 999 3842 1928 4580 4903 2419 3576 1784 289 4547 2520 4368 714 3019 3431 3870 3740 3876 3630 100 1826 2859 2351 3766 1207 4654 2597 2100 661 1544 4825 634 4984 3629 1459 4943 4892 979 407 3108 2921 1344 3364 1293 1157 413 572 4608 3725 1628 1336 1352 4158 2845 767 310 2205 2275 931 4735 2408 4583 3300 356 2439 569 3907 272 2555 696 4715 4661 4427 3627 2346 4464 2945 2925 3027 556 2015 909 2240 4386 3113 1749 3380 1938 1082 3148 4951 2907 1261 1032 2883 4411 4226 3015 999 4947 1451 4034 104 4373 4959 1477 1704
4756 4491 3248 3293 371 2933 1835 1183 77 4983 3376 3256 3435 2215 1685 116 2617 512 4699 2755 1873 3127 1142 2021 394 4222 16 1339 4860 768 1003 2289 1401 4565 3518 1112 678 3210 225 797 3438 214 1517 4335 4000 4414 1275 2396 931 376 435 4985 1077 512 4415 928 1785 4040 2955 3701 3663 2580 3278 78 1171 3387 3064 3324 1678 1258 2274 1208 1766 2374 4928 3809 3909 3888 4725 3364 1224 4903 1456 3027 3742 514 3739 4755 2061 2713 3230 512 18 465 1683 4325 456 1483 625 1768 1406 3930 2038 3120 4554 4952 507 954 3950 1511 117 4866 1334 1171 1131 3242 2563 2284 3766 3182 1433 4795 4576 2739 51 254 2844 1718 3357 4016 4241 4332 3810 4623 2630 1438 4977 3082 4967 218 3309 2220 741 1512 1064 561 1390 4323 1426 2042 1334 1824 1402 1064 3256 3401 4425 2894 3799 1548 1031 298 1459 1635 3810 2823 2226 1169 4816 1501 1702 2518 1873 3831 1166 645 3324 3247 108 956 39 113 727 4038 2398 1921 1654 4251 1242 2381 1206 2411 4156 4639 2842 222 1567 1201 4336 1378 1169 198 4178 3842 4414 946 2458 4730 4414 1548 4380 3345 1321 613 232 2450 2016 3833 4029 3409 4124 730 66 1459 1554 2946 3912 4360 1763 204 887 4146 2169 4001 4270 1233 995 4587 1599 2531 4382 2220 2351 4652 129 329 1729 1495 1227 594 4046 3487 4640 1138 3456 4577 4804 4163 3156 2777 4947 3261 1973 4019 4832 3656 4803 2814 279 4134 66 2100 2074 4073 4671 2456 4700 1150 4278 2586 4567 2845 3016 1922 148 1659 2988 4589 1172 428 4941 4557 3052 724 4227 2615 4299 215 3176 2371
4151 1115 565 2184 256 663 1119 2853 1054 1709 1075 3877 3424 3962 4835 2617 4561 244 4158 1141 2627 899 512 4346 4201 3323 4555 3117 4011 128 3051 3084 3265 2258 2376 1152 4303 2971 1455 4714 2908 1822 532 166 2053 659 2737 4370 2347 1014 4566 2388 2275 800 4829 3191 1796 3121 1870 3048 2217 2674 3172 1114 2752 956 701 3070 4047 1374 1701 2345 2129 1362 3326 4655 1617 1830 626 3930 4620 2878 786 3695 3994 54 1606 3200 792 2044 3152 818 3078 441 1825 4572 429 1554 3292 3581 1716 4213 4973 4945 2355 3120 1851 4819 4806 4646 1833 641 1145 2173 1160 3976 1024 3997 2430 4859 4605 81 2414 46 3165 664 378 564 4802 4455 1766 1849 3195 4853 3586 47 4818 3350 3495 77 3936 1260 1974 1894 1107 3612 2983 305 4218 4144 128 1627 3772 1463 4106 2782 2500 1218 589 1341 2163 1366 1312 218 3648 3201 1278 1992 336 3373 2354 2026 1516 46 4016 603 1003 215 4344 13 541 2830 1954 2667 95 4320 3340 2229 1539 4494 4427 3681 4372 3464 4848 3981 309 2037 4075 4535 2190 4257 571 2302 4545 577 3715 4812 1310 594 1761 4245 4790 722 4999 1211 3332 20 4049 3929 4981 3399 3685 1230 4471 1334 50 818 1502 4793 4722 825 3319 3915 984 2460 3228 14 4124 149 2289 534 3768 3502 1767 3879 2221 2486 4237 863 229 3582 2580 1789 4272 477 1067 2712 2641 489 1012 266 4607 973 2468 2862 4932 2859 3612 1678 2453 3114 2089 2993 3332 1594 1184 4640 1207 3262 41 403 531 679 3381 858 56 2742 238 4357 1080 2471 19 3870 3971 2987 68 1862 296 4062
1868 2154 987 927 4698 941 2033 3352 1295 1508 1528 105 1675 4516 4472 512 244 2436 2526 3629 2032 1284 2036 4411 3945 525 4663 2439 4411 1112 3680 886 2195 588 3716 3621 4428 3170 853 360 3295 1693 3503 4207 936 1618 580 4875 2678 58 647 255 1625 922 2127 3118 2029 2448 4905 2615 1803 1280 4229 1203 2896 4884 2671 3077 291 3943 1042 2301 2590 573 3656 4113 3432 4541 2519 744 128 2509 1417 250 4235 692 2195 4209 4727 2458 94 1981 543 2518 2263 2034 2728 2751 3280 2981 2826 2929 4820 2162 1340 1105 4705 2029 1021 1483 2564 959 4092 116 4682 409 2504 2008 1585 777 4359 1241 2122 235 1485 651 1102 1338 2808 838 1796 4091 1434 1634 1184 2054 4786 2134 3873 2523 2188 976 3013 635 2388 4749 4051 3519 524 3256 2094 3582 1776 2028 4292 3396 1004 2322 4076 2051 2745 2718 4870 3156 1944 216 997 2657 3004 858 2591 2762 4723 1734 953 3541 495 80 3498 3093 161 4677 3753 975 405 796 4744 836 1835 2863 4106 1820 2333 2696 940 3057 2011 2217 3140 2932 959 4460 1562 44 1551 374 3750 3799 4265 2149 3554 3307 2707 2966 2138 3995 412 1062 1406 1983 1249 1668 448 3404 1856 1169 2542 606 3001 231 4314 2052 3311 3511 3153 3753 1528 2687 2452 2624 680 657 1131 3809 1248 4627 2520 1226 2911 1066 127 1810 4019 3978 2801 3694 4309 3799 1732 317 1661 3820 1312 533 1457 1288 4379 4034 1388 3239 767 3915 4569 3034 3741 2239 238 974 3921 3289 1510 79 3527 1407 2622 626 4570 2206 4213 2616 2365 1486 552 1319 4496 297 2261 4291 326 1313
1683 4993 1779 1320 2153 3023 2964 3358 4609 1906 4795 4219 2428 1551 782 4699 4158 2526 614 1185 3521 3011 4498 2428 3623 4974 1395 229 4071 3181 1390 4027 4294 4162 3360 1490 2686 4962 495 4127 1829 3978 348 1915 4878 871 2132 3083 4407 3745 4674 2323 3883 1411 3701 2933 1018 3509 2412 3811 1088 1070 2320 4616 3400 2456 2186 4153 357 3842 1848 3768 3046 4939 3443 4213 148 3188 348 3286 2432 784 3773 4650 3014 2051 145 1382 3240 220 4037 4741 4957 4696 4214 1996 1753 4842 566 4882 1597 3344 891 4764 1603 3954 3231 3028 825 4638 667 327 3688 2379 572 1023 2147 569 3580 4691 4439 2156 2290 647 1100 2993 2196 745 1869 4848 2749 4150 3030 4353 1842 516 2263 3937 615 3072 3179 3193 384 2976 1240 961 516 2147 740 3774 2769 3992 3866 1455 2892 3291 1649 4089 4943 2243 3014 3322 3891 587 347 2938 1806 1676 615 146 1815 1632 2107 3940 2123 4449 2146 3213 1733 4871 1009 164 1352 508 4167 1831 2838 1315 3951 109 4743 3846 1994 1062 2793 4490 2670 4783 547 1263 2575 1952 2897 809 747 703 1239 3923 3111 3197 4025 3895 1020 3235 1682 3875 614 994 912 4587 3320 1961 644 3557 1801 1953 3214 4338 3122 2066 2104 3073 3210 3195 75 1975 682 4310 3806 3337 208 3805 4421 4567 3811 64 1896 2378 1524 1695 752 2012 80 4400 4746 99 2649 3721 2885 2748 3578 1698 1697 3829 4062 4804 2787 2753 2410 2198 3932 2898 4855 763 2080 2424 4719 1791 399 3951 3018 4908 2247 3977 1823 1228 3915 898 4855 1322 4556 1420 2647 3286 4243 95 67 1358 4936 4370
536 671 1251 754 3135 337 3793 4084 56 2297 740 720 673 2963 2697 2755 1141 3629 1185 3802 2762 1169 1093 2913 1097 702 2666 3115 81 4351 4298 3531 2826 2120 3217 560 4627 2945 2852 4107 4335 448 1217 4526 4774 354 1969 1579 4370 2746 2588 3238 4858 4888 2359 684 389 3910 2971 2968 4042 1604 1712 2956 2205 4999 3366 4020 1555 458 2148 3567 2318 3528 131 4777 4994 4669 1780 2642 1571 1385 4158 1366 1708 610 4134 3400 2852 1569 1874 4118 2035 1331 1098 3644 3173 242 285 4870 4700 3120 1950 2863 1525 4940 628 913 3618 3886 3201 1418 1617 3508 3960 479 3882 2199 3300 1247 3884 3233 4264 126 707 2305 4474 1243 4396 304 3479 4599 921 929 3647 3924 1348 2408 4398 3846 2513 661 2245 1564 3891 3493 2114 893 3396 3402 910 2326 4196 313 2623 3306 85 2229 4046 4943 1234 774 4532 2255 3120 2126 3646 1050 2552 4720 4665 2472 3854 4874 3916 3942 3530 280 4530 4650 2385 4627 3525 28 3359 742 4695 1051 752 3876 3540 4552 1160 1011 2811 3069 2600 2232 2834 4141 3334 3292 1274 4184 3561 4933 829 1720 2991 4336 1318 2778 777 3408 957 2363 691 4420 1490 2664 2405 1258 98 3595 2386 3601 614 604 4403 2642 4901 2188 3624 1280 2964 3237 4803 615 3139 2913 3014 4202 2450 241 2963 3567 2101 1311 3409 4228 1529 740 4123 2594 2417 3317 2632 4972 2826 1868 644 2566 4838 4875 3495 2906 943 4956 1431 652 4058 523 2388 1656 4675 565 1235 2514 2572 715 2672 4470 3415 2875 3361 1347 1777 1803 257 2809 2340 240 4142 2880 4973 3446 904 731 2963 2554
557 2059 2822 1057 1113 2072 4811 2933 2443 1166 2822 2752 1875 1627 4935 1873 2627 2032 3521 2762 3327 2237 3284 4568 2938 1390 365 1469 1797 295 468 3370 3583 3481 4649 4377 3275 2214 3047 2137 2528 4491 3264 4260 1674 2992 4424 1416 2341 3686 3040 1737 2859 2061 2593 2009 2603 778 1899 1688 4697 1807 125 1420 4147 1242 1229 3051 4959 3579 3429 2843 4275 4812 4473 2888 3344 1835 2856 2400 1014 2067 1877 3208 1237 3690 1740 4905 1982 904 3748 4430 1460 1106 4639 1965 1403 1996 1858 3230 580 2611 4284 2166 231 1333 1922 4772 2979 165 1506 2294 288 1016 4284 70 1434 979 4500 2954 1085 4706 2090 3538 4595 1013 4483 177 1228 1025 2439 2735 260 2044 4930 3131 1100 2976 4895 4451 1947 630 1285 2518 4540 1590 1686 1605 3330 4711 623 521 4586 2566 4668 2221 2704 3918 2719 3894 641 3719 1239 1033 2250 169 3293 2158 826 2333 4063 230 624 4417 4538 4012 1201 751 2308 1859 1251 3940 2463 2808 2591 871 287 766 391 3787 1621 2449 4988 2948 4686 3758 4218 1548 1461 2480 1409 4151 3255 1178 1571 3156 3284 3096 2301 1482 610 3853 2417 2219 1839 1058 3224 4823 4830 1789 3746 935 1126 4089 1472 1951 4957 2083 2819 4741 4700 3983 2648 4066 3439 4242 771 152 3855 2244 3075 2632 2169 3558 4172 3555 114 995 2846 3919 1542 424 3443 264 3587 2157 705 1480 707 4370 344 4808 2344 3339 3386 534 2179 3250 2390 2426 4381 2133 315 1238 1197 3359 2755 967 2189 2549 4345 3095 1344 1581 83 3965 2405 643 2746 2849 4467 3505 2811 1431 3573 4610 1370 3510 3327 2178
1158 4632 4014 1283 3901 3979 2639 557 3375 3197 1441 1931 4017 91 4734 3127 899 1284 3011 1169 2237 3832 178 817 2468 3947 4429 2845 3378 1301 1227 1226 181 309 2606 1679 3324 83 1902 3032 3035 4819 2770 4991 3709 4457 3763 2394 3695 1840 1868 3752 195 658 524 4397 3047 1434 2722 4103 4766 3525 561 1318 4513 121 4223 1377 2080 655 1649 1242 307 2164 3947 841 4201 3060 250 3030 160 1461 898 966 1171 3439 4239 1804 1248 3551 3816 2118 4320 2168 4891 4772 3503 4606 3580 4166 2409 4169 1118 2859 2686 1055 2770 1822 2726 3335 4391 4067 1838 4332 2473 3310 4147 2057 2676 3020 3363 4888 3105 98 3151 156 4829 4988 456 1748 2131 3696 1373 1760 1802 3788 719 315 1522 2949 4372 4379 1986 3414 4764 2238 2095 1638 2018 4792 250 1650 678 3036 1728 63 1543 997 1906 2430 4401 1172 1430 283 4038 3835 847 4719 2413 4458 1544 4609 3482 2834 535 4023 21 3601 758 2999 2124 1164 2258 731 3377 1348 2722 3763 3065 2297 2737 976 1877 2299 3283 1717 4726 268 2671 3685 1884 4472 2567 4478 2331 2259 2168 3908 2019 2264 4801 997 2383 4382 2867 2101 4215 701 113 4556 3432 2184 2326 4522 672 3363 2641 3927 3761 4551 198 1015 48 4640 1948 167 2551 3846 3977 2517 3458 2818 4030 680 4919 1492 2101 2293 3936 1355 950 1268 3662 438 4098 728 2156 274 1680 2953 2978 2016 2885 3323 1683 4134 4380 857 3025 3486 2259 3296 1719 3221 4164 4539 2710 4890 285 3260 800 3133 4644 822 373 3573 612 4385 1150 1076 1256 3844 2001 724 2639 1717 1058 1081 2735 2539
2887 4759 209 2369 2068 1167 4355 2809 2557 1430 1828 4959 918 3242 2669 1142 512 2036 4498 1093 3284 178 1658 2283 2882 4235 1141 4707 3980 2765 387 1799 804 2909 2706 4378 1014 2886 1205 3879 1983 4147 2525 4716 3826 1205 24 3347 1246 1769 4953 2632 4879 4513 2173 3572 507 4012 4667 1368 4461 3897 4907 4923 4160 3061 1246 1281 2128 3555 1260 4307 4805 3699 4599 2468 3563 891 4901 2791 4269 4649 398 4014 4611 3387 3180 193 2772 3222 1087 279 1728 2125 3162 2539 2488 3325 4811 4786 444 3937 4916 2737 260 920 1022 1967 2289 2250 207 377 3296 1103 2707 494 2548 26 809 2837 1535 3840 3846 1052 3334 320 3467 448 2511 3140 120 4618 2155 4174 4584 3649 4362 604 3087 2990 2827 2573 2475 3959 4878 3370 4067 2683 4343 3783 3830 4426 4122 3810 1960 1141 544 1992 1750 1153 4824 2559 4345 2854 2904 2982 4917 796 1533 2668 1063 4312 2253 1197 4854 4285 2864 3845 2133 2123 895 4057 1085 1231 4625 947 424 3676 631 1849 4128 4928 2604 421 816 4078 3873 3278 940 4256 1125 3221 4940 4691 3219 3305 2506 1943 3066 2229 31 3239 4381 1165 1662 4140 1408 1236 3068 2680 3187 3467 3273 324 1321 2670 3113 111 1915 2114 1971 554 405 4463 2409 3524 2745 3420 1759 1262 848 1962 4278 3496 2256 3721 4688 2294 911 1169 298 4100 3246 2884 3065 4201 4280 1482 4635 2111 3245 172 2759 4801 2108 4994 4733 3829 1161 2071 110 3374 1372 2721 4648 189 2816 505 1763 3234 3097 4137 1187 3957 3760 2822 1623 3327 239 2432 2514 1374 692 4984 1405 65 810 295 778 3149
4655 4840 4454 530 3853 3406 2940 1775 3027 4819 4177 2727 1352 4722 3440 2021 4346 4411 2428 2913 4568 817 2283 2233 2053 4464 2927 2283 3591 2163 4597 1550 3890 2496 1897 1260 682 533 2467 1790 827 2415 507 4840 380 3148 187 3540 300 262 303 3959 1412 2063 2922 1522 196 2316 1051 146 3612 1386 39 3862 2374 1143 3006 1743 4028 2793 972 2990 2279 3822 1490 682 3756 1064 2157 2727 1344 4865 2541 4728 2199 3537 1497 347 3195 2443 3627 1918 3206 3045 111 1362 1381 1683 1131 1239 277 1265 3631 1476 101 1394 4411 1354 840 4157 2095 4954 2930 3542 4967 3194 2287 793 913 1890 1361 482 2874 501 356 1601 2051 533 1781 818 708 1097 359 558 3748 4591 3689 497 3262 4583 57 244 2687 779 1577 3270 356 4997 1097 4258 3198 1658 2428 1904 1314 1036 2071 3477 1984 4108 1767 2123 1165 4353 3083 2536 4772 3629 318 1398 2502 4154 2902 4394 4804 1117 4346 2460 3324 1082 3618 565 519 2785 4712 2810 3816 3628 2146 2177 1284 1183 2426 1480 4868 3131 3908 3192 837 2280 3150 3530 714 2811 3351 2327 4563 99 3435 1824 3906 375 2700 610 2813 3155 1513 905 2567 69 1770 2557 1636 267 2556 2131 4812 1104 2998 1953 1621 4011 2883 4610 331 1390 2057 4293 2743 715 2475 2392 756 2553 3347 3220 4994 4731 2244 163 744 3491 4137 2509 3008 3360 1497 56 1893 2041 4407 73 2148 2866 2341 827 4173 1968 1911 1751 1613 4732 2178 4158 1369 3331 845 1189 1153 2042 4910 4585 4601 4201 3921 433 1708 4756 416 1397 2235 1008 2041 3614 1720 3111 155 4459 4442 93
2179 3878 2954 4131 1366 4826 3824 3894 4166 180 1430 4034 1328 3815 55 394 4201 3945 3623 1097 2938 2468 2882 2053 3882 3307 4588 950 3062 1808 1147 3131 4247 1723 1871 251 1780 2075 3662 279 3568 1483 3103 2655 3000 3493 4053 930 1478 528 1943 3569 4344 4436 3881 1030 2778 1480 380 4933 4238 2606 870 1724 1749 1408 4047 4019 1173 1106 4734 2247 2300 3406 3290 1734 86 2247 4898 237 121 1285 1695 1497 4941 437 1131 610 639 4131 2036 4272 2552 4768 4281 3255 1690 3200 4895 591 3614 1631 3261 3986 4947 4137 2974 299 2016 4844 124 2030 4749 1131 3561 4559 3124 2673 1662 2667 1764 4756 1834 3029 4888 3722 2422 1569 3890 2402 4225 1058 2711 1574 1545 342 2593 820 506 1189 3494 91 2976 3100 3607 4527 2508 724 4750 607 576 4317 3101 2345 1488 3888 2101 2012 1205 694 1045 1807 3489 4815 679 101 1156 3019 4374 1942 1545 3288 1025 858 3294 1986 389 1086 2288 962 3388 1225 3391 127 4750 1900 1512 3389 3695 4148 1420 4459 2449 1318 13 840 4411 1387 1416 3163 2287 2389 2678 3603 916 4703 3913 1508 4490 1820 433 4506 2980 2796 3613 319 3490 3387 953 2782 4087 2920 1427 861 2550 846 4090 3246 4348 4126 3986 1541 4826 2758 103 1873 484 1399 4748 864 4449 3839 2386 3902 4780 3992 1366 352 2771 3424 2935 4207 1561 2088 2260 4666 2532 3163 4302 297 185 2012 2379 1617 701 478 3812 3204 1667 3158 4304 601 3449 2605 1342 2709 1181 4189 4079 1988 4821 592 612 132 4204 4746 2696 4508 533 1249 3536 307 3459 3636 4275 51 4397 1465 1702 2571
1509 1717 700 4727 670 1639 3457 1994 1453 2333 2147 804 3968 1003 3414 4222 3323 525 4974 702 1390 3947 4235 4464 3307 3341 742 750 3658 3322 2005 2878 3771 1737 918 4327 3594 3283 1014 3677 4013 3650 4871 4751 1089 2000 688 1458 4993 12 3064 1939 300 2408 1630 4352 1315 1408 4559 2495 3424 2403 98 2996 3839 1494 1562 3220 1182 4991 4736 4496 1365 1806 827 368 987 4629 1254 1455 1161 4327 459 4203 4633 4466 1614 4149 2806 2808 2384 547 4349 3239 1076 347 3452 3596 3572 1726 4139 3380 2403 1254 235 1799 4184 4492 4484 2194 923 557 1751 29 184 892 4610 4461 3056 3983 695 3878 3997 4673 430 3446 4331 269 3836 589 4184 1714 1747 4899 3576 298 202 1580 2573 1288 3105 819 3512 3950 4102 2435 425 1594 2956 4637 1699 1798 2197 4590 2901 3904 3116 619 2060 4258 4394 732 3873 48 3630 1425 2762 4351 2024 4113 4631 1635 2408 3078 882 2686 3069 2402 4794 922 3273 4202 2299 1548 2338 4486 2014 1055 870 1830 3939 1846 3069 555 3282 1380 2574 1996 1316 2244 1743 1002 1429 1670 3611 284 4848 2440 2229 2058 4787 2591 4187 602 2045 4086 1488 1274 495 464 3343 1058 1482 4519 1784 4791 3061 1688 1071 2999 1204 3114 2881 1447 4039 1619 3867 3373 381 838 627 1736 419 1493 2812 2295 1700 4101 3497 2727 484 524 2245 1154 2065 2930 254 2474 389 2645 849 4412 350 1812 1969 870 2142 4005 2867 3134 3685 4409 4392 1310 1560 3444 1992 4502 4131 3168 3910 1397 280 1174 3369 2836 4788 4520 3997 2961 2156 374 4562 1153 4888 1089 263 2914 979 2246
