N: 300
M: 60
Symmetric: true
Triangle: false
5 206 289 231 42 96
4 93 207 285 53
3 10 161 224
7 277 226 143 129 195 254 250
6 211 99 291 268 123 217
6 230 13 218 144 69 107
7 105 130 135 276 139 26 258
5 66 261 45 257 252
8 204 194 292 267 67 188 79 128
6 259 299 300 298 137 190
6 97 244 235 127 37 132
5 193 121 175 122 81
4 173 141 133 162
2 17 251
5 265 168 23 288 281
5 124 41 233 164 189
7 87 92 52 73 280 110 260
4 209 11 172 142
5 279 54 34 106 174
8 232 180 237 147 68 126 203 160
6 243 294 31 186 46 247
3 18 108 58
2 43 222
4 278 286 30 89
2 39 74
6 7 75 202 4 72 24
5 270 200 245 57 118
6 77 50 101 40 181 179
6 236 140 36 165 263 102
5 228 166 177 28 178
4 63 9 223 159
2 213 120
7 70 156 150 185 15 6 115
7 117 38 112 80 219 151 65
7 269 246 239 214 171 192 183
5 199 234 274 148 187
4 153 8 249 196
4 157 16 152 208
2 35 216
2 266 71
6 22 229 242 275 33 86
3 103 283 134
7 220 262 255 91 136 49 138
7 20 109 27 155 149 191 29
7 145 113 238 94 44 170 272
8 55 62 56 61 297 32 100 201
5 25 2 256 83 90
4 64 95 241 104
1 248
8 227 21 1 163 253 88 12 146
4 59 111 19 167
5 182 119 176 225 14
3 131 221 293
10 271 48 51 264 215 197 3 78 84 114
5 212 47 5 205 287
4 169 76 154 240
5 284 98 296 210 184
5 158 60 85 295 290
2 273 198
4 116 125 82 282
3668 4439 2068 2804 905 4826 4946 3533 504 843 3417 2239 2579 1170 223 4726 420 1850 3064 3001 446 3351 3093 2700 2252 3027 4398 205 4922 2958 2751 1055 589 2327 4053 2766 2155 480 2674 395 3625 3342 984 2084 668 672 4818 135 1140 4218 897 847 2881 139 2971 1953 2215 1628 2159 2664 2434 1783 1436 1940 1440 1107 3659 56 78 1361 4120 3047 613 4209 1655 1553 4471 1401 1194 3131 986 401 3174 503 3912 3154 2607 2765 2497 2154 1566 3895 538 820 3923 1974 3323 2528 1486 3816 1471 4619 3238 3825 1358 884 1378 1428 1783 101 3167 3107 847 3399 2462 2884 1134 1250 1455 2382 1156 1603 4456 3991 2549 412 1037 3267 4043 978 4362 2743 2300 235 3964 2177 4395 2581 3136 19 4151 2007 1697 4953 4017 4671 3568 2934 548 4221 694 1937 77 348 2850 1131 4175 4479 4931 2055 760 3621 2469 4164 4933 198 1678 1718 1255 1274 925 3401 3279 876 1934 4091 2700 1423 2784 734 1500 3421 2490 2883 4075 1662 3278 2919 4300 2989 4280 3367 93 2910 1074 4686 2175 3430 3642 4718 1018 4154 910 286 3489 953 3943 1330 3152 145 881 3208 189 4303 2889 4696 39 2568 2588 3958 2201 4535 2107 1563 1287 133 2858 2602 1659 1608 2953 3880 2088 4124 549 295 920 4353 3065 1032 2827 4187 3757 260 2414 836 4956 3465 2248 1597 3337 55 2294 1384 3230 4798 1841 2943 3499 2871 1611 1414 4053 3049 1849 739 3238 3606 3544 204 2180 1323 3985 1639 1058 3150 1639 1047 2035 3978 3863 187 591 1946 2642 2449 4849 2687 3761 4471 1779 4953 2216 3781 3887 4568 3446 2716 300 2787
4439 4271 143 4777 3598 4907 966 4348 2995 68 4534 2822 4182 811 2597 618 2121 1853 3674 4564 2520 3586 3060 4238 840 2968 2807 4456 3991 2011 4365 3578 1307 549 734 4850 89 2770 1028 3424 394 2184 4118 3425 1734 960 4588 4924 2456 314 139 2258 2817 1387 2574 1807 375 732 1185 3230 1144 2374 1307 3758 2183 2433 3618 4683 304 3410 1348 4941 2135 4211 4612 1817 4657 3573 630 2471 782 2456 4530 1464 3398 4842 3449 2707 2868 3773 3993 412 3866 3881 4232 4686 3131 1441 966 4153 4432 1943 968 3312 4770 454 2614 3594 201 3786 4248 1044 3812 1735 1428 1537 4145 3403 3237 3757 142 2014 1240 4462 715 1379 2618 3159 2536 466 4333 2263 2207 1330 4952 4817 4975 2372 1897 3490 4746 4292 3175 2461 4756 768 631 1064 1606 923 1355 2126 3306 104 1306 1441 3469 3885 1443 547 3032 248 295 339 2710 1905 2364 3225 3928 2617 978 1256 134 1699 4976 2522 4612 2115 2301 3340 2586 3861 1409 3539 731 430 2702 102 202 654 916 4528 3868 3365 1027 3449 1454 244 3494 1161 4965 3278 4062 2937 1130 4605 3355 3462 2896 3872 3855 3802 1151 4781 4265 1228 4559 4083 3866 2857 3496 390 469 2408 4148 4377 1185 1702 4628 2677 2729 3887 2000 4606 2818 3361 3178 2823 410 1954 4120 4712 2731 4257 2726 113 3416 3192 2662 2499 4363 2962 4473 2995 3235 3548 2790 4427 1376 4836 4773 4074 2752 4374 4923 4824 876 2118 3983 2715 3312 4821 4855 167 2960 432 3035 1244 383 2945 608 777 3583 2854 1043 3892 1284 462 1921 3739 4562 1700 1249 2744 763 4471 2611 591 1513 4913
2068 143 4186 4700 4860 4416 622 3012 4709 4113 3529 3605 1272 3588 4655 4832 2649 3882 944 846 4730 3494 2880 4664 4263 1299 2534 4659 3130 806 948 2388 1223 4213 3692 4976 3993 933 503 794 2583 3051 1904 3979 2923 3681 3622 595 3194 293 4286 3422 84 3743 4609 1508 1366 3932 4881 4390 779 4191 40 4649 3057 1999 3052 237 2435 3089 658 2828 2624 3263 1668 1928 2621 856 3176 2239 211 3366 699 465 1398 3571 2825 2809 3385 4057 2617 158 4524 877 3570 1624 340 4248 972 3138 2381 4119 4278 1833 705 2823 335 4480 4351 2952 4831 2923 4908 2796 3777 4121 3418 1605 4255 3979 109 3743 3628 3949 1299 4491 737 1138 1486 712 88 1710 4185 1536 2969 918 4257 1505 728 2160 83 4863 800 4021 3701 1035 3611 2981 2223 2469 620 4998 4699 831 4187 667 4597 927 1715 4345 926 4356 4606 3617 2362 1827 36 2036 4911 3476 4810 2058 3419 1869 3618 4593 532 1129 1983 2260 4519 4133 1198 4697 1823 559 571 4510 2526 1290 1044 4424 1408 258 3481 4455 2164 3491 470 4182 2083 4507 4406 2598 1216 3850 4648 4628 504 3642 1358 2401 4410 3204 1761 238 1220 480 4490 3074 1648 4189 4804 121 4059 844 1748 4735 353 2206 3189 4466 4343 752 2475 2773 325 2626 4185 1730 4742 1984 3172 684 2181 3368 714 4300 2573 4872 3184 4760 4964 3782 3543 1063 4218 2687 4345 652 4633 2015 4739 898 1016 4652 4640 3836 3367 2657 3607 1432 4652 3604 2650 2539 4923 4130 2077 2141 1511 1867 2571 451 946 405 1594 3879 803 3973 2757 557 2340 2647 4287 2963 1608 3594 4480 1634
2804 4777 4700 3922 4167 3992 4546 727 3945 4351 4010 4469 1966 4175 2182 2857 996 1373 3574 2157 3326 4165 4049 4198 583 4284 501 3385 3470 2133 2064 4197 482 4242 4672 771 4267 772 2824 1870 652 2158 4430 3286 674 2370 3795 2199 181 1704 3709 4460 2736 2252 2664 2426 3623 3561 621 1741 1604 3565 4923 1849 3781 3996 2119 3305 4419 3823 1957 3234 3150 1471 2740 2407 1235 1879 2196 964 4571 2871 195 1197 3412 1551 4683 908 943 3999 4619 3192 2769 317 1232 3579 1359 3542 1963 4019 26 1500 207 4122 495 4086 2562 1397 4310 4736 4265 120 679 3313 2299 1563 3443 1966 3766 71 680 444 1087 1710 3221 244 3875 1100 4086 4069 814 1807 3885 1649 1701 4618 3022 647 931 1683 4590 1078 4310 160 3883 3767 796 24 4643 137 4591 2393 4071 2208 4469 4040 2182 1063 1421 1235 3512 2028 738 4622 2857 3941 4965 1279 24 308 4347 130 4074 3398 116 2226 4458 4784 2296 2130 4041 1595 1864 3266 189 4253 1491 3229 4647 140 4394 4571 2330 2922 2785 3765 2365 2765 4895 701 4803 4876 2216 839 4403 802 1486 3718 3763 2120 3265 2167 110 1907 4776 628 1688 4094 453 613 1430 507 1321 1322 2504 2889 112 1664 2365 993 1325 2366 1256 2011 744 1932 632 57 3816 2028 4636 507 3319 2550 3917 1879 2858 2300 668 3843 1703 891 4914 4970 1868 1255 4732 532 2243 1462 1922 1703 3363 2260 3844 2798 4660 3309 2867 3175 369 3891 2452 2772 4690 2522 520 1798 4343 2606 4777 4106 1738 3763 2838 3289 3975 2797 364 739 621 4716 2063 3936 2599 4053 343 4448 3357 872
905 3598 4860 4167 1443 3882 3248 2177 825 2556 349 1215 2115 4365 3333 411 3060 456 2845 2537 2879 2023 1634 4733 977 96 4680 2244 4044 4493 347 53 745 92 1294 3873 2259 2917 345 513 3850 749 4406 495 3676 4305 209 4388 3396 1453 714 2341 4690 480 4124 4644 3314 1188 2776 1715 2263 4391 1892 4971 3127 2709 223 2106 3363 465 3605 891 3797 887 2929 4050 4318 4911 1400 2451 1295 3702 3689 1853 2223 2285 2496 761 241 1740 980 1574 1471 762 1389 262 577 1899 3603 3532 2594 599 3816 4922 3914 826 1586 2114 3581 2484 3947 1580 4195 3883 285 1849 2623 570 25 4625 1429 2997 387 4445 2531 732 491 1125 2161 4229 1667 4499 1847 1437 3938 135 1942 3577 4440 2201 3385 1201 266 73 4200 1276 1582 1571 4165 646 527 1128 4787 4039 3475 730 1500 1369 2045 731 1090 1638 4366 1318 2693 1503 833 719 2699 3436 1363 470 1138 2109 1961 659 539 419 1072 4729 1886 4958 3805 4441 4849 2450 1025 400 2359 2614 4966 3532 2585 1829 4110 4776 4162 4841 1242 1400 1328 151 1587 3793 1165 3154 1480 2344 197 4078 3142 4421 1097 2910 891 3856 441 2843 1586 140 887 4810 1541 2048 2734 4753 2383 2044 1391 31 4244 622 1584 2213 3737 3655 1426 4265 2068 665 1662 1609 636 41 1585 3251 135 356 4397 4016 637 898 3408 2523 4967 4666 3565 3806 35 4636 4163 346 3875 3038 4602 111 527 3347 4802 2050 2747 3814 2963 1325 1651 2289 3324 2437 506 159 3739 3849 1780 662 116 4702 124 151 2687 1525 2452 2401 4018 1062 884 3142 4767 3628 960 2493
4826 4907 4416 3992 3882 897 1264 4820 1491 2311 3947 2243 2984 2416 751 4281 4117 146 3839 2067 937 3937 3318 1792 3205 534 2072 3450 3458 3041 1883 1662 3989 2374 425 3585 3229 716 3071 4419 199 1521 1396 1454 3537 2503 2203 3884 356 2638 1542 4234 3823 2351 4294 2954 432 4512 4334 1125 363 4308 530 4387 2039 4137 4388 4805 2218 1953 4765 1305 233 1871 610 2155 1650 2812 3476 3613 1413 3745 4458 3298 3978 258 4948 1295 1072 3599 1389 2464 256 1396 4486 915 4687 4472 1075 2775 4727 2176 1771 3433 1493 3021 620 1434 2911 3599 4413 3788 4017 4325 2290 2432 213 676 1052 909 3744 3675 2511 2413 4466 4044 1830 522 4778 3047 2969 4581 2729 1925 57 4604 2097 1141 698 2415 617 2231 2891 421 4870 3428 3523 2396 520 959 4909 3724 2516 3239 4030 2133 4137 2361 2842 2531 1748 53 1667 3651 2917 2425 893 2050 3943 2347 3862 1195 3018 230 3974 2031 2497 2204 886 2239 1644 695 2992 2291 1593 4621 2702 4569 4574 3666 1786 2967 2385 1410 4226 4683 3419 2991 4149 1090 441 3012 1117 4808 3490 1386 498 2221 2697 2276 4427 1662 111 2459 1430 2856 4267 3478 4414 442 791 2124 2742 3034 2716 2959 4836 683 2766 682 2837 409 341 547 1695 2246 3899 1999 1802 735 2479 2917 4080 3987 862 3439 4225 3001 986 1539 4058 4959 2198 3472 4924 404 701 4592 1269 700 2786 670 4532 4952 1895 154 732 4140 3134 2104 3519 4758 1964 3987 1515 2970 3655 244 3896 2061 4865 2096 166 1005 1668 18 4369 1381 2605 1613 3873 3595 4785 4249 4819 678 567 2537 4251 2012
4946 966 622 4546 3248 1264 2274 1582 2653 2559 4631 3918 1046 1599 3430 4077 1754 4433 4096 3552 3802 905 1277 3697 640 769 4272 2850 1908 1887 4717 2903 194 1210 3210 3868 4469 2422 2444 2150 551 522 3998 761 4943 3594 4197 4811 169 2764 2475 2496 4816 3376 3579 2522 1813 4979 1710 2486 4887 2736 3704 2120 4473 604 2210 2930 20 3869 272 2346 614 4064 3006 1748 4564 2907 2509 16 854 2067 2822 3031 588 3226 4291 936 1254 1175 96 1597 3725 639 2249 4723 1415 4217 3976 2192 3619 862 4175 3303 2974 2396 859 2019 2299 225 2607 4840 700 3790 2152 463 145 2323 1039 111 3159 2604 2680 2661 952 4409 303 2364 290 3039 897 4903 2930 3109 2762 2456 3798 3958 3104 3741 1088 193 4602 4815 3931 4991 378 1560 4559 4424 3211 3087 4924 2129 4224 4997 4716 2327 4429 4504 2939 4385 1303 3235 343 4438 1632 1858 4785 746 3394 3137 3084 1629 3988 408 3058 688 3528 2909 1727 2523 2694 4397 801 3010 4590 146 180 577 4461 2602 4893 3246 1648 2456 4334 2895 2902 205 4576 3330 1645 4404 4247 2617 4123 799 150 2147 2229 969 2946 1782 4437 3752 4157 1219 3720 1148 4765 2426 4492 3342 3093 2404 10 2756 1473 36 996 1744 4991 1136 4962 2019 4351 520 1558 362 4413 4022 4517 1014 3683 128 885 4903 1215 60 1565 4545 1678 1231 609 31 820 666 3699 1130 1119 2258 4977 4556 3170 4908 721 1045 4330 2153 1387 3216 4132 4419 186 4291 2523 2106 1595 3582 610 3569 2458 2791 1028 4985 343 4473 670 103 1484 1305 3570 3507 4393 353 713 3455 249 886
3533 4348 3012 727 2177 4820 1582 1814 1563 1131 1255 2673 3231 1664 4231 1970 3174 4742 2126 2272 4828 3608 4371 1107 2277 3664 2013 2735 2756 3902 2274 29 4671 1411 4731 3885 148 2170 454 15 496 2661 3467 2369 3453 1074 4405 4569 4352 2517 2018 1283 3882 3224 4693 3880 278 2673 3642 3564 4396 378 4782 3344 2582 3768 2079 3321 938 3669 83 1244 4607 1004 3402 169 2609 2527 2231 1109 3556 368 3297 4552 4324 2174 1763 2569 3634 831 4595 907 196 2046 602 2122 1473 3775 3653 4299 2217 3476 4323 1263 4248 1366 3885 3192 4130 4147 380 3504 3554 4624 1394 3983 1345 717 3324 2532 2061 4603 3626 1572 74 1239 4750 1040 952 1274 2722 3349 104 342 4463 4793 4350 2009 4657 775 264 2701 2261 3747 4782 191 4462 3752 3308 2940 3646 4923 3118 2264 3774 1963 3533 4205 1579 2023 1320 1052 1082 1488 515 2252 1243 3894 3720 3122 3525 4811 1339 3612 3382 3072 4004 1866 396 1447 2513 1411 1828 377 2989 4351 784 1809 2650 3088 1940 2391 3244 4431 1886 2510 999 4297 2623 3883 1231 1740 102 1370 4819 4121 1665 1307 4852 2006 1529 3600 1036 219 488 3027 2576 38 429 3241 1339 2449 3443 4701 2643 2162 4869 520 4505 3115 1244 576 2446 313 1884 116 482 2482 1143 4293 2116 3194 417 4456 1536 2605 3726 4064 682 4842 4756 2354 933 3541 4291 2813 2425 3184 4761 2884 996 537 2263 828 4183 3709 1354 1979 818 3361 4939 628 1285 2505 4831 2097 1851 347 408 4164 2516 827 1692 1210 3465 1129 4282 1095 4198 4365 2069 12 2987 274 3187 4343 4951 4204 2469 3857
504 2995 4709 3945 825 1491 2653 1563 3138 1249 1675 4291 3065 1402 443 247 2870 321 2550 3687 3380 439 3612 1367 1949 1783 3391 916 1636 4127 57 419 744 392 1315 3678 4953 34 1252 1250 2082 144 1791 3628 275 819 3285 3001 2634 528 3053 2485 178 152 3277 2600 2280 937 93 3968 3252 2537 1719 1995 4969 143 3640 2840 2469 4126 3220 4936 1055 639 364 914 1028 2542 2948 433 1374 3272 3069 3967 3563 422 1464 197 59 3221 1261 1976 1512 86 4505 2547 1563 1675 3874 3599 3687 40 2605 4178 4329 2205 4008 3788 1334 713 1011 1193 4919 906 4317 639 80 1618 1617 4308 1471 2244 1033 4072 4114 799 2958 3703 2859 4483 1860 388 807 4068 4507 1903 4152 3281 2402 129 3869 352 280 3132 1837 3569 172 1064 1421 4957 391 1346 4945 2050 3474 3475 3561 4718 2128 395 4088 4197 130 4576 495 1003 942 1801 1663 96 2765 1792 4256 1529 2218 3071 1880 2883 4004 3852 1857 4606 1815 2977 1015 440 3800 3594 1087 4860 600 3591 2113 4523 4129 2294 2555 4141 432 1524 592 3775 3973 4016 2727 1182 3210 2727 3415 2542 4587 2984 4738 2491 3863 3595 3594 4372 635 134 3512 4589 4724 4115 813 387 163 189 4358 4152 4025 3413 2594 2933 3015 4089 4512 851 3650 2451 4637 1926 4484 2750 3830 1095 2609 3672 2889 2075 3071 682 3494 910 1065 4286 176 884 1254 4095 4342 553 1680 3668 1403 4406 3864 1127 1522 2736 3848 1173 125 1667 456 941 3332 3020 427 3368 3057 4205 314 661 2649 1428 1501 1322 2244 1368 2749 119 4702 1591 1948 3921 479 3687 4025 3573
843 68 4113 4351 2556 2311 2559 1131 1249 1236 2704 1478 13 4010 3639 3320 1000 379 115 4145 3382 191 4622 4888 763 3188 101 4961 4146 4124 2176 3567 2359 2453 46 1720 63 2742 4592 1077 2050 4989 2893 4582 2225 2571 516 3775 3633 628 2136 358 3008 2951 4161 3848 816 3095 408 3980 4043 454 1994 3053 3984 4673 2929 2309 3986 1060 1578 1981 1730 4506 3602 3461 3580 2618 3286 885 2944 4843 1429 1120 2995 3960 2305 4762 4862 1526 2767 3352 1443 2984 4003 4266 46 1039 3651 1691 4646 611 476 621 3488 4057 397 1385 704 1872 4434 3880 1773 2957 1638 3458 4515 4398 4532 4018 3899 3380 2464 1154 1103 822 1264 645 1948 2699 1631 4895 2147 4742 3171 3239 647 3327 2354 3123 2983 2156 3666 3875 4672 1410 3542 4817 944 4188 2342 3105 1356 4639 1293 1696 2977 3814 2562 3143 4905 2119 4647 2765 2621 807 1356 1740 2680 1299 1855 3727 4959 2484 2016 4407 1843 390 2380 142 4564 4152 4413 2555 220 4358 609 4930 891 3704 4888 3241 1774 4685 1607 1789 2547 919 2682 2898 162 2335 314 3975 3460 3078 1049 306 4097 4163 1659 2504 462 1409 1917 904 851 3641 4942 1337 2093 1009 49 1149 1637 281 2816 4832 3078 462 4601 4933 1249 927 4123 233 3062 873 3519 4512 1435 4522 2905 1169 688 3727 4241 2695 3804 3854 4724 3019 307 1008 63 2005 4274 3321 1151 3511 2946 1802 1683 4531 1347 4612 2230 3518 1891 3276 976 4435 1036 1011 4657 4438 272 4896 4365 4057 2189 2663 3094 942 617 3941 72 446 770 1850 4929 2934 3826 1234 3678 338 3400 1283 3557 1381
3417 4534 3529 4010 349 3947 4631 1255 1675 2704 600 3242 2944 811 1690 4943 2439 3936 3758 146 1681 2301 259 4677 650 2709 3735 100 1089 4089 3704 490 3964 1955 488 810 4612 3507 2250 1719 4654 237 4511 3609 4667 3181 3426 359 2998 1522 2820 2611 4748 3641 1533 162 431 875 2729 433 270 1198 1275 955 3614 2297 4695 2746 3665 1389 312 3653 4707 4311 3183 935 2823 3281 4220 2021 2746 1219 1660 1744 1574 416 4447 1740 4295 4122 3039 3173 4278 2798 4371 471 865 1924 1564 4473 965 804 2366 1923 3075 4293 1044 740 4698 1597 224 196 1720 1292 2154 2476 3086 906 3975 3631 1797 2850 2067 2785 4145 4965 3247 2556 2077 724 1313 3808 4339 3344 2551 3386 4076 2473 2621 2866 4379 1912 2549 2343 4554 726 4570 4112 702 3739 1401 2408 3365 109 4300 2592 4618 1219 4528 1930 3213 770 4241 4634 1030 4269 808 3987 2983 4141 1952 405 3183 4399 3987 919 2324 237 2115 3298 1974 2418 4427 959 1747 3780 3356 2258 838 4658 1155 4188 4388 1928 1285 825 788 4719 171 1808 4609 3594 1547 794 3046 2299 1962 878 4915 1562 3499 609 342 4491 3403 2125 481 2729 3360 3800 4157 706 1991 3457 2684 2873 261 3171 3869 940 2018 1376 753 2546 2940 1992 4019 4878 998 1860 4595 165 4657 388 1095 3751 1838 4749 871 952 2822 1329 3740 4231 1682 2547 103 2309 2988 2043 3824 1443 922 406 4047 1336 3625 3232 2661 2465 4668 1870 1899 2395 832 4813 1949 4542 3519 1574 3454 2991 3823 174 2872 4814 4319 2982 3979 1452 2150 2550 4267 4349 4863 2389 934 4172 1759 2612
2239 2822 3605 4469 1215 2243 3918 2673 4291 1478 3242 3207 3496 4839 944 2612 482 3855 291 3944 2358 2538 3502 2590 1306 4723 4630 348 4544 58 4931 4851 3878 4143 1446 3257 95 3893 4975 1632 3413 3965 1245 1190 3888 1006 208 2654 1996 2603 2327 1922 528 4859 4028 378 3229 3884 880 3082 4812 2839 1147 2975 1055 4985 615 1063 1592 741 4855 2300 280 2936 1486 1585 4798 4769 2283 2128 4071 809 1278 2153 3928 761 4072 4310 1530 1894 3350 2788 1640 929 1922 2784 516 22 4670 3010 2882 3402 534 684 2729 85 4512 4421 1911 750 3580 446 1362 4252 3964 4937 515 2254 3385 296 1109 4978 2934 3289 27 880 2701 3658 4315 2057 1968 4929 3920 4729 4734 2063 3890 3916 770 2178 1201 3061 519 3320 755 4229 3171 1127 2545 777 1401 3610 4322 3232 3541 4664 1792 3486 1203 455 844 1945 193 4839 157 4989 1006 3196 228 2503 1769 4434 1993 3916 1395 1570 1433 4830 1880 3094 4770 3503 3573 4169 2692 3619 1293 107 1585 3143 1022 4907 134 2362 2255 756 4646 2683 4574 3483 2262 913 4508 2161 2737 623 2476 161 3778 1059 3894 2069 2402 4171 1386 134 2753 1818 2917 4698 3716 3598 1915 1254 2685 3120 779 2387 3818 780 4395 425 3023 1579 993 4889 1384 1580 4443 4251 1700 3024 432 3364 4800 31 343 736 1580 1942 3845 1992 195 970 1545 3816 1171 48 1332 79 4881 1987 2949 965 124 1764 51 1299 4567 228 849 3877 446 3270 3769 779 4488 4530 2575 168 1743 613 2186 4299 2423 4987 3774 1814 120 1806 2524 579 887 2303 3749 3593 1325 3950 3419 3186
2579 4182 1272 1966 2115 2984 1046 3231 3065 13 2944 3496 4326 3605 4667 980 1325 4180 4958 4933 3782 2741 120 2291 3446 3111 3504 302 3067 2397 513 2523 2382 1273 1187 2590 1619 4995 1255 4144 4683 1818 2896 2435 73 2656 4421 4187 1462 1909 1556 2644 4274 4976 480 4733 3757 3428 721 4551 89 3088 2002 1187 1170 1052 3456 1617 3549 3931 1553 4565 1218 3283 754 1902 665 2376 3834 2531 3474 2375 2498 75 4351 1904 1381 293 1555 2130 4283 4739 3876 2597 4235 1859 1108 3142 2428 2799 3793 181 176 3294 3682 2556 3840 4021 2493 796 2756 2174 2086 453 2646 2130 2329 1162 2002 2040 3604 368 1731 3019 4718 4973 890 583 487 4874 4373 487 1972 4478 4854 4703 954 473 3856 3648 2472 4314 4210 3671 2488 2137 2857 1395 1071 2714 3419 273 4870 4317 3400 3499 4021 2526 3897 14 803 3446 1564 395 4082 2531 16 4292 2469 1412 12 254 1667 3692 3804 3341 3505 3183 623 2539 3060 2650 1493 1717 343 3752 408 2939 2787 2129 4553 2578 3039 2516 3824 628 3731 2459 3402 2900 3942 4799 3834 639 1396 4712 1633 2188 4967 650 1030 3351 871 2670 4430 489 2814 804 709 3677 3779 3681 3176 3560 1864 670 144 923 708 3990 2283 2721 4157 3597 4715 4793 4564 2313 3324 2632 2953 3831 4541 4581 2819 3402 3385 1585 150 2478 1228 514 3925 1964 3625 1826 357 4116 3091 386 410 1510 1869 1864 271 385 2541 4931 3413 3599 3515 76 4389 3199 3891 774 1531 4423 721 1778 4240 4890 270 21 2807 2031 261 3786 1079 4662 1811 3535 3912 2349 4759 4642 1051 2460 2187 2550
1170 811 3588 4175 4365 2416 1599 1664 1402 4010 811 4839 3605 4817 3952 3293 3528 1383 558 1968 1494 4931 2892 2315 2932 3979 2121 4905 2830 747 1764 709 2028 4691 1630 4187 3614 1192 2537 1983 2327 1861 1239 1549 2362 1963 3313 4987 112 1344 50 742 4898 4642 3853 679 1936 1304 4363 2640 159 1962 3893 4757 2171 81 999 2110 4519 2687 4014 2199 3595 4387 657 1934 2873 497 1838 1545 4471 3731 3548 2936 1595 1840 2152 2329 3159 2984 3657 1222 1754 660 3295 1027 3883 3663 4326 2821 4620 2769 569 2531 3262 175 1262 4570 1543 4832 3167 3869 4079 2093 3410 3525 814 4540 3056 1785 1616 3816 4587 1209 3655 1870 43 2545 3437 1237 2417 397 2252 1322 4276 3029 1459 3031 2547 3957 464 4141 4796 965 3254 4149 4107 3050 1946 2764 579 3852 397 1202 3678 3606 478 103 2305 3343 4632 1888 4290 2024 3365 2235 2457 3536 1949 228 164 3035 1449 4944 4344 4572 4276 3886 1524 4319 1355 686 2105 4890 2153 3701 3320 289 3567 2534 970 752 2024 1581 739 131 3306 3454 2298 4856 2344 4250 939 727 1492 2709 243 2604 4277 4773 2861 518 4011 4276 1207 1714 3282 2695 2040 100 4524 3186 2185 3878 225 4291 1015 4288 348 4998 3176 817 4381 2711 137 612 53 2085 1025 986 2802 1944 1658 4753 1180 1008 2029 1815 4388 1373 2325 2168 4273 515 3053 3874 2570 4065 3770 2020 1544 3377 3447 223 674 3929 1316 1012 730 457 2826 609 1386 1611 2908 218 2971 84 1708 3471 2308 2405 2207 3901 1710 4048 1548 3854 4717 2196 1061 3635 295 3102 787 869 448 3994 2868 1196
223 2597 4655 2182 3333 751 3430 4231 443 3639 1690 944 4667 3952 2557 2212 880 2297 3205 1969 4981 632 3716 3436 4848 4836 1242 2190 67 2597 2341 2830 1588 1920 2869 1285 3429 3340 2109 1727 4256 288 3359 2536 3788 3255 1908 995 1995 2546 3726 95 4716 3646 562 2792 4207 2576 1062 1580 1385 2240 3705 3002 471 3847 1309 1310 1453 2789 3684 4839 1962 2968 1757 349 481 2745 2173 4543 794 4220 2961 1065 4730 2920 2484 4882 2080 4285 355 2123 1954 420 2632 4215 1053 3320 979 1207 3566 3154 1489 1861 4488 980 3974 3913 3829 2976 3839 4177 1534 3348 773 3602 1051 3806 4792 590 973 1552 3614 4291 3189 478 2400 3302 3511 3836 1088 541 4383 4755 4720 3343 3549 2813 3900 4501 4763 3828 1241 210 4627 856 589 505 4312 1677 4599 2673 3653 4770 4457 4110 2939 150 4487 2330 2107 1847 4762 4561 4398 646 2614 943 2611 2949 3492 20 901 2806 324 4163 3289 699 1692 2088 1002 3843 1661 2013 1014 1406 356 2776 3169 1201 2248 4856 4439 4093 3643 155 320 2933 275 1618 3581 2024 4241 1623 187 1337 524 2765 1753 311 3142 948 3757 1530 3806 3295 761 1029 2701 2554 4417 2656 4557 2793 4256 137 4441 4921 4026 4220 2730 1982 3801 4437 4350 2466 1368 3007 1085 4849 4609 3327 699 1107 3976 201 1098 4695 3403 4816 1964 3444 357 4654 4605 2255 1716 3585 2566 1877 3625 1105 2578 4155 590 4918 4816 802 2383 4577 3630 3509 906 152 4134 534 2850 1220 3351 2919 3710 3656 1000 2071 136 4656 2203 4631 141 24 3775 15 2122 2877 2945 361 4742 2264 134 377
4726 618 4832 2857 411 4281 4077 1970 247 3320 4943 2612 980 3293 2212 673 1129 2690 4907 2175 4465 866 688 175 42 3084 874 979 2307 1543 4817 119 1516 435 2027 2678 2117 2674 4390 4094 965 1031 2386 1177 1477 830 1145 2725 1671 4126 4857 251 2641 1097 3087 1075 2218 1779 2025 3883 3098 4532 4283 3762 4009 3680 3861 1882 550 1311 3822 1384 2605 3500 4729 1057 4449 3066 2797 2141 3574 368 675 3516 1164 1323 46 805 731 3621 1564 4872 3305 2645 4420 3889 1833 2772 4981 4892 530 4211 4099 2084 1337 2345 2766 3049 1682 978 4564 138 4394 3525 3105 1679 3145 1639 2657 4913 3475 1437 1813 4853 3003 997 598 3483 1604 4187 1729 4817 802 4376 2990 1708 645 2240 3400 3040 1521 4393 2117 2541 824 18 3957 3026 2787 3139 2058 1670 111 3967 4813 3929 787 1291 2509 191 1097 4900 2630 3042 497 1252 2961 2648 1861 4354 4858 3393 3199 4064 507 1934 1849 3089 2511 587 718 3039 4852 4691 239 1037 1258 3043 1109 4706 4048 606 811 1106 714 2726 2121 1482 2289 3550 2656 726 1300 3920 3421 2827 2175 835 1686 12 1625 440 2138 4150 828 4748 1008 3118 2574 785 195 3906 314 3640 1646 4308 3839 1505 3018 246 2775 293 2831 4593 3160 1464 2358 4606 3636 4730 2539 3258 737 293 713 4959 2472 2274 18 4795 785 3645 3469 2927 298 2447 921 1792 4768 1843 296 1177 925 4203 2010 4144 613 2916 3805 2047 3132 689 4007 984 1222 1615 1443 597 4770 972 2731 4928 2781 2052 386 1360 721 1128 4920 2186 2035 4332 2114 80 3446 2651 1176 543 1441 4191
420 2121 2649 996 3060 4117 1754 3174 2870 1000 2439 482 1325 3528 880 1129 1460 1626 3471 3174 2442 957 356 2397 2518 2012 2346 56 4395 3097 3397 1623 4145 2567 287 4087 4639 3160 3748 956 3200 2377 2539 874 3210 3891 1185 1699 640 1891 4935 1221 4418 2940 2764 740 2945 4414 4871 3382 4166 3569 3070 4738 2742 4062 4405 4706 4091 3502 4701 3986 112 4167 216 2772 3284 648 1888 810 2329 259 2089 289 991 1286 2115 4966 2118 2446 777 1476 4666 4791 1330 1124 2835 3616 3758 3693 1861 4135 22 1921 3907 4961 632 3322 4347 1185 932 1269 3015 2172 4003 2492 2053 1477 946 3098 2231 1687 1529 2920 1284 4803 1007 2534 2339 2908 1258 3270 505 2870 191 3907 4018 2447 4242 4412 2367 2697 3866 3162 4147 1208 1086 4864 1807 391 3639 1488 4304 3652 1087 3281 3213 3434 1444 1328 4121 2001 989 2009 3321 4786 141 4898 3944 1998 290 3606 2360 2022 4448 543 1167 1384 901 3177 3734 1598 798 3974 3962 162 1908 4018 1883 1855 3813 3838 901 83 4315 887 3383 295 3845 1258 1611 4697 3715 1843 1164 1014 675 3250 692 2559 1674 1557 1645 256 3077 1542 1918 2629 3456 4982 4990 4898 3993 4531 3156 2534 4426 3248 2802 2006 50 4748 2709 4113 4270 4485 2903 4116 3888 2065 983 4504 3662 2571 4703 1127 2801 4364 609 322 4246 3840 4874 872 4140 2896 4951 1846 776 4733 2079 4711 186 2807 2120 1153 3487 4984 3544 3236 4956 3620 4838 256 4088 1382 3268 3826 2266 1238 3036 3788 2227 2239 1877 530 4016 3030 4714 343 3684 3891 4004 1010 4232 2138 4221 733 4832 3912
1850 1853 3882 1373 456 146 4433 4742 321 379 3936 3855 4180 1383 2297 2690 1626 3147 2811 2029 2609 933 2817 110 4009 155 4863 1519 465 2654 3026 3916 2005 3510 3300 978 12 1401 1237 4197 4207 2922 19 2310 478 4868 2278 1416 2432 538 4119 2835 1886 2911 3011 1982 2351 4245 464 2803 4021 394 2192 4203 1909 2717 4853 1185 4018 1322 3320 1891 2640 4007 2362 184 1185 4757 2551 3964 3153 92 4590 845 1733 2292 3300 2657 948 2908 4208 61 335 4428 2610 1975 2396 3268 4609 525 2136 4058 3857 3451 3786 3204 169 2196 3197 176 404 1982 341 4508 1333 616 2219 678 1121 4448 4982 2458 1977 1896 1877 1016 1780 872 3881 3941 2419 4539 1014 4492 2198 1777 3378 497 688 3386 1858 786 1748 2929 1871 4274 2593 1800 3967 3086 359 4295 697 202 1462 3631 2816 290 2872 3005 1216 3315 1840 2115 3479 3445 2959 1812 3686 1097 363 1273 1977 2103 4213 3805 4685 4062 196 739 1001 4624 4571 2726 2372 2295 161 1721 1298 3558 1323 1549 1798 3416 1527 4295 1789 17 2420 3074 1109 3636 1081 4225 4798 3739 2899 1467 4514 3495 1257 3830 2105 3750 4120 3615 2293 3710 1190 3747 3842 4083 4093 970 2743 4274 270 4479 366 4295 1982 1247 1872 4308 52 4216 3799 1082 572 443 493 1262 3256 3722 2790 2765 3456 3881 4479 2577 4813 537 2703 606 2481 504 2740 4544 103 4703 3121 4563 2422 3173 1541 4597 1183 349 4061 2502 4812 3195 1989 1014 2356 2401 1349 3635 1834 4430 1998 1282 3700 4990 4631 1101 3272 421 1891 3172 1687 967 3217 4135 3817 4054 1273 574 4656 2890
3064 3674 944 3574 2845 3839 4096 2126 2550 115 3758 291 4958 558 3205 4907 3471 2811 2117 315 554 295 4996 4977 1863 4122 1481 1714 1047 2510 957 4242 1258 3480 2929 3674 3486 752 4615 1548 4309 3488 2481 2607 4509 4152 1327 2887 2906 4156 143 4153 3573 2354 4647 3898 1819 4263 3328 270 783 2446 226 134 2275 85 2048 788 4369 1693 419 4606 1520 885 3672 2800 2575 234 2773 476 4702 211 4569 38 867 2896 4968 647 4161 1423 717 1757 2985 2110 4072 3291 4928 2056 3301 1727 1397 2538 918 4366 4904 602 2716 1726 4691 100 2971 4382 39 3979 176 3654 1499 2006 4297 303 1040 1167 107 1221 1539 546 3355 4642 4674 2282 2840 2110 238 2005 239 3310 2100 2973 574 4376 260 3704 3108 3314 1198 3662 2255 328 3183 1822 480 560 436 1725 4459 3416 3848 143 4133 2108 2668 1110 1084 2219 535 1602 2861 120 406 289 373 829 3723 591 2995 105 2359 654 1451 778 2245 2152 4747 3833 3857 324 480 3848 4136 1018 1753 2543 2845 3977 24 2330 205 122 3593 2694 2673 2336 2751 3251 618 4811 3526 146 2031 719 914 2541 945 1977 3181 1797 2186 517 1595 3000 4752 2899 178 117 3781 2349 1739 235 4301 852 691 1214 1556 3735 4847 3624 1831 4598 1207 1431 3905 3634 2691 2645 828 2600 3380 1458 3488 4180 3567 895 427 4464 1700 2907 1808 4839 4017 4304 3022 391 724 2970 2465 1396 1877 1836 10 1998 1288 1581 3651 4590 1979 3968 3884 4302 1335 1998 2452 1676 2049 2701 3419 1537 4399 3045 3251 2417 3034 1537 4378 4194 4740 3845 2445 4917 2975 2824
3001 4564 846 2157 2537 2067 3552 2272 3687 4145 146 3944 4933 1968 1969 2175 3174 2029 315 1614 4647 568 2198 2453 1564 4699 2996 1624 625 3996 2290 2406 983 3878 3174 4142 2876 261 92 991 939 4084 2895 1740 1850 2332 4870 311 2097 3635 3573 3511 252 2625 1695 3778 4938 2125 3921 2601 1660 954 1608 2225 3457 189 1322 4990 524 4686 948 3572 4694 3786 2556 1730 4420 1222 3476 2810 3005 84 2967 3482 3610 2150 1092 1953 4689 2657 2773 283 4476 2528 1311 3152 3911 2790 2724 1472 2252 2578 357 4062 577 2409 4543 4606 2417 24 740 3783 415 4024 573 2075 573 4255 310 2857 1636 3878 3842 3118 2002 2418 2341 3732 3371 4987 805 3335 2402 1263 4854 1800 4252 591 3194 4908 1781 4910 2931 4092 1142 3389 1751 4701 4638 2990 3581 1295 2694 1291 2290 86 3428 1305 13 3982 2164 326 862 1593 3468 2131 2069 1494 3619 4467 3711 1515 4951 1924 3141 68 4088 1929 4016 2958 2053 2219 2077 3997 312 4483 2581 2673 1798 3347 2288 4325 4447 2395 1703 120 4487 4914 2276 1591 1060 4805 4899 233 3102 2258 4157 697 1224 744 481 4567 307 2092 1993 3258 4780 390 2330 4776 4422 748 1522 4209 4936 1191 4980 3391 1999 3287 4068 4014 2581 1558 4337 541 4679 3700 2749 4209 1378 3842 3584 2061 1886 3962 2004 3117 1990 2357 153 1977 1041 2928 2658 4652 2544 3606 3005 2395 722 1934 96 4169 4363 770 2102 1216 2003 829 1436 1077 1018 2617 1584 4093 2908 2240 713 2511 3893 427 2266 2433 2819 960 677 372 797 1601 3759 2849 2795 2131 635 624 3307 4803 4815 3951
446 2520 4730 3326 2879 937 3802 4828 3380 3382 1681 2358 3782 1494 4981 4465 2442 2609 554 4647 2924 1541 605 3579 993 1513 4663 94 1915 2524 161 2505 974 1360 3376 4421 3348 401 2332 696 3618 14 4566 1801 2452 3876 916 892 4309 1916 471 4897 1609 4501 1074 855 1778 4981 35 1178 4741 4615 389 1448 4060 4034 3149 2125 3416 251 916 2198 3529 1396 1772 1774 870 4170 1919 4565 1248 1417 3326 3144 3653 4366 752 3164 3606 3982 1281 1983 860 4364 4253 1236 295 4696 714 4370 254 2412 71 3710 4249 2818 2221 1629 522 4047 2526 919 545 2281 2293 2796 4644 580 2041 1921 3807 4366 144 4127 1664 1833 3044 1857 973 401 2593 1409 2070 256 3465 1980 2791 2218 160 2141 2992 1152 3926 2182 3371 4125 13 4481 2745 2345 590 2441 1819 2510 2115 4843 2983 4521 3411 3573 3874 4117 4014 1531 4078 631 4047 2968 668 4821 1985 281 4102 314 2525 639 4845 4680 2274 1722 4499 2268 3828 3365 2274 3296 84 2817 2071 2100 2909 4432 2705 2559 2228 444 4264 2598 312 1181 1396 2217 2366 2451 2070 4869 2724 665 2080 2038 3123 4426 3064 4846 3526 174 4663 3943 2831 1746 4465 2473 2039 66 832 377 576 3811 2450 1969 3797 691 1595 2650 3986 2311 4462 3022 4013 3164 3693 4538 4810 4276 3821 4722 351 2588 1169 2069 754 3789 1311 1436 4286 4911 2982 3823 1077 4229 3936 3423 3144 2916 2387 3809 3872 2046 3005 3844 4287 3644 941 4243 890 4718 1958 3153 3554 1165 2259 3238 4551 4624 192 2895 3617 1615 2457 3076 4996 2470 4866 1575 827 312 2179 4359 3702 1771
3351 3586 3494 4165 2023 3937 905 3608 439 191 2301 2538 2741 4931 632 866 957 933 295 568 1541 1761 3984 3016 409 2131 423 1895 978 574 1350 3086 1800 2447 3846 3501 754 4925 4836 1939 4874 1803 4296 894 3775 4273 3892 223 139 3834 2644 2202 1010 2425 3773 1042 3205 3274 4661 2148 469 4130 4006 2182 2330 2189 4505 1485 3266 3921 714 3761 4740 522 1386 1167 214 4066 3175 4023 4101 4951 1667 4117 595 1439 844 4670 1431 190 1947 595 469 2186 2350 1035 4949 3449 4280 4964 984 15 251 516 4034 4364 2244 4214 2657 2306 131 1262 2136 2091 3514 2993 368 3725 84 1598 1973 4070 4601 3705 3077 2759 2489 2973 2001 3273 1615 4423 4959 3452 4416 591 3392 4985 4252 4391 3425 3809 3247 2492 2616 3385 2632 1237 3479 540 1535 1821 4033 3602 2677 1767 3287 3001 3993 4551 4196 3584 3902 3887 4477 2975 2210 2447 3579 2328 1706 2675 2106 281 2594 779 4623 1528 1300 3637 65 3527 610 2276 2661 739 1120 383 4431 4538 3102 1485 2024 4961 553 312 4621 1714 2622 935 3065 880 4405 3089 2402 4862 2642 3160 4794 3298 4624 608 3160 2016 3463 4818 4939 3241 717 4842 1084 100 2828 2987 3255 3483 3559 95 501 4633 2120 287 1963 4759 3790 864 505 1181 4669 961 1095 4929 2506 2957 1714 2734 1946 2063 4918 1097 2370 3402 767 2669 1329 670 907 1517 4776 56 918 1082 4554 3203 4778 3532 1609 809 4856 337 4473 3273 2434 1697 4843 3441 3374 136 3423 2283 337 1959 783 4342 385 3100 288 3039 1486 3949 4796 2846 3116 3746 4134 3435 3748 573 1996 2295
3093 3060 2880 4049 1634 3318 1277 4371 3612 4622 259 3502 120 2892 3716 688 356 2817 4996 2198 605 3984 390 2578 3530 4021 1430 1575 1724 824 2831 1236 4284 2630 3165 2063 4823 3110 2928 333 4202 4289 487 3241 4826 4670 1841 4603 2488 3936 355 4154 3515 649 407 2399 2526 4901 1260 938 1486 11 3097 2183 3506 290 1495 489 4899 1361 1503 462 3839 4992 4822 3809 2569 2986 1654 1737 1681 3436 3747 4407 1881 3013 4830 4326 478 856 923 4545 1988 3887 4351 4123 556 4229 4447 493 3461 2209 1400 3365 821 1990 3911 2179 1189 4061 3427 4286 4829 4712 176 348 197 349 1456 1884 3908 4857 2662 2991 1281 1332 1898 4358 3788 1978 1599 1240 1489 1719 3046 1790 4991 2682 3250 4257 2140 4231 3693 4778 3915 4852 1529 3499 4865 2547 3694 3424 2483 4428 2001 4465 2896 4674 4828 4785 3468 3853 1215 1257 1391 3207 2799 559 4609 4491 4345 1991 2036 3535 1628 4996 2453 1682 226 4035 4717 592 4181 3934 1361 3543 4185 679 4654 1309 522 4959 2403 3932 2466 3118 2172 985 1229 4432 1073 2811 3367 2009 3069 1784 4642 1430 3290 3471 2377 2551 4626 602 4895 4385 3236 1900 2579 4025 2305 2677 2500 2494 4771 1008 2996 4795 346 4810 2979 2647 1719 3293 971 1466 3968 4782 4504 1005 4324 2064 818 4554 2414 4772 4364 1907 840 3233 4511 3178 357 166 4270 3182 3386 2547 15 1070 2578 3839 4430 562 4550 1612 3014 3273 3333 1990 1073 535 4581 2880 1170 2476 3824 1432 1903 1681 939 2330 2895 4794 1549 1251 350 3963 1210 3106 4082 3918 4626 4474 2751 4597 1695 3398 2113 3051
2700 4238 4664 4198 4733 1792 3697 1107 1367 4888 4677 2590 2291 2315 3436 175 2397 110 4977 2453 3579 3016 2578 2015 2461 672 213 877 4908 3665 1768 173 3913 3777 447 1323 1047 1597 4184 3329 2062 1232 1802 319 1848 1526 4510 3557 3305 3663 522 1502 366 3795 684 4550 103 1785 3030 3421 4055 296 2501 64 2570 3074 1245 2759 3379 989 1059 3730 900 3857 1787 3283 3735 4316 909 248 405 4778 3687 2007 3841 4372 3283 813 2273 281 637 447 1278 1883 3699 4470 2231 4348 3388 805 32 2294 4036 2861 2266 4133 3884 3483 1319 2229 3707 1658 1943 4829 1276 3203 2496 1019 28 3412 624 4940 4248 2128 1579 574 3428 4808 2436 237 1804 652 607 4228 4278 3649 896 2629 2358 1645 57 4692 4595 4777 4046 2405 596 4719 1451 3494 143 1738 4025 3683 1351 4843 739 3812 3747 4807 2803 2492 3255 4828 803 1119 997 3828 4458 4702 2668 2871 2312 4048 840 1894 4500 1372 2847 4031 1569 2451 1275 3691 2988 316 2288 3889 1075 4816 2021 2147 34 310 395 1136 3786 1602 3907 4403 4223 4274 2267 2112 1989 2752 4010 3982 1278 4595 3022 4465 4582 4987 4053 2834 331 4540 2393 4484 3203 2251 3694 3269 2866 762 4072 742 2506 3901 4674 4729 2122 2649 2004 4539 1343 3220 4337 1543 2536 3194 4274 118 1869 4386 1393 2671 1717 4795 4635 4816 3799 2442 786 4972 1655 1799 296 1105 1539 4707 2136 1612 2862 35 4798 4795 1020 4420 4205 4563 4360 4140 1711 3401 1688 3016 4362 2344 828 4273 3283 2760 2412 3657 4051 3331 2153 57 1166 2609 3991 3987 1016 3596 2245 2147 2611 1667
2252 840 4263 583 977 3205 640 2277 1949 763 650 1306 3446 2932 4848 42 2518 4009 1863 1564 993 409 3530 2461 3642 374 3408 2913 4402 1443 4987 3899 1412 2315 2256 588 3911 4683 824 2681 1129 642 441 735 3912 3200 3085 1783 3542 4504 1245 4458 457 343 4527 2979 883 3310 476 734 3327 4592 3189 4345 1131 1261 2253 2199 4024 4453 3553 824 4114 511 3570 4566 2125 16 281 2932 3183 460 3714 3199 4150 1817 4236 3226 1754 3121 4399 2542 1330 311 4685 4391 837 3116 1496 206 2855 2598 2457 4796 3389 401 3101 483 4994 3190 2312 4803 44 4420 3692 4696 1933 3763 2332 2541 2202 1005 1064 687 273 2367 1343 3356 3683 3391 118 2202 1592 3559 1711 3359 146 303 2150 895 3922 1210 2513 3133 3704 2164 1465 1468 1378 1948 4359 2109 909 565 3217 1756 299 4568 1265 1496 381 1415 3681 960 220 351 4929 444 2205 3903 239 357 4672 2612 569 373 2374 1624 4507 3319 778 2884 3172 945 2423 4630 1882 431 4015 475 4392 4610 3870 3419 1972 2795 852 748 3571 1566 1888 2782 4510 950 4026 4249 2737 3571 4895 3135 3727 701 729 801 3343 3299 1435 3453 4656 4485 4200 61 4429 3337 263 1296 2272 1431 211 1010 4189 2383 2913 1525 882 3291 1618 3796 4836 1595 1924 4373 4422 1073 4331 1222 3539 3168 1492 2793 4972 1055 2702 2529 2648 2997 1617 1693 4724 1110 3024 3616 1020 3494 2464 4857 817 413 3479 4391 1343 1759 1279 1770 828 2603 4137 2353 3649 2286 3636 4043 258 1339 1242 1732 3216 3175 4059 4625 2790 185 2227 516 2017 3240 3547 1769 3550 3182
3027 2968 1299 4284 96 534 769 3664 1783 3188 2709 4723 3111 3979 4836 3084 2012 155 4122 4699 1513 2131 4021 672 374 2292 22 1078 4060 2774 2487 3902 494 1243 1872 3910 4253 658 4409 3623 2995 418 1845 2842 3276 4957 775 2188 4009 1891 1431 1633 4678 4425 4767 1079 4292 1361 4367 2300 1260 3122 4591 1182 2826 425 4729 2494 201 3165 3363 1432 17 2813 1058 2835 1726 4563 2065 679 4119 1945 4850 1605 4359 4937 3150 1866 4773 188 19 4471 1917 4927 3597 1333 4538 4603 3214 4373 2258 4321 64 1652 2038 3089 1032 2343 16 763 2689 545 4768 4190 3412 3705 4354 2540 4779 4271 2871 1815 3936 119 513 3819 4441 397 3904 1703 98 1418 1476 3530 239 1548 253 3524 2677 2804 3711 4155 4192 2540 3840 3156 1042 3392 2866 955 4791 1399 4199 200 2975 3899 590 4152 1763 2141 702 2087 2900 169 2480 4009 1429 4038 1129 2612 3421 4741 254 1767 874 3363 1392 2673 3319 4084 4794 1776 3915 3640 4309 2392 3295 4020 4353 271 3042 2512 4231 4893 3662 3679 3476 2514 2086 744 419 4581 4876 2000 888 50 1695 2986 4621 2822 1173 2329 2896 4611 4497 2683 2473 4021 3934 443 727 760 4686 3988 1377 3593 1158 2166 1334 3312 3469 4321 2675 1532 1124 3034 1778 4586 4760 704 4379 4832 718 4369 4534 108 644 552 4130 1086 4106 2842 2303 3214 1854 4493 537 3192 4154 2766 4494 2572 1937 3980 4281 2814 3587 3995 511 3583 1701 1492 4425 2799 2429 4130 125 1899 3171 2206 3420 2314 2919 1051 1197 554 2174 3618 3590 3774 4105 1197 3126 4829 511 2990 2618 1883 926 4902
