N: 300
M: 60
Symmetric: true
Triangle: false
8 133 148 217 246 290 202 57 255
7 295 63 52 247 141 112 167
6 66 284 260 282 221 111
5 152 164 226 186 250
4 103 31 270 171
5 9 75 78 233 227
8 288 40 224 184 23 163 128 299
6 177 157 199 269 213 156
7 11 30 120 267 198 190 169
6 179 71 24 27 106 278
7 170 159 266 134 69 140 25
7 127 216 142 144 196 124 225
4 81 174 252 68
3 243 97 293
5 248 223 121 265 272
2 21 37
5 168 85 101 12 74
4 279 29 215 44
5 228 33 6 131 137
3 4 19 292
4 273 7 5 166
6 291 114 130 138 222 20
7 10 263 38 54 210 123 207
5 16 192 277 289 59
6 241 26 191 96 220 249
3 258 259 91
3 109 218 182
5 135 105 65 129 245
10 214 55 49 180 22 145 257 296 194 84
6 90 17 102 242 280 201
3 275 116 146
4 209 50 62 88
3 46 2 300
4 155 154 219 61
4 115 173 58 89
5 122 39 104 240 77
3 87 239 45
9 143 113 206 183 119 18 92 236 95
2 8 297
5 187 28 237 1 205
4 108 53 261 208
5 3 107 158 234 36
6 93 160 82 70 15 79
6 13 147 48 83 172 251
3 294 195 118
4 73 94 188 189
5 136 286 56 244 35
2 181 212
3 14 67 232
6 86 185 262 235 139 80
3 287 100 162
6 149 175 99 229 47 274
11 60 193 51 203 211 264 110 281 230 161 178
5 98 200 132 254 298
4 256 32 276 125
3 76 271 238
5 64 41 231 117 268
6 151 126 150 176 197 204
3 34 165 253
6 283 285 43 153 42 72
1623 2272 1991 3053 2357 816 3502 2227 3006 749 4100 799 2543 1344 4211 4047 378 1006 4251 2167 862 2887 1200 2619 3143 2868 991 3311 642 1299 4321 484 1437 4905 1453 3819 4149 1193 3904 2756 1954 2036 752 1713 1705 3323 2125 4489 418 3099 1114 3759 1136 1375 903 2319 3675 4121 2156 785 596 4392 1769 1025 3345 1145 4455 3764 1356 4627 983 4084 662 3765 3263 3994 3350 4631 2382 4379 1837 143 2233 3021 2266 1981 640 4155 4289 2586 4737 3612 2917 3880 4106 1498 1355 556 4011 2794 394 3197 4845 1723 1914 3962 1803 2391 2795 4506 2891 3789 3549 356 857 670 4536 2985 4795 3063 4352 3271 1017 1623 3341 1714 4558 4255 27 2194 2064 4512 4442 3869 3657 1853 1639 4143 2792 1955 2683 3995 988 3948 2705 1625 2832 575 2471 3782 3353 1547 1745 4492 1110 2503 4876 4012 2495 1455 2043 1335 409 2279 2871 1529 4825 1372 1828 1262 3762 3517 608 308 2866 2753 4804 3683 3462 4087 1822 918 2784 3725 4470 3780 1904 1844 2395 3192 1974 1471 4136 2609 4869 800 4557 655 1924 2597 1683 2869 3035 3168 315 3270 2425 333 89 3650 4628 1334 2468 1771 4408 2218 4429 2277 651 39 107 905 2214 3834 4667 777 197 1411 2501 1257 4683 3572 3962 1565 2789 1612 2379 2046 3397 3487 3274 2099 2423 4816 406 723 159 3692 4049 3461 1642 460 4083 3497 1327 1627 3616 3376 709 1014 333 726 2997 4327 1756 902 4752 1674 4863 3011 2324 60 4901 1075 3077 4418 3307 3362 4482 4646 1874 296 971 2836 3011 3629 2296 2517 934 2076 540 2204 644 4939 2770 3199 686 3696 891 2293
2272 4579 4623 3253 1736 1853 2150 36 2593 4249 1721 1364 3808 497 3030 532 3486 4882 4283 1495 1630 2691 3190 2189 1958 1488 3759 2138 3637 1628 3222 1931 3742 4041 4364 21 3188 2783 1151 3764 192 774 2452 3868 1688 4050 1349 4389 2098 2046 4827 3947 2741 1836 1679 4472 4616 3091 4420 2929 1561 4105 1625 3304 2976 2982 1392 2113 2655 968 3296 28 1428 1886 2883 3607 1977 4313 312 2427 3509 3587 4976 601 2877 4136 4107 648 4841 2807 4967 404 2380 2971 2509 4673 2529 1630 420 1852 3206 1394 4311 4423 61 4170 2688 634 3630 2039 4814 1801 4114 3511 797 3452 962 174 2995 3057 2266 3847 2118 902 2834 2408 4440 1377 3460 3946 1549 3455 3011 818 3289 42 914 806 4265 1041 948 2201 2385 2963 2197 1951 3886 3568 3240 1273 3387 2801 2430 4900 2470 4651 2335 806 1645 1556 1158 174 4193 4794 4075 492 4345 4229 1021 1161 4511 4641 1060 4556 3009 385 2525 2476 3937 4913 2020 4816 1074 1459 621 631 3038 3352 4190 1863 3095 2717 3529 4043 2799 4515 4351 2033 3680 2555 2861 3693 4510 1815 4161 429 2097 976 4173 1971 1267 4184 3209 4809 116 1128 1936 315 1447 2712 320 1355 1978 2042 3681 2661 2712 397 2649 4556 3399 3847 553 2804 444 4758 943 3575 1497 1236 882 3128 145 1066 183 341 3291 2161 574 1764 3544 3249 2471 3962 4086 132 1902 4726 1047 2243 800 976 4266 1863 2433 72 4828 3175 4440 2971 4791 1696 4727 381 4492 1073 1269 2680 2816 4526 3718 1314 4477 4228 4212 56 504 880 2851 4797 2588 1670 3393 162 752 3367 4602 2564 1969 514
1991 4623 1170 1558 3351 2166 3353 102 4480 845 3023 2099 4585 799 688 4463 2950 542 2066 2673 117 3789 4335 3568 4810 3827 2040 2250 1632 3113 2266 837 3408 4781 2727 1100 1546 4648 2490 3374 2589 4419 2807 2805 788 44 4863 2842 2620 456 4943 4009 2901 2272 3642 2681 379 1267 1329 862 1518 3716 2060 1435 4005 3429 2194 1551 2260 2796 1666 4619 3748 2244 1340 911 1732 4890 3686 698 3524 572 1560 1184 30 757 4940 3111 2539 4306 1833 4411 3445 493 1689 1496 2991 4887 1848 4447 516 835 4550 1192 1452 2229 4255 4065 3901 3077 682 628 726 389 4908 3877 1102 2368 1467 3701 3841 3412 3289 2659 4577 2676 4992 4828 1272 2163 4429 4921 627 4230 4710 3546 2836 4364 4646 2970 3168 621 3347 2780 1206 3754 2637 922 3586 1519 1834 357 535 263 2740 1890 2336 2576 4179 1757 3091 19 3468 2116 2912 3995 2973 2568 1273 1533 4754 428 3726 2970 657 3827 2352 1939 1608 4769 4800 2468 1981 452 1648 3908 1521 2860 4653 1777 1754 2527 1315 4005 407 991 2178 4475 2702 1352 3311 1401 3352 4287 3605 3240 4315 1869 2960 2655 3334 3433 2976 3304 1601 3913 2421 1757 3562 4232 1798 118 2044 1223 1990 881 368 3965 2046 1265 934 261 2039 3865 4511 4916 278 3487 2354 2865 758 2341 2994 1211 86 4209 3678 2565 2646 897 1887 3706 817 4072 3342 3965 4817 3355 2151 3580 3040 2184 3758 3843 3637 4525 3502 2213 4201 4771 3559 1764 4953 3347 1732 1322 310 4150 1462 4958 527 585 719 3262 4108 1309 1796 2100 684 190 3511 392 922 915 1647 732 4652 4775 2983 1166
3053 3253 1558 3478 2462 3501 2296 3662 2529 396 2119 2223 746 3154 3612 270 4638 4720 2773 974 3969 1060 2826 1863 4725 3983 4576 1939 3785 42 3176 4917 4846 4071 2016 1924 4129 3042 4634 1472 3711 1549 3696 4573 2509 2461 533 2229 1057 3290 2298 3940 4139 2856 4467 1705 4076 2668 2479 1287 242 4369 872 4841 1897 311 463 486 4459 4370 4324 3766 4957 2916 2071 2056 1205 3387 631 3273 1397 1405 1676 1805 1746 911 4729 4719 2201 3940 4956 1330 4845 2580 2463 4039 3453 2743 4803 2768 1668 755 2566 679 829 2955 4239 1125 220 3552 3646 279 2615 2735 927 3538 1741 3200 3446 2644 2754 1591 1637 1338 177 3529 3007 4929 3598 2656 3745 1253 1461 443 2842 4442 3749 4016 4763 2051 642 2968 3072 986 1017 2409 2844 2303 4717 4359 4552 3398 2819 3286 3562 419 2578 2369 1629 1259 359 344 2369 1315 4650 1294 4321 2337 4414 4991 2120 491 819 3446 3386 2340 4814 455 3624 1212 2129 4072 451 2846 2588 1158 4495 3977 1263 559 33 637 4611 4072 212 1406 1943 3097 496 3603 4889 4412 4732 4721 412 3396 1317 2412 3684 2247 1022 1051 268 2988 2965 1279 700 1707 3116 1246 3707 2127 3702 2328 1600 1970 1763 1310 158 1551 3187 1886 358 3322 74 4444 1455 798 3717 172 1750 1470 4924 588 3951 2476 2538 763 1475 4164 3352 1739 72 770 1975 4502 787 4024 3837 3551 4572 996 3015 4218 201 4678 2597 4184 1089 1329 2689 4765 1126 2850 1978 2091 784 3047 1268 1436 2115 4994 4337 2522 1425 3774 2449 3408 3607 1125 4457 4927 89 2049 3016 4932 1183 2088 3830 2720
2357 1736 3351 2462 1033 2091 568 2783 4946 1425 4774 191 3354 4595 467 1540 336 984 4738 1931 4617 4878 2645 472 3626 1312 344 3762 4730 1236 3830 4018 3309 1421 2034 1343 4225 3733 857 1318 1438 4554 4389 4136 123 2411 947 2297 4727 2638 2503 4034 3328 398 4590 2303 2312 2378 1336 4986 4271 284 2458 4771 3769 4320 3506 1134 1400 4791 3294 1335 2480 3053 997 3596 3117 783 4727 243 2874 3835 3409 1782 1868 4517 1873 151 106 1907 4772 539 3162 4023 627 3160 392 3995 3301 4677 1277 4025 3179 1153 2876 937 1091 163 1021 392 4122 4762 3098 3160 2007 1497 3934 2003 4589 1723 140 1835 1843 4804 4594 1727 2371 642 2287 1740 498 3656 1186 3561 4040 4691 1954 273 2995 4911 4651 2947 1555 2857 1797 3668 4869 2641 2666 4506 3608 2258 3776 3753 3097 2776 4989 4543 4247 4867 2997 1418 3117 3399 853 4219 1032 1740 3631 3485 4696 535 4385 2355 3897 4859 1173 1874 4950 1593 1101 1591 4040 1197 3445 1162 2285 3474 3710 3613 4387 2278 2228 4386 2219 1374 3510 1442 606 865 2899 4021 185 2829 2390 631 3079 2298 1693 1037 3643 3617 2728 3451 3587 3146 4897 2244 4774 3080 4921 4961 2215 1895 4180 4597 4593 1216 3752 4730 2159 2085 2244 1741 639 1759 4954 1250 2882 683 1153 470 2086 684 210 1732 2038 4538 4350 3804 4875 1938 4540 3045 3806 1896 718 1940 2779 4643 4657 4073 4662 306 1036 4032 2245 2414 4042 4271 4185 968 4632 2329 1709 3954 2560 509 2817 447 2639 3463 2506 188 3005 4147 3784 354 3496 2554 3302 1828 663 4864 2666 1190 4027 2797 3188 4987
816 1853 2166 3501 2091 4577 3727 4619 4293 4170 3683 2823 274 1618 932 3504 1129 3788 1514 860 4939 4579 829 4136 4212 4772 4011 1080 3506 4763 1697 2667 1585 1058 919 701 3847 4553 2340 1845 3542 3369 2191 1247 2740 3447 1738 3676 905 210 291 3416 1696 2368 447 1176 4514 3506 4694 1639 3120 2195 2389 1517 4905 1306 3336 2182 4056 4522 2799 1366 903 293 560 3868 4541 4650 1469 958 4000 3639 2532 1662 249 3299 655 3636 4790 4532 4296 3744 4776 4010 4788 31 4297 3242 824 4293 4087 3428 2974 248 1703 2746 4399 4198 4096 1123 2661 4395 3012 3353 1604 4593 2802 2234 3287 4633 852 3526 4537 3807 3495 2117 612 2125 2087 3478 2278 2352 4459 2107 2592 1792 3818 1265 877 373 951 3446 2038 2645 1223 4628 4512 4854 3302 2419 1179 92 4153 1573 1552 4720 2146 3970 4274 2667 3247 4593 727 4265 1835 1776 4295 2465 4627 2604 1029 2035 125 1227 2352 1000 2387 3227 1445 1740 2537 408 3330 3155 3490 2699 3328 314 1964 3962 3162 3690 4013 1544 2188 4903 852 3177 1058 1545 93 867 1200 3562 3848 3708 3606 3965 2863 4952 4319 1818 4433 1612 4315 2305 1385 448 3474 471 4466 159 2868 3855 2601 112 3056 4739 4863 3296 2955 3940 2839 2963 3100 2105 4491 482 3291 2167 4601 1001 1012 4440 4565 169 475 3411 43 2037 3650 160 3903 4534 289 2977 2965 3796 2983 890 3101 2187 1679 4385 3857 1405 3057 3003 4097 1118 4213 2556 312 1753 2064 1242 4647 1917 2417 797 4265 3553 2497 524 2393 2381 3087 4195 3428 3595 773 1394 4983 2404 2599 528 2058 456 1036 676
3502 2150 3353 2296 568 3727 3580 1603 3466 1853 3592 998 1906 4163 1322 4362 149 889 763 950 3839 296 1977 1704 4636 3128 1269 2457 3423 3130 2655 433 4797 862 3835 632 3875 1137 4321 1768 4625 68 4251 2882 3958 778 940 584 85 1678 2791 4049 4028 1155 3194 2451 2778 719 42 4396 2467 4806 2912 4610 2363 1602 3218 3885 1532 2168 101 2118 3578 1493 4275 4553 718 525 1976 649 2755 3039 3966 3853 1447 924 4678 21 4896 1290 4884 108 1925 4789 362 3822 1814 440 2810 2636 3608 841 16 4017 1535 3268 877 4036 2552 1081 2201 341 2875 3049 3024 61 2081 4663 623 1211 3417 52 1681 1709 732 2601 3953 1858 1764 2994 4660 1917 3749 2450 3910 2706 2056 110 2275 4812 207 1683 2196 2241 4549 4642 2198 1904 2335 210 4199 3929 3792 4456 4388 2490 856 414 1079 2409 3966 69 4545 292 1070 4535 766 3305 4025 2322 2992 3517 4476 3114 4596 1968 1192 2575 2642 3411 3629 296 4317 3989 4299 3968 1571 3519 1518 4523 3617 1854 4577 1126 1531 4173 97 2851 112 771 630 294 4797 4508 1797 2418 4142 2470 4637 470 284 4241 3544 3109 1224 2167 4635 312 877 186 935 3857 1843 820 3988 490 2830 4195 4091 4984 1537 547 2448 2376 4083 2394 1914 1119 2344 2960 4151 733 244 4183 3152 4303 1331 4781 2611 825 783 3154 644 3402 3311 1934 2303 543 2282 4546 4042 425 4050 4069 3537 1219 1894 2720 3115 4980 1072 166 2888 1891 4121 1477 4731 939 1522 2144 2154 1431 4171 4508 4662 2411 3926 524 3986 1957 3471 3276 1825 1977 1801 3917 4986 2659 3118 3448
2227 36 102 3662 2783 4619 1603 632 4594 4486 3275 2417 2173 3703 297 2012 1468 2493 4804 1634 135 1297 1100 3915 1313 750 2280 3691 3118 186 2264 2428 1130 1042 747 3688 1469 4708 1594 1960 2037 724 3513 1839 3278 2425 1584 4014 729 1704 716 3121 2953 4958 2398 2225 104 929 2415 973 4757 2324 4373 4084 1509 3099 3766 3071 1929 2042 1553 1291 3569 125 1029 977 3878 2972 2226 1406 4512 4221 3130 3563 3057 593 1498 2110 3936 221 638 1025 3695 1686 1086 462 3790 22 2344 2174 2087 3634 615 4223 2363 4671 4161 2534 3514 1695 1641 517 2947 550 1500 3771 4087 1776 4091 1843 453 1592 4888 2973 3858 2903 2617 1308 1521 4203 1977 3591 3442 3432 3661 485 556 3563 4169 2395 1171 4756 152 1012 3838 1824 1111 3845 4966 4271 3653 2391 1285 4408 4043 3462 2008 2300 1937 136 3826 4346 2133 4604 3972 2387 4599 2200 235 1937 4059 2695 2872 2958 1803 2950 806 4268 269 53 2744 1208 779 2661 182 2913 4830 3809 3615 3071 3721 2783 2330 4267 3615 3476 3265 888 3322 1000 3141 760 2473 836 3479 365 1712 3565 4353 1877 1176 573 14 4644 4259 3459 2333 1961 777 201 2150 4559 1629 3014 305 3936 3566 3657 3948 230 2138 3900 561 3228 4053 2352 393 3238 1593 452 177 1009 818 4803 189 4700 956 3555 1200 4540 3084 2099 4384 1499 125 4347 1472 573 1905 132 330 12 2247 2220 703 1858 3549 1418 2761 4289 2700 182 3004 912 1815 3781 3777 1349 2237 2276 890 4346 4335 4678 4059 4507 19 570 4792 2509 194 3217 4875 4192 3618 3458 2509 2320 4445 4470
3006 2593 4480 2529 4946 4293 3466 4594 4816 1194 4937 1754 1249 4538 1125 4646 4478 2894 2625 1875 4778 601 2119 4782 3329 3909 1421 1021 1196 1009 2970 1987 3451 2423 424 4551 3578 1890 2191 2249 3087 183 1222 1853 3091 1817 2780 3632 2504 1889 2989 977 1024 4388 1886 3410 1536 2661 4259 4956 3380 2917 3896 1987 982 4399 861 1712 2502 4205 1139 3871 4411 275 2066 1715 3787 1782 3977 1918 4069 3187 3099 2017 1956 2129 2679 1178 4320 697 541 2133 1131 2865 2663 2692 3714 3985 2741 408 4471 1385 4865 4802 3114 3716 1594 1692 2368 4527 4415 2887 1997 3868 1787 3220 1391 4119 1078 2747 1517 4124 1322 286 4021 4926 99 1596 2563 3041 293 4228 3875 806 2797 1831 2821 3222 4267 2776 2741 2117 3326 3082 4028 464 1382 2485 4218 1392 1418 4945 1309 2403 3810 430 3822 978 780 4412 1149 1042 4447 3046 652 2655 3923 2203 1515 2993 3175 4124 2266 4910 1724 4274 3669 2211 4358 4131 4207 3729 412 695 2736 2550 1318 352 4445 1164 4198 3151 539 3827 2621 18 148 785 384 2742 2332 452 545 2511 4686 3741 4549 1292 98 1172 1808 4466 130 4291 4619 617 2165 318 3677 3263 3653 4557 3015 2551 3884 4022 1400 2199 4152 1896 310 3650 2050 522 3927 2984 2034 4041 2114 2220 1610 2205 4916 2889 1276 268 4191 956 477 394 3607 1317 4172 4486 2881 360 4984 1263 3711 1761 2053 76 2292 3698 3324 2129 811 2101 836 2892 1081 1189 4225 2211 3081 2609 3478 839 4874 1209 1699 2278 4421 4522 3663 1053 2645 2415 2919 2432 4135 836 3631 227 3943 2565 1120 4773 982 2809
749 4249 845 396 1425 4170 1853 4486 1194 3070 4587 1478 4243 4115 337 4621 3918 3157 3037 1930 1423 4559 1004 3820 2016 3568 2356 434 4643 1755 2147 2226 3480 3581 3407 4977 1549 2700 3166 2369 3881 1464 10 4209 2193 1090 1223 3453 4691 4997 3999 1598 4901 3934 4048 4987 382 1625 1654 2966 476 1665 3112 466 2028 853 3046 2983 3802 2714 618 1781 781 2893 1730 3076 2949 3799 1438 4487 1323 1143 4999 2785 3526 2978 941 2667 2250 4551 4129 1413 3006 2322 789 2555 1266 4958 240 1999 1149 38 4428 2893 2341 2402 1492 189 4857 2949 4715 2205 1830 2128 3805 4987 605 1373 2127 1272 1708 4945 2301 3608 4389 2816 4877 4231 3681 4411 3792 1413 1327 1939 2334 557 440 2831 1648 4098 264 2436 3919 869 3494 3106 1740 4742 4041 3834 4133 2716 830 1053 1793 158 4390 150 1114 4947 3959 66 259 757 1679 4160 81 1314 2487 2748 3809 4554 1700 4871 2313 2623 2197 4972 2332 1326 1682 1021 4343 1181 856 961 3414 3715 2601 4407 1979 3013 4638 4664 601 3134 965 4087 547 3499 2991 4677 4898 2498 119 498 3182 3719 2062 4037 1587 62 2382 3798 2074 3037 308 698 4058 4301 2497 3136 1698 1665 1675 927 3916 252 1658 2033 309 2947 2508 2974 4409 339 4666 1768 633 1497 4894 4794 4232 992 772 2566 1740 2350 4976 4558 2109 3846 1426 1869 2548 4785 1210 4304 4450 3887 4972 3779 229 2110 2487 3083 69 2522 1345 2639 2887 3389 2258 2638 4614 2086 2260 3367 469 4638 3667 342 4595 1578 209 4552 2015 4010 246 128 131 625 3747 3232 1970 4397 340 2156 2059 2396
4100 1721 3023 2119 4774 3683 3592 3275 4937 4587 392 2960 3508 1777 2727 1194 3651 4395 3839 3330 1730 295 3855 4887 2741 863 4722 3444 298 4417 294 2699 2746 3552 2183 1640 1076 3132 2793 4918 338 2234 4537 100 4348 1088 259 4377 4216 1712 3617 1045 1463 1030 4606 2828 3274 2397 713 3261 3388 3025 236 68 4682 220 3043 4800 4309 4455 2731 4335 82 2059 1994 3094 2263 3549 1883 3503 1614 1619 105 3457 1495 274 3772 1936 3746 1997 4028 4032 610 2703 2090 2448 4470 1129 2905 3665 3058 4438 1501 1848 1298 4135 4127 4671 3961 2191 1756 2055 731 3094 1244 702 3207 4170 4500 2105 3772 310 392 4087 1871 3826 4582 2439 3230 1979 4460 3794 2775 587 488 2116 1718 4872 444 3558 1883 2528 4059 947 4629 825 1168 1707 2396 2421 2421 2212 659 4810 3958 959 2021 765 4491 4437 1073 4206 3206 1034 457 4855 1745 2223 1137 1367 4922 3224 4570 3179 584 119 4245 855 4850 844 3992 2127 381 3343 2223 201 2770 2578 4887 2555 4730 3643 4509 4198 1239 3210 3792 1958 2286 2051 1052 946 531 1414 370 2457 1610 3574 259 4592 1338 2623 3126 4732 4822 2863 3441 4507 830 1479 335 35 2886 1392 3424 2401 4645 2100 4524 977 2181 4237 4167 4103 2512 1567 2131 1301 1056 596 4990 989 2028 2992 3469 686 3483 1950 2378 1517 2114 4678 2729 2010 146 4589 1076 3759 148 4331 3948 1564 1930 3451 674 4471 1539 4846 1644 3023 1148 4425 136 2368 2577 1370 1003 4827 2005 3350 269 2193 871 155 1686 1632 3087 4191 4008 1525 4492 1561 2614 1206 3641 2277 1457 4488 2424 1796
799 1364 2099 2223 191 2823 998 2417 1754 1478 2960 3462 4608 3246 4481 3945 2761 3589 2614 2322 1315 2807 993 1780 1845 488 2161 1195 1395 434 4934 2552 284 2503 2133 4226 820 3911 2207 1194 1203 4125 1267 2729 4285 879 1769 3083 1197 4505 4762 4263 4040 1453 3368 2960 2927 4401 2549 415 2190 4339 399 3014 2121 1282 1719 1358 1228 1654 338 4160 3813 605 2444 1413 3221 2744 1133 3640 4027 4886 4214 723 1031 4498 2732 2063 2564 3960 3560 4412 4029 3924 4962 3601 799 4344 3882 4854 2244 134 844 875 1268 3123 3023 3811 3272 4761 450 1652 2706 3407 818 371 1022 2503 2978 839 4221 1616 115 4008 1326 1496 3277 4810 4697 202 121 333 649 2717 1104 319 3767 3728 4232 4758 2479 4926 2801 2451 4212 2916 3568 2603 4922 2366 2351 1487 4258 2958 4342 1296 2233 3268 2290 1265 612 4755 3728 1256 4247 3774 2842 755 3718 3295 172 350 4037 426 1193 4889 1577 1116 670 4583 1144 518 3317 3733 4712 182 4805 722 2712 394 4208 573 3651 4937 836 3849 1021 4042 574 2039 2217 4975 736 3713 3553 1315 288 2629 2544 850 3521 1707 1354 833 192 358 1364 3130 2996 206 1660 2042 2040 2463 4967 248 1007 2384 3764 1960 2507 1725 297 2853 944 2497 3763 3225 1276 932 3469 1964 3509 1412 4695 2978 4115 1304 1668 4496 621 1741 3909 2565 228 96 194 2360 1891 2263 1986 108 1884 3714 145 3495 1682 2423 1793 1790 4477 3386 2994 498 2217 1083 4423 4255 4910 1415 684 1289 3473 820 1602 618 4157 1076 4265 413 4754 3370 839 4486 3949 287 3951 305 2432 1952
2543 3808 4585 746 3354 274 1906 2173 1249 4243 3508 4608 2039 3518 701 4330 4715 520 4938 2454 895 1377 4567 3681 119 962 4732 2141 2764 4768 195 3053 4165 4330 3530 3087 4950 985 1767 2105 45 3237 1104 1075 4710 1990 2915 3878 3490 4874 3101 3465 4739 3798 220 3538 4184 64 3873 849 842 210 657 1427 508 3108 1944 4319 2433 2121 767 15 4584 4437 3370 3361 3441 4488 4092 2665 3542 3016 670 4208 691 2031 315 1528 1483 2357 832 4722 1486 723 3029 688 43 4208 193 1248 693 3907 967 840 4835 1358 4303 1714 4504 3480 3174 4354 4662 4267 320 2603 356 4621 3428 313 3606 4410 582 1406 3210 2334 807 612 202 919 1678 4039 1654 2866 2988 1995 2862 2385 717 714 3578 795 2822 553 3384 3103 830 2626 1888 2382 3284 1834 4179 4093 2143 1341 237 4045 1303 3432 4389 4686 3321 4145 97 3404 2302 633 1556 4999 1448 2016 2543 541 1720 2862 86 2332 4279 1850 337 3166 1837 2526 3108 2046 3706 3784 4898 3368 3935 2339 2276 1345 4192 3763 2472 141 449 2927 3952 1759 3796 65 2299 4617 866 719 2392 1244 1255 3260 3568 1981 1265 3005 4212 1918 3667 2568 4946 4246 3406 1927 176 1092 2419 4309 2891 3573 1485 4787 4844 3953 4853 186 4433 1467 4655 3224 1512 207 935 3112 4931 654 3972 1050 782 4372 3616 3867 2816 4124 1882 331 4085 349 2281 3833 2130 2912 983 828 4708 3043 4143 3253 2433 4346 550 4090 525 4796 3301 252 1316 1485 2617 1053 736 4758 3706 818 4395 909 3699 42 4550 3163 479 2566 1705 1189 1971 774 125 4664 173 1556
1344 497 799 3154 4595 1618 4163 3703 4538 4115 1777 3246 3518 3102 4938 3377 20 590 1851 1327 1812 2431 4089 3424 282 51 2084 3000 1281 178 3705 356 1837 495 198 2428 623 1637 3705 2127 3821 3417 3307 1862 43 216 2841 2830 664 3989 1115 4493 2967 3127 4199 2177 2673 3887 3433 2212 2987 1538 882 41 4586 4589 3433 4559 3567 922 3109 807 1173 300 3609 2638 1092 4322 2969 1863 3999 2526 510 1981 4429 2616 2740 2231 2572 2577 712 108 4360 2803 1230 3879 728 234 4794 401 2087 2283 83 4406 1725 1965 4613 1958 625 3753 651 723 2649 1551 3576 3648 1676 1510 4067 4356 893 805 593 3834 1430 3000 2186 2772 874 1044 4729 2433 2117 2452 4079 4220 3216 1988 2073 1826 3147 2768 1886 714 147 286 2991 2995 2982 150 4068 3248 547 4599 2221 3213 1004 580 4379 81 915 3769 2835 2022 2701 4942 1675 4262 482 2667 3693 1888 4156 673 1490 3426 4927 3221 1740 1372 255 1847 145 3901 378 1622 4963 3823 2471 289 781 4596 3068 344 3324 388 1179 3402 1957 2286 1583 2215 3799 1350 1012 3774 3001 2455 1306 1384 3477 3067 188 4884 4446 2290 3263 2441 1898 1761 4306 875 3345 3884 3662 105 984 1585 4100 3102 557 874 4665 4273 206 602 4524 1457 379 1474 841 3440 88 1107 549 2265 1522 4025 2617 241 1318 2781 62 4934 2855 3601 4991 1929 2411 2464 4994 3309 2323 442 530 1802 3827 383 3104 3313 884 337 3407 4299 4593 4841 4236 2136 2895 4665 4071 1953 2373 1523 3636 4824 1258 1681 1159 1568 1212 2097 175 3136 446 3058 127 310 1653 3347
4211 3030 688 3612 467 932 1322 297 1125 337 2727 4481 701 4938 1951 4160 1303 3133 4636 3998 2701 1261 1944 3912 335 1558 2153 2117 4330 3710 3775 2826 1009 1106 2348 4393 1415 1718 4691 2736 1075 3278 1895 1133 1665 2518 4909 2140 3657 3993 4375 4689 1859 4343 2349 4234 3184 822 1638 827 4759 2573 4446 96 1947 3087 4770 694 2554 975 1376 4630 17 2741 4127 183 892 4012 4609 1231 830 4471 4096 1934 3622 3328 2759 4693 4852 3017 822 4176 861 954 3156 2349 665 4945 2258 966 1364 4851 917 3870 3527 937 19 4465 4742 2108 4837 1544 701 4013 19 3697 2068 2867 2274 1353 4491 1244 1431 3686 4642 2772 1235 1026 3002 3681 4693 561 2774 605 3787 4011 1737 145 763 1929 1470 3063 4164 2096 1322 1802 1733 4392 3775 4181 3906 4618 2786 870 3287 3304 3039 1231 3029 4189 3006 4181 620 2353 1923 4535 3683 3150 3870 3524 1958 1527 2012 1126 2700 1213 2301 2424 4296 1513 4889 1302 1440 2405 3683 3970 3622 2316 4842 3145 1159 4918 4184 2386 4069 3761 1489 1545 3705 3682 900 4151 1991 3216 1531 3951 3412 3993 1104 3195 3594 3514 3900 360 2921 1218 2510 3690 4559 519 4281 30 614 1854 782 2398 4914 1854 4483 1858 1763 4633 4887 1497 3577 919 4987 2457 814 3935 168 2340 4060 4392 1595 1720 1621 3433 4628 3475 641 4277 189 2666 3028 2484 2188 355 302 2150 4044 3093 1700 4470 4100 644 1768 1208 3215 1563 3854 1951 4397 1223 2228 300 4593 3030 4828 3621 1196 2402 2233 4236 1038 2807 4773 4197 2228 87 1325 4915 3540 2777 3277 3816 4457 782 4933 4984
4047 532 4463 270 1540 3504 4362 2012 4646 4621 1194 3945 4330 3377 4160 2413 2911 1535 1702 933 3787 375 3667 4397 3718 1074 3258 882 2547 1338 395 980 3337 1466 1879 1759 4149 1650 2876 944 2209 4726 1171 4200 59 2752 1006 1848 898 4475 3182 3333 4627 1978 111 450 3189 494 1175 4198 4923 723 1663 3548 2907 3119 2388 1952 3467 2293 4462 1595 1144 1485 2119 4999 396 2538 1712 1915 342 283 1498 723 2178 2979 4508 4344 4147 1846 1940 2806 1273 2784 1960 2142 2660 3888 2554 25 3376 138 988 3683 1217 4211 109 4644 2647 2915 1443 3210 1621 3910 4884 3083 4866 107 3503 3865 1543 2982 495 2949 318 372 4224 4291 985 2308 3744 636 4213 2458 3548 3994 3835 3123 222 1255 1943 4080 2589 529 373 1325 1808 1647 4503 4621 2608 2050 4173 1409 809 148 4066 1734 1421 1412 1811 3003 2516 691 1020 2556 1799 188 3901 4368 357 2542 4592 248 3701 3540 3973 4849 633 705 3518 959 4340 4186 4635 4423 966 2134 3885 3568 1495 1805 442 1123 4939 2756 2323 3816 1650 1005 16 1023 3119 1500 464 3369 4220 346 4787 274 2230 3862 3492 3022 3404 4418 1214 262 483 1805 211 3729 884 1318 1576 1124 3580 2385 39 4832 2188 4633 849 4457 3088 4246 603 1990 2953 124 3312 2207 436 4276 3453 2043 496 669 1771 2520 2059 3218 3006 2866 4955 3172 1055 1261 3247 2166 58 870 2573 965 1146 2456 4398 3879 3631 2563 3047 2390 1301 2043 3099 748 2991 1338 4926 3693 1476 3335 3825 4267 106 4230 1369 3260 4737 2891 2572 4697 357 1661 840 3888 3363 2282 1733 395
378 3486 2950 4638 336 1129 149 1468 4478 3918 3651 2761 4715 20 1303 2911 3976 1946 4296 2463 1525 3637 477 1812 250 2768 498 158 835 172 981 3700 4629 2005 3112 882 1871 199 2136 3609 2595 2464 3762 4796 388 4520 3652 2525 4658 275 4615 836 1787 3799 4846 2865 3787 305 963 2441 2152 4419 4122 2682 2103 4269 2291 3219 387 4219 3298 4196 1604 2482 4100 503 4072 1287 3954 4977 3120 2468 1757 2384 4243 4475 1767 4530 3323 2544 3415 4303 147 4432 586 3356 709 4677 4426 611 1660 3949 438 1872 1363 1840 1250 1979 3413 3071 4704 1272 3232 1518 3018 2199 1916 1991 161 2857 3167 11 3240 3632 4560 865 4034 3329 2090 3100 3196 4970 4900 2816 468 3092 4169 4774 2393 199 252 281 4550 2001 2704 274 4987 1921 4260 2628 2087 1652 2281 3770 3581 2220 2860 2942 831 1663 437 808 1834 2830 3782 4686 734 964 2642 348 4779 2233 1388 80 928 1132 338 171 872 2249 2087 1099 229 339 438 763 1848 700 2610 2131 1652 2294 1710 4596 534 744 1543 618 1711 3267 3695 2615 2347 4562 4008 259 3997 2030 4924 4141 3313 1835 2305 1838 1154 3369 4025 1671 832 672 3241 4145 4026 2675 1400 1796 3122 2598 2114 3219 1816 4051 449 1608 4509 4778 4420 3194 529 3913 1527 550 448 290 1759 2051 4990 4152 450 4746 4283 3472 4234 604 1032 1747 3770 4681 4063 4244 3772 2929 4045 3127 1875 4644 2825 4836 3520 2899 1131 3142 963 2299 411 1570 2558 995 1469 4556 4354 483 730 656 2165 3515 1218 3214 4820 530 3393 2875 120 713 1052 3254 1426 4468 617 306
1006 4882 542 4720 984 3788 889 2493 2894 3157 4395 3589 520 590 3133 1535 1946 4787 963 895 3267 4240 3844 2600 3827 3648 723 4341 452 2972 1027 720 829 3677 4012 4860 3060 2407 2911 2401 2510 4257 16 4877 4569 2844 1166 3488 739 4722 3993 4398 3803 1684 1463 3282 967 3825 1947 4152 1696 305 3488 3721 1596 3504 4454 171 4704 2447 2061 1084 3326 979 2684 3292 679 4686 4988 685 2572 409 4849 593 3296 3670 4275 2265 162 2235 4276 65 1407 724 2264 2568 2837 4896 931 935 1014 4314 3547 4056 832 4017 4224 3869 321 3434 3816 3692 4106 4498 2124 3904 2444 4371 46 2635 442 1265 4611 2521 1813 3584 3706 4028 1994 344 4300 1274 4249 66 2359 2498 4478 2758 2460 935 3726 1606 1800 4581 1361 3002 1732 2020 1442 3511 3509 1104 1157 4204 453 4823 4611 2580 2371 3141 2011 3140 452 4760 3531 1967 2752 4430 1231 2519 4127 2554 1577 812 1308 2515 2295 4127 2952 4304 138 1434 4586 1252 2183 298 1767 2713 922 4034 394 3300 4393 1816 828 855 4838 4545 645 4785 4699 2440 3295 2171 2879 2362 177 2067 621 3747 1563 4290 1493 4473 858 4929 3797 4177 1728 75 1329 3754 2091 776 769 4282 4076 1573 506 2172 3651 190 1897 3896 914 1560 4569 785 1791 2973 2808 2627 1243 1816 3195 4430 820 4249 3066 4242 3033 1917 2241 651 264 2082 420 1209 493 295 296 2334 566 615 650 1266 914 4330 441 106 514 1923 1147 1201 1899 2938 2801 3115 2012 2660 3477 1112 250 4244 2006 1676 1420 3535 166 2714 2735 2681 1158 2531 750 2968 896 926 1526 657
4251 4283 2066 2773 4738 1514 763 4804 2625 3037 3839 2614 4938 1851 4636 1702 4296 963 3090 2382 4971 690 1910 3713 981 496 4075 3617 2350 24 3243 419 2864 4738 1595 2125 909 4490 1549 1566 2492 3727 560 4060 3739 265 862 1211 3126 1063 4573 2045 2379 1659 4236 2408 4667 1334 122 866 951 4655 1550 593 3026 257 339 2672 3094 568 1652 476 465 3752 4532 628 3248 2186 1837 2904 3876 686 146 4591 772 1498 283 952 3338 1576 1264 1303 4828 3188 3550 1639 3969 3041 3895 4016 4015 939 1853 242 3498 741 1920 3732 242 3587 2149 365 2266 1722 317 2321 2842 1144 1523 1823 1133 2587 3724 2572 1270 3047 3253 2002 364 2949 4522 3887 2753 299 2749 3578 3175 2302 1829 312 530 572 3602 629 3604 1005 1067 1003 1347 4238 4094 3193 3096 1618 3358 3684 4390 3336 1815 3253 1040 2648 3698 1253 4777 3219 1033 3824 4516 2581 2310 3887 3801 2255 3743 2145 3352 2524 1069 728 2612 1470 1372 4856 139 4055 2578 64 2023 4388 2708 2583 366 2563 3382 592 2138 2704 3995 2862 1208 4451 3000 765 3194 3970 2893 3882 4776 3535 3077 2329 2816 26 1453 1744 1076 3577 2695 3557 2762 2084 860 996 2979 3282 1767 707 191 474 3290 1389 2057 797 4346 1817 4352 3020 2063 4694 648 267 840 1730 631 2448 3989 2326 2555 4397 856 3984 3067 360 2100 284 4946 3248 2264 2209 3819 3806 4105 2140 3457 4396 130 951 2839 2027 2088 3763 4818 701 1680 2662 377 115 2962 121 2569 35 2349 3892 3882 4173 1890 4677 1049 3527 769 442 4736 1149 1091 3594 2229 2094 3794 4669
2167 1495 2673 974 1931 860 950 1634 1875 1930 3330 2322 2454 1327 3998 933 2463 895 2382 3107 3777 1903 822 612 4624 4324 4848 231 2306 1082 976 3946 2782 3812 671 802 754 1362 4640 2424 2694 3130 740 4013 1298 1232 4618 3809 1547 3073 1355 1010 1422 1054 582 3771 35 1927 962 4124 405 148 1344 4623 3412 2977 2250 3599 334 3420 4278 1281 1928 3086 1059 1150 4890 3635 4565 3828 3327 2777 1584 2914 980 1017 1922 1692 3077 1272 1067 1646 1194 4667 3162 3303 4849 1246 959 134 4171 94 711 2705 3091 4068 3780 4032 3946 754 3789 1759 4026 700 2265 1072 899 3601 2927 1197 874 4640 2203 420 1461 817 4356 1882 2522 2953 666 2873 3085 1809 1729 3032 3126 1785 2630 4580 238 2243 2436 4903 2024 3736 113 165 4480 4850 1909 831 4087 2702 3195 2593 2748 2055 3286 750 1496 2889 1275 2201 3754 3351 2469 4610 2701 1792 4768 70 239 3096 199 3643 3767 4167 2872 1859 4506 1864 26 4408 3129 4061 174 2142 2699 3792 2348 839 1647 3698 4315 3945 4170 2607 1869 2229 3390 1062 170 162 55 3287 4692 3343 4367 1156 3582 2094 1239 2576 851 1796 4385 1981 1864 1206 3371 1115 1064 3936 4448 231 516 3788 1360 1590 2665 1854 3536 1244 2615 4679 1540 2738 3639 4365 1805 3469 2688 1390 2617 3461 2684 1433 261 1828 3796 1002 4610 4824 3956 3893 1444 4339 2488 3443 2548 4426 3895 3076 613 2095 329 4097 1134 3742 4851 1367 999 591 2895 4817 4067 4068 310 2335 3781 3359 1656 2994 1935 1720 2106 1245 2345 2878 2656 3565 4448 2698 3019 838 2986 4457 4576 1632
862 1630 117 3969 4617 4939 3839 135 4778 1423 1730 1315 895 1812 2701 3787 1525 3267 4971 3777 2484 97 2079 1012 4071 3359 4231 1731 1961 1208 2689 1341 3984 2967 4776 3495 2738 3378 2588 2206 2120 3200 2511 2221 1504 1742 2531 2826 4562 4385 1790 2701 2760 322 704 1033 2523 1364 4035 3413 1698 172 589 685 2561 1373 4472 4339 279 3250 973 3664 1376 2167 3424 1463 3269 4245 1098 2093 131 1501 4671 2551 700 1347 722 1748 100 3438 4427 1270 4523 3872 2278 1753 3632 4838 2291 1280 1629 3750 1091 795 874 3207 4002 4348 2694 3262 3769 1337 1870 1094 4554 315 2807 4363 1711 1032 18 3612 4173 584 250 3351 3087 1510 3907 1106 4222 897 2554 328 4860 3923 4861 4063 1921 4175 1106 3483 1488 1421 2598 1648 3343 1165 3792 2229 1042 1634 2895 162 2567 3571 4587 212 1607 2617 877 3564 1054 2475 2791 3215 3693 2992 4265 403 1141 4506 862 1761 561 4909 1123 1077 2358 3266 4663 2061 1753 1005 2761 2117 3838 3409 4149 3485 4722 3832 3884 4936 255 3303 428 1063 42 4436 643 2550 3205 2042 2779 676 1238 3936 3142 3267 4828 1477 589 4872 3721 233 830 545 3644 1242 339 231 3404 4898 2260 2546 722 773 4773 2110 1540 668 2713 2317 3774 1488 3886 1197 2337 4749 3473 3531 1507 651 4137 4106 490 4629 94 2482 996 4930 935 4882 1828 2670 3153 2059 751 4201 2736 88 2818 4841 621 813 3162 939 2132 2230 2547 560 4686 4886 2515 2769 3511 1967 4037 3308 4743 2422 4165 3022 1110 4056 892 84 4044 2574 1828 2102 3451 1723 2131 540 1088 2844 1147 423
2887 2691 3789 1060 4878 4579 296 1297 601 4559 295 2807 1377 2431 1261 375 3637 4240 690 1903 97 800 702 4337 2353 337 4481 3653 2662 3170 2984 1503 4952 2751 2250 2894 4880 3861 4144 3552 801 4630 1641 1065 4557 344 1732 543 993 367 2180 1408 4650 115 1547 3785 1985 2123 1613 2477 1598 4462 448 4576 3945 445 2274 4837 2468 4078 4364 3452 1432 2987 331 187 2419 3808 4928 2576 2652 436 3282 1554 2691 41 4219 1192 3958 648 1306 3622 530 4646 605 1136 2886 4552 1229 2341 2515 3381 3453 3457 4004 3481 3598 4075 4068 4964 2771 1057 1024 3181 4358 3413 3218 2507 3399 3765 3914 3459 393 2668 4961 2515 575 1702 2530 1261 2042 4100 1052 4494 4491 1226 3604 2860 4368 3966 2661 2006 2248 729 1002 3706 4883 1079 2450 537 3047 1817 576 4934 2148 4148 1706 3514 3984 2755 945 246 4587 3879 4018 2418 2570 3098 2018 4994 754 610 999 746 3694 2569 1176 1133 54 1383 3020 4635 2674 1699 4176 1303 3978 4735 2064 1835 3722 2701 1509 1773 633 3216 590 3429 2355 4648 3249 2559 4675 1645 979 3883 4736 1941 1930 360 4874 456 3545 2109 649 4720 1851 2938 3735 3401 4093 4852 2417 3355 4841 2319 176 103 1812 4097 1921 2475 1966 4130 2868 4323 946 3933 366 3099 2225 1328 2376 2915 641 4643 2833 2584 3848 2369 644 1540 2826 4465 3711 4049 2554 2290 3392 1760 4126 2897 56 3416 1300 4740 1955 997 2927 2568 754 1041 1816 1672 2551 1619 3750 4544 3027 3367 2429 365 1359 2945 126 4454 44 1734 1993 1690 3149 2320 4098 4958 1132 4997 4116 3981 34 1239
1200 3190 4335 2826 2645 829 1977 1100 2119 1004 3855 993 4567 4089 1944 3667 477 3844 1910 822 2079 702 498 990 1072 2318 4081 1315 795 164 2062 2441 3449 2074 33 509 894 3601 4153 179 2989 2268 2295 4180 2547 2061 4349 2892 2703 3192 3872 3759 3870 2192 2672 4531 1198 1791 3658 1282 2249 1556 56 2716 2855 1351 3442 1958 173 233 4305 3499 1123 4892 2899 1968 54 2625 3069 1656 2451 3666 63 2635 3978 442 123 2334 2002 801 4981 3737 4276 69 3198 4833 4922 4280 1218 3151 743 4048 1113 2289 2676 2866 532 4562 4972 16 1046 640 1340 3726 324 584 247 2671 3964 3774 3449 1678 3203 1922 1009 3227 1222 663 2526 2979 3843 4081 3441 2397 807 3114 4145 4638 4705 2955 1712 851 4976 1942 902 4915 1176 101 410 2553 2969 2304 2557 3048 2808 2446 1791 4114 3761 3452 2856 920 1689 68 1098 2226 1530 1092 4956 3451 897 2194 1703 4412 4241 3423 1525 3841 1597 2568 4789 3658 3916 2274 1802 3763 874 3314 1420 180 1050 1555 2191 2195 4246 4537 3232 657 3043 3432 4199 336 1643 2688 3544 3622 4466 2719 2063 1669 3433 3229 3831 542 1038 2409 3134 4581 4533 3617 3366 2740 962 2963 3054 2063 2674 2468 3290 1626 458 4687 2744 757 1742 4886 1406 4989 3774 4162 3765 1065 2233 807 456 1172 4112 4513 2551 4525 3117 2887 3492 1551 866 1798 4633 542 4648 4150 1794 1041 1617 1870 3670 3640 270 1426 4291 1773 1922 3612 2682 1970 1701 419 837 744 1986 2453 1777 1558 2624 3314 2456 2312 4900 2255 3856 3935 2169 2712 1969 3393 2232 657 591 474 1586 1699
2619 2189 3568 1863 472 4136 1704 3915 4782 3820 4887 1780 3681 3424 3912 4397 1812 2600 3713 612 1012 4337 990 3707 1712 3829 552 4163 1426 2988 4664 4809 3028 2010 976 2966 1771 90 4406 4526 3763 4162 3134 3237 699 4479 1793 3970 346 2608 1623 1782 1505 2659 1970 2129 212 2852 2207 119 3153 4083 1376 4512 903 4032 2589 588 4769 3654 86 1912 4745 157 709 1364 2145 1667 104 2628 1375 3740 4554 4046 4451 708 1937 4595 1525 4247 1850 4542 4607 3557 1888 4458 795 2394 3577 1220 2170 3305 1638 3876 1798 1633 933 1560 1057 1116 4726 2712 4803 4818 2537 50 635 1944 129 4842 894 1542 2442 732 2830 4365 1386 3168 1134 3550 4578 3461 3894 2416 2366 2516 4048 3927 805 2790 2883 3227 3536 4272 3516 1543 3299 1703 1142 4113 4449 4597 421 4614 365 468 3114 3514 1745 4488 4487 2790 4985 2431 678 4417 2216 1854 2873 4364 1720 4666 74 2055 344 3692 1319 1294 2856 618 523 4655 4218 2613 2814 959 1550 816 4236 3181 2843 690 1886 1816 19 1774 1223 2876 3137 4164 1781 4766 3046 33 959 356 4119 256 732 2285 1476 3665 423 4713 4280 3521 3945 4618 1556 4507 2183 3977 110 1691 3957 3868 552 1887 807 4708 2501 634 4896 3905 3371 1152 2996 1593 2992 1979 3124 237 3999 1531 974 864 3281 3229 3611 2772 4467 1377 3077 3599 2016 892 156 1370 4563 947 4336 734 1806 2718 1553 273 2290 3477 2514 1765 771 905 1093 1843 3970 3086 2250 3211 1426 4850 1120 572 4763 2391 3408 3371 808 1885 4781 4284 3740 3796 2531 4143 4820 2528 4843 603 1636 535
3143 1958 4810 4725 3626 4212 4636 1313 3329 2016 2741 1845 119 282 335 3718 250 3827 981 4624 4071 2353 1072 1712 3030 1727 1579 4843 2629 1539 599 872 4607 462 298 4610 4348 1698 593 4829 1033 3065 4059 1718 2811 3110 4974 2445 981 1084 4233 2235 4491 3884 530 2198 3585 278 2969 2104 4476 2147 657 1949 4340 3517 3724 3637 4536 1758 287 2459 3544 2893 3151 2069 1480 3943 2692 2844 3165 327 1535 1014 2376 3220 1428 4174 2075 1771 838 4139 4467 1463 758 1384 2097 3053 2596 2286 1915 95 4193 3657 980 1250 2639 2571 4396 3474 3955 4782 517 3478 511 4825 3984 4405 3642 2657 4927 3010 3371 1361 2771 524 1574 3646 1860 1526 3409 4256 495 4082 3431 2095 920 2550 1150 2361 1620 2956 2151 341 67 3085 3111 956 3134 4562 246 2094 3400 3014 2624 4533 173 1123 3792 2978 1930 970 3148 3081 1631 398 1659 4825 3032 3689 4581 4822 612 4079 500 714 4218 2474 2144 1353 1437 3813 71 1806 984 3787 3319 1812 4085 1395 943 4061 4966 2048 4142 1630 4983 1989 3426 335 759 4765 2597 3503 3507 3507 3119 4928 2939 529 775 870 3762 1419 4587 1352 2407 216 2190 2506 3280 4132 2021 2812 3346 4871 2898 4025 3894 2966 4556 3629 1042 769 4611 4268 1397 3841 2301 4608 3533 254 3926 2941 1649 3779 875 3605 568 75 3968 1260 2072 1961 2875 4001 2216 1002 1608 314 2865 1759 4587 1528 4207 2365 776 4399 2307 804 80 1734 4947 761 3987 3013 4525 4536 4136 4355 1890 734 1062 4437 731 1873 4940 1819 2375 569 3796 2096 1545 96 1167 271 2816 4962 3074 4629
2868 1488 3827 3983 1312 4772 3128 750 3909 3568 863 488 962 51 1558 1074 2768 3648 496 4324 3359 337 2318 3829 1727 3803 2519 1395 4659 4872 3213 2291 3570 3183 3495 1603 2587 3822 185 4142 874 3030 3651 2115 3474 4212 2839 4004 1558 1334 4533 79 3869 3427 4962 2580 1075 532 4732 2663 1238 316 1018 1381 1636 3245 248 856 2740 4802 1041 2570 4299 2566 2028 4059 4134 2801 4701 4141 4609 1596 429 1350 109 697 2718 3440 3019 2285 2006 1705 1528 4472 78 432 2921 10 2995 3215 4618 2925 3209 1314 1606 733 853 3086 2872 1014 4458 2575 926 1421 1038 1070 4026 1294 1795 3283 3705 944 1778 4097 1511 1447 27 3265 2492 4838 3171 1323 4769 943 736 2043 1440 3661 479 2914 951 2962 3199 522 3323 4998 3550 3301 3859 3475 1096 4652 1075 296 4089 2556 1037 2620 3297 1418 2792 4080 2584 2900 2964 219 1516 3045 3481 1751 3172 1209 1115 2278 935 3765 1589 3092 2506 3877 4842 1966 1478 4323 4914 2289 1844 4049 2699 3973 2850 1959 3358 840 143 4521 1218 844 2674 1098 4103 1180 4001 602 1176 4487 1507 190 4163 3196 4866 4240 2273 3181 2431 2506 3828 1399 3893 272 3786 155 531 229 1601 1426 252 3539 1769 2633 2795 2117 2479 4611 3556 3498 2642 327 4423 3788 3175 20 4281 1759 3682 1964 4551 3998 2049 396 3993 1620 1339 4476 4619 4181 1601 2455 761 1760 3886 4608 4697 1905 1405 2328 4923 1806 2212 4884 781 3286 1684 2310 559 1029 2766 1222 2182 3699 2070 590 1086 2527 1800 4076 4540 1032 3453 3187 674 1291 4678 3544 2303 2301 4158 4786 921 1098
