N: 300
M: 60
Symmetric: true
Triangle: false
5 116 27 22 149 100
5 114 236 239 43 54
7 195 88 151 42 80 218 86
9 24 12 33 131 59 133 157 293 291
7 298 91 225 139 179 262 15
7 273 295 158 241 253 122 223
9 20 17 140 127 36 108 268 138 121
4 162 56 259 101
4 198 71 128 288
3 168 48 130
7 73 93 53 277 120 32 167
3 148 226 267
4 92 85 65 181
8 156 119 141 159 3 235 217 14
5 61 45 206 83 160
4 256 294 232 166
8 66 90 240 34 58 117 244 74
8 8 154 188 125 266 28 251 187
6 1 142 180 11 10 258
5 174 264 87 67 37
5 231 50 98 147 285
4 102 135 155 214
6 237 300 77 297 249 196
2 254 194
10 165 41 124 224 279 134 290 292 276 5
6 190 215 282 164 146 200
3 52 2 82
6 221 271 238 97 23 46
6 96 227 153 39 286 109
3 62 95 79
5 81 208 70 152 49
4 299 113 111 255
6 263 99 55 280 13 229
2 137 210
4 261 31 169 51
3 30 296 35
5 199 192 104 246 248
7 287 219 69 68 228 26 185
6 243 245 123 75 175 76
8 230 7 29 275 233 211 197 16
3 272 143 173
1 103
2 186 178
7 260 207 242 193 144 201 4
1 78
10 150 283 60 182 105 274 270 269 110 172
4 189 145 220 250
6 6 265 212 203 107 216
4 64 63 163 19
7 9 129 184 278 106 213 204
3 247 176 136
5 170 209 21 89 281
4 38 183 44 284
4 94 171 132 222
2 84 234
5 47 25 118 257 252
3 191 161 177
2 205 126
3 112 40 202
5 289 72 18 115 57
4236 1879 2016 4699 653 939 1905 4687 2544 2978 161 70 537 1932 1018 1809 1824 1086 3248 2827 22 4045 1470 814 4744 809 708 559 3713 3837 77 1695 197 2885 3098 3372 2541 1187 2082 2271 1576 423 3997 1526 106 177 3437 1075 4774 3437 1428 3752 581 601 606 1249 4951 4364 2329 4314 2605 3893 3990 129 4926 465 242 3771 457 1134 845 2997 1638 2724 4606 3087 2065 2801 2175 742 4239 323 4960 4305 1811 1174 365 1945 1025 3145 1216 2317 4835 1026 949 627 4367 2210 1185 3863 2046 657 629 1097 1519 2309 1982 2084 1690 3501 3673 2830 2350 2564 4847 4149 1309 2042 1881 3529 4103 1858 1440 3644 1727 3217 1453 2559 1688 4496 3966 2894 3733 4720 3715 3164 427 3385 1037 1856 1153 3254 452 3912 382 899 4874 426 3993 4563 608 2180 1811 4159 3469 734 4579 1536 1178 3209 3295 1784 3438 4201 1114 2493 1190 1393 1008 4369 1474 1331 4664 1335 1845 2458 4753 3140 4996 3770 1542 2597 4981 863 960 1967 1729 2469 1271 3955 3338 1516 2673 1812 1457 1516 4910 387 4102 1833 2752 3023 2313 804 1471 3494 2219 1119 3189 2609 2601 2384 3101 3527 2765 3755 4554 512 1891 1437 2086 2480 1507 1381 1230 2563 4802 792 3198 4135 2492 1597 4503 384 4526 4887 3457 2675 1637 612 1356 4294 1001 2513 3116 3096 4971 2352 4641 2383 4470 4502 2443 3637 2430 2731 4722 1961 1875 1807 797 3069 3350 2095 218 3521 1094 3202 1439 3820 1778 2237 2405 2419 3588 2582 1691 3033 486 3891 4016 140 1445 2645 2854 3859 3768 1221 2378 4928 2930 111 2572 1444 850 1337 3060 4396 984 3247
1879 3700 285 2934 1945 963 4722 408 4371 4982 2952 2880 3337 2168 4255 394 185 4501 2373 1364 1753 297 4988 3550 506 4809 836 1096 2980 4411 4925 2119 4585 2725 4132 1256 2253 688 452 1636 2591 4746 3603 1325 307 1100 1219 3928 148 3121 4473 1367 719 212 3659 1095 4236 4956 2677 2305 3077 709 831 777 2885 1138 2908 368 1559 4178 4989 2957 3826 2366 3687 342 290 4781 4669 494 3207 3839 2020 1424 4603 4209 2400 2504 4550 4870 3718 169 4524 3672 2409 3570 1311 784 2290 3060 4991 585 782 172 4337 750 4961 4638 2704 1406 3133 2978 4677 4189 1191 3863 2743 2403 2856 4026 3035 3125 1918 4954 1996 4469 4660 1412 3478 456 4660 3213 4442 1135 1691 653 2012 4239 3139 3324 1917 4895 2962 3943 3613 119 2625 2870 2951 415 2934 2815 2273 3013 2111 4349 218 3112 2251 4692 4365 1393 1455 4134 3227 2287 3077 761 1032 266 1322 819 1836 4483 3172 211 4954 1247 4179 3651 3966 1045 1716 3799 839 2494 267 2367 943 4486 1867 2042 1821 2685 2549 2751 380 1437 2191 4136 2913 3125 526 4508 1406 629 1124 1683 3162 4652 2806 4314 2053 1758 1174 2709 3606 3413 1805 1395 2637 3293 4408 79 1206 681 2332 1119 2567 1263 2191 3404 3890 2327 4494 3627 4279 4981 2181 3515 3795 3795 2356 211 4903 3080 4606 4671 2869 622 4515 1357 799 4643 1880 3569 2852 3061 1365 1353 1561 2825 3083 148 1814 1520 3439 4856 2327 1702 3500 3065 4720 531 4981 3257 2204 1980 4886 3329 3841 552 1879 4762 1163 2954 1308 2980 142 861 1174 4344 3220 1475 3595 559 1702 4686 2961 4350
2016 285 1972 410 4811 3107 1443 562 1866 2604 299 2602 4327 2637 1673 4181 1793 470 3930 2094 3429 4980 770 4068 3729 1743 816 2949 4473 1004 4792 4215 2564 802 3611 2819 447 4544 4543 4423 332 4024 3435 1620 3228 1930 4561 4183 2136 954 3990 3246 1527 578 301 4267 657 2527 1133 2308 947 1844 2193 1323 2079 1253 551 3452 244 4350 4172 1925 4348 1931 1993 2875 4261 3479 315 484 165 614 1794 3298 2527 1419 2539 227 4374 508 2435 1148 4746 4950 2074 3733 3929 2720 602 1379 1310 1664 2256 1508 3678 1379 3550 1799 4766 1480 3507 2126 1767 4978 3326 3559 3596 1227 924 229 1288 1728 213 4102 1798 1166 1987 2212 4022 4825 3828 107 2996 4310 2054 1036 1058 983 3962 1836 3976 4778 2475 4578 3373 1658 232 4978 3963 2538 4871 3146 1470 240 4692 1170 4152 2345 3463 4540 57 458 221 4720 3812 4589 4860 1340 2621 3135 719 3273 1420 2938 4011 2263 3804 2429 3305 447 2946 895 3924 2950 550 3892 2228 1977 3312 3604 4429 2561 675 3005 754 3487 2097 1608 3302 1927 2523 1364 426 225 2163 13 1945 348 568 3216 759 4855 2285 1264 3608 1327 304 4171 3779 1097 921 4537 2863 2112 2854 4367 2598 4615 2406 4388 1796 2870 3655 3365 4077 2068 1910 244 999 1456 3325 779 4303 2438 4556 1876 2576 4360 3442 1469 3232 2866 641 1283 3215 4609 1567 1081 4955 3042 4783 1090 174 2149 4622 1260 347 1836 1498 73 919 509 3625 1833 379 1563 3918 1184 4435 2664 1456 3357 3473 1459 2555 1335 1539 90 3823 3766 1545 620 2072 1477 4414 3299 2426 925 236 4612
4699 2934 410 465 71 4214 2988 614 3526 482 4025 1029 4925 3102 648 4067 2495 726 4227 412 3239 4825 337 2998 870 2046 4790 4985 3930 3239 4566 58 4439 4082 310 3800 2094 404 881 4381 1799 2762 2017 4116 445 2955 4407 2914 3800 1967 2335 4373 1990 747 2667 3017 430 1058 1129 388 3149 836 3425 4985 618 22 2097 4877 4195 1197 83 865 2619 3232 4885 1046 887 867 3220 2485 4351 616 2629 3701 2376 4717 4419 3673 554 4735 1727 2611 4263 2936 1053 3029 3266 2700 4855 2132 1519 66 2234 4140 3615 1925 4266 2889 4893 271 3287 3807 4748 4821 228 3528 1872 4192 1351 3908 1606 2710 415 2542 607 541 1505 1513 3915 232 1412 547 1644 3343 4497 4645 1663 2557 151 3365 1293 2985 3607 2099 2257 4456 632 1751 378 383 4255 2022 859 4663 249 3407 1671 3842 288 452 3426 3300 3707 35 3445 2126 1609 173 1389 45 4886 2052 4878 1955 2558 1950 2790 3207 4499 1988 2872 3381 2663 543 3031 2720 3173 240 2342 3422 2771 2657 4330 2574 1263 4492 2952 4578 1096 629 2439 409 3614 2862 1146 2758 182 3316 3787 835 3948 346 647 788 1914 1021 821 3003 1475 3155 1188 1911 2806 3581 2415 2973 4216 1898 4901 3754 3821 4726 2872 2790 1911 871 3815 3009 2203 1439 4329 1496 1304 2432 2421 1155 1015 1194 2624 836 800 1330 4741 3423 2685 4238 1045 3540 537 2767 1905 1507 3264 4504 625 1902 2323 3053 3798 1653 4190 1435 1934 4576 3062 3970 4745 1748 131 4404 2366 3209 4776 1198 4626 79 3050 3719 1408 906 2800 3192 4032 2726 4116 2197 255 960 46 2178
653 1945 4811 71 880 2458 4510 888 2754 3788 4947 710 1246 259 2662 3260 2856 3008 2198 2495 1173 3200 2467 134 2409 3932 162 3723 3873 1129 56 782 1550 3449 1744 663 472 1387 4360 3370 4567 459 2915 2324 2676 2535 2501 2950 748 1040 3166 4266 3471 4546 3537 2516 653 4084 994 4141 1041 1372 3286 3776 3810 2848 4230 268 638 670 534 3916 4735 243 2586 2746 377 3220 4464 4735 15 1232 1027 405 2086 1387 1299 465 1095 4690 2289 1812 4803 3174 82 4952 3149 534 1531 3769 3585 543 3085 4954 1473 4028 3274 2545 961 3659 430 4277 2326 4273 2494 2006 3953 1547 1411 2235 1797 4211 2765 1126 4225 4726 1310 1785 109 3077 2079 3027 2926 4473 2415 270 4675 777 4987 568 1946 3127 2891 3477 2622 329 3140 1213 1503 94 2816 2633 3083 1396 1338 3147 1260 2427 1033 1137 1009 3512 2495 3720 2143 2669 4748 53 4896 2735 1735 2895 3460 3734 4744 3011 4749 80 2529 1911 2506 4258 3412 4566 2573 3622 916 3157 3835 1530 706 2655 4336 4155 3178 1840 286 3371 4993 4694 4551 3534 1809 1354 4117 685 94 1903 1308 4100 3633 688 170 4509 3993 1656 2740 1876 4920 4103 1532 1553 3775 4781 4969 3625 4925 4129 1961 1842 3401 3745 4408 4057 1998 535 2648 522 3616 156 3887 1068 2708 2959 553 1705 4679 3862 1141 2834 3773 3527 3772 1133 4454 3724 4446 978 1965 4064 4049 3422 4153 76 3665 4499 4030 1088 746 4611 3827 2821 1303 2438 4494 2244 3495 2476 1597 1966 4165 3518 978 454 2329 4133 1060 4037 3233 3036 2825 4413 2715 295 4536 4071 3209 3695 164 4116
939 963 3107 4214 2458 1401 3985 2025 3947 490 4405 2828 2878 3752 1644 2951 3070 1226 4031 685 938 4233 713 127 2469 3808 3022 46 3141 4537 4982 3767 812 4500 966 343 1503 1773 58 3346 2254 4537 3807 4936 3876 2929 4131 1107 2916 2627 3056 3061 38 3733 4895 572 1927 946 4360 1343 565 1540 645 4203 4834 3801 900 1082 3629 71 4785 2015 4814 4931 3012 969 1678 913 2699 1126 3476 2165 490 159 2253 4739 1624 4940 1956 1413 1196 4038 2723 4448 4437 3291 3684 3065 3090 564 3359 1739 4084 1718 1054 2365 4706 2535 1959 2559 4951 256 947 2012 3279 710 4392 4075 2591 665 1985 2177 4145 3200 2472 3120 341 3301 136 3212 3235 1564 1979 3723 2483 3751 81 2703 3688 4977 3365 2017 617 4207 2795 2901 4977 4277 2084 4154 335 3031 1869 1393 1272 2008 4965 1460 4793 4201 4873 759 4780 1159 4055 1260 51 331 2583 3073 2861 311 386 1256 1716 1483 2964 3252 4584 2228 3906 2916 989 1519 4680 4320 121 452 599 3147 2675 1265 2536 595 217 1471 194 4916 1916 4551 376 2556 4966 4599 2593 4922 3251 768 497 2907 4993 1391 1695 1013 246 2872 3614 1869 218 4199 4627 4068 768 2724 2198 1513 4399 3431 3885 2341 3988 4320 3169 1048 3177 2297 769 4659 4664 826 4393 2043 4298 2139 2188 4686 4222 789 3153 3855 344 4086 4469 3439 2865 3913 2926 2020 2747 3033 2038 2455 4735 4350 2533 2976 1314 4759 4166 4093 3640 3651 2405 3583 1605 3682 1862 4267 2385 1167 1996 967 1537 2120 1887 477 557 4130 2876 1124 4408 1517 3547 637 4317 734 4344 2338 2064 1020
1905 4722 1443 2988 4510 3985 635 483 2967 3754 784 3935 1835 582 454 2609 2807 4534 1754 4735 1572 3993 2045 4939 1137 2807 3774 3888 842 3133 3863 4722 3388 1681 3611 57 176 684 126 2691 2000 4170 169 950 2330 2034 2421 3288 450 3672 3110 1432 2431 4001 3543 4283 4203 1817 2867 202 880 4093 708 2269 1512 1856 4829 1745 3872 4382 2696 964 4550 3140 2964 1619 2887 3604 2592 3328 634 3118 485 827 1077 1455 3224 722 2496 209 3344 3686 1972 1408 4921 1220 872 3196 4175 4822 2663 2260 2253 4540 4649 1556 30 2857 43 2422 1334 3995 4856 1076 2345 1735 294 3804 3902 1011 4449 3140 4825 983 523 4539 1992 1193 4722 3989 801 2421 3131 2983 3207 2745 44 2587 3557 2260 1664 4843 3907 2528 2729 431 2380 1781 2372 3730 2447 610 1664 2459 2540 729 450 773 3999 2365 3401 332 2402 382 814 4431 2368 1259 3005 58 525 1903 3822 2543 1551 3479 1868 2190 2678 3396 1542 1686 3944 2588 3122 3645 4968 1754 696 2934 697 30 2002 3117 1486 2415 4880 1227 4277 174 2198 4173 2478 1129 3568 3204 1350 1236 195 4294 3888 2429 1837 1678 2408 816 988 2237 2458 553 613 2186 1805 935 3661 1965 3505 195 3555 3286 119 1392 3855 3479 2688 2981 2796 2603 4055 416 3348 707 3673 1022 783 3418 3444 351 2222 3285 4461 612 2050 809 1234 4962 2454 167 1723 3887 4169 4050 3649 4231 2713 4030 3038 1137 3464 2606 4570 2963 4882 4282 1668 347 626 2460 1656 4679 2998 4466 2957 3808 429 1322 4166 3739 4587 4374 4004 241 2812 48 1321 1389 1120 4099 1340 1918
4687 408 562 614 888 2025 483 2853 3850 521 1180 1634 3155 4240 462 4340 3715 4551 1524 4845 3302 3870 3820 288 3476 2162 3854 2594 4011 392 4512 2787 2936 3281 756 1497 4318 1424 4539 2151 1771 502 2019 3387 2023 2552 387 2489 362 4259 688 3172 4842 1892 1182 450 3744 4481 1753 4696 369 812 4868 2797 1599 1799 4327 2653 3000 1183 4923 3516 1377 2896 1947 2404 4410 4390 4138 1820 3145 1240 3833 1139 620 3782 2178 4075 2214 565 2869 3640 2460 2631 1210 4667 1883 4021 3153 1811 3571 1648 4073 4436 3120 1160 4932 4314 2625 423 3972 986 3322 4595 659 1008 3880 4955 4491 3442 1199 3267 2647 2485 3123 4459 4202 2072 2009 3075 83 2466 974 4616 3699 3492 4042 1491 4389 2603 754 1891 3181 3487 1367 1244 1716 3252 2119 4029 3712 2623 4826 832 2250 677 926 2798 3722 1588 3653 2530 2956 342 4718 2997 3517 4280 4027 4860 504 1975 534 2824 4886 3021 956 4887 2586 352 4969 4386 2516 3828 272 902 2465 4002 1817 2380 1765 4380 168 4406 2064 1456 190 1484 241 1512 1733 4076 2942 3476 2477 204 2260 4042 2509 4650 440 1478 3651 2578 290 2348 3938 465 1466 1884 4971 846 2024 3537 2166 4958 2493 4002 2746 1828 2738 2167 3257 130 1017 1986 3465 4033 3206 2588 1127 4976 1961 3017 1556 1329 2317 636 4679 4463 1855 910 2458 2046 3327 3124 3814 505 3638 1818 3415 4503 2272 132 4398 3219 411 2652 4112 223 520 2289 858 1132 2477 4442 189 2832 2015 2268 4314 1971 471 1643 2529 4231 3856 2566 3880 2523 864 2810 2967 467 3922 1816 3019 3517 2322 3051
2544 4371 1866 3526 2754 3947 2967 3850 3507 1662 3406 4818 4663 3116 3283 3016 387 3277 814 2276 4632 2061 3043 4526 1900 3516 1083 3146 3447 1957 298 1634 2459 4100 3134 2988 517 3546 1812 3100 3094 779 1599 746 882 1101 2047 2187 4111 2989 3034 1967 2657 4408 1159 1941 694 4514 4619 3368 3107 4732 2669 1129 2643 1269 3631 3906 212 214 1234 683 347 823 2492 1775 4449 2639 139 4960 3345 201 2657 874 4000 4688 1349 4451 588 2155 2091 1583 3377 1633 4207 2761 2960 4059 1606 2218 4527 3275 3268 3183 830 3727 326 1471 981 4708 1376 2452 187 3118 1866 1971 2779 174 3644 2685 4781 2075 1916 3399 1837 3104 562 1309 444 229 3524 4855 3139 266 1999 1665 1501 1356 2120 4398 3938 323 1144 3541 2557 441 2953 3846 1738 1181 161 4386 3159 2506 3924 4604 3764 2722 2762 3659 1935 2619 1342 1456 3273 4191 256 4978 980 2142 2693 2520 3981 1558 857 2616 992 4624 2009 788 4017 3386 1819 4748 4093 4462 2996 2449 3467 2636 4761 709 1303 4803 438 4558 759 3679 604 2846 2261 3318 2456 295 2360 2515 3034 3651 797 1154 4662 1421 3863 3359 2047 1289 4575 702 3142 2150 3124 846 98 2065 2993 287 3743 284 2087 573 430 585 1703 2036 2049 1572 4665 3292 3896 818 3084 333 4499 3209 4988 4479 532 922 1834 1301 3517 3475 1092 333 2995 1503 4896 4051 4692 1580 2450 715 2012 4523 1151 2383 4020 4848 1983 4085 170 2164 1104 4385 519 977 3893 3973 4543 2186 156 1703 894 334 502 992 1476 1757 4094 3565 2871 2097 1873 2960 4249 3634 3950 1054 1463 4128
2978 4982 2604 482 3788 490 3754 521 1662 4434 600 106 46 1968 4668 1455 1786 1175 2587 3136 4127 881 4687 2568 2813 4812 808 541 4948 2531 1360 1043 1386 1803 2464 238 1533 3815 1821 184 3817 930 2266 1343 3544 1293 820 3173 3714 807 2196 4387 3265 4958 3578 1573 4723 4505 343 3652 3140 3574 4010 3139 556 4302 271 723 3588 286 3883 3147 4516 4760 1665 4966 3441 3373 3119 4358 919 1699 2733 786 4257 785 2316 465 1567 4684 3224 4834 1646 1524 2123 2190 1674 3425 1184 4750 879 3053 1842 2020 1014 2928 1791 920 389 2541 3846 4470 2200 4476 2642 4456 177 915 2890 4688 2410 105 1943 439 378 1241 4393 816 462 1703 3267 4441 1562 4592 2943 4578 2917 2748 3539 669 2151 4045 51 2768 2024 1034 2623 3717 1581 2029 1233 4014 2617 4112 2262 4999 2512 2996 3263 2436 4551 258 844 4141 1094 3682 3128 2527 2570 1795 2359 1039 3265 4960 4147 520 3178 1731 2699 3584 4939 2632 4648 1582 98 1370 4842 3652 4562 1810 1254 4399 3705 698 3873 294 3950 2378 83 4759 822 2184 252 4219 2368 3970 2489 694 1862 1207 4699 699 406 403 3011 663 2413 1621 277 598 4846 1354 143 331 3821 3193 3798 4473 2021 2288 807 1608 592 292 4958 3971 641 4243 4776 135 2168 3867 4272 4582 3936 4323 4690 4818 4698 2393 2326 980 1424 20 4484 2105 3547 4711 3102 3340 2240 3527 2252 2792 2942 1938 1305 2917 3611 1709 40 2738 1015 2477 4643 3810 2427 3886 147 721 3624 4430 1318 3423 3535 1254 3603 1342 901 2482 1850 3667 2431 3393 4911 333 1291 851 4273 1861
161 2952 299 4025 4947 4405 784 1180 3406 600 180 4576 2152 1517 4859 2140 4258 1424 4268 3870 1136 407 2254 4850 2139 3665 3300 4867 23 4583 1232 2111 4130 4267 4976 49 2503 235 4575 2262 4180 1711 1585 2332 3559 775 2682 1254 4702 4928 4103 3335 2667 3097 657 2281 1324 3435 1022 569 626 4815 3080 1459 1902 2859 1648 232 1198 576 4238 3572 1019 559 824 1344 1914 3819 866 2555 997 101 843 971 2423 2614 282 2153 3407 2404 2128 3417 4258 1672 4387 187 3216 390 540 3934 759 4571 1216 4224 2633 808 4972 694 4647 1284 4306 4682 4809 4736 4181 4605 1050 1455 1327 3464 970 1711 198 2585 163 4572 4895 426 3148 3431 934 1181 4029 4136 779 484 3550 2056 1467 3871 4876 1890 3832 1723 1932 2725 675 336 3287 2995 2142 1763 869 2305 4557 1989 361 365 2633 4450 3861 3531 913 1830 1407 280 1841 2452 4294 675 2691 2745 3371 4312 1568 2515 1628 2227 4290 2956 1113 760 2916 133 4259 4125 2737 2387 15 4230 2298 215 453 1648 2458 1525 2631 4039 148 1002 3048 4202 724 2360 4850 3182 321 2293 1237 4492 4508 4473 3284 3010 2156 3482 1383 334 4331 3594 409 4596 3690 4748 1668 2435 821 2958 2406 541 1503 431 3738 1204 1392 1420 2551 3888 59 4732 3284 577 152 3563 2856 195 1692 4143 4727 4641 1135 2926 582 1223 88 2819 3460 1816 2113 1176 2703 4987 3172 4862 4467 2485 1207 1346 3816 2427 3647 238 1932 3219 3064 3727 456 2607 2236 1204 367 2295 3501 3000 1299 2931 2851 636 530 4153 602 2080 4642 4490 4467 3051 3157 1772 1595 3511
70 2880 2602 1029 710 2828 3935 1634 4818 106 4576 1309 1203 1135 2312 872 1075 320 3016 952 2368 3568 1207 1129 2404 1469 2187 3849 1773 4657 4506 1765 4855 926 3468 1011 1388 1409 394 4682 350 412 3628 4341 2481 501 1906 2954 3172 4726 926 2069 3457 3134 2880 1776 455 4081 4785 68 2884 456 277 4868 3436 4108 483 2669 2724 2361 2431 570 4459 3211 3402 1137 4281 223 4169 1350 2239 1760 1724 351 3422 2960 4294 2986 3099 3384 431 1892 435 3134 1378 4060 2901 140 1271 4393 2275 1673 3905 3007 4572 2647 1490 2400 351 1618 853 556 4509 3832 4059 4297 366 3075 3612 3322 1904 649 3575 407 4451 2786 497 1701 846 281 1991 4267 2906 3319 829 2327 1647 3227 3670 1810 4083 1671 1669 3607 1338 2460 2353 1512 2342 4990 1362 2636 3621 2031 541 694 419 1308 1955 2483 2769 700 4963 1037 502 1751 645 634 2085 3442 3806 1204 4531 3891 335 394 2402 2558 1122 435 3731 1852 824 4864 2767 3129 23 1342 2810 1349 3544 4908 2424 2823 2116 3890 3693 1905 1987 4076 1684 4718 2798 1456 1797 3128 3098 4017 3811 2681 1096 2343 3052 2735 633 4173 109 3804 1117 3334 2200 891 170 2619 2824 4885 694 3564 4086 1717 4543 2725 4294 2997 3942 3007 1761 3433 1477 1109 3906 1141 1252 3170 625 1410 1123 1735 1059 3834 4114 1801 884 1932 2861 3990 677 4471 2767 3368 653 1658 1988 1009 3236 4266 990 1297 1469 3221 3203 1987 3980 2646 1802 2812 1153 4281 3399 3950 2002 961 2315 1938 4123 927 3499 2174 419 723 3606 2620 1449 2711 3461 386 1324 3232 4042 1392
537 3337 4327 4925 1246 2878 1835 3155 4663 46 2152 1203 379 609 4458 1320 4781 4256 1733 529 1606 2813 2950 1172 2129 3627 4463 1853 730 4973 3959 774 2264 4239 1462 4629 2861 1924 253 607 2273 1148 3381 3750 2821 2044 748 648 4866 4314 1228 2947 2280 3033 887 1235 4725 2718 4533 2448 2945 3587 1721 4289 3549 2125 595 1260 3343 2927 2220 663 2282 4914 4602 3738 1488 3129 4126 2538 3812 4816 850 1170 2863 899 60 2297 2217 1735 1853 3872 4298 2129 57 4228 333 1937 4623 1954 819 1819 4995 4967 4710 4081 125 1973 506 1483 2201 3195 2085 1016 538 3256 3328 1228 563 4613 1919 3248 428 2221 498 4805 1763 4441 1071 1076 4958 2635 4030 1217 3284 3231 2467 3323 2689 4803 2208 1933 4668 2612 45 4975 4126 4641 2286 1158 3644 4546 505 785 2551 3648 2122 1522 801 777 3110 1761 4014 980 4569 4869 3771 4360 2444 4417 1522 206 3999 2453 2975 1950 59 1392 4638 2063 3844 3216 1328 4711 2878 4427 1471 1960 3213 1457 4877 2377 4182 19 4536 294 3496 672 2357 1701 303 311 4197 643 3262 312 3711 3438 4190 2815 657 4072 1578 3625 3583 841 1692 3482 1553 3643 1897 4086 4421 3764 2993 3525 4446 4902 3068 2392 2969 1525 4374 4019 363 4105 2328 3467 1051 143 3210 2419 3134 2240 1169 55 2178 2015 3207 3370 3658 2903 4098 1501 1050 43 4148 3408 4635 2774 3310 98 1663 49 3095 96 1359 3067 2816 3376 1483 4058 1690 2568 4456 594 446 304 2638 3445 1467 2175 752 3845 2928 29 3895 1158 1360 864 209 2370 3916 109 1601 1156 1185 3080 4882 1099
1932 2168 2637 3102 259 3752 582 4240 3116 1968 1517 1135 609 905 357 3742 3727 2034 4937 4545 3939 1744 4548 4397 506 1697 2736 4812 4077 3782 2400 2920 3015 3886 2531 2994 4431 490 687 1760 4133 1798 2245 2762 3837 88 2877 1154 455 3764 1674 3853 4340 902 2823 1005 3676 1790 2576 4150 4602 3873 4712 3607 1727 2034 2627 1987 2360 251 321 2754 2681 706 73 912 283 1642 1056 4319 3719 1162 4295 1209 1122 3001 1211 3280 4237 3754 4705 4563 3209 2257 4477 1300 401 1473 4004 4509 2277 3484 4419 4541 356 2734 4924 744 2477 932 4309 3640 2847 2678 3313 109 3912 1189 3831 2714 377 3205 117 3649 2591 2432 1766 1019 587 2380 4409 4629 3850 3847 2317 2973 4618 3394 4938 4549 1401 1972 4161 4330 457 2166 1207 3464 3702 4860 4057 4508 710 724 2652 3386 2187 3689 987 1221 2798 1100 3204 1390 4879 3500 3168 1988 1543 3847 1824 4647 3893 142 2516 188 2701 158 3547 3461 1878 4933 178 2048 620 3933 4863 1348 3705 402 1268 902 3305 1183 86 1912 2314 4177 4214 3984 2025 1345 4828 2134 4242 934 1685 4142 1213 2363 4085 450 620 4250 1966 3305 1261 4708 1500 169 3311 4735 4361 3585 4335 473 668 1082 2159 3589 4081 899 4396 2487 693 460 3137 4383 1082 3461 2605 4688 71 3951 3017 1406 3535 2582 758 2254 772 3289 3660 4716 433 3585 1721 1398 65 2372 2992 699 413 28 4529 4799 1258 3941 3612 42 3621 1285 4744 1153 4105 242 2477 4298 1315 2808 1896 1932 573 1154 2324 1289 3210 760 3197 4884 3675 2447 2190 3672 427 3634 4221 2150 1724 4638
1018 4255 1673 648 2662 1644 454 462 3283 4668 4859 2312 4458 357 424 1986 2968 2534 3303 1141 2426 1675 3486 1462 1898 1075 688 199 1999 4900 4709 4670 411 4902 740 3581 362 4449 3289 3319 1812 3394 982 3128 1206 4753 4499 3814 4327 4018 1701 3691 1178 417 1208 4604 311 1932 1840 1267 205 3797 1489 887 1810 1065 1048 2230 898 2365 3056 3080 405 3041 4008 901 2690 2077 2500 1683 1912 453 1193 4732 1299 2567 2160 3243 1499 4695 3272 2209 1135 3449 1391 2775 3396 2105 963 3398 4375 4630 1058 3155 3039 2230 1585 3408 4582 4859 1335 4527 2774 1549 4395 414 2849 3971 4889 1569 2664 1102 4083 3826 3633 3111 2341 1059 214 4041 265 2675 3235 2380 866 68 4212 3517 3671 47 2988 985 1885 2026 4586 4126 3070 3144 3478 4936 4636 4474 3480 4582 3257 3495 1407 1019 3082 2898 2443 3537 4083 3741 3939 252 1117 3987 4215 1529 2779 1021 1411 1578 2592 2610 3859 132 3002 4124 3595 1132 4101 28 3908 1389 2130 576 2646 502 1330 1551 304 4801 1650 4078 1369 129 4402 4973 108 1598 740 4539 4266 1536 1217 1141 3487 4647 4359 1540 1959 4681 1431 1384 4508 400 578 3039 4294 2826 1229 3257 1791 1059 968 3846 918 548 4642 3495 761 360 3496 2773 4811 3708 369 2846 138 1350 66 1007 4901 1539 1429 4493 339 4431 3827 422 2600 3223 2815 4674 4806 4849 3622 3804 4556 2202 187 3471 1896 610 659 953 2218 4838 2938 4977 3321 4346 1809 3547 229 1185 2137 2558 3677 4701 376 3344 2852 2373 1641 1493 4990 1749 3186 2873 3255 3647 1315 1684 3291 677 949 2074
1809 394 4181 4067 3260 2951 2609 4340 3016 1455 2140 872 1320 3742 1986 2572 1061 3327 1293 3020 206 2717 3656 3375 1016 1121 2172 722 382 2000 2812 3313 200 803 446 3293 4346 4412 2222 2476 4425 79 3692 1172 4501 1411 780 4480 1361 3113 1620 364 718 111 1081 2516 4671 4660 4644 145 3194 4364 745 2001 1105 1628 241 4745 1241 3263 2398 915 3928 2930 1141 4901 4407 1395 815 3146 2449 3357 101 2092 1839 529 3929 625 3878 1808 3705 2487 4724 1740 883 4267 4349 1449 3603 1774 2280 2841 3539 4000 2808 3523 2410 2180 4363 3500 4105 4678 554 460 1990 332 3195 4763 2536 2365 1452 1758 663 4370 4040 403 4180 4292 1073 1029 1142 1703 1879 42 4546 127 531 4370 3345 4517 4779 17 3499 4485 3915 4611 2155 313 3546 1139 2427 646 3220 2266 4011 873 250 2173 1936 3330 1629 731 1114 4639 4557 266 77 656 4834 4625 850 4715 3987 1256 102 3600 815 523 3834 489 3416 3300 2898 3377 3638 3483 2816 3490 4063 4198 364 3477 1444 1866 635 3377 1727 4946 2018 871 1999 4423 3190 1623 1052 2608 1676 2925 4191 2924 3440 658 1814 821 3533 2744 724 2441 3387 3597 3630 61 3818 853 1913 915 1746 4657 2857 1800 2758 2835 1714 154 689 2867 4174 40 2057 4468 4182 3372 3897 3320 2592 1876 82 4341 2020 4279 143 4543 4278 2047 2553 580 4716 3877 584 501 3758 3519 4288 1181 3776 231 802 3330 4835 88 4170 4157 723 1023 1035 653 1834 3695 521 73 93 3432 41 560 3470 3568 4243 2579 3366 4673 4807 4096 2481 350 2467 3430 4887 4635 2413 4012
1824 185 1793 2495 2856 3070 2807 3715 387 1786 4258 1075 4781 3727 2968 1061 4914 2631 1716 1212 4434 3193 4139 3846 1545 977 1476 720 3857 2191 3087 87 627 3191 328 1746 2072 2582 136 3145 4527 45 2769 2704 3401 279 238 1106 2100 4334 1550 3680 3243 1579 2516 2008 4622 3642 2534 721 1727 4764 3708 1110 4442 4023 3601 539 2742 3552 2644 3802 4676 494 770 4224 4825 3981 3692 487 2009 4054 271 4992 887 2953 2470 775 1443 4780 2145 2413 2354 4856 3786 2453 3928 4105 2484 2208 2989 1109 2563 191 548 3501 4526 2008 3391 3629 4280 724 499 3589 1879 827 948 4266 1054 2633 3065 4245 3951 4897 568 584 1254 2899 1592 3075 4292 2628 89 4870 4138 129 4786 921 1893 1489 898 3797 4379 4052 3546 3289 4335 4699 4123 4521 4310 4610 2977 4893 3700 2633 4355 4932 1853 3408 3653 2393 694 3180 4642 2087 2789 4452 2363 3526 4071 3563 180 3608 1289 3416 1676 4137 1724 3899 1205 2242 744 2188 4789 2321 2593 4417 4277 3186 4226 1456 3958 1048 1140 1586 2365 4537 4316 3966 1648 4065 1428 1747 3160 3495 2989 3199 2820 3221 2502 3403 4736 2763 1685 281 1304 4364 1150 2724 2741 1263 2468 1703 2689 3101 433 101 3797 2313 3799 2794 3122 3176 3631 993 4643 3387 3814 2245 368 1834 147 2209 2361 4431 1679 3158 750 3530 974 1244 2042 4935 1345 3316 4886 4317 997 3970 4390 700 633 2842 4952 1109 1078 4613 2242 4487 4601 4695 431 711 4865 24 3777 2567 2374 2559 3261 1875 459 4572 3627 644 1725 4114 236 4373 1914 4103 411 1603 2011 1552 2703 463 3039 2120
1086 4501 470 726 3008 1226 4534 4551 3277 1175 1424 320 4256 2034 2534 3327 2631 3350 1094 1908 3269 3160 3926 3542 3175 3124 185 2522 3975 1918 3495 863 3155 1408 372 4756 3476 1394 4553 1082 66 975 3746 4139 3255 2689 144 1250 4770 3773 2455 2455 4957 3767 1240 1523 1238 3041 991 701 4682 4744 1568 3423 3657 3929 4969 3213 1038 2419 700 1374 4052 4967 118 456 2775 2588 2588 124 491 1157 3250 2231 1164 4786 1802 3019 1184 165 4281 3759 733 2066 3898 471 1145 217 4811 4783 1899 2971 2011 298 2671 3820 348 4750 1580 1889 2250 2110 958 1939 2036 3456 25 4027 2052 1725 4206 869 1245 4224 4501 3539 2534 3346 1188 1898 3782 4008 3752 2919 1851 1894 4728 3456 3135 1615 895 2430 2760 2392 1514 2861 275 3729 2468 1263 1089 1662 4962 3184 1485 1234 4782 3633 3873 4263 3143 4450 4960 35 444 2791 2694 1936 2510 4426 3764 1011 3629 3633 4549 1604 1469 2995 2500 587 149 1141 3502 2013 4864 3450 1874 49 741 1999 2748 1264 2230 2333 2640 3040 1144 4547 653 4149 3286 4821 4497 1394 1133 3486 4228 874 802 4734 917 1972 4343 1929 3462 3057 1194 3626 3707 4861 372 1740 3746 2508 2480 25 2831 452 2686 1770 4734 1895 910 4221 905 263 1585 3302 2917 3271 4795 3178 2828 1225 857 2631 885 3998 586 1082 4550 4272 2932 4370 3806 2243 3144 2539 2927 1983 3672 4770 4994 206 2633 131 1400 37 2889 1406 3848 3868 4113 3841 989 1987 3861 156 715 4315 1015 3169 1152 1135 4922 2145 783 1304 3555 2810 3813 2836 850 2950 2046 441 203 4361 3999 651
3248 2373 3930 4227 2198 4031 1754 1524 814 2587 4268 3016 1733 4937 3303 1293 1716 1094 987 1889 1285 1382 596 3691 1098 1473 3016 3122 4839 2514 1718 1442 1707 2685 3959 391 661 4333 3944 1478 532 46 2534 576 4957 3974 2266 2528 3691 1766 4871 1139 3346 3712 729 2478 4851 4994 1265 548 2689 2604 4339 4747 4079 3227 3211 406 412 2634 1876 3165 4675 4063 1011 3995 4133 4198 3427 2368 1331 2500 1552 789 1291 3594 4177 4123 3015 19 1551 2956 4717 1103 410 4692 943 4578 413 2170 525 4363 4838 2783 4800 891 2948 4218 2135 1695 4348 4460 4942 2002 204 2493 703 2675 2326 3674 2502 4817 2923 4897 2381 1876 2522 1278 2626 2982 4758 4309 4844 1850 284 3708 2543 952 273 726 1975 4514 1019 4701 2167 1184 2941 4547 315 3244 3749 510 3403 3034 1264 1896 85 3824 3314 1598 2662 2345 3890 718 1276 1839 3126 4125 4585 2441 2277 3466 957 1638 605 2855 4878 341 4390 3807 1479 3109 4326 950 849 2549 3124 802 2989 3760 367 2055 4626 921 2880 3831 142 80 3878 1722 2045 3979 858 4286 2724 4886 4111 1768 120 1142 2462 4368 1315 3750 3148 2573 241 887 4666 3959 2715 2349 831 2063 1955 601 318 3697 3785 4569 4815 407 3709 3064 1151 2125 1422 2994 4636 4337 2823 826 4640 1134 3083 2805 2440 1964 3072 1541 3153 4257 1882 2307 2802 69 3857 2485 351 4674 458 873 4651 897 1254 2967 2624 3281 2913 4902 2176 1896 1322 214 971 2982 1012 624 801 4789 2605 2750 261 4574 1575 990 3141 758 839 202 4707 490 4328 1818 3683 793 3834 2729 4925 3494
2827 1364 2094 412 2495 685 4735 4845 2276 3136 3870 952 529 4545 1141 3020 1212 1908 1889 4731 2595 949 3313 4526 1958 1561 3466 2770 4196 606 3018 1017 4208 2055 959 2044 2276 4346 3069 90 3971 1246 807 2187 202 3895 1030 3314 2898 1818 4464 4056 203 1087 580 2705 1918 4682 2402 2489 730 464 2489 2309 3533 654 4126 3019 4177 4520 2929 795 1730 2691 4208 3735 2171 126 107 4549 2077 432 3950 1378 4725 3518 1764 1148 1619 362 1784 3144 868 4798 4400 192 203 493 304 1105 3450 2728 4877 2999 2855 3934 1453 3866 517 2461 1375 1139 2508 3903 4844 3056 2844 1342 4201 457 1722 2806 2797 4584 1001 3388 1965 1890 210 1835 2204 1090 737 3887 3566 2246 1500 4993 1884 3586 94 1761 904 687 4863 1839 1085 2710 334 3844 232 2625 2731 2785 2344 911 2563 320 809 1605 4382 312 286 2916 2606 447 1133 849 3687 1995 3829 925 165 643 4532 1412 4613 1529 2021 3586 4938 2187 3442 3036 2050 2539 1557 2393 4658 926 2706 2328 2750 3460 4238 3428 2741 2816 543 3527 3760 3185 1202 435 1755 3440 1618 2277 2778 1408 33 3165 2849 3517 1051 3743 2235 3192 4502 2530 4653 501 25 3173 4858 1377 3872 57 885 3964 79 1674 2180 1466 3506 129 758 1381 2967 329 1927 2341 816 850 945 2487 645 1679 3878 2185 4842 374 334 947 2082 3772 3736 3372 3934 4278 2829 2893 3475 4035 841 3612 4221 4422 4768 2596 318 2830 162 4413 3005 4465 3379 2059 1770 464 2338 2455 3695 1050 2525 2210 2445 2675 2243 4844 3604 1737 4341 1116 3183 1785 2625 2332 3625 4896
22 1753 3429 3239 1173 938 1572 3302 4632 4127 1136 2368 1606 3939 2426 206 4434 3269 1285 2595 521 2623 4364 822 638 564 3942 992 1903 2134 25 3982 250 3142 2618 3916 3403 3767 1161 2942 1736 1170 4659 2313 1484 867 2037 4446 2254 3166 511 2146 3547 4461 3433 4566 2036 4408 4380 65 2006 4582 3975 1552 1823 4382 4230 1131 2665 2398 3308 4103 4133 1266 435 2556 1233 4794 4709 3482 2443 3151 2798 4525 3398 1295 136 1778 4716 1636 2915 3355 1804 4187 2983 4518 3623 1216 1935 1843 2201 3288 2209 4448 1637 708 4817 4783 1598 3068 3870 3209 2437 3333 3742 3502 2354 423 779 11 1927 3905 4189 733 4907 3251 1120 1900 3337 2588 4165 4422 806 2944 3746 1864 40 1240 792 1013 2659 2304 2533 1189 360 2618 2028 2277 1903 3413 1727 447 916 4988 1461 181 1758 523 3609 1482 990 782 4336 3199 3343 2788 339 1168 3780 87 1349 3725 2177 2533 1248 3731 3320 3906 1641 706 1764 4543 2100 3100 4407 1759 3685 4796 4603 3997 3845 596 1628 3696 955 3810 1603 1800 2815 155 4369 4723 960 1956 515 335 3714 3365 1076 2131 3967 1766 3735 4748 221 4738 4970 3087 2710 376 4065 62 123 4213 4938 3059 248 945 4301 3677 1609 4159 1639 4128 2007 735 2910 236 4077 1439 736 3447 2362 259 598 3764 244 3827 67 3088 815 2001 2895 4614 501 3671 1938 3325 2516 191 2017 4202 2374 4175 1411 1229 1300 1728 3221 2475 1348 2076 4813 554 3584 2474 3299 1873 3549 4885 200 2449 2399 4358 4024 1830 3866 4980 1879 930 4685 3033 877 199 2427 488 2137 2714 4469 2412
4045 297 4980 4825 3200 4233 3993 3870 2061 881 407 3568 2813 1744 1675 2717 3193 3160 1382 949 2623 3572 2241 2885 2968 47 2683 160 3197 712 473 1873 1796 4656 497 2869 4067 2392 2329 3036 2923 1350 1791 2927 2865 2633 3284 863 718 1798 4424 3417 924 670 450 1590 4239 1612 66 3516 3022 683 1966 1913 4962 369 893 4799 3415 3232 1997 1873 3414 2828 1080 2130 1405 1951 482 4569 4127 3798 3117 4454 4455 862 337 310 1757 3635 4929 3091 4941 2667 986 2872 2164 3217 901 3555 1229 2028 1651 4810 4599 3311 3660 1034 3634 1180 4262 3513 3926 2591 1825 583 1145 3094 1776 3751 3400 2113 1393 187 3219 3783 1956 2077 1494 4148 2060 3008 4277 828 554 2887 3049 4725 1101 943 3079 154 928 3353 3410 4166 3078 1734 4482 240 2181 3816 2334 4674 4243 4265 711 3329 4871 3979 3771 402 3488 2599 4636 2032 4811 2659 768 171 4434 2750 3710 4134 4893 3942 1783 273 4256 4996 1979 939 4894 1583 1485 2975 2514 1332 1286 4323 1526 1076 783 4331 1252 3347 1513 2922 768 1839 211 1790 2722 1760 2898 3859 1193 2824 3351 4347 3301 3733 1116 362 205 2943 1920 1623 1694 4983 3579 2362 3484 1388 4664 11 1422 4159 2454 336 1785 1458 4694 4932 2741 2725 2157 4597 4739 4817 1336 2437 1627 2255 985 2395 4521 4500 3248 3508 2434 2178 947 1538 1589 2392 3905 2096 241 3404 1110 1200 118 4852 1563 4567 2867 4975 1737 4452 1806 2924 3547 228 3506 4554 3301 4546 2323 1089 1126 4358 320 2745 2641 4995 1953 1856 4035 2296 4396 1260 3537 744 1309 326 3887 4900 2975 3838
1470 4988 770 337 2467 713 2045 3820 3043 4687 2254 1207 2950 4548 3486 3656 4139 3926 596 3313 4364 2241 1064 172 394 1033 4701 2808 896 4932 3409 3245 3919 1527 4768 3171 3521 2790 3663 397 3682 3165 4397 2608 2672 1111 192 3791 1120 786 4831 1758 4416 4742 3115 2090 3856 594 4808 454 1315 4547 1599 3508 1995 3718 2684 3884 1249 4356 427 100 4024 2066 3694 456 977 3449 103 775 16 1131 3830 208 1258 2357 2724 2585 3928 4142 1442 4812 438 3062 2311 2642 1149 3399 4678 4764 4361 4742 116 4400 3703 1181 352 1652 3021 3828 2365 1138 2987 3860 685 3725 1935 2413 4908 1704 2765 610 2431 4741 1466 3713 1614 874 585 640 613 782 4317 3223 4337 1308 1452 3652 3267 403 1556 102 4734 33 4788 4229 486 600 1389 3236 1631 228 3155 3442 1404 911 1804 1986 4792 2704 2527 3837 773 3228 3323 3999 1065 1053 269 898 683 3460 748 3129 4220 4282 2513 4776 4646 864 1015 4677 1653 4970 1900 4460 1117 61 4182 3041 2013 456 3751 3833 4259 218 2288 1220 1746 3771 97 3591 298 3758 3779 3036 3763 1756 4962 411 1063 1147 1779 3735 1657 1348 3728 1685 35 3642 292 3131 4585 152 273 738 3215 1817 1878 788 4198 1290 1557 418 827 529 2261 2009 3836 3424 4237 1708 3319 2723 1727 879 129 2984 2392 898 3121 4470 4642 1040 1299 823 1488 2859 3461 4355 4967 613 953 4911 3830 1505 94 4481 4290 1635 4538 3574 3544 211 2775 1087 4435 4327 2359 3520 2400 1319 2530 1098 804 1057 1306 311 2634 2505 2932 82 3416 1890 2388 807 4643 2612 2279 338
814 3550 4068 2998 134 127 4939 288 4526 2568 4850 1129 1172 4397 1462 3375 3846 3542 3691 4526 822 2885 172 2511 1288 486 710 3695 205 3064 4281 1902 1829 1937 3451 1541 4182 2595 858 4210 1849 2890 4587 124 107 859 3054 2308 4657 2851 346 1897 184 4535 1344 84 4727 3503 3480 1079 2584 4409 4437 4523 65 3692 3306 963 4974 4537 4376 4254 2271 1248 1252 4853 1540 1434 3294 2727 1419 4949 4727 3380 2030 3179 2216 721 1652 216 705 2644 744 206 2470 3910 4707 1008 3964 2447 740 2856 1166 2209 3320 1596 3698 4204 226 3429 4187 1544 3316 72 3884 4649 4775 1474 2593 2233 4255 3032 2967 1820 380 1880 4640 4085 709 238 2705 1958 4465 3286 4421 1467 2615 784 1984 424 2777 765 2322 4720 4735 332 1030 455 4351 2572 1346 1881 311 714 4106 1267 387 2240 245 1713 981 1867 3248 4382 1945 2247 3093 105 3523 3905 2179 2696 4602 4805 3083 2904 2634 1149 4833 4069 1687 327 3928 1310 1848 163 4277 704 3724 2078 3619 3779 4786 4957 316 3681 4925 904 4848 4361 119 4898 3810 785 3046 4368 1601 3839 4691 4633 3034 775 520 1096 847 26 3750 238 3203 2408 1714 2092 3246 2375 3443 787 4203 4952 969 4696 816 61 2757 2627 3636 4867 2483 4673 3923 590 1273 4319 4434 3127 1185 1663 2835 4477 1565 2301 1543 3194 4131 4386 4122 384 4892 1278 2413 1641 2914 3409 4686 1560 2158 891 186 1009 1759 520 606 2676 178 2107 2353 2061 2814 4529 3872 426 3117 3395 1915 1456 544 1061 1019 4130 4749 2868 1012 4096 286 255 4565 4571 1996 1846 2811 3864
4744 506 3729 870 2409 2469 1137 3476 1900 2813 2139 2404 2129 506 1898 1016 1545 3175 1098 1958 638 2968 394 1288 301 3517 3899 2254 1930 3868 4925 4118 2086 2812 591 1234 3768 2779 2658 1101 339 3087 1175 2821 151 861 3457 4943 2890 352 2298 4031 1479 711 4611 97 4270 3185 265 1379 4254 741 2124 3872 488 3190 4380 950 2532 1587 4252 494 1135 1842 1421 2321 4134 1398 4303 3843 4287 1561 827 2182 3162 3258 570 804 834 4551 3368 3725 4714 184 4241 4017 1096 3091 3076 1290 2303 1212 2306 4206 2390 1364 1579 3293 4518 2913 2008 3926 4817 2495 1047 3900 110 3440 1900 3755 1490 2169 321 657 1213 2586 2452 1902 2018 2058 4428 2076 574 898 3438 216 4036 839 1619 3943 2293 3378 780 2314 4463 3888 4266 2267 2759 3348 4356 196 3426 1766 2101 4359 406 891 2060 3640 1770 4628 4015 2038 396 4844 2668 2997 3587 2581 4785 4922 4347 1737 4319 1103 39 1499 3161 4801 237 4979 3368 176 3598 4610 2920 2024 2729 4399 1622 2471 4454 456 4434 517 278 3422 1640 3924 1060 4118 3361 4023 3612 351 1757 4778 1261 2425 3335 4897 4895 4640 980 4619 1298 1713 4499 4624 4337 556 3468 3366 1977 3972 214 966 3436 1977 1742 100 4833 4684 588 183 1722 3758 3100 1399 3909 3267 4678 2870 2704 2489 3069 4544 2595 1634 1762 3850 3517 3653 2745 2397 653 3579 4373 55 4859 326 660 4760 754 4572 2271 3955 3586 737 3852 1695 3205 4489 2729 3019 3464 4109 987 3342 138 4213 508 4017 4775 3438 2497 2482 2350 2474 2726 3176 4213 4882 4668 407 141 1844 757 688
809 4809 1743 2046 3932 3808 2807 2162 3516 4812 3665 1469 3627 1697 1075 1121 977 3124 1473 1561 564 47 1033 486 3517 1465 1212 4330 2890 313 3863 786 4490 269 795 382 1625 149 2673 4314 864 4296 4413 779 1979 4246 30 4522 854 3306 1430 4418 1643 3834 1412 4425 3688 3256 3807 167 3738 1446 4588 443 2999 141 3826 1310 1191 2534 3320 3228 1059 3497 1562 218 4609 1762 3935 3942 3239 3442 2135 3248 4064 4081 3238 3517 1843 3128 965 3833 987 2498 499 4774 855 3823 2631 3603 2080 2205 3989 565 4322 3545 3756 3176 1929 3909 1049 2347 1174 1957 2404 3211 4163 2649 508 1272 4000 4392 4900 1063 2344 1707 2934 994 188 2313 2995 3054 2667 1971 144 779 1071 3362 4200 1515 2991 2992 4688 1000 3525 1809 371 3244 3453 3387 442 2140 2702 1086 360 978 14 1304 4589 2857 4608 1935 1923 2887 4641 523 3873 4169 624 2630 3072 3874 814 52 3887 2086 4724 4774 4389 3929 1900 612 4827 1792 1640 2325 1249 2841 1713 4270 278 3824 2153 356 1361 363 3545 1444 460 2914 1442 871 1382 11 1883 752 3722 2616 2382 2387 4470 3236 1075 1286 1586 3569 2152 654 3659 4042 928 4623 2307 4311 1143 1345 457 2295 4686 4090 2532 2488 510 298 3058 3446 493 1172 2513 2623 4011 402 1638 1050 3418 3417 1793 2396 3569 3456 3971 4286 894 97 3026 300 1315 4729 3615 4713 158 2636 3909 2121 2033 432 4147 3541 1117 2640 1689 3425 2051 320 131 1528 3349 4408 623 2927 88 1332 219 3099 2286 2448 1997 4072 833 24 3668 4097 3800 3673 1399 1119 2549 786 2430 1265
