N: 300
M: 60
Symmetric: true
Triangle: false
7 35 275 235 243 215 267 136
4 106 67 133 274
7 188 86 210 198 153 105 276
4 51 14 116 269
4 129 27 151 108
6 177 167 137 101 37 128
6 252 213 70 63 42 21
7 178 57 102 49 293 173 138
3 64 222 80
4 299 298 82 13
8 236 59 148 288 283 154 73 191
4 131 123 160 180
6 84 140 41 143 95 109
7 273 256 142 12 113 175 68
6 98 120 44 249 81 200
4 36 271 47 10
7 182 264 163 16 282 69 218
8 11 257 157 115 247 125 92 232
2 279 284
9 53 290 289 88 6 233 40 184 225
5 208 195 104 130 55
7 2 245 199 117 134 266 193
3 228 61 3
5 221 286 114 211 78
6 239 18 34 294 260 145
5 263 212 251 237 265
7 168 65 126 43 152 58 214
3 250 197 287
5 238 190 90 77 30
2 277 1
4 110 91 135 297
7 93 278 227 205 122 259 60
2 172 9
5 4 224 141 62 234
2 281 261
6 79 139 33 300 99 244
2 229 150
2 231 155
2 162 219
5 83 166 202 7 96
5 94 161 258 50 132
4 144 89 20 124
5 217 220 207 159 240
6 254 15 242 181 296 112
7 185 22 52 262 147 149 216
7 26 187 209 169 31 38 28
2 241 48
8 97 23 17 285 268 54 87 253
2 146 206
3 203 204 280
4 292 25 8 118
4 194 56 196 100
4 74 119 111 291
3 71 107 46
7 246 226 223 156 270 19 255
7 85 66 165 29 179 24 121
8 45 171 192 272 176 76 174 189
4 127 230 39 201
4 72 158 164 32
8 295 183 248 170 186 5 75 103
4381 2074 2808 2142 4784 4628 2920 1177 278 4523 470 2937 1509 3441 1641 3989 4355 3294 828 1833 3754 2499 393 3034 1504 1392 3000 455 2783 2931 1572 510 3301 709 711 2977 217 4712 173 1938 1710 2498 2170 3620 1363 4107 1993 724 4191 257 2833 3673 1289 2256 2248 415 954 1410 2029 3523 2734 4780 4469 3096 1020 2857 1769 4169 2338 1777 4469 1162 323 811 3262 2837 1910 1307 2258 562 3790 374 1428 3630 1388 2876 692 3575 352 1837 156 4167 4095 1453 2734 4142 272 3942 4172 1321 1265 3418 979 4431 4248 3065 4018 3363 1283 3267 1127 2304 4852 2530 2278 2527 2981 3108 3843 762 899 3628 2210 2393 1123 3322 4601 2983 912 4049 4013 4154 3907 4840 897 3593 3919 1388 367 4932 4848 2242 900 1656 2815 1089 3811 4408 4746 3431 4365 2571 2088 4853 1907 4133 3698 2745 4835 936 1562 952 3617 3337 2182 2507 1256 1798 2139 3159 4640 14 4170 604 541 3933 746 1926 2457 4077 2769 818 2844 3548 1828 2941 572 2666 2127 3731 719 1386 3724 299 1370 4541 4394 4483 2822 4825 675 2912 1136 1220 1211 3224 772 3389 1087 2291 3595 1475 1137 4562 3683 1286 1110 3744 2205 899 2289 4929 1421 192 871 3212 1580 2516 3936 1656 1168 1373 1244 2696 1056 51 2343 4163 688 4948 746 3787 4253 4055 2230 3086 2088 80 844 4060 4577 4865 2425 3669 4316 2846 308 3801 3620 445 432 2166 3225 3370 2582 4840 930 4085 4762 4232 1991 1575 1885 4007 2082 3978 2735 3018 2805 2478 4544 4558 389 3113 3227 4838 57 2114 4362 898 3754 4849 4484 3589 3440 2138 122 3586 4167 3041
2074 1417 472 1991 3038 3104 4826 1816 3607 4816 1661 1016 2547 11 482 1577 1661 950 1685 4216 3386 4713 1663 289 2851 4214 1472 3970 3186 1985 1906 4989 1803 3049 2283 3386 337 4319 630 2690 1263 3961 2819 4987 2371 4062 517 4726 3356 4920 3519 3184 4726 1568 1391 636 4874 472 2424 2842 642 4145 1669 3267 2826 3055 2035 2612 2724 2784 3006 3297 1480 3144 280 296 1297 4402 1327 4749 3255 310 2424 4684 2345 2808 2516 3184 3811 548 50 4581 353 4631 1575 4393 4888 4908 2507 4195 680 2197 3338 1916 2825 362 4527 123 1087 3892 2791 2039 914 2055 1290 2069 75 2993 1176 1660 4039 4047 3271 4832 1989 3332 1430 4158 2689 2465 4768 2441 3908 3460 3024 1814 2369 2445 2330 1034 2598 562 3313 990 1009 3522 550 2936 3996 4324 3845 624 2268 4746 1619 3454 1469 424 866 3345 3679 2188 1126 960 1406 482 573 3769 3349 1199 4927 2940 180 1024 3295 4138 2361 4095 1099 2290 1415 2301 1790 1979 3884 1337 3724 4441 2980 3007 1321 3893 2031 110 1114 4954 339 1389 2191 2899 1518 1541 1532 4008 170 1225 2253 4977 4374 1733 1910 3737 3988 3767 1483 784 3709 4160 375 3753 300 3118 1780 2354 29 3605 3692 3640 3261 597 4715 3880 2868 1988 1436 163 4825 1519 4112 4149 907 3680 2968 456 271 2498 3783 522 2226 4323 2377 4657 649 2366 3748 1286 4127 1948 3255 4330 56 2014 992 4073 2040 1804 1512 1342 3429 3861 4964 3473 394 796 1934 772 3985 1242 3025 472 4300 4722 365 1173 2941 3952 4757 2774 4762 1579 2302 926 1247 199 4380 3055 1585 23 1166 2345
2808 472 2951 938 3505 1259 892 4336 2400 1536 283 3958 4405 1172 1021 1059 2083 3619 4796 4356 1699 1452 3354 3953 2247 3935 302 1511 535 188 715 977 269 4126 1717 3088 4185 3148 1792 1621 418 1262 1297 4392 3771 3772 4056 915 796 2912 281 2580 1435 2096 972 3782 2302 286 3863 3602 2349 2875 3399 30 3467 733 1755 4908 3874 4189 3183 1712 78 4497 741 3147 2796 562 3652 752 2989 2441 2872 591 1396 1034 2877 236 1705 677 1953 4566 2615 1535 281 2440 3828 2575 3906 2333 4707 4977 3381 2411 2595 3422 4220 4337 1879 832 2713 2888 693 205 2980 1664 1419 4099 2527 3634 2553 3303 4365 3107 1469 2321 3505 1825 4532 4825 3995 593 1705 4329 2386 4835 2561 53 895 1337 3283 85 2558 4379 4410 4591 1938 566 3362 1636 1653 2361 2546 3224 3696 1742 4151 3260 2262 2494 3577 4868 958 3269 4440 4670 1282 1918 2235 1659 4522 1296 502 2628 3263 592 2998 111 1384 3578 4063 752 4132 3443 4591 1782 1733 919 4020 2644 2343 1812 3229 2795 4162 1998 907 4756 3623 1157 4055 546 4156 1304 1205 97 1800 3417 3827 308 4075 3887 3321 1392 1306 4528 2838 2873 1716 2001 1483 884 2182 2269 4294 2280 3868 255 227 864 1762 1520 3302 76 3725 2366 2999 1040 2111 573 3223 2506 2074 2745 4606 3011 4313 565 1226 3346 2756 568 3189 3257 2199 4416 974 4089 4643 4605 481 997 1004 4296 2490 423 1602 2001 4846 177 2879 2138 4743 1621 2396 3224 2945 3191 1336 3656 2939 1791 2357 1306 1889 3243 3519 470 2041 4829 4432 2364 1841 3471 4040 3769 2026 3413 2907 1071
2142 1991 938 2304 1899 1029 2957 39 2448 269 1886 1134 3389 4535 1668 1054 3043 1227 964 1727 2706 2217 2177 71 4297 192 779 3239 2619 3245 703 244 2370 3914 2295 435 4206 2687 4139 2568 3586 4623 4053 2201 2575 1433 119 179 2480 908 4810 2237 3538 4631 3643 1174 4406 1444 51 3216 2071 1093 1799 2385 3785 4270 1564 156 4567 3840 2215 2583 1950 1387 2863 4094 4175 2770 1612 4662 1901 4094 769 4719 2405 1507 2052 1624 3158 3778 1429 2601 2092 1608 4343 3491 4211 1133 2544 1593 3514 2338 3746 205 4574 2155 1740 2241 3535 4977 2296 129 712 2972 304 695 4752 1270 445 4319 4312 3921 2744 770 3500 2236 2091 177 1967 3872 4670 1736 2439 4860 3515 1501 1552 2836 3636 4808 2376 4067 4114 544 4738 2939 2651 121 4833 1925 4400 4019 190 2711 3740 4492 2389 3512 1821 814 51 2342 1845 1970 2068 1658 2072 1149 2226 4718 2020 652 4970 3530 3111 310 3674 509 1745 2215 1623 1154 4528 4124 1083 3889 2533 1102 453 3057 2966 4726 2927 1455 1620 3384 2178 3021 4596 1040 3721 4226 965 1011 1511 4823 554 4348 2791 908 841 3190 582 1091 439 3861 3760 502 2148 4557 961 2379 3488 1934 4473 4417 1312 3663 2654 1281 3418 3064 1483 1489 1949 2900 4461 4648 844 1099 2308 3635 4856 2887 163 4345 3018 1490 2533 827 814 1470 976 4296 3882 4053 4722 1075 4379 3071 2625 4395 1810 12 2660 3107 3687 743 2540 500 3507 696 403 4595 3042 343 1963 1725 2964 2270 4797 2023 907 2105 4589 4962 4692 234 2780 833 3285 4324 4243 2722 2315 4729 1319 3914 4285 3224
4784 3038 3505 1899 2456 2865 2241 2243 1480 2928 3351 3258 2605 401 1575 1960 1561 670 4639 3293 648 2440 1451 3129 4456 4400 3957 3110 3737 4161 2133 4764 4447 1321 2399 3985 4481 2035 4706 4748 4659 2161 2870 1975 1391 4793 661 675 750 1386 3603 422 1874 4170 2698 78 2308 1289 3408 1179 1524 4084 2251 499 4755 2647 4775 4831 2556 1166 3405 4692 4169 3914 4365 1386 944 2039 4042 2580 4411 2956 1519 859 1921 2982 2145 4090 4075 2760 2436 4212 1811 4591 2676 4300 3068 995 3072 2270 389 1094 1790 2969 1208 2159 3764 1072 2677 2155 3003 4547 745 2169 318 2169 1030 4320 2645 766 186 2617 1037 2691 3658 2732 4972 546 4270 2129 1776 787 1501 4172 3892 2066 190 4100 4540 516 42 2275 718 1266 771 509 4356 4862 1427 4404 4504 1653 1481 331 1830 3341 4945 1143 2977 2599 1849 2721 3156 3321 576 2326 4897 2006 3790 2058 4995 3561 897 1025 524 1208 2575 1619 506 4811 2042 2693 2724 461 3566 1942 3188 906 4249 4618 371 1481 3031 617 1715 825 3404 2883 3461 4788 2624 534 308 2459 3679 2132 3439 799 3430 2720 2263 2445 3170 3284 3061 2437 1528 630 4598 3628 2665 818 2315 4127 3682 4736 4164 603 3691 2119 4654 3465 1648 2646 3219 1078 1760 129 2186 4793 3578 4129 172 1510 2474 4993 2486 1241 96 2340 719 898 4368 4261 4388 4276 83 672 4955 888 1340 4620 1427 3301 3846 4056 1276 794 342 2604 1877 2982 2957 3029 1632 4779 2100 2498 3905 2842 3213 3384 4337 2164 1634 1240 1347 3632 3041 3315 3323 3192 3853 4162 2177 3458 1365 2017 1072 943
4628 3104 1259 1029 2865 3986 1581 1573 2949 4412 421 3113 4713 3761 1961 801 1755 3907 2042 2208 1446 2374 4677 2656 582 930 2385 283 2861 1372 596 2779 3125 620 1085 494 1229 838 1169 3575 4092 273 467 3624 3766 2144 708 256 4245 4696 3507 2375 2920 4923 4354 367 303 4816 2587 1605 1203 981 3059 2228 4723 1927 2189 4524 4112 2193 3796 540 4672 4514 2880 969 4488 3696 1802 1440 3400 2275 259 866 332 4548 2945 4817 3215 2451 2137 4764 112 1237 1912 1554 4674 134 4577 3773 4818 1198 2862 4758 3781 3833 4043 1053 3375 3813 2455 185 1349 2232 3727 2403 378 90 1735 3207 516 439 4588 578 4662 4122 3507 464 1785 3096 3705 3637 3022 3832 2319 4614 1152 3300 409 3361 233 3124 2956 3021 670 3711 3745 3158 3246 4650 4837 3445 2907 198 1298 3690 265 1295 3656 2178 3056 2076 4647 1614 721 255 2559 2074 1231 4209 210 3122 1938 343 531 4929 3000 3271 4233 2485 4368 909 4122 1927 2986 4051 2881 1311 2687 4127 1306 1978 3299 1599 4486 1011 2653 692 2095 4884 4351 3947 3082 4158 2151 28 2733 4484 3063 2479 4550 3250 4378 3299 4762 4992 1461 2457 2209 1317 3397 1034 2833 301 3949 333 1545 1070 287 2645 2882 1683 1862 1175 1456 951 466 595 3123 2822 4414 1373 3993 3829 266 2558 4776 4050 832 841 48 2848 2944 3081 3443 3983 3793 225 2262 4810 1426 4331 1986 2237 396 1793 412 949 3665 2183 3659 916 2066 2169 4766 391 2662 25 1337 322 2426 4707 4771 1089 2583 1440 756 3706 552 1795 3104 4222 4796 2879 3107 771 3022 4824 4216 4071
2920 4826 892 2957 2241 1581 3099 4851 2945 69 4949 1645 3323 1265 211 298 1438 1412 1211 2935 676 4955 150 4710 2617 1846 3917 2105 2591 2926 751 1895 4352 1237 4709 1469 1226 2999 4816 428 974 3796 4868 898 640 1928 3303 382 1510 4599 782 1186 4352 1724 4782 1281 721 2949 4796 826 150 3910 1014 2008 1438 3845 2569 2353 2340 3653 683 4950 4476 2385 275 134 2551 1404 2145 751 1788 3542 533 3823 669 150 4460 4744 1276 3554 255 3692 4389 1140 4810 3907 3157 3893 618 4689 1105 371 2198 368 2683 1861 2175 2721 275 3425 934 4245 3152 4459 4451 504 4611 1268 1125 2288 3545 1698 2856 4788 2059 4318 1392 751 3671 3727 1351 1858 3889 3683 3393 1369 4281 3299 889 1264 728 4550 4842 4701 65 358 1589 1736 1086 4121 891 3989 1348 3253 3611 2572 3006 2283 3053 4816 1797 3105 4159 2106 3510 2012 3473 4899 3460 2107 1284 38 3609 2742 3603 943 382 114 3829 3318 3997 3432 1648 4953 1203 2777 1645 3875 1033 2913 3431 1569 3543 2384 4956 3912 141 4539 599 1849 2279 787 3810 2661 2234 246 2373 1370 913 1318 4693 3475 3623 1289 4669 3088 4269 2217 368 2110 3895 100 3054 735 4581 1096 2453 3448 1801 824 4798 1618 3476 4536 2665 2187 2449 4066 4973 4515 2540 2423 1581 3908 3092 502 1097 1718 689 414 1669 4915 1872 1001 4794 4391 2050 4561 2133 3474 1322 2348 555 2461 99 1551 3933 2981 2832 2381 1867 2149 2217 3009 3872 3813 1768 4957 3910 4493 4920 4071 4456 862 3102 1614 2697 15 1123 1000 2782 991 4402 2067 3235 4570 2392 3346 4717 2394
1177 1816 4336 39 2243 1573 4851 1926 748 3075 1764 1446 337 4068 2914 2500 3829 3190 2835 2571 3673 2168 2150 4036 477 2911 4694 499 424 4242 1650 2359 826 1501 4697 3316 1294 2903 1901 189 1800 3815 499 849 3649 2515 4337 978 2682 4177 4926 2533 4821 1465 2606 4028 2322 40 3648 2774 2273 2189 2133 4313 4099 3909 4692 750 369 3554 441 1258 1622 3674 2741 1469 839 3804 4806 1965 3614 1493 3110 1096 4772 859 2854 4323 2393 4642 3112 3805 4549 4200 661 4597 1452 292 2155 2815 556 2505 224 4205 3066 3861 3891 1745 2386 2173 254 1664 512 3457 3265 3287 1075 976 322 3149 3153 2753 3397 752 4151 1910 3482 457 3800 3914 3654 4298 3785 817 1140 3121 1778 1307 352 794 1658 2331 2721 142 2929 2761 2631 4747 1001 4223 1671 3549 3254 2735 1797 4983 856 815 1916 3584 4800 4228 225 3990 1065 1581 1964 2994 14 2603 1200 857 1173 1429 3361 4675 170 2280 783 3216 4801 732 4498 720 2041 470 4415 3344 1792 4414 3038 4141 487 2953 4784 3861 1457 1492 481 2621 2966 1233 3588 359 4202 3575 4861 682 774 3448 4375 870 2434 2264 2254 1683 261 2375 3416 553 3240 363 1451 3603 1435 2400 743 1345 518 1365 227 1932 2763 1480 1067 4111 4651 4750 1238 1641 100 1669 2141 840 2211 2574 1264 4907 1783 3981 4748 2782 3217 831 4887 2741 4567 2284 4234 2738 3683 854 2974 3477 1502 4031 4448 1416 4176 2233 4935 2328 3340 3824 4820 4149 504 3541 2952 2692 189 4277 3148 3854 4109 542 1927 4936 203 4622 2771 750 2514 3042 1830 2121 1366 2882 4206 2284
278 3607 2400 2448 1480 2949 2945 748 139 1715 3807 438 3251 1252 3004 2362 2636 3280 443 1399 1425 3118 3374 4758 3715 1681 369 4413 2351 950 2140 3255 2313 1171 59 4171 4732 402 2634 4352 1437 1017 2527 2490 4430 1588 3346 739 2582 877 3333 2644 3876 976 3411 740 4807 207 4498 1140 2682 905 1725 947 3949 903 1158 185 3761 3277 4978 2842 1977 3441 1189 1949 1100 3284 4249 2632 1002 2643 1294 1410 4686 4415 4217 2119 1919 2231 4162 4275 3514 505 2682 250 3580 1000 4081 166 4739 1040 2266 4852 2439 2299 4771 2671 3436 2674 891 24 1451 2663 3813 1070 2939 991 3973 2995 3368 3160 4273 1569 418 346 3953 4834 2135 4848 882 2415 697 4514 4267 1986 438 702 3763 2946 1948 3841 2221 1666 4778 3984 668 3353 3090 1964 2457 3229 4018 2014 4745 4611 3863 2255 3982 4164 3013 4668 725 3266 2161 3891 2724 566 87 4443 45 4023 2640 4028 948 2776 1728 4560 3587 1345 252 615 1258 1786 4017 1235 2067 4634 2033 1443 2759 1779 3741 3733 4140 98 2183 3309 3623 428 485 3992 4041 3671 2611 440 4743 4288 953 2253 3694 1368 4046 3179 4277 3673 1007 4081 2064 527 3011 2041 2615 2035 4369 3723 4085 4411 2346 4686 495 2609 4353 3457 246 1880 106 3722 2403 1075 2320 3655 2118 3509 4386 1952 3347 2585 3942 1893 3668 4376 3703 612 4292 856 322 742 799 1117 2599 1658 3503 1191 3096 3482 4850 2416 1006 1865 282 612 3145 4712 1085 4334 936 4808 912 3189 2399 4664 1567 266 2474 807 3149 4592 3037 2432 4197 665 820 4477 3792 149 1714 1961 3044 1531
4523 4816 1536 269 2928 4412 69 3075 1715 4419 1897 2078 2462 2774 1571 1233 333 2200 1822 555 4114 361 2788 1596 2948 3442 3835 1102 1935 2289 1500 647 2999 1484 1345 312 2143 669 1336 1321 3243 3225 4001 4766 3809 4444 2754 4044 416 4695 3727 975 3015 4147 4792 1067 3654 3933 1482 4339 767 560 1430 4579 402 3789 1979 1780 3319 849 3570 472 4704 1503 1208 164 1466 3558 109 4051 779 2900 168 4775 867 2562 4391 2797 957 1951 3533 586 10 1151 254 4878 1707 4271 1347 3613 3470 2057 1038 4053 4314 1219 2119 2475 4665 4084 4210 1229 983 917 4532 4365 1293 2095 4332 2744 784 1275 3353 3099 776 3894 3216 1896 891 3002 3417 1775 3100 2454 2319 692 3392 246 4266 4754 2125 3365 3153 4200 3666 1886 1243 2076 825 3980 81 3069 1947 4853 3217 3426 4632 1379 3672 4746 2298 2409 4248 1600 1922 1114 753 58 2708 4802 3006 2274 952 281 2028 997 4213 4978 2810 3699 1872 3009 2685 406 3850 3472 3642 1798 2140 830 3350 3754 2597 4687 2761 852 1633 4056 1833 3477 4823 852 3847 4093 1019 4545 2747 1466 1813 237 4205 1128 3482 3770 4675 3979 3539 4576 2256 2343 3130 2200 2343 4538 4561 3983 4328 4481 2082 111 3290 218 176 505 1563 474 944 3384 4826 3140 4158 1807 4945 865 2434 4744 2447 119 4417 244 3966 1393 742 2019 531 2891 742 2859 3835 2576 3027 1859 1787 4917 1331 1351 107 313 3514 2617 2115 660 642 4260 4960 2510 348 3950 1691 2999 716 4948 3223 1902 4528 2372 4616 3735 49 3991 1752 3875 1634 1270 4199 4390 955 1185 229 3789
470 1661 283 1886 3351 421 4949 1764 3807 1897 971 1456 2581 3236 2428 2965 2003 2957 136 1234 473 1780 3539 817 4111 1814 4595 3475 3541 610 967 564 1045 1277 3226 1703 4654 693 4766 3781 358 2341 4948 2503 2876 3492 4702 57 1133 1065 2409 1311 3086 565 4841 3620 4415 666 4103 750 3399 4224 4352 1283 1789 2164 2046 2415 2825 3493 329 2862 323 2226 4447 1442 1935 854 2584 1480 4158 4343 278 3510 4375 4512 4115 1579 2023 721 4995 4375 1541 910 4080 3613 757 2923 529 4202 2650 4864 1613 2310 4255 4986 2840 2664 2067 2066 218 4186 4261 3875 1013 2402 2542 1711 54 1279 2025 3602 4474 2236 2565 1964 3872 3939 1375 4863 1127 3932 3180 66 2420 3987 3207 4450 984 1149 1129 586 1593 3264 2180 1747 1984 4504 1025 2320 1278 175 1169 1853 2249 3240 4574 2895 2949 3080 4626 1129 2173 4075 1624 2509 2556 4175 4979 3162 4943 4480 1195 641 3842 1856 4775 1132 2970 4983 2966 2389 3946 3509 309 943 2445 3157 3777 4600 1241 375 31 225 3797 2578 2024 4281 2379 2708 1562 374 278 3419 4972 4325 1091 1180 22 710 2552 2777 799 1931 2851 2764 238 653 3186 1247 1601 3796 320 1781 1022 3473 3568 4164 1142 4772 698 811 692 3415 2328 854 3700 1700 1704 4531 3078 3231 4026 560 4636 2244 2238 3130 4970 1243 1234 1703 187 2647 3672 2656 4240 4881 186 817 3230 2789 4400 3429 4066 1119 688 2716 1018 2082 2510 4423 760 1926 63 3085 4762 4750 4544 589 3046 3535 3866 297 2133 733 1117 4850 269 307 2929 3373 3959 3267 3786 2696 754 13 1746 1639
2937 1016 3958 1134 3258 3113 1645 1446 438 2078 1456 4409 2825 315 3174 4366 1467 1234 2924 3660 3928 3923 4344 3428 777 3397 3217 3919 432 3310 3449 4931 598 1839 4462 4060 3535 4093 3491 3034 2570 3092 1013 2603 2481 4734 4770 2924 2899 2412 4450 3312 2645 3724 2756 2353 3289 1360 658 776 2976 3977 677 3697 1029 922 3462 3287 137 3248 3175 2097 1290 887 3334 4191 4094 136 1910 3396 444 3720 4275 996 1268 4280 746 1335 4304 2835 2865 506 4047 4099 3590 2050 3039 4113 2892 1294 3100 1347 4047 2723 347 3061 183 4604 3866 3428 4329 3559 4302 130 4208 2582 584 1178 2326 1703 3025 807 3485 573 174 4868 650 4160 2207 4099 4572 887 3644 267 16 2097 1280 1794 2671 3536 1706 1215 3955 3274 1172 1464 543 109 3911 2660 3931 4431 3533 1572 3185 2776 188 591 3323 114 32 3688 4667 706 1717 2371 3336 4509 3003 1503 1902 4624 589 386 1997 4947 1299 1531 190 1122 2949 4034 4449 3770 1255 4453 4749 1207 516 1630 2848 1982 3238 3794 3278 4495 224 188 3495 1346 4032 433 3198 2254 76 2584 866 1390 2427 1822 2874 4164 3877 2289 3214 2949 4523 4114 2956 558 1952 2585 4745 893 4701 4532 2914 1252 702 2666 2309 2004 2374 4827 244 1566 2510 3951 1420 1117 570 2733 683 3380 2429 2300 4792 158 3078 1787 3825 4564 2439 3806 3252 3619 1703 4389 1670 641 3490 499 311 3399 3699 1865 1066 1227 2960 3638 3339 3530 4687 4674 1653 4243 2518 616 4343 3175 2925 3654 748 3077 4177 4734 1587 3519 681 2562 4877 969 502 1584 1024 4252 2922 2328 4705 338
1509 2547 4405 3389 2605 4713 3323 337 3251 2462 2581 2825 2026 4347 4717 4195 4807 4465 3979 1878 2577 2541 611 1916 553 392 1603 2803 28 530 2498 2218 1408 3419 3717 826 2324 2837 1541 3543 1530 140 769 4295 209 3205 222 638 4359 1670 1577 4643 917 2054 2449 4264 1254 91 1359 465 3064 3050 75 536 795 3523 4642 4631 2906 3498 903 4009 3789 2660 136 2653 409 4771 3191 4068 3795 2946 1831 4694 3285 3414 4139 1317 697 426 4136 3352 293 1447 3968 1015 703 2848 4362 893 3760 2241 1050 3890 3599 126 1376 2980 911 2740 2303 1521 4268 418 231 286 850 3250 1059 3315 1438 4520 3546 2633 787 4270 3774 4980 956 4767 2215 1179 3011 2781 760 3357 2313 2912 466 821 3720 1211 3921 493 2107 1333 3040 3394 3712 1995 1241 883 3467 3703 3706 415 3521 4895 3717 71 329 1399 337 1565 1192 1902 390 179 738 3081 3878 3078 991 656 3655 1086 4787 3298 2336 2722 2992 2082 87 1784 3629 3624 329 4721 4319 4719 3765 2983 3688 2006 2453 943 3801 4282 3872 2083 2603 230 4196 1677 460 32 280 2502 4676 271 4012 4811 4083 2994 99 2605 802 3304 1808 1500 32 1739 1778 2567 3535 1855 2303 2226 1275 3559 3655 2571 687 2108 931 4443 1642 456 2847 76 4903 3222 4071 3222 4952 2799 1545 1715 4255 2013 2528 1406 1563 2657 3953 1354 375 3551 517 393 4390 3666 1926 4085 1479 2526 12 1897 486 2137 1547 3222 3808 1446 4324 2832 3101 1519 4563 2357 1291 4744 834 3128 4064 898 3024 1408 3673 2220 4334 4595 1356 1143 4251 3501 2173 1173 2067 2943
3441 11 1172 4535 401 3761 1265 4068 1252 2774 3236 315 4347 816 3192 2989 3488 2265 1680 2460 3181 1989 168 781 2182 2587 1128 487 1016 2745 3047 4486 3604 2530 4544 2131 1622 1613 4982 4625 3408 2595 928 4175 2672 3304 3088 4172 696 431 4709 4864 3432 900 57 1791 4274 2774 2679 3911 1675 1874 3345 547 1162 1850 1237 958 1804 3338 1131 4905 4237 2284 1713 561 1727 786 4222 4491 777 2679 43 529 4416 3245 2100 2794 3300 3560 4331 2789 2877 1855 731 4829 849 60 3092 2417 4948 3957 4614 4542 3232 2303 3293 634 1170 1192 1385 1381 4767 3186 2317 2288 131 3344 3932 3819 2237 3492 3673 4068 4511 4924 2930 4775 4250 3476 3133 48 197 1030 1001 3913 4873 1828 1263 4198 544 1138 1365 2333 3479 612 1117 1529 2063 1288 4706 1361 1410 1023 1635 2486 105 1062 4728 1636 1767 1996 3599 1651 2947 773 467 1926 4821 52 2658 56 3357 4526 2938 1103 4695 67 468 4197 2819 263 1412 2054 3587 4219 2896 3494 2941 902 3762 2379 3695 3284 3498 1279 2024 4530 76 2915 283 2215 2731 3086 2068 4030 1527 3989 3922 4697 187 3291 4292 4595 122 374 2183 4110 4972 3086 4119 4429 3406 4635 1057 2514 4359 3838 1461 2642 4249 4782 2903 1331 3341 3910 3923 4202 2443 2361 4911 689 3635 2280 1006 249 1192 4713 1840 947 4771 2118 4775 4215 4858 3840 1432 3283 900 3924 4369 4891 4917 3579 1452 2480 1727 3421 2983 4226 2573 3644 4928 1115 3244 3576 3223 1879 3761 3558 3812 761 1600 1251 2773 3383 1374 3097 3099 544 4628 2859 4634 2537 2624 568 1906 2500 2050 3398
1641 482 1021 1668 1575 1961 211 2914 3004 1571 2428 3174 4717 3192 56 4466 2138 3991 4787 1488 4990 4454 3209 2195 2352 1797 4049 1334 3043 3354 3644 2133 66 3914 2301 85 4430 1144 900 1034 2652 278 3537 1623 2924 3613 1164 4644 1552 2133 46 4878 284 595 4931 2738 176 2677 3431 4085 4118 2866 4532 3676 1749 1287 62 1395 3658 2628 4886 1768 514 2142 2966 361 2584 3594 181 1628 1206 144 1419 432 2956 624 3161 3737 1205 4187 3656 3908 3767 1419 777 3262 2394 4953 127 4473 4526 4731 4578 4889 3515 1824 4317 3732 1844 975 1887 981 3824 927 4691 2827 3853 2398 347 161 3444 3605 3982 3755 2205 3825 1669 4148 219 4077 3819 4453 1693 2553 4862 1205 3005 1573 3161 3964 1938 1546 3354 1267 1734 2726 2292 2695 1280 1298 1114 4018 2891 3970 2573 3554 1705 1600 2355 4247 3912 1286 2470 4527 4368 800 2365 3681 2205 119 505 3246 257 1642 47 1385 1992 2935 21 11 4697 4776 4079 3038 4673 4363 1658 2837 46 1832 4122 2616 2350 2484 2234 2129 3365 4628 3450 3946 2655 1828 4187 640 2029 3851 3327 3993 3298 4574 3784 105 3281 2725 1816 3757 3681 4056 3479 259 4507 1289 479 1566 1978 4759 4513 3692 3967 3726 2494 609 1126 1291 606 518 748 597 3655 2323 1590 2575 21 1424 4696 1846 367 4444 1428 3185 2624 1887 4157 2180 2461 4556 3547 4609 1217 965 4828 4289 3537 2515 3332 1975 3254 200 2228 431 4492 3900 4714 1566 473 1196 379 2221 1059 4184 2423 4334 2985 1393 1592 2717 4157 3952 1946 3826 3809 4399 4631 1337 1307 4711 2156 902 1379 4380
3989 1577 1059 1054 1960 801 298 2500 2362 1233 2965 4366 4195 2989 4466 406 1880 2202 410 3203 3993 2915 4103 560 3455 1188 2343 712 2581 3097 2337 3971 2776 3838 470 3354 4592 2010 4086 2783 2739 4912 4549 4709 912 4498 1602 20 2238 2394 314 762 1497 3108 3576 1160 991 4100 4922 3842 1831 4009 575 4152 4356 3924 3532 1331 4018 3742 93 2166 3691 4401 4607 1335 2148 3241 4677 3469 4115 1238 2631 1823 4894 598 919 2773 2122 2614 3383 867 2003 4262 4506 2000 4123 1493 3715 2736 3001 1049 1795 3188 492 3769 1344 1952 3207 3277 3639 1406 1092 1033 3760 1943 4148 1283 3635 2576 3520 909 1727 869 2844 3587 921 33 409 2974 1807 3678 4102 3739 58 3064 2730 2055 3672 1317 1461 1321 831 1740 3939 2263 3142 3324 3538 3612 3195 3984 2012 2612 4797 2190 4470 4456 2048 669 3587 4927 3205 563 2570 4577 634 827 4937 1743 1826 4338 2123 354 3503 340 3834 1848 863 4161 1532 3948 522 4255 3231 2858 772 627 1388 2976 2642 3845 3421 4940 4954 429 2970 339 2866 4480 4731 2202 48 4843 1066 3092 3887 3348 2378 99 3156 2023 1025 710 3955 313 4799 350 650 4033 2081 4031 2260 3344 952 2266 4265 4693 346 4158 2755 2015 925 4883 3011 3233 737 2120 4213 2379 2921 2857 70 2013 435 2365 1876 4774 814 707 4496 2305 3098 2873 2192 819 4154 3993 3445 2092 1214 4923 3628 1309 143 2612 3477 3366 3099 4862 4221 2944 3060 3055 1908 885 3092 4234 1294 480 671 2392 3739 62 3856 2643 743 3987 1532 4650 4896 1061 2126 3729 4406 2813 1867 356 3791 1667
4355 1661 2083 3043 1561 1755 1438 3829 2636 333 2003 1467 4807 3488 2138 1880 811 442 714 546 4041 2841 4599 2493 3663 736 3383 2650 1363 3218 3662 2452 412 3573 4546 1272 893 513 2003 2451 4596 4126 3714 2452 32 3142 1916 1642 2175 111 3725 971 2483 3048 4054 2016 271 3728 2604 1485 3911 2530 2939 4180 2939 606 3323 3163 1485 3099 4546 197 2625 804 874 2366 1905 4289 1725 2752 1963 3405 2640 4884 2175 4419 2634 780 2745 2033 3835 421 4331 560 4300 285 3015 2381 707 2909 4976 3217 1371 3682 3838 1514 2215 3411 4034 1589 3534 2017 1471 3770 2500 3209 4982 4394 2947 381 2820 4361 445 3283 1287 4769 3976 455 4737 4071 4873 79 3816 1738 2993 1673 3322 509 2219 2491 4318 3230 352 1128 4687 4058 1577 4239 3764 247 2772 2361 1483 347 2812 2703 3468 4928 1822 2059 4524 1079 2080 4226 1676 4197 1670 3589 3273 3759 4708 3027 3344 4290 1950 3130 3377 1609 3286 992 4532 3501 2879 734 3587 2893 2091 3173 1207 4413 3620 1314 3027 762 1891 3104 3036 3945 844 2853 986 3033 1907 2441 4244 3575 615 2094 4178 4055 3422 1111 4888 675 4852 1133 4496 2210 1018 3815 4116 4474 3961 2319 1668 50 3280 2252 952 4777 2107 4120 152 2528 3951 4489 737 356 2747 1193 141 1442 3505 873 3641 845 1070 374 3141 4464 2494 3060 1300 2608 4816 890 3131 4225 4687 3917 1756 1947 1181 1198 1986 3738 3824 1028 1088 2962 1555 822 2282 977 4952 2702 1377 518 962 2042 2515 76 1219 1023 2976 3933 4592 25 2531 1820 1447 4915 2534 3080 486 4499 1829 1197 4531 4204
3294 950 3619 1227 670 3907 1412 3190 3280 2200 2957 1234 4465 2265 3991 2202 442 4013 2475 1986 3085 1609 3593 846 3679 1321 1655 1918 2193 4065 4858 1807 896 790 4373 3594 2225 1411 4777 2224 1505 4037 3291 2740 2206 3760 3883 2475 906 1810 4282 2866 2187 3884 45 4268 1640 3162 4785 2341 3632 3494 404 110 4016 77 1073 1806 2916 4287 3480 1450 53 296 264 410 2705 132 628 1918 3840 630 3305 4856 2274 4718 2588 3528 3823 1799 1269 881 4055 3381 2512 4482 202 1757 4918 4959 1771 1005 2241 1641 1634 340 3755 816 3207 550 148 3441 3286 2057 3993 4788 4731 3966 1677 2359 1768 2820 3241 3377 4892 3817 4788 3351 3976 4635 855 2196 4153 4100 3918 2845 2016 1905 4236 2812 2025 284 2564 4007 3206 1086 1450 777 1579 126 669 3765 4718 4555 4107 1555 2927 705 3154 125 59 4497 2530 3105 4350 3542 1673 860 4216 1018 4418 1690 3010 1087 132 1044 729 1955 607 367 730 3702 895 3276 68 4359 2863 3248 4829 1422 2350 1799 4009 3287 3454 413 1162 2825 2897 1433 566 1765 2351 2401 4225 3681 2616 4382 2393 1089 314 1242 211 1545 2458 3329 2030 740 90 4246 4638 64 560 2583 3988 1246 4163 2270 3825 3606 3934 2838 1521 1454 186 4248 2198 3938 3725 2622 1184 1591 77 1230 3697 84 4734 2106 1356 2490 1641 2799 4608 4021 1469 4167 183 2194 4105 4231 2537 1797 1152 2087 4510 2334 3638 2686 2195 2382 40 2093 3749 2427 648 851 896 4281 669 3130 3819 646 1068 781 4393 1626 2921 4800 3378 270 3559 911 4892 2017 963 765 4203 2690 4797 2254
828 1685 4796 964 4639 2042 1211 2835 443 1822 136 2924 3979 1680 4787 410 714 2475 3625 3624 1089 3876 79 1776 1473 3299 4066 3451 3363 4271 490 4846 1153 2610 2490 4170 2184 2453 3422 1861 2346 1210 4037 1779 3635 4352 4233 2545 396 3761 4744 2798 1058 2889 519 3202 1557 809 142 863 4745 2242 3970 3490 3836 364 1080 2877 1545 1097 2247 2734 1482 3642 3021 3048 4236 3842 121 2902 2229 4162 426 2612 1890 2706 3680 4802 2554 3785 4326 3618 3598 4500 2165 188 2414 3818 1646 2168 4133 1754 4459 3733 3327 232 2040 3802 3283 4879 1339 1113 1775 2608 1080 270 1759 3875 1810 1293 3597 613 3065 735 1125 727 4922 3543 4465 1457 1511 1361 37 4965 1758 112 4635 1860 2029 2208 2475 2949 344 318 4475 4828 3173 599 1793 3378 440 1081 3359 4633 110 4132 2329 786 4348 799 1344 298 1940 1843 2993 4245 3938 4016 401 1635 4797 4187 1182 3368 4202 2973 2867 1771 3254 4350 3398 1351 4155 4820 3045 2464 4281 2863 1499 1625 3206 1702 2928 954 2457 2541 2813 4248 1238 854 4838 695 408 3242 3934 78 979 3787 407 1711 1772 1239 185 4401 219 3362 1975 4726 1569 2880 2756 1187 2363 338 1641 3643 1198 2109 4822 3630 950 3316 1162 4054 3001 1740 4581 2544 2324 3802 388 34 2839 4905 1011 2620 4022 4945 2875 4062 3497 849 3470 2807 1541 3327 1559 483 2384 4426 4131 4008 3687 983 1180 1486 3630 3704 2772 2719 4733 2237 1730 3829 1312 2349 3685 419 3688 3526 40 1684 3852 4672 1393 275 3847 1342 1997 1988 2801 1644 4169 1586 2378 2230 2513 1200 4206 1909
1833 4216 4356 1727 3293 2208 2935 2571 1399 555 1234 3660 1878 2460 1488 3203 546 1986 3624 2974 1146 2641 419 2426 2754 555 108 3071 1532 990 2673 2270 537 2148 4399 2631 1757 626 1736 4923 2991 813 1388 3854 1363 4957 2681 846 4813 3910 4795 2772 249 2727 1413 4201 4531 3170 2102 1889 4399 1844 3966 1756 1366 2824 849 2001 2089 69 2623 4545 4809 3773 1839 1617 3244 4711 263 4159 776 2042 4551 422 789 1067 1040 3370 2232 238 2377 4906 2955 4026 2642 3307 1600 4469 623 1724 1192 4852 1837 2730 4250 2346 1244 2769 4101 1675 2889 2829 80 1568 1363 3846 4595 735 591 2927 3583 4440 2907 3508 4963 2153 1428 26 4396 3886 1102 4655 316 2961 806 4232 2663 921 879 885 1443 3701 1005 1293 975 4558 2050 325 803 4833 2607 1512 4533 4861 1487 4620 1886 2117 1754 264 4485 1980 4809 224 3052 2224 2105 1161 2224 380 1520 382 4087 4911 3535 3745 3545 2021 4021 1581 1649 4252 2020 217 1098 1617 4564 1789 2189 4111 2383 3192 843 29 1904 3440 4818 3773 1650 4353 1935 739 238 774 2847 719 2324 2656 4161 4453 1330 4954 58 1424 2498 88 2198 3016 3060 2596 2960 968 3535 381 687 4827 3083 504 615 1707 19 801 18 3770 1202 2986 1709 4475 2025 2229 65 1956 482 349 502 4563 3734 2715 3732 689 2380 1844 2786 2539 3890 2636 1109 3369 2650 3539 3083 1970 2456 3616 2873 862 2796 1624 4178 2824 412 2071 806 4291 2052 30 3830 3620 4167 2395 2749 962 756 2348 202 1936 1474 1366 519 2498 2253 540 4718 3427 39 4319 187 1041 4003 3153
3754 3386 1699 2706 648 1446 676 3673 1425 4114 473 3928 2577 3181 4990 3993 4041 3085 1089 1146 3918 2977 1106 3489 829 4020 2544 935 4903 366 1999 2570 549 899 1986 527 131 1558 4069 375 172 750 4588 3736 1985 4158 3944 1680 4220 4665 3086 3317 2283 4253 3962 409 3487 4722 2878 4497 4699 1588 3871 1059 4834 1191 808 3093 2087 4488 546 2527 3958 2271 2491 2011 2298 436 2027 4007 709 2904 2919 1628 1589 2298 1984 751 468 1054 1903 3483 3453 3275 2316 3474 1794 1737 3319 4372 3438 2984 4054 2968 2150 274 3546 3463 2210 2166 1247 2325 3485 4876 2218 2547 2374 1640 2590 4579 2808 4548 3423 1612 4467 855 3813 4970 3563 4136 267 3616 3640 738 1704 181 1966 679 3924 2995 3812 4011 3788 2491 1522 1381 3068 4035 1460 755 2002 2524 4126 3680 2762 905 3155 3070 493 525 1448 703 2370 4694 3353 2381 3823 3184 2737 3754 4049 4030 2024 1723 3123 3496 1713 4965 3919 3300 644 610 471 4240 4156 3432 4698 322 3008 4291 856 489 828 679 593 4354 1182 1379 4381 4723 1406 1942 835 3416 3244 538 4097 3761 3283 2372 3895 3749 3290 1185 1909 2807 3093 1045 3379 2682 2057 1153 2420 1217 4191 4538 1625 2124 3206 753 4261 3300 2652 2797 4693 687 3819 4718 1082 4237 1643 666 1922 2358 843 70 679 3085 677 3793 1910 1951 3789 2697 1435 3586 2003 2272 4953 3444 2294 4111 1354 4389 270 4134 527 144 3514 1343 3185 3572 3088 3450 3010 3882 286 4309 754 568 2705 2433 4387 4089 305 2819 4819 4061 865 1886 2083 1666 714 4846 3359 3677 856 3526 3006 3887
2499 4713 1452 2217 2440 2374 4955 2168 3118 361 1780 3923 2541 1989 4454 2915 2841 1609 3876 2641 2977 3354 2909 2879 4667 4849 2301 4506 3286 811 4444 1213 4452 4030 3742 576 330 4353 100 231 2200 3757 711 2842 1595 4471 3488 4607 678 416 2584 832 237 4000 878 4184 4539 1004 1743 4552 2728 1963 3139 83 3698 4899 2856 3849 2694 42 3895 584 624 1479 2048 4460 4845 154 3954 2329 1472 3423 2340 58 4661 1002 2290 3927 2002 412 831 2712 32 800 917 424 2761 535 1556 2311 4204 906 1232 1743 1281 3988 1958 2247 652 4651 849 2900 4388 1224 3302 1224 2853 314 4772 2887 3369 3142 1875 4630 1074 342 628 3073 1272 3584 1727 3890 2620 4893 116 1533 1826 294 4983 885 1118 4420 3068 1323 949 1540 3434 4213 2411 1856 220 4146 3989 143 797 389 4668 684 1595 3363 2540 648 937 119 1704 2382 4398 638 4844 4510 3516 730 3413 2213 3583 784 445 1570 2813 4588 1045 635 103 1551 706 3911 4712 3361 2310 268 1698 4524 3238 2264 1591 2769 4267 3209 3535 4936 4765 1784 4218 2472 1771 3441 892 2502 4887 2633 2957 3745 1873 1102 3851 476 3282 4172 3567 4913 1924 1831 744 2986 4799 3072 4840 4228 2184 3551 4724 3642 3927 2951 3717 1342 2989 3936 1310 3811 4923 1759 2155 2632 4201 418 4641 3858 2749 3200 1136 1984 3873 2724 3665 4917 4357 4838 3388 2253 4846 2719 3086 1606 1872 1786 2407 846 580 3917 4867 1714 2007 4663 450 4738 236 103 2168 2072 3836 2811 3225 2270 4868 2075 3781 3136 2752 3915 2280 136 4416 186 899 3705 2211 4457 1860 3783
393 1663 3354 2177 1451 4677 150 2150 3374 2788 3539 4344 611 168 3209 4103 4599 3593 79 419 1106 2909 1373 3376 3337 526 3584 3408 4933 3545 2524 709 1272 4275 424 201 924 3009 3680 3333 4997 280 2922 1955 4828 2201 1956 503 489 3868 2059 1073 4629 430 4985 2555 1399 4389 2574 2876 4631 2159 893 2606 4918 1172 4861 4435 3225 4344 2269 499 4995 1050 3045 3505 526 470 4302 1262 1311 4536 72 3727 2912 3131 1003 4260 1469 4354 4463 1898 423 829 2068 2483 2510 3687 928 693 1350 3673 1505 2962 3970 1418 1170 1987 2554 1720 4533 1602 4035 1023 512 2797 882 839 1125 971 4954 29 2414 537 3640 3563 2872 276 2652 1670 2301 4425 2355 70 1434 3888 1110 3387 936 2011 664 3305 4386 2325 2917 3707 368 1963 763 4129 1452 2021 3864 4178 1866 2106 1231 4899 220 3435 1635 4419 3768 1320 1336 1130 684 1628 2435 4693 4832 289 1505 1645 1758 716 1211 4196 2234 4038 301 3792 3002 502 4407 1530 3856 756 1884 4350 879 1500 1845 1472 4069 4001 71 3580 2441 4159 945 3304 3339 3438 3032 2248 2834 3455 572 3932 1314 3486 3645 4613 1383 1505 2496 4162 1008 2984 2773 1595 4687 4884 2999 4954 2798 3991 4645 4434 3051 3161 4508 671 3453 4237 1329 4733 4177 492 2172 3273 4556 4326 3009 1413 570 1454 2840 1572 208 4004 4281 868 2100 471 4997 4755 323 1253 1007 2237 1798 1626 629 2008 1798 4858 1055 3790 4966 3696 890 2432 3943 4307 4158 2402 3305 2716 2214 1001 4577 4619 274 3135 2343 335 4590 86 1911 3703 461 1933 2926 1080 4495 2197 3339 3623
3034 289 3953 71 3129 2656 4710 4036 4758 1596 817 3428 1916 781 2195 560 2493 846 1776 2426 3489 2879 3376 482 2885 929 2596 3766 4018 415 3323 3569 1089 3914 4527 4323 3885 681 4579 2924 2948 2754 4831 639 396 2245 3647 2079 746 3226 1220 3750 2341 1255 4318 592 4642 1963 3684 4960 1059 3535 4958 3646 2720 4635 3492 3019 2209 808 4669 1950 3990 2928 4273 3570 3633 4835 4102 2976 2365 3013 457 3408 714 991 393 667 3292 4184 2853 2796 4882 1797 3311 2722 2459 2250 2811 1942 2030 4689 2625 2099 2504 3297 4755 748 3084 2132 4826 2107 149 4984 400 1088 666 3480 278 2919 2275 3877 1158 4231 3815 4373 4171 234 4970 3217 1340 4444 784 2211 1403 3370 61 1480 4270 299 4123 3062 4641 4580 2794 700 492 3174 2652 4478 1113 2427 4416 647 1767 3246 2053 3496 3007 3693 1045 2048 690 2742 4949 3644 1564 4512 4815 2710 3685 1824 1264 3560 554 2207 2661 2304 876 577 4599 1573 4007 3174 2239 4009 1268 3683 4021 2942 4345 4245 4785 3546 1011 4663 2323 908 296 227 4043 3911 4842 523 2061 746 3551 2965 374 514 2155 699 1316 4322 2631 2551 4184 4016 1223 2637 1771 4240 1518 684 3304 4338 3028 116 1541 4019 306 2018 3790 4044 2209 2250 2450 195 4790 3288 553 934 3286 2531 3259 2076 1399 4654 1506 4797 3523 3627 2786 2770 1899 578 1711 2179 4242 441 1432 1599 3456 1455 2072 967 4668 2489 259 496 4396 3196 4839 920 958 922 3526 4142 3870 3497 3581 2853 457 15 2350 1393 4991 1885 4775 2933 859 2912 3909 689 2972 3995 4575 4080 1181 2935
1504 2851 2247 4297 4456 582 2617 477 3715 2948 4111 777 553 2182 2352 3455 3663 3679 1473 2754 829 4667 3337 2885 3309 3154 2626 1577 1522 3983 4222 4364 3157 4831 2437 768 4150 245 393 3953 3366 1978 1368 2445 2817 1424 4744 4538 2864 2268 1901 4013 4812 4275 2952 1920 3652 2946 3957 2433 3816 344 1460 598 3219 1208 4255 3684 1938 1318 4282 987 2717 1916 3707 68 4607 1525 3450 32 1468 4976 3505 542 1694 3828 2912 2425 663 2424 4803 1806 2912 900 696 3986 3530 2115 3401 2625 226 1066 2647 4397 1548 2396 650 1159 4338 4348 1824 2206 4011 728 369 1998 1745 4175 1968 132 698 541 4013 4228 2125 3051 3749 1780 880 533 4486 3226 3923 1136 2401 2407 3255 2822 3876 4689 2026 4510 3237 3860 1233 2554 4930 4308 982 2828 3663 3407 3541 2000 2690 4510 2856 3148 2766 616 3162 3801 2313 2604 76 1868 1076 1363 4710 2496 1626 101 379 4248 1775 883 826 2623 1704 4805 2573 4702 300 3501 1699 1748 3966 2275 2090 627 2322 3840 1513 1906 4494 20 4098 1689 4178 866 1103 1427 3609 1753 3346 197 3569 260 4219 2337 1052 3175 924 2091 1615 348 4418 3934 3651 522 3220 2481 2345 4474 3321 311 3842 3830 3027 10 4013 1539 1451 536 2479 808 4458 530 2235 4210 4358 3398 509 2648 4553 3348 364 4115 3371 1155 2675 4865 2456 386 4804 942 2034 3950 4102 94 1955 4470 4034 449 3470 2912 2948 2407 4804 4141 2745 239 4966 3753 921 473 2380 1225 2254 1344 2375 3853 3338 1382 1073 1098 209 2900 1313 4559 1894 1179 2680 4924 1864 3352 2660 266 3321 1704
1392 4214 3935 192 4400 930 1846 2911 1681 3442 1814 3397 392 2587 1797 1188 736 1321 3299 555 4020 4849 526 929 3154 3717 4427 624 4804 4563 4897 4517 2629 1757 2561 73 4536 3162 3213 3994 890 1860 1465 1659 4871 4864 2051 4492 4720 265 2935 2912 4590 3682 3708 822 2558 4465 353 2004 3545 1713 2544 321 1028 452 4468 2331 798 348 3824 2622 1566 463 1611 4456 904 402 4900 2920 735 4320 3922 1246 1840 2206 2991 523 3801 2218 4824 528 3467 873 4281 3686 1803 4759 3545 1652 3326 4820 3761 1779 2007 4934 4133 1840 2194 1978 2158 75 2194 2127 3518 3333 4716 3652 1280 1732 3474 2449 300 3024 325 2935 747 337 1032 1530 537 4570 2557 3025 3963 2653 3369 4856 4711 3631 1646 4370 4765 4066 2889 2006 3455 1815 1238 4287 480 1514 4974 1859 1008 3138 3689 4155 4311 58 1062 2875 4431 664 3533 4823 2422 1658 1396 1270 4111 3283 4063 1570 690 4854 3638 1804 4100 3033 819 3427 250 3713 946 4492 1659 3167 2166 2409 213 2439 4751 785 4190 4802 2972 3609 3599 1700 3462 1201 1470 3926 1036 4829 1730 4760 4597 1889 713 4230 3684 2637 3600 563 3610 3003 109 1977 2322 3084 2713 3551 3437 2046 605 1003 4666 484 4722 801 524 4380 327 4478 817 2354 2650 479 2203 3314 1336 1680 4975 1286 1114 3337 3285 1449 4214 1049 1646 1370 4474 1054 2496 1967 3554 4048 2167 4880 3097 3521 1435 728 4121 1372 4561 1816 2741 4276 2667 663 2298 2887 1731 1888 171 4723 1859 4509 1501 4145 3129 4423 3585 565 4089 3597 805 4681 1377 3873 1117 3318 1427 1855 1271 1491
