N: 50
M: 10
Symmetric: true
Triangle: false
5 16 18 43 41 23
1 32
4 22 29 2 31
4 10 26 42 38
8 49 8 19 48 37 44 20 7
5 9 4 30 27 25
5 50 39 12 28 47
6 40 13 11 15 45 3
5 14 33 36 1 34
7 35 21 5 6 46 24 17
4436 1228 1713 4666 3723 1615 1092 898 2024 4755 1566 4886 691 4730 2510 3083 2128 3677 2348 2523 1093 3116 2056 401 1352 4243 4702 806 1202 140 152 2840 1614 2749 3935 243 4994 3420 3171 693 200 4435 847 4080 1099 611 1413 3977 4379 2594
1228 2723 824 402 2137 2989 286 1343 584 741 3939 3633 1581 4432 431 3325 3520 2429 4790 2742 1670 4244 2717 1814 1771 2569 4022 3585 483 3850 98 720 2773 1287 696 1785 3962 888 1422 912 2897 1914 3481 1921 3100 980 3380 3675 1111 1253
1713 824 4773 4526 2045 1893 3160 3545 4611 3473 4447 3476 3963 3073 4393 3266 2624 3643 2592 4659 1031 670 961 1013 1057 2809 4434 3393 2597 4302 214 1454 137 354 121 1495 2272 828 2835 1556 2299 2686 4330 1672 3389 2301 398 2434 2012 1479
4666 402 4526 800 4236 1953 1430 1537 2825 1808 4993 4875 2269 4402 2805 4308 4889 159 4471 3058 3461 1442 4715 260 2155 4806 2030 2119 225 3857 548 4683 4129 586 3761 2911 870 3604 513 1545 3001 1353 764 3523 1455 3102 888 2325 4949 1040
3723 2137 2045 4236 2886 4757 2325 3896 2342 3137 3228 2982 2386 3261 2559 4798 2584 4315 868 3593 3587 2306 3440 2676 4776 3200 1860 259 3178 181 355 839 378 635 4834 1140 3826 775 4624 747 4305 994 3771 4945 569 385 2573 2495 3952 3444
1615 2989 1893 1953 4757 90 2942 4938 1137 1687 4878 4041 557 3113 4571 664 3265 4464 4786 3838 4206 274 426 3746 4309 1988 432 1927 3070 760 2353 1596 3119 3497 2649 4685 176 1927 4919 4725 4475 4801 3582 2373 2442 4581 364 1624 1356 3420
1092 286 3160 1430 2325 2942 783 488 1787 3600 3014 3433 4953 2594 3692 2376 4903 1074 2997 695 4104 2854 3674 371 702 4352 4572 1719 3160 4563 3681 255 3181 1682 1296 929 4732 3873 4844 3708 75 4652 4571 3009 3887 745 656 3283 2584 4268
898 1343 3545 1537 3896 4938 488 2798 81 3382 1438 1915 3701 1131 2071 2654 246 3930 3769 3590 3540 2978 820 507 798 4361 1564 4445 4755 1355 1196 1583 3438 4966 316 3170 4149 2467 1671 3302 4192 3204 3455 4398 1007 4138 2204 4267 4884 3563
2024 584 4611 2825 2342 1137 1787 81 161 1951 3642 215 839 4926 4087 3631 3188 384 995 3375 3019 3663 2326 4948 498 3904 979 874 2002 95 2655 531 269 4905 1601 909 1886 4139 3499 3132 1932 1665 1359 3756 368 1294 4371 1091 580 2573
4755 741 3473 1808 3137 1687 3600 3382 1951 3800 4674 674 4919 4034 3802 1718 2977 4187 2271 3232 3752 4252 19 2628 946 256 4609 2013 2225 2148 3116 760 4175 64 4585 1816 1104 1989 4347 2081 945 3937 76 4446 4980 1880 1375 4459 2913 4586
1566 3939 4447 4993 3228 4878 3014 1438 3642 4674 1558 2706 3529 2821 2033 935 105 823 1334 2373 4207 3518 4489 3428 3958 4655 718 1448 1598 925 277 3227 3050 2726 3692 2891 4939 813 4917 2292 3984 1059 2358 2402 3774 1467 3043 1816 1122 2078
4886 3633 3476 4875 2982 4041 3433 1915 215 674 2706 2426 139 2214 2227 3161 281 834 1194 2720 4177 1042 3195 3709 1788 3689 1700 4267 1738 1092 3033 1428 3604 3316 3953 4625 3215 3863 882 663 2170 212 1207 45 3406 2561 2148 526 2079 1221
691 1581 3963 2269 2386 557 4953 3701 839 4919 3529 139 3955 1014 4017 1459 2607 1627 3539 1939 406 3975 4014 3822 3477 2704 943 2768 607 2867 3201 871 1362 2734 1586 4902 1474 3049 785 4719 3322 3294 2544 2456 2552 3359 4856 1669 4157 2141
4730 4432 3073 4402 3261 3113 2594 1131 4926 4034 2821 2214 1014 4282 4255 1192 4801 3686 2964 3809 727 701 136 2522 837 3834 4121 47 4007 525 1274 917 1708 4127 3907 3618 3897 74 2842 2039 1760 3996 425 3459 1989 2811 4665 1703 3772 111
2510 431 4393 2805 2559 4571 3692 2071 4087 3802 2033 2227 4017 4255 4111 1418 2363 4080 4797 1577 3097 2638 1711 981 3526 894 410 1144 719 173 465 1259 512 3881 176 1700 152 2242 4425 4215 279 1398 3425 1394 358 4735 657 506 2522 595
3083 3325 3266 4308 4798 664 2376 2654 3631 1718 935 3161 1459 1192 1418 2008 2578 21 1537 3862 3063 2624 4375 4783 2375 2035 157 3274 4329 2446 426 1426 1569 663 1469 2586 2943 3739 481 1280 4621 1846 1910 1969 4741 2963 2654 1519 810 745
2128 3520 2624 4889 2584 3265 4903 246 3188 2977 105 281 2607 4801 2363 2578 2622 2957 2437 3143 3943 966 1595 3409 3565 1522 337 3405 2182 4153 1577 2554 3427 1945 1804 4011 2126 2779 3177 4802 2425 26 3592 4482 2893 3877 3500 1980 3751 4461
3677 2429 3643 159 4315 4464 1074 3930 384 4187 823 834 1627 3686 4080 21 2957 2764 2416 4566 4216 2391 3112 4935 4788 2646 4760 3029 1559 1988 3168 4507 2428 3595 1849 3973 4030 4083 4355 933 1651 4296 3066 1379 1522 3526 2983 2304 4241 609
2348 4790 2592 4471 868 4786 2997 3769 995 2271 1334 1194 3539 2964 4797 1537 2437 2416 184 1934 2261 2431 660 4973 4166 1773 2396 1934 3013 4344 2230 3710 4177 1332 90 4050 2196 2272 1381 3736 1098 1661 2197 2679 1034 3562 1435 2227 4442 1157
2523 2742 4659 3058 3593 3838 695 3590 3375 3232 2373 2720 1939 3809 1577 3862 3143 4566 1934 741 1523 587 3638 3475 3728 2693 225 1910 812 462 694 3230 4754 3157 4062 1442 3506 4698 767 3777 95 1542 2137 4997 1724 35 3590 652 4893 352
1093 1670 1031 3461 3587 4206 4104 3540 3019 3752 4207 4177 406 727 3097 3063 3943 4216 2261 1523 136 803 1996 2360 3077 1359 3149 4072 4930 3887 3239 1485 1447 3867 2128 523 3158 2674 3941 569 3941 3729 1895 87 2428 510 3069 2782 1087 2501
3116 4244 670 1442 2306 274 2854 2978 3663 4252 3518 1042 3975 701 2638 2624 966 2391 2431 587 803 14 2032 2479 136 4283 689 4140 3971 1191 3356 826 3033 4993 961 2470 565 3559 4961 1320 4060 4793 1613 4735 3170 3959 1612 3412 3681 2453
2056 2717 961 4715 3440 426 3674 820 2326 19 4489 3195 4014 136 1711 4375 1595 3112 660 3638 1996 2032 3165 549 3309 4884 2793 2477 216 434 1955 212 1933 4541 234 1560 3514 3886 2628 4780 3617 2507 3750 4518 2091 3454 3623 811 179 4426
401 1814 1013 260 2676 3746 371 507 4948 2628 3428 3709 3822 2522 981 4783 3409 4935 4973 3475 2360 2479 549 2541 2400 3945 989 2261 4944 1872 192 2434 1835 902 3586 1075 809 28 4051 2131 51 1393 3336 2243 2689 2484 1171 2786 1929 3786
1352 1771 1057 2155 4776 4309 702 798 498 946 3958 1788 3477 837 3526 2375 3565 4788 4166 3728 3077 136 3309 2400 2933 3507 302 2072 63 3105 3463 864 1994 4848 603 3458 410 1154 2462 1918 4487 3262 2521 27 4712 4704 4967 975 3213 2599
4243 2569 2809 4806 3200 1988 4352 4361 3904 256 4655 3689 2704 3834 894 2035 1522 2646 1773 2693 1359 4283 4884 3945 3507 3848 3853 1060 3186 2063 2059 4834 4589 4044 4884 2865 1195 1300 4177 1789 2381 1873 1845 2132 4077 1778 4954 358 1960 1023
4702 4022 4434 2030 1860 432 4572 1564 979 4609 718 1700 943 4121 410 157 337 4760 2396 225 3149 689 2793 989 302 3853 3752 1180 3563 106 3994 3080 3408 4879 4693 4230 1598 2698 1349 4258 1140 317 2573 2536 1881 4397 1007 381 2958 3588
806 3585 3393 2119 259 1927 1719 4445 874 2013 1448 4267 2768 47 1144 3274 3405 3029 1934 1910 4072 4140 2477 2261 2072 1060 1180 3907 1482 249 1712 516 4980 4744 1617 1370 1628 1080 4977 2413 1999 2797 3415 4405 2120 4629 1630 4066 1259 4438
1202 483 2597 225 3178 3070 3160 4755 2002 2225 1598 1738 607 4007 719 4329 2182 1559 3013 812 4930 3971 216 4944 63 3186 3563 1482 1514 2282 1869 3546 863 1160 1396 1246 2227 4658 4476 2859 2026 3188 3482 4115 3489 2880 3402 3151 994 3110
140 3850 4302 3857 181 760 4563 1355 95 2148 925 1092 2867 525 173 2446 4153 1988 4344 462 3887 1191 434 1872 3105 2063 106 249 2282 865 2945 4984 60 4256 3982 3355 111 3944 731 2382 1530 1269 4835 751 1285 3973 3133 2770 1837 993
152 98 214 548 355 2353 3681 1196 2655 3116 277 3033 3201 1274 465 426 1577 3168 2230 694 3239 3356 1955 192 3463 2059 3994 1712 1869 2945 3629 872 3324 4998 3519 2140 2774 3675 2266 997 2858 2626 4196 85 1230 495 3107 3211 793 1998
2840 720 1454 4683 839 1596 255 1583 531 760 3227 1428 871 917 1259 1426 2554 4507 3710 3230 1485 826 212 2434 864 4834 3080 516 3546 4984 872 2659 4046 2579 1302 2746 4639 1131 2050 831 964 3072 2919 4611 3699 2192 1894 894 1899 309
1614 2773 137 4129 378 3119 3181 3438 269 4175 3050 3604 1362 1708 512 1569 3427 2428 4177 4754 1447 3033 1933 1835 1994 4589 3408 4980 863 60 3324 4046 3025 2640 3575 1921 1693 2085 3729 4112 1571 4933 4699 3035 2727 4569 674 527 115 796
2749 1287 354 586 635 3497 1682 4966 4905 64 2726 3316 2734 4127 3881 663 1945 3595 1332 3157 3867 4993 4541 902 4848 4044 4879 4744 1160 4256 4998 2579 2640 2093 985 4492 3691 4988 1411 2748 2159 4226 1186 3629 4954 228 3285 3054 1630 1475
3935 696 121 3761 4834 2649 1296 316 1601 4585 3692 3953 1586 3907 176 1469 1804 1849 90 4062 2128 961 234 3586 603 4884 4693 1617 1396 3982 3519 1302 3575 985 3003 1085 1018 2664 836 3212 2158 2101 1153 2732 20 4229 1596 2025 1909 786
243 1785 1495 2911 1140 4685 929 3170 909 1816 2891 4625 4902 3618 1700 2586 4011 3973 4050 1442 523 2470 1560 1075 3458 2865 4230 1370 1246 3355 2140 2746 1921 4492 1085 4873 4210 3915 323 4899 2851 4644 3866 3074 1308 1508 408 2313 130 2510
4994 3962 2272 870 3826 176 4732 4149 1886 1104 4939 3215 1474 3897 152 2943 2126 4030 2196 3506 3158 565 3514 809 410 1195 1598 1628 2227 111 2774 4639 1693 3691 1018 4210 1312 569 1046 1270 4216 3602 1150 3950 3687 1265 1232 2224 312 1682
3420 888 828 3604 775 1927 3873 2467 4139 1989 813 3863 3049 74 2242 3739 2779 4083 2272 4698 2674 3559 3886 28 1154 1300 2698 1080 4658 3944 3675 1131 2085 4988 2664 3915 569 3114 2492 1107 4922 1980 3304 704 2325 291 851 4174 3093 1451
3171 1422 2835 513 4624 4919 4844 1671 3499 4347 4917 882 785 2842 4425 481 3177 4355 1381 767 3941 4961 2628 4051 2462 4177 1349 4977 4476 731 2266 2050 3729 1411 836 323 1046 2492 3549 2225 3406 498 3616 2697 96 1372 4219 434 986 2770
693 912 1556 1545 747 4725 3708 3302 3132 2081 2292 663 4719 2039 4215 1280 4802 933 3736 3777 569 1320 4780 2131 1918 1789 4258 2413 2859 2382 997 831 4112 2748 3212 4899 1270 1107 2225 3703 1437 3722 405 4433 2674 2310 995 3919 1390 2674
200 2897 2299 3001 4305 4475 75 4192 1932 945 3984 2170 3322 1760 279 4621 2425 1651 1098 95 3941 4060 3617 51 4487 2381 1140 1999 2026 1530 2858 964 1571 2159 2158 2851 4216 4922 3406 1437 3098 3822 2213 2734 4643 3550 1752 2206 3702 3640
4435 1914 2686 1353 994 4801 4652 3204 1665 3937 1059 212 3294 3996 1398 1846 26 4296 1661 1542 3729 4793 2507 1393 3262 1873 317 2797 3188 1269 2626 3072 4933 4226 2101 4644 3602 1980 498 3722 3822 2741 3841 1778 550 2754 2899 897 3823 2492
847 3481 4330 764 3771 3582 4571 3455 1359 76 2358 1207 2544 425 3425 1910 3592 3066 2197 2137 1895 1613 3750 3336 2521 1845 2573 3415 3482 4835 4196 2919 4699 1186 1153 3866 1150 3304 3616 405 2213 3841 127 826 3265 907 467 3551 3229 2413
4080 1921 1672 3523 4945 2373 3009 4398 3756 4446 2402 45 2456 3459 1394 1969 4482 1379 2679 4997 87 4735 4518 2243 27 2132 2536 4405 4115 751 85 4611 3035 3629 2732 3074 3950 704 2697 4433 2734 1778 826 2238 38 2334 2707 2479 2112 3390
1099 3100 3389 1455 569 2442 3887 1007 368 4980 3774 3406 2552 1989 358 4741 2893 1522 1034 1724 2428 3170 2091 2689 4712 4077 1881 2120 3489 1285 1230 3699 2727 4954 20 1308 3687 2325 96 2674 4643 550 3265 38 4398 2621 1213 617 2232 1732
611 980 2301 3102 385 4581 745 4138 1294 1880 1467 2561 3359 2811 4735 2963 3877 3526 3562 35 510 3959 3454 2484 4704 1778 4397 4629 2880 3973 495 2192 4569 228 4229 1508 1265 291 1372 2310 3550 2754 907 2334 2621 4053 3707 3927 943 3730
1413 3380 398 888 2573 364 656 2204 4371 1375 3043 2148 4856 4665 657 2654 3500 2983 1435 3590 3069 1612 3623 1171 4967 4954 1007 1630 3402 3133 3107 1894 674 3285 1596 408 1232 851 4219 995 1752 2899 467 2707 1213 3707 482 3778 580 2800
3977 3675 2434 2325 2495 1624 3283 4267 1091 4459 1816 526 1669 1703 506 1519 1980 2304 2227 652 2782 3412 811 2786 975 358 381 4066 3151 2770 3211 894 527 3054 2025 2313 2224 4174 434 3919 2206 897 3551 2479 617 3927 3778 1660 3881 2982
4379 1111 2012 4949 3952 1356 2584 4884 580 2913 1122 2079 4157 3772 2522 810 3751 4241 4442 4893 1087 3681 179 1929 3213 1960 2958 1259 994 1837 793 1899 115 1630 1909 130 312 3093 986 1390 3702 3823 3229 2112 2232 943 580 3881 3367 2095
2594 1253 1479 1040 3444 3420 4268 3563 2573 4586 2078 1221 2141 111 595 745 4461 609 1157 352 2501 2453 4426 3786 2599 1023 3588 4438 3110 993 1998 309 796 1475 786 2510 1682 1451 2770 2674 3640 2492 2413 3390 1732 3730 2800 2982 2095 1608
