N: 50
M: 10
Symmetric: true
Triangle: false
4 33 25 20 7
4 14 37 47 41
4 39 27 21 30
9 3 32 16 29 28 34 36 9 10
4 2 18 12 43
5 40 31 35 19 11
4 1 5 17 38
6 6 50 49 8 46 15
6 48 13 24 4 26 22
4 23 44 42 45
4842 173 3048 3607 4894 3996 1154 3871 3850 1484 1687 4505 1145 3824 1676 3104 4968 2379 3922 4800 2255 2402 3688 4042 683 846 4238 1567 3160 4691 1320 672 356 2105 3918 3794 1342 4862 1529 2778 3950 853 742 2583 3287 4027 3502 2058 2538 82
173 2335 857 2324 4339 327 3051 2513 210 3497 2507 1270 4542 3940 2691 265 3964 1308 3697 1073 1542 4257 2490 3466 4910 167 1293 1572 4435 2553 3128 4718 25 1638 3064 4255 1377 2931 1935 3328 745 1954 4037 3319 4645 734 527 487 3812 3674
3048 857 4685 2706 3904 3527 4724 528 2343 789 40 2507 3408 583 4784 2536 4772 4360 130 681 3277 3025 363 1124 4725 4759 3633 3132 2371 213 1861 2992 4401 1112 4911 1651 2176 1521 1568 3347 4771 2527 3921 1465 40 3118 88 1170 1021 3151
3607 2324 2706 2937 3921 1870 4260 4125 3742 2029 1843 2765 964 2785 2160 2254 4091 1623 3581 2285 4034 4612 4213 4686 3714 307 1087 2266 2942 343 1186 3610 718 1171 418 3667 189 1244 4993 1169 1489 2416 3995 3424 690 4543 3336 558 4321 2787
4894 4339 3904 3921 1570 1796 3551 3068 655 3922 1980 4462 2116 344 3804 4320 761 1397 3965 3176 1601 1757 1498 3409 4250 4273 546 1270 3592 1891 1170 4212 4319 1031 4179 2068 4241 2452 671 316 4529 3623 2235 3347 2147 4970 3985 4946 1712 249
3996 327 3527 1870 1796 4986 853 905 1196 3442 3121 3683 4788 3660 4842 4946 1319 4211 2794 1344 3237 1315 1148 1260 3195 654 4389 163 1085 2731 645 1656 171 4160 4428 2620 3718 1990 742 1874 4431 4603 2410 2636 784 3344 788 411 2588 1117
1154 3051 4724 4260 3551 853 931 2975 4824 4405 199 835 2653 2243 1174 1637 4729 2160 3796 2484 1245 1383 4980 148 986 2199 2180 2599 1137 4179 3847 4521 3393 2237 1144 3454 4372 2046 3883 2187 4909 871 4032 4707 21 4613 3390 3429 637 1056
3871 2513 528 4125 3068 905 2975 889 16 3228 619 3471 1195 1328 992 3844 3573 4066 4446 3564 4357 227 4565 659 1551 1407 2951 693 47 1321 453 1903 3178 1772 2225 4968 663 3336 4991 4278 3259 2179 2947 4426 430 3470 2648 459 2238 1921
3850 210 2343 3742 655 1196 4824 16 393 1650 838 3589 3639 1822 3841 4510 167 1078 2852 3738 1947 967 4226 1137 3428 1799 4362 547 3660 2020 2483 678 4786 4667 1990 229 1307 1200 4765 2960 3878 3200 4431 476 1279 2766 207 298 4523 4646
1484 3497 789 2029 3922 3442 4405 3228 1650 312 937 3588 3260 4660 618 750 3365 2080 1819 3687 1685 1709 3651 4095 2968 892 4726 2501 24 2266 2684 448 1270 3302 214 1656 113 907 1657 208 3475 3652 261 983 4341 69 1505 3626 4126 1976
1687 2507 40 1843 1980 3121 199 619 838 937 3702 356 445 1772 1937 886 4687 2203 4802 3440 184 3766 211 3653 1379 560 2147 901 1132 2033 4849 200 4458 1830 2607 3382 2143 1608 1039 3455 2575 467 929 4988 174 218 2257 3393 457 713
4505 1270 2507 2765 4462 3683 835 3471 3589 3588 356 3530 189 3755 1664 3881 2231 3329 3085 3157 3235 1696 3348 2344 83 4438 4380 3472 940 682 4641 4610 3580 4486 4141 672 584 2389 3364 3980 4061 2665 439 4576 3241 2106 3412 1854 619 2433
1145 4542 3408 964 2116 4788 2653 1195 3639 3260 445 189 3286 3040 1700 1546 2831 4295 4168 1585 4889 3987 4175 4371 1835 23 3746 3650 555 4175 2536 4358 804 432 2263 4557 4674 3315 3590 2280 3194 2933 500 3875 2513 3822 1443 1264 1358 3363
3824 3940 583 2785 344 3660 2243 1328 1822 4660 1772 3755 3040 256 4368 2329 1094 3173 433 722 1432 4414 1823 279 234 2583 3719 1993 617 4503 1340 801 1593 45 255 781 492 4046 2739 321 2266 4097 2127 4910 1471 4958 4224 4352 123 2689
1676 2691 4784 2160 3804 4842 1174 992 3841 618 1937 1664 1700 4368 2853 2342 832 282 1303 2492 3922 3559 1137 1215 1177 2459 2907 2217 1583 2616 2889 853 4730 4012 2580 888 413 3322 4938 2496 2555 3826 147 3024 1749 2573 194 1361 1881 494
3104 265 2536 2254 4320 4946 1637 3844 4510 750 886 3881 1546 2329 2342 4974 1095 16 1980 4524 1265 2007 2762 3300 1097 101 3438 2590 17 2911 4122 2422 2833 4087 315 4488 4611 3314 4212 4093 2832 970 187 458 2634 1992 883 2576 2883 891
4968 3964 4772 4091 761 1319 4729 3573 167 3365 4687 2231 2831 1094 832 1095 4975 4399 2144 2003 3410 2367 1536 3062 1668 3810 949 129 2586 1639 1077 3041 137 268 4110 4833 2912 1298 2458 1539 2782 3348 1268 2157 3248 818 4281 2379 4007 1298
2379 1308 4360 1623 1397 4211 2160 4066 1078 2080 2203 3329 4295 3173 282 16 4399 3023 3041 1156 4976 1990 3379 4670 4689 1495 2537 878 4406 964 4188 1808 394 1670 4719 4915 2087 4333 3436 889 3384 2254 1922 2597 2875 4865 53 3054 458 3284
3922 3697 130 3581 3965 2794 3796 4446 2852 1819 4802 3085 4168 433 1303 1980 2144 3041 301 1981 4910 1693 4415 3155 4773 3839 3378 2736 328 547 3403 2442 2101 610 4461 3077 4222 2546 4390 2314 3674 1036 1176 120 4015 4321 922 2717 922 4131
4800 1073 681 2285 3176 1344 2484 3564 3738 3687 3440 3157 1585 722 2492 4524 2003 1156 1981 2247 205 1544 3526 4130 697 779 4256 4394 1862 3039 3345 1763 2263 4333 2632 3498 247 2853 4406 2971 798 2009 666 1613 2725 3904 123 4260 4194 2668
2255 1542 3277 4034 1601 3237 1245 4357 1947 1685 184 3235 4889 1432 3922 1265 3410 4976 4910 205 2931 4840 3657 3827 1191 213 2559 2108 4976 2462 4353 567 4643 693 4635 2393 529 126 1750 227 4901 2467 4027 27 277 3587 4301 3325 2380 3163
2402 4257 3025 4612 1757 1315 1383 227 967 1709 3766 1696 3987 4414 3559 2007 2367 1990 1693 1544 4840 2846 2706 839 3985 126 933 1168 293 3912 2344 1407 1334 19 435 3232 486 3867 693 3127 4569 3094 4927 540 2677 4153 4252 1490 297 991
3688 2490 363 4213 1498 1148 4980 4565 4226 3651 211 3348 4175 1823 1137 2762 1536 3379 4415 3526 3657 2706 2480 2051 3146 4196 3953 1661 1546 4762 3667 3958 1427 2826 2166 1593 791 4167 2626 2309 1098 427 2460 2150 4743 2136 2946 2261 4715 2105
4042 3466 1124 4686 3409 1260 148 659 1137 4095 3653 2344 4371 279 1215 3300 3062 4670 3155 4130 3827 839 2051 4933 3027 4973 1383 512 3587 4500 1367 4152 4699 4593 3215 3546 1541 2491 3954 2492 370 3273 986 3178 4467 3364 4070 1957 3067 1516
683 4910 4725 3714 4250 3195 986 1551 3428 2968 1379 83 1835 234 1177 1097 1668 4689 4773 697 1191 3985 3146 3027 3690 1140 4749 2554 2176 2439 1308 1220 1257 443 3629 3369 3297 3399 4046 97 3150 2034 3926 2314 1839 1366 3528 4025 2887 2906
846 167 4759 307 4273 654 2199 1407 1799 892 560 4438 23 2583 2459 101 3810 1495 3839 779 213 126 4196 4973 1140 155 2117 3026 2717 4901 4955 1885 2929 3986 2698 3369 1021 1978 1629 1328 2874 3765 4695 367 263 1430 1630 767 397 3106
4238 1293 3633 1087 546 4389 2180 2951 4362 4726 2147 4380 3746 3719 2907 3438 949 2537 3378 4256 2559 933 3953 1383 4749 2117 4707 4654 1891 443 2161 3402 1703 811 1439 272 1625 1333 3120 3126 2551 3393 1229 3073 4690 2740 1559 1819 4218 4324
1567 1572 3132 2266 1270 163 2599 693 547 2501 901 3472 3650 1993 2217 2590 129 878 2736 4394 2108 1168 1661 512 2554 3026 4654 200 3590 4570 3338 3482 293 3416 3014 2148 2683 2558 3863 3095 178 4118 3916 3933 1168 3391 3412 4312 1500 3909
3160 4435 2371 2942 3592 1085 1137 47 3660 24 1132 940 555 617 1583 17 2586 4406 328 1862 4976 293 1546 3587 2176 2717 1891 3590 2028 447 4170 435 2804 2321 4232 3938 3930 1176 3416 4465 4348 1316 3540 974 4722 4118 4039 3437 2804 1911
4691 2553 213 343 1891 2731 4179 1321 2020 2266 2033 682 4175 4503 2616 2911 1639 964 547 3039 2462 3912 4762 4500 2439 4901 443 4570 447 1513 4628 4549 4148 440 1311 4946 1454 1998 3364 2408 3760 3870 3935 2088 3619 2562 685 3559 688 830
1320 3128 1861 1186 1170 645 3847 453 2483 2684 4849 4641 2536 1340 2889 4122 1077 4188 3403 3345 4353 2344 3667 1367 1308 4955 2161 3338 4170 4628 1515 4199 3670 1358 4520 4082 684 879 1741 4003 1582 800 1914 3688 3533 835 459 4996 2439 3575
672 4718 2992 3610 4212 1656 4521 1903 678 448 200 4610 4358 801 853 2422 3041 1808 2442 1763 567 1407 3958 4152 1220 1885 3402 3482 435 4549 4199 4422 3258 1838 3962 4305 103 3310 263 68 3936 259 3379 4876 2066 4090 652 1294 754 3171
356 25 4401 718 4319 171 3393 3178 4786 1270 4458 3580 804 1593 4730 2833 137 394 2101 2263 4643 1334 1427 4699 1257 2929 1703 293 2804 4148 3670 3258 4002 850 2987 4383 3260 729 2582 1856 3681 980 1301 1840 916 2089 2673 4149 2280 3426
2105 1638 1112 1171 1031 4160 2237 1772 4667 3302 1830 4486 432 45 4012 4087 268 1670 610 4333 693 19 2826 4593 443 3986 811 3416 2321 440 1358 1838 850 2572 3638 4205 2803 4039 215 156 3249 4067 2328 1725 299 2197 981 987 4406 2984
3918 3064 4911 418 4179 4428 1144 2225 1990 214 2607 4141 2263 255 2580 315 4110 4719 4461 2632 4635 435 2166 3215 3629 2698 1439 3014 4232 1311 4520 3962 2987 3638 4171 2880 3258 1960 4581 841 1101 3547 3543 645 4991 4714 3354 1021 1047 1566
3794 4255 1651 3667 2068 2620 3454 4968 229 1656 3382 672 4557 781 888 4488 4833 4915 3077 3498 2393 3232 1593 3546 3369 3369 272 2148 3938 4946 4082 4305 4383 4205 2880 1234 4072 4202 2289 2139 4236 3129 4271 1846 456 481 2509 1122 1592 3293
1342 1377 2176 189 4241 3718 4372 663 1307 113 2143 584 4674 492 413 4611 2912 2087 4222 247 529 486 791 1541 3297 1021 1625 2683 3930 1454 684 103 3260 2803 3258 4072 268 3569 4310 2616 4644 3673 3347 3500 423 2913 925 185 2505 766
4862 2931 1521 1244 2452 1990 2046 3336 1200 907 1608 2389 3315 4046 3322 3314 1298 4333 2546 2853 126 3867 4167 2491 3399 1978 1333 2558 1176 1998 879 3310 729 4039 1960 4202 3569 4337 2590 4162 345 2138 2421 4238 1918 1016 4562 668 4808 3918
1529 1935 1568 4993 671 742 3883 4991 4765 1657 1039 3364 3590 2739 4938 4212 2458 3436 4390 4406 1750 693 2626 3954 4046 1629 3120 3863 3416 3364 1741 263 2582 215 4581 2289 4310 2590 753 698 3349 1728 3691 4703 562 4924 4355 4691 2016 3957
2778 3328 3347 1169 316 1874 2187 4278 2960 208 3455 3980 2280 321 2496 4093 1539 889 2314 2971 227 3127 2309 2492 97 1328 3126 3095 4465 2408 4003 68 1856 156 841 2139 2616 4162 698 4066 910 735 3814 3229 2292 1354 162 3821 4973 4255
3950 745 4771 1489 4529 4431 4909 3259 3878 3475 2575 4061 3194 2266 2555 2832 2782 3384 3674 798 4901 4569 1098 370 3150 2874 2551 178 4348 3760 1582 3936 3681 3249 1101 4236 4644 345 3349 910 96 1617 4397 2903 214 4848 2897 2538 4215 2124
853 1954 2527 2416 3623 4603 871 2179 3200 3652 467 2665 2933 4097 3826 970 3348 2254 1036 2009 2467 3094 427 3273 2034 3765 3393 4118 1316 3870 800 259 980 4067 3547 3129 3673 2138 1728 735 1617 1424 1297 937 3988 2606 4437 3621 872 4449
742 4037 3921 3995 2235 2410 4032 2947 4431 261 929 439 500 2127 147 187 1268 1922 1176 666 4027 4927 2460 986 3926 4695 1229 3916 3540 3935 1914 3379 1301 2328 3543 4271 3347 2421 3691 3814 4397 1297 3619 4493 3758 2220 2470 2313 1627 448
2583 3319 1465 3424 3347 2636 4707 4426 476 983 4988 4576 3875 4910 3024 458 2157 2597 120 1613 27 540 2150 3178 2314 367 3073 3933 974 2088 3688 4876 1840 1725 645 1846 3500 4238 4703 3229 2903 937 4493 2291 4300 1316 3672 4017 4240 4059
3287 4645 40 690 2147 784 21 430 1279 4341 174 3241 2513 1471 1749 2634 3248 2875 4015 2725 277 2677 4743 4467 1839 263 4690 1168 4722 3619 3533 2066 916 299 4991 456 423 1918 562 2292 214 3988 3758 4300 1069 4723 3157 378 3651 2033
4027 734 3118 4543 4970 3344 4613 3470 2766 69 218 2106 3822 4958 2573 1992 818 4865 4321 3904 3587 4153 2136 3364 1366 1430 2740 3391 4118 2562 835 4090 2089 2197 4714 481 2913 1016 4924 1354 4848 2606 2220 1316 4723 3361 3653 2536 2035 3142
3502 527 88 3336 3985 788 3390 2648 207 1505 2257 3412 1443 4224 194 883 4281 53 922 123 4301 4252 2946 4070 3528 1630 1559 3412 4039 685 459 652 2673 981 3354 2509 925 4562 4355 162 2897 4437 2470 3672 3157 3653 3378 1565 4993 3395
2058 487 1170 558 4946 411 3429 459 298 3626 3393 1854 1264 4352 1361 2576 2379 3054 2717 4260 3325 1490 2261 1957 4025 767 1819 4312 3437 3559 4996 1294 4149 987 1021 1122 185 668 4691 3821 2538 3621 2313 4017 378 2536 1565 2729 2506 438
2538 3812 1021 4321 1712 2588 637 2238 4523 4126 457 619 1358 123 1881 2883 4007 458 922 4194 2380 297 4715 3067 2887 397 4218 1500 2804 688 2439 754 2280 4406 1047 1592 2505 4808 2016 4973 4215 872 1627 4240 3651 2035 4993 2506 1807 1638
82 3674 3151 2787 249 1117 1056 1921 4646 1976 713 2433 3363 2689 494 891 1298 3284 4131 2668 3163 991 2105 1516 2906 3106 4324 3909 1911 830 3575 3171 3426 2984 1566 3293 766 3918 3957 4255 2124 4449 448 4059 2033 3142 3395 438 1638 1285
