N: 50
M: 10
Symmetric: true
Triangle: false
7 6 50 34 16 5 19 40
3 47 32 46
7 48 28 26 42 30 43 14
4 24 31 45 44
5 17 37 25 36 15
6 10 3 7 35 29 41
9 13 21 2 23 38 20 33 4 1
4 9 49 12 11
3 18 22 27
2 8 39
3117 673 4645 4796 1236 2922 3512 2936 2548 445 2466 4430 4810 2909 1277 4318 2531 1542 4925 1263 626 3946 4490 1988 2617 1887 2876 4278 3685 1935 3257 3686 2544 1416 3647 3230 3706 4731 4429 3088 232 789 4392 2607 4989 2774 1137 3862 1052 3915
673 1275 654 1314 1313 3828 4691 3393 913 3286 4658 938 3053 2455 1460 845 2649 1665 16 2618 4753 4548 2262 1067 3724 365 2714 1526 2086 2264 4772 4630 4992 2850 2636 3868 878 2242 2191 441 1465 3891 4895 90 1148 410 551 512 1965 3771
4645 654 2722 3823 4145 1889 1539 83 2053 2920 2466 2900 1969 832 13 1386 2108 673 1163 4339 640 3927 532 3122 3050 2381 1442 4583 2270 3939 4985 3046 3020 4284 3343 516 1347 4549 4535 3651 4397 880 431 3880 4215 3538 2375 3296 2700 996
4796 1314 3823 3400 4530 1004 1975 4912 3058 4227 3875 927 2775 2219 4622 2365 144 1320 3673 4997 1675 4256 4443 4088 4664 3024 2253 1973 3990 791 1373 2510 713 44 2087 341 3008 490 4140 4742 465 4127 818 881 3632 1556 3594 3569 2509 3690
1236 1313 4145 4530 3170 1142 856 1407 1713 3006 2858 1574 4728 674 2172 3518 1642 112 4670 4254 4925 3132 3608 1183 86 1252 1922 1304 4768 937 2442 644 1867 4570 809 349 3713 86 234 1373 1069 2193 1732 2406 4504 1542 134 2976 2748 184
2922 3828 1889 1004 1142 4368 2555 1874 1221 2635 2440 2617 2195 4365 3537 265 2312 4766 2835 3351 2084 4018 3839 4966 3447 66 1284 177 3469 3755 11 2803 1151 3448 4888 3911 4796 3834 502 3961 4962 3596 2360 3032 4770 116 3636 3773 748 2562
3512 4691 1539 1975 856 2555 1092 3485 4654 4854 4860 530 809 1654 4837 1773 4956 3179 4255 4220 4769 527 3001 2860 2451 623 2597 446 2396 537 1976 4954 4707 306 1816 2530 2943 1965 1035 724 3229 4680 3033 4459 2049 4549 275 2664 4173 2809
2936 3393 83 4912 1407 1874 3485 1958 2353 1832 2185 4585 1361 1590 2528 4255 1880 185 4530 2711 1404 3316 4405 4763 671 4508 714 569 4125 2379 4871 3540 2760 696 1882 262 2085 3252 3689 409 1940 3328 980 3071 2547 826 4186 3875 2171 3355
2548 913 2053 3058 1713 1221 4654 2353 1266 3093 450 81 3418 884 3929 1610 1134 1349 3533 3603 554 4954 1009 1011 683 989 3304 4197 303 2173 3274 1678 3281 4901 648 4271 4873 1468 4670 1476 4308 3839 974 2268 1897 220 3425 841 2361 621
445 3286 2920 4227 3006 2635 4854 1832 3093 744 2592 2815 2067 589 2751 2395 2537 4656 788 346 4378 1526 4960 379 3372 1228 1920 2490 3989 18 4864 4747 4206 814 4121 597 776 4514 3641 1993 1158 4773 2021 2315 3472 2678 1453 2471 2220 3120
2466 4658 2466 3875 2858 2440 4860 2185 450 2592 1669 1562 1435 3568 1525 1483 3773 399 4639 2806 2780 3082 3563 825 4145 1117 3870 1331 2703 3825 4133 2924 577 4316 3899 3813 4374 959 1306 195 2131 3026 1664 1275 3152 3115 374 4998 1882 800
4430 938 2900 927 1574 2617 530 4585 81 2815 1562 1557 4646 767 2967 1835 4708 1289 1774 2342 3862 2972 4854 4119 3691 3252 2919 1863 2672 2290 3012 1969 4008 4203 2337 3831 3207 3374 1214 135 1544 4449 3854 2564 757 1704 1652 3610 4000 576
4810 3053 1969 2775 4728 2195 809 1361 3418 2067 1435 4646 3285 4266 4483 104 4031 2081 2239 832 3357 333 3864 3857 3338 4532 665 300 599 602 2337 1399 2045 4947 4214 3390 4015 4703 3044 4370 2532 2565 2849 2944 3473 569 591 855 1920 1736
2909 2455 832 2219 674 4365 1654 1590 884 589 3568 767 4266 1437 4971 87 1060 3615 3627 1633 1393 3083 3584 4015 2338 1670 4220 4867 965 4496 3510 4832 1468 3255 3946 686 1549 2417 2750 3426 2694 2241 194 4542 1924 4070 4714 2251 4570 2357
1277 1460 13 4622 2172 3537 4837 2528 3929 2751 1525 2967 4483 4971 4826 1565 2686 3105 2108 3562 340 3387 2530 3379 3379 367 100 1642 302 2115 2643 380 525 4643 2621 4058 784 87 2736 3616 1031 3236 1766 233 2088 2982 3168 3824 922 2908
4318 845 1386 2365 3518 265 1773 4255 1610 2395 1483 1835 104 87 1565 4155 1946 4458 2075 2134 1588 3556 1601 2866 4741 740 2329 385 3840 2580 3636 1284 4733 2141 4091 274 3136 1008 2836 4676 2716 1501 594 666 1963 3615 4785 4716 4794 1564
2531 2649 2108 144 1642 2312 4956 1880 1134 2537 3773 4708 4031 1060 2686 1946 2992 4001 1126 3748 2499 16 1507 2049 4791 4386 2571 568 2674 1224 3128 232 4754 3635 3858 3673 4563 2425 3079 3466 2468 933 2311 1055 2798 3229 4981 1027 1289 1737
1542 1665 673 1320 112 4766 3179 185 1349 4656 399 1289 2081 3615 3105 4458 4001 2050 1279 2865 761 725 924 3841 1733 910 3293 2361 4689 2928 3327 3038 2779 1649 4600 50 107 4033 638 14 3236 1492 2497 4197 566 4906 1524 3608 3765 4218
4925 16 1163 3673 4670 2835 4255 4530 3533 788 4639 1774 2239 3627 2108 2075 1126 1279 3762 3073 4887 3387 3816 2751 2055 1930 2873 4749 933 2975 3447 2249 2008 1558 653 4664 2933 4457 2876 3171 1066 4791 676 2311 4605 3614 1651 4193 2412 3905
1263 2618 4339 4997 4254 3351 4220 2711 3603 346 2806 2342 832 1633 3562 2134 3748 2865 3073 1208 2912 1148 2594 1249 48 292 4857 1806 2255 3605 4536 4983 3399 1808 3887 3695 4968 4698 3977 2421 608 3803 4229 4387 2278 4739 1410 697 4758 977
626 4753 640 1675 4925 2084 4769 1404 554 4378 2780 3862 3357 1393 340 1588 2499 761 4887 2912 3029 1113 21 2128 4240 1106 4345 1688 298 3747 4159 2471 1699 4088 3997 4969 1986 3625 88 1426 4221 1297 1469 3435 1745 4427 3398 4102 1770 2171
3946 4548 3927 4256 3132 4018 527 3316 4954 1526 3082 2972 333 3083 3387 3556 16 725 3387 1148 1113 3646 3955 1164 4589 2569 3646 4229 3718 1124 4256 4506 1950 4214 231 463 1654 3277 4347 2580 2889 1758 256 1701 4301 2324 1509 2058 3602 1219
4490 2262 532 4443 3608 3839 3001 4405 1009 4960 3563 4854 3864 3584 2530 1601 1507 924 3816 2594 21 3955 2394 983 3559 1811 2890 2439 1480 3725 4941 27 4074 237 3913 4713 1634 1166 2602 855 4081 2326 1415 3962 2784 1329 628 4539 2321 2501
1988 1067 3122 4088 1183 4966 2860 4763 1011 379 825 4119 3857 4015 3379 2866 2049 3841 2751 1249 2128 1164 983 2094 4241 17 535 2998 4488 1037 4522 363 398 281 4507 4566 3014 1787 2283 901 2016 3035 2160 1857 3949 4438 962 831 1124 4877
2617 3724 3050 4664 86 3447 2451 671 683 3372 4145 3691 3338 2338 3379 4741 4791 1733 2055 48 4240 4589 3559 4241 3122 1784 845 64 2884 2405 1065 1852 1656 4885 1678 2854 3589 2512 4089 3114 4953 1600 2421 134 1909 2661 3754 1506 3017 207
1887 365 2381 3024 1252 66 623 4508 989 1228 1117 3252 4532 1670 367 740 4386 910 1930 292 1106 2569 1811 17 1784 3602 3966 3044 3869 4289 3065 4796 1226 4923 4283 3113 3408 805 2602 3410 2910 414 1536 2436 3350 2895 1552 190 182 3304
2876 2714 1442 2253 1922 1284 2597 714 3304 1920 3870 2919 665 4220 100 2329 2571 3293 2873 4857 4345 3646 2890 535 845 3966 4916 4188 1513 1310 4572 820 3545 3866 1379 4175 3101 1305 24 2379 4062 2806 3679 4046 4180 94 26 2568 1080 4079
4278 1526 4583 1973 1304 177 446 569 4197 2490 1331 1863 300 4867 1642 385 568 2361 4749 1806 1688 4229 2439 2998 64 3044 4188 1073 4133 3542 4926 4693 1509 670 543 227 4092 395 3415 3489 3520 108 1401 3904 4757 3666 1239 3815 3409 890
3685 2086 2270 3990 4768 3469 2396 4125 303 3989 2703 2672 599 965 302 3840 2674 4689 933 2255 298 3718 1480 4488 2884 3869 1513 4133 1672 1119 2781 2554 2265 835 3519 4666 1416 646 1919 551 1239 3143 1057 3522 2359 2066 48 2663 2588 2307
1935 2264 3939 791 937 3755 537 2379 2173 18 3825 2290 602 4496 2115 2580 1224 2928 2975 3605 3747 1124 3725 1037 2405 4289 1310 3542 1119 169 4674 2307 969 528 3887 4504 4434 2590 3468 697 3269 501 3977 1875 3776 4364 260 2788 1398 4060
3257 4772 4985 1373 2442 11 1976 4871 3274 4864 4133 3012 2337 3510 2643 3636 3128 3327 3447 4536 4159 4256 4941 4522 1065 3065 4572 4926 2781 4674 348 2174 4252 2095 3928 4574 3174 1062 796 430 2820 1290 1184 3267 4857 1584 3437 1652 4985 4277
3686 4630 3046 2510 644 2803 4954 3540 1678 4747 2924 1969 1399 4832 380 1284 232 3038 2249 4983 2471 4506 27 363 1852 4796 820 4693 2554 2307 2174 3938 213 621 2215 2544 3606 3879 2403 4483 1482 1264 2595 2923 1491 1597 3684 4568 3010 3210
2544 4992 3020 713 1867 1151 4707 2760 3281 4206 577 4008 2045 1468 525 4733 4754 2779 2008 3399 1699 1950 4074 398 1656 1226 3545 1509 2265 969 4252 213 2569 3251 2222 3955 3168 1816 2750 4051 2863 4629 2059 659 4118 2813 3895 576 2958 857
1416 2850 4284 44 4570 3448 306 696 4901 814 4316 4203 4947 3255 4643 2141 3635 1649 1558 1808 4088 4214 237 281 4885 4923 3866 670 835 528 2095 621 3251 2193 472 3477 4633 4695 816 4083 3014 128 1393 475 3558 1068 4485 92 986 1844
3647 2636 3343 2087 809 4888 1816 1882 648 4121 3899 2337 4214 3946 2621 4091 3858 4600 653 3887 3997 231 3913 4507 1678 4283 1379 543 3519 3887 3928 2215 2222 472 2499 2654 2607 1558 2297 3277 1618 2235 3129 2738 2119 4703 1748 57 2672 826
3230 3868 516 341 349 3911 2530 262 4271 597 3813 3831 3390 686 4058 274 3673 50 4664 3695 4969 463 4713 4566 2854 3113 4175 227 4666 4504 4574 2544 3955 3477 2654 3818 536 4763 1028 696 3747 3412 545 4177 4267 4096 3652 1823 1901 1905
3706 878 1347 3008 3713 4796 2943 2085 4873 776 4374 3207 4015 1549 784 3136 4563 107 2933 4968 1986 1654 1634 3014 3589 3408 3101 4092 1416 4434 3174 3606 3168 4633 2607 536 3317 1416 307 4011 1769 4909 3847 4952 4952 4933 2816 1663 77 4703
4731 2242 4549 490 86 3834 1965 3252 1468 4514 959 3374 4703 2417 87 1008 2425 4033 4457 4698 3625 3277 1166 1787 2512 805 1305 395 646 2590 1062 3879 1816 4695 1558 4763 1416 1113 3485 3551 1897 4732 4443 1437 1559 4694 3559 2406 3760 1064
4429 2191 4535 4140 234 502 1035 3689 4670 3641 1306 1214 3044 2750 2736 2836 3079 638 2876 3977 88 4347 2602 2283 4089 2602 24 3415 1919 3468 796 2403 2750 816 2297 1028 307 3485 1116 1804 2600 121 1144 90 4555 3487 2590 1816 4884 893
3088 441 3651 4742 1373 3961 724 409 1476 1993 195 135 4370 3426 3616 4676 3466 14 3171 2421 1426 2580 855 901 3114 3410 2379 3489 551 697 430 4483 4051 4083 3277 696 4011 3551 1804 2158 4744 1750 3725 4823 187 2566 4914 3314 3277 4600
232 1465 4397 465 1069 4962 3229 1940 4308 1158 2131 1544 2532 2694 1031 2716 2468 3236 1066 608 4221 2889 4081 2016 4953 2910 4062 3520 1239 3269 2820 1482 2863 3014 1618 3747 1769 1897 2600 4744 3993 3709 4849 4290 3417 1521 4201 2092 1906 998
789 3891 880 4127 2193 3596 4680 3328 3839 4773 3026 4449 2565 2241 3236 1501 933 1492 4791 3803 1297 1758 2326 3035 1600 414 2806 108 3143 501 1290 1264 4629 128 2235 3412 4909 4732 121 1750 3709 1187 1881 2062 3218 3163 3881 4205 4693 3621
4392 4895 431 818 1732 2360 3033 980 974 2021 1664 3854 2849 194 1766 594 2311 2497 676 4229 1469 256 1415 2160 2421 1536 3679 1401 1057 3977 1184 2595 2059 1393 3129 545 3847 4443 1144 3725 4849 1881 3875 3571 1027 1084 3697 3973 1155 4138
2607 90 3880 881 2406 3032 4459 3071 2268 2315 1275 2564 2944 4542 233 666 1055 4197 2311 4387 3435 1701 3962 1857 134 2436 4046 3904 3522 1875 3267 2923 659 475 2738 4177 4952 1437 90 4823 4290 2062 3571 2522 4894 2647 2171 2332 588 4902
4989 1148 4215 3632 4504 4770 2049 2547 1897 3472 3152 757 3473 1924 2088 1963 2798 566 4605 2278 1745 4301 2784 3949 1909 3350 4180 4757 2359 3776 4857 1491 4118 3558 2119 4267 4952 1559 4555 187 3417 3218 1027 4894 3065 881 193 668 1370 4295
2774 410 3538 1556 1542 116 4549 826 220 2678 3115 1704 569 4070 2982 3615 3229 4906 3614 4739 4427 2324 1329 4438 2661 2895 94 3666 2066 4364 1584 1597 2813 1068 4703 4096 4933 4694 3487 2566 1521 3163 1084 2647 881 3781 3320 3975 3103 1933
1137 551 2375 3594 134 3636 275 4186 3425 1453 374 1652 591 4714 3168 4785 4981 1524 1651 1410 3398 1509 628 962 3754 1552 26 1239 48 260 3437 3684 3895 4485 1748 3652 2816 3559 2590 4914 4201 3881 3697 2171 193 3320 4047 1450 3319 2575
3862 512 3296 3569 2976 3773 2664 3875 841 2471 4998 3610 855 2251 3824 4716 1027 3608 4193 697 4102 2058 4539 831 1506 190 2568 3815 2663 2788 1652 4568 576 92 57 1823 1663 2406 1816 3314 2092 4205 3973 2332 668 3975 1450 4184 1509 1906
1052 1965 2700 2509 2748 748 4173 2171 2361 2220 1882 4000 1920 4570 922 4794 1289 3765 2412 4758 1770 3602 2321 1124 3017 182 1080 3409 2588 1398 4985 3010 2958 986 2672 1901 77 3760 4884 3277 1906 4693 1155 588 1370 3103 3319 1509 1907 2333
3915 3771 996 3690 184 2562 2809 3355 621 3120 800 576 1736 2357 2908 1564 1737 4218 3905 977 2171 1219 2501 4877 207 3304 4079 890 2307 4060 4277 3210 857 1844 826 1905 4703 1064 893 4600 998 3621 4138 4902 4295 1933 2575 1906 2333 3776
