N: 50
M: 10
Symmetric: true
Triangle: false
4 34 7 6 41
7 21 40 44 4 10 15 39
6 37 43 33 20 23 14
3 9 13 3
6 46 17 16 35 19 2
5 28 32 45 8 47
5 11 24 30 5 31
4 36 29 22 38
6 50 49 42 25 27 26
4 12 18 1 48
1591 107 2940 4213 77 2402 55 398 1987 2328 2818 2734 3007 2686 1027 4909 659 1683 3188 80 2551 896 1501 4358 4341 4789 4080 3286 3763 4263 1473 1177 2615 604 4871 1678 4829 2745 73 2599 4803 3905 906 4282 2386 3193 126 4568 2670 925
107 2660 3916 4156 2752 1072 3077 1026 2549 1062 3396 2990 779 1595 1029 582 4498 536 1821 83 3611 453 3274 1313 1425 3607 4980 3775 2758 4714 4138 11 239 3691 4046 655 2701 3552 3748 1980 3693 3519 4178 1373 249 4029 2050 1846 1216 422
2940 3916 2545 3971 2696 4493 1428 2059 122 557 858 2733 4484 2795 2254 2224 2163 4583 3405 1605 1349 1199 3333 4643 2329 953 3611 1684 3359 4714 2554 4538 4044 3567 120 65 3573 2786 2830 3406 614 61 2261 2022 3479 4651 428 4443 4501 338
4213 4156 3971 2725 54 2988 692 2092 3008 3535 519 3297 3776 1949 3411 3850 4642 2692 719 2060 2910 853 2963 3821 2250 3999 2175 1551 1896 882 2115 4809 4034 2562 1284 1297 318 3460 3897 3317 4449 3146 4904 3826 2627 4105 4531 4019 1427 4822
77 2752 2696 54 2768 1344 1301 2041 504 3489 2595 4383 807 1311 3272 3086 4408 3544 4563 1108 4325 1264 2593 3286 2102 2692 2022 415 2185 3232 861 176 4050 4878 2479 3900 2666 2297 4799 3561 4408 3330 3048 1094 1978 2258 70 2128 876 436
2402 1072 4493 2988 1344 44 57 3396 4058 4100 3652 3471 2795 843 162 371 672 35 128 1821 2362 2221 323 377 1047 164 3099 3166 1328 3568 4434 2223 209 2901 2921 2488 3375 2316 3063 4100 1957 2226 4833 4567 2700 2876 4019 85 1039 4753
55 3077 1428 692 1301 57 2695 399 2572 3965 1000 2828 60 1226 916 2634 2726 393 151 2569 3628 4991 122 3846 4993 4680 3400 2151 1414 4910 2351 2300 1379 1941 3175 4639 3710 1429 4088 340 1328 4945 3330 3390 3451 4381 3282 1985 2008 3880
398 1026 2059 2092 2041 3396 399 3523 4857 2634 275 2492 157 330 4958 706 57 3343 1160 520 1035 1439 4173 2478 1950 2587 4120 2705 1382 4155 1142 648 3109 3552 4325 1960 1447 4240 1873 941 4724 1441 1008 2329 2953 902 534 3801 2923 239
1987 2549 122 3008 504 4058 2572 4857 3289 4555 4884 2516 4755 1575 1076 1200 4454 4304 2202 4159 3484 1248 2534 1141 3874 3835 4767 4770 3838 1232 330 1173 1256 723 756 3336 3256 4901 1418 3210 623 3473 371 4790 3219 3807 2863 1216 182 607
2328 1062 557 3535 3489 4100 3965 2634 4555 1198 2139 248 1460 2023 3807 848 124 4747 4012 2710 4386 4642 4218 3536 1988 427 325 4470 4291 1627 4844 1564 1350 4935 31 4033 2422 3029 3256 4383 1939 1004 244 152 3591 4337 807 4764 3708 353
2818 3396 858 519 2595 3652 1000 275 4884 2139 3800 79 522 2071 334 2646 3582 1835 2919 555 3635 2795 1467 3632 407 4207 1462 1126 3656 1086 2740 4250 1527 1398 204 1618 3757 3700 762 3917 1346 1215 2720 4514 3260 1926 3508 722 219 2014
2734 2990 2733 3297 4383 3471 2828 2492 2516 248 79 3992 4321 2383 3366 848 3012 3211 4139 2317 609 3717 1521 4677 4920 1947 4019 3950 3112 2458 3695 3607 3276 1871 2880 4924 2010 1672 699 3119 141 910 1449 1666 4177 1102 855 4366 1405 578
3007 779 4484 3776 807 2795 60 157 4755 1460 522 4321 1971 4788 4405 4105 1072 734 3135 329 826 777 1688 4572 318 1167 121 3199 1079 3429 3429 125 25 122 1967 4037 4906 275 1234 1454 3445 326 3386 4265 4942 3056 217 1293 4047 2585
2686 1595 2795 1949 1311 843 1226 330 1575 2023 2071 2383 4788 3472 2230 3651 4065 2875 4041 1210 3395 1587 540 4049 3867 1631 1515 2062 2317 646 271 3129 2532 1904 1355 2696 1853 3655 78 808 679 2983 3284 463 2555 4013 2533 4485 1437 3448
1027 1029 2254 3411 3272 162 916 4958 1076 3807 334 3366 4405 2230 2629 2487 3798 2303 2011 137 140 3995 3463 467 256 3683 4004 802 2368 3582 1919 3446 1319 3971 868 4118 1639 4418 3294 1749 2337 1504 2797 4441 1731 4388 3097 2048 4968 4079
4909 582 2224 3850 3086 371 2634 706 1200 848 2646 848 4105 3651 2487 4661 341 2074 2647 300 2354 348 3918 428 1820 2718 3217 1728 4338 3832 3826 1900 1122 2918 1486 355 3849 3606 1298 1382 2644 3977 3859 522 3069 1881 3051 515 4834 4462
659 4498 2163 4642 4408 672 2726 57 4454 124 3582 3012 1072 4065 3798 341 4608 4748 3915 2398 2269 2723 4983 1393 3642 2610 3466 3390 1650 593 2795 4808 4194 215 2221 4802 4050 3578 4195 2541 724 3420 1512 4356 2011 1829 339 3935 2669 3476
1683 536 4583 2692 3544 35 393 3343 4304 4747 1835 3211 734 2875 2303 2074 4748 388 86 1750 3270 3379 1476 831 846 1180 4965 868 875 3857 916 4889 2217 1466 712 2482 4668 2953 1322 1313 3260 3894 2983 3339 3191 3565 1586 986 2799 2395
3188 1821 3405 719 4563 128 151 1160 2202 4012 2919 4139 3135 4041 2011 2647 3915 86 2881 839 72 1476 2796 4772 3174 308 1514 2980 828 2508 2818 1223 2740 3407 4536 384 3584 1602 73 177 369 4535 3548 4877 905 3018 3356 482 917 1300
80 83 1605 2060 1108 1821 2569 520 4159 2710 555 2317 329 1210 137 300 2398 1750 839 1645 1282 2503 728 4167 1844 3845 3734 3020 2603 1745 589 3216 1586 4669 437 4387 4550 87 710 4328 527 2473 1500 2615 1099 2135 1416 1711 2479 2423
2551 3611 1349 2910 4325 2362 3628 1035 3484 4386 3635 609 826 3395 140 2354 2269 3270 72 1282 4889 3210 1449 1204 3643 2900 806 2266 3410 2595 2730 817 506 1811 92 2796 4547 4383 2302 4428 950 1903 3715 4402 1685 3870 1356 2234 4387 4818
896 453 1199 853 1264 2221 4991 1439 1248 4642 2795 3717 777 1587 3995 348 2723 3379 1476 2503 3210 860 1199 3919 2823 2871 70 1502 1923 3857 3657 3840 1761 729 3681 4798 4987 3865 4055 3385 3936 2220 4632 4602 24 389 4399 4701 1428 1826
1501 3274 3333 2963 2593 323 122 4173 2534 4218 1467 1521 1688 540 3463 3918 4983 1476 2796 728 1449 1199 1526 1818 1714 579 2728 3417 4002 2934 2780 1774 1983 3160 4960 651 4224 3161 4422 2066 4130 702 4968 1542 1153 2056 2727 1383 2866 4765
4358 1313 4643 3821 3286 377 3846 2478 1141 3536 3632 4677 4572 4049 467 428 1393 831 4772 4167 1204 3919 1818 4311 3099 405 1541 3851 1538 603 3752 3200 79 3728 4998 3966 223 789 725 2478 4288 3350 4903 3499 3218 2393 192 3511 1221 4558
4341 1425 2329 2250 2102 1047 4993 1950 3874 1988 407 4920 318 3867 256 1820 3642 846 3174 1844 3643 2823 1714 3099 766 3799 4218 1362 3665 3176 605 2288 4663 3014 2598 4345 4489 4168 2218 4522 4559 1992 777 730 2382 4787 306 3637 2394 3651
4789 3607 953 3999 2692 164 4680 2587 3835 427 4207 1947 1167 1631 3683 2718 2610 1180 308 3845 2900 2871 579 405 3799 2136 3797 2748 3028 1257 4037 585 432 2656 4350 783 2395 2764 1971 1553 4582 3689 1988 425 4329 124 2618 3054 714 4751
4080 4980 3611 2175 2022 3099 3400 4120 4767 325 1462 4019 121 1515 4004 3217 3466 4965 1514 3734 806 70 2728 1541 4218 3797 3210 1926 1705 1186 696 1119 1921 3899 1641 2550 2147 1339 4026 1725 4026 1258 648 51 2388 2481 3673 1816 618 1499
3286 3775 1684 1551 415 3166 2151 2705 4770 4470 1126 3950 3199 2062 802 1728 3390 868 2980 3020 2266 1502 3417 3851 1362 2748 1926 207 4551 192 3644 700 2339 4910 3367 3854 1918 399 2538 839 3450 383 1603 4518 2054 391 1214 1922 1253 2626
3763 2758 3359 1896 2185 1328 1414 1382 3838 4291 3656 3112 1079 2317 2368 4338 1650 875 828 2603 3410 1923 4002 1538 3665 3028 1705 4551 4671 4671 3535 657 4684 2643 1724 2163 3016 1059 67 1380 4431 1477 2588 4339 2972 2598 104 561 1313 1467
4263 4714 4714 882 3232 3568 4910 4155 1232 1627 1086 2458 3429 646 3582 3832 593 3857 2508 1745 2595 3857 2934 603 3176 1257 1186 192 4671 894 2113 2698 2232 4578 4139 3853 4246 3257 116 2214 3175 2658 1342 4448 1529 1032 3010 3708 4837 2752
1473 4138 2554 2115 861 4434 2351 1142 330 4844 2740 3695 3429 271 1919 3826 2795 916 2818 589 2730 3657 2780 3752 605 4037 696 3644 3535 2113 1454 4097 2118 3253 4662 3022 3840 2982 3893 3824 2223 3916 3072 3223 4716 2387 2990 1635 4979 1301
1177 11 4538 4809 176 2223 2300 648 1173 1564 4250 3607 125 3129 3446 1900 4808 4889 1223 3216 817 3840 1774 3200 2288 585 1119 700 657 2698 4097 2244 3389 4898 341 941 4041 4538 4890 2088 1769 2942 2099 1787 1841 2215 3908 4498 250 2531
2615 239 4044 4034 4050 209 1379 3109 1256 1350 1527 3276 25 2532 1319 1122 4194 2217 2740 1586 506 1761 1983 79 4663 432 1921 2339 4684 2232 2118 3389 389 3705 903 1140 2957 4116 2649 3966 3823 4985 3401 4916 3502 4430 2776 4572 3601 1215
604 3691 3567 2562 4878 2901 1941 3552 723 4935 1398 1871 122 1904 3971 2918 215 1466 3407 4669 1811 729 3160 3728 3014 2656 3899 4910 2643 4578 3253 4898 3705 3783 3001 1493 3551 4222 1468 1279 4528 2230 1059 3073 2824 3743 2904 613 3565 4655
4871 4046 120 1284 2479 2921 3175 4325 756 31 204 2880 1967 1355 868 1486 2221 712 4536 437 92 3681 4960 4998 2598 4350 1641 3367 1724 4139 4662 341 903 3001 4839 1292 1138 2003 224 2843 2472 4505 1381 2233 1204 4485 4802 4728 480 2986
1678 655 65 1297 3900 2488 4639 1960 3336 4033 1618 4924 4037 2696 4118 355 4802 2482 384 4387 2796 4798 651 3966 4345 783 2550 3854 2163 3853 3022 941 1140 1493 1292 3381 4492 2866 2561 2913 33 3740 4405 916 2875 4214 1195 1291 4230 1047
4829 2701 3573 318 2666 3375 3710 1447 3256 2422 3757 2010 4906 1853 1639 3849 4050 4668 3584 4550 4547 4987 4224 223 4489 2395 2147 1918 3016 4246 3840 4041 2957 3551 1138 4492 3246 1834 2676 1535 3085 227 534 4225 3020 4414 1498 973 2620 4022
2745 3552 2786 3460 2297 2316 1429 4240 4901 3029 3700 1672 275 3655 4418 3606 3578 2953 1602 87 4383 3865 3161 789 4168 2764 1339 399 1059 3257 2982 4538 4116 4222 2003 2866 1834 2697 4554 2576 4718 82 747 4163 1776 4014 2413 238 1526 210
73 3748 2830 3897 4799 3063 4088 1873 1418 3256 762 699 1234 78 3294 1298 4195 1322 73 710 2302 4055 4422 725 2218 1971 4026 2538 67 116 3893 4890 2649 1468 224 2561 2676 4554 4481 918 1628 4886 4349 510 3812 3105 462 349 2735 3647
2599 1980 3406 3317 3561 4100 340 941 3210 4383 3917 3119 1454 808 1749 1382 2541 1313 177 4328 4428 3385 2066 2478 4522 1553 1725 839 1380 2214 3824 2088 3966 1279 2843 2913 1535 2576 918 4429 249 618 3122 2452 4087 560 4364 3726 932 3736
4803 3693 614 4449 4408 1957 1328 4724 623 1939 1346 141 3445 679 2337 2644 724 3260 369 527 950 3936 4130 4288 4559 4582 4026 3450 4431 3175 2223 1769 3823 4528 2472 33 3085 4718 1628 249 431 3362 518 4730 903 1746 1086 4937 941 4669
3905 3519 61 3146 3330 2226 4945 1441 3473 1004 1215 910 326 2983 1504 3977 3420 3894 4535 2473 1903 2220 702 3350 1992 3689 1258 383 1477 2658 3916 2942 4985 2230 4505 3740 227 82 4886 618 3362 2663 790 1668 731 3065 3668 331 4974 4732
906 4178 2261 4904 3048 4833 3330 1008 371 244 2720 1449 3386 3284 2797 3859 1512 2983 3548 1500 3715 4632 4968 4903 777 1988 648 1603 2588 1342 3072 2099 3401 1059 1381 4405 534 747 4349 3122 518 790 1333 3074 1527 4630 3717 1116 1423 3341
4282 1373 2022 3826 1094 4567 3390 2329 4790 152 4514 1666 4265 463 4441 522 4356 3339 4877 2615 4402 4602 1542 3499 730 425 51 4518 4339 4448 3223 1787 4916 3073 2233 916 4225 4163 510 2452 4730 1668 3074 1002 3836 273 3025 1169 1628 426
2386 249 3479 2627 1978 2700 3451 2953 3219 3591 3260 4177 4942 2555 1731 3069 2011 3191 905 1099 1685 24 1153 3218 2382 4329 2388 2054 2972 1529 4716 1841 3502 2824 1204 2875 3020 1776 3812 4087 903 731 1527 3836 3825 1446 2277 616 4787 2853
3193 4029 4651 4105 2258 2876 4381 902 3807 4337 1926 1102 3056 4013 4388 1881 1829 3565 3018 2135 3870 389 2056 2393 4787 124 2481 391 2598 1032 2387 2215 4430 3743 4485 4214 4414 4014 3105 560 1746 3065 4630 273 1446 64 4656 1391 3765 1973
126 2050 428 4531 70 4019 3282 534 2863 807 3508 855 217 2533 3097 3051 339 1586 3356 1416 1356 4399 2727 192 306 2618 3673 1214 104 3010 2990 3908 2776 2904 4802 1195 1498 2413 462 4364 1086 3668 3717 3025 2277 4656 1795 2269 2658 2669
4568 1846 4443 4019 2128 85 1985 3801 1216 4764 722 4366 1293 4485 2048 515 3935 986 482 1711 2234 4701 1383 3511 3637 3054 1816 1922 561 3708 1635 4498 4572 613 4728 1291 973 238 349 3726 4937 331 1116 1169 616 1391 2269 1855 627 4708
2670 1216 4501 1427 876 1039 2008 2923 182 3708 219 1405 4047 1437 4968 4834 2669 2799 917 2479 4387 1428 2866 1221 2394 714 618 1253 1313 4837 4979 250 3601 3565 480 4230 2620 1526 2735 932 941 4974 1423 1628 4787 3765 2658 627 249 3161
925 422 338 4822 436 4753 3880 239 607 353 2014 578 2585 3448 4079 4462 3476 2395 1300 2423 4818 1826 4765 4558 3651 4751 1499 2626 1467 2752 1301 2531 1215 4655 2986 1047 4022 210 3647 3736 4669 4732 3341 426 2853 1973 2669 4708 3161 1091
