N: 50
M: 10
Symmetric: true
Triangle: false
7 6 45 4 33 27 41 44
4 14 28 38 42
4 26 19 23 37
9 13 47 46 35 30 7 29 34 39
3 9 40 18
2 32 24
5 10 5 11 31 17
5 3 2 12 21 16
5 43 36 1 50 49
6 22 20 15 8 48 25
755 3996 153 1204 874 4061 1908 1273 1061 1567 586 2081 379 1143 1814 4585 2569 1913 3673 4950 4653 2983 1327 1948 4954 4057 4761 961 903 2228 4239 3146 2070 1068 419 2316 1802 2936 4348 3101 4223 1898 2335 1980 4066 115 2872 4266 16 1912
3996 776 1778 3620 2898 2664 2207 3601 3035 3215 136 4489 1465 703 584 4720 1968 1016 650 4742 569 1528 3189 1221 1260 4956 749 298 1024 669 4834 2529 4446 3742 836 503 2993 2009 4661 4986 477 1731 2786 3388 1484 4225 4544 1766 3160 963
153 1778 802 3075 971 788 1260 4206 3756 2035 4694 4524 4414 2450 4854 71 1737 2751 119 451 3382 3532 858 1570 3323 4560 4110 749 2931 2793 2547 602 770 3085 2806 2124 3553 2102 3374 4859 444 2946 357 4514 3169 1163 4107 3444 915 4809
1204 3620 3075 3638 4011 1945 1694 4720 1855 2775 55 3936 1759 130 4776 1991 940 1784 1099 2334 4744 2756 4174 4374 4482 1036 1321 1188 4875 3304 253 4666 1626 4265 2103 2165 3237 2281 327 4725 2490 4774 1296 259 3318 63 222 1596 1931 2227
874 2898 971 4011 1956 3075 1192 565 494 3161 2761 334 3649 3968 4704 4014 2993 245 731 1729 4461 989 4433 4184 4184 3420 4370 2921 2057 2834 3973 1029 2541 3218 1450 595 4418 445 1359 1801 4133 3177 1871 4532 672 2658 1700 3884 4664 3524
4061 2664 788 1945 3075 2784 3278 4962 2082 3551 2281 3094 1822 3023 2172 3441 1574 920 3899 978 3597 3994 904 2717 4279 1473 1968 2546 2773 564 1816 2621 4578 1896 4903 3175 2292 1961 2266 4222 138 1279 1765 3833 2792 2064 1119 4196 2109 525
1908 2207 1260 1694 1192 3278 4724 1202 2096 4672 3634 3283 1217 501 2279 4423 4639 1389 3376 2129 358 4095 4022 1029 2771 3065 1715 3018 4380 4834 247 1875 2702 1382 1747 252 830 1293 4190 1976 296 2098 4148 4019 3679 1489 4097 4559 2623 1343
1273 3601 4206 4720 565 4962 1202 2064 2880 1393 2380 806 3485 3187 4398 796 3617 4337 2382 2547 4285 3215 3143 4981 1115 4550 4849 4543 1115 4989 1267 4209 939 1008 2395 4320 4335 1971 1734 2584 1011 1456 2478 3667 70 2707 4921 4404 1665 4388
1061 3035 3756 1855 494 2082 2096 2880 1786 971 4758 3965 3718 4500 2646 1461 747 416 2276 2774 4514 2403 4959 1791 4042 3578 2443 3874 4445 1441 1531 689 4587 206 739 2842 3429 2089 3520 2936 1208 3384 2613 4233 2365 3780 1376 3134 2801 1554
1567 3215 2035 2775 3161 3551 4672 1393 971 4847 2291 4090 3867 1811 2964 3546 980 1666 316 2839 931 2654 937 897 1847 4884 29 3479 3294 1539 2626 1224 3609 1338 1674 3995 91 54 4986 303 527 4084 2191 4557 3845 4069 118 1378 992 91
586 136 4694 55 2761 2281 3634 2380 4758 2291 223 4583 4588 4941 4468 3431 2026 4662 77 2300 885 3623 4246 3687 1106 41 1377 4962 3034 3806 2926 355 2660 1225 4118 2686 1918 3230 1506 4315 2436 2205 1814 798 4054 935 967 4738 878 3212
2081 4489 4524 3936 334 3094 3283 806 3965 4090 4583 3351 1132 2816 80 3229 2674 3876 2206 4450 2092 4767 1111 1132 2570 1921 1300 14 2069 535 1760 1682 4807 2049 430 2252 4499 3113 4615 504 510 3817 3747 4890 1281 3284 289 1698 1831 2710
379 1465 4414 1759 3649 1822 1217 3485 3718 3867 4588 1132 2309 1030 4828 2587 4387 3380 1822 1841 2546 1514 410 4291 4968 1399 4421 1916 1893 766 1374 2891 4519 2653 1758 2425 4015 3359 2081 1752 3993 3451 4780 4817 22 4359 377 2868 4941 62
1143 703 2450 130 3968 3023 501 3187 4500 1811 4941 2816 1030 626 1605 3612 2835 543 3074 834 4138 3853 1223 3948 4996 2633 2993 1186 1474 4984 3450 1083 509 4474 1863 3472 2483 3741 1126 268 2125 2373 639 423 1360 489 2826 2709 2049 2215
1814 584 4854 4776 4704 2172 2279 4398 2646 2964 4468 80 4828 1605 3592 3906 317 1630 3546 4793 532 4222 1046 3405 1591 3957 1553 1591 2491 813 4904 1666 2050 1610 4329 3685 655 1546 801 4614 3480 4054 3610 555 4560 713 3848 4825 4110 2631
4585 4720 71 1991 4014 3441 4423 796 1461 3546 3431 3229 2587 3612 3906 442 2993 4646 4207 4728 154 2338 1875 730 1239 466 3895 3437 3427 395 2440 4782 3697 3832 899 2375 3336 1800 4074 251 334 2367 225 2353 2854 3446 992 4670 1264 1671
2569 1968 1737 940 2993 1574 4639 3617 747 980 2026 2674 4387 2835 317 2993 2168 4685 2265 4099 992 4349 1347 2711 3852 3898 3088 1184 3841 4706 2925 3273 971 128 3318 3112 2823 1537 4826 498 2967 1609 2063 3503 3576 42 208 4886 4734 889
1913 1016 2751 1784 245 920 1389 4337 416 1666 4662 3876 3380 543 1630 4646 4685 4207 3393 1359 2920 274 2027 4798 986 2927 4108 3615 2271 1867 1336 745 1226 4189 3873 4710 4010 394 2566 2822 4636 4653 3455 1328 2591 2855 2454 739 717 2177
3673 650 119 1099 731 3899 3376 2382 2276 316 77 2206 1822 3074 3546 4207 2265 3393 4630 1462 4379 181 3617 3392 3715 648 4630 1481 1495 2098 4614 4391 4673 252 2834 4968 4845 208 2802 467 3351 1661 3353 1506 1128 4051 3473 3009 3094 4624
4950 4742 451 2334 1729 978 2129 2547 2774 2839 2300 4450 1841 834 4793 4728 4099 1359 1462 3902 4658 176 1910 2560 2813 3496 1060 2785 2133 3047 3491 2155 973 3600 3765 103 4705 4127 2657 1277 3623 1048 4490 1753 2447 1286 229 2960 166 1134
4653 569 3382 4744 4461 3597 358 4285 4514 931 885 2092 2546 4138 532 154 992 2920 4379 4658 1790 3512 3829 4522 840 662 4142 4761 2671 3881 4496 4268 359 1840 2385 2180 1995 1939 669 577 4428 3277 4569 3062 2129 3461 3122 3860 1705 4787
2983 1528 3532 2756 989 3994 4095 3215 2403 2654 3623 4767 1514 3853 4222 2338 4349 274 181 176 3512 1690 3438 1710 833 3204 1253 2237 1139 4436 4372 4847 1944 1685 339 1934 3619 4408 106 1684 2836 1215 2362 4006 627 2713 1743 1028 3280 1030
1327 3189 858 4174 4433 904 4022 3143 4959 937 4246 1111 410 1223 1046 1875 1347 2027 3617 1910 3829 3438 665 694 3225 1025 3430 1119 1248 4910 4012 4764 2567 2516 486 4804 578 2564 1654 4941 870 1969 144 3287 4096 4562 3757 4069 564 2982
1948 1221 1570 4374 4184 2717 1029 4981 1791 897 3687 1132 4291 3948 3405 730 2711 4798 3392 2560 4522 1710 694 3249 4063 737 4945 2179 3413 3855 2416 235 704 1526 686 2910 914 1706 1580 3897 3106 3553 2311 599 2962 3436 2783 1644 1146 2822
4954 1260 3323 4482 4184 4279 2771 1115 4042 1847 1106 2570 4968 4996 1591 1239 3852 986 3715 2813 840 833 3225 4063 3637 4025 452 2487 600 644 4550 3475 266 4182 356 259 3411 2231 2592 104 1175 223 1764 4015 2490 3993 1982 4673 4046 919
4057 4956 4560 1036 3420 1473 3065 4550 3578 4884 41 1921 1399 2633 3957 466 3898 2927 648 3496 662 3204 1025 737 4025 2369 2915 1576 4482 1331 2904 566 272 3766 1327 1537 1992 2631 3970 3605 3548 2504 2964 3026 4744 240 1067 818 2371 4681
4761 749 4110 1321 4370 1968 1715 4849 2443 29 1377 1300 4421 2993 1553 3895 3088 4108 4630 1060 4142 1253 3430 4945 452 2915 2648 1312 4340 3163 436 3135 4776 230 80 3564 3417 3488 44 140 2190 2487 3978 3634 1769 2345 909 41 2186 3819
961 298 749 1188 2921 2546 3018 4543 3874 3479 4962 14 1916 1186 1591 3437 1184 3615 1481 2785 4761 2237 1119 2179 2487 1576 1312 1676 4640 1696 830 3086 3372 4286 3387 1231 4874 291 1562 415 4582 409 1244 2682 2056 346 3291 4221 4462 3231
903 1024 2931 4875 2057 2773 4380 1115 4445 3294 3034 2069 1893 1474 2491 3427 3841 2271 1495 2133 2671 1139 1248 3413 600 4482 4340 4640 1717 3945 4001 1164 4510 2002 2574 3513 3807 2665 130 2874 1746 4398 4954 2091 1342 2423 3240 4357 1379 804
2228 669 2793 3304 2834 564 4834 4989 1441 1539 3806 535 766 4984 813 395 4706 1867 2098 3047 3881 4436 4910 3855 644 1331 3163 1696 3945 1404 4583 540 666 3011 4876 3339 1526 1757 1133 3411 4033 2707 1890 1851 4572 3320 1606 3510 1359 1203
4239 4834 2547 253 3973 1816 247 1267 1531 2626 2926 1760 1374 3450 4904 2440 2925 1336 4614 3491 4496 4372 4012 2416 4550 2904 436 830 4001 4583 1615 815 2729 92 2053 2770 4052 335 4301 3340 4314 772 155 266 3673 1038 1897 958 3063 3054
3146 2529 602 4666 1029 2621 1875 4209 689 1224 355 1682 2891 1083 1666 4782 3273 745 4391 2155 4268 4847 4764 235 3475 566 3135 3086 1164 540 815 864 3808 3596 1770 2324 707 2536 2538 82 4682 3319 4750 2487 1305 4534 2623 1065 1251 2541
2070 4446 770 1626 2541 4578 2702 939 4587 3609 2660 4807 4519 509 2050 3697 971 1226 4673 973 359 1944 2567 704 266 272 4776 3372 4510 666 2729 3808 4247 4098 3545 2313 4920 2814 3990 1168 3240 631 1733 1498 2483 3129 4595 272 2173 284
1068 3742 3085 4265 3218 1896 1382 1008 206 1338 1225 2049 2653 4474 1610 3832 128 4189 252 3600 1840 1685 2516 1526 4182 3766 230 4286 2002 3011 92 3596 4098 3069 4408 4295 606 4304 4133 1544 4127 4642 2586 3996 3113 1058 4964 2928 37 1044
419 836 2806 2103 1450 4903 1747 2395 739 1674 4118 430 1758 1863 4329 899 3318 3873 2834 3765 2385 339 486 686 356 1327 80 3387 2574 4876 2053 1770 3545 4408 2837 2573 1052 1594 4228 1961 3721 1505 2159 295 968 2369 3564 55 2131 1512
2316 503 2124 2165 595 3175 252 4320 2842 3995 2686 2252 2425 3472 3685 2375 3112 4710 4968 103 2180 1934 4804 2910 259 1537 3564 1231 3513 3339 2770 2324 2313 4295 2573 2495 2977 1362 3997 243 2790 2657 3757 1673 4332 2415 3827 218 1489 2380
1802 2993 3553 3237 4418 2292 830 4335 3429 91 1918 4499 4015 2483 655 3336 2823 4010 4845 4705 1995 3619 578 914 3411 1992 3417 4874 3807 1526 4052 707 4920 606 1052 2977 899 2949 4994 4608 1528 3598 1496 2294 3734 2724 2227 4044 4326 3777
2936 2009 2102 2281 445 1961 1293 1971 2089 54 3230 3113 3359 3741 1546 1800 1537 394 208 4127 1939 4408 2564 1706 2231 2631 3488 291 2665 1757 335 2536 2814 4304 1594 1362 2949 2929 1978 4205 4638 3793 3442 1722 3459 2217 2900 4653 1498 680
4348 4661 3374 327 1359 2266 4190 1734 3520 4986 1506 4615 2081 1126 801 4074 4826 2566 2802 2657 669 106 1654 1580 2592 3970 44 1562 130 1133 4301 2538 3990 4133 4228 3997 4994 1978 1434 965 2426 1906 3532 477 2753 1897 4340 610 4597 1850
3101 4986 4859 4725 1801 4222 1976 2584 2936 303 4315 504 1752 268 4614 251 498 2822 467 1277 577 1684 4941 3897 104 3605 140 415 2874 3411 3340 82 1168 1544 1961 243 4608 4205 965 2544 406 4490 4519 3748 390 3975 4616 2987 1994 826
4223 477 444 2490 4133 138 296 1011 1208 527 2436 510 3993 2125 3480 334 2967 4636 3351 3623 4428 2836 870 3106 1175 3548 2190 4582 1746 4033 4314 4682 3240 4127 3721 2790 1528 4638 2426 406 2497 3844 594 2837 4018 1534 4773 201 146 2690
1898 1731 2946 4774 3177 1279 2098 1456 3384 4084 2205 3817 3451 2373 4054 2367 1609 4653 1661 1048 3277 1215 1969 3553 223 2504 2487 409 4398 2707 772 3319 631 4642 1505 2657 3598 3793 1906 4490 3844 2394 681 1642 3362 1988 2123 2286 3267 1033
2335 2786 357 1296 1871 1765 4148 2478 2613 2191 1814 3747 4780 639 3610 225 2063 3455 3353 4490 4569 2362 144 2311 1764 2964 3978 1244 4954 1890 155 4750 1733 2586 2159 3757 1496 3442 3532 4519 594 681 4334 97 4676 2687 3150 2923 3363 659
1980 3388 4514 259 4532 3833 4019 3667 4233 4557 798 4890 4817 423 555 2353 3503 1328 1506 1753 3062 4006 3287 599 4015 3026 3634 2682 2091 1851 266 2487 1498 3996 295 1673 2294 1722 477 3748 2837 1642 97 2858 806 3208 2176 772 4412 1280
4066 1484 3169 3318 672 2792 3679 70 2365 3845 4054 1281 22 1360 4560 2854 3576 2591 1128 2447 2129 627 4096 2962 2490 4744 1769 2056 1342 4572 3673 1305 2483 3113 968 4332 3734 3459 2753 390 4018 3362 4676 806 4868 3393 4741 2279 3093 1104
115 4225 1163 63 2658 2064 1489 2707 3780 4069 935 3284 4359 489 713 3446 42 2855 4051 1286 3461 2713 4562 3436 3993 240 2345 346 2423 3320 1038 4534 3129 1058 2369 2415 2724 2217 1897 3975 1534 1988 2687 3208 3393 693 1626 2941 3281 2672
2872 4544 4107 222 1700 1119 4097 4921 1376 118 967 289 377 2826 3848 992 208 2454 3473 229 3122 1743 3757 2783 1982 1067 909 3291 3240 1606 1897 2623 4595 4964 3564 3827 2227 2900 4340 4616 4773 2123 3150 2176 4741 1626 3395 1671 1040 3487
4266 1766 3444 1596 3884 4196 4559 4404 3134 1378 4738 1698 2868 2709 4825 4670 4886 739 3009 2960 3860 1028 4069 1644 4673 818 41 4221 4357 3510 958 1065 272 2928 55 218 4044 4653 610 2987 201 2286 2923 772 2279 2941 1671 3056 2795 2943
16 3160 915 1931 4664 2109 2623 1665 2801 992 878 1831 4941 2049 4110 1264 4734 717 3094 166 1705 3280 564 1146 4046 2371 2186 4462 1379 1359 3063 1251 2173 37 2131 1489 4326 1498 4597 1994 146 3267 3363 4412 3093 3281 1040 2795 2126 684
1912 963 4809 2227 3524 525 1343 4388 1554 91 3212 2710 62 2215 2631 1671 889 2177 4624 1134 4787 1030 2982 2822 919 4681 3819 3231 804 1203 3054 2541 284 1044 1512 2380 3777 680 1850 826 2690 1033 659 1280 1104 2672 3487 2943 684 1187
