N: 50
M: 10
Symmetric: true
Triangle: false
7 47 32 41 38 29 27 37
3 9 21 44
5 50 24 6 28 2
6 26 16 36 3 18 39
5 5 34 48 31 10
9 15 4 35 23 46 13 7 30 22
3 17 12 19
5 20 42 8 49 11
5 25 33 40 14 45
2 43 1
2125 2480 3569 4121 4761 3122 2247 272 988 3291 1869 3321 3643 4131 1518 3951 2712 1847 4941 3013 3362 2554 1089 3055 3410 4537 192 832 3198 3394 2199 3752 2743 421 2023 4635 4581 3265 469 3821 4309 2393 1508 283 1100 243 1609 4687 4071 2785
2480 256 980 2913 2180 2817 1921 3558 4516 764 1888 3181 4115 4018 259 164 1819 4811 527 1833 2621 488 2907 2923 126 4714 2571 1752 3019 3869 2548 1758 2518 1577 821 570 228 3419 214 4155 2707 4743 1691 1546 2422 4816 2548 2528 1651 1509
3569 980 3195 2240 1387 756 2420 395 2717 4672 828 1795 307 2556 91 4451 36 3451 2165 3398 4757 4522 3184 471 1631 3579 2531 4628 1055 1763 831 455 3691 637 3928 948 4185 2024 4771 2802 4851 4612 1065 4877 589 1615 597 4325 4021 3677
4121 2913 2240 1296 1302 1605 1008 2852 1110 1779 4664 3862 2876 1837 4603 2869 4722 1783 3587 588 2128 4761 2286 671 1148 4722 1432 862 2171 2228 2588 544 4485 676 4710 3855 4717 3428 518 2389 3770 1300 2737 3178 4209 523 921 3905 1411 1797
4761 2180 1387 1302 1003 3505 722 3544 1125 2325 271 1163 3706 2697 1680 4666 1176 2220 1293 910 1343 4783 826 2595 2540 610 4074 2647 2045 2638 1940 341 285 2550 3500 506 408 1116 799 2928 3464 3778 2163 2455 4189 1594 1668 2123 4439 4582
3122 2817 756 1605 3505 1354 3243 100 285 3117 637 4347 1598 4087 1414 1849 1778 1683 4992 276 2777 4978 640 1406 2315 172 2230 3410 1400 4860 3988 4829 2306 2629 2484 3876 4941 2059 3469 1634 1245 3201 4691 2329 3603 972 4809 4231 4396 2913
2247 1921 2420 1008 722 3243 907 3264 1014 1470 4307 4975 1466 3032 2510 4698 4480 840 3599 4801 1067 1331 3566 3105 2097 1350 2296 1143 2537 2440 2802 663 3969 414 3435 3963 1541 3539 4607 3317 115 4201 1350 2372 877 557 1140 418 3807 2113
272 3558 395 2852 3544 100 3264 2594 608 2526 2731 4285 1772 4651 600 2479 1835 2670 844 1102 3418 3982 1227 2623 2353 4288 1465 3525 701 1200 2851 1454 4633 1678 1728 4612 3256 1488 2413 154 123 2112 4843 2444 3504 3005 1540 1875 188 126
988 4516 2717 1110 1125 285 1014 608 134 4043 2294 4495 3561 4230 3490 2960 1520 2933 1468 4622 2998 1392 3732 1345 1704 1476 4170 3480 3995 715 2181 1540 3793 1753 4099 543 854 2276 2142 2740 1032 943 1420 4647 1651 4912 3802 4954 1954 3610
3291 764 4672 1779 2325 3117 1470 2526 4043 3680 1007 2123 4170 1408 4737 1688 294 1986 1940 4183 1088 712 4075 4156 3501 3553 2286 3608 2856 3482 4639 3441 2627 1129 2533 526 3099 4746 4182 3324 2577 2976 3726 1407 1375 3756 3097 1532 4315 2421
1869 1888 828 4664 271 637 4307 2731 2294 1007 3058 3085 1091 408 3571 4989 4474 2217 2836 2756 3360 3801 2669 2388 3862 3231 3893 1681 2867 3913 2329 1643 1837 2437 4969 778 668 243 2172 3864 4890 1242 173 3718 4877 4240 2060 4529 2295 579
3321 3181 1795 3862 1163 4347 4975 4285 4495 2123 3085 784 2996 1535 3894 4943 1942 3050 3151 1826 2424 4575 4065 2607 2414 3272 2737 3838 179 2285 3171 3509 2805 2331 567 3282 1784 4006 4260 616 4161 1118 4630 2214 3180 1951 456 2423 433 511
3643 4115 307 2876 3706 1598 1466 1772 3561 4170 1091 2996 4315 3485 1191 4290 4133 2950 1575 1705 362 1928 4642 944 2909 2341 2139 2244 924 178 3454 869 3246 3100 1426 1388 732 2965 4394 1432 480 1649 2750 3249 3210 650 252 2244 3142 1436
4131 4018 2556 1837 2697 4087 3032 4651 4230 1408 408 1535 3485 582 3531 850 2415 4186 4491 1740 785 1412 4622 2094 4889 3298 3034 2054 3883 4466 4419 579 4086 3144 3725 2928 502 4017 4179 2426 4379 2957 731 1600 723 2529 4488 2838 2784 2627
1518 259 91 4603 1680 1414 2510 600 3490 4737 3571 3894 1191 3531 3475 1973 4384 684 1325 2480 3912 2957 4652 2557 3381 2959 1510 456 3938 1065 2563 4941 440 3217 415 856 2478 463 2961 611 3092 3249 1625 1352 3838 4685 3694 1580 4045 3551
3951 164 4451 2869 4666 1849 4698 2479 2960 1688 4989 4943 4290 850 1973 651 2232 481 3019 224 4511 2785 3933 3575 1984 1911 3813 1179 3695 3064 688 579 2389 2327 3418 840 1595 2468 1936 705 1833 1521 1388 2518 4200 3606 1963 2894 3333 1309
2712 1819 36 4722 1176 1778 4480 1835 1520 294 4474 1942 4133 2415 4384 2232 1725 1057 2214 1008 390 2066 4358 2035 2795 2040 3914 181 1742 1470 2220 1334 1588 2592 176 1916 2487 4059 2590 324 4605 3810 2833 3472 1925 4226 2595 2516 4086 4013
1847 4811 3451 1783 2220 1683 840 2670 2933 1986 2217 3050 2950 4186 684 481 1057 3921 587 4108 3263 3184 570 2423 3232 3198 1475 2956 2589 601 1650 1164 2563 4842 2676 3944 2517 3932 316 1871 831 3065 1938 3214 1001 2239 983 1649 1334 4910
4941 527 2165 3587 1293 4992 3599 844 1468 1940 2836 3151 1575 4491 1325 3019 2214 587 4655 3435 3857 1439 4135 1505 2948 4261 2654 2517 1033 4219 3541 4273 2184 1418 1091 1239 3074 740 2063 3114 3298 309 1418 2467 1159 2009 4996 3263 3683 1824
3013 1833 3398 588 910 276 4801 1102 4622 4183 2756 1826 1705 1740 2480 224 1008 4108 3435 2796 4371 1446 1058 2879 2428 4160 1136 2552 691 1018 2701 1220 3708 4376 4457 2857 4149 549 1986 2613 3321 1274 277 4643 1326 1433 4080 3957 2473 1749
3362 2621 4757 2128 1343 2777 1067 3418 2998 1088 3360 2424 362 785 3912 4511 390 3263 3857 4371 675 2510 2536 1039 3165 3892 4613 3335 4779 1648 770 2250 4626 3982 130 4122 1368 3798 2494 4928 3245 4747 1424 542 132 2892 4235 597 1729 3806
2554 488 4522 4761 4783 4978 1331 3982 1392 712 3801 4575 1928 1412 2957 2785 2066 3184 1439 1446 2510 3240 500 3708 2537 2501 678 1301 443 934 373 3563 3574 4372 2523 3319 455 2077 358 2157 3173 4457 1161 2107 1745 2249 4820 1938 2750 3476
1089 2907 3184 2286 826 640 3566 1227 3732 4075 2669 4065 4642 4622 4652 3933 4358 570 4135 1058 2536 500 2392 1490 371 3854 4852 2301 1717 4289 4888 2931 993 2610 2180 1003 4592 3688 3962 2721 3972 4883 2098 4189 1026 502 4138 1546 2403 1900
3055 2923 471 671 2595 1406 3105 2623 1345 4156 2388 2607 944 2094 2557 3575 2035 2423 1505 2879 1039 3708 1490 4313 3933 3742 1547 4092 709 4765 4632 1468 1729 3668 1317 47 3114 665 230 1482 4562 14 4044 2560 997 4729 2501 962 4148 2594
3410 126 1631 1148 2540 2315 2097 2353 1704 3501 3862 2414 2909 4889 3381 1984 2795 3232 2948 2428 3165 2537 371 3933 3700 2569 3830 1962 4614 182 723 4027 3175 4265 4521 3875 1100 2163 1104 398 4341 1693 4111 2834 4708 2457 3823 772 107 2616
4537 4714 3579 4722 610 172 1350 4288 1476 3553 3231 3272 2341 3298 2959 1911 2040 3198 4261 4160 3892 2501 3854 3742 2569 944 2368 2212 210 3990 853 4053 3492 2640 1824 419 178 2157 789 1095 368 2598 4910 572 2729 3122 3788 2112 4608 4535
192 2571 2531 1432 4074 2230 2296 1465 4170 2286 3893 2737 2139 3034 1510 3813 3914 1475 2654 1136 4613 678 4852 1547 3830 2368 814 943 2677 1006 4736 2663 4699 3213 656 1365 482 506 3275 3547 3860 2456 3185 4726 473 483 4709 2440 1204 26
832 1752 4628 862 2647 3410 1143 3525 3480 3608 1681 3838 2244 2054 456 1179 181 2956 2517 2552 3335 1301 2301 4092 1962 2212 943 2981 3856 3002 709 1843 1523 759 1697 639 4672 300 2630 1402 2727 716 4683 3277 287 2247 987 1263 3352 4707
3198 3019 1055 2171 2045 1400 2537 701 3995 2856 2867 179 924 3883 3938 3695 1742 2589 1033 691 4779 443 1717 709 4614 210 2677 3856 3340 3759 4229 4475 4028 1375 4539 98 4462 3546 1048 79 450 3279 4973 2978 1140 4943 2618 708 789 309
3394 3869 1763 2228 2638 4860 2440 1200 715 3482 3913 2285 178 4466 1065 3064 1470 601 4219 1018 1648 934 4289 4765 182 3990 1006 3002 3759 2548 1674 2928 4375 2438 3258 721 1376 4826 372 1134 2656 4432 1228 3449 766 3134 4426 1016 3785 4307
2199 2548 831 2588 1940 3988 2802 2851 2181 4639 2329 3171 3454 4419 2563 688 2220 1650 3541 2701 770 373 4888 4632 723 853 4736 709 4229 1674 2342 2009 2972 1428 3615 810 331 386 4490 4365 1725 4932 3289 4562 1380 2936 1305 3094 3386 722
3752 1758 455 544 341 4829 663 1454 1540 3441 1643 3509 869 579 4941 579 1334 1164 4273 1220 2250 3563 2931 1468 4027 4053 2663 1843 4475 2928 2009 2102 832 2792 903 588 1203 230 4092 1444 1947 1760 1933 123 4958 3619 2616 2756 2147 3540
2743 2518 3691 4485 285 2306 3969 4633 3793 2627 1837 2805 3246 4086 440 2389 1588 2563 2184 3708 4626 3574 993 1729 3175 3492 4699 1523 4028 4375 2972 832 61 1946 1581 481 1759 3425 489 4850 3516 2686 2536 496 4418 3545 4979 4976 1383 1524
421 1577 637 676 2550 2629 414 1678 1753 1129 2437 2331 3100 3144 3217 2327 2592 4842 1418 4376 3982 4372 2610 3668 4265 2640 3213 759 1375 2438 1428 2792 1946 2731 2513 3221 487 3301 593 2264 4388 3185 2658 4441 2561 2563 3884 4413 948 4823
2023 821 3928 4710 3500 2484 3435 1728 4099 2533 4969 567 1426 3725 415 3418 176 2676 1091 4457 130 2523 2180 1317 4521 1824 656 1697 4539 3258 3615 903 1581 2513 1613 3905 3876 1152 255 2529 3683 2878 3973 3051 849 2203 1759 3039 294 361
4635 570 948 3855 506 3876 3963 4612 543 526 778 3282 1388 2928 856 840 1916 3944 1239 2857 4122 3319 1003 47 3875 419 1365 639 98 721 810 588 481 3221 3905 2516 1437 3687 4055 1776 1543 3340 2071 1779 1094 2734 1610 135 4667 4530
4581 228 4185 4717 408 4941 1541 3256 854 3099 668 1784 732 502 2478 1595 2487 2517 3074 4149 1368 455 4592 3114 1100 178 482 4672 4462 1376 331 1203 1759 487 3876 1437 787 1699 3626 2117 4321 440 4962 1437 1992 933 1365 3619 4131 4143
3265 3419 2024 3428 1116 2059 3539 1488 2276 4746 243 4006 2965 4017 463 2468 4059 3932 740 549 3798 2077 3688 665 2163 2157 506 300 3546 4826 386 230 3425 3301 1152 3687 1699 1135 772 3851 4813 4497 4887 770 4212 2224 183 4762 4155 4084
469 214 4771 518 799 3469 4607 2413 2142 4182 2172 4260 4394 4179 2961 1936 2590 316 2063 1986 2494 358 3962 230 1104 789 3275 2630 1048 372 4490 4092 489 593 255 4055 3626 772 3703 857 2545 1865 3651 3950 1762 14 4512 711 4664 3035
3821 4155 2802 2389 2928 1634 3317 154 2740 3324 3864 616 1432 2426 611 705 324 1871 3114 2613 4928 2157 2721 1482 398 1095 3547 1402 79 1134 4365 1444 4850 2264 2529 1776 2117 3851 857 258 3465 666 3482 4021 3315 3472 3329 4338 1624 2048
4309 2707 4851 3770 3464 1245 115 123 1032 2577 4890 4161 480 4379 3092 1833 4605 831 3298 3321 3245 3173 3972 4562 4341 368 3860 2727 450 2656 1725 1947 3516 4388 3683 1543 4321 4813 2545 3465 275 3545 3167 972 2363 3891 3524 547 4446 3904
2393 4743 4612 1300 3778 3201 4201 2112 943 2976 1242 1118 1649 2957 3249 1521 3810 3065 309 1274 4747 4457 4883 14 1693 2598 2456 716 3279 4432 4932 1760 2686 3185 2878 3340 440 4497 1865 666 3545 2064 3201 1183 4536 24 4334 2769 3230 1529
1508 1691 1065 2737 2163 4691 1350 4843 1420 3726 173 4630 2750 731 1625 1388 2833 1938 1418 277 1424 1161 2098 4044 4111 4910 3185 4683 4973 1228 3289 1933 2536 2658 3973 2071 4962 4887 3651 3482 3167 3201 4175 169 2748 1629 2354 2194 1033 4819
283 1546 4877 3178 2455 2329 2372 2444 4647 1407 3718 2214 3249 1600 1352 2518 3472 3214 2467 4643 542 2107 4189 2560 2834 572 4726 3277 2978 3449 4562 123 496 4441 3051 1779 1437 770 3950 4021 972 1183 169 2844 1602 1963 2966 3230 4677 2826
1100 2422 589 4209 4189 3603 877 3504 1651 1375 4877 3180 3210 723 3838 4200 1925 1001 1159 1326 132 1745 1026 997 4708 2729 473 287 1140 766 1380 4958 4418 2561 849 1094 1992 4212 1762 3315 2363 4536 2748 1602 2407 3532 210 346 1240 1468
243 4816 1615 523 1594 972 557 3005 4912 3756 4240 1951 650 2529 4685 3606 4226 2239 2009 1433 2892 2249 502 4729 2457 3122 483 2247 4943 3134 2936 3619 3545 2563 2203 2734 933 2224 14 3472 3891 24 1629 1963 3532 360 4192 2969 4556 4428
1609 2548 597 921 1668 4809 1140 1540 3802 3097 2060 456 252 4488 3694 1963 2595 983 4996 4080 4235 4820 4138 2501 3823 3788 4709 987 2618 4426 1305 2616 4979 3884 1759 1610 1365 183 4512 3329 3524 4334 2354 2966 210 4192 2227 2684 3603 1087
4687 2528 4325 3905 2123 4231 418 1875 4954 1532 4529 2423 2244 2838 1580 2894 2516 1649 3263 3957 597 1938 1546 962 772 2112 2440 1263 708 1016 3094 2756 4976 4413 3039 135 3619 4762 711 4338 547 2769 2194 3230 346 2969 2684 4908 4465 2538
4071 1651 4021 1411 4439 4396 3807 188 1954 4315 2295 433 3142 2784 4045 3333 4086 1334 3683 2473 1729 2750 2403 4148 107 4608 1204 3352 789 3785 3386 2147 1383 948 294 4667 4131 4155 4664 1624 4446 3230 1033 4677 1240 4556 3603 4465 2514 1168
2785 1509 3677 1797 4582 2913 2113 126 3610 2421 579 511 1436 2627 3551 1309 4013 4910 1824 1749 3806 3476 1900 2594 2616 4535 26 4707 309 4307 722 3540 1524 4823 361 4530 4143 4084 3035 2048 3904 1529 4819 2826 1468 4428 1087 2538 1168 1904
