N: 50
M: 10
Symmetric: true
Triangle: false
5 20 28 1 49 41
5 32 26 44 23 4
2 46 21
5 50 2 19 16 37
5 10 13 24 38 47
4 31 14 35 3
6 40 29 45 15 39 34
6 48 33 17 7 30 11
8 36 8 43 42 5 18 25 12
4 22 6 9 27
4744 4446 3455 698 522 3518 230 1232 1394 3853 3176 4152 4956 2365 4998 3010 1032 945 4814 3043 4046 4441 4150 1629 1544 4866 4697 2087 4313 2323 2715 4621 2994 163 1398 2501 2182 3162 4481 625 3393 4145 2775 1213 736 4771 890 4477 10 2206
4446 3836 202 3248 3785 3601 4072 4990 4955 3461 3622 2221 2196 2488 2380 3866 2367 996 957 4735 1878 3214 4018 451 3402 713 291 223 3402 2373 2457 3509 4750 2342 3367 2833 4156 3984 1541 4005 1670 1157 2704 4267 4618 1440 4044 3180 1762 2309
3455 202 2440 3744 2124 477 406 4446 2258 4764 2796 4266 1551 3013 889 3417 83 1027 2195 1260 1582 1642 4493 3957 2329 2853 2939 3205 3886 4747 3611 918 1857 1805 2060 4253 4425 4414 2277 3128 375 2342 2715 3798 3088 1929 4175 4817 3957 2278
698 3248 3744 3023 4399 612 4046 2755 3111 2855 1622 1464 3435 726 2482 556 1976 2470 459 4332 3542 2833 4458 730 1389 3825 2355 4910 1147 2440 3823 3076 4293 2138 2940 2899 3705 4873 3277 2619 323 3101 1829 4443 2021 675 234 2352 1260 185
522 3785 2124 4399 4109 1312 4739 3946 1836 3170 12 1391 1845 1758 3553 4453 955 3028 4674 4126 3332 3687 4479 1955 4030 1280 3120 4744 3375 1293 2470 842 2317 4163 2043 151 4683 2745 889 3790 836 4301 4993 883 3581 4469 364 373 4039 105
3518 3601 477 612 1312 3080 592 890 1753 4296 1696 1956 4316 2003 2893 4939 1956 2687 2988 3385 1352 88 733 1444 1309 2050 4840 3725 3642 4832 3560 1034 4631 3277 4949 4824 3130 4862 267 2438 4796 1503 3002 1049 124 2065 938 107 832 4255
230 4072 406 4046 4739 592 731 4051 3280 4310 2979 1654 2649 3688 1629 1378 327 3548 1752 3882 3803 4362 1053 4861 2365 1819 1388 2014 2474 1977 238 2750 2101 3034 2216 3055 3541 1867 472 4796 3791 2878 4959 906 3530 2947 3287 534 1452 1498
1232 4990 4446 2755 3946 890 4051 3330 2509 4332 1740 1516 3648 4875 1065 2416 1962 1823 1206 3030 2458 3573 1638 493 2521 3350 2181 2585 2920 2210 759 1924 3430 618 3483 2144 880 323 1700 1841 809 4466 2157 4374 2259 2300 3852 1152 3282 903
1394 4955 2258 3111 1836 1753 3280 2509 3737 4071 939 2535 1353 849 142 779 3386 631 3313 1781 4876 195 2376 2779 376 1123 766 4812 2225 1784 2073 2850 465 4808 4818 1018 1932 3225 2334 3011 1530 4502 1526 254 501 1609 2986 2288 3029 4909
3853 3461 4764 2855 3170 4296 4310 4332 4071 3620 4101 886 3128 3411 4587 2431 2549 1238 2107 1207 3639 1932 2079 2042 4481 4958 841 4946 66 795 174 3957 3031 710 1377 4254 1699 2357 4572 3832 882 3147 1261 4133 2853 2170 2931 3989 2420 1090
3176 3622 2796 1622 12 1696 2979 1740 939 4101 2316 2553 4703 1369 4169 3958 3563 1707 718 4074 271 3103 4518 4785 3398 881 202 2741 3584 4413 3099 982 791 3816 892 2316 972 755 3399 298 4350 295 2112 426 4522 4763 891 2847 1615 4494
4152 2221 4266 1464 1391 1956 1654 1516 2535 886 2553 3930 3036 3159 1731 1951 3204 4470 476 1364 1758 3320 2330 1137 1892 2520 688 1481 1104 2537 4869 4839 2138 1965 4693 4057 1539 474 3011 2064 277 4170 2619 4608 802 577 716 2945 2097 2386
4956 2196 1551 3435 1845 4316 2649 3648 1353 3128 4703 3036 612 1357 81 1810 3032 1811 513 2669 2980 482 4795 4744 4267 435 1663 3394 428 2151 2659 1297 2462 654 4837 204 1983 3941 3142 1910 3746 1839 1596 1398 2595 663 4975 4688 4875 2298
2365 2488 3013 726 1758 2003 3688 4875 849 3411 1369 3159 1357 1175 621 4981 1752 4327 4642 1144 1049 1086 501 973 2155 1727 4894 2580 3321 2670 326 373 3569 4271 119 3104 4404 442 2195 3141 4454 702 1360 1829 366 2245 4835 4299 4064 3262
4998 2380 889 2482 3553 2893 1629 1065 142 4587 4169 1731 81 621 2697 2036 1452 2125 2868 3740 924 2203 2571 4506 950 3915 558 4180 3712 4575 1992 4492 2164 2894 2165 284 2387 4634 680 760 4798 4623 3090 120 3958 4352 3361 1446 1430 2082
3010 3866 3417 556 4453 4939 1378 2416 779 2431 3958 1951 1810 4981 2036 1042 1669 4074 4714 1522 342 2210 379 1642 4623 1011 4507 1932 2968 3622 3358 2057 2804 2860 3418 3630 1377 3248 921 836 3625 3731 454 1086 3096 2595 3388 1778 4348 4657
1032 2367 83 1976 955 1956 327 1962 3386 2549 3563 3204 3032 1752 1452 1669 2315 2516 4507 4908 55 1694 2472 3663 4815 4375 2262 187 3983 456 4303 543 1516 4125 3887 4834 3858 2298 4371 2479 4529 2776 866 3349 4855 658 1847 3988 1998 1581
945 996 1027 2470 3028 2687 3548 1823 631 1238 1707 4470 1811 4327 2125 4074 2516 2306 2039 262 2677 1813 3631 1243 1180 4084 4932 3848 3001 2217 3797 1504 2730 3449 4229 1181 370 2600 327 4317 1862 4422 1379 2172 4169 2319 590 2056 165 3844
4814 957 2195 459 4674 2988 1752 1206 3313 2107 718 476 513 4642 2868 4714 4507 2039 3684 3421 3090 4476 2178 4632 3238 1320 2617 559 2732 2636 185 2941 1593 1231 313 1225 3195 4524 895 652 4156 4053 3926 2561 4529 1422 3710 2733 4745 1486
3043 4735 1260 4332 4126 3385 3882 3030 1781 1207 4074 1364 2669 1144 3740 1522 4908 262 3421 925 3428 2471 3982 3030 2038 3303 381 4926 1792 2890 564 2510 2360 4052 2314 1079 4289 2978 4996 2828 4119 3401 629 4139 3165 3266 1490 4341 1325 2212
4046 1878 1582 3542 3332 1352 3803 2458 4876 3639 271 1758 2980 1049 924 342 55 2677 3090 3428 205 2467 1878 1151 4314 3541 4129 3730 2880 3563 2004 1092 1528 55 3738 4611 485 44 32 2538 4746 1268 2201 2479 2693 54 1303 1784 3220 3321
4441 3214 1642 2833 3687 88 4362 3573 195 1932 3103 3320 482 1086 2203 2210 1694 1813 4476 2471 2467 3237 71 1410 1036 3815 4875 2003 1248 3796 4318 3488 2352 3522 1702 3201 664 2161 4062 2997 550 1700 619 2494 1004 1937 3215 1138 3992 1227
4150 4018 4493 4458 4479 733 1053 1638 2376 2079 4518 2330 4795 501 2571 379 2472 3631 2178 3982 1878 71 3319 2998 111 891 4816 4203 323 2329 193 192 3854 3066 2180 4047 1785 3215 2312 4700 231 1199 3065 2618 4811 4676 1834 4158 2883 1112
1629 451 3957 730 1955 1444 4861 493 2779 2042 4785 1137 4744 973 4506 1642 3663 1243 4632 3030 1151 1410 2998 1452 293 34 2834 1189 3782 751 2424 3699 188 3698 186 248 3113 1954 129 2790 1131 4540 4715 4650 2143 3457 4714 4282 1057 2293
1544 3402 2329 1389 4030 1309 2365 2521 376 4481 3398 1892 4267 2155 950 4623 4815 1180 3238 2038 4314 1036 111 293 3127 4716 4065 394 4536 2159 3655 284 2426 3999 1823 1703 2288 2113 75 3031 1057 2746 911 3130 4791 2366 3000 3408 348 3037
4866 713 2853 3825 1280 2050 1819 3350 1123 4958 881 2520 435 1727 3915 1011 4375 4084 1320 3303 3541 3815 891 34 4716 2952 3207 1062 4316 565 2381 4891 2853 2148 3379 907 3459 964 325 2509 2438 2265 452 3733 2758 4563 482 1115 718 390
4697 291 2939 2355 3120 4840 1388 2181 766 841 202 688 1663 4894 558 4507 2262 4932 2617 381 4129 4875 4816 2834 4065 3207 2109 771 4678 2453 4307 1901 4721 3556 771 3135 3755 812 2616 2411 146 2467 561 4233 4553 3979 3258 2046 204 2982
2087 223 3205 4910 4744 3725 2014 2585 4812 4946 2741 1481 3394 2580 4180 1932 187 3848 559 4926 3730 2003 4203 1189 394 1062 771 398 2061 2790 2339 4515 242 1333 1346 3212 1359 2563 470 4172 4163 926 3370 2192 431 4784 2591 4072 1615 1811
4313 3402 3886 1147 3375 3642 2474 2920 2225 66 3584 1104 428 3321 3712 2968 3983 3001 2732 1792 2880 1248 323 3782 4536 4316 4678 2061 1411 382 255 2180 2113 303 481 1055 1803 2308 2707 1813 762 1033 3621 4417 4195 4186 2888 3104 166 1151
2323 2373 4747 2440 1293 4832 1977 2210 1784 795 4413 2537 2151 2670 4575 3622 456 2217 2636 2890 3563 3796 2329 751 2159 565 2453 2790 382 650 1718 477 4026 1116 3623 3285 1647 2112 4079 2386 4986 2219 2624 3158 2126 4298 3095 821 2523 2642
2715 2457 3611 3823 2470 3560 238 759 2073 174 3099 4869 2659 326 1992 3358 4303 3797 185 564 2004 4318 193 2424 3655 2381 4307 2339 255 1718 1251 3322 756 2445 752 4211 4407 262 4127 3766 3803 2518 2685 4173 942 3112 1020 4278 1707 2375
4621 3509 918 3076 842 1034 2750 1924 2850 3957 982 4839 1297 373 4492 2057 543 1504 2941 2510 1092 3488 192 3699 284 4891 1901 4515 2180 477 3322 4854 4185 4716 1099 2220 1549 2927 879 1937 4889 3450 3334 1229 651 1129 3806 4873 2131 3987
2994 4750 1857 4293 2317 4631 2101 3430 465 3031 791 2138 2462 3569 2164 2804 1516 2730 1593 2360 1528 2352 3854 188 2426 2853 4721 242 2113 4026 756 4185 3171 1443 4746 1069 4012 1705 2899 3577 3502 1888 992 2954 4942 1977 357 1705 669 369
163 2342 1805 2138 4163 3277 3034 618 4808 710 3816 1965 654 4271 2894 2860 4125 3449 1231 4052 55 3522 3066 3698 3999 2148 3556 1333 303 1116 2445 4716 1443 2864 3912 3514 378 4035 3440 589 799 106 1503 3992 1350 2725 2597 1631 4156 4178
1398 3367 2060 2940 2043 4949 2216 3483 4818 1377 892 4693 4837 119 2165 3418 3887 4229 313 2314 3738 1702 2180 186 1823 3379 771 1346 481 3623 752 1099 4746 3912 1623 3757 3035 3967 605 475 193 3772 3752 4290 2083 763 1959 3415 2770 1434
2501 2833 4253 2899 151 4824 3055 2144 1018 4254 2316 4057 204 3104 284 3630 4834 1181 1225 1079 4611 3201 4047 248 1703 907 3135 3212 1055 3285 4211 2220 1069 3514 3757 2116 3387 3808 2092 2947 817 4452 270 167 3844 3174 2276 4391 3967 4478
2182 4156 4425 3705 4683 3130 3541 880 1932 1699 972 1539 1983 4404 2387 1377 3858 370 3195 4289 485 664 1785 3113 2288 3459 3755 1359 1803 1647 4407 1549 4012 378 3035 3387 1204 2311 2328 1847 3064 4566 2545 973 3203 4619 1911 4672 4429 2672
3162 3984 4414 4873 2745 4862 1867 323 3225 2357 755 474 3941 442 4634 3248 2298 2600 4524 2978 44 2161 3215 1954 2113 964 812 2563 2308 2112 262 2927 1705 4035 3967 3808 2311 179 2204 2353 3062 2572 3220 675 1238 2617 2181 4389 27 1557
4481 1541 2277 3277 889 267 472 1700 2334 4572 3399 3011 3142 2195 680 921 4371 327 895 4996 32 4062 2312 129 75 325 2616 470 2707 4079 4127 879 2899 3440 605 2092 2328 2204 4096 4644 3768 622 1417 1595 3799 1792 3427 332 3146 2476
625 4005 3128 2619 3790 2438 4796 1841 3011 3832 298 2064 1910 3141 760 836 2479 4317 652 2828 2538 2997 4700 2790 3031 2509 2411 4172 1813 2386 3766 1937 3577 589 475 2947 1847 2353 4644 1469 1473 432 3681 1819 1776 588 903 766 936 4659
3393 1670 375 323 836 4796 3791 809 1530 882 4350 277 3746 4454 4798 3625 4529 1862 4156 4119 4746 550 231 1131 1057 2438 146 4163 762 4986 3803 4889 3502 799 193 817 3064 3062 3768 1473 2832 3174 2607 778 4907 668 4085 4836 654 3515
4145 1157 2342 3101 4301 1503 2878 4466 4502 3147 295 4170 1839 702 4623 3731 2776 4422 4053 3401 1268 1700 1199 4540 2746 2265 2467 926 1033 2219 2518 3450 1888 106 3772 4452 4566 2572 622 432 3174 4467 1655 3034 2255 3839 3357 3648 4369 2064
2775 2704 2715 1829 4993 3002 4959 2157 1526 1261 2112 2619 1596 1360 3090 454 866 1379 3926 629 2201 619 3065 4715 911 452 561 3370 3621 2624 2685 3334 992 1503 3752 270 2545 3220 1417 3681 2607 1655 4354 333 3705 2095 968 4239 4951 969
1213 4267 3798 4443 883 1049 906 4374 254 4133 426 4608 1398 1829 120 1086 3349 2172 2561 4139 2479 2494 2618 4650 3130 3733 4233 2192 4417 3158 4173 1229 2954 3992 4290 167 973 675 1595 1819 778 3034 333 1106 4373 1279 2701 4444 4180 1554
736 4618 3088 2021 3581 124 3530 2259 501 2853 4522 802 2595 366 3958 3096 4855 4169 4529 3165 2693 1004 4811 2143 4791 2758 4553 431 4195 2126 942 651 4942 1350 2083 3844 3203 1238 3799 1776 4907 2255 3705 4373 2599 1052 3934 897 753 1078
4771 1440 1929 675 4469 2065 2947 2300 1609 2170 4763 577 663 2245 4352 2595 658 2319 1422 3266 54 1937 4676 3457 2366 4563 3979 4784 4186 4298 3112 1129 1977 2725 763 3174 4619 2617 1792 588 668 3839 2095 1279 1052 3250 1518 4679 4536 2929
890 4044 4175 234 364 938 3287 3852 2986 2931 891 716 4975 4835 3361 3388 1847 590 3710 1490 1303 3215 1834 4714 3000 482 3258 2591 2888 3095 1020 3806 357 2597 1959 2276 1911 2181 3427 903 4085 3357 968 2701 3934 1518 3876 3975 1109 1381
4477 3180 4817 2352 373 107 534 1152 2288 3989 2847 2945 4688 4299 1446 1778 3988 2056 2733 4341 1784 1138 4158 4282 3408 1115 2046 4072 3104 821 4278 4873 1705 1631 3415 4391 4672 4389 332 766 4836 3648 4239 4444 897 4679 3975 630 3536 4755
10 1762 3957 1260 4039 832 1452 3282 3029 2420 1615 2097 4875 4064 1430 4348 1998 165 4745 1325 3220 3992 2883 1057 348 718 204 1615 166 2523 1707 2131 669 4156 2770 3967 4429 27 3146 936 654 4369 4951 4180 753 4536 1109 3536 4766 687
2206 2309 2278 185 105 4255 1498 903 4909 1090 4494 2386 2298 3262 2082 4657 1581 3844 1486 2212 3321 1227 1112 2293 3037 390 2982 1811 1151 2642 2375 3987 369 4178 1434 4478 2672 1557 2476 4659 3515 2064 969 1554 1078 2929 1381 4755 687 1891
