N: 50
M: 10
Symmetric: true
Triangle: false
2 42 37
6 14 1 32 21 30 49
8 23 33 6 36 40 11 5 24
9 19 10 45 2 18 9 3 50 22
10 35 16 12 28 46 39 47 38 48 8
1 34
2 29 25
4 41 20 4 26
4 31 43 27 17
4 44 13 7 15
4537 842 660 4237 4819 4650 2517 149 4874 2907 306 3399 2307 4875 3436 1136 111 137 1382 765 4216 2439 4626 3333 40 283 2708 4181 646 2041 2343 3807 4550 1777 2928 4006 4869 3701 4207 2895 3308 1650 1349 1948 2752 2255 2991 871 31 3246
842 2351 2146 2092 1157 1316 4975 2846 3805 1436 3264 318 1965 1891 2250 3901 1265 1445 4428 519 4615 2442 1377 4833 519 2487 2448 2684 3870 3089 2877 4920 1242 1103 4312 1930 1683 1288 3025 472 4488 2731 414 4136 1901 4714 2492 4139 1182 3141
660 2146 1725 1729 3725 3965 3745 4581 386 3038 1733 234 2831 2618 772 3869 4305 4324 2951 1799 1137 449 3552 1941 4702 1481 3534 3547 2223 464 313 4113 3224 3693 1444 1098 3336 4783 710 1561 4031 4757 4123 67 1580 3617 4696 1684 4995 2747
4237 2092 1729 3426 2816 2125 4840 97 309 4112 1951 4353 3473 1797 527 1246 4973 4405 3025 3337 4214 966 2640 2583 3868 3410 2443 3065 2256 1191 1398 102 4824 213 2574 2859 4275 843 2016 1982 4137 3747 2537 3870 2984 2665 643 4284 1311 341
4819 1157 3725 2816 3654 1804 2731 4742 2513 3556 3562 1369 3666 967 995 470 4806 4299 2270 2759 328 1426 4654 1170 515 449 1839 3310 2265 464 3652 2651 1564 2602 2561 541 3649 1517 3613 3945 3979 1873 2547 3038 209 2803 4193 1528 4998 2044
4650 1316 3965 2125 1804 3329 3863 4774 4944 3705 3833 1766 1886 2539 387 669 2149 1602 112 4682 425 4394 1327 1442 2402 977 2659 4501 4906 3348 2093 941 2357 4353 1616 3937 1326 1699 4590 564 2965 4440 3932 3917 1767 1417 4228 3169 2884 144
2517 4975 3745 4840 2731 3863 4260 216 3658 4638 3626 2647 3828 278 957 4540 495 1075 1319 4697 1160 665 998 1488 4817 1327 3946 4926 3201 4676 1981 160 1932 4952 4556 2669 4967 750 3613 3856 4218 2855 3948 4662 615 3857 2152 3080 4667 3360
149 2846 4581 97 4742 4774 216 2100 4745 1782 785 876 3299 2347 4684 3736 2241 3903 2443 410 4253 1017 397 4994 1882 2613 2168 3159 213 206 64 2708 61 3071 1369 2032 4195 1868 4156 3727 3168 4407 1346 623 151 1474 970 4686 3138 1139
4874 3805 386 309 2513 4944 3658 4745 1089 3223 1246 387 4164 1677 2735 1176 2068 3682 4012 3519 2903 4353 4853 2799 611 3798 2642 1361 2951 2647 3744 4447 4452 2893 1565 4419 1813 411 309 1936 3516 1794 839 4125 833 3636 1997 503 3962 4777
2907 1436 3038 4112 3556 3705 4638 1782 3223 3478 3518 1629 3620 1606 3499 479 423 3794 3046 1644 2249 2054 3377 2741 2786 2428 2277 1518 3313 251 1950 2569 2274 2130 1318 2520 2320 4889 4507 4844 1532 3392 1228 2786 3405 4990 4623 2459 3910 3424
306 3264 1733 1951 3562 3833 3626 785 1246 3518 917 3472 3523 1002 2024 1706 1894 3944 904 2737 2038 2768 2423 2564 3107 1730 898 3362 2651 2462 1184 2389 2134 1634 4508 3940 3599 874 1136 436 2967 2425 2129 1154 3025 182 2993 3047 2658 490
3399 318 234 4353 1369 1766 2647 876 387 1629 3472 1920 4522 3024 1289 1579 2949 3020 1578 636 3252 2133 4248 2893 1227 737 1415 1425 2558 1204 2995 764 1282 2675 4384 1909 2400 3333 113 1314 4416 3479 4477 3683 3202 2546 3141 4858 4762 4071
2307 1965 2831 3473 3666 1886 3828 3299 4164 3620 3523 4522 2144 1004 2139 3049 2426 4885 2650 324 2310 1753 3992 62 2357 89 2161 3096 58 2358 4125 2743 2970 1300 4768 1688 2280 4331 3540 4562 4152 2831 4245 209 4903 1865 454 4375 3308 1635
4875 1891 2618 1797 967 2539 278 2347 1677 1606 1002 3024 1004 4652 864 82 2092 1248 4947 2998 4062 3803 822 3677 254 2175 3385 3182 261 1342 2991 447 1895 4343 664 939 2391 4857 4789 1436 4318 3790 521 535 3102 4738 2357 1771 1759 4457
3436 2250 772 527 995 387 957 4684 2735 3499 2024 1289 2139 864 1087 2926 3701 490 1444 3928 1053 4303 1811 4629 3575 2104 3744 2771 4069 4054 2598 196 4457 3856 2452 846 1175 3364 3690 3208 3635 825 4742 261 1911 2155 4538 2297 1324 1544
1136 3901 3869 1246 470 669 4540 3736 1176 479 1706 1579 3049 82 2926 843 951 1910 2429 1758 1435 4386 1047 2136 2471 2095 436 3828 4246 1852 4897 1506 3687 343 2258 640 857 886 4737 3420 3865 464 1985 2281 2031 3404 809 3874 1632 2893
111 1265 4305 4973 4806 2149 495 2241 2068 423 1894 2949 2426 2092 3701 951 4325 3447 539 1002 1802 2398 3933 100 3110 4615 3365 4450 136 4292 4545 174 1988 3101 4286 4386 1967 2380 1075 4290 570 3782 2251 2341 2125 3759 1045 261 447 3535
137 1445 4324 4405 4299 1602 1075 3903 3682 3794 3944 3020 4885 1248 490 1910 3447 1241 3383 4938 2770 2340 4932 1864 2710 3202 891 3203 2377 4792 1464 1397 2809 465 1347 271 705 2104 3023 4220 817 2111 451 2945 952 1640 1465 4053 3234 384
1382 4428 2951 3025 2270 112 1319 2443 4012 3046 904 1578 2650 4947 1444 2429 539 3383 255 1301 2974 4204 2710 812 2389 2890 2488 3292 4949 2147 1926 1528 3131 2048 257 3535 1217 3426 604 4363 435 347 1831 3576 4241 3345 3143 827 1911 3824
765 519 1799 3337 2759 4682 4697 410 3519 1644 2737 636 324 2998 3928 1758 1002 4938 1301 4197 1962 501 4663 2008 3172 1910 2201 4279 3708 3408 1177 444 1480 851 2316 4522 3946 4935 2953 329 4337 1373 675 3367 2234 2790 1154 1026 223 4172
4216 4615 1137 4214 328 425 1160 4253 2903 2249 2038 3252 2310 4062 1053 1435 1802 2770 2974 1962 454 3319 896 2841 2253 3256 2247 1478 2800 4865 1678 2018 770 4752 1316 1291 3104 444 681 4773 2683 1852 4330 50 3010 459 2340 968 315 13
2439 2442 449 966 1426 4394 665 1017 4353 2054 2768 2133 1753 3803 4303 4386 2398 2340 4204 501 3319 464 4823 1181 1568 4559 947 95 2924 4309 1743 3057 3692 2652 2829 88 1680 3031 3875 3887 1494 3612 385 4775 2949 326 1047 86 1031 1693
4626 1377 3552 2640 4654 1327 998 397 4853 3377 2423 4248 3992 822 1811 1047 3933 4932 2710 4663 896 4823 4080 2466 973 4036 706 2925 1608 4641 676 3295 4694 4047 3386 1255 4125 754 2549 3171 4310 2418 2038 4919 582 4506 1712 3078 2370 1259
3333 4833 1941 2583 1170 1442 1488 4994 2799 2741 2564 2893 62 3677 4629 2136 100 1864 812 2008 2841 1181 2466 2434 2045 2665 1717 2458 277 1772 1692 688 1583 4050 4426 2074 3318 416 3177 1975 4741 3402 1260 1845 2645 1810 3100 1476 3416 846
40 519 4702 3868 515 2402 4817 1882 611 2786 3107 1227 2357 254 3575 2471 3110 2710 2389 3172 2253 1568 973 2045 1898 3777 356 4536 3498 3618 888 1784 3033 1195 4816 1281 2392 3664 2527 75 3436 2934 812 2835 2496 4902 128 2737 4768 2672
283 2487 1481 3410 449 977 1327 2613 3798 2428 1730 737 89 2175 2104 2095 4615 3202 2890 1910 3256 4559 4036 2665 3777 977 1905 527 179 3019 328 2101 2377 2738 3698 2218 4384 1600 153 3986 4419 2599 4968 1655 2436 1769 2241 2364 1384 1766
2708 2448 3534 2443 1839 2659 3946 2168 2642 2277 898 1415 2161 3385 3744 436 3365 891 2488 2201 2247 947 706 1717 356 1905 2477 2982 4374 2838 947 2909 22 2746 2604 544 4107 2583 2585 3818 417 3214 4317 95 1806 3686 2879 1837 2977 4411
4181 2684 3547 3065 3310 4501 4926 3159 1361 1518 3362 1425 3096 3182 2771 3828 4450 3203 3292 4279 1478 95 2925 2458 4536 527 2982 3782 3418 3443 3520 1235 231 2080 1907 3027 1673 4486 3297 1185 647 1411 354 1486 1972 4975 4423 277 2275 597
646 3870 2223 2256 2265 4906 3201 213 2951 3313 2651 2558 58 261 4069 4246 136 2377 4949 3708 2800 2924 1608 277 3498 179 4374 3418 2486 1680 167 910 1564 3187 708 1533 274 3210 760 3582 3231 3287 1687 341 4442 917 512 1731 2941 3730
2041 3089 464 1191 464 3348 4676 206 2647 251 2462 1204 2358 1342 4054 1852 4292 4792 2147 3408 4865 4309 4641 1772 3618 3019 2838 3443 1680 2253 3969 3030 1972 2072 117 4718 4239 1544 2961 753 4832 3317 4718 4291 4946 1317 2281 4779 1901 2136
2343 2877 313 1398 3652 2093 1981 64 3744 1950 1184 2995 4125 2991 2598 4897 4545 1464 1926 1177 1678 1743 676 1692 888 328 947 3520 167 3969 3277 841 400 869 4152 1785 2648 1895 2414 2236 4375 749 647 2969 3278 4549 2364 421 108 4751
3807 4920 4113 102 2651 941 160 2708 4447 2569 2389 764 2743 447 196 1506 174 1397 1528 444 2018 3057 3295 688 1784 2101 2909 1235 910 3030 841 4876 1915 3173 4970 2057 2314 2860 1497 1764 3539 1003 4292 611 4948 1012 2634 3777 1801 944
4550 1242 3224 4824 1564 2357 1932 61 4452 2274 2134 1282 2970 1895 4457 3687 1988 2809 3131 1480 770 3692 4694 1583 3033 2377 22 231 1564 1972 400 1915 2318 2362 1735 221 3489 1702 716 4622 2204 1075 3891 1723 2782 1118 3018 2643 2826 328
1777 1103 3693 213 2602 4353 4952 3071 2893 2130 1634 2675 1300 4343 3856 343 3101 465 2048 851 4752 2652 4047 4050 1195 2738 2746 2080 3187 2072 869 3173 2362 2932 1213 819 2981 1365 1790 1718 2911 1651 4404 3525 2795 4661 248 4263 3561 3760
2928 4312 1444 2574 2561 1616 4556 1369 1565 1318 4508 4384 4768 664 2452 2258 4286 1347 257 2316 1316 2829 3386 4426 4816 3698 2604 1907 708 117 4152 4970 1735 1213 2844 3359 165 2547 3514 2640 4539 2084 282 4191 1777 2412 1304 628 1189 2753
4006 1930 1098 2859 541 3937 2669 2032 4419 2520 3940 1909 1688 939 846 640 4386 271 3535 4522 1291 88 1255 2074 1281 2218 544 3027 1533 4718 1785 2057 221 819 3359 2527 4437 3265 3953 2888 4071 1570 1069 4225 4295 4588 3131 3008 1616 372
4869 1683 3336 4275 3649 1326 4967 4195 1813 2320 3599 2400 2280 2391 1175 857 1967 705 1217 3946 3104 1680 4125 3318 2392 4384 4107 1673 274 4239 2648 2314 3489 2981 165 4437 4704 358 1477 2594 3122 3114 827 771 4146 413 3359 897 541 3796
3701 1288 4783 843 1517 1699 750 1868 411 4889 874 3333 4331 4857 3364 886 2380 2104 3426 4935 444 3031 754 416 3664 1600 2583 4486 3210 1544 1895 2860 1702 1365 2547 3265 358 4899 35 1337 3788 4215 4573 121 278 3972 445 1389 3951 1372
4207 3025 710 2016 3613 4590 3613 4156 309 4507 1136 113 3540 4789 3690 4737 1075 3023 604 2953 681 3875 2549 3177 2527 153 2585 3297 760 2961 2414 1497 716 1790 3514 3953 1477 35 1622 3031 1602 3936 2375 1161 451 1309 1124 614 2422 3405
2895 472 1561 1982 3945 564 3856 3727 1936 4844 436 1314 4562 1436 3208 3420 4290 4220 4363 329 4773 3887 3171 1975 75 3986 3818 1185 3582 753 2236 1764 4622 1718 2640 2888 2594 1337 3031 2541 1621 896 2926 3176 1728 4392 4536 1428 3136 804
3308 4488 4031 4137 3979 2965 4218 3168 3516 1532 2967 4416 4152 4318 3635 3865 570 817 435 4337 2683 1494 4310 4741 3436 4419 417 647 3231 4832 4375 3539 2204 2911 4539 4071 3122 3788 1602 1621 1172 1966 1580 1037 1750 1475 1036 4338 2960 569
1650 2731 4757 3747 1873 4440 2855 4407 1794 3392 2425 3479 2831 3790 825 464 3782 2111 347 1373 1852 3612 2418 3402 2934 2599 3214 1411 3287 3317 749 1003 1075 1651 2084 1570 3114 4215 3936 896 1966 3168 4003 1377 4372 2331 4864 1703 3502 2052
1349 414 4123 2537 2547 3932 3948 1346 839 1228 2129 4477 4245 521 4742 1985 2251 451 1831 675 4330 385 2038 1260 812 4968 4317 354 1687 4718 647 4292 3891 4404 282 1069 827 4573 2375 2926 1580 4003 4448 1418 2907 4997 3037 3618 3768 465
1948 4136 67 3870 3038 3917 4662 623 4125 2786 1154 3683 209 535 261 2281 2341 2945 3576 3367 50 4775 4919 1845 2835 1655 95 1486 341 4291 2969 611 1723 3525 4191 4225 771 121 1161 3176 1037 1377 1418 2410 636 2779 923 1281 597 2899
2752 1901 1580 2984 209 1767 615 151 833 3405 3025 3202 4903 3102 1911 2031 2125 952 4241 2234 3010 2949 582 2645 2496 2436 1806 1972 4442 4946 3278 4948 2782 2795 1777 4295 4146 278 451 1728 1750 4372 2907 636 4934 3318 4720 2532 4762 3542
2255 4714 3617 2665 2803 1417 3857 1474 3636 4990 182 2546 1865 4738 2155 3404 3759 1640 3345 2790 459 326 4506 1810 4902 1769 3686 4975 917 1317 4549 1012 1118 4661 2412 4588 413 3972 1309 4392 1475 2331 4997 2779 3318 305 4042 1333 4567 3921
2991 2492 4696 643 4193 4228 2152 970 1997 4623 2993 3141 454 2357 4538 809 1045 1465 3143 1154 2340 1047 1712 3100 128 2241 2879 4423 512 2281 2364 2634 3018 248 1304 3131 3359 445 1124 4536 1036 4864 3037 923 4720 4042 3485 2544 4297 2515
871 4139 1684 4284 1528 3169 3080 4686 503 2459 3047 4858 4375 1771 2297 3874 261 4053 827 1026 968 86 3078 1476 2737 2364 1837 277 1731 4779 421 3777 2643 4263 628 3008 897 1389 614 1428 4338 1703 3618 1281 2532 1333 2544 4900 296 1117
31 1182 4995 1311 4998 2884 4667 3138 3962 3910 2658 4762 3308 1759 1324 1632 447 3234 1911 223 315 1031 2370 3416 4768 1384 2977 2275 2941 1901 108 1801 2826 3561 1189 1616 541 3951 2422 3136 2960 3502 3768 597 4762 4567 4297 296 2117 4445
3246 3141 2747 341 2044 144 3360 1139 4777 3424 490 4071 1635 4457 1544 2893 3535 384 3824 4172 13 1693 1259 846 2672 1766 4411 597 3730 2136 4751 944 328 3760 2753 372 3796 1372 3405 804 569 2052 465 2899 3542 3921 2515 1117 4445 4032
