N: 50
M: 10
Symmetric: true
Triangle: false
7 47 23 7 22 4 9 40
2 14 35
3 16 8 37
4 11 41 39 42
3 5 21 19
4 44 25 2 34
5 24 46 20 30 48
11 1 33 32 18 50 29 38 26 13 17 45
6 36 28 10 49 12 3
5 6 15 31 43 27
1314 3117 4595 2501 2666 3486 3769 3648 2191 1386 806 4887 4151 2270 4241 2782 3118 604 1471 125 2668 3896 3968 2000 1571 1189 2349 1163 1142 3273 2462 2558 195 1893 4162 2317 2608 91 599 2755 1213 1354 2640 1990 2210 2399 4026 536 2207 2499
3117 78 2864 1071 2026 1304 2679 1381 3811 3260 3248 123 3953 3769 2605 4319 1347 669 3702 1817 3427 3996 3488 4759 322 1259 1870 3057 91 2889 985 3926 2173 3552 3962 778 1418 1915 843 4827 3419 2285 721 2695 2119 3638 1975 2386 4155 934
4595 2864 3617 2934 4452 3215 770 1951 3321 1210 4051 4649 381 3662 2038 2115 4504 4324 1908 190 2597 3615 223 2501 2442 3761 2970 3750 3640 1355 263 2304 51 3355 1548 3775 1983 2734 2175 4667 1955 691 2922 2883 871 295 3598 1294 4786 3286
2501 1071 2934 2288 743 1798 3192 4847 1788 3286 4093 348 1981 1795 2208 94 4560 1969 3047 2892 687 1108 2044 64 3932 4606 4836 1456 1236 93 3985 1269 1268 3575 2591 2965 2686 4001 918 1408 2868 2684 3542 114 1030 976 2443 574 1912 3921
2666 2026 4452 743 4326 3064 1973 834 223 3062 1104 222 3186 1982 1129 2279 2391 3748 1594 3219 606 3626 1439 4569 1691 3545 938 4287 1188 2039 4793 1290 765 3865 4671 552 2691 544 3751 3993 1118 1555 4511 1976 1586 3273 3031 193 2466 100
3486 1304 3215 1798 3064 3283 4017 3091 3255 3959 1563 2235 1971 2797 3737 1667 2049 989 4421 1158 2973 1068 1002 1610 4056 1573 2881 2004 731 844 2807 2244 923 2299 4539 2392 4244 1296 3652 485 838 65 2341 4210 3392 553 1128 1296 4050 2085
3769 2679 770 3192 1973 4017 965 57 4093 4595 1105 651 2144 3683 3320 1409 3014 4129 2805 4634 1552 921 3664 3109 4838 1608 4613 3571 1039 3673 4348 204 2020 2343 3781 12 668 1093 4669 4514 2077 993 3546 2346 1258 3902 4602 119 4251 125
3648 1381 1951 4847 834 3091 57 4881 615 2902 12 3660 4524 2806 4071 2890 221 1052 2414 4061 2140 4886 3529 1090 3991 185 2838 1585 4758 875 81 4743 2908 4963 1353 4626 4070 2709 1163 3797 752 4075 4773 3626 1938 1699 212 224 4251 1973
2191 3811 3321 1788 223 3255 4093 615 3457 2937 1877 4957 1622 3873 1307 2852 3198 660 3081 1855 2032 1891 4483 1444 2775 3886 327 3793 2399 310 4325 3074 3734 115 3985 956 2494 4129 3836 2868 3598 2220 3409 826 2298 4505 973 3436 3860 1136
1386 3260 1210 3286 3062 3959 4595 2902 2937 3728 936 3760 4041 1520 4808 3324 78 3826 1514 1542 2406 4685 1437 1530 3757 647 2159 319 4228 1677 3422 4916 544 2878 241 2192 1362 305 2040 1862 249 4919 1024 3140 2148 1299 287 53 4811 2401
806 3248 4051 4093 1104 1563 1105 12 1877 936 1759 4374 4073 1952 4491 2278 201 972 1326 2561 3377 2097 2553 3128 681 2735 3371 4874 4344 2027 1225 1808 2690 2519 4335 1141 3820 4140 40 1584 2621 4031 3185 744 4282 4196 3087 4243 2946 4566
4887 123 4649 348 222 2235 651 3660 4957 3760 4374 1277 3179 3425 4887 4399 4114 963 2457 2352 1300 4046 3595 1663 1628 4177 3756 3312 4257 2100 792 3915 3805 2777 1289 4150 4840 3348 4565 4985 3107 4711 906 3150 2698 2236 1378 4373 3220 3328
4151 3953 381 1981 3186 1971 2144 4524 1622 4041 4073 3179 2437 2109 779 1928 2189 2942 1106 649 1267 2205 303 3480 1763 4761 4697 471 3668 358 4286 565 4036 163 600 357 1471 2669 1160 996 300 2891 2187 1882 4004 482 1124 1174 1582 2260
2270 3769 3662 1795 1982 2797 3683 2806 3873 1520 1952 3425 2109 3001 843 4451 1602 4140 2481 1144 1702 3117 3658 173 3917 3261 310 3677 4931 1846 1268 3168 276 3487 147 1244 4895 3695 3969 41 647 4801 4344 3724 3138 2265 2327 624 777 3068
4241 2605 2038 2208 1129 3737 3320 4071 1307 4808 4491 4887 779 843 2754 3500 4369 2610 4844 796 4069 4166 4775 3836 2429 4605 4742 121 1431 1140 3335 4483 4988 1413 1972 1821 4072 156 3517 2579 2668 1482 3290 4157 3992 3824 4121 4090 4568 954
2782 4319 2115 94 2279 1667 1409 2890 2852 3324 2278 4399 1928 4451 3500 1498 4511 68 1996 83 4094 636 626 1836 701 158 4568 2592 3497 213 3650 1501 1484 1476 961 3519 1460 963 1118 829 1093 3886 1572 3626 4062 1590 4107 2844 2853 412
3118 1347 4504 4560 2391 2049 3014 221 3198 78 201 4114 2189 1602 4369 4511 2063 221 4076 4454 1055 2801 3033 3551 3561 4244 4536 789 3640 1225 4319 1547 4545 4629 4675 2001 3644 1786 4540 503 2975 755 896 1372 355 3190 3988 3503 4171 1989
604 669 4324 1969 3748 989 4129 1052 660 3826 972 963 2942 4140 2610 68 221 1786 2529 2027 3104 3132 2761 2194 477 550 2175 260 3207 3547 758 476 3645 2823 3293 3041 4798 1049 1636 3967 3279 890 3516 3595 3616 3969 972 2431 2166 244
1471 3702 1908 3047 1594 4421 2805 2414 3081 1514 1326 2457 1106 2481 4844 1996 4076 2529 1858 949 2118 1665 1985 4363 4423 4656 390 3669 4553 3000 3959 1768 1844 1404 3323 4345 277 1053 1717 1176 3298 4208 4741 4657 4300 805 4019 3960 1595 1366
125 1817 190 2892 3219 1158 4634 4061 1855 1542 2561 2352 649 1144 796 83 4454 2027 949 3950 1778 2896 2934 1354 914 1836 993 3114 4402 810 3735 1554 4675 2568 784 1234 647 4394 2494 3979 1161 1656 1540 4095 2258 2739 2643 212 4556 3203
2668 3427 2597 687 606 2973 1552 2140 2032 2406 3377 1300 1267 1702 4069 4094 1055 3104 2118 1778 4826 2803 1527 726 3196 2262 4052 4528 1486 2355 3374 1580 672 2392 1100 432 3117 3435 1008 4004 2304 1826 2919 3669 2220 3044 3991 4465 2606 1869
3896 3996 3615 1108 3626 1068 921 4886 1891 4685 2097 4046 2205 3117 4166 636 2801 3132 1665 2896 2803 4004 105 4373 3017 3918 3045 4221 10 4468 3441 2163 375 230 426 2393 551 794 4598 4694 3074 3535 2265 3011 4106 1188 1373 1185 860 2918
3968 3488 223 2044 1439 1002 3664 3529 4483 1437 2553 3595 303 3658 4775 626 3033 2761 1985 2934 1527 105 82 4837 712 3980 3576 1076 4162 3636 3637 832 1519 4357 4458 4742 4797 2547 397 2951 1257 2024 4216 1597 3051 4239 4094 3270 1557 4511
2000 4759 2501 64 4569 1610 3109 1090 1444 1530 3128 1663 3480 173 3836 1836 3551 2194 4363 1354 726 4373 4837 3449 3161 4532 2247 314 2043 806 1370 4474 873 23 4719 3674 3626 4202 4004 1140 4903 3843 2592 2595 4981 2094 4132 2278 4362 2142
1571 322 2442 3932 1691 4056 4838 3991 2775 3757 681 1628 1763 3917 2429 701 3561 477 4423 914 3196 3017 712 3161 1725 3867 4588 3205 2371 4781 14 13 644 584 2847 1038 2117 4521 2839 3300 4903 2836 4098 3873 280 4095 205 1311 2352 3296
1189 1259 3761 4606 3545 1573 1608 185 3886 647 2735 4177 4761 3261 4605 158 4244 550 4656 1836 2262 3918 3980 4532 3867 1381 4649 331 3857 1595 2064 3360 4858 51 777 2297 3769 3553 2262 1977 2596 4982 2144 783 2951 4135 2065 3624 3408 1051
2349 1870 2970 4836 938 2881 4613 2838 327 2159 3371 3756 4697 310 4742 4568 4536 2175 390 993 4052 3045 3576 2247 4588 4649 4585 4425 4018 3377 1121 4263 4141 4890 3236 1686 656 2975 1136 3899 4693 2737 3269 3634 2602 3035 342 3709 3621 474
1163 3057 3750 1456 4287 2004 3571 1585 3793 319 4874 3312 471 3677 121 2592 789 260 3669 3114 4528 4221 1076 314 3205 331 4425 1921 1886 440 3295 1192 3945 385 1565 20 4369 4378 1774 4833 1868 2419 1741 4107 1425 667 4795 3181 4726 4891
1142 91 3640 1236 1188 731 1039 4758 2399 4228 4344 4257 3668 4931 1431 3497 3640 3207 4553 4402 1486 10 4162 2043 2371 3857 4018 1886 1924 2005 2429 850 1456 279 2856 4681 1069 3457 4227 575 2831 2029 965 2829 2212 2088 448 3259 2664 868
3273 2889 1355 93 2039 844 3673 875 310 1677 2027 2100 358 1846 1140 213 1225 3547 3000 810 2355 4468 3636 806 4781 1595 3377 440 2005 912 1355 3570 2582 1802 4703 1759 4319 410 3064 3649 955 3205 3056 4013 304 3192 382 2545 1230 2380
2462 985 263 3985 4793 2807 4348 81 4325 3422 1225 792 4286 1268 3335 3650 4319 758 3959 3735 3374 3441 3637 1370 14 2064 1121 3295 2429 1355 1274 94 2177 60 2030 4699 1464 3820 3470 923 2726 537 4659 2512 2720 3899 3457 4509 1673 107
2558 3926 2304 1269 1290 2244 204 4743 3074 4916 1808 3915 565 3168 4483 1501 1547 476 1768 1554 1580 2163 832 4474 13 3360 4263 1192 850 3570 94 3538 4688 4503 72 1044 2865 3190 618 2350 2040 4138 2570 4754 4440 4917 3089 1357 315 3194
195 2173 51 1268 765 923 2020 2908 3734 544 2690 3805 4036 276 4988 1484 4545 3645 1844 4675 672 375 1519 873 644 4858 4141 3945 1456 2582 2177 4688 4325 4281 799 2450 1014 2072 1475 2428 1314 3340 1614 3250 129 1019 1646 1139 4749 3584
1893 3552 3355 3575 3865 2299 2343 4963 115 2878 2519 2777 163 3487 1413 1476 4629 2823 1404 2568 2392 230 4357 23 584 51 4890 385 279 1802 60 4503 4281 1273 1162 684 1472 3245 415 422 1046 3824 4348 3149 1665 1838 3296 708 2936 525
4162 3962 1548 2591 4671 4539 3781 1353 3985 241 4335 1289 600 147 1972 961 4675 3293 3323 784 1100 426 4458 4719 2847 777 3236 1565 2856 4703 2030 72 799 1162 2641 2113 4496 1780 4898 1246 4134 1941 923 1240 92 4936 2382 3212 2576 3996
2317 778 3775 2965 552 2392 12 4626 956 2192 1141 4150 357 1244 1821 3519 2001 3041 4345 1234 432 2393 4742 3674 1038 2297 1686 20 4681 1759 4699 1044 2450 684 2113 2095 557 1539 822 3928 911 2650 1456 490 2819 1657 2958 2142 4780 48
2608 1418 1983 2686 2691 4244 668 4070 2494 1362 3820 4840 1471 4895 4072 1460 3644 4798 277 647 3117 551 4797 3626 2117 3769 656 4369 1069 4319 1464 2865 1014 1472 4496 557 453 4408 4861 4738 2311 1852 4655 4480 387 555 3516 3685 1004 1877
91 1915 2734 4001 544 1296 1093 2709 4129 305 4140 3348 2669 3695 156 963 1786 1049 1053 4394 3435 794 2547 4202 4521 3553 2975 4378 3457 410 3820 3190 2072 3245 1780 1539 4408 4997 2596 3131 1453 1766 1547 890 900 4816 3491 3573 4363 334
599 843 2175 918 3751 3652 4669 1163 3836 2040 40 4565 1160 3969 3517 1118 4540 1636 1717 2494 1008 4598 397 4004 2839 2262 1136 1774 4227 3064 3470 618 1475 415 4898 822 4861 2596 246 3264 2328 2389 1683 2435 3343 3613 663 3533 1236 2783
2755 4827 4667 1408 3993 485 4514 3797 2868 1862 1584 4985 996 41 2579 829 503 3967 1176 3979 4004 4694 2951 1140 3300 1977 3899 4833 575 3649 923 2350 2428 422 1246 3928 4738 3131 3264 1556 1219 3913 208 4176 2342 2288 1175 2125 663 1242
1213 3419 1955 2868 1118 838 2077 752 3598 249 2621 3107 300 647 2668 1093 2975 3279 3298 1161 2304 3074 1257 4903 4903 2596 4693 1868 2831 955 2726 2040 1314 1046 4134 911 2311 1453 2328 1219 2885 2807 251 468 3306 3167 2195 2425 645 137
1354 2285 691 2684 1555 65 993 4075 2220 4919 4031 4711 2891 4801 1482 3886 755 890 4208 1656 1826 3535 2024 3843 2836 4982 2737 2419 2029 3205 537 4138 3340 3824 1941 2650 1852 1766 2389 3913 2807 2307 2531 2397 3408 3952 4083 3020 348 3143
2640 721 2922 3542 4511 2341 3546 4773 3409 1024 3185 906 2187 4344 3290 1572 896 3516 4741 1540 2919 2265 4216 2592 4098 2144 3269 1741 965 3056 4659 2570 1614 4348 923 1456 4655 1547 1683 208 251 2531 1248 3611 2824 2325 3950 870 4697 4177
1990 2695 2883 114 1976 4210 2346 3626 826 3140 744 3150 1882 3724 4157 3626 1372 3595 4657 4095 3669 3011 1597 2595 3873 783 3634 4107 2829 4013 2512 4754 3250 3149 1240 490 4480 890 2435 4176 468 2397 3611 982 4339 2480 3978 622 4446 57
2210 2119 871 1030 1586 3392 1258 1938 2298 2148 4282 2698 4004 3138 3992 4062 355 3616 4300 2258 2220 4106 3051 4981 280 2951 2602 1425 2212 304 2720 4440 129 1665 92 2819 387 900 3343 2342 3306 3408 2824 4339 297 3071 1584 1961 2700 2886
2399 3638 295 976 3273 553 3902 1699 4505 1299 4196 2236 482 2265 3824 1590 3190 3969 805 2739 3044 1188 4239 2094 4095 4135 3035 667 2088 3192 3899 4917 1019 1838 4936 1657 555 4816 3613 2288 3167 3952 2325 2480 3071 1683 4080 2014 3702 2978
4026 1975 3598 2443 3031 1128 4602 212 973 287 3087 1378 1124 2327 4121 4107 3988 972 4019 2643 3991 1373 4094 4132 205 2065 342 4795 448 382 3457 3089 1646 3296 2382 2958 3516 3491 663 1175 2195 4083 3950 3978 1584 4080 2237 2360 1983 4406
536 2386 1294 574 193 1296 119 224 3436 53 4243 4373 1174 624 4090 2844 3503 2431 3960 212 4465 1185 3270 2278 1311 3624 3709 3181 3259 2545 4509 1357 1139 708 3212 2142 3685 3573 3533 2125 2425 3020 870 622 1961 2014 2360 1632 539 433
2207 4155 4786 1912 2466 4050 4251 4251 3860 4811 2946 3220 1582 777 4568 2853 4171 2166 1595 4556 2606 860 1557 4362 2352 3408 3621 4726 2664 1230 1673 315 4749 2936 2576 4780 1004 4363 1236 663 645 348 4697 4446 2700 3702 1983 539 2294 4243
2499 934 3286 3921 100 2085 125 1973 1136 2401 4566 3328 2260 3068 954 412 1989 244 1366 3203 1869 2918 4511 2142 3296 1051 474 4891 868 2380 107 3194 3584 525 3996 48 1877 334 2783 1242 137 3143 4177 57 2886 2978 4406 433 4243 2989
