N: 49
M: 49
Symmetric: true
Triangle: false
1 1
2 2
3 3
4 4
5 5
6 6
7 7
8 8
9 9
10 10
11 11
12 12
13 13
14 14
15 15
16 16
17 17
18 18
19 19
20 20
21 21
22 22
23 23
24 24
25 25
26 26
27 27
28 28
29 29
30 30
31 31
32 32
33 33
34 34
35 35
36 36
37 37
38 38
39 39
40 40
41 41
42 42
43 43
44 44
45 45
46 46
47 47
48 48
49 49
999999 2390 640 3234 1851 1605 1243 1115 287 237 2878 889 826 1210 1121 651 491 1963 1163 1755 1174 1517 345 873 2692 1324 3092 1779 1363 1848 1604 805 2018 912 1089 3438 1226 1688 524 1803 425 1095 2459 1786 1008 3482 802 1231 1908 
2390 999999 1811 1022 948 3556 3313 3178 2624 2550 1184 2111 2394 1848 1595 2482 1991 3802 3210 3692 2599 2066 2048 1871 1464 1581 967 3658 3370 596 3468 3038 1762 2684 1339 1586 3197 3657 2848 1582 2327 1395 817 3581 3156 1762 2781 2244 1068 
640 1811 999999 2605 1210 1858 1557 1418 921 750 2238 567 735 710 515 729 533 2168 1457 2006 1074 1081 386 376 2068 733 2458 1998 1639 1241 1805 1231 1461 990 474 2798 1472 1955 1039 1220 524 739 1819 1959 1369 2846 1021 917 1269 
3234 1022 2605 999999 1438 4112 3944 3820 3497 3352 714 2732 3022 2384 2236 3165 2903 4286 3842 4229 3123 2451 2914 2539 1186 2126 184 4174 3968 1403 3998 3761 1920 3303 2145 722 3802 4211 3627 1878 3072 2358 853 4071 3833 946 3446 2737 1451 
1851 948 1210 1438 999999 2707 2514 2387 2129 1939 1032 1297 1587 966 797 1726 1611 2917 2411 2833 1722 1127 1562 1101 955 699 1275 2787 2547 471 2603 2323 848 1871 802 1592 2377 2808 2201 638 1642 1236 613 2697 2395 1658 2009 1346 155 
1605 3556 1858 4112 2707 999999 374 490 1640 1368 3528 1445 1167 1741 1961 1129 2068 369 442 151 989 1683 1862 1690 3151 2009 3935 188 243 2960 147 840 2293 880 2271 4022 390 101 1139 2253 1362 2572 3259 274 617 3968 847 1375 2666 
1243 3313 1557 3944 2514 374 999999 139 1266 1005 3402 1219 929 1560 1735 836 1717 744 103 519 866 1584 1518 1445 3060 1818 3772 561 139 2719 426 465 2213 642 1996 3921 169 447 765 2129 1041 2248 3094 612 243 3888 538 1241 2493 
1115 3178 1418 3820 2387 490 139 999999 1155 878 3288 1090 799 1439 1603 698 1584 855 48 640 770 1484 1382 1311 2955 1693 3649 670 247 2584 512 365 2114 517 1858 3811 153 573 655 2019 902 2110 2971 701 152 3785 399 1134 2369 
287 2624 921 3497 2129 1640 1266 1155 999999 363 3159 1157 1053 1492 1408 854 650 2008 1203 1785 1377 1786 583 1159 2979 1611 3358 1824 1398 2101 1665 801 2302 1078 1354 3720 1288 1712 501 2089 673 1278 2735 1853 1023 3767 923 1484 2191 
237 2550 750 3352 1939 1368 1005 878 363 999999 2952 832 695 1194 1168 492 722 1728 926 1518 1014 1455 548 886 2730 1351 3202 1543 1126 1989 1370 571 2004 719 1222 3509 992 1451 306 1811 343 1305 2552 1554 770 3537 582 1137 1979 
2878 1184 2238 714 1032 3528 3402 3288 3159 2952 999999 2232 2510 1856 1786 2681 2639 3666 3304 3633 2550 1845 2595 2081 472 1627 540 3569 3408 1237 3404 3284 1261 2773 1832 560 3249 3624 3197 1276 2638 2201 467 3457 3323 644 2941 2165 973 
889 2111 567 2732 1297 1445 1219 1090 1157 832 2232 999999 290 384 518 450 1044 1708 1116 1583 533 629 838 256 1950 610 2564 1554 1263 1515 1362 1052 1179 579 855 2774 1091 1546 1003 1008 490 1287 1888 1489 1101 2775 715 365 1287 
826 2394 735 3022 1587 1167 929 799 1053 695 2510 290 999999 653 806 216 1114 1449 826 1309 365 802 892 523 2210 897 2853 1287 976 1798 1094 785 1406 290 1107 3047 804 1268 789 1264 403 1475 2176 1234 814 3038 430 456 1574 
1210 1848 710 2384 966 1741 1560 1439 1492 1194 1856 384 653 999999 320 833 1243 1959 1459 1867 758 381 1071 349 1566 270 2211 1823 1585 1262 1638 1433 811 922 763 2394 1417 1841 1384 625 851 1300 1533 1738 1467 2391 1084 397 932 
1121 1595 515 2236 797 1961 1735 1603 1408 1168 1786 518 806 320 999999 929 1033 2211 1631 2096 1012 685 901 303 1571 220 2073 2063 1781 1000 1873 1525 952 1096 444 2341 1609 2062 1413 705 852 993 1405 1991 1603 2370 1217 693 815 
651 2482 729 3165 1726 1129 836 698 854 492 2681 450 216 833 929 999999 1008 1447 734 1277 525 1016 786 628 2399 1054 3000 1273 911 1891 1081 603 1611 283 1159 3224 742 1226 574 1455 261 1449 2327 1243 676 3225 299 672 1728 
491 1991 533 2903 1611 2068 1717 1584 650 722 2639 1044 1114 1243 1033 1008 999999 2417 1630 2220 1479 1609 223 902 2530 1253 2776 2235 1829 1499 2052 1293 1985 1291 809 3195 1681 2156 1016 1735 747 628 2190 2227 1488 3269 1234 1410 1702 
1963 3802 2168 4286 2917 369 744 855 2008 1728 3666 1708 1449 1959 2211 1447 2417 999999 806 238 1203 1834 2205 1962 3261 2229 4106 184 609 3209 366 1209 2409 1178 2556 4133 737 316 1507 2409 1693 2896 3438 220 986 4058 1184 1571 2859 
1163 3210 1457 3842 2411 442 103 48 1203 926 3304 1116 826 1459 1631 734 1630 806 999999 592 775 1492 1428 1341 2966 1716 3671 621 199 2616 464 412 2122 539 1894 3825 116 526 704 2033 944 2153 2992 653 195 3795 436 1145 2391 
1755 3692 2006 4229 2833 151 519 640 1785 1518 3633 1583 1309 1867 2096 1277 2220 238 592 999999 1110 1788 2013 1831 3246 2136 4051 99 392 3097 230 983 2389 1025 2415 4119 541 78 1284 2362 1513 2723 3377 238 762 4057 998 1493 2787 
1174 2599 1074 3123 1722 989 866 770 1377 1014 2550 533 365 758 1012 525 1479 1203 775 1110 999999 718 1257 788 2195 1028 2947 1065 859 2007 881 915 1347 339 1386 3059 704 1089 1026 1273 760 1809 2270 982 851 3023 550 386 1677 
1517 2066 1081 2451 1127 1683 1584 1484 1786 1455 1845 629 802 381 685 1016 1609 1834 1492 1788 718 999999 1425 707 1477 544 2271 1727 1574 1510 1559 1569 630 997 1127 2344 1423 1778 1590 574 1116 1676 1605 1620 1548 2304 1196 358 1043 
345 2048 386 2914 1562 1862 1518 1382 583 548 2595 838 892 1071 901 786 223 2205 1428 2013 1257 1425 999999 723 2447 1119 2777 2024 1625 1518 1839 1112 1845 1070 773 3155 1473 1952 853 1606 525 757 2161 2012 1295 3213 1020 1203 1636 
873 1871 376 2539 1101 1690 1445 1311 1159 886 2081 256 523 349 303 628 902 1962 1341 1831 788 707 723 999999 1843 464 2376 1805 1499 1275 1612 1222 1146 813 599 2634 1326 1791 1116 931 557 1052 1707 1744 1303 2654 919 557 1114 
2692 1464 2068 1186 955 3151 3060 2955 2979 2730 472 1950 2210 1566 1571 2399 2530 3261 2966 3246 2195 1477 2447 1843 999999 1378 1010 3176 3052 1316 3020 2995 857 2452 1729 872 2900 3244 2946 945 2397 2191 647 3057 3007 830 2635 1821 835 
1324 1581 733 2126 699 2009 1818 1693 1611 1351 1627 610 897 270 220 1054 1253 2229 1716 2136 1028 544 1119 464 1378 999999 1956 2093 1848 1000 1908 1658 732 1176 610 2175 1679 2110 1576 487 1021 1176 1279 2008 1711 2190 1324 663 677 
3092 967 2458 184 1275 3935 3772 3649 3358 3202 540 2564 2853 2211 2073 3000 2776 4106 3671 4051 2947 2271 2777 2376 1010 1956 999999 3994 3794 1280 3820 3599 1736 3132 2004 658 3628 4034 3473 1696 2915 2250 678 3890 3666 868 3279 2560 1279 
1779 3658 1998 4174 2787 188 561 670 1824 1543 3569 1554 1287 1823 2063 1273 2235 184 621 99 1065 1727 2024 1805 3176 2093 3994 999999 425 3063 193 1025 2320 1009 2395 4049 553 163 1323 2301 1515 2722 3322 140 803 3984 1004 1443 2737 
1363 3370 1639 3968 2547 243 139 247 1398 1126 3408 1263 976 1585 1781 911 1829 609 199 392 859 1574 1625 1499 3052 1848 3794 425 999999 2774 287 600 2199 685 2066 3918 172 326 898 2132 1133 2344 3116 473 377 3877 620 1243 2517 
1848 596 1241 1403 471 2960 2719 2584 2101 1989 1237 1515 1798 1262 1000 1891 1499 3209 2616 3097 2007 1510 1518 1275 1316 1000 1280 3063 2774 999999 2873 2455 1316 2088 767 1763 2602 3061 2280 1091 1746 979 770 2989 2566 1881 2188 1659 624 
1604 3468 1805 3998 2603 147 426 512 1665 1370 3404 1362 1094 1638 1873 1081 2052 366 464 230 881 1559 1839 1612 3020 1908 3820 193 287 2873 999999 876 2162 816 2201 3892 379 225 1167 2131 1326 2531 3146 189 656 3834 818 1263 2557 
805 3038 1231 3761 2323 840 465 365 801 571 3284 1052 785 1433 1525 603 1293 1209 412 983 915 1569 1112 1222 2995 1658 3599 1025 600 2455 876 999999 2187 583 1699 3826 512 910 301 2049 711 1864 2928 1065 222 3823 373 1211 2330 
2018 1762 1461 1920 848 2293 2213 2114 2302 2004 1261 1179 1406 811 952 1611 1985 2409 2122 2389 1347 630 1845 1146 857 732 1736 2320 2199 1316 2162 2187 999999 1623 1291 1729 2050 2386 2179 268 1661 1850 1118 2203 2177 1678 1818 984 704 
912 2684 990 3303 1871 880 642 517 1078 719 2773 579 290 922 1096 283 1291 1178 539 1025 339 997 1070 813 2452 1176 3132 1009 685 2088 816 583 1623 999999 1390 3301 513 981 690 1510 544 1721 2453 969 555 3282 212 639 1852 
1089 1339 474 2145 802 2271 1996 1858 1354 1222 1832 855 1107 763 444 1159 809 2556 1894 2415 1386 1127 773 599 1729 610 2004 2395 2066 767 2201 1699 1291 1390 999999 2390 1894 2371 1513 1024 988 567 1390 2339 1824 2460 1458 1114 897 
3438 1586 2798 722 1592 4022 3921 3811 3720 3509 560 2774 3047 2394 2341 3224 3195 4133 3825 4119 3059 2344 3155 2634 872 2175 658 4049 3918 1763 3892 3826 1729 3301 2390 999999 3763 4116 3750 1792 3191 2739 1008 3930 3855 228 3476 2680 1532 
1226 3197 1472 3802 2377 390 169 153 1288 992 3249 1091 804 1417 1609 742 1681 737 116 541 704 1423 1473 1326 2900 1679 3628 553 172 2602 379 512 2050 513 1894 3763 999999 484 793 1974 971 2182 2950 565 305 3727 457 1084 2350 
1688 3657 1955 4211 2808 101 447 573 1712 1451 3624 1546 1268 1841 2062 1226 2156 316 526 78 1089 1778 1952 1791 3244 2110 4034 163 326 3061 225 910 2386 981 2371 4116 484 999999 1211 2350 1456 2667 3358 289 690 4059 942 1474 2766 
524 2848 1039 3627 2201 1139 765 655 501 306 3197 1003 789 1384 1413 574 1016 1507 704 1284 1026 1590 853 1116 2946 1576 3473 1323 898 2280 1167 301 2179 690 1513 3750 793 1211 999999 2010 560 1611 2814 1356 522 3765 493 1244 2228 
1803 1582 1220 1878 638 2253 2129 2019 2089 1811 1276 1008 1264 625 705 1455 1735 2409 2033 2362 1273 574 1606 931 945 487 1696 2301 2132 1091 2131 2049 268 1510 1024 1792 1974 2350 2010 999999 1471 1581 1036 2195 2065 1774 1690 889 515 
425 2327 524 3072 1642 1362 1041 902 673 343 2638 490 403 851 852 261 747 1693 944 1513 760 1116 525 557 2397 1021 2915 1515 1133 1746 1326 711 1661 544 988 3191 971 1456 560 1471 999999 1211 2253 1494 846 3211 514 811 1668 
1095 1395 739 2358 1236 2572 2248 2110 1278 1305 2201 1287 1475 1300 993 1449 628 2896 2153 2723 1809 1676 757 1052 2191 1176 2250 2722 2344 979 2531 1864 1850 1721 567 2739 2182 2667 1611 1581 1211 999999 1735 2690 2037 2845 1725 1607 1365 
2459 817 1819 853 613 3259 3094 2971 2735 2552 467 1888 2176 1533 1405 2327 2190 3438 2992 3377 2270 1605 2161 1707 647 1279 678 3322 3116 770 3146 2928 1118 2453 1390 1008 2950 3358 2814 1036 2253 1735 999999 3221 2990 1112 2603 1884 601 
1786 3581 1959 4071 2697 274 612 701 1853 1554 3457 1489 1234 1738 1991 1243 2227 220 653 238 982 1620 2012 1744 3057 2008 3890 140 473 2989 189 1065 2203 969 2339 3930 565 289 1356 2195 1494 2690 3221 999999 845 3860 993 1351 2641 
1008 3156 1369 3833 2395 617 243 152 1023 770 3323 1101 814 1467 1603 676 1488 986 195 762 851 1548 1295 1303 3007 1711 3666 803 377 2566 656 222 2177 555 1824 3855 305 690 522 2065 846 2037 2990 845 999999 3837 386 1192 2388 
3482 1762 2846 946 1658 3968 3888 3785 3767 3537 644 2775 3038 2391 2370 3225 3269 4058 3795 4057 3023 2304 3213 2654 830 2190 868 3984 3877 1881 3834 3823 1678 3282 2460 228 3727 4059 3765 1774 3211 2845 1112 3860 3837 999999 3465 2650 1578 
802 2781 1021 3446 2009 847 538 399 923 582 2941 715 430 1084 1217 299 1234 1184 436 998 550 1196 1020 919 2635 1324 3279 1004 620 2188 818 373 1818 212 1458 3476 457 942 493 1690 514 1725 2603 993 386 3465 999999 838 2002 
1231 2244 917 2737 1346 1375 1241 1134 1484 1137 2165 365 456 397 693 672 1410 1571 1145 1493 386 358 1203 557 1821 663 2560 1443 1243 1659 1263 1211 984 639 1114 2680 1084 1474 1244 889 811 1607 1884 1351 1192 2650 838 999999 1294 
1908 1068 1269 1451 155 2666 2493 2369 2191 1979 973 1287 1574 932 815 1728 1702 2859 2391 2787 1677 1043 1636 1114 835 677 1279 2737 2517 624 2557 2330 704 1852 897 1532 2350 2766 2228 515 1668 1365 601 2641 2388 1578 2002 1294 999999