N: 100
M: 20
Symmetric: true
Triangle: false
6 43 82 50 21 5 23
5 30 90 56 53 81
4 79 28 64 94
7 33 47 4 99 48 63 85
2 86 25
3 14 27 91
4 29 55 58 70
4 41 2 51 37
6 45 32 88 35 83 1
3 68 84 76
7 74 96 15 38 6 77 71
8 19 42 80 100 20 62 11 17
4 98 49 92 61
5 8 10 40 13 60
4 69 44 22 87
7 72 66 54 39 57 52 75
7 24 65 36 73 93 89 26
6 34 95 31 12 59 67
4 46 18 78 16
4 9 7 3 97
3772 3975 936 3958 2573 2968 2363 3834 672 2250 3529 1699 985 3907 1999 4353 885 3363 3560 2370 1490 4658 2208 305 3042 4103 907 4481 4213 4350 4061 3006 1664 3177 4843 3781 1540 1898 2153 918 4084 3206 4184 1168 2117 574 4653 3258 2459 1344 1712 4915 280 1033 4209 896 1466 1921 2692 2297 3656 3238 1550 1809 1903 2901 62 1552 2945 173 1498 4000 2860 288 2389 2635 2596 1310 4935 2621 1739 1825 1031 1592 1764 3100 4019 552 4616 362 2695 1748 178 3669 4049 4945 177 4807 3179 1266
3975 1576 3933 700 4142 3447 1198 42 1533 2382 1705 3044 1818 3205 2720 2747 3112 3342 3456 868 2382 4163 3935 719 308 2794 3713 2819 1484 3975 4252 424 3485 2224 2841 3762 3556 1084 1196 1233 3038 2339 2724 2437 4879 2089 428 2445 4201 541 2940 4313 2411 2948 1565 2081 3669 269 3746 2627 1783 362 4751 285 3916 172 3683 4721 1407 1924 2996 2227 4123 3629 3573 2723 1738 3105 3122 2111 4769 4365 4459 4813 3621 4856 2803 2337 4562 2480 4513 1582 1818 1944 4379 834 4691 4079 4565 1830
936 3933 3116 3300 363 1986 2216 2907 4799 4581 836 2557 1248 4526 4922 1458 4863 2194 789 2329 2857 4804 3348 4188 651 3922 4516 442 3528 4125 3515 3777 3540 692 844 3064 1102 3169 4078 4595 427 2695 1561 3505 4475 1245 3212 3625 4487 453 1327 4430 4304 588 1988 4793 1101 4324 3934 357 3227 2036 3412 149 4541 3594 75 275 3728 2554 4009 4535 3594 4160 357 4648 2228 1652 4099 3072 3578 2932 3733 4285 3391 2623 2757 758 2185 494 2305 3761 1346 1789 2082 3802 732 4067 966 813
3958 700 3300 322 4100 3307 3032 3601 1487 3371 1537 4786 2746 1483 2315 1052 26 3658 1374 937 702 4305 1162 4967 173 4167 454 3190 100 3729 3572 2923 3062 3245 656 4177 1171 258 3672 4255 3922 1547 3205 50 4135 1257 1099 1328 2428 432 3455 4706 4359 876 3940 3133 1630 3740 2877 709 3707 665 2304 3564 1476 4910 3949 4102 2377 1333 1799 4611 435 3837 2448 2425 957 2482 3076 2487 3153 4526 595 1949 2644 112 3303 4233 380 3865 2925 1985 1498 226 3802 4556 3525 1617 3110 4426
2573 4142 363 4100 2822 1319 1590 2371 1734 3919 2513 3699 3741 1043 866 1543 4529 1206 1481 4914 1966 1261 3772 1883 4346 681 140 4474 493 2587 4378 2514 3338 3586 1448 2263 3258 3218 3191 422 3519 2640 639 826 2346 3137 4540 2700 1371 2331 2345 4340 1818 4862 1603 2409 1163 1429 635 4749 413 546 2464 207 2442 1635 2637 549 3930 4675 3235 3083 1506 1430 2963 2239 2682 3188 4493 1026 4466 2703 2022 3400 3615 34 876 3055 2987 1906 4484 18 4788 112 563 3017 1287 4234 1574 3423
2968 3447 1986 3307 1319 3430 1226 3264 3063 1013 4056 2443 4260 440 3231 1007 1384 2613 4059 598 3698 955 493 2077 1428 546 2421 814 4661 512 4561 1848 4093 4164 2221 4731 2251 4113 2226 4429 2050 2835 1781 487 4609 4743 3523 1101 3186 596 2490 1901 3172 4260 3197 3454 3386 794 3829 1833 2144 3273 4869 1974 2499 2096 833 4415 4623 2970 4495 2692 2877 4563 4521 3537 2726 412 3847 4179 3895 4385 2602 4805 1134 1129 850 811 4563 1775 4291 1742 132 3824 4660 4332 4533 1568 2146 4291
2363 1198 2216 3032 1590 1226 927 131 815 4692 1751 656 599 1366 2832 3026 1743 2596 67 1418 4842 3448 563 2261 3683 4924 326 3112 4458 170 758 1984 959 361 1177 875 1605 865 3104 846 477 768 1196 4822 4521 4386 809 2294 625 93 3632 2793 4909 3959 2057 2111 2416 1787 2353 1661 2693 2790 1225 2842 651 4237 4295 4144 2587 4041 1878 4326 3703 1164 4718 3482 194 183 896 238 2572 2052 3864 2608 1758 3163 1999 2588 486 3152 2368 3153 3708 119 296 660 506 2144 4227 4883
3834 42 2907 3601 2371 3264 131 3656 4431 1137 4036 130 1149 2141 2561 1264 1551 3572 795 2100 3856 1907 4902 993 4218 3114 2362 2722 785 2776 4501 3769 4880 4520 2449 3664 615 824 2619 2454 2223 347 3391 4535 1970 144 3709 1699 1475 4973 3364 1875 743 26 3822 2491 2047 1837 4173 2716 4669 2084 693 601 72 1089 3168 1619 3028 834 3765 4502 3193 2266 3230 51 910 2424 279 1432 88 2088 2342 887 2768 4434 3475 2961 4610 18 120 4052 1852 3421 1536 151 4850 2001 722 3169
672 1533 4799 1487 1734 3063 815 4431 4318 673 853 2344 351 2066 4584 4351 3037 2880 166 787 2366 4613 2541 3912 2133 575 3197 1534 2905 4549 138 357 4714 3635 1448 679 3607 242 4095 1865 980 1112 2225 1243 1952 2721 1425 3076 1806 4996 4404 4539 4742 561 3503 865 2547 549 1038 3688 630 1270 817 4363 3221 2237 2876 2633 2931 324 515 3992 2493 3059 4166 595 623 575 4089 3772 3305 2359 379 2569 2009 51 492 4003 2646 1024 179 3072 1532 485 2357 4744 1597 353 254 4062
2250 2382 4581 3371 3919 1013 4692 1137 673 409 1823 1856 2769 3940 1463 4350 4394 3271 3495 1216 1506 1910 2971 2619 649 3540 1918 4412 2544 4500 2732 1677 1327 1843 4456 4895 136 3224 3818 1832 1666 3031 2355 1619 2413 1924 2634 2210 2043 2827 1249 1132 4279 4235 3817 486 4555 3497 327 3811 4611 2297 2722 4455 3511 4276 3494 1235 3100 4331 697 1752 3786 2495 1830 1041 768 4454 4904 4624 714 191 785 314 4541 1123 773 47 4538 1896 3504 4176 201 132 1393 2904 2757 4725 760 1347
3529 1705 836 1537 2513 4056 1751 4036 853 1823 4103 3029 3030 4055 156 3480 4371 4386 4146 447 4881 4053 3584 3602 2758 940 1947 1542 2286 1238 1142 2597 1589 582 2937 3463 2560 4795 1506 4050 200 4174 1825 2576 788 2688 526 1195 3289 3319 2413 595 3032 4003 4100 1485 1754 1565 2507 4702 3884 2731 3133 4705 2008 4302 1888 4057 4896 4108 3934 3621 1612 3206 3237 3575 814 4878 395 2061 672 177 3238 2560 1857 3941 3943 3339 4003 1724 4553 555 4241 3186 1034 149 75 3727 2684 1619
1699 3044 2557 4786 3699 2443 656 130 2344 1856 3029 2012 3227 3409 3376 4100 4291 4476 3946 2754 3441 1772 3146 1858 191 4060 61 26 2343 1326 3508 1322 1510 2135 578 3571 2858 2618 3716 4034 4542 1088 2738 4740 4902 3638 3405 107 3110 580 2684 3272 2751 481 4753 3088 1630 4624 3201 2625 4447 4854 3208 4713 300 3480 2662 3717 55 100 4892 4906 3743 3676 2415 1407 1839 3699 1951 2843 4465 4817 4615 2252 845 1885 2728 744 433 4556 1732 2353 2792 3572 1605 4366 1958 2391 286 420
985 1818 1248 2746 3741 4260 599 1149 351 2769 3030 3227 4350 438 1659 4757 3543 3482 2789 3464 4583 4680 4047 1253 3346 3160 1490 4602 3837 1099 3979 3854 708 159 1665 640 864 2668 3532 1767 1471 3191 3375 25 4153 1515 466 4685 3633 4235 4837 176 707 117 1873 1528 574 4212 2513 2067 2933 1660 871 3007 991 2231 2290 439 4942 977 2978 2713 3955 4072 1694 629 902 4509 2527 943 1688 4225 2757 2959 4428 3020 3905 468 162 3676 2418 1298 3819 3427 160 1222 4977 4616 855 2146
3907 3205 4526 1483 1043 440 1366 2141 2066 3940 4055 3409 438 4479 1601 94 322 4714 738 2322 1038 3181 4467 310 4079 30 1549 4449 3869 2824 4308 1930 1684 2652 2762 1862 3437 1396 3543 1661 2667 3139 3184 2419 441 3952 3970 4780 1731 120 3492 4956 4573 2283 112 3789 4274 2606 4912 2384 344 1437 4703 829 898 2615 135 2963 4048 3229 1241 2304 3553 2312 1630 4668 880 4375 3766 4860 19 2725 4655 4581 4799 1953 4115 1862 607 2085 3763 3011 1992 841 2656 1158 3815 1760 1480 2858
1999 2720 4922 2315 866 3231 2832 2561 4584 1463 156 3376 1659 1601 4316 4093 1734 3599 537 3457 3604 3741 3366 57 1698 513 2535 4580 1453 3428 4379 3574 599 521 1807 3553 4528 2208 1918 256 4321 2932 2193 3761 2503 4971 2236 2489 849 4368 1379 596 243 1753 4036 990 344 2250 972 1884 2880 655 4977 2409 2198 1905 4425 502 48 1675 2455 2314 1103 2565 904 3326 229 3720 1122 4490 3651 2802 1200 4343 3506 1571 2501 3424 2011 1947 2719 3513 3243 2420 598 2426 2740 174 1003 4856
4353 2747 1458 1052 1543 1007 3026 1264 4351 4350 3480 4100 4757 94 4093 565 1126 864 810 4365 4992 294 3443 1036 1720 4546 2644 2245 797 1307 2104 2320 1816 1073 4499 2824 4376 2360 3290 3510 1851 1151 3154 4204 4445 3840 2428 1937 4162 438 564 3912 3999 4745 2275 4626 2044 1121 1018 953 2974 4358 4634 2344 2724 4423 1773 3492 3661 2403 4744 4089 170 2468 2016 1488 1296 3240 3136 2791 4406 930 832 2052 3891 4876 3713 26 3171 3867 1000 2425 157 4823 4174 3763 611 4876 974 651
885 3112 4863 26 4529 1384 1743 1551 3037 4394 4371 4291 3543 322 1734 1126 2590 4155 3727 4561 3701 672 3306 1638 41 4077 1416 413 1595 777 3521 2164 3995 1567 3447 2050 3528 3411 2449 4835 641 2923 435 3237 2751 3395 4421 3133 1354 3028 1694 4019 1604 3414 3780 4623 3006 2166 413 4474 3442 484 2295 2550 2493 4629 4589 4156 1329 4749 2234 4112 1373 358 613 3592 4968 1282 4435 693 1000 363 1794 4654 313 3525 4931 1833 4767 4695 3728 3795 4240 4107 3150 3124 4242 2931 2900 4360
3363 3342 2194 3658 1206 2613 2596 3572 2880 3271 4386 4476 3482 4714 3599 864 4155 781 4927 2569 4569 4205 1813 182 4154 4072 4659 3882 648 26 1548 4656 2109 1353 3432 718 3653 4964 4583 4524 2040 1676 2395 4166 3910 1461 2959 1084 2788 180 4933 3003 2546 2933 1581 674 4547 1893 1804 130 751 1915 4550 677 4527 2831 3937 3519 3619 1948 1487 2473 244 1785 4316 4231 4519 4918 1714 521 2097 2778 1206 551 1110 3429 993 4182 966 631 2833 4424 2953 606 1909 4826 3803 2929 4285 1699
3560 3456 789 1374 1481 4059 67 795 166 3495 4146 3946 2789 738 537 810 3727 4927 4265 2135 3856 896 212 3578 2636 3197 4815 95 3443 2689 1397 2550 487 457 1862 3007 240 3582 2769 4965 1957 2271 1150 3163 4709 4321 420 4672 3955 3137 2538 2228 3285 4077 4052 514 3279 2849 671 3550 501 2724 341 885 363 983 4283 2588 1614 3945 1860 2803 4205 2854 639 4137 3370 3040 784 3943 3338 3712 4482 4841 332 1128 208 3951 3577 4627 1201 4728 140 3694 849 1519 531 4211 3597 3312
2370 868 2329 937 4914 598 1418 2100 787 1216 447 2754 3464 2322 3457 4365 4561 2569 2135 301 3652 1983 4997 965 1644 941 2455 1187 3431 4487 2276 2978 3614 3010 2966 900 606 3889 2381 1829 4211 1476 3715 1340 454 3816 116 1793 127 107 271 4166 395 3100 3231 1297 1945 138 478 2808 2234 4117 2023 2751 326 1786 1648 4172 3101 855 36 3756 1732 1992 3523 1788 4408 171 2199 1667 4158 3749 4157 1403 1313 3318 1447 450 313 4599 4624 3897 1266 1766 4697 1723 2168 2824 3145 1159
1490 2382 2857 702 1966 3698 4842 3856 2366 1506 4881 3441 4583 1038 3604 4992 3701 4569 3856 3652 4305 4050 2955 13 1238 2185 4275 3478 3320 4097 104 2735 467 1207 1475 186 2582 4577 1344 505 2014 1281 1951 4773 4446 4832 1122 4940 3046 1805 2806 1319 2888 2893 2815 4317 1476 710 1623 1553 4978 4963 2839 3634 2491 1909 3635 2358 4580 3898 2155 4857 2229 3532 333 3594 468 1924 178 4718 2815 760 2130 1418 574 3980 1444 3368 2935 219 968 2174 2192 2546 3164 3458 1029 4665 3251 3688
4658 4163 4804 4305 1261 955 3448 1907 4613 1910 4053 1772 4680 3181 3741 294 672 4205 896 1983 4050 3337 2984 4125 1706 1286 404 3196 2103 4797 626 847 1587 3452 4515 2510 3202 2114 1551 4383 1014 4324 4248 3976 967 4816 2241 3254 2591 583 1416 1328 4200 4448 681 1863 4435 2404 1973 2818 1079 1576 2560 1980 4464 1878 3266 4165 822 2548 651 1889 1655 551 1929 2234 1507 109 3778 4470 1075 3162 263 936 3922 3410 2387 166 4947 565 1474 1208 4054 343 2245 3600 3132 2396 4498 2086
2208 3935 3348 1162 3772 493 563 4902 2541 2971 3584 3146 4047 4467 3366 3443 3306 1813 212 4997 2955 2984 3313 3784 4252 4468 3106 4634 3357 2537 954 3781 3389 3737 4604 4058 4219 2234 3197 2716 3804 1521 376 3381 4907 977 4336 3461 4274 3611 4330 2227 4582 2509 172 1152 534 373 1594 2940 4868 190 1564 18 4461 2836 1127 4156 397 4203 1587 1950 4105 2832 3739 541 1245 1166 2725 2872 4170 1417 3832 4906 2103 669 4050 3318 2146 2587 4818 2792 3300 4511 1143 1913 501 2036 3970 3371
305 719 4188 4967 1883 2077 2261 993 3912 2619 3602 1858 1253 310 57 1036 1638 182 3578 965 13 4125 3784 2204 3960 3537 744 1849 3429 1489 3466 3230 786 673 442 2390 1575 3037 3597 3159 4056 568 3391 511 2638 2468 3694 558 4212 4974 2701 1140 2143 1274 1663 3786 3328 2322 2343 4836 3969 1566 2074 4213 4702 760 4050 2631 1848 288 3196 1961 2111 4093 4803 4434 4738 3949 2077 1613 856 2455 4029 1826 1193 3673 4200 2453 1144 3003 3647 895 54 2667 4538 3971 1393 4913 2056 2739
3042 308 651 173 4346 1428 3683 4218 2133 649 2758 191 3346 4079 1698 1720 41 4154 2636 1644 1238 1706 4252 3960 987 4596 2413 3466 1174 2001 671 830 4947 1486 2741 3983 4139 1673 3399 2049 2708 4699 1977 1746 4781 217 2792 2108 2674 2743 3880 854 616 3144 3833 463 4977 2622 1696 4146 506 1702 2939 684 3910 4808 4355 2149 729 2441 3150 315 4550 1435 2072 3180 746 3381 198 829 2080 4780 3811 4271 959 3093 2243 1229 2244 2476 954 4834 2968 2044 3311 943 1063 367 1289 3837
4103 2794 3922 4167 681 546 4924 3114 575 3540 940 4060 3160 30 513 4546 4077 4072 3197 941 2185 1286 4468 3537 4596 4244 2528 1358 726 3023 52 1473 456 456 2274 586 4065 4697 1528 4615 4045 3319 1580 18 418 3307 2089 981 3625 4849 943 3156 1095 512 4799 1351 251 664 824 3063 3377 3363 208 1183 992 4484 750 3020 3304 1274 3336 676 1497 3017 3985 2101 170 3026 2745 685 2690 260 2091 1496 3277 2584 1812 1033 3917 607 1980 799 1387 1102 4192 1810 2761 4240 4821 4456
907 3713 4516 454 140 2421 326 2362 3197 1918 1947 61 1490 1549 2535 2644 1416 4659 4815 2455 4275 404 3106 744 2413 2528 4685 645 1013 4781 533 2263 759 2253 2015 3822 3387 1246 3968 2337 3959 1529 3480 3784 1409 3019 1922 3456 3665 2500 3322 2116 2720 1819 949 3217 1392 1973 4731 1516 3323 494 4616 2777 3423 4475 800 4185 3925 3634 4983 3493 335 1326 4184 2345 1584 1370 1860 4955 1702 2264 3514 4748 176 292 2369 3457 658 2993 3897 2048 3037 3885 1589 4594 3065 2382 2793 1073
4481 2819 442 3190 4474 814 3112 2722 1534 4412 1542 26 4602 4449 4580 2245 413 3882 95 1187 3478 3196 4634 1849 3466 1358 645 2268 4325 3095 4413 2859 123 2455 2766 4281 4265 988 387 817 1809 4548 3275 2075 680 2261 3780 2457 4109 2868 410 630 2887 4765 1718 4902 661 4304 1341 1671 2538 748 1783 3094 1319 27 933 2804 4790 1030 3275 4726 2571 4742 4182 1773 1229 3910 4828 3459 1459 2002 1796 2230 3242 4720 2896 3818 3748 1443 4100 3761 3580 3562 1191 892 1818 146 2294 3469
4213 1484 3528 100 493 4661 4458 785 2905 2544 2286 2343 3837 3869 1453 797 1595 648 3443 3431 3320 2103 3357 3429 1174 726 1013 4325 1164 1150 4754 2999 4646 1134 1981 1171 1526 672 2678 1320 3041 3148 283 3544 1190 4473 2694 54 2359 2289 4288 4368 4620 3033 3010 3066 116 2418 340 1912 4466 1979 488 1647 2005 2118 604 1978 2591 4850 2682 2219 3531 3117 1374 92 993 2965 2991 4984 3597 400 4303 3784 3679 4840 2148 1462 3855 705 3435 4942 4249 3531 4949 406 3679 841 2245 420
4350 3975 4125 3729 2587 512 170 2776 4549 4500 1238 1326 1099 2824 3428 1307 777 26 2689 4487 4097 4797 2537 1489 2001 3023 4781 3095 1150 4718 4630 3564 1051 1402 3345 279 4186 1487 4995 286 4896 3281 3579 640 3897 3961 4344 2704 1166 578 2643 4155 4641 270 3706 3246 2390 2950 4736 2083 2559 108 2216 3895 1279 780 3264 517 1555 1941 4897 4444 2758 2559 1304 3498 4853 3757 1764 16 1784 1843 486 1236 4960 3260 4002 3426 1629 4717 1556 1297 1325 781 3588 4893 1794 3383 2006 1069
4061 4252 3515 3572 4378 4561 758 4501 138 2732 1142 3508 3979 4308 4379 2104 3521 1548 1397 2276 104 626 954 3466 671 52 533 4413 4754 4630 1046 4192 447 3465 319 300 2494 3282 2412 962 2345 1758 1569 3377 4493 2930 3972 3424 4179 1997 725 3385 1410 922 3031 3812 324 2609 4480 4686 1548 1915 4166 4346 2623 497 3002 4173 3935 4788 4116 1639 55 1469 4960 23 562 4337 2608 4162 2201 4030 2260 1018 3822 2897 3025 1567 4896 1238 754 1004 866 4397 1207 1608 3684 4608 720 1088
3006 424 3777 2923 2514 1848 1984 3769 357 1677 2597 1322 3854 1930 3574 2320 2164 4656 2550 2978 2735 847 3781 3230 830 1473 2263 2859 2999 3564 4192 4998 4875 1440 2860 3847 846 3546 4265 3251 1138 1639 2888 4591 1007 668 535 4086 3315 1945 2999 4464 1063 3535 4905 991 4776 1945 1832 972 1580 1179 3808 294 204 2886 262 674 561 2420 3990 808 2702 3614 3355 3268 153 2154 978 4719 290 343 4636 828 675 3495 990 620 4104 1222 3693 1293 1633 4149 2891 1133 484 2015 23 2088
1664 3485 3540 3062 3338 4093 959 4880 4714 1327 1589 1510 708 1684 599 1816 3995 2109 487 3614 467 1587 3389 786 4947 456 759 123 4646 1051 447 4875 694 3078 2649 1616 1454 4702 2008 974 2713 1597 1579 1177 1504 838 943 2957 4926 3369 4086 2017 4997 3035 209 478 1562 3040 4440 4308 1400 739 946 2641 3655 3259 791 4290 2403 1051 820 1055 26 2901 3900 4186 2117 809 4500 3432 4877 4437 3883 1567 351 2554 1176 2325 2496 3138 862 128 2754 884 4346 2679 4463 2209 4431 4002
3177 2224 692 3245 3586 4164 361 4520 3635 1843 582 2135 159 2652 521 1073 1567 1353 457 3010 1207 3452 3737 673 1486 456 2253 2455 1134 1402 3465 1440 3078 2817 2015 4465 1606 3132 3460 1058 794 554 1371 2552 621 2772 2136 14 4450 3113 1225 2972 935 659 1728 3462 3708 1780 1017 1366 1059 4050 1129 2434 871 3192 2643 4560 4136 4793 4967 1045 213 1028 481 3805 2209 3126 4606 1329 4670 2001 1504 190 3624 16 3033 286 823 22 717 1333 379 356 3860 4322 3804 260 888 3025
4843 2841 844 656 1448 2221 1177 2449 1448 4456 2937 578 1665 2762 1807 4499 3447 3432 1862 2966 1475 4515 4604 442 2741 2274 2015 2766 1981 3345 319 2860 2649 2015 3581 2847 1906 70 3849 409 2633 4113 3795 1476 4026 770 2906 2069 1724 1787 4627 2899 4796 515 3784 1249 823 2322 2669 752 4276 376 557 2088 474 3935 3828 4831 1771 4928 48 4540 33 619 3754 4195 1487 2046 2904 2411 4216 4549 3070 4393 4266 4078 2326 4434 647 2177 627 271 1061 2659 402 3780 1087 629 791 2431
3781 3762 3064 4177 2263 4731 875 3664 679 4895 3463 3571 640 1862 3553 2824 2050 718 3007 900 186 2510 4058 2390 3983 586 3822 4281 1171 279 300 3847 1616 4465 2847 649 4555 3780 3344 2989 4508 1119 1434 1331 2187 3924 2357 1427 1917 4005 2448 2126 1557 454 1227 2623 1088 4274 3044 3628 4309 2572 3959 4294 3472 4053 3244 4814 160 3439 3704 839 4026 3483 4844 3776 894 1271 3802 3264 3618 1846 4155 1621 1564 1056 4408 2825 596 1962 1544 2025 4910 2672 1347 167 2791 1842 406 494
1540 3556 1102 1171 3258 2251 1605 615 3607 136 2560 2858 864 3437 4528 4376 3528 3653 240 606 2582 3202 4219 1575 4139 4065 3387 4265 1526 4186 2494 846 1454 1606 1906 4555 343 3290 4065 1513 3494 3788 3896 3807 3647 2577 4680 516 1184 1530 1046 4164 1480 2339 1316 1874 2656 4510 2888 1973 3014 1077 2306 1307 4162 4806 4969 3634 2629 2123 167 2140 4835 154 4535 2193 3587 2490 3259 1705 1062 2450 4431 1609 1159 733 3327 4009 3112 1330 3688 4358 251 2303 1879 1711 861 3267 3701 3425
1898 1084 3169 258 3218 4113 865 824 242 3224 4795 2618 2668 1396 2208 2360 3411 4964 3582 3889 4577 2114 2234 3037 1673 4697 1246 988 672 1487 3282 3546 4702 3132 70 3780 3290 4617 3961 1964 842 4557 1406 3436 308 2506 4382 3705 3870 2241 2085 3184 2929 1693 2852 4924 4066 3941 2320 1867 4845 1444 4037 3960 840 209 3374 420 2359 2360 866 3985 2664 4840 3354 3758 2882 1945 3409 2978 3986 4870 3264 697 2417 587 1914 4656 3011 4177 2421 3184 4711 4328 740 232 1071 4450 3491 3807
2153 1196 4078 3672 3191 2226 3104 2619 4095 3818 1506 3716 3532 3543 1918 3290 2449 4583 2769 2381 1344 1551 3197 3597 3399 1528 3968 387 2678 4995 2412 4265 2008 3460 3849 3344 4065 3961 672 2356 4017 1413 4779 4170 1891 92 534 3282 2588 749 1761 2368 472 3189 3495 2528 244 4523 282 1447 77 1881 1753 181 113 720 488 1088 3437 1234 3529 1262 3210 4275 1142 4184 2699 3024 3316 4428 1392 2184 797 2950 4337 4652 2158 1003 2370 2256 2760 800 1198 681 3356 722 3648 1667 4410 2435
918 1233 4595 4255 422 4429 846 2454 1865 1832 4050 4034 1767 1661 256 3510 4835 4524 4965 1829 505 4383 2716 3159 2049 4615 2337 817 1320 286 962 3251 974 1058 409 2989 1513 1964 2356 4549 1976 2754 438 4289 2688 2246 2294 4356 3494 1232 4246 181 1815 1360 4834 339 1533 1495 1971 3199 1637 4369 816 4376 4513 2912 4237 4468 3944 1229 1473 4081 2764 1138 2217 2574 3562 2984 4615 546 762 1415 2815 1542 4431 2735 949 4216 4596 1417 3361 4361 4585 1033 3799 4877 190 2134 1920 830
4084 3038 427 3922 3519 2050 477 2223 980 1666 200 4542 1471 2667 4321 1851 641 2040 1957 4211 2014 1014 3804 4056 2708 4045 3959 1809 3041 4896 2345 1138 2713 794 2633 4508 3494 842 4017 1976 4371 1783 3393 4245 1959 340 4026 3746 531 4795 3580 2248 3748 3140 2366 1261 2022 3457 3730 4900 280 4805 4692 167 4133 2774 2688 842 2961 3224 2880 2538 1903 1096 2472 1827 2863 1469 117 3911 4326 2979 1823 350 631 472 460 4565 2032 1370 2882 454 292 1352 1079 2576 3261 3195 4345 732
3206 2339 2695 1547 2640 2835 768 347 1112 3031 4174 1088 3191 3139 2932 1151 2923 1676 2271 1476 1281 4324 1521 568 4699 3319 1529 4548 3148 3281 1758 1639 1597 554 4113 1119 3788 4557 1413 2754 1783 990 4418 2080 2641 2825 734 3137 750 2035 3953 2940 3568 456 3167 2354 3330 2618 4830 1777 3981 385 1337 2419 4398 2257 2768 3158 1954 4809 4883 3082 3831 2036 4758 4220 2910 3434 4442 1470 130 4193 3992 183 3744 2983 3828 4958 1194 3750 682 679 778 2227 1508 3358 3473 3794 4706 4083
4184 2724 1561 3205 639 1781 1196 3391 2225 2355 1825 2738 3375 3184 2193 3154 435 2395 1150 3715 1951 4248 376 3391 1977 1580 3480 3275 283 3579 1569 2888 1579 1371 3795 1434 3896 1406 4779 438 3393 4418 4791 1367 1111 4156 2581 1480 3927 1540 1314 3459 3322 3621 3755 1712 4457 3225 3896 4302 3152 4056 2237 2111 755 596 128 3594 4600 951 4950 1514 3866 1436 4762 3475 481 3690 1789 1079 2589 2354 385 2788 3022 110 4853 3986 3596 1568 560 1613 4898 363 4340 3567 2680 3384 587 3259
1168 2437 3505 50 826 487 4822 4535 1243 1619 2576 4740 25 2419 3761 4204 3237 4166 3163 1340 4773 3976 3381 511 1746 18 3784 2075 3544 640 3377 4591 1177 2552 1476 1331 3807 3436 4170 4289 4245 2080 1367 2337 2533 2358 2452 2237 2168 444 4283 835 4507 486 1021 2660 1455 4900 3656 1397 415 268 956 4677 318 1453 2224 3141 2581 806 4095 3411 22 1583 2193 3051 4154 4681 4954 4713 1705 1445 3368 4431 4804 3966 4607 172 1072 713 4743 3227 3482 1802 3782 645 3958 3375 3597 3678
2117 4879 4475 4135 2346 4609 4521 1970 1952 2413 788 4902 4153 441 2503 4445 2751 3910 4709 454 4446 967 4907 2638 4781 418 1409 680 1190 3897 4493 1007 1504 621 4026 2187 3647 308 1891 2688 1959 2641 1111 2533 49 4352 288 2106 3863 2075 1171 770 3161 547 2936 153 2605 4625 3098 4871 2257 4263 2978 1428 1791 3854 4363 510 646 683 638 589 4158 925 2542 3237 3697 3624 3075 2612 1282 4696 4940 195 2125 1976 887 4957 1446 4637 4124 2602 2970 640 4122 2258 3413 4459 1004 3621
574 2089 1245 1257 3137 4743 4386 144 2721 1924 2688 3638 1515 3952 4971 3840 3395 1461 4321 3816 4832 4816 977 2468 217 3307 3019 2261 4473 3961 2930 668 838 2772 770 3924 2577 2506 92 2246 340 2825 4156 2358 4352 4445 535 3779 1136 1941 376 3840 1689 1132 59 4563 1035 3992 2787 1976 2646 1209 1474 2794 302 1075 402 2864 1085 2516 3460 2651 2379 1211 4155 4108 1595 3132 1247 941 627 586 2206 2941 3825 4840 849 4929 2471 1898 4014 1806 124 3789 2707 3531 364 3760 956 1187
4653 428 3212 1099 4540 3523 809 3709 1425 2634 526 3405 466 3970 2236 2428 4421 2959 420 116 1122 2241 4336 3694 2792 2089 1922 3780 2694 4344 3972 535 943 2136 2906 2357 4680 4382 534 2294 4026 734 2581 2452 288 535 4383 355 2632 4249 58 3415 134 4790 3052 1145 4290 4502 2554 2988 2115 2304 4073 4932 4893 4308 1151 3740 1536 4515 4910 3274 3621 3221 2808 1616 1803 4076 996 1545 2525 2414 2408 3237 4031 3181 1399 3803 1745 4854 3268 1027 3244 273 2184 88 4547 2126 2125 3901
3258 2445 3625 1328 2700 1101 2294 1699 3076 2210 1195 107 4685 4780 2489 1937 3133 1084 4672 1793 4940 3254 3461 558 2108 981 3456 2457 54 2704 3424 4086 2957 14 2069 1427 516 3705 3282 4356 3746 3137 1480 2237 2106 3779 355 1828 3586 2536 213 3232 3008 81 141 4396 778 2753 1188 837 2315 2873 1302 4102 4258 552 236 3641 2315 4919 2467 3523 380 4205 2311 73 409 4277 2633 829 4697 4614 1420 4558 3827 1491 822 2634 3473 3813 4149 1218 4470 3992 922 4271 2047 4407 602 93
2459 4201 4487 2428 1371 3186 625 1475 1806 2043 3289 3110 3633 1731 849 4162 1354 2788 3955 127 3046 2591 4274 4212 2674 3625 3665 4109 2359 1166 4179 3315 4926 4450 1724 1917 1184 3870 2588 3494 531 750 3927 2168 3863 1136 2632 3586 1500 1404 236 1522 3353 3271 413 3179 1913 885 2372 1684 1502 1381 679 3102 3450 3798 3771 2294 4113 978 4059 1551 799 2170 1966 3898 1871 3602 2243 11 3147 2534 870 4213 1034 619 69 4960 4101 3315 3244 328 3980 3560 2523 207 3182 448 269 3970
1344 541 453 432 2331 596 93 4973 4996 2827 3319 580 4235 120 4368 438 3028 180 3137 107 1805 583 3611 4974 2743 4849 2500 2868 2289 578 1997 1945 3369 3113 1787 4005 1530 2241 749 1232 4795 2035 1540 444 2075 1941 4249 2536 1404 3720 301 1289 4061 1265 1875 1769 1300 2399 3268 3098 4955 731 4994 1675 2950 3961 2676 1487 239 1592 1262 4129 1871 212 4649 3726 3314 4228 74 2796 2933 966 4321 3596 3491 3707 1810 3925 410 4930 3594 2554 3166 2340 4437 4541 305 2913 192 807
1712 2940 1327 3455 2345 2490 3632 3364 4404 1249 2413 2684 4837 3492 1379 564 1694 4933 2538 271 2806 1416 4330 2701 3880 943 3322 410 4288 2643 725 2999 4086 1225 4627 2448 1046 2085 1761 4246 3580 3953 1314 4283 1171 376 58 213 236 301 2903 3993 4656 3091 3923 824 221 3236 170 4236 4439 3063 2307 4550 4987 1232 4645 4450 4836 4596 4109 121 1506 1758 3699 959 3960 2361 4660 2923 1582 4403 827 4110 3721 3848 2017 2020 2592 3760 1442 2118 1958 638 4760 882 1069 3705 2898 809
4915 4313 4430 4706 4340 1901 2793 1875 4539 1132 595 3272 176 4956 596 3912 4019 3003 2228 4166 1319 1328 2227 1140 854 3156 2116 630 4368 4155 3385 4464 2017 2972 2899 2126 4164 3184 2368 181 2248 2940 3459 835 770 3840 3415 3232 1522 1289 3993 2913 4876 491 569 2052 3109 771 2659 2405 2137 3876 3050 3232 4703 384 1591 1846 696 1633 3737 3823 3250 2610 2067 2279 3263 1429 3041 159 4790 1633 3390 4342 214 2181 2614 574 1779 4362 4960 3270 1856 681 3825 2476 3664 1365 3872 4912
280 2411 4304 4359 1818 3172 4909 743 4742 4279 3032 2751 707 4573 243 3999 1604 2546 3285 395 2888 4200 4582 2143 616 1095 2720 2887 4620 4641 1410 1063 4997 935 4796 1557 1480 2929 472 1815 3748 3568 3322 4507 3161 1689 134 3008 3353 4061 4656 4876 2937 3855 4496 607 3141 23 2472 4215 1144 3528 747 4202 3078 1186 3515 1193 1531 1411 863 1753 4414 1766 142 4611 952 3859 1377 2252 1367 4438 3964 2110 3445 4571 2854 1644 2195 1026 4111 2661 3261 4697 624 3953 4309 4251 3365 209
1033 2948 588 876 4862 4260 3959 26 561 4235 4003 481 117 2283 1753 4745 3414 2933 4077 3100 2893 4448 2509 1274 3144 512 1819 4765 3033 270 922 3535 3035 659 515 454 2339 1693 3189 1360 3140 456 3621 486 547 1132 4790 81 3271 1265 3091 491 3855 4880 1577 3920 1182 3099 4938 4857 1842 247 3393 612 4688 2151 1516 4746 488 1983 2865 572 1010 4395 2499 3486 4023 3012 2810 1516 702 3813 768 2503 1086 4984 1912 2663 128 714 2149 2035 2217 4838 4420 2037 342 1901 2202 4706
4209 1565 1988 3940 1603 3197 2057 3822 3503 3817 4100 4753 1873 112 4036 2275 3780 1581 4052 3231 2815 681 172 1663 3833 4799 949 1718 3010 3706 3031 4905 209 1728 3784 1227 1316 2852 3495 4834 2366 3167 3755 1021 2936 59 3052 141 413 1875 3923 569 4496 1577 3718 3076 4122 3668 144 628 1982 1056 4872 524 760 1615 2603 2214 1063 3503 4646 1001 1233 4848 593 4520 234 4993 1953 984 989 704 1448 453 1029 1796 2466 1222 883 3930 4490 2572 1022 3543 4727 847 2961 805 4989 2196
896 2081 4793 3133 2409 3454 2111 2491 865 486 1485 3088 1528 3789 990 4626 4623 674 514 1297 4317 1863 1152 3786 463 1351 3217 4902 3066 3246 3812 991 478 3462 1249 2623 1874 4924 2528 339 1261 2354 1712 2660 153 4563 1145 4396 3179 1769 824 2052 607 3920 3076 4211 3325 4182 148 540 4847 4055 2540 1631 2923 4267 1467 3024 2680 542 3530 4914 2233 2660 2990 4925 279 3243 659 4129 1756 4208 4898 1769 926 1136 3766 123 1416 1589 4013 822 4285 3772 3611 2497 373 428 3878 3739
1466 3669 1101 1630 1163 3386 2416 2047 2547 4555 1754 1630 574 4274 344 2044 3006 4547 3279 1945 1476 4435 534 3328 4977 251 1392 661 116 2390 324 4776 1562 3708 823 1088 2656 4066 244 1533 2022 3330 4457 1455 2605 1035 4290 778 1913 1300 221 3109 3141 1182 4122 3325 1433 3666 3367 2174 2824 2280 1030 2028 4626 1358 1187 2995 4682 1799 1131 2047 1658 4263 2903 793 4813 3046 1833 1738 2499 3581 4684 4257 610 989 2796 2152 2391 713 561 2377 800 4305 730 480 4258 619 1396 2933
1921 269 4324 3740 1429 794 1787 1837 549 3497 1565 4624 4212 2606 2250 1121 2166 1893 2849 138 710 2404 373 2322 2622 664 1973 4304 2418 2950 2609 1945 3040 1780 2322 4274 4510 3941 4523 1495 3457 2618 3225 4900 4625 3992 4502 2753 885 2399 3236 771 23 3099 3668 4182 3666 3629 4838 3985 3513 3974 4984 594 3025 1523 398 792 2488 3038 4218 4270 79 166 1356 2161 495 3647 2304 2426 2802 4589 2081 4421 3387 1186 4881 4165 4244 749 580 3450 611 908 4696 1951 3735 4302 2270 53
2692 3746 3934 2877 635 3829 2353 4173 1038 327 2507 3201 2513 4912 972 1018 413 1804 671 478 1623 1973 1594 2343 1696 824 4731 1341 340 4736 4480 1832 4440 1017 2669 3044 2888 2320 282 1971 3730 4830 3896 3656 3098 2787 2554 1188 2372 3268 170 2659 2472 4938 144 148 3367 4838 4595 4082 4576 4432 2397 1124 66 2120 1883 2853 2528 243 1454 1012 4277 4735 1566 2318 251 1151 3623 1776 2469 150 405 4070 4663 3584 3267 2829 784 933 1500 3618 4807 2032 1887 4046 52 2212 3654 155
2297 2627 357 709 4749 1833 1661 2716 3688 3811 4702 2625 2067 2384 1884 953 4474 130 3550 2808 1553 2818 2940 4836 4146 3063 1516 1671 1912 2083 4686 972 4308 1366 752 3628 1973 1867 1447 3199 4900 1777 4302 1397 4871 1976 2988 837 1684 3098 4236 2405 4215 4857 628 540 2174 3985 4082 780 2625 4823 4932 4345 1400 2111 3352 262 3639 4950 3359 1050 133 4927 970 568 4824 981 2814 4993 4051 2991 1796 466 4976 97 4147 4872 2265 3879 851 657 1650 2246 744 3003 4045 2394 690 52
3656 1783 3227 3707 413 2144 2693 4669 630 4611 3884 4447 2933 344 2880 2974 3442 751 501 2234 4978 1079 4868 3969 506 3377 3323 2538 4466 2559 1548 1580 1400 1059 4276 4309 3014 4845 77 1637 280 3981 3152 415 2257 2646 2115 2315 1502 4955 4439 2137 1144 1842 1982 4847 2824 3513 4576 2625 1031 2487 1025 1498 2598 4063 1058 3934 454 2709 1299 640 386 3365 1610 2003 4998 692 1182 844 2938 4103 3516 3894 3987 328 2273 4337 83 2774 2063 929 999 207 1431 1156 781 4023 1664 2989
3238 362 2036 665 546 3273 2790 2084 1270 2297 2731 4854 1660 1437 655 4358 484 1915 2724 4117 4963 1576 190 1566 1702 3363 494 748 1979 108 1915 1179 739 4050 376 2572 1077 1444 1881 4369 4805 385 4056 268 4263 1209 2304 2873 1381 731 3063 3876 3528 247 1056 4055 2280 3974 4432 4823 2487 2994 2488 2472 3668 2500 447 1436 78 2878 2319 3932 3940 2329 744 4078 2251 3283 1248 4366 3662 4997 878 2623 4431 4428 3859 1925 3294 1987 1617 1280 1823 4189 376 1910 1639 4182 4460 2566
1550 4751 3412 2304 2464 4869 1225 693 817 2722 3133 3208 871 4703 4977 4634 2295 4550 341 2023 2839 2560 1564 2074 2939 208 4616 1783 488 2216 4166 3808 946 1129 557 3959 2306 4037 1753 816 4692 1337 2237 956 2978 1474 4073 1302 679 4994 2307 3050 747 3393 4872 2540 1030 4984 2397 4932 1025 2488 1671 713 2611 1248 103 201 3794 2675 4119 1474 4724 3548 3547 126 3839 2684 523 2569 584 2102 2228 4169 282 2133 3463 278 4047 4046 4710 4340 3576 4846 999 2209 3922 934 1490 2471
1809 285 149 3564 207 1974 2842 601 4363 4455 4705 4713 3007 829 2409 2344 2550 677 885 2751 3634 1980 18 4213 684 1183 2777 3094 1647 3895 4346 294 2641 2434 2088 4294 1307 3960 181 4376 167 2419 2111 4677 1428 2794 4932 4102 3102 1675 4550 3232 4202 612 524 1631 2028 594 1124 4345 1498 2472 713 2623 139 3788 1436 1765 985 1164 2745 833 4127 1556 1929 3805 4923 2719 1550 3723 702 2223 3684 4003 1907 4636 2110 3481 542 71 241 2807 3402 710 695 434 2873 4436 115 923
1903 3916 4541 1476 2442 2499 651 72 3221 3511 2008 300 991 898 2198 2724 2493 4527 363 326 2491 4464 4461 4702 3910 992 3423 1319 2005 1279 2623 204 3655 871 474 3472 4162 840 113 4513 4133 4398 755 318 1791 302 4893 4258 3450 2950 4987 4703 3078 4688 760 2923 4626 3025 66 1400 2598 3668 2611 139 1735 4042 4168 3776 4565 1110 3983 3461 4949 4645 56 4816 2800 2626 2848 358 2961 3390 3131 3066 934 4853 107 4313 2158 4532 1928 2398 2565 4882 2060 25 4989 1115 4351 3636
2901 172 3594 4910 1635 2096 4237 1089 2237 4276 4302 3480 2231 2615 1905 4423 4629 2831 983 1786 1909 1878 2836 760 4808 4484 4475 27 2118 780 497 2886 3259 3192 3935 4053 4806 209 720 2912 2774 2257 596 1453 3854 1075 4308 552 3798 3961 1232 384 1186 2151 1615 4267 1358 1523 2120 2111 4063 2500 1248 3788 4042 367 2743 2557 3665 1015 182 390 2824 94 4773 1419 171 1255 1421 813 3568 771 4859 883 2495 4840 4725 4684 717 2281 1665 1889 4993 4078 1577 2392 60 3188 4692 289
62 3683 75 3949 2637 833 4295 3168 2876 3494 1888 2662 2290 135 4425 1773 4589 3937 4283 1648 3635 3266 1127 4050 4355 750 800 933 604 3264 3002 262 791 2643 3828 3244 4969 3374 488 4237 2688 2768 128 2224 4363 402 1151 236 3771 2676 4645 1591 3515 1516 2603 1467 1187 398 1883 3352 1058 447 103 1436 4168 2743 2615 2378 890 22 1841 3381 4430 245 2964 3824 4644 2376 2138 4871 1537 3050 1484 662 4602 1681 2481 4956 2150 2431 2565 4855 650 1828 2931 2882 4002 1280 396 1097
1552 4721 275 4102 549 4415 4144 1619 2633 1235 4057 3717 439 2963 502 3492 4156 3519 2588 4172 2358 4165 4156 2631 2149 3020 4185 2804 1978 517 4173 674 4290 4560 4831 4814 3634 420 1088 4468 842 3158 3594 3141 510 2864 3740 3641 2294 1487 4450 1846 1193 4746 2214 3024 2995 792 2853 262 3934 1436 201 1765 3776 2557 2378 28 370 2501 3309 739 647 3513 4855 3917 3764 2930 3673 3601 2771 3461 278 2215 1557 2769 2374 2110 2781 1773 1352 145 4751 3584 1464 4023 4928 1277 1321 4547
2945 1407 3728 2377 3930 4623 2587 3028 2931 3100 4896 55 4942 4048 48 3661 1329 3619 1614 3101 4580 822 397 1848 729 3304 3925 4790 2591 1555 3935 561 2403 4136 1771 160 2629 2359 3437 3944 2961 1954 4600 2581 646 1085 1536 2315 4113 239 4836 696 1531 488 1063 2680 4682 2488 2528 3639 454 78 3794 985 4565 3665 890 370 2309 4788 3107 2894 4058 1811 2414 1082 2175 2382 3473 2806 4498 4889 1165 2334 4520 3174 343 841 4712 2582 269 4904 2945 307 964 827 1580 4732 1410 1627
173 1924 2554 1333 4675 2970 4041 834 324 4331 4108 100 977 3229 1675 2403 4749 1948 3945 855 3898 2548 4203 288 2441 1274 3634 1030 4850 1941 4788 2420 1051 4793 4928 3439 2123 2360 1234 1229 3224 4809 951 806 683 2516 4515 4919 978 1592 4596 1633 1411 1983 3503 542 1799 3038 243 4950 2709 2878 2675 1164 1110 1015 22 2501 4788 3011 3894 4447 881 2455 4627 1771 1550 543 3195 2181 4397 3870 4477 30 4379 1392 4227 216 2707 4267 3629 1286 1107 3486 2737 1978 35 305 2332 2850
1498 2996 4009 1799 3235 4495 1878 3765 515 697 3934 4892 2978 1241 2455 4744 2234 1487 1860 36 2155 651 1587 3196 3150 3336 4983 3275 2682 4897 4116 3990 820 4967 48 3704 167 866 3529 1473 2880 4883 4950 4095 638 3460 4910 2467 4059 1262 4109 3737 863 2865 4646 3530 1131 4218 1454 3359 1299 2319 4119 2745 3983 182 1841 3309 3107 3894 1956 1038 756 2003 2601 2168 4631 3547 3884 734 336 4093 1623 3708 3948 2062 2284 1180 898 757 4705 4355 4341 3544 2749 1389 2739 2409 1688 912
4000 2227 4535 4611 3083 2692 4326 4502 3992 1752 3621 4906 2713 2304 2314 4089 4112 2473 2803 3756 4857 1889 1950 1961 315 676 3493 4726 2219 4444 1639 808 1055 1045 4540 839 2140 3985 1262 4081 2538 3082 1514 3411 589 2651 3274 3523 1551 4129 121 3823 1753 572 1001 4914 2047 4270 1012 1050 640 3932 1474 833 3461 390 3381 739 2894 4447 1038 3280 61 3125 4355 4953 341 4838 122 465 2909 2305 2780 2506 1144 2038 2160 1858 2564 2961 1870 2942 2991 1337 1990 2370 4267 1788 1926 3053
2860 4123 3594 435 1506 2877 3703 3193 2493 3786 1612 3743 3955 3553 1103 170 1373 244 4205 1732 2229 1655 4105 2111 4550 1497 335 2571 3531 2758 55 2702 26 213 33 4026 4835 2664 3210 2764 1903 3831 3866 22 4158 2379 3621 380 799 1871 1506 3250 4414 1010 1233 2233 1658 79 4277 133 386 3940 4724 4127 4949 2824 4430 647 4058 881 756 61 4013 3879 3985 4400 2479 4854 188 4857 4174 3015 4200 2923 3951 931 1999 3314 3134 543 1548 3051 2796 858 1076 2524 1266 478 3339 782
288 3629 4160 3837 1430 4563 1164 2266 3059 2495 3206 3676 4072 2312 2565 2468 358 1785 2854 1992 3532 551 2832 4093 1435 3017 1326 4742 3117 2559 1469 3614 2901 1028 619 3483 154 4840 4275 1138 1096 2036 1436 1583 925 1211 3221 4205 2170 212 1758 2610 1766 4395 4848 2660 4263 166 4735 4927 3365 2329 3548 1556 4645 94 245 3513 1811 2455 2003 3125 3879 1410 3754 4249 3071 648 4962 3713 1883 4490 2840 4543 2367 1332 3598 2174 1215 2268 4011 4714 2757 1078 3331 2434 1423 3788 2249 4008
2389 3573 357 2448 2963 4521 4718 3230 4166 1830 3237 2415 1694 1630 904 2016 613 4316 639 3523 333 1929 3739 4803 2072 3985 4184 4182 1374 1304 4960 3355 3900 481 3754 4844 4535 3354 1142 2217 2472 4758 4762 2193 2542 4155 2808 2311 1966 4649 3699 2067 142 2499 593 2990 2903 1356 1566 970 1610 744 3547 1929 56 4773 2964 4855 2414 4627 2601 4355 3985 3754 454 4953 1760 3691 1788 2838 1013 4024 1653 2509 2728 1734 2392 147 1045 2361 292 4328 109 3770 944 301 2636 2678 880 1512
2635 2723 4648 2425 2239 3537 3482 51 595 1041 3575 1407 629 4668 3326 1488 3592 4231 4137 1788 3594 2234 541 4434 3180 2101 2345 1773 92 3498 23 3268 4186 3805 4195 3776 2193 3758 4184 2574 1827 4220 3475 3051 3237 4108 1616 73 3898 3726 959 2279 4611 3486 4520 4925 793 2161 2318 568 2003 4078 126 3805 4816 1419 3824 3917 1082 1771 2168 4953 4400 4249 4953 3544 3389 3578 4224 4146 2686 2877 1279 3413 1079 2302 3032 169 3958 1881 1139 529 1023 1222 2220 4769 2795 4996 3378 1366
2596 1738 2228 957 2682 2726 194 910 623 768 814 1839 902 880 229 1296 4968 4519 3370 4408 468 1507 1245 4738 746 170 1584 1229 993 4853 562 153 2117 2209 1487 894 3587 2882 2699 3562 2863 2910 481 4154 3697 1595 1803 409 1871 3314 3960 3263 952 4023 234 279 4813 495 251 4824 4998 2251 3839 4923 2800 171 4644 3764 2175 1550 4631 341 2479 3071 1760 3389 611 1075 986 4046 4242 4288 376 2895 3379 667 4856 1702 3332 4523 3409 371 4985 645 496 547 619 4232 441 3832
1310 3105 1652 2482 3188 412 183 2424 575 4454 4878 3699 4509 4375 3720 3240 1282 4918 3040 171 1924 109 1166 3949 3381 3026 1370 3910 2965 3757 4337 2154 809 3126 2046 1271 2490 1945 3024 2984 1469 3434 3690 4681 3624 3132 4076 4277 3602 4228 2361 1429 3859 3012 4993 3243 3046 3647 1151 981 692 3283 2684 2719 2626 1255 2376 2930 2382 543 3547 4838 4854 648 3691 3578 1075 3029 1931 4223 3124 3841 1688 754 2333 1710 80 2833 2089 1555 2894 843 838 1624 446 167 1199 3851 1892 4710
4935 3122 4099 3076 4493 3847 896 279 4089 4904 395 1951 2527 3766 1122 3136 4435 1714 784 2199 178 3778 2725 2077 198 2745 1860 4828 2991 1764 2608 978 4500 4606 2904 3802 3259 3409 3316 4615 117 4442 1789 4954 3075 1247 996 2633 2243 74 4660 3041 1377 2810 1953 659 1833 2304 3623 2814 1182 1248 523 1550 2848 1421 2138 3673 3473 3195 3884 122 188 4962 1788 4224 986 1931 558 1016 2015 2817 1343 2333 942 4522 1419 4862 3329 812 4884 4540 4322 1811 53 4974 4369 747 1985 3528
2621 2111 3072 2487 1026 4179 238 1432 3772 4624 2061 2843 943 4860 4490 2791 693 521 3943 1667 4718 4470 2872 1613 829 685 4955 3459 4984 16 4162 4719 3432 1329 2411 3264 1705 2978 4428 546 3911 1470 1079 4713 2612 941 1545 829 11 2796 2923 159 2252 1516 984 4129 1738 2426 1776 4993 844 4366 2569 3723 358 813 4871 3601 2806 2181 734 465 4857 3713 2838 4146 4046 4223 1016 4736 2394 92 1581 133 3586 914 402 2625 944 2628 1772 1150 1291 3847 2049 2075 4879 3273 4806 624
1739 4769 3578 3153 4466 3895 2572 88 3305 714 672 4465 1688 19 3651 4406 1000 2097 3338 4158 2815 1075 4170 856 2080 2690 1702 1459 3597 1784 2201 290 4877 4670 4216 3618 1062 3986 1392 762 4326 130 2589 1705 1282 627 2525 4697 3147 2933 1582 4790 1367 702 989 1756 2499 2802 2469 4051 2938 3662 584 702 2961 3568 1537 2771 4498 4397 336 2909 4174 1883 1013 2686 4242 3124 2015 2394 1406 1225 1590 100 3514 874 224 3580 4388 2449 179 3456 4049 1546 2963 2466 1754 4639 2310 2989
1825 4365 2932 4526 2703 4385 2052 2088 2359 191 177 4817 4225 2725 2802 930 363 2778 3712 3749 760 3162 1417 2455 4780 260 2264 2002 400 1843 4030 343 4437 2001 4549 1846 2450 4870 2184 1415 2979 4193 2354 1445 4696 586 2414 4614 2534 966 4403 1633 4438 3813 704 4208 3581 4589 150 2991 4103 4997 2102 2223 3390 771 3050 3461 4889 3870 4093 2305 3015 4490 4024 2877 4288 3841 2817 92 1225 799 148 2831 61 729 2627 1476 579 3603 63 3850 2578 1660 2678 1367 21 2259 4772 1643
