N: 100
M: 20
Symmetric: true
Triangle: false
3 80 53 7
3 60 92 20
5 27 41 47 14 37
4 67 40 79 38
10 55 11 75 61 48 50 58 93 8 99
3 96 32 69
7 82 72 35 9 88 77 23
6 68 21 28 57 81 74
7 86 18 91 71 90 3 65
3 15 6 39
3 51 30 54
4 33 44 12 83
3 78 2 24
8 26 64 52 97 89 76 10 100
5 46 70 25 73 66
4 62 16 49 13
9 31 4 34 43 5 42 17 87 95
5 29 59 98 85 19
4 1 94 45 22
4 63 84 56 36
2003 2027 3261 1759 3286 4586 35 4387 2766 3346 3715 35 4415 3156 4522 2606 2830 1339 546 2685 418 2127 3383 3406 3590 1762 4233 194 3222 1750 4501 632 3714 4778 1548 1483 1797 3564 335 4915 1178 1448 3312 2475 4074 4022 1735 1716 234 2954 2757 1130 1544 436 980 4255 4059 3300 1398 268 1999 4330 2387 2547 1129 1958 3719 4428 3063 2188 2763 4078 501 263 1318 2764 3247 1772 58 3960 2743 3374 4947 3665 4815 3873 3283 4532 1218 1130 509 1877 1525 2819 2059 3500 2620 2249 2653 4911
2027 4792 4879 1795 4633 346 4742 899 1371 4735 4943 4483 1022 2221 1047 3249 2040 151 1097 2612 477 1561 541 3498 546 2281 3228 398 2988 2432 4784 4530 2054 1468 4996 4562 1937 4980 2418 1720 235 3046 3044 4534 3467 2930 3840 4025 2193 1082 2374 4915 3247 3826 4017 3294 4416 4295 2330 1749 88 240 1093 347 3716 643 4359 422 1963 3582 1636 1230 4739 964 828 4325 4624 1796 1841 4601 4864 2380 226 393 2169 2137 761 1948 1095 4586 1764 1090 265 224 2664 1449 2387 711 1036 4365
3261 4879 4510 4878 1349 2251 787 4260 1166 4228 4778 1727 380 4752 1303 2860 2793 39 3923 1393 4851 625 1097 1479 1837 613 163 4305 3894 1450 296 3633 2341 1350 582 1493 3427 4798 4144 2534 3580 4786 2155 1425 276 205 3204 1577 799 3626 1399 272 698 598 451 1729 3482 4735 3902 3392 1404 4142 1518 1578 3710 537 865 1301 1262 4983 1686 670 3186 3740 4506 4122 474 1446 2474 4496 3580 1155 1162 4992 2779 4755 2919 2071 2642 2606 4305 1957 938 4431 3966 4288 733 4483 248 772
1759 1795 4878 3247 586 2752 3977 344 2965 175 1807 1931 2733 4676 289 1598 4756 890 2968 2987 1143 1969 356 1414 736 3832 4702 3848 2629 3275 2053 4277 435 4764 4409 4288 1068 426 243 1300 1968 1331 4945 3695 56 1281 1315 2058 2182 2853 732 518 3726 4592 1869 3904 4359 3854 1660 4926 444 2937 1533 1132 3205 3774 2068 939 3154 490 2636 2842 4929 10 2402 2478 4078 2127 4246 599 2600 3454 3619 360 2152 2707 1929 1816 3979 3168 3362 1546 1476 1774 246 4192 3906 4485 4721 921
3286 4633 1349 586 1267 2857 4590 1056 3624 342 2116 574 431 4052 2561 1379 4806 4481 1285 3772 701 4844 3491 4760 2359 348 3706 4037 3609 1446 538 4324 4863 794 4200 2048 499 283 1407 276 2024 1392 1458 2626 1835 1330 2347 3772 4428 4880 3269 4330 2771 3836 2129 1033 4842 4149 3427 3255 4989 2791 3609 4887 3403 3082 1160 4595 2945 3554 956 4052 504 1500 1130 4428 980 3968 3825 3716 449 1859 3044 912 3817 4574 4692 2758 754 3616 4140 2684 1737 2485 4743 3889 3602 1078 3412 69
4586 346 2251 2752 2857 81 4402 4287 4346 2274 3530 1966 469 4217 3111 3078 2500 1193 99 4309 176 970 540 4664 326 1922 965 3099 2351 3093 2762 1254 2912 364 3523 1272 2731 3278 853 428 1124 588 359 2045 4508 4880 3423 2592 4205 4950 2574 61 1965 753 4559 2158 1370 1416 1103 1135 4306 2543 1870 376 2352 1584 1365 4090 4905 1480 242 4886 392 301 751 3954 158 849 4719 1474 4246 1385 3991 2284 2894 1018 4486 3113 808 3853 3699 4793 936 1813 3594 374 94 4963 2644 944
35 4742 787 3977 4590 4402 2442 3271 1949 2942 3279 2747 4315 2020 1999 1801 3301 4706 3374 4403 4093 844 1509 4071 3555 3719 406 1793 703 4715 822 2406 4844 182 1183 3640 2505 4758 954 502 1102 1827 4393 4388 2517 230 4317 1602 1181 4404 582 4733 1496 3608 1413 2154 2604 1127 2452 1074 653 1644 4375 4310 3091 1827 4043 3565 2808 2761 1689 1032 4848 4813 1082 4740 4659 266 195 2384 2400 3596 1966 2255 169 4940 2318 867 3265 1730 3694 1832 1172 750 1485 1834 3726 1387 3044 920
4387 899 4260 344 1056 4287 3271 194 4848 1794 1071 1231 2650 2848 978 3886 663 1289 1696 1792 1689 385 1212 1703 1760 1459 995 1890 2014 2390 1641 1036 952 2727 4758 2793 3224 4349 2328 2211 4796 242 3652 4306 3530 4221 3104 116 1212 1882 188 4407 188 4584 2353 523 402 1932 1567 1952 3244 4549 2931 4029 2130 2369 3861 847 1997 884 3591 2628 4042 4427 2366 3682 4791 2347 179 2553 3018 1476 3936 4759 1743 2704 4543 1669 2813 2246 4613 3987 2865 4924 1202 1466 3198 2521 1318 2350
2766 1371 1166 2965 3624 4346 1949 4848 2627 1122 3427 2086 4082 2356 67 246 257 1281 2151 4642 3849 4787 4481 2749 2450 3787 1208 294 2941 4434 1504 611 1039 2949 4360 829 754 1208 2777 2535 3870 2711 4923 3736 4995 853 3011 3985 4523 2170 2844 419 2809 1486 2674 500 4386 4205 2397 1549 3571 160 3613 4334 3187 4008 4648 2227 1713 537 2916 2234 156 3522 3175 4740 233 3843 884 901 4933 4071 4902 2695 3943 1123 4131 2329 474 4427 2273 2713 1003 256 1261 1851 4942 3213 2659 225
3346 4735 4228 175 342 2274 2942 1794 1122 2118 361 4890 3447 4676 437 3208 3525 1772 691 4029 1636 85 1129 2927 2095 4536 486 1113 2959 1267 4239 4564 3498 2499 150 3281 1954 4925 245 3682 2554 2731 825 4835 3845 1236 899 2992 2254 3599 1619 4409 2768 3505 2717 864 3338 1198 1328 1113 1328 3465 4216 2511 125 4627 3137 2578 1840 4368 3152 32 993 1118 3990 2855 4182 3053 3015 569 3128 560 1464 2297 190 4745 878 504 3872 2512 2547 4307 3940 140 1711 691 990 2358 2619 2983
3715 4943 4778 1807 2116 3530 3279 1071 3427 361 477 1117 4600 3865 4168 4059 2916 4818 835 3774 2852 2103 3400 699 3884 1907 364 277 1708 833 443 1300 1191 2742 4295 2944 3458 1359 1007 1171 4451 4391 441 163 2718 902 1772 4528 4440 492 733 4036 861 1734 3187 923 1888 3934 3185 4495 3581 3291 4337 1644 763 4590 1866 2819 3684 937 1726 585 1355 2210 2441 1802 1625 955 4423 3876 2186 4548 3799 1264 4727 931 1647 4537 4811 3819 1413 2564 355 2194 2851 4676 1631 4577 1921 3158
35 4483 1727 1931 574 1966 2747 1231 2086 4890 1117 1106 1017 2975 559 4953 4711 1145 2307 2170 4356 3090 20 411 894 3077 1041 3239 1912 4722 3796 3710 4866 4782 3769 3252 4446 1690 3794 3812 2203 3619 672 2454 4347 2912 1056 2314 113 2897 1508 2298 4457 643 3414 2567 680 952 3443 1155 2878 850 4025 2762 3962 4596 806 3301 3751 1434 3284 4073 2456 463 2889 172 1456 1494 2930 1493 2955 890 2581 263 2255 29 1555 2894 4291 517 3243 1673 240 2026 1686 673 452 3820 2364 1974
4415 1022 380 2733 431 469 4315 2650 4082 3447 4600 1017 2304 579 3150 4233 763 1411 330 4021 4316 3979 2450 2592 1796 4113 2005 2013 3879 187 347 391 3371 1409 703 1060 3759 216 1209 2953 2719 542 1570 4386 3051 3687 2974 4775 3380 1326 3700 4924 4225 4949 4345 1379 1047 2290 788 4475 436 1514 3201 2811 1477 4342 4767 3595 3331 692 1666 3115 1781 4428 3960 680 3047 3460 2003 552 3397 3996 3137 483 1403 4910 1759 1134 4678 2401 795 4188 1741 3923 131 663 1350 4058 849 3041
3156 2221 4752 4676 4052 4217 2020 2848 2356 4676 3865 2975 579 3168 2430 2519 1676 343 2247 870 1356 4188 4334 363 4429 2940 4303 272 1288 4449 4239 4748 872 4032 3643 1182 1716 2253 2046 4396 4699 4512 2144 3257 4093 1411 2972 1222 2900 4458 4527 2769 2108 839 4050 909 615 4427 3998 1257 1688 623 1647 2980 2623 364 1990 4488 377 1911 2708 1058 1944 491 438 4465 724 374 4235 1840 3271 1290 3607 4449 4462 1047 4863 3655 1612 3604 3232 1110 3661 1489 1050 4622 4364 523 1970 3675
4522 1047 1303 289 2561 3111 1999 978 67 437 4168 559 3150 2430 4007 1881 1753 496 2891 760 1599 1650 3677 2733 2695 2789 1656 1719 713 2839 713 802 3157 4025 1993 4457 931 173 2674 2274 4251 1406 3704 2496 210 4486 2730 2636 4216 1936 2438 1140 277 2656 1838 4179 1744 719 4814 2375 640 2929 4077 4842 2278 3679 4694 3825 1354 3091 90 3001 3008 4726 299 1477 3374 2174 2837 4330 1963 2055 429 1853 3766 1031 178 3961 3792 124 4525 1220 4802 1667 693 2112 543 2342 522 3119
2606 3249 2860 1598 1379 3078 1801 3886 246 3208 4059 4953 4233 2519 1881 183 1721 319 3684 2524 2078 849 4358 1259 2639 3653 2143 4227 1073 147 4927 3904 1381 2201 2814 467 501 1662 1233 873 1547 3740 2765 4746 1883 3763 1672 3175 4002 829 202 1721 2826 2415 3637 638 1195 1347 1528 2984 1505 2306 4322 306 2898 145 709 4745 4686 2700 754 3658 4225 686 1816 4734 1612 535 1800 214 2818 923 685 3171 1954 4378 2736 236 3269 279 2659 1267 2469 923 2320 2979 2703 4289 3956 2605
2830 2040 2793 4756 4806 2500 3301 663 257 3525 2916 4711 763 1676 1753 1721 2184 1576 773 3989 1975 1355 1901 3773 1354 2547 2880 943 2523 3598 4204 305 4415 509 2090 1621 2375 329 2023 4547 337 1825 4840 4202 2497 4391 1400 2670 746 4992 2937 1529 2375 2700 3608 4543 1566 2694 4029 4011 1635 647 2822 3253 2313 2974 2043 155 1073 2461 4151 3327 4340 3056 3796 3081 3487 4173 293 4097 4853 4633 1940 3471 2298 4313 2030 2214 4491 3439 476 4946 2489 339 4656 4714 778 3498 1854 2267
1339 151 39 890 4481 1193 4706 1289 1281 1772 4818 1145 1411 343 496 319 1576 3524 3562 3701 732 1740 989 3066 2157 3275 1165 2776 4516 230 1395 1423 2191 4180 2116 2192 4466 238 4375 3339 2014 145 1871 804 3109 2948 272 4127 3108 1367 1399 2513 629 4392 1527 4740 2734 3199 194 1963 556 4379 4076 1910 495 677 810 3427 2774 955 1708 740 230 157 4194 3163 3091 2340 4708 2699 3725 4206 4239 3273 4525 4263 1551 2202 393 3246 3213 2265 2387 4703 1244 3773 2423 1558 4748 3152
546 1097 3923 2968 1285 99 3374 1696 2151 691 835 2307 330 2247 2891 3684 773 3562 3875 1109 4649 315 2137 1497 1192 585 4267 4182 1195 2851 3149 2190 3178 1048 4453 3003 2695 1321 367 3955 4262 829 3972 3749 3755 1944 4922 942 1662 3080 1725 3725 3231 3399 3505 848 402 1262 919 1211 641 345 1977 1091 2859 473 4981 3562 411 4822 720 119 3038 3581 1497 1821 2071 3594 2806 4041 4515 3046 657 4130 3297 1350 831 2199 4104 385 3054 4565 1961 4665 4599 4930 4044 622 4657 2178
2685 2612 1393 2987 3772 4309 4403 1792 4642 4029 3774 2170 4021 870 760 2524 3989 3701 1109 3676 1728 4822 1762 4874 3589 2752 1226 1705 635 2183 1717 3814 1095 3844 4258 1002 418 1747 2842 3336 534 1516 857 3378 3777 3152 1876 4339 4461 1331 2090 1740 499 672 4864 1295 3820 364 2261 1553 2991 1778 3451 2535 1227 1770 1489 3057 3350 3884 2203 116 2111 3004 278 31 3568 700 4344 4533 4789 2535 484 1446 758 3451 3645 1311 1961 4548 611 3477 340 4656 2388 3089 2660 2998 974 4269
418 477 4851 1143 701 176 4093 1689 3849 1636 2852 4356 4316 1356 1599 2078 1975 732 4649 1728 1330 4110 1978 1119 2332 2048 1897 3794 3979 4298 4571 1609 2247 1518 3511 21 1112 1765 3824 4630 709 4077 3738 2895 2071 2955 3346 1529 744 4150 1323 782 3906 2574 4350 4672 3087 4953 4258 4712 2655 485 4562 1531 2303 4978 1272 4896 4234 4838 1605 1305 546 2400 4717 2845 4088 830 2799 1641 3364 4879 1001 237 3153 410 1393 1737 1117 4384 2441 3675 1271 2971 430 2077 2873 2043 2689 2240
2127 1561 625 1969 4844 970 844 385 4787 85 2103 3090 3979 4188 1650 849 1355 1740 315 4822 4110 306 2433 1052 3732 4950 1066 3483 4912 2884 4262 4293 2611 4964 1856 2849 1188 3072 2181 568 1612 2988 2084 1564 4750 3496 2015 1935 2751 3478 3797 4898 2881 1143 2061 4915 660 1115 3248 1313 116 2170 592 4993 4904 1444 4433 2988 4556 4269 2253 2609 869 2656 2042 4338 3399 349 1547 1059 1295 4414 3038 1417 4793 2808 1169 1379 57 4165 3661 1044 2812 1295 1521 1317 1151 3023 4379 556
3383 541 1097 356 3491 540 1509 1212 4481 1129 3400 20 2450 4334 3677 4358 1901 989 2137 1762 1978 2433 2124 2606 3750 3876 1733 1264 1322 589 4044 2606 3391 4557 4884 3902 1831 3563 60 1202 2787 68 4294 2388 4048 727 2534 3113 253 3651 178 386 1531 543 504 743 658 18 4808 4462 1395 2623 43 4256 4311 2673 4179 2286 4637 1363 4655 3097 1189 1015 264 4312 1574 1259 1903 4228 49 702 2986 4501 1051 1115 3480 2195 2442 3269 2265 4354 2649 1275 3481 2604 4606 718 3551 3386
3406 3498 1479 1414 4760 4664 4071 1703 2749 2927 699 411 2592 363 2733 1259 3773 3066 1497 4874 1119 1052 2606 1155 1363 1745 3840 571 3791 4751 1286 374 1716 4837 2387 4393 1790 1709 4768 4542 3646 1973 3918 296 4231 4387 1054 2153 3043 1699 3983 564 3118 1130 4963 4153 3343 1196 1683 2035 4939 4248 3184 125 3492 3228 2502 3791 513 4262 3444 3781 3339 4505 3166 504 563 1053 2672 3494 1554 4033 3350 210 2389 2938 1473 4166 67 2826 3225 2253 1809 4779 4606 3141 813 4660 4106 257
3590 546 1837 736 2359 326 3555 1760 2450 2095 3884 894 1796 4429 2695 2639 1354 2157 1192 3589 2332 3732 3750 1363 2363 2679 4794 953 739 3445 3179 3041 1001 2711 301 562 1602 3674 1284 930 2829 228 1911 1046 2058 2298 2881 922 82 2899 3359 2917 359 1442 657 3856 737 3475 3195 4300 3204 2186 732 4192 2628 1778 1698 1014 1161 1085 4423 3350 4496 1256 2765 1642 3360 2900 35 3316 1852 1115 4960 3900 4886 3004 3450 2589 3246 2036 1434 393 4952 821 1661 585 343 4808 1106 738
1762 2281 613 3832 348 1922 3719 1459 3787 4536 1907 3077 4113 2940 2789 3653 2547 3275 585 2752 2048 4950 3876 1745 2679 2371 2875 3442 2679 812 3586 3099 1229 1833 3998 2169 4347 1336 1378 1773 3825 380 1235 1750 4663 2485 3149 4417 347 3386 2038 4174 3667 3543 2466 587 4642 1368 2361 815 1814 907 97 4827 398 3401 4352 4284 2823 4934 1411 3958 1285 2853 2737 165 3766 4743 4514 3349 3021 2725 4410 1397 618 1176 2037 647 1576 3198 3571 4156 3955 74 2986 4913 3207 4302 3596 1185
4233 3228 163 4702 3706 965 406 995 1208 486 364 1041 2005 4303 1656 2143 2880 1165 4267 1226 1897 1066 1733 3840 4794 2875 2339 336 2413 984 2310 570 1400 429 990 4898 2519 3695 4417 4091 325 630 3207 2580 1934 574 2699 934 2905 1597 405 2521 2605 1721 4583 2913 4090 2500 4353 3972 468 689 3660 4623 2812 935 405 4655 4888 4185 4715 1675 164 1223 429 1448 4304 1542 3425 3975 320 1033 526 2898 4330 4567 2968 150 4830 4446 2485 2763 2910 980 1292 2260 125 2098 1500 1215
194 398 4305 3848 4037 3099 1793 1890 294 1113 277 3239 2013 272 1719 4227 943 2776 4182 1705 3794 3483 1264 571 953 3442 336 2748 884 3578 4786 1541 1749 2666 3064 2705 1813 292 3890 1481 2824 4834 3359 2166 2022 4168 1231 4721 2490 4768 1204 1368 624 2556 4329 2326 3604 4895 4140 1292 1907 4316 2835 3456 4869 2017 2098 3127 2055 2945 2445 584 2188 2972 2888 4280 4891 4778 3264 3899 3086 613 4119 2215 725 4727 1054 3731 4705 2541 54 436 1798 2494 1012 1671 3789 1075 4234 1300
3222 2988 3894 2629 3609 2351 703 2014 2941 2959 1708 1912 3879 1288 713 1073 2523 4516 1195 635 3979 4912 1322 3791 739 2679 2413 884 614 2605 476 4826 481 2573 1293 4395 2518 900 2711 1460 2337 628 345 869 989 4277 2540 1045 4438 1252 4988 3022 4512 4453 1395 2839 3730 2488 1981 551 1042 4394 3684 925 4082 503 3163 3050 3549 3258 2246 3335 2456 278 2201 1833 1369 4516 3972 2662 654 726 1642 35 540 1460 3997 2452 969 4936 562 3829 1765 1648 3791 1322 3456 2910 4575 2556
1750 2432 1450 3275 1446 3093 4715 2390 4434 1267 833 4722 187 4449 2839 147 3598 230 2851 2183 4298 2884 589 4751 3445 812 984 3578 2605 406 2463 2046 3026 1649 1052 1899 336 2280 1248 3121 2716 594 1520 4807 3023 3307 1376 4228 4230 4307 517 2467 1790 444 2553 413 1639 1400 4713 2596 64 597 637 2161 3091 1771 4319 1677 3632 1766 227 140 603 4688 1319 1501 3515 3536 410 4257 1073 1005 1786 3467 4463 4336 254 3118 4661 2760 3414 1622 4522 2238 851 591 4268 1525 4089 4452
4501 4784 296 2053 538 2762 822 1641 1504 4239 443 3796 347 4239 713 4927 4204 1395 3149 1717 4571 4262 4044 1286 3179 3586 2310 4786 476 2463 977 2786 2900 877 4073 2142 2020 984 3070 1000 118 1087 4222 182 2318 2748 4634 2878 231 442 2065 3779 3285 3483 218 608 4219 4649 4570 4992 3520 2730 3960 1785 3358 3698 1478 3321 3450 1793 167 2529 434 1909 2676 2124 3231 1531 324 1154 4239 711 3485 1903 1067 3181 800 4123 637 541 3955 1872 4808 1267 513 3170 3352 4526 3879 4379
632 4530 3633 4277 4324 1254 2406 1036 611 4564 1300 3710 391 4748 802 3904 305 1423 2190 3814 1609 4293 2606 374 3041 3099 570 1541 4826 2046 2786 4587 2033 4704 343 3641 2864 2598 2197 4087 835 1880 2096 1961 161 3513 1531 620 303 189 4689 2413 2765 3817 4173 2294 1076 153 4356 3879 2175 4454 4701 4390 685 2223 4237 4343 1982 4153 4773 161 3176 1256 3281 547 4795 503 783 4730 4008 977 1596 3611 2361 3263 3570 1747 3242 1072 1906 1699 989 1757 2896 3557 767 1615 4713 1411
3714 2054 2341 435 4863 2912 4844 952 1039 3498 1191 4866 3371 872 3157 1381 4415 2191 3178 1095 2247 2611 3391 1716 1001 1229 1400 1749 481 3026 2900 2033 1028 1784 3470 2332 4975 1876 2427 2668 1585 4257 4731 3251 978 4432 2237 1894 505 1282 2622 2188 2735 4663 3762 4861 825 867 1491 3261 2396 1581 4539 1662 522 4344 347 4886 3409 3374 608 2301 2279 3313 2041 2701 4462 580 329 1249 4143 3831 2053 87 3023 3349 2000 3276 1999 2274 1449 2201 4663 4546 2794 1298 2856 4188 856 1222
4778 1468 1350 4764 794 364 182 2727 2949 2499 2742 4782 1409 4032 4025 2201 509 4180 1048 3844 1518 4964 4557 4837 2711 1833 429 2666 2573 1649 877 4704 1784 706 3341 682 4504 301 4985 502 4853 3578 3516 4294 1476 465 4346 4125 4595 4112 1493 565 4210 3488 231 3772 4414 480 1728 1659 84 1369 4548 4960 582 4394 3164 2824 218 3313 2398 2287 2049 701 4573 1353 1180 4472 3699 753 1211 3498 1471 4074 4071 2138 2273 1868 1890 2165 3760 3275 2959 3512 4855 3773 4457 4695 2859 2138
1548 4996 582 4409 4200 3523 1183 4758 4360 150 4295 3769 703 3643 1993 2814 2090 2116 4453 4258 3511 1856 4884 2387 301 3998 990 3064 1293 1052 4073 343 3470 3341 2005 2998 2248 1043 2898 4007 4277 576 3211 938 419 4497 4400 2018 1439 3117 4121 3200 947 1451 4826 3634 2947 1656 3537 1014 2352 3222 1450 197 3505 3070 268 1225 1339 2801 4878 1169 2262 3683 4209 4744 101 3537 2771 4739 4394 3751 4146 3132 2910 4804 1182 4725 1140 834 1833 4212 1989 3963 1093 1233 453 105 875 2138
1483 4562 1493 4288 2048 1272 3640 2793 829 3281 2944 3252 1060 1182 4457 467 1621 2192 3003 1002 21 2849 3902 4393 562 2169 4898 2705 4395 1899 2142 3641 2332 682 2998 1601 1861 1357 1395 517 4076 1894 626 4673 983 4459 3128 4543 2055 4471 1004 1773 4879 2654 582 154 1552 3783 1581 2217 3960 3902 1458 4215 62 4920 717 1322 4823 2358 4109 1216 308 4484 364 182 2891 3505 3077 89 1471 1866 3837 4290 1222 4870 224 2150 4432 519 3784 3653 3201 4178 2280 3309 4873 3205 1403 4219
1797 1937 3427 1068 499 2731 2505 3224 754 1954 3458 4446 3759 1716 931 501 2375 4466 2695 418 1112 1188 1831 1790 1602 4347 2519 1813 2518 336 2020 2864 4975 4504 2248 1861 3727 71 1525 4369 3599 2988 3056 498 1650 507 4206 4125 277 954 37 2349 2767 4188 1895 2342 1427 1847 3559 963 2324 2478 3391 2981 2294 4885 3439 4623 3128 1171 4071 4147 1019 2812 2550 1733 4133 1296 3476 583 18 2660 2799 1626 3807 1176 3603 2085 3261 4651 3429 3576 4515 2090 1277 2362 382 4924 2897 3179
3564 4980 4798 426 283 3278 4758 4349 1208 4925 1359 1690 216 2253 173 1662 329 238 1321 1747 1765 3072 3563 1709 3674 1336 3695 292 900 2280 984 2598 1876 301 1043 1357 71 1554 162 1604 3595 812 1474 4748 2014 169 3817 2007 264 26 4345 3398 1174 3154 3456 2705 1752 2890 34 2417 402 2951 4275 1867 548 1415 3665 3637 3604 509 2043 4173 4023 823 4085 4962 1127 3360 4121 576 1904 3928 4592 1344 1734 1953 3594 1476 4019 1735 1663 4711 3016 2021 4406 3413 3751 4668 4060 1675
335 2418 4144 243 1407 853 954 2328 2777 245 1007 3794 1209 2046 2674 1233 2023 4375 367 2842 3824 2181 60 4768 1284 1378 4417 3890 2711 1248 3070 2197 2427 4985 2898 1395 1525 162 1446 17 4311 3386 4828 4178 2668 583 3928 312 3436 2578 3667 2570 3047 1334 4597 35 4080 3186 1129 1841 3916 2720 4108 2031 3532 1608 282 993 986 3314 1664 2995 1809 1281 3004 3282 384 742 1146 4360 165 3889 723 4737 4615 919 3354 63 2008 1241 3582 614 3023 3380 2619 4685 2553 1196 1408 1242
4915 1720 2534 1300 276 428 502 2211 2535 3682 1171 3812 2953 4396 2274 873 4547 3339 3955 3336 4630 568 1202 4542 930 1773 4091 1481 1460 3121 1000 4087 2668 502 4007 517 4369 1604 17 3530 4865 2633 1364 2596 4523 3620 89 4868 1225 805 3435 1933 4419 1823 3852 4709 1969 4566 850 1352 4482 70 611 1627 4002 1945 537 3684 2414 2199 3419 2093 2409 3972 3645 2272 1758 1878 3455 3444 1947 1622 1234 1424 1250 1549 1325 2966 877 4968 4781 3332 4635 2896 726 3974 380 3799 949 4967
1178 235 3580 1968 2024 1124 1102 4796 3870 2554 4451 2203 2719 4699 4251 1547 337 2014 4262 534 709 1612 2787 3646 2829 3825 325 2824 2337 2716 118 835 1585 4853 4277 4076 3599 3595 4311 4865 2082 1741 639 1794 1361 720 1609 1460 647 1307 170 4813 3855 3398 3722 3674 2316 1645 1466 2477 996 2080 1890 1934 849 297 4645 1270 3386 1839 1013 3833 2674 1643 934 1888 4324 2096 3435 3141 3901 4181 1594 873 3607 176 3471 2022 4384 4617 1769 3526 3725 2353 2706 2479 1123 2129 197 2566
1448 3046 4786 1331 1392 588 1827 242 2711 2731 4391 3619 542 4512 1406 3740 1825 145 829 1516 4077 2988 68 1973 228 380 630 4834 628 594 1087 1880 4257 3578 576 1894 2988 812 3386 2633 1741 146 2499 4930 3282 2760 2318 3054 3686 3313 3172 654 1781 2365 1630 2208 2190 1331 2405 3805 2843 3859 4553 3887 3734 3821 2336 1817 3714 2713 3917 1899 4277 4036 4685 2708 1243 1901 4374 3965 3303 3269 3841 3829 1346 4792 1755 3035 3005 1197 1361 2078 102 3823 4006 1050 439 726 4592 4916
3312 3044 2155 4945 1458 359 4393 3652 4923 825 441 672 1570 2144 3704 2765 4840 1871 3972 857 3738 2084 4294 3918 1911 1235 3207 3359 345 1520 4222 2096 4731 3516 3211 626 3056 1474 4828 1364 639 2499 2423 2315 416 2192 274 1108 768 4459 3225 4621 2125 447 4533 2091 4480 3996 3887 1438 4153 876 858 2315 3538 267 1581 4173 4430 1149 4717 2812 330 4795 3350 3793 3085 383 4570 1763 1428 3704 3649 1867 4313 2702 70 1008 597 4188 3739 39 2075 2518 4628 4730 255 4316 1363 1910
2475 4534 1425 3695 2626 2045 4388 4306 3736 4835 163 2454 4386 3257 2496 4746 4202 804 3749 3378 2895 1564 2388 296 1046 1750 2580 2166 869 4807 182 1961 3251 4294 938 4673 498 4748 4178 2596 1794 4930 2315 496 1970 4154 3955 3047 3598 1287 3324 4931 1199 3627 3571 3340 215 959 1483 2022 235 2280 4838 573 409 1394 3734 4892 3000 3318 2466 1416 1784 2032 1092 3621 953 4776 2253 2219 2333 650 4995 54 4310 4772 2167 1203 1004 1200 3316 3787 86 755 1201 313 2263 2572 782 1926
4074 3467 276 56 1835 4508 2517 3530 4995 3845 2718 4347 3051 4093 210 1883 2497 3109 3755 3777 2071 4750 4048 4231 2058 4663 1934 2022 989 3023 2318 161 978 1476 419 983 1650 2014 2668 4523 1361 3282 416 1970 4445 1645 851 1608 2453 1273 4247 3922 4126 3390 2690 3780 3388 3396 2425 137 3695 3881 1862 1495 78 1537 320 192 2451 2789 2859 4936 303 129 1425 136 4007 1023 3724 3496 4600 1347 2120 1144 646 4399 2004 773 3326 212 4923 535 1783 1036 4475 2951 2258 4884 2909 231
4022 2930 205 1281 1330 4880 230 4221 853 1236 902 2912 3687 1411 4486 3763 4391 2948 1944 3152 2955 3496 727 4387 2298 2485 574 4168 4277 3307 2748 3513 4432 465 4497 4459 507 169 583 3620 720 2760 2192 4154 1645 298 4259 2233 2905 940 1295 1055 1759 2757 639 2558 2399 4066 2137 4090 2632 4728 3074 615 2438 4131 4004 619 3814 601 2632 2220 3884 4149 4580 584 2720 1378 2213 347 3826 1772 2279 2167 4273 2186 313 558 423 1473 444 4094 509 4047 1927 115 2541 1460 1289 4384
1735 3840 3204 1315 2347 3423 4317 3104 3011 899 1772 1056 2974 2972 2730 1672 1400 272 4922 1876 3346 2015 2534 1054 2881 3149 2699 1231 2540 1376 4634 1531 2237 4346 4400 3128 4206 3817 3928 89 1609 2318 274 3955 851 4259 22 1730 3765 1151 4622 2364 794 2814 3379 1688 4531 4020 760 4230 2750 352 4694 4552 3769 439 2989 4586 1978 2735 4464 20 3897 849 1378 3700 616 1801 1389 4911 3882 167 1376 1045 58 1731 2175 1879 3046 4211 2696 332 138 1488 1980 413 3680 3253 2557 2036
1716 4025 1577 2058 3772 2592 1602 116 3985 2992 4528 2314 4775 1222 2636 3175 2670 4127 942 4339 1529 1935 3113 2153 922 4417 934 4721 1045 4228 2878 620 1894 4125 2018 4543 4125 2007 312 4868 1460 3054 1108 3047 1608 2233 1730 2341 1295 2550 2191 787 2858 743 3330 3543 1761 1441 2304 3283 4228 2040 3902 4307 2741 2317 855 1359 1951 63 3810 4425 445 3382 12 1914 233 4933 4383 4761 1360 3597 1694 2467 2157 3000 1878 1945 1979 369 1432 1502 275 284 88 774 446 3536 1790 1147
234 2193 799 2182 4428 4205 1181 1212 4523 2254 4440 113 3380 2900 4216 4002 746 3108 1662 4461 744 2751 253 3043 82 347 2905 2490 4438 4230 231 303 505 4595 1439 2055 277 264 3436 1225 647 3686 768 3598 2453 2905 3765 1295 212 4995 2211 3898 3682 3186 3128 3046 1823 686 815 2924 1658 4391 3319 4482 1609 1612 3929 4487 1646 1963 456 3085 3382 828 1439 958 4316 4833 3648 3391 3235 921 1203 3295 4142 3814 1678 472 3422 1125 1950 3176 518 3319 4703 4650 1249 4714 1520 3886
2954 1082 3626 2853 4880 4950 4404 1882 2170 3599 492 2897 1326 4458 1936 829 4992 1367 3080 1331 4150 3478 3651 1699 2899 3386 1597 4768 1252 4307 442 189 1282 4112 3117 4471 954 26 2578 805 1307 3313 4459 1287 1273 940 1151 2550 4995 863 3702 3418 3378 3206 755 2332 3971 2522 89 1852 4201 3992 2958 968 3192 1978 4416 1322 2581 3721 4820 316 4441 532 348 3572 2417 3539 835 2843 2398 229 4111 1409 1072 3661 2816 4748 2389 4450 1391 90 136 66 4119 3839 3956 120 4203 4277
2757 2374 1399 732 3269 2574 582 188 2844 1619 733 1508 3700 4527 2438 202 2937 1399 1725 2090 1323 3797 178 3983 3359 2038 405 1204 4988 517 2065 4689 2622 1493 4121 1004 37 4345 3667 3435 170 3172 3225 3324 4247 1295 4622 2191 2211 3702 3929 824 4439 1702 2997 4586 3547 2705 4578 736 4430 870 734 3095 1590 1500 2540 4680 1946 4300 2321 4802 1463 3860 109 1666 3135 4939 2946 1712 669 2695 2453 1844 578 2272 2653 3318 3670 3538 1549 4489 2847 3563 4569 2461 1583 697 3536 3737
1130 4915 272 518 4330 61 4733 4407 419 4409 4036 2298 4924 2769 1140 1721 1529 2513 3725 1740 782 4898 386 564 2917 4174 2521 1368 3022 2467 3779 2413 2188 565 3200 1773 2349 3398 2570 1933 4813 654 4621 4931 3922 1055 2364 787 3898 3418 824 31 3387 819 2340 4287 127 663 362 2525 4151 3823 3490 4574 3210 1923 1834 2022 1740 1716 111 2905 4399 4049 869 4416 3938 1774 633 2433 142 1651 1169 4867 3179 675 3336 4110 2385 3172 3713 595 3950 578 4920 4773 4591 3421 4808 2342
1544 3247 698 3726 2771 1965 1496 188 2809 2768 861 4457 4225 2108 277 2826 2375 629 3231 499 3906 2881 1531 3118 359 3667 2605 624 4512 1790 3285 2765 2735 4210 947 4879 2767 1174 3047 4419 3855 1781 2125 1199 4126 1759 794 2858 3682 3378 4439 3387 875 2468 1142 4310 61 54 1526 2544 393 469 2504 2995 719 4813 1839 667 4738 2702 793 4296 361 1746 477 2287 2232 191 3210 1051 2822 3115 52 2115 1798 2711 4461 4763 2547 1461 1620 2041 3678 785 50 4238 1174 3564 2619 71
436 3826 598 4592 3836 753 3608 4584 1486 3505 1734 643 4949 839 2656 2415 2700 4392 3399 672 2574 1143 543 1130 1442 3543 1721 2556 4453 444 3483 3817 4663 3488 1451 2654 4188 3154 1334 1823 3398 2365 447 3627 3390 2757 2814 743 3186 3206 1702 819 2468 1633 380 3788 2427 1756 761 3574 995 4223 4561 2020 768 3707 774 3440 1496 958 2332 1625 4985 4934 4107 203 2270 2704 3797 4534 1600 4001 3955 2042 2125 858 1912 790 1520 1532 1404 4920 4519 1072 1104 396 4973 1831 3132 1197
980 4017 451 1869 2129 4559 1413 2353 2674 2717 3187 3414 4345 4050 1838 3637 3608 1527 3505 4864 4350 2061 504 4963 657 2466 4583 4329 1395 2553 218 4173 3762 231 4826 582 1895 3456 4597 3852 3722 1630 4533 3571 2690 639 3379 3330 3128 755 2997 2340 1142 380 979 313 43 4891 2437 1014 479 937 4588 4923 2356 4094 3902 2197 3742 1609 1367 3606 2112 1879 3625 1317 1739 4804 705 138 3077 3810 2126 2241 1836 267 325 303 2758 4245 4654 1866 3440 4944 660 1318 726 3567 3062 570
4255 3294 1729 3904 1033 2158 2154 523 500 864 923 2567 1379 909 4179 638 4543 4740 848 1295 4672 4915 743 4153 3856 587 2913 2326 2839 413 608 2294 4861 3772 3634 154 2342 2705 35 4709 3674 2208 2091 3340 3780 2558 1688 3543 3046 2332 4586 4287 4310 3788 313 4484 1486 957 2849 846 3182 1329 4336 1576 4158 4482 4247 4422 3999 2293 4584 1042 4161 3482 2999 285 78 1952 3450 3143 3922 4519 20 4131 1635 2712 3709 3542 2663 1224 2140 3399 776 3404 1936 2734 911 1828 2349 2476
4059 4416 3482 4359 4842 1370 2604 402 4386 3338 1888 680 1047 615 1744 1195 1566 2734 402 3820 3087 660 658 3343 737 4642 4090 3604 3730 1639 4219 1076 825 4414 2947 1552 1427 1752 4080 1969 2316 2190 4480 215 3388 2399 4531 1761 1823 3971 3547 127 61 2427 43 1486 2679 2836 940 4295 4842 2120 4821 2511 1509 262 378 2384 2305 2307 1045 3756 1510 3233 2226 4094 783 663 2249 3286 56 3797 4329 2512 2706 3904 3527 4662 1554 4145 1252 1448 4506 482 338 1559 3026 3518 842 634
3300 4295 4735 3854 4149 1416 1127 1932 4205 1198 3934 952 2290 4427 719 1347 2694 3199 1262 364 4953 1115 18 1196 3475 1368 2500 4895 2488 1400 4649 153 867 480 1656 3783 1847 2890 3186 4566 1645 1331 3996 959 3396 4066 4020 1441 686 2522 2705 663 54 1756 4891 957 2836 1711 122 187 3979 4300 2014 75 2235 2218 734 3761 4475 3551 3182 3518 1399 2530 873 3857 689 418 4200 2758 1291 694 2853 974 2691 2807 1959 4917 4234 4586 4552 54 2809 2660 4142 1316 4700 3095 773 1979
1398 2330 3902 1660 3427 1103 2452 1567 2397 1328 3185 3443 788 3998 4814 1528 4029 194 919 2261 4258 3248 4808 1683 3195 2361 4353 4140 1981 4713 4570 4356 1491 1728 3537 1581 3559 34 1129 850 1466 2405 3887 1483 2425 2137 760 2304 815 89 4578 362 1526 761 2437 2849 940 122 3998 1643 2408 3771 4343 3108 3893 4708 1398 137 4408 792 2406 2734 3897 4442 4274 4351 1692 2058 502 2244 983 3877 4615 3080 3385 2275 3297 2344 1571 708 722 2626 1899 2850 3735 477 3333 969 4943 2067
268 1749 3392 4926 3255 1135 1074 1952 1549 1113 4495 1155 4475 1257 2375 2984 4011 1963 1211 1553 4712 1313 4462 2035 4300 815 3972 1292 551 2596 4992 3879 3261 1659 1014 2217 963 2417 1841 1352 2477 3805 1438 2022 137 4090 4230 3283 2924 1852 736 2525 2544 3574 1014 846 4295 187 1643 3605 442 3714 1347 4218 3641 1704 3044 2971 405 1264 1506 4585 827 4237 2628 4870 2410 4985 2815 708 4303 1242 3931 2602 4782 4217 438 882 4516 4246 1768 2130 307 758 2755 1066 4169 1715 4228 2425
1999 88 1404 444 4989 4306 653 3244 3571 1328 3581 2878 436 1688 640 1505 1635 556 641 2991 2655 116 1395 4939 3204 1814 468 1907 1042 64 3520 2175 2396 84 2352 3960 2324 402 3916 4482 996 2843 4153 235 3695 2632 2750 4228 1658 4201 4430 4151 393 995 479 3182 4842 3979 2408 442 3580 4249 4563 4873 852 420 531 1310 3958 1209 3635 1135 2652 1137 2259 1734 3989 3209 4610 1740 2285 2949 3157 3634 2324 1284 4904 649 4667 4738 2109 452 1788 4898 1143 3293 3181 431 142 1739
4330 240 4142 2937 2791 2543 1644 4549 160 3465 3291 850 1514 623 2929 2306 647 4379 345 1778 485 2170 2623 4248 2186 907 689 4316 4394 597 2730 4454 1581 1369 3222 3902 2478 2951 2720 70 2080 3859 876 2280 3881 4728 352 2040 4391 3992 870 3823 469 4223 937 1329 2120 4300 3771 3714 4249 999 1448 656 1614 231 4870 4427 4750 950 3181 1932 4998 4051 4348 1881 4051 119 1715 2995 3357 484 4764 3342 1127 4847 3451 2448 4805 447 1160 689 2567 1897 1511 4617 1714 1870 2745 2576
2387 1093 1518 1533 3609 1870 4375 2931 3613 4216 4337 4025 3201 1647 4077 4322 2822 4076 1977 3451 4562 592 43 3184 732 97 3660 2835 3684 637 3960 4701 4539 4548 1450 1458 3391 4275 4108 611 1890 4553 858 4838 1862 3074 4694 3902 3319 2958 734 3490 2504 4561 4588 4336 4821 2014 4343 1347 4563 1448 2091 2602 2465 2765 1096 1612 2632 4076 2946 2396 1314 3514 742 4678 2048 794 4262 4729 3782 4860 1896 230 656 4712 2026 1823 4790 331 1462 3041 1780 1524 1988 4452 1980 4315 3168 3581
2547 347 1578 1132 4887 376 4310 4029 4334 2511 1644 2762 2811 2980 4842 306 3253 1910 1091 2535 1531 4993 4256 125 4192 4827 4623 3456 925 2161 1785 4390 1662 4960 197 4215 2981 1867 2031 1627 1934 3887 2315 573 1495 615 4552 4307 4482 968 3095 4574 2995 2020 4923 1576 2511 75 3108 4218 4873 656 2602 167 2085 375 2779 3098 2557 1141 1570 758 2184 3930 965 3083 2422 2635 3971 1101 838 3287 3033 3099 3243 1093 1902 4236 3749 2507 448 449 3103 3186 1243 4071 4770 4255 2992 4186
1129 3716 3710 3205 3403 2352 3091 2130 3187 125 763 3962 1477 2623 2278 2898 2313 495 2859 1227 2303 4904 4311 3492 2628 398 2812 4869 4082 3091 3358 685 522 582 3505 62 2294 548 3532 4002 849 3734 3538 409 78 2438 3769 2741 1609 3192 1590 3210 719 768 2356 4158 1509 2235 3893 3641 852 1614 2465 2085 2839 1895 4654 2328 1859 1647 2100 3994 3880 3257 2668 2915 957 2899 3193 4184 4590 3521 3001 1709 2357 3917 4636 2302 1068 4141 4334 4233 3518 4407 3576 1217 1966 3524 567 1408
1958 643 537 3774 3082 1584 1827 2369 4008 4627 4590 4596 4342 364 3679 145 2974 677 473 1770 4978 1444 2673 3228 1778 3401 935 2017 503 1771 3698 2223 4344 4394 3070 4920 4885 1415 1608 1945 297 3821 267 1394 1537 4131 439 2317 1612 1978 1500 1923 4813 3707 4094 4482 262 2218 4708 1704 420 231 2765 375 1895 4517 596 1316 4923 4962 4676 1921 1520 257 4599 35 2923 255 3923 4429 4905 4251 2496 990 4208 4863 119 4610 2352 3791 1293 1823 3842 1757 3616 2075 2476 4387 120 3838
3719 4359 865 2068 1160 1365 4043 3861 4648 3137 1866 806 4767 1990 4694 709 2043 810 4981 1489 1272 4433 4179 2502 1698 4352 405 2098 3163 4319 1478 4237 347 3164 268 717 3439 3665 282 537 4645 2336 1581 3734 320 4004 2989 855 3929 4416 2540 1834 1839 774 3902 4247 378 734 1398 3044 531 4870 1096 2779 4654 596 919 2505 356 2858 4586 2789 3950 632 3705 2298 4869 2769 4307 2091 4739 3769 4111 981 2868 3931 1388 439 1091 1140 1996 537 3757 2223 1893 4415 964 4178 1568 4826
4428 422 1301 939 4595 4090 3565 847 2227 2578 2819 3301 3595 4488 3825 4745 155 3427 3562 3057 4896 2988 2286 3791 1014 4284 4655 3127 3050 1677 3321 4343 4886 2824 1225 1322 4623 3637 993 3684 1270 1817 4173 4892 192 619 4586 1359 4487 1322 4680 2022 667 3440 2197 4422 2384 3761 137 2971 1310 4427 1612 3098 2328 1316 2505 210 2353 1246 4442 4531 210 2527 2503 3630 4362 4739 3273 4096 2517 2739 3646 3848 1659 4911 782 117 2099 3499 302 976 4860 710 4284 3064 3555 1432 60 1481
3063 1963 1262 3154 2945 4905 2808 1997 1713 1840 3684 3751 3331 377 1354 4686 1073 2774 411 3350 4234 4556 4637 513 1161 2823 4888 2055 3549 3632 3450 1982 3409 218 1339 4823 3128 3604 986 2414 3386 3714 4430 3000 2451 3814 1978 1951 1646 2581 1946 1740 4738 1496 3742 3999 2305 4475 4408 405 3958 4750 2632 2557 1859 4923 356 2353 2332 1295 15 1086 3266 1406 1983 4503 4033 4382 2806 2337 2882 570 3551 3016 3450 3421 2166 3987 2261 4774 3550 3261 4613 4039 1259 3660 2625 1070 4182 18
2188 3582 4983 490 3554 1480 2761 884 537 4368 937 1434 692 1911 3091 2700 2461 955 4822 3884 4838 4269 1363 4262 1085 4934 4185 2945 3258 1766 1793 4153 3374 3313 2801 2358 1171 509 3314 2199 1839 2713 1149 3318 2789 601 2735 63 1963 3721 4300 1716 2702 958 1609 2293 2307 3551 792 1264 1209 950 4076 1141 1647 4962 2858 1246 1295 1746 3606 2384 2466 4109 3683 3832 4289 3590 642 2816 4162 2329 511 3764 3690 1737 2287 3399 3765 1908 4043 1955 1431 4596 679 4501 2100 758 564 462
2763 1636 1686 2636 956 242 1689 3591 2916 3152 1726 3284 1666 2708 90 754 4151 1708 720 2203 1605 2253 4655 3444 4423 1411 4715 2445 2246 227 167 4773 608 2398 4878 4109 4071 2043 1664 3419 1013 3917 4717 2466 2859 2632 4464 3810 456 4820 2321 111 793 2332 1367 4584 1045 3182 2406 1506 3635 3181 2946 1570 2100 4676 4586 4442 15 3606 3322 1591 3656 2774 856 248 2043 1606 2644 3386 4146 2629 200 4439 2566 1115 4669 864 2969 572 1177 2964 2048 217 533 4160 681 2847 4004 2080
4078 1230 670 2842 4052 4886 1032 2628 2234 32 585 4073 3115 1058 3001 3658 3327 740 119 116 1305 2609 3097 3781 3350 3958 1675 584 3335 140 2529 161 2301 2287 1169 1216 4147 4173 2995 2093 3833 1899 2812 1416 4936 2220 20 4425 3085 316 4802 2905 4296 1625 3606 1042 3756 3518 2734 4585 1135 1932 2396 758 3994 1921 2789 4531 1086 2384 1591 2308 3948 557 3586 4145 1615 127 2015 1237 4387 4033 3410 1008 2355 1119 1980 2526 2052 2323 2209 3305 2845 994 2802 1665 2658 4956 459 1129
501 4739 3186 4929 504 392 4848 4042 156 993 1355 2456 1781 1944 3008 4225 4340 230 3038 2111 546 869 1189 3339 4496 1285 164 2188 2456 603 434 3176 2279 2049 2262 308 1019 4023 1809 2409 2674 4277 330 1784 303 3884 3897 445 3382 4441 1463 4399 361 4985 2112 4161 1510 1399 3897 827 2652 4998 1314 2184 3880 1520 3950 210 3266 2466 3656 3948 660 3305 98 4814 1302 3801 4591 1845 2868 4275 3579 1673 1418 2968 222 3102 2691 2431 4255 2985 3447 492 1282 3921 1270 3577 3231 2990
263 964 3740 10 1500 301 4813 4427 3522 1118 2210 463 4428 491 4726 686 3056 157 3581 3004 2400 2656 1015 4505 1256 2853 1223 2972 278 4688 1909 1256 3313 701 3683 4484 2812 823 1281 3972 1643 4036 4795 2032 129 4149 849 3382 828 532 3860 4049 1746 4934 1879 3482 3233 2530 4442 4237 1137 4051 3514 3930 3257 257 632 2527 1406 4109 2774 557 3305 2901 696 2699 402 4837 4620 2828 683 2120 3510 1030 1353 3504 1792 653 4470 2759 131 4045 1346 4912 4504 1705 2709 2600 1094 3501
1318 828 4506 2402 1130 751 1082 2366 3175 3990 2441 2889 3960 438 299 1816 3796 4194 1497 278 4717 2042 264 3166 2765 2737 429 2888 2201 1319 2676 3281 2041 4573 4209 364 2550 4085 3004 3645 934 4685 3350 1092 1425 4580 1378 12 1439 348 109 869 477 4107 3625 2999 2226 873 4274 2628 2259 4348 742 965 2668 4599 3705 2503 1983 3683 856 3586 98 696 4591 1416 615 2850 2745 3514 3394 2724 860 2620 4789 4462 3102 11 2225 4500 2319 4918 917 255 3835 1383 4544 3943 3643 3257
2764 4325 4122 2478 4428 3954 4740 3682 4740 2855 1802 172 680 4465 1477 4734 3081 3163 1821 31 2845 4338 4312 504 1642 165 1448 4280 1833 1501 2124 547 2701 1353 4744 182 1733 4962 3282 2272 1888 2708 3793 3621 136 584 3700 1914 958 3572 1666 4416 2287 203 1317 285 4094 3857 4351 4870 1734 1881 4678 3083 2915 35 2298 3630 4503 3832 248 4145 4814 2699 1416 2417 875 4558 3973 4190 392 4865 1580 4225 1468 4302 2050 1742 4042 22 769 3524 4960 2454 28 2552 244 4391 2439 2279
3247 4624 474 4078 980 158 4659 4791 233 4182 1625 1456 3047 724 3374 1612 3487 3091 2071 3568 4088 3399 1574 563 3360 3766 4304 4891 1369 3515 3231 4795 4462 1180 101 2891 4133 1127 384 1758 4324 1243 3085 953 4007 2720 616 233 4316 2417 3135 3938 2232 2270 1739 78 783 689 1692 2410 3989 4051 2048 2422 957 2923 4869 4362 4033 4289 2043 1615 1302 402 615 875 474 3945 2807 4641 3982 305 2833 2483 1143 4651 4009 1549 3486 803 948 1681 1827 3602 4535 2923 1504 3366 1207 513
1772 1796 1446 2127 3968 849 266 2347 3843 3053 955 1494 3460 374 2174 535 4173 2340 3594 700 830 349 1259 1053 2900 4743 1542 4778 4516 3536 1531 503 580 4472 3537 3505 1296 3360 742 1878 2096 1901 383 4776 1023 1378 1801 4933 4833 3539 4939 1774 191 2704 4804 1952 663 418 2058 4985 3209 119 794 2635 2899 255 2769 4739 4382 3590 1606 127 3801 4837 2850 4558 3945 2725 3158 1084 1340 400 4946 2388 3257 3395 3919 2584 1115 4118 421 1819 868 2939 1603 4230 2436 2828 3158 3694
58 1841 2474 4246 3825 4719 195 179 884 3015 4423 2930 2003 4235 2837 1800 293 4708 2806 4344 2799 1547 1903 2672 35 4514 3425 3264 3972 410 324 783 329 3699 2771 3077 3476 4121 1146 3455 3435 4374 4570 2253 3724 2213 1389 4383 3648 835 2946 633 3210 3797 705 3450 2249 4200 502 2815 4610 1715 4262 3971 3193 3923 4307 3273 2806 642 2644 2015 4591 4620 2745 3973 2807 3158 3687 1263 961 95 2665 2996 3382 2132 4568 212 650 4418 346 95 1002 2669 2732 1267 757 1815 671 4389
3960 4601 4496 599 3716 1474 2384 2553 901 569 3876 1493 552 1840 4330 214 4097 2699 4041 4533 1641 1059 4228 3494 3316 3349 3975 3899 2662 4257 1154 4730 1249 753 4739 89 583 576 4360 3444 3141 3965 1763 2219 3496 347 4911 4761 3391 2843 1712 2433 1051 4534 138 3143 3286 2758 2244 708 1740 2995 4729 1101 4184 4429 2091 4096 2337 2816 3386 1237 1845 2828 3514 4190 4641 1084 1263 965 4559 2210 4775 1474 4968 904 351 2400 681 899 2241 1808 3576 155 2599 532 4965 3847 3024 3669
2743 4864 3580 2600 449 4246 2400 3018 4933 3128 2186 2955 3397 3271 1963 2818 4853 3725 4515 4789 3364 1295 49 1554 1852 3021 320 3086 654 1073 4239 4008 4143 1211 4394 1471 18 1904 165 1947 3901 3303 1428 2333 4600 3826 3882 1360 3235 2398 669 142 2822 1600 3077 3922 56 1291 983 4303 2285 3357 3782 838 4590 4905 4739 2517 2882 4162 4146 4387 2868 683 3394 392 3982 1340 961 4559 948 959 1648 1830 397 1126 938 1221 4331 3866 2934 1521 3329 4651 1142 3605 1263 3220 2776 2074
3374 2380 1155 3454 1859 1385 3596 1476 4071 560 4548 890 3996 1290 2055 923 4633 4206 3046 2535 4879 4414 702 4033 1115 2725 1033 613 726 1005 711 977 3831 3498 3751 1866 2660 3928 3889 1622 4181 3269 3704 650 1347 1772 167 3597 921 229 2695 1651 3115 4001 3810 4519 3797 694 3877 1242 2949 484 4860 3287 3521 4251 3769 2739 570 2329 2629 4033 4275 2120 2724 4865 305 400 95 2210 959 3800 2744 1059 1062 417 4173 4962 1916 1032 3168 2128 4682 3814 1241 3573 1232 1871 398 897
