N: 100
M: 20
Symmetric: true
Triangle: false
4 32 65 42 6
3 24 47 36
11 84 68 96 57 30 85 93 2 5 82 40
3 49 23 76
5 90 83 86 97 64
7 78 58 3 80 13 55 67
4 54 1 38 71
4 91 9 29 10
4 51 50 73 52
8 60 28 56 18 79 19 99 98
9 26 7 61 92 72 35 81 63 75
5 37 100 33 74 62
4 44 11 34 77
6 89 22 4 43 53 14
4 15 20 41 25
4 45 8 48 31
6 69 95 87 21 94 46
2 16 88
5 59 70 17 12 66
2 27 39
891 1131 1889 498 269 1780 4050 4816 4746 2008 3701 2442 4573 2767 1808 1345 2906 1710 4890 1195 4426 4412 2695 889 2891 903 1708 3133 3424 2861 3049 278 870 3157 2135 4377 3015 1818 4154 4826 4258 3704 3246 118 1603 4764 703 1948 373 160 3726 2857 4472 3840 588 2851 191 2787 1850 4947 3534 4066 2430 3468 1907 4440 4710 2235 805 4825 3700 4027 2245 3290 3631 2608 2420 969 2943 3079 2051 2847 789 3593 2596 1684 758 1541 3758 3224 3975 4486 652 3884 228 4547 2281 2817 607 3724
1131 3437 945 761 1689 1054 1425 3421 3502 4299 950 3657 653 289 2531 3729 837 1796 2394 3429 4110 1977 4418 2455 1826 3365 2598 4066 4635 4447 3808 4966 252 4523 2913 4987 4625 3263 1948 3889 4692 2337 1655 4245 1493 3352 1617 3752 1345 3083 4335 2526 611 3192 2241 690 2404 751 395 4627 1818 1339 2333 2749 3799 705 2901 3079 3874 3365 3614 4455 4613 1403 3729 2717 2516 3513 1441 2210 2302 2672 2361 55 2810 2117 2889 1887 4689 2045 4952 1952 1092 977 4364 1554 3219 4451 3573 1352
1889 945 490 3595 3787 29 3922 2639 717 4560 1478 2168 3748 4733 3187 3891 4733 4315 2916 1541 1893 1561 4171 315 3414 1841 2795 442 4060 195 217 2932 2502 4331 3331 3229 4810 1348 3888 3437 3867 2556 984 432 1009 2927 4010 3805 2323 515 1146 3686 2357 2619 1961 4883 1730 1398 1285 2270 812 4577 1277 2870 1769 1707 2113 2012 1765 3400 463 3206 2615 2234 3110 2567 3649 2556 1589 2681 1859 3160 785 4731 3034 2331 367 46 3215 1179 808 4020 1000 3058 3345 2718 3270 486 4840 4124
498 761 3595 3833 4653 2357 136 2875 1802 4166 2488 2786 2978 1192 413 1938 4479 4877 4518 2557 4511 3036 4339 2133 249 3641 2473 363 4368 1457 1893 2219 2190 4243 354 560 4360 1790 4412 2431 4928 3125 3437 3367 1729 2402 866 3229 2866 641 1450 335 890 3566 110 3530 2433 4733 116 3290 3656 847 1588 3356 2095 926 1075 3175 2676 4458 3253 965 3213 1158 4581 2423 3191 193 2025 776 3542 4291 2851 3540 1243 3643 1595 3714 3978 1721 2303 3463 3750 2147 4976 25 2663 1979 2199 3753
269 1689 3787 4653 587 4180 382 4202 2715 2274 793 4681 228 4611 4933 3322 3100 638 3586 626 3625 1719 4207 3438 1274 2525 3198 3195 2126 2430 1811 2012 2250 3089 342 2372 4379 4578 4426 726 1490 4363 248 339 3572 3940 2761 2999 4825 2094 4244 3614 4887 3352 3765 2477 3989 1292 3384 4001 2029 4418 2146 1178 2619 1833 660 1864 4342 2431 4408 2207 413 60 462 2020 2355 481 953 4763 4627 1414 4645 4590 4079 2119 4892 2581 3137 3000 3925 1730 1204 1754 3736 406 4662 1497 2435 658
1780 1054 29 2357 4180 4947 134 3936 2584 716 597 4123 921 2759 136 2379 612 2773 1847 2223 1648 4646 1016 2453 3858 4530 3953 3212 3987 1055 4683 2778 4120 1425 1195 2428 3923 4831 3569 1628 2003 3603 722 1614 1619 1501 1700 4944 4814 1453 2569 4636 4743 3758 1004 2076 3995 2747 4804 3798 2116 1988 3648 2042 1907 3200 4351 41 4947 842 978 539 1491 1968 921 2469 42 3853 424 2644 1966 279 3123 2339 680 1532 2012 1375 4259 2134 4996 3639 234 2995 596 19 3682 1107 4133 3427
4050 1425 3922 136 382 134 708 2490 1550 983 1003 523 3070 4300 3613 2644 3303 1554 1288 3316 1398 273 3325 4124 4938 247 4108 1606 2790 457 322 1313 2083 1929 1872 2349 3518 1802 525 3686 866 1093 1654 2370 3068 2110 67 4487 418 4107 2343 3240 1535 4046 979 4899 564 4494 451 3738 3194 4718 2167 1793 4535 3702 3533 3420 3921 681 1895 4283 111 4617 4169 3916 2090 1382 2603 1394 2399 3827 479 3029 4907 1690 4041 3820 4821 3568 532 4161 1994 3215 4652 4120 4984 1679 1113 158
4816 3421 2639 2875 4202 3936 2490 3287 2765 1239 2518 1460 408 2421 154 144 1514 2526 2443 1867 2358 528 681 2575 3164 3020 1261 1028 1861 825 2033 734 4114 1943 4250 3519 4776 2814 2633 4741 4631 4931 1316 308 3301 1195 4159 2502 4800 1515 2244 838 4625 1173 528 1005 253 3900 1380 15 2812 901 945 4256 4552 361 2238 4106 1716 734 1464 1297 800 3050 3897 4746 2199 2168 2067 2518 787 685 4079 4918 1362 1173 1188 127 2350 4624 633 4509 617 1750 1214 1732 3747 185 3886 2302
4746 3502 717 1802 2715 2584 1550 2765 1463 4962 1726 4511 1329 640 4897 4651 3999 3406 3371 107 1122 3551 3985 3554 4654 282 765 1804 4644 4115 1019 3514 2138 1578 2519 35 1624 755 3439 1582 4768 3721 549 3981 182 2186 1002 1191 1697 76 1431 4343 344 1464 4873 3907 672 1519 118 4037 4195 2553 3122 2913 4601 4088 576 4063 2894 4909 4615 4918 4429 3899 2234 317 679 2730 3235 4020 3241 2993 454 2827 4832 325 2381 2607 3930 3684 1641 1291 3435 1377 2319 4357 3627 1508 2889 3227
2008 4299 4560 4166 2274 716 983 1239 4962 357 2558 3124 1158 4215 2432 3840 1367 811 3824 851 2951 2379 2916 2688 2751 4476 2738 314 492 3807 1009 2770 2243 1402 2061 1850 1915 3098 3869 2021 1183 4406 4479 4782 1878 3701 3287 1013 810 3884 4493 636 690 2954 4601 2101 1115 494 1992 3066 928 277 4816 4228 1883 176 1400 3134 1668 74 1132 4803 1371 4375 3942 3769 2509 256 1643 4204 2858 3277 4769 2427 489 3276 2472 4039 749 2389 1991 898 2617 1917 3038 1816 2200 4075 4673 3832
3701 950 1478 2488 793 597 1003 2518 1726 2558 4633 799 4876 1375 4117 316 730 311 169 2932 2567 1675 3819 3891 2594 3356 2568 3533 2965 139 2728 4192 2030 4864 1116 3363 332 1413 2239 1828 3571 118 2325 3965 4250 3384 4247 3289 4662 58 1968 2851 3294 4405 4471 3668 3349 3087 3237 933 3120 3398 3436 2963 686 2329 1385 2001 2000 324 1304 1446 2539 4057 1779 4319 2921 1388 2263 1343 1168 3534 1593 1357 1943 4441 2513 2911 4367 885 3193 3700 4451 2477 3120 2051 2089 2649 1477 492
2442 3657 2168 2786 4681 4123 523 1460 4511 3124 799 876 3318 3006 1233 3277 4149 2605 3198 2644 3525 1661 129 3403 3913 177 3915 1441 1593 3580 4758 4940 1007 749 2295 2371 2482 2316 2341 2507 2258 3330 3915 1262 1302 3936 1342 3654 637 861 508 3602 4015 4026 971 1035 464 2382 3972 2375 1589 1643 519 4267 1858 827 545 3710 4428 1390 1050 1858 4310 2794 4550 723 849 373 2597 1755 2482 1002 203 4979 4429 4293 1835 4410 4302 4987 3733 1907 267 3184 3513 2823 4948 4883 3977 4311
4573 653 3748 2978 228 921 3070 408 1329 1158 4876 3318 2678 4677 923 179 2589 2901 4770 731 2124 724 2262 3147 383 3339 733 2262 641 3716 3347 3529 3612 991 2445 3085 1202 1733 4314 425 4187 4852 4374 2488 3050 4080 3810 1707 4693 3889 2628 4301 801 1215 1920 3705 1444 1379 652 4527 528 3662 2893 2768 3980 4238 2122 912 3879 989 443 495 3563 481 4615 4155 4595 4038 3594 1321 580 4390 4321 1432 470 3328 4387 4494 4057 3163 3873 2542 82 1912 92 2704 4736 818 202 4639
2767 289 4733 1192 4611 2759 4300 2421 640 4215 1375 3006 4677 2403 2321 4641 3834 142 4630 798 1157 3719 1083 437 2416 4109 2849 254 895 4536 3237 969 4670 4693 274 3854 2065 4009 1385 4729 4264 4278 4615 3017 2024 2535 974 3995 1666 4172 1369 2684 2469 4670 4544 4513 422 4939 3551 88 1409 1895 1975 1067 836 2012 1682 2398 4371 3018 3769 1550 4570 1600 1023 4951 3307 1778 4627 1407 3482 2623 1784 673 1506 4401 685 2219 2186 775 2741 2212 1835 4004 3594 500 1535 4150 2883 649
1808 2531 3187 413 4933 136 3613 154 4897 2432 4117 1233 923 2321 2640 2990 2899 2660 1237 3720 637 448 126 661 3645 3099 738 852 1474 1176 1146 179 3172 2842 259 979 4759 1265 3891 3867 3849 3923 3397 3789 3270 1231 4773 3626 4748 356 1892 4861 2100 3913 3425 4063 649 370 4603 283 3812 2428 4955 919 3266 2829 1815 1946 4918 876 327 1416 1591 2127 4915 881 3168 434 564 1528 1171 2966 4722 285 1496 1476 1349 1020 3557 2494 3964 2396 1945 1044 2353 3868 2977 2639 1303 1118
1345 3729 3891 1938 3322 2379 2644 144 4651 3840 316 3277 179 4641 2990 1210 2325 357 1148 1902 4993 4550 4293 4688 481 2637 4910 4740 2577 2070 4623 4789 1605 1481 2744 3264 3392 212 1413 4017 1653 4100 2560 4768 2427 466 905 910 531 1267 3461 1890 3898 4610 1058 572 4164 3713 446 3157 3742 3215 2393 4978 2909 4880 1709 2436 757 4654 1744 1081 585 1054 862 2046 3655 3324 889 27 317 1289 3898 4468 4748 2590 1730 2086 1066 297 2994 4018 1046 4623 378 1049 562 3281 3902 2689
2906 837 4733 4479 3100 612 3303 1514 3999 1367 730 4149 2589 3834 2899 2325 116 906 4882 2753 4857 618 179 3145 2042 2093 1410 4574 1689 4042 772 951 2514 1512 1336 1118 1977 3567 3230 189 4958 3514 2965 3418 231 3530 2403 1918 4278 3444 3586 1873 1197 3212 1001 2225 3979 303 1713 84 2040 2059 4434 3112 4309 4506 1841 4016 3986 3086 4189 3366 1634 1568 809 2524 527 3043 3666 2919 3999 4413 881 734 748 1276 2700 1657 422 1795 1510 4115 4493 1258 232 830 3162 414 2692 413
1710 1796 4315 4877 638 2773 1554 2526 3406 811 311 2605 2901 142 2660 357 906 4068 4271 2945 4804 2391 681 653 713 4617 283 1376 770 1321 4792 3862 4243 4267 1693 706 2168 478 4047 4930 3091 4984 1220 1443 1604 2124 4595 12 2932 1787 3375 4095 3664 4169 2334 4625 1313 2689 524 2572 4570 1774 4585 866 4698 4139 1960 853 2036 1158 845 642 4714 3544 2046 701 2889 501 3000 1816 4882 3847 4203 2737 1725 4299 3878 4896 4634 4205 4406 863 1328 4621 3302 1132 4813 4535 139 3352
4890 2394 2916 4518 3586 1847 1288 2443 3371 3824 169 3198 4770 4630 1237 1148 4882 4271 2217 258 3786 1578 4520 2685 4248 1314 464 4381 3198 3282 3269 2561 3825 4377 4726 50 4461 3463 130 3796 3777 186 1536 2378 2719 1909 572 1815 3274 988 4560 2452 371 2271 3474 1243 1206 3964 606 956 4690 3321 173 1841 2655 4505 4247 2431 3916 4256 210 3320 1352 2803 2981 711 3542 2597 2951 1301 3784 658 4838 367 1301 669 2270 2342 2255 218 2561 357 3498 2074 3700 2546 1613 165 788 2266
1195 3429 1541 2557 626 2223 3316 1867 107 851 2932 2644 731 798 3720 1902 2753 2945 258 1961 4899 525 4076 3313 3400 1069 1407 3311 260 3878 4202 2157 2998 3417 35 32 1874 130 702 3583 1592 2920 1988 1661 3020 1534 4543 1091 4393 4740 255 1536 2583 3079 3452 2935 1749 4640 2295 2513 318 4698 4365 3104 669 932 2756 3348 1952 3997 204 1675 1481 768 1593 2062 4244 2936 894 990 426 1532 2651 3695 2656 3240 162 3535 3307 3394 3159 4016 1942 4143 315 939 3501 3491 336 4972
4426 4110 1893 4511 3625 1648 1398 2358 1122 2951 2567 3525 2124 1157 637 4993 4857 4804 3786 4899 217 4191 2557 2472 2841 2955 4843 419 1696 1543 4578 2986 1952 925 4336 3226 3825 2407 860 4977 1882 4643 3346 4008 2514 2871 4559 4348 2608 1662 4316 4356 470 1729 1494 2121 4755 1603 2328 3890 4344 3470 3315 4777 4448 4151 1505 659 582 105 4637 1380 4045 1585 2266 2782 3691 1608 1466 3833 596 873 4552 4608 353 2818 4398 2322 3682 4668 3500 3233 2328 565 936 3534 4629 1905 2626 4105
4412 1977 1561 3036 1719 4646 273 528 3551 2379 1675 1661 724 3719 448 4550 618 2391 1578 525 4191 198 2093 448 3276 3044 1154 4952 2010 3423 4309 824 1783 248 2872 1527 2385 1735 354 2791 3313 2644 830 2040 4984 1067 2225 485 3257 1999 2946 1313 1585 4940 2359 1529 1317 3654 2219 4478 985 2715 655 2654 1637 2703 660 4824 4206 3845 2838 3111 3314 2405 1286 4856 4352 3967 3450 4818 400 4715 1666 4933 465 3826 2637 1249 185 3670 187 3271 2392 4172 1060 4986 1472 1778 3706 3905
2695 4418 4171 4339 4207 1016 3325 681 3985 2916 3819 129 2262 1083 126 4293 179 681 4520 4076 2557 2093 3595 1509 1938 1230 3048 2646 2473 936 1074 360 1092 343 2513 687 1429 2571 725 1610 1941 3166 2689 1825 1975 2146 2776 735 2683 434 179 1739 192 14 4980 933 982 713 48 3493 3003 3824 4064 2109 3069 4605 3635 3086 3509 4120 2572 3509 2864 1628 1129 2588 1851 1655 1941 3698 3805 3776 2213 1817 2918 569 1900 2948 2877 1894 653 2671 762 3115 2057 4736 4498 530 4789 2862
889 2455 315 2133 3438 2453 4124 2575 3554 2688 3891 3403 3147 437 661 4688 3145 653 2685 3313 2472 448 1509 4020 3953 783 2058 2655 4258 4466 739 627 3439 138 3876 3286 2443 594 88 65 4236 4373 3099 4886 1193 3050 1916 717 2794 2803 1475 247 1041 133 777 4167 4073 1661 4269 4848 3538 1823 3181 1151 1021 277 3141 3604 148 159 3993 4402 1768 160 4917 4711 1924 4278 901 2032 3920 4829 1290 2521 2947 2540 2348 1425 1203 2084 447 3346 1879 673 3966 4952 3224 2077 3835 4570
2891 1826 3414 249 1274 3858 4938 3164 4654 2751 2594 3913 383 2416 3645 481 2042 713 4248 3400 2841 3276 1938 3953 4954 4624 2312 3505 2054 4387 2077 2923 47 3255 3384 2727 4712 768 2909 1904 495 4960 2732 2383 3614 4034 3694 310 1105 514 1376 803 3912 11 1095 606 2586 884 2036 2183 314 2224 1547 229 410 1222 798 3386 2000 219 4406 1204 1627 1911 3556 2708 1519 4060 4845 1195 1118 1279 3984 545 902 1354 1118 4083 1194 1600 4259 2229 4635 3781 3099 4471 505 262 1541 3892
903 3365 1841 3641 2525 4530 247 3020 282 4476 3356 177 3339 4109 3099 2637 2093 4617 1314 1069 2955 3044 1230 783 4624 840 3796 3533 40 289 3720 1524 4354 2413 2617 2140 4279 2660 2646 195 3271 2335 749 614 1241 1808 1027 3977 3757 1044 1314 3691 2431 1153 1800 4535 2582 385 1574 467 4836 2638 458 2162 4909 213 4116 198 918 2235 612 2913 2028 1778 2767 3869 136 1664 524 715 1760 2871 3138 4073 3233 4383 2605 1881 4184 1766 1200 289 585 1909 4986 1797 3055 3984 1339 4079
1708 2598 2795 2473 3198 3953 4108 1261 765 2738 2568 3915 733 2849 738 4910 1410 283 464 1407 4843 1154 3048 2058 2312 3796 2655 119 2636 4133 4804 1296 3782 1484 2070 1407 675 1924 578 3627 4655 1260 3520 3701 4932 2688 1698 936 4315 1715 1072 4046 3720 1416 2759 3436 599 1910 1700 2769 4880 1632 4035 2826 4372 4668 4773 1372 1022 3732 3551 1114 1960 288 1431 1653 1853 418 3392 2590 1244 3448 3445 3821 4747 3858 608 3281 1331 3704 2039 1459 3539 4100 815 373 2534 4120 4774 4851
3133 4066 442 363 3195 3212 1606 1028 1804 314 3533 1441 2262 254 852 4740 4574 1376 4381 3311 419 4952 2646 2655 3505 3533 119 4034 2484 1820 2557 4916 284 4380 2903 4097 2672 2290 2714 462 3524 301 4432 4973 1863 1478 2728 3938 1044 3279 4293 2106 4018 2840 4192 3622 1019 2063 4211 824 4434 1783 4284 3455 2450 1559 3143 4515 3988 3753 3385 1206 2894 3703 3311 2296 869 1383 4415 2598 1559 1933 940 2603 2872 55 3878 4494 3625 1475 2714 2867 1369 3431 3673 2530 168 1856 857 2892
3424 4635 4060 4368 2126 3987 2790 1861 4644 492 2965 1593 641 895 1474 2577 1689 770 3198 260 1696 2010 2473 4258 2054 40 2636 2484 2079 3661 1578 2366 2166 3991 723 4585 4346 4317 1692 3330 436 362 1298 2714 4052 1543 2636 2813 2645 4692 3118 3980 385 1398 1632 2351 1078 4167 2213 2564 712 2809 4152 761 2193 2463 3976 604 4054 2809 4561 132 3442 18 1559 1184 1027 232 3333 3579 4665 1163 4841 551 717 3658 3967 3920 3346 4681 3818 4885 2121 3701 2591 4439 4958 2990 4806 520
2861 4447 195 1457 2430 1055 457 825 4115 3807 139 3580 3716 4536 1176 2070 4042 1321 3282 3878 1543 3423 936 4466 4387 289 4133 1820 3661 3037 3919 4755 3098 2460 1804 4322 102 2428 3392 3379 735 4075 2440 1210 3666 128 3606 545 3221 1253 3602 3260 4587 3171 563 107 722 1178 3152 3046 21 290 2101 1638 3536 1531 633 408 1148 4664 4654 4470 4740 1507 4942 2067 4643 3071 3290 584 3466 2565 69 3509 4011 3426 1767 3786 2951 4203 1805 4694 932 3120 1165 2924 422 1220 854 1123
3049 3808 217 1893 1811 4683 322 2033 1019 1009 2728 4758 3347 3237 1146 4623 772 4792 3269 4202 4578 4309 1074 739 2077 3720 4804 2557 1578 3919 1772 4882 4453 2142 2070 4357 1475 943 986 4386 1320 710 4300 1634 1663 4958 2573 1652 1141 4515 2278 1022 1667 1534 1712 3075 1627 2454 3406 1692 191 559 3603 1062 2858 2711 4852 746 422 2375 4186 3727 2863 2625 4629 4916 992 761 842 201 2888 165 2674 4291 796 4200 3809 4422 451 920 3695 2503 1012 538 2221 1702 1771 1090 58 1698
278 4966 2932 2219 2012 2778 1313 734 3514 2770 4192 4940 3529 969 179 4789 951 3862 2561 2157 2986 824 360 627 2923 1524 1296 4916 2366 4755 4882 3668 1512 3631 1194 2281 4849 3479 2146 2452 1347 4290 3189 4041 1114 2841 1741 3895 4146 2903 486 79 3896 1251 579 4774 3766 4305 2911 796 4961 3449 3686 4400 3125 4261 4307 996 2150 936 4404 122 3374 4416 1870 2708 3896 169 4786 327 4423 3656 517 1349 2785 649 2270 3587 1789 2114 3922 3240 2051 3685 1476 2746 2547 613 4873 157
870 252 2502 2190 2250 4120 2083 4114 2138 2243 2030 1007 3612 4670 3172 1605 2514 4243 3825 2998 1952 1783 1092 3439 47 4354 3782 284 2166 3098 4453 1512 1495 1637 4030 4930 2557 396 2022 4351 2233 3283 4958 791 1213 1225 4537 3370 3590 4758 1377 2781 1149 4789 180 2424 3942 4827 2175 485 2200 321 3401 3801 3427 3560 426 1234 4536 1589 4335 53 107 4147 4345 3199 4398 4801 4792 640 2692 3656 586 49 2698 1261 3044 1265 3429 2516 2421 3551 2220 2488 2764 2350 2131 71 1417 2366
3157 4523 4331 4243 3089 1425 1929 1943 1578 1402 4864 749 991 4693 2842 1481 1512 4267 4377 3417 925 248 343 138 3255 2413 1484 4380 3991 2460 2142 3631 1637 1944 3136 3310 1541 2113 3196 3740 4078 332 1480 2862 3595 972 4840 4411 3508 2690 1415 812 4888 3485 369 3866 3788 1943 403 4734 1301 4432 1748 2211 1841 805 95 3277 2572 2771 4869 1642 257 2472 4655 4740 1197 1970 3560 2086 348 3252 2013 2837 154 3728 1985 2823 328 2172 769 4372 2356 4946 4286 2198 2979 286 399 3851
2135 2913 3331 354 342 1195 1872 4250 2519 2061 1116 2295 2445 274 259 2744 1336 1693 4726 35 4336 2872 2513 3876 3384 2617 2070 2903 723 1804 2070 1194 4030 3136 4351 2084 4974 2824 565 1874 669 4312 598 3182 2314 2741 4723 3227 2717 725 1836 75 2672 4319 2753 3655 2531 2656 143 796 337 4764 3739 3132 924 4701 3793 4825 3708 1671 543 4761 3410 2197 1864 3147 3348 1419 2843 2033 3796 3427 4296 2696 2631 2851 2822 4405 3725 2855 1943 4143 1851 426 2368 3077 3803 1563 759 3305
4377 4987 3229 560 2372 2428 2349 3519 35 1850 3363 2371 3085 3854 979 3264 1118 706 50 32 3226 1527 687 3286 2727 2140 1407 4097 4585 4322 4357 2281 4930 3310 2084 2482 2239 4717 4514 4462 737 4604 3664 1279 2363 2233 94 2593 221 2605 4487 2008 2825 601 1049 287 4987 260 3855 644 3012 1634 180 1626 1846 2320 145 887 2971 4464 4840 3465 376 2457 4121 1615 3519 4418 4922 4671 1656 3066 126 1457 842 3982 932 675 4809 1461 4665 726 2166 3107 2793 1527 2859 1200 728 4869
3015 4625 4810 4360 4379 3923 3518 4776 1624 1915 332 2482 1202 2065 4759 3392 1977 2168 4461 1874 3825 2385 1429 2443 4712 4279 675 2672 4346 102 1475 4849 2557 1541 4974 2239 1760 1298 3510 1643 801 2372 314 2202 1082 3158 493 880 1435 4023 739 3274 2520 2580 3596 4843 30 3471 541 243 2275 313 3426 1638 1703 662 1475 349 1587 3875 2329 1814 1150 972 995 3527 1444 1150 748 3470 2434 2616 149 2128 2806 4172 4892 3430 4267 1022 1032 2255 2553 4467 926 2494 4892 4192 2793 622
1818 3263 1348 1790 4578 4831 1802 2814 755 3098 1413 2316 1733 4009 1265 212 3567 478 3463 130 2407 1735 2571 594 768 2660 1924 2290 4317 2428 943 3479 396 2113 2824 4717 1298 2176 213 4435 3233 567 4490 4007 929 4412 1364 2734 3059 1296 2737 400 3505 2296 1839 2646 4006 2578 4633 1054 853 2670 3852 1143 4644 1195 3094 448 3282 2729 884 2512 2341 1529 541 2357 618 2509 2424 4088 4537 4030 2484 2694 1330 1011 3937 3219 1016 2937 3978 1327 3128 3833 2273 211 3629 839 3039 971
4154 1948 3888 4412 4426 3569 525 2633 3439 3869 2239 2341 4314 1385 3891 1413 3230 4047 130 702 860 354 725 88 2909 2646 578 2714 1692 3392 986 2146 2022 3196 565 4514 3510 213 4169 2912 2444 310 403 3631 3830 2373 774 1114 4786 2051 3242 2277 1246 879 4872 3633 3890 4938 480 1435 1822 2304 1754 4333 4477 3301 4525 2412 3364 4180 614 1566 1221 4581 1991 866 887 2083 1600 4991 1232 2119 1222 1603 4172 422 1110 2248 4502 3502 3909 2626 4521 1319 4108 4299 3420 1575 3055 2099
4826 3889 3437 2431 726 1628 3686 4741 1582 2021 1828 2507 425 4729 3867 4017 189 4930 3796 3583 4977 2791 1610 65 1904 195 3627 462 3330 3379 4386 2452 4351 3740 1874 4462 1643 4435 2912 351 2485 2372 2764 2786 2948 4373 271 1707 4463 4144 4626 4708 106 944 1098 2847 3563 4686 1674 3012 3167 777 1802 2324 665 3750 3454 2618 1647 4361 4645 742 1600 3914 3298 2771 331 1166 3236 23 413 1494 3931 2423 675 1632 2790 1536 2336 3962 1450 1346 71 1979 3111 4373 2118 1146 4208 3814
4258 4692 3867 4928 1490 2003 866 4631 4768 1183 3571 2258 4187 4264 3849 1653 4958 3091 3777 1592 1882 3313 1941 4236 495 3271 4655 3524 436 735 1320 1347 2233 4078 669 737 801 3233 2444 2485 202 4908 2701 1751 2562 3657 4216 4326 2893 4482 2267 335 1913 2889 3440 3357 2051 2042 3132 2315 1712 3907 4175 4261 4196 2951 2849 1282 3929 2477 194 186 1940 4759 2162 2728 705 3490 1853 2549 4733 2931 512 2410 44 977 4227 406 3663 1335 2216 4598 4233 1524 1169 1406 1946 3097 877 4057
3704 2337 2556 3125 4363 3603 1093 4931 3721 4406 118 3330 4852 4278 3923 4100 3514 4984 186 2920 4643 2644 3166 4373 4960 2335 1260 301 362 4075 710 4290 3283 332 4312 4604 2372 567 310 2372 4908 3248 4442 4100 4284 4164 846 4308 2210 2317 556 918 4858 964 4254 2505 2169 4016 2456 332 4693 2124 1906 3228 1990 4898 706 2373 4733 3144 3494 246 2716 4987 4771 1901 4295 294 604 3429 3302 272 1869 4963 3226 654 1013 2271 1682 1480 898 3015 4816 965 1506 4194 4345 2719 756 2872
3246 1655 984 3437 248 722 1654 1316 549 4479 2325 3915 4374 4615 3397 2560 2965 1220 1536 1988 3346 830 2689 3099 2732 749 3520 4432 1298 2440 4300 3189 4958 1480 598 3664 314 4490 403 2764 2701 4442 2160 2352 3810 1746 2834 2604 1222 1816 1848 3498 4210 734 2655 3289 944 2100 4582 978 3175 3801 1510 2633 4638 2819 1394 3326 4135 2105 2239 785 1293 529 1288 1759 3899 2540 3160 1690 2625 4968 2047 111 4470 4085 1114 699 2820 858 4023 4836 4480 3936 2761 2161 801 194 1497 1326
118 4245 432 3367 339 1614 2370 308 3981 4782 3965 1262 2488 3017 3789 4768 3418 1443 2378 1661 4008 2040 1825 4886 2383 614 3701 4973 2714 1210 1634 4041 791 2862 3182 1279 2202 4007 3631 2786 1751 4100 2352 2428 3671 4781 725 1051 827 4288 4175 2257 4158 2571 1535 3988 4893 513 4687 415 2137 347 819 11 1871 2603 4864 2621 3466 494 4542 2705 1223 4228 3913 4277 4420 270 2269 2505 4434 1880 317 1099 371 4543 3904 1418 3505 3207 277 1958 1725 2078 2778 1615 3896 2562 550 4283
1603 1493 1009 1729 3572 1619 3068 3301 182 1878 4250 1302 3050 2024 3270 2427 231 1604 2719 3020 2514 4984 1975 1193 3614 1241 4932 1863 4052 3666 1663 1114 1213 3595 2314 2363 1082 929 3830 2948 2562 4284 3810 3671 1409 1716 906 1402 4479 1170 4282 514 4728 2450 1220 2790 1812 476 3845 4329 2824 3347 2452 1614 2245 2668 2095 4205 2558 2478 1623 3742 2319 1386 2638 1074 1173 239 408 2942 127 83 1571 380 1071 1658 4427 3062 3950 4289 4420 1753 2492 3033 2479 3418 2067 4222 1522 4503
4764 3352 2927 2402 3940 1501 2110 1195 2186 3701 3384 3936 4080 2535 1231 466 3530 2124 1909 1534 2871 1067 2146 3050 4034 1808 2688 1478 1543 128 4958 2841 1225 972 2741 2233 3158 4412 2373 4373 3657 4164 1746 4781 1716 1270 1745 3195 4191 3887 3648 1185 3141 3495 848 663 3201 592 1184 3977 892 317 3404 2601 1102 1469 1733 2124 3370 69 2675 3732 3632 691 933 3829 990 2953 3459 1740 1108 4203 1882 2322 352 18 961 3747 4047 1358 684 1053 4474 683 4708 2600 1611 591 363 4756
703 1617 4010 866 2761 1700 67 4159 1002 3287 4247 1342 3810 974 4773 905 2403 4595 572 4543 4559 2225 2776 1916 3694 1027 1698 2728 2636 3606 2573 1741 4537 4840 4723 94 493 1364 774 271 4216 846 2834 725 906 1745 4175 3369 1813 1861 1211 1678 4399 716 2175 3454 2318 1777 1156 360 483 2712 4079 539 4498 3078 1833 337 1828 4903 1038 296 578 2731 4021 4721 4271 3720 591 828 2245 1658 1457 3242 3443 217 1080 4797 4156 365 388 4706 4970 2875 2661 4604 4101 3500 3306 1899
1948 3752 3805 3229 2999 4944 4487 2502 1191 1013 3289 3654 1707 3995 3626 910 1918 12 1815 1091 4348 485 735 717 310 3977 936 3938 2813 545 1652 3895 3370 4411 3227 2593 880 2734 1114 1707 4326 4308 2604 1051 1402 3195 3369 2298 2675 3037 1139 128 4108 4695 434 3415 4380 2654 4677 3560 3088 2052 1739 1715 2262 2793 1360 2499 3503 320 1227 2714 1844 3729 789 2066 632 126 820 3073 1808 2832 2918 1477 4635 3706 501 2840 694 337 676 2711 1009 3197 2525 2225 4390 26 4324 4362
373 1345 2323 2866 4825 4814 418 4800 1697 810 4662 637 4693 1666 4748 531 4278 2932 3274 4393 2608 3257 2683 2794 1105 3757 4315 1044 2645 3221 1141 4146 3590 3508 2717 221 1435 3059 4786 4463 2893 2210 1222 827 4479 4191 1813 2675 4456 1471 3262 4627 4956 165 3469 4214 1177 4596 43 1549 239 1394 414 4267 4107 4557 3658 1696 4398 521 3853 4928 4685 2184 4153 2318 222 1153 2466 4585 1201 165 2318 2840 4093 3152 4852 759 4327 264 4538 151 4129 2411 4129 4695 4535 4139 3578 757
160 3083 515 641 2094 1453 4107 1515 76 3884 58 861 3889 4172 356 1267 3444 1787 988 4740 1662 1999 434 2803 514 1044 1715 3279 4692 1253 4515 2903 4758 2690 725 2605 4023 1296 2051 4144 4482 2317 1816 4288 1170 3887 1861 3037 1471 1591 3360 4981 1289 4958 2217 4028 4862 3731 4681 3822 1636 3769 2325 740 1233 1656 210 4241 4419 1303 3220 4678 3228 822 4931 2296 1619 2269 209 1431 929 2691 1067 79 4730 41 1709 2144 3397 328 3893 1219 4371 3706 2294 1986 3240 2166 2195 4053
3726 4335 1146 1450 4244 2569 2343 2244 1431 4493 1968 508 2628 1369 1892 3461 3586 3375 4560 255 4316 2946 179 1475 1376 1314 1072 4293 3118 3602 2278 486 1377 1415 1836 4487 739 2737 3242 4626 2267 556 1848 4175 4282 3648 1211 1139 3262 3360 4254 776 3189 2439 624 2223 3738 2084 3750 1910 4453 2778 4522 1104 2219 227 1316 4086 642 3729 798 2090 2596 1597 3652 497 3778 4719 3963 1859 4093 2348 2077 4617 4878 4274 1046 281 4188 48 3119 1845 1753 4161 3264 2237 1113 1063 4959 2492
2857 2526 3686 335 3614 4636 3240 838 4343 636 2851 3602 4301 2684 4861 1890 1873 4095 2452 1536 4356 1313 1739 247 803 3691 4046 2106 3980 3260 1022 79 2781 812 75 2008 3274 400 2277 4708 335 918 3498 2257 514 1185 1678 128 4627 4981 776 725 405 3869 1273 1178 122 3829 913 4675 2011 737 241 4241 4872 4819 349 3734 1585 2915 3710 1074 445 3249 121 4350 4617 2608 2277 2317 4582 92 3042 3037 703 3989 3354 4098 4586 2982 1036 4137 952 2325 4089 911 3031 1914 4299 69
4472 611 2357 890 4887 4743 1535 4625 344 690 3294 4015 801 2469 2100 3898 1197 3664 371 2583 470 1585 192 1041 3912 2431 3720 4018 385 4587 1667 3896 1149 4888 2672 2825 2520 3505 1246 106 1913 4858 4210 4158 4728 3141 4399 4108 4956 1289 3189 405 4506 4769 3207 3669 4899 1086 3092 535 706 2214 252 3467 4440 2695 3767 4495 4091 1612 1233 4005 1284 3338 2470 487 3364 4824 3348 4607 3285 1841 4610 4875 3234 3535 4084 2169 676 655 4982 4980 1656 2245 3063 1047 2880 4956 1377 1754
3840 3192 2619 3566 3352 3758 4046 1173 1464 2954 4405 4026 1215 4670 3913 4610 3212 4169 2271 3079 1729 4940 14 133 11 1153 1416 2840 1398 3171 1534 1251 4789 3485 4319 601 2580 2296 879 944 2889 964 734 2571 2450 3495 716 4695 165 4958 2439 3869 4769 2999 3773 1610 4396 412 142 1763 1728 3812 879 1612 750 3452 1456 885 280 1062 4555 1104 4222 4801 3774 659 3932 2732 3914 3412 4837 2268 2453 2434 2656 880 2953 2601 3528 4804 3225 178 4239 2679 1456 4756 2428 3499 4060 1215
588 2241 1961 110 3765 1004 979 528 4873 4601 4471 971 1920 4544 3425 1058 1001 2334 3474 3452 1494 2359 4980 777 1095 1800 2759 4192 1632 563 1712 579 180 369 2753 1049 3596 1839 4872 1098 3440 4254 2655 1535 1220 848 2175 434 3469 2217 624 1273 3207 3773 644 3230 3912 1932 3435 2298 1447 4151 2702 4127 1420 3275 1702 637 3495 1719 1602 1716 1053 4233 4409 2683 3561 3833 4172 1311 94 625 2512 1755 1812 1891 3822 1845 1588 169 2095 650 1390 1174 4975 1158 4594 4173 1581 4001
2851 690 4883 3530 2477 2076 4899 1005 3907 2101 3668 1035 3705 4513 4063 572 2225 4625 1243 2935 2121 1529 933 4167 606 4535 3436 3622 2351 107 3075 4774 2424 3866 3655 287 4843 2646 3633 2847 3357 2505 3289 3988 2790 663 3454 3415 4214 4028 2223 1178 3669 1610 3230 879 3104 1412 2591 814 3443 3095 1192 347 3280 4617 2123 3007 1341 256 2087 123 953 1788 4693 2923 3136 3677 4548 1941 2442 2206 3706 3194 496 1934 1075 3339 4601 3741 2097 715 2162 2000 3989 2886 2781 2537 3146 2665
191 2404 1730 2433 3989 3995 564 253 672 1115 3349 464 1444 422 649 4164 3979 1313 1206 1749 4755 1317 982 4073 2586 2582 599 1019 1078 722 1627 3766 3942 3788 2531 4987 30 4006 3890 3563 2051 2169 944 4893 1812 3201 2318 4380 1177 4862 3738 122 4899 4396 3912 3104 1252 2828 3650 368 3610 518 4675 4199 4686 341 1345 2678 3635 2926 1335 2314 4836 3497 34 4461 2066 1687 2871 2078 2974 1765 1295 2965 4675 4911 1097 589 4445 1095 611 1982 2563 3564 1894 844 1032 587 4721 1524
2787 751 1398 4733 1292 2747 4494 3900 1519 494 3087 2382 1379 4939 370 3713 303 2689 3964 4640 1603 3654 713 1661 884 385 1910 2063 4167 1178 2454 4305 4827 1943 2656 260 3471 2578 4938 4686 2042 4016 2100 513 476 592 1777 2654 4596 3731 2084 3829 1086 412 1932 1412 2828 795 269 3876 415 4439 4883 301 3626 2038 4405 3015 2752 4940 3168 2843 542 2374 4633 2729 2307 3530 1521 3443 2565 4208 3876 1630 223 739 1921 418 486 2030 2018 1584 1943 2456 1124 1128 4158 575 3915 2702
1850 395 1285 116 3384 4804 451 1380 118 1992 3237 3972 652 3551 4603 446 1713 524 606 2295 2328 2219 48 4269 2036 1574 1700 4211 2213 3152 3406 2911 2175 403 143 3855 541 4633 480 1674 3132 2456 4582 4687 3845 1184 1156 4677 43 4681 3750 913 3092 142 3435 2591 3650 269 2287 3772 2214 1971 4991 2609 2908 1425 3705 1611 2456 110 3683 3758 2016 2689 1566 3108 3288 431 3019 1498 3443 3916 133 2424 3958 4033 2750 1137 2317 2677 3345 281 4898 4543 4248 3539 1808 2182 376 342
4947 4627 2270 3290 4001 3798 3738 15 4037 3066 933 2375 4527 88 283 3157 84 2572 956 2513 3890 4478 3493 4848 2183 467 2769 824 2564 3046 1692 796 485 4734 796 644 243 1054 1435 3012 2315 332 978 415 4329 3977 360 3560 1549 3822 1910 4675 535 1763 2298 814 368 3876 3772 171 4426 788 1682 269 2493 3636 758 865 4554 2077 381 1490 3996 4414 2085 3581 3478 1316 2100 3006 3051 60 2661 1158 4167 1970 2190 4788 4754 286 2784 62 2324 936 2160 3600 3266 240 3979 1654
3534 1818 812 3656 2029 2116 3194 2812 4195 928 3120 1589 528 1409 3812 3742 2040 4570 4690 318 4344 985 3003 3538 314 4836 4880 4434 712 21 191 4961 2200 1301 337 3012 2275 853 1822 3167 1712 4693 3175 2137 2824 892 483 3088 239 1636 4453 2011 706 1728 1447 3443 3610 415 2214 4426 692 2793 3396 2135 2343 1651 1060 4347 2527 1524 4653 2341 3344 1105 4932 1703 2971 3671 4606 1012 1712 881 4761 367 124 306 1996 3856 4567 1921 4928 2987 718 1069 2104 2453 715 198 3925 1376
4066 1339 4577 847 4418 1988 4718 901 2553 277 3398 1643 3662 1895 2428 3215 2059 1774 3321 4698 3470 2715 3824 1823 2224 2638 1632 1783 2809 290 559 3449 321 4432 4764 1634 313 2670 2304 777 3907 2124 3801 347 3347 317 2712 2052 1394 3769 2778 737 2214 3812 4151 3095 518 4439 1971 788 2793 1539 3366 3154 4618 3212 1620 2513 1662 3199 2790 3125 1992 3450 3942 3941 1967 1478 4247 4142 618 3827 369 514 2967 1149 4744 1089 2955 3637 935 2046 2322 2429 2580 3870 1054 1438 3625 709
2430 2333 1277 1588 2146 3648 2167 945 3122 4816 3436 519 2893 1975 4955 2393 4434 4585 173 4365 3315 655 4064 3181 1547 458 4035 4284 4152 2101 3603 3686 3401 1748 3739 180 3426 3852 1754 1802 4175 1906 1510 819 2452 3404 4079 1739 414 2325 4522 241 252 879 2702 1192 4675 4883 4991 1682 3396 3366 885 832 4684 2742 1672 3648 4337 1395 947 1491 1567 1950 2323 358 2730 3942 2468 2254 287 2026 484 3239 3408 3998 1568 3445 3697 1284 1649 4837 1232 4033 4877 4134 1698 3858 2949 3723
3468 2749 2870 3356 1178 2042 1793 4256 2913 4228 2963 4267 2768 1067 919 4978 3112 866 1841 3104 4777 2654 2109 1151 229 2162 2826 3455 761 1638 1062 4400 3801 2211 3132 1626 1638 1143 4333 2324 4261 3228 2633 11 1614 2601 539 1715 4267 740 1104 4241 3467 1612 4127 347 4199 301 2609 269 2135 3154 832 2378 2786 740 402 3888 2118 4243 1997 1557 388 2794 1830 2942 1707 2301 350 4004 2229 3885 1888 4372 1616 3622 465 2415 2570 4032 1630 1874 4924 1203 3703 1593 3555 4345 4825 1966
1907 3799 1769 2095 2619 1907 4535 4552 4601 1883 686 1858 3980 836 3266 2909 4309 4698 2655 669 4448 1637 3069 1021 410 4909 4372 2450 2193 3536 2858 3125 3427 1841 924 1846 1703 4644 4477 665 4196 1990 4638 1871 2245 1102 4498 2262 4107 1233 2219 4872 4440 750 1420 3280 4686 3626 2908 2493 2343 4618 4684 2786 3399 356 4184 960 839 3402 2534 4044 4307 34 3092 4938 3627 369 2284 709 4373 1994 2092 2937 1267 609 1769 4413 1461 2582 53 134 2691 4615 1603 3819 4477 3625 4175 1355
4440 705 1707 926 1833 3200 3702 361 4088 176 2329 827 4238 2012 2829 4880 4506 4139 4505 932 4151 2703 4605 277 1222 213 4668 1559 2463 1531 2711 4261 3560 805 4701 2320 662 1195 3301 3750 2951 4898 2819 2603 2668 1469 3078 2793 4557 1656 227 4819 2695 3452 3275 4617 341 2038 1425 3636 1651 3212 2742 740 356 781 2748 317 2090 1014 3412 4484 3379 161 3834 1454 1407 4433 2913 4259 1994 4728 1173 3545 2598 3256 2248 4730 1637 3430 3691 3019 402 3885 1062 4657 3013 147 4106 168
4710 2901 2113 1075 660 4351 3533 2238 576 1400 1385 545 2122 1682 1815 1709 1841 1960 4247 2756 1505 660 3635 3141 798 4116 4773 3143 3976 633 4852 4307 426 95 3793 145 1475 3094 4525 3454 2849 706 1394 4864 2095 1733 1833 1360 3658 210 1316 349 3767 1456 1702 2123 1345 4405 3705 758 1060 1620 1672 402 4184 2748 1175 4256 3041 2508 3131 1094 4721 560 2673 213 2218 2158 2304 896 1594 3072 1524 2262 1232 257 3870 1086 2496 1688 2075 2323 182 783 1398 4542 727 2850 2283 1929
2235 3079 2012 3175 1864 41 3420 4106 4063 3134 2001 3710 912 2398 1946 2436 4016 853 2431 3348 659 4824 3086 3604 3386 198 1372 4515 604 408 746 996 1234 3277 4825 887 349 448 2412 2618 1282 2373 3326 2621 4205 2124 337 2499 1696 4241 4086 3734 4495 885 637 3007 2678 3015 1611 865 4347 2513 3648 3888 960 317 4256 4942 3942 4995 1991 4193 4957 4038 2087 600 1471 365 480 2626 4071 1211 3981 47 4256 325 4982 137 1956 4166 3054 1086 1103 397 3537 1641 2924 3770 471 3688
805 3874 1765 2676 4342 4947 3921 1716 2894 1668 2000 4428 3879 4371 4918 757 3986 2036 3916 1952 582 4206 3509 148 2000 918 1022 3988 4054 1148 422 2150 4536 2572 3708 2971 1587 3282 3364 1647 3929 4733 4135 3466 2558 3370 1828 3503 4398 4419 642 1585 4091 280 3495 1341 3635 2752 2456 4554 2527 1662 4337 2118 839 2090 3041 3942 3170 689 233 1346 3489 1805 3244 3944 2100 329 1432 1238 916 1918 4980 2857 1151 1080 57 4588 4508 4347 3648 44 3769 3965 1354 3943 4102 2472 673 3099
4825 3365 3400 4458 2431 842 681 734 4909 74 324 1390 989 3018 876 4654 3086 1158 4256 3997 105 3845 4120 159 219 2235 3732 3753 2809 4664 2375 936 1589 2771 1671 4464 3875 2729 4180 4361 2477 3144 2105 494 2478 69 4903 320 521 1303 3729 2915 1612 1062 1719 256 2926 4940 110 2077 1524 3199 1395 4243 3402 1014 2508 4995 689 2617 1574 4094 4634 1344 3997 1152 204 4703 3643 4776 4223 1574 2585 4736 2511 596 4685 4499 1567 3676 231 3655 1367 1747 762 3563 2324 2100 2155 73
3700 3614 463 3253 4408 978 1895 1464 4615 1132 1304 1050 443 3769 327 1744 4189 845 210 204 4637 2838 2572 3993 4406 612 3551 3385 4561 4654 4186 4404 4335 4869 543 4840 2329 884 614 4645 194 3494 2239 4542 1623 2675 1038 1227 3853 3220 798 3710 1233 4555 1602 2087 1335 3168 3683 381 4653 2790 947 1997 2534 3412 3131 1991 233 1574 519 4453 2546 2329 82 4392 3453 3797 2890 4707 1970 1095 1026 2008 495 51 4767 2878 4485 1688 2462 597 730 3635 579 4901 3953 4406 1624 2725
4027 4455 3206 965 2207 539 4283 1297 4918 4803 1446 1858 495 1550 1416 1081 3366 642 3320 1675 1380 3111 3509 4402 1204 2913 1114 1206 132 4470 3727 122 53 1642 4761 3465 1814 2512 1566 742 186 246 785 2705 3742 3732 296 2714 4928 4678 2090 1074 4005 1104 1716 123 2314 2843 3758 1490 2341 3125 1491 1557 4044 4484 1094 4193 1346 4094 4453 68 4399 4302 1890 233 1209 2023 611 3414 4384 376 194 2598 2479 4177 3968 4121 1488 2913 1671 2316 1239 3347 735 2008 1040 1617 3624 1690
2245 4613 2615 3213 413 1491 111 800 4429 1371 2539 4310 3563 4570 1591 585 1634 4714 1352 1481 4045 3314 2864 1768 1627 2028 1960 2894 3442 4740 2863 3374 107 257 3410 376 1150 2341 1221 1600 1940 2716 1293 1223 2319 3632 578 1844 4685 3228 2596 445 1284 4222 1053 953 4836 542 2016 3996 3344 1992 1567 388 4307 3379 4721 4957 3489 4634 2546 4399 3344 4719 4823 3946 1852 1128 4443 1399 1046 349 3637 2959 379 1349 4332 3355 4452 1397 87 4615 2362 1597 201 1914 4725 4390 4710 2404
3290 1403 2234 1158 60 1968 4617 3050 3899 4375 4057 2794 481 1600 2127 1054 1568 3544 2803 768 1585 2405 1628 160 1911 1778 288 3703 18 1507 2625 4416 4147 2472 2197 2457 972 1529 4581 3914 4759 4987 529 4228 1386 691 2731 3729 2184 822 1597 3249 3338 4801 4233 1788 3497 2374 2689 4414 1105 3450 1950 2794 34 161 560 4038 1805 1344 2329 4302 4719 3213 2504 3310 1364 4019 3056 3546 1043 3171 2256 2365 2469 2421 2221 3040 4405 50 2248 3005 1562 3754 3911 3254 4652 4328 2676 3131
3631 3729 3110 4581 462 921 4169 3897 2234 3942 1779 4550 4615 1023 4915 862 809 2046 2981 1593 2266 1286 1129 4917 3556 2767 1431 3311 1559 4942 4629 1870 4345 4655 1864 4121 995 541 1991 3298 2162 4771 1288 3913 2638 933 4021 789 4153 4931 3652 121 2470 3774 4409 4693 34 4633 1566 2085 4932 3942 2323 1830 3092 3834 2673 2087 3244 3997 82 1890 4823 2504 2533 232 4462 2467 3398 1920 479 1639 4872 2078 3123 3136 557 153 151 4500 4560 2069 1469 325 137 4282 2037 4433 1323 2530
2608 2717 2567 2423 2020 2469 3916 4746 317 3769 4319 723 4155 4951 881 2046 2524 701 711 2062 2782 4856 2588 4711 2708 3869 1653 2296 1184 2067 4916 2708 3199 4740 3147 1615 3527 2357 866 2771 2728 1901 1759 4277 1074 3829 4721 2066 2318 2296 497 4350 487 659 2683 2923 4461 2729 3108 3581 1703 3941 358 2942 4938 1454 213 600 3944 1152 4392 233 3946 3310 232 4374 1227 2206 4607 2368 4032 2183 3527 2360 2023 225 4673 1434 3327 2521 664 4011 1355 451 248 596 3029 3618 2239 1570
2420 2516 3649 3191 2355 42 2090 2199 679 2509 2921 849 4595 3307 3168 3655 527 2889 3542 4244 3691 4352 1851 1924 1519 136 1853 869 1027 4643 992 3896 4398 1197 3348 3519 1444 618 887 331 705 4295 3899 4420 1173 990 4271 632 222 1619 3778 4617 3364 3932 3561 3136 2066 2307 3288 3478 2971 1967 2730 1707 3627 1407 2218 1471 2100 204 3453 1209 1852 1364 4462 1227 1730 4734 1890 4202 453 1096 687 2283 4434 627 3890 343 2037 750 3482 924 1105 2632 3578 3733 4488 4220 3324 1064
969 3513 2556 193 481 3853 1382 2168 2730 256 1388 373 4038 1778 434 3324 3043 501 2597 2936 1608 3967 1655 4278 4060 1664 418 1383 232 3071 761 169 4801 1970 1419 4418 1150 2509 2083 1166 3490 294 2540 270 239 2953 3720 126 1153 2269 4719 2608 4824 2732 3833 3677 1687 3530 431 1316 3671 1478 3942 2301 369 4433 2158 365 329 4703 3797 2023 1128 4019 2467 2206 4734 2137 2502 4132 1245 594 1044 2201 2250 299 4558 4859 3261 1919 1488 2767 1082 640 1538 4322 4678 279 1638 2407
2943 1441 1589 2025 953 424 2603 2067 3235 1643 2263 2597 3594 4627 564 889 3666 3000 2951 894 1466 3450 1941 901 4845 524 3392 4415 3333 3290 842 4786 4792 3560 2843 4922 748 2424 1600 3236 1853 604 3160 2269 408 3459 591 820 2466 209 3963 2277 3348 3914 4172 4548 2871 1521 3019 2100 4606 4247 2468 350 2284 2913 2304 480 1432 3643 2890 611 4443 3056 3398 4607 1890 2502 3742 2088 4609 1240 1511 2057 3442 3356 1837 300 637 4926 4297 2902 1397 1235 2851 3197 1477 4617 4125 3808
3079 2210 2681 776 4763 2644 1394 2518 4020 4204 1343 1755 1321 1407 1528 27 2919 1816 1301 990 3833 4818 3698 2032 1195 715 2590 2598 3579 584 201 327 640 2086 2033 4671 3470 4088 4991 23 2549 3429 1690 2505 2942 1740 828 3073 4585 1431 1859 2317 4607 3412 1311 1941 2078 3443 1498 3006 1012 4142 2254 4004 709 4259 896 2626 1238 4776 4707 3414 1399 3546 1920 2368 4202 4132 2088 1725 3725 302 3821 677 3217 3482 738 1976 1499 1899 346 185 131 3235 1513 840 1347 845 1540 2091
2051 2302 1859 3542 4627 1966 2399 787 3241 2858 1168 2482 580 3482 1171 317 3999 4882 3784 426 596 400 3805 3920 1118 1760 1244 1559 4665 3466 2888 4423 2692 348 3796 1656 2434 4537 1232 413 4733 3302 2625 4434 127 1108 2245 1808 1201 929 4093 4582 3285 4837 94 2442 2974 2565 3443 3051 1712 618 287 2229 4373 1994 1594 4071 916 4223 1970 4384 1046 1043 479 4032 453 1245 4609 3725 2516 2005 1538 623 1928 2739 584 4579 1815 4046 880 1174 2085 734 883 2623 3652 52 2375 978
2847 2672 3160 4291 1414 279 3827 685 2993 3277 3534 1002 4390 2623 2966 1289 4413 3847 658 1532 873 4715 3776 4829 1279 2871 3448 1933 1163 2565 165 3656 3656 3252 3427 3066 2616 4030 2119 1494 2931 272 4968 1880 83 4203 1658 2832 165 2691 2348 92 1841 2268 625 2206 1765 4208 3916 60 881 3827 2026 3885 1994 4728 3072 1211 1918 1574 1095 376 349 3171 1639 2183 1096 594 1240 302 2005 2885 4372 1564 953 1699 1957 1814 4631 4158 506 3882 4026 4694 3604 4410 3714 2179 144 2814
