N: 100
M: 20
Symmetric: true
Triangle: false
2 29 65
7 73 67 25 53 33 55 48
6 36 56 63 84 43 24
6 37 6 7 100 60 31
2 13 82
3 14 3 94
5 83 45 23 66 96
3 32 19 85
3 52 71 64
9 41 1 9 5 70 21 75 35 79
7 57 16 87 78 61 80 30
5 46 58 27 77 39
6 54 20 89 97 69 86
7 28 22 42 74 62 4 8
3 49 38 91
6 47 10 99 72 12 51
8 50 34 11 17 93 40 18 26
2 2 76
4 92 95 59 15
6 98 68 90 88 81 44
187 2321 3150 3462 1826 3122 3465 2917 3703 2054 3064 3175 4663 3447 2834 3863 3093 2899 2094 4512 4911 943 1516 2995 3334 3897 186 1309 3811 877 4021 132 2491 3589 3868 2538 3543 3569 258 415 3600 2149 901 415 4533 3250 4496 1729 1129 893 1874 1243 1729 3852 3986 968 2142 3554 2641 1462 1084 2931 1854 1432 2705 4893 969 3408 4550 4810 484 2433 3423 4583 16 4269 2048 2555 2521 2823 4401 2494 929 521 1589 2165 2098 2670 3790 3850 2912 2087 3369 3812 3475 380 3082 3426 517 3436
2321 13 1716 3676 2714 1414 4931 1960 2634 943 1734 1461 474 3537 1430 1683 2893 4046 4373 3919 2005 1095 1835 1903 2651 768 1459 1376 157 4860 3138 3236 3434 3415 4931 3861 3755 3983 4746 153 2568 2911 4459 444 85 2406 31 3073 2157 3493 35 2054 3243 2911 3910 4503 3274 4374 4459 1890 637 3519 1817 4616 3676 3503 2481 4645 4181 3787 4751 2792 4389 2242 2562 2396 4291 660 3860 1996 3447 2108 700 2132 737 2672 4604 2682 1583 1175 2604 2123 4842 2473 1546 3847 4259 2395 3114 3471
3150 1716 1749 355 1242 4705 3284 1859 4172 3257 1638 1426 3147 3657 2704 1068 2364 3897 267 4230 2889 1797 1737 3173 2310 2743 3901 1060 373 630 491 86 1168 4695 4349 983 663 57 3473 4101 1370 1425 1954 504 3838 4426 4536 4912 3579 4767 1267 1489 4548 3464 1021 776 2125 3740 1791 2720 2098 2968 3861 3411 3668 1582 822 458 654 4136 424 3906 3126 386 3228 766 2554 1009 2712 2171 4129 1885 23 3428 4953 3520 228 2623 4490 2075 3171 3648 797 4825 1662 4137 4707 349 3107 4449
3462 3676 355 1694 223 4328 2283 249 1194 2487 4092 3479 3202 4148 2993 591 3573 3577 3606 2153 1998 3080 1643 2276 712 1224 4082 454 3224 4640 4890 1154 1943 3389 3480 1838 4980 2149 195 1087 3923 1180 2208 352 4420 3183 1753 126 2754 3578 1828 1644 4099 1203 573 1673 3158 4904 4184 2729 4228 1176 882 3992 1814 1524 832 1280 1933 4956 1807 3444 2283 2608 2090 2850 790 996 1396 4395 2296 397 4250 3672 2009 3353 2809 1849 3386 2008 3760 1027 694 3850 1167 3899 1631 4653 2128 4595
1826 2714 1242 223 1319 1494 4996 188 1094 3318 4078 4013 3225 907 2380 2144 4293 476 1331 2770 3113 390 2959 1721 2621 1293 2670 1866 953 2825 3908 2995 4755 4640 1435 2739 807 1725 4114 4299 3498 153 389 3355 93 4107 2461 2046 655 4469 29 2994 4667 819 3399 198 4088 4057 3571 1322 4920 2993 1768 3220 1116 4980 3812 1978 2756 1418 4804 1452 3735 944 309 3614 4925 4232 2287 3438 327 2544 1617 919 3438 2228 4277 2586 3207 3568 147 1537 355 2600 2156 1047 3847 2202 679 4279
3122 1414 4705 4328 1494 3768 2301 3536 2063 2770 818 3231 583 3711 3168 2083 4231 3982 2822 2974 478 1483 2597 2653 2737 2347 4211 635 1886 3003 2307 4973 1322 3076 2737 2123 4409 2804 1544 2719 4253 931 1047 2814 3772 1271 2498 2046 1912 1914 922 4695 4714 2546 1903 2429 501 1539 681 1773 3715 441 1608 3607 2708 694 957 4675 363 4877 1247 1171 3519 2021 1267 1882 3979 1551 4185 1720 4006 4751 4965 1895 1074 4947 318 1697 2022 345 2545 549 4903 1068 236 1545 2285 4296 1484 3460
3465 4931 3284 2283 4996 2301 2422 42 4350 2269 4262 3101 1699 1983 1964 4674 3929 1839 4859 2060 1437 4440 2977 1794 3329 859 3415 979 3575 1353 1238 3225 2595 3178 4396 859 3149 4137 3134 2182 604 2184 3499 12 662 3488 2123 533 3022 1682 4937 2606 2273 3965 4627 2241 3712 1188 4787 3442 4409 2018 4321 4557 977 1203 3199 3534 1541 4669 605 1139 4147 777 2119 1160 2343 1701 3986 2582 2349 4619 2052 1706 3730 3596 3614 4598 4603 2265 3974 3717 4355 635 1553 2530 4676 4771 1385 1574
2917 1960 1859 249 188 3536 42 359 736 42 49 705 1624 299 2461 1920 1727 3777 880 2633 4817 1065 1521 1883 143 3073 1405 874 2170 4907 1673 88 1058 1170 231 4058 578 281 965 3928 2830 699 3202 4051 27 3682 3865 3097 2306 4619 3177 2738 1667 2390 4658 3689 2480 512 385 4206 3559 4203 1318 3293 4112 4663 3340 2500 541 3446 3435 1099 4112 481 2655 3432 4700 641 4259 2364 3052 2158 1495 98 810 3446 4426 3059 350 204 3671 44 2867 2621 1902 2170 2003 3528 2986 4541
3703 2634 4172 1194 1094 2063 4350 736 3218 2716 1949 3260 3853 1734 1850 4461 876 1476 1222 1252 1240 669 2037 3574 2888 1784 869 926 4390 4521 3339 3670 4768 4728 934 592 232 2578 2400 3559 4395 1829 3899 1315 3593 882 4369 58 3939 3903 3957 3450 3108 4384 1734 145 365 4213 2912 3680 3565 3643 1362 198 2775 1302 843 1769 2555 4600 963 790 4346 4376 948 1304 1030 1841 4641 3037 2070 2960 4216 3456 996 4069 2668 3568 4163 546 1869 523 3842 519 4472 3994 530 3424 3327 1504
2054 943 3257 2487 3318 2770 2269 42 2716 1691 1176 396 4275 1946 2726 3947 1263 2524 2380 1290 4456 1569 4158 1645 633 1393 511 1122 4746 1551 272 2572 3662 1428 1680 996 4853 526 452 4806 3860 1304 2445 3590 2206 2617 847 1848 1939 3028 4303 549 2835 4930 4890 1505 1894 2998 948 2776 223 4590 2286 248 1700 842 4629 3045 2259 891 4906 3225 1236 4588 1136 2327 1728 2101 1071 3968 1252 4888 4642 745 2904 2579 82 878 198 4085 1905 2151 73 4760 1111 3605 82 2837 3654 2184
3064 1734 1638 4092 4078 818 4262 49 1949 1176 2739 4731 4941 4521 1545 2988 4128 3349 1970 91 2271 2886 4904 2576 3613 516 1599 269 4001 4643 3575 1669 3081 4747 4284 2111 3580 10 337 1569 2875 1964 3435 1867 2243 1040 2047 4942 2865 4753 4742 884 4665 1399 3746 1584 811 242 1437 2526 1898 4706 3232 557 3049 140 4801 91 3821 1031 3595 1781 1565 4711 3488 521 2199 4885 2075 4670 2185 275 2529 4530 389 1665 4960 568 2796 4964 1299 4646 2018 699 1466 3285 1432 3001 3838 3395
3175 1461 1426 3479 4013 3231 3101 705 3260 396 4731 1587 1279 2956 2040 3096 2458 3204 4369 1857 2432 1455 1361 1081 2130 3730 2760 3690 1238 4178 884 1135 3862 4612 505 4150 4581 2433 4352 4065 1737 2142 4463 4293 2296 2843 579 854 3006 4162 4852 4456 1536 397 3548 3041 3365 4929 772 1193 33 3355 534 2155 4272 312 3144 4366 3506 4188 4606 1594 3454 1941 4796 4947 2033 4942 3404 843 4324 619 800 3542 3034 383 2074 3712 1899 789 3296 2897 4416 1246 4198 3757 3210 4684 2843 912
4663 474 3147 3202 3225 583 1699 1624 3853 4275 4941 1279 4106 450 721 1793 3640 3902 4490 3007 1223 4318 2797 4368 1330 2971 3274 4588 2270 3413 3787 2128 573 911 334 3813 2423 3589 3466 4484 2911 4999 1459 291 4013 178 3244 2095 3663 10 4623 64 3642 4116 4112 2159 2705 2302 3562 4735 2714 56 1737 2114 2392 1195 4050 4417 2264 562 2266 4744 3547 2382 4826 130 2984 1149 876 3389 2242 3212 1884 2533 2907 4051 1873 1823 4767 2102 2748 3055 920 3610 1324 2353 3814 3571 3279 4698
3447 3537 3657 4148 907 3711 1983 299 1734 1946 4521 2956 450 2075 721 2784 3396 2925 3408 4413 240 4187 2762 4249 4161 2651 868 784 1587 3954 4400 4568 2906 697 1123 4257 3917 4928 3104 3980 3610 1716 3645 335 407 197 1723 447 3793 3945 228 4590 3371 4790 4551 2509 914 3222 3992 347 3265 650 2086 2080 2981 2271 4330 247 2188 2071 922 3699 88 46 2025 2714 4334 4082 4158 2219 2764 4821 3668 4521 4924 1318 799 1319 3468 64 4464 2754 1138 1260 4768 747 3019 2569 4796 2623
2834 1430 2704 2993 2380 3168 1964 2461 1850 2726 1545 2040 721 721 1860 4036 4562 3799 4024 4671 2094 1364 3197 1017 3029 1007 4826 4679 3875 4458 3171 651 4459 4721 311 4450 415 2617 381 3967 4690 1245 489 779 4621 1172 1216 323 2860 2949 3714 4259 2621 1539 227 521 1272 876 1469 1690 2536 3209 2121 4851 4813 3400 2595 1938 2514 3435 2787 1586 964 2379 536 494 1204 2924 869 1998 699 665 3010 4557 1204 3292 2868 4927 1214 2782 4084 3325 4385 3382 4690 3393 4246 3093 2132 2606
3863 1683 1068 591 2144 2083 4674 1920 4461 3947 2988 3096 1793 2784 4036 1199 3980 4237 1850 1800 3085 1956 353 2183 4934 4320 3496 3452 1663 3818 3083 29 3516 562 1100 3951 4586 3324 1078 1284 1800 673 3185 1853 1829 3504 3336 3520 2106 1481 3104 2356 3763 800 1221 101 2682 2298 4378 180 4916 3836 4669 1528 1224 2051 1564 2585 3248 3354 3420 448 2993 3630 2579 2910 3077 3958 3157 2406 1213 3049 4397 3328 3414 4951 1619 3108 238 1191 3549 4044 1447 1890 794 4236 2057 2165 4033 2427
3093 2893 2364 3573 4293 4231 3929 1727 876 1263 4128 2458 3640 3396 4562 3980 835 1833 1901 3565 1378 1484 1397 592 731 1924 1427 1222 4683 1738 4788 2808 2461 751 2123 3255 4379 143 3566 2522 261 228 383 4175 1531 398 608 4038 1113 2134 4510 3292 1193 164 2806 1837 437 3746 4238 1736 3847 2032 1164 2908 2323 1776 4226 4295 3808 2191 2873 1215 4434 917 3177 891 1151 790 3721 3708 1397 202 3664 1006 2984 3985 4276 164 3445 1633 2850 2173 2745 3951 1733 4176 2223 2715 1155 4149
2899 4046 3897 3577 476 3982 1839 3777 1476 2524 3349 3204 3902 2925 3799 4237 1833 2485 2740 1903 2448 3787 463 4934 1187 2034 76 3495 4201 2713 312 3682 208 2553 2298 991 3116 1399 4696 4589 4757 527 4265 4045 1675 2619 1132 412 1546 1703 4464 3815 3815 1416 4139 922 2065 4539 418 2509 2760 2485 39 3810 2734 1762 955 2848 1135 194 3589 2620 2802 2179 3624 4723 1323 2921 1525 4452 4812 2313 1978 2099 4655 3852 108 1389 2515 2722 969 449 3823 3823 3918 3345 1534 1522 1050 2713
2094 4373 267 3606 1331 2822 4859 880 1222 2380 1970 4369 4490 3408 4024 1850 1901 2740 4186 3880 4316 3969 422 4971 4172 3791 2566 1246 269 3710 2416 613 776 396 4382 3660 1129 40 4285 3993 1175 2533 1482 664 2404 1338 3446 1912 4637 124 4573 3262 4324 2828 4347 2327 3520 1746 2243 2939 162 1825 1249 627 754 387 4932 2160 4956 68 2256 2469 4906 4628 1559 1215 4016 4281 2220 2223 2466 3314 4394 2991 2351 474 2351 4932 2423 3482 1071 1903 4498 3731 2428 4933 3175 471 66 1674
4512 3919 4230 2153 2770 2974 2060 2633 1252 1290 91 1857 3007 4413 4671 1800 3565 1903 3880 1597 3343 3876 2152 4563 1007 3459 1982 842 1934 1352 3287 948 4832 3287 4581 2504 1608 2798 3345 117 3558 154 2718 3949 4915 2120 1953 2221 4346 461 207 3860 3613 4301 645 202 2959 2104 916 901 519 4119 1446 10 4205 2920 1649 1039 1855 2597 1075 3052 4873 3819 3811 4378 4038 233 3328 2223 745 2091 429 1901 3266 204 3474 3950 1475 2318 1971 4553 610 1667 3127 4966 1901 3761 4956 4359
4911 2005 2889 1998 3113 478 1437 4817 1240 4456 2271 2432 1223 240 2094 3085 1378 2448 4316 3343 1939 767 4080 2099 384 2049 4666 2773 454 3777 4948 1009 139 2885 3233 1549 3039 1498 1159 1536 3682 2190 3542 3407 2213 1588 297 2017 1095 2311 2390 3414 4280 131 4083 2600 2147 4791 835 3270 3804 4308 3525 2158 4896 3648 537 1980 969 3455 3681 4206 4759 2076 669 1784 1325 4359 2342 1500 4021 4035 2739 4820 4392 2638 105 1673 1578 4320 2249 882 48 3207 2638 1189 4522 2760 1598 3361
943 1095 1797 3080 390 1483 4440 1065 669 1569 2886 1455 4318 4187 1364 1956 1484 3787 3969 3876 767 2595 4447 304 4244 892 1608 1649 3717 4388 2445 2543 11 2960 913 3101 1879 4426 1929 4459 3867 2916 1443 4142 3029 4831 3478 774 2419 1641 1333 857 4802 709 4872 2792 1179 3460 1801 2573 2409 2635 1928 4149 4685 2456 733 3154 1763 176 4341 830 838 177 1371 3477 4516 851 2305 325 352 1625 1890 2149 4511 2323 665 1816 4406 384 2571 666 4207 2335 1462 4316 2636 3951 3024 2571
1516 1835 1737 1643 2959 2597 2977 1521 2037 4158 4904 1361 2797 2762 3197 353 1397 463 422 2152 4080 4447 4237 757 197 327 2053 3693 1973 3271 4514 3139 2889 4536 1468 3442 2940 4325 4350 3960 357 4524 4767 629 1170 2525 1317 127 2289 578 3821 2857 1601 647 4345 4842 1875 1315 54 3673 4754 2299 913 693 2360 604 3464 1468 1213 4016 4151 4338 1799 4846 2547 910 1963 4121 3855 165 2417 3998 3837 712 1553 63 284 4713 4408 4894 50 992 2715 3155 4050 1652 2196 128 2618 4843
2995 1903 3173 2276 1721 2653 1794 1883 3574 1645 2576 1081 4368 4249 1017 2183 592 4934 4971 4563 2099 304 757 913 3887 221 670 703 762 370 3955 1405 1593 4036 3564 2795 3950 4241 3269 77 247 925 171 4884 524 3664 225 460 3243 1449 145 1453 1244 448 4930 2668 1924 2364 1440 3629 1290 3353 323 1356 484 620 4464 4950 3195 4578 632 289 3748 3611 1292 1467 4399 825 3432 874 3410 2452 752 3424 1457 2531 3263 473 1939 748 1143 3482 4252 3988 2695 2650 1340 1318 2390 2893
3334 2651 2310 712 2621 2737 3329 143 2888 633 3613 2130 1330 4161 3029 4934 731 1187 4172 1007 384 4244 197 3887 2767 4162 1983 1901 1502 3089 4641 3643 4092 1889 502 1440 3332 4130 2118 92 3205 2219 1656 3458 4218 3134 1264 2738 4964 663 2828 3841 1610 4159 2365 4462 4654 4647 96 707 3022 2628 1619 2904 4474 2077 3141 1641 2477 2905 520 2638 4423 3426 318 3899 2626 251 2483 2418 3529 4905 3273 2529 1386 754 1488 620 4715 3560 3613 210 4248 2803 3468 1813 4847 262 4972 1517
3897 768 2743 1224 1293 2347 859 3073 1784 1393 516 3730 2971 2651 1007 4320 1924 2034 3791 3459 2049 892 327 221 4162 418 1386 1803 1831 4339 4479 1750 18 3602 686 470 3714 2096 1977 2528 4310 4923 3869 2863 1014 2617 4280 1810 1088 1411 1119 2096 3967 2298 2968 3768 4058 1461 1399 697 3177 840 289 831 2643 4550 3268 247 1253 222 4066 943 4738 591 1033 2579 4263 4915 3980 4636 327 520 1544 2059 2799 2091 1630 4645 3066 338 4930 455 1177 4027 2219 942 1693 2105 1940 734
186 1459 3901 4082 2670 4211 3415 1405 869 511 1599 2760 3274 868 4826 3496 1427 76 2566 1982 4666 1608 2053 670 1983 1386 3689 964 632 2657 2780 4923 4506 498 1837 2192 1759 2493 1986 161 3613 2413 2737 4931 3128 4651 3322 295 1938 2800 317 4454 1374 2841 2703 3948 2475 2227 47 2501 4988 103 391 3181 3373 4721 419 607 1427 2190 943 1970 2916 4094 1635 773 2497 2618 1685 181 175 2697 4970 4882 755 3827 1721 4279 1005 1382 797 198 1036 4518 3807 3908 3410 3967 1361 4733
1309 1376 1060 454 1866 635 979 874 926 1122 269 3690 4588 784 4679 3452 1222 3495 1246 842 2773 1649 3693 703 1901 1803 964 4367 3226 4785 4991 2030 2836 1936 879 562 4398 843 489 792 2858 152 3576 4877 2411 1552 2912 1946 1146 4655 1567 1680 3262 3816 1623 3494 578 3021 1631 4164 1618 1053 4081 3506 3928 2575 4594 939 2848 4297 828 3989 1094 3218 1506 2642 1790 2309 3562 33 632 1412 1839 1431 4149 432 147 3625 4474 1279 2154 2101 4933 330 3775 1004 3962 1391 532 4573
3811 157 373 3224 953 1886 3575 2170 4390 4746 4001 1238 2270 1587 3875 1663 4683 4201 269 1934 454 3717 1973 762 1502 1831 632 3226 1783 4004 847 376 2101 2612 4120 4957 683 3558 2072 487 2052 288 3973 2326 1235 2018 2691 2256 477 3738 1753 433 3554 2180 2730 4890 552 2057 3083 522 397 2575 3865 3856 547 3173 3973 3587 2501 1191 4123 1725 998 985 4618 3613 1717 3191 860 955 2998 3458 658 1530 3637 4907 709 4841 1031 3471 2290 3976 4145 3645 1536 3104 186 544 4444 958
877 4860 630 4640 2825 3003 1353 4907 4521 1551 4643 4178 3413 3954 4458 3818 1738 2713 3710 1352 3777 4388 3271 370 3089 4339 2657 4785 4004 74 2655 4542 1947 4938 1907 3504 1873 1610 1907 2329 612 2954 2699 3939 3048 245 243 1818 570 18 4469 162 850 525 3585 2217 4674 3215 2397 4973 1481 1841 2906 1847 4062 2040 1032 527 2297 3606 4660 2680 4058 290 1939 3470 3754 110 4316 1630 547 4908 1574 1035 2230 1863 4143 1981 4308 212 1604 294 944 855 3651 417 665 1665 2954 4538
4021 3138 491 4890 3908 2307 1238 1673 3339 272 3575 884 3787 4400 3171 3083 4788 312 2416 3287 4948 2445 4514 3955 4641 4479 2780 4991 847 2655 3745 3327 4062 2852 2975 1970 156 3687 2533 3534 2069 2773 2225 57 2454 1645 3551 3434 3808 1181 348 4023 3099 1463 3985 3863 2434 4649 1306 3200 3406 1528 2857 1780 145 1387 3314 2986 1912 152 164 1689 3407 1989 4667 1777 2957 2925 1224 2111 4039 4786 674 2662 4967 3264 4162 1956 4148 931 2981 4642 4039 1972 2867 2546 4833 2675 1746 2010
132 3236 86 1154 2995 4973 3225 88 3670 2572 1669 1135 2128 4568 651 29 2808 3682 613 948 1009 2543 3139 1405 3643 1750 4923 2030 376 4542 3327 4637 2844 2202 3399 1872 3945 3194 970 3951 1633 1329 3205 2567 1184 3823 1213 4000 193 3375 3245 1562 944 3577 4942 2320 3143 4959 3628 4014 202 3498 4065 2456 4804 389 579 2775 2341 2658 1823 2297 1374 454 1659 1444 4124 1771 4589 1037 1594 2150 2662 921 2871 1268 4858 2746 3123 1870 4611 4890 2315 666 1803 2484 1128 4943 2610 2273
2491 3434 1168 1943 4755 1322 2595 1058 4768 3662 3081 3862 573 2906 4459 3516 2461 208 776 4832 139 11 2889 1593 4092 18 4506 2836 2101 1947 4062 2844 513 1933 2308 870 255 471 2270 4649 3633 2290 4303 464 3976 2470 3436 3120 110 4796 1473 2030 3105 116 1505 884 2976 4342 2461 1143 2403 2618 376 1882 2403 3154 1533 3269 3399 496 4569 1298 847 4470 4812 4074 3241 3779 1820 2185 900 3621 2420 1063 2229 925 1525 4536 1914 145 2125 4239 3353 1796 2123 3089 783 2210 4296 3099
3589 3415 4695 3389 4640 3076 3178 1170 4728 1428 4747 4612 911 697 4721 562 751 2553 396 3287 2885 2960 4536 4036 1889 3602 498 1936 2612 4938 2852 2202 1933 2481 129 1427 1153 138 2861 2401 4360 2974 2041 3240 1185 2402 1826 1301 4154 959 4088 212 3419 3494 4540 4690 412 1979 3447 3253 1563 286 2329 187 3781 1298 1874 402 2339 1305 3594 799 1956 3356 692 363 13 2860 4444 1798 3453 4782 3298 2423 1175 2451 2654 3387 1484 3653 3699 4996 895 3960 4842 749 3709 1247 1603 2585
3868 4931 4349 3480 1435 2737 4396 231 934 1680 4284 505 334 1123 311 1100 2123 2298 4382 4581 3233 913 1468 3564 502 686 1837 879 4120 1907 2975 3399 2308 129 3418 3424 2217 3966 3707 4608 4241 3716 346 1304 1580 817 4603 947 984 3547 4901 1284 2553 86 3380 1813 4481 1494 4505 4596 4911 1782 3462 719 212 4890 579 2788 2242 276 1428 3803 3296 904 4747 1115 4995 696 2731 2509 4209 3233 380 928 990 1203 3144 3029 619 4575 1077 3824 4240 4362 3734 4859 1441 431 1383 3209
2538 3861 983 1838 2739 2123 859 4058 592 996 2111 4150 3813 4257 4450 3951 3255 991 3660 2504 1549 3101 3442 2795 1440 470 2192 562 4957 3504 1970 1872 870 1427 3424 3132 4423 2269 1314 343 2529 1442 4334 4994 1347 2135 4786 1535 2223 356 2930 2296 1263 3231 1658 1107 2072 2701 1265 410 1268 132 3648 1560 1680 4450 947 4310 1592 2663 2106 986 2367 596 2193 2848 1911 1727 2348 1372 456 251 3969 3033 4502 557 2742 43 3112 1151 4686 1109 4328 2231 837 4619 3761 4363 2345 4306
3543 3755 663 4980 807 4409 3149 578 232 4853 3580 4581 2423 3917 415 4586 4379 3116 1129 1608 3039 1879 2940 3950 3332 3714 1759 4398 683 1873 156 3945 255 1153 2217 4423 45 2742 3914 4259 282 3543 4277 1626 1260 1752 2998 3593 135 4475 4018 2814 203 1015 440 1538 3863 3504 1029 1347 812 949 628 2675 1795 2799 4373 2133 4100 4754 2954 3453 3869 286 4204 1687 561 1205 4540 4488 3967 3179 797 2703 185 544 57 3308 3955 1957 411 2396 161 523 3136 2077 2367 4056 1368 147
3569 3983 57 2149 1725 2804 4137 281 2578 526 10 2433 3589 4928 2617 3324 143 1399 40 2798 1498 4426 4325 4241 4130 2096 2493 843 3558 1610 3687 3194 471 138 3966 2269 2742 515 4793 566 597 195 3717 461 4342 2687 1299 4765 4922 710 716 2605 3236 479 4246 4149 1204 1762 135 857 1611 4427 249 1731 1081 4564 660 1814 3054 4813 3456 3008 4595 3622 3103 4579 3576 4929 3984 709 662 2923 4487 3240 3767 1349 1310 4741 721 3945 1462 2474 1477 1813 908 3081 4762 4879 3017 527
258 4746 3473 195 4114 1544 3134 965 2400 452 337 4352 3466 3104 381 1078 3566 4696 4285 3345 1159 1929 4350 3269 2118 1977 1986 489 2072 1907 2533 970 2270 2861 3707 1314 3914 4793 647 1563 4890 3687 3023 3291 1106 1797 143 1449 389 4549 4757 822 3603 1619 4567 3070 4149 2098 3228 1925 4646 3605 3714 2479 3030 891 522 3725 372 1989 1694 3830 453 3506 1952 1575 1934 3761 63 4188 532 3050 4555 984 2003 425 1376 291 4146 4483 4554 2567 4587 2396 1566 4489 1443 1815 967 4656
415 153 4101 1087 4299 2719 2182 3928 3559 4806 1569 4065 4484 3980 3967 1284 2522 4589 3993 117 1536 4459 3960 77 92 2528 161 792 487 2329 3534 3951 4649 2401 4608 343 4259 566 1563 1842 4298 3219 4841 4497 4084 3091 1334 3295 4923 69 2121 2620 1136 3762 3261 2435 3734 2158 1897 4930 2985 162 4855 4899 1643 1500 2292 200 2547 3605 1468 3918 2011 4041 1774 1174 2645 4197 2947 2820 3781 4382 3016 4873 1755 1853 2080 823 4854 3637 471 3026 2598 594 148 984 4484 2076 2102 2061
3600 2568 1370 3923 3498 4253 604 2830 4395 3860 2875 1737 2911 3610 4690 1800 261 4757 1175 3558 3682 3867 357 247 3205 4310 3613 2858 2052 612 2069 1633 3633 4360 4241 2529 282 597 4890 4298 1488 491 3030 908 766 2665 4612 3762 2340 133 1421 2708 4502 1094 3213 963 4851 2163 4879 3634 3733 2773 2772 2008 3248 1778 3061 2333 1674 1333 2759 1536 1420 13 1421 254 958 4237 1062 3063 4514 1366 4905 4625 4073 216 816 1264 553 2547 1100 700 1194 4931 1958 1536 4770 2793 4780 316
2149 2911 1425 1180 153 931 2184 699 1829 1304 1964 2142 4999 1716 1245 673 228 527 2533 154 2190 2916 4524 925 2219 4923 2413 152 288 2954 2773 1329 2290 2974 3716 1442 3543 195 3687 3219 491 2591 4779 4729 1817 3957 3351 1608 843 1191 752 4567 1767 3744 3164 2005 417 3325 1237 2170 1221 3505 3549 378 920 2025 1383 3551 2042 3920 3027 2600 3457 3975 400 242 2998 2968 4343 551 4204 4804 318 1035 1449 3895 4513 4999 4584 2621 3614 1325 267 2500 4477 2192 3893 3887 4209 4822
901 4459 1954 2208 389 1047 3499 3202 3899 2445 3435 4463 1459 3645 489 3185 383 4265 1482 2718 3542 1443 4767 171 1656 3869 2737 3576 3973 2699 2225 3205 4303 2041 346 4334 4277 3717 3023 4841 3030 4779 3895 2066 2462 3440 3326 1438 4382 420 3987 3386 3090 2122 4214 2085 1133 668 1354 3284 929 1831 1199 994 3036 148 3663 382 4392 3665 1288 659 1869 2664 2823 2974 579 4273 4441 3191 1044 1102 4060 3777 1857 4134 1669 3681 3784 4851 1312 4732 3802 4770 394 3228 1381 501 3306 370
415 444 504 352 3355 2814 12 4051 1315 3590 1867 4293 291 335 779 1853 4175 4045 664 3949 3407 4142 629 4884 3458 2863 4931 4877 2326 3939 57 2567 464 3240 1304 4994 1626 461 3291 4497 908 4729 2066 309 4191 3631 702 693 96 2533 4365 2240 3118 1970 4641 4289 1635 2134 4797 1278 1481 1194 4489 1381 3875 221 3435 2090 3840 1535 1906 1044 1124 3279 2508 640 711 3941 2186 1156 1578 339 2067 933 1015 530 441 3512 4286 2327 813 2269 4105 538 4512 2090 1932 2210 889 3470
4533 85 3838 4420 93 3772 662 27 3593 2206 2243 2296 4013 407 4621 1829 1531 1675 2404 4915 2213 3029 1170 524 4218 1014 3128 2411 1235 3048 2454 1184 3976 1185 1580 1347 1260 4342 1106 4084 766 1817 2462 4191 2034 2133 3132 2385 2641 1891 2822 207 3202 1119 3550 135 766 1956 385 3171 861 1926 4229 2079 3457 3371 785 1417 4407 4416 2440 721 4552 3491 2065 3611 2599 369 356 973 4665 1727 4265 4470 1836 1670 3927 2195 2266 3879 3720 2038 469 1922 4962 138 2442 24 3634 2407
3250 2406 4426 3183 4107 1271 3488 3682 882 2617 1040 2843 178 197 1172 3504 398 2619 1338 2120 1588 4831 2525 3664 3134 2617 4651 1552 2018 245 1645 3823 2470 2402 817 2135 1752 2687 1797 3091 2665 3957 3440 3631 2133 4592 1499 233 919 2434 1848 3460 3969 2823 2294 4600 3065 265 1231 959 1513 1925 1445 1806 3602 3568 272 3767 4008 1169 1670 4595 3906 2459 3608 3153 1685 2283 1141 3512 1228 2522 2605 741 3061 1698 4038 3302 418 1398 4733 4062 1288 2561 3602 4310 4735 3966 1844 2384
4496 31 4536 1753 2461 2498 2123 3865 4369 847 2047 579 3244 1723 1216 3336 608 1132 3446 1953 297 3478 1317 225 1264 4280 3322 2912 2691 243 3551 1213 3436 1826 4603 4786 2998 1299 143 1334 4612 3351 3326 702 3132 1499 4277 2507 135 814 1126 254 2835 293 2014 4826 3441 3849 206 630 1460 3452 2749 2998 856 2974 2789 2674 4927 3585 3743 4958 937 3151 1461 332 884 149 3911 1986 1728 2562 1449 2765 873 3614 970 4585 1448 1881 4865 1456 2780 2651 765 4332 1996 3260 2004 460
1729 3073 4912 126 2046 2046 533 3097 58 1848 4942 854 2095 447 323 3520 4038 412 1912 2221 2017 774 127 460 2738 1810 295 1946 2256 1818 3434 4000 3120 1301 947 1535 3593 4765 1449 3295 3762 1608 1438 693 2385 233 2507 2910 2588 1865 3483 957 3152 1494 3051 2995 1197 4504 3559 4194 4143 374 3039 3414 235 1988 3328 4390 531 2589 195 461 3923 3288 4865 2932 2281 208 69 2744 1757 2512 1527 445 2891 2215 4985 1406 2534 1532 2215 3576 1876 3327 2412 4416 4538 4617 3185 4067
1129 2157 3579 2754 655 1912 3022 2306 3939 1939 2865 3006 3663 3793 2860 2106 1113 1546 4637 4346 1095 2419 2289 3243 4964 1088 1938 1146 477 570 3808 193 110 4154 984 2223 135 4922 389 4923 2340 843 4382 96 2641 919 135 2588 1256 1684 4020 4733 347 1683 4769 4033 910 4704 179 4428 2938 3343 1969 4380 1241 1185 4257 2409 2271 771 3953 1235 3913 3512 3746 3178 3951 391 1350 2146 254 191 1293 2175 984 2570 1433 4073 208 4372 4507 722 3580 4007 1584 3549 3746 2309 1675 3204
893 3493 4767 3578 4469 1914 1682 4619 3903 3028 4753 4162 10 3945 2949 1481 2134 1703 124 461 2311 1641 578 1449 663 1411 2800 4655 3738 18 1181 3375 4796 959 3547 356 4475 710 4549 69 133 1191 420 2533 1891 2434 814 1865 1684 4846 737 2621 3771 4456 711 2067 3204 2588 2354 373 4490 2566 553 120 84 928 860 1077 1919 3413 3582 653 4502 1964 300 443 1190 812 2283 4095 4299 2957 3658 1486 59 1134 4779 3997 2244 2359 1308 3842 3495 1493 901 4068 2527 1074 2381 1815
1874 35 1267 1828 29 922 4937 3177 3957 4303 4742 4852 4623 228 3714 3104 4510 4464 4573 207 2390 1333 3821 145 2828 1119 317 1567 1753 4469 348 3245 1473 4088 4901 2930 4018 716 4757 2121 1421 752 3987 4365 2822 1848 1126 3483 4020 737 4653 1100 1587 4357 2678 4653 4881 1041 1754 3055 3841 2902 2012 2474 1960 1959 3250 4953 2270 1848 3760 3375 813 654 1249 211 996 2936 898 3893 2391 1984 3969 3498 532 1649 408 2671 3199 3834 4552 468 1043 1336 1693 1185 3077 941 4047 3903
1243 2054 1489 1644 2994 4695 2606 2738 3450 549 884 4456 64 4590 4259 2356 3292 3815 3262 3860 3414 857 2857 1453 3841 2096 4454 1680 433 162 4023 1562 2030 212 1284 2296 2814 2605 822 2620 2708 4567 3386 2240 207 3460 254 957 4733 2621 1100 1118 2845 3239 361 3739 4818 4961 3784 2723 2292 3746 1750 3513 25 1714 2340 4149 4365 4311 94 1792 2595 1245 289 4906 1126 947 1746 3868 2207 2042 4971 3339 4409 879 4780 1912 2846 484 3519 4665 3358 3839 3086 623 2166 119 1989 3910
1729 3243 4548 4099 4667 4714 2273 1667 3108 2835 4665 1536 3642 3371 2621 3763 1193 3815 4324 3613 4280 4802 1601 1244 1610 3967 1374 3262 3554 850 3099 944 3105 3419 2553 1263 203 3236 3603 1136 4502 1767 3090 3118 3202 3969 2835 3152 347 3771 1587 2845 3801 559 4770 4279 812 4003 4349 816 1181 262 47 901 2385 2674 4680 3572 4590 883 4059 2944 405 2153 3351 4985 1020 1954 2550 400 2203 2998 808 4864 3717 3757 1565 3929 2935 1415 4817 1582 245 1414 539 3915 2283 4176 1106 1505
3852 2911 3464 1203 819 2546 3965 2390 4384 4930 1399 397 4116 4790 1539 800 164 1416 2828 4301 131 709 647 448 4159 2298 2841 3816 2180 525 1463 3577 116 3494 86 3231 1015 479 1619 3762 1094 3744 2122 1970 1119 2823 293 1494 1683 4456 4357 3239 559 1421 1806 2876 3900 4552 2718 1996 4101 3194 2888 2402 1217 4774 799 2454 4956 2093 1146 46 2645 817 3839 1586 3128 4007 2302 932 4573 1615 4320 1952 4897 1519 2506 373 2991 1272 352 2559 1023 4767 400 3147 988 2515 1580 2549
3986 3910 1021 573 3399 1903 4627 4658 1734 4890 3746 3548 4112 4551 227 1221 2806 4139 4347 645 4083 4872 4345 4930 2365 2968 2703 1623 2730 3585 3985 4942 1505 4540 3380 1658 440 4246 4567 3261 3213 3164 4214 4641 3550 2294 2014 3051 4769 711 2678 361 4770 1806 383 3156 1496 4184 1898 2831 3861 1204 1205 466 4252 1088 2277 2406 1625 3074 1523 1233 1470 2095 1528 4477 644 2577 655 4319 4466 4913 3410 306 880 1479 4207 3101 2674 483 3985 4315 2766 331 3561 2336 847 3524 1350 135
968 4503 776 1673 198 2429 2241 3689 145 1505 1584 3041 2159 2509 521 101 1837 922 2327 202 2600 2792 4842 2668 4462 3768 3948 3494 4890 2217 3863 2320 884 4690 1813 1107 1538 4149 3070 2435 963 2005 2085 4289 135 4600 4826 2995 4033 2067 4653 3739 4279 2876 3156 3296 878 826 2022 2970 4191 3781 3347 2380 4117 4118 2547 1736 4221 4991 4691 3653 4637 373 3363 1547 2505 4445 1913 4309 1042 1784 625 286 3213 1939 715 1318 3929 42 3310 4128 4107 2747 4481 2848 2063 1166 4838 3609
2142 3274 2125 3158 4088 501 3712 2480 365 1894 811 3365 2705 914 1272 2682 437 2065 3520 2959 2147 1179 1875 1924 4654 4058 2475 578 552 4674 2434 3143 2976 412 4481 2072 3863 1204 4149 3734 4851 417 1133 1635 766 3065 3441 1197 910 3204 4881 4818 812 3900 1496 878 1775 2121 276 1133 726 1705 125 67 3709 448 688 4413 4923 850 4518 2635 3548 272 2830 1372 4393 4190 2825 24 2203 205 4207 2883 1430 3950 3095 1863 16 3729 208 4941 4882 3109 2501 3324 3982 626 1992 961
3554 4374 3740 4904 4057 1539 1188 512 4213 2998 242 4929 2302 3222 876 2298 3746 4539 1746 2104 4791 3460 1315 2364 4647 1461 2227 3021 2057 3215 4649 4959 4342 1979 1494 2701 3504 1762 2098 2158 2163 3325 668 2134 1956 265 3849 4504 4704 2588 1041 4961 4003 4552 4184 826 2121 926 1185 3757 1980 1145 2333 3868 35 1277 2338 590 2707 4288 3320 2829 1240 28 1781 1995 3018 2747 1103 4416 3594 4378 275 3244 583 311 4300 3173 269 3120 1500 1145 4132 314 3283 1794 1715 4362 3718 3126
2641 4459 1791 4184 3571 681 4787 385 2912 948 1437 772 3562 3992 1469 4378 4238 418 2243 916 835 1801 54 1440 96 1399 47 1631 3083 2397 1306 3628 2461 3447 4505 1265 1029 135 3228 1897 4879 1237 1354 4797 385 1231 206 3559 179 2354 1754 3784 4349 2718 1898 2022 276 1185 2025 969 2571 4666 2927 913 4486 1584 851 2715 3691 2039 1435 3641 2030 4080 4496 955 1677 4376 2246 1988 1504 3497 1056 4946 476 2025 492 3970 2273 3561 970 4315 4204 3585 2359 2834 1949 2464 1760 3872
1462 1890 2720 2729 1322 1773 3442 4206 3680 2776 2526 1193 4735 347 1690 180 1736 2509 2939 901 3270 2573 3673 3629 707 697 2501 4164 522 4973 3200 4014 1143 3253 4596 410 1347 857 1925 4930 3634 2170 3284 1278 3171 959 630 4194 4428 373 3055 2723 816 1996 2831 2970 1133 3757 969 722 772 3766 811 4349 4547 4909 4027 3800 2851 2309 4939 833 3736 1112 438 1680 1892 2032 4204 4646 4444 2482 991 1098 753 3251 2861 3073 326 4698 2391 4833 4975 987 3850 4873 4405 333 4617 2153
1084 637 2098 4228 4920 3715 4409 3559 3565 223 1898 33 2714 3265 2536 4916 3847 2760 162 519 3804 2409 4754 1290 3022 3177 4988 1618 397 1481 3406 202 2403 1563 4911 1268 812 1611 4646 2985 3733 1221 929 1481 861 1513 1460 4143 2938 4490 3841 2292 1181 4101 3861 4191 726 1980 2571 772 1714 1523 140 3058 2478 1854 430 2840 56 3423 2595 3437 2228 2978 4875 4015 2627 3010 3577 1789 4194 2905 4254 4791 3227 1519 269 1037 2068 1571 341 2312 3815 1187 4780 2585 326 1471 3465 1020
2931 3519 2968 1176 2993 441 2018 4203 3643 4590 4706 3355 56 650 3209 3836 2032 2485 1825 4119 4308 2635 2299 3353 2628 840 103 1053 2575 1841 1528 3498 2618 286 1782 132 949 4427 3605 162 2773 3505 1831 1194 1926 1925 3452 374 3343 2566 2902 3746 262 3194 1204 3781 1705 1145 4666 3766 1523 3663 2618 605 3291 1410 1591 4204 3878 782 2716 4978 1868 4206 1734 3668 1598 1977 4536 3066 3513 2783 4571 300 4887 2900 4630 4173 4576 3599 2481 1304 79 1249 3406 4420 1908 4674 2997 2820
1854 1817 3861 882 1768 1608 4321 1318 1362 2286 3232 534 1737 2086 2121 4669 1164 39 1249 1446 3525 1928 913 323 1619 289 391 4081 3865 2906 2857 4065 376 2329 3462 3648 628 249 3714 4855 2772 3549 1199 4489 4229 1445 2749 3039 1969 553 2012 1750 47 2888 1205 3347 125 2333 2927 811 140 2618 1829 3815 3600 2058 4579 3235 646 1450 2835 2527 2196 4531 2169 2550 1035 4453 4617 2218 1200 96 4777 4603 4875 4447 2079 4611 2514 2069 1288 4630 4443 2538 486 1968 2518 4864 4869 2611
1432 4616 3411 3992 3220 3607 4557 3293 198 248 557 2155 2114 2080 4851 1528 2908 3810 627 10 2158 4149 693 1356 2904 831 3181 3506 3856 1847 1780 2456 1882 187 719 1560 2675 1731 2479 4899 2008 378 994 1381 2079 1806 2998 3414 4380 120 2474 3513 901 2402 466 2380 67 3868 913 4349 3058 605 3815 4875 2613 3331 1913 2160 2393 3615 3847 1121 3349 655 4857 1586 2965 3814 2523 3835 974 3565 3703 4675 2585 4267 4584 4734 262 144 370 1851 4389 3177 2977 399 170 2284 4422 4991
2705 3676 3668 1814 1116 2708 977 4112 2775 1700 3049 4272 2392 2981 4813 1224 2323 2734 754 4205 4896 4685 2360 484 4474 2643 3373 3928 547 4062 145 4804 2403 3781 212 1680 1795 1081 3030 1643 3248 920 3036 3875 3457 3602 856 235 1241 84 1960 25 2385 1217 4252 4117 3709 35 4486 4547 2478 3291 3600 2613 1451 3472 2774 1198 1870 2458 4240 1185 992 223 3581 4069 1125 3275 3246 4443 4948 3025 1793 545 1461 729 1451 668 3528 3755 3125 2782 4691 1636 66 3393 3376 2946 4621 3353
4893 3503 1582 1524 4980 694 1203 4663 1302 842 140 312 1195 2271 3400 2051 1776 1762 387 2920 3648 2456 604 620 2077 4550 4721 2575 3173 2040 1387 389 3154 1298 4890 4450 2799 4564 891 1500 1778 2025 148 221 3371 3568 2974 1988 1185 928 1959 1714 2674 4774 1088 4118 448 1277 1584 4909 1854 1410 2058 3331 3472 3670 3433 3433 1441 254 87 1992 4423 428 1765 1373 2466 1912 199 1136 2599 1375 2855 3198 1574 1453 2314 3307 1113 4767 1044 4080 277 352 1698 4258 3412 3445 2163 4769
969 2481 822 832 3812 957 3199 3340 843 4629 4801 3144 4050 4330 2595 1564 4226 955 4932 1649 537 733 3464 4464 3141 3268 419 4594 3973 1032 3314 579 1533 1874 579 947 4373 660 522 2292 3061 1383 3663 3435 785 272 2789 3328 4257 860 3250 2340 4680 799 2277 2547 688 2338 851 4027 430 1591 4579 1913 2774 3433 2259 4434 3794 4535 889 2857 3155 3988 4417 2345 2843 1756 2958 1129 3969 4903 2397 1382 4878 4647 1540 203 563 2827 4751 4142 3109 1875 1682 2069 512 4471 2882 1151
3408 4645 458 1280 1978 4675 3534 2500 1769 3045 91 4366 4417 247 1938 2585 4295 2848 2160 1039 1980 3154 1468 4950 1641 247 607 939 3587 527 2986 2775 3269 402 2788 4310 2133 1814 3725 200 2333 3551 382 2090 1417 3767 2674 4390 2409 1077 4953 4149 3572 2454 2406 1736 4413 590 2715 3800 2840 4204 3235 2160 1198 3433 4434 940 3294 1766 3557 1350 3406 4110 4968 4272 1844 2110 1548 4050 1756 4829 4637 57 4564 898 1137 3640 2055 348 216 2689 238 2931 2788 1492 3782 3354 603 1686
4550 4181 654 1933 2756 363 1541 541 2555 2259 3821 3506 2264 2188 2514 3248 3808 1135 4956 1855 969 1763 1213 3195 2477 1253 1427 2848 2501 2297 1912 2341 3399 2339 2242 1592 4100 3054 372 2547 1674 2042 4392 3840 4407 4008 4927 531 2271 1919 2270 4365 4590 4956 1625 4221 4923 2707 3691 2851 56 3878 646 2393 1870 1441 3794 3294 4985 1209 4110 3061 3112 846 1940 3975 932 2506 4042 356 1716 2331 4043 3825 1935 4863 788 517 1997 2123 143 2054 1035 4617 2048 1986 3835 2787 3548 3206
4810 3787 4136 4956 1418 4877 4669 3446 4600 891 1031 4188 562 2071 3435 3354 2191 194 68 2597 3455 176 4016 4578 2905 222 2190 4297 1191 3606 152 2658 496 1305 276 2663 4754 4813 1989 3605 1333 3920 3665 1535 4416 1169 3585 2589 771 3413 1848 4311 883 2093 3074 4991 850 4288 2039 2309 3423 782 1450 3615 2458 254 4535 1766 1209 293 3599 368 3447 3681 3017 748 601 2704 3196 4460 152 1559 2266 3250 935 4413 3189 2857 194 742 3859 2106 2560 111 509 1379 2888 505 178 4512
484 4751 424 1807 4804 1247 605 3435 963 4906 3595 4606 2266 922 2787 3420 2873 3589 2256 1075 3681 4341 4151 632 520 4066 943 828 4123 4660 164 1823 4569 3594 1428 2106 2954 3456 1694 1468 2759 3027 1288 1906 2440 1670 3743 195 3953 3582 3760 94 4059 1146 1523 4691 4518 3320 1435 4939 2595 2716 2835 3847 4240 87 889 3557 4110 3599 3730 4057 4668 2791 4633 137 3625 3532 3152 4665 3468 4551 231 4713 1893 2669 3857 4296 4393 4224 362 2238 3538 1478 133 1173 2934 3572 4929 4802
2433 2792 3906 3444 1452 1171 1139 1099 790 3225 1781 1594 4744 3699 1586 448 1215 2620 2469 3052 4206 830 4338 289 2638 943 1970 3989 1725 2680 1689 2297 1298 799 3803 986 3453 3008 3830 3918 1536 2600 659 1044 721 4595 4958 461 1235 653 3375 1792 2944 46 1233 3653 2635 2829 3641 833 3437 4978 2527 1121 1185 1992 2857 1350 3061 368 4057 3463 2630 4041 1588 2935 4693 4638 34 3121 144 3541 2597 1898 2877 212 2825 2936 2011 4394 3636 728 1569 744 2322 1124 1899 2634 2320 240
3423 4389 3126 2283 3735 3519 4147 4112 4346 1236 1565 3454 3547 88 964 2993 4434 2802 4906 4873 4759 838 1799 3748 4423 4738 2916 1094 998 4058 3407 1374 847 1956 3296 2367 3869 4595 453 2011 1420 3457 1869 1124 4552 3906 937 3923 3913 4502 813 2595 405 2645 1470 4637 3548 1240 2030 3736 2228 1868 2196 3349 992 4423 3155 3406 3112 3447 4668 2630 606 3742 2151 1754 4904 3943 3060 1880 88 1146 767 4587 4182 4559 4722 4706 2012 2025 1231 3872 3181 1188 1088 1992 1854 1870 967 3682
4583 2242 386 2608 944 2021 777 481 4376 4588 4711 1941 2382 46 2379 3630 917 2179 4628 3819 2076 177 4846 3611 3426 591 4094 3218 985 290 1989 454 4470 3356 904 596 286 3622 3506 4041 13 3975 2664 3279 3491 2459 3151 3288 3512 1964 654 1245 2153 817 2095 373 272 28 4080 1112 2978 4206 4531 655 223 428 3988 4110 846 3681 2791 4041 3742 4835 1967 148 4043 1886 1538 3279 4830 2388 1308 183 404 3716 3893 3219 2139 986 3970 669 1540 2125 981 2281 2132 632 3025 1412
16 2562 3228 2090 309 1267 2119 2655 948 1136 3488 4796 4826 2025 536 2579 3177 3624 1559 3811 669 1371 2547 1292 318 1033 1635 1506 4618 1939 4667 1659 4812 692 4747 2193 4204 3103 1952 1774 1421 400 2823 2508 2065 3608 1461 4865 3746 300 1249 289 3351 3839 1528 3363 2830 1781 4496 438 4875 1734 2169 4857 3581 1765 4417 4968 1940 3017 4633 1588 2151 1967 725 4983 1501 1405 1716 3440 1931 2763 886 4785 3444 1616 2724 4150 4380 1710 972 2367 401 3112 1734 3054 2852 1359 15 2275
4269 2396 766 2850 3614 1882 1160 3432 1304 2327 521 4947 130 2714 494 2910 891 4723 1215 4378 1784 3477 910 1467 3899 2579 773 2642 3613 3470 1777 1444 4074 363 1115 2848 1687 4579 1575 1174 254 242 2974 640 3611 3153 332 2932 3178 443 211 4906 4985 1586 4477 1547 1372 1995 955 1680 4015 3668 2550 1586 4069 1373 2345 4272 3975 748 137 2935 1754 148 4983 2696 2924 3298 2366 4635 4068 4309 4401 4327 2362 185 1590 1646 1724 4399 2369 2516 2480 4601 2568 4092 2078 340 81 843
2048 4291 2554 790 4925 3979 2343 4700 1030 1728 2199 2033 2984 4334 1204 3077 1151 1323 4016 4038 1325 4516 1963 4399 2626 4263 2497 1790 1717 3754 2957 4124 3241 13 4995 1911 561 3576 1934 2645 958 2998 579 711 2599 1685 884 2281 3951 1190 996 1126 1020 3128 644 2505 4393 3018 1677 1892 2627 1598 1035 2965 1125 2466 2843 1844 932 601 3625 4693 4904 4043 1501 2924 3304 4734 4287 2203 866 3426 4781 4469 3382 4897 1425 4404 105 4784 1941 3429 1197 440 1119 1412 310 2561 2739 3216
2555 660 1009 996 4232 1551 1701 641 1841 2101 4885 4942 1149 4082 2924 3958 790 2921 4281 233 4359 851 4121 825 251 4915 2618 2309 3191 110 2925 1771 3779 2860 696 1727 1205 4929 3761 4197 4237 2968 4273 3941 369 2283 149 208 391 812 2936 947 1954 4007 2577 4445 4190 2747 4376 2032 3010 1977 4453 3814 3275 1912 1756 2110 2506 2704 3532 4638 3943 1886 1405 3298 4734 1829 3878 3219 2853 2529 3494 2749 2094 654 3915 149 1072 3163 3451 656 2904 4414 1382 1893 1269 1784 4464 62
2521 3860 2712 1396 2287 4185 3986 4259 4641 1071 2075 3404 876 4158 869 3157 3721 1525 2220 3328 2342 2305 3855 3432 2483 3980 1685 3562 860 4316 1224 4589 1820 4444 2731 2348 4540 3984 63 2947 1062 4343 4441 2186 356 1141 3911 69 1350 2283 898 1746 2550 2302 655 1913 2825 1103 2246 4204 3577 4536 4617 2523 3246 199 2958 1548 4042 3196 3152 34 3060 1538 1716 2366 4287 3878 4126 687 984 2239 3149 3284 4817 889 1329 117 224 3255 1603 525 3366 3046 470 4995 3620 4758 47 3986
2823 1996 2171 4395 3438 1720 2582 2364 3037 3968 4670 843 3389 2219 1998 2406 3708 4452 2223 2223 1500 325 165 874 2418 4636 181 33 955 1630 2111 1037 2185 1798 2509 1372 4488 709 4188 2820 3063 551 3191 1156 973 3512 1986 2744 2146 4095 3893 3868 400 932 4319 4309 24 4416 1988 4646 1789 3066 2218 3835 4443 1136 1129 4050 356 4460 4665 3121 1880 3279 3440 4635 2203 3219 687 4755 1652 3474 3060 4834 4160 3931 2471 4702 2554 512 979 2035 2994 4699 3951 4015 3027 4256 2965 4258
4401 3447 4129 2296 327 4006 2349 3052 2070 1252 2185 4324 2242 2764 699 1213 1397 4812 2466 745 4021 352 2417 3410 3529 327 175 632 2998 547 4039 1594 900 3453 4209 456 3967 662 532 3781 4514 4204 1044 1578 4665 1228 1728 1757 254 4299 2391 2207 2203 4573 4466 1042 2203 3594 1504 4444 4194 3513 1200 974 4948 2599 3969 1756 1716 152 3468 144 88 4830 1931 4068 866 2853 984 1652 2189 1525 4803 2588 2445 892 3124 3067 852 4943 2558 2134 2026 4693 4758 1743 584 4217 220 341
2494 2108 1885 397 2544 4751 4619 2158 2960 4888 275 619 3212 4821 665 3049 202 2313 3314 2091 4035 1625 3998 2452 4905 520 2697 1412 3458 4908 4786 2150 3621 4782 3233 251 3179 2923 3050 4382 1366 4804 1102 339 1727 2522 2562 2512 191 2957 1984 2042 2998 1615 4913 1784 205 4378 3497 2482 2905 2783 96 3565 3025 1375 4903 4829 2331 1559 4551 3541 1146 2388 2763 4309 3426 2529 2239 3474 1525 2773 4324 3971 2217 2221 4784 3032 4968 4601 1576 3060 3311 3428 1776 1480 1683 2737 3301 2821
