N: 100
M: 20
Symmetric: true
Triangle: false
5 79 80 40 23 28
4 10 84 6 98
6 45 77 54 41 50 36
3 17 12 2
6 94 89 93 52 29 16
5 92 56 96 71 73
6 87 11 1 86 32 18
5 35 34 14 15 19
7 57 62 100 91 76 33 70
8 25 55 37 64 49 26 60 88
3 46 38 22
5 13 48 66 75 78
5 21 44 8 67 30
4 47 31 5 42
6 85 82 9 39 27 24
6 97 7 68 90 99 65
3 3 63 61
4 81 51 83 20
3 53 58 69
6 72 59 74 4 43 95
251 1785 1659 4262 644 2479 2076 404 1410 2139 1412 1642 2661 4574 3830 1582 3948 1455 669 1363 3907 4138 1299 1888 705 175 869 3121 2783 1380 1871 2130 1045 3891 4036 4398 3835 705 4413 3182 1474 4614 1558 429 795 1204 2342 1836 4083 4794 1051 4518 661 3390 1832 2069 4397 2444 4661 2065 4844 2852 4428 920 1441 77 3493 3574 4615 1777 1868 4910 582 2107 1128 3053 593 643 3573 4802 4661 4785 209 2799 3983 4750 3544 3466 4875 3799 173 4972 584 4719 870 3978 360 1690 3940 243
1785 1978 2532 2647 2564 889 727 3432 4892 1140 1954 4469 4166 3623 4431 4744 2836 1851 4541 2334 1266 793 3658 309 3806 232 1295 4840 2735 515 3929 568 1626 2558 4793 2810 2928 2379 4106 4031 789 2506 4943 424 3281 3140 466 33 3065 4776 4535 4542 2328 1807 2007 3389 4341 3340 250 4348 528 4623 2680 4423 3525 866 2896 4032 3254 4832 4450 1274 2134 1863 4501 3965 4664 3961 1738 4145 3181 4156 4950 4934 50 585 3247 761 3388 1952 1591 1769 2267 1359 791 2239 885 1506 2934 630
1659 2532 1275 3669 3333 83 3189 2911 4474 3770 1994 4950 2929 1922 4194 4326 65 2712 697 4246 52 4780 2360 2547 1820 694 1480 1578 2321 2071 3715 4139 342 3224 2582 4516 29 3406 4596 4754 4042 4344 290 148 915 2699 2120 113 1435 1654 3341 3715 927 4789 1817 1312 3673 3259 2174 4191 4790 1379 3083 4826 978 1192 2908 4742 3784 602 2134 23 932 2232 305 3775 2679 885 3143 2340 403 3418 4909 2932 3994 3097 4359 1160 3325 289 3107 2439 4754 4234 492 3555 130 457 1783 1981
4262 2647 3669 3230 2303 943 1758 1282 4274 2544 1458 4274 3803 2683 3582 3792 1418 3801 4956 186 4473 1674 985 2794 1596 2378 1625 291 1341 357 1111 626 911 991 4521 2456 974 77 4382 657 220 111 4144 4013 2921 808 4085 3132 2287 4223 2928 3714 184 1308 1885 3126 1142 477 4900 4026 2872 3777 3786 2830 314 1562 1764 4799 4255 2493 1205 2974 2638 3724 1896 4371 4801 1172 1190 1775 4146 957 1115 3019 524 980 1925 1569 3508 2100 569 3487 663 3625 1924 506 2572 1962 4426 4513
644 2564 3333 2303 1821 1112 1907 4963 715 3599 1204 3621 488 3607 930 3299 443 3924 2985 1911 4977 3987 2017 2523 3574 3894 3494 4018 2525 3381 3689 1714 121 757 894 4801 60 1395 1254 2265 1494 45 902 2031 1277 170 4886 72 4995 3531 3339 2998 3013 4507 419 1929 793 3839 335 3653 3261 1573 1763 2480 4277 2655 4660 4262 254 1509 713 2355 1226 1814 2374 1940 1778 1881 3836 3941 1383 2369 598 4742 979 3331 841 4642 1032 1634 933 1505 4517 1196 1872 202 3297 2070 1197 3995
2479 889 83 943 1112 483 4717 271 4691 3623 751 3317 33 3296 2567 14 1843 1319 2563 4783 283 3909 3290 3224 3685 943 1976 2007 4288 4726 2004 3849 2618 126 3908 423 567 2543 3117 1539 1174 3136 3765 2585 4940 3665 1576 671 852 4897 696 2293 708 1127 1256 2670 4381 405 4476 2767 227 2097 4273 1945 1671 4199 2275 1840 3833 1508 1415 1416 2372 1260 777 3832 1541 3098 4774 4678 2160 3003 3706 1426 1022 4199 4385 2046 32 2638 4126 4189 2348 4864 1063 2146 695 4737 3508 3780
2076 727 3189 1758 1907 4717 209 4792 2949 130 3083 4207 2169 4548 4276 1384 4528 2876 3890 1361 645 1027 3155 976 473 1057 4246 773 4050 2421 3594 630 3457 4671 4096 730 4966 3348 2742 769 2156 4338 1011 478 2839 1949 965 3015 3180 1710 2427 3160 3288 4018 1729 4682 2669 3795 2115 2915 3884 4090 4339 3246 4477 510 4276 111 4764 2270 3320 724 422 1355 4310 1516 4840 679 203 4079 1382 4506 2313 890 3805 1300 1555 1506 1754 575 3929 3633 3951 3126 3391 4605 1818 4985 4090 1480
404 3432 2911 1282 4963 271 4792 1930 4725 1984 3978 541 2236 3784 4266 1160 1183 3698 745 470 4712 4096 431 2849 1530 2974 3105 539 1323 90 813 4217 4731 2544 1634 1828 4156 2598 2833 1272 3008 1307 600 3400 3469 114 911 2724 756 4324 1391 2237 3806 4243 2269 3100 3923 2430 591 627 3335 2794 1857 1861 4092 3149 1502 4290 2342 4698 1161 2094 3230 761 2480 2938 4964 4580 107 1075 2079 4744 322 3955 3845 4790 1487 4919 2012 4746 4873 948 3759 2089 1328 3342 3363 1673 2932 2397
1410 4892 4474 4274 715 4691 2949 4725 3574 999 2750 1712 2784 4026 3585 4837 1829 3455 2137 2817 2186 2978 1076 3110 4442 3730 4048 3730 1433 2984 2799 3277 1394 1135 4551 1093 970 1561 3967 471 2953 864 1882 559 1495 4027 4043 2622 723 4897 3264 614 1489 2267 4448 771 1781 4520 4196 2719 1570 1820 709 984 2597 1093 275 4541 2195 701 4928 3308 1083 2034 496 4820 1633 2471 1482 4848 808 2370 593 1777 678 4976 1783 338 1023 1019 4669 246 4225 4086 2408 4187 1021 2822 3668 1943
2139 1140 3770 2544 3599 3623 130 1984 999 2841 802 4516 3016 4245 3159 2656 2244 4174 1729 1857 4973 3233 56 2327 2452 4000 1286 3152 541 2916 3449 4793 1081 3790 1544 3978 4032 3363 1469 3441 1106 4229 558 2848 4835 4056 29 3163 2725 1164 1184 3835 904 4973 3188 4572 3531 2987 1746 2409 2529 819 285 248 643 4612 3086 3279 3598 2865 87 3432 1204 3716 3358 795 2515 4473 4339 3718 25 645 2977 715 3438 3471 4137 2972 2503 772 477 1084 2250 3961 3499 1231 2969 2648 892 177
1412 1954 1994 1458 1204 751 3083 3978 2750 802 4701 4144 1883 2851 2532 2464 2501 2955 1918 589 4641 2242 3185 1565 2502 552 2576 1542 2974 194 3208 909 1099 4600 2257 4466 3757 2652 230 3665 3621 4168 2063 1630 378 3166 764 3216 2120 711 3291 1134 3377 1608 1191 1237 3100 853 3771 2353 3421 4640 2274 1499 1020 993 2311 3889 1170 2924 3052 610 4675 2945 1283 4318 3788 4837 3459 1747 581 2135 3494 702 1300 309 1158 2679 2457 4524 4003 2850 1250 1019 2685 3111 4605 1305 2431 2964
1642 4469 4950 4274 3621 3317 4207 541 1712 4516 4144 950 1545 4111 3689 4916 2831 4919 1223 2392 1143 1574 3705 2126 788 4138 3996 773 3826 3665 4268 3075 4133 4651 3540 1324 780 358 2515 2671 1264 1064 2935 1782 4526 4860 2292 3619 2150 1477 343 2909 1205 4001 4124 18 2423 2608 3886 1992 4788 1275 4960 1583 4939 1757 1899 3636 1295 2792 378 2192 4032 3288 2709 1163 4156 174 1085 3826 4549 569 2501 4225 4977 3242 1754 3512 2406 3744 4411 323 493 864 2411 4608 4635 4111 4548 3595
2661 4166 2929 3803 488 33 2169 2236 2784 3016 1883 1545 4974 865 3316 3337 2099 3177 3243 4503 2904 2782 4563 4391 4344 1597 1448 3333 4952 3759 1887 1885 879 2524 750 1770 777 4246 3089 1127 4263 490 4664 3132 597 2419 3585 1130 3562 856 237 1243 1695 4551 4150 760 3004 2671 2145 2967 4882 4591 4849 336 179 2846 4182 3250 425 4568 3598 1772 1605 3360 2034 4465 2067 618 4098 2738 2879 4038 3031 4294 4683 247 745 2951 2200 4517 2372 4532 2943 4298 4122 100 4398 4511 2520 2487
4574 3623 1922 2683 3607 3296 4548 3784 4026 4245 2851 4111 865 1128 4428 511 3898 1190 189 4751 4250 277 314 3216 3445 4937 4923 3447 3525 2609 3879 4088 781 3117 4936 4149 3605 2350 4403 4522 4521 2190 291 2177 2376 1216 1258 2975 22 4415 4751 3297 2089 666 2004 745 3432 4990 61 3932 2819 188 324 739 2800 503 2239 3774 3266 1457 2305 2109 2988 4786 570 3520 4605 3037 845 3135 4547 3925 2268 1351 406 3673 2631 1423 3420 2140 13 1417 4077 4512 1301 4296 4623 451 1269 2693
3830 4431 4194 3582 930 2567 4276 4266 3585 3159 2532 3689 3316 4428 725 4936 2239 1099 421 3443 1160 1462 785 2626 1754 3155 4069 3883 2412 4512 3201 4146 4630 3858 2682 2270 3522 3058 2728 429 2996 2550 3981 4732 4786 4008 2751 4113 2308 4292 2338 4125 1545 1681 1656 1515 504 3482 385 371 2939 3006 3339 1275 3180 1460 4788 4002 1685 3281 3530 4046 268 4567 3282 4752 2925 1246 4579 2341 4582 2449 2879 2817 2157 4509 2610 161 3981 235 2660 2728 3230 255 670 3974 4479 3964 2138 1519
1582 4744 4326 3792 3299 14 1384 1160 4837 2656 2464 4916 3337 511 4936 2213 3902 1076 1238 3780 2743 965 25 1034 2912 3098 4424 189 4688 4546 4695 1339 3133 3479 1461 3447 1499 1442 3918 1332 1564 3055 312 78 3740 2214 929 4982 3093 3951 4269 4362 2001 4001 2409 2973 3483 916 2178 1735 4009 3871 568 3317 412 1057 4005 1215 4438 3824 1835 1336 1535 4843 3863 4069 2434 3397 3370 1881 1810 4126 3686 2591 4312 3698 3230 472 4917 4460 2304 2953 4491 240 3507 1315 4024 3395 4786 2553
3948 2836 65 1418 443 1843 4528 1183 1829 2244 2501 2831 2099 3898 2239 3902 4972 1745 748 2317 1702 290 1700 355 4829 1029 1927 1779 528 358 1944 4486 2644 3035 2765 951 3421 4929 4344 4841 1520 1407 2490 2448 4315 3423 1241 1094 1249 3540 65 3556 2919 3067 3769 4383 214 3826 549 265 4097 3992 2266 2153 361 2632 44 4671 2367 530 390 2150 2973 4018 4966 4591 3480 2743 3030 3765 4997 1877 2650 963 4236 4739 306 4494 3561 4500 2454 4590 729 4588 4715 818 804 3018 4623 4117
1455 1851 2712 3801 3924 1319 2876 3698 3455 4174 2955 4919 3177 1190 1099 1076 1745 3591 3147 4150 4608 3973 4176 2522 3712 210 2875 4114 954 4175 1141 2589 284 67 1606 4644 4953 4329 4384 4105 2866 2686 4976 4051 4439 130 906 4451 1856 821 336 812 4989 707 2678 4886 239 3256 1964 1106 1980 2196 3553 3253 2392 1540 3058 1994 2762 2450 825 468 414 4895 2803 3927 4181 4931 1973 4530 4275 3847 4629 2763 1493 1482 4373 2556 2428 371 3398 1316 3268 1235 3626 234 4178 36 1797 2215
669 4541 697 4956 2985 2563 3890 745 2137 1729 1918 1223 3243 189 421 1238 748 3147 3580 2086 1038 2718 3635 2908 303 3542 1604 1130 2534 3767 683 4726 4810 1110 2829 1170 4368 882 3025 936 4630 4729 1259 4381 3723 1846 2856 3700 1766 2451 987 1501 4236 108 107 3364 4016 924 693 1550 12 3365 2146 2284 2944 1227 1719 2221 4397 2399 1221 2791 1328 309 4862 1104 1737 4334 2529 2973 2239 2392 2114 2669 2008 4839 4629 2486 4316 2839 2652 49 627 4383 334 4408 1680 2029 3590 3625
1363 2334 4246 186 1911 4783 1361 470 2817 1857 589 2392 4503 4751 3443 3780 2317 4150 2086 79 4733 1247 3754 4446 1499 2543 807 294 2940 1095 3173 3856 4747 3137 2596 1196 333 4585 93 817 3222 4378 3592 1480 4218 770 1272 169 2242 3573 714 2582 4263 3382 3834 2967 74 1757 3596 655 1962 4160 2031 2209 1349 1220 4557 3890 4736 3899 1925 2410 2498 1720 2776 4990 4215 585 1590 1665 2663 1050 2195 4229 3570 1908 3336 1450 2288 738 907 693 549 3283 2243 4679 3715 411 687 4079
3907 1266 52 4473 4977 283 645 4712 2186 4973 4641 1143 2904 4250 1160 2743 1702 4608 1038 4733 3233 1522 2962 720 1678 859 4605 3521 3945 3170 154 4718 3714 305 4633 4346 4922 225 1101 4102 4449 2007 305 4236 2627 4084 4385 2044 776 402 1314 4746 3787 1800 4307 727 3412 1431 1789 3928 3585 4583 377 267 1035 82 781 3008 861 3436 1528 2901 4206 3384 1378 1916 4481 3655 3837 1447 2650 3679 3293 4665 260 3723 4862 3519 3359 425 710 1389 4017 3136 3720 4364 2623 3602 122 4282
4138 793 4780 1674 3987 3909 1027 4096 2978 3233 2242 1574 2782 277 1462 965 290 3973 2718 1247 1522 4261 250 4270 104 3152 1169 4896 135 4264 3855 391 3906 925 4681 3540 2449 2972 3718 86 258 59 1826 1570 3300 1534 3763 1888 489 4224 4272 3652 3166 1252 214 4970 4275 1021 3956 182 3592 696 561 4735 4330 1993 4263 1749 4313 488 888 640 4602 2796 1198 2942 2957 1454 2620 854 1100 965 2617 2469 569 776 2247 2847 510 3345 4130 155 406 2783 4083 3610 3376 4992 3508 4734
1299 3658 2360 985 2017 3290 3155 431 1076 56 3185 3705 4563 314 785 25 1700 4176 3635 3754 2962 250 4356 4562 3711 4756 1869 950 4107 818 1394 2942 2769 1703 3829 3917 624 1895 4221 363 555 397 4629 597 607 3900 3531 2484 420 1176 820 3334 2516 3546 780 4361 900 4883 3421 3761 533 1663 4476 4793 2589 2303 3828 345 2428 560 4975 4106 1834 2506 3985 4735 3242 2318 308 3080 4099 3174 3943 1764 4639 2584 1392 3987 4103 3266 2695 4263 3805 4575 3979 177 2649 3010 1541 4279
1888 309 2547 2794 2523 3224 976 2849 3110 2327 1565 2126 4391 3216 2626 1034 355 2522 2908 4446 720 4270 4562 3056 3827 4003 2868 3863 3484 4184 2931 812 3148 1401 2762 4772 4399 4412 2846 1336 1142 1496 1708 1680 4301 2328 1860 2738 4595 864 1661 4911 3765 1477 3628 2478 2038 4977 1120 3098 4045 4619 596 1050 3674 416 1972 2384 2286 4964 139 2299 1103 4850 3610 1536 4857 2727 4964 4827 2916 3762 266 1070 1087 1256 3866 1930 181 4541 2747 2522 725 2475 1650 275 3341 814 3412 3355
705 3806 1820 1596 3574 3685 473 1530 4442 2452 2502 788 4344 3445 1754 2912 4829 3712 303 1499 1678 104 3711 3827 2206 846 4122 4642 4203 1407 3073 4859 3378 3404 3897 2339 1085 1614 1349 3677 3893 1090 3686 2950 484 961 1548 2538 1907 2524 1351 2937 2271 3286 2518 1446 2983 3836 2989 3882 4543 4838 1161 2615 509 3717 4121 1414 3176 2445 3241 2656 4136 240 4436 1256 4006 1553 1428 1328 1216 2922 272 1164 3144 2834 4986 4816 1298 3334 1349 2304 3918 1265 4021 1320 1859 4725 4643 3248
175 232 694 2378 3894 943 1057 2974 3730 4000 552 4138 1597 4937 3155 3098 1029 210 3542 2543 859 3152 4756 4003 846 1413 2218 4516 14 391 2956 4173 4375 2552 4124 497 2533 4960 3737 3873 2683 4304 4649 3155 4770 4696 1720 3941 1577 1149 4538 2465 1261 775 694 4232 3870 1842 274 956 3790 2576 3814 1783 1486 4134 348 1261 2877 2102 3374 2612 621 2281 3685 4237 2619 4003 206 3768 811 3271 2027 1372 3839 2825 3638 3633 263 1197 1071 3317 2826 2899 1724 4792 4142 2521 887 363
869 1295 1480 1625 3494 1976 4246 3105 4048 1286 2576 3996 1448 4923 4069 4424 1927 2875 1604 807 4605 1169 1869 2868 4122 2218 2276 3095 215 2170 4880 3187 1348 1983 2511 3721 2360 4496 4949 4162 476 3228 2522 3701 2477 1014 4313 1767 1242 1699 4971 1705 1877 4626 2937 2204 1810 1552 869 2485 4527 3726 1983 3864 431 4280 2933 3389 71 1075 2277 968 1895 3244 425 4737 928 3268 2398 2084 351 1520 4819 1327 3114 3212 3793 1196 3442 4423 4739 1213 4504 619 354 4354 4994 3291 4852 1937
3121 4840 1578 291 4018 2007 773 539 3730 3152 1542 773 3333 3447 3883 189 1779 4114 1130 294 3521 4896 950 3863 4642 4516 3095 116 1425 297 40 2399 2942 2255 2356 854 1241 4590 1154 1784 438 254 267 3196 3896 613 4949 1676 2912 3375 4712 2191 4833 498 3910 154 4104 1373 3489 1898 1539 3541 3530 3928 1077 2773 2796 3872 1332 4744 402 2453 124 1029 3299 520 1827 4442 2550 4860 1192 486 4449 476 4432 3338 4070 2531 1125 4911 3083 510 1977 467 1749 242 3574 204 4906 4388
2783 2735 2321 1341 2525 4288 4050 1323 1433 541 2974 3826 4952 3525 2412 4688 528 954 2534 2940 3945 135 4107 3484 4203 14 215 1425 292 871 3825 1175 1121 4103 79 4610 4177 3241 3805 1304 531 4819 4754 4447 2196 4099 3038 234 2891 2294 4769 2694 972 644 2082 4497 1793 3059 4585 3931 4379 1149 2936 2087 1298 2713 1175 800 4058 894 1070 2461 1873 3464 1498 2698 4789 4633 2255 3934 1427 3890 2004 2636 926 2387 3951 2499 2169 736 3753 4780 521 2203 18 4718 3219 1288 4401 4220
1380 515 2071 357 3381 4726 2421 90 2984 2916 194 3665 3759 2609 4512 4546 358 4175 3767 1095 3170 4264 818 4184 1407 391 2170 297 871 3633 3506 300 2336 2730 3798 3516 200 2332 2381 3004 3992 110 1720 1640 3251 2946 4037 714 2348 1506 4149 3834 81 4654 1654 375 3948 3355 4884 2671 4212 962 2292 3038 4769 2824 1327 937 1739 3328 3046 3722 575 4962 4927 350 2596 1027 2849 2341 4274 4821 4114 1761 2226 3960 4928 1710 4929 3916 3622 2446 97 2752 4153 1814 1756 1542 95 317
1871 3929 3715 1111 3689 2004 3594 813 2799 3449 3208 4268 1887 3879 3201 4695 1944 1141 683 3173 154 3855 1394 2931 3073 2956 4880 40 3825 3506 3380 1829 4016 1611 4289 2501 772 500 1580 2331 4761 2579 772 3718 3399 4238 4982 3011 324 2042 2704 2706 2034 1513 4520 3041 3706 979 2409 2753 4831 4021 2020 2574 3849 4495 4218 102 1157 2603 3743 1755 1953 319 2056 923 2350 1511 4831 1699 4007 2979 3508 3559 571 515 3177 4825 4450 2605 4012 2460 1118 88 1287 4683 4126 1775 3289 2381
2130 568 4139 626 1714 3849 630 4217 3277 4793 909 3075 1885 4088 4146 1339 4486 2589 4726 3856 4718 391 2942 812 4859 4173 3187 2399 1175 300 1829 3696 3169 3038 2806 1708 1753 3886 2600 2442 179 4046 1456 4376 2274 492 2740 1456 2834 4271 1085 4197 2004 1357 2838 3563 4462 4632 2915 2788 2659 2322 754 254 2004 3149 2767 2082 204 1616 2695 2196 2882 2733 1208 255 3848 2863 219 837 3128 402 1448 591 241 2386 4114 1184 4069 80 799 4579 1480 418 168 4442 2217 25 1033 3687
1045 1626 342 911 121 2618 3457 4731 1394 1081 1099 4133 879 781 4630 3133 2644 284 4810 4747 3714 3906 2769 3148 3378 4375 1348 2942 1121 2336 4016 3169 4819 4246 1937 1166 3270 1159 3550 2696 4968 3188 410 1417 634 2118 3301 4439 4921 1830 2355 841 936 2402 2689 4679 2582 445 4648 3330 2332 2218 4134 2860 4458 2553 4922 1578 3476 4358 3829 1379 1007 759 2318 2397 2111 2309 202 2341 30 2074 1336 1053 4168 1246 1179 3851 1411 416 3906 4304 3379 3671 4617 4086 757 2710 4860 4446
3891 2558 3224 991 757 126 4671 2544 1135 3790 4600 4651 2524 3117 3858 3479 3035 67 1110 3137 305 925 1703 1401 3404 2552 1983 2255 4103 2730 1611 3038 4246 858 4471 1424 3216 3640 3607 4204 4689 4239 462 2265 4108 769 4125 3427 369 4736 92 260 3113 4717 2595 31 3818 241 1415 1744 305 1175 1313 3521 4178 4871 442 3581 576 1240 2375 1214 1212 3842 1172 345 4805 3565 2515 4121 812 365 2171 2070 925 2241 170 1691 1869 2246 1650 550 1532 3198 4256 1800 3979 2089 3439 864
4036 4793 2582 4521 894 3908 4096 1634 4551 1544 2257 3540 750 4936 2682 1461 2765 1606 2829 2596 4633 4681 3829 2762 3897 4124 2511 2356 79 3798 4289 2806 1937 4471 4289 4293 173 372 2283 2683 3854 4406 1634 4001 990 3432 660 4178 3404 2551 481 3008 3517 2008 862 1991 3120 2947 651 3846 1512 2986 4245 732 1775 3146 1883 1197 4305 3538 4321 3904 1721 1840 2095 418 3260 97 4324 53 2270 2393 3575 4006 1962 680 3882 4352 2114 613 3701 4794 223 3069 905 4764 1011 402 4860 3866
4398 2810 4516 2456 4801 423 730 1828 1093 3978 4466 1324 1770 4149 2270 3447 951 4644 1170 1196 4346 3540 3917 4772 2339 497 3721 854 4610 3516 2501 1708 1166 1424 4293 4557 439 527 4090 1444 192 4172 4380 2953 2641 3943 400 4140 4795 1141 3231 1232 2590 1835 248 1641 4721 2041 1396 1239 4658 851 4745 2193 3857 4471 2812 3777 1716 2507 3563 2391 921 4408 1634 4592 1494 1809 1978 4018 3112 517 3958 3770 3261 4178 1587 3313 1814 593 3967 2442 4686 4546 4826 2281 3535 997 2594 96
3835 2928 29 974 60 567 4966 4156 970 4032 3757 780 777 3605 3522 1499 3421 4953 4368 333 4922 2449 624 4399 1085 2533 2360 1241 4177 200 772 1753 3270 3216 173 439 747 4030 4781 3034 1260 2912 361 683 2062 2454 3200 1915 3479 4648 147 4455 4042 1125 1198 540 2015 3038 4486 2052 3731 4483 2698 4828 2563 4455 2421 4141 4342 2835 1194 1850 2671 3041 751 2239 3234 1660 1276 3792 1023 888 582 2804 2523 2065 13 1255 1251 494 4657 2655 3254 3177 3255 2626 2125 1461 1492 3217
705 2379 3406 77 1395 2543 3348 2598 1561 3363 2652 358 4246 2350 3058 1442 4929 4329 882 4585 225 2972 1895 4412 1614 4960 4496 4590 3241 2332 500 3886 1159 3640 372 527 4030 4640 2699 4366 3607 3701 4145 4786 2786 3082 3703 1398 1705 4536 1085 161 3299 2694 2993 292 4000 198 2124 2038 4067 588 199 934 3915 4766 1224 788 2162 1025 1483 4709 4651 2027 3982 3481 934 4818 2531 2200 4725 4947 1044 2052 4477 874 1500 132 1551 4432 3600 1875 1537 2429 4480 3064 796 4215 3713 848
4413 4106 4596 4382 1254 3117 2742 2833 3967 1469 230 2515 3089 4403 2728 3918 4344 4384 3025 93 1101 3718 4221 2846 1349 3737 4949 1154 3805 2381 1580 2600 3550 3607 2283 4090 4781 2699 1856 936 4685 3852 256 504 4371 1550 1281 4201 3718 3319 4319 2242 1681 1717 1909 4356 4021 4435 4324 4251 212 821 4557 2007 4959 379 2150 2325 461 3996 3882 3322 1089 4307 4371 437 2292 3059 1966 3635 1491 3321 3849 890 3436 2405 4262 869 1885 164 4846 2214 2585 2452 1067 4017 1338 3933 1279 2877
3182 4031 4754 657 2265 1539 769 1272 471 3441 3665 2671 1127 4522 429 1332 4841 4105 936 817 4102 86 363 1336 3677 3873 4162 1784 1304 3004 2331 2442 2696 4204 2683 1444 3034 4366 936 833 3398 4900 1740 683 1877 2997 371 4776 3874 2838 2086 4419 4117 3005 789 4810 4265 3323 2013 1109 4073 1238 3973 250 260 4672 2645 1107 4071 1784 1728 4841 3437 4532 2724 3237 198 108 613 1817 2730 3344 2503 29 296 2885 2526 3819 3431 4388 4260 2357 1921 3108 4603 4178 1352 2647 3055 4564
1474 789 4042 220 1494 1174 2156 3008 2953 1106 3621 1264 4263 4521 2996 1564 1520 2866 4630 3222 4449 258 555 1142 3893 2683 476 438 531 3992 4761 179 4968 4689 3854 192 1260 3607 4685 3398 2751 1005 3331 419 1454 67 438 117 3744 1339 852 4823 2671 604 4150 1397 521 3861 4158 1590 3292 4860 3410 3840 3063 137 4820 4353 3395 366 2864 3962 2143 3292 1295 2541 2105 559 2053 2188 1283 3551 947 3559 1843 1915 3968 4203 2480 2509 3945 2740 1004 4628 3096 1188 1310 4580 3718 1591
4614 2506 4344 111 45 3136 4338 1307 864 4229 4168 1064 490 2190 2550 3055 1407 2686 4729 4378 2007 59 397 1496 1090 4304 3228 254 4819 110 2579 4046 3188 4239 4406 4172 2912 3701 3852 4900 1005 1729 4463 2377 3990 3340 3443 1587 3192 3408 1413 3230 3038 2371 1332 3881 3812 689 3021 2749 3273 2196 1530 978 518 2883 329 1929 2609 4672 2618 4978 2147 994 1054 433 2615 4241 4798 4400 4086 2554 2236 664 831 3323 1954 4354 140 2179 1383 4609 2939 605 75 2816 2818 2567 1965 524
1558 4943 290 4144 902 3765 1011 600 1882 558 2063 2935 4664 291 3981 312 2490 4976 1259 3592 305 1826 4629 1708 3686 4649 2522 267 4754 1720 772 1456 410 462 1634 4380 361 4145 256 1740 3331 4463 4362 4822 4646 3667 3490 2351 4183 4573 1687 3830 2928 3793 1727 467 3541 3097 4999 1203 256 2138 1859 2631 1179 4413 4427 2321 52 4604 222 586 3338 4811 4141 1761 4049 3387 4429 4907 2650 3545 1082 4582 1190 3142 2395 997 614 4341 178 1820 3842 2542 3943 3409 4872 137 2613 1114
429 424 148 4013 2031 2585 478 3400 559 2848 1630 1782 3132 2177 4732 78 2448 4051 4381 1480 4236 1570 597 1680 2950 3155 3701 3196 4447 1640 3718 4376 1417 2265 4001 2953 683 4786 504 683 419 2377 4822 1984 247 2739 342 1493 2931 1138 2532 4224 306 1867 4819 2086 2862 1412 1297 1184 2765 2099 86 1155 1037 2693 491 3409 3501 879 4424 665 2905 1469 1214 4463 3528 3752 996 3060 4387 4318 4157 3739 4627 2401 867 201 4480 3340 1606 139 4557 2458 4702 1963 1946 2176 3063 967
795 3281 915 2921 1277 4940 2839 3469 1495 4835 378 4526 597 2376 4786 3740 4315 4439 3723 4218 2627 3300 607 4301 484 4770 2477 3896 2196 3251 3399 2274 634 4108 990 2641 2062 2786 4371 1877 1454 3990 4646 247 498 719 4901 1961 4497 712 743 1978 4198 2031 4318 1140 1003 1038 4058 2165 3635 1693 3599 2220 2035 2138 4006 1509 4262 602 4257 750 1325 4523 3207 1473 2856 3954 4239 1535 214 496 4718 651 1753 1318 3095 2444 687 1452 3771 3814 4807 3495 674 3321 1566 2214 1749 4413
1204 3140 2699 808 170 3665 1949 114 4027 4056 3166 4860 2419 1216 4008 2214 3423 130 1846 770 4084 1534 3900 2328 961 4696 1014 613 4099 2946 4238 492 2118 769 3432 3943 2454 3082 1550 2997 67 3340 3667 2739 719 2850 4348 2954 2675 2190 2092 3463 1949 861 3951 2200 4478 129 2995 145 4664 161 2093 270 1441 298 4957 3340 2023 3319 3197 3765 3120 2604 1922 4159 3326 515 4450 2328 660 3389 712 3625 1007 3100 222 3770 4257 73 3793 3808 3290 1572 1230 310 4223 4741 1787 974
2342 466 2120 4085 4886 1576 965 911 4043 29 764 2292 3585 1258 2751 929 1241 906 2856 1272 4385 3763 3531 1860 1548 1720 4313 4949 3038 4037 4982 2740 3301 4125 660 400 3200 3703 1281 371 438 3443 3490 342 4901 4348 2387 3894 2186 659 2546 2573 3173 3057 1102 2161 1546 3086 3566 3557 2180 2921 39 3703 16 803 908 355 2585 1230 3750 1729 3983 4716 3497 1365 731 2624 3021 24 2526 3640 2999 1464 3842 2340 3781 3930 4732 2425 2216 2380 2369 3248 2760 4423 2671 1298 4292 378
1836 33 113 3132 72 671 3015 2724 2622 3163 3216 3619 1130 2975 4113 4982 1094 4451 3700 169 2044 1888 2484 2738 2538 3941 1767 1676 234 714 3011 1456 4439 3427 4178 4140 1915 1398 4201 4776 117 1587 2351 1493 1961 2954 3894 1403 3621 3641 694 1659 4101 3032 3682 2634 4194 281 1585 852 1442 67 2737 4750 3644 1814 3047 3799 2816 4106 446 3898 3359 4005 454 4383 2633 3925 3987 439 4807 3437 1088 1294 3545 898 2174 2511 92 920 1676 2039 4823 4506 3985 3332 4644 1090 3423 1748
4083 3065 1435 2287 4995 852 3180 756 723 2725 2120 2150 3562 22 2308 3093 1249 1856 1766 2242 776 489 420 4595 1907 1577 1242 2912 2891 2348 324 2834 4921 369 3404 4795 3479 1705 3718 3874 3744 3192 4183 2931 4497 2675 2186 3621 4230 1996 3438 1536 10 3185 3815 3649 2884 4921 3851 3945 3501 209 1421 4417 4253 3190 1153 537 1054 236 4213 2984 1212 4194 1298 580 2865 2893 2489 255 1088 1768 4333 4877 1076 4873 2116 1721 481 1796 371 608 2984 329 1112 368 2295 862 216 4003
4794 4776 1654 4223 3531 4897 1710 4324 4897 1164 711 1477 856 4415 4292 3951 3540 821 2451 3573 402 4224 1176 864 2524 1149 1699 3375 2294 1506 2042 4271 1830 4736 2551 1141 4648 4536 3319 2838 1339 3408 4573 1138 712 2190 659 3641 1996 44 2942 2869 327 4765 2888 416 2669 1814 1927 1661 4057 115 4154 471 4364 127 2694 1051 640 611 1997 4762 2033 4143 1743 4242 849 751 4650 3493 4362 3399 405 81 4140 4265 2040 460 4648 1394 1363 4263 2023 33 667 4104 1227 4219 4229 3664
1051 4535 3341 2928 3339 696 2427 1391 3264 1184 3291 343 237 4751 2338 4269 65 336 987 714 1314 4272 820 1661 1351 4538 4971 4712 4769 4149 2704 1085 2355 92 481 3231 147 1085 4319 2086 852 1413 1687 2532 743 2092 2546 694 3438 2942 2115 4263 732 2945 4011 433 396 1852 4187 2445 2292 1661 4340 2182 4287 4962 992 1940 480 520 2573 4570 3322 4145 4483 1901 312 2006 3399 1341 3959 362 2216 232 1324 1153 1453 235 296 89 3558 4271 3236 915 2261 1989 3539 3776 4352 3176
4518 4542 3715 3714 2998 2293 3160 2237 614 3835 1134 2909 1243 3297 4125 4362 3556 812 1501 2582 4746 3652 3334 4911 2937 2465 1705 2191 2694 3834 2706 4197 841 260 3008 1232 4455 161 2242 4419 4823 3230 3830 4224 1978 3463 2573 1659 1536 2869 4263 4370 1953 4511 1066 2283 890 4548 1577 3864 2895 2185 497 2515 1848 3270 1391 196 219 3164 2330 2744 1006 757 703 1559 105 930 27 4930 1282 940 4983 2202 2157 4526 3688 2997 2260 3725 2713 1878 2121 4841 640 855 4469 140 3267 1276
661 2328 927 184 3013 708 3288 3806 1489 904 3377 1205 1695 2089 1545 2001 2919 4989 4236 4263 3787 3166 2516 3765 2271 1261 1877 4833 972 81 2034 2004 936 3113 3517 2590 4042 3299 1681 4117 2671 3038 2928 306 4198 1949 3173 4101 10 327 732 1953 265 1452 3321 4543 856 336 1271 2931 1490 2482 3963 2438 2082 2120 2759 142 81 2699 3927 3458 1986 918 2490 3278 148 1870 2854 2420 3089 2598 189 4555 2458 4564 2723 4111 2849 2533 2085 3731 2590 2142 1992 4436 1984 3043 922 3307
3390 1807 4789 1308 4507 1127 4018 4243 2267 4973 1608 4001 4551 666 1681 4001 3067 707 108 3382 1800 1252 3546 1477 3286 775 4626 498 644 4654 1513 1357 2402 4717 2008 1835 1125 2694 1717 3005 604 2371 3793 1867 2031 861 3057 3032 3185 4765 2945 4511 1452 4728 1509 1794 3220 4866 2692 2853 755 3775 4606 44 4052 3838 2299 4717 587 174 2702 1183 2144 4445 3488 2462 2953 3719 3353 4374 3042 2174 1741 2347 3651 307 333 3712 875 3231 1452 55 452 1007 3784 4267 1416 2415 4433 663
1832 2007 1817 1885 419 1256 1729 2269 4448 3188 1191 4124 4150 2004 1656 2409 3769 2678 107 3834 4307 214 780 3628 2518 694 2937 3910 2082 1654 4520 2838 2689 2595 862 248 1198 2993 1909 789 4150 1332 1727 4819 4318 3951 1102 3682 3815 2888 4011 1066 3321 1509 629 4529 1439 549 392 240 2973 2841 65 1134 2869 4120 4365 3574 2438 688 1933 42 341 1987 3862 144 2429 1290 2211 2437 1540 1250 4286 3598 210 4873 3408 4187 897 230 1395 4093 2626 2700 145 3983 4232 2366 1744 2194
2069 3389 1312 3126 1929 2670 4682 3100 771 4572 1237 18 760 745 1515 2973 4383 4886 3364 2967 727 4970 4361 2478 1446 4232 2204 154 4497 375 3041 3563 4679 31 1991 1641 540 292 4356 4810 1397 3881 467 2086 1140 2200 2161 2634 3649 416 433 2283 4543 1794 4529 4535 944 153 4807 4861 3026 2964 3811 1023 1679 1130 4632 965 3313 878 1936 545 1184 1545 3901 1852 4407 3332 1241 3239 175 3580 3720 4586 802 3297 1148 774 3681 2555 3668 1924 4746 4780 521 1860 4047 2162 1240 1596
4397 4341 3673 1142 793 4381 2669 3923 1781 3531 3100 2423 3004 3432 504 3483 214 239 4016 74 3412 4275 900 2038 2983 3870 1810 4104 1793 3948 3706 4462 2582 3818 3120 4721 2015 4000 4021 4265 521 3812 3541 2862 1003 4478 1546 4194 2884 2669 396 890 856 3220 1439 944 2261 2261 829 1533 1394 1199 159 2420 325 300 877 2798 1744 896 1144 2357 493 3550 2057 443 2824 2258 3327 3870 2477 1220 2240 3780 4569 1159 1534 2806 1054 3872 4169 3538 3566 4591 4206 962 2559 2187 1704 4864
2444 3340 3259 477 3839 405 3795 2430 4520 2987 853 2608 2671 4990 3482 916 3826 3256 924 1757 1431 1021 4883 4977 3836 1842 1552 1373 3059 3355 979 4632 445 241 2947 2041 3038 198 4435 3323 3861 689 3097 1412 1038 129 3086 281 4921 1814 1852 4548 336 4866 549 153 2261 2324 3766 1975 4539 4124 4474 3666 285 468 1654 4307 904 2439 4451 4711 4033 1183 3997 3945 4470 491 261 1355 3397 2440 385 4787 1872 2758 3519 433 1431 3248 1620 2983 733 4174 3603 2763 4474 1047 4470 2371
4661 250 2174 4900 335 4476 2115 591 4196 1746 3771 3886 2145 61 385 2178 549 1964 693 3596 1789 3956 3421 1120 2989 274 869 3489 4585 4884 2409 2915 4648 1415 651 1396 4486 2124 4324 2013 4158 3021 4999 1297 4058 2995 3566 1585 3851 1927 4187 1577 1271 2692 392 4807 829 3766 4049 1429 3963 1218 3612 2854 3421 1490 3851 2257 186 3493 1422 3768 2761 2449 3965 4060 3700 4041 1812 1285 3892 3748 2354 1132 4161 3696 1607 1483 3976 1807 1556 3395 1204 1857 2811 2698 3738 3638 2451 3804
2065 4348 4191 4026 3653 2767 2915 627 2719 2409 2353 1992 2967 3932 371 1735 265 1106 1550 655 3928 182 3761 3098 3882 956 2485 1898 3931 2671 2753 2788 3330 1744 3846 1239 2052 2038 4251 1109 1590 2749 1203 1184 2165 145 3557 852 3945 1661 2445 3864 2931 2853 240 4861 1533 1975 1429 4305 3919 196 92 4771 1192 2198 1931 3878 4372 392 4284 3966 4561 2428 4222 4888 1614 170 3963 3409 1475 2454 1374 3731 2212 1579 706 1721 4912 2720 4864 4023 3587 4124 1267 1830 569 4493 3842 2558
4844 528 4790 2872 3261 227 3884 3335 1570 2529 3421 4788 4882 2819 2939 4009 4097 1980 12 1962 3585 3592 533 4045 4543 3790 4527 1539 4379 4212 4831 2659 2332 305 1512 4658 3731 4067 212 4073 3292 3273 256 2765 3635 4664 2180 1442 3501 4057 2292 2895 1490 755 2973 3026 1394 4539 3963 3919 4274 2286 3422 976 4602 324 432 2088 3680 2162 4479 2694 3462 4319 3373 1985 3745 1889 1725 4251 2155 3205 484 1514 3813 810 4949 1381 184 4596 3679 4145 3836 2147 3802 1294 3916 1332 988 365
2852 4623 1379 3777 1573 2097 4090 2794 1820 819 4640 1275 4591 188 3006 3871 3992 2196 3365 4160 4583 696 1663 4619 4838 2576 3726 3541 1149 962 4021 2322 2218 1175 2986 851 4483 588 821 1238 4860 2196 2138 2099 1693 161 2921 67 209 115 1661 2185 2482 3775 2841 2964 1199 4124 1218 196 2286 4244 1331 4728 1097 2893 2298 3111 3926 2393 4468 142 1841 3073 2187 2125 1706 3058 331 3811 4642 3128 634 4839 3291 3691 4166 3397 1313 1535 2582 2773 4081 1495 1577 3279 3841 4800 2060 4153
4428 2680 3083 3786 1763 4273 4339 1857 709 285 2274 4960 4849 324 3339 568 2266 3553 2146 2031 377 561 4476 596 1161 3814 1983 3530 2936 2292 2020 754 4134 1313 4245 4745 2698 199 4557 3973 3410 1530 1859 86 3599 2093 39 2737 1421 4154 4340 497 3963 4606 65 3811 159 4474 3612 92 3422 1331 653 252 4622 1971 492 2992 3950 1791 1375 3383 2080 2037 404 1071 2704 520 565 3975 2042 848 3430 3986 1091 1714 4389 2107 3369 4676 3109 4819 2907 3667 4367 2736 2024 3229 2494 1812
920 4423 4826 2830 2480 1945 3246 1861 984 248 1499 1583 336 739 1275 3317 2153 3253 2284 2209 267 4735 4793 1050 2615 1783 3864 3928 2087 3038 2574 254 2860 3521 732 2193 4828 934 2007 250 3840 978 2631 1155 2220 270 3703 4750 4417 471 2182 2515 2438 44 1134 1023 2420 3666 2854 4771 976 4728 252 162 884 1044 3683 442 1842 492 88 551 4199 3427 3302 4324 810 466 3011 4062 4890 2996 643 3984 4880 3066 351 2933 2328 3691 2119 1525 2015 1375 3709 728 4393 1414 3784 4466
1441 3525 978 314 4277 1671 4477 4092 2597 643 1020 4939 179 2800 3180 412 361 2392 2944 1349 1035 4330 2589 3674 509 1486 431 1077 1298 4769 3849 2004 4458 4178 1775 3857 2563 3915 4959 260 3063 518 1179 1037 2035 1441 16 3644 4253 4364 4287 1848 2082 4052 2869 1679 325 285 3421 1192 4602 1097 4622 884 288 1480 3842 3563 1802 1876 4927 4749 1205 2373 2973 543 845 4639 1586 2137 1234 4244 2980 4632 4525 3172 1187 615 2346 2260 2518 3950 745 2177 2912 191 309 2775 4117 4704
77 866 1192 1562 2655 4199 510 3149 1093 4612 993 1757 2846 503 1460 1057 2632 1540 1227 1220 82 1993 2303 416 3717 4134 4280 2773 2713 2824 4495 3149 2553 4871 3146 4471 4455 4766 379 4672 137 2883 4413 2693 2138 298 803 1814 3190 127 4962 3270 2120 3838 4120 1130 300 468 1490 2198 324 2893 1971 1044 1480 3801 822 2329 2314 590 961 3046 3711 4230 2225 721 1763 1829 1120 145 819 2521 3883 1089 4830 1020 553 304 593 4059 3081 4986 4106 4154 499 2104 2112 2076 475 3362
3493 2896 2908 1764 4660 2275 4276 1502 275 3086 2311 1899 4182 2239 4788 4005 44 3058 1719 4557 781 4263 3828 1972 4121 348 2933 2796 1175 1327 4218 2767 4922 442 1883 2812 2421 1224 2150 2645 4820 329 4427 491 4006 4957 908 3047 1153 2694 992 1391 2759 2299 4365 4632 877 1654 3851 1931 432 2298 492 3683 3842 822 358 2429 32 1246 4175 4821 2884 3831 3101 1145 4897 2310 4196 3318 608 818 1149 3152 323 940 2238 79 1488 3169 1583 623 1747 2824 2561 2559 3029 4459 1633 1586
3574 4032 4742 4799 4262 1840 111 4290 4541 3279 3889 3636 3250 3774 4002 1215 4671 1994 2221 3890 3008 1749 345 2384 1414 1261 3389 3872 800 937 102 2082 1578 3581 1197 3777 4141 788 2325 1107 4353 1929 2321 3409 1509 3340 355 3799 537 1051 1940 196 142 4717 3574 965 2798 4307 2257 3878 2088 3111 2992 442 3563 2329 2429 4438 1405 3195 3821 446 1124 4556 1884 1815 4092 111 2028 4844 1535 2475 178 988 4748 2968 1431 1018 2116 835 3770 4404 3617 2217 1236 3216 4956 2450 1910 4335
4615 3254 3784 4255 254 3833 4764 2342 2195 3598 1170 1295 425 3266 1685 4438 2367 2762 4397 4736 861 4313 2428 2286 3176 2877 71 1332 4058 1739 1157 204 3476 576 4305 1716 4342 2162 461 4071 3395 2609 52 3501 4262 2023 2585 2816 1054 640 480 219 81 587 2438 3313 1744 904 186 4372 3680 3926 3950 1842 1802 2314 32 1405 233 3192 4015 675 4326 2241 1486 281 3814 4965 4400 1377 1395 1104 1623 2361 2363 1726 836 679 3008 3532 1810 3439 1211 3008 3389 815 2072 2655 2223 4774
1777 4832 602 2493 1509 1508 2270 4698 701 2865 2924 2792 4568 1457 3281 3824 530 2450 2399 3899 3436 488 560 4964 2445 2102 1075 4744 894 3328 2603 1616 4358 1240 3538 2507 2835 1025 3996 1784 366 4672 4604 879 602 3319 1230 4106 236 611 520 3164 2699 174 688 878 896 2439 3493 392 2162 2393 1791 492 1876 590 1246 3195 3192 1883 1590 3280 1288 3458 4423 646 112 3628 4091 1665 960 1243 2355 2379 599 3138 4712 2194 2071 3912 451 3559 3336 2658 675 1299 1529 859 4811 2585
1868 4450 2134 1205 713 1415 3320 1161 4928 87 3052 378 3598 2305 3530 1835 390 825 1221 1925 1528 888 4975 139 3241 3374 2277 402 1070 3046 3743 2695 3829 2375 4321 3563 1194 1483 3882 1728 2864 2618 222 4424 4257 3197 3750 446 4213 1997 2573 2330 3927 2702 1933 1936 1144 4451 1422 4284 4479 4468 1375 88 4927 961 4175 3821 4015 1590 2857 4552 2268 4194 3552 3685 4599 4586 2042 1427 4958 319 1894 3621 3135 831 2270 4527 1219 2545 3359 3775 378 1586 4387 1917 1711 2120 1828 4642
4910 1274 23 2974 2355 1416 724 2094 3308 3432 610 2192 1772 2109 4046 1336 2150 468 2791 2410 2901 640 4106 2299 2656 2612 968 2453 2461 3722 1755 2196 1379 1214 3904 2391 1850 4709 3322 4841 3962 4978 586 665 750 3765 1729 3898 2984 4762 4570 2744 3458 1183 42 545 2357 4711 3768 3966 2694 142 3383 551 4749 3046 4821 446 675 3280 4552 4752 3878 2849 2698 2580 4839 4123 4059 2669 1134 3755 503 1312 4378 4866 1158 1459 4095 198 4051 2895 3334 813 1450 3519 4789 3687 147 4657
582 2134 932 2638 1226 2372 422 3230 1083 1204 4675 4032 1605 2988 268 1535 2973 414 1328 2498 4206 4602 1834 1103 4136 621 1895 124 1873 575 1953 2882 1007 1212 1721 921 2671 4651 1089 3437 2143 2147 3338 2905 1325 3120 3983 3359 1212 2033 3322 1006 1986 2144 341 1184 493 4033 2761 4561 3462 1841 2080 4199 1205 3711 2884 1124 4326 1288 2268 3878 4232 481 1523 3766 4287 2588 4240 2533 1709 3944 2132 3747 1036 4394 3903 3158 3303 705 644 806 444 4817 1713 3679 4178 40 3204 3376
2107 1863 2232 3724 1814 1260 1355 761 2034 3716 2945 3288 3360 4786 4567 4843 4018 4895 309 1720 3384 2796 2506 4850 240 2281 3244 1029 3464 4962 319 2733 759 3842 1840 4408 3041 2027 4307 4532 3292 994 4811 1469 4523 2604 4716 4005 4194 4143 4145 757 918 4445 1987 1545 3550 1183 2449 2428 4319 3073 2037 3427 2373 4230 3831 4556 2241 3458 4194 2849 481 2846 583 3413 1398 2515 3978 1765 3729 696 1189 539 1634 4509 3899 4510 706 2930 298 1652 1551 964 4235 3527 4959 3407 4689 3785
1128 4501 305 1896 2374 777 4310 2480 496 3358 1283 2709 2034 570 3282 3863 4966 2803 4862 2776 1378 1198 3985 3610 4436 3685 425 3299 1498 4927 2056 1208 2318 1172 2095 1634 751 3982 4371 2724 1295 1054 4141 1214 3207 1922 3497 454 1298 1743 4483 703 2490 3488 3862 3901 2057 3997 3965 4222 3373 2187 404 3302 2973 2225 3101 1884 1486 4423 3552 2698 1523 583 2029 4594 1724 4930 2665 2514 1312 2430 2569 220 4986 2133 4390 2723 3425 4834 2641 4366 4016 2281 3829 685 4856 1157 2450 4901
3053 3965 3775 4371 1940 3832 1516 2938 4820 795 4318 1163 4465 3520 4752 4069 4591 3927 1104 4990 1916 2942 4735 1536 1256 4237 4737 520 2698 350 923 255 2397 345 418 4592 2239 3481 437 3237 2541 433 1761 4463 1473 4159 1365 4383 580 4242 1901 1559 3278 2462 144 1852 443 3945 4060 4888 1985 2125 1071 4324 543 721 1145 1815 281 646 3685 2580 3766 3413 4594 624 4021 3711 4782 4602 3369 4981 881 3170 1847 209 3049 4786 2187 1063 2219 346 3511 1775 4213 3741 2827 4098 1643 2855
593 4664 2679 4801 1778 1541 4840 4964 1633 2515 3788 4156 2067 4605 2925 2434 3480 4181 1737 4215 4481 2957 3242 4857 4006 2619 928 1827 4789 2596 2350 3848 2111 4805 3260 1494 3234 934 2292 198 2105 2615 4049 3528 2856 3326 731 2633 2865 849 312 105 148 2953 2429 4407 2824 4470 3700 1614 3745 1706 2704 810 845 1763 4897 4092 3814 112 4599 4839 4287 1398 1724 4021 4676 2637 1794 2841 1418 3325 4071 4157 4676 4841 2440 3796 1556 611 3730 2366 1387 1236 3219 2045 2968 264 4341 2726
643 3961 885 1172 1881 3098 679 4580 2471 4473 4837 174 618 3037 1246 3397 2743 4931 4334 585 3655 1454 2318 2727 1553 4003 3268 4442 4633 1027 1511 2863 2309 3565 97 1809 1660 4818 3059 108 559 4241 3387 3752 3954 515 2624 3925 2893 751 2006 930 1870 3719 1290 3332 2258 491 4041 170 1889 3058 520 466 4639 1829 2310 111 4965 3628 4586 4123 2588 2515 4930 3711 2637 1880 2463 1908 78 1169 3490 725 2576 3858 213 2025 4985 3428 3648 1615 3753 2585 228 3966 2349 1562 2660 4455
3573 1738 3143 1190 3836 4774 203 107 1482 4339 3459 1085 4098 845 4579 3370 3030 1973 2529 1590 3837 2620 308 4964 1428 206 2398 2550 2255 2849 4831 219 202 2515 4324 1978 1276 2531 1966 613 2053 4798 4429 996 4239 4450 3021 3987 2489 4650 3399 27 2854 3353 2211 1241 3327 261 1812 3963 1725 331 565 3011 1586 1120 4196 2028 4400 4091 2042 4059 4240 3978 2665 4782 1794 2463 4152 3462 242 1009 2832 32 2069 3554 2258 3573 1841 2302 3786 1626 4272 3872 28 462 374 1490 356 4281
4802 4145 2340 1775 3941 4678 4079 1075 4848 3718 1747 3826 2738 3135 2341 1881 3765 4530 2973 1665 1447 854 3080 4827 1328 3768 2084 4860 3934 2341 1699 837 2341 4121 53 4018 3792 2200 3635 1817 2188 4400 4907 3060 1535 2328 24 439 255 3493 1341 4930 2420 4374 2437 3239 3870 1355 1285 3409 4251 3811 3975 4062 2137 145 3318 4844 1377 1665 1427 2669 2533 1765 2514 4602 2841 1908 3462 3505 4020 1502 1866 2899 1683 765 2179 3802 1143 3729 199 1128 3254 3438 729 2253 4118 3576 2156 4444
4661 3181 403 4146 1383 2160 1382 2079 808 25 581 4549 2879 4547 4582 1810 4997 4275 2239 2663 2650 1100 4099 2916 1216 811 351 1192 1427 4274 4007 3128 30 812 2270 3112 1023 4725 1491 2730 1283 4086 2650 4387 214 660 2526 4807 1088 4362 3959 1282 3089 3042 1540 175 2477 3397 3892 1475 2155 4642 2042 4890 1234 819 608 1535 1395 960 4958 1134 1709 3729 1312 3369 1418 78 242 4020 3504 3102 4995 3736 3103 3768 1746 423 2093 951 2077 226 4100 1085 2769 4840 1354 32 4641 1652
4785 4156 3418 957 2369 3003 4506 4744 2370 645 2135 569 4038 3925 2449 4126 1877 3847 2392 1050 3679 965 3174 3762 2922 3271 1520 486 3890 4821 2979 402 2074 365 2393 517 888 4947 3321 3344 3551 2554 3545 4318 496 3389 3640 3437 1768 3399 362 940 2598 2174 1250 3580 1220 2440 3748 2454 3205 3128 848 2996 4244 2521 818 2475 1104 1243 319 3755 3944 696 2430 4981 3325 1169 1009 1502 3102 4313 3426 1481 1064 3236 2458 1674 3827 2510 2460 4381 4719 4077 1212 1042 2248 665 871 876
