N: 100
M: 20
Symmetric: true
Triangle: false
3 58 72 93
4 26 32 55 74
3 99 86 73
4 82 16 50 76
7 29 84 9 95 41 85 6
7 90 89 20 66 46 52 33
5 88 27 49 8 19
5 91 5 7 83 47
5 65 62 69 61 17
5 67 98 79 45 57
4 100 70 13 21
5 43 96 36 94 77
5 92 63 68 30 28
3 14 18 44
8 4 35 3 34 22 54 10 2
4 12 51 23 1
6 71 25 97 80 81 48
5 11 31 15 75 60
4 40 53 24 39
8 87 38 37 64 59 78 42 56
2979 121 4728 1649 2462 4216 2468 744 2591 2058 867 1822 2746 227 3385 121 898 3625 948 1116 2712 997 1285 319 1324 2721 2531 2674 263 1479 3741 2528 1694 1461 1877 1172 3534 3766 1799 230 1656 1763 746 2160 78 937 4432 2018 4102 4642 4713 1369 3430 3475 2661 2275 3435 4141 3070 2957 1302 3925 2528 4195 227 915 623 4897 2777 2289 3586 139 3164 1206 376 76 797 4252 2339 4730 4722 483 810 4205 2891 2474 1861 1957 3043 404 4491 2543 850 1565 2386 166 842 689 3265 4989
121 431 1523 2485 704 2743 4898 3220 2662 4648 2189 913 3456 3686 2838 649 1215 54 805 1098 3526 561 4250 1929 3033 4312 82 3242 2863 788 1934 1902 1412 519 2261 1818 2033 2264 4486 4939 983 595 2500 3848 4774 4662 4930 41 3194 1638 3597 431 3060 2891 4071 3585 3334 1846 3430 902 121 983 3521 2415 4410 3576 4581 2808 3817 4427 3568 2429 4381 1783 1944 1908 4851 3419 4346 542 3733 2450 4025 847 4878 410 55 597 4156 2050 3643 4768 4560 1400 274 1119 4999 1782 346 918
4728 1523 3850 4182 3634 4644 1428 505 1269 511 880 575 2631 2864 1943 2623 3279 564 4021 3890 1664 4084 1184 3483 2067 1741 2999 3649 555 2347 1629 3945 2779 4112 1534 3258 958 110 4055 366 4319 3676 283 4152 3612 4581 3184 463 1686 3402 1473 3811 2577 1798 2731 1702 3505 3956 1696 4679 781 1577 2256 3776 1501 1957 3607 3467 1918 2029 2868 710 4060 4058 2182 3165 246 3341 1131 3608 1325 2499 230 3319 3866 3726 3332 3031 3799 3569 2824 999 503 2111 4898 274 2118 3908 2350 895
1649 2485 4182 3286 3704 344 3077 2837 3028 4142 1136 3043 162 438 80 3273 3190 2037 4267 523 663 633 3471 16 379 2887 23 1305 4834 1809 3501 29 2661 2627 4983 1972 2201 1678 1904 125 4705 2259 2309 2309 159 4047 486 4752 4566 2643 2385 4079 1316 3070 4046 1669 768 269 376 3446 4060 11 1185 1557 1100 498 568 1460 3493 1002 154 3994 1696 589 1554 2637 2924 4903 1023 3775 3665 2841 863 2522 512 1005 4370 829 4548 2086 859 3610 1306 1716 3118 3493 2609 56 1039 2492
2462 704 3634 3704 2338 3561 530 3015 1865 2733 4148 2712 2867 1785 2182 2807 3027 4995 1518 3844 1254 3485 69 4530 2964 1966 2718 4957 3979 2938 606 4393 614 4648 1353 1672 3561 1457 3647 750 1422 1182 2159 2754 740 3731 3923 1933 4935 3918 3448 2934 2411 4504 3068 1062 993 1055 3885 333 120 3406 3943 3865 880 259 4570 1419 3270 2109 419 913 1899 1465 523 547 2811 4979 1623 1106 23 926 1567 3723 4311 3652 3000 219 521 3418 220 4467 2281 2663 4824 4121 1177 3957 1855 4287
4216 2743 4644 344 3561 3027 4265 1603 2561 843 2034 4047 2070 2043 3382 2301 3554 3719 552 4859 1852 1963 1595 1374 4160 4475 1182 3947 1921 2830 2255 1079 1531 510 4692 1956 4451 4825 490 3827 1167 39 3092 2735 3332 1767 58 795 3731 4865 413 4996 1435 776 310 4821 1364 1253 2704 4254 3855 244 4621 4574 1720 3291 3303 3577 2183 720 1691 972 323 2179 1232 2220 3895 1742 1264 919 1298 857 2585 68 1204 4124 3900 2090 2849 2219 4601 2657 3764 4365 2576 3910 232 145 1900 2450
2468 4898 1428 3077 530 4265 4616 3676 4455 4926 4267 4078 3301 3827 368 4882 3725 4662 4684 4094 4557 247 1514 1142 288 1810 4499 4367 4010 913 1726 2096 4630 2146 4835 2890 2785 2689 3204 2534 2784 2182 2611 3284 2222 1860 4157 103 1308 912 4692 4576 3388 2393 515 3650 4823 2930 1180 270 3134 475 3421 3554 4084 1521 778 101 3082 867 3177 3033 4295 4941 3508 2108 4341 3200 2649 2123 555 3565 1894 3323 748 1773 1568 1139 2648 4308 2994 3453 2534 3489 690 1136 3875 3542 4921 286
744 3220 505 2837 3015 1603 3676 3200 4674 1338 4992 3671 1461 387 596 4571 1004 3045 1220 2304 4532 534 3639 1444 4899 1578 610 3604 2322 3256 149 3039 1760 4449 2759 981 3731 2326 1072 2974 2603 2290 583 3531 3811 2839 2980 1272 1288 3677 2856 492 3934 3831 4790 2118 3971 1076 1720 566 4197 2521 4672 4612 2819 943 638 4985 46 525 1826 1330 2883 2271 4475 3529 4271 3452 2360 3654 4097 2363 4322 433 847 2751 2660 2361 2698 1544 3508 651 3606 2294 4034 3510 4656 4219 3110 605
2591 2662 1269 3028 1865 2561 4455 4674 4247 2823 3917 939 1720 422 466 1839 1794 1199 2422 1091 4954 3657 3435 299 598 4302 3207 4894 4123 1821 1054 4015 1645 3261 4244 2862 862 2730 779 662 1487 3854 1084 3133 2867 1232 4790 4949 2038 955 1603 4533 2056 4760 1135 2934 1085 3431 4373 1202 4979 191 4612 3566 4773 3202 3672 3107 4634 3000 3273 2380 877 4723 1339 1155 4272 1028 3942 1992 4144 3503 2249 4031 2897 2650 1563 4543 22 1649 1603 4551 4985 4225 874 3335 3926 3725 3585 2381
2058 4648 511 4142 2733 843 4926 1338 2823 2220 4870 1677 1948 1496 486 3004 1204 3822 2745 4178 3911 3660 2762 3520 1736 627 708 1158 16 4761 969 4543 1092 4078 3126 3549 2309 4254 2432 3273 3423 3082 2559 4317 4007 4030 60 269 3384 4360 2967 1816 2729 546 1224 1625 4322 4049 4044 2229 4453 3510 4780 3812 41 1540 2299 4833 255 4231 1172 4005 3027 1248 3207 4573 377 2765 3331 2804 2833 4889 953 3834 3683 4774 310 700 3347 4305 3797 4879 4443 489 653 1532 1142 601 4459 974
867 2189 880 1136 4148 2034 4267 4992 3917 4870 674 95 3343 1695 2564 2836 1271 1938 4339 2451 1293 3091 955 1334 3160 2090 2890 2223 2169 3713 3790 4093 3266 2124 1123 4409 2866 4282 4380 2573 1622 570 1879 719 4142 1657 3583 4010 2182 689 3509 1771 3962 2706 3130 933 1359 4655 2577 4440 3017 1164 1667 2642 2929 4785 3474 3989 508 4868 2554 4034 3555 3533 1751 4176 3271 1024 1178 4412 4667 2516 4991 4208 529 4812 525 4470 327 4346 3655 1364 3334 4013 4951 3087 4757 1279 2887 2328
1822 913 575 3043 2712 4047 4078 3671 939 1677 95 4973 3794 1182 2114 2887 2594 3088 4961 2750 3711 596 3062 4508 2905 2251 4963 2352 1805 347 56 4155 43 2516 3705 3257 4033 3255 1939 3367 1873 4826 2377 3942 2741 2803 2096 2932 3072 2097 2739 839 1901 1918 685 554 2854 3433 1900 3683 4332 599 3089 2834 850 2321 2226 4944 2100 2056 3479 771 2672 1579 4367 1310 750 2116 799 2982 1907 913 2840 1164 2213 181 2828 373 4484 1475 765 2641 1587 3568 4379 273 2165 1054 397 3408
2746 3456 2631 162 2867 2070 3301 1461 1720 1948 3343 3794 709 1362 4572 4222 1254 2041 1046 3534 3812 595 961 555 2247 339 2297 1580 740 1579 4475 2403 4140 833 2240 3800 3846 705 4857 1394 3592 3234 3042 3330 468 2656 2617 3159 3590 3699 3875 4593 1730 3787 2032 2942 3242 2365 4721 729 1319 4592 4677 43 3616 141 4843 3838 1542 2260 1560 1697 3687 1797 2972 3735 982 3622 4166 1775 1197 3458 4143 933 2405 2640 4209 1083 1819 3264 3930 1851 4212 55 170 2643 2230 950 1127 4189
227 3686 2864 438 1785 2043 3827 387 422 1496 1695 1182 1362 1485 2536 2664 1378 1394 3281 3335 3416 1064 346 4902 3946 236 3920 3052 2699 663 3089 3531 3473 4463 1146 2810 1861 24 3169 2840 3250 2747 2534 2045 4330 1633 4919 2591 4110 4837 4605 3904 1133 1495 4845 3700 3914 2539 2351 1402 2801 4935 4167 3679 3173 4305 3909 2589 3962 1446 99 3848 1639 952 3698 2497 4219 4082 1877 3461 440 754 2393 3244 1835 3976 242 2201 4746 4331 534 3077 2745 3455 4743 2854 3946 2257 2233 922
3385 2838 1943 80 2182 3382 368 596 466 486 2564 2114 4572 2536 4319 4019 1247 2544 4533 3002 355 718 2375 884 700 1111 569 1486 4639 4013 2794 546 1792 2462 3653 424 4347 379 4889 970 4479 2615 1750 2739 424 4248 3237 4490 3304 2224 4796 4371 1376 461 2265 922 3272 2772 503 2606 4373 2374 1627 4248 1433 1950 2184 282 1956 1386 2753 1277 1228 4416 3830 1176 4350 4150 2091 1163 4750 2853 302 932 3427 218 837 2525 3382 2138 2601 2691 3865 701 2900 3901 1516 2214 1027 831
121 649 2623 3273 2807 2301 4882 4571 1839 3004 2836 2887 4222 2664 4019 4644 1330 1955 575 204 4568 2365 3123 4249 1530 2196 2250 4063 1765 2197 2134 3865 2330 1110 2225 2946 4789 4007 2948 3935 2893 3722 2225 4640 4208 1746 1480 1165 2152 1393 1226 59 479 3193 4144 1054 1916 4776 1963 183 3670 199 2368 2307 3063 4197 1731 3229 4084 653 2262 3389 4030 1818 970 3482 818 130 4125 1321 3072 2069 136 3937 2055 251 317 1322 3904 421 1574 622 423 2405 4245 478 1990 4459 4029 2386
898 1215 3279 3190 3027 3554 3725 1004 1794 1204 1271 2594 1254 1378 1247 1330 4742 4557 370 1576 650 4660 1308 1506 4694 768 456 1221 933 675 980 4910 1798 2465 856 1900 3353 2560 3575 1639 2434 4374 2459 3300 239 3500 1504 1586 2715 3194 1187 1907 4254 4493 1166 779 3990 717 1114 813 2370 4271 3977 2134 1214 946 3307 283 1111 2179 153 1983 4959 3256 2170 4644 4914 4033 188 233 4796 3909 2715 1148 4510 172 803 3588 731 3332 2999 3654 3586 3544 1024 3888 816 2552 977 2270
3625 54 564 2037 4995 3719 4662 3045 1199 3822 1938 3088 2041 1394 2544 1955 4557 52 1812 827 2829 526 2183 4311 2188 412 245 1214 812 2156 3643 4460 3978 838 873 2924 3349 4066 2794 411 3919 4143 3171 1895 4262 2598 2968 4504 3310 1685 4662 2714 4350 3488 1938 811 3191 2719 2719 461 1668 695 3830 3773 2054 3198 1755 1090 210 3877 449 590 4128 3283 996 688 2528 2042 1368 4642 3002 4952 1675 4194 327 3412 4813 2912 3815 2120 3704 3523 2437 2019 2493 255 3604 3052 4397 1362
948 805 4021 4267 1518 552 4684 1220 2422 2745 4339 4961 1046 3281 4533 575 370 1812 2829 2884 2580 4301 2682 4975 387 4070 4381 4467 1542 964 499 3497 547 355 924 3465 1498 1037 4985 3171 3081 4787 3917 2121 4031 3491 1019 3602 1411 2431 3686 636 1613 4717 774 379 1481 738 2621 4691 4653 2504 3952 609 1077 4574 3097 4638 344 3954 4942 4320 772 1319 402 4501 1628 2670 3009 101 2399 4407 1794 1663 3494 3231 3079 4487 733 3774 1926 2802 2076 3777 961 3068 4574 3699 2739 24
1116 1098 3890 523 3844 4859 4094 2304 1091 4178 2451 2750 3534 3335 3002 204 1576 827 2884 451 3502 4504 4551 940 455 757 1015 3213 490 2805 786 2878 1123 1382 1914 2972 3619 2741 460 1863 4320 2556 4226 1618 4633 1804 216 1357 4065 2752 1658 633 4289 1321 2740 3033 4434 1406 2448 1533 1703 2908 1543 872 563 2809 940 4344 228 4351 4408 394 1298 2929 2784 2961 2607 938 1056 721 4400 3843 4632 1128 569 3706 3050 3539 1898 2401 2300 2747 602 2043 3517 433 3904 2537 4042 4576
2712 3526 1664 663 1254 1852 4557 4532 4954 3911 1293 3711 3812 3416 355 4568 650 2829 2580 3502 4574 448 390 1733 4976 1700 3230 4994 455 2862 2774 4180 3558 1259 4424 2270 2114 3087 731 775 813 3766 886 1376 4372 4154 945 3310 1553 4842 2579 3942 2105 2540 2697 940 3166 1365 2882 479 3075 2484 2561 3334 2011 86 1932 4617 4343 811 3726 1103 2121 118 3772 794 2755 751 243 1119 1702 2614 1273 727 4251 3976 2866 618 3243 71 4453 2600 186 1353 3074 4816 644 2813 3027 1186
997 561 4084 633 3485 1963 247 534 3657 3660 3091 596 595 1064 718 2365 4660 526 4301 4504 448 4112 2317 2445 3738 2127 221 1971 466 4710 4539 1381 4389 1121 18 4509 3490 3903 861 4252 2739 721 1658 99 3398 2932 654 1874 2800 4069 2660 3914 2453 2555 3563 4578 582 2013 2444 4496 2453 2241 1009 4893 1147 3904 1432 4491 2229 4659 980 3087 4944 289 1762 2595 3186 4185 4213 1226 3359 2051 3452 171 1736 2807 2150 3971 1071 1262 1408 1753 2903 4672 3187 2288 4395 204 3460 1572
1285 4250 1184 3471 69 1595 1514 3639 3435 2762 955 3062 961 346 2375 3123 1308 2183 2682 4551 390 2317 993 4491 2381 2627 3761 3593 982 4990 159 4788 3593 4395 1677 4865 886 2401 3420 1721 2952 4379 2912 731 4854 1555 2037 3767 2837 4250 4595 3586 900 2657 699 3600 1186 3607 3925 244 1919 3568 2926 4399 559 1700 1814 202 3099 2484 110 1618 3049 4861 2929 2189 3200 427 1726 3038 4065 2924 4094 4170 4324 4801 924 2854 884 1350 1515 2199 4187 3340 4423 165 614 4363 3489 2029
319 1929 3483 16 4530 1374 1142 1444 299 3520 1334 4508 555 4902 884 4249 1506 4311 4975 940 1733 2445 4491 264 3813 2264 3915 589 1006 4575 1338 2361 1729 3723 4407 3360 2904 485 2762 2573 592 3385 1139 4583 2020 4672 3601 2593 3393 4151 874 3405 471 3952 3981 4197 1588 4927 1538 3699 2373 2159 390 2075 3169 1781 343 460 3735 2472 1045 681 983 4680 2077 1648 3970 1806 4087 695 3015 649 3272 2982 4831 3343 922 4713 1155 2454 1978 2507 4414 127 77 953 4505 3539 3040 2917
1324 3033 2067 379 2964 4160 288 4899 598 1736 3160 2905 2247 3946 700 1530 4694 2188 387 455 4976 3738 2381 3813 2534 826 1307 2996 3744 2461 120 3464 1334 181 3357 2492 3588 805 3401 2133 3846 4124 3744 3832 1204 2641 4752 1689 3957 2537 518 1127 3895 2311 2109 350 659 2250 1782 3115 988 3340 2241 4391 2635 2473 1028 179 750 3547 2198 1472 235 3237 4396 4607 4099 1988 2828 2034 4589 4696 873 1215 4817 272 2619 235 922 1322 1050 1819 3638 3481 4690 3477 3863 1718 1245 4339
2721 4312 1741 2887 1966 4475 1810 1578 4302 627 2090 2251 339 236 1111 2196 768 412 4070 757 1700 2127 2627 2264 826 3816 1840 384 1647 3239 3570 1989 3517 1041 3790 2719 3895 890 4569 4722 2104 2472 2369 3677 4414 4091 1538 4185 4978 1369 1506 1164 1607 4381 4765 3195 2246 1488 3347 4043 523 3762 1021 1932 665 3365 4149 3570 18 4695 1978 1454 1656 3570 565 826 1811 2306 1457 563 4801 3661 3241 2027 982 2564 4014 2046 3986 3177 4173 3019 3179 4375 414 4323 4465 2177 170 1307
2531 82 2999 23 2718 1182 4499 610 3207 708 2890 4963 2297 3920 569 2250 456 245 4381 1015 3230 221 3761 3915 1307 1840 595 1141 172 553 1112 3711 4921 2119 164 1140 3375 3166 1606 2585 3275 862 2044 1034 2529 4617 4687 4546 848 1593 1356 2500 737 2921 4303 4511 2150 3860 2384 494 816 2665 892 230 1226 4945 839 4871 797 1766 1633 1055 235 1111 33 3752 363 3916 1374 2275 2823 4406 1595 1193 1552 1114 775 3067 2717 4747 4106 1169 3002 4241 4226 1786 3959 474 1183 197
2674 3242 3649 1305 4957 3947 4367 3604 4894 1158 2223 2352 1580 3052 1486 4063 1221 1214 4467 3213 4994 1971 3593 589 2996 384 1141 4300 3833 858 531 3930 2010 1400 3230 4404 1175 2083 1319 3654 2921 4957 4354 183 3595 1002 284 352 2938 3809 2341 1476 1441 3600 3385 3001 2782 616 576 4171 672 1456 1411 1390 2024 1960 788 3759 1854 514 1992 2617 4655 175 1730 643 336 3352 3559 1678 481 3660 4436 4708 1071 1291 3652 759 3440 2927 2192 1061 970 4843 4427 4780 2524 2486 4353 3248
263 2863 555 4834 3979 1921 4010 2322 4123 16 2169 1805 740 2699 4639 1765 933 812 1542 490 455 466 982 1006 3744 1647 172 3833 3894 4318 1801 2752 2937 3365 3177 1628 517 3513 2058 3084 525 4384 2581 1753 1091 1514 3929 2732 674 296 4221 40 3766 1557 2226 4404 539 2507 2034 1019 2033 1379 892 2259 2390 3329 1651 1118 4955 3105 3590 3288 3692 458 1822 930 78 2908 592 2841 431 820 3950 571 727 4124 2863 2545 3098 4695 3148 2106 1471 4458 1189 1545 146 864 457 2072
1479 788 2347 1809 2938 2830 913 3256 1821 4761 3713 347 1579 663 4013 2197 675 2156 964 2805 2862 4710 4990 4575 2461 3239 553 858 4318 3551 38 4832 2690 3346 489 4063 2559 2157 1337 3825 1635 4625 4815 4018 312 3645 2176 2604 1695 3928 4114 4890 1078 3201 1915 3228 25 4255 1405 2562 722 4044 3128 3329 1275 4213 4847 4590 3272 4173 1617 1505 1837 2999 2780 382 3533 3718 1847 4863 2239 2067 640 1432 3705 360 1964 4274 1878 1876 3650 4869 368 2024 3879 3841 3676 3318 2164 1930
3741 1934 1629 3501 606 2255 1726 149 1054 969 3790 56 4475 3089 2794 2134 980 3643 499 786 2774 4539 159 1338 120 3570 1112 531 1801 38 3858 2204 3019 2702 2957 4858 841 4342 2096 3383 908 2544 3191 2519 1885 2709 1980 276 3878 3153 2216 3656 3553 555 3370 594 2271 1635 2318 499 1984 2048 1182 623 2427 548 2266 3860 49 2387 1115 70 1642 937 3983 2583 4756 37 3059 883 4016 4859 3302 1716 3775 1625 3059 2931 2395 4475 1558 453 2848 4870 2163 982 405 3041 2295 3364
2528 1902 3945 29 4393 1079 2096 3039 4015 4543 4093 4155 2403 3531 546 3865 4910 4460 3497 2878 4180 1381 4788 2361 3464 1989 3711 3930 2752 4832 2204 3380 3806 1039 4314 3761 3555 1025 4161 1652 1576 2102 3356 3066 2908 2606 1052 772 3061 2771 4427 1041 2322 4845 3385 107 39 348 1035 1732 2652 239 378 3686 3372 4929 682 2869 170 1867 776 4729 2350 2945 4040 3959 4290 588 192 1971 4264 3963 469 2535 3389 4398 1492 1294 837 1117 102 1469 1784 4700 751 3867 412 4861 4551 2933
1694 1412 2779 2661 614 1531 4630 1760 1645 1092 3266 43 4140 3473 1792 2330 1798 3978 547 1123 3558 4389 3593 1729 1334 3517 4921 2010 2937 2690 3019 3806 1010 555 100 2837 3560 1284 4642 1025 4041 1862 4181 2201 2300 318 3798 3707 3225 1320 3792 4171 2962 4780 3222 3627 4145 2147 2579 561 996 524 1344 3948 3299 3034 3869 3607 2726 449 2933 2530 1101 1840 2686 982 1640 4906 3017 168 4829 2045 2749 231 3560 2714 1129 4692 741 2234 1102 1505 1832 1735 2070 895 2867 2922 4821 3701
1461 519 4112 2627 4648 510 2146 4449 3261 4078 2124 2516 833 4463 2462 1110 2465 838 355 1382 1259 1121 4395 3723 181 1041 2119 1400 3365 3346 2702 1039 555 884 2051 1826 2982 1309 130 1591 3661 1401 2467 4737 4040 1199 3789 4799 2718 1958 4428 2663 4676 808 4412 3217 2659 2873 1401 2946 3422 2603 2267 2139 1936 2650 45 4023 2973 1335 4060 2306 453 11 4430 1394 1127 4573 4058 4146 3195 2400 4969 660 351 311 865 909 2000 2295 4520 4969 1627 3427 2923 2003 1999 4371 194 3754
1877 2261 1534 4983 1353 4692 4835 2759 4244 3126 1123 3705 2240 1146 3653 2225 856 873 924 1914 4424 18 1677 4407 3357 3790 164 3230 3177 489 2957 4314 100 2051 3723 3943 2503 1017 1097 4954 571 3760 4297 3437 3263 888 91 2097 1413 3456 3637 2513 3682 3634 3668 4097 3581 3013 166 1108 4392 3947 3829 1984 842 2150 2377 603 1679 3024 799 847 1666 1093 925 2108 4038 4961 3813 3825 950 2630 4077 3483 3735 3012 607 4511 1939 4060 1801 299 106 1421 2069 1282 3059 4998 3948 1676
1172 1818 3258 1972 1672 1956 2890 981 2862 3549 4409 3257 3800 2810 424 2946 1900 2924 3465 2972 2270 4509 4865 3360 2492 2719 1140 4404 1628 4063 4858 3761 2837 1826 3943 841 1518 4783 2163 4332 764 3000 4568 4112 3015 3715 1013 1388 4690 3770 2518 3071 1192 574 4323 1044 514 94 648 788 3657 4769 2521 2972 259 11 968 2331 662 1538 4043 3799 3862 1411 3516 423 2072 647 4370 81 1475 2806 432 4931 3133 4791 1549 4712 1438 3742 1539 3941 3372 2794 2996 4933 2352 2929 394 130
3534 2033 958 2201 3561 4451 2785 3731 862 2309 2866 4033 3846 1861 4347 4789 3353 3349 1498 3619 2114 3490 886 2904 3588 3895 3375 1175 517 2559 841 3555 3560 2982 2503 1518 55 2971 2540 2845 3840 3750 3779 3330 213 4842 1600 1053 3714 4669 3385 2880 3965 283 2912 579 4180 1342 1965 2970 3199 3909 4308 3968 3392 3023 3116 2972 440 1992 3576 3753 2326 2705 3038 147 2247 2223 3586 3194 1909 826 753 2910 3139 3269 692 3226 2069 1959 4261 2332 453 3552 1488 3341 3080 3392 3540 1075
3766 2264 110 1678 1457 4825 2689 2326 2730 4254 4282 3255 705 24 379 4007 2560 4066 1037 2741 3087 3903 2401 485 805 890 3166 2083 3513 2157 4342 1025 1284 1309 1017 4783 2971 169 3969 4822 1123 2152 4211 3866 746 4336 52 1145 1359 4064 3304 307 2551 1178 881 1999 4808 66 650 2414 3280 575 1627 744 4607 184 1254 4184 913 1663 3023 1601 2527 3950 2758 3377 3541 3091 3549 3782 2133 3852 909 2070 4495 1137 3068 2465 4723 2936 2496 3821 4975 2465 1801 721 3418 2020 1609 4058
1799 4486 4055 1904 3647 490 3204 1072 779 2432 4380 1939 4857 3169 4889 2948 3575 2794 4985 460 731 861 3420 2762 3401 4569 1606 1319 2058 1337 2096 4161 4642 130 1097 2163 2540 3969 3650 4244 4147 3701 2292 3756 4350 851 3792 1377 1195 4161 4782 3737 4682 2560 737 3032 515 4017 2466 4869 4781 654 2279 4124 357 4617 626 2829 4991 2373 842 2870 356 556 312 3172 4582 1165 620 3733 2001 3457 2999 1929 103 4903 1608 1336 2266 2621 4978 203 3473 159 1640 4361 4668 823 1155 1886
230 4939 366 125 750 3827 2534 2974 662 3273 2573 3367 1394 2840 970 3935 1639 411 3171 1863 775 4252 1721 2573 2133 4722 2585 3654 3084 3825 3383 1652 1025 1591 4954 4332 2845 4822 4244 1334 4603 4043 1974 3769 1881 4317 943 4902 974 152 2327 2288 2479 1918 2372 4478 1606 2997 4619 311 4667 2044 2427 3454 1709 3606 4816 684 3897 309 1752 3140 2429 610 2519 4026 4324 136 2862 781 3586 2959 1623 2904 3802 4588 4134 1674 2966 2287 537 3481 850 2976 4099 2705 26 110 3088 3183
1656 983 4319 4705 1422 1167 2784 2603 1487 3423 1622 1873 3592 3250 4479 2893 2434 3919 3081 4320 813 2739 2952 592 3846 2104 3275 2921 525 1635 908 1576 4041 3661 571 764 3840 1123 4147 4603 3707 4411 1782 2255 1475 2398 1020 1941 1703 261 310 4124 3976 2570 2398 171 144 4368 3594 3324 979 2241 4026 1272 4166 2973 2107 3899 2523 4873 4496 2833 4166 4848 486 4967 4726 1094 3988 3928 2489 2447 2926 4737 4364 1681 244 985 923 3293 811 93 4350 667 2622 2117 3313 2692 2759 3651
1763 595 3676 2259 1182 39 2182 2290 3854 3082 570 4826 3234 2747 2615 3722 4374 4143 4787 2556 3766 721 4379 3385 4124 2472 862 4957 4384 4625 2544 2102 1862 1401 3760 3000 3750 2152 3701 4043 4411 1096 1442 1564 714 4506 354 3949 3284 4546 3428 3291 95 4084 1771 398 4595 1466 3978 4467 3095 3758 3720 1977 1034 1633 1345 1078 4347 2934 1181 1480 314 2405 1804 2573 4249 921 1241 4738 4439 2956 4526 2939 1112 4035 906 2144 4150 559 185 3929 3842 2604 210 2568 4048 4587 326 115
746 2500 283 2309 2159 3092 2611 583 1084 2559 1879 2377 3042 2534 1750 2225 2459 3171 3917 4226 886 1658 2912 1139 3744 2369 2044 4354 2581 4815 3191 3356 4181 2467 4297 4568 3779 4211 2292 1974 1782 1442 2605 639 4083 2421 128 263 3538 1823 1128 2459 389 784 2386 4238 409 1337 1432 1699 4406 1601 452 2538 4895 2020 3345 3912 3538 3626 2443 4429 2261 2195 3859 366 4966 4866 245 4371 1228 3527 3077 2933 337 4845 1931 28 4051 3938 244 2942 3510 1922 3943 2126 437 3875 582 2042
2160 3848 4152 2309 2754 2735 3284 3531 3133 4317 719 3942 3330 2045 2739 4640 3300 1895 2121 1618 1376 99 731 4583 3832 3677 1034 183 1753 4018 2519 3066 2201 4737 3437 4112 3330 3866 3756 3769 2255 1564 639 199 425 260 2913 3260 3300 4991 3334 403 3517 2543 4916 227 2344 4641 2022 1719 2632 1443 828 4386 1700 406 3737 3221 1169 1330 2589 4443 2808 2808 4575 1809 4122 701 3943 548 1863 321 846 3009 315 1673 4667 2640 4173 2649 3722 2973 2402 1967 4585 3067 4023 189 652 4589
78 4774 3612 159 740 3332 2222 3811 2867 4007 4142 2741 468 4330 424 4208 239 4262 4031 4633 4372 3398 4854 2020 1204 4414 2529 3595 1091 312 1885 2908 2300 4040 3263 3015 213 746 4350 1881 1475 714 4083 425 2895 4516 4851 1583 963 2301 2081 543 2931 2081 4650 41 1198 752 4162 2224 4600 1296 3525 2806 2187 2168 4262 3672 3832 2501 4672 1039 1877 4964 4371 332 4579 1907 2176 3909 2154 1332 4111 3753 3154 2288 2104 3207 646 4310 3329 508 87 2435 2473 192 4031 548 2542 1528
937 4662 4581 4047 3731 1767 1860 2839 1232 4030 1657 2803 2656 1633 4248 1746 3500 2598 3491 1804 4154 2932 1555 4672 2641 4091 4617 1002 1514 3645 2709 2606 318 1199 888 3715 4842 4336 851 4317 2398 4506 2421 260 4516 2929 2606 1223 3313 1032 2827 534 1061 587 4358 4386 934 1899 1639 4002 65 68 4235 531 2709 2296 3746 536 779 2430 1022 1291 2779 1177 555 4471 1782 3770 1631 1872 1302 2542 239 1640 2644 4389 2509 3160 3294 968 1329 3250 3982 4624 163 4147 2702 930 1663 1598
4432 4930 3184 486 3923 58 4157 2980 4790 60 3583 2096 2617 4919 3237 1480 1504 2968 1019 216 945 654 2037 3601 4752 1538 4687 284 3929 2176 1980 1052 3798 3789 91 1013 1600 52 3792 943 1020 354 128 2913 4851 2606 1594 2893 848 1844 4796 4255 381 677 2898 2803 3313 2885 62 1457 1713 2636 4177 4676 755 4773 4459 3975 720 2779 1372 4072 1187 4011 2941 3067 377 121 4991 3805 4366 1195 718 4683 2795 4952 4237 4581 3810 2989 2547 1573 3212 4603 4727 2738 4916 2062 1581 968
2018 41 463 4752 1933 795 103 1272 4949 269 4010 2932 3159 2591 4490 1165 1586 4504 3602 1357 3310 1874 3767 2593 1689 4185 4546 352 2732 2604 276 772 3707 4799 2097 1388 1053 1145 1377 4902 1941 3949 263 3260 1583 1223 2893 474 4370 2866 1064 2403 2061 3511 3814 3008 4879 1488 1927 4199 3535 4893 1827 1572 3435 841 2864 2514 4004 802 3639 514 4322 1802 3802 3638 63 1439 1519 4162 3326 4134 3959 1711 3895 4252 3462 4718 2957 509 23 3363 3757 2605 3658 4162 4536 1300 895 4192
4102 3194 1686 4566 4935 3731 1308 1288 2038 3384 2182 3072 3590 4110 3304 2152 2715 3310 1411 4065 1553 2800 2837 3393 3957 4978 848 2938 674 1695 3878 3061 3225 2718 1413 4690 3714 1359 1195 974 1703 3284 3538 3300 963 3313 848 4370 978 1567 3056 45 1235 4986 4440 3100 4905 2764 2268 4407 1406 1650 1220 4316 681 4166 3017 227 473 3010 1163 435 3590 2943 1897 268 3430 4582 4009 3987 3106 1027 1334 1019 3032 2692 2657 3791 2258 558 541 4382 2828 2489 2250 4030 631 567 1711 3530
4642 1638 3402 2643 3918 4865 912 3677 955 4360 689 2097 3699 4837 2224 1393 3194 1685 2431 2752 4842 4069 4250 4151 2537 1369 1593 3809 296 3928 3153 2771 1320 1958 3456 3770 4669 4064 4161 152 261 4546 1823 4991 2301 1032 1844 2866 1567 3601 2334 3448 4128 4195 459 2376 4972 4016 3961 2019 1148 4195 1028 4187 2510 4417 1719 4185 575 2970 3377 1993 4076 4275 1140 647 3571 54 4761 397 2228 1565 4465 3134 2708 2295 2017 383 1026 3281 1465 3000 2291 3761 2535 3004 767 3472 4618 2156
4713 3597 1473 2385 3448 413 4692 2856 1603 2967 3509 2739 3875 4605 4796 1226 1187 4662 3686 1658 2579 2660 4595 874 518 1506 1356 2341 4221 4114 2216 4427 3792 4428 3637 2518 3385 3304 4782 2327 310 3428 1128 3334 2081 2827 4796 1064 3056 2334 1721 4301 4869 3283 976 1326 4439 1886 1759 4815 4604 4841 4277 1601 2978 748 896 1216 1742 3722 2494 2987 593 2915 4026 3431 512 79 2015 1836 2027 828 3763 355 4049 197 3792 4764 1508 4455 3230 1761 1464 4630 4196 4120 4203 1539 3978 371
1369 431 3811 4079 2934 4996 4576 492 4533 1816 1771 839 4593 3904 4371 59 1907 2714 636 633 3942 3914 3586 3405 1127 1164 2500 1476 40 4890 3656 1041 4171 2663 2513 3071 2880 307 3737 2288 4124 3291 2459 403 543 534 4255 2403 45 3448 4301 110 1418 3528 4872 1621 4155 912 4044 541 2621 308 292 3058 4485 4754 2510 4244 150 3587 1840 1150 2710 1532 4374 376 353 477 575 828 271 4851 2564 3683 4280 2324 873 4174 4329 1680 1992 3852 3158 3457 4001 973 1444 555 3380 3077
3430 3060 2577 1316 2411 1435 3388 3934 2056 2729 3962 1901 1730 1133 1376 479 4254 4350 1613 4289 2105 2453 900 471 3895 1607 737 1441 3766 1078 3553 2322 2962 4676 3682 1192 3965 2551 4682 2479 3976 95 389 3517 2931 1061 381 2061 1235 4128 4869 1418 4852 1125 3432 4406 840 3146 3281 1926 2462 1257 248 3614 2842 3179 3022 508 748 1202 3413 1844 3022 2128 4462 26 4349 2135 3298 538 1575 2481 2619 3631 1293 2008 3267 1175 986 2150 2681 1377 547 3443 3610 3946 335 4721 3292 3673
3475 2891 1798 3070 4504 776 2393 3831 4760 546 2706 1918 3787 1495 461 3193 4493 3488 4717 1321 2540 2555 2657 3952 2311 4381 2921 3600 1557 3201 555 4845 4780 808 3634 574 283 1178 2560 1918 2570 4084 784 2543 2081 587 677 3511 4986 4195 3283 3528 1125 1092 2593 3490 2335 2469 3377 788 580 709 4919 4524 2434 3503 711 3513 3031 1632 2268 2611 861 2811 1082 2078 3084 1036 85 3574 2354 2866 4785 288 2515 483 1920 3813 3152 4457 716 4017 2395 3407 592 3029 2782 2353 2123 3443
2661 4071 2731 4046 3068 310 515 4790 1135 1224 3130 685 2032 4845 2265 4144 1166 1938 774 2740 2697 3563 699 3981 2109 4765 4303 3385 2226 1915 3370 3385 3222 4412 3668 4323 2912 881 737 2372 2398 1771 2386 4916 4650 4358 2898 3814 4440 459 976 4872 3432 2593 3885 4448 478 812 561 729 82 1039 4288 595 828 117 2756 964 4723 26 2299 2717 2699 3551 4912 3703 3165 3027 3761 1528 4411 551 1002 2437 2415 1377 2549 1399 1808 3773 41 4672 2400 303 2578 3615 2637 3489 2141 3236
2275 3585 1702 1669 1062 4821 3650 2118 2934 1625 933 554 2942 3700 922 1054 779 811 379 3033 940 4578 3600 4197 350 3195 4511 3001 4404 3228 594 107 3627 3217 4097 1044 579 1999 3032 4478 171 398 4238 227 41 4386 2803 3008 3100 2376 1326 1621 4406 3490 4448 2792 2810 518 2568 4365 2861 2142 1771 1173 521 28 1726 716 3098 1366 3151 1976 2202 1802 4407 131 628 3809 3969 793 2649 3682 417 915 2557 3038 4225 597 2651 394 1736 1170 1728 2934 1102 760 515 640 279 115
3435 3334 3505 768 993 1364 4823 3971 1085 4322 1359 2854 3242 3914 3272 1916 3990 3191 1481 4434 3166 582 1186 1588 659 2246 2150 2782 539 25 2271 39 4145 2659 3581 514 4180 4808 515 1606 144 4595 409 2344 1198 934 3313 4879 4905 4972 4439 4155 840 2335 478 2810 539 3478 2722 3390 3956 952 1588 3235 1009 4236 4415 3115 2252 3869 1988 1909 3079 3230 4629 1131 1890 4186 252 2969 4890 2773 4883 3875 1528 2142 2899 3636 3024 4711 3422 3254 2504 4061 4443 4052 3344 4047 3609 776
4141 1846 3956 269 1055 1253 2930 1076 3431 4049 4655 3433 2365 2539 2772 4776 717 2719 738 1406 1365 2013 3607 4927 2250 1488 3860 616 2507 4255 1635 348 2147 2873 3013 94 1342 66 4017 2997 4368 1466 1337 4641 752 1899 2885 1488 2764 4016 1886 912 3146 2469 812 518 3478 4339 662 510 348 2889 866 67 4587 2685 2616 2919 4016 556 1805 4404 1834 2953 3546 3734 2579 1641 3647 3029 2942 1224 450 3500 679 3094 137 4574 785 4323 1711 1812 258 2588 1038 2278 3147 1240 4802 3134
3070 3430 1696 376 3885 2704 1180 1720 4373 4044 2577 1900 4721 2351 503 1963 1114 2719 2621 2448 2882 2444 3925 1538 1782 3347 2384 576 2034 1405 2318 1035 2579 1401 166 648 1965 650 2466 4619 3594 3978 1432 2022 4162 1639 62 1927 2268 3961 1759 4044 3281 3377 561 2568 2722 662 2672 1944 3313 2162 2918 3030 4694 782 678 368 234 886 4132 1073 2336 1148 3307 2438 977 2546 4428 89 2658 567 1828 1170 4859 1683 1057 3054 2123 1293 1321 1221 3481 2833 890 795 4804 2324 1894 3649
2957 902 4679 3446 333 4254 270 566 1202 2229 4440 3683 729 1402 2606 183 813 461 4691 1533 479 4496 244 3699 3115 4043 494 4171 1019 2562 499 1732 561 2946 1108 788 2970 2414 4869 311 3324 4467 1699 1719 2224 4002 1457 4199 4407 2019 4815 541 1926 788 729 4365 3390 510 1944 3679 1713 448 1697 4810 4275 1932 744 3726 891 1628 4027 4711 11 1664 467 971 4007 1005 534 2126 1055 3818 2342 2290 3115 4951 3927 3323 1232 1420 3079 2452 2207 4724 4437 4903 1389 3899 1859 367
1302 121 781 4060 120 3855 3134 4197 4979 4453 3017 4332 1319 2801 4373 3670 2370 1668 4653 1703 3075 2453 1919 2373 988 523 816 672 2033 722 1984 2652 996 3422 4392 3657 3199 3280 4781 4667 979 3095 4406 2632 4600 65 1713 3535 1406 1148 4604 2621 2462 580 82 2861 3956 348 3313 1713 102 1161 1813 3974 4887 1885 2217 4410 1628 3716 2265 1837 1914 4746 4256 4484 4647 3743 3141 1299 151 2484 711 4365 932 2805 1756 3483 749 3566 4508 1040 654 4791 3258 1295 1684 669 3565 3263
3925 983 1577 11 3406 244 475 2521 191 3510 1164 599 4592 4935 2374 199 4271 695 2504 2908 2484 2241 3568 2159 3340 3762 2665 1456 1379 4044 2048 239 524 2603 3947 4769 3909 575 654 2044 2241 3758 1601 1443 1296 68 2636 4893 1650 4195 4841 308 1257 709 1039 2142 952 2889 2162 448 1161 2075 215 1076 24 4380 3402 1692 1328 889 32 31 3320 3805 1547 2555 2913 3665 2221 1219 2243 2426 4089 4615 862 2275 3862 1409 2731 2725 2442 168 3713 4100 854 2939 4498 4349 3089 3463
2528 3521 2256 1185 3943 4621 3421 4672 4612 4780 1667 3089 4677 4167 1627 2368 3977 3830 3952 1543 2561 1009 2926 390 2241 1021 892 1411 892 3128 1182 378 1344 2267 3829 2521 4308 1627 2279 2427 4026 3720 452 828 3525 4235 4177 1827 1220 1028 4277 292 248 4919 4288 1771 1588 866 2918 1697 1813 215 294 3356 4031 3068 4555 2230 833 2144 4876 4756 4370 501 356 4314 880 2028 1935 3563 1077 1029 626 4590 1423 1845 4342 3118 4731 236 1210 4914 2552 4320 2787 4065 2579 3339 696 127
4195 2415 3776 1557 3865 4574 3554 4612 3566 3812 2642 2834 43 3679 4248 2307 2134 3773 609 872 3334 4893 4399 2075 4391 1932 230 1390 2259 3329 623 3686 3948 2139 1984 2972 3968 744 4124 3454 1272 1977 2538 4386 2806 531 4676 1572 4316 4187 1601 3058 3614 4524 595 1173 3235 67 3030 4810 3974 1076 3356 3869 2801 3803 3623 2769 3308 110 1089 1040 4407 400 4476 4154 4864 3510 444 2711 2362 2999 2763 1784 4739 2458 3842 4314 2458 1932 4682 3638 4439 3146 2553 1717 1315 3886 3966 1463
227 4410 1501 1100 880 1720 4084 2819 4773 41 2929 850 3616 3173 1433 3063 1214 2054 1077 563 2011 1147 559 3169 2635 665 1226 2024 2390 1275 2427 3372 3299 1936 842 259 3392 4607 357 1709 4166 1034 4895 1700 2187 2709 755 3435 681 2510 2978 4485 2842 2434 828 521 1009 4587 4694 4275 4887 24 4031 2801 785 193 4250 1364 2724 1765 203 4618 3443 4974 46 3907 1592 3454 2133 3809 1898 3321 4888 4047 2559 769 486 3928 4479 2454 1097 3479 4722 1292 3847 110 4354 4331 3445 1584
915 3576 1957 498 259 3291 1521 943 3202 1540 4785 2321 141 4305 1950 4197 946 3198 4574 2809 86 3904 1700 1781 2473 3365 4945 1960 3329 4213 548 4929 3034 2650 2150 11 3023 184 4617 3606 2973 1633 2020 406 2168 2296 4773 841 4166 4417 748 4754 3179 3503 117 28 4236 2685 782 1932 1885 4380 3068 3803 193 3797 1662 2440 4279 1620 3520 179 2162 1482 389 1381 4661 1422 3465 2692 3186 2033 1778 774 65 2431 3547 2711 2412 2563 249 3467 2127 2594 3884 1539 2363 2373 2619 1999
623 4581 3607 568 4570 3303 778 638 3672 2299 3474 2226 4843 3909 2184 1731 3307 1755 3097 940 1932 1432 1814 343 1028 4149 839 788 1651 4847 2266 682 3869 45 2377 968 3116 1254 626 4816 2107 1345 3345 3737 4262 3746 4459 2864 3017 1719 896 2510 3022 711 2756 1726 4415 2616 678 744 2217 3402 4555 3623 4250 1662 3613 2669 1167 66 1473 1018 2461 3812 584 2341 3071 3231 1884 3173 959 4273 3882 2104 3052 219 613 1747 635 3475 317 1819 3207 3419 1390 954 3906 2532 74 157
4897 2808 3467 1460 1419 3577 101 4985 3107 4833 3989 4944 3838 2589 282 3229 283 1090 4638 4344 4617 4491 202 460 179 3570 4871 3759 1118 4590 3860 2869 3607 4023 603 2331 2972 4184 2829 684 3899 1078 3912 3221 3672 536 3975 2514 227 4185 1216 4244 508 3513 964 716 3115 2919 368 3726 4410 1692 2230 2769 1364 2440 2669 4004 1986 3134 2416 1404 2404 323 4666 2023 3940 2120 2836 442 4243 2055 1317 3490 791 1372 733 2646 4102 4207 603 4565 1275 120 2936 1140 4091 3170 4850 27
2777 3817 1918 3493 3270 2183 3082 46 4634 255 508 2100 1542 3962 1956 4084 1111 210 344 228 4343 2229 3099 3735 750 18 797 1854 4955 3272 49 170 2726 2973 1679 662 440 913 4991 3897 2523 4347 3538 1169 3832 779 720 4004 473 575 1742 150 748 3031 4723 3098 2252 4016 234 891 1628 1328 833 3308 2724 4279 1167 1986 4291 1424 4103 808 4758 3018 4637 3884 3278 3080 1707 4089 2378 3533 2357 3172 2190 709 1929 4460 4364 2415 1591 1360 1616 3687 4017 4844 2400 3658 4339 1631
2289 4427 2029 1002 2109 720 867 525 3000 4231 4868 2056 2260 1446 1386 653 2179 3877 3954 4351 811 4659 2484 2472 3547 4695 1766 514 3105 4173 2387 1867 449 1335 3024 1538 1992 1663 2373 309 4873 2934 3626 1330 2501 2430 2779 802 3010 2970 3722 3587 1202 1632 26 1366 3869 556 886 1628 3716 889 2144 110 1765 1620 66 3134 1424 2747 3571 4364 465 4064 1228 976 2717 3224 1275 1714 2470 3789 3416 4222 1301 83 3236 2204 3084 1469 4838 4100 1469 1092 4284 4143 4043 2823 1014 1017
3586 3568 2868 154 419 1691 3177 1826 3273 1172 2554 3479 1560 99 2753 2262 153 449 4942 4408 3726 980 110 1045 2198 1978 1633 1992 3590 1617 1115 776 2933 4060 799 4043 3576 3023 842 1752 4496 1181 2443 2589 4672 1022 1372 3639 1163 3377 2494 1840 3413 2268 2299 3151 1988 1805 4132 4027 2265 32 4876 1089 203 3520 1473 2416 4103 3571 2771 148 843 4653 539 1787 3383 4545 2449 3262 1733 3902 263 3622 1913 3358 1783 4905 4509 760 1392 1540 2872 2162 1464 763 1660 2434 3231 418
139 2429 710 3994 913 972 3033 1330 2380 4005 4034 771 1697 3848 1277 3389 1983 590 4320 394 1103 3087 1618 681 1472 1454 1055 2617 3288 1505 70 4729 2530 2306 847 3799 3753 1601 2870 3140 2833 1480 4429 4443 1039 1291 4072 514 435 1993 2987 1150 1844 2611 2717 1976 1909 4404 1073 4711 1837 31 4756 1040 4618 179 1018 1404 808 4364 148 4021 4715 4414 4400 1842 1326 3032 3538 3931 1614 3684 4340 261 638 3122 1058 4443 550 2097 4575 2382 1897 4319 3008 4888 4254 2730 1040 4926
3164 4381 4060 1696 1899 323 4295 2883 877 3027 3555 2672 3687 1639 1228 4030 4959 4128 772 1298 2121 4944 3049 983 235 1656 235 4655 3692 1837 1642 2350 1101 453 1666 3862 2326 2527 356 2429 4166 314 2261 2808 1877 2779 1187 4322 3590 4076 593 2710 3022 861 2699 2202 3079 1834 2336 11 1914 3320 4370 4407 3443 2162 2461 2404 4758 465 843 4715 242 1816 520 363 421 4319 795 2375 2729 1849 2328 2686 4065 2852 4606 4275 391 2273 4699 1253 349 2369 2114 4006 675 3267 1822 4335
1206 1783 4058 589 1465 2179 4941 2271 4723 1248 3533 1579 1797 952 4416 1818 3256 3283 1319 2929 118 289 4861 4680 3237 3570 1111 175 458 2999 937 2945 1840 11 1093 1411 2705 3950 556 610 4848 2405 2195 2808 4964 1177 4011 1802 2943 4275 2915 1532 2128 2811 3551 1802 3230 2953 1148 1664 4746 3805 501 400 4974 1482 3812 323 3018 4064 4653 4414 1816 337 4890 970 1367 1145 2678 3819 3567 974 1501 3062 3256 3632 1792 2075 3904 70 433 4056 2449 3223 2249 4142 3825 3204 1303 2510
376 1944 2182 1554 523 1232 3508 4475 1339 3207 1751 4367 2972 3698 3830 970 2170 996 402 2784 3772 1762 2929 2077 4396 565 33 1730 1822 2780 3983 4040 2686 4430 925 3516 3038 2758 312 2519 486 1804 3859 4575 4371 555 2941 3802 1897 1140 4026 4374 4462 1082 4912 4407 4629 3546 3307 467 4256 1547 356 4476 46 389 584 4666 4637 1228 539 4400 520 4890 2011 142 2901 2525 318 4126 1666 21 1424 1628 350 2314 2385 1887 950 4472 4807 1046 4879 359 3659 11 3990 4431 2098 3272
76 1908 3165 2637 547 2220 2108 3529 1155 4573 4176 1310 3735 2497 1176 3482 4644 688 4501 2961 794 2595 2189 1648 4607 826 3752 643 930 382 2583 3959 982 1394 2108 423 147 3377 3172 4026 4967 2573 366 1809 332 4471 3067 3638 268 647 3431 376 26 2078 3703 131 1131 3734 2438 971 4484 2555 4314 4154 3907 1381 2341 2023 3884 976 1787 1842 363 970 142 2991 3900 2214 2055 4998 4148 2121 2535 3188 3517 226 4858 47 3024 3880 1085 1679 4132 3430 3808 3873 3816 1655 3256 1905
797 4851 246 2924 2811 3895 4341 4271 4272 377 3271 750 982 4219 4350 818 4914 2528 1628 2607 2755 3186 3200 3970 4099 1811 363 336 78 3533 4756 4290 1640 1127 4038 2072 2247 3541 4582 4324 4726 4249 4966 4122 4579 1782 377 63 3430 3571 512 353 4349 3084 3165 628 1890 2579 977 4007 4647 2913 880 4864 1592 4661 3071 3940 3278 2717 3383 1326 421 1367 2901 3900 1582 1655 1442 1916 438 1579 3533 1181 2257 1621 4999 1700 3717 328 3171 4660 2911 4385 646 3249 2701 1871 2619 2165
4252 3419 3341 4903 4979 1742 3200 3452 1028 2765 1024 2116 3622 4082 4150 130 4033 2042 2670 938 751 4185 427 1806 1988 2306 3916 3352 2908 3718 37 588 4906 4573 4961 647 2223 3091 1165 136 1094 921 4866 701 1907 3770 121 1439 4582 54 79 477 2135 1036 3027 3809 4186 1641 2546 1005 3743 3665 2028 3510 3454 1422 3231 2120 3080 3224 4545 3032 4319 1145 2525 2214 1655 2454 600 2448 4851 4875 4046 2850 191 3687 144 4037 2587 1708 230 4392 935 2588 2891 2454 3314 854 3643 3442
2339 4346 1131 1023 1623 1264 2649 2360 3942 3331 1178 799 4166 1877 2091 4125 188 1368 3009 1056 243 4213 1726 4087 2828 1457 1374 3559 592 1847 3059 192 3017 4058 3813 4370 3586 3549 620 2862 3988 1241 245 3943 2176 1631 4991 1519 4009 4761 2015 575 3298 85 3761 3969 252 3647 4428 534 3141 2221 1935 444 2133 3465 1884 2836 1707 1275 2449 3538 795 2678 318 2055 1442 600 4518 2412 1651 457 4854 2571 1812 417 4008 948 2577 444 4285 3948 2525 4666 1369 4328 866 2695 716 562
4730 542 3608 3775 1106 919 2123 3654 1992 2804 4412 2982 1775 3461 1163 1321 233 4642 101 721 1119 1226 3038 695 2034 563 2275 1678 2841 4863 883 1971 168 4146 3825 81 3194 3782 3733 781 3928 4738 4371 548 3909 1872 3805 4162 3987 397 1836 828 538 3574 1528 793 2969 3029 89 2126 1299 1219 3563 2711 3809 2692 3173 442 4089 1714 3262 3931 2375 3819 4126 4998 1916 2448 2412 139 2294 2096 4992 4307 1039 1467 3500 2828 1212 4442 1339 2974 2231 11 1646 821 677 2123 734 3873
4722 3733 1325 3665 23 1298 555 4097 4144 2833 4667 1907 1197 440 4750 3072 4796 3002 2399 4400 1702 3359 4065 3015 4589 4801 2823 481 431 2239 4016 4264 4829 3195 950 1475 1909 2133 2001 3586 2489 4439 1228 1863 2154 1302 4366 3326 3106 2228 2027 271 1575 2354 4411 2649 4890 2942 2658 1055 151 2243 1077 2362 1898 3186 959 4243 2378 2470 1733 1614 2729 3567 1666 4148 438 4851 1651 2294 1243 3635 4324 3253 3782 3667 4870 4956 3111 4883 3539 3587 3502 4358 2882 538 1768 1833 2558 3803
483 2450 2499 2841 926 857 3565 2363 3503 4889 2516 913 3458 754 2853 2069 3909 4952 4407 3843 2614 2051 2924 649 4696 3661 4406 3660 820 2067 4859 3963 2045 2400 2630 2806 826 3852 3457 2959 2447 2956 3527 321 1332 2542 1195 4134 1027 1565 828 4851 2481 2866 551 3682 2773 1224 567 3818 2484 2426 1029 2999 3321 2033 4273 2055 3533 3789 3902 3684 1849 974 21 2121 1579 4875 457 2096 3635 3055 1363 4856 149 2406 4731 180 2918 1655 3663 3140 2667 4622 2094 558 1329 3962 2006 4885
