N: 100
M: 20
Symmetric: true
Triangle: false
10 64 100 25 84 42 89 75 59 49 53
3 57 76 60
6 94 30 81 15 48 72
7 80 74 40 31 71 13 2
4 3 93 35 95
7 55 73 86 17 38 46 50
3 43 91 69
5 56 21 33 66 98
8 24 8 79 11 65 82 70 10
3 26 12 6
5 16 88 58 9 36
2 51 18
4 92 96 97 83
4 61 52 47 32
4 1 68 62 4
5 99 90 54 22 14
5 67 39 44 29 78
4 19 34 23 7
6 37 20 77 45 63 85
5 27 87 28 41 5
4134 2109 4596 1617 4079 85 4995 369 606 4021 4873 1643 1661 1650 2059 1247 4804 2679 971 2743 4265 1881 1303 4946 117 4098 4825 4588 2298 2460 3065 3573 3342 1789 2041 2640 830 4439 3968 912 3308 3608 2405 4841 1761 2644 563 4626 1503 4016 2549 856 4935 3058 4759 4236 1928 1062 239 4230 3014 4644 1784 1449 1161 1732 3320 1980 1846 236 1728 1353 86 2191 1173 310 4886 3367 1944 846 3629 3454 2844 2386 2757 1634 3885 3586 1471 2929 4826 1315 3123 14 3066 2677 2219 3006 4804 4818
2109 2106 4901 1684 3062 4807 975 2589 2988 3105 3227 1861 1978 4372 1768 1512 959 2756 4893 128 390 2611 3129 2113 1652 3805 1542 2244 70 3725 4750 2085 1248 2940 1638 100 50 3139 3514 4575 3601 61 2577 1883 3914 2226 3462 3607 3980 851 3383 3609 4152 1429 2104 4550 838 3471 820 2483 4791 4687 4968 3538 435 4211 1252 3376 4507 1406 2276 2948 839 1973 3439 4513 3528 278 398 682 2100 4529 1023 2067 4781 162 1508 289 1350 519 4274 3756 4011 2159 4533 3225 1508 4631 2241 1411
4596 4901 20 3636 1770 4802 1664 1805 3217 4865 3822 2121 1800 2655 577 3906 2111 2617 4581 3652 2928 3484 3867 4211 679 4531 4154 1978 4625 4818 1384 2950 3490 3059 767 4497 2170 3738 4046 2770 912 4815 606 2958 2480 2824 4706 2215 4723 3594 3581 566 4927 2546 2028 672 1962 307 1562 3870 4274 490 55 4323 2579 2650 3500 1139 4222 2573 154 3658 2480 3359 367 3141 4090 4343 3005 287 4010 4266 3608 4798 2576 1309 28 259 2357 3214 4320 3441 3270 2962 4802 685 2008 1135 2165 2666
1617 1684 3636 3071 2905 3070 2003 4275 4120 3951 4358 2782 3922 2096 2469 375 3074 3908 3852 651 4215 2572 1535 72 3392 3421 4742 983 4754 2403 190 3740 838 2093 3786 425 3213 2019 2006 2302 2455 3907 2307 517 368 1810 1643 1074 1275 4166 4522 1216 2513 3723 4240 1549 3039 3873 233 2565 2153 719 570 2474 1856 1474 1046 4328 3334 1324 47 1670 2626 35 664 4872 3819 4123 134 4079 1871 4540 677 1953 4721 1394 159 3058 118 3124 2973 1368 4746 4646 911 1256 2937 135 1921 4370
4079 3062 1770 2905 25 3505 3684 305 4787 1899 2028 2447 2907 3305 3524 4542 487 1078 3610 2290 781 1149 4034 2525 4284 1707 3048 4782 1330 4633 1572 3586 1788 2723 1729 4055 2246 2995 4877 2115 3376 2191 3341 1209 1242 537 2685 858 2027 4355 414 4736 3468 1328 480 1201 988 1490 3805 3759 3802 1940 3813 2714 3263 1509 2095 4059 959 436 1594 1308 3289 1085 2123 1607 2552 2936 4504 4849 213 879 461 413 4648 3555 1609 1563 953 4849 4126 2339 4555 1113 51 1477 252 3034 4181 2964
85 4807 4802 3070 3505 3000 544 1770 4121 1615 2722 4366 2478 768 1683 3103 468 1787 3811 2895 2215 3869 1325 1981 3015 4995 4265 302 31 662 1350 986 4090 51 3725 3848 3785 3071 3251 2743 153 362 1608 647 1197 3315 504 2868 4851 1647 4704 1797 2029 412 493 1399 3110 3708 2584 1881 3878 2431 3643 519 4496 4949 3911 2153 1776 2900 1876 4337 458 4851 3654 1726 4815 2888 1894 2798 4966 3406 1145 4170 4087 4232 4476 4444 3031 4777 90 2251 4689 3622 3825 137 4961 3782 3398 3037
4995 975 1664 2003 3684 544 4673 434 1899 3746 2940 591 4081 2137 1029 3092 709 843 2422 1558 4251 2204 229 943 1123 233 854 4069 1719 1351 3489 2399 2597 4953 2135 2301 2954 1130 874 3385 2436 4489 764 3362 1167 2053 2904 1379 2986 1050 4383 4045 1548 1365 3595 2345 3173 411 2967 1127 2325 116 3053 3874 2472 4951 710 2880 2472 2378 3272 2710 1600 3291 4619 2099 2622 2349 352 4210 2720 4907 1044 71 382 4895 2923 3805 3473 1798 2163 4258 4342 4778 2507 1880 4737 4645 362 623
369 2589 1805 4275 305 1770 434 703 1687 1233 2999 304 1048 3180 45 3515 1584 231 20 1000 3959 2697 2551 1735 1460 4610 4540 4028 296 4493 2736 4169 1223 3338 222 3821 1569 2127 1291 4586 1837 3577 3177 3936 3363 4048 35 145 2322 2962 1830 4964 4233 1240 3598 1573 4295 2766 2127 540 1219 832 2992 2599 327 3425 237 496 3710 292 2210 3239 1854 4483 1904 345 763 1568 2475 929 2307 4515 2867 3242 3339 1743 1096 883 2622 3117 2400 1113 3674 2729 3790 4154 837 2317 3612 2268
606 2988 3217 4120 4787 4121 1899 1687 1019 151 1544 3655 4394 1235 1900 4677 4688 1291 4047 1957 2098 3321 2712 2115 3741 2508 3473 791 3087 2028 852 2193 4954 3034 3332 2495 2288 4434 4557 4372 389 3074 4353 1316 1543 4224 2296 974 4460 4091 133 621 4059 4532 137 3424 1430 1929 1724 4524 827 416 4295 3429 324 2154 1376 4551 3787 2811 2327 175 416 1003 1885 4505 4638 957 790 4722 2016 900 456 4646 4365 3147 2908 1368 2241 2920 119 2026 147 4962 2085 133 3620 3248 4762 4571
4021 3105 4865 3951 1899 1615 3746 1233 151 4884 107 734 1499 2352 1519 2510 3880 2605 437 3513 4417 1826 4022 2231 1690 580 3812 4131 2591 1093 571 4277 4112 2653 3643 2834 4865 1790 2250 475 1048 590 4649 1308 4354 1938 4292 1945 4196 2977 2225 3935 2912 3830 2117 1754 389 446 4658 2938 2648 437 2900 4964 310 1468 4472 2632 712 1890 3080 1930 2897 2672 2045 223 3208 3833 4770 4004 3266 476 3059 145 1894 1515 2347 46 1294 2717 2279 478 1497 3022 1198 4898 886 4793 2217 1555
4873 3227 3822 4358 2028 2722 2940 2999 1544 107 4886 3431 1801 2224 4467 145 996 60 4782 1891 4620 1551 2081 2939 1020 4294 3948 643 4256 4786 2452 3151 893 2590 3526 3292 3787 1856 4240 1679 4573 1301 37 1956 319 4523 2747 30 1432 4450 3204 4786 3264 3468 3272 2094 537 3116 3376 4974 2633 45 4437 3009 3636 2058 4826 4664 4439 3163 3066 3332 948 3926 533 4709 3807 4441 1252 190 792 4907 4882 2551 145 1035 4218 2137 1152 3267 3862 4111 735 3253 2932 698 1479 2534 1541 4806
1643 1861 2121 2782 2447 4366 591 304 3655 734 3431 2459 558 4292 1402 853 4537 1216 3628 1788 2931 2263 4340 4368 1468 442 2748 3826 4727 4403 728 211 2310 918 1022 3314 145 2756 2535 4322 2644 1300 2117 2191 2056 1519 3256 471 2488 907 4221 2034 3803 3598 3316 3319 4439 2774 2468 3095 311 3853 2357 3458 3371 343 550 255 3867 500 1310 3646 1230 4056 581 112 3838 4111 166 3592 942 2486 3778 4151 881 508 980 451 2663 4312 1077 2485 3838 4837 2903 4905 1494 3737 3618 185
1661 1978 1800 3922 2907 2478 4081 1048 4394 1499 1801 558 886 3330 3363 1828 1260 4677 3779 203 3024 300 3081 528 4812 1138 3195 1768 845 4377 2293 3847 4566 330 2244 4047 3680 1597 3374 2159 4231 2966 1707 4160 1632 2294 3898 1088 1672 1726 817 2852 2993 1088 4071 4059 3084 4037 162 3340 4288 2979 260 1757 2732 2684 525 2117 2337 3348 2903 2872 322 2715 923 3553 1101 4792 3959 1428 89 1245 1411 1874 1287 2332 2135 4028 721 103 3881 3227 3791 2595 1074 988 258 835 33 3852
1650 4372 2655 2096 3305 768 2137 3180 1235 2352 2224 4292 3330 164 3624 3522 2288 2284 4995 3759 1423 4604 1559 4753 3293 338 4947 3549 1338 4036 4139 2948 933 3300 2947 3112 1237 3901 1555 183 1088 1335 4961 2744 1913 3241 3501 1528 279 4839 4055 2208 1310 1412 2820 3822 4761 1492 951 4126 4793 1519 1459 4022 251 2443 187 950 691 601 2278 1980 2662 2270 3297 1507 2729 1626 1050 2334 516 3422 3664 790 2487 4345 3985 2970 1201 3443 760 793 2683 3222 3990 2232 530 3842 2893 3971
2059 1768 577 2469 3524 1683 1029 45 1900 1519 4467 1402 3363 3624 4511 3224 428 1875 451 4843 2244 4649 3676 3735 4072 4334 4444 4012 469 2226 4481 1027 979 399 1212 4630 218 4137 3909 3000 2040 4509 19 3911 1845 4920 2667 90 1714 433 1758 1644 625 1245 1508 1609 3690 1598 632 2924 3532 1273 1781 689 662 2482 98 4487 4550 4576 4670 3381 1885 4413 2195 3975 2207 4225 2298 1525 1138 4947 3445 3279 2203 2382 1748 3911 2271 2921 3851 4820 2874 1269 2039 3141 4208 4785 4728 2122
1247 1512 3906 375 4542 3103 3092 3515 4677 2510 145 853 1828 3522 3224 1236 4044 3102 4490 2059 1478 3628 3782 4736 4616 1262 1347 1334 313 3143 795 1014 4160 861 4351 1397 654 98 63 4495 4771 456 1648 158 1249 2694 3630 2162 2007 1776 920 773 4998 1135 2599 74 3551 2759 1099 3574 3242 3862 2975 2724 1130 2640 1839 691 2962 4723 3301 2066 2366 1513 3717 163 2408 2899 269 1931 358 4668 4428 1186 1261 2528 4544 623 2846 1593 1120 861 4306 1925 2043 760 2733 4479 4959 320
4804 959 2111 3074 487 468 709 1584 4688 3880 996 4537 1260 2288 428 4044 1061 2738 3771 3916 4217 4473 3619 1444 185 2363 124 4907 1718 500 3880 4531 283 3487 1681 53 1768 282 792 983 4705 207 4068 2911 4409 2889 451 2701 1572 2244 551 440 1600 4288 3135 256 1266 466 2791 3693 2709 104 3480 2618 685 4093 4919 2086 2666 2207 65 2697 2181 1266 1425 4915 913 4493 3262 3362 4321 1187 2906 1329 901 1547 226 4588 4219 805 1918 3345 1252 115 4561 4024 1831 2894 4462 3222
2679 2756 2617 3908 1078 1787 843 231 1291 2605 60 1216 4677 2284 1875 3102 2738 2736 3788 203 2787 924 3119 188 2508 2191 4610 3750 4281 4066 93 172 4535 4451 1600 1801 594 4428 3686 3450 2049 3179 1776 2767 4977 969 3435 462 958 1768 1154 1611 1603 4000 2210 4844 4799 2503 1387 4580 796 3477 2097 3275 2030 843 762 123 1314 3236 3628 2634 1086 452 3890 3820 2715 2922 909 4988 619 908 2234 2026 1439 4148 1661 398 2046 830 1246 916 573 3603 3418 1262 4323 4966 2441 4544
971 4893 4581 3852 3610 3811 2422 20 4047 437 4782 3628 3779 4995 451 4490 3771 3788 2523 2473 3165 3917 1995 2203 2301 62 403 2945 2063 2259 3186 1241 86 2066 4598 788 3798 3265 269 633 4381 3040 3090 3991 1348 1601 1746 2212 2098 4293 4714 3950 1005 1518 2775 939 3749 4235 2095 3123 1587 760 1993 780 2058 2238 313 3000 4612 1416 214 3565 2775 2077 3933 4909 4332 2607 4138 1997 102 4891 2426 1209 2232 3124 2706 1629 1665 77 1472 1200 1406 1340 3158 4088 1076 3148 4601 942
2743 128 3652 651 2290 2895 1558 1000 1957 3513 1891 1788 203 3759 4843 2059 3916 203 2473 1669 3709 2673 4240 4056 2155 1929 3814 3900 4682 932 2545 918 1174 1932 3970 4251 2516 3074 4530 2482 2467 3862 2920 1867 231 564 1143 3198 373 3918 1393 3703 3171 3245 743 1928 4570 4513 1692 4328 4070 4779 48 3960 1611 172 733 1927 474 857 4415 1699 2685 4399 2332 394 1140 2482 3032 1807 4018 979 1872 965 2596 766 4360 1871 2263 2473 577 2637 2196 90 3697 3086 1859 3991 2311 1700
4265 390 2928 4215 781 2215 4251 3959 2098 4417 4620 2931 3024 1423 2244 1478 4217 2787 3165 3709 1881 1978 2521 2628 1302 2713 1629 4997 3930 843 3538 3762 4752 3752 1960 530 1031 517 998 2348 720 3455 4824 1259 503 242 2963 1026 3097 2587 729 4332 3974 4002 1467 2846 2886 1986 3411 1845 3442 1463 4317 1674 937 3056 879 3593 125 1831 546 4385 1061 718 4316 3153 2710 95 4678 1915 3691 4447 2228 2686 4876 2821 1018 4962 1527 3240 1127 4281 2125 2227 1571 886 3006 3217 825 2495
1881 2611 3484 2572 1149 3869 2204 2697 3321 1826 1551 2263 300 4604 4649 3628 4473 924 3917 2673 1978 2742 795 3756 2915 4752 1088 2057 1047 2740 3861 1472 3942 2879 24 3032 484 3266 4429 3348 2878 1681 2223 907 3464 4592 3455 4595 2992 4646 2774 994 1375 1948 1647 2091 1802 2625 4688 1088 2460 1330 2865 1366 896 2064 2885 4885 266 1426 4621 3545 2031 3149 3074 2916 2352 3815 1401 754 3274 3732 3296 4582 1281 2492 65 3604 2597 1845 2098 4241 4031 618 2612 4874 2183 2492 216 1342
1303 3129 3867 1535 4034 1325 229 2551 2712 4022 2081 4340 3081 1559 3676 3782 3619 3119 1995 4240 2521 795 1840 3658 2769 1906 4412 101 4805 4169 2758 3416 2496 219 2594 88 718 2434 3643 3826 1593 248 2108 3939 4506 3689 4279 835 3264 3482 4512 3881 2342 3344 4071 298 569 2967 4492 4464 2560 557 3958 1120 2679 4797 3904 3838 679 702 4844 4733 3379 1634 2827 349 3890 812 4599 2794 1847 788 4902 4015 633 2228 4560 3962 618 3915 675 229 2237 1597 2969 264 1296 4051 932 1761
4946 2113 4211 72 2525 1981 943 1735 2115 2231 2939 4368 528 4753 3735 4736 1444 188 2203 4056 2628 3756 3658 2876 3424 3917 4558 3036 3426 4179 3631 536 3506 4344 4411 4117 3833 2145 2736 1629 26 531 2947 1576 2011 3926 4532 4253 14 1047 3569 2735 4139 4163 3656 4842 3080 2150 2819 636 2558 4491 4894 2882 1871 3548 1183 510 2721 913 2917 1440 1072 693 1277 2238 1933 3952 2430 4248 1151 3934 2075 711 2666 1966 3895 736 827 3409 2990 456 4896 3208 4367 1840 4035 1615 647 4900
117 1652 679 3392 4284 3015 1123 1460 3741 1690 1020 1468 4812 3293 4072 4616 185 2508 2301 2155 1302 2915 2769 3424 4067 4972 997 1001 1360 1010 432 4334 2017 1863 2794 4971 1144 939 2104 2516 4019 1220 2042 2313 2245 2112 3053 2847 4107 1941 284 3698 3784 3639 952 1090 2404 423 1468 2391 3321 709 3466 862 1306 4026 907 1468 4830 574 3263 821 1004 2449 1687 1776 267 949 2939 77 3752 4060 1073 1621 3361 2225 4694 2859 4934 4719 1197 2347 1419 4981 4218 2526 1330 252 401 4621
4098 3805 4531 3421 1707 4995 233 4610 2508 580 4294 442 1138 338 4334 1262 2363 2191 62 1929 2713 4752 1906 3917 4972 3768 4093 4679 2496 3275 82 4477 3082 296 1516 568 643 523 801 2970 462 702 3793 1869 3629 609 3457 1270 3228 4844 4258 3420 4256 3593 726 1704 2133 3807 1814 4739 4667 1256 508 4768 1777 2528 3763 1302 459 3309 1751 2685 132 4172 3268 2556 2968 1576 4550 1204 2611 2077 236 188 799 4927 97 1048 664 3278 913 2505 3808 2571 269 4108 3789 2908 1030 1682
4825 1542 4154 4742 3048 4265 854 4540 3473 3812 3948 2748 3195 4947 4444 1347 124 4610 403 3814 1629 1088 4412 4558 997 4093 3771 3596 2148 4488 3518 1801 886 2471 331 3356 813 2670 3765 1233 395 764 3768 996 3662 3328 4279 502 2895 4914 1188 568 3623 4039 2513 1104 4679 2240 1723 2253 190 1903 1507 1777 799 1524 2021 1524 4593 4348 2721 82 2324 1258 2454 516 1177 1382 1461 4726 4558 1298 851 1471 4731 1401 3156 1896 2126 4722 3884 1295 2720 1444 1969 4526 4739 3497 1117 2840
4588 2244 1978 983 4782 302 4069 4028 791 4131 643 3826 1768 3549 4012 1334 4907 3750 2945 3900 4997 2057 101 3036 1001 4679 3596 2224 4754 1416 723 4792 3910 2019 1440 2807 950 4571 2851 1979 2466 750 2386 1492 2065 4492 2571 2147 3629 3714 1227 1948 4039 747 2039 377 1534 3353 3092 901 4154 4474 3006 3805 4280 2453 4022 1755 3223 182 1827 2946 1637 4822 525 1773 3126 2493 3997 3321 3585 3133 3371 3846 3093 2989 4855 3840 4441 2149 3344 698 2743 3218 2321 2130 3754 2095 4127 4317
2298 70 4625 4754 1330 31 1719 296 3087 2591 4256 4727 845 1338 469 313 1718 4281 2063 4682 3930 1047 4805 3426 1360 2496 2148 4754 4930 3262 3912 2800 4251 2561 3887 3914 3353 243 3987 4759 510 1825 3181 3071 1619 2779 2058 2342 3738 44 1628 4651 2864 4114 4364 2498 1655 2565 1102 4740 845 4284 4125 2373 3297 1456 2308 1962 3025 1285 4835 1221 2914 2452 3861 1946 3762 4521 1023 4951 61 4992 206 768 4721 976 1009 283 1268 613 4911 179 1235 1733 182 3086 644 453 2058 3716
2460 3725 4818 2403 4633 662 1351 4493 2028 1093 4786 4403 4377 4036 2226 3143 500 4066 2259 932 843 2740 4169 4179 1010 3275 4488 1416 3262 4501 1695 2174 160 1633 3482 476 2906 4775 4219 2595 111 2699 2793 101 1963 1779 3168 2447 4019 1528 2795 1329 820 829 2024 2118 1006 898 4783 1174 4527 273 3190 3801 3320 4582 175 603 4924 1814 1678 2345 3123 2163 3557 873 3304 2451 3508 4244 1572 4578 4679 2222 1933 3912 1184 4236 331 184 3398 4881 4676 3629 184 2449 2075 4203 548 2588
3065 4750 1384 190 1572 1350 3489 2736 852 571 2452 728 2293 4139 4481 795 3880 93 3186 2545 3538 3861 2758 3631 432 82 3518 723 3912 1695 260 1395 4670 1708 714 4849 1732 3510 3258 4889 2286 4165 560 2081 1449 4042 2082 1129 2862 3957 2911 1942 4382 4898 4987 4848 198 2986 4616 2221 829 2172 3544 3666 382 396 1997 3743 4560 325 722 4965 2184 2916 2653 3467 2405 4645 2227 4198 4336 691 3336 424 4757 1169 1340 3023 4798 244 4106 843 1167 4408 2837 2851 4867 255 2924 3918
3573 2085 2950 3740 3586 986 2399 4169 2193 4277 3151 211 3847 2948 1027 1014 4531 172 1241 918 3762 1472 3416 536 4334 4477 1801 4792 2800 2174 1395 1156 4547 3545 613 2358 3600 2340 1970 4276 4901 3995 4920 2432 937 3654 2435 407 1803 4161 225 3815 2155 683 4186 2169 3711 1395 3542 3797 3278 4240 4219 2598 777 4089 1496 1662 3789 2359 226 917 1931 4152 3298 1017 4799 772 4411 2806 2798 3042 821 778 3739 4381 2216 4934 4411 958 1660 2262 3459 1571 4203 3634 4825 1877 3282 4497
3342 1248 3490 838 1788 4090 2597 1223 4954 4112 893 2310 4566 933 979 4160 283 4535 86 1174 4752 3942 2496 3506 2017 3082 886 3910 4251 160 4670 4547 2516 725 511 4704 31 3306 2322 4956 2530 4061 4207 4307 1671 4721 3122 3088 520 847 3847 3497 4258 4345 2887 2299 4327 4508 3436 4427 4219 698 208 4081 4338 3845 1309 2760 322 4041 2009 4789 3856 2579 2024 2668 484 4003 1425 1240 377 2490 1995 3196 3365 4893 783 1300 1023 4580 810 3407 269 4550 454 2399 380 4977 4448 2347
1789 2940 3059 2093 2723 51 4953 3338 3034 2653 2590 918 330 3300 399 861 3487 4451 2066 1932 3752 2879 219 4344 1863 296 2471 2019 2561 1633 1708 3545 725 1139 2361 787 2175 4261 441 298 1666 4842 1851 3326 178 754 4447 803 2220 4302 4594 2346 2691 929 1799 2771 1529 756 2449 3729 3754 2286 3476 729 1074 1860 4643 4552 3351 1748 2261 4038 4423 1551 4520 4260 4500 3439 971 1325 525 4875 2296 799 1201 2728 4694 4318 1575 4676 959 4316 2174 3045 492 2330 2378 1238 923 2047
2041 1638 767 3786 1729 3725 2135 222 3332 3643 3526 1022 2244 2947 1212 4351 1681 1600 4598 3970 1960 24 2594 4411 2794 1516 331 1440 3887 3482 714 613 511 2361 947 4438 1677 1669 3393 4584 655 4039 3901 874 1449 1270 3161 4563 347 3335 4438 847 2586 2920 3186 3101 1413 4183 4900 2886 421 2843 1082 4089 221 1574 1723 1035 2942 4429 1609 4138 2559 3026 3817 19 4162 2972 4750 433 2258 871 3538 1001 1626 3608 1154 3787 2388 999 3259 4578 2846 651 4631 2939 1809 2938 1735 2681
2640 100 4497 425 4055 3848 2301 3821 2495 2834 3292 3314 4047 3112 4630 1397 53 1801 788 4251 530 3032 88 4117 4971 568 3356 2807 3914 476 4849 2358 4704 787 4438 2069 1332 810 727 427 26 1094 3145 4047 3380 4431 365 4351 1167 4534 946 3120 1826 307 133 234 4119 1491 672 556 4878 3518 2069 345 1715 1873 4321 1249 575 1331 4881 2105 1018 2757 4774 4966 1244 2046 1832 1202 67 1082 548 3711 4865 392 399 754 124 819 786 1981 2615 2474 4084 413 3061 1495 4561 2016
830 50 2170 3213 2246 3785 2954 1569 2288 4865 3787 145 3680 1237 218 654 1768 594 3798 2516 1031 484 718 3833 1144 643 813 950 3353 2906 1732 3600 31 2175 1677 1332 4070 3964 3246 1957 4546 3009 3843 241 4147 2944 3592 3136 3013 1070 4924 2822 4504 758 721 3524 3334 2405 1027 3658 4622 3386 632 2902 4588 3507 187 1467 152 1060 120 3499 2322 3649 2527 1578 431 449 4557 1569 348 2624 454 580 1218 3163 2518 3748 2915 2653 1067 4550 1039 2890 2155 1187 2903 4288 2602 55
4439 3139 3738 2019 2995 3071 1130 2127 4434 1790 1856 2756 1597 3901 4137 98 282 4428 3265 3074 517 3266 2434 2145 939 523 2670 4571 243 4775 3510 2340 3306 4261 1669 810 3964 2667 4960 2952 1049 3667 2165 615 312 1227 3954 3197 4498 3880 1923 3089 69 551 2152 2823 3593 1570 757 3266 2772 3267 1926 910 1665 3711 2902 2968 3148 4660 547 143 4125 3247 25 3733 703 3368 4613 4543 1315 484 1743 3297 4349 844 4984 476 4993 606 1159 3239 1531 3571 3092 381 3751 2914 2791 2655
3968 3514 4046 2006 4877 3251 874 1291 4557 2250 4240 2535 3374 1555 3909 63 792 3686 269 4530 998 4429 3643 2736 2104 801 3765 2851 3987 4219 3258 1970 2322 441 3393 727 3246 4960 4250 3083 678 387 837 1434 2064 595 1074 3266 1231 4647 4604 3933 3541 2158 2467 3968 1967 98 3854 4823 318 1417 2052 710 168 1482 2481 3172 2246 1640 4061 4036 505 4118 4960 632 2169 4737 2006 3798 4677 1548 3487 659 2742 1852 3863 1206 792 3377 4566 542 347 1983 462 2994 4185 3254 4778 839
912 4575 2770 2302 2115 2743 3385 4586 4372 475 1679 4322 2159 183 3000 4495 983 3450 633 2482 2348 3348 3826 1629 2516 2970 1233 1979 4759 2595 4889 4276 4956 298 4584 427 1957 2952 3083 3985 4654 1870 2552 1538 4186 2712 1568 1593 1689 2776 4093 2768 1859 4684 3240 4042 1916 4310 4611 4831 4461 4378 1390 2782 4361 124 2603 2556 2526 3812 4906 550 840 1352 1613 984 2035 630 1520 4191 4649 858 4689 1443 3501 3703 1221 531 1342 4719 154 2172 3440 3397 2219 3942 1419 2829 2044 3854
3308 3601 912 2455 3376 153 2436 1837 389 1048 4573 2644 4231 1088 2040 4771 4705 2049 4381 2467 720 2878 1593 26 4019 462 395 2466 510 111 2286 4901 2530 1666 655 26 4546 1049 678 4654 2072 39 2098 846 1428 4400 3376 4703 1979 2000 1082 2245 3707 852 1599 2029 2075 1287 1725 545 2822 4170 1910 4565 2751 3659 1051 1859 3708 3280 3386 3884 1343 3398 1584 446 1260 3611 2114 4354 2008 1826 3256 2033 3417 2654 918 1654 877 4830 1679 3872 530 2614 3109 1845 634 2015 1909 4610
3608 61 4815 3907 2191 362 4489 3577 3074 590 1301 1300 2966 1335 4509 456 207 3179 3040 3862 3455 1681 248 531 1220 702 764 750 1825 2699 4165 3995 4061 4842 4039 1094 3009 3667 387 1870 39 4892 2008 4020 3439 412 1023 1569 4685 1204 1677 963 3188 3517 4862 3447 1007 4300 794 3212 4689 454 4845 358 2122 4046 3702 4636 224 2477 1933 2734 4206 3269 3752 2155 1009 1654 2796 3094 1638 3358 2656 111 4730 21 104 3746 3283 3083 1202 3331 3814 1965 1509 2508 591 1516 4989 3545
2405 2577 606 2307 3341 1608 764 3177 4353 4649 37 2117 1707 4961 19 1648 4068 1776 3090 2920 4824 2223 2108 2947 2042 3793 3768 2386 3181 2793 560 4920 4207 1851 3901 3145 3843 2165 837 2552 2098 2008 3050 3844 1265 4132 789 3842 1364 995 2199 4634 747 1575 4502 2351 3636 3958 1411 4465 4464 1993 1080 1414 2177 2855 2279 888 974 2643 1970 3630 4550 4211 3438 4916 3079 12 2715 3623 1303 3512 905 3706 3227 1467 2007 3313 3075 2293 1522 2171 4285 142 2188 1803 3316 2543 2486 615
4841 1883 2958 517 1209 647 3362 3936 1316 1308 1956 2191 4160 2744 3911 158 2911 2767 3991 1867 1259 907 3939 1576 2313 1869 996 1492 3071 101 2081 2432 4307 3326 874 4047 241 615 1434 1538 846 4020 3844 1950 2673 1777 1552 384 1104 4116 3074 3909 4181 310 4140 3543 2671 4489 2890 1419 961 2108 1751 639 384 2711 751 744 1751 363 3351 4991 4725 3437 4959 263 1989 660 1070 1648 1617 4033 4194 4775 3849 3014 1396 2550 3819 4250 3672 3502 4282 2684 1606 1067 201 3301 1741 2646
1761 3914 2480 368 1242 1197 1167 3363 1543 4354 319 2056 1632 1913 1845 1249 4409 4977 1348 231 503 3464 4506 2011 2245 3629 3662 2065 1619 1963 1449 937 1671 178 1449 3380 4147 312 2064 4186 1428 3439 1265 2673 2197 140 1584 1851 3628 3199 372 2618 2184 4642 1318 2675 2377 2319 1522 1023 2693 1411 3136 1477 2180 1086 4566 1436 4538 2813 1871 3374 2449 4959 4002 1910 1124 2656 1880 1033 498 3664 1536 1635 2114 3303 1853 224 3434 1044 3118 4153 2750 620 994 2926 1325 761 1741 2524
2644 2226 2824 1810 537 3315 2053 4048 4224 1938 4523 1519 2294 3241 4920 2694 2889 969 1601 564 242 4592 3689 3926 2112 609 3328 4492 2779 1779 4042 3654 4721 754 1270 4431 2944 1227 595 2712 4400 412 4132 1777 140 1080 974 55 3644 1640 3782 2051 1695 1376 2372 2864 3003 1154 1293 175 4934 1635 2878 724 2756 3667 4435 3207 2118 437 4992 607 3943 4840 3934 4956 2888 811 822 4918 3489 4205 1025 1224 4353 3395 1590 2826 3839 920 2046 3103 1325 3636 2517 3295 331 1156 636 3338
563 3462 4706 1643 2685 504 2904 35 2296 4292 2747 3256 3898 3501 2667 3630 451 3435 1746 1143 2963 3455 4279 4532 3053 3457 4279 2571 2058 3168 2082 2435 3122 4447 3161 365 3592 3954 1074 1568 3376 1023 789 1552 1584 974 3943 412 2636 4482 1174 4369 4493 1324 3785 3068 4798 333 2231 959 1924 854 4232 1019 3884 2261 224 736 103 4962 4703 40 1482 1124 751 4969 3802 2444 2509 3687 1613 2594 2405 4619 1623 1376 724 1817 4984 1926 3082 759 1053 1108 1137 1482 4787 1888 1117 3095
4626 3607 2215 1074 858 2868 1379 145 974 1945 30 471 1088 1528 90 2162 2701 462 2212 3198 1026 4595 835 4253 2847 1270 502 2147 2342 2447 1129 407 3088 803 4563 4351 3136 3197 3266 1593 4703 1569 3842 384 1851 55 412 3696 4557 3104 738 1331 1292 731 4078 2855 3859 1388 4150 2866 3308 3296 629 97 3397 1515 4035 1903 3770 3192 283 2833 2696 1927 1823 4002 717 4920 2930 1335 1210 193 3766 876 3651 3321 4916 3983 469 3153 3466 2806 877 932 1774 3369 3688 4570 2245 4903
1503 3980 4723 1275 2027 4851 2986 2322 4460 4196 1432 2488 1672 279 1714 2007 1572 958 2098 373 3097 2992 3264 14 4107 3228 2895 3629 3738 4019 2862 1803 520 2220 347 1167 3013 4498 1231 1689 1979 4685 1364 1104 3628 3644 2636 4557 4296 4243 4242 2910 1567 1814 1302 1862 3763 460 2237 2303 635 3951 4944 3433 2554 1559 3066 1063 141 581 3943 224 1006 1464 178 2856 1523 2250 745 2341 545 1040 782 1403 1688 555 568 1110 2612 1765 1011 3129 1411 4995 2179 2923 2669 1214 1923 3888
4016 851 3594 4166 4355 1647 1050 2962 4091 2977 4450 907 1726 4839 433 1776 2244 1768 4293 3918 2587 4646 3482 1047 1941 4844 4914 3714 44 1528 3957 4161 847 4302 3335 4534 1070 3880 4647 2776 2000 1204 995 4116 3199 1640 4482 3104 4243 3863 2515 1628 2922 3153 3789 2277 4272 3846 3004 4441 3378 2078 1411 3389 262 4961 4839 4704 3731 149 4959 3960 1911 4476 3432 2702 4300 3943 28 3583 4260 4047 1075 4437 2913 2764 2190 3052 2115 2584 1400 1416 4904 2659 3314 4731 3326 2758 690 4385
2549 3383 3581 4522 414 4704 4383 1830 133 2225 3204 4221 817 4055 1758 920 551 1154 4714 1393 729 2774 4512 3569 284 4258 1188 1227 1628 2795 2911 225 3847 4594 4438 946 4924 1923 4604 4093 1082 1677 2199 3074 372 3782 1174 738 4242 2515 3258 627 4690 4780 1115 2368 1033 3514 4740 616 1698 1578 2712 3088 4167 3245 1009 2281 3239 4528 2373 1291 2252 3523 500 3677 4799 270 411 1792 1767 2657 3473 3078 200 463 901 4987 1801 2898 2907 311 4900 4298 158 37 3017 4051 989 1925
856 3609 566 1216 4736 1797 4045 4964 621 3935 4786 2034 2852 2208 1644 773 440 1611 3950 3703 4332 994 3881 2735 3698 3420 568 1948 4651 1329 1942 3815 3497 2346 847 3120 2822 3089 3933 2768 2245 963 4634 3909 2618 2051 4369 1331 2910 1628 627 847 2280 4978 3470 1188 1759 1365 4715 2650 4130 3105 4912 1996 1308 591 4106 4164 1546 2415 4858 4500 3986 4478 1745 2942 4388 3756 598 2787 4610 2401 2541 3373 3590 730 4560 575 1482 873 4262 3439 4738 1612 4947 393 156 2891 2036 4016
4935 4152 4927 2513 3468 2029 1548 4233 4059 2912 3264 3803 2993 1310 625 4998 1600 1603 1005 3171 3974 1375 2342 4139 3784 4256 3623 4039 2864 820 4382 2155 4258 2691 2586 1826 4504 69 3541 1859 3707 3188 747 4181 2184 1695 4493 1292 1567 2922 4690 2280 4185 3757 1370 3818 1539 3202 625 4833 2299 3783 1615 3060 4843 4660 1196 4330 1186 2626 2674 4266 400 1099 1934 2568 3113 4528 264 1601 2334 1544 4482 4813 2784 4621 1862 2011 286 3709 1807 1513 1963 1801 4146 2194 553 3507 4968 439
3058 1429 2546 3723 1328 412 1365 1240 4532 3830 3468 3598 1088 1412 1245 1135 4288 4000 1518 3245 4002 1948 3344 4163 3639 3593 4039 747 4114 829 4898 683 4345 929 2920 307 758 551 2158 4684 852 3517 1575 310 4642 1376 1324 731 1814 3153 4780 4978 3757 3120 1737 1213 917 2515 461 2046 4388 1947 4447 1587 145 322 2921 3123 3479 4267 3165 125 4506 3995 3605 2056 2044 366 1832 3152 3198 4211 2924 3481 1265 108 972 1778 2230 440 2079 883 3691 43 1185 658 4389 1109 836 3468
4759 2104 2028 4240 480 493 3595 3598 137 2117 3272 3316 4071 2820 1508 2599 3135 2210 2775 743 1467 1647 4071 3656 952 726 2513 2039 4364 2024 4987 4186 2887 1799 3186 133 721 2152 2467 3240 1599 4862 4502 4140 1318 2372 3785 4078 1302 3789 1115 3470 1370 1737 3836 2325 4798 3759 4171 1704 2606 2121 1140 2411 2479 1764 4460 1450 3686 1577 3720 811 797 1356 714 1635 190 1147 4972 4810 4976 2709 2672 2151 4685 1330 1404 1475 4619 3527 1200 445 3342 4474 3391 2103 929 1283 4491 156
4236 4550 672 1549 1201 1399 2345 1573 3424 1754 2094 3319 4059 3822 1609 74 256 4844 939 1928 2846 2091 298 4842 1090 1704 1104 377 2498 2118 4848 2169 2299 2771 3101 234 3524 2823 3968 4042 2029 3447 2351 3543 2675 2864 3068 2855 1862 2277 2368 1188 3818 1213 2325 2985 4485 2785 4628 3162 663 1632 3352 4466 980 3126 3776 58 4331 2347 3796 3119 4565 4738 4431 378 885 167 1332 918 1720 3865 4067 4311 495 3423 538 4759 170 1759 2519 1839 1472 3151 3209 4495 3370 2001 4719 4321
1928 838 1962 3039 988 3110 3173 4295 1430 389 537 4439 3084 4761 3690 3551 1266 4799 3749 4570 2886 1802 569 3080 2404 2133 4679 1534 1655 1006 198 3711 4327 1529 1413 4119 3334 3593 1967 1916 2075 1007 3636 2671 2377 3003 4798 3859 3763 4272 1033 1759 1539 917 4798 4485 3351 2821 1539 2811 4138 2660 4603 405 2753 4282 1553 1808 4222 4500 3125 1371 3112 4872 1137 2710 2710 1023 1203 2803 1956 2756 3812 1845 2441 1819 4608 3733 340 2403 2801 1052 3457 4019 3017 4752 114 3907 2581 3600
1062 3471 307 3873 1490 3708 411 2766 1929 446 3116 2774 4037 1492 1598 2759 466 2503 4235 4513 1986 2625 2967 2150 423 3807 2240 3353 2565 898 2986 1395 4508 756 4183 1491 2405 1570 98 4310 1287 4300 3958 4489 2319 1154 333 1388 460 3846 3514 1365 3202 2515 3759 2785 2821 3681 1218 4390 4433 1690 1630 4737 4812 922 3782 1309 1851 4467 4502 2669 2966 308 3989 1626 2186 3212 2019 2403 3259 766 2902 186 772 2227 4949 2396 3136 4898 1601 200 3438 89 4422 4005 2951 1085 4443 3679
239 820 1562 233 3805 2584 2967 2127 1724 4658 3376 2468 162 951 632 1099 2791 1387 2095 1692 3411 4688 4492 2819 1468 1814 1723 3092 1102 4783 4616 3542 3436 2449 4900 672 1027 757 3854 4611 1725 794 1411 2890 1522 1293 2231 4150 2237 3004 4740 4715 625 461 4171 4628 1539 1218 4640 881 4134 447 3962 2785 139 1128 3423 1932 3043 4191 3313 4926 3806 3176 4273 2910 4968 1754 3976 1501 3532 15 2658 843 4409 2664 2517 1438 2455 1336 4165 3887 4499 3762 3384 3590 2237 4436 4133 4420
4230 2483 3870 2565 3759 1881 1127 540 4524 2938 4974 3095 3340 4126 2924 3574 3693 4580 3123 4328 1845 1088 4464 636 2391 4739 2253 901 4740 1174 2221 3797 4427 3729 2886 556 3658 3266 4823 4831 545 3212 4465 1419 1023 175 959 2866 2303 4441 616 2650 4833 2046 1704 3162 2811 4390 881 1799 3535 1565 2934 1370 1519 619 3124 779 1237 1875 1544 4748 3912 4649 321 2215 3571 530 1222 3663 3117 3229 648 1922 3528 2921 571 1221 2910 1858 3630 288 1468 4634 320 1350 4893 1621 3216 1276
3014 4791 4274 2153 3802 3878 2325 1219 827 2648 2633 311 4288 4793 3532 3242 2709 796 1587 4070 3442 2460 2560 2558 3321 4667 190 4154 845 4527 829 3278 4219 3754 421 4878 4622 2772 318 4461 2822 4689 4464 961 2693 4934 1924 3308 635 3378 1698 4130 2299 4388 2606 663 4138 4433 4134 3535 1559 4201 1508 2850 4867 2263 1437 4219 3538 1475 2257 3360 4097 1012 4753 12 2176 313 902 227 4456 758 4828 3236 963 694 2957 4565 2814 2334 2741 2411 2499 3412 3021 540 2949 2896 4386 957
4644 4687 490 719 1940 2431 116 832 416 437 45 3853 2979 1519 1273 3862 104 3477 760 4779 1463 1330 557 4491 709 1256 1903 4474 4284 273 2172 4240 698 2286 2843 3518 3386 3267 1417 4378 4170 454 1993 2108 1411 1635 854 3296 3951 2078 1578 3105 3783 1947 2121 1632 2660 1690 447 1565 4201 4440 3717 2723 4436 3615 2053 326 2879 1894 697 1335 2176 1473 1093 4182 581 1566 1544 2846 1450 1251 1523 1899 3520 2543 2279 4473 689 4102 3662 4700 4625 2147 2236 2916 4836 689 3222 4928
1784 4968 55 570 3813 3643 3053 2992 4295 2900 4437 2357 260 1459 1781 2975 3480 2097 1993 48 4317 2865 3958 4894 3466 508 1507 3006 4125 3190 3544 4219 208 3476 1082 2069 632 1926 2052 1390 1910 4845 1080 1751 3136 2878 4232 629 4944 1411 2712 4912 1615 4447 1140 3352 4603 1630 3962 2934 1508 3717 53 3366 1968 451 3329 991 1534 2989 3704 3357 807 3951 3095 2202 3722 1079 319 2243 2239 212 4394 2130 1939 2722 734 806 443 836 2806 1967 606 160 4502 3768 1147 1858 4208 4025
1449 3538 4323 2474 2714 519 3874 2599 3429 4964 3009 3458 1757 4022 689 2724 2618 3275 780 3960 1674 1366 1120 2882 862 4768 1777 3805 2373 3801 3666 2598 4081 729 4089 345 2902 910 710 2782 4565 358 1414 639 1477 724 1019 97 3433 3389 3088 1996 3060 1587 2411 4466 405 4737 2785 1370 2850 2723 3366 3174 3425 4706 3331 1944 972 4357 592 836 4440 1656 2859 1236 1108 4558 3313 3035 2983 225 2224 4333 3083 4448 1668 3441 3301 3776 1000 4770 4559 4726 3295 145 84 4261 2319 4495
1161 435 2579 1856 3263 4496 2472 327 324 310 3636 3371 2732 251 662 1130 685 2030 2058 1611 937 896 2679 1871 1306 1777 799 4280 3297 3320 382 777 4338 1074 221 1715 4588 1665 168 4361 2751 2122 2177 384 2180 2756 3884 3397 2554 262 4167 1308 4843 145 2479 980 2753 4812 139 1519 4867 4436 1968 3425 4302 69 4478 2209 2585 1566 1432 2451 4621 3222 2200 221 4851 3130 1335 1038 308 4309 2081 2175 121 3953 3199 3415 2433 1119 4010 3114 2733 198 4166 2283 2056 1571 1923 4017
1732 4211 2650 1474 1509 4949 4951 3425 2154 1468 2058 343 2684 2443 2482 2640 4093 843 2238 172 3056 2064 4797 3548 4026 2528 1524 2453 1456 4582 396 4089 3845 1860 1574 1873 3507 3711 1482 124 3659 4046 2855 2711 1086 3667 2261 1515 1559 4961 3245 591 4660 322 1764 3126 4282 922 1128 619 2263 3615 451 4706 69 1963 2965 1399 4629 4354 3780 1298 741 3105 559 4385 757 297 1632 2329 2637 4238 3584 4786 3046 3380 548 2553 1153 4599 348 4985 1440 466 3346 1497 4739 3813 2172 222
3320 1252 3500 1046 2095 3911 710 237 1376 4472 4826 550 525 187 98 1839 4919 762 313 733 879 2885 3904 1183 907 3763 2021 4022 2308 175 1997 1496 1309 4643 1723 4321 187 2902 2481 2603 1051 3702 2279 751 4566 4435 224 4035 3066 4839 1009 4106 1196 2921 4460 3776 1553 3782 3423 3124 1437 2053 3329 3331 4478 2965 750 2137 1154 3577 1269 1213 4140 3118 2310 328 2057 2105 2727 3433 2574 2880 934 4604 1193 1553 3692 3669 2966 3217 1144 1534 572 4719 487 4178 63 3281 4525 3859
1980 3376 1139 4328 4059 2153 2880 496 4551 2632 4664 255 2117 950 4487 691 2086 123 3000 1927 3593 4885 3838 510 1468 1302 1524 1755 1962 603 3743 1662 2760 4552 1035 1249 1467 2968 3172 2556 1859 4636 888 744 1436 3207 736 1903 1063 4704 2281 4164 4330 3123 1450 58 1808 1309 1932 779 4219 326 991 1944 2209 1399 2137 2808 340 2982 992 162 4278 508 4220 1221 4614 2151 2355 3412 1056 2979 2616 2386 2868 2144 3273 4893 1469 334 865 2754 3863 1407 2635 3106 49 993 1449 512
1846 4507 4222 3334 959 1776 2472 3710 3787 712 4439 3867 2337 691 4550 2962 2666 1314 4612 474 125 266 679 2721 4830 459 4593 3223 3025 4924 4560 3789 322 3351 2942 575 152 3148 2246 2526 3708 224 974 1751 4538 2118 103 3770 141 3731 3239 1546 1186 3479 3686 4331 4222 1851 3043 1237 3538 2879 1534 972 2585 4629 1154 340 4072 3463 3765 2227 4212 1966 2768 2284 1857 298 3373 1496 3029 2688 3733 3765 289 4984 1674 3580 4790 586 4658 3714 2651 3978 3864 890 4062 4307 3537 3561
236 1406 2573 1324 436 2900 2378 292 2811 1890 3163 500 3348 601 4576 4723 2207 3236 1416 857 1831 1426 702 913 574 3309 4348 182 1285 1814 325 2359 4041 1748 4429 1331 1060 4660 1640 3812 3280 2477 2643 363 2813 437 4962 3192 581 149 4528 2415 2626 4267 1577 2347 4500 4467 4191 1875 1475 1894 2989 4357 1566 4354 3577 2982 3463 588 4123 4988 3938 3080 1168 1181 4954 4698 295 3572 2019 4156 881 1551 4456 2625 3302 3953 2654 1642 526 2464 1041 1598 3998 3184 421 3831 1981 1894
1728 2276 154 47 1594 1876 3272 2210 2327 3080 3066 1310 2903 2278 4670 3301 65 3628 214 4415 546 4621 4844 2917 3263 1751 2721 1827 4835 1678 722 226 2009 2261 1609 4881 120 547 4061 4906 3386 1933 1970 3351 1871 4992 4703 283 3943 4959 2373 4858 2674 3165 3720 3796 3125 4502 3313 1544 2257 697 3704 592 1432 3780 1269 992 3765 4123 128 2573 4769 217 1083 3443 4722 4884 4212 462 1572 756 2278 2996 328 1185 3968 778 4434 4906 2198 4866 2413 3945 3356 2466 1839 3332 4272 2951
1353 2948 3658 1670 1308 4337 2710 3239 175 1930 3332 3646 2872 1980 3381 2066 2697 2634 3565 1699 4385 3545 4733 1440 821 2685 82 2946 1221 2345 4965 917 4789 4038 4138 2105 3499 143 4036 550 3884 2734 3630 4991 3374 607 40 2833 224 3960 1291 4500 4266 125 811 3119 1371 2669 4926 4748 3360 1335 3357 836 2451 1298 1213 162 2227 4988 2573 3527 3114 1267 1606 2069 3441 4293 4443 1868 405 2590 1151 1888 3405 4892 4272 1572 2200 773 2711 2244 3272 2704 4047 460 414 1884 1191 3554
86 839 2480 2626 3289 458 1600 1854 416 2897 948 1230 322 2662 1885 2366 2181 1086 2775 2685 1061 2031 3379 1072 1004 132 2324 1637 2914 3123 2184 1931 3856 4423 2559 1018 2322 4125 505 840 1343 4206 4550 4725 2449 3943 1482 2696 1006 1911 2252 3986 400 4506 797 4565 3112 2966 3806 3912 4097 2176 807 4440 4621 741 4140 4278 4212 3938 4769 3114 2236 832 1646 41 994 1861 2407 309 1746 3872 1220 1214 979 2390 4406 1983 3094 610 3634 428 3669 1173 563 2072 1330 2421 2093 1785
2191 1973 3359 35 1085 4851 3291 4483 1003 2672 3926 4056 2715 2270 4413 1513 1266 452 2077 4399 718 3149 1634 693 2449 4172 1258 4822 2452 2163 2916 4152 2579 1551 3026 2757 3649 3247 4118 1352 3398 3269 4211 3437 4959 4840 1124 1927 1464 4476 3523 4478 1099 3995 1356 4738 4872 308 3176 4649 1012 1473 3951 1656 3222 3105 3118 508 1966 3080 217 1267 832 652 1305 4921 3091 4229 946 4206 1952 3374 4099 2535 1540 4587 4575 2923 4881 933 1976 3780 212 4356 648 4861 585 2859 4161 659
1173 3439 367 664 2123 3654 4619 1904 1885 2045 533 581 923 3297 2195 3717 1425 3890 3933 2332 4316 3074 2827 1277 1687 3268 2454 525 3861 3557 2653 3298 2024 4520 3817 4774 2527 25 4960 1613 1584 3752 3438 4959 4002 3934 751 1823 178 3432 500 1745 1934 3605 714 4431 1137 3989 4273 321 4753 1093 3095 2859 2200 559 2310 4220 2768 1168 1083 1606 1646 1305 759 499 4918 1397 2511 1536 716 712 4769 2819 217 4139 581 2425 305 3394 2719 1055 642 3946 2214 346 4277 4253 719 479
310 4513 3141 4872 1607 1726 2099 345 4505 223 4709 112 3553 1507 3975 163 4915 3820 4909 394 3153 2916 349 2238 1776 2556 516 1773 1946 873 3467 1017 2668 4260 19 4966 1578 3733 632 984 446 2155 4916 263 1910 4956 4969 4002 2856 2702 3677 2942 2568 2056 1635 378 2710 1626 2910 2215 12 4182 2202 1236 221 4385 328 1221 2284 1181 3443 2069 41 4921 499 4200 4523 860 4002 2129 2891 14 2405 4078 2877 2753 1256 2859 2641 3646 2184 1852 4700 3963 4084 1027 4697 3148 4786 2695
4886 3528 4090 3819 2552 4815 2622 763 4638 3208 3807 3838 1101 2729 2207 2408 913 2715 4332 1140 2710 2352 3890 1933 267 2968 1177 3126 3762 3304 2405 4799 484 4500 4162 1244 431 703 2169 2035 1260 1009 3079 1989 1124 2888 3802 717 1523 4300 4799 4388 3113 2044 190 885 2710 2186 4968 3571 2176 581 3722 1108 4851 757 2057 4614 1857 4954 4722 3441 994 3091 4918 4523 532 3397 432 1453 4315 4688 2531 2482 4814 4761 239 937 1356 845 3162 455 971 4264 1498 1408 2850 817 1626 1620
3367 278 4343 4123 2936 2888 2349 1568 957 3833 4441 4111 4792 1626 4225 2899 4493 2922 2607 2482 95 3815 812 3952 949 1576 1382 2493 4521 2451 4645 772 4003 3439 2972 2046 449 3368 4737 630 3611 1654 12 660 2656 811 2444 4920 2250 3943 270 3756 4528 366 1147 167 1023 3212 1754 530 313 1566 1079 4558 3130 297 2105 2151 298 4698 4884 4293 1861 4229 1397 860 3397 3744 4020 4163 4580 1642 4588 2127 2301 4820 4866 3703 656 1570 1542 406 2308 3726 3209 597 1913 640 3984 2557
1944 398 3005 134 4504 1894 352 2475 790 4770 1252 166 3959 1050 2298 269 3262 909 4138 3032 4678 1401 4599 2430 2939 4550 1461 3997 1023 3508 2227 4411 1425 971 4750 1832 4557 4613 2006 1520 2114 2796 2715 1070 1880 822 2509 2930 745 28 411 598 264 1832 4972 1332 1203 2019 3976 1222 902 1544 319 3313 1335 1632 2727 2355 3373 295 4212 4443 2407 946 2511 4002 432 4020 3483 2692 810 3415 1879 4721 3219 2234 132 1981 2920 668 4349 4276 814 3500 2126 4414 3179 1298 1044 3174
846 682 287 4079 4849 2798 4210 929 4722 4004 190 3592 1428 2334 1525 1931 3362 4988 1997 1807 1915 754 2794 4248 77 1204 4726 3321 4951 4244 4198 2806 1240 1325 433 1202 1569 4543 3798 4191 4354 3094 3623 1648 1033 4918 3687 1335 2341 3583 1792 2787 1601 3152 4810 918 2803 2403 1501 3663 227 2846 2243 3035 1038 2329 3433 3412 1496 3572 462 1868 309 4206 1536 2129 1453 4163 2692 4859 3257 1433 3973 2723 458 318 327 3769 3266 4428 2252 4925 4355 1346 277 2321 2279 4287 3343 3057
3629 2100 4010 1871 213 4966 2720 2307 2016 3266 792 942 89 516 1138 358 4321 619 102 4018 3691 3274 1847 1151 3752 2611 4558 3585 61 1572 4336 2798 377 525 2258 67 348 1315 4677 4649 2008 1638 1303 1617 498 3489 1613 1210 545 4260 1767 4610 2334 3198 4976 1720 1956 3259 3532 3117 4456 1450 2239 2983 308 2637 2574 1056 3029 2019 1572 405 1746 1952 716 2891 4315 4580 810 3257 1946 4204 4761 753 2118 4824 3926 78 2582 4566 1301 1551 3125 4707 2628 4268 1781 266 2520 4722
3454 4529 4266 4540 879 3406 4907 4515 900 476 4907 2486 1245 3422 4947 4668 1187 908 4891 979 4447 3732 788 3934 4060 2077 1298 3133 4992 4578 691 3042 2490 4875 871 1082 2624 484 1548 858 1826 3358 3512 4033 3664 4205 2594 193 1040 4047 2657 2401 1544 4211 2709 3865 2756 766 15 3229 758 1251 212 225 4309 4238 2880 2979 2688 4156 756 2590 3872 3374 712 14 4688 1642 3415 1433 4204 409 137 1222 4620 1087 3850 648 3330 3304 698 1893 2258 4276 648 4191 406 3726 2580 1466
