N: 120
M: 20
Symmetric: true
Triangle: false
4 40 78 67 116
3 35 88 92
3 87 39 44
4 13 115 103 19
10 98 46 63 10 9 17 106 21 15 36
4 32 118 81 68
9 20 79 91 8 56 86 99 117 100
4 2 33 30 37
6 25 89 85 82 28 109
7 26 48 54 53 108 50 41
7 104 80 58 61 64 18 14
8 72 1 62 84 38 5 120 27
6 29 6 76 59 93 16
8 47 75 12 94 114 22 71 83
5 55 65 43 113 101
11 70 107 23 97 102 90 112 96 34 119 60
4 69 31 57 24
3 11 51 110
8 111 95 52 73 66 77 45 42
6 3 49 74 7 105 4
22 3177 4494 380 1908 1395 3024 2146 865 4577 1250 47 2090 127 3710 4506 4753 676 3071 2947 107 2500 3457 4633 799 1377 3775 3864 3099 2881 4023 1641 4780 1036 1874 2869 2457 871 3153 391 2209 2329 2433 4616 2640 1629 2381 117 3025 3736 1213 841 3990 3622 3427 4357 4105 4677 4791 3458 602 4815 1792 2055 44 2967 4915 4889 3577 1281 1865 4322 1181 2935 3624 4796 1780 1165 2244 1599 1081 1212 3303 3169 415 3937 966 3232 2613 1086 1547 2466 4652 4909 4856 4946 782 2287 3275 310 523 3339 968 3900 1577 3729 243 4145 2434 959 4688 4443 4497 4696 407 3361 806 2484 595 1900
3177 3090 286 3401 1874 2131 1330 3587 3066 1736 2710 3414 3652 1316 3198 3078 972 1111 2553 912 4835 4004 3753 2963 601 2484 804 765 4495 4478 237 4226 873 1453 3345 1008 536 2865 4212 4995 1646 149 1469 449 4543 1659 65 1631 989 3619 4331 1751 1016 682 3357 2265 3369 4134 2848 3665 506 4365 1018 495 3046 1953 2034 3945 4899 3962 4350 2405 1497 4623 1701 2960 4734 1103 3739 1537 2994 4548 3313 2996 3184 138 2684 961 4048 2158 4753 2235 76 3007 2744 2227 2347 1518 758 4668 3156 2053 1731 50 3115 4858 4734 2572 4732 536 2846 4649 1845 1535 2156 4724 601 3814 4747 2934
4494 286 3037 4369 385 993 2268 4679 107 2600 448 4800 483 2528 2564 93 2760 1539 1184 1475 2797 903 3785 2366 1619 530 2189 3534 3053 3821 3950 2532 3896 2720 3762 1577 350 3047 2852 30 3504 1441 2808 4864 2231 4724 149 1651 2174 2362 3985 2831 1616 3952 1443 3835 3887 1731 4009 4497 4013 4669 2556 378 113 3327 3386 2522 3920 129 4554 1123 2129 4104 4402 1773 4753 4315 4725 3736 4725 604 3621 183 2039 368 1580 3159 3670 1517 969 2692 1368 1596 1348 2671 3675 4550 2304 1096 4284 2597 3440 3777 3228 2695 1486 1673 1570 4133 3655 2224 2013 3388 2125 1965 4376 844 3008 479
380 3401 4369 1026 233 1559 709 3472 963 3369 2260 3197 1270 17 437 2890 3877 1333 4920 2483 4128 4162 3116 4537 76 1395 4254 1768 2046 555 4549 2555 3287 4395 3492 4324 3553 70 4723 228 983 4409 4118 2292 2444 4402 2440 3052 4631 1136 4260 2164 391 4020 674 2855 466 4508 4110 839 1155 3523 4753 2530 4642 2942 3320 69 4436 2372 3183 4987 4253 1821 52 369 1968 2196 2112 2693 114 1924 3401 601 3571 37 381 4452 4062 2050 2251 3540 3895 4507 279 4841 4521 2376 1459 2185 2400 4331 3206 1269 760 747 3152 3592 3066 4826 2921 1809 3817 2553 1263 3266 4354 4114 2522 32
1908 1874 385 233 2387 53 4351 4829 4916 4212 3317 1204 673 2150 2370 1215 3442 2853 2812 4041 1117 2430 4316 2279 2027 3333 664 3716 3928 2208 35 2978 4907 3762 282 1749 3832 2612 861 2853 215 3165 4296 1653 3317 755 1232 1565 3015 4767 4939 322 4491 2866 3773 45 2589 1936 2914 3779 1657 1372 3486 760 1355 2626 1044 4615 250 2052 3698 3314 2179 2436 3623 3157 3055 2031 4091 3635 4032 1144 4841 2509 1533 2734 4511 4883 1463 3823 2050 568 2600 2138 2410 2808 1373 3894 2981 2954 1492 1822 1918 4226 1763 4213 4528 1741 3596 2192 2766 2877 4367 4022 1648 4424 4805 811 2465 3825
1395 2131 993 1559 53 1033 4802 4267 1458 1815 2020 2634 2393 407 4281 3467 4227 2380 3790 4631 444 2595 2794 2345 1760 2145 700 2103 2779 2867 837 1357 3512 733 3530 2546 2615 4091 4727 1007 4231 474 3554 2893 3866 4726 1730 2998 2706 3553 4369 4974 594 4793 1784 3440 2982 2447 3359 1116 4746 913 3706 4430 1695 4520 4918 733 1969 480 2940 1150 1612 350 496 4159 1409 1599 3895 264 2076 1324 1717 744 670 2259 1448 3034 4798 2152 2846 505 2276 3431 4484 3139 2666 1442 556 4054 4130 4629 4885 2200 2462 1286 1647 2375 3611 3126 1603 167 636 4117 2162 2094 508 3213 1462 1135
3024 1330 2268 709 4351 4802 4207 1294 3481 3828 3615 875 413 4547 563 203 3667 4899 915 1996 599 3179 699 2188 434 573 1752 581 2227 4342 2204 3076 141 3154 4279 951 110 3451 3574 3484 1423 211 99 2769 2714 657 278 2830 226 1322 1203 1491 874 920 3938 3029 4494 3970 2424 535 4836 4302 3884 1557 197 1754 1877 3528 3462 331 2680 4688 4383 1693 937 1010 3220 3179 4825 2409 266 2931 955 425 3209 1412 4705 3624 2617 391 635 2107 1467 2420 2349 3006 3473 4511 4298 3690 3887 1349 3807 4869 4208 4411 1972 4272 4167 3670 4474 3087 3598 431 2046 2607 2904 4023 3838 2199
2146 3587 4679 3472 4829 4267 1294 3743 612 4497 4006 4205 2555 1310 2734 1489 1945 440 2411 2632 4276 4023 3867 375 4067 829 241 3930 1083 265 2048 2616 4214 1802 3650 435 3930 4613 272 3385 1962 2194 3064 1283 4310 2096 4135 3622 3218 2638 1541 3546 324 513 4174 2849 2955 329 2885 2782 138 1765 266 4624 2902 125 2651 4541 3523 4361 2722 1689 4183 4713 4820 4775 4471 2163 4118 2285 3911 2129 4236 4411 3874 1460 3882 4507 3699 2983 3595 3911 3264 3315 963 209 3808 2611 2958 737 2376 373 1746 2038 494 2177 1031 4900 405 3196 4933 1619 1320 4817 1384 1624 3761 2117 604 4339
865 3066 107 963 4916 1458 3481 612 4286 3685 2825 4571 3401 3537 3939 3181 4658 4731 839 3566 1060 1870 1473 3861 4045 4957 108 4404 1353 127 1071 2489 2228 4491 2456 3432 4418 219 3730 4930 1765 2655 4398 4809 806 1723 1472 2860 1463 3420 1411 476 2954 2903 466 2499 193 459 940 4190 4555 4030 229 3849 2116 881 99 4864 1052 3218 634 2287 1022 2382 320 2896 4440 1284 2763 1580 4336 3740 262 3887 4191 1170 4523 1754 589 1154 3149 2667 383 2112 4134 749 486 3913 44 245 3613 4329 4306 4871 4349 983 255 390 17 490 4894 3115 459 2917 2049 3337 1254 3981 3831 4090
4577 1736 2600 3369 4212 1815 3828 4497 3685 4313 1255 2288 2332 2756 2115 2527 1170 1961 4144 4442 4631 2531 2201 3381 4164 2321 3099 3825 1865 480 4247 213 3632 834 1291 3695 4627 3095 3238 1280 145 588 829 2617 1083 2054 1649 2276 4786 1521 546 2979 458 1786 4455 3961 2739 671 243 4554 4190 771 1574 2124 736 1753 3631 1814 135 4756 4685 3689 1965 361 4820 1590 1113 2378 4919 3810 104 3751 3712 1898 3331 1740 629 4635 1004 3810 4403 3979 4725 1296 3791 2675 701 1211 891 893 466 1288 4203 4567 4147 892 3884 822 130 191 1363 1357 4798 3651 2905 478 3961 3008 485 2633
1250 2710 448 2260 3317 2020 3615 4006 2825 1255 67 2621 2743 4107 1991 4571 2595 1669 1875 168 4546 4268 542 2402 3702 4294 3094 2287 4355 1807 4513 357 4014 3040 4411 1667 305 4689 2987 2339 3691 1225 3621 3122 3811 2976 1752 1640 4945 2840 3481 3094 3875 3987 2890 2558 412 1896 2287 4214 2414 3807 1878 4964 3688 3166 3185 3412 717 2903 1435 2502 57 3939 972 4234 2269 4416 2857 704 467 3191 1193 3388 4223 87 4193 3824 3537 2473 2950 3186 1582 1888 3450 1420 1759 4483 436 689 2073 1079 3505 4702 1638 2172 4371 3200 695 3695 913 1091 3733 1126 2704 1564 1112 473 3684 2408
47 3414 4800 3197 1204 2634 875 4205 4571 2288 2621 1348 116 296 4836 3629 2795 4995 3672 2368 2356 3699 1399 3794 3858 2792 500 2659 3186 73 2219 2348 2266 1945 309 1884 2146 1561 3727 4232 188 703 4698 1257 4888 4349 2395 4969 3212 734 153 3367 332 3668 2831 1522 4968 760 4612 1430 4890 277 2202 3664 172 2039 2891 747 4147 1098 3632 433 1973 2509 2819 3695 3390 4865 4370 1239 2367 4409 4069 2743 4769 1414 1400 950 4425 3490 4298 666 3168 1347 30 4352 3465 3692 4280 3479 3019 1418 4391 3304 4129 2295 575 82 1959 189 2411 1831 1117 1871 4869 407 3678 3498 1294 625
2090 3652 483 1270 673 2393 413 2555 3401 2332 2743 116 1797 2986 4883 1936 3010 2683 315 2148 897 509 4255 196 3481 4094 3420 157 2406 1199 1894 2723 3981 844 3265 866 4837 1814 3805 3436 3721 655 3030 1671 3689 3983 2750 4224 214 1486 1144 215 4812 2551 1869 4317 3517 3685 600 1350 509 2389 1063 1277 3988 1635 1835 635 1270 4010 3991 278 2611 1941 1819 1635 1456 130 4810 243 3574 3688 1075 732 1465 4738 3313 1180 3695 1443 3220 2711 1867 4342 3139 511 1309 4927 4361 1271 956 3149 2804 4744 1623 2940 816 4403 4798 3150 3658 2834 4264 837 2938 1059 764 4318 2042 3499
127 1316 2528 17 2150 407 4547 1310 3537 2756 4107 296 2986 1656 4016 2393 3842 2513 820 2433 1179 1040 964 1710 3707 3329 354 2303 3738 500 2129 2408 472 2683 1660 1898 605 2813 458 1976 673 1041 3196 4051 2227 1891 2364 162 2980 211 2120 3073 1608 3864 4006 2443 2714 1578 3993 4146 3561 3532 1095 4722 4215 4492 4124 3637 4252 4327 4284 1833 746 993 2697 865 1619 1184 4151 906 2659 4831 4893 2710 1983 3007 584 3255 2031 2396 3237 3412 4333 2639 3329 4875 3237 125 3399 3741 855 579 4779 1124 2417 2172 29 2545 929 4140 2735 4269 2441 4907 3664 2973 581 4828 4107 2505
3710 3198 2564 437 2370 4281 563 2734 3939 2115 1991 4836 4883 4016 4433 3369 59 1302 2619 2075 2798 17 1410 2153 3890 3158 1338 1341 4173 1018 4123 380 4344 1742 1663 3599 3886 3540 4115 3111 4785 3586 3325 376 1760 1531 51 3621 1955 4931 4062 4671 540 1888 3943 4353 470 1478 53 4955 727 859 4744 4151 3212 1389 212 15 1738 1172 1142 3447 1031 3751 2786 1094 4951 2985 4794 3061 2721 4244 2033 4181 4164 3389 3736 2565 3478 719 4793 3583 18 415 4273 2256 3049 2897 208 3765 1978 802 1060 3247 2143 3917 2646 1303 4122 1679 4772 4139 1518 871 607 2338 4964 1176 2770 3480
4506 3078 93 2890 1215 3467 203 1489 3181 2527 4571 3629 1936 2393 3369 3234 3378 440 1028 1382 3708 4351 939 55 3311 4190 3117 4774 234 4525 1269 2773 2284 358 2199 1827 32 2995 1703 4251 516 1276 4125 4929 960 2529 4594 4168 3369 47 24 4129 2959 1000 1930 4683 1230 3734 4754 1728 1473 3087 2773 25 756 3582 1432 432 3598 292 1724 1291 2885 2185 1967 1393 3876 804 2475 2835 2383 4369 1690 1632 622 553 1859 1945 3893 2421 4778 817 3794 4747 4078 3871 1544 283 4408 3541 4230 2421 2744 417 3825 4219 4068 661 3813 3490 812 2403 4166 4589 2793 2949 1025 335 1952 3145
4753 972 2760 3877 3442 4227 3667 1945 4658 1170 2595 2795 3010 3842 59 3378 4982 1863 2253 3168 894 3199 3118 2173 4580 1372 4007 898 1423 555 3818 1774 3930 2608 4753 1497 2116 3241 2137 1843 730 2203 4223 2077 938 2810 4963 4359 3772 2414 4255 1020 3191 1131 2771 2674 2148 1511 785 3907 2700 3738 4094 132 2153 3444 3173 1229 2626 4033 4986 2367 3391 3658 1983 1722 2232 2537 3292 2825 1191 3037 864 1525 538 4119 496 4663 2017 2615 4298 1539 2316 3106 3939 1745 3225 556 3226 4320 3249 4189 724 2381 4869 2430 3503 3691 3619 4547 1488 2316 1550 1517 3852 4821 1161 3250 1183 2956
676 1111 1539 1333 2853 2380 4899 440 4731 1961 1669 4995 2683 2513 1302 440 1863 2492 3063 3037 1518 1896 2955 2189 1957 3505 1615 4257 1721 2370 1929 1276 2264 4840 4991 3474 3398 2023 3177 4973 4481 4314 2942 1890 4057 4387 1090 1407 3730 41 4142 1264 2405 2449 1857 3751 3157 2219 1371 1865 842 585 1019 2597 4389 4635 3928 2443 1810 1228 1175 3542 3972 1453 3289 2629 1277 1183 134 2125 2863 2801 4030 2007 1835 1778 2117 2010 3217 3013 4758 4098 521 4500 2734 1257 4435 4437 2481 1740 1020 307 1648 2068 3059 86 4248 990 1351 3672 1916 765 1278 235 1229 3517 2625 4740 2903 3570
3071 2553 1184 4920 2812 3790 915 2411 839 4144 1875 3672 315 820 2619 1028 2253 3063 2034 4752 4054 1043 3080 3227 4258 2907 3688 771 1645 3735 3155 1287 2201 4863 4158 3650 3774 4903 1297 4671 2607 2678 3866 1565 480 1884 282 3326 3751 337 1995 1932 1017 1838 1051 883 1785 832 3935 2380 1024 421 1372 234 3714 2471 2905 3025 2135 67 1929 1283 4697 2233 2778 286 2446 843 4257 366 2315 4897 3556 3814 995 2900 2274 4458 4063 2617 2427 298 4451 1597 1716 764 1785 1016 2798 1045 4109 2285 917 3383 1622 24 1403 4239 308 752 1651 4533 1782 886 3129 4402 736 1550 358 2290
2947 912 1475 2483 4041 4631 1996 2632 3566 4442 168 2368 2148 2433 2075 1382 3168 3037 4752 4674 4948 2260 1695 1957 2734 4648 2803 1596 3380 322 3935 2657 3989 4159 3810 3688 2250 1571 1525 3411 2078 1631 1517 189 1442 4401 1616 1861 36 4282 1329 687 3912 1816 4278 3651 4254 1201 539 2850 3856 3182 3774 2497 3681 2502 3837 4352 1151 4539 1659 3859 958 2129 4880 1644 3207 1982 675 2901 2686 3591 1418 2843 1810 3955 2551 3203 4551 4105 4868 2726 3116 3352 1098 1521 666 3137 2227 1176 1165 4388 1728 3494 2755 1191 1107 4344 4507 479 4666 477 1076 495 595 1252 4153 2124 1559 4286
107 4835 2797 4128 1117 444 599 4276 1060 4631 4546 2356 897 1179 2798 3708 894 1518 4054 4948 817 4122 4994 4744 1555 2354 2740 2049 953 1636 1633 1841 3926 2605 4944 3202 2888 3790 4953 3863 3143 4753 57 2742 2103 3586 3858 129 4015 3876 2432 606 4497 1391 1508 1167 307 4960 877 1176 1181 3143 2177 1594 559 2867 3117 1959 1924 2463 741 2839 3068 3250 4238 4047 3137 1652 3337 2799 4039 1266 4888 2440 4125 1463 3959 1861 2362 4691 1543 386 748 116 1243 4945 4309 3982 1751 2390 1819 4944 3880 4561 4898 4459 3787 1301 2937 1247 2711 418 1137 4195 1880 2371 586 735 3489 4731
2500 4004 903 4162 2430 2595 3179 4023 1870 2531 4268 3699 509 1040 17 4351 3199 1896 1043 2260 4122 4940 3100 3729 675 3095 4536 22 273 4407 791 1056 48 1097 2863 3255 1239 1685 2893 134 438 4010 3871 893 4555 1423 2288 3109 4859 3889 3342 2048 3859 2928 1134 3592 1325 4945 3532 4000 879 3382 3390 4163 1035 2087 90 2244 2727 1924 2120 3145 4686 1005 2867 1148 4149 2390 3791 4582 3184 4622 2595 2042 2930 3634 2648 3968 865 3255 4736 1736 2391 1479 1613 4629 2611 2587 2978 4090 3983 4233 3544 770 3479 4526 1166 2999 2082 4349 3314 4348 122 2738 3535 760 1460 2600 1260 3780
3457 3753 3785 3116 4316 2794 699 3867 1473 2201 542 1399 4255 964 1410 939 3118 2955 3080 1695 4994 3100 4075 333 27 4845 4911 3657 3066 1884 2010 2898 789 1453 3029 87 4375 3813 4222 2395 3632 2721 3111 2207 4494 569 3075 1655 1873 79 4545 1052 400 1561 299 3044 495 1401 403 1457 626 2900 1582 2292 1543 581 986 398 1677 4247 101 2307 3990 1416 352 4555 4145 4772 4350 1917 668 2648 439 2342 2704 4389 745 2440 3777 1065 1951 2649 4719 3743 3985 1355 1257 3550 3486 3029 3167 4406 4820 4631 3484 2052 565 3624 4186 1442 2635 1266 3817 3737 3617 1944 3314 2201 2223 3253
4633 2963 2366 4537 2279 2345 2188 375 3861 3381 2402 3794 196 1710 2153 55 2173 2189 3227 1957 4744 3729 333 1926 3265 278 3680 629 2677 1473 3352 4571 2094 3881 305 1969 2476 3386 1541 2602 2627 4943 2563 4163 3407 2858 1247 2331 4569 4053 2603 550 2613 4640 4247 4128 576 1600 1164 2772 2353 4417 4533 4184 3050 408 3276 2356 4745 4488 1672 1362 4207 4022 4120 3258 1261 3936 2297 1460 1799 3576 1914 289 3735 1826 2817 2352 723 15 2603 4854 4905 1323 3677 2977 2863 4725 1576 2779 4281 400 243 475 912 3884 4316 2563 138 2363 1672 2854 2720 2925 1164 1766 556 2741 1028 3986
799 601 1619 76 2027 1760 434 4067 4045 4164 3702 3858 3481 3707 3890 3311 4580 1957 4258 2734 1555 675 27 3265 3008 1486 532 1134 3522 3983 4412 4055 23 4953 733 4443 2740 3823 1029 3324 2887 2151 4457 344 3017 2780 1553 1328 1940 1691 4792 3476 1876 1695 742 758 2629 1924 856 3155 3684 1045 2364 4637 4730 3548 854 4374 2536 1313 1249 4976 3988 2913 4422 985 2404 4070 2508 1725 3682 2134 940 3068 880 3351 1374 4056 1973 4074 2570 2618 3798 4688 3959 3624 576 1794 3393 1151 2079 2538 2877 3520 1769 4484 377 1500 4711 2586 1411 939 217 311 2145 4182 1301 2393 3536 54
1377 2484 530 1395 3333 2145 573 829 4957 2321 4294 2792 4094 3329 3158 4190 1372 3505 2907 4648 2354 3095 4845 278 1486 4376 920 2725 25 3378 1296 1226 3561 1307 2665 3167 3187 1156 1379 2494 3542 4555 2335 2980 4611 4833 1860 2887 251 1090 1552 2332 3555 4248 766 1561 1558 2178 1024 3884 3315 3561 306 808 3419 36 1566 518 1978 1512 1771 4074 290 3246 691 1610 1657 284 3076 2792 3043 1613 1444 3787 1826 2911 1224 1421 2040 992 3685 4666 3243 4112 3074 1939 3196 1360 3745 708 2055 1433 475 2408 750 4769 2602 2477 4193 915 2604 507 4042 3478 3609 3822 2122 3455 1816 2030
3775 804 2189 4254 664 700 1752 241 108 3099 3094 500 3420 354 1338 3117 4007 1615 3688 2803 2740 4536 4911 3680 532 920 1753 3529 647 2070 2291 1956 819 2113 3782 1136 307 2224 1519 1837 4471 2253 4385 1723 4614 1757 191 452 4244 3742 3759 168 3172 1939 3696 2345 3059 3371 2073 2976 4067 4140 1376 160 4846 3259 4002 3341 4167 794 332 4067 93 3571 1885 1144 3021 4091 1886 3347 2358 286 2354 2852 3393 15 289 4509 4411 1458 2960 716 4566 4182 3397 2267 3695 4447 110 4633 4438 3618 4104 1634 2705 1827 1404 2495 496 154 3982 624 1978 2224 4835 545 1455 2962 343 1525
3864 765 3534 1768 3716 2103 581 3930 4404 3825 2287 2659 157 2303 1341 4774 898 4257 771 1596 2049 22 3657 629 1134 2725 3529 2421 645 1344 1526 597 1561 863 1009 2733 40 240 4795 2805 2475 2075 1184 578 4294 2968 2478 3269 1542 1461 3175 397 3551 1594 3509 3342 113 2648 2931 4860 3322 4741 31 1033 2588 4033 3680 2551 3483 436 1866 570 3136 1797 4827 227 4848 684 2283 3829 2299 1801 1800 3478 280 3204 2306 3978 3391 3464 2110 943 2438 1880 337 1208 906 341 4247 4857 861 4349 1539 2172 3996 2152 1628 2782 3241 75 1601 1174 2188 4102 4150 1295 4386 2057 423 2637
3099 4495 3053 2046 3928 2779 2227 1083 1353 1865 4355 3186 2406 3738 4173 234 1423 1721 1645 3380 953 273 3066 2677 3522 25 647 645 2907 2119 2542 4106 1494 3021 287 2360 1460 387 4479 3046 2644 130 567 4092 3500 3946 2595 1029 3691 2272 3392 2663 329 929 656 640 3239 1171 3503 4052 2321 3184 1830 4363 348 675 2990 1814 3849 1753 2170 1585 3156 563 3538 2968 1235 2072 658 4504 2514 2229 4267 510 3202 4762 4386 1788 4240 2467 84 3917 2166 318 1404 2532 1127 2872 4969 1685 1497 91 231 1152 1985 600 1235 1190 4376 1052 2615 4395 2557 4567 325 1073 193 2329 1212 615
2881 4478 3821 555 2208 2867 4342 265 127 480 1807 73 1199 500 1018 4525 555 2370 3735 322 1636 4407 1884 1473 3983 3378 2070 1344 2119 4691 3802 2976 1243 690 1349 4801 4602 2304 4698 2577 307 461 4564 3416 3701 882 751 4421 4833 1360 3476 1582 4891 1539 1789 707 4723 1361 4086 3095 2551 1331 4165 4731 19 293 2532 84 3025 415 1192 615 1630 1610 3365 3308 4090 4145 3625 3832 210 822 4013 355 2454 2342 3094 4659 1059 83 1141 2983 668 2839 4333 4098 1889 964 2024 2133 171 4158 3441 3288 2705 300 2339 1091 4741 2936 1728 1848 1844 2234 1446 1479 3649 2002 337 776
4023 237 3950 4549 35 837 2204 2048 1071 4247 4513 2219 1894 2129 4123 1269 3818 1929 3155 3935 1633 791 2010 3352 4412 1296 2291 1526 2542 3802 3064 309 3666 1338 920 3700 919 4323 695 3382 4188 552 1831 1843 2615 2328 2660 2998 99 410 3236 1092 1998 2465 1538 60 2228 1653 53 1631 1821 1151 1077 196 4585 933 4793 1561 693 2177 3972 876 2907 1455 2965 157 4154 2777 2895 645 4496 3779 2082 2127 602 2697 3485 1259 4699 3723 1932 397 4129 3999 728 1716 2166 170 1686 3386 2748 2323 4900 1146 78 3573 2121 2372 3001 1516 4665 43 3555 2787 400 1513 2223 3233 1554 1490
1641 4226 2532 2555 2978 1357 3076 2616 2489 213 357 2348 2723 2408 380 2773 1774 1276 1287 2657 1841 1056 2898 4571 4055 1226 1956 597 4106 2976 309 791 307 2400 2353 4120 1389 115 3908 4666 2942 4792 4718 1669 960 4083 2318 66 2578 3057 1592 4525 4631 2122 3316 1011 2357 3229 2133 2501 4411 1451 1767 3886 1378 4785 1121 2915 4565 711 517 627 4866 1634 583 1279 3251 1637 4897 1884 2008 3708 3727 4232 735 2691 2399 3447 886 1151 3332 2938 4315 2537 4914 2205 3637 431 2679 4386 2833 2772 4108 451 3458 146 1972 2221 4153 2068 2349 775 2918 4791 544 2524 2765 2756 2765 4240
4780 873 3896 3287 4907 3512 141 4214 2228 3632 4014 2266 3981 472 4344 2284 3930 2264 2201 3989 3926 48 789 2094 23 3561 819 1561 1494 1243 3666 307 4966 2650 4611 2474 2982 3227 4400 848 4527 773 1640 4596 2113 3010 2219 4447 3019 4712 3362 4252 2123 4849 4368 4838 2339 1398 2575 1033 2994 1943 4910 4329 2782 3380 410 3679 2862 774 405 1264 1773 4631 43 2671 2013 1937 279 2812 1002 4721 1067 1467 4517 4356 2464 3314 4728 3168 2813 4205 2126 2395 451 4874 1510 2589 1312 1355 684 914 1387 3043 1195 4520 4065 1398 2110 2434 975 4832 1150 577 1457 1631 2453 2086 227 2369
1036 1453 2720 4395 3762 733 3154 1802 4491 834 3040 1945 844 2683 1742 358 2608 4840 4863 4159 2605 1097 1453 3881 4953 1307 2113 863 3021 690 1338 2400 2650 4709 2784 2199 3331 1046 1915 723 1415 278 1496 1462 2990 3990 4738 3658 711 4898 827 3055 3070 3670 2374 1563 4564 1019 4058 558 4043 2135 959 1649 2162 3782 3629 1346 3264 339 1424 247 3533 2658 2703 3311 4475 1665 3208 3029 2373 3281 1161 1491 4029 4823 1600 17 4015 1523 926 3970 2094 577 4302 1448 20 1318 924 482 1538 3023 2613 1910 1174 1551 3320 4988 3303 455 3239 829 1795 2229 2089 2040 2525 2278 2913 1080
1874 3345 3762 3492 282 3530 4279 3650 2456 1291 4411 309 3265 1660 1663 2199 4753 4991 4158 3810 4944 2863 3029 305 733 2665 3782 1009 287 1349 920 2353 4611 2784 1372 2758 2688 888 1190 1686 4192 363 3846 3809 3214 656 2877 1643 4857 3834 936 1820 2815 1608 4966 4956 3764 150 1077 4924 3954 3681 3153 2773 4476 3898 3300 1845 759 2092 2149 2720 3380 4824 4139 3324 1698 4752 1169 2444 3101 1976 2167 2972 1255 617 1952 1113 31 725 2282 4740 1802 3774 195 3776 3361 3401 937 2515 2867 4393 2051 1672 3814 722 2408 3216 4815 2349 4251 959 100 1667 623 1423 3458 578 903 1594
2869 1008 1577 4324 1749 2546 951 435 3432 3695 1667 1884 866 1898 3599 1827 1497 3474 3650 3688 3202 3255 87 1969 4443 3167 1136 2733 2360 4801 3700 4120 2474 2199 2758 62 1480 2490 1457 3667 3252 88 736 4327 503 1526 2141 2112 2802 3345 1345 4637 1341 1981 3358 2665 3511 2253 3593 1769 753 4784 3632 1240 1011 4630 4515 3080 4035 1988 3152 2954 622 1022 1291 3857 3560 511 4998 4614 3334 278 4331 3401 1241 2139 4047 1769 366 4007 2969 4975 939 187 2179 1982 1678 4131 4426 3435 3622 796 2528 3925 4699 2223 3166 1377 4443 2870 2489 2220 3778 468 3573 3907 2634 4420 104 524
2457 536 350 3553 3832 2615 110 3930 4418 4627 305 2146 4837 605 3886 32 2116 3398 3774 2250 2888 1239 4375 2476 2740 3187 307 40 1460 4602 919 1389 2982 3331 2688 1480 45 1877 2654 833 234 2863 1784 993 2013 2319 3558 4510 1275 4690 4172 3492 1360 133 4326 267 4590 10 2719 754 3333 434 3798 838 3531 595 1005 432 3399 3776 379 730 3275 2426 2667 3902 4121 828 1191 3507 2539 3921 2554 4141 3745 306 2565 4405 4136 4436 1043 3447 951 2257 2448 817 1786 1547 1744 1792 4316 2001 1323 4221 2322 2638 2729 771 2309 3065 2332 2815 4923 948 3204 2667 3758 596 4260 2325
871 2865 3047 70 2612 4091 3451 4613 219 3095 4689 1561 1814 2813 3540 2995 3241 2023 4903 1571 3790 1685 3813 3386 3823 1156 2224 240 387 2304 4323 115 3227 1046 888 2490 1877 4185 2581 2142 4476 3429 1416 194 454 1822 4853 532 171 4573 4628 2155 3910 812 4555 2319 1568 769 1573 1843 810 184 2956 4228 768 599 2655 2592 1987 1581 4802 3257 4129 3893 4374 2723 4176 783 3467 671 1839 1913 836 2625 1983 3911 2715 3804 3227 3360 3475 2368 3736 3393 3742 4833 2999 2844 2753 1501 2865 3874 4428 4049 3735 4134 4580 2604 4829 4401 10 1955 3676 2862 4784 3243 3023 4945 185 3589
3153 4212 2852 4723 861 4727 3574 272 3730 3238 2987 3727 3805 458 4115 1703 2137 3177 1297 1525 4953 2893 4222 1541 1029 1379 1519 4795 4479 4698 695 3908 4400 1915 1190 1457 2654 2581 1445 4643 512 4350 940 4809 109 3419 1777 333 4400 3573 4243 1127 2977 3954 2055 1604 3017 3579 3781 4805 3155 2754 4501 4051 1956 230 873 791 1745 17 3742 1692 4915 3575 4746 3448 4183 3336 1492 4953 4218 4938 2725 3698 2525 4678 410 4644 1238 2219 2513 2343 810 3558 4651 2698 178 2660 2004 871 4692 2224 714 4878 3907 4973 2655 4331 3855 2830 3943 3491 1389 222 4355 1640 3047 4699 560 4370
391 4995 30 228 2853 1007 3484 3385 4930 1280 2339 4232 3436 1976 3111 4251 1843 4973 4671 3411 3863 134 2395 2602 3324 2494 1837 2805 3046 2577 3382 4666 848 723 1686 3667 833 2142 4643 1942 4734 3916 674 967 840 1298 2435 474 493 3679 289 1497 514 416 1220 1783 1006 4601 4687 717 1026 3299 2957 92 2164 163 4096 557 2241 1899 3764 2999 3124 26 4181 4692 3718 3638 3137 2570 3299 3247 2565 3090 1858 1813 1303 3600 4148 2292 878 2879 3067 4114 4336 3509 147 1245 2388 1534 2979 4778 1376 326 3029 633 3570 4989 437 2400 436 3915 4254 827 15 3391 4091 3554 1640 2591
2209 1646 3504 983 215 4231 1423 1962 1765 145 3691 188 3721 673 4785 516 730 4481 2607 2078 3143 438 3632 2627 2887 3542 4471 2475 2644 307 4188 2942 4527 1415 4192 3252 234 4476 512 4734 1859 1639 2545 3355 4845 4839 4511 2965 2090 4669 798 742 1455 843 3473 496 4929 3035 866 3518 3311 2948 4463 3950 1318 3278 2190 3952 3070 153 3141 4781 3976 4787 2703 4588 4092 3597 26 3330 4534 658 1594 126 2535 2740 333 4076 417 3298 407 1409 564 1512 3811 4367 2722 2348 3063 1465 778 3433 3534 1545 3442 370 3193 4283 2401 3105 3377 3026 4603 446 3775 2503 911 2532 1469 2856
2329 149 1441 4409 3165 474 211 2194 2655 588 1225 703 655 1041 3586 1276 2203 4314 2678 1631 4753 4010 2721 4943 2151 4555 2253 2075 130 461 552 4792 773 278 363 88 2863 3429 4350 3916 1639 494 2167 2789 3975 501 617 2228 552 2683 3394 4247 4459 4174 2660 384 1277 3241 35 2828 2144 941 1735 2086 922 926 2261 1854 2604 4560 4707 449 857 3163 3293 1536 1783 3828 473 4073 4528 2855 1839 1815 74 365 2714 2890 731 2898 3013 4413 2134 2350 1908 3088 3840 4089 4387 2407 2637 3026 1649 3947 3451 979 4383 4262 549 2511 2957 2620 959 3291 910 2225 303 269 2099 662
2433 1469 2808 4118 4296 3554 99 3064 4398 829 3621 4698 3030 3196 3325 4125 4223 2942 3866 1517 57 3871 3111 2563 4457 2335 4385 1184 567 4564 1831 4718 1640 1496 3846 736 1784 1416 940 674 2545 2167 4886 1234 1146 1183 1033 706 897 4538 4932 1205 1394 3802 1874 1406 1935 1170 2425 3404 3077 4422 1277 629 3040 86 1256 4227 4715 1624 4029 2007 77 1590 78 4518 4848 4854 4143 3661 1999 1408 3366 2239 1454 1939 350 3776 239 2589 624 2416 645 3670 790 1652 610 1587 523 627 2496 1979 2705 1022 4717 1278 4043 563 763 2088 3918 2759 4511 2053 3276 2919 3466 1945 3770 2416
4616 449 4864 2292 1653 2893 2769 1283 4809 2617 3122 1257 1671 4051 376 4929 2077 1890 1565 189 2742 893 2207 4163 344 2980 1723 578 4092 3416 1843 1669 4596 1462 3809 4327 993 194 4809 967 3355 2789 1234 4648 4365 4408 3638 3726 791 2720 1858 4663 385 3325 2025 1115 2541 1662 1443 710 2846 1155 1456 215 252 1881 3805 3381 227 2019 4542 616 4298 1384 2520 451 2110 2523 2641 517 2578 851 4613 1107 3108 1400 2751 4056 3807 781 2617 2785 44 2279 1781 2503 2464 3075 2813 937 1994 3997 283 1253 4385 4275 1411 2053 4255 665 4998 3636 1956 1467 3561 3965 3861 2870 3459 2773
2640 4543 2231 2444 3317 3866 2714 4310 806 1083 3811 4888 3689 2227 1760 960 938 4057 480 1442 2103 4555 4494 3407 3017 4611 4614 4294 3500 3701 2615 960 2113 2990 3214 503 2013 454 109 840 4845 3975 1146 4365 4546 4894 952 1932 1228 460 152 3643 1701 2000 33 2371 2151 570 2123 3065 1958 4762 3044 2115 479 601 4330 1210 3382 2218 2135 3084 529 3307 4587 2755 3116 1829 2193 3147 2668 2899 2879 2727 610 4928 4809 3219 3735 3010 2655 3151 3324 789 2677 4889 160 4459 3621 697 3604 3637 3497 705 563 234 2223 711 3244 1074 1367 4494 2254 1882 2330 4602 2616 3276 1232 2595
1629 1659 4724 4402 755 4726 657 2096 1723 2054 2976 4349 3983 1891 1531 2529 2810 4387 1884 4401 3586 1423 569 2858 2780 4833 1757 2968 3946 882 2328 4083 3010 3990 656 1526 2319 1822 3419 1298 4839 501 1183 4408 4894 3021 371 4512 847 1750 3816 1068 4135 4970 1087 3908 2475 4220 2781 3232 4632 1941 4608 2057 2662 2032 829 610 36 127 595 1173 3669 3785 119 664 4601 2946 447 2692 2844 4098 1445 2678 4878 1990 785 4904 1985 4988 271 2501 4012 565 1213 4312 809 1510 456 2393 1597 2876 2277 4955 4939 202 746 2781 952 4622 1154 1786 4157 1606 539 3271 1357 1670 3210 4689
2381 65 149 2440 1232 1730 278 4135 1472 1649 1752 2395 2750 2364 51 4594 4963 1090 282 1616 3858 2288 3075 1247 1553 1860 191 2478 2595 751 2660 2318 2219 4738 2877 2141 3558 4853 1777 2435 4511 617 1033 3638 952 371 2581 4318 2789 395 4930 2518 202 1455 1851 1233 3418 3618 3282 3436 3707 1587 3312 460 4368 367 3122 3403 318 2010 4704 2976 1137 360 2611 3856 4724 1095 2231 355 3181 3181 1418 3527 673 4403 4751 3442 4554 2279 2348 2332 3070 3190 2518 4438 1572 3002 2087 1197 1537 651 3235 1717 3578 3062 4139 2262 4355 2598 4765 2310 3434 876 1239 3258 701 4105 3049 1450
117 1631 1651 3052 1565 2998 2830 3622 2860 2276 1640 4969 4224 162 3621 4168 4359 1407 3326 1861 129 3109 1655 2331 1328 2887 452 3269 1029 4421 2998 66 4447 3658 1643 2112 4510 532 333 474 2965 2228 706 3726 1932 4512 4318 687 3616 3576 685 1094 287 3883 3523 669 2227 2167 4922 2690 4085 34 1314 250 4592 4670 321 951 4171 3605 2878 689 1502 512 3301 4003 4860 3886 3399 1719 402 2328 2803 4478 2674 3093 396 3292 2393 2996 1069 4075 4364 1774 298 2226 1925 1063 964 4266 1289 4354 4282 3439 3195 4542 4885 2659 3585 2926 2958 3547 4725 4168 2818 2785 2866 3633 3983 2849
3025 989 2174 4631 3015 2706 226 3218 1463 4786 4945 3212 214 2980 1955 3369 3772 3730 3751 36 4015 4859 1873 4569 1940 251 4244 1542 3691 4833 99 2578 3019 711 4857 2802 1275 171 4400 493 2090 552 897 791 1228 847 2789 3616 117 113 4819 4488 2563 1690 575 167 3443 1444 4796 559 1895 1008 4786 2658 648 4305 4171 4427 4083 3210 4629 2433 1216 4986 370 2568 423 2404 4934 3481 843 2865 4042 850 723 953 507 1702 1956 3908 4351 3792 4401 2761 4755 1861 3964 2918 3693 3531 4531 1103 4547 1122 1379 1087 1064 2158 4341 3307 96 4734 3416 4734 1830 86 4197 1857 805 2689
3736 3619 2362 1136 4767 3553 1322 2638 3420 1521 2840 734 1486 211 4931 47 2414 41 337 4282 3876 3889 79 4053 1691 1090 3742 1461 2272 1360 410 3057 4712 4898 3834 3345 4690 4573 3573 3679 4669 2683 4538 2720 460 1750 395 3576 113 2965 3551 2011 4473 3342 3436 387 845 1499 4549 832 356 798 2848 3590 1016 2911 1269 2359 3619 3615 3568 1548 1134 4411 3761 4076 496 2973 1132 1754 3643 4322 4752 2878 199 3009 2193 1168 4106 3219 2656 2338 3596 4575 927 1856 3897 2771 2028 4822 4843 4985 2440 1673 4836 925 2508 792 3895 3076 2800 1623 4281 4478 4168 4128 1070 808 419 704
1213 4331 3985 4260 4939 4369 1203 1541 1411 546 3481 153 1144 2120 4062 24 4255 4142 1995 1329 2432 3342 4545 2603 4792 1552 3759 3175 3392 3476 3236 1592 3362 827 936 1345 4172 4628 4243 289 798 3394 4932 1858 152 3816 4930 685 4819 3551 431 2598 4941 4236 4874 2695 4558 816 59 2295 2026 1544 4585 1696 958 1196 317 354 4121 4949 1520 4808 3161 2022 492 3535 2150 3801 622 1336 1244 1468 3087 1228 1733 1360 2037 3121 2385 1482 1061 470 1779 4696 4656 3285 1727 2293 2538 840 783 434 1562 1848 1750 3008 373 3132 4218 2147 4467 455 3718 2212 2193 4746 3666 2515 1442 4236
841 1751 2831 2164 322 4974 1491 3546 476 2979 3094 3367 215 3073 4671 4129 1020 1264 1932 687 606 2048 1052 550 3476 2332 168 397 2663 1582 1092 4525 4252 3055 1820 4637 3492 2155 1127 1497 742 4247 1205 4663 3643 1068 2518 1094 4488 2011 2598 4324 4165 1127 118 4807 1596 3754 657 4498 1248 3252 3311 1970 1958 917 1788 3662 1343 354 4165 641 4235 1798 3949 962 3203 783 3806 4163 1612 2280 4539 3609 3613 2523 641 1552 43 235 3419 761 1240 3310 4356 4386 3921 3329 2605 1696 2694 4651 3784 2224 4664 1984 4260 4867 3789 2824 1497 3548 1244 3248 4764 2402 4020 928 1498 3567
3990 1016 1616 391 4491 594 874 324 2954 458 3875 332 4812 1608 540 2959 3191 2405 1017 3912 4497 3859 400 2613 1876 3555 3172 3551 329 4891 1998 4631 2123 3070 2815 1341 1360 3910 2977 514 1455 4459 1394 385 1701 4135 202 287 2563 4473 4941 4165 1397 3344 465 2858 681 2094 4438 3606 4623 1873 59 3806 2036 2596 411 4847 380 1194 1229 3298 723 2418 4590 979 3298 2099 3367 1696 475 2315 1697 2410 158 1259 3191 1525 1593 667 1518 1300 258 2980 3601 3962 2764 647 830 961 453 3862 786 3734 2027 708 2096 3925 1219 4048 456 544 3680 2660 2777 4990 3690 2658 4955 1829
3622 682 3952 4020 2866 4793 920 513 2903 1786 3987 3668 2551 3864 1888 1000 1131 2449 1838 1816 1391 2928 1561 4640 1695 4248 1939 1594 929 1539 2465 2122 4849 3670 1608 1981 133 812 3954 416 843 4174 3802 3325 2000 4970 1455 3883 1690 3342 4236 1127 3344 2223 4530 3505 2586 1013 2650 4238 2601 1368 366 2335 1226 4686 381 3564 569 430 4077 226 2838 3704 22 4525 187 2946 850 354 971 518 2923 2670 4656 1366 1500 414 2695 2864 4715 2527 3092 3726 4230 3882 2478 4371 2299 856 1177 1124 1915 537 4024 4243 1400 2209 3084 4738 4436 717 3929 10 3925 436 2822 270 4834 2942
3427 3357 1443 674 3773 1784 3938 4174 466 4455 2890 2831 1869 4006 3943 1930 2771 1857 1051 4278 1508 1134 299 4247 742 766 3696 3509 656 1789 1538 3316 4368 2374 4966 3358 4326 4555 2055 1220 3473 2660 1874 2025 33 1087 1851 3523 575 3436 4874 118 465 4530 816 3712 1533 3992 1375 4342 1242 3754 4786 2102 3611 736 4696 1090 2796 981 1993 3389 2915 2076 4867 4289 208 1994 261 1396 593 2255 80 407 4053 3886 2744 2244 1305 4651 289 3008 2944 2214 1396 2302 1938 4595 1167 3202 3519 198 1633 1816 1067 1539 545 3666 4728 988 2255 3988 865 1873 183 4198 2827 3274 4063 3394
4357 2265 3835 2855 45 3440 3029 2849 2499 3961 2558 1522 4317 2443 4353 4683 2674 3751 883 3651 1167 3592 3044 4128 758 1561 2345 3342 640 707 60 1011 4838 1563 4956 2665 267 2319 1604 1783 496 384 1406 1115 2371 3908 1233 669 167 387 2695 4807 2858 3505 3712 2322 1937 1293 3680 4969 283 2782 2327 1798 2157 2526 3133 2507 3519 594 940 2261 4522 2173 3934 4216 2090 612 3489 4394 1064 4025 4684 3403 4729 2588 376 29 4286 2029 2370 2990 2625 1395 901 2960 722 1818 697 2240 224 2053 4059 2622 3826 2893 2552 491 2718 3597 4606 2069 2378 1582 1964 3431 2328 1750 4449 4573
4105 3369 3887 466 2589 2982 4494 2955 193 2739 412 4968 3517 2714 470 1230 2148 3157 1785 4254 307 1325 495 576 2629 1558 3059 113 3239 4723 2228 2357 2339 4564 3764 3511 4590 1568 3017 1006 4929 1277 1935 2541 2151 2475 3418 2227 3443 845 4558 1596 681 2586 1533 1937 3611 937 2318 4637 3318 1677 4703 1633 4518 2598 3114 739 3130 39 2273 778 670 1032 333 2974 3611 2974 2141 2239 1246 4032 2359 4062 3182 4290 692 3668 733 4057 1369 2308 2235 3987 1488 1483 2888 279 3139 547 1760 2500 2853 4017 829 1010 2818 4872 2130 1363 2637 4326 865 620 2727 1062 3026 2350 2566 2501
4677 4134 1731 4508 1936 2447 3970 329 459 671 1896 760 3685 1578 1478 3734 1511 2219 832 1201 4960 4945 1401 1600 1924 2178 3371 2648 1171 1361 1653 3229 1398 1019 150 2253 10 769 3579 4601 3035 3241 1170 1662 570 4220 3618 2167 1444 1499 816 3754 2094 1013 3992 1293 937 3420 4099 3748 3324 3281 2399 227 3044 1152 3716 3915 3854 400 2594 1865 4579 4040 1832 4000 100 1720 3130 3940 3713 2278 1787 3191 433 3358 174 582 2805 391 127 4540 2527 169 2232 1193 4718 4350 1471 4896 3309 4437 469 3646 4848 4395 4417 1033 876 2030 1041 3326 2949 4101 3573 3526 2923 192 2168 4298
4791 2848 4009 4110 2914 3359 2424 2885 940 243 2287 4612 600 3993 53 4754 785 1371 3935 539 877 3532 403 1164 856 1024 2073 2931 3503 4086 53 2133 2575 4058 1077 3593 2719 1573 3781 4687 866 35 2425 1443 2123 2781 3282 4922 4796 4549 59 657 4438 2650 1375 3680 2318 4099 1826 4559 1663 1586 4346 2883 3185 1883 1131 2919 3526 200 1352 748 4788 2079 2988 184 4458 1460 1038 732 192 2098 1360 3175 1495 801 4718 523 4984 847 1545 1657 849 3441 1923 568 3127 3895 3409 4146 620 3036 3655 1656 1988 4272 1075 2031 4351 4090 1227 4663 3244 4746 935 3388 1971 822 3920 16
3458 3665 4497 839 3779 1116 535 2782 4190 4554 4214 1430 1350 4146 4955 1728 3907 1865 2380 2850 1176 4000 1457 2772 3155 3884 2976 4860 4052 3095 1631 2501 1033 558 4924 1769 754 1843 4805 717 3518 2828 3404 710 3065 3232 3436 2690 559 832 2295 4498 3606 4238 4342 4969 4637 3748 4559 2180 2099 3372 3180 4616 278 4278 2095 1634 979 4150 35 4001 3289 4402 3415 215 3602 2667 726 1119 3367 4515 2777 891 3618 567 1817 3378 1954 2898 1391 3585 469 4427 2987 2014 371 436 328 3444 2993 4174 144 2585 4470 1862 844 1180 1708 3321 1063 4907 3493 137 3566 1016 2561 2452 2066 4283
602 506 4013 1155 1657 4746 4836 138 4555 4190 2414 4890 509 3561 727 1473 2700 842 1024 3856 1181 879 626 2353 3684 3315 4067 3322 2321 2551 1821 4411 2994 4043 3954 753 3333 810 3155 1026 3311 2144 3077 2846 1958 4632 3707 4085 1895 356 2026 1248 4623 2601 1242 283 3318 3324 1663 2099 2468 589 4153 693 1900 3180 2843 2694 2301 876 2021 3872 778 3799 4354 64 1387 806 1521 2416 4508 344 4655 2253 4701 4035 2012 578 189 1558 2690 4176 2297 4075 639 3380 3928 4795 1157 2741 1066 1204 3897 3348 795 169 2010 2064 509 721 1472 2845 4955 736 4488 3629 3542 930 3629 4383
4815 4365 4669 3523 1372 913 4302 1765 4030 771 3807 277 2389 3532 859 3087 3738 585 421 3182 3143 3382 2900 4417 1045 3561 4140 4741 3184 1331 1151 1451 1943 2135 3681 4784 434 184 2754 3299 2948 941 4422 1155 4762 1941 1587 34 1008 798 1544 3252 1873 1368 3754 2782 1677 3281 1586 3372 589 531 4035 4974 4870 4217 1088 228 3409 3450 4278 3757 3378 3599 2072 1187 2721 4911 4199 2313 3268 4882 4082 1311 3694 2717 1780 4122 462 2284 2516 2993 3079 3969 126 3341 3156 1286 3276 1751 2772 1478 4214 3560 4926 4292 114 4513 38 1216 2546 1629 3441 2803 4748 3438 1973 4024 519 1845
1792 1018 2556 4753 3486 3706 3884 266 229 1574 1878 2202 1063 1095 4744 2773 4094 1019 1372 3774 2177 3390 1582 4533 2364 306 1376 31 1830 4165 1077 1767 4910 959 3153 3632 3798 2956 4501 2957 4463 1735 1277 1456 3044 4608 3312 1314 4786 2848 4585 3311 59 366 4786 2327 4703 2399 4346 3180 4153 4035 337 2175 2655 685 2700 1071 4366 4439 2773 1903 4683 1042 1269 3338 1630 2238 4767 4971 4052 2300 4517 201 2555 2711 4562 3265 4867 2926 2049 1073 647 4000 2946 1913 2467 4327 1802 1887 3099 890 4886 4808 419 2696 4331 1023 4546 3139 4306 1971 1438 4263 2018 2331 3970 1134 4013 3129
2055 495 378 2530 760 4430 1557 4624 3849 2124 4964 3664 1277 4722 4151 25 132 2597 234 2497 1594 4163 2292 4184 4637 808 160 1033 4363 4731 196 3886 4329 1649 2773 1240 838 4228 4051 92 3950 2086 629 215 2115 2057 460 250 2658 3590 1696 1970 3806 2335 2102 1798 1633 227 2883 4616 693 4974 2175 4774 4531 1523 1833 4928 965 3956 676 3770 1004 2029 2629 536 2030 2995 3991 1904 2144 96 170 2237 2687 2427 4645 917 2038 4817 2900 2783 863 1793 4758 602 4010 4228 419 781 244 4776 1504 1563 3672 4052 1859 2482 4492 1903 2041 1990 4688 488 341 3122 4707 2947 108 3183
44 3046 113 4642 1355 1695 197 2902 2116 736 3688 172 3988 4215 3212 756 2153 4389 3714 3681 559 1035 1543 3050 4730 3419 4846 2588 348 19 4585 1378 2782 2162 4476 1011 3531 768 1956 2164 1318 922 3040 252 479 2662 4368 4592 648 1016 958 1958 2036 1226 3611 2157 4518 3044 3185 278 1900 4870 2655 4531 253 2685 1755 20 585 3609 3911 4983 1527 4630 827 271 3095 4468 2835 2815 3788 173 4335 2608 1906 419 2472 3075 3748 3509 4887 3092 557 1039 966 2503 1890 1415 3450 3195 1797 4398 1716 1221 3909 1935 3700 3829 1709 3120 3590 1214 2415 4666 3632 2290 3072 1660 1861 39
2967 1953 3327 2942 2626 4520 1754 125 881 1753 3166 2039 1635 4492 1389 3582 3444 4635 2471 2502 2867 2087 581 408 3548 36 3259 4033 675 293 933 4785 3380 3782 3898 4630 595 599 230 163 3278 926 86 1881 601 2032 367 4670 4305 2911 1196 917 2596 4686 736 2526 2598 1152 1883 4278 3180 4217 685 1523 2685 1707 3454 3027 2939 4657 2169 3075 3580 2410 3325 1564 4989 1892 2018 4782 2453 2360 4572 4556 1701 3591 2949 469 4127 3275 1133 1564 795 3684 2476 2763 2325 1435 2620 4642 1640 2849 2211 4778 73 3730 546 2332 2622 482 2393 3951 4313 3359 210 2122 988 2730 428 3314
4915 2034 3386 3320 1044 4918 1877 2651 99 3631 3185 2891 1835 4124 212 1432 3173 3928 2905 3837 3117 90 986 3276 854 1566 4002 3680 2990 2532 4793 1121 410 3629 3300 4515 1005 2655 873 4096 2190 2261 1256 3805 4330 829 3122 321 4171 1269 317 1788 411 381 4696 3133 3114 3716 1131 2095 2843 1088 2700 1833 1755 3454 475 3419 2572 1685 848 4243 4586 315 4577 1739 2782 3118 1578 4734 640 1198 4539 2167 4470 1353 693 3811 3152 1532 745 3083 76 3142 320 834 1301 4329 859 2326 707 2447 3027 4429 825 2717 4793 4346 83 4782 1341 2948 3999 4511 1067 214 4543 1963 1084 3431
4889 3945 2522 69 4615 733 3528 4541 4864 1814 3412 747 635 3637 15 432 1229 2443 3025 4352 1959 2244 398 2356 4374 518 3341 2551 1814 84 1561 2915 3679 1346 1845 3080 432 2592 791 557 3952 1854 4227 3381 1210 610 3403 951 4427 2359 354 3662 4847 3564 1090 2507 739 3915 2919 1634 2694 228 1071 4928 20 3027 3419 3074 2740 3690 2219 4882 741 3250 947 3866 2244 2074 1945 4928 4629 4376 4398 526 2598 1326 4176 32 1865 2430 3158 2301 2159 2721 2362 2830 2189 2432 4311 3067 523 2805 4154 3416 4324 4897 635 2150 2552 1233 1364 3932 749 1937 313 1496 3383 1493 3346 2362
