N: 120
M: 20
Symmetric: true
Triangle: false
6 49 97 26 82 46 27
5 69 64 84 118 103
5 21 79 75 45 110
4 100 47 61 33
5 18 74 109 89 39
9 65 8 11 14 25 48 1 9 41
7 102 6 31 104 32 93 120
5 42 19 83 70 78
4 107 98 73 117
6 111 52 62 44 37 24
9 115 13 112 16 66 95 57 20 71
10 63 80 53 7 58 56 5 2 35 59
5 29 38 40 94 34
7 10 101 113 77 87 68 90
5 22 88 91 12 30
3 86 92 81
6 99 67 116 3 17 23
7 114 85 96 72 60 106 28
7 51 4 119 54 76 108 55
5 43 105 36 50 15
2921 947 2718 1503 3947 4408 1498 1332 2592 4568 4926 4578 4973 3300 4237 4136 1745 984 844 1520 1941 4788 1974 1630 4007 4230 4561 1225 3063 1001 2109 3613 4745 2556 3302 2600 2107 4585 3929 1595 3572 3177 2183 2345 4627 4976 3343 3045 2330 1061 1305 1666 1298 3112 1418 4308 1328 3357 1530 3029 1857 4827 2875 1256 384 3810 1158 1768 3585 3696 968 930 2832 2110 4186 4339 839 3056 3116 3730 2153 845 1210 3708 1283 3641 21 3617 2945 3183 1793 2415 4431 4871 477 4752 4954 1784 2790 394 4915 3080 3493 1656 3714 2004 2681 4964 2462 1400 1376 71 4261 951 4601 2520 4706 1868 2258 2714
947 4400 623 269 1400 1426 962 101 2961 1920 2780 3919 2512 2162 2605 3342 3695 3823 1985 3088 805 1507 637 3340 16 4350 1139 3889 691 2156 845 578 1274 276 767 1295 4140 411 1051 3173 2080 3206 4478 1952 4881 3577 1805 2840 843 1126 2824 1009 4452 2617 2833 3550 2065 2881 1907 3950 2758 748 1760 2129 2497 4121 4572 3116 4726 2811 1885 387 769 954 3662 453 280 2270 2111 362 4796 4442 4792 1037 2125 4827 3283 1320 261 4538 4668 50 1470 1777 1815 1051 4561 1240 397 1722 29 2200 3024 2769 2187 4874 2563 4275 3532 476 4542 4360 1892 4954 2854 3081 1097 3951 3663 2100
2718 623 1764 4761 689 4852 563 3553 923 1800 4434 2734 1328 683 104 4161 1641 3291 4130 1365 2657 4982 830 954 4125 399 3220 3140 4954 2047 1366 1186 3033 1444 119 1830 146 4425 495 20 750 4584 4486 285 837 4056 2793 302 600 2169 3968 4397 291 4512 818 1010 3872 2292 135 3247 3287 3889 2934 4969 865 910 1951 3156 4470 315 2885 729 1920 3142 1198 266 3222 375 2487 3119 4425 478 4093 1100 4205 3277 781 906 1284 3925 4193 353 4149 1071 4703 3562 4677 4753 4454 1294 2292 1933 1390 4762 3771 2693 772 1991 4950 3473 4439 644 1111 1688 2075 4624 355 3977 3292 779
1503 269 4761 3109 4043 4296 1438 1274 2272 2571 2073 2474 1582 3434 4257 665 4083 4556 1132 2966 2177 4602 4558 489 2568 1024 4070 2872 719 3416 1482 2037 1952 3085 3965 3724 4456 1272 4853 843 129 2875 4910 3579 1122 3315 2195 2445 3181 288 3357 1263 3382 3692 4996 1981 2006 178 2670 2818 3362 392 1642 4424 734 2429 10 1217 4877 3716 3888 4559 3189 1097 3031 543 3916 1620 840 1285 359 4676 4710 198 648 752 283 4762 3584 2471 3264 1761 2560 2673 349 199 4644 357 4914 4675 366 2816 2761 3667 3180 444 4387 2603 4417 242 4287 3306 2885 2907 3260 1178 3444 2538 4785 806
3947 1400 689 4043 735 3284 3623 2603 1763 3535 385 3011 26 3101 493 3723 3443 2111 3821 4018 1692 4846 1340 180 1481 3616 3622 4968 3221 3322 4045 988 4684 2240 4351 542 3341 3914 3040 2666 2856 1272 4359 2675 4670 4370 2948 1645 3631 1376 411 1247 2761 4104 684 3290 1727 402 851 234 4527 1591 32 2042 2620 3305 4901 2988 629 312 1487 4863 3334 3874 1857 2704 4211 1451 2087 122 3918 3124 4269 1472 2083 676 1213 4848 2759 4010 1142 1631 3228 4897 3018 1153 4751 2814 400 3278 4764 2985 373 2820 717 1759 2098 1847 4214 1046 2000 2336 2129 2280 1919 508 1578 2901 2331 3466
4408 1426 4852 4296 3284 1865 4020 4343 3734 2760 2170 3419 1588 116 3281 4863 4886 1502 1365 2649 4977 4858 1572 2636 1466 1724 903 3990 678 694 2713 3338 3280 4570 2597 3343 905 3752 1485 1643 2908 3491 930 75 2630 279 4669 197 1866 1641 1893 2940 189 3098 4870 1880 742 931 1803 2232 2988 2314 1988 3068 1581 1724 532 1312 4225 2204 3402 4150 2890 3238 3600 1382 2826 4616 2670 4858 971 155 1886 1175 4847 2257 1001 1855 1064 4787 491 4929 3275 4400 2303 649 1625 654 2851 3203 1029 263 2970 699 4115 2560 1244 2468 3176 4082 3754 978 178 416 3672 2581 493 4475 362 4462
1498 962 563 1438 3623 4020 3230 2249 1210 3645 4756 1120 3149 2711 2320 1427 1944 1964 1860 472 2635 1013 4176 4750 67 374 3210 3309 2364 3708 1369 849 4508 389 1036 938 2406 1654 2686 2588 4149 71 4991 910 1854 4256 1783 4773 2480 928 4831 2536 2762 4165 3933 2069 50 1910 3193 4491 1738 2036 3305 1384 2595 1450 4954 241 4193 2080 857 4994 3828 1033 1313 1205 2252 2320 625 3512 1189 3783 4754 3749 3909 891 2075 352 2468 491 2462 2311 2734 1668 2505 2327 1624 3475 1524 591 4775 4625 3088 420 2291 4648 705 4904 1932 1576 2692 1994 1853 4502 1760 615 2976 844 500 3658
1332 101 3553 1274 2603 4343 2249 920 4205 1806 4897 1379 930 4022 3881 4711 3460 1887 878 4021 1995 3300 2534 2883 4834 2616 3351 2668 4284 1236 3171 1472 1025 4784 4127 1145 4318 2501 3265 1128 673 2899 2943 1175 3595 1514 2422 33 4096 3185 2645 1205 863 3874 4471 1503 214 51 4674 3242 3777 2880 4752 2508 2656 928 2464 2496 1305 4218 4677 2686 1556 2586 1440 1971 4899 1409 3226 4346 1486 1916 2056 858 3997 3655 4009 4689 3076 3977 2506 397 2806 4992 1818 2603 3949 3031 2508 3830 2261 141 442 369 4862 1324 4169 3639 1008 4928 808 3396 2506 4269 114 4297 2629 4483 1158 4510
2592 2961 923 2272 1763 3734 1210 4205 2291 2427 2959 571 4943 395 2502 623 2912 4874 3040 4802 3724 885 3248 1038 950 4047 2969 348 1999 1007 2944 3524 3523 565 1504 908 4639 4514 1365 3155 727 628 316 3245 2927 4844 3451 248 905 3082 271 1339 1397 4849 4471 3374 23 1342 2512 3440 1305 2062 4333 4204 4397 1559 3050 484 4543 2782 1789 4849 1108 1671 1151 4643 3101 2856 3389 312 3251 4284 2975 3099 2291 4338 1176 4090 4643 3960 2005 434 1026 1774 1886 4216 1617 4819 1753 3652 704 776 4318 702 3447 2119 3449 2654 2712 4748 2572 1500 1223 2249 772 3756 2565 405 1312 4298
4568 1920 1800 2571 3535 2760 3645 1806 2427 3622 4014 3081 797 891 4877 2655 387 2384 4758 1889 1749 2521 1993 4466 1791 3599 3670 1008 3097 3786 3611 2992 1203 1883 2188 2416 584 3599 2850 3125 235 3474 405 481 533 2273 4021 4591 3934 1124 931 1392 1991 3386 3135 4070 1301 1262 2646 3704 720 3606 1178 4535 515 2861 2761 2082 4208 4115 1951 2457 3641 1384 3771 1977 1914 3807 4996 382 1506 3807 4654 778 1990 3144 3899 2591 3478 1081 3402 4475 1474 4101 796 4100 3541 271 527 4566 3759 3233 2929 2411 3666 10 3732 3654 4346 1658 798 3527 4985 2327 835 927 1113 3590 2863 2252
4926 2780 4434 2073 385 2170 4756 4897 2959 4014 3794 2123 2010 4543 104 2846 649 920 4190 2159 1676 733 2210 2384 4722 4791 3205 503 4132 3627 658 1831 720 1365 1344 2183 3660 4120 1883 472 1328 112 1889 3647 190 4003 4545 1950 3671 3520 4585 2029 4590 721 3118 586 4733 4977 3225 3207 4787 4575 4804 1449 1072 563 2651 793 1707 4300 4093 2361 2749 2959 4388 1922 2506 481 3380 2011 3069 4401 3140 3332 3693 2307 2061 2126 548 886 4546 3598 1568 4743 1011 1247 2650 1801 1552 490 4880 323 4258 1079 1617 2626 1192 1709 4501 3423 4222 3659 4996 2270 2910 4233 3936 4300 4762 1191
4578 3919 2734 2474 3011 3419 1120 1379 571 3081 2123 1529 232 4272 3470 1938 4552 3286 2329 1131 1410 1179 4602 2169 741 3225 3330 4063 4295 695 1785 3211 685 2437 4763 1072 4284 2521 2748 311 2746 234 2996 4161 1544 4589 129 1381 3386 3475 2206 1030 1653 4179 499 3421 380 3051 3653 4449 2807 939 4225 136 208 2577 208 4563 305 2794 530 4072 4465 239 1244 4707 3293 4233 2342 2945 3396 1473 4368 4041 717 3121 4849 2314 1334 2713 3462 4764 4408 1148 2758 1546 4365 4782 3425 3408 4927 3800 3823 1983 4930 1573 4015 3041 4086 4819 1683 1797 1569 4436 2681 4890 2022 878 103 1765
4973 2512 1328 1582 26 1588 3149 930 4943 797 2010 232 4526 3705 3648 4738 2631 3612 3987 2961 1104 3102 3501 520 1447 2290 1110 3569 3682 23 48 1703 3961 4379 4631 4794 4206 3231 3974 387 4678 2291 1754 4099 3242 451 4849 1711 820 1833 3286 4161 2080 3505 1427 3338 209 125 4891 798 2259 3610 2883 1183 15 3112 143 897 4174 2786 1252 1299 327 1233 476 4417 4618 665 146 4709 2868 785 2084 784 3429 1943 1926 3574 2622 1940 353 3674 1666 3459 1895 2610 168 4717 1589 95 2712 1894 4474 4738 677 924 1394 3293 782 1868 217 783 3893 89 3459 2144 3568 4438 2683 1971
3300 2162 683 3434 3101 116 2711 4022 395 891 4543 4272 3705 668 1569 4053 604 1336 4473 52 1695 3799 4077 865 746 4712 2818 1331 2181 2817 1262 2356 876 2976 1781 1999 3615 3090 1650 1464 2332 2592 1687 2424 1946 2570 3906 3354 3107 264 3750 1728 1622 4577 2344 3426 3413 1414 1871 4658 2209 2292 3648 1526 4997 4319 2011 4168 350 182 836 4168 3453 2149 960 1473 517 2882 1238 890 1828 2486 324 3487 3063 3049 4405 3929 3274 2590 2802 1793 4528 2622 3055 1186 3720 1441 969 4446 375 643 108 3249 3019 808 2272 69 4247 4732 1888 916 2419 1067 1939 670 2563 1091 4123 3816
4237 2605 104 4257 493 3281 2320 3881 2502 4877 104 3470 3648 1569 1856 4428 3962 2916 1797 559 3531 599 2940 1089 3083 574 2116 2946 3832 4332 2676 3349 1459 593 349 666 3603 2175 1285 1186 66 3101 3977 3306 2212 278 946 2136 2734 1352 3804 4898 607 4019 3018 1877 3333 293 1850 2182 492 2346 3108 3992 3650 1889 1804 3878 3225 2248 4174 1637 580 4565 848 620 1840 1957 2867 3852 508 1322 3960 2390 1064 373 190 372 938 4442 4668 2218 2184 4774 948 913 2302 1772 3242 1851 383 685 3957 2069 20 2051 4661 2270 3911 3629 1230 4717 3028 48 4193 160 1589 4772 3474 1120
4136 3342 4161 665 3723 4863 1427 4711 623 2655 2846 1938 4738 4053 4428 2549 1565 3283 905 2795 181 619 1310 2489 560 1480 1382 1084 4322 4307 4791 3687 734 113 4569 4825 3189 116 1521 2539 3575 1632 2024 3679 3162 3109 2877 2268 4553 4243 432 3855 376 126 561 566 54 3035 3025 3658 4842 3622 1701 1344 3819 737 4226 3524 3307 1462 3131 2517 2016 1700 3880 4886 2474 1756 822 3168 4840 2543 4188 1593 3009 3807 256 1436 4187 3932 4526 2288 4146 3477 4108 3749 3022 993 456 4319 3400 3448 4921 654 4471 3127 4253 2652 3880 4015 3834 3251 4098 445 1576 1957 2796 3692 3175 4645
1745 3695 1641 4083 3443 4886 1944 3460 2912 387 649 4552 2631 604 3962 1565 4313 98 624 2927 901 3795 3975 3279 1392 2617 3891 1804 1180 987 4768 4784 1293 2394 2478 2065 3540 2608 4776 4373 2520 3858 1691 3139 2849 2672 987 69 1004 1078 1150 893 1829 2735 3247 940 3310 492 3238 1010 972 609 1374 3875 3000 3875 1441 1443 4338 1665 1557 4748 1474 3528 1972 623 447 3306 3767 4697 3066 1881 3705 3389 1634 32 2838 4288 4021 2884 985 727 4676 3397 1551 947 4071 641 2166 1287 3704 4325 4219 2148 2823 2907 2117 945 345 4542 2622 3349 4811 1529 1617 3270 4014 1023 2158 3222
984 3823 3291 4556 2111 1502 1964 1887 4874 2384 920 3286 3612 1336 2916 3283 98 1749 4291 1026 3024 2684 4774 1129 320 2760 394 4024 846 2409 4020 2803 3045 3361 3049 714 4648 4547 474 952 871 33 3947 2518 4206 877 1282 2155 1445 2045 1941 4511 4193 4355 884 4615 3427 3362 1736 1417 488 2413 4482 555 4925 1134 4620 24 390 2612 1376 3919 636 908 2547 584 3041 4127 4295 1995 2213 3615 21 1110 137 2733 1741 3877 580 2721 4552 1157 3924 211 4881 2268 672 2303 3646 2113 3642 200 3579 53 206 2941 3640 1148 3756 4437 666 1428 4586 3764 2470 3016 564 2939 1802 503
844 1985 4130 1132 3821 1365 1860 878 3040 4758 4190 2329 3987 4473 1797 905 624 4291 2498 1570 2299 246 4460 3391 3816 3858 4215 1366 619 706 1205 432 4182 3895 1953 2930 1523 3794 239 1277 4652 3401 2299 3276 3235 4165 2243 2050 812 1794 1527 4472 530 3939 576 3449 3150 124 2201 3151 3442 555 3246 2758 389 3271 4555 231 1096 2859 1759 3771 40 4853 4884 3800 1388 1135 4890 4660 2496 2496 1554 4952 3995 4292 3513 3785 2369 4531 3510 1130 3368 4023 4735 755 983 2716 3843 4665 586 891 2276 3224 2492 1439 3204 1100 1930 1439 4506 3750 4901 3446 228 208 2744 1094 3045 2340
1520 3088 1365 2966 4018 2649 472 4021 4802 1889 2159 1131 2961 52 559 2795 2927 1026 1570 4421 2356 562 3120 2020 3138 1005 2799 299 715 4934 2534 3131 655 3336 11 3709 2838 4478 2618 2382 3804 1780 1376 742 298 2857 4278 4468 1353 2292 447 3783 2789 4046 2130 2082 4470 4288 499 3821 4434 4234 2635 2992 4124 4419 3055 2576 817 4218 1231 3051 2852 474 4197 582 3973 4616 3147 872 857 3384 1392 1438 879 456 2939 3383 498 38 4240 255 2034 2475 3753 2289 497 516 3771 2376 4091 4109 4395 3628 314 4394 435 4397 1384 3991 2074 1219 497 1775 849 2120 234 3150 2177 1822
1941 805 2657 2177 1692 4977 2635 1995 3724 1749 1676 1410 1104 1695 3531 181 901 3024 2299 2356 333 4605 2962 162 4485 3074 1269 3427 2453 131 1110 2279 2383 3104 4470 2898 2284 4522 2388 1548 2793 1289 2664 919 4399 1875 3353 1702 2451 4280 217 1168 2684 1292 2554 3048 2581 3970 2634 545 1967 112 1104 2026 153 4197 1548 2028 2172 3460 3760 676 3156 576 3387 2840 794 3750 2457 303 430 532 534 435 2983 2772 4443 4927 4128 1797 3077 3566 105 1531 4254 1807 4232 1412 3679 2522 4614 3458 1386 360 3622 2887 1116 2968 3456 3696 2847 1082 712 267 613 3056 1206 1951 780 3926
4788 1507 4982 4602 4846 4858 1013 3300 885 2521 733 1179 3102 3799 599 619 3795 2684 246 562 4605 2659 3908 3944 4262 2132 690 3854 4350 4246 1041 1428 4477 2317 3019 3814 101 1899 4788 3256 764 4259 2079 3516 2105 1820 605 4824 1637 4491 2212 2498 1694 2823 2523 2650 3344 4669 4865 2114 1896 3325 2576 3679 1280 4302 2976 2535 991 435 2962 3950 2200 4726 3001 3575 659 2882 2311 1234 2933 465 110 1910 1190 1176 4369 3988 2061 2548 2688 244 2215 4256 40 1177 3556 3028 3153 687 4379 2864 3427 3107 1817 1354 1661 3648 3266 460 1684 3459 4913 4549 4417 4926 1764 4690 682 789
1974 637 830 4558 1340 1572 4176 2534 3248 1993 2210 4602 3501 4077 2940 1310 3975 4774 4460 3120 2962 3908 654 305 4675 1841 128 2906 2258 2686 2208 3851 2531 2167 2872 651 1554 900 1557 4410 266 2136 4342 2864 4768 3325 3120 1127 979 3093 888 64 3841 4877 953 1150 1155 3718 687 4515 3866 3789 870 4204 2352 1736 4273 2552 4290 1533 2418 3793 297 3231 2096 2685 1028 234 273 3539 4801 3472 86 4335 3264 2464 4894 4841 240 1664 287 2432 4237 4331 3052 2476 1466 1866 943 4344 4459 673 2306 1710 361 1487 3276 931 751 2553 1381 2888 2305 3732 4575 3032 2497 3558 3441 1636
1630 3340 954 489 180 2636 4750 2883 1038 4466 2384 2169 520 865 1089 2489 3279 1129 3391 2020 162 3944 305 4202 805 2036 2770 4926 3058 1566 3836 2745 2710 3572 3007 3781 539 4765 1364 107 3563 3760 3688 2522 1696 875 714 321 3062 271 3980 4965 4298 452 1286 4620 4995 2611 1622 1882 2638 740 4651 953 2017 1162 777 1842 3343 168 1687 4363 987 4118 3795 136 980 4130 1851 2297 4491 255 2026 4859 2020 4002 4287 1282 3216 3453 357 2846 904 3725 4345 1027 68 3894 438 1150 1470 3422 460 2570 1077 478 3274 2496 753 1190 3878 296 4164 2445 1319 3905 138 3913 3499 528
4007 16 4125 2568 1481 1466 67 4834 950 1791 4722 741 1447 746 3083 560 1392 320 3816 3138 4485 4262 4675 805 3087 1993 2979 1018 15 1113 3667 65 4232 4810 3143 3635 3682 4262 2469 3665 928 3742 3984 267 3452 4671 2110 2176 2537 172 182 660 2542 1675 690 4682 572 2977 1882 2684 84 3258 1321 4955 375 4898 2475 4478 3156 4330 1100 3425 1013 3685 1294 4455 1508 3884 2002 2020 3459 521 3929 1183 3365 873 4198 995 3955 4491 4501 2571 4917 3964 236 3700 967 3905 3276 1781 3484 3475 2043 1845 2846 4297 3438 2644 3579 435 3490 2244 917 1607 3815 2716 2891 3204 952 630
4230 4350 399 1024 3616 1724 374 2616 4047 3599 4791 3225 2290 4712 574 1480 2617 2760 3858 1005 3074 2132 1841 2036 1993 780 3743 1965 4074 741 3617 272 1190 3782 86 2569 66 3886 2715 4902 3201 2353 103 2459 4108 106 2728 3312 3516 4362 2737 1501 4038 2606 388 3990 3697 3251 458 4863 1231 3235 3452 716 4795 3768 4690 2181 4259 4711 3122 3880 4628 1101 1864 3917 3143 1357 4918 1874 4386 3564 200 4091 4642 3772 2069 3671 3056 95 4619 4973 409 28 3522 3515 782 1017 593 2598 1188 3059 1229 2713 3158 3599 4320 3795 3383 324 4298 375 3623 1525 3277 1802 1321 682 610 1295
4561 1139 3220 4070 3622 903 3210 3351 2969 3670 3205 3330 1110 2818 2116 1382 3891 394 4215 2799 1269 690 128 2770 2979 3743 1776 2931 1179 4493 3473 1537 1091 3140 3749 367 1577 1151 3896 1817 660 1253 4635 2089 1387 3243 2563 1822 2630 3586 4772 431 989 2935 204 4496 3118 2584 2953 2135 4266 2699 4346 4940 1316 1296 3229 3648 3742 4773 594 1320 2659 585 3742 3136 4593 1387 2240 4818 2480 2820 1684 2524 4951 3195 3317 719 4960 3296 427 3038 4571 2268 1207 4042 4437 656 974 3247 4016 1289 2609 706 3956 4060 1598 1883 1051 658 3052 4838 4155 4099 149 2850 2699 162 1573 3619
1225 3889 3140 2872 4968 3990 3309 2668 348 1008 503 4063 3569 1331 2946 1084 1804 4024 1366 299 3427 3854 2906 4926 1018 1965 2931 3914 88 2731 3786 718 1641 3796 4587 2785 1957 4142 449 3290 3074 3884 1332 3656 3606 1430 3244 4692 2876 1548 631 3785 1128 3128 3539 2403 482 346 2813 784 1525 3274 3465 1172 1379 4002 132 4447 2017 4397 1175 2176 2633 144 4377 1520 1959 720 4579 2844 889 3384 4561 4928 4343 174 3487 4058 857 2654 1842 2255 1815 832 1428 4246 1702 2437 2385 3011 737 166 4147 838 4926 3399 4223 4105 3916 608 1829 4372 2762 3127 1548 4354 3313 2058 3726 1000
3063 691 4954 719 3221 678 2364 4284 1999 3097 4132 4295 3682 2181 3832 4322 1180 846 619 715 2453 4350 2258 3058 15 4074 1179 88 3946 138 1202 1857 80 3164 1950 1910 2458 2950 4781 4050 1085 3617 3509 524 718 4813 4654 411 82 4122 3323 2084 4360 1531 2264 3995 1239 4623 4828 1092 125 497 1499 1382 4173 3907 1250 4925 2628 996 211 656 268 4488 689 1254 2181 1644 4018 3511 839 3149 3380 1104 1457 2418 2114 4385 4320 1812 1061 1772 340 4554 4678 4903 554 3436 1473 3939 1940 2698 3467 3471 2795 3284 901 3757 1258 3769 1723 1475 4512 1235 3279 1887 4426 2299 3084 1210
1001 2156 2047 3416 3322 694 3708 1236 1007 3786 3627 695 23 2817 4332 4307 987 2409 706 4934 131 4246 2686 1566 1113 741 4493 2731 138 3270 4337 2646 3142 1313 3649 3447 4429 615 2791 3059 4017 1157 4447 4320 1838 1105 4546 312 1948 4495 3658 4239 1917 4906 4758 2828 4114 2397 4171 2276 4084 2469 1437 2885 1804 722 4778 874 2098 3165 4486 3471 453 4950 2548 3844 2422 3411 4018 1634 2941 1619 4494 3485 1706 3186 763 4350 2284 2250 3097 4647 3711 2599 4607 3371 3879 2018 2461 1191 221 2557 2243 1648 4227 2201 1787 3349 3585 2729 3181 25 1832 4547 1061 408 3911 1142 4204 693
2109 845 1366 1482 4045 2713 1369 3171 2944 3611 658 1785 48 1262 2676 4791 4768 4020 1205 2534 1110 1041 2208 3836 3667 3617 3473 3786 1202 4337 4988 3051 2510 2657 377 1070 2176 4257 2487 442 1846 184 909 2372 2294 4336 4218 705 250 1297 4860 3871 1333 3720 2803 960 4555 4706 4228 4923 4096 4206 416 4991 364 2739 2674 1740 2626 3477 4160 330 3899 4481 2971 1889 3777 4734 1085 3374 3510 4755 2574 3454 3986 2073 3406 3265 215 629 231 2952 2755 386 1395 1925 122 2448 718 1253 219 3572 4707 2643 4581 864 3430 710 504 665 477 1089 1397 4565 4354 1461 4245 1916 4367 1780
3613 578 1186 2037 988 3338 849 1472 3524 2992 1831 3211 1703 2356 3349 3687 4784 2803 432 3131 2279 1428 3851 2745 65 272 1537 718 1857 2646 3051 463 1356 2888 2489 160 3716 1305 2375 2954 532 312 2065 340 2720 2405 2651 1955 1834 3440 745 2070 2008 4839 1865 3678 1276 4244 3589 1240 2658 149 318 416 3071 2195 4040 669 4777 2531 4770 2326 917 2661 1317 4313 4398 400 4246 3809 626 1629 402 4583 1628 821 130 3732 2104 277 387 4610 2914 597 4272 4141 4463 4625 721 320 2147 305 925 2072 2827 329 4559 2584 1951 4794 1663 251 2445 4443 1499 4597 1288 1411 208 941
4745 1274 3033 1952 4684 3280 4508 1025 3523 1203 720 685 3961 876 1459 734 1293 3045 4182 655 2383 4477 2531 2710 4232 1190 1091 1641 80 3142 2510 1356 858 2916 3127 4375 672 280 387 4844 3819 4532 1718 547 867 3049 4699 4670 4789 3733 80 4987 3261 4121 2526 1990 49 2671 4410 2372 4677 2855 996 169 3515 4619 3376 984 3116 3401 3290 2234 4082 3482 4308 4111 911 410 4503 2577 3712 1185 1320 2129 3870 906 2928 4039 2543 1155 1829 4453 4683 719 1558 265 1176 115 1342 2802 1035 1230 4580 245 4192 1017 4208 1715 4145 4341 3828 4565 4606 3926 4375 1571 3863 3681 3288 4235
2556 276 1444 3085 2240 4570 389 4784 565 1883 1365 2437 4379 2976 593 113 2394 3361 3895 3336 3104 2317 2167 3572 4810 3782 3140 3796 3164 1313 2657 2888 2916 48 4350 100 2810 2568 1512 2656 1609 809 431 3710 256 1837 4936 2135 2050 480 4582 3713 3857 3228 413 2153 2859 1112 299 4464 267 2718 3511 2049 949 1824 3520 4890 4054 2189 1545 4820 4413 3182 1968 1635 4662 1516 4055 2732 461 2955 3840 3595 2099 881 1796 4790 4223 1436 3626 1525 3676 75 2103 1475 1990 4483 1294 693 833 57 1064 4340 3757 4389 444 924 2526 4258 2791 477 4844 4278 4564 1839 758 3308 4363 2276
3302 767 119 3965 4351 2597 1036 4127 1504 2188 1344 4763 4631 1781 349 4569 2478 3049 1953 11 4470 3019 2872 3007 3143 86 3749 4587 1950 3649 377 2489 3127 4350 519 3064 3732 1267 4163 4508 2026 1981 2069 1667 4285 3680 522 646 17 2684 590 3420 2362 2072 4300 4535 673 2804 397 116 4410 335 3667 3938 145 281 4754 2202 4713 2445 652 1434 4754 868 3417 2640 2008 1240 2394 1885 2433 2540 4614 796 4596 683 3016 230 4322 433 1434 4833 2685 915 115 118 3850 113 1398 1764 167 296 4323 2464 2720 4111 2693 3564 433 2938 1961 1179 3325 3370 2938 4931 1723 1646 4343 1751
2600 1295 1830 3724 542 3343 938 1145 908 2416 2183 1072 4794 1999 666 4825 2065 714 2930 3709 2898 3814 651 3781 3635 2569 367 2785 1910 3447 1070 160 4375 100 3064 191 1343 448 970 682 1890 1020 3725 938 3377 3935 3856 3145 2583 194 828 4988 950 4542 3954 2410 3854 845 4707 3595 2642 4785 2505 3177 121 1361 1598 2270 2923 3653 4913 3865 665 2052 1548 2706 2251 4752 4688 3759 4386 4710 1284 935 1937 1403 3381 4959 3657 3150 592 757 2489 3889 2537 4160 4993 151 249 1730 1185 66 440 151 3219 3757 646 858 1314 762 2256 2053 900 4990 1523 803 1241 1854 4451 1913
2107 4140 146 4456 3341 905 2406 4318 4639 584 3660 4284 4206 3615 3603 3189 3540 4648 1523 2838 2284 101 1554 539 3682 66 1577 1957 2458 4429 2176 3716 672 2810 3732 1343 102 2831 2239 414 689 2801 4896 857 4376 3355 4367 455 4265 3185 1911 4474 4950 4472 2457 3273 243 2408 410 4520 645 2410 4827 1137 1981 2771 1506 891 634 4969 531 4516 2763 3680 4518 3211 4687 2020 4907 2675 1689 1468 1865 4480 3275 2108 3117 3111 1895 3675 92 2058 3827 2418 3066 1803 3123 1443 1359 305 4296 1503 2876 85 181 578 3281 175 242 368 1905 2549 926 4543 402 2569 4294 3810 2967 3188
4585 411 4425 1272 3914 3752 1654 2501 4514 3599 4120 2521 3231 3090 2175 116 2608 4547 3794 4478 4522 1899 900 4765 4262 3886 1151 4142 2950 615 4257 1305 280 2568 1267 448 2831 4011 3626 954 3205 572 698 98 1931 510 4504 4554 4756 4259 1983 4873 2106 243 3429 4695 3236 4922 3083 2495 3027 4659 2203 4208 1713 1233 3784 951 208 1040 4271 587 3219 128 558 1818 4129 2609 735 1569 903 3681 691 3247 3619 1217 3621 2391 538 2341 2598 630 1679 3862 3673 4970 1847 3975 56 4416 3933 501 4530 3849 3757 3976 4298 4995 1788 2220 2231 3690 2816 1846 641 3719 51 1369 4836 1244
3929 1051 495 4853 3040 1485 2686 3265 1365 2850 1883 2748 3974 1650 1285 1521 4776 474 239 2618 2388 4788 1557 1364 2469 2715 3896 449 4781 2791 2487 2375 387 1512 4163 970 2239 3626 1229 653 2568 3302 1829 2064 1545 4681 2479 1694 2829 1630 446 2771 2912 2153 386 4865 74 2527 1505 2460 2847 619 2390 1142 4145 1986 1513 2817 3815 4975 4738 1014 1431 4030 4169 1084 1512 283 4812 4714 528 4582 4339 1624 555 3355 4364 1062 73 202 1805 303 1434 1062 2920 952 2017 1813 4253 4004 3708 3665 4618 839 2823 41 1352 3403 563 1806 4314 2452 3112 3974 790 4028 1908 3443 3075 2258
1595 3173 20 843 2666 1643 2588 1128 3155 3125 472 311 387 1464 1186 2539 4373 952 1277 2382 1548 3256 4410 107 3665 4902 1817 3290 4050 3059 442 2954 4844 2656 4508 682 414 954 653 2622 860 1382 1491 738 584 4580 2664 1738 1865 1794 335 935 2957 3837 3795 3223 2753 2404 1619 2766 3955 387 520 4063 1826 915 4069 1183 2659 3368 398 921 308 56 3936 2520 3673 123 2697 3709 3121 4909 605 3991 3954 2032 4844 1409 310 1367 3722 3955 4244 4526 4022 4801 3100 1252 1265 1210 2975 4293 3474 4744 3133 3771 1790 4248 1413 3641 4889 397 1222 1111 73 256 2509 2851 2966 48
3572 2080 750 129 2856 2908 4149 673 727 235 1328 2746 4678 2332 66 3575 2520 871 4652 3804 2793 764 266 3563 928 3201 660 3074 1085 4017 1846 532 3819 1609 2026 1890 689 3205 2568 860 2982 1989 2058 4802 3586 672 4397 835 2326 602 1508 2165 2560 2408 1852 959 4287 4430 997 4516 2218 2686 4085 4818 2154 236 2930 4049 2148 441 4449 2102 4040 3309 2283 146 2962 3726 891 2053 3779 4443 4761 871 4713 2992 1392 2998 572 577 375 1133 1943 3198 3731 3615 2097 3797 4498 3116 3629 2461 1818 2031 1486 3295 4446 4687 378 901 1476 3645 1027 709 4229 604 2535 3325 3102 2464
3177 3206 4584 2875 1272 3491 71 2899 628 3474 112 234 2291 2592 3101 1632 3858 33 3401 1780 1289 4259 2136 3760 3742 2353 1253 3884 3617 1157 184 312 4532 809 1981 1020 2801 572 3302 1382 1989 4754 4812 2681 638 673 1572 2740 2080 1244 4033 4679 2236 811 4676 4441 2114 1775 3703 3166 2497 3922 1049 2969 1025 164 2218 3610 785 507 1178 1062 79 271 1332 3231 394 1567 4190 4805 1538 3413 394 4786 2533 2921 4653 2869 2343 4612 598 4030 1119 2460 2034 3531 1262 4168 3172 4567 1744 384 101 3632 1523 2883 4224 3807 2306 4977 4631 2565 4889 2148 1235 2417 2877 3583 4263 2046
2183 4478 4486 4910 4359 930 4991 2943 316 405 1889 2996 1754 1687 3977 2024 1691 3947 2299 1376 2664 2079 4342 3688 3984 103 4635 1332 3509 4447 909 2065 1718 431 2069 3725 4896 698 1829 1491 2058 4812 4956 4001 70 1312 4221 878 313 1168 3822 1964 13 2286 2940 1109 4170 993 3399 73 794 1943 2410 3498 3904 1015 3797 1263 1533 1442 4867 1509 3579 2356 2369 3471 4598 1897 3860 2755 1836 3375 2096 3503 3655 4106 1938 758 4695 649 2624 2974 4438 940 32 3154 2724 109 3060 4417 3845 2546 1865 4520 978 4601 2445 309 1101 4087 4921 2368 2102 4503 1471 1686 2805 2041 1025 4817
2345 1952 285 3579 2675 75 910 1175 3245 481 3647 4161 4099 2424 3306 3679 3139 2518 3276 742 919 3516 2864 2522 267 2459 2089 3656 524 4320 2372 340 547 3710 1667 938 857 98 2064 738 4802 2681 4001 1355 3646 3293 4376 3201 4083 715 2300 4447 3809 3370 4817 4565 2598 4379 2500 685 3355 547 2078 3009 1003 2346 735 2808 581 3620 3001 1374 2396 2975 177 4469 2007 1698 1697 1327 496 1933 3614 1189 3136 2002 1430 492 3716 501 1664 54 2327 4942 4276 1829 4370 911 3959 2044 2656 1347 1408 3300 1189 3340 1095 514 209 1325 2081 3220 1888 3085 3511 1416 1569 1745 2008 1428
4627 4881 837 1122 4670 2630 1854 3595 2927 533 190 1544 3242 1946 2212 3162 2849 4206 3235 298 4399 2105 4768 1696 3452 4108 1387 3606 718 1838 2294 2720 867 256 4285 3377 4376 1931 1545 584 3586 638 70 3646 3242 4409 3627 966 2411 797 3359 676 3135 2006 2909 3341 444 4473 1562 2013 4961 1232 4162 2823 197 1854 2763 329 4969 1055 2840 280 2496 2734 1570 2482 1442 2273 4118 1312 3969 1446 1721 4897 1628 2788 1525 4064 411 4740 1964 3998 2353 3608 887 4753 4622 4783 1108 1487 2468 1996 820 3871 1421 1784 4444 1010 1093 2549 4951 1703 1159 2908 4824 4997 3897 1891 2593 3218
4976 3577 4056 3315 4370 279 4256 1514 4844 2273 4003 4589 451 2570 278 3109 2672 877 4165 2857 1875 1820 3325 875 4671 106 3243 1430 4813 1105 4336 2405 3049 1837 3680 3935 3355 510 4681 4580 672 673 1312 3293 4409 3010 4368 529 1471 739 2030 3152 3672 314 3768 3692 676 1270 2443 3594 1468 2002 4316 4706 3578 4120 4000 1633 3245 1765 520 694 3690 4725 2498 1535 32 592 3587 3244 3459 3253 666 1324 2450 3385 1965 4572 4009 4022 315 4829 4781 1287 1484 86 3989 1345 3234 1200 1306 2173 4765 654 338 2383 324 490 4304 270 2621 4096 4720 887 3954 2363 925 2505 3980 1857
3343 1805 2793 2195 2948 4669 1783 2422 3451 4021 4545 129 4849 3906 946 2877 987 1282 2243 4278 3353 605 3120 714 2110 2728 2563 3244 4654 4546 4218 2651 4699 4936 522 3856 4367 4504 2479 2664 4397 1572 4221 4376 3627 4368 1107 2694 1511 1373 2343 3861 4386 4922 4275 1077 2485 222 2941 2044 1586 3265 2516 953 4609 117 3285 4692 4055 3639 2206 2476 53 99 4374 766 2086 1767 994 1369 3794 4717 671 3773 3997 1922 3160 3656 4876 4064 3990 4978 2298 3434 899 3915 1474 2789 2578 831 2829 663 3474 3302 982 4175 4200 183 4045 979 2008 263 1581 625 1517 892 2166 2919 2888 3935
3045 2840 302 2445 1645 197 4773 33 248 4591 1950 1381 1711 3354 2136 2268 69 2155 2050 4468 1702 4824 1127 321 2176 3312 1822 4692 411 312 705 1955 4670 2135 646 3145 455 4554 1694 1738 835 2740 878 3201 966 529 2694 2812 1963 336 2360 4518 3176 3389 3615 2310 1114 2011 2288 4294 2771 844 4140 975 91 155 3084 46 2723 4150 4542 2422 4952 3171 4276 4820 1252 3325 2837 781 3016 3174 1273 1274 953 4772 1847 912 482 4413 3124 1923 4673 919 3183 528 1113 499 4919 367 2195 767 4686 2582 3230 3562 4339 3653 3043 1879 3108 2345 4201 265 4211 4065 96 4005 2802 4275
2330 843 600 3181 3631 1866 2480 4096 905 3934 3671 3386 820 3107 2734 4553 1004 1445 812 1353 2451 1637 979 3062 2537 3516 2630 2876 82 1948 250 1834 4789 2050 17 2583 4265 4756 2829 1865 2326 2080 313 4083 2411 1471 1511 1963 4556 3863 303 2812 1898 1169 3146 1347 3745 33 2330 386 1727 2001 4330 3459 3225 2027 4791 3347 3990 4609 1629 4930 515 1172 3502 4742 580 767 1570 4463 299 4880 2945 3525 667 4810 2709 1720 2663 1188 3136 712 1985 1021 2092 3881 1309 2889 1966 737 4327 2491 1692 996 1505 330 3058 4884 4186 2432 853 1469 3607 2724 1941 584 3425 784 2690 2507
1061 1126 2169 288 1376 1641 928 3185 3082 1124 3520 3475 1833 264 1352 4243 1078 2045 1794 2292 4280 4491 3093 271 172 4362 3586 1548 4122 4495 1297 3440 3733 480 2684 194 3185 4259 1630 1794 602 1244 1168 715 797 739 1373 336 3863 1988 1751 3682 1085 1163 3750 3456 3771 3931 1339 654 2662 4403 4347 1156 4663 738 2959 1054 159 4293 702 569 1782 3843 2218 3302 4247 3599 1416 1537 1671 1166 4858 1267 1312 3646 3422 3992 2975 4599 277 398 3049 2781 2149 4105 2278 3584 4648 4531 554 2091 763 3484 4072 283 4338 709 3702 2257 610 1262 2244 4918 3217 1248 694 2842 113 4705
1305 2824 3968 3357 411 1893 4831 2645 271 931 4585 2206 3286 3750 3804 432 1150 1941 1527 447 217 2212 888 3980 182 2737 4772 631 3323 3658 4860 745 80 4582 590 828 1911 1983 446 335 1508 4033 3822 2300 3359 2030 2343 2360 303 1751 3604 2786 2720 3261 2453 2508 1215 3867 637 4618 1814 1043 545 3157 863 1429 4452 1804 1464 4417 296 2119 3376 3681 4625 3901 4158 4163 3649 2479 4640 3540 1835 1748 1217 1607 4410 2457 3587 3994 4402 639 3036 3438 2074 4535 888 4431 2150 199 3397 1901 3002 2001 4979 3354 183 2072 1176 431 3678 4496 2074 75 1425 881 454 90 4062 1598
1666 1009 4397 1263 1247 2940 2536 1205 1339 1392 2029 1030 4161 1728 4898 3855 893 4511 4472 3783 1168 2498 64 4965 660 1501 431 3785 2084 4239 3871 2070 4987 3713 3420 4988 4474 4873 2771 935 2165 4679 1964 4447 676 3152 3861 4518 2812 3682 2786 1629 1459 1833 1155 3283 1680 810 3392 457 4695 2883 607 188 2872 1836 86 1175 3186 142 459 1513 846 4400 843 3368 1430 3474 815 524 2256 3896 121 3790 4468 1642 4951 792 322 2981 244 4965 2634 4258 2661 4137 1519 2102 2121 3150 2365 1384 1938 4579 2834 1397 187 2119 2526 1017 4303 932 2864 3425 3693 2278 2106 3159 1180 4387
1298 4452 291 3382 2761 189 2762 863 1397 1991 4590 1653 2080 1622 607 376 1829 4193 530 2789 2684 1694 3841 4298 2542 4038 989 1128 4360 1917 1333 2008 3261 3857 2362 950 4950 2106 2912 2957 2560 2236 13 3809 3135 3672 4386 3176 1898 1085 2720 1459 1069 4446 3157 313 3070 3814 4759 175 2766 3610 3410 1777 3431 1295 3491 187 1307 1214 3744 2579 4148 4001 2349 1774 2648 206 1458 1718 4083 3588 3991 4938 873 2869 3562 4436 1973 133 29 305 700 1470 1624 3515 3348 746 4614 593 3558 2052 2768 4458 1213 625 1876 1361 381 3008 170 538 4470 4078 4634 4287 2768 3964 1614 2176
3112 2617 4512 3692 4104 3098 4165 3874 4849 3386 721 4179 3505 4577 4019 126 2735 4355 3939 4046 1292 2823 4877 452 1675 2606 2935 3128 1531 4906 3720 4839 4121 3228 2072 4542 4472 243 2153 3837 2408 811 2286 3370 2006 314 4922 3389 1169 1163 3261 1833 4446 4936 1677 1328 2218 3186 3767 4144 249 2824 26 780 1939 2569 230 3020 3833 4339 386 3576 203 4257 4091 1769 778 4386 4761 1520 4348 3457 3989 4788 1964 2179 4052 1139 994 3941 1862 4545 3123 1289 2165 312 2900 384 417 3420 3626 23 2148 1920 4021 4248 614 307 4539 2203 4709 365 4059 2244 2638 3583 302 1983 1255 2501
1418 2833 818 4996 684 4870 3933 4471 4471 3135 3118 499 1427 2344 3018 561 3247 884 576 2130 2554 2523 953 1286 690 388 204 3539 2264 4758 2803 1865 2526 413 4300 3954 2457 3429 386 3795 1852 4676 2940 4817 2909 3768 4275 3615 3146 3750 2453 1155 3157 1677 4846 3253 3103 2311 1364 2744 1983 1721 705 4265 3172 3434 1143 2486 4191 4532 1847 2737 2396 4631 1814 4765 4998 1414 921 3351 2123 3682 4762 3298 1971 2380 3046 1019 3174 1082 4126 1647 1888 4522 3547 3404 234 2389 1263 2774 3771 3989 4633 3474 3631 3168 4863 2270 2895 3692 2759 1591 3837 1783 1921 2948 1704 3225 4266 202
4308 3550 1010 1981 3290 1880 2069 1503 3374 4070 586 3421 3338 3426 1877 566 940 4615 3449 2082 3048 2650 1150 4620 4682 3990 4496 2403 3995 2828 960 3678 1990 2153 4535 2410 3273 4695 4865 3223 959 4441 1109 4565 3341 3692 1077 2310 1347 3456 2508 3283 313 1328 3253 2653 1239 4003 1725 1440 2416 3630 1248 960 2834 2250 3745 1986 3933 1569 4863 2105 3891 1519 1854 234 3319 4962 116 3063 3254 1184 3332 4468 3700 1143 1787 4305 1978 3811 2142 2131 41 2739 871 2223 2304 1849 1828 3591 3673 2779 1224 1070 1744 613 3178 1885 936 4849 4872 3438 2005 4395 2677 1872 2744 2987 1344 2873
1328 2065 3872 2006 1727 742 50 214 23 1301 4733 380 209 3413 3333 54 3310 3427 3150 4470 2581 3344 1155 4995 572 3697 3118 482 1239 4114 4555 1276 49 2859 673 3854 243 3236 74 2753 4287 2114 4170 2598 444 676 2485 1114 3745 3771 1215 1680 3070 2218 3103 1239 2463 2029 3597 761 4578 1270 3997 4669 4419 4554 1469 3330 2788 2648 2537 2991 400 2006 928 1941 3778 539 2580 4548 1894 3058 2178 2114 4564 2451 2250 581 2953 16 300 337 2725 3333 3344 2608 484 2142 336 298 2931 2133 738 1554 971 978 2865 3887 1869 3080 1116 4861 3229 1290 479 1537 3424 584 2548 979
3357 2881 2292 178 402 931 1910 51 1342 1262 4977 3051 125 1414 293 3035 492 3362 124 4288 3970 4669 3718 2611 2977 3251 2584 346 4623 2397 4706 4244 2671 1112 2804 845 2408 4922 2527 2404 4430 1775 993 4379 4473 1270 222 2011 33 3931 3867 810 3814 3186 2311 4003 2029 3357 66 3109 2797 2677 4672 4444 4437 2052 1890 3027 2457 3297 873 3706 4483 2616 2571 3228 4013 159 2580 1097 514 3256 3240 2649 1906 4440 3962 3946 4935 512 1092 3946 2083 1434 3889 4139 2360 162 3252 2748 2823 3255 1544 1303 528 1436 4964 1016 3127 3950 2689 2002 750 2389 4472 198 620 746 1773 4791
1530 1907 135 2670 851 1803 3193 4674 2512 2646 3225 3653 4891 1871 1850 3025 3238 1736 2201 499 2634 4865 687 1622 1882 458 2953 2813 4828 4171 4228 3589 4410 299 397 4707 410 3083 1505 1619 997 3703 3399 2500 1562 2443 2941 2288 2330 1339 637 3392 4759 3767 1364 1725 3597 66 1931 62 1961 412 1903 2453 309 3838 1868 1083 244 1384 2443 725 1394 234 2738 3291 1858 3136 606 53 505 2842 4243 1041 3232 787 1993 657 2823 3631 4655 3592 2015 3398 4950 4302 2480 4945 4239 3622 787 1913 3600 2805 2847 1791 4676 282 276 283 1661 1981 79 2607 4302 1729 2297 597 4037 4424
3029 3950 3247 2818 234 2232 4491 3242 3440 3704 3207 4449 798 4658 2182 3658 1010 1417 3151 3821 545 2114 4515 1882 2684 4863 2135 784 1092 2276 4923 1240 2372 4464 116 3595 4520 2495 2460 2766 4516 3166 73 685 2013 3594 2044 4294 386 654 4618 457 175 4144 2744 1440 761 3109 62 2591 3911 3229 2126 1697 3516 4736 1718 1565 1774 3685 1661 1492 315 2708 309 151 2607 3759 2405 1722 4936 4119 636 3176 4715 1802 2174 3944 848 4140 392 2634 537 157 3019 4351 178 984 4216 3577 1039 1302 3618 4058 258 2235 4617 3191 3978 3159 1207 2988 1911 3835 1097 1461 846 3663 1893 2640
1857 2758 3287 3362 4527 2988 1738 3777 1305 720 4787 2807 2259 2209 492 4842 972 488 3442 4434 1967 1896 3866 2638 84 1231 4266 1525 125 4084 4096 2658 4677 267 4410 2642 645 3027 2847 3955 2218 2497 794 3355 4961 1468 1586 2771 1727 2662 1814 4695 2766 249 1983 2416 4578 2797 1961 3911 4522 4825 3682 3606 933 667 2839 3767 1419 877 3131 2730 2548 1916 1102 4060 2852 838 1230 991 4343 4463 1374 1918 2370 1483 2881 3258 3169 446 2589 4260 3273 497 4961 653 2976 2357 2710 1647 3521 2529 3401 334 3862 4868 4443 4731 3063 1444 2487 1364 3031 1928 635 2406 2552 4810 1041 319
4827 748 3889 392 1591 2314 2036 2880 2062 3606 4575 939 3610 2292 2346 3622 609 2413 555 4234 112 3325 3789 740 3258 3235 2699 3274 497 2469 4206 149 2855 2718 335 4785 2410 4659 619 387 2686 3922 1943 547 1232 2002 3265 844 2001 4403 1043 2883 3610 2824 1721 3630 1270 2677 412 3229 4825 721 3072 1376 2942 4187 2325 3803 868 3122 927 1408 4805 4308 4973 2650 4703 2035 3831 23 3820 3821 1613 4504 2942 266 3854 871 4791 3774 4283 2680 2906 373 2347 1777 1317 3629 3988 4146 1996 4361 2658 1505 651 2245 4668 1065 390 2930 4529 488 712 1072 2236 3415 3214 4472 2629 475
2875 1760 2934 1642 32 1988 3305 4752 4333 1178 4804 4225 2883 3648 3108 1701 1374 4482 3246 2635 1104 2576 870 4651 1321 3452 4346 3465 1499 1437 416 318 996 3511 3667 2505 4827 2203 2390 520 4085 1049 2410 2078 4162 4316 2516 4140 4330 4347 545 607 3410 26 705 1248 3997 4672 1903 2126 3682 3072 2367 2525 2438 3362 3614 4724 2264 1467 4932 816 1019 3178 1882 3507 366 3921 1263 389 4263 1630 4849 4100 1337 2909 1162 3172 4881 951 2170 4121 1755 4438 1748 719 1164 4006 2335 239 3563 70 3063 1494 110 2323 2957 4213 2619 4768 1681 3046 2829 1947 4638 3402 3577 1125 2693 2469
1256 2129 4969 4424 2042 3068 1384 2508 4204 4535 1449 136 1183 1526 3992 1344 3875 555 2758 2992 2026 3679 4204 953 4955 716 4940 1172 1382 2885 4991 416 169 2049 3938 3177 1137 4208 1142 4063 4818 2969 3498 3009 2823 4706 953 975 3459 1156 3157 188 1777 780 4265 960 4669 4444 2453 1697 3606 1376 2525 536 2299 4134 3103 3099 3100 1548 1369 1377 1597 3975 2462 452 1086 3307 4834 3858 2412 2286 1635 2462 4421 3434 2752 4978 3810 649 3267 2525 4843 2579 2782 1952 3336 2878 554 1796 202 4470 626 1178 684 1626 2335 3123 4114 3944 4468 1083 3415 850 2618 2478 4215 671 2033 928
384 2497 865 734 2620 1581 2595 2656 4397 515 1072 208 15 4997 3650 3819 3000 4925 389 4124 153 1280 2352 2017 375 4795 1316 1379 4173 1804 364 3071 3515 949 145 121 1981 1713 4145 1826 2154 1025 3904 1003 197 3578 4609 91 3225 4663 863 2872 3431 1939 3172 2834 4419 4437 309 3516 933 2942 2438 2299 1717 4465 3362 1839 4734 1202 3027 483 2161 4421 845 4261 3046 3490 4039 1125 1829 3730 4496 552 2092 3413 3374 2389 161 3037 1489 2898 3095 3863 186 3598 2312 4377 3386 2672 91 3378 1976 3644 4270 3114 4735 4981 168 3120 1703 4084 2647 781 797 2023 3674 1852 3534 3218
3810 4121 910 2429 3305 1724 1450 928 1559 2861 563 2577 3112 4319 1889 737 3875 1134 3271 4419 4197 4302 1736 1162 4898 3768 1296 4002 3907 722 2739 2195 4619 1824 281 1361 2771 1233 1986 915 236 164 1015 2346 1854 4120 117 155 2027 738 1429 1836 1295 2569 3434 2250 4554 2052 3838 4736 667 4187 3362 4134 4465 2564 3022 63 1876 238 3010 1510 4531 3670 390 4969 4594 3088 2584 508 508 114 565 1654 3704 3800 3249 3427 2242 4519 4596 3089 1134 2771 1087 372 84 1105 3316 3193 3786 1508 205 2677 4180 1581 3649 3379 2721 2505 4647 4396 4365 2446 2745 3453 3521 17 1107 1051
1158 4572 1951 10 4901 532 4954 2464 3050 2761 2651 208 143 2011 1804 4226 1441 4620 4555 3055 1548 2976 4273 777 2475 4690 3229 132 1250 4778 2674 4040 3376 3520 4754 1598 1506 3784 1513 4069 2930 2218 3797 735 2763 4000 3285 3084 4791 2959 4452 86 3491 230 1143 3745 1469 1890 1868 1718 2839 2325 3614 3103 3362 3022 2100 3472 3477 2009 4835 4366 1879 4856 2010 3421 3935 3626 4392 3830 945 2976 1761 68 2074 810 539 1162 713 1982 2223 3144 4436 3506 1896 3862 3641 3775 245 3464 536 3092 3728 3254 2693 3896 1425 2392 4856 435 1535 4056 2408 4487 4504 592 4124 4385 2212 4163
1768 3116 3156 1217 2988 1312 241 2496 484 2082 793 4563 897 4168 3878 3524 1443 24 231 2576 2028 2535 2552 1842 4478 2181 3648 4447 4925 874 1740 669 984 4890 2202 2270 891 951 2817 1183 4049 3610 1263 2808 329 1633 4692 46 3347 1054 1804 1175 187 3020 2486 1986 3330 3027 1083 1565 3767 3803 4724 3099 1839 63 3472 2598 4977 4456 1501 4848 4880 4876 3655 910 4418 1362 1365 4308 1072 3678 1709 4063 1098 1426 1868 4423 1599 331 1226 501 3939 1521 1291 1535 773 2895 4585 4968 3361 3411 3964 599 3661 1212 3188 2205 828 4298 3431 2659 2431 4449 539 2831 2225 2150 830 2971
