N: 120
M: 20
Symmetric: true
Triangle: false
5 86 62 75 7 113
8 83 64 4 33 67 100 32 87
7 41 28 92 13 84 38 22
3 21 17 118
3 16 79 88
3 116 74 98
9 90 85 23 51 39 71 97 54 107
5 81 80 59 99 8
5 70 27 65 11 111
5 10 112 57 34 52
4 119 77 69 73
7 108 24 61 102 53 31 105
5 26 82 76 9 96
7 55 40 68 110 29 78 117
7 94 19 58 114 35 120 47
9 104 101 3 37 18 115 1 20 15
7 72 48 6 109 46 44 89
10 50 66 43 60 2 42 95 25 103 14
5 93 106 12 36 63
6 5 56 91 30 49 45
3877 4865 2828 4504 3666 4741 3864 3450 2459 3937 744 4287 2391 4110 3459 740 691 1146 730 3189 316 1567 3619 907 1978 2940 2229 4668 2899 4287 1306 2968 2477 665 188 1027 4639 4988 3526 1655 3010 1738 381 2846 2006 714 150 2489 3281 2677 2720 3056 1582 1343 470 4298 4403 4879 3020 858 4190 4593 3784 3534 3102 3743 2967 1557 4656 3449 3399 1647 803 3505 2951 116 2272 4202 1445 3318 1819 1068 4919 3673 2624 4400 4907 463 2373 876 4000 4584 273 1581 4043 3949 4100 1277 1694 4863 4871 767 1090 1722 4105 3539 4628 889 848 2255 4003 171 1062 211 3326 3258 3201 2690 986 99
4865 4643 4622 2969 1049 582 3289 1956 2456 1773 3226 389 1010 216 2991 3324 1460 919 1862 4821 4511 2652 1706 221 31 4987 4339 4151 3495 4541 2526 1948 129 3643 1835 3901 3309 4202 2306 275 4493 1980 3911 2859 474 2773 1165 2082 4492 1988 3476 3196 1638 411 134 284 3984 494 4559 4164 4861 3554 2389 4023 4749 1663 1974 1884 4294 3056 1644 231 640 1495 2582 1350 578 3694 148 4833 998 4455 4460 4933 4017 3141 4831 1399 1808 1407 152 3167 619 2265 3900 2188 1045 2405 314 2546 4604 4827 2125 629 2325 4572 1864 4744 4444 2486 2424 947 1593 1601 4945 4735 929 1211 1504 1754
2828 4622 857 292 4134 1623 843 3947 2952 1956 921 1215 4928 1450 2970 4604 235 2677 122 874 4562 3815 4631 3611 2532 2534 4660 4299 4218 4679 4030 185 3403 2621 4448 307 3933 2146 4254 4909 4318 1279 975 4548 3598 2135 4881 3831 2835 1992 2360 3911 1969 1708 4490 4118 4826 414 2330 4054 4054 3822 235 3710 4718 3417 4618 3621 1438 1279 3021 3132 732 3092 3269 4121 1679 544 1533 3208 660 3247 295 3622 738 4220 2351 1062 927 1598 2085 2930 1595 71 4519 1651 3707 1313 4102 757 4582 3462 2991 4217 2715 2669 3410 2615 349 2080 3290 3164 609 2007 3204 4500 2436 4053 2084 2841
4504 2969 292 741 2478 4300 2907 568 1338 2644 4236 2453 3507 272 3960 3321 4524 4367 3080 4850 2898 3628 667 571 3251 3112 1020 2399 1108 4639 3903 956 3671 3527 1303 2504 3555 3422 657 4488 48 4630 469 2095 4979 2669 1797 4490 1962 2484 1423 4202 3715 3860 218 2283 3696 2080 3332 1863 4834 3688 2059 3688 4905 4801 2155 2333 4213 205 327 1442 62 4906 589 368 3504 2190 4732 4524 3469 3835 1293 1197 4871 4511 2797 2036 922 4534 658 693 1400 3145 3286 3223 3669 2834 2623 1766 526 4508 2122 2582 3515 3349 1518 824 532 2683 1780 1244 2569 4161 3470 4022 3169 3188 555 4228
3666 1049 4134 2478 554 2979 2572 2450 1058 3304 103 2837 79 457 713 81 2254 3733 3290 963 1305 2270 3825 1136 4192 954 981 3266 4671 3756 2751 625 2131 221 3714 1163 440 677 550 774 4849 1939 3880 2031 4519 851 3256 1350 3093 4161 3043 2563 946 4989 3401 132 1909 1844 301 817 4954 912 511 1700 4472 4979 4583 4147 743 3172 3823 20 2726 712 882 4608 2356 1340 2199 2300 4266 1422 3294 2111 3193 1620 4154 4511 4632 203 2841 4508 339 1595 3979 3346 1351 1492 296 4751 11 405 434 1003 472 1269 584 2449 1720 3147 4437 4895 3714 3843 749 4107 234 93 963 3667
4741 582 1623 4300 2979 4436 2709 1841 125 1782 1544 1884 2405 4131 1042 2339 3495 4502 2908 255 3297 2837 3868 1763 899 2541 995 973 3085 1645 4669 3251 3250 3973 4623 426 4445 1076 3394 314 669 4427 1320 4226 3173 695 767 3894 2461 4354 1411 813 4421 325 3652 3444 4200 887 1376 3339 3943 3899 2849 989 3667 3445 1609 3909 1949 666 3851 1554 86 955 93 3209 595 615 712 875 2506 1271 4919 3062 4349 1051 788 1499 2683 560 2854 566 4556 1682 4340 2419 2085 2119 1032 1782 1593 1535 2680 4004 2971 443 1355 378 1987 3300 105 3982 1881 3810 4961 4188 1159 1334 2535 2514
3864 3289 843 2907 2572 2709 4802 4399 4838 1762 196 1482 965 3099 1024 4210 125 4717 2577 282 2179 4597 777 702 2817 2455 587 4508 2676 4766 4577 2184 3124 2841 4765 2679 1085 4354 4737 334 4554 469 781 298 2046 3975 3808 717 2272 2240 3990 3378 2763 1015 1757 2256 2414 1091 4954 2478 1388 297 250 296 3705 4108 3504 2572 3987 1664 593 2367 2273 4903 1485 1225 1994 3118 2874 1710 3138 948 825 1664 865 1176 4343 4142 4128 13 3677 1037 3311 3979 2279 244 3397 3992 417 4339 3716 2437 4656 4027 1596 2058 4161 3692 4655 607 2041 4149 2676 1213 4837 1598 3197 1012 3368 4641
3450 1956 3947 568 2450 1841 4399 3403 1861 2692 517 2805 3380 3536 3815 1026 2028 3726 747 3631 1558 3160 1889 1890 2945 1146 1698 1540 694 2469 2489 528 2983 427 1794 3612 2439 71 2053 4259 3891 4136 1580 961 3138 4395 3584 3808 1702 2757 490 2168 937 1034 2586 1607 507 4809 2933 1822 1894 3098 2263 3245 2304 597 3818 3006 4523 629 4458 4769 1936 3417 3521 4405 1670 4509 4332 337 864 4092 80 1770 3420 2801 989 4541 2504 2719 4570 2140 2460 258 3201 162 1735 2181 1151 3138 3740 74 2665 4641 1669 4263 1468 3977 4741 1539 1275 2757 4908 633 780 2398 1353 4366 2357 4367
2459 2456 2952 1338 1058 125 4838 1861 4555 2176 2020 1178 2114 2860 1301 2170 1027 3113 2419 1037 1886 4851 4638 1190 4400 1768 4631 1928 2612 1766 1437 953 1713 4539 3289 3468 3924 635 31 240 4812 1851 2897 3580 1162 3007 2043 4733 1996 3620 433 1878 977 1659 1800 3840 1502 2052 4766 2114 4858 4406 4918 1677 2103 4101 2384 185 1644 1467 94 685 3654 4504 3795 989 3944 12 1071 2208 4903 1797 2881 4227 3181 2326 4461 1312 4582 4146 377 2832 160 2326 1334 878 2651 2522 153 2630 2031 4187 336 4681 2923 635 1713 2017 1954 3834 4127 4593 2644 1365 4191 2325 4164 3240 3525 2098
3937 1773 1956 2644 3304 1782 1762 2692 2176 900 4617 1961 2548 1815 4914 4158 3288 2923 2422 1951 1025 2115 280 1911 4779 1361 3059 2633 3072 3542 870 438 4057 3233 1441 1799 1481 3540 706 4238 4315 1455 3223 1240 1985 973 978 1189 4893 4068 1590 2043 820 259 4677 2614 4257 844 3129 3190 602 3228 2713 4375 1954 4738 3104 235 3954 1713 1873 4718 3040 2370 2627 3974 3789 106 1640 1889 1792 4358 1241 4764 730 2769 835 4021 3816 2597 4537 92 4081 4083 1455 3837 2517 2635 369 3595 1880 4185 1166 1273 2258 3268 2049 617 679 274 1634 2644 4583 3832 3383 1473 2093 1086 1263 197
744 3226 921 4236 103 1544 196 517 2020 4617 3558 4987 37 3165 265 4638 4465 1069 556 1775 4799 3899 3864 3364 4322 3512 1209 3697 1071 3919 4518 4779 1750 473 1589 4301 3565 3796 2153 1536 912 2010 2433 3647 1692 4944 1145 513 3124 4449 150 1608 2041 1513 2461 4341 4651 4414 4059 1446 1389 1788 2359 2748 439 1804 598 459 2728 1612 3936 1292 1331 4749 4464 2862 3871 89 2461 960 3700 1639 2007 1289 2058 527 3809 3850 4502 3573 3536 4531 132 1628 2693 185 4333 3014 1137 3059 4971 3201 640 1623 4182 601 1771 3103 2154 2955 4982 4833 4383 1333 2883 124 591 4607 542 3419
4287 389 1215 2453 2837 1884 1482 2805 1178 1961 4987 4058 4616 4255 1934 3208 4757 3452 3940 490 4628 3427 1246 3895 4548 4983 2836 1928 2892 2644 445 3366 1346 2395 772 3529 2106 3236 783 4133 2061 2833 3146 2607 2831 3264 4214 4624 4966 1651 548 1045 1602 4468 996 1753 4737 2791 4530 3751 4327 3606 3143 1384 1621 1854 2895 1959 920 1482 2955 3301 849 747 4838 1748 3559 1186 749 739 905 1629 2706 1406 1341 2555 3124 663 1649 874 4351 202 2128 397 2211 2768 3086 1393 2020 4546 1442 1635 1840 2640 4772 906 3463 1226 2715 30 927 4328 3181 3144 305 4406 4305 1946 2240 709
2391 1010 4928 3507 79 2405 965 3380 2114 2548 37 4616 2751 2659 3656 130 4870 2024 2813 2949 1206 2337 3795 89 866 4488 2939 4996 752 4280 4467 3767 2761 4229 3852 4611 1006 2343 4218 1405 4701 3024 1746 4529 1490 208 3664 2164 312 710 4533 3994 4660 3980 4155 3302 2983 760 1939 4645 2486 2251 3032 1978 4738 724 1945 144 3477 109 2189 959 1434 1060 4590 3574 718 3773 3193 4653 1109 70 3295 1213 4263 4825 1363 3900 4296 4466 2708 883 1649 2078 3842 1598 2310 99 861 3088 4187 115 3344 1017 1490 3063 4181 4541 353 2675 3856 622 637 1136 4046 1234 1172 4969 1676 1763
4110 216 1450 272 457 4131 3099 3536 2860 1815 3165 4255 2659 3486 4789 4382 319 2770 3268 1197 1115 4119 1979 4299 673 363 3003 1872 492 3593 4598 241 12 2137 2000 3899 4975 1540 830 446 1435 149 4147 2195 430 4673 4663 3873 4252 3547 913 3909 3851 3703 2635 2221 4764 4284 4765 991 4124 2072 1463 102 1430 4498 342 676 2949 826 3795 1414 45 4739 903 654 4664 2952 552 4167 4365 1952 3948 2278 4501 2506 3734 3429 1506 2842 3520 2397 829 4933 2494 4273 3284 1034 2630 789 3812 1299 111 3007 2666 643 1437 650 2507 2717 3286 2772 3920 1183 3658 298 1293 3706 3757 264
3459 2991 2970 3960 713 1042 1024 3815 1301 4914 265 1934 3656 4789 3612 828 4514 3884 1789 2976 3406 2188 499 2158 4355 988 1207 35 4964 4379 2857 2562 4962 1558 804 2880 749 3472 4348 1939 769 2686 2538 2037 3363 3629 3570 1720 4046 601 2707 2009 1298 1397 4758 2474 1451 783 1223 410 2706 1053 4344 2658 2682 4385 2051 3617 4778 616 671 483 4350 346 2001 4325 3800 346 4790 443 3423 141 925 4617 2686 3183 4854 4284 3985 571 4933 3443 1082 2973 2931 2296 1861 65 2210 2926 1459 4454 4142 270 3365 2022 3668 2657 1040 4820 3618 3127 4351 4689 1723 390 1413 4045 1362 1911
740 3324 4604 3321 81 2339 4210 1026 2170 4158 4638 3208 130 4382 828 4299 4499 3304 2566 610 585 3476 705 388 2011 138 2084 2384 463 586 1182 3879 759 3792 4030 1487 3167 870 343 4483 4371 4930 57 4595 60 593 1213 3200 3261 2935 2354 4461 2040 2555 4340 496 431 2415 412 592 1821 4896 3536 2790 2468 4948 4292 2158 3839 1141 671 2289 1252 192 4197 2131 394 4713 3196 421 1658 1824 2347 4211 1810 144 845 1599 4502 3332 3568 1155 790 3076 3960 4193 4904 2269 1865 4098 2602 3541 3984 530 3227 3857 3585 2793 1641 4611 4712 3870 4281 4064 2293 3086 166 4330 4086 2169
691 1460 235 4524 2254 3495 125 2028 1027 3288 4465 4757 4870 319 4514 4499 1357 2143 1986 143 3005 1816 4904 1891 4848 1546 2035 4454 3031 3038 2123 4375 3504 1595 4267 2510 142 1476 1272 4151 3657 2227 4402 4370 3473 1396 2380 3751 4090 1616 3277 3565 1850 757 1681 2004 4887 2780 1293 2303 674 4942 1536 440 4946 2932 4738 3571 2645 2545 3950 3784 4369 4466 1103 3755 3262 4149 4139 4320 923 1560 2786 2135 3979 1803 4193 4870 4526 4830 3888 3422 2284 930 2537 907 1354 1698 4884 3375 193 907 2997 2640 3558 4997 2046 2642 787 3117 1795 2767 3590 2943 2721 818 1705 3396 2217 2707
1146 919 2677 4367 3733 4502 4717 3726 3113 2923 1069 3452 2024 2770 3884 3304 2143 4810 1178 2945 285 4906 682 1522 2175 1297 1505 517 3963 27 3785 2670 3637 4100 3083 3688 4877 2597 4116 4484 871 3921 230 2105 4920 311 1434 470 346 4246 3535 3469 4551 2427 2875 4767 2473 2047 4835 2662 3739 4465 1340 1261 874 3313 2951 2618 3917 1472 753 3971 618 1592 1447 389 341 2976 1960 2762 1247 4706 3721 3039 4161 1444 4291 3620 77 4617 3341 675 3837 3584 321 2005 4802 2659 4855 1980 2841 1292 3853 4723 3113 2866 2953 1497 4112 2020 4913 1635 4240 1698 1797 11 1029 4518 3620 1628
730 1862 122 3080 3290 2908 2577 747 2419 2422 556 3940 2813 3268 1789 2566 1986 1178 3939 4461 2140 1305 415 1119 1031 53 2441 1194 798 2596 1167 4392 3775 1631 4807 2582 3714 4168 1874 3965 2144 553 1373 334 1179 3162 4029 2418 798 4300 3886 4577 1897 3692 170 2694 1885 377 105 2078 523 2699 3729 818 3561 2936 4488 430 4641 546 1676 3531 4411 4263 4500 750 3931 1253 2089 1674 476 1684 2246 4680 2884 3082 4816 1432 2375 3029 3461 4914 2946 4464 3004 3690 2028 4717 477 378 902 4997 4040 124 4499 1026 813 3773 2327 345 1938 462 3449 1245 342 555 1036 1504 3031 1697
3189 4821 874 4850 963 255 282 3631 1037 1951 1775 490 2949 1197 2976 610 143 2945 4461 4187 2385 330 1452 3948 797 2814 1623 4687 1736 3409 1961 3169 4434 2020 1775 4190 2980 3709 2559 4908 4940 4067 3105 4153 2016 1433 312 1444 2959 1975 2742 4483 3803 107 428 606 3408 1646 4468 1629 2066 4988 2831 664 3369 3453 2196 1626 4728 2299 98 674 61 1801 3760 3366 199 4196 4287 1800 1793 2147 3915 3375 2876 4424 4485 3643 33 1464 4420 2543 1481 3259 2173 1807 4922 3595 1554 2442 1603 4173 4087 4638 1424 475 3214 4774 4882 1236 4987 2616 3010 3197 2685 79 3832 1389 3916 3497
316 4511 4562 2898 1305 3297 2179 1558 1886 1025 4799 4628 1206 1115 3406 585 3005 285 2140 2385 4721 3209 4076 580 3940 4461 2042 2823 547 2848 4388 1803 3539 2336 3780 147 937 2543 3253 4757 475 4873 3411 4609 3056 4031 3104 3427 3585 1941 1554 4497 2887 4643 3279 645 4393 4574 4769 2097 2858 527 495 1508 2056 1189 3645 4425 540 3278 3539 3788 541 2143 1334 3315 2683 513 4760 1170 152 3818 2458 517 392 3832 4078 3465 2816 4386 3519 3356 779 1816 4013 2578 322 733 573 3589 4456 3097 2704 2802 3895 4091 2937 564 2952 641 749 4096 4529 1099 808 4705 1471 1457 608 3824
1567 2652 3815 3628 2270 2837 4597 3160 4851 2115 3899 3427 2337 4119 2188 3476 1816 4906 1305 330 3209 3353 4027 240 1289 3021 3966 1860 1378 3468 4326 788 3352 224 168 66 2701 1728 211 4873 1879 3391 4239 3650 1506 595 273 3860 799 1806 2753 4415 296 3112 3833 2494 2265 647 2000 2399 2519 3452 1501 966 3893 4787 4556 2242 1595 1184 3234 865 81 1665 4963 4969 4367 177 3403 3640 1145 179 626 564 81 1248 3166 654 3198 3412 576 688 2855 580 2317 4453 3309 2945 4678 1296 3443 3952 4474 2989 3101 841 4219 4468 2835 1886 2707 4497 3401 2766 2452 3094 3200 3592 4543 723
3619 1706 4631 667 3825 3868 777 1889 4638 280 3864 1246 3795 1979 499 705 4904 682 415 1452 4076 4027 3561 582 673 2082 2327 628 1371 631 4310 754 2537 2070 4358 976 4976 4200 3951 1649 2715 4295 1846 4144 3346 1220 2258 2062 4829 2930 4839 1804 3531 1683 625 3314 3750 2124 2939 3667 1850 4712 4188 4090 1608 876 1212 112 4237 1028 1946 1504 1670 1707 1856 438 1428 1720 311 451 4661 2116 2115 2718 1250 1154 1922 461 3678 924 1224 4497 4630 406 4618 1462 3268 3554 4972 380 4596 661 4917 33 1475 2723 2924 2902 1973 4104 2002 3846 406 3916 1188 1048 3144 4170 4149 4305
907 221 3611 571 1136 1763 702 1890 1190 1911 3364 3895 89 4299 2158 388 1891 1522 1119 3948 580 240 582 570 2912 113 1552 3542 1761 4120 2292 4699 3531 2737 1596 312 4415 3472 108 1107 4667 4131 1838 1475 4617 3924 836 109 2041 3234 1144 1336 582 1245 4668 4418 3486 249 2436 4279 3478 4617 1563 1421 4084 3991 2788 1505 2285 302 4646 2417 599 1935 2587 2646 718 2925 1541 4664 2361 2264 1802 2256 2394 3255 632 356 2996 2917 2783 1225 3668 1833 4018 4795 808 3493 3558 496 255 1946 474 2331 3161 1947 2817 144 1643 4099 2464 2300 873 4436 2250 171 3224 3792 2841 619
1978 31 2532 3251 4192 899 2817 2945 4400 4779 4322 4548 866 673 4355 2011 4848 2175 1031 797 3940 1289 673 2912 3287 1242 2192 3297 3659 2367 2325 4827 882 4561 4958 1380 4499 1869 2794 4387 1762 1109 2562 2437 2643 3495 2936 3999 2199 78 1441 680 4027 434 2679 291 3363 4081 3583 2129 1254 3518 1932 3868 2320 4307 2103 4314 1196 2991 2336 2466 448 4725 1336 4306 1428 3985 379 4919 244 159 769 1992 4311 185 1502 278 2708 4368 1477 1391 2902 4973 411 4016 1845 1809 2637 102 3660 330 4759 625 3983 1377 3763 4982 1176 3734 108 2589 1658 1087 3239 3720 1125 2412 525 978
2940 4987 2534 3112 954 2541 2455 1146 1768 1361 3512 4983 4488 363 988 138 1546 1297 53 2814 4461 3021 2082 113 1242 4300 3236 2661 2528 2584 645 2813 129 1046 2935 3575 57 686 1722 391 262 3494 4210 4809 2495 4683 902 1877 3385 4597 1366 3100 80 477 3333 2235 582 2618 4241 2551 2121 4471 4789 3814 3648 128 3123 2992 4915 4127 4495 1946 134 1692 4082 1941 1372 1130 2692 4950 2221 4328 630 4856 2611 2113 614 2047 3173 2673 895 1478 3658 4358 3790 4374 2030 2705 2194 961 3382 1486 2518 1806 1162 4687 3735 3650 2711 1458 3554 1163 1917 198 2463 1525 1984 1672 3340 3508
2229 4339 4660 1020 981 995 587 1698 4631 3059 1209 2836 2939 3003 1207 2084 2035 1505 2441 1623 2042 3966 2327 1552 2192 3236 2416 2698 1453 1811 51 773 2358 333 3640 4967 2717 4604 1527 3952 2810 4238 4507 839 3771 2964 1897 3285 4576 3357 1265 640 3808 482 4652 3505 2633 753 385 950 1354 4363 3272 2662 4738 3923 1649 3720 1865 522 2396 4808 3523 3017 3519 2965 4249 696 4948 4043 619 3183 4156 2625 4146 1232 1385 2386 55 1949 1693 2807 4494 2415 2074 4727 661 2072 2411 2780 1440 1759 3706 4435 1110 4506 2314 695 196 4098 2084 1515 1344 2699 4041 1220 2041 43 2173 1913
4668 4151 4299 2399 3266 973 4508 1540 1928 2633 3697 1928 4996 1872 35 2384 4454 517 1194 4687 2823 1860 628 3542 3297 2661 2698 1176 1400 3824 431 4818 3770 1119 4410 2415 2837 3871 335 344 4211 4060 280 2369 3325 507 4989 4512 923 3476 1255 1425 3172 2724 2604 3214 532 618 4868 509 4022 4941 3601 2457 4905 4621 3074 1460 4989 4198 1567 3897 4959 4367 2885 962 2832 890 2536 368 601 3749 3917 4253 3965 3205 1541 2638 4122 3877 4652 2502 313 4883 3684 1642 1097 3916 2465 952 1514 694 2861 3832 4845 835 3940 3155 461 2262 1133 3440 2615 4624 2573 4022 122 929 3683 1373
2899 3495 4218 1108 4671 3085 2676 694 2612 3072 1071 2892 752 492 4964 463 3031 3963 798 1736 547 1378 1371 1761 3659 2528 1453 1400 2789 4056 926 2454 768 4540 2926 2860 1447 4341 177 840 1090 2296 995 2153 1108 4983 3779 2551 2824 1571 969 579 2607 1521 4670 1477 4424 3139 516 2523 4861 1895 754 2247 4783 680 2320 203 2073 779 1688 2667 1344 2990 1209 212 1273 3218 4385 3732 1247 2021 816 242 1425 4459 4408 3612 1953 2506 547 2550 4409 2017 4578 1876 1288 4558 1918 2016 4275 1974 1712 1736 1998 3642 1666 3352 3565 1292 2791 1219 2015 293 3818 51 1127 1001 231 1730
4287 4541 4679 4639 3756 1645 4766 2469 1766 3542 3919 2644 4280 3593 4379 586 3038 27 2596 3409 2848 3468 631 4120 2367 2584 1811 3824 4056 4486 4551 3145 727 1345 4986 4790 1445 880 4129 3168 3540 3474 1755 4000 1885 116 640 2929 4714 4493 1077 2240 652 1496 4792 4308 3745 4391 3586 88 1010 282 3142 4776 200 4237 3490 3548 1310 4001 1836 4083 3747 1839 3544 1971 605 3137 1137 3939 1832 428 4376 295 4136 578 4807 2277 1406 3974 2641 4927 4593 2843 996 4319 4788 380 4958 98 4815 4259 175 3329 1135 4139 4909 350 4185 3124 3407 1375 4359 890 3992 2311 2539 3159 264 4309
1306 2526 4030 3903 2751 4669 4577 2489 1437 870 4518 445 4467 4598 2857 1182 2123 3785 1167 1961 4388 4326 4310 2292 2325 645 51 431 926 4551 2094 2225 4159 4573 4773 996 3307 1488 2574 4706 162 3137 2589 2005 4653 2542 2690 342 919 3974 925 2524 3453 3090 3741 467 3285 1039 4853 332 3120 3392 1922 2692 2858 306 3220 1070 4563 1834 1195 4488 2774 3722 2483 925 2056 765 1430 193 4877 4495 4672 3768 3037 139 238 2928 2269 1996 4421 3961 3357 2217 2510 3633 4583 1212 3136 2888 4767 4130 418 2993 3298 2778 1679 4482 3756 4191 4209 3021 1372 1463 159 2433 216 4491 4868 3771
2968 1948 185 956 625 3251 2184 528 953 438 4779 3366 3767 241 2562 3879 4375 2670 4392 3169 1803 788 754 4699 4827 2813 773 4818 2454 3145 2225 3018 2350 3746 435 1648 2863 2650 4453 143 1293 4578 422 2702 1906 1249 865 4676 2517 2569 2575 1537 680 2906 4331 3274 4429 2142 3778 3638 4294 2280 1696 3070 779 4005 4400 1229 3685 4325 4939 1199 2603 1667 2436 2928 1269 4014 97 4225 425 2062 752 1909 490 4188 4480 572 4511 3328 3871 778 3499 1955 3353 1915 496 885 2072 1604 4480 4167 2994 2115 4559 2318 1889 4547 2293 1561 1663 4981 3414 4159 1931 3175 497 159 1565 2029
2477 129 3403 3671 2131 3250 3124 2983 1713 4057 1750 1346 2761 12 4962 759 3504 3637 3775 4434 3539 3352 2537 3531 882 129 2358 3770 768 727 4159 2350 1766 4165 1892 1067 313 4692 1109 647 1942 3919 4586 839 2246 1935 57 4727 3311 1490 1044 3106 2628 4448 277 3244 3458 3673 2780 2854 1826 1944 1565 4744 3265 4845 125 4366 3558 578 863 3740 655 840 4497 3445 1460 3023 4247 2653 3202 2180 2286 114 577 1485 2350 1916 328 3419 3383 3288 323 2997 568 2577 3023 1560 1946 2154 2508 4180 4929 4615 2197 2111 1061 316 1710 2117 1906 954 1066 3856 2707 2502 507 1689 3715 492
665 3643 2621 3527 221 3973 2841 427 4539 3233 473 2395 4229 2137 1558 3792 1595 4100 1631 2020 2336 224 2070 2737 4561 1046 333 1119 4540 1345 4573 3746 4165 4888 3597 4124 2304 4177 3032 2103 1299 4373 3640 4086 820 602 557 861 2104 2303 1234 1092 860 4968 678 4727 28 295 1832 2491 4966 4514 4662 4225 2772 4253 3248 1105 3654 4659 3221 814 1994 2045 4792 741 3515 2530 3291 4061 1099 4544 572 2838 1102 738 2143 3624 1815 2386 630 1883 1951 3869 111 1613 4123 2860 585 3834 4469 3395 367 4827 2107 1471 3702 2923 3790 2943 2277 183 4071 2782 3405 3115 3919 584 849 2614
188 1835 4448 1303 3714 4623 4765 1794 3289 1441 1589 772 3852 2000 804 4030 4267 3083 4807 1775 3780 168 4358 1596 4958 2935 3640 4410 2926 4986 4773 435 1892 3597 3283 4832 4883 3435 4532 1414 1463 807 3341 61 679 3033 1043 2887 1589 4476 4443 1291 4205 4382 2424 1716 1670 3957 4035 2211 4045 4555 4392 1576 1983 2517 347 1959 2155 639 3937 4526 4652 2048 3272 4387 143 1707 3922 2977 1038 4393 4716 1219 3864 891 4887 3551 2508 4413 1934 272 2571 4660 1566 191 2797 856 1805 1415 1374 686 4380 1168 1263 1442 1425 944 163 3869 2836 2688 1446 4411 876 683 2687 778 217 4209
1027 3901 307 2504 1163 426 2679 3612 3468 1799 4301 3529 4611 3899 2880 1487 2510 3688 2582 4190 147 66 976 312 1380 3575 4967 2415 2860 4790 996 1648 1067 4124 4832 3588 540 4991 4339 4987 3472 2350 2351 1164 4999 3955 3649 326 860 1786 3643 1996 4804 3000 535 3901 4332 2299 2855 1525 553 4760 2379 3051 661 962 788 4330 3907 4515 1854 3200 4784 4800 454 1271 235 955 931 3531 3866 4565 4048 4285 4231 4545 2778 755 3298 3526 3586 3647 826 1184 676 4641 4711 4745 264 4561 1550 3647 3112 4301 1387 305 2194 1456 1271 38 3070 3209 1007 1700 4989 4977 3740 2839 716 1565
4639 3309 3933 3555 440 4445 1085 2439 3924 1481 3565 2106 1006 4975 749 3167 142 4877 3714 2980 937 2701 4976 4415 4499 57 2717 2837 1447 1445 3307 2863 313 2304 4883 540 4643 2688 3039 4504 2020 3169 3954 3123 4099 4674 1258 355 3944 4081 3523 1596 1030 484 2722 853 1823 4465 3339 1181 3283 3399 3712 3685 2814 2856 4878 3221 1491 3624 3622 1062 2680 2170 4736 3628 1779 1930 1522 4243 3635 843 2780 4217 3667 57 4811 1608 2007 2920 1150 4054 3523 4216 2983 4634 1498 2072 3535 2145 3621 1997 3777 2846 2256 2369 2620 659 867 3663 391 2727 3972 75 1515 134 1049 4873 4518 1653
4988 4202 2146 3422 677 1076 4354 71 635 3540 3796 3236 2343 1540 3472 870 1476 2597 4168 3709 2543 1728 4200 3472 1869 686 4604 3871 4341 880 1488 2650 4692 4177 3435 4991 2688 3706 2910 2693 3720 4562 2396 4768 1041 1452 2876 1285 792 3896 1771 4231 2420 255 3929 4648 3157 894 1078 2670 1271 3313 2277 4415 852 2855 3836 560 952 3914 341 3630 4808 3870 142 3948 2170 1148 3262 3243 1608 193 4875 2230 2566 3561 628 4524 3487 1766 1227 223 4743 4026 1695 522 2073 1786 2081 281 3211 663 227 2810 1157 3939 3528 3944 1061 1440 1168 4514 1662 677 1944 555 2525 519 3665 3984
3526 2306 4254 657 550 3394 4737 2053 31 706 2153 783 4218 830 4348 343 1272 4116 1874 2559 3253 211 3951 108 2794 1722 1527 335 177 4129 2574 4453 1109 3032 4532 4339 3039 2910 1082 1776 837 1818 375 1243 4130 571 377 4617 115 4755 3234 1285 302 602 1511 3442 1753 2122 2380 1014 2377 4652 2154 1489 3740 1257 2257 3760 3364 1899 745 1973 2466 2722 3285 1673 3144 1294 1542 726 4500 2034 513 1969 1794 4360 58 2175 2107 4378 398 810 4600 4006 4950 266 3815 625 764 3518 4538 1824 3496 347 2328 754 4018 4567 4449 4762 3517 4381 4256 1956 4858 1631 3022 921 2563 4500
1655 275 4909 4488 774 314 334 4259 240 4238 1536 4133 1405 446 1939 4483 4151 4484 3965 4908 4757 4873 1649 1107 4387 391 3952 344 840 3168 4706 143 647 2103 1414 4987 4504 2693 1776 3069 1237 3317 2317 2612 2233 2637 364 1305 2840 2073 3841 2714 4603 1109 2514 41 2585 1959 4694 1104 4654 1271 2079 4348 2734 613 2924 200 3623 2420 1211 624 4486 2453 2053 2122 4936 1690 550 324 235 4203 38 2609 1903 289 826 913 1504 3522 803 4721 362 2127 3064 2684 1109 1279 336 3167 1069 2859 2746 599 4867 4382 4845 3474 2596 4619 488 357 2465 4679 2848 2009 4028 3705 2889 4920
3010 4493 4318 48 4849 669 4554 3891 4812 4315 912 2061 4701 1435 769 4371 3657 871 2144 4940 475 1879 2715 4667 1762 262 2810 4211 1090 3540 162 1293 1942 1299 1463 3472 2020 3720 837 1237 3257 103 687 2691 3191 1074 2010 1785 3086 1173 2514 437 3425 2925 2759 3325 1627 2460 2388 787 2715 3136 2914 2541 2501 2753 4643 1153 492 3275 2399 859 2606 2895 3907 3300 38 2185 1019 2304 4202 627 869 4822 3511 2655 4177 3033 2767 619 3464 3469 786 474 2692 3812 1505 1056 1741 2344 1424 1473 1827 1015 2085 3282 2206 3424 4134 660 225 4327 1969 4856 3094 1212 1571 878 4569 784
1738 1980 1279 4630 1939 4427 469 4136 1851 1455 2010 2833 3024 149 2686 4930 2227 3921 553 4067 4873 3391 4295 4131 1109 3494 4238 4060 2296 3474 3137 4578 3919 4373 807 2350 3169 4562 1818 3317 103 4498 438 543 751 391 810 1947 1705 1686 610 2070 4799 463 2406 1766 660 3129 2441 577 2009 983 567 177 2419 286 2874 3096 2176 872 192 4692 613 888 341 3818 1225 4580 4118 432 4658 3469 1093 2557 4920 3285 4564 4936 48 3090 4201 4539 233 824 1185 2748 3260 903 3327 1872 2855 2550 180 3055 1392 248 1436 1282 4482 1813 334 2995 293 2811 3053 756 4424 2905 1360 4636
381 3911 975 469 3880 1320 781 1580 2897 3223 2433 3146 1746 4147 2538 57 4402 230 1373 3105 3411 4239 1846 1838 2562 4210 4507 280 995 1755 2589 422 4586 3640 3341 2351 3954 2396 375 2317 687 438 1597 4519 2339 1590 4631 2887 794 2168 824 267 1140 2522 1172 2215 2299 4030 3074 4686 3768 2909 2539 1547 4606 2410 4076 2308 2180 4273 3317 1596 868 405 1142 4474 4135 1052 3651 1642 1068 2137 2492 3970 3424 3798 3471 2127 2430 755 1508 115 171 3523 4675 3818 4320 3414 268 1112 1461 566 1661 1328 2810 1195 153 1010 591 227 4591 1112 4307 3308 4389 1836 1384 2364 2763 4287
2846 2859 4548 2095 2031 4226 298 961 3580 1240 3647 2607 4529 2195 2037 4595 4370 2105 334 4153 4609 3650 4144 1475 2437 4809 839 2369 2153 4000 2005 2702 839 4086 61 1164 3123 4768 1243 2612 2691 543 4519 1600 4285 1007 4858 3449 4100 3888 3628 3873 1095 3715 4680 3058 4460 3399 2901 3826 2187 4867 3818 1252 2467 1913 958 4051 3988 4448 2214 2695 1976 1824 884 1196 2816 3989 2284 3073 2198 33 970 2602 961 2513 1709 4030 3918 4346 1356 828 2724 3492 1905 3619 3009 940 2056 2519 4694 1811 4445 370 1645 4040 4493 4148 959 1425 849 541 4996 1807 4683 904 4104 2489 4096 389
2006 474 3598 4979 4519 3173 2046 3138 1162 1985 1692 2831 1490 430 3363 60 3473 4920 1179 2016 3056 1506 3346 4617 2643 2495 3771 3325 1108 1885 4653 1906 2246 820 679 4999 4099 1041 4130 2233 3191 751 2339 4285 4862 2218 3967 291 928 4072 2444 3497 4964 3955 4554 3916 2482 3433 2757 2371 337 2808 2422 1001 3283 1520 4400 1629 4192 1228 86 248 3089 3280 2654 3366 877 332 3068 3575 3576 1668 703 4517 3437 2522 2878 1074 214 91 2573 784 4853 3952 2283 758 1527 3067 37 4929 1514 596 4010 463 4626 4478 4067 4939 4615 1428 4082 3767 1644 3348 1015 2813 1153 662 1358 4741
714 2773 2135 2669 851 695 3975 4395 3007 973 4944 3264 208 4673 3629 593 1396 311 3162 1433 4031 595 1220 3924 3495 4683 2964 507 4983 116 2542 1249 1935 602 3033 3955 4674 1452 571 2637 1074 391 1590 1007 2218 1924 1856 235 4339 487 1201 4882 524 977 2760 3012 4563 2051 1496 293 2956 3103 2935 2414 4821 2521 1269 2147 4842 3455 4214 418 3099 2298 2559 3127 2935 4993 4618 2584 249 4526 3709 430 943 3176 4181 11 3768 3020 2163 2521 2048 2747 2051 4629 3933 123 2995 4729 1910 2622 2469 4395 2728 2095 98 3771 461 1551 1777 2110 4111 4245 1714 27 3037 2381 2408 1867
150 1165 4881 1797 3256 767 3808 3584 2043 978 1145 4214 3664 4663 3570 1213 2380 1434 4029 312 3104 273 2258 836 2936 902 1897 4989 3779 640 2690 865 57 557 1043 3649 1258 2876 377 364 2010 810 4631 4858 3967 1856 1307 461 3448 4001 111 4344 3459 3415 3385 3253 2015 1923 2467 1588 3454 2176 4628 101 344 567 3798 1025 2091 4023 2176 184 374 3754 821 579 3439 3273 2677 307 1260 4109 3693 4747 461 4071 3533 1031 4533 2751 2748 2353 3643 511 4595 3965 4607 1511 1992 3611 1634 3791 3305 4509 738 941 2920 3140 3281 3380 1566 4960 4411 1318 4081 424 3495 972 790 3727
2489 2082 3831 4490 1350 3894 717 3808 4733 1189 513 4624 2164 3873 1720 3200 3751 470 2418 1444 3427 3860 2062 109 3999 1877 3285 4512 2551 2929 342 4676 4727 861 2887 326 355 1285 4617 1305 1785 1947 2887 3449 291 235 461 4187 1986 4375 769 2223 437 4263 1964 2015 2274 4221 1495 107 3086 4409 3560 4266 3929 3303 1332 4079 1749 3410 3382 1994 1175 575 1734 904 3236 222 3216 1822 2870 3422 3345 174 986 1106 4088 2963 2690 764 4010 3020 2938 1854 1329 2639 3909 467 258 4169 4030 3889 1684 3024 602 532 2560 1244 2215 3058 3583 4774 889 1964 245 3639 1473 3749 2420 678
3281 4492 2835 1962 3093 2461 2272 1702 1996 4893 3124 4966 312 4252 4046 3261 4090 346 798 2959 3585 799 4829 2041 2199 3385 4576 923 2824 4714 919 2517 3311 2104 1589 860 3944 792 115 2840 3086 1705 794 4100 928 4339 3448 1986 1761 3653 4470 4106 2374 1638 586 3530 3647 4134 890 3700 4949 3550 1413 3127 2291 4789 831 1219 4308 4131 3710 1979 2542 4136 2122 4997 4228 1452 1412 3161 547 172 1940 994 3580 1294 4358 3789 4963 4666 3682 2446 3779 1060 954 4828 3844 3382 462 1605 4578 4963 2391 4512 3078 906 2992 3892 3760 1302 1598 1015 2745 1084 1999 3709 1718 369 4777 4667
2677 1988 1992 2484 4161 4354 2240 2757 3620 4068 4449 1651 710 3547 601 2935 1616 4246 4300 1975 1941 1806 2930 3234 78 4597 3357 3476 1571 4493 3974 2569 1490 2303 4476 1786 4081 3896 4755 2073 1173 1686 2168 3888 4072 487 4001 4375 3653 3142 2883 1581 923 2303 3806 4780 1866 276 3971 1728 4254 1680 2018 2467 2410 4970 1927 2653 1081 1688 4112 1797 2061 1547 724 3082 1595 4305 2168 3737 1493 1121 3368 4600 4395 3806 358 3205 3496 3090 223 2005 17 512 3834 2750 2341 3548 3339 2512 4340 2204 4608 2698 2061 305 4000 1456 2988 3804 2295 631 2655 4717 988 4495 363 1180 3794 1151
2720 3476 2360 1423 3043 1411 3990 490 433 1590 150 548 4533 913 2707 2354 3277 3535 3886 2742 1554 2753 4839 1144 1441 1366 1265 1255 969 1077 925 2575 1044 1234 4443 3643 3523 1771 3234 3841 2514 610 824 3628 2444 1201 111 769 4470 2883 3912 2361 4718 4709 2782 263 818 2789 1621 2858 529 3337 739 855 3394 3976 3055 3785 457 4326 3942 610 380 1461 4719 3435 3982 1128 1473 3123 1581 803 1320 1751 710 4332 4112 4809 912 2033 2562 3163 3206 841 1251 3896 3650 2750 757 4633 2123 876 435 3692 956 2598 1359 614 4562 107 4047 3179 4377 4896 1750 1160 3981 1274 1734 3181
3056 3196 3911 4202 2563 813 3378 2168 1878 2043 1608 1045 3994 3909 2009 4461 3565 3469 4577 4483 4497 4415 1804 1336 680 3100 640 1425 579 2240 2524 1537 3106 1092 1291 1996 1596 4231 1285 2714 437 2070 267 3873 3497 4882 4344 2223 4106 1581 2361 1102 707 2882 184 3927 2663 3863 2246 3566 2642 4027 1484 4499 2700 2839 336 2498 73 2263 473 868 420 1676 3088 2641 3304 319 2777 98 1181 1238 3245 4164 4570 3461 3810 1904 2555 2835 316 2730 1267 3606 1289 1718 4324 1865 2501 1839 3903 1316 472 1226 738 414 3128 1096 488 4640 729 4640 977 238 3296 3902 4886 3475 1666 2948
1582 1638 1969 3715 946 4421 2763 937 977 820 2041 1602 4660 3851 1298 2040 1850 4551 1897 3803 2887 296 3531 582 4027 80 3808 3172 2607 652 3453 680 2628 860 4205 4804 1030 2420 302 4603 3425 4799 1140 1095 4964 524 3459 437 2374 923 4718 707 2802 3829 2699 3717 1258 2333 513 4635 1449 1995 41 3420 4503 4294 1364 1614 908 2679 2881 2483 2476 2716 4338 2240 3357 4230 2981 2438 4879 643 3147 938 3457 2592 3623 2162 1900 1325 2543 1630 2484 3570 3936 496 999 3414 1644 1571 2187 3770 2466 1345 703 1989 2813 1775 3428 3316 1723 1669 1603 1211 1410 4328 271 3211 2961 2718
1343 411 1708 3860 4989 325 1015 1034 1659 259 1513 4468 3980 3703 1397 2555 757 2427 3692 107 4643 3112 1683 1245 434 477 482 2724 1521 1496 3090 2906 4448 4968 4382 3000 484 255 602 1109 2925 463 2522 3715 3955 977 3415 4263 1638 2303 4709 2882 3829 2057 1765 4812 1822 4654 3368 4628 1220 3517 3191 237 1104 541 819 3194 2571 1926 3777 3830 861 86 1336 914 1847 3559 3479 1013 1334 444 3593 2225 4038 3957 2796 732 4493 4496 716 4897 3548 2634 4728 2572 4364 3870 2767 4067 4231 3399 4150 4849 628 4162 638 435 4434 1082 347 513 809 1725 300 376 1225 139 3798 4201
470 134 4490 218 3401 3652 1757 2586 1800 4677 2461 996 4155 2635 4758 4340 1681 2875 170 428 3279 3833 625 4668 2679 3333 4652 2604 4670 4792 3741 4331 277 678 2424 535 2722 3929 1511 2514 2759 2406 1172 4680 4554 2760 3385 1964 586 3806 2782 184 2699 1765 1105 4207 348 3817 4883 396 1394 4979 4919 2943 1558 4252 202 4711 4341 3468 328 1371 2165 4784 2237 1608 499 440 3447 4739 2192 1086 3088 3608 1886 96 1406 1789 912 1965 172 4292 2913 4947 2045 2130 2063 4237 344 4352 4964 2089 2860 3345 1785 2954 3855 4898 2625 899 107 2706 1855 3687 779 4621 621 2660 1155 1960
4298 284 4118 2283 132 3444 2256 1607 3840 2614 4341 1753 3302 2221 2474 496 2004 4767 2694 606 645 2494 3314 4418 291 2235 3505 3214 1477 4308 467 3274 3244 4727 1716 3901 853 4648 3442 41 3325 1766 2215 3058 3916 3012 3253 2015 3530 4780 263 3927 3717 4812 4207 1235 1194 2185 1075 1808 1468 2039 3839 4446 3999 1635 3419 3761 4424 3776 1767 2653 4447 4826 4005 2202 3283 2549 1512 1223 3858 4306 1486 3799 986 1283 48 4039 3414 4343 2843 2849 2445 614 602 3750 433 2222 1251 934 3982 2851 4464 4438 764 4035 1968 1352 1301 1237 2753 4599 570 2928 3254 3493 4979 1483 4943 2862
4403 3984 4826 3696 1909 4200 2414 507 1502 4257 4651 4737 2983 4764 1451 431 4887 2473 1885 3408 4393 2265 3750 3486 3363 582 2633 532 4424 3745 3285 4429 3458 28 1670 4332 1823 3157 1753 2585 1627 660 2299 4460 2482 4563 2015 2274 3647 1866 818 2663 1258 1822 348 1194 3085 3434 4212 3280 107 4117 2864 3435 3094 4293 3712 2030 420 4740 2955 4024 1982 216 1637 3714 997 1350 1315 3654 1244 4001 1924 3189 1261 3785 4681 3075 3703 3804 1850 3324 3461 2220 2695 2844 3786 528 1964 3575 3216 1285 1455 3858 3011 1099 1988 3817 4088 4807 2219 4795 4762 632 4455 2927 4286 4026 372 96
4879 494 414 2080 1844 887 1091 4809 2052 844 4414 2791 760 4284 783 2415 2780 2047 377 1646 4574 647 2124 249 4081 2618 753 618 3139 4391 1039 2142 3673 295 3957 2299 4465 894 2122 1959 2460 3129 4030 3399 3433 2051 1923 4221 4134 276 2789 3863 2333 4654 3817 2185 3434 3822 546 4748 4593 3803 826 864 3161 1647 2078 3493 2017 4420 2532 3575 4600 2070 546 33 2811 2971 3495 1442 3441 1801 3129 102 732 2612 4126 1901 2206 592 4870 2604 4650 4772 359 4026 3360 3115 492 4167 4989 2171 3677 3645 94 4782 882 745 3252 3842 446 2542 3879 249 3234 2581 176 503 84 1398
3020 4559 2330 3332 301 1376 4954 2933 4766 3129 4059 4530 1939 4765 1223 412 1293 4835 105 4468 4769 2000 2939 2436 3583 4241 385 4868 516 3586 4853 3778 2780 1832 4035 2855 3339 1078 2380 4694 2388 2441 3074 2901 2757 1496 2467 1495 890 3971 1621 2246 513 3368 4883 1075 4212 546 279 425 4280 472 2289 4172 1860 3426 2358 1995 1986 1034 2592 4236 4876 1346 4045 1024 3131 3005 4485 4022 4611 2078 1809 3698 4743 1188 2043 3219 3507 3905 3421 3845 1761 2851 1716 796 1487 3395 2316 3656 595 4909 4627 2366 431 4775 1710 3796 3732 2342 3136 1178 524 1341 2005 3872 3219 3141 349 442
858 4164 4054 1863 817 3339 2478 1822 2114 3190 1446 3751 4645 991 410 592 2303 2662 2078 1629 2097 2399 3667 4279 2129 2551 950 509 2523 88 332 3638 2854 2491 2211 1525 1181 2670 1014 1104 787 577 4686 3826 2371 293 1588 107 3700 1728 2858 3566 4635 4628 396 1808 3280 4748 425 2930 4262 4284 3697 1773 113 287 3151 793 2156 3831 3767 1654 3372 4405 1711 3879 125 535 4907 1546 3308 1927 831 4375 2398 2650 992 869 4970 4400 2408 2906 460 4185 3383 823 1651 702 1672 4578 4011 426 3106 963 4312 3709 3798 1618 1682 2167 4185 2968 1015 1015 4524 1479 895 3607 3485 3927
4190 4861 4054 4834 4954 3943 1388 1894 4858 602 1389 4327 2486 4124 2706 1821 674 3739 523 2066 2858 2519 1850 3478 1254 2121 1354 4022 4861 1010 3120 4294 1826 4966 4045 553 3283 1271 2377 4654 2715 2009 3768 2187 337 2956 3454 3086 4949 4254 529 2642 1449 1220 1394 1468 107 4593 4280 4262 4732 4277 631 4319 491 3729 1153 2862 2574 3027 201 692 1684 1616 4745 798 3308 2718 395 2633 1260 4823 3671 3419 1912 158 3564 4645 1668 775 758 4264 4354 2827 1889 3254 4170 3055 1353 1834 4682 4713 4873 1515 1933 311 1375 2499 3026 4489 4510 1922 150 823 3478 3089 696 4434 3066 1889
4593 3554 3822 3688 912 3899 297 3098 4406 3228 1788 3606 2251 2072 1053 4896 4942 4465 2699 4988 527 3452 4712 4617 3518 4471 4363 4941 1895 282 3392 2280 1944 4514 4555 4760 3399 3313 4652 1271 3136 983 2909 4867 2808 3103 2176 4409 3550 1680 3337 4027 1995 3517 4979 2039 4117 3803 472 4284 4277 1943 2968 3455 4391 731 531 303 2108 2709 4150 341 1383 3093 4114 4194 1421 478 1065 3353 4029 936 43 4836 4424 207 4325 4875 4054 1770 4637 4975 2898 2699 4677 291 788 4690 2446 3546 3069 165 1625 1714 4196 3247 47 1345 3317 3469 1144 4360 3747 3901 3717 665 143 4271 2868 1204
3784 2389 235 2059 511 2849 250 2263 4918 2713 2359 3143 3032 1463 4344 3536 1536 1340 3729 2831 495 1501 4188 1563 1932 4789 3272 3601 754 3142 1922 1696 1565 4662 4392 2379 3712 2277 2154 2079 2914 567 2539 3818 2422 2935 4628 3560 1413 2018 739 1484 41 3191 4919 3839 2864 826 2289 3697 631 2968 4955 2741 3092 2643 4376 1527 766 505 4637 576 3381 247 3495 695 887 1397 289 722 890 1155 4628 167 1838 4598 4866 3368 599 4494 589 4751 886 3372 1028 1634 3750 4971 1523 2684 4485 1169 2799 248 3675 211 374 1892 4963 4400 4708 2402 3268 2004 569 4091 3567 1351 3947 2682
3534 4023 3710 3688 1700 989 296 3245 1677 4375 2748 1384 1978 102 2658 2790 440 1261 818 664 1508 966 4090 1421 3868 3814 2662 2457 2247 4776 2692 3070 4744 4225 1576 3051 3685 4415 1489 4348 2541 177 1547 1252 1001 2414 101 4266 3127 2467 855 4499 3420 237 2943 4446 3435 864 4172 1773 4319 3455 2741 3828 791 1405 2130 106 3967 1105 2939 3068 2066 1910 2273 3676 2413 3666 4515 264 2899 3759 2248 1712 1162 4011 781 1995 220 4677 2450 1300 4605 368 408 3304 421 2926 3690 2112 2046 3563 2137 156 4572 804 4955 4066 882 2905 772 3127 3216 4993 1047 1415 2189 2043 2074 3176
3102 4749 4718 4905 4472 3667 3705 2304 2103 1954 439 1621 4738 1430 2682 2468 4946 874 3561 3369 2056 3893 1608 4084 2320 3648 4738 4905 4783 200 2858 779 3265 2772 1983 661 2814 852 3740 2734 2501 2419 4606 2467 3283 4821 344 3929 2291 2410 3394 2700 4503 1104 1558 3999 3094 3161 1860 113 491 4391 3092 791 660 1080 3948 1483 2519 3044 3967 454 2689 1526 2815 616 3665 4944 904 4066 3195 3886 119 1614 3534 4186 1239 1545 2141 3619 3788 2719 4609 4278 421 4825 3814 3569 243 2632 1251 3452 1451 4081 4104 4833 472 3636 4093 2722 4186 83 550 2464 575 423 4984 513 4017 4755
3743 1663 3417 4801 4979 3445 4108 597 4101 4738 1804 1854 724 4498 4385 4948 2932 3313 2936 3453 1189 4787 876 3991 4307 128 3923 4621 680 4237 306 4005 4845 4253 2517 962 2856 2855 1257 613 2753 286 2410 1913 1520 2521 567 3303 4789 4970 3976 2839 4294 541 4252 1635 4293 1647 3426 287 3729 731 2643 1405 1080 769 1097 3293 4068 324 3687 155 605 2856 785 1136 2191 421 1006 4581 3218 2698 942 2024 1100 2845 1376 1124 4825 2750 3668 3512 1729 3799 599 558 2588 3426 3445 558 3354 1966 4323 2913 864 4357 3725 772 462 2656 3658 4403 4113 1533 1793 4222 4530 2193 542 3750
2967 1974 4618 2155 4583 1609 3504 3818 2384 3104 598 2895 1945 342 2051 4292 4738 2951 4488 2196 3645 4556 1212 2788 2103 3123 1649 3074 2320 3490 3220 4400 125 3248 347 788 4878 3836 2257 2924 4643 2874 4076 958 4400 1269 3798 1332 831 1927 3055 336 1364 819 202 3419 3712 2078 2358 3151 1153 531 4376 2130 3948 1097 215 4348 4585 1800 3388 2887 253 4751 4904 3022 1717 4194 4096 1878 1501 2990 1271 4516 85 3324 789 2609 1787 3131 3079 3548 1211 1668 4475 305 1018 248 2324 425 766 2532 3735 863 2591 3670 1922 3280 3718 3908 4132 1094 2441 3252 2397 2919 606 4778 4334 1534
1557 1884 3621 2333 4147 3909 2572 3006 185 235 459 1959 144 676 3617 2158 3571 2618 430 1626 4425 2242 112 1505 4314 2992 3720 1460 203 3548 1070 1229 4366 1105 1959 4330 3221 560 3760 200 1153 3096 2308 4051 1629 2147 1025 4079 1219 2653 3785 2498 1614 3194 4711 3761 2030 3493 1995 793 2862 303 1527 106 1483 3293 4348 2095 3585 1800 2591 4000 4879 1088 2399 4884 2988 1997 3257 285 3052 3426 759 3626 682 4990 1037 975 1751 3299 3912 1110 3248 1982 3726 1344 533 1916 3530 3327 2087 4054 4420 847 4717 619 2220 2060 192 1987 2339 3365 3667 442 3347 1693 3545 4264 2999 688
