N: 120
M: 20
Symmetric: true
Triangle: false
5 101 78 120 7 25
8 99 79 4 82 96 91 10 42
7 60 61 15 54 80 118 109
4 27 97 59 116
7 113 66 45 37 11 104 88
7 53 92 71 70 31 22 67
7 23 65 77 3 63 28 5
8 43 112 38 64 12 34 83 94
6 89 56 47 117 49 103
8 36 1 21 35 73 106 50 98
7 13 18 115 105 107 19 86
5 39 33 110 119 41
3 84 24 81
7 111 52 44 30 68 108 75
7 48 29 17 14 20 32 26
4 51 114 85 72
5 6 87 93 58 46
5 95 55 40 8 2
2 57 100
8 90 62 69 9 16 76 102 74
4434 807 2570 1517 1758 4799 1144 573 1684 3776 82 1076 2360 3690 498 3604 894 159 390 3270 2687 3720 1957 4064 1685 1745 4052 1862 4490 282 115 1848 4022 1595 498 533 436 3310 4745 479 902 3687 4734 1094 1656 3619 4985 3624 1565 3142 4512 4240 2139 876 2856 3063 342 1083 4071 2059 1908 4661 902 1032 342 4852 2890 1592 502 1261 2053 96 4064 4481 3796 1068 3186 96 365 2918 391 1079 2488 227 1271 4953 4369 1254 3776 485 4073 760 769 2849 3321 3856 4195 153 178 2093 184 4882 1183 820 2050 4052 1083 3549 552 4855 1733 1307 2805 2916 2090 1861 421 777 3733 897
807 1088 2657 2354 3627 12 1641 1457 2924 573 3528 2433 3284 1176 4847 4923 1955 4613 4293 3250 3216 4925 3905 2648 3459 279 2691 352 2631 612 1058 2346 2519 2332 2247 3934 1804 272 1643 700 791 2512 3530 142 2769 3998 391 1848 1080 1598 2429 4482 3882 3899 937 1123 486 805 3827 2087 4239 501 3308 4434 4994 2346 1329 2531 2746 2720 1191 3774 3554 566 2899 1765 974 3725 582 2368 3602 2616 4811 3656 3002 4091 4853 4550 4625 3027 457 2932 1816 1207 47 4296 581 58 2800 3622 411 4567 4320 2796 4907 2799 4886 3672 674 80 832 3753 4211 4988 1528 852 2918 1485 679 937
2570 2657 4972 3512 2120 3111 1960 3371 4290 1645 3997 4180 2965 1605 3439 1370 1468 392 1370 3213 2537 186 1391 2755 2355 1412 3563 1023 1436 3373 4503 3454 2887 4854 4283 187 3066 2419 3967 4480 1965 2867 3517 880 4292 659 2500 2354 4016 362 1000 1637 427 2446 533 1344 779 1270 1705 1751 3238 2221 4948 3455 4638 4798 2820 4959 3467 933 153 2499 4196 319 3596 3891 3960 2412 4555 3780 3536 1759 3610 168 608 4050 249 4884 1250 4942 2745 2714 3045 1955 3898 4437 4891 1616 4578 271 3959 1979 3440 1101 1043 2553 2946 2847 431 3111 2772 2817 3115 831 2306 1560 3329 3804 1718 3309
1517 2354 3512 3824 1133 1390 1492 4351 2671 2194 3570 4272 4146 4484 2786 3858 1995 987 734 2547 1674 4982 534 1437 2223 301 3582 2173 2798 2255 4185 4707 1205 2036 4456 4680 2797 4727 4523 482 4663 3691 3432 3638 3636 2591 1002 432 4043 2348 3034 1235 3429 2135 1913 834 4426 2023 1375 1665 688 3923 427 3201 3732 3669 4734 1852 2183 3723 597 4230 4846 2423 2783 2702 4754 4507 4070 1286 902 968 4432 3308 2337 4185 1856 412 3725 3253 3807 4349 3660 1783 922 4619 4834 1145 2079 4622 819 2364 2781 3696 4637 2803 2720 456 1962 3593 2166 2515 2888 4886 3409 2062 4835 4392 3327 3665
1758 3627 2120 1133 4733 1809 333 2954 447 3807 3209 112 1210 4317 4061 4043 4275 1108 4393 1897 2066 320 3440 2075 4714 2784 2433 3438 2349 1245 175 1744 3003 4475 4712 3250 1452 3114 4702 178 2117 2393 896 1675 1802 540 613 4590 4790 3851 4965 942 4571 3777 3643 4858 33 1120 1464 841 3120 3437 2334 4508 1078 4377 146 3628 4805 1156 901 4428 1499 766 3015 4747 3939 3873 3925 2611 3451 4543 4627 496 198 1988 1534 3256 4069 3639 3183 4754 3128 1913 536 2734 1211 3237 962 3616 2818 572 417 4105 1130 2301 3901 3018 2873 1473 2914 3075 770 3190 106 2748 988 4253 4021 771
4799 12 3111 1390 1809 2405 2646 1608 3761 2053 4145 2389 73 1068 1467 1103 3182 3567 2887 2295 2967 1534 4182 1374 1267 4257 4859 4963 2113 265 163 1136 2434 106 600 1325 4752 417 3389 386 4384 3152 2395 2125 4277 2089 314 2724 4825 3948 4743 4287 4401 2559 2350 4102 3782 2853 3295 3996 4034 3283 3987 3022 2439 1806 1535 4902 3295 4950 2114 2015 2031 1349 4927 4067 1884 2480 4751 4491 1505 4200 1130 2968 1018 112 1358 1754 4653 154 3594 1079 4979 292 3742 934 3648 3810 3888 756 3501 2927 367 1621 4096 1237 511 1506 647 3887 2720 4318 3232 2016 2130 1316 301 4197 16 2509
1144 1641 1960 1492 333 2646 120 2506 366 4447 1856 2310 3493 1554 802 274 1787 3968 128 245 3628 4173 4770 4836 398 237 2528 1592 68 279 436 3646 1497 1448 2228 2577 2726 110 3735 4214 4857 3409 3679 4771 473 3406 4747 492 2663 73 246 400 227 1037 3975 3622 1245 3418 4968 4820 2850 2913 3110 510 814 2013 200 4719 4674 2636 424 2103 1913 2208 2529 79 2236 1878 1843 1380 981 3063 1816 1645 195 730 3797 151 1256 4030 978 1853 2848 33 3315 2144 2101 3825 1210 2112 3207 4488 4768 1088 3067 2306 4416 2223 4044 2186 117 3696 4660 1413 3549 598 4480 4668 3129 4098
573 1457 3371 4351 2954 1608 2506 487 2642 4517 2925 4306 4416 1358 1958 4351 4629 467 3746 4904 2442 3040 3582 999 2159 2957 4184 3204 2941 1153 3421 4396 4841 547 4427 1560 3088 2564 4042 2551 3963 1180 4879 219 4715 1965 266 1056 4942 4483 205 4525 2751 4904 3114 2693 2982 959 2495 1537 3256 2279 3730 1369 4606 502 4334 4871 433 2007 543 551 3838 835 2715 3790 1845 1106 2847 2899 2661 2789 1722 2034 3215 1952 2971 3405 2368 4035 2923 3945 2500 2672 3129 4302 4790 1546 1995 3615 979 4780 139 2966 4665 542 4166 3368 4044 3778 4312 3783 908 3421 2216 3541 2219 2277 3543 2277
1684 2924 4290 2671 447 3761 366 2642 1350 478 2223 717 976 922 1468 1394 28 2757 3364 2257 174 954 4222 981 1180 4287 771 2570 2774 1872 1552 1142 2652 4088 4332 4458 1394 1220 2615 3087 1132 4514 3467 3172 1383 250 4130 39 4428 3493 2303 110 2895 2168 4675 3471 3317 3732 1051 4537 3697 2917 1666 123 783 3176 943 4291 4097 901 3733 3051 2866 2107 3970 2038 2135 266 3957 785 1416 4017 1483 2238 488 4830 3943 4765 392 3456 3955 3279 4309 2382 103 2378 4445 4129 3289 2559 138 2471 1970 2758 4233 4726 1835 3784 1409 4942 3706 3697 3359 708 360 1728 1258 1139 260 1798
3776 573 1645 2194 3807 2053 4447 4517 478 3365 2666 2803 2826 1195 2894 490 1835 403 272 4927 2650 1958 14 2470 3495 3664 2329 3347 1770 3132 864 3682 2291 3834 3152 3421 3369 658 1360 1045 2700 3366 1436 2010 4257 3686 3760 406 3880 749 3248 4117 2199 1896 1126 3842 1668 2564 4996 4321 3496 875 4361 725 4484 1205 1713 1482 3851 1442 903 3087 771 277 4038 2377 3771 2704 1638 689 3256 180 4537 1282 4485 801 566 4157 3223 2419 2479 4541 912 536 4033 99 4757 823 3463 954 1156 879 620 3718 1190 2147 359 4983 1788 4921 1180 3503 4775 4595 291 1163 1654 3221 631 3520
82 3528 3997 3570 3209 4145 1856 2925 2223 2666 3665 560 1395 2680 4961 2871 3191 4872 4384 4935 4491 1972 387 171 4445 1215 1674 3624 2663 4663 420 3451 2512 1230 4063 4701 2915 4854 2424 1032 1359 1801 170 1298 4605 3208 3440 4165 2073 1882 2439 562 2871 3347 3748 2387 235 507 2524 1224 3884 2044 3481 420 4465 4197 817 4891 2588 108 3973 4329 1133 1076 3217 1563 4375 3306 411 435 1216 1940 1489 1681 4485 887 4898 2155 693 1246 4575 120 3673 1831 1251 1827 198 1879 4863 616 3459 1041 813 3166 323 3059 3458 2368 2955 3295 127 2465 3743 224 802 1992 4009 1092 1403 1115
1076 2433 4180 4272 112 2389 2310 4306 717 2803 560 4514 196 597 4063 3618 190 1363 4704 733 4336 3389 3450 1669 4304 2061 3804 419 2749 3817 1801 3154 936 1688 1093 4450 4902 2841 254 3789 352 3927 705 1969 2791 3631 4643 2059 1723 1028 4617 278 493 4718 474 2683 2925 3310 510 646 4441 334 2786 1054 3302 3520 15 1860 1699 4430 3528 392 3444 1290 956 1766 4664 1892 2132 2626 503 3388 3646 4312 2980 3027 1443 4720 1838 3430 1402 2737 1031 2311 3955 3511 1399 2255 179 2884 4213 2755 3100 3402 2768 1966 4301 4187 2639 3686 2451 1623 2319 17 2389 4281 1083 2302 3794 3622
2360 3284 2965 4146 1210 73 3493 4416 976 2826 1395 196 3739 204 2115 3539 1369 2839 2023 1137 2012 1450 3958 221 4089 2361 1142 4000 692 16 3891 1941 689 2079 3106 987 4861 3130 4580 2666 3625 171 4018 2287 1381 2223 2641 4895 4173 2804 436 2173 358 2193 3698 1175 4360 2815 1812 2358 2391 1856 2917 981 4847 4128 2974 1957 165 3332 1686 1060 2783 4210 4153 4970 4804 2636 3457 3508 2115 4837 507 1633 94 1718 3082 627 4753 695 1196 4644 3741 3958 1763 2916 1165 3336 1933 2373 4650 827 4489 2492 4881 689 113 1142 753 858 4140 4758 4015 4398 648 3827 3374 3657 4865 2484
3690 1176 1605 4484 4317 1068 1554 1358 922 1195 2680 597 204 2365 2717 3049 4890 1184 3376 3855 3152 3731 3735 1776 2963 3597 618 4910 4752 3782 3842 4973 3310 4639 1636 83 4477 862 4071 3794 4374 3941 3050 1359 4321 1334 2272 2406 3025 2586 3670 4876 2868 4543 2879 499 3932 3102 2959 1450 3403 4542 1282 1896 2160 490 3955 3142 4162 1381 216 1236 3245 106 1267 2406 2332 3225 1196 58 3134 2600 526 496 2885 3647 4431 3483 164 4713 4981 751 1113 2886 692 4818 1302 4177 1121 919 4287 2990 2559 3346 774 2893 4127 3316 2983 4061 4741 1029 4563 3647 2153 750 4771 942 2836 3827
498 4847 3439 2786 4061 1467 802 1958 1468 2894 4961 4063 2115 2717 3904 2636 4969 1613 2709 1291 4613 3518 3101 1601 1863 1512 4247 3786 484 3966 824 1570 794 2923 4840 2860 4427 326 1380 2105 4347 1819 2070 3902 2971 2709 4794 2209 4724 4691 2649 4414 48 1240 1772 4587 3650 2837 981 2629 1889 4404 878 4873 3458 4337 1829 4382 2133 1430 2231 2446 717 809 3506 1866 890 1655 2641 1996 4606 2406 4357 4792 4223 4571 3713 42 4970 843 398 3880 2309 1007 1778 3448 988 1463 3004 2817 1905 2130 1748 4247 2326 572 1380 2578 1860 4776 94 1613 662 2702 1702 2606 3290 876 635 1519
3604 4923 1370 3858 4043 1103 274 4351 1394 490 2871 3618 3539 3049 2636 1255 409 4453 4246 4999 2829 187 3943 967 419 4505 2754 2624 4651 270 1575 3644 3383 1958 4977 2809 4934 1759 3748 769 4733 1554 923 2413 836 4118 4223 1865 1153 16 299 3273 3254 3382 4418 89 3425 3452 3712 3252 145 3970 1432 2803 2659 1901 193 166 603 457 2706 2862 3184 2109 2447 4913 440 759 2187 1604 882 3492 1117 1124 2999 4557 3912 3695 3484 2671 2199 4968 225 4979 537 2158 475 2521 3636 3592 2181 4987 4050 1802 2963 205 4127 4769 940 3387 1926 2216 2880 4260 1531 1766 3964 3225 2098 3367
894 1955 1468 1995 4275 3182 1787 4629 28 1835 3191 190 1369 4890 4969 409 1158 353 314 366 2677 398 3130 4352 3507 4801 1281 2987 279 3561 495 3448 3622 4648 4008 1061 4218 2308 3533 2733 282 3576 2832 280 2518 125 2915 3716 2578 4701 1420 4472 3455 2216 2777 270 85 2456 2869 4818 3502 1754 1855 748 1244 1831 3097 2491 2652 236 1809 4844 2842 1233 4240 2003 1174 2185 3942 459 4700 2237 724 637 1962 4522 2436 817 2727 2978 4171 4143 4865 3597 1916 923 348 3484 4247 1622 3010 4586 821 1994 2970 3687 4505 24 1579 1831 2515 3349 1322 1426 3012 791 4245 2424 3440 4327
159 4613 392 987 1108 3567 3968 467 2757 403 4872 1363 2839 1184 1613 4453 353 150 4792 1560 3917 4917 524 352 1939 2071 4447 4005 2339 3960 847 3712 3944 4728 1514 4730 1582 2965 4931 4542 4048 4584 2297 4331 4971 3953 2421 462 1101 2889 1218 415 4524 575 565 1761 3793 3818 2292 3051 1838 4387 4383 3122 284 2046 3671 3792 4117 4068 2847 1672 1955 1467 928 534 2871 2801 372 3206 4007 4396 4712 1804 3983 3724 1552 4493 1782 4839 720 4248 2528 1686 723 985 3023 1287 774 1197 197 3927 308 3578 2748 1238 1716 2445 4389 2014 3301 2923 2385 4507 2779 4098 3357 2882 1820 1453
390 4293 1370 734 4393 2887 128 3746 3364 272 4384 4704 2023 3376 2709 4246 314 4792 3117 302 713 3492 2291 2013 4081 706 3812 3226 2830 1596 1068 264 1959 2816 2736 4583 3273 2346 4223 1993 158 3919 4127 1856 2910 1143 1049 1840 4966 407 3511 1595 1044 4932 3061 1260 1349 4171 3664 1849 3484 2533 2503 432 3759 3641 4910 2575 2601 1605 3981 1775 1717 1869 1971 4989 4552 3022 1625 3807 2679 649 3873 2150 1620 3500 3809 4663 1669 1687 2414 4677 646 2701 3800 295 1374 2523 4415 4458 2993 3650 4219 4297 763 3378 356 2131 2372 1656 1985 3960 4621 2433 4449 1227 3950 2737 290 2211
3270 3250 3213 2547 1897 2295 245 4904 2257 4927 4935 733 1137 3855 1291 4999 366 1560 302 1724 4052 944 500 3881 2427 4321 2660 902 165 464 3119 2374 2823 2009 1119 3367 4905 322 2887 782 4419 2640 3220 3067 185 3338 2643 365 16 1654 2199 3624 72 989 3932 4445 279 4419 143 3331 714 1934 3147 2036 2982 3153 1577 2738 4190 1548 163 1913 2649 48 4717 2196 3201 2548 4362 3187 4923 4149 654 3857 2060 125 889 4684 4840 2007 1939 83 2052 3567 2365 1522 2455 1900 1953 1346 2328 4522 1654 2756 1429 4907 1827 185 513 910 1226 3147 3002 3628 68 3381 2227 3502 4996 1181
2687 3216 2537 1674 2066 2967 3628 2442 174 2650 4491 4336 2012 3152 4613 2829 2677 3917 713 4052 491 1844 1597 4601 1072 4430 3450 3678 2681 645 4005 23 357 230 2944 367 3028 1745 794 3554 2894 3038 2709 3342 4622 1315 2734 1285 2697 2926 4736 1662 4136 43 4466 2160 1048 4633 1255 1109 621 454 4732 1989 2064 1671 1698 2641 1257 354 793 1213 780 4470 629 3286 1373 3703 3383 718 2788 799 3195 3654 2293 1095 3165 1992 1585 4090 3433 4563 492 490 2604 12 1391 859 4159 4002 3833 2950 964 3426 3493 2703 2646 3465 594 1090 250 810 837 1460 3654 1227 1766 579 2121 4929
3720 4925 186 4982 320 1534 4173 3040 954 1958 1972 3389 1450 3731 3518 187 398 4917 3492 944 1844 4650 45 3196 71 2895 1827 3232 336 4572 1448 1882 2007 2599 1302 2132 1305 4284 1307 3628 3062 3241 2806 2592 3414 4836 4830 3965 1220 3428 4679 4589 1083 1467 3456 3262 1790 2113 4578 1629 858 4627 2806 2006 3285 494 4626 212 2900 3633 1790 2061 2228 2931 173 887 826 1846 4386 4008 1943 1583 2441 1694 3172 373 4781 4400 4855 353 4605 2332 2749 3055 3593 2335 3596 2866 1389 2751 3269 1174 297 2351 3021 3342 1837 2255 2947 2710 2842 838 4313 129 4326 4495 4881 3099 4058 2990
1957 3905 1391 534 3440 4182 4770 3582 4222 14 387 3450 3958 3735 3101 3943 3130 524 2291 500 1597 45 1695 36 1641 3868 4361 3027 4198 1289 4963 732 2531 230 3458 4178 65 679 2807 3067 3113 4506 3835 1232 869 2252 1423 2549 4933 1314 1853 365 4525 3192 566 4395 888 1168 3338 1906 632 4416 2332 3427 294 542 4124 2250 4498 2805 1864 4252 2293 1544 450 1879 4721 1466 1579 2303 1085 1060 729 817 1570 1972 4328 1100 4770 822 4403 3001 1638 979 1695 2028 4004 2734 3054 3729 368 4618 4482 2755 190 2421 425 994 3361 1431 1706 1793 2628 1036 1026 795 2457 2593 682 4449
4064 2648 2755 1437 2075 1374 4836 999 981 2470 171 1669 221 1776 1601 967 4352 352 2013 3881 4601 3196 36 4955 4631 793 666 978 2240 4504 1775 31 3137 926 2202 3329 2007 668 2442 1402 2624 4304 2628 2760 172 2085 3352 4998 2657 4357 1166 3302 2142 3153 2431 62 2221 4906 3601 526 3627 2787 2505 1080 2675 4888 2438 3123 4816 318 2852 2318 2334 4934 3997 2696 2616 550 1825 3653 1079 729 1882 3831 32 3557 2610 672 3850 2045 2129 1541 4061 612 3564 2982 4741 4967 2547 549 3433 4142 281 2350 1932 3953 890 485 4946 3601 1074 3086 4095 3243 3407 4684 2835 2047 3426 2414
1685 3459 2355 2223 4714 1267 398 2159 1180 3495 4445 4304 4089 2963 1863 419 3507 1939 4081 2427 1072 71 1641 4631 839 3945 2282 1592 1820 2459 2521 3838 3438 4292 2045 1347 915 1024 3661 351 557 4317 2689 926 3417 149 3897 4788 3910 1387 565 847 1175 3972 1801 4687 1173 1031 3379 3853 2247 4414 2554 4693 4380 4184 2173 3798 677 414 1368 3854 3493 507 860 389 1958 2599 2951 1191 2984 4709 1473 2770 1223 883 1754 4609 2616 1883 2709 2074 4498 1819 480 3829 4061 2242 3888 2163 118 3501 3054 1831 3378 1872 3686 2802 4838 66 4294 1742 2373 25 4786 1791 1860 4314 3178 2157
1745 279 1412 301 2784 4257 237 2957 4287 3664 1215 2061 2361 3597 1512 4505 4801 2071 706 4321 4430 2895 3868 793 3945 63 2849 1276 4495 136 2384 1994 516 4216 2642 3588 4299 4090 4844 1654 3222 3897 519 250 2175 4422 1845 3244 3634 3146 2087 2141 4787 822 246 72 4387 1171 1719 1904 2282 1516 4197 226 2688 46 714 3489 2102 4289 769 4909 3907 3026 2892 2608 2924 3629 3824 3858 70 1721 4140 3548 4235 4165 158 1845 162 784 786 484 4476 2706 3497 1499 2140 4433 3959 784 948 4470 1895 2933 2614 4634 1361 1330 3316 4044 3388 1751 3578 2106 3887 3782 2067 1673 354 892
4052 2691 3563 3582 2433 4859 2528 4184 771 2329 1674 3804 1142 618 4247 2754 1281 4447 3812 2660 3450 1827 4361 666 2282 2849 924 2804 4971 126 3023 553 2428 29 1000 1714 4243 3684 1764 2183 1828 684 4100 510 2121 2098 2180 1780 3701 4162 1793 196 626 2329 4697 4674 3745 2207 866 1810 3324 752 2094 2452 3534 1279 4781 4327 589 4763 1959 2731 4472 4316 3814 4242 2282 4735 1060 3815 633 3187 4771 3962 1518 4293 4758 1669 3782 1340 1685 4688 512 4672 4323 4744 705 3853 2905 3435 4904 4435 2215 1685 165 150 3262 4140 3948 4242 85 1297 4870 4174 4274 2147 3566 2133 1795 2921
1862 352 1023 2173 3438 4963 1592 3204 2570 3347 3624 419 4000 4910 3786 2624 2987 4005 3226 902 3678 3232 3027 978 1592 1276 2804 72 3332 3930 141 4311 213 3536 1526 1861 4364 4061 1193 2421 2397 2219 3681 4536 1638 4600 3576 4652 1277 361 3011 4986 285 4801 702 421 3985 1936 4191 1248 4081 480 902 156 1239 1090 1944 1063 824 3109 1174 534 730 4704 934 2771 670 673 933 4635 2287 263 3894 3510 2525 2841 1122 899 2808 1156 2085 2944 2275 3155 1100 508 949 4191 2931 2042 3624 987 1253 1577 2752 2031 2637 2070 1988 1470 4547 1579 3143 1208 1177 528 751 2711 3105 4655
4490 2631 1436 2798 2349 2113 68 2941 2774 1770 2663 2749 692 4752 484 4651 279 2339 2830 165 2681 336 4198 2240 1820 4495 4971 3332 4264 3020 2778 4500 1229 414 2368 2578 1447 2886 3600 2551 2930 4734 4853 4842 1788 1357 449 3969 2620 3123 924 3675 4275 1625 1366 4382 1608 4476 4679 2961 1184 2966 4322 661 4400 2880 669 4590 105 2685 4662 2772 3544 38 4008 1871 3829 2270 1989 4362 2254 428 933 3885 4952 4434 289 2543 2981 2891 1616 3442 282 1407 3657 3195 321 949 4919 2791 1754 2523 3266 523 2535 614 2621 2588 4491 4440 3788 4416 3599 1121 4211 2294 2589 4032 135 1330
282 612 3373 2255 1245 265 279 1153 1872 3132 4663 3817 16 3782 3966 270 3561 3960 1596 464 645 4572 1289 4504 2459 136 126 3930 3020 756 507 2983 1004 4931 344 1349 2176 4213 1091 1696 258 2500 1214 1775 292 2294 4607 3100 2216 4200 4288 2248 3191 3320 1332 3309 2442 1390 829 3060 4607 2518 2477 88 2690 1065 1183 2962 4908 1374 469 543 1609 2628 1070 2513 3924 3255 3127 3594 352 1881 2737 1531 4892 3702 3916 4116 4549 827 2665 340 2303 4637 265 891 3427 603 2481 3117 919 2080 3174 3671 3425 3273 3145 3601 316 3658 1795 83 255 2160 3705 1124 4120 187 2320 2750
115 1058 4503 4185 175 163 436 3421 1552 864 420 1801 3891 3842 824 1575 495 847 1068 3119 4005 1448 4963 1775 2521 2384 3023 141 2778 507 4857 564 592 2970 4351 4031 3023 4398 4336 4183 588 486 3326 4950 1612 1393 3049 2934 4683 2020 948 3624 2936 2567 428 648 3758 3789 533 1624 4009 3629 3372 967 2026 1723 2120 4492 125 1201 103 42 1669 3894 2529 1949 1233 417 510 527 1523 881 4078 2216 2426 2106 2029 134 2669 3510 17 1171 2148 13 4944 1333 2948 3171 1803 3757 3096 2964 2567 3846 2757 4655 4669 3891 2759 4179 4119 2523 2082 882 3597 3107 2859 4886 2833 3326
1848 2346 3454 4707 1744 1136 3646 4396 1142 3682 3451 3154 1941 4973 1570 3644 3448 3712 264 2374 23 1882 732 31 3838 1994 553 4311 4500 2983 564 1059 1331 4247 3139 1248 1577 1140 4238 4053 4989 2901 107 863 2764 3106 2112 1524 3142 4169 2251 552 3303 2553 2568 794 852 3187 4257 3120 124 4120 3259 3981 4066 4428 684 1607 1592 1677 1874 4780 1805 3567 602 1163 327 2028 2194 2863 2394 2463 3316 2522 4247 869 3854 4718 3356 233 2435 2330 3248 2390 3051 2936 1456 3266 2967 294 947 4740 3167 195 3636 1385 2089 2985 1456 1329 2628 1990 807 4221 3334 923 3978 1368 4159 3543
4022 2519 2887 1205 3003 2434 1497 4841 2652 2291 2512 936 689 3310 794 3383 3622 3944 1959 2823 357 2007 2531 3137 3438 516 2428 213 1229 1004 592 1331 2904 1278 2558 2959 3639 283 2786 493 4155 3419 2442 4115 3642 2592 2000 736 4746 251 2224 3107 4900 4378 1712 4633 36 804 570 1752 594 3066 289 4505 1525 1806 4519 3752 2751 3408 1787 4560 2627 1505 3830 3470 2692 329 2695 3280 3628 4453 3394 177 243 984 2621 4334 3607 3967 3307 3789 1316 2238 1032 4552 3730 3606 4327 4507 1016 2532 1897 1137 1694 4157 1412 3299 2652 4729 2918 3186 4399 4315 2204 13 2511 2100 2409 15
1595 2332 4854 2036 4475 106 1448 547 4088 3834 1230 1688 2079 4639 2923 1958 4648 4728 2816 2009 230 2599 230 926 4292 4216 29 3536 414 4931 2970 4247 1278 2395 541 1415 615 1072 4195 408 4573 3302 3238 1168 4859 1653 3170 666 3384 4906 1834 3815 2387 1855 711 1047 1485 3786 2409 3908 3516 4458 4305 4747 2095 4076 1194 4318 4629 3013 3698 4784 3913 4726 1661 2868 4786 2241 180 3213 2891 1512 3348 857 1126 3600 2663 1200 2475 1284 214 4265 3076 3518 3537 1299 3052 688 4125 4621 1090 107 703 3424 1303 946 1034 2214 1449 3845 3133 3106 2741 1369 2172 4880 790 4623 4856 886
498 2247 4283 4456 4712 600 2228 4427 4332 3152 4063 1093 3106 1636 4840 4977 4008 1514 2736 1119 2944 1302 3458 2202 2045 2642 1000 1526 2368 344 4351 3139 2558 541 1545 4074 1377 1712 2444 4781 4622 132 3426 839 4767 4074 2287 2603 921 2805 2331 4898 579 2376 2169 1738 4558 2477 599 1729 2484 4407 2603 3199 3226 2223 2630 701 2948 4013 747 805 1768 68 4223 1069 3021 1500 3354 3534 651 3130 2667 693 4695 4129 114 4243 4803 4334 2792 3655 2304 3682 441 2759 744 1282 1245 1679 2569 3291 569 2014 3292 4285 3640 4271 2457 3891 1820 1882 1831 2832 1581 572 1449 4401 3369 1013
533 3934 187 4680 3250 1325 2577 1560 4458 3421 4701 4450 987 83 2860 2809 1061 4730 4583 3367 367 2132 4178 3329 1347 3588 1714 1861 2578 1349 4031 1248 2959 1415 4074 4299 933 1393 337 1640 2409 4102 3666 1652 2306 3641 881 4771 3802 298 3162 1499 3201 3769 3974 4935 17 2212 1910 4242 3864 2770 853 4726 1321 4521 672 1202 2053 25 3990 2555 537 3201 1600 600 3118 2616 4522 2254 3631 3964 1616 1773 3443 4339 1360 4405 36 4612 1886 412 2323 969 2615 1765 3355 4298 3373 2463 4171 1374 3693 2332 1638 1561 1427 4239 1727 2124 1974 4055 1148 4569 4423 1502 3116 903 299 195
436 1804 3066 2797 1452 4752 2726 3088 1394 3369 2915 4902 4861 4477 4427 4934 4218 1582 3273 4905 3028 1305 65 2007 915 4299 4243 4364 1447 2176 3023 1577 3639 615 1377 933 2967 2013 46 3215 3116 3623 524 1335 564 2774 1779 1400 2788 798 626 2519 2082 4626 1625 3301 2500 2162 4356 2427 4180 1681 4390 2666 2976 3797 2910 2742 3561 2519 2436 1973 4548 3527 1511 1404 446 1665 1046 3850 277 437 555 4389 4170 1737 3401 4314 1338 1474 2239 3379 1660 3312 322 4155 963 4369 4837 4298 4843 3602 4865 4364 4264 480 3120 1025 203 857 1536 4456 3574 3991 135 1069 570 4022 70 4479
3310 272 2419 4727 3114 417 110 2564 1220 658 4854 2841 3130 862 326 1759 2308 2965 2346 322 1745 4284 679 668 1024 4090 3684 4061 2886 4213 4398 1140 283 1072 1712 1393 2013 2205 3161 1263 238 4434 1183 4209 3385 3235 4160 4580 2367 4301 2339 4821 3466 3969 1389 2104 1213 1477 2479 4279 4947 3307 3975 2489 3932 1906 4795 3764 4620 2395 3371 3769 1509 4938 3921 2543 4533 4846 3290 1640 532 4716 849 237 989 3150 39 3994 608 4879 3057 3044 4680 635 1223 3590 2933 898 1719 4043 995 3639 1288 1710 4250 158 1007 2575 4916 4974 4221 1718 1286 4560 2031 2196 225 197 265 4980
4745 1643 3967 4523 4702 3389 3735 4042 2615 1360 2424 254 4580 4071 1380 3748 3533 4931 4223 2887 794 1307 2807 2442 3661 4844 1764 1193 3600 1091 4336 4238 2786 4195 2444 337 46 3161 1607 3686 2222 619 173 621 3940 3645 4225 3251 4181 660 1231 3207 4999 1593 2391 289 4893 1879 1012 4639 3650 4393 417 2344 1195 368 4400 4135 3820 3097 2116 645 2136 2964 2972 4462 52 4274 4772 3429 1834 4233 2751 3280 2233 840 3757 4828 3477 3009 1269 2131 456 4767 1892 1275 3300 2722 1688 640 204 664 3296 2841 1950 3969 3250 792 2297 542 2384 1788 239 1212 4328 4332 3483 1310 1210 4228
479 700 4480 482 178 386 4214 2551 3087 1045 1032 3789 2666 3794 2105 769 2733 4542 1993 782 3554 3628 3067 1402 351 1654 2183 2421 2551 1696 4183 4053 493 408 4781 1640 3215 1263 3686 1840 693 436 2169 3730 2903 3338 4553 4377 4830 3063 4850 4556 4006 4213 1472 799 3378 2004 1002 2355 239 4540 1160 3642 3468 3745 868 594 1736 2890 771 1306 981 3768 2354 1572 2995 4498 3091 3445 4678 1024 1856 3057 530 1485 916 4843 2828 1557 3593 4796 1066 2420 2843 2217 228 741 3404 3332 3783 2310 1589 582 468 2994 2025 1708 4151 969 1243 4632 3861 4863 2127 1854 4941 4867 512 237
902 791 1965 4663 2117 4384 4857 3963 1132 2700 1359 352 3625 4374 4347 4733 282 4048 158 4419 2894 3062 3113 2624 557 3222 1828 2397 2930 258 588 4989 4155 4573 4622 2409 3116 238 2222 693 4569 3921 1518 4683 576 1145 2874 375 2952 37 561 139 575 319 530 3186 3364 3985 3669 4396 2201 4445 4704 858 156 4073 2911 1484 1345 3722 878 476 3494 3138 724 3354 947 2309 1042 4773 3048 2002 1774 2319 2345 3650 1504 2561 4358 4798 3379 2544 3763 4112 1852 1819 4104 3229 2038 3371 894 1872 163 2063 982 2355 4363 1536 1862 915 2352 3948 1289 1299 3480 4957 3031 3276 720 4355
3687 2512 2867 3691 2393 3152 3409 1180 4514 3366 1801 3927 171 3941 1819 1554 3576 4584 3919 2640 3038 3241 4506 4304 4317 3897 684 2219 4734 2500 486 2901 3419 3302 132 4102 3623 4434 619 436 3921 2731 933 3745 2215 4586 140 3738 1617 4127 4586 678 4584 815 4046 1981 1927 169 1297 4485 1609 4883 2075 3374 2355 2782 3642 269 162 1407 4436 1915 2575 247 2326 4660 2765 79 3802 4169 2750 1419 4176 2165 1402 2847 1662 3696 1081 2428 2710 2390 1640 4140 4738 4743 3616 1821 2459 3783 1347 3329 4347 2122 1313 367 657 2979 1841 3667 1493 2854 4927 794 778 1366 198 3513 4359 2064
4734 3530 3517 3432 896 2395 3679 4879 3467 1436 170 705 4018 3050 2070 923 2832 2297 4127 3220 2709 2806 3835 2628 2689 519 4100 3681 4853 1214 3326 107 2442 3238 3426 3666 524 1183 173 2169 1518 933 3978 1420 2883 2573 2637 2029 2855 1607 4136 3464 1186 4031 990 2772 2136 3362 3159 1141 4457 390 4332 2090 2459 1709 2888 809 1622 4693 4069 1549 2504 3028 2209 1026 4550 2363 122 3880 2434 2099 2880 369 1654 2305 487 2020 2875 2871 323 569 3935 4311 1317 1002 4953 1154 526 2935 1943 1164 4289 3997 4090 325 2016 1760 742 2498 2005 1677 4094 4766 1190 72 4978 3312 3260 3737
1094 142 880 3638 1675 2125 4771 219 3172 2010 1298 1969 2287 1359 3902 2413 280 4331 1856 3067 3342 2592 1232 2760 926 250 510 4536 4842 1775 4950 863 4115 1168 839 1652 1335 4209 621 3730 4683 3745 1420 2288 3742 4000 1700 238 24 1697 3851 4157 3875 279 4440 1652 2409 3706 3441 4132 898 4611 3176 1092 2185 3337 1538 1437 2942 2265 2374 3904 3504 1372 4585 1562 881 2545 3545 632 2368 3539 4605 2489 1584 227 2853 4690 2333 2449 723 1735 3954 3436 3886 2796 4961 1435 4458 3812 4799 2247 3246 3879 2467 1487 1208 4112 1025 4618 2985 987 4925 997 149 1987 254 236 3707 3344
1656 2769 4292 3636 1802 4277 473 4715 1383 4257 4605 2791 1381 4321 2971 836 2518 4971 2910 185 4622 3414 869 172 3417 2175 2121 1638 1788 292 1612 2764 3642 4859 4767 2306 564 3385 3940 2903 576 2215 2883 3742 355 4128 151 1324 102 2319 724 386 2236 2327 2749 2442 4046 4442 3615 2545 741 1287 2561 1953 2593 3888 2185 1319 4540 3072 1113 1248 105 3953 2044 4611 254 3354 4434 1637 1582 1756 2559 3369 3213 2482 2154 286 3060 690 4045 202 4911 642 4698 1143 4090 434 4247 4602 684 2279 269 3559 3343 4213 4911 4092 1284 2700 1633 361 546 4892 680 3066 4963 1637 2131 3813
3619 3998 659 2591 540 2089 3406 1965 250 3686 3208 3631 2223 1334 2709 4118 125 3953 1143 3338 1315 4836 2252 2085 149 4422 2098 4600 1357 2294 1393 3106 2592 1653 4074 3641 2774 3235 3645 3338 1145 4586 2573 4000 4128 356 2352 2917 1797 2549 47 2489 1504 3343 1194 4815 2371 266 660 1771 571 794 1889 3473 2126 1524 2007 2093 2792 3692 4074 162 3537 4954 3181 4128 977 68 2800 1446 939 2803 344 777 2570 4414 240 3367 2588 2694 4808 1595 1354 153 3034 1843 4599 1368 4488 4752 4382 3256 1352 1443 4068 4885 304 565 266 3752 135 112 1685 4578 4952 2795 3368 1090 1243 4171
4985 391 2500 1002 613 314 4747 266 4130 3760 3440 4643 2641 2272 4794 4223 2915 2421 1049 2643 2734 4830 1423 3352 3897 1845 2180 3576 449 4607 3049 2112 2000 3170 2287 881 1779 4160 4225 4553 2874 140 2637 1700 151 2352 2288 3822 3367 3510 1691 1820 3995 4335 4220 677 2963 729 3423 181 1642 4980 4385 4608 2884 1593 4833 2589 1541 2832 2034 2705 2350 1738 3495 2728 3306 2822 4473 936 2898 1779 4869 4289 68 1774 2852 777 4284 2408 3970 605 4018 3023 2880 2861 2688 2570 1667 3079 178 1448 3069 797 4164 2632 4778 3045 725 3891 1389 2150 2030 1299 4658 2853 391 1765 3197 4497
3624 1848 2354 432 4590 2724 492 1056 39 406 4165 2059 4895 2406 2209 1865 3716 462 1840 365 1285 3965 2549 4998 4788 3244 1780 4652 3969 3100 2934 1524 736 666 2603 4771 1400 4580 3251 4377 375 3738 2029 238 1324 2917 3822 1565 738 3758 3011 1932 4599 1204 1626 4439 4781 2813 970 1088 2081 2038 3660 48 3206 585 3162 3165 2067 159 2171 4911 1054 4901 4899 1461 1268 962 668 2917 3445 2555 231 2044 3471 4591 922 1488 202 609 2633 2242 1483 3644 1537 1081 2078 2551 2212 3556 2223 3298 93 3563 4135 59 1120 3736 679 1037 4501 1487 4883 4151 4525 908 1548 3551 3891 1846
1565 1080 4016 4043 4790 4825 2663 4942 4428 3880 2073 1723 4173 3025 4724 1153 2578 1101 4966 16 2697 1220 4933 2657 3910 3634 3701 1277 2620 2216 4683 3142 4746 3384 921 3802 2788 2367 4181 4830 2952 1617 2855 24 102 1797 3367 738 1434 500 2578 4857 4389 2831 2653 1325 4114 4663 1028 1333 3846 285 2690 3890 1361 3073 1787 4822 2058 1641 704 1638 4363 2908 4016 507 3357 2202 654 2514 4255 1646 496 3486 4348 2310 107 1266 2142 751 3633 2073 4671 4457 425 130 1101 2781 2165 2735 890 1151 1789 3970 4467 2881 719 4290 3089 3205 1951 3557 2694 146 4815 4813 2623 1268 257 2287
3142 1598 362 2348 3851 3948 73 4483 3493 749 1882 1028 2804 2586 4691 16 4701 2889 407 1654 2926 3428 1314 4357 1387 3146 4162 361 3123 4200 2020 4169 251 4906 2805 298 798 4301 660 3063 37 4127 1607 1697 2319 2549 3510 3758 500 603 3960 2158 449 3775 3206 2360 3970 4831 400 3237 1987 2877 422 3420 2141 3167 2295 3174 4014 4114 274 3180 234 4851 699 1934 28 2152 3058 3895 536 4258 3650 1918 3473 427 156 3050 3184 2844 1373 2313 4800 4026 4627 3758 4714 99 111 2531 555 4441 4215 4331 4866 1095 3195 2728 2643 3881 3512 2068 3131 3062 2198 4290 1233 2425 432 3150
4512 2429 1000 3034 4965 4743 246 205 2303 3248 2439 4617 436 3670 2649 299 1420 1218 3511 2199 4736 4679 1853 1166 565 2087 1793 3011 924 4288 948 2251 2224 1834 2331 3162 626 2339 1231 4850 561 4586 4136 3851 724 47 1691 3011 2578 3960 4207 1523 3407 2889 3439 4519 1997 4543 4067 4924 1606 4308 1514 4785 4802 2756 1761 4197 413 3224 152 1261 3124 4165 482 3413 1469 2439 3961 547 1909 4080 4606 1226 3319 14 2278 4852 1082 290 4151 3758 4052 4002 2105 2581 4537 3584 1853 2267 4938 3514 623 45 3817 1360 1932 4747 3814 1497 1406 4704 2956 368 4787 707 3796 2188 4844 3187
4240 4482 1637 1235 942 4287 400 4525 110 4117 562 278 2173 4876 4414 3273 4472 415 1595 3624 1662 4589 365 3302 847 2141 196 4986 3675 2248 3624 552 3107 3815 4898 1499 2519 4821 3207 4556 139 678 3464 4157 386 2489 1820 1932 4857 2158 1523 347 3309 265 265 2492 1246 3481 1030 472 1689 4759 2440 2303 2880 2147 4488 4978 2365 4639 158 2462 2338 3681 3015 2993 3243 1280 1565 948 2681 4164 1124 353 3091 4193 2584 1526 834 3015 4078 3300 1834 1472 1237 1896 3364 2615 359 3228 3903 2265 2641 1074 920 1591 3314 2462 3444 3688 4347 3049 2220 2186 2632 4196 2853 931 80 365
2139 3882 427 3429 4571 4401 227 2751 2895 2199 2871 493 358 2868 48 3254 3455 4524 1044 72 4136 1083 4525 2142 1175 4787 626 285 4275 3191 2936 3303 4900 2387 579 3201 2082 3466 4999 4006 575 4584 1186 3875 2236 1504 3995 4599 4389 449 3407 3309 4689 4244 4696 2021 3043 1452 4674 1552 988 57 1825 4122 4170 3978 3571 4218 2597 1653 598 4944 4128 2810 888 341 2979 2418 4927 4756 2954 1340 2641 3294 4792 163 1686 3804 1385 1405 1667 3109 1718 1509 1002 3267 1914 3458 1443 1892 4562 3347 1716 245 157 828 3183 3338 2164 4215 3180 3083 2723 4540 4684 1073 4737 4706 741 3662
876 3899 2446 2135 3777 2559 1037 4904 2168 1896 3347 4718 2193 4543 1240 3382 2216 575 4932 989 43 1467 3192 3153 3972 822 2329 4801 1625 3320 2567 2553 4378 1855 2376 3769 4626 3969 1593 4213 319 815 4031 279 2327 3343 4335 1204 2831 3775 2889 265 4244 3278 848 1769 2250 3214 799 128 1753 1662 1722 241 3336 64 3410 934 370 4350 4501 409 164 957 1762 1738 4931 143 4552 1068 3558 3232 439 2587 2635 3286 1008 3659 622 527 1562 2620 2531 4198 1868 2241 3272 1921 4124 212 2020 372 771 2640 4688 4569 4500 2381 3198 4552 4562 3555 2724 208 2879 1189 253 2462 2435 352
2856 937 533 1913 3643 2350 3975 3114 4675 1126 3748 474 3698 2879 1772 4418 2777 565 3061 3932 4466 3456 566 2431 1801 246 4697 702 1366 1332 428 2568 1712 711 2169 3974 1625 1389 2391 1472 530 4046 990 4440 2749 1194 4220 1626 2653 3206 3439 265 4696 848 2403 2009 4314 3023 4117 1761 2958 4629 4867 630 1927 1637 1769 260 3479 1626 1649 4583 4439 821 120 2590 1911 3243 3183 4988 2307 4603 571 4237 2698 4104 560 3489 721 3525 4772 4548 3360 2574 3759 2788 2638 3341 3774 385 1802 3898 4862 998 1694 3545 2838 1285 1813 2440 1504 917 2782 2030 2821 2707 4463 2160 1678 2286
3063 1123 1344 834 4858 4102 3622 2693 3471 3842 2387 2683 1175 499 4587 89 270 1761 1260 4445 2160 3262 4395 62 4687 72 4674 421 4382 3309 648 794 4633 1047 1738 4935 3301 2104 289 799 3186 1981 2772 1652 2442 4815 677 4439 1325 2360 4519 2492 2021 1769 2009 1246 3544 1809 3625 3146 4042 2350 2560 2977 1777 2824 659 287 309 644 2908 4054 1837 3902 2437 2651 3036 273 4347 1529 365 2932 2559 4623 3198 846 3972 211 1263 858 450 417 394 2136 1637 2189 4877 1736 322 4227 422 829 4737 2003 2047 3613 80 4517 1465 424 2144 2525 905 3185 4595 1140 4090 3656 2505 2048
342 486 779 4426 33 3782 1245 2982 3317 1668 235 2925 4360 3932 3650 3425 85 3793 1349 279 1048 1790 888 2221 1173 4387 3745 3985 1608 2442 3758 852 36 1485 4558 17 2500 1213 4893 3378 3364 1927 2136 2409 4046 2371 2963 4781 4114 3970 1997 1246 3043 2250 4314 3544 2264 3938 2580 3346 3574 3489 1456 3874 4414 1129 2838 3615 2310 1675 4027 451 1649 4900 2324 3436 4419 142 4171 3348 4120 527 2795 2246 2672 846 4564 2051 4632 1008 2697 2025 720 1219 1488 4441 4518 4833 4307 224 2285 2620 4460 355 827 2945 1067 3821 870 1825 1533 4726 2302 3892 3333 3221 2748 4903 85 4721
1083 805 1270 2023 1120 2853 3418 959 3732 2564 507 3310 2815 3102 2837 3452 2456 3818 4171 4419 4633 2113 1168 4906 1031 1171 2207 1936 4476 1390 3789 3187 804 3786 2477 2212 2162 1477 1879 2004 3985 169 3362 3706 4442 266 729 2813 4663 4831 4543 3481 1452 3214 3023 1809 3938 4384 1460 4228 1577 1130 4326 1461 3186 905 1314 2790 230 2913 1903 342 842 3228 384 819 4558 460 3857 4332 1890 2369 1731 2132 4476 192 4303 2238 4484 619 4738 2235 1288 828 4189 4579 4965 1167 598 2527 4528 3369 3930 1763 1202 3542 4861 1741 1872 2698 991 3829 1798 2434 4640 4730 1150 3866 2709 3181
4071 3827 1705 1375 1464 3295 4968 2495 1051 4996 2524 510 1812 2959 981 3712 2869 2292 3664 143 1255 4578 3338 3601 3379 1719 866 4191 4679 829 533 4257 570 2409 599 1910 4356 2479 1012 1002 3669 1297 3159 3441 3615 660 3423 970 1028 400 4067 1030 4674 799 4117 3625 2580 1460 4417 3243 1691 807 458 4498 1242 4881 3810 3746 4059 1742 2478 4297 806 4647 1705 4151 4586 4120 1190 524 4335 4347 3328 533 4225 225 3196 1106 1172 4591 970 758 13 1666 3668 3516 272 3561 2219 143 3050 4466 135 1481 1302 2563 4880 3933 1540 3172 295 2473 1735 4540 3438 248 223 1193 2405 300
2059 2087 1751 1665 841 3996 4820 1537 4537 4321 1224 646 2358 1450 2629 3252 4818 3051 1849 3331 1109 1629 1906 526 3853 1904 1810 1248 2961 3060 1624 3120 1752 3908 1729 4242 2427 4279 4639 2355 4396 4485 1141 4132 2545 1771 181 1088 1333 3237 4924 472 1552 128 1761 3146 3346 4228 3243 3374 500 1650 1935 936 3445 4405 421 3632 209 2583 2089 1258 246 4917 147 1937 2164 2322 3168 4849 2787 3910 1999 2618 3518 4748 472 4647 909 1308 4001 2631 2333 3540 1691 1576 606 4626 2745 1233 4496 4614 2054 1684 1709 4172 3054 1591 1124 1578 1665 4491 284 3659 1916 882 4321 4789 2703 3265
1908 4239 3238 688 3120 4034 2850 3256 3697 3496 3884 4441 2391 3403 1889 145 3502 1838 3484 714 621 858 632 3627 2247 2282 3324 4081 1184 4607 4009 124 594 3516 2484 3864 4180 4947 3650 239 2201 1609 4457 898 741 571 1642 2081 3846 1987 1606 1689 988 1753 2958 4042 3574 1577 1691 500 2997 3016 4914 1067 3550 2091 2498 2973 4936 3996 3358 2187 3578 1932 4290 1221 1753 1698 3278 3763 4804 2774 2185 3822 1162 3949 1006 4051 1310 3284 1181 2107 1720 2258 1428 1627 834 696 3307 55 2729 4989 2071 300 3618 3355 2918 3406 4660 1712 153 4318 2511 2603 2269 2177 4855 4565 1232 3504
4661 501 2221 3923 3437 3283 2913 2279 2917 875 2044 334 1856 4542 4404 3970 1754 4387 2533 1934 454 4627 4416 2787 4414 1516 752 480 2966 2518 3629 4120 3066 4458 4407 2770 1681 3307 4393 4540 4445 4883 390 4611 1287 794 4980 2038 285 2877 4308 4759 57 1662 4629 2350 3489 1130 807 1650 3016 2596 2521 3537 4522 4479 4282 3209 3344 837 868 110 1250 1174 1786 2520 3092 2146 3368 4072 3425 4502 2132 3699 2856 273 577 1981 1737 893 1854 4766 2510 4851 1423 2805 2671 795 3025 4598 2157 1770 3611 1845 1481 1932 1567 4506 1352 2987 2608 3182 2980 3709 1221 1041 1932 4131 3238 1571
902 3308 4948 427 2334 3987 3110 3730 1666 4361 3481 2786 2917 1282 878 1432 1855 4383 2503 3147 4732 2806 2332 2505 2554 4197 2094 902 4322 2477 3372 3259 289 4305 2603 853 4390 3975 417 1160 4704 2075 4332 3176 2561 1889 4385 3660 2690 422 1514 2440 1825 1722 4867 2560 1456 4326 458 1935 4914 2521 4451 1151 1061 3838 2630 273 2982 3597 2411 163 1541 3032 4096 2491 3115 794 1055 4696 2721 1466 4762 3115 3542 4015 377 3539 1616 2963 4142 2506 835 4977 4722 1185 3234 1676 174 4049 783 3158 1672 2049 641 2776 3574 4178 3884 1061 3628 4876 2995 3457 4426 856 4127 4729 4048 405
1032 4434 3455 3201 4508 3022 510 1369 123 725 420 1054 981 1896 4873 2803 748 3122 432 2036 1989 2006 3427 1080 4693 226 2452 156 661 88 967 3981 4505 4747 3199 4726 2666 2489 2344 3642 858 3374 2090 1092 1953 3473 4608 48 3890 3420 4785 2303 4122 241 630 2977 3874 1461 4498 936 1067 3537 1151 1751 1496 4318 4923 1823 3980 2413 766 86 402 1980 2811 1865 164 1575 424 1463 1339 2558 1413 765 493 837 1860 1123 4349 4766 2524 3000 3233 2121 87 2263 4634 3288 4209 3952 287 4701 437 2602 168 1916 1105 3811 4919 3551 4334 1188 4750 194 1994 1324 2590 1425 4718 2814
342 4994 4638 3732 1078 2439 814 4606 783 4484 4465 3302 4847 2160 3458 2659 1244 284 3759 2982 2064 3285 294 2675 4380 2688 3534 1239 4400 2690 2026 4066 1525 2095 3226 1321 2976 3932 1195 3468 156 2355 2459 2185 2593 2126 2884 3206 1361 2141 4802 2880 4170 3336 1927 1777 4414 3186 1242 3445 3550 4522 1061 1496 4195 1921 2645 1442 29 2374 1431 377 1671 1066 4257 2869 3941 894 3431 3252 959 4369 3991 2117 1815 1171 1414 1640 3134 2635 230 2191 925 2793 3006 1561 1074 790 4863 2001 808 3546 2061 2443 1146 3850 859 4179 1893 4195 4706 2938 3701 1355 3613 4101 4186 4489 1599 4497
4852 2346 4798 3669 4377 1806 2013 502 3176 1205 4197 3520 4128 490 4337 1901 1831 2046 3641 3153 1671 494 542 4888 4184 46 1279 1090 2880 1065 1723 4428 1806 4076 2223 4521 3797 1906 368 3745 4073 2782 1709 3337 3888 1524 1593 585 3073 3167 2756 2147 3978 64 1637 2824 1129 905 4881 4405 2091 4479 3838 4318 1921 1188 1719 2762 3800 4519 732 3936 4399 333 2697 2075 400 3427 433 4902 1971 3276 492 41 698 1985 600 4197 3163 4800 4903 4187 220 416 1685 1650 1956 4088 3409 3035 3390 3152 3873 4905 4869 2245 870 572 1754 2994 1093 3036 2628 3817 59 1602 3540 4749 2056 2070
2890 1329 2820 4734 146 1535 200 4334 943 1713 817 15 2974 3955 1829 193 3097 3671 4910 1577 1698 4626 4124 2438 2173 714 4781 1944 669 1183 2120 684 4519 1194 2630 672 2910 4795 4400 868 2911 3642 2888 1538 2185 2007 4833 3162 1787 2295 1761 4488 3571 3410 1769 659 2838 1314 3810 421 2498 4282 2630 4923 2645 1719 4504 2342 4451 3807 4290 2756 1765 3819 2835 4060 762 4581 2439 3707 1235 1679 4427 4037 2152 4522 778 3106 4052 207 1604 244 3164 2274 288 4344 1491 3637 496 2075 2503 2154 885 362 3336 1368 665 3654 1464 2258 797 1596 4921 1962 2178 1374 4070 2399 906 565
1592 2531 4959 1852 3628 4902 4719 4871 4291 1482 4891 1860 1957 3142 4382 166 2491 3792 2575 2738 2641 212 2250 3123 3798 3489 4327 1063 4590 2962 4492 1607 3752 4318 701 1202 2742 3764 4135 594 1484 269 809 1437 1319 2093 2589 3165 4822 3174 4197 4978 4218 934 260 287 3615 2790 3746 3632 2973 3209 273 1823 1442 2762 2342 1303 1133 2709 4519 889 4105 1792 2670 1452 3115 1225 4780 3998 2990 556 938 2579 901 352 4333 2200 1234 2232 3996 1579 1339 3983 1577 2657 1867 758 837 4185 3166 1614 4622 143 3071 2433 2277 4723 4207 2533 1353 1801 3039 3731 520 1895 281 727 579 1936
