N: 120
M: 20
Symmetric: true
Triangle: false
5 111 107 2 91 14
2 78 16
8 28 18 50 12 98 83 117 82
8 20 36 42 25 51 76 74 79
7 27 112 68 45 119 101 54
4 67 116 103 43
7 115 13 49 106 24 110 38
5 35 80 9 97 6
5 11 17 96 31 58
12 19 62 3 1 90 93 44 8 39 30 37 69
5 87 84 70 52 73
9 33 86 48 100 7 75 71 109 88
4 60 118 41 92
9 72 108 22 61 5 81 32 21 114
2 105 57
5 89 4 66 47 65
8 64 99 63 40 102 15 94 113
9 95 120 26 53 29 85 34 56 23
3 46 77 104
3 55 59 10
3460 1688 4680 3341 2143 4303 566 1450 294 1566 1335 1785 3283 4766 2352 615 346 2745 2651 175 3810 4257 592 3234 4140 4759 4492 247 3025 3801 951 1354 721 4390 924 3617 2070 3584 4758 1734 4907 3212 3172 4876 2134 1604 1478 3612 1606 3945 1646 4812 3393 1601 2356 53 2475 527 3411 2631 3269 3022 3444 3452 4786 2465 3228 1937 4400 2965 3860 2470 4003 911 4621 1519 2495 3987 3070 4573 3879 800 4992 242 3714 2565 2517 2978 3738 3053 3058 1188 1142 2982 4157 1396 3024 2960 3676 4511 3338 4743 2809 1470 2178 2311 2565 503 2844 3997 4651 4104 137 2507 1112 614 1946 3180 2755 1119
1688 1992 3608 3430 3914 4201 101 2892 845 2727 712 4967 2617 144 3084 1733 271 438 4708 4594 4188 1357 4355 2814 251 221 3138 2786 2025 2949 2290 2324 3085 2908 2768 4678 4698 2484 3566 462 15 2184 1418 1932 232 3956 2187 483 4383 3633 3094 1023 1959 220 4759 3907 4587 1522 2072 2916 894 3749 4196 4463 1621 1870 3848 862 2102 2496 3650 2196 1081 2577 1459 4222 318 499 1403 1010 989 474 3075 4263 3176 2520 3473 567 167 1063 2538 4209 2310 2037 172 2241 3850 2820 29 962 1712 4760 737 4130 3935 2547 2657 3512 4587 3945 2920 4422 1106 763 4828 281 2386 4429 4863 4773
4680 3608 3168 1147 4877 425 3798 1591 1765 620 3845 4087 2484 4382 4956 4644 305 3709 3240 2322 3407 1405 2068 2982 243 1108 2357 4969 1445 589 451 827 3893 2320 220 1480 3859 1438 4715 2206 3391 130 3390 1278 3471 3252 1845 665 3908 4312 1562 1825 4492 1558 3592 746 4539 3508 4954 3462 4446 4518 1794 1150 642 2232 4708 1790 1008 4511 4877 1340 2294 2455 4073 2501 2868 4086 4495 1607 186 167 149 2147 4705 271 4405 4259 593 2389 3629 3449 2610 452 1925 4426 2680 4450 2856 4354 1039 1305 2858 1108 4380 4963 2464 2105 3289 2941 4221 3993 4997 2888 2397 2606 54 871 571 4418
3341 3430 1147 2245 4433 2307 2432 2525 4235 3568 2812 2991 3290 1409 3259 2439 1604 4496 4343 927 3006 401 3163 1308 3349 992 574 1200 3684 192 1301 2487 1822 286 1408 1872 1309 1365 624 2726 1169 3247 2848 222 1536 2869 1133 844 4475 1177 2977 4878 681 2962 405 1893 1814 4563 4985 1668 2722 4591 646 1571 3378 4235 673 853 2283 1610 11 1484 335 2425 3688 4379 351 2248 650 1726 2055 3822 3581 4999 2265 1811 2160 3297 1017 3060 2541 4402 940 2615 386 43 4092 4705 2709 3128 2123 3446 2014 4680 1990 250 1981 3441 3548 2203 1309 2665 4370 3566 3949 1690 3187 3367 1860 3046
2143 3914 4877 4433 2593 1103 1428 4868 964 865 4513 1780 2626 4057 173 3972 3717 172 1788 4941 1141 1514 1760 3615 3516 4081 1948 1485 2217 3651 1200 2611 3871 4091 1769 66 3547 443 3929 3323 375 3032 1053 1482 421 623 3761 3850 1814 589 1103 4409 3225 3795 634 612 1698 684 4193 4469 1817 665 220 2880 2739 2145 4873 3502 225 2459 4422 1382 4537 2844 316 864 4105 1808 4992 3401 3912 3054 3023 536 474 1234 2197 2525 661 3010 480 1833 2252 2783 801 4219 4336 2403 2026 581 3065 3094 4545 3683 3431 3623 3404 2587 2382 3791 3005 3423 64 422 81 4646 1416 374 3916 4246
4303 4201 425 2307 1103 4482 1216 3565 2702 1861 2571 3520 1535 4722 3859 2528 561 3495 3974 3034 2205 1516 460 386 374 2815 978 1652 4503 4865 3239 3055 3190 3473 2660 2825 2038 837 3919 2219 2379 506 4514 1353 224 3650 582 2803 2292 4429 681 2078 3916 942 2590 4699 2187 2762 115 3859 1440 117 3884 4041 4984 1315 2141 570 3855 3020 2199 805 499 790 478 2547 3108 2083 3656 2514 2001 3321 3035 4357 62 4506 1548 3080 608 944 1796 3371 4097 3783 3108 4864 1969 261 2616 2660 1785 1288 3409 672 3383 3567 2969 2670 549 4060 1119 2939 3048 2997 294 3959 4819 4228 3053 2059
566 101 3798 2432 1428 1216 844 3084 1142 4836 646 4390 1733 4084 1783 2595 3830 1278 4074 302 51 2085 4326 1045 1165 2218 2468 3022 2460 4556 3736 471 1054 4826 290 4644 1150 3358 1293 1441 68 4250 4099 2627 3998 3374 4663 1229 1792 1968 3056 186 4523 320 1293 1293 1560 569 247 4065 4022 912 2951 589 863 2718 4879 343 3215 886 935 3185 878 3421 2180 2353 186 1647 729 3223 2502 3728 3635 1727 3552 2791 1294 123 3436 3106 589 1774 240 1723 903 4061 3448 1809 208 4842 4511 4718 4256 1209 1536 2786 2245 4513 1728 1096 1185 2593 2026 1289 2557 2772 2039 3928 578 473
1450 2892 1591 2525 4868 3565 3084 4077 2152 4353 1208 2377 2604 1294 4929 1756 3590 838 1306 384 1043 17 4054 4584 3801 3735 2202 1511 3708 1861 679 1590 3164 4495 2238 4499 4212 2633 3758 4334 3730 1402 1163 2127 3501 2347 3630 2320 4821 1302 1295 536 616 2056 4893 1118 133 4191 452 12 1696 3270 865 1241 3750 1293 628 1633 4471 1470 2939 4130 1489 4162 3315 3329 2684 3945 4427 1717 121 3155 2618 548 2012 2175 4625 454 3815 3900 2268 317 1618 303 1013 1924 2926 4768 652 440 340 1781 3060 4943 4437 1847 958 3160 2779 3660 2649 941 1524 654 4795 969 3824 752 1977 991
294 845 1765 4235 964 2702 1142 2152 661 1410 3873 104 3512 971 1012 1268 4893 1590 391 1693 1934 772 1894 3640 4685 4877 296 3496 2090 1585 857 1632 1578 2262 2686 1835 734 2104 4788 3404 4669 3953 1898 1901 1464 4678 111 4849 2830 3964 2417 1652 4489 3613 2670 4872 3033 2103 2991 707 2527 2033 590 3290 2739 285 2738 1382 1988 1860 3062 2566 3800 207 4327 546 382 2270 4786 282 3009 311 844 2689 527 790 4806 4825 1078 1690 4384 4740 1796 4178 626 1086 97 4433 2118 18 1707 2723 4032 1060 3867 3864 4390 1906 2258 3492 4030 4451 3294 4901 2665 4620 3968 466 2434 535
1566 2727 620 3568 865 1861 4836 4353 1410 1978 1155 354 2593 3033 4627 2896 3732 930 953 4036 2637 1815 1058 4625 2575 1068 3376 2732 2567 663 4811 843 3810 1839 2064 4749 4696 1052 29 4559 3521 468 1306 3381 2904 1531 2209 2796 1110 408 435 2533 2799 2536 4919 1100 2458 384 3465 1814 1314 480 1102 2845 4632 1718 3181 1931 205 3083 4525 4552 169 4749 563 3278 4852 654 2076 636 2999 1653 4557 1454 3995 3227 1074 4034 1757 2602 338 532 931 965 2794 3742 1243 1343 3285 1589 4154 2021 3750 1069 113 1006 2418 3157 481 1262 3246 4209 4696 1609 2220 3131 2040 456 3421 2819
1335 712 3845 2812 4513 2571 646 1208 3873 1155 609 1197 2600 1906 665 1457 421 3147 1742 2584 1902 131 859 807 4631 3929 2520 4001 1787 3940 591 4607 589 2318 3480 3112 2123 2453 2651 4816 2281 1402 2396 979 3531 4620 1202 647 3605 856 529 2310 328 4697 1037 4945 1034 3195 413 3083 2194 3037 2465 1192 1959 333 332 4853 2157 4601 251 4755 4844 2107 251 1904 3537 2077 4172 2954 821 3591 3018 749 81 11 2747 4489 2250 2115 1348 423 2455 649 129 2427 4930 609 4431 562 860 1563 2905 1801 1883 699 4115 10 2998 823 2031 1924 1814 3409 4292 4669 407 2545 4999 4920
1785 4967 4087 2991 1780 3520 4390 2377 104 354 1197 639 3731 3902 3849 3877 2586 580 441 916 4655 1679 4256 3706 1357 3684 2992 3005 1465 840 2099 849 4578 1884 4897 1553 4430 1479 1723 4587 3841 533 1615 2574 4619 1566 262 4442 3360 3979 1697 4872 391 4110 1534 229 1208 2808 2398 3848 520 4245 2942 986 4382 4616 2501 218 71 1424 3101 2812 4700 3891 3626 56 3835 1133 2861 4025 2824 1962 1610 780 4191 3194 3096 4511 3758 3417 3411 2187 29 1103 4768 3161 1686 4146 784 4141 1766 2110 798 71 4075 3619 3010 823 1300 4536 2098 297 108 3831 1238 2189 1651 1880 1350 2872
3283 2617 2484 3290 2626 1535 1733 2604 3512 2593 2600 3731 3736 283 4550 2277 776 2404 558 141 2384 969 4319 392 354 2583 1791 4955 3176 3021 1301 4106 2978 3201 233 3260 2110 1409 3548 1805 3041 372 2211 3624 4566 2552 1834 654 4901 4879 4462 4611 948 4776 2621 3441 1557 4056 3867 1803 4531 4304 2939 3035 4065 4529 1440 1187 630 4297 649 1000 2021 2096 2023 2947 4776 795 4755 4750 3402 2122 2230 2966 1700 1887 1461 4297 1698 309 4877 708 1675 3293 3104 2706 4864 2493 3490 754 1656 3502 1462 4614 2573 4088 2650 3373 1472 4576 494 4030 759 1415 3285 219 4536 2738 3251 1562
4766 144 4382 1409 4057 4722 4084 1294 971 3033 1906 3902 283 1230 3445 2080 4311 940 1721 305 4092 4882 3606 2162 2414 4397 1584 148 4848 4385 561 810 1621 2964 1672 4329 2542 1077 3003 4457 1126 3832 3324 3003 141 3503 1809 3955 3073 1709 2318 1245 1419 3392 3657 3691 412 4938 1466 297 310 4952 2746 755 838 718 2588 223 1951 2342 3891 1559 4858 497 365 1892 1357 1407 2913 3296 4335 2985 2326 482 3416 2925 663 3902 2350 4394 671 4608 3323 2560 1633 2756 1527 2972 717 1442 3756 374 1097 3678 1821 2438 2237 4121 179 3499 102 2196 40 1983 2921 3664 2367 258 3163 3158
2352 3084 4956 3259 173 3859 1783 4929 1012 4627 665 3849 4550 3445 1738 1587 1588 1177 4596 2770 879 1038 110 170 1393 2734 2723 4081 1967 1712 2455 354 321 1424 4165 600 917 2186 2414 2033 3410 4261 3350 93 1268 4975 2424 2686 3679 1752 2629 4038 1845 236 3911 4213 3080 391 3469 2514 3093 746 3464 4976 4474 4635 803 2833 45 2414 2998 3471 3315 798 4560 1910 334 207 4076 233 430 1300 1125 620 2163 2622 4056 1494 2754 3508 2794 152 562 1779 3968 3494 3000 1354 1548 2490 436 1317 3176 4958 3491 4097 714 2436 642 2079 2131 436 1534 2078 4936 4959 4705 2371 3170 4136
615 1733 4644 2439 3972 2528 2595 1756 1268 2896 1457 3877 2277 2080 1587 3501 710 2804 1971 1538 3842 3989 3149 570 3890 2245 3729 2417 508 1701 1906 2498 2294 2946 3299 786 2706 2730 613 4632 4356 2718 3729 1048 4438 1858 1806 3723 4372 582 240 3333 4468 2760 12 744 2452 2911 3693 3644 2744 3035 2814 2691 1591 2521 3231 3153 449 1564 1714 802 209 3689 1636 461 162 1798 782 1260 1682 1743 4157 565 1554 3674 4779 1480 2479 3937 3386 3003 2865 1206 3198 1338 816 2917 2454 3575 4247 1467 1437 585 2311 833 4868 2971 2275 1595 3592 4377 2968 4554 3442 2161 3710 1306 4282 3517
346 271 305 1604 3717 561 3830 3590 4893 3732 421 2586 776 4311 1588 710 1838 2240 211 3478 3566 4813 4178 208 3139 1503 4328 3091 1274 2110 826 3690 2109 4758 1522 632 2986 2646 2089 3201 261 4344 1340 451 2346 233 1478 1688 358 1134 792 4290 2533 3487 1942 4379 3871 4730 2843 3279 4229 992 4451 3145 607 2658 2469 653 2594 4342 1833 2040 376 3040 2170 4047 4303 3157 1042 208 545 3112 1480 3356 3636 4331 1125 3506 3172 343 1522 2338 1172 2431 3748 4305 316 2352 80 2388 919 2542 2968 1503 2634 4205 647 4198 2864 4710 832 1746 664 4673 2825 4296 2286 4085 3033 3320
2745 438 3709 4496 172 3495 1278 838 1590 930 3147 580 2404 940 1177 2804 2240 3965 382 764 3491 2300 4172 4446 2861 1375 3376 3799 4020 2305 3588 4882 2878 1787 4850 2238 4746 4159 4619 2244 1285 1188 4162 1194 812 1100 1146 2921 1638 1800 4649 4542 3815 4387 4485 3146 177 61 2198 1153 1730 220 692 3558 1583 684 3105 772 2508 4569 848 2139 4546 619 1353 1410 4866 911 1074 1618 2851 2414 2792 1341 1337 2738 4528 3047 4913 2982 4507 3568 2901 4691 1742 1844 1948 2321 4266 1973 1485 4267 4614 184 3368 3913 3669 1497 691 4047 1045 4268 446 2345 2994 2349 1752 2655 1545 4277
2651 4708 3240 4343 1788 3974 4074 1306 391 953 1742 441 558 1721 4596 1971 211 382 3856 1574 3237 4977 2725 1809 2041 4932 3656 3514 2324 2285 2429 1206 1192 121 1675 3168 3119 2466 4461 3355 3055 651 515 4773 3100 4331 2799 3717 4159 1294 698 2082 2143 772 53 4870 2441 4820 3183 50 1557 3015 4522 4713 2989 3485 1158 1104 2952 3931 1247 3042 2102 814 2403 1481 1458 3325 1321 2656 485 1911 1074 993 3302 4987 3692 4349 1224 2870 3392 1316 2094 3158 235 4928 1964 2786 3132 3416 3025 1031 413 1571 577 1005 4020 377 424 2603 2034 1715 3754 4375 3657 3556 3337 3036 2671 1069
175 4594 2322 927 4941 3034 302 384 1693 4036 2584 916 141 305 2770 1538 3478 764 1574 198 1170 3977 2008 948 3983 1099 1974 3302 1980 179 757 4440 4419 4260 1078 2541 321 3323 533 1961 4848 2374 2724 231 4614 3077 3185 2876 602 3275 86 1194 1956 1952 4769 113 4312 2016 2423 4086 4775 1599 135 4612 3028 1028 4288 26 4054 3723 3323 4434 1294 4685 150 2792 2731 3930 1106 63 1441 1533 1597 597 2141 314 3351 1576 2339 1848 2228 287 11 3095 4747 2897 1962 1504 3060 3234 2933 87 4173 1699 2567 293 4124 1542 1832 2137 3533 510 1410 674 1024 1100 3380 2193 4805 735
3810 4188 3407 3006 1141 2205 51 1043 1934 2637 1902 4655 2384 4092 879 3842 3566 3491 3237 1170 684 3109 3499 2461 2046 1349 3642 4738 110 2367 2583 4294 100 2548 4939 69 513 2388 3733 2830 592 3385 2256 774 3326 3367 4914 293 2085 3553 4126 2799 1944 4637 1682 4862 716 589 3694 2567 2788 4095 3594 4804 4166 3737 2359 3181 2902 4479 2923 866 3821 418 900 1632 4213 3229 386 1545 809 3964 2594 4026 4015 2432 2730 1010 4206 4160 4464 2438 1283 3235 3183 3532 2396 4206 443 1872 510 3253 1383 3293 1155 1108 3500 3420 4128 2848 3724 3595 2228 4975 92 1617 4123 2846 3035 1220
4257 1357 1405 401 1514 1516 2085 17 772 1815 131 1679 969 4882 1038 3989 4813 2300 4977 3977 3109 1119 2049 2606 3256 1532 581 3954 134 1271 2640 379 4757 3112 3194 2535 4480 3805 2620 2514 4736 4945 4739 1102 423 974 3718 3866 460 277 3623 4576 1002 1711 4936 428 1717 524 609 2743 2095 162 2755 1621 4619 3397 1783 2009 2872 3001 1187 1764 3830 3028 4668 1202 652 791 3258 746 4859 406 4944 3310 4315 570 3162 1676 3388 4108 4674 4231 2989 2720 4039 1817 2744 1559 2801 1332 1746 2985 2498 1493 2766 3066 1915 617 4381 4163 1210 3539 891 1420 2263 1053 2828 4744 1134 2535
592 4355 2068 3163 1760 460 4326 4054 1894 1058 859 4256 4319 3606 110 3149 4178 4172 2725 2008 3499 2049 2871 4460 4721 1293 1255 3102 993 869 1500 4486 908 2606 3361 1974 3122 1494 2797 3419 3070 1953 4927 630 1295 703 693 4091 2588 426 1705 2234 1775 3297 4920 2332 2982 309 3022 2303 2985 543 1096 890 1602 3346 4962 3314 181 3574 4364 2454 4864 3541 228 3570 1272 3967 3697 2971 4242 2156 4461 696 578 628 2329 3673 2608 4193 3644 3532 2112 3400 1552 2586 3298 3750 4512 1116 1031 927 3281 4547 1933 447 3019 4291 1255 3935 2100 177 717 1376 3828 3292 894 1722 327 1786
3234 2814 2982 1308 3615 386 1045 4584 3640 4625 807 3706 392 2162 170 570 208 4446 1809 948 2461 2606 4460 2448 3498 713 2806 2308 4032 1537 86 856 3573 642 3103 1341 3791 4609 3920 4735 4338 1385 636 2851 673 4664 1869 4615 3935 571 3377 1042 1560 3410 4998 1911 1125 1151 3613 3269 175 4622 2886 3309 3407 1872 197 4799 1296 2401 3940 4665 3261 4904 4843 23 3677 1414 4734 2480 3113 1081 1010 4368 869 865 1634 3777 3076 1489 3654 2664 825 4628 669 3131 2484 482 28 4863 114 1906 12 4669 902 2752 1063 4090 123 2505 47 1316 2761 2273 165 1760 4966 618 4706 143
4140 251 243 3349 3516 374 1165 3801 4685 2575 4631 1357 354 2414 1393 3890 3139 2861 2041 3983 2046 3256 4721 3498 4376 3936 1605 2737 3035 3767 2105 1801 209 3357 3484 633 4279 1632 586 813 4905 744 2441 3038 1189 4563 3333 1346 3065 3470 2408 188 1971 692 1799 2267 4732 2096 2583 2099 4705 247 1065 510 2967 4609 3468 1777 3666 4826 3092 1128 141 3204 1772 1661 4954 1858 2986 550 1854 4748 2708 2133 4025 3602 2544 4200 1873 805 1100 2762 3812 1313 1661 3597 712 2173 1250 728 2150 4785 3380 1135 4468 613 4584 4701 2021 2346 4988 1112 3404 1636 843 2160 2805 4182 3537 484
4759 221 1108 992 4081 2815 2218 3735 4877 1068 3929 3684 2583 4397 2734 2245 1503 1375 4932 1099 1349 1532 1293 713 3936 3316 339 1056 3002 1277 1924 1154 2609 4097 3475 1938 4381 573 2290 4213 4562 2585 3240 56 2677 952 118 1691 2696 3878 3452 309 2837 453 4455 1894 2293 1880 4221 1775 3413 4687 3298 1161 1258 406 4801 4727 4709 491 3308 915 668 1825 1641 4864 4407 3662 2240 804 103 905 2546 385 4308 3024 3850 915 671 1045 4159 1785 2210 4826 2393 2440 2398 3813 4099 1390 2950 4544 4629 1665 4422 276 4546 1864 4537 3784 2807 2362 1623 1459 4515 2675 4260 3251 2194 3591
4492 3138 2357 574 1948 978 2468 2202 296 3376 2520 2992 1791 1584 2723 3729 4328 3376 3656 1974 3642 581 1255 2806 1605 339 595 1569 1720 174 257 894 2441 3694 4755 3762 2647 107 2228 349 736 3567 2062 4998 3006 2746 2528 55 241 3209 4447 3190 1346 3470 3961 2156 4995 3907 2850 1466 1773 2170 1992 1453 2687 4932 2432 3378 3471 831 2486 1323 1756 1285 1363 3399 1369 2643 2525 2689 3991 1590 3876 569 1710 3113 3858 2545 3294 4249 4921 839 4954 2364 1201 1117 153 218 2972 2482 2796 2036 1396 223 4108 3076 812 280 1150 2402 528 1761 3226 1671 3078 910 435 3536 3466 2737
247 2786 4969 1200 1485 1652 3022 1511 3496 2732 4001 3005 4955 148 4081 2417 3091 3799 3514 3302 4738 3954 3102 2308 2737 1056 1569 2266 1153 1494 4997 4012 2789 4060 937 2726 266 3273 4631 2266 598 4432 1198 2426 2059 2378 1398 1351 4628 525 4182 4081 2848 4352 3866 4785 3598 3829 2165 1437 1291 2615 1217 4666 4067 2429 1838 2502 4839 722 761 803 2218 1420 3630 1451 4310 4276 4184 3957 3432 3195 3919 802 2081 2491 4196 3573 728 3982 2053 1103 4079 430 3433 1921 1863 1179 3208 900 1651 2948 3076 3083 2916 2892 2486 1866 244 1428 3606 4499 2558 1907 933 2964 449 3004 3072 1616
3025 2025 1445 3684 2217 4503 2460 3708 2090 2567 1787 1465 3176 4848 1967 508 1274 4020 2324 1980 110 134 993 4032 3035 3002 1720 1153 4477 4322 3836 683 142 711 4663 3947 1181 1881 417 2812 4945 1793 4302 82 463 309 2812 1289 1071 736 4128 1364 396 2576 1785 3377 1621 2201 2046 4599 682 4833 3005 4631 400 1425 2935 1333 4479 2859 2496 2421 2580 2754 2933 3638 3521 2527 3610 3477 4321 4693 2355 4030 1203 4390 3532 1235 3446 1660 3226 1160 1649 2213 4547 3073 1378 91 343 2238 2134 2624 3852 2106 4362 2492 4562 4714 368 3000 4327 4461 1426 3718 1010 4555 1295 210 3352 3450
3801 2949 589 192 3651 4865 4556 1861 1585 663 3940 840 3021 4385 1712 1701 2110 2305 2285 179 2367 1271 869 1537 3767 1277 174 1494 4322 1444 1980 232 3777 4225 4847 3531 1268 3557 2543 2596 2555 2335 4560 2286 2317 2936 2920 1339 4334 4013 4187 425 4357 105 920 3923 97 4239 1387 3322 1817 877 4381 1699 4844 1809 3631 972 3593 4106 764 2819 975 2543 3773 2493 3843 2699 1150 2750 902 4994 793 1986 4254 3075 224 4683 1829 2246 3742 4455 3450 242 4507 1593 1027 4622 3970 3466 2965 3979 3255 4129 1786 3826 2957 4675 3734 3816 4719 2674 2688 4582 3177 3353 1464 4974 2437 875
951 2290 451 1301 1200 3239 3736 679 857 4811 591 2099 1301 561 2455 1906 826 3588 2429 757 2583 2640 1500 86 2105 1924 257 4997 3836 1980 1084 3844 1173 600 2670 2618 1321 4766 3596 3054 473 4809 115 504 4932 1023 2243 4486 3646 3551 3049 4542 60 1580 2342 4205 2718 1146 739 1687 4717 4614 4391 86 1693 1283 656 451 614 3109 3361 2455 1300 4476 40 4607 4159 3670 1301 1078 3868 2302 3967 3666 3939 4438 2479 2531 43 757 4664 2816 4961 3258 2069 2273 4011 1374 136 4674 400 3914 3094 4763 3215 3432 1453 3470 2031 841 1569 909 2096 2449 1973 1568 4910 4383 2676 1786
1354 2324 827 2487 2611 3055 471 1590 1632 843 4607 849 4106 810 354 2498 3690 4882 1206 4440 4294 379 4486 856 1801 1154 894 4012 683 232 3844 2976 3195 2207 4233 4002 4562 4625 1072 2874 30 590 4548 4562 4810 3849 1386 3217 2588 2270 2818 4146 1104 2870 3767 1820 3469 3769 4913 4179 4601 753 3652 2224 3655 652 4380 2633 3207 1863 59 2327 1693 1001 4401 379 540 4312 4637 2975 4578 64 755 762 890 3471 4619 3206 761 2692 70 280 1465 1595 2659 3928 2378 2750 1777 2058 1463 3972 2286 1202 3504 1424 1886 1226 4207 4756 2412 1384 4341 3801 576 3396 3051 3075 4544 1320
721 3085 3893 1822 3871 3190 1054 3164 1578 3810 589 4578 2978 1621 321 2294 2109 2878 1192 4419 100 4757 908 3573 209 2609 2441 2789 142 3777 1173 3195 3446 4994 3063 2868 4592 752 1419 2928 4034 3249 3050 2015 2072 3771 1880 4614 3273 89 967 2515 3543 4582 132 1309 467 4851 1206 2411 941 975 3179 4284 357 282 4598 347 3018 4609 4105 3555 2380 320 3213 1120 568 3904 4852 925 280 2458 1209 119 4552 1101 3089 1029 4125 3719 1333 1786 1061 342 2604 1565 1142 2867 2833 3426 1697 1658 2356 3548 3819 2767 3136 1207 2175 639 3140 3736 2056 629 1861 3881 272 4780 2268 676
4390 2908 2320 286 4091 3473 4826 4495 2262 1839 2318 1884 3201 2964 1424 2946 4758 1787 121 4260 2548 3112 2606 642 3357 4097 3694 4060 711 4225 600 2207 4994 2252 4293 1156 1487 1263 1366 2388 2993 34 2606 4899 2945 3390 3123 3502 2133 3071 4996 4709 4893 4611 570 2518 2539 2539 4617 3271 2554 4914 1433 2110 4321 1847 2418 1507 700 964 3991 1794 4362 2353 3851 3249 3502 315 4197 2214 2992 2541 3095 2470 2754 3352 4369 1951 556 2980 2134 52 1264 568 3883 1762 781 3914 1814 29 2847 93 2063 1497 2144 2163 2126 2114 4565 312 3787 3170 3979 1991 3353 2564 3291 3813 1070 3700
924 2768 220 1408 1769 2660 290 2238 2686 2064 3480 4897 233 1672 4165 3299 1522 4850 1675 1078 4939 3194 3361 3103 3484 3475 4755 937 4663 4847 2670 4233 3063 4293 1841 3270 729 3522 4201 3322 2716 2462 4704 1809 1653 4352 4908 3192 50 3671 3698 4061 2149 4816 1803 1157 1023 2436 2315 1126 3871 4580 1185 882 636 851 3449 788 291 980 2932 2330 3671 2520 3088 385 4689 4151 4222 3951 99 1989 400 1802 4658 3711 508 708 1153 4946 829 57 362 296 3138 770 4651 875 988 363 3398 4409 3393 4544 3018 4629 4817 4408 656 1402 2779 625 4245 1438 460 2505 780 1186 515 4328
3617 4678 1480 1872 66 2825 4644 4499 1835 4749 3112 1553 3260 4329 600 786 632 2238 3168 2541 69 2535 1974 1341 633 1938 3762 2726 3947 3531 2618 4002 2868 1156 3270 407 2404 4021 759 4738 4370 1583 2033 1119 3008 2224 1886 761 4613 3417 2400 436 3199 3733 1197 4178 464 1146 4848 349 1129 1090 3390 3212 3000 1417 3734 3082 1413 4050 3523 4398 4837 2944 1108 1045 564 1155 2387 2536 2456 2026 2640 2533 240 929 2837 1364 3438 4915 2702 2486 2917 480 3876 1871 2712 3545 979 1563 1925 2878 2838 2405 4456 2746 2343 4417 942 355 4744 894 1823 4171 680 737 1211 1234 544 2148
2070 4698 3859 1309 3547 2038 1150 4212 734 4696 2123 4430 2110 2542 917 2706 2986 4746 3119 321 513 4480 3122 3791 4279 4381 2647 266 1181 1268 1321 4562 4592 1487 729 2404 742 3465 2201 4179 3025 1242 4140 1813 574 565 4608 3414 1007 3150 1794 1172 4411 515 1822 855 1127 381 3942 4977 1028 2978 4197 3264 3277 895 381 4667 2993 4929 4516 1646 2828 2479 1647 3049 2238 2496 3874 39 1095 1550 3101 3061 3286 4390 3524 2702 4889 2170 409 4293 1519 4935 627 2727 842 879 165 1226 1793 1814 3356 4417 975 2973 4683 3209 178 1376 4543 4839 1622 124 4353 4683 2937 3103 346 2335
3584 2484 1438 1365 443 837 3358 2633 2104 1052 2453 1479 1409 1077 2186 2730 2646 4159 2466 3323 2388 3805 1494 4609 1632 573 107 3273 1881 3557 4766 4625 752 1263 3522 4021 3465 3727 3209 3144 2619 590 2144 2203 3060 2467 4912 4988 854 3548 3953 1125 4752 393 1863 2731 4187 789 2523 3469 2959 3157 1389 1644 2352 1870 2628 4242 1093 4997 1438 2254 4282 3485 3897 4150 418 1316 812 1412 2275 1807 3994 4836 3583 3123 3709 3276 2475 2546 1876 3648 2527 1456 4157 175 2695 1320 4323 2436 4355 4789 3826 1132 4179 1136 2360 626 2511 3026 2817 492 100 4243 3215 2747 1247 694 2301 443
4758 3566 4715 624 3929 3919 1293 3758 4788 29 2651 1723 3548 3003 2414 613 2089 4619 4461 533 3733 2620 2797 3920 586 2290 2228 4631 417 2543 3596 1072 1419 1366 4201 759 2201 3209 4151 1656 605 3694 2369 326 4433 3263 3128 2109 3986 159 4093 1100 998 269 4481 2006 764 295 675 1466 2761 4278 413 2514 1315 2405 265 4193 4566 2309 2596 1156 726 1587 1930 3448 2214 4241 2113 4580 4326 1042 3293 1325 2629 2763 1334 1289 1527 2920 253 4077 369 2029 3612 2974 3591 3059 3793 3621 3908 2124 526 3521 4388 4637 3264 966 1480 4900 1196 1918 132 3444 3850 1724 1752 4575 4085 3660
1734 462 2206 2726 3323 2219 1441 4334 3404 4559 4816 4587 1805 4457 2033 4632 3201 2244 3355 1961 2830 2514 3419 4735 813 4213 349 2266 2812 2596 3054 2874 2928 2388 3322 4738 4179 3144 1656 319 1161 3624 4178 4354 2612 1305 1556 760 1964 2706 4689 2093 4040 16 3857 998 842 2216 2747 2543 2903 2692 2249 4991 2537 3955 1619 2353 3104 2620 3118 211 2053 2021 4741 4310 1216 2368 265 2019 4850 2928 2949 2999 2779 3447 3606 293 500 3238 742 1898 2028 2105 4945 4400 758 870 2562 3847 1211 2791 1842 1902 1240 4767 4569 3004 1930 4125 4128 1552 3326 3807 4674 1551 4715 2479 654 3947
4907 15 3391 1169 375 2379 68 3730 4669 3521 2281 3841 3041 1126 3410 4356 261 1285 3055 4848 592 4736 3070 4338 4905 4562 736 598 4945 2555 473 30 4034 2993 2716 4370 3025 2619 605 1161 3633 1453 3747 2964 138 670 169 4627 3527 1203 2365 2397 2012 4976 3156 2241 2046 1802 1260 1683 3875 1766 161 3224 675 2234 4574 4198 2618 3122 1012 2683 3780 1178 2599 1449 4298 2811 483 3016 1444 4774 391 1107 3157 1996 2810 1296 244 859 3359 4466 4476 3363 620 1064 780 4407 3806 1212 3021 492 2189 1140 1059 1950 2008 2016 4391 1683 1292 2336 2943 435 1036 2246 4761 1412 3824 1003
3212 2184 130 3247 3032 506 4250 1402 3953 468 1402 533 372 3832 4261 2718 4344 1188 651 2374 3385 4945 1953 1385 744 2585 3567 4432 1793 2335 4809 590 3249 34 2462 1583 1242 590 3694 3624 1453 3644 4372 4445 1746 4078 4164 746 567 2368 1380 3021 4111 4408 742 2566 2380 1055 2853 4666 2153 2435 1888 1679 3267 3909 465 2652 1160 4215 3737 2326 1869 3844 4371 714 2044 3524 4769 2291 2027 4887 2941 823 4263 3463 3967 369 2419 1724 4404 3071 746 2508 3837 2988 3399 4639 1129 1525 2465 2790 2659 3078 671 3373 305 2178 911 2230 3259 259 2073 4262 1617 4893 3787 932 4076 4055
3172 1418 3390 2848 1053 4514 4099 1163 1898 1306 2396 1615 2211 3324 3350 3729 1340 4162 515 2724 2256 4739 4927 636 2441 3240 2062 1198 4302 4560 115 4548 3050 2606 4704 2033 4140 2144 2369 4178 3747 4372 3612 1288 131 2321 2953 480 2962 2664 1871 1366 2018 1499 2733 3006 1172 925 4921 1426 1500 3062 3209 2915 4800 4067 382 2645 2748 601 1880 3375 4451 3959 3912 1424 29 2205 4696 4024 3707 1763 1158 4694 3619 231 4450 4533 3590 3391 807 3208 983 2077 1983 4510 2473 1946 4946 1764 3791 1255 4180 377 147 3475 2676 3275 1803 1696 636 2224 4780 2551 1815 246 1773 2460 80 1470
4876 1932 1278 222 1482 1353 2627 2127 1901 3381 979 2574 3624 3003 93 1048 451 1194 4773 231 774 1102 630 2851 3038 56 4998 2426 82 2286 504 4562 2015 4899 1809 1119 1813 2203 326 4354 2964 4445 1288 1298 3907 1500 80 1413 1448 107 1481 380 4905 4422 3196 2968 4294 280 3563 4522 4048 2026 2524 4657 3486 2023 739 149 2130 600 3663 1247 914 4408 4989 3375 1398 1070 4754 1654 1824 2945 4362 1572 2787 3630 1427 362 2663 3117 42 1297 1417 4260 931 2729 2580 1867 2073 4743 50 2590 4635 2269 2996 27 1799 2754 3566 1319 1754 4562 3175 2700 533 216 2710 1710 402 1152
2134 232 3471 1536 421 224 3998 3501 1464 2904 3531 4619 4566 141 1268 4438 2346 812 3100 4614 3326 423 1295 673 1189 2677 3006 2059 463 2317 4932 4810 2072 2945 1653 3008 574 3060 4433 2612 138 1746 131 3907 1293 1030 1896 3931 631 2010 3857 1054 2377 2202 2180 356 4391 2960 637 632 2474 4710 2917 1515 4444 362 4174 3111 4883 4058 3178 2341 2561 2818 4415 495 4351 3298 1460 2447 3063 4205 4278 1163 3320 128 12 702 4123 3035 1410 765 2241 214 3251 2302 611 3840 89 619 3132 1786 3823 2624 4972 227 549 247 2102 2269 4226 4933 705 1479 3236 3137 1028 3680 4472 3902
1604 3956 3252 2869 623 3650 3374 2347 4678 1531 4620 1566 2552 3503 4975 1858 233 1100 4331 3077 3367 974 703 4664 4563 952 2746 2378 309 2936 1023 3849 3771 3390 4352 2224 565 2467 3263 1305 670 4078 2321 1500 1030 2714 1960 1145 3322 4587 475 1475 1690 1153 2276 4303 4299 3764 588 4708 3025 4594 4473 3802 194 4345 1185 1641 405 2733 306 1975 3968 1422 1588 3162 1856 4678 459 4947 4981 3305 799 2216 341 2831 1275 1412 2908 3003 1145 4348 4232 2861 1329 3668 1708 2806 3402 1722 557 4145 1525 3259 4879 4526 2832 3515 1084 4102 1786 3685 3886 2107 947 524 1933 282 1719 3254
1478 2187 1845 1133 3761 582 4663 3630 111 2209 1202 262 1834 1809 2424 1806 1478 1146 2799 3185 4914 3718 693 1869 3333 118 2528 1398 2812 2920 2243 1386 1880 3123 4908 1886 4608 4912 3128 1556 169 4164 2953 80 1896 1960 4076 2187 2363 1383 333 2643 311 3351 4288 479 953 1955 2630 2334 4296 2418 2750 72 4430 1510 684 1184 3064 1152 2405 2640 1803 480 2453 2571 1719 1901 2040 2694 205 2019 4423 4495 395 2207 3120 3763 3008 510 3240 3496 1607 4309 932 3280 606 564 3901 1209 1442 2411 3628 3153 3378 1565 4331 2566 1618 1898 952 1738 356 1980 3175 3724 4610 807 258 4512
3612 483 665 844 3850 2803 1229 2320 4849 2796 647 4442 654 3955 2686 3723 1688 2921 3717 2876 293 3866 4091 4615 1346 1691 55 1351 1289 1339 4486 3217 4614 3502 3192 761 3414 4988 2109 760 4627 746 480 1413 3931 1145 2187 2114 3622 2779 1572 711 1984 2571 2846 570 1500 3183 2799 435 660 4018 263 3391 2732 421 481 4348 933 3208 679 58 4621 3034 4517 337 1757 2424 2420 1467 4148 533 2782 4670 1161 2284 4948 2454 458 1565 475 3244 1965 3708 298 2858 119 4803 240 506 1364 67 2823 128 1721 3635 1547 3821 3279 1131 3562 749 3946 3774 1813 4650 1200 70 3645 3151
1606 4383 3908 4475 1814 2292 1792 4821 2830 1110 3605 3360 4901 3073 3679 4372 358 1638 4159 602 2085 460 2588 3935 3065 2696 241 4628 1071 4334 3646 2588 3273 2133 50 4613 1007 854 3986 1964 3527 567 2962 1448 631 3322 2363 3622 1450 4564 4111 4659 4434 341 1836 102 24 1643 4636 1522 4034 1191 4570 3424 4791 721 3478 4467 3711 2680 1766 1025 1532 1534 2500 814 332 1557 2292 1798 4978 4697 608 4981 4793 684 3094 4379 4056 1511 3602 747 184 1295 892 1584 4533 313 1692 503 1535 4815 1719 1728 397 22 4673 996 1903 2093 4100 2316 1463 2784 4749 4024 3062 141 835 2003
3945 3633 4312 1177 589 4429 1968 1302 3964 408 856 3979 4879 1709 1752 582 1134 1800 1294 3275 3553 277 426 571 3470 3878 3209 525 736 4013 3551 2270 89 3071 3671 3417 3150 3548 159 2706 1203 2368 2664 107 2010 4587 1383 2779 4564 1619 4242 1937 614 4688 743 4804 648 1482 688 1877 1850 3034 2040 2743 3618 270 23 238 2613 3463 514 3042 3437 728 1875 2633 3563 797 3651 242 173 4750 3787 3349 1687 2934 4864 4371 3582 3870 714 1250 797 720 21 549 2579 4953 1994 4643 617 234 4753 3584 4742 833 919 1826 4406 3528 4342 1068 4447 4703 372 4436 2396 2177 4310 2870
1646 3094 1562 2977 1103 681 3056 1295 2417 435 529 1697 4462 2318 2629 240 792 4649 698 86 4126 3623 1705 3377 2408 3452 4447 4182 4128 4187 3049 2818 967 4996 3698 2400 1794 3953 4093 4689 2365 1380 1871 1481 3857 475 333 1572 4111 4242 1640 3865 4342 617 1341 1013 758 1991 3019 3546 1732 2112 2292 2024 3030 3848 695 71 589 1769 2876 2647 1196 774 1366 4307 2857 4366 1822 2509 3228 2482 1284 2692 1231 2855 430 1725 2399 3704 922 2773 1970 1584 1072 3872 798 3162 3678 1466 3593 136 932 3020 4531 4213 1022 3534 2998 4175 4188 3710 1563 932 1991 660 1644 3290 4378 4693
4812 1023 1825 4878 4409 2078 186 536 1652 2533 2310 4872 4611 1245 4038 3333 4290 4542 2082 1194 2799 4576 2234 1042 188 309 3190 4081 1364 425 4542 4146 2515 4709 4061 436 1172 1125 1100 2093 2397 3021 1366 380 1054 1475 2643 711 4659 1937 3865 3645 1007 320 2577 3233 2867 1971 1878 3340 3157 2623 3833 3085 4932 2155 1572 991 3459 1797 3931 4378 937 3113 2659 2877 4182 2733 783 4939 948 791 2832 3414 3741 4913 4338 3891 4362 2353 3781 946 1135 2508 1423 2340 2223 3927 3876 4041 1542 1287 961 460 371 3642 2351 4906 4541 110 1544 3349 4485 3669 3628 2175 4216 4258 394 4702
3393 1959 4492 681 3225 3916 4523 616 4489 2799 328 391 948 1419 1845 4468 2533 3815 2143 1956 1944 1002 1775 1560 1971 2837 1346 2848 396 4357 60 1104 3543 4893 2149 3199 4411 4752 998 4040 2012 4111 2018 4905 2377 1690 311 1984 4434 614 4342 1007 158 2108 4672 33 2370 4730 2622 3664 2946 4472 375 602 4348 4934 4391 3603 2103 50 4363 60 30 2763 294 4344 2906 331 1909 3358 2250 1277 1256 1739 2810 3643 577 2867 2398 837 1175 1443 2685 962 931 3148 1344 1128 3404 1462 3701 2230 1138 2533 4207 631 569 3892 3558 3853 1904 1714 3931 125 4600 3889 1099 2255 2090 927
1601 220 1558 2962 3795 942 320 2056 3613 2536 4697 4110 4776 3392 236 2760 3487 4387 772 1952 4637 1711 3297 3410 692 453 3470 4352 2576 105 1580 2870 4582 4611 4816 3733 515 393 269 16 4976 4408 1499 4422 2202 1153 3351 2571 341 4688 617 320 2108 1395 782 72 1917 778 1388 1919 3817 1740 2551 1606 4670 507 4783 1061 4419 2150 922 3412 1603 4566 2725 2618 1193 4830 4544 4044 973 2668 2344 942 905 4489 4105 4145 3692 1458 538 1397 2725 937 2148 959 3759 3459 1584 1614 4292 2107 2395 2159 2703 3946 4713 4769 1997 4067 3484 4196 1089 4547 621 4506 1469 192 1882 1579
2356 4759 3592 405 634 2590 1293 4893 2670 4919 1037 1534 2621 3657 3911 12 1942 4485 53 4769 1682 4936 4920 4998 1799 4455 3961 3866 1785 920 2342 3767 132 570 1803 1197 1822 1863 4481 3857 3156 742 2733 3196 2180 2276 4288 2846 1836 743 1341 2577 4672 782 4160 2454 4319 2151 1374 3799 4253 3082 1224 1714 4198 1654 149 1829 3072 724 2976 3746 3515 2051 1221 414 1932 3587 3346 3403 579 4189 2076 618 183 1796 877 2204 2234 4907 3624 3718 4546 4557 4885 2046 4980 4205 1286 1272 168 3267 2083 4511 782 4522 3286 3861 1935 3002 4680 107 1683 4508 2453 1842 3296 4807 2254 469
53 3907 746 1893 612 4699 1293 1118 4872 1100 4945 229 3441 3691 4213 744 4379 3146 4870 113 4862 428 2332 1911 2267 1894 2156 4785 3377 3923 4205 1820 1309 2518 1157 4178 855 2731 2006 998 2241 2566 3006 2968 356 4303 479 570 102 4804 1013 3233 33 72 2454 3921 679 1218 435 1020 3907 4789 2150 1898 150 3627 3679 836 1493 1867 1157 4437 434 1151 4805 3783 2851 4957 2081 290 2837 4526 1071 4595 3191 2524 3646 519 2132 412 4802 4887 2768 3823 4427 1179 2520 2637 2303 1989 1829 4550 1696 942 3177 1721 2323 141 3170 1245 2981 2351 1667 2971 2328 2173 4956 3992 4175 3518
2475 4587 4539 1814 1698 2187 1560 133 3033 2458 1034 1208 1557 412 3080 2452 3871 177 2441 4312 716 1717 2982 1125 4732 2293 4995 3598 1621 97 2718 3469 467 2539 1023 464 1127 4187 764 842 2046 2380 1172 4294 4391 4299 953 1500 24 648 758 2867 2370 1917 4319 679 2431 1543 398 2666 754 2859 1024 3135 1988 1413 4750 3200 1578 498 1375 3581 4958 1964 1235 3445 3971 2224 2269 3086 3971 1718 1529 3502 3906 311 2585 3419 1823 4710 4259 1532 1953 2874 2404 1988 922 1917 3573 3964 757 3219 2703 3526 4106 4045 3022 443 4520 1725 2310 4859 874 3555 1133 1941 1934 2208 3226 3203
527 1522 3508 4563 684 2762 569 4191 2103 384 3195 2808 4056 4938 391 2911 4730 61 4820 2016 589 524 309 1151 2096 1880 3907 3829 2201 4239 1146 3769 4851 2539 2436 1146 381 789 295 2216 1802 1055 925 280 2960 3764 1955 3183 1643 1482 1991 1971 4730 778 2151 1218 1543 986 1207 1700 1408 2034 2310 3298 991 3987 2064 4340 2490 4807 2526 788 4218 4689 4301 4154 3236 2353 521 3758 4173 2686 2273 1587 4137 3716 4428 3361 3881 3572 1159 325 1582 4743 4486 1917 3760 4854 521 2663 938 3736 2913 3562 4304 2103 4845 320 1864 3906 4389 1524 3380 3192 206 2525 4879 605 3414 1945
3411 2072 4954 4985 4193 115 247 452 2991 3465 413 2398 3867 1466 3469 3693 2843 2198 3183 2423 3694 609 3022 3613 2583 4221 2850 2165 2046 1387 739 4913 1206 4617 2315 4848 3942 2523 675 2747 1260 2853 4921 3563 637 588 2630 2799 4636 688 3019 1878 2622 1388 1374 435 398 1207 803 529 2732 2428 3524 700 2662 3815 2469 239 1817 4554 316 1342 3409 3381 4282 2053 3032 596 426 3430 2037 2983 3672 3335 3766 3479 4684 2632 635 2867 954 2590 1849 4139 3294 2431 2948 3708 3038 1164 4703 2768 2042 3849 4572 915 706 1905 2250 640 4842 2173 4815 2839 20 1758 4674 4917 2623 4034
2631 2916 3462 1668 4469 3859 4065 12 707 1814 3083 3848 1803 297 2514 3644 3279 1153 50 4086 2567 2743 2303 3269 2099 1775 1466 1437 4599 3322 1687 4179 2411 3271 1126 349 4977 3469 1466 2543 1683 4666 1426 4522 632 4708 2334 435 1522 1877 3546 3340 3664 1919 3799 1020 2666 1700 529 1729 1148 2392 2289 1733 4612 3944 4495 4464 1126 4278 4554 1662 4315 753 2372 3874 3355 3251 629 4974 268 224 779 3225 576 4255 3030 3973 4769 2676 432 4848 4826 1769 2802 4557 1260 4271 2962 373 1990 4319 1337 587 3076 2759 80 2819 2361 3465 2394 1926 3296 2905 2374 2018 1664 1472 1507 4329
3269 894 4446 2722 1817 1440 4022 1696 2527 1314 2194 520 4531 310 3093 2744 4229 1730 1557 4775 2788 2095 2985 175 4705 3413 1773 1291 682 1817 4717 4601 941 2554 3871 1129 1028 2959 2761 2903 3875 2153 1500 4048 2474 3025 4296 660 4034 1850 1732 3157 2946 3817 4253 3907 754 1408 2732 1148 1504 2913 2300 4037 3805 4518 3895 3121 3650 3244 2799 4395 842 604 4262 2066 4859 1300 1324 1800 4555 1337 4647 3057 1355 4455 3753 4374 1009 4495 1748 3704 1685 3642 846 1930 1605 2550 1471 2437 3519 3842 1508 1068 3732 2639 753 1860 2036 1242 4980 4225 104 2371 4712 77 1537 2177 1717 4461
3022 3749 4518 4591 665 117 912 3270 2033 480 3037 4245 4304 4952 746 3035 992 220 3015 1599 4095 162 543 4622 247 4687 2170 2615 4833 877 4614 753 975 4914 4580 1090 2978 3157 4278 2692 1766 2435 3062 2026 4710 4594 2418 4018 1191 3034 2112 2623 4472 1740 3082 4789 2859 2034 2428 2392 2913 2782 2781 1454 276 638 2756 985 2939 589 1136 421 2930 839 973 3856 4970 4728 1907 1473 776 3293 2240 1936 1409 3264 3052 3528 4147 281 2744 4273 4561 2946 978 806 2667 1615 621 4549 1208 3596 185 1308 4342 935 891 2302 1019 4458 4641 1562 2209 1019 3077 3910 1470 188 1205 2606
3444 4196 1794 646 220 3884 2951 865 590 1102 2465 2942 2939 2746 3464 2814 4451 692 4522 135 3594 2755 1096 2886 1065 3298 1992 1217 3005 4381 4391 3652 3179 1433 1185 3390 4197 1389 413 2249 161 1888 3209 2524 2917 4473 2750 263 4570 2040 2292 3833 375 2551 1224 2150 1024 2310 3524 2289 2300 2781 4555 1810 3621 1032 1523 2275 712 2293 3097 4904 3481 530 3858 861 498 2611 3598 4518 3097 3763 2795 2211 2592 3458 516 1896 544 1157 4857 1550 3225 1146 1955 4104 2001 3429 4925 3423 1969 4660 4564 1953 1124 1134 1742 3747 2380 318 3719 4563 3223 1436 623 2999 4623 1132 1516 2769
3452 4463 1150 1571 2880 4041 589 1241 3290 2845 1192 986 3035 755 4976 2691 3145 3558 4713 4612 4804 1621 890 3309 510 1161 1453 4666 4631 1699 86 2224 4284 2110 882 3212 3264 1644 2514 4991 3224 1679 2915 4657 1515 3802 72 3391 3424 2743 2024 3085 602 1606 1714 1898 3135 3298 700 1733 4037 1454 1810 2398 3316 4029 2850 4738 1275 2028 3761 1621 1530 391 1980 726 1498 4530 4647 1869 1019 3018 2772 4872 895 1732 437 1880 2704 38 2707 2535 4847 4875 4887 951 2260 3811 1931 3642 3749 4538 621 3531 3025 4368 4447 4967 4107 3224 4573 4919 4973 874 1586 2039 3010 1547 99 1262
4786 1621 642 3378 2739 4984 863 3750 2739 4632 1959 4382 4065 838 4474 1591 607 1583 2989 3028 4166 4619 1602 3407 2967 1258 2687 4067 400 4844 1693 3655 357 4321 636 3000 3277 2352 1315 2537 675 3267 4800 3486 4444 194 4430 2732 4791 3618 3030 4932 4348 4670 4198 150 1988 991 2662 4612 3805 276 3621 3316 1144 1772 3273 4876 2236 1681 64 4618 2034 257 2889 2330 379 4862 3427 2223 4936 2414 2630 2282 1136 4501 2623 939 3728 1776 973 2998 2839 1084 328 4562 3508 1475 908 4162 647 3604 4736 546 349 3116 4548 3853 4980 4530 1951 2648 1517 2750 1009 2167 4055 384 4390 3257
2465 1870 2232 4235 2145 1315 2718 1293 285 1718 333 4616 4529 718 4635 2521 2658 684 3485 1028 3737 3397 3346 1872 4609 406 4932 2429 1425 1809 1283 652 282 1847 851 1417 895 1870 2405 3955 2234 3909 4067 2023 362 4345 1510 421 721 270 3848 2155 4934 507 1654 3627 1413 3987 3815 3944 4518 638 1032 4029 1772 2905 4950 618 2556 952 2427 3029 4431 2535 1069 2987 2137 1616 3031 4258 2900 2998 3734 1835 613 911 1015 1081 454 885 4403 563 349 4118 2693 4810 1757 3135 326 4492 574 2664 4301 1145 3319 3892 3493 3772 1130 1898 4553 4473 4330 1947 1537 4360 1158 2875 65 3025
3228 3848 4708 673 4873 2141 4879 628 2738 3181 332 2501 1440 2588 803 3231 2469 3105 1158 4288 2359 1783 4962 197 3468 4801 2432 1838 2935 3631 656 4380 4598 2418 3449 3734 381 2628 265 1619 4574 465 382 739 4174 1185 684 481 3478 23 695 1572 4391 4783 149 3679 4750 2064 2469 4495 3895 2756 1523 2850 3273 4950 4544 1576 4932 2478 3202 1781 4547 2123 1472 2649 2072 668 3361 2384 314 960 2162 1147 2929 1802 2988 4619 2960 4255 898 178 3439 2657 1510 3889 3235 374 738 4590 903 657 818 4339 4013 102 4742 725 576 3051 2205 739 1974 3397 3195 1146 19 2198 3122 4850
1937 862 1790 853 3502 570 343 1633 1382 1931 4853 218 1187 223 2833 3153 653 772 1104 26 3181 2009 3314 4799 1777 4727 3378 2502 1333 972 451 2633 347 1507 788 3082 4667 4242 4193 2353 4198 2652 2645 149 3111 1641 1184 4348 4467 238 71 991 3603 1061 1829 836 3200 4340 239 4464 3121 985 2275 4738 4876 618 1576 3438 4953 489 2915 3721 1625 3744 1312 1009 4604 4523 4178 103 1040 1834 4410 3169 1462 72 1469 130 3937 701 3052 4677 631 565 4908 3905 2936 1507 2774 2185 215 4519 631 3700 1039 71 4224 182 3357 4979 880 1338 1428 1204 267 4080 504 4089 2583 2956
