N: 120
M: 20
Symmetric: true
Triangle: false
6 20 22 91 66 76 78
6 89 60 75 112 65 107
6 1 28 37 26 40 118
6 109 111 12 64 92 69
6 23 21 82 85 27 106
5 2 29 36 17 50
5 97 55 114 104 32
4 48 74 119 90
6 63 68 103 71 113 73
9 4 35 16 19 80 38 81 42 5
6 46 94 51 9 31 25
5 52 53 108 59 47
9 98 18 105 86 87 7 13 6 88
2 41 116
7 93 49 30 3 61 77 44
6 84 57 58 102 34 79
5 101 39 110 95 45
6 8 120 115 54 99 100
10 72 33 83 15 14 56 24 96 11 67
5 43 70 10 62 117
1852 871 2917 3601 2288 916 3953 1789 4951 3490 1004 3845 385 4281 999 3463 2376 586 4816 186 2605 2586 2092 1737 483 306 4801 1316 2844 1815 1905 2231 3616 863 4246 4354 4813 3987 3126 3288 4192 4650 2907 1430 448 1514 2075 2398 978 3134 212 3985 2755 3683 2889 3590 2303 3338 4657 1636 752 3570 1967 3911 3029 1340 3395 1887 198 3065 2592 3378 2467 1128 3150 1498 2411 4163 4997 896 2289 2644 1289 2411 4916 2047 1008 3033 3216 3361 179 4132 3286 2002 2754 3742 2463 2197 2718 4281 791 67 50 2122 3783 3736 548 3216 3366 743 618 3320 4693 2729 3049 4643 2917 4576 796 3735
871 903 411 2405 3466 3181 637 2701 567 1281 1017 2754 228 1145 2068 1567 1204 438 325 2906 2198 129 1085 3232 1278 3943 708 1201 3676 1393 3902 4988 1593 4813 4246 670 1064 3927 2361 3335 4370 4306 1694 1718 264 1304 3864 360 1642 570 288 556 1473 1130 2809 4132 4621 2540 1419 2311 2011 487 4260 3498 2629 4632 1290 547 121 3049 3247 1831 1659 4392 1408 4684 1299 2392 1532 2012 1159 4597 1036 2689 49 4050 2757 2911 946 3976 3661 3842 853 4417 498 3962 714 1151 3014 3936 422 4642 712 227 157 1183 316 4372 3695 4728 1793 1304 562 4752 2264 2028 4474 3941 4140 1915
2917 411 793 2882 3134 768 1679 639 2977 1730 329 622 4565 3021 2625 3831 4623 3224 4715 2767 4516 4569 2580 2024 1650 4692 1783 2070 4688 1865 3170 3170 4922 4777 3450 1364 731 2298 3917 3312 4216 2044 2528 1908 1997 1399 3102 3565 4544 1580 4229 824 83 3269 4496 1445 1385 1777 4599 2014 4526 2695 4355 1302 4433 1826 293 4442 1214 971 190 2145 3553 734 1631 94 2789 3699 278 1569 4401 2628 3218 1256 1458 3469 4451 138 2892 4027 1832 4727 4921 2766 3953 3175 1194 1371 4700 3158 2136 1294 3623 4594 4224 1387 4177 2506 1987 325 930 4878 595 663 4406 2834 3170 3571 4987 3345
3601 2405 2882 4930 1917 2597 2547 3577 2057 1647 98 1457 2107 2539 255 3560 4821 319 960 4475 423 3796 2674 3649 388 1366 4640 4682 2593 148 1433 3203 1054 2025 1219 232 673 4080 2562 894 2968 2791 3561 2293 241 2292 4631 795 4750 3575 1995 2377 3777 827 1488 3141 534 1345 1528 201 1720 2073 1313 1716 4265 2534 4062 2894 775 3812 657 1443 1524 1373 3154 609 1414 234 1391 2687 4111 1845 2981 2742 4332 1822 1496 1085 4094 4451 1550 4875 2526 2197 2556 27 1627 4416 1362 3407 1376 480 4181 937 4754 3853 2187 1940 1700 844 2480 4643 3841 790 963 4753 1259 2708 3916 4960
2288 3466 3134 1917 3449 3755 4375 859 3050 297 843 1223 1222 1033 4575 1656 3063 1294 4590 4975 1431 2205 2681 4634 3546 148 3286 1312 2770 4952 1725 165 4250 4175 4921 3076 3906 2031 3667 884 897 4704 4932 4310 4156 2306 1524 4526 1912 4957 1431 486 2909 3011 829 683 1305 3278 4742 3424 4795 1192 3072 913 555 4272 3357 3861 96 2615 3835 1009 2193 4181 606 4136 3900 1677 3575 4621 2198 2241 1090 4751 1136 3051 34 4417 3340 3176 85 2443 465 2373 3011 1603 1430 1101 2998 4702 1830 1253 2514 1118 3773 1230 1761 1171 2231 4725 2934 3429 2987 4720 590 1639 2968 1991 2392 2319
916 3181 768 2597 3755 250 3600 1014 677 732 204 2763 1307 1796 1935 4296 2308 601 1449 1356 4324 1779 764 4150 737 2632 17 227 3058 654 249 2854 1797 4288 2563 3800 1571 1886 4111 236 2622 3958 3970 950 1202 3610 2955 508 1722 912 3743 800 1029 3027 1462 2005 4817 4002 4102 839 3972 3735 624 4441 825 137 2562 3761 2591 2040 2515 620 2389 58 2921 3317 4878 3774 3061 2124 3843 1610 328 1052 1179 3969 2130 1722 2673 3463 11 2580 3817 4957 4019 3546 4358 1542 660 4028 2553 4949 267 4038 2158 4131 2301 1868 627 1201 933 703 2017 3040 1859 384 3432 3509 3799 1053
3953 637 1679 2547 4375 3600 239 27 867 1308 1952 2551 4884 3744 2335 1726 4369 2853 3568 3475 4708 2475 1367 887 1535 2763 3963 2435 4168 3075 3744 4865 4250 3742 2397 1109 2063 138 2229 3481 1763 4484 4072 546 3152 681 3381 3364 1780 1318 4813 379 2460 1871 641 2613 1678 4349 846 1044 2651 1639 3349 3859 4454 2755 3019 1383 4936 2558 193 4327 32 2754 2061 2715 3421 4682 3376 3906 536 4066 3519 4875 3824 85 3906 3583 2438 2895 1597 592 1733 2471 757 4928 2114 2984 4920 299 138 1026 1626 2030 4263 1928 4809 3796 1965 804 2110 2704 4849 3087 272 1877 256 3027 132 3188
1789 2701 639 3577 859 1014 27 1563 806 3040 3346 317 577 279 2778 257 4822 4818 3512 953 2304 3762 3927 3537 939 4300 2172 2042 3407 2769 4709 3246 2146 4182 1274 4743 1477 904 3613 398 4244 404 3382 3911 3952 4457 3574 795 698 1182 4449 4324 1633 2843 1681 3165 4910 823 4994 2685 2500 2604 2027 2873 4221 495 4606 4347 1957 2303 3256 1659 503 2018 1113 4207 901 3361 3622 2983 3323 1494 4007 3462 1476 2840 1753 3699 125 4727 3468 2554 473 1749 4582 1942 3806 4406 855 4553 3454 802 1344 4824 3844 3156 4537 1552 2216 4895 2917 2938 75 626 935 3461 4301 658 1364 1219
4951 567 2977 2057 3050 677 867 806 2226 1234 4658 994 908 1097 3456 4230 1277 4946 3360 1704 4131 4601 951 2520 3894 4879 3689 2256 189 3636 601 61 996 2846 4759 3680 2545 2778 703 1639 4010 1888 764 3602 4458 1524 1205 3381 2689 3066 1454 856 2610 3422 492 18 2676 4450 2214 1197 2337 4840 4270 2067 2922 3834 1574 1715 3794 4487 4692 2461 2993 2575 4230 1012 2367 1827 1997 3028 263 4108 4272 278 3295 913 4559 4349 855 637 3246 2445 2787 66 1459 3863 2682 1970 4806 404 4177 4083 4249 1342 2020 636 3273 3890 3626 4569 476 2328 855 2689 4352 2999 2861 225 4570 125
3490 1281 1730 1647 297 732 1308 3040 1234 1400 3046 1266 1144 2131 4314 2595 2861 4529 2402 4107 2411 2667 1231 742 3649 2702 3963 294 1062 3951 2440 2273 1077 3057 2520 3978 1604 4897 735 4928 4138 1372 3723 3305 4560 257 762 3777 1156 3805 1627 2070 1570 4072 573 4308 718 3082 2273 4790 4129 4095 1241 4271 462 923 2011 4478 4194 223 1185 3996 778 799 1839 3674 1972 937 1450 546 3258 3150 3788 2038 4535 4178 3123 1419 363 1246 1364 2994 1000 4015 2964 2978 1354 3066 2857 4365 4467 1579 3778 3927 3374 3370 4613 4359 4300 1383 3671 4015 559 3845 471 2212 4450 625 1912 2634
1004 1017 329 98 843 204 1952 3346 4658 3046 3164 2423 210 3359 3566 651 3524 294 4452 3924 2961 2790 4913 1054 3609 2934 3794 1101 4277 2170 3491 397 2463 2924 3657 886 2505 2111 2951 988 3938 185 4993 4068 2180 4233 278 1270 1019 1010 4287 2383 4570 3747 171 1360 391 4348 3017 4424 1609 4687 4265 3622 980 4252 1693 105 3319 2601 669 466 18 822 1059 3951 4920 4547 1844 197 4669 2085 4575 2749 2365 1319 4243 3343 4727 95 4497 4923 1390 3179 2525 4936 3638 1631 612 4260 123 3542 2203 659 4900 234 268 3993 792 314 1367 4041 3646 4504 391 2858 2434 3423 1926 1643
3845 2754 622 1457 1223 2763 2551 317 994 1266 2423 3881 261 2321 1397 3402 414 325 2683 1768 2594 2722 834 2697 1679 912 1589 2905 3793 4616 3846 2404 1357 4898 2169 1915 239 542 3384 948 4470 1692 3996 3876 4631 2361 1765 3989 72 3186 3678 1829 2956 3954 4628 3906 771 419 1174 2834 2043 75 2390 2823 23 954 686 3955 4548 1664 3001 518 4360 2160 132 3102 2379 3078 4273 2968 470 4602 3495 3198 1132 508 1681 1017 4189 2116 3036 821 4362 4123 4950 3362 2162 986 470 1341 3787 674 4795 655 1372 3832 4886 666 1429 2035 4203 299 1079 4443 2978 721 1093 2816 4663 4351
385 228 4565 2107 1222 1307 4884 577 908 1144 210 261 3593 2498 4802 279 2740 222 87 4768 891 1694 1532 327 2379 3399 4353 3995 4414 4482 76 1717 578 2184 1970 1021 3859 4283 3574 549 2923 760 13 4891 4572 2854 2707 4339 4417 2676 2773 729 4247 2063 3572 4498 2156 3335 1945 2227 2841 2693 1067 4872 134 4345 1816 4821 422 4496 3497 2804 2854 2703 3427 2315 4686 707 3453 860 770 3192 3979 314 2796 2559 3284 1440 3525 1705 701 2396 257 3606 4103 3180 1849 4722 2057 4784 1936 2762 872 2999 4159 4668 2617 4835 3125 4416 2950 4399 4307 628 2459 1345 2932 2861 3946 789
4281 1145 3021 2539 1033 1796 3744 279 1097 2131 3359 2321 2498 3430 3184 732 1914 2829 3884 113 4233 734 278 4412 4173 969 3604 859 3755 2693 2172 2556 2667 4773 3581 4043 2931 2583 2628 236 3734 3193 4609 354 1539 3932 4538 2114 4828 1355 3781 1757 3838 4389 1660 4771 693 4803 348 3513 4747 3266 4629 4653 1557 113 289 4106 3688 340 3894 3239 676 376 540 4377 4467 3230 4530 336 1224 1248 3553 4359 4089 974 4930 1488 251 2393 1768 1473 1143 3396 1956 1161 4415 4828 3207 1571 4686 1593 3463 854 1825 740 2809 2760 2983 2977 1237 1971 2111 1079 1385 2862 1613 2557 2930 2496
999 2068 2625 255 4575 1935 2335 2778 3456 4314 3566 1397 4802 3184 1674 1667 858 1106 469 2363 4805 3637 186 4915 2649 3048 1616 537 4526 3525 1559 2281 1184 2964 3005 2112 2667 304 981 445 3355 597 2975 2078 771 941 1866 3790 695 4236 3140 2450 2473 2890 3322 4639 2690 620 730 1169 1916 815 3081 2730 768 4858 2641 1180 4956 2721 4081 2898 2717 3503 1653 310 1408 3446 3306 1492 955 3213 1369 3574 1430 2572 4034 1400 458 3259 4918 1920 3218 4346 952 4313 2338 566 2234 2431 1655 4316 4654 1615 2850 2728 2220 1939 2981 1363 4581 3131 4401 3599 2740 4113 1173 1533 27 3144
3463 1567 3831 3560 1656 4296 1726 257 4230 2595 651 3402 279 732 1667 200 3327 1154 2058 3748 2791 1139 343 4055 1313 459 1900 4432 4579 2926 3947 4571 4226 2011 811 3761 4838 1754 3894 1369 913 1386 169 835 2078 1504 4992 2772 3808 3365 1765 176 3967 123 3101 3612 890 225 4469 1803 2935 3321 1699 2710 2283 1615 4115 3589 3895 1237 4510 1528 2060 1845 4606 4249 2856 4896 4212 951 3582 1120 688 576 1427 3081 655 3183 3713 3509 2401 4228 3756 1388 4561 494 3994 4460 3866 1749 262 4763 4816 846 4762 1832 404 150 188 4500 910 231 4637 2914 1523 3373 1606 3233 610 4449
2376 1204 4623 4821 3063 2308 4369 4822 1277 2861 3524 414 2740 1914 858 3327 492 3207 2711 842 2432 744 4383 1380 4640 3181 211 1950 3924 3010 2936 4274 484 1248 3767 715 3940 1991 792 3162 3498 1491 1867 3342 3158 4466 4337 3310 2550 2208 2863 1806 1363 709 4659 3219 2470 4233 2363 2960 4990 1545 3548 4594 1589 3803 451 1890 291 989 4666 2041 3259 2029 3726 273 3495 647 3704 4993 3854 414 90 866 4089 4949 3798 701 550 1141 2298 2835 4396 134 1308 3572 4429 2702 655 654 1016 4130 3232 581 3944 456 2204 3735 1756 2338 2555 2302 1781 680 15 2367 996 668 2536 3341
586 438 3224 319 1294 601 2853 4818 4946 4529 294 325 222 2829 1106 1154 3207 96 4410 4044 3838 2400 4385 3072 3309 1530 2129 1400 4992 889 3702 1593 4602 1317 814 1738 757 1392 401 3860 2904 3370 2156 3579 35 3259 4788 3584 2307 3016 2303 473 4152 294 2376 2357 2596 4013 2278 4171 3183 4063 2241 1879 2473 4574 4429 4201 1306 4805 1963 1942 592 1192 11 1807 4973 410 4261 1450 3255 3553 4861 1956 3603 3674 3438 1775 1074 4082 1876 3101 1921 3073 3249 261 4715 348 628 886 4492 3758 268 266 4145 2131 3813 1041 905 3377 3368 2719 3766 3102 2748 1729 2795 4059 4538 1275
4816 325 4715 960 4590 1449 3568 3512 3360 2402 4452 2683 87 3884 469 2058 2711 4410 1048 4989 4674 3540 3727 725 1107 4056 577 4262 840 2055 4681 2025 2601 1103 1257 448 1413 2543 445 3784 450 1898 1659 1286 3068 4210 3770 3893 4361 4574 4119 656 4071 1573 896 3590 209 2805 4260 4160 1776 4960 2259 617 2132 4843 1084 3038 4425 65 382 1585 2858 3640 232 2494 3828 4077 3979 528 3109 4599 4561 2572 469 2730 4967 4170 1783 4273 4988 3286 1093 2954 4783 2292 1769 4061 1750 1567 3431 292 2915 2327 4754 2982 1478 4382 501 999 4091 1542 2843 4361 279 1227 1029 2953 2958 3888
186 2906 2767 4475 4975 1356 3475 953 1704 4107 3924 1768 4768 113 2363 3748 842 4044 4989 2334 2031 3666 1714 3754 805 4102 394 682 1044 441 4456 757 2989 2574 268 4957 948 338 4976 673 2941 2310 2265 46 304 4775 2772 325 4893 194 3957 3068 3538 314 3072 4048 3989 1386 785 2154 1268 1806 4704 2511 4284 2909 4263 4459 139 3370 1658 3089 1047 4482 445 4615 4076 4601 932 4106 201 4924 3859 3516 248 2557 3749 2956 2625 257 2073 179 362 1487 3395 1747 2233 1246 918 1850 2782 3140 1415 3770 2450 1700 2769 3533 1741 2127 963 854 2421 1459 1410 1008 3020 2207 1738 1122
2605 2198 4516 423 1431 4324 4708 2304 4131 2411 2961 2594 891 4233 4805 2791 2432 3838 4674 2031 3392 4681 4996 1423 2160 3147 4408 1296 4175 4097 3793 4235 1572 2402 2802 1440 3089 113 708 4270 2947 4137 4634 862 2081 318 4811 714 4419 4448 1383 3781 1983 1154 360 40 1923 4781 1430 529 1453 2425 227 2202 1929 2312 4227 252 1353 4864 2319 2052 4718 1068 4679 85 2006 146 2790 4496 4331 3195 1437 3196 4244 736 2264 3230 783 2419 826 717 1187 4065 4341 4692 3687 3424 2097 958 2778 1325 492 920 3320 2859 2823 4070 4429 2751 251 2464 949 1135 3979 798 3080 3006 3280 3558
2586 129 4569 3796 2205 1779 2475 3762 4601 2667 2790 2722 1694 734 3637 1139 744 2400 3540 3666 4681 3519 1436 4509 4421 1966 731 185 1799 3224 2953 2927 4129 2721 1265 359 61 3883 4631 4312 1139 3704 3978 4169 1914 1185 1715 772 640 71 1007 1217 1512 2418 759 4316 1070 1749 1621 4648 805 2520 444 2715 4035 3929 1626 886 4123 1685 635 4533 2680 1449 2058 3243 2613 4085 1805 2390 3490 2952 4502 3311 4930 41 902 1755 4819 4943 209 3625 1494 2689 3558 4146 2732 4593 3733 4142 4053 4299 4311 4331 742 4172 541 3901 2433 1878 3394 938 1924 2444 1912 125 3798 2299 1873 4907
2092 1085 2580 2674 2681 764 1367 3927 951 1231 4913 834 1532 278 186 343 4383 4385 3727 1714 4996 1436 3832 3211 316 1227 3860 3848 3171 2265 4217 4878 182 3306 1212 82 2467 434 286 2154 257 269 4726 957 3817 1094 3773 4963 4011 3342 518 2250 1213 2686 2000 2911 1177 1400 3644 2460 3221 669 132 2451 2792 4217 556 3960 1565 2471 3668 3270 796 3682 2883 479 2180 1841 492 4183 3618 3420 2095 3757 1183 1140 327 979 3381 3869 2960 4764 1814 3113 1582 3329 2933 4541 523 3844 3028 4205 978 1363 1275 4841 386 1844 3825 419 3711 3132 2690 880 2368 1208 2721 2973 4381 341
1737 3232 2024 3649 4634 4150 887 3537 2520 742 1054 2697 327 4412 4915 4055 1380 3072 725 3754 1423 4509 3211 3347 2175 2155 4654 4126 2496 4790 4841 3097 4051 3591 3860 2720 2917 2278 4646 126 4844 3978 2176 4945 4620 766 3005 92 1114 1122 4596 3379 1228 2117 2079 4002 4693 3610 4263 4101 2352 1853 1760 1791 2022 2582 2954 3459 1530 2071 3764 2503 2514 3652 1730 4965 4430 2695 4421 579 470 2161 2285 4284 2374 4619 3432 1605 2461 1372 1502 1944 3324 370 2370 968 2402 4262 2863 3052 4300 2315 4004 3569 432 3359 3244 1785 1615 864 4610 1463 4697 1345 3322 4525 1405 2321 2569 4238
483 1278 1650 388 3546 737 1535 939 3894 3649 3609 1679 2379 4173 2649 1313 4640 3309 1107 805 2160 4421 316 2175 3930 998 338 2439 2255 2424 1916 98 2058 139 124 1339 4939 2183 12 3233 3922 4465 3489 4588 1366 2787 3123 4434 3330 849 1546 4173 233 4152 1093 1401 3766 767 3337 4087 543 2438 967 4578 661 2453 1943 2353 1434 1091 4622 4287 2018 3986 2010 3887 2613 4276 552 3500 4538 1420 3199 2005 1861 104 3534 4962 90 4832 4644 899 1375 3488 4400 1227 1087 2348 1966 4854 3870 2838 4886 4808 3481 2942 2277 904 3307 4788 3256 3878 4155 4309 4234 3682 2647 3597 2673 231
306 3943 4692 1366 148 2632 2763 4300 4879 2702 2934 912 3399 969 3048 459 3181 1530 4056 4102 3147 1966 1227 2155 998 1887 661 292 2947 2657 4997 654 4058 2081 4246 3717 751 2327 3301 3540 3952 4626 196 437 4371 1006 569 3317 4149 4761 4057 3429 1202 4715 2123 3486 1661 547 3920 3411 3008 393 2107 262 1463 3220 3466 2262 683 1792 101 2716 1950 4164 2328 3855 158 375 985 1727 4971 4999 4758 4545 967 478 4452 2971 814 2553 3700 257 2400 4710 2149 4544 786 1791 3111 181 756 2525 1464 4787 3977 3412 4402 224 2833 2055 977 3694 3538 3446 4380 1303 829 2712 3827 1128
4801 708 1783 4640 3286 17 3963 2172 3689 3963 3794 1589 4353 3604 1616 1900 211 2129 577 394 4408 731 3860 4654 338 661 3559 509 4620 2456 652 628 72 4645 4218 77 2035 1286 1712 1315 1274 3990 3619 266 3303 219 1251 2678 4893 2516 2142 4261 1917 3108 4308 193 1142 3016 4371 793 2010 1340 2184 1405 3014 1395 4701 611 1120 207 1666 539 4913 1814 1728 4215 4546 1173 4590 1341 3703 1042 2825 472 4537 3120 3425 4107 68 2162 4356 2435 3894 4200 779 4903 3943 3335 707 3748 4447 4226 2756 3556 3303 2392 1365 4950 1956 4234 2918 2688 705 1965 230 4302 1369 1188 4046 2697
1316 1201 2070 4682 1312 227 2435 2042 2256 294 1101 2905 3995 859 537 4432 1950 1400 4262 682 1296 185 3848 4126 2439 292 509 2409 4875 4657 1567 2319 3048 38 2293 199 4735 1423 2208 3183 3823 3736 3845 966 1496 1525 3748 1856 2749 722 1461 4131 92 749 74 4518 4383 4663 2501 1960 4528 701 470 3233 3588 4469 970 3244 3759 1753 4911 3248 1810 941 1537 2826 1596 2206 4375 1366 2597 1249 770 857 3153 3493 114 3057 781 1905 4526 4785 2644 3080 4271 4727 3329 2046 1757 3035 1647 4151 3348 3642 1848 2908 64 2640 3241 3867 4932 2554 4544 4738 85 3333 2530 1640 918 3731
2844 3676 4688 2593 2770 3058 4168 3407 189 1062 4277 3793 4414 3755 4526 4579 3924 4992 840 1044 4175 1799 3171 2496 2255 2947 4620 4875 2087 4888 4033 1884 2428 669 4340 2955 3236 4709 1689 3489 815 4197 2053 4035 2696 2417 657 4420 2456 4997 2898 2280 2063 3760 2253 603 4680 910 200 299 4614 3456 4744 2081 3117 1168 37 931 1060 2572 3558 3382 4764 326 1562 3383 1712 4130 4459 3742 2296 2781 2959 933 3700 815 3144 4123 2946 448 4817 3205 42 210 4943 319 2006 3363 2243 2202 34 945 1537 2021 4194 1260 4920 1635 4773 1726 1458 1430 2292 4486 3798 2636 3141 3367 2033 2249
1815 1393 1865 148 4952 654 3075 2769 3636 3951 2170 4616 4482 2693 3525 2926 3010 889 2055 441 4097 3224 2265 4790 2424 2657 2456 4657 4888 1505 2083 1766 1028 4380 111 4311 3876 866 4139 3565 1092 284 2409 4100 679 2844 4153 1907 3598 4885 2820 1904 1854 1359 2842 1805 2145 1858 1079 962 4722 3669 3709 763 3491 4520 3629 2669 4136 4616 4922 4592 3772 3890 3275 2050 332 1578 3849 4763 800 3410 564 163 575 3823 2152 1428 3368 2634 3816 4961 1900 1771 1175 808 4052 4502 4464 3433 221 574 1957 3259 1960 2126 766 2937 3306 1856 2946 4851 2997 3268 3285 953 4358 276 375 1757
1905 3902 3170 1433 1725 249 3744 4709 601 2440 3491 3846 76 2172 1559 3947 2936 3702 4681 4456 3793 2953 4217 4841 1916 4997 652 1567 4033 2083 4279 2185 952 4040 4151 1421 1881 2235 299 4867 3634 2769 3070 2961 610 581 91 3308 2557 2402 3030 2909 3696 3224 577 619 2000 4939 2557 1869 1383 4240 1442 2132 3238 4286 3904 4280 4132 4468 1533 933 1256 3404 542 3613 4462 604 3695 4055 3677 2747 3921 2593 4197 87 4484 4756 2726 3198 4276 4447 103 3483 2247 3988 1265 1956 3734 1030 4161 1868 4177 2345 2108 4630 3066 4611 1227 1050 1474 4032 311 3066 2079 986 1323 3356 721 3840
2231 4988 3170 3203 165 2854 4865 3246 61 2273 397 2404 1717 2556 2281 4571 4274 1593 2025 757 4235 2927 4878 3097 98 654 628 2319 1884 1766 2185 4036 3848 4837 284 657 3671 1653 4931 323 3630 3112 3097 2093 136 3457 2033 1158 4923 2057 827 1901 1649 4082 2091 2960 2560 4115 992 329 3160 341 4683 1436 2192 3236 74 1762 4594 1276 1186 1156 158 1595 1693 3247 4365 1312 2465 3908 1793 4275 4670 1944 4411 1082 465 4137 973 2542 4099 3526 1194 1585 503 127 2457 4348 1328 1892 4434 1046 4083 1515 2208 3410 635 2559 4665 4904 1226 1919 977 1427 4088 4965 2982 1837 1656 4254
3616 1593 4922 1054 4250 1797 4250 2146 996 1077 2463 1357 578 2667 1184 4226 484 4602 2601 2989 1572 4129 182 4051 2058 4058 72 3048 2428 1028 952 3848 2069 1666 2337 1638 1622 4355 721 3065 2093 394 4333 4748 2585 1489 158 4580 4987 677 2200 1419 2765 1660 3662 327 4092 2683 2666 2959 1010 4769 2896 2298 2581 4137 3769 471 4625 4076 2043 1874 4645 2502 1888 2609 2957 3200 2025 4919 3855 4869 4964 2627 2143 4599 4707 4642 669 2199 2063 2962 4077 836 4888 804 1943 4649 333 4994 1938 3359 4727 2476 77 3273 3921 3069 2080 3449 1863 203 2165 2848 555 3783 3913 277 31 2315
863 4813 4777 2025 4175 4288 3742 4182 2846 3057 2924 4898 2184 4773 2964 2011 1248 1317 1103 2574 2402 2721 3306 3591 139 2081 4645 38 669 4380 4040 4837 1666 2355 2202 3068 2178 4092 1563 4771 532 2431 3859 2500 1298 4376 756 1581 1458 2724 4556 4164 4032 2434 1118 344 616 3615 3694 1518 196 4669 1670 3131 932 3986 2119 286 3075 2254 3752 1327 2786 4653 1347 1438 3764 2628 1658 3244 1197 4114 3925 104 4999 484 82 1461 875 4600 122 1005 825 934 3404 4951 1039 1292 4990 4866 3528 4050 921 3970 3179 3163 4299 2004 2719 3952 2094 351 3756 297 3883 2468 1750 2424 2085 4948
4246 4246 3450 1219 4921 2563 2397 1274 4759 2520 3657 2169 1970 3581 3005 811 3767 814 1257 268 2802 1265 1212 3860 124 4246 4218 2293 4340 111 4151 284 2337 2202 3243 1780 3902 3757 894 3342 2753 1009 2204 15 1364 1698 3607 335 4432 2373 2739 3098 4727 4759 3407 2429 1488 2879 3694 1048 881 112 2419 834 4931 1831 4093 3863 3288 1440 4238 2456 2625 2681 2769 1224 70 3528 183 1827 1134 1054 3101 4250 1411 2082 1196 3919 4842 4325 2307 3991 2278 1128 4343 1317 2427 324 243 4280 2621 3781 4157 806 861 2454 4620 178 94 2097 2805 2785 2357 1172 3642 2729 3951 2979 1920 4321
4354 670 1364 232 3076 3800 1109 4743 3680 3978 886 1915 1021 4043 2112 3761 715 1738 448 4957 1440 359 82 2720 1339 3717 77 199 2955 4311 1421 657 1638 3068 1780 1324 4388 2142 2814 564 2655 3567 4099 2762 4896 2186 3420 820 3976 3547 1068 3481 3836 4324 3621 1357 629 1564 4569 2090 4223 1561 1490 2353 3841 1196 1923 4251 2164 1867 1764 838 1042 4768 1678 1461 705 3213 3660 2522 4828 202 4143 1538 1017 997 2011 666 955 4358 1766 2010 3171 3264 4123 2721 2677 2845 3000 1565 485 1810 1216 209 3376 2565 1238 2216 3419 4207 383 1978 2404 922 127 4326 4939 3673 2920 669
4813 1064 731 673 3906 1571 2063 1477 2545 1604 2505 239 3859 2931 2667 4838 3940 757 1413 948 3089 61 2467 2917 4939 751 2035 4735 3236 3876 1881 3671 1622 2178 3902 4388 3315 567 3410 4241 3965 2871 4010 2237 2253 3570 446 13 424 2969 998 3960 1344 771 1865 1123 965 1545 3760 2916 4977 4460 70 270 2488 1084 1116 105 471 621 4504 1612 810 3224 4707 305 2890 2884 139 4439 3487 3334 2046 4033 4782 47 4832 4842 301 4534 3407 1779 1237 127 1209 561 3468 1933 4122 3660 1117 568 1806 732 4465 2594 4131 3000 1209 2510 1342 3551 2743 4854 504 4256 3022 1410 4875 210
3987 3927 2298 4080 2031 1886 138 904 2778 4897 2111 542 4283 2583 304 1754 1991 1392 2543 338 113 3883 434 2278 2183 2327 1286 1423 4709 866 2235 1653 4355 4092 3757 2142 567 4911 2353 3145 2414 2229 985 4308 4006 3214 1824 1873 1747 2061 3612 3184 4008 4290 4738 3037 2275 559 4181 380 1432 4774 3839 25 3606 469 4134 4668 4720 4736 2805 662 4438 484 2553 1381 1303 3761 2686 4633 634 3875 2794 1520 3611 234 1553 3203 318 2013 1714 161 2507 4988 4797 2905 4863 981 782 1377 3057 345 3041 4279 2445 4676 4648 4952 3767 454 517 3556 914 1167 135 4670 2796 4628 2126 1472
3126 2361 3917 2562 3667 4111 2229 3613 703 735 2951 3384 3574 2628 981 3894 792 401 445 4976 708 4631 286 4646 12 3301 1712 2208 1689 4139 299 4931 721 1563 894 2814 3410 2353 2618 4211 4618 1349 206 1917 1283 2754 439 2584 78 2516 13 987 326 1101 2609 2323 3308 2335 700 4471 4493 3427 2301 3861 2115 3111 1678 3710 164 2833 743 470 1964 774 2612 931 977 1465 4283 785 3559 3242 3632 2049 4989 1218 3263 4074 3069 4734 396 4672 2618 2673 2742 52 4626 2302 2489 2546 3770 1809 1308 1549 222 3381 1118 3900 670 3621 125 3999 2410 4172 4737 2361 703 3355 2137 3365
3288 3335 3312 894 884 236 3481 398 1639 4928 988 948 549 236 445 1369 3162 3860 3784 673 4270 4312 2154 126 3233 3540 1315 3183 3489 3565 4867 323 3065 4771 3342 564 4241 3145 4211 4089 1759 4670 4312 363 2354 2371 4623 4415 3936 3487 4577 1234 4413 2094 3939 4534 1095 4775 1488 1900 4205 4830 4871 1311 1508 3758 4813 4649 2752 1006 1369 4991 768 571 2495 2051 3995 3776 654 2427 531 1872 1985 490 3699 1894 3398 4869 4715 2376 2853 2716 3242 1242 798 1895 3608 2505 3079 1692 3850 792 4045 2885 2626 1954 1893 234 4504 2586 137 1975 3692 1046 4492 662 3058 11 1174 2768
4192 4370 4216 2968 897 2622 1763 4244 4010 4138 3938 4470 2923 3734 3355 913 3498 2904 450 2941 2947 1139 257 4844 3922 3952 1274 3823 815 1092 3634 3630 2093 532 2753 2655 3965 2414 4618 1759 1785 575 3069 2307 4339 2758 1721 1059 1000 1086 1069 2834 2714 449 1951 1478 1393 1721 2929 3254 610 1198 2667 113 1064 3396 3799 700 4507 4675 4437 4860 2309 4974 455 388 3469 3964 2937 4233 3664 2829 2655 4623 3113 557 1301 629 72 4622 419 349 3332 97 1508 3712 3397 3674 1433 2636 3966 4347 2372 4282 4072 3740 1028 4581 3057 1470 702 3116 760 3518 1533 1821 1435 3030 4295 3903
4650 4306 2044 2791 4704 3958 4484 404 1888 1372 185 1692 760 3193 597 1386 1491 3370 1898 2310 4137 3704 269 3978 4465 4626 3990 3736 4197 284 2769 3112 394 2431 1009 3567 2871 2229 1349 4670 575 1705 1706 567 3083 597 2453 3246 2804 3554 65 3029 1437 4494 1294 4961 3524 1269 3361 2269 3105 4975 1755 704 4924 4340 317 4051 3119 864 4063 3883 2599 3918 2651 4627 1292 57 167 4340 2600 4960 294 1484 4057 2401 3413 2192 1315 207 910 171 3902 962 4435 836 4736 1922 3619 1407 4963 1829 3737 1358 680 2184 1229 2657 1094 2944 2719 4555 2570 4451 4987 404 1587 2968 2369 447
2907 1694 2528 3561 4932 3970 4072 3382 764 3723 4993 3996 13 4609 2975 169 1867 2156 1659 2265 4634 3978 4726 2176 3489 196 3619 3845 2053 2409 3070 3097 4333 3859 2204 4099 4010 985 206 4312 3069 1706 4669 2056 3057 1392 3690 3709 785 2612 1311 290 759 557 1188 2555 1038 1876 4086 2238 1333 2073 1722 2074 993 340 137 3093 3349 1623 497 1330 10 2489 2397 222 2538 736 1451 2217 3875 4813 4711 2078 1167 481 1992 1448 4544 4356 2058 4784 4579 1408 609 727 4011 3995 3372 1283 3315 1117 4593 1672 2228 3706 1833 2480 1086 3675 4226 890 237 752 2501 3508 653 3060 27 3871
1430 1718 1908 2293 4310 950 546 3911 3602 3305 4068 3876 4891 354 2078 835 3342 3579 1286 46 862 4169 957 4945 4588 437 266 966 4035 4100 2961 2093 4748 2500 15 2762 2237 4308 1917 363 2307 567 2056 3976 2558 3453 1544 2220 151 1863 4269 1044 590 706 2853 3615 239 3616 2148 4199 1840 3925 4575 4959 1281 232 4995 2672 3879 3546 3504 1611 1506 3714 3847 113 2098 258 1024 259 990 1368 3926 2207 1170 3068 1676 2535 1935 3176 1125 1952 1424 1475 385 4144 3242 3418 218 2361 4961 3526 115 1907 50 3033 1449 4318 2351 598 229 4201 4568 4356 108 3314 1068 4314 2481 3005
448 264 1997 241 4156 1202 3152 3952 4458 4560 2180 4631 4572 1539 771 2078 3158 35 3068 304 2081 1914 3817 4620 1366 4371 3303 1496 2696 679 610 136 2585 1298 1364 4896 2253 4006 1283 2354 4339 3083 3057 2558 3171 4428 3245 1728 555 143 45 1190 1385 506 3866 3000 3082 4155 230 1556 2614 1482 3802 2246 4815 4268 3318 2511 2696 107 2172 4304 2887 1512 1173 4466 4853 3906 1489 918 1799 3617 2905 577 336 4079 1257 583 3866 3435 4217 1790 3149 4715 4993 486 4041 1549 2309 542 4183 1832 2364 287 1466 613 3351 4362 3729 3071 2269 90 4459 2690 2104 4540 3415 4339 4014 4720
1514 1304 1399 2292 2306 3610 681 4457 1524 257 4233 2361 2854 3932 941 1504 4466 3259 4210 4775 318 1185 1094 766 2787 1006 219 1525 2417 2844 581 3457 1489 4376 1698 2186 3570 3214 2754 2371 2758 597 1392 3453 4428 2392 652 4262 2264 1566 2542 1682 1150 1855 3169 3546 1768 3281 1996 4974 3025 2822 3077 1971 1462 803 1874 3600 4872 3170 4017 1359 1929 4409 2546 1322 2160 1163 1835 2918 2597 520 911 4476 2731 3308 2798 1327 2446 495 2275 66 1307 4347 3957 4602 3923 629 1935 2627 4446 2829 4828 2505 2679 323 108 3505 473 3435 4592 203 4966 4019 4694 1174 3219 4055 2898 2282
2075 3864 3102 4631 1524 2955 3381 3574 1205 762 278 1765 2707 4538 1866 4992 4337 4788 3770 2772 4811 1715 3773 3005 3123 569 1251 3748 657 4153 91 2033 158 756 3607 3420 446 1824 439 4623 1721 2453 3690 1544 3245 652 4839 912 4492 444 904 734 1677 4731 4077 3252 4708 3878 129 3306 2396 1423 1332 708 2417 319 1556 2342 2348 4490 2063 3431 615 3912 565 2355 2439 654 2937 1975 1778 4470 3642 1207 3650 4065 4427 396 512 1666 2237 821 2114 157 614 1159 2999 3798 1884 2080 1044 3346 3111 4701 4874 1480 4989 3387 50 214 2814 1416 2358 3921 1727 3570 2530 2387 4292 213
2398 360 3565 795 4526 508 3364 795 3381 3777 1270 3989 4339 2114 3790 2772 3310 3584 3893 325 714 772 4963 92 4434 3317 2678 1856 4420 1907 3308 1158 4580 1581 335 820 13 1873 2584 4415 1059 3246 3709 2220 1728 4262 912 2262 3881 699 2367 4975 1426 1888 2162 4369 1523 1745 1396 879 2642 1554 1241 1255 4262 2679 2275 324 1767 3659 1766 969 200 1815 3516 3806 4014 2100 4049 4437 1982 1672 3716 4861 3081 734 4097 969 1213 2554 3672 1570 4427 167 2079 2150 3053 1661 4023 1171 4594 4604 1997 4174 3150 2616 2838 72 3471 1195 3168 1200 2535 413 1527 2042 169 4407 1183 4504
978 1642 4544 4750 1912 1722 1780 698 2689 1156 1019 72 4417 4828 695 3808 2550 2307 4361 4893 4419 640 4011 1114 3330 4149 4893 2749 2456 3598 2557 4923 4987 1458 4432 3976 424 1747 78 3936 1000 2804 785 151 555 2264 4492 3881 2166 1222 3684 3455 1843 651 4938 4062 2096 2063 1680 4336 3299 2942 2247 2685 789 2897 4271 4341 4349 1598 675 4024 3188 4682 906 2765 37 1222 2229 1502 1443 1156 4538 108 4026 2299 1171 3569 800 1617 2094 524 3525 1495 3250 2810 213 592 1458 4191 2277 4627 1469 734 1264 4170 3160 1473 649 820 4969 1099 2111 1772 4856 1323 4409 2987 3520 75
3134 570 1580 3575 4957 912 1318 1182 3066 3805 1010 3186 2676 1355 4236 3365 2208 3016 4574 194 4448 71 3342 1122 849 4761 2516 722 4997 4885 2402 2057 677 2724 2373 3547 2969 2061 2516 3487 1086 3554 2612 1863 143 1566 444 699 1222 994 4355 890 3460 188 4177 3990 1223 2644 3644 1382 1394 1018 3275 4895 3553 581 813 4164 1996 1900 4893 1619 4443 3888 2906 3284 1936 248 2786 2307 1793 2444 2105 2482 2025 2286 333 2920 711 360 2273 1660 320 996 238 2114 2266 2406 4968 2433 717 4330 4786 4603 281 569 3442 2807 2165 3123 2511 205 773 2804 4689 3558 1981 3767 2572 3057
212 288 4229 1995 1431 3743 4813 4449 1454 1627 4287 3678 2773 3781 3140 1765 2863 2303 4119 3957 1383 1007 518 4596 1546 4057 2142 1461 2898 2820 3030 827 2200 4556 2739 1068 998 3612 13 4577 1069 65 1311 4269 45 2542 904 2367 3684 4355 1770 4278 3999 1535 579 2093 4544 2433 607 2608 4077 944 3237 1488 2478 1207 3660 1219 4679 1198 3801 3908 3109 559 3817 568 4263 2486 222 2313 4592 3957 857 1082 608 2770 330 2458 1498 2252 211 3219 1187 4878 500 1993 4333 4336 456 3724 3554 2687 919 29 3181 4073 2157 1544 2153 2171 4475 461 4186 2606 4028 2396 4485 1797 4110 1232
3985 556 824 2377 486 800 379 4324 856 2070 2383 1829 729 1757 2450 176 1806 473 656 3068 3781 1217 2250 3379 4173 3429 4261 4131 2280 1904 2909 1901 1419 4164 3098 3481 3960 3184 987 1234 2834 3029 290 1044 1190 1682 734 4975 3455 890 4278 3014 1576 1497 4545 366 940 4732 1344 1926 3259 912 2579 627 4886 4724 451 995 488 603 2734 1283 548 2615 4176 3018 3732 2881 3278 2358 1188 4290 3898 116 938 2110 815 1047 2230 2120 1349 4958 3034 2711 4727 836 3021 3282 2523 3980 2887 1045 3106 1628 4906 3315 2174 1572 2862 3579 3611 3349 835 1320 889 3478 1765 3480 3077 2058
2755 1473 83 3777 2909 1029 2460 1633 2610 1570 4570 2956 4247 3838 2473 3967 1363 4152 4071 3538 1983 1512 1213 1228 233 1202 1917 92 2063 1854 3696 1649 2765 4032 4727 3836 1344 4008 326 4413 2714 1437 759 590 1385 1150 1677 1426 1843 3460 3999 1576 2297 2838 1055 1614 4573 3489 4833 4567 873 1396 4248 4721 1226 4619 3298 3284 2356 4384 4565 4735 3314 451 43 3924 4526 1665 3609 1353 447 4292 2315 4081 1839 930 4865 3437 2318 3038 3683 2559 293 4323 4907 662 1779 4770 860 1654 3287 3062 798 1729 2976 4576 155 1787 4950 1391 3995 1929 561 1705 2835 3047 2382 1354 4856 4553
3683 1130 3269 827 3011 3027 1871 2843 3422 4072 3747 3954 2063 4389 2890 123 709 294 1573 314 1154 2418 2686 2117 4152 4715 3108 749 3760 1359 3224 4082 1660 2434 4759 4324 771 4290 1101 2094 449 4494 557 706 506 1855 4731 1888 651 188 1535 1497 2838 2251 502 2930 3001 1320 910 3861 2301 2525 2883 2735 3209 4806 830 2824 3508 2188 734 3524 1761 4212 1743 490 2858 1413 4242 181 995 4115 4071 3227 1317 1526 3303 694 2008 1467 3334 908 2301 2209 2893 1091 4541 1272 661 2913 546 3674 1765 2165 541 3331 2551 4988 3402 4305 3413 2321 4303 4771 363 4258 3138 2339 2721 1256
2889 2809 4496 1488 829 1462 641 1681 492 573 171 4628 3572 1660 3322 3101 4659 2376 896 3072 360 759 2000 2079 1093 2123 4308 74 2253 2842 577 2091 3662 1118 3407 3621 1865 4738 2609 3939 1951 1294 1188 2853 3866 3169 4077 2162 4938 4177 579 4545 1055 502 4808 1900 1139 2824 180 4629 2826 4362 4636 2920 396 3940 337 223 1417 4963 4834 1648 1991 218 3739 862 1594 1560 3905 1923 80 4245 2037 3084 3667 718 4924 782 4991 805 333 3183 4102 2585 4342 4871 1103 4816 4276 4651 3253 2445 4219 4849 766 331 4924 3170 3298 4680 3553 3047 1960 4237 2480 4122 1544 4062 31 1424
3590 4132 1445 3141 683 2005 2613 3165 18 4308 1360 3906 4498 4771 4639 3612 3219 2357 3590 4048 40 4316 2911 4002 1401 3486 193 4518 603 1805 619 2960 327 344 2429 1357 1123 3037 2323 4534 1478 4961 2555 3615 3000 3546 3252 4369 4062 3990 2093 366 1614 2930 1900 2297 2976 1199 987 334 23 2688 2811 2730 191 51 3144 4480 1358 4677 4450 1021 975 933 623 1592 2779 710 2592 2575 3315 739 2406 2473 4566 2121 2446 3484 892 4381 2069 1016 3389 3383 4363 1866 551 3768 2139 4470 1754 1718 1439 2165 4976 574 4516 3998 328 1654 4455 346 1651 1158 1074 1824 2234 4539 4119 1749
2303 4621 1385 534 1305 4817 1678 4910 2676 718 391 771 2156 693 2690 890 2470 2596 209 3989 1923 1070 1177 4693 3766 1661 1142 4383 4680 2145 2000 2560 4092 616 1488 629 965 2275 3308 1095 1393 3524 1038 239 3082 1768 4708 1523 2096 1223 4544 940 4573 3001 1139 2976 1488 116 4666 4311 3345 3595 3685 3289 4181 2670 2138 2385 3914 1073 3436 775 4344 4343 4311 2310 4499 3510 4311 711 2943 241 2778 1207 4365 4999 937 2943 586 3399 369 2505 1740 1745 4091 2620 92 4055 1803 3445 4844 656 675 4822 1459 3435 1807 4981 1863 412 4302 2377 878 4745 4815 4788 1632 2209 3225 1823
3338 2540 1777 1345 3278 4002 4349 823 4450 3082 4348 419 3335 4803 620 225 4233 4013 2805 1386 4781 1749 1400 3610 767 547 3016 4663 910 1858 4939 4115 2683 3615 2879 1564 1545 559 2335 4775 1721 1269 1876 3616 4155 3281 3878 1745 2063 2644 2433 4732 3489 1320 2824 1199 116 753 3392 2289 2521 4511 152 1363 4347 2043 4800 2276 1388 565 4659 149 4350 2411 4866 1394 3831 1635 4680 1892 399 4912 180 2521 1319 2744 4394 2134 4020 4905 2387 1271 1455 2960 2493 4430 2689 1492 773 4806 1816 4707 1220 2084 3786 2601 4980 2320 1436 2736 3541 3843 2157 2217 3742 3149 2264 4303 538 1825
4657 1419 4599 1528 4742 4102 846 4994 2214 2273 3017 1174 1945 348 730 4469 2363 2278 4260 785 1430 1621 3644 4263 3337 3920 4371 2501 200 1079 2557 992 2666 3694 3694 4569 3760 4181 700 1488 2929 3361 4086 2148 230 1996 129 1396 1680 3644 607 1344 4833 910 180 987 4666 3392 4810 3665 761 2470 3050 4289 599 917 3652 3651 4663 2789 4415 2187 3708 4361 2247 4723 4555 4557 2134 4965 2513 1840 3852 776 3100 4824 4099 4009 2824 2174 4538 2737 4471 745 3348 1824 3532 749 267 2229 1457 1872 4899 1491 2201 621 2877 1797 334 2486 2325 1768 4307 927 3129 2129 530 2946 2342 943
1636 2311 2014 201 3424 839 1044 2685 1197 4790 4424 2834 2227 3513 1169 1803 2960 4171 4160 2154 529 4648 2460 4101 4087 3411 793 1960 299 962 1869 329 2959 1518 1048 2090 2916 380 4471 1900 3254 2269 2238 4199 1556 4974 3306 879 4336 1382 2608 1926 4567 3861 4629 334 4311 2289 3665 35 3201 4508 2671 2212 2990 461 807 4256 4188 4814 2859 1528 3486 453 2913 3156 1112 3426 3830 4895 1810 3626 4349 1842 3521 2809 1088 1262 4030 2251 4704 967 2363 4696 2170 2071 2817 3485 548 4657 2760 3193 2544 507 2812 1220 2832 3735 4958 1332 1661 2139 3187 918 2147 3014 289 3987 4693 4143
752 2011 4526 1720 4795 3972 2651 2500 2337 4129 1609 2043 2841 4747 1916 2935 4990 3183 1776 1268 1453 805 3221 2352 543 3008 2010 4528 4614 4722 1383 3160 1010 196 881 4223 4977 1432 4493 4205 610 3105 1333 1840 2614 3025 2396 2642 3299 1394 4077 3259 873 2301 2826 23 3345 2521 761 3201 4498 3800 3662 4595 4177 3592 303 1867 3381 4741 2701 1950 2937 2322 3215 3702 700 1970 2686 4723 3826 3680 2622 3402 4509 3876 3124 1326 3998 111 1927 2502 1596 2767 1429 4972 4986 543 4845 4355 4504 3361 4736 762 4933 4680 972 3408 237 2626 4003 3046 1372 1868 621 4159 4782 3166 2181 771
3570 487 2695 2073 1192 3735 1639 2604 4840 4095 4687 75 2693 3266 815 3321 1545 4063 4960 1806 2425 2520 669 1853 2438 393 1340 701 3456 3669 4240 341 4769 4669 112 1561 4460 4774 3427 4830 1198 4975 2073 3925 1482 2822 1423 1554 2942 1018 944 912 1396 2525 4362 2688 3595 4511 2470 4508 3800 1176 3023 678 2127 2009 1707 4314 770 2546 2232 61 1396 37 4701 651 1047 1106 23 3899 1073 304 260 4158 2163 234 4279 3876 2381 3182 4366 3287 2243 4021 375 1195 1051 2686 1977 4790 3970 1750 4411 1939 3526 3925 4046 2775 811 2034 616 3798 1698 3673 1266 4232 3444 1454 4411 4277
1967 4260 4355 1313 3072 624 3349 2027 4270 1241 4265 2390 1067 4629 3081 1699 3548 2241 2259 4704 227 444 132 1760 967 2107 2184 470 4744 3709 1442 4683 2896 1670 2419 1490 70 3839 2301 4871 2667 1755 1722 4575 3802 3077 1332 1241 2247 3275 3237 2579 4248 2883 4636 2811 3685 152 3050 2671 3662 3023 3588 2201 99 4958 1610 4870 562 1451 4222 1111 837 3623 1546 1021 3958 621 1167 2075 1509 1228 3243 1752 2818 4225 2165 2909 1554 3722 3497 4826 3245 3982 4272 4606 4601 4953 2837 3225 4331 1378 1959 2862 507 3568 2837 173 117 1087 2682 1353 374 1923 4547 2205 3593 2058 4754 3968
3911 3498 1302 1716 913 4441 3859 2873 2067 4271 3622 2823 4872 4653 2730 2710 4594 1879 617 2511 2202 2715 2451 1791 4578 262 1405 3233 2081 763 2132 1436 2298 3131 834 2353 270 25 3861 1311 113 704 2074 4959 2246 1971 708 1255 2685 4895 1488 627 4721 2735 2920 2730 3289 1363 4289 2212 4595 678 2201 409 4299 3366 4367 3526 4853 3400 3448 1642 2763 116 2090 491 113 3202 4546 3177 3011 4755 759 3413 3095 205 132 2225 3623 541 1952 4807 3189 3599 4083 2236 627 549 2816 4442 2999 322 93 3502 2058 3483 1320 1967 3809 2581 4945 4645 139 2738 486 2248 4804 1932 3652 3894
3029 2629 4433 4265 555 825 4454 4221 2922 462 980 23 134 1557 768 2283 1589 2473 2132 4284 1929 4035 2792 2022 661 1463 3014 3588 3117 3491 3238 2192 2581 932 4931 3841 2488 3606 2115 1508 1064 4924 993 1281 4815 1462 2417 4262 789 3553 2478 4886 1226 3209 396 191 4181 4347 599 2990 4177 2127 99 4299 4553 2256 2574 577 2709 1642 3814 3428 74 2672 4680 2829 2611 4493 2124 2145 2586 3685 284 2755 1234 3218 554 4651 299 2739 127 3809 2465 4618 2479 4182 3045 599 2519 3541 1658 3211 4556 551 1566 2027 3786 1804 1188 3669 3459 892 64 666 4268 825 407 1299 3406 4883
1340 4632 1826 2534 4272 137 2755 495 3834 923 4252 954 4345 113 4858 1615 3803 4574 4843 2909 2312 3929 4217 2582 2453 3220 1395 4469 1168 4520 4286 3236 4137 3986 1831 1196 1084 469 3111 3758 3396 4340 340 232 4268 803 319 2679 2897 581 1207 4724 4619 4806 3940 51 2670 2043 917 461 3592 2009 4958 3366 2256 650 4111 398 1047 659 1280 1641 457 1732 344 1772 1739 4073 4954 3170 978 99 3557 1844 1899 1881 4981 565 801 737 498 2836 515 2114 4091 4189 1668 1107 3164 1543 3184 948 1537 862 1760 4787 4074 4962 1236 853 4220 667 1253 2512 346 2773 1192 1304 3601 1017
3395 1290 293 4062 3357 2562 3019 4606 1574 2011 1693 686 1816 289 2641 4115 451 4429 1084 4263 4227 1626 556 2954 1943 3466 4701 970 37 3629 3904 74 3769 2119 4093 1923 1116 4134 1678 4813 3799 317 137 4995 3318 1874 1556 2275 4271 813 3660 451 3298 830 337 3144 2138 4800 3652 807 303 1707 1610 4367 2574 4111 4260 4459 2045 2209 2990 1305 2500 3034 1336 829 2697 1840 1206 2675 2636 713 1466 3918 1007 4493 516 1215 826 3383 3360 1901 1098 2983 1318 2632 3119 2291 2126 141 4851 4959 35 3834 64 4725 299 1270 378 2192 4316 1936 4442 4164 4556 2351 747 3780 460 2791
1887 547 4442 2894 3861 3761 1383 4347 1715 4478 105 3955 4821 4106 1180 3589 1890 4201 3038 4459 252 886 3960 3459 2353 2262 611 3244 931 2669 4280 1762 471 286 3863 4251 105 4668 3710 4649 700 4051 3093 2672 2511 3600 2342 324 4341 4164 1219 995 3284 2824 223 4480 2385 2276 3651 4256 1867 4314 4870 3526 577 398 4459 3573 2105 1711 3685 527 147 555 1519 1647 3408 1338 1322 2837 702 4603 1410 1674 69 2362 3665 165 4852 2630 2641 2076 3704 3255 1140 4171 1992 3635 2160 433 2594 2032 2526 294 1837 2591 4631 4133 1289 1193 1896 3965 3721 4343 721 541 941 3837 36 4534
