N: 120
M: 20
Symmetric: true
Triangle: false
7 24 118 86 42 17 93 112
7 22 32 60 52 45 108 85
5 21 11 55 120 33
10 13 73 39 109 12 100 96 8 87 91
5 106 29 30 75 94
4 23 3 88 81
5 57 10 38 67 4
6 31 54 35 6 20 98
6 49 97 59 15 53 115
6 18 80 44 68 50 95
10 92 34 83 70 51 41 113 40 69 14
7 119 82 78 58 37 116 1
7 47 104 16 117 66 89 111
8 101 105 28 25 2 7 5 102
2 27 72
7 63 107 9 74 36 46 61
6 56 79 43 71 114 103
5 48 77 110 90 19
2 99 62
5 65 84 26 76 64
1871 2083 715 4163 1124 1520 3457 851 312 4764 2124 4464 831 3155 2060 2610 3288 756 4542 506 4471 3874 4502 4649 2548 1017 4433 393 488 1823 3754 316 882 561 3217 1328 1746 3940 3412 2332 1799 4831 605 2592 1842 1348 575 2296 3011 4849 4818 2514 2045 3296 55 724 3965 3374 4622 3609 1964 1764 2866 770 823 888 3726 344 3334 2919 3328 1074 2340 84 3578 4213 475 3986 1956 3603 690 3731 2807 1081 1511 3888 4878 4347 3169 2126 1081 4906 2464 3568 1910 4562 2227 4709 560 1598 3426 2663 4233 4291 1225 4270 2746 1925 4910 1124 1421 3770 1427 4935 4276 2603 2824 4888 1796 1335
2083 3903 3761 4726 725 4185 1698 2082 690 4064 4460 3008 2890 1302 1735 2648 1158 234 1490 4351 1933 476 1451 1104 3554 187 1618 3417 2693 665 3499 1998 3217 457 844 1219 3385 1192 1225 4657 2009 2333 3097 79 258 4212 1274 4072 2503 645 640 1934 2926 3566 4276 3724 3772 3838 252 586 1166 1610 1746 319 166 1365 4195 465 3576 2794 1667 3718 3427 1467 3353 699 470 1284 3470 2989 778 2254 4978 4265 28 956 4189 3709 2012 4562 1187 2148 560 3647 1444 882 2860 4492 3304 3807 4557 3982 2284 455 4108 1043 4932 4781 3841 2433 1472 3689 1390 4164 2491 1227 3387 85 3325 649
715 3761 1336 1185 1369 1894 1153 2752 2960 4044 4343 4176 658 1591 3488 2068 2715 4225 1513 1273 2434 530 1720 2381 2404 4299 3810 2047 4651 4878 1922 4642 4800 2836 1247 1305 522 2138 3280 2164 4195 1064 3912 2233 824 146 2850 2834 4579 582 4300 1191 1898 2242 3562 2367 1251 4744 4403 35 267 4758 3928 2074 4785 1344 670 1423 4985 563 1391 78 3736 896 682 3583 2983 526 1764 4525 1772 4366 4941 228 3666 2310 1701 508 1961 3665 1558 2773 1425 2953 1204 4958 4326 439 4701 1388 2141 3015 438 3608 405 2503 495 4071 3160 28 2258 1830 4558 4676 4680 4515 3367 3332 350 191
4163 4726 1185 4677 3471 2991 1818 4343 4494 2944 3731 2496 1902 2691 3101 4807 3120 362 4234 3141 4791 3367 3468 965 3810 4746 2236 44 1716 1488 1447 1558 1102 3429 119 4556 4397 2426 4810 3416 2470 2256 3433 3085 3339 652 268 2948 1339 2339 4745 3084 2355 1985 3317 2854 654 781 629 1894 2351 3491 4825 1914 1351 3456 3677 4846 4609 1339 3894 3731 3600 2030 1487 4541 706 2793 4007 1592 2566 132 4368 597 4561 2426 4696 1009 4877 1942 4670 3573 1128 3328 1092 3339 2838 2166 281 3961 4237 2625 3796 2147 2753 4871 3228 3552 179 1606 1243 3044 4465 3003 1587 1488 1188 378 4731 3248
1124 725 1369 3471 96 4817 4396 3142 1585 3907 713 523 1871 2582 4493 1499 4449 3749 1284 2548 1530 1928 3423 1785 1845 594 496 2862 4130 1113 2398 2326 1169 2920 4331 604 3741 4826 4224 780 4934 2756 2381 2829 1177 1262 1464 326 1261 3912 1705 1666 2232 701 685 3313 3019 422 3257 505 966 3651 3127 2280 477 2344 3290 1022 3857 2675 2249 3017 3220 3718 3888 627 4729 57 2183 4827 1986 4858 1127 4631 4987 3274 4053 699 3373 652 1891 3870 4808 4196 389 59 2704 402 1112 2852 4233 3766 2484 4181 162 3107 4148 3670 3784 2406 1402 810 4989 1895 2185 4464 1397 665 4512 3643
1520 4185 1894 2991 4817 2237 2002 120 555 835 4708 4942 4221 1072 4412 2161 2356 3247 3898 4729 2577 4781 27 3197 1379 456 1140 2587 85 1529 2608 2135 1971 3538 4909 3573 3502 3567 684 4786 1706 3291 3207 1840 1150 3406 3959 3840 4893 84 2867 3949 2391 4089 1491 3477 2613 165 175 2617 1499 880 994 2117 4491 4625 3493 1962 2377 4232 965 1703 185 2624 4357 1616 3646 828 2945 200 1359 1724 2459 2515 1172 734 3704 857 3579 3185 4858 1937 4652 236 1919 3409 1302 2795 791 3507 3198 3503 3321 4676 4039 2550 1137 3253 2206 305 1134 4534 2216 2936 4777 2301 4363 289 841 4182
3457 1698 1153 1818 4396 2002 2820 1145 1281 2931 893 4686 4227 553 4259 3599 1588 4761 583 3763 736 3584 4899 244 1713 608 1370 4630 3496 4693 4700 2708 1540 3912 2578 3045 3050 2282 1768 3745 4449 117 2677 3291 3623 2846 63 4063 2418 1389 532 4031 3494 3994 50 396 2067 165 3380 3702 1338 1988 3357 1598 4458 2630 2617 3345 204 3066 536 4401 1153 846 3561 2614 4150 3767 3912 2623 2382 4266 3190 3621 779 1667 4388 250 2677 4533 2176 4770 4342 4094 1038 1215 4495 4494 4380 3582 4871 1679 2040 4599 1878 654 4576 3052 3494 2207 3809 4532 1790 3703 4515 57 784 3678 3987 18
851 2082 2752 4343 3142 120 1145 3958 2383 4186 1074 600 3831 3289 3668 3100 2898 3979 2068 2670 4184 2440 2040 160 463 1108 892 4307 1120 510 2380 3744 2297 3393 102 4016 2985 2342 1263 1692 1966 3461 1525 33 1976 1544 1944 3585 4243 2792 1850 2952 3669 432 1391 2831 3273 4193 4024 2487 2894 1631 2257 3827 2479 4740 3394 3864 4238 2870 1542 3147 972 3679 3513 1247 3825 1590 697 747 2772 905 2248 2346 506 3561 3273 1990 1765 4168 1739 3134 1873 3484 1678 3337 4952 4613 1276 3086 4602 3911 3829 3314 1688 753 4050 2334 4407 4814 2482 227 3439 3129 3394 2307 2006 4742 1719 4513
312 690 2960 4494 1585 555 1281 2383 311 1584 3945 980 1928 1937 2653 2943 2534 3772 733 3219 4173 4850 4034 644 178 286 2071 944 27 1048 654 1792 2512 1166 3095 3312 1501 4366 3760 3356 122 536 2461 4250 300 3122 3076 258 4235 2715 591 2555 3968 728 3241 3066 2066 4027 2916 1868 567 281 2787 2563 211 4324 2674 1983 4690 1311 2235 3062 4819 1393 2180 4762 4428 2994 4225 1205 4460 4493 2198 1919 663 3373 3297 80 2777 1889 2727 3915 1025 224 4653 3086 3780 2391 3605 1930 1292 2836 4142 281 1938 681 1892 3633 2344 2663 4820 781 54 3346 4669 835 4295 3360 1227 2376
4764 4064 4044 2944 3907 835 2931 4186 1584 4713 4377 3004 2505 1236 3752 1970 1711 4901 4085 3119 751 4783 4617 1943 1721 1857 4070 1188 1935 4217 4623 499 1758 690 71 4814 3981 2950 1535 4694 2887 545 4728 3088 23 1559 924 951 4355 2167 2814 4270 3583 740 3220 1651 2850 2759 1342 4070 4735 3538 4673 1954 877 4772 1533 1729 1899 2920 3803 972 3114 726 1458 1551 1277 2900 2950 4604 447 2934 2255 4824 314 2782 3884 711 576 1689 4504 1491 937 2623 3102 4343 4874 4151 3268 1816 2546 3113 458 2452 4050 3510 3354 4928 3526 1328 2925 3461 72 151 4951 1013 587 1617 4184 3603
2124 4460 4343 3731 713 4708 893 1074 3945 4377 242 2939 3321 782 1346 3176 303 3913 1169 3603 2613 2613 67 207 3870 3551 3984 2657 4563 1392 3180 3569 2525 2402 3542 3270 3688 3474 1211 2778 1548 1765 2898 3251 4174 1035 3750 4799 4304 973 870 85 2767 4770 4786 4419 1120 4025 3261 2818 4074 1973 87 2260 2188 736 3356 3813 1654 2870 842 1345 4996 4030 1274 4477 902 4453 2043 4828 2614 2703 2002 1856 4425 4798 2729 4669 3012 985 1379 2448 738 2976 1293 748 2122 1123 4301 154 1708 3931 759 4796 905 2767 1708 1006 1582 644 965 3955 4484 1123 2916 2619 3756 76 1757 2024
4464 3008 4176 2496 523 4942 4686 600 980 3004 2939 2972 970 1366 1525 1012 2789 996 2453 1981 2718 1438 4286 2058 4254 2610 2149 3348 4384 1574 1312 783 1288 75 1579 136 4055 4962 1100 810 3273 2722 2724 3851 3445 2203 3049 1950 1872 1165 3084 974 1364 930 3519 1093 330 2897 1577 4676 2742 394 1164 2183 3201 4191 855 1933 1690 4919 4218 1955 3097 4133 4486 689 1210 213 3885 2532 4253 2550 416 2591 3411 2598 4823 3578 2386 493 3393 159 3609 1467 784 3514 4973 1128 694 4130 4713 561 1810 456 2905 3486 4288 3248 783 3705 1889 3250 3397 2997 1096 2074 2857 1232 2765 2528
831 2890 658 1902 1871 4221 4227 3831 1928 2505 3321 970 1142 2642 582 2750 4237 4272 1575 2422 2226 639 4171 3218 1088 1613 3989 2981 28 2999 4582 401 4768 4264 1874 4296 1663 3542 2267 169 2129 1807 1757 4562 4624 4170 4618 4254 1091 466 850 1849 3963 2564 2517 2781 120 3256 1337 1376 492 4458 3033 3763 1556 3796 2559 4772 3953 626 3416 2354 126 3635 1426 2247 3082 3333 1619 4591 4331 1491 4620 568 3993 3285 3245 945 3941 3573 1780 3509 1618 4396 3982 1340 401 4292 1977 3313 633 3755 2948 2297 1739 4473 400 2064 169 932 4194 2423 2324 1722 1269 1612 2046 993 2704 1262
3155 1302 1591 2691 2582 1072 553 3289 1937 1236 782 1366 2642 1770 3010 2660 307 3775 2101 1920 123 1219 4612 4566 4143 3997 599 3707 4937 1158 3854 3418 2814 798 2835 836 146 4221 1091 3363 2534 3727 4039 2623 2509 485 3294 2842 1036 4075 1899 3909 2631 3294 2819 2280 2838 4300 4655 311 851 701 1862 2134 4439 4547 4878 3251 1549 2487 3719 2305 1835 3543 4791 3774 1907 3562 2710 1796 2860 2240 3886 4447 3305 4340 2384 2992 767 336 1115 3034 406 3309 113 1206 3476 73 1165 3154 903 4642 3584 3114 2584 832 425 2691 3079 1400 161 884 14 1022 1989 4033 4417 2948 272 2534
2060 1735 3488 3101 4493 4412 4259 3668 2653 3752 1346 1525 582 3010 394 2273 3205 4455 4335 3365 2726 1953 3272 2880 3201 3051 959 4148 812 1295 91 3789 899 2593 3875 1167 479 1064 4632 964 2825 1635 1531 780 124 3898 49 3125 4850 1577 2897 3145 3065 3762 62 2999 2564 2761 3923 351 1554 4488 1300 4680 1221 3254 971 4920 1997 1420 4465 1284 2358 1077 4710 824 4335 2757 3185 4911 3130 3904 1782 2202 3011 1811 4034 3284 1015 161 1051 1826 3629 2429 1033 3531 4404 3102 2586 3718 4499 671 86 2482 2621 2203 4685 2623 3100 954 4724 3206 3850 4218 4681 2246 1988 2082 2520 4978
2610 2648 2068 4807 1499 2161 3599 3100 2943 1970 3176 1012 2750 2660 2273 4604 3291 663 3659 4042 1616 4320 1123 3252 4345 4877 947 3319 4740 858 1499 4366 3010 4799 398 4728 270 3534 2685 3415 1963 1435 2478 4043 3575 1289 2261 718 2358 3227 4389 4041 745 3474 62 4876 1235 254 2272 4875 1008 3668 770 4612 2218 1250 3504 4437 1640 2771 3768 4864 2221 2169 2698 4997 1112 4076 4014 3795 456 1249 971 1139 1509 2229 4529 2616 1267 3904 4274 3375 2214 2462 2747 3013 3821 3130 2090 4151 4157 533 4116 3114 1369 3596 3206 2177 97 3486 3002 2035 1749 789 3236 2434 1942 682 2096 4307
3288 1158 2715 3120 4449 2356 1588 2898 2534 1711 303 2789 4237 307 3205 3291 637 4179 902 3653 726 1279 3498 2434 1627 246 2817 4808 4203 2797 1601 4674 2883 2818 491 4822 1093 941 2777 1976 1945 1927 4286 4964 2253 4156 2618 3370 4490 3396 1717 1313 3817 4130 1662 2522 1404 3193 2284 3275 2349 1831 4404 3840 931 4837 2705 2986 3980 610 1756 4004 4434 4154 123 149 1201 1219 2216 3086 2003 4807 2989 331 2795 998 362 4797 35 2804 3623 1271 4620 1409 3735 3680 3220 3682 864 4520 135 4013 1057 2924 2360 156 3972 534 134 1005 4371 3891 4440 4050 3487 3129 302 708 2076 4221
756 234 4225 362 3749 3247 4761 3979 3772 4901 3913 996 4272 3775 4455 663 4179 2381 2703 23 404 963 1648 2588 2567 2343 964 358 217 2252 1099 2304 3677 2050 697 594 1682 3015 3080 3376 1522 3624 722 1799 23 3238 2879 3696 4891 4351 2894 3615 949 3250 4743 1001 478 3928 3986 2034 1092 258 2421 2028 708 913 3297 2999 1733 308 966 1533 2230 3218 828 4223 3515 2884 1982 2933 4566 969 2098 637 1957 4189 4700 3570 2208 409 2837 2602 4628 2205 1921 472 2310 3199 4293 4013 2986 1269 322 242 3293 3331 2240 2130 197 1156 2351 3518 1740 3524 3029 3752 1936 3200 4605 3767
4542 1490 1513 4234 1284 3898 583 2068 733 4085 1169 2453 1575 2101 4335 3659 902 2703 4541 3091 578 2915 4066 4473 1941 2423 1629 2047 4510 4589 3350 2156 4163 4200 2190 3245 4386 2163 2110 2143 4320 2285 1616 1914 3746 2070 3758 4579 2616 3216 23 3736 4963 2382 318 4203 4622 4612 3723 3670 4106 1058 3409 70 2674 3389 3292 2196 23 4963 4973 3171 953 2633 539 3206 4428 4139 708 4976 1661 4079 45 2560 2852 1559 1026 103 146 2156 1608 3010 2642 3119 4521 4773 3735 2757 512 899 4406 2016 3368 3488 3914 2145 3858 3383 4990 938 88 3512 4853 3456 503 1193 1357 2456 4622 3847
506 4351 1273 3141 2548 4729 3763 2670 3219 3119 3603 1981 2422 1920 3365 4042 3653 23 3091 3185 1566 81 1831 3418 1821 257 649 633 2992 672 399 4411 1387 1895 2191 3719 1376 2959 4280 2078 2777 153 2368 2628 2577 407 4301 1124 202 4289 3320 2277 2958 3148 1492 3496 2617 1223 4753 1961 725 4042 2221 861 4417 3341 3096 50 3268 4897 147 4008 3363 4196 1878 710 961 252 2561 1247 888 1726 4418 4948 3329 1066 3301 1902 2368 1422 272 1508 4479 3533 4766 2818 3487 4516 4331 2786 3162 106 3906 487 2615 1187 487 4708 3799 1112 4618 994 3887 3681 2690 4711 3673 726 1885 3616
4471 1933 2434 4791 1530 2577 736 4184 4173 751 2613 2718 2226 123 2726 1616 726 404 578 1566 4015 785 222 3325 4148 67 2740 4301 1939 328 3255 875 2987 4404 2648 4024 2849 906 1404 1034 4876 4364 4070 956 2656 1868 710 1489 3086 4798 2853 2704 2878 973 4555 4853 2753 235 2044 2762 3235 1616 4855 364 3736 3903 1768 4304 4731 1015 2852 2501 278 232 19 3821 3843 4763 4571 67 2331 680 979 1821 2974 3885 2662 4857 1786 1622 2845 4620 3508 3094 4851 2208 4996 2510 187 3414 4620 2740 4847 3958 3399 54 1339 2051 3647 580 4169 4108 1903 3155 1012 1917 1871 2475 2891 951
3874 476 530 3367 1928 4781 3584 2440 4850 4783 2613 1438 639 1219 1953 4320 1279 963 2915 81 785 496 4912 763 4338 2455 3686 1043 2653 2872 1434 102 1690 3066 61 4153 1568 1744 4963 2888 4993 1037 3564 4145 1565 1997 2695 3456 473 2386 4651 2940 470 3248 1357 3043 304 31 4179 3990 3100 1646 1111 3309 1004 3445 1536 2984 4020 1195 2408 4668 3975 2760 3054 2535 1746 1333 2976 3617 3868 668 4601 1290 3076 4898 3617 526 1136 4135 1789 837 1871 1300 2546 3575 449 1728 236 1134 1383 182 3456 2001 2150 3316 3245 4097 1465 2725 2248 3654 1224 4142 253 3679 740 4157 4593 126
4502 1451 1720 3468 3423 27 4899 2040 4034 4617 67 4286 4171 4612 3272 1123 3498 1648 4066 1831 222 4912 4618 1618 2807 3059 1808 871 149 136 4787 3507 2621 4611 4226 222 1375 2829 255 2470 1927 4838 3615 2168 1062 3550 3648 3178 3412 4545 4371 302 1554 3962 1855 1575 4537 1173 675 3973 2874 4960 1536 1190 153 2936 1449 1071 4500 1942 1209 1189 2279 920 2429 1860 1319 4421 2085 3859 839 1445 2363 3937 2665 4909 4619 1660 2512 3943 3884 4032 3222 591 1824 89 1555 3029 632 2944 4427 2340 3480 4686 3123 3274 3666 1597 401 4803 3630 3718 3097 1114 3802 3887 1184 1846 3993 721
4649 1104 2381 965 1785 3197 244 160 644 1943 207 2058 3218 4566 2880 3252 2434 2588 4473 3418 3325 763 1618 2824 1707 1030 3507 1067 2336 2027 374 4624 2516 2312 4686 4905 1936 1664 948 3748 345 1157 418 1646 144 3390 4706 1110 4235 3880 1413 3921 3759 2706 2980 3069 4048 3715 4711 2904 3923 1972 1740 362 4913 3056 1458 856 3201 2442 94 3253 2789 2565 4550 1504 1979 3782 2816 4739 1979 1341 3164 3333 4790 1988 4455 4753 226 382 2681 4179 1099 1849 3887 3369 4019 948 182 714 953 4228 49 944 1421 2426 4418 4996 2584 532 4288 3951 1782 196 645 1004 1914 4756 2552 23
2548 3554 2404 3810 1845 1379 1713 463 178 1721 3870 4254 1088 4143 3201 4345 1627 2567 1941 1821 4148 4338 2807 1707 3366 743 2976 2578 4886 3803 3399 252 3282 3606 2131 305 3286 1046 3907 389 176 1633 3646 1582 1276 4996 1228 3979 1841 2546 2942 2546 889 2694 4198 4063 2149 2736 722 4522 3092 1178 1248 4713 618 2626 97 2524 2871 3768 2821 3928 1755 16 3360 3905 3235 1135 4919 4640 2339 4524 3653 2146 4628 2727 4345 743 4288 3741 3084 759 2326 3239 3716 2379 3440 4155 3423 1482 2580 1086 3297 4987 1854 3601 1887 1784 1440 4796 3250 2867 2608 3993 608 4735 1605 949 4344 4014
1017 187 4299 4746 594 456 608 1108 286 1857 3551 2610 1613 3997 3051 4877 246 2343 2423 257 67 2455 3059 1030 743 3117 4486 1369 4738 145 847 159 4913 4476 3561 4631 4392 4589 1745 2233 727 1458 2034 4731 3675 3984 124 4619 1403 3737 2412 818 2750 434 4827 1169 4181 776 4858 244 3666 2190 3642 73 665 3344 2798 1454 1169 4946 3825 1784 2246 2128 4666 3439 4816 415 1301 111 4734 2783 3799 52 1857 753 458 1040 3541 2512 414 3599 1317 66 3908 3716 3572 2518 835 3163 3487 3063 1599 577 1021 1570 2830 664 487 3158 1544 1860 2917 4391 158 2902 4810 1869 1583 744
4433 1618 3810 2236 496 1140 1370 892 2071 4070 3984 2149 3989 599 959 947 2817 964 1629 649 2740 3686 1808 3507 2976 4486 963 4330 2484 2237 2395 3690 4580 775 988 3638 1707 2162 4961 4640 383 2983 3787 3396 960 3937 1775 484 3935 387 3718 2285 2519 1147 401 3576 1467 2240 762 1289 570 1903 2347 2791 4501 1571 4996 3420 1869 3887 1135 3319 3275 4892 138 2639 3501 4161 1588 377 4811 189 4693 836 1748 173 1849 4236 3159 557 513 144 3169 510 3524 1941 4960 3414 3675 3783 1208 2200 922 3495 1005 1631 3965 3647 3162 1287 2537 807 4026 535 4590 529 3928 2501 334 1554
393 3417 2047 44 2862 2587 4630 4307 944 1188 2657 3348 2981 3707 4148 3319 4808 358 2047 633 4301 1043 871 1067 2578 1369 4330 3626 4631 258 253 753 1243 4466 1393 843 3838 4396 4905 4728 1652 2446 4279 1814 2730 2065 4876 127 1288 186 2083 3753 4128 1666 2571 4174 3391 1446 4984 3802 740 2674 2952 904 2770 2287 892 3561 372 3117 4506 4929 246 3682 1034 1878 4935 404 860 287 3859 3670 2917 187 1103 3849 2507 2982 3151 4754 1900 800 1252 528 2529 1162 1769 4378 3021 1856 466 2048 307 3488 2618 231 2353 311 1179 4355 2136 789 4273 3528 4132 621 2476 3494 1492 3598
488 2693 4651 1716 4130 85 3496 1120 27 1935 4563 4384 28 4937 812 4740 4203 217 4510 2992 1939 2653 149 2336 4886 4738 2484 4631 4994 2395 4829 3687 2345 62 4981 1768 1274 1439 2023 2959 3638 1064 4881 3338 3434 4358 4946 2417 4567 825 2839 363 1900 966 1303 862 4779 1256 4578 185 3687 1802 635 671 613 2674 4917 520 2997 794 3570 336 4369 1424 3221 3706 4593 1410 4523 400 590 783 3909 2697 3046 1644 736 3282 669 4498 1298 3824 1391 3320 1736 369 1340 1599 4392 2679 4774 2077 2781 2276 3775 3393 4458 1922 4034 4326 2921 4329 2680 3728 3699 3233 2554 4182 3690 160
1823 665 4878 1488 1113 1529 4693 510 1048 4217 1392 1574 2999 1158 1295 858 2797 2252 4589 672 328 2872 136 2027 3803 145 2237 258 2395 2584 4978 3337 4063 4894 3392 591 4906 4442 2210 4927 2611 1870 1150 1338 2119 2857 563 4772 4448 986 4933 638 142 4950 1298 3818 888 3997 2672 2248 3850 4491 3936 737 3185 1713 1565 3927 4625 3156 1634 896 3598 4293 1688 4859 4994 971 2238 167 1370 1334 1152 3375 1603 2782 2031 3628 3849 841 4999 3089 1628 1502 4777 2341 4631 1484 2604 687 2858 1547 3377 703 3181 4481 2703 2695 3305 3543 810 2918 2483 3952 2378 4483 4724 2140 3427 1595
3754 3499 1922 1447 2398 2608 4700 2380 654 4623 3180 1312 4582 3854 91 1499 1601 1099 3350 399 3255 1434 4787 374 3399 847 2395 253 4829 4978 2747 2064 2394 2604 1169 789 4846 625 4248 3310 4549 1647 1555 3722 4297 2313 1377 3781 577 2617 1713 2354 4121 1738 2626 1424 2131 744 1932 156 1864 4338 2541 1205 3768 2110 2527 578 3443 365 1897 1979 3154 4593 203 1117 1596 4136 2788 4948 251 1641 4887 1426 2820 795 3285 3972 2597 3599 2218 1699 1056 1893 2053 2353 2277 3410 512 4956 1569 858 4233 1578 2061 1665 2789 1134 4888 1166 3804 1847 1047 227 3705 2619 4025 4160 1255 3364
316 1998 4642 1558 2326 2135 2708 3744 1792 499 3569 783 401 3418 3789 4366 4674 2304 2156 4411 875 102 3507 4624 252 159 3690 753 3687 3337 2064 1446 2423 4645 4399 2215 2144 4306 2854 49 1633 491 1343 2790 2293 1465 4444 4302 2520 4494 3586 3057 377 644 2377 3347 2473 1279 3593 3148 2961 459 2584 3277 3240 4525 197 286 4552 1040 4593 2910 4486 751 3553 3858 549 3082 4263 3275 4184 1457 919 1364 2841 2848 906 4086 891 45 2041 2496 814 673 1060 1468 2007 3765 3413 2995 1450 4643 1061 3128 1914 3303 4310 3894 431 2392 3102 1104 3870 2335 3516 1036 1923 3315 4095 2411
882 3217 4800 1102 1169 1971 1540 2297 2512 1758 2525 1288 4768 2814 899 3010 2883 3677 4163 1387 2987 1690 2621 2516 3282 4913 4580 1243 2345 4063 2394 2423 700 988 4916 3160 212 3397 2698 2115 4291 1564 1342 4972 1527 3200 863 3738 4062 4899 415 1692 2569 685 2466 2745 1718 4653 1192 1710 4126 4362 1435 3745 1413 4966 4902 3969 2539 4014 1475 678 4496 586 2777 454 4826 1780 3593 3723 3214 2181 3540 550 3903 3462 3045 925 730 3439 3637 3490 1980 405 3498 3586 3340 1778 2749 3362 4761 3920 3968 1238 1479 4753 1975 829 3152 3795 4813 2972 4354 3345 2214 1123 279 3404 976 1009
561 457 2836 3429 2920 3538 3912 3393 1166 690 2402 75 4264 798 2593 4799 2818 2050 4200 1895 4404 3066 4611 2312 3606 4476 775 4466 62 4894 2604 4645 988 2939 4386 3188 3628 2085 3311 4180 1022 852 749 489 2422 4221 4195 1147 3319 69 2877 4672 629 4073 3015 2326 4367 2143 2056 3077 1997 4423 535 4102 3730 1856 629 4421 4436 2188 4122 3530 205 3397 4710 3800 2919 3532 4444 2805 940 4929 4983 2835 4710 4850 4609 4862 3955 705 2007 1267 3571 4893 2863 4382 4375 3260 792 234 4779 3930 3662 2215 3162 1777 113 2662 3646 3129 4379 3402 3108 4857 3190 2298 2073 1719 3816 3365
3217 844 1247 119 4331 4909 2578 102 3095 71 3542 1579 1874 2835 3875 398 491 697 2190 2191 2648 61 4226 4686 2131 3561 988 1393 4981 3392 1169 4399 4916 4386 761 4981 4242 12 2356 3405 4679 2541 3681 4736 3958 1303 3690 1455 683 3567 3661 4653 1732 4173 2606 61 1225 4859 3138 1206 846 4715 3104 787 3195 3405 4956 27 2585 981 2164 4522 3478 478 3435 4164 3800 2220 2525 4891 2753 29 2162 860 3873 463 64 1930 1705 4984 470 2314 3515 1767 3485 4142 1928 3063 719 1982 2382 3479 3502 1583 3070 1382 2900 1459 2415 1668 4168 3726 4304 2221 4819 3333 3440 1632 1091 2625
1328 1219 1305 4556 604 3573 3045 4016 3312 4814 3270 136 4296 836 1167 4728 4822 594 3245 3719 4024 4153 222 4905 305 4631 3638 843 1768 591 789 2215 3160 3188 4981 2997 903 3945 4475 2018 2910 3280 3543 1835 2768 2376 579 1287 375 4559 1018 4100 1937 3591 1114 2333 3923 758 4495 2132 2059 4297 1498 4406 582 4035 3128 4224 1259 3357 142 4636 4148 1266 3081 3626 895 2849 4206 2731 4672 1959 3226 3986 4918 2613 1849 2679 3223 1663 4082 2084 380 1007 3317 2840 60 149 3728 4346 2152 58 3647 1787 2269 3203 2128 158 1375 3079 103 4103 3191 1632 941 1449 4841 3017 4922 4623
1746 3385 522 4397 3741 3502 3050 2985 1501 3981 3688 4055 1663 146 479 270 1093 1682 4386 1376 2849 1568 1375 1936 3286 4392 1707 3838 1274 4906 4846 2144 212 3628 4242 903 142 2056 2976 2626 4816 320 1250 2726 1748 3900 3228 2490 420 2517 2973 2530 2204 2014 1067 1671 4061 1459 304 162 2507 1957 4531 3436 1772 3642 4141 2216 4605 2917 846 2491 424 1247 4186 3773 2308 2779 4095 3011 4202 2004 2324 3170 3079 2989 2006 1747 4578 1964 3817 3182 2178 2777 55 3894 1180 3276 681 3743 2243 549 2350 685 3139 3299 1375 1757 2069 1163 668 1000 103 154 1685 4702 1948 4672 787 593
3940 1192 2138 2426 4826 3567 2282 2342 4366 2950 3474 4962 3542 4221 1064 3534 941 3015 2163 2959 906 1744 2829 1664 1046 4589 2162 4396 1439 4442 625 4306 3397 2085 12 3945 2056 2849 1504 1605 2940 1267 659 2706 4036 4825 2315 2462 3101 2855 4662 1228 2265 1518 310 2727 4999 2623 3871 4646 66 1637 1776 3995 2653 2618 2409 3646 786 2547 3771 3394 4398 3838 1509 1718 3119 728 4158 591 1323 2862 2502 3723 1518 1919 3673 4317 4024 1336 1397 3944 3458 425 3729 4459 1011 2473 839 244 4590 829 2240 1237 1661 2086 4011 3458 1407 370 4299 1555 2492 3309 4811 2426 3302 2172 1666 4764
3412 1225 3280 4810 4224 684 1768 1263 3760 1535 1211 1100 2267 1091 4632 2685 2777 3080 2110 4280 1404 4963 255 948 3907 1745 4961 4905 2023 2210 4248 2854 2698 3311 2356 4475 2976 1504 3893 2562 3684 4023 4741 812 3767 1397 4764 1360 3807 3752 781 2007 679 2863 3823 4560 333 911 39 2602 343 4944 4085 865 4660 2795 3634 3432 2294 375 510 914 3518 4729 2020 476 1048 1084 278 4503 391 2105 650 312 2475 1215 2655 4828 3203 173 4457 3625 1257 1396 3517 443 1330 4135 429 898 3938 1707 3958 2775 2348 1706 4512 3617 4665 572 2898 1712 2561 4794 2585 2604 2843 3328 2665 2518
2332 4657 2164 3416 780 4786 3745 1692 3356 4694 2778 810 169 3363 964 3415 1976 3376 2143 2078 1034 2888 2470 3748 389 2233 4640 4728 2959 4927 3310 49 2115 4180 3405 2018 2626 1605 2562 2458 4266 4566 2619 3967 3624 3752 3384 4400 1834 1615 3135 3181 1810 3515 1811 4312 3802 3231 3676 1349 1623 733 4346 4712 4279 3867 1750 625 3881 374 3409 423 226 4592 2996 3539 2888 1582 2308 2800 1564 3467 3145 4677 1083 3553 1716 1847 4010 1824 2514 2231 2571 550 3819 1371 2951 1127 238 3882 968 1353 614 3189 3545 689 4073 4981 4551 4647 2151 655 4393 588 4143 4035 3980 787 4258 2728
1799 2009 4195 2470 4934 1706 4449 1966 122 2887 1548 3273 2129 2534 2825 1963 1945 1522 4320 2777 4876 4993 1927 345 176 727 383 1652 3638 2611 4549 1633 4291 1022 4679 2910 4816 2940 3684 4266 4008 63 3242 93 1040 2642 354 4472 4909 1255 3140 3165 3491 3736 572 3221 3477 3172 3534 2298 1823 3425 2829 1531 521 4929 2115 3211 3501 517 585 4951 3765 4130 2272 2306 3133 2708 4171 829 1248 3922 2999 3701 3841 770 1715 1163 2138 4971 4875 3405 726 382 3035 4436 3251 3998 1960 1705 2778 3633 1576 1407 4649 4258 2554 3276 2252 3736 384 3619 1495 4390 577 2621 1141 1950 988 3149
4831 2333 1064 2256 2756 3291 117 3461 536 545 1765 2722 1807 3727 1635 1435 1927 3624 2285 153 4364 1037 4838 1157 1633 1458 2983 2446 1064 1870 1647 491 1564 852 2541 3280 320 1267 4023 4566 63 409 13 2241 2962 4487 1045 1824 927 710 1126 49 779 1537 2371 4494 2856 1617 3212 4153 2326 1836 145 2153 1195 2115 2928 3416 3190 3237 549 3892 3842 4650 3899 959 4366 3944 3008 3272 2083 3613 1220 2948 48 2881 4947 3977 4756 3224 3571 4142 4904 1165 448 2451 2289 3802 4413 2539 617 4902 2635 2491 2396 4775 1329 2116 538 2958 84 4131 3067 306 3181 4610 2731 3627 2398 2018
605 3097 3912 3433 2381 3207 2677 1525 2461 4728 2898 2724 1757 4039 1531 2478 4286 722 1616 2368 4070 3564 3615 418 3646 2034 3787 4279 4881 1150 1555 1343 1342 749 3681 3543 1250 659 4741 2619 3242 13 3373 1952 3354 3995 1507 896 4228 3345 1622 2390 201 4844 317 1150 4135 1444 2337 2839 929 4741 3694 3607 749 2772 326 4285 638 2058 563 1739 995 4916 1075 2712 271 528 4185 3790 4245 3499 915 2104 4130 1652 1959 4060 625 53 3607 2584 4481 2341 2915 2808 371 3548 892 3724 2515 1325 1036 4153 248 4887 4544 299 1887 3053 3231 2864 4221 4326 240 1434 2778 4790 4580 796
2592 79 2233 3085 2829 1840 3291 33 4250 3088 3251 3851 4562 2623 780 4043 4964 1799 1914 2628 956 4145 2168 1646 1582 4731 3396 1814 3338 1338 3722 2790 4972 489 4736 1835 2726 2706 812 3967 93 2241 1952 1002 3085 4276 2907 3918 4670 1528 2690 1941 4334 2998 4760 3390 1256 557 4205 1931 3475 3797 4849 4762 2981 1930 2813 2862 2659 2964 1172 3439 242 3739 941 3291 576 2164 3013 2432 279 3462 660 542 879 798 3621 2303 2593 3051 745 697 2294 2196 4151 3786 98 1284 1055 384 4962 3365 1935 761 724 3728 3232 2187 4219 541 4521 3216 4723 897 4871 3625 413 4252 3257 4031
1842 258 824 3339 1177 1150 3623 1976 300 23 4174 3445 4624 2509 124 3575 2253 23 3746 2577 2656 1565 1062 144 1276 3675 960 2730 3434 2119 4297 2293 1527 2422 3958 2768 1748 4036 3767 3624 1040 2962 3354 3085 2326 1689 1369 4988 80 2149 2654 352 2627 3562 3952 1071 4751 3618 371 3910 4387 2539 3490 740 2084 1980 1609 4304 3937 4500 1536 2056 4528 2826 2045 447 3217 4277 4461 1443 4658 2332 1394 4986 2024 4669 2052 478 1399 2425 3387 4435 4633 1310 1543 4320 2280 643 3590 3882 86 1528 2460 3250 3588 2068 2035 2429 1258 2540 3256 1323 2473 4514 3865 2214 2953 1478 1695 2959
1348 4212 146 652 1262 3406 2846 1544 3122 1559 1035 2203 4170 485 3898 1289 4156 3238 2070 407 1868 1997 3550 3390 4996 3984 3937 2065 4358 2857 2313 1465 3200 4221 1303 2376 3900 4825 1397 3752 2642 4487 3995 4276 1689 91 27 2257 1930 4643 658 1944 4111 3640 3137 2838 333 934 3361 4979 3195 4015 2931 4888 75 3143 1847 1151 894 2211 3311 2334 2345 3371 1230 3498 1109 2061 881 401 3514 3519 3914 3031 180 1115 1429 893 2024 990 1797 1820 4702 993 3838 2950 3492 898 1938 3092 677 398 4085 4299 4064 2712 4125 2910 4130 3282 4292 3132 534 3647 2246 2686 2385 3118 1467 3583
575 1274 2850 268 1464 3959 63 1944 3076 924 3750 3049 4618 3294 49 2261 2618 2879 3758 4301 710 2695 3648 4706 1228 124 1775 4876 4946 563 1377 4444 863 4195 3690 579 3228 2315 4764 3384 354 1045 1507 2907 1369 27 4414 48 2020 1712 3868 2872 803 608 4962 927 1620 1860 4319 1642 4954 3151 3899 1461 3442 4950 3531 120 1439 3272 1921 3492 332 784 1670 1450 2428 3348 449 3931 430 1504 2486 2728 1000 1828 1938 4357 4415 3952 3929 1220 241 2960 3736 3728 4037 4547 4319 4831 594 197 539 2349 3101 3018 4200 4882 1544 3710 3637 4894 600 2041 2288 767 944 2021 3867 2170
2296 4072 2834 2948 326 3840 4063 3585 258 951 4799 1950 4254 2842 3125 718 3370 3696 4579 1124 1489 3456 3178 1110 3979 4619 484 127 2417 4772 3781 4302 3738 1147 1455 1287 2490 2462 1360 4400 4472 1824 896 3918 4988 2257 48 4455 1228 972 774 2539 4028 1450 459 4332 1780 1329 4532 4077 2190 457 3469 2173 3508 4151 2915 1094 1623 2904 2947 3654 1651 1062 3661 4722 2704 1879 3934 1181 3672 1792 1947 2099 4883 3928 1411 2487 2081 2790 515 1826 4997 3097 3536 2510 2521 2895 4483 136 1747 2595 4102 596 3029 3804 2290 3077 2214 1359 4749 1364 2385 2319 3061 161 4156 4389 3124 1956
3011 2503 4579 1339 1261 4893 2418 4243 4235 4355 4304 1872 1091 1036 4850 2358 4490 4891 2616 202 3086 473 3412 4235 1841 1403 3935 1288 4567 4448 577 2520 4062 3319 683 375 420 3101 3807 1834 4909 927 4228 4670 80 1930 2020 1228 2074 399 2140 4902 3313 675 944 3017 4561 4507 4735 2376 2416 888 1996 4740 149 1181 1861 1242 1897 2068 3751 1237 3205 3446 57 3120 1916 912 3061 2881 4172 3799 3939 4767 4383 4400 3933 932 2997 2681 294 3392 2343 2105 2173 1042 1699 2450 392 3475 194 2920 2223 92 785 3550 1334 1246 749 2929 4175 19 3671 841 4201 2726 1669 234 256 2357
4849 645 582 2339 3912 84 1389 2792 2715 2167 973 1165 466 4075 1577 3227 3396 4351 3216 4289 4798 2386 4545 3880 2546 3737 387 186 825 986 2617 4494 4899 69 3567 4559 2517 2855 3752 1615 1255 710 3345 1528 2149 4643 1712 972 399 774 198 2467 2266 1752 1907 1889 3411 1999 4811 4320 1662 4003 3507 3123 317 3190 2178 1902 3062 652 316 2039 4498 931 2138 545 4680 1235 2070 1744 4124 3117 322 1142 1433 1408 663 2033 11 1518 3536 2947 4621 3226 2768 10 888 2270 4900 3937 1474 3116 3322 2066 773 2177 3433 4288 1442 101 2800 4422 1315 2412 4770 753 3619 2794 4318 994
4818 640 4300 4745 1705 2867 532 1850 591 2814 870 3084 850 1899 2897 4389 1717 2894 23 3320 2853 4651 4371 1413 2942 2412 3718 2083 2839 4933 1713 3586 415 2877 3661 1018 2973 4662 781 3135 3140 1126 1622 2690 2654 658 3868 774 2140 198 2325 1711 3256 4167 265 66 4454 4959 1241 4070 1993 101 442 3358 3596 2598 1955 3644 3520 3873 4141 3813 4036 3226 1297 3383 3159 1090 3062 1028 4495 3595 108 4837 802 1671 3122 3021 4989 255 4764 4487 3386 282 856 3783 4919 2950 1799 1096 3083 3628 4009 2899 680 2259 895 1973 606 706 4424 114 428 2381 1172 1525 3415 3029 2749 4489
2514 1934 1191 3084 1666 3949 4031 2952 2555 4270 85 974 1849 3909 3145 4041 1313 3615 3736 2277 2704 2940 302 3921 2546 818 2285 3753 363 638 2354 3057 1692 4672 4653 4100 2530 1228 2007 3181 3165 49 2390 1941 352 1944 2872 2539 4902 2467 1711 180 3437 2614 2691 1723 2212 3924 2014 505 3396 2743 688 1810 2094 4292 2494 4371 2445 3406 2621 2113 488 1087 3048 1294 223 57 3305 2771 2849 2827 2530 2358 1147 3410 3805 108 2138 1426 4301 2807 483 4219 828 854 961 2444 2085 1805 3413 4112 4846 1687 3975 3910 2018 152 4688 2071 2323 3700 1261 3424 268 4685 2797 3974 1039 1135
2045 2926 1898 2355 2232 2391 3494 3669 3968 3583 2767 1364 3963 2631 3065 745 3817 949 4963 2958 2878 470 1554 3759 889 2750 2519 4128 1900 142 4121 377 2569 629 1732 1937 2204 2265 679 1810 3491 779 201 4334 2627 4111 803 4028 3313 2266 3256 3437 2310 3239 4175 2258 1558 604 4557 1879 2231 2634 2401 4881 531 2993 929 2119 3455 181 3930 1000 4473 3229 1366 2139 4283 859 2150 3287 2609 601 1786 4320 1619 3985 3266 705 1894 294 4158 3847 3501 2493 3561 667 4633 4211 2645 568 570 2998 125 2427 3586 2585 4599 989 3641 2066 1658 1079 1859 4209 1847 678 3789 2648 868 2367
3296 3566 2242 1985 701 4089 3994 432 728 740 4770 930 2564 3294 3762 3474 4130 3250 2382 3148 973 3248 3962 2706 2694 434 1147 1666 966 4950 1738 644 685 4073 4173 3591 2014 1518 2863 3515 3736 1537 4844 2998 3562 3640 608 1450 675 1752 4167 2614 3239 3935 4191 3895 1628 2480 160 1761 647 2376 2050 860 4974 3522 4478 1421 4625 1738 3541 951 2422 1905 1815 4331 1919 1027 4276 4794 538 4407 4171 4976 177 1703 2362 4916 1166 4487 3034 1724 264 4584 1263 4425 2671 3097 3214 3334 4508 4052 4783 3913 700 3129 477 717 1060 1122 3518 1363 3406 4691 2605 2403 598 388 4511 1860
55 4276 3562 3317 685 1491 50 1391 3241 3220 4786 3519 2517 2819 62 62 1662 4743 318 1492 4555 1357 1855 2980 4198 4827 401 2571 1303 1298 2626 2377 2466 3015 2606 1114 1067 310 3823 1811 572 2371 317 4760 3952 3137 4962 459 944 1907 265 2691 4175 4191 3524 2977 156 4928 4775 3282 4267 1175 2980 2820 528 3505 4833 4910 2717 3058 4918 4040 4454 2040 2292 1087 4557 1718 2116 398 4052 1263 1493 2378 42 4233 4405 415 1492 3670 4989 3215 4221 683 926 1833 4483 3821 552 4224 3052 1030 565 85 2586 2964 3409 1926 1934 2495 2020 2894 4960 1923 1766 4859 4956 4240 429 3329
724 3724 2367 2854 3313 3477 396 2831 3066 1651 4419 1093 2781 2280 2999 4876 2522 1001 4203 3496 4853 3043 1575 3069 4063 1169 3576 4174 862 3818 1424 3347 2745 2326 61 2333 1671 2727 4560 4312 3221 4494 1150 3390 1071 2838 927 4332 3017 1889 66 1723 2258 3895 2977 800 824 3814 768 4446 97 1216 3219 2045 4233 4808 599 3215 3332 2100 2491 3439 1217 1829 1703 4081 309 2246 1756 4024 4795 571 1275 2562 633 4094 2501 3893 1223 2796 4333 1742 2060 4801 800 3928 1011 371 1332 2082 3928 4464 4578 630 2588 3746 2889 4991 3624 2494 3235 536 322 2534 1835 886 2984 3674 3814 3003
3965 3772 1251 654 3019 2613 2067 3273 2066 2850 1120 330 120 2838 2564 1235 1404 478 4622 2617 2753 304 4537 4048 2149 4181 1467 3391 4779 888 2131 2473 1718 4367 1225 3923 4061 4999 333 3802 3477 2856 4135 1256 4751 333 1620 1780 4561 3411 4454 2212 1558 1628 156 824 1202 51 2764 1566 2188 1970 2376 2113 3283 350 3338 1109 604 375 2081 950 1157 4192 4754 1665 2326 316 2427 2365 3816 1991 567 4471 4216 3661 2718 1175 2116 578 1653 1386 3040 4644 89 2492 4665 2079 819 3683 2665 3703 2058 1374 4860 2758 4298 4745 1795 929 1087 4313 3098 3239 1775 4899 250 4552 1822 3872
3374 3838 4744 781 422 165 165 4193 4027 2759 4025 2897 3256 4300 2761 254 3193 3928 4612 1223 235 31 1173 3715 2736 776 2240 1446 1256 3997 744 1279 4653 2143 4859 758 1459 2623 911 3231 3172 1617 1444 557 3618 934 1860 1329 4507 1999 4959 3924 604 2480 4928 3814 51 4277 3105 2596 3323 3197 648 3748 3654 2417 2432 2766 581 4515 2776 3668 4698 3453 2312 4378 1655 4630 2050 1731 2842 2618 1569 273 3256 3339 2440 4794 578 3279 1356 3470 3985 1381 620 2156 3167 3507 4470 4758 3006 4625 1567 2429 4104 4926 501 370 4103 194 1854 436 4846 4615 2505 1149 91 3525 4547 4658
4622 252 4403 629 3257 175 3380 4024 2916 1342 3261 1577 1337 4655 3923 2272 2284 3986 3723 4753 2044 4179 675 4711 722 4858 762 4984 4578 2672 1932 3593 1192 2056 3138 4495 304 3871 39 3676 3534 3212 2337 4205 371 3361 4319 4532 4735 4811 1241 2014 4557 160 4775 768 2764 3105 3749 2667 204 2484 4953 2664 51 1770 418 4040 453 265 1046 4496 3569 2441 2144 2299 4337 3783 2075 4969 4210 4537 209 4263 3478 1848 2789 1098 2944 2409 1687 3533 1881 1433 1701 1985 3281 2147 1332 4345 4248 1687 1243 3151 4536 42 2167 1634 2288 848 2219 1679 113 2288 2281 4337 4234 789 3924 1698
3609 586 35 1894 505 2617 3702 2487 1868 4070 2818 4676 1376 311 351 4875 3275 2034 3670 1961 2762 3990 3973 2904 4522 244 1289 3802 185 2248 156 3148 1710 3077 1206 2132 162 4646 2602 1349 2298 4153 2839 1931 3910 4979 1642 4077 2376 4320 4070 505 1879 1761 3282 4446 1566 2596 2667 2707 1242 3285 194 4886 1770 1524 3878 4171 1579 4322 3728 1916 4839 4686 2842 356 1681 655 4869 860 3946 4426 1651 661 1208 4437 4899 4152 2726 1866 832 1837 1261 1753 3075 4226 2772 4172 2646 1892 2485 2753 1562 4614 3999 3020 955 3417 3960 4443 3502 4167 15 4931 1410 1395 2298 4888 3797 2413
1964 1166 267 2351 966 1499 1338 2894 567 4735 4074 2742 492 851 1554 1008 2349 1092 4106 725 3235 3100 2874 3923 3092 3666 570 740 3687 3850 1864 2961 4126 1997 846 2059 2507 66 343 1623 1823 2326 929 3475 4387 3195 4954 2190 2416 1662 1993 3396 2231 647 4267 97 2188 3323 204 1242 1354 2536 226 3427 901 2343 4590 1286 1298 1232 1348 2305 501 4673 785 4462 390 1754 3448 1737 3753 1953 1532 4933 4225 4437 3682 211 3862 2715 3489 4922 478 1060 4413 1528 791 110 2434 103 4770 732 594 3754 1360 1886 1771 3482 4998 2679 2032 331 4137 3526 692 2649 3848 2048 3109 1314
1764 1610 4758 3491 3651 880 1988 1631 281 3538 1973 394 4458 701 4488 3668 1831 258 1058 4042 1616 1646 4960 1972 1178 2190 1903 2674 1802 4491 4338 459 4362 4423 4715 4297 1957 1637 4944 733 3425 1836 4741 3797 2539 4015 3151 457 888 4003 101 2743 2634 2376 1175 1216 1970 3197 2484 3285 2536 4342 1379 66 1059 691 2002 2928 4687 362 4955 3787 1183 3804 3634 2203 2763 4471 4391 2987 2646 3593 4866 586 3406 2099 365 3581 3891 58 2794 4063 4864 3380 986 3875 3430 2243 1536 3285 4268 3111 4668 4304 260 1658 2935 2106 2912 651 3723 2497 258 3702 651 1847 280 3466 1746 2304
2866 1746 3928 4825 3127 994 3357 2257 2787 4673 87 1164 3033 1862 1300 770 4404 2421 3409 2221 4855 1111 1536 1740 1248 3642 2347 2952 635 3936 2541 2584 1435 535 3104 1498 4531 1776 4085 4346 2829 145 3694 4849 3490 2931 3899 3469 1996 3507 442 688 2401 2050 2980 3219 2376 648 4953 194 226 1379 1726 830 2987 789 969 72 2850 3066 1524 2547 810 4081 1681 3485 4154 239 1635 125 4769 3302 4689 1132 3823 1052 4197 4759 3760 4483 1978 4726 1038 3358 3073 1288 414 303 4801 4601 2626 2773 3509 1452 1659 1993 2783 536 773 4176 2613 664 930 489 4876 4138 4250 2200 4636 1303
770 319 2074 1914 2280 2117 1598 3827 2563 1954 2260 2183 3763 2134 4680 4612 3840 2028 70 861 364 3309 1190 362 4713 73 2791 904 671 737 1205 3277 3745 4102 787 4406 3436 3995 865 4712 1531 2153 3607 4762 740 4888 1461 2173 4740 3123 3358 1810 4881 860 2820 2045 2113 3748 2664 4886 3427 66 830 2494 3421 2669 1370 4539 2704 947 2622 1245 3542 3409 4699 869 4210 695 1313 1348 4208 2847 2123 4408 3358 3619 4702 2887 3742 3174 2582 2223 1220 4919 3462 3169 217 305 708 4398 2411 3444 1334 3976 4533 4360 2048 2979 4835 362 4740 3847 3162 4307 453 1640 2440 3582 72 822
823 166 4785 1351 477 4491 4458 2479 211 877 2188 3201 1556 4439 1221 2218 931 708 2674 4417 3736 1004 153 4913 618 665 4501 2770 613 3185 3768 3240 1413 3730 3195 582 1772 2653 4660 4279 521 1195 749 2981 2084 75 3442 3508 149 317 3596 2094 531 4974 528 4233 3283 3654 51 1770 901 1059 2987 3421 908 3978 4267 4223 4257 2294 2702 3107 1286 3540 3659 3861 2628 2404 200 3745 1095 4602 2966 1119 4528 2743 4449 94 349 4835 3728 2699 106 4394 1084 332 2666 278 2299 3781 1517 4366 2012 3553 4254 2332 4189 501 4661 4997 4434 4779 4160 3047 2712 4192 3729 4940 3038 4683
888 1365 1344 3456 2344 4625 2630 4740 4324 4772 736 4191 3796 4547 3254 1250 4837 913 3389 3341 3903 3445 2936 3056 2626 3344 1571 2287 2674 1713 2110 4525 4966 1856 3405 4035 3642 2618 2795 3867 4929 2115 2772 1930 1980 3143 4950 4151 1181 3190 2598 4292 2993 3522 3505 4808 350 2417 1770 1524 2343 691 789 2669 3978 849 1082 895 2489 3587 2000 963 1191 837 3529 2413 4040 1463 2912 3242 4181 220 2011 600 2902 4660 1045 4568 1003 137 801 745 4290 145 3537 3650 3200 752 173 3407 2100 1968 441 4522 3479 990 1876 534 1385 3141 3192 2456 3055 2983 4442 306 1943 4262 350 2312
3726 4195 670 3677 3290 3493 2617 3394 2674 1533 3356 855 2559 4878 971 3504 2705 3297 3292 3096 1768 1536 1449 1458 97 2798 4996 892 4917 1565 2527 197 4902 629 4956 3128 4141 2409 3634 1750 2115 2928 326 2813 1609 1847 3531 2915 1861 2178 1955 2494 929 4478 4833 599 3338 2432 418 3878 4590 2002 969 1370 4267 1082 4426 587 1686 2232 4700 94 3540 2789 4909 3348 702 429 424 420 1547 1051 1053 518 4423 1650 4805 4735 4897 3166 3498 4938 626 1158 2274 2725 2322 4700 227 3828 2720 3400 1209 741 4910 852 4536 2884 3609 2246 4586 1206 2365 3063 353 1543 1977 4107 4406 753
344 465 1423 4846 1022 1962 3345 3864 1983 1729 3813 1933 4772 3251 4920 4437 2986 2999 2196 50 4304 2984 1071 856 2524 1454 3420 3561 520 3927 578 286 3969 4421 27 4224 2216 3646 3432 625 3211 3416 4285 2862 4304 1151 120 1094 1242 1902 3644 4371 2119 1421 4910 3215 1109 2766 4040 4171 1286 2928 72 4539 4223 895 587 4994 233 3412 135 3671 240 3348 4754 2986 4547 2071 1220 4491 4728 3903 4422 545 4203 3640 164 290 1995 4961 4202 673 457 4602 4599 2129 4816 4670 4185 2477 2912 3174 3021 2319 2235 3585 122 4474 3930 4255 4343 2162 3941 396 2338 3450 1511 4521 1001 4962
