N: 140
M: 20
Symmetric: true
Triangle: false
7 99 136 73 80 130 39 27
8 49 20 51 123 40 22 133 112
10 117 107 86 109 61 89 2 114 83 38
3 138 19 68
8 70 35 105 52 62 67 12 120
9 91 125 113 47 58 137 110 103 81
8 18 14 33 100 121 84 96 126
4 9 13 66 15
8 53 134 127 63 34 1 87 69
5 132 65 5 60 57
5 44 118 74 97 90
6 92 36 11 79 75 26
7 108 24 111 45 98 76 106
7 29 42 82 46 16 115 128
9 37 102 85 78 77 41 119 72 30
4 59 3 101 43
11 4 56 140 55 93 23 139 32 50 116 88
6 7 122 94 48 17 135
8 104 8 64 6 131 95 21 71
7 124 28 129 25 54 10 31
4177 2183 4430 1249 1083 2293 1291 1979 188 3976 1217 2244 4034 1752 748 1474 2985 4880 3388 3329 1174 1838 3632 2865 3518 2414 1814 3681 210 4512 2364 236 73 1524 4738 1261 3807 3940 1840 3271 3056 4914 1383 2052 4704 2761 4557 1007 433 4952 189 1533 1405 2136 4479 3042 3850 236 3486 2645 136 2366 3857 4392 1427 2474 4907 2732 265 4407 3051 3596 1032 2037 538 149 4479 1708 2272 333 3017 3763 4601 1736 3757 1731 1238 2470 1998 1792 4981 2646 463 805 1712 3725 4974 2860 2350 1270 1268 1211 1700 3236 1689 4372 4775 2560 2511 432 1254 3013 1824 141 1196 4633 576 2541 948 4192 4377 2424 1767 1513 1458 2256 3883 3073 3168 2196 3722 2908 741 206 3761 480 1511 613 2677 93
2183 1753 2465 2841 4437 1698 2479 114 1144 4104 614 458 3065 1842 3033 1720 1133 1039 718 4105 1088 35 900 2561 4877 2616 1867 3167 1676 2487 4044 4791 4468 4605 3825 439 3530 2611 2974 4354 2977 1246 4366 1188 4290 523 2311 3626 391 952 4950 2194 2519 800 1668 2480 3700 819 1580 3842 4049 444 1657 1646 2819 3873 1165 758 3924 678 105 1010 4543 2348 3931 2873 3960 1369 4964 389 3201 4405 2259 1949 204 2162 3690 1238 637 4302 4442 914 1389 444 3965 567 3575 2783 1183 1716 1322 3631 423 2611 728 1551 3980 2645 3476 34 4408 2496 3296 1603 1479 3616 1824 4821 4050 1676 1948 329 1669 1806 1550 4286 4492 3613 3566 3986 89 1244 3794 4892 3934 3837 635 4955 3549 2079
4430 2465 4524 4914 3071 463 471 4492 898 3077 2506 2575 1370 4891 1956 833 4054 3308 1800 913 439 3644 2160 2634 4772 4847 1778 4167 132 1946 2696 2908 1328 3266 2064 368 367 3917 4584 600 4719 92 2140 384 1442 4030 3743 280 3249 3713 1750 3332 2380 4600 3521 1763 966 3963 782 1489 901 119 4369 1714 4883 2784 1485 3435 1023 2115 2185 3486 1037 4449 2322 1744 4873 4564 4624 1622 4997 1568 338 3034 962 4216 546 490 1057 2009 4239 4754 1613 1102 821 2346 3619 1517 3861 2277 3581 3554 1716 4265 4925 1252 4206 4088 3436 4859 3889 1570 4042 990 228 4163 1122 1914 4451 23 4816 4934 1877 1561 3685 4429 2113 4780 2483 339 544 2200 2589 3862 4410 1209 1477 1922 2099 2395
1249 2841 4914 1183 2652 4857 3777 3451 3508 350 2328 4446 1499 3186 43 1158 3063 967 2899 3281 3283 1268 3957 3396 1161 2095 4187 1448 4574 1709 1101 3785 4734 786 4707 357 4614 2273 3185 2550 1833 3307 2127 961 2117 3062 3766 3965 4195 1390 3010 1320 952 3139 1807 460 4403 93 3773 765 2882 437 4196 944 4738 3006 2464 2293 1480 111 4506 816 691 2310 159 1525 4517 2617 4521 494 1208 88 3150 3595 1273 2569 3308 196 1114 2220 2956 3827 1792 1625 4975 2401 3029 786 340 814 3828 2705 625 4103 254 424 3349 2965 3566 190 1195 2714 4276 1388 921 1970 3233 4308 4758 4461 3988 1390 3303 374 4531 779 1507 1112 249 4582 4170 2126 3533 1092 3435 2608 2120 4531 2291 2773
1083 4437 3071 2652 282 2376 3620 1410 3812 2002 3100 3980 2964 1356 2440 2507 1504 1621 2929 3146 4038 1917 2376 3409 2818 4333 3519 4601 1266 1348 4472 228 1875 4990 1919 1934 518 2185 2699 76 3951 3861 2586 1982 4739 4567 3178 4063 3547 2244 3709 1041 905 2697 4780 3207 3369 4941 3457 2903 657 200 3785 4622 601 4589 1983 4342 4682 34 4468 4082 295 4857 4639 2692 4125 1927 3221 3122 3696 673 1819 1035 1377 4132 4092 4215 4737 1216 2069 954 1841 4018 780 3703 2640 1592 1739 3501 2228 1906 2134 4409 1970 535 344 4487 1461 4351 3708 4711 3701 3326 2915 291 3038 216 3281 548 2558 948 2800 3719 1616 3209 2150 4525 42 891 1483 4034 1398 4424 592 134 4216 2238 3012 13
2293 1698 463 4857 2376 3893 1638 2021 1911 1747 3863 3651 3760 4631 2862 2885 461 2261 1206 1617 4243 4031 2034 4776 1040 2324 4203 2065 741 1960 2142 1650 2473 1277 1010 2012 4727 2156 3402 2252 3257 2822 264 785 3181 1330 575 4012 800 4920 2469 3581 4797 4425 4095 4114 1475 1225 1767 3803 3592 4949 1641 3681 3600 1407 2897 4894 3461 458 43 2200 4842 349 302 2084 2994 1788 94 3069 3467 2888 2708 1866 394 1516 4339 3390 2195 219 399 605 4108 4051 3807 723 2576 2511 95 399 3689 3685 800 772 3261 2167 2921 3378 1170 2457 4919 1699 1569 2816 2319 2029 3505 4862 459 4403 24 4478 3107 2984 3259 4614 3378 4071 1157 300 4693 2236 4166 3574 726 3598 97 1399 2748 1134
1291 2479 471 3777 3620 1638 2983 1096 784 2050 4200 3912 139 4797 172 2654 4383 97 2755 3646 530 2553 186 3834 4350 2014 1034 249 864 2299 3350 2912 2527 1056 2135 1808 4564 2827 2832 671 3109 2614 924 2359 208 1018 3996 4352 4669 1397 3816 4691 477 3773 120 4920 4047 435 4886 4349 445 4283 695 389 1329 4206 275 123 2177 2313 4323 3033 4670 2308 2701 4798 3575 1062 4899 3156 148 2914 1667 367 2161 2026 1815 4481 166 1149 3157 179 3283 490 553 2799 1419 3709 2629 1803 4606 35 4442 684 3143 164 670 1124 3573 4880 1348 2403 3487 769 2556 3812 2896 1611 1192 2436 64 1879 2690 146 3351 3296 2890 4188 1263 2098 731 315 2618 2335 2597 3422 315 502 1185 4121
1979 114 4492 3451 1410 2021 1096 4478 4615 2607 2857 1333 1580 4382 2511 651 3867 3508 1695 2205 1013 1862 3088 1304 3861 4309 4692 905 1727 4371 2571 47 1163 780 2757 3060 3180 4164 353 1405 623 2653 1212 4679 1808 1614 3711 3696 2609 3233 302 4341 3072 2060 1884 873 1201 2139 486 750 748 1537 1611 786 1518 711 3021 2212 836 1907 4262 2126 2707 2458 2953 956 1448 1951 3926 3955 4819 2446 4236 3678 3187 4664 2585 4898 3352 913 1487 4427 4622 3822 2239 2328 2927 3103 4635 49 3485 3673 1608 1813 4187 3157 4422 2514 4715 3598 3179 2324 630 1629 960 3394 1870 3650 2960 2776 1791 387 2804 2181 3365 2693 128 2373 490 2878 3988 3667 2040 3368 4536 155 2407 31 4201 2056
188 1144 898 3508 3812 1911 784 4615 1673 4978 837 2348 3398 4438 806 2359 4403 2117 1941 2041 1168 1619 1203 2117 2005 1797 841 3687 2085 2613 4317 3669 390 3778 4075 998 2686 4349 2273 4126 2355 1345 3414 602 4183 2031 659 1678 4562 1205 1356 293 3317 279 3094 568 4047 1744 833 1823 2138 1479 1642 2744 3453 4488 3990 4668 1319 1811 720 2461 4614 1610 4240 1664 3975 1174 2476 528 4921 4586 2277 31 302 4339 4739 2332 333 3980 3663 3889 4900 4099 4720 2387 4464 222 3304 3694 390 1394 4922 4247 860 4531 3845 1704 3075 1236 2718 4417 1700 4940 2294 2520 3381 4287 946 824 1326 421 4916 2485 3675 3276 1759 2701 2722 4691 144 308 3725 535 4314 1250 2760 1409 2721 1995
3976 4104 3077 350 2002 1747 2050 2607 4978 1547 4952 3215 1560 228 4749 245 625 2619 2504 2352 4564 4152 3072 4186 3026 4317 4421 1355 327 1832 1463 1929 203 4560 3041 1607 98 4339 2186 2081 520 2416 2538 2429 357 2807 198 3717 928 4134 3212 2657 3834 4163 3642 2350 1126 4722 4341 1506 4017 1284 3224 1945 1159 1320 742 4711 3469 1666 1200 272 3021 3128 3473 4574 2086 3509 4489 1917 3186 4949 2209 4594 3656 2328 2554 2917 2917 4433 665 2126 1560 4252 2074 1064 2046 58 330 3258 704 342 1070 1036 1118 4623 4480 2980 1915 1641 2034 2903 3301 2507 1924 1323 3389 299 2200 4596 526 233 4656 4529 1926 1830 4259 2932 1595 1201 2466 2999 1754 738 2693 1054 1786 901 651 1209
1217 614 2506 2328 3100 3863 4200 2857 837 4952 1648 2377 2046 2565 4942 4397 4157 4685 1892 843 4658 3236 1641 2416 1436 4728 937 3271 4071 1245 2079 3200 2293 4948 2843 2876 4497 2455 838 4821 877 2185 3179 3095 4153 1821 3379 1569 3547 1687 653 3252 3796 896 2699 1824 3686 4247 2204 2312 2457 1358 4076 209 2909 199 3655 3899 160 1187 814 4685 4167 3108 2243 2974 2626 2262 2168 3103 1794 1335 1928 4816 2420 3673 2854 3412 1757 2037 3688 743 4221 4513 4564 4508 4653 2257 4133 4998 2731 2050 4415 3070 2013 2772 4201 2610 1356 1094 3303 2485 3626 4665 4442 4068 1599 3892 3075 3575 700 2667 520 867 2731 451 2370 4002 4783 1567 1195 1434 1111 4645 467 2261 3091 1909 2733 3311
2244 458 2575 4446 3980 3651 3912 1333 2348 3215 2377 1413 2877 118 4078 3222 4130 3294 3386 1753 80 4399 2284 2819 4544 893 3213 638 2629 793 2773 3333 2198 2548 1792 2323 4977 4766 74 2574 3557 933 3579 1939 4814 3817 2543 1018 2197 3506 3599 4526 3364 2020 4758 469 4992 287 2804 441 13 671 2988 2643 786 184 4391 1907 646 3771 3065 2598 950 4965 1745 1329 863 3005 2851 1110 1529 238 737 2029 3494 4930 91 1475 2544 3596 4154 995 4248 4120 2900 939 2046 944 891 468 1699 2032 2680 4863 589 937 3345 4954 2078 1593 4951 3646 4595 430 2681 4496 557 878 429 2551 1163 404 1691 944 1434 3983 2378 3631 3299 3814 4056 1397 3043 4898 2502 4298 4746 1185 3670 4210
4034 3065 1370 1499 2964 3760 139 1580 3398 1560 2046 2877 2444 2387 2617 4206 3362 89 4857 4044 2242 271 2009 4240 2304 3722 2192 4037 1838 3718 2285 3305 2069 3331 1822 1660 2422 4979 4425 2700 4654 3120 923 965 1137 4054 3265 171 3090 2185 2844 3686 2618 4257 2445 2816 2204 2610 3581 667 4897 4846 3309 4707 4993 3351 878 2860 2742 3378 1241 634 2936 1420 1205 4731 3910 2414 2566 1107 3155 3927 4897 1046 3388 706 4683 3457 3972 1834 2862 3333 4620 3337 2325 2950 1319 3485 2176 3689 1011 2078 2560 3153 2675 1873 3699 2253 2894 3139 2844 4788 3945 1562 3352 1239 2003 3973 3800 2126 3300 3173 2916 1059 4798 1924 1344 3357 80 252 2555 293 4367 890 4610 702 1088 3342 989 1391
1752 1842 4891 3186 1356 4631 4797 4382 4438 228 2565 118 2387 608 4550 1222 4642 3245 662 3508 1873 1142 1436 2426 682 2483 4329 4276 2557 1463 3033 4563 3539 2915 2598 3341 3595 4522 4517 591 2944 3371 1125 4020 368 876 1596 3304 1499 4330 3740 584 4696 4817 1382 1214 2129 4452 224 2839 2144 1640 1674 3160 4167 2264 1079 4624 2896 2253 2660 2204 3097 607 4645 4036 3727 2842 1228 1384 4840 1041 474 702 2994 1589 1056 1289 2255 4388 3185 4681 319 269 718 179 3230 883 3884 1782 1268 127 4379 1986 2354 2700 2064 3327 2230 4979 1626 1098 3298 846 3220 2358 2416 4179 354 3084 3312 1166 2977 1987 491 3334 3345 1051 1328 4458 2833 221 4950 1058 3613 978 4581 489 2338 2068
748 3033 1956 43 2440 2862 172 2511 806 4749 4942 4078 2617 4550 2810 4753 4772 3163 1327 413 4505 3774 649 1678 2299 1096 3921 1660 282 818 2434 2552 424 3002 2165 545 4608 2071 1874 2629 3254 2528 3912 3012 2882 3326 2287 3964 1507 1291 4139 81 3549 2583 772 3145 4201 1548 3905 4839 2722 855 2331 2097 4775 2023 4148 2178 2143 4733 2345 1419 2931 2162 656 916 150 3439 4913 3544 3960 1085 4654 1210 4936 1392 952 2558 3563 3812 1399 3952 3563 3089 3456 3852 1823 3608 848 1930 2658 3583 4780 1052 3428 3367 4175 1786 2072 2432 2990 501 1696 2751 3479 735 841 4081 2554 2702 2243 3899 1784 187 1457 3346 315 934 135 3159 1378 1780 2147 4506 4690 3285 1088 377 4473 2201
1474 1720 833 1158 2507 2885 2654 651 2359 245 4397 3222 4206 1222 4753 4822 943 1521 4404 4246 4455 1576 4930 3929 3295 4493 483 1425 2270 2562 960 2686 3183 3900 589 1213 3197 4831 4686 1101 3726 4233 3026 2751 2268 960 4236 1773 1921 4438 3691 1148 254 1982 622 2487 998 2580 2082 2051 4017 2264 1754 1757 2434 2797 4182 295 3071 3704 1276 2302 4121 88 3423 3196 2092 3609 568 4810 375 2280 4286 3192 3649 3655 1774 828 3228 1961 4011 4695 3477 4520 1537 1851 1163 3799 4803 3236 1360 2028 3216 1658 3676 2871 2480 3178 4004 3108 4155 105 969 1687 4327 3661 2603 2290 1477 2412 3056 2601 1334 2535 3250 450 2466 3350 3014 1771 1407 233 4467 3880 2887 2601 2688 2069 2944 286
2985 1133 4054 3063 1504 461 4383 3867 4403 625 4157 4130 3362 4642 4772 943 736 3693 2482 2172 529 1007 359 1814 1451 387 1883 1104 1856 2114 914 3322 2673 3130 3901 4741 4378 1928 1701 3420 197 2134 104 4441 153 2026 492 3762 4641 1942 2055 4426 4651 4403 1168 3673 1417 2591 993 2467 2938 2665 1886 1096 3376 4434 3736 105 75 213 2506 2351 2496 2792 4027 1041 3087 3944 2696 274 2267 3792 3638 3313 1912 722 2273 2738 682 664 4127 4008 2379 2849 1228 3469 4762 588 152 878 80 4182 1584 1844 3499 2754 4806 195 1328 3886 2042 4432 4854 4311 53 731 943 3005 528 1750 1006 1633 2063 126 442 4168 248 3113 3975 2667 4542 2512 1943 3858 808 4158 2475 4538 3803 2141
4880 1039 3308 967 1621 2261 97 3508 2117 2619 4685 3294 89 3245 3163 1521 3693 3846 4013 676 4083 1330 3749 3142 1360 2616 4790 332 1024 1756 3016 2436 4545 4130 4814 4122 1451 3417 2636 2827 2111 706 1671 2376 90 4897 2257 149 586 2715 926 938 3332 4585 4179 1922 4858 1620 388 1675 4026 2120 1395 527 1720 1692 4067 132 4372 3444 2079 4012 3604 127 3368 2689 2542 2576 2810 1014 3711 4597 2384 2220 3863 609 3590 2696 2723 4013 615 1810 2557 4739 3765 820 2375 4912 2590 2438 903 3145 3951 4688 2671 2045 2250 1968 879 845 293 2164 2615 4145 2248 4325 4872 3255 3792 1892 1812 2546 1231 2576 4848 3897 4100 118 1390 1047 3449 2748 2630 3010 4991 4195 59 913 4266 2296
3388 718 1800 2899 2929 1206 2755 1695 1941 2504 1892 3386 4857 662 1327 4404 2482 4013 3512 3515 2904 1284 4887 2321 3315 2944 3269 3048 3296 2748 3911 2947 26 1377 3920 4897 4615 172 3264 2440 1091 1766 30 4962 1796 4191 3861 3055 2140 1175 255 1868 3042 1027 2596 892 4321 488 131 2109 3568 1665 463 939 84 2444 1491 1271 4355 4119 810 4477 641 2009 1044 2477 4226 1742 1951 3179 135 1913 460 2162 2530 2107 643 4657 3441 4974 1738 3965 1228 1860 4569 2901 1594 2386 255 2742 3801 3146 745 57 260 578 1388 582 3031 3823 4604 3519 2829 4416 3330 2351 2916 3509 179 4986 4699 2345 391 165 4302 2314 4056 1932 2562 535 695 4207 2078 149 4788 2764 2614 2562 3853 3482
3329 4105 913 3281 3146 1617 3646 2205 2041 2352 843 1753 4044 3508 413 4246 2172 676 3515 4503 4962 3604 33 2141 1137 4752 600 755 1540 4745 4971 248 2338 1058 3750 3397 2256 196 3945 97 4188 1894 1104 3510 4794 2408 3475 1041 3629 3844 1780 2918 2637 4091 3802 915 3024 1949 1853 39 1124 2673 4978 4011 1846 4446 32 795 4321 1723 1526 143 1649 2353 2705 3632 2577 4203 4214 4412 996 599 2398 3341 4214 2866 3369 1170 2557 67 4295 2672 1830 2197 1511 1451 4950 2294 4930 2552 2847 2106 4287 4220 983 4432 358 3192 1935 3927 205 70 3808 1640 3437 1208 4818 4502 2183 1513 4734 352 4972 481 2102 977 1829 4169 2711 368 1788 3654 1701 3837 1790 150 1701 205 1110 1606
1174 1088 439 3283 4038 4243 530 1013 1168 4564 4658 80 2242 1873 4505 4455 529 4083 2904 4962 1497 845 147 3531 864 107 4724 1079 229 1970 1265 4746 1401 4426 3738 2895 3755 4855 4914 3030 3281 1301 2810 1047 1429 1779 2097 418 2370 119 411 1065 1609 4158 1486 2380 1958 1911 187 854 4237 1515 4647 2744 1108 2717 975 3418 2517 2697 882 3613 1765 2199 496 2278 1689 3268 2494 1905 3701 3218 1695 3215 2151 3945 3608 2262 4926 3753 4736 3940 4110 3140 1431 3678 3917 4737 3700 552 725 4654 4233 4689 3168 1761 1491 3982 4455 679 4298 4524 4822 82 4885 3521 2958 1595 4444 3879 1556 4302 3542 2139 1247 4946 2413 1564 4207 726 574 1084 3692 2776 157 4602 2979 4354 1855 225
1838 35 3644 1268 1917 4031 2553 1862 1619 4152 3236 4399 271 1142 3774 1576 1007 1330 1284 3604 845 3911 2233 2748 2940 2578 3536 4079 4234 1261 3908 1233 508 2436 4182 1109 925 2939 3316 2654 81 4846 769 1055 4044 3779 1827 2936 882 3754 4131 447 1577 3346 3288 1895 1580 4785 4147 4713 366 1815 2165 1985 2304 979 2241 3423 1847 2361 2303 707 4630 2803 4691 3747 1262 161 132 4521 1041 1672 3010 1343 2469 2503 3997 218 1736 4516 4737 2978 891 1098 25 3925 2932 1547 1370 1851 3085 3745 4602 705 3028 4077 4823 3279 1250 4948 3032 260 2981 3715 4969 2036 595 1996 3529 3206 2579 2098 216 2613 2053 3501 3704 2055 3720 2549 986 3087 184 1453 2879 1688 2108 3159 2115 653
3632 900 2160 3957 2376 2034 186 3088 1203 3072 1641 2284 2009 1436 649 4930 359 3749 4887 33 147 2233 4641 2445 3536 3913 1191 4829 3495 1232 2015 1520 2076 1369 4244 3668 4661 1113 2347 4734 936 475 4385 1659 1417 4159 1411 4197 4408 620 2583 1141 545 359 1577 2908 116 81 2651 4880 3410 3852 4082 212 3032 4404 4009 1016 4851 4755 3891 2247 2678 124 4000 3896 1356 4014 3533 3494 4868 4962 4137 4853 3239 729 4851 4474 2103 1421 2766 2642 2850 1173 2439 2748 2892 3955 4552 4914 1872 1373 3868 4179 1388 4249 77 881 1811 3845 3152 3463 1467 2490 2707 2373 1764 2226 2444 3352 2074 1415 2880 1739 4082 4126 2632 4016 3117 4473 972 910 1038 3596 4221 3377 821 1926 3175 2177
2865 2561 2634 3396 3409 4776 3834 1304 2117 4186 2416 2819 4240 2426 1678 3929 1814 3142 2321 2141 3531 2748 2445 3792 4954 2644 1160 3963 425 1316 3189 4276 3670 4814 1021 930 1023 2215 756 477 1946 3770 1428 3240 1406 3100 1137 600 668 4958 2731 2663 4867 2277 4886 2973 3697 752 76 2039 4816 1641 956 4885 4660 391 3975 4447 4618 3483 4883 547 649 4172 4736 917 2813 1816 3795 13 3040 738 796 454 4180 987 840 408 258 4280 2665 4284 4717 1076 1773 3656 1617 2902 3906 1114 1442 4518 1843 2658 2261 4176 744 3936 4625 1532 2364 553 4578 619 955 4181 2628 1774 293 2277 1617 3747 1270 4923 3503 778 3888 4821 3013 4641 4706 4268 2348 2640 428 145 3442 155 3828 3945
3518 4877 4772 1161 2818 1040 4350 3861 2005 3026 1436 4544 2304 682 2299 3295 1451 1360 3315 1137 864 2940 3536 4954 3091 1898 3333 4201 3336 2826 2449 4084 1553 1534 4919 3181 950 652 2471 4727 553 312 1909 3709 3041 4553 3059 3188 905 1948 408 4895 1261 2877 4394 4749 1366 3663 4523 4843 106 4325 600 3924 2662 1420 492 91 951 1119 1815 4322 936 3032 490 3863 305 2654 1363 1899 4152 4784 631 2882 3863 4414 2361 3567 1019 874 4244 4769 988 2086 2198 4141 4951 4955 352 1657 2399 1535 3941 1906 2118 4309 1389 1903 411 1776 535 474 3904 2117 2244 4990 4595 126 4268 2447 14 3115 3837 3304 784 1569 2279 3422 3631 2224 124 889 2815 3079 1431 1866 2001 2862 17 2659
2414 2616 4847 2095 4333 2324 2014 4309 1797 4317 4728 893 3722 2483 1096 4493 387 2616 2944 4752 107 2578 3913 2644 1898 1866 318 902 3633 923 2749 4697 1884 884 4735 3813 1935 252 1878 2915 4959 4025 987 1387 3768 2055 905 28 4480 4221 3742 2412 4945 4750 154 1584 2819 626 748 1363 2764 1603 68 4449 1478 3137 3668 558 1452 701 4906 2286 803 3868 2018 4884 3956 4514 2685 4131 4951 4054 4287 942 2782 3100 4561 2927 491 4624 2471 1390 3348 4164 392 139 3321 2394 2301 410 3072 3894 3373 387 2952 4525 3583 4448 3873 3284 1785 2738 3908 1690 4972 2768 3660 3772 3592 3826 3606 791 244 2018 121 1954 1458 220 1223 2593 4198 4259 231 62 4988 4225 4724 3191 2742 2346
1814 1867 1778 4187 3519 4203 1034 4692 841 4421 937 3213 2192 4329 3921 483 1883 4790 3269 600 4724 3536 1191 1160 3333 318 4270 3398 1226 2367 1544 2955 4032 4309 1147 503 3542 932 3925 1272 3915 389 2964 4676 1897 2852 3135 3785 302 1372 1695 880 1449 2522 1905 1004 941 4601 236 328 1482 44 3304 2772 2648 3137 3120 1468 763 1439 4069 3909 1171 1465 2523 1473 1312 3912 558 1539 565 1168 2057 1760 1665 2769 2426 4855 3899 637 2349 954 4686 2380 2547 4537 4317 4156 3586 4779 2485 2938 1418 4575 97 2373 2372 3368 1209 3166 4766 4706 3459 843 2956 1899 4901 3228 1485 1545 2140 3887 730 1576 3386 1633 606 4120 4658 2445 156 415 3309 2403 1035 3113 2118 3646 187 814
3681 3167 4167 1448 4601 2065 249 905 3687 1355 3271 638 4037 4276 1660 1425 1104 332 3048 755 1079 4079 4829 3963 4201 902 3398 59 3332 3654 337 770 897 3366 1694 1758 3510 3353 1377 2002 954 1607 2058 4673 3907 4719 987 1388 1130 3980 305 1011 882 4139 3289 1288 3219 3491 4700 295 4241 3566 399 4943 1413 2928 806 2975 2790 3692 1026 3236 501 1363 1133 1348 2689 579 4186 2766 4697 97 4955 2402 3677 644 522 3423 2067 493 4941 3960 174 3749 1171 172 3523 756 2799 325 4711 2890 4274 4071 1149 1246 3905 3703 1570 3016 2429 1980 226 93 3262 2263 4985 3292 2472 4938 1571 4934 4811 763 4740 470 4527 405 2074 602 4723 1598 4455 4338 4065 3784 1652 329 4736 3005
210 1676 132 4574 1266 741 864 1727 2085 327 4071 2629 1838 2557 282 2270 1856 1024 3296 1540 229 4234 3495 425 3336 3633 1226 3332 4746 4875 4633 3475 567 93 1368 4960 377 3772 1614 3968 4000 4277 4419 2282 4490 1387 1602 1826 2025 3049 3070 1903 2487 1945 3650 4734 1084 3977 1339 3616 1491 4326 4922 1182 4685 1044 4407 62 1922 3738 3397 826 2277 274 3771 3037 2969 4057 2180 2649 3117 2165 1042 3673 1609 3328 4207 1874 3993 964 18 954 802 4531 3633 4928 4284 4153 4912 4384 2248 689 4125 3583 4451 4689 13 3940 1970 4935 18 4200 4066 1082 3231 1612 3103 1140 416 1606 2682 938 3728 854 166 4537 2610 1337 438 4808 2639 2200 1771 2483 3379 450 2205 4167 4235 1746
4512 2487 1946 1709 1348 1960 2299 4371 2613 1832 1245 793 3718 1463 818 2562 2114 1756 2748 4745 1970 1261 1232 1316 2826 923 2367 3654 4875 1864 562 2471 2284 1447 1680 4516 4145 3670 2310 4808 3692 4172 3318 3820 915 2796 2037 3408 341 3446 2637 1126 429 3494 3529 387 3783 4731 3150 1477 303 906 4228 2295 3207 1448 2837 4460 4467 4050 3420 1018 4865 2787 972 3517 3727 270 2479 3751 291 312 4707 2871 2043 3300 2209 4689 4668 1873 1907 4662 845 2680 3863 1857 1462 2191 2054 4687 4772 3936 1758 2993 1188 2386 4417 831 2453 4132 1115 777 597 4451 2629 3010 4581 225 4461 4403 790 2560 1497 44 912 848 4320 2493 4759 508 2044 1548 2870 3631 1509 1148 1367 1034 1932 640
2364 4044 2696 1101 4472 2142 3350 2571 4317 1463 2079 2773 2285 3033 2434 960 914 3016 3911 4971 1265 3908 2015 3189 2449 2749 1544 337 4633 562 1863 2256 962 4762 3008 3626 4994 725 1913 3140 4450 3999 3964 1501 1684 3661 4464 2087 2851 103 1448 4207 2392 2473 4323 3957 4376 2382 2650 1368 894 3437 4726 1015 555 1899 758 2879 3722 628 4353 528 1050 4492 186 4669 1811 3856 3213 2567 2998 302 1204 4501 2427 290 3665 236 4409 4723 1631 280 1166 4562 1427 1389 4568 953 3701 603 1602 4558 671 4098 403 4351 4512 4715 3360 1624 1911 3714 1579 1092 407 1479 1292 3121 4312 2519 59 4240 2160 2984 4608 120 1595 2589 2424 969 2817 4844 4490 1343 3728 4057 4106 4907 4808 4312
236 4791 2908 3785 228 1650 2912 47 3669 1929 3200 3333 3305 4563 2552 2686 3322 2436 2947 248 4746 1233 1520 4276 4084 4697 2955 770 3475 2471 2256 1731 1735 156 3385 4723 4370 787 4340 1150 4719 621 3493 1787 2235 2148 2056 2485 3386 2728 4834 2699 3868 4516 1529 2868 4123 648 3889 3469 198 658 4610 1904 2482 3502 4400 4531 2532 1581 2045 1210 2304 3462 2860 3770 3203 1923 3472 4783 1948 2308 1127 491 4257 970 289 2866 4084 1589 2049 1576 2651 3130 4756 4727 4370 2123 3400 4909 4090 2427 3394 1735 4954 4446 1578 1518 1843 3730 3787 602 3409 4507 2473 1598 1343 3349 1410 3564 2153 1261 3879 3777 218 4523 4788 4713 3547 4481 1062 505 1151 2354 540 4612 3075 1511 3064 2892
73 4468 1328 4734 1875 2473 2527 1163 390 203 2293 2198 2069 3539 424 3183 2673 4545 26 2338 1401 508 2076 3670 1553 1884 4032 897 567 2284 962 1735 1155 2157 1565 643 2874 1457 589 3652 3037 2772 2301 2149 1471 83 2030 2993 1034 1003 4004 3650 2851 2452 2703 33 4932 125 4865 1560 1009 339 1320 4954 3086 472 3749 844 1540 4554 4937 2013 1750 2948 4932 681 1273 3845 2557 1360 1372 2864 1610 2839 183 1487 4673 457 1298 1016 415 1786 3793 2110 1411 4653 2396 3875 4787 1815 3109 4625 3430 1019 2504 1198 298 4407 2960 1808 4380 4352 2255 1735 2476 3946 540 3879 4342 1321 266 3938 166 2699 2111 3867 3797 4882 1332 3318 2064 3764 4556 3211 1223 1895 593 2456 573 4888
1524 4605 3266 786 4990 1277 1056 780 3778 4560 4948 2548 3331 2915 3002 3900 3130 4130 1377 1058 4426 2436 1369 4814 1534 884 4309 3366 93 1447 4762 156 2157 2748 2572 4415 3593 2105 4380 4254 4350 3034 395 3021 2795 854 1015 1209 1496 1281 1403 2620 3775 4818 2981 4028 2059 723 830 709 1038 2914 3592 4470 4599 825 2293 2716 4651 4672 3988 488 4582 1581 1167 721 4963 2562 105 1159 510 3958 1124 2175 829 3913 3678 3572 3450 2497 66 3250 2187 2306 4118 398 1341 1647 3429 1206 4172 4130 1459 137 1957 2573 4647 739 1517 3859 4108 2932 2303 2801 3678 1093 4738 4299 2359 3862 4590 2487 4974 3273 2112 3964 38 1422 1567 1955 2883 1157 3555 4974 651 3912 4376 317 1793 4551
4738 3825 2064 4707 1919 1010 2135 2757 4075 3041 2843 1792 1822 2598 2165 589 3901 4814 3920 3750 3738 4182 4244 1021 4919 4735 1147 1694 1368 1680 3008 3385 1565 2572 4971 518 457 628 1843 2238 3216 501 995 2035 4225 3014 1906 2018 39 3529 1396 1363 4004 2354 3133 937 4090 4984 3268 1133 3266 4174 3615 3888 2397 42 4471 4274 3155 2386 714 167 4437 190 4232 982 1459 1607 4699 4619 4505 3949 4783 979 3919 3940 1879 2225 4684 271 3369 4251 511 4856 4887 3012 2317 474 4139 4874 1318 4388 2625 2431 2722 88 2966 861 3462 2682 4178 1542 118 972 742 763 2479 2478 857 3485 4867 130 3999 2951 3874 3729 4104 4178 1268 4469 4638 352 3470 2657 3889 4418 2726 2449 4355 396
1261 439 368 357 1934 2012 1808 3060 998 1607 2876 2323 1660 3341 545 1213 4741 4122 4897 3397 2895 1109 3668 930 3181 3813 503 1758 4960 4516 3626 4723 643 4415 518 3180 2095 3662 321 3540 216 4044 2674 596 1620 3828 685 483 682 1451 1837 155 4887 4192 2910 3086 1790 2783 2635 4727 3121 2250 1854 1761 4086 3687 2705 3151 4929 316 4184 1369 1887 3051 482 4459 3092 3892 4185 624 3688 1019 4702 1363 1556 3290 4369 4722 272 2360 729 1045 4441 2660 1410 1259 4678 4971 2431 3162 2200 4878 2266 2692 1428 4429 3102 76 184 3000 4330 1471 1472 2375 2937 603 1643 190 4388 1953 3970 1811 1890 4117 2687 3101 4568 1466 2377 3104 1953 4862 1123 977 1228 475 2878 375 2213 1314
3807 3530 367 4614 518 4727 4564 3180 2686 98 4497 4977 2422 3595 4608 3197 4378 1451 4615 2256 3755 925 4661 1023 950 1935 3542 3510 377 4145 4994 4370 2874 3593 457 2095 4030 4940 4454 2617 4419 1903 1771 3991 2107 249 4131 748 4200 1071 3667 4429 4177 3189 3490 3276 4054 1615 3592 952 1574 4261 617 4179 3640 419 4173 259 4365 2366 4727 4932 2721 4784 4603 1920 1964 1839 1434 4284 2703 3459 2017 3811 3847 3527 781 2699 701 4017 1961 3740 874 3587 750 4032 3020 1996 2629 3426 1465 4004 4780 558 610 3833 149 2299 1977 1519 3966 1768 4256 2585 4532 2650 1575 3516 4187 3579 3259 280 431 571 4861 2828 987 1312 4875 3687 4484 3678 1002 1648 4852 3916 4574 1878 1341 1526
3940 2611 3917 2273 2185 2156 2827 4164 4349 4339 2455 4766 4979 4522 2071 4831 1928 3417 172 196 4855 2939 1113 2215 652 252 932 3353 3772 3670 725 787 1457 2105 628 3662 4940 1722 2683 1519 4285 1028 2995 3193 2773 2256 2540 3735 4193 1568 3957 3212 4343 2769 3312 4863 3046 1302 1149 4798 1431 3380 4767 2648 3820 2270 1908 4142 3889 2886 2264 4758 1939 2673 3304 4801 1745 3111 1344 360 4404 3991 1472 1549 982 4349 1380 157 325 835 4396 4463 1950 457 3015 80 4058 1823 1068 3138 1069 2343 3585 4470 187 3861 29 4080 4032 3995 1324 4247 185 1391 1508 3279 1084 2671 4940 4737 4366 1640 4760 3453 97 3410 1967 3017 1809 589 10 3438 2218 4564 3029 4917 1161 1137 2333 3870
1840 2974 4584 3185 2699 3402 2832 353 2273 2186 838 74 4425 4517 1874 4686 1701 2636 3264 3945 4914 3316 2347 756 2471 1878 3925 1377 1614 2310 1913 4340 589 4380 1843 321 4454 2683 3241 3020 2652 1388 2810 1524 2209 2279 4324 509 1123 3116 1508 408 3940 3492 238 3339 4734 1825 2009 44 3166 236 2129 4679 4493 3213 3320 1900 1043 161 3425 4554 481 4328 4831 1544 4569 4742 3120 256 4243 4560 1645 2245 1304 2264 1336 4421 519 4895 629 3833 1659 4595 483 3428 4800 3628 1077 3785 4705 918 705 924 2593 3104 2848 2873 4552 3762 3183 4713 1080 2044 1728 4983 2530 3537 1081 1901 2060 32 2406 3136 2946 4330 3777 2814 3996 801 4974 4027 1374 1966 3143 2729 3245 4266 2828 4857
3271 4354 600 2550 76 2252 671 1405 4126 2081 4821 2574 2700 591 2629 1101 3420 2827 2440 97 3030 2654 4734 477 4727 2915 1272 2002 3968 4808 3140 1150 3652 4254 2238 3540 2617 1519 3020 4318 4167 68 4918 3538 1429 2697 2675 3168 3051 4604 3267 2757 3361 1620 207 47 1762 1153 1053 3447 2541 2292 2284 2023 678 3120 463 770 1837 1843 979 1167 1029 1356 1346 3137 1985 1508 4374 4294 3177 145 3192 2289 1050 818 2169 3065 3529 2599 1835 4648 4882 3454 3241 4999 3654 2712 1550 4274 3731 1331 2565 2081 3626 4043 2022 1071 1085 4332 3566 4235 4964 3920 1163 4261 3572 1110 2670 3407 1095 241 1484 1027 753 2178 367 923 949 1445 675 2483 3052 3719 1453 200 2464 54 4836 2232
3056 2977 4719 1833 3951 3257 3109 623 2355 520 877 3557 4654 2944 3254 3726 197 2111 1091 4188 3281 81 936 1946 553 4959 3915 954 4000 3692 4450 4719 3037 4350 3216 216 4419 4285 2652 4167 3659 1918 3439 464 3058 411 2189 4346 4785 3495 2325 3804 3625 1006 4258 2733 4218 1561 3923 2499 4257 657 3478 3346 3367 2976 2472 1616 44 1879 3519 1014 2724 4143 3400 2121 3127 2579 459 4564 2979 3373 4492 474 1087 2799 4134 4670 1452 3169 3601 619 1852 3007 4163 1947 112 2191 3495 512 4901 227 2690 2598 4239 2838 4200 4389 1612 3642 4642 3072 1729 369 1287 2203 2642 1695 3306 3203 893 3576 3964 3139 880 1001 1574 347 3403 2999 4859 2705 2695 4899 828 4199 4776 60 426 2229
4914 1246 92 3307 3861 2822 2614 2653 1345 2416 2185 933 3120 3371 2528 4233 2134 706 1766 1894 1301 4846 475 3770 312 4025 389 1607 4277 4172 3999 621 2772 3034 501 4044 1903 1028 1388 68 1918 494 4493 814 287 4146 3628 1497 4048 1759 1487 3521 4836 4434 3280 3386 584 2248 1612 262 3791 2686 1050 2813 2303 967 2973 249 4762 292 1736 2866 3213 3027 4854 4661 3403 1696 523 964 3822 3804 4343 881 3517 4535 4926 837 4048 1716 1195 2058 907 3396 4691 3279 692 2961 4499 4882 3607 1388 1685 561 2876 799 3022 1602 4263 613 388 1706 3622 504 4749 3154 2169 3524 3559 4196 3470 3733 3964 3097 229 4725 1028 2445 3641 3419 4323 4087 1130 967 3356 3109 217 2450 1900 3393
1383 4366 2140 2127 2586 264 924 1212 3414 2538 3179 3579 923 1125 3912 3026 104 1671 30 1104 2810 769 4385 1428 1909 987 2964 2058 4419 3318 3964 3493 2301 395 995 2674 1771 2995 2810 4918 3439 4493 3862 2968 4537 2444 1439 3962 2009 3683 265 3355 3471 1408 2350 1938 4568 4378 3034 363 2838 4514 1653 3052 3781 1787 3043 422 1394 746 529 1619 4812 3023 4796 1588 156 3714 1375 412 2241 4878 69 4551 2878 2800 3925 117 485 4195 1855 4388 2313 4178 4125 4429 4430 3907 4813 1634 2677 3426 1600 2014 2530 4387 3618 3932 3972 558 3795 4687 991 3330 932 1042 538 3847 238 2769 1824 805 4024 3481 1394 3868 1913 3010 3497 3290 1365 4677 3512 3382 2720 557 3279 1424 1410 49
2052 1188 384 961 1982 785 2359 4679 602 2429 3095 1939 965 4020 3012 2751 4441 2376 4962 3510 1047 1055 1659 3240 3709 1387 4676 4673 2282 3820 1501 1787 2149 3021 2035 596 3991 3193 1524 3538 464 814 2968 1191 1122 1457 1496 3084 560 3181 4603 2866 4648 4717 15 2408 1559 141 2231 767 1346 953 1000 2555 4172 2698 2421 841 4407 4504 1664 1736 3687 4758 870 972 2964 1263 461 2893 2320 3581 755 4204 2028 974 1226 3971 198 3484 3515 3626 2363 342 4620 3214 2293 4359 1722 3759 523 667 4502 4167 4469 3547 489 1268 2224 1137 4570 465 1507 261 112 2227 3001 2751 157 2976 2251 1101 4957 640 3045 3209 3614 2450 4582 135 3431 4126 3031 3849 4608 2711 400 219 2422 2538
4704 4290 1442 2117 4739 3181 208 1808 4183 357 4153 4814 1137 368 2882 2268 153 90 1796 4794 1429 4044 1417 1406 3041 3768 1897 3907 4490 915 1684 2235 1471 2795 4225 1620 2107 2773 2209 1429 3058 287 4537 1122 1406 923 398 1330 4767 4700 1839 224 3776 3351 261 4470 2344 4393 3290 1426 4119 2269 2214 3568 2744 1044 1055 1127 393 1222 1601 4649 1276 3592 782 2305 332 2834 2362 688 1656 4573 2283 2270 3371 2498 3475 2911 366 1804 3160 1413 3539 2099 189 2607 3076 4276 3239 4631 3750 3120 2234 4729 2612 1234 1213 1365 243 4734 2780 1555 2439 801 4765 1311 4012 1103 2465 2167 2083 2591 3446 3214 4344 4272 3881 3302 156 4357 1047 4170 361 2515 1242 2253 3660 4705 2079 3487
2761 523 4030 3062 4567 1330 1018 1614 2031 2807 1821 3817 4054 876 3326 960 2026 4897 4191 2408 1779 3779 4159 3100 4553 2055 2852 4719 1387 2796 3661 2148 83 854 3014 3828 249 2256 2279 2697 411 4146 2444 1457 923 2722 1187 3457 48 3374 3619 3653 415 132 3098 3174 1511 1046 1282 2685 493 2071 1172 409 1672 172 91 4260 1079 4895 1358 145 1686 4366 4441 2498 3552 1936 3481 1205 1106 3692 4809 2552 513 3795 2857 3442 3649 4120 2141 2998 515 1481 1263 2786 2142 3454 1233 2759 1640 4779 2190 283 534 4824 1236 2489 4404 1541 1286 4979 4668 93 3824 3225 3868 3742 435 3088 705 1323 1459 4266 3262 2912 1717 1397 635 4257 1889 3057 4844 2777 4633 1106 1503 1241 1789 610
4557 2311 3743 3766 3178 575 3996 3711 659 198 3379 2543 3265 1596 2287 4236 492 2257 3861 3475 2097 1827 1411 1137 3059 905 3135 987 1602 2037 4464 2056 2030 1015 1906 685 4131 2540 4324 2675 2189 3628 1439 1496 398 1187 3800 4045 1848 2375 3305 2738 2886 3824 3667 786 1213 4635 2331 2021 3263 3124 4512 1082 4288 4740 4521 4584 313 4223 2627 1368 4624 1678 4710 609 2629 3946 2857 2595 1632 3747 3715 4147 1122 2661 610 446 3806 1401 797 2179 541 3261 1619 3270 642 3318 4164 4580 1011 3077 3548 1708 3175 3200 2061 2737 3823 385 2714 4283 1030 4278 1233 3804 4181 3432 3622 4211 782 3118 1281 2951 2661 2450 2010 4371 4388 3571 2981 4413 4387 257 4659 3536 2816 2671 1076 4793
1007 3626 280 3965 4063 4012 4352 3696 1678 3717 1569 1018 171 3304 3964 1773 3762 149 3055 1041 418 2936 4197 600 3188 28 3785 1388 1826 3408 2087 2485 2993 1209 2018 483 748 3735 509 3168 4346 1497 3962 3084 1330 3457 4045 1151 2919 3338 37 1548 696 2883 3185 3111 634 1802 510 2715 2298 2778 2940 4430 3056 4536 3416 3165 508 4135 56 3480 2863 4843 323 2231 4996 521 966 2961 958 3390 2905 691 4996 1255 978 528 3392 2368 1521 3920 2609 3057 434 1342 1876 2223 4564 1118 2410 2427 4880 1666 2237 2784 1372 4313 3574 4276 4205 993 2708 1425 3112 3061 4521 1336 2036 1977 1326 2947 115 3684 472 4444 1200 1486 564 1658 904 4098 2004 3312 2557 3000 3855 2053 3003 2642
433 391 3249 4195 3547 800 4669 2609 4562 928 3547 2197 3090 1499 1507 1921 4641 586 2140 3629 2370 882 4408 668 905 4480 302 1130 2025 341 2851 3386 1034 1496 39 682 4200 4193 1123 3051 4785 4048 2009 560 4767 48 1848 2919 1059 4584 3700 4386 2592 2434 2511 603 1642 421 4617 4527 4165 3835 1472 2525 2944 546 1517 2861 4728 3816 2750 2282 3332 1172 4317 2093 2861 1736 4623 1036 3661 4673 4291 1161 1264 4912 3284 4742 243 376 1611 475 3864 4128 1704 4741 37 98 4483 180 2517 2817 1111 1630 1575 3990 47 116 4674 1168 4420 139 2971 103 3566 4669 1522 3643 281 817 2150 3088 4786 4004 3360 2311 1806 958 2841 1032 2040 4453 2745 991 1078 4439 973 1295 3614 835
4952 952 3713 1390 2244 4920 1397 3233 1205 4134 1687 3506 2185 4330 1291 4438 1942 2715 1175 3844 119 3754 620 4958 1948 4221 1372 3980 3049 3446 103 2728 1003 1281 3529 1451 1071 1568 3116 4604 3495 1759 3683 3181 4700 3374 2375 3338 4584 116 710 431 2189 84 439 1065 26 2499 3266 4039 1055 307 4334 2089 3632 1044 2029 3941 1925 2118 1205 935 863 625 82 4197 4022 2423 3150 2477 3347 890 4912 4681 3549 3119 2526 3175 2200 3842 91 4793 1689 415 2079 573 2927 3843 825 4108 2074 464 1447 44 437 2869 2767 4332 3841 2649 4493 1484 2911 1225 3904 1945 3335 4692 3693 1897 3799 2892 681 1022 2961 2604 206 4047 2386 2826 4878 1052 4903 2365 2522 1632 368 241 4456 3553
189 4950 1750 3010 3709 2469 3816 302 1356 3212 653 3599 2844 3740 4139 3691 2055 926 255 1780 411 4131 2583 2731 408 3742 1695 305 3070 2637 1448 4834 4004 1403 1396 1837 3667 3957 1508 3267 2325 1487 265 4603 1839 3619 3305 37 3700 710 1593 2854 1241 1502 3627 735 793 2490 1391 4896 2206 450 2780 4268 3677 3990 2813 744 3044 3309 4109 1084 2815 4386 452 2526 1918 2170 3692 4685 1168 2588 941 1183 3921 2896 1817 3361 1218 165 2903 313 4126 3521 3059 429 3870 3439 1595 1557 2205 2947 4651 1578 4696 1245 3779 2437 4925 3993 1618 2424 4552 1927 1122 3967 4442 670 3949 922 2307 4293 3884 908 4164 606 2214 3168 3912 2825 795 270 3105 1675 4721 4701 1316 448 3698 4249
1533 2194 3332 1320 1041 3581 4691 4341 293 2657 3252 4526 3686 584 81 1148 4426 938 1868 2918 1065 447 1141 2663 4895 2412 880 1011 1903 1126 4207 2699 3650 2620 1363 155 4429 3212 408 2757 3804 3521 3355 2866 224 3653 2738 1548 4386 431 2854 3818 3271 2315 4547 375 3966 3043 1936 1270 1118 3773 2637 3647 4606 1484 4059 3905 3915 2747 1410 2777 3462 749 473 283 1713 671 1781 3761 547 4330 187 2985 3724 3495 2855 374 1177 2616 3643 2669 4842 1864 4100 2056 1430 3138 1863 4112 2408 702 512 2170 442 3556 4846 761 3427 1779 2439 412 3859 3222 1386 4691 1214 3664 3251 1749 399 1304 2646 4645 1460 2592 4255 3600 4019 716 3955 3984 4304 2270 2799 873 2119 3236 4457 4251
1405 2519 2380 952 905 4797 477 3072 3317 3834 3796 3364 2618 4696 3549 254 4651 3332 3042 2637 1609 1577 545 4867 1261 4945 1449 882 2487 429 2392 3868 2851 3775 4004 4887 4177 4343 3940 3361 3625 4836 3471 4648 3776 415 2886 696 2592 2189 1241 3271 3217 1395 2340 3844 3490 2208 348 4600 1143 401 1722 4005 2743 3727 3264 2048 4549 2889 2183 4668 3987 4304 2115 2633 113 4373 1114 2575 3970 3559 510 1299 2070 3717 3191 1076 2111 1594 4925 1213 2708 1676 4369 2982 4038 3295 860 1360 2224 4280 375 3240 3640 4489 1771 2184 1011 308 606 1166 2625 2176 652 4663 3260 3117 3633 4608 720 2066 2967 2966 2121 3464 3290 4402 4621 3125 3709 2342 3206 3687 2496 4539 1941 4370 2635 2603
2136 800 4600 3139 2697 4425 3773 2060 279 4163 896 2020 4257 4817 2583 1982 4403 4585 1027 4091 4158 3346 359 2277 2877 4750 2522 4139 1945 3494 2473 4516 2452 4818 2354 4192 3189 2769 3492 1620 1006 4434 1408 4717 3351 132 3824 2883 2434 84 1502 2315 1395 4357 1278 1382 3297 74 1152 4077 2864 1842 2500 3301 1846 1928 3468 472 3985 1174 1679 2914 1894 4935 550 745 811 1771 3753 4066 1732 1338 2551 3452 28 3014 198 2398 2270 1564 3880 1910 2618 4031 3080 4095 1369 246 217 4364 3814 1665 1037 3922 4166 4290 3908 4356 4939 3594 3099 2212 3060 4297 3120 375 4198 530 4478 1978 3090 3647 1134 1160 1632 1571 4353 286 3130 3798 2167 889 1712 1851 2267 1605 1131 3684 2531 3305
4479 1668 3521 1807 4780 4095 120 1884 3094 3642 2699 4758 2445 1382 772 622 1168 4179 2596 3802 1486 3288 1577 4886 4394 154 1905 3289 3650 3529 4323 1529 2703 2981 3133 2910 3490 3312 238 207 4258 3280 2350 15 261 3098 3667 3185 2511 439 3627 4547 2340 1278 2861 4627 105 994 1423 1511 2831 2089 4855 3640 4808 1458 2815 1335 178 2042 1366 2142 3569 3114 889 392 2978 1819 2955 1380 763 3418 1859 3187 3002 2366 1157 4141 1884 3449 2522 3244 2113 201 931 552 3609 3703 521 4485 3114 733 527 745 4682 3039 3000 260 4975 628 603 4817 2872 2573 4647 3124 1237 4403 3668 1752 3792 4138 974 3178 4456 2435 3768 1379 3478 3165 569 4119 528 4082 3413 4815 1719 344 4846 744
3042 2480 1763 460 3207 4114 4920 873 568 2350 1824 469 2816 1214 3145 2487 3673 1922 892 915 2380 1895 2908 2973 4749 1584 1004 1288 4734 387 3957 2868 33 4028 937 3086 3276 4863 3339 47 2733 3386 1938 2408 4470 3174 786 3111 603 1065 735 375 3844 1382 4627 4495 368 4325 1468 4665 706 4830 702 4020 4842 527 1963 1442 1921 2109 4348 2283 2430 3980 423 4851 3395 4395 1399 2218 25 4573 2062 4386 2832 3170 2704 597 3343 4689 1459 2566 2319 2399 3616 477 1486 546 3749 4086 916 3877 3945 2207 350 320 2776 3268 4131 1012 2880 2388 821 3564 3547 1873 3593 1449 2740 1303 621 3306 1316 3545 1103 4734 1592 4937 2023 4197 2527 4978 4953 4107 1201 2839 3932 1844 1864 294
3850 3700 966 4403 3369 1475 4047 1201 4047 1126 3686 4992 2204 2129 4201 998 1417 4858 4321 3024 1958 1580 116 3697 1366 2819 941 3219 1084 3783 4376 4123 4932 2059 4090 1790 4054 3046 4734 1762 4218 584 4568 1559 2344 1511 1213 634 1642 26 793 3966 3490 3297 105 368 3831 4526 2675 3832 507 865 2578 1355 2801 4308 421 2515 2240 4069 3072 3252 2000 3483 3449 469 2479 261 682 1618 863 1028 2370 2618 288 4578 3187 109 4863 4364 1540 3968 783 1630 1546 1311 1064 3467 1457 3622 3208 1644 4103 2748 2825 3396 4150 319 3703 2854 2057 4119 4615 3260 1706 131 4161 1591 1813 4315 2816 4051 4630 4854 1102 115 876 4210 1155 1205 1250 4315 3618 2055 813 252 2134 4690 3539 251
236 819 3963 93 4941 1225 435 2139 1744 4722 4247 287 2610 4452 1548 2580 2591 1620 488 1949 1911 4785 81 752 3663 626 4601 3491 3977 4731 2382 648 125 723 4984 2783 1615 1302 1825 1153 1561 2248 4378 141 4393 1046 4635 1802 421 2499 2490 3043 2208 74 994 4325 4526 3893 2856 1001 2777 4045 311 3725 2724 2370 4546 3889 1619 877 3405 1765 4088 4856 4695 1135 717 2349 4854 3083 1859 4416 4281 1068 26 4644 1247 882 1582 2286 4462 4701 3950 4641 4647 1295 2996 3930 1731 1056 734 3624 1969 213 1404 949 1173 4944 2593 4625 2813 2456 1277 4912 362 492 2278 2066 1379 368 2998 1066 1160 829 2298 3963 4709 355 4139 1159 2818 3898 3091 4854 3838 645 3273 4214 537 2282
