N: 140
M: 20
Symmetric: true
Triangle: false
5 59 103 47 126 14
7 5 55 110 22 35 107 74
9 109 123 38 119 37 9 12 4 138
5 64 111 65 130 53
9 122 36 100 85 69 97 62 88 40
8 118 82 51 75 30 24 13 99
5 129 70 2 21 91
6 17 80 33 136 60 48
5 135 134 45 115 120
10 10 15 3 125 8 56 79 113 50 112
9 57 117 105 102 39 137 133 116 71
7 27 49 121 90 68 127 43
6 61 58 52 131 101 34
7 23 81 128 95 76 46 140
9 139 6 108 67 78 54 96 77 92
10 114 7 104 86 72 25 132 1 11 20
1 31
10 16 87 98 44 124 73 32 89 106 66
5 63 93 18 42 84
7 19 94 83 28 41 29 26
856 529 4875 2344 2141 4868 4974 2584 1125 1515 4048 932 4410 1548 911 4684 3014 592 1471 2861 4187 1245 4820 2870 1628 4278 22 366 2015 1312 4937 3326 3958 4146 2502 1211 4949 4500 1215 670 187 426 3744 4594 3941 911 4179 1464 4076 37 1112 4876 1348 998 3730 2201 3872 364 3977 2406 1916 3026 4075 2557 4125 605 3836 2467 2957 3914 549 2024 688 119 4099 3101 2526 999 2142 596 397 1132 1333 2839 2547 3921 2262 2734 1178 435 2452 1806 3144 2988 4851 69 3456 4951 2871 2411 3380 1566 4944 2007 2959 3668 2571 2841 325 537 2157 3501 4265 917 2567 4231 776 4273 4414 1985 4059 2558 25 3529 1615 2881 614 3149 1683 4016 4821 2055 2661 3701 4452 1608 2143 1216 3047 1689
529 310 1953 3553 3474 3580 3592 2964 1534 209 3842 4104 2143 1676 3424 3597 664 3036 1713 166 3031 1753 67 4089 1715 3746 3125 253 2790 1651 137 1680 4191 3429 4085 891 4835 3480 2253 3556 132 814 4827 3491 1511 236 3341 2067 1994 3078 4957 717 2230 4403 3171 4718 2443 3803 310 1641 4127 139 3377 4117 4419 919 3823 3157 3515 4358 2536 2386 3598 340 717 1936 3254 2486 1418 260 2213 2660 920 4958 586 1908 4596 2477 2930 2720 2437 2661 341 3186 4515 2972 3953 2096 2530 2199 1982 4516 4788 380 1855 2482 1879 4011 2926 3473 4723 4158 4374 4837 1883 735 4664 3387 3260 3862 435 4239 3158 222 1445 3804 4416 3660 1334 477 1749 1112 1739 4741 4255 4585 3676 4858 2019 4761
4875 1953 2999 530 664 2260 2912 409 916 1140 3967 3340 2827 4847 1771 2847 2372 1573 626 1750 2159 3885 2800 2469 4204 3498 1816 66 3665 2291 3389 1975 3625 2812 4415 1201 1265 1028 130 3906 831 3394 273 882 217 4171 2313 1276 1140 1625 3739 3274 26 3057 2477 1712 1999 3980 837 2842 1962 403 565 4382 2481 3013 3042 4839 2805 175 2860 4258 3429 2989 687 3579 353 3891 540 4745 3499 3437 1405 4944 2198 2006 316 3185 585 205 1130 4686 4759 3379 1686 4385 1472 1484 2232 4184 3954 3928 4154 1581 161 2116 3788 3255 4989 4364 611 2691 4544 3326 4734 4318 4872 3642 2991 1201 2880 3245 207 3925 48 577 4605 2582 2486 2206 1955 3582 959 3418 4601 4794 137 4108 700 3457
2344 3553 530 740 3087 177 2872 3160 4582 608 3879 3008 3670 1017 4421 858 3827 2994 810 4502 169 4393 2382 2725 2140 4851 1934 1224 298 4450 3817 3675 1121 497 3812 1294 3502 1061 2228 4023 4064 4836 2274 4148 4949 1672 2468 3558 4343 4524 2847 4437 2480 2522 801 3478 713 4834 2954 696 3441 1743 371 1556 4806 4129 2816 580 4111 2945 2366 3997 2564 2779 2859 655 2484 2115 3938 4373 2245 2541 1236 2740 3295 4834 3485 2933 3842 393 4032 3905 2723 2572 740 2750 1134 4326 2889 3650 1872 2592 1632 1310 1287 3621 818 4447 1958 510 894 4921 2471 4864 4580 1224 4757 46 4890 4504 553 4187 20 2170 4130 2072 40 460 362 3171 3270 3944 2648 785 1656 2181 4209 578 704 1756
2141 3474 664 3087 4214 2644 821 682 4269 384 3011 1320 484 2699 4904 103 3458 2197 3834 3694 2687 506 2861 1667 551 1080 3498 728 1731 961 1819 1222 378 635 4335 4873 683 4189 3865 3578 588 373 2634 3413 185 2635 1674 1569 2018 1348 710 3706 4144 2386 3089 1602 2146 3197 1858 4661 3579 671 4688 4050 3738 3980 4404 4386 2525 1338 2773 4727 2319 2436 485 4107 478 3737 2282 2991 2442 3466 664 338 3597 771 1559 2135 1542 3810 3782 4574 1797 2782 21 959 1059 1720 772 3059 4781 277 1078 4523 4897 1917 2882 3902 3731 599 4194 4989 4027 1505 3126 2023 1741 4497 1934 1448 1025 2549 2765 3934 1703 3941 2575 1834 3426 252 1261 1578 2329 4353 198 4410 2876 4024 2679 3558
4868 3580 2260 177 2644 4231 3419 4175 128 3807 2694 112 365 1247 3319 2787 2298 128 3086 177 1178 3911 2803 632 237 2474 3020 347 2789 2642 3262 1255 1535 2480 4694 1265 2059 120 616 3641 3130 4702 2321 493 3434 4207 2641 3812 4198 1874 2863 1579 3326 1697 3165 3187 3551 1008 3311 2293 1576 4356 1328 1183 4180 1948 895 2027 3859 2584 440 420 2278 2926 3871 2737 3740 1387 3119 2727 260 3755 3587 3584 1997 949 2550 3358 3778 408 848 3988 1722 35 2912 4776 2324 3953 381 4942 3269 4723 799 2050 1859 3656 621 3514 2279 3808 173 3960 590 612 1191 3972 2431 2304 3219 3313 3066 735 3958 1692 70 4914 4231 1691 2824 354 4676 4099 1090 4012 2645 2855 4090 4857 1643 3260
4974 3592 2912 2872 821 3419 315 1897 3049 3768 267 3736 3697 2344 3621 4380 676 3070 99 123 2662 2477 1888 4080 4393 4208 2455 142 4939 3450 1424 172 2120 1179 3344 1350 324 834 710 4205 292 3500 4902 942 1763 378 4697 2068 4235 4620 1275 195 247 433 2521 3753 2304 4467 424 1593 339 3685 2510 2758 4492 2140 3554 934 3517 3787 1272 4608 1366 3598 1903 3082 2675 649 2851 2532 4327 91 744 3622 4812 2700 1567 1954 2917 3951 623 1562 761 1228 3666 4608 1668 1302 4929 3162 4845 3908 3994 4763 3488 1899 2149 1343 1760 592 1188 1083 762 3528 1847 2809 2576 531 343 927 2895 3693 2865 2398 3509 4781 2004 4963 4322 3611 2284 613 4635 2444 2857 3297 1180 3719 932 970
2584 2964 409 3160 682 4175 1897 2940 2501 4303 1152 3227 1317 2391 1261 4630 3293 3662 4136 2949 2662 2312 2026 3328 2976 3746 666 3313 14 2142 4709 1790 4088 1325 2287 2142 4264 518 1194 4630 2131 3818 1423 2198 1665 2728 4847 1284 1541 4716 4237 1876 2410 444 3868 1007 3248 4648 2506 1426 3848 608 940 1798 3598 2962 4071 192 2533 3140 4473 4307 2411 2330 25 3305 3007 846 2152 2748 4315 2390 3293 4527 802 4168 4573 1318 4094 4681 3390 4785 1824 3685 4945 510 3635 2102 4098 3990 2570 859 836 2689 1569 4480 1575 1162 2599 4909 1968 4060 1416 2230 3648 4887 622 1626 1372 1189 1261 4656 3676 3553 1430 3742 3944 684 4659 1373 1865 3642 2074 2889 4605 1642 4326 4647 1033 2533
1125 1534 916 4582 4269 128 3049 2501 1480 4930 2515 3490 1766 1261 2069 2482 3055 2027 408 4623 1904 4703 3213 3429 2098 3831 2235 3540 1758 1020 1887 304 4439 3685 1849 4925 2120 368 56 4340 2154 2679 268 4725 2319 303 117 885 1964 1298 112 2812 1405 4733 3985 1515 2653 2901 1092 2137 4259 1066 1584 586 759 3301 1454 4380 2166 3204 898 2831 1138 1945 4454 3701 4709 2954 1596 2299 2029 3983 4886 4974 3592 3120 3759 973 2162 470 389 1659 1956 4664 2656 3960 2922 534 662 4137 3881 2090 1283 4968 4869 1481 1137 1376 251 4110 1772 1015 3179 4217 92 2896 493 1403 1608 3123 4232 4211 2330 3366 3073 3808 192 2718 2689 4844 1393 167 707 4678 1065 3062 3915 4436 745 1713
1515 209 1140 608 384 3807 3768 4303 4930 875 3452 4247 2731 714 3582 1446 1423 1333 82 513 1771 360 3295 3452 1566 4038 2756 1919 818 1989 4447 615 1980 2015 2271 3228 4837 2413 503 178 3440 1104 4542 4096 4522 2047 4046 2933 2289 461 156 2481 1926 1234 2845 3232 661 3552 2477 896 807 3975 987 4773 511 533 3994 559 2375 1130 1259 3055 1501 4513 1967 3397 3314 1920 4662 1953 3935 1424 2206 2823 4206 2031 2748 529 4570 3379 1311 3186 3123 159 2076 1778 3715 3173 1997 3109 4818 845 4719 4862 3813 2109 4481 549 3827 3816 3318 3472 3468 2212 536 2960 4296 4477 2135 4567 4474 3655 1722 1795 3586 3869 3811 4540 2959 3962 3573 1000 3469 2121 3792 4692 316 3632 2112 1264
4048 3842 3967 3879 3011 2694 267 1152 2515 3452 4093 3289 2051 2087 2360 2589 2208 4162 4282 4553 579 2516 4699 1808 2433 985 3341 3302 3534 3630 1281 1580 4525 1252 3386 4550 2147 4406 2154 2192 1553 1077 4130 4766 2867 3933 4780 832 4472 892 3261 539 2486 2687 2869 1543 4058 4009 2842 2341 682 3267 3028 4517 1629 1185 4259 3770 2855 1897 4326 3735 94 550 4659 2303 525 2369 4549 3824 2339 1309 913 4601 923 1425 3015 4721 3134 1067 1398 4698 2246 3335 4259 1312 914 2717 3218 4016 2236 282 4413 1493 2976 2276 4248 2137 3825 2676 2517 298 3491 2346 901 855 3720 1210 1081 3659 4194 1473 3912 419 4124 2983 1878 3427 4709 257 657 1370 3304 127 3344 1966 4802 3036 1256 535
932 4104 3340 3008 1320 112 3736 3227 3490 4247 3289 233 3871 845 1035 1904 4866 1508 3002 3215 1108 1821 4383 912 4520 2131 899 4721 1414 2062 3889 4145 4348 1916 2980 4057 2191 2812 2467 3770 4670 3957 4441 3815 3016 1148 832 1181 4749 412 1492 4175 4712 4810 2175 2207 3306 1448 2768 1551 2140 3077 1121 2962 3243 1947 811 2148 1098 3983 4084 2162 4999 1729 4356 3197 1144 4938 4379 4857 282 4613 137 3783 2708 4080 3143 97 2380 193 4183 3247 1427 811 1420 2253 1124 2051 4970 1893 834 4440 723 2471 4094 401 3475 1012 2865 2787 4464 2611 2022 2535 2602 1306 679 4307 95 2918 3032 1608 2170 4687 3104 4250 2360 1472 1928 4531 606 872 3188 2523 2209 3163 4301 4975 4466 3781
4410 2143 2827 3670 484 365 3697 1317 1766 2731 2051 3871 306 231 4567 60 2589 2744 2353 3929 269 2818 1392 4831 877 3352 1658 1847 505 4086 2374 2966 4064 3591 3573 4283 439 2249 741 4950 2584 4126 4352 3646 1367 3552 3416 1601 2390 1525 3762 633 1163 1320 2332 2640 2806 1038 4151 3950 857 4816 4392 4844 2706 20 4188 168 1986 3341 4106 3888 2508 4729 4319 2837 1553 4702 873 2856 3470 4848 835 3968 1861 2306 3121 801 2638 4431 1502 3232 3990 1226 4085 3121 3640 4054 1139 3828 2256 2195 627 946 2452 939 147 2947 3195 3144 2107 1656 2689 1644 4601 2757 2782 3010 4419 2296 142 703 2503 2064 380 4539 1023 2056 3850 2243 152 2199 4681 3948 1363 4319 3827 83 3091 783
1548 1676 4847 1017 2699 1247 2344 2391 1261 714 2087 845 231 1464 1708 3686 887 1586 661 3565 4219 413 1156 915 2210 1553 3280 786 970 3303 3384 4257 2796 617 1630 705 2828 2242 4563 4105 647 1902 3198 4384 2645 32 3573 856 622 2362 1256 1553 4235 137 4364 1080 4220 3995 2723 546 1156 1547 1220 1047 1870 957 461 1041 2834 3946 3545 4450 4920 286 3499 4867 3233 3924 3481 4431 2974 1336 2618 4437 2334 1543 3553 1710 2316 2524 3984 3383 2000 4199 1753 4111 169 2817 1377 570 3578 4656 2716 275 51 2599 2077 1445 1554 3419 2482 4128 3205 208 2224 293 2012 3246 1316 4670 2963 312 1328 2335 3212 408 443 4244 3458 3546 916 3406 4606 3586 2541 3297 956 1976 4830 4029
911 3424 1771 4421 4904 3319 3621 1261 2069 3582 2360 1035 4567 1708 740 3713 4568 4515 1446 1424 509 3050 872 4602 1510 2852 2932 3104 2551 3560 4672 1635 103 4696 3623 3391 1380 1749 2322 1367 3407 2777 4251 2729 2913 2332 727 4716 3190 4827 4629 1568 847 2951 4970 388 3864 1151 426 1106 3144 2112 1052 4811 3611 129 4278 1716 2181 916 4283 817 4476 4779 1915 1539 2347 1898 4204 1029 547 368 3905 4498 4835 1183 2317 3334 1597 1803 1032 4921 3557 2811 2304 4325 2210 2483 1984 3814 3346 4202 4525 1305 3544 316 2643 3502 4738 1657 1624 4142 4823 809 3117 2164 2379 1850 2484 2093 1188 4836 301 4617 2600 3879 1530 32 4232 1819 4972 4605 896 2669 72 4748 1485 4238 3043 315
4684 3597 2847 858 103 2787 4380 4630 2482 1446 2589 1904 60 3686 3713 2644 3502 295 2004 4734 2398 1812 2744 4959 3801 618 4986 659 3708 2689 20 4067 2531 3809 268 2528 2030 1665 4490 4050 2222 4153 1605 2435 134 1042 2662 2533 1589 1738 3515 2072 26 610 1961 4915 3792 2615 3867 2827 1933 3866 1983 3076 2071 519 43 4262 2004 4414 468 1971 2951 1935 4877 4519 4954 4069 4639 834 1032 4751 4525 2521 2581 4258 4469 1977 656 2071 3900 4133 4907 4265 1363 1584 3328 2364 2716 2264 2952 4509 1933 3622 4386 4749 2678 3685 2625 2600 2985 2798 1697 4292 2670 404 3279 955 524 4915 2241 4687 2311 2292 1708 792 3028 3074 2598 3330 3569 4293 4210 4938 1556 4086 2014 2796 1098 857
3014 664 2372 3827 3458 2298 676 3293 3055 1423 2208 4866 2589 887 4568 3502 2464 4841 3009 4871 3800 4511 1603 2812 190 2659 3766 2562 2306 288 3891 1620 3240 58 1315 4029 4564 4063 1402 3725 1112 426 1606 4995 3042 4521 880 4747 3093 3019 2109 4101 950 2558 3696 3150 1469 2395 3185 1837 1238 352 103 973 1571 1630 1176 1790 4893 2770 1407 341 1128 4714 1806 3494 362 4212 2483 3269 2823 1371 4477 1676 95 3739 1103 1016 4521 2120 4550 4493 731 3775 2324 2803 1385 3998 3643 1279 3794 2541 3686 3335 1780 1900 1206 2914 2047 3566 2663 947 3059 4100 3645 441 2785 2953 2084 1050 4561 1078 3705 4759 3291 2706 1716 4825 1859 3169 1345 4103 540 4642 3007 2507 3058 3610 3134 1068
592 3036 1573 2994 2197 128 3070 3662 2027 1333 4162 1508 2744 1586 4515 295 4841 2486 2440 3356 1839 68 4924 1272 4212 672 3992 4652 3153 1638 3389 2071 2987 3418 826 243 2659 709 986 1816 214 4288 2465 4192 2442 1088 3398 1052 2350 4562 3117 3082 1075 2900 266 2882 1014 429 1571 362 4679 3944 2230 1398 3363 3463 44 1549 210 4632 917 3248 4658 3798 1104 1963 1924 4951 555 3456 902 1205 156 2892 1049 2949 2067 906 2609 1745 1170 1002 2657 753 1488 2320 2645 4780 2309 2031 3166 3832 3712 4984 4174 2615 579 412 2873 1155 2590 4166 2385 462 3136 3552 1304 1082 2582 1774 3624 3194 79 197 184 4982 2667 4589 2261 2359 3455 4416 3303 1554 2808 2465 2473 1615 790 1893
1471 1713 626 810 3834 3086 99 4136 408 82 4282 3002 2353 661 1446 2004 3009 2440 893 3866 1337 266 1207 2240 2088 2438 468 3377 4241 2789 499 2465 334 1903 2982 2917 3595 4627 4260 1739 3193 2724 2388 2534 1995 473 2262 1871 776 4203 765 4209 2036 3164 4199 766 4075 2168 1636 4352 4938 3479 1189 3235 4986 1666 4207 330 3445 1220 3551 1295 4890 2998 3065 4534 547 1241 984 4798 1331 2235 3027 1792 2810 3925 3306 578 2175 4231 4640 2075 4281 4789 4959 1765 3510 2723 945 3955 1401 1678 4239 1485 4021 644 4367 4038 330 1989 3474 2195 132 3611 3432 396 993 1336 3799 1024 3299 739 920 4221 2066 2732 649 13 3544 2104 4552 2422 1701 4637 2251 3326 1139 4440 4404 337
2861 166 1750 4502 3694 177 123 2949 4623 513 4553 3215 3929 3565 1424 4734 4871 3356 3866 3381 3369 4074 679 729 2361 3108 4681 4008 960 3499 417 544 2354 2550 1094 3102 3811 1446 4721 4164 2588 3487 1942 850 2510 2563 345 4220 1457 3855 1661 1982 1315 4477 1871 296 4628 1900 2657 1771 3832 3295 2076 3324 3896 3321 2004 924 4462 1574 3162 1889 3956 2982 1507 993 774 4927 399 4057 1260 146 130 3457 4087 4908 3842 1635 1104 3397 1127 3872 966 4720 4933 381 231 1388 4142 4279 4831 467 3551 2291 3008 4344 3155 3693 4445 827 2565 1862 461 2639 1744 2442 3698 3162 3749 95 2663 3775 1697 208 3842 525 2610 4978 2661 4907 1397 735 292 1570 4811 2067 4881 1072 3985 3848
4187 3031 2159 169 2687 1178 2662 2662 1904 1771 579 1108 269 4219 509 2398 3800 1839 1337 3369 1057 2184 1944 2114 1205 2190 3670 2098 4748 1452 3537 1691 4977 782 2907 4102 4142 4715 2490 3416 4210 355 1244 2237 103 2489 1147 4344 4789 995 609 1622 776 3885 2392 3647 976 3203 2500 4897 56 96 4105 1176 429 2762 1483 1427 2589 4077 4676 2432 3869 1650 3093 914 3674 3324 1244 13 3151 3396 295 2118 4405 4953 10 2424 3061 1994 4154 3196 2363 4924 1540 1356 2219 3280 3915 3692 2642 1391 495 4486 3184 3586 3756 3112 4606 1674 3004 211 204 3707 3683 2446 3026 1854 4665 2092 3002 3706 2171 4290 4380 2608 121 4455 4085 106 841 1338 2708 1398 481 3973 1917 2152 3745 1562
1245 1753 3885 4393 506 3911 2477 2312 4703 360 2516 1821 2818 413 3050 1812 4511 68 266 4074 2184 3374 336 1927 305 1119 3544 433 2225 4334 3503 4082 541 2341 3875 1436 1149 3391 2782 4117 2953 2918 3030 3452 211 1969 2902 2209 4088 4821 3743 3621 2836 1976 653 1965 4241 2531 236 2904 1479 4514 546 228 2468 2910 1917 477 3877 3765 1913 2632 360 346 143 2818 3043 2271 4857 3078 4558 4437 3224 4167 3031 1077 737 4962 2724 1473 2106 2302 239 250 4147 3565 1364 2311 476 2221 80 3721 4759 869 2779 2948 2423 1898 385 3937 4536 2225 1310 4375 3726 4051 1092 4359 2095 2201 1639 2159 1646 4262 182 663 683 4047 541 709 2807 2903 1773 3368 3966 1271 1872 4392 22 1689
4820 67 2800 2382 2861 2803 1888 2026 3213 3295 4699 4383 1392 1156 872 2744 1603 4924 1207 679 1944 336 4175 2637 2461 1310 4076 2121 3839 4294 3864 1592 4416 3619 130 2563 1134 3724 2826 1894 4108 3022 4746 1197 451 105 866 2393 3697 3032 23 3493 2767 510 76 2079 4433 1469 2483 4160 1571 1535 3396 1227 4528 903 4952 4389 1245 1221 1830 978 4615 2491 2707 952 3784 3856 1945 4660 853 4840 997 4484 3102 4270 2657 2770 2498 3478 3434 4907 2236 2456 4331 249 4961 1980 4367 571 3584 1794 1547 680 126 4588 3930 1948 3175 1099 1744 1198 968 819 1943 1871 1571 4862 3306 1745 4361 4415 2403 2714 1255 3042 2575 3257 969 1639 2414 4347 256 4635 2816 390 213 1713 3763 1307
2870 4089 2469 2725 1667 632 4080 3328 3429 3452 1808 912 4831 915 4602 4959 2812 1272 2240 729 2114 1927 2637 4233 4482 1237 3714 2690 4894 2356 3820 88 4159 2942 2653 1777 3065 4910 682 2189 3765 4907 871 3861 2366 4051 4628 3333 1610 4700 2148 2847 3558 4875 4255 4639 1992 4929 3628 3107 3590 1234 3390 347 2451 1580 2138 3421 3828 526 2861 4629 3660 898 875 1351 608 603 4017 573 4535 1797 3936 2652 2057 733 747 1898 3312 921 2301 947 4872 3345 4591 2804 322 120 1532 525 368 263 865 2004 363 3469 1967 1609 2328 1481 4595 4960 2804 3787 2770 695 4968 816 2271 2356 4693 3017 2825 2734 3278 1063 2661 530 4059 1804 1306 2774 3231 2832 1554 3230 1737 457 1984 2318
1628 1715 4204 2140 551 237 4393 2976 2098 1566 2433 4520 877 2210 1510 3801 190 4212 2088 2361 1205 305 2461 4482 1589 728 2057 3231 2911 3403 317 2669 4114 1694 4448 2492 4879 4887 1526 3399 4090 400 3363 417 3836 3189 1419 1516 190 283 2243 4877 758 3889 2396 2941 683 785 4674 3142 1150 1558 3549 4072 4356 1592 836 1250 1439 4891 127 2417 3714 1515 4261 4661 4027 1235 2902 4648 3435 917 586 4307 2558 4359 444 490 1790 2254 4234 2236 2358 3659 871 3731 2880 3341 3580 4727 1811 1223 3017 3154 4379 1241 1669 1425 3721 3038 3715 4449 1301 3518 3928 471 2899 4428 4876 2653 2378 2983 986 921 1587 4277 1160 436 4986 212 3677 1176 50 2192 17 4990 2558 2601 4984 4139
4278 3746 3498 4851 1080 2474 4208 3746 3831 4038 985 2131 3352 1553 2852 618 2659 672 2438 3108 2190 1119 1310 1237 728 4792 1278 347 2994 90 4997 3608 419 127 3049 2241 1900 2558 977 1645 41 4767 2749 4489 156 438 1410 4583 3676 979 4788 2141 4859 2699 2943 4832 1094 4759 1011 3946 4238 3298 4792 4323 2025 4108 4235 750 2478 4375 3301 1814 4278 4612 2688 1212 1554 3842 1911 3024 679 1330 4050 925 3917 1816 2204 2133 472 1325 3944 4497 3565 372 951 3616 1039 3728 1578 3351 1131 3694 1201 4200 641 2877 4468 882 2771 4687 4079 302 2143 1545 559 4065 4828 4320 3252 866 1694 912 1422 4849 4280 3096 4589 1995 3633 1715 1182 379 4302 4888 1081 363 996 4399 4625 3381
22 3125 1816 1934 3498 3020 2455 666 2235 2756 3341 899 1658 3280 2932 4986 3766 3992 468 4681 3670 3544 4076 3714 2057 1278 3139 1008 2456 1301 3569 2706 2041 3440 3919 4754 1854 4754 3499 1842 2404 1343 3121 1501 1417 898 720 1420 2495 590 861 418 2379 417 687 1169 4280 834 4343 1208 639 1285 1611 224 4165 4275 3618 410 1438 1957 3853 4847 1390 1842 915 1922 3029 3303 3336 2712 3892 1863 1805 315 3677 4983 4613 457 2944 3702 4428 714 3468 668 2365 4477 3369 1530 63 803 2495 4651 2009 4153 1209 2139 3427 1568 4304 3631 4032 502 4136 2400 2167 2184 2725 216 3364 3306 4824 1321 100 3567 1342 843 4666 157 3679 1086 3428 3206 3703 1120 2283 2552 838 3310 2752 3634
366 253 66 1224 728 347 142 3313 3540 1919 3302 4721 1847 786 3104 659 2562 4652 3377 4008 2098 433 2121 2690 3231 347 1008 2377 3706 1293 964 1004 1498 4305 1921 1042 3823 2593 3173 3415 1299 4502 4437 2716 1104 2693 1486 3492 3503 1090 2884 164 1153 1356 3112 4469 394 4187 2609 1029 4486 34 734 2044 3277 4379 4778 2913 1461 1425 2312 1913 3848 724 453 58 50 3939 4981 787 2453 4488 103 549 1112 13 1476 4175 4020 3892 2998 2680 2974 2114 3851 893 1817 2028 4443 3420 1126 4467 124 3392 4191 2457 3366 1553 3802 3579 990 3348 4349 1235 2987 1614 665 4601 3317 4379 1857 2167 4407 2406 2560 494 4680 152 3952 1394 2486 4497 4272 4287 3268 2721 2070 3583 152 4213
2015 2790 3665 298 1731 2789 4939 14 1758 818 3534 1414 505 970 2551 3708 2306 3153 4241 960 4748 2225 3839 4894 2911 2994 2456 3706 1000 2734 903 4210 4088 401 3993 1171 3977 893 888 4863 4447 2026 4272 1930 1728 4987 1913 2916 722 4358 3827 4222 2121 239 61 2683 1710 1762 577 1344 3309 1923 1861 3754 2566 1194 2796 394 496 1415 247 4816 3699 4635 2552 177 2109 2839 1251 2591 3896 3466 509 100 1504 3259 56 767 589 3945 1146 703 2704 2283 2179 1339 268 4789 3516 1059 2946 1625 2205 3584 1281 3064 1560 3867 2644 508 4864 4586 3302 2060 3445 4868 3395 173 3453 3112 4506 3515 3740 2610 3833 1263 4537 3209 4766 2246 4224 2949 1900 2913 1056 3701 3700 2966 1516 4508
1312 1651 2291 4450 961 2642 3450 2142 1020 1989 3630 2062 4086 3303 3560 2689 288 1638 2789 3499 1452 4334 4294 2356 3403 90 1301 1293 2734 2775 4630 3394 2613 2307 403 3348 2544 4704 1774 3875 4919 3343 52 4654 3467 2686 468 4298 4811 3871 3759 677 4250 4341 2294 386 228 4290 1802 1446 3743 2100 4581 419 4650 3353 4339 1023 1975 4492 431 4548 4337 2229 4055 4054 3157 1066 4753 677 1960 3468 2452 861 1092 1281 2139 59 1438 565 2466 4461 4917 1438 1365 3163 3616 2279 1908 4744 2361 1534 2466 984 3358 2883 4707 62 1928 2701 2180 1886 2520 4842 3088 1535 3303 3148 2822 4968 4923 1744 1067 2732 498 4802 4859 1522 4595 75 1333 4163 2728 4802 257 4287 2377 4117 1926 242
4937 137 3389 3817 1819 3262 1424 4709 1887 4447 1281 3889 2374 3384 4672 20 3891 3389 499 417 3537 3503 3864 3820 317 4997 3569 964 903 4630 4383 1906 4142 1364 2791 437 4925 3706 4904 3395 2968 3369 3225 3511 2896 4717 301 2441 4977 2490 968 2658 645 2819 3843 4870 3778 1442 2867 2016 622 2031 3875 3060 382 1393 2441 1942 103 1105 1065 2014 3248 4136 4116 2318 4480 684 3500 141 4427 875 4708 294 4418 1388 4414 4359 143 1045 3466 780 766 4099 521 1586 1253 3914 563 757 607 4819 2505 3354 2186 2687 3332 1194 1873 956 1434 2338 219 1780 2727 1440 4240 2197 3334 1098 2244 1226 2883 2970 674 1582 2847 2845 2535 3555 2109 4381 2002 3398 1297 3883 1884 2194 595 847
3326 1680 1975 3675 1222 1255 172 1790 304 615 1580 4145 2966 4257 1635 4067 1620 2071 2465 544 1691 4082 1592 88 2669 3608 2706 1004 4210 3394 1906 3098 2619 4676 129 3875 2856 1774 1497 2899 4813 4636 543 2588 964 4525 2457 2035 3184 4485 251 613 3446 3354 3061 3059 3833 3725 3750 2554 2842 369 2152 2467 4076 3456 4349 4629 3665 3264 4334 4783 1690 4000 2033 3537 1541 4179 321 3861 1046 4275 465 1530 4123 2480 4631 957 991 2745 4752 269 3283 2695 1408 3628 2094 885 4064 344 1261 1827 631 4966 4802 948 4057 4867 905 3863 1554 441 1887 267 712 1036 2746 2975 3819 4037 1873 3412 2152 4169 3559 501 3312 1468 938 426 1303 1711 3345 1281 2260 1207 2326 3900 2252 3438
3958 4191 3625 1121 378 1535 2120 4088 4439 1980 4525 4348 4064 2796 103 2531 3240 2987 334 2354 4977 541 4416 4159 4114 419 2041 1498 4088 2613 4142 2619 1392 1033 2877 4259 3905 950 3961 4658 3668 2652 2896 3998 4838 2662 2918 1988 2953 4140 1115 3665 4816 387 1581 2621 1224 3088 1731 4915 1782 1105 1725 3478 3107 4743 149 1313 628 4973 708 4414 4314 2893 4177 471 1565 4888 697 1601 497 4912 3028 3914 443 1652 2484 2738 3817 3073 784 1181 3337 3835 2015 1132 3222 741 3512 4782 3449 3909 911 109 958 751 4397 2059 2079 2070 3866 418 1335 365 913 2337 2749 4643 3159 3072 1807 4215 2166 1236 2381 2241 1857 1501 3719 4280 4440 1029 1453 2825 1081 2346 2172 1106 144 1599
4146 3429 2812 497 635 2480 1179 1325 3685 2015 1252 1916 3591 617 4696 3809 58 3418 1903 2550 782 2341 3619 2942 1694 127 3440 4305 401 2307 1364 4676 1033 1108 2610 678 1582 1001 2691 4330 3904 1887 1439 4751 2258 1473 250 508 374 3497 221 4454 4985 4526 3936 3305 4322 333 2333 1460 2050 4351 2835 1197 2523 1418 1251 3835 352 1606 304 2664 65 3043 472 4348 1716 3853 3554 1894 580 4571 765 3399 1022 121 2657 1771 915 4954 477 4235 221 3940 881 911 2615 2178 4165 4339 1732 1718 4638 3414 4791 829 3546 4835 383 4327 3553 4900 4207 2298 3388 425 981 2548 4097 4904 3501 32 4033 4123 1912 3613 2030 3854 4810 4248 3030 2530 3901 3285 2374 2963 4207 3705 100 222
2502 4085 4415 3812 4335 4694 3344 2287 1849 2271 3386 2980 3573 1630 3623 268 1315 826 2982 1094 2907 3875 130 2653 4448 3049 3919 1921 3993 403 2791 129 2877 2610 940 1077 2965 146 4532 2791 1939 443 3036 3443 4856 2454 3184 1382 276 4414 857 2014 1988 2337 478 3628 623 2404 2372 2096 4515 3949 1003 1598 1652 1528 2575 3429 2222 3734 2590 2287 1242 1493 106 4969 4663 3354 1144 3687 3257 4961 3223 132 3866 3668 1178 2416 2549 2156 4911 2086 343 1825 2445 391 2242 864 3120 262 93 3111 1695 2382 3804 1833 2453 3188 865 3823 1646 2776 2989 852 2575 1229 2573 3378 1126 140 3650 4337 4005 54 3924 1694 94 1121 4414 2617 4871 827 287 2227 4799 2228 2464 1716 2293 3570
1211 891 1201 1294 4873 1265 1350 2142 4925 3228 4550 4057 4283 705 3391 2528 4029 243 2917 3102 4102 1436 2563 1777 2492 2241 4754 1042 1171 3348 437 3875 4259 678 1077 578 1855 651 1937 2722 1465 364 1185 1218 1709 2689 2869 4461 2037 961 839 2886 1295 1803 2019 3683 2892 755 285 1778 707 2422 2517 4291 1206 96 647 4760 3938 3877 1004 3925 4957 1675 1999 3313 3198 4246 2496 3356 1099 2189 1330 2212 4784 933 3895 3172 4324 1741 854 1271 4548 4555 3152 2780 2373 1949 2099 4975 867 3377 117 601 3110 1173 3539 119 4188 367 4618 2400 706 2803 4401 388 174 1682 3949 4321 3602 1520 4664 94 3893 3532 1563 2175 338 274 1266 4999 817 3695 1747 4363 3669 3260 3580 3883
4949 4835 1265 3502 683 2059 324 4264 2120 4837 2147 2191 439 2828 1380 2030 4564 2659 3595 3811 4142 1149 1134 3065 4879 1900 1854 3823 3977 2544 4925 2856 3905 1582 2965 1855 798 342 3670 4576 1159 831 2919 1066 3559 682 1876 3959 832 2143 2778 4661 2799 122 4652 1500 2203 1112 4943 4091 4732 4517 48 4939 1633 4520 3625 1137 4568 1807 4444 658 2728 173 101 1272 855 4823 3246 1931 4334 1468 2122 3769 1414 1129 2182 243 3216 2469 4896 49 4029 1006 4894 805 506 3950 400 2602 772 1515 4323 4353 3605 1393 2585 166 3587 4451 3755 4444 4598 1023 4410 4247 4739 2077 430 4776 2438 1062 380 2469 3104 3277 4418 3103 1191 65 889 504 3664 896 1083 64 366 855 3391 1567
4500 3480 1028 1061 4189 120 834 518 368 2413 4406 2812 2249 2242 1749 1665 4063 709 4627 1446 4715 3391 3724 4910 4887 2558 4754 2593 893 4704 3706 1774 950 1001 146 651 342 4683 1813 3307 1701 21 1544 1574 1770 2634 704 4842 1835 674 1333 4840 4932 1866 1259 4083 3553 4489 4023 4974 2908 2149 3244 4277 2427 4429 4639 3395 2985 3019 4682 4821 4979 2108 4932 1056 3431 217 3514 3827 721 2247 2307 2628 4503 390 400 4401 1406 4152 3556 4001 4209 3188 2658 4195 804 1568 75 470 1645 4061 854 2398 933 4369 4348 3949 28 3989 4766 1577 699 4053 2033 4997 4715 263 1010 3604 4259 1171 4553 2859 4934 980 2703 3207 1820 1392 3865 4665 3786 2901 963 126 1726 1845 4962 126
1215 2253 130 2228 3865 616 710 1194 56 503 2154 2467 741 4563 2322 4490 1402 986 4260 4721 2490 2782 2826 682 1526 977 3499 3173 888 1774 4904 1497 3961 2691 4532 1937 3670 1813 597 4406 2053 956 2733 1804 2370 4583 4535 560 656 2063 84 1353 2849 1862 920 4550 3396 1907 2177 1630 503 2662 201 4147 2599 1330 2855 4824 2144 734 4902 3521 132 4791 3253 2717 4207 2787 4527 424 240 1127 387 3077 4980 4990 584 2490 3481 2573 877 1086 4201 448 2582 1575 2757 3082 2831 4580 2560 4115 3969 3558 4468 150 3713 354 1529 3270 3065 3772 1107 3059 3344 2835 2432 3568 4949 3304 4662 4275 4385 253 1510 2776 2467 1320 3590 4005 1917 4472 2305 2527 3330 2589 1019 941 307 1219
670 3556 3906 4023 3578 3641 4205 4630 4340 178 2192 3770 4950 4105 1367 4050 3725 1816 1739 4164 3416 4117 1894 2189 3399 1645 1842 3415 4863 3875 3395 2899 4658 4330 2791 2722 4576 3307 4406 3161 4204 3312 4193 3233 1073 1126 179 2489 4949 1416 4247 3141 1340 1754 3781 4923 3603 4717 3210 4781 3616 1940 1767 3400 1840 2400 994 4263 606 4625 4432 3303 1659 707 1909 4404 2219 2377 2764 678 4926 1668 3155 1637 2849 1306 2163 1591 4456 3770 61 878 4148 684 1576 3868 4550 4608 2093 4753 3799 3602 1430 3684 4507 1119 3847 2060 2873 2467 2593 1413 3462 1606 1304 3287 2016 4992 1040 4265 2066 4912 4455 4897 440 296 4769 4916 755 305 4893 2506 2091 1284 2995 844 4307 926 1755 476
187 132 831 4064 588 3130 292 2131 2154 3440 1553 4670 2584 647 3407 2222 1112 214 3193 2588 4210 2953 4108 3765 4090 41 2404 1299 4447 4919 2968 4813 3668 3904 1939 1465 1159 1701 2053 4204 3880 393 1946 4840 487 1736 4445 1056 2412 4357 1695 377 523 2663 3944 1290 1357 598 736 4322 3325 1850 4787 1119 886 4272 3958 1671 2674 1061 111 3203 4267 2290 253 4295 1178 3897 954 3332 4176 3254 999 4519 3357 3399 1634 2358 243 1414 2632 2433 388 1416 1391 4451 3731 2321 3847 103 2848 842 2732 930 4319 4200 2700 4112 1726 3665 283 4694 1322 539 2463 2878 465 2237 1272 1924 226 4620 2819 1923 3184 1644 1038 983 4094 4573 2088 3467 1886 754 134 2718 14 3169 2794 3811
426 814 3394 4836 373 4702 3500 3818 2679 1104 1077 3957 4126 1902 2777 4153 426 4288 2724 3487 355 2918 3022 4907 400 4767 1343 4502 2026 3343 3369 4636 2652 1887 443 364 831 21 956 3312 393 3014 2735 1342 4710 347 4106 43 1543 3719 2633 3351 1417 2042 771 243 504 567 1423 1166 1482 1857 4209 3786 1023 2395 3306 2312 3169 45 3969 3405 3285 3582 582 3459 3097 4228 1894 826 3911 2952 3789 683 363 3868 2568 2342 1734 1460 539 2592 1005 830 3498 4261 3339 413 625 341 3223 4461 1595 631 2917 4130 393 3996 464 3443 3442 4066 1716 1944 1274 1557 1272 1145 3137 3769 899 3593 3050 1815 3996 1112 953 2201 2801 1043 3462 4160 4626 882 2993 3604 2957 3589 176 3452
3744 4827 273 2274 2634 2321 4902 1423 268 4542 4130 4441 4352 3198 4251 1605 1606 2465 2388 1942 1244 3030 4746 871 3363 2749 3121 4437 4272 52 3225 543 2896 1439 3036 1185 2919 1544 2733 4193 1946 2735 1368 4160 3452 4992 2344 2890 1837 2505 517 3120 2778 4121 1357 2354 4864 1287 4935 269 1875 1560 1725 2308 1254 3839 2788 2238 1480 92 3621 4180 2249 1682 2153 3856 1641 4603 4062 1803 3271 4887 1321 36 645 3652 4226 3444 3478 1058 3164 1551 851 4257 4169 2363 4226 3118 513 1540 445 2676 2735 4661 1947 2366 3606 719 1716 632 3050 244 1057 1275 3900 1561 3530 3346 2544 895 3411 2970 1499 53 268 1130 376 1024 716 4946 3695 4787 2339 2174 4372 3310 3445 4313 4008 3179
4594 3491 882 4148 3413 493 942 2198 4725 4096 4766 3815 3646 4384 2729 2435 4995 4192 2534 850 2237 3452 1197 3861 417 4489 1501 2716 1930 4654 3511 2588 3998 4751 3443 1218 1066 1574 1804 3233 4840 1342 4160 1255 3314 3771 351 1947 2942 4217 4615 4509 1297 497 3207 728 2088 1498 4088 4144 4420 4991 3727 1299 2777 1943 4195 4645 1828 4187 3114 4131 438 2061 2916 3848 2836 2774 1620 4015 1493 3472 3621 4200 578 2864 1560 2148 2129 3165 836 223 4662 501 1029 4393 4137 2422 3133 2103 4620 2609 3020 1331 2646 4753 4570 2753 1895 2117 4331 2246 4881 1420 2904 437 1340 978 2865 3838 4027 599 899 2067 2805 4543 694 4141 1656 3704 700 3868 1880 4803 1888 2309 2212 3098 1188 1384
3941 1511 217 4949 185 3434 1763 1665 2319 4522 2867 3016 1367 2645 2913 134 3042 2442 1995 2510 103 211 451 2366 3836 156 1417 1104 1728 3467 2896 964 4838 2258 4856 1709 3559 1770 2370 1073 487 4710 3452 3314 3091 851 4410 373 1169 2896 3354 653 2611 3119 2676 1392 3842 4775 3010 56 3869 2574 631 3479 3531 2379 1324 1455 1765 1420 1017 4206 1439 283 2039 416 1102 158 422 3578 806 2365 33 3751 4936 1655 1932 2361 1022 3603 3574 3236 4875 3242 2966 4037 222 4344 1600 4481 946 2557 1322 2931 2828 3973 927 3677 12 251 4258 3190 2086 3327 1084 1058 4971 4042 4478 465 619 1085 1949 2088 3922 1239 806 2618 1143 59 4956 4042 4075 3272 1856 3799 3433 610 3583 220
911 236 4171 1672 2635 4207 378 2728 303 2047 3933 1148 3552 32 2332 1042 4521 1088 473 2563 2489 1969 105 4051 3189 438 898 2693 4987 2686 4717 4525 2662 1473 2454 2689 682 2634 4583 1126 1736 347 4992 3771 851 4457 2617 1710 353 3762 1228 2101 4599 1875 2750 2136 3163 1369 4183 198 3540 3477 90 3488 1238 3808 3286 2270 2101 1776 669 1569 1864 574 4972 4703 2142 796 826 2435 1854 1891 1002 1815 1083 1289 4925 1624 4161 4543 4151 2503 378 570 4668 2918 1850 1799 2840 2296 931 3917 1522 446 1423 2908 2554 1427 1213 2592 4798 3770 666 461 3510 2115 2609 2440 1520 1388 4052 567 4099 1319 2578 3606 2143 1813 1778 4965 3348 1300 926 2189 4594 1460 620 997 1194 4462
4179 3341 2313 2468 1674 2641 4697 4847 117 4046 4780 832 3416 3573 727 2662 880 3398 2262 345 1147 2902 866 4628 1419 1410 720 1486 1913 468 301 2457 2918 250 3184 2869 1876 704 4535 179 4445 4106 2344 351 4410 2617 726 4866 4411 1051 1562 2831 4371 2049 498 508 3593 1823 3923 440 1316 775 1810 3820 1820 2695 3441 4225 931 1346 4285 1895 954 1524 3372 4598 3251 4943 4245 471 2464 4114 4702 1510 4798 3743 2893 1502 1514 1728 2215 883 172 3395 586 962 4503 2228 4345 3040 3573 3867 1998 2855 4408 4467 4274 3145 779 2960 2608 3780 2212 451 231 1557 2909 652 2367 3383 2557 892 3859 694 1901 682 4242 2205 1292 206 3505 3041 499 1931 101 2808 2821 996 2419 888
1464 2067 1276 3558 1569 3812 2068 1284 885 2933 832 1181 1601 856 4716 2533 4747 1052 1871 4220 4344 2209 2393 3333 1516 4583 1420 3492 2916 4298 2441 2035 1988 508 1382 4461 3959 4842 560 2489 1056 43 2890 1947 373 1710 4866 4431 4058 4912 62 992 2643 260 4253 593 4176 1148 896 1546 2156 1964 4560 321 4242 4781 3417 4242 32 1242 794 785 970 2212 1132 4626 3542 4351 2748 2858 2845 3563 4565 622 2626 1397 4281 669 3627 3936 4513 1014 4963 4355 1275 899 1729 1823 4780 4785 4859 4595 4108 4905 1152 4362 3999 533 425 3408 4239 2070 1481 4223 3092 1491 3849 1705 1906 4927 3469 2464 1870 3908 1647 4575 4403 4739 681 159 4470 193 419 2411 2012 4805 556 3276 4344 3010
4076 1994 1140 4343 2018 4198 4235 1541 1964 2289 4472 4749 2390 622 3190 1589 3093 2350 776 1457 4789 4088 3697 1610 190 3676 2495 3503 722 4811 4977 3184 2953 374 276 2037 832 1835 656 4949 2412 1543 1837 2942 1169 353 4411 4058 2192 3240 3374 1775 29 134 3468 4289 2091 602 823 2667 4709 1843 992 3680 1074 2156 3415 4280 1565 4650 938 360 1798 3320 2943 2701 597 2793 4566 2765 3401 232 3570 752 1941 2684 3810 3131 1974 317 4294 2070 1914 970 1604 104 1587 249 1551 1737 3659 3653 4182 4000 4909 1025 158 2698 1453 749 2247 4590 3645 568 52 4340 3010 3936 3305 4501 3790 1419 1993 2408 4722 1998 4709 1097 705 2929 3741 2281 743 729 2560 992 3960 2277 1693 627
37 3078 1625 4524 1348 1874 4620 4716 1298 461 892 412 1525 2362 4827 1738 3019 4562 4203 3855 995 4821 3032 4700 283 979 590 1090 4358 3871 2490 4485 4140 3497 4414 961 2143 674 2063 1416 4357 3719 2505 4217 2896 3762 1051 4912 3240 454 2896 1388 134 3732 2819 998 3787 1510 4185 719 1579 4557 3666 117 321 4748 3779 4383 2063 1725 3773 1553 2350 4421 3224 3276 4954 2743 1467 4465 3764 3830 429 4602 1345 3909 798 611 2594 585 1386 3419 4052 1065 1219 1333 4069 2128 501 1231 1206 3719 3321 1569 1225 1757 468 3936 392 1443 2713 174 4009 4057 4865 2159 3576 1181 3228 450 613 177 3587 2684 4340 24 4495 1092 2371 3631 3822 2453 1170 3471 1636 2665 861 3454 4315 4071
1112 4957 3739 2847 710 2863 1275 4237 112 156 3261 1492 3762 1256 4629 3515 2109 3117 765 1661 609 3743 23 2148 2243 4788 861 2884 3827 3759 968 251 1115 221 857 839 2778 1333 84 4247 1695 2633 517 4615 3354 1228 1562 62 3374 2896 462 2988 2554 3301 1246 1128 3275 1956 4219 2889 850 931 1357 292 3028 2972 2681 394 4833 1219 4037 3409 380 2180 4666 1656 1823 4312 4060 4494 2579 3473 1031 3193 3689 2811 2171 582 2581 3744 3872 2520 3272 4960 2502 3812 829 4067 1357 3930 3180 3302 4481 2001 216 3394 4113 4198 1620 4525 4743 4104 4287 148 4485 2886 1632 2020 354 3243 3412 1759 2002 886 3703 1420 1346 4598 2731 444 3320 3958 3715 1065 3934 1972 2394 566 3698 1221
4876 717 3274 4437 3706 1579 195 1876 2812 2481 539 4175 633 1553 1568 2072 4101 3082 4209 1982 1622 3621 3493 2847 4877 2141 418 164 4222 677 2658 613 3665 4454 2014 2886 4661 4840 1353 3141 377 3351 3120 4509 653 2101 2831 992 1775 1388 2988 1366 2138 2043 4523 4421 3624 1876 1728 1115 1334 2878 1084 2508 2173 3230 1204 2080 4377 395 955 2439 131 153 2859 920 3097 3755 4550 2878 520 3056 4345 4867 2436 1086 2252 2000 744 409 3094 1157 4003 1648 3868 391 4099 4129 2731 3003 1842 4989 2078 510 4215 362 4629 1313 2437 2776 4289 911 859 802 3478 4065 1196 2998 3077 3061 51 205 3893 290 1923 1408 737 4486 2097 3359 3216 1631 3306 795 3071 1298 4210 4941 1187 904
1348 2230 26 2480 4144 3326 247 2410 1405 1926 2486 4712 1163 4235 847 26 950 1075 2036 1315 776 2836 2767 3558 758 4859 2379 1153 2121 4250 645 3446 4816 4985 1988 1295 2799 4932 2849 1340 523 1417 2778 1297 2611 4599 4371 2643 29 134 2554 2138 3955 4381 4151 4727 2701 550 4932 635 1004 1453 3390 2132 4507 4273 2138 1596 646 965 2994 3415 4640 3144 4593 4794 835 2990 4243 2948 4618 3294 2444 3253 2409 504 4394 1762 269 3599 309 4326 1492 2818 1780 2539 2029 3803 3360 688 741 811 864 3595 1859 3236 2689 1962 923 1614 4937 1932 4038 3325 2433 3680 1444 970 3095 3131 2285 2241 3250 4522 2619 2989 1369 2539 771 625 2953 4132 4140 1895 1395 1992 2555 4180 1331 4359
998 4403 3057 2522 2386 1697 433 444 4733 1234 2687 4810 1320 137 2951 610 2558 2900 3164 4477 3885 1976 510 4875 3889 2699 417 1356 239 4341 2819 3354 387 4526 2337 1803 122 1866 1862 1754 2663 2042 4121 497 3119 1875 2049 260 134 3732 3301 2043 4381 2816 4181 4595 4928 4543 4528 331 4506 1934 2076 3994 4810 2021 4158 1480 3874 3453 3632 4770 4888 1169 633 1782 127 1144 3382 2284 572 1753 3250 4218 417 2927 1389 2683 3055 2540 41 3764 3356 2535 831 4896 1412 2648 2942 4969 2773 2263 1453 2457 3856 3110 1981 4740 307 3302 554 3938 372 2552 1896 1520 1166 383 3059 3618 2452 2025 471 3850 871 1326 3548 392 3587 3397 334 3763 247 3739 3927 747 4249 892 761 2890
3730 3171 2477 801 3089 3165 2521 3868 3985 2845 2869 2175 2332 4364 4970 1961 3696 266 4199 1871 2392 653 76 4255 2396 2943 687 3112 61 2294 3843 3061 1581 3936 478 2019 4652 1259 920 3781 3944 771 1357 3207 2676 2750 498 4253 3468 2819 1246 4523 4151 4181 4082 1319 53 3425 4742 4812 3728 2850 4568 3837 721 3110 4745 2339 4422 637 942 3153 4788 1236 449 1465 1691 214 4500 1755 1343 3467 1609 4656 252 1733 2600 439 1626 2936 1897 1478 3966 451 4626 2682 575 4473 3370 1290 3604 1911 4132 1252 1446 504 1304 3878 4053 4518 4553 2475 3419 1000 4372 4621 149 3669 4497 4218 1857 94 382 4523 2492 3085 3121 309 4961 2388 1637 1146 2339 2421 2288 3439 157 2969 1409 2149
2201 4718 1712 3478 1602 3187 3753 1007 1515 3232 1543 2207 2640 1080 388 4915 3150 2882 766 296 3647 1965 2079 4639 2941 4832 1169 4469 2683 386 4870 3059 2621 3305 3628 3683 1500 4083 4550 4923 1290 243 2354 728 1392 2136 508 593 4289 998 1128 4421 4727 4595 1319 2509 1137 911 1452 289 1444 2123 1513 1716 3063 2787 699 338 3296 1508 956 4707 2062 1211 2133 2872 4122 2549 2344 940 217 3717 3208 3263 466 2329 4654 1886 2710 202 1481 1335 3373 103 396 3273 3064 4200 2047 3329 2302 985 1844 2078 547 3750 4830 2801 954 1547 4298 2606 4098 4116 318 3637 77 4340 3405 4319 991 3826 2130 1005 1970 803 3927 13 2921 2650 1854 659 4928 4690 2329 2701 4638 3552 2688 4853
3872 2443 1999 713 2146 3551 2304 3248 2653 661 4058 3306 2806 4220 3864 3792 1469 1014 4075 4628 976 4241 4433 1992 683 1094 4280 394 1710 228 3778 3833 1224 4322 623 2892 2203 3553 3396 3603 1357 504 4864 2088 3842 3163 3593 4176 2091 3787 3275 3624 2701 4928 53 1137 3874 708 2199 4312 430 1437 1323 3074 2880 4152 4467 2312 2023 3420 4303 730 4803 570 1289 4554 913 3205 2459 3898 2674 4091 4137 1710 3801 16 1794 452 3341 1341 2155 2515 3318 1785 4319 4935 3430 189 4908 3696 3200 1231 3113 1047 2453 841 3587 2926 360 928 3187 2979 3614 864 2631 509 884 1114 1627 2641 1625 3525 4956 838 1042 2419 4851 2157 1616 4724 2597 3916 210 1671 312 1251 4298 1299 1437 1562
364 3803 3980 4834 3197 1008 4467 4648 2901 3552 4009 1448 1038 3995 1151 2615 2395 429 2168 1900 3203 2531 1469 4929 785 4759 834 4187 1762 4290 1442 3725 3088 333 2404 755 1112 4489 1907 4717 598 567 1287 1498 4775 1369 1823 1148 602 1510 1956 1876 550 4543 3425 911 708 449 714 2895 2908 4053 3648 1056 1340 3844 3508 4441 1756 1342 1028 982 1071 1039 4534 2505 1598 1289 912 825 785 1086 2639 2539 977 1227 1783 1921 4732 4177 4585 2491 371 4254 1615 3422 625 2533 2175 1865 4550 1445 4077 2358 3234 2610 4308 3895 2109 3616 1648 3311 1979 200 4349 1591 2760 2546 2017 1882 4178 4765 1780 2196 2530 1386 4004 2768 1469 1175 1977 608 3345 177 4600 4679 121 3784 2219 3404
