N: 140
M: 20
Symmetric: true
Triangle: false
4 111 18 76 108
3 57 15 125
11 11 31 137 40 55 116 68 81 72 42 117
9 97 103 109 48 65 127 37 64 67
7 9 110 114 139 50 14 2
9 85 5 100 22 38 128 89 43 83
7 13 32 86 79 20 104 87
4 96 70 92 126
13 61 17 105 71 132 69 8 26 91 59 6 80 90
4 49 39 29 10
5 95 88 60 130 24
8 33 47 106 16 51 25 66 101
5 121 136 124 36 12
2 45 27
10 107 23 135 94 112 63 7 140 3 30
3 41 56 122
7 93 75 123 4 118 120 62
7 1 98 73 82 77 46 54
9 113 84 58 28 99 129 131 53 52
13 74 133 35 34 19 134 115 21 102 119 44 138 78
667 1432 4695 1224 4594 1422 2620 4160 3533 4706 1503 3370 2998 3652 4183 2974 1503 1849 4196 168 4453 64 1446 332 4220 1319 3879 2708 4781 2880 3951 4955 2137 4673 2738 629 4074 2629 4759 2933 2331 412 1751 3895 169 2179 2099 1436 3310 404 2583 2341 2297 2415 2966 1307 582 4506 3876 1887 4227 2261 1189 3528 2746 3968 2797 3488 3670 2487 3194 934 1906 2090 504 4653 2751 4633 111 2912 4368 1938 1995 3365 992 41 771 3187 375 3190 309 599 523 2791 2924 987 4414 1317 1329 3740 3822 2248 2842 4720 478 663 4307 4665 4365 2143 4256 1027 2115 4771 4684 2117 2698 2589 4590 1141 742 321 4652 1576 2955 2630 1230 2657 3613 2886 4055 3732 2810 2064 58 1445 4344 4137 1579 3166
1432 1878 2824 1394 4793 2485 3426 2277 1705 757 3769 4613 3626 507 3720 1655 2333 4066 4903 536 1702 1315 4054 2626 2650 4077 4050 59 1868 4592 175 3954 3062 1172 3621 3989 2734 3922 1633 2860 1707 3069 3393 1959 2638 3361 62 2093 2144 4741 182 3180 4587 2654 1917 1099 3992 2306 3049 3916 1045 2117 2231 4346 314 3259 4300 870 4575 4498 3607 2171 3140 716 2909 3727 4125 3910 2648 466 1704 2759 3806 3605 2376 1781 4003 3178 3487 2255 1918 842 2980 452 2646 4657 3850 3148 1444 4601 1443 4140 2156 3647 3702 3941 3172 1432 641 2485 3747 2973 223 395 4920 2523 409 4543 1426 1415 1107 2566 2423 3851 4182 4721 3367 806 4482 34 3096 4143 4259 2791 273 3122 3866 4413 3228 3412
4695 2824 578 4713 4705 2771 4916 3743 1488 3740 4013 1930 4976 4154 2736 2139 3510 546 689 65 1765 2826 4334 4017 750 1418 3224 969 737 73 1168 4836 4032 2511 4842 4041 2358 1832 4490 1010 1243 69 3672 3894 2537 4653 288 3591 2005 4615 3687 3269 863 4269 4127 733 200 665 1920 3579 1357 1278 934 263 163 279 4260 4428 1711 1443 2826 4936 2253 3718 4535 3566 3707 3227 3744 611 613 3112 936 1563 3455 1817 4361 1867 3085 2615 608 2048 4045 2610 2589 4451 4381 3085 1202 4060 731 557 2973 1659 4948 1392 464 649 2623 2281 3358 4806 3655 2519 3356 1614 1063 2438 3404 3416 297 3799 1795 4959 2386 2032 3834 2398 2751 3915 4997 2858 4244 2695 885 1100 4982 4944 3335 520
1224 1394 4713 3524 3116 283 3674 4417 1159 3552 2409 199 4565 3877 1923 4019 3753 4985 4297 1176 1025 2513 2399 3429 3190 3826 2323 3746 4633 1300 4567 2086 2118 2789 2130 216 2617 4593 1377 1354 544 1669 1792 4569 2158 3893 1668 3429 1975 4453 2189 2010 3139 2220 4283 545 4801 4712 1968 1772 637 698 3604 1053 190 3495 3240 1881 2701 44 597 4690 4601 3845 2529 4272 3739 4931 4843 2930 493 2551 3808 320 3696 963 4901 1768 3973 402 3847 3552 4350 4218 2333 935 1614 4495 3538 2361 1690 559 1984 134 3606 1759 2694 974 3535 977 4811 2165 524 1723 2676 1684 1163 65 2390 3449 3944 3438 4779 72 1986 3301 3420 1292 2945 4432 1406 610 3632 694 1298 1155 112 1990 3429 1166
4594 4793 4705 3116 1277 4256 2385 1290 644 3618 1013 646 1803 3340 1683 2380 1927 3459 311 3138 4925 2059 2955 4671 1067 4110 2666 667 3768 4846 3900 1342 4522 3137 194 2871 1214 2615 835 2505 1837 3758 4716 1552 2890 304 4702 4157 2998 4003 2368 3988 3687 3947 1668 798 2851 2663 3784 2636 1689 154 2137 115 1982 4996 1241 2368 3847 4418 4111 4780 4247 491 1525 2705 211 4534 4626 4462 4902 3810 1105 776 4029 3207 1041 3822 3414 76 175 1538 2729 2992 1505 4464 4365 4492 4810 2611 2895 1226 4180 4611 2361 3620 3469 3392 1284 2569 721 1337 4054 3275 1942 208 2179 3501 467 3214 1943 2050 4157 2173 3603 3634 3290 4456 1888 4109 1748 3022 662 3669 3262 720 151 47 4032 1050
1422 2485 2771 283 4256 4010 4584 2536 3013 4404 3974 3018 3353 2382 3734 3503 3757 3529 4602 3681 2768 3841 795 4692 1314 101 3966 2726 397 1138 2391 1994 2171 4260 2592 270 697 60 1364 3341 3730 3888 3612 1833 3333 2575 2519 3142 3997 4888 3534 748 446 1057 2436 4569 3262 1122 607 4343 1892 3856 3648 222 3588 949 2987 4141 1315 2326 668 1685 607 1998 930 2686 2229 2366 2701 1318 3971 1945 3259 909 332 3167 4728 4886 3838 3573 3621 1271 1858 2536 1914 2399 4129 605 1834 115 2264 3419 4775 785 3854 4185 1119 605 2402 3292 4110 4057 4295 871 1763 913 4039 3800 202 3998 317 3258 1132 339 2282 2002 2030 4824 2425 3108 767 2346 78 4459 2955 586 4872 4848 2795 4846
2620 3426 4916 3674 2385 4584 3542 4075 4355 2616 4841 3822 3428 4512 4299 2574 4256 1976 75 1963 1612 4556 2065 2902 4803 211 3286 195 917 4482 2883 1650 1566 4126 1335 3183 1878 1773 1609 289 4230 1273 4227 1344 2712 4505 2525 4411 3988 1121 2339 4041 2120 1560 2238 4698 4507 642 4637 2714 95 4841 1715 2827 1631 1704 276 3069 3919 2846 2082 87 3827 3418 3505 2203 3724 1362 3938 3604 1241 484 4387 3230 1571 3191 858 247 1086 1058 2098 1268 653 987 398 4396 2104 933 205 879 1758 4116 2623 3264 4741 2947 834 3619 712 2530 3110 1340 540 502 2423 2919 1524 2941 3214 2199 3470 1449 1808 1952 1037 612 767 879 2321 4595 1063 3133 4670 4388 4460 3443 3876 2819 2680 2233
4160 2277 3743 4417 1290 2536 4075 2073 2556 1061 4419 3011 3006 2614 2536 1908 1388 4140 4406 1084 2318 2439 3273 4985 133 2054 2078 1669 2189 3071 4806 774 4211 1381 3356 1571 1908 2962 2591 540 210 2808 4389 274 2187 1275 967 3573 2758 1634 1136 2265 2269 4283 1189 3538 1509 326 3505 100 3057 1445 3472 3670 158 2236 3598 3319 2731 2878 4085 4216 2545 3484 299 2446 708 4781 4895 1079 967 936 1911 3857 4935 1469 149 2363 1739 3621 4242 2323 3732 2483 4392 1417 33 3691 1135 666 3158 2137 2187 4613 4281 1818 4122 2940 1202 3508 1050 1508 3896 2306 4968 983 1964 3316 3855 133 1897 2641 1343 1464 921 4482 413 725 2928 1677 2674 1246 1776 307 1765 4024 1462 3750 804 4822
3533 1705 1488 1159 644 3013 4355 2556 3298 4818 2141 3426 4374 3677 4563 2522 1551 3967 168 3880 2939 3174 2536 1667 670 629 1553 3559 704 4971 3632 1975 31 2580 783 3733 14 2729 1450 1489 1244 1591 4557 288 28 2451 4050 2707 320 672 3705 1656 529 3954 2864 971 1154 2913 3844 717 2771 3383 1816 1888 4998 4260 2805 3278 3389 11 892 3559 488 2962 3446 2538 2098 183 2144 1093 4998 4751 2254 3514 3192 2299 3440 3926 778 632 1253 2566 2256 636 4636 3715 681 3500 3371 4039 4944 3365 1647 233 889 2435 3202 3675 4988 1956 159 4015 2357 801 4793 542 2027 2649 3723 4905 4446 117 2001 3920 2224 3380 3335 3790 1167 2190 1519 3295 1672 1047 4753 1900 2554 1022 1309 1831
4706 757 3740 3552 3618 4404 2616 1061 4818 957 2966 1992 3494 1893 3084 2672 1657 3796 991 4685 173 4527 3257 3539 2536 1045 3287 3079 1087 4851 4538 1677 1710 2175 4516 2762 2724 2128 1933 159 4877 1607 540 2060 2675 1321 3921 1497 2748 3567 1798 1831 277 2356 461 843 1193 3909 2349 2186 1541 183 1028 4445 1754 4752 2012 299 525 1387 1315 4163 4785 1189 4316 1606 1748 1576 828 2405 3511 621 4931 3392 635 210 4644 2827 2769 4384 2232 4455 1783 1251 385 4836 3038 350 2786 2052 2314 799 1104 1372 2576 3086 3860 2593 757 4956 1186 2684 1962 4497 3750 3707 330 3268 458 384 2102 1005 593 4798 1546 760 858 3941 285 2083 2837 889 540 1047 3182 4058 4971 569 4263 1780
1503 3769 4013 2409 1013 3974 4841 4419 2141 2966 1888 4146 4693 1750 157 3540 1624 2404 144 2119 1984 3481 2416 2718 4744 1933 1994 244 2620 876 4945 501 1644 1507 3464 4768 3334 4282 2632 2586 4331 85 2451 3562 2952 1822 2195 2979 4627 3170 1445 1053 1688 1970 1146 903 1236 3053 1354 2936 4829 1826 4159 1097 4692 3257 3250 2457 373 4403 860 3715 2122 3632 2935 1250 4052 4037 2624 4163 1828 2589 2418 2565 814 4669 1818 4484 4453 896 3982 2602 4397 4484 623 4519 3399 877 2010 3738 2811 416 3373 3804 3607 2929 4483 339 2316 2039 3619 1794 3684 478 2137 16 3722 2299 1330 3729 1087 646 2325 4781 3789 159 3404 4173 2352 836 342 4404 1441 1743 4649 33 798 4292 284 1826
3370 4613 1930 199 646 3018 3822 3011 3426 1992 4146 4708 4850 4912 1078 1912 3927 3876 4241 2246 1685 691 3735 4377 2804 1162 4723 215 1748 2297 1965 1964 2913 121 3924 2166 4279 2941 913 2049 1243 1618 4312 4325 3273 4516 4401 2210 1313 3797 3206 2248 4577 574 2594 2924 3632 3972 4685 1635 2285 406 3772 2273 1638 2707 124 639 2033 904 3306 3988 4703 2275 3032 3825 4629 192 207 1549 3663 2083 1395 1650 2928 3840 2332 3676 3277 2486 3465 1615 2761 1707 700 1432 760 3501 817 1098 4125 4882 4441 2447 4323 105 4793 146 4768 2235 800 403 190 1554 3305 398 2490 2961 4876 4041 3839 3847 2227 1989 4071 1196 1660 1881 456 47 551 132 473 666 2633 291 1983 3912 3547 1334
2998 3626 4976 4565 1803 3353 3428 3006 4374 3494 4693 4850 4234 1033 289 287 3257 3245 4593 866 3211 143 3463 3694 279 3062 706 4992 4214 1990 1363 2311 1510 1991 1124 1183 697 2672 3624 2985 2448 3293 3518 1809 3629 412 1137 4500 4869 4517 4343 2658 1149 3820 4766 4669 3582 3575 3479 460 4516 554 2483 4273 4235 4377 1558 3115 443 4157 68 1618 2860 4325 3371 4915 4124 3501 683 996 4003 2993 722 4957 4503 2360 1228 653 224 3725 4840 3596 2492 2672 1118 2150 1298 2392 3983 4782 1386 4522 3239 13 4927 2548 3883 2182 2417 4440 3927 4403 151 3369 38 1894 4222 3573 2594 1180 838 2148 3237 3265 4977 210 2429 3238 3091 701 4358 3145 4530 4510 214 3147 823 2612 4659 2843
3652 507 4154 3877 3340 2382 4512 2614 3677 1893 1750 4912 1033 402 4626 647 2728 3201 4751 3126 183 1089 2112 3299 3403 1198 4665 2739 2803 1939 2141 125 2142 1757 2681 1165 1412 1938 113 1865 1153 683 3813 3401 2009 211 1849 1570 905 2184 4553 1313 26 121 299 4074 1926 2850 4223 4238 514 2658 632 4927 358 675 2420 2488 199 1757 3246 4227 2181 1470 214 2823 2439 952 2207 1536 2807 2106 3922 2310 2351 2641 2618 2252 3136 2913 2396 1830 869 4381 3501 995 3341 4418 3493 3860 143 220 3495 2865 2356 2359 4616 2879 2474 2789 4910 3765 3122 3338 4611 3181 4124 2178 3670 1001 4351 1811 2396 4331 295 1359 555 4403 2761 1069 2317 1043 2369 1568 4466 1329 2213 2370 1886 3748
4183 3720 2736 1923 1683 3734 4299 2536 4563 3084 157 1078 289 4626 3921 3903 2785 1503 4187 3786 516 1035 1305 3058 3154 4083 3175 152 4998 495 1640 2512 2241 2419 915 2508 4393 4617 2221 4445 2126 4724 2755 1678 4520 162 1995 2026 2854 3456 3888 1313 2495 287 4339 1339 971 108 1216 698 4691 2887 2909 4818 1666 4771 2386 2309 3093 1479 3407 3623 3798 4195 2303 3918 2614 2620 4935 2010 4751 4911 4055 563 4232 2487 1181 3790 2818 1015 3774 603 549 2340 3155 270 3146 2191 2100 416 3966 1725 1170 120 3092 2387 244 3552 4235 4293 2760 1030 4167 1111 4359 4320 4837 1922 2601 2664 4742 4806 4649 3426 3843 3608 3729 1755 1994 3206 1462 1329 3901 3749 1072 3054 3214 3522 3210 644
2974 1655 2139 4019 2380 3503 2574 1908 2522 2672 3540 1912 287 647 3903 98 2666 3361 1981 4312 231 4157 2485 2326 462 2807 3648 836 2224 1811 2354 529 1562 637 1411 90 4585 4270 962 3688 541 685 2681 533 1096 3478 3284 2512 3612 2265 1076 4346 3584 2985 4211 2263 1641 178 207 935 2139 874 1242 1647 1393 4976 413 563 3768 395 2328 152 3713 3497 677 1027 2617 1029 1502 3841 4085 4736 4552 2633 2038 3692 1893 1772 772 3782 141 3246 1032 2878 4069 1658 4309 838 3612 1353 1733 3200 1258 501 399 105 261 728 2485 3827 4899 2958 3507 1977 3833 4064 3983 172 4912 4386 3766 2123 621 698 2691 4127 2908 1439 171 3845 3014 254 707 4916 2777 4711 4010 3081 15 3830
1503 2333 3510 3753 1927 3757 4256 1388 1551 1657 1624 3927 3257 2728 2785 2666 379 1080 1428 3331 4828 2612 1820 989 206 3874 286 3822 875 1826 2101 2911 1125 1062 1680 3393 2888 2975 1224 3558 2358 4510 862 1033 4752 2005 1692 2469 1903 2931 988 3297 2208 4559 3143 2539 1759 2263 4017 4438 3431 785 2053 4815 1920 3734 1652 1910 4837 2690 4400 4333 1229 2387 2391 4363 4404 4222 162 1493 2833 779 742 3375 4240 117 1885 364 810 4336 4790 2126 2648 1976 4989 2754 2557 2385 3426 1871 3332 3333 3999 1758 3362 1420 1212 4674 452 1304 161 3646 1633 4532 4812 4627 624 4886 2457 4400 4046 4637 2942 42 3376 1691 2449 2831 2955 3191 3568 390 4470 2423 1230 2948 461 1083 629 3311
1849 4066 546 4985 3459 3529 1976 4140 3967 3796 2404 3876 3245 3201 1503 3361 1080 4671 1453 2356 799 2572 123 75 1138 2363 167 4515 904 2325 1450 4923 3153 3458 2918 4908 1794 2979 3297 3943 1159 3527 734 680 963 1157 507 3845 1069 4032 4914 4243 140 1828 2049 4081 186 2474 3679 1494 2610 270 3690 1084 2074 115 1373 2235 4167 2043 4163 3405 4611 1193 3762 4858 2919 562 3651 1073 4460 4806 896 949 4627 3587 4391 3728 359 4854 4818 3879 2042 3295 1981 141 178 4863 218 1833 1854 1650 3899 2356 2923 1717 4896 2378 4844 2234 178 2242 3975 1351 3499 4553 4341 454 4026 3653 2078 152 888 283 3359 976 2993 3991 2107 4382 3208 230 2145 3236 1573 2663 3671 333 2299 461
4196 4903 689 4297 311 4602 75 4406 168 991 144 4241 4593 4751 4187 1981 1428 1453 1107 1617 3951 2559 2460 2706 1192 2606 4022 3152 3406 725 2420 2852 18 3372 3209 3973 2971 3429 2202 4107 2982 3222 4571 850 76 673 3457 2419 625 2072 4346 2571 4040 3870 1530 811 1900 192 2940 2984 4599 4684 3187 4035 1489 690 4629 3169 1264 3009 3048 4437 2047 4557 1967 2684 2886 601 1189 766 2336 2190 3376 1927 117 1935 2193 4071 3415 3564 1590 119 3096 3977 2644 3324 4150 2655 1993 4713 889 3600 1337 4377 1399 2327 3265 182 2285 2106 3273 1690 1854 4437 4804 4156 1648 4742 4703 3854 3580 187 1407 344 4124 4394 1851 3913 4440 133 83 4807 2946 4068 962 656 2001 773 4126 195
168 536 65 1176 3138 3681 1963 1084 3880 4685 2119 2246 866 3126 3786 4312 3331 2356 1617 769 394 3583 2026 4609 730 3446 247 3059 4600 2576 39 3500 1883 3300 442 644 136 1557 2466 2782 962 1360 3763 3490 2255 4907 4353 802 2253 86 2726 3712 491 640 4958 4128 3514 975 2716 3394 344 3764 4902 1274 3812 3385 3156 1945 4629 3011 4994 1275 525 3646 3960 3216 3469 2335 2507 3206 378 3317 3459 2278 37 3330 4009 2916 576 1569 4787 4147 1898 481 311 3028 3321 2963 3639 4176 2617 4683 4937 3616 1419 28 1704 72 3441 3428 1666 2355 3513 1246 410 3838 3147 4851 2563 298 197 535 2839 4506 1204 2743 4343 2117 127 3619 4772 1477 3818 1587 310 4608 3378 3661 3654 3470
4453 1702 1765 1025 4925 2768 1612 2318 2939 173 1984 1685 3211 183 516 231 4828 799 3951 394 3021 2535 2554 59 3872 2551 1254 3837 1617 3714 2555 4855 3051 1600 2890 1354 3809 4395 4188 2073 1442 4284 3205 4800 2253 2624 2213 4110 4718 178 2760 2377 699 281 2819 746 1302 3818 4036 119 4449 3497 4026 1050 2909 1590 4983 950 653 4980 3322 4097 887 1804 265 3360 2197 3135 3867 1789 1125 2094 3695 2334 1072 62 1096 3984 1583 1295 4260 2221 1123 364 99 529 4215 1433 312 3544 2621 3936 3188 3263 1301 3758 3649 2150 3693 1784 1863 4166 1404 2672 123 2988 3259 4611 4746 182 3720 1873 3555 4801 178 1305 2279 2284 2361 4663 1848 3701 4219 1503 3876 2501 430 2214 118 4538
64 1315 2826 2513 2059 3841 4556 2439 3174 4527 3481 691 143 1089 1035 4157 2612 2572 2559 3583 2535 375 2665 4060 3036 4834 3558 2578 3086 2764 3215 2774 3968 3665 598 218 3095 2231 3209 505 3310 1163 4697 4969 4364 200 464 3974 2836 429 4419 3023 1646 851 1474 4135 2341 4416 4042 3160 947 4833 4307 4722 3046 4608 2870 1268 3574 766 1075 2359 2122 2857 3737 1395 1246 2971 3809 2500 4422 745 173 1422 1957 4170 3779 2487 807 2245 1275 3326 518 2438 1739 3210 4635 1322 1915 1037 1888 3053 2365 1925 3636 2466 136 3814 3657 2620 3113 1534 3823 3910 1622 305 2027 3741 1168 1340 1694 3425 4105 2455 4806 3134 4496 2494 4286 3085 4669 1628 511 484 3441 3479 1123 1419 4181 1204
1446 4054 4334 2399 2955 795 2065 3273 2536 3257 2416 3735 3463 2112 1305 2485 1820 123 2460 2026 2554 2665 1129 937 3951 2187 4862 4791 1318 492 4697 1085 4335 2192 4652 1874 3196 1724 1252 2706 2488 4723 1134 3884 597 1323 1003 1101 999 4761 3994 643 3001 4552 4469 929 3598 1660 4671 1462 3975 1145 1258 4491 998 1893 3757 3938 2915 3799 769 2230 3801 4073 1053 1276 1943 508 446 4256 310 2415 2422 4031 4277 3733 427 1546 2669 2243 3047 819 3473 2504 3735 1899 4633 3075 4683 3759 1444 4001 4191 4020 4755 1616 3676 3551 1122 3576 3554 2695 2987 4914 4649 726 1091 2233 874 295 942 4622 4082 633 3485 4655 549 1227 797 4393 636 2105 2089 4904 4031 4819 573 2864 2788 2106
332 2626 4017 3429 4671 4692 2902 4985 1667 3539 2718 4377 3694 3299 3058 2326 989 75 2706 4609 59 4060 937 269 4618 3310 4250 4924 3000 2476 1277 368 4843 3383 2414 1270 456 2124 878 1967 4016 1294 3290 547 86 1983 2223 1870 3568 67 3035 1208 3645 68 3667 1607 204 2501 2506 3848 2463 1183 2902 4916 496 1283 2976 4923 3597 4247 1977 102 4487 3011 2838 3748 2869 2722 4085 3455 2122 1837 1221 4206 1601 1931 3605 4326 4682 2458 3046 2655 724 2215 1262 3324 4032 1836 1735 2008 2200 4338 3906 4244 1481 2857 969 3841 2253 2369 3135 2481 4355 28 473 4598 3091 1440 3381 686 1972 4082 961 72 622 4451 4311 394 4269 1173 4375 857 851 1930 530 4345 4529 3953 4536 2224
4220 2650 750 3190 1067 1314 4803 133 670 2536 4744 2804 279 3403 3154 462 206 1138 1192 730 3872 3036 3951 4618 1939 3367 4370 4871 2809 3624 344 4935 2490 4373 2072 3975 1632 4745 4364 297 968 379 628 1494 2623 1179 243 4928 2718 1932 2899 2322 416 4799 1399 2002 1029 3802 4103 2891 2130 3220 4299 540 2559 2738 1023 2694 4886 4835 172 3621 1438 1251 1375 491 640 1284 4848 3484 4809 2376 2121 2746 953 2731 2027 4516 3637 2107 2425 3665 1035 3286 3417 4034 1016 2376 2218 1288 1841 1007 699 2271 3024 3743 609 1305 4904 4343 4323 292 558 3169 1715 1522 3041 3605 4757 424 2219 3875 871 2001 4365 2616 2307 3691 1677 3325 1557 146 1675 2865 2640 4274 1312 1910 4766 2264
1319 4077 1418 3826 4110 101 211 2054 629 1045 1933 1162 3062 1198 4083 2807 3874 2363 2606 3446 2551 4834 2187 3310 3367 1887 3407 4720 4775 1050 2576 264 328 4346 4903 2352 848 199 4422 411 2951 1015 3673 2350 1660 3790 943 1203 4959 2730 4602 4075 1161 4813 4524 3528 1292 590 3901 1183 2773 2797 4938 4809 837 1543 1720 4734 1876 3182 3478 675 2465 1216 3603 659 234 3759 1930 1863 4708 3337 1695 597 4868 269 4693 4646 3557 1970 1573 994 172 119 2857 2793 3857 692 2808 1484 3327 4345 2291 1385 4125 669 3782 2043 233 159 2014 3339 1633 2994 1100 1113 4536 2141 3582 3227 977 2162 3508 925 1443 2569 4257 4878 3522 1871 4612 1872 2013 4706 2981 1626 255 4275 4554 2784
3879 4050 3224 2323 2666 3966 3286 2078 1553 3287 1994 4723 706 4665 3175 3648 286 167 4022 247 1254 3558 4862 4250 4370 3407 420 3200 4368 3788 90 1604 4601 4110 1019 4354 3353 371 4751 1109 4915 1567 4016 3170 236 868 797 1394 1480 207 1715 937 1309 1649 733 12 1650 4386 3217 1220 3186 2447 2025 1569 2487 4331 1856 4602 4640 4913 3456 3330 3127 2083 82 135 3059 1865 3407 3050 4421 2922 2449 2013 3496 4158 4871 1525 3341 58 3167 3389 1924 3228 2777 661 735 915 3692 773 2322 4311 2032 4554 4366 776 1506 4577 3041 2259 4734 100 1984 1175 4897 1265 1261 978 896 2774 3335 944 4741 4421 4812 4462 1219 3446 2506 1263 1979 4620 1388 2043 4444 2611 3948 2627 2306 3094
2708 59 969 3746 667 2726 195 1669 3559 3079 244 215 4992 2739 152 836 3822 4515 3152 3059 3837 2578 4791 4924 4871 4720 3200 1848 1375 3145 2211 1507 547 838 3263 1787 3910 249 2711 3348 1450 2045 3480 905 4749 833 4907 2385 2786 3393 1106 1272 2377 328 4693 2864 4314 2596 3487 884 1688 176 1104 896 895 4301 2375 2348 3827 3458 2680 1213 3694 841 1286 2992 4586 712 3093 690 4469 2434 3292 3776 4509 1972 3382 2933 3497 1884 1380 4844 2821 3096 2262 2116 3482 1543 2805 1341 2999 2889 2446 4522 269 3820 98 2518 4210 245 1713 2586 4120 1600 4063 1045 727 1641 533 3593 1916 4801 3230 4547 3122 284 4080 3690 398 4529 2655 1430 3834 1134 493 4436 1283 2176 3078 2421
4781 1868 737 4633 3768 397 917 2189 704 1087 2620 1748 4214 2803 4998 2224 875 904 3406 4600 1617 3086 1318 3000 2809 4775 4368 1375 4304 2403 4515 898 3898 4410 36 1665 4996 2713 2915 845 1865 2830 1535 2876 1737 2849 822 979 1102 3468 1529 603 842 2743 4156 3037 2090 2447 685 575 1264 3829 4036 2727 2749 4759 2023 935 182 3779 1665 4948 952 1308 1688 254 2355 2700 4225 344 4574 841 4588 3487 1513 105 4015 645 4801 2316 2550 360 133 2725 1668 2156 1143 3015 2085 4777 1159 2991 2743 2326 1913 4025 4776 3687 1855 3333 3347 3023 732 244 4511 1380 4247 1831 612 2526 3703 3806 3773 1296 3973 3880 4038 596 2622 881 2255 4111 2017 4448 4252 1014 1845 2677 4221 4436
2880 4592 73 1300 4846 1138 4482 3071 4971 4851 876 2297 1990 1939 495 1811 1826 2325 725 2576 3714 2764 492 2476 3624 1050 3788 3145 2403 3076 906 3963 4410 1233 991 3855 4172 4278 2825 3471 275 3205 3674 4350 230 4101 1404 3437 3328 815 4101 3593 236 266 4240 930 1231 3649 177 4793 1015 1918 656 4308 1117 3373 3057 2907 1560 387 61 4894 1177 3101 2772 1158 1179 1866 4339 3013 2525 4188 941 3086 2120 4033 36 1959 3464 4552 2425 3618 745 3639 526 285 2780 4364 1104 1460 4980 1255 4361 4692 2844 4681 2210 4875 563 1864 1733 4665 4454 1796 3706 570 963 3527 4342 1853 1907 942 465 4908 923 2550 2668 1572 4745 988 1450 1788 1544 59 4468 3712 4294 3472 3333 3503
3951 175 1168 4567 3900 2391 2883 4806 3632 4538 4945 1965 1363 2141 1640 2354 2101 1450 2420 39 2555 3215 4697 1277 344 2576 90 2211 4515 906 4153 2276 1141 1304 3259 4689 1535 738 4955 1425 2876 3005 3998 2330 4123 2786 2148 795 3080 641 3705 3789 563 3837 1286 4897 4437 3813 3792 242 3139 1429 2778 1241 4679 3991 4593 3564 1459 221 4329 3004 951 4694 4448 3743 3986 3100 653 3297 4979 2100 2886 913 3717 4429 1350 1552 3918 1994 4156 1530 2189 1941 4615 2587 1308 901 2116 3222 3402 1786 2698 2395 1990 2551 2792 1842 682 2041 3681 2916 4837 890 2694 2367 3802 2584 4226 1980 350 3620 3633 4076 2667 427 3974 2619 3296 893 1962 902 3670 1573 1927 2153 4546 4095 658 4062
4955 3954 4836 2086 1342 1994 1650 774 1975 1677 501 1964 2311 125 2512 529 2911 4923 2852 3500 4855 2774 1085 368 4935 264 1604 1507 898 3963 2276 3663 1470 392 1348 618 1496 1320 653 2677 3581 1863 3984 1811 1131 4204 1193 1977 2301 4418 3931 902 1298 39 2515 2161 1466 4885 4497 2269 258 1310 1818 3601 1766 96 1221 2139 3668 225 2679 137 3063 304 1352 1703 1787 3964 2218 4788 1507 4848 4599 1926 2312 2723 1583 4530 1059 554 2531 2968 286 3833 3496 661 2176 915 4586 3118 2999 88 3319 4762 3067 3466 1374 2506 1185 2060 4853 1654 3450 138 2678 352 413 481 2798 500 3775 484 1767 2045 4517 4103 2532 4719 115 2742 2360 4685 2145 1443 972 147 4087 1677 2387 4170
2137 3062 4032 2118 4522 2171 1566 4211 31 1710 1644 2913 1510 2142 2241 1562 1125 3153 18 1883 3051 3968 4335 4843 2490 328 4601 547 3898 4410 1141 1470 2165 143 3292 2594 862 1552 4775 3640 1100 3781 3131 1135 1357 3306 1831 849 4489 3066 258 673 4511 493 3842 373 3766 3599 2761 2487 465 2922 3318 4335 2571 4645 3546 3083 333 4657 2957 4522 923 1910 204 2404 4570 342 1805 3684 4815 4210 2629 770 2494 1107 4998 2031 4704 3165 4053 1906 2123 2853 4985 4072 4895 3700 3005 659 3475 633 3509 373 1855 4977 4070 3424 1911 3934 3242 635 1296 1992 1700 3206 3031 2060 1248 1193 2895 1750 4829 1149 2155 4470 4400 2103 3427 3785 755 3453 1018 49 446 2839 1929 3240 540 852
4673 1172 2511 2789 3137 4260 4126 1381 2580 2175 1507 121 1991 1757 2419 637 1062 3458 3372 3300 1600 3665 2192 3383 4373 4346 4110 838 4410 1233 1304 392 143 1006 3422 1341 1394 2386 388 692 625 823 4588 390 4770 4264 4515 883 3793 3773 3756 544 3112 1284 2384 193 3467 1233 41 2037 410 3217 3909 4879 1961 2792 4376 4585 4094 1263 377 4315 2204 3570 4329 982 2293 4863 3731 3100 4790 3189 1320 149 802 2119 1369 2748 4327 2363 1641 2145 740 2733 3028 4711 3496 2933 2854 2117 3114 4352 649 3994 1573 1846 4457 248 2756 4387 4134 4104 109 2430 3413 4849 3226 1331 4905 3650 4271 1252 2923 1577 509 3465 4243 4092 4854 1737 4622 834 339 1219 3003 4710 2060 1265 2983 1392
2738 3621 4842 2130 194 2592 1335 3356 783 4516 3464 3924 1124 2681 915 1411 1680 2918 3209 442 2890 598 4652 2414 2072 4903 1019 3263 36 991 3259 1348 3292 3422 1573 579 2612 3203 2915 4755 1896 1863 111 4851 3053 2478 4011 4376 3654 3886 4612 3120 954 4869 4908 1970 4108 3441 3156 2342 2616 1501 3549 203 3771 658 516 2787 3823 4747 4476 3640 2390 1793 2457 2048 2161 2157 3889 847 1083 3353 223 4759 4113 551 1472 1093 4226 2757 2983 496 2468 4242 3333 2981 906 290 3508 2889 4007 1014 4444 4439 1750 2329 3182 1573 3772 3513 1223 1869 530 4045 4268 3658 2764 2210 3358 26 2574 3451 1628 475 2000 2767 4498 4163 1700 1575 2940 722 3794 4174 2731 4822 4831 3563 4893 19
629 3989 4041 216 2871 270 3183 1571 3733 2762 4768 2166 1183 1165 2508 90 3393 4908 3973 644 1354 218 1874 1270 3975 2352 4354 1787 1665 3855 4689 618 2594 1341 579 1470 40 4265 3488 3830 269 1051 4080 535 1777 252 3613 1681 3029 1221 3853 1839 2628 3661 1834 4626 46 4914 4022 686 4626 3572 2505 3097 3900 1928 3148 855 685 327 3144 691 2673 660 3023 2815 3531 1042 3295 3622 4291 1665 316 2446 380 3514 1301 4687 3502 1584 950 1576 292 1910 1648 2585 4857 3508 1189 920 141 3976 1375 213 2585 1406 2710 1705 126 2914 1213 3121 4356 4118 1874 164 3939 1522 2290 3754 3943 1540 4079 1432 1333 563 1654 290 2034 3800 3248 1190 1017 4969 4319 3158 4797 3195 2053 2164
4074 2734 2358 2617 1214 697 1878 1908 14 2724 3334 4279 697 1412 4393 4585 2888 1794 2971 136 3809 3095 3196 456 1632 848 3353 3910 4996 4172 1535 1496 862 1394 2612 40 1254 924 4768 1084 3778 1226 3799 1746 2434 3773 4272 1934 1339 1021 1339 4892 2575 3562 1908 3304 540 1413 4779 4652 699 4034 1566 4586 2694 3245 4708 3260 118 857 3607 4173 2766 284 2117 1733 314 2014 1495 4115 1949 4954 4907 4555 2262 2993 852 1616 2818 1032 1848 316 1176 2694 1976 2738 2181 1418 4407 429 1920 2855 528 4659 2506 4314 3324 1722 1964 4715 3766 4459 886 1490 4155 4905 1589 4368 3085 3448 1156 269 3330 16 2002 4636 841 1868 490 3882 634 2382 2598 2410 1904 385 4627 2395 2621 4977
2629 3922 1832 4593 2615 60 1773 2962 2729 2128 4282 2941 2672 1938 4617 4270 2975 2979 3429 1557 4395 2231 1724 2124 4745 199 371 249 2713 4278 738 1320 1552 2386 3203 4265 924 4060 806 3685 3654 2058 2257 1679 2836 2364 3140 1659 2336 811 1326 3331 584 3436 4090 4805 171 2545 163 1046 571 4100 1592 2411 252 3155 1415 4550 1520 1708 4005 2972 1985 2890 3990 3100 3489 2447 43 4656 953 4379 156 1056 382 3187 951 788 1489 2369 1850 4917 1935 169 3024 622 930 3492 391 2218 3997 2661 4466 2380 296 1673 1957 627 4324 3473 1790 91 2135 2107 1225 4312 1027 1695 3896 1125 3099 567 4173 1297 2994 3247 2471 4624 3721 1769 16 1574 2369 4239 1137 4510 3701 3382 3834 2803
4759 1633 4490 1377 835 1364 1609 2591 1450 1933 2632 913 3624 113 2221 962 1224 3297 2202 2466 4188 3209 1252 878 4364 4422 4751 2711 2915 2825 4955 653 4775 388 2915 3488 4768 806 4208 832 3739 3164 902 3946 3281 2747 1969 121 2806 3832 4055 391 2710 4977 876 3568 3269 3540 4965 152 322 3744 4324 756 842 2383 937 4374 3313 2642 4571 604 3538 641 4481 4901 2915 1434 4897 2281 3925 2641 4654 1422 2763 2723 696 678 1828 2668 882 3724 1930 109 1151 4399 3104 2946 2163 2078 2859 588 2606 3419 1900 3858 1631 3697 1917 3751 1628 2882 2863 739 2716 1068 3726 2836 666 1311 2650 3607 4597 1043 3644 1356 4190 3911 2556 2052 824 4975 55 1850 1701 866 2577 1121 2248 4477
2933 2860 1010 1354 2505 3341 289 540 1489 159 2586 2049 2985 1865 4445 3688 3558 3943 4107 2782 2073 505 2706 1967 297 411 1109 3348 845 3471 1425 2677 3640 692 4755 3830 1084 3685 832 518 915 2383 1407 114 1840 1818 4175 3170 788 3945 4215 2851 3403 4618 2434 504 735 1739 1113 2625 816 4174 3207 4280 4716 609 4199 2672 3695 218 944 4039 566 3602 1622 390 3969 3126 2679 2213 221 748 4430 4622 1284 237 3627 4722 4547 314 214 532 3057 4802 3671 4853 1583 3235 3407 2895 4624 2508 1700 2027 2356 4316 4334 4182 3255 725 4848 466 1704 4971 1025 4737 4585 1717 3845 4492 3313 3893 3044 3562 4675 4132 3045 2532 1330 3903 2106 4000 3510 4588 3658 1671 4688 687 2507 1259
2331 1707 1243 544 1837 3730 4230 210 1244 4877 4331 1243 2448 1153 2126 541 2358 1159 2982 962 1442 3310 2488 4016 968 2951 4915 1450 1865 275 2876 3581 1100 625 1896 269 3778 3654 3739 915 2538 437 2511 759 1224 3768 883 563 4838 3793 934 3191 1506 4451 3900 1822 3681 4509 3481 473 4640 4195 2837 3494 3017 3279 4007 1111 4943 3111 4500 4202 29 3899 3304 2403 4952 1810 3253 324 3104 4038 583 805 2434 1264 1873 726 1316 785 792 98 2960 4198 2058 654 2664 3368 4610 193 3974 3155 4505 3697 354 2289 3381 445 4587 18 1834 2813 3045 381 2051 3431 2554 919 2895 2322 2339 2673 181 4075 214 4812 899 3737 2017 1201 3631 2265 2349 2749 4066 3668 3883 1342 2087 2020
412 3069 69 1669 3758 3888 1273 2808 1591 1607 85 1618 3293 683 4724 685 4510 3527 3222 1360 4284 1163 4723 1294 379 1015 1567 2045 2830 3205 3005 1863 3781 823 1863 1051 1226 2058 3164 2383 437 386 4235 769 2256 1131 4146 2401 156 673 3181 1614 4027 3955 1034 3563 511 123 4646 4150 4719 2898 990 816 366 3137 3891 3439 2371 4306 3249 679 1491 1281 4635 4439 2125 4096 3388 946 1939 3169 2923 3644 2537 3295 1056 4821 1003 2073 3706 2951 3425 1421 1609 1954 1892 3828 4210 3695 4297 4080 1977 1709 181 1133 1512 4472 540 3783 2181 2171 1147 1688 4789 1517 2112 527 1312 844 4958 1091 4802 3679 1553 1929 490 64 2281 491 2949 3286 1259 1307 1272 4386 2379 1305 2914 4231
1751 3393 3672 1792 4716 3612 4227 4389 4557 540 2451 4312 3518 3813 2755 2681 862 734 4571 3763 3205 4697 1134 3290 628 3673 4016 3480 1535 3674 3998 3984 3131 4588 111 4080 3799 2257 902 1407 2511 4235 2203 802 4341 2416 3344 1386 1667 4592 4347 3337 4662 1949 1911 3253 1063 4966 54 1134 1765 3212 1951 542 4124 583 354 3306 2193 758 1076 3205 2905 495 2211 2344 2712 1773 4256 3137 2681 1327 1669 4919 1988 300 319 1262 2704 3647 215 3653 4804 3173 3376 919 4878 2723 586 3893 4897 1439 1293 4959 4644 4024 4323 1449 2639 2492 1792 1898 1690 3176 3781 4733 1246 631 1569 4113 939 364 1535 120 2155 3875 3423 3384 4911 3613 2763 2430 4473 2851 2796 703 338 1313 2268 2196
3895 1959 3894 4569 1552 1833 1344 274 288 2060 3562 4325 1809 3401 1678 533 1033 680 850 3490 4800 4969 3884 547 1494 2350 3170 905 2876 4350 2330 1811 1135 390 4851 535 1746 1679 3946 114 759 769 802 121 137 2286 4085 4620 3856 2751 2303 173 736 952 588 1525 1502 3927 77 3984 2969 1252 83 2993 3981 4092 2413 4325 762 3056 1851 391 4450 57 2565 1638 233 4211 247 1936 2546 1794 2236 1863 3059 2473 778 4618 3252 1300 1851 2022 4614 3101 1564 1872 2038 1068 2009 2053 4034 2524 2423 2718 2322 534 2186 2492 716 403 530 2137 3955 2544 1370 3078 4037 710 1761 950 23 2679 1314 3005 3088 4580 1563 4548 1594 740 1117 2863 2424 3666 2691 4113 4978 4933 4872 1365
169 2638 2537 2158 2890 3333 2712 2187 28 2675 2952 3273 3629 2009 4520 1096 4752 963 76 2255 2253 4364 597 86 2623 1660 236 4749 1737 230 4123 1131 1357 4770 3053 1777 2434 2836 3281 1840 1224 2256 4341 137 341 2166 4138 563 1339 4215 4465 2822 210 3319 1052 796 244 2758 4738 950 3041 3654 1517 3414 3834 2535 693 2759 995 4277 1745 1621 2683 2308 511 3679 3445 4538 3943 1364 1904 2330 4612 3345 470 1502 2038 1280 764 4886 3191 2261 4151 2130 4112 1847 1809 4758 70 4688 1077 3694 1282 718 3201 3899 4477 4614 84 2646 546 3937 2365 3619 3534 2656 1736 1048 3532 3846 804 4075 4928 4853 2257 2434 3079 156 4835 689 539 2798 4861 2210 350 3223 378 4028 2637 2898
2179 3361 4653 3893 304 2575 4505 1275 2451 1321 1822 4516 412 211 162 3478 2005 1157 673 4907 2624 200 1323 1983 1179 3790 868 833 2849 4101 2786 4204 3306 4264 2478 252 3773 2364 2747 1818 3768 1131 2416 2286 2166 513 3166 4902 702 1694 4988 1533 3278 2497 3904 403 4503 3362 3229 2924 3830 605 4537 2033 3208 4384 1174 1649 4468 3957 922 581 3681 3779 3717 670 4826 4061 1396 2310 2589 82 2723 240 2955 822 2016 117 1868 2068 3155 2380 2776 514 4262 4768 447 3849 4539 430 2586 4338 3671 3787 2247 4097 4003 65 1987 4550 3468 2395 1990 4819 1594 2068 364 4398 2068 4758 4921 4783 2266 2629 1058 42 1750 2644 4045 3010 3522 182 2904 1562 2195 4422 1289 2288 1294 3905
2099 62 288 1668 4702 2519 2525 967 4050 3921 2195 4401 1137 1849 1995 3284 1692 507 3457 4353 2213 464 1003 2223 243 943 797 4907 822 1404 2148 1193 1831 4515 4011 3613 4272 3140 1969 4175 883 4146 3344 4085 4138 3166 2866 643 3047 2167 20 2779 1797 4307 992 2978 1887 1807 3849 4129 38 4121 61 1559 3069 4860 4252 1481 3665 3056 1656 1235 501 3768 2771 1575 1463 451 1926 2498 2769 2535 4309 4927 4149 4862 1064 3927 988 3165 2841 1548 1781 3742 2698 4127 4412 727 2152 2037 829 2727 4628 381 853 2830 391 1916 4523 2167 3629 4517 1299 2819 4648 2329 654 452 974 1154 1355 4350 4525 1067 2069 2664 2167 301 194 3251 3628 1529 4165 638 1541 963 4140 690 1537 3360
1436 2093 3591 3429 4157 3142 4411 3573 2707 1497 2979 2210 4500 1570 2026 2512 2469 3845 2419 802 4110 3974 1101 1870 4928 1203 1394 2385 979 3437 795 1977 849 883 4376 1681 1934 1659 121 3170 563 2401 1386 4620 563 4902 643 2884 3420 2361 3047 836 2044 4116 3700 3105 3080 441 2606 4100 2460 786 1848 359 1118 4405 1916 3267 2024 4450 3381 2319 196 373 3927 1055 4308 3650 4028 1946 3163 4278 1235 2485 3894 4605 37 4270 408 4608 1416 4743 510 2780 4099 393 4074 960 74 2852 3136 3900 993 2754 24 511 3535 1185 3040 4666 4269 272 4459 2781 957 2699 2223 3852 1533 4518 4507 12 1038 1325 4921 1867 2033 87 4784 1306 1835 2704 4395 2714 3243 707 2083 2309 44 4171
3310 2144 2005 1975 2998 3997 3988 2758 320 2748 4627 1313 4869 905 2854 3612 1903 1069 625 2253 4718 2836 999 3568 2718 4959 1480 2786 1102 3328 3080 2301 4489 3793 3654 3029 1339 2336 2806 788 4838 156 1667 3856 1339 702 3047 3420 703 1118 1304 1913 1623 631 2697 2532 1900 2942 1316 1414 1998 3161 4536 578 4768 1706 3015 768 4975 893 4298 454 1513 4355 842 949 4178 3314 4075 1701 2768 517 871 4344 2563 4690 348 3865 4182 2117 808 1503 1280 1384 411 2138 2513 2524 569 4157 410 2571 613 3569 4717 1634 2199 3360 377 52 2975 1866 4487 2955 3282 2563 3708 4584 2876 182 3935 1074 3818 652 255 4521 1590 3138 3171 864 4247 3545 2275 1614 4951 2411 3756 2155 653 3176
404 4741 4615 4453 4003 4888 1121 1634 672 3567 3170 3797 4517 2184 3456 2265 2931 4032 2072 86 178 429 4761 67 1932 2730 207 3393 3468 815 641 4418 3066 3773 3886 1221 1021 811 3832 3945 3793 673 4592 2751 4215 1694 2167 2361 1118 277 4983 278 3203 3275 2542 3059 258 96 1692 1708 4152 1666 1074 4326 2687 735 1659 3186 2656 764 3006 4007 1144 2320 4772 1361 43 3017 2668 3074 2443 67 464 4876 1737 2426 2200 2089 33 388 1033 4663 3694 2990 77 634 3697 1753 3292 2890 914 4794 3968 1395 159 3708 4443 1276 2109 4760 181 2600 2506 55 172 244 1070 4155 2762 374 2490 2874 4332 2158 825 202 4472 699 4654 2028 2116 2050 4488 90 3825 4749 2556 2933 1913 1166
2583 182 3687 2189 2368 3534 2339 1136 3705 1798 1445 3206 4343 4553 3888 1076 988 4914 4346 2726 2760 4419 3994 3035 2899 4602 1715 1106 1529 4101 3705 3931 258 3756 4612 3853 1339 1326 4055 4215 934 3181 4347 2303 4465 4988 20 3047 1304 4983 2435 1144 4325 47 3627 3505 4663 4837 1468 4877 4349 1859 1373 4073 4073 3001 356 305 4421 305 2355 3981 3309 3680 1683 1650 4956 1900 4008 3295 4866 4681 2553 4257 2515 1908 3396 4850 2431 3518 1042 2845 4497 3372 4955 2340 2077 615 1752 1681 3355 974 2240 2216 3872 4357 1503 766 4384 3642 509 3084 1262 3857 1205 34 458 140 434 1795 3933 616 4299 3894 420 2364 4369 545 3538 4354 1921 1862 4358 4096 1406 288 3393 2981 4800 2814
2341 3180 3269 2010 3988 748 4041 2265 1656 1831 1053 2248 2658 1313 1313 4346 3297 4243 2571 3712 2377 3023 643 1208 2322 4075 937 1272 603 3593 3789 902 673 544 3120 1839 4892 3331 391 2851 3191 1614 3337 173 2822 1533 2779 836 1913 278 1144 2912 2432 3506 4289 2558 3918 3061 4885 46 344 28 1856 989 3336 3015 3352 3965 1956 419 4880 363 2084 2461 1041 396 2075 758 4475 1549 4368 38 4659 908 382 208 2857 2579 593 2485 3695 1160 3419 816 820 1329 978 2032 4308 3311 4910 904 558 2583 2948 4161 4970 4527 85 3933 973 739 1464 1428 3804 4274 3540 4538 4678 2058 2214 566 3457 3122 2056 3353 2387 3961 2455 2990 981 3383 3270 2191 1150 1661 3524 1178 1249 2725
2297 4587 863 3139 3687 446 2120 2269 529 277 1688 4577 1149 26 2495 3584 2208 140 4040 491 699 1646 3001 3645 416 1161 1309 2377 842 236 563 1298 4511 3112 954 2628 2575 584 2710 3403 1506 4027 4662 736 210 3278 1797 2044 1623 3203 4325 2432 3540 1325 4789 167 1138 2928 1889 1896 4177 540 4905 457 285 4614 1598 1938 2709 4927 1461 4698 906 443 3386 865 82 463 3235 1413 2816 3459 3775 1442 1888 155 1530 2806 4486 1489 3799 1669 3371 3529 4975 4272 4955 3546 4502 1379 2072 4061 657 1768 1224 3472 4534 3443 376 2841 2394 1214 1053 4585 88 4398 3569 1911 1558 3400 348 3712 143 578 547 2266 370 2837 4363 2672 196 2820 122 4628 1123 4473 968 2786 3706 4941
2415 2654 4269 2220 3947 1057 1560 4283 3954 2356 1970 574 3820 121 287 2985 4559 1828 3870 640 281 851 4552 68 4799 4813 1649 328 2743 266 3837 39 493 1284 4869 3661 3562 3436 4977 4618 4451 3955 1949 952 3319 2497 4307 4116 631 3275 47 3506 1325 33 1675 708 945 2275 3797 992 3970 337 1832 203 2834 2075 475 3231 4943 4519 4195 2216 3378 2699 2796 1535 745 212 1218 2239 4579 662 1502 4209 2512 1741 3131 3157 2368 789 3812 4331 658 4892 3547 4371 4012 2963 840 1541 4310 728 4516 1578 4830 4810 4523 2914 2425 3500 367 24 1236 2687 1562 1958 2145 2001 3404 3022 4707 1574 4166 498 4436 3464 2715 103 4765 1918 4034 1653 3599 4830 3586 423 414 4771 329 41
2966 1917 4127 4283 1668 2436 2238 1189 2864 461 1146 2594 4766 299 4339 4211 3143 2049 1530 4958 2819 1474 4469 3667 1399 4524 733 4693 4156 4240 1286 2515 3842 2384 4908 1834 1908 4090 876 2434 3900 1034 1911 588 1052 3904 992 3700 2697 2542 3627 4289 4789 1675 263 43 678 1082 890 1724 1990 4780 2101 4236 3031 1850 2986 715 2949 1501 1499 1253 2286 4612 2405 1653 785 4123 1984 1650 290 2306 4811 1284 3141 1089 4764 2610 4903 1482 3981 3874 461 2678 3721 495 1041 1198 1365 369 4733 580 4036 611 3235 4478 716 1470 2507 3880 3419 4499 836 2840 241 1011 890 242 467 797 399 2194 2459 3562 3180 2707 3487 4028 4837 4776 102 3704 177 104 918 3304 2961 1597 3129 4928
1307 1099 733 545 798 4569 4698 3538 971 843 903 2924 4669 4074 1339 2263 2539 4081 811 4128 746 4135 929 1607 2002 3528 12 2864 3037 930 4897 2161 373 193 1970 4626 3304 4805 3568 504 1822 3563 3253 1525 796 403 2978 3105 2532 3059 3505 2558 167 708 43 2841 3547 1131 591 3789 2259 2557 4233 449 2559 294 2156 2527 3069 3756 3025 4849 3818 1141 2871 3265 4919 2905 3924 3493 2404 3574 838 4192 4520 1952 3319 729 1396 3231 4703 3268 147 3430 4341 1849 3379 1145 4778 3354 183 2369 4092 4989 4133 57 4370 830 430 3269 3642 313 1258 1061 4264 2845 4577 573 791 4901 1429 1370 1514 3944 2317 1092 3132 2099 4776 1805 487 1600 1893 4515 3841 3331 1941 4763 2467 1265
582 3992 200 4801 2851 3262 4507 1509 1154 1193 1236 3632 3582 1926 971 1641 1759 186 1900 3514 1302 2341 3598 204 1029 1292 1650 4314 2090 1231 4437 1466 3766 3467 4108 46 540 171 3269 735 3681 511 1063 1502 244 4503 1887 3080 1900 258 4663 3918 1138 945 678 3547 4841 2391 1437 3682 2112 1096 1064 2734 3989 786 4484 2525 3928 2617 3696 2031 1539 3949 3680 3594 4103 4931 259 2455 2860 1050 881 3928 2666 2533 4093 3224 623 3002 3736 3605 3559 1960 1117 2625 2505 3355 4160 2193 4982 2787 3897 2707 656 2569 3424 4399 2304 3001 3102 4987 390 280 609 611 2912 4324 286 4294 1722 459 2078 4307 272 2939 3207 3154 3389 2770 773 4733 1621 1203 2635 1498 4705 4222 4476 509
4506 2306 665 4712 2663 1122 642 326 2913 3909 3053 3972 3575 2850 108 178 2263 2474 192 975 3818 4416 1660 2501 3802 590 4386 2596 2447 3649 3813 4885 3599 1233 3441 4914 1413 2545 3540 1739 4509 123 4966 3927 2758 3362 1807 441 2942 96 4837 3061 2928 2275 1082 1131 2391 4148 2249 4173 844 4795 1315 594 4063 4627 4024 3668 4449 2886 102 3566 4946 4257 120 4527 383 500 2346 2537 4658 3420 3614 1933 3472 2981 4729 107 85 2666 2002 2956 2816 4933 2253 4769 2556 1143 74 4187 2568 2786 4752 1908 664 3152 1181 3537 1499 175 2735 2841 3700 2411 2462 4783 3313 1173 76 2930 3977 4913 2413 1817 1703 1113 4987 2399 1583 3230 2682 2959 2475 885 4500 3197 1896 4689 1460 3768
