N: 140
M: 20
Symmetric: true
Triangle: false
6 47 11 8 131 37 24
12 86 75 93 58 62 85 122 64 45 35 1 97
12 96 7 123 139 28 21 63 112 57 78 33 53
8 23 43 108 65 140 135 98 91
12 18 70 106 22 116 34 15 12 109 87 130 29
10 126 68 54 119 32 71 95 107 3 83
5 111 40 120 55 61
6 50 52 31 38 99 121
5 76 100 49 118 59
8 92 30 90 9 132 20 42 56
5 115 102 41 81 89
4 105 2 6 137
8 127 136 104 124 128 5 73 19
6 17 129 82 39 10 36
7 27 110 44 60 66 46 25
9 69 79 114 113 74 77 48 14 138
5 94 26 67 51 84
4 103 13 125 16
3 80 101 4
5 72 117 134 133 88
2225 4865 4714 3618 4496 4392 601 108 4373 3988 2241 3369 2356 3801 3585 3554 926 736 3895 1181 4661 97 4835 1741 114 934 1520 110 2095 4132 1517 2111 1591 2918 2297 4955 3722 1754 2742 4847 4475 4577 4835 492 2060 3807 1517 2843 1167 3866 4819 4951 303 4185 2421 1519 2732 1561 1022 2419 3827 3316 3330 1280 4658 157 3936 1554 1206 3328 1988 702 1032 926 3715 4395 2173 824 1157 3339 1750 2432 1544 2606 470 2974 910 1533 2066 512 1502 94 951 2747 3162 690 1725 1899 1271 3350 4770 981 4563 4524 2373 1496 4867 3301 2071 1922 492 3168 3667 273 4270 1333 2761 1942 534 3512 507 2298 482 2467 1432 1799 3932 290 4240 648 1516 2291 4063 1606 2959 637 3013 2900 1204 2483
4865 870 611 865 1076 4688 748 3903 1296 3142 2452 4560 1830 2061 4036 1861 4220 1569 4822 2993 1994 2434 4170 2549 2929 1297 4209 3675 3514 1244 4953 3221 4703 911 3120 4519 920 4107 565 2708 4532 4419 4136 3036 4852 4529 1581 2512 2747 408 1258 4621 2155 919 4032 3295 3720 979 2565 3908 3881 3581 3698 4109 389 1514 818 226 4409 1057 1768 580 3178 4316 944 1541 2813 4817 4057 586 2441 1470 2097 897 3583 4358 3769 1933 2164 1646 3024 4786 212 1019 400 783 1058 2504 16 651 4367 2649 3780 800 4939 2328 3178 2130 1955 3675 1473 3509 1593 467 1679 1332 417 380 3135 4129 1512 2973 1981 2600 555 1415 2101 3012 3174 690 4723 4872 4809 1513 3854 2819 2306 1776 535 4043
4714 611 3610 3081 4669 2401 1708 1504 150 4615 4450 4083 4736 1707 764 2788 4321 4236 3846 3891 1514 4117 3171 414 3869 958 1544 320 286 811 4248 3632 4228 2609 119 794 3194 2249 2453 2839 4976 1431 511 1847 1267 3898 775 4229 2543 2227 2666 1519 1065 824 2081 4592 231 3818 4931 2631 321 4761 2692 4393 1082 1789 2315 524 3053 2462 4976 1502 2728 1099 4244 4128 1541 2654 975 95 1236 3734 3805 4918 3428 2458 762 3125 1310 1732 689 4005 634 2410 1145 2453 1692 2581 4504 1379 1960 2299 3678 4672 3325 1137 17 619 3470 1497 3352 3315 3437 4655 4217 3945 4436 1719 4896 1393 4965 1105 3424 2711 2831 3785 3033 1586 1823 4072 106 1821 2465 576 4254 1636 1478 1056 4579 2589
3618 865 3081 3353 729 2597 1562 3682 1653 2190 1708 2057 4863 283 761 4927 1984 4703 1489 860 1666 3092 1596 3825 4143 3726 3510 3794 2108 668 1442 379 1367 4101 285 995 400 3895 2161 3529 4101 3864 4222 918 3524 535 2430 1032 1844 4281 4461 4630 2461 3181 2177 3010 4878 103 2220 15 2870 1080 3313 212 3223 2007 975 4934 3098 4205 2203 4694 4647 487 243 2951 1542 3191 4988 4837 4156 1397 4504 3861 1486 1027 2195 4330 3648 3080 3735 2455 1980 3822 1803 4587 1273 2718 1265 2142 3845 3289 2968 668 4206 626 2462 3580 3592 3523 958 1121 4901 2023 4269 2436 4061 1479 912 669 3028 3465 1161 862 1180 423 1705 871 3378 4492 3519 1129 2366 462 3904 4537 3345 2371 3432 2314
4496 1076 4669 729 970 1383 2680 2113 1541 4364 1002 3161 4986 849 2277 4812 2261 4736 1227 4047 2746 837 381 2386 2050 233 2185 603 1170 1195 4671 1292 4803 2250 3714 3824 2034 1110 525 1391 2945 2867 2130 2537 4945 4703 166 170 380 2594 4268 2332 3986 3361 2003 2196 3061 28 1234 3891 1475 3141 4323 1821 638 4255 2095 1990 2483 2101 3961 460 2047 940 2686 4086 4521 1312 3767 3625 938 3659 2657 1446 456 1911 2600 4118 3972 31 4786 53 3693 1913 2361 827 73 3754 3117 3196 4754 2411 1443 3605 4294 3096 3588 309 1862 3568 4160 2013 2744 1067 711 1987 265 3300 1093 3202 604 1055 4123 1051 2257 2597 3105 1197 1196 2371 2410 1791 3502 735 829 319 509 2068 3300 719
4392 4688 2401 2597 1383 745 4163 4935 1522 4012 3036 1212 284 407 960 1172 2075 3767 2394 4423 3769 63 1950 548 4788 3645 1945 640 4431 4950 1160 4695 4563 1009 2255 4361 2474 3606 3701 2628 1776 1501 1498 1816 1872 2149 1089 4193 2289 267 275 518 2675 4851 3310 4835 2002 4819 4381 4418 3582 447 377 22 2786 1188 900 4847 1466 2802 211 4157 34 3002 669 1222 1918 3050 1325 4856 3774 1870 52 2154 1404 1853 4970 1225 1960 2150 133 1845 3803 3123 2126 3883 4791 2572 1934 2186 507 675 1044 1012 1556 727 1091 4490 4089 2480 1600 2810 1259 2501 1562 134 3171 1220 4330 3138 4676 3273 2653 2996 791 3514 2130 4745 373 4907 3705 469 1841 854 38 1835 2822 1808 1655 3114
601 748 1708 1562 2680 4163 3896 639 1578 3265 4013 4145 3637 1357 4935 1386 3239 2406 2745 4293 1389 201 2728 2753 659 92 913 3108 1745 4358 2475 2122 1943 4990 31 3352 4434 3099 360 2239 4291 1385 905 4711 3673 4657 2991 3629 1947 1589 4946 2736 4180 4648 680 436 2915 1213 1168 4154 1565 3943 2344 3616 4464 2528 4461 2292 4611 353 2076 4232 623 3538 3422 4380 2694 2346 335 4442 1222 4655 3152 127 1299 2571 468 1057 1993 1728 1338 600 4758 4134 699 723 3400 2286 3427 4057 13 15 327 3613 3211 551 4613 1171 3184 4363 979 2117 3503 2825 3641 4482 1215 1901 2514 499 3358 235 1818 1255 2592 3395 3728 4948 92 4821 4681 4470 2435 1913 1978 1056 4850 4305 1957 1564
108 3903 1504 3682 2113 4935 639 3170 4945 3259 155 87 159 305 3159 4350 726 3285 2356 2712 3083 1482 2698 709 358 2439 1499 4603 3284 3706 3781 4875 1854 2779 4501 4199 1963 4394 504 4440 1702 208 3812 1159 1542 1598 3229 603 4396 1450 3279 4252 4575 1547 636 3284 3171 972 4361 3019 172 4887 3804 4830 3831 3595 2836 1137 2033 1176 465 2152 1393 4107 1498 2929 2972 862 1383 2987 4042 2064 2952 1008 4584 4342 2164 4373 145 1988 1309 4397 4485 4796 3313 2707 4512 2814 3588 1015 4291 799 4660 4294 4031 4410 3621 2447 3862 1748 3896 2171 2856 119 801 201 545 3798 2354 2844 760 3892 3059 4129 4099 4116 674 1137 4282 3741 2885 1889 2386 356 3899 2371 1416 1267 2251 1830
4373 1296 150 1653 1541 1522 1578 4945 401 507 566 2847 1151 4611 3942 4278 3323 4403 2457 2498 4083 2529 4986 861 2855 2736 1148 2370 123 2460 2387 3131 1254 3394 722 4141 2610 3908 2100 380 924 3893 1553 3472 575 4810 786 4705 2948 4545 501 946 3654 1581 736 1751 2069 3823 802 1237 266 2093 1618 4440 2195 1291 2075 2369 3167 1761 977 1098 1006 109 3449 4099 1924 863 2257 4354 4449 3464 3131 388 706 3444 2679 3811 1740 4957 4540 612 571 2251 27 1971 2853 3733 1331 2778 2242 4895 2861 4723 2812 3924 2535 4398 1419 30 1103 91 3167 1032 1510 4466 384 4492 4941 963 4513 559 4067 2402 2498 4326 265 368 2995 856 3025 1140 161 1465 659 731 1679 225 2440 2304
3988 3142 4615 2190 4364 4012 3265 3259 507 2898 2937 1974 703 2768 2109 4976 2439 790 2028 4682 3816 313 4057 921 4786 1368 2585 4975 2950 4101 289 3035 131 4153 3395 865 1948 33 1451 2728 2510 4773 358 2799 4081 4136 4042 666 2716 4633 1745 1612 1927 403 493 3182 525 1326 1784 2312 247 860 4729 4825 3848 1127 1532 628 2239 952 1160 1454 4922 2140 1549 3400 1109 1708 4569 3366 2112 738 2748 4580 818 3584 2119 667 411 4172 512 3105 1048 2159 1566 1937 3120 1728 217 1643 4299 3054 3039 4136 1441 1206 3809 3956 895 1858 3159 3779 4166 2869 1484 2229 4600 799 2898 3749 190 4404 4254 4064 2729 2598 2927 3745 4443 3917 784 2034 4662 4206 4081 82 1581 3080 3676 2373
2241 2452 4450 1708 1002 3036 4013 155 566 2937 4630 4339 4469 4212 2636 3650 4275 1015 2404 1366 840 1917 2110 1309 3036 2029 1413 774 3562 1879 209 3579 4742 872 814 3570 3693 4731 1999 4403 310 3128 4859 4806 4941 1524 4325 2917 413 2002 797 2392 972 917 1001 4595 2315 1875 2359 1366 4475 1493 500 2309 386 1128 4864 4726 983 4688 4083 1748 4223 4338 2414 629 4601 1379 1325 1033 82 45 2295 1632 2482 4869 1007 1027 3728 810 2698 3017 355 462 4150 3412 3715 3433 500 3089 2611 1587 2524 4564 2422 753 2092 1636 1790 4708 2492 1318 3637 2095 1556 4660 4366 3914 3119 1985 358 2620 1415 1188 3534 290 2378 3628 929 4665 3384 2849 1177 2833 4552 955 810 812 3412 1811
3369 4560 4083 2057 3161 1212 4145 87 2847 1974 4339 4501 1877 185 2330 2548 3361 1688 336 3046 912 3081 4139 2059 2370 3530 3764 983 1436 3316 2194 1698 2118 2132 3412 4879 4617 4987 529 1496 395 4158 3903 3597 4161 348 624 1945 1727 1437 3731 911 4192 1961 1893 3417 2119 4539 3837 4280 2160 1619 3831 2311 44 2251 1493 1615 546 3047 1003 4319 1863 726 4105 424 632 1550 4792 3022 2815 4490 4715 3711 4110 3628 1167 3905 1379 4184 1839 1250 1895 1031 3884 4179 4521 1811 618 1132 4815 4464 4488 3011 2172 2161 2690 126 4783 3124 3316 3057 2936 2121 1389 2888 3397 1818 2217 2103 868 3183 1220 3391 2625 1767 3933 1966 3409 4659 447 2163 72 4592 1090 143 1638 1112 4356 1297
2356 1830 4736 4863 4986 284 3637 159 1151 703 4469 1877 1540 1747 3558 1813 1024 640 2153 654 1967 499 1946 4495 2133 1145 4683 2601 2428 2702 4846 4545 3495 1639 2313 510 3578 1349 4901 765 1820 4574 3018 3708 2854 3851 3108 663 3091 2207 736 3035 4684 2729 1559 1090 2355 1947 2142 3203 1482 4686 299 4307 417 4812 1791 2200 2426 4083 1824 4817 1987 4136 3541 4528 492 1497 3222 735 2984 828 942 679 3025 219 1404 4164 920 95 1645 4435 4858 898 4679 1786 1450 182 3661 2921 3892 4489 4409 3168 4171 1596 4358 4420 3727 1931 2019 550 1056 1068 4442 2668 478 4782 2879 4915 3206 3974 3831 2031 2560 2183 2101 3657 2005 2192 4546 2294 4653 2688 2080 3638 1312 1112 4464 3167
3801 2061 1707 283 849 407 1357 305 4611 2768 4212 185 1747 1249 479 1996 707 4988 4791 1575 2729 3353 3584 2838 4047 2773 53 1508 3558 2251 2095 19 3090 400 2411 552 490 4946 1336 2596 4161 269 2995 757 2585 947 1885 1194 2947 4943 603 4638 4359 2154 2878 711 4457 1362 4001 728 533 2954 623 2849 637 1664 3720 1407 829 2685 197 122 4359 322 4066 259 4225 2679 706 4079 689 3148 2170 3736 4709 1817 4789 809 4937 3011 3590 2186 4821 3020 3639 870 3797 4710 2228 2862 4034 4564 2018 4428 2661 4885 742 831 4783 516 3979 1123 670 1573 3403 2896 4432 1762 1598 1077 4589 3705 4366 1257 2289 4382 1361 701 2995 2408 1726 3726 3800 1586 339 4071 526 3336 634 2771
3585 4036 764 761 2277 960 4935 3159 3942 2109 2636 2330 3558 479 1768 3478 1067 1655 4856 4426 3005 2562 3227 908 382 1837 1349 1985 732 4260 1081 4679 709 504 4006 4557 279 2222 886 3323 1323 1834 384 538 3948 1387 39 4547 2316 2436 2351 1001 1609 3630 1505 1701 1119 3344 4557 4553 2407 3164 2348 4805 2085 2307 1264 4844 4793 756 1764 3826 4140 4698 112 533 171 741 2527 4461 2503 578 4523 66 1626 3336 4207 1292 393 1373 3580 4415 1304 836 494 2749 2677 994 2555 4092 4467 897 4077 1260 89 109 4492 3267 3543 4889 4836 4579 4454 1427 3186 2379 1170 1806 4298 342 2181 4369 1162 4956 3851 3567 4532 4603 1352 3961 1198 4910 4623 2480 1241 277 435 788 4602 840
3554 1861 2788 4927 4812 1172 1386 4350 4278 4976 3650 2548 1813 1996 3478 4168 929 4331 4795 1282 4636 2526 4703 4081 2173 4135 3702 4361 3422 4534 1240 775 4118 4265 1229 3244 4257 2092 66 2710 1724 4725 2748 4671 502 728 2806 2565 4550 3368 2240 1143 2231 464 4176 1086 430 3244 1059 3007 3557 1296 705 4180 2749 3565 453 277 1699 3894 1963 1190 1374 4404 2056 4607 3224 4808 2583 3603 545 833 4634 4049 2202 3869 4775 1839 3466 2498 977 349 2385 531 3078 2391 3490 1386 1421 1802 2743 3690 2542 2389 1719 4475 2563 4000 1902 1083 1152 3233 1062 3498 4416 520 3535 2141 4502 2732 894 333 3653 522 3618 4238 2140 3059 4680 3127 2001 3057 212 3283 1591 885 1937 4215 135 1038
926 4220 4321 1984 2261 2075 3239 726 3323 2439 4275 3361 1024 707 1067 929 4211 4241 3608 2745 1978 261 1047 4717 1865 3909 4054 2607 4040 4165 4459 3342 456 2231 4154 1451 1993 237 558 2188 688 1870 385 1545 4535 2067 1700 4325 2621 2275 3360 4739 753 3322 2592 4461 1512 2640 3227 3254 424 3177 1845 4598 710 1784 379 478 1794 1615 211 1637 4164 280 4430 4945 2024 908 2657 1607 1797 2542 3234 276 1439 1119 3286 2027 128 487 2764 1028 1694 4106 4616 4357 3307 710 4816 4354 1416 1314 2330 4135 4241 2709 1223 1708 2699 4758 1490 4959 2520 1965 1875 1775 3525 1086 4172 1260 1408 1017 4668 411 4690 626 4123 4029 4667 4428 145 3972 2881 3880 1727 4263 715 4636 3286 2805
736 1569 4236 4703 4736 3767 2406 3285 4403 790 1015 1688 640 4988 1655 4331 4241 3662 1592 4488 4100 4640 1822 3361 1171 4119 3500 1007 4477 2714 1894 3675 977 712 1724 276 1422 1541 3162 474 3733 954 4559 1781 3642 193 3015 2012 2266 1496 826 4501 2236 1139 2524 1069 1247 455 3319 1845 174 3901 3902 3631 4722 2445 4982 414 368 2818 231 1535 3189 87 2956 1902 4301 3559 4694 3791 4162 1716 1008 2720 2624 1952 4519 2719 1813 4828 1914 1639 4902 2610 2347 1722 576 4439 1669 2385 2121 4122 1697 4184 4138 3603 4449 972 3346 770 3724 2126 4866 2557 2167 4340 3768 3603 2933 1841 452 1142 3598 576 2044 2773 630 4701 2848 3585 4216 2767 1282 3906 4424 36 1674 1436 3576 386
3895 4822 3846 1489 1227 2394 2745 2356 2457 2028 2404 336 2153 4791 4856 4795 3608 1592 1592 4266 4639 4942 743 606 4704 2529 4078 2598 992 3499 3305 3396 1661 1274 3054 2404 1486 2191 707 3252 1647 711 4411 3247 110 2201 3790 1970 4569 2422 2914 593 1246 3930 4069 2139 4921 3545 680 685 3315 87 4884 4294 3066 3513 2875 3334 3036 3178 4061 3362 3865 971 4019 226 2119 534 566 3572 3094 3681 1840 838 4087 264 2418 1500 387 4266 3644 1891 4798 2173 4384 342 850 4593 4794 2640 3418 4968 4467 2524 4760 4364 4413 3142 1259 957 3118 2235 3065 226 3963 2222 2753 2842 4626 4070 1105 2922 713 3229 2054 4727 4278 3141 4181 1029 3430 4747 1846 1619 1639 430 2537 4433 2889 560
1181 2993 3891 860 4047 4423 4293 2712 2498 4682 1366 3046 654 1575 4426 1282 2745 4488 4266 1819 1700 2731 1141 3508 2742 2633 63 1474 3610 339 4526 4085 4208 229 3153 102 749 2229 4288 4966 205 3087 4936 4820 497 932 53 2907 2841 25 4357 608 1583 4020 4320 1101 2938 4576 3573 705 937 4086 2245 3427 2349 3053 4548 4355 3964 4713 1937 4820 3110 3692 2610 3290 4324 2164 4161 1486 846 231 2465 4132 4992 4777 233 2980 4793 2966 1373 698 2256 3531 2462 2683 3762 4618 4682 3519 3996 1450 2530 1976 3833 533 3508 1959 2475 1354 4100 3063 72 4423 2508 1308 1599 1042 2852 1904 2564 3402 4152 286 3484 4137 4090 642 1031 3723 902 2380 3811 3705 1373 816 3191 1421 3665 3834
4661 1994 1514 1666 2746 3769 1389 3083 4083 3816 840 912 1967 2729 3005 4636 1978 4100 4639 1700 2449 276 1148 1932 513 2909 2730 1340 79 2620 4676 1138 2489 2178 4610 3576 11 390 3840 1521 3168 4231 1839 4411 4443 984 1075 3182 943 4091 3354 1714 887 1326 707 3937 4325 1562 1404 160 1342 3961 528 600 2720 1736 1578 907 1695 4992 580 2458 3530 113 3650 2037 2752 4472 956 4847 213 3660 3688 4425 325 2732 3906 681 3596 4797 2701 4546 1247 2759 4384 1613 365 2992 2469 425 1923 4673 2700 2400 2969 3398 2538 12 4491 1099 1765 3541 4728 3585 3841 4203 3161 2997 4914 1852 1217 4675 203 719 1558 4482 3148 4395 182 4530 2747 4237 543 3551 587 2458 3492 3870 2460 3586
97 2434 4117 3092 837 63 201 1482 2529 313 1917 3081 499 3353 2562 2526 261 4640 4942 2731 276 2103 782 2194 491 1499 3283 118 1574 2139 3290 1600 4977 3539 4045 562 2422 1214 1010 4552 4425 411 2454 3780 4091 1982 279 3135 731 3436 556 310 2460 2091 2658 4200 773 1686 2805 409 2964 2195 2112 4026 2077 4166 4771 1392 3812 4019 1188 1063 801 3180 567 841 3228 3854 3458 2195 1652 1088 394 2384 4731 4149 3386 1824 1376 524 1611 601 3362 809 2615 3346 2294 2786 1607 1568 570 303 1903 1154 4774 218 3674 2376 929 1150 2636 333 1416 2129 1343 3842 713 48 2013 4005 207 3145 1608 291 1262 1378 1217 3164 3980 4797 3098 2760 3815 1090 4005 4109 4728 2497 1935 307
4835 4170 3171 1596 381 1950 2728 2698 4986 4057 2110 4139 1946 3584 3227 4703 1047 1822 743 1141 1148 782 3976 467 770 2947 1553 3582 3747 4188 3625 1874 3449 1152 971 2768 4625 1905 981 2357 1459 2285 1463 1872 4768 1745 4158 3851 4693 3193 3596 4034 3268 1481 1992 977 1780 2714 2624 3054 1670 1388 746 3064 1144 2812 124 2631 2980 2623 44 1657 3769 3550 3906 2321 4609 2367 4051 1817 4810 2055 4436 74 3211 1617 1213 1281 2208 2262 1819 1015 4413 4211 427 375 284 414 329 2126 1401 3378 2329 4068 979 2150 3856 1958 4571 134 1092 1550 365 2029 1871 251 3957 371 2700 2904 4708 2217 1075 3910 2870 1749 3385 951 126 801 4348 3113 4676 4614 2086 1351 73 3954 1770 3707
1741 2549 414 3825 2386 548 2753 709 861 921 1309 2059 4495 2838 908 4081 4717 3361 606 3508 1932 2194 467 3109 1820 63 855 1779 21 2208 1799 1001 4692 517 2011 3442 1028 2218 268 1535 4097 2817 2288 1363 1132 2064 1062 3382 1175 3640 3807 994 2211 346 1237 3723 4444 2688 1034 803 1721 571 3410 1996 4138 916 1821 1462 326 1810 2626 2736 1025 2590 3402 1371 3815 3803 4481 4328 2815 734 3648 2753 2148 1961 2869 2570 541 2140 2594 4933 2254 3052 3395 584 3722 3033 2291 2781 1584 3306 892 1077 697 2263 2325 2743 833 3408 3247 1212 1603 667 1178 616 4881 3712 4775 1979 1099 1300 389 2992 3036 1250 3631 1272 3865 2804 3908 2416 1473 2560 1738 1675 473 2213 2610 4328
114 2929 3869 4143 2050 4788 659 358 2855 4786 3036 2370 2133 4047 382 2173 1865 1171 4704 2742 513 491 770 1820 2485 3943 3475 3477 2732 1323 4811 3346 3396 1514 4077 3606 4250 2916 2487 4474 297 4043 1873 3401 3115 479 116 2277 4012 2971 4802 858 3212 2080 1680 186 2522 3391 1651 2022 3603 2907 1357 3595 3458 1379 646 1842 3201 1344 187 4206 1117 1663 3322 282 1041 694 1790 1804 2585 3024 4711 3925 1141 3980 4164 4078 3977 3992 411 2912 2080 2514 526 1449 2136 2338 2328 1480 35 1266 4778 4064 1870 160 2796 1926 422 29 3480 4002 2693 3440 4977 1686 3924 4901 4698 3285 1669 2092 3464 176 4671 87 1696 2735 1806 89 2491 2800 52 4449 4343 1147 4621 4788 1943 4113
934 1297 958 3726 233 3645 92 2439 2736 1368 2029 3530 1145 2773 1837 4135 3909 4119 2529 2633 2909 1499 2947 63 3943 355 3388 194 2560 2387 1937 823 4815 4144 91 1318 3676 1762 4517 1545 2295 3417 3611 4900 1190 363 2164 2997 1282 774 2530 188 1193 1392 1353 2481 451 2495 4619 2050 1828 3381 4783 4211 1715 12 4500 3944 3354 1691 2283 3089 1994 3810 4941 2508 3857 419 992 168 2566 4292 1419 310 1865 2635 610 2019 3236 2831 532 1287 3769 382 2510 1430 1948 3236 3837 1223 4440 69 4181 3889 1276 1871 126 3539 4631 4550 1225 3884 1696 4154 4993 4332 4782 654 1404 475 4541 2143 3736 4885 2027 1714 4215 2693 4954 3252 4296 2887 3351 3637 1718 3910 2983 496 1198 2823
1520 4209 1544 3510 2185 1945 913 1499 1148 2585 1413 3764 4683 53 1349 3702 4054 3500 4078 63 2730 3283 1553 855 3475 3388 3663 4205 1424 4233 1705 1744 2019 2648 2324 4873 2621 4463 4338 1034 582 4129 2497 4675 3205 3732 3939 4584 907 1550 1459 1835 3072 1269 3436 1611 2092 1842 1417 3670 165 2527 4314 3316 991 465 286 4774 1689 3640 3463 2780 2119 4617 2755 1433 2001 1596 4549 3798 866 272 3991 3805 4139 67 2676 317 1896 514 4939 319 3035 2712 3941 2581 1341 2688 1332 3427 3325 4365 1402 3719 2439 4358 263 226 1602 164 4348 79 4592 1048 435 2880 484 3292 4470 1782 4592 4203 4964 1034 2035 1424 647 3839 3842 1863 3059 4154 422 171 2559 1260 1382 353 3274 1076
110 3675 320 3794 603 640 3108 4603 2370 4975 774 983 2601 1508 1985 4361 2607 1007 2598 1474 1340 118 3582 1779 3477 194 4205 496 2740 1848 2691 1338 2889 1929 494 1937 743 1557 1071 4272 1339 1865 3089 3586 2906 3175 1588 3520 895 320 3549 3110 3686 2588 4412 2789 431 4244 4502 1342 4418 1043 3974 4276 1680 4678 57 900 1711 785 2919 207 1348 4426 4509 1055 4401 969 2546 3190 4175 4374 591 844 1933 4233 1010 1154 1246 2847 4511 1528 3698 1652 2360 2011 991 1748 2481 2152 4420 4406 4391 166 3842 1587 2622 618 4786 2857 3707 3187 779 1091 2826 1184 416 3565 3161 4910 760 2738 1960 2300 3267 3346 4632 1572 891 1382 3591 1136 1226 4115 734 1025 2516 3048 2782 653
2095 3514 286 2108 1170 4431 1745 3284 123 2950 3562 1436 2428 3558 732 3422 4040 4477 992 3610 79 1574 3747 21 2732 2560 1424 2740 200 4645 654 231 4982 1299 2230 1717 300 1087 1674 1980 662 418 2832 2192 682 1281 4044 1957 3017 1970 1974 1031 3083 3863 116 291 204 176 1850 2593 4890 1398 2563 3443 443 1322 2593 2842 4009 3020 3640 522 1565 802 4304 3983 3464 4213 2113 2302 4515 984 1031 1721 708 4409 2574 4772 3219 1529 732 3776 1159 1918 805 439 2779 4555 1295 2169 696 1103 4581 3115 3601 3620 3289 2281 4712 1983 2849 4749 1706 1415 973 3847 4742 3281 2823 1145 3486 3762 1507 4195 4812 2829 1725 2810 1224 3938 191 4411 4029 3090 414 710 2743 4095 2612 3380
4132 1244 811 668 1195 4950 4358 3706 2460 4101 1879 3316 2702 2251 4260 4534 4165 2714 3499 339 2620 2139 4188 2208 1323 2387 4233 1848 4645 3613 3689 4721 2016 3848 4615 353 2128 294 3013 4472 4578 1170 829 4060 2045 4508 4308 1198 2781 3953 2299 2571 3584 2467 845 152 844 1188 1699 2747 362 769 4348 3375 1568 3939 2260 1892 2123 4212 2017 1196 893 3060 4910 1046 2415 2696 4942 1603 423 3723 1864 894 4194 4426 4242 4238 3372 4407 4049 3887 2728 3444 2768 699 4878 3714 3696 2305 1955 55 2106 3860 2983 1281 352 3284 4143 4349 58 2228 2222 506 2266 1117 1757 1700 3899 223 2212 467 4153 2155 669 121 4086 4287 4696 661 840 1038 1832 2088 3906 1775 1595 4467 2814 3032
1517 4953 4248 1442 4671 1160 2475 3781 2387 289 209 2194 4846 2095 1081 1240 4459 1894 3305 4526 4676 3290 3625 1799 4811 1937 1705 2691 654 3689 591 2884 95 1951 1290 4594 4626 3249 1134 155 1361 4850 608 2655 2872 1309 3785 2363 1583 4289 2526 359 511 2030 4807 1499 4771 303 4374 3303 1159 4655 1256 4108 1388 4536 4060 462 4541 3662 1234 1903 4299 4220 3113 662 94 3705 3079 498 2971 2185 1073 1282 2878 3048 238 1285 4529 2699 986 3391 3154 1708 1169 2689 4135 1343 3393 4770 627 3903 1770 2611 3148 362 1944 391 2934 2997 2588 3017 211 3788 4475 1965 4688 4747 3822 1853 418 4361 4541 2639 2193 4615 2954 384 2359 3017 3354 1498 4893 1361 4127 881 1283 790 2104 2393
2111 3221 3632 379 1292 4695 2122 4875 3131 3035 3579 1698 4545 19 4679 775 3342 3675 3396 4085 1138 1600 1874 1001 3346 823 1744 1338 231 4721 2884 3392 4098 4729 918 2195 2962 298 2564 2508 4168 717 843 3188 4642 913 1898 1096 653 650 2241 2357 1308 3089 2749 2827 3685 4176 2704 2866 2407 1558 92 288 3930 785 1279 193 79 282 3979 1282 677 2770 2656 981 2536 2779 3432 1207 3456 3533 4291 3867 2006 1373 4725 3553 2824 1015 4025 4860 2169 4809 1001 1748 2142 4863 2337 3399 2955 451 1726 2033 3823 2014 3889 1226 2322 3330 1912 625 4962 4687 2846 2501 282 2733 397 1562 2470 926 2993 235 434 4196 2525 3733 3963 1845 3997 745 3048 194 359 2138 1947 1312 219 2248
1591 4703 4228 1367 4803 4563 1943 1854 1254 131 4742 2118 3495 3090 709 4118 456 977 1661 4208 2489 4977 3449 4692 3396 4815 2019 2889 4982 2016 95 4098 3796 3480 3943 206 4336 4202 545 3708 3193 4630 4124 140 4816 3739 1459 4007 18 2558 1335 4478 1435 350 929 4216 475 1257 1061 2976 736 1650 3805 1832 874 1867 4529 213 3205 1541 335 908 2277 3004 1159 3516 1057 4923 3527 4848 4081 4987 4578 32 3830 2328 2200 4219 1441 2883 4354 2994 290 4455 2928 4928 1567 3589 4602 4957 4922 2628 2762 2893 2261 376 2814 4579 2012 2054 1810 4170 753 872 1524 404 4182 1646 4586 2643 4359 4470 2095 2042 3812 4374 3043 342 3907 4380 4282 4901 2045 4198 2284 1164 594 711 1148 4986
2918 911 2609 4101 2250 1009 4990 2779 3394 4153 872 2132 1639 400 504 4265 2231 712 1274 229 2178 3539 1152 517 1514 4144 2648 1929 1299 3848 1951 4729 3480 2119 2161 985 1193 3945 2484 4740 3610 2333 3816 4688 4571 3639 1523 4256 2651 4489 3912 348 1626 845 2139 750 1397 2260 4682 1839 4208 3749 2008 3560 4713 4631 179 2028 65 2266 2310 4861 2170 1656 164 3543 3360 3025 2356 2660 4911 4982 368 2368 1352 720 2755 2367 3722 1669 1180 4313 1427 2898 4203 1886 1714 1538 1101 4850 2390 929 2087 60 3087 1589 1066 322 2671 1092 3115 1915 934 3736 1703 4105 1259 582 4498 2876 3681 238 4706 578 2478 116 2275 1907 254 1715 2511 3076 1176 575 2247 3256 4725 2173 569 1937
2297 3120 119 285 3714 2255 31 4501 722 3395 814 3412 2313 2411 4006 1229 4154 1724 3054 3153 4610 4045 971 2011 4077 91 2324 494 2230 4615 1290 918 3943 2161 4092 368 2499 3872 4101 1598 2624 2674 3119 1227 4634 4820 1263 1470 3707 2321 2757 4801 1901 32 2303 182 4604 4243 4707 361 576 1556 2532 654 1541 2816 878 1819 1532 4968 4953 1863 1554 304 3851 1180 3757 993 762 3642 280 854 4726 2474 466 3992 3280 4251 3518 2125 1114 1607 4901 4835 836 4472 234 4832 2090 1395 4658 3224 4433 2990 4345 2249 1649 2730 2945 4286 28 3742 2004 3064 3813 1816 2495 897 3889 2522 3197 2177 1557 4127 2080 4989 945 4443 900 381 431 3266 536 473 1756 442 2098 3430 969 2585
4955 4519 794 995 3824 4361 3352 4199 4141 865 3570 4879 510 552 4557 3244 1451 276 2404 102 3576 562 2768 3442 3606 1318 4873 1937 1717 353 4594 2195 206 985 368 3727 2549 408 3079 4430 665 1351 145 615 4905 2782 3527 3327 4726 4312 4231 2599 215 1107 4124 3250 1097 3362 995 299 3913 1648 423 2175 2104 4090 3340 2518 3176 3584 3400 4266 4537 4432 4013 2790 3991 1570 899 4019 1893 660 2113 4989 474 4196 4064 2240 2944 1502 723 3786 3751 2158 1946 4064 2008 4704 246 3616 2489 149 3301 1902 1206 462 1618 2045 1323 94 1438 3957 2826 1921 1440 1753 4589 70 4823 2034 680 989 173 1786 1859 4310 3346 492 2901 4647 4428 1110 1212 679 1428 3250 4633 2884 1205 1152
3722 920 3194 400 2034 2474 4434 1963 2610 1948 3693 4617 3578 490 279 4257 1993 1422 1486 749 11 2422 4625 1028 4250 3676 2621 743 300 2128 4626 2962 4336 1193 2499 2549 4818 1340 3456 3434 1758 1239 3414 757 856 2403 3632 3398 1239 47 198 734 1372 703 4375 416 3139 791 4479 3515 818 894 2189 364 2469 2882 1174 314 3409 2261 3362 2206 3299 4718 603 3047 2454 341 2198 3383 2588 4968 3948 998 2884 4222 2400 2537 2088 558 2316 1477 4375 1611 806 349 1803 2997 4024 859 1594 4926 2511 17 2506 4319 4041 4569 3210 3672 3525 159 4771 1708 549 512 118 4826 1441 4136 3708 360 3506 1222 2552 3391 1735 1730 3778 4668 3698 1330 94 4059 67 4479 4140 864 4149 4697
1754 4107 2249 3895 1110 3606 3099 4394 3908 33 4731 4987 1349 4946 2222 2092 237 1541 2191 2229 390 1214 1905 2218 2916 1762 4463 1557 1087 294 3249 298 4202 3945 3872 408 1340 4079 4071 3521 1609 4115 2609 2301 905 4287 109 2800 3027 3169 1643 3825 2421 285 3914 2811 3010 4616 4451 1206 4960 511 4358 3739 3172 548 3403 667 4451 1128 3872 3566 3537 3282 372 219 4333 1194 908 2916 1760 3184 4913 3090 710 1037 4567 3286 570 4411 3943 4379 2080 2092 4403 4388 1867 4553 2491 4576 2028 3421 1604 249 4558 278 62 3246 498 1855 2355 4351 908 1603 916 3220 16 1769 1271 360 1068 2867 1131 4015 579 558 4157 2539 305 937 4068 909 855 2975 1846 3663 646 2602 364 810
2742 565 2453 2161 525 3701 360 504 2100 1451 1999 529 4901 1336 886 66 558 3162 707 4288 3840 1010 981 268 2487 4517 4338 1071 1674 3013 1134 2564 545 2484 4101 3079 3456 4071 3641 2382 2426 2053 3190 2929 3593 3171 3147 2669 3923 2522 581 4146 3722 4688 4298 3878 3248 2959 1042 760 3796 4727 2618 2191 1141 4872 3959 4631 3270 4299 3912 1716 707 4396 2343 3913 1130 3817 1853 772 3912 3691 1635 1575 4125 2938 742 2667 2027 1470 4226 4004 3425 1276 3460 815 1145 3687 2964 2682 350 2011 2419 915 1024 4621 4870 4893 2830 1100 3132 662 2367 4096 3598 3508 207 4368 4674 2231 2733 1688 1349 2001 4468 1983 1300 2112 1140 136 4254 1283 2178 1201 217 3080 900 4923 3685 3948
4847 2708 2839 3529 1391 2628 2239 4440 380 2728 4403 1496 765 2596 3323 2710 2188 474 3252 4966 1521 4552 2357 1535 4474 1545 1034 4272 1980 4472 155 2508 3708 4740 1598 4430 3434 3521 2382 4690 3897 987 3708 3936 2331 936 704 1116 19 793 228 1239 4108 606 4830 3253 1788 1584 3956 4309 2841 4807 2338 3347 4617 2805 1313 3495 1461 1710 592 4673 1944 1234 4501 4895 4369 1342 3309 533 4551 448 507 4664 2441 3533 1012 25 85 849 495 3252 1770 4753 1571 4668 3795 220 354 3579 660 2677 1128 4349 1601 2911 3089 1718 184 1290 4098 1553 2255 4298 61 1803 3502 3424 2484 4908 2734 3585 4431 4053 1624 1691 2282 4068 3468 2659 3803 741 4035 2137 2208 1425 754 861 2107 3015
4475 4532 4976 4101 2945 1776 4291 1702 924 2510 310 395 1820 4161 1323 1724 688 3733 1647 205 3168 4425 1459 4097 297 2295 582 1339 662 4578 1361 4168 3193 3610 2624 665 1758 1609 2426 3897 233 293 4576 1832 583 227 1288 4953 3722 2106 3372 3497 1722 4123 4518 4774 4946 4792 3543 1509 3623 2929 3607 4747 1118 863 4155 4273 517 2596 67 943 1621 4533 4879 2244 1912 956 223 3060 4430 168 4057 950 4038 2288 3716 4193 903 640 2619 1964 2061 2623 3332 204 2910 1797 4564 2677 2690 94 1762 3737 2757 4816 2659 4492 3805 4627 3420 1489 2833 2808 92 2891 214 275 1174 929 51 4397 3391 3854 3420 4265 653 1993 1461 3178 1562 1688 1611 2916 3771 2842 4063 3382 1715 424
4577 4419 1431 3864 2867 1501 1385 208 3893 4773 3128 4158 4574 269 1834 4725 1870 954 711 3087 4231 411 2285 2817 4043 3417 4129 1865 418 1170 4850 717 4630 2333 2674 1351 1239 4115 2053 987 293 4532 2383 4917 1044 4684 1943 3619 2006 3587 4137 3640 4205 910 3521 1710 3673 3523 4148 3893 1745 2344 331 784 4321 174 3729 1856 1302 1097 1654 435 1159 2102 1394 3237 1119 2516 2534 4997 2925 1900 2695 693 2003 2044 3549 536 518 2024 3286 1021 1320 308 2912 299 153 4284 14 2353 2342 448 1396 1211 3770 595 4680 3106 2291 2226 4933 3512 2898 1409 4183 1159 3119 4599 2490 1901 614 2367 4256 2063 54 1622 2816 4359 2310 1671 2005 1470 2361 4724 4844 1976 1649 1998 3722 813
4835 4136 511 4222 2130 1498 905 3812 1553 358 4859 3903 3018 2995 384 2748 385 4559 4411 4936 1839 2454 1463 2288 1873 3611 2497 3089 2832 829 608 843 4124 3816 3119 145 3414 2609 3190 3708 4576 2383 2446 3405 105 2721 411 1497 2009 1646 4920 4712 1023 3233 908 4037 1816 3673 4054 2328 3711 232 4784 4312 1726 253 1504 3306 46 3566 2596 619 448 1624 3515 4033 1444 3104 3038 95 3045 3456 2180 1725 4301 2216 1521 2997 807 3625 4427 3064 1612 611 3988 4168 3001 4230 1645 2111 2771 4924 2489 2913 1788 391 4107 2557 4262 2469 76 321 61 2295 290 697 3051 607 1937 4727 1756 989 4148 470 3667 3196 3186 3298 3791 2582 1977 1882 1410 3004 972 4865 2335 4948 1381 2970
492 3036 1847 918 2537 1816 4711 1159 3472 2799 4806 3597 3708 757 538 4671 1545 1781 3247 4820 4411 3780 1872 1363 3401 4900 4675 3586 2192 4060 2655 3188 140 4688 1227 615 757 2301 2929 3936 1832 4917 3405 318 2381 2347 980 699 1182 1367 102 3428 778 745 4980 2840 2840 175 4916 4933 1227 1379 2788 3632 2908 3496 1504 3603 3187 2575 1430 4865 2535 3621 2881 475 1942 4655 2578 4868 4853 1263 4194 3342 1896 1603 1933 4487 1115 1474 2111 3192 1913 2009 3652 3905 4874 3997 1760 4550 810 2405 2834 3669 984 2560 2746 3030 3450 2448 75 2262 2561 918 1524 586 4619 694 1094 3303 4897 1004 2258 4275 1326 3758 3610 4235 1387 2691 3139 1260 1924 2228 1329 341 3841 1929 1474 3895
2060 4852 1267 3524 4945 1872 3673 1542 575 4081 4941 4161 2854 2585 3948 502 4535 3642 110 497 4443 4091 4768 1132 3115 1190 3205 2906 682 2045 2872 4642 4816 4571 4634 4905 856 905 3593 2331 583 1044 105 2381 4606 4226 1433 4289 3919 3920 1253 4276 4271 2777 4915 2220 2806 107 4933 4632 3208 985 1293 4457 2716 494 4060 4746 4672 902 4899 419 3685 98 2331 1209 3583 1639 2531 2599 472 589 4609 797 3109 2310 756 234 298 2022 4773 1337 3251 3248 1713 377 4359 1823 4282 4858 4330 1111 4219 3245 992 1633 4905 876 2783 1262 2377 573 4369 4347 1201 3460 4398 3959 978 1868 405 2399 4909 4116 4809 233 4291 2386 2700 1883 113 4521 3735 799 4360 3122 2510 3725 174 3171
3807 4529 3898 535 4703 2149 4657 1598 4810 4136 1524 348 3851 947 1387 728 2067 193 2201 932 984 1982 1745 2064 479 363 3732 3175 1281 4508 1309 913 3739 3639 4820 2782 2403 4287 3171 936 227 4684 2721 2347 4226 473 3093 3095 1739 4938 2731 4177 1535 3000 884 1069 3436 4943 4666 1039 1878 3486 2330 4946 3919 2018 3165 3523 403 219 693 97 3323 4452 1072 3633 4813 2495 2288 917 1261 902 412 657 3834 1017 834 4772 3283 2749 4423 2145 2018 1575 2042 2764 3901 3730 3120 1683 1657 288 3519 3947 4362 4584 103 3578 131 4071 3594 4955 4144 168 4237 2718 1470 3495 4062 2190 1516 732 2344 4666 3935 4173 2465 2906 1047 2571 4693 2686 4456 4339 1709 768 1931 959 135 2007
1517 1581 775 2430 166 1089 2991 3229 786 4042 4325 624 3108 1885 39 2806 1700 3015 3790 53 1075 279 4158 1062 116 2164 3939 1588 4044 4308 3785 1898 1459 1523 1263 3527 3632 109 3147 704 1288 1943 411 980 1433 3093 1441 4783 4773 1920 883 3193 979 2700 3013 1942 1240 4500 1410 291 2698 1866 4206 4638 3232 1459 653 1700 4988 2718 1585 4067 3185 3290 2456 4885 2802 4083 4978 4292 4294 152 4019 4126 523 1827 2857 2830 3313 1160 3168 4394 1232 4893 2461 4220 4043 113 443 519 980 3052 3441 4636 781 2007 4215 1818 1159 1204 166 1143 1751 310 4473 1964 4294 726 968 3948 703 4889 1776 2882 3361 2429 4367 1418 2935 4463 432 4964 3742 3069 897 2110 3196 593 2512 2964
2843 2512 4229 1032 170 4193 3629 603 4705 666 2917 1945 663 1194 4547 2565 4325 2012 1970 2907 3182 3135 3851 3382 2277 2997 4584 3520 1957 1198 2363 1096 4007 4256 1470 3327 3398 2800 2669 1116 4953 3619 1497 699 4289 3095 4783 947 419 3305 1233 111 2084 2471 3829 1461 4790 2296 159 4799 297 1638 4226 2174 228 2267 965 4478 3953 3296 100 745 880 3924 4963 2119 3123 102 3190 2065 2141 4660 3268 4588 1397 2904 376 4185 135 2560 1776 315 2951 2182 4235 4384 2737 2861 369 28 1136 4159 4150 3042 4670 4914 93 457 2872 2566 3977 4853 2980 3310 2145 3306 3247 1309 139 4282 2337 2002 2047 2059 1052 3290 1563 3798 4427 1673 2698 4594 2303 1411 992 1372 2500 3188 4717 119
1167 2747 2543 1844 380 2289 1947 4396 2948 2716 413 1727 3091 2947 2316 4550 2621 2266 4569 2841 943 731 4693 1175 4012 1282 907 895 3017 2781 1583 653 18 2651 3707 4726 1239 3027 3923 19 3722 2006 2009 1182 3919 1739 4773 419 3681 3747 2552 3834 2663 509 83 221 2247 520 1062 2925 1768 1236 48 762 2623 3789 2261 4303 507 4450 1324 1172 3975 2935 1508 100 2435 4070 3634 3861 1672 4187 4762 4519 1894 2974 3413 2535 1416 146 1086 4195 3314 3573 3696 4758 3861 1204 24 2180 847 4654 2930 1805 534 1191 342 1848 872 1521 2268 3537 1813 3451 3795 3503 115 1004 797 725 4946 4721 4413 4875 4525 2097 3273 1575 4156 962 135 4001 262 3839 445 2757 2207 4230 1546 538
3866 408 2227 4281 2594 267 1589 1450 4545 4633 2002 1437 2207 4943 2436 3368 2275 1496 2422 25 4091 3436 3193 3640 2971 774 1550 320 1970 3953 4289 650 2558 4489 2321 4312 47 3169 2522 793 2106 3587 1646 1367 3920 4938 1920 3305 3747 4623 3363 289 262 2018 3563 727 792 4452 3063 2581 3666 2006 1653 3665 3459 4323 1101 2560 2049 566 181 2889 3227 4903 1686 3698 4576 3502 1488 746 4439 552 4698 2527 4985 4169 4203 1793 4694 3554 4654 4862 3040 1290 349 4406 924 4877 3230 2129 3186 4283 4788 1482 1252 4244 708 1472 586 2928 3705 1894 1404 143 4262 1000 2779 1508 2667 3767 2275 2874 1744 4934 4273 2834 330 3226 3716 4202 4876 4159 3979 2223 2531 3080 3368 1387 139 3651
4819 1258 2666 4461 4268 275 4946 3279 501 1745 797 3731 736 603 2351 2240 3360 826 2914 4357 3354 556 3596 3807 4802 2530 1459 3549 1974 2299 2526 2241 1335 3912 2757 4231 198 1643 581 228 3372 4137 4920 102 1253 2731 883 1233 2552 3363 4419 1557 2497 4073 4552 2114 1533 1922 2617 2033 4631 1784 3884 4806 1517 2915 192 4250 3818 607 3583 3066 2648 1988 1844 211 2862 2313 2172 2372 4597 3807 4668 3757 148 3997 3032 3368 2141 3719 3558 1583 2033 2335 1247 3378 115 4463 4097 2820 239 2466 3717 2365 70 2101 3704 4616 3679 3142 4071 4460 789 2452 855 4352 4894 2627 4365 4740 745 555 2362 3917 2112 4908 3440 1766 3971 4087 1807 3145 3050 2535 3737 98 2905 3092 1457 3006
4951 4621 1519 4630 2332 518 2736 4252 946 1612 2392 911 3035 4638 1001 1143 4739 4501 593 608 1714 310 4034 994 858 188 1835 3110 1031 2571 359 2357 4478 348 4801 2599 734 3825 4146 1239 3497 3640 4712 3428 4276 4177 3193 111 3834 289 1557 2402 182 4603 3028 3081 1604 4412 1690 4844 2866 1721 2527 4429 3994 1298 2115 634 4727 58 873 4116 3714 764 1281 4768 4275 1880 4777 3968 4009 1880 1302 1546 2048 271 139 4121 1923 1879 225 2867 3657 3240 3766 999 167 829 208 2253 912 1532 2227 3259 2020 231 3044 4184 120 3665 2635 2159 2294 2306 4788 1165 3031 3340 4060 2664 4876 3035 4981 2184 3065 4263 3279 1622 64 1732 4930 2662 4624 3093 3821 2688 2018 1094 2001 2966
303 2155 1065 2461 3986 2675 4180 4575 3654 1927 972 4192 4684 4359 1609 2231 753 2236 1246 1583 887 2460 3268 2211 3212 1193 3072 3686 3083 3584 511 1308 1435 1626 1901 215 1372 2421 3722 4108 1722 4205 1023 778 4271 1535 979 2084 2663 262 2497 182 2376 2195 3643 3797 1362 1767 3918 540 254 4039 1978 656 131 1855 1776 3228 4522 4082 4154 4040 737 1095 4110 4275 4360 1026 1616 2378 2882 3451 4570 2467 1046 3940 1033 1399 3806 3889 2503 4369 3084 205 2701 1132 1078 4692 1503 4027 347 1542 4454 2406 4044 1075 2613 64 4139 2362 3896 374 4476 4636 729 4724 2355 3245 3394 3760 3806 702 509 2367 364 4687 3560 1622 2822 1206 3217 3624 3197 1410 3095 690 2945 1445 1862 1238
4185 919 824 3181 3361 4851 4648 1547 1581 403 917 1961 2729 2154 3630 464 3322 1139 3930 4020 1326 2091 1481 346 2080 1392 1269 2588 3863 2467 2030 3089 350 845 32 1107 703 285 4688 606 4123 910 3233 745 2777 3000 2700 2471 509 2018 4073 4603 2195 4598 471 148 4407 3656 1009 4863 2990 2882 3185 1418 3106 3939 3707 3295 4016 3801 3513 1615 584 939 1579 2165 3444 4017 1898 1936 3102 1416 1868 1658 1942 248 1419 4531 1777 3565 1556 2096 384 159 1476 1285 1516 293 2245 1508 2661 731 4924 2596 2922 3459 3226 285 1120 58 1718 2263 377 2671 4022 4200 887 1536 88 1616 4428 2573 4698 2831 3905 1192 1761 4029 1540 410 2394 1728 4908 390 4651 2092 1594 423 4645 2846
2421 4032 2081 2177 2003 3310 680 636 736 493 1001 1893 1559 2878 1505 4176 2592 2524 4069 4320 707 2658 1992 1237 1680 1353 3436 4412 116 845 4807 2749 929 2139 2303 4124 4375 3914 4298 4830 4518 3521 908 4980 4915 884 3013 3829 83 3563 4552 3028 3643 471 4217 1845 2484 4860 3341 2082 2572 1937 2005 4134 4543 1263 3388 1419 2232 1416 805 4295 2736 2860 143 631 112 660 43 2241 1232 505 1325 4123 1559 4160 455 3317 806 4895 2571 2100 4571 3952 62 1736 1216 3701 368 4758 4932 1234 890 4708 786 286 4016 2498 4263 1985 2835 841 3967 3404 4948 3792 1228 2620 1711 1402 815 770 3301 1320 2010 2541 2171 27 1759 2831 2659 1371 4530 597 3779 4251 75 2840 4307 4222
1519 3295 4592 3010 2196 4835 436 3284 1751 3182 4595 3417 1090 711 1701 1086 4461 1069 2139 1101 3937 4200 977 3723 186 2481 1611 2789 291 152 1499 2827 4216 750 182 3250 416 2811 3878 3253 4774 1710 4037 2840 2220 1069 1942 1461 221 727 2114 3081 3797 148 1845 4359 4772 1362 2342 2699 681 141 3278 1728 1514 1248 4729 2649 3734 3086 649 4806 4410 3830 4237 291 486 2295 353 1991 3751 4014 3749 743 1233 3679 2077 3416 4102 2408 1081 1194 1349 4879 1700 2835 3477 1585 1471 4372 3874 540 4774 3158 1621 824 2338 3472 4572 3706 780 2169 1649 728 1731 2950 879 938 4394 1358 361 2505 2120 1586 1851 153 1502 2841 1693 1098 4858 2451 2303 4182 4853 2711 1824 1239 1850 2896
2732 3720 231 4878 3061 2002 2915 3171 2069 525 2315 2119 2355 4457 1119 430 1512 1247 4921 2938 4325 773 1780 4444 2522 451 2092 431 204 844 4771 3685 475 1397 4604 1097 3139 3010 3248 1788 4946 3673 1816 2840 2806 3436 1240 4790 2247 792 1533 1604 1362 4407 2484 4772 1316 4303 4120 1809 3290 3392 610 1779 1731 4629 1230 320 3149 2122 3673 3649 2843 848 3557 4909 3399 3422 2500 2037 2435 2705 103 62 1905 4284 4473 2051 596 2499 435 1895 704 584 58 4219 1767 1122 4181 755 2434 1733 3375 2340 544 1389 4029 3842 3691 2761 393 817 940 4672 3555 720 3878 963 100 758 1556 3195 2071 4354 416 1946 2309 1478 845 741 4482 3619 2059 376 4851 3116 860 2637 4827 1532
1561 979 3818 103 28 4819 1213 972 3823 1326 1875 4539 1947 1362 3344 3244 2640 455 3545 4576 1562 1686 2714 2688 3391 2495 1842 4244 176 1188 303 4176 1257 2260 4243 3362 791 4616 2959 1584 4792 3523 3673 175 107 4943 4500 2296 520 4452 1922 4412 1767 3656 4860 1362 4303 648 2217 1975 2454 1954 2905 1575 4032 692 3351 3163 2653 3041 3050 1400 2851 4208 3620 4581 4534 3038 4766 46 4552 1183 136 1907 1641 524 4470 1318 2318 1692 1804 567 2594 1210 699 3697 1175 3224 1915 928 3956 4124 4589 4063 2489 4372 3536 3088 4146 3484 4412 662 4086 2508 2545 1342 4769 4449 4044 4574 1616 649 245 4478 3927 1161 4208 694 4366 3965 3555 4431 4553 237 3894 2041 621 677 1361 1410
