N: 140
M: 20
Symmetric: true
Triangle: false
2 69 82
4 61 56 124 95
4 99 5 77 29
15 58 14 72 27 128 79 11 135 37 59 102 16 90 17 35
7 30 101 25 38 104 32 106
6 136 138 21 6 129 70
11 33 85 86 9 78 120 50 42 87 60 40
8 28 43 22 139 123 13 119 23
9 125 89 45 26 1 15 93 48 92
13 88 97 54 81 24 98 131 76 83 46 137 66 103
7 105 71 75 126 111 121 49
7 134 20 73 19 107 65 52
6 112 34 114 132 110 113
6 62 100 4 63 68 109
5 91 122 10 8 74
4 67 94 108 118
8 57 130 31 47 36 44 64 53
6 127 41 117 115 12 80
6 96 84 51 116 3 39
6 7 133 140 2 18 55
821 3820 3187 1929 2444 1981 1894 2180 994 4620 323 2066 1637 2047 527 3618 558 238 4698 3558 3232 3040 2452 3248 279 686 663 516 4954 1412 3244 2977 1928 893 1573 458 4620 190 1323 3087 2128 2055 3675 4776 1500 1343 3839 4468 1010 4164 1832 459 2971 418 110 3878 1190 3610 1061 4611 1570 873 1711 4069 4130 2608 16 3680 4289 3415 1783 144 979 273 2563 4953 4922 4512 919 580 3153 137 1120 4983 3711 2742 1473 1168 3486 4272 3905 3850 1980 1461 3896 3529 2261 1150 226 4632 2967 2409 2191 1953 2660 3346 1687 4626 2967 4016 4292 2908 258 2520 265 3144 4252 4656 1322 2456 2147 4287 2514 2609 1728 3386 3633 4537 573 4419 1290 3686 3426 3729 239 910 3771 3438 162 4147
3820 4684 2343 1946 4145 2708 2847 2205 2684 4542 3887 130 4549 1969 4135 1733 2119 3262 392 3837 295 210 2676 4572 3975 1894 4192 4314 458 1497 2236 4086 1231 3298 2368 150 3695 3817 1767 192 3970 1740 1039 1261 256 3971 3952 11 1841 957 1286 2456 1097 4504 736 3309 3562 2124 4356 3102 4352 273 1769 3845 1236 1057 4189 1620 1015 4063 338 97 3356 4841 4368 4572 1228 4089 4302 4691 3831 3403 2667 845 2825 2628 897 4346 4781 1370 1350 4281 4433 561 4002 2083 2797 525 721 3928 64 4523 2792 29 3791 1386 716 4792 4024 1523 3025 1735 3080 3566 2754 2215 173 4208 4804 3300 4555 3477 2601 260 987 2612 4226 1946 793 1314 3917 1382 3408 4062 2130 4031 2004 3696 1177 4708
3187 2343 950 4916 4773 4495 2853 3845 4343 94 4971 584 294 2485 3983 4519 3681 361 2583 1130 2965 41 4230 3864 1979 3690 1528 1481 79 656 2969 964 3447 1471 4340 1188 752 542 1357 2488 2064 3371 136 2242 2662 3887 3344 4869 406 1865 3610 76 3702 1514 4110 1037 2730 23 4753 2696 2083 4839 4076 1786 389 3829 1985 2432 4207 2585 2033 2902 4952 932 1301 2204 520 4047 1326 4951 537 3284 492 4539 4189 1554 119 633 2643 659 774 82 1973 2910 1231 3045 3719 2441 853 4013 4926 1567 549 4005 3289 2141 2664 1781 4169 3030 1896 833 1382 1501 3551 3324 1338 2504 4520 79 3518 2171 1894 2867 4534 3215 2495 3732 4038 3445 4786 346 41 2289 1769 1756 2746 1038 4636 631
1929 1946 4916 3494 2564 3114 287 1530 2089 3911 3563 3164 1996 3419 1283 3790 3811 3539 4350 3090 1943 1440 937 2744 356 403 3052 2044 3299 2813 984 1591 3326 3830 2057 546 4538 4740 3457 2125 1039 2887 1075 4291 629 3383 3760 1279 4527 2160 812 494 2487 3942 4233 4284 515 4774 371 815 4505 4042 3902 463 3586 3311 2697 3052 3073 4192 1514 4648 1374 3906 579 811 4876 2204 3401 4061 814 3540 4997 46 1407 540 4345 2162 2989 4183 3439 679 596 4615 1590 2149 3284 4805 3206 4787 3211 1614 50 600 1773 4600 4425 4381 882 739 3711 862 1492 3180 1527 600 1899 4066 4947 3786 846 3866 2656 2838 1437 3800 2685 1400 973 2399 3277 1323 1102 3295 491 1964 553 1494 4770 710
2444 4145 4773 2564 2355 4040 984 4506 1772 2902 3099 1302 2373 188 3476 1176 1963 3020 4626 4842 4213 2813 383 1499 1442 4448 1088 3658 3068 1069 1231 701 4668 2559 678 2346 2105 3381 41 4370 1966 4300 2689 3509 4718 980 1240 2013 125 224 1205 3868 847 1403 91 3848 1601 2751 3823 3203 1984 4243 2069 1568 1923 2030 1602 522 2192 4440 111 2965 1835 3769 3249 1848 1797 1988 3811 1313 926 3822 1317 630 817 4236 4567 4552 1101 2208 4285 1460 2815 2382 2433 2287 2025 2176 2786 3160 499 2630 4762 2139 2703 4160 1887 3188 2343 4098 1037 2114 2369 652 219 2352 2964 3511 3684 1604 1423 2230 2302 787 1141 3666 595 2832 4562 1761 3712 131 289 2923 2444 4674 2907 1547 2648 2219
1981 2708 4495 3114 4040 2511 3898 4797 1161 107 3452 3284 3978 161 356 4161 1941 2428 2194 4372 2713 395 2246 661 1615 4335 3773 2647 2205 3053 364 3410 2720 3753 1496 3246 1272 219 3631 4910 934 28 1307 3389 507 4241 2133 2225 2703 2943 1687 1117 3725 2384 540 4935 1884 2847 4162 4196 4979 4585 2034 4620 1343 179 1235 4209 2648 1305 860 3821 3176 273 4596 3679 70 4280 1494 4701 2253 3600 396 165 3551 3807 2928 1005 3814 4404 4514 2423 2214 978 1588 1660 4341 315 2076 4377 3613 1343 3093 681 3676 4285 3866 3206 3720 1163 2894 1664 4577 2060 4095 1470 3270 4355 4869 2754 2242 3042 2202 4554 489 796 294 4584 4603 4085 1394 440 2832 767 2305 2882 3236 4896 2509 3538
1894 2847 2853 287 984 3898 2517 2731 1152 2610 4993 1238 432 3541 2739 1867 3835 1910 4692 2874 2069 4293 3679 796 3223 2028 67 2254 2148 3872 451 3432 2462 426 3011 1561 263 4805 4572 1103 4182 4457 37 165 1894 432 1193 1138 1569 2529 4287 1465 2225 4777 4841 714 78 3546 4424 2398 617 3741 2410 1568 1877 3673 1922 4433 2772 2742 4074 2161 4006 2333 4007 4316 4739 1058 1441 3609 3970 3493 1147 1086 3586 1813 3797 3632 2387 4048 2422 1428 2961 951 1342 2289 466 2327 4237 3672 3231 2440 1212 3734 1288 2787 348 2506 3308 431 2970 4381 735 2958 1491 1934 3971 2150 1792 3122 3349 2597 3242 1354 2785 1481 122 2270 3115 2044 2286 4102 3518 57 1566 2180 3596 3102 1320 1865
2180 2205 3845 1530 4506 4797 2731 2587 1789 2778 2954 787 1178 3522 4098 3540 2031 3665 2007 4640 1323 4525 3521 1532 3591 3935 3840 4392 2505 4064 2338 2395 1977 4683 1323 4137 2928 1303 2097 4653 2771 2209 4960 4334 894 1008 4615 3341 874 4436 2190 4627 33 4624 2298 522 4385 640 3895 282 2425 2107 2586 1813 3612 4601 925 2581 2961 2869 40 1362 2342 3504 1366 3709 3934 579 4702 2375 1098 4002 3329 184 3452 885 330 1090 4839 404 501 2611 3100 4306 2562 4704 1363 3897 206 1725 3650 2917 1237 1997 1579 118 1718 2400 2322 2335 2944 931 4988 3653 122 647 1710 829 4279 3379 4653 3108 1977 2321 3675 4224 2904 4611 2812 2186 3054 4089 133 1078 2059 559 1400 1583 3005 483
994 2684 4343 2089 1772 1161 1152 1789 4657 4812 1692 1356 530 3073 4755 873 4038 4283 1899 1202 1729 1425 1082 1439 395 2635 4020 284 988 1423 671 1786 2994 3328 1481 3879 960 4442 2485 3131 552 162 1622 3971 2021 1605 1487 1013 2057 1261 707 2918 4138 3866 1568 125 3454 3735 592 225 3158 3518 1697 1322 3596 1958 382 2695 2703 3151 4062 1082 2987 2724 230 4491 2551 3751 906 2413 1769 2802 1835 511 347 693 809 1394 940 3219 3455 3539 2503 1161 4575 233 2136 2391 4332 3625 1770 1068 2481 4660 1290 3243 2097 1417 1470 1364 1868 2509 4836 3391 310 2579 4640 722 4146 4989 1002 89 3469 3350 3493 610 2341 4385 3546 1559 292 1414 964 2695 142 2675 2473 2861 4560 2903
4620 4542 94 3911 2902 107 2610 2778 4812 3768 2223 1263 1884 2311 4884 1736 230 4688 1465 878 693 1271 3408 3209 2743 83 2328 4847 593 1379 475 3020 4940 2217 3586 4191 32 3787 4125 4059 4626 2175 304 4206 4978 1891 1503 1782 4143 464 214 2101 30 570 3642 2187 2139 3607 2324 2781 2050 3636 4272 632 3714 315 4529 4104 3590 4443 1095 1281 4393 2667 4394 3661 2711 4211 4508 495 69 1310 4694 3358 1269 4853 4022 1333 3226 3720 3375 2873 4862 4471 930 335 724 2295 1774 1016 2883 505 1412 1978 2944 4307 3088 3805 2411 1689 4878 4398 3739 2921 1529 4851 3463 2962 905 1362 1663 3251 280 1678 1033 4616 81 1927 2452 1786 2596 4901 4805 3479 2220 4137 524 2288 2098 3691
323 3887 4971 3563 3099 3452 4993 2954 1692 2223 1944 1009 619 292 1673 4985 465 3237 2898 4766 24 3234 2039 1778 1102 138 1321 74 215 1848 2425 1436 2958 1437 4917 4558 3379 374 392 3606 1362 1031 4685 3296 3737 1144 76 3899 2824 2571 4044 538 545 3732 344 1544 1583 579 4245 2919 3227 3119 4176 2968 2084 2135 2023 2137 3082 4125 1291 1645 2438 3180 840 2220 4125 1760 3684 2431 4719 4843 3518 2299 2183 3469 1894 1515 3559 4455 255 2820 4462 2524 2487 3636 4424 2148 1648 3241 2003 2343 3970 3214 1271 3363 2459 599 1950 3736 4111 1946 567 3187 2749 182 1145 377 4041 482 2353 4924 1134 1402 4454 2826 3648 759 2145 2357 4690 4915 3386 4475 2533 424 3486 4492 2527 29
2066 130 584 3164 1302 3284 1238 787 1356 1263 1009 70 1416 3204 1236 4264 2237 664 2217 1552 755 2195 2595 586 1327 2180 4915 1784 3086 3846 278 543 3980 1708 4086 29 735 3577 3923 2703 2743 4232 977 2369 1377 2345 987 2219 3824 4599 3435 2442 3272 1957 1225 62 2452 650 4780 798 2657 4905 622 4903 2066 38 498 2577 3876 4598 542 630 3746 4464 3800 94 135 4332 4275 2099 478 4161 4050 4393 149 1667 2712 2420 2574 3766 152 3232 422 3745 3932 1718 4681 1465 452 3765 2944 2020 127 3611 1423 3639 390 578 1290 1947 3776 3054 3021 2662 3622 4767 2295 2115 4904 4139 4566 522 804 24 3920 427 366 2925 831 4599 820 4794 3849 1269 1019 139 2872 3647 4515 313
1637 4549 294 1996 2373 3978 432 1178 530 1884 619 1416 2936 2232 2793 578 2435 1335 2607 4406 545 3941 389 3303 3116 1469 3037 2023 1993 2285 4850 1332 2616 3278 2326 2772 4803 2040 2895 1234 2979 4999 3449 4641 4824 143 3260 2070 872 792 4092 4624 1890 4771 4597 3143 4358 1175 1322 4349 1907 1391 1742 1772 4925 379 36 1677 730 4814 3913 3867 1731 2215 455 4286 2607 873 137 4747 878 1506 821 4662 1612 2296 4077 10 1507 4024 1150 2685 4269 420 3281 4326 315 2775 4319 1805 1477 3053 252 1821 851 357 1579 4077 4139 2160 3873 4507 3878 2163 2422 2302 1472 4371 925 3235 4426 89 317 4882 3272 959 1767 1141 4464 4727 581 4207 339 804 4450 1816 2731 3953 2259 4670
2047 1969 2485 3419 188 161 3541 3522 3073 2311 292 3204 2232 2530 964 3845 3899 3021 3798 4785 274 1561 336 2395 4678 4116 3680 3299 2871 1237 4485 2324 2449 2680 4298 3357 3003 4611 1083 1099 615 4501 1925 1202 3850 2915 432 1302 1576 2315 4963 1389 186 619 2272 4722 870 4303 3479 66 2000 864 4719 4014 477 2217 2385 1213 1063 936 4053 1427 1808 4373 536 327 1268 3573 1512 3248 185 3606 1768 1288 3775 1125 1553 2783 84 4094 3364 374 2609 1921 430 3583 4974 2058 755 3654 3193 890 3076 399 2813 2319 1485 3383 1701 1429 869 2477 1323 4488 3186 1463 1854 214 648 3537 3057 1248 2689 3816 4599 1237 3325 624 572 1235 2640 4539 4219 3560 520 3036 2944 1510 1136 397
527 4135 3983 1283 3476 356 2739 4098 4755 4884 1673 1236 2793 964 4313 2821 4000 3133 3802 706 2623 4685 3000 1842 579 3873 3460 3016 3611 2847 392 776 860 3484 2667 1121 1767 3630 2956 164 3820 62 3297 708 443 4985 4485 4194 1405 3303 947 3422 3431 2012 2553 3079 4694 703 2640 3854 2683 3683 1755 413 1810 4799 1110 1726 1217 3611 4469 2545 1347 897 1953 4541 4666 4632 1936 2865 2079 1259 4975 2758 3153 2770 4065 999 3649 739 1362 3786 2957 4201 1873 3038 152 3040 1798 2189 4043 4030 2084 4532 1961 454 1622 3390 686 464 3898 4263 3561 4072 3505 2506 3498 3236 2665 4685 981 3809 2084 194 2248 1030 1330 1780 3869 3885 2846 1600 4742 3022 2405 1900 3548 1382 2769 1372
3618 1733 4519 3790 1176 4161 1867 3540 873 1736 4985 4264 578 3845 2821 204 275 107 3714 4736 4973 1466 3435 334 4557 410 3870 1068 1923 4544 2954 1937 399 2545 1982 2657 2403 719 4129 3889 194 1971 3889 3614 2272 3278 1630 2076 3301 4546 2831 1034 83 1814 2681 122 1849 4451 3730 1471 1149 314 1598 630 2185 3858 53 3293 2521 1556 3858 3456 4669 3712 3373 2829 345 2672 1210 4808 1955 2577 4951 2343 1587 2532 1069 4549 1600 716 2771 2974 3562 4891 3237 1725 2791 2883 4294 4297 2244 2239 3182 296 4691 4195 4730 1264 898 623 749 4902 3936 3799 3067 4743 3182 4643 1435 1709 4739 3279 4154 4076 3099 270 3027 4768 3684 1461 4903 2706 4676 4158 3605 1227 1733 3395 436 2271
558 2119 3681 3811 1963 1941 3835 2031 4038 230 465 2237 2435 3899 4000 275 3531 987 3367 3190 3318 1071 4755 1910 1004 220 3476 347 3622 127 471 447 4496 636 2079 4904 25 2751 4927 3279 3176 3785 4570 4480 1030 1514 1943 1911 637 1892 1641 4334 1528 1681 4552 3117 4996 4487 4874 2144 4934 4254 2688 1840 1886 909 703 1918 3149 3428 3527 2372 134 2681 381 1862 163 3313 1112 4174 2474 4864 1382 1385 1578 1003 4242 1138 1020 1155 4207 2921 4694 1350 4260 3151 314 869 2157 4256 4602 4773 1017 3357 3977 3891 4851 2491 1137 1891 4625 3449 626 1504 1614 1450 2134 2012 3039 2080 20 536 211 700 2416 4617 1089 4852 941 3114 3719 4437 3320 4608 463 58 4829 3288 400 3440
238 3262 361 3539 3020 2428 1910 3665 4283 4688 3237 664 1335 3021 3133 107 987 835 3773 2572 123 641 2307 1950 4133 2044 1950 3712 2649 2281 4078 1027 473 1796 1197 110 4575 3675 2657 3281 4045 4526 760 1628 1853 600 997 4398 866 698 2878 1423 282 4698 1712 1743 892 506 3892 685 1184 3988 4595 3978 3094 1777 391 1490 3090 1151 155 3496 1171 684 208 4730 3475 4006 1881 1309 1924 234 2834 3759 1051 3319 3310 3475 2764 4941 3037 1126 4792 871 2484 1263 787 885 4120 3379 3743 829 1997 3132 1468 4915 2282 2140 840 646 822 655 2047 3679 495 1584 4531 4606 2513 693 3204 3945 4646 2374 1557 3789 1505 85 1060 623 1191 4472 1925 4293 1229 1799 631 4900 4398 4911
4698 392 2583 4350 4626 2194 4692 2007 1899 1465 2898 2217 2607 3798 3802 3714 3367 3773 1419 875 3852 2866 3806 1690 4958 2616 1245 630 3725 754 2195 3134 4111 2573 598 3746 1343 307 3727 2166 1750 2343 4288 156 1684 3000 1624 3539 902 3492 1531 2739 687 235 147 3051 3534 3751 1511 2526 1414 459 4418 1019 2364 2457 2426 2196 3000 2057 1814 3119 3256 907 2999 446 1712 3386 3845 875 1851 3722 1840 3625 4940 3430 3299 206 827 2504 4677 1000 3731 3586 1974 3761 3672 439 1508 1464 279 1860 2493 3290 1697 3895 2606 4835 800 3539 3194 473 2705 1612 2078 4214 664 735 3615 4965 2342 2186 3522 966 3721 4838 2312 3564 1957 3278 794 3109 3221 2002 2478 646 463 2758 4834 1171
3558 3837 1130 3090 4842 4372 2874 4640 1202 878 4766 1552 4406 4785 706 4736 3190 2572 875 2569 2500 1997 4482 1399 4308 4390 291 1481 4492 3040 3158 3892 2731 1607 2011 197 4824 2801 74 4493 1504 2420 1614 3637 75 1203 2134 796 1901 2061 544 3873 2975 1557 3904 2872 221 2693 4102 383 4362 1001 549 935 1189 3979 1180 4259 3110 272 2011 2825 1949 1789 3135 4424 4672 4090 4340 2169 1051 1715 4703 48 2602 3775 3105 912 3714 1257 3888 4494 4891 3488 1366 4963 2248 338 3017 4413 1896 4835 2637 2087 818 2400 2974 4740 1264 4172 3488 1359 1037 4140 1669 540 4454 1841 1337 1581 3249 3004 249 4192 3751 733 741 3694 2909 3733 850 1510 3177 2075 4253 1686 4903 1625 57 4592
3232 295 2965 1943 4213 2713 2069 1323 1729 693 24 755 545 274 2623 4973 3318 123 3852 2500 127 865 2241 4131 1459 3719 2708 2969 3395 2730 2630 2385 1801 2098 4395 1824 4601 555 3106 3943 4775 3694 560 4244 949 1283 3978 4980 3188 1968 432 105 2788 387 28 2234 243 1776 4808 1415 3078 1178 419 4370 3544 3896 1690 1351 3183 4309 1218 4161 3375 96 2002 2858 3955 4465 628 3253 2507 1905 672 2952 1060 4146 782 3987 1185 4632 1588 846 554 3926 4573 3251 4237 4205 2916 4443 3353 1874 3198 3141 4246 3206 2859 1109 3362 3997 1688 3268 1410 2183 2763 4860 1520 1204 2752 3955 3339 17 2136 762 4051 1789 4829 2083 1039 770 975 3733 1508 4029 1213 264 405 2322 1204 815
3040 210 41 1440 2813 395 4293 4525 1425 1271 3234 2195 3941 1561 4685 1466 1071 641 2866 1997 865 2661 2960 4143 4142 4089 3831 3404 1004 659 4555 3547 923 4223 2322 4262 3072 2150 4922 884 1992 337 3941 2562 3198 3546 4523 3893 1309 1356 2010 3806 4102 3704 141 2887 3752 16 3003 1100 551 1072 1362 2883 2468 2894 912 1358 4142 360 4938 3879 1287 3371 2312 758 4205 2031 2027 2301 273 4821 1037 4280 4491 4829 1457 1178 3292 4063 3697 362 2042 4102 1193 161 1490 4685 1321 1800 2177 673 496 2270 2897 4473 258 4301 3797 1858 1195 28 4374 4042 1697 1560 3338 2918 1419 1890 319 868 3431 3518 3176 4061 1192 4135 3688 493 364 3380 673 3726 3124 2224 1058 4046 3482 1260
2452 2676 4230 937 383 2246 3679 3521 1082 3408 2039 2595 389 336 3000 3435 4755 2307 3806 4482 2241 2960 1619 41 2107 498 3037 3517 4869 2174 3646 3549 4398 1798 3300 3922 2264 745 810 1574 1977 983 2774 4091 3223 4561 4132 2462 2915 2397 4653 4281 4554 4877 2057 4813 724 3325 4386 3909 2892 523 2253 3818 1471 2901 4639 4656 3120 2493 1300 3479 117 4660 1374 1596 4489 1327 702 2276 3381 1425 2296 3649 1590 14 1728 1586 3340 413 1928 4800 1437 532 2692 3185 1731 4774 2955 2252 1747 3908 1212 1520 1556 3551 4564 4044 1121 3179 2212 2178 1002 1231 613 3174 2568 1102 2945 4199 4495 3585 3022 3331 3486 3742 1863 1515 918 496 3317 3924 4521 1613 2179 1301 4081 1385 4275 4492
3248 4572 3864 2744 1499 661 796 1532 1439 3209 1778 586 3303 2395 1842 334 1910 1950 1690 1399 4131 4143 41 4223 392 1700 3374 4236 4887 196 169 1560 3890 1786 4292 3006 3945 2490 1426 3573 2521 201 293 4874 151 2693 1207 629 2535 182 2881 4822 2941 1830 1565 3252 4097 4221 2195 1458 2627 756 1098 1036 2637 2392 2413 2430 938 4090 2467 1083 2129 2752 4905 3111 2354 684 3633 819 3832 218 4416 1818 2548 2822 2874 3639 4399 4375 2301 3847 1715 2535 4832 3983 4554 1514 461 1852 4041 3266 2383 3459 3858 626 4943 3363 1881 3936 2037 1687 4790 3918 3558 3819 1513 3268 1592 4716 1003 55 271 3559 708 4376 1734 646 1375 1661 3224 3128 3802 467 2305 3103 4153 2048 780 3727
279 3975 1979 356 1442 1615 3223 3591 395 2743 1102 1327 3116 4678 579 4557 1004 4133 4958 4308 1459 4142 2107 392 2511 1859 3292 3099 1247 2371 957 632 2110 2146 357 1732 4664 4922 3346 567 2275 1282 631 2113 3590 1181 1744 4803 2007 540 902 391 4719 4603 3049 44 2192 4600 969 4436 4020 3408 2558 2864 1414 2736 3410 2099 4493 1109 528 962 1562 2300 2735 253 4087 4448 2783 4790 2152 4305 1647 237 653 1153 826 907 4744 4706 3661 947 3826 1934 2968 3596 3227 3358 182 446 4226 1838 2085 1458 1159 1899 3559 76 1776 991 4917 3820 1933 3575 662 2238 1938 702 243 4457 3640 1668 2179 2391 1751 435 1309 16 3144 293 1777 427 1131 1713 841 548 3584 182 3070 4041
686 1894 3690 403 4448 4335 2028 3935 2635 83 138 2180 1469 4116 3873 410 220 2044 2616 4390 3719 4089 498 1700 1859 3433 2583 157 3815 80 3986 1275 4472 2385 4892 1714 4427 4756 3155 1053 4101 210 1232 1944 4226 4169 3392 34 427 171 3530 3372 162 1797 3869 316 2520 710 3058 1490 932 2741 1127 1078 914 4505 4490 4003 809 316 988 1081 3337 1941 2014 146 2931 2026 1671 3949 3820 1375 3490 3324 2402 1827 4978 3369 469 2488 2685 3418 1386 2916 2995 3215 3100 1905 4941 3328 3185 4514 1235 3827 4954 4190 2437 4384 3358 1921 3729 1778 4150 4862 1781 4262 2949 3217 3510 3142 80 4932 1095 4890 3670 3297 4713 4679 3867 3512 3146 1085 1213 3926 3432 3933 1255 2305 3985 2592
663 4192 1528 3052 1088 3773 67 3840 4020 2328 1321 4915 3037 3680 3460 3870 3476 1950 1245 291 2708 3831 3037 3374 3292 2583 3476 3814 1392 2284 1583 91 269 1244 1147 3502 2493 2156 2727 1372 2552 2961 3333 4986 199 866 3746 3647 744 819 1419 39 993 4069 1223 3765 4690 2579 4019 4138 4533 4177 3548 4756 2177 4043 3515 57 1867 4070 2516 2787 1819 1656 933 399 3357 2805 327 3351 1815 3288 4172 1085 1714 4704 4648 4660 1857 4071 522 1320 1478 930 3657 3579 2843 4790 4928 604 534 3145 4241 1844 3898 3488 4328 1115 933 856 4354 3343 583 4495 2317 3333 1745 4844 4059 2178 4823 1405 2561 1896 786 374 3098 2283 4566 2351 1157 3529 626 3686 1246 4267 341 170 3454 3924
516 4314 1481 2044 3658 2647 2254 4392 284 4847 74 1784 2023 3299 3016 1068 347 3712 630 1481 2969 3404 3517 4236 3099 157 3814 2612 3699 3893 3217 1750 736 591 3785 3898 658 3893 4789 1437 2193 1846 2899 4434 845 2312 3852 169 867 4593 1037 1461 2483 4683 4495 136 2080 2864 4560 1246 4418 169 2926 2962 1023 3667 4568 4367 4906 2101 4810 4873 585 1088 2849 2262 1314 2082 3320 2090 1790 2326 3479 3330 3614 411 805 2071 1942 2544 3562 4898 4832 1688 3249 4774 4711 1645 3255 3078 1718 1999 2347 652 4844 2890 4773 4325 3082 3959 3845 2611 1362 4372 3468 1381 259 209 3821 4134 4226 961 4279 178 39 2050 481 999 3972 3744 3525 2258 4060 2242 3477 469 3991 189 49 4580
4954 458 79 3299 3068 2205 2148 2505 988 593 215 3086 1993 2871 3611 1923 3622 2649 3725 4492 3395 1004 4869 4887 1247 3815 1392 3699 1534 4418 815 3589 4784 1649 2196 3594 132 3851 3593 1831 2630 1991 2631 1968 3051 1175 2303 1364 4123 2848 1083 4224 535 1045 303 1135 1675 4852 706 2720 2727 318 4229 3336 4624 2140 2589 345 3191 2666 4995 4631 3134 461 291 4182 986 4000 2273 3124 4551 1484 1835 153 4814 3424 4953 2343 4099 2123 1572 2440 2196 3754 4853 720 296 4316 1459 155 4504 1119 115 103 1837 2742 4381 4661 4437 4230 3819 4691 4997 1605 1919 577 3866 1335 3797 3543 3856 1618 2583 838 3607 4568 3919 3753 4763 2905 2012 604 2980 795 1245 4773 2663 2273 4289 4119
1412 1497 656 2813 1069 3053 3872 4064 1423 1379 1848 3846 2285 1237 2847 4544 127 2281 754 3040 2730 659 2174 196 2371 80 2284 3893 4418 1907 922 3844 1014 130 17 3625 4890 1619 1284 635 485 3314 4373 656 589 3833 2542 948 4251 1575 233 3909 2526 2836 2568 2863 3497 4087 960 4145 1826 1781 3128 1769 4858 4240 4641 1078 1350 4206 814 2641 3130 766 2597 3748 897 4980 3365 4044 2102 656 2657 3061 3963 2517 1971 893 4808 776 4419 1603 1604 2163 2279 3600 23 4765 2591 3265 339 324 2396 306 3000 1088 3546 2314 4845 268 4283 2565 2514 3972 2476 2646 3018 2605 3950 3409 218 53 1836 4428 1037 2665 1860 756 1133 1440 1105 3046 1320 832 2246 1344 4146 4928 4858 302
3244 2236 2969 984 1231 364 451 2338 671 475 2425 278 4850 4485 392 2954 471 4078 2195 3158 2630 4555 3646 169 957 3986 1583 3217 815 922 4540 1822 3233 4816 4205 4588 219 3954 1823 2431 3558 3010 2317 756 1574 2534 2571 4192 656 332 1896 886 1392 3491 2621 4808 940 4596 3329 4091 2659 3088 783 1950 4615 4273 4654 4844 1070 2603 4305 2888 4613 1593 1610 387 1421 2391 2612 450 4848 532 4331 3608 1138 3216 3629 4997 4224 2538 4582 2739 4106 4615 2319 3836 541 2617 2740 1079 4667 4005 1835 1864 1329 406 2784 2115 3293 3671 3463 3311 1069 844 3051 1560 1009 912 4979 1169 1170 917 2957 1014 3415 4118 2332 549 3533 1180 2049 2909 4793 2770 1378 4111 3435 4000 1614 1490
2977 4086 964 1591 701 3410 3432 2395 1786 3020 1436 543 1332 2324 776 1937 447 1027 3134 3892 2385 3547 3549 1560 632 1275 91 1750 3589 3844 1822 3566 2326 489 2558 4951 4841 3328 4107 4531 3272 3984 1357 1830 2645 406 2891 4548 81 4144 1202 4938 1494 350 3666 2286 56 4592 3165 3174 869 120 4114 2587 2797 2598 4927 1060 2754 2016 1445 3833 1178 102 2145 2474 655 2327 3968 416 3091 4013 1929 936 2201 658 1885 1996 2977 4507 396 43 1228 2791 1932 1555 3379 1725 734 1728 4734 1542 2111 4211 2720 2703 2548 3152 870 3065 1162 3735 1947 3861 4167 1356 986 1275 1804 3067 358 1363 3725 4525 3541 4397 2022 977 4648 472 2251 3763 2253 4315 4820 2480 2806 4441 3365 3130
1928 1231 3447 3326 4668 2720 2462 1977 2994 4940 2958 3980 2616 2449 860 399 4496 473 4111 2731 1801 923 4398 3890 2110 4472 269 736 4784 1014 3233 2326 2376 4527 2218 3960 4217 4434 2155 2057 2306 1758 2186 2676 1492 1937 2394 2376 3454 4819 3973 1339 949 4591 3826 4349 1311 1841 2245 4025 2014 4705 1933 4698 2480 2410 2623 1578 4177 545 1641 430 4466 2598 2438 673 978 4022 1851 4217 3499 1939 3912 3606 4057 3309 4132 4266 1401 621 2236 502 2188 1649 4488 1586 2490 3321 1870 4684 4115 3065 264 2376 4539 425 2933 97 151 1396 1782 1747 2559 2406 2347 1990 1102 3385 1785 595 1756 4775 4473 3334 4589 3540 831 4934 332 1856 2665 1827 3509 4107 1175 2603 3872 1353 3823 4900
893 3298 1471 3830 2559 3753 426 4683 3328 2217 1437 1708 3278 2680 3484 2545 636 1796 2573 1607 2098 4223 1798 1786 2146 2385 1244 591 1649 130 4816 489 4527 183 3997 2114 3506 4952 3607 951 864 4068 3155 3743 3173 636 4310 3723 2908 2892 3671 4086 381 4818 534 1572 769 1115 4491 2118 931 3321 4414 2972 3198 4546 1716 2834 2071 4641 4283 4299 2922 1830 2830 1042 1205 185 2201 530 2755 1082 1605 3156 4303 2353 1621 946 2419 3079 2798 2190 46 826 888 2309 817 327 782 29 3489 961 1711 2391 3246 4342 4110 4828 4965 3753 2708 819 4490 786 1427 3921 3001 1245 4196 1198 3022 1445 3297 2086 2333 485 1919 2211 2851 1579 150 4055 960 559 2555 62 4078 4651 1149 1460
1573 2368 4340 2057 678 1496 3011 1323 1481 3586 4917 4086 2326 4298 2667 1982 2079 1197 598 2011 4395 2322 3300 4292 357 4892 1147 3785 2196 17 4205 2558 2218 3997 3471 94 1916 1139 2528 2465 92 2942 2902 2096 164 311 2638 706 4802 1805 3802 1125 251 4880 4712 3154 4043 2692 469 3816 4988 760 3339 1360 4553 795 809 4665 1311 2321 1245 1806 2906 3084 689 374 403 168 1815 2556 1992 3561 1499 3738 1663 2980 1966 4830 1982 4795 4529 4766 3281 2729 1763 1463 4059 3036 2611 1693 2653 1605 3977 3013 4890 3176 2039 1390 985 3242 3051 1483 2738 3744 3917 493 2826 2239 2156 246 2599 952 4081 3408 1498 4255 2553 3480 3701 728 2689 4979 2316 2323 739 357 2648 3367 3744 907
458 150 1188 546 2346 3246 1561 4137 3879 4191 4558 29 2772 3357 1121 2657 4904 110 3746 197 1824 4262 3922 3006 1732 1714 3502 3898 3594 3625 4588 4951 3960 2114 94 2500 2070 4926 1839 1109 4752 4907 157 4786 609 2619 899 989 1995 4217 2712 3416 1661 4715 1787 1836 4416 3043 2215 1927 253 3294 4809 4274 4372 4978 3639 3905 103 1726 693 4389 2733 3692 2830 4196 3301 3301 4738 4082 3840 2050 2676 3513 3349 558 4099 1924 3316 2408 817 1286 692 1471 520 1016 266 3140 4109 4414 1241 2971 337 4691 4213 1723 2658 4044 1214 200 4004 1798 1919 2738 2028 3400 3350 577 4495 3006 1258 4352 492 2753 692 1494 4414 1763 1228 4264 4073 4865 161 1305 2016 4835 824 837 2807 4340
4620 3695 752 4538 2105 1272 263 2928 960 32 3379 735 4803 3003 1767 2403 25 4575 1343 4824 4601 3072 2264 3945 4664 4427 2493 658 132 4890 219 4841 4217 3506 1916 2070 226 524 23 216 713 4555 3198 4316 2982 253 2557 2410 4520 4766 1377 1978 2324 2398 2373 4034 2955 4743 2593 2835 2054 3475 3947 2155 2241 4141 2297 1038 271 4013 4471 3673 1655 2775 420 576 958 2408 669 1153 2342 4204 3897 3540 3765 2120 735 4477 649 4556 3862 1404 4780 837 3844 1835 3414 1054 3686 4351 4860 855 1694 580 3348 3204 4923 1329 2505 193 4608 3742 2218 1203 3406 1375 2617 3091 2490 3326 1640 4908 4085 3414 153 1676 355 2059 2635 3332 578 3310 2835 4356 1006 1600 1080 4486 2823 1029
190 3817 542 4740 3381 219 4805 1303 4442 3787 374 3577 2040 4611 3630 719 2751 3675 307 2801 555 2150 745 2490 4922 4756 2156 3893 3851 1619 3954 3328 4434 4952 1139 4926 524 4528 2108 1926 2959 192 2843 3555 4676 979 3313 3424 1258 1246 4968 4314 3883 237 2491 4311 1146 3827 1563 1385 1420 1874 939 1728 279 3040 256 16 3627 4453 1604 532 4785 1048 1602 1515 488 4788 3628 1252 3999 4635 2470 1472 1717 4614 4993 3896 613 2916 3590 493 1250 3152 3034 2693 1475 4695 4028 3379 289 2820 2127 2677 468 1855 3928 1267 2689 4506 1225 4294 342 2879 4664 1851 2322 972 1814 3293 1579 4926 1445 3577 1740 4392 1805 1698 1074 4887 3091 3309 769 747 3929 3445 2986 3006 1759 101
1323 1767 1357 3457 41 3631 4572 2097 2485 4125 392 3923 2895 1083 2956 4129 4927 2657 3727 74 3106 4922 810 1426 3346 3155 2727 4789 3593 1284 1823 4107 2155 3607 2528 1839 23 2108 3972 1694 4986 1814 4194 3871 3059 1548 319 2740 1388 3755 370 4976 1574 1075 98 2113 1348 4200 162 3449 3913 3880 2108 2227 549 1716 1785 1584 2242 4043 298 4645 2284 4023 4103 159 854 2015 4374 2836 1585 3095 1674 212 1626 1818 2483 4527 2405 4822 1601 403 3593 3296 3532 4516 315 2491 3818 4926 229 4514 633 4657 30 4616 1484 3545 3063 204 3502 4622 3182 4921 3412 1895 4964 474 3441 2894 10 1723 3383 763 21 4315 330 2661 1098 346 1041 1790 4427 1191 1924 3593 914 3853 1783 2639
3087 192 2488 2125 4370 4910 1103 4653 3131 4059 3606 2703 1234 1099 164 3889 3279 3281 2166 4493 3943 884 1574 3573 567 1053 1372 1437 1831 635 2431 4531 2057 951 2465 1109 216 1926 1694 4483 3383 1445 2151 3507 2426 1833 78 2492 3068 234 3169 125 2343 238 4027 4918 4795 1168 137 160 688 361 3707 4706 4748 4680 1208 4128 3822 3639 1135 2781 2490 45 3002 4241 4146 4272 3483 3540 107 4324 2154 4022 2505 3971 147 3678 1702 2403 3271 3620 525 3008 3925 3325 2689 3890 4563 246 1199 2619 2905 2777 152 25 4148 4856 3304 2150 2541 666 3537 135 3614 3246 2710 1938 1272 2343 2007 4397 180 4382 1136 3760 2385 1033 1281 1823 1035 4937 1439 1291 4083 4113 4075 188 1066 4744
2128 3970 2064 1039 1966 934 4182 2771 552 4626 1362 2743 2979 615 3820 194 3176 4045 1750 1504 4775 1992 1977 2521 2275 4101 2552 2193 2630 485 3558 3272 2306 864 92 4752 713 2959 4986 3383 4675 871 1048 2284 4548 1917 1299 2824 3065 1668 4783 3716 2170 3405 2710 2512 4527 316 4988 263 3152 4404 1898 215 3139 2021 35 3090 3608 2834 3776 4476 1608 4119 3736 1736 1860 1246 2898 2582 134 3361 2660 2949 4297 3437 2895 1841 125 1927 4309 1930 4163 835 1718 2837 393 3456 1324 3859 1742 4896 3247 3748 3770 2014 2945 4289 1800 3974 3076 3353 199 4847 3859 3984 1170 855 427 4955 284 259 4388 970 1725 4489 3506 4497 99 2631 3198 3557 4983 114 4261 4966 4382 3833 696 633
2055 1740 3371 2887 4300 28 4457 2209 162 2175 1031 4232 4999 4501 62 1971 3785 4526 2343 2420 3694 337 983 201 1282 210 2961 1846 1991 3314 3010 3984 1758 4068 2942 4907 4555 192 1814 1445 871 3512 4403 3167 4274 3632 2053 1654 3941 3853 3883 1943 1875 3967 2456 4040 4731 1416 1889 1386 1760 2643 1694 1632 2860 4750 3040 1501 805 4023 1605 1483 3660 1139 4873 4608 2360 1319 41 1549 944 265 2722 4367 598 1183 356 1887 2222 886 3355 2900 914 4352 3841 3356 2202 3749 2703 3350 4351 1484 761 621 1764 2071 3961 4934 2477 1519 815 1531 4982 906 754 4490 3530 1000 299 3934 3049 1226 2038 2883 1539 3698 3707 4846 1000 477 4261 3721 176 3598 4287 4296 1784 382 2050 3300
3675 1039 136 1075 2689 1307 37 4960 1622 304 4685 977 3449 1925 3297 3889 4570 760 4288 1614 560 3941 2774 293 631 1232 3333 2899 2631 4373 2317 1357 2186 3155 2902 157 3198 2843 4194 2151 1048 4403 2106 1191 3094 889 3618 1002 1351 3308 2830 2682 927 1223 362 165 589 705 2128 3934 1585 2656 1331 4682 1818 114 1295 4086 2142 177 944 593 4257 4265 3967 4546 4073 2805 2938 2906 1970 4590 4403 162 834 3956 1782 2145 2479 2061 1201 663 4209 2932 2228 378 1048 4695 3282 369 4410 1630 47 1589 4345 3598 1997 1941 3894 2466 2564 515 4167 4560 2031 4599 3927 1127 451 441 2239 4173 3497 1733 2392 4788 2936 4392 1952 534 906 4163 1603 240 2669 3006 1809 1924 3900 3720
4776 1261 2242 4291 3509 3389 165 4334 3971 4206 3296 2369 4641 1202 708 3614 4480 1628 156 3637 4244 2562 4091 4874 2113 1944 4986 4434 1968 656 756 1830 2676 3743 2096 4786 4316 3555 3871 3507 2284 3167 1191 1464 2231 4013 58 996 549 360 2171 316 1586 2481 3923 3934 2675 2999 1622 1959 1328 1711 3663 3126 1506 3551 2232 2208 1237 4939 1808 1556 1313 2208 860 2298 4354 350 217 4419 3513 1302 4420 2393 2558 3137 2377 4818 20 3986 47 3490 3424 1993 3888 3863 165 2351 3960 4451 2431 2642 4904 1420 1308 2950 372 4280 3137 46 1042 2308 1494 3703 2840 4633 1388 823 4917 1973 2079 3352 3617 2995 1009 4717 1319 3579 2009 4359 264 2981 375 893 1291 17 935 4441 3692 1226
1500 256 2662 629 4718 507 1894 894 2021 4978 3737 1377 4824 3850 443 2272 1030 1853 1684 75 949 3198 3223 151 3590 4226 199 845 3051 589 1574 2645 1492 3173 164 609 2982 4676 3059 2426 4548 4274 3094 2231 4392 2971 2542 1404 1076 4231 945 2817 4737 176 4841 960 995 2388 36 1881 1375 1385 1728 4867 925 2765 3872 930 3243 2009 2480 793 1775 741 4164 3535 3787 1834 2535 2166 3764 1223 16 4124 4489 3154 1772 2681 470 4038 2825 576 2264 4796 3795 275 3904 2165 4742 2316 3344 4059 3682 36 1053 2011 3260 962 790 3637 1732 2923 2672 2943 4875 3266 363 240 4055 4800 2546 3839 4946 3127 1839 1328 2274 2275 1613 2576 934 4952 2650 3359 3821 4246 3947 1373 1792 4498
1343 3971 3887 3383 980 4241 432 1008 1605 1891 1144 2345 143 2915 4985 3278 1514 600 3000 1203 1283 3546 4561 2693 1181 4169 866 2312 1175 3833 2534 406 1937 636 311 2619 253 979 1548 1833 1917 3632 889 4013 2971 1546 3337 2831 3948 2084 3506 3679 546 1164 598 4911 3650 477 400 4574 493 3732 1709 3171 3954 2332 1975 2815 776 4247 3995 3501 12 3319 22 2713 2253 3424 1303 3451 4380 1380 3072 4002 2624 3420 856 4796 173 1494 1181 2399 726 4105 586 53 3048 2506 455 4681 2681 4522 4114 3240 4609 2428 476 1404 2895 3434 1196 929 238 3519 4657 2276 2821 3221 2888 1906 4655 1839 557 3506 765 740 1822 4880 3428 3944 1794 4576 1027 414 1758 4493 278 3380 4786 1025
3839 3952 3344 3760 1240 2133 1193 4615 1487 1503 76 987 3260 432 4485 1630 1943 997 1624 2134 3978 4523 4132 1207 1744 3392 3746 3852 2303 2542 2571 2891 2394 4310 2638 899 2557 3313 319 78 1299 2053 3618 58 2542 3337 4488 4457 833 4979 587 436 41 1987 2536 4277 1484 2460 26 2527 4070 792 3976 4892 1652 2583 4376 3019 385 4908 1538 4668 3870 3117 4372 1355 1808 1268 1242 4368 669 4553 4170 2987 909 2962 1542 1395 891 4196 1017 3324 3057 2521 3433 1675 4079 4055 4529 1041 4758 3092 1098 1864 4314 454 3417 1577 1536 3901 4026 1593 2813 4441 3646 1095 1597 3267 3519 2365 4924 1399 4750 3354 2876 2358 3247 1532 4794 912 2133 4822 4208 2261 2909 690 295 3936 3871 4215
4468 11 4869 1279 2013 2225 1138 3341 1013 1782 3899 2219 2070 1302 4194 2076 1911 4398 3539 796 4980 3893 2462 629 4803 34 3647 169 1364 948 4192 4548 2376 3723 706 989 2410 3424 2740 2492 2824 1654 1002 996 1404 2831 4457 489 3345 1602 4533 2144 2787 461 4135 47 3465 800 758 1740 106 1752 1778 3470 786 1579 1924 4465 3188 2587 904 919 1067 4543 4996 2523 1727 4958 2004 4905 3128 3386 325 1368 4732 4074 104 2249 1000 2767 1759 1257 552 1880 559 4648 4747 2096 905 3275 3118 1620 3916 2656 1128 3359 660 3540 2505 3978 962 4137 1981 2378 1805 608 4894 361 3447 402 2909 2847 1611 3012 794 1476 2430 4673 2670 803 3289 888 2055 1060 3405 3398 4072 3501 55 1699
1010 1841 406 4527 125 2703 1569 874 2057 4143 2824 3824 872 1576 1405 3301 637 866 902 1901 3188 1309 2915 2535 2007 427 744 867 4123 4251 656 81 3454 2908 4802 1995 4520 1258 1388 3068 3065 3941 1351 549 1076 3948 833 3345 1162 3646 4248 762 2897 2217 603 4353 2337 4656 546 258 4717 4507 78 4379 558 721 2839 1098 3320 3905 2060 3564 2279 2284 4888 245 596 3691 3510 1977 3574 1695 2398 1408 2425 1192 852 3499 3036 4438 1462 2804 1362 2497 3729 1755 3698 1333 941 4729 4462 4082 4996 1578 2287 500 1049 732 871 1650 2234 3025 2915 3575 4329 1845 4351 4942 2216 164 1286 1331 366 4194 2918 1517 771 2808 3283 224 1753 1363 3548 1723 3333 2234 117 2477 200 4963
4164 957 1865 2160 224 2943 2529 4436 1261 464 2571 4599 792 2315 3303 4546 1892 698 3492 2061 1968 1356 2397 182 540 171 819 4593 2848 1575 332 4144 4819 2892 1805 4217 4766 1246 3755 234 1668 3853 3308 360 4231 2084 4979 1602 3646 3051 4317 4294 1201 457 4428 2735 662 3600 3991 3681 1828 4903 709 93 4859 3105 1098 4449 3292 1949 4534 4351 4225 4976 1712 3130 4933 289 2570 3719 4312 4556 355 3568 2809 3524 1474 1581 811 1599 3906 175 42 997 2414 4398 1626 3918 338 3300 1597 1445 2115 4697 4388 402 1137 2052 3603 546 1404 2495 3456 1101 4313 1192 1202 2213 1148 2396 1076 4277 4122 1975 1495 2838 2880 4818 4353 1068 368 2038 1628 854 3412 3162 2255 1515 25 3828
1832 1286 3610 812 1205 1687 4287 2190 707 214 4044 3435 4092 4963 947 2831 1641 2878 1531 544 432 2010 4653 2881 902 3530 1419 1037 1083 233 1896 1202 3973 3671 3802 2712 1377 4968 370 3169 4783 3883 2830 2171 945 3506 587 4533 4248 4317 1032 4574 4723 102 3040 1656 3894 3608 2576 681 2839 3820 2671 2659 4929 730 4733 2726 1548 2628 3801 865 2938 4915 1050 4300 1831 796 1032 2554 395 191 2174 1099 429 3044 2039 4139 3531 2258 1540 243 2262 2398 1698 3545 1191 4223 449 3335 368 2389 2653 1487 3345 236 1839 922 3254 4705 284 1801 570 3523 2831 2186 1123 2701 1639 4411 2938 3639 487 1511 4449 3252 3366 2701 2900 2823 1902 819 1393 4279 3472 1542 1444 4992 3320 2672
459 2456 76 494 3868 1117 1465 4627 2918 2101 538 2442 4624 1389 3422 1034 4334 1423 2739 3873 105 3806 4281 4822 391 3372 39 1461 4224 3909 886 4938 1339 4086 1125 3416 1978 4314 4976 125 3716 1943 2682 316 2817 3679 436 2144 762 4294 4574 3703 2472 1160 3989 1480 4061 4835 367 4603 2766 1669 3836 2381 4392 3852 4967 3773 234 351 4092 3995 357 2849 4982 3462 4562 4762 3394 94 3191 309 1921 1423 274 1684 2864 1067 237 97 4110 3930 4210 1877 2710 4966 1661 3206 4966 1918 3233 3599 3849 547 4310 4615 3698 4485 1379 4274 3900 4434 2082 3814 1523 3302 3186 2692 1440 469 1723 2517 1713 1265 2554 4166 2908 4641 2845 589 460 2258 1628 1404 2127 928 3727 1225 4637 771
2971 1097 3702 2487 847 3725 2225 33 4138 30 545 3272 1890 186 3431 83 1528 282 687 2975 2788 4102 4554 2941 4719 162 993 2483 535 2526 1392 1494 949 381 251 1661 2324 3883 1574 2343 2170 1875 927 1586 4737 546 41 2787 2897 1201 4723 2472 3473 4455 1403 1792 3595 4793 3699 3844 1615 2680 4636 2645 3797 1364 3067 4114 1136 4612 1854 1199 2495 3500 3310 3090 3348 4996 4229 406 3012 3980 2032 4242 120 958 4758 3166 2361 72 3072 3634 1488 689 3375 709 4143 2548 3810 2395 2432 2112 957 3001 3182 3561 2860 4280 4730 3030 165 2550 3314 77 3543 3527 2225 1359 1964 3764 3193 4978 376 2738 4160 4558 101 4374 1768 4457 155 3032 2949 3736 4222 2135 2561 77 2199 1511
418 4504 1514 3942 1403 2384 4777 4624 3866 570 3732 1957 4771 619 2012 1814 1681 4698 235 1557 387 3704 4877 1830 4603 1797 4069 4683 1045 2836 3491 350 4591 4818 4880 4715 2398 237 1075 238 3405 3967 1223 2481 176 1164 1987 461 2217 457 102 1160 4455 1857 4774 1749 853 4670 4109 3538 3689 4391 4273 2853 1385 3821 2542 1408 1200 2925 1913 1272 2788 2180 2476 3939 4381 2894 2574 539 2116 4721 4483 4552 4969 4292 1388 3040 495 4475 3060 3871 2291 3121 384 2673 4047 1666 1764 303 2816 2216 2164 284 1900 508 3884 1954 597 2093 219 4690 954 1466 2253 2226 4647 1973 2883 2054 2040 1904 1526 2810 1344 4523 1815 2493 3659 4453 683 2415 3338 2766 177 1514 191 4131 1573 3066
110 736 4110 4233 91 540 4841 2298 1568 3642 344 1225 4597 2272 2553 2681 4552 1712 147 3904 28 141 2057 1565 3049 3869 1223 4495 303 2568 2621 3666 3826 534 4712 1787 2373 2491 98 4027 2710 2456 362 3923 4841 598 2536 4135 603 4428 3040 3989 1403 4774 578 1414 4145 2293 4866 2872 2816 2046 2869 876 3011 4619 532 4176 1069 1569 2158 4782 4402 3315 1660 913 811 2264 3079 3063 2111 2816 4303 1379 3284 978 3354 657 3367 999 3975 1530 4667 2817 3319 3012 3312 4709 3005 2366 2500 3633 855 1999 3025 2712 1180 642 3125 2487 264 2440 2708 2070 707 2635 1038 4236 27 2800 2425 2490 18 942 748 2054 400 2451 1644 3200 4370 4634 2291 1911 3702 2998 2651 4025 1029 4543
3878 3309 1037 4284 3848 4935 714 522 125 2187 1544 62 3143 4722 3079 122 3117 1743 3051 2872 2234 2887 4813 3252 44 316 3765 136 1135 2863 4808 2286 4349 1572 3154 1836 4034 4311 2113 4918 2512 4040 165 3934 960 4911 4277 47 4353 2735 1656 1480 1792 1749 1414 2057 3593 3964 2737 2165 1960 2823 587 200 412 2581 2427 3506 3622 4421 4745 3232 647 2849 3457 529 1939 3132 291 3420 3443 756 3964 3549 651 4284 952 3677 4972 1908 3632 3483 1217 4983 2489 910 4287 1826 1157 3699 1804 2521 2100 3132 563 1853 1998 3186 828 399 1817 2870 4849 1309 3385 2068 2841 1554 2563 4048 939 2722 4436 3119 2934 4035 3923 4693 3642 4688 3707 2072 1110 1975 943 3639 4296 3180 2090 2232
1190 3562 2730 515 1601 1884 78 4385 3454 2139 1583 2452 4358 870 4694 1849 4996 892 3534 221 243 3752 724 4097 2192 2520 4690 2080 1675 3497 940 56 1311 769 4043 4416 2955 1146 1348 4795 4527 4731 589 2675 995 3650 1484 3465 2337 662 3894 4061 3595 853 4145 3593 3520 3266 2661 1815 4234 2078 3772 2442 1146 2635 1953 3253 3687 3234 1573 1950 1276 731 457 983 580 1115 353 467 2896 3600 3025 1293 1260 1182 853 2975 3185 2692 4099 1928 4495 715 4167 3558 2711 4203 3377 2356 3735 3293 4730 1231 2122 1088 2307 4461 4935 2511 2065 1011 4010 726 1040 1344 3371 4386 1880 1213 3523 2239 4172 4024 3594 4970 2067 4039 4688 442 3866 3856 2684 616 436 916 1912 4485 4173 2674
3610 2124 23 4774 2751 2847 3546 640 3735 3607 579 650 1175 4303 703 4451 4487 506 3751 2693 1776 16 3325 4221 4600 710 2579 2864 4852 4087 4596 4592 1841 1115 2692 3043 4743 3827 4200 1168 316 1416 705 2999 2388 477 2460 800 4656 3600 3608 4835 4793 4670 2293 3964 3266 2740 2975 3517 2768 130 3020 1633 3031 4943 2341 3972 1612 4199 216 4412 1761 2507 1205 3496 3615 2109 3467 3560 2960 783 2923 1776 4256 4343 1855 1029 4393 4932 762 1282 3485 3183 3517 3976 963 2522 430 3143 3270 2311 4701 4823 3550 970 485 29 1974 1854 246 2572 4873 2539 753 4813 1434 4290 3176 4585 2393 2343 545 1954 2846 1717 1980 2991 2283 4618 2682 4928 1539 4619 1821 4314 4957 1622 3428 762
