N: 140
M: 20
Symmetric: true
Triangle: false
14 7 130 71 116 17 97 50 58 13 110 23 72 129 46
3 119 75 77
8 113 90 86 100 43 102 63 62
5 112 11 95 120 42
4 139 117 131 60
6 10 82 125 55 36 91
8 99 93 47 103 49 29 2 44
7 34 64 22 26 67 51 54
5 79 69 27 12 138
9 73 15 70 5 98 56 88 14 33
4 28 140 21 107
8 133 78 39 127 123 65 94 8
10 83 32 80 89 31 76 41 25 121 106
6 59 18 24 137 9 20
9 109 37 105 81 6 52 114 53 134
6 84 104 96 122 101 135
11 68 3 92 4 19 132 66 61 118 74 57
6 48 124 108 87 128 85
9 1 35 136 45 111 16 126 115 38
2 40 30
4566 3053 4620 1162 982 3036 4740 1192 2541 314 3255 4263 4435 1446 2618 491 658 3578 140 1091 2689 4517 1427 2016 4042 4067 1143 3303 3284 2039 1351 4122 1962 3272 2947 3173 4736 3173 1215 3502 569 662 2096 3249 3731 4040 3447 268 557 4961 2407 3985 857 2685 3709 1064 4624 1324 3986 3748 4599 3581 1030 3043 3833 3137 3321 4679 986 232 1109 389 2840 2434 133 4295 3686 3319 444 2641 3686 2107 2982 1014 1101 120 4654 3490 3275 2989 2490 1677 4894 2349 2081 2351 2513 3586 4109 3503 3666 82 3395 2307 1723 1157 3014 4977 2758 3900 926 3991 891 306 1640 4002 3585 3986 4244 720 2336 2150 1207 3638 3512 732 2153 4375 1581 4225 3383 4038 4861 48 3201 3370 2172 1606 1241 4772
3053 2393 469 3437 1863 4469 457 3550 1630 4792 103 2332 3576 3608 709 3333 2590 3932 26 3774 1318 3523 461 924 969 1825 1410 888 4665 1357 1129 656 995 2335 2803 4596 4781 4466 766 605 184 1937 2785 3268 3392 4536 749 709 4288 402 2805 235 4081 3483 2049 1742 3892 3148 317 537 3733 213 289 2326 359 349 433 4187 2427 4087 3372 2616 4388 667 3137 348 3702 1602 1316 189 332 3448 3265 1469 1780 4065 2818 942 488 1707 1068 1122 309 1127 3870 4543 1919 774 4932 2266 2017 1105 1019 1879 4871 3008 4486 1729 4437 4636 1654 4351 1637 232 2732 1039 3046 1148 1845 1962 1786 3971 4627 521 3441 3194 3056 3961 2901 4792 204 709 54 3641 726 3337 4961 4977 1343 3301
4620 469 4843 2818 2784 3741 4964 596 2069 2103 4098 1289 2976 2565 28 3158 3066 1542 3316 4076 4591 3552 3262 2273 3472 3264 3281 358 3601 2321 2084 2279 2283 1596 581 1191 2043 2651 1650 2401 658 908 3616 513 4409 2571 2053 3696 2527 1108 2196 2275 1966 1571 1206 1172 726 3561 1873 1137 3595 207 835 2342 4765 510 4977 813 2333 2202 238 4640 4319 980 1239 1765 4690 2094 4068 3723 4849 2121 1802 3588 3020 4077 2118 1691 1850 1091 2882 4024 4775 304 2754 1503 3044 388 462 448 4691 521 4304 3265 4279 3262 4411 1236 3099 4611 3243 2406 2897 4340 3978 4978 1487 816 2524 3367 4367 3210 4425 3394 4355 3237 4799 990 2296 4577 1819 4568 3677 4433 682 3715 703 2308 1951 1049
1162 3437 2818 412 788 1435 2356 1509 1788 592 677 934 4037 1450 71 1392 2106 4319 1949 3599 4758 1435 3021 1821 2907 2874 1451 361 3654 638 587 1827 4007 3201 3820 1726 1525 3903 4768 4002 2056 625 4796 1485 3568 1146 3890 1287 235 1148 3983 2736 992 2394 1827 1591 3087 4282 4658 574 4506 1560 4495 3741 1646 2884 2020 1476 3360 3702 78 2496 3504 4608 3033 4792 3151 2161 3194 4498 1380 713 1239 3623 2363 826 3117 2540 1066 3298 137 1115 1481 1330 488 2550 97 4688 2626 2535 4831 3132 756 4056 765 4802 4213 1357 1668 4076 1993 2931 4576 4973 4542 2556 4715 1378 215 1115 2899 4314 1083 4504 548 2131 4586 4527 2000 3567 4487 2925 456 3414 775 963 3635 3000 1938 412
982 1863 2784 788 4729 1365 1257 2902 4995 492 238 1292 4470 178 4127 1155 3081 807 4643 4530 609 337 1002 779 1341 710 2449 4981 4670 1024 4916 1860 3910 4458 3434 1070 3886 4300 3122 1469 2406 4213 4371 1265 2212 4827 1298 1017 138 1652 1227 3207 2324 34 1082 3800 3579 4871 786 980 4815 1641 1104 3790 3502 4693 779 1087 2699 3616 1263 1608 2933 1585 2487 2230 4035 4364 3051 1671 271 1214 184 4387 2905 4656 2768 1902 3516 1816 4362 622 3417 589 1402 1200 4517 1257 1595 3785 1281 2967 4057 1828 4739 1943 2926 2629 3241 3348 4409 2089 3391 4976 3492 566 3377 3726 450 315 2049 1821 1497 1316 4658 3864 1777 3200 1825 400 2935 4647 2847 1834 3663 341 1549 1775 3955 2070
3036 4469 3741 1435 1365 1479 2781 2188 2130 2166 2249 3183 31 2438 4428 2782 1284 2128 3346 4589 1419 1964 2151 3281 2673 4990 713 1867 2228 2059 1636 210 2620 1759 2753 439 4903 952 2860 2827 4979 1689 380 3235 1209 1096 1108 4107 1287 3966 1468 3021 336 4607 2514 963 2060 4141 1634 135 4694 3461 1577 596 720 943 873 2985 3129 3979 1945 4461 2818 3153 2650 2994 3215 162 833 2869 1649 107 1840 1090 205 1012 63 2146 4050 4480 3002 1227 4345 1876 4885 3051 3017 4577 199 597 1498 2541 4881 3019 3096 2559 767 1290 43 2657 2049 988 2412 4157 4640 2896 3766 943 4076 986 1529 4795 2626 2997 4760 1263 912 4322 1228 3711 3508 359 4747 4710 2228 3096 379 4728 2218 1078
4740 457 4964 2356 1257 2781 2421 2714 1179 1962 3786 1884 4908 4764 2040 2486 556 1483 2004 1044 2892 3902 4325 1309 3913 3322 1747 4876 2939 1104 3632 151 1642 1621 2115 901 3949 528 2945 1570 38 542 3891 3501 1504 668 2396 4303 842 3163 3690 2600 2698 1954 1662 4265 3461 3512 1060 536 1528 3754 1471 2536 3662 2305 3412 3949 1052 1327 870 663 1493 2280 3139 4709 1170 4671 279 3004 2036 4951 1950 2604 424 265 1546 2668 933 4015 2957 562 3506 4142 1635 3817 4080 4322 3168 3350 935 2250 1585 1104 3903 2779 4397 3809 3390 3617 489 4105 2820 4833 851 1099 1033 4607 1250 2523 534 327 257 558 2822 2395 1186 4327 1251 3926 250 526 3437 621 2495 2476 4250 849 3758 4140
1192 3550 596 1509 2902 2188 2714 2047 3023 4539 1294 4857 1419 1896 973 338 1447 191 188 1671 3970 3855 587 624 1885 1796 3521 3661 4342 4628 2002 4274 4132 2961 1367 3053 3514 2830 2211 2173 484 3812 3669 2837 1317 4873 341 4378 4805 2054 3409 1498 735 109 1720 2466 4142 3021 2230 992 2082 2932 2972 847 365 2984 2286 4721 969 3680 1339 1760 4512 201 954 518 981 2207 117 1514 14 3262 1585 1610 1540 1058 1213 2718 2682 2316 2412 1150 1150 2805 1223 3501 233 3344 1343 2358 1332 1415 3907 3395 259 604 1640 3580 384 4935 2696 288 2936 514 2166 4497 3293 4017 459 1615 3460 2273 602 3226 676 105 2747 4596 4704 3635 366 1796 4916 3382 2141 4696 3858 4782 1570 485
2541 1630 2069 1788 4995 2130 1179 3023 421 1860 1644 1116 1335 1990 17 2380 721 3241 306 4810 4276 998 203 1352 1589 918 2340 3588 3290 1670 3160 470 3864 1057 4616 3374 1476 2559 2026 3053 163 2570 3644 2688 4447 2096 1093 1211 549 1416 152 474 4278 4109 3680 2023 2607 1316 4223 2122 2699 4238 1552 2927 2913 4126 554 2151 1750 1695 2257 4761 4570 1238 4192 1325 1475 3291 4024 2431 2475 3201 605 4636 4928 4136 2982 354 54 3070 413 1678 1797 1211 4828 4160 3252 1492 4015 2401 783 3754 4772 157 2434 534 4293 887 2947 4701 1840 206 2807 1071 4192 1083 4999 4928 2259 3392 1797 126 1528 1410 3176 3082 1887 4674 4977 816 1886 1255 4844 2728 4835 363 1192 4596 4672 635
314 4792 2103 592 492 2166 1962 4539 1860 2764 3176 1470 4994 3839 4263 4566 3725 3904 2722 426 2969 2404 3882 3819 481 660 2735 1857 3862 885 3671 3214 2549 3781 2539 4567 3741 4507 3345 818 4371 865 2618 564 1004 536 3862 4147 1927 1371 3708 3606 1474 2682 2525 4378 653 3431 773 4474 3496 4792 3592 530 1346 1142 3596 1323 2539 2705 1546 3268 2561 3213 2242 1959 1118 2947 2776 3056 355 756 469 3560 4249 3126 3939 397 3671 4769 4639 2261 4292 1290 177 2957 3848 2411 2173 4192 3681 4311 2276 4109 4874 328 3807 2302 3204 3254 739 330 622 3302 4620 1796 4185 4663 327 4384 4892 3672 2998 2994 4314 2245 1172 4070 4121 2984 136 4789 523 1002 3325 2400 4146 3373 4406 3506
3255 103 4098 677 238 2249 3786 1294 1644 3176 2668 2463 3652 2321 2874 3884 1037 1019 4968 203 411 3201 904 1891 810 3225 1322 736 2039 3946 79 4560 4232 1329 1947 3251 1252 1723 573 715 4420 2709 4811 1050 127 722 3874 1416 1772 1256 4067 3547 836 4919 3642 3683 173 2438 3737 2897 1312 1896 3950 2219 4040 2982 1471 966 3773 4824 3127 4769 3483 3322 1452 3705 4673 1915 4532 1817 3925 4957 3521 1339 2095 2774 302 461 1001 1948 2568 4441 3964 4012 2353 4122 4698 3875 2145 393 244 998 537 1632 2385 3185 4758 1332 2008 4603 4433 340 4426 1637 3561 1117 2425 1845 1487 3066 4232 620 2860 2619 2784 4147 3698 3367 174 2073 2847 3545 4970 319 3954 2128 3958 2285 2413 232
4263 2332 1289 934 1292 3183 1884 4857 1116 1470 2463 1229 1324 4953 1223 3314 1084 2577 4837 2955 3540 4569 3561 4485 2491 397 2941 1510 268 4049 4341 1155 143 2388 3554 3312 4855 2905 2699 3777 528 357 1848 3529 1817 2572 4074 117 4198 2972 1463 736 2996 4200 3194 2088 4488 3619 4224 3193 4304 1148 3277 1526 3145 2378 2243 4706 3223 3445 3266 4048 4004 1348 1351 2993 4662 2762 3325 3822 4938 3560 3828 3010 4363 4401 1763 4820 1183 1100 79 4240 433 4496 233 4794 505 4238 900 1598 4626 320 3842 4901 1567 2594 4694 1357 546 1842 886 3679 1022 3630 2420 4942 3402 1976 1580 3702 4114 2132 4785 2782 4462 4277 4059 550 3025 4040 2359 4491 3324 2026 2354 2023 819 3761 4258 1966
4435 3576 2976 4037 4470 31 4908 1419 1335 4994 3652 1324 1636 921 1582 1504 2492 3808 891 815 2445 403 4590 604 2717 892 3787 1248 4869 449 519 1599 1531 4799 472 4119 3990 3560 1285 4180 4602 2425 215 37 4411 4950 2651 4768 3589 1913 4952 250 3595 1704 4911 3877 4507 2873 2400 3388 2239 821 762 3818 1962 3594 2028 2080 945 2402 2770 1239 3163 4302 1641 2281 2825 3616 4825 4282 844 2059 3602 4420 261 265 3294 3352 1939 174 2118 4309 685 893 2861 2612 4403 4840 2040 285 605 4822 4283 427 2390 2106 3657 4254 3714 3781 3372 4149 2850 3877 1505 2290 4428 4154 4388 1594 2666 3247 3391 4905 677 2578 705 4931 2036 4871 1440 2846 1813 2987 1424 4204 4186 3280 1235 1903
1446 3608 2565 1450 178 2438 4764 1896 1990 3839 2321 4953 921 175 787 1081 2365 484 1709 110 1618 970 2451 2222 2240 3353 3616 120 2848 2177 4682 3621 2924 1691 2664 4262 4585 1028 1203 4186 3563 3438 431 1169 342 333 832 4100 2438 1879 2926 1072 598 3751 3462 4885 4125 4885 1707 1392 4687 2714 3794 3275 2177 1688 1101 486 442 3322 4583 1530 1974 263 2503 1116 3874 305 4976 4876 4675 3311 3525 3955 2817 3691 1955 1563 2515 4294 2336 3988 4156 4327 4627 4436 2540 401 4441 3869 4064 4486 3629 3228 556 2409 4028 1847 3187 220 2172 678 3719 2385 4604 1761 1397 959 1932 4281 1162 3295 859 1194 4503 1017 2364 3082 3574 2946 2188 2334 1872 950 2360 3033 3519 4255 2264 479
2618 709 28 71 4127 4428 2040 973 17 4263 2874 1223 1582 787 3043 2172 3092 107 4477 175 2253 964 3822 4438 4094 4640 4856 4110 2221 3937 53 4115 2654 3982 41 1827 370 4508 66 2937 1863 659 3875 472 1656 1619 4760 1889 1647 3648 3541 1567 1407 1690 2640 2179 1849 1321 729 1741 4866 2258 490 1180 3422 3958 2876 3823 1978 4103 4064 2588 1848 2876 4375 3441 1300 1515 1813 174 976 77 1646 2342 1776 915 1682 1207 4743 1707 3008 2348 4176 455 2226 1811 3843 492 1307 793 1248 1642 555 2488 2383 1877 4564 3186 3281 3893 1741 1057 4613 704 3537 2399 1628 970 3932 2718 695 4491 2670 2510 3399 4849 2014 3773 4256 4259 1469 3922 3112 1280 4376 156 1429 4240 1669 4258
491 3333 3158 1392 1155 2782 2486 338 2380 4566 3884 3314 1504 1081 2172 2453 2467 2394 4391 4715 1034 4484 4784 823 3324 4456 1474 380 4818 4347 1458 820 3176 854 3915 1966 4509 3513 2774 2583 2362 4280 3273 3817 2870 4163 2020 727 2359 2448 4880 819 1826 4544 2396 2025 89 2855 4798 4694 2418 2907 2276 2406 166 206 1406 4628 2791 4981 261 1203 781 3638 580 3766 4114 4219 2853 935 2111 1447 3561 2844 2289 3057 4020 320 1101 2167 4543 4428 2573 2608 1981 4923 4331 3381 1777 193 2171 2930 4946 1909 4805 2962 4714 4040 3505 1258 104 765 265 3229 2706 1096 2783 2495 4951 4592 132 963 2931 2708 1683 2165 1159 823 3983 785 148 2584 630 2709 3543 81 3374 4539 4232 3512
658 2590 3066 2106 3081 1284 556 1447 721 3725 1037 1084 2492 2365 3092 2467 3554 2416 3559 2823 3607 1079 299 2265 809 4577 853 611 2409 74 2157 3017 1840 1501 3523 1154 1305 4569 3667 1114 339 1802 4742 3235 1191 1592 2271 4917 2254 4047 4308 1716 4215 819 756 4055 698 283 4694 3131 3994 2655 2910 4811 4224 4312 2134 1809 2531 2477 1387 4431 2503 4473 1236 3112 1035 4443 1634 4149 1314 4134 1192 1117 3219 4942 3820 3624 2677 4310 3991 2633 4243 1010 4551 4716 681 1177 425 233 1883 3106 4437 996 2460 4286 3088 4135 4943 3386 4596 2821 1943 3324 1640 1145 2280 4003 3026 279 1671 834 4992 4227 1927 3916 4245 4998 2745 193 3078 3592 2907 1827 3000 629 3833 2727 1712 4045
3578 3932 1542 4319 807 2128 1483 191 3241 3904 1019 2577 3808 484 107 2394 2416 3778 1760 3335 4902 4455 3730 1145 1762 4652 766 920 1708 843 1890 1570 3274 313 28 115 1142 748 2656 296 1853 2097 1463 4764 4461 2290 440 847 4289 3690 2513 2573 2776 4574 2898 4503 3076 551 564 4872 536 3912 4368 273 3046 4420 249 4031 3267 4380 3179 3909 4600 3227 166 1137 4709 2703 706 1763 2265 3577 2717 2785 299 4120 532 4723 4863 319 1036 3298 2216 3490 1564 3574 3977 1136 129 2353 3045 1224 2206 4958 4456 3392 1343 2061 3252 3913 4157 1594 4156 175 3773 107 2413 3425 4559 2022 1489 1624 4579 1796 1739 2681 2555 3546 2209 1237 455 4889 4924 3775 1972 16 4759 3745 4155 3007
140 26 3316 1949 4643 3346 2004 188 306 2722 4968 4837 891 1709 4477 4391 3559 1760 2116 3810 1013 3431 364 4101 3918 1161 2568 2622 3428 1434 677 1617 4558 103 507 3289 2508 2933 192 648 2987 2410 513 2831 343 2408 398 4303 455 3615 3789 2072 2587 3016 493 2583 3280 1581 3354 613 4782 3194 2317 2896 2230 4549 887 1456 631 1433 3666 39 510 1534 571 2566 2790 3258 115 2614 1936 1791 2636 4378 2272 486 4078 4795 1047 4314 2928 74 4777 2116 3066 3629 113 805 4919 1774 3814 334 4043 4832 3141 4831 3779 1945 4961 2619 4309 3017 2968 2202 1088 1257 1033 298 2882 4386 1439 2146 1590 1519 4319 2777 3004 763 336 4057 420 4909 4680 258 2915 4860 4764 1029 2950 2239
1091 3774 4076 3599 4530 4589 1044 1671 4810 426 203 2955 815 110 175 4715 2823 3335 3810 3373 4731 4830 2319 3903 4783 2890 145 3809 731 2561 694 1530 3666 1198 1077 1954 2231 1979 3586 980 1373 3685 1434 1734 1305 1587 2918 3382 3638 4146 2372 53 982 1977 1827 2832 4458 2973 2441 2362 3091 217 1510 798 3751 2961 3181 3481 1570 4604 2400 3946 1481 3642 3321 4439 2109 1489 4652 2388 869 3057 2499 4770 506 1926 4705 4481 4518 651 2808 2854 3500 2591 4664 4374 3231 124 790 454 51 3981 312 3964 2962 2297 2648 3990 3382 4061 1199 3654 3800 2299 4944 3111 139 550 521 4711 1182 3573 2222 2486 1455 1708 4832 4070 4880 3872 744 1011 1784 2055 2515 1411 1166 173 587 224
2689 1318 4591 4758 609 1419 2892 3970 4276 2969 411 3540 2445 1618 2253 1034 3607 4902 1013 4731 4410 1534 1939 2360 2977 4084 2441 798 1811 801 3229 2069 592 3962 3883 4407 4070 4313 724 2539 981 1995 938 2613 1192 1327 255 1361 4896 2446 2129 1317 4947 2724 2698 2440 1853 2176 1110 961 2036 3855 1560 3131 2600 4338 1967 4880 4837 3455 3005 1228 1391 920 519 1759 3853 2251 661 3825 1612 3861 2374 4331 792 4608 401 1471 4174 2412 3203 1222 764 3216 751 4174 594 3389 4245 3939 1585 3368 1898 4972 1268 1371 4117 268 2876 694 4984 3176 2916 4836 2449 872 401 2345 953 828 1399 4447 3895 1530 2544 4981 3776 1058 3829 3074 652 4732 3932 4493 3167 3151 3120 4495 1522 35
4517 3523 3552 1435 337 1964 3902 3855 998 2404 3201 4569 403 970 964 4484 1079 4455 3431 4830 1534 1073 3531 1804 669 4867 600 3414 4571 1063 1811 877 1726 1746 1729 4977 217 459 4671 4704 3335 2269 891 4300 2585 1134 3379 478 2276 3428 962 3413 1725 145 520 1149 3242 1123 4426 375 3438 4432 4146 3227 4642 63 1764 458 2194 609 4136 597 2682 2912 750 2179 1300 3947 725 1799 2097 4349 3321 323 452 1384 1249 2461 4356 2714 984 4153 3917 365 2955 3583 23 2952 3686 3883 4252 187 2842 4305 920 588 2612 3349 133 3779 1939 2147 3528 2222 3513 2293 1227 188 4690 2053 2161 2817 1570 1874 545 1869 2776 667 1729 2801 2158 1731 1148 726 2920 4075 2277 3604 1683 420
1427 461 3262 3021 1002 2151 4325 587 203 3882 904 3561 4590 2451 3822 4784 299 3730 364 2319 1939 3531 4998 476 3470 2091 2223 1465 1761 4556 2560 2159 1108 4851 2325 2541 469 1954 147 4266 4814 3648 1702 4115 4056 2281 189 3761 3363 785 791 2301 4952 3330 886 1031 3479 4041 4241 2577 4518 2797 2709 42 2063 2529 412 1910 3365 2778 482 4086 2251 2176 4050 3047 229 4479 430 2257 2330 2734 2042 4694 4014 2041 152 4577 1251 1969 4190 2324 3497 286 1726 4087 1920 2264 4386 3348 4848 2622 414 1240 2490 1259 878 4116 3810 1661 3598 259 311 2743 480 3199 3287 487 1216 3012 3865 3952 642 750 284 231 365 4599 4260 1339 3030 3518 4662 2402 390 446 1489 2875 3469 2341
2016 924 2273 1821 779 3281 1309 624 1352 3819 1891 4485 604 2222 4438 823 2265 1145 4101 3903 2360 1804 476 517 1672 1308 806 4248 2542 2576 2506 4989 4813 3956 970 3162 928 2375 3556 4371 352 2535 2453 1696 1505 1155 3513 2813 4374 1758 356 3157 1751 2428 3866 3053 1895 3819 3511 2932 2633 1423 3398 4736 1268 4070 4804 3969 733 3569 874 4922 3775 4949 3178 27 3551 1616 3830 795 151 555 537 2354 3061 504 3853 1514 2799 914 3211 3544 3723 3421 4628 777 3718 4595 4034 2546 1454 4576 2192 3773 4967 3840 2096 4244 4005 637 1634 2104 1942 3857 822 1935 1660 1676 192 2477 4338 2442 4797 1969 1327 1303 724 1665 378 132 2892 1777 3648 3891 1011 4823 2563 1764 4979 2439
4042 969 3472 2907 1341 2673 3913 1885 1589 481 810 2491 2717 2240 4094 3324 809 1762 3918 4783 2977 669 3470 1672 4722 3401 4752 1662 1273 3099 1847 942 386 4745 3641 699 2737 3135 1283 956 606 2880 2912 2250 4855 4624 4527 1065 656 1783 2659 2777 696 2887 843 1375 314 1096 1193 2891 657 504 3162 387 4475 1002 3869 377 2283 1183 230 4449 3611 1275 4866 4494 2527 1736 1982 2298 4566 4738 2885 1648 1103 4316 2783 1874 3757 2431 4120 1423 4097 3512 4731 4084 3530 1229 3276 1244 1337 644 3011 4510 4246 2828 2586 2102 1276 3852 698 3456 3368 1328 4373 4631 4365 88 915 4435 2664 2421 1312 4748 1351 452 1996 84 635 1526 2536 2968 37 4268 4491 2813 3219 4726 4116 3878
4067 1825 3264 2874 710 4990 3322 1796 918 660 3225 397 892 3353 4640 4456 4577 4652 1161 2890 4084 4867 2091 1308 3401 3740 3424 350 3167 4448 4737 4506 1978 2258 4405 3283 3144 1453 3429 298 2098 2369 574 1759 4182 1029 4493 275 4312 103 2540 2976 1516 4739 4765 660 4733 3124 1997 4163 3503 3065 1827 4410 2946 3050 2801 2054 1148 1200 3224 715 1684 1639 4766 219 3141 3276 635 2714 3922 2073 2087 1437 3819 1512 4444 4829 946 1941 2789 4619 4324 2659 3942 4288 2342 3761 444 810 656 4540 4088 4027 2114 2292 714 4906 3071 3110 1749 2945 4037 1504 1543 4912 3883 3476 1692 3087 2275 2855 1292 391 2886 1300 3270 10 3903 4107 3846 1033 1048 4695 4201 3730 2544 4909 2500 347
1143 1410 3281 1451 2449 713 1747 3521 2340 2735 1322 2941 3787 3616 4856 1474 853 766 2568 145 2441 600 2223 806 4752 3424 605 2372 1208 3802 2097 700 369 2885 3830 2956 637 4510 225 2173 2230 3476 4032 4046 2647 1561 3412 3761 4310 3134 4298 783 2643 1924 3690 1767 4320 17 4211 1161 753 3066 3453 1298 3181 4013 4057 358 1264 2534 739 2559 2200 2117 552 1447 4411 2631 2970 1643 3552 1822 2527 760 958 2893 3718 1304 747 1024 3136 3470 3839 4452 2084 1124 3781 2034 585 1620 61 1473 2931 4234 4172 3886 3716 786 1827 244 1049 2689 1221 4344 237 4661 936 4208 1462 1403 1083 2013 1879 144 1559 3962 130 2715 2652 1295 1544 1494 2050 3669 1679 4127 2897 3810 1726 2948
3303 888 358 361 4981 1867 4876 3661 3588 1857 736 1510 1248 120 4110 380 611 920 2622 3809 798 3414 1465 4248 1662 350 2372 2476 2253 1441 4517 460 661 819 2341 4693 3407 4031 3766 2989 4637 38 929 4316 1625 3147 2053 3870 3350 4973 1113 2986 4173 3203 332 2594 1070 2802 4345 3341 3523 2195 941 3650 4712 3945 2648 3460 1633 3243 4932 3895 243 4246 3998 2170 1154 455 1668 1887 2154 959 2089 4659 588 588 780 1276 2430 4879 2410 4259 4992 2422 4278 3046 1459 3594 2797 4340 213 2104 2946 3741 1562 2863 1379 958 4024 2115 246 3546 1123 1203 3118 1900 2274 3298 4032 1173 3335 2064 2211 120 397 405 3332 1273 3052 4606 3967 247 3459 1776 4820 2408 4944 849 4708 4540
3284 4665 3601 3654 4670 2228 2939 4342 3290 3862 2039 268 4869 2848 2221 4818 2409 1708 3428 731 1811 4571 1761 2542 1273 3167 1208 2253 4280 1481 2992 1562 233 1546 3625 872 2200 1204 4771 2799 1837 2072 1029 4753 1192 4260 442 1430 4067 1781 4623 372 2734 4473 3418 2252 1525 353 2271 2137 2020 4073 4901 3513 4413 2607 636 4863 3057 4589 2585 1066 3763 2939 3088 2014 578 4379 3497 3467 862 4368 3303 2549 4168 4191 4262 161 1080 1464 4070 4407 4639 4740 4305 2691 4599 2380 3474 266 4091 1629 2497 4022 3258 4006 4364 4948 4307 3324 4490 4387 1738 3618 1312 4228 2050 4485 2178 2167 1714 569 3115 4510 3739 4451 2928 3475 1690 1865 151 3534 3735 1731 397 2886 4226 3458 123 4801
2039 1357 2321 638 1024 2059 1104 4628 1670 885 3946 4049 449 2177 3937 4347 74 843 1434 2561 801 1063 4556 2576 3099 4448 3802 1441 1481 4627 3390 3823 2176 2251 3788 1960 586 1491 2691 2759 3996 727 120 3044 1734 3580 1216 1666 3749 4735 2203 2184 3418 1473 3810 1431 1764 1281 3998 4500 280 607 874 753 2270 4625 1790 2897 2035 3868 3579 493 3085 372 4412 3516 2132 2190 1089 3685 2069 148 1397 4478 737 4402 2270 540 1297 867 4363 3594 1472 3670 1892 4616 129 656 2651 4304 4459 2338 4173 1121 3101 2875 1245 4448 2950 3641 4703 537 1073 57 4785 1683 3152 607 1478 1336 3629 1020 2499 1075 2823 3199 3681 3044 4233 2562 419 62 1290 1617 1138 3464 2547 2560 4126 2953
1351 1129 2084 587 4916 1636 3632 2002 3160 3671 79 4341 519 4682 53 1458 2157 1890 677 694 3229 1811 2560 2506 1847 4737 2097 4517 2992 3390 2553 1213 2017 3803 1283 4125 3572 4530 3690 1592 3855 3325 618 1127 4494 444 4245 800 2928 2082 2664 2251 1333 3623 985 428 2326 3102 3619 4909 2092 2296 436 3302 4425 4928 3082 4207 411 4958 4672 104 4557 2296 4294 593 4868 949 1046 1067 3204 4948 4564 4435 2457 4528 2002 550 4166 3365 1767 1983 4385 3453 769 3202 193 3486 2564 4824 4076 849 2412 818 770 3377 2491 540 4999 1143 2328 1579 1450 533 2190 1038 4048 4827 4293 1761 3599 1934 3765 1273 87 3636 148 4734 3164 1030 4599 2489 482 3721 3651 1266 4784 2864 4760 78
4122 656 2279 1827 1860 210 151 4274 470 3214 4560 1155 1599 3621 4115 820 3017 1570 1617 1530 2069 877 2159 4989 942 4506 700 460 1562 3823 1213 2746 675 2652 1994 2374 4350 4463 2643 4195 4783 942 315 953 3504 3277 2956 2439 1294 1188 4856 2049 2417 1501 2715 760 3454 2737 3661 3141 2491 2724 1516 3690 3396 2412 3534 2920 1037 1631 4452 897 4874 204 935 2418 850 4316 849 3977 367 911 2815 1228 1707 2698 3448 4133 1572 2202 1300 721 2503 4395 3795 3579 1686 4302 3107 3912 3526 3751 16 3123 4918 1014 530 310 2966 1646 3674 681 3063 4321 1684 1353 2568 1866 1064 889 3583 42 171 541 3175 720 4802 38 1523 3609 1214 1390 1420 1110 2228 3017 4433 2619 1099 3680
1962 995 2283 4007 3910 2620 1642 4132 3864 2549 4232 143 1531 2924 2654 3176 1840 3274 4558 3666 592 1726 1108 4813 386 1978 369 661 233 2176 2017 675 3864 4027 4252 3026 2870 1259 70 1703 3947 2861 2236 2801 1673 1794 2082 4336 3122 895 938 4016 2465 806 4497 978 1937 2323 4854 2086 3402 3574 1897 2152 3115 4761 2269 3494 607 4086 821 2258 98 1346 1277 4581 1090 3993 4953 1029 1428 3556 1167 4346 4776 3932 4929 4990 3662 747 3070 3480 1594 2647 4520 4463 1698 983 2605 1372 1402 263 866 4315 2531 2293 4246 1153 1678 3946 771 4963 584 1955 957 1846 2011 2396 155 4125 2670 4048 3049 1328 3700 1116 2198 3093 3424 2010 1690 742 3368 140 2520 1085 4996 1873 3790 3822
3272 2335 1596 3201 4458 1759 1621 2961 1057 3781 1329 2388 4799 1691 3982 854 1501 313 103 1198 3962 1746 4851 3956 4745 2258 2885 819 1546 2251 3803 2652 4027 404 4708 4066 362 1035 1958 1444 798 2512 2286 4982 252 3869 2811 3181 4701 79 953 2670 2659 4811 1209 635 4922 3476 2983 3814 1966 77 2304 978 2697 2886 81 2290 1495 3276 2923 3474 2201 1052 3135 2779 4380 919 3540 2873 4443 3339 843 2955 1234 2239 3625 2848 2261 4032 2860 4850 2297 4896 986 2216 4310 124 402 2100 1935 2864 3304 1695 2005 2000 3196 4984 3032 4291 67 42 4185 2226 2468 1113 2628 1220 1648 196 2183 1462 750 657 1561 1775 4269 1650 2500 384 2491 807 4040 1901 1458 925 890 628 3479 2797
2947 2803 581 3820 3434 2753 2115 1367 4616 2539 1947 3554 472 2664 41 3915 3523 28 507 1077 3883 1729 2325 970 3641 4405 3830 2341 3625 3788 1283 1994 4252 4708 1531 2547 133 3194 1310 3359 1561 305 852 4207 312 4843 4897 3295 1115 2786 3589 981 330 2221 1972 1791 1331 1696 446 4757 4834 2109 4453 471 188 4588 2860 4016 1277 1553 4410 3179 144 1313 3366 2994 4626 3222 502 3025 3401 2609 2418 280 4826 3572 3481 1211 3743 640 970 3540 3557 1199 1575 246 1544 1036 3820 4202 3958 3566 643 579 2948 4970 3037 4225 2700 2309 3016 3001 1880 3320 4733 1798 4236 3176 4297 1302 751 1443 3968 960 3271 1197 252 4826 3142 4501 3612 2498 3188 4576 217 2619 707 888 2666 2307
3173 4596 1191 1726 1070 439 901 3053 3374 4567 3251 3312 4119 4262 1827 1966 1154 115 3289 1954 4407 4977 2541 3162 699 3283 2956 4693 872 1960 4125 2374 3026 4066 2547 2660 735 4391 2308 238 660 851 1695 121 1034 1946 891 4318 4856 3927 3347 4762 1961 3746 2851 2368 4950 1257 866 4745 2067 3734 4616 3017 4195 1470 3483 121 4460 4722 1284 4875 4608 3458 1347 313 4995 3638 2487 1389 1681 4426 3831 2149 4525 3308 1946 1567 748 4938 3127 3281 1724 1644 463 2218 3349 1674 588 3689 295 548 977 608 2223 4744 1044 3319 3314 3818 3734 1884 1239 3516 3121 140 4254 2087 3960 3732 4658 3770 1296 1064 3454 1522 4720 3591 1150 4168 2744 1012 2723 4305 2784 401 4166 3545 2984 3254
4736 4781 2043 1525 3886 4903 3949 3514 1476 3741 1252 4855 3990 4585 370 4509 1305 1142 2508 2231 4070 217 469 928 2737 3144 637 3407 2200 586 3572 4350 2870 362 133 735 1838 799 2920 1281 143 4938 2144 325 1440 75 1216 827 4074 1646 1723 1665 1301 2501 2913 1604 3694 186 3843 3996 1625 4535 2271 2244 3580 3553 2729 4211 172 893 4797 4506 2221 1465 4462 3483 902 4852 4743 349 3169 4986 577 1611 2008 3876 3243 3077 1706 3101 4002 1407 1775 184 1291 4459 1575 4512 4680 1041 535 3114 786 3202 2854 1987 3751 1962 1565 115 791 4093 2790 3607 1133 2802 2309 1809 169 848 1610 822 1338 3025 4023 2213 1454 886 3254 3589 4088 2348 2733 1492 3449 242 93 444 1615 1263
3173 4466 2651 3903 4300 952 528 2830 2559 4507 1723 2905 3560 1028 4508 3513 4569 748 2933 1979 4313 459 1954 2375 3135 1453 4510 4031 1204 1491 4530 4463 1259 1035 3194 4391 799 2612 183 241 1795 1530 3527 1631 323 4366 4510 1420 4977 2291 4309 755 549 3119 193 300 1811 4255 3478 4709 3655 1734 4580 4952 1393 3062 4987 3459 596 1892 603 172 2008 3149 1694 216 3762 93 3419 2351 3530 4726 2941 4940 4123 1563 1081 2837 2921 193 3909 1774 4833 2362 3971 4668 4201 2363 591 4933 3487 850 1235 255 1474 2355 1961 2642 2657 525 190 3816 1139 3244 2732 2511 16 4253 4380 577 696 181 3747 1332 3156 2599 4839 1167 4513 171 4376 957 892 4644 128 2216 4270 1820 370 3218
1215 766 1650 4768 3122 2860 2945 2211 2026 3345 573 2699 1285 1203 66 2774 3667 2656 192 3586 724 4671 147 3556 1283 3429 225 3766 4771 2691 3690 2643 70 1958 1310 2308 2920 183 2252 3504 2440 4632 3899 3082 1464 4596 3305 2194 3315 3238 2338 553 2226 3307 1631 868 3083 1142 1982 3624 1640 2395 1314 2579 2175 2469 4858 3239 132 1138 4761 1932 2289 179 1836 1854 1388 3377 185 519 1117 1268 4104 3966 2078 47 641 3349 4338 3224 61 2663 4086 1258 3557 4883 4385 2212 2830 4925 4145 470 1766 2506 4848 4434 2559 4560 2720 3503 3877 4814 1740 4751 474 3069 2019 3084 1026 4449 4970 1675 2391 1961 1359 2181 1982 3184 1920 2300 1385 1615 3654 392 2341 3733 1404 1754 3655 2306
3502 605 2401 4002 1469 2827 1570 2173 3053 818 715 3777 4180 4186 2937 2583 1114 296 648 980 2539 4704 4266 4371 956 298 2173 2989 2799 2759 1592 4195 1703 1444 3359 238 1281 241 3504 3567 326 1262 1279 2024 1248 4332 1187 1817 1895 1664 2057 4804 3693 1762 1485 4326 574 3297 1626 1852 527 4638 4921 370 1483 888 4745 1944 2986 620 3413 1515 1307 4386 4649 3433 4847 1190 450 2728 3322 2898 905 4649 1737 3567 145 3085 296 2654 1052 4416 3206 3027 3838 2074 375 2850 2128 3872 2276 707 3038 2889 2037 4920 3446 2751 1611 2912 3761 2428 4280 2408 4405 3364 1544 3990 421 1661 3226 1192 4521 4718 3966 4119 3580 582 4310 4684 1375 4509 350 4533 2110 4930 1545 2802 2057 2239
569 184 658 2056 2406 4979 38 484 163 4371 4420 528 4602 3563 1863 2362 339 1853 2987 1373 981 3335 4814 352 606 2098 2230 4637 1837 3996 3855 4783 3947 798 1561 660 143 1795 2440 326 3127 1025 4022 2120 2030 2290 2101 4156 3864 528 2613 1527 1969 1071 3017 272 1642 577 1055 3663 2377 4960 4647 2699 4825 4467 3323 4410 4802 1595 4650 135 2763 2693 3736 1606 4010 627 4470 3857 4411 3152 2914 3458 429 4771 3694 4563 460 3488 4974 2798 469 3901 2520 1488 3426 769 4011 891 786 133 2488 4792 3320 3523 2224 3778 852 3556 504 2784 701 495 4410 2514 4491 793 4383 4743 3480 1772 511 508 4649 2790 2333 2541 4999 1950 4027 369 592 3613 2031 1340 442 413 1369 3179
662 1937 908 625 4213 1689 542 3812 2570 865 2709 357 2425 3438 659 4280 1802 2097 2410 3685 1995 2269 3648 2535 2880 2369 3476 38 2072 727 3325 942 2861 2512 305 851 4938 1530 4632 1262 1025 4229 718 1386 3414 4152 1799 3229 2249 2409 4123 1814 416 568 4355 136 4912 3616 4088 343 2958 325 2734 406 2700 1929 434 2244 2004 4358 3825 4323 4433 1836 193 3386 4811 4603 2945 2117 4253 563 2662 3619 3746 3130 3977 2497 4925 2887 2117 688 4473 1137 4402 1822 2207 4775 1020 4292 175 2105 4869 1270 1891 4580 3237 3316 26 257 2879 3314 238 497 3220 2393 407 2028 809 3349 2102 2425 2573 1219 2232 1980 3685 79 2605 3893 2455 2028 2394 3908 1420 1553 844 2555 3107 3664
2096 2785 3616 4796 4371 380 3891 3669 3644 2618 4811 1848 215 431 3875 3273 4742 1463 513 1434 938 891 1702 2453 2912 574 4032 929 1029 120 618 315 2236 2286 852 1695 2144 3527 3899 1279 4022 718 1539 4980 4257 1641 3062 284 1536 411 3445 1191 974 1365 2144 4828 2192 3684 2492 2618 2574 4097 4135 3427 141 175 995 200 4729 4158 4282 4262 3321 4607 4825 3734 1985 972 572 2954 3779 1407 4288 452 1651 4820 1688 2696 2011 1476 1844 640 1428 2529 3488 1855 819 3394 2300 4300 1187 561 3965 2899 4149 40 2934 4711 2607 4555 4805 2101 3921 3262 467 3199 146 38 1657 4322 3300 3462 3129 474 3004 1818 3375 2128 850 3847 1294 4571 4930 1536 2599 2136 3144 1969 1051 828
3249 3268 513 1485 1265 3235 3501 2837 2688 564 1050 3529 37 1169 472 3817 3235 4764 2831 1734 2613 4300 4115 1696 2250 1759 4046 4316 4753 3044 1127 953 2801 4982 4207 121 325 1631 3082 2024 2120 1386 4980 4579 2353 1367 1156 2070 1489 1125 3710 4170 2123 1053 230 3925 2587 1374 230 3253 2800 2165 1413 4241 1045 2053 4166 3663 1063 1475 4559 3203 4823 1835 4298 4271 2678 1190 4171 3802 3922 4578 4257 4533 4579 4730 3634 3714 3973 1021 3207 356 4897 3792 1748 2805 207 4816 1080 2004 2980 3290 4760 647 1935 4992 311 2139 4937 2643 886 2250 4258 3168 797 3154 800 643 251 818 1330 1302 1272 473 1018 3695 2408 554 1836 1808 2059 1907 763 3328 1207 1155 893 2859 4892 724
3731 3392 4409 3568 2212 1209 1504 1317 4447 1004 127 1817 4411 342 1656 2870 1191 4461 343 1305 1192 2585 4056 1505 4855 4182 2647 1625 1192 1734 4494 3504 1673 252 312 1034 1440 323 1464 1248 2030 3414 4257 2353 70 49 1175 3694 374 321 1440 4038 1952 2741 1494 2313 564 4430 2360 4770 657 1192 2485 1368 640 1927 2863 2952 2016 4436 4884 897 4115 817 1288 1868 4860 2875 3540 2798 2938 2027 489 872 1119 1031 2217 1781 4433 204 1878 2738 1952 2331 2269 2408 4767 4987 2618 2687 1430 812 2309 1177 2270 2634 2963 4170 4213 991 520 1581 989 2507 3438 1989 3792 384 3233 318 601 571 720 2356 765 3586 1304 2174 900 4589 763 1956 1776 1649 3889 2055 521 605 702 4236
4040 4536 2571 1146 4827 1096 668 4873 2096 536 722 2572 4950 333 1619 4163 1592 2290 2408 1587 1327 1134 2281 1155 4624 1029 1561 3147 4260 3580 444 3277 1794 3869 4843 1946 75 4366 4596 4332 2290 4152 1641 1367 49 2198 3856 760 4449 1555 2614 1021 4236 100 4201 2208 596 4504 2562 2830 2162 3135 389 495 479 119 4703 2745 3479 2520 448 4773 219 1262 1957 516 3502 3603 2662 1105 4575 299 630 451 1441 4729 3979 3108 3911 123 4909 119 1052 614 3645 3705 380 4345 1050 82 4934 3673 3212 2250 2816 724 3208 2776 3473 204 3344 1362 4960 3769 401 2405 2202 4193 3384 379 1078 3622 1970 3218 1004 1554 891 888 2302 109 1757 4869 4985 4639 1961 656 2473 857 2665 2590
3447 749 2053 3890 1298 1108 2396 341 1093 3862 3874 4074 2651 832 4760 2020 2271 440 398 2918 255 3379 189 3513 4527 4493 3412 2053 442 1216 4245 2956 2082 2811 4897 891 1216 4510 3305 1187 2101 1799 3062 1156 1175 3856 4163 583 1811 1697 1953 1774 3936 114 2123 1744 3021 352 274 2805 1626 124 2448 3319 2159 1420 80 454 2815 2351 616 4890 4926 1898 164 4906 3144 1966 4548 3272 606 245 1931 1741 1555 2460 3734 4075 1442 3433 2757 3211 951 1862 486 2457 4811 480 431 2769 1017 4409 3421 3039 1857 4517 2641 4591 17 1433 4875 3473 3676 3546 2000 2259 2761 2547 2261 3508 3100 331 3209 1714 3621 682 4647 669 1210 3642 3619 402 4432 530 716 2336 1178 1164 827 1113
268 709 3696 1287 1017 4107 4303 4378 1211 4147 1416 117 4768 4100 1889 727 4917 847 4303 3382 1361 478 3761 2813 1065 275 3761 3870 1430 1666 800 2439 4336 3181 3295 4318 827 1420 2194 1817 4156 3229 284 2070 3694 760 583 2447 3415 3552 3849 977 3987 890 3829 2222 157 1192 1790 2001 3627 829 3206 4923 4066 3543 1837 489 1186 3352 2453 4253 3375 2041 846 713 4442 4420 2594 2303 4075 1851 328 3629 4919 1443 2628 2018 4856 1741 3213 4307 2925 1635 1481 3538 1760 3137 4779 3826 4890 621 571 2596 4299 4858 987 1621 453 4788 1972 4494 3209 4144 2009 1059 253 1965 3387 454 45 3449 1841 2961 3575 1491 4621 3887 3990 1919 2230 2255 2498 776 3839 2984 3459 4703 4045 3152
557 4288 2527 235 138 1287 842 4805 549 1927 1772 4198 3589 2438 1647 2359 2254 4289 455 3638 4896 2276 3363 4374 656 4312 4310 3350 4067 3749 2928 1294 3122 4701 1115 4856 4074 4977 3315 1895 3864 2249 1536 1489 374 4449 1811 3415 4182 3631 3415 3013 199 3436 3669 1595 2894 3708 2985 1076 2130 1672 3319 2331 1412 4758 4499 2561 3876 1326 1222 3736 3939 927 1880 381 3366 4027 1149 4578 4005 2455 3257 3672 1347 3713 3172 1236 2627 2907 2958 2444 3549 195 2456 645 4305 2971 2421 4353 3138 2704 2005 3041 118 2288 4180 2192 2315 4359 2974 4262 2662 126 3315 3156 3539 4431 3285 1704 1294 885 1363 3471 2027 3774 443 19 3122 4202 461 334 1952 198 1178 2889 4926 2089 800 1193
4961 402 1108 1148 1652 3966 3163 2054 1416 1371 1256 2972 1913 1879 3648 2448 4047 3690 3615 4146 2446 3428 785 1758 1783 103 3134 4973 1781 4735 2082 1188 895 79 2786 3927 1646 2291 3238 1664 528 2409 411 1125 321 1555 1697 3552 3631 4260 2785 1538 1447 4903 1297 4456 1713 3034 1512 1424 1364 3195 2078 902 436 921 3730 3446 3226 797 288 1338 1076 2809 621 2649 4999 3750 2727 514 506 3661 1456 2861 4119 3257 2220 4852 1683 3238 2846 742 3266 3733 2803 4219 4717 721 131 3004 2422 1401 4947 2070 2425 2649 2267 4548 2128 3703 1517 4998 3170 2760 1043 1992 1874 3372 1851 3422 4557 3232 4874 1527 2711 3450 4411 3280 333 843 3392 3648 2415 4684 4186 4468 1568 3000 2512 4249
2407 2805 2196 3983 1227 1468 3690 3409 152 3708 4067 1463 4952 2926 3541 4880 4308 2513 3789 2372 2129 962 791 356 2659 2540 4298 1113 4623 2203 2664 4856 938 953 3589 3347 1723 4309 2338 2057 2613 4123 3445 3710 1440 2614 1953 3849 3415 2785 387 50 4150 1980 2976 2800 136 32 1079 3380 3338 4676 2318 2469 3387 4690 1840 652 2200 463 3864 4727 990 478 2386 861 4212 4264 1839 2652 2172 1864 4436 1192 3482 2740 1130 4223 1955 721 1493 2148 153 2496 3187 4675 3739 4655 730 2061 441 2924 1919 716 2513 3315 3818 3523 2920 4940 3919 4410 807 310 1773 3204 528 3142 3428 1117 3391 166 4939 4212 4126 452 4045 866 4986 2200 3231 4670 380 2071 2294 812 3290 4484 2559 2776
3985 235 2275 2736 3207 3021 2600 1498 474 3606 3547 736 250 1072 1567 819 1716 2573 2072 53 1317 3413 2301 3157 2777 2976 783 2986 372 2184 2251 2049 4016 2670 981 4762 1665 755 553 4804 1527 1814 1191 4170 4038 1021 1774 977 3013 1538 50 2790 4887 3249 3513 4917 2102 451 4655 4026 2009 1995 703 1901 4697 278 3804 1467 4989 90 2665 4164 3773 37 381 2536 3238 2958 3494 1120 306 3807 2927 2923 3822 814 2919 3232 4542 3304 2904 4557 1633 638 2222 3599 2402 4051 1865 89 2943 2381 1190 4511 157 743 3267 2339 3415 2083 3252 2073 4859 2617 3842 2400 4265 4010 907 4707 3676 1501 4371 1613 4349 4358 4488 3647 3513 4067 103 4140 1175 2523 38 4691 2870 1591 4707 951
857 4081 1966 992 2324 336 2698 735 4278 1474 836 2996 3595 598 1407 1826 4215 2776 2587 982 4947 1725 4952 1751 696 1516 2643 4173 2734 3418 1333 2417 2465 2659 330 1961 1301 549 2226 3693 1969 416 974 2123 1952 4236 3936 3987 199 1447 4150 4887 1424 2138 3759 2016 1671 1322 4934 2154 4718 3818 3231 4783 662 93 1904 1443 865 1808 125 331 1554 722 1892 4084 4302 4635 4716 2733 4967 3684 1270 1835 2824 4874 3038 118 896 3544 3661 4564 827 195 3778 2974 271 3617 4078 2221 2814 4992 1146 555 2011 783 1727 2110 4674 1082 3517 864 1417 4258 2281 2333 3522 650 1929 4882 1350 4744 2387 4229 3656 508 419 1627 416 4127 1837 1111 3828 1547 3796 4903 3475 1089 1097 2168
2685 3483 1571 2394 34 4607 1954 109 4109 2682 4919 4200 1704 3751 1690 4544 819 4574 3016 1977 2724 145 3330 2428 2887 4739 1924 3203 4473 1473 3623 1501 806 4811 2221 3746 2501 3119 3307 1762 1071 568 1365 1053 2741 100 114 890 3436 4903 1980 3249 2138 1861 4666 401 773 4052 857 750 1088 2260 199 167 1701 2706 3320 4396 4938 828 1375 3162 1196 4116 3046 3584 1792 706 3111 1007 4838 4551 3387 3564 1114 1249 1022 4800 1622 1861 1945 4703 1492 2986 1537 1950 503 419 1597 246 1022 4437 1075 2451 599 4342 2539 3683 1902 1887 3022 1945 4315 4900 917 586 2345 1087 2634 2383 134 51 679 1390 4203 704 478 1191 46 2591 3807 2258 3681 2466 2026 1979 1559 4264 4117 4384
3709 2049 1206 1827 1082 2514 1662 1720 3680 2525 3642 3194 4911 3462 2640 2396 756 2898 493 1827 2698 520 886 3866 843 4765 3690 332 3418 3810 985 2715 4497 1209 1972 2851 2913 193 1631 1485 3017 4355 2144 230 1494 4201 2123 3829 3669 1297 2976 3513 3759 4666 4956 2162 4100 3694 3205 2979 1353 1706 1748 3009 4503 3769 2940 674 3605 1365 650 1413 3089 2638 3188 128 3626 1980 2338 1821 2035 2556 2005 4349 3365 470 70 2909 3920 308 4455 887 726 4728 1227 1418 4887 3888 4763 3333 638 3239 185 3629 3459 795 3178 2240 1096 3209 1292 4067 823 4925 291 94 3211 3584 2624 3457 794 4291 2697 1372 4816 859 224 4791 2175 3973 1463 2365 4681 3236 1340 1004 3194 1542 320 480
1064 1742 1172 1591 3800 963 4265 2466 2023 4378 3683 2088 3877 4885 2179 2025 4055 4503 2583 2832 2440 1149 1031 3053 1375 660 1767 2594 2252 1431 428 760 978 635 1791 2368 1604 300 868 4326 272 136 4828 3925 2313 2208 1744 2222 1595 4456 2800 4917 2016 401 2162 2010 181 3566 661 193 4454 2006 1227 358 1017 3008 748 3877 4929 3979 733 1314 1874 228 3697 3204 3336 2953 2525 1769 1849 4553 2682 1135 2352 4943 23 4725 1820 4860 978 49 2632 236 438 2350 1049 3593 796 4239 2013 3239 1870 735 933 1481 4664 1067 2810 1867 2439 271 4682 3352 3393 4501 871 649 1918 3294 2911 459 1735 4881 3475 3592 1186 4987 649 4444 2331 3280 3014 85 4300 276 2653 1753 3306 3255
4624 3892 726 3087 3579 2060 3461 4142 2607 653 173 4488 4507 4125 1849 89 698 3076 3280 4458 1853 3242 3479 1895 314 4733 4320 1070 1525 1764 2326 3454 1937 4922 1331 4950 3694 1811 3083 574 1642 4912 2192 2587 564 596 3021 157 2894 1713 136 2102 1671 773 4100 181 2150 3724 445 1176 1937 361 2092 3549 4081 1335 2339 2052 989 3004 1612 613 2460 4725 3068 290 4936 4265 4059 2851 3502 3506 2265 869 719 4015 4949 2374 4763 3178 3689 4065 3779 2065 1399 2462 3024 1390 2225 3028 4731 2283 3928 4878 2684 606 4546 1660 2963 364 2695 1338 1149 3562 3665 4667 2999 3556 1924 2920 1168 2371 1867 3882 3199 4903 3271 3876 4299 3924 4632 3106 4537 4726 2302 94 3037 4768 1478 2399
1324 3148 3561 4282 4871 4141 3512 3021 1316 3431 2438 3619 2873 4885 1321 2855 283 551 1581 2973 2176 1123 4041 3819 1096 3124 17 2802 353 1281 3102 2737 2323 3476 1696 1257 186 4255 1142 3297 577 3616 3684 1374 4430 4504 352 1192 3708 3034 32 451 1322 4052 3694 3566 3724 498 4124 1054 2208 3165 4848 2594 1688 3487 3171 3850 4404 143 111 1469 2325 4000 826 3621 3654 1535 3385 3329 1453 4925 3394 1619 3510 1257 3462 3164 3387 1232 162 2695 824 514 3251 3271 4977 3661 889 1827 1449 170 982 3191 3381 1511 2777 908 36 3371 312 1212 2492 3699 1469 37 3907 964 3514 1803 3013 3635 2078 2790 642 4019 2094 4615 3089 2058 358 2674 3859 2722 843 3292 3846 3275 2621 2020
