N: 140
M: 20
Symmetric: true
Triangle: false
7 85 106 50 89 128 9 111
9 36 88 52 72 74 48 45 107 10
11 34 75 62 92 4 71 135 60 51 84 68
9 54 79 121 27 132 134 13 112 12
8 100 42 124 15 86 96 18 109
6 44 58 65 90 116 114
4 23 122 1 59
7 115 80 22 32 43 28 29
6 31 38 46 35 14 129
9 61 11 119 26 123 6 24 66 16
7 73 138 113 70 87 133 127
4 56 137 76 41
7 131 3 8 97 105 110 136
6 94 139 47 69 21 2
14 7 20 91 78 120 130 101 5 63 64 67 39 95 17
7 83 103 57 104 37 40 108
4 93 82 118 55
4 30 19 33 140
5 117 25 126 125 98
6 102 53 81 99 49 77
1417 1996 475 1381 4262 4505 3957 910 918 164 309 445 2419 2367 2857 3915 2560 2871 168 4017 880 413 300 2066 1486 2059 522 4212 439 1302 187 599 679 2936 4393 383 4902 1003 680 1394 4421 667 487 1557 4249 1221 295 984 2774 3860 161 4727 3602 177 873 1315 1849 3696 2061 4232 920 1762 4305 274 1005 2077 2986 89 1912 1821 3897 4238 4792 3440 1447 4850 2218 587 1929 4638 215 4698 2936 1083 788 1943 127 4955 505 2502 411 2473 1126 4298 1583 1672 1266 2453 368 1973 902 4592 952 4814 1207 1746 74 2446 1233 3289 2166 186 4611 4929 118 1315 2295 4865 1884 4536 4777 2386 2158 2738 4475 3159 4678 4183 2774 3723 2879 503 3682 83 4867 4642 1112 4484 1461 3438
1996 1699 4261 1094 4588 1861 1136 4645 950 3581 1302 1379 2386 4849 1749 1187 1708 719 3431 1114 1718 1630 4806 1628 3456 2033 3777 975 1616 4398 2978 1655 3597 2527 3470 880 4875 4531 86 1914 1795 2148 4785 2299 4929 4573 3413 4523 4371 200 2964 570 2638 2798 1280 1718 2204 3709 3335 395 3261 1115 971 124 1198 4423 1975 2812 3547 968 200 214 1427 2693 4055 1201 3588 4053 129 3866 1244 3308 3475 1020 4721 2755 86 3128 4195 4926 1933 1600 2613 2264 2714 102 49 1440 3863 753 656 3995 2359 1845 2972 1700 1857 4268 596 1842 3594 1030 619 812 407 1552 2117 2653 1194 965 1671 2929 2759 1957 1689 2595 4658 2202 2320 2029 3532 2201 2038 3700 3626 718 3299 1033 3985 3208
475 4261 830 2828 2052 3257 4680 2181 1975 299 4472 1140 4825 4179 3833 617 1413 1350 4480 1058 3402 3267 2149 4039 1346 2140 523 4631 315 3641 1232 1911 4642 4247 4625 811 481 2387 3041 1345 2547 2781 439 3247 2517 951 4083 415 3764 169 4147 4418 841 4756 2794 736 386 4649 3271 1158 4395 4676 627 3329 1723 4728 4038 3588 1691 1082 4245 4333 3129 4055 3951 4536 2311 1594 4286 2003 2616 1230 4610 4827 965 209 3766 4217 1260 443 2333 1325 95 4540 2081 4411 188 795 395 4884 1285 4928 1250 2608 2301 3116 337 4631 1587 278 3386 2610 601 3317 4349 4053 2945 1381 3942 1417 1405 4831 4300 114 3572 4967 1571 4616 628 3918 3108 708 1845 1017 503 4483 4156 848 4455 2858
1381 1094 2828 3224 560 2756 3669 4978 3038 4795 1985 27 3042 4016 3010 2377 4296 1988 2148 4671 1692 1666 859 3261 4151 1629 824 2114 2299 1854 2877 1710 232 4666 2096 3999 1758 33 1608 1218 398 909 3068 726 668 907 4181 1211 3455 368 4745 723 1686 3780 3881 3709 4940 2283 1234 3962 2167 2515 776 534 3344 1485 4398 1016 998 4555 2257 1797 4158 3618 2157 2146 3548 4608 4138 4899 3431 737 711 3563 1291 906 4986 4509 4385 3336 4110 1821 723 4619 1991 4120 2571 2562 1733 4809 2657 3207 1500 3557 3755 2199 654 3604 2512 4526 2784 4900 3289 2298 414 4948 685 1886 2371 4348 3121 4982 3316 4248 95 4273 3679 4017 2653 870 21 3420 3415 1347 2342 4561 2360 116 4677 3055
4262 4588 2052 560 412 2663 1039 173 2387 3545 1438 1000 4924 401 4042 356 4539 897 2293 4432 919 4744 2654 3388 1105 3148 413 3207 2732 4159 3335 1155 4287 3071 4619 922 3934 2987 959 694 3984 1618 91 2266 1938 137 1385 657 3694 1101 2709 304 3406 4129 1035 1558 3986 1468 3762 1687 284 1425 2207 426 970 1321 4880 357 557 3989 2618 556 1205 3617 2820 1649 111 4180 187 1392 3829 3697 837 2304 1471 2036 2625 1775 2784 2065 2610 3140 3150 2149 2602 179 3145 739 1714 4079 4297 63 4851 1789 3958 4766 2510 2139 2886 3897 2064 3009 2288 3968 696 1001 1276 4092 4463 3042 1135 1325 2620 4121 831 783 387 3221 4317 235 4187 1690 2962 1023 2828 3207 3432 2229 1330 1901
4505 1861 3257 2756 2663 135 3464 1139 2047 3768 956 3355 4763 1364 3219 3101 2480 2962 3735 3442 328 3460 4880 2666 4972 1233 3651 4966 2670 3693 2355 1861 2956 3237 3464 2194 3847 3968 1803 2307 309 4375 2109 2880 1977 796 239 1407 1176 3070 2819 2060 348 3291 1011 1661 140 2127 2374 3329 3021 3320 3827 157 3367 4234 1135 3511 4789 3127 4710 1126 2552 4821 503 3985 3740 538 436 303 911 2818 1684 2495 3824 3092 1505 3899 919 3797 3941 3654 4433 3114 4232 570 344 1465 1632 2530 311 1048 3484 1047 2630 1784 1087 4800 1127 2815 3325 4100 1092 2882 4836 329 4489 240 4233 1282 233 4025 1429 1388 2448 586 54 3552 2883 1717 4737 327 184 1924 3710 4297 2877 4075 2709 1911
3957 1136 4680 3669 1039 3464 4068 665 3446 3461 590 4275 1368 1865 483 1534 3646 2035 4606 654 680 2837 1454 1177 1045 1646 4740 4813 3865 4890 2421 3028 1731 4673 3370 4647 3457 2637 383 3753 3436 4339 383 4790 4468 2634 1696 1605 1285 3156 3008 1624 4231 3991 2520 2819 3945 1998 4992 3389 2103 1224 906 4179 4297 4157 2022 33 4341 2489 2820 4237 2261 3870 846 3303 1732 4478 3636 3954 3109 4278 1887 3851 2747 4858 829 762 4926 2968 2089 1486 3477 597 2293 2208 3263 1737 4202 3866 1814 1408 4148 677 611 4108 3927 2571 369 3254 380 950 3017 757 1369 241 3302 963 2668 1478 1255 2807 3890 2455 664 4744 1226 1654 2485 1166 3151 4193 639 2108 2192 3949 3910 2118 1423 3532
910 4645 2181 4978 173 1139 665 52 2529 4039 3140 3629 638 1461 1282 2469 570 4192 1768 3803 4743 3767 1718 2424 2455 1711 4203 1754 1615 3916 4945 1192 4917 1520 2138 871 3549 2019 2037 3593 2114 4054 2577 2355 1297 3721 230 417 540 1930 433 4996 595 2929 1031 2048 1906 4581 2219 3640 2881 4457 1926 1496 2002 3390 1729 3891 3785 4846 4122 1849 388 2889 2022 193 4397 958 1535 307 4996 4266 2146 4354 3500 1999 3574 3216 2279 4524 2100 4044 439 1572 504 3605 1814 2573 3302 3661 1763 1435 1104 3220 4481 2905 1283 2895 3028 1918 3640 3653 1885 3951 4432 4382 3042 4321 3489 488 3900 4647 4692 349 2442 590 1889 2786 3635 4203 1264 4980 2341 1132 1692 4900 3728 1877 4644 3010
918 950 1975 3038 2387 2047 3446 2529 2395 2538 430 75 717 229 1550 1188 1501 2138 1659 617 3879 1247 3395 3000 1876 1570 3882 44 4982 1382 4250 3989 4358 4241 4697 408 3321 3916 1498 4143 2630 4840 1335 175 4622 657 609 2957 4655 1788 696 1798 1858 4336 4420 3560 4149 2085 460 1758 2745 1752 1083 1079 3168 2002 2850 4133 2598 240 688 3860 3284 1939 2177 3567 2946 490 944 1901 2167 2610 3129 4141 1934 1482 4659 230 3747 1531 2978 4350 2094 1318 4378 2011 2896 3738 4180 4879 491 164 3020 2151 406 1398 1594 1614 1421 1383 4308 4096 3803 1353 3334 4758 1895 2973 2470 3261 3963 1335 241 2867 989 4720 3580 2452 1121 3010 3507 3990 1282 3137 3452 3149 2256 4390 4816 2672
164 3581 299 4795 3545 3768 3461 4039 2538 1015 4929 1486 1080 1705 592 3083 3784 20 1663 60 383 778 2869 148 2274 3610 3105 2255 1998 420 2574 3168 3332 4125 696 13 2799 4316 2395 3859 4545 3130 4894 2838 1868 3875 2321 1408 1072 4624 3985 2439 1085 1928 2871 3702 331 4773 4391 2255 1589 3698 2349 2599 1115 1180 731 2301 2911 2203 434 4993 4087 4103 4619 2120 387 2582 3082 1785 2642 2810 1432 779 802 1659 99 4645 257 4194 512 542 493 4068 2150 1379 223 4558 449 502 3614 1063 2856 4958 3615 2690 3232 1054 2836 267 892 3789 1615 2972 201 2950 714 181 380 3417 3596 1886 566 2413 4070 1590 1196 527 4816 3340 3323 4142 2567 4378 2309 4143 1065 3974 3017 311
309 1302 4472 1985 1438 956 590 3140 430 4929 3699 285 2317 138 4287 602 2427 1523 2039 2942 597 4223 3678 4273 4014 1196 3761 3081 2717 3219 3720 2909 2878 2322 3950 388 4607 640 1014 4433 3396 3561 4765 4554 1325 2121 1105 1884 2699 4011 2948 4903 3675 1803 4984 2771 2400 2738 1258 2610 2273 1020 99 2620 2220 1695 4112 413 1591 3639 2135 1631 4799 3888 2384 2820 2391 427 2788 1361 104 4203 735 3253 4050 4586 989 2833 3446 2884 3072 3885 1518 1158 2417 4691 3815 3821 1861 1464 4725 1748 3371 1698 1445 2631 652 3581 615 4146 4132 3372 1333 2787 1293 939 1315 851 3239 4796 3910 4083 3879 3441 137 1186 909 669 3047 2615 3647 256 2822 2900 3548 4190 1919 2082 796 4744
445 1379 1140 27 1000 3355 4275 3629 75 1486 285 1409 2850 1796 4246 352 3578 193 3822 4886 3188 936 4675 3567 2826 3788 2164 3914 998 2483 3079 4794 4092 1512 324 4938 1747 3127 3174 1057 3001 2384 3339 405 1207 3621 4098 2238 1615 2505 1537 4692 4761 3686 4546 3703 3333 4494 600 3019 4410 1360 3372 4261 3736 104 1558 277 4604 3575 3226 483 2667 566 1366 708 3253 625 4324 1790 4452 1428 2403 4576 4663 1847 3056 300 496 2604 467 4480 4287 2151 152 4561 1246 2059 3080 633 4996 3363 1901 4720 3742 1691 237 2143 3389 3382 1052 4108 3542 3317 1410 3951 2277 2233 3646 199 48 2185 4303 2085 2894 585 1186 2709 4271 2985 1895 303 3880 837 391 1993 529 3781 1733 3736
2419 2386 4825 3042 4924 4763 1368 638 717 1080 2317 2850 3760 4758 4637 3131 3927 2273 2814 1104 1746 3377 4054 1457 2895 2294 3436 3892 203 471 1517 2502 1703 674 3795 4542 4077 4226 714 3752 4787 2019 4496 2430 2667 460 4632 2436 4576 4176 1928 3481 2500 1296 1085 3041 686 4095 1719 1204 4881 3363 4713 4591 836 4466 2907 542 780 4271 4214 1007 3396 1266 591 372 3104 1371 3240 3973 631 2636 3864 3551 3169 225 1721 4889 2999 1624 2129 2867 3718 4688 45 2759 4456 571 2160 3132 1759 4297 51 2612 576 4090 4073 2545 2376 297 908 1795 3961 2526 3960 790 4435 194 3192 2127 4090 713 3642 4275 1557 3518 29 3199 4427 1824 4361 3882 3247 4480 4779 3883 4759 3364 3584 3928
2367 4849 4179 4016 401 1364 1865 1461 229 1705 138 1796 4758 265 2327 4713 1863 3258 708 2907 1139 2076 3746 4716 4678 1292 1656 486 2347 2449 4785 2826 185 986 2055 2940 3916 4386 42 1371 3396 4771 297 4512 264 1445 1889 4333 610 958 1387 1886 3560 1048 2291 1517 2088 2087 3321 2870 3004 2575 226 1716 2034 181 4811 137 2288 1652 1582 1911 236 4741 215 3343 3565 2073 3122 3153 2530 1175 4312 3729 4902 2581 1831 3573 4514 4667 507 2579 4082 2430 3987 1397 3601 2370 950 2300 3677 4357 4338 914 874 3937 4240 1772 3401 4120 717 4747 1063 4148 2205 3294 4619 2791 1091 3614 3866 1803 2468 4812 1122 4470 520 3798 2483 3275 92 375 4194 913 2509 2203 2823 3992 43 674
2857 1749 3833 3010 4042 3219 483 1282 1550 592 4287 4246 4637 2327 3199 2584 4074 2331 1159 4236 12 4487 4636 4497 2350 136 3351 2936 2450 1170 1355 2244 4208 3436 4603 3520 714 4469 4701 100 4165 2293 1315 3879 3326 2689 339 3916 2522 714 712 3972 3170 4298 4162 356 4974 3884 3105 2708 3183 3318 3890 457 1959 3902 1689 1858 4434 1178 818 3822 275 3071 2250 4767 2464 264 913 2921 4834 1207 2368 1550 3075 956 3021 4016 736 204 1694 1987 3986 390 1259 4875 549 3363 4680 478 2881 4413 1970 2821 4998 3236 3511 297 1355 543 4435 1247 632 251 285 4818 4156 4578 3114 252 2362 3486 1088 239 4820 1878 4968 4887 3193 4864 2862 4762 2131 1181 809 2647 33 3724 4362 422
3915 1187 617 2377 356 3101 1534 2469 1188 3083 602 352 3131 4713 2584 2862 4623 900 1694 170 2398 1946 4914 3660 2923 2250 742 4869 4487 2936 3416 4953 2987 3574 3221 1011 1008 1328 997 1163 728 4924 3537 2690 517 4259 3896 4681 912 1915 3880 2046 2917 1074 1604 945 2527 3802 4458 3399 3653 3296 1396 4963 1767 4879 4954 1284 3190 4157 624 2145 4914 814 4829 2999 987 2513 2520 4836 4228 928 2847 4673 1681 1700 201 4152 3051 747 434 1746 4572 4613 1383 4789 3867 3344 1188 2137 4165 2970 2804 660 1883 3556 3986 3205 2507 4895 1348 1553 176 3400 1085 2075 730 2725 584 2110 4297 1521 4388 2200 2352 3894 3524 1578 1814 4993 4282 4166 435 1682 4697 3095 1491 2260 1289 2653
2560 1708 1413 4296 4539 2480 3646 570 1501 3784 2427 3578 3927 1863 4074 4623 2063 2895 3744 1369 3903 4280 2556 2600 3714 3186 892 2593 3349 900 236 3147 3160 4199 1392 2794 3968 3911 2650 2657 2214 4129 850 2496 3495 1393 2747 987 3421 1071 4345 1344 940 244 4310 1593 4114 3027 2373 730 3024 3553 2804 2591 3726 2647 4591 2972 4644 475 4162 446 1358 2319 3826 2159 2557 2490 384 1364 4245 84 586 2119 3827 2639 1346 1847 1059 4258 4964 243 2655 4327 4986 361 4121 3176 2607 2092 2843 4190 376 1671 2483 1627 3364 134 664 3081 165 3818 2694 2901 2839 4334 122 1999 4613 3495 3891 3575 2521 4720 3809 780 1893 3703 1163 2731 2313 503 1971 1897 2003 3949 3454 3500 3259 85
2871 719 1350 1988 897 2962 2035 4192 2138 20 1523 193 2273 3258 2331 900 2895 4134 2306 1707 3875 1294 1806 4321 1195 3050 1996 2788 4277 4634 2130 501 3542 4578 3393 229 3564 42 2742 1446 4100 1622 1083 3871 1835 1281 1955 4235 3191 3250 1423 960 4049 4592 4407 4201 4624 3556 4416 910 1800 4119 1765 34 3443 4371 3488 1509 2075 4005 1362 1164 161 2814 3579 4018 4722 2416 3341 4383 4076 2077 2413 2117 3967 808 3931 3992 536 335 4620 558 2885 4719 1708 2344 580 27 4689 298 4668 1080 1842 771 1793 1459 1948 1638 43 769 2137 3603 94 4134 3695 1240 4342 2526 3945 2570 4560 3980 4143 2828 4254 3870 1039 1085 456 1840 1132 3901 3877 3643 4232 2622 4865 3871 3658 2618
168 3431 4480 2148 2293 3735 4606 1768 1659 1663 2039 3822 2814 708 1159 1694 3744 2306 4955 2759 1889 1355 4656 426 2075 800 4620 3984 3870 810 2116 1376 4652 4663 2930 661 1703 3461 656 2212 1472 297 3490 4343 318 602 1797 4902 3983 3221 2105 885 3332 3971 617 300 1533 194 4144 443 535 4008 3067 3036 1378 4173 2418 3010 3773 3101 385 1235 1457 1066 1964 3445 2842 2777 1074 514 819 3596 4597 100 2877 2360 2316 242 4665 1561 1989 3694 3683 3985 584 1447 1395 3515 4329 1779 87 971 2272 200 3313 4913 2744 1751 2966 36 1184 3568 427 2816 3872 4163 2996 727 2990 692 17 210 4232 2163 2147 4846 1552 4443 3703 1808 2365 3582 1360 324 107 3371 2133 644 3867 1940
4017 1114 1058 4671 4432 3442 654 3803 617 60 2942 4886 1104 2907 4236 170 1369 1707 2759 99 2331 2112 4099 3595 4220 4974 1152 166 2717 4066 3039 1980 547 302 1246 3891 3412 2153 3630 1238 2487 3942 3470 621 463 2003 4700 3201 791 3735 2755 4183 2424 2796 100 663 1272 2950 2124 3281 1778 4052 3427 2828 2449 4826 3174 4840 705 3233 4526 3378 1717 388 2480 4506 4356 1836 714 3460 949 4465 2616 920 546 264 1024 4287 4528 3466 4515 4800 4022 4813 3448 1742 617 2966 3574 3527 3302 4850 1663 1179 4271 747 4294 4831 3566 1381 3438 1804 2048 4970 1125 4178 3814 1655 1099 60 4093 4241 1129 2560 3243 4446 2881 64 4228 4786 4510 3080 4165 1940 3526 4279 3112 2961 341 4429
880 1718 3402 1692 919 328 680 4743 3879 383 597 3188 1746 1139 12 2398 3903 3875 1889 2331 2846 2023 4264 678 2853 2303 4395 2591 4928 4127 4784 1480 2929 904 4183 629 484 3580 3167 132 1030 3552 811 1791 1271 636 4499 4465 2459 3199 3660 3840 713 4230 2975 2598 2566 2713 2618 2564 2127 763 1375 2747 3450 4727 4963 4533 4491 3915 1268 2375 3444 2842 2393 1587 4369 4206 2644 3718 1406 607 227 3475 1231 4561 97 965 4712 3042 2276 885 1082 4884 4319 3506 3552 1896 240 2173 2061 924 3342 442 644 897 4495 2669 1152 544 3628 2901 4581 3158 836 3533 4980 88 1914 4613 4304 3769 751 1975 4689 3568 4266 2114 3532 971 28 4988 863 2094 2423 2922 2127 4279 395 4624
413 1630 3267 1666 4744 3460 2837 3767 1247 778 4223 936 3377 2076 4487 1946 4280 1294 1355 2112 2023 1412 4022 2365 2116 4714 3196 3856 320 2026 1191 1344 4977 4367 3625 4773 4378 4972 3082 4086 1156 4097 2390 4670 3006 1449 3398 4646 4905 1781 2514 849 1527 4677 521 3941 4683 743 1455 4889 1333 3638 3520 2205 4011 3121 2102 2505 3303 3723 3989 3250 2549 2547 4496 3143 1373 1519 1844 2986 174 582 794 851 3329 99 1770 842 3368 2316 356 640 4936 278 4570 1084 2039 1423 2095 1431 3288 2927 444 1985 2553 2773 1592 402 1770 2863 1008 4724 4077 4150 993 1342 234 1817 4661 1639 3989 3021 3782 793 4043 3421 4212 1231 975 2234 1121 1177 3665 3491 4160 404 830 3369 2564 4218
300 4806 2149 859 2654 4880 1454 1718 3395 2869 3678 4675 4054 3746 4636 4914 2556 1806 4656 4099 4264 4022 4300 1848 4181 3581 3720 2763 1268 4988 2615 3304 3977 1447 1669 4495 2718 2409 148 225 1545 2789 492 2008 1456 1812 3640 1664 1780 2899 441 3039 3771 3149 4347 2380 683 2414 4367 1352 3742 1974 1787 3469 2327 3943 3297 3225 255 2919 1166 3503 321 1041 1877 4681 3540 2718 2734 4345 3767 1903 3851 4738 3462 454 4486 4454 1986 2436 759 4644 3175 1595 2855 203 2907 2289 4700 3473 3300 4526 988 4746 928 901 4479 2702 3086 565 218 3471 173 1898 4800 3791 626 3637 2735 4748 3144 4999 2242 3072 2383 579 1537 1647 1912 4270 4636 16 3657 1312 3902 141 941 1243 3135 2996
2066 1628 4039 3261 3388 2666 1177 2424 3000 148 4273 3567 1457 4716 4497 3660 2600 4321 426 3595 678 2365 1848 2468 440 2651 3595 4190 1550 2766 4976 1770 2053 4495 2075 3091 68 3401 2012 27 1768 3882 2213 2771 4261 2878 3980 1164 3397 415 3564 887 1038 2648 1925 2680 4877 3399 2767 1752 1884 1609 2629 3998 819 2068 4513 1835 2613 1201 3765 3986 3100 1412 4170 725 2751 1713 3083 2677 4481 263 578 3968 3765 1064 453 904 708 3314 997 2018 2082 1712 867 3047 4698 1191 3728 2253 4536 3635 504 2458 2277 4662 3377 981 576 1287 964 174 1215 2822 2699 682 1805 1648 1301 1763 1788 4405 3483 4354 4248 4037 4111 2796 2503 981 1769 2901 4495 4950 2423 1403 4450 3343 2852 96
1486 3456 1346 4151 1105 4972 1045 2455 1876 2274 4014 2826 2895 4678 2350 2923 3714 1195 2075 4220 2853 2116 4181 440 2430 454 514 2734 842 1035 3673 286 2594 273 2786 477 4875 1393 3806 1239 4728 4955 3205 3866 4303 123 817 2462 4715 1560 4410 4654 3916 4105 3651 1649 1489 3788 380 4839 4153 4959 2834 4892 1174 1278 3051 4303 4196 3644 131 729 1273 2677 89 4621 4006 482 2429 2743 97 4428 2378 3538 87 4091 2310 3269 4950 2985 4648 4252 120 795 2547 1763 331 4874 697 2558 871 1750 4447 2537 2821 2584 4924 2452 4731 2799 4432 2731 312 1732 212 240 3748 872 2707 412 484 4712 1994 1243 1525 4174 63 30 3843 4174 2453 3224 87 4095 4240 4138 2099 1017 1852 1233
2059 2033 2140 1629 3148 1233 1646 1711 1570 3610 1196 3788 2294 1292 136 2250 3186 3050 800 4974 2303 4714 3581 2651 454 794 646 2435 2112 2594 3480 417 4963 338 2666 3153 3700 1524 4829 4403 3538 2276 920 1061 3335 527 651 1357 2089 428 887 3354 416 1310 4192 4048 2786 583 3380 3596 1448 2338 3309 925 4578 1121 2799 4661 2447 3632 3183 2363 696 3736 2483 3151 1697 2578 30 1962 445 4977 4189 1427 415 1178 2643 2162 119 4281 2189 249 2626 918 3858 183 4033 3079 3826 1015 4571 1048 4188 2898 1406 2984 3009 2926 3914 3523 4855 4405 73 1408 1439 4237 1271 2559 469 1908 596 867 2002 259 4878 1607 2219 928 2842 706 4319 4501 654 423 2559 1279 1364 231 1215 1039
522 3777 523 824 413 3651 4740 4203 3882 3105 3761 2164 3436 1656 3351 742 892 1996 4620 1152 4395 3196 3720 3595 514 646 1029 738 3201 394 3199 465 1114 2346 138 3246 2750 3101 1962 1343 60 353 3355 1494 1235 4455 1047 120 3236 2363 3605 840 3106 1210 3899 3446 4618 2233 707 562 4804 2384 889 33 326 1674 4865 4203 22 4222 1971 4075 4594 4136 684 3453 2002 4654 394 3237 2300 2715 4151 1570 3522 4510 1402 181 1037 1294 3549 993 1626 2399 4623 1128 4807 4835 3602 902 1915 4409 2900 1041 2954 1681 538 1530 4389 4700 1741 1559 2833 3420 86 4423 1017 3235 3954 2156 2106 1367 3509 3468 2154 1445 2834 2673 1454 810 700 3334 2850 3774 238 1223 3501 1711 2437 3305
4212 975 4631 2114 3207 4966 4813 1754 44 2255 3081 3914 3892 486 2936 4869 2593 2788 3984 166 2591 3856 2763 4190 2734 2435 738 3656 769 4424 496 4421 773 429 1681 3861 2028 784 600 3005 4407 3592 2755 3341 1682 285 964 3998 1491 3239 2138 3485 4384 4694 942 1080 3876 812 852 869 3735 117 3670 4820 3964 4149 4970 3697 4831 3117 32 3919 4574 3740 2729 1537 3330 1653 3901 4155 1168 2719 1094 794 4241 4777 1152 2741 273 3823 570 2264 4350 4734 531 1665 3778 4328 2784 2229 4673 12 586 2649 1080 3438 444 4896 3960 3168 176 2833 136 606 4338 1533 931 3096 2933 266 2423 1868 1603 4014 1731 348 2449 1071 954 4926 1445 3454 1926 3378 3238 981 1133 3735 2301 1810
439 1616 315 2299 2732 2670 3865 1615 4982 1998 2717 998 203 2347 2450 4487 3349 4277 3870 2717 4928 320 1268 1550 842 2112 3201 769 328 3415 1847 1030 914 928 1079 4992 4783 125 4205 3245 2828 2650 4553 1556 303 2939 4206 441 3713 4704 3377 4907 334 1256 4650 4604 3463 2009 2350 1837 4595 792 613 1873 926 1204 1624 4472 2022 777 2164 1573 1149 4263 1222 4475 286 1401 2011 3491 1472 1282 4479 3069 4782 1541 1499 634 4370 549 4124 2263 2503 2834 2936 4380 4379 1779 951 182 777 1660 650 1145 3002 3907 3287 3392 4450 2200 2660 3765 1909 3096 176 3771 1198 4669 452 2182 353 1989 967 3998 4565 3426 1972 456 673 1074 948 1218 2360 3612 2349 4304 2310 2789 4481 4821
1302 4398 3641 1854 4159 3693 4890 3916 1382 420 3219 2483 471 2449 1170 2936 900 4634 810 4066 4127 2026 4988 2766 1035 2594 394 4424 3415 3017 1061 1060 1028 12 747 634 2064 2484 1635 448 3665 3435 3180 492 1315 3917 4622 1849 2409 2490 2379 2996 1268 1156 957 663 2187 1390 647 1652 3767 965 4236 759 4912 3228 4160 2370 569 2142 975 2835 3320 2497 1154 2985 3100 1218 261 4562 2712 2642 3817 4124 1829 4477 1792 2498 1081 1131 4816 3346 902 4376 2469 4664 1558 3492 344 3265 2755 4020 3860 4162 2099 3722 516 1080 1730 743 4279 2801 1574 4412 1689 3327 2017 2536 888 107 4198 4916 1618 67 127 3044 118 1265 325 175 359 4846 4282 2086 2799 1665 3110 1027 293 683
187 2978 1232 2877 3335 2355 2421 4945 4250 2574 3720 3079 1517 4785 1355 3416 236 2130 2116 3039 4784 1191 2615 4976 3673 3480 3199 496 1847 1061 4644 221 3159 1156 4188 2260 1080 3464 2216 648 3533 4016 2830 4727 2096 2184 1665 1880 1492 1685 2277 1025 4949 4785 3733 3716 2916 1546 1780 1523 355 2422 2492 799 183 3021 1809 4717 2403 4434 975 104 3955 668 4094 341 4278 3515 3595 3415 4877 736 3453 4781 4523 3097 1160 1781 4954 3967 1825 1142 2146 1346 2373 1773 4052 1824 869 1282 480 3791 4758 4701 2841 2756 324 4313 3415 1228 4268 937 145 83 864 1682 1339 4424 1861 4500 4472 138 1997 4571 994 4485 1977 989 3928 4388 1239 4852 43 2529 2276 2184 4433 4038 1587 1354
599 1655 1911 1710 1155 1861 3028 1192 3989 3168 2909 4794 2502 2826 2244 4953 3147 501 1376 1980 1480 1344 3304 1770 286 417 465 4421 1030 1060 221 1610 3310 1136 3456 1164 574 3646 920 1801 2341 2297 3643 2601 4471 4982 140 404 3921 2808 1380 3834 811 1417 874 452 1827 4657 2902 3694 4379 1198 4780 1778 2118 2868 3211 314 271 3552 1658 4363 3338 1640 2992 2540 1354 796 3187 949 4461 3776 3106 291 995 1845 762 2189 4851 2096 1471 1106 3715 1778 804 1899 1470 1179 594 1347 431 4826 373 2709 3048 4731 1047 3097 576 1744 2759 501 4144 3554 735 3619 1331 922 2167 3652 2600 2290 2391 3123 3059 3063 3034 2424 3526 1896 1470 793 478 2645 2455 4489 2268 4878 1517 702
679 3597 4642 232 4287 2956 1731 4917 4358 3332 2878 4092 1703 185 4208 2987 3160 3542 4652 547 2929 4977 3977 2053 2594 4963 1114 773 914 1028 3159 3310 546 2333 3360 2654 867 2490 4463 3254 4452 4472 2598 3031 4085 3691 2986 2810 3766 656 180 3668 2413 1406 1177 3964 1753 3304 2234 4749 4300 2744 4033 785 4220 1873 4049 2493 1641 3137 1783 3077 1650 2005 1485 1539 772 4114 3230 1798 1757 3954 3296 159 201 1985 162 1638 3581 554 222 1803 211 2018 2668 3956 2948 1600 1546 4318 2513 293 303 3211 1066 15 4377 2265 4085 1439 3486 3601 976 2303 1287 1128 1845 3059 1829 4263 296 2371 3805 3866 4282 641 1249 4991 1877 1042 4193 3748 1571 2427 754 4231 1568 4522 838 3971
2936 2527 4247 4666 3071 3237 4673 1520 4241 4125 2322 1512 674 986 3436 3574 4199 4578 4663 302 904 4367 1447 4495 273 338 2346 429 928 12 1156 1136 2333 4176 2743 215 3810 822 774 903 3896 1305 2494 1605 264 4295 3190 3009 116 1874 402 2339 271 2550 2049 2134 4287 3269 2311 1478 1254 3763 1315 2461 3850 3173 4347 3905 1280 4987 1416 4896 4138 4794 4690 3776 1549 3897 4665 2150 1236 309 111 3632 3311 3358 1677 1760 412 3754 3371 4319 2247 2449 3062 224 494 1100 691 4138 155 2131 628 299 4220 637 3846 2084 327 2849 1652 4244 1300 2879 3262 168 244 796 3424 1134 4619 3529 1174 2156 3491 1023 3835 3202 1455 3161 2101 149 2517 2710 1368 3680 4559 3020 3147 2317
4393 3470 4625 2096 4619 3464 3370 2138 4697 696 3950 324 3795 2055 4603 3221 1392 3393 2930 1246 4183 3625 1669 2075 2786 2666 138 1681 1079 747 4188 3456 3360 2743 4820 1722 2410 3210 3017 3760 740 3046 2149 1944 3822 181 721 821 4909 1319 111 3934 3291 73 1100 4987 2909 248 1845 463 3012 4884 3639 1011 209 2209 675 3700 1001 36 3078 3858 4310 2160 4539 4601 784 2433 159 4880 3389 3657 3245 33 2972 492 2598 2161 4741 171 3340 4235 3106 4238 3625 2700 152 403 351 1377 4960 2709 1567 2204 264 4060 794 3244 2444 1573 3264 4022 437 1440 1250 4628 3700 3711 927 4604 3228 4554 2738 836 3334 447 3081 1682 3651 3737 4964 3473 2802 3372 1093 4284 1025 1315 1293 1980
383 880 811 3999 922 2194 4647 871 408 13 388 4938 4542 2940 3520 1011 2794 229 661 3891 629 4773 4495 3091 477 3153 3246 3861 4992 634 2260 1164 2654 215 1722 819 88 1733 3751 1955 1593 2548 3928 979 489 3382 1641 2929 3122 1725 94 490 369 2447 2573 1204 3310 2924 3195 1258 354 1947 4547 4622 3841 4516 1695 4906 1667 2831 248 1120 3652 4877 3394 3585 3310 1746 2322 2991 2609 3088 4325 1062 4457 3867 3324 1769 3595 1900 1635 25 4166 3654 3576 3703 1331 1824 4278 1291 4799 3009 1858 3200 3869 2877 275 1805 463 2026 4751 1745 3106 102 4502 369 873 4837 4303 2608 1238 758 2041 1916 52 4483 1047 4532 4535 41 4813 1775 1626 3213 2412 2955 4461 4753 2897 3308
4902 4875 481 1758 3934 3847 3457 3549 3321 2799 4607 1747 4077 3916 714 1008 3968 3564 1703 3412 484 4378 2718 68 4875 3700 2750 2028 4783 2064 1080 574 867 3810 2410 88 895 3009 2274 4791 448 2527 3714 4537 3674 469 408 2178 4176 3608 4298 1896 2038 1355 647 2775 637 2825 3354 438 1762 3072 1566 3525 4218 1711 4664 3432 2786 690 614 2519 1425 2968 1715 4215 4237 1106 2600 1996 4136 3415 4261 4366 4338 3762 506 4856 61 4720 1918 4881 3889 2431 1466 4122 3718 2141 2078 4943 2843 4949 3780 4736 300 782 1271 1896 112 4754 1200 1757 4718 4490 4309 1361 4169 3769 1185 10 849 2022 1234 2068 496 1597 3931 3561 507 2513 2613 281 2890 564 3290 3711 2236 2845 2937 1071
1003 4531 2387 33 2987 3968 2637 2019 3916 4316 640 3127 4226 4386 4469 1328 3911 42 3461 2153 3580 4972 2409 3401 1393 1524 3101 784 125 2484 3464 3646 2490 822 3210 1733 3009 2480 308 645 3194 4132 4626 2973 3142 4415 1646 1943 1686 1163 4439 3106 4986 4354 4877 3164 4023 1621 4686 4217 179 1752 3134 2860 2968 3916 4812 4751 883 2948 1533 4210 3196 1885 3173 4164 126 2481 2025 2639 4913 2391 2309 876 276 1337 1285 3550 2497 4223 2148 4297 3986 260 283 2829 4398 1872 4345 3872 1640 376 4227 4735 864 1883 2776 3631 3411 2767 3618 904 848 2695 3066 1074 3997 2216 4048 3146 4945 3926 3738 1627 4160 3611 4189 3352 1317 3495 4473 2843 1775 857 4120 4070 607 2716 2797 1680
680 86 3041 1608 959 1803 383 2037 1498 2395 1014 3174 714 42 4701 997 2650 2742 656 3630 3167 3082 148 2012 3806 4829 1962 600 4205 1635 2216 920 4463 774 3017 3751 2274 308 3845 372 4011 1311 2153 2128 2848 1428 2769 1284 4676 1498 3371 2010 1547 3890 4151 3159 463 661 2061 1824 1037 1996 122 2602 3305 1153 292 2025 4030 3271 435 410 3670 2373 1491 3093 720 1328 1602 410 4531 1654 4837 1026 879 1270 593 141 3796 1654 3650 1210 2940 2749 3786 1432 1343 122 81 3432 3181 4626 518 3084 2006 4222 569 1650 4519 117 2393 4707 4197 2796 1807 3431 1457 4745 3418 3982 3775 2728 3689 966 4555 2512 2138 2681 3356 3870 3680 1722 3732 2056 2427 2119 2940 3918 4149 1062
1394 1914 1345 1218 694 2307 3753 3593 4143 3859 4433 1057 3752 1371 100 1163 2657 1446 2212 1238 132 4086 225 27 1239 4403 1343 3005 3245 448 648 1801 3254 903 3760 1955 4791 645 372 720 2268 4571 1511 1332 121 3479 812 3344 2795 2413 1401 1034 3554 3226 4978 963 1768 2782 1538 2626 3685 3145 3563 4020 2947 2868 4261 3667 3886 2657 2373 2455 3095 3773 4391 926 3940 31 2165 4025 1749 1052 1460 4203 2505 4678 904 4237 1967 2593 1652 3351 165 4649 4425 3320 1694 1014 3190 238 4583 2528 1082 1845 2411 3523 2332 3942 1742 3623 2733 3801 4473 4059 3456 3233 2227 82 4284 1041 2199 2566 522 3738 4226 1053 4376 4192 4632 3278 1690 1631 3206 2861 1952 4712 2434 2573 4384 3284
4421 1795 2547 398 3984 309 3436 2114 2630 4545 3396 3001 4787 3396 4165 728 2214 4100 1472 2487 1030 1156 1545 1768 4728 3538 60 4407 2828 3665 3533 2341 4452 3896 740 1593 448 3194 4011 2268 2410 2521 4577 2500 1372 2831 3066 2224 1726 4677 3432 2089 4619 92 1237 1855 4589 2715 4811 4388 2545 2201 344 3039 4443 2365 740 4510 4866 3838 653 2147 3980 503 3664 4692 2568 3764 4695 3074 845 3429 846 2492 1047 4409 2798 4023 325 750 3320 2429 2530 1414 160 2647 687 4759 836 4667 2386 2250 4183 1593 79 4984 2640 1318 683 2764 3116 3284 3479 4273 3434 3603 2520 2367 2187 2352 1983 4072 3082 1902 943 2641 2109 3462 3416 3257 1160 1159 3533 1746 639 4769 3211 371 3570 4376
667 2148 2781 909 1618 4375 4339 4054 4840 3130 3561 2384 2019 4771 2293 4924 4129 1622 297 3942 3552 4097 2789 3882 4955 2276 353 3592 2650 3435 4016 2297 4472 1305 3046 2548 2527 4132 1311 4571 2521 246 2727 752 3063 4462 4725 2579 2510 1435 200 254 778 4335 2139 1512 1717 1429 4630 3475 4872 4318 2870 1569 836 1159 2295 4796 711 3915 4855 2776 1453 3835 2557 4259 3469 366 2927 4713 892 4498 4898 1945 1626 4819 24 396 216 4772 3998 4940 1038 1307 4297 1656 2790 4431 4480 2548 3416 1371 794 2710 4462 904 3520 545 4965 2063 4190 4183 1815 3630 95 3449 4668 3019 2572 3321 3442 4398 142 3962 1882 3907 2202 3849 1189 57 4751 1888 4706 4566 3521 3558 132 3669 457 1540
487 4785 439 3068 91 2109 383 2577 1335 4894 4765 3339 4496 297 1315 3537 850 1083 3490 3470 811 2390 492 2213 3205 920 3355 2755 4553 3180 2830 3643 2598 2494 2149 3928 3714 4626 2153 1511 4577 2727 734 665 505 1981 3693 1759 2190 3059 837 603 3013 3387 1581 2261 1027 4709 1511 3259 2337 3355 2690 3211 2477 330 3274 2774 4932 2844 3915 1003 4137 2750 1365 3680 2937 4227 3887 2084 2200 4395 2011 3268 1430 4284 46 3692 1902 4827 1266 19 3555 2162 1389 126 2387 4219 4105 1528 1689 807 623 573 1568 4282 2664 2134 1625 1179 2058 1379 1492 1568 1355 3862 3363 3893 880 1125 2163 4980 4247 1333 1822 1864 3129 4155 449 2059 2224 2437 2576 1484 3002 2363 4100 1295 4021 688
1557 2299 3247 726 2266 2880 4790 2355 175 2838 4554 405 2430 4512 3879 2690 2496 3871 4343 621 1791 4670 2008 2771 3866 1061 1494 3341 1556 492 4727 2601 3031 1605 1944 979 4537 2973 2128 1332 2500 752 665 2748 4046 2436 4077 427 1447 2916 3797 3665 2051 4234 3200 640 3600 3828 4281 1553 199 4790 1900 4797 3058 4448 495 1250 4331 4547 1944 2109 2667 1659 2671 1158 1269 4660 2456 1755 2860 2697 3787 4082 2498 2542 1002 2097 2525 3837 2839 4024 4475 3956 3609 3903 621 760 1838 2548 3316 3970 3876 4305 4493 2476 4438 3973 1344 2920 735 1254 129 1683 1434 262 3473 1450 3306 2765 2600 3927 2014 2631 1766 70 1601 1127 2040 1553 3705 401 3796 1338 224 2872 1686 2245 3323 250
4249 4929 2517 668 1938 1977 4468 1297 4622 1868 1325 1207 2667 264 3326 517 3495 1835 318 463 1271 3006 1456 4261 4303 3335 1235 1682 303 1315 2096 4471 4085 264 3822 489 3674 3142 2848 121 1372 3063 505 4046 2452 4688 1845 2579 4160 2833 2781 932 2313 4263 160 4066 1853 3340 4092 3030 2608 2067 2075 1472 1622 577 3560 3347 4664 2831 2242 3830 4488 2232 791 2923 3259 4574 232 4913 1612 4337 3641 1563 3568 4930 4687 1525 1744 2463 651 455 1560 2082 2452 4292 4964 4747 3642 1547 2831 2570 81 1868 273 2828 3244 2721 4471 2299 1304 2896 4737 3427 1490 1087 2893 4086 501 1289 4179 2707 3219 3729 4366 2807 4855 1394 537 296 2489 4351 2034 3954 2115 541 1640 3538 4886 58
1221 4573 951 907 137 796 2634 3721 657 3875 2121 3621 460 1445 2689 4259 1393 1281 602 2003 636 1449 1812 2878 123 527 4455 285 2939 3917 2184 4982 3691 4295 181 3382 469 4415 1428 3479 2831 4462 1981 2436 4688 915 4620 462 1544 82 10 4832 4031 3184 518 4862 203 1855 1154 1093 3365 1043 2214 158 4105 2244 239 4595 707 4717 4902 4291 1039 4015 4791 4122 3070 470 2418 124 4137 3200 1736 4368 351 1245 1380 2345 2946 4543 3981 1385 187 4233 874 1665 4352 2990 4973 3647 2714 4283 400 2528 2932 2465 4878 2602 4292 3771 3878 3446 687 788 4282 4471 2274 4056 3483 4273 1371 4824 3270 2543 4647 508 4835 3589 2819 1530 2456 3196 4202 1323 2477 2258 79 1134 2149 3272
295 3413 4083 4181 1385 239 1696 230 609 2321 1105 4098 4632 1889 339 3896 2747 1955 1797 4700 4499 3398 3640 3980 817 651 1047 964 4206 4622 1665 140 2986 3190 721 1641 408 1646 2769 812 3066 4725 3693 4077 1845 4620 2893 1614 1709 1322 1968 3730 4006 4922 1043 1486 446 1585 21 2998 2379 4497 2505 1948 2822 3422 4357 3929 4884 4813 3129 832 3905 4910 2408 2266 4343 401 3791 948 576 3698 4020 3526 3192 3210 373 3190 4510 2500 3327 3056 4485 1816 3877 4804 3369 3631 3411 2248 1278 3435 81 220 4202 2225 4244 833 802 1985 2165 2424 3150 3374 1036 495 2064 3241 4617 4224 185 3338 4074 2849 4752 1229 4710 314 466 4362 3788 4401 4872 2376 4611 4201 1222 1578 105 2532
984 4523 415 1211 657 1407 1605 417 2957 1408 1884 2238 2436 4333 3916 4681 987 4235 4902 3201 4465 4646 1664 1164 2462 1357 120 3998 441 1849 1880 404 2810 3009 821 2929 2178 1943 1284 3344 2224 2579 1759 427 2579 462 1614 749 654 4257 4387 2734 1041 4497 4964 1961 3586 2150 1092 321 4771 4094 4489 130 2593 3639 1935 907 1726 4412 1222 2238 3102 2372 2568 3703 173 1228 4830 2763 1949 1874 1289 2038 4127 3399 3895 1972 1770 3970 4958 50 331 2965 3906 94 4399 4976 3361 1512 2868 2327 1503 2263 1801 4896 980 597 4633 210 664 232 2977 4184 3487 1666 4423 25 781 3950 3200 1033 3269 4821 735 142 587 3931 715 4011 854 3967 4676 2981 1290 233 3105 1659 4929 3533
2774 4371 3764 3455 3694 1176 1285 540 4655 1072 2699 1615 4576 610 2522 912 3421 3191 3983 791 2459 4905 1780 3397 4715 2089 3236 1491 3713 2409 1492 3921 3766 116 4909 3122 4176 1686 4676 2795 1726 2510 2190 1447 4160 1544 1709 654 2594 579 1160 1691 369 2467 486 4982 2197 4426 3542 4854 4384 1860 2355 3569 688 407 3965 3126 3020 4236 1727 1779 847 1238 2823 2254 423 1698 4788 1580 1263 4174 2159 4588 2617 3767 1505 2856 4570 3703 3318 1999 1928 2820 1819 3774 2869 394 2946 780 4624 3000 2076 651 3085 3725 1082 2322 2487 3486 711 4363 4793 291 3812 4869 2011 719 4665 2836 4183 447 1893 845 609 4055 3679 2021 923 869 1815 1721 4735 3537 1256 370 2523 4941 1902 2692
3860 200 169 368 1101 3070 3156 1930 1788 4624 4011 2505 4176 958 714 1915 1071 3250 3221 3735 3199 1781 2899 415 1560 428 2363 3239 4704 2490 1685 2808 656 1874 1319 1725 3608 1163 1498 2413 4677 1435 3059 2916 2833 82 1322 4257 579 4282 3943 1173 1235 2121 2366 99 4038 4931 4501 1774 2846 3994 4268 2492 1113 3407 2087 3889 1088 529 1257 4460 821 3139 1075 4767 2388 3352 1628 2115 4692 2566 902 2548 2913 3709 1602 1437 3209 1233 901 1563 1796 4068 2005 2604 3066 2857 1455 500 2457 3875 2282 435 4625 3551 4087 476 686 1682 2801 3615 2283 1078 4419 2083 498 3344 4902 4211 3552 3928 190 3290 3282 3699 575 4330 2347 4919 4261 2510 4940 1499 1382 2857 1350 4428 4793 1852
161 2964 4147 4745 2709 2819 3008 433 696 3985 2948 1537 1928 1387 712 3880 4345 1423 2105 2755 3660 2514 441 3564 4410 887 3605 2138 3377 2379 2277 1380 180 402 111 94 4298 4439 3371 1401 3432 200 837 3797 2781 10 1968 4387 1160 3943 633 1327 1936 18 4363 2976 4888 4362 4551 2470 2610 1315 2015 4231 3848 3543 4004 51 631 1393 1936 3945 1307 267 4692 2722 2880 1438 4875 4193 888 1371 3068 1788 958 42 4809 3753 4628 527 1269 4380 2522 3340 4025 2665 2796 3615 4630 2607 2501 4185 4307 3736 1489 4973 1887 1629 4950 4972 2782 354 1023 1518 1081 3570 3176 1550 1308 1695 469 4396 2493 3117 547 878 2326 372 2948 4391 2600 2236 3149 94 2421 3786 1540 4956 3632 141
4727 570 4418 723 304 2060 1624 4996 1798 2439 4903 4692 3481 1886 3972 2046 1344 960 885 4183 3840 849 3039 887 4654 3354 840 3485 4907 2996 1025 3834 3668 2339 3934 490 1896 3106 2010 1034 2089 254 603 3665 932 4832 3730 2734 1691 1173 1327 1755 242 853 3839 3619 3762 1740 4001 1891 2808 725 4337 2000 4016 2720 4824 2662 2203 303 3800 2412 3325 3845 3784 302 3486 2643 2763 2614 3862 619 203 4726 3301 3014 3582 4329 4749 4109 3175 203 2802 1739 3882 4246 3780 2403 4607 1452 792 2379 991 2159 795 3604 3427 2154 3880 3273 750 581 4911 4925 706 1399 671 1212 3521 1243 631 4549 2681 430 1558 779 3114 1167 1507 4497 3099 1517 80 1114 3291 3704 364 1089 417 4036
3602 2638 841 1686 3406 348 4231 595 1858 1085 3675 4761 2500 3560 3170 2917 940 4049 3332 2424 713 1527 3771 1038 3916 416 3106 4384 334 1268 4949 811 2413 271 3291 369 2038 4986 1547 3554 4619 778 3013 2051 2313 4031 4006 1041 369 1235 1936 242 3977 2160 501 4877 4630 459 2856 158 3760 3393 1832 4237 1476 4440 4069 2432 294 4822 326 4448 329 4037 594 4923 3820 2340 1010 263 1024 351 1879 4615 2327 712 4375 1281 3800 371 28 479 2208 1171 348 654 937 1676 4106 1933 122 862 3016 2442 3752 347 549 4259 2241 1897 3184 1818 2947 2841 3564 3575 4178 515 1191 4140 1192 3894 1825 2415 2250 1226 1754 4477 3075 1815 124 1885 1251 4575 1505 1706 3548 3541 2571 1869
177 2798 4756 3780 4129 3291 3991 2929 4336 1928 1803 3686 1296 1048 4298 1074 244 4592 3971 2796 4230 4677 3149 2648 4105 1310 1210 4694 1256 1156 4785 1417 1406 2550 73 2447 1355 4354 3890 3226 92 4335 3387 4234 4263 3184 4922 4497 2467 2121 18 853 2160 2669 3297 3230 4095 2020 3174 4535 4589 4972 3254 2059 1627 2840 3637 4242 134 2521 3875 1349 60 2084 74 1522 3169 1913 1866 2864 4113 1879 758 2685 4501 4608 4588 600 3469 1321 291 3719 1097 135 3005 2790 4102 1037 4505 2482 2349 1659 1677 2401 3318 1713 3219 3860 1815 1245 2830 2053 4794 3632 1783 2943 46 3136 4589 2302 3023 3928 4206 4068 3271 3555 3685 1642 478 2248 1830 4513 4826 18 557 2491 579 1716 4266 3810
873 1280 2794 3881 1035 1011 2520 1031 4420 2871 4984 4546 1085 2291 4162 1604 4310 4407 617 100 2975 521 4347 1925 3651 4192 3899 942 4650 957 3733 874 1177 2049 1100 2573 647 4877 4151 4978 1237 2139 1581 3200 160 518 1043 4964 486 2366 4363 3839 501 3297 1695 380 1793 4829 906 2401 1517 4949 1537 2250 3031 4444 3432 4744 2467 903 3912 2041 4473 4979 4057 2425 1533 911 4363 3745 4305 3765 388 4885 473 4620 506 2726 2674 303 4816 1536 3411 350 1371 4639 993 4290 2977 2887 4339 560 3934 2070 1991 1174 1155 309 1263 1462 1335 1569 3041 1518 3513 380 4272 4979 1129 3504 2462 3613 4079 609 4341 3875 406 4718 3576 3205 3521 4595 1351 2996 3333 1249 4658 3081 2503 1545
1315 1718 736 3709 1558 1661 2819 2048 3560 3702 2771 3703 3041 1517 356 945 1593 4201 300 663 2598 3941 2380 2680 1649 4048 3446 1080 4604 663 3716 452 3964 2134 4987 1204 2775 3164 3159 963 1855 1512 2261 640 4066 4862 1486 1961 4982 99 2976 3619 4877 3230 380 391 826 1171 4147 3387 875 3777 2520 810 713 4575 1547 3266 4220 179 1571 4849 3246 967 4522 475 475 4684 3800 64 881 3469 2354 2950 822 971 3442 2224 1561 592 201 2597 1320 3684 3034 612 2651 3398 2241 4213 302 3779 364 2933 3361 1255 2095 4177 495 598 3092 3432 3375 3044 4571 4856 2830 680 4659 1497 893 2599 4231 3516 662 2582 3027 1011 2567 3461 122 2501 1244 4247 3845 4589 1450 3676 3460 3317
1849 2204 386 4940 3986 140 3945 1906 4149 331 2400 3333 686 2088 4974 2527 4114 4624 1533 1272 2566 4683 683 4877 1489 2786 4618 3876 3463 2187 2916 1827 1753 4287 2909 3310 637 4023 463 1768 4589 1717 1027 3600 1853 203 446 3586 2197 4038 4888 3762 4630 4095 1793 826 3475 2552 3669 1189 4954 1401 2718 4592 393 2699 1331 1600 1660 2377 3473 2667 1424 3879 3400 19 3375 2781 4901 3392 4530 4434 3718 4282 1983 1142 833 1139 3058 4897 2167 3947 2312 4886 4354 759 3514 4196 2540 1077 716 3912 3942 4622 119 2866 2188 4303 3893 2049 4729 3731 2300 1522 4174 135 2963 4713 2740 1759 2077 45 4787 4109 4414 4695 195 1583 1649 4127 3350 1981 2127 1610 1948 4598 2869 3545 1152 4925
3696 3709 4649 2283 1468 2127 1998 4581 2085 4773 2738 4494 4095 2087 3884 3802 3027 3556 194 2950 2713 743 2414 3399 3788 583 2233 812 2009 1390 1546 4657 3304 3269 248 2924 2825 1621 661 2782 2715 1429 4709 3828 3340 1855 1585 2150 4426 4931 4362 1740 459 2020 4829 1171 2552 1568 813 2125 1919 344 28 772 3051 4455 1262 241 4519 4855 4622 2674 4680 4734 2051 80 319 3239 2634 750 349 1118 2157 4380 3406 4584 3854 4840 2141 50 2259 1900 3349 2813 3912 1480 3568 2989 4031 1694 3974 2786 2512 2441 1911 3020 3440 297 3958 3648 2368 2678 3230 612 228 3385 4671 1002 17 3409 2652 4733 4957 806 359 533 2635 2398 4445 4188 3416 4145 4894 2655 1726 4492 4358 2491 3055 861
