N: 140
M: 20
Symmetric: true
Triangle: false
4 132 105 109 76
9 23 135 57 59 71 48 94 47 78
7 65 125 92 31 82 61 140
11 32 123 26 116 124 27 131 34 14 122 84
7 126 55 16 41 13 44 108
4 80 102 60 4
5 8 10 28 106 96
8 119 18 39 89 101 21 1 127
8 36 104 72 111 98 112 19 118
4 100 63 137 128
4 70 129 62 83
7 103 68 22 40 66 91 93
8 136 121 25 130 29 88 139 134
5 114 45 15 97 77
5 133 110 56 138 20
6 7 51 33 107 12 54
7 17 30 99 9 11 81 50
12 115 117 24 90 52 69 79 67 43 5 37 46
6 73 95 49 74 53 85
13 86 3 58 42 87 38 35 75 2 120 64 6 113
1917 1528 2220 1033 4994 1404 2360 2619 3836 3533 2540 1198 3248 4228 673 1999 451 2240 1839 4296 2600 2568 1730 485 1090 653 3271 2117 2481 661 2234 1213 4716 446 334 2708 4202 385 1227 1897 4225 2140 3728 2084 1600 2531 1077 3916 4610 3232 3650 4251 1000 1184 346 920 3816 4297 1866 4058 2584 1180 456 1787 1427 3193 476 3197 661 1262 1846 2627 2563 388 2066 4582 4500 3367 1601 3011 3999 3070 1445 2890 994 3205 3487 647 2642 1033 682 4209 3927 3739 361 746 2043 627 3049 2792 2469 2089 1702 3387 4929 4518 1470 2799 920 2828 3119 1478 1242 1865 689 3545 2931 4138 1609 4559 644 4114 1517 2733 4133 146 965 2383 245 1088 2452 4072 4411 3993 4660 1909 3144 1459 4634 3015
1528 1201 434 2334 794 4767 460 1193 306 1632 1759 667 3861 3400 80 4613 2720 3414 1896 566 2082 2478 3630 1112 2625 313 3528 2331 434 167 2632 1296 2035 4986 3394 2919 3926 3356 3895 3852 1705 3188 1740 2335 4172 4680 3541 4473 3298 3579 326 2599 2973 1360 1561 2271 4910 75 4442 4834 1008 4360 4491 1071 4862 969 622 2792 1996 2278 762 37 4737 3771 4049 3301 1162 326 1884 1650 3071 3981 3984 807 104 3489 4626 4746 1764 3552 2641 4858 4137 4732 1436 2326 4746 2947 3576 4722 3804 3898 3960 70 1902 3432 3354 1072 4092 2655 410 77 2925 3417 4610 464 1686 3561 3518 3449 1319 3695 3536 3759 486 1798 1923 1795 1045 3239 4527 3815 1567 2752 196 4829 1516 4321 4427 4100
2220 434 3900 3956 1196 4504 984 775 2526 2680 178 2443 15 3215 3823 2383 2989 237 3191 4537 3571 3061 873 2920 3845 1446 897 501 1778 174 4268 130 1247 4207 2274 4018 2013 2777 470 2183 1865 1241 4107 1757 4116 1757 3537 961 113 1882 4331 4897 3714 4450 939 2884 2713 1615 1316 2804 1660 3534 1738 4404 47 640 4594 3430 52 4458 3572 854 3165 3974 4803 4571 241 994 3822 1564 3260 4523 1466 4161 3428 1812 258 431 2789 3528 3314 1211 2337 1479 1385 4278 1167 3100 4269 746 628 3968 3284 489 36 99 4714 4068 751 4008 4582 989 4927 1422 1718 4566 171 2910 2328 723 1418 3719 2791 722 3716 220 1089 1044 4667 3853 4041 333 1029 936 407 593 4429 716 2106 3183
1033 2334 3956 3671 4826 2701 3072 3290 1842 2526 4349 2326 1356 4587 1727 3036 3806 2457 682 3533 973 378 2457 648 586 1673 3763 2005 3025 1223 4840 3584 1800 1679 4618 3400 3321 953 2672 2316 3136 216 2882 3936 507 4095 3208 3526 4211 1251 2619 1202 2908 2897 4036 3239 1604 4442 4399 4011 4750 3339 4664 3876 2147 3719 2922 3254 4324 1890 3116 975 4018 3034 4206 3423 4113 650 1699 1743 1538 4843 4550 460 4279 422 2421 3406 2357 512 3281 1879 4202 73 4237 1925 4981 4123 3591 2025 4689 780 4771 4297 2634 3442 3819 4413 3016 1124 2683 4548 583 143 531 3252 4308 4445 4814 2451 2558 886 999 4509 3453 464 962 2994 4679 934 2146 3761 1705 998 4030 1730 3724 4171 3912 2275
4994 794 1196 4826 4487 1317 3535 1481 2383 2053 3224 1106 1038 1216 4780 2502 271 4123 349 4676 4208 1551 901 3808 2311 608 1156 586 3004 2324 4121 290 2987 4546 625 2400 1253 3990 906 4751 3062 1982 3158 1518 1971 756 3588 4774 77 1288 2835 4118 3626 3560 2117 2174 4325 4911 478 2202 3798 3717 775 4635 419 4209 1260 1834 3405 3832 2278 4789 3842 2922 3059 926 3459 3816 2890 4773 3031 4595 3907 33 4687 3114 3337 3532 4845 2651 1320 449 2359 3980 2981 3949 2838 4702 852 4235 1790 915 4854 1169 2060 2323 4308 1458 103 2864 4179 464 588 4541 64 1937 3486 2318 1087 2856 1605 1277 3997 4358 4171 4285 4813 4483 360 515 524 746 4923 1227 3652 3559 1113 4931 2885 482
1404 4767 4504 2701 1317 1630 2805 3712 4174 4332 3558 2910 2723 2251 4836 1739 2373 2159 94 4214 870 1084 4651 4467 886 2194 3837 4369 3935 4554 4365 3226 2336 4977 4835 2094 4579 1685 2738 4461 4169 1023 3783 2057 896 1330 4932 4206 4826 4450 4681 2033 2028 4858 2170 3675 2743 4776 218 3358 2180 3838 889 365 2967 2425 1372 3603 4578 3401 4488 582 2062 30 1227 2234 4138 4701 2277 1200 1982 743 1971 3173 3042 2729 1323 483 1408 1558 654 2240 4234 4977 2285 428 339 4747 3457 1522 4198 3131 1206 2381 3906 1667 4227 3063 3819 3880 1220 3626 2589 465 2774 404 2553 4150 35 1900 4496 1284 3409 2559 4466 2186 1627 4696 3389 409 4112 2632 4445 2318 2743 548 16 3843 887 4905
2360 460 984 3072 3535 2805 1416 1115 2494 3427 1504 4330 3474 521 637 976 3497 889 1877 1114 1615 4685 2904 1051 2119 3447 2422 4228 2315 3661 1489 917 4714 1355 2120 4133 572 4858 3480 1717 3968 893 4122 2696 3109 521 285 4069 1689 1266 4336 3689 3628 4190 4044 2068 3897 571 4442 3634 4133 3802 659 162 889 34 438 4906 1114 3283 1935 3318 1643 2106 3930 636 707 1668 863 4533 1823 135 709 268 2715 3543 2506 4618 1114 593 499 1644 2190 2999 2212 525 3387 408 3278 1692 959 2233 3605 15 532 4824 1536 4628 2712 2469 3265 2665 1604 339 3128 4432 532 1031 3133 2609 161 4068 697 4847 1835 800 2180 3205 4765 1605 3998 3465 4595 3430 4707 1973 930 1151 3824 729
2619 1193 775 3290 1481 3712 1115 1201 2638 2764 3775 937 1965 1507 4936 1691 2658 2792 1763 1778 2681 324 3486 4374 3366 778 4125 1263 341 2449 631 3676 4588 2560 2995 4848 2548 4812 3859 1125 2085 2500 1567 4701 2786 3680 953 3926 2847 656 1424 3113 2452 1483 532 4488 1061 1435 3351 4324 1587 4539 4029 2031 2512 4893 2174 1330 4035 3979 911 1166 4712 3717 3806 2488 3648 4214 1179 2764 1256 2980 2474 2012 2243 942 385 1420 2555 1668 2078 4193 938 1181 1329 4091 459 3692 1740 1250 2854 2292 3271 1300 3265 995 3396 4063 3322 552 981 346 149 1331 4924 3778 2618 1337 4268 4193 2761 2137 4966 349 3367 1617 4690 4208 4684 4443 560 1886 4521 1654 941 2593 3620 2152 391 2252
3836 306 2526 1842 2383 4174 2494 2638 2724 1415 2751 4714 3469 4474 1144 4202 4370 4182 2486 1854 2747 394 2606 3644 2854 1105 3471 3582 1545 3216 3713 1999 1536 187 3843 4495 1629 3393 1364 511 4480 4583 934 4476 4842 1438 2616 2862 4192 3319 3935 2881 3402 3799 604 4118 30 79 2472 2728 4614 3916 2903 2985 1104 2918 573 2396 4846 4793 1656 961 893 3089 2371 845 232 4232 642 2762 2241 547 3552 4828 3588 3317 1625 4343 4173 3742 3510 3720 1681 1384 1501 4614 3895 1486 2352 2599 1141 4343 3583 2081 4293 3374 843 4379 3679 4916 874 1836 2143 3395 173 202 358 2395 4488 524 1158 4113 4151 691 2474 3691 3632 3770 4844 3430 430 3103 1592 3305 3769 4231 4271 3369 1250 826
3533 1632 2680 2526 2053 4332 3427 2764 1415 3417 2105 3533 3609 2468 23 4600 4176 1183 1824 4680 4275 3386 1882 2362 3763 3715 2234 1143 197 3913 2730 3070 671 1259 3488 3520 4859 994 1954 2078 4223 1042 730 3764 1053 2745 4507 629 3070 4858 3683 4158 4075 1400 3627 2746 1644 4047 795 2302 4592 4225 4277 1342 2365 3606 1824 2693 3012 4479 1970 4054 1858 4222 2989 708 1191 2851 494 1339 2769 4311 4216 4066 4008 2023 2189 866 2314 4206 3021 3204 4913 2286 1949 322 670 3493 4702 1260 3971 940 4917 3176 3793 827 679 4463 2491 4604 12 4205 1926 1957 3267 2212 338 4540 1478 2168 4848 4369 1948 2048 2802 3963 161 3349 2621 3248 3474 4440 3563 1983 4354 2369 3205 3511 3514 396
2540 1759 178 4349 3224 3558 1504 3775 2751 2105 3737 4284 3474 959 409 1720 3221 3792 1951 1774 4771 3504 4314 1142 2128 1771 2812 217 4620 4900 4611 4591 351 1970 664 2302 115 2100 4724 2787 960 3035 1784 601 3249 1538 48 2267 3631 159 484 2039 845 1366 3866 4636 2510 547 3431 213 1075 2497 4257 4572 2372 285 4852 3616 4287 1646 4312 4252 2353 2607 148 959 359 3555 1667 1262 353 2743 1339 4424 2226 2569 1424 4145 2853 290 1356 1452 3565 4083 111 157 3644 4640 4898 4260 2576 3980 223 1352 4966 369 1383 1154 753 1935 2400 1523 1525 4549 1809 1922 1401 3529 169 4137 3189 1126 1137 302 4747 1423 2372 896 1914 4731 1653 653 1179 2695 2729 1496 3978 1998 1043 1153
1198 667 2443 2326 1106 2910 4330 937 4714 3533 4284 1444 2280 4469 1897 3031 1368 3126 2803 2428 3231 754 59 885 4983 2309 873 3261 3405 2270 4838 1980 2536 2420 1817 504 858 173 4585 19 412 1152 1574 3966 4850 1410 4693 402 4605 346 1992 98 279 1253 2776 1866 205 294 4993 747 438 2180 4618 607 3958 2638 4457 1049 3732 898 2916 45 1058 3637 1638 965 903 2144 4005 2921 1318 4781 2883 2760 2678 3555 2338 1596 3939 439 1291 1640 1390 2505 39 3500 1703 904 849 567 3495 1697 1812 4028 2029 3304 4589 2608 3943 1479 3023 3204 510 2519 208 4962 3841 2110 2879 851 3967 4510 715 381 982 4198 4642 656 4915 2995 4152 3716 4666 2825 160 3630 2480 4313 4854 1567
3248 3861 15 1356 1038 2723 3474 1965 3469 3609 3474 2280 571 1090 1212 3811 3285 1858 1257 471 1040 2770 4488 3942 4922 3774 3379 2467 3048 1482 618 2671 3264 4329 3469 4417 2804 2323 3208 2206 433 4863 3946 3799 1248 4818 956 2177 2896 502 338 807 4275 4589 2730 3245 2428 187 751 507 4519 473 4524 1783 1636 4586 270 4701 4794 2159 3814 2103 4966 2283 1661 4337 3892 4971 4676 2322 3957 3200 3067 1267 2684 1214 2211 3238 4428 325 274 1228 3494 1704 2858 1310 4863 4107 3171 1809 3315 3906 3471 1249 1258 3338 3357 3273 3989 3231 1476 4880 4825 905 2377 4081 1753 2671 1825 2355 1852 4975 3761 1122 1176 3493 4171 1313 3738 453 3935 1858 1145 4315 3365 3355 68 1234 4765 2103
4228 3400 3215 4587 1216 2251 521 1507 4474 2468 959 4469 1090 4357 3573 503 384 1021 4175 2015 2237 3950 2651 2294 4638 4412 3860 4313 4761 3764 2695 4204 3135 2548 4491 2536 760 627 4457 1712 2839 3309 4642 1639 3560 2886 2239 2291 4099 322 142 3591 772 4301 1184 4450 4455 4259 903 2886 913 4729 2823 3104 4011 2806 1521 2953 3057 3055 736 3929 2470 4437 4549 1587 3956 3346 3132 4656 4396 4832 2640 1211 4601 4517 2779 3109 3873 1790 3606 3842 3125 1183 3180 3572 1047 3492 835 586 1854 3179 1240 3111 3683 979 4608 4422 2942 1566 2201 2350 4786 4025 98 1785 1284 1697 781 2363 1177 4448 3838 2126 4845 196 4528 1302 4521 3850 1398 1115 693 1894 4135 955 4911 1605 4137 1083
673 80 3823 1727 4780 4836 637 4936 1144 23 409 1897 1212 3573 4451 2314 66 961 3814 3311 1300 2842 4112 30 1750 3688 628 1482 3368 1541 4920 2776 121 4327 3738 2272 319 1303 4760 553 2742 544 2287 1988 200 3531 3058 3179 2071 127 3401 3816 2646 2099 1156 2128 4311 4270 4671 555 3397 4707 3283 2892 3227 4801 4075 2498 4998 2318 1752 3566 881 1389 3808 4371 3715 136 3288 3786 4643 4389 2134 3932 680 2849 118 1668 4772 1590 1893 1093 2561 885 4557 1272 4079 4738 4986 4209 3596 2158 1901 253 2952 914 552 2715 4640 4095 1203 1956 1355 3605 1093 4826 978 2521 3113 1654 635 3677 1546 1239 3356 1517 1188 3602 4083 4013 1776 2022 3191 4524 4038 4116 3668 729 4751 1176
1999 4613 2383 3036 2502 1739 976 1691 4202 4600 1720 3031 3811 503 2314 838 3180 2986 4455 568 4010 1852 4851 1721 969 595 3424 4808 47 280 4774 229 3562 4972 623 386 3669 4297 2687 2304 661 4885 1116 259 4281 4420 333 4870 1299 835 1282 2315 4462 3660 51 4489 3526 613 1860 2249 3212 4890 1798 1291 4890 2928 4139 2815 3663 3920 3820 3091 3163 782 80 347 1646 1770 4269 1658 4469 3540 4188 2504 3879 3781 4191 234 2310 1810 4460 3708 1892 4040 3590 2880 3095 1263 4471 4036 1546 3624 3553 1349 458 923 1840 3805 326 3781 3953 2330 2771 473 4809 4674 2891 1160 4264 3372 4837 3088 3003 2397 4069 3019 2587 2999 3893 1789 412 1488 4607 378 1675 2704 4184 3224 2436 4244
451 2720 2989 3806 271 2373 3497 2658 4370 4176 3221 1368 3285 384 66 3180 4900 3468 2075 1367 206 3472 1336 660 2663 3344 3516 2664 1357 2779 4747 2535 2321 2971 1947 122 3823 2366 200 2220 781 76 1059 4611 1683 1180 1639 3311 3042 4380 4860 1235 2403 2473 2310 1600 1118 4767 3827 3775 3044 2282 4042 2013 373 2122 1890 487 2648 3619 3488 656 3071 747 919 1930 3152 416 2442 4074 4182 465 2454 1144 4179 4829 2040 3286 2263 456 626 3729 1353 4381 270 2987 3034 3860 3159 727 455 3796 2249 2575 4203 4999 3358 1137 2598 4790 4847 3992 4701 3129 3956 778 4003 1938 862 4480 3382 259 2169 618 1073 4420 2995 987 4867 2324 3513 4428 4503 1370 3752 2904 3096 1844 1813 1714
2240 3414 237 2457 4123 2159 889 2792 4182 1183 3792 3126 1858 1021 961 2986 3468 3241 4110 2603 3344 635 1603 460 1686 3498 3088 2053 4441 1703 1383 1410 4547 731 4323 3881 3201 1250 2906 2434 3826 3487 512 2361 2037 3483 209 2167 558 185 3001 1189 2976 1323 400 2478 925 2523 3500 4926 828 2139 3903 2632 3636 4276 1873 998 2114 2991 3224 640 4126 2939 1380 3435 4672 4624 3592 3142 4427 2137 438 4580 1772 158 1655 2092 2396 3931 2982 769 1392 2762 2937 3405 2262 1468 2538 1959 4668 194 3916 1716 3738 1387 2838 3205 229 3513 2579 587 573 1505 1699 2732 924 2327 1385 3028 4158 4775 3872 698 577 158 3372 2131 268 2608 1364 2295 1321 215 4219 1339 2478 4598 4115 654
1839 1896 3191 682 349 94 1877 1763 2486 1824 1951 2803 1257 4175 3814 4455 2075 4110 2325 384 97 568 4365 1426 2452 2698 4690 1394 4408 887 3677 3828 3551 3891 385 1462 3139 1957 736 498 756 4972 4714 3969 1089 2684 1716 4482 781 2250 2217 1443 2398 919 2581 3194 658 2047 3491 300 4673 2339 1628 1642 1264 2808 1718 3973 3468 2828 2304 4640 3904 121 2313 2701 1723 3753 122 3752 4325 4414 2639 1839 3418 2016 1878 1688 1547 752 2050 143 1145 2315 3131 4550 3615 3947 4571 2653 2749 2636 4727 4288 3293 1515 3829 2562 45 1058 1478 4742 2806 2056 2829 4584 817 2033 322 1974 2386 1285 2587 1283 2475 2447 1602 297 2566 1303 3655 1591 1896 1507 3939 1836 1940 4225 1384 4654
4296 566 4537 3533 4676 4214 1114 1778 1854 4680 1774 2428 471 2015 3311 568 1367 2603 384 2029 3775 3863 4144 2708 1882 3961 4215 1378 1897 1964 1686 274 4332 885 4807 4177 556 1653 212 3833 4820 1873 4196 851 849 1514 4746 3078 2775 3847 1591 2921 2635 3631 738 3869 2600 138 2119 3896 4809 835 4631 4844 1508 3277 365 1987 3716 2769 2446 1171 2785 954 2988 2394 3153 4968 1015 3667 2243 3666 2105 4542 1096 43 4172 2590 1218 2727 509 1253 2632 1560 4181 1645 4473 471 4848 2537 724 1169 3149 742 523 4417 330 3028 2215 22 1545 4531 3345 2713 2801 4807 3145 4277 220 4700 4728 4545 1523 4753 4395 2026 1649 2756 193 534 1714 3501 464 3442 2884 200 4055 1573 4687 3784
2600 2082 3571 973 4208 870 1615 2681 2747 4275 4771 3231 1040 2237 1300 4010 206 3344 97 3775 1412 3276 2029 3571 4082 3285 1155 1172 1134 1038 1702 2660 4539 3680 90 3381 623 439 4557 1884 2264 4874 3362 4366 3399 146 3906 2498 2492 4618 3589 2241 850 1670 2862 3046 739 1263 83 91 2975 943 4720 636 351 139 1209 4524 3906 1513 2783 3494 4781 3906 4671 1942 2089 3310 27 910 1035 1056 2373 3637 2874 273 2952 3920 1667 2457 641 1267 3489 2437 1926 1318 249 3187 2770 3595 3503 2033 1085 1367 2040 3208 4735 748 4877 574 4262 4054 4089 2816 1200 2852 4034 3074 732 4522 3107 2423 4299 3113 1236 2240 4201 1032 1368 1707 1965 765 1076 3167 645 3751 2163 2258 892 1017
2568 2478 3061 378 1551 1084 4685 324 394 3386 3504 754 2770 3950 2842 1852 3472 635 568 3863 3276 10 3758 3667 3590 2110 2810 4358 3568 2049 1546 4217 2811 3677 351 2324 2211 4365 129 2547 726 1862 4355 2554 954 1166 2234 1326 339 4015 883 1216 4025 2377 2707 4087 31 554 3913 15 4861 4423 3896 3052 2344 1780 2526 4921 1599 491 1798 2230 2171 3097 2026 576 499 471 4612 4291 2149 2356 4192 2895 4097 4259 4771 4942 1769 3809 4817 1392 3390 4638 3369 884 168 870 1487 978 2056 3208 45 963 1424 3052 328 4823 2034 390 4324 833 702 3081 685 4515 4948 3510 1816 4831 3443 154 2028 645 4593 4519 1468 2678 1940 3554 1511 3050 1757 4004 125 3063 2875 3910 894 1667
1730 3630 873 2457 901 4651 2904 3486 2606 1882 4314 59 4488 2651 4112 4851 1336 1603 4365 4144 2029 3758 3226 3945 806 4851 4733 4230 3271 4744 2316 1616 3360 4410 2717 3731 1410 3467 2456 3664 335 2586 2010 417 2916 1116 2907 1156 4780 3465 1127 1550 4187 1815 3845 1047 3848 3002 4885 832 4128 697 3423 3225 638 3112 721 1513 3759 3470 1526 4388 950 1592 2391 4528 2445 2735 3878 4530 3097 1707 3244 2014 2714 4634 4817 2067 1451 1674 3903 4794 1226 2710 3635 2556 1123 3376 2056 2413 3791 343 4542 4101 2512 4356 4831 2780 1305 3152 283 1177 3118 4477 2450 1796 1686 4341 3316 1945 2844 1284 3875 3518 2113 4472 18 3923 3745 1937 302 865 3799 4732 3846 4585 1123 3850 2158 2681
485 1112 2920 648 3808 4467 1051 4374 3644 2362 1142 885 3942 2294 30 1721 660 460 1426 2708 3571 3667 3945 4545 1278 3201 3396 4875 3146 1419 3567 3613 4306 2863 1016 3432 3026 2875 4804 2104 2996 2181 4559 1326 2360 684 1025 4544 2516 2160 2020 4981 4720 4236 186 3857 1866 2504 406 4826 3787 1950 2938 3891 197 3814 3831 1740 612 3321 266 3290 2527 705 3077 2132 4509 3822 3632 910 1277 1038 3627 1512 1850 3931 4686 1096 724 248 2974 134 1147 1511 1820 99 1381 366 2052 4376 2922 1441 4000 1057 3904 3503 4154 51 1299 1588 1699 4260 1081 276 2312 4791 2249 2610 626 2384 1362 2383 1635 2919 199 3854 2799 4781 1679 3422 1560 4440 2055 3429 3044 4747 2469 3419 829 3628
1090 2625 3845 586 2311 886 2119 3366 2854 3763 2128 4983 4922 4638 1750 969 2663 1686 2452 1882 4082 3590 806 1278 4513 4731 3018 2223 2958 1102 3830 759 2192 4597 1272 2511 4776 1540 1509 3177 658 3768 631 4217 391 4420 2608 2136 557 185 3977 1825 3032 4015 4562 4043 991 2646 4841 3529 4584 3587 2588 3757 1185 4447 2429 3391 2700 3531 3830 1464 1734 217 543 4325 466 871 1046 3684 4363 1813 321 4759 2585 4773 432 3149 3141 4733 1845 3066 3643 2946 3447 1738 2794 3580 3315 1503 491 3937 1087 3750 1797 571 2396 3470 270 4031 1457 2845 2825 3583 3492 2344 1645 2234 2645 3035 1953 4162 115 2663 1724 4886 3018 2138 3840 825 1478 4437 1394 3756 3066 2058 2086 1975 4065 2567
653 313 1446 1673 608 2194 3447 778 1105 3715 1771 2309 3774 4412 3688 595 3344 3498 2698 3961 3285 2110 4851 3201 4731 2424 1640 2313 2335 2216 1312 2795 3935 3072 3778 4665 3424 4770 4488 3592 1876 4927 3518 4920 3525 2562 3579 4059 4385 2748 2458 907 2721 392 1193 4757 4474 3958 560 3291 4512 2499 1961 2738 2284 3553 342 1671 307 3903 2928 2356 2855 4916 3685 3232 4100 248 750 2495 4461 3739 249 1975 1434 205 3415 1913 1961 654 3174 972 3432 3587 1325 857 3759 1044 1752 4583 2674 2496 2938 4651 1940 3611 4245 1106 426 1627 1010 1965 2825 3257 3205 3785 135 1331 948 240 1221 3855 1377 4920 661 4566 3959 3216 4966 124 1668 1621 3176 907 1805 761 1603 4110 4913 2782
3271 3528 897 3763 1156 3837 2422 4125 3471 2234 2812 873 3379 3860 628 3424 3516 3088 4690 4215 1155 2810 4733 3396 3018 1640 4470 1859 222 883 2708 33 332 39 2231 3129 1066 1755 1366 4865 3520 4648 4154 2214 609 3746 1615 932 4700 421 1388 4906 77 373 4472 3669 3933 2062 1010 2993 2839 674 2800 1651 2318 175 4824 2657 1298 1923 1228 1326 4169 338 143 3508 1765 1201 1611 1772 4375 3781 3285 1510 1660 4121 1493 2064 4125 576 4592 2175 757 3273 917 4212 4500 4443 2286 1568 709 3089 4871 4804 2082 3937 4875 1587 2493 1571 3818 4042 1834 522 1150 4185 3087 286 2581 2465 181 41 4222 35 4851 1102 3539 2877 1336 3134 2477 461 1962 4544 1120 4502 144 3428 1066 1726
2117 2331 501 2005 586 4369 4228 1263 3582 1143 217 3261 2467 4313 1482 4808 2664 2053 1394 1378 1172 4358 4230 4875 2223 2313 1859 149 4576 3055 1711 2901 1846 2144 3473 785 320 570 2497 2864 3600 1799 617 3803 4996 2978 3914 1896 4576 2732 485 662 3101 74 229 2109 3155 364 4679 1778 4434 1413 355 3366 3226 567 307 367 2588 763 4128 2620 4261 3727 3539 1466 2964 3572 1297 4901 4011 1533 4564 2554 4783 1836 4311 1713 1207 2026 1850 4978 4885 746 272 2218 4718 282 71 1448 454 441 3314 736 1324 2436 576 2033 3366 1879 1879 3213 3780 3858 4292 2989 4637 1341 2005 426 2243 3476 2921 297 143 589 793 2046 1647 517 2443 509 122 3896 1097 870 2521 952 3554 977
2481 434 1778 3025 3004 3935 2315 341 1545 197 4620 3405 3048 4761 3368 47 1357 4441 4408 1897 1134 3568 3271 3146 2958 2335 222 4576 2123 2347 3020 1979 3229 2857 1364 1779 765 2177 2362 67 2287 696 2675 4019 1949 3172 1666 3146 1435 3129 3181 3577 1857 4137 4246 3654 14 286 2757 2691 4211 4271 2561 2177 866 4544 1580 3352 1923 3173 409 634 2771 1887 2981 2243 2371 876 3403 4631 1704 259 4455 3827 409 4317 2787 1273 2544 3501 540 432 727 306 4760 2684 4876 2197 4110 4575 823 2291 955 2061 3780 2160 4425 4982 1462 359 726 4169 526 2926 4986 4864 4495 4840 3755 2671 2463 3294 1609 3573 1122 201 728 815 4222 975 3238 4435 1315 1556 3143 4406 2597 1452 622 4104
661 167 174 1223 2324 4554 3661 2449 3216 3913 4900 2270 1482 3764 1541 280 2779 1703 887 1964 1038 2049 4744 1419 1102 2216 883 3055 2347 1159 281 359 3343 4802 2490 4084 2892 3466 2231 4755 1409 2953 3238 3106 2499 746 4260 2022 2945 3440 2378 957 1508 2827 2339 2423 2586 2042 3055 88 4049 4819 1658 46 902 508 1267 3387 4844 3635 2536 4587 2462 4137 2993 4593 83 3071 4122 1821 1993 484 318 376 2593 2771 2839 962 1224 2699 2070 3954 3518 2154 199 1398 2304 3849 2820 4823 538 1916 350 4390 2281 4835 2665 2071 106 3972 4093 2455 2532 2602 1588 3114 3061 4385 1084 1173 3652 696 3618 4823 890 1071 579 3732 773 3756 4186 661 2269 1286 3115 933 3863 1313 272 1161
2234 2632 4268 4840 4121 4365 1489 631 3713 2730 4611 4838 618 2695 4920 4774 4747 1383 3677 1686 1702 1546 2316 3567 3830 1312 2708 1711 3020 281 1754 3049 1424 1208 4545 1714 2276 3519 4792 3336 2203 1035 3948 1832 1273 1771 4885 1185 66 3298 3238 4455 2922 4006 2773 2400 2429 1964 3826 478 4551 3351 4475 244 4876 2077 4016 3827 3006 3929 4071 1555 3402 4947 960 3675 1441 2234 3117 2337 1551 3319 3870 558 169 4625 4283 383 4598 3926 2219 4006 4874 684 998 1146 2075 83 3329 4969 4195 3234 4590 2957 3214 3989 4330 1498 871 1613 4866 3205 801 3862 707 406 2027 3860 1713 3830 3023 673 3496 3000 1856 2720 2188 1431 282 3003 3276 2106 151 4714 3766 4162 1892 409 2955 2924
1213 1296 130 3584 290 3226 917 3676 1999 3070 4591 1980 2671 4204 2776 229 2535 1410 3828 274 2660 4217 1616 3613 759 2795 33 2901 1979 359 3049 1710 4832 591 1134 1188 3980 4817 3766 235 4037 4853 159 1487 1010 1061 4448 2905 1810 1636 4391 946 229 2570 1030 900 4235 3588 1583 2880 470 3898 4917 4009 3030 2263 2380 4342 4092 3028 2987 3232 862 1279 3887 3548 3818 1584 4134 2622 522 4949 203 4683 3827 1266 1114 1427 335 4446 1730 1330 2846 2486 3793 891 3218 1932 4648 4936 734 4861 797 3398 4303 1983 824 1006 859 1361 2954 4485 605 602 3950 1765 2984 2289 1024 118 2265 1027 2096 415 1389 3903 4851 838 2135 211 1399 985 682 547 342 2382 2620 936 1249 1991
4716 2035 1247 1800 2987 2336 4714 4588 1536 671 351 2536 3264 3135 121 3562 2321 4547 3551 4332 4539 2811 3360 4306 2192 3935 332 1846 3229 3343 1424 4832 4195 2126 2466 4047 1856 1653 4986 3660 1473 1637 2954 918 3265 3189 3719 2935 3546 2732 2847 4611 3220 2145 3130 4361 1273 4578 3726 4635 646 1998 2345 2950 289 4041 4164 962 3030 953 3464 4460 1455 4175 733 4247 150 840 1410 2551 4356 2768 4583 1465 1955 276 3508 4941 2549 1685 1593 3498 3954 4462 4101 3064 1422 4602 3015 3581 1199 891 1767 3803 4121 1590 4498 2754 1757 1481 4668 3316 1642 122 1181 4731 1508 2859 3126 1426 4926 3797 3391 1672 1852 1794 466 978 4521 2049 4568 2165 841 3884 2404 1460 2135 2827 766 4602
446 4986 4207 1679 4546 4977 1355 2560 187 1259 1970 2420 4329 2548 4327 4972 2971 731 3891 885 3680 3677 4410 2863 4597 3072 39 2144 2857 4802 1208 591 2126 906 1514 2675 1166 4289 1816 4740 4450 3594 4430 549 2460 4122 3278 1499 1421 1352 3365 3366 1085 2145 2376 2692 3711 1532 694 2014 1911 2642 4620 2909 2298 2381 2464 638 3861 3713 3452 3492 1180 1202 4155 1633 1691 3152 636 2739 1370 4191 1920 4817 619 1135 3282 3507 3977 440 587 3759 3350 3792 3403 3807 203 869 2601 2160 3553 3045 1130 3232 3524 2080 2509 178 4778 4196 4301 589 2135 4289 1998 4519 1383 1195 606 609 1008 1687 284 4842 604 2880 3445 1891 4003 722 960 4981 585 3966 199 4925 2726 4747 1307 1124
334 3394 2274 4618 625 4835 2120 2995 3843 3488 664 1817 3469 4491 3738 623 1947 4323 385 4807 90 351 2717 1016 1272 3778 2231 3473 1364 2490 4545 1134 2466 1514 4227 2303 1380 1032 3010 1239 3547 3484 453 189 2225 1395 728 772 1655 3168 2084 4367 2453 4518 2611 430 2449 3402 1868 1338 4748 1513 4330 2130 4056 1586 453 1042 642 4959 2593 3948 2303 1097 4822 3650 1682 882 2021 4276 987 2850 1226 849 2166 2462 3029 1815 1219 2738 747 4983 1220 4158 565 3632 382 68 430 1641 2019 1750 988 359 4996 468 2959 3424 4986 1329 4532 3966 1242 4654 2924 1742 3746 3718 4730 1343 3566 4771 2884 2797 1968 1837 1936 373 1968 1326 2292 3049 2937 3699 2603 1151 2318 1210 417 3677
2708 2919 4018 3400 2400 2094 4133 4848 4495 3520 2302 504 4417 2536 2272 386 122 3881 1462 4177 3381 2324 3731 3432 2511 4665 3129 785 1779 4084 1714 1188 4047 2675 2303 3465 2125 3254 1692 2247 3786 2973 66 2716 1278 1954 4543 2302 1817 2115 3277 1332 1814 3938 2597 1290 3305 1963 4247 939 4186 4729 359 2118 1896 3316 1428 4178 4657 3613 1089 4262 3622 3110 3116 4342 3915 1897 2237 2909 2119 1850 999 2262 1976 2457 4281 4278 1531 3785 991 3761 3926 3305 1314 1118 2714 3525 4508 4029 4782 1547 4897 3872 4792 2764 3762 1103 4956 459 3198 4342 3742 3042 3790 4125 178 733 3286 1864 1482 4917 4509 2298 1820 3995 4092 444 1202 651 2865 1625 1146 2954 3576 4122 1802 3229 2620 1122
4202 3926 2013 3321 1253 4579 572 2548 1629 4859 115 858 2804 760 319 3669 3823 3201 3139 556 623 2211 1410 3026 4776 3424 1066 320 765 2892 2276 3980 1856 1166 1380 2125 2957 110 2450 4871 175 3470 3964 1150 2759 2043 870 1823 250 2544 628 677 2681 135 4520 1716 1122 274 2589 3837 706 4689 4120 4313 919 2628 3843 1189 3477 4744 4140 3057 744 3100 4284 1310 3020 195 4265 671 3807 3235 3674 2675 3766 2193 603 309 2436 3094 4542 3628 2110 2474 2026 3248 1969 3966 3757 4258 2453 2590 468 3471 3311 831 2617 631 782 2814 3840 249 3066 4352 2443 3043 4831 523 1879 1406 2796 3179 4892 1030 4034 4714 976 1571 4631 1042 3353 2813 4828 3802 1567 3131 4080 902 2612 4841
385 3356 2777 953 3990 1685 4858 4812 3393 994 2100 173 2323 627 1303 4297 2366 1250 1957 1653 439 4365 3467 2875 1540 4770 1755 570 2177 3466 3519 4817 1653 4289 1032 3254 110 2651 3846 4414 1405 1478 4305 2073 1211 4041 4114 727 4858 781 4661 505 2459 2917 3962 3687 4357 1983 2057 646 658 705 4826 2709 1549 4136 3710 4166 4775 4716 2189 4020 1716 1087 4667 451 1081 387 2959 4473 4982 1418 716 2243 2277 214 520 4576 2381 4917 3726 2734 3564 2645 1013 4405 2349 858 164 4559 2469 3711 3741 633 4337 495 1080 2561 320 473 636 458 1077 1084 2644 1379 3482 547 3020 3070 2350 1551 4616 384 3643 3230 3178 2648 1602 2037 4268 20 3615 549 3286 2797 3305 3154 4201 1433
1227 3895 470 2672 906 2738 3480 3859 1364 1954 4724 4585 3208 4457 4760 2687 200 2906 736 212 4557 129 2456 4804 1509 4488 1366 2497 2362 2231 4792 3766 4986 1816 3010 1692 2450 3846 4437 3123 2524 1430 3829 2901 2685 3016 2081 2720 389 4917 4716 1316 1389 803 1927 4347 865 1703 373 1654 2489 1581 2267 277 4753 627 2240 2436 2353 1534 2517 432 4657 1651 581 1018 4912 1011 2677 1077 3426 1809 622 589 743 2360 3429 897 1065 1628 3104 595 4477 1422 1098 2559 3806 3158 965 2457 278 3825 905 4491 1310 2221 3508 1040 1858 4182 1975 4832 3282 1719 398 283 1036 1661 3238 1217 901 4113 1221 4047 2909 4525 3472 515 2023 1963 2569 622 2392 2598 4812 56 3345 693 849 3602
1897 3852 2183 2316 4751 4461 1717 1125 511 2078 2787 19 2206 1712 553 2304 2220 2434 498 3833 1884 2547 3664 2104 3177 3592 4865 2864 67 4755 3336 235 3660 4740 1239 2247 4871 4414 3123 3735 3661 3144 1469 3723 4137 1080 1834 722 482 838 2695 3841 4184 1233 3453 3344 2913 2621 2446 1621 2191 2691 4612 1454 1182 1901 111 975 3618 4373 3136 80 2949 3855 2807 4073 1469 427 269 95 2317 3835 1144 4875 4647 1375 3639 3271 3373 4216 2756 1365 3757 1263 38 4423 662 2736 474 3441 3941 1819 4312 1622 2527 4391 3630 1797 2431 385 1082 91 3686 742 1747 4820 3522 32 4794 4562 237 87 603 2534 2761 1976 3551 991 65 602 343 2503 4907 4517 4282 3051 4953 4929 3010 1710
4225 1705 1865 3136 3062 4169 3968 2085 4480 4223 960 412 433 2839 2742 661 781 3826 756 4820 2264 726 335 2996 658 1876 3520 3600 2287 1409 2203 4037 1473 4450 3547 3786 175 1405 2524 3661 334 4723 1620 4245 3978 4710 2854 2088 2016 909 4804 1006 4375 4418 1033 2439 1598 2587 2396 2846 2395 2818 3137 3447 4269 413 1495 2292 2007 4337 86 1789 3679 4457 534 3198 2562 1157 327 3352 1139 2302 3968 2801 776 4247 571 3050 2816 3163 4612 1887 100 2155 624 432 1323 4959 619 422 161 2380 769 2339 2561 2258 3906 2345 3318 732 1702 3500 3674 1789 2042 2263 3012 501 3336 2037 1779 415 2625 3768 2144 668 4538 4543 4395 1757 3479 4761 4410 991 3181 2246 4374 218 3265 3127
2140 3188 1241 216 1982 1023 893 2500 4583 1042 3035 1152 4863 3309 544 4885 76 3487 4972 1873 4874 1862 2586 2181 3768 4927 4648 1799 696 2953 1035 4853 1637 3594 3484 2973 3470 1478 1430 3144 4723 320 1145 3649 2467 4433 244 893 4516 4239 4305 2886 1132 3043 2263 2093 1946 4732 484 3152 2435 3803 3681 1922 2547 3994 2237 433 3382 388 4356 109 1419 4858 355 3084 1714 11 2488 3038 663 3748 4224 1719 2640 2399 853 1286 4669 4125 1002 2186 95 1724 522 142 737 2111 2386 4195 720 953 2546 1239 4025 3877 1834 3467 2561 1074 252 748 1735 320 4315 4851 4873 4902 3213 1064 1276 2939 4556 2616 2873 4656 4199 3906 4346 3090 4165 4574 4336 4663 859 3480 2755 3978 958 3425
3728 1740 4107 2882 3158 3783 4122 1567 934 730 1784 1574 3946 4642 2287 1116 1059 512 4714 4196 3362 4355 2010 4559 631 3518 4154 617 2675 3238 3948 159 2954 4430 453 66 3964 4305 3829 1469 1620 1145 4341 4682 4183 2613 2435 4846 706 3805 525 2790 3297 3463 3348 3418 1453 2977 2323 3273 2139 3483 2764 4413 4571 3084 926 4507 2955 3487 1196 2064 1906 1920 4959 4450 236 3316 826 3065 4194 4223 4291 363 4252 3042 1127 388 1603 1658 712 1550 1207 2422 3082 2835 4597 2412 307 3970 1646 4398 4182 494 1551 4376 2631 3431 3083 1909 3998 4553 4334 1331 3898 2824 1404 141 2861 1054 659 3447 4324 1215 632 1465 2583 4472 2985 1520 3818 3561 2697 283 3136 484 4857 3251 3491 1936
2084 2335 1757 3936 1518 2057 2696 4701 4476 3764 601 3966 3799 1639 1988 259 4611 2361 3969 851 4366 2554 417 1326 4217 4920 2214 3803 4019 3106 1832 1487 918 549 189 2716 1150 2073 2901 3723 4245 3649 4682 2837 3373 1092 448 2707 3188 3479 171 4006 520 3898 3628 4076 3915 4068 970 1343 4891 2472 660 4902 2394 2239 4426 3660 930 1655 213 2141 16 4261 1701 4323 1556 486 531 3148 169 2399 1335 4204 931 4007 1580 3241 2278 647 3905 4260 1852 4087 276 1446 2441 3466 2082 296 261 577 128 1118 2026 2960 4318 179 460 3035 4111 3157 1706 31 3978 272 1380 353 4203 4099 1391 1786 3884 1351 3823 4918 2839 4839 1065 3005 773 1777 84 1558 4477 2175 1503 672 1862 409
1600 4172 4116 507 1971 896 3109 2786 4842 1053 3249 4850 1248 3560 200 4281 1683 2037 1089 849 3399 954 2916 2360 391 3525 609 4996 1949 2499 1273 1010 3265 2460 2225 1278 2759 1211 2685 4137 3978 2467 4183 3373 2352 3166 249 1466 830 1881 164 2042 4129 1295 3055 2245 122 4482 4517 1155 2097 4293 3541 1237 3628 1164 1147 213 4439 4502 545 804 1415 2833 4018 2715 833 4180 46 4621 1847 1229 3812 2645 3529 2666 4193 4023 3742 2149 3727 1426 1432 1203 1883 4064 4596 1128 1341 169 2160 1542 4498 2968 2621 994 1408 4534 577 4734 851 774 1554 2000 2076 3887 1235 2557 3046 436 4389 473 4193 3447 82 523 3263 3092 1178 4145 3210 225 500 3989 1996 3334 3751 2855 86 208
2531 4680 1757 4095 756 1330 521 3680 1438 2745 1538 1410 4818 2886 3531 4420 1180 3483 2684 1514 146 1166 1116 684 4420 2562 3746 2978 3172 746 1771 1061 3189 4122 1395 1954 2043 4041 3016 1080 4710 4433 2613 1092 3166 1116 882 2056 2885 937 2987 4860 3977 3324 2862 2493 3826 2866 366 4978 1518 1770 2808 2636 4031 3695 4680 311 1955 2299 3827 419 298 3410 502 4076 2974 834 4755 3633 4147 4667 1919 3220 3041 3801 4360 550 478 66 1663 1582 98 82 3913 4801 2404 1867 402 2104 957 4478 578 2992 3858 1343 1796 1968 3267 4278 1779 2225 4895 934 2106 3696 1844 3992 224 263 3378 2156 231 1267 783 3928 3068 2617 1414 4641 1160 1717 1739 4966 3064 1527 2795 2473 755 1134
1077 3541 3537 3208 3588 4932 285 953 2616 4507 48 4693 956 2239 3058 333 1639 209 1716 4746 3906 2234 2907 1025 2608 3579 1615 3914 1666 4260 4885 4448 3719 3278 728 4543 870 4114 2081 1834 2854 244 2435 448 249 882 4198 3192 1288 3574 4322 424 3127 2933 2326 2869 1405 486 4846 378 1968 2674 1312 570 3232 1941 3353 186 2780 377 3921 344 1968 4801 3896 95 1630 1766 3010 4540 3376 4079 2081 1264 2721 434 3259 213 1189 4039 287 2166 38 3570 3132 460 3362 4998 1981 19 972 2236 4562 867 3641 3458 1602 3814 4054 2724 1838 2900 4512 2863 916 1841 1344 4859 3793 4264 1393 4153 4534 1681 4220 26 3192 2125 1109 454 3193 443 2923 1148 899 4679 132 421 3752 4182
3916 4473 961 3526 4774 4206 4069 3926 2862 629 2267 402 2177 2291 3179 4870 3311 2167 4482 3078 2498 1326 1156 4544 2136 4059 932 1896 3146 2022 1185 2905 2935 1499 772 2302 1823 727 2720 722 2088 893 4846 2707 1466 2056 3192 3709 1461 693 1489 2080 2110 2183 691 3989 264 2863 1292 3911 2452 3153 2262 4280 1461 2820 347 4557 4538 86 1283 81 372 3879 1745 3311 2770 2464 4092 1706 1455 2260 366 3063 2238 4671 93 2007 3147 3666 4149 1743 2210 1063 1020 1275 3643 4345 534 397 3010 4858 226 4376 4624 3110 3322 601 865 1633 621 2659 2779 321 442 598 2113 4241 1529 140 2392 544 470 3974 3733 2000 1147 207 3793 3445 1853 2235 2652 4736 978 3726 2592 2840 2805 4345
4610 3298 113 4211 77 4826 1689 2847 4192 3070 3631 4605 2896 4099 2071 1299 3042 558 781 2775 2492 339 4780 2516 557 4385 4700 4576 1435 2945 66 1810 3546 1421 1655 1817 250 4858 389 482 2016 4516 706 3188 830 2885 1288 1461 1233 3653 1112 4773 2667 3625 4671 3569 1033 305 980 4968 1147 228 3723 4681 2256 521 3802 1720 4372 4614 562 671 4493 2814 3728 449 3723 4767 2614 1273 4889 4746 4462 2503 3365 4462 2830 3660 1030 1446 1832 2708 1027 671 1832 643 4510 280 2088 1223 3945 4548 3276 3070 2424 2704 1197 2597 3253 2581 3194 407 4963 1108 2652 2420 4643 3996 2142 2473 3376 802 3417 2702 4774 1817 3402 484 285 2350 3047 1265 2900 4039 2202 2532 3739 637 1274 1989
3232 3579 1882 1251 1288 4450 1266 656 3319 4858 159 346 502 322 127 835 4380 185 2250 3847 4618 4015 3465 2160 185 2748 421 2732 3129 3440 3298 1636 2732 1352 3168 2115 2544 781 4917 838 909 4239 3805 3479 1881 937 3574 693 3653 2282 672 599 2271 4131 930 4303 1686 2933 852 2699 3199 2118 922 2488 1669 2408 2369 814 3271 13 4137 1267 1457 2127 4657 3236 1283 2907 923 3106 4039 1796 3660 1926 4106 2119 3978 4131 317 2250 2354 4530 873 4709 2037 1123 1663 2585 1019 2066 3046 2412 4071 849 4711 2000 3149 1784 1746 1867 2747 4781 3429 310 205 3727 109 38 4186 370 3952 808 2964 2545 2101 827 32 3318 3161 4387 4479 85 67 1976 2129 2075 1283 813 1811 1306
3650 326 4331 2619 2835 4681 4336 1424 3935 3683 484 1992 338 142 3401 1282 4860 3001 2217 1591 3589 883 1127 2020 3977 2458 1388 485 3181 2378 3238 4391 2847 3365 2084 3277 628 4661 4716 2695 4804 4305 525 171 164 2987 4322 1489 1112 672 3452 161 603 3249 26 1687 1131 2840 3152 4732 4597 13 3753 243 3065 938 2191 2833 4912 2011 3756 389 4694 1334 37 3750 4385 3060 495 315 4884 1299 40 2984 1154 889 930 4540 2606 3109 1540 2170 3017 3877 1123 1162 638 1211 2931 65 583 1233 2033 4892 2937 4303 74 3730 810 975 3528 2504 4781 4865 40 2766 2820 1747 2742 4906 2403 401 4388 4928 3940 3535 3886 1674 192 4924 1319 2038 376 2046 598 1003 3829 2037 3627 2743
4251 2599 4897 1202 4118 2033 3689 3113 2881 4158 2039 98 807 3591 3816 2315 1235 1189 1443 2921 2241 1216 1550 4981 1825 907 4906 662 3577 957 4455 946 4611 3366 4367 1332 677 505 1316 3841 1006 2886 2790 4006 2042 4860 424 2080 4773 599 161 2700 3148 330 1292 3015 3939 3572 3779 3948 1733 382 705 3720 2081 1612 3204 2344 1873 4657 1527 1068 365 173 4032 4468 4148 3575 911 1240 382 838 4421 2223 4970 3185 4271 1964 522 3507 3181 3729 1583 2215 4951 4507 544 4222 2599 3644 4365 3881 4246 3556 625 994 351 2803 3749 1157 1368 3070 1728 4709 4604 1623 2653 4318 3755 2778 3512 2802 4448 2872 4353 2833 4784 1733 435 3791 457 4488 3675 514 4070 1017 1690 221 1425 2335
1000 2973 3714 2908 3626 2028 3628 2452 3402 4075 845 279 4275 772 2646 4462 2403 2976 2398 2635 850 4025 4187 4720 3032 2721 77 3101 1857 1508 2922 229 3220 1085 2453 1814 2681 2459 1389 4184 4375 1132 3297 520 4129 3977 3127 2110 2667 2271 603 3148 3012 3727 2055 1681 2037 4666 52 3072 3439 3625 4115 319 2129 2762 1281 4954 548 4028 488 1312 930 422 981 1184 2168 983 4951 2882 172 187 2408 1008 2962 1912 2301 805 4531 2143 1869 3386 2326 2137 3071 2760 1930 3462 3214 1388 2084 2948 3198 1352 2935 1290 2846 1488 1926 473 3410 1482 3095 2363 3889 4922 2030 4685 1207 4501 3981 4045 4934 1643 4847 1922 3014 3745 2366 4781 4093 3534 1381 1528 2373 1477 2266 2293 3417 735
1184 1360 4450 2897 3560 4858 4190 1483 3799 1400 1366 1253 4589 4301 2099 3660 2473 1323 919 3631 1670 2377 1815 4236 4015 392 373 74 4137 2827 4006 2570 2145 2145 4518 3938 135 2917 803 1233 4418 3043 3463 3898 1295 3324 2933 2183 3625 4131 3249 330 3727 2634 2629 1445 2646 674 1553 3647 72 1802 3664 4050 3229 2638 3616 962 3458 4704 1065 4141 1565 1183 535 1532 2228 3209 1251 2733 3674 4559 2689 493 60 3550 4210 4093 1859 1897 4102 3470 2276 3674 3344 4314 1561 44 864 3397 1589 3353 1574 979 14 2933 1362 2243 384 4156 1804 4596 996 3981 2187 1385 2083 3731 2395 2732 4528 1663 1083 4492 40 4360 1969 4712 4959 428 3059 1685 1090 1692 4625 2991 4111 2070 4482 1383
346 1561 939 4036 2117 2170 4044 532 604 3627 3866 2776 2730 1184 1156 51 2310 400 2581 738 2862 2707 3845 186 4562 1193 4472 229 4246 2339 2773 1030 3130 2376 2611 2597 4520 3962 1927 3453 1033 2263 3348 3628 3055 2862 2326 691 4671 930 26 1292 2055 2629 1157 4334 1011 1987 4317 2613 1278 334 948 2893 3014 2660 809 2269 2245 1301 1848 588 69 1434 4860 2093 3694 538 4050 1134 4865 2713 4785 4843 286 4577 1053 2365 1820 1266 912 489 4970 3747 4828 3774 4846 3453 2646 4438 548 3441 2440 1242 1522 940 1682 1096 2386 605 965 1916 1350 4495 3164 3806 4263 3937 2696 1426 4953 3292 1234 1466 2675 859 1234 2607 3721 1090 1323 1334 4678 673 1035 4247 1701 2949 1413 2196
920 2271 2884 3239 2174 3675 2068 4488 4118 2746 4636 1866 3245 4450 2128 4489 1600 2478 3194 3869 3046 4087 1047 3857 4043 4757 3669 2109 3654 2423 2400 900 4361 2692 430 1290 1716 3687 4347 3344 2439 2093 3418 4076 2245 2493 2869 3989 3569 4303 1687 3015 1681 1445 4334 2409 1352 2320 1914 3158 1701 1771 2088 3879 44 3009 1292 4529 388 961 1199 2682 2030 4766 2875 3990 848 3305 3113 2861 1711 1352 627 2583 3958 1950 3147 2078 3759 818 4058 1447 464 376 4881 1409 1734 1123 4119 2350 3290 1353 4945 1078 3145 4852 2123 2185 4332 4922 3406 3080 2230 2744 4958 504 201 4805 344 4309 3912 3438 1403 4302 4000 269 1996 4503 4837 1131 2453 2249 1233 3308 1198 1169 4526 1711 179 1009
3816 4910 2713 1604 4325 2743 3897 1061 30 1644 2510 205 2428 4455 4311 3526 1118 925 658 2600 739 31 3848 1866 991 4474 3933 3155 14 2586 2429 4235 1273 3711 2449 3305 1122 4357 865 2913 1598 1946 1453 3915 122 3826 1405 264 1033 1686 1131 3939 2037 2646 1011 1352 536 3656 2112 1498 4084 2557 3085 2462 2316 2021 2505 2181 3987 3699 798 4929 4091 3247 4643 573 4757 4792 2847 3308 4688 3159 1564 112 1894 4591 3190 3019 3240 228 2627 4001 2754 2773 999 2592 4919 1929 3738 2943 547 2332 1785 1987 2002 327 1503 2927 3350 4601 351 1464 4500 395 1981 2800 320 3568 4999 1851 2751 788 54 2535 4093 1577 1554 1992 366 1152 975 1429 3008 1664 109 1176 4426 4157 3988 3427
4297 75 1615 4442 4911 4776 571 1435 79 4047 547 294 187 4259 4270 613 4767 2523 2047 138 1263 554 3002 2504 2646 3958 2062 364 286 2042 1964 3588 4578 1532 3402 1963 274 1983 1703 2621 2587 4732 2977 4068 4482 2866 486 2863 305 2933 2840 3572 4666 674 1987 2320 3656 724 3193 4161 1170 1760 4220 3350 2924 4513 1904 1505 3798 1882 3337 906 805 1963 1874 3535 638 4073 2969 531 1560 185 3432 1638 2699 1018 3519 2904 3076 875 3470 1583 2468 1828 2160 1940 951 1702 1284 1268 3750 2435 371 1296 4169 4567 3733 4605 1448 1023 3058 1440 2613 2758 4057 711 1036 941 271 4747 2466 267 3343 2164 339 690 3677 1421 4241 3716 619 1229 2642 3857 2181 4273 2911 2876 484 2334
