N: 140
M: 20
Symmetric: true
Triangle: false
10 8 71 43 60 116 106 64 97 32 63
9 5 41 45 47 134 131 19 101 12
6 46 94 139 112 108 100
8 3 53 125 68 98 127 39 92
8 31 18 1 62 25 27 128 107
9 120 118 81 113 90 28 89 80 130
5 88 99 16 84 24
3 11 55 103
8 58 77 54 38 36 140 49 44
5 115 119 7 33 61
9 91 9 117 65 21 104 121 29 93
7 69 23 78 83 110 82 132
7 135 133 13 48 79 10 66
6 86 17 4 102 50 111
7 42 67 37 105 73 114 122
3 136 22 34
5 40 35 123 129 96
4 109 20 57 14
12 2 15 6 87 56 30 52 126 76 74 26 95
9 75 85 137 72 124 51 70 59 138
271 2536 3814 2763 4427 3142 2330 2755 683 3265 1889 2662 4933 3622 4759 2182 1356 541 2242 4335 4565 2371 2716 1524 4133 2807 2985 4609 396 1998 2651 225 3555 2800 513 4882 1139 4861 632 1900 3817 1611 2635 2254 973 1744 2972 2674 3880 2620 1223 2803 2947 1386 3395 4337 2717 2126 4309 3421 2047 108 1593 45 4961 945 3200 3656 4346 3358 585 1435 2412 4112 284 4508 646 3754 4562 3575 4693 340 1075 3737 3788 3890 2019 882 2714 4624 2903 415 3548 4938 1235 1703 278 1370 4700 3935 2532 2483 3865 4447 2133 3747 3396 4976 2151 569 3341 4038 2570 2172 953 3278 1014 411 3105 2975 2218 4252 4417 4668 4630 750 1742 3494 1719 1675 252 178 379 3861 2329 4356 2168 1382 602 2910
2536 830 3662 1596 1456 612 769 3065 2400 2384 3358 2361 2791 2154 180 2336 2949 2432 1721 3800 3383 3471 1923 3885 2776 4449 1933 1375 2167 48 721 858 500 1341 2259 869 4388 2614 1330 4913 771 377 2371 111 1324 1205 3761 59 4815 1060 488 2011 3379 4380 3773 1965 3924 830 3484 1634 4898 3042 1831 972 214 1118 3234 2876 2968 2555 4990 1605 1551 711 3662 4517 3381 3091 1009 4171 2319 3186 3192 2780 507 4693 3673 839 4970 2885 4589 3150 648 3792 183 2134 1568 4385 2129 1081 3156 4406 1409 469 1323 3556 3285 1883 1318 1574 753 2292 4645 4341 2859 186 4992 1681 3343 3549 1679 946 4274 3603 4036 1310 4076 3679 2941 419 167 2694 4276 3772 18 1376 4363 4206 3109 3725
3814 3662 1842 1346 4518 2356 1936 1906 343 1549 1298 4200 4371 1827 433 2763 1312 3987 4260 2169 4980 2386 3720 1499 2412 2858 4405 3059 4534 3616 4804 2539 187 3094 4297 2607 1767 3660 4772 2138 875 3294 3539 2231 1752 3602 4833 881 1153 1225 3388 2262 3105 2168 4231 4413 1992 308 752 565 4827 3328 860 1950 4002 4940 4853 4146 2587 1838 4256 3959 2896 547 455 310 944 2079 712 4539 1220 1385 4431 1132 4709 3146 268 3431 3507 4699 3046 2844 551 198 753 3505 2508 1545 4321 2912 3202 2226 4075 4368 4024 4709 3495 4017 1966 4258 2361 1376 3945 4540 3986 1921 4929 3624 1352 1328 2996 4961 1886 2820 247 3207 132 807 3937 3441 4329 1898 2842 1550 4323 2456 120 2684 4372 3646
2763 1596 1346 3152 618 1302 2353 197 2888 4964 4089 2701 3212 3326 2023 909 310 4684 3186 2355 2731 2582 526 3529 384 2283 36 4829 3882 1670 947 4031 692 2176 4357 2742 3632 2849 2876 4959 1204 3513 4906 1011 3455 514 3263 157 4525 1690 1228 2149 1937 2728 3264 4769 1187 3687 92 3833 3935 835 2853 4713 4350 3580 4226 4954 3575 4251 1088 4297 2379 3069 4808 4568 3739 3161 2654 4681 3636 3073 3389 3224 1435 1185 4219 3077 1581 3626 3323 3113 4802 4684 2820 4027 2077 4924 2444 565 4031 1573 4273 3517 1259 1835 1765 4876 1062 2528 4753 4466 1775 959 2497 2792 1609 296 1277 4570 4449 742 2662 106 3290 2887 1861 1550 4437 2578 2942 1484 2358 4489 276 2032 991 2250 323 2353
4427 1456 4518 618 4711 3434 1171 4994 1427 2521 2121 1346 1712 755 4256 1338 2551 1746 3968 2820 1637 2878 4511 4209 441 1945 3534 2814 3308 305 1025 4810 734 2448 290 4891 958 105 426 4973 3743 772 3583 835 123 4185 4501 3542 2062 927 2865 2146 2152 3919 1551 2948 219 2320 1419 1023 3852 4606 4986 1731 1779 2788 3611 979 2784 1750 101 980 3417 3772 2365 4847 3654 550 1824 4126 3847 3289 3747 2429 1538 2717 3854 34 2574 2925 2294 4385 1203 1516 130 3797 3178 2042 705 4994 4639 501 230 3439 554 3716 2963 1138 1349 1184 1711 1629 115 4060 4814 1591 2334 4133 2777 1963 1764 4307 3787 1494 100 4021 2045 4849 1967 3121 64 1676 3148 1894 716 2428 2014 1259 4771 4232
3142 612 2356 1302 3434 3243 1495 4514 1167 3531 779 4344 2645 3826 1795 4116 473 2540 1744 1298 633 3005 3761 1836 4104 3409 1636 2867 4149 4702 2781 2836 2022 4889 20 4753 2683 1658 1464 1287 4052 1756 2836 674 4655 14 4040 431 290 641 1832 3396 1016 2135 2253 2254 3578 4208 596 4908 4118 912 861 40 4707 258 1616 2546 1271 3743 182 4883 710 4522 201 4903 954 2787 577 3439 1881 2354 1510 1673 2592 3000 2813 4000 714 63 1586 2509 4172 213 3339 2199 2994 4409 4562 4938 3131 1654 3541 1509 4484 2787 1117 3746 764 2888 274 3856 3079 2548 1851 4851 4168 97 1705 738 1093 2299 649 124 4368 1185 3278 1379 2254 3442 2746 4472 1834 216 546 3488 1857 1461 4769 2961
2330 769 1936 2353 1171 1495 1127 3177 2420 2074 2762 1924 1431 3785 1058 1618 1026 782 4576 3277 2630 3053 908 3770 4262 3679 4415 1598 3776 1152 2508 4298 3777 1844 1122 346 3761 4297 3970 2630 2697 1018 3575 2741 1645 370 3428 2393 4066 3142 2874 3739 829 172 202 3089 313 1396 1255 1093 4631 3592 3491 2660 4400 1065 4273 2980 1582 569 4249 3788 3253 4431 805 4496 1689 1563 3564 1012 2194 1117 4795 4936 738 2842 1032 3493 4326 1668 1722 4498 529 3761 997 2291 4594 3420 1103 2916 3699 4289 3097 1851 3594 2971 2814 4884 1718 1996 1689 2757 193 2557 3536 2215 2526 2197 1923 2790 2921 56 812 541 1737 152 2606 4314 2575 29 1902 499 4050 3193 575 4560 3530 4158 2948 1562
2755 3065 1906 197 4994 4514 3177 4134 280 3671 1319 1324 3192 1027 2718 2911 1242 1385 678 4961 273 1850 786 4621 3226 4012 747 4446 4567 3375 4040 189 2705 3241 4343 2737 1366 1123 213 1710 3151 2133 657 4405 4422 4680 2165 264 4126 2004 3314 3299 1799 3317 257 1830 3160 1894 898 536 3746 2391 4054 754 981 2930 585 2760 1758 11 3079 4669 3942 3829 4782 4873 634 851 442 2084 713 784 4371 1229 3571 1007 560 814 518 1906 993 1355 2578 1192 4416 2928 2572 1323 3528 1312 270 2036 2142 2477 2218 3058 4081 721 2210 3431 4646 498 3519 332 4630 1246 3047 2136 2310 3369 962 1769 369 2740 4990 1903 2666 598 3721 100 3963 1963 3161 1604 1543 155 3775 548 4691 1283
683 2400 343 2888 1427 1167 2420 280 1709 2213 1661 609 538 3464 1080 3440 774 4983 1051 2053 4083 3917 3706 1811 2322 1472 625 1112 2296 4996 4244 521 775 4997 2608 112 3434 1895 2014 3603 3826 4529 3321 1429 110 2086 2351 1770 624 2716 4748 1826 3780 4238 1552 3072 2989 639 2891 562 3112 2750 1683 1953 3140 2039 42 829 3763 4307 4738 2799 4208 1831 1075 3751 2341 2604 2708 1659 4795 255 4414 640 2525 3167 877 3245 4787 2379 3160 4061 3153 2792 3225 4383 1753 1965 3911 3970 94 1490 813 3300 4935 4917 2898 92 4691 937 3167 1994 2520 1032 2012 2094 3638 791 2847 1643 3966 749 3046 1752 81 4660 3849 1721 4869 49 4448 170 3540 338 3607 2824 359 128 2891 3203
3265 2384 1549 4964 2521 3531 2074 3671 2213 1752 3655 1937 4638 4968 777 4193 1304 4097 807 2870 1419 3270 1824 704 3483 844 3921 13 1027 577 1973 3128 4546 619 2691 4651 890 4290 1098 3570 1065 954 3835 1604 2829 3102 3550 617 1997 4313 2264 1673 1825 4373 3537 336 2192 3363 1290 2628 2573 2825 1811 2753 1436 2415 2989 3381 3117 3827 3477 149 3539 2706 4553 704 1176 413 2298 4326 4299 4427 1103 2107 4593 1944 1170 4196 3962 2228 4340 354 1461 396 2491 1270 1468 2466 4578 1511 2303 1700 719 3148 707 719 2816 471 4159 4385 3729 4459 382 4803 4796 957 3547 3805 2483 3337 4608 450 539 1667 1794 929 4767 1837 212 4378 4567 2401 258 4988 531 4591 4430 1617 3962 743
1889 3358 1298 4089 2121 779 2762 1319 1661 3655 2095 3858 237 4526 1622 454 659 4683 1453 3351 110 2718 2453 3468 2330 3682 650 3176 1122 220 2984 3739 4226 2763 3198 4068 2349 4984 3577 3261 3676 1918 2386 1747 800 4293 991 42 2409 199 4216 2400 2021 1093 3374 2961 141 4871 3290 3734 4958 1176 50 4220 3041 3854 3701 587 813 2710 618 3071 224 931 4864 4174 2986 2311 1084 921 3865 1613 238 1697 3864 40 4644 1070 1589 2082 2558 3083 231 3891 273 327 1746 269 77 1729 3757 2548 4063 1790 122 2108 341 100 119 4800 1646 2376 2830 1052 3719 408 902 3134 304 758 2621 1819 2201 1589 864 3206 1227 1721 3364 4168 4685 542 465 4604 180 2108 3885 853 1126 4683
2662 2361 4200 2701 1346 4344 1924 1324 609 1937 3858 3979 4689 2114 3022 1627 3729 1482 4720 4981 2773 4894 1100 2120 1516 1453 10 2905 1460 4797 996 2258 2175 3677 4018 1833 43 253 2685 2648 3606 2484 2221 4343 4994 4397 3855 2146 1899 1540 1768 1172 527 2054 4692 1629 3524 3616 632 872 3429 2164 1767 4108 3682 3648 4732 1098 3612 1276 1687 3018 2250 3988 1567 2353 3800 2015 4135 4950 4897 2540 2067 4277 10 3937 3343 3370 2763 2974 658 3173 402 4951 166 4444 4112 1216 718 488 1306 4860 2007 2678 2780 2513 1637 1901 4331 3161 909 26 4792 3747 4958 937 3218 4291 4945 1255 4989 567 1932 660 1948 2967 2564 4437 4478 3042 4641 2148 3944 3576 347 1852 4720 4307 3063 846
4933 2791 4371 3212 1712 2645 1431 3192 538 4638 237 4689 110 4987 3704 626 1588 1504 1827 1234 4917 2694 2652 2613 838 19 1816 329 4866 2852 3014 3061 1166 4583 1363 2394 4813 416 4812 487 880 2864 1217 4061 4041 1737 689 147 4946 3700 3114 4441 4809 949 3107 4225 2656 1029 759 1047 2901 506 789 4473 3799 2791 2475 2040 1578 1718 1734 4121 184 1075 4744 503 4503 4386 2102 175 3637 3991 3107 2303 190 190 1190 1326 2503 4633 1766 1432 301 34 429 2540 843 1754 1494 809 1081 3342 1763 1999 4261 1839 4443 1899 4481 3942 1813 3381 548 3682 1757 1392 1876 1123 1062 3149 2700 3042 3417 4469 4880 821 1693 1694 4906 2282 1245 3644 3537 2049 4026 2908 2779 357 1278 4388
3622 2154 1827 3326 755 3826 3785 1027 3464 4968 4526 2114 4987 258 3891 2864 2807 3692 4627 466 2861 2610 1231 3420 4883 4353 2033 862 2625 3358 4930 619 4389 690 4026 1219 4740 4819 4691 1723 1815 1770 4160 3818 4750 2529 1047 390 4950 1456 3514 838 3429 1110 3085 4938 3261 3086 4527 2569 4573 1164 2755 1275 1571 2985 4258 1727 4221 2580 4951 952 811 3397 503 3664 1084 3498 2461 805 604 3967 2458 1468 2188 4831 1211 891 346 2590 3145 4722 4038 918 2451 2274 1209 1435 3872 1999 662 1160 2876 888 409 3897 2260 4681 3782 961 961 2105 2549 3183 1838 4184 4624 482 3493 4070 540 1353 3294 510 3086 3174 649 2238 2370 4733 3869 4782 4735 3759 4723 4772 2311 3237 2080 2414
4759 180 433 2023 4256 1795 1058 2718 1080 777 1622 3022 3704 3891 1818 3785 884 4101 4934 1343 99 4128 2385 2302 2843 3737 4918 4886 1673 4679 4019 3516 1867 1647 2070 2321 4811 1321 2442 400 3794 1219 3126 4665 687 3351 4581 4685 766 4609 1642 4082 1673 196 1364 468 4885 1886 3351 955 3817 190 4201 1674 324 1405 4808 4335 4411 3381 1598 4905 3484 206 548 1319 1142 3834 1240 3636 4867 3109 191 2258 2904 1299 4055 602 2951 126 3488 4960 1342 4139 4410 2177 2283 4254 1298 1182 4277 2789 2855 4005 4820 2001 1849 1351 4586 3507 2344 2530 1215 3703 4893 685 4602 2547 3498 3132 3145 1229 3484 1041 4025 4111 1099 966 1617 2702 1823 2050 3718 312 2114 97 3835 4570 2572 4715
2182 2336 2763 909 1338 4116 1618 2911 3440 4193 454 1627 626 2864 3785 3891 1542 4581 1943 4866 4671 3875 3554 1236 1513 1153 790 3890 726 2882 2805 4600 2052 2063 3686 486 1279 2186 1916 482 4963 2896 18 3360 1161 1490 2302 4879 1559 4867 492 1443 2975 3066 20 76 1812 906 572 4790 3877 1654 21 3460 1898 2250 1981 3271 1446 4952 4592 4485 4759 1944 3116 2253 3718 457 4779 4154 4066 4836 1253 2654 4468 3700 3728 1419 198 616 3143 2616 2894 2123 2629 2492 1738 3614 800 1876 4823 2228 2598 2518 4874 4357 169 613 1919 4634 418 1676 4116 1241 977 3319 2551 3589 381 30 1473 2718 2075 3570 4492 1318 1220 3645 3292 270 4678 1322 4511 4682 3572 2371 627 1251 934 1246
1356 2949 1312 310 2551 473 1026 1242 774 1304 659 3729 1588 2807 884 1542 4338 3370 2616 2011 4028 2228 378 4597 3634 3712 157 1872 3974 3344 2691 1220 2395 234 4148 3984 1054 3767 3722 3110 4809 4903 2810 350 4295 567 1307 4872 2539 4429 3847 3730 3945 612 2045 4680 2654 3346 3305 4164 3473 4015 3763 4149 1930 2797 3139 3306 4123 3252 929 695 1231 4977 2161 4048 15 4257 3130 2072 1525 358 2681 753 3361 3113 4501 4176 4126 2260 1133 1814 4926 4053 1822 1859 1435 4252 165 2429 569 1829 3767 4364 2285 3285 4113 3674 3180 4795 798 1208 3784 3688 4416 2397 379 1937 3305 1708 4581 4011 4575 760 2442 4462 2855 3995 4643 987 3924 668 2218 3002 944 1211 95 3652 3272 3361
541 2432 3987 4684 1746 2540 782 1385 4983 4097 4683 1482 1504 3692 4101 4581 3370 352 4233 1834 1947 2785 4987 3035 1726 3516 4602 1499 149 296 3798 4005 3949 4426 1556 4441 3774 4934 4427 4687 2702 3171 2514 2744 4648 4280 411 1730 3646 949 1642 1574 4024 1145 1814 3256 2059 4225 3326 531 3477 4068 577 4954 1253 620 3722 3599 3703 2298 374 3120 157 996 3020 3971 233 2983 261 2950 969 1333 1619 4823 2167 3435 3658 2428 3046 4266 811 3180 1964 657 794 1077 3894 109 4382 1932 4357 2150 216 2754 1901 2938 2468 4896 2481 2355 4855 959 2311 1470 2910 735 372 2175 1187 2085 3551 1883 332 1560 459 3199 709 749 3375 3059 1196 909 2853 781 3976 2520 1574 718 1059 430
2242 1721 4260 3186 3968 1744 4576 678 1051 807 1453 4720 1827 4627 4934 1943 2616 4233 3409 1780 132 1574 1102 1565 1034 633 4361 1522 2377 4140 3620 4542 2536 4549 2645 4048 2499 3871 3793 999 638 3884 3540 851 821 3776 1402 4022 530 4360 2981 3983 829 1653 1205 2507 2240 4789 754 4284 2258 3812 2375 1284 3540 1083 16 3856 2276 3520 2136 2808 4506 1377 2179 1569 863 4588 2550 3426 717 2402 4585 1052 1470 3082 1738 3475 1660 4922 217 362 133 3432 2987 2963 2038 843 1475 1164 4379 1436 1680 3016 157 4612 4463 3277 4771 4230 4833 3546 4715 1298 4143 2537 191 1079 3895 2495 3708 2355 1076 4178 26 4652 478 1784 4693 4562 3457 3407 829 4953 1577 2631 86 2924 1184 4316
4335 3800 2169 2355 2820 1298 3277 4961 2053 2870 3351 4981 1234 466 1343 4866 2011 1834 1780 4173 4957 679 3736 4031 4272 4072 4689 584 1799 397 4381 2762 4356 954 2855 4420 1857 4134 2694 4999 4436 4099 1498 55 2739 1440 4522 1427 377 2771 3966 2773 3670 4712 3704 2856 1393 4407 981 2803 156 3302 3357 1372 1046 613 4372 3076 672 107 28 1989 3894 1190 3661 1274 3057 3422 4868 2407 2154 4003 1651 2716 345 3581 4906 1251 2520 486 1009 2133 1423 403 4117 4141 3294 4320 1470 4080 3868 907 351 1241 1726 37 2773 2538 3165 3063 1427 3228 3496 1075 1888 1296 89 3145 4623 2744 2780 3027 2651 1022 2879 499 250 93 1053 455 2616 4057 3704 3143 4447 3107 1004 1075 3712 192
4565 3383 4980 2731 1637 633 2630 273 4083 1419 110 2773 4917 2861 99 4671 4028 1947 132 4957 2885 238 4137 3599 766 4718 3534 3057 3301 4047 1536 2974 4780 3954 616 4710 3976 4115 3507 4784 1314 888 2701 1459 2226 2491 4469 2618 3432 4878 2735 4189 4793 1831 1571 3263 371 601 3655 2098 4947 618 3079 606 3973 1856 3034 2720 710 2618 2369 3905 4883 479 1091 3006 1457 2219 3310 176 3285 349 684 187 4164 2550 253 4383 3381 2804 3187 4206 4243 1545 2578 4918 712 537 3826 1076 2087 2469 2343 2169 128 3077 2028 2722 4134 1656 768 294 738 4996 636 437 2443 3451 4287 1876 2256 1491 1919 2849 4805 2027 1734 4561 2816 4594 1870 637 2232 866 4864 2989 3247 4053 2924 2600
2371 3471 2386 2582 2878 3005 3053 1850 3917 3270 2718 4894 2694 2610 4128 3875 2228 2785 1574 679 238 27 2076 2861 2291 1332 1771 169 3576 602 2726 4433 2135 4403 4495 319 4665 2052 838 2083 3121 2901 4980 577 4397 4072 3862 719 3819 3684 90 4615 3244 1057 1552 3020 882 314 618 1123 459 568 3523 229 95 3893 4862 69 1889 2665 3067 4492 4537 2258 4470 1625 3753 3504 773 3475 569 4637 2922 649 3805 4399 567 2264 3908 4912 23 4026 3511 2646 2331 3448 4927 3303 2384 3923 3240 3240 1888 2909 1853 2717 4739 853 549 4384 4543 635 185 3087 531 3850 2766 3632 1288 2160 88 119 3669 2280 3637 1927 3900 1366 3419 4131 2986 153 2803 3531 3552 4163 2507 1034 4784 1543
2716 1923 3720 526 4511 3761 908 786 3706 1824 2453 1100 2652 1231 2385 3554 378 4987 1102 3736 4137 2076 1661 4659 3506 2962 3975 3437 1885 299 1096 1794 227 1433 2068 3328 2500 4358 4445 1386 1946 4212 1373 1234 2993 2110 3825 1499 4922 903 4513 3828 138 2790 4343 1640 3990 1896 2282 3671 3628 3043 2137 2783 2083 3134 383 372 1153 1561 1832 194 3506 2335 4510 2833 4023 634 838 4831 2986 2541 3867 1878 173 3668 2805 2561 1533 2009 3320 3489 3849 492 2193 4298 4322 906 2893 1543 2142 1098 1085 4708 751 1765 96 3136 1722 3759 4913 4232 1186 4175 985 2668 4052 289 4816 1763 3408 2093 1357 2761 2814 1345 694 4393 364 948 2283 4869 225 442 4505 2402 2445 3461 2188 2633
1524 3885 1499 3529 4209 1836 3770 4621 1811 704 3468 2120 2613 3420 2302 1236 4597 3035 1565 4031 3599 2861 4659 2818 289 4229 3033 169 2164 3484 3691 4972 4623 1112 3934 3502 48 1960 3687 279 778 4178 2756 1748 4070 3071 3020 4391 3440 3750 4199 2933 4547 1561 3949 2588 2118 4039 502 1393 2511 797 2770 2494 3801 2847 2185 134 4661 4548 1990 536 3684 974 1322 2415 437 1610 2602 828 4913 4509 4826 3482 1023 2120 3353 266 2664 1029 1934 2318 265 2907 4783 2780 38 1795 4402 4530 3091 1051 1287 2641 1822 797 2328 985 207 4020 2496 1792 1114 1265 284 3721 2267 1454 4057 4767 556 4579 3763 4261 4166 1207 1962 2919 3596 4716 3632 902 725 1681 1861 2342 2774 493 3502 1995
4133 2776 2412 384 441 4104 4262 3226 2322 3483 2330 1516 838 4883 2843 1513 3634 1726 1034 4272 766 2291 3506 289 687 1490 2698 1965 1493 3355 1816 2644 594 761 1084 2427 1623 3136 889 1602 815 3257 4973 903 4442 2224 4036 532 2049 160 2060 296 183 4849 2589 1329 4276 773 1442 4445 4181 1364 2576 3783 3113 2948 4673 720 84 3249 376 1314 4215 1962 3578 4788 4737 4352 1653 801 4240 4007 1706 2317 860 1115 4955 3446 3442 2401 981 4617 4254 1256 4106 2690 3304 1564 563 4775 1899 2719 1562 103 4331 556 1154 4954 3444 908 174 360 4164 3512 2703 3740 2353 2608 4576 502 4939 1174 2969 3495 2263 4692 4514 3462 3388 129 4503 3987 4536 1279 1919 4339 4269 705 820 4385
2807 4449 2858 2283 1945 3409 3679 4012 1472 844 3682 1453 19 4353 3737 1153 3712 3516 633 4072 4718 1332 2962 4229 1490 4827 4079 3289 2925 2042 1726 483 1363 4467 2858 4488 1171 1744 2857 3016 277 2676 1025 2067 2982 4200 3268 3161 809 3565 4197 2871 4059 233 1239 3610 1635 2229 4312 2643 3560 4852 848 2501 1278 1168 4312 4355 349 15 3034 3295 2319 1323 1665 881 260 455 1843 637 3582 3091 1098 437 2089 108 502 1625 4493 2529 2137 3158 903 216 4424 939 2362 1300 4866 2955 1485 744 2322 345 1877 4973 4096 4359 3972 1797 3817 4229 1472 2744 3158 3933 4644 2180 1451 2728 3199 3821 4810 4412 3485 734 2089 3009 3435 2390 3868 2529 2707 3834 1631 3120 4558 114 3146 3554
2985 1933 4405 36 3534 1636 4415 747 625 3921 650 10 1816 2033 4918 790 157 4602 4361 4689 3534 1771 3975 3033 2698 4079 1253 4248 1717 4371 1632 1398 1246 170 2044 1375 1357 968 2394 3453 4060 3308 4298 1366 3502 2330 4478 1097 3420 2743 4724 3333 1363 3161 3616 342 1058 1447 306 1947 3338 4059 4311 4488 1549 365 3934 3588 2787 2976 1165 3257 3847 3864 3443 2208 4697 2645 707 3014 3702 1080 4376 1719 3490 4303 2194 3966 2305 1609 648 3195 3182 4554 4139 1417 3005 1176 4705 4593 3651 4682 1078 1530 2358 2339 3756 4316 3168 511 4907 2683 2307 2396 2468 2991 2297 2478 2818 2463 1416 863 1075 3550 963 4760 1525 3831 778 3143 4180 376 790 3596 1899 3999 2269 2818 1479 161
4609 1375 3059 4829 2814 2867 1598 4446 1112 13 3176 2905 329 862 4886 3890 1872 1499 1522 584 3057 169 3437 169 1965 3289 4248 578 1794 4333 2913 2088 3536 735 2439 463 4830 1292 1508 496 4059 3580 3668 1430 2119 4238 2113 2370 2284 707 3498 4417 336 4046 364 1584 2874 2618 1494 2866 1272 4208 595 326 328 2886 3729 2503 575 45 1291 1988 3114 1260 4879 1911 3388 1241 3746 509 4902 2408 3809 375 3075 2477 2864 4334 4060 4940 3498 4740 4451 489 1036 3817 1704 2978 2386 3803 164 1916 1330 1801 847 1141 691 680 1940 2490 476 3719 1651 3076 1198 3636 4088 3634 2947 4360 382 4877 4909 1925 3350 3646 190 2327 3914 325 3039 455 2165 3702 1033 3247 1443 4778 3202 4247
396 2167 4534 3882 3308 4149 3776 4567 2296 1027 1122 1460 4866 2625 1673 726 3974 149 2377 1799 3301 3576 1885 2164 1493 2925 1717 1794 442 2216 1464 1753 4242 3118 2958 2562 138 3545 4505 1276 4907 4605 3530 3882 514 807 2193 1594 3986 1344 1225 169 2627 4553 684 4309 3351 670 3026 2211 4943 1484 1780 4632 2361 815 4666 4769 1632 3946 2834 345 4368 2031 4464 2725 3068 3790 4104 2382 1684 360 2223 447 505 3417 4976 4613 3714 3441 3477 1326 3393 1024 1971 2875 1147 3273 802 970 693 3517 3419 3095 3128 1666 2020 2080 3259 285 2515 4914 3350 1359 2441 3800 1597 1725 1382 526 1191 4236 2781 1342 1108 1018 477 1568 2669 1925 19 948 3954 1779 1516 1934 2006 3438 4586 227
1998 48 3616 1670 305 4702 1152 3375 4996 577 220 4797 2852 3358 4679 2882 3344 296 4140 397 4047 602 299 3484 3355 2042 4371 4333 2216 716 268 4376 4076 1299 2994 2865 4590 4552 801 774 3026 1983 395 4669 3806 167 4634 2688 168 532 4615 4870 1276 3336 1272 1873 4841 4976 4522 2855 2728 381 3129 4367 1471 1903 4590 386 38 2180 391 1412 2374 1683 912 2807 3165 3521 2209 2770 2121 2510 2689 1807 927 1091 2132 145 2005 1072 2415 613 947 3067 1481 3196 116 874 2143 4147 2073 4905 4078 4528 1006 2383 2830 3714 318 3780 4710 1341 3546 2285 166 4369 3624 369 35 2835 1256 2392 3519 4778 936 2357 186 2080 1117 1433 1069 1069 189 2784 3835 4922 845 4612 4983 2792
2651 721 4804 947 1025 2781 2508 4040 4244 1973 2984 996 3014 4930 4019 2805 2691 3798 3620 4381 1536 2726 1096 3691 1816 1726 1632 2913 1464 268 2064 1475 3083 3982 4427 1477 2311 1792 4920 1242 1316 26 2116 2694 965 1518 97 12 2809 3974 3362 4776 2701 4505 2029 752 4097 11 937 747 1804 267 1783 222 3044 1568 705 2568 4403 2066 1509 281 830 1069 892 1130 1312 4738 968 3244 4827 3241 1785 1395 409 3772 4806 1215 1428 3813 595 1497 2992 2885 4451 1785 229 1365 193 2847 1840 3723 1744 3498 1236 2599 4221 3775 1841 3455 1495 3358 3273 661 2687 1000 3398 4026 3787 1359 4399 3758 2433 1059 2092 1194 2132 626 1982 4209 4379 1355 4742 1121 4115 2796 1810 3244 1387 4307
225 858 2539 4031 4810 2836 4298 189 521 3128 3739 2258 3061 619 3516 4600 1220 4005 4542 2762 2974 4433 1794 4972 2644 483 1398 2088 1753 4376 1475 159 3827 480 3873 3522 4892 749 2548 4274 2199 2352 3546 4981 2961 1520 1215 4864 4678 4367 2305 360 3730 4385 2297 4996 4586 811 4807 3788 1974 1485 3755 4088 3973 327 2312 3498 2740 18 2535 3668 948 2649 3662 196 3347 4417 775 4306 407 1916 1662 4541 340 1761 4818 2795 1369 4221 1103 1153 644 2111 282 501 4392 2160 2653 1394 1983 942 2019 3507 625 1669 2706 3378 2765 198 4479 4642 853 4579 1698 4533 2997 4916 3787 747 2010 2537 4269 2612 3868 1356 2017 629 4608 4655 45 3706 2941 4233 497 545 2101 2910 1168 2349
3555 500 187 692 734 2022 3777 2705 775 4546 4226 2175 1166 4389 1867 2052 2395 3949 2536 4356 4780 2135 227 4623 594 1363 1246 3536 4242 4076 3083 3827 2575 3289 4815 4889 3859 3121 1130 3199 2063 1623 3190 3328 3980 4107 931 3608 393 709 826 3833 1821 123 2767 2220 4408 2412 1970 107 2589 3236 4121 3467 4119 2739 24 3493 469 3159 4478 1253 2625 4630 1732 1389 4043 3226 4183 395 3878 2763 2925 2764 29 2053 2947 2709 4019 116 2083 4428 4254 1501 2588 1925 2831 3557 796 426 4346 1456 2982 84 1298 3884 1049 4554 3526 2571 2301 4202 2711 2612 1945 4648 269 256 3120 1686 1275 1152 4600 759 1799 2486 1347 2429 2017 2110 4362 3169 1002 4452 1123 2698 609 4402 1101 1480
2800 1341 3094 2176 2448 4889 1844 3241 4997 619 2763 3677 4583 690 1647 2063 234 4426 4549 954 3954 4403 1433 1112 761 4467 170 735 3118 1299 3982 480 3289 3336 2355 230 1950 3165 2719 4094 3597 3341 4393 787 221 361 3329 3226 3389 2570 1896 3610 1900 3471 4412 4635 2362 537 3173 15 3288 4902 368 1280 3195 316 1682 2221 4791 360 3104 3916 551 3696 1957 702 810 2956 2288 2892 602 4628 1874 3013 2381 3932 966 648 2642 3289 3692 1717 1439 4129 4687 4846 1782 2019 1802 601 650 891 1380 4408 3104 2737 400 3781 4172 1673 3996 823 157 263 2437 4203 1342 1662 2360 4036 2685 1278 887 827 4212 32 4796 2154 2070 1721 1564 4311 3506 2032 4784 4254 204 383 1636 942
513 2259 4297 4357 290 20 1122 4343 2608 2691 3198 4018 1363 4026 2070 3686 4148 1556 2645 2855 616 4495 2068 3934 1084 2858 2044 2439 2958 2994 4427 3873 4815 2355 176 3009 599 1679 3001 2342 520 2382 4967 723 1486 1478 4361 4806 3266 1760 976 4522 3719 2809 414 2376 2092 519 3317 193 3187 221 967 1798 86 705 4112 190 682 3270 407 1478 1983 715 2744 317 2496 2858 1886 369 118 3800 4655 3949 1477 4463 4207 4994 878 2895 1554 1001 3793 370 1661 4249 480 4026 2464 3162 362 2350 4109 2215 3631 4383 3478 4213 3566 800 4193 116 165 868 4076 2467 2545 4034 3515 4599 3280 2456 3310 1934 1025 2457 938 1452 3607 1866 2240 3382 95 3667 3335 2378 3036 3812 4644 4608
4882 869 2607 2742 4891 4753 346 2737 112 4651 4068 1833 2394 1219 2321 486 3984 4441 4048 4420 4710 319 3328 3502 2427 4488 1375 463 2562 2865 1477 3522 4889 230 3009 1252 495 4591 4940 2147 1454 3280 187 2704 2412 209 1697 365 1788 902 2564 1044 2404 2314 3382 3653 4024 372 4109 4237 711 4080 195 1406 2675 164 101 4188 3816 897 3146 4816 822 1123 3470 2023 2001 4139 4718 1481 31 3234 2901 2788 397 932 1136 3167 1590 3477 3544 1166 1922 2794 1872 760 741 2910 3793 2920 1461 4173 3034 4262 1521 4857 3453 702 2947 3341 2141 1217 1394 3538 115 3837 4670 1284 3749 3289 2965 2071 1754 1179 305 188 850 345 4132 4275 728 4447 1611 2575 2576 4763 4412 1131 4992 2801
1139 4388 1767 3632 958 2683 3761 1366 3434 890 2349 43 4813 4740 4811 1279 1054 3774 2499 1857 3976 4665 2500 48 1623 1171 1357 4830 138 4590 2311 4892 3859 1950 599 495 2355 3939 1801 1101 2807 3197 3034 3502 498 2098 3771 1286 4501 1901 4963 309 589 4283 801 2144 4557 666 3599 408 3911 1276 2981 4448 991 1674 4727 1890 2237 4612 4791 2963 1514 176 4826 4099 2877 954 612 3750 4869 3126 3100 921 2818 1670 4137 2408 3827 1885 2951 1767 145 2811 235 2378 3719 3714 2465 4505 1801 3023 4467 52 3049 2211 4470 3796 4042 3902 3787 4934 468 1504 1084 4980 833 729 2977 3442 3101 2002 4135 3227 4628 4923 1713 3363 4969 4274 3448 502 430 4768 3246 639 4905 2529 1402 3079
4861 2614 3660 2849 105 1658 4297 1123 1895 4290 4984 253 416 4819 1321 2186 3767 4934 3871 4134 4115 2052 4358 1960 3136 1744 968 1292 3545 4552 1792 749 3121 3165 1679 4591 3939 1283 4655 246 4976 388 4687 2236 2630 4555 4871 2784 993 3473 2494 2125 3723 3623 1816 3858 1865 3969 4701 4619 2061 2370 2436 3195 3446 2215 1514 492 546 3401 2980 21 1371 340 2982 4914 3270 3366 1735 3944 1195 236 4171 4739 17 4344 255 1288 4067 1809 4731 4337 185 2600 2950 1882 3803 712 56 2248 1445 3512 2723 3093 4023 3784 4952 1613 3295 4773 2091 3114 1211 4501 2859 1938 1303 329 3634 1553 1509 4871 300 253 3040 4917 1984 2946 274 3384 3431 2148 3888 819 2608 1040 2758 3179 2115 4721
632 1330 4772 2876 426 1464 3970 213 2014 1098 3577 2685 4812 4691 2442 1916 3722 4427 3793 2694 3507 838 4445 3687 889 2857 2394 1508 4505 801 4920 2548 1130 2719 3001 4940 1801 4655 1151 1383 4579 2946 1886 1011 1850 4493 1984 3451 1760 632 3462 2906 1556 1626 49 2832 4966 4877 1526 1154 1305 2627 3578 4809 3440 3277 2151 4014 1660 3400 4993 4703 2357 1541 843 3245 3831 2326 4927 827 4358 3573 1870 2977 553 3013 1920 145 4877 2416 4203 4122 987 475 2847 392 2557 1337 1553 2285 1459 2942 4052 3628 3338 1206 34 2831 3123 1606 4850 4797 3596 1980 1265 1271 444 3839 1698 2297 4832 2445 922 1881 3864 3591 3161 2793 1237 2982 2724 2558 2897 1358 2669 188 649 2051 4060 2296
1900 4913 2138 4959 4973 1287 2630 1710 3603 3570 3261 2648 487 1723 400 482 3110 4687 999 4999 4784 2083 1386 279 1602 3016 3453 496 1276 774 1242 4274 3199 4094 2342 2147 1101 246 1383 3568 1350 4891 2886 3748 1202 3641 3521 2718 503 4345 160 1615 808 2524 1978 2709 2930 4853 2343 3001 1193 2091 211 3612 4142 4340 2084 3218 1916 4320 4891 4222 2192 3284 4653 722 1420 1416 2792 3488 4272 1428 4134 4285 1192 4551 4950 2720 598 1953 370 198 1834 3325 3343 4587 3939 229 3259 4443 1215 2471 4454 4237 4831 2346 491 4449 1052 2882 4171 1618 2553 1243 3654 2066 2016 1847 4486 1949 324 4345 4661 2029 2246 3515 4708 3758 1856 3559 4508 3280 4606 4031 3471 2503 2976 1616 3249 2008
3817 771 875 1204 3743 4052 2697 3151 3826 1065 3676 3606 880 1815 3794 4963 4809 2702 638 4436 1314 3121 1946 778 815 277 4060 4059 4907 3026 1316 2199 2063 3597 520 1454 2807 4976 4579 1350 3838 4064 4708 933 2744 2903 1244 1798 1185 164 3510 1575 2264 2506 4575 4911 531 936 4633 4216 2893 2781 2043 3329 4203 964 1491 4952 1929 3440 2365 3073 4260 1867 3238 3706 1295 393 177 509 1868 4610 3816 709 3313 1886 4270 3031 3424 998 3739 4373 4703 1626 3267 1074 3380 3881 1064 529 1973 2244 891 4410 3455 3958 2960 2560 2622 4507 4537 1158 4178 47 3910 3273 1214 3216 2805 1257 1204 10 1798 1704 4900 3784 4315 2285 3592 724 1641 221 2446 2676 3806 2613 2615 2108 291 2439
1611 377 3294 3513 772 1756 1018 2133 4529 954 1918 2484 2864 1770 1219 2896 4903 3171 3884 4099 888 2901 4212 4178 3257 2676 3308 3580 4605 1983 26 2352 1623 3341 2382 3280 3197 388 2946 4891 4064 4217 2795 2067 759 1567 2369 1809 351 1296 4313 1761 4199 192 2310 4868 4576 4969 2940 1761 3564 1371 1224 1297 161 1112 2828 370 1541 4660 1260 3860 720 2835 4476 2634 2873 749 398 3693 2574 3595 1427 976 159 580 2518 498 4499 2103 4850 1193 3304 821 4040 2165 4771 2907 3382 1365 3649 4459 21 3119 1516 2151 987 2060 180 314 1641 840 3180 3814 4667 290 1989 4358 1305 2425 3695 1351 2897 4889 3952 3716 4071 3774 3610 213 4218 182 1924 4917 2613 1315 1938 1089 2984 994
2635 2371 3539 4906 3583 2836 3575 657 3321 3835 2386 2221 1217 4160 3126 18 2810 2514 3540 1498 2701 4980 1373 2756 4973 1025 4298 3668 3530 395 2116 3546 3190 4393 4967 187 3034 4687 1886 2886 4708 2795 669 4116 2363 1783 834 1956 1557 4830 3041 1705 1781 1839 3181 1325 1326 974 1971 4262 894 1182 3176 3553 3761 4543 2501 3258 4174 3312 3889 4036 4786 1755 3186 4721 774 4439 3681 982 3262 1217 479 4014 4833 3268 135 2487 1582 3932 4817 1480 4727 3387 1174 1415 4613 2210 4097 226 1421 1720 3833 735 3964 53 4169 1925 1324 16 1138 131 1156 3325 136 1203 4936 1227 1231 4526 2475 1826 3689 2771 4935 873 2533 632 597 4185 2899 4062 2181 2056 3327 3879 3724 3348 64 266
2254 111 2231 1011 835 674 2741 4405 1429 1604 1747 4343 4061 3818 4665 3360 350 2744 851 55 1459 577 1234 1748 903 2067 1366 1430 3882 4669 2694 4981 3328 787 723 2704 3502 2236 1011 3748 933 2067 4116 2288 2760 1344 4957 153 4790 3451 2605 3564 3394 2522 1913 1399 3857 3058 3196 568 379 3626 2983 3596 214 2967 1074 3915 4638 656 296 2797 279 2580 4798 4618 3816 4649 2246 4029 4712 526 4772 1238 600 3647 1509 346 3276 1526 3695 4564 3660 1989 4647 3965 850 3155 291 330 3632 3854 4382 3855 2660 1301 3530 3678 549 4173 4692 4232 508 3942 3453 3674 574 868 3037 4320 2401 4890 2870 1711 2996 1058 4180 1536 872 699 1331 3319 3230 3143 2082 2744 4518 2511 4517 16
973 1324 1752 3455 123 4655 1645 4422 110 2829 800 4994 4041 4750 687 1161 4295 4648 821 2739 2226 4397 2993 4070 4442 2982 3502 2119 514 3806 965 2961 3980 221 1486 2412 498 2630 1850 1202 2744 759 2363 2760 650 4365 1964 2264 646 4392 2942 3528 153 4594 3697 1541 2201 332 3355 2576 3233 2547 2233 4841 4151 3231 2461 3111 868 530 4954 4836 3126 3821 4868 1101 1614 1472 2165 236 2757 1989 4648 4974 4710 2647 4008 383 4591 4371 4772 4329 4239 2810 708 2163 2248 2759 1163 1151 3990 913 4150 3409 1632 2086 3402 483 2270 1856 4975 695 2297 666 2884 3257 1324 2246 3593 2487 4527 1531 4763 2788 4721 3819 3456 1845 2200 2815 4171 4402 3176 3966 1425 2357 706 4389 1769 727
1744 1205 3602 514 4185 14 370 4680 2086 3102 4293 4397 1737 2529 3351 1490 567 4280 3776 1440 2491 4072 2110 3071 2224 4200 2330 4238 807 167 1518 1520 4107 361 1478 209 2098 4555 4493 3641 2903 1567 1783 1344 4365 4882 4388 4579 3299 731 1283 1238 3041 3817 4252 3014 3722 537 1914 1581 2315 3599 4390 2688 532 4006 4933 3434 177 1206 651 803 3069 317 4502 1358 271 679 1295 1388 4693 4996 4799 1111 3718 4022 216 3583 2992 1701 1054 4568 328 2772 658 4586 3429 4764 2853 4760 553 1128 3090 2816 501 3012 256 3160 3319 2018 123 4445 3553 1580 2274 3533 3323 92 2041 4527 2435 2806 4241 1042 367 174 1447 272 4609 3385 3866 162 4594 3324 2536 1416 276 1683 2524 4800
2972 3761 4833 3263 4501 4040 3428 2165 2351 3550 991 3855 689 1047 4581 2302 1307 411 1402 4522 4469 3862 3825 3020 4036 3268 4478 2113 2193 4634 97 1215 931 3329 4361 1697 3771 4871 1984 3521 1244 2369 834 4957 1964 4388 2413 3047 722 639 2593 2453 762 3991 2446 858 4590 4164 1814 2783 3440 2139 77 2065 4774 4910 373 4828 3801 4410 415 515 3115 1772 1984 476 1826 543 1926 764 412 2099 2801 982 1722 4844 3198 4124 4369 1722 4717 2193 1086 1774 2566 1738 2136 4488 2824 2496 1651 1896 2723 1812 650 3444 3610 2218 3631 2404 1804 3241 3614 1496 4544 4668 3095 2385 3294 2274 1776 2800 3486 2901 923 1855 4827 2125 1867 3288 3886 3956 4582 1279 612 1279 4131 1476 2144 3746
2674 59 881 157 3542 431 2393 264 1770 617 42 2146 147 390 4685 4879 4872 1730 4022 1427 2618 719 1499 4391 532 3161 1097 2370 1594 2688 12 4864 3608 3226 4806 365 1286 2784 3451 2718 1798 1809 1956 153 2264 4579 3047 4787 3994 2543 659 4777 3372 2530 2431 1561 632 3073 4105 918 4654 3262 1332 4192 1981 2905 296 2056 2941 3295 4703 2193 3241 1046 2843 1395 3797 1166 3942 4476 3081 433 4333 4366 2490 2072 691 4315 1441 1806 803 4312 2912 2729 2735 3785 649 911 123 1009 435 3354 2289 812 3752 4598 4941 936 2377 1508 4209 783 4029 2463 4905 2911 298 517 4872 2352 3793 3133 2494 1285 3826 3679 4169 2530 1061 3621 4510 3783 29 1306 1281 566 1123 1166 4211 3588
3880 4815 1153 4525 2062 290 4066 4126 624 1997 2409 1899 4946 4950 766 1559 2539 3646 530 377 3432 3819 4922 3440 2049 809 3420 2284 3986 168 2809 4678 393 3389 3266 1788 4501 993 1760 503 1185 351 1557 4790 646 3299 722 3994 3925 1565 2861 2825 154 1804 1569 2954 1969 1911 4603 625 1128 2812 2126 830 3567 3869 3038 214 327 1526 3788 4041 2079 1754 643 3886 1460 2073 2291 3175 4203 4743 74 2296 2465 2910 3179 254 2297 1968 4276 1458 640 4411 4427 51 2089 49 1680 816 3826 556 4176 4806 2320 3273 4782 429 476 2547 4888 3844 4697 3081 2944 1463 891 1710 271 2294 2441 4159 901 353 102 3323 1327 4871 3631 3846 2681 2301 3997 2525 4897 846 1290 4960 4155 2376
2620 1060 1225 1690 927 641 3142 2004 2716 4313 199 1540 3700 1456 4609 4867 4429 949 4360 2771 4878 3684 903 3750 160 3565 2743 707 1344 532 3974 4367 709 2570 1760 902 1901 3473 632 4345 164 1296 4830 3451 4392 731 639 2543 1565 1262 1682 2011 2230 512 4592 358 2094 2903 1058 2279 2901 3835 2782 2684 3892 232 4439 1210 1081 1643 3410 257 947 523 1667 229 4838 4659 2254 3425 3032 1979 1399 308 4833 583 1270 266 2495 1544 3360 317 1014 2888 2496 1392 88 1833 4054 968 4869 3177 2835 3341 3987 349 1262 4291 4184 2780 2054 4519 3124 2862 2932 3280 4510 1277 4538 3256 3748 1117 111 4508 2200 717 1637 4740 2747 3094 760 3934 3540 1511 3197 2817 1602 4412 684 2319
1223 488 3388 1228 2865 1832 2874 3314 4748 2264 4216 1768 3114 3514 1642 492 3847 1642 2981 3966 2735 90 4513 4199 2060 4197 4724 3498 1225 4615 3362 2305 826 1896 976 2564 4963 2494 3462 160 3510 4313 3041 2605 2942 1283 2593 659 2861 1682 3108 3595 460 3715 4231 4501 201 3109 581 2105 4411 2360 2996 4870 1911 929 2334 424 807 4240 872 228 2172 3071 1720 3569 1583 4563 2546 3282 497 1245 963 2664 561 1162 1686 2072 2844 1922 1549 454 778 2545 4528 1550 1246 2627 2663 2014 4627 3068 3098 2477 1586 2131 3928 4212 1390 989 3199 180 4916 1013 1845 4653 3091 1108 3411 2924 2051 4509 3601 2994 284 773 1549 1046 3042 4221 2672 2492 3021 2711 4869 1519 4102 394 1214 2208
2803 2011 2262 2149 2146 3396 3739 3299 1826 1673 2400 1172 4441 838 4082 1443 3730 1574 3983 2773 4189 4615 3828 2933 296 2871 3333 4417 169 4870 4776 360 3833 3610 4522 1044 309 2125 2906 1615 1575 1761 1705 3564 3528 1238 2453 4777 2825 2011 3595 4851 989 3302 2480 3722 2174 1333 4733 4168 4151 685 1181 1593 1861 912 959 4287 1853 2970 3698 4076 1058 523 1246 3882 1263 1516 1233 1364 2350 355 1033 270 1695 48 4611 2738 1925 4030 1019 4785 2972 4653 4984 4648 2341 3799 3959 1189 1442 3670 2132 2876 3183 577 4547 1366 246 4800 336 3085 4293 4687 2134 1738 433 4098 1523 2767 409 457 939 1868 181 1163 926 3142 4361 4275 4140 3768 1400 4912 4092 4447 2288 3380 2355 1034
2947 3379 3105 1937 2152 1016 829 1799 3780 1825 2021 527 4809 3429 1673 2975 3945 4024 829 3670 4793 3244 138 4547 183 4059 1363 336 2627 1276 2701 3730 1821 1900 3719 2404 589 3723 1556 808 2264 4199 1781 3394 153 3041 762 3372 154 2230 460 989 3179 564 3800 2739 1743 377 86 3811 2627 2740 431 2950 701 2297 4358 4412 3068 1412 4191 3575 3960 4714 1341 4810 1082 2808 2300 3479 3791 1723 4342 4438 1240 3225 321 3912 3334 605 702 704 4938 2673 4531 1371 4593 1815 1626 3180 1495 3556 909 3213 3023 3754 1493 667 3948 2697 535 362 658 1307 2312 2404 4349 310 1069 4141 3178 1937 3732 1006 1087 16 821 4561 3028 4522 1349 3266 158 1483 305 1037 2905 2872 3260 373
1386 4380 2168 2728 3919 2135 172 3317 4238 4373 1093 2054 949 1110 196 3066 612 1145 1653 4712 1831 1057 2790 1561 4849 233 3161 4046 4553 3336 4505 4385 123 3471 2809 2314 4283 3623 1626 2524 2506 192 1839 2522 4594 3817 3991 2530 1804 512 3715 3302 564 3897 1820 693 2146 3578 4567 3546 4112 3360 4736 581 3104 3511 1737 3776 1867 1044 1138 1970 1582 159 231 1971 1312 2032 179 652 1610 2513 3843 1888 377 2724 842 4049 3423 3907 3029 3003 4349 1888 1191 2840 61 847 1057 495 2846 2872 2836 3820 4584 547 3186 2765 625 981 3471 4500 3980 3660 4720 3386 3488 2990 1811 788 134 4499 4318 746 3322 934 2557 4291 3814 3287 1259 4761 3658 3203 2299 4462 1141 2148 2363 2944
3395 3773 4231 3264 1551 2253 202 257 1552 3537 3374 4692 3107 3085 1364 20 2045 1814 1205 3704 1571 1552 4343 3949 2589 1239 3616 364 684 1272 2029 2297 2767 4412 414 3382 801 1816 49 1978 4575 2310 3181 1913 3697 4252 2446 2431 1569 4592 4231 2480 3800 1820 2687 1113 2374 3991 1768 3570 364 3876 3830 1417 4252 4857 714 4982 1965 1520 995 4637 276 4776 3526 4940 4406 3256 1104 2876 2507 1895 4678 969 1218 4688 394 543 3236 3340 2570 3903 3619 1921 123 804 3416 4858 486 1742 2835 297 3294 4478 3166 4820 3230 969 3907 2024 1044 4062 1102 4960 246 1943 3012 3076 3757 945 4054 614 104 2123 2271 1789 1559 1514 1947 4838 3683 2850 2627 2622 3999 168 497 1469 1832 64
4337 1965 4413 4769 2948 2254 3089 1830 3072 336 2961 1629 4225 4938 468 76 4680 3256 2507 2856 3263 3020 1640 2588 1329 3610 342 1584 4309 1873 752 4996 2220 4635 2376 3653 2144 3858 2832 2709 4911 4868 1325 1399 1541 3014 858 1561 2954 358 4501 3722 2739 693 1113 3447 4816 4435 996 4924 4312 3126 2537 1310 3341 1084 1749 4262 436 3014 115 284 3987 2592 2727 1946 1150 315 1301 3981 327 243 4873 1647 1701 3332 83 3198 2912 3920 4202 2484 1435 4025 4901 4623 3122 1789 2357 4921 1706 2695 4691 2866 4078 3084 4570 2656 4960 3647 4250 1808 4620 1947 4812 36 4814 3117 594 603 2738 825 4419 2712 826 3898 3154 4677 3184 2716 1890 4753 4497 1671 687 1790 2050 4753 3104 3931
2717 3924 1992 1187 219 3578 313 3160 2989 2192 141 3524 2656 3261 4885 1812 2654 2059 2240 1393 371 882 3990 2118 4276 1635 1058 2874 3351 4841 4097 4586 4408 2362 2092 4024 4557 1865 4966 2930 531 4576 1326 3857 2201 3722 4590 632 1969 2094 201 2174 1743 2146 2374 4816 161 2384 2576 2803 2432 1444 401 2319 3825 2263 3899 3146 1200 3697 4200 226 3216 1869 923 1969 927 869 2099 2547 3087 4055 675 1851 459 2218 4916 1959 2212 4519 4153 4947 2946 869 3151 2526 88 3999 1585 2654 1520 1114 1005 1174 1462 2766 3590 4682 2212 3008 1202 2526 1878 4469 72 4244 1750 1210 3377 4040 763 3309 3349 731 714 2397 1482 4826 947 3057 458 4096 2243 3661 1353 2943 3982 1679 4320 210
2126 830 308 3687 2320 4208 1396 1894 639 3363 4871 3616 1029 3086 1886 906 3346 4225 4789 4407 601 314 1896 4039 773 2229 1447 2618 670 4976 11 811 2412 537 519 372 666 3969 4877 4853 936 4969 974 3058 332 537 4164 3073 1911 2903 3109 1333 377 3578 3991 4435 2384 3734 29 1163 1166 3092 4462 2431 1875 4593 929 4608 3995 915 3909 940 3302 48 2810 1144 3599 4245 969 3249 2166 1015 775 1016 990 172 4070 3452 4526 2456 1449 4489 4692 336 3927 1873 969 2473 4207 2354 2582 1946 1693 4514 3557 3635 3751 2836 1095 2211 4441 491 484 230 3180 404 776 4648 2266 1525 650 3279 280 2693 3290 3119 4338 1778 2020 775 2087 2284 2561 2378 1891 109 3102 383 3451 3560
