N: 160
M: 20
Symmetric: true
Triangle: false
5 48 55 45 98 125
12 63 105 87 133 140 75 128 86 149 18 7 101
5 120 32 8 2 129
4 113 146 110 35
4 141 58 153 33
6 102 20 57 43 62 37
7 68 67 36 74 56 38 131
10 19 73 13 121 47 14 60 50 107 155
6 46 9 151 76 126 106
9 44 64 103 123 136 15 139 24 34
3 112 89 54
14 71 159 53 154 25 132 28 3 12 30 93 31 94 59
9 117 51 27 122 61 6 135 124 79
10 11 143 39 23 66 82 41 70 4 100
14 144 10 116 150 109 104 72 96 99 127 78 160 145 158
5 119 16 83 29 142
5 1 40 85 92 97
10 152 90 148 156 137 21 114 111 77 80
15 84 115 138 81 95 42 65 88 17 130 69 52 91 147 157
7 49 134 26 118 22 5 108
1648 1373 2833 3085 405 2713 869 4204 2869 283 3250 1858 1923 4318 2085 4141 2068 2041 3371 2352 4720 2081 2117 4538 446 4187 4843 4412 3410 1338 731 2129 2701 1461 1521 2621 2684 1797 4492 942 1582 121 2058 4860 1624 1746 2306 640 1964 2633 2146 2881 4715 3320 339 4426 2824 1476 441 4029 470 3875 1377 453 3184 4395 2081 2053 3940 3389 4488 166 778 1402 1439 4085 952 1533 4007 139 1446 3782 2214 2875 1186 324 2702 4293 4406 2890 1937 4988 3067 3753 1624 4555 624 834 2899 4057 4662 1537 4950 415 4421 3900 722 2210 3208 3245 4215 3790 4076 1789 2938 379 4330 421 2465 4890 1453 4648 3042 1491 4827 4440 3949 3497 916 2775 112 2966 834 1731 4014 2478 4540 3828 3058 3727 566 2974 3637 905 3840 4020 1709 1445 4813 849 4290 3768 3920 3989 978 4661 2255 2328 1066 1743
1373 849 1536 1515 4586 2044 592 4477 1204 4108 4688 4526 1740 1186 4817 4618 2555 2690 1197 3052 3977 4296 4494 4584 206 19 591 1755 1306 3661 3651 4941 2494 2508 1240 1082 695 4298 1018 2228 502 3958 4012 4302 3262 831 1499 1256 4343 4595 578 4884 1822 3500 1723 4995 1241 723 606 4969 1184 135 1848 1338 451 2749 1585 472 3892 701 3749 2478 3713 4005 636 1946 4150 587 4597 1898 1730 533 316 4704 1889 4193 321 3615 2642 2881 1602 4949 2849 2227 4295 452 1591 4061 1367 4473 1319 2586 2773 1646 4961 1809 340 4471 746 3249 2842 546 3970 4018 2788 3145 3497 3694 2956 4738 2981 1047 1327 1215 3423 463 3368 2264 3791 3644 427 382 56 3088 3947 4605 2671 3691 1641 1061 4450 3435 4308 4996 1270 1069 4996 2741 4986 1793 2045 2879 4196 4926 2483 4540 3214 2892 1108 1541
2833 1536 4629 1874 3109 3723 4119 902 4581 613 349 4482 785 4642 2866 2496 3644 4432 3123 4857 2085 3692 3568 3270 4139 2083 1006 4643 3503 864 3111 662 3378 4299 4895 4167 211 3601 1003 1761 3242 4112 1910 2444 4689 2761 4846 4158 945 3778 150 3429 808 1113 3533 2378 24 2946 3995 1989 2889 3278 4869 1629 4819 908 1383 1272 261 2776 2213 1612 1127 381 1055 4751 3710 3002 1310 391 2425 2848 541 1618 3696 1717 4757 1566 1254 3646 2858 2987 2197 4066 514 3557 1061 1799 3372 589 2197 1076 2918 4530 4353 3761 1394 932 3419 633 1512 840 171 4600 565 3756 196 2857 757 1962 3188 4073 3872 1272 2215 557 2252 4068 4484 2361 3295 2975 3065 4587 2818 3653 1684 2248 1626 2507 3182 783 2588 765 2547 946 897 4440 2240 4637 4289 1650 2675 4604 316 2242 1642 1609 1654 1847
3085 1515 1874 463 4557 4823 1692 4691 3536 4684 596 2575 3448 4092 957 3419 4531 2413 112 2406 1129 4231 3904 1068 4723 1777 195 3752 2934 701 4142 3932 3682 960 2936 3801 4538 4310 1483 4425 2955 3564 3672 2468 1126 4823 1302 653 2926 3723 1983 4842 2514 2576 1869 185 3195 941 4702 2382 2374 1577 1009 4389 492 3155 2306 540 4263 3126 4433 1814 2759 3906 2591 2475 4427 3851 1289 4788 4474 3584 4673 4674 2410 4268 4537 624 189 1311 1903 4479 4555 524 2082 1773 4110 4144 4362 3216 3192 3114 2819 2688 2232 3414 3503 1698 3011 4304 3980 160 1367 2482 3837 1150 1449 743 182 327 2246 3045 1524 2281 657 1076 3388 1457 1149 2630 3295 1804 924 666 3478 517 1836 635 3015 843 680 297 367 199 1063 1503 558 4449 1159 236 1630 4274 123 3608 4183 2019 505 3718 1816 2171
405 4586 3109 4557 345 2906 4045 3416 557 914 3088 1234 2702 4207 4531 1055 3031 1262 1379 1468 4202 866 1117 3316 1981 1264 2421 4381 4511 1055 1974 4365 671 4134 302 2121 2807 2256 3868 1900 4729 278 2243 499 2451 1471 1323 833 3578 3285 4046 1569 2936 1248 3329 3808 1514 2466 2310 2902 4656 1983 3513 469 712 1297 274 1511 704 2831 3203 450 3659 4573 911 3000 3464 3475 876 3409 4486 3064 1052 4008 3803 1701 2728 2452 2949 1480 4277 2497 3266 1385 2138 3161 4813 2302 109 2364 1177 339 2328 2631 2884 254 2855 1693 2653 305 168 1117 3468 4149 1677 1541 268 2584 4960 1922 3296 4371 3675 1509 1650 3463 2294 1248 1737 2929 2145 765 3295 4491 1999 2376 2917 1334 1627 2694 2258 1543 2397 2645 2567 214 2573 599 1907 2544 400 1052 2246 1607 690 1741 2504 2298 3580 4685
2713 2044 3723 4823 2906 4216 2429 3196 4853 40 3866 4708 2597 1465 328 1446 126 2669 395 289 2708 4934 1734 1172 236 818 2684 1723 10 4254 274 1081 4467 930 2380 4822 2453 4025 2962 2892 63 1979 4882 4508 2356 4599 922 1735 795 4091 3114 929 1481 1521 1719 1534 3527 1680 1658 1097 1924 4091 931 2123 1630 4413 1831 280 1513 1765 2139 3245 4890 3250 4709 2625 1442 2066 845 1296 4309 3966 285 520 4243 570 3172 4824 1595 2499 2436 1018 705 3254 4785 4763 2446 3410 2445 2031 4564 3708 2657 2273 505 4236 1726 109 4519 3807 4360 1742 1778 1636 4535 4142 87 513 2062 2127 3980 4941 2319 2415 3614 2684 4022 86 4349 1482 2510 4323 516 3140 2632 3527 3144 2680 292 1917 228 2245 3751 2368 2257 3406 2653 4503 755 1593 3917 3097 2418 2862 4254 4264 2024 4253 373 4874
869 592 4119 1692 4045 2429 1513 961 814 2099 3120 1677 2956 4127 4894 2418 348 378 4757 1815 1956 3807 550 4206 2852 3610 1603 3333 923 2983 788 2273 3446 3286 4819 1404 1177 1770 4201 1687 4705 3077 1694 1312 3579 1156 631 924 2416 1566 3115 1143 957 2497 3315 4238 4834 1972 3335 569 4456 3629 2067 3614 145 2818 2339 3759 2002 2604 148 4928 4660 621 678 898 382 4629 3312 2310 1524 2056 148 2617 3375 3884 934 4485 1548 778 4918 828 2614 125 1317 2840 3176 1188 3730 999 590 1567 1935 450 1803 3067 4103 1044 2682 3885 3116 3351 4002 4514 4731 691 4512 4769 2415 925 4051 4944 3466 3361 3191 934 4771 4260 1427 78 1045 2033 3616 4068 1521 4068 889 2063 1894 2220 3897 862 1982 2175 4799 2855 4546 1944 2055 898 2273 698 3972 1290 4524 3217 4259 532 1242 942
4204 4477 902 4691 3416 3196 961 1791 2320 4999 61 2525 4630 2148 2325 2714 419 3979 1152 1482 710 4940 761 1758 819 3132 3209 4425 2864 1574 3416 2582 3377 818 226 1327 3219 4108 4960 1843 1465 1347 2195 2664 4290 1563 3082 4217 902 1235 816 3283 3917 4196 3550 2517 4877 1141 3505 1099 1948 2285 3936 1245 1811 1358 1403 1777 4180 1718 2813 3895 2100 269 728 4092 4965 1287 3534 1667 1920 874 2779 886 1140 1328 4529 2104 4738 1578 3664 1675 2012 4286 4695 2006 266 862 3533 3046 4655 3226 4953 4412 786 2895 1905 1894 1903 761 2436 3000 1846 754 1055 2427 1673 2700 3718 851 1277 1021 4536 4552 1512 1311 31 3147 2977 2541 485 216 3390 1221 4104 1401 4362 4424 2740 4391 1160 468 1013 2594 4656 1627 2941 461 436 1433 2483 4164 2709 2760 3394 2290 1520 724 3226 1368
2869 1204 4581 3536 557 4853 814 2320 3635 698 3496 4938 2315 2133 4547 2582 4529 1651 2580 2651 3733 1103 1035 710 857 3876 3715 2345 4399 1403 4282 2623 1938 2112 1131 549 413 4266 4907 2254 1649 33 756 3686 391 4734 1917 802 918 2699 3213 2661 377 337 2587 1919 3400 1576 1510 4994 1416 2597 2949 518 571 142 767 2107 2089 3963 1872 4002 3939 275 2660 896 968 1824 3703 261 1282 2722 2417 4429 1909 651 4345 4119 4972 2663 1958 2362 150 54 2358 2627 2054 4029 361 2381 1793 3413 4621 2201 4467 2073 1753 3936 4561 1839 1255 377 3675 4451 3151 96 2867 1584 2614 2561 2473 549 331 4373 608 3556 4346 2021 1671 137 2736 4712 4926 416 3217 2699 2465 152 2793 1571 2415 660 1834 1478 127 4687 3724 1190 915 1947 1468 4068 2834 1919 1508 4886 3717 902 3445 4216
283 4108 613 4684 914 40 2099 4999 698 3643 716 3203 512 2477 2268 2301 525 1382 2872 1567 2516 4620 1414 2235 699 4692 363 1040 287 2014 154 4406 11 4548 1795 3164 2849 1300 2248 280 4387 4050 375 3366 1955 1072 2219 3948 2986 1817 3173 3855 4890 3116 2881 3862 1273 4322 4720 2869 3673 2324 2951 1797 2045 1984 4110 1299 112 2176 3975 4052 793 3460 682 739 3399 3738 3842 1877 617 527 3103 1172 4623 3942 1655 1308 979 3417 922 3759 3084 3457 2990 4890 1730 4324 572 4026 4116 1466 1325 1900 1578 72 4744 627 1437 1927 3239 3538 204 4724 2596 3260 1410 4920 2649 4365 2740 3892 2193 2934 196 2902 1049 1914 274 336 4442 309 3360 3243 3381 3598 3319 4090 3922 2370 73 3159 401 3500 71 4506 652 4055 2621 2550 3791 668 2940 3744 622 1179 885 4723 1421 2342
3250 4688 349 596 3088 3866 3120 61 3496 716 1322 152 674 3310 2471 3928 3669 761 1758 2358 4480 739 1302 3383 2499 3069 1245 2320 2570 1734 4812 3225 3571 4075 2251 1912 118 4833 4793 4866 311 4352 2587 4553 2158 4933 1671 221 3459 798 663 2836 4930 185 2970 4554 3782 1037 2643 3130 3499 1692 3789 644 779 4243 3831 2439 4615 3536 3136 2478 422 2522 3852 3860 955 4903 4723 1970 1184 1238 2570 733 2683 3365 3728 4104 4312 162 328 2861 3659 3682 2504 3112 2892 2348 3609 4135 4198 2455 4691 3030 3843 725 70 1595 2150 3529 3931 4516 1392 373 755 4624 4457 588 60 4978 3259 941 446 4430 4601 2417 1775 67 3866 74 1143 3819 905 1164 1446 4014 1319 3950 1298 3382 3698 191 3791 3695 816 1057 3271 387 3322 2484 3008 1902 3385 2822 4131 4122 3689 3208 3640 4038
1858 4526 4482 2575 1234 4708 1677 2525 4938 3203 152 3039 4548 4670 4715 1407 3591 2485 2931 317 4998 2267 1897 650 4516 2265 4556 2133 392 4081 1123 4332 1189 4119 814 765 1681 1824 3746 2092 4139 99 4556 1882 4068 3062 4887 3635 1916 3828 4710 1908 2386 2173 584 1568 1828 420 4692 3044 2784 4567 3544 3265 29 3976 529 3450 3298 4866 888 609 606 3400 1260 3615 3410 3078 4093 1862 696 468 12 3652 4768 2076 3966 1705 2247 2909 2868 3678 2337 140 542 4689 798 4553 4821 702 4492 3984 3705 4974 1116 4734 4533 1947 3690 2109 2272 4566 1633 3196 1747 2858 3769 3811 1566 151 4597 4323 2056 4545 3861 3772 415 1441 3284 4214 1494 1823 3694 2392 2330 2643 849 3188 441 4359 3285 368 4600 1952 4654 4214 4588 2531 4727 12 3099 4198 1547 90 1765 4486 905 3505 3275 4892
1923 1740 785 3448 2702 2597 2956 4630 2315 512 674 4548 1245 3482 2932 545 2085 1488 624 2738 1735 793 225 871 651 3934 62 630 3764 3808 507 184 1579 3011 519 2593 4167 2248 2200 1171 1089 3006 4931 79 2887 787 2440 539 3595 1989 2551 4266 3908 4126 3754 623 1191 2384 2162 879 4136 1777 972 2422 4504 2405 731 4989 4272 3469 54 1205 2710 1710 530 1629 3467 917 54 1260 4058 1213 4264 2480 4275 1757 1914 2794 4790 4022 1050 3973 569 2341 1152 1803 2756 1882 4866 1787 4504 4551 424 3794 1430 4732 983 2120 3751 4690 114 4978 632 4424 2334 3027 3292 4831 3893 879 4175 4400 4681 875 510 2416 678 2288 3843 2765 4994 3594 4736 1935 2063 3615 3915 1096 2911 890 1717 3925 3251 1710 382 1589 2723 4758 1808 3693 4444 2263 4579 3480 765 2166 669 3760 2620 4428
4318 1186 4642 4092 4207 1465 4127 2148 2133 2477 3310 4670 3482 2334 1164 1268 3907 2706 1474 564 4458 4103 1914 1375 3182 3819 3149 4115 1495 480 309 3117 1686 1032 1304 3523 698 98 2552 1757 832 733 693 1679 548 1862 1645 1722 4486 314 3552 4599 2504 3315 840 2963 2695 2763 148 3449 1804 1246 2506 2549 1027 2371 3338 4262 3645 1188 261 1984 4481 2115 2747 2110 2738 2601 2191 4856 2248 3862 327 2273 3743 3272 340 3125 4059 3788 3500 4284 1664 4516 511 617 3275 3913 3808 2843 3491 1838 79 2726 3398 603 3851 4476 772 329 1712 4352 1325 2856 4382 1680 3243 1816 4338 1009 3298 4171 3225 3118 1363 1265 2947 2555 4306 1320 2777 4599 4496 2269 3568 1661 2802 2684 2923 1771 1301 2841 1813 1008 3531 2568 3915 4176 3755 3454 50 3881 2968 804 4311 2915 2216 2062 2606 2058
2085 4817 2866 957 4531 328 4894 2325 4547 2268 2471 4715 2932 1164 1223 3977 3923 3293 1172 3548 799 3302 2563 3003 4280 472 1663 2927 3078 4215 662 1564 729 1722 49 4233 1075 4161 4826 4072 1750 121 1357 3727 1582 3063 3346 4234 2918 1194 740 466 3012 758 3780 1817 832 2095 2422 207 4303 3138 3430 4527 841 1491 2379 411 4997 1759 2019 3688 146 2066 1231 2913 4609 1991 1049 2581 3554 602 382 3805 3841 3417 3964 4361 4779 3963 2558 2021 3846 1477 1322 210 4400 2908 52 2236 4907 1953 1239 1020 237 1325 4474 996 4590 4692 3198 1553 4079 1618 1881 4764 1187 4145 4398 3153 3506 3365 1471 1466 1749 692 4153 3971 3626 4018 4051 3765 910 1152 4057 195 171 4265 2000 4321 2489 2859 2041 1941 1256 3259 352 4631 361 4976 1971 695 3119 4471 933 422 952 893 1859 3958
4141 4618 2496 3419 1055 1446 2418 2714 2582 2301 3928 1407 545 1268 3977 2790 713 4925 4545 3292 4488 2533 2321 1471 4046 4775 518 510 2672 1921 2923 4016 4404 2498 4975 721 1397 1608 3629 2194 3030 3628 1814 4267 3730 1878 2196 1758 1513 1435 324 3429 3261 4611 1576 51 3774 1342 1965 367 104 3426 4709 4359 2062 4595 1299 24 3936 1246 1869 921 2017 4792 4126 4839 4454 1011 3790 3266 3518 1112 3962 2917 3769 1375 928 4218 3068 3304 3717 3565 912 2169 614 3974 1697 4539 2634 2372 102 2500 3969 3005 2921 1689 1714 1031 734 4707 1618 2332 4387 951 1382 2766 2942 3833 1786 3437 4604 211 4824 1992 1732 2512 4285 3680 739 3941 3961 493 1463 2704 3605 294 3112 3921 3956 4183 3636 1071 3801 1059 2152 967 2298 3653 404 3955 2347 329 917 1819 2638 4638 505 1414 799 3834
2068 2555 3644 4531 3031 126 348 419 4529 525 3669 3591 2085 3907 3923 713 104 940 2266 340 47 2396 3863 2902 2155 2399 3183 143 3482 4521 929 376 1155 3411 1071 3543 3959 3101 2873 2437 374 4394 2484 4183 2384 1220 400 4833 2924 4071 1341 2567 1196 4842 1094 1907 1786 589 547 3406 540 113 4988 2660 789 4543 3949 3727 1969 551 1947 4825 3777 3709 337 2772 2744 1423 4162 3049 1333 2798 4550 1945 4358 93 2862 182 1961 710 1267 1781 1767 4757 4864 3703 994 3739 3603 194 3767 872 4970 2937 3917 1467 1606 3155 1641 4024 4031 3655 3724 2918 3173 218 1972 898 4147 2797 4895 842 3480 1703 2988 1080 3216 1091 3893 305 3810 4767 1244 1874 639 3676 1775 1320 3449 922 219 1860 3258 2776 2878 1389 847 919 1755 2489 833 1564 3649 2083 434 3191 1177 4345 512 4113
2041 2690 4432 2413 1262 2669 378 3979 1651 1382 761 2485 1488 2706 3293 4925 940 689 1428 756 1768 602 1629 4126 2896 4089 4481 1371 4651 3654 1037 1139 1539 677 3996 4315 2921 4984 1983 4025 660 2609 1457 3564 3738 580 3255 3331 1572 4475 255 4378 93 4958 3801 39 4743 1694 3247 2387 1795 3035 2009 1377 3926 3075 3498 1287 479 2542 4839 3578 4959 783 1862 3392 4940 1546 2022 4379 3498 2442 4884 3736 105 63 520 1720 3703 234 3674 3931 3826 4739 1535 768 195 1455 2767 4800 3592 519 906 3095 4517 4998 1648 815 1921 536 1420 2734 1363 4455 1454 2899 1950 2384 731 436 168 528 2128 3263 972 4287 3882 2847 569 4247 2779 1510 4858 3620 3513 2964 3976 485 4209 1452 1822 4244 425 4687 87 463 3086 4818 31 3262 3948 766 426 2259 2428 4182 2867 3121 2937 716
3371 1197 3123 112 1379 395 4757 1152 2580 2872 1758 2931 624 1474 1172 4545 2266 1428 3575 1181 1142 2739 506 4668 4320 4206 928 2251 2742 2620 4636 4334 3385 382 565 2639 3339 2332 1136 4698 1759 2809 1013 2050 4552 2047 2896 2781 643 4719 2316 2540 2994 292 1421 2860 4882 1789 2754 1394 4984 60 4755 1160 2189 1684 1495 4677 3250 1811 654 2801 364 4000 3955 1492 2414 598 1365 2390 287 3706 820 514 665 1486 2801 2407 172 1113 1679 2253 4618 1152 3392 3612 3620 892 4043 1835 3888 423 1789 1592 4888 4072 4170 4851 207 2821 610 223 301 397 3519 2588 632 4058 4532 1505 3212 2065 4188 4310 2652 35 4558 943 2502 2482 1236 4902 1484 571 2368 3781 4766 158 4445 1664 1782 881 753 4147 3310 416 1711 3849 143 4131 238 784 2748 3879 2238 392 4865 988 1966 3055
2352 3052 4857 2406 1468 289 1815 1482 2651 1567 2358 317 2738 564 3548 3292 340 756 1181 3802 52 4071 4077 3113 4962 3981 2828 3660 1880 2875 1087 4420 1875 563 2489 3773 1397 3619 1806 956 1647 4415 2400 746 1599 3730 4586 3095 3318 4867 2174 292 847 3851 2075 2153 20 3794 1206 3473 2056 3304 4077 265 2298 213 2164 4459 2769 2857 457 2298 3160 2870 2413 2613 2646 1595 4620 1946 3239 1609 3439 427 3156 4796 4834 677 1848 923 531 3249 2509 806 1914 1428 3180 4072 3126 3771 486 1982 4255 1214 3450 797 1557 1041 2392 1532 1842 801 314 3815 3481 1326 4019 3989 2399 4454 1845 4322 3102 2944 1958 4304 1023 21 3878 822 766 4866 423 4826 152 4927 3935 1758 752 144 63 2136 4662 285 3906 4362 3507 3855 410 2589 3883 3258 2589 3831 2171 3650 3597 4332 2552 2760
4720 3977 2085 1129 4202 2708 1956 710 3733 2516 4480 4998 1735 4458 799 4488 47 1768 1142 52 4940 1285 4843 2752 525 3185 2228 3808 1761 2107 3772 1594 1639 4748 1955 1881 879 3911 112 443 4872 3964 4136 4658 2119 3854 2708 2674 4470 3349 1650 794 2166 755 4554 1064 1390 1805 1816 4850 1622 1594 1236 4409 1712 2200 1477 2508 2790 3266 1313 3568 1518 2812 3490 48 2565 1982 2167 2773 2599 2310 1331 4844 659 761 1461 2163 1616 641 2144 4436 3068 929 171 2080 4419 1887 2881 1333 1689 4044 2337 4076 3740 1392 1236 4525 4275 4073 3653 2700 3421 915 4666 3120 2576 4951 3945 424 579 3747 4347 2719 2877 969 3377 731 2337 3574 2639 2863 3347 1247 2228 1202 254 319 1675 960 377 487 1395 2189 2894 497 4586 350 920 363 2729 1423 2963 700 2271 316 785 216 1472 2407
2081 4296 3692 4231 866 4934 3807 4940 1103 4620 739 2267 793 4103 3302 2533 2396 602 2739 4071 1285 190 3642 1655 374 830 1287 2924 3186 3098 741 3851 608 3677 3014 3064 1947 3094 1367 274 1820 3745 4323 4948 4899 2241 2389 1351 2851 4050 538 3123 802 182 780 860 3028 1621 2565 3606 2671 4843 3145 4508 2428 1974 246 2219 3698 1980 242 2533 2277 3016 2011 1100 3084 4713 419 3506 3379 71 580 2601 82 3140 2622 325 385 4735 3066 1007 3100 3928 437 3727 4459 2786 2427 4219 4525 4684 2900 2325 1102 4384 2243 3137 229 2840 1277 3552 877 3993 2574 1017 808 3770 2578 2858 1626 1340 4093 3956 3471 3572 847 1564 3637 811 4640 1981 2796 1160 2088 2947 4469 2422 3179 2016 3890 2163 318 2543 3339 1612 2546 4913 217 3592 4421 2152 4405 3777 4136 3442 1735 2649 4338 243
2117 4494 3568 3904 1117 1734 550 761 1035 1414 1302 1897 225 1914 2563 2321 3863 1629 506 4077 4843 3642 4589 1611 3462 446 4533 69 4082 3887 1924 2508 731 4685 1988 2532 446 3196 4958 3213 3304 3259 2455 243 330 3568 4893 761 1672 3591 3242 1293 4421 2077 4735 1627 1301 2385 466 1534 3053 2865 2112 1136 1983 3750 3812 1777 3823 4704 4084 896 4980 3280 2756 1101 4742 3119 3004 2544 1237 3118 194 2399 3521 3877 4152 1403 3320 3423 2733 3779 1704 2522 615 2409 470 3628 4058 3963 461 1970 885 4132 1492 3783 511 868 1247 2133 2341 3425 3906 2511 1319 697 3673 4795 156 598 1150 1326 1792 2959 1856 64 706 1817 925 4609 4916 4910 2282 716 1078 3616 976 3220 4286 1327 2111 876 3962 1345 2756 4693 4017 788 374 188 534 4032 1638 4199 2776 344 3109 705 494 924
4538 4584 3270 1068 3316 1172 4206 1758 710 2235 3383 650 871 1375 3003 1471 2902 4126 4668 3113 2752 1655 1611 427 2627 1242 4513 4079 2835 2324 371 2384 574 523 1426 4401 483 4404 4141 891 986 925 124 3197 1454 2716 3655 1981 721 2605 1458 3898 1167 1643 3025 237 4900 3552 2391 4962 970 3083 472 4897 4987 3246 374 3879 4138 66 1478 3982 4052 455 2069 4141 4953 4653 1737 1038 2908 1239 4784 873 3664 142 3664 1615 1721 3921 4488 4001 541 4352 3188 1214 4423 2513 673 2649 2499 4089 4278 2205 3748 1623 1887 139 3859 2438 3601 4175 784 3205 3345 321 2213 3976 4985 3342 3436 277 3016 2187 843 3319 4793 1605 1298 496 4741 1845 1364 879 3078 3754 786 2467 4791 3631 156 2461 3502 4748 1013 3333 3720 3629 4148 1488 2600 1486 121 327 4728 387 1437 1364 1901 2354
446 206 4139 4723 1981 236 2852 819 857 699 2499 4516 651 3182 4280 4046 2155 2896 4320 4962 525 374 3462 2627 2449 2261 2852 441 1350 2438 4119 4375 946 2991 2263 4887 4186 1379 326 61 4189 4420 4100 3346 2228 548 1752 1407 1600 4635 673 2855 1639 2937 992 3432 2622 2139 4454 4086 2889 2775 3507 936 1378 752 2329 2375 2732 256 4783 220 4831 3469 4428 2734 4589 4649 4424 968 3932 3466 3996 3792 3706 4545 3468 3124 279 1791 2902 1922 3832 4989 3213 3543 3831 4160 2866 3461 510 2003 1912 1502 2808 869 3502 2901 3496 2115 332 4640 4183 949 1282 99 1427 1139 1129 378 3973 4334 527 2166 4357 3490 3327 3714 736 1072 4357 2264 1800 2640 894 1204 863 3964 4128 2017 2027 2320 1397 4105 3745 4909 4975 4123 453 1680 731 3275 2152 2191 4398 4105 2058 2211 4373 3319
4187 19 2083 1777 1264 818 3610 3132 3876 4692 3069 2265 3934 3819 472 4775 2399 4089 4206 3981 3185 830 446 1242 2261 4415 21 1863 1466 184 3313 4459 1223 1792 924 570 3744 4886 1807 1801 2808 495 3712 976 2095 3839 3124 848 3488 2610 2351 4302 701 2706 4127 2915 1206 1739 2239 4201 4541 4481 1357 3305 3176 2738 2319 3047 3922 2096 363 1285 2996 4263 2617 1322 2925 1228 2417 1938 2485 1101 3662 1303 1024 3868 391 1433 3513 722 2223 1750 2632 4950 581 3744 4602 2761 4765 2903 2249 1612 299 1196 418 933 4568 1704 3682 2901 1230 28 4166 2747 640 2725 4043 4947 591 1411 1421 1670 2340 1416 3235 558 3111 3957 4326 159 1373 560 4140 949 4236 572 3511 1207 4542 2448 1577 4009 3940 2290 3691 2548 3906 1002 874 4532 2417 571 3271 252 3787 549 1895 4362 4404 2353
4843 591 1006 195 2421 2684 1603 3209 3715 363 1245 4556 62 3149 1663 518 3183 4481 928 2828 2228 1287 4533 4513 2852 21 3615 2293 862 4841 1840 3684 1827 4044 4221 1709 4761 2973 3167 1500 24 728 2049 2685 605 1716 466 4930 2581 3512 3963 2310 1058 2915 476 3622 831 556 822 2644 4323 2227 2234 3555 208 170 4178 839 4193 1348 3931 847 2029 2879 4789 3675 1594 4042 3071 3860 3298 474 215 2082 3329 3363 3023 998 3688 1056 4453 3471 2699 2424 695 1560 2519 196 2516 881 4614 109 1166 522 459 1654 863 1508 3524 4700 4843 2754 798 4199 1913 4497 500 778 3774 966 1567 2093 4734 436 1791 4979 2712 3616 717 4457 1454 4787 3598 3833 1810 4397 4802 4316 1145 2937 4596 4452 2783 4822 2764 509 1056 1063 1312 2480 4731 3400 4416 612 4871 3421 1886 3828 3174 1412
4412 1755 4643 3752 4381 1723 3333 4425 2345 1040 2320 2133 630 4115 2927 510 143 1371 2251 3660 3808 2924 69 4079 441 1863 2293 1772 1431 4326 2582 3740 3854 151 4422 3217 3693 4921 4418 250 3453 1496 3818 2072 1477 2979 3129 1058 884 4077 4017 832 2935 3957 1285 2053 4714 3160 4384 229 37 1010 4794 3695 4491 4270 4953 1504 3920 2821 2059 3989 1240 1621 4708 1127 3070 3417 3904 1199 3916 3937 4081 3199 2981 1642 4292 2493 3086 482 1212 1389 3824 4839 2483 4473 300 191 1399 2406 207 475 4384 2792 3922 350 692 841 1641 3810 1002 794 1626 119 3021 860 2810 2194 2389 1499 1566 4125 2085 2889 3944 1041 1859 2408 3065 69 1529 1271 3992 465 2820 3924 4475 3493 3609 4579 2125 4106 4932 165 4216 432 2234 2496 4570 1170 1332 1051 4009 3504 4108 2549 3076 3124 1875 4000
3410 1306 3503 2934 4511 10 923 2864 4399 287 2570 392 3764 1495 3078 2672 3482 4651 2742 1880 1761 3186 4082 2835 1350 1466 862 1431 4830 3804 733 1210 2951 4326 1218 4930 3679 4337 646 2144 2417 3004 2370 676 3045 2950 2723 2087 4973 2780 3705 3512 1530 2540 4830 3237 2925 4642 547 1957 4006 362 260 1738 429 835 183 1092 560 2250 1491 3258 1807 790 801 2085 1442 4036 1273 3769 3235 3589 976 4634 1560 4627 4507 4192 1731 4050 4010 637 3575 3880 4573 546 4649 3636 133 2625 1623 1415 437 2281 1146 4631 3093 1265 206 3598 4165 2664 4373 499 3286 3427 674 3249 2936 1371 4518 1768 2766 4662 1263 2456 529 2606 505 3634 4806 2966 4216 4033 4041 3645 558 579 1638 2787 4826 2249 932 1828 3330 4815 2067 991 3539 1227 2128 2275 1581 544 4589 1675 3382 246 904 401
1338 3661 864 701 1055 4254 2983 1574 1403 2014 1734 4081 3808 480 4215 1921 4521 3654 2620 2875 2107 3098 3887 2324 2438 184 4841 4326 3804 338 4145 1210 1880 3774 4197 3921 3971 2302 389 4425 4347 1845 3636 4032 1539 675 4226 2052 4620 2049 976 720 3385 4339 911 1137 1322 4295 3968 3981 3541 3517 3341 2189 1146 1143 3423 3153 3015 943 2296 1929 2681 2136 350 312 454 4136 76 1706 1474 3003 4097 2901 2859 545 3527 891 1023 4516 2576 4501 1208 3561 3690 4525 4623 3728 2818 339 225 3312 2683 4975 3520 2099 3036 1598 1690 4564 3109 4713 4068 1658 35 4215 2432 2835 4536 2767 3079 4595 2764 1218 3687 4793 3888 136 1816 3641 3498 1705 4856 4501 2226 1514 1625 2054 4747 96 1554 3847 2180 3847 1357 148 595 1774 751 1546 4505 4038 3575 2016 593 4141 93 518 4196 386
731 3651 3111 4142 1974 274 788 3416 4282 154 4812 1123 507 309 662 2923 929 1037 4636 1087 3772 741 1924 371 4119 3313 1840 2582 733 4145 2685 1194 4803 2811 4421 4962 116 3629 462 4571 69 3402 3598 3348 4697 1929 53 4492 252 3271 3158 3464 1536 1315 4774 4367 1665 4611 1207 3294 4494 2421 3945 1703 1767 4597 1313 38 4722 613 2630 3510 1518 4790 4489 4330 1267 3414 1891 4507 2654 14 1508 3988 2780 1091 2355 3224 22 2354 1108 1941 2673 3697 3131 3941 3845 1051 2649 956 4737 1528 4632 2096 851 4090 3500 1956 4918 1337 445 197 2182 1993 248 698 699 3541 3866 859 2552 3336 4821 1694 2290 4249 289 697 2202 448 3385 83 1737 3261 4577 80 763 1275 900 2293 4048 1216 1554 182 1441 791 318 2148 1951 3511 1523 2488 2919 1120 744 830 1836 4052 1218 4195
2129 4941 662 3932 4365 1081 2273 2582 2623 4406 3225 4332 184 3117 1564 4016 376 1139 4334 4420 1594 3851 2508 2384 4375 4459 3684 3740 1210 1210 1194 4999 3652 3422 4998 1872 1986 1535 2853 2977 4701 3538 3610 77 1483 1989 1223 853 1265 4583 3874 2515 2145 1365 807 3825 1513 2661 1313 468 888 1697 2697 3022 846 432 1968 4587 4118 4016 918 453 1175 1669 4946 2521 4044 4784 2761 4345 4108 245 1060 4596 750 1901 1220 173 4329 976 4505 3442 3845 4786 2131 3326 1618 956 3048 1734 3451 1207 2069 2099 2093 3462 2629 382 747 3638 4172 3545 1613 3598 21 2278 4094 1276 4720 1360 466 2447 3972 3363 3636 3245 1125 3839 2571 4895 753 2056 1498 3609 3486 4311 1965 2561 867 4225 1245 1058 4145 1569 2027 1366 2021 523 4059 4078 4378 4900 381 4364 4145 3303 1948 3771 4829 3203
2701 2494 3378 3682 671 4467 3446 3377 1938 11 3571 1189 1579 1686 729 4404 1155 1539 3385 1875 1639 608 731 574 946 1223 1827 3854 2951 1880 4803 3652 410 2373 1877 4356 1359 117 1407 3826 4728 3129 3603 1619 1725 2947 676 206 612 4798 2263 735 1349 3817 1428 168 4211 1207 3105 59 1938 4834 4853 3884 1094 2774 1389 1780 1634 3008 2537 3335 3560 1133 1015 2001 1296 4036 786 4483 4720 1968 181 2867 2324 1632 3086 4380 1837 1545 3803 4183 1227 2839 1011 3719 3080 762 4839 3406 2449 3552 2656 203 3189 940 2072 1952 3822 1896 3541 2290 4288 1716 4603 839 325 1874 4949 2320 709 342 2151 1537 637 2577 1783 171 4936 1205 1721 1124 3893 1448 1172 920 2653 4736 3535 2820 3137 869 4662 3141 801 3047 3282 2779 4825 3218 4784 4977 3972 822 4367 2781 1658 4297 1563 57
1461 2508 4299 960 4134 930 3286 818 2112 4548 4075 4119 3011 1032 1722 2498 3411 677 382 563 4748 3677 4685 523 2991 1792 4044 151 4326 3774 2811 3422 2373 1114 2216 3420 2486 4297 4339 486 3608 1694 2414 3283 3340 3002 2325 3643 4892 1430 1661 2480 1771 864 1206 1566 1288 580 1841 1585 2734 1324 1452 4106 4703 2311 2053 4350 1875 421 4386 1560 1549 187 3751 3702 2961 2997 3257 4282 1304 4147 1667 4714 177 219 2027 1296 982 1417 3085 1959 2627 2857 3720 1663 3886 1966 4259 4242 3224 993 4710 3729 1770 3020 2707 3771 1809 4040 4180 102 3109 878 3268 2708 349 1593 3899 1484 3464 4252 2575 4310 97 4868 2536 4306 941 2171 4246 4243 2396 321 76 1942 2306 627 2761 4765 658 4422 2725 892 3264 190 4969 4909 777 847 4340 1123 4396 734 3916 1562 1099 230 2380 1095
1521 1240 4895 2936 302 2380 4819 226 1131 1795 2251 814 519 1304 49 4975 1071 3996 565 2489 1955 3014 1988 1426 2263 924 4221 4422 1218 4197 4421 4998 1877 2216 3364 203 1710 561 425 257 632 3240 922 1950 2870 1978 4845 1405 2935 3024 2595 3423 3560 4840 3149 4289 1180 921 1173 2169 2874 2837 3657 3527 646 1282 2782 1286 2818 4840 772 4745 4504 2010 1388 4103 734 1157 2062 355 1917 1894 2900 1947 475 4591 2733 1649 1617 531 4434 2946 2410 3189 2747 1583 961 1012 858 4126 663 4982 4861 2633 1240 3516 392 2431 517 1160 2133 4899 250 4709 1697 1518 4214 841 3378 865 459 3503 2178 475 1341 2497 2037 984 3880 1807 3942 3501 1730 758 2757 2823 4113 2715 2394 4661 63 3795 3598 518 2755 2829 3929 3257 1881 686 311 4724 1620 3695 2435 3417 4007 665 3790 3610
2621 1082 4167 3801 2121 4822 1404 1327 549 3164 1912 765 2593 3523 4233 721 3543 4315 2639 3773 1881 3064 2532 4401 4887 570 1709 3217 4930 3921 4962 1872 4356 3420 203 1156 1587 2939 163 4324 2920 893 4206 4962 148 3052 3529 1836 2398 4922 1986 1363 1075 1915 4710 3864 2375 4303 2097 3984 3678 694 1345 4719 3909 951 3286 2625 2663 639 591 814 68 1314 2348 924 3314 3516 4562 2046 209 2988 830 4036 1105 2809 1039 1281 1013 3031 2197 4445 2960 1688 4621 1664 1340 12 3121 2631 3785 4088 2174 4088 2682 4812 4341 1002 426 2451 1028 3889 4967 237 507 4107 4726 2141 3851 202 1994 1067 4080 4659 3972 4656 2464 1633 2891 4107 2010 1481 2941 1943 4938 3914 184 3806 295 154 1921 2613 64 3367 2414 1641 1122 2666 3647 3467 1310 255 342 1285 2121 2067 2404 3565 4146 213
2684 695 211 4538 2807 2453 1177 3219 413 2849 118 1681 4167 698 1075 1397 3959 2921 3339 1397 879 1947 446 483 4186 3744 4761 3693 3679 3971 116 1986 1359 2486 1710 1587 3177 3741 3555 4836 1480 2288 2358 3707 4016 4529 4823 2230 4366 4114 2094 1553 45 3988 3834 1961 2743 1706 2438 3694 4503 4506 4368 497 2449 917 4101 1561 1743 3480 259 4140 3726 1938 1582 2392 2763 4152 777 621 3833 2145 2149 2349 3360 409 2670 3639 530 1097 4569 2427 1357 4366 1030 4155 213 1620 3427 342 3274 3332 4692 3874 3252 2280 1188 2658 4651 3965 2417 667 1965 783 3517 2610 1897 2775 340 535 3252 2953 4930 3765 4497 2800 1946 3013 147 3712 787 3342 2098 613 222 4465 2099 3071 778 2349 3306 3014 3121 2958 393 1585 19 833 1820 1890 3091 521 2439 4418 4941 362 4883 2679 3669 2170
1797 4298 3601 4310 2256 4025 1770 4108 4266 1300 4833 1824 2248 98 4161 1608 3101 4984 2332 3619 3911 3094 3196 4404 1379 4886 2973 4921 4337 2302 3629 1535 117 4297 561 2939 3741 1021 2497 1448 197 2484 4257 1989 3497 1739 4669 3696 738 4438 4793 4797 4798 3622 2904 802 4870 545 2324 3333 3577 4308 723 2312 1176 4423 247 4031 210 2832 4528 3025 2975 1282 1808 3227 1966 392 2917 4978 1210 2855 1747 384 413 3573 685 1226 1528 3992 2600 1179 3091 187 3553 3494 1220 2912 1308 3574 3075 671 2170 3860 390 1388 3965 2897 1338 4690 291 1219 894 2407 143 4815 99 1745 4829 4358 196 1748 4718 2457 1260 4059 2647 3723 1418 292 4720 1414 4059 2931 3925 1131 4902 4037 1311 2216 4185 2966 2137 1929 2284 3604 4324 3038 3986 4598 653 3496 2516 116 2569 1275 1469 1846 4621 191
4492 1018 1003 1483 3868 2962 4201 4960 4907 2248 4793 3746 2200 2552 4826 3629 2873 1983 1136 1806 112 1367 4958 4141 326 1807 3167 4418 646 389 462 2853 1407 4339 425 163 3555 2497 612 4690 3392 4759 437 98 4712 4457 2641 1214 222 628 636 2202 4552 2024 3059 4517 3929 3788 783 2604 2149 1203 3299 4954 1161 4058 1419 1720 2521 415 713 1133 3538 2676 4132 198 3014 4409 1683 3961 961 1755 3806 4854 809 884 3875 4560 3243 653 961 1695 2909 2975 1548 2609 419 4034 1635 788 2870 1371 2306 2332 591 3515 1008 1119 1733 2322 3234 1970 4838 54 1478 2050 3038 2904 4301 1687 1709 4311 3002 4213 1091 3349 3989 4767 119 4696 19 3614 4564 3069 3526 3850 1688 1492 4507 403 1561 3375 4345 2776 201 2391 332 4007 4425 2129 1762 1089 1307 626 4158 4612 2300 276 898 2143
942 2228 1761 4425 1900 2892 1687 1843 2254 280 4866 2092 1171 1757 4072 2194 2437 4025 4698 956 443 274 3213 891 61 1801 1500 250 2144 4425 4571 2977 3826 486 257 4324 4836 1448 4690 3775 354 2965 3001 1360 316 4558 2273 1394 1888 1815 4887 3074 3274 4870 1569 1161 1386 4306 29 663 4751 2166 4887 3707 1246 1541 3985 2057 4563 4691 3197 911 456 3477 2142 2730 1015 4544 575 4840 1973 4911 3255 3423 4765 1359 260 1279 490 3869 4062 1420 4219 3976 4692 4206 388 3848 2858 4581 750 1509 4000 1280 4328 1137 4735 1621 4788 4951 2689 3681 4752 4624 1740 620 667 44 906 2525 1626 2371 3331 4874 3975 1878 4389 3857 2367 18 4924 2990 1441 477 2120 4183 391 74 1278 844 4151 250 4657 3881 1182 640 4573 4364 3324 4300 2710 3585 3256 3385 1778 2456 2082 765 3392 4394
1582 502 3242 2955 4729 63 4705 1465 1649 4387 311 4139 1089 832 1750 3030 374 660 1759 1647 4872 1820 3304 986 4189 2808 24 3453 2417 4347 69 4701 4728 3608 632 2920 1480 197 3392 354 4724 3700 3760 807 2110 3479 597 4911 557 826 2007 1623 776 3665 3020 4893 1867 499 3754 2506 3846 4235 1765 3355 571 2567 3207 1554 2406 399 2888 4120 202 4673 3364 1900 1514 4156 4499 1228 167 3836 637 2300 84 3068 1169 41 1599 4698 818 1962 2250 2495 1549 20 4784 3881 3567 2865 2329 3157 2576 1845 1147 4033 3748 2379 4736 3475 11 4211 1929 3093 3793 2768 3777 2322 4856 2454 1202 4715 3813 3405 507 2908 448 3039 911 4011 2411 2063 136 2368 4361 1820 1439 3217 3219 1135 3224 1127 2536 3999 512 969 4788 4576 2205 4102 2295 529 4284 3319 1697 659 3540 2247 77 3289
121 3958 4112 3564 278 1979 3077 1347 33 4050 4352 99 3006 733 121 3628 4394 2609 2809 4415 3964 3745 3259 925 4420 495 728 1496 3004 1845 3402 3538 3129 1694 3240 893 2288 2484 4759 2965 3700 1155 4745 139 99 4089 874 4365 3439 2091 4638 1474 2536 4231 3766 4115 1184 945 2089 1197 1000 4865 2228 4596 1473 4909 1629 3938 3569 980 4377 653 1103 3503 435 2008 3597 3768 1656 2882 4453 4751 833 951 973 2662 2649 2369 2051 1698 4620 2826 1750 872 4548 2281 3342 1580 2786 1863 703 4673 604 4563 272 1975 100 2865 1201 2064 2114 2135 1990 861 1711 1639 3561 1010 4968 111 2325 2770 223 2155 3117 1288 1593 1032 2843 1636 4433 211 4137 2402 2943 513 3755 4131 3566 4552 2860 1220 3777 1469 3377 2494 1805 3665 3667 4800 3693 1500 4104 794 2408 3465 3350 891 251 1464
2058 4012 1910 3672 2243 4882 1694 2195 756 375 2587 4556 4931 693 1357 1814 2484 1457 1013 2400 4136 4323 2455 124 4100 3712 2049 3818 2370 3636 3598 3610 3603 2414 922 4206 2358 4257 437 3001 3760 4745 4701 4606 3844 2793 659 2267 3011 3210 2842 111 1468 870 4571 1504 2054 102 2101 3240 2256 2470 849 4711 3194 3329 3246 1981 3412 608 2753 587 1425 104 3473 2745 2088 2405 2457 915 482 4590 3508 3327 3269 3490 4958 3684 402 2763 1587 1949 3531 631 2586 4428 1852 4156 1218 252 1212 2675 4558 4720 2744 1647 964 964 1644 2212 4577 3092 175 4448 3413 3017 4951 3423 1873 4488 3282 3997 4523 4099 411 1517 1631 4486 2807 4708 1159 2887 3782 4952 1904 1139 165 3068 877 2053 4651 4925 1860 4762 3474 1883 3787 1186 4895 1091 2987 3108 4537 4054 1848 1754 3434 4689 712 2472
4860 4302 2444 2468 499 4508 1312 2664 3686 3366 4553 1882 79 1679 3727 4267 4183 3564 2050 746 4658 4948 243 3197 3346 976 2685 2072 676 4032 3348 77 1619 3283 1950 4962 3707 1989 98 1360 807 139 4606 433 897 4695 1403 2902 3994 1045 1075 4163 4141 2953 508 3944 3351 997 3655 276 3794 4460 1124 136 3175 3611 3318 670 4397 2521 3770 1763 4482 3959 130 4537 4565 1194 1084 1033 65 4912 4266 2992 1758 191 3226 404 1197 2615 2725 643 2185 1797 638 1475 1674 646 3604 3327 2835 702 3542 2914 1870 194 1443 3008 2119 2353 3738 2564 4297 1187 2480 4407 3855 82 422 4796 4687 4489 1483 297 2813 3953 1525 1424 2306 3499 4382 3023 4324 133 2513 1208 2934 1350 1805 3505 3739 1619 1478 4901 3257 3135 4939 2260 2749 1884 4378 4322 1771 3033 1593 2263 4459 1438 4750 2136
1624 3262 4689 1126 2451 2356 3579 4290 391 1955 2158 4068 2887 548 1582 3730 2384 3738 4552 1599 2119 4899 330 1454 2228 2095 605 1477 3045 1539 4697 1483 1725 3340 2870 148 4016 3497 4712 316 2110 99 3844 897 2657 1035 384 1856 2540 4887 1498 782 4425 2476 1479 1124 3406 3456 771 1924 2436 272 185 4836 4893 2496 972 1079 2764 1958 2430 2302 4968 3640 372 2056 4279 113 1876 1142 4904 2310 4432 4451 2606 422 1236 2600 882 4442 1012 2554 4338 4711 4011 1782 1266 336 2088 4983 3238 4687 178 1787 2234 2108 1552 754 4177 1929 3302 1719 1097 2287 4282 4587 3877 93 2482 362 1591 2388 1282 2055 2399 3756 2843 2796 2048 254 4531 2163 1501 264 754 1247 4243 3036 152 1684 4305 4962 3163 386 2366 2083 4966 1540 4496 2092 3555 3495 614 1954 4802 190 4665 820 4846 166
1746 831 2761 4823 1471 4599 1156 1563 4734 1072 4933 3062 787 1862 3063 1878 1220 580 2047 3730 3854 2241 3568 2716 548 3839 1716 2979 2950 675 1929 1989 2947 3002 1978 3052 4529 1739 4457 4558 3479 4089 2793 4695 1035 2841 992 4833 3221 228 2534 1799 4633 1957 2943 2339 801 1315 1126 1404 4405 4060 1222 1867 4761 2881 3668 2557 512 3475 3150 2592 3977 174 4211 4558 3479 3609 1635 2908 2175 341 1711 3373 2417 4295 4611 2990 172 1298 4591 1786 1848 757 912 3045 1771 4160 2857 3175 1190 4861 3502 1467 3872 1358 3509 1846 1616 4292 3674 3382 2417 651 1824 1312 518 2576 3814 4923 3534 4766 4233 65 3037 2232 316 54 4822 566 4749 3081 470 1162 3121 875 439 1558 2843 3702 3601 226 2071 2240 4790 3542 2147 115 4948 2442 1751 4828 1457 1854 4359 1391 164 1751 568 977
2306 1499 4846 1302 1323 922 631 3082 1917 2219 1671 4887 2440 1645 3346 2196 400 3255 2896 4586 2708 2389 4893 3655 1752 3124 466 3129 2723 4226 53 1223 676 2325 4845 3529 4823 4669 2641 2273 597 874 659 1403 384 992 4756 1963 495 3146 2285 3334 4059 1380 863 4320 3743 407 3668 1916 4567 724 3035 3673 193 4313 425 2280 2282 4067 419 2671 1789 3384 2619 2005 833 3003 4938 4734 146 3209 72 3026 4239 1403 783 2463 2691 4817 71 3108 2880 4649 4495 1329 4953 4235 2512 3917 3050 4910 3563 3724 1350 674 4567 3082 4169 4558 4444 3459 4028 1904 3627 2188 2140 3199 2138 4294 3867 3593 4903 3810 4649 3941 1767 4035 1660 3482 916 2118 4591 4007 3302 2169 1280 3670 3592 4573 4196 612 11 4110 396 1804 2104 782 98 100 2929 3597 4346 4280 1734 3947 3517 4650 793 3402
640 1256 4158 653 833 1735 924 4217 802 3948 221 3635 539 1722 4234 1758 4833 3331 2781 3095 2674 1351 761 1981 1407 848 4930 1058 2087 2052 4492 853 206 3643 1405 1836 2230 3696 1214 1394 4911 4365 2267 2902 1856 4833 1963 202 3861 3087 4334 512 2084 4996 4206 2005 16 1612 1011 1005 2048 40 1562 573 4449 526 2733 2269 1050 4466 1892 712 4717 2956 1341 2773 45 3310 1704 694 2935 2636 792 3165 4445 1687 2859 936 1952 2927 1979 4328 114 67 1857 38 811 1366 1619 2596 928 2019 4814 97 4606 4358 1619 2225 258 2748 4691 2877 893 3606 4607 3983 205 1288 1645 1933 1689 129 98 194 1511 2019 2727 2856 3186 4837 19 4366 2558 2151 4237 498 2220 3139 2677 1300 4521 1419 1358 1620 3889 3987 4265 589 520 714 998 2092 819 2830 4629 2008 945 2696 681 1562
1964 4343 945 2926 3578 795 2416 902 918 2986 3459 1916 3595 4486 2918 1513 2924 1572 643 3318 4470 2851 1672 721 1600 3488 2581 884 4973 4620 252 1265 612 4892 2935 2398 4366 738 222 1888 557 3439 3011 3994 2540 3221 495 3861 4264 1233 36 3044 4207 2162 1268 3121 2663 4404 1607 4372 2897 3386 287 3160 3526 1082 362 1808 2776 4664 3084 100 868 4283 4451 2943 4059 2021 4504 4103 3078 4851 760 3373 3214 1750 1477 3257 3132 1166 1056 742 3546 4996 158 506 3991 1892 3910 163 234 4718 753 4627 1252 511 1671 1915 3160 3571 1635 68 1580 1992 168 3995 4682 2709 1801 154 2166 712 2351 3299 3266 112 2497 195 2986 383 2694 3307 2373 2558 3191 229 3646 1118 2499 4488 4819 4199 3444 4867 4285 4230 2269 2807 1195 746 2288 4215 2624 3818 342 567 4328 3199 1396 2581
2633 4595 3778 3723 3285 4091 1566 1235 2699 1817 798 3828 1989 314 1194 1435 4071 4475 4719 4867 3349 4050 3591 2605 4635 2610 3512 4077 2780 2049 3271 4583 4798 1430 3024 4922 4114 4438 628 1815 826 2091 3210 1045 4887 228 3146 3087 1233 3184 645 2793 4451 4360 3585 2790 1158 4222 3793 1736 599 4469 2583 3762 4932 89 2763 4942 1172 3067 1638 82 4847 4488 2567 2226 4547 236 1065 4859 2976 4577 1601 3854 2248 1011 3442 4171 259 1265 96 2855 372 4223 537 3629 1430 185 4696 682 3273 4799 672 3064 4356 3005 2987 2580 919 4341 4171 935 1729 4224 3127 1586 3073 2811 2168 3288 2676 857 1531 4847 3161 1704 1522 1339 3231 137 4964 1828 1646 2637 4317 569 2925 4780 3306 3206 525 2021 170 1817 1225 993 2322 1803 3873 2200 3010 618 2642 4441 3439 3197 2267 4687 2503 2630
2146 578 150 1983 4046 3114 3115 816 3213 3173 663 4710 2551 3552 740 324 1341 255 2316 2174 1650 538 3242 1458 673 2351 3963 4017 3705 976 3158 3874 2263 1661 2595 1986 2094 4793 636 4887 2007 4638 2842 1075 1498 2534 2285 4334 36 645 1704 582 2088 252 3037 4315 714 2368 3636 3379 4223 4075 1544 4110 4691 1155 652 3343 960 1996 4072 2099 746 1718 3500 4197 120 1198 2780 4040 3264 4313 3828 2429 113 3031 209 575 3166 3729 4636 3831 1946 3973 2967 2314 2398 3270 1557 2625 2191 469 710 4816 995 4182 3527 4169 1674 1047 1672 3761 166 1103 1803 2752 3689 3791 2318 1330 3692 4740 1754 1437 957 1828 4261 969 1212 134 3865 478 54 43 266 161 3906 3720 4222 4104 2896 3401 2180 4597 2641 1663 3982 1360 3485 4263 4651 4772 1873 4329 1967 3651 2005 952 3354 2567
