N: 160
M: 20
Symmetric: true
Triangle: false
5 151 155 38 116 52
12 22 69 39 148 145 19 158 73 14 104 79 55
7 56 8 130 156 152 21 15
6 47 54 117 43 50 159
9 60 5 98 115 110 150 157 66 122
9 144 86 105 102 160 71 34 146 87
6 11 58 85 111 82 99
13 28 2 31 126 135 96 107 65 113 1 37 68 97
10 131 129 90 59 3 72 27 125 67 118
4 154 89 76 12
7 61 45 30 128 70 26 25
14 33 83 121 94 132 41 137 101 100 42 95 7 48 9
8 78 17 124 10 136 119 138 53
5 44 20 75 88 120
6 62 4 81 141 133 6
6 23 51 16 149 114 40
9 103 84 109 92 140 49 127 123 57
7 143 18 147 80 29 91 36
9 106 46 112 64 32 139 13 153 24
8 134 74 142 35 108 77 63 93
3403 1221 1728 1633 4602 4275 1579 394 4478 4209 1038 1324 4521 4766 4212 2136 2948 2708 2955 1043 2672 4251 4996 63 889 1990 2582 2528 4586 2699 2007 2808 853 1978 3772 3250 3239 4594 4867 2333 13 3491 2385 4146 1199 1767 3900 4092 3265 961 621 3877 3796 4699 801 913 983 3151 2045 2919 4110 2725 2593 2386 4300 2837 311 1018 2371 2908 1576 3393 3586 4845 3508 802 909 4804 1514 657 308 187 2291 4679 2397 3076 236 3447 2892 2795 858 305 248 827 2841 4144 4609 3274 30 4179 310 839 2677 277 2611 3827 3439 1075 472 645 460 1355 1157 4978 721 2903 3236 1251 1480 2094 4846 4653 1192 964 932 4555 4459 827 3765 3359 4023 653 3179 4628 2703 247 2299 458 1241 3264 960 1328 2654 2604 628 1301 2369 3151 3658 1628 192 4267 570 3394 682 2758 962 3551 1285 1048
1221 2706 4708 1529 467 227 4317 4157 550 338 1825 2912 1054 4931 3038 1561 4869 3655 3311 4526 4340 2831 2740 1767 3772 3318 2811 817 627 287 2328 697 2870 1773 2752 1312 2469 3814 4968 999 3554 1397 4689 3899 3870 2829 4425 3577 943 745 4903 4541 1045 3878 3332 3891 68 2574 2817 378 3717 1350 2485 1607 4912 4944 973 1138 705 4778 1693 464 4181 3184 980 3486 149 3397 3006 2049 1600 533 2295 2723 4866 2026 344 680 1525 4182 4213 707 4806 1102 4201 1588 3416 292 2098 773 1854 1795 676 1612 156 4063 2459 609 4118 2995 1161 3142 1168 3665 3444 4471 4414 1554 2069 1163 4858 3432 4989 3632 946 114 4563 702 742 3156 4551 2863 767 818 3046 767 4580 3196 1637 4294 2035 1859 3727 2775 401 3795 1734 1037 199 2176 1025 488 1095 3337 156 1554 1532 1269 2443 2547
1728 4708 798 1997 272 1420 3164 1535 678 1305 4829 309 1770 3774 1251 4318 3181 3005 1403 3594 3650 920 1496 3028 2960 2737 1490 3300 3154 1558 3316 850 4657 661 2226 1078 4819 2595 4898 1495 897 4876 145 2122 1005 4635 2083 4668 1256 2667 1133 4919 3600 4958 806 1472 3964 1344 4268 2050 1753 1273 2730 686 4108 4511 3225 4811 3927 730 401 215 1092 1914 3966 1278 4264 4797 4949 4167 1291 2468 1878 632 3339 503 800 4690 28 577 3571 3712 4054 2964 729 2547 962 4098 2312 972 3827 120 3751 2001 1769 2340 2245 4863 638 2726 3840 4881 3148 77 1223 671 955 2678 1431 2168 3106 4712 1902 633 4660 1402 4419 1528 2208 107 3515 493 4270 4189 878 3834 2702 2433 4903 1612 3280 710 868 4829 3878 3044 3299 2535 3739 39 2331 266 2302 1841 1693 1554 404 3427 2312 494
1633 1529 1997 3524 420 4901 4543 3911 1890 3828 3013 1155 2069 3387 377 4520 2824 3017 2641 3742 3588 3842 226 4209 4835 2486 3660 3470 1414 3279 4212 211 3509 2575 1004 4986 1207 3485 4700 656 1583 3655 3644 4653 1521 3142 1643 230 3140 835 3398 3076 1303 2928 3831 3210 3476 872 4877 2089 4741 3694 2214 846 1524 786 3698 2460 1961 2223 2428 2242 2644 3890 2546 2264 1241 2683 1910 4210 949 518 2329 560 2946 3413 2895 4658 2469 1617 10 4369 1907 476 4740 2822 3491 170 2858 1300 3481 2968 4140 3523 2347 459 4768 3489 1709 4847 656 894 714 2253 1383 2222 3951 481 4769 2649 371 650 2321 139 1607 1193 3945 4552 343 3444 3963 2939 2782 495 3434 1472 2450 2480 2394 4599 3470 4897 3041 3940 922 156 1643 2481 2899 3581 3411 3471 2408 3109 1909 3448 3406 2382 2867 1683
4602 467 272 420 4153 645 4516 1774 1842 1780 250 3006 4551 2375 484 2803 4156 1286 255 4861 3996 2627 170 1296 1841 3170 3236 2321 4191 2735 3797 3403 4856 611 2545 2548 4158 4452 722 1132 4916 984 4043 2404 1642 4636 2782 3752 2986 1269 2051 730 1314 4921 4042 2724 4130 673 2576 525 1948 3373 3263 3954 2258 2651 1537 2341 4885 4686 3614 1196 1757 1493 2535 1737 753 4576 403 4038 2883 1837 424 2344 1221 2638 4553 1013 3962 4399 3147 4780 406 277 4113 141 2551 1950 557 4986 3765 2439 781 4793 4349 3148 2495 4726 2933 3622 187 532 159 3714 1848 3519 3825 2921 271 3994 2234 3766 3088 1901 195 1734 4197 2737 3444 2520 2361 810 4690 2553 1266 2995 978 3508 838 2744 2725 4939 357 1777 3361 1364 3070 1785 3797 2634 3449 1242 4014 4050 837 1264 2508 4818 3315 4577
4275 227 1420 4901 645 2269 2200 1801 718 3744 2706 2268 135 4713 2949 3688 3483 2711 4644 701 547 3325 271 3734 2260 1506 4823 83 3281 4904 2464 4158 2594 4593 88 3040 1703 1390 1590 4403 257 1358 2355 1411 4298 4208 937 405 3452 3514 463 2147 252 3086 4359 874 2494 2123 2450 3947 1140 4177 2376 2474 3517 4038 4636 196 4383 105 4434 569 4252 4849 970 712 3657 2129 2851 1341 3963 3135 3541 335 4432 668 3077 3251 2554 384 537 3594 2664 4963 169 4345 4575 4805 2509 3499 2088 795 4874 3749 4991 2306 71 3843 1340 4200 2434 4867 3834 2351 4224 1392 584 2745 4139 1294 4878 331 2542 2662 394 170 805 1097 3939 3023 3666 2425 3321 3625 3498 3221 4769 406 953 2662 233 658 3223 4807 4132 1019 3315 1017 1766 4160 940 1752 4142 3778 3915 456 760 4461 4527 895
1579 4317 3164 4543 4516 2200 1521 2837 4460 4677 1771 4694 4660 1294 246 4095 2220 2443 4687 4993 3669 3387 3417 2277 3099 3165 3171 3882 608 2928 4226 4395 4644 2138 260 1289 2852 2112 1335 3323 2337 1774 158 522 4048 1987 4445 4716 4571 1997 3594 4167 1555 2977 3890 1942 4964 2353 2381 2398 3655 2454 3384 3959 947 1793 1995 858 2215 1724 156 1627 4396 1182 4390 448 3911 1883 1930 1606 2798 733 4159 1168 3799 3843 2845 3210 4806 2024 1441 4717 3054 4109 1430 2693 2207 819 381 2691 4125 1025 4071 246 1617 3210 729 1339 4083 1303 4047 3815 2265 2462 3202 1421 3952 4983 4753 2925 2724 2730 4273 4583 2361 511 4464 1655 1756 3480 3458 2911 621 1772 4162 4609 2965 1816 2605 291 2412 1427 70 1085 4718 3143 3217 4828 2218 4853 4900 3628 1946 2483 2192 4416 2343 712 4718 3827
394 4157 1535 3911 1774 1801 2837 292 2497 3010 394 3597 3172 1785 2337 4262 4283 3655 750 442 3328 3171 2882 1312 3672 325 313 4383 797 1126 3884 2914 1156 2004 2614 4290 1234 2030 3923 2571 4060 2592 3491 3279 573 2950 2176 3875 3727 2089 4306 290 4976 3153 4474 2749 285 4126 4400 459 1142 3992 4395 4040 2859 407 2667 4644 991 2655 2311 4230 101 2477 2601 3433 3142 4367 3293 1095 1736 1201 2524 2314 1624 4695 877 1900 3892 1863 3771 4618 31 327 1347 193 4458 2729 894 4625 756 919 685 2624 1075 3013 2837 443 3507 2743 4136 3097 3966 3623 3586 1228 1384 2575 1194 4707 4745 2573 4825 3909 4137 2876 4099 3051 2229 2271 456 2788 543 1982 1727 1202 4001 1578 3762 3633 2845 38 2295 2794 3854 3843 4797 3494 969 55 915 84 1586 99 4825 3357 3465 2313 767 4754
4478 550 678 1890 1842 718 4460 2497 1825 1035 1407 4491 134 4999 1950 2649 2041 914 1281 4148 2314 2099 419 4169 2313 4145 3001 3248 3967 2369 1964 2712 4368 1304 4877 3049 4755 3234 504 3032 3130 1339 4304 3881 1998 3385 265 2833 1119 3156 3102 2131 2151 4078 2791 4277 3936 582 4541 2128 3586 3971 4784 3586 61 746 2222 2263 400 1817 1669 3708 4922 4896 1941 4559 4027 2217 2620 1707 2122 4586 2897 4985 3361 3430 3983 4796 3181 4367 1418 4216 4394 3380 837 2684 764 273 149 2673 1898 2501 1749 31 4419 4707 565 21 4103 2322 2724 2726 2812 4567 2498 4673 478 4964 4466 3211 4495 471 1026 272 1751 93 2635 1908 4072 2938 1807 3757 3490 1840 1065 2840 2950 93 2957 595 4390 3315 1262 1945 3511 1233 1194 2710 3278 4237 870 2761 1359 4735 4852 2607 3255 754 73 2623
4209 338 1305 3828 1780 3744 4677 3010 1035 3034 2542 1219 2180 4816 603 4706 4299 1952 2678 3025 247 2689 2324 4397 1976 2221 1973 2515 494 2244 4150 4156 3348 3929 128 3683 2411 3407 4874 4776 3404 3758 4041 1401 324 4704 4032 61 4427 237 669 970 3611 3834 4076 718 2891 724 4042 1344 782 4037 2263 1941 2391 1613 3594 3063 2598 4926 3199 948 4582 1189 1883 220 1917 4994 2599 2513 796 3249 4800 4450 4029 2239 4656 1973 2124 1432 3799 2339 1023 3624 4539 2155 4459 4000 256 3131 3661 1373 2371 2535 3841 4441 2580 1496 3855 4516 319 4407 1978 1459 1369 976 2929 4020 524 4483 4729 2861 2841 3801 4324 2978 251 4580 3673 2494 4041 2249 1042 67 4370 3947 3147 2486 4355 957 1624 730 4647 2432 2214 1220 2491 3754 1984 4147 4263 4154 3847 4315 1102 4337 406 3998 1054 1683
1038 1825 4829 3013 250 2706 1771 394 1407 2542 1540 2521 1988 2795 3449 91 2365 2362 1304 3188 868 3142 3720 192 1338 4966 2600 4011 3581 3582 2609 2386 347 2187 2582 2465 569 2854 4297 1189 2150 4371 932 4151 3285 1515 1938 1725 628 2902 376 3462 1504 2662 2190 3290 4340 1402 4727 3527 633 560 3903 4411 2488 2055 3522 441 2477 2013 1813 3039 3050 3404 1908 1916 248 1958 4628 1916 1588 3738 3229 2445 3515 4202 93 1460 200 1533 1207 727 774 1653 951 1617 931 3527 2961 125 574 1199 2934 934 262 34 1740 4196 1370 4321 477 3771 244 1383 3976 3556 3735 936 1338 1166 242 3562 624 2347 2505 2881 412 1000 4936 4032 4943 4177 3919 1869 4505 3872 4191 3009 3449 4061 2975 2116 502 3816 1818 3191 1791 4742 4472 4120 2348 1869 4609 1354 4518 1586 4450 4552 3684 750
1324 2912 309 1155 3006 2268 4694 3597 4491 1219 2521 438 3347 4441 3083 2216 2010 802 428 4081 879 4198 3274 2740 1804 2250 2215 4827 3399 2318 4158 1394 2474 2039 3465 1252 315 3750 3935 4578 1483 2662 663 2651 4933 582 4477 4097 1235 4640 587 2171 1074 3332 4390 2773 1818 326 3182 594 2962 680 4518 4045 2444 1203 1456 4779 4758 1144 2619 3118 835 2365 1985 2845 1127 498 3920 4939 4374 1538 4165 2470 1278 1882 3994 1723 4098 2266 578 4943 3205 3111 1342 4147 2531 4955 545 228 119 4977 575 420 2580 1015 611 3172 2790 3863 430 226 4284 1836 2795 1908 3970 598 1448 1286 2353 4026 2618 2181 965 3077 3689 3811 4839 2504 1523 784 3180 3069 3410 1741 2012 985 56 2182 971 362 192 1138 4260 4785 4687 4613 4302 1000 4095 4854 204 4773 3377 334 4738 4166 2702 330
4521 1054 1770 2069 4551 135 4660 3172 134 2180 1988 3347 4137 1115 3354 1126 1714 4027 3981 1268 3274 1502 733 3730 3521 4001 3736 260 4805 165 3522 529 1255 2912 2237 3600 1753 214 4426 2413 1954 2808 2663 211 485 3607 3981 743 1107 4908 3340 3912 253 3434 3606 3068 1131 4156 1762 1993 4067 4967 3728 4117 345 4829 2901 2439 1198 14 1917 3482 2501 3843 4331 1111 4249 3989 1964 4249 3879 1857 2980 2917 2551 413 1070 2454 2742 2322 1639 3121 2620 4098 32 2564 4609 4887 2976 814 583 3784 4127 933 804 259 4800 4426 3721 2872 3011 4534 3453 720 3221 3299 1773 1600 3962 2290 4336 276 2400 1309 1129 4269 1423 2835 4533 1887 2392 3463 3049 4467 4386 1778 3858 3248 2126 668 2543 4753 2472 722 2186 561 4704 4444 1144 833 4470 1941 2270 1680 1876 2239 2597 2441 4442 1014
4766 4931 3774 3387 2375 4713 1294 1785 4999 4816 2795 4441 1115 1561 3261 1635 4885 4804 684 1479 585 267 949 4280 4960 4387 4305 4944 711 2085 3085 1948 1451 2397 2980 1457 888 3187 3619 123 1240 4834 1997 1509 1612 4135 3414 3339 736 1249 1903 2930 4977 771 150 3964 1664 4969 4110 4651 1321 2050 1596 3612 1751 141 2263 2108 2293 129 4105 3129 3398 2195 356 3177 1825 3092 3726 186 4437 3343 3780 4570 2474 3342 271 2020 1827 2682 2226 1117 2102 4983 271 4479 2689 4826 2738 1220 1120 4819 1203 3128 3634 4854 861 2111 1785 426 4934 4798 3856 1620 4803 1081 987 1795 1203 2169 3283 584 1980 2662 3746 2725 1628 4623 2032 701 2042 4053 4174 4379 4740 4665 3227 4058 3451 4270 1499 2784 2478 51 1400 735 4900 2679 4079 2255 1116 3088 312 2191 1189 3084 525 3772 3299 4266
4212 3038 1251 377 484 2949 246 2337 1950 603 3449 3083 3354 3261 3325 2610 2165 2998 3702 3201 3083 3247 2633 4332 1736 1809 2577 1888 1418 568 3963 1407 886 4882 1238 4450 2664 1135 4885 149 4267 1032 413 4275 1550 2619 700 3179 1329 2820 1387 1672 2758 436 4721 1697 4826 4028 2036 604 812 502 1278 1165 28 1647 4003 1877 249 1690 2938 2463 2818 666 4894 858 2253 3817 3052 4097 3488 1241 2622 2960 4619 2006 2992 4895 3240 62 4887 84 859 3397 4463 2852 3175 4990 3110 1026 4452 2042 786 3886 78 4720 549 1710 2403 1167 3178 4335 723 2460 328 4943 3380 4050 3386 4856 272 2805 3803 2131 858 2689 4840 4566 2367 4179 1834 3928 123 2730 181 1912 1977 3936 1343 2874 2573 3823 373 2937 4185 163 1664 1363 802 3673 4003 534 4075 3395 4462 4907 3238 447 3666 2226
2136 1561 4318 4520 2803 3688 4095 4262 2649 4706 91 2216 1126 1635 2610 1299 1535 46 1780 3618 3984 2536 1148 3664 3163 2414 4517 3944 3773 4465 3639 4485 3230 979 4425 393 4985 4238 3217 1947 3740 4024 3982 3641 871 945 1615 629 1329 1361 1448 4587 2194 345 2161 4337 4583 3677 1984 3956 1499 309 1101 3577 3938 3371 3080 3058 500 225 1214 2437 1086 3548 4143 586 2785 3561 1813 2758 3087 3322 3571 4933 4559 4344 4767 444 3429 4040 4932 2591 3422 1890 802 1228 4030 1735 4842 2279 3739 631 2545 4089 3473 2238 2509 55 1640 985 3225 4558 1138 3555 1819 11 2384 1454 1620 2369 2564 3406 2405 2078 938 4399 4815 3643 2787 2415 3964 2850 4040 2587 1359 4399 1935 2165 259 4644 205 1875 208 3041 1221 4466 199 794 2096 4905 2128 3695 1810 2406 1489 2271 505 3515 1691 2409
2948 4869 3181 2824 4156 3483 2220 4283 2041 4299 2365 2010 1714 4885 2165 1535 2332 4567 2267 2622 3901 4824 1348 1997 2457 3199 1149 2427 2946 4012 4323 3758 4213 1214 3755 4322 1080 3411 2646 928 2797 3716 4895 3820 732 4024 3036 2068 728 2829 765 510 3869 222 3671 1082 4941 557 597 2559 577 2164 4489 4770 1675 2371 3184 517 3764 588 1655 2466 221 3665 3236 2863 3718 2028 1571 4345 1270 1961 2387 2435 4570 502 4694 325 2603 4999 3220 4962 656 4027 1187 4967 3207 3916 754 3686 3740 4496 3902 3681 2070 2555 4338 4647 1340 1614 4198 3042 4610 1699 2988 3709 3368 4641 3616 1633 346 3399 1967 1227 3471 3055 3726 4797 4775 790 70 4268 4996 2430 1348 217 4279 4955 1338 4828 332 2016 687 280 4357 3153 4863 4285 4432 655 3062 2560 453 293 2489 3027 1485 1477 3854 4859
2708 3655 3005 3017 1286 2711 2443 3655 914 1952 2362 802 4027 4804 2998 46 4567 2647 4781 1699 2487 3674 437 4944 4650 4506 3480 2818 2408 4406 4407 3605 1373 533 4722 3917 3680 933 2322 3756 852 4178 3367 4553 1045 3792 2299 1456 1990 3271 4002 4351 965 128 2358 3464 95 1906 543 112 3478 1886 2119 4949 596 3019 2991 4776 2375 3739 3371 3072 796 4228 1540 4472 3725 1484 3169 1246 145 2336 3533 2136 2931 1352 3312 3145 2802 1315 4338 4886 3522 109 4589 2453 3129 1244 3273 2024 4535 1177 1119 2290 2408 1145 362 633 2334 1976 4522 4016 2920 2038 4034 3793 681 4476 3708 2264 1773 446 4257 1805 2468 3596 4469 2761 3481 1216 2048 1207 590 4102 2958 345 2673 1411 257 1962 1151 4219 1936 3224 3208 1967 337 1085 1156 4505 4776 4566 1253 4492 2365 3622 857 4553 1246 3988
2955 3311 1403 2641 255 4644 4687 750 1281 2678 1304 428 3981 684 3702 1780 2267 4781 3189 1253 1198 2385 942 4774 1114 4461 4955 4139 2105 327 4649 3424 3693 1036 382 569 924 4237 2656 4820 3205 3726 4771 3773 3509 1171 3509 2545 4871 2569 3481 2565 835 901 3753 1256 4032 2207 2513 2791 64 885 4271 1119 3386 1193 481 2993 4467 1208 1882 772 4005 3496 911 747 4843 1678 4167 421 954 3870 593 2908 44 201 4006 4048 4578 4617 1504 2080 4189 4043 4497 4293 827 2494 3051 3582 2424 4354 4589 3551 3952 4705 847 4261 1055 2211 2327 1457 2199 1543 2272 4842 3929 4208 1202 2474 1662 1330 3099 624 2053 233 1660 4598 3060 4709 4069 853 3325 1441 289 1218 3375 726 2221 3766 994 249 1811 3187 1545 507 746 1618 3040 22 3781 3901 3183 540 785 339 912 2296 911 1545
1043 4526 3594 3742 4861 701 4993 442 4148 3025 3188 4081 1268 1479 3201 3618 2622 1699 1253 15 3724 2143 1323 4628 1582 4245 2236 3954 1798 760 2042 3374 2139 2892 3125 3306 4099 3224 1110 4812 2275 4457 3868 1551 4037 2649 4361 4185 784 4797 4438 2056 1665 3864 3333 4659 54 1702 941 4135 2349 1081 1696 833 2554 2831 3966 3831 3969 2373 542 4444 669 1396 4739 863 1471 2266 3844 3954 1351 2289 1514 4547 3730 287 1447 1880 815 2401 1273 4819 3144 348 4820 1685 973 187 856 2168 4906 886 1849 4027 3402 2283 1179 3605 617 3968 1591 4677 1653 4612 472 1101 3119 855 157 4713 2349 3098 2600 4238 1801 4034 3899 204 4023 4297 951 1115 2213 4978 2936 1663 2255 1003 4654 1187 4030 3471 2379 268 269 1873 3039 2911 4905 2471 385 2442 2164 3619 1272 1654 1671 2074 2703 3878
2672 4340 3650 3588 3996 547 3669 3328 2314 247 868 879 3274 585 3083 3984 3901 2487 1198 3724 4658 800 579 1209 2294 4018 3419 4312 2148 52 19 173 2198 753 1807 4181 2107 424 4008 652 4070 1129 914 4035 3540 2442 4224 4893 3040 1890 4468 751 1218 2399 700 1231 1568 1867 325 3191 3868 400 386 235 4180 1340 3526 778 1268 951 1861 2361 858 3984 3977 2068 2233 215 551 1119 3030 4773 2691 1052 504 2711 4807 2891 2374 1143 2136 1009 4709 3016 3537 1770 3505 4260 2677 4223 214 4708 2718 1951 4867 420 2587 2069 3128 3424 3881 4587 1486 4753 4740 4217 2610 2350 3498 4921 3207 2321 2757 3025 1605 4027 2649 1667 2792 1563 4513 115 4494 3544 529 463 1605 2466 2360 1319 314 3603 4870 927 4932 2039 1490 851 512 3845 2201 4536 2197 3959 557 1589 674 1371 1769 717
4251 2831 920 3842 2627 3325 3387 3171 2099 2689 3142 4198 1502 267 3247 2536 4824 3674 2385 2143 800 3938 1623 944 1369 4835 4584 1422 4120 3451 2714 4290 3677 1390 1645 1675 2250 732 334 3401 3324 843 4568 3889 4371 129 1625 1806 1531 2458 731 1513 3585 4606 3213 2931 814 3786 3207 3768 1183 3181 1105 1022 1938 4941 1336 4958 3611 2704 1667 438 4993 2599 4870 3698 195 3004 3624 1232 1622 2965 1510 1864 3550 3413 285 1308 4647 4024 3671 2292 3494 4556 507 2329 1201 3117 269 164 1739 33 1133 1060 1600 348 442 4467 1893 2280 470 466 1871 1771 3694 2629 3933 4375 1579 2687 3968 856 4491 4987 1968 3647 2397 1703 1585 1348 4287 4359 2576 1889 1275 1058 4356 3378 1401 3218 4246 4192 4319 3903 1672 2570 3734 3039 4792 4628 2736 2241 1895 1366 3866 1921 191 2913 1664 4015
4996 2740 1496 226 170 271 3417 2882 419 2324 3720 3274 733 949 2633 1148 1348 437 942 1323 579 1623 565 3735 4143 1546 1976 4771 4568 4017 2611 297 3956 2253 3940 3048 1643 1674 1634 2403 1420 2690 2605 4519 2645 2389 912 3650 2887 212 1405 4931 3032 4650 1941 3152 3085 3898 1938 1821 278 4959 2771 4213 2324 425 4156 697 4430 455 1248 1919 4401 4887 3722 2137 4897 1416 4921 630 1024 30 2626 1546 2850 94 1702 3209 3657 4871 1821 3499 1064 1465 932 3941 1181 1087 4890 242 4966 209 1131 4846 2468 811 3462 438 1585 2616 4046 4556 3501 952 4330 1389 3946 4617 3894 4237 2310 3159 4389 4655 3072 1483 2373 4491 3182 4431 880 1030 4059 3963 849 3139 2527 4797 1076 1057 3861 3196 4645 981 1991 4672 3587 2095 4830 2433 4703 2621 2310 2387 2228 677 384 3989 4080 3182
63 1767 3028 4209 1296 3734 2277 1312 4169 4397 192 2740 3730 4280 4332 3664 1997 4944 4774 4628 1209 944 3735 2125 4444 3584 1156 2211 481 796 2288 665 904 46 1987 4076 3393 3915 3845 1867 4421 3272 1677 2039 4100 1267 4271 4312 2539 4298 2750 27 2808 1853 4626 2994 3529 2480 3367 4423 4194 2648 3284 3650 4242 4889 4525 506 4362 1696 4061 3852 3155 3598 1120 4577 2510 3673 4523 1225 1980 887 3838 749 1244 1810 4829 4719 2557 1897 2841 1251 129 4294 3280 3637 528 4612 2768 1755 802 422 2553 76 3578 4009 3609 728 4353 4789 1920 1913 734 2157 418 675 1421 255 3275 778 3372 3749 4884 1162 2999 4066 4191 2755 949 694 4547 1000 3304 2368 889 1459 1258 4074 4114 167 4751 4210 251 694 73 42 387 3207 2671 2933 4871 3982 2747 3302 2580 504 4770 3949 989 1468
889 3772 2960 4835 1841 2260 3099 3672 2313 1976 1338 1804 3521 4960 1736 3163 2457 4650 1114 1582 2294 1369 4143 4444 2317 2599 786 4561 1329 829 2787 2830 3851 1461 766 4922 2157 1967 1180 3973 4818 3903 1076 3990 4163 367 2951 169 1900 3811 3315 4771 2651 1984 4192 2597 551 3213 414 1391 3032 4698 900 735 4458 1506 1911 2021 620 2866 2648 3225 3249 4257 3069 3402 1710 3792 495 3529 463 1658 3726 2464 2675 2338 3386 491 2120 1814 212 2206 1683 2668 577 1755 1819 4336 2556 97 251 2571 4095 1195 1005 4303 2533 2523 2167 877 241 3394 2440 4332 76 747 4753 4507 2006 4602 1969 4084 4453 1754 1061 743 3213 4221 4098 4555 2994 4607 489 4226 3194 3900 1250 2058 162 4621 428 2883 2435 659 4816 1769 2623 25 2092 2391 1046 4822 2494 3631 632 3262 1505 3894 4951 1290
1990 3318 2737 2486 3170 1506 3165 325 4145 2221 4966 2250 4001 4387 1809 2414 3199 4506 4461 4245 4018 4835 1546 3584 2599 3000 3848 3395 1034 863 1349 4317 697 738 2560 4521 1885 1331 922 3450 312 2737 3858 2038 3703 4182 4751 225 4702 3800 407 1158 875 4728 4496 3518 3468 1666 1669 2155 3740 3074 1959 4991 84 1018 145 547 2676 2334 157 1478 4274 4419 1134 4262 2353 2191 960 905 3236 1934 98 1705 866 773 3407 2493 4462 3265 4125 788 368 3376 4109 42 2552 3465 4713 3341 4563 2774 3206 3252 600 4029 1019 4739 4079 2815 2375 4293 2186 124 1849 3702 1949 3132 1992 2152 423 2804 4976 4506 4133 3630 969 1074 2890 4131 794 1120 3138 394 3106 1203 4883 966 3063 2860 4605 125 2898 4088 3932 3047 1642 3606 1400 4490 3977 2447 2410 2517 4207 2355 4679 1906 118 2896
2582 2811 1490 3660 3236 4823 3171 313 3001 1973 2600 2215 3736 4305 2577 4517 1149 3480 4955 2236 3419 4584 1976 1156 786 3848 1082 1361 724 4076 4773 646 453 3906 2650 2110 703 4607 672 3148 3253 1977 2852 4034 968 1902 2566 1767 1151 4302 534 3683 2177 2113 326 883 552 4813 4429 3928 2713 2119 1630 3292 2192 1477 4774 3926 3598 888 2842 3972 3095 4115 3042 3505 984 4186 3407 3815 2907 4316 1285 3663 4133 748 459 496 673 1230 3549 98 1741 879 3448 3277 3658 2486 4131 382 475 2080 2947 989 1063 4086 3959 1874 2671 2311 2003 3605 745 397 1286 2440 3088 702 2603 3016 3644 3749 1696 4075 3437 3632 2501 3459 4129 3143 328 233 3982 2101 4284 3066 4563 4968 4730 2786 1495 3777 2357 3440 1690 3698 4456 4157 4721 1278 2176 2752 67 353 466 316 3924 4581 4683 3065
2528 817 3300 3470 2321 83 3882 4383 3248 2515 4011 4827 260 4944 1888 3944 2427 2818 4139 3954 4312 1422 4771 2211 4561 3395 1361 1683 1627 4044 4247 4110 3818 1336 2826 1717 1503 3120 805 537 4134 4565 1796 1099 4510 4071 4433 1312 3788 2892 1437 4440 2113 4995 1674 1466 2984 2948 4512 879 4271 2929 544 394 3054 4358 22 4706 298 2161 2116 2012 4154 4699 1037 2612 2176 1275 595 4056 1482 2857 895 2519 3407 467 4140 1235 1361 1910 1412 2957 4697 2319 2524 2396 2046 1643 3962 3814 4609 2528 920 3148 2375 4998 1504 3284 2489 2432 4172 3010 3617 3894 235 926 442 1911 232 2578 1606 4200 4185 3075 3665 4570 404 2914 2742 1707 2536 853 1744 2982 435 1897 4702 2805 3741 338 1095 2485 4741 3256 4590 4709 1424 937 1781 1907 2376 4363 1158 691 4283 514 781 94 821 79
4586 627 3154 1414 4191 3281 608 797 3967 494 3581 3399 4805 711 1418 3773 2946 2408 2105 1798 2148 4120 4568 481 1329 1034 724 1627 3257 2983 4224 4468 4782 1743 3270 4742 4541 1165 4220 1493 1049 2741 2501 1679 2532 2919 1423 1095 3787 2691 2494 632 765 3766 992 569 3944 4442 3170 878 2980 403 791 1665 4782 2703 1773 382 4553 3548 522 906 290 4473 3576 2761 1803 2206 399 1174 1673 1194 1616 4817 4185 1995 1287 3328 3812 2030 96 1622 227 3828 369 1083 3024 2355 224 441 3246 2780 3073 4774 371 2043 1165 1651 1253 1686 4976 1085 35 1082 2248 3732 67 3701 4624 2651 2311 24 3401 2197 1722 3543 4051 2151 856 4304 414 3925 4529 888 4251 2737 2267 3319 1369 3942 3532 2462 1323 3557 4338 2879 1406 1083 906 1664 181 4569 4174 407 2233 728 53 2570 2362 205
2699 287 1558 3279 2735 4904 2928 1126 2369 2244 3582 2318 165 2085 568 4465 4012 4406 327 760 52 3451 4017 796 829 863 4076 4044 2983 1402 856 386 3348 3144 1329 915 2213 3674 4922 2253 4796 1365 1381 183 3099 4362 713 3503 891 3166 4534 385 2687 1168 1796 4843 1601 3618 3486 1915 1075 1178 3571 3430 4167 4530 4158 3552 4485 1470 2845 3816 4340 3782 483 2054 4516 3118 4436 1528 4583 1901 547 4245 3042 2027 867 4476 4185 4906 1061 4687 4723 3770 2376 4796 173 626 742 253 2703 1976 282 1375 803 2154 4432 4324 3248 3212 1577 4300 4352 3059 3681 2266 3040 169 3895 60 4336 658 4197 2418 1194 3481 3772 4868 3284 2951 2853 1418 4362 3599 3558 1941 2413 546 2036 3452 794 4809 4491 4687 3275 981 788 2383 1791 2168 2964 3635 2716 4401 3118 4489 460 2021 3349 2322
2007 2328 3316 4212 3797 2464 4226 3884 1964 4150 2609 4158 3522 3085 3963 3639 4323 4407 4649 2042 19 2714 2611 2288 2787 1349 4773 4247 4224 856 4839 959 3629 1698 3656 390 1239 1931 837 3397 1037 2714 2962 1515 1936 4097 233 303 486 1854 4681 3426 3745 457 3690 3468 3774 298 922 3041 1398 129 2944 2039 3612 75 1257 4966 3484 173 1878 3165 918 839 3033 2601 757 1022 438 1762 1498 678 3456 2748 1452 4237 3492 2709 1078 999 714 2985 4188 4134 3982 881 2388 1326 4605 4186 4032 652 3030 2939 4001 1201 1408 181 1157 3092 3825 4015 1849 3222 119 1753 3408 116 1357 2834 480 2970 52 3669 2346 1110 1278 1639 3436 2952 2596 2932 1378 3024 2041 266 1017 3126 4162 2959 498 276 477 1715 3905 4700 4880 3101 2915 2074 61 4658 672 2886 1314 3525 3357 1864 4488 3079
2808 697 850 211 3403 4158 4395 2914 2712 4156 2386 1394 529 1948 1407 4485 3758 3605 3424 3374 173 4290 297 665 2830 4317 646 4110 4468 386 959 3658 4250 4249 1727 1698 4171 4046 3265 3771 3531 3018 1911 3911 794 1824 3563 4431 2641 4919 2034 814 3012 4412 4017 4441 2221 2365 965 2993 427 3738 2754 1223 4890 3140 618 1990 2312 698 4440 466 115 4975 262 3008 4633 4522 3265 3403 962 4822 4291 4939 714 3450 2234 4716 852 565 2155 916 1632 2912 4576 4284 2596 3435 1556 803 227 4796 1086 3835 3150 2784 2586 3630 3473 185 2062 4584 3122 3152 1733 4794 298 1289 3589 4344 4831 2512 4418 339 3120 4830 2849 891 1985 777 1196 4075 977 4361 2518 3117 582 4023 4196 2287 2702 1861 2771 4242 81 3454 2317 4271 1763 3280 85 4033 2543 3721 302 3570 4223 2683 1738 2891
853 2870 4657 3509 4856 2594 4644 1156 4368 3348 347 2474 1255 1451 886 3230 4213 1373 3693 2139 2198 3677 3956 904 3851 697 453 3818 4782 3348 3629 4250 618 3561 1337 2358 946 2875 147 1234 1805 907 1544 2368 1541 4251 4070 1386 4593 1802 3242 494 30 4608 775 3150 3200 3367 2845 4084 2726 4568 3381 188 3903 2455 1402 3561 4559 876 163 3593 4526 1918 1920 3291 4872 2963 2424 2974 350 4976 16 2453 2236 453 1541 1624 231 1678 2072 1964 2694 4300 3688 573 461 1128 1980 2992 936 4139 130 66 3360 537 407 1523 2549 936 4011 1795 3257 3538 548 408 1902 3394 4189 1540 3307 2084 4851 3030 3836 655 226 770 1397 2480 669 4825 486 1895 1431 3543 1585 1362 2631 1958 499 806 4943 4168 4315 3958 2657 4668 3988 4345 4552 3327 387 707 3242 1222 3541 499 496 694
1978 1773 661 2575 611 4593 2138 2004 1304 3929 2187 2039 2912 2397 4882 979 1214 533 1036 2892 753 1390 2253 46 1461 738 3906 1336 1743 3144 1698 4249 3561 2692 2545 594 2527 1377 1415 2617 3699 2349 2745 2898 2363 3071 2701 1027 1507 4129 2258 2947 4231 2174 4191 4238 2663 3148 2973 1521 2290 1964 2570 2544 2516 492 2722 3071 2096 1450 4225 3637 3942 3284 940 1316 1933 4604 1443 2393 1980 3410 1153 4697 227 3964 3415 3441 2459 4502 2298 1701 1981 2903 438 3597 1326 4107 2553 3876 1354 4098 649 4813 4336 174 3348 4832 1761 4556 1605 754 3101 2104 1471 1798 3455 4320 2272 251 2903 3354 4185 2120 1130 4396 3994 4276 3606 3429 4621 4499 441 1503 2600 3491 229 100 1111 1564 4058 1564 3881 210 2742 4033 4532 1159 4286 2497 622 180 718 597 1331 2009 4055 1932 3075 2580
3772 2752 2226 1004 2545 88 260 2614 4877 128 2582 3465 2237 2980 1238 4425 3755 4722 382 3125 1807 1645 3940 1987 766 2560 2650 2826 3270 1329 3656 1727 1337 2545 3351 1413 3368 2660 1192 4165 2725 828 1705 171 2972 1225 2373 2601 2555 1410 4228 1489 4580 2247 4789 3085 152 4785 3937 1419 149 1392 4876 4346 4393 4166 3933 1271 2785 3640 4226 940 2393 940 3066 4875 3758 3336 4462 1722 3306 873 1630 1025 981 3435 4622 3851 4008 4699 1485 1040 298 2727 3100 4477 783 4718 863 537 2572 4007 2082 1655 2012 4325 1700 2522 4770 100 3167 4620 2250 4465 2556 620 82 3506 350 2036 4968 4058 1507 4077 943 3093 2726 2518 4986 3489 4322 4564 1167 1686 645 3656 3039 1896 3464 890 516 468 3341 1526 1699 3381 3446 3552 2315 107 600 1480 2175 578 1778 4113 1903 1259 3550 3690
3250 1312 1078 4986 2548 3040 1289 4290 3049 3683 2465 1252 3600 1457 4450 393 4322 3917 569 3306 4181 1675 3048 4076 4922 4521 2110 1717 4742 915 390 1698 2358 594 1413 3735 4371 648 4357 544 1268 3076 2397 3586 3911 2261 4248 4286 4611 619 2988 3122 3430 3343 766 1920 4913 232 374 3149 3748 3920 3174 1012 2218 1126 2229 464 4172 2906 4730 2806 3331 4302 64 688 3575 1448 2225 254 4593 1282 452 4865 4519 3299 2653 4309 1315 4354 4569 1462 1046 3757 2847 1728 15 4279 1407 2458 2083 4843 4038 4384 4022 1502 2055 3747 3518 2285 3784 3677 1035 1593 3215 2287 4714 4527 1351 2000 2955 3530 3764 1369 1871 1270 4322 329 3864 4418 4923 114 3291 2054 4811 4931 3037 4750 742 61 4571 571 4011 3271 2745 4765 4670 44 670 1343 4357 1098 3289 2733 778 452 1398 1582 4871 2270
3239 2469 4819 1207 4158 1703 2852 1234 4755 2411 569 315 1753 888 2664 4985 1080 3680 924 4099 2107 2250 1643 3393 2157 1885 703 1503 4541 2213 1239 4171 946 2527 3368 4371 1569 4178 4136 178 3655 3689 1152 616 3565 1610 562 423 3610 1085 4173 4811 4444 1439 1629 2436 3809 4086 3884 3840 1706 306 212 3949 3500 1757 2719 467 752 4609 4548 769 3330 1527 2546 2412 3119 4899 4002 1820 908 1754 4207 3314 4950 4525 4473 3009 2583 4135 718 268 4975 1770 2732 2882 3465 883 4900 4439 364 1163 2132 3619 3926 1237 2239 4475 592 957 939 4377 971 3879 1813 3953 3490 4422 3101 1755 3502 3393 2552 1824 3601 4752 102 254 4751 3756 1729 2185 2503 24 3534 4558 3988 2931 191 656 2584 43 1810 1799 975 726 2576 4316 840 4812 871 1402 1307 2089 4581 3597 2042 3121 745 3094
4594 3814 2595 3485 4452 1390 2112 2030 3234 3407 2854 3750 214 3187 1135 4238 3411 933 4237 3224 424 732 1674 3915 1967 1331 4607 3120 1165 3674 1931 4046 2875 1377 2660 648 4178 4040 23 2754 4389 3564 4677 3594 292 723 1743 1618 514 474 4867 4526 1899 364 4556 1600 712 3987 1214 2504 1122 2991 3335 2346 4472 3425 4040 186 1235 3502 107 1923 1053 45 4604 3310 3404 4226 296 4178 2769 2679 3605 2518 296 3814 3423 4404 3121 2746 3159 2786 3046 4389 104 3352 3230 4791 4956 4634 2056 4646 3304 2629 49 4381 1406 570 2170 1664 3923 2513 3713 2451 3344 373 1232 949 3093 2701 4472 4998 1561 4029 1485 1702 3056 2477 4292 1959 2009 940 4661 719 2736 4561 1491 4631 2784 2071 3781 3013 3587 209 1119 4487 1135 1147 4117 1883 2098 826 2335 2469 4693 2379 4695 1675 3694 3495
4867 4968 4898 4700 722 1590 1335 3923 504 4874 4297 3935 4426 3619 4885 3217 2646 2322 2656 1110 4008 334 1634 3845 1180 922 672 805 4220 4922 837 3265 147 1415 1192 4357 4136 23 1189 2087 2542 1700 2374 4839 2858 2489 844 1847 3782 4267 4200 2495 1202 3737 520 1911 51 4353 1687 3405 2738 1760 4642 4809 1810 4507 2115 1691 3360 4221 2089 38 4915 3668 4610 233 1222 2713 1207 1978 2882 2577 4418 4787 1520 3338 479 837 3782 3385 3010 1191 2219 3181 4663 892 2183 2709 3599 85 3381 3472 3692 3091 4653 1155 1198 4432 4055 2984 2631 1717 3821 538 4638 1076 363 4987 3324 3305 1433 433 392 4654 1179 874 3818 89 2631 595 495 2600 1746 3049 3489 1706 3385 3349 2745 4681 988 2596 3893 1882 2652 3132 1898 2463 4856 500 1842 1457 2245 1487 3430 886 1378 32 1002 1990
2333 999 1495 656 1132 4403 3323 2571 3032 4776 1189 4578 2413 123 149 1947 928 3756 4820 4812 652 3401 2403 1867 3973 3450 3148 537 1493 2253 3397 3771 1234 2617 4165 544 178 2754 2087 524 3782 2051 1100 1698 2277 3899 1007 3321 2526 2971 980 3232 72 1317 4457 4885 4099 4887 841 3122 662 1118 1981 4702 1862 2463 412 4448 594 4005 1460 1771 2827 914 4229 4055 31 3140 1008 3990 800 1096 3325 1817 3154 1776 4506 2030 2231 2403 1234 419 1105 1750 2931 4874 2582 4920 1908 3668 767 602 2134 4969 4833 2551 25 4588 2430 895 675 720 1177 698 3479 4603 4044 4009 4621 995 997 3926 736 2150 1204 2479 1175 4953 3717 4565 209 3665 3528 1551 2039 2685 155 2583 774 2545 1286 116 577 2833 4748 2095 1153 1493 2333 2868 897 4390 798 452 3652 1135 1041 34 4958 1437
13 3554 897 1583 4916 257 2337 4060 3130 3404 2150 1483 1954 1240 4267 3740 2797 852 3205 2275 4070 3324 1420 4421 4818 312 3253 4134 1049 4796 1037 3531 1805 3699 2725 1268 3655 4389 2542 3782 2758 1053 4921 839 741 2295 3659 812 810 1955 4804 4946 4160 3104 862 912 3621 4298 2997 4435 1920 1986 2057 4066 2996 2085 758 3423 4895 1081 4566 847 211 1279 2958 1698 4681 749 534 4249 4118 2572 2365 1449 3758 2284 354 1437 354 1456 3679 2553 475 3993 4013 2006 429 3700 2981 3926 4273 2685 186 4012 360 1880 2739 278 1153 1552 4657 3655 675 4559 4692 313 1226 4377 4136 4615 1253 2101 3969 3055 2361 2709 1288 1375 1893 1953 4755 2222 2968 4308 1079 1661 451 2450 746 3394 2842 3122 3659 2045 1043 4367 2172 1307 45 2758 191 599 3264 1633 1063 4886 2873 2363 4707 1964
3491 1397 4876 3655 984 1358 1774 2592 1339 3758 4371 2662 2808 4834 1032 4024 3716 4178 3726 4457 1129 843 2690 3272 3903 2737 1977 4565 2741 1365 2714 3018 907 2349 828 3076 3689 3564 1700 2051 1053 2277 501 980 433 1252 1791 3296 3063 3884 4172 4917 4728 2026 4559 1018 2888 4774 1704 4957 4280 1656 2507 18 3768 3356 2893 889 665 4133 2339 1244 63 2657 1435 3321 37 3120 642 4218 2765 1877 4602 2556 1007 1627 3996 258 3831 4750 435 2027 1959 1053 3032 3846 2106 2329 4573 2450 2189 958 1873 3001 4322 3745 2867 758 1261 842 587 973 4910 4216 1833 2795 2097 1978 589 4721 4078 863 1489 2663 3752 4122 4303 1923 3061 2239 213 155 3959 3164 1345 2272 2867 759 3916 3443 4561 3469 4840 267 986 4618 3893 2681 2328 2085 4565 4608 3138 4251 2184 3766 1766 205 1102 4940
2385 4689 145 3644 4043 2355 158 3491 4304 4041 932 663 2663 1997 413 3982 4895 3367 4771 3868 914 4568 2605 1677 1076 3858 2852 1796 2501 1381 2962 1911 1544 2745 1705 2397 1152 4677 2374 1100 4921 501 2812 1206 4859 4166 3566 4147 4494 2121 2027 1733 4243 2020 2239 4507 212 4011 2107 2200 2008 3553 1130 3770 4855 1352 574 94 1238 2519 2161 4879 3597 4327 621 4643 2629 2142 3228 2999 4753 2730 2534 2636 3189 1800 246 333 683 3923 3105 2328 4006 2697 1246 4498 4218 1538 1376 1927 1455 2180 51 2855 2227 709 3322 1266 4298 3719 1956 4006 1987 2183 4059 2518 533 1062 886 180 2957 1591 3467 2745 249 1840 342 3012 719 2853 4440 1462 979 3378 1561 2534 3719 1725 1546 4098 1228 1045 3038 1980 607 4095 3111 1489 1744 2509 4994 471 4864 387 3443 4969 2079 3846 1738 2625
4146 3899 2122 4653 2404 1411 522 3279 3881 1401 4151 2651 211 1509 4275 3641 3820 4553 3773 1551 4035 3889 4519 2039 3990 2038 4034 1099 1679 183 1515 3911 2368 2898 171 3586 616 3594 4839 1698 839 980 1206 2673 218 438 4172 2827 902 2571 4524 947 1360 2394 2519 1690 4448 859 343 2340 3992 803 1423 4184 2472 4074 4079 3393 2610 767 742 2056 1273 3249 1180 3932 4220 4825 3215 4963 4893 152 2635 1932 1252 4587 3263 1137 2671 3802 1174 181 4303 2690 2820 4548 768 1640 2305 3384 3506 2173 2125 1009 1934 4764 2708 2026 4953 1696 2081 4527 1828 1443 352 1087 873 3598 396 2095 3611 3979 4886 651 4470 1277 4029 3538 2328 1423 3063 1227 2289 522 1261 992 1589 1077 4751 4463 1130 3533 4699 2675 4935 424 987 2398 3234 3830 4971 3562 444 1054 3386 2916 4335 3715 876 3257
1199 3870 1005 1521 1642 4298 4048 573 1998 324 3285 4933 485 1612 1550 871 732 1045 3509 4037 3540 4371 2645 4100 4163 3703 968 4510 2532 3099 1936 794 1541 2363 2972 3911 3565 292 2858 2277 741 433 4859 218 4113 4549 2668 612 2890 3417 2013 1303 3783 2456 2974 4453 4386 3845 2957 4413 4905 517 4615 2975 2218 3270 1683 2162 3545 499 822 1092 2839 1599 1991 2229 1419 1058 4051 1960 3350 4294 513 2620 3703 4116 2471 1584 2061 4935 3410 1365 1641 1924 2684 1608 462 3064 2484 1333 2765 4757 4083 4763 3694 902 3395 2588 1558 4139 139 3533 752 4504 831 2438 3971 2860 3732 3388 290 2233 4835 2018 2864 2913 958 2069 3960 1901 4744 3324 4717 1639 3867 4289 2243 3060 3405 3730 930 4967 3136 3946 1925 3042 3368 626 1588 69 932 4520 4687 2876 4675 4117 3733 4298 940 3257
1767 2829 4635 3142 4636 4208 1987 2950 3385 4704 1515 582 3607 4135 2619 945 4024 3792 1171 2649 2442 129 2389 1267 367 4182 1902 4071 2919 4362 4097 1824 4251 3071 1225 2261 1610 723 2489 3899 2295 1252 4166 438 4549 2635 191 4931 4291 2516 34 3081 631 2863 122 677 1987 104 1395 1297 3933 2784 3754 93 3792 3745 291 2235 320 4355 1304 2289 3489 4058 2658 4650 1708 2534 2380 3341 4621 4308 1579 718 1565 886 562 2167 4304 3216 1159 1463 3566 3497 4975 941 1379 1469 2681 3830 4823 4476 3151 4386 2589 1114 2013 4158 1471 2069 2935 774 4222 2246 1463 4767 2193 204 2294 1040 889 1193 185 3518 3680 3911 3664 949 627 2512 753 3888 2706 4699 4576 743 1297 954 986 3597 2630 316 1332 2298 4126 4446 147 4787 2766 2614 2614 3978 3005 264 4258 2368 4520 3513 139 4232
3900 4425 2083 1643 2782 937 4445 2176 265 4032 1938 4477 3981 3414 700 1615 3036 2299 3509 4361 4224 1625 912 4271 2951 4751 2566 4433 1423 713 233 3563 4070 2701 2373 4248 562 1743 844 1007 3659 1791 3566 4172 2668 191 1757 3814 216 1825 2952 904 764 2020 111 3920 4518 3350 3322 1537 638 2264 2814 463 2439 400 848 970 915 745 4919 4313 3869 1340 2828 4972 914 4353 1930 3326 440 307 3675 3271 4442 4619 81 1272 2150 4021 4033 4318 2540 1784 3858 1570 1389 289 3274 2657 1298 2029 2063 3436 4963 3880 4719 3940 4001 106 4136 706 2890 2197 4048 1580 67 1077 4258 2730 131 3013 4301 2029 3741 1348 1801 1486 4552 309 2331 3853 312 2785 4793 3027 195 4410 3428 4263 1998 3742 1748 4739 3891 81 2363 2848 100 2817 3220 1530 1332 3481 2353 4519 1797 1163 412 2019
4092 3577 4668 230 3752 405 4716 3875 2833 61 1725 4097 743 3339 3179 629 2068 1456 2545 4185 4893 1806 3650 4312 169 225 1767 1312 1095 3503 303 4431 1386 1027 2601 4286 423 1618 1847 3321 812 3296 4147 2827 612 4931 3814 2350 4563 1183 2055 131 4049 2900 454 3580 4290 1514 1911 706 251 1317 3801 553 4628 962 387 4763 2687 607 2530 1264 323 2166 1527 3743 3504 3905 1730 1588 114 2287 126 4924 1695 843 1903 4320 1037 2665 273 4552 236 2132 752 1689 4388 142 3654 4895 1291 1463 1242 1712 679 452 1678 3494 2534 310 3649 450 4733 4666 3529 3869 3812 3152 2075 2859 444 4803 2946 386 1471 2842 4888 2947 1475 4118 4391 4505 2528 3191 1614 3349 1170 4566 2461 4745 3106 3891 4761 3067 2484 624 2179 970 24 2395 3009 1453 311 4815 4161 2773 3071 4086 2857 281
3265 943 1256 3140 2986 3452 4571 3727 1119 4427 628 1235 1107 736 1329 1329 728 1990 4871 784 3040 1531 2887 2539 1900 4702 1151 3788 3787 891 486 2641 4593 1507 2555 4611 3610 514 3782 2526 810 3063 4494 902 2890 4291 216 4563 346 4424 4656 4251 83 3371 3859 4994 2049 4570 3080 4318 1661 270 397 1387 1012 2693 4584 2842 1171 228 4663 3867 1377 1815 2282 4517 1351 3737 3210 3663 3651 551 4346 1045 4516 3363 4703 2250 3083 4752 1987 2400 1069 937 2590 4742 1959 288 862 4180 4198 653 80 2039 3016 4942 597 3648 3228 1385 2437 4472 1187 4849 4062 2310 1610 4733 409 901 2905 41 836 1525 3619 3192 90 4759 2570 105 668 29 620 2960 707 2437 696 83 3950 3573 1433 3193 4226 3425 4700 3915 640 1129 2422 27 2840 2779 3349 3125 4863 3916 2100 1464 315 1552
961 745 2667 835 1269 3514 1997 2089 3156 237 2902 4640 4908 1249 2820 1361 2829 3271 2569 4797 1890 2458 212 4298 3811 3800 4302 2892 2691 3166 1854 4919 1802 4129 1410 619 1085 474 4267 2971 1955 3884 2121 2571 3417 2516 1825 1183 4424 1293 2993 3316 4808 56 3246 1743 4086 3030 4511 3242 1533 2387 4800 3261 765 2029 2996 2380 913 1788 4111 924 3641 902 497 4582 4617 4664 4916 969 357 2831 3762 218 2271 574 464 4010 3784 3101 4917 1405 3013 3337 1465 3836 923 2594 977 186 4424 4327 103 735 4039 4363 780 662 4410 3919 3655 4069 3077 954 4813 2964 2565 843 2661 314 1030 125 3336 4277 891 4098 1755 3809 4170 2660 353 1731 4442 777 4659 440 2976 4356 2861 2146 2048 2631 125 745 2421 4028 100 2589 4594 3534 703 4359 820 132 4801 184 992 2142 1315 4506
621 4903 1133 3398 2051 463 3594 4306 3102 669 376 587 3340 1903 1387 1448 765 4002 3481 4438 4468 731 1405 2750 3315 407 534 1437 2494 4534 4681 2034 3242 2258 4228 2988 4173 4867 4200 980 4804 4172 2027 4524 2013 34 2952 2055 4656 2993 4102 2458 3615 2670 902 3983 4582 4481 3760 3029 4021 1049 4900 369 393 4388 1636 990 4495 936 3782 474 3747 2882 643 1254 709 2728 3505 4614 1419 2056 2719 2892 3406 4106 131 4473 28 1241 2056 3884 3503 4217 4311 4720 2976 4827 2638 1646 1358 4645 4648 4626 4968 2455 1820 4969 2360 4403 2298 3843 2853 3231 3479 69 1028 917 130 891 3615 3827 2648 3990 4729 4527 1459 2790 1504 4565 3897 2723 1458 4946 2968 2357 2294 3007 59 4359 3450 3903 4639 403 516 2495 569 1905 4168 2386 4428 4134 3154 2483 1822 1619 3685 4836 4802 4019
