N: 160
M: 20
Symmetric: true
Triangle: false
7 154 159 93 42 108 10 53
6 29 69 83 65 153 124
6 92 84 78 126 142 134
6 1 106 96 125 131 109
6 68 18 115 59 88 95
8 74 133 49 66 116 112 102 57
10 55 56 127 119 114 107 12 4 40 132
10 147 94 143 145 89 28 156 27 122 110
6 77 34 38 14 75 24
6 15 139 32 21 87 111
8 30 82 113 101 104 99 8 157
7 60 25 43 70 44 118 97
10 37 17 62 85 128 33 121 47 141 103
9 7 91 11 100 51 9 61 3 2
8 80 86 16 150 26 35 98 31
10 45 6 20 54 123 146 71 72 155 46
14 149 19 140 13 63 58 36 90 22 5 48 137 64 117
11 41 79 76 136 73 160 105 151 81 130 52
8 144 67 23 138 148 152 39 50
4 129 158 135 120
1956 4514 2729 1991 852 2746 2013 2944 3781 3631 3589 2700 2271 1209 4669 3586 2247 2870 750 4812 1015 4292 4679 4169 1022 1369 4380 4230 4446 3809 3752 3612 4817 589 516 2142 1069 2731 3326 4656 4875 4434 2366 2404 2287 1157 1175 2540 753 1299 998 2258 3031 1168 4577 3980 381 668 472 3644 209 4623 4439 3928 3897 4671 1276 3287 4607 3412 24 3256 1711 4498 1924 4421 1858 3883 569 3010 4017 2250 1593 4054 2417 1377 529 3042 3746 616 2189 2436 4298 3151 1636 3914 1983 3530 2100 1510 3474 1181 658 4260 504 4748 2681 1386 1933 4603 2866 776 2277 214 1730 1167 4909 1550 2383 322 4542 2666 4422 2473 3882 4647 1483 2682 1116 2825 2725 2099 1008 4580 3388 2060 2476 2995 634 1966 3676 2779 4194 1342 954 3755 4053 2739 3853 2156 2540 3365 4894 3773 2570 4067 4234 1188 2956 1729
4514 2519 3926 1288 49 4782 1827 4929 1755 4357 1235 1284 4441 778 3273 4935 4480 2368 1709 3650 678 1007 4374 1183 3716 2891 3475 2049 259 3713 1162 990 2527 4277 4631 4972 4980 2721 4010 4105 75 2449 2202 1441 1202 1610 4885 1179 3517 3381 611 4123 2739 1556 3120 3843 3664 1482 1150 1781 4699 1191 2187 1561 2999 937 2848 3622 1762 1270 407 2725 1574 4843 1961 658 4272 761 1778 1367 3987 566 3620 3241 2830 3077 3195 3361 3703 1793 504 486 3467 2774 4221 4172 4311 1172 589 3605 2289 4006 1263 1681 2364 1155 3166 1888 994 1282 4475 2147 3796 3641 1077 1720 4886 2192 4958 4636 659 1247 249 1912 4989 4317 4471 2160 4156 696 2120 597 2746 4208 334 621 3795 2571 1523 1603 1795 3315 1808 4537 2072 3261 1984 3346 788 4109 1013 3196 1492 3329 744 3318 496 60 2490 640
2729 3926 3630 456 4044 4154 2717 1050 1380 1188 1872 2924 3590 922 2179 4980 4758 3395 4347 4108 1316 50 1128 3808 1401 1701 4036 3207 3055 14 1263 4204 2381 2357 790 2788 3920 1014 1471 2354 2562 32 1002 3422 3245 4466 674 2438 4803 2914 3883 4373 2795 19 2721 4838 4168 2659 2981 1506 2198 81 2641 2128 264 2201 3753 2081 1358 3053 4021 3113 645 471 2581 308 4641 3588 4435 381 162 3627 3226 2855 1566 3192 3433 2303 175 2230 3120 2877 689 2822 3538 4955 3211 4311 541 1848 1235 1505 2125 432 4642 2362 1815 2340 3568 3692 1908 2241 2071 3828 4376 4544 4964 2610 180 242 4608 4260 4144 3391 4208 4006 3069 3243 1204 155 152 3180 1507 4408 2022 638 4079 4607 1842 3986 1604 1014 2207 521 3969 2483 477 2885 1952 1188 2638 171 1801 2277 1302 4846 525 2796 3471 1961
1991 1288 456 623 552 92 3622 1852 2743 3988 4812 2414 4312 3064 3229 4712 4859 2102 2572 3872 1910 2083 4754 3664 4085 1962 3845 2715 533 4999 945 2315 451 4691 3535 2601 238 3793 4877 2771 442 2162 730 1263 1439 1195 1088 2922 4527 3803 4111 432 1059 2467 2189 766 4357 2888 2273 1677 2156 3723 2820 506 3725 4827 2694 1560 1567 608 4032 4058 4802 2616 3022 2817 2923 709 995 4096 555 2134 1481 1058 779 2940 3661 4107 1103 2228 852 4668 4554 3853 752 4998 2316 4985 2007 2906 2424 4505 2093 3376 106 1388 3212 3563 4987 3983 2545 281 2015 4364 4154 3812 70 4880 3733 973 2807 2307 1640 4694 1159 1219 1509 3265 3729 3999 4186 2610 3981 4924 4325 2845 2604 2616 4871 4998 3651 982 1944 1751 3119 4576 675 2477 845 1270 528 1101 4014 3918 3696 639 4319 4760 4195 1256
852 49 4044 552 1752 1346 1777 31 1259 2137 1004 392 4919 628 2785 1218 2787 1026 1395 3215 3462 1693 3249 3113 3244 4394 112 2472 4474 764 3024 4902 178 883 365 4630 4098 1021 1147 1895 4146 4603 3582 1943 946 139 2540 4431 3820 3716 85 3207 123 3228 127 3753 3727 3016 2243 3714 1249 3867 168 4153 3291 1432 3232 2090 1003 4418 2303 4696 3530 2012 4029 604 3448 4437 4107 261 2234 610 3412 4387 2246 3050 1654 326 906 1557 1009 120 2831 1336 4931 2868 3860 784 3242 2658 4040 194 2867 38 652 4718 3094 2626 2155 1701 2087 1576 450 771 214 4561 1550 3636 4023 3623 1884 321 1063 948 3122 2495 1171 1686 369 2641 3569 2826 1261 1719 1072 3187 1656 2932 3481 4912 3189 1493 4766 1928 2338 437 1559 3702 2718 1744 826 797 2991 3018 837 1369 933 4685 1520 3048
2746 4782 4154 92 1346 4535 4912 2654 2650 69 3551 1136 617 3264 1215 4521 3909 1837 3995 1106 4722 3810 978 1344 3396 1065 1628 3248 2422 1074 843 3566 643 1569 3203 1294 1810 3466 3348 1226 4315 4309 1294 4345 3103 3052 706 4004 3044 686 3429 2548 3621 3588 1422 2600 1029 1808 1004 2374 2595 4428 1083 3074 2206 2792 223 712 3636 3293 1331 2835 687 1056 2888 2237 3276 4851 3477 1245 2109 3000 2717 871 3209 933 4313 4712 2743 1192 3259 705 4701 1352 1393 101 4918 2338 2842 395 4729 2983 3085 1129 636 1189 2080 2974 1351 1004 3457 4336 2990 1941 3406 2286 2758 4075 1901 1730 4023 2939 1091 3215 1351 2513 782 479 321 3582 4981 2802 3318 4954 1881 1396 3638 2053 4439 1563 1216 863 4797 2874 3922 3456 1493 1855 3167 804 984 3998 1981 929 3757 3076 1710 2121 896 1672
2013 1827 2717 3622 1777 4912 1208 909 30 3337 2468 1572 1112 1136 2182 2721 3438 4909 998 4382 4685 2808 3170 3900 1105 3485 2529 3325 4911 4771 3974 2434 1101 2809 1324 2633 2523 2786 3090 2972 1036 3808 3554 1726 1790 3378 3146 3961 2438 399 2053 834 3903 521 3170 2631 4723 1723 94 261 4798 2925 1627 3514 1129 2873 1503 4371 2625 1455 1357 2893 1790 2113 3423 600 2089 4106 3346 3093 1706 3029 4586 2686 956 3555 2043 815 2848 3080 1091 2994 1426 3016 511 1102 1331 1571 3856 1086 1567 3463 4269 427 4152 758 4724 3879 4694 742 763 4781 3742 4382 471 2259 1533 3101 4574 4220 165 227 4364 621 4753 1955 1456 1915 4320 4941 4490 3929 1071 554 624 2328 3565 4836 4568 2474 3291 949 1888 3082 669 4147 2325 675 176 3408 4432 3837 3155 380 4224 2979 3373 2167 78 1528
2944 4929 1050 1852 31 2654 909 1421 4192 2984 918 4765 1442 4001 1455 4086 1762 3473 2261 51 3245 3770 2934 2007 660 738 170 928 4885 837 1077 4122 2599 4400 2634 656 2287 538 810 922 4692 4327 4965 4098 2882 2247 3134 3668 4146 386 480 2517 3889 4171 321 2988 1558 2294 457 4731 1428 2574 1286 3807 906 852 347 1218 824 1479 4288 2393 4269 3300 3795 2137 4029 426 782 3107 956 804 1012 2807 2763 754 3978 3840 365 747 3012 2938 4630 522 3847 729 4603 3266 1001 2637 2371 1317 3233 4090 77 2330 590 4007 4134 2826 2988 3101 419 4534 2225 1229 386 3685 2676 1640 3046 1644 4764 1494 3948 2695 3065 1813 1329 3494 3506 1941 1712 472 4812 2909 4251 3973 4556 3041 1983 2373 605 2221 2945 2311 2688 590 2996 2686 4766 1935 2799 1424 4840 4697 340 4794 2184 931
3781 1755 1380 2743 1259 2650 30 4192 443 897 752 1947 1263 661 1770 312 537 2737 4808 768 752 954 472 426 4295 4375 1344 881 2761 2133 1254 4021 2388 139 1762 319 3125 4295 1690 358 2611 1973 4983 1668 176 1810 4075 2426 1011 2617 1996 1121 1626 16 1627 2983 583 3414 4760 806 1008 2684 1468 949 2090 1968 2509 3925 4302 2363 4860 3181 3622 2225 3687 4646 148 3721 3310 1844 1902 2245 4693 131 4293 4392 1636 154 577 2738 139 4527 974 2467 1517 3454 1744 2724 1896 2406 1212 1919 3234 2186 2105 1276 2469 3915 2565 880 359 1024 3240 4263 1291 946 4031 488 1365 1011 2617 2621 633 3795 4349 3062 2906 4810 2358 909 383 285 1672 1464 4205 4198 3305 3248 3089 1617 290 1612 3344 4495 1036 4811 1165 171 4011 683 3131 1462 4116 4466 2372 709 2937 1720 4257 413
3631 4357 1188 3988 2137 69 3337 2984 897 4944 4456 1858 201 4325 1749 4637 2387 3085 4414 2570 543 3495 2185 4909 2900 2944 2941 149 612 936 355 2491 4987 4684 3383 2540 1829 3039 1259 437 2280 1744 2608 500 1402 582 2058 898 914 2285 642 1234 3438 4188 834 1460 4633 1978 2105 4662 4213 405 554 2544 72 1002 4216 3797 1260 2997 1076 1766 1438 1698 1510 1262 4186 3101 3803 67 2114 2485 4089 4993 1458 4116 4648 85 3428 3281 897 1273 4114 688 4922 2910 3723 1686 4404 1462 227 151 4335 1838 3190 4949 2635 910 1747 2933 1674 2786 2106 1334 196 4064 174 928 2863 3604 2371 705 638 1154 1703 1861 2668 2195 4230 4608 3962 766 799 3637 4707 2225 119 4875 2045 2354 4823 4508 1113 4564 1846 3159 3492 3805 1714 235 3666 1736 1540 127 3928 2950 2266 992 207 4996
3589 1235 1872 4812 1004 3551 2468 918 752 4456 4963 586 4489 2683 2456 3727 1115 758 2748 2675 2146 4937 3328 1539 4423 3321 4698 216 2421 201 4026 4092 4028 3532 3710 4651 1144 2860 4034 3898 2403 1358 777 2658 4526 3718 2693 183 1315 141 2369 119 4959 3655 967 1523 2739 2619 4387 1020 22 2121 1449 693 2452 2826 4020 1347 1011 4794 2954 1909 2487 4116 2045 4830 2844 15 1058 552 212 2461 2551 1360 2599 4596 2647 1215 2598 4031 2703 4374 3399 604 1086 2694 1509 2047 2985 1065 1614 1068 1199 3909 2940 2720 3792 4566 1932 3114 4704 3649 1810 4030 3898 4389 2456 4333 874 1478 3068 2872 2669 4190 755 1000 1525 1635 4299 2689 3616 3248 2557 1558 1165 949 2468 135 1485 39 3078 3436 2693 4427 1442 2169 3889 861 1737 602 3524 3338 2541 1003 2563 283 1857 4889 2065 4053
2700 1284 2924 2414 392 1136 1572 4765 1947 1858 586 3633 1160 4182 2729 4294 950 237 212 1758 3699 368 1790 2293 610 1525 2524 3137 3531 3995 2362 2801 3704 1817 2243 33 711 2016 2302 1480 1941 1666 1310 404 4514 2856 3645 37 220 158 2811 4978 3441 3493 4959 3348 107 1946 1890 44 2800 3608 296 2993 2150 1666 1084 3175 3645 3187 1696 2562 602 2382 2841 1217 3549 3318 1374 2217 3956 2812 4401 4830 3280 2192 4071 1839 2881 2327 974 4985 2499 1258 4560 4834 751 4988 785 3433 2280 951 3146 469 2046 4405 1713 3063 4713 2152 3819 1514 481 1659 902 3223 893 1218 3863 470 600 3181 2779 4888 3611 107 4091 1231 2267 1876 3284 2432 4262 4172 814 92 35 2730 4974 3875 516 53 1478 4673 2530 4617 4389 3872 3717 1998 1642 2855 824 4208 3364 4586 277 1503 2033 3775
2271 4441 3590 4312 4919 617 1112 1442 1263 201 4489 1160 1040 701 4267 1010 418 2899 4377 4223 3125 2450 4460 2881 4472 1262 3955 3962 29 3346 3017 952 672 3294 4880 4456 2153 2960 4298 3529 4061 1254 290 4996 4455 676 3111 4694 3164 3396 4532 1918 501 3833 2862 4348 751 3642 1323 4478 2717 4613 108 2700 1587 4717 4797 3836 723 2225 742 2171 4477 1710 3432 2155 765 1971 3544 3498 3176 4115 356 1988 4374 3054 901 4648 3589 1071 4742 1889 1244 4531 1711 774 2395 4937 4205 3488 3665 3495 3787 2056 1085 705 1329 3135 4065 103 2868 3478 2368 2781 3937 3882 958 185 2879 3580 274 3925 2365 1733 1193 49 4238 3341 900 1089 949 1956 1261 1446 1728 1630 2070 690 411 2046 1308 3373 3481 53 31 1984 533 175 4498 932 2744 3796 2784 887 3404 508 3823 3862 1524 1549
1209 778 922 3064 628 3264 1136 4001 661 4325 2683 4182 701 1755 4301 4327 1524 4312 3750 2082 2538 2163 3715 821 1495 168 232 712 4672 1665 3531 4445 1486 177 1056 3837 3387 4720 2013 992 3213 994 3845 4227 3884 4766 3470 3322 524 4194 926 2751 4406 103 2282 719 2818 4338 1574 2207 2359 3886 2506 1911 424 2110 2933 2851 3033 4595 2445 2305 865 761 2583 4344 4088 3730 3908 2663 941 1496 4686 3724 2565 2302 4371 4153 3359 1720 506 3044 3967 2036 3574 50 2961 286 4484 497 4963 3227 3062 2745 63 1618 1688 3187 1672 3699 3898 3658 3061 1293 1230 3604 2073 4952 1197 915 4783 2591 2311 3564 170 364 2604 4814 4292 1810 1253 2365 3070 95 4231 233 3295 2236 2774 721 642 3603 337 4587 4964 1651 3345 4285 2782 2853 3363 555 2315 3860 2208 582 3254 1761 1401 3812
4669 3273 2179 3229 2785 1215 2182 1455 1770 1749 2456 2729 4267 4301 419 3961 3452 1004 1477 3532 2638 1032 572 822 1230 59 1981 123 3266 2364 4561 2798 2978 1792 4675 4260 20 3054 4278 2377 1238 1716 3549 2098 668 3804 4925 279 1588 1837 2524 780 1556 1220 2075 4879 262 449 2559 3646 4754 2280 54 4522 796 4982 1094 143 1396 2270 2264 1505 2632 2895 2005 2805 2622 1896 2162 3194 331 43 2289 4065 3780 1455 1640 3420 2576 2848 3071 4851 2438 92 192 1353 3261 3477 1262 1708 4553 1500 4350 3198 3122 836 3676 2025 4867 4905 2083 4784 750 3224 2222 4356 751 4035 2012 1901 1965 3407 4055 4040 4701 3136 852 3891 650 702 4075 4608 1613 3355 575 876 1891 4715 2811 2939 3116 1039 4032 3395 2156 2651 3994 4444 4993 3521 2690 4015 3120 3496 1495 4854 2517 2648 3991 429
3586 4935 4980 4712 1218 4521 2721 4086 312 4637 3727 4294 1010 4327 3961 3590 1088 1153 1531 4792 2174 4966 2122 160 4841 542 4307 1122 4162 4524 2043 2936 3935 2296 2003 3444 3143 556 4162 2763 3871 1301 4843 1065 1318 863 2532 794 2326 1105 2324 2479 1037 2055 689 114 1473 4621 2203 891 1596 4684 3868 2699 3352 4977 2174 2413 2226 1966 2045 4513 4497 958 676 761 4126 3635 3384 1427 2353 3197 4545 2502 3076 2838 4484 138 2330 2389 3889 353 2929 281 2033 1364 721 1740 3050 3293 2116 3811 3189 641 1379 2512 4511 2080 3688 4502 1600 2011 3326 2922 4272 311 3052 2625 3209 476 195 4647 3103 4516 2544 4307 1468 244 2794 2231 33 4242 279 4476 2824 4179 2634 4613 1828 2031 1775 1603 2667 4348 4707 3948 2306 1021 4738 4628 1170 462 4764 2313 639 4751 4300 4695 2398 1955
2247 4480 4758 4859 2787 3909 3438 1762 537 2387 1115 950 418 1524 3452 1088 1678 3239 1515 4922 1985 2252 3509 1521 4603 491 934 4352 3074 888 4019 4295 1164 1231 2316 4111 2772 2429 395 2773 705 2647 3408 424 4590 4598 3709 2079 233 4830 666 849 2447 4757 3054 3775 511 2120 4556 3520 2015 1518 671 2125 145 1507 4792 1240 4186 3064 3493 1068 3829 3345 304 3468 936 913 1483 242 1043 3809 2450 536 3422 2548 2754 2385 4186 3383 1989 3832 2013 35 1427 176 4937 3684 4693 3389 3591 3583 4740 591 3411 3992 2573 1952 4560 2334 238 3591 483 1633 1937 2060 1571 2415 608 2933 68 2963 3419 2507 3280 4028 3754 732 1187 1303 2795 2051 2678 426 4169 3537 4586 2614 449 1679 537 3093 1332 3780 2510 3128 1322 2869 2041 3792 3131 4551 2362 2119 1417 4923 3877 1748 1374 974
2870 2368 3395 2102 1026 1837 4909 3473 2737 3085 758 237 2899 4312 1004 1153 3239 1313 3114 71 1310 2392 2945 3753 2050 1464 541 4540 4749 1104 3736 514 280 3184 4531 2571 2263 4647 4997 1111 4961 153 4561 2893 3378 122 1749 193 3770 1596 4217 932 1224 2768 4328 3052 1899 2761 995 4081 4069 4515 1321 77 2112 3631 2131 2147 4661 4686 3868 1161 2004 1950 4327 4924 2613 1767 2762 2717 2576 828 316 4840 3700 2039 845 1471 3944 2282 4792 3624 2729 2663 439 1743 2006 1876 3253 557 312 639 1729 547 3193 4735 3028 2780 3884 4244 3663 2950 1925 4997 4966 3174 158 4047 2543 3268 4187 3560 2755 4183 2964 966 4955 2174 1742 1889 3157 3788 1515 2806 151 2083 3125 2431 106 2685 3603 1381 4561 2989 1718 3854 4431 3281 4004 801 1016 2452 2377 666 3363 3622 3187 1734 1708 4596
750 1709 4347 2572 1395 3995 998 2261 4808 4414 2748 212 4377 3750 1477 1531 1515 3114 467 2367 1930 3309 4864 413 853 3252 2098 4955 3118 3161 3309 4357 3448 4152 1404 4003 1362 143 885 3719 4821 3937 3349 868 4107 4408 2970 4734 507 3691 4151 2378 4380 473 3961 71 1047 2092 3283 4619 4578 2434 1738 2897 216 2545 3331 2011 2070 4999 2523 3522 642 2787 1379 600 152 1902 2054 3519 2570 657 1410 4909 4941 3051 2134 3096 3908 4933 4893 4573 1703 4831 2561 668 2168 3937 4436 1361 2435 2512 1427 4540 280 1219 3188 2588 1100 803 48 2548 636 1781 2153 2443 2110 2248 1346 4679 2243 3288 1662 2567 4233 366 1977 3043 3845 3370 423 337 3420 620 2187 4798 798 2918 2076 19 4597 1805 705 2186 158 4228 3495 4306 2765 1803 4301 4447 66 4120 1664 2474 4265 3115 288 4861
4812 3650 4108 3872 3215 1106 4382 51 768 2570 2675 1758 4223 2082 3532 4792 4922 71 2367 1386 2194 2076 1959 710 318 2339 4019 2720 660 1662 466 2072 2454 2889 1683 355 2310 1914 3483 3773 498 4472 50 134 4432 784 2673 3333 911 3110 4779 660 422 3481 4750 2447 3723 3926 1439 861 875 1778 4301 192 3737 1787 4481 3796 4395 2813 231 1312 2030 177 2435 2587 2504 3081 1648 4482 3359 1973 4567 3282 1925 4937 1567 4606 450 3398 2960 4907 369 331 4456 297 4369 3078 536 1038 3618 2828 3326 1865 3968 306 1724 28 4964 1873 934 284 3263 4405 4838 306 349 2756 4546 814 2504 4215 3240 4927 1528 41 3420 95 2010 3727 2330 4167 1041 4143 3509 2800 1759 202 1538 3788 2205 903 4508 4346 1414 1328 924 2928 2858 2908 1320 1238 802 2807 2529 4523 850 3252 3242 3035
1015 678 1316 1910 3462 4722 4685 3245 752 543 2146 3699 3125 2538 2638 2174 1985 1310 1930 2194 3941 4160 428 3482 2422 2188 976 30 3039 203 2783 2270 3879 2918 2235 958 519 2630 4873 3857 89 4960 4773 2662 303 1126 1502 1423 3533 1523 3164 4411 4102 2301 2784 1064 356 4364 4007 2806 3319 3627 1497 1015 3551 2783 4645 3754 3701 4436 3330 796 3959 1275 3579 2747 967 4373 2669 3837 2147 4475 4459 445 345 1283 2099 2781 3326 1279 3615 3936 4855 3510 3143 568 2366 4961 3233 4909 3571 589 4410 493 2025 986 651 1767 4580 62 748 2341 513 4501 4732 880 1007 2538 2420 2913 1938 3553 3473 3067 3559 3921 600 1250 4342 3131 4009 956 860 264 4996 2141 4007 3847 2491 1328 4732 1600 3877 163 4348 2099 700 2486 3380 2172 1642 558 342 3241 418 323 4499 3550 2177 3988
4292 1007 50 2083 1693 3810 2808 3770 954 3495 4937 368 2450 2163 1032 4966 2252 2392 3309 2076 4160 4955 394 3821 537 701 2468 523 3606 477 410 351 2028 3641 4100 3065 3098 3054 103 1445 4100 2180 4850 1072 1851 196 1556 4159 2146 2200 4829 4896 869 4957 2995 1932 4547 2948 2006 2541 2387 4738 3155 1313 37 4293 4470 2460 2687 2585 2048 532 3441 3882 2686 3499 2053 3687 3104 2649 1459 4580 3839 1450 440 1280 2887 1694 3289 4953 3888 3689 654 3521 325 675 4343 16 3593 762 3080 4374 3237 1279 4960 2634 4049 4770 586 1788 833 4596 275 491 3558 2190 1147 98 3931 396 161 1302 1939 2613 1935 954 3861 3981 3641 1902 1593 2014 2957 4185 1336 3391 3939 982 582 2746 2391 4273 1314 1472 1059 2592 524 468 3184 2468 1179 3837 2114 2541 3152 396 2377 4423 4141 2432
4679 4374 1128 4754 3249 978 3170 2934 472 2185 3328 1790 4460 3715 572 2122 3509 2945 4864 1959 428 394 751 3615 1214 3227 2922 4562 292 2898 3757 172 1321 2193 2109 722 1144 3342 2010 4335 3550 2342 4351 3140 2795 4661 1569 4546 3622 4321 4817 1056 2868 2257 4345 3702 4871 3219 776 1020 1635 2302 3028 3553 694 1558 1909 342 874 4935 4871 3430 1896 4932 3839 4194 2515 3720 1025 3663 3140 1718 3665 1831 3686 4154 4445 848 918 1471 4561 3907 4744 56 1675 4928 1694 2223 4305 191 3118 1590 4118 4916 1825 2249 514 1994 211 811 2971 2185 3686 4763 3918 3530 3462 234 4584 4097 1917 2161 2112 3206 4323 1833 1560 1472 953 3072 4339 1904 1811 4440 4061 876 2453 1683 3727 3263 3475 594 964 1351 3456 1327 680 1133 1265 2690 3877 3215 2677 3589 4425 3034 4917 4789 483 527
4169 1183 3808 3664 3113 1344 3900 2007 426 4909 1539 2293 2881 821 822 160 1521 3753 413 710 3482 3821 3615 966 4153 4650 1880 3253 2551 1275 1536 2535 4768 1728 4089 3006 1333 4319 706 640 3862 3591 2920 582 3231 3597 77 4276 1816 4551 523 4132 1648 2468 3846 2709 1149 1285 1600 2079 4187 464 3118 2874 650 2379 2763 3401 4979 1078 1529 1911 2262 3900 897 4702 4768 2220 1114 4903 4580 4557 821 4596 2661 4822 964 4006 1704 1055 1315 3077 3992 1954 3189 35 1940 2946 1236 1518 3447 1170 3865 2002 24 333 369 4575 1742 2483 2952 2665 3835 1655 424 3250 1973 1006 4455 1737 309 3345 3730 1507 727 945 2929 3580 4601 2610 3353 2152 4560 3365 1785 1935 3284 4267 4850 4705 3654 4151 2570 4056 2561 2641 4547 4117 1683 4802 1557 499 1090 41 316 2943 2684 1649 776 3943
1022 3716 1401 4085 3244 3396 1105 660 4295 2900 4423 610 4472 1495 1230 4841 4603 2050 853 318 2422 537 1214 4153 3675 2725 3054 272 4782 2154 1508 4954 3409 3171 2261 4595 4349 1568 2590 1243 1561 2093 3832 3268 1279 976 2034 3056 2681 147 305 138 2948 1416 3201 2096 318 3222 2815 3459 2296 2754 1986 4984 2435 189 4037 3164 3214 818 1483 454 4258 3374 2856 564 1826 1631 4244 1532 4329 1911 172 3635 3781 2788 2687 645 1977 3916 3035 3588 3264 3426 4198 4785 422 2956 3381 3243 2675 3091 3818 4321 4790 1682 4225 1438 2664 2058 2761 2352 383 2721 4556 509 1171 124 943 2152 1328 4814 2947 4547 537 168 3960 4024 408 2697 3047 2117 4926 4413 2168 4266 166 2969 782 3850 3939 1756 762 1940 1904 4340 1504 512 2441 4845 4502 1426 3275 4867 2180 2041 1388 3814 3992 1484
1369 2891 1701 1962 4394 1065 3485 738 4375 2944 3321 1525 1262 168 59 542 491 1464 3252 2339 2188 701 3227 4650 2725 282 932 1936 2061 328 2449 2022 3192 1293 1682 791 3507 2019 4024 3667 3518 4965 985 2474 1181 2229 3205 2499 2750 108 3169 1423 3604 258 3504 1472 1007 2466 3698 1762 1946 4200 2741 2142 2970 511 33 1195 4459 1310 3303 4350 4782 2484 4935 4261 3763 47 3566 768 3319 2735 3612 556 2749 1743 317 3552 4225 1400 608 3772 3034 2186 1876 3940 2418 458 3141 3196 2870 3650 2110 3820 2062 2889 869 3553 2269 1879 1011 624 908 4051 709 1490 1095 4604 3114 44 4985 1990 1775 3239 1139 4219 3921 4764 2045 1139 1438 4678 4665 4351 1957 3969 4326 1478 4134 1546 4629 2185 3399 1161 555 4732 4843 1874 1595 4234 3744 3291 1579 3772 2858 1719 2880 1655 3749 837
4380 3475 4036 3845 112 1628 2529 170 1344 2941 4698 2524 3955 232 1981 4307 934 541 2098 4019 976 2468 2922 1880 3054 932 970 1439 2604 4791 1507 3910 180 3032 4030 4777 1803 1723 2259 3413 690 4737 4351 3630 4352 16 4422 1057 1331 1765 2964 34 2754 817 1604 2413 321 1735 459 4813 2917 1772 2743 1358 4048 2431 2836 3440 4558 4073 2376 4281 1592 1855 4975 4706 4362 1048 2173 758 3851 4127 2989 4027 3317 3606 1093 772 4372 2292 1348 1666 4766 4773 1191 2664 4169 336 3418 2254 765 2106 2473 1624 103 2987 303 2254 4373 2011 4125 2606 1668 1923 3018 3800 4266 1643 4860 4710 3821 3287 399 610 53 1380 3538 336 3716 2086 2669 2724 4037 3985 4292 1054 4908 1042 1966 1754 55 4280 3126 1619 1956 2739 4662 725 443 1708 1057 1321 1975 4304 2916 4318 2439 3730 562 3289
4230 2049 3207 2715 2472 3248 3325 928 881 149 216 3137 3962 712 123 1122 4352 4540 4955 2720 30 523 4562 3253 272 1936 1439 984 3496 1382 4268 2856 2371 109 4478 4174 1864 1892 1762 66 3169 3647 1346 3443 3557 3886 2769 130 2569 1530 4700 3874 2315 4251 2341 1711 2509 3298 3232 2096 1862 4016 2344 2071 269 820 1180 2440 1895 84 4216 3100 4578 4539 4265 1020 888 4285 3603 3660 3434 4277 1383 4179 4679 4816 644 320 4947 1985 4786 3821 2174 1749 122 3337 4452 4566 4933 2983 4895 2451 2611 1093 4281 3413 4421 1642 3893 3703 3018 237 3319 1109 4365 2286 2475 676 1973 2295 2166 3388 3956 3281 2047 1247 1040 1273 227 4071 1331 4858 3282 111 3096 4909 2683 2242 785 1369 293 2466 2413 4441 4408 1677 2206 749 4393 4878 847 1044 4162 4468 1597 664 3627 821 840 4229
4446 259 3055 533 4474 2422 4911 4885 2761 612 2421 3531 29 4672 3266 4162 3074 4749 3118 660 3039 3606 292 2551 4782 2061 2604 3496 3531 2035 3122 1468 2056 1999 1549 4284 1274 3102 4683 414 2931 158 2462 835 4550 4682 3971 2506 2340 909 3939 2797 1627 1258 4820 3220 645 4035 3987 2253 4635 4140 390 1331 3478 1463 4326 3884 153 741 1452 395 376 1479 4241 3401 48 3529 2520 1308 2920 2768 4019 1585 1558 3132 4265 4565 482 2690 919 3213 768 3335 4347 991 1347 2111 779 2891 2561 1127 2349 2194 616 2867 355 672 416 2715 245 2123 2032 2478 3048 4516 3783 782 3163 1074 1528 2429 4870 4517 4414 4966 1765 1539 87 1900 2213 3049 3502 662 3022 2540 4173 3632 1875 1023 2030 273 2297 1412 2292 4049 235 4380 2742 414 4307 3398 3999 4987 4611 1678 1377 4109 3488 467
3809 3713 14 4999 764 1074 4771 837 2133 936 201 3995 3346 1665 2364 4524 888 1104 3161 1662 203 477 2898 1275 2154 328 4791 1382 2035 1391 4129 4245 4526 2423 1357 2796 4407 3962 2656 31 1603 1449 4887 323 3394 925 4527 402 3902 1522 160 3464 2834 86 2970 2687 1581 462 3577 3873 4929 2681 574 2859 4003 1061 3502 4092 3104 3073 2739 4990 1052 1202 752 3143 3748 1000 4262 1830 1455 3065 2452 2715 110 4569 1064 2802 831 4162 1899 1144 1094 2004 3040 1921 3233 3579 4805 1481 3462 733 2962 445 2935 3980 1118 3542 1371 567 2587 3811 4316 2674 1763 3298 4214 2221 1385 515 3932 4413 658 2549 456 3318 131 2453 2639 4126 4777 1183 1844 2901 3375 172 1843 3188 467 1054 361 3243 2799 949 1941 3353 4514 4456 3579 4964 3639 4867 3686 4345 2662 2364 1982 164 375 1720
3752 1162 1263 945 3024 843 3974 1077 1254 355 4026 2362 3017 3531 4561 2043 4019 3736 3309 466 2783 410 3757 1536 1508 2449 1507 4268 3122 4129 4886 58 102 4398 4810 444 3757 1564 1228 1584 967 2014 741 3096 3218 3065 549 4032 2445 2880 4844 4182 2298 3260 3928 2063 3248 3418 2609 748 1399 4976 824 3681 863 4243 2836 2143 2270 2448 1405 95 4045 2545 2483 4939 551 3773 887 3207 1014 409 1455 822 4746 622 1178 3638 2596 1228 662 3183 466 2739 1084 2107 4096 115 3322 4109 4955 3781 4415 4735 47 2257 2103 4142 3384 3417 3009 459 4331 4200 3570 3059 525 3417 3146 4065 3126 4802 3462 1401 1866 3677 4250 4448 4285 2696 3161 262 3334 300 4913 222 463 1716 1067 198 1487 3365 1009 3548 4679 673 3676 2833 160 2168 519 1233 260 1178 3849 1353 3438 4485 4979 4285
3612 990 4204 2315 4902 3566 2434 4122 4021 2491 4092 2801 952 4445 2798 2936 4295 514 4357 2072 2270 351 172 2535 4954 2022 3910 2856 1468 4245 58 1985 4762 3584 241 1619 4142 4682 1201 1152 2292 2118 2784 4354 3205 2291 3670 1786 4423 4750 100 2523 3131 519 4173 2563 732 1718 4540 2672 2593 1230 1238 1734 2022 2325 3156 1169 2015 2890 1757 1855 4148 2360 1826 1864 4746 1700 3388 1665 3227 4546 1192 3232 526 3284 1041 4441 4976 1454 4069 1559 4678 4435 2827 2265 2220 4607 3113 4029 2845 2103 121 543 2447 2128 17 2638 206 566 613 3703 3421 910 4056 3821 3416 4841 809 1106 1311 429 3937 875 4902 1912 4797 2877 2853 2710 1837 2795 2822 2444 2860 1512 790 4847 638 2189 4745 550 3453 2992 2147 4635 2412 1954 1999 4436 3771 43 1068 406 3107 4260 2227 1634 1808 704
4817 2527 2381 451 178 643 1101 2599 2388 4987 4028 3704 672 1486 2978 3935 1164 280 3448 2454 3879 2028 1321 4768 3409 3192 180 2371 2056 4526 102 4762 2328 3615 4658 399 2181 2400 3449 4428 4835 4825 240 2400 2851 1540 4670 2719 2358 3561 2381 2676 3581 4097 3406 1959 954 1109 4184 1637 1654 4682 2636 2099 595 2201 977 820 4760 3610 2846 2311 3624 2189 1198 457 2805 4597 2963 4557 1367 4354 2385 975 3062 653 2857 587 1356 3697 4551 931 1142 4150 79 2646 3365 1047 277 829 3854 4802 4055 1024 1073 3821 240 2690 1931 1306 3876 4033 4718 4944 1096 2720 3290 257 99 4230 270 2623 222 4149 2590 3332 1475 3906 337 4586 4619 944 1006 1776 2352 4136 2927 2881 4069 3398 2160 169 4071 2192 3570 3350 773 3034 1244 4660 4788 2467 1186 1144 1273 2253 657 3654 1242 2719
589 4277 2357 4691 883 1569 2809 4400 139 4684 3532 1817 3294 177 1792 2296 1231 3184 4152 2889 2918 3641 2193 1728 3171 1293 3032 109 1999 2423 4398 3584 3615 1539 913 115 570 244 1537 2978 3043 4646 2300 1377 1749 892 3059 3537 3506 4971 3130 3164 572 4607 733 2368 4969 2318 3743 134 2379 1557 4935 389 4716 2949 1443 2590 704 878 10 4815 3825 990 2856 1555 2573 1142 3809 2148 4444 3134 427 3872 875 1429 4018 737 2325 2518 4091 2243 605 3354 4497 3318 2110 400 3967 4864 3738 2063 1745 2799 2355 3578 1972 2037 1018 4115 1188 457 4225 4052 3232 4852 3376 2550 4115 732 4145 2391 1277 4580 2149 626 2057 4773 3045 2334 2218 528 4148 3938 71 4541 2272 2851 46 3247 4155 3948 2716 913 4290 2158 3042 4886 481 1224 1774 4161 2355 4907 4185 311 583 3121 4584 2559
516 4631 790 3535 365 3203 1324 2634 1762 3383 3710 2243 4880 1056 4675 2003 2316 4531 1404 1683 2235 4100 2109 4089 2261 1682 4030 4478 1549 1357 4810 241 4658 913 2583 4903 2013 2515 3862 673 1562 996 3120 1763 1242 1429 3324 3888 2424 1969 3010 319 3217 546 3738 3854 4236 2858 4046 3261 1035 123 1780 153 3533 4469 1248 4773 2496 2119 785 3653 1924 2098 664 1586 212 544 3315 1485 2230 1384 89 2507 3976 4921 4254 4211 1345 1711 2309 4479 3681 2843 4680 3580 3719 2759 1957 3513 2947 269 1857 1496 3254 2375 1657 3069 2651 1022 4046 3123 2400 4416 774 2940 3565 3807 829 2494 2916 2705 50 4021 1335 322 3769 480 383 2507 3794 3561 339 192 4239 3896 3147 763 4672 4669 3869 470 4163 563 3838 3596 1598 1273 2367 1119 183 4248 3543 1317 4685 2435 295 1989 4606 32
2142 4972 2788 2601 4630 1294 2633 656 319 2540 4651 33 4456 3837 4260 3444 4111 2571 4003 355 958 3065 722 3006 4595 791 4777 4174 4284 2796 444 1619 399 115 4903 1396 85 1224 4805 1182 1976 745 2096 1759 434 1770 2711 3638 3233 3192 2360 1546 899 4755 4152 951 4253 1296 4206 1209 1476 2163 4900 4775 3300 2426 4322 1947 4805 3878 2378 355 3242 4956 1981 1441 4823 514 1062 402 2259 3291 3865 4383 1505 2518 537 4345 2951 3468 940 905 352 4960 2808 2960 2648 3820 4132 1140 3544 4777 4211 164 1408 1403 810 910 1099 4323 4203 2588 1979 2639 2634 877 251 2592 3946 304 4858 250 2666 3634 2079 1731 4978 1871 2729 4555 1674 4565 2290 4494 1023 2901 2106 836 2273 1748 4552 53 3506 1444 3564 2089 731 2979 2438 4909 2212 1419 1201 1406 847 1333 4811 1781 3441 3995
1069 4980 3920 238 4098 1810 2523 2287 3125 1829 1144 711 2153 3387 20 3143 2772 2263 1362 2310 519 3098 1144 1333 4349 3507 1803 1864 1274 4407 3757 4142 2181 570 2013 85 4227 482 405 2021 3288 3950 4743 384 1094 2806 4090 2993 1305 1700 1860 4541 885 3900 2547 2580 1802 2518 2567 2157 290 4641 1597 4378 3626 1333 4430 101 4689 1539 1266 958 2568 4608 2481 3805 2442 1910 1654 3293 3748 857 267 4405 2343 3881 3881 2224 3022 1094 4858 4635 749 2360 1120 4607 4709 1819 4184 3630 4371 2657 293 4559 4667 2692 4364 2356 558 1455 4261 4566 2880 380 790 2600 1668 3653 3789 3137 4731 2130 731 2478 2846 531 1869 3213 3032 1007 466 4775 2883 4796 2342 1743 1147 3867 2634 312 4936 946 509 2708 4593 4845 1992 4553 1939 1888 1552 1977 1437 90 2200 4217 4206 1058 1601 3271
2731 2721 1014 3793 1021 3466 2786 538 4295 3039 2860 2016 2960 4720 3054 556 2429 4647 143 1914 2630 3054 3342 4319 1568 2019 1723 1892 3102 3962 1564 4682 2400 244 2515 1224 482 2774 1028 600 4455 1248 3104 266 2902 2661 1150 3657 936 51 170 1309 3620 2869 3815 4043 1818 2189 1053 1671 1057 1446 2999 1010 1391 1322 3531 3885 3914 4388 4869 840 3639 2502 1620 468 395 2410 3764 3377 2738 2221 4527 576 590 4580 2340 1182 3364 928 4228 1783 3447 4029 2013 3164 2793 4234 3183 2749 765 1311 3508 545 4517 4976 3732 2307 1004 4131 4060 4601 2098 3856 1748 4579 3696 391 4787 4636 942 3547 2814 2482 4446 357 2012 899 1849 37 3360 1453 2397 775 166 1037 2521 1459 719 1218 1269 1035 2388 1938 1262 4720 1158 1706 2537 3717 4629 4235 1148 3809 2406 1500 1370 1997 1016 2093
3326 4010 1471 4877 1147 3348 3090 810 1690 1259 4034 2302 4298 2013 4278 4162 395 4997 885 3483 4873 103 2010 706 2590 4024 2259 1762 4683 2656 1228 1201 3449 1537 3862 4805 405 1028 4085 4532 4628 2406 581 2599 740 382 494 870 1965 3581 4764 1040 1757 278 4032 4004 1991 3409 2607 2281 3004 4679 533 665 4827 430 1803 4159 383 1748 2814 4585 2936 130 2146 888 4525 1828 319 1346 3523 2095 2077 2196 46 2967 724 3204 2696 3208 1847 4910 1644 1163 3575 2593 3852 3315 1146 1834 1224 4294 3710 1987 1241 1999 3119 460 272 2407 53 336 1140 3304 1260 2713 4006 655 4847 743 1725 4192 4200 3243 1853 3277 530 4416 1028 559 2943 1226 876 2695 1429 1505 1963 2581 2267 154 4773 3857 2809 140 2747 1080 3026 4254 3425 4609 3529 4070 489 432 1259 2183 2615 2608 2369 104
4656 4105 2354 2771 1895 1226 2972 922 358 437 3898 1480 3529 992 2377 2763 2773 1111 3719 3773 3857 1445 4335 640 1243 3667 3413 66 414 31 1584 1152 4428 2978 673 1182 2021 600 4532 4591 3064 524 4118 3443 1991 279 1561 1219 4747 536 166 724 1241 3289 4717 4659 3079 3590 2227 705 1821 3807 4850 3029 4870 2271 3898 2939 4660 2252 2189 2502 4063 4005 1615 2851 2908 1047 1179 4141 2640 2319 2871 724 2101 3843 874 4485 506 3090 2413 4768 2359 1327 2461 2400 1308 91 4696 1097 24 884 4261 2412 558 730 3042 2889 3973 4793 2782 4900 664 4832 452 2741 1518 4929 3875 3448 4794 4137 4916 366 1223 2166 4024 3306 497 4639 2526 1247 4448 3233 621 1450 2927 4375 4963 1145 1809 4546 4451 3269 1037 458 463 1021 1499 4189 3467 591 64 3694 206 983 2210 1888 4433 807
4875 75 2562 442 4146 4315 1036 4692 2611 2280 2403 1941 4061 3213 1238 3871 705 4961 4821 498 89 4100 3550 3862 1561 3518 690 3169 2931 1603 967 2292 4835 3043 1562 1976 3288 4455 4628 3064 1280 4507 1739 856 800 4197 159 3028 1623 3357 4988 2512 113 290 1154 4849 1557 4205 4382 4508 1848 828 497 216 4108 2178 2023 2594 1881 3810 2444 1250 4302 4207 2347 513 3097 1519 1451 3060 2724 2860 3968 4369 4239 3700 1674 3415 444 3752 1011 152 1711 1238 1065 1883 4034 4235 2447 4911 3747 1142 2463 856 2038 3249 1329 4115 1776 269 2144 3835 477 2323 1102 4116 646 2947 2483 1530 2100 4691 291 444 866 3647 3047 419 1280 2246 1626 4073 1627 1962 3538 121 326 3991 4762 3163 72 4638 3075 2108 1776 3401 4205 4736 1608 2535 2755 1606 3232 4210 1376 3657 4324 2908 643 3205
4434 2449 32 2162 4603 4309 3808 4327 1973 1744 1358 1666 1254 994 1716 1301 2647 153 3937 4472 4960 2180 2342 3591 2093 4965 4737 3647 158 1449 2014 2118 4825 4646 996 745 3950 1248 2406 524 4507 1403 2757 702 3765 1321 1999 2086 4475 1287 2554 2247 3419 3677 1027 3123 196 3865 3481 3241 3945 4779 154 598 1984 891 4866 2924 4413 4479 4330 2915 3027 3043 3529 129 3031 2822 185 176 277 2544 2342 4377 1181 3472 1971 3084 1703 3560 649 3202 1528 189 355 1368 3307 3055 3786 2662 2930 2516 598 3873 3962 3406 2794 3402 2171 531 4342 4304 4069 4401 2554 3106 3645 3180 4172 2533 2634 2068 345 2108 973 4763 4658 456 2521 3235 1054 3637 2535 881 1802 4759 3508 3149 1377 3256 4725 1710 3219 369 444 2559 633 4867 3959 3707 1970 774 3098 3504 4784 4786 4058 3232 1827 3220
2366 2202 1002 730 3582 1294 3554 4965 4983 2608 777 1310 290 3845 3549 4843 3408 4561 3349 50 4773 4850 4351 2920 3832 985 4351 1346 2462 4887 741 2784 240 2300 3120 2096 4743 3104 581 4118 1739 2757 501 2127 3285 2179 1443 747 1874 2516 4661 472 1479 290 4144 4026 2595 4873 1407 1796 2704 271 1873 1083 4599 2091 2518 4950 2659 3937 2861 4800 2035 4969 3224 2737 4406 1216 351 4823 2070 792 1467 2957 4465 1449 2823 4912 954 3181 2466 3937 944 3802 679 2607 4801 3257 1658 4934 702 970 1732 1893 2566 2588 4282 3959 4754 526 4445 3790 2506 23 1026 2671 716 362 1468 2623 4904 1303 4883 2717 1024 3676 2648 2833 4773 4585 293 4782 1941 4216 113 3688 3365 444 4893 1421 1931 2211 862 4612 3365 2846 4306 4158 1725 2589 3549 4269 4974 1321 3544 2260 4284 2601 3941 3365
2404 1441 3422 1263 1943 4345 1726 4098 1668 500 2658 404 4996 4227 2098 1065 424 2893 868 134 2662 1072 3140 582 3268 2474 3630 3443 835 323 3096 4354 2400 1377 1763 1759 384 266 2599 3443 856 702 2127 4723 1818 1775 1454 2759 368 3643 691 1995 1376 340 1130 3148 1461 3696 3987 1506 1415 4959 1206 4593 2411 1245 3426 1706 229 385 2477 2777 4157 1698 409 3791 2627 2989 3615 1916 1096 2382 2702 4519 938 4817 3497 1654 458 4073 2751 3757 3695 33 3963 802 873 3866 483 204 2523 473 2975 1995 528 1049 2185 4985 3092 2780 337 4229 2859 4954 4565 2862 614 708 4281 850 3359 2962 199 3249 3577 230 4196 4241 3920 4510 4990 1129 825 726 3015 4556 4760 2161 4500 4161 2428 4740 2800 3232 3975 1779 2010 4180 713 2293 817 4598 3660 4029 2886 45 187 1143 4443 4256
2287 1202 3245 1439 946 3103 1790 2882 176 1402 4526 4514 4455 3884 668 1318 4590 3378 4107 4432 303 1851 2795 3231 1279 1181 4352 3557 4550 3394 3218 3205 2851 1749 1242 434 1094 2902 740 1991 800 3765 3285 1818 1059 4667 1576 4996 1761 4807 4797 4579 2553 1438 1710 4400 4774 649 171 4258 4260 2741 4966 2303 4535 4433 4095 173 1035 4279 4617 3451 3297 3720 530 2595 516 2625 2044 4602 3892 1068 1003 3761 2272 4951 1801 2864 4012 3659 132 742 694 92 2611 672 2060 4883 521 1467 3683 4399 2812 4095 2396 119 4894 554 46 4857 2308 3072 1409 4504 2212 2817 3764 313 2428 2105 3237 593 427 4111 973 1771 4408 3751 917 3284 4294 4440 1135 2968 544 1605 1960 2549 4132 448 573 1816 2359 2585 1413 670 3104 1769 3402 3647 2499 101 3735 3741 1779 3448 4042 488 2359 3287
1157 1610 4466 1195 139 3052 3378 2247 1810 582 3718 2856 676 4766 3804 863 4598 122 4408 784 1126 196 4661 3597 976 2229 16 3886 4682 925 3065 2291 1540 892 1429 1770 2806 2661 382 279 4197 1321 2179 1775 4667 2306 3536 792 458 3268 1793 3927 3711 3228 424 1074 3256 1361 4093 4077 3853 2661 4188 2783 1541 2402 35 3151 4345 3969 1889 1705 1380 2536 4117 639 618 2474 284 1775 968 4499 376 4507 3550 4250 4219 715 2873 232 428 273 970 1623 4521 3243 382 2884 3129 2975 4481 3410 4124 3789 3100 1567 2932 4737 3186 2345 77 4145 4684 2158 3548 859 596 3178 815 3260 4481 103 2094 2078 4167 3027 3377 55 4903 4538 4121 4436 2024 4004 4736 4756 3129 4551 2941 1480 3525 2794 733 4110 2607 1171 4960 1239 4189 3337 71 1488 267 2140 3926 1505 342 1229 3047 460
1175 4885 674 1088 2540 706 3146 3134 4075 2058 2693 3645 3111 3470 4925 2532 3709 1749 2970 2673 1502 1556 1569 77 2034 3205 4422 2769 3971 4527 549 3670 4670 3059 3324 2711 4090 1150 494 1561 159 1999 1443 1454 1576 3536 3114 4274 2422 741 4694 1195 4124 1767 3375 4526 341 2104 2851 1172 1405 3915 284 4040 2288 2060 4713 1071 1100 4393 2807 3502 4763 3647 3451 3920 2934 185 221 2128 216 3779 4091 650 3401 3854 4366 4572 2718 4105 4282 4254 3473 2119 2538 1799 2916 4173 3343 2320 4427 469 802 2462 2577 3477 3718 2628 1219 1999 3865 4194 4078 4555 3319 339 2860 2982 4437 1968 4416 2783 2866 1238 4156 1967 4318 1570 3026 2322 4583 1955 1172 2539 4802 2811 2166 4880 2189 3941 4543 2243 1193 4650 3096 3678 4084 4537 4557 1547 3480 3560 178 2779 1096 2540 693 4716 2099 1215
2540 1179 2438 2922 4431 4004 3961 3668 2426 898 183 37 4694 3322 279 794 2079 193 4734 3333 1423 4159 4546 4276 3056 2499 1057 130 2506 402 4032 1786 2719 3537 3888 3638 2993 3657 870 1219 3028 2086 747 2759 4996 792 4274 4198 3925 4046 1471 3869 461 4981 762 2904 2933 1695 2150 3162 3985 3285 4748 3566 1001 4693 422 3108 3112 2069 3492 4173 1061 2009 3694 588 3393 1316 4722 2479 1940 2822 83 2354 2253 1207 4084 3486 86 4906 2540 1510 225 882 4683 3387 2636 883 2314 933 2414 1027 907 1880 4282 3258 1851 3031 2830 247 1761 2878 4529 1067 4970 3042 1650 888 2577 4928 3242 3677 2081 3431 4053 4928 3103 1465 2779 4041 4803 4298 3680 1138 4884 2610 2913 3774 4489 505 919 1118 3003 4958 2006 3315 4971 2746 2904 1437 3529 4301 2230 2982 1290 3855 1811 2486 2106 4682
753 3517 4803 4527 3820 3044 2438 4146 1011 914 1315 220 3164 524 1588 2326 233 3770 507 911 3533 2146 3622 1816 2681 2750 1331 2569 2340 3902 2445 4423 2358 3506 2424 3233 1305 936 1965 4747 1623 4475 1874 368 1761 458 2422 3925 338 1138 1822 1114 3461 4493 2560 532 461 1243 3629 1260 4671 3236 2677 497 205 48 1484 3359 2259 1130 164 1674 1498 1751 977 2689 1566 740 1028 1505 2110 2346 1953 2756 3930 4338 801 842 701 3743 3056 3784 3641 1109 3979 795 1696 3817 3272 2295 2122 1717 2196 1172 644 1237 1265 2509 4752 3401 2079 1427 2611 3231 4772 1889 3481 4762 3887 3839 2411 1030 1957 944 3894 382 1293 3035 123 1494 2363 2644 1974 810 3455 244 4168 2714 3001 4576 3771 4257 4786 585 236 3129 3223 4419 1663 3295 4477 1562 2780 451 1685 3378 727 795 767 239
1299 3381 2914 3803 3716 686 399 386 2617 2285 141 158 3396 4194 1837 1105 4830 1596 3691 3110 1523 2200 4321 4551 147 108 1765 1530 909 1522 2880 4750 3561 4971 1969 3192 1700 51 3581 536 3357 1287 2516 3643 4807 3268 741 4046 1138 4666 4894 2872 3907 2978 3627 3092 4401 2109 2147 465 658 2015 989 4916 3507 4359 1618 576 101 4388 4473 3239 400 720 2946 3017 2742 4349 2967 1454 3474 599 1156 3269 4708 3174 2060 2407 1394 1352 4157 3300 507 3095 4703 3647 989 3941 2191 1697 282 2988 2187 2517 2668 2644 4531 3874 745 2323 1008 3600 784 868 1809 1454 1275 4209 3851 4057 1298 3731 1414 797 4333 980 532 1302 1606 4979 4133 3724 1115 2109 1873 1982 598 1422 3227 1432 29 63 1359 2717 81 1904 3032 843 357 1727 3458 4980 1022 3806 3869 156 1526 2756 1860 1068
998 611 3883 4111 85 3429 2053 480 1996 642 2369 2811 4532 926 2524 2324 666 4217 4151 4779 3164 4829 4817 523 305 3169 2964 4700 3939 160 4844 100 2381 3130 3010 2360 1860 170 4764 166 4988 2554 4661 691 4797 1793 4694 1471 1822 4894 4297 2913 1035 1926 4922 1388 1605 4976 3528 1676 4950 2654 3658 1459 216 261 4044 1081 597 4563 851 1347 4307 253 3213 974 4897 1868 3341 4100 1913 1878 208 4640 1245 823 3405 3920 1835 4572 1367 729 2010 4843 2274 3009 4982 2167 3596 1024 208 4949 2584 4241 4534 998 454 3555 1604 1263 3905 716 1523 3954 1537 2557 2899 265 758 4920 707 1076 1759 2683 2541 4268 2218 1586 349 1495 703 4763 4789 166 1556 2438 3736 4949 875 3132 2978 438 2475 3811 4428 3597 3449 3610 4056 1893 3185 1235 2996 1370 3737 4293 1740 4696 1481 3283
