N: 160
M: 20
Symmetric: true
Triangle: false
9 58 34 50 64 16 25 120 38 63
6 102 46 8 94 90 105
9 142 54 153 104 24 77 144 128 133
7 18 44 81 28 1 87 35
5 60 141 67 124 86
14 91 106 154 72 151 126 137 78 32 13 114 33 42 75
9 30 76 52 92 83 118 80 129 117
10 26 130 100 132 57 21 108 113 99 135
5 123 17 85 4 115
4 6 146 31 93
9 7 131 5 156 41 79 82 11 22
3 40 20 69
8 68 47 138 157 61 12 98 159
9 70 121 84 56 96 37 139 62 36
4 10 65 29 51
9 101 27 48 109 140 53 112 119 111
8 148 125 45 145 110 143 136 71
14 2 158 23 155 150 15 147 74 103 39 55 122 9 160
11 152 95 19 59 43 149 89 49 3 127 134
7 116 73 14 66 88 97 107
4377 3276 187 4524 467 1756 2085 4184 3327 1188 392 1963 3220 1504 1552 1823 77 340 4389 459 408 1890 2597 3126 163 273 4914 1460 3697 1877 1586 829 4980 946 1429 2622 3003 4908 4162 4555 2714 3228 517 1134 4649 4192 1472 2104 3238 3058 3229 1736 4962 2082 3245 2100 537 2996 2297 3569 4748 3081 4118 103 3592 3363 2062 852 4829 2676 562 775 2109 258 4450 2797 3733 3439 333 4149 2102 558 366 1750 4844 1950 2239 4180 253 732 2450 702 4605 3709 606 2730 1180 3737 4076 3667 1364 2084 659 324 321 188 2334 1351 1259 2461 3031 4919 3425 4353 3278 1374 398 1402 2324 298 399 4724 1723 3253 4735 2623 1231 4544 1262 1005 76 1775 928 3487 3402 1247 1649 105 4542 3173 1468 1043 2140 1825 401 3380 4919 3310 606 3752 2032 4127 2615 3387 2787 2405 1078 611 2587 4230
3276 2636 3297 1921 3730 2666 1738 1093 1573 4393 4057 2966 4281 4907 4872 309 2509 2525 1426 2660 2118 3606 664 627 3115 4223 772 3833 622 4296 4234 3393 2634 1804 1765 3790 3170 1822 1078 1718 3891 1450 1793 1228 1867 3889 3987 1106 3622 4912 3417 1016 4465 503 4754 1494 1425 1174 2395 1487 605 54 1115 4663 733 208 3110 708 1425 2133 967 2249 1759 106 3249 1284 3207 2669 2852 4067 4207 908 176 3608 4395 3646 3135 3332 1842 1184 1591 4500 2508 4067 1148 855 2819 3318 2207 682 2613 2427 1487 338 17 1976 3057 522 2431 4010 388 535 1573 2624 1272 1214 4487 3291 833 2572 3439 2046 4871 1258 30 3868 3152 587 2662 931 611 1861 1953 1608 4139 4065 3952 1486 1352 1045 892 4964 3841 3924 2846 2459 4234 2179 2666 2147 838 4893 1941 209 3438 3717 1005 1187 3628 2525
187 3297 3228 1542 3072 1971 2291 4740 3260 728 4380 2508 1172 2239 1556 4341 2259 1994 2689 2512 4372 2928 3854 2874 2381 2355 2548 2455 4347 3654 4917 4949 3533 1414 4490 4989 3789 3687 3639 1058 3440 3793 4110 4785 4553 3771 1239 114 1232 252 3621 2969 761 3637 3676 2043 4750 4144 2384 4229 2454 4291 17 1481 2445 397 3597 3750 3125 1703 1934 301 4857 319 135 1714 130 3594 1886 1766 272 618 1549 627 1403 4877 1836 1992 3785 3770 283 870 1863 3074 4995 4772 3373 4124 1498 2353 3796 3305 3198 4959 1675 4514 4619 548 4889 2286 4299 65 1684 2641 2945 3904 4475 4157 1454 4239 1867 4775 1649 743 3197 538 4117 2462 2234 1675 3725 151 532 1461 3682 973 2953 1534 2291 4591 3624 4521 4877 2654 4833 2073 3082 3194 1651 4818 3117 1043 2851 2617 192 512 3682 1595 1386 1571
4524 1921 1542 674 4770 1836 1663 2952 4898 4140 740 2762 4377 3212 3730 1743 4022 3163 2885 2310 851 1772 3779 3399 2206 1292 2083 2278 3913 3498 404 2477 1937 1945 4096 1882 779 1501 3759 3224 4011 3601 686 3658 4738 4984 390 994 1782 1024 464 1251 4482 2078 3404 453 589 4167 4819 3923 3173 3933 1185 3938 3073 1287 999 2436 3208 1610 3230 3897 3114 76 146 3517 3409 4654 3032 4786 282 3543 1499 3784 3913 3925 3439 4483 1398 1594 2386 3395 2271 850 961 527 52 225 3997 3698 1808 4916 2248 2595 3413 3721 91 280 4445 464 861 3342 3861 1668 2589 3223 1893 3905 3964 3580 653 4562 869 1272 634 162 3758 472 4339 3921 4537 1677 3356 1482 4477 207 2223 1494 4042 1878 3029 115 3273 1815 4760 23 316 1180 3022 3731 795 232 1046 3079 2522 3351 729 158 768 4432
467 3730 3072 4770 3297 4060 1672 2814 1396 3101 2104 4146 3533 2839 4398 3928 1570 1343 2721 2808 1670 4735 4454 2602 3104 2372 4949 4605 732 2659 814 1862 976 1588 2900 4574 3297 3894 319 1234 398 2700 1158 682 647 4694 4030 3099 1960 4947 4329 2165 3853 430 3963 2710 3891 284 3371 665 2769 1786 3498 3269 763 4295 3305 2155 1956 2437 4756 4140 975 1405 2103 1472 3042 1952 486 4036 230 4068 4057 24 1016 1001 4094 3667 2622 1846 3495 1049 1215 2176 4010 4979 531 3885 4466 3432 3672 1538 146 3020 2666 1872 3002 32 3993 1321 2284 757 4296 2119 457 322 1718 4097 1239 410 1152 931 4627 2222 4584 4950 1117 2260 3870 1709 3962 1043 404 1732 2585 3956 920 2677 4293 2925 3942 330 1512 353 3138 3878 102 3332 2791 4342 540 4159 2356 4735 4201 2139 2095 3748 4042 2102
1756 2666 1971 1836 4060 3771 1747 4323 4168 2500 2538 4734 1878 4223 1006 30 29 874 3176 4257 1606 974 220 4898 28 1195 1899 1925 2615 4465 4103 1154 2592 4900 2949 2910 2630 4409 2219 1992 1369 1715 800 3192 2732 2650 1027 822 1457 3236 1540 4104 3395 2572 3314 4751 771 437 1738 3635 1355 1047 521 74 4206 1079 1818 1866 944 1367 2449 284 1915 4066 2505 4242 2415 520 3782 3769 3843 3580 4962 592 3415 363 2780 2917 4944 1530 4700 2049 714 4620 554 3062 3205 1490 3193 3046 1377 3231 3254 3682 2546 3847 3821 1123 4397 3135 4233 1505 4960 1974 1250 1671 31 1989 505 2218 4153 2956 1776 4337 3027 684 2490 2258 1438 3715 3177 241 301 3510 3051 4550 1963 3292 4085 2102 794 3689 2794 3014 209 2577 4401 1447 3261 586 3997 1985 239 4429 1682 2870 100 4483 4417 1596
2085 1738 2291 1663 1672 1747 3953 2871 4108 4269 4350 3790 694 1571 4689 4319 2293 1797 434 2965 4926 480 80 1302 2217 2611 2635 1190 664 1504 976 4864 2348 1144 3987 3932 3541 2748 2414 2422 1297 3694 400 4340 2425 2246 4383 3936 1862 2100 3319 3953 857 2532 1336 718 944 1194 3495 4727 3903 934 192 4565 1871 3908 3467 2429 1956 4509 2927 4144 4136 830 1163 2952 2522 39 456 4257 2152 2110 4425 1038 1082 2623 4614 4442 3946 4022 1328 578 923 2711 668 4881 3303 3119 3132 1385 3950 1532 4878 2898 2010 3403 3821 1806 4959 1293 1365 2432 1772 1662 4575 4564 925 145 1641 2318 1677 3426 1529 3992 1201 1943 4442 659 2221 3284 3823 4841 844 4330 833 2841 4107 971 1903 2565 561 4102 891 60 1317 1244 3190 330 3873 4917 1629 4644 4319 381 3770 473 995 2791 219 577
4184 1093 4740 2952 2814 4323 2871 4929 4275 1566 4849 2126 1392 2656 4679 2858 2615 3892 3634 1062 3673 2532 4866 190 3710 774 877 1703 4364 4040 4072 4738 1818 3434 16 1920 4254 536 1313 1507 2334 2687 2199 1830 1202 2865 4004 675 435 2921 3345 598 525 4836 2956 1698 234 2542 4673 3164 2782 3612 1200 2060 4035 3622 4585 3067 4537 2230 4161 1917 3908 868 4982 4185 3763 3317 2451 1292 339 4504 702 1539 1918 4781 923 1329 4342 1412 1952 1750 4611 1541 3421 4703 2555 63 739 2048 3475 3093 4079 892 4965 3065 3968 3850 143 3992 3531 2842 761 3375 4674 4556 3002 1468 1694 4169 3574 4985 3982 2405 10 1046 4538 3091 2889 437 1724 1024 4173 2159 3882 1481 4163 3877 1303 242 2925 1735 4185 2463 1005 4125 4812 956 2457 198 4906 924 1609 4969 4550 3933 1642 594 365 3146
3327 1573 3260 4898 1396 4168 4108 4275 4170 354 4754 1741 4291 25 3992 2550 4316 1640 4336 3424 4258 3754 3416 4937 1435 2805 189 3384 1484 967 254 3788 1812 1903 3213 4888 4123 2033 787 2324 1926 1983 2310 2990 4044 4378 4533 2975 2396 551 4867 3230 3820 4848 2876 4297 1343 1035 4541 503 1927 2249 1983 932 3075 3435 3923 3015 982 1282 2439 3730 1109 2804 1581 3312 246 2078 4595 2154 1606 1439 1840 3319 1957 4129 314 2664 4846 1415 2849 4998 174 1541 2825 1558 3657 533 803 336 368 4366 2519 874 2874 165 4657 3462 2203 2370 2854 2366 4838 1586 1888 4367 3058 3774 1552 3292 4285 2742 4148 4240 508 4269 1596 402 95 2758 3216 2791 962 749 398 373 355 2612 2817 2540 2376 1289 669 1470 3730 929 4633 45 1315 943 3616 2199 1089 2623 2530 2898 1998 91 3671 2333
1188 4393 728 4140 3101 2500 4269 1566 354 3365 4273 2338 4824 32 3319 1355 1617 211 3370 597 1981 4559 1964 4926 511 2535 1676 2199 4811 1570 338 733 2784 3255 4511 194 4714 4985 3994 3551 2048 4089 905 2876 3198 4982 1817 2565 2108 419 3150 1546 1745 1936 663 630 2859 4803 565 3584 1033 3910 2353 230 2631 3004 587 570 2168 4760 2279 4635 2949 4587 1253 4554 1998 4958 1761 1614 1609 3123 2061 4746 3661 4316 3077 430 2561 91 3841 765 3477 3421 14 106 1321 3160 3498 4360 36 2394 953 1060 993 3040 326 4363 846 1040 667 2835 3237 4001 3971 645 521 132 302 4696 1692 1008 4921 1599 729 3298 4700 1071 2325 2858 2476 1848 488 1168 4494 1116 4141 4709 4600 1674 4738 4025 4320 2727 4342 3878 1043 3730 1142 3360 3343 320 4786 2959 4528 1223 4490 4789 3929 150
392 4057 4380 740 2104 2538 4350 4849 4754 4273 571 1639 1184 3259 1546 1590 2833 1335 1306 158 1855 3693 1770 4488 1994 3922 1166 151 4117 1725 1026 4654 1520 3987 137 4121 3620 2119 3022 3631 2058 3992 4984 3071 286 1535 289 3404 3213 2424 3307 2403 4328 2101 1355 2154 3143 322 742 178 3004 4928 3511 455 527 4628 2855 4323 4008 977 4189 4494 1936 359 4999 2013 2557 2035 3007 1687 4283 4474 944 1570 3785 1468 3979 537 1438 2845 2167 1493 994 792 2804 2760 1315 4274 3430 181 4469 3085 1647 3143 2274 402 2696 1056 3272 1787 2426 3360 2619 2879 4490 3260 2685 1960 234 1540 1474 3674 2064 2528 674 1437 954 2194 1805 4627 1604 664 2696 2094 3502 3342 2215 2355 3119 4970 3107 3880 4192 1811 3325 4620 4568 1046 3203 3638 223 1605 3018 4824 2004 3134 1488 4599 3905 923
1963 2966 2508 2762 4146 4734 3790 2126 1741 2338 1639 3446 4772 4114 1693 336 4017 3037 1750 1046 1172 3327 246 1064 890 1833 1920 3841 1160 2589 64 3201 3874 155 4456 2992 1758 243 1616 2148 173 4738 3422 1950 156 3993 1135 621 669 2732 1827 2689 2168 4540 2689 4279 612 2039 2923 1086 3014 530 811 3371 332 3952 2450 891 4914 193 3153 2424 1562 3835 1338 3392 2211 2853 3616 3391 3742 2071 4995 4152 1324 3002 3992 924 2138 2745 1451 1009 1490 166 485 761 256 3185 3542 4247 2175 3240 2519 687 2832 3581 3476 3367 2658 4403 3532 1118 1234 1097 4564 2005 2038 106 3912 4112 4990 1969 1276 1438 1272 713 4150 3535 3123 2783 1108 3318 4513 4166 2564 4194 2353 3904 2483 3178 1334 2358 4603 861 4676 3797 4076 3037 1625 1890 3047 2163 2503 4261 2769 1541 1037 831 3493 2899
3220 4281 1172 4377 3533 1878 694 1392 4291 4824 1184 4772 1872 1418 406 4494 1201 415 3342 1977 3672 1004 3627 2142 4208 2652 4717 1056 3967 3542 55 2506 3220 3897 2843 4453 413 4599 1220 1346 4952 1407 4146 3653 163 3528 1762 2168 4215 627 4393 2915 4839 2593 3438 870 1639 4858 2807 3821 590 620 3459 2186 3339 2332 4358 249 1932 4373 4365 2037 4456 2403 4028 4927 3469 3394 2177 1579 1457 1471 2797 2187 1253 1541 184 4046 4976 4373 3212 4441 3421 205 649 3964 4248 3785 505 4371 4474 106 2991 1511 4216 3076 2576 342 4799 4790 199 158 2144 1245 4388 1355 351 4325 3504 1947 4579 3049 812 2175 613 559 4300 4613 870 2748 39 1907 2393 2239 336 233 3431 3764 4060 1202 2398 4656 169 4293 1733 1652 4680 4235 1727 1315 3025 2951 3613 2238 2085 4820 2314 3816 2378 4618
1504 4907 2239 3212 2839 4223 1571 2656 25 32 3259 4114 1418 3917 1890 2259 4917 2952 4048 1357 2641 4825 745 4254 1203 1106 3529 4434 3572 890 57 2284 577 4243 3203 4069 894 2792 1082 1405 4355 75 4496 43 3572 460 4857 302 3553 491 442 663 1611 907 1904 949 4020 3849 4375 2519 1827 1821 2090 805 1481 3712 1022 2387 4018 1532 4277 3009 425 249 1118 3598 4571 4024 2435 470 766 812 4210 1930 2546 286 2737 3374 3668 1894 3023 3234 1146 3933 405 999 722 4781 3192 4375 3102 23 4592 2419 4804 290 68 3429 1928 582 1932 1722 277 3626 4900 871 3386 839 2961 4961 2978 4966 1315 3762 4112 4682 3646 3391 2151 4077 3840 2563 3176 2944 3536 1101 2401 60 1989 3347 4711 4808 513 2565 4612 1779 3247 4940 896 4383 2035 4695 2713 1427 1833 3151 2596 4103 2506 4558
1552 4872 1556 3730 4398 1006 4689 4679 3992 3319 1546 1693 406 1890 4332 3588 4994 364 1540 3055 4943 1192 1833 773 3774 2483 2482 623 3742 920 355 4848 1074 283 2076 4217 4004 4504 2602 3992 1197 2203 4012 1928 4632 1707 511 2945 2318 4867 1553 694 1690 3889 4109 4613 1141 2780 2323 4481 638 67 4308 3459 4136 2677 3714 2541 3048 4203 168 449 4403 1709 551 1274 3276 1899 1516 1970 2220 4100 1696 4226 2151 1974 1505 2781 4893 2838 3160 3140 2919 4249 4762 2968 4508 4892 3772 140 4533 3002 126 2055 4604 1441 1074 319 3708 74 3155 1524 1573 4631 1070 564 465 2866 2346 326 518 3908 3112 4453 2384 656 4472 3446 1806 2465 3758 4711 873 4649 1539 4614 2859 343 707 1774 1498 1738 1085 3232 562 18 4400 76 3974 2435 2149 2079 3282 4667 2368 4890 821 1970 4203 2665
1823 309 4341 1743 3928 30 4319 2858 2550 1355 1590 336 4494 2259 3588 3418 2799 787 4108 2944 130 4605 3881 301 3614 4409 1483 1613 1245 4420 2246 594 1824 2293 1539 2571 4269 3872 4643 4309 3913 187 4854 31 2601 2906 2326 4825 3474 766 2207 879 3159 3316 1741 1529 1828 3106 1704 1039 4301 2470 1647 1845 4411 2836 3032 2019 2520 666 2866 1500 2737 2909 4846 3214 4183 133 2079 169 3302 4331 1355 3286 4537 3280 4505 2507 2850 3765 2377 1690 2622 1956 4094 2047 524 362 4709 4099 2701 739 1952 4477 1892 3343 2242 1716 107 4646 1497 3726 2422 1222 715 4075 4615 4172 1390 1836 2630 3321 1238 2566 969 703 2248 1302 3972 2674 3971 4746 1604 3926 1406 2679 3890 4029 2451 988 1093 2733 1711 1956 3628 2956 3102 470 3559 4798 3813 2318 2611 2574 3450 1371 2418 4592 1416 2863
77 2509 2259 4022 1570 29 2293 2615 4316 1617 2833 4017 1201 4917 4994 2799 1489 3427 1595 949 189 3259 2946 258 815 415 3446 1442 2513 2235 4185 1968 4792 168 2826 1331 2428 4618 811 4414 742 3971 2184 69 3430 2974 4225 3644 4227 930 4625 2607 2031 1049 3586 619 1184 2608 1164 1235 3987 2551 3666 703 4757 4414 475 2339 3854 542 3614 1699 3557 3981 4041 2168 2522 101 4274 914 2430 2291 81 130 1794 3904 3968 1365 3937 3034 298 1302 2204 3369 283 510 3470 2429 4747 3634 1404 4456 217 2979 4534 3597 3892 1574 3295 1492 3318 46 913 3175 2507 1614 1536 382 725 468 3139 4972 2507 4991 3178 1136 4048 3097 3776 1558 3512 2310 3066 3223 573 2303 3519 62 90 146 2429 2698 2062 1302 2818 2147 3488 3653 3068 2846 288 2308 1838 993 2204 1168 1941 2026 3401 3661
340 2525 1994 3163 1343 874 1797 3892 1640 211 1335 3037 415 2952 364 787 3427 4019 2762 819 2336 2406 4258 4491 628 1307 3095 3936 1016 1683 3675 4873 270 73 1729 566 3758 109 2092 2471 3007 754 4716 465 4862 4166 3480 657 2111 1878 2641 915 4718 1670 514 3873 532 3895 4227 3265 2671 1307 1067 2502 2090 3042 1615 4973 1510 257 3805 1519 1440 2808 3758 1224 4096 3416 2472 1779 3553 4676 22 1028 1780 3422 3092 1325 1128 246 2573 3109 4883 2399 3529 1670 2546 3558 4551 1283 1884 4733 2778 801 1662 965 395 1291 3528 2665 4965 1929 3859 775 1717 537 1222 1535 4476 4967 2265 748 3417 1062 4761 4393 2433 30 617 3734 4716 1849 1653 3846 4056 1908 3167 2793 4876 3650 2587 3322 273 2139 4032 545 4680 2689 4929 427 3860 4452 3168 3996 4464 3479 4894 1234 912 3613
4389 1426 2689 2885 2721 3176 434 3634 4336 3370 1306 1750 3342 4048 1540 4108 1595 2762 2121 2378 4349 1298 3328 2274 4854 3745 4181 2475 2473 3457 1779 1554 813 679 779 1027 891 354 2256 2651 1843 2464 3425 1733 4956 840 2996 2315 2534 4498 3755 1488 305 2664 2517 3072 2003 4892 2571 3201 4102 4996 3399 2564 4036 4240 4752 3646 3232 3220 4641 3277 4442 1044 1229 728 3294 2968 101 4917 4430 1280 2294 426 1161 2590 1166 2920 4748 2097 202 4282 4480 4120 4623 2644 2888 4357 2377 4542 898 1148 4307 2909 4295 895 3666 239 4407 2279 3292 609 4760 718 4642 4391 1980 509 4995 3372 4540 837 763 2320 1994 483 2647 684 875 2307 674 897 826 3315 570 2016 3929 4247 4754 724 3157 1693 2443 3373 4790 2499 3247 3011 1940 2647 2731 4224 959 2480 4943 1783 621 4034 4820 16
459 2660 2512 2310 2808 4257 2965 1062 3424 597 158 1046 1977 1357 3055 2944 949 819 2378 329 4558 3794 4264 2453 4628 93 1331 3311 1540 726 3676 1865 1027 285 4211 36 1178 4753 458 4963 3503 781 479 183 1942 464 4280 3441 4250 2885 4385 819 4383 1651 4527 2148 3053 4143 3364 710 800 2165 1940 4767 2000 4732 4188 4921 1532 1502 2713 4693 4440 4452 925 4463 636 1823 2351 672 4057 46 979 3765 2795 2735 4455 1355 2569 2357 1061 1342 4230 2437 700 3767 3744 1154 4352 4077 3234 651 3571 782 3149 1351 3778 1937 2497 4821 1837 3981 4944 3479 3804 2635 1594 767 1168 341 2012 1737 2476 3367 1711 4063 344 1533 4830 4361 4651 4300 2144 2520 3796 2136 4941 1093 3870 1479 1419 4750 898 3587 2848 4621 3683 1294 2776 1645 1191 2836 4065 4005 3738 3564 2927 1392 2742 829
408 2118 4372 851 1670 1606 4926 3673 4258 1981 1855 1172 3672 2641 4943 130 189 2336 4349 4558 4335 588 4293 1022 2316 1749 2297 2551 4067 2592 3322 3319 439 551 3223 367 1738 4351 4222 4687 4515 4057 1247 2821 1540 3692 1466 2921 1400 4762 2907 3827 60 4647 3627 3144 3929 1055 806 1997 209 4380 2331 4140 3596 998 1327 877 743 4903 2848 3850 4332 941 3230 194 1327 2005 4995 4356 275 2492 2035 4183 2205 1854 4125 482 1014 471 3636 3279 2301 639 3942 1314 1839 4343 3566 505 3665 3987 369 2140 2193 1722 1856 3747 1037 4856 2581 1387 2988 2717 1312 1487 3220 1821 2735 3848 2303 4354 1045 4854 2969 4251 3063 66 3557 152 854 3021 763 421 3146 1275 2817 551 2989 4438 3289 654 4644 1992 1578 4559 2715 3967 2070 1298 4256 3926 2134 4047 778 3392 3081 2241 2185 962
1890 3606 2928 1772 4735 974 480 2532 3754 4559 3693 3327 1004 4825 1192 4605 3259 2406 1298 3794 588 4198 2363 4139 4358 3857 435 1863 3864 1922 646 1612 4467 3932 4785 1506 1537 2033 1923 1879 4319 4661 4913 3782 2194 1148 796 941 2470 4323 4190 2537 4039 3205 3453 3938 4997 2333 1379 3745 404 3877 4043 3308 2617 1670 2653 3470 3525 4022 3654 2854 1127 950 3402 2391 4003 3026 3153 2252 809 628 4743 2878 3340 3796 3297 2173 2018 426 4398 522 3567 1086 2433 808 764 3304 3879 727 782 2796 975 305 2145 2471 1732 4818 864 3584 4416 2618 2388 654 671 2933 4216 2357 624 1627 763 412 1850 1948 4217 2867 329 2834 1324 2010 2178 4427 423 4298 1113 4125 812 992 328 278 4052 4228 2663 2510 1285 2132 699 2308 1366 1159 2535 4150 4500 1713 3212 3688 497 1603 4263 4241
2597 664 3854 3779 4454 220 80 4866 3416 1964 1770 246 3627 745 1833 3881 2946 4258 3328 4264 4293 2363 273 1938 82 4232 3549 3333 1059 2169 2228 1815 3547 1138 2643 3697 4843 2233 1376 761 3545 3469 4329 3685 4605 204 4726 3031 4145 1269 814 3133 4020 4526 2094 1618 2629 266 2211 2043 2220 2782 2896 1379 1094 3730 4133 2700 1401 1760 4798 1735 251 1936 2087 296 2772 3395 607 427 2907 1308 689 1402 2744 552 2931 994 3909 1978 738 347 4944 4686 2857 4886 3104 1392 3673 4404 2167 1119 4979 1429 2463 3264 108 2695 236 629 3949 4696 4437 1633 2452 4630 3397 1221 2435 3318 941 84 3090 2777 1051 4474 1563 1057 3202 1678 4014 3005 4784 2116 3805 2481 123 742 1097 4079 1485 2479 26 2613 708 2641 1868 361 2389 100 1584 2844 2869 1521 3646 945 2422 3621 2884 2609
3126 627 2874 3399 2602 4898 1302 190 4937 4926 4488 1064 2142 4254 773 301 258 4491 2274 2453 1022 4139 1938 3116 3241 69 1567 317 2003 1211 4142 973 4489 3479 2333 1464 4490 685 1423 1068 728 4654 3087 2742 3635 1150 1616 844 1465 416 2878 1265 2433 3928 2955 3542 4810 3514 4096 2121 3552 4787 3159 4200 4572 990 794 622 3724 3393 2239 1832 4268 3272 4392 1918 2373 1199 3391 2555 3066 561 172 3778 3582 2789 296 2434 3290 2637 2010 4671 2907 927 4261 3593 1234 1811 2308 1941 2060 3476 4093 3165 3982 4511 229 184 2994 4892 925 484 56 3438 3226 3566 849 2632 3262 2144 1628 140 4085 3681 2111 1918 4126 3166 3676 231 1894 3727 1114 3490 4110 345 3430 759 2999 105 3671 3279 1975 1834 4606 304 902 1539 3515 1713 1179 1448 1157 3166 1798 283 3002 2528 2079 2282
163 3115 2381 2206 3104 28 2217 3710 1435 511 1994 890 4208 1203 3774 3614 815 628 4854 4628 2316 4358 82 3241 4335 415 3791 2275 1385 3047 1968 3385 4212 4731 1755 3897 2637 4373 1800 4997 4456 4387 2110 1438 2578 412 204 4158 1305 4221 2024 1438 2712 549 277 1137 3137 4047 1338 3549 1980 3109 4864 786 2425 3121 3665 3146 4295 901 579 2074 111 2393 2645 3388 943 4181 4191 245 4242 2588 2286 2929 412 270 3472 4651 775 64 4523 2393 2792 406 1689 3859 2487 1371 2814 997 2372 10 4225 2134 4711 1791 4401 2572 214 4202 2783 2670 773 309 4095 1838 1915 4886 631 3696 126 2325 2632 4331 2493 4356 1887 3942 3922 1687 3474 3609 669 2019 514 4741 3510 1091 3778 1149 1362 4702 1656 2104 1551 927 1472 4347 3754 1415 2157 2488 76 1992 498 1071 475 3547 1777 865
273 4223 2355 1292 2372 1195 2611 774 2805 2535 3922 1833 2652 1106 2483 4409 415 1307 3745 93 1749 3857 4232 69 415 3249 20 3034 4402 2485 2191 1336 145 680 154 3679 3313 2368 2175 2535 2480 4399 4958 1263 1811 4316 2118 522 2737 4046 516 724 102 1426 2810 1284 4518 3060 3861 2162 152 1800 1243 1235 4968 2155 4932 4905 1143 3620 4026 506 4849 4850 535 3030 1452 180 1106 4123 3396 4907 156 335 4871 1514 4384 941 3797 1499 1158 881 4202 3767 4334 2454 2323 3089 4464 539 732 61 175 3656 1651 123 988 771 3467 1149 4546 3566 2036 3458 538 609 1116 4684 2809 3079 4474 818 4239 1419 3253 3152 1314 1799 2046 4902 1977 2198 2680 1367 271 3132 519 292 2173 2821 336 2544 2261 4789 4336 1985 417 3906 746 2026 3332 2414 3493 1883 3338 3136 151 3881 2978 2360
4914 772 2548 2083 4949 1899 2635 877 189 1676 1166 1920 4717 3529 2482 1483 3446 3095 4181 1331 2297 435 3549 1567 3791 20 23 2133 217 4186 2961 1897 4858 4299 1080 322 881 3699 1731 3466 4056 1994 4463 1702 991 3798 1102 1122 3639 225 663 1395 4230 4887 4663 3703 4143 1539 492 1304 4820 972 309 2565 1310 2611 1519 847 1644 1472 2915 2888 4154 3664 2575 1395 1427 1433 898 841 3568 3362 4820 4532 2337 4560 1534 504 876 3200 3201 2864 2023 3404 474 3618 1145 503 3838 4952 260 2991 477 34 3834 4946 3372 2049 3911 4209 857 4658 2453 3115 2559 1190 1921 622 710 3347 1362 3849 537 2935 4935 3615 4570 2510 4879 2250 1041 914 570 298 1097 1881 482 1910 520 4407 3404 2561 441 4513 2420 97 956 3160 3773 3843 425 1866 4589 1081 323 3527 462 197 1104 3538
1460 3833 2455 2278 4605 1925 1190 1703 3384 2199 151 3841 1056 4434 623 1613 1442 3936 2475 3311 2551 1863 3333 317 2275 3034 2133 4749 4221 1835 918 349 4586 3972 1388 3167 1715 4287 992 1836 490 4687 414 2040 4834 120 3434 2333 3756 948 1104 482 711 3646 2135 1238 4885 2604 1846 4410 3852 940 4256 1031 3581 2973 2742 1264 3375 1936 1031 3806 2610 4221 3691 4346 2811 2393 3513 236 3446 817 4808 1767 460 2293 4144 2695 4182 3841 106 2601 1910 4826 3877 2590 2996 2780 3413 4596 4030 1570 2414 116 4211 818 2983 4835 737 631 2489 1133 2474 2847 854 2076 3026 3642 3274 4066 3920 2695 2337 207 2345 1511 4330 2816 533 1152 3089 1307 4606 2151 2590 1985 2324 4974 1537 4963 2734 4540 3004 2280 3805 1502 3744 256 4827 1277 4123 3117 1981 2120 269 4133 4349 4103 1362 570
3697 622 4347 3913 732 2615 664 4364 1484 4811 4117 1160 3967 3572 3742 1245 2513 1016 2473 1540 4067 3864 1059 2003 1385 4402 217 4221 1467 3360 124 3158 254 3253 2315 2643 1649 4647 4950 783 2489 3754 1028 1466 1029 365 2180 2788 2730 2383 4704 1563 1082 3511 4771 3391 1469 3577 1789 2580 3017 3074 3691 4877 1423 1761 4584 4845 3122 1878 179 2612 955 170 2757 3080 1229 2696 1501 4128 2507 4846 2135 1268 1914 3411 1862 4286 4703 2966 2245 143 1977 3530 820 3558 1812 2634 2358 3783 3852 4984 4478 962 2589 3660 34 3852 1686 1323 767 202 4127 3582 1055 59 2679 1728 477 4645 3014 2388 2718 2606 3189 662 3281 3107 4372 4846 1910 2420 3851 3716 993 4528 186 4083 2003 3689 2347 3886 2642 2064 2513 111 453 2052 4014 1510 1307 3196 4324 4812 4927 1191 2924 809 2476 4712
1877 4296 3654 3498 2659 4465 1504 4040 967 1570 1725 2589 3542 890 920 4420 2235 1683 3457 726 2592 1922 2169 1211 3047 2485 4186 1835 3360 4120 362 2469 2200 3112 2006 1336 1036 1771 3903 2844 2219 4063 4826 4066 2920 712 2090 3426 1885 2128 1529 4765 3987 3696 4980 466 1586 1261 205 1398 4079 4520 1300 4153 4398 2682 2285 1198 1476 2433 2662 3496 1156 2492 3497 4622 1717 4242 292 3211 751 908 2909 3127 2503 668 1640 3533 3134 3456 408 2751 542 482 3514 108 1120 447 4189 1343 4039 1154 4342 1917 958 2075 4579 1625 994 4590 3016 3700 976 1810 3503 3231 1339 4412 1737 114 3422 4022 3008 888 1654 2032 3374 2620 1365 3851 3521 1931 344 3181 638 4894 2748 3709 4443 2002 3936 1727 3226 3442 664 3548 238 1438 769 4723 2191 2579 3975 2220 427 197 817 4176 2953 1642
1586 4234 4917 404 814 4103 976 4072 254 338 1026 64 55 57 355 2246 4185 3675 1779 3676 3322 646 2228 4142 1968 2191 2961 918 124 362 952 2830 4820 3074 210 1639 175 1442 2725 54 2700 478 2755 2010 3116 1683 3398 1629 4805 810 1467 2070 798 3994 3280 4572 4945 2431 2437 551 1068 2351 3135 1875 2132 4682 1496 1142 1252 190 4365 3448 2783 3666 2613 774 2184 1616 1149 2812 2555 3685 4452 1907 4656 192 4333 69 2750 1294 968 3727 3136 2948 3641 851 3725 4278 4835 740 398 3792 290 4657 4307 531 4048 3992 3026 3590 4705 2844 3571 4364 1429 4227 3427 1448 3429 3470 3850 3031 2393 167 2435 1600 1501 4336 835 3452 3105 2742 2468 582 3148 3067 1839 2132 2213 2527 3432 1039 4449 2284 3190 1389 3113 772 3446 1565 3109 3263 1786 2681 1590 258 2846 3800 11 4427
829 3393 4949 2477 1862 1154 4864 4738 3788 733 4654 3201 2506 2284 4848 594 1968 4873 1554 1865 3319 1612 1815 973 3385 1336 1897 349 3158 2469 2830 2301 4015 1922 2766 263 51 3294 3705 2407 922 4154 361 852 642 186 3882 2838 2465 2297 3837 3961 3986 2213 470 4635 468 2698 42 4365 1385 79 4328 3163 580 2566 3059 4476 162 2728 3597 2140 4240 3933 4724 3996 3101 3213 4376 4844 4708 3696 1833 4681 3115 420 1227 3334 2980 2816 1181 1487 3940 2206 2498 4401 4764 4677 599 4241 2825 2209 4374 2328 995 11 3393 4678 1929 4768 4343 262 2814 4918 2312 3471 4578 441 432 1984 2594 187 1755 1817 475 2604 3674 2521 3662 4095 727 3773 2545 3439 4714 1871 4719 2874 4662 825 477 2528 1109 2823 4777 1096 2215 777 4500 2784 3686 765 3941 2432 1682 1809 791 2467 2118 260
4980 2634 3533 1937 976 2592 2348 1818 1812 2784 1520 3874 3220 577 1074 1824 4792 270 813 1027 439 4467 3547 4489 4212 145 4858 4586 254 2200 4820 4015 3777 271 1554 2559 4746 4651 2744 4182 1747 1064 2191 4715 1821 870 777 3720 1947 4634 2541 1356 2518 458 431 611 3206 1042 1817 1397 296 1343 2861 1089 4153 1991 3600 4824 4371 289 2935 4325 4069 2932 528 3593 2946 2681 1570 4258 734 3277 2606 378 2320 3493 2318 4960 432 4719 1350 3142 1960 3110 2117 4541 1849 686 1189 4022 2839 1410 1907 3874 3240 2482 3766 1588 4064 3973 1984 1636 1983 3711 3194 4973 957 1018 1389 378 4817 2342 4924 1732 2222 4634 1790 3954 3555 452 3398 141 1858 3465 79 4256 3962 2865 1514 2942 2595 3723 2862 17 2477 2661 4787 3629 838 720 1853 344 3528 2435 4832 2398 1155 1067 759 2690
946 1804 1414 1945 1588 4900 1144 3434 1903 3255 3987 155 3897 4243 283 2293 168 73 679 285 551 3932 1138 3479 4731 680 4299 3972 3253 3112 3074 1922 271 4924 799 1564 474 1634 3071 3880 1989 527 4906 1016 3077 1926 368 4161 1095 4734 3865 4261 2135 3991 3394 961 1221 951 3915 3514 4670 4992 163 4894 571 876 2706 4181 1091 3618 4068 1345 87 387 4113 746 1751 457 2497 3103 3804 3972 447 3069 562 2475 648 946 4993 1481 3368 3779 1908 4535 2028 4377 3716 2812 1477 1829 2117 1886 1894 2982 2192 1790 1187 638 1838 1931 1416 4355 4188 645 3136 3891 3358 3372 4624 1576 2090 2935 1512 635 4630 2428 991 1261 3772 1195 1768 4600 1645 4824 486 591 3380 4189 1274 1318 4624 3223 3873 4979 3771 3316 1114 2921 2148 169 629 482 1369 1927 1773 3369 437 349 2107 647
1429 1765 4490 4096 2900 2949 3987 16 3213 4511 137 4456 2843 3203 2076 1539 2826 1729 779 4211 3223 4785 2643 2333 1755 154 1080 1388 2315 2006 210 2766 1554 799 898 2031 3754 931 2571 91 1605 4817 2436 2521 2911 59 1193 2154 1479 1340 4887 1156 4921 89 1484 1491 20 1495 4996 4559 4595 2164 1872 4855 3185 664 4913 2433 225 2452 4039 2449 3699 4407 2968 2264 4027 2356 4393 3717 4208 4339 1473 1882 3933 30 808 2851 2691 1818 1903 1484 4114 3780 128 195 565 50 4989 1211 1424 3727 2627 3366 2400 4664 2343 1508 4121 3016 2446 489 3229 4190 224 4030 1701 4204 2370 2249 4070 316 1516 3069 3287 67 722 4891 2791 2017 3148 1542 4266 4327 3321 320 1175 395 2329 1750 1693 1209 4753 515 1098 3480 4209 2385 3215 95 436 3046 1544 1080 1254 1248 1909 2170 2821 3605
2622 3790 4989 1882 4574 2910 3932 1920 4888 194 4121 2992 4453 4069 4217 2571 1331 566 1027 36 367 1506 3697 1464 3897 3679 322 3167 2643 1336 1639 263 2559 1564 2031 4124 244 4968 4176 3325 1469 3962 1588 1740 2943 3113 2488 159 637 2537 2447 2211 2713 3963 3588 4973 1877 2283 3901 4067 413 2606 2157 364 646 527 4593 1592 1417 3834 3148 378 2830 2533 825 4527 3802 2399 3975 4736 4904 375 3391 1970 3799 4134 2540 825 4663 2727 4230 2043 2188 2901 4226 3448 86 3610 3772 192 629 2132 2680 901 694 18 4219 235 1859 906 1419 4258 789 3535 2238 587 4793 2753 407 1526 2498 1999 1321 4931 1203 4046 4169 2957 4711 124 4534 22 1230 2797 4341 811 325 3015 1198 662 1691 2524 4930 1564 2656 260 4173 514 1993 3181 1486 2192 1580 4234 3376 1610 3160 4138 4097 2307
3003 3170 3789 779 3297 2630 3541 4254 4123 4714 3620 1758 413 894 4004 4269 2428 3758 891 1178 1738 1537 4843 4490 2637 3313 881 1715 1649 1036 175 51 4746 474 3754 244 3544 2338 765 3204 2837 219 3920 2538 2241 984 309 1068 433 3686 3700 2586 1933 2396 3543 1528 2682 1212 4709 390 2836 2495 3418 1947 2199 2968 2816 2525 2470 1249 1374 2361 4709 964 4295 1448 3587 753 4477 734 2647 1412 907 2696 3056 150 1074 4706 2551 1999 1859 673 1713 4787 3339 4202 2588 410 3029 1085 3270 2385 1943 1551 3753 3381 4956 4362 4477 3638 4492 954 2333 2036 4715 197 679 179 657 90 2203 221 3434 3618 4471 1500 2194 129 4718 3889 2255 3225 878 4416 951 4730 755 1836 2185 2593 4750 1781 3225 131 3240 4222 4980 3664 3898 4579 3882 103 4783 308 2257 2694 768 1015 19 2934
4908 1822 3687 1501 3894 4409 2748 536 2033 4985 2119 243 4599 2792 4504 3872 4618 109 354 4753 4351 2033 2233 685 4373 2368 3699 4287 4647 1771 1442 3294 4651 1634 931 4968 2338 645 3677 2508 643 216 1371 750 4300 3337 224 1622 1233 1502 42 4574 3093 3860 3092 2923 2185 3161 3755 3166 1046 3159 3697 2172 2395 90 1333 4010 2374 1839 442 307 2350 1008 3491 4498 1384 1928 4731 2572 495 2830 1934 2892 2375 85 4791 4348 4873 2031 2121 55 2392 1356 2060 569 4496 2368 2294 2787 4154 233 947 3428 219 3462 1068 375 205 288 1456 3383 257 4745 1515 3187 4048 4938 4162 4967 1551 4564 1359 679 174 2975 926 1020 1414 4647 3100 102 2623 4178 3122 2959 3960 2533 1583 4449 2420 2342 148 2142 3787 4888 4216 536 321 2150 659 3299 578 2707 4475 891 2872 1271 1773 1325
4162 1078 3639 3759 319 2219 2414 1313 787 3994 3022 1616 1220 1082 2602 4643 811 2092 2256 458 4222 1923 1376 1423 1800 2175 1731 992 4950 3903 2725 3705 2744 3071 2571 4176 765 3677 2234 2346 1207 493 4248 3350 1643 3357 3080 607 3453 298 3839 671 4265 3415 1305 1322 1392 2752 2961 4078 449 397 884 739 2590 3538 281 4992 1333 3667 4165 114 3358 4938 4175 3404 124 4892 3156 1718 3591 1354 98 593 4838 2713 1560 1640 126 1977 622 2497 4744 2205 629 2743 1934 4786 994 1906 1810 156 4654 4415 1939 263 3839 3113 1097 2421 1176 2127 3599 789 4193 1045 1175 1571 1002 3954 3857 240 4447 3926 420 4802 1820 3385 3355 3725 4790 3712 3182 2162 1512 4093 4826 837 1261 2330 2908 4986 1036 130 1782 3542 3289 3487 4032 2617 1445 3490 984 2640 1869 2200 2380 4821 2274 831
4555 1718 1058 3224 1234 1992 2422 1507 2324 3551 3631 2148 1346 1405 3992 4309 4414 2471 2651 4963 4687 1879 761 1068 4997 2535 3466 1836 783 2844 54 2407 4182 3880 91 3325 3204 2508 2346 2486 2847 1183 1645 1471 2438 806 4552 942 230 1505 4329 815 1447 187 1534 1050 197 1502 405 4925 2289 1837 3674 1438 458 218 3064 3269 4554 1372 3475 1320 3526 4672 2328 2292 2490 4125 594 1211 1247 4964 1715 3684 4673 39 4107 1579 3333 2248 3910 2941 2489 1415 69 1382 2721 4105 926 2294 1170 1291 4862 3548 2147 3844 1579 771 2082 3129 1365 4815 2799 4653 2973 2792 1411 258 2823 320 508 108 3873 496 4677 2396 3358 2498 282 1768 1577 2430 4117 117 1517 4505 39 3849 1820 1394 3794 4356 1926 4048 29 3816 1842 2731 2661 4376 299 2070 4350 3961 1878 2648 298 1395 4177 3788
2714 3891 3440 4011 398 1369 1297 2334 1926 2048 2058 173 4952 4355 1197 3913 742 3007 1843 3503 4515 4319 3545 728 4456 2480 4056 490 2489 2219 2700 922 1747 1989 1605 1469 2837 643 1207 2847 2377 2227 3779 1628 4290 2438 3046 3095 870 4920 2866 4758 2681 512 4010 2216 1123 1927 77 2967 2512 4333 3389 345 4201 1332 2167 4639 278 3404 2733 4613 3222 962 3391 1201 4552 2635 2840 1144 1702 1293 4003 859 2093 3641 1822 3114 3467 4344 3979 3213 2696 1076 62 4745 872 4286 3558 103 673 2561 1308 4999 4415 2688 2384 4980 2577 3480 3282 1731 459 59 1961 4636 1699 4558 1479 1086 4233 1674 2349 670 4027 4412 1289 1291 3157 1591 618 3244 1548 606 2533 2061 4305 2096 3674 248 1481 4955 244 4853 1311 1430 2141 1908 2059 2506 3407 3963 328 1159 4679 4188 3839 2566 3938 4509
3228 1450 3793 3601 2700 1715 3694 2687 1983 4089 3992 4738 1407 75 2203 187 3971 754 2464 781 4057 4661 3469 4654 4387 4399 1994 4687 3754 4063 478 4154 1064 527 4817 3962 219 216 493 1183 2227 3363 1081 2558 173 4674 3517 4627 202 1995 1637 3910 1002 653 2044 3506 4165 307 100 2704 3961 1805 902 2219 468 141 1726 835 104 404 1774 1745 2098 3464 309 3692 703 2466 4066 4560 2089 4820 232 4288 1477 1143 4093 2961 4717 1770 299 1584 626 4908 3196 2357 1629 1954 1713 2648 3823 3057 3356 1843 289 1812 1738 4266 4039 4602 3599 527 4583 1600 1883 108 2323 4003 3824 4613 680 2061 1327 2430 2996 2246 4719 826 1296 2421 1180 3790 2333 2670 754 555 10 4484 465 2885 218 2183 2664 4394 4552 3135 3936 629 2807 4761 1934 1817 245 2455 2397 3967 4124 2032 4772 2643
517 1793 4110 686 1158 800 400 2199 2310 905 4984 3422 4146 4496 4012 4854 2184 4716 3425 479 1247 4913 4329 3087 2110 4958 4463 414 1028 4826 2755 361 2191 4906 2436 1588 3920 1371 4248 1645 3779 1081 2328 4579 4917 4365 3071 1171 740 4889 3920 1437 1563 3898 734 4779 275 2983 3801 4510 4649 3792 2067 3124 3335 3925 1908 1123 1368 4549 1114 921 4952 42 3604 618 3773 240 431 1105 4191 3495 2069 129 3847 3510 3314 2320 2206 4235 4257 523 3729 113 2010 3941 801 4788 3855 3384 3970 1869 3936 3360 3118 2747 3394 3429 4998 1854 481 4987 3053 1555 2793 1986 974 3531 3606 3394 778 3181 1428 1745 295 3272 170 4314 2070 2088 4256 4197 436 4761 1023 2329 1203 4671 2883 1257 241 4108 4499 347 3184 838 1009 1735 3675 305 1965 2941 708 3842 3629 4707 943 3523 3682 4922
1134 1228 4785 3658 682 3192 4340 1830 2990 2876 3071 1950 3653 43 1928 31 69 465 1733 183 2821 3782 3685 2742 1438 1263 1702 2040 1466 4066 2010 852 4715 1016 2521 1740 2538 750 3350 1471 1628 2558 4579 3288 2948 1368 2138 4263 4003 678 3462 2530 2646 4724 4521 3351 4643 1487 3247 1078 1689 2006 676 3972 1781 3095 2668 950 4554 925 1789 300 4875 3217 2403 1954 2281 4650 146 4575 4130 4902 1053 3906 3340 4882 3316 634 3205 4795 2350 320 670 4137 206 4969 1224 1500 3862 1295 1449 4435 4090 2505 2738 3433 1577 115 2928 4265 4273 3161 1513 1427 3578 1779 4236 3354 1416 261 3523 2121 2538 3683 4603 2578 2493 2433 1014 1236 2426 769 3678 3786 3434 2553 1097 131 1765 267 1829 4492 2868 2234 1206 1485 708 2196 716 4388 3116 2369 2095 687 1684 63 2895 3566 2812 3504
4649 1867 4553 4738 647 2732 2425 1202 4044 3198 286 156 163 3572 4632 2601 3430 4862 4956 1942 1540 2194 4605 3635 2578 1811 991 4834 1029 2920 3116 642 1821 3077 2911 2943 2241 4300 1643 2438 4290 173 4917 2948 1984 3762 339 1667 1152 1806 2249 4545 3556 576 3172 4576 15 4521 3289 1683 4286 1002 542 3034 411 518 4085 738 3174 1681 1541 4252 1354 325 3952 497 1016 4931 3944 699 4759 1918 494 4156 852 4681 2641 264 1480 4659 3744 830 2603 605 517 4572 1464 4831 4755 440 2669 2362 2273 4367 2399 2489 746 844 3178 3051 2904 3395 2891 105 591 216 2527 1457 1040 3690 2972 2805 3072 4309 2825 2325 2977 2387 2102 1677 2350 1608 1580 4489 2692 3711 3584 2197 2502 933 806 53 133 3625 2837 4179 3216 3461 1667 3205 2184 3258 2602 3786 588 2895 108 1212 4299 4198
4192 3889 3771 4984 4694 2650 2246 2865 4378 4982 1535 3993 3528 460 1707 2906 2974 4166 840 464 3692 1148 204 1150 412 4316 3798 120 365 712 1683 186 870 1926 59 3113 984 3337 3357 806 2438 4674 4365 1368 3762 1203 3211 792 4196 2780 1372 1141 638 3422 2834 1765 526 1079 649 4876 1931 1375 3691 3100 2542 4584 1841 666 1384 2871 628 83 615 4016 3759 3878 4063 561 4133 3649 3819 4224 2232 3603 919 4711 3490 282 1775 1279 4619 1037 3080 3649 1360 2564 1137 437 133 1351 2462 564 446 179 1732 1168 3937 4749 3830 1343 3633 2837 3581 2743 925 4987 1882 163 4170 4818 3453 2614 1810 2740 962 1031 1733 1085 754 2982 3989 2215 3062 4885 3003 1646 2342 545 4372 2465 172 2413 3423 144 819 2275 482 3280 4334 1421 3900 2919 1019 2294 4424 3895 3746 2144 4815 194
1472 3987 1239 390 4030 1027 4383 4004 4533 1817 289 1135 1762 4857 511 2326 4225 3480 2996 4280 1466 796 4726 1616 204 2118 1102 3434 2180 2090 3398 3882 777 368 1193 2488 309 224 3080 4552 3046 3517 3071 2138 339 3211 4976 2660 391 3208 3377 659 2007 2649 1717 250 469 3695 2879 4349 3207 2343 3795 3444 2949 1441 1088 4969 4314 3954 4489 1174 2127 1751 471 3774 900 551 4972 767 812 594 652 4193 1302 3019 4540 4038 993 3817 2624 1992 3328 1719 4728 2742 2503 1146 186 1724 1993 3432 1144 4143 353 3563 2852 2488 3545 1245 648 617 1335 3473 2070 2215 2062 4520 2326 4549 4850 4018 1291 2787 2096 2869 1019 2488 3774 2382 952 2453 1586 4093 3065 3226 662 3007 1298 3225 984 3000 1430 1477 3941 1358 3545 3305 358 4891 4449 2116 2747 4042 2051 2537 4368 4586 4583 3778
2104 1106 114 994 3099 822 3936 675 2975 2565 3404 621 2168 302 2945 4825 3644 657 2315 3441 2921 941 3031 844 4158 522 1122 2333 2788 3426 1629 2838 3720 4161 2154 159 1068 1622 607 942 3095 4627 1171 4263 1667 792 2660 2351 1748 346 1046 785 1320 2852 1774 4834 2915 2627 3207 60 2955 2936 2101 4192 1252 3418 1569 1687 2233 1683 159 3763 2439 2872 3366 2150 1717 1527 1600 400 1636 298 802 2449 2944 4734 393 2677 513 2302 4635 3836 472 4102 2576 4040 3889 4826 1094 4648 1451 3588 2397 3333 3850 3396 4552 4010 1149 1337 2691 966 4596 2393 3506 859 2067 1454 3496 692 1220 1059 3018 2905 4100 4971 3885 1871 3848 4476 1559 2492 292 3177 296 2502 1232 2505 3705 2516 4188 3689 1797 3897 4939 1069 4109 584 4300 3243 1121 3369 1573 2123 442 4658 770 3886 210 2980
3238 3622 1232 1782 1960 1457 1862 435 2396 2108 3213 669 4215 3553 2318 3474 4227 2111 2534 4250 1400 2470 4145 1465 1305 2737 3639 3756 2730 1885 4805 2465 1947 1095 1479 637 433 1233 3453 230 870 202 740 4003 1152 4196 391 1748 3419 1800 600 418 3381 3092 2839 1675 1651 1592 3401 956 3748 870 1764 2186 3711 1626 3826 3459 573 4960 620 3102 4789 3535 666 875 2899 88 2431 608 2899 1514 2893 939 2516 4952 356 2793 4988 4154 3732 2143 435 2158 2704 634 2119 2917 404 3634 3461 3754 4760 562 2402 4149 4146 1634 1185 3930 646 1157 4331 4230 1095 2012 4854 1152 1607 2156 3443 1270 3773 965 4260 2320 2934 38 1972 3174 1090 4676 119 4371 2647 4823 2486 2882 2135 212 2259 4875 415 3574 3038 3019 2061 2949 4332 2785 4112 2935 3632 2197 4426 1125 2486 4362 3519 3689
3058 4912 252 1024 4947 3236 2100 2921 551 419 2424 2732 627 491 4867 766 930 1878 4498 2885 4762 4323 1269 416 4221 4046 225 948 2383 2128 810 2297 4634 4734 1340 2537 3686 1502 298 1505 4920 1995 4889 678 1806 2780 3208 346 1800 1222 1149 481 3097 1755 2359 2502 1662 3128 3689 1339 948 460 2035 1654 695 1872 1146 2567 4944 334 3549 4085 523 2990 2596 4717 943 1529 4661 1116 3909 1446 3611 1691 4330 900 4052 179 4126 250 3117 874 403 1396 1023 2503 1057 1435 2944 196 3691 3082 759 254 4976 3377 610 4677 989 2376 4475 2469 3463 1827 4461 1477 1351 2858 4430 3478 317 1057 3634 173 208 3180 2604 595 4537 2538 1424 1094 3125 3671 2533 172 1195 3792 3215 3783 1545 4114 3986 769 573 3176 1680 1136 973 483 1886 1728 2824 494 4710 2690 4822 4761 4151 1020
3229 3417 3621 464 4329 1540 3319 3345 4867 3150 3307 1827 4393 442 1553 2207 4625 2641 3755 4385 2907 4190 814 2878 2024 516 663 1104 4704 1529 1467 3837 2541 3865 4887 2447 3700 42 3839 4329 2866 1637 3920 3462 2249 1372 3377 1046 600 1149 4984 4823 3087 1252 2646 4685 1259 386 612 4275 2392 3552 4924 3526 446 1347 4889 1776 4050 161 3361 538 3795 4206 3405 4783 2620 1004 2184 1004 4609 2663 58 4679 419 1761 924 4199 1749 2778 169 1597 813 3428 1598 3224 478 3051 1454 3113 2437 1312 1242 1054 4759 2359 3984 989 3108 3498 4323 2140 4765 3122 2931 3132 3615 1164 253 3383 3619 452 1081 2607 1419 1380 4234 3192 3825 3695 4960 1020 3276 788 4943 914 2186 4364 4789 2595 879 4830 152 1139 1854 3049 4430 1097 1394 3294 3709 3038 2829 2411 602 4397 1033 4716 2446 2205
