N: 160
M: 20
Symmetric: true
Triangle: false
5 129 135 107 53 143
8 42 140 126 156 34 105 153 138
7 80 93 147 94 38 141 73
12 20 41 62 101 95 86 97 70 123 160 21 71
12 65 88 106 66 30 52 150 29 115 22 114 100
9 98 44 109 89 78 10 92 31 48
6 27 64 57 13 61 148
6 125 154 3 28 7 157
12 131 35 19 77 112 54 83 111 99 152 133 159
9 122 33 51 25 45 155 2 104 79
4 68 17 56 74
10 120 142 144 102 36 49 14 55 43 103
5 113 108 63 37 158
6 9 134 91 12 149 75
6 121 128 127 15 132 46
5 118 4 151 96 50
8 146 110 16 117 5 124 145 84
13 24 40 90 59 76 26 67 58 82 130 6 18 60
6 32 1 85 23 8 11
11 119 72 69 116 87 47 81 39 139 136 137
1172 1264 1131 688 353 3982 2608 3786 4425 4930 4168 3765 4633 133 1886 3889 4487 4830 3375 1458 1437 494 3217 942 1823 4163 3899 3832 1274 85 258 933 2161 148 4111 4767 4569 1722 4177 2983 2361 2795 3418 4814 3458 343 388 2549 2981 412 2495 2085 4169 3430 4988 2864 4939 396 2338 3669 2879 3689 679 605 2947 1984 3426 1068 1490 1705 3387 3589 1459 3910 813 618 3013 3359 3894 1237 357 4728 4542 1976 3200 308 2064 2797 3094 2692 4626 2848 198 1266 2767 63 4570 2007 4242 1953 818 2727 4799 4510 3598 4238 2828 4564 1311 4960 853 4630 400 51 411 1172 358 2919 734 242 3017 616 831 3557 57 2532 1892 133 2735 366 613 427 4187 1774 4275 4068 2433 702 1017 2449 3181 4415 2443 3924 1928 3842 2277 2995 2263 1508 4741 3952 2666 1861 3026 3061 1499 1321 4170 3995
1264 353 1058 59 4746 1934 2409 1227 291 685 605 392 1727 934 3929 2043 4958 1499 1484 3500 1219 3435 3877 3748 2121 677 19 536 2738 945 2813 4819 4578 4468 401 2589 4858 3124 4455 910 4537 2998 4835 1560 4577 553 991 1816 3981 3643 4234 3743 3315 2236 1953 2239 700 1188 781 4790 1784 1418 4457 2074 2425 4176 77 755 3807 4465 1463 4975 4156 252 1861 3822 4011 3964 397 4919 1534 951 2988 2134 4056 2201 4150 765 1668 359 3029 2051 3948 2673 3611 2610 1703 4983 3239 1464 1185 2955 3459 1882 1155 3959 3600 827 249 1664 1097 2791 1739 4180 923 239 972 270 4114 4873 4833 1108 481 3003 2109 1598 4629 1222 1140 216 3596 592 2008 2072 3932 2002 2281 901 4769 1913 3692 4670 2745 1285 297 3763 3498 3192 3081 4131 3628 1938 2521 4213 1667 2007 2157 1621 4325 3870
1131 1058 23 2708 2404 2313 486 365 2127 160 2125 4844 978 2171 47 4825 4829 1954 2963 2270 1442 1058 3129 1933 1435 3314 2480 4987 667 3919 297 2581 405 1565 4494 3423 409 2587 1473 3598 3243 1214 2897 1404 427 66 3764 4163 1372 2742 4766 283 2199 403 2273 2421 4837 1867 2635 244 4307 4077 4679 1671 4229 1014 3028 1180 3534 1871 259 2135 2805 4086 2066 2258 3731 1781 1037 1013 1201 4216 1085 1329 2234 3723 2468 3915 3551 800 4446 4884 1720 648 4776 341 4720 265 2219 692 395 974 1925 33 3938 2254 3483 4175 4785 3061 2143 3638 3880 2472 4374 219 4781 1229 1462 1872 1762 2358 4197 2615 1793 1374 98 199 1929 868 4538 897 1358 4952 872 3459 2521 1439 972 1253 996 2560 2399 3688 4887 3567 3389 904 3625 2618 3874 2560 1697 3806 3275 2857 2435 4557 1356 3673
688 59 2708 3939 3613 4549 1949 2705 169 1409 3047 538 2959 3163 319 3522 2414 3091 2655 2814 1001 2126 986 1953 4993 3092 4280 691 1462 4120 2907 2781 1968 1103 3866 1719 4787 2863 3817 1714 4735 271 4386 4709 1267 1045 2287 211 2141 3720 3130 1545 4248 119 4535 4790 3979 4018 3276 4967 3806 3634 1811 2262 864 1652 3409 3787 1956 303 1795 4826 739 4474 1474 3334 4048 1378 858 4119 2504 1221 3919 4694 4388 2224 4817 3193 437 2461 2448 2755 2762 2100 3644 3246 2570 525 1595 4096 2167 353 1897 3968 3683 3624 3721 4868 1258 3319 1579 3574 1312 3820 3658 3593 1168 2447 1412 4989 2062 3732 1336 4808 3890 1341 2406 4650 1798 4565 3380 123 1382 3499 1269 1504 3382 3840 645 280 2143 4148 2080 2011 4553 4814 394 1505 2609 4933 4508 3437 2843 4112 993 4557 1783 496 344 4072
353 4746 2404 3613 4042 1347 3125 613 1402 3356 1227 1693 707 2746 3673 1318 703 4997 1907 1989 4326 1751 3880 4796 3699 753 4526 2367 4014 252 4706 1153 3428 2938 1428 132 926 2045 3537 791 4210 4968 2342 4910 1559 3345 2467 2907 4702 584 1539 669 1146 1242 3791 4908 830 3352 414 524 902 3740 4426 3031 4416 469 4357 4877 3221 4774 1107 144 3156 4002 4314 1501 2413 354 1614 194 1506 1221 2068 810 3905 3507 2582 2708 4711 3894 2525 4515 1774 2935 4264 3399 3729 223 966 3981 71 827 2782 4814 4563 813 1297 2795 4425 3632 3078 3624 1417 3740 2531 4400 463 2903 3134 523 4843 3574 4708 4899 4335 123 2308 1620 1683 1444 1233 4473 348 2479 4814 1037 510 740 21 4241 500 597 4894 2559 4169 42 4942 2364 1469 3001 2432 411 4716 563 3964 4994 2538 3258 3582 1167
3982 1934 2313 4549 1347 4715 1176 1468 2722 4637 672 1858 4278 318 706 149 1720 1048 4850 2092 977 4191 3274 4765 907 816 2088 2646 1853 291 792 4927 3686 4329 1678 3676 1501 1221 3444 2353 4588 3227 2701 613 1964 4060 3655 3596 4955 3668 2104 485 1913 641 3346 2718 3887 2606 3584 1463 3533 2433 3072 399 3281 1182 1205 4915 4423 1957 4937 3202 1807 454 3737 4946 988 3003 2523 4961 2396 1739 171 2113 4681 4875 4608 4479 1811 286 128 2210 2779 4506 1724 542 1460 3377 1525 1208 74 168 3911 2934 812 668 131 2629 2264 2187 4473 622 3777 1664 1448 1344 2109 4664 1838 2325 2511 2733 3223 4257 2813 1355 1804 1347 4828 2608 3536 965 1447 4962 4593 3044 4179 60 1525 491 3582 646 234 2356 2558 4071 1072 2060 639 1643 330 2040 1450 2997 2848 4473 437 2813 663 210
2608 2409 486 1949 3125 1176 543 1015 1561 721 2615 3605 225 2341 195 890 4989 2268 1454 1168 4180 3828 2524 2744 4007 2063 128 1662 4655 2338 3792 2315 2013 1886 239 1316 1084 3020 3038 1086 3364 1210 1256 2642 4488 3195 3311 2920 4868 3788 1396 2955 3309 2710 3339 2444 1797 154 3240 3716 1239 4772 4325 3393 1027 2721 2219 2980 2765 2981 1628 2140 4562 4276 4327 2843 3782 2875 3969 3990 4753 1531 4415 4610 3926 1564 2616 3644 821 2833 1371 1788 2841 2117 4094 3341 2255 2097 63 4854 4040 1647 4413 3617 3300 3345 3186 3118 4978 1214 2717 4485 2044 1082 721 1706 198 1164 4748 833 2886 2628 2417 24 1188 4586 1315 2042 2245 3448 440 2180 4756 3023 108 4147 2236 970 2995 3123 309 4484 3272 1727 1691 942 1217 3672 2766 136 3351 1928 3081 4460 3695 1405 4926 4013 4656 430
3786 1227 365 2705 613 1468 1015 148 4524 942 1610 4010 2563 4175 1653 4302 134 913 3937 3419 2958 4323 3599 1487 2871 3911 272 4346 2409 4127 3141 4970 1762 892 728 3149 1347 3441 839 2427 1561 1415 3336 157 1216 4779 53 453 567 2811 2005 4077 3939 1303 4752 2321 4674 2824 415 1710 4474 1349 3491 2694 4457 3137 2852 835 1351 2657 3452 1648 4077 3117 243 1003 419 1236 1099 3609 3508 1774 4970 91 2185 4167 1074 4371 171 3050 834 1115 3726 2852 3033 1871 4837 1075 1922 2739 1960 625 2418 4796 1508 3615 4012 4472 4077 3702 3436 1067 185 2593 10 4021 2976 3701 4571 3732 1160 2869 2892 4738 4299 3718 4688 4884 908 2165 1443 1635 1895 2596 2573 1791 1855 2377 3311 1523 414 3780 1364 2219 3704 4592 4782 324 1833 2129 3087 54 3906 1054 1470 2953 1315 4451 1480 1963
4425 291 2127 169 1402 2722 1561 4524 2087 3451 3581 1293 2463 4800 4448 1026 1904 3962 4093 1824 542 564 4397 2990 3911 4084 4120 2313 512 4289 792 2289 3782 4741 915 3385 3011 1133 4636 3458 1008 144 603 3232 4280 2560 320 2292 4309 3203 3941 3201 40 24 884 4279 800 3072 2209 400 971 1528 1342 4159 2831 2618 1868 1850 3218 96 3587 4986 3785 4136 2332 1496 4327 451 3177 1347 3483 1034 1156 3622 1936 709 496 3662 3984 3365 4209 4773 3829 616 2687 674 1439 3676 1807 2392 1120 308 3315 554 1868 4382 2438 526 2251 4548 3938 487 321 2399 772 3911 1962 1556 3522 3690 2976 167 2624 3696 2626 2276 2821 4449 1626 4978 2991 4192 4703 1082 1102 2738 4691 3430 3795 3251 2480 4571 911 540 781 1320 1714 711 1009 3079 182 4238 590 3521 4081 3395 3394 4606 4154 3790
4930 685 160 1409 3356 4637 721 942 3451 4274 1328 3419 2915 3872 425 4078 3902 4019 3374 4815 4237 2063 3217 3110 2476 108 2122 3344 2902 2431 2751 723 1956 2763 4329 850 4349 3068 2800 357 3119 200 1394 326 2241 3612 4299 1011 4793 1791 132 2482 3768 4389 27 1256 191 354 4284 4857 2773 1352 3298 2353 276 4089 3008 2465 4510 3558 4875 1499 4301 468 1331 2934 2527 3114 3637 2928 2024 2430 571 2192 2169 3055 4365 4186 4339 3571 3162 3974 4707 2513 3990 1771 3994 3004 4141 599 2956 2849 803 835 1778 3518 722 1785 683 993 2191 111 1448 2968 1010 4337 1275 1054 4338 3347 4110 532 4471 1450 966 1908 732 4665 1265 2104 116 4315 173 720 3526 4409 2570 111 1934 4556 2064 4749 4313 772 2699 935 3059 3813 90 3040 4591 3117 1317 811 1486 2551 2020 2735 3359 4794
4168 605 2125 3047 1227 672 2615 1610 3581 1328 1129 1430 1156 3278 1649 2211 1461 3079 1462 4674 1979 3064 3649 2056 1408 30 307 792 221 416 145 1258 3885 450 856 1276 2090 1899 747 1118 152 894 1515 517 3843 1899 2826 4478 727 2423 3536 924 3079 4419 3900 929 1208 2609 1309 3106 1730 4246 3100 3848 3369 2122 2004 4712 2102 2501 4949 4075 4791 3198 3256 4495 3816 3455 4825 4397 165 2559 544 1021 1553 2646 2391 4240 1528 354 459 317 4752 984 3438 1026 1179 4881 1177 2469 4421 526 1392 1638 3979 539 3138 1928 3134 2445 2521 1738 4665 2383 4114 2501 2928 1149 1048 2626 2066 2470 3336 276 410 3808 206 4240 4350 796 4563 1533 2892 1051 3442 397 4464 1834 2945 3972 4722 908 2108 4942 903 1813 4833 2161 4426 3352 1656 1766 4059 3359 1186 1805 1321 3380 776 339
3765 392 4844 538 1693 1858 3605 4010 1293 3419 1430 469 1663 539 1532 2305 2886 2261 2466 3967 865 3459 287 1394 2957 2246 3003 2448 4283 2781 2045 3199 4938 2075 4701 1396 3832 3390 3809 1072 327 4985 3141 2436 3457 605 4175 272 2024 3880 2399 2126 3449 3371 3278 2537 2785 4303 4096 2428 4946 3683 2398 3590 563 4809 2228 2905 2742 2980 2593 3633 1238 4884 1431 708 487 1077 4793 2415 1391 1881 879 1998 1519 2497 3462 1934 2869 839 4718 3592 1620 3023 1381 2696 1310 1918 3731 542 3554 4620 1278 3620 3302 4183 3729 278 3677 150 2166 1686 3537 3015 2248 3468 1743 2101 4739 3628 943 1986 3402 810 1957 4711 2792 2467 273 1837 4011 123 4615 4728 1202 1751 534 3909 1478 4387 2120 2030 790 4766 38 4966 2375 28 828 3921 3095 2907 3010 2579 1875 4754 2975 2055 403 4806
4633 1727 978 2959 707 4278 225 2563 2463 2915 1156 1663 831 2549 1432 3783 346 4133 1548 4330 3441 428 819 3765 4253 1160 3058 922 4815 3275 544 1829 4304 3743 3340 931 2147 293 3382 2863 3022 2514 892 160 2684 471 2800 720 1010 290 1514 1963 161 1904 3169 1154 4956 4865 4197 4076 3811 4592 2761 23 4677 4514 2327 4691 325 693 2158 1696 4390 1626 4811 1905 2618 2271 1875 606 71 2828 216 747 4105 3033 2442 4541 4834 2935 497 1966 411 331 4204 471 4870 823 754 1846 3172 3500 1580 82 1916 3505 2206 163 4359 4537 1976 1532 1841 294 974 1205 2322 3437 1159 3614 1495 2138 1224 4590 2094 2310 3849 1912 621 2401 682 4447 133 3508 3294 1638 759 699 2260 1698 2003 2073 4134 3803 3244 3491 1560 220 555 3602 2857 2228 1792 1176 3431 2937 406 3003 2444 4059
133 934 2171 3163 2746 318 2341 4175 4800 3872 3278 539 2549 1771 4715 589 1998 3684 4844 2238 1268 1829 1752 4773 2570 353 3415 1959 126 4902 2152 3099 1691 1866 1107 1529 1955 4169 1732 2381 3063 1710 2869 421 4312 2544 621 1549 1794 32 3836 895 105 3122 4250 2123 1622 3683 668 4064 357 3269 241 4727 875 1402 1117 1577 1637 1707 265 4608 205 309 3210 4377 975 4019 3432 1545 4766 3625 2510 2896 2931 3982 2926 907 1758 2477 4837 4714 2134 156 4443 1816 4064 3579 1087 3097 149 631 3396 4248 497 3129 1817 3491 818 3620 1259 1769 710 2221 3155 3909 3075 837 346 3088 3568 1605 835 2644 3352 1058 4206 545 4799 2735 3848 4705 981 4310 2203 2729 3472 1417 4545 56 3940 2812 2439 3200 2087 1063 2300 1963 1797 4297 4027 4952 4208 1600 3976 3672 3440 2869 1978 1606
1886 3929 47 319 3673 706 195 1653 4448 425 1649 1532 1432 4715 3765 2542 2135 390 1168 626 4953 3402 350 3281 1898 3250 2770 3902 1061 527 518 3860 2802 32 4102 2865 2550 3805 4646 4155 4034 787 4977 2559 4204 4331 1267 3344 2704 3052 3227 2517 4260 25 3115 2544 3407 2273 2649 4040 1855 2728 1863 3628 4628 3188 2339 361 1923 1604 4245 3659 1173 519 1584 404 906 3590 48 485 1850 2269 1872 788 3157 1515 434 3711 214 3397 2513 4637 4575 1669 4425 593 2483 3774 3968 791 1150 3639 982 3104 2696 3579 2965 153 1387 1514 1762 3037 4769 4814 221 4515 2380 673 2415 1612 4653 905 3415 1434 4880 229 3276 4307 2814 2149 3364 3164 4480 3532 1703 156 2418 4902 1184 2009 4254 4373 2021 2051 2580 3487 3373 1746 2090 2187 2469 1739 3528 1467 3368 4667 674 2797 3291 1521
3889 2043 4825 3522 1318 149 890 4302 1026 4078 2211 2305 3783 589 2542 4742 966 2022 3197 4744 248 1371 2806 1462 2955 3191 1830 598 93 4547 3871 614 112 2177 3979 4248 1857 609 3986 278 4025 1375 4599 2635 1302 3597 2239 3392 3161 3289 2763 183 2419 1502 1333 2659 307 3402 4645 3624 3286 3558 675 3866 2250 505 1562 3254 3729 4409 3244 185 2385 2474 3479 2053 3699 1698 3832 1812 1608 607 4083 2646 613 1564 2912 2852 176 741 2345 1926 2478 3039 1882 3629 4241 2353 28 2203 2939 2677 462 1726 2960 2614 1756 2584 2419 473 715 3368 4937 233 1856 4448 2802 2531 3509 2663 657 4780 849 1689 421 4590 850 3821 1252 4177 1129 4282 3386 2333 1398 4605 1002 4465 2168 1135 4514 779 1626 2968 445 865 3565 4762 4060 4426 3874 3742 898 645 2892 4397 3359 3194 504 3424
4487 4958 4829 2414 703 1720 4989 134 1904 3902 1461 2886 346 1998 2135 966 729 2610 723 4441 4028 496 252 3161 1832 3177 2276 1307 2650 4252 4280 3748 2698 4970 3337 1329 1953 658 1073 1673 1678 1638 4588 798 1523 4590 3053 4440 988 956 657 3359 4969 1778 1588 1157 2955 974 2195 586 298 2207 4311 3593 1153 3933 2299 830 4009 3884 3962 392 4939 3220 695 172 4936 4155 719 3524 322 3206 1241 1463 590 3720 750 4814 1730 4003 3472 1101 1946 1277 4778 1394 4158 4820 2056 638 4087 1223 1259 1796 4661 1809 2296 3685 92 121 2860 2101 2662 1022 830 4207 3227 4935 2989 1276 99 1358 1447 1307 3910 628 1945 641 1958 1553 2977 2454 745 1683 1582 185 2201 1425 4390 2626 4299 3623 4930 3508 3932 867 3134 1926 1845 516 3777 609 1647 2615 3069 4909 1857 3166 3440 2822
4830 1499 1954 3091 4997 1048 2268 913 3962 4019 3079 2261 4133 3684 390 2022 2610 4998 4121 2129 73 2798 1535 3827 3262 387 2184 1181 849 3855 238 2068 2266 3091 2446 4637 3123 4627 3855 4198 2403 2929 4094 4761 823 2936 2116 4627 2546 2085 3667 4869 1995 608 2241 4735 1989 2726 1622 3684 4728 3006 3599 3074 4455 214 17 174 1819 323 4941 3447 1872 4455 398 2735 1498 4184 1408 4963 255 478 1324 240 3447 4256 779 3898 3506 1883 4245 2403 1206 4343 4819 3829 4503 2952 3711 2605 2791 2440 4006 823 159 3553 1250 2114 4964 4720 3135 4289 3193 148 2184 4333 4549 2699 1187 2840 1602 2633 2724 4499 2090 497 2456 4296 2021 3969 3891 1523 2571 1053 2387 2470 3658 26 1075 2048 89 2223 1208 1935 486 559 3202 3259 3352 4890 1209 1141 4789 378 2123 880 835 4736 4609 3828
3375 1484 2963 2655 1907 4850 1454 3937 4093 3374 1462 2466 1548 4844 1168 3197 723 4121 68 3179 933 2384 1584 1720 4551 2970 4291 3397 4701 4016 4384 993 3836 1235 2915 3697 3295 893 735 2075 1984 1521 4045 798 1899 2037 1658 3085 379 3987 1320 3953 4219 742 2981 1179 3689 891 2899 508 555 4161 4887 4237 50 1211 3531 448 1292 1103 2529 1827 1694 4608 1955 2587 4319 1484 1279 1906 3179 4216 2041 3039 3771 341 3469 2399 3720 2273 352 306 426 4058 307 4694 4404 3541 1110 3027 2373 3296 1691 1928 1085 2768 4407 820 1692 2040 20 1376 3101 4963 3839 969 3192 23 3118 3609 1601 3605 387 4810 286 145 3931 3241 2296 1687 4536 1387 3019 4867 2554 1614 4632 3577 3670 904 3129 2849 1008 3043 2634 1120 319 779 1657 3390 4484 4753 2869 4851 3293 1196 4430 3119 2555 3017
1458 3500 2270 2814 1989 2092 1168 3419 1824 4815 4674 3967 4330 2238 626 4744 4441 2129 3179 4465 259 193 149 2635 507 556 1969 740 4744 1441 645 42 3227 84 4725 2124 786 625 3991 1688 3694 3190 372 2448 923 4681 4423 4013 3954 1182 962 2819 256 571 4562 358 283 3493 347 4507 2916 1369 2677 1750 4316 3224 3199 2185 2998 4501 3254 2576 4523 63 4026 1157 3163 110 573 1999 4896 204 751 278 1108 4412 524 2845 54 4598 2300 236 3952 125 68 3757 1492 3609 2362 300 3658 3925 4186 781 2163 3909 4841 2007 2654 2091 1601 3970 3958 2280 4543 4158 1717 2019 3627 4363 959 1735 3246 4632 4061 4593 189 4457 1345 223 2399 4777 523 2807 4291 3739 1612 4012 746 2540 3512 2556 2099 2925 1012 1812 4107 3351 3244 53 2363 1271 2085 1734 3992 1263 1173 1255 4760 3385
1437 1219 1442 1001 4326 977 4180 2958 542 4237 1979 865 3441 1268 4953 248 4028 73 933 259 2573 1754 1306 4240 4297 2846 4136 2386 4977 360 4029 233 4829 4119 3301 4893 847 3189 4309 4004 577 3477 4514 70 3984 129 227 2945 4735 3819 1382 3252 2886 3993 3412 85 1846 266 4902 625 1160 692 4678 2369 2040 3175 1992 1120 2814 677 2902 2704 4166 4134 1577 2930 4679 4127 4324 1943 2129 767 4228 4813 3385 4434 1192 791 1369 4854 879 502 1186 4719 758 4564 958 3285 1541 569 4218 2495 1588 1620 387 4244 4106 3694 2685 1086 3111 191 2485 1733 530 3207 4594 2452 984 1960 2029 1851 1633 779 1716 4696 3357 772 1445 853 3730 3245 1985 3859 3907 3884 382 10 4822 3181 4414 1675 3098 1754 2141 1877 2837 628 2569 2090 515 1792 4395 4305 4683 2179 3338 2043 2824 3078
494 3435 1058 2126 1751 4191 3828 4323 564 2063 3064 3459 428 1829 3402 1371 496 2798 2384 193 1754 2654 3845 3100 4911 2797 2927 4663 3693 3393 1900 601 584 153 4047 421 1053 380 1563 3139 4839 2052 1216 305 2879 1214 3951 954 4481 4262 2265 4579 214 3593 3519 820 4638 4473 3268 3715 4421 3795 161 624 2497 2374 1934 1733 3813 272 2453 2781 4674 3362 4531 3102 2689 4111 4421 4881 4239 3491 1134 3093 3025 4119 1246 871 1104 3055 4371 4585 3755 729 597 3600 856 2000 3903 2427 142 3847 743 4811 2926 2037 930 4587 4780 1553 1342 476 3503 3708 1235 3804 4224 967 430 613 2801 2675 4325 4659 801 2889 2921 689 2819 2002 1063 1356 1172 1269 1623 581 1841 551 427 4833 2926 2841 4313 807 1769 2169 1129 511 4663 851 1729 2053 1848 3458 4631 1435 4452 1669 1071 3565
3217 3877 3129 986 3880 3274 2524 3599 4397 3217 3649 287 819 1752 350 2806 252 1535 1584 149 1306 3845 838 4339 1854 592 4918 3660 4208 162 52 3405 2263 1824 3872 3250 4692 2508 2791 292 4217 4408 3357 2159 457 322 161 1133 371 4337 3322 4371 165 976 51 3375 3755 1692 4452 4927 2964 1817 3960 2128 2909 3504 591 3967 2019 3327 2694 4208 3304 3304 1220 924 1040 1927 4344 2738 65 4403 3973 892 2481 4432 3535 1489 2283 4746 1739 3438 3425 2499 2559 4410 3447 1208 4779 1292 76 172 2000 4732 2746 3939 4673 2994 2555 2200 4549 1240 4904 1586 172 3823 971 3805 2538 1857 4292 1028 671 317 2787 1958 422 3633 4006 1988 1477 3753 1014 3817 528 3457 151 1566 4096 568 3547 3143 3528 340 2458 3993 3644 3114 4670 2400 64 4272 4798 3277 1394 2959 4145 2433 410 3589
942 3748 1933 1953 4796 4765 2744 1487 2990 3110 2056 1394 3765 4773 3281 1462 3161 3827 1720 2635 4240 3100 4339 1117 3732 914 2883 4322 2515 4475 3143 3452 1109 3166 4466 1835 2245 4988 1886 1719 4563 1112 2351 1455 3670 1066 2298 2486 2588 662 4138 4498 4324 182 2218 2918 1123 3050 769 1651 2862 4829 2884 4930 1202 897 1827 103 1237 1466 31 2766 2948 3863 4541 1523 1481 1428 1520 2200 1664 938 1459 4390 3263 2727 1234 539 2384 1388 1387 1330 1155 54 4466 1808 2804 4164 2578 3575 531 4309 2470 359 2843 4007 929 2161 2512 4969 2814 2869 1933 2525 1979 1618 2465 552 4025 4753 1017 3067 4266 1137 2661 4548 2928 4920 3618 4113 605 4276 3707 362 2972 1252 1784 632 3925 338 2365 1442 1773 3207 92 2023 1150 2235 311 4644 3961 4702 3323 1696 2145 1252 3303 3668 2381 2430
1823 2121 1435 4993 3699 907 4007 2871 3911 2476 1408 2957 4253 2570 1898 2955 1832 3262 4551 507 4297 4911 1854 3732 462 2342 3453 2635 1178 2641 400 2296 4464 4977 969 1591 170 3736 1239 3810 1406 2822 3591 1664 3251 3102 1570 752 691 1456 3992 1073 2383 682 2567 4320 2637 1098 2745 4878 3427 1535 3863 2556 771 1746 1830 825 104 885 2705 2988 2916 4621 1202 2709 3625 2756 77 118 1973 663 4122 1356 1924 4019 960 4218 1185 1754 1187 4113 647 842 4913 1271 1190 2645 4774 1365 3565 703 913 217 362 1986 3580 4371 1640 3669 2912 1867 1914 649 368 1846 3106 206 2120 1109 2658 39 3221 1025 1396 4678 4167 334 4788 3937 4335 2564 266 2874 325 3052 4650 3593 409 1902 746 4914 4944 4549 2498 1535 4777 2302 2929 819 1008 1044 1637 2449 1674 4675 2817 4157 4285 1327
4163 677 3314 3092 753 816 2063 3911 4084 108 30 2246 1160 353 3250 3191 3177 387 2970 556 2846 2797 592 914 2342 4331 2911 3751 2062 1383 659 2978 2651 515 1780 1191 1555 3644 3994 729 696 1436 439 2082 4882 1156 4670 629 3533 150 2027 2902 1904 2636 4828 4323 2567 4461 2163 1469 2247 71 3948 813 1841 2708 145 2618 3991 995 905 3018 1408 3322 2497 4061 3652 315 3261 3634 3689 3785 1559 3701 1525 1876 2101 4411 4864 4030 2905 1463 1334 3086 2065 3296 724 561 162 821 1547 4352 2506 3420 4105 2363 3453 3004 3935 1878 4392 4563 3054 516 4817 3241 4178 2385 4256 1915 2001 4147 1498 3943 1433 4460 1755 4355 3614 2492 2428 321 920 3781 290 4196 2082 750 4454 2991 3910 4646 2777 3335 4946 52 4380 2752 4123 4117 4746 2710 414 1820 2184 330 4011 2903 2557 3523
3899 19 2480 4280 4526 2088 128 272 4120 2122 307 3003 3058 3415 2770 1830 2276 2184 4291 1969 4136 2927 4918 2883 3453 2911 245 2234 1399 1786 2192 2209 3182 4487 418 3652 1492 1739 4972 3668 887 436 1266 2549 3989 4449 4165 2805 1740 1756 1879 677 572 3936 2950 1818 4985 1839 2620 240 4920 4365 108 4900 2083 3570 4495 392 2159 2692 263 229 4796 3393 4879 2422 4266 716 1515 2501 4720 172 2639 4437 631 4306 427 993 1330 288 3070 4118 683 2906 1040 730 250 1590 607 3010 2004 3865 1707 3535 3570 42 3934 1418 1183 747 837 4235 4225 2518 2029 3159 16 1782 4384 4238 4253 3852 1519 1087 1301 1894 715 4331 3663 3214 3619 215 2769 2421 1836 2012 3982 2434 2887 2629 1380 1071 2599 3311 2676 131 4445 3445 2892 2219 533 2793 3710 2522 1191 1623 3786 1190 362 2491
3832 536 4987 691 2367 2646 1662 4346 2313 3344 792 2448 922 1959 3902 598 1307 1181 3397 740 2386 4663 3660 4322 2635 3751 2234 768 659 4342 1422 4921 1747 4573 4930 3841 280 2930 2259 525 611 4637 540 3676 2310 2496 4326 1385 1238 4629 1576 4832 616 2649 2653 1415 4527 722 1938 2595 1991 2391 4150 2581 1620 4463 3370 4724 1577 4438 1925 1985 1434 3983 3068 2815 1325 2151 4422 2065 3513 83 1840 4862 3513 4656 1200 3574 4969 3901 809 1401 2848 3351 3880 2731 3296 1079 1281 1842 3900 2447 999 1694 3923 4579 1005 3151 4946 3195 231 3897 639 274 2955 2892 4991 4166 1289 2248 3193 621 225 4264 1043 1863 3991 4487 3327 4037 497 4225 2976 3400 4392 4989 1880 3472 1805 4924 3737 2382 1040 747 900 2635 4061 1652 244 2240 1816 2150 998 2676 1322 4515 4376 203 1416 2082
1274 2738 667 1462 4014 1853 4655 2409 512 2902 221 4283 4815 126 1061 93 2650 849 4701 4744 4977 3693 4208 2515 1178 2062 1399 659 1644 3361 421 2948 194 3689 2348 4525 3260 2384 1108 3554 3735 1258 1432 1560 3359 2671 3236 554 2897 4106 4131 3217 412 3955 504 1622 1290 3326 4897 75 1133 1319 1891 3152 3048 4742 555 488 1895 1415 4363 2506 221 2321 2298 1873 4590 3257 1034 1970 3324 1231 1207 4618 4170 3210 2819 4863 3657 1324 1458 2213 3993 241 2508 4285 3301 1822 698 212 4045 364 2677 550 2478 1647 2212 495 3887 4958 2432 1152 2841 3854 4761 3456 863 2886 1937 2551 4071 664 4042 4399 1231 168 2992 849 2742 4642 3565 3164 3535 4160 2680 4667 3283 2621 4754 4743 4997 4669 696 476 1489 2957 1334 4230 792 2348 3612 2222 3329 3425 1101 1488 941 4047 3662 3620
85 945 3919 4120 252 291 2338 4127 4289 2431 416 2781 3275 4902 527 4547 4252 3855 4016 1441 360 3393 162 4475 2641 1383 1786 4342 3361 1510 4067 3938 1913 4817 2834 4788 1040 1223 2277 3380 1584 2632 4088 2710 3299 2527 317 4568 2657 4115 1120 2255 1434 1432 3157 2552 3772 2844 3045 2688 3211 3426 2911 1649 55 4955 654 187 488 2991 4951 3830 297 2822 1231 1369 1198 1962 3510 3286 629 2735 1798 2324 1445 1731 753 1308 1693 246 1091 4689 1971 2734 855 3695 4110 2352 4840 1300 4834 4365 4895 515 1982 1419 3961 2917 2057 1695 4066 3569 4138 2302 3384 140 1902 524 1644 1730 3989 3077 4956 3195 3616 3325 2160 3320 3975 2724 858 1766 4232 3173 2409 3737 4807 1523 3175 4672 649 3499 2509 3830 4243 4238 4433 101 100 3336 4079 3372 550 2507 4960 1658 4869 2647 4177 4985
258 2813 297 2907 4706 792 3792 3141 792 2751 145 2045 544 2152 518 3871 4280 238 4384 645 4029 1900 52 3143 400 659 2192 1422 421 4067 4153 518 1463 3403 1548 1637 4891 4878 688 4835 415 1054 1967 3080 4904 3780 1785 4355 4629 426 1934 2133 1145 1153 956 3840 4407 1326 302 605 2969 487 4389 593 1474 1257 277 967 4911 1264 3778 3078 2147 270 206 2415 2917 3928 863 280 4441 2522 3821 1876 1749 4755 2483 3983 4361 951 3961 2185 1204 4136 2231 2701 4685 3593 4968 2673 892 2215 3776 4026 3164 2356 2541 326 1530 1332 517 4864 2203 3940 99 4767 33 4551 4106 4091 4672 4655 3291 1444 1953 374 1430 77 4632 2559 1028 4662 1111 3930 886 1518 4556 3239 361 300 3983 1107 4350 1671 2776 3938 3074 611 1151 2884 778 3009 2271 4393 1070 3051 1300 2775 4014 923
933 4819 2581 2781 1153 4927 2315 4970 2289 723 1258 3199 1829 3099 3860 614 3748 2068 993 42 233 601 3405 3452 2296 2978 2209 4921 2948 3938 518 2688 349 1798 2980 1790 495 1898 3835 2168 2949 3037 3708 1606 4712 2213 4046 3549 4239 3822 3051 2903 2305 3371 1888 2920 4333 2836 1108 4583 3255 4068 3136 4113 1437 3799 2001 4620 4907 3978 215 3807 4796 4916 2331 2167 1794 4804 2305 4012 1866 1353 1255 1761 3450 2280 2009 3003 2071 3952 1868 1121 2281 334 2698 3356 1735 3656 4636 4994 217 826 1579 4386 701 4665 1760 1747 3472 2222 4963 2514 670 1092 720 2409 3195 2315 3625 64 1615 1789 262 1081 3794 914 4977 3107 1506 2725 1363 3163 1593 1572 2050 4322 3958 2607 2132 3687 1540 4537 4603 2450 1923 3196 1279 2925 2880 3015 3794 2855 2741 3495 2693 2565 3750 1328 4702 120
2161 4578 405 1968 3428 3686 2013 1762 3782 1956 3885 4938 4304 1691 2802 112 2698 2266 3836 3227 4829 584 2263 1109 4464 2651 3182 1747 194 1913 1463 349 4326 4674 397 852 3928 1743 2003 3723 303 4694 2177 312 2731 1214 2902 2766 3898 1456 3356 410 324 623 2333 4807 472 55 2442 2116 3869 188 1882 114 3710 593 2941 3106 2207 1290 2732 1825 4133 1639 950 2436 2944 4226 2226 2422 907 2551 1488 2030 1586 1596 3580 4387 3565 4836 4749 2062 465 3560 1544 726 4169 2783 1459 4541 1392 2001 4673 3483 3557 330 1613 2370 2238 4409 213 540 1062 3207 3757 1488 3274 2355 4731 1437 3119 4796 4358 63 1297 1721 4301 673 1334 4931 3993 4209 1547 118 3150 2796 1878 2809 4292 1734 2512 1347 2307 155 4828 2262 2576 3434 2858 3568 1464 3777 2474 3012 3052 2523 677 4214 1360 182
148 4468 1565 1103 2938 4329 1886 892 4741 2763 450 2075 3743 1866 32 2177 4970 3091 1235 84 4119 153 1824 3166 4977 515 4487 4573 3689 4817 3403 1798 4674 2783 4899 4820 4810 996 2879 1872 3648 4779 2759 4546 552 626 4132 434 3796 12 4421 1019 4278 3091 3363 4824 662 565 3682 4033 3704 2477 4662 4029 4055 999 3485 1238 244 919 4195 1907 4123 3366 2929 1808 2423 4043 678 2644 4805 330 1004 4239 3358 4653 2710 2750 2570 4595 2321 3235 4443 3986 1764 4119 497 3088 2982 4853 3243 1983 2744 3083 4223 2026 2598 2692 4322 3034 1933 3421 160 921 2768 2774 3769 987 3073 2829 369 2583 162 2398 4009 3112 2403 4126 3067 3787 4918 2491 989 407 2856 3980 4316 3171 4577 3251 2435 3678 82 955 307 2938 2762 4954 347 3342 2647 3119 28 4548 1319 2069 323 2383 1207 1872
4111 401 4494 3866 1428 1678 239 728 915 4329 856 4701 3340 1107 4102 3979 3337 2446 2915 4725 3301 4047 3872 4466 969 1780 418 4930 2348 2834 1548 2980 397 4899 2991 3136 1091 2476 1806 4161 775 2904 2233 3751 302 4942 1287 1300 3440 645 3476 3442 606 2550 4050 1721 3478 3379 4067 3787 1520 1293 4169 4312 3675 1833 4817 3590 4184 150 4398 494 868 3583 2158 2102 1163 2586 51 3980 76 3429 413 4201 1450 3318 3495 2122 3346 760 3314 4884 4470 736 357 1929 4359 4760 1063 2408 4591 2477 1789 273 4814 2494 1588 4918 1009 2141 3844 1216 3305 1480 3147 2133 3933 2444 1592 4222 2743 1711 2007 2385 4189 3209 2949 961 2421 3076 3451 3618 920 1867 2323 4870 4909 227 3143 2776 4744 3173 3441 810 3453 1625 1654 2667 3804 156 1302 3859 2768 2534 913 3956 4416 164 4991 868
4767 2589 3423 1719 132 3676 1316 3149 3385 850 1276 1396 931 1529 2865 4248 1329 4637 3697 2124 4893 421 3250 1835 1591 1191 3652 3841 4525 4788 1637 1790 852 4820 3136 1389 4551 2161 4303 3164 2883 4776 370 678 1691 1430 2872 1303 245 3634 4252 4924 3529 1252 4538 2792 2657 490 960 1284 1402 2028 3071 1724 4476 443 4749 2930 3719 2609 996 3419 554 3753 3051 2455 1153 477 1342 3382 2984 4297 2591 2364 3830 349 3489 4997 4724 912 583 3941 4298 3270 3009 3461 208 1608 4862 4988 3828 1141 2430 4061 2004 1333 2267 2874 2341 1715 2153 3903 2767 993 784 4824 3719 1634 4509 2914 368 1599 4101 1786 2470 2186 3752 3208 2254 3542 1134 1757 1248 3869 2447 1133 4901 3337 3677 1404 3271 2064 3748 91 2676 1393 4747 1712 1358 2388 3772 4010 3243 1634 959 426 1102 1885 3178 4981
4569 4858 409 4787 926 1501 1084 1347 3011 4349 2090 3832 2147 1955 2550 1857 1953 3123 3295 786 847 1053 4692 2245 170 1555 1492 280 3260 1040 4891 495 3928 4810 1091 4551 3551 4934 3700 493 1370 2400 3257 692 2527 1893 2290 4565 385 2674 584 3421 2971 804 664 1066 3102 898 4750 1123 284 4500 4750 2514 114 2092 3545 2291 3403 3324 1667 1465 620 3080 1531 922 3597 896 4804 836 3316 1098 2523 2868 3969 4636 869 4639 3681 2680 2729 4064 2286 4247 4305 1015 1857 4195 3997 4120 2238 4755 3258 3342 207 1854 845 1758 3922 4904 822 4927 3097 4978 4773 3241 372 2062 802 2080 1795 175 1577 2409 3855 4142 1302 3229 4959 2176 2394 3633 2360 1245 3588 147 1133 2443 4582 4717 1852 2330 766 993 4119 310 2740 2765 655 1658 3367 1653 837 2940 1599 767 959 3712 3484 3379
1722 3124 2587 2863 2045 1221 3020 3441 1133 3068 1899 3390 293 4169 3805 609 658 4627 893 625 3189 380 2508 4988 3736 3644 1739 2930 2384 1223 4878 1898 1743 996 2476 2161 4934 99 1497 4731 4116 4956 1085 2223 4016 459 2281 2519 3438 2638 4025 4887 1196 1123 2312 4446 2776 3064 2009 3690 1008 293 1874 2072 1524 808 3692 2112 983 1665 1893 3838 3385 2102 1166 2467 3030 78 2916 1056 2662 1314 2092 4709 4788 2616 3315 2254 252 4254 1944 3569 1898 4281 3621 4174 3747 3772 2003 4949 3086 1082 2717 2180 3713 925 399 3859 2124 996 4905 4876 3550 1941 1565 1890 588 924 2678 1727 560 4241 3038 3887 1510 330 1012 1596 2059 1138 915 4171 2308 968 4765 1775 326 2661 3142 2556 3206 1300 481 955 1855 4886 3368 882 3320 3305 1518 4023 4732 3207 2121 4810 1720 1076 3929 312
4177 4455 1473 3817 3537 3444 3038 839 4636 2800 747 3809 3382 1732 4646 3986 1073 3855 735 3991 4309 1563 2791 1886 1239 3994 4972 2259 1108 2277 688 3835 2003 2879 1806 4303 3700 1497 1916 2195 995 1910 3615 3303 871 2240 646 2395 1452 3174 4720 4473 3389 589 2059 4134 4510 387 162 988 680 4286 3578 3569 3854 4981 1570 1274 3338 1178 1842 2497 2743 1501 4338 2896 1318 120 3817 4145 2027 3838 1689 2300 131 1367 2286 4547 3633 3044 3508 2907 1057 2918 2871 3909 4772 3562 1249 2461 4741 4965 4785 2275 4872 3671 2074 4481 184 200 934 4244 757 2058 2464 1890 1369 4919 1325 393 2644 3694 871 1896 1575 4510 832 1734 1652 3788 781 1629 3177 3175 4190 4982 440 4980 2388 4942 4553 2104 3813 29 4506 4125 4243 4177 4803 4608 2509 3824 712 3574 889 3441 240 465 2498 620
2983 910 3598 1714 791 2353 1086 2427 3458 357 1118 1072 2863 2381 4155 278 1673 4198 2075 1688 4004 3139 292 1719 3810 729 3668 525 3554 3380 4835 2168 3723 1872 4161 3164 493 4731 2195 2094 1124 867 1663 2225 2732 4023 1041 3935 1804 2451 3399 2687 2270 2912 1598 2111 1604 4966 3061 3731 4961 4300 3462 3285 4845 4592 2470 1447 265 1462 3720 4431 644 1556 2494 3457 1047 255 3910 1905 113 798 1764 1278 4628 4435 4469 2440 4070 4187 4169 1903 3393 421 3095 4512 3018 4232 441 194 2818 1739 1113 967 2742 4394 1173 2882 2786 4307 3400 2126 4991 4949 4302 2230 1997 3404 2962 4084 4097 4727 975 1470 1566 3227 77 2766 1314 2883 3515 1007 2943 2557 2085 4880 281 4206 2659 1621 2737 3761 2790 4045 443 3386 2067 283 842 75 2962 3646 2432 2324 958 2284 1259 2719 4370 2705
2361 4537 3243 4735 4210 4588 3364 1561 1008 3119 152 327 3022 3063 4034 4025 1678 2403 1984 3694 577 4839 4217 4563 1406 696 887 611 3735 1584 415 2949 303 3648 775 2883 1370 4116 995 1124 2988 3906 373 2906 2006 3874 2777 1111 1624 839 3504 2900 3520 4971 2117 1187 3369 551 938 823 4467 1819 2253 570 530 4160 4386 3771 1831 2099 2408 2068 758 1580 1393 1273 721 1062 3947 4639 1092 412 4597 4174 4942 1211 1390 820 4391 177 2486 1924 772 3130 2346 769 540 2374 1658 1864 3914 4331 3702 3397 3729 1681 2794 3243 4357 2660 1181 3866 747 3849 1083 4467 149 2325 2462 2882 2003 3565 1986 3514 1138 4785 4008 4357 1615 1852 3165 3643 1574 2383 2955 1580 4714 339 4147 1245 3833 1157 4232 4967 939 666 4361 1232 1450 2099 2193 1666 184 1760 1025 2016 933 3924 1124 27
2795 2998 1214 271 4968 3227 1210 1415 144 200 894 4985 2514 1710 787 1375 1638 2929 1521 3190 3477 2052 4408 1112 2822 1436 436 4637 1258 2632 1054 3037 4694 4779 2904 4776 2400 4956 1910 867 3906 989 313 2658 4117 4796 148 3189 839 1373 1080 2335 429 92 3203 3277 3457 4296 3898 633 4349 1271 534 891 2467 690 3787 3097 1297 1043 1769 1919 3001 1530 307 3902 3944 4122 4890 4717 1908 1379 2385 4835 2923 2621 938 4208 4125 203 164 511 1638 4104 4441 1589 1109 3770 1817 1468 3034 2724 4020 1325 701 3183 3545 2899 677 716 2920 3648 3453 4746 2390 1721 765 670 2313 3733 3726 4056 4858 2190 1338 73 3054 1649 720 2636 3331 2808 4410 1509 3283 276 3388 162 4979 2290 4347 248 871 1769 3516 229 2674 1875 1431 360 2262 4866 4303 4287 4648 1333 2241 2204 2521 2217
3418 4835 2897 4386 2342 2701 1256 3336 603 1394 1515 3141 892 2869 4977 4599 4588 4094 4045 372 4514 1216 3357 2351 3591 439 1266 540 1432 4088 1967 3708 2177 2759 2233 370 3257 1085 3615 1663 373 313 3643 1232 1171 2191 2599 4016 3551 3670 3462 1958 2403 1578 1793 2060 124 1449 1976 489 2249 2537 235 3793 41 686 4106 2615 144 4753 1758 1073 2840 585 2404 4062 1713 1703 2693 1388 4883 3264 1181 2681 143 2469 1253 4130 792 3238 2672 4148 2340 360 147 4317 273 2768 4724 4768 563 2265 1135 4643 1178 4429 395 1845 2164 3548 4497 611 1825 4368 4571 3957 1725 4132 160 4720 2938 4743 947 4188 3953 4922 2461 1178 2777 394 4489 3485 64 1950 2715 3899 4924 3065 1382 1584 972 2900 516 3940 1494 1142 829 654 3061 2691 3943 4850 638 3134 3424 2574 2835 3770 4273 146
4814 1560 1404 4709 4910 613 2642 157 3232 326 517 2436 160 421 2559 2635 798 4761 798 2448 70 305 2159 1455 1664 2082 2549 3676 1560 2710 3080 1606 312 4546 3751 678 692 2223 3303 2225 2906 2658 1232 3783 2270 298 2979 819 3678 422 1856 204 781 659 4109 1942 3848 306 3538 1000 2073 3741 1760 4928 1423 4489 4747 1210 4759 2840 864 2839 3989 1857 2055 866 1164 4864 970 1768 1374 925 1898 3012 2820 3543 3742 183 1774 3745 1868 1585 4984 1930 1318 2057 2244 2191 3448 4183 1302 2636 3440 2612 3973 2470 4039 892 1336 1678 1910 2488 3279 2888 102 2375 4204 4591 3379 1969 3902 4546 4102 2750 3040 2067 3284 4378 2148 641 575 4748 3939 2259 1587 2722 4676 4620 73 4846 1353 3662 4475 2640 4303 4596 258 3536 780 4905 3090 1087 936 4185 2066 4757 3349 3956 134 2809
3458 4577 427 1267 1559 1964 4488 1216 4280 2241 3843 3457 2684 4312 4204 1302 1523 823 1899 923 3984 2879 457 3670 3251 4882 3989 2310 3359 3299 4904 4712 2731 552 302 1691 2527 4016 871 2732 2006 4117 1171 2270 4366 3976 1846 2273 1125 2500 2649 4006 2849 796 1881 785 4248 3271 1005 3216 854 3513 2945 3973 2825 447 755 4488 2406 1852 2851 3575 1317 23 647 3604 4732 122 4921 4108 1602 911 930 1325 4167 3740 4911 4610 2601 1116 4329 213 2100 4224 1631 1251 2309 137 11 925 2427 1988 2416 2776 4870 2499 4399 1778 1827 4478 967 1952 94 227 4527 4726 2506 2655 4948 1652 4190 880 4156 3158 1387 1003 3688 1073 3612 1799 3055 2228 1458 4008 1061 3012 1351 4350 3177 1985 4949 3158 3361 1552 4817 3567 60 3682 3825 1650 3705 4771 201 3540 1135 3340 3140 559 1294 3060
343 553 66 1045 3345 4060 3195 4779 2560 3612 1899 605 471 2544 4331 3597 4590 2936 2037 4681 129 1214 322 1066 3102 1156 4449 2496 2671 2527 3780 2213 1214 626 4942 1430 1893 459 2240 4023 3874 4796 2191 298 3976 4697 783 3963 2220 4273 4101 2284 4503 127 3251 4777 2292 4907 133 811 1602 1913 1058 2134 2624 1033 3006 1071 3964 2353 780 103 2782 217 4656 3098 3561 2648 4310 36 1066 817 1028 875 4734 1895 1499 4002 4513 218 4311 3452 4425 1035 4023 84 4130 2563 1286 2267 992 2783 4935 4390 3281 2708 172 2398 36 4902 713 4486 2686 3749 2734 4228 2696 3217 4929 1914 1462 2883 2437 671 3533 3504 635 3520 3107 3836 3128 2560 3348 536 1970 2767 1482 501 4591 4110 1792 2982 3124 3741 1438 2807 3158 4216 2424 4717 1340 679 407 1290 4181 833 912 16 2197 4101
388 991 3764 2287 2467 3655 3311 53 320 4299 2826 4175 2800 621 1267 2239 3053 2116 1658 4423 227 3951 161 2298 1570 4670 4165 4326 3236 317 1785 4046 2902 4132 1287 2872 2290 2281 646 1041 2777 148 2599 2979 1846 783 1816 2559 2140 839 2214 4896 4734 2713 3195 4508 713 3144 2061 3084 4970 2114 2980 4828 2384 726 1640 2744 3430 410 4343 362 2512 4092 2316 949 1368 3321 4332 2390 754 1632 2022 95 3354 56 233 4735 2406 3061 3386 3671 4782 3588 1150 4073 4608 4369 3075 1756 4326 1902 1686 2313 1787 2180 1748 3347 2353 2964 1141 168 4336 603 931 362 2963 2197 104 2706 3480 1292 145 2523 4609 3448 346 3235 948 1942 1800 1476 247 4137 4323 3631 2256 1548 525 4892 412 2397 340 474 648 1793 3089 473 639 2683 4914 471 1356 1867 21 3229 4222 4582 1424 1679
2549 1816 4163 211 2907 3596 2920 453 2292 1011 4478 272 720 1549 3344 3392 4440 4627 3085 4013 2945 954 1133 2486 752 629 2805 1385 554 4568 4355 3549 2766 434 1300 1303 4565 2519 2395 3935 1111 3189 4016 819 2273 3963 2559 4425 1440 879 4534 4770 1361 1982 2852 3846 4097 1632 1646 2120 3079 1819 111 382 3323 3101 4065 2663 2567 2041 4390 4719 26 3420 3374 4989 1536 3084 1712 2993 994 2851 3025 2237 594 4029 1680 2300 555 424 4112 3505 4880 3997 3450 305 930 2869 1345 3221 2251 4888 3674 4350 4625 4761 910 1703 2627 3663 350 768 4835 4279 13 4995 1702 4808 1782 3132 3107 2247 2640 2246 1230 1685 318 2202 945 749 4795 2959 4420 2605 534 786 4041 1336 996 2251 2100 4719 845 2238 2224 4143 2651 4466 3229 2167 3535 729 206 1401 751 2385 4675 3971 215 2145
2981 3981 1372 2141 4702 4955 4868 567 4309 4793 727 2024 1010 1794 2704 3161 988 2546 379 3954 4735 4481 371 2588 691 3533 1740 1238 2897 2657 4629 4239 3898 3796 3440 245 385 3438 1452 1804 1624 839 3551 3678 1125 2220 2140 1440 3095 3147 190 4117 4291 2397 3982 1709 3277 892 3671 3068 2108 3545 1363 2811 3819 1234 4243 714 3231 3544 1476 2260 2907 1147 2263 4347 3603 3192 3917 3999 4741 2267 82 958 2524 4351 197 2074 2679 2559 4461 3846 601 4290 3456 4914 3789 4103 23 3742 106 4290 1384 2244 2302 834 17 4824 3751 2951 3936 3538 4916 1695 4096 499 4791 1350 2303 2236 3075 3068 3244 1380 1984 4022 2855 2313 892 4125 86 4024 3489 2144 3280 4646 270 3058 1988 2037 2377 1861 4171 480 4906 1387 2119 2486 624 2931 1482 3288 417 2805 1347 2110 111 3560 381 1535
412 3643 2742 3720 584 3668 3788 2811 3203 1791 2423 3880 290 32 3052 3289 956 2085 3987 1182 3819 4262 4337 662 1456 150 1756 4629 4106 4115 426 3822 1456 12 645 3634 2674 2638 3174 2451 839 1373 3670 422 2500 4273 839 879 3147 2538 4729 2250 4483 3692 629 4520 1316 4694 1425 1602 2183 1115 4381 626 616 2282 1471 2828 980 2406 1683 2779 1990 288 4655 4309 4796 2900 2221 2019 2703 2194 3167 3202 3019 2394 3393 3828 64 1311 2388 2172 4735 1252 99 4225 2296 3886 4240 4067 125 1682 1803 3827 3404 2939 3598 977 2351 792 2450 1455 1108 4561 925 4444 104 3993 219 4105 1810 4265 1244 4247 2421 1008 3724 2448 2186 981 2290 3356 2078 3390 4775 4120 1067 1624 4620 2514 2011 3868 1508 3408 3585 353 3783 3432 2406 4188 4751 2073 408 2844 3015 4785 4255 4274 2183 430
2495 4234 4766 3130 1539 2104 1396 2005 3941 132 3536 2399 1514 3836 3227 2763 657 3667 1320 962 1382 2265 3322 4138 3992 2027 1879 1576 4131 1120 1934 3051 3356 4421 3476 4252 584 4025 4720 3399 3504 1080 3462 1856 2649 4101 2214 4534 190 4729 4978 244 4588 131 4644 3247 3164 2606 2782 1754 3252 4942 706 3324 496 2045 4861 1026 2360 4987 2163 3452 3853 3626 4806 1604 1789 1856 1435 4539 3427 2264 851 4034 47 4461 3618 3253 1898 4698 723 4777 2234 4560 4522 2195 2218 2036 2312 646 2224 1138 1605 2150 3949 1107 2776 1593 45 872 3277 4375 279 4378 2917 4084 3718 4806 2915 4619 1160 3406 3663 3761 612 1249 1804 1021 3504 3364 920 4843 1388 3639 247 3710 3171 3553 677 4733 659 1949 1943 2656 4422 3220 4933 3934 1244 2426 3937 4068 1827 1972 4188 4092 3268 2107 1542 1421
