N: 160
M: 20
Symmetric: true
Triangle: false
5 26 122 110 76 46
6 141 37 133 105 11 79
7 21 34 140 47 134 68 48
9 160 158 19 142 14 95 57 89 56
11 115 39 143 55 146 25 53 84 59 156 61
8 129 138 51 23 7 5 123 81
8 24 65 137 30 80 67 97 145
10 15 112 149 125 85 4 124 136 135 43
3 118 120 152
9 40 2 119 102 75 32 66 114 69
7 49 117 100 87 116 29 82
4 52 45 71 99
11 22 44 104 126 128 144 3 1 54 96 111
9 130 127 154 35 20 13 77 106 98
11 108 27 121 150 153 8 62 9 132 18 88
10 36 93 151 70 64 73 113 101 147 28
11 12 16 155 72 157 10 17 33 6 90 109
5 94 41 42 131 58
9 139 31 91 78 74 83 50 159 60
7 148 107 92 103 86 63 38
4999 60 2788 1308 4575 4976 835 131 3342 2335 2238 3924 2024 2033 832 2303 1492 972 4728 2584 2298 3972 4996 1141 861 1794 3341 99 3861 3377 4648 2825 297 3175 1279 3075 3139 3778 2473 4252 4661 2572 1918 4583 4725 2673 792 990 3004 3002 1107 1627 4128 3457 323 1970 4594 856 1401 366 2118 3965 697 1311 1350 3362 4990 2872 3088 3690 3207 1674 2617 313 3610 3324 3143 3021 4851 3820 820 151 1255 3016 2409 721 653 4180 820 1532 3763 580 1436 2420 2476 2959 3369 1654 557 2788 4013 3183 4188 3244 4119 633 3120 3950 1847 80 4522 776 373 1252 699 3390 4806 767 1302 3950 2926 2955 14 3720 428 98 4130 2582 3801 2797 2583 2201 4759 376 3312 1273 2217 989 640 4503 2144 890 3518 2188 2549 2951 2058 1845 2317 2208 1769 1154 1341 4742 1141 2063 444 2223 3400 1712
60 398 4550 4129 224 1365 4542 1877 1223 4238 2248 2440 3608 1195 1994 3542 2807 3472 2565 4717 1824 2608 3798 3870 2997 1908 1068 2330 88 3339 1006 4424 3504 4461 4850 1426 2449 863 4257 1647 3556 991 2560 2116 4399 3617 3124 2194 40 331 1082 4422 4480 1988 2115 679 1940 1215 3079 80 935 2027 1000 1243 3155 845 558 3467 4370 1127 2433 3034 3809 4846 4272 1704 4830 4638 4767 3017 1716 4786 4604 4553 692 192 4513 3704 1261 4190 1157 3365 4955 3359 4428 4323 730 2409 574 358 1207 4001 1609 1453 315 1926 3653 1064 1541 3893 2185 2033 2614 3738 322 4941 4053 2671 1511 4975 1466 1788 2213 4808 2470 2263 4796 3886 4980 1403 1331 1608 1122 3504 1462 1181 3117 4959 3980 1296 3439 4162 3980 552 1471 538 1028 2073 728 566 2441 4780 2694 1346 2894 1887 1216 3900 1962 2394
2788 4550 3136 1707 2244 130 1814 3906 1823 4253 491 387 3294 3275 2208 4121 2237 1602 1653 4412 1617 4344 1591 662 3562 1421 2080 1293 4344 2108 2662 4946 1825 238 1323 4041 3298 2663 2089 3512 610 3411 4455 976 3159 1165 2656 611 2286 889 872 1171 1347 587 1857 1442 3862 3330 24 542 2441 4409 4362 1396 3671 1762 1361 4552 3577 2478 1355 4769 2687 2967 2862 4858 2614 2189 2214 4719 4624 1949 4518 3422 2846 2284 396 3175 2203 2847 1486 1644 3720 18 1106 313 1390 3654 2666 1386 3138 2051 2749 3518 3545 2750 671 4464 1246 3218 4321 4023 1957 1763 3053 1427 2685 3478 4762 644 19 795 4938 52 1411 2986 3156 545 3110 689 2774 3432 988 1092 3362 1137 771 4835 65 613 235 2000 2794 2522 997 1402 591 4311 3780 1926 3775 1610 3048 3563 4105 1477 54 3453 4042 3086
1308 4129 1707 4485 1653 3385 4929 976 4317 4163 1127 3843 394 2770 1520 733 1641 791 124 4348 2974 2243 1614 2146 3304 3487 437 2105 506 4119 2959 4896 3441 2471 4862 2987 419 457 3044 507 1820 952 2783 1110 4274 1041 4274 3995 481 3839 3439 1374 2506 1146 1124 2699 393 2217 4563 2300 4666 2819 4950 2882 4612 656 1770 3019 4046 2720 511 1456 523 3109 4602 3390 830 2652 2358 2985 2572 3804 3982 2539 4742 2134 3719 4457 2735 1397 2398 758 2049 1546 1742 93 1306 1678 4519 1942 2271 2775 1733 1632 2167 1758 3861 1241 1149 4489 562 3553 2453 1080 4597 2086 3639 912 4817 1679 766 187 3694 4447 3536 3895 935 127 4833 881 1313 2495 4977 2704 35 1565 3494 509 285 919 4134 1912 2278 1513 595 1676 4982 1119 510 3901 4525 4200 338 4523 312 4643 2005 2422 3713 793
4575 224 2244 1653 3080 422 3556 892 300 574 1669 459 4744 209 98 3434 255 4788 1571 3159 2930 1063 1506 2310 890 1526 3928 457 296 65 3246 2534 909 3884 2886 626 4883 3115 753 2759 61 689 973 126 550 4219 3272 1874 4408 1408 3513 3915 4846 4451 3543 2624 77 952 3142 3228 205 1426 1845 4607 3525 616 3206 4135 2579 2326 78 1960 370 1847 1845 2691 1115 1090 2416 4077 1328 4166 2382 2703 1241 471 241 3616 665 1694 4712 197 3991 2185 4708 2691 2700 82 1424 4276 4915 36 2750 4547 1284 286 984 3563 94 1085 4842 1707 2249 1406 2823 1694 1980 1916 74 2999 3205 3646 3238 488 82 4685 1701 2595 4396 1933 60 732 3343 2392 4924 1023 4116 2001 2236 4479 1763 4259 3787 4654 3769 1040 3536 2600 132 78 3928 1885 2474 4859 4956 826 4844 3232 2087 1005
4976 1365 130 3385 422 4309 2042 159 1291 4551 1813 3998 3328 4435 3504 913 1031 2372 455 2752 4804 2602 1716 1025 3871 2706 471 145 332 174 1625 4924 1456 2577 3243 2836 2517 1256 2313 2865 2055 2949 1725 4862 4020 4009 736 1021 3746 3128 464 4062 3636 815 1373 147 1969 4933 2845 1838 4783 1826 3338 2515 869 154 1560 2930 1936 99 2894 1184 4704 2774 3708 2519 4654 4983 3216 3738 290 1844 3528 2304 2529 2863 990 3174 4958 4222 708 1552 1531 4519 3022 1017 3402 3148 975 3753 2578 1500 3926 631 2819 2266 4465 1956 2686 3543 3392 3571 4330 4935 4033 1719 4711 3684 4064 4535 290 4245 4111 1663 462 4737 2701 1336 1251 1557 958 1151 2306 4412 3187 1733 834 1725 894 4327 3414 2671 4582 3699 1652 3266 22 1980 1618 647 2928 1585 4956 2185 4686 47 873 1525 4380 374
835 4542 1814 4929 3556 2042 1877 2457 4194 4874 1386 1701 3997 841 1014 2566 1144 4190 1855 2059 4800 3237 1860 2304 542 4028 3847 2841 3522 245 4091 4525 2908 60 1282 4881 1274 429 329 344 305 222 4598 1549 113 4484 1613 3759 266 1215 3893 4325 3959 989 254 4028 3115 1722 3571 2803 2903 2968 2565 986 3156 89 3549 1777 2449 565 2159 4745 19 2760 3826 79 2773 2921 2571 3320 692 1542 2896 1023 2763 3285 3333 3568 681 3907 2521 4639 3434 1738 2559 1876 4993 2158 4917 4377 2189 2636 1652 3480 3077 4515 1146 3535 1732 1903 4483 3528 71 1175 2464 2321 4334 4046 3202 4217 3019 3773 582 1018 3344 647 2226 388 4348 3127 2752 4506 3621 2874 4862 3688 1224 1308 2305 1992 2820 1554 2754 2137 884 273 1212 3088 4755 314 59 2021 335 3225 1649 353 2673 2164 4844 3279
131 1877 3906 976 892 159 2457 4039 2818 705 82 942 1750 1929 2223 4841 1012 167 729 3201 4594 4436 733 3548 436 4341 3690 1886 4246 1380 2349 1502 3753 4452 697 768 2651 4056 1368 277 2480 266 739 401 1577 1914 1617 841 305 2304 2753 3475 2205 2479 3822 4713 875 1176 1684 1104 4928 2787 3542 2900 4656 4125 2900 617 3619 1193 450 1420 3566 921 1751 3560 4663 4819 3448 2234 1125 1109 4570 4452 234 724 2793 4953 2473 2139 1478 1058 1469 4527 3537 3138 2098 2680 3546 3136 4558 3491 3311 2735 3133 2928 4778 1163 2881 3217 3343 2004 90 4585 498 101 3966 1918 3032 2963 264 1565 2452 4521 1291 2877 356 4275 2877 1537 2695 3338 3537 719 2435 3140 2470 4765 3505 1051 4386 1060 2153 4696 1515 3172 566 310 3367 4208 3441 1812 2703 4343 4254 137 1826 4506 3074 567
3342 1223 1823 4317 300 1291 4194 2818 2829 3318 3542 2892 2689 1196 3238 457 2779 4306 2901 4645 211 1525 2390 1655 3179 4672 2121 550 3658 816 2948 4614 1491 4971 637 1973 4333 1563 2514 925 4828 3642 4300 2022 4376 1434 207 71 2268 4155 1808 4543 1018 198 1202 4655 2207 834 2067 1552 4326 1845 1939 2658 2522 3545 3774 4681 2092 635 3279 348 789 2372 4878 221 420 85 4839 2505 1445 1705 1832 3149 3515 1842 3188 2942 1836 1399 4136 968 3544 4498 4502 2351 2308 3087 4659 1521 1138 3738 12 4047 3525 2552 3626 678 819 3652 4989 4666 2894 2054 400 1750 684 4682 3227 4032 843 2826 3722 3505 208 988 3558 4690 843 4994 4974 1422 2510 1241 2013 4386 1549 1231 3552 3161 1421 1285 3751 324 2641 2677 4804 2387 2323 3614 618 2134 2487 4614 3507 2846 4772 588 2405 4796
2335 4238 4253 4163 574 4551 4874 705 3318 2372 1391 4723 100 264 4315 1347 3139 4493 2337 1644 2047 4884 97 837 4467 2721 4106 2554 2950 277 4133 4883 3142 2035 1418 3803 997 2751 3273 375 213 1780 1814 4956 4315 590 4603 4679 4792 1585 255 2370 2906 4436 780 1648 3205 3005 3570 4916 3977 2133 1590 2644 2568 2173 1614 157 1605 3203 32 4197 4466 1194 1164 2193 3651 997 1689 240 869 2300 1833 3629 651 2576 121 1191 4648 3692 38 3574 3757 3619 2186 1959 2010 3674 4481 3683 255 3671 1959 3954 3714 3262 1322 338 2604 3945 2054 4584 3141 581 4261 479 3504 4329 1054 2257 1201 4832 3487 1970 4938 2069 4683 1735 4546 2206 4233 2718 2891 3965 2001 1426 4642 849 3947 4630 1118 3327 1580 616 258 3129 1060 3101 4483 2609 4285 2209 3443 649 4470 3986 1606 1849 3694 1814
2238 2248 491 1127 1669 1813 1386 82 3542 1391 3112 3083 2718 4156 3549 3879 1958 321 1712 2039 2555 3522 4317 4774 226 2554 137 2552 1382 919 2477 796 1139 3998 2656 4513 4822 3305 2671 1905 1121 3222 3283 1196 4612 425 829 1557 2983 4208 860 4007 1318 3485 638 3966 668 2846 965 3879 3244 280 3594 3649 726 404 1134 744 3121 2934 499 1805 1606 2758 2834 2195 3637 2251 1441 1124 2721 2963 124 947 3535 1417 4102 2783 1638 3998 3720 3245 531 2820 3990 1529 2497 2170 3726 2924 1822 3415 40 536 1087 4534 1851 4940 1389 896 4345 251 1634 4696 915 2458 2576 3050 3044 90 786 3844 4757 1313 2863 2509 1579 2636 1939 2074 2613 2059 3186 4118 2020 3219 870 2478 411 793 764 3340 3446 2621 1733 763 3022 4275 4957 862 1528 1290 2616 990 1587 2251 823 4304 738 4403
3924 2440 387 3843 459 3998 1701 942 2892 4723 3083 1433 1699 2773 3838 2268 3320 4986 4938 1936 2218 3609 2538 2065 1429 3575 64 326 1663 3883 4123 1711 1834 4857 2407 2691 2906 1591 3108 3912 2508 2716 2521 4109 810 3791 2549 1972 1438 291 2147 880 3004 4445 1513 4284 4503 1662 4296 1773 4950 2856 4324 841 1991 811 721 627 2014 1494 3092 3987 3466 1910 4206 4832 2287 521 689 2831 4629 101 1447 535 1027 2592 3879 2615 2689 3159 136 4443 706 1951 4025 1259 1539 2459 2213 2896 3707 3129 247 4860 3103 531 3210 3781 4031 1623 4114 4650 1965 2995 2482 2513 2921 3112 3467 276 417 4403 2269 3572 4813 1788 2085 1665 3594 1972 3269 2536 411 2429 1232 2448 3872 254 4617 4483 876 1679 4254 250 1716 4923 4991 4337 2345 3445 2471 2410 860 401 1650 3102 2923 1578 3753 1018
2024 3608 3294 394 4744 3328 3997 1750 2689 100 2718 1699 630 2994 2432 3762 3370 2551 2595 1056 4259 1354 4075 3632 4577 4568 3407 218 4436 1928 2590 969 10 1236 1315 958 1144 1752 394 165 4711 4025 1897 2591 3362 4673 1501 471 2333 1093 3600 3267 1181 1840 2780 695 2522 858 2482 1245 3002 2768 2736 127 4192 3331 650 3291 2234 513 4252 113 4741 4732 4712 4947 1793 2229 2748 2747 24 3569 3689 2387 984 354 1756 4593 3069 2461 4734 4237 1504 1155 3229 289 1126 797 4489 1372 2450 4524 3319 283 2235 4228 3317 2980 88 2690 3637 2484 4250 1068 4221 4779 2915 3186 708 2884 467 2550 1864 3927 3963 1937 2109 1024 39 3714 854 1632 1097 2998 3207 133 2908 282 146 1606 3730 1234 4379 540 3505 644 4319 117 3665 2583 193 897 4272 3633 2620 2348 2488 483 1945 50
2033 1195 3275 2770 209 4435 841 1929 1196 264 4156 2773 2994 4437 1523 1211 2451 2732 3461 108 3637 1818 58 3835 1220 2843 1478 3688 2122 4617 137 624 4066 4940 2335 392 448 4538 4811 2093 2305 3661 4279 4763 4154 102 1066 3459 1031 3331 4684 2538 1896 234 4265 198 4320 620 967 2072 4674 1233 1905 544 1061 3225 397 4384 4152 450 3403 1349 1952 4615 2829 3335 3294 760 2603 3324 1876 1039 798 3150 634 3660 2894 2579 4764 844 3258 1399 400 2557 3076 2778 793 4763 3578 2180 2294 3111 2300 4309 165 2650 1133 4715 3800 599 369 4296 1409 421 2311 1288 2848 3931 789 1908 2115 4595 3387 991 1235 3416 3282 1287 1962 956 4971 4900 4491 4340 4744 120 1284 2926 4539 4518 4786 2866 2156 2687 2030 1478 3264 2741 3647 1398 2011 972 1000 4072 2106 4558 2253 2616 4699 2340
832 1994 2208 1520 98 3504 1014 2223 3238 4315 3549 3838 2432 1523 726 3331 4090 2113 2774 4422 4225 847 575 1888 3512 796 542 2587 3333 1196 4741 1060 4017 2334 4423 899 3568 125 4671 1110 2702 4835 4025 4078 659 4994 2656 78 4944 1056 3043 688 2436 4744 4809 646 1781 2545 4637 2207 4807 435 1802 3813 31 3331 4977 2155 4431 4822 3035 1226 3530 52 3895 1591 749 2181 977 4667 4528 4607 401 3374 139 1917 3890 4208 421 866 2835 3331 1429 2689 332 3508 4903 1332 993 2353 4424 4220 4916 2282 2955 3363 2260 376 3179 4341 567 2783 2529 124 3800 3709 3655 1491 2970 2831 3612 1254 2064 370 2093 1426 3942 47 402 4518 4518 4983 2567 4744 3465 4308 3470 3325 456 3335 854 795 2903 1082 386 3616 3401 951 1742 1404 2815 1937 1189 1440 4109 2834 1093 3277 2049 2632
2303 3542 4121 733 3434 913 2566 4841 457 1347 3879 2268 3762 1211 3331 3834 2022 2785 1387 3011 907 1265 2636 3337 3683 4961 2603 2201 4146 3359 3747 3712 1794 3943 93 4562 2136 3564 56 2123 2265 4101 3699 4479 3909 618 1477 3241 4756 1390 3171 3130 3024 4751 1064 1116 2791 3639 1128 2103 82 3476 2973 3918 4310 2060 1353 4053 4754 1087 825 1181 4132 102 2436 2371 2362 55 4603 2654 3004 1549 1584 4739 2111 2668 1274 438 3230 1477 2277 710 819 1347 1987 4118 4883 4500 2405 4087 3831 604 321 3879 4508 4406 2098 4145 808 2737 271 3685 4200 3667 4174 3159 1537 4915 4383 3351 165 4954 4874 3053 3780 4170 1941 3972 468 3135 949 1114 2104 1978 1328 3767 522 737 4444 186 1257 2870 1907 1505 4843 1892 1784 1339 4673 1811 3436 1452 3910 4374 4835 352 4264 1727 2351 888
1492 2807 2237 1641 255 1031 1144 1012 2779 3139 1958 3320 3370 2451 4090 2022 2948 2649 3577 4542 4858 4227 4527 3610 298 4527 3601 1604 4727 4299 1864 750 852 4876 1400 3317 4052 1365 3917 2812 2140 4304 2004 1314 339 4363 2111 2846 4051 3616 3792 2194 3109 3851 867 3781 4154 657 2204 2438 1814 2222 4851 4213 501 4187 3930 1807 467 3854 2731 3792 4096 4677 1846 4802 2896 4065 2779 904 3975 4003 3559 4975 3948 1882 2418 2923 4254 118 3803 3013 2998 894 3347 1216 406 3482 4677 74 43 1541 135 2387 2373 600 2979 1371 2857 3295 2757 747 904 3376 2311 2973 438 3518 4328 4108 4530 3439 635 4170 4914 2368 589 2833 4539 3645 4062 3398 1123 4677 2633 4428 2568 4622 2352 2408 2177 4197 4592 1655 2979 4661 4193 3630 3205 3076 4250 3262 2406 4417 1316 3623 588 420 3325 267
972 3472 1602 791 4788 2372 4190 167 4306 4493 321 4986 2551 2732 2113 2785 2649 2662 4248 2287 4075 1446 3440 1660 4474 2258 4425 3881 2518 3150 3870 4826 2000 80 2270 1208 175 239 2092 3686 4188 1913 94 4548 1766 4314 4777 1189 3541 285 142 2457 3742 3836 4847 4874 1150 3617 753 1363 446 4518 3966 3039 4753 2743 4536 2437 4708 1517 1941 924 1923 1647 2012 1281 4048 4607 3760 4728 3310 3075 4798 1971 2713 3674 4763 2670 501 504 2580 1833 2150 2775 215 700 4147 302 1790 3114 40 3080 2420 1434 1704 4058 789 38 3558 4078 439 579 385 2150 2791 4533 3045 4156 1567 3415 3320 3788 861 3867 3149 3063 3151 2304 1110 2326 105 976 2140 2677 989 2436 3198 2430 3336 1460 1809 801 619 2140 2436 236 1212 1626 456 4292 3578 410 2823 1621 4823 1530 3710 3645 1558 1181
4728 2565 1653 124 1571 455 1855 729 2901 2337 1712 4938 2595 3461 2774 1387 3577 4248 3073 1403 696 3576 131 3567 4065 208 1466 193 3156 1974 2778 4123 3524 285 3361 3948 4990 2339 563 3742 2062 3963 1090 4798 3926 1106 944 3902 4319 893 1956 3792 2766 3012 3156 3108 4904 3266 3847 3139 3769 1018 2011 1218 3176 4566 3106 3910 2164 1088 763 4556 236 3090 609 4124 740 1718 345 757 2013 1494 2050 4622 2565 2068 4700 4715 3711 929 642 4155 3827 4993 4924 990 1461 602 653 3805 594 3394 341 4679 2641 4054 3730 217 4676 1817 807 941 3372 2249 4185 3860 255 3564 1219 782 2396 2474 4062 4868 3145 3796 1224 4785 4954 4462 2471 3156 4494 3614 1528 3279 2161 1887 4613 242 2228 4247 2658 3077 2708 3416 3411 3979 3560 2426 1132 4677 619 1045 2611 4156 4060 1552 486 1421
2584 4717 4412 4348 3159 2752 2059 3201 4645 1644 2039 1936 1056 108 4422 3011 4542 2287 1403 778 1081 4462 1738 2776 4318 4126 2071 3803 2447 3665 4607 647 4229 1859 3212 3688 2331 1639 2279 1755 1170 453 1666 856 2811 1260 4741 1117 98 4367 290 2494 3492 2553 2437 1153 1111 79 2435 2976 2123 3968 431 2100 4174 846 2541 4503 3710 2989 1125 447 4134 1170 1507 1362 1910 3824 4381 313 1415 4186 2996 626 4486 4917 4077 1787 1367 2916 4107 2203 243 2304 3356 4019 4766 3297 2699 1184 434 2124 188 3577 4729 571 677 2734 3308 835 3144 3035 2806 4127 2102 163 157 1443 1634 4441 909 187 4412 856 4165 2808 536 418 4991 2704 4650 1322 3107 841 3383 4104 4298 3412 3317 3054 2213 503 3496 3402 4742 1313 4428 180 3050 4172 3337 4372 312 4989 545 2131 3401 3891 898 1102
2298 1824 1617 2974 2930 4804 4800 4594 211 2047 2555 2218 4259 3637 4225 907 4858 4075 696 1081 3346 758 2205 1766 961 1569 2842 2000 952 3487 4085 953 2620 1568 2108 1609 678 1873 3378 1783 3791 173 3126 2348 526 4602 1830 2990 2767 2847 594 3937 65 4594 464 1451 31 3013 3387 4731 3739 1177 4989 734 2556 774 4222 4156 2396 2065 4593 2435 2488 2456 4939 3378 2855 3653 941 4590 2397 2254 3957 1062 1573 3646 1315 4738 2070 13 1706 1105 2878 2179 3576 556 2479 2134 3922 1586 536 2226 2050 1704 1503 4604 2092 2520 1991 1203 4204 4871 2741 3011 3479 923 4169 3553 2188 1048 1322 2859 3716 4771 426 970 3591 1747 1825 4116 1893 812 3542 1126 400 2068 142 747 2449 1125 4173 1844 1562 378 1475 2390 2044 2106 2241 3609 224 3834 960 1842 4144 789 4019 844 902 4007
3972 2608 4344 2243 1063 2602 3237 4436 1525 4884 3522 3609 1354 1818 847 1265 4227 1446 3576 4462 758 2300 1096 2027 2188 1749 3548 258 1621 769 646 4615 4598 3430 3121 3414 1728 3880 227 2609 2050 3350 4541 2710 3458 3891 4885 801 1618 2258 1025 2179 3901 955 3463 3259 4089 2332 3217 2216 3221 4820 2137 1105 4248 210 109 4702 3887 4138 1704 2281 975 2235 4573 2689 2911 1087 203 2982 2398 4727 583 2149 3907 2042 2918 2596 4871 27 3039 992 2147 3366 3594 3819 4031 662 592 3002 1291 890 3291 4820 4816 3543 3949 2417 1637 4697 841 2474 2402 3357 446 2559 799 4743 1334 3246 2270 1704 2069 2692 222 262 2594 3665 3710 3041 4933 215 1532 2256 4513 4773 1907 385 885 3519 697 2542 2518 2284 3141 3188 4600 4364 4410 407 3020 2970 3618 4878 3531 4166 59 3425 435 2811
4996 3798 1591 1614 1506 1716 1860 733 2390 97 4317 2538 4075 58 575 2636 4527 3440 131 1738 2205 1096 1635 480 1831 1391 1911 1265 4683 1959 360 1675 54 4758 581 3926 369 52 4993 414 1804 1672 564 1481 2229 369 3635 2854 2799 1907 2657 4199 4846 3846 3022 1361 2101 1651 3770 3361 4369 2590 3227 4220 4380 4874 4769 3888 911 4116 956 2414 2403 3594 3075 3846 3549 4225 1841 1383 2842 1551 2409 1142 1841 2261 2702 113 2630 776 466 202 2639 115 471 4326 1620 3194 1247 4570 3300 4825 1597 1526 3463 3504 4845 2486 4101 1352 4833 2340 2227 4493 2018 4767 1200 2728 1655 367 2580 4884 663 459 3962 2947 702 3433 2502 3406 4772 4910 3156 2034 3010 4287 2903 1029 4317 1208 373 1139 1761 2500 3790 3784 1322 4193 4163 4880 3303 4893 3583 45 291 938 2180 1235 4463 4852
1141 3870 662 2146 2310 1025 2304 3548 1655 837 4774 2065 3632 3835 1888 3337 3610 1660 3567 2776 1766 2027 480 3963 4270 662 4935 2764 950 1334 1833 3002 926 4144 2404 4289 2716 1599 83 3928 1114 148 3739 4704 2982 2561 3230 1828 1464 2383 3962 4212 3796 2557 997 1685 632 3453 3070 1957 3606 490 151 2198 1137 3401 2425 407 1703 1780 2544 3367 4931 2064 430 3025 1776 3098 2804 3290 4389 2017 3808 887 519 78 801 1755 2915 499 4243 3146 891 2473 707 3951 4256 4198 2616 4560 2753 1337 1138 2705 3882 1717 4223 3188 30 4964 1294 1827 2615 1944 4433 4783 4258 104 1325 2415 4160 3385 1257 2699 4939 777 4477 2638 1827 991 543 1876 3674 4543 4743 792 4846 3216 2216 4924 273 1224 3249 4555 1729 1426 3099 3092 1705 4120 1841 3220 180 3383 4657 3095 2350 2054 3013 903
861 2997 3562 3304 890 3871 542 436 3179 4467 226 1429 4577 1220 3512 3683 298 4474 4065 4318 961 2188 1831 4270 2568 1753 2809 4588 3893 4259 4529 502 2132 3724 1953 906 4869 1158 3999 98 2857 3794 1852 3788 3799 2564 2875 563 1231 2561 1928 1277 1197 2763 3572 4524 3999 695 2079 3215 879 525 723 1424 3106 2084 2025 2006 3774 4258 1066 983 1452 4959 4173 2313 4124 1818 3546 215 1894 347 4282 2410 4741 2394 521 1342 200 4720 220 2754 3832 883 169 2149 2559 1698 167 4480 399 3137 3350 720 3419 477 1685 2886 1291 4206 926 684 3179 4379 3342 147 2396 875 4910 1116 77 4648 633 934 236 4977 4183 2754 4461 2541 2887 2488 3153 4343 374 2629 2861 1987 2927 3154 3754 743 4425 3826 1636 1719 921 2141 20 3610 1586 1519 657 955 46 3451 4616 1630 2629 2998
1794 1908 1421 3487 1526 2706 4028 4341 4672 2721 2554 3575 4568 2843 796 4961 4527 2258 208 4126 1569 1749 1391 662 1753 4533 2974 3527 718 1473 3927 1431 3041 3783 1245 2714 1712 4820 2229 4508 1656 4808 4880 1393 1484 455 492 1673 1471 595 3150 1816 2183 1137 1331 1659 3950 3191 4421 4696 1659 2095 1752 4798 694 217 3822 4673 534 1967 583 2083 3860 2282 3516 1728 1402 2340 4084 3627 1459 4812 3040 4971 2580 332 3505 1143 3592 1373 2698 1095 817 739 3716 2490 4711 637 3575 1804 662 345 4598 2094 3513 218 3263 2014 4827 3143 2743 2068 1634 2378 4572 831 3516 2756 3801 4986 3774 2574 210 4676 2021 4945 3923 4150 3106 831 2793 2397 247 1740 1636 4057 1855 3615 4062 4092 3814 1210 1759 757 1954 3854 3730 2581 953 4526 1062 778 618 3688 3953 247 831 388 188 4128
3341 1068 2080 437 3928 471 3847 3690 2121 4106 137 64 3407 1478 542 2603 3601 4425 1466 2071 2842 3548 1911 4935 2809 2974 1412 1978 139 4341 1521 3862 3120 3558 888 210 2383 4785 1022 2588 2495 1104 603 1067 674 164 963 3851 144 2719 765 395 1662 4032 1785 2641 4526 1435 1888 3510 3262 4206 2859 4244 4524 2492 3397 4306 2494 1990 1446 3665 3166 537 3748 4542 3754 3755 1044 4515 1113 1957 2359 3559 4205 285 395 3948 2851 383 2523 2814 1024 1869 809 3082 276 3737 621 3407 1117 2605 3483 2337 2613 4629 3361 3738 579 2649 1797 1309 608 780 3230 362 1935 4657 4548 1119 1852 3973 1250 1581 386 2821 1172 1623 4980 2176 2726 4791 4817 3422 1223 385 4364 207 3341 510 289 1143 4437 1457 3150 1548 940 4997 3117 659 4736 410 1775 1477 4737 991 3376 3587 3143 4441
99 2330 1293 2105 457 145 2841 1886 550 2554 2552 326 218 3688 2587 2201 1604 3881 193 3803 2000 258 1265 2764 4588 3527 1978 3842 2242 2566 965 2663 3614 3345 1833 2179 3211 3704 3648 1955 3387 4246 2584 3878 1341 69 2214 2389 2217 2060 1336 363 437 2864 4826 4918 714 4876 253 1917 4680 331 1701 4688 3507 1243 2676 2361 1768 2957 4426 2158 4368 2173 653 3348 124 4993 2209 4821 4351 3040 4651 1535 4226 1259 3316 327 1612 2519 1033 2692 832 3112 2189 4120 4689 2341 173 4433 1530 3409 2689 3508 2356 66 868 545 4484 421 1043 2204 957 4131 4611 871 3144 1737 3692 3636 2080 1276 2533 869 2376 4469 2752 4496 816 3637 4041 1480 4118 3652 1188 4989 4981 2642 2453 1322 2306 3691 1054 535 2646 4473 2445 3831 4274 1922 343 888 1384 2125 15 940 3774 1504 3720 1204
3861 88 4344 506 296 332 3522 4246 3658 2950 1382 1663 4436 2122 3333 4146 4727 2518 3156 2447 952 1621 4683 950 3893 718 139 2242 2714 4301 698 3593 3651 3138 3576 4261 1819 1850 554 3278 4966 1409 964 3276 118 777 1888 4006 4391 2323 3728 1958 348 131 496 4027 4112 385 1742 1187 1452 271 4842 3418 1787 4125 2161 4914 1318 223 1534 4929 625 4980 4068 1749 988 3401 3236 559 73 1525 4359 1304 3171 2677 301 2127 588 2968 4603 2156 459 3873 871 2642 2268 1981 3102 627 2081 1939 2096 4163 967 974 2046 3137 844 663 4837 92 693 1812 241 3907 4634 539 2730 3610 1283 2736 2813 2146 4744 2277 4249 4837 4579 480 37 3155 3579 4671 3259 1627 145 2815 2265 4928 669 1930 4532 1950 3810 2670 2049 3621 4240 1925 189 843 4512 1705 476 4119 2354 4128 2453 4804
3377 3339 2108 4119 65 174 245 1380 816 277 919 3883 1928 4617 1196 3359 4299 3150 1974 3665 3487 769 1959 1334 4259 1473 4341 2566 4301 2137 1325 109 4419 496 4385 2973 3864 3946 3211 4899 3489 4224 3971 2950 2744 2295 4401 4481 4392 3406 3137 4856 2183 738 2385 3242 3990 2713 1825 2029 2835 3392 2757 2364 2413 2753 4131 1140 2662 1757 3376 1876 2094 1604 2343 319 4467 1211 4045 4690 4139 2751 1914 2972 319 4834 4497 455 241 254 4489 1260 1674 1219 4878 1942 1011 258 990 187 4504 1173 4686 2420 4258 4742 4183 222 4800 4258 4192 3215 3418 2006 3077 1449 700 1974 1479 1315 374 4574 3671 2837 4971 4331 3848 192 1145 1700 3557 2686 2344 3166 2551 3568 2441 3958 3644 1466 3397 2031 2745 2641 2850 4076 1192 618 4994 4848 4096 538 3115 1081 752 3876 840 1015 1827 3913
4648 1006 2662 2959 3246 1625 4091 2349 2948 4133 2477 4123 2590 137 4741 3747 1864 3870 2778 4607 4085 646 360 1833 4529 3927 1521 965 698 1325 1199 1003 935 1973 3223 638 542 3905 2242 1143 3049 573 59 2863 1331 4863 1301 2059 4963 704 3575 4734 1547 24 387 1709 3558 426 1300 485 2363 58 2813 3254 4427 2657 2285 2313 4455 311 374 480 3629 3038 3482 4938 2424 1180 149 2082 4450 2578 3915 4475 1929 700 3948 1899 694 3217 4151 2319 3082 1127 4028 2712 899 3432 820 4158 4164 2333 406 774 4424 2855 3640 402 971 4607 2185 1280 1489 4448 3098 2267 524 3506 855 4822 2134 1639 1126 667 3888 1498 1745 3446 440 4009 50 79 1600 2517 2464 964 1067 348 1097 4347 3401 1355 3927 4338 1562 3069 512 4709 3181 909 4616 3111 4826 628 3417 4856 586 1158 4988 3358
2825 4424 4946 4896 2534 4924 4525 1502 4614 4883 796 1711 969 624 1060 3712 750 4826 4123 647 953 4615 1675 3002 502 1431 3862 2663 3593 109 1003 901 995 333 3866 63 4426 4961 3628 1693 2499 3959 1335 3182 286 3362 1264 1461 2991 3312 4467 1313 4386 1422 2882 4768 4043 2502 2652 2567 211 3191 1583 2703 3281 2800 2245 1489 2339 4426 1992 3384 1878 4378 2117 1193 904 4298 3642 4430 1014 1257 1438 3607 393 1692 4214 4443 32 1492 956 3806 17 2201 825 3517 2557 4981 756 2552 3375 1291 2756 1266 2780 2340 3418 4469 1878 2251 1596 1983 3346 367 4250 432 437 355 4179 3840 3491 1795 3928 3912 3905 3301 2655 3852 314 4557 4433 4585 2544 3491 1052 3014 2763 4764 4823 4502 2561 2282 1533 2027 4310 527 4955 3040 3049 4801 2153 2548 2298 217 2852 3489 1418 1429 1979 1117
297 3504 1825 3441 909 1456 2908 3753 1491 3142 1139 1834 10 4066 4017 1794 852 2000 3524 4229 2620 4598 54 926 2132 3041 3120 3614 3651 4419 935 995 2300 2144 2383 1892 4044 2580 4474 2156 4258 1932 3188 3102 50 4500 3425 259 1647 2481 4878 432 4241 1271 4631 1953 4795 2103 2920 581 1053 3153 89 2635 4035 1446 3485 3948 2818 2590 4938 1723 1372 1324 1699 4055 1804 2461 707 278 2476 4425 3346 831 1787 1341 4628 4062 2424 736 588 4172 3622 116 3184 2852 39 4499 3040 638 2098 878 1871 3664 2062 4371 2134 2084 2361 3437 196 36 4619 2249 834 1434 3268 4982 4877 3869 2101 564 3616 2706 610 3366 2554 2829 3317 2799 2341 1984 1133 2439 4592 4538 2632 117 2125 4030 606 4112 2739 922 4552 2581 4080 4784 1007 4392 3471 2418 1807 3049 3225 3049 3129 1513 2620 3716
3175 4461 238 2471 3884 2577 60 4452 4971 2035 3998 4857 1236 4940 2334 3943 4876 80 285 1859 1568 3430 4758 4144 3724 3783 3558 3345 3138 496 1973 333 2144 267 4662 3324 1351 4995 356 697 3328 4202 3538 845 4878 199 2278 3265 3506 3893 3648 893 4595 1659 1410 1377 4190 2624 2652 1894 378 3141 4129 2279 1570 456 2256 480 4284 4155 1906 4270 4276 1598 3466 2378 841 4424 4438 654 4035 4530 2916 3670 4057 1043 143 1275 2481 880 3508 2029 4487 2330 4063 346 4436 1443 854 439 1000 1470 1189 394 2199 1229 2013 1219 1821 2545 1762 136 1453 2861 4816 3741 3926 926 1636 3853 4983 1323 4717 3428 3796 2920 956 2217 3411 4741 1707 2160 1794 705 3265 278 2974 1801 4830 969 645 4780 3930 4414 3228 4850 2435 2854 4164 3550 3611 3453 3351 2350 210 319 4446 2835 2502 3187
1279 4850 1323 4862 2886 3243 1282 697 637 1418 2656 2407 1315 2335 4423 93 1400 2270 3361 3212 2108 3121 581 2404 1953 1245 888 1833 3576 4385 3223 3866 2383 4662 3228 194 3162 4082 2172 3285 1131 934 2877 4335 3141 3085 4245 464 4425 1255 4191 3013 493 2670 3016 1654 984 1921 1892 2144 3480 4059 1946 1727 2849 3236 1662 4100 2456 727 581 4514 3054 4547 121 2666 1399 2382 578 251 4800 2215 893 1772 1729 100 2960 3410 3180 3201 3520 3868 3595 3224 4158 1945 3493 357 3058 4460 2334 4150 2867 897 3071 2554 1081 1652 2217 2178 442 2177 1311 1929 2634 704 264 1476 836 2049 996 688 1132 347 4129 4372 4177 3258 1180 154 347 3572 4482 650 3479 1931 2740 2223 3329 2324 4150 235 4773 2782 3040 790 181 1157 2514 426 1595 3123 3129 1544 3551 856 3041 3186 2588 2063
3075 1426 4041 2987 626 2836 4881 768 1973 3803 4513 2691 958 392 899 4562 3317 1208 3948 3688 1609 3414 3926 4289 906 2714 210 2179 4261 2973 638 63 1892 3324 194 2343 2391 1856 4540 1623 3010 4210 484 267 4586 2381 2209 2388 4923 2220 3630 2823 4246 255 4535 4055 2648 3003 4696 878 3421 2489 837 2899 2641 3118 3094 4450 1273 4302 1098 2112 630 277 4724 1845 2819 3798 2498 1511 357 4522 4394 201 4522 2584 2825 2987 297 3912 1127 4980 3857 1398 792 1089 3237 2613 499 1565 3686 650 3822 4992 3975 729 474 3273 4829 155 1715 2040 1661 876 4710 4006 4318 2136 1339 3320 1194 3308 2384 4359 4694 1514 257 87 373 4452 3853 1168 2630 777 2618 1419 3279 994 2246 1060 1312 4363 1099 30 1436 780 4094 320 3723 4355 78 4790 259 2884 3250 3010 2790 1727 3343 1346
3139 2449 3298 419 4883 2517 1274 2651 4333 997 4822 2906 1144 448 3568 2136 4052 175 4990 2331 678 1728 369 2716 4869 1712 2383 3211 1819 3864 542 4426 4044 1351 3162 2391 397 3142 4872 1354 1797 3986 2192 2476 644 1086 4636 1440 2929 346 134 29 854 808 4752 3990 1545 1826 873 1451 413 808 587 2310 1709 2552 2631 2186 4710 1471 4381 2152 3128 2034 3189 3410 3832 3441 3688 2282 4467 2468 2163 1180 1155 2208 4116 775 4332 2825 1778 2149 2051 4342 905 4566 4121 1734 141 870 4211 921 2174 868 3396 2155 560 1169 2966 3819 4862 3349 2623 1023 1247 93 712 1575 4518 1058 1511 2533 2099 483 2525 2981 1587 4927 3276 139 3038 711 1994 523 3569 1241 542 4050 2461 3122 1337 2123 1973 545 2042 4057 3219 1315 4313 3839 520 1930 3321 4514 1437 4294 1841 2958 3355 1087
3778 863 2663 457 3115 1256 429 4056 1563 2751 3305 1591 1752 4538 125 3564 1365 239 2339 1639 1873 3880 52 1599 1158 4820 4785 3704 1850 3946 3905 4961 2580 4995 4082 1856 3142 681 1120 4675 552 466 2464 1129 3247 1820 2143 150 681 2622 2593 4192 196 477 337 3870 4354 1829 260 2932 3523 3968 348 2078 3655 2036 887 1706 4387 4089 979 10 4489 1505 1814 2694 1092 3597 4445 1036 4829 2690 3176 1913 2860 4054 3737 1514 4088 1672 2746 918 4913 3832 2236 341 263 1381 4788 1410 2267 1766 2987 4374 1735 3150 3921 4205 372 169 3193 2992 2718 4764 3833 4584 2820 1593 1585 94 4038 1369 3413 1441 4028 1819 3479 2335 2421 4813 1715 2691 235 3564 4227 1510 3523 92 938 2548 1823 2646 4281 1564 2363 2719 3990 1810 3274 2767 4321 1447 4683 202 1647 160 256 3573 1426 1620
2473 4257 2089 3044 753 2313 329 1368 2514 3273 2671 3108 394 4811 4671 56 3917 2092 563 2279 3378 227 4993 83 3999 2229 1022 3648 554 3211 2242 3628 4474 356 2172 4540 4872 1120 672 4389 4814 1228 690 1813 2378 4695 4583 3051 4851 4001 3201 3586 4431 4504 1558 708 2237 3958 2668 4049 3721 3016 2170 3904 4742 725 385 3647 1315 2409 3767 4243 3837 1703 1125 2432 863 262 2531 4317 2599 2507 476 4375 412 4112 3329 147 296 1422 981 4935 3025 1679 2564 1118 3944 802 2408 2106 226 3569 924 4391 2725 2657 4417 3929 1212 2115 615 4189 3106 765 383 3223 1451 2088 2849 2948 4929 1709 2055 4819 4849 3625 3428 2575 463 4227 3722 4096 1193 1348 4301 2684 3812 3268 628 2163 3714 2693 4987 198 4924 3376 1538 857 4325 3755 48 2274 777 3131 2807 516 2984 409 4161 1754
4252 1647 3512 507 2759 2865 344 277 925 375 1905 3912 165 2093 1110 2123 2812 3686 3742 1755 1783 2609 414 3928 98 4508 2588 1955 3278 4899 1143 1693 2156 697 3285 1623 1354 4675 4389 817 499 4259 4372 4748 3320 748 1862 4844 3232 3923 913 52 4708 326 1091 1282 1602 567 3178 2413 1581 339 26 2390 277 2559 1683 758 3458 2483 3591 2811 4328 1778 4741 2599 568 4332 203 424 1064 1409 2553 3596 3885 4674 3846 2105 157 3768 1307 392 2857 1218 2087 2246 4889 935 2551 1592 4033 2686 4931 3808 416 1432 3428 342 4005 4206 775 1219 2310 2320 3955 4899 3003 2567 4044 4462 3680 636 3457 4203 3428 3664 1064 2276 101 342 4321 4017 1630 3343 209 3170 4772 1493 2321 38 2910 4699 4596 4957 3027 470 235 4436 3186 1913 3769 3061 2178 610 426 3432 4797 1247 901 4875
4661 3556 610 1820 61 2055 305 2480 4828 213 1121 2508 4711 2305 2702 2265 2140 4188 2062 1170 3791 2050 1804 1114 2857 1656 2495 3387 4966 3489 3049 2499 4258 3328 1131 3010 1797 552 4814 499 1414 3341 3436 3902 2301 2897 2591 2705 4452 1889 2382 4389 1557 4330 2513 1249 93 2419 4385 1411 2509 1585 1619 3261 3057 4119 4567 454 4045 1232 4921 4827 3111 185 723 2021 348 920 1393 2020 2682 3354 4160 4931 3272 1221 2102 1123 4710 1266 1634 1564 801 608 48 2687 3308 4967 2484 796 2998 4684 4410 4225 3697 3634 2954 1412 2426 4686 2735 3322 3727 1352 1789 2412 318 4631 4910 4356 2449 937 4288 1603 1762 2674 1757 476 2538 3247 3429 4383 4817 4774 4196 4867 1278 3398 3820 2679 2131 1823 1598 1455 2917 419 4742 1768 4022 4371 4874 446 1981 755 1940 2958 1924 536 2377 201
2572 991 3411 952 689 2949 222 266 3642 1780 3222 2716 4025 3661 4835 4101 4304 1913 3963 453 173 3350 1672 148 3794 4808 1104 4246 1409 4224 573 3959 1932 4202 934 4210 3986 466 1228 4259 3341 247 137 298 3697 819 1954 1451 1836 879 2608 1014 2048 329 3186 4448 1756 846 1949 821 4259 4206 4802 892 3208 4001 4997 2320 1430 472 2439 2262 3871 603 4339 3868 2769 263 2972 4312 4867 4187 2887 2487 3977 3133 4143 3789 2870 1216 221 3544 4904 4727 4127 1717 1584 4277 552 1707 2148 4747 3052 259 4222 1346 3301 1968 1167 2227 1420 4697 2104 428 1569 3187 2692 4316 2588 3456 894 2205 969 1095 2151 2888 2756 1302 2427 1620 4080 441 3071 1996 1651 879 3129 819 3787 2600 3118 2215 2813 4628 2127 4527 176 3187 3221 954 1045 1005 3635 273 4768 3006 2729 3343 2458 4716
1918 2560 4455 2783 973 1725 4598 739 4300 1814 3283 2521 1897 4279 4025 3699 2004 94 1090 1666 3126 4541 564 3739 1852 4880 603 2584 964 3971 59 1335 3188 3538 2877 484 2192 2464 690 4372 3436 137 4163 1721 3658 2406 4972 1987 665 1176 4360 4291 3721 1058 702 3858 2138 4891 2134 1880 4915 4671 3917 2689 348 2339 3644 4629 645 2646 67 445 394 2603 4574 1523 4632 108 118 2786 4722 3338 2332 4371 3554 4508 2416 795 2934 308 94 1946 2199 4790 1425 355 3167 3315 1120 4923 1038 3836 4645 1753 3560 548 1020 2357 57 3064 1339 1729 833 737 2976 3501 4504 3278 3726 1351 4823 595 4476 209 3259 342 867 2135 732 925 346 707 1166 2153 4623 931 1459 273 3587 2492 235 2463 573 2166 291 2448 4257 3058 1931 2910 157 1465 168 2667 3002 836 3556 1164 774 775
4583 2116 976 1110 126 4862 1549 401 2022 4956 1196 4109 2591 4763 4078 4479 1314 4548 4798 856 2348 2710 1481 4704 3788 1393 1067 3878 3276 2950 2863 3182 3102 845 4335 267 2476 1129 1813 4748 3902 298 1721 3305 3837 721 501 1152 3351 2273 3108 2888 763 2494 2496 3037 1271 3863 1033 1754 3183 4832 4289 2044 228 1723 3945 3727 1486 3969 2074 4586 2676 3188 865 2240 4347 1188 1749 3024 250 2658 1020 1382 678 1089 1660 3873 1681 1115 1238 2464 4098 2315 2344 386 1153 522 3188 267 378 2334 2595 133 2409 3604 3696 1859 1246 2863 2751 34 1247 836 2243 2520 4967 1765 4005 4966 4889 962 3949 4325 3288 1749 41 3906 3174 454 1768 1083 4589 3419 3934 3588 137 3508 4776 2537 4160 1217 4581 3426 3589 1650 4548 2341 1066 1301 166 4913 860 2591 4520 598 1048 3082 680 3398
4725 4399 3159 4274 550 4020 113 1577 4376 4315 4612 810 3362 4154 659 3909 339 1766 3926 2811 526 3458 2229 2982 3799 1484 674 1341 118 2744 1331 286 50 4878 3141 4586 644 3247 2378 3320 2301 3697 3658 3837 30 153 4122 4490 4225 473 3243 3264 2449 1483 3480 3382 2754 3010 46 1332 908 4019 710 1841 1327 3867 4414 970 1226 586 4894 4824 3557 2878 3172 4097 3219 1729 2023 2434 2563 1205 3013 411 803 3466 2189 4486 2273 1834 1764 601 1691 3290 3665 2667 558 2329 3797 1225 3384 3494 2092 4089 4149 4029 79 178 882 4174 1260 4971 2038 1241 2326 2689 258 777 3740 228 4458 126 175 884 254 25 2341 957 784 4927 4626 1841 4560 1695 2722 2213 3091 4738 2781 3641 809 2104 4382 662 1044 2089 1304 4586 3341 4478 406 2550 2781 2469 4262 2610 4591 58 4227 698
2673 3617 1165 1041 4219 4009 4484 1914 1434 590 425 3791 4673 102 4994 618 4363 4314 1106 1260 4602 3891 369 2561 2564 455 164 69 777 2295 4863 3362 4500 199 3085 2381 1086 1820 4695 748 2897 819 2406 721 153 4649 1635 3968 1746 2630 2908 4149 4438 544 1301 553 2263 698 3649 1470 3798 3251 1347 1433 1924 2856 3636 3380 2010 2664 4541 4402 1879 3992 1833 1908 1262 4793 4533 613 2356 802 1536 4795 1402 3798 3809 232 2297 2758 3622 4839 401 4969 4142 674 1600 1155 2075 579 1757 1050 1625 4920 3857 4832 1993 2423 4869 4215 4167 2303 3165 1570 3964 860 3146 3811 3740 3062 1500 1626 2779 1267 1817 3990 698 1626 938 781 2481 2677 3489 2308 3941 1818 1222 443 4876 713 506 313 2721 3624 4555 43 4455 194 4786 2051 2980 1675 1375 3891 1373 3686 595 4224 1258 2009
792 3124 2656 4274 3272 736 1613 1617 207 4603 829 2549 1501 1066 2656 1477 2111 4777 944 4741 1830 4885 3635 3230 2875 492 963 2214 1888 4401 1301 1264 3425 2278 4245 2209 4636 2143 4583 1862 2591 1954 4972 501 4122 1635 2009 2027 3237 1562 1957 4965 3380 553 2735 1363 21 129 877 4117 1970 3789 61 310 476 1984 4401 1129 1758 4584 801 4208 3232 818 587 4453 1448 2531 4258 1879 1486 3874 3323 1788 909 3669 2609 3305 1120 72 4905 2750 3110 4962 2215 439 3893 1882 1631 1916 2267 1838 2775 1297 4702 3244 4889 4946 4782 1984 4579 209 73 1259 2461 2690 3416 709 2600 641 3081 2354 4134 4002 3032 4144 3335 1175 964 3376 2984 2755 4333 4707 1072 308 2081 256 2994 3302 1413 3894 328 4832 4780 3267 3075 2648 3446 4397 1297 2660 2834 650 630 44 49 376 3595 805
990 2194 611 3995 1874 1021 3759 841 71 4679 1557 1972 471 3459 78 3241 2846 1189 3902 1117 2990 801 2854 1828 563 1673 3851 2389 4006 4481 2059 1461 259 3265 464 2388 1440 150 3051 4844 2705 1451 1987 1152 4490 3968 2027 177 2223 1369 3861 2835 789 2732 1781 101 4673 3053 2118 204 4570 2975 1205 1021 3816 4251 188 1111 3639 4519 2592 2760 3556 4741 3771 2588 2473 901 3649 1289 1061 4318 752 3900 3420 22 4623 3943 1574 2312 4215 4402 396 4650 505 292 66 2117 4123 4303 2283 372 2721 3756 4364 2219 836 1876 3963 4861 1422 3323 2932 2559 2302 575 2623 4545 4366 4234 3778 3031 590 3328 467 4145 769 940 4241 2912 4253 1724 4523 4671 2932 1828 2818 2611 2266 526 749 591 523 404 1955 4608 4823 4316 3113 1616 3148 167 4427 4311 2527 2935 3064 3185 310 193
3004 40 2286 481 4408 3746 266 305 2268 4792 2983 1438 2333 1031 4944 4756 4051 3541 4319 98 2767 1618 2799 1464 1231 1471 144 2217 4391 4392 4963 2991 1647 3506 4425 4923 2929 681 4851 3232 4452 1836 665 3351 4225 1746 3237 2223 3164 2877 3422 3737 3958 2849 1565 3677 1386 4852 3492 3122 3922 4582 166 3233 3084 2618 2147 3016 3439 2220 143 796 278 4578 2448 2979 1273 1626 1132 4219 900 4711 466 3871 52 3824 3108 1525 4955 1239 3510 570 2042 3099 4004 2109 1716 682 3938 740 2006 1776 2714 4546 4577 2628 4976 615 2163 4642 1908 1529 268 94 998 2409 2007 4994 792 3852 2900 2029 3643 2518 2352 670 674 344 3865 2312 2166 2222 1421 2269 930 2048 1330 1820 3018 2994 4601 4445 3765 4066 1463 578 3128 667 4690 3014 2702 691 4334 2898 2039 452 1607 4832 593 4346
3002 331 889 3839 1408 3128 1215 2304 4155 1585 4208 291 1093 3331 1056 1390 3616 285 893 4367 2847 2258 1907 2383 2561 595 2719 2060 2323 3406 704 3312 2481 3893 1255 2220 346 2622 4001 3923 1889 879 1176 2273 473 2630 1562 1369 2877 255 346 3852 925 670 52 974 3843 4616 3579 4103 4993 264 12 1900 3216 2682 584 292 1233 3602 752 1718 3796 1991 728 4138 569 1562 1146 1170 2921 1033 1152 1680 1605 2727 344 1104 1216 760 3558 2212 57 1225 2389 2318 3653 930 320 2815 1446 796 4608 505 3660 2180 975 3979 4692 2158 87 715 217 751 1822 768 1472 1176 2085 457 2773 2430 238 983 191 3908 1718 4282 2781 3112 733 3597 1099 4734 2380 1337 4062 412 3301 3576 4538 4901 3708 393 2562 1071 215 602 1156 467 3716 4143 3479 4622 2946 275 60 867 609 1406
1107 1082 872 3439 3513 464 3893 2753 1808 255 860 2147 3600 4684 3043 3171 3792 142 1956 290 594 1025 2657 3962 1928 3150 765 1336 3728 3137 3575 4467 4878 3648 4191 3630 134 2593 3201 913 2382 2608 4360 3108 3243 2908 1957 3861 3422 346 183 4828 1058 1906 938 2058 2408 48 73 1167 2473 4468 2373 247 4484 1548 2178 2194 2935 2330 1103 2914 24 982 483 4118 246 3046 2386 1091 3016 255 1805 1439 876 1960 1809 1286 1053 937 3677 1972 4285 389 3839 1814 2570 624 1445 1613 4420 397 1805 2313 1880 2542 3884 1315 2669 108 1410 1478 2846 465 4302 4973 323 4062 1048 953 4982 1462 383 4022 4066 3919 3706 475 1303 1713 4683 3924 4716 3708 651 4707 3693 4185 4273 2248 4137 125 755 2415 568 2386 448 1908 4687 2604 4869 166 1041 1639 3017 15 3111 4764 1139 2272
