N: 160
M: 20
Symmetric: true
Triangle: false
7 1 91 52 49 74 81 5
10 23 13 98 123 113 112 133 105 34 159
7 43 10 135 50 12 118 62
3 87 117 125
11 78 136 24 149 77 39 58 35 17 92 115
6 63 64 54 132 45 48
8 9 11 84 79 20 32 102 145
8 119 155 150 89 68 122 72 86
7 73 27 160 126 60 65 31
8 29 75 107 152 114 21 110 47
7 3 146 141 94 148 42 108
9 128 130 137 53 41 55 96 76 140
8 138 139 124 56 153 57 33 46
12 142 18 116 101 147 6 44 22 80 15 26 82
6 69 4 97 106 8 2
7 156 36 59 99 67 88 7
12 38 121 66 85 109 90 30 100 28 144 37 16
7 19 127 151 95 14 134 40
8 61 154 120 104 51 25 103 111
9 157 131 143 70 158 93 129 83 71
2671 4430 2383 1327 462 2304 3017 2061 2597 124 1019 362 17 2770 1677 566 2831 3211 3424 576 894 4865 1203 1096 1253 1407 2283 4291 1991 3574 3132 3861 4153 2152 1624 1808 473 369 1231 1096 2385 1069 2266 3975 4388 3507 2488 1962 1164 883 3419 737 2528 2271 2888 3388 4796 844 449 4414 1918 139 708 3006 4253 2926 1155 32 1916 953 4167 2456 1308 2525 809 3599 4786 272 2724 2872 1655 4739 879 3660 3441 3081 2985 4344 966 1466 453 1039 2537 4055 2239 3651 2344 1976 3254 562 2710 958 1272 3911 101 231 3892 4853 4752 3916 663 3980 4594 2083 1791 2783 260 2469 104 2570 216 1240 330 1683 4423 2938 269 1173 1148 2963 2338 1528 605 2692 1543 1361 4063 220 614 2717 1040 4542 2033 3380 3537 4067 2530 1986 1691 208 914 474 1642 3138 3156 881 2598 4027 2635 4004
4430 1651 1221 4469 428 101 4525 484 1562 670 2555 3623 2133 2130 1128 2998 3443 2777 4408 1380 2267 1386 2977 4934 3959 3854 3047 2520 2941 1290 199 3448 4848 1347 4107 3784 1865 3952 132 3089 2211 2824 1468 3608 4432 2921 1589 2343 3031 3649 1081 4246 2645 2674 1155 1965 1322 3734 4671 4574 116 4156 4324 4590 4729 4292 2406 1363 4931 348 1503 3200 461 4576 267 4827 909 3977 3499 3329 2790 4309 1960 2322 3236 3971 1391 387 4367 4055 1877 1269 275 1440 4552 1971 3498 3057 1840 890 4592 2948 3802 392 334 189 2193 3975 3333 3100 2990 2188 2875 2234 750 285 4531 1405 3953 1930 3079 3294 2422 4390 3638 3212 1405 1206 393 790 2005 1197 1729 2089 2860 1829 145 2793 2503 4772 3779 4115 2945 251 1093 3553 4795 3477 3759 2321 4497 4249 2914 560 4311 4172 2338 12 3436 4819
2383 1221 4435 2332 1688 2203 4020 4800 1524 2091 915 863 3830 3376 1491 4967 3860 1653 4443 3807 4505 4874 4244 1695 60 309 296 4482 381 3338 4442 4958 385 1402 866 1622 2507 4817 3543 940 2284 460 2182 341 1754 3621 2825 2594 1328 2068 4378 1307 2670 697 20 3028 2187 4582 81 1684 4975 2760 1687 247 1676 1017 4372 1128 3104 2689 1116 4373 4366 3881 2000 3134 4207 60 2569 3616 442 4411 1476 4006 354 427 38 1979 3306 1300 122 3955 1353 2151 4834 1211 4902 4421 4246 3550 2406 3449 2234 3645 3247 3298 2000 930 3301 2260 1077 1352 3286 3812 313 4596 3884 1370 4472 2182 3694 1148 1553 3958 528 1329 289 19 3890 4952 733 4931 2095 1418 2206 456 3683 3312 1664 2302 136 2821 1659 3662 2252 1938 2958 1544 1594 525 3319 1712 537 2284 4964 2613 3983 3270 2964 4637
1327 4469 2332 130 2266 204 287 2243 3277 3251 2539 2821 2455 504 4598 47 2858 2635 2301 2825 4173 3545 4040 1656 4721 227 2510 642 3514 1944 1632 580 537 1999 934 789 4179 4665 743 1346 2128 1162 456 3550 446 2934 445 1765 1246 3922 3765 2572 689 265 571 2619 1595 2196 2755 3141 3290 3838 3571 4547 2803 723 2637 486 3712 1936 872 3440 2009 27 3597 3895 2926 3735 3608 1472 1238 1830 4801 4274 479 4277 3119 426 932 4877 2327 3159 3534 532 1042 1019 539 3608 3327 2419 2661 4159 91 4257 2026 3740 678 2251 62 271 3992 333 4138 4828 3200 1824 4841 3936 4887 3146 3171 3307 4890 504 4363 880 3187 866 3035 4633 4999 1805 1688 3039 3158 2509 4630 3871 1688 663 2740 3498 948 1747 2861 4266 4172 3352 4132 3805 3665 4317 759 2450 1092 2922 3653 1459 4217 3563
462 428 1688 2266 4120 1593 194 3442 3475 3784 2433 1632 2236 1933 296 1438 1935 854 3413 3689 457 4890 1313 1137 303 1728 2368 4134 4535 4849 3029 3718 2396 396 2171 895 2961 3129 3438 4205 2887 138 3148 2065 4254 2584 272 3812 821 831 1529 4118 3181 1882 1954 4161 4569 4098 1488 135 4265 4804 4547 4057 3950 1378 4480 457 1889 4631 355 4386 1454 1803 2089 4873 2568 1258 2968 3278 1944 3897 3488 4953 2063 856 3752 1490 1292 962 3645 3059 3067 1852 1066 4379 3229 3853 544 3676 3779 3072 1598 2990 4439 3493 2640 2349 2931 29 1086 1233 955 1958 2673 2946 3300 557 4286 1119 738 350 4495 365 4613 1373 2209 3485 2179 1379 4179 999 224 4457 4786 3503 651 3297 2179 3871 2917 1587 3940 452 1020 3399 4629 3496 1371 2787 1349 3101 2816 663 1803 1083 2020 3009 1350 3961
2304 101 2203 204 1593 2064 862 3175 180 4697 1237 2156 1410 95 2996 3480 552 2252 2871 1451 206 2847 2073 676 2764 2203 197 4191 3931 4108 838 1783 3344 1382 1328 2687 1935 854 2395 4240 3705 4537 3025 2777 3040 1532 634 3715 348 4179 1294 3280 1588 257 869 659 2758 2797 3270 2004 3681 1134 3397 3057 2425 987 632 464 1095 1233 1298 3723 2004 1903 1423 3232 1628 2818 2596 254 4296 1891 3900 1647 4964 887 4734 4344 1331 1973 1437 3621 3706 4402 2292 2660 241 4264 959 235 3919 2602 2400 2012 3611 3698 2884 3893 1176 580 4866 3960 2622 4216 385 2123 1869 913 3811 2202 4223 2376 4395 3968 4632 3320 2981 3838 4378 297 191 560 4124 2324 2164 1962 3368 4100 1818 1788 4760 3790 3107 4224 1859 1288 45 3512 3231 48 4639 1233 1710 4882 848 2944 2320 2872 187 2144
3017 4525 4020 287 194 862 262 3803 351 2228 698 2356 2396 1666 2566 2671 2453 4136 3461 3304 877 2385 3494 2418 1618 4110 4013 4376 2109 2832 2495 1111 2474 1279 472 773 4470 1041 1789 615 3509 2670 953 2814 2809 3426 2241 4210 2263 848 434 2022 3154 1852 594 4989 4430 2788 3206 4656 900 1983 2987 2340 3655 155 4410 4789 4505 892 1462 1984 2933 401 4857 434 2679 4773 2756 2726 3767 499 331 662 3645 3077 2617 3934 215 1612 4365 659 4204 4195 3217 3621 2122 3190 4516 2621 4185 4850 4974 3437 4490 2119 1337 1139 1792 162 1268 3308 1334 1164 2279 3125 1346 3861 4265 2386 4582 1801 694 2710 3140 4502 3452 1637 3505 2080 1857 3595 894 617 2971 307 3537 4709 3609 358 1500 3686 4304 3668 4400 940 4014 3451 3766 657 2695 674 4729 4073 2022 1799 3136 718 4021 652
2061 484 4800 2243 3442 3175 3803 63 249 1256 3522 2867 4211 4621 1940 1923 4363 3745 3237 3766 4832 1343 579 1746 1653 880 3175 1454 2765 684 2714 4949 3532 3946 3119 3093 428 3664 4820 3647 1368 195 759 2368 3383 3914 3466 1579 1200 2339 272 1127 1428 1559 1050 2119 3155 760 3548 3374 1337 2311 3830 3615 3870 360 2941 2753 2628 2330 1503 1884 2433 2681 1635 3726 2566 1350 176 2096 3925 1269 2165 4866 878 284 1727 3705 911 3029 1403 1497 2856 3733 715 3084 2530 2118 835 1821 517 4600 1929 4299 2496 1411 2994 4218 3386 321 370 4999 189 1689 199 4578 43 4804 4137 2227 1836 4107 3583 1450 2439 1763 4026 1659 4931 37 3070 882 3241 387 3799 2929 688 178 4791 1773 161 1510 3186 2105 2213 1186 650 970 4096 2671 633 3004 1042 3643 2076 1209 4529 1185 2871 1623
2597 1562 1524 3277 3475 180 351 249 4442 3963 91 2863 4356 4072 2942 263 2896 835 1827 4301 1104 318 3148 3541 202 2383 4378 2842 4235 3239 3797 680 3743 1003 4684 1083 4148 775 3315 2454 990 4239 4749 3767 4448 3073 2332 2958 4793 1582 3568 4029 2452 682 2491 3185 2272 4158 2542 1573 2503 2803 538 539 2679 2340 1150 43 3268 4063 1776 3641 755 4176 3306 3569 1185 2173 3395 2358 4318 868 1753 3062 3166 3868 4097 3974 4309 4760 2937 4209 3956 2252 2558 2946 1744 4621 4801 1421 3930 1467 4668 691 2321 4127 1772 3046 3382 1529 681 1487 3428 3389 2685 4891 1965 4805 2795 156 4506 4877 4540 4848 4264 1865 596 4539 3854 3035 3029 4111 898 728 3966 910 800 526 892 4165 1834 4251 4250 4060 3646 1882 2325 2946 4410 2291 805 595 2410 4849 4244 2841 4535 1524 521 2519
124 670 2091 3251 3784 4697 2228 1256 3963 3713 2052 4134 3259 2060 2814 285 3318 3907 1193 4199 4649 3582 3793 4867 3632 3276 1535 651 621 2155 281 1561 4799 760 3767 3412 3031 3148 3478 2853 1303 3490 3256 1734 4483 1983 3886 4074 4628 3648 1859 3528 4695 2310 831 17 605 436 4167 1052 2160 4215 2949 1255 2321 1872 4212 3029 1819 3593 2411 4044 1605 4384 3368 3921 187 1755 1468 264 2518 4287 2641 3874 2701 1392 119 425 2456 3910 4533 2693 1069 817 3378 2289 4795 4067 2718 1361 1482 247 2302 4224 946 856 3340 4982 3092 751 4196 2602 1392 265 2823 4737 2384 3613 3002 4882 2707 4877 4393 3372 2968 1320 2072 2856 3712 731 4792 80 4930 3678 3389 3560 3354 190 1562 3416 4444 1717 4025 1189 4611 339 4803 2804 4823 3016 904 3960 2648 1862 388 3192 1270 2964 2905 4287
1019 2555 915 2539 2433 1237 698 3522 91 2052 789 4596 3081 3096 1288 2047 1799 2356 3159 813 517 423 942 1885 3448 260 3539 3093 1835 1011 1781 4823 2609 378 543 4356 4652 486 1436 2722 4275 4962 4570 1128 4950 3790 2831 1774 4063 1719 3686 709 2323 1507 266 2896 1339 2852 4814 1672 4350 4249 2082 1150 4511 638 3078 3492 3812 192 3797 4818 963 1475 860 405 4038 2348 763 2397 3098 500 365 2497 3736 1279 1789 772 2735 1048 2820 1828 193 4312 3782 4925 4115 833 2601 4263 3696 4693 3048 4245 2206 2006 4681 319 1667 1510 2134 4940 3631 1946 879 3584 1751 21 4387 4876 4527 396 528 4203 238 4669 3952 3885 3699 4623 1570 712 1484 3775 1053 2490 3543 2905 437 1199 2416 556 2309 4993 2424 4965 1366 2171 624 4075 2556 3433 764 2269 2164 845 3383 3083 1283 1887
362 3623 863 2821 1632 2156 2356 2867 2863 4134 4596 873 2810 4510 3022 3375 635 4433 382 1616 2340 319 1122 376 4856 877 3684 212 3709 974 2271 2721 4224 4755 2812 310 2242 2019 2555 981 4878 3238 2894 2486 3298 1227 3969 2347 2534 1470 2736 335 4095 4481 4440 1732 2657 4274 3336 4313 2271 2712 2785 2875 341 234 2495 507 2293 1757 4611 720 1289 558 3697 495 2160 1026 2740 986 2235 261 827 1776 4465 3829 2687 3865 3875 630 358 2263 1365 1109 4931 29 908 1277 1023 2715 1993 3279 4261 4462 2828 4887 4630 12 4779 515 763 3174 847 529 3369 3418 4422 4276 3513 2503 4334 2398 4215 1196 1705 455 3456 2757 2620 1337 2524 2519 574 3797 3531 896 1264 3367 4636 2960 903 2138 3647 3175 4218 580 3486 3949 4727 1717 1987 249 463 3097 4445 352 3595 2902 4828 4466
17 2133 3830 2455 2236 1410 2396 4211 4356 3259 3081 2810 478 4877 4217 4593 1247 3468 748 3303 919 1831 1350 1219 3999 799 2481 1374 3214 2524 1659 1784 2075 4474 4730 2052 887 1387 2977 1795 1362 3155 1268 4922 263 695 3901 1457 1586 3156 3135 586 2703 76 4482 1727 3951 4975 209 1574 53 3025 1902 3377 326 126 3797 760 4848 2930 595 1366 4814 1605 4174 1115 4185 1106 1254 2426 4232 1784 2491 1011 3499 4049 3689 1438 4887 4771 4980 665 1097 1728 1222 4525 3676 4425 3174 2148 4948 919 3209 699 453 1987 370 1975 1929 359 2710 2725 3043 4236 2086 2674 3624 4926 2591 2476 841 2263 1794 4985 2804 3924 2209 561 2903 4719 63 930 3527 4329 2984 1084 3686 4907 1942 3939 161 409 1007 4123 2610 548 4678 2970 3425 4109 334 3591 3876 2632 592 875 3178 3684 1937 1053
2770 2130 3376 504 1933 95 1666 4621 4072 2060 3096 4510 4877 4195 2259 4632 2285 3395 4018 3890 2041 2813 2789 1326 2893 4081 529 1675 408 2674 1002 4761 2512 3213 3032 2226 2051 4957 3024 1637 740 1415 2163 911 621 2259 785 1055 2202 985 1488 2867 3948 4611 383 4168 1030 4767 681 2060 1050 1423 4548 1486 478 4467 844 4466 2618 1775 3812 873 4775 1326 810 2799 1663 4955 214 1383 4464 3500 2360 4334 460 3613 4807 4631 3869 2722 626 4055 3575 56 4028 2304 3885 4531 4781 991 886 2996 164 618 698 723 1679 2089 3300 4053 2034 1758 3029 402 1138 4722 3077 1877 2000 726 1656 2849 4250 624 4626 3222 1863 1846 1448 779 4282 3477 1668 4725 3668 2709 544 1670 2247 2758 2237 901 3060 2597 1514 1014 4546 4608 376 1504 3882 1617 3426 3922 2493 1271 2831 3151 3436 4602
1677 1128 1491 4598 296 2996 2566 1940 2942 2814 1288 3022 4217 2259 3435 3926 4905 3900 3158 1331 4685 3512 4514 4365 939 963 2713 294 207 3544 1965 4662 1966 1743 171 4601 2178 2967 2263 1644 954 3646 3861 1391 3487 2386 3144 892 3297 4377 4100 2021 1169 3429 4472 3801 217 483 3766 4474 3747 1606 1651 4521 2298 4570 4512 1854 4842 1522 1681 4983 197 3322 3249 526 734 1231 1128 2397 1471 2074 4765 2267 2863 1532 1205 1231 1603 2859 4720 627 3999 4040 4406 2071 1594 1804 2898 2098 3897 677 2129 2116 3714 4825 4612 1673 3129 4478 2763 2146 3311 464 156 3196 4174 936 167 2083 175 4923 2431 3986 2354 572 2422 3600 3932 1763 344 367 2630 477 4198 3140 861 2725 3555 4808 4082 1498 4146 2387 3847 1708 634 1007 639 581 145 3655 680 2337 3628 2856 4301 4642 1835 2422
566 2998 4967 47 1438 3480 2671 1923 263 285 2047 3375 4593 4632 3926 1188 2706 4403 509 645 1926 4704 4004 923 2093 1238 3063 2004 2876 139 108 967 4161 3239 276 3843 1838 745 4620 3141 968 4953 1920 3476 4272 3490 4424 3596 238 1742 1053 4382 3193 3499 3511 3272 2800 2165 4524 4933 4941 3030 3221 3002 173 3269 2732 3977 4472 674 4691 3034 1164 848 2064 115 2824 3403 4403 3983 188 522 2137 3975 3962 4936 4426 2221 4620 46 1173 1803 2343 1675 4393 3354 976 433 215 2727 376 3291 718 728 442 4931 2642 4618 585 4477 4364 2762 1177 4274 1248 2210 2556 3978 4844 1385 4856 3661 1103 3055 4736 3280 1920 1642 2265 4038 1587 3891 4825 4673 4877 4952 4893 4868 420 3262 3364 4290 3333 573 4182 4515 2296 4220 1091 1976 3847 1643 777 4558 2716 4826 2505 1050 4980 4328
2831 3443 3860 2858 1935 552 2453 4363 2896 3318 1799 635 1247 2285 4905 2706 3661 4498 2704 2632 3627 561 4568 2144 3169 4844 1290 141 3503 1163 3410 1893 2313 57 3471 4354 3582 127 745 4319 2647 1226 1583 1504 4023 1524 4431 4883 2640 4415 4907 4666 1231 3968 3108 1287 4740 391 4383 1416 3395 2704 203 4533 1967 1897 89 2859 822 19 805 3636 1265 3835 4949 556 50 4985 1273 222 4582 1756 2784 2222 3515 3392 942 1702 1184 2185 2921 1710 2968 1672 1249 1325 4016 165 1510 1831 3920 4135 1092 758 898 960 935 417 2706 79 3787 2189 3886 2754 2136 4672 3945 2984 4203 629 1959 3518 1993 526 4470 4305 1530 3618 3931 2335 1583 2634 1461 2124 2166 1123 2466 1271 2968 3312 510 699 4101 160 4830 3715 1465 2268 175 550 3912 741 4678 4461 2382 922 587 3579 3618 2510
3211 2777 1653 2635 854 2252 4136 3745 835 3907 2356 4433 3468 3395 3900 4403 4498 567 3413 2547 2340 2856 3338 462 928 2353 2117 1798 4978 660 225 2979 2228 4950 1634 2001 3506 2496 3009 4822 221 4044 3377 1882 4925 1799 274 2455 3258 176 2905 1666 4762 4838 1226 2264 1686 4418 4331 1389 3797 68 2424 1341 2055 4481 2685 3727 362 4710 541 214 3321 3560 3044 4336 4932 191 2138 1443 2486 4116 3206 2573 642 2973 1461 3905 3949 606 4874 4477 3051 1967 3135 4964 4769 3885 2431 393 1475 1167 866 1887 858 3875 4963 576 1913 2806 2663 1536 4231 1678 2573 4370 808 4891 763 623 993 328 4437 1262 2395 4098 3113 801 2129 4671 1765 1723 3168 2593 4714 4624 1269 2367 4892 3436 4085 4156 2665 3006 3677 1508 2583 3009 2931 537 3340 2364 971 2456 4461 2888 4562 103 3087 2259
3424 4408 4443 2301 3413 2871 3461 3237 1827 1193 3159 382 748 4018 3158 509 2704 3413 838 3726 3921 4564 3583 3172 1938 4849 2647 4265 2852 4485 763 3994 2719 1457 4188 366 537 4016 4955 3108 4221 783 2041 2650 4197 2494 3786 1972 1188 889 3422 2459 1551 3578 3675 813 88 40 1870 4901 2698 2870 4447 3051 3759 3859 4960 314 2893 3178 855 2654 1302 3247 4007 28 1465 4266 415 1546 2656 1130 3833 4872 2790 4616 3550 4800 3153 2288 4393 4028 1210 2089 4537 2597 2862 2436 4887 2253 4538 3560 4337 4977 401 1833 1791 1506 2380 2473 1273 213 1938 873 4395 2274 4179 1197 2170 3746 4906 1502 1407 2736 4078 4336 4758 4663 1469 3117 4222 3118 424 1771 179 400 3283 2595 2834 1122 445 2482 2001 3754 4514 4701 3561 3792 1769 3903 3866 4286 3719 3251 4863 328 1062 1162 1679 3086
576 1380 3807 2825 3689 1451 3304 3766 4301 4199 813 1616 3303 3890 1331 645 2632 2547 3726 2518 4081 81 864 2743 2747 2323 2628 4749 2126 197 4158 2364 1346 1650 3381 551 460 481 2538 2520 755 3915 4795 2678 1562 2836 3328 3411 2225 179 2121 3275 4855 175 1400 1120 3050 4571 2350 1089 3195 2089 1079 4257 2634 3128 2643 1970 499 2759 2924 2475 3707 3520 2188 3016 64 400 349 1465 2862 4360 4576 1871 1144 1901 2193 4524 3570 3323 2337 151 1699 1635 473 1715 4202 722 3706 2167 405 2353 467 2820 2913 1124 4500 538 441 1120 1062 4634 623 4088 4077 1605 1127 3975 3873 4186 4041 4571 1809 420 3062 2275 2039 1623 3656 4298 4537 4815 4528 3251 2814 1299 221 1408 1183 4234 2832 1190 4077 3102 443 1845 589 1425 3889 4755 3969 3050 133 3437 3791 3939 2239 233 298 2624
894 2267 4505 4173 457 206 877 4832 1104 4649 517 2340 919 2041 4685 1926 3627 2340 3921 4081 955 642 2242 2872 3664 1495 4857 3761 185 330 4934 2342 2316 2062 2558 4874 393 3033 3929 1339 927 4293 1190 2796 3998 4863 1561 1757 3158 2078 4940 4567 4363 1584 774 1183 553 2466 387 4293 1868 3937 1359 3175 4373 1431 3706 2682 4011 4941 833 3128 2320 467 299 4607 422 1484 3552 1712 516 1933 3096 1648 1803 4552 3957 1584 2339 785 425 4293 4309 573 4853 2289 3705 2969 1635 4009 4825 3057 3827 535 3288 1916 2055 2980 2294 4814 1517 4144 1407 4400 3331 4457 2552 294 4839 4971 657 966 1836 4996 3287 181 4620 803 3125 2081 4700 3076 1110 3318 1490 2879 2030 682 584 850 724 1353 4284 4440 3101 1690 2435 1827 1784 3161 4407 4881 4272 4618 3269 1768 3804 3440 2314 3873
4865 1386 4874 3545 4890 2847 2385 1343 318 3582 423 319 1831 2813 3512 4704 561 2856 4564 81 642 2325 1248 3581 4122 4881 1630 3075 3252 3931 4199 1544 4578 2392 4284 2770 1701 1623 1713 4042 4055 3357 855 1044 2512 1374 2213 1535 1033 921 1226 2582 736 4773 1235 329 1200 4262 4070 4712 3465 4111 661 4851 4197 2293 4155 528 2799 2436 3620 788 2065 2868 179 716 1893 4497 4923 1852 4278 289 4932 1620 3680 4343 2527 3236 4585 506 4357 2441 699 181 3244 675 3459 1677 3382 782 90 47 335 4228 761 1363 1294 1699 3951 103 3624 625 3942 780 148 559 194 1919 4833 4816 2265 2914 516 2975 585 1192 4221 3935 2909 1614 2764 1980 1481 4161 3104 4901 1539 3866 1660 2999 4247 1200 1993 2661 4028 3104 1383 1400 1772 869 2798 2937 2450 2619 3990 4752 2667 1002 4763 4148
1203 2977 4244 4040 1313 2073 3494 579 3148 3793 942 1122 1350 2789 4514 4004 4568 3338 3583 864 2242 1248 4954 4138 2506 4906 3761 3257 3799 3413 4643 1159 825 1826 708 841 996 3347 2557 2440 2196 2169 3786 708 3416 1954 4431 784 1992 854 2282 2801 2568 2569 1916 125 1781 1433 974 3911 3285 3645 3877 4940 3151 439 1027 251 840 4243 3692 1374 4132 4625 4410 4753 2545 3270 2696 4026 1860 763 2519 825 1497 3920 4198 3457 178 3126 4505 2533 3267 379 4391 1037 245 3468 720 2275 312 3415 950 4461 2551 1185 1915 156 980 841 3154 4729 4842 2763 3409 2807 2137 765 2262 1650 4252 4141 2918 1042 1886 2256 4951 2545 1108 1868 3860 2724 314 1920 3878 3294 757 4049 878 2458 3172 809 3540 3992 608 1696 4792 1804 175 2305 1083 4011 3700 3265 3432 3271 1932 1431 84 3665
1096 4934 1695 1656 1137 676 2418 1746 3541 4867 1885 376 1219 1326 4365 923 2144 462 3172 2743 2872 3581 4138 529 2293 3977 529 4260 1112 2540 4032 2178 3650 4491 4386 3940 3023 2368 2700 1599 908 232 4518 3765 4769 4711 144 1851 4433 2690 2508 930 4617 746 3309 991 1915 2398 674 4501 148 3034 2871 3581 2836 1258 503 1043 2305 3353 1524 3477 4547 1092 645 4092 4487 2975 572 2532 1203 3759 2846 3496 3952 234 2709 4559 2341 358 1693 2844 4720 3094 638 1672 3453 265 2519 797 997 1333 4737 2731 1023 2743 4238 3430 3886 4743 4465 2056 2653 2468 467 397 1743 324 3707 1040 513 1243 2728 3442 934 466 1365 1938 3777 1879 4894 1118 1020 1944 4861 2664 2934 4155 4760 3465 1502 529 832 4975 1452 2945 4523 2060 4146 4323 1811 1388 4981 1476 2069 3615 973 4401 222 4019
1253 3959 60 4721 303 2764 1618 1653 202 3632 3448 4856 3999 2893 939 2093 3169 928 1938 2747 3664 4122 2506 2293 4912 2284 808 2931 334 698 2627 372 2947 3159 1552 4972 208 1590 1413 2430 2751 4211 3029 3916 2157 2143 2197 1324 4749 4258 1547 3767 3724 3730 4135 4493 1775 100 3628 3999 90 1799 2352 4536 101 2312 4113 4002 2446 4854 3014 4431 3127 3307 2800 3403 1885 4984 413 1720 2954 457 2634 4937 1118 1073 14 3673 2988 160 4825 3498 2281 2923 3335 1747 1759 4713 3988 3681 4562 1616 2614 2948 496 4264 844 3992 4221 893 497 875 388 2764 142 2360 1598 2542 1809 649 4545 4353 737 4527 2573 4642 4448 99 3087 3473 4866 1449 1916 4515 1610 3146 4959 4194 622 926 2217 3423 3825 4697 3176 4027 2944 4482 2312 2021 182 381 2854 1763 1241 1101 388 1401 2637 172
1407 3854 309 227 1728 2203 4110 880 2383 3276 260 877 799 4081 963 1238 4844 2353 4849 2323 1495 4881 4906 3977 2284 4485 2830 2329 2590 2973 1723 4683 3543 2534 446 2316 488 3707 4697 3544 4578 3946 861 2571 4818 3972 3795 614 4437 3977 2094 4145 2458 1599 3266 4778 235 2114 1871 1059 198 4999 1238 2589 1678 2771 3610 4566 1772 3841 1268 282 3015 3547 264 4668 3441 1475 3094 4809 1945 4063 1388 4455 1834 2507 1457 893 3579 1575 3228 3747 3029 1071 4294 4119 3672 607 1665 3423 2086 3583 50 3849 4208 257 41 1276 1447 2035 1700 3949 3546 1269 4981 4783 4104 3194 1784 3224 1085 2609 3910 4101 1450 4215 4241 1073 2781 1332 3211 1211 1663 4990 3490 1926 611 4087 2754 3171 1631 4185 106 2337 4766 452 3956 2353 367 2353 1134 78 2020 1533 2483 208 1608 4726 4728 3795
2283 3047 296 2510 2368 197 4013 3175 4378 1535 3539 3684 2481 529 2713 3063 1290 2117 2647 2628 4857 1630 3761 529 808 2830 1329 3476 2239 1275 2334 2498 2718 2548 3620 99 4162 2394 4201 1274 3163 2762 452 3343 562 1347 2601 1134 420 259 4020 1137 3435 4488 4207 2318 2964 1458 4877 3583 3681 1032 2263 3386 4635 4922 3794 2121 3116 3521 2056 300 530 4024 3882 3293 1033 2252 928 957 3507 4897 1322 225 2300 980 831 512 4264 4666 3239 2625 2866 1645 3409 3935 4101 1963 3297 3743 4003 2894 3208 3176 604 2523 4204 4769 4938 547 358 2406 300 2955 4586 1615 2255 776 4566 3954 2697 138 1953 4588 2572 30 2245 1360 211 2703 1330 1100 3134 3343 941 3426 2007 4134 4613 2937 1792 4224 694 3827 908 509 1093 3543 2386 4709 3946 1802 4663 3923 4938 1470 4678 3664 1624 1160
4291 2520 4482 642 4134 4191 4376 1454 2842 651 3093 212 1374 1675 294 2004 141 1798 4265 4749 3761 3075 3257 4260 2931 2329 3476 873 1047 3328 974 2347 205 2604 4744 176 4079 1423 729 3503 2523 692 1780 1437 4442 2051 852 1303 2350 2734 2956 1588 4364 2010 4520 2227 1111 879 3120 2115 4315 4266 2507 434 2988 1311 368 4452 3033 4684 2379 676 2052 130 539 3847 3941 2927 1212 1836 3865 881 1122 2787 3750 4005 2599 1364 1716 2390 3294 3259 2834 4225 4212 930 4099 58 4678 2730 3715 1812 4573 1949 3942 248 3611 4017 947 1733 4680 3153 2135 2163 3604 1630 2306 1797 3355 186 1421 4671 1604 1326 337 1338 2203 1371 477 1642 3078 3780 109 3790 220 3077 1318 2063 2687 1675 2147 1991 4366 3534 4402 2457 1669 3944 3629 1061 3046 3771 850 2993 1286 452 2807 3878 4020 164
1991 2941 381 3514 4535 3931 2109 2765 4235 621 1835 3709 3214 408 207 2876 3503 4978 2852 2126 185 3252 3799 1112 334 2590 2239 1047 3062 2420 1882 4955 2661 984 1062 2386 2833 2157 242 4688 2168 1044 4330 2160 481 223 63 2199 1074 60 4491 3532 1938 36 3745 3623 3227 3917 3194 1193 4322 2267 753 535 2829 1345 1384 4925 2387 2863 3992 1013 4119 4668 590 3935 1398 2751 3974 2659 1950 4534 3954 2816 1514 202 1396 4843 3789 4322 1345 4301 1837 655 1426 3691 4287 2826 1725 2304 2705 3999 390 4510 1840 2967 3826 3326 2830 4328 4415 1436 4825 4149 4243 3531 3885 4853 4782 661 3615 309 2016 3236 388 562 4207 3551 2984 1483 2629 142 1141 431 3411 150 537 2350 291 2566 3944 2377 1416 3057 1826 4719 4892 4429 451 940 2166 1145 2980 899 4169 1380 1961 2192 1761 3218
3574 1290 3338 1944 4849 4108 2832 684 3239 2155 1011 974 2524 2674 3544 139 1163 660 4485 197 330 3931 3413 2540 698 2973 1275 3328 2420 2977 3460 3735 4923 1268 642 335 518 1590 3430 4011 4602 2228 364 742 4510 3806 4024 225 3725 184 2300 4214 4017 4050 1007 4141 1968 583 4451 3719 2578 3515 426 4399 4066 4909 64 2609 2234 4338 3546 3962 282 3547 2003 4206 2104 3270 4201 3212 3385 4603 36 23 1419 3648 587 4415 612 3281 3554 1647 3440 3418 323 2803 1470 4736 1985 555 1456 3687 1612 2147 4897 3984 3950 770 2350 4158 3939 1843 4869 1558 253 2680 3217 534 89 3233 1544 394 2310 1619 2124 2506 3418 3620 3937 3289 569 3552 4354 551 1669 2063 3398 699 2663 2134 3856 551 1407 4726 3013 4380 512 2643 193 2302 3647 3655 939 3298 2906 844 4414 1778 562 75
3132 199 4442 1632 3029 838 2495 2714 3797 281 1781 2271 1659 1002 1965 108 3410 225 763 4158 4934 4199 4643 4032 2627 1723 2334 974 1882 3460 4846 3122 771 1996 4281 1835 3276 1592 3105 3011 3313 4993 4694 3841 4877 2047 1040 789 2019 1137 3712 410 3706 990 307 4320 4312 4195 3654 4662 2553 1743 1950 2720 2634 4868 844 4915 3853 2980 3604 2518 4269 3641 109 1348 3403 4648 338 3292 4665 670 2847 1356 1973 3529 848 376 1699 2060 3740 615 4167 3139 3495 4017 2901 4978 819 3115 4133 987 4530 3032 2245 3580 1567 1637 448 2310 806 1307 4192 3139 1792 2937 1377 1356 4391 1491 1138 3502 4422 545 2478 2026 4352 230 4842 2956 4805 624 4817 4769 134 834 198 220 2565 3012 3557 3904 3262 409 1267 569 220 3374 4792 4273 1968 4579 3964 479 4364 3769 1469 1125 385 2768
3861 3448 4958 580 3718 1783 1111 4949 680 1561 4823 2721 1784 4761 4662 967 1893 2979 3994 2364 2342 1544 1159 2178 372 4683 2498 2347 4955 3735 3122 422 4270 2908 3940 731 4439 1925 1430 700 3499 3630 2374 2894 4696 3398 1179 21 57 4178 422 1907 4119 362 2181 4156 4664 182 532 125 3137 1809 2427 3394 2529 4413 4511 3980 3427 2101 44 2713 2880 2445 3708 3590 2146 500 1612 1152 101 2534 400 1348 2480 2609 68 4107 1466 3097 86 1859 4307 4892 2251 1622 4159 1951 1374 4212 2532 4511 4794 1520 4718 612 3377 1484 4716 2138 49 2323 193 2244 3284 3603 1105 162 4467 1661 3371 4062 2572 3301 1414 1469 4593 4055 4681 3641 265 882 4020 2125 582 509 1848 2784 4000 2350 3030 3608 1247 557 976 4252 685 3024 4223 13 1884 789 2247 4307 1879 2675 1928 4430 4724 2973
4153 4848 385 537 2396 3344 2474 3532 3743 4799 2609 4224 2075 2512 1966 4161 2313 2228 2719 1346 2316 4578 825 3650 2947 3543 2718 205 2661 4923 771 4270 3931 2246 2487 3767 3337 2811 1014 4665 2498 1366 4595 1249 988 2294 4479 2685 4608 3950 2280 1866 3117 995 4044 2370 2760 3564 4435 3270 1508 2087 3821 2579 4518 167 4721 3547 1739 3598 4671 3130 3966 1554 2652 1648 4102 2662 1808 3066 2088 2075 832 3434 282 1709 2483 4874 2141 831 3944 1454 3148 3986 3628 4831 4599 1381 2714 2581 2140 3767 219 1501 1065 3388 1727 3004 2285 3590 1274 4045 1735 1775 1042 4552 4082 293 3806 2359 1403 1483 1007 3310 2829 2953 2498 4500 2006 3293 3337 4576 1102 3619 2183 1627 2707 621 4064 4941 4017 4978 1845 1206 3179 1533 4030 858 313 1550 4414 308 3025 4392 2596 2885 3566 3246 3201 1570
2152 1347 1402 1999 396 1382 1279 3946 1003 760 378 4755 4474 3213 1743 3239 57 4950 1457 1650 2062 2392 1826 4491 3159 2534 2548 2604 984 1268 1996 2908 2246 2932 846 3728 1721 1418 1342 2717 985 4530 4431 26 2693 92 3827 4943 865 4380 1931 1671 1188 1129 522 4737 4145 4219 1249 4584 2351 2347 2527 111 2835 4599 22 3303 1759 4022 528 1461 3733 4364 2895 1808 2076 3618 675 3700 2620 633 4002 917 4090 1413 888 4236 3517 2970 4877 3911 4404 3567 4654 3305 2478 255 4517 1443 4569 4075 1589 372 1839 3428 2251 2068 243 2655 2272 2235 2062 2951 3061 473 1144 908 967 1211 3131 3499 4688 1757 154 214 1030 451 3497 4926 403 1413 1841 763 2469 4646 1032 3094 4419 1590 4106 1510 456 4570 1006 3268 1046 4846 1928 613 3983 2887 3003 1296 3978 1052 3960 2241 2294 2596
1624 4107 866 934 2171 1328 472 3119 4684 3767 543 2812 4730 3032 171 276 3471 1634 4188 3381 2558 4284 708 4386 1552 446 3620 4744 1062 642 4281 3940 2487 846 698 3176 1035 3470 2552 1217 4916 3754 4969 623 4693 1504 4006 1236 3101 3788 1151 2309 3295 1981 4149 4822 2605 1823 3983 1727 4526 374 4606 1923 3611 2282 2773 4111 3425 1657 3844 2100 3461 313 4426 2831 1950 2272 2833 3229 529 2186 4124 4586 4747 2229 2630 1797 3561 2229 2614 4150 4059 3838 2929 3474 2947 4913 4563 2941 2643 2698 1226 3482 1457 3093 2685 1461 3221 4697 3166 940 2387 3748 1387 3989 1391 3399 2688 1678 891 2838 3893 3572 4460 3689 732 3374 2638 3800 2569 3053 4779 1058 3999 1383 383 1959 2819 3472 2947 1534 4146 2552 39 1747 2404 2386 4094 3405 1167 4105 3364 4780 1836 1770 286 3221 843 4911
1808 3784 1622 789 895 2687 773 3093 1083 3412 4356 310 2052 2226 4601 3843 4354 2001 366 551 4874 2770 841 3940 4972 2316 99 176 2386 335 1835 731 3767 3728 3176 395 4413 3893 4034 4863 1790 96 3086 4038 3304 773 3770 4136 998 2259 1396 3070 1727 3728 1466 3442 3400 2586 2708 599 2529 984 892 603 1717 457 4371 3121 336 1563 3372 3633 954 3009 855 2584 168 3620 4710 3572 1101 4486 3610 85 1650 2745 1985 106 2984 4574 764 894 2877 4078 3582 3959 2809 3291 4406 1730 43 1647 1790 3499 3033 2780 1126 4020 3299 4780 4799 2521 4990 637 1360 2928 3214 3793 3697 4703 3625 1671 1130 1178 4614 1226 3465 4014 3142 2267 4818 4812 2136 706 851 900 201 1340 3560 2045 3398 3575 4450 4933 2312 634 2679 2242 3371 4757 4179 590 2534 437 3821 2527 1581 4025 1168 678
473 1865 2507 4179 2961 1935 4470 428 4148 3031 4652 2242 887 2051 2178 1838 3582 3506 537 460 393 1701 996 3023 208 488 4162 4079 2833 518 3276 4439 3337 1721 1035 4413 547 1894 2732 777 2688 2465 788 85 3479 2843 3324 704 512 2522 674 3072 3801 628 3390 4686 2486 382 660 754 4055 2278 3037 4500 3221 4773 1947 4389 2483 1474 3196 2017 897 4249 873 3308 984 1169 3310 1399 1359 1090 4161 506 62 3626 795 3255 647 2275 2804 298 3406 3822 3593 2603 1686 3120 1194 1889 2962 2507 3336 719 3627 3339 701 4134 3298 1765 4721 1828 111 2877 3284 805 820 4037 1405 3585 2728 4938 1736 351 1307 267 2201 3516 3411 845 673 4638 1407 3578 1406 4861 1054 344 628 293 1912 44 3563 81 3496 482 740 580 2494 4936 2305 3253 1368 983 41 300 559 2690 1681 2291
369 3952 4817 4665 3129 854 1041 3664 775 3148 486 2019 1387 4957 2967 745 127 2496 4016 481 3033 1623 3347 2368 1590 3707 2394 1423 2157 1590 1592 1925 2811 1418 3470 3893 1894 4187 2209 703 2274 3690 3888 3341 401 3710 3792 3161 1937 2645 51 4867 164 3758 1770 3177 2606 1865 637 3690 565 2703 393 856 2512 3196 208 1974 3818 779 3939 3807 1310 3236 1792 4934 3894 4966 1228 4772 3337 664 422 3571 518 2778 1602 2668 3419 3035 3202 4939 741 313 1199 2752 1311 4758 4283 3385 1478 1571 2972 1250 3796 479 4085 1224 773 1009 4466 2125 1849 2806 4378 200 2451 1151 1346 516 1358 3919 1527 1967 582 3418 4519 900 2405 2977 4801 3407 409 2269 1487 2790 2474 2701 2513 2655 2751 775 3756 4159 3175 1315 3333 3943 1646 3286 2255 3133 4758 3912 1257 2461 1179 1106 4992 3338
1231 132 3543 743 3438 2395 1789 4820 3315 3478 1436 2555 2977 3024 2263 4620 745 3009 4955 2538 3929 1713 2557 2700 1413 4697 4201 729 242 3430 3105 1430 1014 1342 2552 4034 2732 2209 259 1309 2658 1556 847 3116 4663 343 4225 4348 3292 4835 1869 1062 1475 4402 1541 3789 1451 4069 3161 1343 2733 1019 4520 2899 315 4218 647 1903 3023 1476 4633 3140 1064 3722 93 1044 384 3928 3516 4313 4132 749 1414 4955 3414 2614 2647 2593 2666 1429 3471 4339 2934 205 1485 2336 2461 1687 4776 3854 3804 3430 3313 2103 4119 2262 4612 2977 4790 2271 1939 645 270 1785 2746 120 4969 1927 3852 2693 2175 4556 4908 2652 4052 2092 110 3363 76 4022 4954 655 2516 249 2454 440 35 4747 2168 4123 195 3249 1455 1865 4546 3892 3644 4008 3696 1638 163 2817 1262 1158 2702 1514 4273 64 2033 1878
1096 3089 940 1346 4205 4240 615 3647 2454 2853 2722 981 1795 1637 1644 3141 4319 4822 3108 2520 1339 4042 2440 1599 2430 3544 1274 3503 4688 4011 3011 700 4665 2717 1217 4863 777 703 1309 2485 4246 3547 4491 2640 393 3118 93 3394 448 1143 299 1814 3632 2755 4715 2010 1607 2023 1401 3484 1667 4218 1173 1302 734 870 752 4507 2680 699 3851 64 2905 4853 4550 603 3514 2997 2015 972 2596 1567 1904 1208 2174 3814 3583 2763 4722 4675 666 1148 4179 3345 3846 2407 545 2809 2443 1142 984 1840 4340 3460 2371 4897 905 3592 3994 1688 3233 3539 4026 1274 4538 2837 3968 3335 3739 3623 3447 3581 27 3238 1890 2692 3541 3101 137 4004 3936 1842 359 675 1689 3092 4613 2694 2472 3380 1297 3718 3665 4523 2169 4938 1843 2530 2123 4663 439 1749 2425 3218 329 1320 3360 3937 689 2555
2385 2211 2284 2128 2887 3705 3509 1368 990 1303 4275 4878 1362 740 954 968 2647 221 4221 755 927 4055 2196 908 2751 4578 3163 2523 2168 4602 3313 3499 2498 985 4916 1790 2688 2274 2658 4246 1029 3320 2448 2740 555 1966 4718 762 3161 1088 650 2981 531 637 1112 913 3508 897 2874 75 1461 1963 2933 68 930 342 4090 4530 816 609 2093 1608 253 380 123 1327 4465 3856 2150 4502 4298 4900 2049 3067 1031 3230 4818 2975 3341 4744 946 2328 3849 3096 1492 3122 3489 4097 2881 3302 4140 1433 4389 866 3059 4211 3538 1127 2302 364 227 1283 354 341 3668 4490 1863 1970 4367 4996 3063 2200 3431 4959 509 4789 4652 1112 3289 634 2502 2443 2151 3691 3091 2040 2669 3241 3673 2538 2161 4994 1545 3313 2656 3992 3524 1571 612 1943 2303 205 2988 2095 3629 2080 2080 2037 314 1000
1069 2824 460 1162 138 4537 2670 195 4239 3490 4962 3238 3155 1415 3646 4953 1226 4044 783 3915 4293 3357 2169 232 4211 3946 2762 692 1044 2228 4993 3630 1366 4530 3754 96 2465 3690 1556 3547 3320 2906 1844 4901 2410 1460 1683 2542 1027 1931 3586 4978 552 2997 2778 2159 646 1061 4564 1057 4308 1688 3913 1541 38 803 3612 1558 1029 1841 567 3683 359 157 657 315 3060 981 788 3777 4872 3343 131 183 895 1385 2558 3320 4939 1734 3308 4995 1001 1260 1885 4322 2631 2569 1223 3819 4480 2527 163 1614 775 3694 2376 4837 411 3637 2592 3378 4512 1351 3939 1110 3948 288 1021 3534 1971 3221 4468 2403 4132 1125 390 34 1545 4701 1588 1287 2756 4971 1152 740 2184 2182 3148 95 3785 734 3050 3851 813 3658 1026 862 3590 352 1216 4336 2398 4788 1107 2034 763 1483 1939 4673
2266 1468 2182 456 3148 3025 953 759 4749 3256 4570 2894 1268 2163 3861 1920 1583 3377 2041 4795 1190 855 3786 4518 3029 861 452 1780 4330 364 4694 2374 4595 4431 4969 3086 788 3888 847 4491 2448 1844 2570 2405 798 2277 3335 2334 3462 1311 4462 123 764 1377 3918 1585 4256 2069 249 458 981 1129 3200 4116 1152 1277 4559 3850 3926 653 2380 2546 3359 3476 2723 798 1099 3533 2866 1632 3192 2266 478 4099 131 3496 4418 1564 1839 1581 4626 1617 3884 3916 4498 464 4221 4255 2782 2492 3079 2785 2099 4428 4071 2110 3342 935 2213 4383 2334 837 2745 556 3338 2922 2954 2455 538 2915 4814 937 3892 1931 4832 2487 3960 852 324 1637 4280 2158 4323 4180 1777 2101 1153 4489 509 4990 2570 1158 2836 3588 3722 3315 3917 3963 3672 3844 4304 2252 4050 1602 2926 4446 1922 590 4247 4178
3975 3608 341 3550 2065 2777 2814 2368 3767 1734 1128 2486 4922 911 1391 3476 1504 1882 2650 2678 2796 1044 708 3765 3916 2571 3343 1437 2160 742 3841 2894 1249 26 623 4038 85 3341 3116 2640 2740 4901 2405 336 4869 2540 3613 4367 3477 1722 2078 3300 4746 175 3073 2880 2820 1009 3769 2292 2993 2888 1840 1592 2195 705 4716 3031 3106 4064 3881 2872 2999 3172 929 4223 2138 1052 2040 149 3885 4871 770 2927 2299 4838 2778 200 3605 175 1318 798 4795 3716 3769 616 4010 3439 2372 2671 1805 1477 2843 4767 3720 3448 4659 4855 4372 3306 2321 2512 2921 1405 3853 331 3588 2723 4500 2025 1906 221 823 1040 4132 2310 1073 3731 1463 646 2764 3712 1008 3208 1777 3745 3678 3546 4805 2966 492 2369 351 1998 240 2419 3913 4939 365 285 2690 432 1559 122 1131 2317 1949 2039 1959 1503
4388 4432 1754 446 4254 3040 2809 3383 4448 4483 4950 3298 263 621 3487 4272 4023 4925 4197 1562 3998 2512 3416 4769 2157 4818 562 4442 481 4510 4877 4696 988 2693 4693 3304 3479 401 4663 393 555 2410 798 4869 3232 2364 4874 1483 848 368 1495 4646 2532 3453 187 1649 4848 1831 4549 391 819 784 2356 2820 4848 2239 4238 3355 10 2790 4895 1801 2685 4601 433 1678 4154 1864 520 4336 2537 4266 2237 1458 2981 1501 405 3187 2808 4170 3548 4860 689 4913 2342 1875 3929 940 339 2494 2362 4558 4671 1325 4092 649 581 3750 614 658 1932 3396 1749 217 4956 4441 4083 3767 3226 164 1634 3873 3445 2111 534 876 4831 4544 721 2054 737 886 4968 3622 377 953 2502 3232 4911 1446 2105 3754 166 4132 1506 871 3401 2381 1483 2090 650 205 4890 1208 3595 3567 3794 890 570 4705
3507 2921 3621 2934 2584 1532 3426 3914 3073 1983 3790 1227 695 2259 2386 3490 1524 1799 2494 2836 4863 1374 1954 4711 2143 3972 1347 2051 223 3806 2047 3398 2294 92 1504 773 2843 3710 343 3118 1966 1460 2277 2540 2364 3572 3950 4871 1509 3679 3406 3307 2169 1645 4389 1710 2172 1172 1186 2102 3266 1698 4071 1748 3243 3337 390 2510 4466 645 980 1383 872 1156 4398 719 3943 3043 2945 3399 593 3176 2357 4300 3309 1638 3352 703 2990 1083 4889 1188 3433 667 4010 1598 1347 3362 186 1888 4930 2182 4147 2794 3563 2982 1798 2437 3731 1080 4506 3858 1983 108 1071 2911 4440 3618 4012 3079 1155 3283 921 1266 3355 4134 4104 1659 2435 565 2174 2694 3742 3697 1776 4199 3569 238 1999 3445 1860 3779 3160 2181 2094 2166 4802 962 1898 976 2703 1621 2893 3167 2561 2262 4815 4181 2739 3622
2488 1589 2825 445 272 634 2241 3466 2332 3886 2831 3969 3901 785 3144 4424 4431 274 3786 3328 1561 2213 4431 144 2197 3795 2601 852 63 4024 1040 1179 4479 3827 4006 3770 3324 3792 4225 93 4718 1683 3335 3613 4874 3950 512 618 1792 4888 1126 2585 321 633 4861 3839 2194 603 638 223 3488 589 3628 2919 4640 250 3109 565 4145 2178 1989 4728 1655 2847 4779 951 854 2405 2196 1112 1430 1131 1146 1098 4183 3806 4104 1433 2400 2113 3702 192 1791 1599 1024 812 1113 4049 3830 4915 723 4142 2780 1564 4184 432 2519 370 4080 1125 4444 3552 1960 4595 3191 2855 777 1066 1441 1066 1174 2629 2097 1647 1809 595 567 2828 269 388 3967 3056 4075 2409 3010 4104 4143 4386 4936 4529 2870 3191 2108 2464 697 4308 250 3691 4311 4572 3174 4687 3455 2944 4750 3219 1697 386 4935 987
1962 2343 2594 1765 3812 3715 4210 1579 2958 4074 1774 2347 1457 1055 892 3596 4883 2455 1972 3411 1757 1535 784 1851 1324 614 1134 1303 2199 225 789 21 2685 4943 1236 4136 704 3161 4348 3394 762 2542 2334 4367 1483 4871 618 202 4489 3564 522 508 3083 2234 4215 2310 2833 1297 1605 4220 2874 333 642 1932 544 3268 852 3528 594 4276 4842 785 3574 764 4980 2519 4304 3343 2710 2295 2888 61 4088 4161 4853 2061 4797 955 2618 4485 1941 3928 4721 2036 109 3717 3437 3251 2280 4756 978 4019 4902 4312 4889 1912 2573 956 3298 3249 527 1990 3126 4128 3425 1619 2797 1946 3524 3672 2610 4477 4337 4089 1515 4382 2221 4785 4499 3477 901 4564 2725 3790 688 2503 1325 2172 3743 3700 3953 3644 1968 592 3016 3150 1104 3963 4027 961 2562 4143 1356 2019 4075 1428 2186 2908 3906 2361
1164 3031 1328 1246 821 348 2263 1200 4793 4628 4063 2534 1586 2202 3297 238 2640 3258 1188 2225 3158 1033 1992 4433 4749 4437 420 2350 1074 3725 2019 57 4608 865 3101 998 512 1937 3292 448 3161 1027 3462 3477 848 1509 1792 4489 218 4612 3227 819 1588 2330 956 1560 4041 2218 3874 876 2260 2069 515 2544 4056 2206 1410 4411 282 2192 1440 4549 260 1145 1607 2174 3040 4214 1849 4261 3712 4033 1636 1023 4624 1797 1593 4312 2774 2224 4594 3307 437 1760 1832 103 3803 4690 4857 2091 534 2546 3317 2167 4440 1544 3002 2048 552 3564 1004 3673 526 1426 327 2178 2939 4082 3218 1313 3650 3449 2724 4785 3219 3064 3160 384 2213 2980 4976 4602 1524 3947 4613 822 2493 400 2929 2049 4536 2273 2704 1383 3669 3426 454 1515 2193 2836 379 4564 3149 3596 3192 2038 44 2370 4408 4996
883 3649 2068 3922 831 4179 848 2339 1582 3648 1719 1470 3156 985 4377 1742 4415 176 889 179 2078 921 854 2690 4258 3977 259 2734 60 184 1137 4178 3950 4380 3788 2259 2522 2645 4835 1143 1088 1931 1311 1722 368 3679 4888 3564 4612 2831 2491 4517 2099 927 2106 4872 4494 1368 2338 3707 2667 704 4358 4140 1692 1160 4808 2429 3359 1135 3838 3716 3280 2208 3886 184 3059 2023 4353 263 3605 4835 237 1516 1734 586 721 3632 2647 3210 361 635 3094 4358 2856 1120 1989 2233 4644 972 4316 3141 187 3739 2588 4837 3061 4267 4654 4664 400 3241 3788 4302 952 1077 3845 3157 869 79 2307 741 1968 2503 1926 4140 2165 1906 1679 2749 1396 2581 2744 3231 1965 2447 4257 4727 2994 1971 1056 2387 3817 3702 985 1449 3701 764 2701 2279 28 1253 3718 1488 104 3239 4772 835 4067 4952
3419 1081 4378 3765 1529 1294 434 272 3568 1859 3686 2736 3135 1488 4100 1053 4907 2905 3422 2121 4940 1226 2282 2508 1547 2094 4020 2956 4491 2300 3712 422 2280 1931 1151 1396 674 51 1869 299 650 3586 4462 2078 1495 3406 1126 522 3227 2491 350 4588 4955 4367 2800 159 4368 4244 3825 699 2992 3707 2947 501 3209 1001 3034 4379 1030 2678 3525 2469 2290 4297 1202 148 401 2736 4891 3408 3540 822 1946 452 127 4049 316 400 3798 555 4566 2284 4626 335 4723 2899 1099 3924 3689 2268 3570 1361 4139 2200 1533 4702 212 3205 1832 627 1248 1331 1077 2836 4929 1163 3191 3226 2905 4255 4473 1125 3400 2187 4684 1577 4690 428 4270 4992 107 3444 801 3272 2862 885 1925 547 2510 4129 3389 2716 4763 2255 1238 1938 4338 3656 219 4703 915 2976 1425 2315 214 315 2764 3133 3950 3941
