N: 160
M: 20
Symmetric: true
Triangle: false
8 129 130 12 49 32 90 102 67
11 69 39 35 96 25 43 148 145 153 138 22
7 125 78 121 122 17 61 95
5 156 158 83 51 2
8 13 58 23 140 81 59 5 132
8 133 70 109 9 79 86 50 6
10 144 150 63 100 33 93 84 155 103 117
10 11 56 1 21 146 34 47 75 106 104
7 154 110 29 98 68 44 19
10 91 24 97 127 30 41 14 16 64 142
9 112 15 124 99 149 151 89 107 157
10 108 27 135 141 139 101 82 40 118 159
6 88 71 20 126 10 113
5 152 42 137 66 85
6 134 143 7 136 54 46
6 55 80 160 52 72 45
7 60 77 114 38 62 3 76
7 36 131 28 74 53 48 111
13 119 94 147 123 105 31 87 116 37 92 57 73 115
7 8 26 18 128 120 65 4
2798 1403 2148 4720 3797 2960 4389 414 3167 1963 4347 4205 4737 4321 3198 1564 2686 3012 4381 299 4097 325 734 3507 2188 4420 4681 2491 3113 2733 3122 2060 3469 3575 3250 1940 4120 1223 179 243 4583 1105 4339 4637 4156 1249 32 3730 143 3014 328 4227 402 235 1288 2332 3678 3278 665 2953 2965 3398 382 4151 1342 3831 494 3164 3297 812 4767 853 1991 4821 3375 3308 4811 3112 1091 3575 3091 1023 471 2108 2237 4965 842 1399 4201 2355 1585 519 402 2419 4354 3883 1885 606 2475 4363 3221 4223 2676 1514 2579 4137 380 4110 3102 4267 347 2792 3121 3927 4957 1313 237 3454 3415 167 1281 166 3894 3618 2080 316 2275 1014 3313 4944 1075 4452 420 1282 4012 3863 3965 276 1783 1493 930 22 3677 2578 3903 3130 2351 4217 1898 2346 38 1445 32 1744 536 1738 2853 4520 1596 4065
1403 3974 3170 498 4272 2351 2381 2193 1584 87 3333 2700 4973 1076 1053 1629 3918 173 4778 3365 1750 1856 3103 3246 2239 1088 3578 238 1331 147 4190 947 2103 2911 2378 2840 1395 3510 4810 4185 4913 3377 1902 3360 4702 3443 4816 2098 3123 4758 3509 296 2559 2144 3283 193 3927 1897 2715 1916 2898 4343 4597 1861 939 4777 2507 1738 3901 464 1027 225 756 2889 2509 4013 2453 1643 763 4811 4014 1138 2780 454 2158 3727 4536 3303 3122 2448 3448 4434 2359 2829 1775 4035 4141 2290 3513 4034 4908 4769 3990 516 2517 4564 2864 4159 4558 2383 638 3922 1751 3347 2003 1991 4168 4234 4748 3639 2543 2328 1427 3347 1467 3381 4696 1488 899 3353 1018 2016 3611 3726 3302 690 1035 4058 1003 4202 612 2978 3398 2243 1954 4440 4842 3021 2947 2462 2479 4207 524 1476 2411 3818 99 4130 782 1519
2148 3170 4550 1604 4192 3769 3803 2786 2604 2305 2266 4340 4670 984 22 1529 1433 3916 1217 4833 183 2946 418 1271 4320 91 1740 3039 76 3985 4444 4454 188 4951 2204 3914 4342 2914 2418 3966 2376 1610 4370 4321 4881 3883 2008 3233 4305 1382 173 462 2013 801 4548 19 3347 60 1562 4039 1046 1580 4245 195 4615 763 1158 2101 3519 1502 1276 2069 2288 1003 2270 4651 4250 1291 3061 996 4625 1183 339 293 2511 36 756 2798 2412 2356 4840 1969 3593 2975 4417 3821 4282 4563 4338 2927 2399 1348 4402 767 1770 1688 1206 4802 4894 4337 4985 1004 146 1945 4837 4406 361 1677 4077 2309 36 2825 3612 4554 2452 4333 1509 629 3146 4497 2138 3489 4402 203 960 1266 4062 2894 2216 553 2859 4133 1797 2304 821 924 2000 1513 3049 591 3458 2600 2974 3879 543 4565 1140 1062 2200 3735
4720 498 1604 3629 1380 1823 2343 4217 4791 2798 879 2817 3476 4631 2121 2770 240 3202 91 889 961 3297 4619 237 4599 2736 2373 4059 4985 2640 4975 1974 1505 1236 666 78 1580 3947 343 2044 2572 4227 4696 388 3775 1752 2220 3026 2206 4649 763 1372 3864 4529 598 2294 2684 810 377 4217 2774 4618 2829 4359 3163 794 346 1202 1627 4016 1700 4108 2863 4837 4086 3719 1247 3324 4321 2151 4864 1441 933 4198 4936 4724 645 881 4601 4587 1333 1119 336 663 4156 1999 3255 779 1215 3952 4492 4446 542 2306 1300 3675 4623 4789 1697 4266 1842 4037 1507 2844 4640 2411 3981 4968 3037 2224 3956 736 1180 4558 1403 3152 3979 1444 2657 440 2105 4384 3789 2938 1862 2579 4547 2557 4027 553 1779 1952 3753 149 4631 2248 4850 4202 3295 793 4649 1704 3184 1599 1716 2464 712 2567 3334 2804
3797 4272 4192 1380 3872 4632 3451 4040 2389 3574 2943 2950 382 3865 1478 1301 3230 133 1263 631 2711 1096 399 1059 1515 1444 4589 3562 3928 1819 4176 3602 3545 4402 1811 4004 4489 4730 4873 4313 2953 3621 3728 3768 3587 871 2473 3390 1733 823 3550 4645 2471 1054 3258 1508 1359 99 4671 4673 278 2209 276 1485 838 2181 680 4811 3116 3202 2776 2690 411 1927 2029 386 1106 3814 2360 4936 1751 1565 45 3698 266 1967 79 1686 4905 928 379 496 3497 3492 1050 2058 527 2611 205 2108 4465 4165 3642 628 4346 4144 3099 3490 1613 2560 3124 97 3125 3783 2964 2515 1866 3200 3032 3379 4226 2102 29 1918 2914 1625 2486 2610 4141 4326 2895 3141 1695 3902 2662 2728 3356 2490 4666 2279 1916 264 4509 527 1301 1884 2339 2079 1062 3247 831 4363 4275 1081 2110 1111 2232 3460 973 980
2960 2351 3769 1823 4632 4934 2486 3508 3946 2937 3829 1000 1955 1888 1078 41 4681 2361 4695 2825 1415 3314 1372 3980 3595 4128 3744 3950 2223 2738 2788 826 283 3509 2196 3665 1021 138 135 3807 4731 2900 1731 3835 991 3227 2005 3215 1053 378 1814 4371 1680 1777 2458 1567 2840 2272 2362 3899 4971 3125 2013 4827 4204 2590 1478 2521 2251 506 4837 4771 3751 1209 3114 1036 2792 1686 2882 1452 3640 2568 4411 1861 2103 3914 1439 728 4157 2976 1311 4892 2411 4358 886 2386 4813 1284 130 2712 2894 4634 3444 2991 3843 3801 3044 3323 3461 1307 1407 1971 4543 2402 3974 2814 3303 4652 1841 1302 1284 4594 2338 208 4273 2094 2643 1099 374 4888 2852 1297 2109 4721 2637 3725 1058 3559 142 1179 4763 4923 589 4060 4663 2564 1506 1638 2224 277 786 4976 1786 4493 4988 4626 2132 4687 3933 2354
4389 2381 3803 2343 3451 2486 369 1145 3162 3746 4875 4534 1948 1657 1481 4757 4024 1965 4363 3604 1448 1515 4180 3014 2500 2737 4925 2745 4800 1632 4421 87 3867 923 3155 4970 1479 4413 2410 4082 2612 2838 4080 4377 4183 1595 3785 4949 361 3870 3842 1452 179 3536 2416 667 3312 4618 4101 1641 3877 4959 1617 521 2461 1398 2523 1492 977 4957 1999 3601 4895 4313 1034 3818 4144 2913 3266 3497 1914 2057 4865 2667 2585 2805 3983 611 3011 267 1186 4950 1337 3700 293 2826 4157 3010 904 482 4412 4008 2636 4102 1615 227 1057 1932 1831 2145 3183 4406 609 4632 4209 978 2771 1501 4757 3719 4834 620 3056 2572 1446 3673 4983 2417 4411 2195 4005 4762 881 4252 1709 802 281 1385 3316 641 2877 176 1994 519 4853 3453 4090 778 4207 308 4113 3407 97 4431 4734 4931 755 2629 1718 1005
414 2193 2786 4217 4040 3508 1145 2756 1071 2979 3923 1616 1203 2592 465 4856 2895 4778 1526 3754 4762 3827 3135 3961 3828 4233 2658 2328 4470 3331 2805 4823 395 724 2309 4928 159 135 1444 3958 4799 3893 2463 4907 3785 888 1760 777 2886 702 3377 3148 2810 470 4137 2747 1643 3726 3310 156 2645 4371 2773 203 3337 4698 1337 3883 4281 4002 2492 2734 1809 3643 206 2694 3661 4809 3985 1748 1866 262 4709 204 3625 1842 736 2848 2364 4013 3906 3014 2168 2701 3200 2727 4785 2867 215 4735 4560 3967 2892 2310 2563 3297 1413 4719 402 1232 4922 4062 2234 1669 2742 4443 1231 3918 2153 3847 3123 2529 217 3418 2370 2020 4353 1058 2192 2291 3828 3635 4538 3379 2107 2584 2323 2641 1486 3056 686 4160 3613 1773 4742 2044 3139 2224 4362 1939 250 3205 1315 1284 4734 3873 4760 4351 2409 1824
3167 1584 2604 4791 2389 3946 3162 1071 4897 2574 2211 1052 3052 3741 4544 696 2170 2266 580 2777 2108 630 3476 2577 1399 4818 65 586 3637 278 299 3854 3223 96 1522 3844 19 244 3895 2798 4016 177 1175 47 2813 4434 3451 1166 4783 2051 3271 3601 3735 3475 2472 4987 2367 99 1306 1558 4061 4851 4530 3080 1915 1520 83 840 4714 2398 1276 2225 1542 1133 3814 1347 4140 1756 300 3445 2695 2648 1727 4136 2571 1878 2031 1581 2688 1160 1112 113 1492 1681 3840 3902 1569 4535 3387 4345 3995 1858 3219 3261 1900 3634 1035 4262 3871 919 2261 453 2716 4826 4462 4284 2887 4586 3575 4571 1716 2258 4657 2855 3841 1628 4807 870 3578 1165 2002 956 1327 1503 3666 2284 400 3537 3579 287 1525 624 165 733 4698 2847 766 4217 1532 3995 877 3893 4763 773 1857 1071 2883 1389 3198 1788
1963 87 2305 2798 3574 2937 3746 2979 2574 2043 1215 4338 2051 4444 2680 4127 2167 2155 396 2925 3246 4250 3743 4943 3793 35 4396 991 1089 3307 835 1951 4092 15 1670 4079 3931 10 3041 4548 2817 733 3745 1709 3389 590 1908 1490 56 1173 4154 93 4718 2172 4568 2036 4975 2357 3377 2780 3958 3577 3124 4401 4596 3586 4585 4135 1395 4370 4618 4010 4247 790 3889 627 2581 29 4681 4473 981 3890 2593 610 619 334 886 3232 1540 1176 3923 4836 3283 4599 4377 4660 1625 4555 201 4566 939 593 1267 4675 1492 3002 1240 4599 3868 2662 1198 2989 2533 377 4690 3388 470 3745 3548 3750 3793 4367 853 2731 4686 1559 1785 1869 1089 2363 3833 3800 727 3173 2215 479 3472 407 1933 4020 1815 2035 2560 4804 2728 485 3333 4609 1039 3875 131 2336 1707 394 2845 4840 4689 4109 1181 4983
4347 3333 2266 879 2943 3829 4875 3923 2211 1215 2908 2441 3768 4124 4066 467 1112 2867 4138 1785 4704 4835 385 3914 2415 2167 4369 838 4235 3006 4749 655 516 3931 1240 980 3795 143 2171 448 1026 1645 1993 4809 2726 4990 33 2336 3597 3611 28 534 470 3885 714 592 4722 3435 3586 3010 655 4300 3511 1843 4501 4762 2668 3318 3888 2960 3920 1484 2645 42 4836 1657 1330 2467 2878 3710 2973 4565 2298 3655 840 3259 730 3930 2632 1462 4017 1008 1652 1854 3506 3963 72 2903 4396 2937 1376 4995 342 760 3808 1903 4731 3447 4030 3116 2486 1824 4264 319 314 1226 1248 3885 307 184 2183 1929 447 1888 1638 2962 2267 3088 3584 3440 4997 1484 1055 3859 4873 519 803 4644 1024 1258 807 4450 190 248 4765 1472 2101 3277 2196 1665 3710 2151 759 1241 3857 2067 1038 4781 3481 4845
4205 2700 4340 2817 2950 1000 4534 1616 1052 4338 2441 3822 4830 2333 2095 4656 3942 797 2126 2123 3506 2178 1658 2107 2034 2663 1787 1831 3309 2405 4864 2056 4266 1572 4925 4036 896 2171 300 2391 4346 2100 2242 2818 449 113 482 1247 3769 2762 4700 4272 3958 4895 1358 807 2119 4253 4605 3595 4687 2203 741 3358 4941 4128 1398 3474 2086 2312 4537 2420 4678 3528 1791 335 4830 1624 2842 1106 3929 1962 899 4555 531 1802 19 1799 3952 3466 1250 1472 947 4146 2340 3788 4252 1534 3698 2283 3677 1852 4463 4969 1915 2664 1793 4074 4889 133 3724 2660 467 4658 3367 2115 1092 3086 999 4903 1523 1464 371 900 4447 3775 2776 4080 3102 4901 468 3497 1383 608 2408 2746 3538 2119 4301 4023 1853 1615 30 1297 487 814 1059 791 679 3540 1828 3977 3286 4009 673 1567 2964 2204 2427 2915
4737 4973 4670 3476 382 1955 1948 1203 3052 2051 3768 4830 4469 4349 1581 4567 4586 524 3878 4400 1367 1356 2068 483 3261 1899 3297 119 4276 812 2224 4694 681 3962 2819 2129 4282 1657 4654 2695 4996 4274 557 2396 3258 4472 314 3666 821 623 4634 1635 2527 1785 2625 609 1902 858 655 764 3391 1278 4667 3424 4572 4581 4022 3212 3134 1651 1913 1636 3426 1974 2486 1913 938 648 4782 4114 277 200 3633 1854 4268 875 4048 496 3408 3863 4083 3433 2705 481 4996 404 3586 1408 292 1497 328 2294 4237 2421 2023 1763 1712 2500 2642 1506 4763 2245 1101 191 3173 1504 3251 4480 4519 4935 1262 3170 4093 3160 2195 2495 2535 1280 792 4832 3373 4742 710 1572 4732 4351 4603 4098 4447 3435 4506 3514 4771 3295 3579 3179 4821 4596 650 3853 832 1623 3890 261 4804 3883 1003 3175 509 4159
4321 1076 984 4631 3865 1888 1657 2592 3741 4444 4124 2333 4349 1377 167 2359 2241 945 3736 3023 581 1756 2403 1708 2107 979 2033 924 2915 2144 2131 1135 2566 3838 4346 4933 1932 4860 47 4830 2911 2607 954 2530 2106 1941 3096 1451 3419 96 3267 2036 4843 4810 317 65 1029 1859 1434 3207 1101 2335 227 3091 43 2321 4557 91 2204 636 2006 3565 3009 2583 3363 1702 4278 58 1072 3319 3793 2878 14 1165 1497 3241 3995 325 1299 3127 388 17 4499 432 741 3989 4881 233 839 4481 2390 1219 3177 3701 3320 2546 3353 3951 4558 2148 499 2741 2182 4526 2109 4128 3549 3124 2850 2962 4718 4843 805 1706 1144 2177 290 3310 3251 2109 2905 4244 3339 2220 755 2018 469 1894 1707 4749 4440 3596 2863 119 3823 3531 3583 1161 2439 3833 434 1040 2760 4899 3194 4320 3752 2027 3769 719
3198 1053 22 2121 1478 1078 1481 465 4544 2680 4066 2095 1581 167 1907 2790 4076 1383 4570 2944 27 4553 2759 4780 309 1763 3034 2178 519 4316 4307 659 4299 79 3899 1464 3106 912 4383 933 64 3939 643 3705 1628 717 4549 42 1767 903 4648 53 2737 1473 390 4535 230 1089 417 2208 224 3503 4352 1592 4195 2050 2233 1936 2333 695 4507 4689 2888 629 4779 1320 2836 609 3744 2892 3938 2706 4275 4236 467 4472 479 1735 1208 4451 1597 4860 4859 588 4775 2377 4044 2653 3132 4255 4446 2688 1695 1594 1252 765 4776 1876 2653 2532 3253 623 2141 1388 1786 4275 3734 3622 2210 1172 1097 813 4402 3133 3908 4497 1319 3118 4415 140 4058 3778 3020 4830 1651 1064 1220 746 2792 2888 579 4726 1141 4312 255 1128 2490 4932 2150 4007 997 824 1382 1235 3522 4132 4170 4447 4778 4026
1564 1629 1529 2770 1301 41 4757 4856 696 4127 467 4656 4567 2359 2790 586 4631 2055 4517 3521 3205 3427 2714 339 1265 1697 1860 2802 3728 2622 452 1604 1652 1794 950 3448 1656 4711 3919 1081 847 850 1421 4321 2368 4976 43 2808 3671 2960 3219 1646 4195 4505 4820 3140 748 3588 4116 648 4031 4942 1161 1895 3522 3510 3597 3714 526 2420 1948 770 941 4502 201 4807 2303 4603 3871 1118 4511 972 1980 3995 332 1689 1787 2998 3537 2444 500 3401 2208 554 1929 1695 2150 1683 3112 2026 1129 4715 3928 3690 469 439 1374 4559 3060 4023 1209 421 1903 3096 2889 3979 4294 3834 4359 4418 1685 3137 553 3241 3176 3257 1979 2850 4884 1209 2818 4696 2027 1761 1622 710 1106 2568 348 3559 1313 441 2203 2959 2210 4763 4693 660 670 1994 819 530 280 4182 4243 1141 2434 4207 4128 4546
2686 3918 1433 240 3230 4681 4024 2895 2170 2167 1112 3942 4586 2241 4076 4631 3032 1194 2899 124 2415 4998 1808 2436 2504 2809 2082 4851 2213 4991 3385 1676 1292 3897 1203 771 1032 463 4867 4353 1861 4650 3856 3493 1169 1257 3514 807 1075 1568 522 2019 4340 1794 2920 1488 4896 2987 524 3471 4928 98 4653 1432 4566 401 903 44 4021 2202 1135 4985 3993 709 3583 4171 2566 812 4543 621 3584 141 3409 3638 3831 2813 350 3944 3623 1095 3252 4793 2490 2531 3389 3248 4858 2273 2957 229 1671 2246 465 585 4173 1741 89 3078 2536 3724 1580 944 4740 4921 1072 1882 1155 2556 4401 1221 38 4664 3135 3922 4408 2844 3576 1114 1736 4447 4130 28 573 1655 1503 4754 1086 2341 4460 2073 4593 4866 4551 4349 2297 4614 4268 964 86 3398 3527 4454 2325 789 567 1740 709 2407 2026 4815
3012 173 3916 3202 133 2361 1965 4778 2266 2155 2867 797 524 945 1383 2055 1194 683 3302 4333 1434 396 3867 877 2789 4640 433 3861 995 4285 3207 1437 4777 1178 2263 1877 4222 1258 1842 315 2852 78 1357 3687 3136 2586 3994 1561 4767 2548 3867 2693 230 1496 1460 4147 3910 1968 4742 1916 844 2809 2533 4526 3973 235 913 3355 4365 2867 3147 4277 3803 196 3268 937 3913 4138 4234 3390 4555 1137 1400 3108 4979 693 775 3583 1585 2225 2994 4769 2610 981 2368 2547 2476 1552 4047 2156 3710 2342 3420 2567 2431 756 732 1788 3743 3278 3762 58 3596 2220 352 1757 271 3745 4858 3792 369 194 3620 458 4661 3140 2612 490 2859 4834 3133 1985 557 2248 1757 3357 852 2547 1247 331 3265 1259 3569 122 1218 652 2246 4091 4157 3165 2434 1263 2827 1159 643 3663 3095 4061 2265 1703
4381 4778 1217 91 1263 4695 4363 1526 580 396 4138 2126 3878 3736 4570 4517 2899 3302 3740 1076 1594 4941 775 4045 2293 1715 3898 34 1296 1381 1792 3478 1214 4793 4449 3389 438 2574 4283 3538 226 4175 1595 1943 1670 3039 1410 1247 453 4865 206 4751 2647 1404 1670 737 4584 4081 2966 4246 2539 1212 2787 3792 4723 4247 4438 1837 1702 3229 2367 4819 547 1694 135 493 1802 701 3272 4355 2081 1567 3305 4767 1901 4081 408 4274 4708 4981 2902 286 839 4256 1845 1450 1792 2948 2729 2955 4353 3388 475 4327 2076 1717 4909 4604 2319 2647 2998 78 3300 4491 3583 2413 1219 620 4262 30 1934 3311 3889 3590 4138 4150 1767 3952 1248 2033 852 1975 1080 3709 756 3103 4334 3577 3601 3926 3152 1123 624 2437 3987 2867 1178 2065 1544 1992 296 3741 1800 1114 652 766 2880 1621 3379 3892
299 3365 4833 889 631 2825 3604 3754 2777 2925 1785 2123 4400 3023 2944 3521 124 4333 1076 304 3344 3586 4110 3282 1485 4508 1834 3193 1456 4397 3727 4359 2903 3086 3728 4318 3693 3330 221 1378 2835 4951 517 2958 2962 3929 3897 4004 3378 980 3254 4550 1681 168 450 4657 314 2693 4298 291 2324 902 3881 3538 939 3174 2580 4858 4632 3156 1561 1769 4528 3327 3598 2240 1719 878 1047 1330 4235 1836 4893 3376 261 290 1524 3598 1928 4200 3480 3999 1935 3359 1730 4935 324 1679 2641 3960 3351 4702 1770 3990 3876 3090 1941 1579 3362 2799 4929 4936 4774 613 4171 2451 3269 3677 2276 667 4278 656 3296 1892 4023 3424 4558 120 786 3274 1447 426 868 4645 1895 1943 4713 1570 49 987 305 2595 3805 3790 2344 1138 2238 961 507 3023 1590 4508 1648 4942 431 432 737 4198 802 498
4097 1750 183 961 2711 1415 1448 4762 2108 3246 4704 3506 1367 581 27 3205 2415 1434 1594 3344 968 1301 1260 2672 3154 3103 2981 1699 273 43 445 2233 916 2003 727 3184 1690 2710 1489 3373 4263 1168 4075 2475 895 2645 295 4827 1668 1422 4223 3443 2398 415 3810 1992 3198 3213 1628 1799 1510 613 1094 4679 267 3379 1382 2215 2729 3691 3046 2810 2091 4970 4945 2980 3621 3870 2386 4620 4984 1999 2973 3330 2232 4807 3958 4105 1615 4623 1934 3581 2839 2788 1580 3952 4926 323 3028 3247 2534 298 1409 2809 2784 1148 2271 2559 725 4396 4257 725 4930 2023 2442 4298 787 3549 2197 698 1546 4719 2287 206 944 3954 76 1490 3836 4219 2298 3640 1315 1656 788 18 3896 2816 311 3457 2036 835 3743 3601 4253 902 4396 4080 1283 2585 1645 2044 3540 2576 4015 3757 4009 3918 4804 2048
325 1856 2946 3297 1096 3314 1515 3827 630 4250 4835 2178 1356 1756 4553 3427 4998 396 4941 3586 1301 2944 4544 1395 1320 3332 1895 2618 947 2136 2693 1157 4955 2212 4651 1008 121 1342 4602 4204 1649 1554 1588 3175 2524 710 4299 1307 4503 2102 2265 3545 4856 125 4176 4256 784 1851 2791 3306 3502 1464 2246 4681 656 4851 3474 4217 2382 2383 2560 2635 672 2545 4143 4111 680 2025 2036 4516 3583 1926 75 2659 3517 191 285 4389 4749 4129 2235 913 3786 1094 757 1008 4900 1788 3210 1759 4080 860 3709 4485 12 2647 4119 4823 2796 2243 3270 4389 1791 4971 656 2360 3784 1021 696 769 3293 2206 3579 66 4842 2832 1268 2589 3614 970 4019 3811 453 1742 3945 2336 995 4407 3536 1437 4126 3009 2516 1805 2802 3773 1727 2853 3708 4749 898 3913 2557 1925 1508 2997 4318 693 2345 2571
734 3103 418 4619 399 1372 4180 3135 3476 3743 385 1658 2068 2403 2759 2714 1808 3867 775 4110 1260 4544 1060 2663 2517 4091 53 3175 2035 3197 1268 610 3678 3250 1406 1138 1904 2780 3060 4072 2413 2586 4548 460 1666 2238 2553 3392 1956 1627 3323 4693 1923 3997 2155 2955 3880 1956 1894 931 1727 4920 1784 26 684 2407 2438 2057 803 4547 1252 1977 2008 39 2804 4646 1116 2346 1129 4406 2023 1810 3578 4494 1852 1414 4004 1120 2173 2276 3088 1360 4546 4513 240 1318 214 2224 2464 564 4668 2213 2016 1660 4274 2842 3270 2387 4135 4036 3493 150 3201 1611 3456 2079 2057 4284 2276 284 4681 4682 1515 3179 4172 4110 1416 1279 978 3276 1640 4965 868 119 4662 2372 15 4545 4138 4925 2412 2214 709 4494 3275 4495 4888 2710 1935 2658 805 1560 3864 4268 1612 3234 4159 2592 4457 927
3507 3246 1271 237 1059 3980 3014 3961 2577 4943 3914 2107 483 1708 4780 339 2436 877 4045 3282 2672 1395 2663 3014 1385 2671 3049 3465 1628 4727 4596 3928 1763 4780 4249 4554 4852 1629 35 95 3301 3089 4780 1872 4351 4446 871 3781 3457 4499 3541 3514 2286 3857 2462 3222 1971 4593 1910 2521 4915 3535 976 1483 1077 4399 1352 3349 4246 1377 1109 3575 2081 804 3147 436 1712 4084 4599 4533 4602 2225 2843 2141 2159 4100 3816 4135 1544 3800 972 2681 1307 3446 67 48 1950 573 1754 3847 2507 1014 4836 2593 1768 4073 874 4751 3634 4165 2832 4222 4757 723 2376 3936 534 2912 2487 3950 3164 2358 4978 4632 121 469 2937 4519 2765 3042 3064 3678 3069 4476 1042 3309 685 2019 3898 4387 4161 2464 2439 2544 2233 1347 1527 858 1109 3255 2577 4306 2458 849 3620 3205 3933 1974 2051 481
2188 2239 4320 4599 1515 3595 2500 3828 1399 3793 2415 2034 3261 2107 309 1265 2504 2789 2293 1485 3154 1320 2517 1385 2174 1083 3688 2161 4977 3916 3830 2378 2733 2600 2923 1263 4975 3793 1590 1914 151 236 1299 440 1594 2669 2273 1066 2610 955 2778 3260 1990 2215 474 4800 2071 388 3158 135 4577 3211 1367 4969 1426 49 1920 2727 1922 2610 4412 131 269 3484 2250 4213 1170 1915 1681 1156 795 1271 4321 2453 1025 1442 4667 1543 3871 2189 1118 3740 1369 2189 1967 1035 3877 1793 322 3825 1630 2179 1342 1848 1585 4439 2129 2533 2793 3002 2109 4583 1703 1927 3028 1680 2679 301 2887 527 305 4739 639 3165 4168 664 3172 1511 4288 2798 165 4452 2385 1513 187 2878 1222 3446 676 262 1284 1730 1666 2430 1541 1179 3330 2350 3474 3252 4300 3348 247 2115 3723 3641 3311 1632 1838 3512
4420 1088 91 2736 1444 4128 2737 4233 4818 35 2167 2663 1899 979 1763 1697 2809 4640 1715 4508 3103 3332 4091 2671 1083 1446 2204 4535 76 2694 3181 4219 1481 1926 2355 2370 657 38 954 2543 3874 2835 601 4674 3979 1589 1807 2699 2597 2496 1838 4856 3959 1516 2801 2192 427 4051 4817 1524 3204 4106 4891 2691 513 3236 2706 3992 973 1455 694 582 11 2746 3113 2387 193 2753 356 209 3369 1505 4553 4625 1036 304 4567 4106 3345 4136 3833 4592 3876 2627 356 3534 3170 227 663 2115 1242 1328 2358 4122 2958 2323 154 54 4743 303 591 4171 2854 4893 1588 4968 3013 4916 2364 3941 4260 1616 3415 3564 1361 3141 2452 380 349 3673 4799 1648 2934 669 1967 1132 2170 4617 1864 1111 2585 3659 2270 2079 3597 3946 3300 405 810 611 2668 1821 458 243 388 2130 1389 1250 197 1889
4681 3578 1740 2373 4589 3744 4925 2658 65 4396 4369 1787 3297 2033 3034 1860 2082 433 3898 1834 2981 1895 53 3049 3688 2204 3907 81 3628 837 3451 2158 1907 1732 4131 4053 1212 124 2239 1934 2565 2485 1310 3007 1998 3219 1313 4890 2692 666 4580 2831 4356 226 3303 1767 3105 4140 2544 3508 3255 3672 271 2808 3695 187 2900 3444 4459 1079 2310 2295 4462 2019 2511 1183 2137 838 4951 2859 1281 3934 2397 4170 1757 1922 3901 2940 1562 2553 2334 1118 4078 696 784 4902 3323 2465 616 1603 4796 4959 840 3689 1232 1616 1377 475 1120 1320 2450 2823 1682 4089 4386 4687 4591 4878 1785 614 4078 4957 4843 2267 2266 2713 2694 4285 1166 2820 3323 4239 2722 887 1766 3976 2927 1960 3744 3016 1176 1669 2578 557 1121 2206 3498 3733 4347 1673 308 392 3946 675 4201 4529 326 101 4568 3094
2491 238 3039 4059 3562 3950 2745 2328 586 991 838 1831 119 924 2178 2802 4851 3861 34 3193 1699 2618 3175 3465 2161 4535 81 3005 3204 4312 2760 4727 3598 3555 3754 2427 3485 4638 2618 3042 2435 537 4221 2292 1788 1373 1898 139 2893 818 1023 4885 2559 848 2232 411 3822 535 1917 351 1834 4642 4667 858 4407 3978 4350 517 88 1091 2305 3888 910 3628 2834 2367 4827 4014 2337 1646 2737 972 4250 3963 649 2964 564 843 2474 1376 4980 3125 550 1073 1354 846 2392 2751 988 4203 4373 1352 3369 1184 4076 4214 4226 4880 3139 3983 2228 662 1233 2596 1954 2586 112 3116 757 3780 488 1501 4489 26 4146 2041 2122 1738 2791 4044 1897 191 4032 3913 1528 2245 3761 1067 185 825 2449 1680 2072 380 3584 4020 1299 4600 1828 773 1690 2504 766 2451 3970 1451 615 3055 4607 4758
3113 1331 76 4985 3928 2223 4800 4470 3637 1089 4235 3309 4276 2915 519 3728 2213 995 1296 1456 273 947 2035 1628 4977 76 3628 3204 3172 164 1245 1457 2890 685 4988 2743 3438 3097 992 1898 1741 4415 2941 3205 4665 3133 4012 4651 541 3997 242 1599 1660 1822 845 4952 647 1216 3754 1189 4599 1839 1368 1673 3446 3772 3699 1147 2550 3138 3045 1492 2131 3666 3454 3928 4961 760 239 1213 717 876 4798 3653 2378 1946 3711 1729 1697 2521 1927 1914 433 2609 4815 4443 2144 3599 4124 2673 1635 4022 2397 4230 4898 2523 43 4196 871 264 3061 3284 2694 4564 1653 1827 4523 1670 4208 4309 2840 236 4550 2269 3199 646 3228 4495 4628 2465 2157 3483 1530 2985 1998 4321 4529 1633 3366 2516 2407 3903 4167 2984 2198 2991 4651 4962 3879 4117 344 4430 3979 3011 456 1560 478 1963 2718 3615
2733 147 3985 2640 1819 2738 1632 3331 278 3307 3006 2405 812 2144 4316 2622 4991 4285 1381 4397 43 2136 3197 4727 3916 2694 837 4312 164 3336 3151 3905 369 3532 3268 2930 4312 3141 663 4410 187 4039 168 4605 3844 297 4160 2084 3143 4788 4106 4688 2692 1838 1008 175 2024 712 3913 4480 4960 2483 2132 4535 3562 2745 4738 712 4258 1117 3779 2397 2780 4310 3009 2693 1657 2790 4903 1786 1204 2668 1534 3233 1209 554 94 2966 491 1108 4745 3259 1893 3129 4426 665 331 2156 2782 2365 2384 4981 1005 3703 3677 1010 4340 4667 752 3759 3515 4406 616 1140 667 4430 3123 2686 1885 4065 2580 1157 3284 952 4944 1998 1884 696 732 771 2340 3574 1967 4945 889 16 1996 1720 2490 73 711 3143 1012 1527 4651 4934 3463 4602 1381 1729 2462 2159 4400 3308 3824 3625 1321 34 145 4653
3122 4190 4444 4975 4176 2788 4421 2805 299 835 4749 4864 2224 2131 4307 452 3385 3207 1792 3727 445 2693 1268 4596 3830 3181 3451 2760 1245 3151 1080 813 3373 3830 655 1259 3896 2308 4993 525 2146 4393 2248 2872 748 4983 368 1493 341 3595 4633 4115 4757 2666 4918 3456 4438 3309 3616 1630 3181 3429 4770 4116 136 1908 2863 1922 3346 1737 4353 704 3105 4647 1637 1979 1651 352 2640 1448 3841 1957 4348 2248 1344 4197 1942 2601 2419 3441 2968 4638 2960 4481 4356 3569 1402 1803 280 2867 3453 3700 464 4523 3127 3041 527 1957 1329 1627 221 162 1816 4096 485 1071 1671 2105 1739 34 2271 714 4946 3247 1591 2414 1775 3085 685 406 715 3846 4763 33 889 4476 287 182 583 1119 732 3593 14 3216 3304 4509 361 3240 3856 2608 500 2210 2034 4907 2622 2976 259 4815 3305 1225
2060 947 4454 1974 3602 826 87 4823 3854 1951 655 2056 4694 1135 659 1604 1676 1437 3478 4359 2233 1157 610 3928 2378 4219 2158 4727 1457 3905 813 2296 3039 1290 3760 236 4435 2293 1745 2162 3252 2509 2778 2481 2338 3636 3468 2639 4820 4840 2624 2258 4639 2442 1015 2151 233 2065 748 3389 4700 4960 2373 2822 4952 1086 1158 3695 4402 3385 4996 1323 4830 2748 2895 357 4153 126 3447 982 4648 45 862 1523 1700 805 3073 2740 2026 894 4201 2338 3026 4018 671 3037 4269 4920 3856 3806 2523 4472 593 3071 1731 2045 867 4049 4440 4287 1789 2727 2827 4282 2505 3110 2385 3568 501 3036 1590 4038 352 3514 509 2999 2673 2480 1969 2140 731 3103 3188 912 3699 1493 4829 1913 3751 4732 4492 3386 2675 1870 4304 3541 3314 3471 611 4840 1629 1427 2685 2347 2607 1118 122 2645 3344 1525
3469 2103 188 1505 3545 283 3867 395 3223 4092 516 4266 681 2566 4299 1652 1292 4777 1214 2903 916 4955 3678 1763 2733 1481 1907 3598 2890 369 3373 3039 1340 355 1432 2346 3458 4305 1680 4443 4648 851 723 4938 3522 560 484 4586 4939 1064 4249 562 1749 396 3984 1668 3691 656 2795 2515 3712 4351 1066 4896 3179 2268 2392 3676 4713 2084 1457 1171 4839 3834 930 2082 1886 3618 657 2149 140 148 4981 238 1695 881 4026 3656 1084 1535 2394 3296 633 238 3482 1454 4221 615 4814 1726 4472 332 859 3982 1402 3305 4232 2813 2139 2600 1945 4256 774 2304 825 999 3613 231 4184 500 3296 4670 2093 2033 3868 1199 1912 3331 2988 2681 4678 4795 2915 4321 392 1876 1609 1580 37 4847 923 1275 3639 766 3231 289 3856 4594 2396 762 4888 4486 4512 3908 3685 4644 51 4127 3893 4461
3575 2911 4951 1236 4402 3509 923 724 96 15 3931 1572 3962 3838 79 1794 3897 1178 4793 3086 2003 2212 3250 4780 2600 1926 1732 3555 685 3532 3830 1290 355 258 1851 1992 1064 237 3969 263 2469 2107 4848 3137 744 2283 3248 172 1775 4838 4787 1975 4299 4395 1286 4685 3918 4006 1147 253 196 534 4579 2806 2375 2257 2854 2119 2082 1880 4451 471 1644 360 4882 1365 2387 1718 39 565 883 259 3931 2890 2905 405 665 4374 2132 4669 185 4199 2273 2985 2026 1509 244 2949 2654 2818 735 72 4927 801 2021 3947 4540 3124 4802 179 2035 4915 3904 531 2046 4573 4818 3905 249 2513 922 914 3684 2683 2860 1325 1077 31 1316 3993 1445 1868 825 188 2616 443 703 708 1620 2873 2571 168 2741 1867 810 3347 37 133 3079 1874 351 2207 2967 1186 2984 4854 477 1299 1425 2089
3250 2378 2204 666 1811 2196 3155 2309 1522 1670 1240 4925 2819 4346 3899 950 1203 2263 4449 3728 727 4651 1406 4249 2923 2355 4131 3754 4988 3268 655 3760 1432 1851 1028 4760 1205 1953 4595 182 16 3356 4482 4989 1552 3400 499 678 4105 3727 449 860 3957 3915 1468 2101 967 2346 2044 2891 1112 2956 3346 3565 1030 2060 2055 1119 2100 763 3448 2195 3306 2736 3945 1736 4572 3685 2007 742 92 2635 232 3268 2019 2492 1367 3078 2474 4469 2076 4839 3639 1589 1695 909 3388 240 4445 3020 2561 3425 4563 164 3107 3814 3816 2579 4509 1452 575 1291 4078 1954 903 1374 641 504 1995 3701 3815 399 2052 1571 4881 4063 2190 2900 4244 1272 3420 4957 226 3094 1462 2593 3227 2904 4386 4749 862 783 199 4009 4652 4324 347 1479 3526 1771 3505 4886 3867 3536 1726 2580 2820 2899 352 2761
1940 2840 3914 78 4004 3665 4970 4928 3844 4079 980 4036 2129 4933 1464 3448 771 1877 3389 4318 3184 1008 1138 4554 1263 2370 4053 2427 2743 2930 1259 236 2346 1992 4760 4653 4006 3369 1106 652 271 508 191 1588 3949 2034 456 2371 628 4367 59 3528 4728 3034 1726 2458 238 776 1182 618 4456 1749 1689 1531 1624 2956 3475 4732 2384 3022 1183 2414 4096 3052 1140 2214 205 2186 2100 3148 676 909 291 3527 1441 860 1169 1020 1438 4661 3138 1679 1441 2414 1188 2878 1148 4093 1975 1345 3524 4068 293 4838 1904 2540 4053 3836 2173 3016 3970 3248 4471 3256 4994 2687 2744 4577 1600 4783 4917 591 38 1334 3122 2680 3990 4078 3942 4617 1605 189 4676 3123 3135 1403 2501 129 2814 3384 3125 3907 1359 498 1223 1089 4368 3847 4346 3555 814 422 2829 257 2834 1013 1340 908 3927 4243
4120 1395 4342 1580 4489 1021 1479 159 19 3931 3795 896 4282 1932 3106 1656 1032 4222 438 3693 1690 121 1904 4852 4975 657 1212 3485 3438 4312 3896 4435 3458 1064 1205 4006 3144 3172 814 4415 1084 3425 392 1899 3334 3553 968 4925 4480 455 1292 3159 721 3222 3713 4873 831 1309 2146 2710 3407 3285 1426 1286 2072 570 4877 2542 819 4593 1010 4511 4507 4875 899 186 3259 112 1232 1655 1580 1872 2455 4204 1499 1138 3336 3783 4775 4255 479 2146 3310 1130 3783 1031 4548 4067 3054 924 2599 2049 4750 1465 2935 3756 21 3501 2737 4372 1425 4708 1084 3065 578 4127 1929 1650 576 1016 2054 2758 4567 1403 4964 932 285 1125 4469 4422 2387 2425 630 583 1065 4350 2069 2221 3438 4104 1943 3036 2505 2093 3996 2546 2470 2919 2390 2057 236 1516 4344 4347 1993 3582 3755 923 3831 2285
1223 3510 2914 3947 4730 138 4413 135 244 10 143 2171 1657 4860 912 4711 463 1258 2574 3330 2710 1342 2780 1629 3793 38 124 4638 3097 3141 2308 2293 4305 237 1953 3369 3172 4922 1565 2401 1688 1206 401 4888 1876 1885 4672 1324 3146 3189 683 3108 1718 3475 289 4760 2526 810 4949 2030 2544 643 897 4283 296 3661 971 1883 2216 343 4517 56 556 288 569 1890 4872 4603 1524 3611 3736 3201 36 3802 2304 4928 4058 3066 3510 3695 1904 2619 4094 543 1222 3957 577 1123 1032 425 1054 3548 4067 2787 3908 3615 809 3772 4096 2215 1796 2992 260 4812 1848 1569 352 2284 1458 175 497 1441 1796 2976 4294 2646 2630 3469 2337 3140 4684 1976 3477 1675 2181 3672 2324 205 2181 337 368 821 4709 358 4459 4908 2721 4474 4017 2857 1138 4222 2777 3827 4987 3976 4030 236 4105 977
179 4810 2418 343 4873 135 2410 1444 3895 3041 2171 300 4654 47 4383 3919 4867 1842 4283 221 1489 4602 3060 35 1590 954 2239 2618 992 663 4993 1745 1680 3969 4595 1106 814 1565 4579 4183 1857 3053 663 4268 2113 3908 3764 4824 2100 4517 1309 2722 3384 2358 3496 3713 1197 1566 2415 2775 2741 1271 1390 4425 270 1600 4645 475 4922 1317 99 1502 612 2176 240 1844 1423 1942 2053 1034 1693 2249 2676 1204 4410 2713 4280 2954 3621 1699 4180 555 4774 3617 3026 928 4675 895 3845 597 75 528 1616 4938 186 4496 2296 73 2313 4191 2117 1650 88 4425 1252 3675 3229 3594 1181 4026 3122 2134 1696 986 3274 374 4780 2753 3165 1368 914 2485 4155 4226 801 340 4344 4706 1958 634 1901 2797 3039 2645 3131 4318 341 2611 1497 2075 3308 3148 4555 4558 64 1225 2088 3360 878 180
243 4185 3966 2044 4313 3807 4082 3958 2798 4548 448 2391 2695 4830 933 1081 4353 315 3538 1378 3373 4204 4072 95 1914 2543 1934 3042 1898 4410 525 2162 4443 263 182 652 4415 2401 4183 482 2543 3466 3302 4672 338 876 2049 651 2877 2738 2746 4044 3823 4807 4010 4467 616 2694 718 354 2062 200 3246 4053 1901 3098 4912 2835 4458 2158 41 4353 2701 2390 3926 3275 4925 1268 4234 4102 4490 1446 4965 345 981 2106 3674 707 4791 2689 3125 1913 4642 1927 1696 4766 3005 3319 2110 3027 4164 4504 2917 375 2351 703 4942 3551 3840 1997 3019 1504 3114 500 3818 4173 4084 130 707 738 4955 2652 1241 3945 3857 758 879 98 3799 3061 3897 3850 1882 2541 3841 299 760 3507 1608 2092 3236 4858 4583 2407 1271 3053 2600 2887 2652 1804 209 4462 3862 4565 1760 34 4655 4971 3422 1928
4583 4913 2376 2572 2953 4731 2612 4799 4016 2817 1026 4346 4996 2911 64 847 1861 2852 226 2835 4263 1649 2413 3301 151 3874 2565 2435 1741 187 2146 3252 4648 2469 16 271 1084 1688 1857 2543 1975 1530 3458 4974 1224 2475 2807 1619 859 660 3014 827 3277 867 882 3195 4764 4960 1735 3583 3669 4440 4797 1545 1045 4466 764 2009 4874 3491 1156 1300 2840 970 568 1268 3471 4923 4342 1508 3138 4785 3218 3831 4377 3022 28 1092 2994 2074 3102 2206 1266 2487 2468 3715 387 2459 3468 3518 3038 4700 4259 4884 2976 1125 1469 3783 2905 772 192 354 2720 3315 2838 4497 1019 859 2484 1006 2647 3025 2869 3456 1529 824 3912 2091 194 4162 4958 4364 4919 282 3089 3671 4625 4096 3093 2075 2667 2046 4359 2904 3801 618 3322 2758 1461 405 3647 4106 3513 343 1982 947 3750 4139 2796 3485
1105 3377 1610 4227 3621 2900 2838 3893 177 733 1645 2100 4274 2607 3939 850 4650 78 4175 4951 1168 1554 2586 3089 236 2835 2485 537 4415 4039 4393 2509 851 2107 3356 508 3425 1206 3053 3466 1530 902 242 4335 4046 4537 1004 3580 1436 4951 1785 3936 2793 4836 2907 4734 1666 67 1141 4680 35 2550 4561 1445 1367 4206 4246 3605 709 760 1283 2404 3708 390 2344 1164 3695 154 2300 3262 970 1681 1854 4709 4250 1928 221 983 3328 1589 3290 1112 2460 1369 2316 2465 4754 545 4729 1934 3003 1625 2044 3536 141 4544 943 1846 2895 4321 2055 1147 1659 507 3641 772 4508 117 4912 4334 4254 3935 107 3277 824 4933 2091 3666 3312 728 2785 1432 2479 1476 3901 227 3299 2812 3516 860 2219 1829 864 2218 3029 4394 1598 2258 1409 2899 4117 985 369 1649 3099 4233 4515 2114 4561 2806
4339 1902 4370 4696 3728 1731 4080 2463 1175 3745 1993 2242 557 954 643 1421 3856 1357 1595 517 4075 1588 4548 4780 1299 601 1310 4221 2941 168 2248 2778 723 4848 4482 191 392 401 663 3302 3458 242 4751 2841 1693 3753 3986 1713 4794 1611 3526 184 4449 357 212 3730 2722 2016 4895 4536 1599 3208 46 120 4808 1382 1030 2295 2638 4122 4779 1547 3312 3484 877 3627 508 2230 4273 1058 3731 259 3547 1231 2474 1576 1712 3906 337 16 4082 3336 2993 1054 785 3774 986 4844 4237 2897 2565 1805 1620 1505 88 1466 1333 2597 1813 222 1419 655 4857 4585 1830 943 3611 2076 2516 3116 1482 2098 1618 3851 1932 2702 904 2363 1539 1304 4222 4796 1631 430 4243 1860 3383 4679 667 3053 4931 4610 2225 1173 1192 1117 2074 2836 3220 2004 2471 3734 1324 182 4608 4756 1273 2370 1863 98
4637 3360 4321 388 3768 3835 4377 4907 47 1709 4809 2818 2396 2530 3705 4321 3493 3687 1943 2958 2475 3175 460 1872 440 4674 3007 2292 3205 4605 2872 2481 4938 3137 4989 1588 1899 4888 4268 4672 4974 4335 2841 842 4432 4628 3152 1725 2680 3588 2908 3592 1160 1020 4410 119 3473 2730 564 3039 2849 4056 2179 517 156 1443 3890 3040 4806 1484 3474 3924 781 4418 2124 4303 4871 1061 2912 4487 721 711 1243 4939 1318 908 930 223 1110 4128 96 2165 4819 3335 1784 3097 3146 1928 1110 2793 771 13 2341 4589 473 736 3205 621 1544 1735 3935 620 1623 2740 367 4400 1711 2828 2904 3754 1640 4884 1002 1200 1818 3434 3622 1545 981 1537 3163 1501 2815 2610 807 3788 4077 3823 1549 1159 3450 2747 752 4440 1712 3705 3664 4400 1689 1795 352 3094 4291 1594 3068 4441 4958 3895 3889 1790
4156 4702 4881 3775 3587 991 4183 3785 2813 3389 2726 449 3258 2106 1628 2368 1169 3136 1670 2962 895 2524 1666 4351 1594 3979 1998 1788 4665 3844 748 2338 3522 744 1552 3949 3334 1876 2113 338 1224 4046 1693 4432 623 3027 3522 265 374 755 11 1850 1365 2363 697 1418 758 2446 2544 2658 3594 2382 4413 4535 3624 3021 628 2321 3978 1365 176 4716 2278 1999 1129 4190 1664 3419 3219 3837 1930 3807 433 3602 4841 1252 3299 1165 1627 3861 3485 3337 2740 4020 1625 4074 474 4106 2619 2056 1626 2059 2305 874 2302 891 4721 4491 4077 106 3697 2719 3604 4376 1064 836 2031 943 4919 1411 3894 811 3506 118 2929 1364 2753 1055 3090 740 419 416 1768 1411 2240 659 1427 508 959 3704 1633 3359 4796 3322 2647 816 3072 1224 3544 4226 287 3175 3632 2126 4196 427 614 1577 3606 2662
1249 3443 3883 1752 871 3227 1595 888 4434 590 4990 113 4472 1941 717 4976 1257 2586 3039 3929 2645 710 2238 4446 2669 1589 3219 1373 3133 297 4983 3636 560 2283 3400 2034 3553 1885 3908 876 2475 4537 3753 4628 3027 1752 2800 1412 3332 3266 3731 3856 3438 4276 2358 1394 2539 63 4390 1388 4453 1228 3332 4434 950 2642 744 2757 4854 1407 980 3103 292 115 2680 4134 3137 1833 4962 4037 4912 2540 3755 3466 4262 3635 3678 385 3317 1540 862 2444 2745 1764 275 1357 1287 1304 1482 3405 558 565 4517 2090 3967 2021 4604 3031 1421 3234 3343 656 2360 3052 2551 3432 3091 3139 4976 4284 4760 1261 806 3604 3723 281 3938 1591 207 1034 1104 2378 2240 1595 70 4018 4498 2194 4557 1850 4220 1152 686 3971 2728 2080 3736 1259 2280 3466 4741 1856 1991 2600 692 3013 2689 2834 654 4162
32 4816 2008 2220 2473 2005 3785 1760 3451 1908 33 482 314 3096 4549 43 3514 3994 1410 3897 295 4299 2553 871 2273 1807 1313 1898 4012 4160 368 3468 484 3248 499 456 968 4672 3764 2049 2807 1004 3986 3152 3522 2800 734 1844 1158 223 3088 3989 349 4446 3599 4795 3434 4871 1903 2011 492 3580 3657 4763 3033 2690 2054 773 3488 1392 4585 4167 685 4301 888 1908 876 253 3749 4968 1348 2777 3863 4468 2191 829 3623 4159 4663 4481 3269 2501 2296 4533 1716 4775 3432 4154 1476 371 2113 4300 2628 3222 3786 3144 4564 1643 3878 1513 1951 3385 3189 4374 101 587 2681 172 898 597 494 3094 3434 55 3382 777 3337 3145 2288 2257 761 1768 2833 293 3527 3865 3876 2379 4184 2388 431 2606 1693 4468 4450 1151 3015 3475 3969 1410 1083 688 3610 1533 331 3175 3375 1009 849 2141
3730 2098 3233 3026 3390 3215 4949 777 1166 1490 2336 1247 3666 1451 42 2808 807 1561 1247 4004 4827 1307 3392 3781 1066 2699 4890 139 4651 2084 1493 2639 4586 172 678 2371 4925 1324 4824 651 1619 3580 1713 1725 265 1412 1844 694 1711 2784 3856 204 2113 3467 261 269 3327 1495 4238 4944 1029 3860 4771 4228 1627 3702 2736 517 258 2189 4634 4476 1808 4211 1722 2000 4838 485 2943 4115 3524 3704 2926 839 1689 1439 4087 40 1636 225 2325 3579 4409 2601 2184 2819 4835 2494 2414 4469 214 2944 3220 1128 845 4427 2076 4181 2533 3766 4272 4301 2712 3058 1002 3555 4901 2816 4600 3708 4452 2017 795 4617 4633 4474 2835 2640 3547 607 2143 2138 3908 873 4946 4111 3588 468 2700 4007 680 3655 1473 3380 4228 4123 4941 3815 1417 3073 1378 2687 1334 3818 4024 1983 1214 3007 3962 3575
143 3123 4305 2206 1733 1053 361 2886 4783 56 3597 3769 821 3419 1767 3671 1075 4767 453 3378 1668 4503 1956 3457 2610 2597 2692 2893 541 3143 341 4820 4939 1775 4105 628 4480 3146 2100 2877 859 1436 4794 2680 374 3332 1158 1711 2372 2257 2303 4602 3129 3519 3194 446 3465 1967 705 534 2104 52 577 1000 2637 560 4762 783 3423 2885 1012 2761 3617 574 4942 1177 2277 570 2595 3360 1013 581 3491 3637 222 2574 1783 805 1444 3007 3472 1699 1869 699 3324 1067 3437 4727 2765 1657 3698 3039 270 3244 4526 4283 2937 1196 3842 453 814 1645 457 229 998 4506 3726 3234 2479 2552 1693 4900 2390 745 4861 1250 3290 4241 2656 2490 556 4376 1686 1692 4360 4367 2926 4796 197 2765 2147 4880 3638 3993 2611 494 545 3449 2062 2084 1296 3614 4709 53 4274 680 120 2817 552 1871
3014 4758 1382 4649 823 378 3870 702 2051 1173 3611 2762 623 96 903 2960 1568 2548 4865 980 1422 2102 1627 4499 955 2496 666 818 3997 4788 3595 4840 1064 4838 3727 4367 455 3189 4517 2738 660 4951 1611 3588 755 3266 223 2784 2257 4280 2688 1568 3095 918 3658 1252 3584 2986 327 3513 2298 1651 2489 4918 3883 997 2788 3845 2744 2369 2915 4834 1665 3247 1260 1166 287 3974 101 2610 13 887 3408 1865 2604 4179 4299 295 4361 2463 4996 1904 2521 3499 3042 167 4631 2702 1239 4587 4714 2229 4482 3501 3552 3800 1633 3919 198 620 4330 3996 1934 1781 1547 2909 1038 2736 4671 2345 1335 4033 2539 122 4761 3686 2832 4450 4085 478 2649 4916 3085 4580 128 3534 2188 4725 4776 1298 3867 2066 3719 1759 1622 2011 1126 414 439 3961 1095 3909 4505 3775 4305 228 3697 1762 4893 678
328 3509 173 763 3550 1814 3842 3377 3271 4154 28 4700 4634 3267 4648 3219 522 3867 206 3254 4223 2265 3323 3541 2778 1838 4580 1023 242 4106 4633 2624 4249 4787 449 59 1292 683 1309 2746 3014 1785 3526 2908 11 3731 3088 3856 2303 2688 4496 301 952 165 245 1799 1358 1078 559 2026 1191 4754 4166 3058 3097 4228 2893 2348 708 2677 2810 1819 1337 3466 4777 4233 923 2487 1933 4652 3905 1297 1582 4506 3883 1776 2566 3623 443 3078 621 2374 3141 2395 1795 2446 4341 1782 326 4061 4675 1560 1392 2464 4771 3507 197 4686 28 17 4533 1308 1710 4197 4484 4360 3952 1897 1614 2151 2004 3954 1935 3858 3553 1612 636 3966 2768 4162 3645 3037 3326 2753 720 2219 1590 2821 387 4309 3509 2782 2381 566 4650 3788 3368 4077 618 4511 4725 1657 2005 2010 1532 2958 422 2393 3029 4123
