N: 160
M: 20
Symmetric: true
Triangle: false
6 82 126 129 87 44 35
7 97 130 85 153 49 99 50
6 134 63 16 112 7 140
8 137 55 122 30 147 123 28 118
8 17 109 24 67 77 104 12 84
7 52 119 142 38 100 15 71
3 51 3 41
8 145 54 107 138 18 125 10 19
10 139 121 102 136 108 34 42 113 11 148
9 36 45 56 131 58 66 57 98 53
8 88 39 120 90 27 64 114 61
8 72 70 79 65 78 92 83 9
12 21 59 2 149 20 89 31 91 156 75 68 133
9 141 37 143 62 94 101 48 22 25
7 93 105 73 95 76 74 43
16 8 103 110 40 160 132 116 32 14 151 117 26 4 33 60 23
7 157 124 146 155 5 96 115
10 1 150 158 80 69 29 159 154 6 152
6 128 144 111 81 135 47
5 86 46 106 127 13
3499 3116 204 1998 1902 1266 3884 1015 514 2040 3122 2001 2051 797 4129 2729 1142 3431 4587 2945 1068 1474 3390 2985 1161 1476 4887 4312 1014 4162 3044 403 2236 4834 1110 4984 4101 4986 300 4157 303 3754 2971 2674 3068 2648 4980 3943 2061 1325 2725 3406 1853 2957 4187 64 1555 2145 3842 1012 83 292 1064 4775 1156 3014 1482 3792 1059 3146 1068 2095 4905 1169 1006 2472 2216 2730 462 3330 1750 3596 3446 198 1657 4656 1660 380 1497 3814 1316 4384 1253 3464 500 2408 3124 3018 3339 1958 848 1264 4940 126 1622 4368 3251 3143 2526 3408 2508 3853 3055 3903 1095 3520 2366 1561 2913 3753 666 3709 4079 1099 501 1878 799 3908 2275 2927 4301 1699 4988 3633 2480 3639 2198 3030 4207 4621 2954 3345 4531 1547 2181 3306 1044 449 4802 3058 1704 1271 552 340 983 365 3935 1594 1970 2278
3116 482 2446 3284 585 957 2982 1502 2396 3924 4621 850 2094 4775 834 4165 3183 2863 1674 3966 1900 164 3528 2767 4713 3068 3834 3129 1703 2919 1257 4395 2750 1451 4666 3398 3684 1478 3550 3153 1759 313 1067 1765 4465 1151 4431 4709 4961 1938 3331 2227 3146 4892 3105 4703 713 3582 897 3855 4264 283 3879 1237 1967 2701 1266 1685 4091 3603 1880 4253 3718 182 2204 4760 4557 1340 36 4154 4602 1549 2636 1617 2186 1992 4921 73 2373 3205 3948 4795 2724 721 4846 3923 4202 3301 3066 4840 4687 2426 2169 3442 3717 286 911 797 3427 4551 2582 915 2043 193 1417 2861 1436 3594 1973 2500 2920 45 4171 1594 1458 2813 4682 1070 2799 3672 2679 318 2585 1907 2791 4327 375 659 186 4775 1790 1081 4531 2833 3856 715 1371 3250 2099 2945 2660 4321 759 4461 3013 3502 868 865 3989 4988
204 2446 763 4861 2074 463 1497 597 2730 133 1089 1812 3276 2526 847 795 3578 2825 1402 2047 2169 2933 682 4591 3322 1335 2001 3436 3695 178 413 355 472 507 2775 4443 544 3372 2258 4706 962 1194 2898 2404 4856 275 2474 4254 84 4786 3170 4994 2324 349 672 2114 4285 1673 4896 82 2344 4232 320 50 1876 2378 2714 1804 2001 231 786 3713 3835 138 1090 1229 1935 3283 418 1006 2784 3431 2382 942 1450 893 4338 4431 4304 3189 1924 3270 2107 2001 3019 4839 2972 4866 4037 269 4940 2389 2158 2087 666 4009 329 1453 2010 2777 2208 512 1947 447 2025 1676 4500 212 2292 1636 2022 1828 3043 3072 2749 1776 598 2524 3015 2354 4497 2529 4567 4131 4526 2257 4065 2000 1921 1250 779 1718 95 3345 430 1007 2094 1852 2789 1369 4789 1978 1295 2009 3076 4350 3435 1392 4711 4444
1998 3284 4861 1834 2130 3365 2579 3305 614 1485 2816 489 2217 1917 3276 2818 1175 2674 530 1859 2141 3162 2793 3437 1146 1926 3017 4902 1326 4875 2277 244 3047 3485 2793 1086 4747 1607 1412 1102 2172 3708 542 1052 3632 4790 3984 312 3211 1273 1791 2417 1383 3962 190 4677 920 261 1640 4677 2796 4336 4080 2890 1355 3132 1933 2071 2901 4380 2191 3936 3132 3899 3131 1338 3473 4106 3596 596 3180 1566 3314 2429 2551 2030 1712 2389 1822 3796 628 2171 4307 2120 3418 2683 4861 972 3994 3167 3453 2749 418 841 3556 2075 2782 96 3621 818 53 2508 3025 3398 3330 3398 920 3704 2521 3309 342 3639 2069 4898 4491 2112 1139 2553 2269 3125 3288 390 3780 3092 3990 4426 115 2771 576 2168 4884 1778 4674 3819 42 4191 425 4605 3405 1702 3986 265 1104 1931 51 1870 2859 1043 3339 3260
1902 585 2074 2130 641 1792 614 4645 4467 485 1627 2186 4587 1911 3691 2713 1710 3412 4520 4329 4646 3559 3057 1930 4308 3968 3511 3217 919 1758 884 1478 4430 2743 129 1733 2346 2274 4521 2695 920 3104 4254 4875 786 4144 895 1158 3273 1141 273 781 661 1204 1134 2465 4813 1523 1909 1701 2788 2862 2199 3121 4845 2110 2632 4734 4656 3151 3309 827 1152 3115 444 826 2458 2591 4936 1236 389 4327 1490 373 3325 1654 145 2145 2378 3986 414 1744 1021 25 3307 1297 860 3444 2846 4404 4044 3704 273 4188 3507 263 1319 744 3691 166 494 3803 1564 774 2896 1130 4229 4830 4075 2783 2349 4238 4280 401 565 3240 1512 4869 2268 1512 2376 2777 2361 4906 4165 1769 4792 4839 4775 1695 2621 2482 2110 3521 2594 2103 4011 2735 480 136 2242 4639 785 3043 3130 4251 4575 867 2107 4881
1266 957 463 3365 1792 356 864 1616 1707 1281 4696 4599 4165 1922 560 4807 1461 4231 936 3980 2266 2120 607 4863 3570 4421 810 3140 911 4044 3377 3365 4153 417 3848 1073 2147 1209 4475 2913 905 4323 802 4282 795 117 3052 2758 4688 1377 685 2549 667 4296 1301 3982 157 4494 3355 3040 1074 3666 425 1981 1827 1359 1111 2962 2322 3562 714 1572 3249 3584 4976 4755 189 1984 4402 1411 3757 2903 4016 2737 4792 4670 2677 2190 2093 1430 257 3989 3835 2868 2218 1894 857 2352 628 2871 1202 4462 1978 2172 1900 3561 1215 3601 432 3881 2021 356 993 451 3091 3818 885 434 3199 1378 1708 1144 3472 4232 2260 3803 4048 4510 3200 3744 758 4891 3509 3639 4779 1590 1951 1799 3394 1726 2426 4041 3084 3220 199 4979 4921 152 4654 3778 4213 3433 2286 3931 28 2773 3204 2803 193 3621
3884 2982 1497 2579 614 864 2495 2167 3208 3236 2013 419 4305 1189 4341 2455 956 4476 2916 3572 1561 1123 1898 1286 60 790 4363 1258 2167 1595 4076 2204 1991 3289 2889 2549 4981 1775 1071 1527 4206 4336 595 3044 56 2479 1460 4927 1300 3377 4712 962 423 26 1455 1222 4091 3462 3816 3176 1787 2709 4777 3679 2194 3830 4464 1877 539 3998 1317 1763 1018 1345 3381 3355 3612 4403 1856 4772 2291 1446 4245 3108 1763 3244 1285 4188 4848 2781 3188 4620 2112 2121 453 2156 4811 1921 2921 4983 3351 305 1301 4630 405 278 189 2259 4438 3401 1308 3885 4478 1970 1626 2621 2381 1489 3233 584 1359 3557 3013 1521 2016 4526 239 406 4931 1830 2631 1821 4839 195 3053 442 3555 1341 3453 4754 1640 3485 2173 2237 4761 3446 1730 1457 2245 1077 108 4847 800 128 1011 4649 2460 1587 195 4635
1015 1502 597 3305 4645 1616 2167 882 4483 70 4272 3104 3528 2216 90 4320 3493 2615 803 2128 4387 1650 1211 1158 719 1189 481 4530 829 1462 4337 3904 898 1594 570 1123 3685 4815 1121 1467 4812 165 3462 2311 3520 2781 4176 2037 282 3344 4308 2066 2815 1112 3960 554 125 1756 247 3467 3337 4687 4796 880 688 425 3131 2270 2936 22 3777 4637 4706 4925 4369 1833 1629 653 2766 777 2181 3312 3493 4959 1293 3287 666 1050 3803 1489 4852 4057 4576 2519 1290 2028 4088 1679 595 685 479 1951 4676 3243 2783 144 2223 1015 2717 4155 3143 2494 1977 1477 952 3063 3848 4412 2630 1757 2063 2731 2314 3071 99 2076 640 2600 4524 3253 2762 4118 433 3267 4599 4040 510 3789 1387 988 4756 4075 4701 4582 4357 224 512 3012 1439 3840 4304 250 2099 631 1091 1609 1544 883 1300 337
514 2396 2730 614 4467 1707 3208 4483 2963 2290 2608 3109 3726 2590 1164 4293 1545 2103 4010 26 712 3376 1785 1411 2846 351 3922 913 194 2332 4427 1354 2676 4466 754 1388 1279 1908 4395 4126 2836 539 1705 3316 1487 4338 551 4788 942 2857 4811 3696 3732 4924 528 1428 2969 2672 4758 3877 2665 433 3336 3770 4400 4997 2569 4870 862 1287 2195 2810 4734 147 451 849 322 2342 899 152 4817 1815 3299 2793 216 2321 806 2539 4867 3148 1977 59 1451 2612 3087 1164 2464 1578 736 2253 1709 899 2480 4169 4835 1565 4429 317 4462 4650 1593 350 4433 2078 2556 2753 4576 1721 1713 1559 4211 2204 1565 4153 104 3956 4020 1479 494 325 74 1472 1984 2420 4773 1624 2003 747 3266 4686 4385 1152 4138 4125 30 3509 4525 2197 1580 1083 660 2524 2294 2597 763 3778 486 4340 817 2559
2040 3924 133 1485 485 1281 3236 70 2290 755 1002 190 1557 569 4799 4475 2095 4410 4707 3884 4219 4485 2343 4244 1657 1659 4581 4330 4954 4231 4548 3404 1204 1999 17 2702 1206 867 3374 3453 1965 3245 3392 1356 1002 4082 219 1571 757 1998 1984 4951 4937 1120 4703 4379 2647 2390 2768 919 2376 435 1030 1363 983 1841 3105 507 106 3778 632 594 174 278 4467 2530 3536 111 4807 2841 188 1582 114 3015 1170 1339 2500 3459 1716 1351 4148 2799 4827 1114 2986 2151 2532 243 4087 650 1925 4004 4062 3667 3780 4498 4521 2434 2962 4551 2045 587 3896 2742 1861 1219 2368 2421 312 915 1267 3668 2935 1380 3678 3783 1720 3636 3915 4834 4124 263 4532 439 1007 4515 3116 4941 1270 924 1693 382 4039 3004 4042 4439 913 4912 2682 4233 3248 2710 3982 1781 4777 3191 4451 376 3604 2691
3122 4621 1089 2816 1627 4696 2013 4272 2608 1002 1914 3188 2237 4650 3768 717 4455 2080 479 298 3924 4645 603 571 3615 4623 4241 3196 3987 2656 3029 2525 632 4490 2944 4561 623 4242 1957 4094 1065 467 2916 3959 830 3700 3909 1333 4372 3250 4606 4842 2634 2481 4909 4551 3703 888 92 2568 3059 1785 4496 2251 1341 225 1027 2740 3126 17 3663 4818 3632 4851 4067 2451 4536 4543 4447 3048 2623 3402 70 3124 1936 4136 1910 2194 1029 2372 2869 2115 3547 1425 2734 4140 4645 700 4857 1556 4436 3412 350 3089 341 3907 3783 4930 4849 2755 3998 1250 3540 587 1988 3872 3152 1815 4998 147 1209 1497 500 235 3641 2806 2031 856 992 1187 4396 4908 4490 2277 3281 4787 3444 4145 3323 1932 1510 2524 1718 997 3908 1355 4754 1025 2370 1392 3837 511 1087 2177 3461 409 3861 1505 2716 4784
2001 850 1812 489 2186 4599 419 3104 3109 190 3188 552 1052 3818 4980 153 3304 2129 4666 1190 990 3353 375 1409 1929 3325 2362 1473 3512 3971 4825 2406 2966 2591 2869 3739 3615 4742 1710 1266 2438 2395 4692 2695 3554 1067 4351 260 3805 482 1899 4880 4171 4050 2595 4029 3626 1620 2531 3817 1030 2384 3191 1581 713 2556 4587 1709 2181 954 2396 2911 4057 2481 2585 1372 4157 4994 4832 3934 2427 3155 2647 1111 1188 3559 1750 591 4278 4072 1412 3727 3535 3974 4234 3287 752 4772 1485 734 4091 1542 4797 3669 3748 2479 3882 1914 2015 2000 4164 3238 264 3982 4616 2202 2262 1774 2576 4980 3052 2894 4430 908 37 3073 89 1630 196 3037 2289 3893 2841 3565 793 1928 1671 2585 1237 3866 4257 3835 3206 3959 4258 4347 3330 4590 4857 111 3947 2383 973 2488 1937 3039 1110 944 1991 186
2051 2094 3276 2217 4587 4165 4305 3528 3726 1557 2237 1052 3157 2643 2799 3838 3027 4786 2825 3483 3892 2336 498 2819 3516 3087 4385 3645 709 3290 2015 1391 4453 1350 3977 2304 4792 1826 4211 2365 4883 1781 3472 2295 589 2831 3956 4707 3954 4408 2053 3890 3591 578 2836 1403 1947 767 4735 3811 1361 2359 4157 2887 4702 3083 1955 517 2286 2995 3567 670 2879 1712 4110 3305 1634 4905 744 587 3828 3367 3528 3719 367 1827 894 4873 2262 2785 370 4850 203 1608 1803 3959 2716 3631 731 3594 998 1824 3950 2001 179 3334 3827 1606 110 4030 1526 2487 3468 1324 3620 2546 1392 381 61 4470 1290 4706 3953 495 4731 1602 1801 2466 69 4109 4189 522 3684 3112 2756 3165 1006 660 3799 2670 3982 3563 543 3257 2577 288 1536 2492 3408 895 1978 3499 4867 1446 451 1328 3018 2293 795 677
797 4775 2526 1917 1911 1922 1189 2216 2590 569 4650 3818 2643 3158 964 249 3075 2581 3341 2224 3927 3974 1403 3216 4670 3033 2285 2388 3661 1783 3519 3060 4820 2004 1738 2389 2507 3353 2297 220 2130 4583 1757 3981 1727 1896 1398 4210 3468 4985 3899 1889 861 3085 778 1141 4952 3409 1922 1142 4283 642 311 4027 4173 3563 717 3995 4819 1787 1204 724 1565 846 737 869 2211 3320 2951 2802 3820 1270 1795 1421 3231 3054 3423 4064 447 2947 344 1264 3030 3780 1488 4327 866 3427 1930 1882 2888 2981 4393 4544 1715 677 367 4968 3897 2471 879 410 1102 2967 3371 1551 4538 4738 3613 1486 460 4922 2605 2286 3471 1594 46 4146 1898 1157 1480 259 4475 2678 4942 3954 1644 1214 4795 3912 1391 3596 39 3617 3948 3048 2624 1344 483 1868 3526 4224 4460 357 3392 4430 1291 733 1364 3900
4129 834 847 3276 3691 560 4341 90 1164 4799 3768 4980 2799 964 3680 3063 2635 4191 4373 3752 158 505 4381 4754 684 4534 4724 4731 4646 3288 2025 1187 4622 4764 2750 2541 4170 4985 1653 4674 784 983 3173 1678 2983 3729 2571 1101 4519 2427 3004 2248 3703 3200 4539 2872 100 4597 1657 3774 2871 223 566 3267 3721 3277 2459 307 3055 2834 1563 3732 4890 3558 1669 2902 3126 4558 3744 2251 1363 3589 2735 3480 2864 1006 4793 188 4566 1020 2601 2671 1460 3236 4788 2171 4468 1672 2024 733 900 1737 2314 2054 559 3131 3976 175 3227 3317 4845 4574 4745 768 3424 2446 4443 4574 138 248 4824 1317 4545 693 4625 1245 4670 921 3243 998 3852 1906 2525 3316 3620 4323 860 2153 1061 18 378 3122 702 4764 4248 1890 1040 1919 807 1715 2810 2664 2163 4933 1513 4881 3802 2682 1015 539
2729 4165 795 2818 2713 4807 2455 4320 4293 4475 717 153 3838 249 3063 1313 2188 42 1284 4419 3487 1146 4229 2552 2421 4578 3063 1681 4860 4696 3902 2710 4621 1054 809 383 1357 2247 3034 1761 4730 2852 2986 4919 2779 103 1301 4133 2198 4707 1859 1186 935 77 536 3486 3235 3050 3358 921 3994 390 2723 1357 2679 1071 905 1500 4203 2824 555 4320 3206 4512 4364 3320 544 575 2843 3211 4076 3795 1855 2116 1681 64 4422 4507 622 4304 83 818 4731 403 2259 78 336 3592 1752 3908 1636 4804 1363 4300 3069 3129 794 3767 3419 1390 1465 1082 333 4224 4671 4919 265 4937 2250 3316 2678 4913 731 4133 3156 4434 3768 4623 4355 1466 2344 419 1221 3998 1902 3706 3657 3127 3995 3422 1535 1330 2332 2528 552 788 4698 3848 647 4471 4292 3385 2640 4255 2318 1032 4761 3432 2505 3501
1142 3183 3578 1175 1710 1461 956 3493 1545 2095 4455 3304 3027 3075 2635 2188 2261 276 3561 3484 187 1880 2980 4719 1459 1151 3031 3097 1973 388 3692 2116 784 1194 4272 3313 1840 940 4473 348 226 2071 2870 607 388 692 728 1411 1303 2216 1126 4112 2356 3764 4086 4390 4024 1066 4132 2852 3031 1959 4677 2695 654 2902 1898 671 1039 386 986 4239 3076 3055 2405 1796 2957 4378 2432 2691 119 1883 2034 4331 1451 3782 2240 664 4482 1597 812 2874 4216 3167 3197 427 4808 2151 3386 1746 3091 3475 2731 3023 1872 3685 1460 29 2767 3595 2008 837 1600 4800 4228 398 598 4607 1661 394 3235 2643 4820 4852 4346 1387 1682 1298 4143 4300 3171 1819 2327 844 1872 1830 3929 3804 1681 2130 1316 2508 2358 3622 4288 800 3966 3175 3670 805 242 68 2960 3690 3409 1132 3195 1390 1531 734
3431 2863 2825 2674 3412 4231 4476 2615 2103 4410 2080 2129 4786 2581 4191 42 276 1626 274 4948 720 368 1665 1772 3465 3124 902 1279 4831 3793 4584 647 1467 835 985 3501 3555 360 2046 1882 1188 2202 3487 3415 816 1054 976 4616 3283 1619 4420 2928 3808 578 3712 886 3452 3585 2706 2379 4479 4549 2872 1872 3742 2565 2041 281 1852 2235 2058 1733 2075 3275 717 990 4191 4884 3855 716 1029 1282 435 2398 4850 1525 1611 2912 3952 2126 4064 301 3121 1859 3076 4852 2678 2025 1618 671 2754 1041 1544 361 2033 462 4100 373 154 4459 2974 596 4731 4790 614 1493 452 247 1416 3614 1292 4083 502 2043 3985 485 1501 2790 2742 3370 1776 3357 4809 4561 2479 3446 2835 189 4656 4418 3520 4841 2762 3540 4426 3572 590 4366 1493 4976 4547 1098 1450 3888 2581 4582 2112 598 1317 2767
4587 1674 1402 530 4520 936 2916 803 4010 4707 479 4666 2825 3341 4373 1284 3561 274 3694 3530 4468 4800 1520 1824 2007 1100 64 4421 669 1423 3981 2634 958 2021 3469 3135 4055 115 783 1829 1724 874 1066 2557 3983 1758 3771 3859 405 122 4461 534 1328 3938 4294 1028 4516 1112 2299 3821 58 2312 3308 824 4816 3917 1369 3654 1755 2761 3706 601 1789 30 4286 4693 3691 1575 2881 1932 724 4029 110 4247 4030 997 3035 2027 3905 80 705 4134 2273 314 2126 3946 36 465 1701 264 3920 1000 3161 1235 1989 3888 3035 1440 1029 2553 4579 4823 4427 3214 2504 4724 1620 1428 3455 3892 114 1644 2960 1974 653 3278 4159 3423 1337 2944 2995 1141 1430 3550 3348 2555 1137 2263 934 578 343 4967 3803 4673 3942 2849 3444 260 2049 379 4784 3754 3369 3809 1727 2559 3296 4217 4663 3127
2945 3966 2047 1859 4329 3980 3572 2128 26 3884 298 1190 3483 2224 3752 4419 3484 4948 3530 4805 4920 2457 310 557 2459 672 3375 2883 4206 2773 824 4690 1869 1534 520 3301 2079 1776 4420 1073 2689 2625 4743 1359 703 2388 1266 1922 2617 2949 2945 3566 1267 4799 1452 715 4179 4812 3838 3539 2452 2881 2836 3432 880 4595 920 4643 3941 2454 721 2462 3256 3512 3544 3682 4526 4583 2958 4319 2988 4705 3484 4128 1724 2264 1773 4229 4700 4779 3453 2790 4347 452 3156 634 3565 3414 3537 3837 421 4591 1520 2286 1555 2531 2875 3695 4976 1794 1087 1866 4174 4486 3480 1071 1615 4813 3110 3523 4635 1606 4188 181 4930 2757 1220 2587 4228 252 769 2023 804 4735 3840 798 753 4798 4210 259 4862 523 3313 2737 4550 4866 3828 4671 1763 4490 4747 3960 2538 843 141 4243 1072 4022 294 3598
1068 1900 2169 2141 4646 2266 1561 4387 712 4219 3924 990 3892 3927 158 3487 187 720 4468 4920 729 2874 1898 3461 1118 1558 1570 4775 1060 1113 1297 3768 409 707 1755 2942 2529 2880 471 2849 2045 3668 1788 4239 2474 4790 2650 4382 4539 2502 3588 1755 4711 3913 4478 956 4246 1715 4251 1556 890 3869 2577 3144 3300 1098 3349 2188 4323 1600 3102 466 4770 251 4697 4544 2210 883 3190 3558 2120 3209 4583 85 2608 2652 2088 1220 679 2061 3504 1904 1314 2515 1324 590 1288 1740 4516 3557 3171 2315 828 3248 1447 2424 1716 125 2560 2589 4309 2277 4596 119 1319 32 1494 2699 3714 1499 2109 4158 3822 252 698 4781 2274 734 3396 3638 4778 4154 464 2156 1021 3094 634 3371 3392 4794 360 3549 1413 2761 579 1424 2493 3048 3995 217 2862 4374 4815 3318 4634 1992 2692 1454 4240 753
1474 164 2933 3162 3559 2120 1123 1650 3376 4485 4645 3353 2336 3974 505 1146 1880 368 4800 2457 2874 3460 2990 4273 1623 1888 1167 2249 301 2050 2770 2631 248 353 4900 4642 1606 4697 4901 1745 3223 500 4120 1494 2489 532 3156 4603 4585 563 2462 676 4367 1488 1009 3316 3827 1186 1346 3714 1889 4217 4026 2447 4541 3737 258 3295 144 740 3644 2363 4810 2636 192 1284 4021 3840 610 3922 2571 4951 728 1505 560 2916 2722 4672 2526 2844 4645 4875 1461 337 3017 1211 3994 2688 2289 2186 949 2141 889 3231 1570 1473 1975 2591 911 4365 4174 2166 458 4588 3286 4039 1639 12 3418 4707 2885 1942 1829 3545 890 2459 4071 4878 4756 2808 916 734 2570 2113 3620 1910 1666 4636 2054 3991 2382 634 2082 2327 2245 1862 4668 4751 3696 1087 2472 765 3030 2553 202 2638 3190 210 4294 355
3390 3528 682 2793 3057 607 1898 1211 1785 2343 603 375 498 1403 4381 4229 2980 1665 1520 310 1898 2990 1612 376 3890 2167 2331 2327 2216 4301 1400 4559 3176 4150 496 2338 3809 77 4519 2962 2344 3041 3539 4870 3848 2322 4590 1074 2163 3724 1538 924 2127 3044 1406 515 3646 1234 2941 2608 3500 1340 4741 2274 106 4227 1132 2488 2989 1071 195 714 1314 3832 4681 3785 1290 2350 4730 420 1015 4653 534 3364 496 2501 3977 3180 273 2784 3645 3826 3318 2963 795 4305 997 2843 3358 4730 1940 163 915 4933 829 4290 3427 3149 2393 2605 2353 2180 186 3972 1720 4642 1760 3075 2060 4733 1696 2253 1752 1336 118 1094 4512 1176 2002 3696 2255 2241 2967 2063 2533 337 4307 18 2408 2260 1210 3777 2400 850 4159 93 2067 1759 2434 2732 960 4727 4650 3522 2891 1016 2629 3873 869 46
2985 2767 4591 3437 1930 4863 1286 1158 1411 4244 571 1409 2819 3216 4754 2552 4719 1772 1824 557 3461 4273 376 3065 3017 627 3541 3679 488 3340 4098 2466 2519 2986 324 4340 3750 2741 4218 4545 1283 4410 924 2262 519 4969 3886 3516 3441 4604 1922 4539 3750 1737 4457 824 4001 2927 3093 2358 285 4990 1415 4150 1478 1979 190 1083 3266 4539 1453 4937 3914 2232 1164 3386 2017 3921 1028 318 377 622 4767 372 1360 282 335 982 3061 1059 2375 3111 3230 4921 624 2833 3384 1493 2533 3951 734 2338 1928 3102 2689 2396 671 1774 3525 639 3732 3400 1785 2880 2191 3980 1967 3378 1539 1141 3090 3977 3528 1469 3664 4971 3766 682 4249 3941 1125 396 3755 1610 3169 1046 2334 749 555 713 3178 886 2611 3952 686 1880 142 4132 3452 1135 3191 4742 3105 1462 2414 3748 2445 903 572 2665
1161 4713 3322 1146 4308 3570 60 719 2846 1657 3615 1929 3516 4670 684 2421 1459 3465 2007 2459 1118 1623 3890 3017 756 4766 2386 2648 2954 3074 716 4243 3120 1838 2253 663 1870 1861 4317 444 541 1166 1362 1495 1321 1630 2682 2924 2192 4440 4340 4494 2554 3718 317 1182 3405 4696 2179 33 3779 2158 3711 844 4702 4981 746 1044 3976 1559 41 2032 1854 575 3290 3750 2829 973 3984 1397 3127 776 907 929 3825 3169 3432 4780 4052 4933 1765 3167 2279 698 2720 987 3076 3261 2616 1718 3328 76 2714 2087 1650 2773 919 981 2586 4207 4047 3432 563 3224 4234 879 3082 4833 3950 4282 104 3912 4117 4044 2882 4674 2817 2851 1395 1222 1590 3641 3204 2837 1191 4823 549 4158 1761 4978 237 3329 3067 2192 1506 2683 384 1569 4410 3258 1305 488 4657 2365 622 3031 2918 1651 20 549
1476 3068 1335 1926 3968 4421 790 1189 351 1659 4623 3325 3087 3033 4534 4578 1151 3124 1100 672 1558 1888 2167 627 4766 2309 753 4996 4323 70 1557 3912 4979 1523 47 3494 2522 2847 3575 1093 135 1301 786 3146 1209 1582 539 4353 4356 3169 726 4154 1488 1282 202 554 1094 936 269 2937 1273 1754 2115 4445 4962 3935 2855 2340 3452 2687 3194 3171 1288 3468 4314 1775 2802 4396 1762 456 510 1705 2575 814 2275 2686 2885 1557 1002 1820 4704 613 4623 403 1511 3654 4998 1349 3736 1352 2105 2712 906 314 3799 4312 1490 3894 2266 879 2584 4838 1890 3841 4396 1832 4109 4315 4895 4035 4061 3373 1139 2548 4576 4961 1875 3484 4744 4821 2937 4508 1478 3889 1032 4370 3213 1036 4901 3126 2810 1529 2684 4676 616 4453 1398 1091 4634 3827 2106 705 1541 4126 636 600 2140 1883 3420 1376
4887 3834 2001 3017 3511 810 4363 481 3922 4581 4241 2362 4385 2285 4724 3063 3031 902 64 3375 1570 1167 2331 3541 2386 753 47 751 3561 4296 3555 2698 4103 4723 1742 4680 3291 165 602 727 2348 3481 675 2412 1404 3439 2563 1560 3476 2498 743 669 4778 2678 631 1307 2099 1203 767 1678 3383 4990 3851 2118 3057 1719 4165 3637 2862 2998 2302 4007 1182 1986 1473 3869 3774 2757 4697 841 2097 1866 2767 2828 2959 3662 2274 207 2210 725 2131 2176 4084 3351 3445 2154 522 4055 1263 1818 3357 2515 3267 723 1758 3938 2469 1822 2106 1037 3250 1361 1948 2165 2670 3748 2109 3290 2498 2418 1938 41 1146 3365 3104 4331 731 1087 4868 3055 650 4607 3716 2923 4902 4527 4143 4921 2257 3522 2156 4397 2204 1946 882 3250 3204 971 3138 1579 1263 1723 1533 1150 4603 456 2637 2991 2020 3886
4312 3129 3436 4902 3217 3140 1258 4530 913 4330 3196 1473 3645 2388 4731 1681 3097 1279 4421 2883 4775 2249 2327 3679 2648 4996 751 2630 281 4661 4218 2829 3232 2711 2460 3768 431 2438 1714 3023 3818 4084 1647 745 940 16 1604 2406 3197 1522 3441 3949 1447 1434 1075 617 1697 3471 3203 3843 2946 1108 2160 3303 367 4555 3532 3725 4678 681 1023 3030 4712 1094 158 3906 3132 3878 3462 1484 1349 3208 244 3858 3531 2827 2680 4864 2431 4094 3351 2040 3596 2646 2318 1896 3836 1020 1749 4821 4156 3276 3577 863 3822 275 3960 171 2385 938 2183 4714 2875 1141 4082 1067 3018 2048 4509 4603 4729 1798 2268 4855 1545 2485 1901 1649 707 3585 278 3008 614 1911 3156 3572 1214 437 3797 3007 4710 882 3433 3174 4304 671 95 1799 1926 4314 3789 4529 3491 4554 79 3995 3428 212 1041 809
1014 1703 3695 1326 919 911 2167 829 194 4954 3987 3512 709 3661 4646 4860 1973 4831 669 4206 1060 301 2216 488 2954 4323 3561 281 2063 2840 1536 545 2970 3389 1342 3405 749 3912 1908 677 4598 393 807 339 1746 3365 3179 3145 960 4657 3560 624 2706 4923 2139 4082 2177 3633 1951 1851 2537 4896 3120 893 3674 2849 2198 1104 798 3351 929 3187 1787 3590 164 3928 610 4749 3007 241 3508 3295 1533 309 1592 1943 1657 2247 1972 2306 2303 3402 965 4336 3755 4605 4318 3142 1397 600 1185 3792 893 3103 1127 2011 225 3741 3107 3884 2552 3399 2343 915 842 4227 3060 4269 4949 2986 36 1528 1666 3426 4978 4523 1751 1450 1691 857 2926 507 4258 1382 4580 4663 2780 3615 994 3913 3242 2117 1860 4790 4535 550 2524 2282 3854 94 2053 409 4092 2272 3474 3741 4842 1840 2513 2242
4162 2919 178 4875 1758 4044 1595 1462 2332 4231 2656 3971 3290 1783 3288 4696 388 3793 1423 2773 1113 2050 4301 3340 3074 70 4296 4661 2840 4189 1828 4961 694 2564 766 2953 3213 3209 2262 4477 2942 370 2967 2988 2576 138 2076 3806 1351 4983 1347 2602 735 4147 3265 1974 2015 4373 180 1842 257 3354 2021 3485 2996 2966 4685 1357 905 4679 3492 452 3612 4764 769 4973 4602 1036 2350 3157 4201 2910 2180 1414 244 3775 2679 4409 1099 11 281 2277 4017 2108 1908 2663 2622 4593 3747 4383 1005 3483 3315 784 3257 613 2563 2717 1463 2637 1836 4056 4310 3036 1133 2201 1621 3715 3360 4878 3866 460 1301 460 537 3154 1789 725 4354 2814 36 757 723 770 446 391 2938 1037 4131 1235 1540 749 1345 3214 2464 4269 588 2338 2357 3008 1116 201 4573 702 1754 3275 4712 507 4486 117
3044 1257 413 2277 884 3377 4076 4337 4427 4548 3029 4825 2015 3519 2025 3902 3692 4584 3981 824 1297 2770 1400 4098 716 1557 3555 4218 1536 1828 1799 1715 2450 505 2658 500 3116 892 2420 3333 246 4600 2723 2858 4211 3951 2980 4250 3214 2363 4280 4855 4516 4440 2319 3145 163 1407 414 685 42 127 463 2572 132 1538 4725 731 1296 1122 3645 1437 102 3567 2060 2411 4927 1436 2314 2216 2464 4690 1829 653 3680 476 3851 948 4243 915 2868 745 3758 3767 3028 3831 491 4818 2244 2271 1091 1427 4400 3044 1314 1157 3337 1406 3579 1705 4085 3734 4597 29 771 883 2303 1467 4439 3941 4831 1179 23 2447 2111 93 1207 2417 3036 233 4583 3667 995 1204 1692 508 3349 2178 352 3720 2797 3402 2913 3460 3724 3051 3458 957 3743 1353 1702 1592 3885 2943 1059 3133 3564 1120 3470 2686
403 4395 355 244 1478 3365 2204 3904 1354 3404 2525 2406 1391 3060 1187 2710 2116 647 2634 4690 3768 2631 4559 2466 4243 3912 2698 2829 545 4961 1715 2449 3244 1144 2173 1101 3323 2278 4854 3722 1621 4868 3808 3434 2117 2624 1147 4207 842 2437 3149 4593 3124 4669 2373 3030 4652 49 1722 3237 4613 4390 4710 4165 4471 1734 643 4132 3616 3535 2401 2855 1301 262 741 943 4639 161 2495 1440 1590 801 2082 3401 1328 463 4938 1916 2190 365 2455 2083 107 4597 2907 445 4985 2115 4161 4311 4486 959 1512 2842 1399 3422 3114 797 1090 3034 4793 2079 3399 459 3660 2464 1835 3355 1949 4591 4765 4072 154 1656 827 2855 1025 2109 4535 843 3943 2146 2763 2742 865 4417 973 1703 3989 4593 1174 1888 4730 4390 2623 2607 1124 636 1417 710 1189 223 3669 4746 4858 4418 2436 4400 3649 1979
2236 2750 472 3047 4430 4153 1991 898 2676 1204 632 2966 4453 4820 4622 4621 784 1467 958 1869 409 248 3176 2519 3120 4979 4103 3232 2970 694 2450 3244 3023 3863 3125 3086 2659 1144 3413 3109 4106 3338 1364 2086 3539 701 2934 1192 3406 2340 3998 4796 728 255 4005 625 4189 503 3158 4125 2690 4472 2647 2896 1856 591 3872 335 3634 4789 4073 4197 2862 507 2606 1170 2658 4050 3732 4885 315 4834 2230 4670 4024 2326 1233 1903 2865 3224 522 855 2005 802 688 2729 4714 4123 2583 3341 2055 1438 2134 4978 1888 4066 2377 480 394 4119 1540 4675 2005 2420 2454 361 1157 4275 3337 1732 2194 3330 4735 237 1574 2160 2228 813 2244 557 2710 4200 1569 3654 4679 1095 1287 3107 1007 4461 3093 1911 434 2619 4182 3184 471 2052 4112 3066 4958 2477 1696 3674 4466 4326 559 4371 4636 442
4834 1451 507 3485 2743 417 3289 1594 4466 1999 4490 2591 1350 2004 4764 1054 1194 835 2021 1534 707 353 4150 2986 1838 1523 4723 2711 3389 2564 505 1144 3863 3187 2605 3214 1813 3953 3136 1060 2965 93 2413 693 3385 4460 590 4474 697 3872 3416 2315 3759 147 2679 3053 2653 3242 2614 653 1142 806 1103 1274 2042 3036 1274 4449 4725 689 4372 850 3493 1100 4047 2820 3504 1460 4803 4684 355 2481 1264 4995 1309 1291 4832 3723 2136 2710 2883 60 257 4561 1592 1635 1266 4745 4887 4514 1400 784 1211 1076 3737 1557 4514 2840 1506 3048 839 4755 3185 2128 805 2590 4021 1906 3706 4806 4924 4053 493 3191 208 12 357 1119 2019 1459 2502 1086 2250 1321 4702 1049 722 4571 198 4230 3654 530 1882 4708 2377 3958 3922 1967 3491 1521 4246 555 3445 3920 1297 3157 2402 3831 2537 2075
1110 4666 2775 2793 129 3848 2889 570 754 17 2944 2869 3977 1738 2750 809 4272 985 3469 520 1755 4900 496 324 2253 47 1742 2460 1342 766 2658 2173 3125 2605 4664 4445 160 129 2320 4344 3657 4431 1802 2261 1765 4635 4962 910 1884 1462 3375 1822 3973 1158 3304 1203 1602 4599 3152 413 1045 2919 3168 1332 1609 2649 2575 2909 1174 1708 2156 3130 3168 2132 3333 3682 1641 554 3774 4625 3163 2397 3716 3409 3585 3517 273 23 4118 1408 125 3235 3582 3389 4049 1523 3491 1306 119 4527 2216 4402 2215 4204 4807 4251 2271 1463 148 4934 2495 2677 4821 1115 3523 982 3632 3668 3019 1390 3297 3127 316 4299 1536 1005 3480 3759 252 3963 1488 686 3129 25 2328 2182 261 1171 1611 237 3509 4159 4563 4009 3008 4800 4427 2641 3336 4528 3844 3191 2393 4891 4215 1801 4977 3554 3614 2963
4984 3398 4443 1086 1733 1073 2549 1123 1388 2702 4561 3739 2304 2389 2541 383 3313 3501 3135 3301 2942 4642 2338 4340 663 3494 4680 3768 3405 2953 500 1101 3086 3214 4445 114 4398 4616 3827 804 2877 1103 4718 4760 2858 2586 3447 3113 3779 2362 4267 3106 2153 4017 2961 3949 1056 918 799 2748 3722 4676 4815 124 4674 3054 3076 3455 3322 1352 3951 1488 116 2384 458 214 3699 3107 851 4632 3228 1828 165 4261 61 4064 731 3939 2969 1974 4163 3016 2706 3954 4483 2035 4270 4657 638 809 1660 3729 3464 99 2535 1846 269 406 1546 1740 4698 2916 2309 3115 3736 3753 1851 362 4535 3731 4835 3930 3045 1005 3394 2337 345 1684 367 2753 1342 3092 1974 4405 1119 3043 4417 3918 1497 4627 2288 2357 4998 3216 990 296 3393 267 807 2934 4601 1175 3080 1302 3206 2100 3339 3898 1750 3916
4101 3684 544 4747 2346 2147 4981 3685 1279 1206 623 3615 4792 2507 4170 1357 1840 3555 4055 2079 2529 1606 3809 3750 1870 2522 3291 431 749 3213 3116 3323 2659 1813 160 4398 2866 3630 4736 4888 3550 1914 3526 2780 430 4499 2728 3112 4547 1080 3645 193 2155 121 1616 302 3287 1206 876 1727 1057 3554 912 644 3340 4652 26 2439 154 1657 2743 3965 2372 434 2442 4382 3125 2324 647 1479 934 2364 108 1617 3673 314 2967 4067 4411 965 3950 3444 3437 441 4328 4259 2840 204 4013 2856 1614 1752 1289 378 1901 2404 1650 2436 2867 442 3982 1982 1168 4079 1627 1763 730 3057 4811 2648 3031 152 1312 1532 4086 1721 1821 3439 3804 3769 2023 848 2130 4407 428 558 161 1025 4157 363 1038 4907 2467 105 4983 596 48 1642 924 2447 935 2161 4771 392 465 4355 2189 1758 2846 4764
4986 1478 3372 1607 2274 1209 1775 4815 1908 867 4242 4742 1826 3353 4985 2247 940 360 115 1776 2880 4697 77 2741 1861 2847 165 2438 3912 3209 892 2278 1144 3953 129 4616 3630 3096 3958 3636 1889 421 685 2568 1804 3624 4278 3907 4356 79 3730 1253 4926 3392 2545 3385 1747 2869 2328 725 3396 1216 1617 1377 2331 2981 4457 3112 1071 3103 4820 313 374 3073 4102 2505 2889 999 2462 2778 2481 2943 443 4950 3815 2705 2188 3558 3814 4724 3727 1715 1463 3433 4084 199 4621 3808 3192 4367 3144 4785 4997 173 1581 1418 2991 3174 3114 2463 433 4611 847 367 1597 1477 3995 3673 1063 121 2343 2096 3497 4822 2541 2146 4859 170 1861 3926 398 1014 1590 2597 4680 4880 551 2886 542 4371 2774 1211 3329 4326 3481 1678 1683 3731 611 399 3462 257 2293 3916 2254 2388 2624 3144 3778 263
300 3550 2258 1412 4521 4475 1071 1121 4395 3374 1957 1710 4211 2297 1653 3034 4473 2046 783 4420 471 4901 4519 4218 4317 3575 602 1714 1908 2262 2420 4854 3413 3136 2320 3827 4736 3958 351 643 4831 1978 1173 1443 2293 1640 4300 1166 2130 852 1037 3417 4516 1776 4807 2250 4353 503 1371 2729 89 2863 105 3372 3356 2321 2124 3380 2974 3878 4915 4141 4306 3834 2981 3132 1113 4671 3113 1863 3066 4860 432 4716 4471 1981 1427 4022 1278 227 1063 1523 194 4745 756 4992 765 3229 4800 323 1263 1353 4137 181 4160 1885 2497 1239 4889 2981 2340 3616 854 4897 4648 2644 800 3441 3339 2415 3026 806 4554 3040 2827 65 2310 1515 4804 2660 2269 4987 2286 4312 56 2188 3369 887 3795 2852 3294 2401 4880 3687 4925 4241 571 497 1476 4454 4681 1447 3156 1489 1903 2851 1966 2269 1512 4845
4157 3153 4706 1102 2695 2913 1527 1467 4126 3453 4094 1266 2365 220 4674 1761 348 1882 1829 1073 2849 1745 2962 4545 444 1093 727 3023 677 4477 3333 3722 3109 1060 4344 804 4888 3636 643 3809 16 3638 665 3451 1821 3110 4218 1563 581 1701 3888 2679 2114 4999 698 1680 4543 4136 935 791 3769 2542 1459 2148 4260 4952 4677 2605 3026 1973 1584 3226 3725 4012 2768 2042 2363 371 4516 1888 2071 2035 1355 2691 384 2975 1395 3830 4866 2799 4030 799 152 1997 2927 3069 4095 1772 2529 3759 4295 877 2751 4755 674 1842 2752 358 1482 1912 533 1618 182 2616 2667 4024 550 595 1753 1945 3984 1523 432 1285 687 3789 4745 3476 3083 4183 2029 2322 2070 2936 4009 3527 1057 748 3600 3153 497 564 393 77 2264 1649 160 1859 1603 4807 3420 2515 1719 4799 1859 2634 3489 2961 977 1581
303 1759 962 2172 920 905 4206 4812 2836 1965 1065 2438 4883 2130 784 4730 226 1188 1724 2689 2045 3223 2344 1283 541 135 2348 3818 4598 2942 246 1621 4106 2965 3657 2877 3550 1889 4831 16 2092 2459 3748 4568 1382 2574 1615 2444 1549 2496 2523 1979 4585 3950 2126 2138 2916 3355 3152 2495 1099 2059 1958 1956 2252 3515 2367 2686 269 1848 351 169 2224 1920 1453 294 631 640 1303 3406 4535 522 4152 2205 3811 3991 4207 2363 2635 1948 729 4874 1363 2943 3444 366 4077 1806 2793 2281 4767 4023 3945 3822 484 2896 2326 834 3921 1395 1658 4783 475 1163 4095 957 4312 2123 4652 1075 1567 866 4909 4006 176 3387 2185 1799 4062 1924 4605 4638 871 320 4129 2980 3150 3655 1907 974 2901 1411 3379 3949 4393 3091 1983 1572 2387 2003 1972 2989 804 3793 4348 1380 544 130 4135 3677
3754 313 1194 3708 3104 4323 4336 165 539 3245 467 2395 1781 4583 983 2852 2071 2202 874 2625 3668 500 3041 4410 1166 1301 3481 4084 393 370 4600 4868 3338 93 4431 1103 1914 421 1978 3638 2459 1850 3300 4311 4163 428 2110 2411 1890 4705 2193 1195 1988 4254 4988 3374 229 3523 1233 1567 4086 3123 2306 3080 2101 3099 1727 2432 4692 561 4436 1183 106 2373 1531 3068 4018 1122 1779 4891 843 1317 1951 3243 4878 1773 1435 3988 394 4373 2228 699 4329 2261 1771 593 1413 3380 3058 4389 3262 1151 1154 2508 3369 4045 901 359 3774 3287 1558 479 2653 1816 3877 3350 832 1557 4066 1979 690 4647 828 520 1756 4067 839 908 4735 4633 3460 4226 2657 2879 1748 4074 815 249 1591 2436 4072 83 4383 2789 1690 2592 2247 1925 4538 1232 1641 1529 4301 2130 1823 2830 2492 3867 3524 888
2971 1067 2898 542 4254 802 595 3462 1705 3392 2916 4692 3472 1757 3173 2986 2870 3487 1066 4743 1788 4120 3539 924 1362 786 675 1647 807 2967 2723 3808 1364 2413 1802 4718 3526 685 1173 665 3748 3300 3022 1029 2089 2986 903 107 3257 4724 2388 1101 3381 2811 1367 1594 3974 61 964 3313 1276 1076 2465 4318 1156 2737 2932 4493 4874 3627 727 2705 723 1662 2049 1266 3035 4259 95 2341 2672 1986 1025 2669 3348 1191 3323 4677 4929 1783 270 1342 2495 3845 1542 4814 4517 3216 3847 361 2377 2723 4348 3502 4404 2507 2722 3622 2101 955 86 2775 597 3053 4211 537 4597 1481 4480 3303 1400 1358 4158 2094 4208 894 1134 3536 1702 954 1475 4067 3206 3623 4066 3237 3603 4870 2377 1189 524 1935 1739 2888 4636 2688 1498 4019 538 2345 1229 4032 955 4794 4868 3752 172 3443 1609 2173
2674 1765 2404 1052 4875 4282 3044 2311 3316 1356 3959 2695 2295 3981 1678 4919 607 3415 2557 1359 4239 1494 4870 2262 1495 3146 2412 745 339 2988 2858 3434 2086 693 2261 4760 2780 2568 1443 3451 4568 4311 1029 503 3750 2584 512 1470 2561 2672 4208 639 4259 109 4056 2743 3466 1156 4625 1622 885 1013 4736 2071 2199 901 4353 2161 4837 2204 1246 2084 778 1803 2126 3142 3346 107 1414 1456 820 3048 4701 2670 2535 3592 4950 3789 3403 1585 1795 4689 1185 235 4081 374 2623 4487 4641 2664 626 3164 2709 2736 2541 31 3391 2703 4081 4681 130 2517 222 4176 4789 641 576 4938 1425 4331 3219 3924 3476 678 1709 2735 867 2748 4190 4816 3580 712 4801 4067 124 1138 2439 1233 3593 1949 448 2994 2385 3691 4265 3805 506 3746 4292 2054 3482 3846 47 2650 2001 801 4654 4857 1116 2840
3068 4465 4856 3632 786 795 56 3520 1487 1002 830 3554 589 1727 2983 2779 388 816 3983 703 2474 2489 3848 519 1321 1209 1404 940 1746 2576 4211 2117 3539 3385 1765 2858 430 1804 2293 1821 1382 4163 2089 3750 3580 1954 2034 4032 3742 95 2890 1397 2522 4040 3354 528 4438 1150 3040 1924 1555 4198 1606 2139 122 1578 110 570 2778 395 1385 4651 2846 3571 355 4608 3365 3260 382 4630 2408 3372 4233 2198 1453 1620 2678 884 173 2987 4518 1203 4464 1393 4348 128 1158 1598 1866 1279 2158 284 367 3911 3825 1239 3255 4397 2820 1668 417 1693 4460 942 2806 4541 3785 3389 187 4388 2278 3014 3900 1711 4623 1199 3111 257 2265 3298 763 1479 418 891 2271 1558 3670 2301 2419 4007 2418 3437 1456 1773 1411 1713 684 3385 813 560 859 2346 1838 2987 1939 2482 4788 4086 4179 1034
2648 1151 275 4790 4144 117 2479 2781 4338 4082 3700 1067 2831 1896 3729 103 692 1054 1758 2388 4790 532 2322 4969 1630 1582 3439 16 3365 138 3951 2624 701 4460 4635 2586 4499 3624 1640 3110 2574 428 2986 2584 1954 2761 1184 2796 2953 1431 1202 1897 4281 4562 1720 2963 3385 4310 649 150 4080 4670 4932 3693 962 1707 3614 4981 4392 1915 1955 551 1931 4513 4191 4671 449 2733 433 1131 4077 633 2082 1680 389 1296 2586 4232 3428 1614 132 3657 4502 273 2776 3222 2566 3935 3772 2730 1097 1615 1000 3070 2824 3984 2790 161 4965 3076 755 1654 1970 3476 1209 2020 1477 3343 128 931 4442 868 229 4636 4340 4393 1512 4810 131 3279 3240 1968 2597 818 3793 1599 3677 4053 1517 45 2493 2926 3616 4956 130 2062 4286 4309 3394 742 587 3376 1749 2165 858 3262 3943 1102 4831 671
4980 4431 2474 3984 895 3052 1460 4176 551 219 3909 4351 3956 1398 2571 1301 728 976 3771 1266 2650 3156 4590 3886 2682 539 2563 1604 3179 2076 2980 1147 2934 590 4962 3447 2728 4278 4300 4218 1615 2110 903 512 2034 1184 1919 2034 336 3034 2605 4518 741 3821 3743 1844 3594 4982 734 4836 117 4800 636 3809 4600 4481 3462 690 398 812 2471 4104 4756 1797 3731 3664 2669 1935 3847 3579 4683 2966 994 140 1801 4059 3808 2667 577 3144 814 2402 4622 1222 953 457 4616 1622 3110 2499 3444 3858 1185 1175 4798 4848 3412 438 279 32 1335 3188 4825 4102 1939 1741 2544 2094 4964 3134 4241 278 1864 3676 1449 3807 1116 4687 3312 4329 3364 2412 1177 3510 1996 2534 363 2536 1508 1019 3105 3243 3601 4113 4707 2319 4694 4326 4793 3052 4651 4430 4424 134 2696 4097 684 3079 4306 4562
3943 4709 4254 312 1158 2758 4927 2037 4788 1571 1333 260 4707 4210 1101 4133 1411 4616 3859 1922 4382 4603 1074 3516 2924 4353 1560 2406 3145 3806 4250 4207 1192 4474 910 3113 3112 3907 1166 1563 2444 2411 107 1470 4032 2796 2034 3339 40 3909 4388 758 381 3104 4608 2445 806 793 111 4509 4868 3153 1025 4962 964 2494 4402 1241 3739 284 1795 1308 4436 2512 3774 438 1165 3541 2042 3710 60 1438 421 2283 2184 108 544 2044 1102 3021 1492 2271 731 787 1608 901 3041 1745 2005 1700 4791 4241 2898 666 4543 1109 924 1741 400 1078 2171 4644 3946 500 3084 2806 804 2910 2319 4027 4469 955 3268 2215 1106 4891 2665 3194 4208 1909 704 4622 4634 1214 1314 653 4616 4587 3384 2062 3812 4161 250 122 3441 3388 2473 1544 1417 829 3021 816 3511 797 886 2009 177 463 1518 389
2061 4961 84 3211 3273 4688 1300 282 942 757 4372 3805 3954 3468 4519 2198 1303 3283 405 2617 4539 4585 2163 3441 2192 4356 3476 3197 960 1351 3214 842 3406 697 1884 3779 4547 4356 2130 581 1549 1890 3257 2561 3742 2953 336 40 3329 4211 2480 3909 236 2644 1282 933 2326 3513 4834 2052 4357 3216 1708 2582 2901 4257 1697 3758 2986 792 4627 138 3418 3352 530 2459 2940 2662 1647 2797 2635 4277 4175 700 2782 3583 1242 119 1110 2434 2885 1143 445 3983 343 12 859 683 2739 553 3685 2742 1874 3127 4720 3047 2606 4238 3086 2845 109 4966 2559 4143 3673 667 4866 3096 4491 853 3227 3423 3304 524 577 309 1109 4205 4071 3836 572 1654 3072 1361 2986 491 2791 261 4605 4421 728 4359 3661 292 496 2254 3536 3022 4189 2748 4795 3452 1442 4306 299 656 2309 2238 4055 2965
1325 1938 4786 1273 1141 1377 3377 3344 2857 1998 3250 482 4408 4985 2427 4707 2216 1619 122 2949 2502 563 3724 4604 4440 3169 2498 1522 4657 4983 2363 2437 2340 3872 1462 2362 1080 79 852 1701 2496 4705 4724 2672 95 1431 3034 3909 4211 2415 2032 2217 2897 2025 2771 3277 4625 1527 4087 4324 1573 592 3242 3150 2836 925 3367 1844 3591 3474 825 2560 149 420 3521 2905 2268 3340 2799 1554 2107 2479 4559 604 2952 2320 3633 3893 3170 3068 859 4271 4326 3773 2678 1650 2214 1509 478 175 559 243 1920 2142 1105 573 955 3225 1133 1401 3958 4435 3953 745 2078 2677 1099 706 3643 4514 2814 4303 1306 3493 4363 2332 4439 4252 4503 383 4723 2028 4975 3435 933 803 1937 1207 656 4244 4235 424 430 377 2013 4470 4192 2498 1973 4569 2102 1946 4977 2950 4167 1587 258 1746 1728 4353
2725 3331 3170 1791 273 685 4712 4308 4811 1984 4606 1899 2053 3899 3004 1859 1126 4420 4461 2945 3588 2462 1538 1922 4340 726 743 3441 3560 1347 4280 3149 3998 3416 3375 4267 3645 3730 1037 3888 2523 2193 2388 4208 2890 1202 2605 4388 2480 2032 2727 1733 3591 389 4197 4595 2820 4613 3917 684 2144 1071 4002 3995 35 534 2508 4769 4331 1912 4198 4960 1338 3797 2456 2978 1697 4457 1587 2739 772 3185 3603 892 4639 1048 2264 2603 2325 3196 3780 3821 4868 1217 3983 1895 546 3133 4234 1047 2356 2738 1202 4625 837 1747 4276 1169 4431 805 1766 2976 2401 4938 4053 3670 1474 4838 4417 763 1006 3941 1537 4484 71 195 4323 3666 2663 2832 955 2605 1849 4094 55 4778 4762 3136 443 2604 4167 3743 695 2750 1019 142 1723 4692 4923 4903 1074 4939 4519 3685 2938 1487 4147 867 3649 1674
