N: 180
M: 20
Symmetric: true
Triangle: false
12 54 32 96 168 124 24 132 35 139 27 114 63
15 141 177 164 95 88 89 12 167 102 15 135 72 178 92 71
13 10 6 156 85 172 59 42 152 60 48 154 40 70
8 18 3 130 119 165 121 87 67
9 66 97 50 30 120 147 31 74 13
4 34 4 26 125
7 98 20 162 174 73 68 83
8 118 23 116 78 43 38 33 51
8 136 138 122 22 180 62 90 7
10 11 159 151 158 157 126 176 112 175 76
2 44 111
10 155 82 153 29 117 100 16 81 113 36
11 107 123 47 55 61 65 21 9 39 19 105
12 169 37 8 14 149 160 79 84 75 171 2 161
10 86 45 53 94 93 25 146 148 80 115
11 99 5 166 91 41 131 106 17 1 137 173
12 110 140 142 77 128 134 163 109 49 104 143 179
5 103 129 56 28 150
9 170 144 64 101 127 46 69 58 145
4 133 108 52 57
4437 869 4168 1432 4929 244 3651 1683 2717 3558 1216 2034 97 957 729 719 1275 2692 2505 3746 814 4890 1008 2195 471 2465 4131 1926 4635 1286 4006 4310 3268 2226 886 4012 2125 4868 4197 4102 1747 2681 3419 2454 4677 4694 3003 2929 4628 935 3577 2375 1109 3697 833 1374 2969 2080 975 4593 1570 4785 4826 4229 2818 751 4734 1091 4209 4619 2471 4819 1531 4987 371 1530 362 310 2886 3985 814 2772 779 2927 4831 310 3142 3226 1264 1579 4281 4026 4437 4999 1887 4243 4107 3630 484 2066 1758 4371 4551 2186 4437 701 2404 1461 4596 2976 4350 1449 4275 4397 147 727 225 4878 224 1252 1705 2891 1623 1487 3426 2566 864 3239 1109 3527 956 1997 2627 905 4009 4538 614 2226 3834 42 2365 1096 3271 2350 21 879 4580 4222 1672 72 3071 1192 416 1485 183 2010 4128 3225 3305 4744 2877 3820 4519 3820 2990 4202 4036 581 1594 4055 2052 4632 2815 993 838 2052 4002 1699 3025 4977
869 1228 3983 93 1066 2773 3241 1826 2647 4361 1830 4919 3726 4036 746 1642 4207 2049 2629 3633 346 2128 3848 1484 3307 3880 2527 513 1296 1836 2565 4371 2780 2141 1858 3514 1783 2284 3813 2362 1907 1311 2181 1829 2157 1414 3270 4573 1152 2150 4411 4233 3533 154 3028 2821 3843 1854 525 4142 2980 3863 3054 1792 4446 3323 2428 2381 1548 2294 2001 4969 3679 4662 2738 1230 303 4860 2234 1275 4835 4903 3471 1110 2226 330 4962 3710 3486 1546 3901 2134 3312 3808 2234 1481 4391 2536 2566 4781 1553 1230 2533 3336 1094 4350 1454 1253 3921 3216 2918 3158 387 3144 4641 3359 2176 435 2737 770 2624 1971 3969 2373 4094 4907 4902 1003 4803 4085 3958 3463 2041 4689 3574 406 353 4154 3890 351 813 4149 2768 979 1378 2185 2258 2487 4464 3548 3036 2859 3357 1057 193 3095 4458 1904 4933 1815 1279 3262 4237 3751 1916 3384 1587 3239 146 3979 3201 2226 3436 2642 2836 542 495 1391 616 2146
4168 3983 4657 1227 3324 3480 4168 4542 2751 3631 242 4241 2749 1446 1940 2475 1232 4480 3152 2644 1856 2006 839 1502 583 1939 3698 874 1640 3355 620 4702 1189 3923 3688 1366 2558 1261 2608 448 1607 4480 4125 1608 2395 3704 2961 1973 866 2684 4951 2033 3078 628 1427 614 3154 432 3785 3440 1808 1680 1160 4009 2398 4510 2560 4990 1654 598 1280 1567 281 4886 1387 3192 2732 4913 1455 4494 3392 2905 3039 2750 3124 502 528 1083 1185 2260 1540 3863 3544 1361 3444 2766 2761 2231 4605 3696 1206 1400 3437 1442 4481 3429 3037 1402 2458 1857 3041 2649 4470 4021 2891 2720 3511 2644 4348 4123 3986 4503 746 2794 4215 2046 230 3876 3704 4764 1127 990 2111 3392 4831 2013 3896 1684 4779 339 2926 4639 2005 4448 1987 341 315 3722 2044 801 4669 3320 2709 4382 2914 3103 3867 4339 2596 170 4958 1889 4521 3520 3782 2153 4728 3975 821 440 884 2021 947 2431 1764 265 3683 1822 561 334
1432 93 1227 3235 824 2684 4225 1874 1968 3324 375 4531 142 3315 2533 262 2895 4032 476 2762 601 3895 2279 334 4450 4267 3049 4561 2540 3086 4655 1455 3504 1139 4686 1951 1636 3925 1681 4260 3395 1212 4582 303 4748 4903 2127 4842 4075 2856 1702 4325 2635 1894 4624 4089 2712 1197 3852 1994 3412 2972 4544 3292 696 1526 4388 3399 1600 772 1739 3725 1459 3879 4329 3859 1327 1145 2424 2985 2779 4221 3259 830 3574 4689 1039 437 3048 1367 1685 3176 1603 2698 1190 3054 1252 1091 103 478 4233 3088 3191 4368 496 4714 1857 2322 4008 4495 3070 836 3829 4564 392 4367 4503 3136 4485 4650 3819 4978 906 3500 2202 3552 1192 2271 210 37 2347 4244 1589 3442 2497 75 101 515 684 2010 988 346 3471 2418 536 1661 2910 3449 2829 3938 2578 3623 3106 893 1808 1607 2219 1960 311 2882 912 3559 4160 449 1456 4135 2227 577 4235 1856 758 4726 2986 1314 426 4954 262 2760 662 2826
4929 1066 3324 824 3155 3525 3183 3375 4442 4580 3480 1836 517 3397 663 1613 3071 994 44 3684 2490 104 4189 1300 216 1228 2536 3833 1239 517 1186 2161 1236 2130 695 4772 3651 538 1898 149 3290 3312 516 2818 2525 472 4002 4279 889 4709 2973 1835 448 4522 2432 4110 3858 3252 1611 393 175 1065 616 4654 4596 3059 4921 4908 1431 425 3985 1282 1124 1074 2191 2552 2880 4719 2839 4628 2997 3901 2898 3292 1929 2958 471 1933 83 1107 130 771 933 383 1471 3200 2188 2974 4747 3899 2475 3119 2783 2059 1243 85 2166 2174 943 3165 1553 4393 2358 697 3234 1125 356 3363 1926 3284 1850 1077 4319 2875 4404 4960 2500 3944 4909 2433 781 267 4108 2697 4997 4626 1422 1343 2374 1073 2666 502 1702 409 1956 2298 4477 4505 327 4025 3095 2502 4879 1851 1716 1045 3654 611 3487 4645 227 1766 272 3662 4851 2515 2049 39 2934 4101 4629 2054 3598 2767 4968 222 2919 1570 4959 490
244 2773 3480 2684 3525 4513 4090 712 1836 3724 3060 2058 4676 2278 1845 3155 1906 2215 2554 693 2130 1091 1158 2190 3764 3940 3412 4927 2366 1832 4403 4690 4697 495 1444 2331 3688 1246 3757 3568 1943 2627 2434 1813 3869 2677 2894 4705 2413 746 463 499 3161 2426 856 3308 3430 3299 3084 1266 417 570 4300 3211 807 3809 4297 293 2767 336 3716 1517 2703 4615 1594 1188 4323 1555 4514 4712 884 569 2263 2909 2658 4532 1737 1323 1069 3804 1138 2391 4135 2246 2845 473 707 2412 1461 4754 3969 2729 1403 4342 3912 4546 2558 1052 871 3101 4246 272 3828 1576 1548 1000 4797 2013 416 2623 4246 3766 1582 2150 3425 2669 1801 1757 4944 4169 3067 774 2910 3688 2370 2438 1402 4276 2179 4192 2063 2649 4231 481 3212 84 398 2524 4508 2839 75 4405 4101 4016 861 3711 2446 2865 1893 3351 4803 3294 1546 1171 4635 4755 1872 4239 3306 2317 52 554 4623 4811 2951 977 4635 1645 4096 476
3651 3241 4168 4225 3183 4090 364 1143 4889 4643 3143 3243 911 2235 3861 4993 3780 3163 680 1885 4548 1155 2762 4710 2235 3842 1563 267 1991 2803 4865 3497 3065 674 3744 272 3335 1905 3618 3326 1345 1403 2277 3731 4742 1874 14 467 2911 4101 4515 421 664 770 328 2807 2281 4258 3039 2886 4676 4099 1558 4821 2190 2630 3906 3821 2522 4116 2647 3284 2780 1956 3081 361 4056 3924 3144 3634 1626 2672 343 3217 289 4152 1215 4544 2511 2044 3940 2874 3338 645 2534 639 3735 3029 1290 632 4612 828 2746 2606 772 2978 3094 2722 4492 540 3328 3846 486 2896 85 3846 4869 4015 588 4484 357 410 984 809 1803 181 2964 4675 3012 1746 2019 2879 4256 3279 1329 2962 360 1698 1694 3353 292 1795 1307 625 2666 3982 93 2167 3204 2890 1554 85 3364 785 301 2165 1313 1221 800 4348 3443 4529 203 369 772 1026 1259 1011 3044 3086 3361 1769 4288 1673 2554 2426 2296 1054 3503 3718
1683 1826 4542 1874 3375 712 1143 1622 4321 1418 341 1355 1851 4841 3230 4955 4360 2663 493 545 1550 3453 1014 641 815 3079 2965 4596 1653 1165 1182 587 3126 1963 960 4993 3320 3345 1001 1830 194 3650 2578 1272 3953 3808 413 3674 321 2575 4244 3392 1159 3140 3475 3807 940 4248 4977 1837 2978 613 3395 871 2973 1560 3321 3968 1362 1856 4768 337 4926 3073 126 2722 4528 3977 2193 2129 635 2236 2185 4261 2524 4318 4624 3847 1448 1997 4017 4920 3439 4507 3020 3092 4828 1263 68 3841 4728 2477 3121 4094 3369 4112 3084 1672 2454 1437 3062 1703 2637 3098 3100 1965 4167 704 2456 3325 1610 1207 3345 1290 1780 697 1299 193 1646 970 832 2396 350 87 3137 2428 4671 4189 273 4017 2692 4639 2457 1916 1758 2546 4500 1680 2784 1960 841 156 1642 1196 615 630 1169 2009 165 3913 3401 521 3667 3764 3816 4074 3756 385 2788 4721 1824 588 4012 2181 698 227 150 2315 1293 4571
2717 2647 2751 1968 4442 1836 4889 4321 86 4871 2762 337 2250 325 3319 3241 4891 2266 4495 271 2983 2232 4192 1340 2740 1215 991 1716 4439 1875 243 1052 551 739 2429 2473 3590 2725 3459 4450 2648 2726 2897 3303 1421 3893 1509 1410 4248 4225 64 2766 680 1079 2947 3977 1835 3014 458 886 145 3415 2705 885 2793 4230 4026 3507 762 3818 2621 935 2756 1794 1189 1892 2108 568 1901 147 3332 386 2202 4767 3709 2270 2531 4358 1770 950 3086 213 2125 3698 1747 238 4542 4772 3557 3636 289 3468 3806 2768 4899 2396 1691 2819 3352 2113 2797 2479 1831 4814 2147 1841 3625 1579 2747 264 3577 3604 500 4942 36 4534 4614 1293 4050 1548 2103 699 2942 994 4688 1921 397 2381 735 3496 1427 3071 2006 3603 4684 4198 1611 3082 1176 4672 50 731 1121 1183 3371 2676 1984 2807 2614 808 274 540 1209 3190 3231 3733 2890 1218 20 2929 1266 170 1476 2022 4321 4936 1705 484 4855 2567
3558 4361 3631 3324 4580 3724 4643 1418 4871 4808 2788 2036 1500 940 4919 982 689 3257 4477 1284 4948 4039 2651 3998 3901 2482 939 705 4877 301 4829 4757 1626 113 361 4978 2710 3049 2071 1896 1921 3715 727 1301 4898 3523 835 1848 4445 2497 2318 2979 4392 552 3921 4001 3860 4509 3996 1772 147 2513 15 4755 4244 2095 2214 4313 2699 3071 1396 1308 581 1794 1530 1556 1989 4004 413 1319 3257 559 4986 4963 2465 2898 2213 1939 3898 4964 3960 3001 4147 1088 420 1666 3548 4716 358 3776 4472 2258 384 4474 4273 4543 1505 2391 2094 589 97 86 1121 3561 3043 2464 4561 1380 2215 4629 1513 4910 1539 2938 660 2103 2799 4018 3913 2481 421 4000 4909 1261 4172 1664 4796 63 239 522 553 1382 2157 3603 2818 3813 3539 4607 2185 3941 2800 77 2851 807 2854 2100 2422 2451 314 1751 702 3490 3994 3638 2595 2046 1243 4556 2167 245 1084 2555 4684 3234 1811 999 2363 3643 1868 4095
1216 1830 242 375 3480 3060 3143 341 2762 2788 3611 4238 4674 4782 691 1384 1273 1373 3781 3518 4557 1068 3687 2852 156 1467 1884 1846 4856 1825 2481 2875 508 3811 798 677 3538 1787 4346 3328 3933 2236 1562 54 330 3387 929 4444 2813 1004 2162 1526 643 210 2555 1602 1192 824 120 4764 3149 3557 4642 2133 420 886 4472 2529 813 3844 1776 3369 2359 3949 3818 2039 2814 4341 1710 2110 4999 4715 4240 4778 2338 2771 1133 2980 1157 842 4876 155 601 3530 3123 685 4394 2950 2465 2676 368 4659 4065 2240 4328 3594 4886 1934 4989 3025 628 3634 734 850 3511 2227 754 2393 4461 2155 508 811 1946 1079 1668 4040 3312 1120 4961 3158 3636 491 3128 2666 447 1693 1924 4702 1918 4313 3599 872 4668 716 72 4593 3144 2307 2354 2257 3519 1091 4774 1729 4310 3280 4834 2941 3665 2288 1878 1906 2949 822 4209 2532 1874 1940 515 434 3133 3537 2922 2061 1794 3157 3297 2618 2294 1506
2034 4919 4241 4531 1836 2058 3243 1355 337 2036 4238 2803 4172 185 2366 3829 2160 551 4969 2961 2921 766 4332 54 2042 1180 201 577 2285 2158 2265 1915 4305 4127 3432 1063 1682 318 2415 3516 1189 2565 1514 465 4805 1740 1988 3543 3196 118 3254 3889 1102 3522 1810 3131 4662 4250 112 890 975 987 3202 2878 3772 4958 4228 2335 1165 689 3656 3259 1183 4600 3922 1830 1596 2678 3151 4578 2561 1281 3200 728 1185 718 3807 3764 3327 412 4955 297 963 1613 3824 1806 3805 4449 4331 795 3098 3635 2409 3486 2495 2820 3287 4865 3788 3729 770 384 1142 3227 1787 32 1048 387 493 3899 1363 2128 329 3379 665 1087 1882 4402 1245 4597 2793 2386 190 3247 4362 3766 1662 3531 4808 1105 1006 4717 1993 1588 534 3572 4746 3522 3863 1303 2166 4015 4112 1270 2838 3056 4868 3529 3636 3391 2700 916 2497 4016 3312 4152 88 1284 1526 2152 1328 2281 2030 3164 2242 122 429 2113 331 1644
97 3726 2749 142 517 4676 911 1851 2250 1500 4674 4172 4845 2152 3557 1473 3762 993 4840 2206 4191 1740 915 1185 2022 2627 3481 181 3279 505 1981 3219 1571 1571 1718 1817 786 144 1116 3743 4379 4146 2490 1056 4805 3841 612 2273 3554 4302 4854 3553 1417 888 1268 3792 3459 3401 925 1589 42 4819 1534 784 673 4708 560 4700 4263 1458 538 2359 263 757 895 401 3842 4049 3990 76 4502 168 631 400 4851 4720 1640 3669 4572 4225 1773 1374 3493 917 3790 3256 555 3149 4873 2942 3958 1193 3228 2640 4096 551 1492 4647 1646 3380 3995 3820 3230 2935 1320 2848 3537 4470 4339 3662 514 4295 1280 3727 4874 361 2606 2816 1279 3455 51 2394 3238 2354 4522 4569 764 49 1446 4621 1337 52 1235 902 3019 4681 4863 2462 4591 3042 1738 1569 336 4156 1855 1328 272 793 218 473 2571 4263 443 4515 4289 388 1686 741 4240 2688 3805 1684 4805 1149 4208 4498 4047 4993 3235 1979
957 4036 1446 3315 3397 2278 2235 4841 325 940 4782 185 2152 1634 87 2253 2789 2774 974 3908 3333 1294 3467 1821 3564 2722 2401 911 565 421 1335 1336 2823 3427 491 4039 821 804 1358 4064 2194 4436 1421 1628 4776 2352 3269 1456 3523 1333 2696 4581 4097 348 1723 4220 2429 2768 2321 4718 757 4393 2513 2302 1685 3183 1995 2102 1009 2914 2953 4767 997 904 2066 621 55 1609 1923 120 1395 3864 3938 1481 4719 462 1887 2796 1559 1100 3202 550 3653 2487 1317 1041 1461 1100 1591 72 2670 1215 403 1967 4176 163 2899 427 4698 2937 3240 1681 3263 40 3264 571 4578 3845 357 2592 1148 4535 4964 4078 2464 36 2772 1326 4054 2652 1498 2547 4219 1476 2328 3244 1664 4379 2427 267 4345 2109 883 4247 4411 1169 2893 666 4600 1855 1620 1137 1549 1165 3180 3655 3352 164 242 4334 298 4430 4366 3329 3434 1209 2877 2307 2287 4141 4704 4822 3722 1230 3243 592 957 3977 2968 4893
729 746 1940 2533 663 1845 3861 3230 3319 4919 691 2366 3557 87 4997 722 203 3719 1521 715 4657 1881 2090 1948 4708 944 2695 1696 2641 4269 1224 1548 3518 1795 1320 1043 4245 194 4762 2096 3232 1445 1622 3160 4643 1771 3950 1288 4387 4860 3932 2640 1624 1011 180 3068 4072 3529 4350 2739 1900 1191 4920 188 2475 1866 1712 3172 4669 1678 295 3104 4889 479 1200 1394 3786 4991 4205 3206 76 4093 3068 2881 1794 1735 2336 939 4853 4951 633 1516 328 3014 3802 3515 3559 4223 1098 2671 679 646 1951 4944 2876 2636 4750 3995 4559 1770 2054 3298 1381 2676 969 145 1703 1649 1159 3403 2098 1728 1063 4083 1009 458 1942 4323 2487 4814 4812 2387 3930 3833 3072 3776 628 3256 1279 686 2181 1043 1132 1547 3937 967 1496 3525 3908 653 3329 4546 4830 4806 4997 1956 4254 1532 3119 4204 1311 1350 3471 4178 571 3867 3603 3697 3114 3657 849 2970 629 1703 4894 226 2676 3289 3798 3970
719 1642 2475 262 1613 3155 4993 4955 3241 982 1384 3829 1473 2253 722 1546 2706 3719 4257 2481 2647 3563 991 4024 2381 1784 4843 3238 4457 4093 2421 3746 3392 854 1024 4584 2204 4162 2849 1699 2027 1731 1641 2319 4292 2199 1848 460 3269 2068 2973 859 4385 406 2282 3097 1862 1079 3957 410 3060 2041 2129 4398 1718 4010 2903 3511 700 2239 195 3198 1563 4181 3721 1386 4592 4087 3904 2468 4630 1206 2959 1356 4925 2684 3831 763 3509 2622 2858 4737 706 385 795 4221 1024 2256 4664 3731 2894 4865 2224 924 3309 1289 4867 1973 2287 2313 2606 1344 219 4328 964 4939 2486 1144 4032 197 2109 1822 1353 4866 2290 4646 1129 429 885 801 2354 2678 3143 3677 4682 3659 4883 1760 913 4756 384 2732 1558 2515 4004 4190 130 2987 2605 2982 3928 2240 3991 2848 2778 4925 1257 3549 188 2318 317 688 2376 3654 2738 248 1455 1354 1064 4163 3524 1332 763 3669 845 4447 3686 4353 157 1054
1275 4207 1232 2895 3071 1906 3780 4360 4891 689 1273 2160 3762 2789 203 2706 3628 613 2486 3240 359 3575 4427 2327 1925 2831 2333 1968 4944 878 3352 2519 1421 4594 1647 3654 3806 4482 2068 2791 1983 1745 3187 2544 4998 4407 98 833 3689 4502 506 2863 2153 2397 2143 1353 948 4919 3833 4369 3820 2892 2625 3677 2702 729 151 2880 2364 3382 393 4177 4793 3267 4448 3729 1812 511 3796 2485 3052 1466 4296 4557 3773 4130 446 1617 4967 2253 3137 3818 4741 2549 2716 2353 3983 3585 4118 3098 985 1329 230 1290 430 3307 1769 4084 2758 4114 3389 1627 818 4718 3591 1870 3815 216 3002 2183 825 3188 850 345 864 67 1548 32 3966 4653 3216 3017 2714 2162 3369 2204 2880 2810 3700 3925 1293 4058 2874 362 2613 4228 3262 790 3553 330 2825 1647 2042 2757 1353 2489 3739 773 4309 1190 266 4936 1304 1269 4452 975 4278 3449 3517 1606 1309 1514 3567 3083 898 2834 2680 1750 3180 1702
2692 2049 4480 4032 994 2215 3163 2663 2266 3257 1373 551 993 2774 3719 3719 613 2506 4978 517 2038 3504 3675 159 3312 3044 1602 4480 3501 1432 3301 3049 790 2078 2726 1875 1601 945 137 3474 3136 370 3266 3871 1457 1985 125 4280 589 1587 4301 4431 2233 4458 1834 760 411 812 4884 3160 4159 2553 1553 1789 3418 3286 1189 1209 581 3467 1178 2672 1702 1773 801 243 3067 3778 4403 3169 1940 3353 3582 4492 2666 2680 731 721 3102 3271 4755 3179 50 2369 2645 4798 2967 335 2062 4837 2059 1141 2691 1743 4785 3495 4843 1578 4721 1601 822 3749 3064 3951 957 708 2850 72 3590 924 3445 87 2459 3883 578 2123 1717 2890 2234 4959 1493 1843 837 3381 556 4088 75 3960 1970 2426 2725 4596 4676 1066 3192 2589 4354 1884 4671 4948 3019 1725 125 3883 1692 1309 3596 1223 2977 435 4189 1095 3038 1575 2782 369 50 4904 349 2184 2163 232 3317 2183 3185 332 1769 2518 1084 927
2505 2629 3152 476 44 2554 680 493 4495 4477 3781 4969 4840 974 1521 4257 2486 4978 4450 612 1962 1439 3806 3939 133 606 1772 80 1903 4413 325 2518 656 242 3904 2809 3855 4874 2302 1680 3268 929 3127 2703 4946 2277 1981 2092 1181 1866 4624 3356 3508 126 4766 1097 4769 1380 1878 1765 2915 150 4097 107 4978 3446 2118 371 2177 2390 4107 145 2726 3576 3948 3262 4956 2664 2027 1420 3134 2775 1142 3870 1028 1421 4434 228 2760 1465 1940 3804 3974 2792 3539 1430 3523 2361 547 1173 707 2850 432 67 1337 1465 4147 4507 4953 4173 350 3148 3804 4852 129 1270 2620 2375 1619 1950 3009 2620 4166 1810 2336 3555 3423 4341 4349 4499 3226 2654 3613 694 1143 3332 916 4151 4755 695 2093 1678 290 122 3771 1310 4472 1445 3971 2506 4659 4776 313 1378 889 4229 1666 3713 1884 4011 1653 1966 733 2833 4895 2730 108 4529 2481 3636 3958 180 1924 3186 4024 2878 201 1962 3107 1651
3746 3633 2644 2762 3684 693 1885 545 271 1284 3518 2961 2206 3908 715 2481 3240 517 612 1740 936 2515 48 1973 2245 4699 3417 4995 772 1010 4643 92 3948 4050 3751 2841 610 3950 2773 2019 1658 4787 2113 2761 36 3181 186 4060 1190 4203 1740 3491 2387 2286 1504 4212 2457 3196 4687 4431 3678 3875 3879 2773 3941 268 265 830 2282 4766 836 4077 3780 4626 70 167 375 1700 3008 2778 3210 479 764 2130 1630 1638 3211 1878 894 236 3826 1201 2275 1990 3873 3597 946 2234 299 3523 4354 2173 4666 3745 2746 2156 4953 1762 1152 2351 3800 4035 2181 4354 4786 2806 2994 225 970 2379 536 4774 1282 1695 3695 2305 3961 2774 274 232 3528 4895 2905 1318 3451 769 1768 4470 392 4179 4263 4820 3943 4470 2245 713 4482 3643 2088 4391 1550 1162 492 1356 4014 1732 378 3955 43 3433 3214 245 2043 3280 544 3301 4319 2539 3151 1399 4955 1426 178 1373 3877 1786 1281 1321 884 3191
814 346 1856 601 2490 2130 4548 1550 2983 4948 4557 2921 4191 3333 4657 2647 359 2038 1962 936 1645 1699 4912 4973 2493 1346 2759 4998 620 1466 3566 3067 3007 3174 4471 2974 4447 3987 719 1778 2159 726 3059 2174 1055 2268 3078 2494 1420 4106 4580 2472 4975 1837 4288 2417 3714 3768 292 78 523 3490 2529 3570 3466 4255 3544 1131 2349 2846 870 511 2093 4342 1485 3897 2937 3180 4926 1883 4943 3044 2675 3654 3771 3608 3153 331 275 638 2197 1517 2879 3087 838 235 245 911 2476 3161 979 2185 4891 2488 3573 4162 4368 1236 753 3316 4035 1536 4624 2395 1509 211 3592 745 2366 1778 4707 4934 1686 4110 4565 4231 789 802 2561 2895 4331 2220 2891 4893 3676 4478 1255 4610 1650 52 4294 3282 1460 3758 68 293 3814 1820 4298 2507 4394 913 1693 1458 2890 1612 3811 224 3791 2348 829 1444 1888 3705 4437 2031 2243 2694 746 4683 3984 3269 2898 978 1552 4409 1220 2049 3261 4865
4890 2128 2006 3895 104 1091 1155 3453 2232 4039 1068 766 1740 1294 1881 3563 3575 3504 1439 2515 1699 4413 724 3088 3413 4547 1241 3066 4149 4271 1296 2114 4470 2890 509 1433 2408 2883 4306 4596 259 2822 2098 4715 287 3426 1183 1625 2991 1345 3611 4666 3313 4146 582 3687 3955 3168 201 1311 3258 1366 679 4298 1053 1320 1594 2989 4989 3007 2494 2210 1510 2502 830 2550 891 1516 2285 4180 3459 4182 1662 1805 801 3485 4635 3607 3419 1853 2191 586 2123 1124 2790 215 2592 3904 994 2291 4374 4429 1901 1098 2162 4880 1303 1545 1808 3807 3498 3121 4675 2239 3383 1312 3076 4382 1689 1730 4859 2708 2321 3126 1319 2885 1651 941 4855 1749 3947 3005 3664 1662 4049 322 4099 4042 3782 2445 564 3473 1537 1922 4487 2503 4043 2491 4732 2540 2842 1314 2444 215 241 1217 2032 1596 2279 4157 4186 4039 4254 4403 450 1298 3804 2134 4718 476 507 4513 3313 3443 3624 11 4393 2440 3275 45
1008 3848 839 2279 4189 1158 2762 1014 4192 2651 3687 4332 915 3467 2090 991 4427 3675 3806 48 4912 724 1603 4738 2307 1988 1975 4501 3683 3280 3435 1490 1737 300 1661 2576 4400 4098 713 1510 3810 539 1710 1566 4609 4347 3269 1658 3634 3546 653 4290 498 2142 4953 3394 3972 4010 3283 830 4874 3723 1262 4399 4658 3766 397 642 3006 4434 4256 4991 3001 2554 1866 2579 988 567 1599 2967 2557 2652 409 2615 3840 1254 4430 2925 1810 2669 2079 4383 354 2028 2735 1935 488 4685 4705 4176 4287 2643 2602 4066 4045 4406 2589 160 3049 1094 2129 1729 757 670 4137 1819 703 1294 1245 1704 4713 449 3106 1543 3792 1264 1294 2398 247 70 4239 773 2686 2955 2381 18 1159 1999 775 2085 3847 4744 998 1210 1656 614 4384 1260 358 1566 1627 2365 2120 549 4883 1200 4232 139 2103 4368 2770 2165 2177 4626 1691 395 3623 4476 3845 3677 4071 3476 3831 3450 4900 2884 1746 4613 4017 124
2195 1484 1502 334 1300 2190 4710 641 1340 3998 2852 54 1185 1821 1948 4024 2327 159 3939 1973 4973 3088 4738 3709 2880 4751 3107 2952 2229 1104 887 3457 1273 712 918 731 4143 1505 1854 505 1115 516 3762 438 3321 1239 3095 4604 1748 3294 4589 3066 3187 103 3515 2066 4773 4409 2874 2317 565 3821 3539 4628 4680 2684 4359 2607 3557 237 162 4431 2224 4170 2855 4247 1224 1360 138 427 1822 1812 4524 4762 4612 4447 769 389 999 1559 2366 2232 888 2303 2837 2556 1634 250 1965 3344 771 3877 2066 3883 4935 4105 2531 1024 1291 1700 2973 3197 2525 995 4653 4152 4568 309 2180 3234 2287 2382 886 3854 1808 425 1968 142 1246 2242 79 2725 3711 257 420 879 4977 2212 4660 751 892 27 1992 401 4163 2663 295 956 3588 2357 1624 4242 51 3695 1150 1021 3619 3587 3008 870 2286 3790 3643 1936 172 3038 4656 101 4535 4465 3741 4828 3222 3359 3309 4805 1362 3953 4107 1391
471 3307 583 4450 216 3764 2235 815 2740 3901 156 2042 2022 3564 4708 2381 1925 3312 133 2245 2493 3413 2307 2880 3678 3715 3037 346 1744 4471 3590 4048 1748 4704 4341 2906 3917 628 3835 2880 4108 1685 2647 2656 2294 37 321 1055 1390 2090 535 1969 1642 47 2719 2159 2902 1603 243 4494 3635 4304 1837 1878 4499 2099 2639 1130 4474 4549 4778 4792 4751 1439 1614 173 2351 3854 2223 4973 163 4611 1743 798 2150 4016 2776 4879 4207 2216 204 3658 4871 3113 1495 430 4235 565 1742 2647 2168 457 4266 4528 3036 4591 2235 755 3448 1342 4240 1072 2692 2153 2525 829 2043 878 878 4800 3217 2935 905 613 4943 600 1889 2748 3861 3898 4735 4535 1475 2571 3518 106 3842 971 901 4137 4892 3103 4176 202 3893 1578 1190 3368 44 3988 11 1802 4735 3907 3798 3120 3034 4406 2046 201 383 4987 3306 2509 4515 3216 2687 3070 2090 3482 2880 1299 1898 4201 1632 4759 3629 1429 1868 175
2465 3880 1939 4267 1228 3940 3842 3079 1215 2482 1467 1180 2627 2722 944 1784 2831 3044 606 4699 1346 4547 1988 4751 3715 3607 1889 2793 2176 886 3935 3111 3564 1917 3534 4079 626 2349 3951 1442 2434 2189 4273 96 936 2592 976 2463 3870 3433 3813 1786 2515 1791 2261 4164 968 1214 945 187 1718 1462 4126 64 1053 3082 3615 1067 2988 2508 3413 4420 4840 3810 4917 2207 3010 4628 4796 2334 4243 1483 108 3556 2848 2784 2972 4521 962 1077 2804 4924 41 4198 1007 1291 750 2683 282 4932 2870 2975 1471 1697 2458 1589 1265 2842 4415 3585 2158 3401 3398 3992 4402 3848 4931 3399 2236 2871 1066 3097 692 4728 2251 2071 4329 4086 68 3145 2054 1699 777 4531 3292 1137 3971 3954 2435 2601 4813 3106 4038 2880 638 2107 791 265 4948 3762 2614 2766 4969 2358 525 4090 843 2684 3301 4032 2128 1892 1679 4056 162 1476 2018 4205 1913 3297 510 2586 344 3179 2313 4294 834 906 2296 3208
4131 2527 3698 3049 2536 3412 1563 2965 991 939 1884 201 3481 2401 2695 4843 2333 1602 1772 3417 2759 1241 1975 3107 3037 1889 4027 2768 1758 3512 817 2769 4916 1644 2415 2293 2130 2488 625 1642 574 4906 74 4326 4271 547 26 2210 2625 4807 3925 504 2748 30 4494 3402 371 260 4334 3325 1137 3623 3023 283 3480 1816 3134 4949 491 1752 720 3004 3208 148 2267 2778 1940 2601 2478 2101 1643 3340 3435 291 4433 116 3065 4772 3572 56 4013 1072 2738 4606 4664 3472 1459 1296 163 1100 1582 1673 1399 511 1317 887 3272 763 2226 1845 3849 2098 2741 4801 418 3827 1189 2100 711 2725 4160 1390 1814 2614 4109 4526 3062 708 2134 1820 1405 1201 4182 2652 1352 1815 1776 1443 2372 1001 4469 3210 438 1445 3175 3614 764 3028 4115 2776 2038 4497 4127 4496 799 4729 1027 3412 3855 822 3101 3729 1142 1187 774 677 1331 1342 227 1379 633 2853 2324 794 2775 1766 21 317 189 153
1926 513 874 4561 3833 4927 267 4596 1716 705 1846 577 181 911 1696 3238 1968 4480 80 4995 4998 3066 4501 2952 346 2793 2768 960 3638 4757 4342 3258 239 4796 4184 2781 1892 172 1800 1863 552 1319 3313 78 911 2616 2736 987 2987 1744 1501 2502 1526 4745 3207 1849 340 2329 4232 3591 1468 462 4402 1670 1023 83 917 999 175 3931 132 1658 126 3178 2711 309 2126 534 841 4504 1166 1887 4159 4959 1734 4518 4988 2458 2191 2345 4953 735 905 2559 1568 1089 3160 855 1403 2286 2601 3610 2963 1222 1388 4035 2174 2304 4752 16 1096 3179 3243 4860 1726 2705 3474 3591 2575 2517 1389 4563 3477 1253 1087 2320 884 1752 3035 3112 1046 3770 4279 4260 1407 4389 2324 3929 1532 3025 2111 2947 2380 2667 4954 3488 624 1110 2572 1948 3830 1709 1880 1918 4217 270 917 2249 422 4069 687 1783 3159 3464 4532 4757 4655 4670 1073 1090 1091 2403 4385 3206 3177 1319 3285 1076 4932 3817
4635 1296 1640 2540 1239 2366 1991 1653 4439 4877 4856 2285 3279 565 2641 4457 4944 3501 1903 772 620 4149 3683 2229 1744 2176 1758 3638 3747 4877 2317 3423 4832 1231 1827 4020 361 3438 4733 4433 3021 921 4309 1971 1266 820 3500 189 2860 1038 4306 1105 3685 2158 3820 3654 506 536 2114 2976 1985 1651 1340 1138 1162 1649 1607 4467 2495 4633 4165 2089 133 3918 1479 2331 2254 2393 2951 1262 1767 2459 707 4508 1940 4950 1153 4658 3929 4216 2907 61 3672 4943 4744 26 2092 4701 3551 1828 3723 3506 4403 152 3540 4837 4455 4333 2075 3009 122 258 4944 2344 727 523 4749 4051 4134 3426 1164 3746 1310 2035 498 1398 1308 394 1020 2223 1811 4543 3475 290 1597 4597 4581 4845 3199 698 3114 4563 3793 4344 3057 2387 234 3553 1570 986 2632 2304 168 2072 1342 1187 238 2815 374 3295 984 1065 4735 3491 2599 2301 2246 4999 1569 347 2302 3742 4559 202 452 3115 1649 4929 3004 2213
1286 1836 3355 3086 517 1832 2803 1165 1875 301 1825 2158 505 421 4269 4093 878 1432 4413 1010 1466 4271 3280 1104 4471 886 3512 4757 4877 58 2010 1366 3414 4839 3764 3746 3059 855 1885 1262 2909 1886 3120 3588 422 4388 2034 745 390 2014 3779 971 92 931 4669 2837 4328 1998 2455 2580 477 4925 318 821 1704 674 3709 4860 4639 1831 727 3212 814 4297 1943 3463 2210 2208 1175 1775 4675 1676 2305 1612 3613 1226 813 78 2072 2477 3031 2029 1131 1097 334 1554 3438 381 1708 3913 4484 4518 159 2595 936 2737 2785 948 1029 4987 4879 2477 3796 2030 1114 1815 2503 4367 2347 45 1494 4936 2341 4581 1604 2846 3478 1355 1705 2448 677 3393 3503 1348 803 3959 3839 4757 3256 4050 3229 3282 3936 3268 663 4696 3509 1608 1301 2142 259 2975 55 4197 3262 4462 4138 1619 2343 2914 4275 4254 4539 2458 4663 4510 3907 4094 4781 4080 1425 1431 2428 4670 702 1046 680 3843 3971 1798
4006 2565 620 4655 1186 4403 4865 1182 243 4829 2481 2265 1981 1335 1224 2421 3352 3301 325 4643 3566 1296 3435 887 3590 3935 817 4342 2317 2010 2823 4739 4493 4367 245 824 3345 1759 4309 3955 1818 4854 2387 488 2350 2078 566 4094 3408 2357 2928 4983 1999 3822 2166 4358 3743 43 4514 2548 1909 1258 2819 320 727 4972 2395 3719 2117 3075 1889 3614 884 2049 2654 2139 4434 1214 2532 546 3840 857 3755 3915 3949 1200 2746 58 3641 4526 966 467 4721 877 2774 3264 3201 3497 1098 977 4024 1334 1508 1363 3737 2887 3628 1035 2628 3924 4257 3944 808 3191 3013 3239 4213 1665 4333 827 4505 3957 3966 2421 2587 2035 4917 3647 198 434 739 4398 4750 2721 4872 4458 3408 546 2638 529 4213 4321 2896 2116 1543 4915 599 4672 3478 327 2529 4215 2158 1394 2709 2927 4290 2967 3382 3489 3395 190 2899 2921 4865 4352 2040 1528 206 4744 4910 226 2867 2755 3767 876 468 173 1425 4755
4310 4371 4702 1455 2161 4690 3497 587 1052 4757 2875 1915 3219 1336 1548 3746 2519 3049 2518 92 3067 2114 1490 3457 4048 3111 2769 3258 3423 1366 4739 4743 1844 1445 26 699 4339 4442 3246 3148 2993 4259 2824 2953 2095 1407 70 657 1579 4358 3208 292 3360 4940 2805 597 1035 1326 4317 2164 3969 4581 2658 3226 3449 3176 2531 3109 595 4318 748 3503 1794 2776 2178 1735 2508 4009 1313 1204 3746 1739 3876 469 463 295 110 1938 2789 2379 4130 2252 4458 2226 3609 3387 2894 3716 2219 556 1714 2668 3824 1532 2636 3553 753 1695 4446 2709 3019 1780 3320 2077 1802 101 4970 1625 264 3738 3034 1953 830 1302 2776 1015 4023 2842 3400 3294 2722 3799 2931 1043 1993 3780 3869 2921 4798 281 3446 2376 703 171 1882 2452 3339 208 3724 1619 450 829 118 1610 4795 439 1766 1209 3797 2282 218 2008 1177 2813 1081 561 1739 4649 1861 4603 2784 1202 968 4995 71 1945 4215 2429 4876 4974
3268 2780 1189 3504 1236 4697 3065 3126 551 1626 508 4305 1571 2823 3518 3392 1421 790 656 3948 3007 4470 1737 1273 1748 3564 4916 239 4832 3414 4493 1844 1880 2084 673 3410 3963 1605 3745 3370 2211 1003 1312 4157 903 970 1325 2510 1307 3701 1125 2030 4315 4632 3993 1905 2126 2044 3552 4823 1525 1892 1039 1276 1162 646 3845 3315 3356 3905 2414 3609 4135 17 159 3022 1458 1386 1052 2405 4790 3435 2004 4720 2955 4568 1967 3429 4442 3941 4560 357 1001 4842 4114 4318 2735 4874 465 2607 2846 2043 1297 286 3141 322 711 4250 3361 2718 4732 2427 805 4254 3593 4885 3370 36 2483 1640 2219 2612 4602 102 2471 94 371 1657 129 1699 4982 2634 4000 1330 627 2719 364 1153 741 1271 2105 242 3690 1036 792 3509 3398 3908 2382 3153 2002 4170 2506 2858 2314 3931 1391 3296 808 1179 1582 4284 4837 3728 121 4146 4144 2297 2758 4411 824 4824 3762 200 4384 1349 2840 4335 4954 4889
2226 2141 3923 1139 2130 495 674 1963 739 113 3811 4127 1571 3427 1795 854 4594 2078 242 4050 3174 2890 300 712 4704 1917 1644 4796 1231 4839 4367 1445 2084 1963 4911 2575 1197 3018 2542 1298 2108 2116 3216 4080 1956 1321 3241 1735 3912 4350 3976 191 1764 3828 1686 3888 4801 3692 344 288 525 1734 4625 565 2381 138 4332 1206 4123 4002 900 1294 2157 227 2701 3337 3529 3500 4528 3388 2363 854 3074 1427 3948 2616 512 3717 3130 4494 2089 2065 2309 1550 2691 3163 4124 1030 2491 1028 4452 159 4929 3846 271 3798 361 3767 4080 4562 4976 2720 3444 4261 1582 3031 2892 2223 1673 1936 4313 4131 3761 4836 3888 45 1737 2689 2860 1788 4922 2518 4385 1565 833 2122 4322 3509 1544 4374 252 224 450 4462 4152 3502 4133 4579 1165 2362 1224 2459 470 2669 4519 1360 3789 4300 3162 2940 2114 2482 1217 3880 2326 554 3604 653 4517 75 460 3282 4818 753 980 4509 4197 4265 2696 512
886 1858 3688 4686 695 1444 3744 960 2429 361 798 3432 1718 491 1320 1024 1647 2726 3904 3751 4471 509 1661 918 4341 3534 2415 4184 1827 3764 245 26 673 4911 567 3592 4324 1098 1356 2842 2194 1967 2617 486 1993 1017 1646 157 2973 2373 550 3630 2737 3334 782 3928 4696 3498 732 1670 2800 3947 1824 489 305 2272 1778 1665 272 3979 4662 4212 688 1138 3862 4942 1716 3587 2027 2375 4683 2714 1505 2227 1390 1181 4416 1118 3765 3849 1657 2324 1416 3035 4837 2774 3127 1383 4604 89 2128 4918 1810 3117 2590 3028 174 1119 82 1581 4210 2495 2892 4400 4420 1678 1787 4960 4868 4101 2503 1571 1825 920 1796 4333 781 224 2126 1604 1013 3168 2039 4120 4449 3534 1526 2855 203 2901 3075 2527 3650 3423 125 4770 651 1557 2077 1423 2472 1230 4458 3566 2905 4747 904 2796 1895 3129 2920 4438 1865 2496 3601 1896 1576 4087 4419 1702 1543 3458 1582 246 2079 3574 4871 1630 2620 2008
4012 3514 1366 1951 4772 2331 272 4993 2473 4978 677 1063 1817 4039 1043 4584 3654 1875 2809 2841 2974 1433 2576 731 2906 4079 2293 2781 4020 3746 824 699 3410 2575 3592 190 3145 4907 575 3994 4942 1554 3856 1201 831 3005 2729 2467 4197 823 2459 4416 3341 4315 4400 2994 3367 1390 1930 4078 3850 2549 57 3525 950 1217 4452 2176 2446 1895 3133 1785 1090 1635 2824 952 1989 116 1355 335 59 2656 752 3336 123 2398 2572 3483 4846 3175 3999 1066 75 1259 2769 4393 2117 2829 745 4806 3621 1973 3628 1529 1916 3940 1650 2461 1809 514 835 638 2030 1604 4191 535 1256 1468 4892 3706 581 419 3518 1261 4071 867 773 4970 1002 2742 3155 1063 4367 4027 4552 380 4987 2362 2413 2388 2696 4560 1805 2806 2261 4137 3783 297 4234 4308 3503 1757 3156 1462 769 270 454 911 2584 232 1032 2684 1012 3434 930 421 992 1420 3681 2078 552 3181 3907 3154 254 4176 2821 3143 1115 2627
2125 1783 2558 1636 3651 3688 3335 3320 3590 2710 3538 1682 786 821 4245 2204 3806 1601 3855 610 4447 2408 4400 4143 3917 626 2130 1892 361 3059 3345 4339 3963 1197 4324 3145 1808 2410 2882 4369 3445 2754 1623 58 3717 97 3693 1267 2426 4610 771 3079 2150 4320 2428 1191 379 3302 2425 1738 4679 4926 3194 851 3815 2463 1743 186 681 4891 1503 2858 1090 1881 3074 1974 1864 2459 477 3590 335 4886 2157 4454 588 2333 731 2447 1739 3273 4590 3036 907 1233 1001 527 1315 2408 1901 2951 1523 4259 3974 2838 4428 2838 766 1201 3101 4074 4230 1765 4197 1793 796 464 2972 1882 3476 1893 3964 4391 1742 3967 575 1877 325 2789 721 4491 3314 4108 1352 805 3419 4884 446 3129 4147 3624 560 1585 3016 1447 2779 2097 4175 4335 4859 3901 4111 4779 2684 1750 687 2650 610 1483 727 4963 3628 1691 4932 4603 4001 218 513 1384 3972 678 2551 694 3209 628 468 3151 3315 4644 2323 1416
4868 2284 1261 3925 538 1246 1905 3345 2725 3049 1787 318 144 804 194 4162 4482 945 4874 3950 3987 2883 4098 1505 628 2349 2488 172 3438 855 1759 4442 1605 3018 1098 4907 2410 2880 1035 2539 4442 2493 3609 2353 1044 918 2293 4016 3159 759 1200 822 1469 1162 1176 1075 3382 1833 3926 4924 2298 4980 123 4571 4233 4526 485 1911 864 4872 2275 2764 2282 3490 4426 4060 2095 4022 3253 4383 4662 1692 1584 4862 968 3967 2827 3350 1426 3530 3494 2619 3780 2791 2628 4304 1753 349 3060 4358 2063 2784 3050 4800 1652 1916 2644 3514 2434 1633 2138 3409 2266 116 2294 1107 3468 4406 2517 4586 3160 1526 2740 3132 1029 124 3864 225 1323 729 159 880 3329 2111 720 1470 1127 3870 703 3081 3890 1839 1429 4334 3461 2325 3026 1658 3726 3031 3158 3527 3890 3769 1437 1172 161 4792 2288 4510 2740 3512 322 2681 3257 4521 1339 19 2245 949 2478 443 2658 1224 1079 1945 2982 2121 2693 1198
4197 3813 2608 1681 1898 3757 3618 1001 3459 2071 4346 2415 1116 1358 4762 2849 2068 137 2302 2773 719 4306 713 1854 3835 3951 625 1800 4733 1885 4309 3246 3745 2542 1356 575 2882 1035 3794 4391 4799 1267 2677 322 4262 2390 4179 1764 2846 2025 4885 2768 2371 4260 523 4527 4718 4079 4671 3561 410 4631 3461 723 3020 1422 2963 2688 3724 2303 2205 2552 1849 2621 4783 4429 2672 3760 1054 1706 1683 3631 4406 2217 1801 4707 158 648 3974 1151 4062 3306 3963 2017 649 4285 2223 220 1642 3406 1985 4219 4349 3248 293 4419 736 792 2547 468 272 3797 4696 3502 3421 2587 1010 972 843 1946 2815 674 4688 126 1250 4278 620 365 1460 702 3398 626 1739 434 4320 1729 3340 1738 2499 611 2411 4610 4558 3244 495 1479 664 4920 1575 3169 4637 172 4595 2470 206 1457 669 677 1746 4812 1452 3175 2679 3810 1565 4844 411 4158 3386 663 1691 4790 4945 3978 2116 2380 3557 4242 2809 4478
4102 2362 448 4260 149 3568 3326 1830 4450 1896 3328 3516 3743 4064 2096 1699 2791 3474 1680 2019 1778 4596 1510 505 2880 1442 1642 1863 4433 1262 3955 3148 3370 1298 2842 3994 4369 2539 4391 4036 1097 2144 2687 3244 624 4392 1912 3972 2233 2130 3276 3490 541 1490 668 959 2958 82 1742 3164 4952 2664 4882 494 1016 2461 2598 1725 3681 3313 2276 3629 871 1124 3793 738 3110 1877 4680 2675 3360 2170 4180 2973 2052 425 4154 1020 2690 1570 3860 3326 2989 3751 4833 4953 3724 1265 1239 4137 1481 3923 1770 3715 491 3468 3775 520 4925 843 2464 4911 3941 2360 1548 59 1778 669 4423 3338 4557 1069 2082 4835 1817 1894 1803 679 1393 1859 2134 135 4357 3564 2335 3771 1582 2541 4794 108 3675 2770 4126 35 1474 1723 4634 4236 4420 723 277 2554 2807 1130 1995 2088 1140 3231 337 2973 1642 1019 433 4387 3483 1162 1522 3619 4021 2858 2884 4831 1147 2550 3719 1805 3834 3169 1885 4946
1747 1907 1607 3395 3290 1943 1345 194 2648 1921 3933 1189 4379 2194 3232 2027 1983 3136 3268 1658 2159 259 3810 1115 4108 2434 574 552 3021 2909 1818 2993 2211 2108 2194 4942 3445 4442 4799 1097 2623 4604 3103 2220 57 2510 2867 293 2258 1610 2825 744 3913 4704 1204 368 636 4922 11 1373 3392 429 4913 405 4774 2850 3979 2480 2165 4925 3330 3230 322 1094 2266 1855 2369 4903 3454 3260 3952 4255 2800 945 4523 1764 1460 4089 4503 823 3812 3682 515 2379 3486 275 1808 4976 4867 3709 4093 181 2113 491 636 2860 2682 1541 4743 3797 266 1417 520 3177 2105 35 3308 507 4538 3785 1976 1367 2940 3105 2994 3014 1349 3706 4493 4484 3953 775 3078 4355 1001 3529 1049 3101 4158 1407 4849 2353 2157 4180 3470 4244 4225 2069 813 2579 141 1980 1559 4036 699 398 1947 2406 3959 899 2695 3789 1827 3830 1641 4450 2201 1290 3496 4045 207 220 494 3294 4314 975 3212 2926 1612 2766
2681 1311 4480 1212 3312 2627 1403 3650 2726 3715 2236 2565 4146 4436 1445 1731 1745 370 929 4787 726 2822 539 516 1685 2189 4906 1319 921 1886 4854 4259 1003 2116 1967 1554 2754 2493 1267 2144 4604 3445 1270 1160 737 82 2743 4951 3960 3218 4522 1124 4762 3590 4886 3358 3433 4490 1118 1123 2360 1842 3213 4205 2556 3623 3057 4666 4567 1714 2413 4287 3566 506 1132 1710 2315 1580 703 2228 3696 3970 3885 2369 3377 1947 3891 2692 2443 1777 1384 2550 743 2060 2118 709 2332 67 235 3388 1893 2011 1028 1977 208 2818 3319 4907 1960 4336 1039 2538 3088 1155 1123 21 376 1809 4717 3108 487 3791 3776 4698 2525 2788 4379 2726 3823 3638 2093 1703 4967 984 1107 599 2142 139 1874 4725 2640 133 202 2866 2273 655 118 3077 537 4544 2464 3163 2174 351 607 3111 2294 4410 2976 751 4049 4929 93 152 765 2420 2994 3532 1235 4849 1549 696 2428 1279 1388 2616 133 3113 1002 2835
3419 2181 4125 4582 516 2434 2277 2578 2897 727 1562 1514 2490 1421 1622 1641 3187 3266 3127 2113 3059 2098 1710 3762 2647 4273 74 3313 4309 3120 2387 2824 1312 3216 2617 3856 1623 3609 2677 2687 3103 1270 2332 669 4008 577 3219 3966 4512 4649 3014 765 1277 2027 38 2985 3381 4417 3532 2935 4510 979 1522 2169 4430 2779 965 2888 1974 723 233 2172 3387 3229 4914 2048 2001 4052 2669 724 2525 2296 2511 2246 3761 2810 1951 3736 1017 3561 3724 1600 4810 1670 1236 121 2070 458 1337 3346 3113 845 919 2947 4245 1457 3091 1676 1833 4808 4437 1166 1072 3231 366 2781 1580 4937 3201 4756 1113 4096 2705 3814 716 2832 2777 3762 4084 3574 1090 2861 763 4087 3483 3144 3509 386 952 2139 3287 1952 3690 2988 4541 1019 102 3196 4465 590 4169 957 4909 4868 51 2806 3517 3821 1771 573 588 1025 1192 2028 512 2490 2179 1693 1478 4789 1967 4781 929 3209 1112 3154 593 2927 3625 901
2454 1829 1608 303 2818 1813 3731 1272 3303 1301 54 465 1056 1628 3160 2319 2544 3871 2703 2761 2174 4715 1566 438 2656 96 4326 78 1971 3588 488 2953 4157 4080 486 1201 58 2353 322 3244 2220 1160 669 333 3383 2824 2120 4370 2468 2727 1541 4317 3856 3112 3058 2394 4307 3918 2170 296 2518 808 3650 3321 3380 1371 1905 4543 4907 221 959 4950 782 3398 4624 4505 665 1458 1814 2961 4314 3316 51 1822 3879 3074 4033 4720 118 250 4123 2842 3803 1107 3466 895 4794 2318 3882 4708 583 542 2217 1166 747 3439 896 4093 4098 2288 67 3519 1079 1357 2061 1009 4514 1014 2188 3691 2841 1131 2419 4710 1748 105 4821 1105 893 374 3128 32 1876 4013 2244 1765 489 287 3179 480 974 3799 4282 3801 4420 293 3468 2887 2494 2779 3226 3871 3091 480 2284 2504 495 1014 3251 1944 1747 3176 4478 1620 4585 3094 2131 74 4570 1345 1958 847 4463 3443 3419 3065 1472 2024 1158 1031
4677 2157 2395 4748 2525 3869 4742 3953 1421 4898 330 4805 4805 4776 4643 4292 4998 1457 4946 36 1055 287 4609 3321 2294 936 4271 911 1266 422 2350 2095 903 1956 1993 831 3717 1044 4262 624 57 737 4008 3383 2110 697 3791 4617 557 414 2758 486 2858 1082 2912 3247 3650 2773 1687 3212 3169 3284 863 140 649 3533 1821 3625 2624 4881 4161 509 733 3727 1611 4311 1447 2555 3673 4108 381 2895 2733 652 2245 4836 1489 4148 2931 397 4151 3315 2395 4044 4012 1748 2852 3044 1793 1513 3611 2580 4434 481 2620 3319 524 1763 3564 112 4967 3123 3648 25 2655 2952 3016 3232 3478 1904 4090 3353 4869 2379 3064 3837 1053 3199 2847 4275 4807 4821 1421 1536 2898 3566 2749 2822 1183 2383 2155 2569 4193 2792 4810 3579 295 2967 2924 3549 1797 1469 2332 2408 4095 1271 1971 4699 2335 2439 2448 2980 1261 3392 681 1113 2572 3804 3002 4163 1574 1174 1132 2977 2375 1245 3188 245 1580 4270
