N: 180
M: 20
Symmetric: true
Triangle: false
8 2 81 98 147 91 141 41 76
6 88 115 45 127 42 38
12 118 149 4 58 174 106 163 145 33 77 128 144
9 69 32 162 1 129 122 124 170 143
6 172 70 177 97 101 139
11 62 120 104 65 21 146 133 160 17 68 9
9 23 48 131 49 39 47 6 109 64
13 92 142 83 102 148 73 103 138 117 86 27 79 110
6 161 158 132 82 40 107
8 116 30 152 3 175 154 5 14
13 15 75 130 135 26 105 10 12 50 60 13 178 123
7 113 18 84 126 140 150 99
6 179 155 71 119 67 157
11 54 112 19 165 16 93 63 87 43 29 108
10 37 61 59 125 7 156 136 52 51 56
10 171 31 159 24 164 111 35 168 74 20
5 95 57 78 46 151
6 22 72 85 167 180 114
13 11 55 96 36 90 134 100 34 89 166 121 44 25
11 94 80 176 153 173 53 8 137 169 66 28
950 3301 2211 3426 3632 35 1495 706 3218 1956 4455 765 3166 1818 3537 704 1056 4284 1342 894 1630 1195 4170 2957 946 3778 1930 892 624 961 344 2251 3043 3567 3408 3395 2202 150 3439 2844 647 1122 4736 4586 4737 1973 3308 2862 501 4436 1728 4668 2072 3295 4381 1934 1319 3932 1706 2839 4082 1323 4642 1923 2786 1523 1636 2906 4132 4440 4110 3618 1410 1564 2328 2019 2037 2338 2227 1357 246 2384 1677 4231 3751 1259 4634 437 3572 3733 473 3188 4432 1158 2547 1306 2495 2328 468 4921 1023 654 3415 1690 3770 2609 4321 3458 3795 4249 229 3299 455 1280 4065 3950 217 1208 429 3898 646 195 3355 4537 3513 4175 1202 2394 165 4354 2835 2326 1051 4335 3194 4407 87 2110 284 544 4382 1786 1479 4587 4700 3845 4519 2203 4909 2127 895 2528 476 1882 708 3961 4066 4317 891 3354 3700 3874 3530 697 4147 1044 4492 2202 3476 2378 4213 548 2612 1773 1842 2310 4996 953 1502 3687
3301 4024 3687 2835 1486 3942 4584 490 4206 4348 3290 3383 4307 4315 3187 3166 4017 4928 823 2787 4485 667 1474 3568 2780 21 1097 3929 2794 4384 2102 265 3041 2968 2426 1194 3878 1498 4729 1365 2652 4102 2080 1215 279 627 2012 1594 210 90 4086 105 1853 3927 4752 4260 4194 3724 1046 1352 62 891 187 1411 3300 687 4815 1947 1067 4263 990 846 4930 432 556 373 183 2763 4511 2132 1194 758 1436 4072 1946 2768 3663 1105 2785 849 2059 3371 327 342 1238 3484 1156 4751 1473 1215 3934 612 963 2460 3921 1953 2860 2961 3381 2183 1502 3075 4555 1995 3326 2504 4226 3130 4529 4341 4379 4899 1793 2128 4952 4450 1317 3822 1330 1654 4631 606 2568 886 4254 3125 1482 1919 2129 967 1075 4797 1325 2902 2728 2589 2593 966 28 133 2368 4912 4386 3315 3855 3777 4249 1154 3818 235 1126 2829 1646 1855 3409 4645 4841 3713 2108 771 2790 4341 4827 4337 2954 1709 457 910 193 4049
2211 3687 4881 723 1023 1613 4868 4087 2275 3457 4882 2148 3607 1526 3087 146 373 271 678 3899 1234 3365 3127 835 4565 2107 710 830 2738 3580 3477 1326 1510 2227 4621 2388 1296 100 1626 4777 3658 1913 2513 2885 2406 4290 135 4719 3919 700 1295 2714 4598 1100 1531 1490 4993 337 1818 3921 590 2428 4172 3640 220 1899 830 851 2366 4232 718 2947 1992 3068 556 2200 2543 2338 2454 23 3918 4620 3419 4892 388 1286 2832 4884 4670 907 820 3588 945 799 2575 1844 2850 2646 3704 4705 3899 3828 4201 4093 4830 1647 2992 4296 1708 1341 3746 1937 3516 2884 1454 1612 75 3118 2590 4030 827 461 3738 2853 2832 465 105 2762 3780 584 71 191 305 739 1373 1927 1404 4087 1924 4249 1149 629 4906 3416 1587 1784 2784 2436 4553 3395 1249 2913 2391 1871 4163 4591 3072 4930 1990 2861 1522 1774 368 3262 2947 4209 2057 2661 3494 2547 4466 959 2912 4146 4382 3586 418 4913 4303 500
3426 2835 723 4760 1050 3707 746 1392 2756 2779 1251 2740 2911 1864 3916 2533 1058 1802 1431 3337 3733 3545 4520 3215 445 783 1181 2813 3389 4028 4217 4320 1467 108 410 4840 4201 1729 1849 1732 1941 3010 1319 1556 823 3355 863 505 2841 3292 1298 1314 4056 1391 2904 4156 1751 523 3106 3664 1799 3033 1591 414 1770 2528 3179 429 3713 514 2978 2315 791 38 2558 470 1877 4310 593 3327 463 4124 1369 2047 4731 4028 4152 4360 1971 1931 1966 3071 201 4831 1576 3126 652 1737 2024 1271 1568 3032 2188 2153 4091 1492 1063 591 4008 2620 3807 2995 3569 2817 1445 408 1512 220 4670 4969 3796 3438 4103 4013 700 4797 766 1714 1363 1131 4256 4820 3020 878 4544 1426 3082 3406 746 4778 4618 384 1466 239 1474 2317 2722 793 947 3534 4596 4864 2968 930 995 2786 2812 737 3863 3345 2804 2610 1999 2226 2698 3538 4340 2282 2042 2225 3115 3699 841 4061 3065 4132 1596 3216 2466 121
3632 1486 1023 1050 829 4146 3724 255 3564 3505 735 3480 4773 3282 1946 957 3786 301 4650 2730 2998 4528 2404 4747 2570 483 877 955 941 4071 3481 3335 1547 3817 718 792 1092 3864 2647 2847 2479 2574 434 2478 2157 1397 3573 513 3319 4645 3054 4223 2483 3608 4956 4543 3441 2421 4808 793 4975 2729 1428 3564 3478 4730 4322 459 1349 4825 1833 513 3257 4947 331 4126 2643 4186 1923 142 3385 345 4983 3438 4564 1266 1160 4819 4054 2805 3901 1651 4097 3288 2365 716 2049 2721 4203 4469 4622 165 3204 831 565 1092 208 3166 4006 2082 3203 875 677 1435 2052 3875 2680 1181 3658 4568 861 4729 4050 117 4213 4487 609 3716 3582 2077 4280 3212 1919 2215 2250 869 422 3242 2702 1414 1749 73 2343 881 4132 1154 1033 4628 57 2485 2026 1178 118 665 3146 3170 1638 2560 2604 1166 2582 1180 32 4303 3777 2954 155 4195 2103 2604 3518 2441 4005 4054 4138 3060 1680 3005 292 1571
35 3942 1613 3707 4146 4823 4651 1286 1792 3915 3672 1056 2021 3694 3976 2723 3153 1323 4977 2216 1451 680 3359 4493 4725 933 2606 2778 3174 2793 532 1948 1693 2397 1532 4900 4436 145 3180 4958 809 3963 2725 1062 1695 3296 3552 1248 1061 3931 3450 614 1774 2500 3512 2633 649 967 1029 788 422 2625 615 2249 716 4297 3333 1302 2286 3314 2840 1103 1232 3598 3420 1269 1847 3694 4764 3219 3047 789 4872 2959 1989 3253 2039 3732 682 4512 4235 741 2526 1070 1334 477 503 1858 2998 4105 2156 676 2860 1355 3246 3786 2006 4540 2099 4214 2142 1258 639 4097 2631 4961 638 3585 986 3710 2585 901 778 2302 1942 898 2649 4600 4371 1870 3061 3440 2030 2262 2882 4146 2080 4125 3693 1426 4746 1808 3754 1935 919 4136 241 1687 2582 3898 2761 2217 3947 852 2490 4888 1382 1302 966 4439 2266 515 4781 2618 4282 3415 1739 3317 1046 4461 4317 3513 1379 4961 424 1897 2577 278 1593 4138
1495 4584 4868 746 3724 4651 1046 1856 4431 3234 3566 432 1493 3723 3151 4024 1027 1547 3147 4816 3085 4693 1755 1464 1574 810 4914 4385 4349 886 4699 4662 47 899 542 1928 4819 1755 81 4305 1823 3343 3864 4951 723 2143 699 534 4900 4917 276 3353 3793 2436 4153 773 3463 3016 4554 366 4617 1234 3357 1176 4682 1628 4692 1680 2166 2322 986 4015 4372 687 3076 1030 1034 3057 1038 232 1544 4891 3593 1419 4790 432 3549 1928 2151 4255 4529 614 1332 4139 1635 4189 1376 2112 2483 716 170 204 1386 721 4487 3010 1563 2815 3791 726 2191 1422 1145 2996 1164 576 2477 1181 4634 2568 393 2402 1704 2907 250 527 2096 3372 1854 3527 3956 1024 3093 4109 3886 1569 4035 4255 298 2655 1488 3614 3993 524 4861 3506 3621 1587 256 2617 651 2385 3874 1472 1941 3807 3778 1039 1068 3447 1820 981 512 1878 2183 259 2184 836 3690 2657 758 2734 3861 2624 4892 4618 3948 1888 1405 3434
706 490 4087 1392 255 1286 1856 2245 2874 1005 272 3995 544 824 3806 999 1361 3572 769 3195 717 2054 1946 1498 957 1794 2192 4010 1655 2723 4559 1284 4198 969 886 2595 4204 2163 2540 4233 1990 1182 2205 3611 2301 3274 2553 284 4514 844 1581 2894 2162 802 3959 3958 1821 867 3886 129 3611 2907 1309 3421 1408 4391 2860 3702 2021 443 3022 89 1071 1503 3444 1799 196 1084 4252 1660 2330 114 4241 3915 2804 1650 2667 1517 2531 4865 4894 3017 2063 3077 3389 534 2871 2930 1622 1208 3253 391 810 1382 2962 4678 1383 1993 1500 52 2314 52 3363 3561 3617 4085 4958 4541 2186 4757 2528 4805 1860 3506 584 304 4048 3212 4006 1373 250 34 2963 64 3736 4959 4701 952 586 299 3544 650 92 702 732 4292 4363 1154 3849 728 634 2643 2252 4963 4381 4358 4313 3272 2774 1478 2573 2167 4358 3554 4393 856 31 2527 3850 3033 2886 4601 3316 2329 2382 465 3590 3885 4984 3170
3218 4206 2275 2756 3564 1792 4431 2874 2483 369 3911 4179 918 3743 2625 842 2232 3673 2991 2604 4879 1563 225 3282 789 3673 4480 3284 2486 651 2082 2554 1407 1463 3441 2444 4998 2668 2718 3714 1287 1652 4318 2552 4088 3620 3563 3421 4680 3493 839 395 3358 3557 4115 4157 846 1126 2254 2788 3853 1083 4960 2862 3916 1166 2711 1611 2288 3171 620 2822 4787 1696 2283 4821 3712 1419 3131 478 1794 2303 350 899 619 2593 46 3336 4215 1730 3287 3518 4161 4933 2622 1107 1115 886 4574 4015 2657 1346 1574 3364 445 4405 2670 3856 2171 4835 2715 3279 59 2421 2852 3567 1266 1310 1587 3499 4870 4099 1256 3458 1819 2092 3447 3034 1914 492 39 91 23 2010 1208 3875 2873 4737 3190 2536 1634 3503 948 2224 4398 1623 4577 54 1096 1092 4801 3379 4261 1300 1555 3442 1075 3168 691 4667 665 2701 1611 407 4532 1233 1049 508 928 3194 3114 2354 1131 4557 732 501 617 67 3004 1668
1956 4348 3457 2779 3505 3915 3234 1005 369 845 2904 2499 1516 3606 372 2654 3201 4331 3997 3539 1237 4529 2066 1596 290 3579 2758 755 2920 40 1867 92 4778 3024 2710 729 933 1004 4323 2420 295 4967 2592 188 1939 18 2818 1955 1491 3771 3673 2951 3525 2073 2807 1393 1210 4691 2900 2897 809 4382 3980 3679 3262 3887 3042 4797 388 1490 2510 1548 389 2232 3327 2397 3529 3196 2466 4980 860 4724 1334 2965 4038 472 3136 1062 1531 41 1315 4292 1991 280 2673 4956 3560 4484 3225 1896 3243 4976 1136 2294 4128 174 4427 1541 3728 4752 2783 1854 3743 3237 1537 4023 579 3984 2033 4329 3959 810 2862 534 3298 3178 56 2017 657 660 2879 2380 4806 92 3437 2780 2543 3757 1789 569 4115 1849 2147 1911 3025 2522 3829 3458 2172 2406 4246 2800 836 229 1525 1615 2674 1172 3488 1314 2332 3273 468 4234 3039 4333 54 954 3922 84 4405 3993 2700 388 2458 4781 504 2015 4605 2532
4455 3290 4882 1251 735 3672 3566 272 3911 2904 4332 4453 3068 560 3600 3098 4828 2189 2472 705 3592 243 914 4433 2664 3813 2601 4634 2086 4492 2749 3788 3310 2653 4108 169 1101 4636 1608 2839 3490 2106 3161 1990 4879 4356 4172 2895 4409 3321 4884 790 3040 290 1949 782 2879 3471 87 4308 129 4842 827 2183 3003 378 43 2408 4449 3000 4412 1497 4430 613 2395 2096 3560 986 3931 2739 1947 4459 3472 49 1410 2601 718 4068 1318 1541 3643 682 2460 251 2844 3192 1028 632 4605 932 3478 2103 1329 3302 1861 1218 356 998 331 1919 1134 1996 3832 405 3094 138 2961 4208 4510 1193 2749 3310 2644 1690 4275 4645 4940 4224 3304 983 477 2718 115 754 4338 3511 3950 1427 4866 4226 3883 4375 1562 4441 4167 4926 496 1315 3881 1230 1538 1462 3508 954 1696 845 3241 4372 532 619 2490 2778 257 3323 3903 4040 1666 2486 1284 3005 4031 4598 1569 2056 2744 943 3096 515 1307 1664
765 3383 2148 2740 3480 1056 432 3995 4179 2499 4453 1062 3189 3112 4758 1993 1902 4081 172 4211 217 2757 4743 1065 3004 570 3759 3923 2977 1527 1822 3009 4360 526 1676 2596 995 3979 3644 3481 3546 2656 3675 2674 2846 2640 3109 3371 3416 2079 2591 2075 615 1545 2086 1274 1395 3700 433 405 388 2319 3391 186 4770 1628 4860 1952 3707 4273 3265 4018 2728 3851 1775 1297 1574 4971 3353 1561 4363 2585 4879 2127 4844 2965 4666 3503 3990 3280 4602 4446 2043 3160 3226 1083 4113 2895 4047 2472 677 374 4893 4440 3819 3622 1315 2257 1901 4675 822 4861 1213 2538 834 2439 4582 738 2111 42 2990 711 3897 2224 1097 2125 4600 2421 2108 2781 2101 3915 3796 713 3492 2004 4632 4290 1444 1758 2685 2818 4341 2349 3443 4232 2873 1632 1854 4383 4835 3369 1156 4992 4565 3733 878 315 2187 731 1156 4764 851 3507 1896 4719 4160 3331 2735 4599 95 1667 3000 1580 1582 3897 3633 2711 2891 4763
3166 4307 3607 2911 4773 2021 1493 544 918 1516 3068 3189 2218 690 577 1382 2334 1401 1476 1517 1583 4898 2369 3669 1112 30 2274 77 4174 2439 2306 2721 3694 2923 4918 891 2691 3629 4121 1159 1014 831 1531 4345 4309 4313 3718 4169 2969 3654 4223 4266 3206 2219 2343 984 4150 3870 4454 1636 1453 3121 4501 3435 2598 1458 3301 1298 4059 3262 628 2691 4518 2108 4560 1590 498 4726 3323 2507 219 2426 2062 926 2796 89 4941 3510 1123 1921 1868 2976 1355 3165 1309 1835 682 3787 942 2742 1007 2775 2601 1661 2519 535 2617 820 2055 468 4257 2698 3363 3950 1368 4129 3371 1386 2620 4974 2725 254 3931 2597 1687 3032 1920 3593 802 751 1064 4339 3796 2877 3481 530 670 2401 4732 4776 3206 1681 2211 3416 756 1030 981 2377 534 2133 1329 3235 4710 1802 3568 4284 2383 2908 858 3782 250 2288 1688 1048 2495 4071 777 4163 2084 4472 461 3934 3096 2505 3280 2463 1171 2288 1679 4143
1818 4315 1526 1864 3282 3694 3723 824 3743 3606 560 3112 690 927 4576 4749 3187 1830 2743 2256 3475 698 3258 1444 2392 2037 3249 2322 1783 3277 4916 3831 2928 352 3538 4488 2555 2109 824 4125 454 421 1980 3892 1695 477 3011 1286 435 2109 3439 3574 4904 2808 2692 1841 3500 1194 3959 1217 2623 2477 4158 1414 4960 1262 1600 3481 642 3695 192 3876 353 564 2646 631 3366 2252 1652 3171 212 3893 3722 1369 1508 4153 3548 4434 4632 499 4106 636 2792 541 2123 3888 1582 1396 3280 852 2827 3974 612 808 4349 83 594 4457 115 1239 4347 1983 1334 2979 3309 3011 224 2484 586 3913 4488 3946 4321 2895 2141 4766 2374 4188 4688 3985 149 4516 86 399 4912 3782 4762 389 2561 2439 1035 700 3781 1776 4742 1724 469 1093 2674 442 3905 1641 1624 4708 1921 1927 4093 2801 4660 694 956 2820 3519 4847 707 2619 393 877 4749 1051 4314 1467 1499 4956 3410 787 1666 212 2824 403
3537 3187 3087 3916 1946 3976 3151 3806 2625 372 3600 4758 577 4576 1717 4775 2712 3024 2772 811 3193 3028 3573 3287 2950 308 926 3633 2695 2764 206 1471 1382 1249 823 2981 3941 1981 3619 1856 4422 3032 3299 3720 4333 476 4587 1018 1092 2149 1391 3054 3414 1844 2890 3745 2156 4139 637 2240 1018 2183 1125 2484 1163 1954 4167 2939 1999 2726 3964 1925 2525 4202 2263 1841 1701 214 3934 2626 4448 3521 2670 2761 2067 4658 949 3761 4951 3516 1884 3157 2650 1825 3259 380 2830 2794 1564 4543 83 4277 3734 2190 3760 3927 1679 2300 4224 2416 4204 4414 4159 3591 4452 351 3544 545 3142 2391 3538 1681 4441 1839 1431 4866 4447 3663 3555 4317 3132 439 4890 2094 1905 1464 3418 1616 4925 4893 3994 1536 2993 1290 4886 2815 3147 155 3081 2655 3560 1680 3887 1800 4173 472 4712 1218 1989 3001 187 4256 4560 194 3595 1088 146 624 3518 4164 2365 518 3805 2846 1108 3616 4945 2443 4927 1722
704 3166 146 2533 957 2723 4024 999 842 2654 3098 1993 1382 4749 4775 3315 4186 3597 3672 184 1996 4333 3690 2554 335 4037 4132 1788 2843 927 2583 3375 3145 3587 1549 4966 3858 3547 4965 2568 723 4168 2470 894 4576 149 4396 3123 593 2904 3533 2628 4006 2961 1124 237 3878 680 4070 3305 3074 2887 509 4586 666 2420 1303 2955 573 630 751 1592 4201 4981 2063 4661 1305 3779 1084 784 2795 224 4693 1866 2191 2233 2870 4349 594 1042 1538 4017 4947 1589 627 2043 2420 2143 1256 3742 2289 1216 342 2208 2996 928 2859 2851 1546 3741 1052 2707 4950 555 1838 1209 888 4528 1719 261 2305 2430 248 2081 4101 1574 4957 2869 2506 4871 438 4498 3821 4576 4550 490 910 4704 4398 3963 1816 937 614 1594 4320 2150 1094 2732 4083 1450 2689 2286 3979 4246 2493 3222 489 4757 4281 266 465 3589 189 3716 4489 510 2782 4890 1575 3762 885 4027 2008 3403 1594 586 3422 4268 3173 1914
1056 4017 373 1058 3786 3153 1027 1361 2232 3201 4828 1902 2334 3187 2712 4186 307 4322 1665 14 1360 2965 1505 879 2823 4832 1312 2597 3682 1614 2217 337 4849 3978 1999 1590 4233 416 4080 2940 2244 1859 4953 3770 4411 2515 2516 4925 494 3597 4464 4465 4476 81 84 4676 3349 3744 186 4288 673 2023 3137 4603 758 2573 913 2303 1763 1840 1655 1468 1337 4192 1943 534 2406 4887 2456 148 3247 1916 1302 895 766 4608 4584 2356 2384 3007 3868 3492 1280 4150 497 3513 2176 4046 3969 1606 2566 3552 3925 2187 1059 962 4481 4701 1535 3896 461 4740 2773 492 1502 4270 404 1931 2809 2547 1530 4878 4301 510 123 98 3734 4981 1155 232 786 1767 3191 2430 2066 2613 2004 1741 2035 19 1112 2739 717 1896 2756 429 79 1507 2728 3847 3331 1213 1526 1070 2666 2395 4966 2510 1430 69 2237 1408 3695 2682 1976 4867 1607 2914 1047 2106 4907 1524 2455 383 1663 2789 177 537 1192 879
4284 4928 271 1802 301 1323 1547 3572 3673 4331 2189 4081 1401 1830 3024 3597 4322 4809 3347 3396 990 3822 55 3265 2075 60 4808 2348 236 1703 1648 4378 4372 4296 4848 4646 25 1755 2149 3781 1268 1270 555 1961 4235 4143 1616 4447 2544 3693 482 3656 3138 1600 3951 2969 3791 2548 1365 3752 864 4856 2378 2473 263 4890 3389 1967 3499 1380 4533 4728 1155 1409 882 2936 3281 2616 1823 549 3391 1013 4952 215 346 1723 1592 74 1652 3685 1358 1319 660 3648 2261 3610 760 3897 4327 4977 2994 4244 3809 848 1330 655 756 4776 3345 3027 1721 622 2742 2743 1427 1766 2381 1440 3702 4001 2957 1901 466 4144 2112 1487 1226 1155 144 277 4361 3821 3295 4700 4193 2089 4981 2135 1735 1985 2348 1934 1116 2110 725 565 3187 4690 3456 3382 4385 3798 3316 3115 4629 327 427 3526 676 1663 3809 3852 3195 4756 2272 277 51 2515 4259 2088 2124 4135 1071 4949 2724 4748 423 1238 3899 1019
1342 823 678 1431 4650 4977 3147 769 2991 3997 2472 172 1476 2743 2772 3672 1665 3347 1026 1987 2400 2520 708 4163 3523 1008 126 3822 66 1969 3765 3693 3983 2572 2551 572 4451 543 1796 1595 1671 337 1124 4447 1876 976 250 4807 1383 2851 304 739 4511 4763 160 3688 4783 1781 73 2811 3602 490 3171 2734 2939 966 307 908 2556 4771 4812 2266 1034 2472 450 1338 479 3067 2757 3561 2941 4082 976 4905 1229 4736 657 3621 174 22 3091 1986 3612 4929 3045 1301 3750 2285 4948 4307 240 762 2657 26 1688 175 3292 959 3952 30 4735 2454 2824 729 4160 885 349 3460 2469 1049 3401 2988 4486 1048 4874 833 4119 604 3208 1858 4629 2851 3738 4411 1198 3941 2003 604 4100 4134 1771 4851 836 1376 4066 1815 4982 3685 1876 319 3199 1356 2646 1962 963 4737 3815 1132 4129 3674 4462 1096 479 1552 3406 1187 983 3639 3885 4781 3037 4117 4104 4575 1844 2900 3516 668 2163 580
894 2787 3899 3337 2730 2216 4816 3195 2604 3539 705 4211 1517 2256 811 184 14 3396 1987 2310 2143 4949 3916 2761 3536 1713 3301 2511 3972 1571 2010 2670 3806 1278 2139 2946 4626 1157 2122 541 2088 3072 2534 1005 1998 277 3456 401 1253 4144 4016 3242 1114 4803 2351 4460 1896 37 3406 2569 1874 3812 36 3575 3853 2012 3120 221 3561 814 3227 818 2112 2650 1359 4023 2055 906 976 1068 3235 2646 3858 3742 207 3190 1521 2931 2763 972 3897 1197 3987 1797 3609 408 174 2505 4764 3884 947 3377 1179 229 4158 4008 2831 1263 2851 2401 4282 195 537 941 4104 4334 4410 3759 1193 4089 2772 3850 1345 2988 424 2605 2642 4469 2444 4553 3059 3322 2262 1677 70 3789 1917 1284 4327 1974 2812 2272 1078 2378 1349 882 3469 1493 4727 2200 71 1547 4472 2474 1104 2874 4190 4768 970 1538 2632 755 4666 195 3554 1043 691 3427 104 4520 3321 1347 1899 3506 2962 311 715 3310 4394 4763
1630 4485 1234 3733 2998 1451 3085 717 4879 1237 3592 217 1583 3475 3193 1996 1360 990 2400 2143 4104 2070 363 472 1048 3191 4870 1364 1393 4128 1350 403 1604 4007 1511 2634 3268 2090 1922 4700 981 861 3438 4305 1782 1724 1149 2082 4067 1582 331 2153 4793 1599 872 468 3645 603 3626 1371 2588 1844 2584 2743 4482 3988 1145 4531 2161 3007 2494 167 4304 1265 1851 379 4069 129 2545 4176 2751 990 4806 2040 3885 3379 1892 776 4131 2098 2063 1948 3731 4400 1695 4458 3242 1067 1725 1983 424 483 2291 41 3237 3846 2271 1920 688 4825 4360 3359 3580 2819 4577 4850 2032 4312 3728 1003 1622 3217 3891 562 1066 3321 147 637 2661 1019 4406 927 1025 144 4078 2315 592 254 1164 4786 4990 1539 3826 4465 1663 2769 4535 2527 87 289 589 3355 4436 4111 1418 4108 4210 4727 4279 2217 482 1302 557 4938 1631 3320 4369 3369 1833 4660 3225 4862 3156 1566 4110 4610 1646 578 4207 3787
1195 667 3365 3545 4528 680 4693 2054 1563 4529 243 2757 4898 698 3028 4333 2965 3822 2520 4949 2070 293 1099 985 834 1368 159 3272 2942 3603 1068 2368 2789 3438 4553 1810 1492 1677 877 2489 3226 2796 4297 463 68 3086 3050 2424 332 1499 312 4609 3750 1952 3067 2637 2519 3587 1567 3696 3438 4771 4868 2359 1390 4807 258 750 160 2836 3428 4089 2190 4915 1477 4082 655 1278 3078 2837 1807 423 1719 2726 3216 470 2722 2090 1775 10 3208 4759 3728 3393 4808 274 4318 3706 1674 1581 4605 4048 266 474 1019 4207 4412 4289 1462 1539 653 3964 298 4138 3311 1464 3742 2985 956 2387 3449 3617 2651 4003 1448 4758 4345 978 922 2361 2813 1773 3759 2155 1086 3511 1942 2744 1966 4582 1522 2118 2448 35 3058 624 1113 1603 1335 3455 1918 3110 4579 2221 2538 2799 1151 2954 2436 4776 250 3470 3703 2569 1108 4291 828 858 2994 887 2863 4339 3510 216 736 1805 4321 1865 2909 684
4170 1474 3127 4520 2404 3359 1755 1946 225 2066 914 4743 2369 3258 3573 3690 1505 55 708 3916 363 1099 4791 151 1404 223 4922 4057 1312 4601 928 4727 655 695 4332 4045 1545 4650 2614 4396 1377 2108 3863 2018 2008 789 1573 1582 3567 4636 3007 384 4415 3994 3613 3797 1112 3891 3813 3317 2863 1734 3376 1285 4749 2972 4452 2175 2109 4595 3422 4712 1834 41 1162 1033 379 4835 3518 2692 2584 4635 1448 3057 3957 2710 1023 4915 1452 4418 162 1603 122 221 127 1217 3288 2439 4586 2092 589 2046 1162 2074 3302 1578 714 106 1083 4440 1527 1926 4095 4605 1567 3677 2967 4391 52 1093 1296 1710 1393 2441 2205 980 1323 166 2433 3320 656 1138 1703 1903 1811 1544 2871 2260 2581 651 4996 1732 2812 4827 33 3621 1244 2988 282 1434 2375 1970 2082 1372 4537 4997 2799 4992 4405 4226 4503 1556 4530 3774 1822 37 4214 598 1779 657 2887 3700 230 85 2411 3334 1352 571 965 2847
2957 3568 835 3215 4747 4493 1464 1498 3282 1596 4433 1065 3669 1444 3287 2554 879 3265 4163 2761 472 985 151 1445 2222 453 3885 4427 124 377 3798 25 153 1477 1236 954 1636 1509 1455 776 1338 4516 4753 1999 4383 2279 2394 2967 3413 2669 3817 208 1830 2425 2350 3624 4178 3148 630 881 1350 2932 4981 1336 2269 1446 380 350 957 2855 428 941 2264 523 2723 315 3989 4159 2570 860 3692 3389 3116 4814 177 3551 536 1607 1996 2506 1229 806 2074 2324 415 4664 3356 1148 2345 4766 2896 629 2520 2228 3275 3976 1868 2323 1406 1202 3958 3365 618 4089 3888 2781 3023 1430 3865 741 2261 3561 2284 2285 2357 1649 3049 2373 3772 1568 3571 4132 345 1997 1585 421 4032 1612 1683 1376 2488 1839 3367 1093 1244 3740 1845 2918 4860 4064 3121 4750 1969 4295 1345 2873 4712 1791 4979 1653 4593 4181 888 3366 1436 296 1937 835 2124 341 1789 1616 544 3868 625 4356 538 1646 1982 1625
946 2780 4565 445 2570 4725 1574 957 789 290 2664 3004 1112 2392 2950 335 2823 2075 3523 3536 1048 834 1404 2222 1341 4221 2293 2462 2325 1889 2167 194 2557 1899 4815 875 2736 977 1504 2807 1926 4976 879 4881 1156 4829 281 4585 3825 3949 824 3945 1574 1278 1510 3703 4258 1622 204 2679 686 2241 2379 79 68 2312 2597 240 3943 1128 4370 4497 2373 3480 176 3947 1428 4990 188 986 3615 4191 4762 2530 2693 3911 3773 3429 2464 2346 1125 4204 1773 665 3066 4621 2548 381 4083 307 1614 4249 3258 4938 2601 3902 2597 4414 2104 410 1121 2900 3162 1902 141 1146 2237 2230 1806 2309 818 4378 2014 2050 3581 4405 1960 1894 1086 4507 4631 3492 3617 1745 4895 4748 2844 1878 3213 3033 843 163 3299 504 2940 4582 3348 1854 1239 3933 419 567 3791 4566 4866 4129 1169 1747 1740 653 2832 4702 3623 2559 843 4412 3190 1394 4497 2831 1550 1695 2960 977 1514 4823 2501 4754 539 4002
3778 21 2107 783 483 933 810 1794 3673 3579 3813 570 30 2037 308 4037 4832 60 1008 1713 3191 1368 223 453 4221 627 3687 479 2309 1297 4064 4059 4952 2297 2434 810 4738 2948 2431 2340 3632 3455 1678 4811 4862 1917 4377 3103 278 1442 3727 2034 1820 1998 2346 3158 3645 2138 4779 4545 4197 2669 728 93 2627 1287 2201 96 458 3331 4405 3792 1326 4921 3232 2493 294 720 189 226 3254 2364 1776 672 4946 2236 3056 1314 4807 3410 1874 895 1586 4856 437 2466 3105 4675 2786 1405 1863 850 4727 2825 3500 2679 4811 1319 4047 2927 4047 4167 4200 912 1072 194 308 3802 2902 541 1217 4475 1513 4352 3410 2045 4142 4549 432 2215 4607 4707 3803 1456 3631 4179 2559 3356 4717 1060 823 2930 1176 4173 4706 3228 3991 722 595 3155 225 493 3009 1514 2743 3925 860 573 441 1915 1970 1070 2912 381 3416 4487 1667 677 3686 2482 56 186 179 1193 1062 1585 2610 4826 4157 2779
1930 1097 710 1181 877 2606 4914 2192 4480 2758 2601 3759 2274 3249 926 4132 1312 4808 126 3301 4870 159 4922 3885 2293 3687 746 2389 4258 3763 1576 4185 2523 3955 3672 132 2897 2854 624 3629 3549 2108 487 2056 155 2128 519 1761 3483 313 1809 4753 1343 3118 1739 3739 3584 4011 1735 1032 1237 384 46 1707 3180 3713 721 4833 1519 2766 4842 4980 3562 135 2150 3024 3804 4912 2723 1200 272 2218 4905 3428 1180 3841 155 4299 395 4133 3043 3818 4882 823 4712 2638 4475 3798 1449 163 4950 3802 1025 4877 1369 1082 487 2305 1751 403 4694 2177 592 4163 4871 248 1810 4525 1397 2962 3882 4065 778 250 3864 4153 4969 2485 3709 924 360 3555 2275 3293 1674 1547 4050 4258 1829 2597 3267 2497 3210 2990 3112 3033 3742 2007 4049 1735 520 4359 4154 3955 2341 1294 4185 794 3935 3134 745 2298 467 4317 1791 4441 4035 4716 3200 2796 203 1921 4675 3576 3765 3467 4803 2131 1040 485
892 3929 830 2813 955 2778 4385 4010 3284 755 4634 3923 77 2322 3633 1788 2597 2348 3822 2511 1364 3272 4057 4427 2462 479 2389 2487 803 1306 2870 3330 4623 190 3100 2073 3490 1938 4358 1477 4676 3807 1899 2201 243 385 4513 4920 3278 1556 1987 1022 2438 1880 1114 1589 1823 3933 1832 2472 2379 3173 3698 451 2723 4527 4028 1688 1449 4107 3634 1916 1176 2098 476 571 1234 2400 4114 149 4175 346 4432 23 4760 3631 3780 4357 2272 3098 3889 1002 3876 4522 4198 1825 4902 4213 223 4732 4674 4474 4346 3766 473 4492 4145 1764 2980 2273 104 4849 2527 4981 2520 862 3974 589 2809 1443 4660 3829 2093 383 4283 2490 3908 4986 3551 3033 495 2228 3400 2291 1696 1543 2811 3672 2483 179 1058 3095 456 1345 4796 2613 4538 3997 371 2765 4211 2807 4644 855 4960 2073 1122 3183 3662 1128 2827 3705 3744 4542 3672 1726 1750 2130 4027 635 3922 3576 693 3465 4883 1803 108 3142 1120 3070
624 2794 2738 3389 941 3174 4349 1655 2486 2920 2086 2977 4174 1783 2695 2843 3682 236 66 3972 1393 2942 1312 124 2325 2309 4258 803 3356 3153 933 4232 39 294 4327 4823 833 1368 252 4182 2286 520 2517 2685 4911 2838 4835 154 1379 3138 3952 4038 70 1152 3135 2454 423 228 1964 261 2299 3917 4532 3797 2644 3811 414 3935 785 1472 1626 374 1990 4911 1247 3325 2094 2081 1458 467 1763 1490 2539 1443 3286 1601 4941 413 2750 2329 2590 1058 4159 1509 1722 4229 2082 3931 1378 4824 2589 2775 805 1995 184 4486 2188 778 3015 3012 1889 823 3463 3363 130 1167 4090 1486 924 618 1595 4335 3718 2752 445 811 1415 1955 3230 4698 3824 545 4331 2504 2128 1612 974 1455 4235 3449 754 4506 2404 4199 2466 3633 586 4494 1205 444 664 4487 3286 3557 2425 2967 1806 3653 935 898 82 1475 262 4541 1322 3779 1531 3778 469 3485 2170 3823 4003 3065 3343 2464 4712 2025 24 3943
961 4384 3580 4028 4071 2793 886 2723 651 40 4492 1527 2439 3277 2764 927 1614 1703 1969 1571 4128 3603 4601 377 1889 1297 3763 1306 3153 3141 2492 1522 1719 3953 206 3405 679 2362 1654 2540 203 577 3934 3535 4812 1563 4240 3534 445 3810 579 1237 3725 2515 3270 4741 2042 4703 3998 373 1756 3899 477 4952 2280 1620 2432 3325 1487 1974 1844 1728 2181 2913 3921 231 3122 1787 576 1565 569 1534 4263 4122 3104 380 2694 2623 4744 606 2226 3410 2196 2006 3983 4616 3885 4865 4365 4487 625 1410 1112 1782 3327 2375 1823 3444 822 291 883 1757 3734 2697 4493 1586 2804 2298 2156 4027 2324 4106 4294 4139 4915 3628 4829 2002 1864 3886 2250 2028 4607 4133 4147 3212 318 1585 2783 3693 4876 3942 399 1826 2270 4368 996 3319 1777 881 4038 2426 4452 1450 2308 1708 218 4608 1254 1450 1316 105 1221 3035 1118 406 3835 2996 1164 403 4615 58 2036 2160 149 2207 2618 3236 996 4605
344 2102 3477 4217 3481 532 4699 4559 2082 1867 2749 1822 2306 4916 206 2583 2217 1648 3765 2010 1350 1068 928 3798 2167 4064 1576 2870 933 2492 4405 4535 324 4537 2691 4651 4836 4006 2613 2133 84 4644 1205 1088 1322 2022 3663 3861 127 816 4234 4668 2709 2913 2298 4083 2555 2025 4878 4804 1722 761 3783 688 2662 3807 4814 1557 2399 3364 1781 2732 1078 3763 115 1768 2708 266 4302 138 4956 2007 1934 2039 235 2572 3815 2127 2774 4369 3979 2305 4207 3722 3215 665 2365 4518 3286 2511 4978 3409 2364 1797 1611 168 4628 445 2310 4969 2718 4220 3951 4720 2255 4314 964 843 2778 2270 3576 3738 4257 1373 2721 3931 1991 4585 1088 3907 3793 4581 3266 565 120 2586 577 125 4438 1295 4951 119 768 3657 3832 4105 2643 4178 1205 2099 4195 516 2448 4918 2961 2623 366 4590 1405 4230 4351 3390 4712 1174 1169 970 2278 3832 1823 4046 201 131 962 2718 1533 60 543 485 590 1780
2251 265 1326 4320 3335 1948 4662 1284 2554 92 3788 3009 2721 3831 1471 3375 337 4378 3693 2670 403 2368 4727 25 194 4059 4185 3330 4232 1522 4535 1537 3921 3895 2359 1037 3851 4846 331 3989 857 885 1663 741 4003 2450 3683 1293 2070 1460 2228 1710 2590 138 2905 2160 1554 3790 3849 1663 957 4055 1361 3731 3442 3330 265 1437 4038 4164 4626 1306 2751 4943 1981 360 1316 4204 3279 2736 2933 1404 1011 1082 4734 1015 2858 1253 2020 95 3265 1477 3689 4075 131 4222 2292 4527 2385 2665 4388 4393 1865 2764 3568 3123 4622 4831 1573 1171 4960 1547 2644 4039 2220 4298 3548 225 699 4722 707 3587 1147 542 3475 1848 3139 675 4498 1824 3840 4915 4252 3628 4200 2320 3088 3763 2867 454 2131 1721 4791 4324 3896 4868 3831 4931 2846 4027 1867 3871 281 1681 1025 3593 1873 3669 1522 4341 4820 3683 3445 695 857 3668 3084 3708 4091 3709 2901 1156 4339 2112 72 3707 3024 1878 4376 36
3043 3041 1510 1467 1547 1693 47 4198 1407 4778 3310 4360 3694 2928 1382 3145 4849 4372 3983 3806 1604 2789 655 153 2557 4952 2523 4623 39 1719 324 3921 2132 3819 2751 2878 3023 2969 278 1488 146 4240 2665 344 4131 2517 776 95 2382 1449 849 3003 4294 1973 1309 4571 3294 3841 2267 1148 4116 3750 333 722 2938 2876 3047 2042 1345 1307 2541 4850 1775 2772 3846 1952 3332 1161 4541 1814 649 1562 4070 3374 3066 1002 2690 3052 3856 3206 1965 3987 3504 406 4860 2883 331 857 4313 1625 2018 1101 408 623 1288 1956 957 2932 3448 2260 3926 2953 3324 4475 1849 3154 712 2070 4492 509 4180 2342 3774 1923 3768 493 3396 3005 768 4047 3970 284 1435 4863 889 2783 1084 4566 1367 570 3350 4267 990 2343 90 1429 2367 1412 1542 1272 1332 3217 626 511 21 4359 3083 4503 2462 2025 642 3580 224 2327 264 1763 863 1710 2102 3557 4860 1512 3862 2326 2178 447 3125 2232 3298 1581
3567 2968 2227 108 3817 2397 899 969 1463 3024 2653 526 2923 352 1249 3587 3978 4296 2572 1278 4007 3438 695 1477 1899 2297 3955 190 294 3953 4537 3895 3819 727 1654 1186 2191 1568 2735 274 3849 333 1034 4136 3871 2561 3563 4306 2846 3786 4836 3350 1462 4872 4087 4997 652 2641 1915 4737 4269 1172 1909 3385 632 2965 451 241 1698 4540 1221 330 3436 83 1377 3858 2200 1579 3692 1947 2995 2903 4708 3953 1858 1976 4512 1986 1641 3445 520 1094 2315 3121 3851 3657 4607 1395 3491 2766 4646 4106 3958 3155 2249 315 2420 1160 3081 1514 4801 683 57 1732 3556 2601 2891 3402 4970 820 4106 4080 1072 494 4928 3937 358 2503 1509 1115 3391 4925 4286 993 1452 732 4862 2243 1797 4628 535 2629 417 54 764 2075 4293 3473 2522 2058 3548 1049 2922 4869 4616 3056 1621 4417 3509 363 4318 498 2252 3669 4067 3195 1154 895 4435 4621 1513 1292 4214 2466 4901 3118 2039 2676 4915 2808
3408 2426 4621 410 718 1532 542 886 3441 2710 4108 1676 4918 3538 823 1549 1999 4848 2551 2139 1511 4553 4332 1236 4815 2434 3672 3100 4327 206 2691 2359 2751 1654 870 3817 2727 1858 3192 1477 2684 534 1327 3712 2189 4645 2387 447 3925 1585 2949 2773 1441 1277 2701 3771 1740 3575 2093 4052 939 170 1662 4696 4989 112 2882 3356 2062 3602 909 3321 3391 86 1701 4691 1340 830 2163 3706 4257 1528 4541 4851 1935 646 1933 4631 1464 941 2036 1243 3917 3295 198 3581 2897 4354 1581 2991 1306 934 2917 4665 2609 985 3343 2855 27 2347 2787 4851 1970 3438 2595 136 3319 4653 758 1553 2846 2004 1288 3416 4163 4092 3107 3712 3233 4126 4252 4078 1345 3674 306 1357 2386 2595 451 4822 4940 1725 2775 624 22 3303 2821 4894 2695 130 2891 4727 66 3974 3073 3612 164 47 4692 4255 3060 3135 2467 3889 3274 2133 1256 580 2812 2409 4661 4786 4096 900 1494 4617 1196 2793 4585 4025
3395 1194 2388 4840 792 4900 1928 2595 2444 729 169 2596 891 4488 2981 4966 1590 4646 572 2946 2634 1810 4045 954 875 810 132 2073 4823 3405 4651 1037 2878 1186 3817 536 4350 3272 2441 4902 86 3203 3859 1553 4418 346 2667 3644 4241 4266 3385 4129 3614 2574 2290 921 1513 2505 2813 3590 1785 1685 2351 2115 1267 1823 1185 1541 2462 4098 1614 2428 1202 4393 1216 2014 1197 3956 638 77 4711 4009 389 4396 4190 96 925 167 1326 3016 2617 3326 1941 159 3921 397 4122 1840 3270 3887 3737 3988 1016 1390 1195 3672 2203 1887 2960 296 2539 4496 2952 2023 2069 3719 2832 837 3956 285 2454 3296 2696 3350 913 2723 4818 3163 2845 2478 3514 2663 4672 2191 3745 2705 1190 2490 4338 1675 1448 3232 4433 1641 246 4139 3523 1485 4741 4186 884 4887 4277 195 3170 3484 2011 2378 2716 4348 4698 3829 3043 4549 3085 3526 3539 3641 1076 2388 4311 762 3990 2387 54 2352 1535 2591 947 4417
2202 3878 1296 4201 1092 4436 4819 4204 4998 933 1101 995 2691 2555 3941 3858 4233 25 4451 4626 3268 1492 1545 1636 2736 4738 2897 3490 833 679 4836 3851 3023 2191 2727 4350 1730 1707 2634 1058 3311 3378 1868 2527 3706 2187 2115 2846 445 2300 1931 885 964 3717 4467 4695 4302 3848 3663 3182 474 455 261 2902 866 4707 2446 322 2109 3373 1767 4276 4535 4658 4932 4859 3550 3980 1100 3254 1918 2574 3153 1218 3926 96 4341 1542 4085 4006 4087 1398 2267 1062 1510 1347 2283 2411 3071 1412 107 4763 2236 2518 1096 4298 4238 1205 265 2347 4533 729 1750 3023 4435 2399 3081 3998 300 1925 2065 3668 3708 377 1989 4459 1841 3891 3147 2154 2096 1407 3739 658 300 355 2768 2401 3830 1588 273 2210 1843 1017 3254 518 4214 100 3243 2288 4003 2470 3749 705 1836 3870 774 2983 2270 403 373 3447 1225 838 2686 1095 4951 2623 3209 674 2418 2985 3674 2438 38 2063 4601 3058 3636 3540
150 1498 100 1729 3864 145 1755 2163 2668 1004 4636 3979 3629 2109 1981 3547 416 1755 543 1157 2090 1677 4650 1509 977 2948 2854 1938 1368 2362 4006 4846 2969 1568 1858 3272 1707 1960 1407 2579 2984 2591 3978 2102 841 731 234 4562 1382 4556 870 1114 3142 565 558 2570 522 3114 1797 4940 453 3028 2642 1700 717 2695 3139 1161 2682 2991 4569 3444 4890 2306 726 2706 2437 4357 2467 1973 3568 3548 4281 2428 1973 2071 2559 4323 3267 2784 3549 1433 4890 1157 328 3578 195 2226 1065 1171 1267 1643 3071 3595 1724 3278 2364 3185 4643 1943 3012 1293 3837 3160 843 1420 988 1938 4413 1881 2775 506 1051 3566 3780 731 4348 1242 3910 2104 4425 2725 4510 892 1364 2990 4341 4504 4523 4783 2198 823 1429 1783 4858 3883 2733 3062 1115 1603 2025 3526 1842 448 1168 1206 3006 2357 2130 713 417 458 751 2344 4761 3221 3183 1874 4986 1062 3980 3562 2197 183 1710 1493 4715 3153 4371 2322
3439 4729 1626 1849 2647 3180 81 2540 2718 4323 1608 3644 4121 824 3619 4965 4080 2149 1796 2122 1922 877 2614 1455 1504 2431 624 4358 252 1654 2613 331 278 2735 3192 2441 2634 1407 869 3017 4090 1959 1823 1554 670 46 1038 2259 893 2694 1487 1444 1347 2863 3775 3704 373 1121 2857 4483 2927 1191 1341 3640 332 3950 2711 1350 547 1296 2490 884 4959 3993 3102 3235 4008 2054 243 155 3824 2697 1536 3911 1042 1165 458 248 2770 4224 327 4644 2838 4617 4628 3673 393 2023 4329 1361 1659 3583 512 4637 4082 4703 3949 4192 1624 129 2998 1549 95 2862 4130 446 3165 3325 899 4354 1378 726 253 586 29 349 803 2960 3123 4481 1341 2109 1135 334 2276 686 1553 1988 1739 2542 1327 4972 1075 2096 1801 4483 3347 3304 398 3546 2981 1936 3772 530 628 269 575 106 1739 2416 3844 3192 2763 1714 525 1594 202 621 3952 1347 274 2421 2608 2849 2052 944 4741 638 3370 4562
2844 1365 4777 1732 2847 4958 4305 4233 3714 2420 2839 3481 1159 4125 1856 2568 2940 3781 1595 541 4700 2489 4396 776 2807 2340 3629 1477 4182 2540 2133 3989 1488 274 1477 4902 1058 2579 3017 3008 4059 4204 4893 1846 4757 1773 3266 4935 2975 3887 207 364 3355 2904 4225 4742 1742 1456 1123 1416 2920 2153 1204 2375 95 4976 1929 1684 1849 2892 2238 210 2883 239 2273 2692 2800 1662 1652 686 4434 1454 223 1246 2412 480 2357 396 4096 995 4247 4636 956 1521 712 3225 2551 745 21 3514 4866 261 243 843 1197 2544 2951 2032 3031 4209 2565 649 2369 4805 3397 914 1415 3711 3920 1771 3138 3819 4050 1832 423 2726 4027 1798 1898 2843 4290 2955 3302 51 1005 4201 4864 1579 549 1802 692 3171 4324 3357 2252 1395 4642 3273 3574 3404 489 1239 1314 331 3309 1791 4618 1628 4485 2698 456 3350 3954 3835 777 2750 4044 639 162 2364 4800 3316 4253 3545 514 325 2491 993 3941 669
647 2652 3658 1941 2479 809 1823 1990 1287 295 3490 3546 1014 454 4422 723 2244 1268 1671 2088 981 3226 1377 1338 1926 3632 3549 4676 2286 203 84 857 146 3849 2684 86 3311 2984 4090 4059 1099 3987 4460 1231 3413 4786 3544 1353 4334 595 3191 1429 1571 3576 230 1601 93 3337 4455 3604 4695 4074 4233 2492 742 2956 3196 1416 2162 1254 237 4829 2283 853 526 4542 4201 3498 1204 427 4717 4197 3443 4957 1267 830 4228 2253 3828 1645 1950 322 4046 66 576 3828 3843 2317 343 1435 4387 221 3076 4322 2606 647 2398 474 1974 3088 786 2108 4306 2524 605 3178 2349 3650 2552 2359 819 1833 290 3388 76 2698 4241 570 4981 4353 1160 1888 2436 4969 2096 3580 3355 3044 3405 3084 87 4763 723 1296 807 1326 3210 4496 940 2420 4332 1038 2526 807 1569 3679 1721 2012 4797 252 4688 4825 2045 1602 4666 3279 4245 4492 3466 3178 1788 1554 4398 1292 58 4900 2080 2447 1101 3954
1122 4102 1913 3010 2574 3963 3343 1182 1652 4967 2106 2656 831 421 3032 4168 1859 1270 337 3072 861 2796 2108 4516 4976 3455 2108 3807 520 577 4644 885 4240 333 534 3203 3378 2591 1959 4204 3987 4915 4315 2914 306 341 466 4988 1968 600 2534 1927 3524 4296 3164 1728 2133 665 4897 3053 4273 4649 793 4863 3381 3640 3393 4217 512 2237 4363 3001 783 4837 1705 75 400 1939 1833 2243 788 3140 3062 1761 2605 1388 2854 1750 1275 3978 1813 2446 1217 4895 3154 3998 1323 1864 1353 4322 4582 4713 3578 2574 922 76 4573 975 980 2691 2019 4720 4523 362 1989 2640 1095 3107 3657 3808 2671 3942 2772 1325 61 761 1049 1279 4581 1635 2434 3698 1555 4672 3187 2848 4397 2102 3335 3263 4587 2183 1078 2126 668 4654 4552 2623 3477 1108 344 2807 1607 1361 4955 533 3426 4539 4107 2909 2161 1491 980 3015 3662 1212 4409 1908 4549 826 3126 4504 3057 134 285 835 2696 1105 2960 37
4736 2080 2513 1319 434 2725 3864 2205 4318 2592 3161 3675 1531 1980 3299 2470 4953 555 1124 2534 3438 4297 3863 4753 879 1678 487 1899 2517 3934 1205 1663 2665 1034 1327 3859 1868 3978 1823 4893 4460 4315 960 69 2109 1968 2850 4592 4851 1344 2982 4758 3766 2774 618 2149 1199 3762 1212 3645 2084 2844 3350 3500 1911 1411 3791 4615 535 259 4754 3172 1877 3926 846 915 2409 4888 1519 728 3784 2269 4547 1614 4681 161 643 213 4600 2845 806 3550 4144 1693 1315 2089 73 759 4878 4868 4626 736 4843 3208 2338 1446 1488 2477 3938 4426 4602 970 4660 4755 186 4696 1067 3854 3631 4475 2723 3926 1713 1171 2201 4859 1341 2970 3925 1123 1191 3746 1013 4843 1510 3079 4225 757 3280 3402 1384 516 44 2094 3530 1283 3248 4682 4986 4501 966 1711 857 1638 1355 995 1177 2902 3701 2235 4332 1753 4558 4492 138 50 582 4412 3822 2432 636 2733 1445 3890 4819 4939 1908 2270 3691 1031
4586 1215 2885 1556 2478 1062 4951 3611 2552 188 1990 2674 4345 3892 3720 894 3770 1961 4447 1005 4305 463 2018 1999 4881 4811 2056 2201 2685 3535 1088 741 344 4136 3712 1553 2527 2102 1554 1846 1231 2914 69 4060 4948 3743 2422 1220 1852 254 2592 718 387 60 1949 609 3898 390 3589 271 797 2355 4072 989 1973 3047 3342 536 60 160 3295 1887 2266 3635 3740 603 728 3137 3470 888 2820 1305 4779 1342 3529 4923 4886 2887 2153 3904 4176 82 638 4652 1218 1082 4410 402 578 672 65 2604 1008 2486 3634 748 4731 2205 2604 1482 1810 4436 1588 852 2381 375 1109 4268 1645 3516 314 1882 1550 493 4767 1329 2358 4051 2281 2167 1042 4243 1940 1811 236 1788 3722 347 248 4879 2348 1089 2874 1976 3262 946 1860 267 4471 4938 2062 4799 3818 3856 4693 3741 3845 70 3358 2350 4383 2599 4245 1657 3646 1930 1586 3388 2224 1886 450 4854 2838 3310 125 1699 4872 4944 1011 3399
4737 279 2406 823 2157 1695 723 2301 4088 1939 4879 2846 4309 1695 4333 4576 4411 4235 1876 1998 1782 68 2008 4383 1156 4862 155 243 4911 4812 1322 4003 4131 3871 2189 4418 3706 841 670 4757 3413 306 2109 4948 2059 815 2897 911 746 589 4513 718 2357 2054 4025 2736 2946 1180 2114 114 3761 1769 1273 899 1979 993 1550 4633 977 1860 4217 2427 2680 4577 3008 2865 4326 3308 1711 767 3054 640 3013 2615 1820 635 3970 447 3759 3662 1977 1505 1930 2662 996 1260 1095 855 3712 4021 4550 3076 226 310 1928 1968 4978 2533 564 1033 3120 4799 2335 4417 1199 3348 35 2568 170 1552 2079 2524 1809 2810 2498 2445 1725 4068 1597 873 3487 2275 1691 684 1087 803 3677 1309 830 3691 2052 1402 2842 3821 1567 3220 2580 3865 4430 983 1520 3411 1887 3861 4855 1865 1715 3431 912 556 3309 3971 773 1280 3778 2057 1752 886 1663 4539 4021 605 4717 3135 1623 3018 999 3993 3266 4611
