N: 180
M: 20
Symmetric: true
Triangle: false
9 95 49 62 86 147 153 125 157 172
7 148 70 58 155 22 50 141
6 103 110 85 17 89 113
7 140 33 63 77 68 98 91
8 13 175 71 20 158 177 93 116
11 11 173 128 32 37 21 45 100 83 75 61
11 164 25 146 8 24 38 124 88 40 176 23
8 102 48 133 1 122 114 101 69
7 115 151 132 35 46 64 166
4 65 15 131 47
10 104 7 130 97 84 76 16 94 6 67
9 145 163 12 142 92 59 150 126 14
9 74 112 179 119 139 162 44 36 2
10 106 174 136 167 41 29 154 168 60 39
9 178 9 5 156 170 10 54 171 53
9 82 152 143 180 78 52 56 135 31
9 51 149 55 87 90 108 137 79 43
6 42 81 120 3 26 72
18 121 30 169 107 160 123 105 27 111 109 73 28 129 159 118 144 99 134
13 161 18 34 57 19 4 96 117 165 66 127 80 138
220 1784 934 3943 32 3152 1583 3964 1283 495 4282 4324 417 265 4328 1500 2016 2333 4978 2137 1644 3065 821 3637 4659 2951 4073 872 2706 1635 4097 3410 4911 4217 3508 2097 3255 2289 3578 1932 4069 707 3526 415 4945 4289 3151 3260 4176 2305 3139 2516 3645 4556 3418 4171 2302 3790 3916 3391 4695 3044 1639 214 638 2630 2136 1317 29 986 4787 3445 4795 2260 3172 869 1849 3817 2552 4520 2255 2571 1338 4244 2214 3083 4117 1667 4542 4437 1522 4631 3953 444 955 2330 3249 2808 1662 4910 4878 438 3603 3132 3805 2473 4103 2130 3248 4978 3134 4293 1274 427 4750 2385 202 1705 3156 4840 426 2972 2983 3723 1001 2858 4395 2095 2689 2874 1960 1175 786 514 1328 3303 4846 3258 2526 4635 375 674 887 601 1754 4805 878 1724 1037 2544 2455 901 4575 2120 3612 4148 4279 813 1288 4079 1197 3488 3978 4258 3077 3081 4917 1337 2688 4267 1440 4023 3675 1957 721 4954 3815 155 185 2913
1784 406 4241 4427 3941 3102 376 3269 1359 3391 644 523 3285 834 2509 1899 3799 41 3277 1335 1044 881 4085 3914 2994 2633 2960 3225 4848 2345 1405 693 1955 579 466 2783 3908 4431 476 1852 436 2548 2588 1196 4331 4669 2223 2346 4228 1567 2226 1295 1891 4231 4475 417 4096 2557 1550 4644 4376 1976 4341 3217 1733 274 4262 1914 4554 2314 1840 2984 643 4019 4814 4702 3974 4230 3311 2581 2097 4565 4182 197 3232 4184 337 4118 503 3125 1911 805 250 4796 4301 1921 3567 3368 3031 838 3613 4527 3411 627 3315 2097 1143 4901 620 164 3723 4864 935 519 2577 1068 1775 3493 4872 2347 3615 488 687 2787 232 1934 1659 1226 4983 2435 1187 4293 1699 2248 1974 3804 51 3346 4443 1418 3373 805 1736 2919 664 4665 2334 3462 2201 441 2599 3067 1582 2895 2153 3764 4755 4758 1937 1013 2290 12 2317 4903 2627 4026 889 2165 680 287 1873 287 3657 1431 1933 1200 2484 1613 957 2491
934 4241 581 4084 2529 2659 2828 2589 1801 4049 4555 821 953 4893 2217 1627 2120 1501 852 492 2863 1744 1551 3277 1112 1109 4326 4529 4325 2532 2912 1608 324 4099 1974 795 2574 2833 3687 3153 3840 582 132 4438 2538 386 1466 1729 2152 2705 3042 1161 1170 2745 317 3520 3405 4011 4535 3343 3856 3188 2174 2571 4446 1109 2464 231 3430 4511 1149 4017 4972 3433 3911 4286 684 128 4082 4348 2659 3016 1063 4312 4725 1188 4006 1233 3450 3315 1902 4986 4209 151 834 4217 152 1381 1587 4869 3453 1701 3223 1263 4308 1080 1126 2735 3768 1925 4047 1027 716 2523 1920 1301 2765 3294 1703 480 2699 315 1603 1554 1819 2280 2356 3488 1530 4292 2033 3017 3529 4742 3356 488 2117 1285 565 4067 741 2397 3401 2798 1422 2978 626 4823 2688 3871 1872 2410 1500 3524 145 3817 415 1866 2081 4737 592 776 3744 4618 2455 4971 919 4654 1022 2585 4333 435 2428 4547 390 1971 2504 3786 2444 1696
3943 4427 4084 2587 804 4588 37 492 1204 4652 1603 4520 998 2994 385 2420 4696 1708 4285 1189 151 2166 4340 4202 4149 511 4552 1814 3848 3398 4338 4992 253 624 4992 3822 2473 2320 4875 1133 538 428 4029 1467 863 2577 948 2521 2337 1118 4041 383 4304 2903 2729 945 819 3088 1633 2755 1917 1067 1657 317 984 3873 681 4434 4638 2192 3351 2016 1226 2025 645 3593 2683 962 2203 543 2331 4931 4750 2481 381 4211 4183 4726 1859 1662 407 2559 3338 1798 3059 1024 15 2272 3292 4014 2933 2143 4534 2519 710 2627 4853 268 4371 3454 1973 4382 2598 3618 2024 4925 319 4387 3690 2189 4374 334 4110 3399 3844 3225 4120 4239 1238 1735 2672 4822 4277 3890 2864 4372 4532 2507 3712 2697 848 643 1016 4446 3791 2959 4877 2700 954 2849 3236 4236 2625 2801 1820 3140 4533 144 2922 1500 1780 896 2862 190 1618 1914 2753 4699 1332 1754 4567 3098 4348 2298 1197 1067 4935 1483 103 3930
32 3941 2529 804 3860 310 3296 4091 1728 4604 1172 1217 2575 4738 3788 4024 3097 1364 342 1909 2397 782 2384 4390 2109 182 3416 447 3942 4596 2964 4842 2459 1268 3874 941 4424 979 4729 3388 2986 2993 655 3449 1438 1955 2224 4138 1502 4186 1180 523 1199 2861 739 3210 4280 3889 4135 4040 2949 2702 2217 461 2513 3292 2758 4581 628 150 3923 2252 3814 3289 4235 3408 341 101 3931 2387 4549 4490 1922 3653 4126 134 2228 4307 4262 1857 3738 4391 442 4003 1586 3869 3748 2012 4994 1626 4999 3573 2496 1541 866 3531 948 3683 2453 1097 1655 3762 98 4632 2566 4434 4747 249 2409 1036 4348 4840 1882 886 3112 2456 4950 3927 2244 1900 440 523 414 4170 1526 710 1125 3159 2244 3409 852 2969 4987 1431 3686 2403 3550 1452 4431 3341 2695 3352 526 3107 2478 1425 410 1195 780 3986 2905 878 2507 1181 2766 2116 2353 3509 1225 959 3399 4799 350 4802 3783 4960 2128 1967 1983 171
3152 3102 2659 4588 310 3277 862 1074 3380 3430 3868 3649 2032 2410 1719 4823 1555 3191 4432 3640 1064 1999 4102 3267 3763 2194 2539 336 2478 1480 1194 3025 1180 4722 4359 1489 1008 4221 3149 2119 956 1635 1677 356 3620 2179 3899 1759 3729 2149 1212 3682 2066 1820 17 2439 901 183 2327 371 1954 231 650 4702 3196 2457 4686 774 3975 3807 4974 3426 2106 2391 1240 4462 2627 883 1175 1002 1874 1694 1058 827 334 4596 1251 921 786 4367 4003 790 253 1207 1168 2929 971 2810 3158 1485 4156 4015 1245 1817 2035 4629 2822 216 2374 435 2080 1420 3431 2695 161 3282 4485 3566 1147 3927 1205 3916 2051 3436 2013 1915 1086 4567 3916 119 4928 1165 45 3011 4038 4770 1315 3739 720 2023 1603 1700 2233 4392 1130 352 1848 2851 4551 875 4454 3083 3607 968 2387 3073 3607 1342 472 1277 685 3890 2876 251 3182 4693 4848 3432 4591 2951 1592 1828 1559 3356 2966 753 4337 977 4532 277
1583 376 2828 37 3296 862 2044 1391 3344 1501 2102 1126 4722 4420 2747 1626 2824 3794 301 3081 4375 393 91 1751 2421 3511 4582 3095 1364 4343 4569 3328 2153 4766 763 1264 1017 3388 825 203 2136 1066 2290 4532 3852 2111 4336 2705 3720 1532 2539 196 1952 1804 4215 3972 3014 2093 2081 672 611 4184 3634 2017 455 2184 3439 1804 1030 4170 139 4474 4305 820 2541 4784 669 56 2959 972 1103 2172 462 1767 2949 2574 2826 4243 2356 2214 1676 1364 2180 473 444 3726 346 1662 1085 2693 2545 397 1636 332 58 4107 3817 709 4386 2041 4637 3527 150 4148 4993 326 3040 3439 4897 4557 4111 2935 1047 1631 545 2284 3783 1549 770 4779 4078 398 3101 1008 3372 1659 4497 1109 726 3503 3446 3237 3835 202 2396 2585 519 1143 4022 4011 2457 573 978 651 4234 4085 4688 1910 792 4562 653 4313 3020 3450 4120 4562 1219 3262 2119 3311 4941 2773 1205 407 2676 3772 2877 84 3336 4169
3964 3269 2589 492 4091 1074 1391 2512 1499 4061 2268 2239 4442 4154 4016 128 3400 3408 2736 4758 2847 1429 4370 814 2640 4844 800 1981 534 480 1243 2723 353 1856 4654 2814 2594 355 2003 1057 403 4976 3891 3780 822 4595 1242 1592 121 389 2342 1617 805 3720 4226 4016 3551 39 2038 227 4151 333 3641 600 1710 3517 2373 2354 3395 4477 3414 1057 3805 1854 2275 4315 4487 905 1009 3894 4380 2294 2065 3431 1868 2833 972 4705 1685 3259 4939 2722 1953 1504 173 444 2432 4637 589 2551 474 2451 3626 4755 1413 2496 2220 1931 1161 4572 2819 2594 2948 3062 2213 4109 2779 1244 3474 2664 4161 4361 2649 1920 3445 1435 4039 2287 4424 1527 4244 2511 1390 3159 297 502 3753 1592 70 2544 2606 3286 2174 3742 992 4172 3037 705 762 4315 4308 2711 225 3496 2119 827 3172 4509 2612 4944 2186 3095 3908 2158 1502 1943 3603 1643 4151 3212 4493 2002 4725 1626 4938 2523 4610 3213 2519 354
1283 1359 1801 1204 1728 3380 3344 1499 3781 4152 3517 4232 3892 85 1500 418 2348 2354 2812 4276 4521 3662 3842 4348 3956 594 123 2397 1512 2436 3111 1047 1373 3511 1346 3612 2102 1597 2561 4679 3330 4345 2482 3330 873 720 4238 366 177 1378 3629 613 1328 1431 1874 2497 4587 3236 3757 3813 2375 3584 2364 3968 2982 3565 187 1421 2143 3910 4052 2048 3374 1690 4412 2570 4817 3835 814 4974 628 3676 4243 2838 1801 2035 483 1502 513 3495 3143 4550 3150 4591 4542 2169 718 818 2304 1529 2707 2918 407 436 373 4100 1691 3385 350 2648 3348 4052 2395 3859 2919 3366 111 4259 3169 4381 1144 3454 3999 4512 4159 3020 107 1318 4890 1508 4746 4143 4081 164 1587 3649 4718 4451 3291 3304 4517 1975 2285 1687 1643 1526 2494 1856 2501 2299 1732 1023 4170 2000 2795 353 515 1637 4325 4436 2177 4726 1319 184 4280 3727 713 2888 1049 4858 2280 4084 2244 643 1797 2724 1734 466 3315 4053
495 3391 4049 4652 4604 3430 1501 4061 4152 2014 3945 4933 4433 4159 1663 1228 3136 111 153 4488 238 25 2291 1918 3438 996 4457 4910 106 272 1390 4240 3071 4614 3929 3737 4672 705 3833 238 4756 2962 1667 3066 1567 678 800 4498 3011 2114 3419 3848 383 1986 1177 208 3976 3717 3871 2607 4383 2101 2306 1107 3891 4120 3860 1825 1410 1130 3962 505 2888 51 1871 1068 1466 79 4916 217 3176 425 2770 3734 3203 3325 1633 4312 3935 4385 4128 1306 97 1155 970 4731 4699 1570 2565 1809 2262 452 2636 2241 387 2428 3605 1928 3216 2063 2247 3410 1489 1727 3991 3759 2117 4068 982 1278 868 4411 3222 4574 3874 4913 2536 3418 2470 2118 3244 3768 3786 4339 2039 3759 4899 1973 421 3710 475 3699 3574 4709 2410 1764 3210 4833 4585 902 4776 945 3109 1470 3685 1408 1089 4722 3335 363 4478 349 2154 1399 820 2996 230 3656 3656 14 1542 3665 2611 261 4707 3913 3456 3016 4375 2167
4282 644 4555 1603 1172 3868 2102 2268 3517 3945 3638 3219 3320 3745 1863 3033 55 1831 139 3493 1103 3231 2853 4226 2076 1638 1472 2589 3511 698 4788 730 2852 3589 3420 887 3007 4257 3419 2447 2317 3536 2677 1769 1156 3171 4771 3856 1181 1195 1591 2333 1498 4324 2271 3031 1066 3557 4615 3517 4348 2004 2527 552 4533 1451 3863 20 2561 157 1749 3803 1223 2474 4676 3684 55 574 2403 3485 2267 397 3165 2985 1384 2426 1223 2972 4849 3590 2006 3738 4220 4757 2270 335 4341 4077 3708 1844 2463 1644 4624 685 2063 4858 2417 2333 3019 3594 1765 1964 862 414 4778 4454 4994 3718 3851 70 43 2962 4082 1850 2859 4156 1406 4591 2898 1468 4394 4323 2787 842 4663 1056 2364 1561 684 489 3188 4064 4687 3284 3950 3604 1475 4854 1328 2332 2736 3125 1910 862 1176 4744 2133 3927 2665 976 4021 1500 3458 3950 1908 1089 1226 2015 4854 3320 4512 1276 685 4699 2356 4844 1863 1860 3500 2446
4324 523 821 4520 1217 3649 1126 2239 4232 4933 3219 1849 3750 2333 997 3115 3040 1645 2568 3095 3554 2303 4524 3794 1897 3808 4210 4836 381 1673 2075 2190 531 2553 588 2322 681 2358 1975 788 4592 2840 1511 964 2705 676 3187 4874 3100 2536 1438 3847 271 4682 2642 1620 4597 4060 626 4322 3484 4189 4918 2219 4080 2866 1450 1536 2656 1743 1172 2939 2948 2582 1149 4529 1292 686 717 3985 3300 673 3193 4343 4315 1355 3610 2468 2439 859 4443 4296 1195 1150 1929 3773 204 4589 624 1571 523 781 3217 1860 4264 2601 2459 3529 899 4563 4507 1752 2340 3250 2027 516 1489 1245 879 4824 3364 632 1243 3034 1336 3184 3407 2064 2929 4549 4394 849 4854 31 1817 521 477 1841 3059 68 1088 3788 1902 2497 3225 1373 4109 1760 3002 4719 507 1236 2852 4040 2655 1988 3466 1314 3734 176 4843 1548 4555 793 2483 1266 4918 1495 1434 2366 599 4379 3895 427 3852 3823 3046 3712 4522 1952
417 3285 953 998 2575 2032 4722 4442 3892 4433 3320 3750 796 3846 3994 3741 3023 1666 1344 4473 247 3858 2420 1040 1151 2257 848 4539 1402 3808 2547 2040 1374 3925 2245 3398 2185 2912 4158 4666 1422 878 1445 3383 3657 4937 4667 4806 4771 3596 348 4799 268 1213 2656 2580 1041 1380 892 1498 4902 1104 1631 334 2210 1639 4443 193 4578 2706 2792 240 2881 3948 3644 3179 3361 4703 1222 4651 1392 1416 1329 2446 1733 1179 679 284 4274 1942 3027 161 1837 1791 1543 4136 4747 3195 4312 1327 3691 1454 2641 1855 4856 3538 640 1242 4075 576 167 1578 4484 4751 1936 4138 989 2084 2670 1051 3813 3714 1759 946 4262 4571 1112 2150 4747 3413 4727 3059 1633 393 3861 4853 397 3517 2688 3530 3158 752 949 1025 4169 3638 475 3541 817 3468 4851 221 3693 3285 3346 81 126 2973 91 1056 1401 1990 1210 1983 358 1885 3283 2744 1490 3356 345 774 1551 918 1308 1985 755 4433 3560 4312
265 834 4893 2994 4738 2410 4420 4154 85 4159 3745 2333 3846 4251 4725 1689 1985 1526 2904 733 1396 2369 2948 1550 213 3795 2070 1225 1328 4133 240 943 839 4102 2274 2780 1555 4996 4801 3291 2477 2784 1059 1909 4127 1910 2096 4558 2131 3146 782 2955 1932 4554 324 3721 1492 1290 4417 4858 3263 87 331 1273 3133 4713 143 3320 87 975 2474 4372 2341 3456 1967 4546 500 77 4810 1984 2033 4552 307 4289 463 3487 3472 4228 4630 3620 191 4128 376 2434 744 4205 1936 910 439 3884 942 2501 3671 2246 2526 1474 66 4888 269 630 3589 1394 3699 3381 1071 327 2101 4485 3884 4897 2302 3006 4654 2392 3724 2128 3297 1732 3088 2399 2062 2446 3697 2437 3737 2614 3655 2629 565 4958 3832 746 3248 4105 3502 191 3987 1249 4917 3214 3678 3599 4630 210 3524 4284 1928 3110 2272 3867 3594 382 1546 4590 4165 2483 2117 4025 2780 2556 346 3522 1666 2631 2464 3223 4843 329 3909 2061
4328 2509 2217 385 3788 1719 2747 4016 1500 1663 1863 997 3994 4725 1639 4745 366 2851 4784 4203 4719 437 3210 2289 1636 4482 1773 2467 4373 850 178 4633 1374 106 2052 2269 923 1934 767 3125 2925 2921 3711 816 2907 2935 3405 1255 4475 2119 1706 4286 3204 947 4224 3627 1580 527 3548 1183 841 1917 668 1568 3801 1116 1287 1828 1517 2146 3282 3421 903 4707 1778 3494 2394 480 658 4975 4497 2086 2422 2214 3779 3961 4686 39 4251 1091 3959 1286 141 4133 1003 2403 3115 899 3435 262 4763 449 3086 4417 2055 894 3234 4392 2806 1017 2990 977 4999 3866 4670 4543 18 2297 3133 1414 1686 615 4682 33 4228 2793 4412 1409 4267 3333 2009 103 1164 103 4492 4407 3591 3508 2064 211 1031 4117 1359 4880 60 2929 2534 4171 3582 4855 3599 259 3520 3757 4610 1425 2804 3598 1703 3589 1687 1654 968 928 2112 3622 1323 2316 2926 1545 822 2625 1795 1155 4689 2718 1011 2901 423 237
1500 1899 1627 2420 4024 4823 1626 128 418 1228 3033 3115 3741 1689 4745 2382 927 2283 4529 1126 4400 4139 1040 1422 1860 1306 411 4327 1856 275 2937 593 3745 4068 2152 3823 4520 4539 1334 3502 4644 227 4421 2558 1681 1385 2072 1606 494 4342 4337 874 3710 758 2664 1080 1969 1613 751 1804 4005 4854 2296 4056 4801 3945 1282 4595 1291 2475 3844 3070 4943 1243 2819 1518 3265 1927 3536 3076 4824 281 3356 4491 2722 4664 801 1544 3482 3027 1300 2553 3007 1669 4238 3949 3210 1366 2415 2059 1539 115 4013 3779 937 2621 1081 3328 3743 2824 1418 1560 2024 3318 262 2390 1793 191 2493 1363 3198 2057 3865 3899 4487 3065 4601 3646 1613 3612 306 408 815 1970 2445 1363 2167 3168 4868 468 2491 225 4703 4659 1024 3934 2030 2605 11 3624 1089 42 3883 4310 4577 2140 3447 1096 2346 4149 2438 2806 4779 3506 2654 934 1078 2424 1743 3868 3437 3179 1107 1301 4786 348 779 4203 1229 4098
2016 3799 2120 4696 3097 1555 2824 3400 2348 3136 55 3040 3023 1985 366 927 4257 410 628 3943 1785 4188 1888 134 527 3140 425 148 2877 1325 25 2500 4894 2236 4100 4011 2655 3210 3156 4808 4375 608 4581 3086 1919 4625 4053 604 1299 459 3065 3360 2652 2720 897 2683 2519 2551 1350 3532 382 3300 1540 1447 473 4138 1798 1480 3034 2391 4609 2820 4172 1349 238 4133 2534 4352 922 675 4286 4619 1517 2663 449 3053 4717 3066 1063 2574 1856 458 463 1148 3769 3409 3093 3956 4852 3306 1404 2361 3424 4298 1819 3859 3860 3295 3004 3986 2012 3161 879 1628 1355 4995 187 4945 2841 709 1844 2163 2270 475 1740 1227 904 4688 2589 2460 2438 3824 2111 145 2887 1585 3043 1869 29 3006 321 2154 4833 4197 3198 388 4425 2719 1084 3843 3258 664 711 3888 1104 2115 4942 619 4283 2001 3371 3329 3227 357 1304 3408 3410 3206 988 4408 2262 4809 2330 2938 3463 4758 2214 2709 1907 3158
2333 41 1501 1708 1364 3191 3794 3408 2354 111 1831 1645 1666 1526 2851 2283 410 3536 3482 3349 2096 3821 561 646 3911 560 750 273 3341 1427 3596 1841 931 1165 1795 2927 1805 3432 3074 2505 2656 1793 139 4251 3711 3643 651 4084 39 1640 3819 1754 367 4843 503 1109 575 3874 2012 655 845 3879 3692 842 4132 2093 3817 4640 1913 3349 2029 982 2861 1318 4953 3872 3961 1035 4090 2326 4090 1626 2383 4237 1284 1340 191 4158 357 3981 4902 4180 4338 483 3503 2145 3804 1113 517 718 4419 4949 703 2702 1352 1074 1526 97 806 2341 517 2530 654 2893 1326 4747 363 2043 591 113 2597 2689 4164 4428 648 803 2507 2131 227 3856 4870 4018 1291 1110 2932 1645 737 2595 2970 3411 2510 1809 4515 3894 3106 4887 91 1543 2165 3946 662 44 3988 3882 144 2569 3487 3883 536 3628 2719 4295 3432 1776 4877 2125 1202 3161 3279 3319 324 1619 4598 4946 3848 109 3729 3172 710 1161
4978 3277 852 4285 342 4432 301 2736 2812 153 139 2568 1344 2904 4784 4529 628 3482 2666 2062 1865 1307 2572 257 2066 1547 1764 4113 4294 1458 1075 869 4945 992 985 2670 2710 974 3046 2604 712 2462 1942 3319 1195 1887 2586 2828 2419 1115 1211 3618 2477 2081 932 4633 1028 2572 3924 3573 3159 1719 4532 4563 1177 1761 2841 2471 3930 3868 2686 232 1648 4002 4975 4035 3017 4132 1967 3802 3735 3091 2482 3792 1510 2699 1846 3769 419 237 1118 878 1127 2227 4444 2651 3825 4810 2103 4102 374 1154 973 1459 1483 2995 655 4946 4782 309 3659 3167 2701 1462 4532 741 2181 3810 3271 3366 566 1947 672 4466 1355 2673 1739 2052 3859 4838 2235 2776 3641 507 75 1715 3060 2554 4289 2414 1384 2064 2230 1884 1886 4369 4568 2570 3700 3687 1085 1320 97 3067 4336 4331 3551 2507 1500 1235 934 2173 2405 1422 1097 1199 2238 789 255 2547 443 757 4599 3188 3371 4735 2100 971 1527 2074
2137 1335 492 1189 1909 3640 3081 4758 4276 4488 3493 3095 4473 733 4203 1126 3943 3349 2062 1438 1245 3730 3561 4776 4116 1230 17 530 2566 2300 1680 1300 230 2977 1941 2089 3904 4427 4347 27 3201 3344 1469 952 77 2531 4036 3097 1562 1115 3988 2611 661 226 1312 4676 3271 4293 1832 1057 2268 1853 3884 4317 517 2100 2050 2609 2159 2155 4529 3644 2130 4503 4066 1501 4713 4924 799 4104 844 932 1082 4511 1363 4414 1673 2508 2146 796 2264 2536 557 1475 28 1865 3534 4392 509 880 2941 2013 4284 2152 2462 4996 2373 4298 3751 3139 4004 4958 4608 2096 3228 1388 111 501 2962 829 3760 4623 2224 1997 1129 1175 3118 2491 1266 3120 2151 4451 4978 3535 2709 4746 3732 4002 591 3260 3392 688 3737 1442 4187 3498 4825 2343 929 1569 429 267 1302 376 2893 1702 2202 980 3446 1655 1171 586 3394 2165 1353 1780 165 1669 4244 177 3403 3499 3878 4523 2376 2604 437 3165 3665 1169
1644 1044 2863 151 2397 1064 4375 2847 4521 238 1103 3554 247 1396 4719 4400 1785 2096 1865 1245 1757 343 491 849 3151 2128 3361 2002 4774 4389 654 780 4611 619 260 3457 910 3731 4392 1083 112 4292 3754 3832 2105 4548 1183 4972 3169 329 2722 2971 3496 2650 2684 3668 3022 82 168 3668 167 3271 1616 3226 1281 331 4376 3475 3062 1275 4348 2275 948 4298 335 2397 2372 2970 537 865 1625 1739 3457 4609 2104 3215 490 2958 4447 4163 2050 2437 586 2239 2509 2881 2858 1194 4416 195 3700 521 2032 2444 589 4286 4705 2800 2710 3588 4914 4448 2369 692 4447 4507 1317 2227 984 1995 4576 2426 4814 1086 81 1194 2285 2240 3411 3299 3133 4029 2936 4620 3325 2341 3514 2477 2315 2176 470 4574 3933 3658 4338 4734 3817 4757 3645 4878 3189 4615 2516 4455 2850 4840 48 189 2074 1603 3439 4714 4138 683 2359 165 4735 3880 3948 3056 671 3265 2481 3639 1484 4332 1792 264 3484 712
3065 881 1744 2166 782 1999 393 1429 3662 25 3231 2303 3858 2369 437 4139 4188 3821 1307 3730 343 3530 4428 790 4623 3213 1179 979 627 4532 840 683 2531 2504 1675 3605 217 1667 2563 538 1649 737 3146 2798 4711 2316 164 3007 3410 4182 3509 2993 4382 3037 25 251 3684 1861 3146 2059 4501 1076 3134 4225 88 3401 3017 2077 978 4408 2239 3775 3041 3872 135 1079 1132 2504 4505 4458 2606 4006 4128 4973 798 1078 4449 1028 3238 2503 1951 3607 795 54 3472 3966 3430 4561 124 4125 1663 1222 1575 2027 351 2703 1228 929 3993 1962 2371 850 745 62 1141 4884 3316 3526 4832 1094 3812 3377 3053 3739 2265 791 1381 846 4329 3762 1423 1202 3377 3493 3721 2982 2821 2344 3613 3464 1588 4353 4507 4204 4003 3003 4974 1371 3610 3325 3347 1467 4494 2680 1701 1922 1569 1555 1647 2490 3291 1449 1519 3491 2189 3918 1380 2819 4077 3604 778 4220 1977 213 2168 543 1046 3670 4044 2481
821 4085 1551 4340 2384 4102 91 4370 3842 2291 2853 4524 2420 2948 3210 1040 1888 561 2572 3561 491 4428 1918 2058 4412 2419 1876 4582 1097 233 3580 3850 3148 2311 2990 620 3301 2224 460 2437 4253 2292 3472 3168 455 3288 2253 2577 893 2634 3996 1660 353 1810 4093 3749 3386 3248 3770 1341 1264 1954 2816 3570 2453 4385 1429 3063 4991 907 4382 768 2446 2694 872 2588 3272 170 2663 1403 970 2103 2788 3903 1709 1515 4680 4652 2204 1672 1826 2291 1412 1019 726 3216 3356 1993 1993 1728 1401 2801 3961 3545 1761 2661 1548 4390 2660 2856 1920 3028 3743 1693 3094 3970 3529 2600 651 326 1760 833 1847 1872 1442 898 1732 4158 4259 3656 4680 944 1091 1150 1515 4842 823 3375 4866 1986 4163 2461 1761 1858 3187 3125 1155 4527 3670 1042 357 505 3158 4120 1696 224 322 2276 1036 1750 4471 864 4249 1206 1341 1824 4695 4819 3735 4063 288 3823 709 729 2211 3000 2254 3239 2870 2446
3637 3914 3277 4202 4390 3267 1751 814 4348 1918 4226 3794 1040 1550 2289 1422 134 646 257 4776 849 790 2058 2485 2925 627 2087 1175 4657 2692 4959 1667 2505 2469 4398 3053 1634 2912 4051 2627 3243 1886 3288 2125 3627 4510 2333 1630 2268 683 2180 2734 2323 4279 4294 2913 1584 4420 3056 3322 3255 1455 2907 4469 1440 3025 239 3835 3012 3116 4444 1077 2324 109 1112 3261 401 2975 3891 3086 143 1925 69 3797 1921 4061 3533 169 4584 4375 600 3087 1692 1544 4602 2170 3155 2808 88 1522 3043 1496 2990 3850 3160 885 72 3506 234 2526 3131 1927 4120 2000 2636 726 1003 4696 314 2578 2730 1044 327 4772 13 791 881 3293 2555 1491 1729 1680 2383 922 3769 2658 1622 1706 846 3136 4684 3894 1841 1091 1100 3906 2708 739 4335 724 4822 2884 4593 1160 1602 1131 409 2061 2322 1178 3178 1580 1015 147 3814 3812 355 3902 3774 1824 3996 4303 4729 3210 3843 2338 283 2028 849 2169
4659 2994 1112 4149 2109 3763 2421 2640 3956 3438 2076 1897 1151 213 1636 1860 527 3911 2066 4116 3151 4623 4412 2925 3079 2198 238 3783 2215 3941 4217 3880 3900 2898 1952 1231 4093 3234 2404 1502 370 3876 4232 211 2819 1405 4048 538 1696 3363 650 3760 782 4027 2851 2999 4670 1962 2942 1345 3259 1860 3782 1437 2690 3968 2676 1430 2231 3097 55 1099 3835 2302 3689 1275 1312 4990 3145 4919 4470 2257 3351 2747 1313 892 401 882 1195 3360 3941 4036 270 2709 2834 4544 428 575 963 717 2909 2492 4570 781 2837 1700 4395 4829 2801 791 4456 2069 324 2316 702 2169 4365 2467 4840 4657 348 3796 239 4433 3522 2073 4127 2057 1940 4629 4197 4780 3434 3030 3760 3397 474 829 1696 4888 3881 976 877 4119 216 715 715 1960 3427 790 4350 20 3517 1280 56 2189 3618 4428 3280 2247 2379 3762 489 2364 4259 480 1676 4947 2338 4450 2546 2012 4557 1245 3980 4039 1639 1302 804 2977
2951 2633 1109 511 182 2194 3511 4844 594 996 1638 3808 2257 3795 4482 1306 3140 560 1547 1230 2128 3213 2419 627 2198 3817 886 4937 2609 1091 1540 2208 2056 1198 3128 276 532 414 3970 890 4726 2306 4019 4157 1830 1058 4466 4532 1731 3982 3565 731 1782 1498 101 3415 2386 3488 3753 443 3989 469 1667 4143 1228 1387 3207 1388 1645 701 3395 44 596 3318 1158 2752 512 3533 1034 4113 1768 3884 118 613 1336 1426 845 3579 1166 4667 1605 1518 1394 1568 4596 896 1048 1600 1756 3031 3475 1573 3815 333 1603 1120 3907 4396 921 4338 2589 3581 1011 3926 1928 2045 2420 4876 2817 4388 2734 441 338 3185 3871 3745 1250 4798 1337 4059 1808 707 4400 141 3546 2912 1587 651 4159 2602 1032 2586 4627 4986 4050 1889 1615 3785 2907 568 2231 3099 102 715 4983 1314 3320 2664 3459 4585 2089 928 4413 3686 1858 3969 1739 1759 4034 2578 2557 1356 3257 4090 3644 2823 3697 4723 543 3989
4073 2960 4326 4552 3416 2539 4582 800 123 4457 1472 4210 848 2070 1773 411 425 750 1764 17 3361 1179 1876 2087 238 886 4409 2889 3591 2054 4973 2421 4563 207 1172 1280 3966 3155 4764 3963 1635 4725 1515 2603 1196 3608 228 2385 4069 3294 3681 3470 1930 402 2705 3120 3109 1601 2425 857 679 1108 4020 4019 2922 68 1351 3943 333 4819 1473 2826 713 4084 3540 280 4592 2403 3805 3855 3172 1505 881 4147 1789 2478 2631 448 1307 2124 2029 3347 608 1286 528 580 4436 4304 1615 1327 1493 1816 2997 1745 692 2137 247 1923 1419 2601 1495 1701 3996 535 3888 4058 368 4667 2892 4994 4862 3121 3797 2592 3891 692 1677 2736 2040 1285 3290 2877 389 1866 2109 1302 4780 4361 4362 4007 1806 4632 1914 723 1634 426 2277 4289 4508 2437 1548 2521 4148 1966 4020 3333 1977 3137 568 3356 3200 97 3314 4823 2086 48 1596 696 369 3050 1502 4798 2492 3446 4794 2032 4886 1260 2554 1799
872 3225 4529 1814 447 336 3095 1981 2397 4910 2589 4836 4539 1225 2467 4327 148 273 4113 530 2002 979 4582 1175 3783 4937 2889 3334 2608 358 158 702 4057 1629 4716 3180 4356 4317 4526 4314 809 175 588 1777 4913 1136 2215 1764 540 2405 2076 2872 1222 4527 2488 1660 1725 3503 4795 1220 2723 1021 739 3905 4361 1399 1067 1058 588 3151 344 872 1467 461 1916 380 2897 3537 3743 4847 2869 4315 1450 111 2673 3586 4727 922 3397 292 733 3360 4492 3367 3706 2024 1646 1769 3657 3934 2875 1485 2132 2366 4950 4668 3931 4664 3307 3188 2275 3473 4695 3194 2612 2172 3780 1773 534 4649 875 741 3519 4304 1332 3747 4460 3849 4694 4410 722 1449 1439 4230 244 3116 3206 430 1128 3169 2859 1068 2043 4240 2457 556 4197 894 951 778 1044 4400 3075 4740 3578 2061 4078 1734 4824 3701 1212 3707 1102 3399 4193 4720 1752 784 4381 886 2774 2503 1176 2848 1700 3475 1995 1589 3690 2639
2706 4848 4325 3848 3942 2478 1364 534 1512 106 3511 381 1402 1328 4373 1856 2877 3341 4294 2566 4774 627 1097 4657 2215 2609 3591 2608 1256 427 1525 2710 4012 2888 1629 1439 1657 339 2067 2742 1559 4904 2135 1248 1846 3486 4134 4835 1552 2681 4985 3449 4257 4218 2309 4708 227 3961 1858 2435 2679 3745 132 1335 2385 1212 1438 1520 3119 1223 3410 2518 3115 3672 1856 698 3649 807 4559 2943 4154 523 861 429 3869 3620 2133 1928 2092 2093 4436 4345 3597 1294 3901 4689 248 2324 4257 2393 3660 3359 205 1754 3301 3869 1846 3690 2396 133 2577 1684 3080 4740 3178 2210 1715 3226 535 4225 3617 2846 4551 894 4132 2302 3246 504 153 3303 2420 855 3053 3989 2281 2729 506 3046 3735 2435 2895 2057 2232 1678 1854 1590 2726 919 795 3258 3601 4486 2041 4611 3668 2322 2728 1228 3148 4269 1568 3888 4909 4675 1388 2712 4624 3375 3768 3783 2718 678 4813 700 147 4795 1070 3957 2724 491
1635 2345 2532 3398 4596 1480 4343 480 2436 272 698 1673 3808 4133 850 275 1325 1427 1458 2300 4389 4532 233 2692 3941 1091 2054 358 427 4121 42 3340 115 1352 4250 1149 1714 3428 3921 3130 335 67 1360 106 234 2629 3056 1886 650 4756 2739 1419 3114 749 605 15 1907 2767 133 2961 3720 1104 937 2237 1344 3270 3277 2792 820 4012 1367 362 4045 4512 4086 513 4151 1992 3181 1700 34 254 2472 4938 3779 3292 1563 3514 4666 124 4179 4527 4280 4307 4290 2493 923 2900 3327 3368 2119 3544 3300 2479 1912 2694 707 1935 2651 3130 2659 1567 3483 3181 1781 4865 4494 4396 2688 2458 89 3497 4540 318 3683 926 1979 303 3108 2113 4864 2133 646 949 1425 805 4182 198 4304 3314 3796 1040 1185 4713 3675 3731 3206 44 3759 287 810 1234 4224 4880 975 4288 3853 3814 1268 4058 646 61 931 1695 3708 2883 3572 2667 3272 2498 2016 1290 2404 4894 1865 1432 3287 3077 4082 4356
4097 1405 2912 4338 2964 1194 4569 1243 3111 1390 4788 2075 2547 240 178 2937 25 3596 1075 1680 654 840 3580 4959 4217 1540 4973 158 1525 42 3499 3774 1654 1031 4940 4751 2129 3543 1657 3240 3997 2108 3060 3221 1623 2181 4660 557 3897 3593 2314 3495 3892 3569 907 166 2682 4091 3371 4444 4813 1711 2261 4926 239 439 4230 841 3298 2699 94 3040 3979 1108 799 1154 3162 1331 2746 4311 3883 4653 2312 1254 3668 1944 2307 1754 2216 2326 878 2906 588 4804 2415 1741 2671 190 2243 4587 1892 3579 959 2095 484 3033 4551 2386 16 1033 2394 4188 1872 1722 3813 1160 3759 60 3940 4557 587 123 4026 3552 3207 3935 4616 4994 4715 2438 3735 408 1342 3149 4376 3932 690 3452 339 3224 1323 4330 2318 2790 3821 1641 1089 686 2381 4482 176 97 2570 3866 1846 2193 4627 108 4537 1530 2878 4079 2481 1602 1128 3463 3362 3495 1602 1464 4175 1246 2161 2038 4493 382 472 653 4416 4106
3410 693 1608 4992 4842 3025 3328 2723 1047 4240 730 2190 2040 943 4633 593 2500 1841 869 1300 780 683 3850 1667 3880 2208 2421 702 2710 3340 3774 3284 2357 1140 1174 2211 3011 2414 3952 4309 4817 3643 1884 3224 4041 370 2765 1127 1780 4542 2002 781 972 1306 2028 1166 4832 456 640 4055 300 1239 3467 4573 2766 3592 93 4410 1221 2601 1042 1241 3341 4169 4002 4849 4237 4368 3443 964 1186 3376 1193 1798 571 2484 1483 2229 1426 4664 4404 88 1351 1420 230 2816 4854 4612 3125 3758 1524 553 4326 4065 1450 4032 643 4957 1527 1749 301 2349 3637 4032 4733 2513 2737 1715 199 43 1998 2562 782 98 3085 1682 766 4325 1334 1711 2052 2031 3732 4302 3484 2043 1436 3229 1356 3518 2177 4041 38 4705 3091 4068 813 3868 63 3513 4505 2803 432 4706 1524 443 1807 1503 330 2622 2180 905 3822 1650 4318 533 4442 2738 985 196 3616 3292 2285 15 2320 2301 4682 4521 3526 2515
4911 1955 324 253 2459 1180 2153 353 1373 3071 2852 531 1374 839 1374 3745 4894 931 4945 230 4611 2531 3148 2505 3900 2056 4563 4057 4012 115 1654 2357 2641 4312 4655 533 902 2415 2664 2654 2852 1581 3470 242 4240 3929 3556 2426 3957 2266 1418 4167 4367 4029 1336 1603 2117 878 3878 2149 4694 2023 1870 4588 1801 643 2560 3667 551 487 4325 29 3064 1553 1900 1657 4043 2541 4728 392 3947 4310 2590 3364 1874 4196 951 3272 2359 2736 3130 4005 4065 2253 4159 3427 1651 3930 1748 1856 407 3374 1099 3628 4710 774 4408 1194 1443 207 183 973 2517 289 2179 333 1148 2402 2240 3869 81 1171 226 1076 2791 3013 2123 3923 2576 2577 3719 3663 3736 3043 1377 2727 1201 1738 3662 36 4493 3219 4558 168 2423 3693 1291 3259 2016 1819 3048 4680 711 1636 4375 1704 1706 2504 1689 2878 656 685 2214 2908 1342 1728 4059 354 4577 1319 2919 2804 3996 1789 3170 1442 3485 2299 359 3093
4217 579 4099 624 1268 4722 4766 1856 3511 4614 3589 2553 3925 4102 106 4068 2236 1165 992 2977 619 2504 2311 2469 2898 1198 207 1629 2888 1352 1031 1140 4312 4235 1791 682 2823 4729 3209 4507 20 1875 838 1646 4408 684 3700 2156 1935 4913 1372 400 3544 3803 3983 1483 908 2019 2247 3559 1798 1613 3867 2673 4122 1739 93 3698 3860 2152 1960 2741 871 1180 271 386 2685 3848 3738 2554 2199 474 3618 3451 691 4750 3334 3741 3721 3713 4633 1700 3538 4462 140 3312 2471 2370 1471 1042 418 4351 19 2147 2842 4177 1000 4224 2992 4016 594 2302 4445 4779 304 2133 1282 25 4022 1625 2409 1755 3492 2935 1905 1593 2415 234 408 1352 3980 1970 4576 3004 803 629 1965 2342 2430 2132 4047 3979 4885 2896 3052 2050 2307 3094 3915 403 3996 2783 1529 3544 3826 4806 1737 3747 2366 3957 3874 1584 843 52 1500 2351 3840 4143 2904 1401 1404 473 1487 1228 4036 2966 2929 1845 2077 81
3508 466 1974 4992 3874 4359 763 4654 1346 3929 3420 588 2245 2274 2052 2152 4100 1795 985 1941 260 1675 2990 4398 1952 3128 1172 4716 1629 4250 4940 1174 4655 1791 610 4904 2736 984 735 1258 179 2826 886 2054 2087 1588 3035 247 3412 1350 173 4134 2438 3115 1255 3544 536 3658 2836 2465 1566 1818 1700 1355 1894 388 144 707 4475 560 3138 4627 1648 3909 185 3557 3356 4732 4038 3590 3731 2439 789 490 215 2510 2098 1336 4307 1457 3130 785 305 4847 4879 1696 4368 258 896 1223 1874 4661 3243 1090 2691 3068 3234 1958 3389 2388 908 3774 1735 1005 1181 1224 3459 2043 4409 2846 3384 1121 2248 1099 4553 2108 2896 2152 2754 2074 4056 2756 438 150 2184 2739 3347 395 4195 4968 2597 1341 4113 345 3276 3103 1566 1757 903 3890 1675 2652 1768 1643 670 3411 2171 3383 107 730 1444 3841 2774 4151 4017 503 4151 1530 3012 1337 627 225 2747 4853 2565 2188 4099 976 3177 3414
2097 2783 795 3822 941 1489 1264 2814 3612 3737 887 2322 3398 2780 2269 3823 4011 2927 2670 2089 3457 3605 620 3053 1231 276 1280 3180 1439 1149 4751 2211 533 682 4904 1361 3467 1856 95 3869 98 1990 420 2659 3958 4408 1662 1120 4051 1986 3683 1297 3305 2920 478 4503 3453 2716 3601 2753 1447 4773 2820 1344 375 4123 2206 461 940 4351 3975 389 4242 4357 3588 1611 1781 252 1898 4840 4168 1449 3461 1103 748 1992 4466 4119 435 2263 4041 2268 1836 3305 64 1365 4020 3301 4264 345 2731 4915 3750 2881 4202 2901 351 2280 3499 1323 3042 2346 3553 1769 4968 2124 2658 4415 750 357 1314 3170 1779 3752 3178 2434 1874 1006 2085 1823 4282 3998 4086 2420 1628 1056 3152 3282 2877 2559 1373 1416 768 2135 1838 1250 1265 3243 384 3729 496 1067 3414 2157 1744 4355 4864 1198 4707 671 4421 1479 4881 3061 180 3722 668 2742 4929 3930 2394 1723 3224 729 1227 2226 3821 1164 551 356
3255 3908 2574 2473 4424 1008 1017 2594 2102 4672 3007 681 2185 1555 923 4520 2655 1805 2710 3904 910 217 3301 1634 4093 532 3966 4356 1657 1714 2129 3011 902 2823 2736 3467 2432 841 4030 920 999 4994 2103 3760 4806 2169 3613 2925 2949 423 4788 3338 849 1186 752 2702 1769 2579 3840 4931 1933 1042 3261 2707 4005 3589 1098 1603 3657 4750 2073 227 3507 3044 2679 406 4609 1097 1157 3539 2984 1200 23 2729 3183 653 2851 4307 2163 380 693 649 2298 2257 2480 1930 3669 2679 2409 3446 76 1171 4256 4096 2171 218 1620 3913 2340 3217 2861 570 1865 3688 3982 4129 1528 126 1674 761 1719 4538 218 4857 4642 1022 223 2751 463 99 515 2224 2037 803 4715 185 4195 391 3787 4287 4869 810 2306 635 3897 3826 1968 1221 1743 831 3057 714 837 1780 1387 4334 4792 2823 2626 3419 1893 2598 2292 3508 714 4463 2350 2596 1307 4427 414 4299 4914 4774 986 1575 728 3612 706 3308
2289 4431 2833 2320 979 4221 3388 355 1597 705 4257 2358 2912 4996 1934 4539 3210 3432 974 4427 3731 1667 2224 2912 3234 414 3155 4317 339 3428 3543 2414 2415 4729 984 1856 841 3161 963 4244 2236 4173 349 907 896 4636 3029 4527 2020 196 4182 4812 1013 4636 4283 201 545 3051 654 3990 1067 2747 3988 2153 104 2367 3884 4720 375 369 4366 383 115 4131 1034 34 3953 2579 475 2264 4589 4521 2746 1926 1481 680 1985 4853 4328 4667 4636 2631 2387 3433 1456 1068 3896 2394 3106 4397 570 3260 2388 272 2367 3924 2122 811 4045 4404 166 509 3547 1960 2553 2900 3097 2680 1581 3676 4157 3946 3067 1222 2861 2470 3593 248 4439 3264 4570 1905 2965 1549 3038 3506 111 414 3215 797 1295 2300 2167 3545 4561 2448 1592 196 941 2123 208 4329 4623 3010 68 2933 1098 2125 3413 4225 2914 3421 260 917 2091 3513 1269 1941 589 296 316 164 3387 4758 4127 843 2496 2631 2737 245
3578 476 3687 4875 4729 3149 825 2003 2561 3833 3419 1975 4158 4801 767 1334 3156 3074 3046 4347 4392 2563 460 4051 2404 3970 4764 4526 2067 3921 1657 3952 2664 3209 735 95 4030 963 3745 4522 2609 4190 2187 2954 2357 272 1102 2634 2973 790 2108 4611 1529 612 2290 4249 971 2085 4760 2892 3613 2354 3484 594 3107 2592 2418 2405 4785 1671 409 4775 1455 101 3256 2287 1842 1012 1472 1806 397 848 1067 4086 3838 3718 1415 2685 2659 3144 798 614 1049 3268 513 3589 4875 2253 1017 364 2448 92 1436 2213 1444 1520 1599 254 2796 3023 3069 3163 2740 2489 3243 4749 2018 3558 146 4562 1489 3872 2781 4130 3639 1768 4795 244 469 1684 4917 1806 525 3898 3681 2210 2107 1647 920 1428 595 692 1137 4727 900 4536 2854 1824 2924 4669 3238 1933 2154 2584 1859 3223 1205 3990 2846 2332 132 2656 1934 850 1459 3537 3674 627 1976 3284 4045 2304 3208 2382 596 4045 3861 2224 1548 4808
1932 1852 3153 1133 3388 2119 203 1057 4679 238 2447 788 4666 3291 3125 3502 4808 2505 2604 27 1083 538 2437 2627 1502 890 3963 4314 2742 3130 3240 4309 2654 4507 1258 3869 920 4244 4522 1400 641 3379 2281 2295 1806 2744 3756 977 1642 4442 1542 3123 2775 4251 2878 3496 3186 386 386 735 714 4170 4539 163 4168 3775 4099 3424 867 1863 1012 1446 4364 4470 1034 4919 981 2175 249 2485 3563 2285 4918 2078 3852 4158 1602 2043 4288 4954 1103 869 3066 3961 1351 2131 4376 3311 3061 98 1977 112 4048 408 3723 4664 3561 4498 2662 2674 3781 508 2172 410 2246 39 4888 4246 4853 4260 4515 3966 929 2252 4849 4082 60 861 1484 4637 2172 2430 318 2596 4847 1126 170 2192 2104 1282 4974 3465 1540 2108 2616 1502 3307 268 4079 2125 4159 910 3832 4715 1698 980 3749 1145 2115 4617 1765 3475 1393 3432 426 1353 1866 676 3653 3385 4527 3509 3553 2928 751 1091 4019 4256 3681 3667
4069 436 3840 538 2986 956 2136 403 3330 4756 2317 4592 1422 2477 2925 4644 4375 2656 712 3201 112 1649 4253 3243 370 4726 1635 809 1559 335 3997 4817 2852 20 179 98 999 2236 2609 641 4495 3134 2956 1501 2608 1014 483 241 3866 2243 2639 1296 2957 3700 3007 2311 2493 515 4907 4468 1649 3011 1562 4562 1715 1545 660 1541 3461 4362 2638 4844 4723 1860 417 4965 2164 3728 2613 3711 3728 3279 1221 3599 3857 1443 716 2346 4567 1961 2419 4991 4823 4461 427 4287 2070 158 2554 3026 4322 2872 3342 4814 608 3304 1797 1129 3752 539 74 724 4179 4877 2408 4558 3747 2546 4117 3037 4094 1812 2116 3281 1006 167 3632 3485 4327 2197 1039 1459 1002 159 571 4347 2453 4263 3469 878 3971 2376 2355 795 2870 2204 223 47 3510 1350 1420 4809 274 452 2663 4494 2311 1443 4634 1988 1946 745 2148 4667 1260 1725 3921 626 3102 4057 2320 191 3182 4617 3405 1798 265 3353 2262 3724
707 2548 582 428 2993 1635 1066 4976 4345 2962 3536 2840 878 2784 2921 227 608 1793 2462 3344 4292 737 2292 1886 3876 2306 4725 175 4904 67 2108 3643 1581 1875 2826 1990 4994 4173 4190 3379 3134 946 654 1427 4005 2035 148 2087 1620 3243 596 3278 704 4541 3894 1437 3005 289 3771 4872 3444 3848 3554 3562 493 3246 2833 3759 3963 660 400 4770 4567 4977 3321 2864 1566 3034 100 4304 4723 1691 974 4666 4424 154 1641 3828 643 3603 4935 4321 3879 2813 906 738 743 2026 4969 592 2120 4910 1432 523 459 3954 4514 4821 2277 351 2811 4677 410 3620 1475 1855 4005 4949 513 2547 1295 4693 4532 2448 2757 3741 10 2690 189 1808 4371 3820 2621 544 1256 3535 2519 1934 3149 4436 4334 2500 294 4790 4062 2719 1632 2319 3822 3609 925 4496 1862 4867 2626 582 3073 1881 1249 4894 2447 1901 4337 3424 290 4045 3557 3059 3434 1856 4690 4484 1215 2192 724 1233 598 1058 4955 3109
3526 2588 132 4029 655 1677 2290 3891 2482 1667 2677 1511 1445 1059 3711 4421 4581 139 1942 1469 3754 3146 3472 3288 4232 4019 1515 588 2135 1360 3060 1884 3470 838 886 420 2103 349 2187 2281 2956 654 4403 2312 4887 307 288 1691 1722 616 4244 2857 1118 264 502 1257 1385 2318 1528 1199 1607 348 620 4001 914 4916 2064 3079 3301 4790 475 2001 279 2946 4886 1651 1055 4965 1040 534 2485 1708 1737 753 985 3072 1772 1319 2024 3319 825 3423 4289 1178 4496 3881 2256 1045 4342 2135 1962 88 1683 2919 4243 3849 2842 3258 986 3026 3568 3948 4235 81 563 875 1532 1194 3260 2089 3760 2247 3693 1463 3124 3007 2446 4739 3836 629 1139 3778 3918 390 891 278 389 1820 2455 352 2508 3037 2704 3631 2772 1846 3332 2687 3566 868 23 4220 3697 133 1374 4103 3066 2036 3264 1576 4702 2685 1761 3670 2259 1347 1253 3801 2421 1623 3622 1922 1843 1299 2034 1188 250 3358 673 1337
415 1196 4438 1467 3449 356 4532 3780 3330 3066 1769 964 3383 1909 816 2558 3086 4251 3319 952 3832 2798 3168 2125 211 4157 2603 1777 1248 106 3221 3224 242 1646 2054 2659 3760 907 2954 2295 1501 1427 2312 2125 1149 2529 1928 1167 4176 3934 2936 2542 98 3663 1795 945 126 4730 1204 2146 1853 3947 4525 498 1975 288 4741 3730 679 4467 3068 2777 2301 2885 3513 1333 2562 2085 4865 1343 3975 379 455 2657 1242 3541 2520 1737 4753 2735 928 3990 81 4675 2223 4697 4716 2709 3903 2260 803 4199 2594 4786 3732 2005 1904 1126 3761 482 2518 407 2014 4156 1274 772 341 920 3258 4953 1504 1548 3166 2889 4362 3433 3790 2635 3612 2119 4740 119 1320 4334 4518 2253 3371 1481 1400 2671 3722 4574 4513 1494 2075 4825 75 4620 2255 4127 36 4532 4155 879 2405 1605 2999 1582 4896 4619 2193 2943 3598 4376 1423 181 1538 4210 3056 2021 447 4185 3734 933 3970 2496 4318 546 2136 4518
4945 4331 2538 863 1438 3620 3852 822 873 1567 1156 2705 3657 4127 2907 1681 1919 3711 1195 77 2105 4711 455 3627 2819 1830 1196 4913 1846 234 1623 4041 4240 4408 2087 3958 4806 896 2357 1806 2608 4005 4887 1149 3273 2736 4999 3730 3858 1577 2954 2476 3753 1881 1978 830 3692 773 274 4329 3315 194 2437 396 4661 1222 4105 1461 1685 663 2446 855 4261 632 4542 4371 455 1221 1340 4456 4335 552 4641 2926 2642 3968 4412 1594 3220 4387 3202 2225 1378 2788 4894 4189 4807 2096 2205 390 1114 2719 3068 1109 601 4903 1246 1887 2809 1828 2392 1528 3449 2930 2698 4190 1695 3975 189 1167 4910 4486 1748 3869 3399 897 2440 1613 70 2576 4696 1582 3060 233 2188 4985 2174 3291 115 365 2828 630 3682 1681 4579 2093 4809 1937 2915 2558 110 4216 3517 3802 1422 4845 2617 4599 799 2017 2984 1697 3603 723 1878 4993 3271 168 1693 3961 103 3243 447 826 1493 1849 2975 2126 816 1356
