N: 180
M: 20
Symmetric: true
Triangle: false
8 83 107 150 163 27 14 151 32
6 11 19 105 143 140 42
13 169 120 178 6 37 12 40 125 66 59 24 3 51
9 8 90 79 2 38 98 29 95 31
7 116 104 5 160 149 165 161
9 28 63 109 34 124 106 10 16 137
8 78 164 101 119 172 1 71 180
7 97 49 86 91 144 36 53
16 48 111 13 132 142 122 166 81 52 65 69 102 96 75 64 89
9 82 112 17 55 44 179 47 41 21
6 158 67 39 167 9 88
12 100 84 77 103 4 58 46 60 50 146 93 57
8 80 135 173 156 74 168 148 94
11 115 68 123 145 87 139 157 171 175 92 23
13 133 126 22 70 72 7 110 138 159 134 131 153 130
8 54 117 43 177 35 118 176 76
10 152 85 170 147 108 45 20 128 114 62
6 155 25 15 99 162 141
8 121 26 127 30 136 154 61 33
6 18 73 113 56 129 174
2274 1024 2316 3225 970 2909 762 4130 2560 4485 1450 3250 1493 865 3992 3698 2746 3336 2955 4326 32 4741 3755 2404 1063 2092 4652 2072 2403 1617 4687 3373 18 4168 4677 1287 4910 797 4304 4676 2382 115 1431 2552 3577 3874 1491 4437 79 1829 386 1795 4321 3045 159 4578 1472 3828 2410 129 1026 1551 3782 2518 1205 3184 2350 2988 1617 4210 1239 49 4436 2072 2486 4225 1188 1198 1444 4166 322 878 2893 2770 3415 831 4628 4090 4973 1067 3520 621 2035 3801 3805 4589 1748 1332 233 1854 3969 3824 972 4183 3115 1321 4993 3265 4764 2199 3869 100 2245 4078 4005 345 4750 1151 2050 4035 3471 605 3604 3679 831 100 3974 2527 2667 3479 1916 1595 629 1341 16 1457 4108 3674 3171 1845 2308 2839 1668 891 1057 3870 670 2017 1799 3081 3428 4642 2584 3237 989 1058 4348 4547 1138 4155 2844 3719 1206 814 3745 4056 356 3056 2559 2080 2297 958 3741 2594 3416 2995 4373 3373 2656 4077
1024 3482 3680 85 876 2640 4821 518 2127 3684 3362 3709 1844 512 1682 2356 1661 2919 3101 4770 4469 3250 1023 3156 2780 4901 3408 2097 575 4921 2267 3448 4127 3438 3037 3431 2398 1018 4802 4092 2007 706 1390 4106 4386 2420 3229 1001 4995 1764 4266 2037 1779 4533 1303 2035 3449 3208 1672 3856 3986 155 3164 3855 2626 1788 1769 1736 181 3808 331 1098 95 1951 1655 151 2529 2489 1590 3484 1412 3887 2964 712 850 2389 837 767 32 4298 44 4756 3216 4449 2650 2821 1264 4868 544 1375 3562 1213 2204 1565 2425 1835 2004 4921 438 3371 1450 1692 520 4555 2852 2139 3046 289 3029 4671 534 4132 916 3294 1313 2728 122 2718 121 2776 1853 4026 1581 3484 1385 555 4628 4471 1160 955 105 3899 2408 4663 4062 2323 4530 2376 1435 985 2470 4456 4705 1126 3268 3367 3613 2535 142 3638 4486 671 1156 3127 2043 4501 2411 1848 270 4824 4280 2544 4723 61 3368 4877 182 1698 947 3786
2316 3680 1162 1663 4684 1283 375 4769 2167 2468 2135 380 713 1915 4847 1708 4553 1310 1234 4248 3306 4254 2442 4774 606 2208 2118 3433 3989 3647 2802 3797 4301 3182 2342 3171 2843 2116 2573 1198 4330 1219 2805 4013 3627 3717 3717 2615 983 3009 2122 4128 3451 517 1236 2455 532 3521 3070 324 4780 3938 2999 2723 139 4146 451 1468 4506 71 4282 4971 4759 177 2298 4505 4758 4009 2192 1966 1197 4688 92 3935 2417 4869 3000 1882 102 917 1453 4261 1063 2832 2337 2903 1618 4743 2005 3665 1997 4926 4607 1548 946 377 4626 3058 3906 251 871 2578 2382 2401 3391 4032 1909 481 2968 2154 2000 4246 4962 4785 3446 4159 3967 3161 3420 3428 554 2812 3773 2694 4527 3536 3631 1744 2464 4475 1548 4211 1984 2351 4032 2319 4196 4815 4258 902 1492 3358 4893 2622 4504 3111 437 4454 3995 223 3277 2619 452 1296 1193 2241 3237 3190 2746 506 1747 3581 3476 3502 4535 971 3660 315 217 3832
3225 85 1663 3409 451 1938 2623 4257 4367 3726 1660 3293 470 3968 4967 4443 3577 1507 189 3595 2088 894 3688 4479 1903 3403 1074 3602 2044 4688 1765 3442 1496 4143 2024 1104 4972 3537 4391 4464 1153 1757 284 4345 1973 3878 3320 2723 1559 1886 3401 4760 1101 3812 3322 1813 733 872 711 148 3270 4136 4106 4027 1364 4535 552 806 4619 2364 3652 2874 727 594 3347 3682 1151 984 2180 1575 2741 2093 2616 2545 2468 896 4904 3769 2246 2470 4917 3280 4780 1410 3999 3883 4928 2805 4817 3596 2951 3262 2513 4920 4795 984 764 1592 1613 4797 4821 4223 3601 2926 2047 4353 2536 1036 1148 583 2899 1261 1958 4465 2836 1943 4261 4090 3773 3671 2470 3367 372 921 2932 518 479 4546 577 3605 3144 2604 1729 2373 4782 608 1764 3605 4799 2862 2936 2364 1533 3083 3026 2986 3635 2256 4389 4237 4586 1936 725 4827 4284 2601 2392 2638 4435 4746 1641 3338 4835 3883 2557 3073 3492 1159 4842 3591
970 876 4684 451 411 3228 951 1769 1952 566 2469 1003 3282 2123 3894 2400 1167 4477 876 4776 4526 1994 4453 1600 4579 3583 4562 529 1199 294 4879 4330 643 868 466 1192 2223 1594 1485 625 2194 2958 2885 3676 1770 378 2479 63 4817 4363 321 1032 1421 1836 2073 1481 4383 4951 2030 1809 1256 3618 3391 2069 825 1536 4861 4099 1371 1000 3520 3312 3008 2823 2216 285 4732 3764 860 3823 4121 82 784 543 1956 1145 1080 2066 3911 4885 4507 2889 2075 1631 3744 3999 2864 1715 876 821 4866 366 1968 510 1017 724 3865 432 4259 4577 3474 437 1415 3394 1780 3571 86 2019 454 3066 3191 1053 3259 3036 1634 3235 3520 4260 2360 1395 790 1512 3801 3583 1673 2431 3756 316 2708 619 533 3700 2488 647 1929 966 2508 4191 623 4148 432 3454 880 2985 2717 1385 4287 895 543 1375 3411 578 405 2806 2641 638 4103 1347 1886 513 1234 2624 4378 632 4899 2831 1916 3699 33 1066
2909 2640 1283 1938 3228 4767 490 1578 4286 1156 1282 2680 41 3387 360 4448 1065 524 2243 3163 3032 1109 2761 3992 2871 197 4317 838 3752 398 3784 2317 1126 2655 1138 2177 4146 2251 74 3207 1244 4019 2914 3024 921 4570 4658 3585 3356 4350 1434 2634 1952 290 2906 4151 4189 2888 2398 3471 439 756 4499 3923 2028 3712 2092 4445 1178 3791 3724 904 3352 2948 30 4649 888 3276 3394 1640 3644 4727 2929 4359 3736 1962 3477 395 1274 83 554 3439 4447 275 1005 4438 4005 2135 2243 2780 4604 2470 1112 4115 3655 86 4215 2838 301 4524 23 3589 3139 3251 611 2219 4111 4444 4905 553 1480 1352 917 3296 2120 3239 3840 4120 3134 4553 4802 847 2015 2415 1997 814 4835 4578 3533 1096 2595 4969 956 1562 2206 2276 3921 3605 3963 3659 2229 91 729 3790 1476 4227 158 223 791 618 4651 2385 719 2869 1854 2554 2044 4229 64 4254 602 851 393 3955 3188 1601 4045 4905 1895 1655
762 4821 375 2623 951 490 949 4047 1146 3218 2374 3683 2725 1138 3978 1904 4215 1788 2633 2668 2580 3514 3064 3849 1336 1641 3752 3832 3799 1931 271 938 2845 3605 1823 4169 3395 4073 4246 3956 2631 3129 159 4753 897 4803 500 521 3269 1215 492 1715 3163 751 3623 4648 2495 287 1294 4933 1918 4330 4986 3776 2277 4861 2461 3822 3022 503 1562 366 2298 3561 2656 3865 4968 4146 2594 3459 1724 935 1520 3649 4191 2604 4835 3736 1398 2648 1402 3292 3969 2296 2553 1475 1542 3902 173 2957 4342 3563 70 4396 1586 1900 3654 1230 3533 2464 1506 3242 2053 2081 3969 927 4480 2840 3070 1391 4978 2533 4679 2315 1229 2168 2797 1212 2229 2334 1764 2535 1603 3096 3739 2863 4943 3505 2627 2345 3359 1894 174 840 3939 3912 4836 3033 4577 1706 1918 1850 83 3879 2760 4027 3241 4556 422 2266 3653 2099 2574 3678 1695 3511 3879 4152 3293 2885 2479 354 841 4020 415 1218 4292 2767 934 2284
4130 518 4769 4257 1769 1578 4047 60 786 1444 1100 4070 3033 351 617 521 1527 1080 4873 4213 2287 812 1639 3906 2276 3961 304 4733 3018 3000 3541 4871 4870 1609 4044 1569 4699 711 1655 2694 3380 1520 520 528 3625 1355 3300 4809 2851 2043 494 2558 1682 2809 1536 3411 3868 779 3058 4117 2785 4864 1840 321 2727 4775 2369 4558 326 865 1906 4459 4717 3873 386 3392 4701 4872 1124 204 3619 100 2790 275 3697 2428 2107 3940 4901 938 301 4612 712 3363 2644 4605 1246 2318 3292 700 931 2571 3392 401 723 1193 4251 2100 1395 268 1408 1380 2809 4155 1092 3644 1621 1821 655 4877 92 584 1072 1068 56 290 2727 1543 4815 2722 3233 1615 2363 2848 3011 3701 2002 4039 4281 3093 3919 1479 1324 4110 1176 233 1245 432 835 4635 2490 1117 4561 1383 699 2286 648 245 919 874 4246 3916 2253 435 2907 4482 2176 3435 3323 2098 2142 177 2976 1006 216 2380 886 4393 1131 111
2560 2127 2167 4367 1952 4286 1146 786 3738 4112 3947 4232 2297 2234 1908 4646 2745 1496 2663 327 46 329 1751 661 4513 3453 1924 3182 4277 4480 4465 4057 2927 1889 2972 4359 1404 3850 106 2728 2451 2042 958 417 3052 2401 3892 4070 3828 1854 785 759 2601 1005 2639 4511 4976 1412 2619 4133 3964 1459 2883 4661 3142 4625 550 3417 3059 4258 2010 1628 3559 3509 2675 2953 4961 4602 651 3445 2885 262 4633 964 1446 3151 1442 4601 2718 907 513 3818 3028 778 2304 3581 4223 1296 796 3520 2425 3895 551 3823 3661 138 4720 4673 3634 3015 1545 3326 2447 3736 3822 1654 2050 4364 1416 4294 3035 1041 4427 1531 2937 647 3020 4662 1051 4723 4504 2576 4001 1142 2717 2530 4549 57 1910 2988 2295 1852 1853 2662 153 1678 2988 361 1863 4942 4935 1716 2980 2787 3174 1048 1269 1702 3564 1139 2768 4156 2000 1156 594 2120 2228 4713 3650 3443 1933 4283 3923 448 4138 2218 4796 2598 1159 1792
4485 3684 2468 3726 566 1156 3218 1444 4112 4073 2385 3562 2283 2735 237 3166 1052 741 4085 4356 546 3795 3451 69 2283 1044 1843 3380 4960 4423 1676 4928 3133 4260 3164 4147 1479 1106 1136 4746 3990 2201 815 3887 1907 2378 3641 1257 1606 721 2239 1095 2198 1436 3627 988 915 2371 2082 1995 3412 4081 989 2466 637 3376 3258 2240 4722 3015 3606 1533 2646 3946 2595 451 3227 2504 471 3162 11 2909 2283 1262 3283 3048 1380 1043 692 3859 70 2819 2612 2615 2921 669 653 3021 1940 1833 1460 1779 630 3611 2702 1816 3399 712 715 1582 3635 2386 3564 2302 3286 2127 4095 2215 1592 394 4214 2619 4856 496 1316 853 1652 1429 2877 4929 1983 2258 1641 1283 3898 4134 871 1386 4736 1274 1055 1854 4775 3891 1754 2195 4776 1614 437 4370 81 3603 268 1245 1672 1900 2407 2399 2258 2728 281 4917 454 1435 4557 646 2265 1988 513 736 2800 3569 4960 615 2987 1585 2968 1600 2552 2325
1450 3362 2135 1660 2469 1282 2374 1100 3947 2385 3384 2922 4078 4312 341 4619 4758 2826 3127 4594 3986 4093 4454 3804 3281 3228 4042 4227 4778 515 1960 3764 1913 2667 1986 3233 684 1786 2505 1462 4732 382 3889 3626 2454 2937 971 4641 4102 4325 4064 502 4505 1662 4596 2944 2408 2444 1904 3816 2890 551 4548 4748 39 1889 4785 943 1549 4177 3049 1519 782 1737 2887 4984 1867 543 4105 1370 1271 3646 4506 3282 1387 3571 2712 2856 4742 4273 3153 4571 1563 4711 2668 4186 4952 608 1237 2619 4594 1275 1671 2281 1665 41 2462 1060 1603 794 341 2505 3684 3170 1456 2044 3629 1139 2794 874 28 162 3793 1744 1921 4913 3115 261 3990 800 2193 3512 4212 3058 624 4294 977 990 1067 3329 2089 401 3898 2285 133 4791 1815 1993 2283 2123 3031 3524 2804 3092 19 4293 2422 307 997 2906 4350 730 1341 773 2898 1086 3077 2482 4667 3708 1522 2661 2026 2308 3962 983 3832 999 4525 657
3250 3709 380 3293 1003 2680 3683 4070 4232 3562 2922 3746 4818 3429 2964 4587 4555 1878 547 4963 3596 4715 2710 315 2962 348 3515 1636 3636 2717 668 1429 553 3543 199 742 4498 4082 15 1812 3783 3099 3313 2890 3024 4375 1952 3010 4736 2182 2714 4314 122 3205 240 1963 4377 4392 1066 1223 189 1020 2026 2946 2219 4196 1852 341 1683 2964 2971 1581 1588 2559 3058 3210 4186 4852 2593 3064 3314 2836 3074 1239 3535 2861 4719 887 3942 4559 2898 4639 410 3082 1168 2037 2047 948 468 4138 3156 4355 1170 2447 3919 1784 2774 4719 1360 65 4679 4715 1861 4604 4897 4709 3416 499 1822 4138 1529 27 2029 2122 1811 298 239 4428 4177 4366 2818 3463 513 1896 3717 1231 755 23 798 1816 3701 1789 4343 4180 3350 1354 3895 645 1121 3474 1746 2170 3326 4265 2970 47 358 4935 463 1760 4681 80 4752 3724 2467 4528 2057 2605 3601 4884 4975 1924 174 4748 4136 4827 2416 2775 1781 2085
1493 1844 713 470 3282 41 2725 3033 2297 2283 4078 4818 4801 3826 2773 3936 3583 2952 3590 830 2470 2160 2612 1683 4857 3390 3035 3179 3473 2135 2431 2670 2762 20 4636 3595 4032 1466 2237 123 3932 1046 3895 3661 376 535 1820 2741 3211 2457 456 637 1198 1513 2449 4281 173 4839 3606 3183 3359 1008 2674 2941 4333 3021 1705 3625 3842 3685 4677 4515 2462 2353 3144 2022 1730 80 502 826 4935 4850 2896 1582 134 2578 1068 1035 4121 412 13 2936 3591 2469 726 2260 3543 4868 3557 1999 3352 2612 2026 2458 2818 4727 4014 2274 333 566 652 206 15 1154 3438 3930 2736 1946 3461 1853 1425 196 2394 1424 324 3755 1221 2733 1507 2464 1541 1434 4055 513 2689 2141 2185 666 511 4936 1410 1322 2684 3126 1123 4198 4575 4677 3715 3173 2028 3123 1271 1475 3049 4126 4384 2918 1212 2561 4089 2657 765 658 745 2229 4165 1358 3788 3280 726 1933 1830 3909 633 4492 3089 4548 2417 2959
865 512 1915 3968 2123 3387 1138 351 2234 2735 4312 3429 3826 620 2873 496 2663 2305 3269 2528 4597 4995 161 1527 2581 445 359 1222 611 913 3946 2112 767 3507 3520 3281 1715 4567 4329 398 2609 3425 457 451 1274 921 3710 1096 4660 81 2479 4094 4088 90 227 1173 3504 1141 2845 1403 4565 3673 4230 1603 739 3090 3662 59 1218 397 3963 1326 3335 1325 3117 1475 1297 1458 894 3419 4420 1781 669 2702 2299 3777 2705 3201 1706 2871 4866 1377 2931 1819 1255 2054 3267 4468 4357 4687 1469 4888 4039 2781 1213 3424 859 3391 319 752 3540 667 2729 2134 2690 354 2298 2301 724 1857 2188 3480 2675 4509 3626 2427 1526 2696 253 3032 4093 279 893 2212 2286 4058 4764 1433 3583 3542 4211 3799 3673 1806 811 902 2184 3651 3395 2095 1527 3821 3834 2488 3807 2786 4174 1353 3529 1350 1421 2131 3324 2972 1224 2902 3015 2305 3242 1722 2134 1992 3319 570 3155 2918 2919 4987 2956 4374
3992 1682 4847 4967 3894 360 3978 617 1908 237 341 2964 2773 2873 4016 3765 1972 49 1650 1034 4804 3773 1515 2901 4963 3092 538 4781 4268 2623 704 169 2226 1358 1675 4196 3984 2335 3744 2660 2626 109 936 2229 1031 4680 3991 3869 4582 1375 4956 2022 483 2297 2554 1188 2308 2030 4118 1334 4967 2473 2695 4451 4625 1894 3865 922 3732 4071 671 580 4405 1190 73 4983 1111 3286 4544 2810 2556 2476 4226 2527 1462 1499 3341 1279 2218 1619 4942 2905 193 1837 929 568 894 2922 720 1984 2737 4471 164 4046 1725 514 2353 716 1471 1366 1799 4960 2042 2803 3650 4457 2446 57 732 3389 1231 362 4822 3354 1154 2300 2242 2212 3747 2264 1158 3146 4354 1582 3346 2946 2141 3895 112 4824 3951 4542 4682 3430 4596 1800 4445 3867 2819 1519 1988 4323 3934 4454 1083 4471 1825 4955 3023 964 2706 2320 3595 4334 2584 176 3668 651 794 4811 3060 2972 2119 2794 2450 1868 2949 1869 4239 1316
3698 2356 1708 4443 2400 4448 1904 521 4646 3166 4619 4587 3936 496 3765 820 3201 4751 4462 911 1469 4793 569 1586 2116 2995 365 1703 2662 4432 2460 453 1756 1688 1972 2939 4220 4888 263 798 2684 4038 342 176 3973 1394 128 630 2519 771 4984 1865 4302 3470 192 454 1365 2802 1909 3284 617 3758 214 49 27 1172 4764 414 3778 1238 2406 488 4985 390 1853 801 1057 114 3972 764 993 1320 618 1501 362 4838 2674 3626 1701 4060 999 2669 1870 4124 2699 2600 3398 3002 1488 2496 1435 2392 4867 2325 798 3255 3827 880 1993 3459 188 1430 1319 2178 4760 4306 830 2576 3877 3456 4219 1004 3229 1766 454 4215 2677 2054 1658 3595 2627 571 178 3797 2716 1738 2015 3438 493 1063 2747 470 4553 71 3493 4573 3744 230 1712 4594 895 656 3332 697 206 3232 2609 4531 449 637 1786 741 2877 1430 862 4347 2852 1058 3948 987 1176 958 4848 3141 1032 672 655 320 487 2972
2746 1661 4553 3577 1167 1065 4215 1527 2745 1052 4758 4555 3583 2663 1972 3201 4216 4169 134 2381 831 4436 2196 3882 2950 4911 1025 796 3680 4007 2343 3292 4276 2971 4300 4802 1495 4794 2863 3873 2421 3500 772 3615 1686 1019 2569 2368 141 2897 2333 2487 1393 441 3286 4117 3239 3144 4029 44 3218 646 4337 774 126 4746 3762 694 3447 4039 2037 1671 257 310 4636 2672 4235 2669 83 1156 538 3021 4648 2987 683 4518 1529 1518 4411 1848 1517 2664 2010 171 2487 4956 3334 3436 3985 2848 1089 3961 3114 2019 2653 1230 1168 787 3993 1993 4629 1178 806 4447 790 2538 1806 449 4150 2307 1984 3586 894 2128 4475 586 3195 4537 4027 989 1663 1146 3873 2375 1590 2546 4010 877 4380 4458 3819 853 539 3800 1955 2117 1933 1914 3606 2790 2367 4086 2755 4230 4143 2312 1779 2919 3242 4291 2347 642 4532 2420 3260 3223 962 2638 4486 2174 1506 4507 4481 4275 89 190 2620 4901 1416 74
3336 2919 1310 1507 4477 524 1788 1080 1496 741 2826 1878 2952 2305 49 4751 4169 1614 1965 2758 4368 4167 783 4298 1298 1742 2471 1273 4439 1654 722 741 4138 190 4240 2748 2943 4184 2453 1459 2900 1909 3414 836 4129 2208 4226 494 193 3709 2610 3414 4559 3653 4499 4605 4951 1082 2503 1667 2712 4525 2451 486 2562 4506 50 3362 2683 3444 1169 4063 4755 2506 948 464 2992 4378 3926 4474 2301 236 1839 3685 1725 1337 217 532 3554 748 2374 2332 3296 3189 852 554 2346 1838 1644 4096 3060 3732 1884 3325 690 4502 1983 1838 2034 4825 4524 3122 2241 4023 1484 1983 22 4923 1744 1541 4926 2421 4594 3843 2994 4169 1675 2294 1712 491 1046 1208 1640 2751 560 605 3149 57 889 2974 2732 3222 4505 1982 2054 2411 1208 4797 3136 1354 2161 4575 3439 1327 1626 3606 363 3929 3099 2075 2312 1947 1753 1974 3888 4071 2803 3403 3841 799 688 1198 169 88 4775 700 4071 644 2181 3054
2955 3101 1234 189 876 2243 2633 4873 2663 4085 3127 547 3590 3269 1650 4462 134 1965 651 3120 4723 4986 1563 2235 4517 1702 3996 3502 4699 330 4539 462 1334 1381 3426 4642 4750 168 1509 1545 4899 1538 3113 4575 4624 1973 3068 1875 125 1604 4002 394 3898 2696 1076 3868 3102 63 4045 1430 3126 4020 1274 45 3230 3006 1877 4657 4428 2078 3794 3890 4255 919 209 1877 2754 3174 704 1091 3943 2239 3518 722 4844 3176 172 707 371 2850 1115 3594 3836 932 3264 2314 4140 1406 1602 4703 158 3018 1639 4536 4409 3746 1150 2194 2718 1534 875 84 2613 3843 1018 4932 2311 583 813 1197 4011 3488 2250 3108 3712 2346 1725 1183 4624 4936 1724 1576 1780 3601 3117 1033 4365 1730 743 4152 3731 113 3906 2679 154 1510 1844 4651 3036 2963 2980 1665 428 3144 1929 2848 625 498 3570 1799 1987 2217 1647 4981 3329 2599 4054 4060 2433 4083 4416 3872 258 131 610 2283 2381 3677 4373 3009
4326 4770 4248 3595 4776 3163 2668 4213 327 4356 4594 4963 830 2528 1034 911 2381 2758 3120 4565 2876 2656 2251 4975 1177 716 1299 4603 4227 306 792 805 81 868 828 2895 1528 4914 2387 3248 2249 1091 1046 937 679 2527 4193 4611 1989 1797 2307 3625 2159 2033 4318 561 2980 1416 895 4631 4468 975 1949 3290 3150 1420 165 4551 2881 3546 3474 4235 799 3065 3166 387 3371 3516 4993 3628 4340 3675 1995 1738 559 2380 59 1446 1348 1342 3492 2689 809 611 4174 1087 701 4557 373 723 4568 2011 417 1477 3228 3623 1567 156 3601 4109 237 2917 1243 3870 835 186 3510 1147 602 4637 2397 1635 4044 3744 3201 327 3217 4145 3392 756 4148 2568 3679 3391 815 2095 2690 1970 1868 2229 390 4963 2220 2183 1282 2870 1327 4098 710 2745 2229 2767 4007 4932 2736 2646 3186 4146 270 4920 4385 3431 112 4862 3163 2793 1238 532 1837 825 738 488 1842 2894 2671 3872 3566 1498 4492 756
32 4469 3306 2088 4526 3032 2580 2287 46 546 3986 3596 2470 4597 4804 1469 831 4368 4723 2876 395 1906 2312 4130 3659 3963 3679 3406 4319 4645 4953 4809 1502 2925 3972 3993 3663 2366 2264 2100 2951 4446 3788 1134 3708 2714 3492 34 3726 4572 875 3367 320 567 3492 1214 3026 683 3771 2770 3103 2005 4167 3257 3698 911 3857 3553 2959 3880 56 4466 4482 1538 2804 4147 2689 1456 3802 2870 2507 4805 4233 1864 1124 1447 3629 4781 3167 1339 1995 598 2601 4421 3627 1796 2594 3427 992 2301 4538 1471 217 3417 1828 2364 2149 1356 824 4854 1630 1451 4231 1183 1346 807 2058 1294 4460 586 2338 1322 4381 4000 651 3881 1180 1231 4720 3761 2926 510 419 3540 740 4184 1136 3634 1307 621 2027 1534 2009 685 4564 4120 3200 3390 4309 3989 759 3673 336 2238 2765 2884 4198 4738 1920 3013 3112 1192 4775 114 4099 3243 3110 1426 1480 1211 3561 4218 4730 2129 1804 3597 3604 3356 668 662
4741 3250 4254 894 1994 1109 3514 812 329 3795 4093 4715 2160 4995 3773 4793 4436 4167 4986 2656 1906 2994 3962 2347 4285 3231 2582 4021 4697 263 2971 3118 3486 2022 972 1568 1146 4741 4388 3029 1625 3518 4132 2275 1728 2220 1104 156 1264 78 1352 513 3541 1851 2443 626 3531 2958 275 4950 1445 4080 4854 4917 3282 4660 4687 3290 894 4105 419 2276 4379 2777 3154 1262 4447 2725 541 4072 3856 2348 3036 681 198 1198 3558 589 2082 283 3812 1168 1265 3108 3980 310 3851 2118 276 2611 4444 3687 247 4146 2709 2293 4575 2778 2706 2085 3283 4593 1450 3060 908 245 1211 1256 3792 4485 2788 1276 2297 805 2470 2169 45 629 2550 2086 4429 1611 2483 2978 3856 3660 1762 2384 725 4405 1557 4523 1128 2216 473 87 275 4952 1351 3165 3240 2430 1382 2577 4791 3229 493 4335 3433 1793 2815 1172 4089 3068 3265 2741 991 4252 710 2003 226 2258 4087 1346 4411 61 1729 1427 2045 2650
3755 1023 2442 3688 4453 2761 3064 1639 1751 3451 4454 2710 2612 161 1515 569 2196 783 1563 2251 2312 3962 465 3111 2515 3555 2323 167 499 2522 1766 3704 2278 4867 1031 3208 1641 1170 3727 362 4141 2347 698 3371 4311 3063 137 2710 2620 202 3338 4947 1201 2607 2862 3705 2240 941 4915 1862 4398 25 3258 2570 490 1468 1804 1859 2901 4122 223 1819 826 3135 3689 3013 1798 3625 2529 1336 1627 3967 4023 740 3168 3334 25 4822 3058 1415 2614 4546 4970 447 3047 1582 1550 2293 4209 2910 2547 970 1539 681 3487 1591 1425 2385 4733 212 2180 2865 1797 3205 419 4486 2588 4331 2563 2701 4750 2507 1264 4647 3495 4733 3242 4504 613 4689 3778 453 174 1028 858 3391 4760 3845 3733 44 3796 4122 911 2330 4994 778 2421 2573 4474 3194 3378 3776 3799 1098 1245 233 4288 1166 4154 3434 2210 701 3813 36 2640 4290 3198 4101 3313 2677 844 3003 991 700 73 3774 3968 735 1882 2063
2404 3156 4774 4479 1600 3992 3849 3906 661 69 3804 315 1683 1527 2901 1586 3882 4298 2235 4975 4130 2347 3111 948 471 3823 3304 3015 1733 4149 3289 4617 4191 4010 2478 1490 2211 161 4247 261 4490 1143 3939 3181 4476 1773 470 2345 2242 2632 791 1988 2372 173 2298 2608 984 1046 4158 1776 3183 3298 740 755 2680 1039 4423 1632 1920 30 2437 4739 962 1734 2020 3772 2400 634 687 4739 3933 1284 3193 2156 663 1608 4801 4826 1640 790 1435 3776 1660 4356 1964 111 851 1140 2475 4963 3039 2680 4736 2490 3477 1777 4231 2909 2097 2004 2192 3198 2038 1342 221 3360 938 1657 3060 4175 3100 843 1374 4639 2745 2427 1158 2892 4992 4648 344 1591 4202 577 284 1059 12 1618 3154 2110 1723 486 1424 998 634 776 1157 1991 3401 2144 4398 1632 4704 4930 1751 2517 1776 3618 3817 3280 1212 4600 2604 4378 513 3297 3186 942 4901 1547 2449 2710 4911 4230 1202 2976 4912 1621 3509 4242
1063 2780 606 1903 4579 2871 1336 2276 4513 2283 3281 2962 4857 2581 4963 2116 2950 1298 4517 1177 3659 4285 2515 471 112 2244 123 2543 4189 4479 1377 3250 2600 514 3733 987 1983 2130 2959 174 2628 3495 3912 2775 4778 3091 2180 1943 292 3342 1049 1476 3646 3194 2973 1286 4011 2280 2230 705 336 3052 3789 3103 4849 4961 3777 130 205 4106 2815 3018 2661 4769 2604 2920 930 834 3487 372 793 1137 3879 4335 3411 2483 738 3003 1238 1877 4965 4284 3530 1755 1084 2107 1073 3916 1431 2568 3766 723 4000 3192 1257 3987 4628 2240 2191 1800 3490 305 1713 1157 4889 1111 1894 123 275 2048 3791 2125 3591 1125 4536 637 2396 4097 1394 1997 1262 778 2225 3007 3739 3793 4213 1322 2805 284 4582 1581 4798 3942 249 729 2841 2593 1742 541 3477 3377 1288 3848 4814 4865 3338 1932 3133 3386 3289 1764 512 2201 1164 1243 4879 656 2394 1164 4666 4379 2059 3619 1762 4251 3495 4939 4914 2380
2092 4901 2208 3403 3583 197 1641 3961 3453 1044 3228 348 3390 445 3092 2995 4911 1742 1702 716 3963 3231 3555 3823 2244 2878 3563 1972 4388 27 1011 883 2375 4136 2227 3831 631 1511 4684 2316 3505 1893 4200 4869 4607 4368 4291 2228 3250 2863 894 3945 4336 4249 1674 1902 1756 140 1185 4571 464 3230 2984 2798 3038 3079 2893 1047 2768 2572 112 2738 128 4986 2782 777 1214 1593 4008 3605 22 4069 2320 850 2733 1005 3041 4735 475 3767 4512 496 2812 4762 3153 3891 566 364 3424 3695 4515 3791 3427 1248 3022 2847 3326 2818 24 2983 4974 4483 2890 4585 945 2694 3651 174 2645 1228 2672 2360 3632 746 300 4978 1006 2425 2747 3688 1447 3858 1721 616 1097 3888 2272 3912 4668 486 4506 1366 3708 770 240 2645 4481 1957 852 4272 4669 3646 226 3609 3932 1304 3587 4339 1239 1630 4970 2252 4916 292 408 3628 1754 2923 1383 2917 1311 2080 2387 4821 4732 4900 1592 2795 4574 1073
4652 3408 2118 1074 4562 4317 3752 304 1924 1843 4042 3515 3035 359 538 365 1025 2471 3996 1299 3679 2582 2323 3304 123 3563 2104 2313 779 436 3578 2941 4936 1316 1720 1318 1015 4074 899 223 175 3536 3529 3724 3630 2255 4542 1916 2297 2744 540 3150 4167 2590 1692 4146 3419 371 3827 4613 642 3391 4705 3729 2339 4915 4229 2435 4677 4854 4630 1095 2953 2694 690 3907 3029 3152 2260 1456 2091 265 4267 2126 3964 623 1068 2849 2591 2154 2831 3265 3398 4754 3054 4842 3957 3529 4011 4068 4856 2940 1152 687 976 1987 3475 4946 2670 782 3227 3685 1847 4835 4788 4648 969 2682 3990 4454 4632 2282 2920 167 1641 928 463 4169 4646 1027 1056 3270 2108 3836 3060 2137 3813 1782 3621 1905 3159 2240 3116 4308 728 4193 4441 1590 332 3750 1911 3656 641 3861 2121 3753 2934 4092 4183 932 3445 464 2036 2744 2717 3453 3521 643 3112 4430 4929 2342 1342 4275 4997 716 4427 1522 3148 2474
2072 2097 3433 3602 529 838 3832 4733 3182 3380 4227 1636 3179 1222 4781 1703 796 1273 3502 4603 3406 4021 167 3015 2543 1972 2313 3905 2450 522 942 1101 404 2770 2978 2096 2045 4126 3347 1416 408 1365 2066 540 2481 3169 93 3742 4690 4267 1769 1914 2689 982 2827 990 4890 2004 3035 4667 2948 3337 460 2734 1482 4795 4566 1802 3082 1438 3249 1112 324 4682 3504 41 3826 4522 4866 566 2826 1410 427 1362 3858 999 4464 379 529 389 3002 678 572 3318 2534 2387 3975 3868 2277 1161 4590 2554 2448 1222 1661 2958 432 4944 858 3648 47 4755 4668 614 4980 1971 3875 4730 729 4755 4132 1044 3674 1811 741 4482 4757 3565 2077 4282 116 313 153 717 4343 2591 2723 3053 941 2925 4899 687 2120 1331 407 1589 589 1146 3875 707 3795 2116 1063 3920 4450 1940 280 115 1623 2274 2740 4732 4970 1056 3178 414 1277 3953 89 3348 927 4689 4861 2251 1891 3417 2064 2756 653 1852
2403 575 3989 2044 1199 3752 3799 3018 4277 4960 4778 3636 3473 611 4268 2662 3680 4439 4699 4227 4319 4697 499 1733 4189 4388 779 2450 895 3056 1656 2763 1597 3336 1566 878 4299 620 4470 2957 3502 3303 3153 1460 364 2384 2913 2020 920 1737 2990 2021 2682 587 441 3048 3110 4114 4519 1672 1021 1454 1938 1990 626 4057 1275 2544 4243 2359 3760 1876 1709 3169 1676 4904 186 2390 1429 2301 3646 3097 704 4211 4408 2310 3697 1919 4809 2717 4430 405 1683 4904 4243 33 559 438 3008 737 4617 3415 3223 4166 1144 2481 3118 1825 735 3162 1891 107 1015 3396 4538 1423 4860 2096 3670 2883 1513 3298 995 4185 4047 4025 1192 3950 1546 2828 2499 2962 2576 4848 2933 194 385 2375 4011 1553 1036 2542 2448 3049 1266 340 3141 3295 4336 1234 3425 1821 1329 2536 1951 4545 1530 4818 4827 3055 845 1822 848 4150 2949 252 605 4440 3930 3268 407 1255 4812 3705 3512 2571 3772 1132 1715 1164
1617 4921 3647 4688 294 398 1931 3000 4480 4423 515 2717 2135 913 2623 4432 4007 1654 330 306 4645 263 2522 4149 4479 27 436 522 3056 107 2313 3791 158 2541 4974 2656 1088 1582 3068 2298 3385 4596 4821 2144 3173 14 2735 25 3786 1263 104 3082 1176 835 2527 4371 3668 3156 3753 3899 1026 1654 2026 3972 2790 427 4133 868 1282 2943 3720 628 2042 1252 765 1596 322 1600 2551 2410 2829 472 4685 498 1610 1311 3332 3988 3193 4242 3685 597 4033 2966 2498 2369 740 3429 1152 1411 4061 990 215 2584 3157 3453 1217 385 3009 3736 574 1163 4957 2804 655 4617 2767 2879 221 162 4871 4903 1321 2583 2860 3784 3445 4397 4914 448 1436 4254 4690 2049 3118 924 2043 4109 4093 168 2293 3968 28 2899 2092 423 63 4289 3665 4955 192 573 4179 150 4454 654 2708 4330 1979 3531 545 4583 4543 2326 3414 1453 1493 4367 2670 172 4111 3271 2550 985 544 4555 2149 3753 3730 2105
4687 2267 2802 1765 4879 3784 271 3541 4465 1676 1960 668 2431 3946 704 2460 2343 722 4539 792 4953 2971 1766 3289 1377 1011 3578 942 1656 2313 4619 2234 1247 544 1314 933 4524 429 4613 1152 4068 29 584 2577 841 1110 1616 4861 2352 3314 4053 3778 323 2150 2227 338 221 2392 3035 2662 1826 1308 3623 3554 2837 3432 4714 3870 4603 3470 3195 727 4711 244 2994 3475 2411 3431 3318 2688 4656 2846 4671 3398 1603 3685 1025 2217 3939 1008 490 305 3806 4624 3965 4554 2484 1939 12 2988 3298 3293 4489 2371 1647 2505 997 4284 4420 262 1365 4288 444 2280 3002 133 769 789 71 3566 2622 759 1949 2085 4532 2372 2531 2538 1054 2670 4111 1282 1762 4070 4648 4012 1492 246 4305 4059 3545 461 2578 4856 1659 2882 2583 4615 3474 3238 2244 2423 1684 4000 3642 3768 2850 4022 873 4245 4757 3903 4198 2367 3169 801 4880 1886 2334 4199 36 1051 1678 3009 360 3549 4436 616 4701 3685
3373 3448 3797 3442 4330 2317 938 4871 4057 4928 3764 1429 2670 2112 169 453 3292 741 462 805 4809 3118 3704 4617 3250 883 2941 1101 2763 3791 2234 3451 2130 3867 1601 50 4460 4466 4593 4517 1655 4120 2762 3597 88 3109 3921 2319 3732 33 423 4017 1411 231 731 1290 4284 4927 385 2138 4497 3056 3768 1662 1017 4808 4448 1509 3733 893 2559 1707 1327 129 3000 4624 2922 553 303 652 3657 720 4990 2059 296 4928 1278 3203 1799 3444 808 3440 1646 4496 4674 2185 636 4967 1157 2362 179 2386 4241 480 3727 4119 1434 846 1264 4468 2968 4974 3206 2541 3711 253 683 2461 1329 4584 4901 2017 1030 771 4849 4020 1008 3304 16 1752 1188 282 734 4294 4396 263 2848 3583 2466 82 2278 2524 3823 2808 22 3943 3145 2651 3304 4572 3307 4885 4171 880 4541 1630 4799 3619 3299 2885 4627 1272 2586 1051 54 1126 4491 2209 4867 4685 2950 4292 1239 243 113 2063 3589 1474 2669 529
18 4127 4301 1496 643 1126 2845 4870 2927 3133 1913 553 2762 767 2226 1756 4276 4138 1334 81 1502 3486 2278 4191 2600 2375 4936 404 1597 158 1247 2130 3449 1563 1720 807 4130 3152 1346 3270 120 3874 4750 657 3637 2094 4458 1170 4387 562 4377 3395 2345 1568 2555 4658 2967 4776 502 603 2894 4352 1572 3778 2074 91 3257 2528 4721 2571 4966 1534 1590 2119 4715 1328 243 4962 3096 4665 624 3634 3979 3075 4127 4471 4247 1372 2225 1374 3813 4787 3412 666 784 529 1766 2125 284 3628 1443 2427 107 2655 3475 3818 2692 1575 4821 2830 2226 2112 1500 4340 77 3723 1029 4107 1757 2674 1668 3336 4236 3609 1526 807 3252 2145 894 907 1871 1458 1075 4221 512 3725 1488 4736 1157 3603 2340 2538 287 3940 2381 4311 3377 4777 493 484 4445 16 3088 2654 4414 3341 4051 679 3696 4579 1250 2776 2447 2486 4923 3109 3800 2085 357 1921 2955 4107 4619 2672 3860 1371 4166 1984 1595 2388
4168 3438 3182 4143 868 2655 3605 1609 1889 4260 2667 3543 20 3507 1358 1688 2971 190 1381 868 2925 2022 4867 4010 514 4136 1316 2770 3336 2541 544 3867 1563 4503 27 3136 3929 3615 3462 563 2377 4346 2654 4796 2062 3056 2537 512 4773 3327 1210 464 4519 3210 3603 3508 1328 3077 1265 146 4528 4791 3315 4560 1823 47 2646 4889 1193 1814 1418 4542 4548 2944 427 3038 3352 4503 2549 1348 3853 3855 4169 578 2025 3273 696 2355 3137 363 1677 1346 3552 1674 1325 3162 4177 1848 2435 1561 1616 1226 3264 3380 906 3465 1812 4793 2652 1183 4007 3290 943 869 3225 10 31 1301 2250 4383 22 2175 428 2115 472 710 4430 1182 2559 1946 639 467 4101 4269 3028 4943 1022 3411 2279 2347 4791 4185 4169 3327 646 799 1158 2099 1780 1586 3877 1747 2662 1034 1127 3981 3904 1726 2917 193 3103 1768 115 2944 3893 3235 432 2313 1809 2247 4130 342 843 4613 4970 2142 2797 3432 2950 2674
4677 3037 2342 2024 466 1138 1823 4044 2972 3164 1986 199 4636 3520 1675 1972 4300 4240 3426 828 3972 972 1031 2478 3733 2227 1720 2978 1566 4974 1314 1601 1720 27 3989 3039 1844 3123 2134 2893 3676 1076 3991 4652 3370 3132 2546 3656 3695 2633 2437 3802 4765 2151 3840 4617 4780 643 4590 155 3936 4771 4923 1830 4386 2879 1470 1714 366 3755 822 3957 902 4700 3546 4708 2478 869 955 2491 1778 599 1875 544 2159 4269 96 4919 2915 2508 1423 1346 710 1838 1894 1188 3331 1721 1453 653 569 1002 2013 2392 4923 4429 4071 3480 4930 2846 1933 3672 984 4212 1571 3203 2124 3611 1266 4245 4409 1603 1231 4253 1237 1722 1665 2981 163 1027 2570 1267 808 3716 2585 990 1631 2711 4751 535 4550 580 2079 4443 1700 3472 4856 72 3990 2036 2111 4943 4312 1319 2193 4331 2618 2658 711 3978 4784 2040 3503 3205 4771 4127 4160 4031 2298 1366 288 3324 225 1734 1826 1666 3265 3120 4526 1031
1287 3431 3171 1104 1192 2177 4169 1569 4359 4147 3233 742 3595 3281 4196 2939 4802 2748 4642 2895 3993 1568 3208 1490 987 3831 1318 2096 878 2656 933 50 807 3136 3039 4891 4327 1665 2172 2736 4563 3094 847 539 4789 2289 2065 3671 976 3467 650 3967 3758 3574 2838 1691 3336 2906 1797 2980 4639 3628 2373 3905 1882 462 670 1010 1849 3208 3595 3484 456 2958 2647 501 886 715 2438 3755 1725 4280 2633 2764 1767 4691 759 4894 3158 2314 4121 3106 1132 2297 3641 759 4918 1562 4071 4820 3176 4290 605 2086 3993 1107 4445 2966 3031 2783 3200 1240 1905 1395 4428 4329 422 763 2584 533 4410 168 239 2585 4299 4328 176 940 1591 2400 4127 2143 3115 2912 2665 2682 1681 938 340 3075 1915 191 1006 4696 3041 794 1311 3031 4687 2528 1052 833 2183 1407 1812 3872 3715 3825 911 4252 1476 3029 545 2736 297 1159 2951 2752 1127 1859 3132 1896 3625 2589 2971 2322 3879 3423 4917 836
4910 2398 2843 4972 2223 4146 3395 4699 1404 1479 684 4498 4032 1715 3984 4220 1495 2943 4750 1528 3663 1146 1641 2211 1983 631 1015 2045 4299 1088 4524 4460 4130 3929 1844 4327 30 3334 190 1258 2548 4523 1267 4623 2735 4673 169 3284 2214 2369 4044 4293 1604 3259 2279 4470 674 1985 3718 4073 4749 4178 766 3710 1844 98 4587 2954 3564 3546 4594 3138 900 2502 83 2346 1101 2756 658 3320 4129 4702 1696 865 4709 233 711 3883 1486 3094 4011 2686 4724 669 548 2571 3550 4255 1097 523 2114 4613 4939 4218 3390 3317 32 3051 4932 1779 647 3136 4822 896 372 1996 3093 1376 3631 2600 4260 2684 1164 2454 4998 2345 3477 3791 2726 641 106 4337 3403 342 1534 2517 4099 694 3846 3908 4810 4730 3498 3424 133 2102 1352 1031 2435 4946 2026 2852 4809 2889 692 4892 4644 2064 2962 3582 4571 1386 177 2750 4297 4346 4999 4593 349 108 1461 2887 3185 2943 184 2882 1346 2657 760 4343
797 1018 2116 3537 1594 2251 4073 711 3850 1106 1786 4082 1466 4567 2335 4888 4794 4184 168 4914 2366 4741 1170 161 2130 1511 4074 4126 620 1582 429 4466 3152 3615 3123 1665 3334 2853 2422 4941 4605 3639 2939 2791 3680 1906 324 3091 2983 222 524 2613 2631 4392 2945 472 1695 1384 2080 529 3030 326 4796 1145 1635 612 1859 3941 386 1414 3794 4776 1067 3307 2284 2810 3246 1756 3666 2467 722 2231 2736 1691 526 1389 3042 4199 1207 4316 2248 435 1430 1981 162 3862 2889 2272 3519 1684 1142 153 1498 3833 364 3983 341 1554 3819 4836 2893 2994 3306 4385 679 2999 2979 1677 35 575 1212 1141 3695 229 3259 1883 3705 4743 730 1924 3151 1543 2470 2611 2083 1885 1035 4191 2606 4905 2513 3663 1511 3702 2120 3821 4565 4537 3224 3772 62 3659 13 4450 3817 4719 4299 4801 3563 4656 1960 4214 2060 2327 2300 216 4605 907 4601 4566 1971 4102 277 4241 1533 2384 478 2367 4616 1470
4304 4802 2573 4391 1485 74 4246 1655 106 1136 2505 15 2237 4329 3744 263 2863 2453 1509 2387 2264 4388 3727 4247 2959 4684 899 3347 4470 3068 4613 4593 1346 3462 2134 2172 190 2422 1843 1068 4334 1549 2938 3848 3642 649 4437 819 2825 849 2937 4778 1477 3930 3270 1608 1797 2340 3353 3804 4175 3433 65 3234 910 928 4305 2827 1354 3512 805 2449 2401 4212 21 1294 2253 3510 4717 756 4447 1941 3700 807 3092 1047 3380 392 3659 879 940 2279 3150 1779 3702 1304 3196 2662 4309 4969 231 4689 503 3361 4534 2665 2275 4986 708 4989 1347 145 2704 4853 2220 2139 3662 1851 15 3804 3615 4872 2161 4660 3633 3939 364 3418 1409 4034 540 1073 3607 4184 442 3823 175 340 1472 442 1581 2268 3898 3875 1455 4196 910 3688 1405 1197 339 3714 2920 319 924 4925 1018 507 1372 3864 1815 462 796 4110 2563 3225 1663 4810 4347 3049 174 2894 18 1234 2411 4842 591 3272 4997 2757
4676 4092 1198 4464 625 3207 3956 2694 2728 4746 1462 1812 123 398 2660 798 3873 1459 1545 3248 2100 3029 362 261 174 2316 223 1416 2957 2298 1152 4517 3270 563 2893 2736 1258 4941 1068 2838 2815 736 2434 150 975 2038 1640 3281 4021 1420 3017 4761 3992 658 2165 1501 2673 4584 3535 2458 4779 51 4877 3510 1585 2986 4179 783 4221 1806 4698 2984 2976 2347 3015 3249 4151 3486 2026 793 2878 998 493 438 1716 3305 3413 2795 2639 4993 283 2346 1169 133 3550 3831 793 2689 1405 3859 3726 2220 3378 4689 599 2207 296 911 3148 2037 2025 4437 1672 3160 551 3033 53 1041 1670 4789 3636 1204 4848 2414 3978 2033 1944 4760 3860 718 4128 1082 2293 2102 1978 728 4392 1142 2330 2217 2645 2897 4340 1598 430 2351 998 4015 2503 2983 3540 4345 1077 1853 1887 3074 1188 1724 938 2415 2560 4889 2151 3487 860 585 71 3568 100 1132 799 4060 732 4092 1064 146 1239 2525 4558 2202
2382 2007 4330 1153 2194 1244 2631 3380 2451 3990 4732 3783 3932 2609 2626 2684 2421 2900 4899 2249 2951 1625 4141 4490 2628 3505 175 408 3502 3385 4068 1655 120 2377 3676 4563 2548 4605 4334 2815 1463 2648 3675 3885 3081 2715 1690 3460 2938 1533 1894 603 2255 13 1199 1120 1013 827 4173 3253 1543 997 1851 2548 4823 3992 3745 2923 2704 2462 4289 3599 4540 4807 4977 134 949 1863 3519 2186 834 4791 2895 3508 4870 3699 162 3314 4318 597 1083 3115 2146 4856 4340 4118 3497 2054 1348 1512 4833 4104 3665 704 3398 1689 1055 538 711 4727 1849 2224 840 210 4396 4026 2450 667 2051 1577 1928 4690 4146 386 2941 4841 2815 1952 4744 1775 182 1260 100 3192 3214 3763 1042 1565 4905 1964 4728 4527 174 4284 1663 3878 2068 3221 882 4362 2538 3728 4791 1414 3700 2668 2692 2739 437 4138 1638 2733 1806 499 4677 2052 2899 4467 1761 1539 441 714 4321 193 1057 1702 4362 2242 1952 2892
115 706 1219 1757 2958 4019 3129 1520 2042 2201 382 3099 1046 3425 109 4038 3500 1909 1538 1091 4446 3518 2347 1143 3495 1893 3536 1365 3303 4596 29 4120 3874 4346 1076 3094 4523 3639 1549 736 2648 2389 3183 2251 1919 145 4672 195 35 387 148 4081 1730 3962 156 1587 3182 2214 81 2071 394 4434 1414 4304 1967 211 367 1267 1114 1446 1503 2182 3049 4874 3667 759 4889 740 1056 4330 4145 3685 4882 4608 1166 1870 4109 2999 161 3643 1097 1487 3367 1492 4802 1032 758 3794 452 3142 2158 3973 4926 2058 3027 95 1239 3651 3827 428 2513 550 4317 4250 3072 3146 3373 523 4332 2677 2593 3641 3216 4275 1746 1602 2504 2684 4377 1926 1645 3541 1757 1664 736 332 2665 4652 339 4073 4845 372 4776 2399 2549 4117 379 4695 467 2736 781 2305 87 3875 3796 1140 1469 2580 2591 1466 4297 283 4484 454 653 3398 2142 1291 969 3205 1819 2644 3441 3694 1239 2796 2690 1340 696 1211
1431 1390 2805 284 2885 2914 159 520 958 815 3889 3313 3895 457 936 342 772 3414 3113 1046 3788 4132 698 3939 3912 4200 3529 2066 3153 4821 584 2762 4750 2654 3991 847 1267 2939 2938 2434 3675 3183 4976 830 1964 2576 3641 3095 3546 3685 977 2426 1986 1391 4249 165 4324 3484 3597 4698 973 4348 3989 1208 2538 1345 1151 4401 2363 3299 3346 229 1257 1214 4221 2415 4920 296 4551 474 4329 2741 1840 2673 3430 3975 2897 3393 4350 1184 1996 1086 4666 3767 4011 696 2089 4605 839 4526 1608 1960 463 2702 3446 3522 2327 3055 2659 56 1896 889 1429 490 4293 1438 4143 3962 3146 956 4185 431 4493 2469 2329 1386 2660 230 256 3662 3622 77 4874 4487 78 1652 2635 44 1376 2738 2200 3940 2619 3721 3922 2733 4685 3383 2750 864 2236 2704 73 3169 1826 1982 3983 340 1939 2831 3911 4381 4861 232 1070 973 3718 2824 2346 1172 2873 2096 3840 4693 4353 3584 2250 3240 3943 551
2552 4106 4013 4345 3676 3024 4753 528 417 3887 3626 2890 3661 451 2229 176 3615 836 4575 937 1134 2275 3371 3181 2775 4869 3724 540 1460 2144 2577 3597 657 4796 4652 539 4623 2791 3848 150 3885 2251 830 3663 1470 813 3155 4387 1496 3008 4799 2727 3376 2460 4145 4917 1995 4032 854 318 2363 1380 3399 804 3090 2072 3599 2012 2934 1154 4847 2891 4396 1822 943 819 4403 3784 585 787 4680 1629 4279 603 4925 2812 2277 1027 4707 2815 4598 76 3537 2390 2810 998 1269 3848 4107 2814 4333 682 876 2902 321 4454 2091 2224 863 4832 299 4744 3296 385 3085 2648 4056 1462 4488 1752 755 3829 2402 4828 1864 4843 3963 741 4743 2193 2225 4730 3001 2661 2700 4894 3032 3429 4815 487 2841 1566 3505 3815 3990 4719 710 1531 3367 3850 4900 4082 1852 1107 1088 3337 171 4743 4059 3286 3107 4064 86 4537 4317 2955 3405 646 4171 452 2747 4241 2812 1295 2448 603 4829 241 3148 2606
3577 4386 3627 1973 1770 921 897 3625 3052 1907 2454 3024 376 1274 1031 3973 1686 4129 4624 679 3708 1728 4311 4476 4778 4607 3630 2481 364 3173 841 88 3637 2062 3370 4789 2735 3680 3642 975 3081 1919 1964 1470 817 1479 373 2956 4979 3353 1412 1042 2075 4933 685 2877 3705 4500 3711 3214 2821 4506 2132 1976 3761 3627 4193 2182 45 3647 1339 4013 4543 2686 1525 4749 3753 1942 3926 4421 2150 1377 3748 2429 4769 2004 4471 4697 2330 1971 2992 4100 4806 1254 636 2744 147 831 3524 96 537 2815 153 3208 2387 3089 765 694 299 3653 714 377 4498 3859 1476 4396 3902 4292 2844 4232 3316 1502 811 4357 3621 4672 357 3701 296 4745 3428 4806 3159 4854 3356 1127 2930 1602 1677 2310 360 3113 931 1281 2151 674 3241 3113 132 2984 942 1859 1356 1962 1163 2331 4923 34 3036 1737 1016 964 245 2725 1338 3655 4957 2567 4042 2510 485 4433 1599 4353 2619 1822 2438 3357 3504 1775
