N: 180
M: 20
Symmetric: true
Triangle: false
10 26 101 34 145 93 28 52 92 133 116
5 142 82 100 5 81
7 11 63 78 18 30 130 43
10 47 69 38 170 36 90 137 77 75 40
12 37 149 114 153 167 174 16 95 7 61 14 115
6 97 113 143 166 19 131
9 23 129 44 89 151 59 132 27 9
11 31 51 102 70 148 128 121 57 88 33 177
11 96 154 175 1 159 176 21 160 85 138 76
8 10 150 79 136 134 42 2 103
6 46 29 157 158 105 94
7 13 8 17 25 48 122 12
8 139 41 127 165 50 144 155 163
8 15 99 173 152 73 83 120 180
12 104 110 109 53 4 39 118 107 64 62 22 178
6 74 124 119 108 66 135
15 141 54 55 60 169 84 164 87 71 179 168 80 65 112 91
13 6 162 68 98 147 86 3 56 156 146 111 125 106
10 45 49 35 171 32 172 126 72 140 24
6 58 67 161 117 20 123
503 313 2399 1822 1340 4892 4387 1798 496 706 3927 675 3846 352 2717 4803 1923 748 3528 4866 14 4119 2142 4632 3304 1053 3556 1889 2770 2707 224 1960 1316 1157 1515 2851 2711 4687 3666 4345 3390 1854 1675 2484 1782 2064 1147 302 2346 1417 133 1512 780 3487 4296 1782 4256 2943 2581 617 2902 434 2091 4555 1700 244 3844 2557 213 2024 1161 4448 2702 3909 2622 4789 4061 3718 267 4001 2888 437 4598 2886 1184 4412 1854 3671 3674 3803 731 1481 4271 528 609 1681 2513 3906 1168 924 2964 1018 2410 4049 4048 766 1029 4722 2622 2969 3120 801 4034 1144 1697 3189 899 42 3250 595 3216 3861 1793 715 4428 617 1150 1244 736 2196 2285 2488 4162 3820 2931 2697 119 2662 4631 1028 1712 4430 2281 3796 264 2475 3435 2892 2051 4996 4971 3934 2457 4762 3621 4891 2737 3984 1898 579 3221 874 3263 2512 543 989 1829 881 2698 2654 2404 278 949 2632 2863 1454 2590 2772 1440 3780
313 3247 257 3956 587 1822 1964 661 686 2686 1425 2217 1288 4856 1735 2914 1721 4717 4705 394 2711 1521 2628 3647 27 2681 774 178 1193 4483 854 3996 1121 1535 3363 2152 1699 2067 1229 1840 499 498 2173 4943 2260 3268 2969 3265 3743 1740 2332 3980 4500 739 3199 4071 851 3417 1106 1871 2658 4954 841 4821 2736 201 496 4137 2740 1229 1323 3102 137 1672 4203 3304 4262 4728 3983 3229 1381 208 467 1056 2394 2719 1942 537 913 4419 1144 4615 3269 3373 4384 1424 4435 3688 1152 4634 3115 1734 3154 419 4898 4457 2402 822 1268 3071 4339 1578 4314 254 2546 4449 334 1959 2841 4243 1740 682 624 3305 1203 1994 4227 3220 1106 4838 3636 3983 3070 3316 4126 4448 1770 1908 622 4484 292 2197 127 3239 2189 4199 3704 2344 283 1237 2320 706 3801 4504 2355 578 1352 3525 4486 1549 3994 1564 3095 3308 3602 1098 3596 832 3161 4439 793 4373 380 1713 3531 2604 770 2725 4862 2967
2399 257 3404 1643 2665 1783 4736 1357 2057 3075 3891 929 1417 715 3143 2603 1781 4682 2654 4173 4961 1471 2415 1866 4841 4795 3024 1511 295 1688 462 1382 357 2306 2377 1897 2428 1811 4757 761 2301 374 393 4318 1304 4770 98 4195 3484 3700 4980 3276 4344 3855 2224 4609 1190 992 1366 3402 4248 2501 1576 3718 4081 1317 3052 4603 1031 661 4336 230 172 3203 635 2740 2045 3003 2390 968 4212 4450 4565 1134 2937 1321 3760 1477 1178 4702 4641 2523 2069 4709 172 478 3569 3085 4364 4966 1309 3826 322 3372 2153 140 3390 1060 2404 818 2873 1153 4036 787 4543 4169 2568 530 3227 1189 2226 1255 384 4683 1527 2922 221 1345 3500 2603 3798 4238 3654 4200 2951 2098 3328 2826 2879 2086 569 2415 308 174 3735 2379 309 2468 1300 4058 2550 628 4556 4979 4383 4569 2664 958 484 3904 3013 103 4400 796 390 3422 4174 292 3535 1315 2481 864 1836 127 1945 1580 951 3955 1380 2872
1822 3956 1643 2535 4422 806 2264 433 950 2931 343 1250 4699 122 1973 3054 2528 1747 1564 3726 3495 2120 2782 3040 4570 4545 484 1489 2611 4591 4308 3965 4496 1038 4709 3620 3772 3963 3857 658 2370 717 439 10 1927 3778 2716 3894 1107 3361 4411 228 3962 3068 4393 3410 1818 1805 453 4616 2773 4538 1344 4645 4383 3477 988 439 2776 2093 3556 1312 1961 3114 1944 23 2047 1131 912 2002 883 1113 1901 2807 1530 96 768 1989 436 54 4400 3308 4146 1933 2455 3040 2746 2856 3652 3306 2691 2716 805 1900 4806 26 4910 2029 4774 3580 1136 3339 91 769 3208 3183 1899 4438 1666 3781 2526 4427 1963 2660 3027 672 3696 397 2278 4619 4182 1514 1619 865 2266 565 4622 2852 2799 937 4269 3278 1319 2690 2843 2816 972 2951 3195 3124 1354 1853 2000 4868 3432 889 4503 3911 3098 604 30 4400 93 4062 1606 3974 306 3293 4532 4315 3960 4208 3005 581 4568 2161 59 3712 3552 2172
1340 587 2665 4422 2001 26 3008 2133 2213 1027 1809 2559 1437 4068 1471 3189 2073 630 3414 2343 4612 671 729 3092 452 3673 4574 3817 1153 3116 1726 4656 4993 3233 86 700 4133 1058 4027 3781 1893 2950 3366 4434 4692 252 3115 228 2915 4409 4199 630 4051 3797 3395 3017 2032 2506 2404 1711 1583 1406 4594 1623 571 2222 1463 351 4073 2966 4235 1863 1216 4501 1710 1993 2364 3742 4160 1879 1263 1967 4238 3020 463 2284 2778 3551 1775 1583 1721 1111 2513 1583 2140 1690 4490 4025 929 1465 3663 2108 1231 2219 1672 3175 4284 2700 1088 2231 3165 314 252 2856 3004 3358 3674 3945 3100 4862 505 474 189 3366 2980 3389 3360 3486 431 2481 2442 2388 3496 3713 1397 1241 218 3815 240 891 2688 2220 3265 1905 4896 1660 4443 188 3590 2050 4754 366 2379 2263 663 3548 3158 1633 4955 645 94 1468 1524 3326 1698 260 4694 2788 4302 2590 3886 1573 4359 594 3800 1480 2872 1848 3775 3649
4892 1822 1783 806 26 2000 132 4636 2721 2962 4810 825 2506 4126 2217 101 2937 4010 1609 3978 4800 4048 1733 2759 76 2208 2084 1877 2718 1421 1125 4240 1754 4025 4450 4310 475 1939 4478 336 1280 1820 4084 950 430 1815 1517 3576 1396 1613 31 1582 3367 2801 2326 4325 907 4720 1665 1342 1584 516 4146 2240 1821 406 228 4336 1350 3106 4351 689 1870 3166 2898 4689 3021 4421 3318 4812 4988 4728 2027 1442 2442 3471 3736 2532 3547 2340 2411 2687 2942 1701 1421 4952 3869 363 3406 3420 2426 994 3311 4503 4181 4195 4142 2944 1399 2426 36 4973 4436 2208 751 2392 1092 4178 1366 3833 891 2604 1582 2254 1543 4375 1778 3531 1006 1089 4291 1081 3848 3898 3516 2151 421 3349 878 2578 3945 3878 3071 4521 2720 4174 4528 1451 1970 2087 3986 871 2097 1293 2974 500 599 1877 3020 3166 1661 292 2622 81 4253 1378 98 371 4893 3080 1918 4470 266 3543 1469 4530 2311 4231 3329 3665
4387 1964 4736 2264 3008 132 3927 3073 2438 1441 4782 1204 1289 231 3282 837 3033 4754 3433 187 834 1036 1873 2726 510 3836 2148 296 3741 2653 4253 3281 4934 1997 3043 4965 986 3556 4825 1473 1703 1286 942 37 4370 1897 562 1676 3553 3683 1151 1192 3549 1944 1973 702 4490 837 616 132 2597 104 695 1885 2506 105 532 4058 4977 4896 4611 4592 2680 4021 1799 1549 2442 4665 3143 184 2215 3693 743 222 2080 1422 4093 3424 1450 2331 1332 4842 3442 4450 3355 3702 2977 2092 3411 3171 2390 394 324 3879 2088 1326 4954 727 1827 3791 2441 1473 1917 1473 2666 4560 1233 2620 2196 4810 4041 2331 4070 4908 3862 3089 4608 2093 4805 588 1694 1945 4529 2080 4554 638 2476 4288 2486 2410 1454 3039 1637 1912 33 977 1743 1630 929 3521 1425 331 506 3612 2471 118 4817 1841 2336 4564 1580 2523 607 4578 1955 3223 1018 168 4164 3313 1517 726 1472 1319 115 2282 3263 86 1329 2461
1798 661 1357 433 2133 4636 3073 1694 4221 390 2818 1073 52 2007 4949 128 2974 616 3789 3088 3134 2873 4969 1206 1153 4627 193 2245 1267 3620 3695 3035 648 592 1906 1150 4804 3681 1393 4341 1733 2229 178 2031 4017 3103 2508 4384 2551 1633 2105 1438 1874 2119 4112 4045 259 1239 132 4437 3456 3609 1905 1923 1676 866 2710 885 3029 3161 3045 3759 3330 1752 486 1965 3570 2812 4866 2391 2157 1704 2095 100 3548 2573 948 2691 2977 4484 3634 3062 2443 791 2177 895 847 4627 3467 2572 3718 3132 4520 4856 912 2350 521 1685 2672 2913 2582 209 2538 4177 2870 720 2444 2665 3789 1938 1455 2195 4395 1512 4329 4656 4066 706 3306 2045 2654 2342 2575 3447 1770 2285 4038 1454 1324 3841 3411 4696 1455 1529 1919 3661 3550 1138 3578 4145 2987 4955 1343 3762 3334 55 4024 1555 840 184 4345 2321 2536 3532 3740 780 57 4729 1115 3671 283 4911 4783 2599 1953 4424 1236 1237 613 770
496 686 2057 950 2213 2721 2438 4221 628 1538 88 4421 2810 1426 1311 2520 3756 4146 580 764 2392 2585 18 1957 3446 90 3817 1652 705 1603 708 1340 1740 2323 786 3461 2284 1589 1371 2949 4897 1092 3372 4403 2774 864 4832 981 3114 2669 1198 400 459 545 4441 2618 3310 3175 2075 286 2506 3101 775 1297 1161 3304 3230 839 4223 3419 4300 4883 4345 4446 607 2452 2940 2065 3100 2087 1666 833 770 4459 889 4463 2603 107 3744 4493 1037 2819 692 4370 4192 311 4142 1362 990 3800 1770 747 2586 1695 3071 2832 2782 2705 3857 583 2732 280 2487 1914 66 3485 583 2567 989 4289 2244 3462 4104 584 208 3043 2370 4652 1525 3318 229 223 4160 2470 4569 2609 1680 1020 2993 1212 2188 2145 2972 353 2187 643 1029 2819 4402 576 221 4068 4169 1658 2251 4060 2501 1991 1522 3317 818 486 3394 476 481 2802 4550 1281 2257 2184 2076 705 3989 4291 2855 3607 110 3577 279 1332
706 2686 3075 2931 1027 2962 1441 390 1538 3249 876 1381 3400 4955 1652 3324 485 1754 3479 4521 4325 1994 2261 1631 2764 2709 1745 1182 2884 1736 978 2080 955 21 3181 4043 3816 4773 4185 1769 2125 1878 3031 3155 4406 1170 3081 326 626 4577 429 708 634 1242 983 2257 3596 4396 2967 790 2428 4802 646 273 1077 1062 916 792 3000 1670 4740 1923 2504 343 3644 2002 1241 4458 1198 3201 2735 2890 2822 1413 3351 667 1335 1447 3656 3861 3679 1763 2697 668 392 1507 1957 3963 1271 1447 649 3625 634 4014 4391 2664 4925 4279 4871 1316 2741 4053 4240 1244 113 199 761 4406 453 1934 3001 2042 2291 2045 4738 1831 298 3417 1935 2764 4731 4099 82 3999 3980 2802 3566 833 1777 3998 1272 2715 2091 385 3985 1191 3391 4532 573 4563 4537 537 3120 2863 921 3378 1205 328 4834 663 1008 643 3634 4784 1850 4250 1890 4100 117 988 2207 4613 276 1312 3239 3906 700 369 4904 2525
3927 1425 3891 343 1809 4810 4782 2818 88 876 511 3749 518 850 482 327 444 4835 1140 2860 4356 3801 916 4469 2856 1183 86 2336 4287 3383 1908 491 2764 3547 4026 1321 827 232 2757 4187 4110 351 1634 4162 2203 364 111 1610 2564 1338 2051 4540 3666 3482 3718 1604 413 404 1227 4134 3629 3618 785 1517 57 4860 1194 1155 2422 1748 4293 4620 1612 1721 2222 1047 4326 4215 1796 448 3175 1367 2312 3755 2089 4772 1051 3204 4701 3144 2319 4155 4592 2592 1058 304 201 1391 2543 4536 3152 4666 4028 1782 4842 1619 2575 3437 2815 458 3055 2654 3398 3129 3474 2570 2443 885 362 2957 3374 2221 63 1700 982 614 3745 1200 2659 201 2767 4166 2712 4790 3414 4819 173 2743 2492 3606 249 880 1464 2521 1032 198 472 2040 4573 4769 2371 1488 3123 3865 4032 4641 3586 2330 2605 4509 4185 4807 720 3809 1738 4377 1672 1726 987 1273 3667 184 866 2117 2437 394 3469 2613 4583 3875
675 2217 929 1250 2559 825 1204 1073 4421 1381 3749 179 315 447 2863 4107 4463 1413 3806 892 1336 4045 1210 3022 3115 2232 3463 1605 90 4743 3059 4964 1113 110 3566 156 1668 1805 3421 798 724 4393 467 3451 3934 1605 4890 3357 4546 3088 359 2588 3553 3207 2103 4933 2851 4470 4982 2805 3485 1245 2476 2234 4147 2200 2719 3026 3258 229 16 2027 471 2070 1620 1889 4371 3807 2758 2137 2621 1931 4364 1164 1587 505 4171 1912 3936 2023 4926 638 3396 2476 2462 4497 1420 3880 4465 4645 3656 1029 1605 1599 4059 352 2425 1262 332 1563 3396 3567 1239 2948 1723 4169 3714 3690 679 3124 3290 273 3386 450 4207 2114 252 4335 558 3145 2622 2660 3125 3266 4343 771 203 601 1089 333 1967 1476 332 2762 4710 3926 4231 4845 366 3071 3239 1298 681 1812 3987 1033 3952 3612 4457 3753 3221 4708 1675 4795 4943 1244 4667 4308 3725 2978 131 1755 4440 507 3871 244 1584 1228 1473 1510
3846 1288 1417 4699 1437 2506 1289 52 2810 3400 518 315 4839 3123 58 3002 3745 1327 469 3151 3130 2465 3888 171 2445 2260 4416 3837 92 2659 4019 4130 4839 2919 3884 2376 1319 499 172 414 2332 859 1778 3888 2696 968 943 3050 2390 2913 3287 159 4714 3318 3616 1886 1929 3537 369 2365 2850 3259 2428 3594 261 894 3756 3204 2751 2598 149 526 2834 4373 2087 536 2742 225 1779 198 4358 3061 1066 3268 553 3187 4999 1909 2427 2435 766 4201 4184 2073 4961 2506 2211 3169 4550 378 1474 3473 2572 4731 1421 983 734 4873 4071 425 4878 3359 3890 1622 1730 4354 1932 327 1870 4237 2225 2593 450 1377 4948 1304 3941 642 3834 1829 2241 972 1639 3813 789 1571 2657 2664 3473 1948 94 4944 2722 3802 4726 2661 4922 3512 3403 4087 1763 4965 177 1974 1862 2119 2382 1725 3728 1271 52 3302 1972 711 4073 4982 4831 2417 4443 1592 3877 3984 2051 111 3046 61 951 11 301 1511
352 4856 715 122 4068 4126 231 2007 1426 4955 850 447 3123 327 241 2077 1506 3750 1885 4765 600 168 3532 2789 3486 192 2159 4162 3691 2120 1347 657 173 3174 3563 380 1551 484 3864 1012 3952 4126 2067 2149 2516 3313 3557 2848 1892 3600 2016 3946 2271 2168 3901 2739 2042 746 3691 3935 3269 2537 543 323 3204 1307 3052 2525 1071 3141 3849 4923 738 3943 1671 1762 4832 2079 2255 2162 44 172 1661 703 3520 521 2096 2268 1126 3199 2760 3165 1546 18 1083 3971 4306 1243 547 1755 778 1217 820 1315 4775 1859 3635 2620 418 1415 113 2444 206 2619 4790 3511 64 4376 1860 2946 288 4193 3221 627 3556 4996 621 4327 2511 3661 4101 1153 2404 919 2042 734 164 656 2673 598 1715 754 2239 1440 3343 4125 330 4103 671 3051 76 1275 931 2440 2823 1600 3651 2940 2740 4632 3705 3455 2956 4663 1293 2471 1326 721 2895 4824 4731 4257 121 326 3447 1535 48 2878 3847 2776
2717 1735 3143 1973 1471 2217 3282 4949 1311 1652 482 2863 58 241 2948 4363 2047 1560 1792 324 1356 4197 2856 3012 1039 2231 4686 1220 2249 2279 2874 3519 4482 4906 1075 4018 1232 273 1501 2133 1555 4949 4426 2557 2983 354 3082 1564 1059 1617 2269 3284 2480 2069 707 2131 827 740 1052 4298 3769 235 1240 1984 1824 1948 3855 1893 4387 4419 460 253 1765 3163 3138 2443 582 4620 2439 3366 104 2912 603 3907 4625 106 4879 3466 410 1088 1378 2936 767 3901 70 4988 2200 1840 3974 4388 3641 4402 4239 4981 3429 2586 1416 86 2800 4617 3290 2958 3023 4067 3719 4366 2521 3074 2567 2550 1106 3547 4921 2655 2602 673 382 3883 3658 825 2531 1652 3546 173 1794 2550 256 1952 2580 209 1183 1427 186 4958 97 166 115 1505 4274 1084 2165 2906 1725 3822 2841 3307 1832 3112 4201 386 681 4219 4459 4985 4682 3898 90 1762 3436 4141 739 345 3859 3226 4904 1157 3067 131 171 1515
4803 2914 2603 3054 3189 101 837 128 2520 3324 327 4107 3002 2077 4363 1318 4786 4392 4487 4438 4202 3066 2455 242 1399 3547 3747 1432 2037 2624 1311 573 1334 2481 1327 4898 3518 2377 2635 4612 1601 4698 4160 546 1502 3363 2394 4532 4608 3404 2397 713 4348 1761 2187 2147 3173 2261 356 1764 2719 3539 3076 2169 3477 1804 4707 3342 472 4381 435 1342 498 4814 4082 4869 1042 870 2235 1455 4279 4416 1174 3184 4517 168 686 1158 3539 2933 1851 841 1610 1336 958 3748 2004 3853 3960 2597 4700 401 377 2098 914 2310 4088 60 1948 394 3362 1532 2059 972 4439 2759 872 4302 2388 2988 3092 2445 33 1718 2971 1927 1778 1586 2357 4792 4992 1880 4545 700 1946 4082 3028 2292 4532 3692 4825 4964 4346 4275 4361 4584 2636 4610 4937 400 3522 2750 899 912 2126 3994 4304 3029 4393 3218 3531 402 2216 1306 4892 4262 2554 3447 3555 260 3991 2314 441 4661 2875 3143 2362 985 2667 3883
1923 1721 1781 2528 2073 2937 3033 2974 3756 485 444 4463 3745 1506 2047 4786 124 96 4994 1758 4555 4676 2629 1366 2391 3228 947 3227 1351 1019 3249 661 1952 2722 2603 1769 4069 603 646 4273 3083 1117 398 1065 2290 2266 469 1878 4077 2415 3619 102 3875 4594 2124 186 1929 2890 4075 1270 371 1895 3333 2483 4174 3189 2023 3628 4120 2358 2810 1879 4962 2933 1655 1213 4025 1882 443 647 2268 2269 373 2650 2133 2917 3272 132 3724 3633 4612 507 821 822 1426 2654 1283 841 1628 833 2332 4736 156 2763 1514 1278 4805 875 1289 1754 138 3213 1044 4089 3805 1698 3726 863 3841 2780 994 4254 1944 1110 3928 4093 3466 831 2459 3268 3407 3610 570 2256 3479 3084 719 2792 3290 2103 2463 381 3601 4938 4465 2420 1899 196 4445 2121 3797 4395 4488 4379 2646 484 268 1004 4552 2676 3006 4639 4421 2723 1700 217 1471 440 4298 1177 2966 3778 4392 2610 2694 3173 1354 407 2221 4778
748 4717 4682 1747 630 4010 4754 616 4146 1754 4835 1413 1327 3750 1560 4392 96 4082 2507 3033 717 2370 1035 2160 2464 3445 2460 1979 1192 3260 1430 4361 2298 1263 81 1917 1563 2231 3185 2217 1705 2944 4148 2953 247 4222 4462 293 2895 4666 2998 2570 1088 292 4446 2081 1977 2135 493 3905 4274 94 198 4782 3134 4427 504 2860 3427 201 512 1994 3372 2320 2235 3163 2595 4210 4966 1108 3233 4261 61 361 2361 905 512 366 3638 2425 4547 3020 4509 3541 1932 1174 772 3956 3730 2546 678 338 2174 3785 1068 1301 2747 3212 1065 800 2491 795 135 4106 3942 1987 3696 2370 496 374 2743 3243 95 4711 436 4647 87 1338 2462 4705 3276 882 3626 556 2583 1501 1739 4287 3961 3666 3441 1900 2312 3890 16 299 3274 638 4384 4086 446 4665 3655 2507 518 1612 1233 4159 2990 457 2665 4581 2549 4456 2901 3402 3916 1257 1578 3919 4458 2383 1245 4540 1890 3613 4261 1373 4009 3770
3528 4705 2654 1564 3414 1609 3433 3789 580 3479 1140 3806 469 1885 1792 4487 4994 2507 4288 3947 3559 3384 804 594 4833 3492 2035 3081 4046 4661 1859 3495 3374 1652 3035 2479 3480 696 3458 1263 1890 4655 1904 1309 326 4453 2678 207 4568 558 3708 4254 2491 141 1084 3067 1798 1214 3632 184 4438 3582 2961 3258 4124 720 1924 3205 4599 2576 1143 108 1787 1714 4280 4295 2647 1117 3672 2335 521 1697 4736 4902 1122 2320 3259 2644 2027 3913 669 1410 3088 4572 1006 392 4325 2136 3876 3956 1600 698 453 2448 1668 2268 4339 761 4195 3699 3848 2532 1333 1863 2239 2633 2662 4450 3162 2676 1660 305 3468 3574 4465 3017 2056 1149 146 533 701 2752 2512 414 3053 3628 2348 3987 734 1706 333 4574 2437 2125 1097 3702 1906 4728 3718 2228 396 627 3675 593 592 2391 11 2293 3824 4612 592 3608 3108 2979 1791 1636 1473 4937 3105 2201 4164 775 3659 4246 2261 2507 412 3880 1135 1088
4866 394 4173 3726 2343 3978 187 3088 764 4521 2860 892 3151 4765 324 4438 1758 3033 3947 762 18 1971 1736 488 2257 1725 2786 4253 4115 3965 3481 2772 2974 459 125 1840 1489 1434 1111 2681 4134 1285 3171 4465 2986 4326 4992 1284 3163 4232 4240 1331 3378 1856 3950 2194 4778 1161 3424 1644 941 4118 4574 1679 1681 4283 4996 2976 2359 3147 200 2280 1835 1027 1530 3407 1722 2223 4115 461 4540 3676 3133 3493 1351 3258 2534 2606 1792 4286 1838 4445 516 3561 4154 1311 2830 2070 1027 2976 2976 1440 4279 3230 3645 929 942 362 603 1895 4837 2276 1072 4645 1071 3620 2270 2726 2327 372 2799 412 4909 577 3931 3596 1610 227 1927 2735 1041 1924 3138 2983 347 1165 1099 1177 648 3324 2065 1972 4240 4735 3705 284 3637 4628 3376 3617 1758 976 2025 1276 4153 3531 4555 4777 3124 4635 350 1695 4098 3628 2644 3068 1358 1963 3144 4011 277 3049 1680 519 4940 3711 1954 4167 1114 2096
14 2711 4961 3495 4612 4800 834 3134 2392 4325 4356 1336 3130 600 1356 4202 4555 717 3559 18 501 2938 4545 53 4859 1151 4697 240 831 4888 1580 2448 4829 1687 2203 4060 4271 3172 1573 1845 2713 3610 1822 519 357 2456 4012 4480 1751 1856 4113 4880 416 1440 3197 4271 4993 2812 2457 3731 3168 4441 4284 2703 573 3644 4412 3379 3208 4403 3198 994 1138 1590 4417 528 4766 675 397 1345 4461 4378 1480 707 3260 1167 1685 208 4548 134 3110 423 3438 4635 3405 4602 1426 290 4780 4894 1458 593 415 1099 781 2126 2913 4495 4817 1338 1842 532 1675 2810 1389 2863 163 1264 2300 3111 2491 2103 1382 2241 4030 4404 3269 2997 3159 3556 3388 2337 4047 3812 3545 3181 3946 468 2283 1864 3770 376 4828 294 4998 2261 542 492 3999 4725 401 2870 1803 370 1598 3055 1402 1681 3913 2746 4644 2482 4704 3388 1236 4339 65 2769 4530 1686 559 2594 3494 4436 46 3939 1030 214 4393 443
4119 1521 1471 2120 671 4048 1036 2873 2585 1994 3801 4045 2465 168 4197 3066 4676 2370 3384 1971 2938 4610 1203 3813 1476 544 3582 947 1969 3760 272 806 2054 4633 854 1957 3481 2217 4747 1160 4683 3312 44 4519 647 4254 4421 2265 2227 679 412 4732 1170 1347 1926 4857 1084 2189 3173 4040 1868 1189 1451 742 1859 183 3784 3846 2105 2659 4220 4580 477 505 1417 3624 2457 3024 3659 1549 3069 2994 4819 1055 832 4455 4189 2380 2751 738 3632 2958 805 108 1421 4050 4272 1154 2774 4533 3841 3039 454 522 3361 3504 1901 4209 884 1284 281 4228 1227 2463 3238 3333 4694 3653 1419 3782 2652 1995 1413 4095 4479 608 4907 3701 1194 577 3132 2783 1902 1182 1210 2289 1788 1351 4561 1335 543 104 2883 4728 725 1512 1304 971 3267 2156 3203 4613 4926 1555 2429 1951 3273 558 2275 164 2113 4333 4719 1079 783 4982 3163 1477 2333 4896 2815 1720 4064 3869 4576 3263 3473 870 4943 2592
2142 2628 2415 2782 729 1733 1873 4969 18 2261 916 1210 3888 3532 2856 2455 2629 1035 804 1736 4545 1203 3852 967 4149 4853 4913 4483 3716 1959 24 3340 639 3407 1769 4503 111 3387 922 3915 3360 2541 4115 3771 3894 4848 543 4202 4039 2563 1752 4155 3778 1233 775 2005 127 273 3251 4424 4925 4501 4930 330 2056 1286 1185 3121 4252 3775 4343 3670 1950 4161 1879 4217 4054 1015 2022 313 4783 2630 2402 2079 2495 3470 1433 470 4016 2156 2682 4669 4159 573 3405 1101 2885 1870 4793 3195 2862 338 1434 2844 3023 2500 1266 3299 3244 2172 1315 225 2197 4303 356 1201 3935 4649 4115 2087 317 3381 353 2100 4740 4932 2091 2964 4661 2960 2761 755 3195 704 629 3316 3953 3251 823 3690 4611 2299 2599 1155 2482 4787 4028 1388 2490 2367 1737 4862 740 2569 3556 3369 4221 4530 1131 58 4670 2757 3623 66 4084 2858 65 4981 3758 4894 2750 3577 4015 4209 3561 1019 1568 805 489 636
4632 3647 1866 3040 3092 2759 2726 1206 1957 1631 4469 3022 171 2789 3012 242 1366 2160 594 488 53 3813 967 3067 2420 4491 4198 4042 4386 2210 4004 2652 757 1110 2048 3803 4013 2486 4214 1662 2846 4150 1938 4885 25 1648 999 3746 1481 4264 1911 2396 1143 12 485 3004 2021 681 752 915 2100 2741 2169 2990 2689 4040 608 1639 3420 1971 1356 4085 70 1340 2535 971 2104 1689 4416 3713 2472 2370 3390 951 2237 1497 1709 1052 190 1199 2422 394 2195 2219 2123 2319 2665 4923 3526 677 2104 4409 4190 3477 359 3248 290 4080 4642 289 4317 4255 3703 960 1334 1594 3699 2950 4448 3041 724 3371 3539 1671 1339 2109 3766 817 3084 4879 1041 3300 75 1108 3826 2488 4787 2214 595 1304 944 2813 1314 456 4290 4119 3743 4223 2441 2752 4987 3894 4829 2960 4717 2157 600 2309 3967 141 3850 2985 865 3056 520 2001 181 4179 1416 386 2626 3170 4272 3778 2670 1694 3252 3765 3661 2378
3304 27 4841 4570 452 76 510 1153 3446 2764 2856 3115 2445 3486 1039 1399 2391 2464 4833 2257 4859 1476 4149 2420 4130 2631 2738 3842 4523 1452 3878 4859 3808 1591 357 4552 3198 2974 4882 3935 3382 4301 1858 346 1520 122 845 891 3017 4214 3491 2131 3745 4720 560 4626 11 1718 822 2303 3725 411 210 3054 3686 1963 4179 1262 1954 325 3768 2098 1332 4667 4629 1829 2994 1105 1922 731 3344 4142 1342 3441 4583 1494 3032 1441 4721 2648 1428 124 4236 1285 1373 27 3838 450 2254 1291 350 1843 1236 1711 2448 2724 3242 4022 1820 3568 2960 2993 1469 293 4491 2461 3974 1992 1112 2006 24 2763 4438 4158 313 3517 2338 446 396 1103 1153 4588 2701 2100 1953 932 2502 4489 386 3358 390 24 3972 2313 81 2157 3736 4316 3120 2421 2903 3338 3176 2043 820 3966 3163 1535 1585 2803 983 2465 2702 3502 4884 364 3520 4384 481 3572 1604 4765 3316 2466 4023 3845 763 4788 585 4794
1053 2681 4795 4545 3673 2208 3836 4627 90 2709 1183 2232 2260 192 2231 3547 3228 3445 3492 1725 1151 544 4853 4491 2631 4762 1337 743 1468 2222 1357 265 4583 2633 2527 4797 2759 195 2723 3978 4923 4938 4495 1305 26 4031 3013 3559 3283 4269 2804 4671 2098 4125 3543 1128 1240 4055 1525 1346 1154 154 2913 4980 2789 1722 780 3713 3833 3531 1113 327 1204 1906 135 3157 2310 1158 259 4709 3620 2966 2206 3533 1805 4632 3794 2113 4972 1740 3202 4184 3864 241 4099 608 3705 4614 4104 1929 3432 3878 596 1991 2171 3023 2527 4409 3993 3959 187 1441 3799 3701 93 3133 2864 2593 2630 3134 2388 4393 1012 3744 4675 2928 342 3596 3355 3163 4870 2767 2673 1111 3912 1391 1656 4644 968 3818 3134 1636 3338 1881 1912 1792 3528 3158 4721 1473 4594 1450 2185 3407 134 2574 3595 1777 892 75 3260 3680 2813 3738 1723 3279 3845 4792 4848 1077 3637 4200 3059 629 3115 2858 4166 1162 1444 1100
3556 774 3024 484 4574 2084 2148 193 3817 1745 86 3463 4416 2159 4686 3747 947 2460 2035 2786 4697 3582 4913 4198 2738 1337 3720 2935 3456 2964 3994 1537 3350 1929 3705 1744 4125 2109 563 2748 4441 3588 4225 3029 3681 3420 2135 2045 2473 534 2216 3977 4842 4294 649 1208 304 3360 2571 4772 4807 2183 4650 2027 2840 764 3622 4318 2711 2632 3990 3505 2561 1482 4178 701 699 309 1993 1772 4261 2457 3590 2485 3704 3170 2109 345 3072 4199 4418 2851 138 1983 2237 1384 3194 1786 865 4954 4400 4452 3349 3850 2271 3083 574 58 627 778 3930 50 19 2625 2406 4284 2665 470 2862 3483 336 1354 1029 3906 4045 2139 698 425 2144 2744 1393 1644 2034 4251 88 1929 931 1820 231 986 3311 4868 4213 2009 1838 3866 4035 3526 4212 1761 4186 4223 4746 4880 4705 496 1467 2962 2983 2022 3190 1931 4140 1353 2148 112 3150 1209 457 3191 299 1251 1188 4218 3201 801 1270 2836 4898 848
1889 178 1511 1489 3817 1877 296 2245 1652 1182 2336 1605 3837 4162 1220 1432 3227 1979 3081 4253 240 947 4483 4042 3842 743 2935 4476 294 4634 2681 168 4261 2053 2894 419 3199 3258 1712 800 4339 2563 4832 106 828 2754 2732 717 610 436 2285 1288 3468 693 2214 3624 654 4918 1921 1264 3878 1117 998 1242 756 851 1148 4642 4226 972 1183 702 4091 3466 2781 3310 949 3339 937 429 3470 338 297 1398 3412 2087 364 347 537 291 3648 3088 4118 978 4481 125 2655 4040 4518 3734 3972 4370 2427 1760 4702 3447 1477 2563 1562 1609 167 3983 3704 2158 2421 4978 4490 3734 4848 3860 170 2856 3034 971 4431 273 4722 3974 2880 1577 419 2662 2451 2054 2171 4300 3177 2216 2171 4871 4727 958 4174 831 4159 4093 3925 680 1752 2903 3207 901 3579 275 2745 1631 2781 3006 3538 3055 4534 637 3790 1297 2471 4223 3712 3401 4931 3230 2330 4365 546 4153 2688 2461 4121 4497 3338 316
2770 1193 295 2611 1153 2718 3741 1267 705 2884 4287 90 92 3691 2249 2037 1351 1192 4046 4115 831 1969 3716 4386 4523 1468 3456 294 3191 2857 2987 3927 135 1746 3979 2173 618 405 1323 4206 142 4781 1680 4350 4930 4063 4596 3105 2966 2204 3916 4169 4200 3688 4452 1155 2498 1232 3721 2384 2385 4297 2854 4542 4001 416 708 3367 19 4911 579 425 2513 2965 4866 385 2635 3920 508 2811 3793 3520 554 4056 3994 1673 3997 1784 2948 1051 2508 2378 1733 2074 1414 3096 1637 939 3252 2382 327 3132 2489 3955 3371 2517 818 3538 2396 2503 1886 2761 2347 308 543 4982 3415 4317 3680 2824 530 1091 4930 115 3182 55 4378 1239 2893 715 3044 2706 4054 4715 3053 1273 3808 903 1784 556 69 2112 667 641 3439 1763 1834 109 3431 4214 1971 854 1720 2369 840 3689 400 672 2386 2724 1609 899 734 3971 4249 1849 1873 2045 1237 4001 3513 713 925 1849 4559 3229 2240 4183 4153 806
2707 4483 1688 4591 3116 1421 2653 3620 1603 1736 3383 4743 2659 2120 2279 2624 1019 3260 4661 3965 4888 3760 1959 2210 1452 2222 2964 4634 2857 1129 1920 3729 419 1866 1264 4200 1599 3560 4710 2291 4770 3150 417 3915 1241 225 3007 2233 1136 1620 3254 3708 3578 2014 4837 3731 917 4208 1167 1484 1784 4093 730 3239 1783 2056 4499 1450 275 3671 3010 693 3104 4196 545 3226 762 1228 2295 1202 1946 3825 58 2227 4775 983 624 81 1313 3560 389 4338 4652 428 3581 1675 2933 2813 1752 4007 874 2434 2199 851 2701 2471 1862 3199 1336 3400 421 3306 217 1481 1664 2086 785 731 1102 2434 600 1396 3377 2978 573 4277 3629 4073 3851 1474 2991 2442 34 2232 88 3543 3498 271 1328 3702 358 2249 2372 4870 4687 2257 1898 1103 3366 3344 1907 654 1118 4296 4630 677 3675 609 4652 383 4234 2892 3055 3879 3995 531 3278 3295 2650 4082 2870 2516 903 2767 4992 1389 2846 4842 339 1857
224 854 462 4308 1726 1125 4253 3695 708 978 1908 3059 4019 1347 2874 1311 3249 1430 1859 3481 1580 272 24 4004 3878 1357 3994 2681 2987 1920 994 4910 3561 1611 259 710 2185 3925 1685 413 727 4176 1732 1141 2038 3565 674 3782 4786 4304 1802 3073 2312 1968 3329 3373 2407 2703 216 3258 3984 1639 1007 4491 4027 3757 609 2374 1012 2525 1452 720 678 3693 4177 1592 2270 1776 630 1635 1348 4227 4616 549 4167 4130 1532 314 1962 1081 841 2919 1616 2118 4509 1498 3646 2942 1877 3159 658 1269 4741 2109 4983 272 4798 1683 968 2444 13 3290 2659 2515 646 3952 2316 3456 501 1355 1812 3104 1207 1918 3989 3119 1072 1257 4441 1574 1716 796 1607 1625 3011 1506 1941 595 3050 4605 3572 902 2781 1855 4927 3566 4583 4259 2626 3760 4542 4209 950 2821 3126 3475 2560 2802 4428 425 508 336 1846 3843 993 3429 4418 1088 3780 3891 3158 2472 1199 291 1319 3344 776 4343 4085 3131
1960 3996 1382 3965 4656 4240 3281 3035 1340 2080 491 4964 4130 657 3519 573 661 4361 3495 2772 2448 806 3340 2652 4859 265 1537 168 3927 3729 4910 1176 1122 1153 4078 174 545 1525 4273 312 2306 4515 3614 2571 900 2370 4902 3332 2921 225 1403 2457 4617 3350 2769 1525 3844 1997 4877 2739 4679 4649 2277 4574 4568 4949 678 3842 4663 1089 1667 1519 2619 2545 161 3692 1667 1806 1269 2995 2679 4879 2999 103 1737 4191 2589 4502 776 54 3056 3896 1079 33 2120 4728 2010 1406 166 2401 3648 1431 3386 1828 4186 2660 304 1135 1459 4625 4527 4861 1651 596 141 740 4408 3792 4842 4143 3444 3000 3418 31 364 1580 643 229 4249 2067 4877 3573 3158 3188 810 2324 4221 509 485 4246 40 1162 1239 1742 638 3309 2941 3869 3619 827 4331 4255 22 4506 944 665 359 1795 546 4321 3678 3213 1986 3493 2489 1059 2581 1767 2339 4975 3633 4589 3435 3767 462 2887 2959 3039 3947 378
1316 1121 357 4496 4993 1754 4934 648 1740 955 2764 1113 4839 173 4482 1334 1952 2298 3374 2974 4829 2054 639 757 3808 4583 3350 4261 135 419 3561 1122 856 2083 2794 1086 2388 4748 4636 1477 4633 4610 4644 4035 1368 2366 1556 1299 2641 4367 4975 2603 2725 2304 1019 3911 792 4085 1215 3325 418 1858 2006 953 4275 1495 2959 1070 2054 1104 4154 3717 283 1777 1747 2654 1653 2047 3886 3251 2378 2111 889 4437 2717 2041 1821 4480 2518 3880 4050 16 4123 3371 3570 3218 4709 4925 2218 2561 2907 802 1147 2441 2017 1946 1630 1063 3314 3025 2625 2208 1702 3688 3863 2976 1108 604 3918 1014 112 3000 3755 4443 4002 974 266 1322 1207 771 4114 1445 3838 154 3972 2025 1452 4750 3711 1425 1004 4588 3838 2389 2784 4121 1009 2529 1124 1521 1462 4867 1680 4463 374 1045 61 2799 3058 3315 348 3893 3542 2061 2063 3065 1520 4006 2484 1107 4630 143 3055 329 4121 2020 4212 3000 228 2885
1157 1535 2306 1038 3233 4025 1997 592 2323 21 3547 110 2919 3174 4906 2481 2722 1263 1652 459 1687 4633 3407 1110 1591 2633 1929 2053 1746 1866 1611 1153 2083 294 3252 4278 4793 4818 827 926 1780 1295 3232 4344 2313 837 2196 4918 4973 891 1288 1707 3076 4821 445 4227 1612 2724 518 2162 1440 3135 1206 3350 525 802 2918 1183 4958 18 3498 4948 658 3963 951 486 4866 4476 1548 413 3270 3380 3659 2163 2165 2319 26 2832 260 3574 1540 2647 1075 1278 3022 3924 3769 24 3752 3932 2610 3126 901 4129 305 2805 1072 910 3170 2095 3289 160 1040 2023 1838 4495 4306 3372 2186 169 1607 4741 764 1412 699 3586 669 1086 1614 2492 3553 4973 2720 2932 2511 2605 4690 4527 1296 2939 4704 4493 3240 1055 2092 2883 2733 4342 2532 4610 1546 3231 2054 3949 3596 3398 4534 2404 1712 3962 3495 4958 211 271 992 1426 4300 3191 1725 2897 4064 928 1279 1329 509 1919 4759 1397 3960 1719
1515 3363 2377 4709 86 4450 3043 1906 786 3181 4026 3566 3884 3563 1075 1327 2603 81 3035 125 2203 854 1769 2048 357 2527 3705 2894 3979 1264 259 4078 2794 3252 2679 1080 2570 1924 2157 4329 1761 1041 1633 2687 2856 2364 3858 2713 1003 256 200 4010 3773 3445 691 892 1700 3872 82 458 3558 2362 3712 1126 2993 221 204 4993 3714 3744 3706 3480 2734 942 2097 3405 1157 3129 4937 3450 2543 3262 3611 4933 3879 1927 3223 1436 2980 1937 3504 4325 202 4236 1945 916 3441 2874 2670 4809 2578 3000 2446 4388 666 1440 2004 3662 1501 4922 3383 3896 2183 4306 2599 884 448 1540 1953 515 2904 2785 4177 1670 30 1767 2241 942 1141 2387 4725 1050 356 4959 3468 4262 2400 3940 3409 302 3293 464 1083 754 335 1691 966 4965 1533 4605 2635 1042 4706 2233 4727 1952 891 2131 1588 1667 843 2195 4807 1817 1342 4850 1656 167 4091 4011 4404 635 323 3730 2998 164 1917 1006 1680 4729
2851 2152 1897 3620 700 4310 4965 1150 3461 4043 1321 156 2376 380 4018 4898 1769 1917 2479 1840 4060 1957 4503 3803 4552 4797 1744 419 2173 4200 710 174 1086 4278 1080 1622 1176 1283 3217 4798 1543 4171 2361 4935 3762 278 1366 4482 2500 1616 3926 2300 1131 2423 4903 688 3648 4058 1474 2237 833 3036 3547 1537 781 246 1713 1433 916 1122 4704 4772 982 1216 1332 3091 3785 3759 2357 2147 2383 4482 123 2733 3349 231 3478 3601 3847 2255 1120 3634 4348 3173 507 2331 4163 4214 947 2126 2041 2327 2705 4983 669 2630 3073 4059 2393 2969 306 2457 2293 3406 4309 3607 4723 3001 680 698 2575 2178 4460 769 1541 2693 640 2889 2620 4309 2335 1283 4463 3162 1431 4525 1025 917 4053 788 1749 3451 149 18 2420 694 2106 824 1708 1961 206 4774 1183 4229 3918 4656 3428 1159 2378 1184 2857 4083 2356 1753 4681 4781 1810 3268 4175 4552 4375 836 648 1131 2397 88 1007 3627 1060 1778
2711 1699 2428 3772 4133 475 986 4804 2284 3816 827 1668 1319 1551 1232 3518 4069 1563 3480 1489 4271 3481 111 4013 3198 2759 4125 3199 618 1599 2185 545 2388 4793 2570 1176 3742 223 4298 892 4543 1002 4474 1682 3372 4923 693 462 1845 478 708 3936 4585 4426 1472 2525 2165 2234 1823 2907 2155 1570 1076 1857 3450 2350 4051 3528 1514 3572 4824 2345 4037 4757 1716 4553 3985 2880 344 4125 1806 3434 4985 1459 1832 4569 4680 1299 4528 3274 4615 2455 173 1185 1174 2834 3915 3750 2348 174 1840 3072 4226 4434 4657 488 3076 3101 2864 3472 3731 694 3824 458 4746 816 3615 693 4362 2344 2274 3152 3599 1355 4482 2074 684 4021 2712 4776 1975 1763 3853 4604 3931 4022 4051 2231 4050 3171 1033 4294 4988 4208 2975 1387 2125 37 3696 823 2823 2892 2966 3404 475 1181 83 4599 2022 4293 1586 3269 4123 4216 993 1576 4206 580 3083 3656 1637 123 2419 1093 1846 3583 4436 3878 1837 856
4687 2067 1811 3963 1058 1939 3556 3681 1589 4773 232 1805 499 484 273 2377 603 2231 696 1434 3172 2217 3387 2486 2974 195 2109 3258 405 3560 3925 1525 4748 4818 1924 1283 223 1221 606 3698 1162 158 959 4809 2883 3073 3515 72 2736 3717 874 3267 4678 4073 3732 1358 413 1467 702 688 1909 2881 3735 1960 1228 2224 2271 1939 2740 2190 1720 227 4980 2967 3440 1325 3625 107 1103 2420 2524 2274 4740 4459 1680 2645 767 4451 4239 271 4208 1079 1704 1925 4458 800 3962 3019 1678 410 4548 886 273 1627 1464 3894 4602 3098 471 3549 1633 853 3413 2268 3856 4008 4024 2401 4867 3528 2381 1782 2224 1004 2407 1011 933 3344 2737 4943 970 2526 4825 231 3131 683 2587 922 4575 1281 4374 3907 2485 2078 108 493 1798 3194 1777 1375 256 2832 1166 4720 1753 4849 34 630 3791 4210 3943 3437 3638 3813 776 3344 1867 3030 2939 2195 3132 3207 3535 1806 929 2426 32 265 3997 3346
3666 1229 4757 3857 4027 4478 4825 1393 1371 4185 2757 3421 172 3864 1501 2635 646 3185 3458 1111 1573 4747 922 4214 4882 2723 563 1712 1323 4710 1685 4273 4636 827 2157 3217 4298 606 1846 2644 3610 2892 932 1777 2426 4531 4389 545 538 2057 1122 365 3482 4760 658 3871 4048 2204 1718 4870 3784 1390 1474 379 4864 4801 3969 4667 945 354 1882 1023 4110 4217 2056 3975 3918 4121 1687 4199 1101 4258 3836 1276 3685 3907 1237 4056 4881 603 724 4110 4804 366 3090 1219 4164 2038 2949 416 1606 3581 3237 2763 3829 881 1663 4023 1270 199 2047 447 4689 2296 632 715 4770 1299 3441 323 4544 1359 165 4453 677 4395 991 3270 1005 412 1873 3800 386 3630 1355 4403 4742 1536 1232 890 2548 4934 2882 2877 660 347 841 4133 991 3777 3268 3680 4449 1699 1172 790 456 889 4783 4384 975 619 2457 4050 128 2825 885 1490 1512 4547 3775 3861 22 3953 4719 1421 3092 2028 1972 273
4345 1840 761 658 3781 336 1473 4341 2949 1769 4187 798 414 1012 2133 4612 4273 2217 1263 2681 1845 1160 3915 1662 3935 3978 2748 800 4206 2291 413 312 1477 926 4329 4798 892 3698 2644 2087 2011 2611 825 670 2597 3675 4745 1360 3338 3512 4041 4261 943 3985 523 4092 2898 2560 266 304 1826 3424 4539 1722 909 2620 3069 3232 2054 3559 625 584 1456 3851 3575 3097 2204 4277 2213 4062 221 3898 1155 3916 379 4292 1714 4868 474 90 4563 2283 27 3410 1251 3411 407 2806 1749 3757 1414 323 1561 3636 1456 2117 4571 2406 3276 4116 874 341 2246 384 4736 269 325 3597 2680 4675 4754 2699 752 2392 4685 796 3327 2033 950 2358 158 3655 4066 4851 2225 549 2211 3508 1974 2001 2814 2913 2517 3115 783 4017 4173 4905 1803 4747 2517 4285 2952 3373 363 558 4640 2169 3476 4206 859 4597 3910 787 2288 3841 3458 2435 4911 310 2891 66 4724 45 4423 3805 4454 1153 3116 3345
3390 499 2301 2370 1893 1280 1703 1733 4897 2125 4110 724 2332 3952 1555 1601 3083 1705 1890 4134 2713 4683 3360 2846 3382 4923 4441 4339 142 4770 727 2306 4633 1780 1761 1543 4543 1162 3610 2011 2727 4192 818 1090 2325 997 1578 4403 4589 2349 4682 4795 1998 2851 2422 306 318 1932 1636 2578 163 764 1838 4708 2493 4437 4665 3448 2694 1181 4395 3320 2775 3593 4771 3222 485 2760 2154 1135 2161 1852 2972 2075 335 3437 1031 2255 2524 3604 4499 582 2654 1429 483 400 2915 1358 4105 708 2097 4996 4878 99 3106 3523 3729 1124 143 1366 1123 1227 18 4125 2960 2581 4158 641 2880 258 1422 1267 31 156 551 3632 4919 2190 4688 4553 3253 85 1229 1314 995 806 2120 883 2461 2265 2220 3662 628 1688 728 4574 1270 3671 4374 3596 3717 1730 3115 4851 4830 3415 2498 3877 4094 3414 1753 3744 1365 2500 3326 3513 2716 4046 3743 4439 704 3521 1143 1884 994 2842 3227 737 4139 2321
1854 498 374 717 2950 1820 1286 2229 1092 1878 351 4393 859 4126 4949 4698 1117 2944 4655 1285 3610 3312 2541 4150 4301 4938 3588 2563 4781 3150 4176 4515 4610 1295 1041 4171 1002 158 2892 2611 4192 3469 1449 2427 1394 916 3359 2639 4259 921 4770 4108 3159 2273 4740 4369 4788 3373 551 1156 4805 3848 1942 2336 1316 782 4515 4224 3189 4539 2645 3666 2420 3101 4284 2242 1956 2817 3000 1683 1556 1786 2748 1575 4442 959 1269 43 2602 910 915 1538 3754 2153 2897 4644 2518 1167 4913 3989 1552 70 3182 979 3992 4458 1558 1468 4398 818 2041 2931 1347 1899 800 1371 4521 360 3539 158 1365 4268 4876 1640 4752 4876 2016 4637 4398 3338 1116 4133 1279 2039 1516 2706 3265 2773 3306 17 1928 547 1368 4292 487 2233 4345 2629 1020 213 3815 2865 3967 1519 3514 3727 2215 2022 1746 1444 3619 1568 408 3163 168 1021 3036 1384 2029 291 3427 4244 4719 2739 2054 2802 3983 480 791 2019
1675 2173 393 439 3366 4084 942 178 3372 3031 1634 467 1778 2067 4426 4160 398 4148 1904 3171 1822 44 4115 1938 1858 4495 4225 4832 1680 417 1732 3614 4644 3232 1633 2361 4474 959 932 825 818 1449 1738 3640 2421 4859 1900 3138 1508 769 4847 382 1663 910 3787 2753 4980 4219 2857 1392 1061 3695 1786 2894 1018 1199 1746 1919 4328 2152 4138 395 4960 3928 2354 4798 3619 4851 4027 1592 478 4450 656 2713 508 2560 2148 1582 2142 3519 2936 593 1135 4606 417 3956 1602 1281 2048 4311 3113 4005 1669 4600 3956 280 2075 1594 3216 941 285 4578 3499 1238 3321 81 3390 1000 2837 2706 4671 1261 2203 4524 4560 580 3900 333 2173 591 4249 4397 1915 458 1280 306 38 4076 4344 3856 1297 3548 1233 4345 33 1946 4052 692 1346 1676 2269 457 4991 1020 2077 46 3005 3804 2221 1512 69 2377 4925 1426 2299 4735 3663 895 4038 3501 2056 3292 2170 4841 182 1731 668 1855 1319 883
2484 4943 4318 10 4434 950 37 2031 4403 3155 4162 3451 3888 2149 2557 546 1065 2953 1309 4465 519 4519 3771 4885 346 1305 3029 106 4350 3915 1141 2571 4035 4344 2687 4935 1682 4809 1777 670 1090 2427 3640 3968 4200 2341 3520 4175 4567 4066 1712 2855 4992 4955 2715 1651 1793 609 4541 2322 2670 4333 2447 4326 396 3254 2889 2828 2468 4078 938 1836 3731 1833 718 1534 255 3105 3140 1619 1126 1048 4945 2105 4661 838 745 1423 356 1798 58 3158 2728 4578 344 1761 2497 4896 1930 1929 2386 1892 2425 357 1108 4577 4528 1443 2355 1652 3914 3873 1127 2113 507 1210 1120 4895 2608 2727 347 4163 1354 2699 2615 543 1300 1730 2334 3691 1089 4687 1481 3267 1840 4644 3337 1289 506 865 1788 2083 4650 3613 2102 623 24 2727 3488 1694 1050 4600 2980 3330 3706 682 3147 4855 4846 4498 3289 4107 148 2095 1867 2592 3781 1377 3469 1204 4049 1597 2649 1171 1568 4582 3748 3112 3303 3038
1782 2260 1304 1927 4692 430 4370 4017 2774 4406 2203 3934 2696 2516 2983 1502 2290 247 326 2986 357 647 3894 25 1520 26 3681 828 4930 1241 2038 900 1368 2313 2856 3762 3372 2883 2426 2597 2325 1394 2421 4200 3860 25 1144 64 3289 4555 26 815 1966 3651 1726 1008 4528 2953 3022 2290 3279 4256 3645 4030 3136 1714 4301 4805 1841 584 3554 1127 455 1299 1512 2093 3767 1848 3393 1131 415 495 4784 3823 125 1431 4266 4589 606 2455 702 4039 4933 4256 650 2015 531 2777 2414 1774 4732 3104 3221 4410 2638 468 4031 2310 2662 614 4142 2354 194 998 715 1743 4863 2863 2953 1963 1767 477 2061 539 3806 3764 207 1384 3341 4151 3327 4165 205 872 1235 973 2146 1104 2976 1803 797 1784 3762 1815 2309 1916 2530 314 1481 4033 2600 4267 2034 2793 3919 1221 2647 1215 3215 4834 4140 4217 4463 588 3431 2050 2833 777 4300 520 4909 4781 3239 2316 2420 4579 3958 1118 1389 2591
