N: 180
M: 20
Symmetric: true
Triangle: false
7 64 126 20 40 51 61 153
5 101 178 143 99 115
8 94 164 133 144 129 109 160 172
8 127 89 174 84 120 28 167 87
12 151 118 96 123 67 112 161 35 55 116 49 177
4 157 43 65 48
12 122 145 9 119 38 21 98 88 138 110 75 100
7 5 58 179 83 159 165 17
12 47 27 66 166 141 136 108 73 50 6 103 130
9 142 85 72 134 146 171 149 13 45
7 154 22 59 37 170 3 81
5 147 156 18 10 125
7 131 148 32 1 29 71 158
17 124 76 152 114 79 24 74 105 30 23 41 68 86 155 12 162 63
7 31 132 95 168 52 163 11
12 113 107 140 69 176 19 2 34 60 139 82 90
15 53 14 33 92 175 39 169 150 57 4 111 26 56 44 102
10 106 25 97 128 78 135 54 173 36 121
8 15 137 117 42 62 80 8 93
8 16 70 104 77 7 180 91 46
250 3531 3398 3142 2853 787 1665 3822 1752 1359 692 1953 3421 1387 1527 3294 1399 2530 2352 1535 1683 1309 2085 1691 1936 1336 2387 524 1438 257 3538 3790 567 1191 3508 722 1358 4162 2992 4748 2089 220 4068 645 4638 2324 657 1538 910 943 3071 649 2049 4524 2702 4492 2850 4128 2723 800 1709 2908 255 3365 3569 3765 3710 2028 1446 2397 3546 2258 2474 1076 3867 707 4279 4259 4407 4012 3427 1573 4412 2769 4741 4727 1066 2300 4525 3710 4355 3119 2050 448 3540 1498 2894 2469 1671 4890 1912 356 1252 911 4787 3935 2782 4368 478 4911 145 214 4283 4318 1598 3679 466 4504 4850 2696 187 624 600 1242 623 2461 2078 4958 2962 1551 1289 2212 999 3585 1731 1017 3590 3966 3381 4200 4438 2359 2150 3393 2257 1371 4132 3916 711 2185 4815 1786 2917 4605 2890 3157 1129 802 3605 4605 340 88 2529 2710 4470 3260 3633 1508 3139 3862 188 4159 2031 3441 1991 4391 378 867 3454 691
3531 2535 4915 1768 3048 1970 1152 2358 184 3896 993 438 4051 799 1439 1729 3309 4730 4618 1282 317 3473 573 3201 3147 696 4611 2228 2037 1850 2800 1104 2328 4301 993 1591 1239 3694 4813 1449 777 540 4729 4230 3543 1234 4083 1673 2371 422 736 3516 2124 1602 3939 1816 3619 2421 3788 2319 1684 4669 811 325 2314 537 4768 4522 3510 1302 3624 3198 4502 2503 2874 3605 4088 3099 2611 1638 1899 1021 3827 2626 4891 1838 190 2557 4522 4171 3967 3775 1961 4583 243 364 539 1361 4554 1266 507 4925 374 1780 208 1920 2836 3303 3731 2727 4942 1638 333 1727 2148 456 4138 4439 2184 4216 726 4200 3770 2573 2276 1999 3188 56 4458 752 2078 4217 1636 1899 1698 1599 1399 1150 4695 3110 1488 1292 3401 4916 3413 3928 1388 4775 1545 3161 2142 4857 1811 3713 1793 3815 1977 3868 4665 1082 3901 3240 3586 3876 4687 1155 4958 2853 816 4036 2160 2451 581 3740 2956 3007 145 364 3035 4798
3398 4915 1650 2605 1708 296 3762 2652 3703 3024 2517 4803 3172 2343 1504 247 2642 319 1380 4045 1205 1653 1640 1598 1936 2578 3129 2625 1094 3420 1083 3619 1815 2524 2046 3674 2279 892 1940 2913 4357 1555 1748 4275 1848 792 1907 2497 4363 2577 1783 1656 352 3951 207 3774 1004 4379 2584 3097 2510 4384 4555 788 3314 1919 3965 4193 1971 1867 693 1790 4548 415 4006 3913 4816 887 1481 4070 2913 1986 3167 1099 2070 795 4852 527 2829 1570 4014 497 2722 4620 3015 1297 1643 1113 3652 2573 4209 3032 1644 1129 91 2762 3256 2160 901 517 77 3956 64 87 2533 2278 4571 4900 4207 847 645 2611 164 3148 866 702 2302 1425 4721 4784 4102 1841 3969 4476 2431 3964 1870 1876 542 4820 3462 1223 1478 2389 918 4658 1570 2352 3094 552 127 1806 3786 974 3066 3671 3996 2397 3763 4417 3704 1993 1802 1685 961 2862 3443 836 393 1546 338 1460 723 3057 61 2828 1013 2901 3026 4743
3142 1768 2605 1857 1273 4258 1642 148 58 1834 2602 2058 2725 1872 2404 2156 2973 2096 3296 2935 3604 2809 1553 3940 1000 1856 4406 2978 512 2613 2370 4856 2709 310 2792 2521 4653 4942 691 1199 2134 904 3613 2467 2595 248 3893 2089 3418 3602 1576 3762 2087 1507 3698 1130 4499 2663 3871 2234 598 3757 4533 1309 4020 2323 3953 2646 3704 2456 4389 2162 2461 4299 2521 938 743 3510 3879 2171 4831 3940 1750 2744 1048 3172 1998 4614 4035 1455 2094 1824 3427 1341 2591 1250 384 3063 1718 3219 384 3733 2985 2154 661 1125 3253 2504 3029 3295 1600 4249 889 435 3039 4886 1105 3547 3465 1951 4483 4361 1192 2267 2863 1441 3423 1983 3710 256 4515 53 4137 113 3015 4359 4756 4656 1044 4570 4113 4878 4937 3743 289 738 2987 4209 189 876 4509 280 2317 4358 3971 3003 2950 3851 580 769 4728 3690 1206 3227 3376 1421 1541 1795 403 1237 4252 2306 192 4474 1005 3701 2200 1406 3705 4289
2853 3048 1708 1273 555 3057 292 1346 1426 3152 3327 3130 4772 4123 3042 3287 1094 3643 3773 2044 167 4748 3117 1280 3339 4778 4197 2994 1026 3997 1662 215 3685 2767 2488 121 4588 1255 2484 3117 2492 3567 306 3459 1633 914 2464 4575 4833 1484 4935 3748 4774 2269 528 1175 2245 2789 3424 3121 4565 354 4321 2407 1891 2361 48 3244 693 88 3459 232 4130 4267 1465 330 4845 2010 887 1171 3725 664 4948 2191 1880 1431 980 435 4144 2970 1061 2115 3043 4037 2250 2807 3075 4262 1512 3869 2044 2529 3193 4291 956 3428 1400 2750 2406 2147 4419 518 632 1240 3040 4262 4442 1433 3919 4494 3357 1283 363 3905 4543 162 4007 1268 3903 2725 564 4094 3624 1407 3139 4755 915 2474 1604 3552 3714 1210 2101 992 851 2914 3520 202 1805 3311 821 1662 3678 490 2400 1026 1908 1961 1569 3977 4199 1207 3873 3140 3028 2637 3137 4731 4796 3373 3750 436 3951 1550 571 2108 3897 591 3306 3279
787 1970 296 4258 3057 2566 4263 3792 4723 4541 955 4438 2771 4266 2657 4566 2044 742 2934 4490 4700 4087 1071 1922 2087 3360 2488 223 4718 2294 1102 1476 2413 1785 1935 656 4889 2092 2382 4226 4377 823 4485 1019 1081 3574 101 1194 2796 2479 4063 3814 3030 4708 4057 2456 3944 523 4011 3214 3401 2489 4471 2822 3575 1569 123 495 649 1437 4422 3121 536 3133 4432 3780 1758 2866 453 3886 586 4477 1345 2115 78 3200 2413 3931 3443 3545 2045 544 4671 1199 4111 4520 3403 3071 185 3656 3354 1377 1137 4043 2201 2095 2084 1573 959 2120 2678 4944 2772 2317 411 4185 1362 2812 3968 1150 769 2357 1007 1297 2620 4315 720 1679 3259 35 1965 2275 3108 619 4622 3903 2707 3274 1912 1930 2855 1305 3933 3703 4417 387 315 1579 4271 4358 2263 1873 368 3616 4898 931 602 2236 3652 2617 3114 4261 4668 1769 2774 3432 3618 4064 259 274 1375 604 4277 2405 1621 2480 233 165 1339 2450
1665 1152 3762 1642 292 4263 3287 3967 3017 2811 1245 2840 4964 2156 3452 4130 4666 4858 2370 276 4009 802 2110 95 3684 4631 774 838 2066 2612 4589 471 2148 2814 1076 367 2252 1783 4011 2197 3417 3847 1900 1578 3926 3296 540 3140 4902 4126 1708 3075 1540 2281 4039 3611 4192 2999 334 3559 1230 1158 2900 2385 3374 221 3879 2571 1511 1564 905 4109 4049 3038 4664 2354 1708 2296 2631 3698 3220 3787 3003 4750 1608 1584 808 4688 593 3239 4035 3485 3550 4978 3523 358 274 1127 1610 819 2297 3195 2337 4163 93 1871 944 1484 763 4402 2051 3062 3306 3024 3264 4847 2931 1769 3426 417 3721 4099 3828 1340 1761 937 4847 2517 4626 1566 900 17 183 3201 685 4812 1796 1598 630 4053 1730 4580 2303 2489 3431 2147 1750 4227 1569 4863 3608 4990 1090 2964 2036 1793 4082 4873 1666 3130 4052 2815 3294 1624 342 1800 4467 586 4569 3493 670 2938 2875 2081 4869 175 920 38 2402 1393
3822 2358 2652 148 1346 3792 3967 4633 1815 4036 4390 3706 4143 1268 188 4408 1445 4392 1542 4173 1051 3427 695 4027 2328 86 1701 2738 4698 2591 1075 3069 539 2060 1557 1871 2486 1575 3497 1000 3990 3397 435 2652 418 2810 3343 4942 1793 4379 1181 1321 1059 3856 2456 2484 1535 4211 1855 4706 3521 468 1814 3890 2725 1790 2451 2841 305 425 473 4830 1787 4885 4365 3389 4380 1805 4657 837 2146 4024 2088 1462 2296 2434 745 4120 739 3414 3046 439 858 354 501 1959 1682 3979 2272 4480 1425 2037 4430 2030 3955 4314 2757 3014 3897 1255 2353 2907 1560 3378 2195 3069 1124 3820 4987 3924 3976 4375 1119 4229 1478 639 4143 2178 3010 3625 2742 2356 308 3528 1435 2057 3212 2106 684 1236 2703 978 4519 2670 4768 818 68 2823 3715 4668 2991 2589 4923 3807 1652 1674 3840 444 2228 2217 2436 1577 1900 2802 4413 902 4187 4618 1517 2321 3138 213 4556 229 3774 4118 4301 4206 914 1253
1752 184 3703 58 1426 4723 3017 1815 3829 2533 3271 177 2203 4006 4503 1854 3728 2301 2632 3322 3696 3641 2225 3520 1206 4891 4079 1592 1096 3144 4774 1048 564 3675 4312 4996 189 3049 44 1467 3971 3915 2349 4152 3612 3895 4713 1274 239 1893 636 1274 209 2917 2366 1386 3835 4250 2329 3327 3926 4224 131 1558 453 4056 2239 1911 3301 1078 999 2941 1566 155 4591 4008 4885 70 2199 140 1596 2832 2483 2685 4484 1693 271 968 2688 537 3954 1532 3949 1000 2702 1129 29 1065 4221 3071 4342 334 4900 1403 1744 2286 2681 947 2272 2799 1080 1969 4100 2719 775 4823 1371 1329 840 2110 814 1405 1952 4856 1113 3727 601 1124 3385 4889 1558 2571 3522 95 582 3676 2457 3688 4836 1348 2961 4688 1116 905 3708 1741 3330 3761 4800 4927 4419 2171 149 3152 715 1333 2916 4468 3275 839 1595 340 4934 2339 1164 2855 247 897 1897 2305 1636 3298 4870 163 3596 4197 863 720 523 2857
1359 3896 3024 1834 3152 4541 2811 4036 2533 1334 1650 555 3524 1112 4495 4825 4751 1919 739 198 2510 408 4220 4408 4946 3825 2536 88 1411 2625 3021 1014 4685 1753 3821 2622 3824 1338 1634 3163 3947 4098 2363 4561 606 1452 1374 2808 2348 1054 688 3236 4207 4921 1545 821 4805 1387 252 1978 4640 2250 1262 3483 478 1439 1270 3289 2332 4892 4025 4198 2725 4766 4997 3715 4886 3340 2315 4370 3583 1949 840 452 1341 3556 1615 3274 2584 1083 611 1501 660 1800 1921 4879 2809 374 809 3570 4510 4530 1707 3985 729 1924 2971 693 27 458 4258 3814 1257 2858 2954 130 3388 911 2039 3109 4076 2790 4762 3271 2525 1008 176 3987 4505 2637 3343 1189 2160 792 2028 2850 1340 1235 3038 1206 3268 2728 17 4875 3415 2450 3613 2265 3157 4900 2690 313 834 921 4233 3496 2900 491 317 4173 3657 4384 4538 491 3001 783 1307 3169 4368 1755 96 1855 3233 3940 2215 4125 488 1923 2471 50
692 993 2517 2602 3327 955 1245 4390 3271 1650 2827 465 915 3757 836 616 402 4869 1358 131 312 4593 2442 3684 4526 339 3041 2197 3940 41 1068 23 1050 4861 4115 832 4302 2220 733 3075 3889 1705 1343 1170 2785 34 438 1159 322 892 1304 1738 2974 3323 2678 160 2302 1246 111 667 2264 2174 375 3218 176 2622 1480 4310 2770 4747 3237 2780 2671 4660 1650 2847 2617 857 4735 343 774 4179 92 2596 1996 2432 4505 4028 851 810 3472 3593 370 1811 4749 4569 3590 3435 4656 3013 1503 3561 1096 4119 840 1939 4649 3300 3366 4227 780 3596 3400 3713 1834 1343 1857 2250 3360 3754 4568 4161 2272 813 785 3790 206 120 531 4804 1704 829 4024 3634 1976 2156 555 959 2120 1916 1901 2334 1541 4690 347 2964 4542 1186 3164 2002 4364 4026 3309 1840 1736 4199 4307 1352 2170 1136 868 2627 3821 3130 3996 4131 1739 4828 4818 3500 2648 4536 1153 4683 3952 2735 1209 4107 437 4939
1953 438 4803 2058 3130 4438 2840 3706 177 555 465 4292 3968 2792 4850 770 495 3014 597 2940 253 3793 2273 4180 1935 1777 2488 1391 1002 776 941 4010 631 3528 1988 2730 3025 2309 4903 4714 490 831 3666 1732 3475 864 861 73 2888 77 440 2082 4232 3451 239 1815 1172 2937 2042 4500 3311 196 2137 1765 4267 1850 3632 961 3752 449 2380 4578 2590 744 3386 1313 1053 4955 3428 4256 2530 4756 1542 1060 2672 4003 2640 4075 3979 3426 33 847 2360 4864 1928 4581 4402 391 2017 302 742 1786 2658 3958 1842 1310 2928 4084 640 4815 3243 2463 1323 1252 1544 1232 2472 4252 482 3009 3397 1165 233 1683 2696 478 2912 1605 876 1734 775 2342 2113 4763 1839 2574 3693 3555 2753 4177 1646 3409 4777 2002 4458 2951 3228 356 3233 1709 3338 2126 1875 2422 326 2943 2968 4572 1223 1909 1381 487 521 92 4239 4216 3357 2977 4139 696 412 787 1571 1476 1970 4631 589 3577 1830 649
3421 4051 3172 2725 4772 2771 4964 4143 2203 3524 915 3968 2902 1762 4776 1352 1564 2996 1685 2322 4483 2029 940 4818 3963 278 282 4020 2858 4718 3010 3030 1498 4295 1328 3029 3211 2029 848 3169 4064 4568 3612 1306 4533 1879 739 2400 1976 3909 2068 4781 2522 1361 109 3138 320 3570 2425 3203 4202 3311 3519 4420 4053 3752 4153 1996 2042 3854 4440 712 37 4341 3528 4533 2509 4250 945 2205 4550 3001 4805 1797 1465 1088 722 4269 918 1786 4224 4321 2031 3297 757 3602 3520 3591 645 3541 2797 948 2353 3477 4075 370 1678 3840 1333 739 1661 3253 1537 3727 4806 4901 2647 981 4292 1581 1144 1161 3457 2701 3589 480 2404 1341 1414 2907 579 1866 2507 2470 3506 3568 3015 1326 2915 692 2711 378 1976 3374 3346 2556 20 3289 1009 1055 1604 1397 1803 3916 2508 2099 3231 3063 3824 3163 2495 3046 445 2444 182 2719 4986 4127 532 1016 2618 1131 4155 4022 2131 3408 682 4993 2049 2385
1387 799 2343 1872 4123 4266 2156 1268 4006 1112 3757 2792 1762 3473 2986 4196 3685 1668 1180 4038 3824 3325 4646 4124 2440 2805 3950 2322 4369 3317 2351 554 3643 587 4904 4493 127 3791 209 2160 2921 2813 2402 4223 160 4204 4582 2027 128 1997 84 952 1667 3707 2825 4573 1094 183 3509 740 4965 3978 179 1825 3530 3914 1824 2183 1406 3083 2607 1814 413 2977 1543 128 3535 2058 4681 1065 3481 3983 1740 3534 1108 4510 3754 2266 1764 4087 4582 3046 3456 3806 370 4045 4040 4369 3344 1640 1362 2112 431 667 3463 1170 1843 2115 3947 1469 550 3641 3325 3464 2837 516 4240 3042 654 1322 3777 4538 535 2519 2575 3163 2036 4176 1458 739 989 4621 1372 2838 1068 4677 728 2112 4810 1141 2911 1761 3572 2353 1268 1547 3108 375 2306 2133 1170 3889 3330 2177 2891 3823 3650 2916 4197 4799 658 422 3399 2705 3573 4844 3679 2882 1147 4361 1144 723 4868 3830 3246 2367 3711 2479 3380 4062
1527 1439 1504 2404 3042 2657 3452 188 4503 4495 836 4850 4776 2986 3371 1439 4700 1295 4628 4507 2238 3301 4153 1095 3450 552 2193 4445 724 2496 3637 3114 499 692 2649 1881 2962 3377 4462 4022 976 442 510 1070 246 14 4833 3019 4073 267 3994 947 140 2178 2733 662 1908 4275 3294 970 773 2484 1055 2626 3065 811 3550 3378 437 524 2953 3960 4179 4046 1958 3162 59 4053 2757 3867 4404 4913 1732 4376 2972 1020 3833 762 2010 4618 3267 3290 3893 1842 1822 4949 1450 353 3805 1660 3131 1330 1096 808 4076 2525 1560 3331 469 4725 4347 2983 1033 3654 3060 1734 4332 2658 1964 3229 3046 2882 1135 2560 4648 3778 4227 1432 3952 3275 3019 1132 1070 432 971 480 4509 4731 3694 3354 3313 3081 4908 1407 1455 162 1721 3999 3928 173 3308 995 130 3989 3957 2832 1383 2417 4671 2605 2998 4492 3932 4788 280 3453 2817 2791 2288 1854 4712 581 3454 1482 3926 1604 828 3247 2373 1391
3294 1729 247 2156 3287 4566 4130 4408 1854 4825 616 770 1352 4196 1439 2841 235 1507 3053 127 2457 4112 4306 4384 2133 1069 4639 2655 2742 3920 2501 4895 4109 4259 4778 2307 1699 4520 4035 3635 3949 3837 674 3404 3843 1718 2939 86 4615 2365 1077 4475 3370 4329 1906 1117 3448 1237 3484 423 1340 2631 435 688 3178 4447 1271 4473 268 3174 4692 1633 4121 1617 1170 3077 4095 1822 2210 675 4688 1997 2295 475 2871 4471 770 3144 839 3947 3088 4849 4831 570 3398 2342 4314 3688 2097 27 2795 2184 4710 2790 2168 3935 2227 4797 1114 2751 4853 2484 396 2944 3621 3441 184 4337 695 62 4094 269 3244 989 1354 332 1103 2361 3783 2325 915 2081 1447 1020 1747 456 1257 1509 2920 1493 2584 2680 4087 4866 4520 4701 4052 4174 1086 3632 2742 2402 1369 4384 2496 895 651 3372 3036 1194 3374 3506 442 4891 1103 3549 3979 3898 1002 3052 134 1814 29 432 1290 1443 4721 3388 4243 915
1399 3309 2642 2973 1094 2044 4666 1445 3728 4751 402 495 1564 3685 4700 235 4501 2033 881 1550 4000 2711 3879 658 4357 2844 977 4249 1544 541 4056 962 350 3525 4472 4581 39 4472 3671 2467 1495 4087 4237 297 2113 455 160 2711 2146 2059 1447 2371 1757 976 3303 3955 3919 1842 3645 2036 3486 4827 3581 1897 1204 779 1612 2325 741 4966 2476 3637 2070 1971 1371 1664 1832 4478 1925 326 14 2814 3862 1312 3903 4505 4824 4670 1826 4661 4757 3140 2607 4231 2180 4098 1711 2981 1495 4290 597 3728 4475 1077 1314 1604 3478 4699 609 2990 4968 1046 2837 3875 4049 4872 879 4412 4196 1976 1140 1922 2405 1802 1462 1112 4390 1195 1445 2196 3014 599 2891 3649 4138 3880 179 3005 2234 4810 1007 1868 2945 882 528 2812 2958 3954 2752 4956 2938 3509 2809 2282 2280 4166 4226 4393 1736 4890 4900 2479 4051 4726 53 3122 2412 3084 3397 1214 4074 146 2742 1524 1720 2125 3330 2123 1789 1038
2530 4730 319 2096 3643 742 4858 4392 2301 1919 4869 3014 2996 1668 1295 1507 2033 1634 2123 230 4139 3601 4569 2616 4773 3083 4384 3753 2631 1085 861 4139 2107 3668 3656 349 4150 2249 4165 2760 2187 446 1851 2828 1657 3964 2640 4992 4781 4518 2770 949 3158 1640 2227 2920 930 3147 598 2286 3832 3463 4869 4550 3714 3605 550 4861 1882 3593 1578 2118 4658 3259 1117 1099 1806 1230 1981 2436 201 1704 2614 2228 4539 3531 4001 2472 61 4469 4907 2587 4164 747 1790 1676 272 4577 589 2819 2162 1475 2956 1889 4916 4980 103 2063 1317 4271 4285 2282 2010 181 20 3771 1855 333 93 3897 4741 904 643 1675 4430 3426 2165 4391 3531 3354 4899 1366 129 2284 3699 1781 2485 4887 2879 676 1533 486 2948 1551 883 1575 4197 3621 1275 1603 1419 4855 2938 1624 3428 1977 3397 4414 2667 2914 1993 102 1748 4987 4131 1851 3271 1844 3309 3497 3822 910 3171 1805 4102 2882 1806 843 3481 4945
2352 4618 1380 3296 3773 2934 2370 1542 2632 739 1358 597 1685 1180 4628 3053 881 2123 3458 3273 2922 114 2388 2263 3108 186 1599 249 3454 4433 2255 2206 1192 66 3915 2881 985 4435 2525 335 3586 2533 2415 1517 4771 3921 4402 3224 2634 1778 1480 4963 2018 1206 3287 617 4157 1905 1750 1835 1964 2453 2588 698 1152 536 1685 1590 2383 2675 1002 235 114 528 2263 4837 939 4872 21 3933 1122 974 3047 1302 2452 773 2015 4698 2293 1351 394 2389 4622 3127 4612 490 4068 3552 944 4715 4102 33 2591 4306 3258 4778 3049 4537 942 4051 4827 880 1390 4813 3345 3190 4897 3690 4846 667 244 1375 4184 3852 556 3687 1091 3503 1045 3002 4771 3997 3985 4891 2410 978 1981 3353 2924 2530 4622 3292 4270 1159 651 1139 3064 4762 792 2652 678 4539 49 2782 3475 4860 1965 2123 3047 3833 893 4958 3391 1524 4777 1179 4527 4187 2331 4646 371 1098 340 4221 4844 2877 4643 3373 4797 4415
1535 1282 4045 2935 2044 4490 276 4173 3322 198 131 2940 2322 4038 4507 127 1550 230 3273 2637 3177 2441 1970 2564 1700 2564 3378 276 3749 2571 1409 1749 4190 4201 4332 3753 1208 2046 1598 1254 1389 808 1282 1666 538 4019 4293 4086 1469 34 1759 324 4710 4500 2063 1500 133 4121 4064 2770 3564 176 2394 3396 398 414 1795 4888 233 2834 189 114 1427 933 534 2759 1036 3880 3904 1149 203 2413 1437 623 413 762 1960 3469 1372 4986 1856 1472 3759 730 4896 2232 2420 4973 3675 587 4299 2181 4602 740 2752 3280 3150 2539 563 2721 1038 4437 4390 1836 197 525 3233 1788 2840 2084 3817 1026 401 382 4265 3442 369 3526 1114 1106 738 89 502 607 3362 3549 3099 3480 1903 79 4695 2543 2273 2220 1362 3453 3215 2483 2555 3207 4936 2871 1993 3100 4441 4594 2783 1676 1728 520 1053 2720 160 1010 846 822 911 2626 1885 561 123 3938 3878 685 916 4932 1286 927 4046 4171
1683 317 1205 3604 167 4700 4009 1051 3696 2510 312 253 4483 3824 2238 2457 4000 4139 2922 3177 4876 4135 4316 4480 2400 4068 2383 3880 2565 4249 4906 4375 2205 395 795 1032 136 2341 4692 4482 2400 1550 253 4891 322 4446 1333 2489 4792 626 1288 1478 297 2128 792 4947 4409 177 3441 3880 3752 3869 2612 4644 1427 852 1018 3328 3380 2126 4613 4176 1592 4983 2004 2212 4455 1687 3890 3655 1177 612 2745 2301 1496 180 3069 1711 1085 4480 2896 1710 4726 1567 3807 499 947 4015 4948 595 2780 1290 3223 405 1680 2766 2659 1283 4018 3421 1546 2391 3805 3860 317 2639 114 741 3580 825 1813 1900 4869 932 2899 553 2311 2732 1472 374 2484 3474 3025 2926 4992 2962 692 1214 2987 4766 4078 620 4496 2707 829 4675 2364 674 143 2831 800 3931 409 1828 3936 4716 2722 3064 47 2806 567 3332 152 3560 113 1106 3234 4163 3503 4129 3649 4200 208 325 2813 3339 772 4989 2507 3808
1309 3473 1653 2809 4748 4087 802 3427 3641 408 4593 3793 2029 3325 3301 4112 2711 3601 114 2441 4135 1322 2109 109 2381 665 731 1846 4045 630 2934 2033 1223 476 781 3986 3933 1997 3020 4700 2170 2622 3419 1686 1783 2186 4251 4245 1030 1657 2442 2826 3914 3791 4763 1175 4146 2103 2950 4231 3827 2406 818 306 736 2738 3055 4740 4651 4954 1746 2173 2065 805 1311 2011 504 4766 2550 921 3684 1961 808 2276 4565 3190 1394 2968 1240 4239 4974 2265 1286 2938 22 4922 4187 2676 1879 3350 3624 931 4076 4736 4374 3269 1640 2398 39 3197 4121 1856 2285 4880 4720 1693 57 2309 2143 2297 4787 884 722 4152 3315 4680 1257 4566 4502 1072 3409 2242 2210 18 2084 2823 4451 2075 3062 1142 3900 3216 486 4930 1176 272 3526 1051 2144 1870 4593 1715 1023 630 2218 3926 688 829 4327 4053 3403 2639 176 3022 353 740 820 1931 3045 1323 1503 3754 1829 2763 1179 1980 3215 120 459 2863
2085 573 1640 1553 3117 1071 2110 695 2225 4220 2442 2273 940 4646 4153 4306 3879 4569 2388 1970 4316 2109 73 2903 4226 4669 321 1193 4575 3136 2342 1824 4430 1460 4829 3580 2178 4361 3027 1612 340 2667 1044 4521 4330 3118 2784 2375 1759 3539 2519 1482 2424 1122 2146 1261 3395 3222 3274 4733 1020 2824 4971 1742 4936 1246 1549 4898 324 3227 35 3714 1635 996 995 4592 2803 4872 2540 4876 1578 329 2090 2605 299 4291 4616 597 864 4477 3804 3303 131 4215 4923 1714 3198 3754 1512 746 4983 3899 4893 4023 79 208 4093 2696 1663 3206 2180 3577 1234 2395 141 4457 1688 4182 3005 2702 4353 954 1124 4312 2635 552 3664 249 10 2998 3962 3663 347 917 1965 4314 893 3309 1379 2895 575 411 3176 3024 2589 3302 1885 4661 2107 1476 1127 2380 615 4546 4422 912 4590 3401 406 55 4018 42 1632 1202 2811 4845 1297 1219 3008 517 1678 2401 1673 879 1991 284 486 4179 4607 4947
1691 3201 1598 3940 1280 1922 95 4027 3520 4408 3684 4180 4818 4124 1095 4384 658 2616 2263 2564 4480 109 2903 1236 186 378 3233 976 938 4443 4094 4192 49 1050 367 4316 4445 1565 2443 387 1313 4423 4058 1636 103 2980 3050 1060 4741 4664 3144 4210 509 1425 392 4484 352 4326 1103 3230 4470 4785 1180 4150 3120 3989 2399 2930 4296 1214 4244 1313 3881 4551 2744 1539 2555 1078 4570 3566 445 419 2078 3307 741 3062 52 4745 1047 1541 3299 820 4500 2240 3823 132 2110 2075 2106 405 4191 3083 178 1787 2909 1175 158 4710 1697 490 1026 1821 4163 3275 3868 4697 2163 40 4067 2569 3176 577 1704 3388 2334 2941 3976 3086 2268 2770 4252 4680 702 1669 3457 1457 1656 2174 3385 943 4625 2119 3969 1021 367 258 3423 346 1112 353 4310 4476 2689 4036 2004 3683 684 4383 3100 3102 4663 3020 3883 3804 1851 1753 4035 607 3227 4131 4167 1918 4868 4051 3157 4934 534 3089 4589 482
1936 3147 1936 1000 3339 2087 3684 2328 1206 4946 4526 1935 3963 2440 3450 2133 4357 4773 3108 1700 2400 2381 4226 186 2552 1258 4365 936 3623 1383 3623 28 1503 2554 2604 3924 3499 2142 1871 3259 850 2327 3225 555 1377 1376 4087 2656 4076 2806 2788 1562 3971 4049 2411 1261 3468 1935 835 648 1551 3213 836 4642 1198 2916 167 761 128 3556 2619 3368 746 4620 336 2569 581 1790 2291 3243 4611 3980 2930 3732 3768 2742 91 4355 1584 3913 3880 1163 1885 2928 4403 2616 1135 709 2991 3641 2243 1425 3276 2435 497 3881 4825 2894 94 1878 2292 3587 167 1152 908 19 4362 2661 3908 1940 3918 2639 2211 4256 2675 2154 345 1580 2780 4033 84 1491 2968 897 1122 4777 2016 1279 109 3025 4556 3723 4029 3258 2661 4391 2603 3534 4620 3160 4703 2674 1965 968 2681 3920 1170 3880 801 3316 2776 1099 2015 4043 825 3946 2517 3716 1322 2673 4256 2209 904 3924 4528 575 4518 3460 1866 4573
1336 696 2578 1856 4778 3360 4631 86 4891 3825 339 1777 278 2805 552 1069 2844 3083 186 2564 4068 665 4669 378 1258 1736 1292 3623 3652 1535 1652 4020 725 4755 541 3074 1908 3129 409 1393 899 4950 1639 233 4052 667 4472 2884 4983 1879 4995 2431 2421 790 2456 2153 2247 4889 691 2244 939 59 1979 2702 4371 1648 3894 3020 1678 927 2476 1448 4618 4801 3345 4928 414 1588 4113 3369 1373 3923 4389 2315 1890 146 3314 4787 126 1490 189 2919 3928 2496 281 252 4417 2743 2089 1459 4412 2705 3106 1723 2176 1129 4214 4368 3424 3435 1354 678 1114 527 2624 4528 2425 4448 87 1503 1142 3825 596 3667 3942 1393 3796 4425 128 3358 132 2855 3243 1340 4315 185 336 4453 3482 3520 1757 4597 2769 4868 4859 3147 47 398 1144 2315 995 4120 2952 2268 530 48 801 717 3551 2852 488 1819 3526 2656 2570 2874 2273 2292 4578 800 1414 1993 1044 299 1381 2238 1851 1198 299 1761
2387 4611 3129 4406 4197 2488 774 1701 4079 2536 3041 2488 282 3950 2193 4639 977 4384 1599 3378 2383 731 321 3233 4365 1292 1642 3299 3268 2686 2288 1647 303 1485 1008 267 1404 3081 2015 2593 991 1958 1418 3586 524 3263 1258 938 119 3858 2216 2210 1462 3872 3345 1755 1713 1358 2477 2869 4473 3014 2132 3257 2727 53 571 1735 371 2355 654 2759 101 4112 3470 1799 4707 2232 2953 1632 4279 1450 3797 4300 787 1769 1027 1546 1577 3030 4993 480 4994 4835 2358 731 3305 4818 1959 1465 3665 1346 4693 2371 4536 915 992 2084 1490 4063 2560 2806 992 845 3883 3933 197 3943 3671 1732 235 80 3768 4357 2255 2206 2826 2539 430 401 313 3154 4763 454 3042 1028 3237 3326 3988 1533 1732 514 1659 3304 1229 3830 3543 3816 4622 1538 4721 3142 103 3426 3097 4317 3215 1517 854 3629 3095 1044 3180 78 2648 3669 4510 1637 2152 3510 4338 4010 2331 4327 2759 3109 1651 1777 4935 3889
524 2228 2625 2978 2994 223 838 2738 1592 88 2197 1391 4020 2322 4445 2655 4249 3753 249 276 3880 1846 1193 976 936 3623 3299 4862 2344 4968 3844 2932 774 3424 1671 3339 2571 1358 1201 3933 1708 987 754 4690 406 30 4954 4409 2095 2667 4312 4918 2115 3298 233 1294 1828 4345 85 2068 326 799 4979 4077 2541 2842 478 1048 1142 3002 261 4745 2718 2088 2894 4331 580 3635 2604 4364 1147 3397 1520 1807 2073 3856 1228 4255 3100 3141 4186 4825 115 1649 2491 1548 1191 92 1456 264 3592 94 4649 2785 4552 3953 260 3791 4542 2077 4756 257 4011 1365 3578 1824 2631 1715 3559 4622 3987 3509 2235 3217 3509 1062 820 4262 4631 2633 2247 1973 2188 2654 2614 3589 2462 3689 4200 1434 1947 1840 1917 496 3311 2042 2983 2657 2217 2174 3386 599 2339 644 4507 759 1424 1348 4915 1070 2218 3899 4998 2734 2877 4589 3379 1354 4416 4659 4723 1346 1291 4875 1914 1409 913 4025 1175 1209
1438 2037 1094 512 1026 4718 2066 4698 1096 1411 3940 1002 2858 4369 724 2742 1544 2631 3454 3749 2565 4045 4575 938 3623 3652 3268 2344 4626 2376 3303 2282 1810 3120 1166 1850 3236 1792 2542 2629 3167 4315 2687 4867 610 1933 1066 4152 56 3297 4177 1760 4996 3234 4729 3754 187 2649 1295 1839 2572 4950 1476 4283 3302 3689 1078 4664 3567 2879 4896 3467 1365 4941 4153 1454 887 2157 2866 2782 2151 1991 2879 2287 738 526 1461 3412 1828 2330 3232 2740 4202 487 4585 176 1031 2055 2021 3249 1392 3605 605 3066 1694 4973 3586 4632 3667 3558 1431 2759 1034 386 2503 1377 3619 865 1055 793 320 3487 2034 4801 627 3513 4143 2291 2974 416 2066 282 4866 2111 595 2278 1880 4589 1099 3180 1634 3836 2091 1634 2842 2340 3878 215 3848 3975 3496 717 2805 248 843 2027 350 4913 1309 4628 3999 743 3351 3664 291 4503 4330 4004 4930 4491 3102 1499 2686 1304 927 389 2388 1637 2249 3457
257 1850 3420 2613 3997 2294 2612 2591 3144 2625 41 776 4718 3317 2496 3920 541 1085 4433 2571 4249 630 3136 4443 1383 1535 2686 4968 2376 4083 519 2966 3210 4655 3664 3553 1999 767 1153 2504 2538 1008 3183 760 486 1151 1214 1036 833 3591 1185 2574 1372 1976 418 2523 1572 2300 4175 4160 1085 1505 2879 809 4630 4982 4997 3624 3984 4177 362 4259 1263 3154 4099 1047 3459 1945 4716 2667 3482 4340 4372 799 3786 2030 3785 1700 596 1976 4666 2023 2588 4895 2707 2536 3625 370 578 2952 306 3022 3132 1460 1601 2364 3943 1665 4196 2466 3868 439 168 4208 1116 747 353 795 4963 2239 1868 2861 3260 2264 1715 2931 3509 337 4208 1052 1455 3372 3764 2933 97 4790 3458 289 3878 522 4598 4974 4117 3544 1815 2608 3152 1231 2637 3954 2475 4097 4860 216 1772 3572 1878 4576 4704 600 2150 2027 3820 4279 275 3638 4040 1037 1360 2383 3179 244 1501 2886 3293 3239 1043 2055 1341 1690
3538 2800 1083 2370 1662 1102 4589 1075 4774 3021 1068 941 3010 2351 3637 2501 4056 861 2255 1409 4906 2934 2342 4094 3623 1652 2288 3844 3303 519 2133 4146 2499 1356 4745 3537 775 4622 32 821 3333 3821 4889 3541 2887 327 4941 2978 1263 2099 2861 1339 1699 4277 3144 4784 2732 3910 4936 3541 2148 2785 473 3236 1197 4739 3268 4959 4303 416 3945 1569 206 2635 399 805 4594 3095 2842 4731 248 1626 560 4680 2565 2184 2329 3348 4886 3484 4000 520 2824 810 46 4811 202 350 237 1403 2890 4842 4230 3810 1519 3505 2061 4450 2421 950 709 309 3925 752 2247 310 1428 3437 4416 1477 1004 2118 3879 4028 3156 4616 3061 1616 4497 2772 2892 4217 4633 4109 4205 4622 1326 132 435 1310 879 3795 2967 1849 255 380 1423 848 1201 108 1775 2676 1746 4801 265 3302 3846 2566 4546 3408 4147 1374 1815 3898 225 4344 1279 2794 3718 1106 2935 3816 3805 3197 2912 2951 2820 3143 256 652
3790 1104 3619 4856 215 1476 471 3069 1048 1014 23 4010 3030 554 3114 4895 962 4139 2206 1749 4375 2033 1824 4192 28 4020 1647 2932 2282 2966 4146 4655 3950 4033 3615 306 1782 2762 1242 414 3701 938 1905 4794 4736 243 3692 2037 707 627 405 4050 3025 3235 2977 1706 129 14 1477 189 3704 2364 546 4290 47 247 37 2250 668 2276 1713 4902 2375 135 2950 4629 3739 1847 2218 914 681 1519 4056 1924 2162 532 2822 2583 2942 2796 1236 3540 2359 2772 2130 2796 2320 593 2361 3586 2655 3074 3657 1629 188 1813 545 514 3583 3439 1747 3559 3538 1633 193 1149 1972 1271 2477 631 1358 1620 1754 754 3338 1446 919 2183 2572 4432 632 921 999 2559 2528 4249 1306 3891 3561 4336 3159 4035 1096 814 2221 1406 489 4550 3705 3568 161 703 3641 1548 4403 2387 834 3358 3468 2696 2587 2103 3976 1800 2527 2399 3038 3977 4533 1459 3194 2627 2678 604 3440 564 3935 159 3878 2524
567 2328 1815 2709 3685 2413 2148 539 564 4685 1050 631 1498 3643 499 4109 350 2107 1192 4190 2205 1223 4430 49 1503 725 303 774 1810 3210 2499 3950 118 2819 1408 3920 4565 4809 2332 2716 2814 4516 380 2365 3931 4625 3182 4251 1050 739 87 799 1850 3241 65 3399 209 3653 3816 3466 2355 4158 889 4894 3694 289 3076 595 2947 3289 3015 975 532 3741 1152 1966 1059 4632 413 1958 4109 3647 2727 3316 3102 539 3565 196 1155 1075 3095 3142 1246 3965 4262 1029 2254 1688 3841 2296 2092 883 1618 4416 4484 447 1027 3177 2302 3503 4917 4270 1212 1988 4839 4975 1006 597 1235 3246 1735 146 679 2030 3884 3821 3824 3859 1247 2340 3669 1217 4355 1986 3410 2408 1918 2516 1427 3315 1502 4367 3686 4537 1326 4759 487 3310 4477 2234 4679 2967 4036 2853 1820 3768 586 4345 2926 4716 4898 3163 2005 2640 2215 3841 2458 325 3722 2510 4900 3878 2094 2103 2136 1473 4928 3668 2524 4911
1191 4301 2524 310 2767 1785 2814 2060 3675 1753 4861 3528 4295 587 692 4259 3525 3668 66 4201 395 476 1460 1050 2554 4755 1485 3424 3120 4655 1356 4033 2819 3514 233 4553 153 843 4640 2518 3329 4954 2061 3883 4955 1231 2358 1672 1920 4469 3507 3132 2642 4052 310 2421 431 2803 2582 1764 3089 3170 780 1486 3684 491 1543 1018 3440 3163 2535 482 1480 2989 4295 3532 4506 465 3706 4602 1318 3607 906 3814 567 4573 2313 2480 4121 4036 212 4337 812 4438 1468 909 3273 1957 3851 1228 4812 3849 2286 4906 3625 1091 4668 2858 3384 4859 1717 3892 1054 595 258 2946 4209 4671 1832 4740 1533 1080 919 4207 4007 626 1304 2949 2959 1486 1248 3271 4206 2088 4859 4977 1246 4051 2091 4826 920 4839 4685 2843 3632 2400 3891 3618 4028 2609 2019 2884 2906 547 1395 4574 2578 897 4443 3376 1173 2640 4877 4395 2697 3449 645 434 967 1088 2903 1156 1139 1256 754 4554 3926 2832 2035 3525
3508 993 2046 2792 2488 1935 1076 1557 4312 3821 4115 1988 1328 4904 2649 4778 4472 3656 3915 4332 795 781 4829 367 2604 541 1008 1671 1166 3664 4745 3615 1408 233 2134 4005 3464 943 4925 703 3530 2904 1713 11 1922 1298 3135 2571 1967 4554 2106 4472 3684 665 326 2391 1388 3013 3696 4044 1459 4505 2438 3982 2628 4989 274 26 929 1449 277 1365 2507 3536 2105 3921 478 949 487 3065 1726 4176 3097 4570 3902 4080 2077 3241 995 4190 3596 2671 2295 651 744 4480 462 4825 301 343 451 2750 3109 2713 4211 2378 3681 2909 4201 4068 2316 4907 2856 2492 4166 2424 2834 2827 4340 2760 3373 2063 820 853 4314 2850 4881 3901 4407 188 3085 3208 4156 2841 1352 146 378 1816 3876 909 3456 4423 3729 4543 2551 4271 3708 1809 4033 4502 4838 3551 1919 4681 3193 3114 2855 1155 3934 2796 3216 4147 1299 3265 2671 510 4252 1593 2610 4886 2041 2169 4929 655 512 4356 3082 3328 4917 653
722 1591 3674 2521 121 656 367 1871 4996 2622 832 2730 3029 4493 1881 2307 4581 349 2881 3753 1032 3986 3580 4316 3924 3074 267 3339 1850 3553 3537 306 3920 4553 4005 4120 2144 3322 2397 3194 857 1003 4199 1130 3940 887 3099 4891 4031 4909 2225 1841 4644 1012 2766 4624 229 1289 3320 1733 338 2002 65 2512 4077 2805 1576 509 2237 2916 1847 3752 2166 3115 169 4175 2098 4014 3499 1523 4341 4557 1261 4296 2267 3881 391 2203 480 4711 1000 2064 2384 443 3234 4655 4911 4306 4625 1979 4586 666 323 1008 4782 3458 4561 3116 2819 2090 1948 526 4031 4841 4526 3633 1310 3043 4907 3778 3246 1200 3392 2700 842 1187 2514 946 709 2416 4467 4563 1959 4096 211 77 4180 991 2030 2094 3593 4919 3032 1658 1513 388 4315 237 4240 2478 3350 36 31 3349 677 4275 4641 729 3478 2576 3939 2496 3981 2338 4427 3248 332 2050 1122 4909 3391 3088 3952 2868 2248 1805 2351 2917 2827 2432
1358 1239 2279 4653 4588 4889 2252 2486 189 3824 4302 3025 3211 127 2962 1699 39 4150 985 1208 136 3933 2178 4445 3499 1908 1404 2571 3236 1999 775 1782 4565 153 3464 2144 713 4534 4334 2471 2543 4668 4780 46 1242 3218 2016 3287 3098 2203 2324 3828 1011 4639 778 720 2330 350 3944 3812 2872 880 2831 2066 2181 2194 1070 749 2792 4800 2005 3619 3732 31 18 1516 1156 4179 4161 3864 1899 3651 83 2600 4563 2220 700 385 1428 1855 3341 128 2871 1107 4839 2318 2384 4866 4283 3758 197 2960 2367 4589 3281 1037 312 680 622 926 3911 4240 3876 4065 2547 1969 1675 1137 445 1122 2671 1579 3202 494 2626 1029 4501 2057 1813 731 2629 3826 3758 1681 3629 1618 1390 2323 3560 3256 3844 4421 3816 2411 182 887 1701 373 1574 2937 1994 1525 1870 3070 2628 696 700 2923 895 3544 361 750 2490 2278 2832 2885 1331 127 3519 2540 1713 1111 307 4389 4928 1468 2278 2802 2045 2225
4162 3694 892 4942 1255 2092 1783 1575 3049 1338 2220 2309 2029 3791 3377 4520 4472 2249 4435 2046 2341 1997 4361 1565 2142 3129 3081 1358 1792 767 4622 2762 4809 843 943 3322 4534 3089 335 3587 4740 4581 1229 2187 3289 899 3945 2681 1299 3061 1035 734 2691 267 4488 686 2821 3017 4286 3673 4875 2410 1975 2641 447 2083 3589 344 649 305 1619 1509 507 4481 3048 1466 1331 2243 3567 1540 3311 2342 82 3463 3123 2994 3384 921 4878 2418 1868 4750 2223 3580 2815 2253 4141 726 366 930 4537 1627 3623 1576 2807 4956 950 4972 694 2104 785 1801 3165 4878 2915 2933 4967 419 3206 764 385 3259 1401 1783 494 2091 387 4109 4497 2172 3411 1045 2252 3918 4484 2346 2315 3738 2317 1235 344 3119 4890 3374 4406 1649 3809 2268 4502 399 3303 3851 61 3348 250 2853 2268 4779 652 1301 3711 341 3656 2747 3398 2277 602 1896 232 4208 1720 4976 882 2864 442 2697 2816 3958 2422 3147
2992 4813 1940 691 2484 2382 4011 3497 44 1634 733 4903 848 209 4462 4035 3671 4165 2525 1598 4692 3020 3027 2443 1871 409 2015 1201 2542 1153 32 1242 2332 4640 4925 2397 4334 335 1649 2400 4726 3822 1887 4980 1435 1661 436 431 1706 4261 994 90 917 2705 777 3299 1303 3639 955 331 231 1969 4635 381 3967 2428 2871 1646 3603 2986 4643 607 1176 3018 2199 3939 1813 1401 3075 496 813 2838 1975 1803 3736 3324 462 659 2565 953 1440 1373 3546 3131 2900 3593 4958 4761 4359 2481 2593 2667 3484 1887 3370 3203 1820 3507 4912 3092 4889 2682 1730 2663 712 1130 2351 1617 3833 4930 2879 1558 908 3084 4953 4078 2860 3760 4083 3342 2018 2384 1799 1335 4009 2455 1710 3333 3362 1542 2946 1253 2922 1678 4310 3487 3338 215 4709 3284 397 4336 3523 422 3604 3887 2178 119 2024 3117 1540 2951 1634 1884 1159 4249 897 243 1862 354 3597 491 2382 4978 2254 789 2267 1508 193 2354
4748 1449 2913 1199 3117 4226 2197 1000 1467 3163 3075 4714 3169 2160 4022 3635 2467 2760 335 1254 4482 4700 1612 387 3259 1393 2593 3933 2629 2504 821 414 2716 2518 703 3194 2471 3587 2400 4887 3681 3107 1773 472 3014 3062 1099 1832 4901 1200 2775 4904 963 2086 4694 608 548 3617 194 4323 4458 3671 2473 790 964 4566 4424 2285 4583 3154 210 2614 1554 2199 1059 239 3426 1384 3328 4089 1091 4481 1199 2383 2386 4934 2142 2662 4351 3436 1903 4367 119 2044 783 2115 4267 4723 2784 3912 767 1363 530 2621 3111 660 4674 4236 1054 3452 76 2155 1710 1086 2625 2285 1578 2255 1177 4871 4117 2095 1972 1050 3391 2614 1657 204 706 3618 4500 4914 4103 4963 35 835 3347 1855 2196 719 3288 232 1307 3864 4487 2424 2276 1880 717 1588 441 4871 1382 2849 4692 4883 12 2411 1820 4441 822 781 2330 2483 974 736 2054 1198 3428 3306 4693 2329 1507 2695 2287 3475 921 1001 3505 2835
2089 777 4357 2134 2492 4377 3417 3990 3971 3947 3889 490 4064 2921 976 3949 1495 2187 3586 1389 2400 2170 340 1313 850 899 991 1708 3167 2538 3333 3701 2814 3329 3530 857 2543 4740 4726 3681 4827 1839 2730 3245 1730 2653 79 3091 3958 2033 2024 543 1432 2119 44 4889 3788 2597 3337 1428 4326 4299 592 2083 1168 1897 3917 3309 66 3810 2416 21 2461 4199 4581 3901 4552 3020 2523 2413 2910 747 1145 28 1243 2458 1131 321 1477 1116 3783 668 581 4832 2062 1523 1753 4025 1076 3277 2439 2008 2778 2119 1802 312 2099 4798 2010 2429 428 4578 1389 1177 3336 3911 635 2890 2892 185 3350 146 106 2521 3899 3903 984 2757 4876 4268 3038 2993 438 2774 4907 3567 1167 4269 1125 2298 4000 2634 4081 4301 4398 3435 792 4097 3201 4452 3334 114 4601 4646 3050 2987 1342 2752 816 4587 3159 2293 2065 1121 1594 3535 3061 4583 4573 4219 1641 300 3047 3692 4962 2155 3141 3933 1969 4825
220 540 1555 904 3567 823 3847 3397 3915 4098 1705 831 4568 2813 442 3837 4087 446 2533 808 1550 2622 2667 4423 2327 4950 1958 987 4315 1008 3821 938 4516 4954 2904 1003 4668 4581 3822 3107 1839 421 3440 2420 3135 4996 4228 3475 1382 330 3741 1031 1214 982 3760 2013 4237 2197 954 3407 2097 954 1376 4315 3446 1983 1643 178 3232 2340 999 3272 1180 4409 4579 3522 549 2089 3913 219 4972 2997 68 1319 2190 2013 4690 3055 3488 919 2600 1901 799 399 702 1422 3169 2888 3861 1484 3070 1016 4728 1046 686 2892 280 3169 22 4524 1799 3314 4102 1874 2229 4287 3324 3101 3308 1521 4997 4600 3015 2615 2495 2072 913 3914 92 1083 3771 3555 989 1950 855 3770 911 2372 992 2993 171 2660 4703 4786 2585 1242 1008 2392 776 3334 2376 1350 4533 2155 4566 3928 4013 4511 1411 2310 2240 1441 4328 3735 4267 4191 3165 1218 3251 1162 2378 3429 4129 4815 1246 1592 113 1324 1582 2047
4068 4729 1748 3613 306 4485 1900 435 2349 2363 1343 3666 3612 2402 510 674 4237 1851 2415 1282 253 3419 1044 4058 3225 1639 1418 754 2687 3183 4889 1905 380 2061 1713 4199 4780 1229 1887 1773 2730 3440 4982 4804 1352 378 1682 586 3712 92 3113 351 2067 2444 3002 3224 2179 385 3339 3512 1554 1299 506 1909 1630 2047 911 3229 2121 1168 1588 1194 2353 3240 833 1880 3403 3229 4570 2720 654 3214 1412 4464 3573 984 2318 116 827 4179 603 577 4222 2041 1705 2070 1199 4998 3633 1911 3619 4828 2542 840 932 904 3268 4016 3454 2848 2658 2186 3372 3405 4003 1357 3204 2311 1602 3813 3989 3379 740 4955 3206 4484 614 1707 3384 607 2138 1527 500 4810 1052 164 1637 1323 3513 1780 2241 1376 2461 1849 4073 37 3708 1506 3325 1884 2643 3546 2765 588 1723 3862 2499 3163 3254 2741 3856 3790 2546 1089 404 4235 3241 871 2606 2406 276 4451 102 2643 4300 264 3632 2426 3850 1051
645 4230 4275 2467 3459 1019 1578 2652 4152 4561 1170 1732 1306 4223 1070 3404 297 2828 1517 1666 4891 1686 4521 1636 555 233 3586 4690 4867 760 3541 4794 2365 3883 11 1130 46 2187 4980 472 3245 2420 4804 1161 3620 3092 4974 1472 1103 3900 1970 4173 1776 2905 838 1212 3750 265 1513 1967 4942 2038 589 3383 2768 846 3177 2340 4680 2236 4817 2081 2857 275 4175 3991 3693 420 1072 3457 3460 3035 4558 3672 1490 4869 41 735 358 3974 3983 2975 1573 2308 2553 47 1405 1441 2194 1620 574 3004 4311 36 585 3553 2029 4334 2641 2273 2026 1673 684 563 3322 557 4671 2602 4788 1929 4252 989 2973 1434 1008 2339 3894 4031 3339 2933 1309 3352 4586 2042 1843 45 2236 2041 90 660 3523 2694 3975 334 4883 2595 3562 2681 4324 4896 773 1521 2959 4943 94 2527 1708 1514 1772 2061 1893 1195 4992 2071 2977 3796 3818 4894 2539 328 4972 2046 3604 3344 2403 3442 180 917 1398 1692
4638 3543 1848 2595 1633 1081 3926 418 3612 606 2785 3475 4533 160 246 3843 2113 1657 4771 538 322 1783 4330 103 1377 4052 524 406 610 486 2887 4736 3931 4955 1922 3940 1242 3289 1435 3014 1730 3135 1352 3620 3955 3301 1397 4119 638 4168 2889 3968 1630 3260 2979 2720 289 933 4930 4725 1680 38 3475 4021 4616 2869 1660 4526 1079 3324 2286 412 1085 4271 2884 1034 1167 2729 476 3044 2912 3358 3241 314 3368 4961 4371 808 667 4448 3594 3580 851 3100 3214 4684 2704 1846 3701 4346 351 4125 1755 2772 3207 4059 767 4383 3571 3160 449 1669 3991 3078 3291 2591 3520 4180 2700 1161 1494 1564 4129 534 4112 1370 4561 604 4955 1084 2784 2506 63 188 54 4258 3141 1929 4028 1332 2072 1203 4371 3882 3432 2726 117 4176 3622 1066 3645 2134 3436 814 1095 1615 1487 922 1148 1169 2259 609 3190 3688 1402 1892 3513 4475 3965 245 1103 4738 44 4252 3790 282 3463 3521 2697 45
