N: 180
M: 20
Symmetric: true
Triangle: false
13 67 38 92 100 121 77 143 2 150 32 80 7 177
12 10 96 106 6 101 30 126 158 135 35 76 25
8 137 28 168 29 160 164 81 17
11 86 58 18 173 136 88 68 63 161 24 70
7 175 78 115 84 151 130 141
12 33 69 39 174 82 14 89 171 31 114 129 45
9 60 99 109 111 152 144 166 15 59
6 140 1 51 37 20 71
8 105 176 48 42 50 72 165 154
9 49 95 147 167 131 110 124 54 55
9 162 23 139 179 125 9 117 83 107
9 142 94 102 146 27 5 159 91 178
5 138 36 93 98 90
10 148 119 40 26 169 108 52 75 116 11
10 153 74 163 172 43 122 53 133 149 46
11 61 34 134 85 104 16 103 112 123 79 127
6 3 155 156 118 8 157
5 65 19 64 180 87
8 73 145 47 56 170 132 57 41
12 13 128 44 97 120 4 21 12 22 62 66 113
3130 4424 1683 543 3722 3972 2768 3872 28 3065 1214 883 3360 4565 570 3020 1908 483 2024 1926 1476 4024 689 2796 4802 4646 2650 3690 693 139 4235 894 4494 3540 4626 74 1909 4437 4337 2621 2961 2166 1736 3851 4548 1797 3264 3187 3701 265 4394 1756 1848 2787 3723 688 1937 4629 817 2060 518 910 2708 2882 4884 3423 832 3560 2659 2308 3200 4421 2897 4441 910 654 1724 3880 3886 4202 2176 2502 228 4943 1807 199 1577 4223 173 2196 3909 1465 3669 4267 1728 3221 2481 338 4288 4726 21 206 2845 3748 4564 2482 3717 803 2768 3806 194 3836 3116 1516 3450 2314 1585 787 56 4931 1560 1819 1884 3122 4608 1706 1758 49 3186 4530 4287 3207 2454 4898 4364 224 3521 2968 2932 4551 4332 2747 1118 4255 2900 1669 3034 2608 4126 1081 3889 3018 2982 2078 3227 1499 4965 4111 1563 3753 1785 2026 3303 1594 2402 1833 4128 24 2626 2722 1916 4907 318 3042 1624 1725 434 3383 1005 3186
4424 686 2481 2639 2631 3285 1488 1839 1940 3372 1358 3932 4115 4854 3939 337 304 1878 3906 1607 230 4422 3948 4498 4957 845 664 3781 1451 1096 123 2959 269 581 636 744 1087 1823 244 2142 451 2759 4651 2912 4404 1243 3160 576 4854 4585 4513 2541 1055 3398 3142 1282 871 2967 619 4388 3580 1005 169 1895 564 1774 1824 3054 2866 1076 3966 2445 4580 4658 1759 164 570 4989 204 2037 4357 4805 3607 4978 977 1612 396 1003 4456 4337 3746 3569 2032 1764 166 2716 327 4269 2954 179 1768 2608 2973 1884 284 1353 2219 107 4385 4959 4933 4942 3015 3607 4935 836 414 4190 453 3329 3595 4153 2313 1403 1564 4126 189 4166 3974 3325 1798 2745 4855 1797 106 1939 859 4519 4231 4647 4676 3337 1131 715 3865 2638 4507 3322 2561 2070 3445 2282 146 3212 2119 2910 739 4544 3672 2506 1604 4242 3507 1192 2290 1168 2246 3796 996 3097 3954 3211 3482 3120 2084 2611 1878 1325 701 4499
1683 2481 1600 1605 4932 485 2560 4266 4035 2957 1647 4037 1484 55 658 3169 2577 2123 4036 444 1782 906 2322 2306 122 3234 3781 3987 4252 121 780 3040 3978 2634 11 4352 134 4748 4662 1942 4885 2950 2469 2814 3147 3317 1876 1468 3178 4594 444 4963 2668 4922 4138 3832 4175 3067 4596 4747 2455 3709 2035 2670 1374 4885 4904 2603 249 4606 2928 4090 155 4037 1606 2902 3656 161 224 3445 1716 57 2478 899 2676 4093 4796 2953 3019 233 645 3576 2360 4618 4386 1925 3165 3737 303 3986 4680 1969 165 4738 3807 3231 4153 1730 2077 1667 528 4714 4095 4194 2647 1877 54 1656 1503 3478 1404 4215 2622 1813 4010 2807 3402 44 4680 2818 4474 2557 2230 1702 4752 1625 2594 314 1349 3875 4387 2963 952 4881 4419 2678 4664 1114 2590 221 3098 923 3150 2395 2775 2485 1289 3926 2996 3274 1951 2615 4725 594 774 2112 2156 2087 390 391 4448 2442 230 1077 1460 4732 1050 1665 3475 2956
543 2639 1605 1140 3759 3635 4133 3816 4999 4578 4121 2500 1018 3090 654 1314 2281 2060 3912 4936 3422 2464 3157 4505 4649 1068 2057 1317 4767 3629 1364 4376 3092 3869 3243 1785 2108 1302 3349 932 1285 3939 2318 3028 1393 1437 972 4181 1031 1403 4022 2174 4033 1737 4735 3576 3893 1593 2342 4220 1493 3394 3906 4838 1621 1248 4099 4929 1795 4075 4157 644 1429 2151 1502 2149 4466 2214 1282 775 1645 1113 1523 4661 3980 2558 843 340 4252 1086 4036 440 1268 2715 1482 2859 2885 4208 4139 4398 4992 2732 992 2367 4120 1751 4580 1559 926 2354 1669 1976 4737 3177 1287 2624 2749 3495 3098 2803 4543 2941 3140 4963 2692 4510 23 3393 4213 1037 3467 625 2348 3459 1089 344 1060 1279 4149 3740 1566 3167 1175 3156 590 4941 3007 27 2215 2944 4557 2698 668 3465 4191 853 1140 992 4850 2464 4676 3096 3574 118 2293 4718 783 3170 1382 1079 4002 575 2322 2104 2959 3782 200 2995 1770 3646
3722 2631 4932 3759 4967 2143 4308 2694 458 361 349 704 705 4213 4797 2584 1008 2568 4431 347 1760 1365 2637 3587 2024 2746 4282 2265 1491 1491 692 4671 4811 4689 4106 2139 3849 2704 3119 4576 3475 3421 4333 4112 4908 374 4402 3066 3880 721 1001 4643 2554 4231 4823 2925 258 3148 1925 3846 176 2375 2123 4661 4605 4978 1249 1397 936 3012 521 3616 4761 2135 4065 1924 1292 3334 3809 3872 2762 4660 4283 475 1127 4123 4232 981 2435 839 3420 4154 2365 14 3074 124 4046 3688 4796 1150 4216 570 2779 4863 4474 441 1914 2932 3940 4301 2912 2023 2064 3707 3969 1315 859 1603 1181 1747 1881 3696 3747 2701 3026 1422 4930 3951 4984 4711 4774 1504 1219 3086 4923 3187 911 1574 3125 4178 684 1447 1089 1729 805 4462 3766 2573 105 2777 4876 2029 4284 3306 4445 3998 1221 4028 3989 703 4843 1898 1881 938 4270 2709 2942 2019 388 4247 4398 2678 2537 712 2529 3633 612 2352 2424 2784
3972 3285 485 3635 2143 4745 3768 2561 3018 1918 2760 35 4771 1399 1818 452 1282 3220 595 2564 2969 4086 2254 953 1568 1744 2856 2475 4590 731 2468 1757 1265 841 3694 3039 4464 694 4471 1884 2673 1672 831 1259 1705 3042 2790 3677 3672 2279 857 1575 3747 1426 662 4858 2169 2402 252 811 166 3053 409 2192 1380 1655 1891 369 397 3056 3111 3795 473 2492 1223 4214 1475 1550 2615 1182 3906 3396 700 1517 705 4199 4193 2479 2704 1400 3998 4090 137 4134 4001 3404 4961 2177 1651 3069 4155 612 946 2947 2727 3726 1166 554 3214 4265 99 1038 2383 459 2922 2795 4096 2899 4247 34 234 1373 2255 480 4323 1433 1933 2149 4591 3725 4026 4602 1777 818 4322 4506 4421 4600 3795 1870 4647 2347 2666 1002 2480 4682 559 182 2390 2403 4834 572 1447 3836 121 4514 4268 4306 427 993 4321 4550 1110 4651 4217 2079 1920 3671 1714 795 2187 1866 3459 3782 3986 213 3822 3844 492 3911
2768 1488 2560 4133 4308 3768 1213 3156 2931 373 1116 1136 4959 1674 1439 1483 2434 1301 2426 3886 726 4590 4698 1914 2428 2534 3329 3504 2995 2968 403 2074 205 679 4839 2188 4932 4389 838 1043 1637 1405 4379 1797 484 3241 1836 2997 986 2647 1323 757 4257 555 1924 655 2491 2806 845 1858 2590 3804 136 2298 3579 4535 4139 2521 2773 2426 789 2658 2622 1916 4675 4222 4343 340 4228 3930 1199 1819 4065 3002 1230 4549 1219 3754 755 1607 2940 303 4218 2249 2220 4178 2411 4074 2056 3163 1133 4430 100 4433 4354 721 1686 4793 3423 4475 3726 3016 3905 2618 2112 2999 1957 2128 1623 853 2890 3512 3001 4208 2381 3405 4666 690 194 4178 3793 1946 627 1727 4702 2979 1211 1363 3370 288 2907 488 4263 2882 1388 3473 4986 3477 2718 4855 615 2604 3376 1822 3369 3894 3809 2246 2910 241 164 1887 2061 4455 2631 2378 818 2112 4306 3687 3031 3750 2002 612 3168 46 856 1113 3933 518
3872 1839 4266 3816 2694 2561 3156 3932 2556 3689 3739 4533 1047 4049 4511 3949 3363 1676 1443 406 4966 2762 3427 3714 1840 2549 1339 2180 136 912 2389 2159 196 2328 1529 2165 4376 1379 2070 3630 3613 4978 4001 1977 1504 1750 1936 3636 279 19 1946 1821 3065 1847 1280 1706 3398 3387 2245 3499 1668 2132 3389 2407 2013 4468 3130 4884 430 4896 1317 1919 4192 122 2957 4214 885 1303 3123 4702 4187 1432 4101 3175 2610 4401 2329 904 3807 449 1665 1798 1101 2082 3713 3233 403 704 2522 493 1844 2531 3521 1382 699 3991 3625 154 185 2926 2911 4113 2635 2254 35 14 3281 1164 137 3667 428 3445 1201 2713 3392 2843 4242 2886 3877 3650 3014 4119 4742 2887 3572 4523 2454 1598 3245 2755 224 4658 283 492 1674 4562 1702 4813 3513 2878 2307 4796 2498 4510 1318 3458 1614 4075 2364 2369 231 2537 1407 724 3423 679 3516 1937 3913 1477 2872 4301 2524 2736 248 3526 4506 3433 442 4266
28 1940 4035 4999 458 3018 2931 2556 2445 11 147 4250 2011 716 3736 4214 2477 325 1010 2156 834 3602 4823 4978 4555 2708 4792 69 1131 664 2549 1636 869 2928 731 1327 2523 4170 4164 920 3168 1360 3543 3307 1558 1845 3852 2458 2070 2323 606 3799 1799 4015 1645 684 3970 2021 706 3209 3203 4353 4284 4725 2854 4559 612 395 554 2370 4226 3158 4550 1168 1619 2179 1036 2913 2959 4400 1508 1602 3194 4360 4406 4526 4841 4426 3917 143 2019 3629 3053 3606 3650 4934 2200 3124 645 1015 400 258 2964 1886 247 2034 3484 284 3728 139 1890 990 4659 2011 4346 2168 1567 1888 4418 2529 2470 4464 1012 4106 2120 3897 539 186 4387 3434 4747 1589 310 165 705 4899 1801 2461 505 410 2267 3577 3287 3706 3584 4003 3009 2543 3202 4797 1769 401 2715 133 2335 2520 2384 4307 4006 431 2127 269 941 3823 1817 3696 4373 1717 1831 4659 820 4905 4857 3791 387 3068 2308 4416 3977 1438
3065 3372 2957 4578 361 1918 373 3689 11 905 1593 706 2735 1287 4315 1413 4046 823 3132 128 4674 466 979 3077 4524 3303 1545 427 3517 4030 63 2550 1008 1366 4415 3976 2370 218 4613 2384 4577 4674 4946 2854 4896 3645 56 73 1177 2392 1102 470 742 2295 3276 3707 4967 3708 2405 1160 3272 583 455 3627 3559 1075 1497 763 1913 1003 233 3194 3142 2120 1031 2469 1110 4047 4362 3048 4411 1049 1335 4302 1423 3787 3009 4808 3041 423 1875 2397 4852 4685 980 3616 1655 2749 4953 577 4689 2452 1839 646 531 2685 4240 2796 1992 339 3167 2369 4215 3229 2815 1747 4005 2313 1588 3038 4583 782 4364 3536 1363 3954 3498 750 1760 1831 3247 4472 2927 2548 2917 2547 4423 1905 2972 294 120 3246 2618 1378 4833 4803 3060 3183 2081 405 2389 2689 736 1416 4954 3507 902 4124 4444 1684 2866 2728 4863 2155 2838 459 3363 1697 4492 819 1068 353 3253 39 2026 3881 39 2425 2882 4348
1214 1358 1647 4121 349 2760 1116 3739 147 1593 483 1062 3494 4619 1386 4381 4470 2422 771 1399 3159 2139 3690 515 3521 4563 2584 2488 4574 3699 4605 2222 3575 1164 2912 2673 2755 1156 1026 3376 1490 1353 1330 4181 2704 4137 654 2486 459 1201 64 656 1464 1429 651 3760 1114 1498 380 4917 3198 1746 450 3903 4864 365 4544 818 3138 822 432 3699 976 877 4787 1088 3790 704 4950 1055 1976 793 4278 4069 4094 42 3320 3823 1940 4664 2717 670 3275 1697 3323 3626 1147 4414 3993 3321 475 2123 4956 4350 4670 4967 4196 2162 3300 4899 3054 2793 1324 1677 946 2389 1214 3353 4369 78 224 4407 3653 1945 2340 4044 4048 521 1511 137 3067 3378 1849 2165 2761 688 3634 3080 3358 3045 1646 1053 3434 3866 4623 3642 797 3954 2182 4980 3856 2318 595 4028 2448 1178 2079 2233 1340 2169 836 642 183 2037 2558 4581 4016 760 3540 1249 4627 2063 4620 4796 4644 3591 4319 4988 2977 563
883 3932 4037 2500 704 35 1136 4533 4250 706 1062 579 4503 1461 990 1658 4660 869 4511 2007 1026 1819 4486 4589 3686 3532 1639 2466 1529 114 414 4634 2535 2779 4016 4507 678 2883 4420 1075 124 462 2802 2008 783 207 4706 304 3592 2332 1476 3116 4610 15 3048 43 4698 3835 1578 1155 4362 2501 4212 2586 1696 788 1065 2027 1067 372 37 3500 1652 4110 3240 4386 2622 1553 4207 4847 718 1894 2553 1160 109 4366 4250 1216 3902 96 3212 298 1414 4854 53 1480 1201 351 1222 3150 3755 4023 1256 1589 165 4156 3744 1403 2177 635 4400 2232 694 4418 4967 4051 1905 1862 3798 2011 778 4849 2502 3612 4393 2410 4327 2874 324 2965 3717 2831 67 4616 3085 2679 1533 2947 807 409 4336 4106 2455 3048 849 1180 1868 2477 1835 2859 2873 4781 4713 468 4502 3412 3781 862 1620 3640 2419 3863 3779 2677 1162 4726 1422 4294 2393 4209 2572 3071 3442 4454 4323 671 143 2511 4144 2310
3360 4115 1484 1018 705 4771 4959 1047 2011 2735 3494 4503 2076 2709 1377 4786 3498 4192 3271 4455 4772 2789 826 921 1552 3901 4283 3638 956 2014 2037 2946 1841 2161 3674 1140 1679 3123 3865 1487 1472 2268 4479 3772 2023 4655 3892 1138 2919 4328 4397 4893 900 318 4944 4080 3537 4473 735 1479 1938 3026 538 3153 2134 2920 2732 4266 2847 3497 2601 2183 3178 4122 4899 456 2656 2455 2130 4066 2355 229 347 510 2913 1756 741 1799 4442 4330 2937 2532 1554 206 838 3055 979 3599 4595 82 4515 2953 3343 400 4444 1762 415 1565 4046 1566 2507 3456 4378 2033 4797 3152 4101 2006 1952 557 2106 3360 2877 4246 4645 3850 4693 869 40 974 2549 4646 517 49 3073 4434 4495 4960 1378 4543 1128 365 4043 3430 1635 850 2660 2279 1205 3536 2565 439 2279 547 785 1740 4119 1937 4902 1891 4662 4003 3727 2135 3241 813 4823 3331 4399 1084 2992 2363 3002 4365 4939 1856 2392 1703 2546 4524
4565 4854 55 3090 4213 1399 1674 4049 716 1287 4619 1461 2709 425 2907 224 1446 4177 3155 4999 2812 1162 2365 1988 1559 1478 1688 183 1770 338 1726 1585 2003 2529 2711 1327 3435 2154 2288 4890 3018 1308 1161 2167 1051 782 635 3387 552 3628 3107 4208 2985 3556 2756 150 716 3005 3980 403 1661 1231 758 626 1505 3903 3961 492 232 4467 1384 217 1412 2259 1013 1900 2448 2737 498 2583 4842 1213 243 1822 2626 905 2557 4615 1459 1822 2255 4497 2761 4875 4040 4952 3267 1660 4800 3817 2855 3982 2778 845 3072 746 3286 660 2829 79 4019 1725 3017 3327 2507 2734 4577 4483 3950 3554 2469 4435 939 1667 4548 4518 4549 2909 4417 4931 4971 3408 688 1691 389 4877 404 2598 1317 4375 661 142 3284 1070 2100 517 437 4835 1329 2204 4873 2758 41 4594 1417 2687 3829 1201 282 4888 1886 2769 981 3557 3456 33 387 1775 2588 1934 4245 1733 610 1299 3050 4451 2831 1397 4624 3395
570 3939 658 654 4797 1818 1439 4511 3736 4315 1386 990 1377 2907 789 2744 3787 2994 718 1160 3661 4964 3833 4764 3226 108 118 3681 110 2003 1600 662 1616 3382 3794 4602 2853 1176 508 3601 1546 1845 3741 2146 4155 3495 2047 4198 2103 1025 4100 4183 3918 1033 2697 4099 852 1205 640 1872 401 4349 1723 1950 4065 1383 1951 4113 1880 4847 2559 3956 3609 1657 1273 3452 1690 1732 2404 3560 3134 1976 2731 4199 4284 109 3806 4511 1233 728 3354 1799 1801 4102 4235 1237 2382 2066 3763 3444 3401 2562 529 2411 3274 246 4799 4432 2640 3825 1690 1074 1472 3745 2087 182 898 3922 3389 4307 1709 1804 770 1229 4204 4905 4593 3694 3597 2101 3879 79 4963 3332 794 3920 351 224 3090 4581 3846 3134 3238 1844 4851 4266 1992 1464 3281 1945 1372 1108 629 1829 868 2977 2160 4499 671 3325 4188 813 4204 4552 3338 3112 1918 4272 1600 855 2886 3906 3495 2680 3300 442 2354 291 3714 2211
3020 337 3169 1314 2584 452 1483 3949 4214 1413 4381 1658 4786 224 2744 2488 537 275 1706 3249 2652 2846 4547 231 711 2621 1081 13 4489 4313 646 4487 4392 3189 4868 1440 2980 3590 1684 1392 1031 83 3726 4382 114 4738 647 1166 3662 3668 572 4099 1625 2022 465 644 1855 3363 3639 2535 1362 786 4906 2166 1144 190 1558 3898 1538 4883 1486 4907 1651 4004 838 1208 1303 3568 3919 1064 1674 3308 359 4132 49 4490 4700 839 3979 3483 2762 856 1798 1149 4811 2370 278 4434 3635 3728 640 2754 3397 960 230 1886 258 3072 3228 4235 2631 3568 2882 1175 1826 735 3968 4091 2517 1469 538 1591 2167 3186 4843 2489 2237 3441 1951 263 1218 4412 1712 3800 923 4499 883 152 2564 4453 180 4045 4820 2193 4464 4374 462 3089 4978 3221 586 1944 2409 1276 3191 2405 311 2735 2710 2285 1734 4156 582 3037 2565 2588 2078 2434 4701 2826 4200 3016 4003 1819 152 1744 1615 1066 35 2478
1908 304 2577 2281 1008 1282 2434 3363 2477 4046 4470 4660 3498 1446 3787 537 1160 2978 3265 4054 1923 4513 412 3989 1018 4317 4315 1339 1289 26 2351 1848 3526 2260 3922 3037 3671 693 3316 356 3770 410 1310 4155 4199 3754 4746 2277 614 3536 519 4385 4310 3836 1441 4415 152 2711 849 2406 1592 32 2683 1745 4987 3780 552 538 52 311 4328 96 3035 1132 1884 3824 4303 2630 2040 1921 607 4226 4784 753 4467 3265 124 3120 4841 2486 4488 1990 631 3163 3792 3115 2036 3265 4220 1354 444 2286 3601 4436 3654 4909 380 2578 2099 3708 1555 587 1733 1353 2581 2820 209 1933 514 3701 3047 4553 683 933 1977 3969 2974 4998 2675 4379 4641 3791 3423 4517 2842 1177 2927 788 311 1043 2720 4830 2668 1057 1006 2682 212 2238 2796 2108 2390 4958 3972 2802 1330 746 776 3675 4459 3559 2483 1518 4172 3077 352 3594 4437 3903 3856 3307 2932 2367 428 4222 995 4531 2838 1056 2794 2673
483 1878 2123 2060 2568 3220 1301 1676 325 823 2422 869 4192 4177 2994 275 2978 4047 2440 453 2202 106 4789 665 4838 167 3428 3707 3482 3572 3963 1767 515 2171 3049 826 2531 834 1919 3705 1383 3826 677 4656 4419 899 4907 230 3846 1384 4732 1841 1905 4273 4475 68 1347 4152 3940 356 2022 753 1059 1915 4035 263 2541 1325 3424 3904 2108 421 3597 2922 4503 3794 2009 2965 926 801 1577 2194 3223 4168 3894 791 4232 2155 1322 1722 85 336 947 3159 4146 371 1654 4523 4305 4141 3374 3032 24 2483 1547 2770 1505 3765 4614 4543 3147 4737 4613 1449 2050 643 3345 1255 1114 486 94 2232 1530 462 4442 485 1383 3809 125 553 4487 3048 110 851 704 172 4356 300 1289 2326 4543 3427 1670 3173 2246 184 2889 4501 339 698 1255 3117 3637 2213 1388 4812 2316 285 1228 253 1176 435 2398 832 1358 2922 447 3331 4815 2946 4514 1620 1821 2249 3864 409 4321 2759 80 4139
2024 3906 4036 3912 4431 595 2426 1443 1010 3132 771 4511 3271 3155 718 1706 3265 2440 4470 3010 3367 1047 4492 1956 528 1585 3687 4950 325 2797 1072 1954 4970 504 3252 3108 1050 632 310 4339 342 4388 2724 4246 4977 1335 2299 3520 4872 2149 3039 4725 3605 291 4964 3682 2638 2774 1954 1825 3600 1994 3059 740 4416 1137 4178 3709 2695 3216 3174 2295 1510 2814 4460 3307 662 1034 2781 4947 672 2506 1478 2667 2600 1668 4390 4832 1826 4815 1083 1070 4988 1462 1063 796 350 4113 146 3246 4967 2435 3646 2806 3691 2053 318 532 2947 196 271 2843 2369 2349 611 3189 3433 2841 2770 701 1799 2569 3266 123 3770 4555 2671 1858 1976 4013 110 4768 582 3518 4195 1045 2165 4504 2940 2881 3264 2169 740 1960 681 4887 1369 1574 1967 2874 83 2062 4695 2405 4509 3579 2290 1524 3756 4853 3999 393 4421 4051 1272 2164 4845 4168 3278 400 2044 3402 4051 2895 2906 3422 1730 3719 3052 868
1926 1607 444 4936 347 2564 3886 406 2156 128 1399 2007 4455 4999 1160 3249 4054 453 3010 3944 4836 4099 4887 2154 261 409 1401 554 3005 3262 1724 1043 986 2345 2377 105 3092 1581 4295 2551 4855 2606 2112 1172 4539 2306 1016 3883 2277 2391 3141 4857 727 3206 422 4546 1509 294 4668 1274 3499 4568 279 548 1401 1502 4640 642 1581 4089 2219 635 2032 479 3343 1537 4270 1492 2138 3517 4731 699 3873 2928 3399 3327 3101 4626 1960 317 4580 1047 813 3647 1779 1967 1799 1013 3655 2537 3874 3887 469 4128 4819 4951 4046 3616 3713 2983 3177 4115 2439 1359 2362 4290 1536 324 4985 1180 2963 1499 692 4217 3146 4986 2718 3374 1943 1077 4781 1438 1417 2136 2961 3119 2647 2208 2456 2722 419 3219 1947 1178 2434 2244 1620 1578 830 1146 4513 579 1158 3323 3078 2968 565 2668 2908 2308 3840 3823 909 3515 3225 4628 859 516 3037 4995 3187 4260 4815 817 1749 1058 2399 4013 4959 2606
1476 230 1782 3422 1760 2969 726 4966 834 4674 3159 1026 4772 2812 3661 2652 1923 2202 3367 4836 3864 3276 3928 2032 3142 2573 4579 2891 4470 4556 2335 2666 1868 3730 1103 2136 4449 634 1493 3784 2034 465 3869 3561 4301 3902 3653 4358 2517 2584 4799 1432 3925 734 1928 4952 219 991 2630 4095 222 1624 1720 36 3336 2064 3147 3088 2861 3623 781 4729 800 2303 2142 111 4732 1589 2676 3919 4170 2941 3237 2142 4186 4453 3630 3121 353 1650 4338 1988 1821 1739 4251 1294 1880 1554 3464 1698 398 1613 2549 4313 2170 4194 2036 2470 4783 506 4364 3392 3998 3509 1094 4095 2010 106 4224 2682 2776 2632 1470 546 689 4201 3197 2443 2590 605 801 226 1482 863 4010 4579 4751 399 521 942 558 4434 3610 217 3879 3690 1996 972 588 3272 2106 1630 1500 2060 3305 498 1138 4545 4675 1529 1108 398 632 2322 3348 4134 3566 3052 1291 753 50 2608 1545 2946 1515 565 1183 1784 3905 1867
4024 4422 906 2464 1365 4086 4590 2762 3602 466 2139 1819 2789 1162 4964 2846 4513 106 1047 4099 3276 2146 2426 3696 4199 1620 4879 4318 4826 2625 2708 4556 2473 4747 1549 4560 2612 4211 3165 2556 3541 1401 3834 3922 4952 2925 1629 2705 4740 1706 2772 1294 874 4066 1007 3193 3370 3159 1874 4179 1474 4414 3798 4233 4094 3869 2051 3045 1258 4288 2779 711 1209 1736 3590 4811 3958 4998 1538 3140 1298 710 1108 4965 153 977 3741 341 766 1723 3703 3213 3880 4740 3498 1291 4800 4851 648 4157 3045 4998 2202 3204 4955 711 4255 1015 3691 3411 3811 2377 4448 239 1139 3817 2859 3731 1460 2182 4272 1785 2866 4955 495 4909 844 4252 805 1773 2251 2904 4002 3970 2025 4265 4257 1203 18 391 4335 3056 4992 1619 3107 2471 2891 1449 486 176 3908 4143 128 3546 148 4071 1992 3548 1460 4980 1526 2555 3360 2807 1127 4583 3196 1532 4994 2244 1074 350 631 3927 4624 24 3340 2508 3751 2708
689 3948 2322 3157 2637 2254 4698 3427 4823 979 3690 4486 826 2365 3833 4547 412 4789 4492 4887 3928 2426 3612 3714 2224 2746 542 707 1433 915 3814 4941 4442 633 2224 2927 1092 3306 1317 3925 1917 1014 3735 3930 4940 3357 1556 3557 4256 4816 359 150 1951 2761 2434 4614 4539 3078 3801 3537 1603 954 370 451 644 3500 860 1515 2541 123 1536 1259 4340 11 3490 3061 2342 2999 2131 2630 3056 761 914 1858 2377 3619 2115 2332 3458 1387 3698 3267 1840 1234 4576 4353 1421 3303 1833 3239 358 4337 3061 4811 3118 3526 1631 3133 1736 3392 1855 3966 1355 4475 811 4342 997 738 2595 169 134 3915 4870 329 2515 4015 2841 1431 1886 964 4782 1005 3231 4989 968 1026 3393 4684 3578 578 4162 1540 584 4553 4117 751 4275 4055 3821 919 2971 4399 2315 3830 3464 4794 753 4428 3286 3205 825 1397 3669 1179 2226 3181 1246 526 240 1413 2338 3711 1493 2787 291 2910 26 3870 4177 658
2796 4498 2306 4505 3587 953 1914 3714 4978 3077 515 4589 921 1988 4764 231 3989 665 1956 2154 2032 3696 3714 877 3924 4910 4481 255 527 2669 4569 816 2582 3404 2101 1528 1712 3038 713 1285 69 3257 2753 3551 4312 1997 1362 3407 4947 3295 4433 2739 4501 4327 4909 3795 4841 1984 3008 4285 66 4786 1987 446 3101 1349 1124 1265 3962 3218 713 2138 2442 3417 2292 3634 2246 3215 2217 3050 4618 2117 294 957 344 686 3675 3909 1892 3076 3226 4219 3737 1054 380 230 2126 303 2466 4034 3179 3566 2650 4562 1843 3570 3847 4249 2503 4862 2734 3176 1479 1150 4997 3102 2951 2776 1991 4527 4084 4760 3263 1766 1786 1473 1618 1798 3015 1987 1754 1525 87 830 2569 2937 2207 3509 3550 2752 524 1737 4631 2447 3873 1057 248 2387 1861 2542 933 3886 3746 3675 2191 1424 3316 4980 3800 3779 4006 2511 4106 1803 3226 127 537 2748 1717 1491 361 3361 1762 3712 1748 3516 1541 3786 2787 4864
4802 4957 122 4649 2024 1568 2428 1840 4555 4524 3521 3686 1552 1559 3226 711 1018 4838 528 261 3142 4199 2224 3924 3714 4947 752 555 4737 4450 3974 4259 4141 1482 1908 803 4767 1839 350 1114 231 573 3386 3562 4782 3494 2811 2658 1031 4534 375 1213 4939 2993 3633 2903 1784 4674 593 4462 1489 4487 4315 1150 3816 3735 4479 4504 2742 1262 4684 1077 3588 1641 3537 2769 2318 2610 2414 1289 4924 4041 2784 2405 3682 2490 2545 2095 566 3781 4757 4799 928 2336 2461 4764 3925 3993 2758 3978 3393 2109 3310 380 73 3256 4893 1677 3352 4994 1348 2937 3163 4671 2880 1958 4295 4316 1965 2789 451 3008 3888 2187 3041 203 4972 4296 454 4323 2118 3359 3386 4730 4595 1693 4828 4259 247 2727 576 2112 729 1929 1958 2558 3401 2874 1285 3156 3789 395 4151 1130 2085 2331 1503 721 4385 575 3169 1253 925 635 2208 330 3529 476 2434 4763 2028 3212 1621 661 990 3129 2944 844 1197 1962
4646 845 3234 1068 2746 1744 2534 2549 2708 3303 4563 3532 3901 1478 108 2621 4317 167 1585 409 2573 1620 2746 4910 4947 2939 270 2913 3920 3099 2266 2781 3276 3840 2459 4822 2368 312 657 3039 2466 4018 4422 231 2432 212 4042 4345 3657 2815 4970 684 1080 2156 2898 4770 1555 4747 4298 2819 4827 4777 4368 3655 4448 3870 2462 3492 3049 4300 3934 1517 3388 3302 3645 2976 4444 1929 95 4198 762 1912 4155 2647 4338 1785 681 1629 1801 962 93 4074 2854 119 175 3652 1801 2884 3690 398 1318 2059 4285 114 1045 2679 3404 2961 760 2993 705 4105 4230 3467 3179 3321 1018 3340 418 2525 4564 377 2598 2518 4558 645 242 3654 2344 2401 4022 4184 3486 2346 3275 3189 2799 3552 4407 2134 4252 129 4264 4230 3869 1344 2255 2511 2433 4760 3266 4884 3598 4846 2686 1812 3150 2407 3781 4585 3578 351 664 2569 4508 2668 376 2079 2309 833 1029 2194 4304 1055 3155 4762 2198 4004 3014 2084
2650 664 3781 2057 4282 2856 3329 1339 4792 1545 2584 1639 4283 1688 118 1081 4315 3428 3687 1401 4579 4879 542 4481 752 270 2054 819 3905 110 177 1390 853 3527 887 187 3792 3460 2550 548 2889 2556 518 3982 1400 4486 4286 863 2744 620 3800 1228 1187 4423 2991 3996 3928 1202 1484 2195 254 2638 1952 347 4904 4723 2420 4468 2533 4643 98 4925 1916 1971 1079 2107 513 42 4779 4470 2122 2884 3268 3620 3590 4813 4437 687 4319 2043 2894 1095 3986 2923 3472 4869 2276 1329 242 3581 3987 4143 1578 90 1049 1912 4575 3733 1829 4739 1838 2416 212 4488 2852 1850 1892 1669 305 1341 1376 2544 546 2911 196 3575 2338 11 4996 4504 4716 3622 4531 2060 2692 900 3890 3093 2660 2370 2055 992 2221 2880 1788 2670 3069 3921 4807 1448 4269 189 3498 4183 3235 2870 2754 4226 3037 4699 1233 4554 4789 630 1804 1718 3273 3881 2189 753 1437 4302 3245 4547 2482 1425 4230 1054 2185 994
3690 3781 3987 1317 2265 2475 3504 2180 69 427 2488 2466 3638 183 3681 13 1339 3707 4950 554 2891 4318 707 255 555 2913 819 482 2333 2581 4781 148 799 1389 3127 2386 59 305 2230 1114 468 2894 2268 1625 2521 1663 3532 3634 1421 2776 4257 1358 3522 992 1542 3052 2049 1086 4816 1594 1605 235 3814 3906 1561 2730 627 1182 2051 4074 4393 936 1453 2638 2914 1161 3771 1235 667 762 1212 2173 1809 4102 2288 1313 3132 2302 3800 2003 2950 1160 1936 1376 4737 3345 4392 1100 3888 4012 3102 2327 3868 2073 2065 465 3010 2145 3181 2509 3995 573 1975 827 3162 4083 2450 4705 3767 1859 2618 1468 260 3206 1006 3619 434 3803 3052 3697 1295 84 1839 2113 1051 3373 986 1419 739 3442 4571 3241 4770 1167 3912 3922 4247 1310 3549 86 1587 2065 2627 3511 1783 2325 3958 706 2012 2214 4317 3132 4747 2046 4208 1426 4112 4363 844 488 1589 2418 681 2710 3073 2864 4885 270 4058 4982
693 1451 4252 4767 1491 4590 2995 136 1131 3517 4574 1529 956 1770 110 4489 1289 3482 325 3005 4470 4826 1433 527 4737 3920 3905 2333 3844 2908 3674 4393 3908 2413 356 3416 4525 517 1998 2085 4156 485 690 4321 292 4084 1008 4722 1627 3887 3480 1127 1310 4951 439 2059 1403 4797 2657 3339 3005 4559 4051 3679 2229 1606 3343 4007 1506 2165 2543 1052 1210 2154 4755 3386 2694 3511 2877 3775 219 1108 4715 456 4869 4548 1159 4759 1357 3221 2028 3418 3771 2724 4602 2046 247 2555 124 3953 2592 2757 1490 1095 4798 324 2740 3036 1460 4886 4043 326 741 3837 3618 466 1577 2540 1818 1282 927 4879 2402 4820 1314 1115 3780 4202 4566 1562 1426 1394 1356 4061 365 3221 3882 4496 4910 638 2244 2216 3818 2247 3920 1492 2021 2481 4014 1340 3028 1211 2791 3599 406 3849 20 786 908 4948 568 737 569 3137 4095 1206 2598 1051 407 3663 3012 4315 4903 4720 4356 1513 3447 2182 1417 4189
139 1096 121 3629 1491 731 2968 912 664 4030 3699 114 2014 338 2003 4313 26 3572 2797 3262 4556 2625 915 2669 4450 3099 110 2581 2908 1165 3072 4457 649 3718 2304 2459 1996 14 4734 976 2938 2512 46 2220 2206 852 4694 1742 2068 2108 4346 2918 1621 1075 1280 4764 1621 1764 4125 4417 2731 219 3699 2563 4066 1214 2429 35 3742 1383 1515 2729 182 1757 3234 2588 723 1750 1476 3702 953 224 4529 118 89 4191 4100 3214 4571 4396 1506 538 2020 1934 1241 4634 3815 1002 1812 3453 2798 117 1362 1499 1959 566 663 560 3162 860 4402 1187 1267 358 3834 999 1492 1329 845 3749 2415 2570 4141 2215 1387 867 568 1838 807 233 1191 2421 170 4520 3099 4433 50 2588 1542 4313 4193 3648 4219 2998 387 2263 3533 3552 1782 1728 2392 687 775 3590 3596 885 1290 727 1198 4250 3468 2141 1855 867 3768 4161 564 2431 4898 1286 4739 3538 4096 1581 4993 3152 1223 2015 1669 3350
4235 123 780 1364 692 2468 403 2389 2549 63 4605 414 2037 1726 1600 646 2351 3963 1072 1724 2335 2708 3814 4569 3974 2266 177 4781 3674 3072 2538 250 3847 4150 732 308 3591 1572 1426 3525 372 1995 4426 495 3187 3700 560 2629 1811 3359 2898 628 2496 4560 2107 2605 676 735 532 4692 3746 1347 1257 795 2369 524 4445 4406 4552 2508 674 4642 1828 4623 2408 3473 219 1507 1754 88 2273 4697 167 509 1555 2253 3156 3297 1859 779 1297 431 4960 1103 180 1582 477 598 3570 2425 1492 4315 673 363 4925 751 2118 902 2421 4836 742 2281 2862 1104 661 407 1731 145 4082 2227 1241 4398 126 1701 1646 4899 3499 3183 4608 3116 280 1140 1033 2882 1531 490 2211 3507 1945 2279 4331 1153 4116 326 2899 2226 263 1263 2210 2750 3099 2170 4621 3815 3067 4097 3332 1802 4851 4070 2012 4555 1077 2518 4532 842 4303 1320 854 1136 1545 1118 1468 1228 1248 3253 4632 4988 3479 2872
894 2959 3040 4376 4671 1757 2074 2159 1636 2550 2222 4634 2946 1585 662 4487 1848 1767 1954 1043 2666 4556 4941 816 4259 2781 1390 148 4393 4457 250 3538 3446 4266 3934 2761 442 2924 1100 3728 4319 2892 4309 4097 3702 967 717 3196 1171 4104 1620 4362 1629 2964 3693 2268 4625 2093 1192 480 4691 4763 314 2561 190 2377 1119 1299 429 1921 3024 4887 2778 1090 1659 621 651 883 4366 4538 1598 1188 1681 894 3736 332 968 2877 3559 3344 2399 3121 3489 2764 2317 1320 631 3684 1439 4727 961 1843 108 2371 1159 1687 2623 4637 2779 1695 2024 1970 3096 2369 221 3470 3621 3972 3717 2768 4351 3867 3616 1569 2982 2683 4931 3264 520 469 3468 4884 3088 261 1660 4603 823 3808 22 1913 84 4492 2170 211 3030 531 480 3205 4418 1672 4302 4110 2356 3136 3130 2184 4786 2309 1786 4818 1051 2899 1848 4186 4801 2736 2743 3688 2189 2585 3702 2279 2630 826 1162 4694 2702 3495 1067 1957
4494 269 3978 3092 4811 1265 205 196 869 1008 3575 2535 1841 2003 1616 4392 3526 515 4970 986 1868 2473 4442 2582 4141 3276 853 799 3908 649 3847 3446 547 4805 48 2644 2605 3626 1580 2511 4466 387 2761 2374 1229 3983 2016 2973 655 1866 569 379 3050 1494 2869 2349 1770 2461 2291 3862 3649 1407 4881 4111 3127 916 2728 4443 1703 4632 867 2515 4477 3221 4726 3546 3194 34 4030 1122 2874 3403 2988 2441 639 3638 1450 1426 3465 2680 4656 3200 2239 1764 3851 4245 169 4051 3471 2406 3750 4345 4258 4951 3207 1764 2873 4428 1711 191 1795 887 3852 3319 4829 2807 3126 4760 1335 1037 2108 4028 106 4875 214 799 2584 1903 4537 4731 1711 3090 4270 598 15 2898 27 2691 2332 1269 813 3689 1108 4540 1878 1979 2098 4341 461 1658 1441 1402 3803 1055 1670 4595 2209 3042 3203 2563 1745 4251 4974 1278 2373 3197 1743 2329 4478 3701 4704 2980 4384 827 3236 4305 3832 2212 4875 4924
3540 581 2634 3869 4689 841 679 2328 2928 1366 1164 2779 2161 2529 3382 3189 2260 2171 504 2345 3730 4747 633 3404 1482 3840 3527 1389 2413 3718 4150 4266 4805 61 3360 4685 4255 3191 147 4063 3972 1481 4358 161 3300 3423 1652 3993 3429 3885 3562 237 2650 4811 1992 3229 2769 1288 4568 3725 980 2598 3919 433 2941 3734 1588 783 790 1045 4211 542 2699 226 3618 1530 2787 4402 3253 4656 162 4274 2950 3797 2120 3414 4615 4649 1939 427 475 161 1808 213 163 4305 2258 134 237 77 3741 2838 4353 2543 3628 3165 3280 1489 4573 892 1898 3913 4610 4747 1942 1225 4514 1122 3991 1599 3623 1793 1922 1614 3279 2203 555 4896 506 4019 3077 4139 4898 4286 4715 43 3095 2593 4958 4850 3027 1957 4689 2051 498 2433 2761 3582 2104 3816 4060 4730 3578 223 4244 1385 1692 3762 181 2264 3354 551 2822 2291 2144 3932 1676 2714 3268 1073 2888 3068 1762 3133 1865 1942 2644 673 497 2266
4626 636 11 3243 4106 3694 4839 1529 731 4415 2912 4016 3674 2711 3794 4868 3922 3049 3252 2377 1103 1549 2224 2101 1908 2459 887 3127 356 2304 732 3934 48 3360 4996 1537 899 901 4332 2348 4913 1830 2538 2859 4623 4932 2140 985 2326 2418 2048 4444 2672 3836 2821 1126 639 2857 4219 3803 1086 4135 4975 4585 3712 1487 2911 729 2466 2892 1249 1599 1829 2146 217 1180 580 3694 4381 4937 1890 833 4879 4260 4079 4295 3686 2260 4613 1342 4795 3537 2685 432 1380 3984 4176 3852 1596 469 4016 2756 3938 27 3893 2725 4086 2244 659 4473 70 3144 3778 1305 1429 2210 441 2759 3184 262 4072 2374 4720 2550 2318 3145 4082 2391 3271 247 1311 2611 4741 151 3343 2917 1343 3831 3806 1119 4533 1686 2192 4124 3482 3489 178 4348 4965 1008 1712 1906 167 2716 2856 3097 1626 2245 1868 3536 3836 3958 1387 1147 1103 4016 290 3850 1347 4865 4096 2894 4327 2308 1528 4603 4312 317 3531 1565
74 744 4352 1785 2139 3039 2188 2165 1327 3976 2673 4507 1140 1327 4602 1440 3037 826 3108 105 2136 4560 2927 1528 803 4822 187 2386 3416 2459 308 2761 2644 4685 1537 3562 2472 4199 982 4665 1078 515 2566 2213 1525 1790 1519 3508 983 4002 1009 1329 4163 4148 4252 1601 3931 3725 2121 847 3207 1251 1848 3828 186 854 713 157 3261 3989 3596 1253 1135 3445 1405 4830 2799 3352 3798 3855 3254 3564 1837 1016 1059 4249 4046 959 230 418 548 1053 2276 2597 3449 2620 3487 3489 615 841 4292 2632 268 4545 3553 1862 4486 961 858 809 2920 74 3189 554 3939 1982 3817 3609 1514 2652 3703 1526 425 4960 967 2254 2218 567 2736 3207 311 4788 2124 3190 4067 4785 4840 2997 196 2724 645 1958 4164 178 4231 1777 3098 770 2537 1972 2653 3232 3721 2465 1284 4668 4603 3978 782 1948 436 4849 4569 4872 4384 12 2644 2997 301 4806 4532 2323 1765 2765 3085 4869 3860 12 4046 1438
1909 1087 134 2108 3849 4464 4932 4376 2523 2370 2755 678 1679 3435 2853 2980 3671 2531 1050 3092 4449 2612 1092 1712 4767 2368 3792 59 4525 1996 3591 442 2605 4255 899 2472 2842 2695 734 1676 267 1947 756 1768 4817 3937 4643 748 1001 2189 4275 3273 1091 2281 2587 4276 3098 4311 4940 1434 2935 77 3737 2898 549 4995 4127 1199 415 3194 4248 2760 1493 520 4420 2233 4242 1071 1259 446 2042 2994 3760 3369 2075 2930 135 3663 2306 3723 4588 4017 3576 2726 2608 3894 2058 4143 2834 1343 1783 663 33 2885 4152 177 3882 969 3772 1095 3536 2226 3712 4211 4379 3640 4147 2820 4306 3823 130 2425 4574 1742 3031 2017 3648 2686 1201 4980 1493 3203 2538 3530 4083 1692 4031 414 383 1918 1243 4092 2080 2959 2452 2469 4230 4542 670 434 4273 1247 513 4992 3290 630 3488 1792 2010 1834 3719 3127 1805 1414 1723 3053 1646 4218 2347 4751 3146 1422 3787 4073 1762 658 4911 1106 827 619
4437 1823 4748 1302 2704 694 4389 1379 4170 218 1156 2883 3123 2154 1176 3590 693 834 632 1581 634 4211 3306 3038 1839 312 3460 305 517 14 1572 2924 3626 3191 901 4199 2695 4979 3652 1252 4008 2699 4341 512 3672 4895 2394 4863 904 661 107 4490 4777 4250 3338 2152 3664 2046 1834 2299 3699 4780 4110 696 2901 3182 4009 1524 3484 2261 912 1661 3315 1102 4338 2025 2871 2408 2123 4715 2676 4299 79 4250 173 1913 713 26 2807 4786 4997 2795 94 844 607 4332 737 2060 1598 4347 624 1569 2083 1674 1069 194 4539 4311 2964 3820 840 159 4739 2096 912 2722 978 3316 586 2864 3223 444 3711 4037 3954 3113 2615 1496 763 3113 876 2266 1744 3209 3691 605 3895 4253 2186 3057 65 1333 1802 4642 356 4986 539 3872 4954 4341 1469 4925 3762 4939 887 1107 2362 472 4630 4725 4689 550 1147 851 1114 91 2229 2766 4877 1857 336 419 3423 2388 2836 3745 2340 1278 93 1150
4337 244 4662 3349 3119 4471 838 2070 4164 4613 1026 4420 3865 2288 508 1684 3316 1919 310 4295 1493 3165 1317 713 350 657 2550 2230 1998 4734 1426 1100 1580 147 4332 982 734 3652 1229 1843 4859 1287 1301 2338 1971 4122 3953 4702 3588 2453 2481 4627 4621 1974 4448 2021 3341 3778 3297 3351 2737 2728 3834 2717 2286 1130 4058 3939 1607 4039 3059 673 1232 1841 4182 3576 3595 4189 2116 1827 2556 409 4584 701 2774 4981 1305 4571 3690 2512 4330 2668 4830 2486 4122 2164 51 822 4306 3063 369 2305 4328 4339 2079 410 885 3321 1081 4864 910 1246 569 2627 4476 1471 4554 890 4644 3060 362 217 1482 3359 2337 2804 3529 691 2112 123 1297 2276 2347 3040 4687 986 2656 3479 511 3717 545 3274 749 3571 2874 4398 2219 4865 4325 355 3985 875 4323 2739 1126 1741 2330 3346 3712 2779 2266 2763 3480 3488 3700 1615 1669 383 3403 1791 4556 590 3051 311 1019 1783 1939 271 915 853
2621 2142 1942 932 4576 1884 1043 3630 920 2384 3376 1075 1487 4890 3601 1392 356 3705 4339 2551 3784 2556 3925 1285 1114 3039 548 1114 2085 976 3525 3728 2511 4063 2348 4665 1676 1252 1843 1814 3006 4193 3261 4742 665 1899 4956 1991 4269 3705 2822 2245 73 2430 2923 1799 1253 2987 3724 2308 1671 3000 410 2662 2628 1264 740 3670 239 4834 4447 1334 3554 562 530 2661 3616 19 2614 34 1021 807 3255 4841 2532 3181 3446 1135 3050 2573 3167 200 1901 1063 630 3047 2930 3583 3080 2570 2870 4379 116 4380 2449 3486 722 808 4946 1342 506 4576 2526 2984 1654 1996 3775 1875 2087 166 4993 1966 4056 2130 4474 753 3274 595 1511 950 1007 3372 1971 146 2729 529 222 3949 87 4249 849 1862 1333 1218 3673 3163 2011 1181 4953 2400 3025 1043 3279 4293 3475 3442 4030 48 2856 3931 2012 3052 746 1554 3982 1665 3471 362 2142 2888 2053 2052 2626 3296 1235 2755 4766 1415 1173 4124
2961 451 4885 1285 3475 2673 1637 3613 3168 4577 1490 124 1472 3018 1546 1031 3770 1383 342 4855 2034 3541 1917 69 231 2466 2889 468 4156 2938 372 4319 4466 3972 4913 1078 267 4008 4859 3006 3314 4433 1185 3341 1301 1153 461 4589 3626 3775 2438 4681 889 4266 920 1559 2112 2520 1697 1156 3221 1319 1091 2572 199 303 261 2632 4509 3407 3572 3886 1599 195 508 4098 2679 2924 2874 4132 402 1541 1144 1352 4289 337 2701 265 2920 4978 3383 248 2915 4786 4191 260 3333 1035 2089 834 4407 2241 2871 4106 725 307 527 3523 2740 3934 2020 4646 3374 4996 3784 1004 2514 2324 3444 731 1810 1296 4803 1729 1738 298 3604 4994 2276 1296 2646 1896 4526 763 3114 3065 2727 200 1065 1778 2383 4708 1246 2228 4686 3863 3445 4081 557 1596 4931 3437 4448 1489 2975 119 1524 353 4367 4588 1025 2220 1585 395 4972 1187 2134 4153 2995 2472 614 3080 2643 2238 3108 1089 2207 2062 1749 3379
2166 2759 2950 3939 3421 1672 1405 4978 1360 4674 1353 462 2268 1308 1845 83 410 3826 4388 2606 465 1401 1014 3257 573 4018 2556 2894 485 2512 1995 2892 387 1481 1830 515 1947 2699 1287 4193 4433 2999 1447 4962 4774 869 2032 3857 1845 2230 4563 110 929 2230 4003 4314 4363 2713 2629 2621 1753 3390 1432 4900 1158 4888 561 442 4922 3651 860 1290 3587 815 3243 564 2041 1269 4575 44 3197 2929 1198 420 3851 1862 235 4033 3282 1136 4127 346 3494 3961 789 863 656 934 3958 3480 1423 4271 4325 36 2963 302 1178 2501 3686 3981 2505 4739 3899 1585 3652 2670 1562 651 3075 3704 3983 167 3984 1589 755 2006 1303 3089 503 4562 1713 3117 1238 4090 1527 1579 2876 2300 4652 4000 4634 189 1113 4036 4331 3086 2730 3414 2075 3995 3094 559 2488 2165 1880 2851 1031 2669 1819 660 94 3964 29 2580 381 2377 4819 2669 2511 193 2296 1923 1094 4772 1821 1158 2558 3872 4952 4709
1736 4651 2469 2318 4333 831 4379 4001 3543 4946 1330 2802 4479 1161 3741 3726 1310 677 2724 2112 3869 3834 3735 2753 3386 4422 518 2268 690 46 4426 4309 2761 4358 2538 2566 756 4341 1301 3261 1185 1447 4107 3776 4639 2526 534 3660 1343 1065 559 2631 131 798 819 3818 1079 4601 3175 182 3316 3882 1927 1382 1640 314 2554 730 3458 3049 4698 294 85 3291 2599 2971 838 4026 4134 1962 4328 3779 870 1986 3199 32 4372 4147 4687 4271 3798 3049 4882 3744 2132 1720 735 2421 2350 2398 138 3677 2623 1182 4097 4285 1437 3319 4435 1477 4734 3661 3485 1864 2385 841 3513 4302 1753 3961 2296 2086 3636 4950 2709 4239 4461 4235 1618 224 2543 3119 535 4816 3423 4724 3194 1437 3294 3263 1866 2326 2672 1284 4111 2670 1845 2394 4352 967 452 1251 4970 4095 439 4936 3041 3173 4572 4838 988 2537 4385 1304 616 4153 2418 4343 2096 4256 4163 207 4567 3221 3931 4285 4358 2222 732 3835
3851 2912 2814 3028 4112 1259 1797 1977 3307 2854 4181 2008 3772 2167 2146 4382 4155 4656 4246 1172 3561 3922 3930 3551 3562 231 3982 1625 4321 2220 495 4097 2374 161 2859 2213 1768 512 2338 4742 3341 4962 3776 2338 582 3499 606 558 4663 3199 3158 1750 2005 4779 928 3864 2333 1433 1003 222 449 919 3181 2091 2111 4175 3095 1078 1513 484 1981 3818 3475 2872 3717 3012 2170 4852 1453 4859 3806 328 3267 1292 3750 888 589 4643 4164 3475 3803 1883 1769 4328 4323 4692 345 989 3060 3469 4516 933 2389 1474 3706 1084 2886 2657 1949 2231 1813 2937 2364 4205 4036 1743 575 3577 4294 368 852 3464 304 4588 2410 3501 3462 4994 1132 2947 3366 3232 1633 2012 3828 796 692 1353 1747 3466 3668 4479 429 4379 627 3283 254 4929 1554 1284 3783 104 3759 2397 4533 4499 2749 3846 4578 4165 2135 2455 37 4166 591 104 2069 4041 3028 4521 3788 442 2095 4528 3435 1957 2122 693 3830 4136
4548 4404 3147 1393 4908 1705 484 1504 1558 4896 2704 783 2023 1051 4155 114 4199 4419 4977 4539 4301 4952 4940 4312 4782 2432 1400 2521 292 2206 3187 3702 1229 3300 4623 1525 4817 3672 1971 665 1301 4774 4639 582 3909 841 1318 285 2615 4353 1114 3621 4897 1077 3498 276 1591 4941 3811 2696 2934 3710 4322 4764 4338 3721 553 4238 3282 1640 4450 1017 4519 4813 3372 2379 2723 2345 177 1441 4648 1384 3382 3917 3449 4432 1583 2412 1465 583 506 2984 4698 2072 3494 2944 2996 753 1913 4661 752 4433 109 4299 3896 1542 2553 1008 420 4179 2085 3449 4864 4530 4710 3893 1368 3282 3503 4311 330 2893 2326 1490 1635 2683 2176 3664 440 2560 4963 3668 4985 4049 2048 3312 3428 22 4516 882 2065 3249 2282 1731 1731 3229 377 3780 4809 3820 4910 126 798 4903 4175 4120 1979 3161 614 3132 1255 1946 4839 962 690 2753 4046 3896 3760 2273 4488 4439 4661 709 1947 1169 2182 452 3706 3872
