N: 180
M: 20
Symmetric: true
Triangle: false
5 59 117 173 165 16
11 15 47 63 95 103 134 137 32 94 79 54
11 127 100 29 115 163 53 118 129 86 9 172
6 81 31 60 174 120 158
7 97 23 42 37 138 90 57
11 105 35 41 99 122 159 76 96 153 44 46
4 73 130 2 147
5 82 55 151 154 106
11 140 113 68 45 77 3 143 93 110 26 175
9 62 102 69 30 58 177 132 40 171
10 75 18 179 89 13 38 157 131 160 14
10 66 112 28 180 24 119 169 85 141 12
9 109 178 1 170 87 98 64 5 65
8 142 43 11 92 155 104 25 49
8 111 149 67 10 121 8 50 6
6 126 108 144 48 161 166
9 52 27 168 22 70 20 51 135 114
15 136 7 17 80 145 101 72 78 39 56 34 107 125 164 128
16 150 139 91 123 167 148 88 156 33 116 152 71 21 162 36 19
9 176 61 133 74 4 124 146 84 83
705 4856 1900 1465 2621 1606 155 1859 2602 4353 1592 836 4817 886 305 2711 4950 1495 1977 2024 3928 211 4456 2219 714 1333 4402 1994 1880 1990 3800 3819 4941 820 2015 2827 734 731 1479 2955 4959 3254 4358 1426 2052 4346 4733 1454 3045 953 4196 1795 948 833 1160 215 2590 3298 4309 800 2370 4902 2819 3175 3716 1887 1725 115 83 4603 3174 1909 4145 4722 2971 2662 1251 1468 3531 3547 2723 739 1634 3647 1879 3720 3719 2060 1213 2226 4354 3713 4810 176 397 3327 2663 410 4662 1836 4834 4523 1806 1939 1295 3599 4700 1540 813 3624 4565 2730 3323 3696 1866 1174 2913 2734 1842 3875 3070 769 2219 1570 3854 4997 2082 521 3158 4885 1914 1079 470 1249 752 2615 4344 3907 4395 4949 763 4579 3348 2154 3451 4039 3714 2276 1644 3239 357 2341 3459 2606 4229 1512 3888 2500 2411 2164 3864 623 1317 4696 2779 4267 3678 2995 1286 325 4665 3523 1312 2823 4723 1028 4060 2131 4344 2813
4856 4335 2656 135 4454 559 3580 672 2105 1795 3434 1755 3066 205 3738 3315 247 175 2179 191 3706 1286 3318 3063 2618 1959 4040 4892 2517 4541 3084 2872 612 866 3788 1289 4107 3482 1699 3482 117 980 1019 647 1651 2084 1705 2098 570 3573 1022 1825 1032 3121 4046 1799 3565 1853 1593 1992 1103 3203 4547 164 4510 2704 1161 1563 2775 2857 2484 2690 3412 1111 2485 710 4506 4936 2688 4984 966 2304 4089 553 2317 1205 4255 4911 3653 1208 1402 3474 2320 4036 635 1749 4164 311 590 3417 4488 2449 1125 2827 2449 913 568 3096 1985 3635 2139 193 352 391 1080 1514 3426 4287 768 3652 2915 2689 4761 16 48 3357 3019 1415 3368 704 3312 4929 3090 3340 935 4504 4819 441 4820 3255 1520 4831 1911 233 4038 2841 4488 1400 4988 2522 94 1976 179 2563 1054 3459 4368 815 2921 2400 4003 999 3205 2899 2756 4929 1543 2815 2905 3224 423 1645 3515 324 1318 3425 2036 3909 3540 3857
1900 2656 3559 492 169 1303 1026 1806 3848 2880 3081 2071 1916 960 179 3305 1996 2445 58 1053 47 2727 1005 2848 1151 4328 1272 1735 4982 1760 1648 2304 4171 2986 2424 2703 4225 3613 1012 402 3799 2527 1237 2252 1703 1425 676 1099 450 1986 4149 3695 4237 3626 968 343 1950 2734 3349 1627 2151 1709 3831 4389 1478 4399 4288 3004 3211 3269 1131 2220 4168 3104 1603 3684 138 3538 2479 3395 1663 594 1010 1271 3979 1840 2709 2145 3722 1579 1551 997 2613 1250 464 3321 420 4018 2947 4677 4334 3867 1931 4033 4933 1781 3917 1857 4443 1143 3852 2140 3022 4231 1183 3829 2239 4162 401 2414 3910 1414 1540 1835 3538 3629 4188 2634 510 262 47 2817 2864 1849 2152 2379 2017 1016 1224 2006 2893 2721 3593 3918 1110 172 230 3876 1370 4258 1928 3644 4003 1231 3671 933 4613 4532 990 1398 1741 334 2148 2572 4962 772 4078 2522 2484 1835 1987 2291 2026 3843 4797 4082 4477 176 3949 3334
1465 135 492 1571 3841 4763 681 2559 275 2461 456 3462 4554 2842 3435 1524 4972 4550 511 2676 2464 1928 1830 2548 3477 354 3977 1253 810 2596 3743 1074 3937 788 3453 3421 1484 1762 2827 4645 4875 3947 2436 1461 685 2568 107 3647 3476 3216 4207 4954 1207 2397 1781 1362 4000 1526 2551 1593 3721 2882 3214 1403 4008 427 4109 4085 4265 2312 3469 3234 1135 2565 4144 2237 1448 3166 1841 2088 553 1866 4901 4579 1711 724 4913 4267 3741 2651 928 3298 2197 3935 1080 2651 4644 437 1444 4275 2537 690 1328 753 4892 83 3521 1909 2853 3844 4465 4093 1213 2703 1624 1974 2402 2309 440 2874 3897 3781 199 2588 2314 4102 605 4856 3000 1791 939 3661 3667 3046 2772 4750 1818 1910 3207 2834 85 4695 3707 383 875 2628 1465 3339 275 408 3456 2721 3555 4493 406 978 1306 3002 4226 2450 2750 58 4544 1217 3724 3994 2322 3516 1530 70 355 4180 119 3253 3565 2381 3864 1956 1033 4149
2621 4454 169 3841 1661 4100 3989 3587 3551 4823 1041 3716 4480 784 3380 1761 209 920 4809 4250 3373 3773 4912 1393 4215 3385 4474 1595 2019 2580 3463 4916 3900 302 3157 718 939 1107 2130 1461 4749 4925 2018 4089 3520 3868 3229 4535 2682 3892 2016 2931 2620 155 1227 1397 1551 4926 2469 4126 1148 752 2912 1297 4154 4135 4712 3930 571 3721 1608 1003 3521 2854 2550 2275 3419 953 3195 3915 4413 2005 4139 4231 2109 668 2868 4031 296 1860 1820 2661 207 1461 3216 2820 461 2909 3750 743 1049 4354 3082 3573 1108 2116 3998 1190 1269 3142 1019 3281 3398 49 733 2704 3667 1728 588 260 979 2618 1336 267 2559 4455 1632 3718 3932 3150 683 2112 1152 3429 4777 2398 506 1114 4048 134 1037 1036 2239 3222 3347 1786 3879 2366 1238 2644 539 1619 1867 663 3807 3007 1160 2879 4500 2812 1721 2195 1741 3236 1566 3016 4498 4104 3626 522 401 278 1264 2116 97 1361 972 1996 4423 4954
1606 559 1303 4763 4100 4072 370 2149 4346 365 1690 3083 4622 1537 2633 3904 2115 65 1842 4631 2487 3661 2856 4775 3748 1221 4627 266 3528 4747 147 3768 2859 2045 1952 144 721 1024 995 2893 3610 2657 4328 4727 1355 448 705 2272 3245 4437 1013 4988 1209 4090 1674 2702 2506 3717 1954 3094 3073 463 2557 3978 3790 1706 4935 1607 697 4844 1609 181 156 3860 1062 2409 1448 308 1093 1283 2241 3518 2238 2383 2665 2420 2406 1345 1761 2471 1270 4052 347 1089 3669 536 757 908 463 57 4282 4196 1261 1999 419 456 4345 4169 3169 989 112 783 427 1039 3426 2362 4337 2632 2305 2283 2913 3303 3692 4177 2435 4699 4732 1394 355 1734 2895 2540 2093 2754 859 2595 2142 4066 643 2355 2062 571 3100 1658 2311 4074 1936 4561 3020 4706 4928 1320 3898 1518 265 3994 2470 2375 1249 259 4130 2462 2943 4214 1351 884 1848 4047 570 1737 4669 2854 1576 4171 3140 3297 689 4360 4153 4260
155 3580 1026 681 3989 370 3042 3155 43 3549 822 199 3692 2632 3825 2543 1797 2758 1793 1544 909 914 194 2353 3851 4100 3240 2650 4459 4282 4488 884 2705 1582 892 4460 3012 4214 4866 530 2326 3809 566 1358 1657 673 4310 4568 1629 1713 3595 229 2093 4974 4268 1385 3019 3779 3123 1667 2834 4314 1378 3497 4838 1370 913 2415 611 1288 4546 571 2082 4587 4858 4055 3168 3553 4084 243 1799 3745 3024 582 1112 3570 1199 1490 3345 2405 276 3033 4410 40 427 4621 4570 3986 4407 486 2665 1582 4076 4747 3602 2694 1369 1898 4860 3110 1610 2728 4965 3789 3963 21 636 4503 3706 4912 3424 3778 4609 4329 853 426 3143 4222 3213 1106 2398 4190 2832 4662 42 3220 1206 3236 2833 2765 1099 1187 619 1574 2336 676 2565 2345 2451 3000 3930 3706 3340 3899 4395 4204 3579 3562 2743 2166 1353 3779 4127 2279 4179 344 116 2623 125 2181 2994 144 4000 156 3292 2351 885 2831 4665 308
1859 672 1806 2559 3587 2149 3155 11 1900 2042 3827 794 3740 1783 3308 3518 1547 1586 1618 3751 3855 138 415 3874 4222 4498 2281 3615 1810 3839 1417 4916 1576 3807 3803 2932 1824 1471 3158 1350 1253 379 2838 4085 2727 406 4264 3663 2026 2343 436 4229 1711 1246 3675 619 4493 4092 863 2778 2631 4959 4213 1905 4833 2673 3659 1171 590 912 3354 1575 218 2353 1279 4274 3852 2510 4499 3645 228 4699 788 276 3127 532 407 910 3593 3349 3751 3337 4483 3504 2827 3084 3981 274 1049 2651 2879 782 3870 4431 2926 344 4685 1851 839 4956 1215 4286 2754 1558 1554 442 1429 4315 1182 454 1149 3777 4184 3023 1002 3441 3125 1378 2029 3973 367 598 579 695 3372 3568 1238 4657 501 1828 4328 4041 607 3580 683 3116 209 1176 3860 1977 502 3202 519 2587 4870 2999 580 4330 318 2535 1236 2452 2904 2647 4854 2051 945 1892 3557 1845 2898 3135 3114 847 31 1451 2582 2326 3638 1028
2602 2105 3848 275 3551 4346 43 1900 1926 694 1829 1884 2757 35 4585 2394 746 2690 2598 1095 569 3706 2952 681 4795 331 2664 4390 1620 3763 3228 29 349 4583 1518 2311 2820 2493 465 2043 1264 3083 947 3181 2490 3239 2980 2668 1446 3234 4863 3658 3739 218 3059 3451 1680 1984 2777 2953 22 1974 946 3417 3958 2136 1407 4687 244 2418 623 4402 75 177 4715 3619 1309 3861 11 3686 3153 4847 622 2373 670 2402 3127 404 1557 3069 4074 1183 1720 815 4837 268 4721 1544 1292 1109 3445 644 3107 2752 3904 437 2325 1455 4414 1575 2539 4598 2315 2196 255 3470 579 331 3021 4009 612 691 4640 1137 769 1038 1498 2845 386 3886 1922 2285 1131 4218 4110 3799 214 3198 2047 4895 1791 2120 30 4024 13 3488 4519 1809 741 2555 945 1872 3818 2950 926 3083 3799 2706 4026 689 3827 3525 3475 1649 1380 3572 3407 1167 634 753 2578 181 2067 1939 4533 4434 2869 3070 2786 3526
4353 1795 2880 2461 4823 365 3549 2042 694 1836 556 4862 3018 977 357 3905 2004 3086 4814 801 955 4273 1222 188 2193 4373 4737 1640 2036 350 3106 3941 2560 767 3108 2569 1754 440 485 4695 2308 4454 1267 3419 2887 1870 4631 3663 3870 3343 2142 4642 1873 1178 4717 1402 2064 1226 4557 231 3714 311 3535 2060 4454 2322 4259 49 4466 1520 4684 3933 236 1485 1455 43 854 2253 3514 1789 3783 2152 3401 4411 4313 2249 2693 3683 1782 2101 1842 349 3107 843 320 2503 1439 250 4287 2306 1330 1567 2239 4812 1582 56 2122 359 3356 4695 1200 4960 2326 4826 1193 3457 148 3342 679 767 4614 3762 810 2753 3430 2652 295 1245 178 1116 3943 1868 1982 1035 3679 1885 746 906 2282 4394 142 1398 3442 3184 2989 1251 1992 2543 3268 1790 650 4328 2933 1768 4190 948 4311 4124 4849 4211 2954 3278 374 4272 2058 4031 1889 4796 3600 458 1472 2384 508 3124 1130 2323 470 2073 59 3368
1592 3434 3081 456 1041 1690 822 3827 1829 556 459 1364 3305 2316 2100 4829 2795 4960 3771 3075 4973 2867 937 1693 3569 964 4185 3387 4193 629 1729 230 404 1374 951 1687 588 1914 3726 821 4067 4424 3837 2004 2539 2545 2696 1199 1189 1689 1645 501 123 1662 2646 1544 60 2335 921 212 2951 2741 2943 4014 4244 2134 2992 4240 1322 2916 3297 1893 2939 1230 1868 4239 1981 2824 4903 1452 3536 2103 531 1977 477 1359 2202 4961 3821 4197 1025 905 2449 4501 948 2348 2337 3851 1885 1391 2625 4013 2193 2143 4409 1571 2669 3411 4066 2978 3682 2287 1282 4725 2118 1375 3251 2430 2048 4939 2558 4705 4648 3400 27 4309 4051 2272 96 4828 3363 4404 4119 2792 4232 1941 3938 376 2080 3455 2956 528 3347 3281 125 4703 3204 3709 1433 344 589 1584 3341 3685 578 4426 4858 4230 198 4595 365 29 846 2194 1163 3416 2984 4152 4626 201 1347 3135 3821 4207 654 91 3216 4700 1711 2442
836 1755 2071 3462 3716 3083 199 794 1884 4862 1364 4327 2657 2811 156 3740 1144 1470 3550 4099 4343 3402 4532 686 4971 2853 717 4333 4643 954 446 722 3290 4020 491 792 158 4112 929 4439 1789 4827 2928 3697 1887 4449 2298 4792 1408 2016 27 649 950 3829 228 2611 1888 3717 2979 4755 3895 1230 816 3912 3662 3891 3166 2060 1147 1407 3517 3667 584 1568 2741 4860 4024 2572 4531 3795 4301 1649 2504 4597 4136 340 3754 3406 876 4880 3394 1047 1723 580 4650 3031 1874 2869 1199 4954 2702 2412 100 1843 1578 3396 1062 1228 3635 1950 4737 2609 1825 4706 1503 3767 3524 4595 2117 2907 328 3548 3749 728 1214 3211 83 2264 2697 2260 3614 2720 4557 2222 2119 1841 3077 2757 4475 3300 1589 4304 3323 3040 1037 4139 3959 329 4939 2768 939 1263 747 393 2108 4481 3911 988 4681 3894 567 3274 4762 3618 2069 4432 3392 4988 1205 415 825 4295 3584 4426 1925 4553 184 2354 2343 2578
4817 3066 1916 4554 4480 4622 3692 3740 2757 3018 3305 2657 3642 3944 1946 3688 4583 3086 4600 1358 3897 4701 2281 2434 2999 417 369 4423 4448 1273 4170 3737 552 1586 3987 925 806 2248 2437 2176 82 4662 959 2892 3623 96 4290 4366 4031 1673 407 3065 2714 637 366 3711 3432 4717 442 4185 3207 1551 3988 1329 3108 3511 2121 2171 3380 2261 676 4215 3743 4571 1334 2114 1618 3608 367 4354 3245 2260 2080 2637 2211 1053 1537 1352 2814 975 3520 3762 3378 368 2784 107 2751 3954 4287 3146 3245 2502 3130 3043 1908 3508 3258 1617 4827 2890 447 4465 825 789 2162 4742 1479 3803 1607 4381 1992 489 1818 1030 2672 2686 3580 276 4553 2456 147 26 938 2920 3601 4929 3117 813 1809 3098 3445 1966 1124 4639 4373 4577 3125 1439 4509 2864 526 2243 381 2783 975 1351 4798 1042 2423 583 718 2822 4009 4093 2281 1801 3398 3900 4777 3946 2545 3745 1343 3846 4023 109 4512 1661 1539 4928
886 205 960 2842 784 1537 2632 1783 35 977 2316 2811 3944 2569 2858 2619 3259 4044 3432 848 3865 432 932 4274 2878 3429 85 167 1360 962 940 909 1325 1421 2528 3782 4473 3715 4663 839 3336 3279 65 373 2183 389 1888 4694 3205 491 35 4405 4132 214 1095 159 2289 2033 1132 4338 291 3289 725 1946 895 1347 2843 864 1294 4778 3472 2808 638 926 3385 4133 1030 3479 3669 4518 4669 2499 3624 4197 1007 2894 3163 4324 3139 1716 1322 3070 2972 4857 4593 4376 4295 2304 3266 1772 4307 3439 2779 164 508 1127 4523 4864 2388 3852 1343 887 2499 2020 3887 2041 4186 4710 460 1212 3339 1546 10 2395 1488 999 2719 2587 1842 2296 1515 4551 4931 3584 4570 3645 843 2182 2776 3637 4560 805 3731 423 458 4913 1289 3080 1498 2030 3554 3961 1656 3459 3564 3250 3827 4788 1885 2992 4191 3350 3304 3860 4297 3407 680 4244 4574 2966 3661 4215 4140 3167 2958 1401 228 3224 899 3414
305 3738 179 3435 3380 2633 3825 3308 4585 357 2100 156 1946 2858 4548 3234 884 4569 4925 4948 3061 679 4158 1364 4641 3181 989 4610 4488 1557 2526 2314 2011 3373 3421 2209 494 2125 4904 1742 844 69 965 2748 612 3893 1272 4086 2162 2812 4615 1299 1881 3490 2107 2833 1149 2613 638 4338 4901 2861 1917 3208 2235 3068 3135 1839 3389 1707 1188 162 3657 3881 1759 3815 4256 2869 4761 1481 3523 3938 3027 4746 2182 332 2622 4031 3648 1610 4533 2214 1164 2277 1535 4618 2684 1518 1772 1767 1650 3121 515 3869 3021 2095 3366 473 4252 240 4674 2255 1929 3995 1565 2538 723 1204 2285 2437 2672 2254 1063 3805 4044 418 2913 4388 2275 288 3196 4208 1540 3719 1129 1415 3507 2929 1324 3024 1837 3473 3145 2889 1170 3209 4460 621 3987 2721 4056 1216 1988 3843 4611 4158 4883 3017 2423 545 4547 4018 3062 4411 4732 3087 4538 2493 4676 3513 2693 2726 3659 2841 4255 4136 636 832 4962 4561
2711 3315 3305 1524 1761 3904 2543 3518 2394 3905 4829 3740 3688 2619 3234 3436 1280 1775 4224 2814 672 2681 4759 10 219 434 2746 2325 1413 1557 3851 1567 4829 265 3270 3736 2449 4984 4335 4679 4233 4263 1283 4265 3045 1114 4016 1769 871 1710 898 4084 4020 4909 1248 4562 1920 2167 2709 1542 3805 1758 1757 1862 1665 2053 1359 3051 1952 1561 539 4188 2201 4077 4377 106 1258 452 1455 3658 12 2953 4029 1154 2418 1822 4595 1598 1033 4392 1357 2581 4827 2864 2373 2259 2448 433 218 231 4104 1420 3457 3479 4932 3257 2672 789 2132 2318 2519 374 4205 3881 91 88 2489 3215 4433 1073 192 2425 4361 4966 4568 1768 2184 1352 1165 3895 190 3303 4912 3477 4819 2106 1528 1175 4113 1745 225 1924 4146 3537 4288 673 4046 1605 4818 3401 3215 965 4818 4262 3396 309 47 797 3943 198 2335 1918 4778 4953 2490 799 1384 3862 238 4130 1141 4296 1947 4381 4564 4814 130 4671 1106 3067
4950 247 1996 4972 209 2115 1797 1547 746 2004 2795 1144 4583 3259 884 1280 3594 84 2295 3477 925 139 4599 3322 4874 2502 2727 1638 1291 1814 2109 2169 2962 91 313 1046 493 536 1938 1997 1099 1549 2760 1262 3550 4180 45 4893 2015 3127 747 1716 126 995 2741 4501 4704 403 4154 2277 3063 2049 2124 810 1547 3580 2960 2699 2940 4594 4067 1356 3390 1544 3391 1096 2154 1155 2279 3574 4624 448 561 4753 3237 2563 3761 2799 4877 1075 636 4976 3116 3452 2440 946 159 2561 3413 375 1588 348 1406 2497 3692 4788 262 1606 859 4868 4265 450 4381 2480 1718 4791 4864 4395 3166 1305 3705 2018 4867 4679 2973 2196 1276 1479 897 3707 1866 136 2017 3942 3554 4621 2138 2825 3860 2303 4072 1529 3309 932 132 4695 1315 1734 4041 2036 3943 1905 2212 4856 1088 2323 4507 1647 20 3831 1491 4522 4491 2371 3734 1346 3271 4743 2754 2511 2447 4011 2334 2829 651 2171 1308 4221 1358 2454
1495 175 2445 4550 920 65 2758 1586 2690 3086 4960 1470 3086 4044 4569 1775 84 1567 3576 1383 4466 3851 4755 1699 3107 3558 4312 4488 4058 4927 1953 93 1379 4006 771 3438 197 3520 669 2648 4742 728 3074 3005 2507 4720 4154 4586 21 1310 121 2480 4082 4502 3692 2036 1307 2383 3645 1223 4144 370 4727 2949 2496 323 646 3108 4085 1577 1436 4599 701 4022 1826 2537 237 3457 2021 708 2573 885 2594 100 3782 1179 4082 2108 3851 4890 3316 4319 3626 996 3373 4581 4086 3193 2035 1690 4316 2112 880 1193 818 3585 2008 2745 3919 4650 2030 2325 726 2732 885 707 2278 59 3725 687 2819 233 1986 1053 4772 4555 4185 284 2619 2794 1506 1187 4809 4037 737 117 1269 4214 4383 525 3309 4526 4456 3875 4863 3554 4920 2352 636 4648 511 4720 2766 856 3627 4803 1217 4358 692 1556 2670 4579 2939 805 4429 2038 3825 511 3292 1329 2414 500 4889 2116 805 4667 4986 3072 2949 2584
1977 2179 58 511 4809 1842 1793 1618 2598 4814 3771 3550 4600 3432 4925 4224 2295 3576 1815 1373 1077 2450 2128 2164 4215 4684 4590 3848 4944 3663 574 4348 3985 430 1040 3254 3519 2948 4040 4875 3005 1011 775 815 3132 4574 1257 38 2462 1852 2926 1138 170 4345 4897 2536 1933 4048 2974 3339 4096 2521 2145 2583 4121 4632 1904 3838 3911 3529 132 567 150 2065 2168 3566 4478 1958 3517 4857 1698 3431 4592 2961 2206 856 574 3099 4991 3297 1726 4847 3259 4644 519 3864 1222 381 3883 1314 3441 1175 3008 3471 4780 3249 2218 1874 3863 4523 697 4581 4665 4296 3486 917 3151 4699 3504 4213 3098 4145 3065 2530 2884 3446 2908 3564 69 2929 3424 1571 1731 3564 4918 2616 303 77 3601 4170 2727 345 2493 2540 1987 1784 2638 4202 1568 675 3323 2280 656 3189 3366 224 2312 2697 3246 382 188 3100 3470 1446 2142 1267 297 1220 4329 1056 3565 1104 1022 476 4349 2346 2064 4458 3496 4533
2024 191 1053 2676 4250 4631 1544 3751 1095 801 3075 4099 1358 848 4948 2814 3477 1383 1373 3477 2420 4359 2410 981 3050 4495 740 2749 2324 1332 3750 1807 785 2844 4013 4922 2441 1854 2660 1751 2858 3443 1607 2450 522 1153 355 721 3429 223 3219 4798 3671 2109 87 2849 2510 4700 1487 673 2368 3692 2956 4832 1964 4594 2384 2731 1184 1741 4742 370 3177 3619 4580 30 4454 3060 1570 3307 3024 1094 4352 1594 3743 4209 2556 3032 255 428 2565 762 3349 4552 3472 3540 428 4502 3803 3040 2695 1759 1470 885 3436 1754 400 1667 333 2398 2291 1631 3538 694 4769 4629 149 3913 3034 1348 97 2505 4990 2306 4304 4426 1326 2078 694 3764 1870 2565 337 4932 2334 4953 1554 4557 202 707 4899 263 3128 1737 2095 4006 4576 731 2954 3631 2377 4018 4222 1477 2914 194 3195 3997 4264 3494 3416 482 135 1956 2765 1203 240 1229 1648 3617 1501 4824 4607 690 3260 4233 626 2484 4102 3697
3928 3706 47 2464 3373 2487 909 3855 569 955 4973 4343 3897 3865 3061 672 925 4466 1077 2420 1030 2165 1763 2382 606 2835 4491 3985 3642 1670 2123 34 1728 3967 2874 2395 4753 3797 96 400 3014 3979 2673 352 4330 4241 3338 988 2980 2796 2671 4628 3174 1475 2290 3468 1290 111 4358 1752 2008 4203 1639 4085 3308 2319 1500 1986 4582 3008 3657 2123 3223 4762 4401 1709 2050 3585 1455 4139 2956 1300 2727 1551 221 1565 2846 4704 1347 4198 849 2474 175 1872 564 2899 4076 3286 2409 2944 2574 1904 4147 1695 4599 4346 4322 2014 2445 173 2264 3137 4875 2015 3839 3631 3451 852 2823 4335 1203 1276 2001 557 3191 4843 1984 2830 4547 36 2439 4955 2851 2573 347 165 4470 3673 3811 1679 2680 4084 1253 549 546 3664 4596 3801 3921 404 2758 1579 320 4888 1700 3036 4562 885 1442 331 4485 2381 3332 4822 4140 3285 4027 1494 133 1042 4562 4854 1100 2573 4693 4131 3806 2417 4494 4159
211 1286 2727 1928 3773 3661 914 138 3706 4273 2867 3402 4701 432 679 2681 139 3851 2450 4359 2165 42 2382 4732 32 28 4737 2571 2642 1015 2940 4605 2555 251 3932 2199 3286 995 1806 747 2678 1430 960 2503 4838 326 3772 230 790 4258 2356 131 4807 3143 2838 952 2128 2882 689 2541 3583 2903 2047 4994 2340 1994 4023 4489 2024 520 1121 1454 3634 4543 4331 2666 3955 577 1680 2000 2676 4341 1986 3397 2619 135 4807 1481 3463 3081 4991 4027 1329 1959 1195 111 4316 2885 1288 2603 2905 4967 2042 3945 3206 4144 2492 3504 4634 309 3320 3148 3037 4337 3390 2766 801 4868 1959 4034 1379 690 4460 75 88 702 4158 649 4739 1701 2429 2168 2294 436 3847 793 173 44 1029 2591 2667 3120 4293 2938 435 4371 3687 2617 4791 3387 2888 2663 198 2480 297 3051 4614 1076 1034 1572 3679 2152 3881 2344 737 1294 2665 2090 4052 2598 3168 3736 1742 3143 3829 1076 1668 4546 2320 4352
4456 3318 1005 1830 4912 2856 194 415 2952 1222 937 4532 2281 932 4158 4759 4599 4755 2128 2410 1763 2382 3629 3304 4595 4998 506 2569 4857 1843 2789 794 1558 4415 798 2126 1958 4593 1837 523 1782 2677 1503 774 2942 966 2830 2402 21 563 2841 3616 4447 4616 4001 2709 3222 919 2472 3278 3256 1466 4158 3825 4489 3997 985 334 1395 1864 155 220 2198 110 1950 4014 3783 171 1756 1462 3028 3071 1516 1046 3286 472 4300 1048 3561 1071 3954 3742 1550 2589 4869 4431 927 2848 3584 1820 4040 4522 1038 2992 2985 364 4122 4920 1111 4211 3313 2462 4030 2003 4165 3401 2906 3836 4505 4291 1719 2500 664 1337 1761 2729 2630 993 1588 2324 178 864 3179 79 2597 558 856 2204 2743 1622 647 2649 261 4685 523 906 2262 4494 164 3366 3683 849 3724 3893 2341 4896 4397 3123 4474 4926 1238 2319 4648 186 698 2211 2170 2038 2216 4009 492 3159 1773 1130 3756 1623 3891 2309 2058 385
2219 3063 2848 2548 1393 4775 2353 3874 681 188 1693 686 2434 4274 1364 10 3322 1699 2164 981 2382 4732 3304 3253 831 4295 4137 1270 1679 3330 302 3739 4556 3257 2763 3175 942 2055 3207 3665 3227 4285 155 762 3011 4262 4262 1796 3476 3898 538 3226 1291 255 2347 3429 3058 1017 3293 4085 1468 606 3312 3092 3632 1905 4015 1791 2821 3522 1996 2550 2051 2886 3683 1303 3538 4108 1050 2188 2536 1579 2446 873 1647 2341 710 4147 2042 3782 4822 4212 3311 2075 3326 2842 4102 3315 1292 4368 4396 3784 3094 3783 3797 1463 3785 2577 4959 4177 1206 119 3776 2500 41 81 1405 1409 3369 3202 386 1656 4092 4082 917 3349 1279 3772 4473 2403 937 4149 4177 438 2479 538 2933 1444 4448 4612 898 3072 3078 290 2084 3645 1965 2818 3785 4195 2579 1761 3515 3270 2625 518 2820 4263 867 2979 3540 2061 2792 3720 4138 2423 4003 2076 1881 697 4973 3750 4529 1083 3146 2921 1591 2909 1313 1323
714 2618 1151 3477 4215 3748 3851 4222 4795 2193 3569 4971 2999 2878 4641 219 4874 3107 4215 3050 606 32 4595 831 4987 966 3752 2986 4571 698 976 86 1052 2814 3387 1790 1131 4257 3293 697 176 2897 1515 2994 4629 739 1064 2116 2880 4926 469 4712 536 1598 382 3512 1475 3941 3506 2920 3672 2128 4108 1378 2725 4127 1502 752 4152 446 933 2702 4339 3011 4404 4177 4340 2447 3795 3076 4880 3467 2589 2903 3840 4574 4788 272 2104 2803 2015 4341 1746 1630 3620 985 2242 2573 2533 429 246 1273 78 4514 1437 2474 198 4099 3538 546 912 2889 1694 4315 1104 4873 2912 2460 2506 3371 3014 4491 4121 278 3313 1902 3708 3519 431 4003 1666 3449 660 3065 4281 164 1728 1668 4009 118 3628 3436 2123 1651 4191 2374 4721 4563 67 3265 161 3491 1271 1160 143 1015 139 3942 2126 2178 2183 4316 4667 1551 2783 4602 2044 4501 2204 78 776 17 3101 207 3029 776 1818 2823 4190 3467
1333 1959 4328 354 3385 1221 4100 4498 331 4373 964 2853 417 3429 3181 434 2502 3558 4684 4495 2835 28 4998 4295 966 1203 3413 816 2249 1043 4245 4963 3288 1403 1715 4119 2943 3327 502 2221 2247 2925 539 1317 241 3875 1406 4303 4109 268 4992 339 4460 3959 614 3136 2817 2063 3311 3267 3027 1891 3074 2516 4576 2611 769 3281 3061 1813 1624 2283 4673 4038 4127 3153 77 792 2600 4960 196 3610 1957 4159 2200 2688 650 4099 2004 155 4894 2789 4757 1208 2064 1466 1466 4262 3056 3868 2322 1342 485 2545 881 883 3229 2191 4557 2303 718 1557 2154 3839 720 2533 232 4335 4027 346 4644 3776 1163 1312 1631 4520 4048 982 3990 2595 556 1714 451 2360 1176 4404 503 3236 3053 1426 2603 4957 2502 4858 2668 1883 4874 1438 4445 4126 4638 1728 4211 1570 3667 1687 4169 1293 4356 3336 1650 3887 41 1141 725 3759 4996 3113 1355 1821 2313 1868 3298 3738 2067 3148 3778 1485 3240 3979
4402 4040 1272 3977 4474 4627 3240 2281 2664 4737 4185 717 369 85 989 2746 2727 4312 4590 740 4491 4737 506 4137 3752 3413 547 3843 2942 3981 1157 4990 4445 488 4791 4981 577 3603 287 526 2728 2493 353 4623 1308 2826 1949 485 3013 1217 1234 808 1298 3928 4633 2006 1688 2470 4630 2812 3213 2562 4065 2624 4173 746 1332 4261 615 2743 187 2703 1548 3307 3594 1216 2489 3717 4205 4632 654 2815 4028 559 1973 3723 1903 3730 3386 3082 1006 2487 4904 2526 446 4208 3253 4228 3784 3808 2117 877 1622 3891 2377 2658 3916 4022 4798 1698 115 4888 3003 1910 1560 4907 4505 1404 1358 2972 3415 10 3083 1768 880 2943 707 2702 3858 1862 325 1393 2855 4740 3355 3855 2609 535 4416 1963 3499 3301 2888 482 1245 3279 1690 2391 4719 2452 392 2352 2585 211 2466 2444 4858 887 3639 4581 1592 2602 2174 1029 558 128 2908 4566 4998 2826 4807 4658 1295 1604 3577 1114 4225 2874 65 4360
1994 4892 1735 1253 1595 266 2650 3615 4390 1640 3387 4333 4423 167 4610 2325 1638 4488 3848 2749 3985 2571 2569 1270 2986 816 3843 2596 678 2203 466 617 3712 4814 4121 2197 518 633 1078 4056 3632 3799 2873 1675 81 1273 351 2518 594 598 2504 682 1340 3453 2957 2812 3453 1576 1857 2201 2227 637 4124 4155 1227 4106 4455 1396 3722 2019 3164 2316 1393 4846 3440 1493 4499 2439 3004 2502 4347 4905 4929 1371 834 4185 4164 3764 1263 3698 1254 715 3102 433 574 524 3822 2977 331 4970 1536 2769 2438 2920 4389 3588 264 4590 2397 1049 4775 390 1648 1906 592 1183 3750 2508 144 3610 2939 2619 2394 4548 4887 3895 166 2223 246 2022 484 1696 1744 2704 344 36 587 4964 2106 1324 571 2347 3453 1696 2353 2332 3785 3452 3645 1842 2314 1249 4198 3231 2065 2233 260 4386 3293 4577 4260 445 409 704 3870 1978 185 1320 1099 220 2711 4327 4015 4920 562 219 4073 4215 4787 1421
1880 2517 4982 810 2019 3528 4459 1810 1620 2036 4193 4643 4448 1360 4488 1413 1291 4058 4944 2324 3642 2642 4857 1679 4571 2249 2942 678 2759 656 2479 1127 2669 4614 3644 3018 4896 3381 3885 4858 353 1039 4486 3132 4255 234 2410 1634 2256 1692 825 4438 3254 331 1046 2292 4269 1933 1454 2953 4429 2331 333 1745 4009 376 4536 4815 2226 2717 2705 1326 1220 949 2740 684 4146 3048 3519 1711 2901 1914 2663 384 1553 2527 1513 1158 828 2514 1257 1114 4634 4937 4554 1224 3755 1933 1121 1160 631 2784 3491 2194 2336 2243 3661 392 2027 1348 3945 3148 261 54 1438 1720 4605 847 2191 3765 759 1680 3581 2601 4428 1315 3843 632 1467 1235 4363 2454 1330 570 1982 4732 804 1886 1464 4800 4846 4003 992 331 4244 1677 4305 40 4617 1721 2888 4391 4418 3622 3394 3160 1807 2963 2902 68 3685 1733 3492 3540 1937 981 1585 4709 2042 2704 330 701 950 2950 2160 1738 4368 2270 3664 2066
1990 4541 1760 2596 2580 4747 4282 3839 3763 350 629 954 1273 962 1557 1557 1814 4927 3663 1332 1670 1015 1843 3330 698 1043 3981 2203 656 820 2693 1212 3525 4716 2627 3817 1975 435 4089 4064 3824 14 4918 62 815 4494 1484 3256 1436 3518 1194 1410 1584 4714 2746 3855 2721 4531 4623 799 3705 3498 4376 3605 3936 2054 372 1047 990 1297 663 1817 3718 895 373 1885 582 2252 1171 3969 3125 2919 2924 1597 4460 2852 1690 2398 2579 49 2805 476 2119 1107 192 1109 4352 4835 1427 599 2919 237 2370 4863 1884 3087 2789 1607 2339 1737 3487 2745 2486 3424 4295 995 3811 3021 3537 2324 724 3844 1375 232 2952 4987 4466 4689 4330 722 2343 4787 951 3046 1592 3383 2591 1856 718 2325 3332 3129 4955 463 2326 4900 2071 4363 4671 1526 1395 2152 1801 2228 593 2760 4920 290 3913 751 566 2659 128 2296 4486 1089 2583 3346 1578 1623 1718 196 1743 1563 2700 153 2358 4565 2869 1734
3800 3084 1648 3743 3463 147 4488 1417 3228 3106 1729 446 4170 940 2526 3851 2109 1953 574 3750 2123 2940 2789 302 976 4245 1157 466 2479 2693 4432 615 4173 2037 1070 2863 343 3813 1505 4245 3434 651 4089 1430 2200 3670 3049 77 3819 2773 2680 3612 2672 3773 3525 1164 641 4504 3771 1487 3799 2728 2315 4733 2619 4892 1660 4824 3612 3437 861 3940 4029 1041 2402 464 4032 3399 220 2146 3296 4858 772 4559 2049 614 3135 4819 1426 532 2675 3890 3634 2378 2813 1597 3629 3343 2713 854 100 4981 4036 613 789 3242 3955 1789 4110 4402 877 4356 4667 2402 3552 3141 3144 1017 1856 1350 3999 2248 4335 1719 2298 327 3034 2572 432 544 28 1344 1431 1426 2443 1463 46 534 4176 2490 3058 930 2506 4667 1161 4563 3829 4226 3703 902 1681 2216 37 4613 3573 782 3512 656 1415 4066 571 3936 618 734 130 3541 1504 2288 1095 2031 1997 3302 1688 3795 648 3607 1626 1563 2688 2162
3819 2872 2304 1074 4916 3768 884 4916 29 3941 230 722 3737 909 2314 1567 2169 93 4348 1807 34 4605 794 3739 86 4963 4990 617 1127 1212 615 2202 4665 3618 1600 1337 2888 2426 2815 957 850 2602 2106 4484 3332 113 616 569 3560 4657 4569 273 3671 3672 3002 4907 3222 4987 4443 551 1713 1151 553 761 3047 3419 20 3604 4125 2117 4461 3419 1741 3484 4385 3699 947 457 4831 339 4529 1690 2434 2594 1431 1571 4627 3135 1746 3813 858 1296 1681 3161 2678 2447 762 1799 89 176 1580 3359 4241 4648 3700 466 2798 4098 2954 3040 936 3406 2819 4522 61 1813 4704 2243 3049 4218 1192 1399 4607 2157 4868 737 90 471 1507 851 4220 1595 999 3573 2897 558 3474 3698 2418 1614 41 1830 1600 579 3069 4391 4755 583 3874 2012 2934 1524 3452 4227 209 3582 2534 1459 772 4680 4013 3904 1146 3897 4064 1529 3868 3132 158 3596 4453 2049 484 3165 434 1479 2415 1957 2925 3795
4941 612 4171 3937 3900 2859 2705 1576 349 2560 404 3290 552 1325 2011 4829 2962 1379 3985 785 1728 2555 1558 4556 1052 3288 4445 3712 2669 3525 4173 4665 33 2835 215 4958 4888 266 843 3995 4895 1487 4261 338 4444 3853 3671 1486 2894 1939 1572 1765 4679 1787 3817 2404 2249 4232 2345 3902 4503 1628 2351 2176 1889 2881 377 269 66 3083 4262 1851 1829 2362 733 3432 3216 3324 529 4326 3735 4508 3383 682 4177 4172 3153 142 2473 3716 4467 1848 172 702 568 4364 3471 4896 2497 1441 4567 4817 217 2101 3115 3082 4515 1323 2966 1428 4036 2055 737 3428 4884 4801 4557 1689 590 4324 4607 704 4474 3850 3184 3465 3377 1764 2924 2142 2512 3479 3058 4770 3139 2000 3825 2629 1870 312 4422 3466 2924 2434 4299 2950 1113 2588 3371 2979 2701 2032 1838 892 1871 2599 995 4379 3927 1978 1834 4915 1172 2746 1667 761 109 3474 2797 840 973 1495 3958 3743 2419 4387 2261 4723 799 542
820 866 2986 788 302 2045 1582 3807 4583 767 1374 4020 1586 1421 3373 265 91 4006 430 2844 3967 251 4415 3257 2814 1403 488 4814 4614 4716 2037 3618 2835 2161 4962 2648 1926 4812 4726 1138 4655 2431 102 1572 2537 2884 3385 297 670 4718 2817 2221 2121 993 2481 674 3186 1189 1916 4497 4276 4342 1065 4149 2781 3057 3914 1755 580 1521 2548 2358 3228 1901 3299 4791 1247 3311 3422 1806 4256 2650 3768 476 960 1650 3205 2227 2769 4138 4604 4356 3429 3347 3054 2969 317 4437 3702 699 3269 2131 1265 1790 1313 159 4978 4376 3890 3628 3559 2552 3378 3887 1828 3131 2215 4909 1624 1824 2005 872 3234 1916 885 1896 2331 3249 1630 2766 3289 3580 348 3806 4469 542 2634 4935 4342 70 4994 2360 4554 4497 1154 3811 4095 324 3855 46 4780 1785 1306 1406 1067 3127 3426 2116 2783 4860 4546 684 4931 1261 228 340 2077 2345 2503 2530 3760 2528 922 1270 1568 3334 2797 2992 17 2228
2015 3788 2424 3453 3157 1952 892 3803 1518 3108 951 491 3987 2528 3421 3270 313 771 1040 4013 2874 3932 798 2763 3387 1715 4791 4121 3644 2627 1070 1600 215 4962 4238 3749 1916 1774 3579 2646 2254 2901 4478 2348 1925 4591 2441 4386 496 2405 4231 4879 1111 2880 1785 3520 603 2493 3793 4286 1273 2238 1962 1106 4520 289 2883 4187 2645 3057 4259 4061 4264 758 1814 2699 2005 2378 1282 3165 520 423 3552 1270 1178 2789 3182 1195 800 450 2457 1567 1740 374 2726 2216 4229 827 2954 4548 4181 4389 1490 3331 2782 224 308 1268 2721 4434 97 44 4182 4194 51 272 2889 1247 1042 4547 4827 3848 1610 4204 4343 68 909 3675 1626 1561 2006 2911 2041 3953 852 4792 4607 2149 2363 1513 4604 1349 409 856 3742 4913 3518 1117 436 2351 3456 3246 835 4518 2156 200 3950 1970 4401 2500 464 2603 4663 976 233 1212 1471 3748 4824 714 1028 1195 2443 2814 4459 3294 2036 3456 2817 4011
2827 1289 2703 3421 718 144 4460 2932 2311 2569 1687 792 925 3782 2209 3736 1046 3438 3254 4922 2395 2199 2126 3175 1790 4119 4981 2197 3018 3817 2863 1337 4958 2648 3749 604 3750 4943 2213 1822 1086 4769 1876 3464 2803 820 680 1575 1185 2519 4920 4236 1536 1221 1453 2358 1713 4446 1662 124 2223 1666 717 4554 4191 741 2380 3045 1816 4827 1833 574 3037 519 3951 2702 2624 3548 3709 2730 3825 2752 656 1404 2302 2760 2455 448 4397 929 1774 4036 956 826 2977 461 4775 3751 1531 3820 367 3441 467 312 3010 4003 3980 4031 4049 2184 1420 1221 3557 4921 1540 352 517 4223 2598 3961 4790 3994 230 374 2481 4225 4227 4664 3533 1710 4573 2731 380 2502 2568 1831 4652 1672 4994 4633 2826 1968 1399 3508 1304 4002 3899 1848 3882 3326 141 2734 4350 2007 543 2205 4760 1088 4590 3629 4212 3552 4913 3187 4468 2148 1944 3205 3439 2338 3442 1441 3385 3576 421 901 3486 3245 1916 1137
734 4107 4225 1484 939 721 3012 1824 2820 1754 588 158 806 4473 494 2449 493 197 3519 2441 4753 3286 1958 942 1131 2943 577 518 4896 1975 343 2888 4888 1926 1916 3750 4973 1440 1121 1218 1785 4169 2454 440 4137 4880 1486 2080 2357 2445 741 4372 62 4179 2733 1660 4222 1824 4136 833 4798 3873 4270 2840 885 1063 3628 2581 2405 475 4192 4001 3289 2504 3019 2012 3454 77 4801 485 565 2568 2550 4306 4734 4616 1943 3846 3059 231 877 2482 4370 15 2508 864 4178 3174 4696 1327 3923 1857 1458 4551 1857 1562 2139 1939 4573 2830 2886 3018 1099 1530 2547 2009 4917 3885 590 325 1804 4075 4786 3246 980 122 1542 3594 2024 4534 431 3734 243 2125 2343 1559 3329 2033 2494 3612 2337 1159 4053 3026 876 3025 2473 2290 4672 1991 441 4981 3521 1100 4699 2272 3678 2665 3790 3770 690 4282 2035 1111 1227 2113 2701 3184 665 3480 1202 1309 3766 3025 669 614 3491 2543 257 542
731 3482 3613 1762 1107 1024 4214 1471 2493 440 1914 4112 2248 3715 2125 4984 536 3520 2948 1854 3797 995 4593 2055 4257 3327 3603 633 3381 435 3813 2426 266 4812 1774 4943 1440 2635 1527 667 2344 1930 2164 956 4926 4445 372 3777 2622 1710 1180 1476 272 176 1945 2258 2040 4529 4305 1987 587 1194 1679 2993 3368 3400 4215 4138 727 2699 264 4474 842 313 150 993 3700 1910 3073 4719 4257 3004 4996 374 2437 1497 19 4068 2200 2747 1272 445 4551 349 3405 3531 1022 673 2808 3343 197 2049 1204 4498 2377 811 613 4670 3205 387 1934 4029 511 3305 3712 4541 745 3065 4529 37 641 1450 1676 1465 3092 4879 4306 3294 1134 4827 3098 1675 1321 87 958 3572 3684 3965 1306 375 4717 914 4311 560 1541 4352 546 3222 4666 4432 3281 3759 4910 1283 404 3195 294 3903 1496 3249 377 618 1780 4133 3810 895 1540 93 2482 4335 4803 2059 3221 3507 4967 1964 3419 1601 1742 634
1479 1699 1012 2827 2130 995 4866 3158 465 485 3726 929 2437 4663 4904 4335 1938 669 4040 2660 96 1806 1837 3207 3293 502 287 1078 3885 4089 1505 2815 843 4726 3579 2213 1121 1527 1021 4057 845 1187 2668 3078 3261 2080 172 1294 3086 42 4009 3163 3902 1982 3374 1954 3068 3128 3018 3132 301 138 3826 1105 798 2520 1236 4183 3796 4986 4727 4008 2293 500 2444 1316 3841 931 3277 4550 3816 3864 2762 390 1314 1846 4839 2621 2472 257 2400 717 2961 373 243 2004 4295 490 2654 3596 2559 3205 2014 4843 4889 3517 2760 1309 4135 2134 2047 3239 4145 1345 304 3557 2972 4067 1501 3371 3515 4019 572 939 4900 2360 4893 4219 2517 3055 1113 4577 3177 2956 2916 1619 1081 2481 2588 1274 1900 2915 1006 795 285 2266 2700 1481 706 3678 1890 3966 4117 4422 2492 4757 822 3188 2390 2917 2121 4382 1664 86 3895 4403 3087 2552 4783 3506 2087 970 3005 4211 1061 4400 3771 3959 4747 3474
2955 3482 402 4645 1461 2893 530 1350 2043 4695 821 4439 2176 839 1742 4679 1997 2648 4875 1751 400 747 523 3665 697 2221 526 4056 4858 4064 4245 957 3995 1138 2646 1822 1218 667 4057 3817 1424 1655 693 365 827 562 246 1265 697 773 4838 4193 4069 3141 4126 4783 1143 3704 1357 2373 3874 1872 3910 4520 1597 1115 728 3317 3607 4493 1301 4723 4684 1057 1185 218 391 3268 175 760 3839 4112 3400 3296 2851 3025 4841 663 4165 3862 2010 2937 471 3473 2829 871 811 3837 4464 4517 961 3578 3344 4821 3225 2638 706 2800 2276 3815 3270 1423 3111 1751 4140 4702 521 791 4308 4507 2561 3621 3946 1060 1804 4614 1238 3413 643 1573 2033 3165 1605 4587 2824 3097 4410 4974 2636 3980 3751 3292 893 539 130 1438 3510 4997 2264 2119 4834 473 1225 4600 2250 2598 3191 571 3832 1585 91 1104 2925 2501 1646 2995 3124 1693 2965 2231 1086 4119 3750 4415 727 1370 1682 4771 3571 3524
4959 117 3799 4875 4749 3610 2326 1253 1264 2308 4067 1789 82 3336 844 4233 1099 4742 3005 2858 3014 2678 1782 3227 176 2247 2728 3632 353 3824 3434 850 4895 4655 2254 1086 1785 2344 845 1424 404 3885 1679 3699 906 4478 4039 4350 3413 593 3972 1454 3168 3929 2953 2532 3907 674 1701 141 782 1707 2405 2960 4840 3766 3244 1828 4715 2172 2279 1571 1855 3354 1141 942 3861 729 2815 4718 2802 1281 1679 3273 320 1208 3803 4813 3349 1945 3914 4026 3466 4319 390 348 4938 327 4096 3943 1560 2515 2806 2773 2546 4005 4939 1489 330 3207 618 3626 2442 1166 2105 3841 943 915 2251 4996 2135 4786 1851 1015 2431 4934 1182 2353 3387 4544 704 357 726 1732 4403 3751 2158 4365 3336 1100 4002 4435 1815 421 98 4412 3036 4389 3616 2708 3629 2071 1132 1051 3993 2616 721 3700 1919 3649 1272 3531 1633 4949 4827 2531 3110 985 4945 4413 362 3223 1878 1748 392 2435 1522 3974 541 4710
3254 980 2527 3947 4925 2657 3809 379 3083 4454 4424 4827 4662 3279 69 4263 1549 728 1011 3443 3979 1430 2677 4285 2897 2925 2493 3799 1039 14 651 2602 1487 2431 2901 4769 4169 1930 1187 1655 3885 468 3903 2205 2963 4802 124 2387 3240 3506 2719 866 1168 960 3257 3590 3056 4975 69 304 2854 23 1880 1995 366 4347 3587 4338 1182 4474 4642 417 232 925 606 2029 3540 2196 2324 1913 3394 4110 4411 97 2366 4259 1536 1151 4670 4354 1862 1940 1913 4133 2167 4618 2879 3296 3741 2902 305 239 373 3538 4138 2808 3657 1582 155 2022 3531 1374 3000 1747 4708 2358 1782 115 4021 1861 3292 1177 2069 3464 420 4598 4620 2964 4650 1023 4641 2528 351 733 2699 2674 1221 1673 50 1526 1467 3825 2663 837 3041 2854 3475 1051 1922 4620 1137 455 2873 82 933 2133 1255 2564 3450 4904 3921 2613 4293 4018 1930 3748 3828 3283 4877 3246 242 60 868 2295 1437 4120 2340 1927 2172 2467
4358 1019 1237 2436 2018 4328 566 2838 947 1267 3837 2928 959 65 965 1283 2760 3074 775 1607 2673 960 1503 155 1515 539 353 2873 4486 4918 4089 2106 4261 102 4478 1876 2454 2164 2668 693 1679 3903 3026 1359 4874 2114 3161 2107 3157 4248 882 2348 2957 1308 1273 4929 3795 698 2573 3243 4920 4243 624 3795 746 3605 3853 1850 925 3765 4115 4964 241 307 1280 605 4199 1006 1344 2671 408 516 2715 1680 287 257 4183 2009 4962 4639 1392 4395 4836 268 1152 1464 2831 4710 2578 2271 1413 3616 3143 612 1419 2982 691 4682 2574 1459 4837 1588 3062 4179 1228 4692 4723 735 3604 4211 4446 1344 238 2068 1862 3955 3792 3273 1383 855 2413 234 3648 3055 678 2895 1621 3542 1617 4058 355 3390 983 2245 1454 1579 792 2930 3332 4101 726 4169 1500 2097 4770 2776 1601 17 2624 3450 4143 2866 646 1453 1169 2559 291 3927 1330 4953 3052 3039 4091 1535 4187 1823 4160 1283 2446 2282
1426 647 2252 1461 4089 4727 1358 4085 3181 3419 2004 3697 2892 373 2748 4265 1262 3005 815 2450 352 2503 774 762 2994 1317 4623 1675 3132 62 1430 4484 338 1572 2348 3464 440 956 3078 365 3699 2205 1359 413 3389 1691 2904 3138 1092 908 372 3848 1293 554 528 4198 4792 1563 2652 1024 1028 1105 1365 1369 178 3104 1619 4322 2705 162 2575 2879 645 4545 3861 968 3697 579 3221 1710 3445 1010 2746 3806 2359 721 2719 3025 2062 3755 1296 2337 971 2669 655 995 4068 3230 4118 3742 903 1876 4677 2904 3415 297 1208 4764 697 1471 3262 2918 1356 3430 2179 2971 4751 65 616 4292 1093 1212 1849 4145 3310 3985 3827 4899 3555 2734 4120 4321 4897 848 4365 1012 1281 2320 4101 3355 4064 2903 2670 2619 304 2544 4062 4541 3721 3234 1423 762 1419 2699 2647 4416 4415 1813 78 577 3304 2969 1175 974 1594 2996 603 3555 3621 2128 2487 4578 285 3760 3747 786 2703 1793 226 2589
2052 1651 1703 685 3520 1355 1657 2727 2490 2887 2539 1887 3623 2183 612 3045 3550 2507 3132 522 4330 4838 2942 3011 4629 241 1308 81 4255 815 2200 3332 4444 2537 1925 2803 4137 4926 3261 827 906 2963 4874 3389 2172 4236 2275 268 3266 2715 4009 3025 4236 3806 4675 2783 36 2736 2300 2151 1522 3559 3172 2508 2469 271 1691 2448 99 1328 3213 1694 377 1775 269 2977 2360 4604 2796 1175 3562 3240 3846 3122 457 4318 3636 1996 4822 189 4721 1588 1333 4341 3026 2705 125 3268 356 4387 4919 4573 4837 3916 4943 3761 2340 3905 1625 226 589 830 1107 2194 1590 3754 3458 3964 305 2387 2222 4693 4443 4091 2508 3729 1635 632 379 3552 2651 2153 1323 3632 2923 1508 637 2395 41 3397 2822 760 421 3382 4325 3364 2710 2080 932 2527 3632 3211 613 4003 3875 563 2517 34 2501 158 3392 1230 1131 2490 1514 4497 3736 1782 4108 2255 2809 1648 1965 4432 3273 2198 2712 3785 2468 2098
