N: 180
M: 20
Symmetric: true
Triangle: false
10 34 138 25 159 58 155 62 33 123 137
14 117 66 81 171 154 5 130 79 37 92 13 20 88 134
11 40 128 21 70 7 22 151 24 49 150 144
7 45 53 170 78 47 122 166
9 156 110 87 139 83 57 1 42 18
9 169 32 6 160 127 145 89 135 51
7 131 180 48 112 132 168 86
9 98 165 125 172 67 71 46 140 115
11 108 4 72 29 9 12 177 80 126 69 14
10 141 15 103 10 178 27 94 2 174 19
11 101 93 43 146 82 50 73 30 124 109 104
9 56 39 99 52 106 167 142 3 84
16 133 76 74 44 31 97 152 149 179 38 120 107 157 129 23 163
8 96 147 114 11 164 85 175 176
6 143 63 90 136 54 64
12 59 8 17 55 61 105 68 77 148 161 119 158
8 35 111 36 91 75 100 65 28
4 95 121 60 113
3 153 41 26
6 173 118 116 16 102 162
1584 210 4795 4933 2085 1448 3680 1555 4130 4537 380 1425 515 4729 4056 3561 216 1005 4698 2650 2459 3247 2427 1226 4720 3635 1763 3740 1937 4063 4383 1016 622 453 902 2454 142 1627 1912 2379 4101 4854 175 4567 3502 2878 4170 378 2538 1533 3784 3159 1354 2012 597 1730 804 1578 1643 4828 3149 2204 3566 519 2141 2747 3424 533 1202 1399 4665 2685 3996 904 3343 4013 1020 1859 3121 1530 2148 2269 3563 3317 1920 866 4726 4141 1567 681 3642 922 752 4358 1864 3586 4211 3134 3736 123 2279 467 194 2048 600 371 2584 4417 2454 224 1709 4230 4671 2409 4861 2435 491 3620 1142 54 3329 321 3846 1537 4899 411 291 4400 1797 595 4476 1218 728 2654 1695 947 204 2439 648 3799 328 4600 4621 737 2594 632 1730 895 683 3577 4982 239 1456 4196 4173 2295 1824 2460 2825 1178 3680 3569 3869 3189 4450 3679 1890 4833 1907 2100 619 2163 4022 1506 2009 2964 2453 4087 1863 466
210 362 700 2110 72 4392 2689 4810 1153 1915 2223 860 3806 3835 1557 1545 2809 1268 3355 244 3171 4995 1713 609 416 3261 61 44 4832 594 3208 748 4170 4034 4506 138 452 3205 2378 3723 4093 3098 589 2927 2968 897 3203 872 2251 1104 1271 2300 2626 4984 2053 4957 1456 2136 940 2224 4736 310 2408 499 2169 4178 3000 51 4135 1440 2700 1310 684 1187 2560 2575 1776 3847 543 57 2057 1870 3461 1417 1032 4749 4541 167 201 1227 3985 2720 779 183 1091 3735 2466 3339 2010 2973 3847 2102 1534 993 3192 2074 2657 3184 1287 3796 2542 2028 270 3013 2337 1447 4526 500 3798 2180 2288 2780 1078 866 2431 3448 285 743 975 2113 3659 83 1480 4750 4456 2706 505 4129 3959 3163 4906 2428 1344 4247 4612 1238 1829 2600 1357 4802 1356 1428 1392 4274 3670 3120 173 1270 2319 1953 22 2841 752 4230 645 3743 904 4869 4264 1343 3896 1139 4180 3070 4057 4160 1907 2604 1209 1529
4795 700 2263 2788 1252 4504 3230 4212 3090 4852 4756 4389 1367 1550 1448 4966 4388 2014 941 2289 4923 3645 4068 2405 4816 4852 1012 4982 1518 4724 4753 147 552 3714 264 3611 4186 2864 2230 808 4895 927 3314 4501 4249 1268 846 3706 2709 3024 3134 2340 1105 1714 1137 1221 323 753 2643 2997 878 990 1163 1141 2429 3791 712 3193 3148 1858 4976 4142 2735 1089 3596 4429 1854 216 581 2962 4602 3075 568 3585 4637 1040 604 4558 19 3784 386 1216 89 238 1890 157 2943 4146 686 3172 121 4175 2611 4042 3503 262 13 2493 1068 4883 1280 861 3994 266 2008 3189 4224 199 3361 1820 65 521 345 927 3657 4120 4047 821 1132 188 4646 1007 3137 3074 4535 1695 2381 537 1861 2212 3754 1469 2890 704 3872 1647 1955 3143 4401 2249 3291 368 1114 379 198 2605 2806 4013 2996 2780 352 526 3398 210 566 516 2571 4058 1463 3944 3595 1075 3821 4566 3161 108 644 1565 1242 2253
4933 2110 2788 1096 260 4605 3460 3027 3703 3947 1619 1983 4322 2478 1535 2811 2765 1360 3311 4669 3274 4859 166 1037 2739 212 3348 1617 2240 1120 1027 2524 4631 3811 3719 3634 2907 4251 709 3717 4327 4178 1598 2494 2403 3387 3666 4920 129 1872 3041 3198 49 4027 4599 4744 839 3229 3901 3967 1160 3770 208 3758 4971 1471 3279 4280 283 158 3908 327 370 75 4403 469 4026 75 2020 4078 2370 3084 3525 4662 1947 743 605 203 1157 2535 2665 1420 390 2783 3369 4999 786 3052 1918 777 4269 4111 382 1923 1138 94 3776 4680 206 1860 2014 1143 1199 2539 4630 3431 2247 2319 2583 540 4970 4626 4855 1938 1339 2849 2690 4152 2376 3347 3896 2994 1506 95 2338 4553 4154 4939 651 3963 2508 310 674 2410 4229 3980 1730 3506 1985 705 2463 2486 2224 1531 263 1490 3008 4518 4468 3632 2535 228 2694 1065 1809 1113 2774 4222 2865 2886 3924 1757 964 73 3760 696 4749 2436 4797 4199
2085 72 1252 260 2708 4667 2733 109 4226 2951 4438 3238 3782 1850 3252 3819 2271 592 2775 4741 4484 368 4166 2788 1609 3822 830 2074 1679 4689 846 2068 2446 4340 2284 2147 1439 3095 2611 2467 714 4187 3863 4569 4893 372 635 3199 456 4487 1286 3888 4965 3516 4791 2473 234 1915 2308 775 2857 3426 572 2065 541 3772 1875 2532 4740 751 838 2602 2992 713 629 1050 850 4139 2366 150 3104 2527 471 2221 1505 556 1797 2603 514 3888 2079 4927 3409 1479 3396 4774 547 423 835 3026 4947 3684 3365 1497 4552 1761 775 940 754 3272 4748 2063 708 3622 3992 1535 1179 3784 1256 3826 1468 1724 2136 1996 4262 1736 2544 143 3941 2462 530 4977 1767 193 3358 30 3199 3719 3050 166 3338 3865 1748 3933 3030 646 810 65 4485 4746 4713 2476 856 1201 4403 3770 2240 2588 697 2070 1871 242 1536 161 1408 4243 1245 2616 2813 4720 519 4560 4999 3171 2787 341 1153 4968 4666 3409
1448 4392 4504 4605 4667 1111 1941 1567 4326 1251 3071 3644 4105 4381 2780 741 3439 116 510 4941 2160 2517 3418 3309 3135 4318 2959 2333 2066 3543 1535 2852 2582 3192 1597 2577 1842 732 1721 111 912 427 1322 3807 916 734 2882 738 2613 2416 1881 2347 74 1839 3690 4940 4646 3458 4680 1510 70 938 928 224 2911 1196 2740 4602 4108 4023 3595 279 2730 3490 1242 2321 3429 2143 343 4950 4718 1731 3922 3898 3761 244 965 3104 2459 4527 3622 4289 3758 1787 1553 3159 878 4443 2881 1153 1058 1218 3036 3258 34 3182 2990 1523 1254 4500 3471 986 2828 1059 4855 2812 672 1817 697 501 2000 2124 1687 4686 1108 4635 2624 1676 1530 2240 4413 4806 2451 2594 19 3067 3122 185 4428 1918 1554 1040 2797 1800 2851 1119 3653 4028 1597 3525 2573 1088 2105 3156 3475 2088 3648 3434 4787 2363 1468 2871 355 4313 1044 4915 2270 2151 4470 3725 4662 363 235 3933 683 1154 707 2747 1528 3352
3680 2689 3230 3460 2733 1941 1054 3129 83 4495 280 2188 1514 3121 2963 2374 4168 4927 3178 1767 2005 4966 4476 4720 2694 3641 141 362 196 1174 3962 1652 3147 4097 3930 4796 2974 3379 2352 2737 4577 2509 3086 675 3145 3690 2896 251 14 1003 794 1542 591 2579 4989 3002 2350 1235 4740 2202 4100 2606 3123 691 1649 2934 4869 3409 1158 376 3484 4768 640 2025 4441 4299 2340 4185 1445 2855 3686 2854 989 675 2035 3683 925 2088 1265 388 3340 4730 1230 296 456 3858 3166 3657 3480 2920 1476 2227 467 4754 2513 2353 916 3002 3073 627 728 1054 1067 2385 2375 571 1762 2491 650 3505 2514 1022 4423 943 1556 3415 350 1913 3039 4090 586 585 786 976 652 829 3637 1821 712 3934 4755 3513 4840 84 1507 995 919 193 278 4064 3587 4675 4092 1024 2189 4899 4576 3355 4115 2300 3925 1880 2680 1336 210 2826 426 3715 3786 4137 3151 3989 1056 4182 4880 142 1231 1564 2221 3364
1555 4810 4212 3027 109 1567 3129 4488 3537 1264 1670 3694 2903 2470 2260 4613 1558 2752 2920 1528 4893 301 2906 763 4149 555 1394 4031 4277 139 2942 1828 1002 2183 4799 3816 1448 1738 3353 2419 291 818 3275 1165 2154 2166 4496 3880 4884 2387 4494 3087 4381 891 4399 2007 4882 479 90 3828 41 1482 2944 1442 4564 3295 2138 1898 2372 4448 3590 2333 2606 4794 1389 1684 4724 463 3092 3542 3763 4798 1344 3055 1788 4145 1457 2608 2117 1416 4280 1926 776 4381 2746 341 2899 3297 99 897 1448 442 1002 843 2958 2054 2844 186 2578 4610 1754 2014 47 3969 1673 92 3591 888 4026 2954 2390 4077 1860 153 214 1298 2237 1408 1832 2225 2573 985 4766 1571 4382 2233 3726 320 1823 1153 2062 1580 516 1194 1927 2312 3697 371 4632 2406 3739 4999 4663 298 3399 3461 1905 173 3363 4532 940 4667 2281 2983 3387 3205 2820 2980 3122 922 4510 3988 547 2440 195 2719 4142 885 821 1695
4130 1153 3090 3703 4226 4326 83 3537 1762 2172 4874 4392 362 3767 2769 2862 4110 4667 2508 4540 1959 2799 286 1836 4047 4839 4454 1951 2741 2354 3327 2743 2786 1529 1626 2819 285 120 2195 215 1230 2833 2083 430 3984 462 2817 2811 4525 4009 3325 1498 2097 3972 3410 1676 1630 409 712 4066 1528 4186 1141 3604 2957 156 2057 4337 2500 3846 3150 1094 2342 257 3445 1981 3990 137 1673 1136 3027 3446 2991 446 3332 2986 62 1415 3142 3150 1155 978 3941 2806 2695 3003 2704 1444 619 1463 4955 1226 2523 1681 1126 4489 509 2439 3042 27 206 2463 878 1181 3369 4412 3734 2182 2378 3158 3074 2308 1786 2732 2947 954 2350 452 4309 684 1369 1879 4286 1165 4138 195 2649 4609 512 4745 3010 4486 4261 162 4898 1944 1808 2513 1214 3350 885 4515 4134 1207 4170 4152 4546 2904 3339 2984 3687 2154 2656 3362 3421 1672 68 1153 834 624 4511 887 3299 718 2324 1706 3370 3635 2507 191
4537 1915 4852 3947 2951 1251 4495 1264 2172 1435 3104 3917 2502 4198 2584 2020 57 4084 4703 1804 4959 907 3798 3082 4929 3102 757 3404 839 297 1863 3972 209 3576 2013 2651 2304 4082 3649 483 2372 3982 4371 2964 149 912 1580 2770 2603 2361 4076 2905 4043 4929 4087 258 881 2554 2837 2066 3263 4826 4005 4431 2485 4345 1185 2088 4931 353 4489 3126 151 335 1584 1536 3740 1774 3438 4118 1741 1064 2362 2928 1312 4008 4659 4578 3797 1810 2895 144 2320 4616 4867 4869 4168 4968 3947 4873 2428 3893 3314 3803 4741 4589 1916 4379 2593 4194 4026 4964 1900 683 763 4631 3505 111 745 536 260 705 2074 1550 2018 475 4684 3352 32 1772 607 3297 977 2288 1472 544 519 3896 3925 3403 1838 1134 229 57 1357 1644 3227 4584 707 3361 3515 3274 580 1782 4954 1903 1683 1235 444 4203 4680 2282 998 2159 1504 563 3119 4164 1528 2817 1994 3786 4844 2730 4080 403 3220 4858 773 852
380 2223 4756 1619 4438 3071 280 1670 4874 3104 650 856 184 3013 199 2201 661 3270 3994 4187 1899 2017 2796 842 4193 1684 957 1426 746 385 1547 3752 4058 3027 1619 1736 4041 4127 4039 1593 2889 382 4067 3828 4019 63 2376 3135 1226 3277 875 2554 625 3669 2824 3388 3630 4416 2515 1018 85 4532 839 1144 1368 1993 2407 1017 3948 4066 1872 138 1784 3508 2564 1271 4143 1636 560 4590 283 2071 3151 3545 1198 2055 4737 2829 3128 2459 3787 3534 1271 1951 3389 1627 2217 650 571 2730 748 1518 4025 2383 186 150 3051 2367 3428 3457 1684 4361 4595 3051 3995 1543 126 538 2009 1603 3545 4042 1979 4123 772 2489 3895 4664 3567 1750 447 1095 461 1067 2304 2680 4349 1283 254 770 1121 3351 960 919 3843 119 1059 3965 57 302 1897 2069 4004 4648 4133 1500 2045 3336 495 2858 410 1895 3032 2423 1477 3567 3545 4178 4200 1000 3831 1190 814 102 3315 235 1394 3285 2886 3714
1425 860 4389 1983 3238 3644 2188 3694 4392 3917 856 464 1013 2494 1835 2948 1522 674 3408 3476 2548 2076 1783 3744 122 2626 444 3008 4538 3877 1625 1594 3534 3703 2926 1767 3243 1807 2992 249 2817 4664 1377 4607 2713 3714 834 2575 748 2053 3909 191 2261 4015 4677 3870 2537 1753 3310 632 2849 4355 2780 1196 1089 3911 919 152 2044 2270 4096 1267 3994 197 663 3337 104 4429 931 4708 1244 2145 2425 1441 4873 1125 4948 2493 3148 3983 3268 3674 2151 3297 2333 957 1599 4593 2164 4208 2993 3012 3817 4595 3695 4277 4536 3578 4981 1482 2700 1743 2862 2137 3234 1437 3697 1867 4003 1673 3308 893 406 1796 2928 4271 865 4230 4543 2208 3587 4736 821 1717 2500 3505 3734 3597 3876 4510 2360 4047 250 1227 661 4624 263 1574 1441 3657 2042 1214 817 4787 2399 1444 414 1173 1509 4295 4874 646 3215 2692 4149 4275 3764 1702 3527 3061 3216 4295 401 1145 4918 1151 406 1189 4768 3963
515 3806 1367 4322 3782 4105 1514 2903 362 2502 184 1013 1094 52 2724 3020 3133 4753 4172 4553 318 4785 4833 268 4785 4559 4605 2427 2915 1634 838 2033 331 582 4281 2127 3117 761 1564 4739 3828 1706 4714 4159 1573 2504 1537 4983 2540 748 4003 752 1603 4619 2441 2354 84 212 1496 3258 2862 830 3241 1776 3587 929 4817 147 2783 3758 1280 2246 160 742 2142 4355 3392 4459 632 4739 3011 797 2633 3268 1408 3413 1749 2664 4830 3890 2174 3681 641 734 4143 3717 3901 4627 2558 3121 3784 3824 1145 111 392 1096 2291 3408 3996 2783 3094 2219 4057 2224 936 441 3859 741 814 3780 1543 3276 3349 2753 1012 4211 2273 143 871 1512 3376 3213 3790 1902 1349 2927 2024 1326 3342 4763 1332 708 2453 4020 2279 2636 3247 841 116 4711 3180 1053 1494 1801 3630 4741 3044 3749 140 571 4075 441 3183 743 2613 1686 2767 2088 3358 2754 501 73 225 300 3433 4324 1588 1149 2862 3892
4729 3835 1550 2478 1850 4381 3121 2470 3767 4198 3013 2494 52 1712 3980 1789 932 780 3414 3043 2087 1575 968 3035 2947 170 4222 4745 2684 3693 3160 1742 1101 2785 3190 4476 1819 2428 4061 1277 1955 4048 2047 2695 601 500 1406 3229 3728 4489 2323 3962 3589 36 2119 32 2441 4424 1696 3846 2996 1580 4531 1247 2854 2045 3325 4561 2087 3654 738 1300 3853 4385 195 3558 1891 4662 4377 2048 4782 1255 408 2089 3255 3667 2996 2407 935 2202 4885 609 3513 3862 4592 3711 1686 4860 1123 3988 2892 2592 363 4361 2379 497 2864 3254 2171 3477 3626 4662 4506 1898 2367 818 2562 4146 2050 4975 3277 3308 2667 814 4238 2662 1282 2951 2709 4274 1960 2344 2137 2105 2926 155 1908 4262 3753 3248 363 1537 4345 4788 1221 359 3724 2973 2130 2339 919 1623 3565 3485 781 3004 3560 908 4418 475 824 546 3812 1372 910 1684 1884 4686 1860 850 60 3553 1920 1989 3217 1745 899 320 738 206
4056 1557 1448 1535 3252 2780 2963 2260 2769 2584 199 1835 2724 3980 2182 3942 1614 3990 4451 528 3410 1808 85 2657 1171 1381 4676 1098 4430 1473 1257 2504 4663 2700 3980 1203 1184 3826 3336 4156 1900 2465 278 2387 4323 1909 161 339 4929 808 1414 3433 4750 4488 337 1879 3509 1599 2413 2172 2877 2556 927 3263 1288 45 1336 4150 4276 217 884 2471 3753 1330 4502 2888 2492 2343 1615 4208 4396 4562 2986 2628 1494 4633 4939 1976 1892 269 4293 4243 2453 1017 2145 4059 4367 4295 1292 3457 3762 357 2459 4564 1585 1889 1823 3928 772 1887 1282 2799 2594 3937 4305 1682 4335 4896 1884 2331 3209 605 4945 3337 2729 3188 3016 2295 1102 10 3860 2064 4673 175 1898 2128 2369 4929 820 2131 2247 4807 4577 770 2838 207 2863 2501 3577 3036 942 2325 1611 4789 579 4975 1380 3756 1468 1725 550 4284 3835 2257 2121 3720 789 1758 2360 1492 2010 2001 1191 2044 4162 1566 3293 3812 4307 1422
3561 1545 4966 2811 3819 741 2374 4613 2862 2020 2201 2948 3020 1789 3942 1712 2634 675 1739 332 3894 762 2455 147 1393 4322 4692 3593 2734 40 786 2855 935 3470 2847 3304 223 476 526 4297 2149 4208 4517 3156 518 638 1032 2223 3669 1468 1393 4059 4341 2831 2274 4302 4286 2395 4687 3023 4651 4999 1118 2490 197 3988 3747 4257 2367 1177 4104 759 4142 4601 4092 4512 2841 1505 1927 2229 3765 202 3980 4330 2620 4152 3300 2702 1586 2532 4114 756 2718 4914 1773 1003 227 2577 4121 2921 4933 1555 4258 1972 4091 1869 3723 3793 1531 661 156 3939 1530 1466 1267 4203 4641 1250 994 2352 606 846 740 1434 2863 3656 1933 4189 4393 2625 2844 638 3620 4872 1815 2404 3236 4577 2462 2290 576 559 3533 4741 3449 3245 4323 3155 2637 2779 2170 3402 3894 1274 2512 1654 2985 1155 150 2910 1353 2149 416 1409 861 1677 823 3290 151 883 3285 919 4582 3096 79 959 1362 1902 2727 1553
216 2809 4388 2765 2271 3439 4168 1558 4110 57 661 1522 3133 932 1614 2634 2390 4678 2995 2712 4309 952 1648 413 689 4153 403 3179 2899 1648 1960 1591 2737 2776 2598 4143 4159 3845 2815 4532 4966 1576 465 4075 4252 3455 3841 4011 3045 179 3742 106 2768 3558 2280 4039 742 2168 2366 3266 1404 889 2363 3823 3026 2442 1322 3926 2788 2826 4794 1370 2958 1823 4976 1172 4044 114 2114 4381 655 4234 667 4771 1995 3945 3951 3629 2166 4760 1444 1192 4063 1132 3969 4953 226 4879 3233 3724 4833 2951 579 4934 3329 3994 367 2637 3568 3536 691 3595 2109 3662 2722 2405 3925 2699 2899 4993 2559 2477 4816 2079 1443 4039 4535 4782 3899 1718 4915 128 3148 3860 3040 4243 3279 1233 4702 1253 3191 823 3466 38 3087 396 2467 2416 3396 2735 435 2755 507 2913 2164 3290 1469 3944 2025 347 2983 2721 3305 4418 1378 3682 3835 720 3465 1689 2153 4517 4636 3436 3026 2691 2831 4906 1146 767
1005 1268 2014 1360 592 116 4927 2752 4667 4084 3270 674 4753 780 3990 675 4678 4250 2233 236 105 1073 357 4141 4082 4523 4764 3864 3540 2126 3839 3426 2121 4981 2170 4532 2182 276 4604 3941 4820 598 3328 2640 1608 3017 2940 1109 1499 4533 435 4023 4890 263 1390 3806 3289 4730 1970 2396 1562 2793 971 529 2633 735 1602 3990 1529 738 2931 3622 2537 1917 441 1513 892 3081 4729 1727 2101 1077 4298 4157 1937 4017 1934 440 964 1956 1281 3442 3450 919 3986 1729 952 1037 4631 536 2066 927 2889 3930 1449 3842 4973 847 4154 1060 3055 2996 1894 4783 809 4035 3231 4535 4685 586 634 4134 2898 15 4591 4229 1023 383 1673 1376 1345 2311 4418 1795 4586 3213 1038 2318 2161 2227 3269 229 384 182 4545 4458 45 4596 2708 1766 4953 192 846 3997 762 2888 4069 117 2395 4916 3212 434 4952 1816 3716 2828 1967 4486 4071 943 3219 979 4597 3857 4615 1339 903 2968 459 1635
4698 3355 941 3311 2775 510 3178 2920 2508 4703 3994 3408 4172 3414 4451 1739 2995 2233 2466 653 900 852 3964 3152 933 4687 544 1832 305 794 13 3695 2139 125 3283 2428 456 3008 2898 754 2081 2829 2904 4393 1076 3880 2841 617 3835 1178 2721 1735 3088 2960 815 1356 1438 4703 1369 3999 1049 3972 1752 4477 2257 758 1678 866 4768 2243 529 3497 3486 2397 2444 1150 1397 3825 1030 1762 2425 3292 3843 4999 1482 1922 3375 4447 4943 4102 298 3578 2536 3937 4679 1494 4697 1423 3313 126 2645 4152 210 2627 990 4635 2890 479 2301 1910 4244 2687 3735 654 3713 846 4624 939 1532 922 3731 411 1326 2668 4277 1142 4986 1340 2360 1775 274 1491 986 4218 1923 4951 4850 4308 2801 1937 4262 3691 1961 3608 3522 3030 160 865 922 3113 3106 431 2754 2431 1702 1070 1552 2552 4371 4686 589 1322 2029 4453 1167 3460 2789 4841 1194 569 2033 438 3344 568 3882 1499 2839 2522 4018 3638
2650 244 2289 4669 4741 4941 1767 1528 4540 1804 4187 3476 4553 3043 528 332 2712 236 653 2653 750 4651 730 139 1373 3086 1852 3764 1287 2291 3847 3061 4421 40 295 3075 3124 1233 3057 3625 2736 1459 4204 3158 3353 535 1229 1939 1705 2223 575 706 2398 2873 1309 2650 1223 1626 1085 3862 1179 2940 1541 3279 2507 3158 2147 2351 691 3348 2158 4721 3709 3469 4784 621 1284 1930 1271 3754 2065 173 4916 2026 4064 2617 4817 2162 543 1252 3041 4506 4624 3441 75 4777 922 3181 3411 420 4962 1148 3050 2413 3666 1913 3427 1356 4903 4770 4374 2753 431 4403 100 3914 2378 4541 1612 1039 1601 52 3591 402 426 1543 3150 3306 3385 2307 1406 776 353 1493 4410 272 1707 164 759 265 3001 4485 2059 4030 1913 996 3184 4781 4176 830 1019 3862 2348 670 60 2327 4687 1433 899 1550 2317 1895 2034 2371 1998 1653 2685 2412 3286 3834 3989 2198 1669 1909 3509 3703 2220 2556 3256 289
2459 3171 4923 3274 4484 2160 2005 4893 1959 4959 1899 2548 318 2087 3410 3894 4309 105 900 750 4094 2233 412 902 936 3160 184 1281 2333 1194 303 2172 4460 2911 2557 1779 4357 2322 1815 2526 2605 504 2012 3603 4574 1730 4747 2649 1882 1156 3426 148 1080 3310 2475 430 725 1182 415 4244 4760 3312 2210 3889 930 1607 3708 1373 2579 4868 2058 1665 4398 98 3289 4911 629 3981 236 1253 3254 1874 1171 3295 942 3215 4692 4809 2727 2230 44 2545 4559 878 3579 2410 4861 3841 4831 2961 1395 4536 4557 4691 2420 1917 4483 1163 1254 931 1702 4512 3487 4865 4658 2167 4295 3276 4105 1280 1621 1422 4526 2618 1753 1024 1231 4000 288 4844 4688 700 2205 1561 650 3357 4176 2229 348 2804 305 3815 3714 4166 4655 3658 816 2134 3389 3877 189 858 4687 2352 3960 157 4679 3999 4368 958 2298 4260 2557 4018 4383 816 3174 2797 4865 3597 1834 3019 1008 2451 777 228 239 2428 3999 3524
3247 4995 3645 4859 368 2517 4966 301 2799 907 2017 2076 4785 1575 1808 762 952 1073 852 4651 2233 1199 533 511 4899 4193 2804 252 652 2643 461 1588 2811 224 4329 623 4999 2872 4891 2922 3756 401 975 1487 2200 1432 271 496 4710 2132 2986 3509 256 1215 885 3553 2289 2316 4552 4443 2536 3581 3205 3939 2258 194 4620 209 1925 99 1531 3414 2813 625 1746 4749 3070 3911 1740 3654 982 4291 3068 2262 3210 3342 2591 3720 1811 1457 281 2201 1300 845 1342 4014 3657 3543 2608 2109 2046 818 265 3409 4880 997 2176 2307 1148 1364 1410 1400 2245 4238 4241 3462 1051 2240 2203 1981 4503 4904 2831 701 3690 3295 1909 830 4935 4289 4596 4136 1706 950 2965 4740 4152 4893 3442 1355 3991 3693 2487 2709 208 4460 2601 3363 4480 2026 1358 4293 1735 1313 4097 2505 424 4595 99 4463 4547 1825 1971 1002 3181 3928 3951 3620 1114 2153 4640 1464 4966 1105 3878 221 4894 3165 3665 3708
2427 1713 4068 166 4166 3418 4476 2906 286 3798 2796 1783 4833 968 85 2455 1648 357 3964 730 412 533 421 1861 2217 3159 4404 3398 106 37 2704 49 1852 4507 4119 787 4524 4234 4842 4566 1758 4119 3885 306 1855 3941 4303 3435 193 812 1262 4007 952 2931 4378 4174 404 1462 4896 2829 4161 3946 2073 4653 2481 1912 1983 3227 2981 4201 1574 553 4520 1398 3599 1563 2146 2011 2637 2749 2356 150 767 4023 3962 2804 1923 2778 2419 1338 1845 2373 705 3901 1654 4091 816 2150 4277 4864 1852 3510 3806 1676 3936 1040 2685 656 994 703 458 753 3589 897 4521 2329 3751 2527 394 4478 3574 4678 4827 1665 2242 3092 1573 4585 1715 2315 2880 3478 2837 4218 4562 4298 4670 4805 261 2017 2255 2597 2574 2568 698 1845 2450 4928 228 775 1497 2620 3616 54 746 2851 1606 2362 3874 1248 492 386 161 320 309 33 2031 3652 602 2354 3417 715 2704 2206 2027 682 2163 991 354 18
1226 609 2405 1037 2788 3309 4720 763 1836 3082 842 3744 268 3035 2657 147 413 4141 3152 139 902 511 1861 4078 1379 2660 1294 98 3258 295 4217 2038 4807 3630 4775 803 4367 560 4210 3483 3346 4860 2788 1255 1649 4380 2985 2191 2840 696 2174 3425 1244 1104 4528 90 4450 1540 1871 2105 1246 1328 4136 2559 1531 1787 4454 2278 1277 1580 2815 2725 1803 1223 3122 3540 4528 2371 2509 3444 4186 4414 362 2220 3388 974 1975 4311 335 2533 3428 3909 2450 725 3138 3567 1836 2870 706 4624 3346 2845 4046 473 1316 695 4034 4682 1325 3411 3623 1613 959 850 2715 2825 1487 4939 1099 2525 3477 1113 959 3016 3013 886 3375 2172 3832 4977 3600 3046 2231 4355 1724 1689 1820 1793 1736 4728 3514 3646 3169 2943 2449 1428 2283 4358 3727 2071 1054 2251 2144 4674 590 252 4489 491 2010 1678 2776 2341 4540 1167 2134 1816 626 2050 3710 1386 2710 2548 1217 2853 1676 3580 3516 3205 1218 3426
4720 416 4816 2739 1609 3135 2694 4149 4047 4929 4193 122 4785 2947 1171 1393 689 4082 933 1373 936 4899 2217 1379 1992 2022 1139 1445 3527 1252 270 2449 351 3157 4178 1910 4465 3219 3318 2745 2181 4936 3697 2993 1208 4250 4904 1402 1542 1422 566 1315 88 3361 538 2830 1552 3779 1527 3538 3429 4140 4379 4140 942 535 3420 1866 4414 1345 2228 3890 4509 4209 1862 4439 116 4287 328 2795 4484 109 3803 2474 3495 2842 1280 3716 1522 2299 1297 4594 4727 1104 3746 4268 4805 3023 3005 1357 4188 1045 4165 3346 1814 4436 2498 936 4738 2303 4225 4966 2553 4278 2869 1011 4959 2296 4445 2310 3111 2766 1763 4904 2862 3098 2825 3096 4233 4686 929 4085 4973 1793 760 4099 788 3609 3321 1503 2533 1560 3930 1490 4834 1746 543 1729 3829 3906 3923 4837 3389 1825 2289 210 3149 1884 359 4208 3700 2339 3829 651 4436 4938 2250 3407 668 2396 3761 4987 3128 882 4214 249 4373 1799 891 3999
3635 3261 4852 212 3822 4318 3641 555 4839 3102 1684 2626 4559 170 1381 4322 4153 4523 4687 3086 3160 4193 3159 2660 2022 4287 1023 70 4307 1720 2395 2832 4216 963 1043 26 1317 1687 585 3983 2901 4942 65 2124 2326 3845 3790 4464 430 1193 2479 2113 755 4766 3580 681 4745 746 4678 4985 2238 1878 1981 1910 1397 2892 3725 2996 2903 2157 2739 3881 4992 918 3337 167 2859 805 85 2476 3992 4929 2424 188 1370 927 2052 2671 2942 498 4495 1653 2114 2542 2909 989 2804 3999 50 413 1210 774 1985 146 569 4405 1018 1064 1150 2389 233 4656 246 127 1371 1572 823 3194 4736 4926 1525 2177 2435 3351 4729 1000 1116 4160 1094 629 3008 1495 4701 2090 952 4457 4235 3111 1811 4340 4109 3217 1331 1039 2168 1512 2881 4726 4215 2587 2957 779 4203 4331 1109 1989 2397 4807 3077 4673 3255 1121 1853 654 1769 769 3241 234 4421 1614 3555 1991 3512 140 1390 4851 4939 4710 4728 3488
1763 61 1012 3348 830 2959 141 1394 4454 757 957 444 4605 4222 4676 4692 403 4764 544 1852 184 2804 4404 1294 1139 1023 4592 1728 1309 2119 1822 2121 121 1046 4993 3137 4949 4297 4979 2756 3956 1697 4247 267 291 2529 3682 3094 874 3064 2521 3501 2879 3641 2376 528 4406 2197 3224 372 3543 2653 4246 3730 829 2512 757 65 1104 1751 3485 964 3015 3600 3145 1472 58 3568 3317 859 4825 2146 2790 172 1524 476 1595 2527 1285 4962 4212 533 976 2325 2335 4903 173 1578 2931 2846 4771 4351 4653 2999 4632 108 3984 4184 75 4062 4100 4072 2469 1647 2700 3239 3701 448 4455 669 4719 4029 625 2603 4243 2759 4719 2451 1165 828 2612 2867 3015 849 3436 92 2886 999 4791 3698 2987 1632 1747 2820 2504 992 4974 4668 4020 1715 2216 3732 589 2532 3586 4865 2917 889 3321 2704 2176 2648 2926 4882 2492 1700 619 1251 2646 4312 2939 1420 2256 1689 4674 156 4383 997 2615 584
3740 44 4982 1617 2074 2333 362 4031 1951 3404 1426 3008 2427 4745 1098 3593 3179 3864 1832 3764 1281 252 3398 98 1445 70 1728 807 4959 498 524 1080 1229 4437 1901 2829 1113 1664 4304 1651 3422 3601 4759 4169 1571 1355 2608 2583 4027 130 1762 453 2187 687 1472 2171 405 4106 3613 1197 3155 4356 1385 973 1797 1753 1835 2971 3320 4265 219 1136 2831 2306 4048 503 3839 3453 2384 1128 2527 2622 911 1526 4750 2957 3037 2073 492 1598 787 3368 2273 3406 3202 442 4984 2180 1035 566 1899 3734 111 4818 3971 2819 1679 1498 4694 690 2044 3351 1323 1786 168 58 338 3896 795 2570 1062 2106 4505 1454 4827 2195 4902 4871 3331 3339 1667 2827 4466 609 3886 292 1113 2261 3001 1020 2558 2410 3963 4646 3122 258 3003 16 3687 319 1427 1141 1498 271 1849 3674 152 1297 3944 2026 4346 411 3861 1197 3728 716 747 3861 202 2197 3907 1359 1687 4881 1086 4922 3052 4268 3540 3293
1937 4832 1518 2240 1679 2066 196 4277 2741 839 746 4538 2915 2684 4430 2734 2899 3540 305 1287 2333 652 106 3258 3527 4307 1309 4959 3692 2754 107 107 3379 2788 2506 3809 130 4763 3247 1054 2585 3343 576 3658 4038 3020 4154 1367 3956 3479 4741 4031 4611 2708 181 3433 2343 1448 3858 1847 1015 3664 2565 3641 4641 1096 3617 2236 761 2324 3412 605 2791 2009 1284 306 649 4377 523 1129 3963 142 4366 2867 458 2292 4141 1271 2412 4668 4162 3520 678 4108 745 3173 1731 4569 1437 1062 2324 88 4591 3512 3445 459 3295 3533 139 427 4202 3277 1840 4645 772 1204 1367 1241 4182 2934 583 3493 3870 463 2293 4274 1996 4654 2514 2441 2312 4843 3807 4351 1905 1405 4016 4289 2887 4007 3028 3073 3482 1360 218 3898 376 4848 628 1808 3212 4992 4796 88 2012 1488 2110 2647 796 4986 2844 68 2520 2663 4608 3024 4989 1614 134 4713 3533 3371 861 1555 3449 2004 172 694 4885 4253
4063 594 4724 1120 4689 3543 1174 139 2354 297 385 3877 1634 3693 1473 40 1648 2126 794 2291 1194 2643 37 295 1252 1720 2119 498 2754 3222 4518 3272 2370 522 938 624 3231 1473 4044 706 1396 3467 4919 2904 1874 685 1517 1140 2739 2392 1404 3568 3852 4821 2717 4606 4557 4398 4218 3131 1827 323 2764 3244 570 3999 3222 726 1869 554 532 3752 4380 4692 1499 2690 4514 4897 3270 2746 1235 2936 2837 827 1245 4059 2134 1022 3771 670 2104 3922 4951 1546 3777 1978 582 954 4754 2112 3586 3519 251 1134 2440 4708 4156 2825 969 461 1236 4103 4128 3996 3816 652 1670 3874 1358 2656 809 3578 3515 127 68 3466 4849 4960 4384 4177 996 2017 2068 2565 4381 341 3574 17 1123 2040 2961 4625 3332 3028 3333 366 4341 1243 2934 3954 3669 2426 1035 4370 1293 2802 1910 314 130 4497 2309 2585 4934 2983 3957 3693 2357 2438 3123 3099 2349 30 4761 1605 3667 1785 280 1876 717 2397
4383 3208 4753 1027 846 1535 3962 2942 3327 1863 1547 1625 838 3160 1257 786 1960 3839 13 3847 303 461 2704 4217 270 2395 1822 524 107 4518 2347 3941 1791 653 347 1488 4162 2031 3233 372 1229 1495 3011 3957 4045 964 1416 4383 2841 639 600 1426 2988 747 1976 3455 447 1939 3640 3727 1378 1583 4995 3633 4576 4782 4993 18 3293 4689 1476 2432 456 4123 3432 4738 3919 701 1197 1454 941 4177 372 4971 3163 2574 2433 4449 246 4123 3992 1057 3243 3941 3890 152 3298 532 2554 1927 628 4926 1079 2974 1299 2550 3406 3017 4586 2268 1842 170 2761 448 2812 986 4242 433 3822 1984 4472 3658 1490 1665 2310 73 2782 929 3566 1806 608 2097 2910 1085 3387 1389 2931 747 2060 3003 4129 252 1946 4938 2922 1444 80 1495 127 1478 4436 2160 4852 4941 1438 1583 4759 1819 4836 3627 3836 2079 4655 3372 342 2810 1744 2755 2626 4840 886 4140 2534 2304 3994 1618 724 1549 4808 4198
1016 748 147 2524 2068 2852 1652 1828 2743 3972 3752 1594 2033 1742 2504 2855 1591 3426 3695 3061 2172 1588 49 2038 2449 2832 2121 1080 107 3272 3941 4337 1440 4408 1926 3484 2643 508 1283 4803 4333 2187 2520 3211 103 3529 4420 846 839 4403 2054 3492 263 1934 2147 3498 3083 3404 1346 3170 900 1689 2636 212 2558 209 2550 1222 882 2035 3291 2061 1188 485 3900 2598 3359 874 4554 1120 4450 2201 3518 3846 2074 1749 2000 3028 2087 1257 4286 2444 4825 515 2743 436 4436 3545 3787 2134 3518 417 4866 3118 2959 3815 3074 2434 3647 2236 2026 2262 4239 702 3205 3675 1640 1949 655 536 190 1202 1027 4934 325 121 4371 4052 4357 820 1254 1869 1157 3371 4415 3106 3320 4795 2900 850 4107 2587 282 3898 4656 2335 528 2594 1198 4087 407 1792 1078 4654 1335 3058 2831 1288 628 269 1733 1475 359 4805 970 1617 3522 1579 4131 1619 3214 4183 1896 3311 3331 106 2825 4169 1843 3518
622 4170 552 4631 2446 2582 3147 1002 2786 209 4058 3534 331 1101 4663 935 2737 2121 2139 4421 4460 2811 1852 4807 351 4216 121 1229 3379 2370 1791 1440 3099 1996 1126 2687 349 3873 2631 4389 1603 1064 1379 3619 4384 559 4445 1194 4316 3804 102 4772 3120 773 820 4660 281 3761 3565 2820 4778 774 1888 285 2121 3409 2227 3016 184 3770 1838 1783 921 2307 1393 2936 2308 3148 4190 4993 3715 4025 1596 3613 4009 4426 4349 3627 4031 2993 3663 4519 2427 4510 1933 3684 576 4560 3535 1359 4605 4253 2163 509 4146 1417 3996 600 4000 2926 1107 1226 1221 4322 3831 2048 2884 83 233 3562 3367 3010 4070 403 2228 634 2927 2133 2986 3818 1754 2809 1797 1671 3607 2313 4447 4792 141 925 3742 2455 4985 3913 3507 3423 3466 1940 1339 2440 1437 2021 1334 230 2010 2510 524 952 4662 3808 2788 3925 1033 2075 3332 4957 2912 622 1437 2329 3638 3422 4714 1918 3565 2840 960 1853 1219 2472
453 4034 3714 3811 4340 3192 4097 2183 1529 3576 3027 3703 582 2785 2700 3470 2776 4981 125 40 2911 224 4507 3630 3157 963 1046 4437 2788 522 653 4408 1996 2682 3981 2453 3771 3871 3874 1367 2274 4132 17 2579 359 2407 145 358 3973 2042 800 2040 2246 3897 2269 3838 55 2827 3334 2324 4824 3812 3482 2491 3393 4134 636 2801 3488 4229 2960 1779 1454 3550 1352 4742 3968 2445 166 3382 3530 1607 804 122 1380 2594 4114 358 311 3664 4115 3593 3509 4309 4547 2385 1039 323 3328 4374 452 3930 1925 2940 2594 3880 4851 929 1066 797 3792 1844 1095 352 134 3412 2102 1848 1829 3568 1994 126 4571 4495 283 3031 4422 3501 305 2724 2206 3244 4403 442 1089 637 4801 19 4370 2456 3024 3300 3728 4898 2073 680 3613 675 3407 3205 4676 855 1014 2660 1557 4452 2967 3664 4659 4269 668 2213 1526 1723 2321 3677 735 403 2148 3956 3470 4124 847 3951 4599 4369 2566 4816 1450 1555
902 4506 264 3719 2284 1597 3930 4799 1626 2013 1619 2926 4281 3190 3980 2847 2598 2170 3283 295 2557 4329 4119 4775 4178 1043 4993 1901 2506 938 347 1926 1126 3981 4075 2503 3026 2631 346 3291 4586 3265 2243 3098 1333 4342 2975 3789 4280 2929 3909 3445 1324 3942 229 2465 277 973 2761 2304 3658 4055 1585 3196 59 2251 3721 247 3160 3346 2275 1633 864 986 1344 2059 2929 577 3363 3092 3623 1319 245 3983 174 2703 2099 3061 375 260 2392 2415 4031 861 1298 299 3952 3941 1222 1343 309 1557 1832 1437 2974 3744 2363 1271 1679 1330 2986 4075 4227 3212 1208 912 1327 4323 1696 4261 3156 1204 4145 2420 4650 4980 2646 2706 3454 3227 3970 2585 300 4452 1889 2388 320 4577 1892 3237 577 63 3119 497 1965 3320 3866 302 1438 3505 2031 3741 1852 3477 2715 2502 1735 3517 4582 390 2380 4024 503 2966 2729 1865 3584 892 696 254 3186 102 4900 1635 2297 2231 376 1687 4973 416
2454 138 3611 3634 2147 2577 4796 3816 2819 2651 1736 1767 2127 4476 1203 3304 4143 4532 2428 3075 1779 623 787 803 1910 26 3137 2829 3809 624 1488 3484 2687 2453 2503 798 563 2717 2071 3935 3524 233 2368 1439 3123 589 878 3287 3260 1417 4043 2320 724 3061 849 3730 416 982 246 3466 1774 2687 1640 4183 2012 4654 1879 1457 2766 4264 1873 417 1555 2801 1787 4992 3428 4641 4538 3488 2673 1089 1947 2802 1254 4271 692 120 3042 278 3140 1484 1736 570 1104 148 3687 2305 4477 2096 2724 1990 2177 382 1230 1063 623 3967 1427 4550 1341 115 361 4264 1861 666 4017 3222 4065 3867 1242 3221 2611 4798 3130 4918 1626 4411 1462 2890 4204 3363 1810 2120 345 3095 3618 108 114 249 2815 1183 3243 2505 2926 3563 3538 3803 3113 2521 2897 467 3682 1403 259 221 3132 4434 2086 3696 80 2746 4642 2960 1003 572 1699 143 1434 569 3184 4429 1816 3384 1395 2195 4243 4776 1774 1916
142 452 4186 2907 1439 1842 2974 1448 285 2304 4041 3243 3117 1819 1184 223 4159 2182 456 3124 4357 4999 4524 4367 4465 1317 4949 1113 130 3231 4162 2643 349 3771 3026 563 1586 574 1626 1768 3337 3546 2002 925 734 4009 2161 1843 3184 681 3207 1209 2097 2790 4833 3701 4062 2806 1399 1156 3413 2748 2600 3133 559 2393 2134 879 4976 4747 2192 3693 3434 446 4744 1740 2353 4186 861 4875 1546 3849 2754 534 905 688 2567 4955 2511 3859 4606 3080 2422 1294 1403 14 3875 4623 4507 3857 1156 2181 3339 4364 1345 3559 4635 347 2665 3848 2773 1978 1926 2464 2177 2848 3486 4410 2997 3668 3874 3580 4492 2568 2149 2508 263 1608 1214 2756 1019 1953 2893 1635 1344 4869 2781 3086 1758 1148 1579 676 4977 2428 3432 2831 448 1767 118 3336 2926 4387 1853 4674 1492 4455 4126 2601 754 2113 2280 559 904 3142 4361 4051 2337 2172 57 783 2969 1601 4561 861 4687 1488 2337 4506 888 1507
1627 3205 2864 4251 3095 732 3379 1738 120 4082 4127 1807 761 2428 3826 476 3845 276 3008 1233 2322 2872 4234 560 3219 1687 4297 1664 4763 1473 2031 508 3873 3871 2631 2717 574 275 3651 4759 4772 1251 1821 1480 4059 4246 1181 3733 4610 4817 952 2406 2529 3939 3056 3270 4518 1280 4110 4112 4969 689 694 3545 4611 3504 173 4317 4440 12 1579 148 3561 1913 3840 3555 2840 767 762 857 3120 1384 4807 3164 1709 972 1658 665 3437 3107 3227 3803 4800 4818 1884 1065 288 4158 4697 1669 2292 2725 4098 3343 875 375 4175 3586 661 1034 4708 842 3507 4606 1594 1623 646 398 4556 4623 3845 1746 4555 1542 2751 2704 4014 2265 61 1209 4449 162 2940 2630 3370 2071 3944 1127 3694 2094 1547 2954 3470 3158 3366 451 189 4199 1672 4475 30 1287 2404 1495 3120 404 2885 2898 621 3769 4045 2619 4193 2939 2224 1001 190 4236 4224 3214 4730 132 3387 1437 3106 3944 1137 1147 3088 3386
1912 2378 2230 709 2611 1721 2352 3353 2195 3649 4039 2992 1564 4061 3336 526 2815 4604 2898 3057 1815 4891 4842 4210 3318 585 4979 4304 3247 4044 3233 1283 2631 3874 346 2071 1626 3651 4830 261 1086 1414 4436 3205 4095 3111 981 377 3355 1485 1766 4933 3302 782 3951 4760 145 2264 3807 2512 2552 4582 768 1545 4820 4631 2281 1068 2137 2957 1194 653 537 4412 4762 1595 4410 4707 1526 4687 1197 1112 4632 3706 3794 3930 2846 1483 1222 3640 1255 2281 4172 1038 4017 941 40 126 1666 2672 3177 3023 40 4053 2824 1248 4768 4977 1545 2130 2387 4235 2323 2012 3849 3930 3232 3028 536 3365 4434 4804 4065 906 2288 3534 915 484 3770 2720 3933 4673 1821 3363 1837 3465 2113 3393 4522 2910 1282 729 327 256 1083 3548 477 538 4911 3008 3555 3281 237 2296 3811 4389 3188 4741 1116 1297 3931 1260 2632 3868 1272 2128 4392 2100 2520 2152 672 4796 4355 4053 4661 2763 2191 137 4255 3111
2379 3723 808 3717 2467 111 2737 2419 215 483 1593 249 4739 1277 4156 4297 4532 3941 754 3625 2526 2922 4566 3483 2745 3983 2756 1651 1054 706 372 4803 4389 1367 3291 3935 1768 4759 261 4312 3297 2110 2485 1654 3158 4671 1775 2033 262 4009 3098 53 3315 3729 558 3448 2152 2191 4409 3057 361 1329 2897 536 491 3023 1410 3477 3438 2977 4136 54 4701 862 328 2493 1472 2223 981 764 3973 2472 2190 3799 3573 4501 4728 4370 657 130 100 3842 1462 2962 543 1064 4232 2891 1618 2670 1009 1756 2676 944 4065 3952 740 4143 2859 2719 3898 2132 762 1509 1717 1086 1912 1360 4273 1720 1532 2297 4045 2630 22 252 3821 4099 18 344 2674 2911 1838 1484 1645 617 4652 3066 3599 446 2835 4284 1003 3581 3674 4313 4236 1531 2192 3848 951 3575 1328 4812 3070 1523 3004 4721 1399 2781 3519 873 2888 2541 2001 1528 4991 4504 740 4227 1868 3734 106 960 4598 3015 1100 3185 4217 4817
4101 4093 4895 4327 714 912 4577 291 1230 2372 2889 2817 3828 1955 1900 2149 4966 4820 2081 2736 2605 3756 1758 3346 2181 2901 3956 3422 2585 1396 1229 4333 1603 2274 4586 3524 3337 4772 1086 3297 2038 2854 789 2928 1294 3116 3759 4031 4845 262 1933 368 1753 4969 3312 4184 4193 1748 678 2710 2669 231 4198 491 4818 516 1678 2533 4810 1306 1232 2057 3761 2955 863 4543 4092 3537 2236 134 1046 3020 2300 4567 1149 1356 437 2964 3084 1843 123 3351 884 3783 1088 747 4852 3372 3059 3987 4122 2664 320 1879 771 1408 749 4804 4781 1668 3836 2153 4790 3418 976 4693 4672 1884 986 671 2682 3364 20 2891 4817 1201 1299 2767 2522 2503 3085 2160 4812 1624 1958 2314 1772 992 842 4079 803 4586 3086 3525 2969 3618 4051 3250 164 3436 4341 604 1667 2243 4202 1834 3786 3578 3515 2801 1467 1547 2602 1890 1650 1914 4476 4528 1358 3057 776 3603 2046 2993 1648 3650 4247 1157 2553 625
4854 3098 927 4178 4187 427 2509 818 2833 3982 382 4664 1706 4048 2465 4208 1576 598 2829 1459 504 401 4119 4860 4936 4942 1697 3601 3343 3467 1495 2187 1064 4132 3265 233 3546 1251 1414 2110 2854 399 4229 3158 3469 4352 1238 1871 2588 1693 3660 2987 461 1883 2409 37 3661 3095 2508 4976 1774 2036 4484 970 4347 3520 905 4058 556 4543 3090 3591 994 2776 157 2028 1065 506 1941 2504 4353 3368 4352 543 2724 973 4744 4231 3713 2157 2631 3247 1291 2571 3335 3963 3085 3350 1069 3877 1699 3911 4218 3711 1112 1960 4740 1298 3531 2253 41 4300 1713 2794 3858 2226 306 3261 2320 4275 1927 1076 1186 2477 507 3301 2426 4994 4633 1023 3661 3029 821 482 2198 3144 3492 3893 4551 3810 638 2195 1407 2604 3553 835 958 4572 1781 2610 1722 3741 1753 2104 4241 4910 986 3895 1555 1049 3778 4976 4606 1166 3200 1824 1164 3068 3837 2417 3362 4550 3569 4392 276 1706 4825 3175 4960 3644
175 589 3314 1598 3863 1322 3086 3275 2083 4371 4067 1377 4714 2047 278 4517 465 3328 2904 4204 2012 975 3885 2788 3697 65 4247 4759 576 4919 3011 2520 1379 17 2243 2368 2002 1821 4436 2485 789 4229 2856 2927 3465 4370 2232 2276 2238 4762 4295 3613 1181 933 362 563 3476 1817 1943 1040 4540 3960 2582 2421 4987 3977 1692 1710 4080 1516 3990 67 4446 121 4031 176 3521 4192 2660 2476 3227 3485 466 3760 4105 74 4783 1395 2030 2084 3994 3800 3207 3913 1024 3926 314 868 4709 1962 2067 1937 3945 1340 219 3804 3069 3954 1870 2920 2428 4668 1710 190 607 2270 4624 1592 33 3040 1790 4302 1406 1314 2873 1626 4820 4895 2129 3207 1968 4665 2969 3012 1345 4333 3039 4847 2819 1037 1532 4810 2560 2091 2914 2260 4334 3474 4808 2216 4614 4628 4442 4975 3458 1654 3387 2192 4960 4204 808 4395 3478 2493 1090 1790 2040 3854 1324 933 1381 3093 1968 348 2006 4616 1297 1416 2157 1891
4567 2927 4501 2494 4569 3807 675 1165 430 2964 3828 4607 4159 2695 2387 3156 4075 2640 4393 3158 3603 1487 306 1255 2993 2124 267 4169 3658 2904 3957 3211 3619 2579 3098 1439 925 1480 3205 1654 2928 3158 2927 3498 2723 108 205 4119 4513 4541 3987 4470 4603 1459 4819 1584 4827 1043 1115 3880 2534 2249 4665 3615 2341 3649 1441 1640 3941 96 1060 993 2824 1100 199 583 940 1994 4365 2858 2000 1727 1271 4621 2621 683 2724 513 4422 2974 3685 620 1815 4647 2641 1309 2439 1535 3678 3350 4859 2469 1046 1412 4174 2045 362 1768 2780 1698 705 4236 1310 2255 3788 3279 3926 218 3776 770 4776 932 2202 4643 4233 617 4412 287 3645 1158 216 1669 4126 2086 1710 508 277 1975 2873 1766 631 1742 2093 3738 3380 4975 1892 4298 1590 3153 1752 1805 1819 3257 94 4379 66 2712 4585 4188 1035 1983 3450 1371 4498 2880 4081 4079 3589 3015 2626 3001 573 3334 4486 4211 3153 1374 1866 3126
3502 2968 4249 2403 4893 916 3145 2154 3984 149 4019 2713 1573 601 4323 518 4252 1608 1076 3353 4574 2200 1855 1649 1208 2326 291 1571 4038 1874 4045 103 4384 359 1333 3123 734 4059 4095 3158 1294 3469 3465 2723 3315 3192 2655 1023 564 68 3641 357 3906 308 1544 847 2858 2926 3205 1445 510 2277 4845 266 4660 2864 4223 1745 1512 3941 1767 4803 4106 2428 771 449 4584 2598 920 1424 2048 1268 4291 2505 2094 772 3420 2790 3474 3679 1687 185 2687 4240 397 2742 2410 4049 371 4849 1358 834 509 4995 1280 3490 4839 1200 4015 635 4668 3650 1142 1538 1938 668 3015 242 4676 3994 1202 4027 2774 2735 2029 4081 908 2454 4773 3220 3607 2959 448 3792 1264 2192 1015 2351 272 630 841 1536 1401 4135 4067 170 2694 300 2967 4290 3891 3301 1722 131 980 1421 3865 2585 2759 391 818 1969 1040 1070 1829 2793 212 292 4481 2031 4222 1773 2357 4183 3073 3972 4373 2128 3528 4108
