N: 200
M: 20
Symmetric: true
Triangle: false
10 191 60 164 152 134 41 149 167 185 163
12 88 71 73 113 189 194 45 190 86 14 108 12
9 35 130 44 36 160 145 15 53 10
13 182 80 79 58 139 188 126 175 20 16 84 107 179
15 196 138 28 64 7 50 120 170 123 93 174 169 159 91 62
9 127 68 200 147 40 146 3 183 37
14 56 102 77 172 55 110 165 75 39 132 100 133 151 17
16 59 176 150 144 171 129 178 96 137 143 11 168 82 186 98 162
7 173 25 90 13 47 131 187
11 99 95 114 38 103 69 154 49 125 51 104
8 106 180 156 115 23 141 195 4
10 118 105 48 24 46 97 2 181 31 66
8 109 61 192 112 197 158 122 89
6 87 136 117 85 8 128
8 70 65 18 94 1 153 92 101
5 32 135 83 78 166
7 119 22 199 177 6 57 161
9 142 184 198 140 74 5 29 193 124
16 27 42 116 43 54 155 72 81 148 33 34 76 67 121 9 26
7 21 30 19 111 52 63 157
3216 4273 3795 4499 2820 2513 2718 1750 4229 2536 4530 4672 516 2424 4121 2823 3522 3629 195 3195 4528 4573 2657 2310 2187 883 1105 4848 3025 3213 989 1352 3409 119 1137 2700 2650 1931 4868 2390 3399 2181 215 2833 1726 2187 4132 918 4703 2669 447 2760 4117 63 2616 746 4866 3495 2296 2169 484 724 1026 2231 727 2553 3498 4550 2570 1990 1567 3586 689 1169 2383 1464 2342 2908 458 1033 3273 2175 3152 2665 801 450 3093 2591 1433 4216 1443 4920 4555 2266 1312 2500 1185 4118 3898 4794 3254 2061 285 447 2437 380 4041 2863 4414 2110 409 527 2060 17 3097 4193 2192 3010 4433 2473 3779 1374 174 2010 4476 1918 3228 4073 3816 2315 3677 249 2004 4437 1694 2689 3011 4720 3813 3820 372 4604 2012 2138 513 4460 2044 2728 937 3510 2058 1817 3940 2889 4925 698 4007 987 2192 1342 2476 21 1014 1885 844 4701 370 4191 3227 2149 1795 1427 372 2231 2376 1050 2491 3760 4330 1352 896 83 2678 654 3009 879 81 1679 3843 4710 3640 356 1027 2435 3554 1157 3187 3412 2341 1145
4273 1607 4880 4077 1542 1433 1351 2175 694 4044 4512 2561 415 3750 2351 4230 3544 4612 3818 56 1487 660 1657 2729 4166 537 2726 3407 3288 2414 13 2633 4951 4668 4626 612 1369 1969 450 2785 1854 2864 423 2586 3950 4859 4650 1629 1540 3658 3932 1481 4820 1153 3305 1717 1576 357 3985 4613 4428 2708 3018 3196 3415 3585 1240 1613 2207 633 4136 2109 3831 2300 834 3043 3629 4103 4409 2604 117 1219 4711 4138 1113 4868 168 2365 1405 1282 3708 2998 3764 2554 2243 2378 4394 576 1388 2006 1472 3687 560 4858 3075 3470 354 4722 2225 216 3954 2196 4044 2957 2701 1987 3532 665 4180 1027 1009 4771 2151 1348 1487 3980 479 3699 1960 921 1973 3939 831 2018 2575 1015 1322 2036 4377 2406 54 271 1068 1509 780 318 1658 3371 2373 2711 1763 4192 4922 2365 4915 2047 323 1796 1885 1595 2134 785 2681 3415 2581 562 4070 3002 453 858 2168 3027 2071 2607 1602 3881 4058 2309 761 1439 2450 4534 3442 2174 2800 4808 3427 2928 4638 3383 593 2913 4572 3142 4630 985 4127 1177 1581 2115
3795 4880 913 4950 147 2957 1071 4480 4094 4152 1281 208 3503 106 1635 3294 3932 4851 611 4140 2467 4165 1554 3219 4377 951 4368 3515 3997 1459 239 3453 2912 2277 4825 1249 3164 809 4468 1096 3998 4588 770 1366 1623 1476 572 1481 3970 1812 3778 354 1343 1516 139 3415 3120 3178 2249 4879 4920 3433 1441 1776 522 3149 4084 434 2876 493 2357 1227 3951 3513 4136 961 4418 2332 657 3959 3625 3336 1534 393 3636 1621 1538 3657 2505 662 950 157 3376 1578 1283 1232 4661 1759 1562 3288 849 3949 752 124 4660 3758 797 3103 471 4264 3000 678 2195 1074 1819 657 4656 2244 4860 432 3408 3708 260 3402 615 3836 1691 4457 3551 4400 3686 3783 460 2578 4102 3196 2417 2062 4252 315 3144 3854 171 1629 1631 3955 182 1160 2916 1384 2081 4607 2775 2396 4610 3222 606 4766 679 1168 3822 2197 142 2146 4075 4870 294 2753 3053 2190 4907 2593 380 720 4083 2583 1293 3888 4957 1556 2084 3978 4067 1816 3355 4161 3875 349 4440 1466 334 2371 4477 1738 4737 2531 2205 1954 590 1573
4499 4077 4950 2666 431 3603 4856 2151 1788 891 214 4239 4966 1157 4193 2938 4191 189 3800 3570 2257 3560 4934 136 3551 3682 4699 2571 389 1115 4026 4455 3917 1001 1024 3935 3492 1447 3339 3056 4680 3505 4081 1682 3527 1079 714 1752 904 4526 4663 1780 3845 1252 650 3157 1003 1869 1648 211 4335 4406 1490 4580 3095 4085 558 3745 805 2036 2149 842 1891 316 865 3170 2489 4650 325 4229 1626 1929 4228 2351 412 1940 3704 1639 394 4427 1679 4945 3227 937 3081 169 3105 2643 4934 3575 3923 349 1039 3255 1816 1312 862 2833 1168 3166 1477 3313 3764 1611 4670 1050 2490 353 2559 4158 1745 177 3902 4065 4472 1374 1089 2930 4729 615 723 1566 3706 2843 3665 3046 928 443 3381 2130 714 4853 1497 2739 2503 4965 4758 2052 4215 3721 4276 2765 249 2888 2230 2176 4681 4590 4717 1345 3155 4672 1495 3879 3172 1823 3363 3517 982 2106 4356 217 4787 3240 2746 1069 2545 2868 3266 2006 2382 1437 4167 4948 4727 1190 1934 2667 4509 3975 1253 2576 4802 279 4572 3825 1485 1329 3029 1347
2820 1542 147 431 1267 3377 1902 1091 4800 2477 2025 232 1363 1036 2908 4292 4466 74 2718 4354 4685 1923 2016 742 4279 1422 3982 4657 851 2283 102 4955 2011 4768 1387 228 2688 142 3049 4781 4537 171 1456 1684 3267 2341 1144 4676 2692 3046 1009 3414 3483 555 2618 510 4609 2522 3604 2450 4650 1460 2596 4196 1419 3796 717 13 2374 4605 3033 2573 1038 2409 1309 3785 4381 1390 2785 1502 2798 3441 3460 2546 4767 4019 1931 4068 1210 3255 3641 327 3447 2808 1725 3616 3710 1514 73 4697 3131 2778 3357 2381 1542 2278 1921 2114 4191 3795 614 2172 2427 4466 1111 1524 1084 3077 454 419 1313 3976 3060 1837 268 3533 3757 3838 2494 831 1618 1469 3862 10 545 1371 1599 2161 4709 2624 26 3762 2349 4140 2878 3114 2007 2502 3007 790 4490 2251 1988 1348 2063 1223 986 2110 2183 2941 2583 3314 770 2788 4737 69 3930 3219 1177 4480 353 3082 1948 2705 3029 4456 4711 2928 1956 2295 2050 140 1463 2933 22 2423 91 1386 194 4211 4849 1055 1431 4161 2094 4069 3554 4447 565 3466
2513 1433 2957 3603 3377 827 3112 3413 2051 2343 2089 3965 4713 1451 3104 2476 4416 4187 2769 4496 379 4125 2929 2461 4890 4958 3730 668 20 1913 3820 2434 1113 3205 4164 1885 1488 2814 4671 661 142 3109 3498 311 496 1076 3615 4870 1767 1525 47 3484 3189 887 434 3790 2476 4607 2474 2499 396 255 3890 2760 711 896 4479 131 1401 4858 4689 3659 2543 2996 4883 4285 840 1832 3469 2300 401 2340 911 4005 177 1151 4640 2538 4301 2942 1905 1906 4075 538 2963 3217 4714 3740 3298 2024 1776 2764 746 1347 1370 4071 597 3819 3474 4662 4959 4228 2105 1458 3123 2829 1415 3929 2576 3457 2281 1671 57 218 4487 3531 3778 2588 3446 3064 678 980 3927 167 4090 3374 793 2793 2397 3021 2321 1293 543 2753 1311 458 903 2195 4885 2571 1774 3275 4269 444 1011 2790 4754 2921 4332 1372 3314 3510 2406 1430 2152 3642 840 4955 113 2368 56 1993 195 1952 4419 746 4486 414 2432 14 1924 2813 4380 35 1114 44 3091 155 2503 2576 4296 1442 78 3392 574 4365 1221 2506 4060 504
2718 1351 1071 4856 1902 3112 1555 3214 4492 11 2183 2524 3562 2593 363 1036 2559 2666 75 1774 4454 146 3476 4977 3677 990 2218 1903 2886 2734 3166 3708 4708 179 2248 2334 3170 4039 4685 238 2613 4497 765 1179 2486 3915 977 3362 4908 4208 961 3506 3503 4297 936 4146 4307 4622 1095 554 1383 4165 4245 3629 937 52 3905 3748 1944 4643 2918 2596 321 252 412 4150 3491 3515 4031 1279 2293 3500 3387 56 2932 797 2437 2886 3249 3842 3568 2178 1232 4653 1606 2749 2853 4352 4857 2883 4781 562 3812 515 4379 3730 923 4872 3692 995 1294 1833 2404 4406 3545 2266 2391 1951 2653 3211 3341 2656 2068 4809 729 2244 4701 1235 143 4318 791 3831 1808 2703 2951 2968 3497 3200 4597 426 4462 4460 746 4513 3129 3485 501 4389 3126 2965 1363 3170 3515 3366 1573 1209 1504 3882 1850 4319 4768 2714 4312 4317 1195 2767 539 821 1922 3462 1111 3567 1994 3443 872 3637 2125 3326 3546 359 1861 2004 1465 3042 2579 3169 4830 1629 1523 1672 1671 4424 3668 4815 493 946 2708 2232 1314 4607
1750 2175 4480 2151 1091 3413 3214 1970 3541 1398 3171 3235 2737 4811 3862 1274 1640 1816 3672 1419 1032 4552 4904 4973 2398 4807 3922 2073 4371 3514 2191 194 2827 2513 3026 313 2471 4745 3014 3136 1400 646 3998 1950 1191 876 4273 3467 1708 1113 448 1473 2859 3047 4592 885 925 3504 1934 4893 1515 504 3144 2075 2176 3952 4140 4876 3933 621 2126 919 4068 4622 2008 3187 3098 1814 218 4825 392 1125 2198 2153 1845 1629 4799 4496 231 4231 1829 3182 4024 2674 3800 3152 379 685 4399 206 315 1221 1178 3125 1545 1261 3822 4026 2666 360 3966 3721 2229 2820 3786 3659 2029 2165 2430 1671 2850 4728 3927 4509 2333 1842 1259 2694 4074 1274 4689 945 3473 3494 3879 2668 506 2804 4505 4811 2643 1010 729 982 2304 4482 4098 1389 3628 498 4115 2753 2807 4395 492 2005 55 4794 4329 1585 4635 1802 3891 3026 732 4943 1947 3673 4605 2351 3865 1847 4821 2472 3274 4359 4289 2988 226 3591 4104 4423 4968 4950 2420 2960 3369 3407 3295 3036 3273 1618 4315 2204 4537 4313 3025 4867 1386 3828
4229 694 4094 1788 4800 2051 4492 3541 1601 193 3653 304 3592 261 549 3556 782 211 2690 4879 521 2243 1288 4075 4444 2530 209 4343 1361 864 528 4798 1306 815 2853 683 3672 2932 4850 3276 3961 4296 244 2726 1032 2057 1405 1804 4102 3906 2396 1523 2944 17 2608 3767 3047 3241 2281 1800 3050 3299 2544 2426 2735 3465 4593 4026 602 2716 168 683 4498 2534 716 2223 1919 1019 2512 2298 180 4730 1951 3569 1498 3859 4667 4314 1822 254 2921 1760 1287 1618 4944 784 1897 4368 1614 557 3368 2760 2752 2609 4826 4645 309 1900 2164 738 4481 817 270 4231 2096 3502 2891 3140 2673 2218 42 1749 1366 3068 3539 3031 3892 2336 686 2860 3629 941 3379 3053 1883 3478 699 1808 4435 4367 2294 4673 4689 1936 1176 2405 3744 3815 4888 4563 3351 1147 1098 3844 1383 345 4388 1099 3722 889 3565 4578 3956 478 1228 3384 626 3814 1980 29 14 1282 502 1875 1071 419 4459 3994 3901 3036 49 4367 3592 2458 3161 3504 10 1778 4911 2830 3840 1520 2129 3992 4813 1132 1529 3037 1558 4002
2536 4044 4152 891 2477 2343 11 1398 193 898 4552 4265 1205 1339 4465 2709 1014 4426 3424 2515 3314 235 2284 4951 4740 104 678 2118 520 628 4354 756 3767 2930 77 4854 2368 946 3626 1075 3748 2144 2076 4883 4604 1222 2222 3057 2772 3261 2301 239 1266 273 150 181 4869 429 3714 602 1450 3457 1560 4607 4919 4904 3473 1299 3644 3100 2274 1252 649 3494 350 1305 2657 2383 3347 4738 4612 2643 2736 2954 4372 3683 1040 1844 4930 4635 453 700 1601 2086 217 3616 1112 1012 3432 1079 4191 953 3121 1601 1920 1907 4821 2812 2615 3996 3089 1353 2973 4481 3005 4888 247 514 3117 3716 4499 3845 3589 2789 1783 3947 4467 2555 4105 1086 1564 1708 233 3440 2984 954 1223 1469 2676 3251 217 4092 2579 1909 1905 4543 3548 4295 4184 1279 3244 103 4591 3510 3479 1153 4701 4527 794 1510 3199 4179 3579 1856 662 3293 3109 3299 977 4738 2761 2635 3896 3731 702 2817 1273 4001 1252 1606 311 3111 1389 2896 4972 641 4592 4002 2698 4775 1266 4372 4853 4017 668 2850 4310 4708 3901 3694
4530 4512 1281 214 2025 2089 2183 3171 3653 4552 3222 1753 4389 4384 2763 578 4642 336 822 1070 2433 2931 2298 2101 289 1668 1573 433 4488 3167 4733 3822 3141 3270 2683 698 578 29 1867 1644 518 875 2644 1848 2242 3535 2446 4204 4111 3706 910 3211 4074 682 4414 3138 4306 2868 4921 1063 2632 2042 550 1455 3926 4210 4513 2982 741 3882 3596 4967 4158 4260 749 4099 3783 4585 4073 1827 3535 2138 2890 592 655 719 1609 4365 2789 2112 4008 1077 3003 4199 41 4754 1046 2533 3277 891 1135 3487 743 2204 2944 3142 1611 3242 2174 3821 861 1912 4525 1584 1798 3738 1518 2921 1820 1344 241 1709 4372 688 4634 2766 2522 2923 1240 4440 3591 1658 269 2886 155 4884 241 2462 4259 196 1601 4858 765 4806 3861 1312 3009 2050 907 817 368 2170 4001 1877 3555 1142 2707 1594 760 1828 2883 3697 4083 982 4793 851 3838 4706 2928 3193 3457 2554 512 353 1992 4522 3126 2815 503 4858 1878 818 227 1198 1058 2743 694 1577 1664 3151 3593 1213 2736 4818 2367 4212 3848 4390 514 1029
4672 2561 208 4239 232 3965 2524 3235 304 4265 1753 1809 2257 4620 4030 4021 4277 4724 172 4460 1999 4773 2953 2152 1751 3365 3922 1368 2037 822 1271 4899 4665 4142 1638 234 2675 2750 1214 1207 2743 1965 3829 564 123 311 3348 2479 2508 1717 2373 3151 1910 2763 846 447 1258 97 248 615 1927 4424 3555 2720 2226 4378 254 4927 2924 4443 447 1161 4109 1287 4783 3477 792 3870 4648 47 2509 1662 2861 3106 1568 1588 3896 4641 1687 1716 1375 824 394 1973 4488 751 427 1718 3539 1529 1513 569 2576 3024 1826 1863 667 3005 3348 370 348 3161 2855 3985 2910 4453 3711 779 1216 572 1970 2792 3695 918 4529 498 1519 4655 2206 2490 966 2785 195 230 4809 4706 4749 617 1188 4147 4432 2658 319 1030 4016 95 1801 386 4385 46 3939 3105 4954 2299 4380 3452 374 4720 3227 3803 3897 2535 3399 786 3284 2610 1420 4115 4107 3526 2507 1201 1878 4300 2584 3318 1879 56 2422 2317 4977 2013 1241 2400 4171 4771 1512 1245 4160 3633 4125 3522 2791 2489 4610 990 2378 3548 1050 1119
516 415 3503 4966 1363 4713 3562 2737 3592 1205 4389 2257 1169 4878 1200 1926 4920 4584 1193 4253 3304 1661 1388 2477 17 1195 3222 3576 2799 2857 3080 3364 248 3048 414 597 3053 3910 4892 3726 813 1347 1842 2496 1206 2239 4052 453 4414 2091 1625 3789 979 3811 4913 4564 1925 3805 4910 3885 1931 1638 2211 2992 3650 1988 984 3671 3854 1306 1062 270 1936 942 3427 139 935 1879 4784 1119 4445 4101 724 3309 396 111 3805 49 1781 546 681 2380 2971 4949 902 1591 3347 2735 404 3208 2742 479 44 4367 2798 4841 2895 2513 1120 2145 1809 3795 4388 3183 55 4127 548 4647 2103 1031 2792 2001 3735 17 529 3210 1992 2254 3665 4024 807 2371 4086 3643 2903 4327 695 1837 3431 1364 1870 3483 3921 2004 2621 4922 3424 582 1070 3770 1303 4025 3448 2617 1587 1440 3754 1273 2418 2861 2065 3194 2498 2552 4041 744 1672 2257 1293 4997 3403 4819 614 1597 392 54 919 581 1421 3892 3084 4036 673 677 1025 2557 4632 10 906 856 1141 2879 1550 3488 192 2870 1204 14 262 2391
2424 3750 106 1157 1036 1451 2593 4811 261 1339 4384 4620 4878 398 1077 4524 4893 3384 2186 2635 95 3394 4008 3596 3982 2869 3534 2997 3794 2882 220 3477 754 847 834 3930 1496 4474 3476 303 3061 1817 1897 3775 3254 4696 4482 4938 44 2399 2867 16 2117 1619 1982 3427 977 389 4866 1414 2569 1876 4201 2283 3610 2573 3289 1721 2267 2586 4931 3865 1986 2937 2194 225 2744 1346 1342 2802 4759 4988 1037 1524 682 3988 3993 4064 541 3926 364 299 150 4115 1434 1275 1577 1655 4869 4922 3681 203 2541 3080 2675 3955 4220 3403 2172 2742 3829 1352 2445 4069 2537 2815 935 1510 35 4135 851 1818 1070 1707 2542 1015 4978 1452 3533 4735 835 895 4458 3527 2151 4523 4156 3190 377 2746 1989 1792 395 610 1155 3811 2346 2173 556 17 4852 4065 2751 4602 1116 1826 1276 3865 2155 4950 1605 941 2198 3014 3612 3398 3583 421 2936 278 1974 3004 680 272 3869 3963 3913 509 1393 619 4440 4058 4794 3208 2985 1994 2422 1371 3767 1822 2629 4001 291 2382 2533 1045 2676 4295 3487 3423
4121 2351 1635 4193 2908 3104 363 3862 549 4465 2763 4030 1200 1077 4155 2893 2473 246 2349 245 1931 2956 749 2524 2577 233 809 2210 200 2100 1607 1478 3646 3404 4330 2877 1661 1454 3357 4166 2200 163 2488 3062 255 3931 3519 3006 4992 159 795 3530 3764 3998 772 1467 887 2668 1431 841 3984 905 1688 2205 4178 4828 4137 1889 2181 162 1894 2788 4091 1089 3048 687 3383 4869 4287 508 2402 2884 4069 429 1292 72 178 1237 3469 3174 4594 341 809 3329 3418 2954 3118 4041 2510 2802 1271 2596 1555 3728 4385 2919 3137 1668 4376 3186 3563 2663 4393 4685 3070 405 4732 2486 4057 4189 815 4664 4390 2129 2505 827 274 833 2527 1476 882 1459 4203 1417 3411 4925 2059 3808 330 1573 1531 4602 972 4660 556 1157 3722 3297 3683 2662 1788 1794 4014 3440 2051 1957 370 3093 2462 4383 1910 687 4369 618 1778 506 4391 1407 4957 2090 1081 3096 3250 572 1967 198 274 2782 2327 3765 1607 2912 4491 143 2071 1405 654 4971 4080 4954 3215 4860 161 4005 3140 3089 3061 1653 851 2726
2823 4230 3294 2938 4292 2476 1036 1274 3556 2709 578 4021 1926 4524 2893 1549 219 3885 4765 4522 425 2273 77 2534 4631 3913 3288 3561 1568 2390 400 1242 1167 496 4045 3792 3985 3204 1266 1332 4431 213 2993 3248 4180 1355 3129 4160 1298 1912 4720 419 4907 3540 2540 2427 2217 2060 465 901 4925 1874 4025 3925 2697 858 1656 1552 2718 3641 4694 2896 1367 666 1786 2729 766 1013 4566 77 3751 4834 2979 471 2427 3591 4681 298 4186 4498 797 1876 4679 2156 724 532 2724 1389 2262 4778 3591 2074 4090 3185 2800 21 313 3433 1897 1964 4369 1233 4594 3706 2881 1294 624 1691 2375 2285 649 3440 601 4830 2058 1140 2776 4908 3108 943 4801 3199 2122 3006 3972 712 2984 4990 4999 1289 3076 1691 1983 817 1840 3330 739 3900 78 3095 3226 4176 3908 475 3144 116 2834 165 3310 2615 1613 4837 929 2818 3236 133 2066 2386 159 2919 4060 4870 4335 786 2805 3038 84 3037 3616 908 4995 3194 3021 4981 3660 1016 1296 4807 3030 3028 1125 740 3707 1157 1991 2678 3081 4698 856 1182
3522 3544 3932 4191 4466 4416 2559 1640 782 1014 4642 4277 4920 4893 2473 219 3383 422 893 2065 4995 4725 3605 683 4947 1021 467 4183 1349 2700 3115 552 530 1906 101 4131 3157 1167 1272 746 569 1122 2668 3621 1200 3379 4752 119 320 2967 3398 2963 3179 835 4280 1142 625 316 2883 2191 2534 1849 2030 4850 4538 2988 2990 1750 4780 872 1685 2432 547 1385 4161 123 487 2564 4246 4450 4501 1553 4398 1753 2430 4121 510 4997 506 2625 3227 1101 4117 1919 3650 4692 1293 4730 4207 804 2533 1305 456 1135 4095 2974 4430 3371 2660 3443 4151 4753 336 3768 314 641 2060 1902 4758 288 3291 3067 2515 2380 4380 1537 1851 753 4158 1636 4026 3541 3830 3467 2931 985 1734 50 214 920 3022 2919 4945 2466 482 252 1689 985 1639 1214 4707 3798 3682 4764 1972 1178 4066 1552 3886 1213 2953 2936 2274 1990 2927 4268 409 999 2874 4007 973 341 1621 1912 3383 1989 2259 3228 4614 202 1405 1819 1685 3708 3660 3585 1951 2187 3022 2387 263 4624 4064 1792 3661 4947 2446 844 4991 2229
3629 4612 4851 189 74 4187 2666 1816 211 4426 336 4724 4584 3384 246 3885 422 10 4026 2104 3596 1020 2518 4346 3308 2820 719 2155 3056 669 3797 750 2152 40 2058 365 4539 4866 615 4592 2328 4758 301 1888 4912 3578 2729 1644 1823 3895 4156 2830 3931 431 1316 4033 1558 670 2021 1437 2525 2060 98 1911 4583 41 2901 2501 191 3143 2680 921 1930 4555 2393 4289 4901 189 344 523 835 4195 4202 3197 3366 2313 2867 4286 1370 2035 1445 2426 1538 1302 2332 2949 4278 3742 1158 4693 437 3316 3909 2111 4695 3662 1802 2577 2591 601 4795 3030 1842 4495 4502 374 3422 368 1006 1306 3489 4016 4237 1199 865 3317 2787 3464 1925 728 4943 3882 1865 1285 757 3508 3708 2856 303 2702 498 3022 3881 1996 2918 482 534 3385 906 1087 1727 1641 4400 3202 1000 3977 2213 1771 4685 4048 1185 4643 1694 1843 4958 369 3694 703 4106 3987 1596 709 3708 584 3788 4487 2517 4704 4699 4775 4921 4384 2577 177 1610 3121 2148 1416 748 4203 2410 4792 203 553 4435 22 2765 4837 176 3707
195 3818 611 3800 2718 2769 75 3672 2690 3424 822 172 1193 2186 2349 4765 893 4026 856 2183 2253 4673 4659 3550 4448 3170 3391 4670 2186 3857 1244 3513 356 4181 3886 201 1322 1334 4383 1706 3706 303 3717 2656 43 751 564 3988 601 2442 39 1455 4168 2207 4412 902 1868 2673 3163 339 1420 2494 2913 2083 347 1611 1439 219 330 998 4502 1578 3700 3139 1762 2266 2941 62 2414 2585 3396 668 2191 3747 4050 4703 2418 3860 3924 1491 4598 4112 4376 226 239 4465 804 1989 4579 1306 218 4472 93 704 788 2883 2748 4966 765 4536 4452 2884 1335 4224 3194 1533 3345 1504 3714 2530 1589 2654 4143 3164 3453 3111 1849 2939 1811 3156 4507 4428 4709 4942 3919 2987 396 207 2274 787 371 43 3558 399 2978 3251 4543 2917 234 3154 3964 4567 2952 575 2603 1171 3268 2375 392 4042 3381 3010 3108 821 3032 1767 821 796 2742 4539 1884 4348 184 3495 1420 20 2924 4066 1421 3124 3876 2200 3458 2233 1701 4701 972 3613 1080 4129 2923 1039 2315 842 3166 26 3263 3153 3025 2804
3195 56 4140 3570 4354 4496 1774 1419 4879 2515 1070 4460 4253 2635 245 4522 2065 2104 2183 2316 4892 3427 3984 1575 3616 1684 4633 2611 2521 4174 3795 1338 2553 1286 827 2635 2339 4232 4325 3976 973 2287 2844 4115 4693 265 828 593 729 1345 2396 1444 2406 3945 4627 974 1303 3108 106 4482 3114 542 4756 4465 2299 2212 1130 2274 4636 2415 1243 2794 1780 721 1478 1643 4320 2720 1812 3474 1649 4231 775 4270 160 2362 21 3666 4552 881 853 3365 4032 64 2186 3734 87 4077 264 3532 252 1439 4870 1019 4063 2872 887 3017 2561 545 21 2377 3001 494 147 2570 1213 1864 1596 3556 4970 2790 1317 2103 2843 825 18 2136 2874 3626 1114 3354 2018 1970 2958 1584 4599 1756 905 3415 3104 1780 108 4666 3624 421 2146 515 4020 1007 102 2554 418 258 3599 2833 272 582 3816 3222 2341 404 4762 158 2043 11 43 77 327 3333 333 4815 845 3406 1836 1212 4621 3338 2401 3989 4761 4125 2889 1977 444 26 1753 497 2246 1361 1669 4728 304 1866 2785 1061 4252 2208 1277 2298
4528 1487 2467 2257 4685 379 4454 1032 521 3314 2433 1999 3304 95 1931 425 4995 3596 2253 4892 4804 1446 3789 2241 2639 2575 3709 2114 4459 4263 3225 780 3783 2054 3865 3234 4263 2218 4655 4913 704 4062 778 4174 4212 2700 433 4405 4511 2036 2607 647 4767 220 2815 1289 2268 4519 4785 3031 2937 1166 2377 4473 2131 4529 3461 1499 3769 275 875 4809 2252 2642 1243 4299 2437 4720 4486 4983 1214 243 3694 4879 3301 2328 850 2634 1472 4892 3224 2524 4880 4949 2301 4522 3943 875 2721 3472 841 3393 545 4207 3504 1868 4305 3301 270 3490 1477 3440 1576 1915 1154 2059 1560 1349 2270 4667 3013 4772 4053 26 1467 3447 2932 1483 516 2886 582 2964 4087 1969 2122 2224 4937 3472 1002 3750 3501 4986 98 1832 3302 2093 1549 868 2814 4925 2438 1567 3668 1575 934 3989 621 2898 2943 1884 3674 3602 4395 1829 2356 1937 4669 813 2645 4708 2583 594 3006 2658 1255 917 174 1401 2859 2492 4830 1314 4024 2493 3519 1792 948 70 887 3289 217 1047 2147 1273 1067 3388 2217 2418 165 2257
4573 660 4165 3560 1923 4125 146 4552 2243 235 2931 4773 1661 3394 2956 2273 4725 1020 4673 3427 1446 2492 3935 2355 4765 2151 898 4884 4447 4123 2689 1237 1873 4118 4367 4800 3482 713 1527 587 3227 4223 4724 2237 452 3107 4389 4813 3605 800 2962 4152 2388 3128 506 3362 2454 4260 129 1677 3586 4137 356 3667 2219 1732 3259 1882 1262 2454 3164 4786 2113 222 4744 4495 4832 4962 1131 492 768 728 1067 4557 3278 2071 4230 872 3662 2489 4992 125 1747 4046 3846 338 2762 2322 777 44 3328 2396 4363 3658 802 1337 824 4612 3948 1962 708 1610 4673 682 2710 3447 2819 1203 2470 2909 3124 4830 3853 4294 265 3764 2467 3162 1592 131 2593 1874 3952 2932 247 2529 2462 2085 1658 2278 3823 4517 4769 3625 4053 4027 4333 1736 4085 1182 848 3771 2729 790 3633 3335 1443 2101 1530 211 1991 119 447 3154 3831 1656 1361 219 3092 4227 468 3956 1385 3957 3024 3658 3784 3335 4734 1572 4399 3580 4417 3776 4711 1725 778 1549 1275 4045 2642 2317 2070 4573 4688 4123 2700 2991 1792 1064
2657 1657 1554 4934 2016 2929 3476 4904 1288 2284 2298 2953 1388 4008 749 77 3605 2518 4659 3984 3789 3935 649 650 2867 3174 1040 2198 1592 1156 2877 2688 3062 2907 3921 804 3039 1363 3818 2153 310 2571 1809 4063 1381 3278 2064 4440 2336 2965 819 1535 1763 3082 2212 3099 1247 1661 125 4603 757 4680 765 4570 1238 3336 958 3959 215 4140 2594 3031 289 352 1890 3139 3425 129 3993 2629 4960 763 1844 2739 3556 4484 728 4782 2110 3912 3883 4596 627 2182 2129 3579 4064 223 3100 976 975 1150 3997 1111 2415 3703 3668 4553 2835 3128 1171 3800 4107 4925 111 1158 165 391 122 91 4430 3078 4344 3252 1362 1269 161 3540 630 2527 1678 1950 530 2312 4826 1314 2976 2454 4340 673 117 449 3570 4093 1332 3170 950 701 2219 4964 3434 2236 1170 1661 3756 1375 1377 4307 860 3305 1318 2525 414 3177 711 4222 750 3330 2224 2136 4383 4918 3141 3640 2900 220 2031 587 3177 47 2677 2985 293 2617 145 4293 880 2630 1176 1602 4209 2462 632 2198 1121 4350 2913 4622 409 1252
2310 2729 3219 136 742 2461 4977 4973 4075 4951 2101 2152 2477 3596 2524 2534 683 4346 3550 1575 2241 2355 650 779 1340 1213 2444 488 4365 3839 4803 4635 4796 2087 4752 1592 3884 4153 27 2874 1688 3325 4943 2940 798 2400 3617 1417 3019 2940 2597 3165 1619 988 618 2303 3762 2236 4591 3066 280 3181 2331 4542 4661 1148 77 3913 4780 818 2936 2665 670 4031 3720 2097 3856 1591 3091 4763 3057 1333 584 4837 4660 2021 3457 4996 2575 809 3583 3214 3807 1067 4382 404 1726 1633 4580 4835 2675 3676 255 13 4257 1870 1511 4977 333 2337 4742 4743 3078 2823 3693 1467 3990 4875 2515 2280 3061 3300 1448 1667 3187 4522 1293 4334 1236 1115 996 800 1216 2964 3026 522 4542 2386 2711 3790 2661 3375 4628 715 2161 346 3804 913 4219 2610 2320 2555 3136 320 750 4156 1505 1681 2799 3112 117 3983 206 1581 2770 3512 4659 2929 3674 3440 3682 133 4261 503 4062 4934 3426 1760 3429 3509 2729 3418 2180 387 2658 3751 491 2235 4088 4899 4622 756 4935 4552 2900 2468 176 2146 906 4638
2187 4166 4377 3551 4279 4890 3677 2398 4444 4740 289 1751 17 3982 2577 4631 4947 3308 4448 3616 2639 4765 2867 1340 1202 3062 1887 504 2162 4280 4917 2250 4131 4565 3240 4488 3253 1666 1943 2583 1270 3999 4204 1072 588 1787 2196 4278 1912 2305 900 2584 3071 2948 3440 3334 2505 4199 1870 2422 3905 777 946 4461 2759 2833 3406 3861 279 2057 2816 2734 4123 4554 4974 148 858 1180 3053 754 3976 2185 336 371 2480 1843 4252 1915 2797 4284 3619 575 1673 509 3827 4128 2417 2851 1235 2906 4980 484 4122 951 152 1322 4694 4806 2439 2580 4559 1995 4353 1351 1623 2597 4993 1827 38 3284 3192 3476 4639 3537 1562 35 728 3873 1157 3154 4242 3112 2768 1344 931 1037 2180 631 4123 1964 647 4020 3320 3673 2247 3819 877 2032 1136 2372 1646 1077 4101 1846 2664 2321 3580 4296 3492 2594 1791 1330 4452 4762 3482 56 4711 3254 4855 4001 1852 1892 2864 2130 1265 3781 4348 4934 4635 3569 1469 2612 3520 2126 687 2478 3940 1836 2760 4198 2818 2335 3744 1402 986 4096 1219 1498 2003 2600
883 537 951 3682 1422 4958 990 4807 2530 104 1668 3365 1195 2869 233 3913 1021 2820 3170 1684 2575 2151 3174 1213 3062 835 1308 2906 2405 3350 2667 3019 1916 4417 1227 1704 2185 686 1724 2691 4064 489 1431 945 1505 599 3361 3540 3794 3269 4000 420 3089 2386 3781 1386 718 4097 4773 2041 3117 2526 3480 658 1576 4669 3740 3984 607 892 2900 490 2536 677 4099 2782 601 4090 1955 2933 4523 1207 1355 791 3122 1467 1205 4127 846 2702 331 2519 408 1411 2394 4510 2945 2836 507 839 3554 1448 1845 4411 2388 2448 1891 2036 419 1843 391 3297 918 2091 323 1860 740 2200 1562 337 1935 1001 1326 2974 658 4173 3343 4616 4257 3450 1188 2122 195 745 2988 907 3913 2041 1955 3498 2495 182 1835 4996 1352 3418 3083 455 1350 1320 2693 3962 2606 1867 4536 3131 237 214 3410 3887 4210 3198 385 1272 4467 1284 3369 4864 4376 1648 2320 2211 2788 2771 4544 815 1601 1926 4913 1282 1695 52 4882 1507 1700 280 1185 374 302 2937 1201 1668 3194 1366 3001 1936 2294 3120 2075 1170
1105 2726 4368 4699 3982 3730 2218 3922 209 678 1573 3922 3222 3534 809 3288 467 719 3391 4633 3709 898 1040 2444 1887 1308 3163 562 3931 3441 1672 1086 966 4392 2308 3524 3422 3512 4857 1014 2003 3075 2881 3435 2252 1284 3374 4056 3782 4730 3405 516 960 302 4578 2858 1396 1019 3839 804 373 3969 4596 1166 787 1472 4476 4240 1909 140 2836 3227 2179 4294 1332 3063 2734 2328 1278 4669 3514 250 4584 4768 2477 2059 2028 2286 3523 1422 2292 2242 1295 2764 840 2435 2103 259 4600 3561 939 1298 3326 1243 3566 3786 4734 2683 63 889 3140 2922 2505 1764 2349 895 2590 3136 137 2713 4514 3390 2584 4836 3926 932 1980 2394 1573 3950 3984 4940 1659 3321 1936 4051 3478 4074 4016 4322 3024 3135 3355 2774 4758 1135 2071 3600 4501 87 4085 3759 3194 411 3175 963 2509 1143 951 106 56 4103 3107 4956 4110 1668 3629 2446 4319 3666 1904 566 3170 138 1606 3997 1097 982 1594 3805 702 3633 1279 4401 3494 3164 1238 2193 345 3892 1637 2096 4033 4370 203 2686 600 1886 3377 3773
4848 3407 3515 2571 4657 668 1903 2073 4343 2118 433 1368 3576 2997 2210 3561 4183 2155 4670 2611 2114 4884 2198 488 504 2906 562 3061 2817 2982 1516 3469 959 3060 414 2318 1124 3414 36 4821 2315 1098 934 1661 25 4118 4499 2302 4648 739 1391 2238 1250 3353 4539 2717 1763 4949 3210 947 4888 4895 2987 1863 3963 1260 491 3990 605 240 4673 2352 2777 2669 3661 1613 3415 3577 2451 4809 4112 3259 57 4589 4112 4918 1589 3548 3313 2759 2566 3963 1997 237 1821 767 212 1081 1528 592 3114 3549 3242 501 107 2195 1016 3788 4731 2064 2055 403 1454 2565 2105 424 1452 4270 3503 4292 3016 3961 3910 888 430 2366 410 294 3826 2230 676 2962 3296 2755 1491 4193 4368 2957 1636 3643 2419 4891 3762 4690 1164 4580 3209 3088 3309 4409 2888 364 1374 1429 100 2771 944 386 2978 3164 1939 4861 2783 86 1049 4672 2144 3154 665 1436 3485 4431 4628 321 4185 1245 1389 3253 1481 1320 2584 869 4910 4926 1039 2142 3430 3291 2646 4751 3934 2484 4341 3895 1817 892 4919 2588 2065 1599
3025 3288 3997 389 851 20 2886 4371 1361 520 4488 2037 2799 3794 200 1568 1349 3056 2186 2521 4459 4447 1592 4365 2162 2405 3931 2817 2137 2155 1115 2989 2923 3118 829 479 1026 1697 1961 1110 1903 4626 3139 4678 2488 3311 4099 638 650 1701 1502 212 3736 2500 595 1739 3963 3552 977 2305 1946 2803 224 2610 564 4863 394 2296 1934 732 1908 3511 4491 2899 571 2568 1030 2312 1184 3169 4619 4584 1104 4276 4551 2769 2195 4830 2082 4796 3106 2347 2156 4094 3775 756 3793 695 2200 1959 1901 1474 37 2738 2899 1866 4107 2741 4449 1223 3960 1881 1241 1426 4734 2135 4636 712 4283 2024 542 445 4645 1097 835 3666 4197 3578 3189 3259 692 2041 2888 2490 605 87 1461 1081 1629 3458 2405 1707 1590 1327 2644 102 4500 692 2666 1000 618 4780 2414 2881 4720 582 4435 3741 2495 2699 1305 186 1817 2297 2737 63 1544 397 4680 1345 3424 3066 406 3235 497 1017 384 1573 2096 3796 4049 4851 1846 1740 2996 4166 1447 3701 1985 1510 3105 3606 2839 2846 1754 4121 3547 2205 498 2436
3213 2414 1459 1115 2283 1913 2734 3514 864 628 3167 822 2857 2882 2100 2390 2700 669 3857 4174 4263 4123 1156 3839 4280 3350 3441 2982 2155 3926 1462 531 194 3410 2203 2203 2536 3186 296 1318 3853 278 1225 798 1906 1802 3736 3114 2334 2315 3619 1378 1143 4518 3992 840 519 3371 4874 4068 4981 2856 324 574 1326 2871 4865 1532 1793 3629 3094 4091 3677 4926 2723 1357 1252 1330 503 2228 4072 3687 1252 581 1532 2434 553 2868 2751 4770 3245 3993 4368 3967 4726 3203 1498 421 4585 1294 2893 2830 3279 3720 1340 4588 220 2406 4129 3056 2780 3471 3064 469 4018 4456 4238 3618 1281 1932 3210 1719 737 4227 3053 4704 2507 4580 298 3550 83 92 3723 4077 764 1222 409 4087 3160 393 4173 3182 2903 4003 1664 396 579 3057 3342 2251 4051 926 189 4064 883 94 3314 3844 696 2559 3852 1933 2858 2544 770 3570 307 4314 293 2914 888 3960 3661 2225 2451 4176 3153 912 2210 4367 612 2878 3260 3399 596 2895 4555 647 1412 3526 3198 1708 4056 285 4667 1241 2014 3901 4087 3962
989 13 239 4026 102 3820 3166 2191 528 4354 4733 1271 3080 220 1607 400 3115 3797 1244 3795 3225 2689 2877 4803 4917 2667 1672 1516 1115 1462 1029 2701 968 4910 2888 4566 3793 125 164 3464 1502 2146 4879 2988 510 4804 3550 2301 3406 2012 3671 1410 1927 3111 4578 2746 4297 2834 3143 326 79 4201 3934 4117 183 426 1363 486 4813 121 2977 3662 2816 3934 3951 4877 1879 2035 4014 284 2426 2820 3528 2516 3636 3543 4995 2384 971 2699 3920 1082 899 2159 1370 1151 16 697 4756 3912 1500 3661 2947 3462 2217 2965 4182 3084 385 713 2968 4469 121 4980 4031 2467 3608 386 4912 732 889 4133 2115 4707 3906 1200 1467 4638 4330 3457 4704 1389 2425 4216 1229 1593 2054 273 2211 4487 4088 4976 2782 1079 2792 2139 2077 1663 3323 4952 4510 1482 356 1354 3154 4692 938 2026 953 3305 3115 3005 297 4145 303 2751 961 2378 3522 3396 2767 1632 1042 711 4126 1057 4432 1982 722 235 2894 745 2488 4588 4060 3962 2289 1629 3107 3653 3098 3587 3087 2115 1216 1247 3367 711 203 506
1352 2633 3453 4455 4955 2434 3708 194 4798 756 3822 4899 3364 3477 1478 1242 552 750 3513 1338 780 1237 2688 4635 2250 3019 1086 3469 2989 531 2701 2262 1303 202 1004 1052 3704 2003 2169 2193 1497 2008 1608 1813 1678 4655 2705 2974 4912 1984 2708 4455 2024 4619 1766 1282 359 383 2297 163 4285 942 2352 4241 3904 3000 3830 2231 3651 962 3373 1838 2136 382 4660 1741 4585 2532 694 4078 1602 2570 1940 3282 4017 2511 4027 3919 2619 1423 2481 4752 4666 871 270 293 621 450 2995 3923 597 3620 378 4100 241 2011 2224 1490 1584 508 2094 1629 3488 1215 2344 260 3237 2640 4050 4390 2263 4736 4237 1691 2509 640 3280 2010 2456 3442 1021 3336 3184 541 2861 3485 3307 3782 2740 1446 4508 387 1721 3763 1734 1758 2940 1170 3686 3754 4841 3626 1639 2052 4628 4550 4621 2741 597 3904 587 2012 4047 1755 2967 694 3619 3085 3632 1773 2198 3980 3573 1952 1777 2267 1826 3016 269 475 894 383 3842 809 1615 532 2297 1323 4268 420 3852 4404 444 362 4416 3818 1839 1392 4874 84
3409 4951 2912 3917 2011 1113 4708 2827 1306 3767 3141 4665 248 754 3646 1167 530 2152 356 2553 3783 1873 3062 4796 4131 1916 966 959 2923 194 968 1303 3098 914 206 77 3061 3416 498 2260 3515 1714 2470 478 2755 2055 2593 4433 3948 3992 2952 3648 231 4072 3763 752 2899 2664 2308 425 4545 4005 1876 1425 805 4407 690 1075 753 4809 4004 136 3871 2869 4917 2949 4857 1284 4795 145 4423 557 4048 2509 1892 4902 2626 3618 2284 3470 4284 3147 4813 3015 3711 2175 4903 3979 1095 352 4920 4034 3387 462 3423 1076 113 3132 2712 3527 3176 4521 4495 3668 2772 1850 4306 3019 3682 3203 4852 4566 1843 4353 3040 1118 1363 3158 4981 3294 1120 1900 3720 2904 144 2641 2642 2532 3149 1876 2791 4705 1277 4419 4846 2670 2146 3458 180 2777 3783 386 3968 448 2745 606 1789 1110 2690 3068 4659 3741 47 1656 2679 4975 953 4387 1915 1501 2045 4458 4928 1499 1862 3330 4938 3538 4025 4390 1665 322 4404 3575 4154 4409 3346 1078 1509 1989 4044 2237 4060 1659 4265 613 4124 2504 3474 1777
119 4668 2277 1001 4768 3205 179 2513 815 2930 3270 4142 3048 847 3404 496 1906 40 4181 1286 2054 4118 2907 2087 4565 4417 4392 3060 3118 3410 4910 202 914 147 2853 2799 3387 3276 3544 1261 1688 1486 3158 2545 1257 1392 1451 3634 4153 2568 3222 2003 1487 2858 788 2589 2079 3362 4364 732 2630 4861 3752 1471 2300 913 2626 1264 3037 4283 3943 55 3015 3158 4786 3328 3607 205 2959 2627 2221 304 4500 3559 4266 1698 4910 125 300 2224 2941 3083 2204 2166 1566 2139 2232 4559 4275 544 3610 1677 4634 4756 4329 4042 984 1490 4752 1202 3850 4377 1837 1789 2108 431 3331 3480 748 3868 425 276 3693 554 2240 1211 2991 4397 4045 2853 3111 3014 3821 427 95 3147 3788 2895 4980 110 1137 432 687 2610 4930 1853 3504 3478 692 1373 189 3476 1094 3888 574 2205 2477 1940 1180 416 1041 2730 2360 4772 1920 2163 3663 855 2206 1316 3251 3419 1665 2516 16 2206 4680 610 4337 3978 2153 316 2199 3154 4136 1000 4283 4586 1182 3155 4986 1536 4345 530 1599 1009 4994 840 146 2699
1137 4626 4825 1024 1387 4164 2248 3026 2853 77 2683 1638 414 834 4330 4045 101 2058 3886 827 3865 4367 3921 4752 3240 1227 2308 414 829 2203 2888 1004 206 2853 1543 598 1138 242 2476 4649 3737 4267 3838 388 2038 1611 4883 2228 2392 1931 3682 3686 1335 1717 4741 3129 2437 4205 490 1766 3583 4163 3934 3960 3222 2662 4951 1684 2591 4582 2671 2928 3790 4487 1617 1836 4190 3780 4655 1145 3943 2153 2869 4505 3227 440 2827 2481 1621 3949 2865 4595 737 2016 2665 3058 1268 4525 3178 4314 548 4813 2567 4862 4085 729 3852 3427 1878 4567 3520 1992 2622 490 4202 3354 4400 3525 3778 3728 704 140 4237 309 4032 4315 4506 1003 1763 869 2810 1836 3090 2788 3152 943 1822 2776 4038 4338 2820 850 1990 4816 4848 4965 401 1937 1324 1724 26 3660 2462 4666 3878 1865 4115 458 1753 593 2605 1527 2605 583 4560 4748 1115 2354 2959 3124 3811 1787 4783 4055 4469 1965 3671 1279 2362 478 797 3435 491 947 2690 3212 4054 1181 3874 3373 3199 619 3180 1726 2454 3567 588 1588 4703 3049
2700 612 1249 3935 228 1885 2334 313 683 4854 698 234 597 3930 2877 3792 4131 365 201 2635 3234 4800 804 1592 4488 1704 3524 2318 479 2203 4566 1052 77 2799 598 2876 2167 2148 2580 4278 3133 2014 4378 3977 779 4193 1537 12 1947 4019 2948 1677 511 3352 2461 723 3750 195 2055 1769 2096 493 2619 2050 3339 4729 1101 1032 3797 2849 2930 4311 2813 1418 2122 2841 3386 4739 994 202 1718 751 847 4262 4080 4470 4554 828 3539 2188 4843 4944 4289 4111 3353 930 3681 906 3526 2753 1251 3814 190 3617 1170 4622 307 4766 1580 192 4010 3475 3710 2154 94 1921 1314 2390 546 2618 2335 3014 3866 2868 3221 3720 4089 2735 2443 4590 401 336 3505 1103 3050 3348 3156 2232 301 3471 4245 2709 4713 2140 1695 4534 1715 1121 2727 1039 3731 177 3192 2354 294 4025 731 4682 4552 2893 2872 2240 464 952 3871 798 2625 4040 2624 568 2836 4233 4565 3699 2819 2986 2915 3510 2356 4086 3558 897 4258 1762 2376 1344 4310 2517 4875 1838 3470 1521 4492 4814 4630 3380 2650 4202 1567 3636
2650 1369 3164 3492 2688 1488 3170 2471 3672 2368 578 2675 3053 1496 1661 3985 3157 4539 1322 2339 4263 3482 3039 3884 3253 2185 3422 1124 1026 2536 3793 3704 3061 3387 1138 2167 254 3925 746 3334 1503 3758 1737 2166 4015 845 3802 2787 1804 1502 323 960 2924 2178 3158 1121 1632 2557 3630 4256 2686 2532 4847 3121 1996 1677 3739 3207 100 3472 1675 381 1238 1543 1191 2366 4253 1854 42 4257 1147 114 411 2667 881 4346 3797 4378 3144 4726 2956 947 4596 1392 3554 1508 2158 1889 4163 734 47 2259 4385 1821 1690 290 629 1997 2385 4597 758 4713 2967 4686 3816 3925 4458 3335 4406 1319 183 2766 740 2474 3299 2719 133 3454 2715 1113 3068 1884 293 4567 109 3582 1148 1959 3423 3865 4769 1982 2098 3429 4808 2603 3068 4847 305 4671 2338 2083 1063 3767 2562 4935 2724 3607 3943 2210 4461 3342 2739 1372 1922 4686 1789 2346 4540 117 270 607 1063 2340 1518 2028 1611 2516 3390 907 2958 3420 3151 3936 1571 4656 4888 4324 4326 3465 101 4396 1295 3773 4022 2644 2949 339 1658 4878
1931 1969 809 1447 142 2814 4039 4745 2932 946 29 2750 3910 4474 1454 3204 1167 4866 1334 4232 2218 713 1363 4153 1666 686 3512 3414 1697 3186 125 2003 3416 3276 242 2148 3925 105 1713 2128 1457 313 3657 2375 2230 2460 1468 1025 3569 2958 3565 4876 221 3380 78 1097 866 2557 3491 791 1304 3333 3929 4613 1304 3751 2677 617 437 4879 2085 4139 1659 4464 3476 3232 2613 4304 1714 259 2678 2000 674 104 4433 2604 3105 724 4796 1735 1626 548 634 1769 705 4264 3434 4340 1067 4784 4508 2662 4582 4241 2260 3124 1849 1867 1335 4768 3583 541 2856 39 1811 3107 3474 1518 535 2727 4549 1747 186 284 363 4087 4274 2957 77 2115 4311 1422 193 3795 1068 3302 2401 4668 2860 2601 3601 207 2338 1619 3760 1778 2749 3493 120 1821 3808 4557 4624 3164 124 4503 1809 2151 4248 3443 2963 3860 2418 206 3490 268 4392 4895 1159 628 722 3221 2188 2504 1314 3551 782 4490 2805 572 351 1556 1563 3341 2731 2038 1844 234 3596 3908 881 2752 4175 4750 3579 4179 825 213 1477 4931
4868 450 4468 3339 3049 4671 4685 3014 4850 3626 1867 1214 4892 3476 3357 1266 1272 615 4383 4325 4655 1527 3818 27 1943 1724 4857 36 1961 296 164 2169 498 3544 2476 2580 746 1713 3890 653 3928 2546 4296 2490 529 3681 3735 3218 4242 3894 267 3157 2916 2510 191 4182 2346 2371 2230 3963 4276 579 49 523 2952 2918 1966 4288 485 1974 4034 2565 4553 2898 1458 3641 4635 3253 1947 602 4315 3880 3679 896 4928 1420 1314 3537 3233 4446 2612 1731 2633 4881 4853 2102 2792 1513 579 41 3142 244 3592 2242 2146 3452 772 1706 3519 4499 342 2242 2292 2856 1280 3886 958 2089 1291 3788 3472 489 2768 2844 3832 3507 3525 4685 375 2977 1111 4030 4842 4033 1960 1381 3308 3753 859 1518 3496 3684 3699 4455 1606 1832 1846 3592 4658 4755 3568 4532 1405 2310 3424 4875 4169 1855 2800 2861 2426 4918 4774 1389 289 3807 674 3502 658 3147 4110 1145 1350 4008 1557 3967 1132 2937 2901 1369 2998 1208 1127 4097 4925 1236 4031 402 351 320 758 3309 3753 4520 841 1196 4700 1590 1567 1317
2390 2785 1096 3056 4781 661 238 3136 3276 1075 1644 1207 3726 303 4166 1332 746 4592 1706 3976 4913 587 2153 2874 2583 2691 1014 4821 1110 1318 3464 2193 2260 1261 4649 4278 3334 2128 653 4492 3227 3694 4256 2282 195 996 3533 2934 773 895 3612 3598 4754 161 2245 215 3588 1132 3650 4579 4826 4998 3288 301 2097 734 257 3212 155 3029 2130 4069 2732 293 2231 4306 2139 2286 2415 556 1532 799 2830 530 2681 356 1826 2354 2938 1177 4634 2585 88 679 4150 2191 3913 3455 4499 3925 927 1183 503 3022 1915 1880 103 174 3775 4670 2641 709 3256 4366 1519 3700 3472 4931 3730 2074 397 372 990 2067 3425 4848 689 4837 3857 2593 4971 636 1484 899 1977 3550 3603 3378 1837 1883 4963 2213 3892 3068 4910 4623 1543 4594 169 2977 3405 243 1071 1342 1900 4612 3552 4149 4573 1023 2017 2749 4519 3099 2903 2851 2934 3539 4873 297 4893 4844 540 2567 2798 1310 1856 4618 725 2854 708 2147 4820 906 2838 2116 3764 3537 4878 1475 2418 4800 1961 4653 3274 2103 251 4789 849 3835
