N: 200
M: 20
Symmetric: true
Triangle: false
12 130 45 25 140 80 8 93 90 124 191 189 55
12 65 181 187 47 117 166 165 138 119 178 158 131
13 141 50 137 4 20 24 77 31 102 186 135 68 16
10 143 107 103 112 192 172 101 35 180 19
10 48 7 97 51 15 23 200 40 62 21
9 81 111 194 88 115 159 66 79 17
9 170 197 149 9 58 134 183 33 188
9 161 54 126 96 38 148 18 118 5
15 74 75 179 60 122 98 168 49 39 29 56 43 1 173 144
10 177 174 91 82 156 34 11 125 2 64
10 127 169 120 198 113 67 171 70 116 53
7 128 108 78 63 36 61 76
12 13 83 3 184 87 10 176 155 153 14 30 196
7 114 190 133 121 59 99 41
7 152 94 44 95 46 146 69
8 22 100 26 72 27 182 151 132
5 28 92 89 185 147
9 110 105 160 71 106 195 129 136 32
16 86 12 164 193 52 150 167 162 109 84 73 157 145 199 57 142
10 6 123 104 42 175 85 139 37 163 154
936 2844 472 4301 339 3271 3494 2481 207 4413 4310 229 3455 3487 2469 701 2535 2176 4328 1369 3607 3467 1271 1277 4009 1893 208 4411 78 2615 2322 1784 3673 2881 3624 2828 2320 2608 202 2641 1520 1136 130 4529 314 2187 4175 103 1100 449 2900 1926 963 3489 2233 4939 1432 1808 4675 3618 1356 3478 3507 1640 4858 44 312 3822 1748 1539 4520 2756 687 53 2905 4275 615 3943 1794 2467 4179 3855 1694 1219 3092 1041 1442 1977 1943 601 642 2246 568 3521 4367 4549 4967 711 587 1273 4611 4115 2013 3893 2896 117 2311 4049 3849 628 2478 1657 4857 2942 3338 3062 4081 1348 2590 4063 3139 199 3069 2567 2693 3998 2459 2292 2500 702 1369 3228 4564 3617 4744 2478 4143 2319 3144 4097 222 2996 1551 2993 2996 490 872 608 461 1747 2153 3870 1689 982 3445 798 2492 4950 3963 3953 736 2133 4030 4352 2696 3256 1482 1765 3639 1032 2479 1996 4370 4670 3395 1890 360 2975 4668 3758 2594 4157 2397 4697 3617 2610 4980 617 3130 3810 4206 1908 971 590 3762 3381 4576 4970 393 833
2844 1839 2645 248 4248 349 2726 3229 2136 1559 4270 4492 3107 2594 1715 3775 4808 3414 3098 3789 4272 3929 1605 3699 1584 4557 3773 3794 1505 799 2199 4267 4896 1139 3281 446 1054 2794 3749 3284 3593 4261 183 513 2029 3135 3026 1830 3934 4172 3961 184 3085 804 2645 66 2058 864 3930 922 106 783 4984 1571 2335 3171 203 1332 1042 26 4379 1361 81 1439 1275 4975 1222 621 2685 3022 177 4864 3497 4399 3846 598 1710 2949 237 4668 4446 3825 4202 537 105 3852 4850 2280 356 4547 2214 241 4697 4224 3308 3385 21 835 1301 1593 4649 2788 1279 2845 2224 2428 893 3024 4867 2974 1747 989 314 3890 225 507 680 3568 3638 1336 1150 3010 271 566 1920 3000 212 3312 2606 405 4032 4023 4539 4414 576 2445 4870 222 4006 1525 2721 377 1396 4176 1901 2037 106 1617 1492 2160 2358 3917 3723 3549 825 4825 4892 1184 1740 3741 2316 1202 2407 888 1022 4353 3627 1839 4801 1356 4654 2775 720 443 2755 2356 55 2312 2165 4855 2507 2715 4672 3052 4524 4017 1362 478 1714 4001
472 2645 4053 578 1757 3930 1850 4801 220 63 4987 4682 2372 2617 2429 948 1036 1299 3401 819 403 3011 4681 2449 1681 3522 3433 1470 4921 1092 229 1186 4442 2555 4773 1504 4983 1989 1007 3064 3615 313 2734 3674 247 3002 1226 4562 1630 1140 4081 4104 1029 3685 678 2014 2321 1110 150 3027 1535 2754 3425 809 2814 2621 2446 1419 1999 1911 2506 651 852 1340 3329 3718 3970 1657 4742 3480 676 2360 3796 426 3556 2661 2826 3650 223 1664 4701 3088 3843 3218 4532 252 3966 3436 1172 4597 3100 3345 4035 728 193 3963 1498 2030 929 3835 2637 1336 660 1899 657 1572 3857 1328 816 4486 795 4828 4310 1366 1918 4839 1651 4383 4479 2211 1955 1986 892 380 1604 2332 3549 2106 3171 2729 2065 202 1201 794 767 3310 2690 2419 16 1872 2019 3711 3448 3615 205 3047 3761 1891 457 2847 2680 1809 3806 2401 2464 955 2076 4568 33 3985 2778 4152 4216 4894 3708 1374 1738 1514 1217 991 1318 4594 2416 4890 2368 4125 3451 239 4904 649 4534 3797 2423 1598 3237 4952 3955 1293 1795 689
4301 248 578 990 1553 2726 1063 1564 1226 3079 2746 2570 4386 2317 4357 3105 1803 1656 2959 165 1821 3990 4772 1749 882 2286 1497 4436 3863 2307 1731 2945 1218 1965 2082 4933 367 1806 4988 1000 1710 718 4912 2857 2934 3586 267 106 218 904 694 2031 2883 3589 335 3583 2836 3865 1393 4991 790 551 423 4990 2232 3224 2908 484 3663 449 2982 2744 223 3030 842 1607 4342 4305 4552 621 2003 747 751 606 2147 4170 3691 4110 2120 1581 4324 1558 3353 4241 3435 2054 50 250 3542 4555 4740 1083 2264 4063 3724 4841 3231 4508 2920 3556 2990 3183 1869 1824 25 3956 2750 1776 3271 2174 4076 456 4190 2688 1197 413 3130 558 945 4385 4224 1341 2137 2808 4522 3154 2195 597 3663 3802 3492 3316 4567 449 4851 4459 3754 3633 1952 714 2843 2848 1848 4660 4750 1467 32 37 4199 3666 1326 1228 147 2436 1367 180 833 2960 1639 2893 1680 3042 1880 1810 593 859 4054 2426 3640 1553 3496 2946 66 1735 1324 2433 4976 2155 3044 3774 3393 48 3074 3834 4092 4097 2051 4973 2091 2154
339 4248 1757 1553 3722 4207 4811 851 343 3956 1880 609 274 424 4133 2945 2547 2958 1944 4353 2285 4987 3744 1781 614 3750 3228 1953 4541 2681 3906 3312 4586 2801 2756 3791 4569 3443 857 142 3395 2941 3002 2926 3409 1261 4806 2756 4135 4620 486 3368 2614 1961 3323 821 2258 2176 1223 136 3211 1287 575 3128 2141 3617 2034 4295 3153 2229 1514 3316 1735 1014 2925 2834 4503 2355 4076 2841 2049 1152 4284 4669 3101 3880 360 2992 2541 3688 878 2347 2085 2997 4691 4227 1508 3377 2732 3452 1646 4454 1610 4345 593 2304 4238 4518 4277 2383 278 4684 3154 4687 4001 2760 4131 4510 1385 4923 4144 2131 4079 2913 4147 1892 124 210 4445 2802 171 614 516 659 2532 858 802 915 2944 502 4046 3051 4484 44 1757 2996 4662 2416 2722 3183 705 355 3682 4554 4732 2956 3138 2341 4718 4454 2216 3784 4785 3262 1832 4148 2742 3977 3647 4923 60 78 1667 3224 579 2289 2849 47 3905 4972 391 1729 2324 2585 4430 607 4486 1711 4433 1236 3156 430 4949 684 1642 3312 4557 186 1534 1435
3271 349 3930 2726 4207 2356 2318 3963 159 3834 149 3578 4369 4519 2270 416 627 3132 730 1894 2903 3650 4549 4939 1542 115 4566 1652 2526 1641 1476 1129 4148 79 2194 4603 2240 4575 727 2482 604 135 904 401 704 1967 2411 4070 2483 2518 196 2944 1511 709 2541 2646 1305 1684 4139 2401 870 4073 3069 262 4259 2783 3437 756 476 397 581 2694 3907 1961 3384 166 952 4512 27 3489 422 4481 1100 884 4985 702 3077 1701 405 875 2314 1086 2213 4259 1824 2930 2839 3867 4264 3880 2298 2952 2137 4946 1889 3365 1149 3033 3987 3733 583 863 703 2669 3922 3402 2451 679 1605 2066 2079 3350 1176 4407 4885 90 417 3419 4346 2534 3026 4874 442 2417 1587 1202 1584 625 1667 4296 1041 3831 3566 1364 2091 2919 4360 454 2836 3053 394 1706 2777 2107 693 3052 774 2970 3948 3710 4666 2725 4244 1409 196 1293 3304 3187 1701 1442 4801 2007 2803 90 4673 1971 2944 4651 3972 652 4836 1076 4787 4137 1815 941 1061 1953 3036 3387 4629 2216 2240 2392 3527 3066 1648 1041 3890 332
3494 2726 1850 1063 4811 2318 68 643 1019 3683 2267 1827 4426 545 1603 3580 181 2907 4984 2065 592 433 2815 4271 1732 3509 37 3700 4363 1224 3114 1080 936 1539 3190 2668 4685 1996 1971 3355 3701 364 3541 4173 4238 4387 3299 32 3686 1562 1832 1886 505 1091 3786 3929 1532 4595 396 1269 4346 3359 4693 4072 2667 2572 2214 4165 2081 985 169 2036 2168 4622 3547 1038 4925 2518 4538 4258 4573 318 814 3571 4159 1864 4355 4183 3180 116 4991 1320 787 1718 4692 4527 1641 994 2671 2620 4696 3637 920 1207 4579 2559 1104 942 2489 1695 4035 477 1302 633 3312 1334 537 2742 2413 246 1730 4776 593 453 4831 2145 4388 1203 781 570 4975 3198 1271 4049 2978 402 209 537 949 3347 437 4003 4805 3947 2343 212 2830 132 396 1842 4042 1542 2272 678 4654 3617 184 3922 3369 4053 1328 1521 858 2001 997 2890 641 4290 1291 3444 3069 1685 4226 862 21 1827 3066 882 4258 1838 2006 2471 3699 838 4078 811 2419 4308 518 3477 326 180 2317 1693 440 2742 3214 2207 3072 303
2481 3229 4801 1564 851 3963 643 3398 2223 3330 3295 2068 2237 1540 3451 3904 1368 2370 3414 1817 248 147 3203 612 723 4759 1610 4999 4501 4565 4042 3742 3015 3126 60 3957 2998 1039 4881 75 467 4660 4296 4775 2833 1648 626 2944 2822 3865 1234 544 3846 561 402 4914 222 2290 2659 285 4982 4147 3916 129 132 2850 254 3106 3126 632 3981 666 3693 4537 3351 3849 2449 251 1842 313 607 1766 277 4840 1576 1164 2932 844 2847 1450 2161 2999 191 3797 4874 712 4703 4358 4137 3334 1967 4711 4557 737 1601 1990 388 4653 409 334 3689 4516 3309 3666 2044 474 3636 1183 1481 861 1509 4690 2113 4394 2367 3478 3434 2232 3397 2822 3432 403 248 4329 4524 1781 215 63 726 1760 2448 3653 3164 3091 1025 2212 4052 2940 525 1426 2262 1600 1533 4924 1171 2252 32 4306 381 2878 1642 2648 3242 1516 4030 385 1538 2555 2009 4276 2891 121 3063 1195 4993 2378 1044 194 3766 2301 4161 3496 888 2292 1265 3171 1944 4042 4387 1382 3276 1888 2616 3271 1337 3631 4031 3036 2759 1719
207 2136 220 1226 343 159 1019 2223 4667 3185 4247 4779 4659 2888 4531 4998 3554 1928 2171 4424 4906 1558 1304 1327 3127 4796 2222 811 2336 1971 2217 1995 4739 2743 3935 3736 4563 224 4116 399 1395 3187 2576 2568 4992 2242 2701 2049 19 972 895 2399 4870 112 3667 2635 1937 405 2007 2211 4514 3436 2850 1069 1889 2947 3946 1927 4759 563 91 4591 3079 1082 2667 3023 1318 2728 2321 897 1778 2872 1263 3349 3858 130 3057 3706 1234 2536 4493 4105 2390 3024 4630 2647 1818 1800 2784 4809 3472 3893 1732 4356 3231 4257 2162 916 667 2612 2031 3426 2453 744 1870 870 3738 2702 3338 1572 35 4869 2584 3470 2428 1437 1678 2434 2632 1835 795 3760 2880 2952 503 3688 2095 2841 4729 4315 3310 46 2739 3929 2021 2161 3732 1010 2329 1745 3811 1109 2417 3121 3191 4927 1534 1396 4458 1564 2025 2852 2822 275 979 4919 1547 2657 3611 3795 889 2434 2420 2156 4701 313 1984 3858 3966 4604 1429 4689 1780 2200 1341 3171 3194 1064 2583 2795 2596 3486 199 4950 3136 638 3946 1015 2478 1518
4413 1559 63 3079 3956 3834 3683 3330 3185 2811 4116 1839 1779 2891 4186 3225 3672 544 2206 4259 288 2122 2985 630 1691 350 2899 1668 2960 2896 174 228 85 1914 2080 4543 189 2139 191 2614 555 2343 11 771 869 3458 2408 2656 350 4588 2926 2243 3926 1289 1567 4201 2848 1331 4531 4372 3883 4066 2005 923 1396 2031 937 4063 4787 1971 2713 2152 4957 161 385 1490 1800 1197 3655 4354 4782 2156 3985 4073 2881 778 4886 4889 4073 3356 2795 4311 4648 1661 1303 4109 2411 603 4079 1824 4821 1542 303 2024 1075 2695 3107 4444 4184 2435 363 3096 1039 4766 1441 4208 4078 4802 92 1093 1726 63 4847 3103 3164 1286 3715 1069 3423 3421 4707 1339 2426 2464 1502 3612 2311 1595 4917 1050 511 621 4793 4422 2468 787 845 1121 3529 2799 2158 98 243 1477 1544 10 3587 3299 1708 3652 4168 4612 131 1008 2448 1638 1406 2385 4665 3995 2544 1411 1982 59 4294 386 1148 4022 2091 4508 1129 3611 73 4730 4274 2355 4687 3084 3297 535 3781 4288 3991 2074 4966 2965 1659 3469 3005 1093
4310 4270 4987 2746 1880 149 2267 3295 4247 4116 2528 749 2482 4031 955 1212 2156 515 3686 3979 2532 3052 4751 1587 1127 3762 361 1627 1852 1977 2559 2376 4133 1071 3540 2199 3327 65 4789 4451 2434 4165 2108 127 3123 4171 1644 2438 1320 1223 4730 4550 3966 4538 905 1873 2774 3056 2873 1738 4245 1383 4313 4904 740 3688 3493 4679 3073 805 2840 146 4408 2015 3888 4396 2804 291 256 2107 3624 3018 4460 1878 3142 2707 1801 3699 537 1835 4051 3421 4407 4961 3917 4195 2705 4771 1212 394 544 130 4586 456 2379 3417 4227 963 3039 3934 2782 4687 4030 2108 956 2004 1936 804 2441 3262 834 3993 2759 3397 1126 2116 3289 3044 4119 4084 268 3118 2901 3849 1832 4964 4215 1563 2136 562 3104 3249 4806 3950 723 339 899 2924 2272 4392 3940 4831 213 2381 520 3802 2945 4235 4180 1481 3640 2625 969 646 1960 436 3279 3398 3369 350 3814 3849 1827 2960 2150 958 4724 1278 2131 2618 3510 3911 2946 4215 2216 4252 4005 1664 870 4601 4594 1039 3670 1797 4136 4897 621 765 1459 656
229 4492 4682 2570 609 3578 1827 2068 4779 1839 749 2779 4261 3236 3669 3586 3075 3911 2114 3825 4882 187 500 1895 4949 3809 4702 951 3744 683 2617 766 4430 4640 3651 4621 3159 3152 3495 318 1498 2446 442 4089 1866 4679 1155 2731 2938 1227 2822 4911 3381 3561 4269 3589 1170 1129 4197 2438 3985 2748 2779 540 1143 2065 3545 2094 250 2620 212 1886 4190 3396 2816 119 3840 3070 4672 3605 2123 2932 100 3946 1185 1988 4988 3115 963 3143 2735 3717 2872 1661 3849 70 1352 1385 1550 1919 4149 1277 4310 3564 4791 4549 2871 2587 1868 3263 1714 1937 4806 4159 76 359 2867 4912 2763 4414 4133 3840 4901 3463 3769 2131 667 3107 2976 1691 3520 48 3644 4982 936 926 811 4025 1248 2717 1008 1609 2556 1964 2485 3364 4935 4680 1517 10 4437 3555 651 3152 4032 647 1044 1779 2829 3653 1352 1937 2878 675 1408 1559 4463 336 1053 4190 3630 1578 843 1014 3766 4605 3531 1751 1290 3101 3157 708 1764 2789 1804 1434 3060 1034 1867 4663 2558 1318 1481 430 2856 1829 4959 4061 1975 467
3455 3107 2372 4386 274 4369 4426 2237 4659 1779 2482 4261 4211 2020 1298 2613 2043 699 3860 510 134 2331 1744 3299 568 4830 3598 3461 334 2643 960 803 3055 116 4948 536 1961 3111 3495 3949 382 2614 3705 154 4901 4734 4941 2778 3214 1496 4851 1076 321 4185 1886 2011 4973 4395 2571 2912 1491 4964 3385 629 3312 314 4266 2963 2276 4822 259 4437 1921 1341 3034 54 1886 1788 2072 4028 4933 2610 1267 2153 1054 3269 292 1901 567 3951 1003 4181 1931 4517 3297 3342 4768 2582 3730 10 1130 60 934 4617 1897 1346 4643 3294 1810 3053 4221 3695 3603 3320 1843 1562 3210 1037 421 4182 3063 2771 102 2562 2573 1906 4494 2367 4393 873 2435 2043 762 3110 3548 108 1151 3599 3185 3967 490 3203 4237 1024 1715 14 4123 2616 3541 3681 4175 1236 655 1523 2585 404 1868 1066 327 1933 2847 4293 1883 4324 2400 1931 335 1085 4074 1849 4082 3338 4531 514 2689 25 1949 1638 3922 1406 4531 1335 1714 4080 4542 2114 2258 337 3414 2240 978 316 561 3900 4968 3057 4566 1860 895 3232
3487 2594 2617 2317 424 4519 545 1540 2888 2891 4031 3236 2020 2988 915 512 185 187 398 685 2788 4720 4707 3878 2133 1959 3830 264 2751 2395 349 3694 1510 3627 2602 90 4665 2960 1849 575 4140 1802 347 2924 745 4032 166 521 3458 225 2032 4923 2334 2316 2214 4636 1554 93 2032 3157 3551 2164 4705 3454 4277 4615 4198 947 1173 1067 2801 4797 3253 1552 2315 4932 4293 1080 1556 4783 709 3579 4477 4437 816 2439 3301 4757 4306 1978 4230 2809 3452 2364 184 3617 1698 200 3309 4706 4473 1261 2817 2811 1879 87 1605 2561 2996 1340 2379 1519 3664 1289 3278 2274 4864 4611 4982 141 1129 1828 329 78 1288 4575 2798 1752 186 951 1951 3054 471 4119 4303 153 865 2656 3922 1471 656 4008 795 1144 400 1687 1499 3788 800 1329 849 2309 3454 639 2627 1068 2968 1441 2069 2292 3555 378 2504 3149 2522 4308 2157 1667 3371 941 2235 1892 603 1109 753 4713 152 2514 4157 3349 2103 1802 1412 4965 4288 4794 1539 2509 4509 2406 4449 4502 3032 4813 3078 762 3863 1783 24 1073
2469 1715 2429 4357 4133 2270 1603 3451 4531 4186 955 3669 1298 915 899 4083 2802 4132 216 897 1724 3525 1883 2790 3524 32 4148 1655 4389 452 30 2785 323 429 2592 628 3500 2632 4327 406 1253 314 3443 4994 512 1782 2077 4532 951 1150 24 1410 4282 3869 1865 322 4739 301 252 3764 1252 1384 4533 1025 163 40 4268 4047 3564 221 1551 1766 4557 4809 3615 1593 3089 3900 4363 1184 302 4712 4633 3301 1777 719 4731 3982 3738 3533 4530 4715 1275 2616 4720 2088 117 3792 3203 1222 4892 298 130 4890 710 3201 4494 2846 1578 995 3763 2382 3177 695 3756 4432 1424 4155 2168 1602 1652 4593 4021 1292 4493 2325 1424 242 3663 2025 1894 1132 4516 4466 1470 2482 3105 1244 548 3304 2197 1340 1230 2753 3518 957 2287 4325 1900 2786 4591 4505 270 4242 1204 1279 2796 1429 1569 2913 3235 2103 1521 3592 2355 2966 4205 4645 3820 3129 1244 2893 2438 4947 4208 3441 4756 4475 2622 3946 3791 2421 4348 3943 4197 4179 4520 314 4927 4969 3621 4750 369 2557 4338 3692 530 4030 581 4512
701 3775 948 3105 2945 416 3580 3904 4998 3225 1212 3586 2613 512 4083 2478 4396 2610 1154 16 3863 3493 4089 1604 554 1320 2201 4329 3443 3196 2778 784 4389 3047 217 1231 473 2811 48 43 3686 2994 3858 761 4588 31 2137 1326 4715 3822 4817 4619 1069 4953 1144 488 4365 1747 2061 285 2413 2586 105 696 2741 3732 681 3496 1318 1197 1627 3987 3297 2097 1266 1243 2365 2996 3656 869 2946 4536 4643 4816 898 2312 1315 3523 1141 3849 3546 2245 1543 2762 4729 1793 484 4590 2511 2314 1557 1308 1460 4800 1422 2907 1422 2021 2401 4064 28 2025 4909 2494 2186 188 1333 2492 2528 2640 1828 4668 2227 3093 2764 2795 2525 4994 4798 2366 2854 4350 4926 1069 4149 4276 1024 3974 3387 2392 2466 2718 1783 3561 3233 823 3870 2005 1354 2890 2421 979 4676 1812 738 4629 4592 2103 30 1546 2457 4001 2921 2451 1134 1394 208 3012 3151 4132 4870 410 4544 4252 4659 2216 270 817 2681 3307 2769 1381 4944 2193 4960 4715 3545 2520 4541 1027 4554 1716 199 2360 549 3919 4268 4850 2222 324
2535 4808 1036 1803 2547 627 181 1368 3554 3672 2156 3075 2043 185 2802 4396 842 1962 2492 1662 413 3207 1702 4000 3430 2905 4777 124 2024 289 3503 4127 3506 4157 3118 4491 3926 4405 3750 509 1596 932 3793 89 237 1119 4304 915 169 708 63 1727 3811 1914 1241 1612 4873 2079 4895 32 4370 4237 3460 2728 1814 304 2111 2265 4865 751 2968 342 2729 1563 4529 2814 3518 4007 2240 4421 1706 1260 313 377 3734 3448 1332 3868 2989 2062 1994 293 3888 3501 3858 3291 661 3922 1971 1774 3860 1513 3055 1508 959 4758 12 3778 3329 1720 4671 878 1576 1306 2717 771 1035 1539 957 1629 3075 615 2091 909 2709 2854 3255 4778 3409 2586 1659 116 4616 3797 4572 4817 2674 2980 1811 1975 3263 193 3168 2490 3505 2019 4792 321 3861 1030 1880 4141 444 4212 2122 934 1509 2895 1719 1383 380 2825 357 206 2590 3969 1168 894 4774 1622 164 2313 3816 633 967 616 4676 894 996 145 3860 1179 4564 4839 2120 4191 676 556 3096 3060 4113 1667 4334 1747 2792 2962 1459 3449 2346 3086
2176 3414 1299 1656 2958 3132 2907 2370 1928 544 515 3911 699 187 4132 2610 1962 424 1093 1890 3084 4202 4918 1071 1497 1577 1787 1575 2080 2754 248 967 1687 3313 2885 1798 2894 2212 3166 2826 860 533 3262 3508 4515 4228 134 876 4513 61 3590 1441 2129 1900 2458 3381 3662 122 3597 3276 1457 4693 2782 2465 4548 2895 4333 2248 536 2755 2580 3214 585 4268 3484 4259 3017 4650 2464 3167 3069 1667 3816 1407 2453 978 3985 3560 3669 3879 879 1003 2977 4280 101 2261 1237 1965 1470 2860 940 4059 4309 4927 2432 3000 3255 2498 1194 4787 4823 1474 3655 2136 2036 4840 837 2777 904 2047 534 222 190 1438 246 1534 3999 3702 3699 1712 833 1360 1926 3351 702 1902 1508 4382 505 3598 1765 1055 4317 4286 2927 772 2384 4342 1084 696 2237 2585 4065 133 276 2298 4207 581 1664 3198 676 3604 1869 2858 3634 478 3176 4981 2042 1039 2539 123 614 653 4596 4517 2971 4192 1189 585 3779 2697 2454 236 2969 685 4977 553 2686 4621 2565 369 4022 3383 2971 4911 4527 1900 450 4957
4328 3098 3401 2959 1944 730 4984 3414 2171 2206 3686 2114 3860 398 216 1154 2492 1093 241 4696 1284 3337 3306 2054 3894 515 3417 2629 4041 3694 3806 3883 2775 3851 3969 2233 4083 4962 2456 1035 4832 1061 275 4486 264 1793 2089 1407 2933 3826 49 3578 2829 504 381 4542 2151 4396 1383 2883 2759 2422 3109 3227 2066 905 580 1209 1247 172 2420 188 1014 3669 3917 596 4859 868 552 79 3749 4256 4998 1644 2465 1797 3247 3455 2674 3132 52 2058 2704 3392 243 4550 3510 2135 4857 3816 4344 4279 2191 400 4826 1507 475 3851 2539 688 31 3443 1175 929 3977 566 18 1387 2381 4792 46 1616 571 4872 1975 4947 138 1126 917 3060 1227 1275 1014 2716 2933 627 4811 44 3742 3430 2664 1233 335 650 701 127 2445 1334 2159 4178 4393 4867 2434 2618 4103 4718 3892 2679 959 1060 1240 1034 554 3209 3867 3261 3739 3519 2819 2157 304 2077 4807 1156 4151 3911 2852 1992 4115 2843 2131 4631 1472 3220 307 397 1851 2923 1457 3398 2402 2088 4134 3070 4987 1868 2409 3654 3118 2145
1369 3789 819 165 4353 1894 2065 1817 4424 4259 3979 3825 510 685 897 16 1662 1890 4696 200 4536 1185 2890 1145 133 3814 2429 4768 1337 970 4746 1698 982 1625 2438 2094 4297 3106 4725 4671 3751 2074 4335 3790 379 4640 4717 3672 2718 2862 4853 1280 1435 1827 3318 4665 581 269 2019 2868 1949 4328 3874 4930 4165 1354 2344 2205 1647 1095 3377 3479 974 2519 1943 4937 4821 2284 175 1846 265 2015 1338 3224 4619 1585 2194 99 4062 1240 454 2527 4243 3844 813 3163 2042 1301 2105 3806 4600 607 3749 542 4010 4626 3041 364 2243 1834 1310 3211 3379 2769 2192 10 1207 1541 831 3363 2205 4127 611 4909 4113 4112 231 4208 2638 416 3831 736 4776 2060 28 3896 1303 4849 4092 1111 896 955 4935 621 4951 2155 3432 3306 337 1072 517 4860 2439 532 2936 1864 2699 834 2789 4710 1211 1762 4583 2478 52 4999 2192 4047 2754 1589 1150 3497 4163 2839 3858 855 1413 4491 4184 2736 3514 2235 300 3858 4787 3644 2006 4987 2823 2135 3740 1187 3543 3654 540 2673 3387 2004 2222 3034
3607 4272 403 1821 2285 2903 592 248 4906 288 2532 4882 134 2788 1724 3863 413 3084 1284 4536 2430 4610 169 4311 1289 1519 4488 809 3219 886 4400 2785 876 2248 1320 3835 3299 1076 2015 4676 1196 2443 2088 2678 2013 3123 855 4577 3380 2303 2370 606 2232 4173 4267 3991 4155 4451 4684 3108 1254 4658 4903 2732 1214 2096 4968 4056 2749 3339 3157 513 2414 3783 2180 3103 3344 3875 4158 4842 2959 987 2599 2314 1298 3098 381 2320 759 1978 3964 3658 3498 681 3873 4155 3931 1546 2171 3239 2716 838 3452 4442 1881 1517 3186 3434 4460 4890 132 2361 4450 1661 866 2459 3208 3112 4328 4383 1310 484 2968 1280 480 2021 2755 3130 2322 736 4700 3729 1791 3126 916 2040 3532 4404 2232 23 1490 651 493 2676 309 3682 1917 2619 4544 429 1991 667 1418 3132 2723 4241 2234 1946 4473 1077 4494 1148 2983 2414 4978 2727 1571 4296 3188 1913 1359 88 1180 2416 1232 4095 852 4868 4666 345 3650 2250 510 312 4393 118 4778 4185 2956 4881 646 2873 4477 2534 1162 463 4988 4964 4089 4255
3467 3929 3011 3990 4987 3650 433 147 1558 2122 3052 187 2331 4720 3525 3493 3207 4202 3337 1185 4610 4413 3615 1751 1204 3606 4963 397 2433 4236 4328 541 573 471 2806 1191 3037 4234 4821 1761 3920 3727 2872 165 4167 1752 2021 2644 2210 3082 4744 3359 2114 1785 4619 2516 2109 4712 2281 1984 4321 939 4023 4608 4070 3967 3528 2559 4608 3430 1441 4575 4012 3070 2722 2918 2522 4763 3684 3572 3480 2578 3389 4347 4976 1925 2636 1839 1271 793 646 3354 1254 478 2457 3000 4678 2815 166 3926 4162 4204 1929 2997 3408 508 2619 2724 3250 4860 3626 1668 3064 3173 4807 4784 631 4076 3492 284 2691 4204 4967 1599 496 753 897 1336 2826 2026 818 2424 3411 3596 1708 836 4288 2570 3358 1925 365 1298 4996 1411 1321 2808 3840 184 27 4692 3190 1522 93 444 263 2661 411 573 293 3733 2171 2869 635 12 375 1237 2014 3697 1005 3811 3855 1860 397 2664 2731 4293 2979 139 1705 3635 4782 4224 2935 1281 796 4865 4743 3792 464 678 4441 1854 2530 1980 605 1514 3103 652 1599 4840
1271 1605 4681 4772 3744 4549 2815 3203 1304 2985 4751 500 1744 4707 1883 4089 1702 4918 3306 2890 169 3615 3639 1662 2789 2871 1040 1265 4997 2954 86 3590 194 3257 3977 373 3232 2070 3618 3370 3041 2657 3536 269 73 3938 3264 3827 4559 2004 2073 1462 1196 4493 3050 860 2115 4297 3729 2738 2510 4201 4204 1742 2945 1257 4773 4588 4408 3601 2931 1434 1814 2793 2233 4553 4492 647 1466 1721 3671 2654 1820 1043 4097 3458 2531 241 3289 2274 4833 3396 1591 1329 2761 3963 2264 1867 2835 521 4673 4785 115 3146 175 4336 2232 3780 1276 2853 796 2702 4057 951 4361 1432 1868 3158 3043 2270 2940 3541 4316 2295 1002 2949 2737 4577 3372 2011 151 4763 3426 4322 4225 1473 1167 1670 4312 3319 868 545 3282 1025 96 2476 4813 1828 3619 200 3307 4854 2818 529 3807 2340 1792 2323 4215 2676 4017 2656 2231 4772 44 1995 3829 3192 3034 3560 3174 581 4602 1005 2191 426 2294 3083 4105 4503 2041 1733 3287 2077 3619 2086 393 43 351 3233 2132 713 3420 4880 2887 1657 3349 2793 3336 3851
1277 3699 2449 1749 1781 4939 4271 612 1327 630 1587 1895 3299 3878 2790 1604 4000 1071 2054 1145 4311 1751 1662 3063 4295 3746 3329 698 522 1678 881 3130 2053 3748 1142 3232 1722 3276 1677 3767 1126 4453 4788 1209 2087 4600 541 1528 2185 3422 3503 3525 1573 742 4033 2756 2200 2994 894 1254 2197 2269 871 1625 1271 2824 958 1869 3706 4108 3970 4038 1244 1483 989 2289 1545 3714 4880 2865 4778 4438 1242 4451 4051 3010 2618 647 4796 4955 850 518 2317 4543 2606 1819 4938 813 83 4547 2916 854 2051 1739 1687 399 2376 3807 1934 401 1557 4017 116 866 1005 1346 1959 4426 2627 1054 1447 3143 2574 3279 515 3015 4181 1069 4295 2489 1718 1278 2483 4362 979 3223 4421 2601 2538 4583 4212 4915 3898 3373 2577 2579 1964 1932 712 2624 3655 2162 1054 4190 2843 1521 1192 3843 1524 3405 3582 2140 4528 2892 4361 1120 4694 600 4625 376 411 3859 4605 2631 180 4559 771 656 3845 3870 4544 1820 3355 858 3387 3267 1038 223 3360 4495 2920 3864 3884 1967 2713 475 584 607 4106 1323
4009 1584 1681 882 614 1542 1732 723 3127 1691 1127 4949 568 2133 3524 554 3430 1497 3894 133 1289 1204 2789 4295 4443 3029 4426 4423 2333 3352 4008 4061 3569 1704 1278 2412 3996 2398 181 4959 3350 3236 3986 2467 3219 3639 4979 3918 1845 363 4328 4520 170 3052 3660 1578 529 1565 4122 1961 4718 1733 4014 791 1313 2446 1308 2966 4591 1600 838 4219 2583 4050 4125 531 1060 4141 516 3015 2411 4155 170 1749 1387 961 4298 383 2907 4716 375 2110 175 4776 4464 4669 4342 3791 3905 4343 1482 892 1862 2599 1676 4687 2826 2138 1436 4110 2750 345 4316 2837 705 848 3095 579 3915 3832 4831 2194 2165 74 1212 55 4524 427 2970 280 4655 1113 4090 1089 1547 947 3359 3419 767 2687 4538 4887 4376 4132 3391 2999 2967 1031 3837 2302 3181 631 4997 1522 3380 2247 4561 3059 406 166 2056 4380 3470 2253 3622 1914 4057 4615 4640 3533 2536 4184 3680 3691 4671 4439 3343 2599 2295 4992 2295 782 307 827 3770 560 2635 197 4447 2213 891 2133 2075 4428 721 4640 1704 1645 132 1595
1893 4557 3522 2286 3750 115 3509 4759 4796 350 3762 3809 4830 1959 32 1320 2905 1577 515 3814 1519 3606 2871 3746 3029 3574 3003 884 4006 3136 2510 4454 3973 1767 3765 2124 2106 1997 2903 2412 4907 2422 4863 4978 1142 560 3327 299 1858 555 3828 2836 263 167 1323 2762 2374 3605 1395 1968 4418 2851 1222 4893 4454 3773 2307 760 224 4725 2718 1566 4550 463 2428 1983 130 1338 1597 3517 1469 4516 3083 3995 2674 2856 838 1321 4636 159 2068 1605 4028 4054 1442 1775 2309 1333 3524 1030 275 2342 2468 2072 4793 1101 614 402 1254 3208 3974 3207 989 4139 921 4828 1430 2921 3846 4941 4361 1582 4239 3108 661 2241 2890 994 332 84 3313 4236 2714 752 431 2410 3982 2794 3556 2689 666 1495 1222 4676 698 1007 3906 2482 2956 135 2964 4511 402 62 2509 1897 1415 4135 1217 2691 4934 1572 3285 840 2995 1754 559 963 3849 2303 2893 2958 709 4046 2907 215 4396 2734 2697 4417 3152 4586 2099 2358 679 500 4654 3124 3098 2197 204 1035 2482 1225 3963 2975 864 3609 4023 3934
208 3773 3433 1497 3228 4566 37 1610 2222 2899 361 4702 3598 3830 4148 2201 4777 1787 3417 2429 4488 4963 1040 3329 4426 3003 4135 2422 975 1081 684 4787 761 2770 2654 4047 37 820 735 2000 2546 3951 4626 199 4593 3067 797 4243 2347 4129 4262 3979 3872 3273 2713 388 3788 3106 2259 4794 302 3727 2170 1029 1698 1552 4360 4311 4473 4378 353 1838 127 3940 3741 866 4463 3755 3253 720 2369 1228 3144 4583 2447 926 4801 2667 3794 99 525 4244 2966 36 650 4915 2382 2215 4731 109 4728 1887 3965 1336 1088 1154 1804 2175 2422 337 2572 37 4270 287 1234 2957 2685 4677 3346 4009 4180 1077 1100 822 3914 2558 1812 1928 2228 4320 670 4244 85 2407 499 526 525 3633 568 3287 1067 1678 4365 2619 4655 1480 445 4898 2511 4252 1142 2548 3328 3565 888 3647 3481 3786 87 4847 1299 3014 2896 351 3842 981 4891 2015 1743 3255 3520 2325 1101 1837 1023 2553 2713 1514 306 1269 341 2721 2369 1737 4774 4712 857 4287 3665 3043 1940 3183 457 167 2248 2485 4039 2325 2481 3319
4411 3794 1470 4436 1953 1652 3700 4999 811 1668 1627 951 3461 264 1655 4329 124 1575 2629 4768 809 397 1265 698 4423 884 2422 2011 1675 3677 4099 2446 3284 2732 4634 2326 311 1074 4513 812 3514 3529 3874 4427 1676 4546 3240 1481 1648 2123 4665 1171 1722 1576 4211 3750 1478 544 4637 1822 1510 751 2988 99 1989 2470 4859 3615 4902 528 3113 3632 1413 647 1614 3797 4165 2362 4355 4212 3869 715 2341 3172 1389 3641 1692 666 2005 2755 755 3052 2481 1617 3101 3691 4749 3259 1469 3682 1233 4742 1951 3904 4709 3096 3794 3472 3850 3722 4812 4669 2278 2866 1303 2361 1582 1077 3311 2308 796 3649 2719 2301 35 2415 2850 245 1717 338 3979 1737 1827 4502 1111 1444 421 4665 1542 188 533 2033 1656 4467 3638 830 205 498 2615 4207 1183 368 3567 852 4665 4913 1740 4926 2008 4078 3777 3285 792 2959 239 3215 1159 3506 110 4165 3257 4705 1308 3328 1192 4883 1906 1249 890 3264 1913 4354 4866 843 2318 3561 1616 865 1797 2060 1173 2283 257 1062 3390 3697 2673 3602 3010 3379
78 1505 4921 3863 4541 2526 4363 4501 2336 2960 1852 3744 334 2751 4389 3443 2024 2080 4041 1337 3219 2433 4997 522 2333 4006 975 1675 1569 4951 4968 677 572 1672 4534 3137 2138 2008 2500 14 3723 4186 858 2737 1186 1357 1397 3933 334 3213 1114 2889 3377 183 481 4518 1572 1774 4970 4383 2062 907 176 1909 709 4264 978 3098 3049 799 2251 4065 758 871 3561 4475 3390 2670 3857 3732 869 4376 2577 3998 2572 1789 3633 2635 2935 621 4209 2543 810 3689 1894 1436 4039 166 2224 3241 4229 1436 4791 543 1846 3227 3782 424 3637 2462 3384 1933 406 940 3533 4684 4721 4422 2527 129 2917 3323 2764 4380 1649 239 1713 2696 4652 2265 2872 756 4802 876 3160 4553 4519 3671 2604 1093 4382 2815 811 1507 2503 577 2782 1979 3140 19 3210 373 2154 382 4113 4019 4763 1066 2778 272 1057 1328 739 2521 3177 2329 4474 1568 2380 3015 1208 2615 4975 211 4077 2630 115 1463 2940 1545 3031 707 997 4785 4664 3807 2579 4777 10 3382 4942 2265 1278 795 2695 4454 4138 4397 766 1208
2615 799 1092 2307 2681 1641 1224 4565 1971 2896 1977 683 2643 2395 452 3196 289 2754 3694 970 886 4236 2954 1678 3352 3136 1081 3677 4951 2880 2247 3868 2681 2421 2891 4375 1327 2020 3672 3038 4184 2101 3154 3498 922 1701 819 2421 433 1946 482 3424 4061 1710 2544 434 2377 4308 4882 1085 2666 2229 4166 4998 4780 4749 1429 3573 4525 2346 2642 1103 3590 4474 2020 1056 3622 1477 428 2783 3485 1879 936 3749 4710 1139 4351 4462 262 2710 1763 3188 2555 4722 2739 1658 4466 2622 528 2066 3972 4177 3207 3545 4788 4706 3058 4142 3824 4806 302 100 2511 4519 3499 3259 2024 3349 3534 4229 294 400 4314 3016 3181 4120 1178 4904 4126 4347 3761 4849 4521 4999 354 890 4488 2745 858 2329 707 546 4723 3939 2158 4132 887 2728 2330 1422 2685 640 4682 2674 1950 4338 1471 3887 1836 2221 3784 1113 399 3380 4307 3192 3444 945 2677 1862 4771 3317 1645 4873 1280 965 1251 1484 515 1133 2353 602 2796 3618 215 4730 3695 1226 544 984 662 4192 4791 3879 346 3280 3026 3695 4934 1838
2322 2199 229 1731 3906 1476 3114 4042 2217 174 2559 2617 960 349 30 2778 3503 248 3806 4746 4400 4328 86 881 4008 2510 684 4099 4968 2247 1377 4596 1525 4942 2310 610 2319 2870 3963 2801 1184 2103 709 4512 4814 1512 2751 671 2588 4215 2244 2495 118 4531 1388 2407 4435 4169 2584 1291 819 1729 4190 498 4765 3747 4303 2237 1143 2511 423 2721 3376 3003 552 4075 572 2219 478 537 4594 1310 4275 4149 2047 2665 2141 1114 2300 4175 321 4872 3681 1919 1380 1401 858 287 4642 2810 966 3109 2134 3920 1493 759 4689 561 2248 2391 3457 3513 631 2358 2496 3869 2667 2012 729 4805 2689 3420 1749 101 4323 3500 2593 3985 2185 2932 4084 3035 1195 3787 3154 4680 2504 3386 1945 642 3415 3269 2947 1839 3414 3777 3407 2837 938 3275 30 159 3047 3090 1632 1186 2243 194 2417 2678 4320 4893 3870 1105 930 866 4292 2209 4561 758 440 3923 61 176 1449 432 994 2573 166 3705 955 603 3181 1183 2898 3113 1883 2842 1161 4870 2981 3769 442 4465 3991 2430 4978 98 3447 1114
1784 4267 1186 2945 3312 1129 1080 3742 1995 228 2376 766 803 3694 2785 784 4127 967 3883 1698 2785 541 3590 3130 4061 4454 4787 2446 677 3868 4596 69 383 4444 2001 2697 3406 3762 74 4950 4330 4410 2734 3192 622 4020 3950 1599 2874 3636 4820 4551 3149 3979 2702 976 1753 267 577 3762 134 408 733 369 2055 3719 3897 2740 3088 4241 256 3715 4516 1959 2041 118 2959 4573 1695 216 1933 3829 3012 1151 286 1389 3660 4830 3049 1823 4531 4491 962 932 4256 401 1063 1431 2644 952 377 4329 4261 4139 124 4109 799 3193 3002 4785 4228 2435 2214 3612 4049 4818 450 1182 975 1735 4558 815 1387 4873 740 569 4954 1390 3874 1797 1410 2846 2607 3328 673 1992 3826 3463 4705 1078 3137 1847 2578 1585 1233 3067 3904 613 727 4612 3032 1022 2516 380 407 1532 3995 1161 2318 1063 2790 157 1741 4093 1241 260 296 2289 2779 1750 1072 3757 3533 1745 3908 659 4434 4820 469 3858 4260 2374 2369 3862 273 795 4562 2944 150 673 1665 4335 3624 246 3757 2861 3650 55 3520 65
3673 4896 4442 1218 4586 4148 936 3015 4739 85 4133 4430 3055 1510 323 4389 3506 1687 2775 982 876 573 194 2053 3569 3973 761 3284 572 2681 1525 383 4615 2017 3723 66 633 4879 3707 4606 3918 1877 3125 1355 1765 1636 2684 2747 4259 4333 1179 3405 2532 42 1118 3458 2979 2554 500 3570 3097 3199 3677 777 4816 4279 4620 2140 3495 4786 1905 809 2883 1523 3241 1005 49 751 3370 3863 4608 311 3123 3415 230 3695 172 4366 3059 769 1695 77 1587 2227 4844 4608 735 478 3550 2272 2306 2478 1202 3825 4706 4070 864 4099 3620 1686 4644 391 348 4390 2609 2180 3664 405 460 1293 4161 3091 1837 3976 2575 3657 2656 2154 4170 974 2327 3642 373 2763 2024 1377 1597 2332 678 4255 1209 2854 3925 4400 1351 2531 1030 3080 969 4151 680 4117 1454 2553 377 3110 2320 2141 2316 3311 2331 35 2980 2184 1405 1087 74 2147 1730 245 4507 4431 2636 1854 970 3578 137 2479 1275 4308 3539 1101 2548 749 4586 3670 3278 1754 2849 299 2933 4084 3571 4430 4843 2994 4871 3302 915 2620
2881 1139 2555 1965 2801 79 1539 3126 2743 1914 1071 4640 116 3627 429 3047 4157 3313 3851 1625 2248 471 3257 3748 1704 1767 2770 2732 1672 2421 4942 4444 2017 1510 4489 2084 262 903 4927 4314 460 1951 463 966 2088 1953 2815 4607 1617 4041 4743 2789 1887 542 2678 3838 3575 3384 2880 2537 2477 3193 4599 3656 3483 4039 1730 4724 731 3026 2340 3197 2172 3945 1624 3170 3869 1697 863 71 2873 4400 4748 4399 3381 2528 4757 1025 909 3740 3924 867 492 3044 3162 2284 246 3384 3519 2105 4923 4044 4930 3309 565 1065 451 3839 3550 4663 584 4970 4266 3446 259 4920 4889 4640 1309 1653 1570 4044 698 4544 2990 3090 278 2100 1744 1807 1384 3482 246 4655 3433 1840 3858 2231 2236 707 1810 3130 2613 3836 569 4243 546 2298 2043 3502 2615 4221 4971 1029 4681 1919 1304 2200 4391 4497 3566 3998 860 1570 166 1620 1693 3297 1334 3714 4621 4365 740 4206 461 2396 4155 2748 3631 2777 2659 4005 4397 1076 3186 3801 4094 4862 3669 4082 3723 2747 2198 879 1603 2769 3357 1734 593 1939
3624 3281 4773 2082 2756 2194 3190 60 3935 2080 3540 3651 4948 2602 2592 217 3118 2885 3969 2438 1320 2806 3977 1142 1278 3765 2654 4634 4534 2891 2310 2001 3723 4489 1436 4744 4005 189 3264 4931 2675 366 4801 1826 4841 1036 1931 3501 4626 750 3435 4056 3206 889 4823 2080 163 691 933 3688 2400 4588 1116 976 1905 4604 792 1726 2284 4595 2747 1919 2568 253 4455 2542 2066 268 2498 4295 4431 2774 1592 4170 307 1818 482 1621 3706 1121 2016 982 4213 2574 1326 2035 3445 4191 746 1183 1567 2443 2537 4162 511 2031 2927 1196 791 4884 4152 4467 3328 1199 4158 2329 781 4226 1374 4610 4899 3305 306 468 336 4104 3667 4423 4008 1004 4978 2498 2039 3845 3179 2783 3096 1840 3391 3696 725 3736 339 397 4934 3069 4123 2127 3156 4228 4390 4388 2551 652 2887 666 3568 2897 3299 3016 2224 1526 2229 744 505 3328 2109 4771 100 2391 2636 576 3535 4882 867 4607 4872 210 985 2260 2397 974 3979 4406 3683 2567 4847 3608 692 192 1229 475 4683 1691 3618 3564 844 71 3013 170
2828 446 1504 4933 3791 4603 2668 3957 3736 4543 2199 4621 536 90 628 1231 4491 1798 2233 2094 3835 1191 373 3232 2412 2124 4047 2326 3137 4375 610 2697 66 2084 4744 1293 1644 3971 2933 3733 3412 3968 3801 825 664 1368 1505 2879 3110 330 4322 700 1347 3470 431 2901 4716 2639 424 3663 4263 2101 559 1993 3955 4600 1639 1976 3530 4169 3685 2984 3344 2346 161 632 1157 1678 3087 1289 1327 3704 3538 2305 4626 4584 3236 697 3413 4805 3366 1136 3005 3017 2982 719 1684 1070 623 401 3345 3281 1131 3311 1833 3511 518 4818 2154 4591 1500 244 1363 4231 3289 195 4321 4224 2421 3231 1149 1595 1484 3580 596 3112 1942 4191 1201 4833 4801 2856 532 4997 701 1004 1284 2023 1420 1651 2640 2930 4778 1246 1055 4288 3715 536 4261 1816 3339 1479 710 1131 3691 471 505 2204 436 2460 3627 1000 4525 3797 2695 863 3973 29 4533 1475 3437 272 1118 1871 3959 4851 673 4265 3622 1881 4788 2784 3701 3502 4760 924 418 1670 1102 3993 3603 4317 4311 2272 3854 1002 1773 1563 283 27
2320 1054 4983 367 4569 2240 4685 2998 4563 189 3327 3159 1961 4665 3500 473 3926 2894 4083 4297 3299 3037 3232 1722 3996 2106 37 311 2138 1327 2319 3406 633 262 4005 1644 2392 4130 3625 3394 341 4513 359 4699 2920 2510 4376 463 471 680 1047 4391 3422 1335 1648 2758 3302 1192 2580 4181 821 3829 3471 2191 694 1381 925 4878 355 1037 4335 3278 4260 3556 2862 4294 4654 2049 2146 2910 3617 3798 1676 919 577 2802 4901 1045 199 3062 2196 4003 4853 1985 2294 4300 399 2500 1830 3434 2466 1942 3763 1924 1518 3570 303 2690 2606 2948 431 365 2260 1155 401 1106 2692 170 3257 294 305 967 608 3029 2769 3115 4722 3565 1545 2861 4533 4837 3109 3079 1304 3966 2571 3670 351 2041 1327 3809 2619 1072 1345 3398 392 4853 841 4433 2976 733 2036 2831 1526 2730 3258 2278 821 1244 3894 1575 2337 3614 1396 3189 4290 2603 1341 2161 4738 3906 1289 184 4415 3828 623 1849 3853 2555 3950 222 3590 3472 3745 4709 814 3411 2712 3530 4504 4417 536 4557 1580 3434 767 3127 3330 3975
2608 2794 1989 1806 3443 4575 1996 1039 224 2139 65 3152 3111 2960 2632 2811 4405 2212 4962 3106 1076 4234 2070 3276 2398 1997 820 1074 2008 2020 2870 3762 4879 903 189 3971 4130 3828 1061 3901 4003 2543 1329 801 1078 581 3392 4623 1157 1477 2567 206 2711 2361 2129 1185 4382 53 2643 3915 4196 2696 2545 2785 3655 3899 808 2791 4337 4924 4623 4622 459 4916 2182 2190 228 1884 2561 433 4370 353 1512 2426 4718 2980 1980 2561 2474 2477 3360 1015 1229 2071 4945 3002 3798 3739 2492 4336 2631 1589 1378 530 3517 3168 448 468 1824 1804 3912 1974 2987 2786 2058 4552 2485 1741 942 3902 1860 2841 1767 4070 1227 4683 1461 599 1999 4618 3930 944 434 2442 4145 809 3234 1907 2626 2735 212 983 4572 3416 1678 670 4444 2780 361 1296 3732 643 3272 2589 1980 733 699 293 1602 3683 3388 2622 126 462 1964 2789 1394 4834 4441 4551 4141 4863 1732 622 4962 3433 3196 4408 2922 3734 4153 4591 3707 703 4965 1776 400 4315 1833 1850 3964 1723 793 4677 4971 1912 3578 1471 3831 505
202 3749 1007 4988 857 727 1971 4881 4116 191 4789 3495 3495 1849 4327 48 3750 3166 2456 4725 2015 4821 3618 1677 181 2903 735 4513 2500 3672 3963 74 3707 4927 3264 2933 3625 1061 463 3717 2559 2131 26 2212 2291 3920 1574 413 4193 3435 41 1947 1474 4390 3191 4778 1257 1682 2654 3563 4155 3814 4057 1833 4184 1270 2966 3382 3200 3069 3156 1352 2419 189 2660 1362 4397 907 1093 219 3071 298 1113 1541 896 467 679 3163 300 1092 3256 3193 3745 346 3269 1480 800 2758 617 2763 4929 1014 2438 4087 1336 3620 685 1195 515 2125 3402 2682 1251 4632 108 1747 2843 1023 1465 1745 2367 1818 671 1662 260 61 4457 713 4417 3275 3361 154 4585 1277 3964 807 1880 1378 505 1000 1203 1201 2776 1956 447 2884 4985 3476 3351 4987 2223 3339 584 745 2895 3368 4366 762 3687 1829 3670 2180 2300 4365 1646 4827 1819 3387 2748 4135 4360 3553 4926 2528 277 2776 4770 4345 4338 3607 3042 3821 2553 1947 4697 4244 2386 1093 442 3284 4144 361 2940 2924 416 4871 2781 4041 1478 3617
2641 3284 3064 1000 142 2482 3355 75 399 2614 4451 318 3949 575 406 43 509 2826 1035 4671 4676 1761 3370 3767 4959 2412 2000 812 14 3038 2801 4950 4606 4314 4931 3733 3394 3901 3717 4759 3226 1278 4254 1895 2576 1717 145 1186 4906 3278 2437 2158 1949 1759 205 2270 60 3257 576 4786 1268 3266 3534 1596 2993 1957 3826 1851 2791 4397 125 4818 4770 3849 2303 1186 4214 323 4108 4807 3528 2303 2712 2450 1158 3378 1330 3655 2557 3103 502 708 1663 3599 1677 4251 2659 1755 1807 1803 685 2447 3773 2664 2961 964 2730 3519 3710 3116 3781 4655 1239 2421 3448 4527 1323 2387 623 4311 2237 3756 538 851 2902 4987 419 1951 2852 1510 3252 715 1906 4833 1852 3928 855 1847 1241 432 340 2776 859 4899 4200 2257 3144 3020 1581 4934 3468 1684 3766 307 3468 2363 1359 4486 3678 417 4219 265 4787 2322 1849 2305 4394 2289 3212 907 3360 1407 807 343 4159 530 2957 2861 217 2337 4755 327 2479 2419 3200 4232 2690 3627 1043 3112 2375 2419 2688 3023 4955 300 1927 703 4787 2899
