N: 200
M: 20
Symmetric: true
Triangle: false
7 42 48 60 75 151 51 8
9 167 102 53 91 54 186 160 141 104
13 147 81 82 180 90 159 177 123 168 192 14 193 76
11 33 171 187 200 40 129 191 28 162 139 117
12 94 43 39 37 113 99 199 31 34 145 96 110
10 100 184 93 131 142 149 176 72 124 157
17 65 9 61 66 46 183 56 16 114 95 146 26 103 174 92 161 13
7 152 80 169 137 4 21 18
8 144 71 50 29 85 5 155 130
10 181 79 185 105 125 112 57 6 107 115
13 78 108 59 52 20 10 120 64 19 158 140 148 58
13 15 121 17 88 178 132 69 12 126 2 166 182 89
8 190 83 111 170 136 196 32 164
9 23 35 189 7 135 98 97 27 116
17 3 153 134 55 45 24 62 154 165 109 138 87 63 86 11 127 41
7 175 67 47 74 118 38 194
6 84 163 73 128 77 25
10 49 101 188 119 1 195 198 122 197 156
5 179 36 30 106 150
8 68 133 173 22 70 44 172 143
1658 411 4909 2209 4272 198 4535 4327 3634 1344 2904 856 1100 780 1728 4482 1480 215 4225 636 4941 2132 3313 607 1413 2313 3960 3004 3307 75 2378 3837 2702 4244 2951 4537 2887 2593 713 873 3469 98 2836 941 2095 3346 2752 1632 2165 332 1045 71 298 3462 798 207 320 3574 2486 3272 4227 4431 3280 613 24 2515 1903 2704 644 1727 1470 4937 1053 4610 4869 3822 3524 2735 1872 3691 532 3840 427 2533 1011 2427 3460 378 3414 1057 692 1340 3831 1799 4495 4736 3438 3159 3338 2494 3068 3616 1739 3232 3114 1015 1658 3437 2562 539 2530 788 4520 3725 3623 2201 4542 500 27 2083 3460 2908 2787 2863 846 4117 3604 1653 4532 1436 3058 1949 1441 2467 2583 1284 4875 3937 2296 929 533 2829 4134 1004 1729 3365 1519 4968 2324 847 3484 3540 1560 4245 3225 1983 2523 3584 1136 3294 3560 378 885 3267 3296 4706 2849 2127 2851 727 2149 2090 2494 146 3200 454 3983 4386 1865 4551 2702 4330 1176 4251 3547 2094 912 4559 2117 2971 3253 2649 3029 1376 2927 2358 2119 1816 3397 3490
411 4933 4368 3221 1281 29 3647 1148 2176 4622 2113 2008 49 252 4433 2415 3489 1981 3584 4439 2861 610 3647 2702 2410 2495 1626 3215 4282 751 1878 516 2079 3141 2750 1812 4959 1624 1751 3462 3891 2240 2501 3718 3354 137 3900 4185 3905 3664 4071 1501 2952 2762 2759 2463 2123 4283 232 3004 3684 1047 1355 2907 592 2888 3280 3463 4188 4194 914 4208 3810 4714 4287 374 2860 1035 3490 2279 4811 3996 4024 843 512 2853 1285 1201 2650 4018 4831 2992 4881 3575 3303 2738 4641 3005 4092 1558 2797 1799 3809 4760 3362 4229 285 600 2272 3363 1342 1971 1308 4384 1120 2726 235 1588 1747 155 4703 1487 1866 1963 1574 4898 1680 1970 2274 1884 3899 4561 863 4883 2088 3078 1944 4488 2631 3008 781 4308 2241 4997 4906 1098 2263 2501 978 2924 3021 4897 1379 2914 205 2505 1526 521 1821 3756 1429 708 1003 4326 1758 3752 2663 4366 4645 893 864 3105 918 227 2404 3056 4704 74 4272 225 3092 574 4090 3995 4430 3024 2692 4550 1365 2408 1042 821 3249 3494 88 4206 3902 1570 1329 1994
4909 4368 4126 1758 1682 393 3504 1943 986 557 1995 4168 894 2546 4769 2053 134 4501 1000 2508 702 3511 3412 4998 4941 2000 3318 3224 1449 1089 2178 2054 1156 4190 4474 4454 3960 3096 2689 882 1122 2215 539 3863 897 3877 4629 505 4625 1210 4533 1815 506 2020 4074 4728 2525 2546 3594 1346 4493 620 804 2764 2353 3740 4033 718 4567 4705 3731 2150 4055 46 1789 3795 2420 3237 2742 1833 4556 1337 719 4260 690 1519 83 661 3845 4420 4337 996 1276 1045 533 2158 783 3651 669 4604 1431 4717 4419 3504 2159 1122 4936 2116 1669 3877 310 4618 3617 3605 2472 1570 3241 4479 195 2545 1303 2226 1959 3042 3898 3681 2625 409 2217 3131 4558 3743 2640 1472 2724 1943 266 3866 1191 2765 2560 4229 3155 1411 4707 1776 2488 4863 3628 2510 1665 1981 1793 1235 4195 1948 2100 4662 2515 843 1822 3692 1963 2580 924 74 3354 4175 89 4829 4283 2005 2052 3624 3050 4451 1017 1580 279 1474 4820 4786 2341 3034 4210 1296 2066 553 1576 3887 951 1780 3804 2806 4662 1756 4469 2964 2313 3382
2209 3221 1758 3622 3386 2494 3700 3316 3174 1967 3837 2373 4409 2643 3956 1282 3975 476 160 1855 4711 2825 2767 4214 4765 2522 1669 1036 897 4644 2214 2711 3331 1909 4225 4722 4660 3842 747 3470 560 1773 4970 3529 3509 3843 1301 3533 3853 453 4522 4872 3728 3458 616 3101 3409 2838 1766 1834 3891 285 4033 469 529 1028 1149 120 1509 2242 709 3639 1597 2987 3238 339 3420 2952 759 4354 4871 4075 386 4751 1202 3721 53 2728 4427 3648 1480 4891 4052 1593 785 4005 2022 4034 3731 3882 3341 524 3602 1404 4965 2966 3393 3870 2556 3927 2379 1534 2858 2627 1710 1309 3511 1150 1824 2643 3008 1354 4738 1307 748 419 690 499 4807 2029 1246 2104 626 2003 3397 4109 970 2970 2951 166 1861 2899 1884 2577 4288 3011 4086 122 836 1334 787 2534 909 3590 4445 4744 4335 227 3439 1139 701 4939 325 3994 3897 2443 960 3238 3132 935 298 2399 2244 2349 3213 639 3404 2283 3811 1208 4168 1105 4434 2044 1493 4782 4371 4459 1546 242 325 4740 2699 1619 3614 4435 762 1625 958 1354
4272 1281 1682 3386 3653 3388 1752 4185 3168 4275 1044 4191 2415 1019 4374 3546 1694 2512 2761 2660 1011 4191 2372 1488 1383 2306 741 3272 26 2375 917 1239 841 542 3943 4880 79 3984 4417 3690 3205 2244 3647 3868 2395 544 2039 1930 2020 3033 4754 2917 947 1656 4034 913 2878 3584 4899 3524 2463 3364 219 2844 4378 3469 124 1182 2007 4602 1449 415 4459 4864 775 4304 1654 1755 2972 4924 1269 3045 1067 3548 4296 790 927 2483 1545 409 2036 4368 2809 4722 673 1149 1044 278 2501 1669 4587 3881 579 1767 969 2008 4803 2801 2338 3828 651 3799 2219 3665 1316 3558 4588 4029 3226 70 3548 1598 2288 2189 4271 2857 4731 3692 1274 609 1894 499 2871 3050 795 210 1326 1622 2432 4270 1952 1318 3015 2104 1288 2038 4706 2781 3196 1510 3020 1708 381 3548 4353 3242 1534 2334 4166 1067 3454 4164 4097 331 3692 172 4001 1217 2378 404 1616 1449 2493 266 1976 471 2752 1958 2229 3427 37 1310 860 2323 1076 1750 1430 3606 631 1244 3601 3499 4401 2205 3049 981 1672 723 3897 467
198 29 393 2494 3388 3503 1249 2637 4962 597 3396 2208 4332 308 2545 910 2976 1925 1377 4977 3350 3694 40 247 2630 276 2061 1884 870 3992 2626 3828 1821 2325 2769 2470 2323 344 1060 3254 1446 4548 1643 2969 1572 4634 4795 4290 4973 1127 4868 534 3162 2280 2659 956 4830 1627 4655 2600 3492 2523 4220 4514 4060 2118 2242 4451 1451 4094 2822 3407 1916 3271 4821 2662 2237 1653 2080 2515 4096 3663 2680 3916 2536 2352 2835 4160 3347 1579 1373 4122 1730 3355 257 715 1643 4083 2566 2986 2138 1103 2119 2478 1802 2316 4162 4662 138 4888 1882 2519 507 2695 4812 3844 1061 1520 1662 3748 4960 4944 765 2235 1078 2553 1890 3570 4592 2703 995 1154 3154 2013 1371 4152 341 1793 4465 1913 3728 163 3786 2934 1780 718 79 561 1907 1385 3910 3979 1656 84 233 4888 211 3727 134 1062 3889 2466 4498 1596 1469 15 1821 77 1764 2640 2593 2864 4747 1483 647 3532 1684 3828 989 1761 1043 1103 337 65 1627 3726 3454 840 2289 3680 1333 3710 4203 3205 1928 4300 4963 2383 3209 1223
4535 3647 3504 3700 1752 1249 4659 956 1313 3684 3492 3335 864 912 1938 4276 4524 3662 504 1590 3078 1233 4671 4847 4477 112 4668 3798 138 1409 3165 1694 1291 231 3978 3161 4280 2611 1277 1797 2479 4610 1832 3253 125 3667 2220 3732 520 762 970 3811 521 3534 1054 4239 889 500 3717 565 3350 2571 1906 3792 3271 1904 656 4408 4336 787 405 2368 842 2620 404 3365 4245 847 4540 3356 110 1246 1516 3197 967 1488 1845 3881 1544 4043 2828 1614 4745 2238 4003 1766 2532 2636 4515 778 3967 3236 2261 861 3979 1890 2219 3617 3720 3960 1352 2124 1286 907 604 4215 3931 1987 3600 4426 3695 2640 2814 2001 1752 4503 108 1543 2507 2485 1976 99 2815 1353 3444 524 1110 2111 1783 2637 3181 157 109 581 4051 4316 2232 818 4847 4264 4715 757 605 3134 4309 4137 2969 3063 2191 3705 744 4527 2781 2277 323 4876 1752 264 3381 2068 3740 3917 2248 2318 1967 46 1619 4567 4675 2070 4183 256 4359 2954 558 309 4574 3428 71 2139 100 3733 1169 3750 1711 64 3319 644 1954 2649
4327 1148 1943 3316 4185 2637 956 1431 3748 1681 1427 4890 690 3900 2428 4600 1988 3721 1405 2016 395 1989 439 4994 944 263 4479 790 1235 809 2916 3612 1589 4088 4946 3005 806 1789 423 4308 79 1636 2835 3018 4034 2466 991 4864 3612 762 3631 2782 676 4186 3355 2829 1052 564 2981 3200 3380 3611 1946 3464 3204 4173 3840 384 1864 2863 2163 3038 3154 4218 3531 2977 4972 1474 4438 1552 823 1955 2563 4801 32 4068 3211 1002 882 3379 3629 1433 4028 4415 193 3629 1625 807 3763 2384 4106 4041 2738 3848 927 320 1059 1927 3545 77 1625 4866 3807 1389 826 2557 1336 1847 2381 3571 4958 738 2402 2715 4785 1387 2756 937 3047 4919 3585 2530 1122 3605 52 3607 4080 1084 1942 2746 2363 3215 2170 4539 1170 4693 4509 3480 3685 1957 1298 2482 3813 4953 377 3303 4086 3576 1021 1514 4927 1812 2349 2537 4241 173 3623 1806 4764 1053 3832 3881 684 3548 4103 4133 3628 4198 2255 2704 899 3744 64 3735 1857 3637 3890 3407 243 4088 790 2156 3611 4506 4572 3355 439 3119 208 2052
3634 2176 986 3174 3168 4962 1313 3748 4231 2482 3709 4496 1408 2980 1038 792 55 3600 4456 1704 971 561 1400 1745 4318 355 130 2831 4695 2553 580 3447 166 903 3062 1342 1345 504 3964 3870 1699 1448 3796 1635 4417 863 3827 353 1811 3625 990 1761 171 4667 4463 2574 2346 4222 1275 4408 2060 1862 2553 1167 2873 3148 4230 4370 612 2097 1941 4563 742 4765 2102 2174 4203 1368 1561 3506 2547 111 2770 4941 3355 4869 3100 1878 3590 1778 4401 3981 3397 1812 1674 749 3990 4878 1311 2905 1330 460 3980 2498 2863 4165 1293 4549 659 721 4062 3366 908 3074 3821 2171 3772 126 3424 4721 1495 198 568 3744 3488 1366 3929 2045 1471 3953 2024 2533 4928 629 4550 1892 1073 3968 1421 4020 2408 394 1196 1464 2095 2772 855 4945 764 3119 1193 2553 1289 2680 1498 2220 1218 1742 784 4737 2888 3071 3195 4667 69 3330 2697 3708 1138 2200 3600 3365 2787 2440 3373 4448 3795 4958 3951 2204 1090 4849 1631 1566 933 4733 2661 460 1291 4611 4521 4021 4852 3739 2526 1695 4914 1809 3187 1005
1344 4622 557 1967 4275 597 3684 1681 2482 4896 655 22 3784 3078 2538 193 1544 1653 4406 2964 1888 1169 3422 1819 2397 616 1146 1634 1536 3400 1446 3609 468 183 1536 4019 4963 3664 124 3494 2986 2218 1494 2684 2770 1166 754 797 4940 2401 1851 1586 2090 3834 4073 1925 3921 4370 2549 3059 1995 4246 4049 2240 3376 3051 4194 3203 3621 4348 1885 884 4291 1038 3333 346 2080 385 2709 3177 1124 111 2618 2590 2373 1845 4213 2782 4314 907 3719 4881 276 2462 3408 1317 2129 4609 1948 2231 1723 2578 4827 4101 1570 708 1236 4899 336 2184 348 4149 2404 4579 1600 2211 3700 4090 4496 4524 2510 418 2297 581 18 4777 4667 1684 4890 2479 4459 2335 3783 2343 615 2747 2951 2978 3293 1548 1652 2841 4186 1452 915 3265 2406 4552 530 2610 1250 909 1538 2174 1624 4777 3148 3064 4382 1785 424 4122 4336 164 276 2550 4201 2188 4210 170 521 649 1076 3287 2097 4434 3591 3968 1696 3165 1927 3204 4087 3306 3988 867 149 271 4503 201 1604 3878 3024 4317 613 4036 3613 3430 1286 3269
2904 2113 1995 3837 1044 3396 3492 1427 3709 655 1421 435 919 4383 111 2425 2588 1665 4830 185 4854 3192 2036 1312 4755 2408 2036 3413 4668 1250 2230 600 1146 1867 1702 1517 2242 3756 3247 223 1026 2785 1882 4943 4754 1948 331 476 4320 2359 2518 360 3028 863 3657 692 309 218 1983 2234 3999 1690 3541 722 2315 987 1390 58 1892 1056 1479 4337 628 2421 46 1214 453 3023 4341 1342 114 1638 2556 2168 4538 106 611 2518 1038 1834 3463 1475 4349 2060 3769 4810 698 4363 1160 3468 3357 3749 1237 2471 3839 1365 4039 828 1793 786 1537 4479 269 3491 178 1678 2783 2134 2725 3012 1558 1115 1622 4597 2599 1405 2338 1162 1374 249 4641 1062 10 4792 4872 3991 4260 4592 4018 2993 1147 1409 1704 1080 682 2452 1458 819 4475 2339 3348 21 2313 1250 3878 1420 2571 2514 398 3532 487 3611 3394 1876 666 4325 4494 2734 457 2846 3365 4584 3308 2290 1118 4974 3638 4819 1946 1768 2037 103 4140 1791 3322 579 1614 2103 4687 1057 3243 4591 2509 3952 992 4740 3722 2345 3323 2349
856 2008 4168 2373 4191 2208 3335 4890 4496 22 435 3248 3124 2797 2430 987 952 3452 356 447 4741 3095 707 2438 3693 1322 4326 861 958 1626 2547 4963 4684 2788 3257 2996 3973 2086 952 992 260 4598 1841 3190 2609 4009 3787 3843 3417 3177 331 3366 3154 1109 3878 1511 4013 4332 1908 3422 846 4494 1285 2581 861 335 2944 4571 3156 3808 2900 473 3821 16 1573 908 4927 3783 1548 764 2762 3716 1617 792 848 4490 1896 446 554 4783 2993 589 2106 4126 4704 3508 955 2227 2546 2612 1640 1996 723 4750 1569 1813 2101 218 1777 4597 2215 3210 1373 4826 76 900 3118 574 1559 1906 4384 1115 4964 4961 3573 3846 3432 4836 1657 3605 3614 417 4402 2787 3210 2690 1812 126 1514 698 2633 2988 696 1112 1568 4565 383 4428 151 156 3185 925 2704 4902 1494 3654 1689 4459 1964 2446 1272 2367 2559 447 4307 21 2253 3835 2199 3427 3253 2761 4592 4527 2255 2958 4826 4014 1931 3874 4116 2319 635 3237 1423 552 514 517 1474 1587 4593 4580 2631 2549 641 3563 1323 1101 787 1813
1100 49 894 4409 2415 4332 864 690 1408 3784 919 3124 1757 4866 1552 3647 3994 1784 189 2431 4082 2840 4555 718 3369 1400 1675 4115 2082 214 917 1589 2028 3601 3253 2046 1022 4095 3535 2072 4515 4323 4685 2668 2737 938 3547 593 972 510 4863 2208 211 4856 4084 2931 4560 2344 3146 3053 4672 3681 2874 1142 1997 2401 4389 70 3509 2522 408 1650 2652 253 4810 1458 1663 3531 3073 4722 2562 3867 4218 4937 2636 757 553 1758 942 1086 2410 4729 205 2831 3914 818 656 2460 1409 1863 836 2515 2908 2223 600 1016 4613 4224 2690 4713 370 2733 4665 1965 1765 272 1759 4781 2895 3579 2562 2444 329 1738 3021 3854 4375 3468 1159 2307 1831 1343 335 4612 3911 4350 1968 3415 413 1873 4783 533 1950 1327 3167 1995 4380 297 2719 2441 1395 3389 4956 4724 3476 2258 2895 889 4671 3609 1794 610 3587 1153 4300 731 2509 2592 95 688 4720 1259 3775 2871 4357 4376 3914 3903 1007 2422 2424 4914 4326 2101 532 3572 268 3790 3181 315 2660 508 2598 1504 4797 1092 2333 1651 2774 3349
780 252 2546 2643 1019 308 912 3900 2980 3078 4383 2797 4866 3497 3106 4380 2349 713 4343 2743 4453 3877 1158 2273 3358 1969 4356 2646 956 677 2282 2594 2482 3324 3924 3770 1247 1852 257 4991 19 4699 670 3285 2329 4150 152 169 35 2305 4581 387 4756 3706 3375 3126 2911 2945 444 4411 1086 2513 4537 1804 3455 1165 4528 1350 4136 2621 4608 3314 3398 448 1895 2421 4697 3835 1606 558 3988 3290 3253 551 2293 1833 2436 2045 3094 1986 2720 3570 1605 4224 1984 2909 4913 3522 3106 3804 4041 1013 2945 4924 1201 3861 4192 3506 3787 2314 36 4795 4134 606 2838 4872 1672 1979 1329 3381 3380 1282 459 2834 2599 630 1349 1476 2409 648 3410 1915 26 1033 67 2708 4385 4897 4615 10 4061 3443 4828 3024 4977 3982 4833 1962 4335 4520 872 2431 3715 990 4661 3670 4750 737 1920 313 566 1043 1563 4104 2198 3477 689 4274 1631 1263 3470 262 1992 3155 2196 2773 3324 1975 3544 4576 1929 2292 2059 4275 995 701 4784 2121 58 1426 3252 1965 4681 3909 420 1448 1048 379 1925 2131
1728 4433 4769 3956 4374 2545 1938 2428 1038 2538 111 2430 1552 3106 2184 1103 1752 3711 2522 3283 4848 2728 3973 1228 4579 2190 1758 2648 3312 3531 3439 880 673 4900 851 4023 2836 2098 2425 4668 4697 4093 1359 2718 1280 1906 2578 4845 1665 468 2657 4704 2281 819 2961 976 1780 2461 3000 1672 4020 3524 1878 4785 2905 319 1309 1451 1252 2546 3477 3872 2704 3041 2110 4523 3107 1405 3307 3321 489 923 3220 494 1149 63 2491 1783 4706 3158 1080 2693 3053 305 1857 1561 3963 3783 3047 4952 4471 2601 2141 4977 2735 4516 4287 3421 1447 515 2116 3914 3724 1014 2069 3871 576 379 2601 3400 2468 1474 2357 3494 842 4188 3945 806 3518 4082 3012 2266 1152 2353 1589 1938 798 367 504 2421 4540 4267 2457 1671 1298 4031 64 93 4447 4156 956 2094 3665 4150 3207 4858 4759 2862 4380 686 3105 931 1825 4799 1068 3044 3128 2087 1159 4150 2081 2441 4387 1458 623 3567 2000 2579 1128 1378 2691 2683 3137 4208 4902 1484 3418 3961 298 134 1607 1802 4092 3320 2445 3234 2282 1401 1871 2196
4482 2415 2053 1282 3546 910 4276 4600 792 193 2425 987 3647 4380 1103 2870 967 2280 2091 1104 1344 4895 1403 2021 4107 4050 3291 2563 3219 4338 3930 399 3916 1227 3030 968 2689 1505 4118 3743 4588 3415 2628 4391 1775 2782 4318 553 2935 1140 2734 4735 4663 4269 2222 1375 4698 4812 3567 1250 1003 3525 2808 1756 584 58 2816 483 4866 158 4401 4495 3829 3744 1399 700 3135 4932 2321 1789 4894 2746 3308 1496 3955 1018 1037 3720 3044 3378 3028 2383 790 844 3042 4288 106 3187 1505 1614 1913 3671 3822 440 2232 1171 4344 845 3142 4147 1684 4310 208 4419 1275 2554 2315 500 1678 25 4710 4748 2785 4352 2604 4775 531 1236 3758 1572 3333 3665 3845 1692 87 2888 304 2005 1733 3493 307 1496 2968 1301 4847 4585 4330 2028 3921 497 18 297 1723 1122 2924 1010 2906 1328 3461 942 3415 3357 4938 3752 953 2288 243 3995 1554 4774 842 415 2343 4032 3025 2000 4290 3019 3721 302 1612 3441 4623 3354 4991 508 2396 2972 4183 4817 3751 3511 3475 939 1857 4953 2797 931 4321 2913
1480 3489 134 3975 1694 2976 4524 1988 55 1544 2588 952 3994 2349 1752 967 2700 1501 3296 4380 4111 3124 230 4556 3781 1726 4678 1994 1104 653 4458 3639 1936 1434 3545 1269 1733 4623 498 676 572 4586 2652 4879 3078 4653 2460 2502 2774 3537 3009 4630 3748 837 3891 16 1386 491 4609 1296 1968 806 161 2943 4606 1316 744 4278 4533 3063 1352 2592 2468 3908 4003 2375 1376 3898 3645 668 391 2867 1577 2942 44 2714 4297 3611 1332 4985 1156 4662 23 4532 669 1978 2720 2514 3557 3640 1498 991 2733 4700 3775 422 2329 1219 3447 41 4631 1749 2111 4561 1356 4735 2902 4166 3402 3020 1754 3210 1642 2693 3568 4044 1853 4301 2202 961 1935 4567 3175 3668 1256 290 1391 3837 1686 2518 1800 2105 1696 3218 3213 4739 4957 3034 4877 408 3469 915 2789 3634 3692 4070 1769 157 3179 2793 4277 4615 4724 4432 1391 4303 39 779 687 3245 4477 2208 3848 3718 4807 4717 2965 2759 2672 965 4640 3871 3373 4208 491 1831 2628 4231 1086 4119 2970 3396 4412 669 4177 1472 2312 876 953 4700
215 1981 4501 476 2512 1925 3662 3721 3600 1653 1665 3452 1784 713 3711 2280 1501 4449 2681 2167 220 1918 2131 4143 1611 803 3405 2694 4877 2219 1852 1747 2404 21 3636 1607 4160 554 4902 60 209 962 4391 2764 4341 4202 4393 4793 2234 4690 4073 33 1708 1446 4379 3419 3562 1457 4981 4904 826 1788 4640 2474 3611 1655 2659 1658 457 2782 1716 256 2256 4339 2417 4335 3618 4292 3931 3327 3093 4144 3686 780 4969 446 2396 1954 1695 2620 131 2329 2894 4264 3642 32 3572 3282 1217 3456 4527 1839 1280 3908 4987 4197 3310 459 4355 998 2268 3076 1558 1397 2974 1098 1221 1257 2610 3108 3870 175 1098 3499 2414 3578 3922 3536 4855 3539 2524 22 1393 1399 273 3383 2995 1514 842 2966 1626 2290 2997 3065 1908 4893 341 2171 1712 4753 589 2756 4007 575 940 906 77 170 4048 893 1497 4820 3422 3412 1887 146 3452 888 700 1146 28 986 1620 1993 3315 4654 4697 1259 3757 734 2799 3252 2113 306 867 2175 2908 1920 1371 788 521 2448 1767 519 257 414 3592 3359 1686 2104
4225 3584 1000 160 2761 1377 504 1405 4456 4406 4830 356 189 4343 2522 2091 3296 2681 133 3902 3244 3397 2856 4976 3590 144 3788 1442 4621 1253 1142 328 3429 3702 4352 393 3986 1112 3413 1413 2879 3619 503 1238 4649 318 2897 2082 3074 1041 4176 135 3362 2421 3794 4376 1936 4055 2417 4841 887 3659 3018 1146 4056 1365 2684 4631 3136 3627 3653 2343 2222 4765 3336 81 462 898 1668 1715 3247 4252 3701 4945 3994 1229 1756 2499 1813 3938 131 3309 156 649 966 4592 2893 3267 2517 2991 2384 2082 447 1928 4944 4662 4458 4427 3534 3658 2262 2245 3832 932 1444 3731 4705 3578 1588 628 339 472 1538 1390 3865 2321 4855 4400 2606 2763 3937 4636 2844 1742 101 397 483 332 3465 1550 2303 393 1556 847 2477 2275 1436 247 333 3879 4495 3311 4229 669 314 4020 1337 3224 1930 4073 300 1705 1913 1224 3551 1103 2149 3451 2398 4380 2249 4013 2753 3529 1465 371 4213 4625 3589 2393 4597 3793 1840 4632 4127 1969 937 4299 3514 3075 3462 4156 2169 2288 1634 4067 4100 173 4900 1730
636 4439 2508 1855 2660 4977 1590 2016 1704 2964 185 447 2431 2743 3283 1104 4380 2167 3902 3823 838 1912 858 2731 1471 4500 3456 1737 3499 1277 3760 1805 3876 3979 3614 3316 279 2896 2938 3238 4433 4134 2214 1847 3726 2680 1440 396 3145 3948 4404 2906 1155 3197 2184 2347 1181 2258 610 2743 3186 769 4123 2672 2119 836 3009 4506 4976 652 4626 4385 2170 192 4447 1073 439 4048 2823 1297 4640 713 815 4697 2453 4827 996 918 3352 4105 331 4515 3024 4097 3249 2829 4448 252 1586 4532 4998 2143 3491 3058 351 3602 1117 4727 2268 1549 407 810 1928 1455 3750 2989 2561 1441 1378 338 1361 351 1904 3274 1567 2571 4497 3834 4027 180 2199 3364 811 693 3534 2734 2149 4169 709 4004 1746 3670 557 1055 4793 4619 3759 3984 2515 2331 4333 2752 2207 4243 1942 4627 3129 2732 441 1470 3312 4266 4088 166 3933 4008 888 844 3300 2848 3573 189 4768 1466 2609 208 4744 1638 3961 4836 3292 3458 4661 545 2292 1248 2199 4244 3536 796 128 3592 1499 4825 1833 168 353 3820 2745 2096
4941 2861 702 4711 1011 3350 3078 395 971 1888 4854 4741 4082 4453 4848 1344 4111 220 3244 838 4098 899 3799 1929 1525 2031 4668 841 4856 2469 1364 4089 404 604 3641 1359 4571 453 3823 2496 3717 1820 886 4279 1775 2859 2336 2090 2037 3690 2680 2276 2681 3279 3568 853 2740 1278 4551 2081 3928 1774 962 4117 1084 4188 4350 2896 552 335 2282 2682 3232 3439 959 815 940 1608 250 3089 3382 329 335 2380 3601 4643 4730 4185 882 879 2050 2113 2729 2512 3134 2312 3044 2699 1303 818 2301 3746 3985 1822 1449 462 2428 1787 1004 4102 123 3546 1819 2058 3900 2879 139 3384 38 1079 514 4435 2583 4832 3724 2809 526 129 2436 3246 4985 2506 913 872 4640 1433 4215 144 2308 43 741 3094 1309 308 843 507 4083 600 4632 343 3092 3177 3972 320 3964 1206 603 217 4330 4450 1304 1907 1831 1654 3244 539 1872 4014 4926 2308 2522 1036 2951 1654 3893 2063 1452 3033 1643 1325 1588 764 4730 3947 4116 4898 3198 3591 2392 2840 3045 3458 2286 4182 1387 1313 593 2915 977 2445
2132 610 3511 2825 4191 3694 1233 1989 561 1169 3192 3095 2840 3877 2728 4895 3124 1918 3397 1912 899 2822 517 4505 2856 2983 2645 1517 2779 4472 1558 4252 4983 2353 1188 698 3479 1744 286 2665 3846 1600 2511 3082 2548 2955 814 2265 2464 1806 3183 322 251 1511 2616 3567 3088 3173 1459 4623 2093 3429 3058 3445 2944 1382 2210 4621 4707 3337 2123 1277 1603 2604 1759 965 2508 642 4148 3592 498 3897 2741 3333 1301 2860 3557 597 2937 4832 4960 599 4730 3584 4203 2223 4381 4204 900 3386 2853 1131 1352 3791 3578 4217 1447 4588 2210 131 878 4784 3946 2545 776 4651 1032 1435 4702 2306 4836 2652 2762 2730 4051 1842 4709 4938 4507 916 260 1451 4980 3169 1095 4194 845 2795 2327 1210 3302 4017 2871 1024 1562 4998 4090 3339 1580 4788 3768 1215 2800 3847 4514 4865 4493 2433 4843 4571 917 1312 2069 242 4616 1764 47 2094 4866 4588 3757 4260 564 4379 3830 4761 2543 1711 115 4145 4119 52 3421 3957 2848 3296 2543 2297 3331 38 4720 777 426 3476 4500 4869 1883 4334 872 2256
3313 3647 3412 2767 2372 40 4671 439 1400 3422 2036 707 4555 1158 3973 1403 230 2131 2856 858 3799 517 2723 2218 4670 3350 1580 4610 1586 3601 1863 2735 291 641 2808 2107 3403 987 3225 2478 701 136 1051 1481 3683 3529 1811 4872 2395 2416 259 4102 3589 1916 3256 1868 3212 2373 4732 1787 1514 2033 3358 4886 1819 4534 2271 2926 3804 2350 4068 4879 953 2053 780 4366 1697 4705 3382 2189 2337 2716 4555 1274 2633 1918 3288 2529 775 533 4705 3929 832 1151 1239 3221 3684 3350 1722 1043 4340 711 2730 4873 4344 2186 1387 1401 3375 4910 3225 4954 4011 2287 568 4018 2284 312 2028 1677 4709 4408 3640 2615 4299 4647 3272 1008 931 3329 1130 2228 2444 1667 3848 3805 1109 3915 986 2229 3862 22 4082 3930 3052 830 3248 4459 3865 2154 2597 1420 1002 27 3122 4199 365 1148 1096 2091 3484 1444 2498 3399 276 4811 2315 3757 2746 1781 1166 3831 243 2626 4564 3136 1394 3553 1718 2865 4660 3317 3659 3678 4929 3710 2335 2255 2351 524 2568 1184 2522 479 4475 252 4083 642 181 1440
607 2702 4998 4214 1488 247 4847 4994 1745 1819 1312 2438 718 2273 1228 2021 4556 4143 4976 2731 1929 4505 2218 38 1909 4625 1143 434 1691 2644 2094 2073 489 3053 1376 323 1135 192 152 4306 4757 3662 1994 4657 3983 3808 2431 1968 1262 4421 2150 1584 1916 2785 1555 3069 4649 1104 1388 92 191 4418 4857 4364 1099 3036 2472 1708 4353 2930 2894 2090 1213 1933 1616 3915 1424 4898 3043 3201 4539 2971 3158 1631 1736 1363 3198 1353 3643 4606 3379 1631 3880 2494 3686 428 3675 4073 4866 1954 538 168 983 4806 1781 3158 4714 2440 4133 1180 1057 1391 4183 1363 60 787 2334 1474 81 1448 4912 4336 3454 2125 3323 1364 3496 2311 2522 4891 3523 2615 415 4870 854 1434 219 3428 2416 4673 1312 4439 4599 4825 3780 502 1953 649 4878 3722 3097 1874 194 4593 3810 3734 333 3437 2673 3293 2192 3576 766 2253 4992 3835 1066 4992 3157 3729 3191 1189 4226 1595 2853 3083 1124 4095 4681 4120 321 750 1448 3202 1407 2654 3550 105 4734 1366 2999 1481 824 2597 2524 3648 1921 1078 399 2297
1413 2410 4941 4765 1383 2630 4477 944 4318 2397 4755 3693 3369 3358 4579 4107 3781 1611 3590 1471 1525 2856 4670 1909 31 2762 1551 520 4203 1803 415 815 586 469 4010 4008 3096 144 232 3774 1804 2388 4794 872 4593 4256 348 3013 1964 3136 2825 3350 2421 437 1867 1443 4256 2636 979 3026 4871 4787 3164 3300 158 1335 1635 3190 4133 3438 2141 1498 116 410 4242 818 2729 3438 3417 3330 4760 3385 3193 2001 4590 2879 4207 2948 1339 2228 363 1778 2762 4383 4845 596 98 236 1073 425 3565 3304 4041 1098 3912 4763 1847 4320 4199 2462 3823 2579 1535 2604 4516 3809 1797 3790 2093 2098 723 2099 25 1533 4127 4456 4626 1733 3082 2279 720 2128 2253 3185 2184 14 3987 1956 1295 2609 4915 3929 530 213 3864 4341 2268 2158 3079 2326 2104 2352 3530 2553 4684 3604 1918 2909 4594 3826 3501 1252 4588 3101 4580 3135 2265 4489 2315 3399 2249 627 4524 2506 4483 547 4397 3613 3695 4666 3848 4208 319 4745 1997 2247 1576 4746 2490 339 4341 77 4305 4163 3818 1495 955 240 2590 1738
2313 2495 2000 2522 2306 276 112 263 355 616 2408 1322 1400 1969 2190 4050 1726 803 144 4500 2031 2983 3350 4625 2762 496 4957 4308 2859 1110 1257 2538 1304 3038 1974 3156 3784 2620 3411 833 2853 3823 2126 3185 4641 4459 4475 3763 3570 3015 4380 3188 1023 3565 3501 2752 1815 2457 3977 3247 2995 3691 1181 4792 1869 629 3983 1008 1293 2482 127 3616 638 2217 844 20 1818 3277 3876 4761 2937 2115 1389 3155 1197 568 3130 3281 3338 3426 1442 4990 201 3032 1074 4437 2252 183 2259 1962 1578 1919 3153 3509 636 2173 3517 1598 3316 2068 2482 135 1416 4509 3395 4984 2289 1494 2609 3971 319 3606 2904 4287 3492 1378 4125 2063 4926 1939 1000 447 4346 4227 1993 3756 3500 3413 3398 1846 2954 3676 4154 2961 3393 3486 2716 488 3361 3410 2722 3212 278 4400 4349 2824 1485 818 3995 1383 1241 4012 4489 4042 604 889 2040 4157 3550 2285 4406 3825 1681 4618 2513 3637 1183 857 1061 122 3317 1617 1110 4478 4293 1192 1096 1189 498 4753 1516 1966 1704 4593 862 4993 1513 4682 3991 4768
3960 1626 3318 1669 741 2061 4668 4479 130 1146 2036 4326 1675 4356 1758 3291 4678 3405 3788 3456 4668 2645 1580 1143 1551 4957 1363 1314 2219 2300 1206 474 2227 971 3132 2157 3287 4985 4011 4680 51 4708 1949 3846 3510 3174 3308 3826 252 248 2004 3410 2148 1289 765 4509 3700 67 1597 1380 894 4805 3230 1390 2812 803 2350 456 1320 4316 1953 3309 4634 1628 563 4614 4069 3238 4416 720 2383 1585 1285 2563 4329 4070 823 862 935 494 1344 1904 3681 2719 1759 1346 2235 1929 4257 866 3286 4163 2329 3320 4626 1900 15 3443 3345 3159 2125 2572 4332 4293 167 1545 847 3206 4492 189 4723 661 2410 3303 3904 4708 2642 1738 1901 4468 386 1715 2425 2978 195 2156 2135 3875 1600 3596 573 3340 2536 577 2083 1534 2061 4942 3980 484 1131 1747 4616 4218 3049 2508 4286 4801 1982 4664 3467 1153 4644 2282 1095 1104 1418 1012 2523 4744 2135 245 1373 1265 2522 4241 672 1972 1088 4591 3597 3819 2640 1292 2091 2236 4459 2396 4696 4510 4121 1376 1564 4553 1947 2482 2759 4255 718 2253
3004 3215 3224 1036 3272 1884 3798 790 2831 1634 3413 861 4115 2646 2648 2563 1994 2694 1442 1737 841 1517 4610 434 520 4308 1314 649 1332 3982 3402 3967 3835 4661 257 405 3105 932 2863 1026 198 3106 1237 2845 4012 2168 3768 4092 1413 111 4033 1422 2036 1918 1378 2891 2914 3209 3463 1038 2414 3069 1213 4335 1775 2140 130 982 1715 606 3177 2555 516 2256 3251 1458 3943 3772 4719 4908 4018 1104 3695 3382 2780 3137 3366 209 3579 4169 4181 528 39 1844 3258 1739 2103 836 507 1898 3513 4838 253 2345 4786 4748 2311 4087 3671 1184 4494 1755 2332 2494 3610 2979 1892 3556 3823 391 1948 371 2517 2346 533 852 2806 2379 3875 3141 1377 2534 1066 1700 2018 1847 1850 1801 2726 3258 737 4472 1437 3368 1521 1848 2473 3786 1687 4568 2828 3634 4470 4996 2042 3672 4890 4089 4788 3134 1469 467 3928 4033 479 1381 4051 4871 103 4613 4791 3770 1786 3349 927 2931 1509 2959 1583 1193 518 3388 602 2716 238 2930 1187 215 3867 139 4610 1250 1668 746 4414 1820 2731 2568 3362 3345
3307 4282 1449 897 26 870 138 1235 4695 1536 4668 958 2082 956 3312 3219 1104 4877 4621 3499 4856 2779 1586 1691 4203 2859 2219 1332 231 1413 2146 580 2484 1618 4816 3805 2816 4242 170 1112 4341 2465 3255 3291 1415 4103 1061 506 2227 1324 3410 2334 1448 3371 3298 2110 1201 4617 4299 1035 716 2006 1274 1978 3404 3595 212 1667 324 1064 3600 4361 4614 3795 2504 1726 3258 1862 3413 2230 801 4510 4862 4940 2148 2264 2419 171 2372 1242 443 3850 4765 825 2485 2845 2706 4215 857 3947 1727 3835 370 1461 3898 4054 1659 1970 4230 2415 4046 698 2525 1120 3449 907 1939 4407 3800 2561 4007 3381 1813 1404 1636 4713 1053 1455 1176 1510 4122 4803 4144 4380 3538 4778 3232 1109 2116 4860 558 4949 691 4474 950 134 1197 776 4830 1302 2081 1612 272 203 4719 440 2537 4176 3517 4889 1987 3741 2180 1108 3647 769 2757 3015 1969 972 4587 3605 4039 2453 2459 1956 419 749 3916 1112 543 153 1277 3604 1307 2933 3924 1305 2299 4001 4112 1899 3428 763 2666 1767 2015 105 3429 3674
75 751 1089 4644 2375 3992 1409 809 2553 3400 1250 1626 214 677 3531 4338 653 2219 1253 1277 2469 4472 3601 2644 1803 1110 2300 3982 1413 28 2848 2448 3138 3917 538 3605 2893 342 4248 4225 3360 3088 3134 3882 2935 4347 2686 215 340 4593 2792 3321 2955 1526 2725 4732 2597 4798 3937 2888 4359 2014 1570 3418 1144 3804 478 565 4887 3054 2819 3630 1445 748 2710 499 2823 816 4410 4185 1771 4995 931 1245 4194 1074 4227 4716 4804 3606 4338 1514 2534 1512 1196 3711 52 2560 3497 4111 1557 2848 839 1018 4238 4065 3775 1214 3913 3520 2903 611 1045 3471 4008 4284 4303 3926 2522 2471 3556 4958 1600 671 4851 2994 840 1960 3311 2760 1819 2675 400 571 94 2558 4115 2404 1153 581 3778 427 4855 2579 2960 3647 4178 1075 1346 2681 322 2793 2437 1753 3661 1035 387 609 4422 4538 650 2300 593 4434 1631 377 2933 1462 28 1948 3381 4546 2809 3034 294 826 1473 897 1415 4015 1553 1828 4749 214 3905 2344 4708 3455 2203 4080 4953 2458 3983 756 4942 2357 2242 3807 1914 3850
2378 1878 2178 2214 917 2626 3165 2916 580 1446 2230 2547 917 2282 3439 3930 4458 1852 1142 3760 1364 1558 1863 2094 415 1257 1206 3402 2146 2848 1966 2079 2207 417 145 2278 4265 4664 3578 1528 2766 4225 2411 3906 4509 4088 572 3211 2714 3766 372 238 1155 4792 123 1143 4818 1580 2684 400 2337 4735 2521 3625 1628 417 3021 4322 1674 1590 4987 3804 3851 4493 4987 4377 2246 4539 4965 3120 2422 3951 3100 1499 3302 1619 1721 1994 2279 2760 497 2792 2895 1687 1875 2520 879 1859 688 3221 70 3751 871 3545 1840 1874 123 1584 2542 3024 4072 4478 2904 193 4676 1018 2202 4187 256 4054 1048 2007 4574 2273 2191 3442 241 353 3340 3423 3694 2877 761 1987 3790 1371 1763 3760 3775 2211 1854 3170 4653 1204 2924 668 4136 2428 3236 4911 1478 432 535 4839 1700 1636 4961 3385 1095 2503 2389 1633 2044 2711 4210 4484 1794 3111 4881 2955 2645 2340 1275 434 1187 833 3378 4016 4795 2633 503 1420 2366 550 1195 1355 2892 2309 3036 3321 2368 4134 1351 2558 2950 1012 2265 3964 325 2843
3837 516 2054 2711 1239 3828 1694 3612 3447 3609 600 4963 1589 2594 880 399 3639 1747 328 1805 4089 4252 2735 2073 815 2538 474 3967 580 2448 2079 4799 3265 1978 3998 941 3954 1615 566 2099 2610 4843 2476 592 333 626 4299 554 2784 463 3977 1018 1231 46 1955 1476 1068 3353 1740 2843 1178 2515 1048 1878 506 1922 3737 674 370 3951 4334 2645 1181 3363 3768 3954 2523 4613 642 2097 4018 2914 1187 146 4136 1464 4774 3296 2140 3575 734 4417 2417 1077 1874 582 2999 1566 3813 3086 4977 395 2963 2114 1913 3749 4546 1903 3673 57 51 4566 4815 3843 4576 2624 282 4608 849 3344 1649 3300 2317 1796 2929 2695 1486 1738 2195 4883 1529 518 1003 3996 2253 3499 4011 4959 3804 1291 4887 2013 2261 2677 2979 4591 1733 2891 3011 3738 188 2420 1882 4544 992 4310 2034 2177 4557 555 1632 124 3922 4483 3250 45 2490 4957 4153 1331 4086 4264 502 3894 3669 1145 1392 4786 1835 1401 4964 4548 4920 429 3592 1619 2508 453 2312 1842 4122 2405 2745 4468 1069 944 256 1037 4966 1109
2702 2079 1156 3331 841 1821 1291 1589 166 468 1146 4684 2028 2482 673 3916 1936 2404 3429 3876 404 4983 291 489 586 1304 2227 3835 2484 3138 2207 3265 3528 1353 4021 3587 1712 2028 2899 4368 3516 4962 2041 3783 1711 4318 2685 2700 3635 1509 1716 3376 1729 3390 272 1892 3345 1604 1990 3617 3102 1673 2236 1323 508 1047 1989 2692 1217 4989 667 3024 647 4125 4197 3160 804 911 1470 434 1843 2530 3198 1950 3786 3368 1228 1306 1279 3166 1070 4822 2472 2087 435 4578 1737 3643 3006 329 2746 3520 4989 3422 3762 3297 3965 4774 1480 2600 2930 1391 1615 1854 4490 1219 2274 4407 4804 4159 4437 4451 112 2126 3119 2669 1907 2879 1999 4922 4036 4990 4187 4522 4989 1756 2698 1660 2803 3289 833 730 1475 3558 3057 997 3528 2073 3167 4801 4551 402 1481 2126 3530 108 3650 4137 1180 3240 2023 1888 2085 4012 4183 4250 1878 2834 127 3465 2844 77 3158 3427 2860 3503 115 1912 1768 4172 3656 2785 1631 3715 3008 3825 3262 4501 1626 3715 4488 1429 2396 3469 4086 1065 1821 2967 194 1622
4244 3141 4190 1909 542 2325 231 4088 903 183 1867 2788 3601 3324 4900 1227 1434 21 3702 3979 604 2353 641 3053 469 3038 971 4661 1618 3917 417 1978 1353 4035 2139 3055 2248 3601 3163 1326 4784 3467 3894 607 1480 4286 629 3938 4420 4527 18 3309 855 1190 2449 1707 955 2450 2309 2851 3631 2015 4844 4507 1679 3698 4938 1051 2457 1346 2491 1143 793 221 2194 4018 4141 95 718 4444 1386 2232 2576 2320 1486 4505 1573 3992 3548 512 2463 1088 4189 3168 166 914 2948 264 1001 3714 939 3515 3363 913 1636 3827 1444 4541 4192 3963 2377 4028 3410 2801 3840 829 3779 4422 3482 1653 2693 2274 600 2830 719 3988 827 1069 82 963 1221 1430 4297 408 1427 2405 4903 1017 167 636 274 2382 1893 4656 24 305 1294 336 2055 3012 1015 1512 2096 2501 3812 3807 2289 3319 469 4093 2341 3419 2706 2307 3491 2967 2129 3960 2876 2910 2612 3799 362 4165 1473 4168 2884 3583 504 2866 4410 1409 1432 2317 988 4320 3867 3488 3698 3742 3313 1763 3551 2381 107 1239 467 681 1677 2431
2951 2750 4474 4225 3943 2769 3978 4946 3062 1536 1702 3257 3253 3924 851 3030 3545 3636 4352 3614 3641 1188 2808 1376 4010 1974 3132 257 4816 538 145 3998 4021 2139 3494 4518 1106 118 842 1192 54 2660 3007 4492 1504 579 1812 96 1984 421 2320 2742 2508 2906 776 4345 2128 466 4961 4100 1888 3317 4252 2623 1537 3863 1756 4421 2336 1307 3434 3957 2293 4211 885 2170 2022 447 2201 3434 950 4270 1073 189 1198 459 490 1929 453 4100 1950 805 111 2610 2787 2504 660 3663 2575 2899 834 1329 2506 3285 4829 934 2118 3153 2806 2160 561 3978 279 891 1305 1117 4074 4771 2956 3928 2957 778 830 638 3118 689 2627 3181 23 2679 3617 2120 1759 660 2800 251 1606 725 931 1057 4213 2105 556 1308 4184 4564 4007 4115 1403 3276 3654 4427 1967 2216 2295 2086 1626 1397 1935 631 3309 4962 3428 3957 805 2504 3761 4692 2431 289 4539 1461 1949 4581 3291 4292 4398 3504 558 4821 1890 2243 958 4365 1934 2874 1944 3126 1350 1064 3456 1485 4040 3827 4363 175 720 3016 4567 234
4537 1812 4454 4722 4880 2470 3161 3005 1342 4019 1517 2996 2046 3770 4023 968 1269 1607 393 3316 1359 698 2107 323 4008 3156 2157 405 3805 3605 2278 941 3587 3055 4518 35 116 3842 1492 980 1180 1157 4443 245 1375 1589 4833 3270 979 1755 4839 2460 2032 835 2899 773 4595 252 3939 2760 1985 3863 1413 4732 949 4824 3140 4591 371 3502 3143 2545 1278 469 1272 3476 743 1006 453 4945 4986 4858 768 1380 829 3109 1456 341 3818 4040 650 2854 1157 3976 1646 2387 4816 1869 106 466 940 2151 1516 3748 3610 3117 4790 1462 3637 3963 3961 3783 1861 758 3354 2141 2254 83 243 1798 939 4651 1222 2126 209 961 4698 4313 3091 1194 4156 3316 1961 3908 3347 3298 1559 1251 2442 4534 4954 2381 481 4745 26 2100 469 2281 1243 4154 1147 3256 2159 1827 4039 2484 4585 2493 2200 640 4243 3899 4120 3308 1796 4776 2879 2852 4208 933 3758 858 2947 1966 1772 3994 377 4537 2053 4353 3055 1047 136 3599 3224 73 3741 2941 2045 722 2019 4631 4751 2556 427 4101 2576 303 2166 3345
2887 4959 3960 4660 79 2323 4280 806 1345 4963 2242 3973 1022 1247 2836 2689 1733 4160 3986 279 4571 3479 3403 1135 3096 3784 3287 3105 2816 2893 4265 3954 1712 2248 1106 116 4848 2133 91 4420 3560 3214 3331 4669 618 969 2004 3095 2637 1013 2690 3525 648 4498 2384 3703 4396 1563 4964 3746 3447 3052 1766 62 2545 4351 4753 3979 2520 2651 1446 4220 2430 405 3679 717 2855 72 3685 446 440 486 3889 1171 3398 1403 1414 130 52 3614 4694 4711 4115 2350 418 4558 1091 2080 815 2830 3555 4708 3444 2160 1915 1704 4415 3735 845 3865 3765 3196 3744 915 2784 920 3419 586 1275 1515 3560 2714 1181 1807 914 863 4145 1484 4228 470 1355 4934 4146 3949 4791 3539 232 4358 1938 3533 937 3901 3919 1553 4453 143 4433 4801 788 2170 4561 1551 4427 4295 3714 1645 2812 3872 4288 4142 1281 1730 4586 4176 3819 3033 4037 4499 2450 4910 495 79 4637 2797 595 4150 3286 1150 2991 4509 4104 3984 4437 4294 2627 3140 963 1768 3378 4672 1780 1569 4354 1566 3868 4490 2724 2034 4200 3513
2593 1624 3096 3842 3984 344 2611 1789 504 3664 3756 2086 4095 1852 2098 1505 4623 554 1112 2896 453 1744 987 192 144 2620 4985 932 4242 342 4664 1615 2028 3601 118 3842 2133 2424 1166 4453 220 1992 3474 1813 4352 3382 1582 625 389 3162 1089 3644 1904 3326 298 1882 4578 1182 902 4430 2476 2090 2983 3010 318 4726 1308 75 2169 4196 4791 4714 3138 826 3452 1339 1235 600 2387 4014 1473 1683 501 4059 3166 1061 4380 516 1939 3789 262 1376 4148 3784 544 885 3318 1155 4527 361 4228 775 4260 1776 769 877 2973 3424 878 630 4398 981 718 3221 3215 3149 1271 981 4147 3998 4041 3754 3926 482 3247 4799 4194 2194 3597 253 4936 788 2334 2837 820 1217 2085 2317 2452 2241 1667 392 3507 1631 2252 4850 1756 2602 1953 1654 4082 870 3419 4449 2768 4507 245 3071 2026 3513 4236 3682 517 1292 2348 883 1163 4436 381 3063 1380 1077 2236 1438 3354 4348 3427 1575 3871 2360 1954 1258 1065 3692 4150 2922 1742 3613 3505 4372 2172 1365 2301 2626 1459 1362 536 1511 2086 1733
713 1751 2689 747 4417 1060 1277 423 3964 124 3247 952 3535 257 2425 4118 498 4902 3413 2938 3823 286 3225 152 232 3411 4011 2863 170 4248 3578 566 2899 3163 842 1492 91 1166 2201 3599 3630 4749 639 4010 3009 2052 1286 3793 1406 1641 3743 2408 2956 3405 3717 4874 4806 2271 4312 1309 1422 4799 965 688 4275 153 1980 2653 4332 4754 3269 1761 4555 3241 92 118 539 1780 2481 3284 386 2608 4135 4216 732 4346 4457 4811 2604 2794 3809 4219 2667 4641 4088 4099 1531 1099 449 3199 3073 3629 2695 4639 4433 3466 2228 1540 4084 3238 639 2994 2189 3756 2353 2467 1056 3323 3162 2426 4895 3950 3405 1444 1942 1954 2366 3131 1974 4341 2475 4042 1692 322 2880 905 1112 4050 1723 2690 2857 4337 3838 4362 2243 2815 3696 1714 4226 4928 4005 3659 1319 4275 576 2782 3072 3689 4077 2809 4988 356 4988 4538 4791 2869 1295 4076 1249 785 808 4665 91 4489 2879 1030 3730 291 3059 1922 1746 2932 4836 1738 149 2023 1808 3141 3808 1231 1351 1493 3681 1947 1623 3545 3595 390 1378 1385
873 3462 882 3470 3690 3254 1797 4308 3870 3494 223 992 2072 4991 4668 3743 676 60 1413 3238 2496 2665 2478 4306 3774 833 4680 1026 1112 4225 1528 2099 4368 1326 1192 980 4420 4453 3599 3742 1286 4691 1350 1449 398 4015 1761 1798 30 871 2754 3463 738 2336 3413 2146 447 1359 2562 4576 775 68 1705 3270 4626 260 2593 2283 3787 4898 593 2681 2677 693 1345 1875 3174 4570 579 2067 1206 285 3587 2827 2315 4539 1071 1660 2291 1149 3942 2005 1087 3588 2171 4582 2431 3569 2995 2771 2383 3241 2956 389 1139 1307 3380 1159 3623 4962 383 4206 3891 330 2996 4588 2068 1472 205 4133 1501 1195 2724 299 1513 1984 505 3588 1574 2400 2110 3353 247 853 1242 377 3851 357 1955 3398 1617 3577 3212 1759 1140 2807 2302 4880 2879 2890 3761 4069 2251 1546 1512 24 2481 1805 2650 1041 2613 4144 1902 562 103 4219 1661 884 4870 3869 4338 4165 2569 2045 4026 3477 4862 1653 4459 1726 2016 4501 132 2319 4833 1531 464 3772 2221 1698 2399 1223 3080 3684 1809 4450 232 2412 2505 1796
