N: 200
M: 20
Symmetric: true
Triangle: false
10 101 190 164 83 25 179 52 28 48 118
8 155 29 159 91 195 110 165 157
8 132 102 11 141 6 187 24 42
12 82 80 124 146 167 47 86 51 134 78 5 119
9 173 112 142 170 139 76 14 175 35
11 117 13 43 135 174 183 154 22 115 153 161
7 34 64 192 62 194 152 27
17 184 125 73 87 99 85 123 1 9 144 114 105 16 30 166 127 75
5 199 93 111 23 168
6 151 163 126 150 147 44
14 189 129 121 197 156 176 2 193 66 180 8 140 7 136
13 58 40 158 71 185 12 88 36 77 74 182 33 37
12 138 198 104 17 57 98 178 100 95 32 113 186
16 96 38 49 103 45 169 3 81 171 53 55 54 133 109 41 19
10 172 79 94 68 90 72 46 137 177 191
10 59 63 149 97 20 143 18 70 10 122
9 131 120 107 162 39 128 89 106 116
8 61 196 65 50 160 145 56 84
8 148 130 200 21 92 4 188 31
7 69 181 67 26 108 15 60
2780 741 24 719 4013 464 1790 4021 171 1947 4093 2196 322 2300 4166 3479 4888 3868 2606 3419 2135 4686 595 2128 4407 4863 3221 2330 2740 2040 2020 2427 4015 2967 3486 2407 2385 3426 4138 2191 1195 88 1625 1693 4163 3104 908 3528 3077 2041 1050 1859 1665 3752 88 213 1873 31 1960 2200 697 4298 823 1821 2334 2834 694 4567 3473 1664 2688 4223 3535 2728 1778 527 1595 4367 2832 3048 1678 4165 123 1790 86 1782 4920 4038 1136 3152 4111 4494 456 420 4649 1198 2783 1324 2523 1922 2337 183 3326 3808 643 4053 1142 4280 4253 2684 3861 3201 1351 2634 1049 3616 3555 4909 483 533 1185 3670 669 3344 3163 425 429 728 1549 2311 1736 4768 1239 4262 1147 2353 3332 2018 4585 4450 2361 4209 4154 1286 57 1756 1030 2379 2385 2181 4495 2213 856 3289 2480 792 1300 332 1087 703 334 2766 3985 808 2288 461 2500 2325 4323 3983 3167 1679 4336 3031 4572 3515 2819 4344 2210 2283 4841 2130 1662 2043 158 681 1684 923 2557 366 4382 4482 4881 589 542 661 1984 4996 1844 4094
741 2694 2232 2094 4836 4141 4284 1460 4114 1974 4397 3508 3560 3602 3047 2351 2830 1328 906 1462 3350 1828 3499 1293 481 4049 180 4104 1038 4451 2946 389 1655 104 695 961 828 3134 672 1150 4717 1958 4890 4956 4694 4139 1725 4033 4978 2363 3409 4940 2628 3149 4835 4997 1954 4765 856 4255 699 1812 3772 782 3503 4396 1766 3530 2790 902 2174 3676 4812 292 3034 164 4706 4405 4227 2966 4313 616 2371 3667 3761 2246 1851 2012 2588 1569 2500 1552 1677 1879 2515 3536 1273 374 4235 3062 1670 2323 3622 2271 4536 1352 3690 3803 4475 1293 1629 1050 1396 2546 3338 1818 1874 2581 4034 3343 4276 218 2776 1987 1078 383 4052 1057 4020 1379 3123 2893 184 2880 2637 4229 4983 3500 2101 2497 180 3455 2489 3086 4170 1291 1693 4683 4833 3392 1336 3948 4050 1219 1656 4567 4769 4469 1345 4984 1489 4322 913 1291 2077 1203 4193 3191 3314 4158 314 1262 612 581 1915 2846 2160 2657 3722 913 1778 3935 2247 1342 715 4456 1869 1264 4772 1154 178 4425 1685 1339 349 1697 4646 2434 4102 4038
24 2232 582 2931 2741 1152 2220 2386 746 334 36 2205 3238 740 1076 326 1713 4100 355 4277 2259 1302 2712 2767 2207 3395 1780 661 2303 784 3263 3078 3263 1338 1964 1436 496 4618 2245 3492 4909 444 1300 3847 3377 4374 2871 3784 236 4048 2271 1927 329 2562 2092 1671 1114 4993 290 2417 414 1193 4295 3861 1303 2135 4020 2105 2449 3652 80 3964 3392 4209 2857 2934 1902 2091 4624 4192 4771 3428 1602 3376 1705 1795 1705 1457 4406 3990 2539 3617 3382 3587 4562 219 982 2328 1878 3273 1019 4740 3473 3794 4731 1395 1981 1302 3491 223 4875 3504 1231 755 4482 821 1962 515 243 557 3328 2607 2442 90 296 920 2906 1359 1595 3185 3384 291 3091 2620 1821 4844 1624 2640 4109 237 311 2041 1217 2120 2687 1570 385 2122 1424 3203 4732 431 1197 2640 4206 2793 3931 1785 2015 2568 2368 575 733 202 4365 1237 1199 1638 2342 2589 4509 2204 480 4464 3682 240 1953 4849 4480 354 1939 3053 1687 1368 674 845 4741 1895 4418 338 1953 3104 3153 3631 3622 2431 2738 3215 2178 3916
719 2094 2931 243 4823 4244 2109 1068 4444 4089 4773 2310 4936 1163 3729 4948 2818 1906 1012 201 4022 1340 3012 690 3421 2267 4644 2232 1948 3580 1113 4798 479 992 566 2308 4457 368 4987 4437 2597 1610 4216 3731 4258 3317 3341 2311 3080 3209 4830 2390 4837 1662 845 4454 1766 374 4780 4490 4386 2495 472 2135 2598 2947 2656 3458 162 4179 3848 2522 496 766 1458 2696 2550 2207 3515 114 1122 4893 1437 4704 3723 2745 2251 4507 4376 4091 4927 3781 32 1924 205 3161 2008 1089 1137 984 3872 3020 489 3598 2115 4339 541 709 1682 1843 3344 4732 3843 4267 4412 4515 3445 3042 4875 456 4635 490 4138 4047 4425 4009 4209 4440 2579 2790 4725 2288 1721 281 748 665 2662 4254 3056 204 68 1914 3222 1366 1608 2352 2963 4759 4108 1034 3262 1285 466 2365 3578 707 629 2717 4612 2678 1058 4667 3125 3100 796 3305 2344 209 1363 3298 2266 4455 1366 2133 3693 2205 2004 2287 2973 342 669 4342 4881 1224 890 3657 315 2196 826 1039 3933 1113 2288 3349 2192 2584 459 323 538 357
4013 4836 2741 4823 4268 2674 291 3273 3681 4257 630 2612 1048 4455 3914 4049 327 3901 333 2030 1527 709 2505 3688 990 2917 617 4893 2275 3122 1531 4516 2519 4705 2791 1640 1397 2384 2924 2817 2203 2593 4410 4399 4960 2599 4706 713 386 4818 3709 1853 3880 4515 4000 4305 1837 2184 4221 4265 3230 2474 4965 86 3824 1958 1669 3409 2605 986 29 522 2128 46 1421 4412 46 4563 2277 1775 729 4447 4563 1247 4816 4197 1071 2840 4868 366 2139 1141 3953 3753 3235 606 4266 416 2369 1624 3735 3890 4064 1445 1530 329 2302 2642 4880 2304 3444 3612 1565 3473 1858 237 123 119 2976 1380 2234 4910 4844 1626 3211 2668 1006 974 3732 3144 573 4351 612 4670 2167 1349 2186 4158 1466 3710 513 4088 717 258 874 3099 1827 2438 4927 1018 4146 3167 3762 2809 373 2069 2114 4628 68 4346 4728 4819 2816 1823 2837 4325 3862 317 63 1301 1483 155 4127 571 2180 3270 1678 1619 3130 2133 3521 2437 4786 1089 2774 400 3806 3989 3891 1468 725 382 1785 3848 4908 1541 1070 1195 1722 533
464 4141 1152 4244 2674 3484 2355 1131 2989 2178 4931 4718 3703 1555 4395 332 1526 4619 2227 3320 2341 1418 1582 1671 4918 2668 3655 1546 1266 3243 54 4560 3993 3302 909 2954 1224 1992 3531 2318 473 1257 861 4486 3934 593 2791 4187 1884 2123 4756 1029 3446 4236 1835 2738 4269 1362 2778 4295 4199 1769 2292 1878 2223 728 4894 4925 1395 3611 2594 4993 911 1783 532 4105 1307 1981 1754 2496 2859 1099 389 4010 4226 2353 1337 3842 1588 4712 289 1789 3887 874 1518 1773 3197 4742 4532 1477 2064 4174 1732 1083 914 1726 4731 767 452 1778 3701 4139 2837 3544 1694 3636 2197 2630 781 4553 3411 3796 1460 1172 4656 4094 2268 4092 3499 2991 2643 2765 192 4388 4399 439 3365 2231 4080 3272 94 3140 269 1876 1255 391 886 4581 2853 393 2720 328 599 1082 3966 4174 2296 403 1616 2382 4776 4640 3464 2230 3863 3347 2717 3356 1263 4139 4864 4711 2187 633 4119 211 4122 4349 3899 3082 967 250 3100 2279 3927 2346 1953 272 4496 2965 3614 476 4683 4794 4808 266 4662 3924 1983 4698
1790 4284 2220 2109 291 2355 1379 2838 803 4648 2822 2251 1420 1990 3902 4981 4887 2605 4089 2033 2208 1160 2267 927 4137 1579 130 3599 3934 4471 4902 1545 1297 30 4496 427 2764 1886 744 1922 4045 2981 1403 2880 3431 1462 4964 598 2194 1029 241 4356 2885 3450 2806 756 460 3588 2396 354 3413 1636 3154 4820 217 4942 4226 717 1014 390 2598 181 3046 4346 1558 1241 2702 3693 1947 3282 1352 167 1321 3964 2718 2110 2033 403 2574 2696 738 1601 4456 2892 1060 1786 4231 4230 3068 3089 1227 2853 4698 1122 3928 3010 668 1305 1227 956 4935 4998 3827 3395 3600 1647 1514 295 2280 1900 3626 2396 2249 2394 63 3151 3163 2000 160 1346 2637 4449 4319 398 571 1363 4723 286 4777 1709 4360 4901 4361 2587 3483 442 363 4470 3783 4010 1448 4665 3080 2010 3325 1448 3561 2404 4490 4511 2695 3389 3093 3321 2758 4898 1663 1016 2535 3960 4020 1892 1590 544 4652 125 1468 1105 2873 3979 4087 1115 3315 450 557 2402 4716 531 2033 2202 1088 3681 2356 4265 1180 1188 61 4041 856 2489
4021 1460 2386 1068 3273 1131 2838 782 3160 3839 3289 2644 4622 4279 2650 1785 4448 1512 2256 4430 2296 3416 2549 4070 2225 3784 2070 4034 4914 1178 724 3619 3082 1579 4924 1168 4003 1991 840 3020 3297 340 2453 2295 4332 1659 719 492 823 2067 1399 1511 4268 1640 4781 3877 1527 3139 1837 2162 998 2873 4755 2063 1861 2708 3090 1078 1183 4165 2842 3451 2335 3830 3981 3221 278 3723 2753 2360 4310 1559 803 3891 2625 4729 2644 888 2875 2739 4755 1142 87 244 3990 3057 986 3815 2573 1455 4761 4758 2069 2830 856 3111 884 1526 2227 2261 4725 706 4891 69 29 956 3868 716 1037 1657 2476 2175 41 1879 1069 1852 3088 4567 1775 608 2633 1351 2463 4078 636 4747 3186 1017 1473 228 4333 2305 1652 4909 4647 2386 1542 2867 1311 3233 2631 3289 3799 4847 487 2458 4180 559 403 2715 3656 1896 178 2130 616 4515 4933 277 4835 1181 260 978 1911 1042 3326 2625 4949 3384 2596 2872 505 1501 1112 763 746 3699 577 4506 3567 4897 4078 3728 3018 415 2999 4222 4139 3887 701 467
171 4114 746 4444 3681 2989 803 3160 2358 4800 3384 401 4680 2148 770 562 1034 3986 1701 919 3726 1176 1132 1522 4619 4392 2411 3840 2722 2053 2843 757 3273 3006 4900 1446 4912 4656 1783 954 1050 1912 865 498 2194 1500 4064 2462 2828 3159 3060 3095 4858 1570 1794 4096 3622 1563 1576 1290 4247 1317 1381 2761 4068 4438 91 2621 4845 1935 4357 4680 4016 4766 757 1404 4643 4416 1523 86 2258 1131 3080 1347 2271 4083 2781 4450 837 3172 4312 4847 3290 4816 2008 852 2046 142 565 4516 4649 2354 440 1118 4853 1190 2324 4413 511 3861 996 3300 744 889 2365 3780 2952 417 2980 4307 1563 1321 3604 2773 4060 2025 3999 4416 3577 213 70 1301 592 659 2634 1692 2883 4098 3166 2265 3728 2603 2824 1374 3355 1014 4502 1243 2224 4093 2586 2696 3202 4050 39 3129 3987 2480 4323 4624 854 251 4920 169 3996 3416 501 905 3380 1732 1797 2328 1657 3919 894 462 920 4778 2741 1329 1862 4612 1290 4352 1660 934 1567 2612 1542 2072 1004 3017 680 1812 1952 4773 1708 450 1123 2618
1947 1974 334 4089 4257 2178 4648 3839 4800 4952 2347 4410 2932 3617 230 2324 4837 2394 96 485 1394 462 2985 4290 206 1085 4973 728 3776 4416 926 3462 4671 3188 2400 3831 504 2440 1719 1754 3806 4248 3598 431 630 3247 3465 1874 3989 2742 3243 1385 4369 513 3765 1255 3097 2646 4009 1284 1488 4265 4071 695 3894 2660 2546 2641 184 811 464 3789 2680 3668 4371 3093 4517 4904 4615 930 4576 2402 4921 3020 1335 3212 3705 4017 431 2366 1289 2945 3956 1249 3775 483 2494 1379 448 1606 1916 4625 3291 3847 3869 3812 70 1729 1479 447 4795 3723 4940 1091 4254 4817 46 4430 3840 4255 3039 781 2473 4436 4182 3296 3439 4976 1192 4874 4916 2849 1199 231 3012 4655 836 583 4332 2209 2307 2604 1091 450 4848 4827 2074 4020 4761 622 2017 785 729 4690 2522 1203 3781 1477 3907 2068 3602 337 403 904 2171 1979 4631 830 1572 1941 1505 1283 1738 3460 3507 330 1604 82 1129 759 1909 2701 1010 2527 1978 3643 1143 563 2721 2840 3888 910 2501 1234 803 4006 521 3458 2896 2417
4093 4397 36 4773 630 4931 2822 3289 3384 2347 237 2535 2695 2380 3974 4490 3664 3672 2007 2762 2215 132 2459 110 809 3641 1357 2127 3471 2435 3995 2226 1436 2637 1177 2609 3675 3020 4979 4422 1915 3002 4220 4603 2855 1176 1534 4354 3663 1288 1886 3483 1577 1872 1562 3920 1831 2820 3047 157 4345 4491 4313 2790 1813 1217 1870 1935 3735 4699 2880 1816 816 1497 2572 1419 4264 497 3508 1921 2482 3578 1702 3694 3244 591 2947 1425 4260 130 4617 4869 3886 2824 2712 3025 879 2893 2604 2033 3264 3215 767 3987 115 612 2650 718 1568 3000 1058 4567 3962 3432 4848 932 535 1383 4927 4688 505 4313 3649 4815 1008 2386 2733 4099 456 1668 4007 4741 3515 4123 3688 131 571 1074 4325 3234 2977 4746 4150 2434 978 4619 378 1340 2676 3912 4844 442 4252 263 3953 4624 1621 2427 790 949 1288 4805 4302 563 3070 3757 1927 4665 4469 643 2736 818 4596 1267 4716 4735 983 2988 4456 4777 1155 4819 3040 1536 745 1797 1684 1412 1116 2196 2234 4580 1649 2855 27 2864 1304 3536 4448 3157
2196 3508 2205 2310 2612 4718 2251 2644 401 4410 2535 2903 96 1045 1720 485 634 1370 4192 152 1836 2690 1039 1273 2365 3166 4509 252 1636 1965 407 1106 3848 4428 4392 1042 3009 3001 171 3166 1654 895 3841 4068 3800 1524 3768 1094 3495 709 4337 2399 2766 595 3803 4245 1673 966 3587 2215 3304 4746 176 1036 144 336 2045 2791 1868 1700 2158 2818 2764 734 2239 227 879 3075 1737 830 1609 381 4072 2203 1373 3123 2256 2623 4996 3661 3179 2139 2023 3510 4461 2099 2892 2461 4217 3039 3082 3569 4907 1807 1439 4080 779 791 3094 2490 3683 2782 1550 4893 2578 3274 1893 2870 1433 4069 4142 4042 1371 3397 291 3988 2253 3721 4262 219 2655 1037 3151 694 71 16 138 551 2839 4502 734 3761 4259 1141 1301 1887 3545 1921 1656 1727 4896 186 4687 4636 932 4330 1981 116 1962 1531 451 2137 836 3252 2332 4601 270 168 2031 3727 2311 1488 4174 1058 3898 729 1108 2809 4550 4272 4800 1222 419 3375 16 4221 2274 3745 2107 3995 4746 692 428 1891 949 2665 3746 3673 1840 4281
322 3560 3238 4936 1048 3703 1420 4622 4680 2932 2695 96 1771 2895 2700 2741 3579 3997 4176 2168 3564 2998 4565 2036 1498 4343 4965 4117 470 3745 1268 3945 1695 4590 2063 4364 1945 2422 2414 1269 3379 670 2777 16 2179 4076 4963 2399 4822 1625 3378 1196 2627 3111 4836 3428 1095 870 3437 3948 1303 790 3091 3239 297 2271 2096 3394 4653 2908 3146 4924 974 4196 3741 1044 1026 4300 3420 789 913 1206 4058 3853 2051 475 4879 3266 739 2081 2621 4504 2103 1339 1240 4592 4921 4578 3971 3608 4926 2613 4322 3484 4596 4171 1560 2867 394 1578 2910 1908 4389 1857 4049 3722 4055 2617 811 4551 1959 4559 3503 3516 3814 3789 4582 4228 4132 1697 2129 4933 4910 4955 4208 1549 2869 3458 4644 2801 2281 4303 2374 684 2941 812 2514 2457 2356 3444 1271 3441 1965 1265 1581 4684 4185 310 4703 2102 2656 3671 4175 2584 2082 4153 2131 4433 4925 1531 1099 1730 1867 119 3891 63 3965 317 622 3420 2230 2045 4208 1350 4673 4589 952 558 1355 244 197 3814 1214 717 324 2870 907 2721 1851 683
2300 3602 740 1163 4455 1555 1990 4279 2148 3617 2380 1045 2895 1185 413 170 2574 4351 3702 1899 2765 4321 4537 3031 554 2179 410 2124 4025 1557 755 165 3139 4615 2542 4990 894 162 2701 993 4994 1675 1648 73 70 4757 4946 2554 1114 2174 3061 1913 4830 3522 262 4975 3033 548 4478 4326 3875 1633 4062 1002 21 2932 3433 1811 2500 1717 959 3803 310 2733 4072 1645 4976 2000 637 4393 4124 2422 2533 4132 477 4742 1687 4830 2119 2356 285 957 2257 1715 738 2445 2589 4140 3589 3615 2234 789 386 1149 2587 3639 1915 1496 1773 106 2117 3032 4940 2496 2325 2790 920 2796 1109 350 1332 1625 180 3671 4357 3986 3221 1643 4123 2428 4010 4383 2383 994 2752 4765 4460 4465 2235 2515 529 3677 3452 4527 3086 1266 2343 4917 4215 4849 3563 3206 4243 3911 1485 4800 445 1634 3748 501 2298 747 4630 554 3132 818 307 128 1126 4242 31 2939 3114 1372 4789 4758 4990 2076 2398 1908 3724 4212 2764 1814 3148 3704 2435 4882 3342 4615 1998 3770 2772 882 1030 4299 4663 624 2800 1933
4166 3047 1076 3729 3914 4395 3902 2650 770 230 3974 1720 2700 413 1857 2440 114 4484 1847 2486 1842 2990 3099 3184 708 1096 4075 1615 936 1080 2949 822 1396 3322 1789 4224 1588 2536 701 3101 4539 3234 4979 2653 2628 4037 1543 3979 1632 614 1951 4863 2981 1824 852 620 675 980 4972 709 2335 295 3723 1120 1464 355 2314 675 4063 714 1284 1374 4989 1715 1342 96 3111 1667 3660 2722 624 1607 1071 1409 1787 1781 1791 717 644 3691 2464 2327 1463 3462 2422 1298 969 1569 3804 1674 1685 139 3717 2432 3109 3997 4653 3715 3566 3962 1309 2325 1230 3034 360 4067 637 3984 992 4775 2196 2327 3438 2689 1273 1418 1298 2390 1745 4582 2422 3305 3800 3665 3690 1902 2557 3885 3240 1050 3944 3692 1220 1799 3807 4954 1226 3076 1296 4875 1616 3454 2185 2223 4908 2031 3159 1189 4763 496 1311 3524 644 3973 3829 3927 1332 367 1752 1265 2466 2061 956 2197 1043 505 3999 2595 2895 569 3635 3052 958 1902 2969 3340 4036 4488 3540 3239 3314 4885 3364 3531 3137 1859 4570 3246 615 150
3479 2351 326 4948 4049 332 4981 1785 562 2324 4490 485 2741 170 2440 465 4889 2155 3329 4750 1925 3522 4811 1895 921 27 3561 4408 1012 2605 594 4786 3735 644 3526 3587 2646 135 4410 47 2768 3615 456 2628 3165 4742 1442 462 4949 85 4508 1668 666 282 2004 2704 1159 4446 1158 2631 3176 1665 2438 831 3278 2610 2763 4602 3285 1794 2442 844 511 1296 2303 723 2658 3159 1051 4165 4501 2846 2608 1896 1369 3239 3689 476 4261 798 279 3057 3064 3143 4038 1926 3463 2883 1939 1438 2275 3155 3816 2985 3003 3268 3450 3817 2071 2352 2408 3672 3359 3564 277 3497 1785 2022 2039 933 21 1927 2460 3990 1977 1817 946 3683 690 1327 3838 393 4883 2668 4914 1240 3562 2447 2456 2648 2870 4587 554 2758 2476 2711 2933 249 899 4148 4194 1795 2682 1333 1958 1691 3214 3355 1687 40 4064 3023 4324 2079 3249 827 395 1518 1955 1178 2392 1734 308 2557 1223 1587 3325 2467 4224 947 1327 30 2203 561 998 315 538 4462 4688 2847 2182 3110 2775 1917 4168 328 3713 4716 4582 2653
4888 2830 1713 2818 327 1526 4887 4448 1034 4837 3664 634 3579 2574 114 4889 1935 3428 1497 2418 1083 4034 3192 1533 1333 3919 4565 3131 266 1629 4694 2107 3984 2989 2981 3939 1174 813 846 3044 1043 3747 2133 3241 4820 2476 3871 1270 3138 4931 3318 3662 3589 4273 60 2619 4172 3755 1966 108 2553 4011 4223 4229 4056 4942 901 3408 3699 1424 4318 2116 1796 4258 4624 1247 4525 1316 724 2790 888 4436 3865 2928 1212 4415 4274 230 3855 543 2849 2076 4194 3175 3491 1839 360 2073 3571 664 4379 1169 3470 3874 3971 515 225 3236 2051 3800 4968 1805 2737 3839 262 1803 912 4585 2473 2026 2770 4773 3866 1992 4628 1605 1401 2413 507 680 2075 4228 2870 2497 3970 3913 488 1557 4081 3443 1391 3752 434 1904 232 61 2025 4558 2475 1555 897 3699 94 1680 2727 1039 4026 4359 4807 4203 4007 2064 3758 4505 885 3770 249 1168 2593 136 4852 1575 174 1299 4217 3863 239 3577 904 3953 1324 1054 1355 4616 4257 4764 2681 3186 2450 1829 4911 819 3642 393 3570 3989 4571 3541 4256 3833
3868 1328 4100 1906 3901 4619 2605 1512 3986 2394 3672 1370 3997 4351 4484 2155 3428 229 2936 1262 1866 275 4259 3958 1081 2436 4726 1118 3450 1647 345 86 2020 3793 697 1966 3623 2240 3157 33 3601 2180 3214 4063 3306 3494 1808 655 1793 1305 4158 2454 1181 4302 1003 2644 300 4104 4335 1363 3607 4378 3318 4939 457 2422 149 3773 2839 3896 4870 1905 945 1524 3761 4707 4461 837 2324 4629 3562 3442 3294 338 3102 41 3529 4061 118 4543 1861 3524 2581 2141 3055 4238 1941 2871 1801 4414 4056 1228 2867 4299 1619 4449 156 2773 1555 1922 4047 3762 1662 3187 1467 2635 3547 272 688 3927 4779 488 3803 655 3274 2259 4955 1824 3958 1081 2178 774 1873 3069 1939 1977 1583 299 1654 1886 1486 4528 3746 3870 554 3712 4806 491 4540 3465 2033 3236 146 4315 3103 3282 1719 3052 3126 2668 1935 1861 4717 2773 2090 749 2750 3354 282 4209 1137 739 4169 3884 1376 3505 2066 692 2163 4139 2541 1093 3412 460 3206 1602 3941 2016 1870 3027 1926 1370 1894 4408 556 2562 198 2417 851 4417
2606 906 355 1012 333 2227 4089 2256 1701 96 2007 4192 4176 3702 1847 3329 1497 2936 2466 1738 4796 1623 1914 1934 4045 4856 398 2682 4328 211 2951 4067 1399 2566 2083 2493 698 1738 3784 2026 4894 398 2851 4412 3088 4004 1140 4667 4353 672 848 2876 1798 3342 3408 4744 4628 2243 2373 2708 670 1288 4230 1421 1811 2191 3838 4154 4869 4702 468 1751 1276 2899 295 3650 4477 3595 3167 4430 2470 3632 779 2904 4706 15 2931 4756 4184 1335 559 1319 249 1799 73 1635 2076 4448 2805 2383 4879 4877 3908 683 1233 2361 1999 2335 2807 2306 3440 2153 2693 4903 983 1454 2366 2684 3168 1538 4144 224 681 3289 3274 880 1252 2748 263 1129 81 1667 1745 4418 1073 2934 2789 1607 399 954 1939 1353 4790 4840 4416 3843 2056 1054 2719 393 1514 2371 2176 1440 2663 1334 3136 4376 2333 1440 3429 2900 2002 910 3689 2123 2321 3243 4801 1444 1438 2252 2069 2140 237 1348 183 2743 2972 2355 1635 3745 2034 847 4678 2931 1866 2235 3662 2483 2948 3558 4705 3548 1851 2798 4132 1714 994 2758
3419 1462 4277 201 2030 3320 2033 4430 919 485 2762 152 2168 1899 2486 4750 2418 1262 1738 2576 3962 3212 3041 1661 4494 4355 3658 2997 3838 1496 4000 37 2978 181 2348 2036 3364 3301 408 1301 2472 1841 2892 1472 802 3589 2620 3319 4754 4820 1632 677 4591 2084 2756 3499 2151 1203 4464 4701 2511 3249 998 778 480 1015 4110 1880 1890 3257 2050 3111 3883 3153 281 850 3018 263 3151 4253 866 129 4717 2236 4596 4219 1116 4123 3698 2026 2472 1701 2810 1395 1046 3483 2045 4944 2121 2537 4682 1343 802 2884 3496 2178 543 1917 1510 4919 2768 2126 1107 3361 2492 3699 4611 4967 3819 4287 2271 2401 1664 2895 1988 689 4617 3063 2943 2656 1975 3688 1068 2501 2379 1905 1240 4751 330 4086 4288 3178 654 3996 3177 3259 1378 1326 3530 2372 4278 1531 4711 4246 569 4006 151 1711 4421 2769 220 2547 457 3871 4332 834 3797 2421 1197 3477 2766 4751 3592 255 2071 3857 1047 1720 1803 1703 2685 2199 935 4607 3367 4766 1036 3817 4058 373 3210 1145 1958 3699 924 3389 1601 1389 4919 1481
2135 3350 2259 4022 1527 2341 2208 2296 3726 1394 2215 1836 3564 2765 1842 1925 1083 1866 4796 3962 3857 4165 3193 1459 815 1768 1311 3594 3980 3780 1334 1238 678 3467 1654 3947 2461 516 4761 1813 3209 690 796 2350 665 4900 4316 3918 3209 641 844 4121 3168 1612 2582 4785 4945 645 3800 1608 83 3541 4442 979 4315 4718 4779 4800 481 3172 753 20 614 4209 3471 4790 3771 1063 1396 4946 3113 3165 3135 2837 334 4226 180 2222 2463 2254 836 4288 4566 1862 1860 3346 3467 3253 199 813 2723 2846 251 3883 4503 700 4888 1259 3939 1579 4329 937 877 1211 3218 151 1079 987 4271 2330 3104 3688 4233 1766 4235 3617 2409 4442 1277 1438 1656 1825 854 3547 1609 4295 1909 1092 3577 4147 2320 2305 4330 2150 4128 1476 1622 2915 1072 4199 2755 4129 3052 4587 3256 1894 4002 1786 3375 4088 145 1892 953 1711 1045 3845 1483 2937 1563 3454 501 1254 835 4664 68 1623 2186 938 203 3760 4825 2685 4560 784 1432 441 2816 4167 2233 3529 3591 993 3804 2140 3175 4840 1108 1849 1122 4125
4686 1828 1302 1340 709 1418 1160 3416 1176 462 132 2690 2998 4321 2990 3522 4034 275 1623 3212 4165 618 1397 2819 1050 2579 446 1357 964 4817 1550 2730 3346 1845 3455 1183 4246 741 837 4216 2521 2069 4848 2421 2917 1141 4848 1067 4894 1515 4782 663 4227 4472 4369 3844 2490 2973 4110 172 2772 579 4205 1489 3038 1853 3362 3802 4626 4451 1033 1970 455 3823 216 3047 4213 480 366 3388 1537 2288 421 2005 482 2852 1106 814 756 1254 4450 1301 1605 4280 2678 121 3310 2072 3434 2322 1317 3174 731 4954 3651 2863 2365 1227 2129 3766 2922 4088 2781 1247 189 3063 2659 4677 2894 3007 171 637 3769 1590 1862 841 4283 590 1030 2402 429 1106 3165 2724 4571 4787 1782 1770 2761 1803 2076 3179 2064 3055 3450 1676 2628 3037 3311 3258 199 536 854 1411 4571 956 2158 4306 2181 4170 4606 4284 1580 3895 2482 3395 1816 4872 4144 944 4379 2952 3448 1093 652 1871 4853 3482 3692 4193 3100 866 2591 3271 1320 1410 2773 4662 843 2832 3589 1845 1996 3430 2559 2284 1311 2113 2189 4432
595 3499 2712 3012 2505 1582 2267 2549 1132 2985 2459 1039 4565 4537 3099 4811 3192 4259 1914 3041 3193 1397 4934 4599 4003 3646 3488 4074 2554 1349 2375 1054 2796 1044 2847 427 1952 1547 3252 851 1331 2365 4605 1215 1168 807 439 211 2821 4821 242 4640 130 4218 3726 115 4963 3947 158 184 3604 2343 775 404 32 3376 2736 2125 4547 4746 4739 3183 2772 2808 4570 1019 2583 3938 875 1002 559 154 328 3917 4402 378 4782 4766 1519 2519 4031 3712 1151 4784 4266 1085 1442 1552 502 3487 3022 4188 4944 2158 3079 4828 2521 2827 1551 1402 3926 3372 4003 4700 2754 3929 2050 1280 2069 4765 3597 498 2210 458 3304 1338 587 4492 1802 2307 4003 1828 736 2440 1233 3613 1343 2894 3721 1868 2182 1734 3288 4780 2933 4107 824 1942 1699 2300 1231 829 1988 4480 439 1359 381 700 3179 2345 4397 3382 1326 4123 4668 984 2876 4985 1623 695 71 4705 2023 4391 1980 781 187 4638 1288 4072 235 4726 2560 2923 1918 1911 3197 3838 3611 4623 548 2465 971 3337 4612 4455 1274 4867 1960 816
2128 1293 2767 690 3688 1671 927 4070 1522 4290 110 1273 2036 3031 3184 1895 1533 3958 1934 1661 1459 2819 4599 4791 3627 3029 2093 1539 3883 4510 4136 41 3596 2914 2473 2719 2527 4254 1343 3955 3369 2797 3611 170 4393 2940 19 1455 170 4520 4543 1486 2319 4144 21 4740 2954 2470 811 1380 4589 1455 90 1445 1757 2942 2642 4560 4475 2255 2742 4570 1280 1948 2926 1907 4502 1803 3575 2372 400 2782 1317 3777 186 1394 1664 2621 556 4353 3046 1371 399 1044 4736 4427 4977 1465 4161 3622 4118 3704 4967 3126 1691 3125 3835 2656 20 854 636 1838 246 417 4586 1326 3807 4159 1061 2113 3181 2924 4518 1257 1081 322 1678 3630 1505 4577 1822 3517 4687 3241 4507 3384 1913 3185 4768 947 3409 485 975 4747 1434 1452 4583 4788 339 2893 3299 3200 2721 870 3581 3654 413 92 2719 2411 2536 2732 981 1276 391 4858 2962 1786 2161 1021 4200 3136 55 4504 1217 4852 839 571 3640 3281 1574 78 3948 1707 901 89 818 47 3218 4268 2932 1640 1236 3958 4835 2270 2039 4703 4973 1848
4407 481 2207 3421 990 4918 4137 2225 4619 206 809 2365 1498 554 708 921 1333 1081 4045 4494 815 1050 4003 3627 4255 716 4499 654 1740 1100 3361 2633 2001 2381 524 105 2743 1974 2798 2129 2340 2005 2942 2527 1034 3250 3726 4701 2261 4021 4368 3483 3032 630 3626 2328 4079 4009 108 1232 4711 449 3573 2148 2704 4478 1660 1025 1369 2203 3378 4579 827 3505 1303 2150 3133 3727 4066 431 1240 2124 841 1668 1136 2121 2775 3660 316 2908 2641 377 1177 2038 1352 2341 3011 3579 616 2529 2499 2720 2521 390 1819 3945 688 2831 3429 265 3879 4012 1966 2857 51 3463 3158 2989 170 3034 711 1224 4591 1865 1806 3823 4149 1668 698 3352 2629 3496 986 1288 2735 904 2371 869 2199 1907 3249 3318 1682 1833 4410 1874 3698 1779 1122 1334 160 3549 3017 3352 197 3555 1585 4314 2513 328 2209 1616 4328 4278 4248 525 4015 4707 244 2638 1690 29 4122 1087 2109 2865 4706 1450 849 2021 1554 3664 4062 4943 415 4675 4263 4820 2283 4410 4658 1530 1031 1011 1515 4099 3624 2469 4390 3387
4863 4049 3395 2267 2917 2668 1579 3784 4392 1085 3641 3166 4343 2179 1096 27 3919 2436 4856 4355 1768 2579 3646 3029 716 1764 4150 1351 3706 503 4099 501 3820 4797 4836 4813 1853 4865 3841 861 3814 280 2869 1874 3788 2176 2213 973 3281 1004 1424 4768 1612 900 1680 868 806 1735 2792 3904 47 697 2283 3185 2935 355 3924 1544 3023 3798 387 1046 581 3304 3727 3506 4108 2757 2503 2363 302 4672 3739 3011 1937 3922 2682 486 2879 4373 3182 4924 1837 2570 3533 4626 4959 183 4775 3119 2521 2117 712 1871 532 4784 491 1681 3800 3478 2355 3732 1692 4637 2711 3672 4191 1375 3450 2290 1680 424 2742 3101 478 1078 4337 443 2087 4700 905 3664 4987 2000 17 147 2397 4472 2917 3005 2979 1481 4083 1558 3540 3670 4324 327 3081 2921 2573 3209 3478 4794 481 3284 1056 2974 2057 2852 2085 4542 259 3769 1762 4439 1791 1285 1282 2806 773 3105 4584 1177 1646 3032 641 457 3899 3184 566 830 2460 4781 90 978 279 1877 152 3820 891 877 55 2586 2443 4599 1064 4712 366 2656
3221 180 1780 4644 617 3655 130 2070 2411 4973 1357 4509 4965 410 4075 3561 4565 4726 398 3658 1311 446 3488 2093 4499 4150 364 1309 1750 1265 2643 381 453 4432 2899 4922 3471 1610 4435 238 1684 740 3679 2994 2116 3185 3826 4555 3990 3235 2594 4931 2167 1421 3880 574 4534 3306 177 4510 2557 2361 3555 650 339 907 3861 3233 1506 4516 3665 2187 551 975 1976 2972 3494 2292 2339 1789 4030 481 4290 159 3216 1972 3335 656 3383 1717 288 195 1647 3623 2213 1507 1454 4022 3182 3619 2127 1586 3792 1207 3271 2972 2185 3610 4655 3068 2456 4836 227 947 4092 978 4698 4882 1221 1587 1428 4947 2783 588 123 3344 2590 173 3098 3651 1385 1374 452 3508 2296 4426 2905 4536 4090 3384 2064 1848 202 4705 2433 1276 4841 2528 4134 631 1582 3908 4666 4593 1134 4111 238 4074 4503 4042 4066 31 990 770 2629 3899 3677 2660 4216 14 4995 572 2829 3179 2801 1089 1798 3675 1125 3984 4273 1121 1967 2525 785 4381 3527 577 3266 4235 467 865 4299 1010 2889 2177 4121 3255 425 2306
2330 4104 661 2232 4893 1546 3599 4034 3840 728 2127 252 4117 2124 1615 4408 3131 1118 2682 2997 3594 1357 4074 1539 654 1351 1309 4661 4832 2634 3586 1828 1054 2997 1554 1860 2154 505 898 2705 3334 4612 1506 2928 2693 2308 1281 4154 2838 511 4274 1404 813 3570 1962 2304 1389 2642 1483 3669 3025 4043 973 3935 2695 2443 4118 1998 379 179 1727 219 2622 404 3647 2310 3200 3415 4340 4302 2424 4245 2006 1213 4965 3937 1096 2580 2657 4446 1792 2576 1460 2923 2270 4681 2507 2933 3006 2041 3393 4348 2782 595 2789 962 3199 727 2865 1883 3005 1049 855 2939 1213 3825 3117 3858 1080 2691 4875 4488 2510 2058 4603 2331 601 4625 1644 2447 1595 1182 4482 1672 1869 4306 753 3872 1235 2241 4709 3663 4338 3255 4791 4788 1390 3713 1747 2258 2949 954 411 1720 1154 815 4541 1628 4915 3560 3407 2517 2623 221 651 2444 1926 4350 269 3585 4164 2281 1400 4573 4254 4345 4362 4738 586 4475 3044 832 415 4244 608 1377 571 4357 4294 3015 505 4497 1990 1053 4860 2492 4628 2952 2187 2823
2740 1038 2303 1948 2275 1266 3934 4914 2722 3776 3471 1636 470 4025 936 1012 266 3450 4328 3838 3980 964 2554 3883 1740 3706 1750 4832 1525 3317 3385 1060 3215 691 1237 843 1900 4411 3363 2370 1018 1548 4523 2244 3894 4876 2752 3948 3149 3204 943 2769 649 2243 4731 4775 1537 2634 3600 505 4901 2779 3236 3811 712 785 2428 2114 3139 1946 1294 2623 4778 1364 773 2150 3644 897 4352 745 3636 514 2646 441 794 3982 4310 3337 3387 2341 602 2366 4791 2223 1741 3823 3501 677 366 4995 1790 1134 1166 1528 3953 4890 1657 4010 1919 2273 2571 2436 3773 3609 3306 4434 1562 4179 4116 549 4190 142 2624 673 955 1035 4041 2871 1026 2315 2351 232 244 748 2579 3480 52 2681 4114 4882 263 1885 2780 4150 3266 3323 2600 3086 4897 4592 3429 1127 1217 2666 793 4660 2700 4387 191 3792 3710 2154 1445 3512 1361 2315 468 1091 2305 3648 4217 2359 4658 2215 873 4868 1918 3283 1985 3057 3379 4104 2479 2507 322 55 2737 4218 2410 3987 4502 861 2824 934 1188 1490 301 3555 1778 1020
2040 4451 784 3580 3122 3243 4471 1178 2053 4416 2435 1965 3745 1557 1080 2605 1629 1647 211 1496 3780 4817 1349 4510 1100 503 1265 2634 3317 2584 2954 4349 3119 4158 4465 1659 1470 471 347 3522 147 2101 4591 700 4070 3571 2689 1854 964 942 4793 3050 3973 2188 1390 2612 1475 204 3019 182 4615 2109 4964 457 4875 4545 2013 4420 3872 2889 1283 1987 4871 3107 1513 601 3068 3303 2754 4999 3185 4389 4759 1437 2074 640 4190 1558 4568 3716 748 2787 2928 4013 2572 2616 2939 3407 1605 3825 4104 429 4531 1821 4048 3186 4753 2976 4761 4084 1486 132 164 862 1719 2793 3427 2196 3673 2564 4901 904 2754 32 4477 4422 4265 4858 1155 424 4585 2814 2348 3617 280 2317 3811 2500 3323 3450 1447 748 2710 4098 2088 2789 2113 1502 2504 827 4616 257 3886 4081 3310 4137 1578 992 3018 4542 33 259 1268 1103 1767 1568 2298 4627 2350 4159 2713 580 1230 3598 518 2900 2934 1463 1291 4694 4287 3474 4959 2441 2828 4102 2062 62 2898 2937 1553 4548 4805 2142 195 4041 896 4743 3999 3933
2020 2946 3263 1113 1531 54 4902 724 2843 926 3995 407 1268 755 2949 594 4694 345 2951 4000 1334 1550 2375 4136 3361 4099 2643 3586 3385 2954 1928 4556 2596 4929 4851 950 4170 1621 910 3674 3400 1280 3478 1590 4316 4271 3380 2981 2826 3449 4014 4135 2703 802 4670 234 359 1779 1832 1485 2773 4971 4889 746 10 4908 2312 2053 1744 4160 4017 1708 3188 4853 4648 3073 289 2301 4275 2114 901 3685 4444 1447 2932 2517 1135 2339 2955 1983 628 70 239 4659 1352 2381 2781 1945 4319 3504 1200 4723 2112 2031 1297 3595 665 4383 3051 3055 1961 1485 2122 4297 3810 2100 3497 434 3393 3283 2244 1086 917 3842 3999 4818 3326 1056 140 1756 3929 2591 4670 1990 4474 766 4502 2472 3630 468 1863 4252 2883 4173 1656 142 4635 4254 3140 1541 232 371 2312 3871 1728 720 4295 793 3063 2394 2973 1950 2380 2696 4674 1555 897 1868 429 4580 2754 4459 1227 1236 1080 1569 2790 790 1782 3956 2881 1891 2904 1880 3108 2783 530 4976 778 4725 1175 114 2606 4634 1982 1542 3906 2354 2214 3438
2427 389 3078 4798 4516 4560 1545 3619 757 3462 2226 1106 3945 165 822 4786 2107 86 4067 37 1238 2730 1054 41 2633 501 381 1828 1060 4349 4556 824 1566 2847 1577 4201 2361 4901 4396 3218 4961 2102 3539 668 2807 2026 2951 4807 2500 1329 2668 2609 1445 447 3087 1795 3773 3063 1334 885 3542 218 1938 2247 1983 290 299 2956 2848 1876 1436 1879 355 4850 1552 3738 4473 2048 1044 3683 4075 785 1893 4406 4478 418 2615 388 2313 994 4793 3298 2597 2082 1307 2087 3009 4999 2803 3154 2358 2392 2519 3964 930 4707 1522 1799 3891 4015 4731 86 3705 3342 3277 1790 4232 1030 403 720 2955 3579 36 4366 4242 2997 4452 3304 4435 601 3440 4682 41 2613 3428 2504 1885 3693 1101 4203 4227 962 3237 4976 1257 1345 1714 2226 1573 2473 499 652 2223 3506 1875 740 3682 4169 2141 2864 220 4484 3523 957 3296 3744 3549 2015 1877 2069 3021 439 3942 2781 28 315 1595 969 4227 1349 4688 819 3927 2898 2102 207 4201 2566 1017 186 2350 3973 2346 2258 1335 899 661 2994 1975 3384
4015 1655 3263 479 2519 3993 1297 3082 3273 4671 1436 3848 1695 3139 1396 3735 3984 2020 1399 2978 678 3346 2796 3596 2001 3820 453 1054 3215 3119 2596 1566 1214 1789 3938 1249 32 3856 3484 1433 521 852 2873 4787 1309 1336 2934 2255 4644 2391 2337 1069 3514 2555 1924 3750 1957 3969 4846 3247 4321 4250 935 3492 2841 2324 3567 468 186 86 3123 2327 412 189 4819 2200 717 926 276 379 1246 803 4380 865 2793 945 4940 4601 1052 1300 2753 1269 1049 3473 4993 1820 4727 1005 382 895 231 3486 1120 1807 761 372 4109 1462 1622 1333 2072 1433 201 2018 2003 1117 4286 622 876 1162 4609 1667 3714 1682 228 1958 2593 2219 3936 261 743 683 536 4308 1557 84 2877 4519 4171 552 2150 4322 1592 572 2990 2757 1837 2661 143 3361 1138 1410 1565 3587 1994 3036 3685 2029 2663 3671 35 2363 4109 3578 3172 4970 1141 1087 4165 3492 3721 1339 2160 2010 4271 4827 2416 2102 1520 929 4136 1250 4056 1746 1517 4242 3026 4026 669 4406 2795 4740 2510 1212 3152 4066 1965 3691 1819 3075
2967 104 1338 992 4705 3302 30 1579 3006 3188 2637 4428 4590 4615 3322 644 2989 3793 2566 181 3467 1845 1044 2914 2381 4797 4432 2997 691 4158 4929 2847 1789 4789 3999 3558 525 3265 803 4049 2981 1926 4953 434 631 1428 1791 629 2684 3746 1907 2853 4467 427 3097 1028 3347 1124 3643 2917 3378 4652 3120 4588 1837 3449 2050 3248 3549 2693 3530 1584 1485 4345 1413 93 3583 665 4030 1607 34 2116 365 4613 4687 3302 4739 4747 173 2532 712 1457 3734 3003 4950 3838 3600 442 1939 757 4341 255 810 1977 1711 1298 3533 1608 1279 2617 1451 4979 4979 3803 4462 1758 1528 383 709 409 4362 2858 3747 3782 2816 3131 3801 1968 229 816 1487 2447 1154 1265 489 3870 695 4252 3001 4134 3270 2843 747 341 1424 3586 3574 2991 23 4690 2772 2956 2849 3715 798 812 1641 476 2754 4338 782 3972 2771 3713 723 4937 1748 406 494 411 1755 871 3014 927 2393 2448 1725 3780 3264 2083 2645 4332 591 4402 4715 2834 107 598 4577 1490 2090 3403 947 3215 1332 3541 1677 1889 518 1074
3486 695 1964 566 2791 909 4496 4924 4900 2400 1177 4392 2063 2542 1789 3526 2981 697 2083 2348 1654 3455 2847 2473 524 4836 2899 1554 1237 4465 4851 1577 3938 3999 586 3502 312 4416 2533 1648 2639 4362 3653 4935 3645 2195 3957 184 292 1899 837 151 1958 2414 2897 3410 4050 1742 1834 4408 3532 4982 1391 4405 2186 805 3623 3997 879 1168 1478 3716 3279 1925 3015 1286 2675 184 712 4833 1471 1183 2335 2352 2191 4446 982 1886 1995 3954 4231 3243 354 1493 3619 4916 4627 3208 3167 1045 931 851 421 3182 4771 2426 1768 2637 994 1316 3539 3614 82 3836 2087 1537 152 4370 2823 255 3823 1921 1201 4593 2895 2403 4712 1872 2290 847 4234 2564 4403 564 4529 3972 564 2214 856 3987 196 1221 3951 3748 4339 3604 26 2920 956 1280 3600 4481 2122 4245 3475 2519 4528 556 4292 883 1205 1057 3557 279 3314 673 3411 2589 697 1968 3368 4828 2868 3085 3773 1675 903 951 2003 675 3347 4290 3685 2800 2289 773 876 1994 1824 3102 426 2595 2755 2128 3826 3439 1304 1458 3642 2219
2407 961 1436 2308 1640 2954 427 1168 1446 3831 2609 1042 4364 4990 4224 3587 3939 1966 2493 2036 3947 1183 427 2719 105 4813 4922 1860 843 1659 950 4201 1249 3558 3502 4333 2663 4391 1494 1288 4822 42 1762 2173 90 239 1880 2604 997 817 4180 3840 3827 1121 926 3449 4188 3705 4273 4551 3948 4698 500 1291 3526 4546 3182 3484 2405 4510 290 771 4959 95 2660 2516 464 571 1506 3170 2116 221 473 2745 739 4779 3630 2562 4500 931 4744 3895 1121 4301 4020 1525 3976 3595 2772 4292 2046 3114 2403 4571 2013 439 2738 4882 4353 1663 2060 686 708 3848 3775 3047 3345 2734 103 3331 762 4027 2135 2460 2494 2490 210 4896 2558 2199 662 4909 1870 255 4208 2281 2695 4131 602 2585 945 2338 2975 3099 160 1577 3870 154 1163 300 1247 3589 3998 3367 2425 1271 418 2248 3065 448 4311 1019 874 1056 1740 4365 4418 4541 4151 1846 3381 2329 4332 2483 731 4275 4871 4232 920 3263 2441 2096 1786 2835 4363 801 487 4320 2524 1328 3294 4889 761 2967 893 400 3464 3145 3178 3490
2385 828 496 4457 1397 1224 2764 4003 4912 504 3675 3009 1945 894 1588 2646 1174 3623 698 3364 2461 4246 1952 2527 2743 1853 3471 2154 1900 1470 4170 2361 32 525 312 2663 4828 210 1436 2029 3273 3311 4061 3284 3351 1931 2021 635 3986 1116 926 4514 4434 693 2747 641 935 1073 512 3743 667 2809 1592 1703 26 4850 4202 2395 2885 779 4332 2532 4206 1228 149 2809 2990 3467 3919 3005 457 869 1585 1138 4476 601 1955 844 1557 3420 574 4573 4971 386 3232 2400 2007 4000 2758 4981 1317 3087 880 3854 3436 2882 92 1572 4808 4317 3281 3253 3058 1070 4010 1992 3537 4577 1574 3987 4458 2409 2603 657 4380 3199 4636 1872 4799 390 635 4722 1248 1070 520 3477 1925 1479 448 1811 3297 1820 1621 145 614 3156 4537 2435 1080 2887 2393 1358 4298 3194 390 721 1299 4676 4212 2974 711 2513 3572 3240 647 1571 2516 3522 1278 2674 4920 3513 1441 1947 4079 2531 2974 4718 2409 1255 3827 3976 4896 2719 4677 777 150 4814 2384 3427 2384 910 3223 1476 4708 1867 2965 2840 1201 3869
3426 3134 4618 368 2384 1992 1886 1991 4656 2440 3020 3001 2422 162 2536 135 813 2240 1738 3301 516 741 1547 4254 1974 4865 1610 505 4411 471 1621 4901 3856 3265 4416 4391 210 2860 616 2251 3798 3855 2493 1795 2329 2523 2700 2974 2479 2617 1716 2481 2686 2236 390 297 2831 4782 53 2915 2820 1608 3522 3596 4448 674 1378 2494 3275 4984 1449 304 4676 2473 2208 4507 417 1658 1312 4583 1786 60 1705 966 3427 149 3517 185 2358 1804 1190 3672 1360 1836 2796 2921 2575 4985 473 2724 2664 1669 1943 250 2499 3054 3668 4318 2205 3632 1765 959 2793 4173 3713 2962 1755 1322 4160 588 1845 4001 1753 947 4055 1665 2532 2075 2132 259 1648 3773 831 4602 3921 345 2906 2206 3601 3120 2265 780 827 508 4646 3609 1792 2604 3859 768 657 4760 159 1422 2176 1123 1265 2206 3058 1812 1635 295 2392 808 2199 4790 3857 2040 3379 1713 3131 1251 1078 707 350 1032 3966 2474 479 373 3250 4952 378 4252 2785 1763 2653 581 762 1759 4750 1127 3278 1665 4830 4174 1359 778 1588 2993
4138 672 2245 4987 2924 3531 744 840 1783 1719 4979 171 2414 2701 701 4410 846 3157 3784 408 4761 837 3252 1343 2798 3841 4435 898 3363 347 910 4396 3484 803 2533 1494 1436 616 1996 3839 943 673 965 1225 2461 1542 3228 859 4942 2476 2727 422 4725 3560 3040 536 1879 2363 853 1996 2575 2419 2803 1489 4885 4172 4323 3974 532 3438 4437 2048 241 74 304 3632 2997 4913 2992 1020 3537 4679 818 1788 910 1717 1678 2234 547 4564 95 3945 3173 3546 3304 4809 4169 4507 3581 1075 3306 831 4341 3732 2348 2405 3510 754 3874 252 3715 3430 197 3079 130 4369 2161 2889 4973 3093 407 4015 1227 4355 305 4479 190 2543 35 2117 1694 4160 3381 4789 790 285 224 3192 4835 839 3587 3794 4870 239 2453 2003 1335 4614 2823 3603 3974 908 2108 1927 1778 2602 4460 2260 155 723 3946 3169 3325 3944 1268 317 1166 4171 39 2817 4992 1850 759 1494 880 2527 4147 1988 798 59 2073 1161 3177 2065 2901 4450 2386 4874 3280 4760 3672 3103 76 334 3005 3948 2929 3014 1336 3228
2191 1150 3492 4437 2817 2318 1922 3020 954 1754 4422 3166 1269 993 3101 47 3044 33 2026 1301 1813 4216 851 3955 2129 861 238 2705 2370 3522 3674 3218 1433 4049 1648 1288 2029 2251 3839 1414 1315 2069 4297 4248 673 2959 3345 2400 963 322 3625 4300 4800 669 1660 1033 1384 216 536 4030 3234 2929 3936 296 2692 244 423 719 2408 3861 3550 43 3423 3630 1027 680 1138 2383 147 3490 4813 430 3640 2727 1905 438 1261 752 964 695 3025 2511 4626 2443 2174 2133 1580 572 310 1637 1203 1868 3454 3457 4546 1356 2803 3423 2308 523 4505 3788 1940 818 725 4073 1419 39 4241 616 981 3193 2828 1740 1553 2247 2921 4686 4486 2968 1463 3360 4659 640 4178 4553 3649 4543 2330 2452 2121 679 1327 3946 2771 435 351 2252 2414 4170 4111 387 4602 4097 4511 3235 1224 1720 3451 3273 3141 3283 1021 2828 4067 4574 318 4923 4872 3740 228 4606 2487 2818 2220 1693 4020 4942 2549 1871 2793 359 1293 2917 755 2760 2891 187 4992 2805 1912 2320 4608 4013 4109 82 2389 2661 4235 2471
