N: 200
M: 20
Symmetric: true
Triangle: false
11 195 147 134 30 64 15 126 31 49 171 179
8 98 25 141 187 168 41 53 166
8 83 33 58 127 124 143 51 81
12 99 162 96 117 144 78 37 167 163 46 104 16
9 191 69 60 182 188 52 18 133 36
9 158 43 199 74 22 137 32 62 189
11 21 197 180 150 2 56 23 29 190 112 34
8 156 145 155 20 185 183 123 77
5 169 88 7 39 109
11 93 113 68 61 194 198 105 44 116 153 17
10 121 94 119 178 196 129 151 136 72 59
13 71 63 118 128 28 110 132 12 174 6 5 139 154
12 148 10 3 8 125 92 103 4 184 114 95 138
7 161 50 11 67 140 45 40
7 24 1 14 111 9 26 102
11 48 122 87 27 38 54 115 47 165 181 193
11 57 82 146 149 186 108 65 106 142 80 100
10 90 13 176 164 200 177 91 172 107 135
15 75 19 120 89 175 130 192 173 160 101 159 79 66 157 85
12 152 84 97 76 35 55 73 86 170 131 70 42
2710 2298 807 1795 1956 1555 447 4250 2548 172 4155 437 1618 4939 3496 773 745 2670 714 2168 4580 302 3598 3326 2247 3703 578 1879 1434 1899 4288 170 54 1565 475 3613 4486 4397 2542 3573 3315 463 4343 4787 4073 4894 3212 1655 2017 3002 993 2370 4427 2009 3386 376 1782 2755 3736 2703 1086 1820 1319 4385 1603 2271 1628 2671 3186 3577 2087 4558 1887 1743 4811 2153 1670 4374 336 3195 2543 2581 56 1747 4351 1603 3473 4825 2897 1258 393 1808 1861 4135 2662 3461 1625 933 493 1315 1303 384 2249 2076 272 2441 317 4552 2715 4250 907 216 3514 135 3337 1921 3264 3784 4822 4419 4723 1553 3476 4230 2332 1342 478 2941 945 3597 1269 1690 2099 3118 3615 3981 1028 1678 1356 2877 2895 4295 536 4547 1148 2882 570 1961 3859 4435 1228 1780 1005 4080 4852 2644 3711 2253 547 2848 1363 1335 637 1810 1011 2339 3056 277 3296 771 954 1701 918 4571 1905 4975 628 960 3871 4293 1246 3430 526 1248 3836 2734 4403 1149 1062 4988 2059 1478 1448 1610 2807 951 1503 64 4938 1008
2298 1519 864 4345 1039 2602 3784 3148 1852 4371 2799 3241 1370 2647 877 4434 1566 1202 2356 82 4725 1283 3695 4045 4422 4321 2167 991 3643 2001 4732 142 1246 3399 3131 2929 2973 4275 600 991 4388 2303 4164 692 984 3508 4663 2525 637 3077 4800 4493 3506 3766 4411 1593 4889 1892 1752 2402 3112 438 1543 1461 4987 2868 3229 2448 2574 3507 3938 4580 754 4455 4824 315 462 4444 4359 3386 137 2652 3095 2441 2441 4124 4963 1147 4410 1540 173 2762 1691 2124 4570 1382 4425 1141 4439 262 2679 320 2410 3523 2426 1371 4421 800 843 2234 3373 1487 2314 867 184 361 763 3238 2379 3919 463 2295 1213 840 3497 1256 271 1003 1565 1058 503 3127 4595 4322 541 404 3204 2430 3439 1248 3086 2823 3275 3173 3317 2672 4405 2789 3510 29 923 115 2198 2132 3657 4721 3759 1208 4313 4985 3404 3479 3074 2596 3664 2720 229 4896 1832 162 1069 3169 411 1844 4753 3126 3100 4145 4242 2023 4522 4843 4010 3546 2634 2990 4873 4700 1022 201 2644 2303 2951 523 2595 1699 2521 2132 3991 2282
807 864 3090 425 2422 57 3254 4907 321 3543 2910 531 2308 3193 1810 836 3194 2207 684 2683 4144 121 2028 1433 4462 3172 4912 3353 2028 3435 1293 1086 3361 1537 1591 3876 4290 3768 530 1062 4609 141 301 3290 1890 1326 2610 4515 153 2237 3771 1621 2914 3827 878 3962 1903 3434 3024 1195 1212 3176 728 2040 2302 4277 1808 2268 2930 156 2500 1195 3906 3392 4528 1609 4556 2202 2555 1870 2054 1931 1186 4866 3410 1398 583 69 4141 4083 2157 3182 3198 577 3296 964 1698 2326 3144 4186 2847 3646 1876 3657 158 1542 2877 343 1068 1107 748 602 3430 2560 4440 3031 2801 407 419 929 2687 1310 1187 2248 497 372 2649 1995 389 1048 2997 3626 4537 4119 4413 2112 4086 1876 2658 188 1869 672 738 4912 4281 2645 1761 1488 4714 4346 3250 3261 1409 4430 3796 4694 3099 4085 943 4284 2300 4345 1153 3930 2739 3101 3869 2510 1213 3270 4201 2600 3146 1425 2281 3935 4530 3643 1191 2311 2264 4608 4833 2573 809 1246 415 4309 2607 280 2497 3497 278 1538 3089 3512 3427 170 3789 2237
1795 4345 425 894 3505 3250 2889 4490 1686 948 4062 4110 3203 3087 695 2408 123 633 1485 4572 3108 646 3867 1115 1510 1086 4097 295 1494 3056 3552 3814 3916 388 3070 4315 1645 1509 3182 951 212 4630 2338 1168 3634 1611 4806 1047 822 1036 899 1253 589 3779 2045 4256 3832 1285 357 2649 4172 1017 4902 3801 4525 1434 1441 4345 921 20 2559 4245 945 3903 262 4811 2107 3588 4789 1409 724 2256 2754 2244 1129 4682 1464 4080 465 2738 129 3773 3322 3944 1098 4958 3213 798 2957 492 2536 4372 3073 4522 2789 4579 3894 2317 1394 788 1110 562 3535 964 2709 2626 4259 4779 661 2488 3206 2021 117 2720 1135 3461 2134 3818 1878 3572 2520 1499 2350 4813 1232 1413 2800 3302 4432 4998 3298 3519 2982 1427 702 2900 3220 3803 794 394 778 3407 2915 4842 1890 4159 853 3876 1816 1311 1877 203 583 831 78 4538 2325 4628 2852 588 4803 873 4179 812 1718 3335 4169 3554 3306 1692 900 3752 1015 4453 4976 2827 2462 3178 960 4665 3057 3009 2343 4517 3036 854 1425 300 4332 3751
1956 1039 2422 3505 501 1738 139 682 1109 2945 774 4464 2215 1758 1474 2737 4746 2877 2649 48 116 4756 1180 4993 2010 2470 4184 4474 1915 3383 1378 2103 3963 3434 2034 4825 2097 4761 1430 51 2752 250 1207 3864 2873 2537 3427 1147 1625 3189 1338 2587 24 1890 1348 4167 1625 611 2045 4463 86 227 2864 4415 1760 3107 199 2587 2681 1065 2466 4813 1969 2539 3166 4115 3334 964 3041 3337 1852 471 1107 3240 4299 3553 3611 846 4432 2192 3053 2531 4591 3765 3142 2639 574 2021 4740 4627 2999 823 3359 639 3353 1050 1401 81 12 493 3544 3574 355 2196 1678 949 3194 3038 1337 4356 3661 187 156 3296 2098 2838 1532 1261 3257 411 4752 537 4207 56 3281 2985 4252 2885 1327 2729 2455 3407 1728 3902 880 426 2546 1624 156 847 3623 1463 1536 16 1188 4193 4600 1348 1166 1928 4163 2934 1367 3177 1739 1686 2393 3851 1994 4341 3762 1781 1073 233 305 1746 4851 177 82 1905 3640 2288 3082 1967 213 2313 3133 1328 3530 2054 2677 4528 3082 17 4199 2059 3564 1662 4813 4681
1555 2602 57 3250 1738 1358 2358 2874 872 3743 1418 3775 31 4296 4083 1854 546 3796 3335 2388 1402 3075 2172 2937 1064 123 847 2509 2720 3559 3545 3460 394 2574 4146 4811 3413 3435 2245 1848 3447 543 3331 1915 3727 3070 1858 1222 4827 2191 2876 1393 1978 1430 1180 621 3083 859 2180 2137 3212 4850 111 4950 1355 1348 4170 342 3384 4699 4367 3023 3565 740 1476 3861 4769 722 2579 1721 2978 941 4738 2690 3439 1099 3369 1165 1298 2040 855 722 1392 3923 3226 2370 1010 3435 1807 3143 2990 1867 973 4803 3350 2539 397 4557 1130 4870 906 831 871 854 4698 1108 3458 690 489 2034 4387 1080 2394 3314 1509 1204 686 2777 2397 3312 1820 52 772 4144 2348 1164 13 4551 1890 3270 3949 2640 3848 838 3322 4144 222 567 3612 1826 2943 2457 1699 1718 4031 4214 4919 4856 3321 1177 3604 2798 2122 544 26 161 61 3285 1845 4683 3007 1637 3517 3683 325 2534 4021 3170 4848 4969 863 1291 1557 3131 1074 1601 937 2694 2047 1351 4563 2362 1785 1420 3388 2872 3657 3416 3002 3701
447 3784 3254 2889 139 2358 1893 2484 3399 2400 2565 4248 4981 3947 1827 3707 661 1333 3800 762 1621 1711 2306 3364 1464 3294 2429 3141 954 4153 1879 577 3051 2836 1923 4813 4489 4475 3452 3239 1358 1249 2439 2339 1482 4791 1153 136 4892 4024 1373 1796 2024 2532 1364 3857 3944 681 290 2286 4900 2251 3799 2836 493 2357 3947 1055 4222 3495 2239 775 3196 3174 3248 1771 550 4660 3943 616 912 4179 3675 2901 1507 4929 538 2575 767 532 4726 316 4538 3161 2566 4894 3882 2577 1387 4052 3008 2474 2522 3684 2186 1391 300 1465 1712 3886 2156 4284 1264 1097 4279 2895 3094 1516 4902 4733 3983 1843 73 4479 868 1815 2125 131 4193 1910 4465 4320 167 4055 1583 4571 4158 3144 2325 1604 3787 4319 1448 665 3355 1644 4479 1451 4995 713 3588 4187 1003 1039 3034 4535 33 4608 1458 259 743 83 4023 1769 3516 3325 3390 2093 3750 3013 887 4024 2254 3010 4635 1549 4860 4671 2222 3741 2615 2782 2151 3827 3557 1130 2902 373 4310 518 2538 2966 3029 4695 4702 2530 2569 1050 2144 2297
4250 3148 4907 4490 682 2874 2484 4563 3496 1758 2596 21 1480 1068 680 3528 4274 4849 680 4096 2911 1088 2972 2595 3459 4457 4458 2095 3027 4692 3354 1319 234 4567 1654 1641 3571 2564 3529 844 750 749 3792 2137 4040 3900 1688 715 1224 4744 3679 2816 4990 3162 1937 4782 3133 2714 695 1360 2667 2501 3063 1939 3514 3549 1589 2090 3223 1191 636 2612 2258 2628 4081 699 1223 3400 1761 110 1532 4462 4560 767 1002 3188 1273 4185 2308 3208 182 3527 1440 3157 731 4519 3884 3105 4913 975 1406 2997 4183 2483 4275 1020 2385 2512 84 1362 2539 2308 2889 342 95 4229 2842 1566 4360 3777 4525 3394 3807 4887 665 3502 3021 3662 2504 916 1396 2643 1296 996 3492 1931 3172 1653 2282 1201 2020 2891 4819 1189 1335 2782 4920 1865 2674 1739 3742 1416 2751 2154 4067 4465 3245 1640 3731 4035 4793 3727 1592 2177 169 4828 831 3617 1106 4951 3363 2397 4274 4937 3073 2432 3124 3330 2937 2333 3213 439 1363 1435 3496 1858 4643 3064 4269 2705 1693 2412 2391 4775 4674 2907 1692 4371 1310 1717
2548 1852 321 1686 1109 872 3399 3496 4890 4375 1493 3435 2185 2028 1464 1159 2155 2288 1653 713 1467 2361 155 4608 4215 2264 4736 440 2818 4314 1456 1120 4028 4817 162 3155 2732 4738 427 160 2782 1646 3565 3289 3813 3739 4991 1892 4617 744 1894 3688 2584 4564 2797 3297 4730 4657 2531 2994 1509 1605 1478 3559 1294 4936 3505 3954 982 3736 4750 661 361 4231 2472 1913 1512 1148 3589 2277 3287 1019 4336 3463 4005 3676 3016 2551 271 2165 1054 904 2816 1101 2462 4922 2618 4262 1314 1232 774 4322 3177 161 4826 4518 1351 1528 2898 1359 2894 3566 564 4875 3084 705 4745 4357 3426 3691 901 2605 4982 4028 1988 4107 2889 1867 1612 4026 2901 1767 2145 1501 3628 3441 51 4019 4321 3782 2352 1540 445 2063 690 140 1164 1625 2368 1901 407 3577 1357 1417 1137 3974 353 3626 2265 885 785 3387 230 4596 139 391 4265 2952 4821 1864 4775 4570 1940 769 4254 795 1603 2427 3240 1423 4258 360 3771 3849 3844 1539 4035 1049 1770 3727 1132 1636 2602 1981 929 752 3141 66 3714 3841
172 4371 3543 948 2945 3743 2400 1758 4375 4325 67 3798 3252 4149 1182 465 913 4828 4545 2765 2548 4698 3453 975 4838 2755 4429 865 1111 3280 1195 1381 4198 1383 274 3972 2350 980 1434 614 2385 995 2694 3621 4682 4925 2386 1304 1817 3811 37 4158 1228 3761 4777 4604 2610 4422 3085 1842 2186 2578 196 1794 25 3909 522 4052 2435 834 1789 3835 1284 4354 1313 2467 1058 617 1372 905 1555 845 3863 2883 3489 4845 2377 387 2694 3049 3507 566 136 1963 1062 3378 3727 1074 4071 2136 1281 3674 4918 4345 4323 2751 82 1769 2886 857 3224 2443 1460 1199 2642 3596 397 1196 3728 4568 1494 55 4666 2832 4072 392 1876 2236 3679 609 3933 3112 177 3329 1961 3388 2354 3704 960 3468 4830 2251 2251 3432 2283 273 4459 2958 910 3436 4274 2727 3743 3498 1763 4666 2907 599 2126 4307 1423 3194 1023 101 4709 863 3470 2670 2616 3176 338 4386 3012 1751 471 24 3778 1371 1565 942 3788 4834 1127 1037 2865 3824 4276 3510 2288 2970 1847 2964 3851 4132 4310 3993 3948 4267 4214 4461
4155 2799 2910 4062 774 1418 2565 2596 1493 67 100 4279 4991 3416 3657 1320 2358 2954 356 4570 2810 2004 4510 2979 4035 576 83 1843 387 2227 2109 1707 1344 2095 4341 2187 4542 575 3365 2885 2135 1029 2461 1867 13 2093 3571 3486 3635 1164 3738 2724 3711 4960 1771 85 2305 1240 4156 175 2497 4434 3168 2010 4030 4511 38 2122 4934 4307 62 3200 1953 3048 1976 1044 2984 2452 2884 3379 227 673 3958 2348 4312 2414 2144 3417 2417 4048 3489 1104 711 2602 4439 3038 3880 327 4771 2938 1406 2318 2096 1000 4721 3030 2757 2154 4309 3008 543 1956 3812 4641 3823 3379 577 158 4899 1820 4223 2735 1298 2338 2206 2941 1431 877 3864 2492 4862 422 4281 512 3701 2529 3743 4554 183 3977 824 1769 4075 4632 3388 1092 4690 4091 3021 3415 1662 2471 3655 4960 1072 2564 1485 752 2886 3667 2624 4030 64 640 3565 1012 3090 1412 1279 3341 2350 2467 3389 636 4049 4337 3423 4173 3893 2963 4311 1591 1734 886 2507 840 3984 2699 1940 2894 2612 4762 1213 3716 2099 68 1967 418 2225 4965
437 3241 531 4110 4464 3775 4248 21 3435 3798 4279 12 1791 4265 4182 3250 1161 528 4103 4745 4638 2316 1175 233 4573 1151 3365 3510 2193 2770 2493 3709 1535 2893 943 749 1454 1119 2601 520 4833 1425 3261 3221 2838 2687 4349 4358 4372 312 541 157 2267 2159 2006 1363 2544 2758 2835 321 897 2789 678 4751 1356 237 1872 253 3942 3685 2059 1870 1108 4765 2343 1351 4599 412 2772 91 4209 3963 2273 1266 4408 2775 2979 1775 4950 13 10 4312 1299 1440 969 991 3030 4873 4917 1002 3701 3705 2933 2581 3065 389 222 1157 202 2713 3136 2176 234 4170 2449 3621 2373 2733 1840 4304 833 3890 729 1162 1158 4459 212 4412 160 245 2789 4609 2070 3001 4228 2456 3228 1449 4912 3035 1901 2852 4014 4366 4211 709 2070 137 173 1770 4321 2540 3310 1132 4529 2816 4574 2928 3573 4036 4608 4231 1424 668 4518 728 1343 2524 4494 2128 4776 695 4454 1356 1897 153 2118 2686 2698 2171 326 1149 3231 487 1710 1190 2479 4712 2552 2239 4121 2012 4784 847 1934 2460 2970 1670 1251 1919
1618 1370 2308 3203 2215 31 4981 1480 2185 3252 4991 1791 2820 3582 3416 4856 2775 3601 4351 1737 922 1924 4166 1499 4892 1275 1768 4678 2679 4850 3264 554 4652 850 3010 2008 862 3770 4687 3315 1710 582 527 3405 491 58 78 1362 648 4664 1884 2316 470 4491 1073 4699 2845 4152 3182 1912 1638 3330 1386 4099 872 2307 396 4550 3769 4550 2185 2641 919 1257 1413 3731 1398 2132 1401 2310 217 2884 2641 4308 4197 165 3596 3876 4590 4621 1085 4087 3820 4777 4115 2817 1754 264 3519 2260 4361 1012 526 3391 3843 2704 4503 2334 1004 4368 3771 4316 1733 352 2302 198 791 1825 4503 3748 1902 3136 2406 4981 454 4991 1429 2187 1559 1658 1194 2788 4902 1940 3923 1534 4330 4475 4848 1147 1953 3850 3607 2088 4135 2609 4353 129 102 2297 1398 2956 1304 1951 2980 2845 3338 3793 3760 353 1070 3157 2155 3054 4253 3914 255 582 468 1761 369 1193 571 2768 341 584 4848 476 1891 4481 1960 4169 895 1399 4505 4273 3781 3470 3208 158 3085 1479 706 374 2569 83 2011 2418 598 4542
4939 2647 3193 3087 1758 4296 3947 1068 2028 4149 3416 4265 3582 553 4027 2766 4117 4677 1066 3413 2465 310 4450 851 3771 3943 2634 3660 279 1101 1746 3696 4176 1362 2384 2220 2843 360 115 1101 1872 1242 2378 3988 4627 816 1860 934 3866 2088 3112 1156 87 1242 3364 3076 388 503 2617 74 4160 4831 4764 1317 4476 2695 2433 964 3272 1309 1633 4258 2199 2038 1097 1388 3395 4942 1653 4483 4410 421 416 4037 985 2141 4473 518 1777 1514 1594 861 4449 188 1765 4087 2334 2688 2319 498 2552 3293 2049 3200 2297 2626 38 724 244 270 2651 4950 4008 2131 2619 221 3866 613 4357 813 3892 1582 3700 1672 4569 4014 630 2557 2846 1967 4791 2037 1244 2261 490 44 724 1487 2367 2009 3448 1880 3372 4693 3142 3558 3307 2355 4748 4051 2227 4987 1273 2859 552 4220 2104 2014 3972 4595 4518 985 1371 4410 1077 2716 3301 2960 4266 4602 359 117 447 2217 1415 1543 1578 3740 942 2221 113 1229 4817 4769 3897 2198 2344 2260 2348 4805 3858 1479 3053 1436 3636 2751 3265 4270 3039 1395
3496 877 1810 695 1474 4083 1827 680 1464 1182 3657 4182 3416 4027 4945 4396 2445 4858 3854 4633 3214 669 1459 2862 4284 751 2670 3325 4690 1993 3003 3573 100 645 469 2581 3978 1197 1015 991 4683 4153 1544 2488 2833 3854 2073 639 23 4483 3469 622 2116 1452 73 4892 4515 3864 1886 2484 4512 4084 2250 923 1750 3133 2189 1710 2288 4478 996 3191 3154 2969 276 2532 888 36 4348 676 2975 4080 4478 1671 3768 1801 4779 1174 1106 2695 668 1665 1356 848 2180 2931 95 292 2884 2080 2369 380 994 2318 3619 1309 1534 77 2617 2207 2965 1781 2053 2925 3340 1219 3720 2910 3115 4541 1154 1082 2636 4327 2383 2558 4706 4905 1972 795 870 826 2037 2928 2276 2717 852 3691 2512 4179 88 4344 2695 375 4665 809 4885 1112 2250 3870 3742 4217 169 3263 3296 4494 359 4288 296 1533 2621 3426 2961 1492 1529 764 2867 1030 215 915 46 990 3019 2539 428 2418 4002 3275 4202 4627 2442 2705 52 880 4746 1949 4026 3853 2059 766 1133 925 2758 3025 2513 955 3130 437 4804 227
773 4434 836 2408 2737 1854 3707 3528 1159 465 1320 3250 4856 2766 4396 3438 3380 3871 3990 4337 47 2124 524 1780 4838 724 4728 1187 3946 1590 4171 4655 3864 4385 3247 2161 2081 995 975 1950 3259 22 1519 873 3769 4395 1104 4675 1282 1961 3324 1849 422 4640 617 882 930 2489 4305 4107 1298 4055 1658 1946 578 4506 4899 3303 4113 3610 3720 679 4538 4209 2541 2515 3387 2315 42 3872 3632 4183 4372 2343 3465 1857 1212 1939 3280 2749 1205 1284 823 687 4342 3660 2011 3889 2206 4052 4072 2013 3572 4629 1038 4565 3701 1545 1309 1602 3210 2798 4991 1450 3683 4029 4740 2871 502 2485 875 3681 698 819 70 2573 779 3959 3771 4598 3318 3675 887 4504 2667 4845 3086 292 3600 4924 2887 4716 2888 3654 2997 3613 2721 3910 3417 2101 2034 4077 2538 331 4981 284 4615 1322 3971 3888 747 236 4547 1195 1378 4505 3778 4030 1798 2177 4364 2568 3951 4408 658 1365 4729 2030 542 1604 4380 3912 4389 1879 967 118 1705 1960 4853 4840 822 4259 3963 2705 2188 4178 2432 3067 3660 4445
745 1566 3194 123 4746 546 661 4274 2155 913 2358 1161 2775 4117 2445 3380 310 446 594 635 1123 669 3167 4081 3210 3853 2041 3130 181 3469 2354 1886 2835 4463 2241 3084 2476 3306 436 541 169 617 1829 1100 2401 4227 835 3249 1006 1645 3624 4852 519 4467 3727 2876 2906 3989 2347 1145 2728 3125 375 2128 1621 3164 81 688 3962 3773 465 3762 1772 2725 983 1611 133 4068 1033 4478 2782 3716 4793 3518 1225 1270 1053 1826 1215 4502 3511 3547 1757 2861 3781 3328 1829 2136 946 4536 2171 573 1479 2418 3654 4172 3286 1092 3400 4023 1219 4698 3509 1683 637 373 3781 3586 491 2070 2030 255 2929 263 3755 2351 1831 1245 3572 4422 254 4254 4416 4594 634 4198 416 1886 1061 1195 2983 1961 1431 1222 2980 1187 1358 2959 920 2213 681 1392 805 3640 4911 1229 3193 1103 4090 1098 4789 2179 4840 624 3329 3519 2322 661 2703 1366 3437 1625 3573 2935 4356 3678 4014 3858 4092 4283 2845 1554 56 3216 4849 2325 4889 2449 3227 1624 1002 2196 2607 4005 2282 2680 1525 873 2363 3340
2670 1202 2207 633 2877 3796 1333 4849 2288 4828 2954 528 3601 4677 4858 3871 446 1904 63 3331 4862 4189 1041 1857 2140 4959 917 297 972 1407 4537 2994 1247 2414 525 4715 1470 3718 3310 3518 1264 2297 4065 4218 298 1234 2453 325 3027 2866 272 4084 1415 3375 3399 3363 2572 576 2738 1659 3481 2253 715 4125 4709 520 746 2848 4135 50 3183 3336 4811 2607 2030 4051 185 2325 2953 556 1487 1611 3572 728 1090 484 1146 1828 3016 4385 1829 984 365 1462 4635 3984 3767 1638 4822 4228 535 1657 3570 2236 3419 919 4027 429 2123 67 4103 3374 1611 3016 3005 2075 4479 2793 2946 1718 2076 527 4360 3581 3760 1177 4189 3489 2838 765 4360 4881 399 4875 869 4266 938 1190 4997 1751 2404 1249 923 234 1541 230 2898 164 3187 2310 3840 4991 4232 887 3823 2144 2060 1673 3779 4354 675 3084 662 1061 3694 4195 1826 1024 545 4780 48 2929 2058 4468 118 4445 4324 4202 4350 2970 979 3525 2279 4541 1962 2930 3506 1231 2612 4015 3677 682 3360 3712 1608 3526 3852 1959 1603 1598
714 2356 684 1485 2649 3335 3800 680 1653 4545 356 4103 4351 1066 3854 3990 594 63 2093 4898 223 2416 3276 2161 3728 4792 2592 2342 1542 624 3607 3856 4765 512 805 2849 359 4824 369 3137 2253 4491 3684 564 4067 355 3980 4823 1293 651 488 161 3909 4443 4107 637 2581 746 3978 415 2445 1722 2678 3558 129 260 2149 4598 1323 739 3003 4220 54 4798 745 4247 4484 933 4518 251 1719 580 2288 2539 4716 2973 4243 1911 1482 3390 1881 389 484 3996 1075 3694 2307 2975 3866 79 1145 2512 4523 825 3620 233 2390 4611 1990 262 2116 4885 2029 4929 3691 4476 4076 1231 2124 3960 792 1306 3649 3833 428 1213 1228 3771 4621 1418 3371 1958 4203 2698 3194 2567 1347 2683 4471 1653 1439 481 3652 4545 4262 626 3738 1029 3616 2471 2963 3957 4011 3471 1015 2115 1472 833 2307 4492 1921 1141 1963 3183 4743 2394 4065 727 610 506 116 3422 2842 67 3265 4825 3372 3713 4927 2742 3881 2252 2249 4125 3730 4092 2702 3496 440 1204 3380 2978 1757 3865 1416 1308 4870 1872 3457 4398
2168 82 2683 4572 48 2388 762 4096 713 2765 4570 4745 1737 3413 4633 4337 635 3331 4898 1297 4390 2374 3309 186 3338 3334 4411 1467 3725 4517 4352 1980 4268 4687 726 1696 489 1371 1920 1156 3675 3694 3925 4964 1505 4822 3820 4323 1757 4786 819 3001 1550 3800 2879 1308 3065 4733 3812 3340 2956 4485 3271 3847 4593 804 2750 4778 1980 3518 4545 2790 2591 1801 3552 523 4162 4534 2386 4462 3089 3554 949 1776 2212 3132 4682 1493 3444 2788 3810 1240 1243 2013 2283 4941 2907 4033 4923 3812 2648 1916 3486 252 641 4915 1934 1776 3574 2578 744 3888 2141 2705 2654 2910 1022 477 4630 959 3940 2454 1783 2438 2231 1732 120 3691 3086 1054 1861 1410 4155 4728 4903 4859 3454 3560 4259 3496 166 3755 340 2342 2223 3501 4561 2407 953 4217 308 2074 41 2844 1225 4234 4710 1281 2124 4786 598 2473 3081 3389 4151 4017 1903 2022 1755 491 515 3065 3779 2041 1769 4112 2386 3223 4789 1273 3528 475 2687 2867 3895 4608 4244 4564 2460 2248 548 4082 4589 1152 4533 4707 1975 2235 925 47
4580 4725 4144 3108 116 1402 1621 2911 1467 2548 2810 4638 922 2465 3214 47 1123 4862 223 4390 4689 567 810 2798 2123 4564 1726 4569 4080 3500 2185 446 4008 4588 3889 2896 3515 3759 286 914 4104 3536 3470 2769 1408 2714 4261 400 33 2952 4085 3896 4383 3054 4195 2733 700 4712 900 887 2772 2166 2475 4375 4521 3649 1508 3259 4292 2087 4357 4188 2557 348 4395 1323 3504 4482 1124 4671 3689 970 427 2640 2058 3111 3412 1696 1413 2263 225 2666 3549 4429 3291 1516 4179 1709 518 4371 4673 2980 3752 4301 1990 2441 2687 1057 3838 3660 114 1748 511 1940 4661 4986 453 1947 27 4152 2400 3664 4562 4614 2465 2640 2507 2915 708 2450 887 2702 1918 457 561 3681 1122 1068 4463 177 1009 3079 3251 3219 3321 2826 636 4483 3495 543 1265 2938 4796 4862 900 951 3821 3009 4873 2382 4430 58 2595 2894 2930 2434 3083 1518 216 2938 2085 894 620 4585 442 660 232 337 401 4681 4844 4001 4511 2693 568 2812 1341 1311 3670 2015 194 378 754 3072 4527 759 2729 2653 2968 1748
302 1283 121 646 4756 3075 1711 1088 2361 4698 2004 2316 1924 310 669 2124 669 4189 2416 2374 567 1350 2935 1560 1271 4882 296 3002 1142 3551 484 4036 1626 878 3327 3265 3252 2668 3323 2025 2374 166 2849 938 393 1526 794 3568 1085 2608 2151 680 2627 4479 1947 3263 1647 160 4483 1572 3595 697 980 3732 4082 1969 3771 1515 937 4419 1086 2911 1644 2289 3095 1901 1625 2478 1888 182 1731 2520 322 1818 4177 2374 3173 1898 2758 3988 3928 2916 1594 337 1607 1265 4487 753 725 565 1749 3099 3651 2855 2392 3106 1293 1665 1341 3795 3494 1096 3862 3892 2905 2382 2991 2282 3156 2199 4240 2509 529 3109 276 245 3059 3779 4283 2074 1942 272 4734 3123 4960 791 2169 4862 2216 401 3819 2632 3792 1532 499 2310 4920 4513 278 868 3972 2957 1529 3824 3459 3298 3948 1226 1751 395 1637 4877 545 3268 4602 4972 3064 4006 1646 3399 4738 3924 4665 4873 2887 4098 165 268 3630 3240 971 3974 3248 1355 3400 3031 563 2741 4238 4939 244 1592 4749 2228 2051 4395 2361 1458 252 4969
3598 3695 2028 3867 1180 2172 2306 2972 155 3453 4510 1175 4166 4450 1459 524 3167 1041 3276 3309 810 2935 2767 2926 3652 497 4774 4322 2562 3476 4816 4638 512 4061 1246 3946 4340 720 167 1233 2887 3267 1368 2806 141 3883 685 2207 2509 1144 3735 3029 1862 656 3905 2973 505 1339 3590 929 1378 2535 704 203 4016 578 4940 4066 3754 3532 3384 1317 1704 3856 4936 2653 651 3863 453 4679 4760 3817 4052 238 789 298 3998 3569 1486 508 171 2664 308 2372 4539 1547 24 365 4626 1491 2646 4675 3906 3386 3316 3547 3977 605 3453 654 203 3577 2681 433 3203 3597 3809 2406 1162 2610 3175 4302 4276 60 4797 927 3425 1932 2464 661 3009 4496 1806 3206 285 909 3643 2294 4144 1088 1144 846 3806 3874 4311 3851 742 3696 3075 3325 1265 3906 2302 2784 2427 1914 3144 432 1876 2053 1283 2518 4237 2228 66 977 4270 62 2141 2577 958 1644 3467 112 999 4031 162 4174 3327 4953 929 478 1725 3758 2104 3284 4719 4886 1878 4690 3262 2643 1432 684 1309 1097 2191 3357 4529 4076
3326 4045 1433 1115 4993 2937 3364 2595 4608 975 2979 233 1499 851 2862 1780 4081 1857 2161 186 2798 1560 2926 2694 4775 4944 2425 1618 3320 2870 1975 1137 2209 1745 2751 3239 1774 973 2912 4864 2001 341 2260 1660 1817 2417 2073 3654 2697 1989 2736 2722 4188 4458 560 2602 1311 4513 2221 4903 2432 4341 2345 4496 3980 1565 1250 3419 189 49 3365 2903 4668 3261 3454 1736 4783 977 2058 3560 4708 511 4175 1109 2989 4880 4693 997 4247 1763 3314 355 2680 171 4031 3620 1669 1279 2562 1616 2020 4645 103 2425 293 323 1572 4139 2506 2577 4666 4139 4372 4187 3069 1957 1529 488 477 3669 254 109 738 692 2484 343 1292 210 1539 1927 2372 3763 1998 1221 1454 1582 331 4255 3911 154 4334 4498 1291 994 4606 3253 1383 2760 3011 4885 496 1201 1123 4754 4452 4131 3949 3733 3859 2325 4502 3068 2530 2620 2810 1549 1957 4120 1974 4913 4069 821 1313 2833 1009 1930 4354 3930 1412 2978 4010 2539 3059 1380 2831 4601 1912 279 4343 3554 101 4371 2327 3624 4717 632 3990 2490 42 1302
2247 4422 4462 1510 2010 1064 1464 3459 4215 4838 4035 4573 4892 3771 4284 4838 3210 2140 3728 3338 2123 1271 3652 4775 3831 3331 4056 4767 3045 1268 3530 4095 3819 4822 712 1749 2778 3546 1847 293 788 4798 4508 3137 2220 4454 3871 104 3139 2422 308 4695 2997 2590 1259 4491 3603 2083 3038 4114 4839 3285 697 2146 2276 4435 2150 1492 3532 3804 1690 2603 3080 4101 750 4326 879 1680 68 2195 2420 1337 3602 15 3092 406 2405 550 627 4041 3262 1762 1542 1326 83 4603 344 1886 1367 524 487 4711 4494 752 1518 3985 4771 2540 2323 4869 3181 2773 2193 1201 1704 1743 300 4976 4584 1912 455 1825 248 2103 2534 1944 3957 3473 4017 3659 937 1865 2121 2530 1718 2323 2265 2317 4405 1288 1643 454 4415 4864 3121 2285 2807 4773 588 487 1955 1634 4274 3856 604 705 284 504 64 4423 4856 833 2680 4742 980 2521 1773 479 949 926 123 3625 2937 2908 334 2083 1490 4946 1098 2308 2316 3062 3155 3844 2189 3927 924 2791 4093 2226 1232 2773 1964 1847 2012 1125 1201 1741 861 3566
3703 4321 3172 1086 2470 123 3294 4457 2264 2755 576 1151 1275 3943 751 724 3853 4959 4792 3334 4564 4882 497 4944 3331 2433 2926 3125 3392 1023 3971 380 1989 4310 4150 202 3850 4813 2886 1817 4587 1608 2958 1844 989 4170 1769 2771 722 3443 2434 1690 2472 3425 2551 1015 1073 3094 3507 344 1138 1816 2780 4121 618 2214 90 3615 1657 359 1762 4486 3825 3068 1212 3073 4561 2702 3400 2476 2567 2557 683 773 380 386 1934 4594 4710 2326 3439 2848 4067 3015 1354 4851 3115 1813 2761 1251 2284 1797 974 978 4362 3940 3160 1485 3010 533 2325 3000 4303 4000 4752 1464 1795 3543 2369 3432 559 3111 1474 155 310 2512 3558 2063 3334 4779 4824 395 3036 2017 304 139 2353 515 683 3803 992 4894 2129 4664 2898 3605 1208 3052 2919 1353 932 1709 2971 4808 1170 708 2902 3230 251 1969 2633 3747 2641 1427 2253 2247 229 2174 3735 4173 3156 1707 3144 4326 898 2611 1525 3892 3834 2342 1848 153 4275 2667 847 4357 4954 4542 533 2094 727 1804 2873 590 2765 1361 4136 2543 1436 2937
578 2167 4912 4097 4184 847 2429 4458 4736 4429 83 3365 1768 2634 2670 4728 2041 917 2592 4411 1726 296 4774 2425 4056 2926 2367 3261 4548 1612 2610 805 2651 1781 3756 682 4365 2735 1225 1844 248 518 617 1974 2494 2366 284 3932 3776 4795 2682 3613 1842 3423 521 4721 2260 3987 1828 409 3475 1922 2860 2012 232 4910 1351 441 4759 2392 521 548 4400 1655 2351 203 4188 260 315 4266 3510 43 3072 1578 1804 3808 3839 3632 2244 1547 3332 2287 3365 853 2734 2837 1473 4912 3125 819 4861 4268 1582 98 1432 3573 3879 4107 671 604 3390 2736 28 3758 909 4161 4473 3015 2141 2527 1387 4580 1347 3993 4545 1740 641 886 4606 2349 394 1726 2858 721 2638 4885 4223 195 496 3650 4809 4794 1151 1892 1783 1118 291 1059 2630 3148 1132 3683 4129 39 2514 3067 1720 4222 4377 4630 3362 4756 2226 1084 568 352 4410 805 2197 3755 4636 3292 2128 454 3399 2646 344 703 3501 1649 1941 683 2138 3548 1724 3128 780 1023 1968 4617 1557 2708 4490 4476 1643 4893 353 1596 4065 2902
1879 991 3353 295 4474 2509 3141 2095 440 865 1843 3510 4678 3660 3325 1187 3130 297 2342 1467 4569 3002 4322 1618 4767 3125 3261 4236 3095 4801 2555 158 3565 1656 803 4658 453 1343 4774 3939 4306 4551 4820 2863 3759 3921 4127 3577 456 2585 3007 4266 1106 4359 3999 2154 777 215 2220 2025 3459 770 4737 760 4252 745 789 4261 3009 4610 3106 174 2714 808 4920 1576 637 203 4203 2371 518 1323 2538 849 3493 1753 1043 2398 4867 3722 411 1367 3019 3832 1170 3168 2776 625 4244 2565 2598 1171 2222 4068 1595 4446 1570 2966 4855 1455 737 578 843 4076 1767 4187 48 4624 598 1410 4833 4287 110 2996 1582 2989 2062 2889 4492 2451 3900 4609 2140 2713 1842 4122 4181 3762 2453 3568 1804 732 4302 3769 2133 2534 124 194 2554 4431 1134 2008 4186 4920 3480 663 2743 3653 2828 3372 1974 2164 3952 3047 2844 1971 300 3761 402 2761 981 774 3394 4481 1591 3330 107 320 4679 1138 1520 1045 576 1151 83 33 3421 2327 1043 2175 2075 3541 2670 3429 2967 4497 3815 1364 1388 1894
1434 3643 2028 1494 1915 2720 954 3027 2818 1111 387 2193 2679 279 4690 3946 181 972 1542 3725 4080 1142 2562 3320 3045 3392 4548 3095 4527 2592 161 625 2601 1895 4082 1458 1826 2562 1937 2604 3937 1746 4509 675 3006 3063 4879 2022 4776 1486 4464 85 536 2744 3230 3037 2334 160 3866 1849 3111 3383 157 1784 836 1168 4573 4182 2645 52 38 4071 544 4456 777 3758 828 1730 2161 3410 1131 4080 568 227 1393 804 1553 1624 668 3957 3333 2936 4047 3180 4202 623 1382 4814 808 4896 305 2580 2366 3344 391 4540 3020 3492 390 811 3391 1643 3352 3617 917 3260 115 2074 1580 1264 1902 1180 3781 3722 3283 2359 2291 3660 3258 4531 542 586 3272 4924 1756 2728 3147 1380 4674 4801 1225 687 3114 963 1255 208 2377 2247 3763 993 4520 3604 2416 362 2914 1436 1142 706 1746 2947 4125 3227 1833 2241 1055 2671 1430 3870 4323 1370 701 4547 2270 32 4229 774 2135 143 4259 4191 1628 147 3805 4652 1715 2207 4299 4138 723 3824 3434 4190 1494 2553 1593 395 1812 1320 1989 4362
1899 2001 3435 3056 3383 3559 4153 4692 4314 3280 2227 2770 4850 1101 1993 1590 3469 1407 624 4517 3500 3551 3476 2870 1268 1023 1612 4801 2592 2370 4942 3719 3682 2880 2816 4221 2668 3146 81 4316 1529 2217 324 3103 2608 4208 4664 850 4846 4273 1524 1673 4130 3914 3850 4708 2198 3981 4419 4194 1965 1203 2209 3466 3520 2166 3014 2051 3008 109 4793 3655 580 190 1363 4958 3891 4157 3088 396 4139 998 3603 2838 640 2309 4440 959 2864 2787 4834 2100 2549 2655 3824 330 2854 1506 2350 4803 1680 3955 3262 2630 34 2147 4113 1929 3238 2202 4613 1447 1160 1102 4052 1521 2379 3033 3781 85 4091 3232 3587 1925 2329 1127 3739 3199 3353 954 1725 927 3302 2187 4348 386 2499 868 4813 2267 462 4601 4204 4735 999 3087 4364 3416 4196 3999 4136 1753 810 4253 1064 4621 3357 1684 4265 1354 2198 455 1567 1637 4298 3106 903 397 3016 4036 688 4860 2765 4653 530 2921 2122 4666 2115 3503 4400 1931 2685 323 2583 3009 1310 524 4565 246 3050 3724 2511 1068 1730 102 445 1559 3672 4425
4288 4732 1293 3552 1378 3545 1879 3354 1456 1195 2109 2493 3264 1746 3003 4171 2354 4537 3607 4352 2185 484 4816 1975 3530 3971 2610 2555 161 4942 1442 2477 4170 3355 1944 4340 487 308 3663 4770 2223 3932 2202 2179 3775 2642 3007 1418 1712 4338 4957 1330 4851 1393 986 245 4025 4953 4637 3059 2570 976 1322 2580 1534 3080 3859 337 2355 3346 3897 4187 3990 962 3883 3655 3419 155 728 3994 4705 3877 3782 3231 2562 3492 3285 60 96 3234 1838 728 4207 1969 2796 2739 3090 2388 4957 695 4469 1026 4053 640 4865 2119 3247 1942 4768 1859 458 4183 144 4737 2725 2329 2873 1544 2043 663 1418 2449 1387 4803 3515 1839 3308 3832 1460 3727 2112 1970 2549 3413 45 1216 2350 2115 1066 3958 632 1370 4600 3979 2027 4603 394 4152 2373 1633 2071 332 4340 3140 3942 2219 208 3842 3441 1097 473 593 1057 1505 2112 2479 2176 4994 2871 2944 3271 2071 3766 1821 2971 810 2095 1649 4210 1563 1854 2942 4416 631 2141 4839 679 2957 2064 632 3271 2325 4499 1756 4241 4899 763 4150 39 4692
170 142 1086 3814 2103 3460 577 1319 1120 1381 1707 3709 554 3696 3573 4655 1886 2994 3856 1980 446 4036 4638 1137 4095 380 805 158 625 3719 2477 4020 3301 1425 1489 1214 1335 1816 2331 2185 2283 4486 1835 3592 3335 2198 4676 2835 2248 591 3174 427 4489 3007 3089 2061 4426 3679 3559 2896 3572 1055 3315 2503 3400 974 843 2905 1862 2708 2605 2966 4184 2782 4692 3476 3317 1709 1889 3630 74 2675 3064 4622 4026 2033 4349 3668 2277 1733 4617 1885 4489 3942 2390 837 1047 1027 1172 3279 251 1814 900 3551 2788 800 2137 2085 680 2157 1018 4827 372 4955 3559 619 1199 980 1800 3194 4793 3317 506 3848 2940 1925 4171 236 1958 4320 4316 2752 1041 2269 3613 3399 2232 3190 860 2892 3682 3543 1946 3584 517 437 2864 1611 3209 1048 1224 3544 1711 1827 1594 1822 784 104 3689 3173 3510 4427 96 3447 1824 1303 4483 2153 4007 1053 3244 1597 942 4122 3881 3989 4395 3336 2244 4823 673 3550 1252 3457 4589 625 4316 884 2243 1408 3126 1186 4619 1769 4045 3991 1707 2166 2330 4948
54 1246 3361 3916 3963 394 3051 234 4028 4198 1344 1535 4652 4176 100 3864 2835 1247 4765 4268 4008 1626 512 2209 3819 1989 2651 3565 2601 3682 4170 3301 1851 2406 1743 4135 785 4565 2328 4619 1078 664 819 699 1783 3999 3364 1108 3003 2856 1109 3788 1984 2217 305 1118 241 659 3604 1076 3219 3757 3184 1344 4775 1935 1604 3955 2588 4882 690 874 2288 4026 398 2908 877 1064 2567 4378 2815 3885 2829 3107 349 1250 1988 3684 3330 3615 3717 4425 1131 1600 1522 3327 3718 1255 2096 505 2582 1803 4285 4375 2088 4727 3743 581 1534 608 29 1721 1214 2457 468 4522 4863 4994 1913 4908 2999 4416 3984 525 2063 128 1389 4724 315 2920 837 3507 2799 661 818 1891 368 2288 2581 369 1989 854 80 2151 3343 1003 1433 1978 2698 3170 3386 1022 1840 2299 2945 3656 2432 221 3556 959 1458 339 4393 4023 3068 2685 4956 4654 2082 226 2074 2666 79 3075 4626 2150 2076 404 2596 4434 545 4735 2930 3592 3353 4767 1399 1069 4191 1326 2606 4424 1525 1900 4340 4402 3707 4588 4581 659
1565 3399 1537 388 3434 2574 2836 4567 4817 1383 2095 2893 850 1362 645 4385 4463 2414 512 4687 4588 878 4061 1745 4822 4310 1781 1656 1895 2880 3355 1425 2406 607 2627 818 4695 1769 2967 1218 1780 2924 2608 1413 547 2402 1127 3683 4515 4007 1477 2250 1945 326 311 833 2423 541 567 1864 2601 2488 530 3095 3820 1440 1560 2818 1587 695 1010 2242 4900 3162 3458 1545 3039 3975 2423 1082 3006 3932 3859 4639 301 3795 1037 1051 2573 645 1052 2032 3024 4338 505 1864 656 2258 1757 920 3334 2522 453 2472 4932 1784 1539 4775 4369 2232 3646 3023 4444 1053 4058 2719 1803 4772 1889 1483 4177 2394 1164 3538 1619 3714 3396 3326 878 2137 3849 306 2170 3813 2729 619 3029 3020 4107 3551 2758 1090 3264 4002 2375 4829 704 4311 3308 3674 1981 3116 2865 1048 3510 2137 1998 3595 2733 747 4922 4305 2242 4299 2369 958 927 1183 777 1011 4493 1390 2760 1886 4441 4814 890 1335 1932 2865 105 462 4386 1759 2967 4300 19 3286 2919 931 2562 4269 3940 4331 3561 4282 3370 277 2699 2127
475 3131 1591 3070 2034 4146 1923 1654 162 274 4341 943 3010 2384 469 3247 2241 525 805 726 3889 3327 1246 2751 712 4150 3756 803 4082 2816 1944 1489 1743 2627 2316 4305 58 2306 642 2388 4318 573 3015 180 3563 3441 484 3947 3064 4762 4055 2074 466 2528 4022 3946 153 2392 1074 4481 2975 522 2284 1090 2662 693 1499 1942 2125 1313 1899 147 1307 3421 4014 4732 1805 2145 2599 354 4681 1888 2138 2069 4098 2107 4918 1909 514 504 1419 1186 126 3310 4274 2950 4477 3852 4719 2061 3339 4203 3434 110 1155 2922 3696 3487 978 3710 1556 971 3501 2847 4443 2220 1347 3993 1408 1522 4601 1364 729 1593 1192 1443 4776 601 54 2715 139 4158 4494 700 3939 4662 2911 2384 1284 775 419 1739 2339 2472 1168 4802 2737 3949 1240 2601 776 3685 1857 4659 2868 1918 1813 1764 1210 840 74 584 2238 4869 2352 1136 4282 2576 4111 28 2098 479 513 462 566 2734 2142 4746 1692 1450 2408 1300 2510 757 3974 1710 4938 267 100 4024 3991 1545 3345 639 2571 1965 4032 749 4846 2362
3613 2929 3876 4315 4825 4811 4813 1641 3155 3972 2187 749 2008 2220 2581 2161 3084 4715 2849 1696 2896 3265 3946 3239 1749 202 682 4658 1458 4221 4340 1214 4135 818 4305 1816 1282 3709 3821 4593 4661 4503 1358 2708 3992 4044 1909 1151 2533 3492 3555 3973 2107 1963 1820 4638 2805 1769 2226 39 2446 3931 57 1808 1277 3266 861 4357 2219 1306 1147 741 2318 1620 4421 58 3930 1943 3068 67 1978 1778 1192 2608 489 2054 2584 3034 1779 2797 4557 1887 694 2887 3429 2045 2567 1192 3664 2986 538 3056 1727 4205 4704 4476 3106 1899 785 2237 4569 2962 1585 441 4734 2465 2543 564 4806 1596 2359 1791 354 2288 1453 3431 1917 1303 3903 4140 2870 3263 560 3104 1356 560 3910 761 812 1568 4638 1215 3001 1096 2118 4313 4188 1614 107 502 1027 3500 3744 2392 36 1852 1978 2092 2899 1781 38 47 4416 4978 3925 1801 3562 2851 2854 1841 4416 4714 524 4895 2200 4881 3818 329 3308 4413 908 4364 3733 3893 4969 987 3032 1602 4450 372 1361 647 4454 4784 4481 2989 1831 1677 3203 1677
4486 2973 4290 1645 2097 3413 4489 3571 2732 2350 4542 1454 862 2843 3978 2081 2476 1470 359 489 3515 3252 4340 1774 2778 3850 4365 453 1826 2668 487 1335 785 4695 58 1282 485 1737 4818 2542 3707 1083 2698 3054 4642 2116 3500 4095 2465 4088 4335 4094 4295 1128 1457 1368 4096 3715 1894 3627 4412 2313 2413 4903 1327 2696 993 4835 4901 2829 4968 4151 1081 4704 1578 3546 1691 3674 1558 110 1230 2258 4773 3955 42 4222 3965 3611 2200 4114 3429 265 403 4438 3714 2449 1485 4851 2355 2490 1799 3329 3953 1824 4320 894 148 1035 3642 197 1829 3331 2083 4316 674 4194 4796 4937 3964 1410 2291 4405 2536 1426 4866 455 4906 3430 582 4850 728 4215 345 535 3429 3088 4363 4858 3362 2265 3258 1371 4104 4402 3958 3589 2261 4227 1723 769 349 4101 2544 4695 2604 1769 570 1851 1464 2917 1372 852 4161 4132 1143 4695 2534 560 1644 3071 4007 2763 960 4116 4526 4910 2999 4793 1657 1787 988 920 2416 3913 3969 3061 2117 1040 2989 2400 710 2601 3804 3429 269 4886 4499 774 4504 3034
4397 4275 3768 1509 4761 3435 4475 2564 4738 980 575 1119 3770 360 1197 995 3306 3718 4824 1371 3759 2668 720 973 3546 4813 2735 1343 2562 3146 308 1816 4565 1769 2306 3709 1737 572 1713 4020 2535 3049 3648 4354 3212 3972 225 181 4115 2870 2732 3078 2335 1279 4294 1914 2673 1562 1087 301 2171 2283 3715 729 3530 1474 1240 1107 4866 1736 4234 2789 2005 302 4423 3573 4180 286 2648 770 4342 631 314 4584 4957 1031 1733 2067 2872 4234 3038 4686 4240 4868 4220 4345 2513 3580 4113 2849 4940 1590 100 1738 1048 1478 4211 3296 4609 3832 724 634 4453 2430 2956 477 4738 2246 3359 2138 3765 1319 671 415 2419 4976 4970 556 3156 406 534 3396 1951 4222 2715 4508 1956 1525 4895 2943 1172 2428 2787 3942 100 716 2178 487 3123 1639 4675 964 1555 1954 663 1386 988 1266 4018 1484 4290 816 3342 4652 2754 3753 3053 4402 1859 1622 2113 482 3552 2493 3074 4877 4299 918 24 2175 2171 4996 4330 210 4370 3336 3533 3220 714 1701 2642 4035 1542 763 3198 4011 152 4520 1080 2353
2542 600 530 3182 1430 2245 3452 3529 427 1434 3365 2601 4687 115 1015 975 436 3310 369 1920 286 3323 167 2912 1847 2886 1225 4774 1937 81 3663 2331 2328 2967 642 3821 4818 1713 3413 134 3656 4192 4635 3363 4107 727 4150 384 4374 3267 3082 3329 3982 1611 2573 4660 1128 382 797 2897 4330 4792 4823 1932 4346 3211 3030 1664 3321 255 3980 114 2617 4722 3869 515 697 1284 861 962 519 944 1933 631 1287 1223 28 2048 3638 3472 262 2637 361 3746 151 4198 681 3823 1465 4455 2556 1600 2278 1454 1517 4236 583 3001 759 3114 439 1498 2886 3145 1876 3128 161 4272 2867 113 4535 4521 2653 1815 1848 2094 598 3745 1886 1465 1969 656 3819 2420 3568 4625 2425 2251 1196 4121 4751 3327 3590 204 1304 2742 3145 4776 3611 4999 2346 2241 4287 3637 1780 1212 1323 1131 163 837 4140 92 2613 1060 1838 2447 4128 2220 1008 1980 2186 4992 1508 4400 3364 977 3278 582 2254 566 3663 1820 136 2841 2250 4157 4214 3348 4007 4375 2608 2184 638 1841 221 1531 63 2498 3955 4767
3573 991 1062 951 51 1848 3239 844 160 614 2885 520 3315 1101 991 1950 541 3518 3137 1156 914 2025 1233 4864 293 1817 1844 3939 2604 4316 4770 2185 4619 1218 2388 4593 2542 4020 134 671 3362 2913 1975 901 3364 4200 2305 3621 316 1094 4435 3920 3071 3226 660 4424 354 613 846 2680 3550 711 1415 4968 82 3582 1703 1374 4739 616 2446 2660 4207 2911 4967 1973 2481 567 473 28 3233 118 3973 1884 1131 2940 2077 2067 4549 4565 3243 3719 2429 2858 4930 1391 3135 3087 1485 2028 36 2080 3811 911 4378 807 163 4188 3713 2186 2351 371 2833 3473 4960 1552 1657 3119 3800 929 2278 2363 2182 4864 1134 3561 3591 4956 4559 2950 3193 2489 2764 3492 2587 25 2050 2676 4200 4810 3620 1196 881 1219 1213 2621 2357 950 314 1391 3663 766 3091 3414 3865 4888 4136 2831 689 2041 3001 1284 3516 1915 1906 3889 3165 1690 2546 4189 1243 3792 822 487 119 1385 2478 817 2098 1322 4049 1345 2115 4047 2042 724 3879 616 4316 226 1280 839 4402 1535 2692 3400 2851 2993 3987 3728
