N: 200
M: 20
Symmetric: true
Triangle: false
15 147 5 193 141 184 136 61 80 189 86 34 181 85 75 134
8 15 26 166 110 33 40 149 46
9 112 195 71 6 84 17 167 157 76
10 70 200 172 175 23 106 42 155 93 88
9 171 10 128 165 4 64 74 126 168
5 199 109 9 37 118
13 158 30 41 121 90 77 107 145 179 81 62 12 99
14 173 114 144 164 131 67 176 122 59 78 178 148 73 44
8 153 96 103 111 135 89 19 162
10 35 49 120 53 163 101 146 82 143 116
9 100 3 108 69 142 92 21 36 43
6 197 115 45 137 94 79
12 29 11 48 55 125 191 123 65 156 32 68 14
9 50 47 198 54 105 113 83 139 8
9 170 60 20 57 51 169 140 132 180
8 186 127 13 16 56 28 98 192
11 95 87 185 18 124 27 154 104 133 161 187
11 24 119 190 102 174 52 63 160 1 159 182
10 150 58 97 177 194 188 183 151 196 129
14 72 2 66 39 91 152 25 38 138 7 31 22 130 117
4847 1609 4879 3234 639 4764 4099 3483 2730 3834 3254 3533 3871 4862 236 1315 28 3651 2672 4929 1453 4933 3803 922 243 2568 3631 1880 421 432 2856 2826 4154 1111 720 2715 2468 661 2258 4433 4482 4316 2765 2126 1026 293 1793 3499 2324 4455 2104 1346 491 1435 2085 3683 4439 563 950 4516 2367 499 4148 2919 3998 4488 4437 1508 1296 2793 3701 2190 100 863 2489 4104 50 1712 3022 3295 1425 1588 925 1598 4365 4275 3572 1528 3967 197 3781 4975 1832 1586 764 2276 1574 1744 1440 2969 3203 4788 3349 552 3756 1138 3132 4712 634 4385 2681 3553 878 3241 3801 1529 3337 1876 1669 3935 3946 177 4807 1985 1193 2294 1426 2460 3994 3036 83 1466 2555 2475 2992 661 2987 4960 868 3150 3686 3374 4767 3877 1859 2891 1137 2601 3716 3277 292 3040 2064 1548 2711 1496 1772 3603 2094 1993 2570 3015 1779 3227 4228 2769 2138 3657 2281 247 4343 3510 2204 1821 4945 4354 3891 1083 2600 1150 4438 1012 1252 3060 3755 2783 3848 4141 4861 3745 3435 2714 361 1867 4184 2346 1859 4286 4631 4388
1609 1395 1605 3862 3995 243 461 2011 4972 2332 2595 3769 1080 4393 559 318 1866 4599 1570 2604 1020 4523 4091 3889 341 2499 4803 2707 673 573 471 3862 1228 769 131 3040 792 4755 1963 2157 1532 1933 1694 2346 3917 863 1393 3145 1479 2412 4905 4213 3280 4226 4803 3403 514 3577 2575 4660 3270 2854 1712 3159 3424 1459 2211 3077 1786 811 1534 719 912 3449 1826 2059 1641 4206 486 2172 2207 810 2119 3278 4239 66 3662 4094 4782 4180 2830 4790 4835 4625 3104 1904 2328 4820 2820 364 2863 1745 4951 4294 2747 1685 1615 237 4404 4027 2549 4647 3495 2831 4481 1177 4549 4678 1327 3408 3891 2219 2534 2959 4617 3852 1254 4648 2608 2184 3185 346 2523 2412 842 49 2887 668 3015 4536 2677 699 3251 340 4456 219 2581 1279 2895 4297 4901 1744 601 677 1298 4944 444 1646 3137 737 3300 4002 718 4735 3958 4403 4892 3876 3397 4207 3477 2135 1483 2863 1555 4785 3176 4907 229 4821 2357 2540 1687 4680 795 128 3488 738 2177 945 4426 2623 186 3238 2551 948 1522 1052 3274 4701
4879 1605 3350 53 1544 1619 3245 1056 4636 4228 4239 4652 87 3810 2405 1438 3815 591 1657 3699 1825 2836 4118 4961 4160 4856 2831 710 688 3967 4108 2673 1607 3274 1338 2919 3830 4492 3830 1437 4759 2937 2845 1467 1213 3253 4993 2487 518 2717 3373 981 2069 624 3872 487 2076 2620 3640 4898 3346 1074 403 2870 1073 4654 3749 3782 2968 4982 4939 1331 3773 4231 4352 2918 2235 2048 2058 946 4115 4195 2835 3250 1129 1893 4311 2098 4677 1916 183 2715 3582 694 526 4554 1333 4930 2374 367 2426 422 4306 967 427 2555 3045 3057 1997 565 2259 2488 3139 2667 3478 2290 488 3159 403 3839 1811 787 430 2258 272 4706 4458 71 2763 2535 656 4423 2164 3149 4747 586 3045 4401 466 3104 405 1918 2105 1156 4561 4683 4745 3224 828 4460 4919 3772 147 1083 502 1281 2543 4201 2229 717 3213 157 1126 2947 4237 695 208 456 4813 3895 1619 1652 2074 2843 70 885 4635 1377 4685 2670 102 999 2246 3748 2512 4275 1529 724 4261 1327 650 3107 3741 3435 1785 4208 2341 2963 540 4784
3234 3862 53 1544 4172 2963 1646 3467 885 511 3542 4805 2675 1407 3837 2028 1660 2596 473 4941 3972 2055 519 4845 2779 3336 959 4843 3635 2844 986 4117 3791 2803 4585 438 199 4362 4999 133 4240 3206 464 3279 596 2795 2432 3005 1548 4057 1462 1510 1154 2058 2061 3628 2910 1941 4072 249 4710 2303 4940 1054 220 2583 4496 2645 833 2763 3849 4481 4748 4655 620 1198 2056 1050 107 962 3658 85 1616 1802 2800 852 4097 1746 4484 308 2767 4571 2905 862 813 4770 1581 1677 4979 896 4132 1778 3849 2370 3946 4774 3874 2023 3513 2528 1358 2583 1257 794 210 4321 1466 1489 3048 2423 4885 4514 1680 4550 1462 2536 606 2650 4295 4185 303 3927 3298 4331 733 1418 2188 3943 3524 4610 1811 1490 1007 3129 4015 418 82 2740 2403 903 3794 1774 1505 2015 3077 864 2082 1466 124 4454 2937 2667 465 3909 250 162 4681 1526 1064 2266 4661 4286 3804 1160 1325 3659 2243 4608 1484 3933 2581 2431 3209 4709 4583 1635 3984 1976 2007 1700 3963 4632 3541 3681 3453 3822 2168 3478 1091 1507
639 3995 1544 4172 3922 1578 4867 390 2820 3096 119 1300 3027 2113 3792 3821 3277 3050 402 65 3402 2834 1348 2689 2132 896 2574 2207 2313 2764 1775 287 243 925 918 3113 1867 4738 4494 3355 3043 58 3006 2623 3148 2534 2746 1600 1085 348 1532 1585 4105 519 2051 689 717 2466 3589 1722 3141 3742 1167 1134 4890 892 2681 297 3164 2545 811 882 4250 3333 2939 413 311 2535 1243 544 3193 4656 4713 895 1986 2486 911 4216 2426 1468 4825 3872 753 122 824 3355 4208 4591 544 3024 2556 1465 2364 4477 125 3392 1877 2928 3765 4178 2006 271 4230 827 4567 1823 3133 783 2063 166 103 916 951 2402 4111 4837 4520 61 2436 2341 1147 545 148 944 4654 558 1137 2617 2484 2272 407 2230 2622 3675 3947 1759 4643 3664 263 1885 3576 3907 1075 3788 2128 1925 4736 1041 27 1157 2022 2938 196 2199 2810 2691 1254 3862 3043 4666 367 1338 3142 2802 3084 3414 1249 920 4943 349 4717 3661 1085 1017 1162 2588 2663 3409 4441 3214 1167 4194 764 2950 1151 386 1861 954 737 1171
4764 243 1619 2963 1578 629 2163 2577 3450 772 2465 1448 3341 3276 1067 3917 3180 747 2100 4366 1401 1642 2849 2958 2640 465 3439 3325 4903 3101 4846 1321 1970 3253 3269 733 4382 498 1366 3896 2102 3842 2036 4656 442 789 4953 3056 2495 423 4996 4701 4184 2490 1889 2778 2489 599 4144 1857 1413 3560 1760 668 1162 893 4588 3999 3501 2709 1136 1592 4173 3800 2317 4145 3895 2132 1735 3052 4679 4204 3338 2444 1757 4940 373 4133 4553 1941 2154 1125 88 782 292 1853 4434 3570 4913 2063 4193 4753 1288 3364 2737 3829 2092 4371 106 3522 2038 789 3028 2099 3689 4350 231 4701 4882 647 3327 2524 3918 3838 2521 2405 2923 1499 2401 4417 3103 1203 1462 4497 4826 2423 947 2834 2033 2851 2850 2259 4685 2753 1751 903 2377 218 3459 2522 2493 3555 2655 2202 430 3665 168 3007 1230 2076 3020 4623 1539 1091 3459 4915 2943 4298 3690 1934 401 4187 4487 4559 1728 2558 2103 251 969 919 2961 436 1436 4677 4568 250 3183 4439 4647 382 1313 3549 2599 434 3040 1543 3338 3162 2001 2622
4099 461 3245 1646 4867 2163 3074 2431 4430 3843 2789 1743 2817 2871 1098 126 4158 246 3964 274 2887 1395 1456 3284 4725 4897 642 4284 2233 75 4605 1479 3155 3930 2102 4389 2310 3920 2216 3349 3679 2309 2153 4055 4205 3440 2098 4138 3852 2767 3355 2124 584 3520 2680 4299 3698 3074 2003 2052 74 498 2672 3020 1263 1674 2000 1339 62 632 4641 2799 2346 4808 803 1812 2849 3192 4338 2423 1375 3936 1012 1758 3294 2193 1039 1438 2807 51 1874 317 2786 1628 4967 676 2766 4540 1981 3179 770 1712 341 352 4854 4372 4416 4525 2459 1765 16 2715 2385 1468 3609 3843 498 3847 4280 2220 1723 3349 2434 4169 4656 3160 3975 3283 4963 1529 114 2656 41 2498 4225 3755 1132 3144 2119 4780 530 1298 2370 4576 2457 3136 2116 791 4459 856 4178 616 4782 3053 1899 3227 4379 3822 3083 2991 1494 2087 342 2236 3147 1012 2306 2119 1258 346 3155 4265 4840 2217 4365 1755 175 562 3649 4166 1016 57 3233 958 3054 2768 737 1685 4360 1585 1766 1839 2022 1244 3604 3956 2295 3137 1226 4365
3483 2011 1056 3467 390 2577 2431 2988 2736 916 4721 3216 2547 2507 1332 902 1879 305 3390 2204 3983 1551 4270 375 3512 3705 448 2229 4837 3946 2279 1937 4665 4756 3366 2832 3006 1351 2470 1647 2652 3601 582 3711 3350 1096 2571 3580 3608 220 3811 4393 1843 3332 3764 2332 3801 1259 4684 4303 353 1317 4131 4632 652 2408 1391 4306 3244 3857 4791 839 129 4592 2036 1363 1848 2566 2274 4960 114 2923 1749 91 3584 1774 464 4941 2798 851 3475 1025 1122 4016 866 3981 4111 873 2750 4757 2599 990 2546 2853 3087 1657 3806 4931 4649 96 2360 1866 4243 3800 3499 3790 2685 3167 2847 1803 1158 362 2159 136 4502 3054 1906 3525 1893 4205 1774 199 722 4589 2148 3686 4738 2344 2022 1806 4437 3072 1729 2494 816 4299 2546 2243 1674 4613 3770 1120 1624 1621 4370 24 4604 2259 2410 2590 3168 403 516 914 2884 2633 2079 4788 180 3957 217 2782 4089 3351 11 1912 1719 2582 4667 2703 1271 2270 3745 4712 3962 3880 4066 4669 2729 3761 1560 3072 1558 3358 4800 478 2088 1565 2137 3946
2730 4972 4636 885 2820 3450 4430 2736 413 1553 3133 1365 4205 640 439 892 729 2478 2887 2525 4331 4380 3523 2116 4864 4795 4687 495 4921 2322 3649 3535 3345 3814 3789 3181 2980 1473 4330 4966 1279 4598 3354 4786 1881 115 1122 953 3206 1750 4420 562 4569 4892 4774 3303 1904 774 4490 1315 3643 2887 4205 839 287 619 2434 2771 784 287 2496 3416 3441 2715 1013 234 1548 1435 2456 2566 4291 3877 2960 1846 1886 808 3702 966 189 2234 2082 1717 1879 540 3831 2597 3349 4242 3806 4883 4466 4015 3755 1326 3254 748 3361 2866 15 4196 3387 1932 4127 977 4804 2231 4847 3037 344 682 4372 3537 2093 2449 1946 2891 2049 1114 3260 3767 1986 3454 891 1511 317 112 4230 4520 3666 1053 3457 1372 2305 866 4120 3428 3658 2682 459 4186 2687 3085 3508 377 4956 3727 2305 2484 1889 3804 3145 2382 3132 582 83 3941 1714 1286 512 1869 1908 4505 4617 3966 2021 2860 2475 2494 3124 1470 4060 3066 4261 3549 3358 1164 3360 254 3734 1241 1457 1739 302 3341 948 1661 3750 2891 823 4387
3834 2332 4228 511 3096 772 3843 916 1553 1891 1910 314 859 2579 2856 3014 1666 900 817 426 3004 2511 3680 2614 1359 1631 53 1997 3990 3723 4788 1454 1793 3496 4006 1668 4355 2265 3671 3614 1710 3716 4002 3689 1350 2126 3123 3432 3745 4981 2878 2005 4210 535 2249 2136 1871 2465 4943 1451 4604 1660 3637 3932 3737 4101 172 2980 3038 48 2970 4103 883 3607 1772 3926 3543 4317 4863 785 4717 930 3340 627 4694 4151 3273 337 1041 3995 3144 1762 501 4340 4310 364 2286 2079 1572 186 242 504 555 1420 675 80 717 4145 1108 2920 4499 2797 2759 3010 2955 2496 1787 1186 2276 2728 2117 2574 1726 2464 2249 3557 3747 1833 3752 1765 986 2622 159 4572 1595 1506 3650 4740 663 2650 4503 2834 1319 3142 3870 1181 4608 1081 3353 3129 1233 4435 1063 1996 2697 1210 2702 3402 1276 178 3112 3032 1213 473 1128 1899 4302 4399 4671 597 3582 2402 3186 3263 4396 3251 3226 3266 2378 3955 1600 4958 4122 3893 506 176 4465 1049 1096 2845 2574 714 4739 1134 73 4087 3409 3906 1340 4366
3254 2595 4239 3542 119 2465 2789 4721 3133 1910 3338 708 719 3886 2207 3708 4136 1705 336 1556 1544 4198 4390 2322 1992 4225 4347 1532 4114 3494 4089 4414 3995 3882 3502 591 3696 3163 3844 3737 2487 2678 103 4626 621 4665 3085 2633 4797 3036 2182 3708 1614 158 2641 4943 497 3239 424 4622 4698 4333 214 863 2374 3337 3314 3597 581 3874 3293 3973 1966 3239 2061 3939 448 1249 4320 3949 1269 3366 1519 3155 4837 1494 358 4087 2807 3288 343 1355 3724 4203 2213 4478 4756 2731 759 3043 1540 4229 3878 99 2215 2998 1275 4344 3386 3652 1876 4004 4159 1083 555 4955 722 4824 3504 386 4374 368 2303 3887 2462 2491 3545 3138 3241 937 2424 1704 4909 4404 4121 1484 1710 2220 529 2091 3052 1679 2606 3749 2231 1439 3380 3269 4140 3931 1851 4476 2236 1953 3074 628 945 4620 196 686 3501 2920 1633 610 3445 3476 1718 905 3607 4122 3985 2642 3563 1600 1956 4933 1991 256 2439 148 3743 115 2024 4391 4527 3276 385 64 1522 680 4509 1880 3607 4258 265 2499 3844 4920 3552 4643
3533 3769 4652 4805 1300 1448 1743 3216 1365 314 708 2136 1102 1041 4432 3057 4219 1634 1362 4523 161 2448 1847 4699 3037 2698 471 3956 4252 4394 3390 933 2702 295 2870 4663 3474 354 43 3915 1135 183 1413 2650 1929 4700 3763 1730 2701 2052 2963 2598 3491 2634 2802 3503 4066 4376 818 411 2246 4830 2260 3542 3603 339 4306 4998 1605 4716 1739 1312 2006 4367 609 3508 1557 4055 4881 1764 2403 3319 1792 3014 4945 3921 3522 3444 3290 3157 2243 4496 2858 2681 1956 4755 4980 3092 462 447 1807 3509 4842 1698 3189 1892 3124 4651 2834 3163 2106 4733 1909 1673 2573 3357 3235 540 1402 87 3084 4230 772 3346 65 1081 688 195 2144 2636 238 3857 362 549 240 898 4171 4671 2512 2595 1754 1239 3388 2564 1554 4580 3959 1341 2262 648 3351 1404 4348 4598 3016 2797 2583 1772 830 3753 1594 1989 2437 3117 4950 4475 4557 609 2418 3305 1869 2115 2041 3478 4627 3814 2540 2000 3983 828 796 1741 3880 99 3887 3728 928 2804 768 4392 1587 3417 2020 4716 708 841 1381 861 4574 4000
3871 1080 87 2675 3027 3341 2817 2547 4205 859 719 1102 1927 2710 2892 2494 4406 1872 4989 4204 3634 2333 775 1873 4389 828 2159 921 3156 1762 1125 4198 3821 1353 4287 2945 3909 3655 2428 64 4859 4969 4046 1081 4475 812 1046 2449 2680 3554 838 3678 3565 2393 1659 4713 4890 3181 2332 1564 669 602 3262 165 1446 1684 4734 1691 2060 1053 3914 1907 878 71 1535 617 3403 2155 209 3946 1104 3158 4846 4595 2893 1029 1422 4484 2646 2145 1157 60 2391 262 1708 4070 3233 4830 1537 1484 2750 1050 2686 756 1199 3547 201 1308 4474 1781 2531 2823 2333 873 954 2075 1154 1511 109 3386 4278 1287 761 871 3660 3564 3330 4836 2856 2842 4821 2483 3355 2011 4772 1710 3127 4239 1776 2290 1472 4487 3210 833 1526 714 3523 1489 1150 3466 356 2308 714 1844 679 4347 655 1235 536 1127 1104 691 4669 820 3340 4719 3734 646 3564 3381 1133 1678 589 3858 1409 814 3216 1402 3209 2347 2563 538 3447 3801 1791 3014 4596 2929 3494 2249 3664 1709 3251 4308 4420 891 1144 2479 2738 4697
4862 4393 3810 1407 2113 3276 2871 2507 640 2579 3886 1041 2710 4586 3283 206 4255 2224 3116 2246 1742 4952 1412 2426 1828 1587 3092 3142 26 4891 1128 4477 1335 834 2150 3921 3847 866 828 1264 2239 2069 2397 1630 1680 1184 4080 3980 1758 1082 2171 4897 4744 4048 4763 53 3198 3137 458 1354 2910 3854 2598 4395 2410 4450 4976 877 433 3366 3339 105 3954 333 101 102 1848 1321 2745 1881 1230 4749 3607 623 4618 122 4807 1688 2439 2773 1364 3235 553 2243 2709 3607 3701 3861 1522 962 1244 2655 1134 4529 4463 2700 3632 2549 2810 4446 3218 4791 1827 1484 4047 3870 4712 497 344 4346 236 53 3932 2339 3877 1613 1734 3098 4018 103 3391 2391 41 2276 3976 4851 4655 977 3064 2810 974 3863 1179 4669 28 552 3074 4097 2921 841 2040 4569 3451 475 1298 4712 3541 2805 4766 2701 2074 3905 681 2658 1494 326 2551 807 608 340 3045 1963 4397 3105 2980 3629 2758 3085 1461 542 2519 2702 3253 584 2828 290 409 4344 3169 2261 2564 714 3677 1192 2839 4883 3376 2951 2230 1354
236 559 2405 3837 3792 1067 1098 1332 439 2856 2207 4432 2892 3283 3685 3128 4659 692 4105 3114 1835 564 2434 142 2832 1569 1002 4712 915 4839 1712 2584 1466 3998 4115 1755 4096 3532 1464 4623 366 3994 4170 4794 492 1729 62 1531 1286 4706 3974 2165 4070 2846 4068 1268 1800 160 789 3660 3999 2621 1809 4969 4716 2715 1438 4924 982 945 3063 1154 2458 352 3298 3245 3122 2662 4280 2712 195 1357 3691 3828 887 1728 1026 793 4339 4762 2327 2729 371 475 911 1673 2672 2497 4481 3251 3546 554 1501 2644 2142 1046 4105 3688 891 4419 4682 4948 1903 630 4660 883 2260 1133 4082 2478 1433 3561 2073 4880 4969 3893 220 924 4198 4490 2292 3147 4391 605 2563 475 3739 4600 2621 91 3437 4472 3567 1248 430 4089 3887 362 218 4605 4637 3826 1634 4673 1216 2470 702 1928 1707 4191 660 1092 137 1247 793 1481 1686 3827 4587 1381 1046 1111 1224 3400 460 488 850 4386 484 260 1327 3599 2000 3404 1774 2445 1207 3377 461 3316 4466 1023 3853 4581 31 1699 1044 46 4262 533
1315 318 1438 2028 3821 3917 126 902 892 3014 3708 3057 2494 206 3128 4181 370 1625 609 2899 2446 766 2624 2021 47 3445 2714 96 201 3715 156 3155 1430 3243 3696 2970 2557 1699 1846 160 3622 1043 3370 1411 2922 3812 1782 2985 1794 846 1165 3120 3182 3473 1004 3373 4205 2415 2237 4752 4049 67 4152 482 544 1058 3399 4149 894 2421 1029 253 688 3172 3048 3133 4953 3273 683 1866 1227 2178 2234 2938 4275 1514 1612 3870 3737 3367 4489 3234 48 1133 2326 2890 1246 2171 1833 717 3758 2262 930 2538 3040 1932 3233 4960 1728 475 168 3306 580 782 2209 146 4911 1593 4366 3229 4321 4242 485 2843 3711 3626 3025 3895 4287 650 3987 286 209 2458 1501 2368 2866 1307 808 4989 3426 74 169 119 2072 3113 4885 3472 4334 2374 783 3482 3600 1592 3394 95 1700 2309 358 2369 1777 1550 3802 3049 1691 1761 2346 3875 1438 1189 1081 1911 3461 2004 478 1268 4696 750 4440 1285 1122 2859 1012 1907 253 3993 3658 725 659 3910 2706 1822 1687 4689 90 3788 698 4913 1100 3032
28 1866 3815 1660 3277 3180 4158 1879 729 1666 4136 4219 4406 4255 4659 370 1931 2465 4197 4992 2973 2820 72 247 2211 1040 1718 3065 127 3899 97 3753 692 734 4061 1593 4953 1458 2264 884 3320 1243 3073 3723 4787 1709 4848 4882 1371 4124 1393 3927 4835 1535 1336 2173 2595 1758 4604 1409 3487 3658 2937 2010 3022 4481 3865 4562 2456 28 4022 704 2593 3141 1701 897 3672 4888 1606 3701 4349 669 2880 3082 100 2959 2431 1614 3723 2065 3504 394 2275 4411 847 1077 2356 1005 2421 4767 2989 3855 2114 3945 2417 3331 1046 501 3965 463 707 4654 2099 2089 700 3646 4693 4034 1583 4247 496 2208 2353 2616 1136 4966 377 4828 315 3884 1926 4635 2377 4824 4384 3451 1643 4927 2103 4432 2526 2507 659 2895 2492 3965 1913 403 3699 971 4244 606 4717 4713 2391 3592 3709 2344 194 364 531 2554 4342 514 2408 103 2653 160 1161 1095 813 3346 3007 336 4612 1781 1251 1086 928 3570 959 458 637 1093 2324 2425 4755 3732 259 4107 840 2455 1007 2445 3037 1614 3720 4634 1985 107
3651 4599 591 2596 3050 747 246 305 2478 900 1705 1634 1872 2224 692 1625 2465 2465 892 1991 4412 2822 4243 1172 526 3188 3329 3663 1110 4405 300 1247 1872 3968 2071 3259 854 4735 1880 230 3416 4300 2664 3826 58 3553 4550 4315 3254 896 1913 2019 4712 3773 4406 707 3727 4926 2221 1375 2616 1913 2670 4538 2198 4602 2167 4924 453 3372 3565 4836 514 881 1449 3300 3798 3265 513 1417 1212 4597 2400 3199 2345 135 4091 866 4451 1080 4291 3307 4219 150 1429 4233 925 2643 2708 3409 3026 1547 4858 1263 4249 4979 3778 3481 4855 4158 4786 4933 3697 3879 730 629 4861 3894 4442 4973 3517 4410 1813 2685 364 4247 479 1862 665 4315 3465 299 3045 4459 4476 660 3178 3327 2258 4234 4445 3329 643 4581 1280 2474 2496 1499 1786 4555 637 2890 647 1860 3080 4192 3495 1809 2757 3646 1915 2175 1218 303 4761 4280 1286 4109 1958 1950 4950 3207 1151 905 793 797 4962 33 3275 2438 1732 4907 2734 4964 1902 3028 1682 3813 3954 1274 80 4339 1081 175 3270 2784 4216 1405 4315 3439
2672 1570 1657 473 402 2100 3964 3390 2887 817 336 1362 4989 3116 4105 609 4197 892 1843 233 2631 1314 1148 1339 3945 700 4899 3005 3927 1402 4133 994 3542 4587 1985 2782 1437 4547 4534 4567 4571 199 3353 4071 4842 240 1583 1104 61 3558 1990 1813 3765 3470 4423 1134 4499 4636 2672 2677 3346 826 3029 3891 3431 2442 3311 1135 3624 3089 424 3960 4944 3932 2569 1252 4126 498 4967 3271 4060 4070 3150 3468 39 1857 4736 4113 1783 51 2963 650 459 3184 2046 3507 2069 2855 1587 1885 2944 1061 2928 4322 4659 2683 4587 3460 979 1301 2645 1425 2893 4657 1479 3750 2517 2394 4743 4968 1348 4530 4976 3784 3608 2557 3130 4822 2288 4292 4980 711 4240 4956 2340 245 2835 4937 19 64 2340 229 1314 1710 251 2065 1777 107 4537 1458 4244 2071 2328 1799 3736 4498 4304 2279 4157 2388 25 1231 2831 1053 2300 2946 3910 1581 1608 3132 3111 4670 2816 1185 3106 4279 1855 3577 2218 770 1711 4899 3867 827 4678 1179 2058 2449 3499 1989 1120 1756 936 1019 626 997 1300 4900 1637 4384
4929 2604 3699 4941 65 4366 274 2204 2525 426 1556 4523 4204 2246 3114 2899 4992 1991 233 3391 4635 3095 3600 4575 1482 345 1376 1918 4481 2202 2650 622 2312 4134 1900 3524 1797 630 2444 4697 950 749 2512 2995 2678 4280 97 449 3951 4179 2388 443 2806 726 2286 2563 3648 4355 4585 1581 1526 782 3699 251 3506 3944 3834 2203 3272 2360 3519 1039 3504 2374 1551 3858 2480 11 380 1074 1547 4800 4416 1377 4359 1960 2029 2204 1154 446 2165 2661 2303 2958 2281 4856 83 873 2621 2004 3702 3640 2094 621 1613 417 3462 3132 1501 226 4408 732 3994 1203 686 3412 2355 2589 1313 363 275 2566 3075 1785 4582 4193 2461 175 4766 3809 1178 601 957 3585 3054 1312 70 2837 2186 4672 918 2148 50 2335 1834 1576 26 761 1160 1284 1855 2057 4049 3495 127 2477 4457 1344 901 3721 2835 1494 1651 93 1913 737 4824 1227 4484 1884 4717 2036 1947 2201 3441 613 1571 2344 4163 3817 2798 3653 3651 4500 3325 4790 659 1148 4306 1525 4930 1689 3926 3232 3908 4575 3348 3043 1720 4056
1453 1020 1825 3972 3402 1401 2887 3983 4331 3004 1544 161 3634 1742 1835 2446 2973 4412 2631 4635 3090 2785 3246 2663 3662 1236 1116 4275 2667 3441 838 976 4221 4771 1824 1017 1702 4473 3888 1105 3830 249 3908 3764 4533 2596 2026 1366 1964 3216 3435 4227 2850 3044 4984 2928 3064 3929 4150 1347 2008 503 4730 1250 103 3025 321 3901 333 3504 2452 2753 2722 3323 2353 1257 352 1195 3604 1317 185 2107 1774 2781 289 962 3745 1720 4051 416 1940 191 4448 374 4823 3958 3886 4770 4434 282 4271 1267 110 1574 1654 612 1270 4414 4033 4655 3028 4746 741 302 1271 3975 4722 3127 511 4951 4116 1054 4988 4175 1613 647 2152 671 3613 206 4745 4806 3677 3754 4338 2553 2119 999 3527 272 2964 507 2730 233 2488 1827 4565 3182 2475 4638 1069 1554 3374 1721 4162 2748 2868 2151 1698 2822 146 3663 1651 4990 1049 936 4286 2656 4738 1097 1414 75 2806 2904 3783 2476 1761 3191 4699 302 3876 2411 555 481 3245 1331 2274 1297 1223 2312 2574 1097 2856 2028 3577 1118 2819 2251 561 2605
4933 4523 2836 2055 2834 1642 1395 1551 4380 2511 4198 2448 2333 4952 564 766 2820 2822 1314 3095 2785 3249 3464 3566 2557 4718 4366 4345 3174 2581 180 2936 2928 2886 3438 4899 3664 2314 4066 3020 2838 1222 996 1370 1376 3592 3930 1912 237 4528 2181 4369 3647 164 3631 4286 4634 979 1291 2024 2991 1192 1659 886 4217 2001 4525 4017 2444 2152 560 3456 3767 438 4486 1808 137 846 2298 1841 2092 3427 3489 2313 3706 622 1076 273 3997 32 66 946 730 3885 4340 432 3016 2693 1583 887 372 445 2823 4218 1558 3761 2489 2292 579 4743 586 3575 2864 3587 3847 393 1311 3169 2712 1679 463 4348 1605 1633 2657 3849 506 1001 3377 4306 1575 4600 4234 3298 41 789 2833 1456 241 4216 2729 2199 2654 3641 1912 2124 2119 2463 3732 3868 3197 79 4636 3624 2562 4501 309 3121 2870 1300 2317 1286 3249 3941 157 4284 3849 3695 4740 4670 2730 3702 4129 3577 4143 3014 2486 3240 255 3011 526 4596 872 810 3262 2035 3924 4937 2083 751 3769 1323 690 111 734 1174 3522 2240 4190 2536
3803 4091 4118 519 1348 2849 1456 4270 3523 3680 4390 1847 775 1412 2434 2624 72 4243 1148 3600 3246 3464 3281 2777 2918 4468 3079 385 25 2085 2945 257 1166 4584 4830 2869 2490 3740 1367 1173 3522 4203 1517 1924 4735 1278 2649 614 1149 685 419 1949 880 1867 1003 4912 1130 3686 4497 211 3314 1062 2743 814 3908 3597 1768 1418 265 2662 537 2794 3973 2912 88 4108 4647 2829 4367 148 3606 687 645 3595 1814 751 361 2337 2633 3253 1484 1693 2620 4594 1150 3480 2469 1073 3072 3392 1492 3211 2175 4814 4262 1195 810 792 3433 3632 862 2174 1830 4595 2344 88 840 705 641 345 3611 3137 4148 4021 1836 2343 2673 3118 2387 2682 1251 3912 4661 4491 1070 4463 413 4936 2619 2987 2353 3158 3274 3938 3816 3183 3137 756 3298 1633 3716 4515 759 3611 1102 10 3726 3764 3397 1473 1112 2559 916 3256 4829 2698 99 4415 2870 859 1842 558 2482 550 3877 1304 3943 2006 3305 1385 1248 3548 4155 4137 4759 4771 4668 2036 56 2102 366 931 98 3338 4158 4612 2786 4343 1997 4429
922 3889 4961 4845 2689 2958 3284 375 2116 2614 2322 4699 1873 2426 142 2021 247 1172 1339 4575 2663 3566 2777 1490 2315 158 4674 4138 4803 3466 4251 4955 4458 3784 1612 2814 1107 3943 557 1884 801 2459 488 1947 2103 1693 4541 1095 1010 388 2495 4307 4168 225 471 384 2093 2671 673 1463 700 922 1174 4393 1729 3617 1179 4193 4169 2025 2724 4087 2832 4285 874 1046 1319 274 4579 4250 3344 63 2902 3980 4924 77 505 2182 372 2019 3564 1708 1739 4933 4223 786 4114 2844 2565 3144 1997 4800 4437 4570 4163 131 4695 161 3516 4850 4385 3942 227 2040 443 1164 589 3807 1806 1000 4328 230 4971 613 3264 2677 674 4653 3841 2443 3074 2312 1373 2067 892 2281 3869 319 1611 3677 1685 310 4878 2678 2277 4563 572 1654 285 4680 2084 1425 209 1672 844 4956 201 1001 2699 4473 2380 4460 3662 131 2639 2105 1234 645 3796 4290 948 4991 985 4911 1650 2032 763 1718 1644 2954 1944 2074 4759 1081 3124 1238 750 3077 3871 4334 1265 461 3508 2941 4668 4913 2906 1330 3387 3946
243 341 4160 2779 2132 2640 4725 3512 4864 1359 1992 3037 4389 1828 2832 47 2211 526 3945 1482 3662 2557 2918 2315 4907 499 2407 2844 2859 4598 2776 4590 3348 929 2306 4276 1229 847 4486 960 3509 2432 200 3572 2224 3176 4694 456 1066 3107 2919 3640 931 117 2864 3999 2190 4984 226 3563 702 538 3510 2188 4009 922 456 4236 820 480 1422 3214 2248 2274 2451 4712 1434 1395 4149 2104 4980 2283 2845 937 4434 4659 4217 3348 39 1581 46 546 1053 2260 4018 3011 1739 1724 2009 611 2153 4836 1336 4536 1520 3184 4500 919 2726 3046 3279 4787 1393 2907 3472 2379 3039 1387 93 3261 2952 1393 2911 1371 1318 556 3221 2510 4709 4829 62 4634 4494 1380 3593 4478 3308 3964 924 751 4257 2523 1172 1488 4291 1617 4893 2933 4559 503 3898 2558 589 3009 3695 4360 1151 2737 239 4950 406 4879 3601 552 1567 1402 3479 4278 1246 4013 2183 2896 629 4719 2456 3825 3571 1486 3740 4412 1616 2561 1175 266 3492 1021 3528 4782 2618 247 555 1328 3020 1236 3911 4722 3404 2766 718 3813
2568 2499 4856 3336 896 465 4897 3705 4795 1631 4225 2698 828 1587 1569 3445 1040 3188 700 345 1236 4718 4468 158 499 4244 763 4274 2675 4288 2961 1287 2010 4909 4855 4970 3219 1139 1134 991 1820 1388 2527 2245 1425 4219 3324 2463 436 4314 2160 2475 2884 4584 2231 1727 4986 2124 3254 1922 1188 2147 2528 2482 2786 1873 233 4770 4026 3986 4778 947 1575 534 885 744 4784 2154 4421 3086 2363 1106 3443 2852 3784 489 4670 1542 2551 1096 1634 4223 2310 2200 4111 3177 2077 2874 2297 1927 4743 678 4129 1165 2220 2381 554 4025 4130 4161 822 2322 4693 1614 2708 2392 445 628 1823 4400 249 4534 3330 4302 3206 1326 394 503 2157 4118 1261 3037 3264 989 3250 2526 2372 4241 3509 1308 141 3833 4394 965 2758 2940 2199 826 3145 3425 4938 2855 346 3873 738 380 1146 816 4871 4358 1860 754 3046 3258 1297 3943 1439 790 3347 3999 588 3491 2937 2612 3665 1125 3957 2221 231 3432 2483 2748 1034 165 897 4074 2951 2725 3741 3890 1451 2035 1649 834 4146 521 2807 3941 3216 754
3631 4803 2831 959 2574 3439 642 448 4687 53 4347 471 2159 3092 1002 2714 1718 3329 4899 1376 1116 4366 3079 4674 2407 763 510 256 4102 3518 3293 4255 3718 3145 1871 813 907 2751 1503 1980 4294 1927 1584 4363 2850 1594 4541 1141 810 3354 2266 3179 283 4207 1856 4469 4096 1806 4853 4438 1164 604 4248 797 638 4299 1296 2663 3557 458 1692 1440 795 1422 241 3975 4433 4790 4057 3101 3643 3530 4124 1478 137 4407 2176 4609 4034 2697 2527 2782 724 3090 82 552 838 1465 4077 2078 864 816 430 2480 796 3162 4317 3398 1631 2558 4804 2982 4595 3171 428 123 2466 3833 2862 735 3996 374 4214 3761 994 2297 4891 2853 3797 1231 1457 1652 1530 4243 1406 1288 4924 342 1592 4169 358 2037 4925 369 4738 1369 3599 3325 3883 1213 3763 1132 4654 4500 864 4899 1599 4849 4747 231 4965 2305 1457 3752 2477 4733 3923 3423 4302 3390 2887 2995 1333 2853 2359 3915 4204 1448 4856 347 377 4318 2925 3092 2278 3523 840 4444 3836 2646 2963 4237 829 2026 4640 2967 4861 1563 3232 817
1880 2707 710 4843 2207 3325 4284 2229 495 1997 1532 3956 921 3142 4712 96 3065 3663 3005 1918 4275 4345 385 4138 2844 4274 256 355 1099 925 1331 4060 2477 2023 2112 2446 4808 2581 1024 1319 1330 2072 4235 1507 1339 1991 3502 3586 961 2817 1073 4785 1975 871 903 161 4587 4891 3391 3930 1827 2343 2922 2413 4144 1049 1290 2910 4361 2392 2887 1652 1740 1493 184 3114 936 2825 4169 1370 3519 84 2147 3229 460 1913 949 1033 2200 2888 132 575 909 1523 581 3301 612 2503 1921 3870 1112 1190 4453 2603 4742 2562 859 4219 2140 1511 2533 3287 3632 678 1708 187 2926 3838 1075 2916 4097 698 3590 3355 1900 511 2323 3808 1924 968 1729 1623 3946 3348 541 4512 2209 2707 4075 4605 4806 4741 4715 4747 1548 2285 3451 57 1470 2620 674 113 3342 1886 4008 4491 253 1623 3453 665 3613 2897 2019 1759 2309 3891 2791 2248 1633 2706 3494 1990 2609 727 664 1635 2249 1144 4583 234 2104 695 639 3981 3380 377 3791 1956 1231 2586 2212 569 1797 4591 4329 738 568 2517 4899 2688
421 673 688 3635 2313 4903 2233 4837 4921 3990 4114 4252 3156 26 915 201 127 1110 3927 4481 2667 3174 25 4803 2859 2675 4102 1099 4593 3059 439 1367 793 1499 4413 12 3967 4161 3704 291 4703 2240 1198 41 4853 2047 1516 2235 140 4551 4072 2405 3126 4333 2841 309 604 3889 4980 797 3125 4527 4412 1367 4408 1386 2535 4378 950 2140 4434 4991 707 3259 2145 2495 3119 1549 3055 3168 567 3403 1621 383 4243 4671 1531 85 1418 1519 3244 4565 4368 3093 2725 4134 4748 1785 3832 3957 396 125 2431 3847 2592 3506 564 1449 205 2333 2833 3308 3826 3345 4140 641 4291 3437 704 626 3416 2670 1935 2174 2660 2251 3708 3769 3558 1109 2460 3107 2711 1876 4708 3819 2644 4330 704 589 873 4844 2732 2517 2827 4032 559 3191 2063 2733 2683 1217 4598 4181 3733 2597 169 2089 3407 93 3183 1187 3784 4825 3598 2237 4354 2642 518 176 4188 4524 3993 3327 1429 1076 1550 608 2088 2701 2893 702 4734 3589 2416 3625 2616 1027 235 4512 1252 1839 1606 621 898 2455 3297 1662 1930 285
432 573 3967 2844 2764 3101 75 3946 2322 3723 3494 4394 1762 4891 4839 3715 3899 4405 1402 2202 3441 2581 2085 3466 4598 4288 3518 925 3059 3266 4034 2998 4406 1848 4919 1710 2956 831 2805 3731 883 109 872 93 3265 505 3984 4948 3853 2291 391 2516 1852 269 615 3592 3090 4446 3606 1021 2274 252 2731 3198 1046 3248 2779 4971 1092 3615 794 2620 4182 720 2790 2484 2925 4659 797 4740 3899 2811 3004 2706 827 224 4855 76 1832 1887 3370 735 4951 4474 3400 3685 4753 940 3085 3244 3253 4112 3339 4435 4379 1042 4463 846 4871 1156 4413 2176 2790 2527 2929 4960 3525 989 1819 4070 2775 2970 2770 4295 3808 553 332 2890 4892 3252 3574 3460 4066 4566 1240 3671 3062 1600 1096 3012 2890 4858 3863 3585 4359 4876 4486 637 4996 4555 4509 3905 1819 2410 1732 1096 605 3903 2750 1427 2617 108 2044 4491 2140 655 4517 1130 3513 199 4107 3196 4842 3551 4789 3042 3114 3773 3730 3557 2042 3684 2063 1608 2236 498 1515 962 2611 2614 3515 1684 4750 1278 1907 159 4239 4542 948 4848
2856 471 4108 986 1775 4846 4605 2279 3649 4788 4089 3390 1125 1128 1712 156 97 300 4133 2650 838 180 2945 4251 2776 2961 3293 1331 439 4034 699 1132 3561 4234 4580 63 4158 1076 1801 2456 4860 1225 1956 4790 4429 1345 3497 1834 3618 4918 606 2986 3022 1560 3288 4310 4890 1422 2636 2809 1295 3706 252 960 4742 287 2696 382 1208 488 2807 4193 4757 1952 2785 4062 3365 4226 4747 4090 716 3752 2906 3287 864 227 4207 90 2927 2742 2337 3120 1011 284 4550 459 839 2563 1024 4780 2389 3555 2961 1121 834 4928 4666 2461 1494 1265 4903 1686 2339 1476 564 2184 1149 4417 3509 4593 4195 1357 728 2562 1038 3387 1807 2399 2197 1114 2592 1470 4916 1378 772 1061 3901 3959 3300 4695 1145 1806 2408 629 3443 2024 3823 1010 1441 1367 1660 629 2676 3924 3047 3785 3464 2110 493 758 2168 994 2216 376 707 2748 3463 4202 147 2886 1158 1796 1142 4369 1035 371 1324 2955 884 3007 2112 2535 4703 1332 4197 1790 4750 3669 3530 4706 1008 4720 3932 2082 1823 2755 3698 2793 4187 4950
2826 3862 2673 4117 287 1321 1479 1937 3535 1454 4414 933 4198 4477 2584 3155 3753 1247 994 622 976 2936 257 4955 4590 1287 4255 4060 1367 2998 1132 554 3517 1674 874 3670 1972 3415 287 4286 2206 1964 2058 2913 3061 3056 3131 2046 1532 3723 1246 350 4957 3787 3624 3109 533 1375 3535 950 2405 3482 2279 817 4941 1651 152 684 2058 3951 2643 2351 3417 1681 4383 2825 1205 4059 3314 1417 3176 694 3247 236 1011 4168 4397 2463 2432 2748 2480 441 87 3984 2067 3119 3745 3850 595 2308 1253 2264 1277 2282 2374 1290 3553 2688 2774 210 1270 4431 2861 898 2788 1161 1206 1783 1953 2860 3428 4905 153 2520 3773 4399 3010 3426 3907 3475 3664 4682 1740 1385 3858 797 178 1153 4732 1838 3033 3531 4422 723 3525 2748 1156 1964 136 4923 4122 4603 4555 634 554 2242 1897 678 2536 4084 4117 3930 4717 436 4363 3051 4823 2987 4844 2186 844 2333 3481 3643 4185 3916 2509 3085 1566 2094 1420 4163 3254 125 3173 4464 3639 69 4886 4626 1127 4219 594 3137 2776 2775 2929 3662 1017 2046
4154 1228 1607 3791 243 1970 3155 4665 3345 1793 3995 2702 3821 1335 1466 1430 692 1872 3542 2312 4221 2928 1166 4458 3348 2010 3718 2477 793 4406 3561 3517 1579 569 855 2158 1077 1394 2807 271 1909 1793 4111 4356 251 630 1145 4784 3935 2533 3528 1061 4170 1984 2578 171 1345 4121 2048 1871 4699 3653 2911 4774 345 4429 1151 4984 2165 4374 48 897 739 3980 652 4126 1074 3073 2668 3743 3390 2546 1009 3550 3585 2069 1491 4973 782 2067 363 1109 4323 1277 2694 4149 2158 4203 3885 4918 3353 2329 4134 4596 4616 508 4276 4512 2279 4042 867 1136 1024 4321 310 443 1563 3959 3177 4656 2864 2866 3132 4916 229 212 4998 2680 1510 4079 4915 4625 1661 4896 2459 1365 1256 3058 4183 4663 1872 4714 3081 518 2677 3549 1725 3916 590 2787 3691 2101 2248 3807 2435 4174 314 4366 2769 1238 1370 748 3221 417 1372 141 2529 1219 114 4310 4337 2999 1506 3088 2155 204 154 3373 4185 1988 1926 4224 3162 1334 825 3890 2111 3242 3694 1067 735 2532 2384 3611 135 4782 3517 1833 2580 2307
1111 769 3274 2803 925 3253 3930 4756 3814 3496 3882 295 1353 834 3998 3243 734 3968 4587 4134 4771 2886 4584 3784 929 4909 3145 2023 1499 1848 4234 1674 569 1759 4819 1002 4579 3713 1109 3989 2104 3453 4280 2338 3912 718 899 2760 4256 812 4593 1877 4425 2964 820 2361 445 2234 3756 1682 4621 3107 4032 216 3226 416 729 318 2967 2334 3067 2735 3629 4571 3968 3145 982 1064 2918 2427 1450 1044 2847 327 2890 1940 987 3763 4025 2461 2090 717 1837 3819 2077 3711 1895 2492 4438 4738 1480 3440 1898 986 4778 1416 4490 2189 1373 4912 2837 926 4155 4431 857 4416 4430 1028 3619 474 2124 4826 3976 391 4200 729 2336 3750 1853 1405 3979 3296 4721 1444 4560 3641 532 914 602 3749 2511 4770 3833 1529 865 2611 1833 4674 1487 1057 2339 1418 1639 4914 2488 1008 3767 2142 2076 2102 1754 2062 4813 2837 1102 2673 257 3948 949 4110 1342 720 463 3383 537 402 836 254 2506 1928 2113 4463 2620 4817 3815 2373 3012 1127 3528 1351 4820 1065 3708 4865 1091 4975 1708 3968 3648 1431
720 131 1338 4585 918 3269 2102 3366 3789 4006 3502 2870 4287 2150 4115 3696 4061 2071 1985 1900 1824 3438 4830 1612 2306 4855 1871 2112 4413 4919 4580 874 855 4819 2928 3725 1651 3820 255 3784 485 1101 1237 3549 3178 4123 2530 1666 4954 344 798 2866 2043 3003 4501 4250 3559 3753 2108 55 27 4831 1364 4397 1811 1367 3275 541 4815 1350 3381 1850 1875 465 4403 3018 672 1540 111 1407 3059 3341 403 1155 165 3601 4407 1427 3250 4053 3917 1519 2129 4622 4410 3890 952 3335 3136 3578 1558 1993 2394 1626 1827 3465 2059 3232 4326 698 1181 2267 1939 2227 3947 1037 4790 2810 4662 4130 4973 1509 1224 505 2406 1834 4057 2525 802 1003 3880 4131 175 2158 483 3460 3331 1770 2852 4806 93 2123 2919 3439 4239 3900 2539 4843 3567 270 2147 3967 2515 2975 1109 2840 745 1842 4686 3251 2110 1015 914 1194 290 422 1027 3207 2551 2354 4237 1550 2219 92 4400 3465 3386 4503 2902 1182 823 1053 3802 282 1407 3264 746 1942 1646 2366 4393 1469 4620 4134 3248 1327 4337 3516 170 631
2715 3040 2919 438 3113 733 4389 2832 3181 1668 591 4663 2945 3921 1755 2970 1593 3259 2782 3524 1017 4899 2869 2814 4276 4970 813 2446 12 1710 63 3670 2158 1002 3725 3075 1724 2675 639 1352 3999 868 2024 4164 1467 3527 2455 4022 2654 4553 4402 3805 1205 3981 2502 1448 3693 3508 1397 615 2885 4000 4335 4233 4694 682 195 2568 1441 3291 3601 548 4805 558 4078 1949 3207 3656 63 3627 3985 282 1456 1414 2442 4780 1574 4736 540 309 4699 3493 4258 2830 14 2250 4597 3349 1437 4940 1655 3689 175 4914 2189 440 1388 460 3000 3309 2467 619 4029 2212 3401 1152 1309 706 3187 4800 4264 2709 984 2206 457 1063 3535 1750 1801 2460 3167 4158 4704 193 3811 2197 2497 4137 2683 1933 643 4835 117 3298 1469 2247 4309 2380 2688 533 179 1421 3642 3629 2708 475 4638 3944 2278 4850 2688 3696 480 1521 3124 3835 1646 3158 839 494 3168 325 4320 3992 1343 662 3804 2833 1215 840 2331 4805 3734 3435 2194 1472 3189 922 955 3406 4563 2842 4235 2870 4878 1754 2831 4892 2139 1860
2468 792 3830 199 1867 4382 2310 3006 2980 4355 3696 3474 3909 3847 4096 2557 4953 854 1437 1797 1702 3664 2490 1107 1229 3219 907 4808 3967 2956 4158 1972 1077 4579 1651 1724 2524 4565 286 1448 1448 4060 2462 1310 4749 1639 2804 133 1735 306 1913 4330 69 2916 3231 296 2603 1337 3072 3153 3428 1328 3827 1688 1914 141 4902 2058 713 4978 3360 2794 2079 4194 99 3818 4866 4435 1894 1134 2209 795 2541 3994 3746 1994 4700 1089 2433 4168 1816 1477 2262 4182 2998 4769 2581 2710 4952 1612 3533 2453 1703 1726 1372 1912 4473 2432 2171 474 2079 1942 1099 319 3820 1954 3880 2540 3906 3405 1782 1946 3230 1097 152 859 489 1262 4564 1909 817 3056 2968 3299 3882 3995 4133 2901 4699 187 2040 2165 2254 2031 448 267 2558 4297 3696 2656 4523 408 3207 25 4849 3266 3202 2525 3906 55 4327 2754 1708 4328 4354 3799 4030 977 4544 2894 2790 34 3762 918 2344 1614 1789 4501 92 1814 2663 3964 89 1888 184 2400 3516 265 2709 721 2732 961 986 4155 4697 2364 4968 1513 4912 2386
661 4755 4492 4362 4738 498 3920 1351 1473 2265 3163 354 3655 866 3532 1699 1458 4735 4547 630 4473 2314 3740 3943 847 1139 2751 2581 4161 831 1076 3415 1394 3713 3820 2675 4565 3620 226 1578 1181 1036 2119 1106 127 3886 303 2569 4400 873 4291 2544 3499 2695 4454 4332 4664 1657 1518 3548 1245 3347 2667 3649 4862 3295 2676 3414 3525 3963 1909 3465 2182 2094 3763 4095 2555 2066 281 952 1076 105 881 218 2886 322 3332 745 647 1285 3155 2460 779 3507 3639 154 1887 4029 4127 4734 115 4969 2962 1169 4008 571 3070 2711 1975 3570 1380 1447 4972 45 3576 4185 3869 2210 3018 3790 3371 1165 37 1892 4085 2422 1602 1703 3090 608 1634 489 3821 1841 811 1442 239 3045 3679 4749 3836 681 567 4732 3063 1664 1900 318 2735 3282 2630 3132 4223 2674 4241 380 294 4297 4323 4975 4771 4476 831 1728 4479 196 4127 4970 2978 3503 1505 3614 1363 290 4678 884 4514 3829 3144 3033 4651 1906 3221 2564 2280 1325 1165 4764 3802 1149 208 4135 135 4593 2089 3945 2507 1100 2859 4530
2258 1963 3830 4999 4494 1366 2216 2470 4330 3671 3844 43 2428 828 1464 1846 2264 1880 4534 2444 3888 4066 1367 557 4486 1134 1503 1024 3704 2805 1801 287 2807 1109 255 639 286 226 4323 3036 2687 1734 1739 2503 601 247 1930 969 1903 3583 2662 4491 3815 1893 1042 4229 1954 2829 4973 4634 338 2254 727 1981 4161 2696 989 85 2746 2680 385 446 1547 2762 1938 64 1177 527 598 4874 3698 2903 4954 4483 821 3953 607 3302 3349 4750 841 1455 4183 4782 354 3974 4042 764 3131 3162 3903 4747 2939 3986 366 3309 4105 1341 1298 579 1545 3105 4071 3548 4681 4350 75 1707 408 3159 168 2341 1997 4412 2962 1707 1099 2310 1703 491 1976 745 4667 1247 2878 1614 2889 207 910 1314 2266 4487 2840 936 2117 668 98 4469 4217 1074 2754 3306 2812 4853 3884 3522 988 3631 111 3750 751 4069 1792 4835 2348 1718 548 1808 3323 538 4612 4788 4596 801 2093 2026 1115 1144 2000 1899 3225 774 4929 4907 2898 4230 3401 423 3639 1785 4891 2873 252 2953 2345 3860 3194 4349 2335 4020
4433 2157 1437 133 3355 3896 3349 1647 4966 3614 3737 3915 64 1264 4623 160 884 230 4567 4697 1105 3020 1173 1884 960 991 1980 1319 291 3731 2456 4286 271 3989 3784 1352 1448 1578 3036 98 4175 121 4039 2184 1353 3118 1773 237 2914 4241 1655 2993 3619 1964 4370 4335 2861 2707 3683 3907 74 3816 1862 1109 4175 99 4158 4751 2769 1373 3731 2419 2052 3331 4097 2603 2494 3758 3665 4737 3863 1115 2137 1350 4135 3502 1910 4989 2716 2900 3370 3522 2928 736 2000 1085 931 957 1060 552 4944 2023 1217 2394 58 2696 3479 3296 2181 49 1880 565 402 4652 1162 3086 3048 3142 954 1781 3354 232 3919 1601 4374 1652 4916 4444 4501 3673 2521 2161 3837 1734 4389 3788 1808 137 3099 2995 1504 4873 2511 1467 1565 1076 2549 2752 1971 2497 1174 1474 883 4186 2261 1946 2521 4887 3765 1336 2935 2813 3681 2251 163 3531 4023 4883 232 3270 1277 3619 42 2907 265 4289 4108 4054 1024 2670 1965 4268 1451 4532 940 4893 3533 4097 748 4683 3436 4682 454 2217 2706 3338 2929 2845 811 1123
