N: 200
M: 20
Symmetric: true
Triangle: false
12 146 199 106 192 88 65 117 86 81 132 193 27
10 141 74 94 11 19 56 34 31 170 145
10 197 183 84 131 3 45 35 130 90 195
6 160 4 165 61 83 108
10 144 59 95 57 96 155 166 103 126 196
11 72 52 191 189 115 104 97 85 125 50 172
11 80 13 21 23 136 190 33 110 159 116 176
10 42 8 39 102 75 36 133 142 184 43
10 156 67 14 112 29 76 49 127 105 198
9 101 10 64 18 135 54 175 152 120
11 51 16 169 100 150 186 87 177 91 178 79
9 200 154 174 121 73 37 44 22 93
9 114 17 171 157 40 53 6 68 163
8 1 111 148 71 162 107 179 113
10 26 149 161 15 58 164 194 139 7 109
10 62 138 153 82 12 77 38 24 173 128
9 188 143 28 185 168 137 99 181 180
9 124 63 69 140 123 187 134 60 182
12 158 147 98 20 151 9 46 30 119 55 32 48
14 92 122 5 25 167 129 47 70 118 89 41 66 2 78
1001 2178 4401 2218 2948 2519 1928 2050 1150 2406 4564 164 557 4437 2956 4102 3529 144 149 3371 1377 3518 4729 117 1325 4176 589 3611 3820 3971 75 3076 1277 1091 148 1933 1522 3542 537 2551 4664 1815 4610 2431 2969 1398 249 743 1181 4542 759 444 3261 161 2080 3934 3148 1907 590 2097 127 4562 4119 2446 3384 3051 3738 2988 1086 4030 3618 29 2123 61 4989 2558 4721 2500 2715 2727 2813 4483 526 1516 302 4271 1289 4947 2870 4969 3816 2196 2588 2095 2202 1680 4572 4074 2324 2427 36 2934 3474 3924 4821 3837 3248 1459 2469 4560 1345 4629 3803 1462 919 2668 711 2184 688 177 1593 960 1257 2283 3324 4600 379 214 3333 4995 3298 1106 516 2714 4275 4623 1132 3164 2466 1861 3870 4078 4349 1153 2323 4311 4818 3108 3347 3547 3947 4918 4703 823 4155 2670 3432 806 3027 1276 1518 233 4223 4678 4723 4942 3851 3378 3541 3226 3310 3100 386 4620 855 4579 750 1402 1250 600 3752 1706 3614 2497 3584 4876 3670 374 547 4801 1579 1653 3192 606 4497 3783 4145 2647 4785 2155
2178 270 2712 3558 4957 4858 3355 2189 4687 754 2078 1178 2654 2778 4814 3889 3727 3373 3860 1311 1186 4801 451 4351 361 2710 4270 377 202 4962 4267 282 4593 488 1890 346 826 221 2418 137 1280 4979 504 2134 978 771 3345 4796 1459 3389 1905 3785 247 4279 3152 1657 456 4254 109 3749 2870 17 3646 781 3579 137 3146 4972 3638 78 3029 4255 2596 1378 2353 3172 3030 1253 3049 3032 4383 2771 3044 1529 4178 157 1141 3071 3209 3238 4383 518 2888 1405 1362 265 2571 4844 4303 415 3390 4837 1904 3008 3224 195 627 4451 3988 3259 3477 1717 1678 1680 3348 4624 4421 3186 4424 2833 2469 2809 1236 477 4184 421 3091 1194 2844 825 1654 976 4852 4643 4526 3300 1989 4958 2851 4848 4590 4744 1126 3616 2726 424 3370 1305 4836 3225 4136 2155 4188 4768 448 3585 3721 1324 2904 1855 309 4346 3818 60 4178 1268 3827 4700 3152 685 146 827 268 4865 2654 571 2958 401 182 4793 1513 3191 227 2491 2725 4188 4504 1810 2304 3751 885 2302 1313 3638 4310 4831 1789 1183 4033 32
4401 2712 1490 148 1041 3478 3475 3184 3643 2185 2752 3920 4884 1298 3356 581 1668 780 2653 2217 1852 322 3168 2884 1622 1031 1555 4638 749 691 3424 1388 4886 1814 4398 3728 4919 1361 1219 1638 4949 4649 288 3679 3003 1280 1483 916 183 4772 321 264 4238 52 4846 2744 185 523 4127 3313 3614 4557 1928 4099 2213 806 2087 1011 4344 3865 1346 3561 4523 155 538 4248 4313 92 593 4602 1619 3199 1586 2960 1569 3411 1180 3299 4232 4828 503 401 4853 3341 3555 3673 3435 910 1314 4528 687 1611 1664 2368 629 3941 2122 3996 145 1894 2302 4995 1802 2899 1553 638 4792 1709 4105 616 1646 3136 3020 1721 1050 3453 2454 2458 1592 3294 4579 1148 3007 582 1256 2402 2109 1473 1168 1735 2293 4627 933 1184 4146 3797 11 1121 493 1816 3124 653 2055 3537 3866 853 367 1350 2201 4777 2860 881 4055 3228 3668 1271 1567 886 1870 2678 1406 4141 2974 2165 3592 4422 75 2434 4994 4167 3344 3002 1926 431 3603 3117 3580 4778 645 978 1420 377 3447 691 3023 1227 1108 4026 4137 1707
2218 3558 148 193 2607 2270 4380 2854 2432 3957 1154 158 4542 1769 2515 1967 4605 1612 4984 1670 3859 3041 2049 1118 2971 2349 502 4380 2184 2155 3484 690 205 249 4126 4736 3824 3708 4487 2357 329 719 466 4842 1437 3574 3785 4308 1481 1316 1994 1471 4657 4581 4176 1740 4742 226 1262 4922 4317 2157 449 1158 1461 511 1864 2359 485 1118 2649 4935 359 4833 1593 734 3120 1671 2603 2079 852 879 2950 282 4280 3039 2250 4502 4407 1457 2668 3802 981 4176 215 2462 3544 285 2732 3990 1253 3517 2389 3475 3367 2286 1672 2127 4185 3670 25 3383 2665 3654 4963 4646 3444 1489 26 4445 4058 1600 2941 1960 3320 2751 1654 2544 2628 2110 943 956 1054 3958 1096 4274 2853 3306 3581 3386 4377 2456 3202 2197 1197 2986 3372 1968 1964 576 400 4941 1074 3338 2819 2344 3603 4705 3171 3460 3633 3769 1680 844 1164 1055 3198 3068 1199 686 4143 4227 899 2682 1699 1693 2938 2542 3165 4611 1765 2438 2939 2095 4152 3479 106 3151 2305 4316 2542 1274 789 2315 1104 2039 247 3514 1990 4348
2948 4957 1041 2607 558 2521 4428 999 1988 355 4893 818 4123 3137 3857 4680 669 791 3897 81 2727 4710 243 4290 2999 472 3043 4439 4394 2292 410 4191 3759 1714 4680 4491 4484 3718 1613 4221 1131 2982 2755 3225 621 3922 630 3488 3532 4463 1677 104 3977 3388 2324 3290 1171 3096 2558 1348 1455 1536 2243 2607 99 2606 3025 1873 4089 1878 4824 3642 3554 784 4357 2913 3097 349 3156 3939 2653 4388 1129 1264 3377 399 3077 4836 1702 1309 4923 575 1839 1971 4946 4176 2804 2206 2100 2370 3133 2204 3277 1137 2126 1522 2933 3889 198 3551 1654 3591 1346 2634 2548 2315 1532 1325 579 3807 3684 4834 1981 129 3785 2261 1946 2551 2844 235 3495 416 2355 761 3118 908 3783 3978 4651 1261 1820 2427 4385 4871 2222 972 482 3506 2143 3501 2027 1538 2200 2174 1545 912 4686 4135 467 4629 2375 2970 1238 1412 2846 1538 1380 4017 2058 4067 1750 1275 372 4334 298 3163 4371 1902 2730 1038 4074 1748 657 1212 3963 995 3512 2328 2311 1669 1781 2159 4620 1316 3553 2750 3010 4247 2800 570
2519 4858 3478 2270 2521 325 4541 2406 4314 2271 1431 3439 4111 3665 793 3606 2800 2013 950 4574 282 534 1325 4981 4291 1553 1841 3572 2710 4654 4916 2376 4715 3205 4504 681 578 3977 3708 526 2813 647 104 2025 3639 832 3450 4252 2313 760 2887 491 81 800 252 3961 984 4846 4365 1957 2761 3024 2661 4099 2450 758 2961 2729 982 1613 4638 833 2637 4472 3892 477 1028 180 1258 4475 2108 1485 1370 952 524 2349 4371 684 3937 4643 27 4125 2957 1780 4840 3120 3593 2578 3549 1642 4991 787 3390 2291 1824 2244 2240 4524 4571 3951 3620 3940 144 4178 3672 3224 907 4612 2927 4285 3308 1726 930 3058 4407 4354 1369 2256 949 449 3864 1391 893 1802 1328 4779 220 4731 578 897 2770 2496 4706 875 75 1474 737 3844 1456 2011 4779 1387 3769 4580 1957 1172 4961 3884 4284 1497 1644 961 2770 3907 929 2743 1045 3036 3672 469 1259 3408 4117 4154 4055 1172 841 4092 1443 3564 1273 4228 1488 2946 3838 3499 4820 2958 667 3502 1105 1136 2573 2978 2936 4674 990 2322 1005 4647
1928 3355 3475 4380 4428 4541 2408 13 2269 2765 4077 4719 2479 4980 1867 744 3799 3814 2423 2257 3982 2386 2842 1606 4734 3873 3874 1342 2399 2040 1058 2587 3507 3936 4961 4727 1895 508 2089 4468 3611 4430 2408 1242 984 1947 3229 260 3594 863 2063 1105 588 4054 3485 31 4193 199 2417 1253 120 3726 2429 1428 162 589 2336 2462 2569 234 4473 3791 665 865 2814 2969 2824 1329 2660 4057 2303 3645 531 3625 1586 2744 851 1118 723 4427 1067 4736 2441 2870 1651 1555 4283 1475 3372 165 1850 347 2738 2538 4874 3701 2220 2239 4935 4422 1974 4540 3171 3032 3131 872 1317 269 135 3995 3926 1467 4920 2296 2601 4256 1240 1997 2046 1252 2619 1358 4180 369 4211 1707 985 2012 3715 2770 4955 346 903 1324 904 563 2482 2505 4061 1971 2102 847 1617 4428 1952 130 2993 4323 4993 2578 3735 1143 4192 1611 3931 210 1674 2056 3021 512 1457 4591 1914 231 2603 74 3084 81 4594 3090 4981 957 1693 694 4918 3265 3982 2388 2437 1137 69 1401 3252 3074 424 4169 3513 2547 4403 2039
2050 2189 3184 2854 999 2406 13 4018 3339 4722 1305 4324 4278 3720 1999 3781 1256 790 4754 581 2653 3482 1994 2045 4464 655 234 1264 4985 1811 3286 3053 3461 1607 2104 3787 123 2812 3448 4428 3949 3599 2011 1006 3136 4014 4491 4700 2618 3825 3812 690 3872 267 3630 2583 2471 2061 2413 2889 1591 3131 4583 4216 3991 3064 816 1179 2356 4997 3167 2517 692 116 2318 2323 3548 955 3287 647 4391 3450 4884 317 1290 3054 2110 3271 1129 4100 3701 4861 4789 1638 530 1184 3376 416 1715 4128 1063 2421 1593 2518 27 636 4859 1802 4107 221 1552 2210 3170 2619 3709 2120 4745 1414 4706 1642 1494 1621 3517 468 3314 246 3484 1868 1213 50 1025 2526 866 3455 3920 4761 2755 4645 525 2849 3653 2259 3891 3140 2624 3306 977 4232 4843 4333 793 3129 1887 556 3601 932 2603 2099 4538 50 1014 1434 2883 141 1691 344 4738 419 4024 1635 3997 2256 4217 3749 287 622 3746 3295 3621 2618 2515 3193 3128 4959 2489 4507 2732 223 934 869 1109 2429 869 1692 3112 3085 3291 4518 2751 1976
1150 4687 3643 2432 1988 4314 2269 3339 3743 4009 3469 606 3573 2620 2426 3339 1284 1311 3440 4001 4145 1733 3080 4909 2700 1009 1699 3301 2116 4368 4288 3211 800 2115 1559 286 2229 825 760 4739 3732 3346 2601 2287 3922 3754 2532 2602 4307 889 1686 135 3431 1175 3525 934 3562 3455 4180 2426 976 569 1503 3401 3673 4695 950 522 2860 4789 2822 3195 3024 528 4548 3755 4175 4173 1579 1065 2769 3892 3210 1871 2454 271 205 689 1294 2252 4381 2458 1319 247 3511 2118 2730 3208 4563 957 1749 4573 38 3450 4942 3210 2860 967 622 3507 1202 2765 4054 1926 3956 3738 1076 2266 1512 4120 3335 774 1682 2296 1656 1258 1773 2346 3661 840 2276 539 4502 387 2106 4170 1074 1719 1795 140 4782 4794 1847 30 4141 1512 1611 1556 1586 1149 416 3352 3311 3793 2644 350 2667 3810 3340 3194 326 1919 691 1509 3517 3027 2984 1900 1784 3529 29 807 2887 2780 2525 4283 4309 837 3142 1563 3561 2447 1467 4853 586 4846 1483 1940 2963 38 2985 4617 4221 4606 4901 4746 2144 3844 2842 1717
2406 754 2185 3957 355 2271 2765 4722 4009 1573 977 1204 4903 3580 4632 2427 1417 205 1477 4085 4779 2920 1089 2196 852 3892 805 1793 3460 3262 3856 3163 4383 513 1651 1168 1287 4105 2325 2924 1857 781 3937 1176 1161 3460 4070 1173 1178 2748 2096 585 1417 660 1953 4483 4209 4276 2254 1801 2610 2046 2387 22 3606 854 329 3735 2601 337 2997 505 3273 459 1962 486 4119 4046 2740 889 4581 3109 4492 634 401 2580 986 3659 1436 3794 4051 3684 1848 1190 226 1035 3461 4469 839 3498 3418 3006 3477 4577 314 3529 4016 3202 2105 772 2226 4375 2992 2602 4937 1316 2544 904 1723 1010 908 739 2717 4869 491 2297 4227 4915 2906 1081 4927 3116 2371 38 3856 1616 2288 1780 3806 382 2373 3478 1972 2115 1325 2101 2496 735 4447 3296 4247 2136 2930 2229 495 295 1318 2667 1034 3138 3995 187 3929 1205 1404 3513 3169 3673 3844 3984 707 4656 4140 2987 2219 755 3164 4528 460 1222 1781 3247 2772 653 1265 1310 92 4707 2319 4417 2260 530 2194 4347 4536 2190 2022 1955 4158 2466
4564 2078 2752 1154 4893 1431 4077 1305 3469 977 1278 649 291 2435 222 2796 3251 4714 3440 3651 2638 1307 2423 2218 528 1128 2830 222 2395 4472 4502 4196 3620 4073 716 533 950 2449 2620 4234 2354 750 2244 4679 791 4262 3684 2829 3043 4153 477 2873 814 3447 2250 4081 792 541 4819 4006 4126 2367 433 4562 839 3968 1263 1257 3738 2030 2827 2552 3413 1319 45 3037 3081 1615 3324 250 1944 3408 4201 2715 1532 3758 3821 613 4346 4626 1990 3773 3010 2113 2361 4019 2749 2388 2085 3033 3118 793 3650 3659 2815 4106 3723 3768 3385 3616 2548 1528 4435 565 3567 551 2901 3222 3784 2446 3184 4498 1009 198 3829 2571 4231 3094 4024 1756 4689 427 3719 4167 4269 4644 572 4178 231 4526 1587 3664 3164 3694 752 28 4120 2846 3011 4066 820 1777 380 1299 1931 4628 1202 4435 2089 2978 3218 1239 163 211 4229 1229 2623 871 3597 3309 4915 1901 4423 1937 196 3341 2021 169 1480 3187 2015 2512 4989 1192 1111 383 4780 2349 965 2677 380 3389 3843 3509 4794 225 2285 850 2496 110
164 1178 3920 158 818 3439 4719 4324 606 1204 649 4151 3621 1726 487 4432 225 769 4507 673 4779 1077 1271 3444 4497 1502 1130 2034 2853 1536 1206 1480 2967 1656 1775 1508 1403 2332 87 1014 714 148 2514 2236 969 4170 2761 1520 2347 3311 3773 3726 2283 2990 3734 1544 2864 3314 3087 4860 1935 535 845 434 1380 430 4532 125 3398 1272 749 4207 493 3609 2624 2975 1547 1975 1071 2826 217 659 2213 3281 1540 4005 1077 2717 2726 3115 2988 279 1882 1002 2885 2474 4872 365 3441 4224 2783 4799 4127 1217 2916 3581 4824 3808 4220 365 1244 2713 4586 2107 2600 667 311 3536 832 2219 254 446 4594 3178 4678 4977 477 2181 3044 4185 4293 1357 298 3841 3600 4722 3424 2923 3149 1702 1974 3626 88 760 659 3468 456 2453 4709 1085 2363 3461 3540 2223 2304 3647 2767 4531 752 1502 94 1576 3060 1669 919 2634 3679 1549 2361 162 464 171 2526 2274 483 3339 1616 2115 314 1592 2766 4841 237 4921 1777 623 1092 740 1897 3269 876 3242 1806 2629 2881 2774 23 3597 2655 2734
557 2654 4884 4542 4123 4111 2479 4278 3573 4903 291 3621 786 1458 3798 1069 278 1904 2455 4129 570 2940 2660 2105 3955 3391 4712 2699 1614 2279 1196 3151 3356 387 2940 180 126 4842 703 51 1267 2244 3643 2005 3708 533 222 4897 4855 3064 4202 1716 3320 4797 3079 2139 1396 3466 2314 4614 2457 3479 3835 4597 1094 4792 4009 3010 2126 409 377 3500 2830 3441 4948 1304 2596 3531 783 1440 3881 3901 2111 2404 4579 2832 901 2706 548 1163 1276 2482 4433 406 4658 1829 607 325 2362 3840 3125 2881 1954 3863 2133 1125 774 4773 2615 1763 4462 3077 4206 3452 1638 1781 1533 4106 4036 4129 2605 957 864 236 3960 1566 1926 2711 1664 2406 1970 2557 4352 1374 23 2265 3880 2115 3056 4820 4229 4945 2912 3612 204 821 3379 436 972 1764 4672 4813 3601 2056 948 4563 2328 4301 2743 2302 2943 4603 2926 2501 3347 4142 353 3657 1593 906 1038 4180 311 2740 1141 2424 1847 1938 589 2128 2705 2958 2208 4484 1492 1129 2189 1335 2893 597 1665 4974 1642 2179 1451 4025 3410 4524 1244 2565
4437 2778 1298 1769 3137 3665 4980 3720 2620 3580 2435 1726 1458 4584 1852 1928 4091 2125 1433 2719 3026 2743 3288 4744 4946 919 679 2497 2319 841 74 3557 1177 4774 2193 1297 111 4554 695 852 1933 3960 250 4215 4973 3941 1381 2303 3111 2679 4360 466 3311 1917 384 2035 943 4070 1365 459 1310 477 3478 4367 720 3057 3189 4235 603 3370 3657 3901 4115 2306 1361 2238 2358 4894 2730 2751 3149 548 3966 377 245 3524 4017 1899 924 2074 4601 2229 1209 3204 298 2548 1818 2288 240 1827 916 2868 4261 4897 2316 1633 1649 492 2821 1623 674 2350 4420 735 1828 708 1997 825 3135 1240 3968 1864 2379 2299 2622 4384 3672 2419 4818 3148 4823 3880 2076 2937 2908 343 3837 3903 3175 805 2899 4963 270 507 4461 1781 2182 4822 39 1505 1251 4297 4556 2920 3532 4726 4238 541 4324 3635 4647 1871 2328 799 1339 1007 428 1825 1327 2201 3468 1384 4310 4969 2894 3342 4296 1567 2822 3278 2033 1775 4057 4496 4298 4761 2680 3192 4205 280 4914 4047 1347 4818 4624 3024 3080 4012 2957 3648
2956 4814 3356 2515 3857 793 1867 1999 2426 4632 222 487 3798 1852 3742 1946 2925 731 4020 2271 3858 41 4901 4517 3821 2531 2044 1836 4686 4888 965 3014 4391 3888 3934 774 2893 2568 4708 4455 589 866 3254 3713 1447 3290 4580 4198 3354 1831 4225 3719 760 2987 4308 3454 3865 2060 3335 2853 3824 3538 53 2654 3745 4369 942 345 823 835 2872 2688 4885 4911 2032 3435 3466 1291 4996 20 603 2298 2761 4408 2041 1650 1914 2688 2483 3562 141 659 3596 3022 2304 2739 262 4015 2937 3861 862 1485 2934 4691 596 1488 847 4275 4309 1936 821 421 2030 1387 647 2166 3326 4914 389 4566 4417 1821 2362 2941 1493 3256 2034 1157 1857 2393 3253 1433 2121 1654 2664 4719 1608 1868 1250 1807 1008 3704 1427 1374 1874 2423 660 562 2094 1862 4825 2603 4165 1771 1196 1312 4002 2183 58 2994 4305 2189 2245 4784 1824 805 2590 3357 2654 177 4921 4456 3469 1926 3885 2941 1933 4779 834 2006 2873 523 196 1049 2430 3604 2345 3777 2214 3729 4671 2180 4486 1219 1294 4770 627 2566 4475 3901
4102 3889 581 1967 4680 3606 744 3781 3339 2427 2796 4432 1069 1928 1946 1330 4177 329 923 2813 1348 3596 515 562 2715 281 3858 142 1173 3927 2970 2752 4226 4667 1893 1115 3576 2636 395 912 1328 2234 2202 2497 3885 3754 153 2727 3126 4929 1503 2407 4146 4549 703 4905 4928 978 3507 3978 1707 2382 3569 3648 3164 1949 4513 3562 2702 4669 1367 439 3559 2664 1890 4520 1901 2118 1514 1559 3563 2343 2372 1886 3484 361 4774 3689 2868 4117 1468 4293 2666 2807 4134 2523 4060 2686 2524 2467 4178 2619 4961 2526 1631 1393 2134 3681 1392 3005 2898 1684 4250 2902 2032 4777 1265 390 1666 4797 3630 3948 821 2362 4032 3382 2072 1521 684 4242 4695 4904 2558 1436 1916 469 2839 1700 2817 1720 3016 2033 1368 1807 103 3793 2087 3525 4083 4079 594 754 3312 4982 3968 4557 2155 3901 475 152 1604 3380 3624 3598 936 633 251 142 2596 1021 3087 2275 4302 418 1557 4582 4200 2624 2612 3851 853 1262 3166 3646 303 776 2875 33 3046 410 2054 4579 4285 967 4427 2761 2027 2113 1217 2018
3529 3727 1668 4605 669 2800 3799 1256 1284 1417 3251 225 278 4091 2925 4177 2084 1396 4138 384 4173 2750 3456 3030 3039 3637 2834 3155 2477 836 1627 4528 237 4313 3584 3595 4341 1060 973 2157 2990 2724 81 3875 1307 3528 4961 1477 1158 726 163 2879 4107 1295 2185 1131 1818 355 3657 3303 3086 1471 2141 3335 2333 1734 4364 2281 4720 653 3379 4174 3270 1492 2791 592 4268 4811 1215 2810 990 2202 1852 908 1886 2311 266 3763 4805 4115 1349 2711 1867 4441 1801 1471 1079 3192 3004 241 4915 2573 2237 558 1194 1194 3496 4294 2542 3936 3090 3425 3106 1945 1256 4327 3115 906 3546 78 3664 3279 624 939 1199 3267 728 4846 988 929 3703 3111 3952 1329 1054 2216 3602 2344 577 1825 3480 2212 479 11 3248 4175 253 1365 2932 3873 3313 3678 761 4459 1466 3559 1373 3432 3988 3248 4855 648 524 2992 771 1112 1520 2780 1193 3527 406 160 1942 2366 28 1606 1368 1752 4033 3818 128 35 2061 2964 4464 4425 1358 593 786 3319 4821 3510 263 1268 3109 1402 1164 3651 1210 3572
144 3373 780 1612 791 2013 3814 790 1311 205 4714 769 1904 2125 731 329 1396 3253 2709 2788 4672 1060 2296 3368 434 3210 2886 1698 1838 3381 1048 3995 1631 179 3074 2168 1094 4332 852 3509 1105 1955 2299 854 3182 145 3104 556 4543 4190 151 2795 3622 1954 473 4584 580 3752 4445 4276 2747 4786 746 1921 56 1046 4323 4555 2723 2309 4606 3775 1019 4244 941 3040 3884 1173 4406 782 691 2038 2440 1714 2782 2156 3995 263 4972 2041 4511 1360 211 3200 4340 4106 347 1414 3181 4259 3991 4754 583 1526 644 4697 271 2329 2365 1947 1626 2932 1857 1546 3363 3804 2363 2171 1593 4683 2861 2676 3511 3668 2154 3463 2189 969 1999 426 1595 619 3811 2438 1964 409 4044 2980 1061 844 4635 77 4081 1124 4899 733 3146 1909 1366 4867 3095 511 918 3472 350 1214 2608 225 4763 126 835 3625 1007 1885 4358 4881 3408 3313 4134 3228 4561 3069 1656 792 3734 4891 3581 1431 3618 1571 3901 1019 1354 4932 1622 2315 511 4678 154 4741 258 929 3661 914 2787 4890 1981 4741 4113 1026
149 3860 2653 4984 3897 950 2423 4754 3440 1477 3440 4507 2455 1433 4020 923 4138 2709 1123 4178 189 4758 3996 1100 2009 2712 2243 3617 3201 4990 3190 1856 1765 3564 529 1846 3280 4966 3416 4969 1648 2764 1236 2207 3148 1614 2429 1286 2239 3889 2641 3172 331 4637 998 3428 4201 1416 1875 1328 692 4928 1115 4143 3964 402 4117 2794 2007 1269 2215 2717 2488 2938 1417 369 84 1270 3392 4883 3006 1560 1757 4724 3057 2088 1637 4137 3887 3817 1723 3468 489 944 1390 4368 2217 1283 2700 816 4085 4725 196 142 148 2746 4969 4552 1968 1361 280 2790 4381 1254 353 3985 1310 2960 1348 2669 3504 674 35 3966 1747 140 3945 3878 1934 1627 1175 4040 884 1046 1214 83 4955 252 2294 2051 535 488 823 4104 1698 2839 997 4823 2308 3201 2272 2903 1728 2928 1727 4277 1353 4808 1988 1623 642 1538 4628 4305 3481 1414 1776 1977 4780 3275 452 3674 1441 1356 1426 1355 3669 2892 4813 1630 1757 4916 122 4380 2324 1949 3306 3064 3409 1036 3673 3318 4851 714 418 1062 2277 3440 2846 738
3371 1311 2217 1670 81 4574 2257 581 4001 4085 3651 673 4129 2719 2271 2813 384 2788 4178 3987 601 4003 1379 1389 4130 2962 2522 1110 2372 2870 991 606 4194 3761 1568 3654 1591 3253 2742 1193 1556 2553 2495 1016 3589 1465 1606 4269 1159 978 1560 4357 2616 703 3276 2003 522 3554 4050 2078 205 3451 1327 3094 1709 2468 2555 4767 3515 3985 2890 3592 2308 2162 1998 144 2159 3476 1155 1557 4229 2563 3959 718 1867 500 1192 444 2838 3366 3429 2154 298 3182 4534 870 433 1223 734 1775 3185 4904 2635 2909 3155 374 3373 591 1673 560 1996 2913 956 64 2387 2344 3495 4368 3054 1686 4226 3932 3830 2041 2391 3725 567 1014 2943 2055 4899 2678 1395 2622 4273 2862 4938 1624 2273 766 4647 4256 1545 3079 2634 2937 1065 2167 2739 518 4965 1203 3319 3780 1133 4852 4646 1558 1926 1583 1249 4372 4664 4891 2768 4564 2987 595 2538 3750 760 698 4653 1881 441 3026 4716 4584 4364 4307 1800 709 1124 418 2401 751 4925 1634 958 3265 4926 736 1864 2095 4381 2041 2044 240 1614 1072
1377 1186 1852 3859 2727 282 3982 2653 4145 4779 2638 4779 570 3026 3858 1348 4173 4672 189 601 2366 2851 981 3162 2970 2559 1038 303 2899 3423 1226 3829 4401 2045 4971 2557 3923 3880 4536 407 1901 4719 1315 4681 4848 4515 4726 3487 437 137 3921 1334 1961 1880 1183 982 2249 2017 1430 3935 4504 4935 689 4324 1274 3712 61 806 944 269 4278 4264 769 1980 406 3928 185 3999 654 1318 617 837 1656 4272 2717 4094 4193 1123 962 2880 3766 1521 2593 3231 1984 3443 500 3914 2652 3913 3620 4424 2717 4277 2151 919 125 2248 4169 1828 4592 3682 377 1389 1653 1250 12 3550 35 4651 1910 303 1937 3122 1021 4897 4442 3730 3315 675 4685 4635 2832 209 3088 2957 4168 4152 1073 3941 21 2154 63 3205 1998 1150 2109 3520 2840 1235 139 4398 3715 2331 2664 3953 943 2270 373 2865 3123 4502 4810 969 1048 1715 3576 572 4468 4232 4207 2119 3017 1142 3731 2047 1151 4139 4096 4501 4671 3765 816 578 415 2342 855 480 1701 4998 4454 730 4845 1521 4556 4756 4325 1778 1482 3325
3518 4801 322 3041 4710 534 2386 3482 1733 2920 1307 1077 2940 2743 41 3596 2750 1060 4758 4003 2851 2042 733 4299 2308 4227 877 1536 2806 3065 291 660 4119 3104 4588 655 3539 2423 3633 689 3665 273 4854 3358 2999 4164 4039 4642 2595 1846 4775 3699 4586 55 850 1415 2238 3842 1007 4183 3326 4382 1023 192 1491 168 2118 3523 2251 264 2506 4928 2640 521 1868 1282 459 4798 3336 4953 590 2638 3172 289 4036 1509 3824 270 619 4645 2680 1384 1909 2010 1314 3275 2106 3972 3093 33 2411 3596 14 1167 568 1526 3146 1694 1326 4338 4273 4587 3388 3327 4656 4349 2158 4144 1122 1829 4978 1184 3968 3232 3679 3469 4760 586 829 3309 628 3970 2747 3636 1227 4477 1420 3137 2292 2695 3234 1951 4480 2575 4405 1229 841 4046 4453 3022 3775 3647 1183 4477 76 3798 1233 295 4148 968 865 3105 3489 2556 3909 2445 1074 253 4056 1043 413 3000 2922 3759 2366 3589 2930 4028 3157 3048 3084 2087 2104 382 4288 4252 202 4475 3399 2408 458 3490 645 3118 2124 1167 1240 2772 2209 4283
4729 451 3168 2049 243 1325 2842 1994 3080 1089 2423 1271 2660 3288 4901 515 3456 2296 3996 1379 981 733 2239 2568 3094 56 3938 33 3963 2343 3098 1892 1472 72 3499 4599 3335 2859 2195 2003 512 2658 4691 1027 3056 4152 2664 619 1045 2219 588 4361 2917 3974 4613 1213 439 4166 2414 4227 3529 2582 2961 4556 3086 2521 72 1802 1501 2724 2234 3279 1255 829 775 4519 3249 4268 801 643 126 28 2834 4069 4853 3785 3529 3592 2772 1093 4512 1931 1361 1673 3038 4324 4888 1288 2253 1990 1872 2265 4102 1835 3484 3292 1198 3515 3514 2494 676 177 4300 1001 751 1454 3441 3816 2664 1250 3975 3988 711 856 3251 2001 1779 4344 892 841 1264 2767 1644 2740 1146 3376 1054 981 2558 2200 3181 4031 2145 304 554 59 2566 4905 1526 3237 4704 1447 693 3051 2373 1781 2474 695 1231 2933 3611 1682 3140 402 3756 291 4792 2270 2989 1735 2555 446 2986 357 2534 4737 1611 2267 160 665 732 4305 149 1540 2243 2279 674 1995 4836 2039 494 4496 3201 4551 3848 446 3383 4451 187 243
117 4351 2884 1118 4290 4981 1606 2045 4909 2196 2218 3444 2105 4744 4517 562 3030 3368 1100 1389 3162 4299 2568 3891 190 2378 241 1525 1137 818 2943 3480 2563 3722 4192 1565 2781 1806 744 3014 1270 3314 2684 79 2090 1685 431 4452 4968 4885 3749 28 1483 1328 2417 2669 201 2604 4759 1343 4773 4958 1451 3172 4076 3315 3296 4172 4201 1694 31 3672 3653 3952 487 3313 1949 655 1414 3036 2772 118 4676 4078 3548 4791 2239 4557 2716 2465 3986 4842 594 4733 3089 1539 185 1871 3074 985 3876 1781 1281 4968 441 1395 3720 1725 1092 2375 235 2522 3748 4018 412 2016 4636 4440 2117 4088 4833 4439 797 3206 2184 1599 4385 3905 292 3033 3886 2436 3922 2756 3846 4618 2111 1269 2974 3790 2051 17 1880 259 2468 3329 1760 306 91 1712 3705 1197 93 3946 1621 2732 4100 4036 2214 284 4498 3633 3769 3463 4943 799 3454 4401 4342 4714 877 2690 3783 2684 3653 1369 4300 4251 1782 3826 157 4579 4609 1516 2918 4075 4326 4150 1315 2794 2847 3618 2682 4413 3520 3698 2479 2410 987 4651
1325 361 1622 2971 2999 4291 4734 4464 2700 852 528 4497 3955 4946 3821 2715 3039 434 2009 4130 2970 2308 3094 190 3469 2498 1767 1479 1644 658 1244 352 2245 1428 3302 846 4433 2420 3807 2739 2462 3840 2938 4574 4580 2274 1405 405 4809 4449 2460 3759 1925 4602 112 2136 3323 3833 4202 1731 4263 679 4363 3625 723 892 1914 4778 798 4864 4875 4449 1145 1400 4524 3888 199 4769 3823 1079 4783 3590 1276 4973 2187 901 3605 3051 3403 1723 3079 953 4343 4435 3874 1118 1087 1428 267 4878 4046 2132 1869 1339 686 2376 2973 1142 4636 1769 4692 1498 702 2077 3988 4614 1357 126 3288 810 1810 1550 1282 3121 48 887 2363 697 278 2734 3309 92 4813 268 2973 3929 1953 4435 4814 147 3611 2019 4407 149 3867 765 2240 1840 1717 4201 3169 125 4494 1896 381 899 901 4231 4403 441 2804 2548 4996 2858 1947 1900 3513 1556 1086 1511 3877 688 1829 2239 1518 3133 3403 3311 1802 2735 4573 3413 1208 4450 3080 2506 3870 1003 194 2247 4243 2305 3754 642 2130 4300 1697 4092 2849 4959
4176 2710 1031 2349 472 1553 3873 655 1009 3892 1128 1502 3391 919 2531 281 3637 3210 2712 2962 2559 4227 56 2378 2498 1119 3844 3068 4573 3076 2794 2970 2386 1021 2081 3729 1441 304 4663 3697 1583 2051 2667 3574 3030 1306 2135 3463 1603 4530 1353 210 4339 3623 2031 245 1465 4783 4618 1547 3533 1736 3537 1228 576 4385 4278 3217 445 4872 4393 4272 1506 4771 3349 490 804 3285 1771 4737 4955 4977 1120 4691 3273 781 2497 1990 3121 4219 4264 3383 4630 902 4312 4487 3638 1188 3118 2009 1581 2030 4196 505 1004 1996 3628 3586 1637 1545 2043 2932 753 119 4764 4305 2943 2046 1274 4711 2345 4071 3434 2899 4767 2471 4009 2820 2837 2553 1811 744 4210 4193 141 699 4414 4758 2401 24 860 1740 3637 882 631 4048 3635 1085 3045 4763 306 3646 798 3316 1686 4661 530 2432 4818 1321 2794 4795 2915 1776 1464 2675 2466 3386 1102 1958 2613 3325 1394 3582 4124 2025 4675 331 2871 4950 42 1579 588 442 624 4750 1960 468 495 1440 498 2629 543 46 4050 177 3825 1003 3246 4140
589 4270 1555 502 3043 1841 3874 234 1699 805 2830 1130 4712 679 2044 3858 2834 2886 2243 2522 1038 877 3938 241 1767 3844 205 4084 532 2356 946 2261 1197 3674 2846 623 3721 4260 2775 1764 720 103 1004 2966 852 132 1165 213 2897 3208 2953 1778 2054 730 334 3672 2081 1246 3821 787 4872 837 614 422 4899 2758 1198 153 3316 942 3466 4031 1727 3889 618 1237 2028 1556 1078 4234 1779 3762 3455 366 2086 1887 3541 4410 513 1586 3608 3334 1622 2098 1370 4025 87 2420 1934 4234 2273 3817 852 4843 3095 4942 3402 3432 3271 2164 3507 105 4439 2171 1782 4384 4253 1307 1213 1060 19 2196 4218 4552 2797 1799 4211 554 1539 300 2939 4274 4917 4444 1651 1847 2866 2085 669 3172 4818 912 2112 1522 3621 3076 1502 4094 3327 1403 2565 849 4253 1547 4072 2464 3147 596 415 4542 1460 2335 665 4235 1346 2423 4764 3759 4127 2265 2641 3998 4443 748 3878 1583 3942 4689 2029 2868 3819 4828 1255 2300 882 101 2446 4641 3230 2918 610 675 4193 1411 1618 750 4793 2493 1563 1891
3611 377 4638 4380 4439 3572 1342 1264 3301 1793 222 2034 2699 2497 1836 142 3155 1698 3617 1110 303 1536 33 1525 1479 3068 4084 1018 1657 70 4981 2550 1880 4550 147 1454 2602 670 3764 2005 945 1051 890 2653 730 3681 351 2908 4334 3932 383 282 4351 3411 3121 1912 2538 4430 4421 2942 2055 4636 2322 4874 16 4608 2391 4020 2664 1150 2932 3860 4306 4366 4312 2462 4628 122 207 3411 1097 1453 147 1210 1375 974 1535 4135 38 4925 1482 3369 4851 3079 1323 2604 2859 4826 915 2861 148 3751 4547 2607 914 4550 1746 4676 425 2460 1695 4354 2240 1034 4781 4853 1511 3738 1537 766 1457 1191 1977 1974 4711 2280 1093 3179 878 2373 3157 4205 3735 4261 2360 788 1486 4896 1463 1546 3098 428 2624 489 2726 333 4812 3531 1505 2505 1884 4678 3557 1226 285 103 1473 3028 1351 3799 3948 2424 804 4324 4698 1987 3506 4239 1253 1274 478 568 4434 555 540 1298 2159 3615 674 1969 3412 4919 3873 3704 1842 2434 3710 4168 4904 745 4228 4811 3877 4498 2747 3324 4656 1205 2651 3134
3820 202 749 2184 4394 2710 2399 4985 2116 3460 2395 2853 1614 2319 4686 1173 2477 1838 3201 2372 2899 2806 3963 1137 1644 4573 532 1657 585 232 78 2606 4425 4181 3905 3182 1761 3631 986 4571 4427 1890 570 4704 880 1788 1246 1902 4338 307 2270 765 3832 3961 860 4296 4529 1438 1089 1986 479 505 4185 2089 2198 2636 1403 4427 3433 1395 4346 475 1261 4265 783 2331 3718 2904 250 2296 3539 3059 3802 299 3668 623 4032 3260 4959 4361 3172 4006 3674 588 1724 4416 2679 323 2851 2969 690 1587 558 2131 1772 1379 1084 2867 4158 504 4890 3135 1624 3376 964 2963 1081 3213 991 1062 4476 507 363 4489 2780 4707 293 567 1079 618 3401 973 1726 2811 1995 672 4375 1671 2613 4875 3646 3368 2747 3543 3828 3440 2980 3852 4008 2712 1343 4483 1484 3808 1544 2471 3661 401 2207 4570 288 1449 4176 2277 1090 481 3774 1231 463 4032 3253 550 2734 281 2738 283 612 425 2454 4657 363 3246 622 3990 1022 3850 2483 4808 4228 563 1339 430 4770 1906 2448 3706 2534 283 3951 2955
3971 4962 691 2155 2292 4654 2040 1811 4368 3262 4472 1536 2279 841 4888 3927 836 3381 4990 2870 3423 3065 2343 818 658 3076 2356 70 232 1649 4797 4235 4976 4819 3998 1374 970 481 4108 3161 794 4572 888 2590 475 2615 3711 2485 3244 2208 2239 698 3947 4358 3206 849 1976 1032 3577 407 3570 1220 582 1941 1689 4538 2672 4188 3780 4322 3879 2512 2439 2768 4286 3849 914 296 1085 2390 1194 3171 4527 4300 292 3420 797 232 706 4340 4311 142 1710 3334 1224 1340 2368 4121 3952 2081 3436 4381 2242 4540 1913 3495 3938 282 1087 2146 1822 1165 3688 3757 772 3831 83 2684 216 177 776 1330 1512 4987 3882 1607 1543 567 4298 3764 2730 302 1059 4312 2128 199 1642 1392 3924 818 3803 274 4621 1166 667 2566 1469 1986 1442 1026 425 2468 2812 3075 2195 4437 2185 189 4261 1169 3281 1845 2793 4064 1534 1010 4908 2710 3939 892 2798 3514 523 4176 1727 631 1868 3826 2250 2294 1518 2186 451 346 301 2352 600 4810 3925 4486 200 2707 11 3156 3414 1030 4797 2902 2089 2831
75 4267 3424 3484 410 4916 1058 3286 4288 3856 4502 1206 1196 74 965 2970 1627 1048 3190 991 1226 291 3098 2943 1244 2794 946 4981 78 4797 3031 981 4410 2380 3106 836 2902 2632 4859 2809 158 92 3397 2429 3738 3716 3674 1149 1305 4415 4796 2221 3928 3450 2221 1340 970 4505 2618 3874 87 2486 754 3024 2310 2454 4492 320 2236 2358 2974 4430 911 1070 940 1138 4929 324 991 3108 4258 4539 2141 2013 710 2178 2103 2134 1933 1540 4441 3205 1901 1870 784 843 2256 3928 4529 3657 3531 421 2934 2088 2085 3411 3025 1285 1149 4734 2504 2534 4149 2855 1171 2552 3653 3252 3310 255 292 4170 2417 1612 4540 332 1035 1119 292 288 2321 1046 474 2467 3828 964 4169 4407 3299 2023 3394 4697 4897 3780 3953 3599 137 1384 4195 3130 4070 3308 4592 2873 328 543 3591 3146 4948 1077 3482 84 2287 932 4154 175 489 3511 633 2936 2013 1078 2043 1229 2123 2033 3357 2703 293 601 4382 516 1474 1620 3847 542 1410 2652 1345 4611 406 1716 703 153 4874 2298 1123 4461 2284 3824
3076 282 1388 690 4191 2376 2587 3053 3211 3163 4196 1480 3151 3557 3014 2752 4528 3995 1856 606 3829 660 1892 3480 352 2970 2261 2550 2606 4235 981 3782 271 2290 1528 2877 1885 704 442 4918 2077 4219 457 1799 4155 21 1887 3666 3044 2981 2314 1677 4602 3366 2497 4340 99 4476 2715 1940 1794 2359 356 199 4310 4299 1276 280 4058 4203 4004 3964 4807 715 309 4302 2119 4029 1883 3117 1194 1248 1650 4161 4537 1272 4650 2324 1271 1041 1593 1844 2717 4160 1618 4557 810 3411 3792 717 4845 2457 2047 877 2725 1308 2780 3773 836 1836 2505 3055 4136 2001 731 1345 1583 3276 639 2153 795 2734 3063 1334 1449 717 1922 390 2004 3086 2140 1773 3667 1702 1271 3614 4241 4173 2543 556 3580 3812 231 4098 3943 2929 2944 1279 4912 784 1690 2404 3088 1152 678 3306 4242 1329 1331 1457 2874 3701 4615 1068 3109 3131 3482 774 3066 2361 268 314 1426 293 2980 4591 4585 117 1821 2797 863 4111 1540 2366 402 1436 749 467 741 4792 3360 2280 2320 2139 4052 979 246 3054 245 1198
1277 4593 4886 205 3759 4715 3507 3461 800 4383 3620 2967 3356 1177 4391 4226 237 1631 1765 4194 4401 4119 1472 2563 2245 2386 1197 1880 4425 4976 4410 271 4011 3600 4780 4214 4664 908 120 3702 339 2061 898 2304 4465 646 4138 146 1534 942 982 3612 90 4017 1646 2767 1567 4400 3205 1544 3117 3649 3089 1013 3084 299 2020 1181 3848 2936 2168 3547 942 2671 3398 4951 4255 4385 2374 3719 3092 968 3993 3737 2342 3383 4484 4147 2565 632 1816 3762 4642 49 4231 3386 3032 1761 1394 1972 3141 4498 617 3164 552 2711 106 1010 254 492 4457 4363 3881 3701 4005 4486 4060 1323 3587 4782 1711 1613 899 101 4066 2471 4708 4858 1930 2872 1128 4872 117 2352 2092 2406 4573 4003 620 768 1474 1309 2814 3620 430 2531 967 3309 3871 276 4470 3744 3969 533 935 4244 4927 2322 4997 4260 2518 4333 3299 3549 4978 2070 3974 4682 1903 170 4555 1081 4931 4288 3468 1271 364 1979 3113 1836 4970 4483 657 158 471 3352 4338 4345 2931 1435 3930 4058 1519 4534 4203 2789 2670 81 4839 247
1091 488 1814 249 1714 3205 3936 1607 2115 513 4073 1656 387 4774 3888 4667 4313 179 3564 3761 2045 3104 72 3722 1428 1021 3674 4550 4181 4819 2380 2290 3600 639 227 4356 4076 3033 3958 1833 1403 3912 663 3451 2698 4495 1348 676 76 2705 1563 3823 1607 3034 3260 1928 3894 2152 4977 489 790 126 985 3404 109 1900 599 2768 1999 849 2255 3948 3179 1035 2121 4616 3726 46 1374 3501 3726 3485 4802 3806 2712 1187 3632 4865 876 50 526 501 1024 209 4627 4576 153 1907 3665 1643 465 1627 2421 361 232 1954 2242 3722 4561 3315 2726 3213 2462 4223 2289 2140 21 4426 2716 2986 1890 59 4487 2486 4054 4934 320 1209 467 358 4499 2347 1581 4692 3888 1491 2676 3063 3687 4362 3478 4767 4037 2229 1414 24 894 4569 1873 2682 2504 1770 4104 4727 3367 4939 1078 812 108 4924 811 1766 2240 4128 4164 1102 4614 4413 4163 2998 742 3982 3718 1494 4784 841 3611 4264 2968 90 4817 751 2947 337 756 3748 1656 4620 3536 4772 291 4272 571 3408 2071 4934 1365 4981 427 1007
148 1890 4398 4126 4680 4504 4961 2104 1559 1651 716 1775 2940 2193 3934 1893 3584 3074 529 1568 4971 4588 3499 4192 3302 2081 2846 147 3905 3998 3106 1528 4780 227 1898 2716 2833 4194 1633 4398 4305 1258 2407 4915 863 1595 4223 2747 4843 315 2167 1468 913 2267 1360 1452 1761 1496 2134 2019 3109 52 4725 34 3109 1180 4451 1240 3171 2360 4514 484 4887 3023 3412 1430 2721 1576 2491 4912 3739 421 4756 3257 2071 3762 4758 2039 4865 3713 2696 4024 2731 1061 4546 1769 4646 828 3005 755 1907 2819 556 3714 1024 3045 3997 4555 1069 2925 2374 1997 2162 660 4608 3818 2378 1989 4064 4487 3376 1289 2311 1634 4675 1381 4136 2546 1764 3521 2149 3618 4959 330 1427 1342 53 2224 4314 4755 1486 1817 2111 1790 78 3149 2143 4461 3135 2642 19 538 4525 4996 3138 3117 3899 133 3047 3058 4646 4876 2721 3476 1000 3942 546 4953 577 4018 1900 4052 1112 4210 305 2510 4149 4996 4824 395 3687 1159 1573 2971 1347 1923 2637 1852 122 4946 899 4161 4798 1709 3907 4883 2755 2897 1640 4500
1933 346 3728 4736 4491 681 4727 3787 286 1168 533 1508 180 1297 774 1115 3595 2168 1846 3654 2557 655 4599 1565 846 3729 623 1454 3182 1374 836 2877 4214 4356 2716 3548 4773 2014 260 3291 4395 4440 4974 245 2368 1750 4883 888 2691 1158 4150 4012 2920 4307 4161 2064 4773 2356 605 2095 3816 4186 2744 2503 3971 2052 3040 329 2628 3994 2845 1182 1877 3580 702 4512 2604 1085 2699 3618 1327 4888 383 1718 2933 3001 276 4971 2587 1386 4732 2003 2965 861 4537 631 1912 4889 31 4701 260 3748 3736 276 2949 268 940 3844 4300 2381 153 1558 900 2934 2081 3679 2120 2848 1689 2610 1469 2315 1297 3160 3446 4507 3086 4821 754 2778 4020 3114 472 1486 3781 304 496 1036 4572 297 2062 2995 3044 1065 1950 3739 4335 1512 4576 1226 410 2496 445 4898 920 615 1656 1157 3308 195 1792 212 1680 2066 4921 1532 4605 1730 4983 2328 4355 3039 1428 3194 4370 4233 3283 3628 2888 4832 661 3407 2475 1525 3479 2287 2695 4872 2252 1792 986 48 67 3924 1311 3318 3417 3890 79 1945
1522 826 4919 3824 4484 578 1895 123 2229 1287 950 1403 126 111 2893 3576 4341 1094 3280 1591 3923 3539 3335 2781 4433 1441 3721 2602 1761 970 2902 1885 4664 4076 2833 4773 2644 388 4581 3402 3933 4389 4874 219 2408 395 2141 3965 3137 3827 1188 4048 2000 2769 744 4104 2801 585 4415 3297 3209 3611 3550 3035 3552 4344 3611 2059 3639 3858 1785 2778 4768 3551 1736 3892 4915 3844 4917 24 4589 2450 4252 1099 2176 400 330 2729 1281 2268 289 2534 4471 2727 3934 3752 127 2066 3053 1921 2392 3123 3835 2568 2014 2423 3731 4002 1048 4509 2886 596 1010 930 1833 4254 4443 42 725 871 1403 2815 733 3003 4923 949 3933 965 18 184 1515 3596 689 1556 1874 3967 2923 3759 627 4616 3507 3834 809 1886 3135 94 4277 288 1332 4826 3167 328 2195 2046 3007 2711 908 159 2598 1025 3595 1302 523 1571 3876 1270 1175 3708 1086 3102 31 2335 4285 4307 4802 1524 4398 527 287 4266 3595 3177 2096 2294 3419 465 2108 4747 3882 544 3806 1757 1489 2312 2664 2205 2509 1010 1425 2084
3542 221 1361 3708 3718 3977 508 2812 825 4105 2449 2332 4842 4554 2568 2636 1060 4332 4966 3253 3880 2423 2859 1806 2420 304 4260 670 3631 481 2632 704 908 3033 4194 2014 388 4030 4797 4832 4333 1073 3560 203 4528 3618 514 1707 3026 2998 263 204 4851 2504 301 2423 247 4249 211 4746 2792 2186 4610 4197 2350 3075 2777 3778 2395 3473 639 2398 2527 1591 4324 2234 1433 4913 3739 437 1010 1027 3820 4697 3362 1550 316 1183 3669 4955 3204 1955 4191 1153 2001 2330 4130 4636 932 2980 3934 3130 3288 508 97 891 4738 4775 4226 277 1927 62 2684 407 3478 4497 4078 1881 1180 898 2056 4791 2790 2109 709 558 3547 3348 4697 1008 1958 900 1483 3600 4412 4313 2233 432 484 4394 1606 169 3604 4942 125 2902 1142 2704 1421 1103 1935 1037 1597 1850 1318 2353 445 2363 3070 4182 450 3682 4623 1767 992 988 1906 2741 962 3758 2670 4935 4459 3049 2805 1986 859 2078 1156 4384 4594 418 1530 2733 1758 4950 2871 642 2973 3629 735 3174 2222 1664 227 415 990 3388 4698 1060
537 2418 1219 4487 1613 3708 2089 3448 760 2325 2620 87 703 695 4708 395 973 852 3416 2742 4536 3633 2195 744 3807 4663 2775 3764 986 4108 4859 442 120 3958 1633 260 4581 4797 1538 3590 945 897 1668 34 2497 372 4324 2269 3771 2846 167 867 3730 720 2710 1474 1719 3194 4243 998 1313 3459 3535 752 3828 4079 3793 446 302 2347 4130 3835 2565 3415 2080 595 2437 4118 986 2694 2822 4670 1698 2232 3037 1743 558 3806 4458 3944 656 3667 982 525 3561 3416 4765 2258 3603 382 4669 4186 1013 655 2882 4111 859 1997 1516 2839 1686 2066 4220 2880 4321 825 4453 487 1186 3345 1089 4242 253 3041 1964 2775 2848 2228 2651 1163 4724 3907 1469 506 3140 3005 3418 1213 98 4169 2263 4675 2961 2684 3638 2516 2519 34 4478 448 1100 2079 4024 3257 2928 2357 215 4784 2012 3586 3957 2782 1897 1172 4005 656 3432 1782 3060 2888 4436 398 1733 2880 1765 3184 2723 975 2966 4669 4108 1518 172 3661 1521 1934 756 4038 791 659 854 2358 1377 2836 3928 3999 23 200 1954 1562
2551 137 1638 2357 4221 526 4468 4428 4739 2924 4234 1014 51 852 4455 912 2157 3509 4969 1193 407 689 2003 3014 2739 3697 1764 2005 4571 3161 2809 4918 3702 1833 4398 3291 3402 4832 3590 1291 1103 1441 48 335 762 2584 2902 2943 2600 871 1180 3815 1819 3795 357 4150 1453 1881 2427 4507 4879 1305 22 2407 2691 1434 3213 2226 1102 307 2818 1882 2614 1879 2941 1828 4344 1833 2940 2132 1040 1683 1108 3912 1231 2199 557 493 2272 3020 4638 2722 4083 3788 1651 1846 590 1309 1775 880 2543 3025 417 1578 541 1969 3172 4832 4386 3878 2873 4897 523 2919 4809 3790 3044 4065 1549 2559 3688 3087 4535 2151 1773 4460 2642 3565 4647 3905 1194 1470 2858 370 1540 4716 985 995 2225 4999 1994 3013 659 547 4480 1076 2587 2730 749 2933 4567 2531 1135 2702 3876 529 4133 1560 1204 4775 3178 4800 1383 1451 3630 3003 3173 4091 361 43 235 1669 4896 4033 1759 1852 1200 2910 623 4663 1511 2855 2386 222 519 911 4583 422 4650 688 1828 2812 2259 213 4322 2980 3720 3711 1671 2654
