N: 200
M: 20
Symmetric: true
Triangle: false
15 174 188 46 133 99 73 160 76 127 14 36 193 94 97 84
4 158 122 11 54
13 152 141 77 29 167 155 53 5 21 147 98 170 178
7 13 56 50 64 146 10 129
8 78 164 91 156 121 166 198 159
6 42 153 89 168 72 86
11 101 196 135 137 25 16 103 169 189 102 65
13 67 116 107 3 162 81 104 148 6 131 23 142 24
20 199 182 149 51 110 69 112 82 173 95 70 52 7 186 48 20 132 145 108 115
10 33 113 154 180 120 40 59 45 125 71
7 176 157 55 87 136 151 92
13 37 183 1 18 57 124 90 138 27 35 60 139 161
10 100 75 38 62 8 22 200 179 177 172
8 150 17 134 39 117 9 58 15
5 118 190 185 74 63
4 28 191 143 26
12 4 88 163 44 123 126 165 49 175 19 128 184
15 30 195 32 31 140 68 187 43 34 2 194 109 111 130 61
11 47 171 114 66 80 106 83 119 197 85 93
8 79 105 144 181 192 96 12 41
1424 4400 753 2829 2624 371 23 3824 1480 2519 2909 2542 4166 4272 4030 176 3011 2471 4549 3203 4034 3951 2057 1171 4923 608 1987 2465 230 1924 103 4439 2886 4205 198 3325 1266 71 571 4535 3874 3923 2434 4573 1490 1259 2232 2552 270 2891 4534 4445 19 714 1827 4909 1909 513 4437 353 3181 3990 396 1677 175 4984 2387 1840 1270 205 436 2025 3567 426 1556 2409 3588 3655 446 4278 3096 2619 2118 3991 2553 4754 2918 1523 1111 3516 2934 2699 291 1247 3722 4578 2047 21 3474 1546 509 3683 4725 3144 203 2570 3399 3959 245 2487 3855 2948 4967 617 3840 2766 1772 2562 4365 3140 331 1901 3245 3711 3576 3010 1451 1864 4011 661 2169 2042 28 4579 4864 3070 4782 309 2124 3272 4884 1446 4768 1337 2714 4047 4638 4414 2660 886 2552 1869 4887 3237 3637 1929 1116 2145 2509 3552 3874 4894 3338 1990 4127 1093 3206 255 3780 569 411 3344 1310 4251 426 4981 3449 208 1085 3293 4613 2433 1005 3739 2368 488 3656 2839 4174 2949 1040 294 3294 3074 4936 3820 3319 293 3291 49
4400 4649 4808 4209 4320 3506 1895 1040 4346 3300 1613 778 1765 965 4807 3505 194 2627 1122 2343 1496 4758 1280 4482 2124 1945 3977 2732 4302 3517 3721 1681 658 260 822 3234 2660 1960 1604 2115 3364 4771 4258 3847 1984 1762 2997 4164 4258 2013 4512 4648 44 3247 1315 3131 302 1668 1243 2465 3302 3673 1481 1262 3635 4923 4217 4017 18 4100 2310 3912 2840 457 2191 2603 2098 2827 4115 3445 4566 1336 976 4707 911 2431 3590 850 2069 2869 3891 975 2563 3204 1015 4176 1641 1742 2511 4399 4426 2168 4818 702 4377 2737 4067 4859 1100 3904 3060 830 2576 3578 3367 3195 3826 4860 3174 3176 613 2707 2926 4164 4441 4463 2835 429 446 3803 3358 2153 1053 697 1623 2627 4748 4210 1502 1837 3731 1304 284 3111 345 4571 2133 4191 3126 4361 1527 4446 1841 2243 1431 3540 3212 2827 3692 1843 2697 4090 1775 1484 922 3188 3252 4109 537 687 2644 2457 4943 4849 117 3362 545 655 3551 1031 4053 2629 3105 4512 1800 2711 1550 1318 153 4317 3420 1331 4335 4446 664 4750 794 2851 3848 757
753 4808 983 2238 4571 931 3763 1798 876 4527 4353 873 4681 169 3955 1425 271 2555 1513 3645 1209 3902 1561 2261 4647 2259 990 2067 2030 3227 2425 1283 2069 992 3265 2983 3913 1181 4944 2535 2574 2239 2725 3866 2930 4541 3185 4819 138 2134 1289 3712 1813 189 623 1900 4630 1782 3377 1498 2640 4677 1241 26 2645 4361 1610 3001 90 4410 4383 2064 4765 2077 4031 4193 3892 2731 3660 1351 4234 3437 3770 1216 1367 2991 3714 4407 3373 3350 883 1143 3383 1796 733 4204 2519 4669 4736 2459 1959 4722 1013 2949 2134 1534 4367 3619 298 1196 669 1304 930 3959 775 3234 4158 3585 116 4177 80 3907 592 1152 3773 2242 2197 2547 4159 4661 876 2569 302 3887 824 930 4131 2921 73 1590 57 1332 4858 3000 4406 4236 3633 3953 1545 4027 3101 4742 714 18 4129 4338 4322 967 2187 4291 912 2337 3372 2549 2240 783 3355 4724 1954 4014 374 4081 1647 425 459 3341 1198 3620 4576 4639 1527 2422 33 18 3025 4525 1245 3738 318 1912 4109 1328 2945 1979 4425 3294 1757 694 3328 4042
2829 4209 2238 3432 500 3829 1220 4954 259 1557 2251 3699 916 3378 4643 2323 4244 106 1619 4478 2411 4388 4365 3089 1943 2886 2402 1197 254 4240 276 4336 299 1486 75 1523 2487 191 4711 2154 4850 1925 838 4067 3081 2044 2276 2996 3359 2320 365 3665 1142 19 2169 3566 428 3337 517 3893 4811 4563 2356 1878 953 2438 583 56 1887 686 2967 1287 34 885 2991 2219 3294 1434 3788 1634 4908 147 3520 845 802 4969 4554 3741 4630 337 2165 2502 1000 4458 1912 2291 4736 3822 1773 1886 1812 4687 1297 4097 2479 4924 885 2339 4531 2355 2652 1098 2593 703 4026 2125 2742 258 1485 320 650 1349 3642 1795 2171 2548 1196 1953 3258 3401 3629 4962 1030 3355 1144 868 1439 3591 3280 1062 4226 1593 1632 4349 2040 3403 2557 1223 3560 4967 735 2880 4606 2912 847 3535 672 1717 2023 3409 933 2207 1730 3857 1625 858 4171 4863 1565 4679 3838 31 4382 1189 4236 306 171 3772 4132 4197 2460 3540 164 4631 4374 1216 3279 2691 1273 350 3993 4207 3213 1288 4303 807 2320 4075 50 3374
2624 4320 4571 500 4736 3705 1271 633 1248 3643 2974 3585 1764 255 2848 3685 3055 4921 1008 3383 1653 1407 1226 1653 1360 1262 897 892 1343 4505 1153 1945 853 1582 1797 2506 1636 1834 2663 1639 2599 4428 3968 2631 3761 4370 299 2323 3654 3204 3788 4435 3519 1066 4262 1143 2285 3069 48 2405 1218 1020 1203 2136 2875 3703 889 935 1919 1966 4249 892 148 3870 553 2636 4173 592 432 370 3685 2210 45 633 79 4478 4627 4592 2936 1747 3319 4156 298 384 4863 3913 352 198 1406 2534 10 3366 3842 2990 4007 1097 2812 2972 3749 3848 849 506 1700 3655 3628 3738 4120 4961 4218 3136 293 4877 977 1713 431 2705 4167 760 2948 2992 4883 942 1686 4311 997 2269 112 345 3784 1537 3004 1783 2586 1510 501 4726 2781 1042 2703 3017 2473 1223 1628 548 3152 99 3537 659 1748 3114 2583 2970 4479 4624 4324 781 4867 2606 231 2437 1555 4119 3946 1852 3615 1159 667 4772 1928 3034 4396 2494 553 3274 3871 1041 1526 3791 4669 1989 2189 2051 1684 1648 1015 1547 2327 848 308 1146
371 3506 931 3829 3705 497 4490 1001 1384 2127 2930 3936 4137 660 1874 4703 3251 2427 4348 3593 2686 4591 679 4959 4679 4321 4151 2061 314 2038 3872 2671 153 4808 4584 4673 1733 2002 2657 1521 2270 1919 3263 1886 4505 4867 4283 2968 4361 1542 3353 4596 113 4245 360 348 4530 3182 2473 1935 3226 637 4343 3794 1597 1265 254 3495 989 1988 2693 1306 1180 2651 4083 1765 4475 2851 2902 4268 2705 649 2633 4078 231 1281 4726 3595 4736 602 2627 260 3019 4577 4857 401 4704 2225 1978 619 2750 1523 286 3115 4893 934 69 103 1773 832 869 1678 472 3331 3003 4470 2123 4828 2718 1920 925 4898 3069 3482 1837 4282 3844 3067 1316 1172 1745 614 2402 4205 2340 3518 4888 1093 2946 2295 2652 1079 1409 4711 2163 3254 1395 4203 2419 1672 53 2891 141 3311 40 1726 2115 3301 4119 2042 2851 1780 2721 291 73 2425 3083 3273 2439 3619 1263 2388 2975 2215 4141 3777 1500 709 1703 1955 259 2316 239 1417 4723 928 3191 598 2096 3268 2925 3822 2565 4179 1226 4348 1603 1598 2900 3300
23 1895 3763 1220 1271 4490 3077 3280 4886 1951 557 861 2398 4099 2255 3972 3049 2738 1970 2233 4208 492 735 2604 287 4801 1455 923 4303 4509 4009 2956 120 3948 4359 1321 428 4590 4443 3652 4864 2166 2067 2728 3756 1942 4926 997 442 2446 3845 315 2320 4786 3327 1613 3078 240 2883 4806 2577 1230 2193 4916 4912 2241 1291 1730 576 2114 3366 3360 3543 2169 3732 885 4740 965 4387 2331 4097 1272 2975 1672 3245 3340 1638 2858 684 4664 926 917 623 2592 4750 3254 4347 4390 155 3315 1781 1557 3234 3808 4513 4826 983 3512 1058 4169 4780 1615 1396 2325 4495 3433 4053 4996 3984 2452 2645 2715 4568 296 687 4373 1267 1014 3076 2592 3884 4710 2882 1566 225 1552 3988 2871 2710 374 3532 1452 3835 2194 2492 1760 2361 1306 2289 3149 616 4749 1590 1911 2286 4902 2822 4465 2402 4035 677 991 439 338 1399 4883 3295 874 2710 1189 3829 1754 2044 1780 3257 4797 1439 2734 2661 3908 399 3321 259 4828 1430 1992 2785 502 3639 2421 613 4344 55 3861 3046 1954 2254 2209 2918 3529
3824 1040 1798 4954 633 1001 3280 3378 3224 700 1613 1300 1871 3386 1318 1139 2901 2023 2916 4909 3808 4956 3750 4463 608 2610 942 37 2335 975 4147 2924 3296 2226 1546 4125 4225 1971 1632 497 3869 2786 3602 2628 4026 503 3109 566 493 4490 4797 4891 2681 876 3169 2042 2244 343 328 3644 3191 4399 2423 811 4998 4852 347 3312 4562 2883 1955 2611 3084 548 980 3733 527 4199 3669 3109 2672 4750 2206 1831 1318 2458 2766 1493 730 1070 2223 2268 4001 1325 1134 3558 3516 3343 2507 440 2083 1837 4638 104 1237 3260 647 403 3049 4012 549 3948 1566 2151 1705 1107 2407 436 292 4811 698 4763 4280 1831 3430 4962 1163 1900 4467 2451 4365 4609 2265 3307 441 1045 3724 613 3175 728 1397 4585 2692 3279 3093 4233 972 1289 4029 284 2984 2525 2930 2348 4914 4663 2236 658 896 1516 4675 4139 1039 4012 2707 2589 1709 4641 2690 628 1586 579 2163 1489 1307 707 4435 4659 102 3042 4525 3158 4394 1566 2208 2775 1900 1859 517 1709 1527 2286 2872 1975 1047 4137 1288 1837 2109 3974
1480 4346 876 259 1248 1384 4886 3224 4423 457 2075 3831 278 4735 4755 154 2569 3037 4704 4706 2729 4938 4667 1704 2140 1439 1273 25 2677 1216 1537 3256 3146 4795 2454 3898 3546 4869 2420 1557 2195 1514 748 2411 1022 2699 4270 181 4373 127 4146 2711 4041 4808 1886 1378 420 3443 2128 4624 4537 502 3839 2021 4559 1264 4697 3411 907 3785 3844 1751 560 984 3732 4087 1934 2634 1717 3993 264 4403 2652 3022 549 3091 3012 947 4497 4573 857 4445 4948 4309 3794 3211 4807 3910 820 4258 193 96 1424 3189 4966 149 1937 3703 4644 2257 3308 646 4945 583 4735 2519 3445 432 2763 1730 430 1590 477 3020 3304 904 3569 3370 511 4895 3171 2937 1790 3058 3561 2057 596 778 3234 3743 1166 4740 3631 4111 1494 4664 544 1047 2745 835 4240 1652 260 3513 4440 1414 1718 1043 2714 782 1521 1380 4445 944 1275 1215 590 2503 4741 2439 449 4433 1047 1585 683 4252 1137 3617 207 2068 4470 4598 572 453 1129 3759 2857 1281 4663 4743 1715 2880 4226 1347 3516 3657 646 1555 3413 2748
2519 3300 4527 1557 3643 2127 1951 700 457 3889 894 4789 3874 4170 1067 503 788 1233 2586 1102 647 1386 3399 216 2691 1094 335 4018 1131 1621 4200 4891 2327 1169 4995 2840 2711 929 3996 2959 3959 1881 2027 3500 3826 4196 3776 161 4193 500 2651 17 115 4429 4251 2360 2781 2813 1344 2639 3451 3785 4348 3925 3886 1829 3582 834 3458 4446 2219 2891 1132 4593 693 4846 4755 2027 1397 1797 3707 1982 1939 3939 4033 205 4227 2421 498 3527 4583 113 4517 3316 4749 2968 80 1278 547 1925 4324 4677 93 3641 2444 2896 382 1691 4730 837 1674 3983 2581 449 3746 2240 4714 2898 4578 1443 3634 2298 2321 1788 4713 18 2582 3483 2368 2274 1345 4472 4760 4919 99 3144 1691 1314 1552 456 1382 3649 1808 1088 2165 3121 2086 1725 3476 862 1139 3128 338 360 113 2423 2064 714 4951 4808 1813 3943 362 3693 4435 2478 1574 2043 1538 4695 1529 29 1369 168 603 1929 4052 4691 4069 1835 2316 1083 1777 2814 2764 4935 276 659 2646 1129 499 4903 3615 1391 206 2316 430 1271 4303 829
2909 1613 4353 2251 2974 2930 557 1613 2075 894 3739 1404 810 300 4037 4945 4998 287 2217 4934 2938 1098 1724 2598 1221 2363 642 3780 417 1684 4239 3088 4007 2946 2700 2581 3403 3269 140 4874 2322 3990 4469 4957 689 1846 3365 3295 1317 372 4689 2603 2127 4669 553 853 1801 4604 3510 1514 1458 2155 2939 2013 2440 2394 1305 1280 1352 401 2299 2309 2005 2526 933 4795 2694 2743 148 3932 1471 3348 4166 4726 3335 4110 537 4193 3697 3595 1552 535 4884 258 1351 1519 1856 3076 772 2079 967 3169 3380 3075 1744 24 4100 2062 4786 2462 4213 3942 2513 697 1885 2618 4200 2009 4728 3194 4666 1107 4468 3104 2416 3248 2192 1519 211 3770 1604 172 2788 3490 1586 4965 1395 421 680 1652 4795 2171 2899 1223 2962 232 46 639 2746 1738 2793 4361 4457 3770 2859 3745 4272 3740 4467 1926 1960 3315 4272 3761 3327 3744 668 4432 1081 3695 4540 1429 774 4849 221 1858 4429 4791 4445 911 3252 1588 3964 2221 3624 3842 836 3099 4891 1847 4650 4815 1410 2335 4742 745 1472 2212 4726 2333
2542 778 873 3699 3585 3936 861 1300 3831 4789 1404 1347 3315 2892 545 2776 3302 4810 283 103 4131 2215 3281 2602 777 4021 3673 3780 647 4110 52 4491 426 762 4025 3258 3511 1477 209 4713 2019 3733 3983 1050 229 3215 1264 1928 1937 947 1593 4710 550 2135 2844 1730 3006 3049 3343 3924 2081 2659 4615 3106 2902 2663 2660 1252 3352 560 1911 4474 2989 861 4462 3937 3699 2339 4433 1574 3910 3764 2433 1079 1934 3788 1512 3084 460 3484 4490 2346 2438 4896 2022 73 253 3631 1739 1599 3726 1153 773 1214 1945 2684 413 2741 402 4155 2928 4241 2606 2725 832 3940 4903 3706 1283 4098 3310 4104 1192 1635 2076 1440 1249 3228 3749 2621 2815 1489 4546 25 2036 4094 1087 2831 3239 4470 1670 4797 1080 2373 730 654 4109 883 1055 2854 4830 1710 1037 3738 354 1781 4653 4203 73 2579 2168 3705 4089 4143 1897 62 1488 62 3034 281 2073 1454 64 3893 1286 4770 1473 2075 2103 1010 34 2417 2563 1323 807 1257 3931 25 3757 227 2387 2901 1295 4956 617 1058 3557 1743 4553 4162
4166 1765 4681 916 1764 4137 2398 1871 278 3874 810 3315 87 3235 3946 288 2761 2532 987 2711 2645 2714 3335 1579 3806 3234 4727 2890 1186 482 4974 1984 2290 3893 1617 1776 2648 4795 4191 2299 4008 3335 3288 4173 4307 1094 4206 284 2358 4698 1301 365 1871 2915 3839 1046 1407 3703 403 215 2461 2753 2293 2431 4996 1643 4904 2919 1321 227 1004 3015 3439 189 25 2327 3124 996 2334 1700 2227 463 1441 1007 1235 3102 4259 4142 2730 1702 4321 2511 3018 4463 491 1728 1887 2100 1718 3034 2384 2423 2310 1424 845 1448 1759 3841 1891 1320 1443 2841 1368 333 3221 2343 2387 2090 3248 4020 2380 3308 4110 2709 4026 3456 2242 2860 3595 3032 1647 4079 2695 4924 42 3027 1095 1662 4755 443 188 3974 4427 4582 1980 3801 3523 1876 4962 4525 3191 1303 1296 3795 4088 3695 2153 3105 3079 3287 3237 1832 4675 1555 3187 4381 2809 2166 1563 888 2870 3007 1850 4598 2205 4885 2681 1115 4680 4456 3758 846 1957 1522 3727 4753 4738 1792 496 3256 4025 2308 4918 2217 2189 1829 4572 1755 4254 197
4272 965 169 3378 255 660 4099 3386 4735 4170 300 2892 3235 2896 689 3825 3839 3859 1454 1664 3743 2970 2733 953 4329 724 1584 185 1452 2315 4038 906 1702 2033 2150 4941 3255 3407 1495 1354 3180 4200 1793 4817 2908 1108 3364 2170 628 4552 3859 2459 1388 4844 2488 344 2634 3781 2381 4290 4226 47 3831 1279 1259 780 1932 2558 2817 4473 1935 570 840 2746 4692 2480 1911 4185 4812 3915 2092 1766 2102 1935 2209 4519 1457 4489 558 4564 4283 2458 3565 4100 225 3164 2068 2097 1088 118 418 4119 1880 436 4966 608 4937 1077 953 3272 547 439 48 1619 2044 691 3911 1049 2953 1503 323 1161 902 4415 3657 2995 1609 2629 2063 2373 4832 1830 4299 1759 551 3528 715 4069 62 4903 996 809 3479 1139 1281 1879 4811 3505 3163 780 685 4153 2376 1303 2995 3559 2210 3647 1654 4856 3840 3178 4193 2077 2970 4102 3078 1043 2559 895 199 4239 2370 1841 2333 1715 4029 4914 643 4792 2576 4815 3614 684 3677 3243 3145 1908 4921 3733 4974 4997 4448 3755 417 3443 4427 2356 1811 2209
4030 4807 3955 4643 2848 1874 2255 1318 4755 1067 4037 545 3946 689 1240 3683 2407 4855 397 1755 986 2228 1528 1393 3623 650 862 1979 4574 1477 3471 2870 3064 3510 3862 3711 1493 2647 3439 2803 2572 4266 3314 1295 1852 3380 500 2257 2563 3687 1413 1253 108 2610 1846 3257 712 951 3035 318 4407 107 572 1229 2126 1604 2176 3926 4097 3037 123 2595 3386 3429 1512 4962 4708 3062 763 898 3358 1167 1905 2111 2604 640 1667 2763 2313 4981 4075 816 485 3621 4245 960 4726 4527 1270 4107 1593 3858 3545 1322 1583 3233 2360 1950 892 4294 2297 2262 453 4716 3502 2783 1319 585 126 94 4708 4214 2060 4729 4114 1296 104 4614 1712 857 3073 1848 356 1647 2598 4767 905 593 1206 2091 3817 4381 3906 662 269 4950 2784 4192 4189 1538 3296 1862 4357 618 3903 857 4148 1709 1504 4796 3354 3164 2065 2137 941 1324 2028 3399 4026 4205 2957 423 100 4240 4212 267 3013 1987 198 1552 3851 3181 2761 4330 338 1355 4582 1223 3467 2293 3310 57 2567 1672 3022 3441 4953 255 278 3257
176 3505 1425 2323 3685 4703 3972 1139 154 503 4945 2776 288 3825 3683 4394 2106 226 3599 3776 4099 1130 4597 1396 3089 2450 405 4095 4149 2288 3097 4375 166 3547 4032 2860 4517 4450 1952 4112 3055 2205 343 1671 1837 3860 4996 4389 1889 565 2617 375 1699 1073 3800 172 3127 4561 3756 745 2116 988 2630 1550 3468 3879 3161 3531 4227 455 4213 2750 4271 1626 1900 1433 2100 2162 2195 2269 1256 3735 2066 4153 1969 2159 690 4532 3073 3100 3932 3587 2422 4902 2895 1796 4160 1487 53 109 2526 2186 2635 2640 1019 73 1483 923 1024 4248 2910 2270 2849 4966 3020 2671 960 3616 1852 897 2746 880 57 3529 1218 887 467 1976 2624 4392 2785 3505 2326 2504 3960 2079 141 3843 655 2355 4346 3875 378 1220 1179 3981 3974 3554 1673 3522 900 662 2983 1562 3757 4666 3825 432 747 830 4427 2838 1230 1922 2213 2851 3813 1442 4078 4555 2675 1016 317 613 2643 359 3267 4694 1333 4125 4862 1484 3276 1565 203 3451 2712 4021 1677 4706 2325 1622 4958 4880 3387 484 3390 4990 3047 3386
3011 194 271 4244 3055 3251 3049 2901 2569 788 4998 3302 2761 3839 2407 2106 628 1380 2812 1336 2229 1858 4839 2503 80 3754 3169 1744 622 2496 2393 1986 4797 273 4958 1822 3775 2779 3024 418 2436 3608 1122 1626 3741 1496 2252 3976 4431 1167 4772 2768 189 932 151 2483 3963 3035 201 2988 2516 1204 580 4265 1255 3753 1158 314 1620 4336 4148 326 1528 782 1967 823 146 3087 1766 466 1901 1503 4628 863 1580 946 4771 4114 1753 2719 4698 1980 4107 1721 2589 1586 1714 3143 3104 3026 4834 198 3087 1037 1710 1751 4400 4777 2347 4966 4124 3003 3683 1988 4142 655 1086 328 1535 4439 863 4238 1663 2466 108 2278 2365 2777 2774 1942 954 289 1352 1209 3142 4923 517 3224 3184 475 4274 2574 1127 2550 1039 2381 3974 1379 1980 3147 848 2038 1726 2080 3440 1946 2654 3962 65 224 1106 4627 91 1617 427 4100 4140 630 4885 2489 4884 1820 1473 1875 575 2123 58 1918 3344 3310 1889 2217 4771 4094 114 4263 4381 4773 3506 4165 392 2610 3680 1250 3313 4583 662 1546 1451 64
2471 2627 2555 106 4921 2427 2738 2023 3037 1233 287 4810 2532 3859 4855 226 1380 4437 632 4055 1686 4657 3291 1005 1808 3275 1407 3341 3879 2674 2687 2802 2743 1801 1233 2329 2635 2727 2595 107 3640 1146 2675 4822 3566 954 2725 4101 164 3401 395 1947 2962 1620 1565 50 2811 1197 3710 1249 4741 1376 2544 2860 1660 758 3878 2862 1911 2074 2103 1409 1478 2543 2231 2903 359 1567 4287 455 2867 3999 170 1359 1265 420 1967 4408 2542 2242 3905 476 2817 4583 1895 3257 2534 661 4609 3269 2622 3270 2599 3927 3807 4528 484 589 2935 2460 1715 96 1743 513 1438 4555 2436 4706 3737 83 1974 3944 2420 98 3350 2028 2195 4534 1658 3629 1426 2970 1200 952 285 1239 71 2126 4781 2022 3469 1341 1577 644 4311 346 4673 629 3737 4932 1532 1707 696 1985 507 4102 531 2248 1077 2121 4206 3658 4179 3994 1140 4106 3501 1152 758 2463 3864 4611 4726 3781 994 3296 1731 544 1298 418 3977 1811 191 4220 3827 3284 262 2926 3096 382 987 1770 3533 226 2965 2988 231 1476 4928 1221
4549 1122 1513 1619 1008 4348 1970 2916 4704 2586 2217 283 987 1454 397 3599 2812 632 134 792 3246 4063 361 4406 2275 3631 771 4480 504 3986 3392 4774 1400 2649 4927 2529 43 1574 4039 1463 2249 4468 66 3398 1106 2002 906 4531 2837 3481 2570 611 3469 2471 2206 3904 3717 4843 496 4956 4072 2998 1556 2588 2661 2729 329 1083 2034 1044 239 2227 3073 1555 1964 3733 3611 1136 3137 1759 2042 615 2211 4233 1639 3817 784 649 4970 3870 699 3371 2890 4746 4237 3096 1053 3021 2603 1471 1437 4349 1672 874 1001 172 3972 4741 892 4283 4544 3023 1813 3542 2163 2863 1674 31 2045 3031 4512 4875 159 2688 2245 1021 2985 2832 2532 401 1112 499 2651 4957 255 1824 3531 3115 2870 3059 78 85 377 425 3600 1282 2625 1953 1797 938 575 451 163 1487 2764 3006 1022 1784 737 2347 2867 1645 3866 2862 4966 1654 4909 4841 2008 2385 2052 1087 359 4349 3921 3994 351 1870 2780 4357 4383 2474 4440 59 879 292 3460 4190 4060 2581 79 14 2878 107 17 143 2425 829 2305 1343
3203 2343 3645 4478 3383 3593 2233 4909 4706 1102 4934 103 2711 1664 1755 3776 1336 4055 792 393 2393 2513 3175 4398 1710 4238 1529 2832 1372 1187 3993 1343 2612 1059 2537 3925 37 2337 4027 710 2804 514 696 3043 4375 1068 4515 4498 1813 2248 429 4058 4133 2236 2095 1802 1182 2252 3490 2937 1719 2811 1925 4151 1239 2026 3454 3211 1820 3398 235 2152 4822 2018 1763 149 3486 1512 3259 2267 2741 1791 3797 142 1518 1230 3580 4968 2311 3569 4607 2745 1059 1080 1830 3087 3908 3894 2345 2119 2516 2780 4671 4161 2762 4735 1264 3529 4235 1577 3638 4074 4356 417 774 2225 3516 1280 3774 4047 3371 934 1829 4070 249 1628 1088 567 1994 85 4800 3991 4853 1149 936 1817 2866 4775 3541 367 4168 2632 2941 2761 2095 3807 4963 1887 2989 590 2662 2343 1118 4151 3185 2033 4829 2114 2739 4498 2042 4085 1948 2610 390 117 3787 4389 4962 3800 4530 1088 3517 4903 4469 1477 2909 1138 84 4084 3957 1350 4438 3609 2723 1106 4562 3341 145 3816 3946 1909 345 67 3504 2469 4847 1820 3018 1260
4034 1496 1209 2411 1653 2686 4208 3808 2729 647 2938 4131 2645 3743 986 4099 2229 1686 3246 2393 969 1457 3776 4006 2716 2403 2974 4235 1315 1221 1347 3463 3088 3630 377 1337 1225 1567 3345 3923 3725 776 4312 4786 1862 3057 1857 4061 4563 2332 3990 357 4781 4024 4982 1017 3503 2423 3792 3404 1426 2470 2051 2068 1147 912 1449 2139 2951 2777 2071 736 4346 1890 1080 2554 447 79 2367 886 3647 65 3505 445 1905 2645 4441 384 4761 4588 2553 2461 4132 3007 2868 2034 2517 2991 2854 942 4265 4926 163 1516 4323 515 4984 3246 4684 1187 4015 3429 1792 3165 1886 53 755 3126 3971 2504 4783 4826 242 2532 2991 4961 3591 4633 4328 1147 4284 1579 877 3414 817 1011 4865 3136 2712 4642 4884 691 1998 2343 4870 4390 3589 2231 2927 3290 1693 1073 3587 4905 169 4514 1679 1463 1419 4641 2141 1963 4607 647 4166 1470 4002 35 1855 1152 52 2944 887 1831 1200 1083 2946 2367 909 3554 364 1386 459 3915 3307 2816 1944 3371 800 3219 2516 2512 2880 2514 1174 1846 869 3620 1810 3972
3951 4758 3902 4388 1407 4591 492 4956 4938 1386 1098 2215 2714 2970 2228 1130 1858 4657 4063 2513 1457 3889 49 2108 384 106 4969 439 2922 1854 4402 1662 703 3209 1493 3720 4771 4258 1247 198 1534 2602 375 1773 3421 1982 610 2002 1360 1904 4510 1973 3360 1301 1629 4393 4080 949 838 1343 3299 2718 100 1944 1620 4649 2794 4446 3455 1730 2941 2178 1209 1155 3480 1174 174 4848 1206 2861 1027 3766 4287 2145 2391 4111 3824 3060 1794 3439 419 2465 2571 1250 617 1308 4159 1241 1286 1051 4514 2457 940 2557 1261 2741 269 3765 1125 3311 1971 4886 803 2605 1009 891 3879 1951 2723 283 1497 2850 4960 4293 2841 747 3420 3469 4640 560 25 3803 1285 1962 72 3288 4675 2810 2133 822 2609 4770 4174 163 2565 2182 4970 2327 1299 1451 3664 213 1074 2324 3617 1557 2194 1805 2273 2051 4275 2684 4133 16 1309 2902 4682 4296 436 2862 384 4745 109 2784 842 67 2565 3232 4567 962 3362 2597 3747 1133 374 1095 4488 4350 685 3966 2994 536 3586 3033 4785 334 4190 4354 1801 1219
2057 1280 1561 4365 1226 679 735 3750 4667 3399 1724 3281 3335 2733 1528 4597 4839 3291 361 3175 3776 49 151 2088 2876 3407 4834 1669 1777 4351 4808 20 3216 1302 1265 2142 3665 2306 3609 3214 3712 3601 3003 3846 3643 649 4325 4699 595 1177 1696 1649 865 2110 4795 1233 3553 3898 1612 2704 3227 3567 4595 207 36 522 2259 891 4528 2239 161 4132 4914 1659 2604 4598 983 1117 2113 4758 886 1812 4117 1516 2404 3454 1619 2367 4062 3028 4393 1989 1849 1794 2901 4144 1073 4795 3683 894 434 4584 2565 973 354 3066 4885 3360 4592 2269 2193 3866 4941 1379 277 3877 1393 464 495 95 2902 2852 666 4526 2010 3081 2277 710 4095 3832 175 2577 412 2463 1772 1416 708 449 462 1650 3120 2819 3779 4948 4196 312 683 857 2996 4698 4386 4754 2232 4379 2030 4521 2833 558 1828 224 1606 198 3713 3148 1612 4475 1300 2531 3013 3284 3934 4343 661 4626 1797 1914 1125 2071 2717 4336 2367 3123 496 747 4276 1350 614 4570 1261 1567 3494 4943 1778 1736 3972 3460 71 293 1264 1716
1171 4482 2261 3089 1653 4959 2604 4463 1704 216 2598 2602 1579 953 1393 1396 2503 1005 4406 4398 4006 2108 2088 4650 611 3691 674 31 4614 4013 2384 3567 1101 1121 4509 1958 1269 4603 86 1134 4361 3846 2642 2848 1561 64 89 2951 4918 3401 2362 2359 1187 207 3570 991 4950 390 4149 1644 592 4672 3510 3474 4554 2994 1854 3762 3077 2704 1494 69 392 1784 96 4547 4286 1236 2040 1067 786 1680 3476 944 1323 2571 1042 4388 29 3994 1053 4273 1657 917 3890 3994 3894 2763 4755 4037 1535 904 3111 1298 4974 4098 2633 1168 1110 2509 4477 4538 2649 915 438 406 1528 37 4248 4699 2611 4891 3140 1791 2932 3716 2607 1462 3202 209 4383 2161 138 1201 3636 1953 2510 4941 386 1174 3373 4897 184 4314 1433 4684 906 4582 3496 914 4321 3595 3185 4537 527 2529 4016 2996 1609 320 3191 3181 31 4391 3340 4953 1640 3447 1355 1126 4144 3186 275 1207 805 771 2882 4222 916 780 4090 3433 3758 1748 2822 1450 3100 4239 3058 3012 2212 2421 2135 4827 1386 1246 503 3828 2731 2757
4923 2124 4647 1943 1360 4679 287 608 2140 2691 1221 777 3806 4329 3623 3089 80 1808 2275 1710 2716 384 2876 611 1156 1274 4198 4248 4505 1902 3870 4312 2982 341 1317 3124 1731 4323 4267 2151 2174 4498 4167 1760 4992 4332 3344 4792 784 3529 150 2909 3291 3322 3115 3248 2280 3407 2517 514 1434 2985 299 4480 1719 2298 4510 4494 637 2572 3607 821 2571 754 3926 4256 2515 3394 3205 260 4095 4827 1822 2001 1345 2854 4262 2003 2791 4620 3764 931 4672 3901 3545 772 2974 3345 3591 931 3393 2159 718 885 1926 4875 3370 1403 941 4057 2516 1353 2211 2043 4257 3139 2302 4452 3396 3392 4463 2795 2264 3272 179 3541 1776 1576 965 3483 327 4025 2752 580 264 291 2278 336 1481 3529 3912 2159 912 3397 3397 150 3357 1202 3826 3760 4000 4766 848 4310 2701 1665 4043 2821 4123 2014 2351 1634 3704 2334 811 2472 3505 1034 1766 4133 1666 4184 175 4726 3499 1644 2236 197 1681 4763 3240 2430 4621 830 962 757 1117 1749 1735 4705 4145 486 2005 48 589 1994 2700 3067 4826 708
608 1945 2259 2886 1262 4321 4801 2610 1439 1094 2363 4021 3234 724 650 2450 3754 3275 3631 4238 2403 106 3407 3691 1274 2052 3065 3765 1561 4653 3584 2519 3417 1895 945 3313 2779 4810 87 152 2149 1797 3198 953 1075 4756 3787 3040 3024 37 437 714 1067 147 4690 3526 480 3057 2191 2316 3445 3444 1007 838 2512 1524 1416 914 418 1675 999 264 4658 4229 4495 3705 3131 4005 4306 414 1888 3777 35 3175 1356 2472 348 4433 3880 1370 615 4541 3268 2651 100 1071 2292 1288 2163 2784 1597 4250 3085 3954 1440 1467 2510 4979 43 1656 1365 1476 1616 4889 4632 514 302 3410 3148 3183 4328 3304 2946 663 1177 1243 208 3405 4365 1728 2568 3552 3976 4245 3557 3020 4534 2488 4450 1048 4603 2515 888 4437 4623 4760 4143 4629 1078 1169 677 840 1091 1066 569 3050 189 1463 3149 2462 4766 4233 1124 4352 4230 525 566 535 364 4246 3285 2738 1716 2843 1541 2867 227 4479 1842 2585 1661 2752 3768 2848 2276 10 252 4228 2236 3523 2809 2436 4509 4945 4870 1007 3895 4034 1726 1074
1987 3977 990 2402 897 4151 1455 942 1273 335 642 3673 4727 1584 862 405 3169 1407 771 1529 2974 4969 4834 674 4198 3065 2877 1924 3089 2517 4560 4611 3433 3206 4697 2638 1429 2632 4620 1861 1370 3089 3818 1722 4366 4992 4993 2732 1637 1434 3539 4931 1269 3935 4270 2475 1347 223 4603 2128 1318 658 1038 186 2134 3901 955 2604 2461 1880 1401 4226 3507 3420 645 1514 1612 2189 395 994 3641 377 374 2529 1306 2081 546 454 4884 59 2280 3930 2549 3864 3952 3782 1383 3064 3521 2694 920 1628 2396 1466 4173 2952 4836 664 2486 4691 3794 4584 210 1602 1370 2381 1330 2170 1675 1107 4082 3498 410 3617 1431 2684 13 4208 2681 3245 3405 2909 3364 1211 4037 3884 926 4507 826 1210 2411 2722 548 3480 2522 2699 1461 1498 289 2764 1155 159 196 2976 3226 3034 381 1744 1706 3738 3927 2923 1189 2932 2585 1617 2505 310 356 3192 1485 2856 1396 2421 1808 727 1709 1650 2306 1528 3861 3060 1102 1642 1516 4650 4635 867 2028 475 521 255 2438 4967 3638 3545 3284 4161 2476 4877
2465 2732 2067 1197 892 2061 923 37 25 4018 3780 3780 2890 185 1979 4095 1744 3341 4480 2832 4235 439 1669 31 4248 3765 1924 4644 2706 3593 958 2283 1010 1915 3553 4673 3658 4760 2587 243 994 1957 2649 3440 4181 2014 4922 4516 3129 1836 3032 2583 1474 1619 1414 2122 3213 4943 1560 503 3401 4624 1389 1350 2568 728 17 3633 2492 1293 4248 1382 3408 4345 1396 3600 251 1122 4875 2644 3497 164 721 4240 1523 4962 4890 845 2649 4077 3546 1169 3273 3101 3797 2150 1356 1429 3814 3738 2133 946 4913 583 2207 4787 137 980 2139 2897 3934 443 318 789 4481 3947 4511 2337 3022 1171 3279 1778 3626 1429 702 579 3503 3076 2834 3234 3141 855 4082 3496 1368 1836 4395 2563 3513 4350 73 2344 688 3020 4782 1300 504 3244 2810 1413 4543 4414 3637 1622 2208 2552 3739 4361 4447 1421 4043 991 1856 107 3368 31 4717 2308 70 4454 4474 4804 429 3171 4106 299 420 790 2090 2463 4317 1212 3170 1598 1904 1019 1074 3023 104 2035 1459 2683 1806 2464 1822 4485 4963 2330 2667 1777
230 4302 2030 254 1343 314 4303 2335 2677 1131 417 647 1186 1452 4574 4149 622 3879 504 1372 1315 2922 1777 4614 4505 1561 3089 2706 3637 3507 1455 1601 2502 4446 2536 4906 4107 1129 1721 4229 2029 1834 2658 2799 742 3587 1637 4750 2732 4898 2875 4737 1582 75 545 4639 3106 1730 1765 4749 2180 4778 973 11 1667 3568 391 1733 3784 3658 3675 2530 4400 3756 4836 3850 4564 886 2753 1128 1363 1501 3676 1072 1318 34 3892 375 1604 4049 110 3407 1606 3911 1388 876 1176 379 2016 3777 3145 240 1263 946 3529 4549 2539 628 763 2188 1596 3917 448 4473 453 1113 3074 2545 1756 1409 908 4282 2483 3501 3098 2849 1786 2764 683 2389 1700 4408 3982 2588 241 4365 3119 4780 734 3599 2492 738 4118 1162 2997 2630 1061 1135 74 1161 2012 2222 2286 4527 253 755 719 1742 4004 1885 650 3586 2538 2124 1753 4932 3182 3918 3936 125 1613 3795 3131 3467 2570 435 739 593 103 907 4151 3247 1343 1281 2874 3770 4591 1962 1067 995 993 4386 1341 3239 554 4100 2204 2707 2467 3646
1924 3517 3227 4240 4505 2038 4509 975 1216 1621 1684 4110 482 2315 1477 2288 2496 2674 3986 1187 1221 1854 4351 4013 1902 4653 2517 3593 3507 1053 3228 455 3457 1334 1288 4885 1632 4932 2721 683 3300 1512 2929 3163 2110 2294 4737 4708 3204 1917 552 2785 4903 3280 2445 3128 3957 4182 3224 2728 2211 3049 3292 1892 3619 267 4952 4808 2756 1551 2260 568 502 4470 4748 2688 4060 3054 653 4762 1360 4930 1109 731 1279 3398 1046 4819 3644 1708 2773 2449 3869 3183 4107 4364 2154 1211 3497 194 1971 4259 3238 2523 2689 4188 2464 395 911 836 3350 2209 1278 1637 1771 2356 1092 1930 2651 2722 4842 244 1572 105 2734 2762 434 3861 3755 1994 3271 1365 313 3494 2020 1432 3493 3481 3342 3046 4644 2755 1548 1799 3410 3085 1779 4532 2378 4208 1713 3003 969 131 4375 513 309 4074 968 2733 433 4076 4188 3653 986 271 3946 4101 685 1739 2418 4591 3427 1241 1936 379 1410 3566 1356 682 2173 4884 131 664 294 3007 4300 4180 892 1549 588 2788 4179 2251 1877 4063 1276 2072 2575 693
103 3721 2425 276 1153 3872 4009 4147 1537 4200 4239 52 4974 4038 3471 3097 2393 2687 3392 3993 1347 4402 4808 2384 3870 3584 4560 958 1455 3228 360 4006 3195 4553 1007 186 1638 1710 3274 1431 983 3733 4083 4728 998 1083 1324 502 3164 4807 554 727 4131 4884 1407 181 3689 4239 3442 1462 4902 1054 1931 4009 1939 1961 1286 4691 2517 1736 886 3829 1317 2613 1762 4797 4553 4949 142 655 4958 4558 2922 4222 3429 4702 4919 12 1929 2668 2151 1608 996 2033 3185 110 4270 328 1474 3102 4363 4345 115 285 2594 4681 292 4874 717 1504 1447 3785 3744 3589 196 2071 2000 3933 3457 2682 106 4861 2182 3448 2724 1634 455 4500 4533 4287 4810 4193 4647 893 2900 4052 4215 2027 2280 475 542 212 1785 1703 2730 355 4299 4789 1931 3139 1556 3273 296 3985 3458 2730 3169 1817 3169 1818 1124 3276 4031 4457 4864 402 2025 4204 470 727 3697 2919 328 4229 111 79 4141 3263 2065 820 1187 1832 659 3505 3241 219 346 3544 415 4111 1963 1129 3030 2667 2200 1357 3864 3655 3580 3547
4439 1681 1283 4336 1945 2671 2956 2924 3256 4891 3088 4491 1984 906 2870 4375 1986 2802 4774 1343 3463 1662 20 3567 4312 2519 4611 2283 1601 455 4006 3532 4121 4130 1177 273 3089 1611 1128 3553 4689 629 925 1458 785 289 2835 672 3491 4372 600 2338 3335 4289 4937 4522 138 3539 3738 3210 2429 416 1769 1328 3158 3290 71 775 2790 2736 3758 3952 2434 1170 644 984 495 3508 4704 1376 3014 4330 1846 742 257 967 1257 2355 373 1810 4884 2147 348 3533 989 2869 2222 2831 2592 4320 3236 157 3837 3412 1980 3689 488 2116 4667 1873 1588 354 1085 451 903 2024 3633 2706 4709 4678 2156 520 1416 4527 4656 4299 4414 3847 4919 2945 672 3040 334 567 316 107 3056 2692 2991 779 264 3686 664 1844 335 1964 821 3070 23 2786 1090 2721 1441 3083 1472 1371 2338 4721 659 2071 2718 1373 498 3404 3777 3081 1941 1177 4247 4996 1610 247 4247 3172 3385 400 3257 215 3895 4246 2163 1118 4056 2325 285 2760 1977 239 276 703 1937 4900 3298 3524 1555 1579 3817 491 3814 1209
2886 658 2069 299 853 153 120 3296 3146 2327 4007 426 2290 1702 3064 166 4797 2743 1400 2612 3088 703 3216 1101 2982 3417 3433 1010 2502 3457 3195 4121 3230 1936 2419 2565 1229 4940 4087 2964 2290 4835 1716 3846 610 4049 2218 3156 1481 3245 3596 1296 4073 2585 1456 4394 4501 2387 4621 3362 3527 1147 1017 4723 2468 4177 4376 2413 3128 2802 1979 1036 3775 1258 193 2387 57 345 4844 1681 2460 4848 1548 1942 1253 3006 4366 1891 4535 2313 3148 3240 1956 419 479 836 1019 4014 3601 4774 2915 2542 1344 1484 1468 1344 2303 1901 2933 763 1160 3326 1985 982 2689 3321 2716 170 1599 3306 2114 4331 4106 2029 1299 4494 1720 4798 3032 1512 282 1666 1615 1389 1377 1503 4235 653 885 2665 2151 3414 3130 1116 2826 149 2623 3649 1971 344 4141 4588 2944 4223 4882 2290 1011 1765 1787 4387 3992 4362 1102 3809 748 4563 3687 579 3457 2615 492 1499 2227 1986 1938 2074 4112 1082 419 2400 1390 2432 3273 4764 3363 1486 4897 4513 4458 3747 392 394 4381 842 2135 4748 4208 2669 878 2789
4205 260 992 1486 1582 4808 3948 2226 4795 1169 2946 762 3893 2033 3510 3547 273 1801 2649 1059 3630 3209 1302 1121 341 1895 3206 1915 4446 1334 4553 4130 1936 4885 4902 1762 884 417 293 4156 2017 1022 181 1261 2361 4396 3520 876 983 4817 1633 4343 527 2714 3435 1177 1190 4451 1887 4538 3516 3900 4601 1665 2548 1334 1279 1568 1064 1216 3395 2695 2749 1981 51 1742 3095 288 1698 3010 3176 1952 2757 4403 3487 3518 986 4000 4645 2621 4368 4709 2439 2373 2207 3932 250 1014 1868 673 3226 1086 1880 27 4158 4079 214 823 935 4792 3911 357 1410 1755 1225 4885 4274 678 678 927 4655 245 94 3026 810 4243 2350 2514 3404 3457 1339 1603 2986 984 4041 4006 453 4494 3629 4541 4774 2418 1285 4070 3654 1144 2738 1064 2291 3310 4294 4401 941 2767 2005 255 1245 956 2998 162 1283 4850 3022 163 983 2746 4330 4317 3037 2381 197 4418 3727 4198 3491 973 3647 2183 3061 2716 2775 3818 2793 1699 2649 2145 2642 3076 982 359 2395 2486 3564 2568 4283 4195 4577 2214 2522 2132
198 822 3265 75 1797 4584 4359 1546 2454 4995 2700 4025 1617 2150 3862 4032 4958 1233 4927 2537 377 1493 1265 4509 1317 945 4697 3553 2536 1288 1007 1177 2419 4902 1771 4307 1954 606 2617 4611 3780 1879 1598 944 1085 3398 2932 1125 3365 443 3707 2836 1793 1079 1410 2466 1940 4635 766 600 3383 2983 4757 3441 2526 2920 412 4561 4981 1277 1065 1164 981 3655 4112 2826 2191 3287 4429 632 1470 4626 526 362 3190 4392 2779 4123 1495 1786 2963 701 4715 2047 596 3905 295 2805 4234 2732 1067 1316 3051 4314 1113 3788 171 4772 3939 2120 1064 3521 4364 523 1127 4540 2908 1946 2789 911 1445 3631 2051 3807 4436 4248 1285 1691 627 938 3996 3939 4111 1821 4334 2156 4387 1063 1940 4182 4604 4216 301 532 3009 693 4067 873 3813 3490 531 2602 1540 3523 3937 4270 212 653 3961 3803 2217 1599 1907 4563 3433 2170 2525 2905 636 124 213 251 80 2862 1616 1900 2671 1287 1515 3020 956 3724 2261 2200 3551 4940 2127 1090 2425 1026 3707 783 1464 3732 2276 4661 3027 3540 2910 3541
3325 3234 2983 1523 2506 4673 1321 4125 3898 2840 2581 3258 1776 4941 3711 2860 1822 2329 2529 3925 1337 3720 2142 1958 3124 3313 2638 4673 4906 4885 186 273 2565 1762 4307 1524 4902 2832 3126 4818 4136 1920 67 3604 3388 3362 339 3242 3726 4726 535 4427 4612 312 3907 4507 2224 3798 3761 2297 1247 2469 2788 512 254 1514 3287 4990 553 3456 4607 210 4228 3350 1154 3857 2216 4050 339 2202 1638 4524 4569 4172 1525 2981 618 1519 1250 2427 1323 439 2100 317 3847 3570 3260 621 2249 97 3383 4698 4761 32 2730 1951 3812 331 4126 2563 4176 204 2759 4357 258 1654 4712 4418 4418 2472 3104 372 2357 1170 2058 714 1669 3748 4927 959 4060 2993 4669 3627 2188 4172 4097 2260 654 2256 654 897 1567 62 4104 4704 441 2103 1644 1906 4273 2545 2604 1647 3879 2640 4999 4663 2276 2433 4942 1946 2482 2400 2903 4642 4230 2279 4572 1068 1964 2399 2480 3271 1564 1583 929 1011 3112 3043 4085 3117 3283 3345 3933 2767 418 2018 3697 1429 1650 3909 3140 1958 2700 4101 497 1842 98 4983
1266 2660 3913 2487 1636 1733 428 4225 3546 2711 3403 3511 2648 3255 1493 4517 3775 2635 43 37 1225 4771 3665 1269 1731 2779 1429 3658 4107 1632 1638 3089 1229 884 1954 4902 3856 2835 3054 2667 2705 916 117 4308 994 1663 3236 4256 3879 2491 3468 544 4493 3918 1764 726 3963 2252 2106 3365 3379 1939 3941 3234 1264 3365 1708 3103 4794 4758 1756 4008 4933 1395 669 952 504 709 1284 4553 1188 302 393 4006 3812 419 3487 3421 3706 1567 4098 1525 4330 179 1929 4049 2015 2613 3453 795 2737 2936 36 261 3424 3803 1344 3022 830 657 4398 158 3938 1838 1974 783 4987 2099 4680 3587 965 1128 1271 1625 1948 2347 1675 1232 1453 337 4537 2989 3549 952 4405 1484 3066 3792 3000 2950 4411 2806 3417 2347 4763 246 2635 2797 4955 2464 508 2583 3150 1694 755 4493 3010 4613 1154 707 4872 1058 4769 1133 2758 4932 733 2827 1068 3862 3751 302 1884 322 2710 4078 4410 488 2964 4506 4094 4265 4004 2189 3733 2585 1099 1574 2671 4737 592 1063 455 2942 2132 328 646 3354 3480 3665
71 1960 1181 191 1834 2002 4590 1971 4869 929 3269 1477 4795 3407 2647 4450 2779 2727 1574 2337 1567 4258 2306 4603 4323 4810 2632 4760 1129 4932 1710 1611 4940 417 606 2832 2835 2012 1828 2958 4703 752 4387 3393 4890 462 2139 3693 2700 1551 3049 2864 1623 4741 81 3670 2636 541 2066 2803 1080 4607 1071 3828 3240 4680 3370 2370 3785 4804 567 3188 2370 1798 1010 209 2823 2861 2230 1059 2187 573 4986 1847 460 3707 4709 2641 2755 488 3364 2377 4031 2118 454 3154 2781 2499 4570 548 1798 3579 2183 1527 2366 1939 2174 1405 2408 2281 82 1822 729 763 4749 752 493 658 942 2066 1964 2095 3301 898 4498 753 867 2745 4008 1156 898 3395 2511 4938 1143 3061 4014 3837 1767 2610 149 4105 1445 1859 2317 3695 3366 93 1776 710 3630 4120 4661 4969 438 3126 1566 1092 2632 1878 3811 3340 4083 2471 2110 1770 1419 4655 1372 1884 4335 681 4906 2650 3316 4248 4387 4823 712 3139 3033 2912 2236 85 1445 4906 278 3130 2085 669 4357 327 4210 1013 2715 1138 3820 1189 3480 841
571 1604 4944 4711 2663 2657 4443 1632 2420 3996 140 209 4191 1495 3439 1952 3024 2595 4039 4027 3345 1247 3609 86 4267 87 4620 2587 1721 2721 3274 1128 4087 293 2617 3126 3054 1828 977 625 3444 3768 4965 4758 4326 1261 4062 4573 2263 3142 2177 2877 3258 2028 4393 1808 4856 1059 2125 3634 4133 1682 1280 1717 2090 3080 4682 4952 4884 3887 2217 436 1837 894 592 3512 4795 824 1472 4017 1863 4775 650 4482 1236 4434 299 3865 2378 2832 3298 3365 712 3613 2144 266 3963 390 216 2396 3324 1339 3303 2362 1942 4639 793 1103 784 4357 2513 439 697 3831 4444 2622 1606 3559 4317 2894 4675 2138 4775 3862 1423 1469 4017 2316 909 3873 4078 4548 2903 3399 4897 2995 310 1137 3482 4301 4492 613 2393 2522 1917 1239 1660 3715 4605 4353 176 1978 2278 3445 3891 4918 1042 1169 4892 4604 2589 4726 4795 4507 1271 2184 1209 3618 1852 158 3498 435 649 4466 3101 4065 795 1080 2766 1053 3959 4102 2477 4118 2170 971 3323 4999 3999 3895 3331 2225 734 3233 4372 1146 3129 2247 132 4756
4535 2115 2535 2154 1639 1521 3652 497 1557 2959 4874 4713 2299 1354 2803 4112 418 107 1463 710 3923 198 3214 1134 2151 152 1861 243 4229 683 1431 3553 2964 4156 4611 4818 2667 2958 625 2887 381 1837 3412 1735 1225 352 2397 2863 151 487 2603 4654 3980 4455 664 3379 2076 2256 4327 3137 3417 312 1997 1243 3176 3855 3573 2153 3315 2458 450 283 3403 4111 4058 3930 2267 4744 4104 4062 3002 3165 357 2183 725 1770 214 3422 1571 2329 4102 2803 763 3013 823 1203 151 3840 3940 1976 1598 2663 1140 2611 3657 4510 3416 4722 3203 3686 2863 4785 4213 3349 4626 311 2988 1520 2201 2225 444 385 1456 2904 4185 760 3918 3109 4544 741 2115 3453 4379 2431 977 2667 1422 980 1407 2179 4035 2466 2421 2696 2414 241 3048 3081 4414 4566 4601 3634 4672 2486 3515 821 3336 3984 4719 908 775 1253 3150 3666 3338 2579 4898 3417 404 4826 4753 232 3870 3934 3917 785 2088 239 1108 243 4962 4861 3352 3402 1175 3859 954 1069 1451 3880 4951 4386 1693 4879 2076 3225 1845 2608 161 190
