N: 200
M: 20
Symmetric: true
Triangle: false
15 54 144 10 169 86 51 32 5 165 157 60 11 1 173 96
12 92 132 57 185 110 153 23 141 103 3 68 164
8 117 140 2 94 162 161 175 88
11 120 61 58 128 62 138 125 87 189 192 108
12 80 47 170 148 71 79 105 134 39 131 109 52
7 107 76 167 70 44 119 129
12 4 172 33 41 127 75 14 74 178 28 20 197
10 133 147 25 40 72 15 27 145 118 176
8 12 89 17 69 48 190 77 6
4 194 112 50 181
5 82 85 177 184 179
13 22 106 136 56 67 19 126 35 100 102 21 180 29
10 149 198 91 16 34 174 7 9 154 137
18 24 42 151 168 111 115 81 59 139 64 55 18 83 152 101 159 49 31
7 46 200 195 187 163 182 122
10 158 73 130 99 90 84 123 93 66 45
8 143 97 30 166 121 116 188 160
10 146 98 37 150 63 114 53 183 36 104
12 38 193 65 156 186 78 142 199 191 13 135 26
8 155 124 8 171 43 196 113 95
1696 413 3259 4094 4751 213 3792 2307 2984 1761 4367 4782 1127 2358 4294 4128 2606 1241 2060 3730 4675 4125 2317 3963 235 269 1185 1848 4207 3257 265 1627 902 4475 4216 1535 785 2578 1665 2087 2568 614 1395 2762 4883 2800 4453 2097 4942 980 4670 2256 3224 63 3189 330 2911 1792 3137 3336 2976 3770 3431 875 149 3282 3351 2626 4465 1631 2936 97 3552 2802 541 4971 4292 2166 3259 4595 3780 2607 1588 2818 4911 3304 4259 2882 1284 4216 2121 4201 3904 3748 2847 4933 4138 3505 4109 4725 1845 3792 801 3605 2428 3651 3895 2908 4888 2837 2006 191 3592 2028 3549 3495 2420 3136 4500 1020 2353 3980 2152 2987 4469 392 772 3119 4416 1865 4930 3596 2468 2552 4206 2385 3739 4693 3136 1938 80 3716 1020 1843 777 3491 497 50 2458 2239 1865 812 733 3756 2278 252 2277 4107 3670 334 430 1491 1381 4856 3026 130 3358 483 1025 904 281 4030 4905 4258 3762 2135 2830 3101 3042 2651 2631 4244 3949 2346 2607 2223 453 1216 3232 77 1272 2433 698 1405 3988 3361 33 4712 261 4058
413 2327 4812 1781 4487 4639 3256 4490 123 2377 3068 4289 4467 913 3601 497 3627 1306 3066 696 405 2015 3582 3175 430 4604 724 4437 3135 4234 2992 2406 875 3033 3687 364 1496 113 2791 3638 3781 4508 2232 4983 3189 3913 2287 2337 1888 3237 3486 4264 2414 2071 139 1539 4713 170 3533 2197 2481 1820 3307 4757 2011 161 4379 4607 1090 4226 2263 3173 4654 4890 4929 422 4554 1785 3996 4939 1146 1296 4819 3479 1768 2685 4588 2591 2890 133 3933 2143 4818 2126 2052 1899 4810 2188 3538 3751 1169 382 2040 2965 1315 1485 3128 1808 2311 3820 2386 790 278 4777 802 973 970 2984 932 1640 3431 907 2148 2265 4748 1443 4749 828 2333 1215 2651 1642 1366 853 1106 486 4489 1431 3491 4621 4464 1505 1574 3150 3245 1361 1000 2796 4477 535 3518 4342 2112 63 1473 2102 3792 4721 3485 3204 4730 2841 3365 3435 3124 3784 1447 743 351 4969 3959 4377 2713 864 3794 1047 4908 1912 2602 3762 192 4023 2346 643 4411 3313 1019 3247 4403 3002 3483 3937 4992 341 4516 1462 3552 1875 4240 496
3259 4812 511 3814 4251 3030 578 3227 1412 3322 2326 4463 1479 3770 3072 410 2851 331 1311 4118 2070 3932 3761 1423 1334 4529 2092 570 4418 1025 1265 1644 217 3790 4630 748 2377 1851 1114 3614 1155 2163 4226 1186 87 1778 4546 1202 1359 2873 87 1891 3495 327 1158 837 3419 4439 1084 4424 2376 218 3653 377 2702 824 3303 812 889 483 4482 3094 1877 4804 4205 1539 4640 3806 2975 2686 861 4069 1056 2338 3415 2319 3990 4615 130 1314 4480 1590 1403 2722 2251 1873 1422 3559 180 4699 883 4854 742 4603 2587 457 2900 4176 28 458 1748 4646 3436 3806 2461 417 2554 2045 1800 705 3162 1349 1832 2728 779 1734 2358 4687 3992 4007 972 2904 312 1895 4978 4607 4159 4407 62 1222 2661 4772 213 4930 2230 4139 1542 1936 2067 582 4000 3344 4236 3230 3734 931 1305 3229 4734 363 3926 4465 4639 1487 2198 4520 1375 4831 2276 20 1773 3207 1468 560 654 2540 358 3597 2938 4653 3081 4221 3983 576 1230 207 3624 960 4835 4289 3480 412 4939 1017 1832 2781 1849 1380 4136 586
4094 1781 3814 1092 4516 1472 3919 4106 4061 2767 3250 2322 4026 4866 511 978 4408 1447 13 2045 2483 1208 1628 4004 1916 4431 1516 654 2728 4639 3064 3276 650 3215 2733 1781 2124 566 766 3553 3392 1410 1288 3171 3171 1688 4819 2012 1610 2357 4774 4959 502 1676 666 3403 284 3211 4230 4174 427 125 4304 1170 1753 2929 2944 3654 1708 257 4935 4455 3293 115 1518 3471 799 2794 3994 2554 4355 3758 3822 615 954 4219 4008 4058 2504 1743 463 2027 4827 3878 3173 3194 4528 3012 3271 1424 2784 4032 1004 1762 241 1648 3675 4514 3166 3915 3302 4287 1100 3018 3371 4950 1467 3990 3743 2228 4389 4435 4895 1975 2017 2160 1809 4193 3039 1641 2708 727 257 672 2137 3990 318 2883 2325 2444 512 573 200 2993 2440 1561 4934 3187 1244 4442 3502 4115 943 2216 644 953 1174 695 319 2921 4817 4761 3326 2896 959 1668 3381 4177 1925 4785 529 2378 2019 4566 3432 836 1445 946 2834 4498 3287 138 730 898 2992 22 123 3017 4798 4570 3429 3546 2946 3802 3432 2768 3793 581 751 491
4751 4487 4251 4516 560 3229 184 2421 724 409 4400 2855 730 1294 4053 2628 4962 2675 750 3599 3948 3497 2740 1948 3201 3023 3996 1950 3269 1483 3746 1392 663 698 307 2956 4876 1248 4444 4405 4673 4421 1652 2345 135 617 2220 855 3864 3482 1562 1997 3081 4231 2749 1824 842 673 1442 4263 4929 1941 4491 938 4375 95 878 2595 4835 2896 4256 1929 4145 4387 3783 1733 1779 875 865 1811 3454 3335 4198 3037 1619 311 669 2503 2874 3841 781 4391 1451 1504 398 4844 931 177 1213 2765 1158 873 3302 1200 4090 3306 4831 736 4091 3773 2557 2829 4809 1817 1152 512 4010 4779 3305 3400 774 2584 1028 3799 3744 1564 2736 4452 909 2127 585 1093 4816 4282 1816 3700 1168 2709 4645 980 2045 3742 162 2166 4475 3488 4280 3743 3002 1391 4204 1065 4550 3697 3550 4686 3339 4086 4189 3443 1392 4449 2530 2599 1025 4410 1732 1979 1077 62 3205 41 1008 1335 4902 853 2556 4142 4971 4648 1448 3709 4107 1953 4662 4294 4748 3011 4992 4557 4920 240 4917 4221 91 1124 2492 4935 1187 4211
213 4639 3030 1472 3229 431 4787 463 170 1295 3531 4464 2294 4900 903 2350 1140 4862 3978 527 3404 2064 4656 4020 2489 315 3973 4733 1378 1980 1859 2128 216 4701 1823 2835 4467 3108 2327 688 2579 1324 3341 3900 349 1408 1790 1826 2239 2219 50 4971 1651 3255 147 2602 1254 2034 4004 2645 3492 4234 4397 3700 1374 1626 3871 253 213 2219 2284 1252 408 4330 4403 686 3288 2610 2874 1160 3808 416 586 4624 1741 3989 1660 4426 1217 1926 2317 4316 1946 1180 2497 78 2815 1004 2614 595 1471 519 2464 1098 1327 1470 4051 975 3368 564 2498 4584 452 11 2578 4223 400 232 3331 717 1184 4828 3534 3479 2764 2614 1235 2029 1082 1775 2671 1516 2264 2785 394 3242 2005 1203 2462 752 4178 3173 824 2987 482 1444 1942 3599 3317 1893 4193 2330 422 4751 3066 3571 3221 1673 982 3414 3364 3540 3633 3580 1753 2187 4250 3432 1443 1269 1521 105 1514 4091 3665 181 4490 1870 1972 2346 2952 3868 4774 283 1016 2450 2957 2520 4063 1704 1627 4942 3121 4532 2053 2008 3329 2127 4714 3880
3792 3256 578 3919 184 4787 2151 4404 1575 1160 2897 551 3333 3725 821 3958 1657 2307 3994 1441 2212 1430 4421 1812 4968 594 3635 3352 2991 1664 2950 3872 3121 4643 270 3006 54 3547 4003 2386 4496 393 4563 419 4349 4911 395 1597 2132 4507 903 4275 3808 2102 3836 4665 4470 4746 4274 4066 2224 4420 346 2522 3754 1429 618 2071 2643 4003 3789 3954 4556 897 4789 3202 2118 2877 290 2002 2431 3988 4571 4921 4335 1703 1684 4944 3517 3999 4314 3535 758 2531 1367 2009 280 2269 1748 3138 1043 4161 3931 2630 2718 4067 3451 1818 976 3521 50 3418 451 4154 4379 955 1840 4509 4606 2919 3079 1006 3914 1518 4152 1151 4827 4898 2637 4539 219 1820 4288 1342 77 3175 4852 3774 229 4570 613 3871 2815 4750 1272 1054 2874 3218 2339 2299 3157 971 1834 1236 3117 319 4222 2779 1816 3556 1240 2975 4611 11 4980 4500 4866 486 2078 2723 926 4742 1625 4008 1432 1939 4172 4955 3770 3891 888 2916 3138 248 1901 2526 4772 3170 1226 17 2765 1704 578 2924 2315 4049 4426 193 4488 1816
2307 4490 3227 4106 2421 463 4404 2015 3637 4907 2447 2021 1928 3054 2628 3417 4447 115 1601 1565 3115 3503 3542 324 654 2717 2480 4379 4858 333 218 4864 2955 333 2969 2296 4403 2362 111 4140 1571 2274 3981 3566 1178 214 145 522 2651 2415 3688 2072 780 4377 3961 1799 2041 361 1233 4502 1220 3708 342 1752 923 3635 777 1665 1285 4151 4364 3050 1324 2664 4847 3089 2226 697 1026 3998 2147 3065 299 3581 2141 3954 1685 4532 1024 2583 2800 2740 2804 2175 2605 4324 4100 2615 3207 2791 192 225 1563 2606 2877 1784 2832 1871 4279 3973 4411 3032 4750 1151 290 4415 960 4505 535 70 2116 3503 4107 573 541 1846 69 584 4806 253 358 2297 2271 3336 4165 4975 1925 4210 2743 2158 2128 3846 1580 2106 1756 270 135 2271 2551 3744 3091 3843 2062 4683 180 3552 2464 177 4941 4709 1741 664 319 2747 3557 2330 82 4818 4744 2955 310 3092 3623 4384 3932 3565 645 927 2279 4586 1861 3085 4805 3016 2493 2758 2141 2640 1629 1103 115 2634 4924 797 1335 3342 1941 3475 1408 2624
2984 123 1412 4061 724 170 1575 3637 1995 3551 2871 3887 3711 4145 4778 1704 4782 877 1318 4976 1668 138 2546 3619 995 4924 381 2984 1869 2004 778 4789 4313 4331 1647 3037 317 2223 4562 4255 4396 969 4641 2838 1417 2462 1722 4600 374 3648 3854 31 3016 3722 1780 3240 830 3154 2162 1305 1302 4818 2053 30 3834 3167 2164 3277 1351 2793 436 1950 4882 4919 4123 2481 3180 177 4324 4138 1588 3899 4950 2485 1228 2610 3741 4266 3902 148 18 1978 4998 338 2344 2600 3536 4999 1168 791 2723 118 1107 853 988 1462 1870 3040 3432 3870 2342 4637 93 3571 1387 2397 3211 3087 4226 1813 1213 4471 1009 3493 3492 3958 1113 2155 115 4142 2055 4702 1536 1213 3048 2416 587 4969 1390 3989 111 4376 273 3584 4364 1922 3958 3070 3137 282 1114 2448 3947 2882 2468 1921 2439 1283 3187 3822 1649 1877 349 1709 3867 872 76 439 4456 2804 297 2411 4372 4815 2126 144 320 3962 964 1650 1582 4892 3880 1804 2678 3901 2498 2500 4264 3654 650 4175 3168 4988 2369 3479 812 3311 3818 4005
1761 2377 3322 2767 409 1295 1160 4907 3551 2535 2134 3256 3112 4232 1648 999 1519 3063 3766 1904 2318 2563 3235 3289 3343 4098 1433 389 2168 85 3400 2116 4236 2805 1288 4736 714 3979 3892 4342 1743 97 2203 1605 4104 4010 4787 2333 4188 165 680 4359 2974 1388 627 2576 4135 3356 3070 2420 4685 3183 3971 2750 2797 4816 2198 4424 4728 251 471 2444 2380 4147 3619 1570 457 1942 345 128 235 3711 4346 1812 4831 4573 759 761 2016 3801 2087 2230 2345 2955 2335 2843 2667 1169 878 1574 2316 4259 4040 1933 4671 2829 3058 3444 2845 1469 346 3144 347 1976 3137 1937 3589 4311 3465 4121 1284 2852 3487 4625 786 849 4022 4622 3411 3275 4773 2098 696 2020 3514 65 4549 72 3650 3289 3941 4731 3560 1293 1730 4641 1841 333 4913 4012 1302 3678 2593 488 1674 3877 2038 4925 946 3340 711 2680 4434 683 4135 1837 718 42 2443 1157 4051 2840 1362 3274 612 684 410 4683 2102 1388 3608 556 4871 486 2902 2099 269 4730 2095 4899 3015 274 4637 3734 4536 3068 3641 804 1886 2676
4367 3068 2326 3250 4400 3531 2897 2447 2871 2134 3984 3196 756 770 1176 171 1889 4177 1958 1091 1341 3253 4290 4348 2449 1334 3643 581 4483 2829 2631 412 3966 3854 1586 2757 2278 4870 1700 2344 3555 4779 972 4545 2331 520 4531 2246 2623 4143 3310 2481 2546 4549 4420 2192 738 4810 3967 2508 1839 4497 988 752 1247 583 1603 2104 4742 4587 1874 4593 4708 1965 4100 1869 2924 729 2842 3642 704 3784 1928 2271 1848 4155 2022 3269 3245 1504 1894 4381 2652 2057 2839 4449 4497 1414 1709 2376 2242 4632 2653 1710 290 1629 3086 3245 1979 2441 2524 3735 2582 565 2526 2240 3932 4081 4295 2161 361 712 334 1888 1509 2306 3190 2812 174 668 3932 393 1177 2106 2456 4391 178 3385 2746 3675 3930 1794 586 2625 437 4952 254 4973 4214 2394 3759 1859 805 604 1792 3476 3541 4829 4474 3810 3353 2860 4961 1553 475 852 55 847 2915 1785 278 2002 3868 661 3253 3465 3559 3500 1361 1494 2927 4956 4762 2202 957 2103 2237 2974 3494 3193 3319 3055 3898 3973 3689 3094 1617 2387 809 4922
4782 4289 4463 2322 2855 4464 551 2021 3887 3256 3196 4750 2273 2443 3944 3669 3102 4832 3753 2272 3046 690 2077 3413 2093 43 2623 3217 482 3376 2911 146 1960 3747 2586 1320 738 2836 3145 2889 3551 4215 4947 4729 2819 3192 1278 49 4591 1234 4433 533 1766 3120 1015 2011 4843 2308 4115 3911 1693 2419 3544 1474 1774 2737 3848 616 3881 3101 4428 1593 272 1318 4333 4701 4851 3181 154 3455 2650 769 893 1899 3088 4774 1968 3397 4385 1241 2560 1327 3765 1760 3684 992 3560 625 4231 3939 536 2743 3579 436 1387 2280 1129 2428 4321 2498 4444 1407 4464 2350 2970 1393 3701 2760 4109 2542 2390 2312 3032 4086 1274 1793 489 3408 4035 3022 1159 2652 3889 3198 864 589 3927 4073 4457 2684 1692 1640 936 140 606 3521 4799 3116 3739 2459 2996 453 171 3441 2684 4007 1055 1543 2298 2631 1332 3720 3234 3875 847 3646 426 2628 1241 4816 1988 4344 3839 958 4594 1559 1415 3558 2335 2059 1415 1175 4969 1160 598 2396 883 235 4897 4984 1768 4054 3547 4423 4821 93 4744 3404 261 128
1127 4467 1479 4026 730 2294 3333 1928 3711 3112 756 2273 2728 1381 4011 1166 4827 953 1937 1963 3821 810 3456 4312 184 233 1404 420 3304 3680 2845 3775 662 4013 4501 223 4120 2405 935 4659 1251 1034 4398 4494 1000 2865 1206 2016 555 818 1487 3920 466 1250 2818 3013 4033 100 1623 3019 2438 1521 775 4305 2409 1838 264 591 2273 574 4959 510 4346 3187 2317 3738 151 1766 3742 846 1851 1017 3182 2153 1523 2486 1792 2232 2389 289 1912 1093 2135 2751 4975 3029 786 867 4250 4762 3243 351 2760 146 962 1095 4293 4958 1306 1558 1164 1382 4559 181 4270 3787 1351 4256 4546 2274 4828 886 3043 94 630 4689 1452 4390 3367 3842 2001 3489 2940 484 107 3452 2486 4460 1590 3741 1047 3406 3308 17 1189 2900 4433 3109 4675 2470 4024 993 4886 3879 2226 966 1317 427 86 1954 4398 466 3983 473 3416 3183 320 4296 4253 1960 4155 1550 3311 3507 584 4567 1722 1522 815 397 2000 391 2867 4058 3909 4499 3298 255 1976 2584 822 4391 2849 2456 3098 2943 3635 1509 520 3571
2358 913 3770 4866 1294 4900 3725 3054 4145 4232 770 2443 1381 2195 1731 1357 1592 3984 4756 3468 1945 1257 3139 2203 3275 887 2005 168 4478 796 2736 718 815 2056 1985 1891 3698 721 2455 2280 3508 83 2951 4956 2908 4291 4537 2893 10 951 919 4812 4428 1699 3579 2183 358 644 4332 455 4790 774 2674 3124 71 727 2198 3174 3574 503 2939 3310 2698 2191 653 4032 2292 4715 150 4612 4617 1023 1818 1055 2570 2204 4175 4696 4616 2011 4911 4110 293 4541 264 1828 1758 2244 4579 645 109 3997 3042 3446 2621 4081 1274 186 2656 3755 1592 2422 1718 211 1474 2437 3164 3641 4498 4808 673 4894 3494 2352 2291 2790 1052 1923 3506 2754 901 507 2630 4587 1257 3683 2505 2417 3316 1844 3297 1966 4584 3995 2414 2148 1793 3352 2705 4948 1089 1338 2156 4644 478 2976 2649 1291 748 4872 1120 1295 4956 779 2043 688 3682 2189 4829 1754 1166 4027 1974 1777 3854 3345 929 2393 583 3611 3957 3769 1873 1424 821 2064 1423 2577 1643 240 70 1000 2486 4882 4618 4773 1090 3279 760 3276
4294 3601 3072 511 4053 903 821 2628 4778 1648 1176 3944 4011 1731 4811 3610 3044 4058 550 3540 69 493 557 2986 4481 4086 2402 884 2703 3429 4527 2381 175 3256 2968 4387 1113 1212 1451 331 380 3506 2099 812 1183 4501 328 4032 4869 4429 4888 1197 1559 2238 4661 2420 1702 592 588 3575 3982 2847 543 3816 1493 1553 1810 442 1383 3165 180 2981 4474 4176 4003 3405 4866 795 2673 433 2418 3342 4945 920 2537 769 3186 3999 1104 282 38 3742 909 3868 4944 2750 3822 1381 479 3742 4505 1723 604 4892 1134 2851 1402 4916 1691 205 2156 4477 4672 1941 3977 3755 1805 4671 178 3919 4985 2650 4401 3971 1998 155 465 1980 3639 2187 4716 3630 1991 341 1749 2737 1986 4362 2234 886 1135 131 197 160 2043 3688 1166 1920 945 3915 348 567 1438 1631 2624 4892 2829 3129 1757 2689 4339 4071 2593 2881 411 870 3279 4755 3498 993 4267 4421 2381 4080 4488 1172 3876 3338 4754 2384 3537 2463 138 2409 1723 304 15 3902 3295 2087 714 4546 1963 3037 4871 484 2468 1632 3814 4900
4128 497 410 978 2628 2350 3958 3417 1704 999 171 3669 1166 1357 3610 2905 1258 75 2053 3900 321 4224 482 4362 2897 1090 3660 350 3196 929 557 1235 3077 4310 4064 1390 3538 1380 4895 3531 241 2202 1700 1211 3789 1411 4211 3767 1301 872 1756 968 615 4854 2406 2920 2750 4428 1005 3088 673 4976 3485 1792 2575 503 4844 4629 834 4638 3442 3418 3597 1848 518 3585 3976 1112 2684 1405 3305 4368 4655 2691 2356 3474 1539 1000 3028 567 2676 475 1256 529 407 2695 2791 1082 1882 1458 3071 4488 2987 2416 3121 174 1138 4583 3748 4387 4824 2522 361 1118 75 1994 2781 1118 1846 2070 2627 2971 4457 2060 3433 2999 4107 2623 3832 3522 2464 3124 1734 2249 1352 1139 1053 2759 784 1954 2446 3449 3640 3648 967 4086 4021 4513 4470 3607 561 3413 2452 846 3814 4725 3256 4600 442 4409 1534 2798 4012 3507 3840 2449 4391 4864 4446 4610 838 4863 3148 4376 3272 2514 3383 1903 3828 4074 3219 3525 3003 527 1921 2444 635 3854 4636 3690 1687 4892 3257 3094 927 3698 1546 1176 1908 3918
2606 3627 2851 4408 4962 1140 1657 4447 4782 1519 1889 3102 4827 1592 3044 1258 4414 3111 487 3797 3145 4528 4883 2427 2304 2663 4567 2285 1390 687 613 874 1962 3418 628 4618 4340 2711 2588 3480 4202 3996 3469 1150 1200 3624 4334 211 1025 4892 4128 1684 4328 3121 2467 811 1018 1982 2028 3168 4709 1142 1448 3756 1758 1526 2467 3304 3379 3686 4774 3362 2149 2085 634 3540 3854 1548 2033 3097 4504 1620 3876 3015 2373 3534 369 3805 4849 509 3347 3044 4583 441 52 579 4966 1936 1354 3752 4317 2793 633 853 1070 3925 4420 261 3441 2534 1622 3256 4386 1947 1630 133 1360 4072 3719 2581 2555 923 2340 1039 2014 4074 2341 651 3964 1178 1477 4998 3275 279 2486 1585 724 350 4481 810 180 3152 930 3148 4914 4978 234 927 4827 1085 1838 3071 4375 2246 2599 1657 250 3708 2709 493 1419 597 648 3304 3363 2537 3053 4031 578 2825 3486 903 824 1290 2888 652 1698 600 2638 1084 2082 2924 2250 3332 4105 4539 3885 3392 3523 699 2555 1963 4232 825 2761 3031 3671 3720 2274 3831
1241 1306 331 1447 2675 4862 2307 115 877 3063 4177 4832 953 3984 4058 75 3111 185 2051 139 1580 347 424 2697 1890 1070 3148 1200 2190 169 1298 4261 2105 2996 1057 4840 2445 3186 4647 242 1786 4288 1511 4149 2739 4766 1174 1832 590 2842 186 519 2064 797 3882 1020 3528 4913 4853 4105 1140 1946 2803 1229 1945 73 3521 2823 3567 3740 4220 3265 4521 1952 381 4831 1457 2376 1477 553 2643 1941 3080 3270 3956 3521 3782 2416 696 1730 2725 3843 1776 4489 1887 30 807 4708 980 419 3913 1053 2023 448 4063 873 4651 1428 2282 2530 1017 4721 612 3122 138 4511 2891 2023 83 1512 642 2564 37 4797 4037 2781 1180 3104 4086 3336 2471 3698 4666 911 151 3760 4970 3458 81 100 2714 3772 4961 2403 4946 4433 18 273 23 3871 4635 2569 2672 4870 3112 3059 878 99 98 2557 1365 24 3396 4374 4538 2114 4480 211 2844 3846 3528 4738 2880 2021 1050 3044 3519 715 4241 1535 4877 2112 3686 3892 1572 3042 1681 1295 619 2671 4972 4542 1098 2721 623 1481 4925 266 3413 2674
2060 3066 1311 13 750 3978 3994 1601 1318 3766 1958 3753 1937 4756 550 2053 487 2051 4288 2776 1985 2697 112 4573 4741 3605 4052 3887 2515 3334 3448 1409 4285 628 4789 4929 4970 4410 4674 602 92 3551 3019 748 4218 2157 3579 2132 2684 3460 3328 944 554 2726 1953 3244 2157 4124 265 3812 4412 3861 2401 606 843 601 129 2185 3861 1097 3355 3057 793 1051 4333 2600 1640 1774 939 1967 4566 3718 3248 3172 3191 3229 3315 2917 2766 2685 527 1357 1593 4639 410 1298 2718 3128 4085 1468 247 3979 1340 3969 887 238 3144 4481 2071 1938 4594 3459 1738 71 3662 1235 3623 1602 3810 3434 497 1980 325 3266 4631 998 1726 832 668 4127 424 767 4783 811 4020 4148 374 4703 1470 2131 4354 449 4170 1464 4623 2742 474 2354 905 92 422 3386 1554 2314 2478 3502 3691 1882 483 956 824 2864 4254 4603 1856 396 430 1760 4234 2823 1476 4730 916 4780 697 4240 4999 3223 1053 752 1101 1419 1871 192 1886 1623 2973 4284 4522 1471 1547 1859 713 1917 4147 1401 2777 1645 158 1859
3730 696 4118 2045 3599 527 1441 1565 4976 1904 1091 2272 1963 3468 3540 3900 3797 139 2776 2834 257 2568 2753 3312 3987 3756 2862 1074 3400 4955 2352 1181 3684 1364 1004 513 2650 4886 1385 4225 3076 4546 1050 749 169 653 1223 2051 4405 3919 4186 12 3734 889 2861 742 120 1092 3815 3491 4078 4505 4486 1679 4835 784 1712 4779 4130 1016 52 2506 1103 193 1818 4324 3914 3335 2868 725 4559 2564 3221 4084 415 2073 4039 4922 3339 4972 2324 3377 790 36 3080 4288 4607 637 4542 3131 1116 3042 315 4256 1843 751 75 16 4212 2888 414 3952 1080 4729 3329 4101 2989 4919 1692 678 3009 1878 2092 3332 3513 2786 1584 1169 2503 675 1564 3420 2505 1455 2298 1400 4282 2073 804 705 2498 947 3301 3388 2016 2884 841 1548 4022 1470 1673 628 2464 281 4682 3652 3210 605 4438 744 435 4001 94 4511 3158 3566 3740 3707 2700 2997 85 847 4312 3256 2584 4195 724 2747 2532 2899 2676 1140 446 4996 3159 2739 1029 2391 803 2054 91 3067 135 2849 4484 193 2437 4954 3590 1398
4675 405 2070 2483 3948 3404 2212 3115 1668 2318 1341 3046 3821 1945 69 321 3145 1580 1985 257 1576 1321 522 3224 1708 4559 2865 400 1811 479 3631 832 357 2277 3025 1315 2238 1905 4360 142 816 2300 4418 2486 2227 2121 4961 3529 2514 3082 452 1449 3437 2938 4978 347 1603 2001 1828 3969 3011 2002 2963 562 3239 4003 4310 4534 2276 3638 1659 1085 609 2539 4312 763 2464 4693 4474 4897 3325 500 325 4015 4217 3728 1157 3031 1403 4928 283 106 2370 2384 4611 476 3583 586 3588 4399 1455 1851 4410 172 719 500 1103 2595 3269 4618 1575 2169 2471 466 1365 176 3206 2399 976 1678 156 3092 4517 3083 387 3748 2736 1282 1720 823 3098 146 1723 3309 665 4230 161 2582 3720 1380 3430 4139 660 4496 2830 4388 3154 4310 4588 2645 1271 3730 2450 34 4462 4361 4768 1298 3940 3967 1470 4657 2738 3456 3784 4932 654 4447 3551 4505 2448 1695 3708 1803 72 1337 160 2399 2419 1038 1667 106 2564 4406 3470 4192 1606 169 4049 4580 1975 2858 2070 243 4934 4749 321 469 4558 3637
4125 2015 3932 1208 3497 2064 1430 3503 138 2563 3253 690 810 1257 493 4224 4528 347 2697 2568 1321 4668 4305 560 212 2732 4741 2398 2041 4454 1842 2321 3755 3278 3340 565 2526 2514 4129 2988 4572 1285 2432 3107 3175 334 1431 4469 1329 733 2892 3908 3949 1657 4090 3805 3040 4408 1425 2210 3515 3026 1383 4155 3310 3966 3476 1743 879 2866 4303 255 1018 4997 4404 1069 4868 1277 1613 1925 3018 2602 1053 1538 3178 2903 3135 4013 743 2506 2581 1230 2067 524 4090 3610 17 185 4592 4854 4176 1208 1276 3489 1360 4199 3850 26 2438 702 1554 1210 1260 2043 3774 1260 1515 4033 2166 3231 2043 4594 673 102 1393 4632 1709 4720 4065 1748 3576 4920 1385 3047 4927 341 1097 348 4537 2468 4772 4546 1463 3975 4046 2400 896 4333 2685 2832 597 4307 757 1315 230 1410 590 812 2346 2645 2501 3755 3339 3383 2797 2587 3597 776 3946 4984 2951 4268 2923 2869 3408 2754 4498 2257 20 467 327 2098 2742 2518 1101 2843 2379 2055 317 3880 4517 2142 109 3398 3170 2483 736 311 2711 344
2317 3582 3761 1628 2740 4656 4421 3542 2546 3235 4290 2077 3456 3139 557 482 4883 424 112 2753 522 4305 2273 4723 2704 1210 2054 3806 4912 1366 3453 878 2048 3702 1198 3979 4090 4021 1726 4490 463 1335 2408 3864 183 3434 1793 2881 1620 4230 2675 3711 1425 4320 2164 3464 4319 297 1941 2455 423 3447 1973 1719 3091 2716 995 523 4710 4247 4701 2864 1701 4336 32 1850 2959 2048 2334 2837 3492 241 2546 3567 1748 2065 1077 810 4240 4489 3215 3658 432 591 3864 2391 2471 3591 1911 1895 4601 1746 1853 3345 1740 2119 787 3258 213 2841 2147 1415 779 1053 984 3645 1009 71 3166 1136 14 3309 4790 3358 78 4914 3419 1865 557 4271 3586 1439 2559 401 1124 3050 926 2862 2704 1888 2461 1913 504 59 1864 1275 1740 2373 2650 349 4294 3182 4311 987 945 1782 2804 1366 1316 1604 104 218 2737 4490 981 3206 1217 2143 4353 3368 1324 481 1585 4136 2977 292 3621 3899 1331 3394 4646 1607 3322 535 2538 2733 4945 364 4210 888 828 107 4698 3678 413 1743 3690 42 4510 3497
3963 3175 1423 4004 1948 4020 1812 324 3619 3289 4348 3413 4312 2203 2986 4362 2427 2697 4573 3312 3224 560 4723 1999 4452 3747 2267 3011 3163 3128 49 733 947 4072 2485 1364 3780 2052 3741 3313 1160 1599 4186 34 3826 3519 663 4920 1481 4080 2740 3607 1049 4498 2466 1167 3160 3723 2928 1074 1763 2690 3563 1119 653 126 4239 3492 4405 2515 4543 1667 1436 2145 421 1595 3631 4525 1691 3972 4623 1432 3373 900 2702 355 2624 2916 2963 1859 2857 532 3417 2311 335 3430 4514 4822 4176 2203 960 2009 2282 2281 651 4155 2172 3182 3068 303 1464 1037 904 2853 4304 1397 33 1477 4271 1191 4295 132 3583 4422 2164 1081 4671 248 2546 1582 2649 3971 169 3756 668 428 527 4204 1606 3071 1283 4770 992 3324 1880 3293 133 305 436 3254 853 3271 3548 877 2254 4255 3514 3842 3950 4990 251 2911 2450 1146 282 1020 1461 974 4250 2246 4686 3797 989 3287 3865 101 688 2058 1606 3862 1311 4936 4498 2446 3379 1525 1073 530 3810 2907 249 2425 1379 813 4513 1933 3745 606 4091 1708
235 430 1334 1916 3201 2489 4968 654 995 3343 2449 2093 184 3275 4481 2897 2304 1890 4741 3987 1708 212 2704 4452 1148 276 2348 3882 629 4077 86 325 4388 1407 966 1436 3303 2401 633 4176 3275 1150 533 1631 2329 4830 1954 2609 2696 1373 4616 4719 1019 4012 3589 3368 802 3365 4048 3369 1859 3850 3772 3289 503 3149 4533 2830 842 3089 2724 4298 674 36 2215 2124 2427 608 4467 3662 2281 1086 1161 2249 3178 3044 766 4329 529 3951 2889 3388 2490 499 4990 1433 546 1109 3881 4188 47 4513 3940 4374 3424 4364 1922 1903 4849 2993 3736 28 176 2241 1086 3056 3214 2754 3085 542 2819 2056 1661 4897 3057 4885 2555 3220 3664 1120 3836 4093 1266 3003 2321 1409 4770 485 667 3036 4867 1780 3108 4773 2644 2321 1970 2082 1336 3530 2718 3087 226 4867 4027 1298 1024 303 1478 94 2755 887 3480 3244 2746 2262 4513 3605 4567 1943 1240 278 2617 4639 1812 264 2656 3174 1022 4057 3443 3354 2827 1422 3728 224 2073 4482 3484 4014 4884 1108 2919 4673 1953 3459 689 4008 4226 941
269 4604 4529 4431 3023 315 594 2717 4924 4098 1334 43 233 887 4086 1090 2663 1070 3605 3756 4559 2732 1210 3747 276 4759 3439 2212 2398 476 4777 4804 53 748 3650 1804 3685 3360 2320 4615 1731 4692 203 352 1904 403 3861 4090 599 4275 3398 4255 3234 3304 4443 824 768 4992 641 879 4970 2240 4932 2669 2320 1942 4165 2641 4448 2801 2352 252 3392 2570 3118 4579 685 3894 1191 1954 1951 4877 3143 3700 4636 2667 2522 2439 4940 1679 1637 4181 3435 3079 489 1908 3488 3664 1471 3960 4550 11 1136 263 4453 2163 486 1931 3312 2081 1328 966 1212 552 212 3856 2092 4260 2688 2264 4687 1993 2088 1033 2619 3783 3061 2941 2235 4767 3885 1432 2291 1786 137 553 3776 670 1553 728 1713 2784 2441 2481 3346 2606 1562 1868 1873 1545 116 327 1932 1172 4936 1646 4864 4329 1659 2557 831 4134 2469 161 3420 4200 2265 3607 979 993 3767 4180 1894 3208 3180 2289 1993 4439 1492 2557 768 447 249 3218 4359 4028 2699 2653 3807 3530 760 295 2865 579 4352 3873 4501 808 3863 2531
1185 724 2092 1516 3996 3973 3635 2480 381 1433 3643 2623 1404 2005 2402 3660 4567 3148 4052 2862 2865 4741 2054 2267 2348 3439 3698 2569 2336 1090 3903 317 652 2008 712 4154 1074 1374 2522 3606 3328 2165 383 38 1622 2712 2868 4783 289 148 3181 2453 2269 737 1895 3536 4494 393 4495 2377 1133 2509 3502 2522 3221 2969 1731 4464 3462 4505 181 3501 29 284 4985 2466 2150 4156 768 1418 1522 3681 2985 948 4086 3058 4589 2111 4810 19 1408 3132 4106 3058 4356 735 3693 1108 1199 919 2124 1139 4244 1082 3888 2956 172 1550 784 1277 3846 1348 96 1296 4553 4857 2621 689 1406 3110 4594 4540 2849 4819 3045 4538 189 3682 2604 1482 4689 3061 1890 1531 2356 2561 1766 3708 4757 648 3754 615 3619 4723 4060 103 1590 1523 1219 1781 3199 4202 2721 4859 3084 3762 4045 2371 3956 710 511 2811 2992 4408 4245 4413 712 2385 4781 3317 49 2462 2614 4276 1974 3526 4385 3909 2226 4433 988 2196 1840 1684 511 1201 579 1653 529 1038 3953 4214 227 1838 4707 3399 806 403 2946 781
1848 4437 570 654 1950 4733 3352 4379 2984 389 581 3217 420 168 884 350 2285 1200 3887 1074 400 2398 3806 3011 3882 2212 2569 2107 772 1820 481 4978 1306 1040 3740 2360 2517 2854 890 889 2037 2793 3702 556 819 2308 1480 1660 651 2996 2862 4633 1449 3680 3335 1516 810 2179 14 2819 4583 4544 4482 4626 3115 4683 3643 160 52 1934 12 876 2781 2411 4610 4007 1764 1527 1797 1392 2969 2599 2876 3784 157 3183 3074 977 1432 4809 1522 1758 3711 4286 307 2968 930 3080 3006 4673 4496 2442 2472 1240 2766 2691 3053 1282 2663 3967 1111 2112 548 4984 4871 4274 3361 3572 1804 3470 2284 1565 2861 4859 896 3148 378 335 2428 914 4652 169 3124 2979 3906 3960 3372 3220 2858 3334 2177 202 733 4331 3462 2184 571 2988 957 3887 97 4731 2288 3791 4527 3307 3460 37 4341 1521 1692 2954 986 921 3553 1737 4068 3817 4215 3581 4454 2449 4123 1231 2773 3819 3440 642 2956 730 4377 2182 3097 3049 4025 823 1300 1432 1048 3014 2757 1522 4536 3472 3534 1361 3040 1140 1779 1795
4207 3135 4418 2728 3269 1378 2991 4858 1869 2168 4483 482 3304 4478 2703 3196 1390 2190 2515 3400 1811 2041 4912 3163 629 2398 2336 772 4685 341 4128 396 369 1346 2715 4852 2152 4840 2702 4771 347 2921 1801 2477 4343 4206 891 1590 1881 2808 4028 3149 433 3861 890 2014 3799 1072 1551 687 2769 2708 432 2243 2365 3085 3628 599 4330 1785 1554 764 2739 1066 1488 1881 938 1679 1063 4801 1990 1425 3348 2153 1246 2707 2747 4112 2671 1762 716 1428 491 4074 4315 3336 4480 3391 2232 727 4176 1108 4968 3965 718 2820 2626 2012 656 3902 1204 1746 3634 3991 4566 621 2995 3576 468 109 516 4798 23 2470 3803 4878 2510 3020 4663 4801 721 1416 2721 3368 2842 3644 3820 1421 4824 911 3801 2875 4395 4747 4052 3138 3493 1784 4802 302 2706 2809 1272 2825 2855 4118 3170 1430 3424 3314 2380 4050 4486 4997 379 1086 382 1875 4234 680 4724 2961 4775 472 2534 3688 2862 2297 2234 2302 1881 3569 1027 82 667 3408 634 81 2323 4063 947 2362 430 42 2795 4694 1982 4308 1960 730
3257 4234 1025 4639 1483 1980 1664 333 2004 85 2829 3376 3680 796 3429 929 687 169 3334 4955 479 4454 1366 3128 4077 476 1090 1820 341 4029 3794 3615 3022 244 4232 1958 4723 1529 307 1869 435 4681 4294 3609 3264 4090 181 1934 3184 4183 482 1246 1372 2124 943 4135 198 546 4130 1050 145 4522 2878 4396 58 4377 2383 2879 4045 4005 1846 1255 1477 4168 2606 949 3881 3657 845 175 1689 1910 4999 3073 2343 2640 556 3871 2820 3283 1679 2321 2643 4619 3730 242 687 2130 1837 1689 4760 1871 4063 1330 3963 4617 3411 2796 4160 829 4754 4188 4642 4881 3417 1149 1677 3479 3162 2891 2137 769 10 3086 3188 1584 849 2765 2572 3714 794 26 1725 4852 3558 195 904 1651 85 77 2094 236 4275 3658 2234 1141 2547 3466 3757 4443 2799 717 4993 4039 3077 454 1474 3321 2564 2076 4885 239 4940 1431 1761 1719 4582 4631 3351 2019 817 4098 1790 3085 1678 958 1693 2551 1731 4394 4670 2983 4777 4071 3573 838 3973 639 2006 1417 3430 2692 1167 1321 4635 3570 4002 4398 3444 1879
265 2992 1265 3064 3746 1859 2950 218 778 3400 2631 2911 2845 2736 4527 557 613 1298 3448 2352 3631 1842 3453 49 86 4777 3903 481 4128 3794 1762 48 3356 3910 2430 897 1269 218 4465 1932 4908 422 3211 1515 953 985 1624 2447 2309 2845 4598 1959 4898 2069 2627 4118 4800 2151 816 2016 2085 2374 927 3934 3482 3887 3062 4303 1875 1343 166 3688 4288 448 993 3776 4746 1776 4015 2620 1644 2597 285 2076 833 723 632 1129 168 3697 1909 4281 510 4792 3273 258 3936 3613 3194 4258 4186 4458 2569 4906 2980 4414 579 899 257 2288 4649 3691 1330 442 771 3417 3640 3000 3354 4512 3815 797 1836 4441 713 1182 3111 3374 1531 4946 1815 3362 3822 3151 1659 2871 283 2068 2446 869 3336 3578 616 4751 4727 4581 4563 1382 4762 1354 4601 860 465 3250 1419 2992 3224 4478 3251 2751 3990 4315 3343 4868 354 3759 2106 4520 2444 3177 1939 539 4497 4745 2892 364 4757 3779 1208 2106 1748 828 1713 3975 3233 1062 2287 4756 4793 3995 530 1977 2027 1432 2285 3104 3680 1198 3543 1593
1627 2406 1644 3276 1392 2128 3872 4864 4789 2116 412 146 3775 718 2381 1235 874 4261 1409 1181 832 2321 878 733 325 4804 317 4978 396 3615 48 2146 3125 4146 4125 2184 2105 4204 4380 258 1094 3670 2316 1991 372 813 3735 3534 492 1278 2805 47 759 374 1245 4867 4028 1156 1260 2646 3214 2500 3072 2836 3031 4355 3954 704 3340 3761 425 4349 3525 1457 585 2849 1571 534 2388 3250 4202 256 3164 1907 724 2318 4672 2379 1774 4906 1035 760 2348 4783 3442 4699 1197 3948 4719 3882 4243 1624 3206 1436 457 4819 916 1273 361 3337 3492 4686 1947 4209 3378 4084 3799 288 1014 2334 2689 3055 587 4306 4602 2633 268 536 1221 3581 4252 3798 1905 3421 3966 925 2607 1365 4258 333 4937 2910 1950 3995 1082 2672 1922 1888 4247 3524 27 548 1068 3658 104 4257 3474 2539 1088 3289 4700 2385 2576 846 1005 91 4261 360 2689 4644 1355 3481 2395 2615 3923 4988 2167 4708 2838 1792 1154 4501 2546 1283 3628 1371 4682 3463 2647 662 4434 1897 3682 2392 3088 1393 150 3279 48 2560
902 875 217 650 663 216 3121 2955 4313 4236 3966 1960 662 815 175 3077 1962 2105 4285 3684 357 3755 2048 947 4388 53 652 1306 369 3022 3356 3125 1051 4419 4037 2689 1711 3340 4314 1862 4876 1067 740 51 1192 3090 1160 3815 840 4519 1152 2353 1951 1858 402 4807 2543 691 3830 614 1843 2903 3009 3078 1770 3627 2446 801 3213 3590 3967 3319 2831 1101 768 2998 2834 1230 1282 4069 3549 2087 2536 3691 3680 2704 2727 4016 2810 945 636 657 233 665 3511 3497 3328 2785 2166 1213 3308 2135 1320 4080 2066 2441 1210 2720 3774 2198 1798 2771 3035 45 117 2007 1506 3475 1582 3389 163 1559 4589 2424 767 4605 2609 3601 332 2736 3062 70 1919 2301 1894 2936 3304 80 4439 2441 4227 921 1100 1747 1829 981 83 344 1458 1087 361 4236 2391 2033 926 3579 2223 4554 969 4354 4360 2226 4834 674 2073 2079 3994 3438 2636 1238 836 1349 4200 1924 2380 1302 3068 3005 4654 948 4839 4278 4011 731 2993 4175 2084 1416 2700 1425 3741 3651 3722 4643 4055 4349 4232 711 804 1664
4475 3033 3790 3215 698 4701 4643 333 4331 2805 3854 3747 4013 2056 3256 4310 3418 2996 628 1364 2277 3278 3702 4072 1407 748 2008 1040 1346 244 3910 4146 4419 333 3640 4282 4534 3453 3006 4332 3011 1286 631 4124 3754 3611 3603 2766 4232 1826 937 3184 2743 1723 1689 3201 784 4075 4320 633 4376 2597 1665 126 1490 4853 4622 2537 228 1237 1571 4605 2663 846 73 451 2094 142 3145 4821 2759 2114 2562 2997 848 3150 708 612 3014 3306 2216 3908 3184 1330 4601 1252 1902 3875 2023 1857 3681 3093 1331 4514 1375 1990 4235 4960 4980 4726 2680 1743 2255 226 372 3747 1778 2819 1796 177 1430 3174 1921 1191 2933 3909 919 3231 3435 3568 2031 149 2274 2786 828 4814 4310 1897 2873 3322 3526 2742 2298 4545 791 4394 4381 59 1415 3912 2459 4256 3445 2407 2524 2657 952 899 1021 2930 139 4545 186 1682 4040 3141 3008 4294 1934 167 3789 3798 3307 4620 2168 4088 3510 1334 2393 228 2897 1778 3625 2675 1567 4837 2589 1192 521 1211 1348 607 3951 4868 1715 4391 4335 319 559 3645
4216 3687 4630 2733 307 1823 270 2969 1647 1288 1586 2586 4501 1985 2968 4064 628 1057 4789 1004 3025 3340 1198 2485 966 3650 712 3740 2715 4232 2430 4125 4037 3640 2179 3890 3483 2033 1225 2892 3090 4614 1368 3650 1829 4907 1489 1558 4555 3995 2873 322 757 1907 3694 4986 1078 752 1087 3117 1266 4076 848 4554 3586 4090 2277 292 1324 2003 2721 1809 512 3941 4431 24 2339 2500 3925 1694 3707 1640 753 4442 3208 2578 1258 1693 523 3682 3277 336 2859 2756 4067 2238 4800 1918 66 4134 842 3094 2168 3297 1298 418 496 4342 4463 3256 26 1980 2598 4665 4176 315 1290 938 4529 296 4575 2999 3666 4127 2256 52 2035 1522 1178 2677 4275 896 3620 4204 2741 4763 2493 552 59 1405 486 1584 3384 4145 2730 3430 2390 4713 1890 1543 3326 2893 4716 4140 4927 1741 2856 4047 4005 1298 3581 607 1498 1160 2899 3584 4790 307 4517 3176 1552 784 2893 570 4250 2677 2065 4469 2613 3907 1715 3099 1146 3391 4672 4589 843 3535 2434 1435 4755 45 1583 4641 3201 3569 438 3920 260 1754
1535 364 748 1781 2956 2835 3006 2296 3037 4736 2757 1320 223 1891 4387 1390 4618 4840 4929 513 1315 565 3979 1364 1436 1804 4154 2360 4852 1958 897 2184 2689 4282 3890 1128 964 4906 722 4170 4204 963 3022 4911 3986 3146 733 4290 3182 2059 3892 1175 1199 320 574 1354 4035 2268 1911 4651 1748 2642 1054 3339 453 4818 2644 2478 1194 548 334 808 3964 3920 3553 1892 2926 51 1516 1244 4906 3441 3402 2497 910 149 3399 1935 2788 3979 394 2769 3058 3519 1151 1289 4621 642 1228 2594 661 743 4014 671 4489 3424 4238 552 4636 2798 2767 661 1242 3263 277 1760 3671 274 4502 468 3338 4689 2997 4008 3694 4312 2152 1506 4281 3811 3688 3297 3278 2305 3540 4620 144 4043 1930 3518 198 2421 2640 4977 4778 900 817 4574 4533 1464 3666 2442 4557 3683 1920 229 4117 825 86 2317 3906 3544 3439 2387 1375 3235 3503 609 2838 4916 2862 637 3582 4608 2486 4558 4601 1557 4688 3137 3433 2340 811 324 1641 2670 2535 3450 3469 2898 1221 3206 4527 2535 3103 2896 4152 1287 1689 1452
785 1496 2377 2124 4876 4467 54 4403 317 714 2278 738 4120 3698 1113 3538 4340 2445 4970 2650 2238 2526 4090 3780 3303 3685 1074 2517 2152 4723 1269 2105 1711 4534 3483 964 2986 688 774 4127 1516 2880 53 2048 3704 167 4963 2175 3434 3223 1589 3863 1518 2285 3314 3139 3873 2195 1365 4675 2913 2494 2032 642 1255 45 2743 4451 1419 1868 4147 441 4245 4375 2887 2743 2948 2547 4449 3876 181 1776 1064 1288 4980 1281 4790 4831 4644 4362 473 2170 179 1930 3595 2738 1069 774 3233 2858 251 1095 2667 317 563 1699 2184 3546 2684 2764 3949 1564 641 1763 42 2075 1165 1168 1661 1049 2363 2487 121 4737 2362 3145 961 4313 1390 273 243 3509 2108 3939 1315 4578 254 634 264 4958 996 3425 2031 1480 3791 3273 1928 2842 3913 3719 1181 3638 797 4580 4935 996 1907 1969 4840 362 3475 4670 2660 4368 3700 4949 2907 922 117 1525 494 666 2630 256 1149 864 149 1619 1553 1314 3133 3640 2732 727 3757 2039 1836 1644 2331 2226 1686 1557 3516 4486 3245 3655 2973 71 3289 436
2578 113 1851 566 1248 3108 3547 2362 2223 3979 4870 2836 2405 721 1212 1380 2711 3186 4410 4886 1905 2514 4021 2052 2401 3360 1374 2854 4840 1529 218 4204 3340 3453 2033 4906 688 4465 465 699 1433 3536 399 4613 823 4319 782 3863 3587 3785 1550 3938 678 1727 68 3732 2784 3773 1358 120 729 1886 2959 4975 3006 4659 2838 670 2031 2096 4314 3220 2220 2586 2317 4426 346 1018 4069 271 3886 3740 829 1202 3701 583 3164 1235 4020 3133 2836 1798 1077 2015 4312 2663 958 798 2673 1320 2233 2244 2517 2342 2494 1319 2989 1352 3644 2254 3339 3173 1719 1109 3715 2860 2867 177 1066 1109 1402 1738 3165 2348 1502 4937 3191 4585 778 895 499 4591 3173 3929 3183 440 4825 4705 881 4743 339 4021 2606 2496 1651 2430 3283 2743 1733 1852 4116 1813 3127 2177 1813 4127 2489 1676 435 3541 2602 2059 801 2445 3654 4942 4617 96 2558 4177 4992 899 2217 2978 1898 3334 1161 1805 3443 2722 2894 1275 2790 2985 600 1685 2430 2693 257 1588 3517 3690 838 3853 3983 3230 3005 671 4375 1065
1665 2791 1114 766 4444 2327 4003 111 4562 3892 1700 3145 935 2455 1451 4895 2588 4647 4674 1385 4360 4129 1726 3741 633 2320 2522 890 2702 307 4465 4380 4314 3006 1225 722 774 465 1699 3909 4147 4907 1235 3461 815 2129 4420 188 3389 4584 1731 4871 2512 850 365 3103 560 4828 2671 4331 1109 1687 269 1886 199 1694 1573 606 3741 1626 4003 2901 3935 3731 1268 2216 4029 3562 1268 2679 2123 2187 2577 4096 4386 1172 1662 3580 1276 3577 4607 4348 3678 2948 1241 3040 4126 1280 1696 3017 2352 3788 2569 163 804 3499 4851 1478 4819 2266 2143 550 479 3176 2873 1972 497 571 2327 4045 1628 3661 4449 1450 243 1424 4704 501 4326 3271 2777 4348 4947 4271 2539 1421 562 1533 3511 2662 993 1514 3100 3678 627 2251 1122 4085 2936 4482 2484 2601 884 518 2660 4981 3793 3253 4051 1699 2568 4267 1086 2640 4867 3820 4588 1252 924 4813 2282 2472 3123 2166 1862 3377 1609 3027 1610 2204 1316 3496 4786 4712 2017 4295 3007 1993 4880 4384 670 1928 4021 1135 4253 158 790 28 4979 1924
2087 3638 3614 3553 4405 688 2386 4140 4255 4342 2344 2889 4659 2280 331 3531 3480 242 602 4225 142 2988 4490 3313 4176 4615 3606 889 4771 1869 1932 258 1862 4332 2892 4170 4127 699 3909 3809 812 4445 2321 397 3956 3761 2860 2548 2491 3697 4888 3730 2135 4163 4708 4856 2373 697 4060 228 860 169 3212 2005 1870 153 1581 4028 3228 3968 4343 1681 1884 544 4031 312 750 288 490 4579 2210 2431 3954 573 4616 3690 4447 4209 4522 1772 2352 2479 492 1635 1792 2291 1128 3783 3276 4620 3400 224 2192 2104 1845 2127 2580 2167 1094 3859 1279 1339 2857 3897 4335 3422 3214 2414 2878 4390 398 2878 2459 1511 3145 1815 3641 3055 2791 2669 2733 2039 721 4369 2528 1451 1938 647 2341 1108 1132 4397 1362 3793 2675 344 2004 3290 4635 3019 1506 3696 4603 36 4631 4053 4333 4193 3133 3820 4722 1707 2807 978 4376 3018 3685 2621 3652 2934 510 1382 4924 2581 853 339 2898 1095 3433 2586 554 2480 2454 217 1664 1637 194 1253 3908 2230 2054 3200 4289 4959 3288 4112 4554 642 1193 1322
