N: 200
M: 20
Symmetric: true
Triangle: false
8 34 141 131 105 19 195 187 191
15 122 138 115 80 56 45 67 76 73 60 71 44 182 102 68
10 26 84 144 57 111 58 126 200 22 95
12 101 18 117 155 91 65 50 42 96 79 192 162
10 24 94 123 109 99 103 116 30 1 158
6 176 112 75 8 120 190
10 152 33 106 173 139 140 186 52 36 167
12 38 113 135 154 17 15 104 171 2 78 183 66
10 118 164 6 47 9 37 150 188 180 124
11 189 27 81 32 82 108 128 161 156 119 179
13 114 178 83 194 160 110 4 166 49 199 198 85 127
8 142 62 175 143 3 48 12 54
8 13 159 134 185 74 61 170 133
7 107 98 137 169 121 28 130
12 20 31 149 64 148 147 193 92 157 23 10 97
8 46 88 153 87 41 177 151 7
9 181 25 89 145 21 100 172 174 129
7 165 53 59 125 86 51 72
14 93 39 136 196 184 70 29 168 69 43 197 40 35 63
10 11 77 16 5 55 14 90 163 146 132
852 3959 952 1203 290 4056 1237 1494 3361 3135 3518 3348 4941 4566 443 4168 2916 3935 4396 1031 1292 1888 535 3605 1322 4273 173 3161 228 2844 1123 3063 1679 4234 682 4125 318 2359 3949 3787 3298 943 4153 1302 3348 1310 1330 951 2137 4841 829 1259 645 1747 4030 1576 4609 3111 2202 4034 1148 826 2818 398 2872 4766 1178 2502 4136 4036 1128 4604 3508 2017 4029 4799 552 4894 2472 4444 3276 3964 453 4897 565 2066 1928 75 330 4362 4687 4183 1193 4465 4566 2153 623 3186 2700 2114 2219 2554 210 1622 4693 3825 2929 4486 4021 1115 3382 2186 4884 2416 3400 2361 4915 4892 2788 1675 515 1218 67 3625 623 2829 3489 134 2095 4728 4500 762 2705 394 2761 210 3511 4378 2349 260 1507 2621 2974 2880 2280 4109 4523 4285 1309 943 1594 3468 1455 3006 4135 1467 1977 609 3655 2887 3049 465 448 3767 1054 2791 834 1897 4652 260 3849 3869 4919 3162 3301 3802 936 4190 1770 4577 4858 4223 2107 2883 3658 2763 3038 678 3310 2017 1706 749 2171 4513 926 3396 1345 4044 4437 1290
3959 1208 3923 1231 2482 4802 4091 165 671 1807 3797 59 956 3152 691 1364 2646 1674 3823 4984 2493 2580 1681 448 3410 1578 2940 4624 3271 4794 4373 372 1258 903 2495 493 3291 183 3135 1529 1458 4453 2404 2455 1677 1274 2346 292 1056 3480 4660 707 2330 3651 3611 1898 3309 2144 4068 1067 4743 542 2320 1665 3443 254 3057 2452 694 3885 4888 3657 3944 3329 484 3678 3962 1176 3329 3095 362 2070 3342 1160 1717 2571 4737 2407 65 2136 4539 1628 3673 4520 4021 2598 1698 4517 4690 2987 720 2905 4801 3936 4778 252 4079 3950 486 3477 1035 2903 3695 4754 4032 3253 3604 4826 3541 197 4478 432 1583 2550 3632 4213 2850 203 4741 2250 4629 2234 3952 2306 736 4680 4354 4893 3049 3822 2866 2303 1063 2903 642 4906 3977 1101 2533 4107 1342 4086 3611 720 2796 3012 2797 3042 2620 383 1012 759 1303 3148 1462 1741 965 3637 4473 3861 2351 2962 1480 2658 939 2618 2548 3210 3165 1075 2206 3661 3635 3756 667 1696 4009 3686 4857 4561 1124 1031 2106 780 3775 3264 4268 1119 4908 4764
952 3923 4080 4091 217 4940 699 1598 3235 2475 215 3899 2935 1764 4697 3741 3607 4762 2574 163 4300 3160 4328 3268 2341 2915 3769 2238 1125 3632 3761 3032 101 2360 1712 1224 3770 1123 3784 1641 2318 4406 4600 4941 2404 1359 3094 310 94 2990 1604 2912 1964 3398 2433 1410 1699 1782 1129 4553 3239 1459 184 1835 3995 1119 4284 792 1344 4101 4287 1199 1485 1240 3977 3198 3411 4820 2562 880 1155 1741 3411 4687 1495 1429 2239 988 3147 2721 1795 3942 4995 1256 726 1364 2624 4934 952 534 757 1330 2151 4559 4443 1846 3429 4429 190 3543 4891 3760 753 2964 4904 3032 4231 679 4070 3209 1466 2366 3213 4284 92 3128 379 3229 555 2296 4938 2538 4897 68 1740 3606 1815 1477 4395 1738 58 4933 2564 4835 2816 4938 2898 471 399 2064 3543 562 2388 4685 3095 2360 2112 1588 1020 2772 1734 4496 3377 4951 3513 4024 2756 2779 3900 4456 1133 2246 521 1002 3439 2444 3520 1546 4334 3736 946 849 4450 4857 96 4579 1338 1553 4909 1568 4264 2826 4884 3371 2472 1129 426 3449 958 3504
1203 1231 4091 926 1138 2766 1713 4480 4158 2823 3325 2129 1941 4650 3948 4820 2433 1651 2456 3568 4478 4238 3120 1587 762 472 2500 4911 4911 3432 2100 3475 1806 217 3095 1720 4468 3759 4365 4491 1891 2470 3842 2223 2798 4256 2632 1628 1874 4176 1257 4473 3503 1409 4105 3642 2201 4649 456 3624 2959 4168 4200 173 2344 4553 4829 2845 1742 178 3959 35 2383 3411 3591 503 1619 4722 3101 4229 31 3678 1990 4033 424 3123 4943 137 2270 3329 2733 3989 1624 1527 1298 1111 4396 602 369 4657 1586 1567 555 3344 1863 4088 4716 966 4987 844 1765 4379 53 2148 741 3628 1903 3243 4488 2453 3515 2158 312 3253 305 1013 4445 3215 2791 4286 3660 4377 960 2126 2760 3377 3015 2295 4907 2597 3115 1668 1870 383 2874 2310 3451 911 574 1501 2655 4379 4246 4970 330 1731 2954 2453 4040 1782 1960 3235 4406 3258 2573 2318 3825 3044 1805 4988 2937 1703 4868 2319 2214 733 3777 4857 977 1585 3452 2661 4534 19 1432 2776 2705 1821 329 4111 2384 2237 414 4440 991 4691 1407 2901 79 4078
290 2482 217 1138 502 2995 3039 2674 1694 81 76 1000 763 3620 426 3850 3669 2580 38 2065 1195 2585 3289 1755 2287 680 2177 3011 3998 565 1079 4305 566 1604 4610 2309 3693 4101 1331 2816 4087 4325 1677 4832 4768 830 812 3912 4130 1075 4183 1971 76 474 2433 3466 3166 3828 105 2468 4878 4292 2791 4251 925 4799 2049 1094 2121 324 4747 3772 4967 3493 3969 941 1104 510 4891 3393 1877 3810 3550 4780 4702 3818 4757 1399 3179 480 3730 3752 3195 2850 4214 3450 4037 626 1714 1943 3966 87 2778 3649 4847 1885 809 79 2256 74 1500 732 1420 3458 899 188 1380 4795 4059 3295 4090 1791 88 2092 2733 3157 1486 4339 3337 834 1511 545 2106 3053 4734 3797 1473 2151 1736 4616 2605 4951 4278 4373 2475 1209 3271 4781 875 3228 4672 4373 4712 1500 527 169 4419 70 4138 2476 2433 98 4270 1002 4603 2525 269 606 4398 1479 340 2767 3400 400 4826 3273 3770 4331 652 167 2245 3738 1964 1775 2230 4543 3314 3879 4691 2325 3799 4951 2865 246 4540 702 1722 3117 4309 4206
4056 4802 4940 2766 2995 2325 394 4266 3395 2425 2309 3842 4557 693 4025 796 448 1419 4483 3005 2072 3215 3242 3277 3705 303 4463 4200 3863 1149 1419 387 3685 1034 1317 1485 2908 4673 4229 4125 1118 1184 3016 4993 844 2027 2269 1842 1310 995 3744 1676 432 3586 2495 4267 85 3154 1018 239 698 2369 1235 2654 2904 1742 4507 186 4974 4393 4669 1684 1111 3758 4133 2200 341 4465 2831 1588 849 4488 245 4129 4467 4537 4906 3053 1813 2107 2422 3870 3012 2656 4791 4211 2740 2359 1450 4877 4849 4157 2768 1496 2917 1213 4223 2040 2234 2286 883 3693 179 3766 2067 1133 1164 2338 1323 4965 1726 2225 1375 2083 163 3223 222 4866 4333 1158 2542 3864 3515 3867 4355 2525 4948 2000 2105 1077 2103 664 794 878 3441 2616 2387 2809 4100 705 3237 2783 3896 1091 4972 450 2380 4876 3727 2923 2212 460 4458 1443 36 3729 2804 4660 4403 819 4183 165 4117 135 73 3230 2191 635 3034 2073 347 4566 4075 1374 2374 4740 3400 4971 3044 4097 4867 1633 1832 2230 3037 1764 4198 2570 3586 4940
1237 4091 699 1713 3039 394 2488 3446 1915 1427 1303 2081 2362 287 444 3827 4571 1951 4398 1306 445 1910 1634 585 3830 3212 1465 230 2912 3981 3179 4942 4004 1494 20 2224 3525 3555 3022 3678 3839 3282 4987 1344 3398 2159 2503 671 3902 465 3553 4451 827 4876 735 654 2924 1290 3212 3301 2820 1403 2954 2813 3109 3334 3106 1827 2033 1622 3926 2006 1321 1111 305 3799 3057 2237 2199 3835 121 2029 3875 1706 3944 3225 333 376 4221 119 116 1022 904 722 1579 4201 3214 4445 2553 2369 26 2107 4761 324 1233 2903 48 3535 4066 723 82 3858 2125 1051 1300 762 4458 2061 937 330 188 1247 1802 3687 2234 2828 3452 4220 2491 1905 2178 3156 353 2694 886 1821 3755 2818 3509 4470 3298 1142 3825 530 345 1556 4676 2469 4708 4669 3633 147 745 4031 4574 1025 1994 4645 1685 811 4760 3461 1899 4009 4360 1533 4665 4997 2426 168 2285 3232 1217 2172 4404 465 138 992 2555 242 1990 3421 10 1064 3789 3243 2902 3999 2751 577 4095 1499 479 4647 3245 4441 676 4387 1872 3799
1494 165 1598 4480 2674 4266 3446 4624 4767 689 3615 1851 348 4355 2633 4523 806 578 2712 1854 3134 3087 521 4747 1817 742 4615 4557 3884 2307 3411 1833 1551 920 3388 134 3234 2512 2935 2720 1247 3371 2857 2995 2523 3450 666 1804 2254 2475 4866 662 3517 801 3594 1845 813 2325 4021 3636 1724 3135 1370 2726 3196 3886 503 394 121 4161 4316 4919 219 3683 237 1357 3615 4397 1298 3906 4765 502 1885 4865 4047 2184 840 4009 2010 2895 246 3146 3091 2306 4997 4593 4810 693 85 420 1450 893 3641 3615 1152 2913 4433 4749 2149 4513 3148 1358 2541 1732 2354 3915 3923 682 4101 3251 2689 2521 3856 4791 958 1015 2258 3945 2856 4884 3787 2238 195 1499 3372 258 2352 425 4247 3208 1042 1263 4449 1503 4915 1384 1797 2499 4597 4393 245 2931 491 4591 4119 2381 1333 3145 697 4035 3664 1242 1389 1773 4370 3150 2389 188 502 1025 304 4272 3758 3631 1868 2161 1934 3103 1926 1299 4573 2070 2093 4078 2980 3334 3158 32 4897 274 3318 184 2084 4195 2260 497 4469 1014 4924 4637
3361 671 3235 4158 1694 3395 1915 4767 406 2331 1649 3894 3058 2093 3337 4455 4110 2450 1877 1551 2330 1503 2266 4233 4048 4176 1676 1861 4741 2551 3051 3488 4641 1575 2016 150 407 418 4458 4972 267 597 1285 4960 4809 2950 4846 143 749 2141 3589 445 230 4171 3173 2045 3139 4179 12 1685 197 4974 4508 4792 146 1245 1970 1875 3637 1753 3563 4315 961 3124 1138 4105 3767 2283 2899 1802 3578 3050 269 2973 3992 650 2069 3440 695 3069 3671 1887 2815 2443 587 2595 1970 2902 4099 3177 4425 1721 148 501 2648 3606 924 2363 4009 2900 3200 2667 2267 4562 701 4162 953 990 1963 3108 2874 3637 4288 903 2181 4818 3779 2979 2741 3631 1790 665 3353 1851 4151 3173 4037 19 1290 4412 998 3190 3946 4804 279 812 3074 3843 631 1736 1414 178 364 4881 36 2960 1587 1045 2598 4727 1425 2725 1472 3226 4078 3305 4543 3600 2630 177 1291 4307 1923 4954 2801 450 986 783 840 866 2611 4180 1213 3349 2527 2426 4014 2807 4026 4966 2695 174 462 1893 2029 1364 1730 1379 4179 4732
3135 1807 2475 2823 81 2425 1427 689 2331 291 4641 983 1085 999 3892 675 3904 624 1930 1867 142 4059 3578 3277 3276 2060 4792 4729 2196 2284 4881 1834 1840 363 1298 138 3901 3568 3307 4915 3524 1226 2537 4197 3245 4236 3742 4632 1074 2886 1779 4588 4664 2507 4385 2889 464 3643 1210 2269 1872 256 801 3199 1620 4536 2282 2725 2750 4075 868 1765 1465 1132 3822 2311 3693 2805 4870 1767 4975 1828 4123 3749 950 1107 4346 912 3482 3832 2624 4786 4089 1028 3108 2024 2618 378 815 1146 3214 153 559 1766 3858 1587 4682 4707 2144 4879 972 3354 188 2775 622 4799 766 1006 3352 4375 725 4694 1822 444 4669 3237 4385 3476 1868 3745 2758 2748 3975 2504 891 4219 2122 1972 678 2301 1592 2732 3139 988 1532 4786 1070 1624 673 4597 889 1988 3723 3364 1258 563 4601 4165 2807 2209 1019 448 1289 1622 2650 2374 969 3448 4904 298 3372 3130 1731 1728 4242 857 815 3022 4239 4787 790 3377 2610 1191 3249 2203 2883 4376 685 3420 1793 1925 4398 3483 2791 4969 1457 3693 1116 3330
3518 3797 215 3325 76 2309 1303 3615 1649 4641 2188 3558 790 3311 4281 3022 590 2713 4226 4400 1303 1709 3533 4253 3167 3475 1866 2710 4038 4681 4359 522 1145 207 762 581 1416 250 2776 3356 4464 1687 3542 4326 1301 2310 4667 3695 733 3896 4386 1131 148 4570 2023 1949 23 236 341 4925 2636 3816 500 4511 3381 124 1343 1484 697 4456 3654 4171 4670 4112 2381 1523 3105 4161 1745 1694 4740 4241 465 381 3674 2178 609 1447 4578 2033 236 1737 1102 1761 4665 3743 4985 1767 3168 3195 1370 779 3965 1646 3052 4982 4194 284 824 4751 3058 299 4183 1951 4179 1920 3386 3727 4102 217 3068 3678 3446 1121 1232 3585 4400 4902 2852 4228 4223 1960 3677 4995 1070 4923 215 2077 1183 1867 3716 1789 2509 1587 3460 4806 4091 2804 2212 728 3774 1630 1983 664 2204 2973 4704 1487 443 1454 4608 4734 665 4335 4672 2255 2144 3610 2234 4193 3363 38 1032 2109 2436 3758 1238 2951 1286 519 3176 3765 2897 2803 586 4030 4120 4143 2735 4137 4698 3949 1369 4140 1828 3634 3418 2219 3977 682
3348 59 3899 2129 1000 3842 2081 1851 3894 983 3558 3669 855 122 535 4061 2551 1889 3775 273 1427 750 4664 4999 404 2093 468 1786 3468 2813 309 4328 2564 3206 333 2784 2894 814 4943 3007 1736 3741 4054 4607 3089 3618 4556 1725 1796 4101 4900 624 4993 4573 1262 827 1409 849 4417 3883 2435 4942 160 3953 3859 1126 1946 649 1376 2667 1670 3497 91 4087 3241 4435 804 40 2225 1713 2124 3258 1587 3025 2912 3952 3564 3201 4695 2399 1002 791 2691 4313 364 3880 4642 188 854 4589 4449 3629 711 3365 1575 2987 2489 4069 3041 691 3913 3153 2812 3109 3073 2700 820 3056 4671 2577 1730 3133 2514 2861 3360 3295 1067 4419 1775 712 705 3826 3196 3245 2933 233 545 1793 483 3256 2260 542 4266 2539 4347 334 1583 2828 3542 1034 953 4066 4896 3527 1301 1959 553 3020 1427 476 4559 2652 2087 2174 4490 1655 556 4861 191 2876 4815 4116 135 1663 4636 435 4964 1540 2889 4548 3273 3655 900 1643 2328 4544 2016 3194 2960 4106 1661 1273 2078 590 2348 4125 3677 1994 1761 1298
4941 956 2935 1941 763 4557 2362 348 3058 1085 790 855 426 3675 485 4994 202 902 3528 1990 917 380 1541 670 4030 2929 4459 3503 4204 4021 2597 2113 3190 4961 307 715 4820 4284 4240 2248 2472 1806 460 3923 3421 4072 241 2311 3529 3368 532 552 1519 1293 4800 3791 3203 3168 334 4031 1265 1323 2402 1920 1232 2923 132 945 4568 2471 4911 2877 355 3881 4989 3882 2221 4356 4647 3321 2506 954 3716 2305 3970 2411 2744 2025 2877 3778 4628 1981 962 2581 4771 951 4201 273 2070 3359 3263 1029 3924 1515 3076 3348 4706 1748 2275 392 2563 2689 215 4873 4227 3314 4673 2318 3375 1629 2444 273 871 1200 385 124 1802 3542 1344 2476 1277 1516 4482 4082 4140 1060 833 1035 2221 4922 3074 3007 1753 4097 4850 2171 3589 1509 458 1338 645 3901 2049 258 77 269 4018 181 820 4435 3631 2667 1368 4611 2566 4464 4623 3196 3536 2880 678 286 4900 3054 4081 3137 3451 1209 430 2244 790 227 3061 58 2166 2653 2607 1487 1597 1806 4032 1473 2339 2555 2690 3037 3510 4599 1613 3193
4566 3152 1764 4650 3620 693 287 4355 2093 999 3311 122 3675 209 743 3903 1752 3468 3150 3259 2164 450 2607 124 1402 4280 354 4091 440 1585 4109 3709 3529 1375 4939 1148 4934 3642 1422 4969 2164 1901 931 4055 997 957 2517 2687 783 998 2294 3684 307 1714 4204 1227 468 3288 1934 385 2747 4275 2145 2135 3993 2767 1629 3690 3588 3478 4747 456 3886 4772 4505 525 4888 846 3761 197 4470 3944 3351 4649 4450 564 3586 3101 528 3742 3123 2074 4985 4191 3828 3617 929 170 3462 744 669 1076 1475 2040 4631 2085 4768 2466 3842 4899 1235 3901 3271 4506 859 3103 4407 1039 3415 1095 4896 2179 1987 4034 4387 4833 1698 4834 4471 3342 3667 2542 558 1135 3086 1300 46 488 3090 338 3541 743 3568 3474 778 388 3161 204 1121 3142 2198 211 3889 419 320 789 3528 1617 4651 949 4257 4204 1834 1309 2720 3786 531 4051 3862 1995 2833 2462 3425 1541 3477 1597 2699 228 3347 2093 3763 2082 1755 4322 1131 735 598 3728 596 4109 4062 2065 988 413 3201 3260 3204 494 4977 1424
443 691 4697 3948 426 4025 444 2633 3337 3892 4281 535 485 743 2377 2987 2079 2670 4767 4439 4099 138 4474 590 129 1728 4544 567 257 1001 1684 4676 4275 343 1473 1399 3720 2903 3790 3743 1025 1001 3009 2122 428 4379 1623 4199 3659 654 190 1795 994 1205 672 1766 4647 607 3551 1015 551 1205 992 4656 3009 193 1082 3884 441 2285 4805 3522 3406 2293 3271 3654 4136 2605 1014 3943 1593 4034 4870 2827 2676 991 4736 131 979 3936 4955 4719 3788 999 2827 1815 4193 4515 1311 3095 4530 674 3058 4341 1769 1592 3478 1830 3010 3163 4091 4755 4108 708 1071 3242 4354 2397 982 1462 2445 1231 968 4658 1033 4128 4545 843 2050 3354 2921 1561 3748 4486 1293 2530 651 293 832 3825 3374 2391 435 2109 1977 2999 128 3879 4623 3665 1872 516 61 4767 3781 398 3050 4581 24 4496 844 3009 4010 191 3333 3203 877 2813 3110 464 3670 4676 705 2239 2997 1616 2278 545 2952 2863 2444 4255 1760 1864 2594 3431 2249 663 797 3632 1485 2040 1044 444 4393 372 155 264 3212 3767
4168 1364 3741 4820 3850 796 3827 4523 4455 675 3022 4061 4994 3903 2987 1223 391 23 2904 267 199 1407 818 1875 3725 3703 3851 1906 2347 670 457 4989 4357 1664 4154 603 810 3572 4632 4224 2787 2487 4856 2172 4303 3607 60 569 4411 582 3004 4311 1556 1820 4487 4220 4530 585 4562 496 3654 1704 4496 114 2776 1407 2239 2325 1094 2863 3407 75 4117 1336 1595 4929 1397 4923 2116 4118 2917 907 1078 2435 377 4225 2670 1632 2177 1664 2751 2343 4711 3223 4685 4869 310 1066 3249 4894 2821 1501 3557 2827 2825 3296 2524 1959 1529 2564 2337 1315 2954 1596 4670 1536 3781 149 4240 851 1368 3743 2288 3964 2807 4785 4370 3443 2341 3102 2455 2516 4014 1968 4955 598 929 3058 4753 2271 362 533 657 421 1039 2434 480 335 3644 3282 2290 245 938 338 931 388 3517 634 2627 3812 4701 4992 3439 4631 1928 4921 3416 1223 864 287 4832 4771 3760 798 834 1097 3203 980 3518 3874 3101 4517 3025 140 849 1909 3581 230 4291 3113 4076 1383 4520 2140 1665 663 1961 2375 1617 4630
2916 2646 3607 2433 3669 448 4571 806 4110 3904 590 2551 202 1752 2079 391 1300 1436 2191 4595 698 1303 3881 622 2598 1818 455 94 862 1338 3999 2806 4459 4028 4652 1325 1009 2612 3143 2259 991 238 3579 278 772 4308 4641 1427 2064 3047 3442 1144 4680 4253 4665 3049 233 1252 141 4720 3038 674 389 2804 2147 405 937 3303 2427 990 4422 394 1803 1570 635 3049 3280 2521 1798 509 1182 625 2892 180 4039 1355 4411 2540 1452 4780 174 4562 1403 2402 3000 1027 3392 4510 2279 647 2819 4125 401 3388 4553 520 1390 176 4456 1685 689 2047 3194 342 4688 1995 4043 4293 1275 3119 1291 3845 3467 4610 1085 111 2963 2558 4559 4694 1372 3139 4445 3364 3190 1332 3955 3782 4448 4038 3836 3282 2235 3650 2094 895 4361 2261 161 1961 2290 4802 3332 3296 2059 4288 2716 3726 4774 745 1032 1513 1355 4937 1535 3475 4229 242 1124 2196 484 4588 1554 4630 435 4339 1140 3481 4853 2539 4149 4552 3086 4790 769 84 4078 4857 4877 4710 3742 1915 706 1331 1973 1530 2799 1002 126 977
3935 1674 4762 1651 2580 1419 1951 578 2450 624 2713 1889 902 3468 2670 23 1436 361 2629 3605 4394 2576 875 2529 3912 852 2492 4317 2519 1199 2026 1399 2546 3471 3105 2980 548 4805 2542 2660 2440 1637 150 1701 4498 2712 3780 644 984 2924 4771 4797 947 2972 4819 4070 3212 1347 4704 2637 3171 3521 2169 900 896 3105 364 3007 3427 4717 3511 4578 1151 3397 3181 3545 3691 4526 4628 4895 4175 4409 3360 3320 3815 4479 700 1373 843 3932 4399 571 2152 1952 2551 1642 326 3124 537 3640 1200 525 3721 1070 2931 2891 1195 481 2054 1615 1279 1093 249 2956 3080 1492 76 3692 296 1648 3678 2466 4927 4087 2157 330 4720 767 3673 1942 1762 977 400 1443 1566 2498 1959 4538 2900 2464 3640 4929 2145 2461 1825 2572 805 1258 3711 3132 440 4467 3864 1258 4277 261 2225 472 394 572 1118 3898 1137 1192 2805 1596 4229 2000 4413 4715 616 558 4123 2168 4601 11 3710 667 1781 1192 4559 686 4622 2891 2563 610 1472 2189 1787 1804 1979 3980 1895 4307 657 2310 2384 2729 4170 1170
4396 3823 2574 2456 38 4483 4398 2712 1877 1930 4226 3775 3528 3150 4767 2904 2191 2629 1415 571 931 4949 443 2342 1733 3336 179 1378 4614 3366 42 3191 3149 311 2048 3131 451 1541 2277 1530 3565 3828 1479 4038 625 4598 1171 2247 185 2929 3101 4049 4688 2118 2749 2469 4981 2038 504 4979 3378 2552 105 972 1345 3657 1868 3111 2451 1276 1986 4714 600 3546 305 4906 255 1845 3200 2951 4012 2169 1954 3189 1144 1817 1944 2493 816 4827 2723 4425 3047 3267 2252 4722 2264 4298 2137 1356 4310 4443 4167 817 2579 4058 3049 2296 4518 2850 4350 1382 1508 1445 4351 4097 2079 3464 3006 473 4557 1059 4199 4334 2136 1759 660 3254 103 2457 282 4692 1131 1915 249 4721 3269 3291 716 4185 781 1686 2793 271 4544 957 1713 568 2628 3656 4796 861 4855 747 1944 2153 3095 496 55 891 2044 2071 2790 162 4341 660 429 128 3051 3563 4841 2574 3102 2842 1481 884 4741 2114 775 3494 4881 665 4945 1032 3679 3310 4650 336 1567 74 4193 4322 1867 548 902 1090 2657 2853 2827 4323
1031 4984 163 3568 2065 3005 1306 1854 1551 1867 4400 273 1990 3259 4439 267 4595 3605 571 130 3538 196 3367 436 1356 2028 282 3032 1387 1474 1596 2063 1819 1373 887 2882 4126 1260 2681 2132 742 205 692 3829 3284 4015 585 4136 3548 390 4736 188 3392 3764 1419 4349 4996 4258 1329 1568 2661 2411 3118 1234 637 2096 2930 1824 832 354 2033 4737 3674 3530 3602 1172 4458 2177 2966 309 4237 1167 1279 305 1599 339 865 696 893 2056 91 1318 776 610 74 3201 3917 1259 3651 2591 4239 1197 4235 502 430 4663 1518 4126 1476 2841 481 1572 1591 161 2187 2530 1279 1949 3877 3874 1014 2454 1759 333 1535 4751 3251 4129 3494 515 1282 3967 2636 2349 4893 1899 1138 3851 2641 3633 136 3116 2062 1043 1843 4940 4020 3080 3246 3561 2863 1061 523 1560 2029 3773 1027 2595 4340 4788 1947 850 2346 1310 436 3470 4712 2029 277 2641 3561 278 1472 455 4555 974 1758 1481 3851 4978 292 17 366 1475 3537 4248 756 1653 4766 4175 211 1008 2271 130 816 3184 1810 789 749 1869
1292 2493 4300 4478 1195 2072 445 3134 2330 142 1303 1427 917 2164 4099 199 698 4394 931 3538 1760 2749 4837 911 2306 2088 196 3858 2965 4647 879 3524 3116 4541 21 3586 1275 1233 4166 1542 1645 4075 3187 38 1775 965 4080 4733 2205 3000 4798 1228 3297 648 1500 4866 497 518 349 3469 2854 4297 2718 3898 3269 2674 469 2262 1845 2715 711 1678 1638 4632 3368 1300 2758 2098 2714 1898 202 4396 2934 3634 4713 1752 3730 1853 96 70 725 985 3147 830 2312 1039 3362 693 3735 3158 753 704 3819 638 271 4585 1562 4319 3310 2156 4348 3843 2582 866 954 510 394 3838 4907 3050 3062 894 255 68 631 3364 2217 3160 2438 2212 1815 70 1995 745 4072 4895 747 3727 3235 3870 1502 1485 166 2131 3405 1627 3459 1226 3785 4374 3719 1997 1764 454 2172 3313 2372 2786 212 930 1452 3852 3556 2261 2078 2374 1930 3018 1195 2053 54 3126 4784 1130 3131 1594 3834 2373 3989 2628 3029 962 3287 4781 801 3131 458 1103 4398 394 4631 162 1396 279 2130 1084 4716 2926 998 1538
1888 2580 3160 4238 2585 3215 1910 3087 1503 4059 1709 750 380 450 138 1407 1303 2576 4949 196 2749 696 892 3715 4164 1091 3523 3959 2393 4616 1400 4076 3692 1881 2368 3639 2753 1836 71 2370 1755 240 338 1416 4738 4701 3135 242 4813 4022 1932 3215 2804 3428 1190 1385 2258 1620 3417 2286 2541 2481 3197 2199 2296 3011 2090 1788 2083 3249 4774 2465 4274 1287 4807 2831 2155 4515 966 540 852 4314 2231 1031 4702 3872 2007 4021 1641 4103 4169 2338 1744 2851 3671 1511 1468 108 1873 3999 4816 3912 3684 325 3864 3848 995 4266 4161 3680 3837 4541 321 665 316 4251 2205 61 4585 4810 4981 4014 2799 4812 4690 2278 2128 3838 2757 2170 4263 1603 331 1767 384 4695 2819 298 1738 4926 1461 2297 1980 641 1675 4082 1714 1505 1112 1084 4092 623 942 281 4749 1617 3628 2484 1807 771 3078 3882 2551 4972 4779 4004 2736 1409 1418 2566 522 3588 718 2174 3599 2753 4481 1866 4950 1081 2927 650 3211 2421 4729 798 4058 2972 3916 1287 3849 3568 1993 2663 3087 2210 1088 4103 4859 2193
535 1681 4328 3120 3289 3242 1634 521 2266 3578 3533 4664 1541 2607 4474 818 3881 875 443 3367 4837 892 4728 4942 733 605 4701 29 2573 4472 2877 3733 3774 4757 4963 167 1614 2003 2132 3204 1321 673 4220 4850 1122 3426 658 3439 1070 4543 4167 3060 2146 1679 2015 2088 3979 2749 3125 1968 4217 1488 503 3069 2334 3783 2392 840 2239 3531 2879 4870 1323 1362 1431 2438 2418 1455 3997 859 1302 1127 2459 3179 3172 1413 1680 3260 1516 929 4693 3037 4833 1338 325 827 4483 1153 1867 1113 1581 47 3442 2227 2198 3353 4983 3174 387 601 3126 4614 1189 1225 1741 214 2151 476 4252 2371 4342 3212 3673 49 4760 1237 3186 2643 1544 2885 21 1708 806 3566 3716 121 201 978 517 92 4959 3163 4569 991 2690 4424 2107 3378 3542 2076 1157 1137 2202 1786 911 4602 383 3748 3168 3792 2850 719 4610 3182 3964 103 4135 3257 3117 3248 3888 1331 612 3047 324 3451 2270 3936 2213 1782 2910 4638 4369 1785 4213 4688 565 4420 2755 4324 2211 4864 4574 1791 4361 1678 393 1433 3225 2430
3605 448 3268 1587 1755 3277 585 4747 4233 3277 4253 4999 670 124 590 1875 622 2529 2342 436 911 3715 4942 4414 2344 1075 2990 935 3653 2661 1619 1368 2680 660 3082 2945 2687 3157 2163 2329 3617 4742 4857 766 1935 1384 4003 371 4923 263 500 1311 4133 4170 3265 2519 360 408 4301 3625 2471 3061 3384 4018 1967 2605 3557 4202 638 678 3898 335 4061 3013 3306 3534 3205 3600 4552 2023 3564 884 2790 2663 4546 3263 2603 3263 536 2733 2712 1941 1060 2962 1018 2394 528 4762 4324 2306 4637 3836 167 2638 1299 2473 4036 893 386 70 3726 1112 4459 3369 2534 4969 4326 3006 195 1031 234 391 2015 383 394 4151 4383 1877 3412 3900 2381 1328 1674 4754 3594 4000 1940 2710 1864 2503 255 287 2019 4028 1492 2282 2925 2489 1227 2530 819 199 1970 4270 2094 3249 1430 1663 3587 3763 4998 3002 275 2189 595 2778 151 2916 4111 1857 4713 1334 3304 3217 4762 1644 4079 1628 2092 413 4251 998 2017 2542 2106 1971 2733 2121 357 2881 3315 4129 1778 3894 4618 3807 2072 682 3542 3023
1322 3410 2341 762 2287 3705 3830 1817 4048 3276 3167 404 4030 1402 129 3725 2598 3912 1733 1356 2306 4164 733 2344 4663 3913 4900 630 1186 1913 885 472 3357 3243 4257 2223 3776 2788 3067 4938 1756 4298 2007 3169 1653 3343 1687 3803 3835 1601 3442 3517 4560 146 2871 4765 3120 3934 4460 2416 3493 4871 2265 2594 3646 3785 4455 3485 1674 3078 4919 133 4276 2614 2427 431 1551 1894 2564 1905 1042 2975 4409 1294 2072 3609 4815 1785 1733 1740 3769 3637 1676 1567 1045 4963 608 4294 3850 1260 3098 2178 2162 346 762 39 3790 2699 3390 4809 51 385 249 2303 2843 2701 1243 1118 3407 4074 1562 4757 2717 2276 3535 683 2885 4804 4169 585 1480 4598 394 3420 3445 3674 3864 3261 909 2796 3566 668 1858 1853 3934 134 4603 525 4489 4230 248 3524 4709 3809 3265 2293 3107 274 1362 1971 4327 2810 3145 4842 4004 4506 982 1554 1919 2654 2313 4237 846 3415 341 4782 1600 4635 4787 2078 673 260 1425 332 1624 947 4056 4012 2550 1066 2258 1922 4748 3311 292 2103 2805 778 3858 10
4273 1578 2915 472 680 303 3212 742 4176 2060 3475 2093 2929 4280 1728 3703 1818 852 3336 2028 2088 1091 605 1075 3913 4802 1962 4189 1173 2899 577 2791 1264 2469 4455 199 2573 4883 3252 2512 4956 1758 3149 2621 2397 1341 4193 4837 612 1055 309 4498 1482 4136 672 1076 1248 4715 276 1073 1499 4447 3826 3158 852 256 3654 3265 3673 1290 3323 90 3872 852 4163 3312 516 1797 2687 3955 49 4219 4057 2298 4668 2999 4559 3239 192 4709 2144 2685 630 667 2198 506 2739 364 1138 1929 4773 256 3444 1286 3371 3352 3737 141 899 710 1413 3923 2303 2315 4741 2302 378 13 2913 537 913 3539 1522 2655 2819 4678 4232 622 2777 4444 667 2408 4216 4388 4699 777 4166 2469 3941 535 1740 4797 3021 4107 2202 687 3077 4855 1570 2583 3579 813 4615 1867 289 4886 2424 255 2107 2870 3342 503 1833 473 1252 4118 150 3242 4481 3193 4028 3689 1376 4158 2558 758 3244 425 4472 1530 3497 1712 3220 1845 125 1672 995 1916 2409 693 738 1024 4079 1047 812 2028 1997 2988 875 3840
173 2940 3769 2500 2177 4463 1465 4615 1676 4792 1866 468 4459 354 4544 3851 455 2492 179 282 196 3523 4701 2990 4900 1962 852 3006 4582 4490 59 4497 2182 2711 2295 2297 2275 2471 4830 3050 2831 2568 4364 3008 4329 1525 3208 1379 3859 2560 3456 773 2996 4814 3697 4299 3493 1705 2077 2609 1698 4168 4850 1115 1419 2758 51 3688 2373 4849 4581 2881 4660 3358 4789 571 4226 539 3993 3645 258 649 4662 1096 3179 59 980 835 4285 4855 1263 4141 3086 836 65 1107 4423 490 523 2385 650 4698 4182 2800 254 3693 4464 4241 4219 202 3392 4583 4148 4086 429 1321 2269 650 1865 3262 1044 4996 2428 1141 2484 4165 4592 1348 3406 4237 1222 3125 438 3667 1032 3585 3600 2924 3717 2280 4575 1463 4199 422 2231 4917 2740 2799 1122 4387 4984 1177 4511 3121 2001 789 1261 2920 2078 360 4534 4832 12 1150 3276 1262 435 3860 3758 3198 1653 1116 3282 2712 2614 4686 4438 3395 3248 3612 1382 4059 4188 1344 2119 4930 759 775 1449 1074 2540 755 130 175 943 1402 3710 1680 441 4282
3161 4624 2238 4911 3011 4200 230 4557 1861 4729 2710 1786 3503 4091 567 1906 94 4317 1378 3032 3858 3959 29 935 630 4189 3006 3030 869 784 1730 2923 3352 4795 4301 2116 4775 1094 805 1341 2781 4178 3243 3473 31 2829 2604 2230 320 4305 4235 4504 4307 1830 46 4533 708 3021 1383 4756 756 759 4851 3262 3401 1558 4712 703 3521 3927 2251 3766 3478 3299 3888 3173 927 2343 291 3892 332 4907 4756 2873 2189 2663 2336 1532 4058 1638 2545 1995 3912 2895 916 2602 4629 3984 253 4440 4424 4113 4569 3740 2208 3099 4530 1358 163 1960 4786 3909 3198 4132 4219 1014 4162 3417 292 2528 3536 1795 207 4353 1661 390 4472 3696 1263 1325 2844 4589 618 1436 3146 544 1348 2931 3194 3867 2829 4744 4860 57 3044 1239 1577 1618 2566 2238 30 4472 2731 2831 2604 2479 3833 866 2140 1773 209 287 3683 3045 4728 3197 867 730 1052 3799 3737 523 4420 1109 2417 2176 1963 4626 1586 993 812 3331 1723 1004 4239 2448 800 4464 25 4838 2269 2775 1103 93 2901 3921 3852 1618 3057 752
228 3271 1125 4911 3998 3863 2912 3884 4741 2196 4038 3468 4204 440 257 2347 862 2519 4614 1387 2965 2393 2573 3653 1186 1173 4582 869 1603 3903 28 4231 4732 3544 531 4690 567 702 1932 2528 1355 3675 3468 1067 4444 3467 1194 1967 919 206 3280 3042 3838 3521 2487 2903 1565 4246 1043 2324 2029 3231 821 4553 4417 3945 1479 3841 4648 3412 4706 3400 3427 3995 3091 3275 3715 4861 2707 525 3298 4045 4064 3574 3635 250 2741 3410 2634 3040 1804 1889 2634 389 2537 4328 4037 1697 330 3317 2041 328 2736 290 3915 2809 3394 2404 4655 3515 1121 4907 4085 3959 4654 3445 115 2427 2638 1152 2927 4957 2891 4009 1590 4961 1432 4099 4261 636 3815 265 1147 344 2378 4016 1197 1425 253 1669 1485 4441 1011 1353 437 4392 619 218 4451 3308 2083 4209 991 2406 650 708 587 2790 1110 1792 4243 1102 1358 2048 4630 3012 4996 3392 2754 2109 3577 2331 4143 1196 3765 4878 2137 4258 3756 576 4794 2515 3709 3347 1607 1111 4084 4808 902 4956 4313 3569 323 3511 3383 2547 796 2494 273 64
2844 4794 3632 3432 565 1149 3981 2307 2551 2284 4681 2813 4021 1585 1001 670 1338 1199 3366 1474 4647 4616 4472 2661 1913 2899 4490 784 3903 2003 97 1455 1075 1667 2859 660 4888 3517 1516 488 2381 881 3412 2178 4430 4489 2893 2357 4471 161 1808 750 2042 3502 2300 1553 93 4332 2189 2944 2151 2325 2423 1639 2227 574 2033 2527 4181 4823 2920 3457 2649 475 4699 2757 787 489 795 983 2874 4944 3493 1484 3656 3802 14 4930 1055 2986 1897 4950 3914 3090 4093 1696 3579 4419 161 3964 3337 3080 2166 4563 512 2399 3966 2883 3377 4171 4098 2317 1225 3069 2147 1175 3321 163 547 1313 1456 1188 710 4396 3235 2899 518 1799 3015 745 4870 4729 4670 3673 4283 3109 4995 539 1226 2889 4873 2747 398 231 1746 2456 662 991 3348 4002 2273 1796 1663 574 1899 2516 1585 857 46 2473 4010 3307 112 4007 2554 4286 2590 2867 1406 491 612 4162 1992 3614 2904 1189 4865 4308 391 3247 4488 4805 3357 48 2542 1319 319 1822 4280 2600 3956 2282 4816 3163 3214 2799 2114 2020 4724 1454
1123 4373 3761 2100 1079 1419 3179 3411 3051 4881 4359 309 2597 4109 1684 457 3999 2026 42 1596 879 1400 2877 1619 885 577 59 1730 28 97 3427 4753 1995 4160 1667 2956 347 3264 4606 145 2588 3659 4316 3374 3227 1516 1488 3867 4150 1451 348 4213 2954 2619 692 1699 3433 412 4573 4457 4370 995 4969 3514 997 955 4286 109 1874 977 4873 4273 1710 808 3237 40 4017 3499 4199 2332 3428 1698 2745 1987 2372 777 360 3396 4885 2724 1679 2859 3959 1956 3291 2563 3345 1253 1018 3704 1441 4405 194 93 3210 275 980 4019 4955 2229 2055 3473 2662 650 3008 421 4179 4234 1287 4987 3327 4846 3660 2057 1712 4108 1820 4009 4795 2649 3961 465 3069 1914 2347 1689 1263 3631 788 3790 685 3701 3076 565 2630 3332 3537 3302 4710 3124 597 2052 2009 1024 593 2497 3519 2790 361 1570 1353 4544 3610 3431 1150 3753 2680 2256 1109 165 3304 2266 3377 4506 621 56 4108 1082 1191 4566 4880 1884 1636 462 219 4454 4863 310 2925 717 3509 4845 3458 4305 4065 3757 443 4725 426 2928
3063 372 3032 3475 4305 387 4942 1833 3488 1834 522 4328 2113 3709 4676 4989 2806 1399 3191 2063 3524 4076 3733 1368 472 2791 4497 2923 4231 1455 4753 71 4709 3066 4837 3786 4165 2025 1386 988 1343 4549 1873 2399 2625 2175 4671 2076 4355 4530 2055 3763 3151 1745 4276 3236 71 3392 1331 2800 1222 1654 1452 1954 3258 4570 4853 3713 4028 1128 1319 560 1811 4612 2049 2276 2938 3424 605 2504 4024 2074 3206 3280 939 1886 2574 2597 4688 4485 4221 3768 243 1275 3162 4234 1770 2679 3006 899 171 3882 2548 1938 4910 1727 4395 4698 649 2570 4836 16 603 2127 3908 705 2536 4690 3581 188 4024 2494 1370 4901 2463 1927 750 2487 2745 702 3082 4311 1046 230 791 1562 3329 2890 4582 4029 2611 1348 2136 161 4466 1218 3880 2425 380 594 233 2253 4078 784 506 1233 416 4419 1511 2215 1111 3102 777 1408 873 2099 247 3079 3807 572 3854 2526 4086 4516 3380 1488 29 1756 4542 3939 1520 4270 1673 1987 4457 4131 3555 4159 794 1046 3633 2573 2027 4144 123 235 2253 517 397 784
1679 1258 101 1806 566 3685 4004 1551 4641 1840 1145 2564 3190 3529 4275 4357 4459 2546 3149 1819 3116 3692 3774 2680 3357 1264 2182 3352 4732 1075 1995 4709 3680 1446 1445 1764 762 180 1431 2682 4499 4469 2746 3947 2943 2410 1479 411 984 492 994 2267 606 3705 4984 4577 4427 1805 226 3089 3542 3219 3728 4338 3796 4175 2105 4099 361 1843 3257 2742 143 3597 1446 3594 4642 2347 4469 1638 1339 3250 2378 2510 4723 276 4747 1302 1014 4286 4572 112 4827 3006 1376 1094 3682 1179 4902 856 3105 1934 3423 823 3620 4202 315 701 1527 3704 4660 1107 1593 19 3149 3371 3083 861 4432 4655 4068 3808 1260 3468 1464 3319 487 1339 4336 1398 3344 1741 3372 4532 4354 2735 4762 4851 3340 1174 3728 1186 3292 2294 3963 2742 2413 3645 2507 389 3614 2520 547 3070 2029 2005 3583 4834 391 2778 4641 417 4508 2165 2967 3370 2545 705 166 4761 2368 4745 2175 3312 4820 4001 244 1592 1755 641 2269 839 2479 3304 4074 3843 4036 3784 1805 4407 2551 616 336 3723 563 3067 796 2928 2160 1163
4234 903 2360 217 1604 1034 1494 920 1575 363 207 3206 4961 1375 343 1664 4028 3471 311 1373 4541 1881 4757 660 3243 2469 2711 4795 3544 1667 4160 3066 1446 1963 3423 1068 3282 3356 2829 3722 4151 3937 1523 1475 2295 3756 3466 4098 2479 4650 3060 4966 3607 1149 3790 3031 3639 3508 1630 56 4521 2851 1106 1170 1335 4952 4801 3323 2858 266 2283 4105 4201 428 2667 3952 1823 3739 2011 2061 4781 3791 3389 2661 3783 1110 4041 1343 1399 4387 2576 4345 1521 4240 3949 4796 866 2653 2892 1086 4841 1550 4806 841 3187 3310 1835 3456 3062 3847 51 3634 2940 2269 1245 4962 4936 2585 3529 3021 1679 3681 3755 730 3221 3740 685 3085 1425 4900 3658 3870 2332 966 437 1984 2607 2974 4510 502 1496 3421 3119 2192 279 355 670 4838 458 1485 271 4241 3993 2741 2212 3627 319 114 1426 456 3544 730 4251 529 440 3745 915 2633 1350 4722 2318 3610 3215 3726 3818 3885 2628 1699 3594 3753 4032 2159 3755 4034 663 2552 4247 535 3416 2201 884 650 2497 3004 2667 3520 1412 2864 2532 1437
682 2495 1712 3095 4610 1317 20 3388 2016 1298 762 333 307 4939 1473 4154 4652 3105 2048 887 21 2368 4963 3082 4257 4455 2295 4301 531 2859 1667 4837 1445 3423 2760 3506 2201 2844 613 2669 3893 26 2204 3856 4369 3186 2161 2668 3182 3144 3875 2297 3494 959 1640 3771 516 445 3231 618 2358 2857 866 2014 1766 4471 1496 4960 4025 142 2358 2781 2930 4812 3027 1245 837 1200 1557 1488 4956 2399 4466 3708 3340 2275 1993 1671 1552 3402 3836 927 3482 2856 445 2318 211 3959 307 2295 3129 4456 2280 2254 1311 325 2639 4420 4052 366 154 2131 599 2659 3470 2267 498 3595 2355 1752 2870 2317 2093 2506 3287 965 2783 526 51 3744 2882 2512 3105 1068 2728 2226 4834 29 2993 96 891 3896 4562 1493 250 526 4958 4125 1486 3487 4860 2942 1524 1397 348 1620 3308 3535 1922 2289 824 1443 96 1044 129 1742 3211 3773 899 4502 753 2533 4801 4193 521 3395 2846 4219 535 3518 780 3340 1625 1133 4836 2691 4069 3462 3263 2251 3018 3037 172 3551 1078 3705 738 4861 1231 4141
4125 493 1224 1720 2309 1485 2224 134 150 138 581 2784 715 1148 1399 603 1325 2980 3131 2882 3586 3639 167 2945 2223 199 2297 2116 4690 660 2956 3786 1764 1068 3506 1401 4731 1218 726 4550 4010 2731 2016 598 2209 2483 2945 1268 4439 763 541 347 1688 3229 2452 2694 1728 4429 2240 4966 3855 2709 3700 2491 357 3788 2831 2131 4044 1866 3160 1936 1377 1333 4057 799 4294 1727 915 173 4652 1671 3260 1460 2181 391 2818 3805 2316 3848 4892 2547 1249 149 4278 3965 4538 3250 3828 3782 1690 1243 3472 951 4890 2050 3350 419 1069 1314 4931 1595 2934 1030 2588 4042 448 130 1467 2797 2022 3619 3476 3900 4406 3106 1859 718 2551 1550 691 2173 4326 403 1337 688 4523 4215 2616 4634 3027 1882 2370 91 4077 936 4828 466 3080 1494 590 2305 2892 4763 3585 825 1514 4121 3890 3691 3420 4642 1109 1118 992 1593 643 1673 3779 3893 2297 2101 4095 627 300 1032 111 419 1590 4587 2198 2756 3245 1256 778 4606 2921 654 533 137 3677 2523 4163 4575 4429 191 1239 1707 1952 4057
318 3291 3770 4468 3693 2908 3525 3234 407 3901 1416 2894 4820 4934 3720 810 1009 548 451 4126 1275 2753 1614 2687 3776 2573 2275 4775 567 4888 347 4165 762 3282 2201 4731 3797 787 3237 2653 3481 3374 3926 3435 1039 2037 2393 1671 2390 1516 4157 1191 1517 418 321 4162 743 735 2042 362 492 954 3972 2008 1894 495 3641 203 3724 573 378 866 2238 517 226 4346 4284 2413 3059 4601 2407 591 1081 3995 2459 1911 2150 1926 3648 2935 1742 2418 172 3100 2686 3185 746 1168 2114 1570 1857 92 3436 2405 4232 4002 2047 3454 1498 1566 4469 1289 4053 3649 4054 1702 3816 1566 4026 3711 3188 2033 3400 3903 558 4802 1670 1119 3108 4539 4939 3557 2061 3289 1116 4383 1632 2570 56 2195 4589 1369 2650 3203 4173 36 2832 1318 4634 154 1761 50 3677 2389 4781 4287 3880 4078 4388 4728 4783 3158 4831 4311 2542 3506 1093 2923 1796 43 3850 3984 2200 4280 726 2405 2302 4521 801 4171 4850 2122 3583 4958 2051 3971 1646 749 1962 4779 3874 866 3709 4875 4833 3413 4826 3693 4936 2275
2359 183 1123 3759 4101 4673 3555 2512 418 3568 250 814 4284 3642 2903 3572 2612 4805 1541 1260 1233 1836 2003 3157 2788 4883 2471 1094 702 3517 3264 2025 180 3356 2844 1218 787 2656 2985 1900 1093 1572 2638 2819 616 329 2409 975 3561 2295 920 60 4122 997 1935 3005 3457 1550 4136 1769 55 1583 1570 2435 448 4183 187 2991 3681 2564 3089 4115 295 4562 4519 2354 686 3278 4376 2468 452 3901 3625 2849 951 2900 1736 1316 3711 2979 1650 4348 3456 1492 4814 4094 4196 2617 1816 4199 1327 1995 1494 593 4449 1797 2253 1026 29 4218 2958 4601 4402 3790 2076 1172 3394 3216 3540 3032 1132 2337 4859 2724 3435 742 4556 793 1826 1762 1441 165 401 4868 853 788 2010 2590 3001 3118 4269 4311 2343 3734 1055 158 262 1438 4237 1393 2516 2657 4106 3819 1551 2465 2397 3885 1180 3156 601 1982 3847 4573 235 1133 337 4561 4290 4429 1396 4598 2383 2988 396 3809 1493 4546 4314 4133 4229 202 4935 4291 4260 4478 4952 693 1411 1226 3534 2654 586 2946 1759 3046 910 3947 365 4769
3949 3135 3784 4365 1331 4229 3022 2935 4458 3307 2776 4943 4240 1422 3790 4632 3143 2542 2277 2681 4166 71 2132 2163 3067 3252 4830 805 1932 1516 4606 1386 1431 2829 613 726 3237 2985 4028 2296 439 1495 1393 491 4950 2958 1161 3641 4278 2547 3807 154 3422 3673 4338 1898 4374 4026 233 764 1219 431 1419 3961 195 273 4063 1348 872 4302 1711 433 3288 68 1041 2888 4398 2189 3529 3201 669 3480 4091 4417 4083 4044 886 1878 4017 3408 2484 3070 3546 3490 2571 3151 2282 2545 1847 4774 547 3997 4971 1607 2085 1803 984 3239 3686 2710 3575 2721 212 1054 929 4452 1446 4047 3648 1488 786 217 1850 4643 857 3331 4157 935 3869 2926 4535 977 3526 2505 753 460 4746 4959 811 3942 4651 4986 2115 3880 4870 426 2751 4830 4876 1595 873 175 2551 3899 2640 2657 4442 1655 4152 4273 2352 29 4760 4331 224 2169 2940 2898 2214 964 1359 1101 1615 4349 4369 1360 2474 3122 4438 1175 1600 3457 3394 2891 1487 29 1296 3266 2182 660 3568 1635 3381 1964 3898 3856 3468 3856 164 4656
3787 1529 1641 4491 2816 4125 3678 2720 4972 4915 3356 3007 2248 4969 3743 4224 2259 2660 1530 2132 1542 2370 3204 2329 4938 2512 3050 1341 2528 488 145 988 2682 3722 2669 4550 2653 1900 2296 2512 2552 1423 623 4807 2684 562 3197 3603 1831 3520 3459 3914 2872 4242 1485 2390 4900 4340 4898 2861 4178 4609 4885 2740 4022 2891 3244 1367 411 3314 2098 2134 3788 213 4496 3351 3708 2445 4058 4537 3769 4186 4282 4812 4189 4355 1848 1060 139 1590 4154 4000 969 3661 848 1730 718 343 494 1187 4673 3366 4054 666 2805 178 4171 2205 3697 4102 4676 482 1553 1571 730 1087 3222 2266 1705 2654 197 4641 1691 1331 995 539 1431 2296 3768 664 1417 2796 2721 99 1833 3600 1532 2571 2762 1859 195 1148 3585 3643 137 4678 1506 4348 4249 2944 2267 2121 2999 4820 3435 1025 1903 1268 3608 1440 2257 220 2404 1676 495 3637 1635 4237 4574 2790 2260 4161 4409 3750 1221 4003 1677 1912 3071 1216 4474 1263 989 644 1069 3085 4174 39 2140 3676 170 3011 3522 2713 845 3919 586 284 1507 3597
