N: 40
M: 20
Symmetric: true
Triangle: false
3 34 1 37
1 19
1 13
2 9 39
2 25 10
2 22 40
1 31
1 6
2 5 7
4 12 38 30 35
3 29 8 2
1 27
2 3 4
2 14 11
4 20 32 24 15
2 21 28
2 17 16
1 18
2 33 36
2 23 26
4089 4698 3628 3856 2544 3803 817 3351 2652 4223 1255 1150 621 73 3703 2501 3147 2475 571 3159 4670 619 3011 1297 4297 2875 4327 2074 1626 611 4292 844 2074 2598 31 1524 3224 2339 4246 368
4698 3276 1577 3192 4525 98 2815 4963 3271 955 4606 4638 686 3106 2689 1504 1521 2931 4795 1334 2491 3720 1953 3403 3535 1960 4576 918 1498 4192 3497 2909 4760 4822 4434 942 1632 3550 4820 623
3628 1577 1473 4630 4876 670 416 951 1055 3630 4676 1648 3302 1265 1397 318 3348 2798 1047 1953 1226 448 668 3555 1515 3374 1584 2240 2922 3318 3721 4792 2259 2897 4883 1172 515 631 1806 895
3856 3192 4630 1069 3713 3537 1187 4964 433 140 1993 4324 2084 1156 2558 3457 991 4068 2872 2819 2117 4010 653 3155 2801 15 4513 328 1507 4085 2099 1993 3922 4829 4625 1921 2917 380 523 1014
2544 4525 4876 3713 2251 4821 4937 2420 1052 4022 4904 542 3800 2336 4317 2012 4048 3213 4209 607 1525 4673 3239 4924 701 1835 2248 4732 3402 1576 3879 1005 1467 2970 2747 4781 2898 479 3273 4138
3803 98 670 3537 4821 4651 2819 4194 1242 184 3412 2489 2707 1255 477 2000 1872 2346 3617 3272 1309 3727 2235 2286 1915 1219 4812 2118 4345 4707 841 163 3790 4377 1437 3134 1477 4661 4824 2785
817 2815 416 1187 4937 2819 1469 3403 1568 3838 3843 2224 1140 4517 272 1071 295 987 3297 3657 409 2090 1464 638 3938 1055 4074 2100 4882 1657 3527 2805 2778 82 2669 1891 1127 4540 3115 3662
3351 4963 951 4964 2420 4194 3403 3716 93 1128 4608 257 89 769 3652 4580 2873 43 2458 2649 4822 3116 3102 4772 1652 3961 2477 4341 723 1404 2804 3201 3694 674 666 3594 4816 908 4679 217
2652 3271 1055 433 1052 1242 1568 93 3267 1184 2232 1555 2833 1981 784 4502 2083 4899 3158 2439 227 1257 4941 3638 407 160 4288 2137 185 4943 1445 3017 4025 4167 2559 3983 1807 4930 73 2777
4223 955 3630 140 4022 184 3838 1128 1184 997 737 1659 1194 4223 2535 1831 4457 3405 3750 3342 3198 137 2719 2527 2503 809 1690 4935 4279 1642 2243 2576 3862 868 3691 824 4407 3923 4730 2394
1255 4606 4676 1993 4904 3412 3843 4608 2232 737 2560 2647 922 3554 4453 856 525 3758 4092 838 708 3413 1442 697 4509 4218 1457 791 3895 2039 499 4921 3685 3752 3263 2807 1870 1260 1576 30
1150 4638 1648 4324 542 2489 2224 257 1555 1659 2647 4444 1927 540 1927 4014 2245 1722 4327 4917 2245 1384 3476 1564 3253 440 2728 4404 4209 3342 602 2287 3873 3238 4663 3431 883 4604 2843 3180
621 686 3302 2084 3800 2707 1140 89 2833 1194 922 1927 365 1976 3764 527 801 2533 1539 462 3404 2323 3370 4695 3506 3295 2540 4761 1637 2552 47 372 2580 4045 817 4618 1025 4194 3998 4931
73 3106 1265 1156 2336 1255 4517 769 1981 4223 3554 540 1976 1080 3568 401 2538 1286 2316 1658 2986 3472 2477 4223 819 3407 498 3985 3315 1015 1199 4643 4054 192 2280 4800 1694 753 4102 1474
3703 2689 1397 2558 4317 477 272 3652 784 2535 4453 1927 3764 3568 980 1031 4271 315 4025 1707 326 677 2967 4738 1936 3106 3336 927 4719 382 559 1816 1417 897 3031 312 1960 447 240 3922
2501 1504 318 3457 2012 2000 1071 4580 4502 1831 856 4014 527 401 1031 4979 4690 1432 3229 3421 3935 3193 262 1012 1698 1299 2132 4023 1427 3217 240 3904 4750 727 3655 156 4147 1645 98 2821
3147 1521 3348 991 4048 1872 295 2873 2083 4457 525 2245 801 2538 4271 4690 3966 255 407 4243 2697 557 2307 2288 4144 564 1975 2559 4717 2391 4223 1499 4011 3701 1657 3512 3337 1578 1750 4495
2475 2931 2798 4068 3213 2346 987 43 4899 3405 3758 1722 2533 1286 315 1432 255 2675 2471 1141 3080 3885 302 818 2579 4784 2625 2459 4491 3203 3954 2035 3356 3301 2459 2849 89 3886 232 465
571 4795 1047 2872 4209 3617 3297 2458 3158 3750 4092 4327 1539 2316 4025 3229 407 2471 1234 4032 1194 4523 126 605 4501 831 2943 977 1435 2622 4280 4195 3669 2591 1959 2206 3710 2203 3226 542
3159 1334 1953 2819 607 3272 3657 2649 2439 3342 838 4917 462 1658 1707 3421 4243 1141 4032 3111 2489 4496 1076 4257 2004 187 315 4800 119 1546 1864 4622 4564 3876 3907 4403 1882 3516 2801 3580
4670 2491 1226 2117 1525 1309 409 4822 227 3198 708 2245 3404 2986 326 3935 2697 3080 1194 2489 79 2024 3572 1937 4810 3338 2517 3473 1147 4902 1823 244 1453 375 4683 1338 4600 2017 4741 3715
619 3720 448 4010 4673 3727 2090 3116 1257 137 3413 1384 2323 3472 677 3193 557 3885 4523 4496 2024 4211 936 2365 3146 2328 3545 1722 516 4154 163 1832 2251 901 2370 3206 2446 1928 2022 4418
3011 1953 668 653 3239 2235 1464 3102 4941 2719 1442 3476 3370 2477 2967 262 2307 302 126 1076 3572 936 186 4036 210 329 3255 4399 4860 771 1360 2196 4334 2886 4645 1071 353 3198 536 1982
1297 3403 3555 3155 4924 2286 638 4772 3638 2527 697 1564 4695 4223 4738 1012 2288 818 605 4257 1937 2365 4036 2405 2657 1264 1705 3266 1197 1379 637 95 1218 1311 877 3814 1391 4704 1467 330
4297 3535 1515 2801 701 1915 3938 1652 407 2503 4509 3253 3506 819 1936 1698 4144 2579 4501 2004 4810 3146 210 2657 806 3598 523 3292 4404 3898 3334 568 2006 1937 63 2993 579 2783 922 2242
2875 1960 3374 15 1835 1219 1055 3961 160 809 4218 440 3295 3407 3106 1299 564 4784 831 187 3338 2328 329 1264 3598 975 3894 2300 1248 160 1218 4862 4311 1665 2793 4488 3759 3348 2905 4766
4327 4576 1584 4513 2248 4812 4074 2477 4288 1690 1457 2728 2540 498 3336 2132 1975 2625 2943 315 2517 3545 3255 1705 523 3894 1307 4551 146 759 2756 1290 1380 2899 29 2777 1967 3754 106 4513
2074 918 2240 328 4732 2118 2100 4341 2137 4935 791 4404 4761 3985 927 4023 2559 2459 977 4800 3473 1722 4399 3266 3292 2300 4551 457 3298 1277 4072 4742 679 3887 4153 1219 4742 3019 2372 4995
1626 1498 2922 1507 3402 4345 4882 723 185 4279 3895 4209 1637 3315 4719 1427 4717 4491 1435 119 1147 516 4860 1197 4404 1248 146 3298 935 812 1573 866 2525 2261 3298 3256 825 871 2461 4602
611 4192 3318 4085 1576 4707 1657 1404 4943 1642 2039 3342 2552 1015 382 3217 2391 3203 2622 1546 4902 4154 771 1379 3898 160 759 1277 812 2460 4758 1741 1796 3822 1408 2498 2820 1577 906 777
4292 3497 3721 2099 3879 841 3527 2804 1445 2243 499 602 47 1199 559 240 4223 3954 4280 1864 1823 163 1360 637 3334 1218 2756 4072 1573 4758 3715 1165 4007 502 3831 3803 3084 3657 824 909
844 2909 4792 1993 1005 163 2805 3201 3017 2576 4921 2287 372 4643 1816 3904 1499 2035 4195 4622 244 1832 2196 95 568 4862 1290 4742 866 1741 1165 2232 2635 549 2217 2419 1667 4211 1009 2669
2074 4760 2259 3922 1467 3790 2778 3694 4025 3862 3685 3873 2580 4054 1417 4750 4011 3356 3669 4564 1453 2251 4334 1218 2006 4311 1380 679 2525 1796 4007 2635 4981 4860 4725 3448 2611 2739 3539 3625
2598 4822 2897 4829 2970 4377 82 674 4167 868 3752 3238 4045 192 897 727 3701 3301 2591 3876 375 901 2886 1311 1937 1665 2899 3887 2261 3822 502 549 4860 3795 4755 2030 3610 4523 2463 925
31 4434 4883 4625 2747 1437 2669 666 2559 3691 3263 4663 817 2280 3031 3655 1657 2459 1959 3907 4683 2370 4645 877 63 2793 29 4153 3298 1408 3831 2217 4725 4755 1499 643 4710 3464 1212 3969
1524 942 1172 1921 4781 3134 1891 3594 3983 824 2807 3431 4618 4800 312 156 3512 2849 2206 4403 1338 3206 1071 3814 2993 4488 2777 1219 3256 2498 3803 2419 3448 2030 643 1594 405 4970 2885 4240
3224 1632 515 2917 2898 1477 1127 4816 1807 4407 1870 883 1025 1694 1960 4147 3337 89 3710 1882 4600 2446 353 1391 579 3759 1967 4742 825 2820 3084 1667 2611 3610 4710 405 4870 190 2460 3687
2339 3550 631 380 479 4661 4540 908 4930 3923 1260 4604 4194 753 447 1645 1578 3886 2203 3516 2017 1928 3198 4704 2783 3348 3754 3019 871 1577 3657 4211 2739 4523 3464 4970 190 3388 2524 3596
4246 4820 1806 523 3273 4824 3115 4679 73 4730 1576 2843 3998 4102 240 98 1750 232 3226 2801 4741 2022 536 1467 922 2905 106 2372 2461 906 824 1009 3539 2463 1212 2885 2460 2524 499 1486
368 623 895 1014 4138 2785 3662 217 2777 2394 30 3180 4931 1474 3922 2821 4495 465 542 3580 3715 4418 1982 330 2242 4766 4513 4995 4602 777 909 2669 3625 925 3969 4240 3687 3596 1486 1916
