N: 40
M: 20
Symmetric: true
Triangle: false
2 1 10
1 6
1 21
1 23
3 27 8 32
3 28 22 20
3 37 7 25
3 31 16 18
3 30 14 24
1 15
2 33 38
2 5 11
1 26
2 19 36
3 39 12 17
1 29
3 34 13 35
1 2
3 9 40 3
1 4
2101 1492 211 2019 4199 4238 735 3918 1813 1761 1582 4118 363 2327 2549 4541 1889 3081 4904 3171 91 3477 2831 908 2778 3331 876 4135 1911 140 60 1645 2194 3384 136 3322 4947 139 3212 4869
1492 2025 471 2320 3681 25 1849 1534 1667 4996 2960 1354 1421 4870 1264 3127 3808 957 4684 814 962 3072 3686 4458 2124 2684 4683 1969 939 4860 3878 320 1237 4763 1522 169 653 4907 4126 3108
211 471 3605 878 3667 3514 4081 4190 4359 4228 3525 4547 3850 4813 2275 1137 4800 462 2465 675 3414 1525 4821 1649 2674 1229 1885 3862 3901 312 3242 914 2642 3226 3308 993 1874 1847 3104 3023
2019 2320 878 383 2840 3200 3542 709 4839 4887 2132 3924 4325 3581 143 2696 3596 537 591 4650 2006 1197 1688 4173 335 2413 3887 1535 3484 2983 1932 3087 3908 4797 783 1675 3201 97 2664 1759
4199 3681 3667 2840 1459 359 364 1738 941 4594 3739 859 2443 4531 4303 4931 4445 873 1976 370 3397 4495 3040 1398 2221 1708 3468 3579 3481 173 1178 4010 2164 4264 4086 1972 1259 4956 3985 1383
4238 25 3514 3200 359 2776 495 4644 1950 4280 2122 4697 4572 4197 1957 62 1331 4636 719 2756 4157 2221 2406 147 3327 1046 1234 1514 2344 2078 990 4009 2058 4256 1664 4333 1960 3212 4301 4651
735 1849 4081 3542 364 495 4725 669 835 2317 3262 1934 1753 4692 1121 829 2631 165 3331 86 1334 807 2631 1705 3420 3696 4959 3319 2731 4492 3263 1587 3266 3489 4913 4749 3798 1877 2997 4885
3918 1534 4190 709 1738 4644 669 793 2293 553 2648 139 2994 1812 119 1545 2651 2229 4837 2784 3358 3599 2100 4683 2415 976 4487 4361 4389 1334 3641 164 4134 4188 1759 3222 2384 4016 4409 156
1813 1667 4359 4839 941 1950 835 2293 3875 2247 3943 4919 297 2963 4239 1524 4691 311 3643 3626 4401 1421 2342 1265 1776 4125 4764 252 160 255 2286 4692 4180 1952 3909 1322 2541 419 951 3340
1761 4996 4228 4887 4594 4280 2317 553 2247 1583 2512 239 317 3498 1024 4818 4333 1687 1583 3358 1997 473 3823 4046 922 4770 2586 77 494 3222 4815 1582 681 4808 3618 2103 4870 2746 2190 2270
1582 2960 3525 2132 3739 2122 3262 2648 3943 2512 1015 4741 4206 3443 975 1032 4058 2810 3251 441 4643 3499 4787 3925 2472 948 1562 836 1084 331 3485 1712 3241 3433 4106 634 3795 3057 2737 509
4118 1354 4547 3924 859 4697 1934 139 4919 239 4741 3406 186 3225 2757 3007 4894 2670 2764 4185 36 2946 3809 2237 3126 4755 4283 3306 3389 3035 1036 4743 3691 297 2592 4210 2722 4303 2016 3138
363 1421 3850 4325 2443 4572 1753 2994 297 317 4206 186 1999 3476 1567 3346 1484 4735 393 1549 3802 3778 3182 132 627 3450 2150 445 4847 963 3474 2924 4540 1617 1228 1814 2934 4226 4329 1939
2327 4870 4813 3581 4531 4197 4692 1812 2963 3498 3443 3225 3476 1931 232 2261 3061 2967 1380 1828 4180 2859 4186 1545 3517 4637 3722 1522 1019 3580 722 4105 2657 1392 4914 643 2231 3352 948 3645
2549 1264 2275 143 4303 1957 1121 119 4239 1024 975 2757 1567 232 2307 808 3898 998 1132 4019 434 3827 3396 2047 330 3196 73 275 4470 4610 4887 370 1957 4062 4811 2217 202 1771 4099 620
4541 3127 1137 2696 4931 62 829 1545 1524 4818 1032 3007 3346 2261 808 3153 1708 2271 1616 1519 2599 395 1778 4677 2467 938 3701 4060 1379 2098 3097 305 1539 4593 4946 3025 223 3810 4182 3495
1889 3808 4800 3596 4445 1331 2631 2651 4691 4333 4058 4894 1484 3061 3898 1708 3435 1613 2426 1022 1539 4636 2444 1285 195 1871 259 494 3355 376 4676 1519 4456 4423 3365 2684 260 1032 145 2521
3081 957 462 537 873 4636 165 2229 311 1687 2810 2670 4735 2967 998 2271 1613 576 1961 10 4003 1342 2180 3146 2622 253 4928 4998 4435 4931 3698 2264 3576 4675 1653 1971 1380 4929 2832 979
4904 4684 2465 591 1976 719 3331 4837 3643 1583 3251 2764 393 1380 1132 1616 2426 1961 2453 1057 1663 4730 2374 676 3338 40 238 3374 154 2008 2089 2201 3144 45 4654 1596 2803 2413 1166 3763
3171 814 675 4650 370 2756 86 2784 3626 3358 441 4185 1549 1828 4019 1519 1022 10 1057 1573 130 2997 186 1018 1843 2495 2866 2822 4148 2730 3109 1249 4660 1498 4712 3666 339 769 2383 536
91 962 3414 2006 3397 4157 1334 3358 4401 1997 4643 36 3802 4180 434 2599 1539 4003 1663 130 4299 887 4655 1814 385 54 2077 547 2270 3999 2449 2389 662 1983 3795 114 190 3772 4200 497
3477 3072 1525 1197 4495 2221 807 3599 1421 473 3499 2946 3778 2859 3827 395 4636 1342 4730 2997 887 3721 2645 4604 4807 3683 4711 1536 3115 3274 461 2988 1238 527 4635 2161 263 107 2766 3869
2831 3686 4821 1688 3040 2406 2631 2100 2342 3823 4787 3809 3182 4186 3396 1778 2444 2180 2374 186 4655 2645 4382 580 1188 1523 1823 2165 1193 2886 397 1666 4811 1682 1464 834 1328 3594 3623 3655
908 4458 1649 4173 1398 147 1705 4683 1265 4046 3925 2237 132 1545 2047 4677 1285 3146 676 1018 1814 4604 580 3825 3856 3119 2274 1787 2997 1074 3492 3763 4132 2658 4523 4246 1609 4859 2444 3380
2778 2124 2674 335 2221 3327 3420 2415 1776 922 2472 3126 627 3517 330 2467 195 2622 3338 1843 385 4807 1188 3856 2926 2214 2675 2791 2023 910 4929 2499 2865 1569 1653 2973 4245 4774 1696 1515
3331 2684 1229 2413 1708 1046 3696 976 4125 4770 948 4755 3450 4637 3196 938 1871 253 40 2495 54 3683 1523 3119 2214 2972 3448 3189 2872 513 2412 951 4745 2682 1451 1084 1672 1892 17 4327
876 4683 1885 3887 3468 1234 4959 4487 4764 2586 1562 4283 2150 3722 73 3701 259 4928 238 2866 2077 4711 1823 2274 2675 3448 2468 4088 1023 4309 1708 4484 4057 3160 741 2108 3639 1697 321 305
4135 1969 3862 1535 3579 1514 3319 4361 252 77 836 3306 445 1522 275 4060 494 4998 3374 2822 547 1536 2165 1787 2791 3189 4088 418 582 1552 2350 4753 3667 1901 1011 744 1381 2828 450 3776
1911 939 3901 3484 3481 2344 2731 4389 160 494 1084 3389 4847 1019 4470 1379 3355 4435 154 4148 2270 3115 1193 2997 2023 2872 1023 582 882 4582 721 1513 2995 1704 3864 2460 4872 2218 1572 4347
140 4860 312 2983 173 2078 4492 1334 255 3222 331 3035 963 3580 4610 2098 376 4931 2008 2730 3999 3274 2886 1074 910 513 4309 1552 4582 3771 4289 3433 4091 2941 4842 2763 1204 2672 2802 2742
60 3878 3242 1932 1178 990 3263 3641 2286 4815 3485 1036 3474 722 4887 3097 4676 3698 2089 3109 2449 461 397 3492 4929 2412 1708 2350 721 4289 442 2924 1729 2515 1121 3986 3013 4483 1033 2765
1645 320 914 3087 4010 4009 1587 164 4692 1582 1712 4743 2924 4105 370 305 1519 2264 2201 1249 2389 2988 1666 3763 2499 951 4484 4753 1513 3433 2924 1763 2206 4339 4526 3996 69 696 3743 4429
2194 1237 2642 3908 2164 2058 3266 4134 4180 681 3241 3691 4540 2657 1957 1539 4456 3576 3144 4660 662 1238 4811 4132 2865 4745 4057 3667 2995 4091 1729 2206 2680 1152 2700 4276 4849 3304 2372 3792
3384 4763 3226 4797 4264 4256 3489 4188 1952 4808 3433 297 1617 1392 4062 4593 4423 4675 45 1498 1983 527 1682 2658 1569 2682 3160 1901 1704 2941 2515 4339 1152 4468 652 4889 1486 4071 2518 457
136 1522 3308 783 4086 1664 4913 1759 3909 3618 4106 2592 1228 4914 4811 4946 3365 1653 4654 4712 3795 4635 1464 4523 1653 1451 741 1011 3864 4842 1121 4526 2700 652 4458 2961 3770 2016 2295 50
3322 169 993 1675 1972 4333 4749 3222 1322 2103 634 4210 1814 643 2217 3025 2684 1971 1596 3666 114 2161 834 4246 2973 1084 2108 744 2460 2763 3986 3996 4276 4889 2961 1704 2177 2785 768 4331
4947 653 1874 3201 1259 1960 3798 2384 2541 4870 3795 2722 2934 2231 202 223 260 1380 2803 339 190 263 1328 1609 4245 1672 3639 1381 4872 1204 3013 69 4849 1486 3770 2177 1055 1378 4832 635
139 4907 1847 97 4956 3212 1877 4016 419 2746 3057 4303 4226 3352 1771 3810 1032 4929 2413 769 3772 107 3594 4859 4774 1892 1697 2828 2218 2672 4483 696 3304 4071 2016 2785 1378 4238 4209 1032
3212 4126 3104 2664 3985 4301 2997 4409 951 2190 2737 2016 4329 948 4099 4182 145 2832 1166 2383 4200 2766 3623 2444 1696 17 321 450 1572 2802 1033 3743 2372 2518 2295 768 4832 4209 1813 4490
4869 3108 3023 1759 1383 4651 4885 156 3340 2270 509 3138 1939 3645 620 3495 2521 979 3763 536 497 3869 3655 3380 1515 4327 305 3776 4347 2742 2765 4429 3792 457 50 4331 635 1032 4490 3408
