N: 40
M: 20
Symmetric: true
Triangle: false
3 25 26 29
2 8 40
2 4 10
2 22 12
2 20 11
3 28 35 21
1 13
2 5 18
1 39
3 24 31 32
1 30
2 17 37
3 15 3 2
2 36 6
2 16 23
2 33 9
2 14 38
2 27 1
1 34
2 7 19
2405 3095 715 3722 3415 3301 363 3582 2610 2204 3844 505 4445 3514 920 1196 545 3147 1262 3806 3153 4443 1479 70 1729 1100 1250 1119 376 3367 812 2098 2159 315 3477 751 4885 3082 3860 267
3095 4918 2909 1923 3717 3420 1006 940 3211 2907 881 1555 987 2168 1405 973 2698 3884 862 77 3918 3392 3643 127 4384 4665 4771 1294 2737 2208 2996 1068 2377 3801 2811 3706 3922 3868 409 1543
715 2909 477 2208 594 3098 4630 1111 778 526 3179 1492 3812 3859 4243 4449 444 1539 1094 3142 3084 2558 2117 1399 2485 3935 3385 4500 132 3987 3487 3909 2474 3617 2226 3443 1892 1152 1348 2051
3722 1923 2208 1706 3461 503 2251 2347 4399 1238 129 4728 642 2710 1193 146 4499 3175 975 2864 204 2736 502 1070 4292 1595 1599 4282 2421 2537 1052 4042 396 3835 761 3894 2663 194 1621 88
3415 3717 594 3461 4366 3149 3788 1866 4191 167 1086 2657 2083 1933 3794 4308 3418 3228 1724 2943 1971 4073 2323 2276 2234 2612 3319 2365 962 4096 2980 3085 4565 1625 4341 4250 243 3830 1871 4703
3301 3420 3098 503 3149 4562 4367 4075 53 2897 3243 3243 1047 1653 2326 4945 4583 4203 828 477 1299 1521 2423 4928 2787 4765 3311 4018 2943 1348 4025 4586 3256 61 904 3208 1887 1213 1186 2587
363 1006 4630 2251 3788 4367 4796 3819 4796 3826 4452 301 3669 270 1823 2979 2727 2657 4426 1782 2940 455 2502 2103 1498 332 4142 1699 3790 4324 3835 1679 4910 3066 932 939 4018 600 735 4330
3582 940 1111 2347 1866 4075 3819 1651 3187 826 4858 4403 2162 1673 4106 1044 4939 363 55 626 1198 2749 2264 1981 1351 3987 2644 1705 4826 2756 68 1907 1415 2164 2528 3550 1324 168 4948 4362
2610 3211 778 4399 4191 53 4796 3187 487 301 4871 2037 2565 2720 2311 1498 3218 204 2447 4577 1745 4475 4939 3712 71 1813 1202 4221 2542 2604 2233 4469 1657 2031 4572 722 1737 2755 4132 2233
2204 2907 526 1238 167 2897 3826 826 301 58 4279 3918 3030 4139 2786 2166 3557 4356 3157 2761 4294 4555 3127 1310 3549 103 2457 21 2793 3146 602 2378 1089 1777 998 181 3960 4128 3289 2640
3844 881 3179 129 1086 3243 4452 4858 4871 4279 4478 2677 4307 986 3885 1244 938 1557 3159 2621 963 1013 739 3742 2438 622 4674 4925 108 4960 2256 339 1401 595 2893 4916 4584 1867 1956 3903
505 1555 1492 4728 2657 3243 301 4403 2037 3918 2677 4981 1719 4455 3247 2353 519 3954 2515 4671 2003 3956 754 1859 4644 1714 2061 2953 3928 439 3821 20 1800 82 288 247 2890 1125 4541 43
4445 987 3812 642 2083 1047 3669 2162 2565 3030 4307 1719 1323 472 2536 2708 2749 901 3703 3636 854 2992 4833 769 4009 343 1537 4413 4295 4304 3651 1068 3522 964 3135 1601 4312 2495 2794 4114
3514 2168 3859 2710 1933 1653 270 1673 2720 4139 986 4455 472 3012 3177 4154 232 1722 2805 4975 4693 2274 2533 2019 3524 1733 3222 1575 276 4322 2224 2913 4948 3290 1817 731 4136 3070 1562 2612
920 1405 4243 1193 3794 2326 1823 4106 2311 2786 3885 3247 2536 3177 1345 648 3453 1234 63 3327 1787 1667 3504 884 3599 2764 643 293 3767 789 4052 1906 2950 3273 4363 2888 2142 2138 3922 1396
1196 973 4449 146 4308 4945 2979 1044 1498 2166 1244 2353 2708 4154 648 28 3676 4332 2882 2613 2250 4948 3171 231 278 1690 1639 4524 167 1543 258 3730 3651 4821 3135 2418 626 648 1888 2449
545 2698 444 4499 3418 4583 2727 4939 3218 3557 938 519 2749 232 3453 3676 1094 3485 4108 610 4395 4288 2189 3118 4151 2309 3320 4536 438 4958 3785 3337 1594 4779 2720 1416 3017 325 3249 1507
3147 3884 1539 3175 3228 4203 2657 363 204 4356 1557 3954 901 1722 1234 4332 3485 1446 3789 1400 1974 409 1180 3756 349 450 4892 4535 913 1017 3295 2413 3955 2694 467 879 4635 4722 1231 1964
1262 862 1094 975 1724 828 4426 55 2447 3157 3159 2515 3703 2805 63 2882 4108 3789 3637 4660 1968 1496 4913 4028 645 3463 532 3773 4862 927 3039 4916 1975 2454 4959 259 1097 1561 4310 2116
3806 77 3142 2864 2943 477 1782 626 4577 2761 2621 4671 3636 4975 3327 2613 610 1400 4660 4341 4572 104 1284 2292 1872 3011 15 4620 1790 3476 2694 4915 2529 1366 1152 1786 2625 1863 2378 531
3153 3918 3084 204 1971 1299 2940 1198 1745 4294 963 2003 854 4693 1787 2250 4395 1974 1968 4572 490 4825 3449 1016 762 781 3336 3302 1152 1920 4453 496 4162 4230 3695 4002 3499 2081 1874 975
4443 3392 2558 2736 4073 1521 455 2749 4475 4555 1013 3956 2992 2274 1667 4948 4288 409 1496 104 4825 4404 2771 4249 2757 247 2629 560 1630 2684 723 1143 1153 1652 3851 1725 2723 1496 1832 3989
1479 3643 2117 502 2323 2423 2502 2264 4939 3127 739 754 4833 2533 3504 3171 2189 1180 4913 1284 3449 2771 4840 1159 2577 4463 2518 2700 1830 4254 281 415 2213 4583 615 3352 4249 3078 420 618
70 127 1399 1070 2276 4928 2103 1981 3712 1310 3742 1859 769 2019 884 231 3118 3756 4028 2292 1016 4249 1159 4579 3604 3521 4560 4404 957 2611 1822 3704 3472 4090 857 1491 478 2701 3942 894
1729 4384 2485 4292 2234 2787 1498 1351 71 3549 2438 4644 4009 3524 3599 278 4151 349 645 1872 762 2757 2577 3604 1042 3907 2039 2293 2105 4176 2322 1905 3889 772 4117 2921 116 3745 315 849
1100 4665 3935 1595 2612 4765 332 3987 1813 103 622 1714 343 1733 2764 1690 2309 450 3463 3011 781 247 4463 3521 3907 676 426 4948 2176 2065 2830 1365 1935 4092 2316 2553 3145 1051 1791 4861
1250 4771 3385 1599 3319 3311 4142 2644 1202 2457 4674 2061 1537 3222 643 1639 3320 4892 532 15 3336 2629 2518 4560 2039 426 1266 4241 1021 2446 489 1546 3119 409 1930 4121 1059 3958 3925 2580
1119 1294 4500 4282 2365 4018 1699 1705 4221 21 4925 2953 4413 1575 293 4524 4536 4535 3773 4620 3302 560 2700 4404 2293 4948 4241 881 4057 2068 3306 1777 1608 892 625 2081 533 3888 2655 617
376 2737 132 2421 962 2943 3790 4826 2542 2793 108 3928 4295 276 3767 167 438 913 4862 1790 1152 1630 1830 957 2105 2176 1021 4057 437 865 3622 1170 1355 2030 85 3355 1126 372 3338 2991
3367 2208 3987 2537 4096 1348 4324 2756 2604 3146 4960 439 4304 4322 789 1543 4958 1017 927 3476 1920 2684 4254 2611 4176 2065 2446 2068 865 2958 4400 79 2073 3163 4657 235 1684 3847 2948 4736
812 2996 3487 1052 2980 4025 3835 68 2233 602 2256 3821 3651 2224 4052 258 3785 3295 3039 2694 4453 723 281 1822 2322 2830 489 3306 3622 4400 1534 1423 1047 3351 1138 3551 1310 4726 1682 3086
2098 1068 3909 4042 3085 4586 1679 1907 4469 2378 339 20 1068 2913 1906 3730 3337 2413 4916 4915 496 1143 415 3704 1905 1365 1546 1777 1170 79 1423 3019 4337 2541 4180 2548 2730 2739 4047 803
2159 2377 2474 396 4565 3256 4910 1415 1657 1089 1401 1800 3522 4948 2950 3651 1594 3955 1975 2529 4162 1153 2213 3472 3889 1935 3119 1608 1355 2073 1047 4337 2144 1007 577 2015 2213 2631 2228 3140
315 3801 3617 3835 1625 61 3066 2164 2031 1777 595 82 964 3290 3273 4821 4779 2694 2454 1366 4230 1652 4583 4090 772 4092 409 892 2030 3163 3351 2541 1007 364 195 3424 2791 4968 1834 2635
3477 2811 2226 761 4341 904 932 2528 4572 998 2893 288 3135 1817 4363 3135 2720 467 4959 1152 3695 3851 615 857 4117 2316 1930 625 85 4657 1138 4180 577 195 2863 1005 3017 705 2041 2074
751 3706 3443 3894 4250 3208 939 3550 722 181 4916 247 1601 731 2888 2418 1416 879 259 1786 4002 1725 3352 1491 2921 2553 4121 2081 3355 235 3551 2548 2015 3424 1005 3637 2515 2078 3192 592
4885 3922 1892 2663 243 1887 4018 1324 1737 3960 4584 2890 4312 4136 2142 626 3017 4635 1097 2625 3499 2723 4249 478 116 3145 1059 533 1126 1684 1310 2730 2213 2791 3017 2515 1724 743 529 3059
3082 3868 1152 194 3830 1213 600 168 2755 4128 1867 1125 2495 3070 2138 648 325 4722 1561 1863 2081 1496 3078 2701 3745 1051 3958 3888 372 3847 4726 2739 2631 4968 705 2078 743 392 38 3206
3860 409 1348 1621 1871 1186 735 4948 4132 3289 1956 4541 2794 1562 3922 1888 3249 1231 4310 2378 1874 1832 420 3942 315 1791 3925 2655 3338 2948 1682 4047 2228 1834 2041 3192 529 38 980 1248
267 1543 2051 88 4703 2587 4330 4362 2233 2640 3903 43 4114 2612 1396 2449 1507 1964 2116 531 975 3989 618 894 849 4861 2580 617 2991 4736 3086 803 3140 2635 2074 592 3059 3206 1248 757
