N: 40
M: 20
Symmetric: true
Triangle: false
2 25 14
5 37 29 38 20 18
4 3 30 27 39
1 1
3 13 11 4
3 8 28 16
1 9
3 24 33 6
1 12
1 23
1 10
1 31
1 26
3 15 22 40
2 19 32
2 17 34
3 36 5 35
1 2
1 21
1 7
3063 1778 2624 3180 4561 496 2518 4658 3893 3367 2293 4796 3482 4927 2095 1172 3450 3247 4835 1254 4266 2088 4619 3800 3756 3393 4201 2601 3642 2403 4057 4884 1165 4049 754 1096 2289 2231 347 4083
1778 1069 112 4789 4754 1722 4631 1497 1061 2624 1335 3184 2830 3945 1502 2465 3184 3805 700 1883 2752 3394 602 4334 1871 3367 3847 426 494 803 4170 2453 2082 2893 60 2421 2011 3613 3103 1684
2624 112 2078 4942 1518 4564 2982 3272 44 682 3934 4371 2301 4200 1896 4799 2749 1153 460 4267 258 3204 64 4742 322 2522 1582 1590 3776 1760 852 3961 1854 1209 4917 1505 1029 1367 4689 2991
3180 4789 4942 2821 3975 2871 1604 4667 4865 3530 2099 1972 1827 4047 4313 1526 3358 3920 726 2855 4837 2847 3576 3964 4438 2587 438 1083 2631 3945 2110 2020 3920 4791 2241 3468 1851 1118 242 4642
4561 4754 1518 3975 1438 2539 1604 704 641 1070 3579 3019 3620 4209 545 3072 3938 4553 4197 4492 2683 4396 4238 1793 1645 1435 3056 2509 4833 106 1614 3902 172 2132 2596 4962 4725 4902 25 4590
496 1722 4564 2871 2539 625 3288 576 4277 872 1909 2677 2982 4956 1141 2982 4807 4775 3814 89 1731 2814 34 1394 1572 1337 2876 1349 2685 4776 1189 4205 4130 3705 565 1647 113 3602 2218 3765
2518 4631 2982 1604 1604 3288 706 1436 4142 447 3462 2257 4754 1749 1430 3907 3675 3704 4947 3608 2198 612 1164 4607 3872 3673 4199 4854 4073 28 4948 4101 1824 469 3071 1249 1956 1090 622 4312
4658 1497 3272 4667 704 576 1436 4589 1822 2482 4363 2504 3147 4689 4270 1626 4377 4168 3825 4939 4122 3253 3525 2352 2343 3584 3128 1403 2537 3956 2997 3700 4639 1310 1701 2411 3891 3708 4940 4279
3893 1061 44 4865 641 4277 4142 1822 1641 3027 2204 4448 1281 3202 738 3474 1096 3936 4529 2825 4686 142 4913 736 1223 1788 3754 1472 3166 755 4535 2779 1577 3705 2912 4981 3279 4396 4505 1732
3367 2624 682 3530 1070 872 447 2482 3027 1797 3525 2085 1670 975 3826 2430 1146 1352 941 3086 735 2569 581 4614 2049 316 4829 1152 2834 145 1792 3705 50 1121 3215 4381 3978 2411 806 1980
2293 1335 3934 2099 3579 1909 3462 4363 2204 3525 117 3690 4192 2922 2710 3669 4849 3792 4488 3428 3345 948 142 3196 3575 3615 3773 2247 2330 2380 1577 4372 3593 2012 4766 681 3166 3905 83 1454
4796 3184 4371 1972 3019 2677 2257 2504 4448 2085 3690 2077 4809 1699 3475 1175 976 4922 4835 3879 495 2850 4009 434 1614 1682 3789 1470 3967 3894 2880 238 4492 2530 3807 2584 2085 405 1791 379
3482 2830 2301 1827 3620 2982 4754 3147 1281 1670 4192 4809 3917 4818 2870 2460 2999 879 4801 2141 4449 1748 1656 2074 4080 4120 154 453 1681 1334 706 1068 1031 277 4322 807 2344 903 645 2733
4927 3945 4200 4047 4209 4956 1749 4689 3202 975 2922 1699 4818 4027 1004 3056 4427 3513 3145 1721 1771 1883 3832 4111 3428 1276 119 3840 4614 1946 4699 4970 4493 3110 1293 1665 4670 2989 2487 1149
2095 1502 1896 4313 545 1141 1430 4270 738 3826 2710 3475 2870 1004 3379 4571 3051 3550 2412 3522 4021 827 3907 994 3107 3033 4403 2957 4766 919 710 3322 3565 2326 3947 2405 2161 1404 2963 3298
1172 2465 4799 1526 3072 2982 3907 1626 3474 2430 3669 1175 2460 3056 4571 2139 4287 2691 77 2592 168 1652 2372 3522 3367 4622 1829 3489 2113 843 3258 4852 4652 1449 4304 2749 3196 2132 494 3520
3450 3184 2749 3358 3938 4807 3675 4377 1096 1146 4849 976 2999 4427 3051 4287 1565 1341 3771 2270 1695 387 1157 3843 1443 1719 3251 2974 57 3670 4475 3377 3164 3019 3330 4639 972 2068 1366 3391
3247 3805 1153 3920 4553 4775 3704 4168 3936 1352 3792 4922 879 3513 3550 2691 1341 3036 4409 2856 3758 3595 4732 3814 4260 1510 4092 808 3915 4438 4950 1875 2225 3760 2297 3593 141 942 1551 2970
4835 700 460 726 4197 3814 4947 3825 4529 941 4488 4835 4801 3145 2412 77 3771 4409 3288 3575 3576 4765 11 1274 405 4576 4766 2142 2362 3556 661 1782 4355 164 2571 773 4082 4315 4352 4423
1254 1883 4267 2855 4492 89 3608 4939 2825 3086 3428 3879 2141 1721 3522 2592 2270 2856 3575 3396 4019 1149 1071 1879 1675 3551 1692 3386 4432 3193 4894 2905 3499 1515 2376 992 1679 1836 3819 40
4266 2752 258 4837 2683 1731 2198 4122 4686 735 3345 495 4449 1771 4021 168 1695 3758 3576 4019 2663 109 3517 3591 70 409 3563 109 4806 646 1800 2542 4311 911 2502 3360 4288 1321 1883 62
2088 3394 3204 2847 4396 2814 612 3253 142 2569 948 2850 1748 1883 827 1652 387 3595 4765 1149 109 1052 1190 178 1147 2324 721 2132 4249 3275 313 2916 4986 4893 357 28 4384 2593 1532 1261
4619 602 64 3576 4238 34 1164 3525 4913 581 142 4009 1656 3832 3907 2372 1157 4732 11 1071 3517 1190 3150 776 2481 4650 542 1446 1221 722 1730 2545 1202 4772 1716 3145 3309 1593 4560 2995
3800 4334 4742 3964 1793 1394 4607 2352 736 4614 3196 434 2074 4111 994 3522 3843 3814 1274 1879 3591 178 776 2584 2829 2051 3587 2528 3900 4584 2907 2382 2025 1911 1608 4641 4220 1609 4676 1767
3756 1871 322 4438 1645 1572 3872 2343 1223 2049 3575 1614 4080 3428 3107 3367 1443 4260 405 1675 70 1147 2481 2829 4825 310 132 1593 4002 4776 3696 3865 2338 974 485 3473 2892 2639 4073 520
3393 3367 2522 2587 1435 1337 3673 3584 1788 316 3615 1682 4120 1276 3033 4622 1719 1510 4576 3551 409 2324 4650 2051 310 1171 4124 1718 2518 2404 985 1384 3659 1961 639 3823 1316 3075 243 2620
4201 3847 1582 438 3056 2876 4199 3128 3754 4829 3773 3789 154 119 4403 1829 3251 4092 4766 1692 3563 721 542 3587 132 4124 572 3692 2296 2960 3850 1281 285 3175 4531 3103 2029 1188 852 3423
2601 426 1590 1083 2509 1349 4854 1403 1472 1152 2247 1470 453 3840 2957 3489 2974 808 2142 3386 109 2132 1446 2528 1593 1718 3692 1023 446 730 1837 1119 442 776 1317 4878 872 1882 1345 2136
3642 494 3776 2631 4833 2685 4073 2537 3166 2834 2330 3967 1681 4614 4766 2113 57 3915 2362 4432 4806 4249 1221 3900 4002 2518 2296 446 4966 261 4254 2215 1629 4154 2465 2338 1950 3745 1196 4129
2403 803 1760 3945 106 4776 28 3956 755 145 2380 3894 1334 1946 919 843 3670 4438 3556 3193 646 3275 722 4584 4776 2404 2960 730 261 284 1550 4286 1828 286 2046 2336 2158 76 3184 964
4057 4170 852 2110 1614 1189 4948 2997 4535 1792 1577 2880 706 4699 710 3258 4475 4950 661 4894 1800 313 1730 2907 3696 985 3850 1837 4254 1550 3577 846 2947 182 1056 830 3043 3598 2662 1595
4884 2453 3961 2020 3902 4205 4101 3700 2779 3705 4372 238 1068 4970 3322 4852 3377 1875 1782 2905 2542 2916 2545 2382 3865 1384 1281 1119 2215 4286 846 1684 2055 58 2392 4216 3975 4398 3542 1680
1165 2082 1854 3920 172 4130 1824 4639 1577 50 3593 4492 1031 4493 3565 4652 3164 2225 4355 3499 4311 4986 1202 2025 2338 3659 285 442 1629 1828 2947 2055 1395 1777 513 1049 4696 1447 3401 4862
4049 2893 1209 4791 2132 3705 469 1310 3705 1121 2012 2530 277 3110 2326 1449 3019 3760 164 1515 911 4893 4772 1911 974 1961 3175 776 4154 286 182 58 1777 2180 50 3877 2113 4855 3643 3978
754 60 4917 2241 2596 565 3071 1701 2912 3215 4766 3807 4322 1293 3947 4304 3330 2297 2571 2376 2502 357 1716 1608 485 639 4531 1317 2465 2046 1056 2392 513 50 1868 3358 1085 1730 484 2150
1096 2421 1505 3468 4962 1647 1249 2411 4981 4381 681 2584 807 1665 2405 2749 4639 3593 773 992 3360 28 3145 4641 3473 3823 3103 4878 2338 2336 830 4216 1049 3877 3358 4962 35 2517 3470 2095
2289 2011 1029 1851 4725 113 1956 3891 3279 3978 3166 2085 2344 4670 2161 3196 972 141 4082 1679 4288 4384 3309 4220 2892 1316 2029 872 1950 2158 3043 3975 4696 2113 1085 35 369 548 713 1229
2231 3613 1367 1118 4902 3602 1090 3708 4396 2411 3905 405 903 2989 1404 2132 2068 942 4315 1836 1321 2593 1593 1609 2639 3075 1188 1882 3745 76 3598 4398 1447 4855 1730 2517 548 1987 4127 4261
347 3103 4689 242 25 2218 622 4940 4505 806 83 1791 645 2487 2963 494 1366 1551 4352 3819 1883 1532 4560 4676 4073 243 852 1345 1196 3184 2662 3542 3401 3643 484 3470 713 4127 4448 1825
4083 1684 2991 4642 4590 3765 4312 4279 1732 1980 1454 379 2733 1149 3298 3520 3391 2970 4423 40 62 1261 2995 1767 520 2620 3423 2136 4129 964 1595 1680 4862 3978 2150 2095 1229 4261 1825 2392
