N: 40
M: 20
Symmetric: true
Triangle: false
1 18
3 12 35 39
2 27 19
3 23 30 24
2 9 14
3 33 4 37
2 26 21
2 34 15
2 40 16
1 22
2 36 5
1 28
2 13 17
4 1 2 25 8
3 32 3 31
1 7
1 11
2 6 38
2 20 10
1 29
4293 2343 1153 1906 425 4459 1702 260 3467 4529 3073 1894 3011 4230 2322 2348 4871 3065 2633 3613 1527 3432 1809 2854 1156 4105 1875 1631 2667 3583 1276 2159 1761 781 223 2335 410 1233 4258 3662
2343 2561 1551 2769 366 4084 2031 2105 4463 4356 708 693 3139 1496 2529 1367 3638 3140 1629 4960 2875 3199 4871 607 3333 1546 3342 2654 1169 2154 983 452 1063 1926 4705 3423 2933 1876 1357 3310
1153 1551 1882 3230 1368 1528 3580 137 4981 1432 3379 351 568 3237 1748 3456 3688 1002 1080 3270 1505 2681 1374 4467 4873 2549 2330 3538 3905 4815 3159 138 959 34 2517 3809 1783 2018 4344 1592
1906 2769 3230 2377 3283 651 4852 840 4658 4150 1242 1952 4812 1917 2075 3040 4157 3019 3748 27 124 1686 3881 4629 1911 210 3902 3327 3387 20 1296 340 2600 3233 4280 2074 830 1001 2134 345
425 366 1368 3283 2917 1692 4610 2427 3226 2530 4062 4411 1295 4872 296 2608 4856 315 1972 2731 4026 3268 1349 3713 662 4109 1492 3102 646 3889 2900 3930 4209 4341 436 2069 4483 4525 3731 203
4459 4084 1528 651 1692 3995 655 2002 706 581 4681 457 495 2362 2325 4248 587 2653 2254 153 4212 1829 3642 4404 498 52 644 4278 3334 3332 949 3478 4237 4268 1931 2153 2813 1893 4744 958
1702 2031 3580 4852 4610 655 492 2024 4989 4677 1983 3469 1620 1716 1645 1800 4406 890 3205 234 3042 1534 2852 1567 2151 2491 1808 3682 4672 1150 4260 2355 111 716 4222 309 284 1140 3137 4213
260 2105 137 840 2427 2002 2024 2440 166 4442 1126 3326 3905 4037 4553 3956 784 1506 4018 3995 1989 3583 4626 3020 1640 3714 1962 1203 4693 1704 2003 2537 1348 2535 3005 2345 2438 2352 1674 474
3467 4463 4981 4658 3226 706 4989 166 4967 2808 2776 2569 3545 1754 4747 546 4210 4123 4140 2525 4708 459 535 3951 209 186 890 3442 3748 1601 2102 3332 4066 749 1780 4698 4525 981 70 2193
4529 4356 1432 4150 2530 581 4677 4442 2808 4776 1675 4030 3116 2946 572 4089 3477 298 3980 2929 119 3825 151 981 600 2306 1260 942 4563 1565 761 2707 2412 66 2968 4370 1183 2288 1409 198
3073 708 3379 1242 4062 4681 1983 1126 2776 1675 1258 3669 1858 1606 3146 3483 1732 4569 586 173 1641 4369 3550 4156 3450 4771 1332 1442 3113 2744 2843 1422 4029 4306 2229 4477 1201 359 3095 2877
1894 693 351 1952 4411 457 3469 3326 2569 4030 3669 692 4595 3664 4576 2218 4966 889 3971 673 441 3955 3573 4644 3690 2249 3600 686 354 603 925 2687 332 2637 1966 1806 3191 544 2219 762
3011 3139 568 4812 1295 495 1620 3905 3545 3116 1858 4595 2720 1588 4111 4621 2358 4009 1488 4231 4461 942 3753 524 3832 2782 1220 2113 1122 4609 4050 883 3674 4427 3971 416 3146 4249 4151 3761
4230 1496 3237 1917 4872 2362 1716 4037 1754 2946 1606 3664 1588 3660 3377 1387 4726 4637 1618 231 3034 1706 4699 1717 4757 4613 4068 752 349 2077 3820 288 4146 543 3719 579 108 3046 1963 2259
2322 2529 1748 2075 296 2325 1645 4553 4747 572 3146 4576 4111 3377 1119 2759 4507 4269 2219 1152 3194 2948 4974 4939 3051 3265 1034 4347 559 2552 3690 703 3713 3296 2989 2068 3674 4126 2943 1642
2348 1367 3456 3040 2608 4248 1800 3956 546 4089 3483 2218 4621 1387 2759 4253 4629 1099 2253 2429 4107 3699 2482 3350 2376 3573 4195 4827 1336 679 4827 1552 2548 3335 4867 1827 2189 2500 4139 1888
4871 3638 3688 4157 4856 587 4406 784 4210 3477 1732 4966 2358 4726 4507 4629 2171 2190 4474 2612 3374 175 1967 3930 1174 3052 1689 3458 2797 2854 1864 31 3875 3420 302 984 521 915 2468 1096
3065 3140 1002 3019 315 2653 890 1506 4123 298 4569 889 4009 4637 4269 1099 2190 1410 4078 1847 3587 1692 124 328 1391 781 1877 99 2877 1497 2513 4748 63 3478 2656 4910 767 4403 1644 3912
2633 1629 1080 3748 1972 2254 3205 4018 4140 3980 586 3971 1488 1618 2219 2253 4474 4078 4535 1182 4291 531 917 195 4331 1919 383 3983 862 3504 2747 3709 1302 4865 3130 2294 3041 4063 4740 4399
3613 4960 3270 27 2731 153 234 3995 2525 2929 173 673 4231 231 1152 2429 2612 1847 1182 2421 1177 3217 709 4751 358 2600 3327 492 853 2246 4184 2140 4361 1045 1498 4010 3436 1719 776 1008
1527 2875 1505 124 4026 4212 3042 1989 4708 119 1641 441 4461 3034 3194 4107 3374 3587 4291 1177 2374 3748 2763 4021 978 3041 1111 1720 1946 3987 4305 4046 4198 2358 3646 409 2928 4083 1730 4210
3432 3199 2681 1686 3268 1829 1534 3583 459 3825 4369 3955 942 1706 2948 3699 175 1692 531 3217 3748 2724 3152 4966 3882 1814 2108 2116 700 1836 2836 3175 4247 4792 2448 2694 2245 2926 2619 87
1809 4871 1374 3881 1349 3642 2852 4626 535 151 3550 3573 3753 4699 4974 2482 1967 124 917 709 2763 3152 4087 1941 3576 587 2648 4966 1324 1798 2940 2400 2695 2894 1448 3542 1414 926 4311 4962
2854 607 4467 4629 3713 4404 1567 3020 3951 981 4156 4644 524 1717 4939 3350 3930 328 195 4751 4021 4966 1941 4917 1391 2762 2324 1943 604 3234 3194 2913 2602 3547 2298 3795 1232 2024 1925 4834
1156 3333 4873 1911 662 498 2151 1640 209 600 3450 3690 3832 4757 3051 2376 1174 1391 4331 358 978 3882 3576 1391 1290 4708 2933 4903 2488 2062 4771 3583 1644 918 2767 4992 2541 1554 3539 411
4105 1546 2549 210 4109 52 2491 3714 186 2306 4771 2249 2782 4613 3265 3573 3052 781 1919 2600 3041 1814 587 2762 4708 2514 4880 1479 939 2801 1952 1266 3375 2020 1261 3315 2924 4708 2364 1736
1875 3342 2330 3902 1492 644 1808 1962 890 1260 1332 3600 1220 4068 1034 4195 1689 1877 383 3327 1111 2108 2648 2324 2933 4880 2502 1132 3632 4166 4477 3183 271 2651 689 3534 1410 2208 2628 762
1631 2654 3538 3327 3102 4278 3682 1203 3442 942 1442 686 2113 752 4347 4827 3458 99 3983 492 1720 2116 4966 1943 4903 1479 1132 3253 399 729 1080 683 3132 4579 1570 1336 4114 4075 1316 3470
2667 1169 3905 3387 646 3334 4672 4693 3748 4563 3113 354 1122 349 559 1336 2797 2877 862 853 1946 700 1324 604 2488 939 3632 399 2911 4941 557 3932 1035 1497 3261 612 4298 3980 3407 300
3583 2154 4815 20 3889 3332 1150 1704 1601 1565 2744 603 4609 2077 2552 679 2854 1497 3504 2246 3987 1836 1798 3234 2062 2801 4166 729 4941 1224 2754 3401 1222 3118 4104 2152 1036 1374 3454 2224
1276 983 3159 1296 2900 949 4260 2003 2102 761 2843 925 4050 3820 3690 4827 1864 2513 2747 4184 4305 2836 2940 3194 4771 1952 4477 1080 557 2754 2654 3976 2407 115 2895 4778 449 1135 77 2241
2159 452 138 340 3930 3478 2355 2537 3332 2707 1422 2687 883 288 703 1552 31 4748 3709 2140 4046 3175 2400 2913 3583 1266 3183 683 3932 3401 3976 509 4977 3414 1897 2535 788 4406 4290 4731
1761 1063 959 2600 4209 4237 111 1348 4066 2412 4029 332 3674 4146 3713 2548 3875 63 1302 4361 4198 4247 2695 2602 1644 3375 271 3132 1035 1222 2407 4977 1862 3014 3133 824 36 2323 2359 4327
781 1926 34 3233 4341 4268 716 2535 749 66 4306 2637 4427 543 3296 3335 3420 3478 4865 1045 2358 4792 2894 3547 918 2020 2651 4579 1497 3118 115 3414 3014 1698 1609 4983 2817 664 1277 2202
223 4705 2517 4280 436 1931 4222 3005 1780 2968 2229 1966 3971 3719 2989 4867 302 2656 3130 1498 3646 2448 1448 2298 2767 1261 689 1570 3261 4104 2895 1897 3133 1609 39 2122 3907 1151 4168 328
2335 3423 3809 2074 2069 2153 309 2345 4698 4370 4477 1806 416 579 2068 1827 984 4910 2294 4010 409 2694 3542 3795 4992 3315 3534 1336 612 2152 4778 2535 824 4983 2122 2188 1516 3852 856 386
410 2933 1783 830 4483 2813 284 2438 4525 1183 1201 3191 3146 108 3674 2189 521 767 3041 3436 2928 2245 1414 1232 2541 2924 1410 4114 4298 1036 449 788 36 2817 3907 1516 1022 3016 2469 59
1233 1876 2018 1001 4525 1893 1140 2352 981 2288 359 544 4249 3046 4126 2500 915 4403 4063 1719 4083 2926 926 2024 1554 4708 2208 4075 3980 1374 1135 4406 2323 664 1151 3852 3016 4359 4616 4711
4258 1357 4344 2134 3731 4744 3137 1674 70 1409 3095 2219 4151 1963 2943 4139 2468 1644 4740 776 1730 2619 4311 1925 3539 2364 2628 1316 3407 3454 77 4290 2359 1277 4168 856 2469 4616 2190 4087
3662 3310 1592 345 203 958 4213 474 2193 198 2877 762 3761 2259 1642 1888 1096 3912 4399 1008 4210 87 4962 4834 411 1736 762 3470 300 2224 2241 4731 4327 2202 328 386 59 4711 4087 4652
