N: 40
M: 20
Symmetric: true
Triangle: false
2 32 28
1 18
2 16 24
3 26 37 4
3 39 1 23
1 36
4 6 40 19 27
2 5 17
2 34 15
1 12
1 3
3 31 13 21
1 29
4 38 22 33 7
1 8
2 10 14
2 2 35
1 11
1 30
3 20 25 9
4039 1670 4030 4822 4152 4871 321 1677 1510 4315 2234 457 2028 2278 1431 2557 415 443 2411 1820 731 4013 767 4130 67 636 3039 3065 957 2220 3911 3784 3177 3907 3008 1810 536 3526 3132 677
1670 1707 1719 4709 1484 954 2110 3217 2332 288 780 93 467 4626 2791 1740 2753 1591 1984 3415 4465 1385 4901 3169 3841 4341 909 2440 3018 4517 777 4181 3650 2165 4892 1435 1166 2483 2625 4510
4030 1719 2131 3003 4515 2038 3847 574 4210 1962 2088 2243 3306 633 4228 131 3265 3166 3444 2369 2170 759 1852 1878 2899 1884 881 4834 2258 2760 3466 2020 2177 2379 1568 2310 3570 2336 4578 2042
4822 4709 3003 2640 3912 3719 2372 3477 3487 4271 270 3730 1599 2108 3063 4525 3410 4909 924 658 3203 3587 346 1426 1044 619 3676 3670 1591 3186 4352 1804 1083 234 3745 4496 4868 107 4678 4245
4152 1484 4515 3912 4404 3823 3122 3036 3029 3764 2440 802 4653 1435 3679 1259 3879 941 897 2979 2280 2010 2006 23 2567 4239 982 4488 4763 1723 3432 2249 2284 3106 3185 1644 3520 541 1634 4627
4871 954 2038 3719 3823 4719 3312 1589 1239 4304 1496 4420 3718 3890 2806 4646 1941 3804 882 3294 2213 1191 4259 2384 1564 4627 4185 3592 3399 593 1503 946 4447 958 2655 3017 1729 556 3355 1239
321 2110 3847 2372 3122 3312 243 1251 847 4318 3310 1273 3964 1299 4696 2303 4752 2677 4379 2177 4515 2519 3324 4281 3060 2515 4390 2299 1498 4341 4269 408 760 1393 159 4523 4556 4199 2215 2069
1677 3217 574 3477 3036 1589 1251 3253 1061 1127 4728 3406 3149 3019 245 1590 4943 4412 296 2995 2132 702 4226 2524 917 3526 332 1631 2360 2640 4179 4860 4290 2835 208 2469 1012 2255 768 3230
1510 2332 4210 3487 3029 1239 847 1061 904 2196 2879 891 1349 3735 731 4309 2816 1438 2215 4650 971 1105 2913 1512 2601 3194 1641 2194 2303 4555 3749 4051 1816 1419 3785 3677 1466 3811 2822 1444
4315 288 1962 4271 3764 4304 4318 1127 2196 1484 1358 3722 532 2409 2985 440 1447 3441 1473 925 4388 4132 1423 3214 2765 459 4449 4882 4856 2975 306 1143 3192 1546 191 1633 4715 4129 1982 3743
2234 780 2088 270 2440 1496 3310 4728 2879 1358 3339 4953 671 2895 4255 1536 248 1858 974 2726 2141 1619 3424 3937 651 871 2144 2490 4351 2526 4314 2466 3011 1860 1568 4658 2829 3891 3761 3506
457 93 2243 3730 802 4420 1273 3406 891 3722 4953 611 1142 1142 3354 3650 4945 1361 1768 4853 1356 4443 3606 3052 1370 4202 977 2899 651 3251 309 391 4018 4159 3446 1167 558 4585 2622 618
2028 467 3306 1599 4653 3718 3964 3149 1349 532 671 1142 2109 3433 4346 1593 4032 4876 71 1971 1143 284 3132 416 4072 1437 3915 3438 2051 59 2695 3981 598 554 4889 1315 3566 89 498 3969
2278 4626 633 2108 1435 3890 1299 3019 3735 2409 2895 1142 3433 4619 3935 4831 2301 3464 4707 2540 470 1700 317 3266 4367 368 43 453 995 4572 766 311 979 3333 544 1706 4351 2110 3560 3692
1431 2791 4228 3063 3679 2806 4696 245 731 2985 4255 3354 4346 3935 2668 3045 919 1436 150 1584 3016 4575 1770 1492 817 508 2056 293 2888 1852 2001 3680 1852 598 3903 4470 1674 1536 4296 1249
2557 1740 131 4525 1259 4646 2303 1590 4309 440 1536 3650 1593 4831 3045 3614 3943 3090 2565 3946 512 1822 4372 4876 3899 4898 1041 4056 4991 389 4673 957 485 1656 650 2432 1410 1809 1318 3876
415 2753 3265 3410 3879 1941 4752 4943 2816 1447 248 4945 4032 2301 919 3943 3280 1637 3358 4558 656 1344 271 3419 4871 4863 1872 232 3192 3088 4956 3150 4729 1398 3289 1084 2477 3701 517 3035
443 1591 3166 4909 941 3804 2677 4412 1438 3441 1858 1361 4876 3464 1436 3090 1637 2945 4211 2479 2207 4669 4462 4245 2725 2361 1213 1744 3166 3144 2727 1459 3726 829 1426 2250 2161 236 2737 36
2411 1984 3444 924 897 882 4379 296 2215 1473 974 1768 71 4707 150 2565 3358 4211 3882 4663 4934 2531 1647 1644 4510 2429 4437 2742 4310 1404 238 2697 3846 2813 4259 1729 2185 2722 185 3918
1820 3415 2369 658 2979 3294 2177 2995 4650 925 2726 4853 1971 2540 1584 3946 4558 2479 4663 3692 1642 4381 2503 1026 2219 1929 3823 2666 1118 262 4595 969 462 4276 4775 4429 723 712 2686 3703
731 4465 2170 3203 2280 2213 4515 2132 971 4388 2141 1356 1143 470 3016 512 656 2207 4934 1642 918 3596 3162 2694 2961 929 978 1444 3544 4217 363 2923 1165 762 2224 3746 2685 973 3994 326
4013 1385 759 3587 2010 1191 2519 702 1105 4132 1619 4443 284 1700 4575 1822 1344 4669 2531 4381 3596 920 970 2168 2675 3227 4248 1956 1221 2509 2264 2853 2016 4328 2313 1813 1663 3613 2636 305
767 4901 1852 346 2006 4259 3324 4226 2913 1423 3424 3606 3132 317 1770 4372 271 4462 1647 2503 3162 970 2270 4980 4758 2887 4352 541 1315 2460 2524 3808 3453 1925 4942 1055 1758 4598 4258 741
4130 3169 1878 1426 23 2384 4281 2524 1512 3214 3937 3052 416 3266 1492 4876 3419 4245 1644 1026 2694 2168 4980 2902 3530 1038 411 1166 2797 2111 112 2675 2112 4279 1084 2567 2561 398 4320 2826
67 3841 2899 1044 2567 1564 3060 917 2601 2765 651 1370 4072 4367 817 3899 4871 2725 4510 2219 2961 2675 4758 3530 4176 158 753 3757 868 2472 833 4952 1696 1801 913 1274 4166 3692 2658 1932
636 4341 1884 619 4239 4627 2515 3526 3194 459 871 4202 1437 368 508 4898 4863 2361 2429 1929 929 3227 2887 1038 158 2959 2525 1372 2261 4070 4366 3316 2204 4817 4884 2746 3206 3326 3708 4596
3039 909 881 3676 982 4185 4390 332 1641 4449 2144 977 3915 43 2056 1041 1872 1213 4437 3823 978 4248 4352 411 753 2525 2365 2858 2473 134 1458 4063 2965 3764 1361 3520 1213 132 148 751
3065 2440 4834 3670 4488 3592 2299 1631 2194 4882 2490 2899 3438 453 293 4056 232 1744 2742 2666 1444 1956 541 1166 3757 1372 2858 2152 752 1876 4367 2502 2998 2258 4135 4551 4792 4280 2542 676
957 3018 2258 1591 4763 3399 1498 2360 2303 4856 4351 651 2051 995 2888 4991 3192 3166 4310 1118 3544 1221 1315 2797 868 2261 2473 752 2534 4364 2059 1675 2660 506 775 3271 1754 113 2941 4931
2220 4517 2760 3186 1723 593 4341 2640 4555 2975 2526 3251 59 4572 1852 389 3088 3144 1404 262 4217 2509 2460 2111 2472 4070 134 1876 4364 4834 1278 630 3453 4473 2748 2751 619 3668 4777 2994
3911 777 3466 4352 3432 1503 4269 4179 3749 306 4314 309 2695 766 2001 4673 4956 2727 238 4595 363 2264 2524 112 833 4366 1458 4367 2059 1278 4379 2078 3770 3958 4906 1189 1032 27 3510 534
3784 4181 2020 1804 2249 946 408 4860 4051 1143 2466 391 3981 311 3680 957 3150 1459 2697 969 2923 2853 3808 2675 4952 3316 4063 2502 1675 630 2078 4052 2265 327 3124 101 2264 4732 4901 3258
3177 3650 2177 1083 2284 4447 760 4290 1816 3192 3011 4018 598 979 1852 485 4729 3726 3846 462 1165 2016 3453 2112 1696 2204 2965 2998 2660 3453 3770 2265 3755 219 4059 2991 485 2395 2765 430
3907 2165 2379 234 3106 958 1393 2835 1419 1546 1860 4159 554 3333 598 1656 1398 829 2813 4276 762 4328 1925 4279 1801 4817 3764 2258 506 4473 3958 327 219 115 4345 75 4121 4497 4197 3521
3008 4892 1568 3745 3185 2655 159 208 3785 191 1568 3446 4889 544 3903 650 3289 1426 4259 4775 2224 2313 4942 1084 913 4884 1361 4135 775 2748 4906 3124 4059 4345 1590 2375 3257 4215 1530 4097
1810 1435 2310 4496 1644 3017 4523 2469 3677 1633 4658 1167 1315 1706 4470 2432 1084 2250 1729 4429 3746 1813 1055 2567 1274 2746 3520 4551 3271 2751 1189 101 2991 75 2375 2503 1365 2792 2309 2186
536 1166 3570 4868 3520 1729 4556 1012 1466 4715 2829 558 3566 4351 1674 1410 2477 2161 2185 723 2685 1663 1758 2561 4166 3206 1213 4792 1754 619 1032 2264 485 4121 3257 1365 928 1367 3575 1801
3526 2483 2336 107 541 556 4199 2255 3811 4129 3891 4585 89 2110 1536 1809 3701 236 2722 712 973 3613 4598 398 3692 3326 132 4280 113 3668 27 4732 2395 4497 4215 2792 1367 396 4179 4868
3132 2625 4578 4678 1634 3355 2215 768 2822 1982 3761 2622 498 3560 4296 1318 517 2737 185 2686 3994 2636 4258 4320 2658 3708 148 2542 2941 4777 3510 4901 2765 4197 1530 2309 3575 4179 2827 3779
677 4510 2042 4245 4627 1239 2069 3230 1444 3743 3506 618 3969 3692 1249 3876 3035 36 3918 3703 326 305 741 2826 1932 4596 751 676 4931 2994 534 3258 430 3521 4097 2186 1801 4868 3779 1113
