N: 40
M: 20
Symmetric: true
Triangle: false
1 23
2 24 30
2 9 34
1 3
4 5 38 35 26
4 40 39 18 13
1 8
3 17 31 33
2 28 27
1 29
3 4 6 14
1 19
1 12
3 20 1 7
1 32
2 16 25
2 36 22
3 37 11 15
2 10 2
1 21
3913 2313 3593 2907 119 3553 909 4378 1162 4947 2328 404 1937 1137 1589 3961 1880 2518 731 1478 317 1145 3411 1963 86 917 2723 756 1677 1555 4156 3639 2240 3548 4186 4740 431 1128 1297 3818
2313 3276 2687 3356 1394 2799 829 1830 592 4362 15 823 2146 47 4174 4496 3314 210 4502 3989 1140 4093 4516 2757 2443 1373 2956 4880 1005 2706 4056 583 837 946 569 195 212 2664 4705 3445
3593 2687 4641 3380 1079 3553 1117 1475 243 1683 2722 1695 3697 949 3420 4594 4491 994 1888 1945 4564 386 3978 787 4850 630 3381 2585 280 3335 4390 1626 2937 619 854 4288 2578 1397 301 4266
2907 3356 3380 2967 3818 4459 4802 4463 3342 1404 3879 3585 2573 4767 1994 104 4820 1279 3401 4437 4072 4480 2469 3849 3742 4810 2102 4478 2779 747 191 3932 1642 1207 1378 2769 4523 2903 1415 1996
119 1394 1079 3818 1460 1971 4388 1399 1932 3818 3008 4322 2851 4797 2570 1032 663 4900 1441 3982 4490 4023 3444 4827 1975 3127 3986 3337 3096 1295 3956 4945 1047 3660 702 1565 4227 1891 3562 3521
3553 2799 3553 4459 1971 1599 4070 3725 3282 3958 1816 2392 3306 553 3839 1688 1079 1409 4790 3291 319 2185 3201 294 3616 1046 217 2150 2562 4299 4576 4058 1377 3530 4668 4733 2258 1457 3947 4359
909 829 1117 4802 4388 4070 2598 2757 3921 1501 55 2871 3464 2985 281 2256 1371 3056 2673 1580 2441 1139 3846 4419 2199 4177 2669 1442 378 1425 4944 1952 251 2150 1087 769 2764 3606 87 1330
4378 1830 1475 4463 1399 3725 2757 1692 21 2602 4124 1615 2788 378 3441 1240 2746 3080 2203 942 81 1778 1818 3343 3090 574 3689 1065 4603 2381 4841 1257 4953 4040 1170 4305 4687 4034 4997 3519
1162 592 243 3342 1932 3282 3921 21 1318 2762 3037 2460 1937 2355 4761 4811 1682 44 1174 2290 3822 3292 1227 1931 673 850 106 263 1691 4393 612 1198 3509 4637 263 4446 1170 735 832 4049
4947 4362 1683 1404 3818 3958 1501 2602 2762 3204 2953 273 3904 1217 134 2879 3362 1380 3335 129 1940 1270 3683 772 1180 396 1065 4982 769 3001 3983 2728 304 400 3268 4446 2765 2351 1351 2054
2328 15 2722 3879 3008 1816 55 4124 3037 2953 1593 1881 3339 1281 1101 1368 3614 1180 4963 2399 1026 1742 3850 4031 4391 3603 3608 3222 1203 686 813 4892 1521 3561 1463 4076 4773 4304 4047 4771
404 823 1695 3585 4322 2392 2871 1615 2460 273 1881 4364 4525 3817 644 711 2016 4244 504 4520 2628 4471 1905 3510 271 2230 1150 4268 1726 2503 1908 4589 2634 3963 3300 3528 2203 4879 1290 2858
1937 2146 3697 2573 2851 3306 3464 2788 1937 3904 3339 4525 1666 164 1725 845 1635 4009 4612 3504 3006 1928 4900 2566 459 2630 491 497 2773 3410 2718 904 3852 2636 4969 2498 3463 2433 1459 1195
1137 47 949 4767 4797 553 2985 378 2355 1217 1281 3817 164 2709 2210 4583 561 1266 1746 2453 2359 3884 1905 4807 1431 2755 4845 1241 42 4096 71 1270 2884 3727 732 3151 3064 957 635 3485
1589 4174 3420 1994 2570 3839 281 3441 4761 134 1101 644 1725 2210 4877 1217 3936 4100 570 4816 3952 2630 1683 516 3527 4124 3917 35 4451 4888 3918 2741 4415 1969 1455 1708 2406 3245 2198 3131
3961 4496 4594 104 1032 1688 2256 1240 4811 2879 1368 711 845 4583 1217 900 581 4899 4345 789 1293 360 1543 4721 1076 2666 1363 2466 3310 4274 3653 4290 4806 1192 3297 1026 550 3605 208 1560
1880 3314 4491 4820 663 1079 1371 2746 1682 3362 3614 2016 1635 561 3936 581 2605 1500 1445 1262 1887 4913 3387 1344 1369 808 4550 128 3118 3873 915 1404 4465 4221 1499 4424 540 1686 475 4429
2518 210 994 1279 4900 1409 3056 3080 44 1380 1180 4244 4009 1266 4100 4899 1500 1174 1760 4454 2447 1449 4339 564 1020 1007 3620 1886 4089 843 2518 75 252 3241 4493 2499 2287 4453 1676 1442
731 4502 1888 3401 1441 4790 2673 2203 1174 3335 4963 504 4612 1746 570 4345 1445 1760 34 3534 2997 2822 3586 3972 2730 4307 1197 3767 3431 3817 4063 3493 2142 3712 3392 3372 204 2594 1188 1607
1478 3989 1945 4437 3982 3291 1580 942 2290 129 2399 4520 3504 2453 4816 789 1262 4454 3534 614 4958 4286 309 4919 4581 2839 3342 3134 1601 145 1113 1203 4904 404 3914 2204 4755 100 4400 4167
317 1140 4564 4072 4490 319 2441 81 3822 1940 1026 2628 3006 2359 3952 1293 1887 2447 2997 4958 513 3237 4178 1719 297 3479 642 4188 81 2275 1309 3148 71 4530 3162 968 3034 3440 2647 292
1145 4093 386 4480 4023 2185 1139 1778 3292 1270 1742 4471 1928 3884 2630 360 4913 1449 2822 4286 3237 2731 342 4875 2585 4145 4297 2763 1659 2565 4467 3842 3224 2726 2802 2440 2703 4423 1001 1862
3411 4516 3978 2469 3444 3201 3846 1818 1227 3683 3850 1905 4900 1905 1683 1543 3387 4339 3586 309 4178 342 3561 663 3443 3010 4720 782 1869 1440 4596 4252 3952 3996 4222 411 2152 2476 2940 2973
1963 2757 787 3849 4827 294 4419 3343 1931 772 4031 3510 2566 4807 516 4721 1344 564 3972 4919 1719 4875 663 3720 3729 1722 167 755 291 26 2159 2732 4636 1177 4241 4876 4457 2750 2667 2277
86 2443 4850 3742 1975 3616 2199 3090 673 1180 4391 271 459 1431 3527 1076 1369 1020 2730 4581 297 2585 3443 3729 4160 4661 859 2180 4861 2760 4700 2614 97 2348 1666 4630 936 4450 1337 4413
917 1373 630 4810 3127 1046 4177 574 850 396 3603 2230 2630 2755 4124 2666 808 1007 4307 2839 3479 4145 3010 1722 4661 1933 1274 2246 2774 3371 1408 3580 1704 4199 204 2706 263 2147 2240 3298
2723 2956 3381 2102 3986 217 2669 3689 106 1065 3608 1150 491 4845 3917 1363 4550 3620 1197 3342 642 4297 4720 167 859 1274 1955 2807 3617 4137 3103 2495 1865 4040 3864 1669 4896 4538 13 2165
756 4880 2585 4478 3337 2150 1442 1065 263 4982 3222 4268 497 1241 35 2466 128 1886 3767 3134 4188 2763 782 755 2180 2246 2807 1769 1136 336 4973 3700 2804 62 2573 2139 152 712 333 4949
1677 1005 280 2779 3096 2562 378 4603 1691 769 1203 1726 2773 42 4451 3310 3118 4089 3431 1601 81 1659 1869 291 4861 2774 3617 1136 2783 4251 2322 759 4302 2991 1533 4851 2743 70 2772 563
1555 2706 3335 747 1295 4299 1425 2381 4393 3001 686 2503 3410 4096 4888 4274 3873 843 3817 145 2275 2565 1440 26 2760 3371 4137 336 4251 4417 471 113 4019 2909 4032 1846 3344 2637 660 943
4156 4056 4390 191 3956 4576 4944 4841 612 3983 813 1908 2718 71 3918 3653 915 2518 4063 1113 1309 4467 4596 2159 4700 1408 3103 4973 2322 471 1026 852 4364 2073 2081 4478 2144 4144 2893 3792
3639 583 1626 3932 4945 4058 1952 1257 1198 2728 4892 4589 904 1270 2741 4290 1404 75 3493 1203 3148 3842 4252 2732 2614 3580 2495 3700 759 113 852 2204 3117 659 4655 4123 1593 2292 2326 2009
2240 837 2937 1642 1047 1377 251 4953 3509 304 1521 2634 3852 2884 4415 4806 4465 252 2142 4904 71 3224 3952 4636 97 1704 1865 2804 4302 4019 4364 3117 3918 2857 3770 1779 1531 3144 1624 2734
3548 946 619 1207 3660 3530 2150 4040 4637 400 3561 3963 2636 3727 1969 1192 4221 3241 3712 404 4530 2726 3996 1177 2348 4199 4040 62 2991 2909 2073 659 2857 2640 1342 1491 3938 4248 3554 854
4186 569 854 1378 702 4668 1087 1170 263 3268 1463 3300 4969 732 1455 3297 1499 4493 3392 3914 3162 2802 4222 4241 1666 204 3864 2573 1533 4032 2081 4655 3770 1342 347 3002 1660 3867 509 1936
4740 195 4288 2769 1565 4733 769 4305 4446 4446 4076 3528 2498 3151 1708 1026 4424 2499 3372 2204 968 2440 411 4876 4630 2706 1669 2139 4851 1846 4478 4123 1779 1491 3002 3859 224 1359 1449 4465
431 212 2578 4523 4227 2258 2764 4687 1170 2765 4773 2203 3463 3064 2406 550 540 2287 204 4755 3034 2703 2152 4457 936 263 4896 152 2743 3344 2144 1593 1531 3938 1660 224 1431 2541 2501 1051
1128 2664 1397 2903 1891 1457 3606 4034 735 2351 4304 4879 2433 957 3245 3605 1686 4453 2594 100 3440 4423 2476 2750 4450 2147 4538 712 70 2637 4144 2292 3144 4248 3867 1359 2541 4337 345 2405
1297 4705 301 1415 3562 3947 87 4997 832 1351 4047 1290 1459 635 2198 208 475 1676 1188 4400 2647 1001 2940 2667 1337 2240 13 333 2772 660 2893 2326 1624 3554 509 1449 2501 345 1076 2031
3818 3445 4266 1996 3521 4359 1330 3519 4049 2054 4771 2858 1195 3485 3131 1560 4429 1442 1607 4167 292 1862 2973 2277 4413 3298 2165 4949 563 943 3792 2009 2734 854 1936 4465 1051 2405 2031 1677
