N: 40
M: 20
Symmetric: true
Triangle: false
2 3 33
2 4 25
5 7 10 37 6 9
2 19 5
1 11
2 27 36
1 29
5 23 31 12 20 15
3 17 40 24
1 21
1 38
2 32 34
2 8 39
2 30 22
2 28 13
2 14 16
1 35
1 18
1 2
2 26 1
3612 1625 4576 3050 2643 4614 4700 76 2779 3519 4298 1541 1535 1883 4704 2531 292 1278 3840 2641 3518 448 102 655 2429 1693 4682 3131 376 696 1198 4240 333 2816 3248 1934 3280 2630 4611 3783
1625 315 4772 3080 466 1835 2848 1233 1423 2566 4466 300 4878 3712 1305 2252 1967 719 4520 4504 3932 2313 741 4776 356 981 2801 3515 2850 940 4944 4118 3541 4422 3896 170 1300 2574 3130 375
4576 4772 3932 1861 519 1113 2537 2509 919 3475 4651 4577 4995 2249 290 3411 2520 1981 1316 4111 2728 337 2501 410 4312 4975 2819 3774 1939 169 3804 3792 1115 1472 1898 4353 2893 3528 232 3819
3050 3080 1861 4710 3861 4555 4979 1689 3462 1958 1358 1363 3891 1334 1356 1248 652 360 3290 961 3855 693 989 2678 3608 4593 14 618 3984 938 1666 2151 1217 2178 3702 1396 2337 2189 3313 654
2643 466 519 3861 3695 3195 2091 1180 4857 249 4036 1885 1944 2931 1913 2761 3526 4588 307 1294 1253 334 4759 455 3443 2655 2612 4633 3378 832 793 805 3615 1835 509 3165 4620 269 3762 4979
4614 1835 1113 4555 3195 3627 4048 4282 2018 924 4649 1216 3251 547 446 2150 174 3640 393 2551 1460 2879 1033 2618 3337 802 4658 4015 3350 2857 1408 3149 997 89 3422 2746 4867 546 3512 3045
4700 2848 2537 4979 2091 4048 3246 3314 499 2722 3864 3205 2048 2367 4635 4450 3580 3622 1502 3854 4717 874 1575 4135 3329 73 2041 93 2875 2275 4588 3466 3329 1676 89 78 412 958 867 2668
76 1233 2509 1689 1180 4282 3314 4808 3505 2779 4916 3190 4858 668 259 905 3037 3186 2265 4089 2095 2034 4859 2838 84 3264 1816 3631 1679 1980 4215 2911 1588 169 4423 4013 1736 2747 751 3697
2779 1423 919 3462 4857 2018 499 3505 2222 4517 2390 1899 478 2486 3774 2220 710 390 2704 3336 480 2373 4037 4681 782 3140 1046 689 380 3099 363 2603 1381 2251 4682 3289 4136 169 839 2201
3519 2566 3475 1958 249 924 2722 2779 4517 4764 3157 2852 4174 900 2074 2949 1548 248 2990 3491 2064 3316 2598 3451 399 4068 2006 2851 783 4780 990 3931 1122 3981 1882 1585 373 706 1035 3430
4298 4466 4651 1358 4036 4649 3864 4916 2390 3157 3304 3101 1693 1561 1225 1311 2871 3240 2914 2623 3792 1741 1137 3494 4444 4270 1745 1563 810 2418 4292 2220 4125 2373 3916 4341 1556 1846 3602 4239
1541 300 4577 1363 1885 1216 3205 3190 1899 2852 3101 862 4021 2026 3852 928 2690 2035 1510 3723 662 2373 3059 682 3861 1505 4611 737 1097 4454 3903 1150 2651 818 4793 481 3067 3487 3069 3791
1535 4878 4995 3891 1944 3251 2048 4858 478 4174 1693 4021 3899 4989 2751 4777 2855 4808 3175 505 1641 2273 2449 2235 4188 2996 2847 2610 1569 1976 1568 3686 3844 4981 3852 3580 3887 4264 3048 3083
1883 3712 2249 1334 2931 547 2367 668 2486 900 1561 2026 4989 275 2747 347 4187 3768 4618 3669 4218 493 4899 3258 4221 4956 4842 1210 471 1048 4375 1835 2172 1733 4976 3795 204 1604 3692 1148
4704 1305 290 1356 1913 446 4635 259 3774 2074 1225 3852 2751 2747 148 77 1594 2111 784 3028 849 4888 3568 40 1079 4174 1546 3856 1238 3710 2360 2104 63 4355 4450 422 3010 4189 1978 4586
2531 2252 3411 1248 2761 2150 4450 905 2220 2949 1311 928 4777 347 77 3885 2113 2402 298 2894 3091 3188 1612 3198 2952 856 2916 1460 1291 2747 3115 830 1798 4047 4375 2193 37 2665 4415 1120
292 1967 2520 652 3526 174 3580 3037 710 1548 2871 2690 2855 4187 1594 2113 1280 709 3838 4911 994 1097 1228 2598 4967 2246 293 4113 639 2568 258 3495 4303 3005 1717 941 1831 542 1832 4784
1278 719 1981 360 4588 3640 3622 3186 390 248 3240 2035 4808 3768 2111 2402 709 1709 1741 4625 2443 4055 2695 4965 1098 3419 4942 470 1174 4879 1378 4303 1338 1935 3970 2234 4120 3471 3366 802
3840 4520 1316 3290 307 393 1502 2265 2704 2990 2914 1510 3175 4618 784 298 3838 1741 4933 285 4765 1831 4656 2390 693 2432 3831 4807 1251 454 4286 906 182 2736 776 2784 2115 2808 3770 4853
2641 4504 4111 961 1294 2551 3854 4089 3336 3491 2623 3723 505 3669 3028 2894 4911 4625 285 4413 3250 3098 1757 4968 3485 1148 2650 1938 567 831 2360 3261 741 4464 1619 361 2978 988 758 4206
3518 3932 2728 3855 1253 1460 4717 2095 480 2064 3792 662 1641 4218 849 3091 994 2443 4765 3250 4005 4616 863 1451 2454 103 2310 1390 166 4561 3601 380 3013 3226 1752 4849 3670 455 500 1656
448 2313 337 693 334 2879 874 2034 2373 3316 1741 2373 2273 493 4888 3188 1097 4055 1831 3098 4616 4520 791 264 909 987 788 4272 3437 2671 3547 856 900 1882 3285 1728 31 121 2790 3974
102 741 2501 989 4759 1033 1575 4859 4037 2598 1137 3059 2449 4899 3568 1612 1228 2695 4656 1757 863 791 1907 658 3294 148 1350 2403 307 2719 843 778 3812 3111 662 311 1110 3007 4373 2245
655 4776 410 2678 455 2618 4135 2838 4681 3451 3494 682 2235 3258 40 3198 2598 4965 2390 4968 1451 264 658 1727 77 958 3775 1955 4207 2846 4999 3104 2063 1484 2972 2167 3176 295 3750 2089
2429 356 4312 3608 3443 3337 3329 84 782 399 4444 3861 4188 4221 1079 2952 4967 1098 693 3485 2454 909 3294 77 3839 1385 3418 2961 1853 3901 1259 2263 4512 121 598 239 4652 1753 1395 3150
1693 981 4975 4593 2655 802 73 3264 3140 4068 4270 1505 2996 4956 4174 856 2246 3419 2432 1148 103 987 148 958 1385 1842 904 2171 2847 4095 4508 2680 2297 2271 2871 2435 1893 646 396 3244
4682 2801 2819 14 2612 4658 2041 1816 1046 2006 1745 4611 2847 4842 1546 2916 293 4942 3831 2650 2310 788 1350 3775 3418 904 3616 3881 4434 4447 713 3384 1013 1321 2835 704 1334 1456 4459 3639
3131 3515 3774 618 4633 4015 93 3631 689 2851 1563 737 2610 1210 3856 1460 4113 470 4807 1938 1390 4272 2403 1955 2961 2171 3881 4112 4178 2155 45 2074 1368 2773 2209 3342 4577 937 3465 4843
376 2850 1939 3984 3378 3350 2875 1679 380 783 810 1097 1569 471 1238 1291 639 1174 1251 567 166 3437 307 4207 1853 2847 4434 4178 1320 542 4270 985 2109 3498 1889 2998 1281 4482 421 3003
696 940 169 938 832 2857 2275 1980 3099 4780 2418 4454 1976 1048 3710 2747 2568 4879 454 831 4561 2671 2719 2846 3901 4095 4447 2155 542 2910 730 123 3498 2076 3356 4646 285 4636 1517 1725
1198 4944 3804 1666 793 1408 4588 4215 363 990 4292 3903 1568 4375 2360 3115 258 1378 4286 2360 3601 3547 843 4999 1259 4508 713 45 4270 730 1080 1121 2284 3036 3667 3743 309 824 1190 4888
4240 4118 3792 2151 805 3149 3466 2911 2603 3931 2220 1150 3686 1835 2104 830 3495 4303 906 3261 380 856 778 3104 2263 2680 3384 2074 985 123 1121 2480 1489 3775 1575 820 3642 871 3135 4273
333 3541 1115 1217 3615 997 3329 1588 1381 1122 4125 2651 3844 2172 63 1798 4303 1338 182 741 3013 900 3812 2063 4512 2297 1013 1368 2109 3498 2284 1489 1467 2294 1132 3393 151 1286 623 1729
2816 4422 1472 2178 1835 89 1676 169 2251 3981 2373 818 4981 1733 4355 4047 3005 1935 2736 4464 3226 1882 3111 1484 121 2271 1321 2773 3498 2076 3036 3775 2294 3324 2743 2586 2513 3200 1597 4197
3248 3896 1898 3702 509 3422 89 4423 4682 1882 3916 4793 3852 4976 4450 4375 1717 3970 776 1619 1752 3285 662 2972 598 2871 2835 2209 1889 3356 3667 1575 1132 2743 1748 4116 4152 1585 2294 3077
1934 170 4353 1396 3165 2746 78 4013 3289 1585 4341 481 3580 3795 422 2193 941 2234 2784 361 4849 1728 311 2167 239 2435 704 3342 2998 4646 3743 820 3393 2586 4116 3618 3580 2482 2736 2647
3280 1300 2893 2337 4620 4867 412 1736 4136 373 1556 3067 3887 204 3010 37 1831 4120 2115 2978 3670 31 1110 3176 4652 1893 1334 4577 1281 285 309 3642 151 2513 4152 3580 2402 3878 1583 2670
2630 2574 3528 2189 269 546 958 2747 169 706 1846 3487 4264 1604 4189 2665 542 3471 2808 988 455 121 3007 295 1753 646 1456 937 4482 4636 824 871 1286 3200 1585 2482 3878 1375 3374 574
4611 3130 232 3313 3762 3512 867 751 839 1035 3602 3069 3048 3692 1978 4415 1832 3366 3770 758 500 2790 4373 3750 1395 396 4459 3465 421 1517 1190 3135 623 1597 2294 2736 1583 3374 309 4109
3783 375 3819 654 4979 3045 2668 3697 2201 3430 4239 3791 3083 1148 4586 1120 4784 802 4853 4206 1656 3974 2245 2089 3150 3244 3639 4843 3003 1725 4888 4273 1729 4197 3077 2647 2670 574 4109 804
