N: 60
M: 20
Symmetric: true
Triangle: false
1 10
1 29
4 23 28 14 51
3 32 16 22
2 15 33
5 34 4 19 48 39
2 44 57
5 18 17 30 46 50
3 56 37 38
3 59 35 9
1 52
2 12 21
2 2 6
2 36 3
2 24 27
6 41 31 49 42 47 25
4 43 13 5 20
6 54 45 8 7 40 58
3 53 26 55
3 60 11 1
2871 1159 3704 2529 1697 4686 3793 4210 948 1643 3050 2373 1810 2540 2870 4367 1414 1440 4001 1527 4481 2880 647 4927 1187 3068 957 932 1451 198 2153 3219 4884 1186 907 1050 104 2823 4115 4715 1225 3711 4974 3328 643 85 4813 2269 922 3929 904 1204 4056 579 980 2204 4601 1465 3943 4259
1159 4765 1583 3995 3657 4022 1993 4001 3882 439 396 1856 922 3716 1217 2295 4790 3820 2454 211 2539 2530 484 2354 2915 2954 3887 2849 966 3863 3065 4967 4425 3337 2834 4434 1090 2652 1798 1209 3044 2669 2694 3468 2294 138 2016 3020 1735 2365 3166 1183 1740 915 3558 65 2824 3061 3928 3056
3704 1583 1507 4178 4396 2088 2199 927 4316 3765 75 713 2399 920 3662 4971 166 1588 392 3510 4285 4558 1685 2418 4493 1430 2743 467 2455 2191 4875 4294 274 718 2564 3966 4242 10 4368 4000 4435 1020 53 931 1744 2649 203 2993 1018 1768 2213 2712 3842 4806 3141 3675 58 1725 1218 157
2529 3995 4178 1778 1699 2197 735 1590 1237 2519 1331 2778 1837 611 946 1402 3206 65 2284 2782 622 2305 2035 3061 2152 568 3808 4220 94 2245 870 3794 2109 2297 1170 545 2816 129 1656 4318 1970 2026 1890 1756 4859 1396 1985 2092 3161 3426 1690 4848 397 733 440 2523 4453 3831 2230 2158
1697 3657 4396 1699 2129 4424 1498 2670 2481 714 3116 1737 4404 357 3411 681 1252 4138 4045 816 3833 2139 1098 508 1847 3530 4446 956 2274 4492 1314 1870 3053 2979 2282 118 2957 4494 92 522 4843 388 4582 3485 3505 1408 1688 3584 311 2525 3392 4758 2460 791 3771 1955 114 2843 4838 3163
4686 4022 2088 2197 4424 3763 2297 1338 3632 4620 3328 4849 793 3301 3447 879 4236 40 381 4938 4189 1613 3033 1342 1150 3838 4864 4121 3554 4680 1736 424 3193 383 4359 95 2221 3157 4621 2493 4798 261 3229 4463 2407 946 2456 1855 4748 2851 4095 3131 1451 1220 4897 2059 714 4025 4002 1244
3793 1993 2199 735 1498 2297 1720 2772 1641 1556 4388 3326 1484 4539 3251 2737 3002 2166 2456 4222 512 4912 145 696 3621 46 3205 3795 1547 2496 193 1337 3757 3794 2628 4878 1679 1185 3494 1800 1723 196 4056 3527 4252 1977 3430 700 4705 2097 3570 2145 3819 538 3841 636 4445 3933 2929 196
4210 4001 927 1590 2670 1338 2772 3533 3728 307 4559 509 2544 283 3818 1802 3444 1318 3446 3298 4522 303 321 312 2034 3160 3588 268 4201 2192 3407 4662 3932 4174 2492 4549 1748 3657 4079 1368 4938 2460 3813 2473 3443 3831 3856 2658 2267 3509 717 561 4112 853 2718 114 2710 3362 4499 1721
948 3882 4316 1237 2481 3632 1641 3728 2118 579 2187 1676 1826 3178 65 2056 2922 163 4777 1004 2535 4966 3302 4913 3446 4203 3443 4511 1802 3690 1870 2269 2225 898 1197 2213 18 2353 1122 2885 17 3632 2504 1944 4377 1522 575 4652 3004 4033 321 2471 3665 4862 1186 4731 1844 4513 3301 150
1643 439 3765 2519 714 4620 1556 307 579 2199 1966 3209 4519 3486 4381 3921 778 786 1207 1094 773 4909 4828 4947 3669 431 2104 3113 801 4222 326 2804 1327 1263 3256 4250 3114 3850 639 1213 3180 2753 1161 1747 2737 3372 189 2487 130 1404 755 1429 130 2628 4634 1265 3917 2197 3441 4275
3050 396 75 1331 3116 3328 4388 4559 2187 1966 3546 280 418 2568 2079 4637 3578 4277 1712 4637 386 382 913 4029 3392 3614 2197 4329 1716 3403 3815 425 2435 4126 3990 3965 4313 4793 527 2234 3706 2849 4763 324 489 1543 717 1833 1391 4399 2275 1620 549 1715 1402 1876 2718 4870 145 3397
2373 1856 713 2778 1737 4849 3326 509 1676 3209 280 4172 2741 3814 1660 2156 4434 11 4526 219 2554 1772 713 4538 3164 4843 1682 1821 4729 3397 3621 4479 4434 824 3700 2128 1026 4477 880 3390 1346 2396 3387 916 3389 651 450 2333 2393 2633 1264 2370 2761 1979 2854 4374 4802 2443 4491 2836
1810 922 2399 1837 4404 793 1484 2544 1826 4519 418 2741 1604 4507 2673 2035 465 309 1232 1293 2820 3791 573 3670 1435 3603 1844 4216 2079 1789 185 1762 2904 4711 1263 353 1574 3441 77 2751 4782 594 3928 4596 3981 1163 4296 1805 214 2201 4677 2047 271 4348 2905 1436 4918 11 2840 1301
2540 3716 920 611 357 3301 4539 283 3178 3486 2568 3814 4507 596 2712 1916 1382 2819 2355 4030 514 2465 1807 3665 95 3128 125 4750 3146 3644 4005 833 1656 4914 4711 3119 2424 504 1960 4026 2161 3237 801 2807 3958 74 2768 3938 392 1729 1856 1502 1167 636 4228 1355 3931 3921 1027 3577
2870 1217 3662 946 3411 3447 3251 3818 65 4381 2079 1660 2673 2712 2631 3068 870 1221 1096 4603 4114 3858 3129 1413 4695 2581 3717 1534 4151 1018 4228 4008 583 462 2240 1576 2677 2685 2091 1939 2688 860 229 2737 4145 4461 2133 1459 1404 2964 1512 244 1816 1208 4649 3560 2031 685 3142 3002
4367 2295 4971 1402 681 879 2737 1802 2056 3921 4637 2156 2035 1916 3068 1324 323 3265 986 348 4439 590 2447 983 409 38 2481 721 3386 1450 3424 3392 1842 720 1259 2916 2557 2870 1381 2199 3128 2654 4342 2038 2926 4125 2483 1897 4924 3582 2103 2651 1662 1613 3147 4836 2022 1927 1907 2420
1414 4790 166 3206 1252 4236 3002 3444 2922 778 3578 4434 465 1382 870 323 2037 693 4985 3575 4880 382 457 616 2803 47 2474 788 1597 600 1492 1740 4829 2186 1774 4876 3023 192 4215 3745 1946 4046 4945 1045 2334 833 4951 4603 976 2018 1780 376 3169 3891 4884 4662 1700 3324 1586 867
1440 3820 1588 65 4138 40 2166 1318 163 786 4277 11 309 2819 1221 3265 693 4951 528 371 2192 1074 4004 562 326 3425 1534 3781 4017 4858 4747 4455 1768 2166 452 3573 2548 3578 2733 3529 1126 76 2885 3877 309 879 1498 4599 4411 3036 2125 695 1357 3931 1037 3155 4314 2489 2825 3576
4001 2454 392 2284 4045 381 2456 3446 4777 1207 1712 4526 1232 2355 1096 986 4985 528 1670 4513 1627 4959 2894 2517 3114 4297 1785 1656 1177 1286 4129 2476 1732 1166 331 1617 1130 4993 3988 2988 2444 4355 2946 1526 1020 1779 1898 4036 4007 4293 882 4178 2120 2078 1484 4983 4753 1759 4974 776
1527 211 3510 2782 816 4938 4222 3298 1004 1094 4637 219 1293 4030 4603 348 3575 371 4513 4020 2161 4908 1811 3675 4521 395 2618 2575 4615 611 1303 2282 3217 3204 4801 1362 3521 699 3873 1005 2682 2455 2674 4678 4166 4256 2475 758 2133 4672 2098 4578 153 1239 4848 4368 1673 2721 2364 3943
4481 2539 4285 622 3833 4189 512 4522 2535 773 386 2554 2820 514 4114 4439 4880 2192 1627 2161 3849 1845 4102 760 3411 806 2521 1624 4637 3630 1175 4312 345 3204 3210 4595 4465 1171 289 4330 2758 2502 2302 907 3099 4469 2777 4160 439 933 3282 2393 3765 2710 4869 3681 443 2344 2041 4296
2880 2530 4558 2305 2139 1613 4912 303 4966 4909 382 1772 3791 2465 3858 590 382 1074 4959 4908 1845 414 2236 4351 2697 2617 3741 2632 3271 4882 3077 2730 4158 4767 2501 3063 3260 4808 1907 3049 4576 2222 4445 3486 1902 2596 975 324 4915 1690 2184 3994 2103 4833 839 4439 79 2349 1101 3893
647 484 1685 2035 1098 3033 145 321 3302 4828 913 713 573 1807 3129 2447 457 4004 2894 1811 4102 2236 4534 4655 2489 701 318 2928 399 2726 4195 4272 2235 2921 3382 308 4750 690 474 4363 4689 3968 4758 2670 3509 1151 1923 127 4043 875 4068 3871 23 1280 4510 2738 3347 1809 1651 2806
4927 2354 2418 3061 508 1342 696 312 4913 4947 4029 4538 3670 3665 1413 983 616 562 2517 3675 760 4351 4655 2834 1341 3473 4704 4425 4081 3001 3479 2226 145 965 3602 918 3953 4622 4331 1995 2744 1199 102 4354 3229 381 715 3861 2662 1921 3670 1863 1443 3384 1840 2344 3884 1430 983 4727
1187 2915 4493 2152 1847 1150 3621 2034 3446 3669 3392 3164 1435 95 4695 409 2803 326 3114 4521 3411 2697 2489 1341 2088 4508 3820 610 1362 1613 3823 1034 1175 4746 4442 1216 493 4427 832 4950 2209 3822 1142 2671 313 610 1614 503 2841 4758 2836 3301 2577 806 2828 3040 944 323 3950 3309
3068 2954 1430 568 3530 3838 46 3160 4203 431 3614 4843 3603 3128 2581 38 47 3425 4297 395 806 2617 701 3473 4508 1453 2623 2020 1213 4042 1628 1622 780 585 3956 4155 2957 4881 432 2554 1252 1708 4182 4754 917 2588 2989 3759 3485 2245 152 823 1532 3001 498 3785 1856 4702 2408 4796
957 3887 2743 3808 4446 4864 3205 3588 3443 2104 2197 1682 1844 125 3717 2481 2474 1534 1785 2618 2521 3741 318 4704 3820 2623 4028 1580 552 4309 2852 726 1785 206 622 4604 4374 3873 3258 3442 2179 3907 3818 1170 2451 4333 481 4220 228 4880 1892 4379 3004 1725 4729 295 2311 107 4713 1597
932 2849 467 4220 956 4121 3795 268 4511 3113 4329 1821 4216 4750 1534 721 788 3781 1656 2575 1624 2632 2928 4425 610 2020 1580 2050 1937 3410 4665 4383 2395 1678 4441 891 3711 2769 3338 2509 3677 4013 1420 4910 926 3237 1086 3646 1827 4517 1234 504 3317 205 2338 1752 4316 2544 461 2041
1451 966 2455 94 2274 3554 1547 4201 1802 801 1716 4729 2079 3146 4151 3386 1597 4017 1177 4615 4637 3271 399 4081 1362 1213 552 1937 48 3697 2077 2922 2547 4259 2522 4053 779 278 807 4411 3629 2811 467 3563 841 4471 1487 3153 1107 862 1733 4381 2145 1254 3086 3095 503 4772 1148 4324
198 3863 2191 2245 4492 4680 2496 2192 3690 4222 3403 3397 1789 3644 1018 1450 600 4858 1286 611 3630 4882 2726 3001 1613 4042 4309 3410 3697 2754 1065 3935 1159 463 3582 3209 2627 3600 2909 1232 1954 2263 1650 100 1454 253 3253 2385 2645 1119 2295 573 2354 4734 2680 3536 2939 4813 3082 2400
2153 3065 4875 870 1314 1736 193 3407 1870 326 3815 3621 185 4005 4228 3424 1492 4747 4129 1303 1175 3077 4195 3479 3823 1628 2852 4665 2077 1065 2339 3509 4901 2036 2317 4591 3104 2843 606 353 3491 3179 1491 2318 3281 4494 4211 3666 1921 1235 2101 3953 4646 1159 1997 3205 1925 240 2181 2650
3219 4967 4294 3794 1870 424 1337 4662 2269 2804 425 4479 1762 833 4008 3392 1740 4455 2476 2282 4312 2730 4272 2226 1034 1622 726 4383 2922 3935 3509 2318 28 692 1474 2629 2026 4935 3905 121 2499 3962 2195 3276 3244 2199 1011 2507 1138 3193 1830 3778 1990 3647 4838 1481 3253 4620 3404 633
4884 4425 274 2109 3053 3193 3757 3932 2225 1327 2435 4434 2904 1656 583 1842 4829 1768 1732 3217 345 4158 2235 145 1175 780 1785 2395 2547 1159 4901 28 2167 1645 662 54 2063 91 4346 106 1281 4228 3392 1831 4468 1427 380 4400 4955 2996 4131 3006 4550 2700 3891 3379 1422 240 4129 3835
1186 3337 718 2297 2979 383 3794 4174 898 1263 4126 824 4711 4914 462 720 2186 2166 1166 3204 3204 4767 2921 965 4746 585 206 1678 4259 463 2036 692 1645 4996 2486 2782 337 2159 565 1121 3263 3373 3440 484 2924 85 1174 1497 2240 1626 2413 3031 3839 1298 1829 293 306 2250 69 4605
907 2834 2564 1170 2282 4359 2628 2492 1197 3256 3990 3700 1263 4711 2240 1259 1774 452 331 4801 3210 2501 3382 3602 4442 3956 622 4441 2522 3582 2317 1474 662 2486 3319 4592 2459 4577 948 815 3244 2439 3934 967 122 4000 1633 4626 986 634 768 1403 2160 1176 2731 1030 4969 2285 926 1738
1050 4434 3966 545 118 95 4878 4549 2213 4250 3965 2128 353 3119 1576 2916 4876 3573 1617 1362 4595 3063 308 918 1216 4155 4604 891 4053 3209 4591 2629 54 2782 4592 2579 4940 905 4410 533 655 1355 3708 3490 599 3982 1685 911 4623 1134 765 1055 831 2289 815 3375 4496 4223 4140 70
104 1090 4242 2816 2957 2221 1679 1748 18 3114 4313 1026 1574 2424 2677 2557 3023 2548 1130 3521 4465 3260 4750 3953 493 2957 4374 3711 779 2627 3104 2026 2063 337 2459 4940 602 2010 3275 3800 4418 1701 1414 812 4958 1761 2678 3729 1380 4401 4380 3706 3337 1760 536 725 4672 4157 4239 4181
2823 2652 10 129 4494 3157 1185 3657 2353 3850 4793 4477 3441 504 2685 2870 192 3578 4993 699 1171 4808 690 4622 4427 4881 3873 2769 278 3600 2843 4935 91 2159 4577 905 2010 2544 4688 4359 3535 592 1551 3340 4101 1854 4386 1201 1531 4730 3499 2667 630 2017 3834 3605 2155 2024 2221 3887
4115 1798 4368 1656 92 4621 3494 4079 1122 639 527 880 77 1960 2091 1381 4215 2733 3988 3873 289 1907 474 4331 832 432 3258 3338 807 2909 606 3905 4346 565 948 4410 3275 4688 2956 3883 944 3331 3972 4311 2424 2112 2256 3609 3065 2917 3828 2039 145 2761 4433 1476 3111 857 1831 1542
4715 1209 4000 4318 522 2493 1800 1368 2885 1213 2234 3390 2751 4026 1939 2199 3745 3529 2988 1005 4330 3049 4363 1995 4950 2554 3442 2509 4411 1232 353 121 106 1121 815 533 3800 4359 3883 1768 3847 1811 2357 3508 1246 192 4363 93 2189 1531 3110 1306 1716 1650 2878 2652 830 4095 3528 3705
1225 3044 4435 1970 4843 4798 1723 4938 17 3180 3706 1346 4782 2161 2688 3128 1946 1126 2444 2682 2758 4576 4689 2744 2209 1252 2179 3677 3629 1954 3491 2499 1281 3263 3244 655 4418 3535 944 3847 4918 2806 2940 3275 2340 2995 213 4840 767 2824 3913 1713 3421 1909 3353 2820 1608 224 3980 221
3711 2669 1020 2026 388 261 196 2460 3632 2753 2849 2396 594 3237 860 2654 4046 76 4355 2455 2502 2222 3968 1199 3822 1708 3907 4013 2811 2263 3179 3962 4228 3373 2439 1355 1701 592 3331 1811 2806 1593 3432 3880 2130 2891 2908 4114 3098 2624 540 3429 540 4421 2990 3031 604 1320 233 3705
4974 2694 53 1890 4582 3229 4056 3813 2504 1161 4763 3387 3928 801 229 4342 4945 2885 2946 2674 2302 4445 4758 102 1142 4182 3818 1420 467 1650 1491 2195 3392 3440 3934 3708 1414 1551 3972 2357 2940 3432 1299 4286 179 965 1774 4982 3431 667 713 1857 959 1796 3144 456 3436 3192 2551 2871
3328 3468 931 1756 3485 4463 3527 2473 1944 1747 324 916 4596 2807 2737 2038 1045 3877 1526 4678 907 3486 2670 4354 2671 4754 1170 4910 3563 100 2318 3276 1831 484 967 3490 812 3340 4311 3508 3275 3880 4286 1905 1967 4173 3324 3488 2127 3038 4952 4702 1320 2222 2247 162 4830 4724 1618 1547
643 2294 1744 4859 3505 2407 4252 3443 4377 2737 489 3389 3981 3958 4145 2926 2334 309 1020 4166 3099 1902 3509 3229 313 917 2451 926 841 1454 3281 3244 4468 2924 122 599 4958 4101 2424 1246 2340 2130 179 1967 4675 1071 4462 4716 2897 1887 3261 1025 1377 125 2245 973 3006 4239 3945 3397
85 138 2649 1396 1408 946 1977 3831 1522 3372 1543 651 1163 74 4461 4125 833 879 1779 4256 4469 2596 1151 381 610 2588 4333 3237 4471 253 4494 2199 1427 85 4000 3982 1761 1854 2112 192 2995 2891 965 4173 1071 3604 689 3889 626 3721 1709 4520 3395 1559 2666 4907 398 2898 4382 3967
4813 2016 203 1985 1688 2456 3430 3856 575 189 717 450 4296 2768 2133 2483 4951 1498 1898 2475 2777 975 1923 715 1614 2989 481 1086 1487 3253 4211 1011 380 1174 1633 1685 2678 4386 2256 4363 213 2908 1774 3324 4462 689 3550 1527 2568 1922 3304 2824 1267 2233 1177 4304 4665 3039 4540 1166
2269 3020 2993 2092 3584 1855 700 2658 4652 2487 1833 2333 1805 3938 1459 1897 4603 4599 4036 758 4160 324 127 3861 503 3759 4220 3646 3153 2385 3666 2507 4400 1497 4626 911 3729 1201 3609 93 4840 4114 4982 3488 4716 3889 1527 1122 4918 4851 1562 1920 3775 4782 1853 943 1756 1935 2969 1920
922 1735 1018 3161 311 4748 4705 2267 3004 130 1391 2393 214 392 1404 4924 976 4411 4007 2133 439 4915 4043 2662 2841 3485 228 1827 1107 2645 1921 1138 4955 2240 986 4623 1380 1531 3065 2189 767 3098 3431 2127 2897 626 2568 4918 1313 653 4451 1187 3051 3804 1178 2829 3074 4689 4961 1986
3929 2365 1768 3426 2525 2851 2097 3509 4033 1404 4399 2633 2201 1729 2964 3582 2018 3036 4293 4672 933 1690 875 1921 4758 2245 4880 4517 862 1119 1235 3193 2996 1626 634 1134 4401 4730 2917 1531 2824 2624 667 3038 1887 3721 1922 4851 653 1125 2467 2554 233 2241 2144 3055 733 4832 1026 2491
904 3166 2213 1690 3392 4095 3570 717 321 755 2275 1264 4677 1856 1512 2103 1780 2125 882 2098 3282 2184 4068 3670 2836 152 1892 1234 1733 2295 2101 1830 4131 2413 768 765 4380 3499 3828 3110 3913 540 713 4952 3261 1709 3304 1562 4451 2467 2894 4282 2038 2035 312 899 1800 2429 3623 2879
1204 1183 2712 4848 4758 3131 2145 561 2471 1429 1620 2370 2047 1502 244 2651 376 695 4178 4578 2393 3994 3871 1863 3301 823 4379 504 4381 573 3953 3778 3006 3031 1403 1055 3706 2667 2039 1306 1713 3429 1857 4702 1025 4520 2824 1920 1187 2554 4282 1285 2358 2026 4999 1636 2927 1273 1478 762
4056 1740 3842 397 2460 1451 3819 4112 3665 130 549 2761 271 1167 1816 1662 3169 1357 2120 153 3765 2103 23 1443 2577 1532 3004 3317 2145 2354 4646 1990 4550 3839 2160 831 3337 630 145 1716 3421 540 959 1320 1377 3395 1267 3775 3051 233 2038 2358 733 481 3981 4755 751 3442 1742 2263
579 915 4806 733 791 1220 538 853 4862 2628 1715 1979 4348 636 1208 1613 3891 3931 2078 1239 2710 4833 1280 3384 806 3001 1725 205 1254 4734 1159 3647 2700 1298 1176 2289 1760 2017 2761 1650 1909 4421 1796 2222 125 1559 2233 4782 3804 2241 2035 2026 481 1165 187 3971 458 1742 1020 242
980 3558 3141 440 3771 4897 3841 2718 1186 4634 1402 2854 2905 4228 4649 3147 4884 1037 1484 4848 4869 839 4510 1840 2828 498 4729 2338 3086 2680 1997 4838 3891 1829 2731 815 536 3834 4433 2878 3353 2990 3144 2247 2245 2666 1177 1853 1178 2144 312 4999 3981 187 4463 3310 14 4977 894 4944
2204 65 3675 2523 1955 2059 636 114 4731 1265 1876 4374 1436 1355 3560 4836 4662 3155 4983 4368 3681 4439 2738 2344 3040 3785 295 1752 3095 3536 3205 1481 3379 293 1030 3375 725 3605 1476 2652 2820 3031 456 162 973 4907 4304 943 2829 3055 899 1636 4755 3971 3310 1452 2380 3189 4834 2163
4601 2824 58 4453 114 714 4445 2710 1844 3917 2718 4802 4918 3931 2031 2022 1700 4314 4753 1673 443 79 3347 3884 944 1856 2311 4316 503 2939 1925 3253 1422 306 4969 4496 4672 2155 3111 830 1608 604 3436 4830 3006 398 4665 1756 3074 733 1800 2927 751 458 14 2380 4379 2259 3274 3696
1465 3061 1725 3831 2843 4025 3933 3362 4513 2197 4870 2443 11 3921 685 1927 3324 2489 1759 2721 2344 2349 1809 1430 323 4702 107 2544 4772 4813 240 4620 240 2250 2285 4223 4157 2024 857 4095 224 1320 3192 4724 4239 2898 3039 1935 4689 4832 2429 1273 3442 1742 4977 3189 2259 1800 3037 1623
3943 3928 1218 2230 4838 4002 2929 4499 3301 3441 145 4491 2840 1027 3142 1907 1586 2825 4974 2364 2041 1101 1651 983 3950 2408 4713 461 1148 3082 2181 3404 4129 69 926 4140 4239 2221 1831 3528 3980 233 2551 1618 3945 4382 4540 2969 4961 1026 3623 1478 1742 1020 894 4834 3274 3037 417 1974
4259 3056 157 2158 3163 1244 196 1721 150 4275 3397 2836 1301 3577 3002 2420 867 3576 776 3943 4296 3893 2806 4727 3309 4796 1597 2041 4324 2400 2650 633 3835 4605 1738 70 4181 3887 1542 3705 221 3705 2871 1547 3397 3967 1166 1920 1986 2491 2879 762 2263 242 4944 2163 3696 1623 1974 1331
