N: 60
M: 20
Symmetric: true
Triangle: false
3 33 53 13
4 43 25 11 20
2 44 47
2 31 41
1 10
3 51 23 37
2 34 17
3 59 7 9
2 50 8
4 22 4 26 55
4 48 35 49 57
4 58 15 14 42
4 29 5 52 2
3 32 24 40
2 16 46
4 19 45 21 30
2 3 56
3 6 60 28
3 36 39 54
5 18 12 38 1 27
4708 1052 575 4171 4517 4901 1155 1751 4042 3892 339 4399 4101 2341 4264 3443 599 3208 2752 3421 1959 4965 3991 4193 3051 1114 2393 3814 988 1357 2610 4452 1322 4351 2499 1029 4962 2335 2159 4643 1729 692 4272 3983 1966 4212 2623 3885 1719 1246 4345 259 3057 104 4998 4679 695 3797 1411 1298
1052 2193 2327 2994 982 4766 4799 2408 1480 2347 4772 1173 4233 1220 706 1675 3628 1275 4108 3749 2376 2850 1671 2397 2052 1558 4108 645 1339 1037 1094 1572 588 3664 1614 1241 1811 240 3312 155 619 501 3096 3926 2799 3657 4222 1914 1097 4908 4998 1285 392 1615 3149 3598 2750 4445 4783 1847
575 2327 3304 1613 3401 2057 3398 1167 1771 4560 2587 1067 718 1171 2095 639 2549 4032 4813 2041 4121 948 748 4530 2380 979 321 610 3321 4397 2702 1947 3257 2309 1905 3502 603 4463 3148 4360 607 2352 2661 3326 1746 1845 4465 2227 2310 2402 4796 1796 741 2463 4997 2067 804 254 1971 1861
4171 2994 1613 1805 135 4371 2997 736 875 3197 2043 2741 3040 2924 2142 1483 1532 2024 1686 1618 3126 4080 1690 4220 4978 2533 1441 3218 1800 2944 769 2853 778 4379 557 2520 788 1973 4182 1502 4296 3185 4290 4702 2215 1269 3432 3724 3896 198 2965 424 952 4060 863 3466 2252 87 2099 4937
4517 982 3401 135 4413 3296 3366 910 1522 2432 4993 3535 3330 4676 2657 2088 893 782 1671 3008 2998 3237 4327 3887 4183 3973 3138 3303 3266 1190 1830 2038 186 4441 963 703 3486 4712 127 3917 146 644 3545 576 2409 425 3514 1616 1760 3646 3310 262 663 4487 3543 4273 4199 1645 4614 256
4901 4766 2057 4371 3296 1138 163 1838 947 290 1217 4352 1774 3915 3066 2749 4265 3013 578 630 2692 911 3285 2990 3795 2955 3629 3835 820 137 2745 1686 2547 3791 2263 1337 694 1444 2974 3393 1969 1259 2329 596 1239 94 43 1266 1764 4643 303 1377 4815 4836 4322 4283 4193 1535 4247 705
1155 4799 3398 2997 3366 163 3712 407 807 3399 78 2945 2968 2141 796 3531 609 51 4333 3272 4199 189 2173 4798 148 3850 1027 4490 1107 4487 1781 1720 4422 604 1690 432 943 4214 1941 609 2620 4616 2169 3674 2406 2534 3960 3839 158 3175 4010 1716 4690 1222 4063 4585 4951 1386 2309 3555
1751 2408 1167 736 910 1838 407 3316 4521 4366 761 1959 1336 4025 2619 4812 399 3202 532 1798 3963 4265 1768 3246 4058 1290 10 927 4283 498 4979 3019 471 4244 295 4993 4522 302 3832 3943 3208 2186 736 3981 958 588 4230 3213 689 3898 4157 942 2259 324 2561 4294 154 2068 1983 2057
4042 1480 1771 875 1522 947 807 4521 1305 1369 4543 3589 4868 1640 2833 3698 3315 2810 2537 2544 4360 3039 4466 4900 2868 2825 3964 2419 208 4525 1686 853 2418 3719 4480 1859 3780 1652 3211 280 870 3222 2663 2509 171 1323 706 1131 3498 2525 2938 1218 2796 3842 4934 4934 3785 3900 873 1034
3892 2347 4560 3197 2432 290 3399 4366 1369 205 4488 1907 121 1068 824 3750 4768 4487 2193 4603 1702 3485 861 4122 3673 1311 4590 2805 2619 1281 4549 3551 98 3749 3303 2038 379 1065 4398 702 667 1194 3729 4539 1191 2537 4866 4196 4946 3601 4538 3795 4084 4828 4056 4687 1828 4098 258 959
339 4772 2587 2043 4993 1217 78 761 4543 4488 3666 453 1438 2910 1010 1553 3739 1582 3367 225 4285 2627 2702 1378 2849 1480 169 714 2937 3320 1740 3437 4555 732 4216 3270 1135 2696 2401 2086 3817 4363 563 284 1098 779 3038 778 1234 1860 34 728 4805 4435 4012 2205 2193 1204 955 4641
4399 1173 1067 2741 3535 4352 2945 1959 3589 1907 453 4453 477 1711 2996 1433 1340 3369 1457 4646 4739 308 3099 2943 2684 2824 3832 1300 111 516 1045 3775 3395 2507 4115 3920 4445 1530 1731 4624 4074 1102 757 1106 3417 3334 2242 292 1184 2896 3247 825 587 2096 94 4231 2844 3712 2407 3394
4101 4233 718 3040 3330 1774 2968 1336 4868 121 1438 477 236 359 886 3987 496 4812 4623 4384 866 2219 3092 1116 420 1173 1633 232 2772 1418 4981 357 1381 928 4703 1677 3822 1434 3099 773 2507 725 4273 710 3602 4787 1708 1255 3722 3268 1278 2819 987 2450 2926 4599 1454 4968 65 4552
2341 1220 1171 2924 4676 3915 2141 4025 1640 1068 2910 1711 359 330 2961 4858 398 247 2441 938 3880 2834 4452 4581 4639 2469 3555 2990 4326 3762 2326 438 1748 2339 2515 3298 658 950 3112 2131 2913 4727 4475 4402 4725 1181 3478 2886 4219 3983 1279 3995 2544 3374 4071 3818 2427 1411 3625 3696
4264 706 2095 2142 2657 3066 796 2619 2833 824 1010 2996 886 2961 763 3381 3532 2388 3604 2150 1136 4356 1237 4861 1338 211 3860 2399 3590 735 1194 1416 976 598 2429 1285 1169 4515 4602 2443 4368 3230 1489 4781 167 616 4882 1992 4860 3912 4380 608 2625 4727 1553 3403 3016 4800 4369 34
3443 1675 639 1483 2088 2749 3531 4812 3698 3750 1553 1433 3987 4858 3381 1969 1867 614 2020 1942 770 1482 154 3710 1009 3488 1534 1264 2741 4006 847 609 4626 4248 4900 4028 1805 3929 4746 1464 1075 1567 1921 4504 4121 3300 2391 4494 2504 4693 2291 108 3329 3815 2385 4743 3896 1000 17 413
599 3628 2549 1532 893 4265 609 399 3315 4768 3739 1340 496 398 3532 1867 628 4138 2686 3742 478 2683 742 874 2176 3583 4499 730 390 4632 1394 4700 4469 3431 2056 2195 1321 1713 3445 1810 2193 1368 2674 1152 545 3494 3187 3474 4144 1517 4718 4347 2763 3291 3387 3270 3899 3058 2190 3261
3208 1275 4032 2024 782 3013 51 3202 2810 4487 1582 3369 4812 247 2388 614 4138 4414 1554 242 1615 2320 104 4135 1856 2064 3627 3372 4531 1361 2600 2295 2070 2299 1680 4518 4198 2233 3121 4006 351 3848 1510 4371 57 2334 3514 1929 3879 4265 3665 3618 3778 3454 3524 3095 1596 2092 3582 4886
2752 4108 4813 1686 1671 578 4333 532 2537 2193 3367 1457 4623 2441 3604 2020 2686 1554 861 1501 3340 3320 4402 3173 4922 3670 3836 2732 2835 2587 3244 3781 3510 4570 260 2439 3196 785 3939 4012 4235 3917 4806 1134 2590 986 3117 3193 2728 2060 85 4930 2900 4433 3669 1613 2967 3655 4999 4328
3421 3749 2041 1618 3008 630 3272 1798 2544 4603 225 4646 4384 938 2150 1942 3742 242 1501 1642 737 2810 3594 2185 647 2039 3493 2544 1807 4574 2671 4624 3306 4854 260 4348 4431 1152 2676 4680 2368 766 4771 4057 3713 2593 3048 3479 759 86 1937 4776 1129 1262 2143 2374 790 2608 4526 2800
1959 2376 4121 3126 2998 2692 4199 3963 4360 1702 4285 4739 866 3880 1136 770 478 1615 3340 737 2516 2875 4038 3894 1149 3887 4724 2094 3396 2117 4677 585 2269 2940 3665 4228 2842 4547 4891 888 4503 4968 971 1810 2519 4872 265 1063 4853 4960 440 1559 3273 4193 4214 1887 1212 1036 3990 576
4965 2850 948 4080 3237 911 189 4265 3039 3485 2627 308 2219 2834 4356 1482 2683 2320 3320 2810 2875 2512 2302 1766 3914 1488 1046 4241 2490 1687 2653 2668 2037 1865 4078 371 3642 391 3780 4280 2261 3192 4843 4403 3269 3743 2879 428 1580 381 4987 2867 3049 847 3560 2774 101 4904 1086 881
3991 1671 748 1690 4327 3285 2173 1768 4466 861 2702 3099 3092 4452 1237 154 742 104 4402 3594 4038 2302 3726 190 3186 4904 4809 1730 2889 780 4779 3582 4839 3691 1758 4991 1030 1349 2030 2136 4475 2826 4825 126 1887 3114 3671 1073 1759 2024 1309 29 4453 1368 210 39 975 1048 1119 684
4193 2397 4530 4220 3887 2990 4798 3246 4900 4122 1378 2943 1116 4581 4861 3710 874 4135 3173 2185 3894 1766 190 3200 4921 2133 4793 4414 2016 582 421 4874 4249 564 2637 1557 1049 3798 4828 2943 4178 134 3767 1771 4286 40 550 3649 3384 1856 3978 3486 2844 2688 1612 1874 119 1241 964 801
3051 2052 2380 4978 4183 3795 148 4058 2868 3673 2849 2684 420 4639 1338 1009 2176 1856 4922 647 1149 3914 3186 4921 240 1862 4111 2489 3659 4585 3785 160 4510 2381 668 2556 975 599 4648 330 4557 3174 1864 2123 3311 1444 3156 425 3859 1041 2830 2720 4389 2139 162 148 3412 3703 2392 4501
1114 1558 979 2533 3973 2955 3850 1290 2825 1311 1480 2824 1173 2469 211 3488 3583 2064 3670 2039 3887 1488 4904 2133 1862 4493 2809 4137 1848 3337 1259 4036 4124 2505 1014 2701 491 4717 4694 1150 3278 1552 2835 4778 3806 2332 1473 3193 577 866 3516 1236 2117 2881 2599 4318 2308 3999 2775 4163
2393 4108 321 1441 3138 3629 1027 10 3964 4590 169 3832 1633 3555 3860 1534 4499 3627 3836 3493 4724 1046 4809 4793 4111 2809 1139 1848 2996 1536 18 2032 2386 2447 386 1155 3063 3578 1111 699 4861 3639 1119 3165 2849 522 642 3004 1287 2715 4912 2270 4416 1639 4520 1028 3159 275 2961 2356
3814 645 610 3218 3303 3835 4490 927 2419 2805 714 1300 232 2990 2399 1264 730 3372 2732 2544 2094 4241 1730 4414 2489 4137 1848 2121 4987 1629 1741 4547 4960 3999 3989 3963 4448 3131 733 4529 3941 3488 3713 1734 4972 4708 4935 4335 278 688 4538 473 2265 2953 2273 980 2782 2126 4949 1479
988 1339 3321 1800 3266 820 1107 4283 208 2619 2937 111 2772 4326 3590 2741 390 4531 2835 1807 3396 2490 2889 2016 3659 1848 2996 4987 2920 3361 1304 2712 2364 2353 2135 3558 1056 2008 2131 2641 4325 1989 177 1355 1046 4548 3688 2293 2087 2601 2649 431 208 301 2281 597 4697 529 4237 2495
1357 1037 4397 2944 1190 137 4487 498 4525 1281 3320 516 1418 3762 735 4006 4632 1361 2587 4574 2117 1687 780 582 4585 3337 1536 1629 3361 1468 2242 2640 676 334 3896 3324 900 2440 2734 2713 3688 4959 4898 2933 2828 4226 1918 3379 4467 2680 875 145 1090 2554 2452 2063 3270 2242 195 384
2610 1094 2702 769 1830 2745 1781 4979 1686 4549 1740 1045 4981 2326 1194 847 1394 2600 3244 2671 4677 2653 4779 421 3785 1259 18 1741 1304 2242 4774 929 2583 1591 451 1819 1585 3334 4063 4753 4763 4704 885 3996 4217 629 4296 1469 3039 2719 4067 2814 589 3129 1168 1351 4975 3742 67 3549
4452 1572 1947 2853 2038 1686 1720 3019 853 3551 3437 3775 357 438 1416 609 4700 2295 3781 4624 585 2668 3582 4874 160 4036 2032 4547 2712 2640 929 4758 1403 3635 4653 1564 403 2612 181 1428 2102 4595 1409 2861 4170 500 1556 3774 1685 2564 4102 56 2434 25 415 4057 1619 1886 2006 3998
1322 588 3257 778 186 2547 4422 471 2418 98 4555 3395 1381 1748 976 4626 4469 2070 3510 3306 2269 2037 4839 4249 4510 4124 2386 4960 2364 676 2583 1403 1935 385 2450 195 1223 4981 477 463 3316 2954 2989 77 515 2928 777 739 4461 4182 4640 3492 4651 4783 1294 824 1628 3826 4426 2429
4351 3664 2309 4379 4441 3791 604 4244 3719 3749 732 2507 928 2339 598 4248 3431 2299 4570 4854 2940 1865 3691 564 2381 2505 2447 3999 2353 334 1591 3635 385 1904 1926 4413 286 700 807 3534 4602 3134 1654 2869 3737 627 2452 1783 1544 190 2465 4400 831 4164 3799 2273 193 4111 959 1217
2499 1614 1905 557 963 2263 1690 295 4480 3303 4216 4115 4703 2515 2429 4900 2056 1680 260 260 3665 4078 1758 2637 668 1014 386 3989 2135 3896 451 4653 2450 1926 2400 4076 571 605 2379 2270 3649 248 1862 589 2390 286 37 4331 3754 531 4422 2774 2206 3385 210 4233 4656 2735 943 4308
1029 1241 3502 2520 703 1337 432 4993 1859 2038 3270 3920 1677 3298 1285 4028 2195 4518 2439 4348 4228 371 4991 1557 2556 2701 1155 3963 3558 3324 1819 1564 195 4413 4076 3605 1795 3871 4673 3663 1397 4411 2843 2493 1959 1977 4414 2800 4975 1222 2469 4242 192 3870 242 2949 4788 3509 1541 4503
4962 1811 603 788 3486 694 943 4522 3780 379 1135 4445 3822 658 1169 1805 1321 4198 3196 4431 2842 3642 1030 1049 975 491 3063 4448 1056 900 1585 403 1223 286 571 1795 2739 4072 1659 1937 1475 3156 1376 1896 2260 1514 1655 2875 3593 4982 2438 2772 3580 4756 4902 646 532 2097 1476 1731
2335 240 4463 1973 4712 1444 4214 302 1652 1065 2696 1530 1434 950 4515 3929 1713 2233 785 1152 4547 391 1349 3798 599 4717 3578 3131 2008 2440 3334 2612 4981 700 605 3871 4072 1170 4387 2160 226 130 3211 583 204 2783 1465 4024 4104 3610 4034 4167 128 2583 4863 2652 800 1083 3574 770
2159 3312 3148 4182 127 2974 1941 3832 3211 4398 2401 1731 3099 3112 4602 4746 3445 3121 3939 2676 4891 3780 2030 4828 4648 4694 1111 733 2131 2734 4063 181 477 807 2379 4673 1659 4387 1318 3584 1712 2040 1534 1312 3384 4889 1897 4041 950 4008 2558 2815 3405 1907 1703 4270 3536 4434 3556 1594
4643 155 4360 1502 3917 3393 609 3943 280 702 2086 4624 773 2131 2443 1464 1810 4006 4012 4680 888 4280 2136 2943 330 1150 699 4529 2641 2713 4753 1428 463 3534 2270 3663 1937 2160 3584 1269 2793 2821 3177 4249 1184 421 1026 4801 4690 3125 734 4283 4857 4912 1659 1991 3508 21 1171 4384
1729 619 607 4296 146 1969 2620 3208 870 667 3817 4074 2507 2913 4368 1075 2193 351 4235 2368 4503 2261 4475 4178 4557 3278 4861 3941 4325 3688 4763 2102 3316 4602 3649 1397 1475 226 1712 2793 3466 1733 1295 3508 230 1623 786 601 2874 1858 2450 1539 3066 4717 385 303 1428 2768 998 168
692 501 2352 3185 644 1259 4616 2186 3222 1194 4363 1102 725 4727 3230 1567 1368 3848 3917 766 4968 3192 2826 134 3174 1552 3639 3488 1989 4959 4704 4595 2954 3134 248 4411 3156 130 2040 2821 1733 2892 1457 377 173 4132 1343 4293 4719 3588 3980 1553 1277 1857 84 3587 2133 1598 932 1783
4272 3096 2661 4290 3545 2329 2169 736 2663 3729 563 757 4273 4475 1489 1921 2674 1510 4806 4771 971 4843 4825 3767 1864 2835 1119 3713 177 4898 885 1409 2989 1654 1862 2843 1376 3211 1534 3177 1295 1457 38 4902 4176 1232 558 2379 3399 110 3331 1049 1277 2265 3984 3755 3185 665 2935 2504
3983 3926 3326 4702 576 596 3674 3981 2509 4539 284 1106 710 4402 4781 4504 1152 4371 1134 4057 1810 4403 126 1771 2123 4778 3165 1734 1355 2933 3996 2861 77 2869 589 2493 1896 583 1312 4249 3508 377 4902 3856 800 2494 323 1435 2643 3806 66 4682 415 3513 3121 1875 3762 124 1733 4549
1966 2799 1746 2215 2409 1239 2406 958 171 1191 1098 3417 3602 4725 167 4121 545 57 2590 3713 2519 3269 1887 4286 3311 3806 2849 4972 1046 2828 4217 4170 515 3737 2390 1959 2260 204 3384 1184 230 173 4176 800 4392 464 2495 2590 4623 647 4359 1536 916 1408 642 2575 158 2066 3625 2015
4212 3657 1845 1269 425 94 2534 588 1323 2537 779 3334 4787 1181 616 3300 3494 2334 986 2593 4872 3743 3114 40 1444 2332 522 4708 4548 4226 629 500 2928 627 286 1977 1514 2783 4889 421 1623 4132 1232 2494 464 828 1115 1403 2461 41 1737 38 2216 4346 974 508 3773 1685 3230 696
2623 4222 4465 3432 3514 43 3960 4230 706 4866 3038 2242 1708 3478 4882 2391 3187 3514 3117 3048 265 2879 3671 550 3156 1473 642 4935 3688 1918 4296 1556 777 2452 37 4414 1655 1465 1897 1026 786 1343 558 323 2495 1115 4491 4080 715 384 574 4631 1122 4764 643 429 2002 1500 4958 261
3885 1914 2227 3724 1616 1266 3839 3213 1131 4196 778 292 1255 2886 1992 4494 3474 1929 3193 3479 1063 428 1073 3649 425 3193 3004 4335 2293 3379 1469 3774 739 1783 4331 2800 2875 4024 4041 4801 601 4293 2379 1435 2590 1403 4080 495 3922 755 3953 4916 354 1069 4351 1159 4634 2769 2250 1027
1719 1097 2310 3896 1760 1764 158 689 3498 4946 1234 1184 3722 4219 4860 2504 4144 3879 2728 759 4853 1580 1759 3384 3859 577 1287 278 2087 4467 3039 1685 4461 1544 3754 4975 3593 4104 950 4690 2874 4719 3399 2643 4623 2461 715 3922 1543 571 192 2172 3465 3442 4372 4020 2395 2912 4251 3662
1246 4908 2402 198 3646 4643 3175 3898 2525 3601 1860 2896 3268 3983 3912 4693 1517 4265 2060 86 4960 381 2024 1856 1041 866 2715 688 2601 2680 2719 2564 4182 190 531 1222 4982 3610 4008 3125 1858 3588 110 3806 647 41 384 755 571 1711 1640 2296 3440 2615 1921 4325 2014 4441 4123 1113
4345 4998 4796 2965 3310 303 4010 4157 2938 4538 34 3247 1278 1279 4380 2291 4718 3665 85 1937 440 4987 1309 3978 2830 3516 4912 4538 2649 875 4067 4102 4640 2465 4422 2469 2438 4034 2558 734 2450 3980 3331 66 4359 1737 574 3953 192 1640 1960 3995 13 3119 745 3066 2218 4490 1566 3133
259 1285 1796 424 262 1377 1716 942 1218 3795 728 825 2819 3995 608 108 4347 3618 4930 4776 1559 2867 29 3486 2720 1236 2270 473 431 145 2814 56 3492 4400 2774 4242 2772 4167 2815 4283 1539 1553 1049 4682 1536 38 4631 4916 2172 2296 3995 4281 4524 1883 3063 1545 2984 844 206 1927
3057 392 741 952 663 4815 4690 2259 2796 4084 4805 587 987 2544 2625 3329 2763 3778 2900 1129 3273 3049 4453 2844 4389 2117 4416 2265 208 1090 589 2434 4651 831 2206 192 3580 128 3405 4857 3066 1277 1277 415 916 2216 1122 354 3465 3440 13 4524 386 4366 4264 2933 2814 4115 3793 4269
104 1615 2463 4060 4487 4836 1222 324 3842 4828 4435 2096 2450 3374 4727 3815 3291 3454 4433 1262 4193 847 1368 2688 2139 2881 1639 2953 301 2554 3129 25 4783 4164 3385 3870 4756 2583 1907 4912 4717 1857 2265 3513 1408 4346 4764 1069 3442 2615 3119 1883 4366 2213 4222 3792 1965 4449 1858 3675
4998 3149 4997 863 3543 4322 4063 2561 4934 4056 4012 94 2926 4071 1553 2385 3387 3524 3669 2143 4214 3560 210 1612 162 2599 4520 2273 2281 2452 1168 415 1294 3799 210 242 4902 4863 1703 1659 385 84 3984 3121 642 974 643 4351 4372 1921 745 3063 4264 4222 834 376 2820 387 2428 3543
4679 3598 2067 3466 4273 4283 4585 4294 4934 4687 2205 4231 4599 3818 3403 4743 3270 3095 1613 2374 1887 2774 39 1874 148 4318 1028 980 597 2063 1351 4057 824 2273 4233 2949 646 2652 4270 1991 303 3587 3755 1875 2575 508 429 1159 4020 4325 3066 1545 2933 3792 376 897 3524 1036 1560 139
695 2750 804 2252 4199 4193 4951 154 3785 1828 2193 2844 1454 2427 3016 3896 3899 1596 2967 790 1212 101 975 119 3412 2308 3159 2782 4697 3270 4975 1619 1628 193 4656 4788 532 800 3536 3508 1428 2133 3185 3762 158 3773 2002 4634 2395 2014 2218 2984 2814 1965 2820 3524 647 138 4008 45
3797 4445 254 87 1645 1535 1386 2068 3900 4098 1204 3712 4968 1411 4800 1000 3058 2092 3655 2608 1036 4904 1048 1241 3703 3999 275 2126 529 2242 3742 1886 3826 4111 2735 3509 2097 1083 4434 21 2768 1598 665 124 2066 1685 1500 2769 2912 4441 4490 844 4115 4449 387 1036 138 70 671 212
1411 4783 1971 2099 4614 4247 2309 1983 873 258 955 2407 65 3625 4369 17 2190 3582 4999 4526 3990 1086 1119 964 2392 2775 2961 4949 4237 195 67 2006 4426 959 943 1541 1476 3574 3556 1171 998 932 2935 1733 3625 3230 4958 2250 4251 4123 1566 206 3793 1858 2428 1560 4008 671 3742 3601
1298 1847 1861 4937 256 705 3555 2057 1034 959 4641 3394 4552 3696 34 413 3261 4886 4328 2800 576 881 684 801 4501 4163 2356 1479 2495 384 3549 3998 2429 1217 4308 4503 1731 770 1594 4384 168 1783 2504 4549 2015 696 261 1027 3662 1113 3133 1927 4269 3675 3543 139 45 212 3601 3808
