N: 60
M: 20
Symmetric: true
Triangle: false
3 42 35 40
5 41 15 21 46 24
3 2 32 22
1 36
4 47 38 31 12
3 18 44 49
4 20 6 57 60
2 25 45
4 16 9 50 53
4 59 19 7 56
3 14 43 29
3 3 11 28
2 26 4
1 37
4 23 33 54 48
2 8 10
5 52 39 1 27 30
4 13 58 17 34
2 55 51
1 5
2487 3396 4009 4519 2554 151 923 3067 1399 1864 2194 1351 1288 760 2684 1755 3134 1713 1300 3303 3142 4206 402 1541 855 3293 1403 2625 2171 1811 2312 3112 3409 2579 4516 4294 2116 3970 4984 829 1263 3371 3303 3306 4405 376 2002 308 3691 4101 3389 1269 1983 4458 2113 765 480 4979 1191 4444
3396 3201 4206 3368 4146 1986 3307 404 964 179 3746 29 104 2739 3829 3408 729 3725 1400 2060 1063 3600 693 3350 3484 2834 1450 2414 4451 1998 4430 3700 1046 1343 2495 2983 389 1244 4114 2196 4093 4398 4204 4306 2726 3349 3303 4322 2670 1904 3729 1074 3873 2896 3393 1068 1140 3945 4269 612
4009 4206 4116 1843 4759 1607 991 594 582 728 1415 3116 1223 1909 3957 2208 80 2748 3421 2798 2857 2553 2927 1115 639 1082 3685 2592 2061 1122 3161 1730 458 3428 2172 764 2117 1062 4594 4784 3814 220 2743 2670 4904 1899 3904 1423 1434 471 1609 3364 2979 2208 1001 2679 4602 917 4005 4361
4519 3368 1843 2216 4507 4972 34 4101 430 377 1246 2280 3077 783 4276 126 1670 3681 3737 1022 4702 3856 451 1572 4814 2335 3012 2707 1576 2309 3791 1115 4871 206 1269 3465 2075 709 921 3463 3064 3935 3691 3344 1962 625 3740 861 4209 1369 2128 4896 4297 3025 4407 828 2116 519 3984 276
2554 4146 4759 4507 2771 2486 4326 4092 2612 3679 4183 2045 2919 91 3559 1935 984 2931 4732 3839 761 2843 200 3807 2215 3424 3913 2069 1404 3138 3812 2281 3079 2318 3014 1565 1594 16 1608 4784 2831 116 1982 3612 996 3309 2412 4422 2752 2865 1435 666 2949 2189 4913 2976 1173 4034 3121 1176
151 1986 1607 4972 2486 2373 322 3987 3330 656 3194 1869 2329 4113 2870 62 773 1793 1369 2796 3294 4396 2787 41 324 3256 1640 3869 3106 1688 2821 4992 1266 3909 3149 442 4699 1906 2763 4756 2164 1436 4801 901 1234 4510 4634 2683 1481 4094 4768 3691 2021 634 4876 4903 3902 4654 231 4731
923 3307 991 34 4326 322 3184 4199 2684 1624 4333 3328 1043 3892 2309 291 862 1652 995 3083 995 3485 1415 797 3619 4485 4146 4050 1718 3997 4103 3982 1256 3574 3703 168 3434 4486 800 2534 2381 4557 1552 3065 3584 4999 3477 4471 178 3177 3962 3387 1433 662 2841 3545 3474 2225 4018 3300
3067 404 594 4101 4092 3987 4199 3652 2621 2224 2318 2003 2375 1842 251 4376 1086 2136 4890 524 1508 3099 4555 4221 3012 2407 3618 3255 1398 4357 4969 4740 143 2717 1892 2531 4013 1809 1869 4813 4991 4844 2876 4577 2836 2169 1555 2209 456 4776 4211 3897 525 1564 2443 2301 589 280 3529 2007
1399 964 582 430 2612 3330 2684 2621 183 2153 2308 4946 2881 3148 1268 4919 2483 3531 626 4168 1739 2308 1500 1598 3576 2760 794 524 99 4353 1846 1315 319 4515 1511 888 969 2398 2977 143 693 1653 1858 4119 1826 658 2634 4683 847 4635 4220 2623 1776 4482 1352 223 1577 4520 176 337
1864 179 728 377 3679 656 1624 2224 2153 663 4947 662 460 1414 1466 3337 4716 52 2904 1680 3651 2817 439 1605 2799 1441 830 3911 3386 3607 2818 1016 2785 1960 2265 3414 4180 2338 4441 1595 1928 4585 4163 1236 3376 653 3257 632 367 4376 1317 4139 509 671 504 3318 2137 2562 826 4334
2194 3746 1415 1246 4183 3194 4333 2318 2308 4947 3582 899 2209 4745 3966 4312 4189 2447 1908 1615 2587 2224 4516 4501 971 3834 3230 3830 1557 3268 469 3553 957 3054 2631 4897 2249 919 1673 535 2201 1152 53 2884 3991 2928 1431 67 4779 1635 3340 3355 3607 2006 1865 2950 691 4499 3452 660
1351 29 3116 2280 2045 1869 3328 2003 4946 662 899 3355 3736 2971 4686 4756 4725 4238 4634 25 3424 638 3244 2251 3438 67 4289 3311 505 2355 4474 4159 103 2556 1487 1943 594 206 4421 1443 3268 3907 1284 3678 4212 371 498 285 3211 3999 4186 4761 3290 3394 3326 4346 4045 1302 4693 840
1288 104 1223 3077 2919 2329 1043 2375 2881 460 2209 3736 3518 2736 388 2887 3761 363 3899 3772 1256 1088 3116 2286 863 4717 2270 3383 4900 4632 3356 1944 417 4811 4376 59 2581 919 4799 3825 1294 4912 4994 3114 2823 4509 2296 4268 3669 2730 4752 504 1412 2589 438 2476 1271 1125 3014 170
760 2739 1909 783 91 4113 3892 1842 3148 1414 4745 2971 2736 606 4937 1241 2611 2792 1033 4529 742 3037 4409 4464 3904 149 565 2318 770 939 3861 3343 1616 2835 2677 1444 619 2720 328 1766 4772 2865 4918 2819 792 3390 3156 506 3255 822 2189 925 4690 2190 3602 2508 1958 650 1057 4096
2684 3829 3957 4276 3559 2870 2309 251 1268 1466 3966 4686 388 4937 2371 1899 1118 1752 388 524 4088 2882 2144 148 3265 3622 1527 4642 818 2585 3886 4227 1963 407 3922 369 1993 2987 3337 2449 3768 4628 2556 1275 711 4339 3139 4334 711 1596 4911 1075 1983 4888 244 3653 2992 755 4563 1959
1755 3408 2208 126 1935 62 291 4376 4919 3337 4312 4756 2887 1241 1899 4024 1530 2895 4554 1678 1488 3636 570 745 1641 2346 49 962 2508 4386 3903 2808 1730 455 3481 4683 536 443 2733 179 3952 4916 4435 408 1992 3966 204 100 2489 1240 1191 4201 1097 1699 3452 4067 3751 4311 2184 3954
3134 729 80 1670 984 773 862 1086 2483 4716 4189 4725 3761 2611 1118 1530 4064 631 2671 2451 457 1616 4509 1855 1652 1088 1098 2809 1726 4066 1802 3140 3121 3954 3802 2571 2508 752 4423 3608 4678 1170 454 3001 416 4760 4897 2596 4470 851 3515 4631 1899 3242 4691 4653 4916 701 4722 4928
1713 3725 2748 3681 2931 1793 1652 2136 3531 52 2447 4238 363 2792 1752 2895 631 1645 3948 3298 1944 1434 1988 4517 3786 4237 1279 71 3808 3680 4147 4244 3688 2021 3328 1966 1451 2626 3376 2211 1418 67 1177 1185 1064 3396 1111 3544 3248 3715 2786 4777 3872 560 3959 4373 1663 4744 1078 3561
1300 1400 3421 3737 4732 1369 995 4890 626 2904 1908 4634 3899 1033 388 4554 2671 3948 217 337 3272 2428 4321 1717 1981 4471 3659 2753 4820 1738 3654 1759 4397 1601 1491 3166 1190 3035 4320 4509 4754 3412 137 4335 3265 1034 2566 705 2158 2559 3994 3371 4425 2641 255 4905 2677 1786 1034 3653
3303 2060 2798 1022 3839 2796 3083 524 4168 1680 1615 25 3772 4529 524 1678 2451 3298 337 4236 1207 4696 954 4604 3816 1704 277 217 1393 1706 3282 1923 1479 4393 183 2880 2415 4978 4639 3903 3367 1801 741 4531 1770 258 330 1862 1108 1924 866 3124 4413 3402 653 159 3592 4957 4089 3858
3142 1063 2857 4702 761 3294 995 1508 1739 3651 2587 3424 1256 742 4088 1488 457 1944 3272 1207 2982 3960 74 73 2968 4255 4434 2662 3311 3023 4820 1090 1456 519 352 3394 3604 3881 3014 3977 406 4640 637 4492 1971 4028 2926 4318 2676 3800 4657 2264 4101 747 4538 3604 4766 1359 4142 1066
4206 3600 2553 3856 2843 4396 3485 3099 2308 2817 2224 638 1088 3037 2882 3636 1616 1434 2428 4696 3960 4453 1931 3233 4492 3229 3870 3541 1799 2880 1860 4772 1218 4125 4349 3603 3636 3507 1210 2506 1420 2340 90 1415 4081 2271 2010 3085 3665 4876 1059 1067 3766 2827 1007 4159 507 2303 1819 3680
402 693 2927 451 200 2787 1415 4555 1500 439 4516 3244 3116 4409 2144 570 4509 1988 4321 954 74 1931 3616 1507 4883 772 3475 2854 4190 3928 3792 1479 1868 3508 4854 4125 3519 920 1807 1803 4679 698 4275 3119 2868 1857 1776 3691 4561 3341 4361 3392 1063 1079 3379 4273 480 3012 439 4336
1541 3350 1115 1572 3807 41 797 4221 1598 1605 4501 2251 2286 4464 148 745 1855 4517 1717 4604 73 3233 1507 380 4615 416 3163 1079 2386 4164 1900 423 2126 255 689 3995 100 566 970 4404 3500 4220 3034 4674 1250 3377 3092 226 686 4102 4516 4721 2814 4363 4010 4176 515 560 4373 2075
855 3484 639 4814 2215 324 3619 3012 3576 2799 971 3438 863 3904 3265 1641 1652 3786 1981 3816 2968 4492 4883 4615 1790 4102 2644 1050 4821 2070 4821 3459 2000 4272 2964 526 1019 801 2127 360 2490 4008 1720 3491 4576 4298 687 1338 702 1198 673 760 298 601 225 2554 1642 596 925 3559
3293 2834 1082 2335 3424 3256 4485 2407 2760 1441 3834 67 4717 149 3622 2346 1088 4237 4471 1704 4255 3229 772 416 4102 3559 2227 4646 3747 104 2641 1449 1712 4868 560 467 169 2393 1660 1926 4270 3949 3496 619 3267 666 423 1562 4652 4755 788 1279 3882 2694 1504 170 1014 3895 3021 3916
1403 1450 3685 3012 3913 1640 4146 3618 794 830 3230 4289 2270 565 1527 49 1098 1279 3659 277 4434 3870 3475 3163 2644 2227 1571 3133 3576 2459 323 2291 404 4444 4775 370 1748 655 4376 82 976 1839 4170 4747 1844 1797 3698 570 1095 404 3226 2734 2893 2387 4328 2498 2463 98 3086 2784
2625 2414 2592 2707 2069 3869 4050 3255 524 3911 3830 3311 3383 2318 4642 962 2809 71 2753 217 2662 3541 2854 1079 1050 4646 3133 2375 527 89 2930 754 3813 4593 4729 1028 4225 3041 2226 364 4588 2514 1774 4185 1262 282 1711 4594 1449 2158 269 4045 3135 4547 3874 1751 4315 1493 39 959
2171 4451 2061 1576 1404 3106 1718 1398 99 3386 1557 505 4900 770 818 2508 1726 3808 4820 1393 3311 1799 4190 2386 4821 3747 3576 527 1465 1046 837 1543 3400 3075 3576 152 1673 4056 386 1822 3164 230 4663 3990 823 1402 4926 1657 4738 132 1038 2316 2108 3521 1052 3287 1862 2293 454 2599
1811 1998 1122 2309 3138 1688 3997 4357 4353 3607 3268 2355 4632 939 2585 4386 4066 3680 1738 1706 3023 2880 3928 4164 2070 104 2459 89 1046 2592 3953 4240 3536 2278 878 4875 3409 3158 2553 3753 843 4885 3561 2359 3611 2760 2173 2064 646 1901 236 4802 1289 3251 3556 418 2657 4525 4247 4429
2312 4430 3161 3791 3812 2821 4103 4969 1846 2818 469 4474 3356 3861 3886 3903 1802 4147 3654 3282 4820 1860 3792 1900 4821 2641 323 2930 837 3953 812 2868 4904 3722 3546 3290 1186 1815 2872 2235 3937 1352 1476 411 4298 3083 197 1745 2257 4638 3310 1169 2013 4008 3305 1136 1388 3562 4584 3597
3112 3700 1730 1115 2281 4992 3982 4740 1315 1016 3553 4159 1944 3343 4227 2808 3140 4244 1759 1923 1090 4772 1479 423 3459 1449 2291 754 1543 4240 2868 969 3761 570 1651 1564 1851 1227 1082 3484 1585 303 2112 1735 4719 1735 200 3278 1831 3174 3999 1383 4464 427 4206 3556 4241 4722 921 2567
3409 1046 458 4871 3079 1266 1256 143 319 2785 957 103 417 1616 1963 1730 3121 3688 4397 1479 1456 1218 1868 2126 2000 1712 404 3813 3400 3536 4904 3761 3551 964 2282 2144 324 4817 2194 2603 2252 3505 2199 4837 1961 2737 2638 521 1121 2156 2775 982 3143 3877 2194 2350 2478 2574 4232 3069
2579 1343 3428 206 2318 3909 3574 2717 4515 1960 3054 2556 4811 2835 407 455 3954 2021 1601 4393 519 4125 3508 255 4272 4868 4444 4593 3075 2278 3722 570 964 3273 4633 233 3304 3097 1888 2696 2893 2006 1743 322 4564 3668 308 775 250 3107 3703 1240 2914 3746 4426 3100 599 4804 3971 2142
4516 2495 2172 1269 3014 3149 3703 1892 1511 2265 2631 1487 4376 2677 3922 3481 3802 3328 1491 183 352 4349 4854 689 2964 560 4775 4729 3576 878 3546 1651 2282 4633 3873 1535 1889 4147 4496 4225 1508 64 3963 4632 4926 3291 1074 2190 3765 2936 1132 2818 3479 4026 2342 4032 1028 2123 4673 4268
4294 2983 764 3465 1565 442 168 2531 888 3414 4897 1943 59 1444 369 4683 2571 1966 3166 2880 3394 3603 4125 3995 526 467 370 1028 152 4875 3290 1564 2144 233 1535 1525 4992 2159 624 966 1575 3148 3261 912 2852 3572 115 800 4818 2799 2763 3437 359 4241 4462 2260 3640 973 2987 773
2116 389 2117 2075 1594 4699 3434 4013 969 4180 2249 594 2581 619 1993 536 2508 1451 1190 2415 3604 3636 3519 100 1019 169 1748 4225 1673 3409 1186 1851 324 3304 1889 4992 1573 167 2087 3693 4757 1630 1089 1400 1037 322 2910 350 872 46 1862 4896 2488 2470 4814 2167 255 1439 499 1421
3970 1244 1062 709 16 1906 4486 1809 2398 2338 919 206 919 2720 2987 443 752 2626 3035 4978 3881 3507 920 566 801 2393 655 3041 4056 3158 1815 1227 4817 3097 4147 2159 167 4729 634 2575 4039 3980 1818 2841 3099 3229 3901 3537 463 1636 2961 4155 2568 2885 1016 127 2469 4543 329 2267
4984 4114 4594 921 1608 2763 800 1869 2977 4441 1673 4421 4799 328 3337 2733 4423 3376 4320 4639 3014 1210 1807 970 2127 1660 4376 2226 386 2553 2872 1082 2194 1888 4496 624 2087 634 2329 4580 3454 4208 1259 872 3734 1729 4413 3661 237 1316 2786 2493 4049 2029 4387 193 4348 4434 3035 3554
829 2196 4784 3463 4784 4756 2534 4813 143 1595 535 1443 3825 1766 2449 179 3608 2211 4509 3903 3977 2506 1803 4404 360 1926 82 364 1822 3753 2235 3484 2603 2696 4225 966 3693 2575 4580 525 1798 2589 1049 3464 4667 4172 1477 2082 4580 1959 4401 1339 346 643 490 3447 755 929 1494 158
1263 4093 3814 3064 2831 2164 2381 4991 693 1928 2201 3268 1294 4772 3768 3952 4678 1418 4754 3367 406 1420 4679 3500 2490 4270 976 4588 3164 843 3937 1585 2252 2893 1508 1575 4757 4039 3454 1798 3048 3101 4286 1134 3594 152 4717 4060 2424 1037 2601 4465 178 4632 740 3823 2948 1384 4648 3205
3371 4398 220 3935 116 1436 4557 4844 1653 4585 1152 3907 4912 2865 4628 4916 1170 67 3412 1801 4640 2340 698 4220 4008 3949 1839 2514 230 4885 1352 303 3505 2006 64 3148 1630 3980 4208 2589 3101 4298 3265 552 1114 4672 1166 1319 4290 2679 3584 1306 3454 1637 4637 1745 3740 2648 752 1750
3303 4204 2743 3691 1982 4801 1552 2876 1858 4163 53 1284 4994 4918 2556 4435 454 1177 137 741 637 90 4275 3034 1720 3496 4170 1774 4663 3561 1476 2112 2199 1743 3963 3261 1089 1818 1259 1049 4286 3265 4457 3451 3155 3528 4409 1189 4726 1215 1867 2532 4752 1076 3156 1937 4129 3282 792 3135
3306 4306 2670 3344 3612 901 3065 4577 4119 1236 2884 3678 3114 2819 1275 408 3001 1185 4335 4531 4492 1415 3119 4674 3491 619 4747 4185 3990 2359 411 1735 4837 322 4632 912 1400 2841 872 3464 1134 552 3451 4913 4353 1011 2612 214 1430 757 2472 2168 265 3515 4508 1611 4523 2562 804 1370
4405 2726 4904 1962 996 1234 3584 2836 1826 3376 3991 4212 2823 792 711 1992 416 1064 3265 1770 1971 4081 2868 1250 4576 3267 1844 1262 823 3611 4298 4719 1961 4564 4926 2852 1037 3099 3734 4667 3594 1114 3155 4353 4949 2767 4972 1065 1349 4148 1169 1027 1580 2710 2036 4792 2255 416 4941 4796
376 3349 1899 625 3309 4510 4999 2169 658 653 2928 371 4509 3390 4339 3966 4760 3396 1034 258 4028 2271 1857 3377 4298 666 1797 282 1402 2760 3083 1735 2737 3668 3291 3572 322 3229 1729 4172 152 4672 3528 1011 2767 786 1740 4067 1005 3873 4126 3296 1613 1600 1406 3270 1609 3523 3240 1877
2002 3303 3904 3740 2412 4634 3477 1555 2634 3257 1431 498 2296 3156 3139 204 4897 1111 2566 330 2926 2010 1776 3092 687 423 3698 1711 4926 2173 197 200 2638 308 1074 115 2910 3901 4413 1477 4717 1166 4409 2612 4972 1740 4126 1137 1358 2843 3578 3920 1384 4416 3058 444 4266 1418 746 3029
308 4322 1423 861 4422 2683 4471 2209 4683 632 67 285 4268 506 4334 100 2596 3544 705 1862 4318 3085 3691 226 1338 1562 570 4594 1657 2064 1745 3278 521 775 2190 800 350 3537 3661 2082 4060 1319 1189 214 1065 4067 1137 1202 4836 3998 3562 492 4321 1395 1059 3475 27 3099 1004 4302
3691 2670 1434 4209 2752 1481 178 456 847 367 4779 3211 3669 3255 711 2489 4470 3248 2158 1108 2676 3665 4561 686 702 4652 1095 1449 4738 646 2257 1831 1121 250 3765 4818 872 463 237 4580 2424 4290 4726 1430 1349 1005 1358 4836 1960 4163 2925 2113 2137 793 3591 287 3365 4617 4971 2985
4101 1904 471 1369 2865 4094 3177 4776 4635 4376 1635 3999 2730 822 1596 1240 851 3715 2559 1924 3800 4876 3341 4102 1198 4755 404 2158 132 1901 4638 3174 2156 3107 2936 2799 46 1636 1316 1959 1037 2679 1215 757 4148 3873 2843 3998 4163 519 4135 1230 3376 1773 1166 3443 59 2274 3401 3166
3389 3729 1609 2128 1435 4768 3962 4211 4220 1317 3340 4186 4752 2189 4911 1191 3515 2786 3994 866 4657 1059 4361 4516 673 788 3226 269 1038 236 3310 3999 2775 3703 1132 2763 1862 2961 2786 4401 2601 3584 1867 2472 1169 4126 3578 3562 2925 4135 2244 4228 2485 4331 2513 3087 2428 803 64 1336
1269 1074 3364 4896 666 3691 3387 3897 2623 4139 3355 4761 504 925 1075 4201 4631 4777 3371 3124 2264 1067 3392 4721 760 1279 2734 4045 2316 4802 1169 1383 982 1240 2818 3437 4896 4155 2493 1339 4465 1306 2532 2168 1027 3296 3920 492 2113 1230 4228 854 867 4750 3129 10 3976 618 1292 2910
1983 3873 2979 4297 2949 2021 1433 525 1776 509 3607 3290 1412 4690 1983 1097 1899 3872 4425 4413 4101 3766 1063 2814 298 3882 2893 3135 2108 1289 2013 4464 3143 2914 3479 359 2488 2568 4049 346 178 3454 4752 265 1580 1613 1384 4321 2137 3376 2485 867 1881 2594 3495 4298 746 1315 485 2836
4458 2896 2208 3025 2189 634 662 1564 4482 671 2006 3394 2589 2190 4888 1699 3242 560 2641 3402 747 2827 1079 4363 601 2694 2387 4547 3521 3251 4008 427 3877 3746 4026 4241 2470 2885 2029 643 4632 1637 1076 3515 2710 1600 4416 1395 793 1773 4331 4750 2594 2134 447 2105 774 4303 4367 2931
2113 3393 1001 4407 4913 4876 2841 2443 1352 504 1865 3326 438 3602 244 3452 4691 3959 255 653 4538 1007 3379 4010 225 1504 4328 3874 1052 3556 3305 4206 2194 4426 2342 4462 4814 1016 4387 490 740 4637 3156 4508 2036 1406 3058 1059 3591 1166 2513 3129 3495 447 1744 1815 3361 3738 923 2992
765 1068 2679 828 2976 4903 3545 2301 223 3318 2950 4346 2476 2508 3653 4067 4653 4373 4905 159 3604 4159 4273 4176 2554 170 2498 1751 3287 418 1136 3556 2350 3100 4032 2260 2167 127 193 3447 3823 1745 1937 1611 4792 3270 444 3475 287 3443 3087 10 4298 2105 1815 2380 1319 162 1256 4156
480 1140 4602 2116 1173 3902 3474 589 1577 2137 691 4045 1271 1958 2992 3751 4916 1663 2677 3592 4766 507 480 515 1642 1014 2463 4315 1862 2657 1388 4241 2478 599 1028 3640 255 2469 4348 755 2948 3740 4129 4523 2255 1609 4266 27 3365 59 2428 3976 746 774 3361 1319 4272 4365 4452 1087
4979 3945 917 519 4034 4654 2225 280 4520 2562 4499 1302 1125 650 755 4311 701 4744 1786 4957 1359 2303 3012 560 596 3895 98 1493 2293 4525 3562 4722 2574 4804 2123 973 1439 4543 4434 929 1384 2648 3282 2562 416 3523 1418 3099 4617 2274 803 618 1315 4303 3738 162 4365 4934 3870 4715
1191 4269 4005 3984 3121 231 4018 3529 176 826 3452 4693 3014 1057 4563 2184 4722 1078 1034 4089 4142 1819 439 4373 925 3021 3086 39 454 4247 4584 921 4232 3971 4673 2987 499 329 3035 1494 4648 752 792 804 4941 3240 746 1004 4971 3401 64 1292 485 4367 923 1256 4452 3870 4088 3872
4444 612 4361 276 1176 4731 3300 2007 337 4334 660 840 170 4096 1959 3954 4928 3561 3653 3858 1066 3680 4336 2075 3559 3916 2784 959 2599 4429 3597 2567 3069 2142 4268 773 1421 2267 3554 158 3205 1750 3135 1370 4796 1877 3029 4302 2985 3166 1336 2910 2836 2931 2992 4156 1087 4715 3872 1209
