N: 60
M: 20
Symmetric: true
Triangle: false
2 32 24
7 11 59 49 19 40 2 48
3 55 13 30
3 51 38 47
2 12 53
7 14 18 1 44 29 45 52
3 54 39 20
2 33 3
2 35 16
1 37
1 15
2 42 60
2 7 8
1 36
2 25 58
3 26 6 23
5 9 50 5 10 21
3 17 22 56
3 27 4 34
6 43 46 31 41 28 57
3835 770 1119 144 516 1739 4851 4294 1518 4428 3898 749 1764 3649 2080 2700 2423 870 3535 1806 4704 2524 975 3442 2282 2787 892 4363 445 951 239 1032 2970 4743 3100 3783 2583 4248 2107 4161 1416 3389 4996 3633 402 3657 4724 2416 1580 3170 4913 2913 4579 4126 3073 302 125 431 4745 630
770 1468 3202 1102 483 4434 402 1643 1338 3319 4745 4291 2478 1861 1053 2552 906 4945 4833 1700 3445 704 3807 3687 4030 3867 4594 1486 3794 2843 1819 924 4553 2981 2098 1111 4811 540 3448 848 1323 1176 3234 4624 4677 4267 1737 4210 2763 3129 867 1838 1943 925 2730 970 1471 4181 2126 3044
1119 3202 1469 2243 2294 2745 3330 2322 3454 3360 4565 3816 2163 779 1684 4568 2019 1692 1617 4315 4847 109 4336 768 2519 812 2737 4882 2445 2640 1240 2577 1527 2975 409 4111 4509 1531 4868 2229 2515 4507 3442 4395 4201 1717 1426 1359 1211 4537 708 1262 1311 552 765 4696 2630 2693 4814 2125
144 1102 2243 3600 2977 3235 4365 809 3637 2265 319 4905 3730 3709 3040 1808 4787 4057 1458 1493 1956 2793 1722 4758 1623 986 2135 312 2817 4485 3538 1434 4656 3915 1433 676 1055 2655 2591 758 2512 4308 893 3710 2460 2903 2396 4252 2014 1228 3813 3339 4734 2670 3901 938 895 3364 1569 2748
516 483 2294 2977 4427 3683 3284 3370 4966 2479 2646 1190 2687 1412 4218 1442 1328 4966 3984 819 3272 3999 85 2320 2902 428 4467 4886 1264 2860 3242 3143 690 2126 3703 4488 960 4893 2634 2077 2053 4333 416 2442 1155 1143 88 4206 97 4255 2785 1391 4710 3764 1162 2914 3066 896 3969 4195
1739 4434 2745 3235 3683 3352 1567 4521 3403 3323 4224 2286 1390 4459 4825 3875 4711 2404 3925 3652 4522 3459 3661 2889 3888 1680 4495 3624 1218 2161 236 3624 4567 81 3763 730 375 2829 3106 3670 2742 41 2797 182 842 569 1456 2843 852 3700 758 4373 4778 1069 2939 2137 4858 3651 3964 4975
4851 402 3330 4365 3284 1567 3906 1960 3070 629 1238 1222 487 890 2549 4938 2591 2197 4815 2195 1371 1691 1912 3190 2432 4796 1961 2279 1330 1615 2791 277 2938 1980 1094 1974 682 1479 3364 3982 4148 53 2127 4424 4745 481 2169 3865 3687 4298 107 4213 2303 833 1900 1193 1320 4950 497 2544
4294 1643 2322 809 3370 4521 1960 4731 4266 2421 3579 1292 4799 2194 1865 1841 3103 4132 905 2183 1502 1354 4799 1769 510 4185 2313 4205 3191 4962 4132 3391 4316 3356 3404 2547 1031 677 1141 2068 1669 1948 4304 3344 3765 1464 3353 1692 1218 3700 409 4261 932 1347 36 287 4284 1722 4130 2892
1518 1338 3454 3637 4966 3403 3070 4266 2155 3037 4081 3360 2097 2341 4163 3981 1903 3183 2900 3753 4861 1352 4998 1536 4486 3004 3019 4147 3341 2859 2388 3633 529 3993 110 1394 1739 1027 1480 1892 3481 1709 839 56 1020 1069 3048 4768 3275 1001 421 1156 174 1657 211 1943 740 2056 2281 1548
4428 3319 3360 2265 2479 3323 629 2421 3037 664 3987 3560 2584 3017 2113 1374 3650 3155 1710 570 3650 4825 3484 1160 2638 2159 2890 1842 2904 3349 4115 3358 2961 857 3586 664 4789 835 4221 709 2471 123 3749 156 3383 1227 3902 4434 1723 3888 2138 1637 1823 1195 142 2217 4815 215 3062 3538
3898 4745 4565 319 2646 4224 1238 3579 4081 3987 1278 799 4720 2868 1549 244 2601 2713 4706 4596 1999 2073 3580 2414 4767 4923 381 1733 3382 396 665 1698 3009 2534 2532 100 439 1974 1621 932 1521 467 3416 1518 2332 2043 828 1498 3655 3285 2165 2982 1616 1859 1098 982 1601 1549 1611 2578
749 4291 3816 4905 1190 2286 1222 1292 3360 3560 799 4708 1107 1560 3748 2055 3872 1535 1406 1640 288 4600 4691 389 2210 3508 2714 3089 2815 307 1823 610 3179 1184 4680 1986 2171 1142 3862 1542 2043 1499 761 493 4662 3159 404 3547 1425 4992 451 733 3676 4467 4674 1922 572 4544 3102 4332
1764 2478 2163 3730 2687 1390 487 4799 2097 2584 4720 1107 381 2096 1208 4960 2880 2952 3128 786 4264 4866 4032 4208 2043 2302 3006 4428 3212 4003 796 824 3124 1769 452 117 1608 2560 4228 1195 3881 3507 37 2431 4496 2577 2145 3476 3442 4540 2217 3723 1339 2871 690 2958 554 2206 3401 187
3649 1861 779 3709 1412 4459 890 2194 2341 3017 2868 1560 2096 1553 3504 3847 4948 2722 4671 1186 652 118 1688 2801 4450 4869 1646 372 2058 4473 3655 2049 4563 1375 686 4441 3424 750 950 1982 2085 4198 1147 2635 2707 4570 2082 3317 1783 1470 3054 1152 1462 4907 4917 2193 2041 2016 101 2092
2080 1053 1684 3040 4218 4825 2549 1865 4163 2113 1549 3748 1208 3504 2857 3770 4258 1967 1246 4900 3284 3628 4526 4054 3090 4681 2668 3533 2625 3744 1658 2938 2739 1146 4822 3913 1491 4874 2127 4572 4129 152 3744 1803 57 3146 1066 2639 2670 1742 2613 3087 4686 1640 726 2570 3244 4148 2778 3374
2700 2552 4568 1808 1442 3875 4938 1841 3981 1374 244 2055 4960 3847 3770 1854 4692 3900 1833 4263 2789 3475 3052 2067 4389 287 2363 1816 2669 4610 3112 4899 3471 203 1772 4263 621 731 4435 1166 730 4117 1559 3559 4817 3155 2815 4758 3607 4317 4792 486 4775 646 1302 2542 4157 2920 1688 273
2423 906 2019 4787 1328 4711 2591 3103 1903 3650 2601 3872 2880 4948 4258 4692 2615 3465 4702 4225 394 3923 1405 3538 3611 680 4957 3967 3213 53 1774 638 4352 4114 4719 4372 829 2519 2564 2984 2740 1146 646 74 2743 1591 4952 1783 4909 4639 1956 2200 1027 1245 2734 1015 4797 3518 1483 4939
870 4945 1692 4057 4966 2404 2197 4132 3183 3155 2713 1535 2952 2722 1967 3900 3465 696 1139 1130 3286 1325 4584 4223 1048 250 2443 1230 1623 4519 2809 2631 4154 4079 2370 853 4720 319 2417 3170 4247 3206 2516 4389 34 4153 3144 2357 2356 2450 3205 3567 600 3196 1911 3253 1915 4188 3998 3321
3535 4833 1617 1458 3984 3925 4815 905 2900 1710 4706 1406 3128 4671 1246 1833 4702 1139 2180 1660 3088 1129 3475 357 3272 3385 3409 4294 4997 899 1267 1282 2502 1311 4862 3352 2924 1040 4046 2459 371 1945 844 2201 920 4150 1780 3485 3609 4384 285 2743 4101 3798 3584 356 4696 313 863 181
1806 1700 4315 1493 819 3652 2195 2183 3753 570 4596 1640 786 1186 4900 4263 4225 1130 1660 3678 91 4532 2354 3235 4420 3259 4507 3024 4559 2215 3072 3591 4281 2315 3728 4566 579 346 780 2888 4566 573 4453 1883 440 4936 3515 2373 1187 1108 488 353 3527 607 272 4531 229 85 757 1789
4704 3445 4847 1956 3272 4522 1371 1502 4861 3650 1999 288 4264 652 3284 2789 394 3286 3088 91 3214 3829 1997 2560 120 882 4894 163 1123 4454 3748 4612 785 232 613 611 3606 3939 2190 3609 3099 665 4922 3669 4408 999 2836 3707 3623 4747 2782 3566 1318 4859 1507 3370 4937 1166 4291 3868
2524 704 109 2793 3999 3459 1691 1354 1352 4825 2073 4600 4866 118 3628 3475 3923 1325 1129 4532 3829 4388 177 1339 3752 234 990 531 3074 4238 3390 2931 2907 3870 2023 4593 2027 4005 3778 1534 1940 3263 4640 1235 3511 1595 320 1006 4486 2682 1050 3555 1661 369 3805 4770 3561 3275 4011 1842
975 3807 4336 1722 85 3661 1912 4799 4998 3484 3580 4691 4032 1688 4526 3052 1405 4584 3475 2354 1997 177 4765 2088 4847 4656 3115 149 362 4236 2881 2997 2675 4281 900 4149 325 4683 3838 2474 2581 3522 3569 906 776 785 1356 1818 340 404 2751 632 2262 4136 2616 146 74 824 3286 548
3442 3687 768 4758 2320 2889 3190 1769 1536 1160 2414 389 4208 2801 4054 2067 3538 4223 357 3235 2560 1339 2088 1430 4053 4595 2765 4717 3380 1581 1534 4246 4063 4603 813 532 1810 543 4529 3038 3390 3463 3682 3954 4019 4793 2119 228 863 3285 3359 3155 1787 1958 4791 1767 119 729 4863 3225
2282 4030 2519 1623 2902 3888 2432 510 4486 2638 4767 2210 2043 4450 3090 4389 3611 1048 3272 4420 120 3752 4847 4053 3899 3192 3058 2481 4005 737 1596 276 3772 3952 1893 4891 3595 1044 4722 624 2200 4333 986 2709 2073 3614 994 4285 3939 1331 1600 4225 2490 3311 2345 2079 1366 4320 4229 505
2787 3867 812 986 428 1680 4796 4185 3004 2159 4923 3508 2302 4869 4681 287 680 250 3385 3259 882 234 4656 4595 3192 1014 2146 2541 2126 3415 2052 3459 2676 2567 4537 457 1678 4058 3688 1701 85 3165 3534 1441 778 3848 1236 246 22 1343 2404 4530 602 2786 116 4958 3867 3372 3361 132
892 4594 2737 2135 4467 4495 1961 2313 3019 2890 381 2714 3006 1646 2668 2363 4957 2443 3409 4507 4894 990 3115 2765 3058 2146 4650 1268 2528 406 2244 3848 2925 33 1791 2811 2697 4088 376 3330 690 246 4010 2751 3466 571 4789 585 4601 4842 3378 319 3365 1605 3542 382 1727 4677 2431 2072
4363 1486 4882 312 4886 3624 2279 4205 4147 1842 1733 3089 4428 372 3533 1816 3967 1230 4294 3024 163 531 149 4717 2481 2541 1268 28 3627 45 4801 1701 71 3217 4795 3930 292 4077 3086 2019 3415 3940 606 3223 3317 1162 2150 502 4543 3999 190 4406 1696 3096 629 3096 1989 2795 756 2569
445 3794 2445 2817 1264 1218 1330 3191 3341 2904 3382 2815 3212 2058 2625 2669 3213 1623 4997 4559 1123 3074 362 3380 4005 2126 2528 3627 3048 4301 1138 1925 123 3303 655 918 4044 3222 2863 1223 1674 4750 3491 1763 3637 1946 2200 4364 565 4202 4555 3141 1251 795 320 4782 3931 4074 2304 3711
951 2843 2640 4485 2860 2161 1615 4962 2859 3349 396 307 4003 4473 3744 4610 53 4519 899 2215 4454 4238 4236 1581 737 3415 406 45 4301 3447 4360 4522 3181 2978 1950 4773 1500 3196 428 4386 2984 2746 1029 2327 255 4157 2576 3845 501 4195 564 2091 4328 4999 1673 2680 560 1261 84 194
239 1819 1240 3538 3242 236 2791 4132 2388 4115 665 1823 796 3655 1658 3112 1774 2809 1267 3072 3748 3390 2881 1534 1596 2052 2244 4801 1138 4360 77 3052 551 1877 4489 1344 1562 625 1185 3344 1646 3337 3276 4354 4407 1414 4412 1881 399 341 1361 3692 4012 4940 1787 1644 1648 2849 2232 303
1032 924 2577 1434 3143 3624 277 3391 3633 3358 1698 610 824 2049 2938 4899 638 2631 1282 3591 4612 2931 2997 4246 276 3459 3848 1701 1925 4522 3052 2944 1392 1477 2097 2524 1048 867 2570 1128 2768 4534 20 3406 551 1681 2119 4776 1123 3021 1428 743 1760 1484 4709 175 3340 3406 3794 1331
2970 4553 1527 4656 690 4567 2938 4316 529 2961 3009 3179 3124 4563 2739 3471 4352 4154 2502 4281 785 2907 2675 4063 3772 2676 2925 71 123 3181 551 1392 250 609 2481 973 4192 760 129 1160 2429 2701 94 3056 167 4580 4331 86 4366 3856 372 2438 2587 3984 183 4325 3161 2622 4580 2501
4743 2981 2975 3915 2126 81 1980 3356 3993 857 2534 1184 1769 1375 1146 203 4114 4079 1311 2315 232 3870 4281 4603 3952 2567 33 3217 3303 2978 1877 1477 609 4766 1592 755 1082 3870 3818 3816 2401 1994 3087 248 1393 4158 3438 397 4779 1564 4471 2208 462 117 1781 3861 2555 4892 3647 825
3100 2098 409 1433 3703 3763 1094 3404 110 3586 2532 4680 452 686 4822 1772 4719 2370 4862 3728 613 2023 900 813 1893 4537 1791 4795 655 1950 4489 2097 2481 1592 4911 245 134 3645 2536 2961 731 2579 2593 1644 902 4049 131 3701 4563 746 2799 4443 3017 3120 2648 649 4746 2946 3454 2906
3783 1111 4111 676 4488 730 1974 2547 1394 664 100 1986 117 4441 3913 4263 4372 853 3352 4566 611 4593 4149 532 4891 457 2811 3930 918 4773 1344 2524 973 755 245 385 4310 499 4848 3232 820 2827 2757 3800 4411 707 4798 290 469 4818 4604 3059 2843 4593 636 1936 4947 3681 1112 3302
2583 4811 4509 1055 960 375 682 1031 1739 4789 439 2171 1608 3424 1491 621 829 4720 2924 579 3606 2027 325 1810 3595 1678 2697 292 4044 1500 1562 1048 4192 1082 134 4310 859 2199 2512 3017 1729 4918 1017 1058 2736 1199 2133 4102 665 3118 4056 4716 698 1217 4229 2935 3311 3080 3423 876
4248 540 1531 2655 4893 2829 1479 677 1027 835 1974 1142 2560 750 4874 731 2519 319 1040 346 3939 4005 4683 543 1044 4058 4088 4077 3222 3196 625 867 760 3870 3645 499 2199 4616 4699 885 2141 290 3077 4310 612 3140 591 744 2907 4204 3119 3167 4419 1166 2317 3307 90 1293 4350 976
2107 3448 4868 2591 2634 3106 3364 1141 1480 4221 1621 3862 4228 950 2127 4435 2564 2417 4046 780 2190 3778 3838 4529 4722 3688 376 3086 2863 428 1185 2570 129 3818 2536 4848 2512 4699 842 3250 1263 2944 4293 3619 370 3211 3278 1231 4855 224 4492 2248 2437 4775 4419 4577 1699 867 2301 2960
4161 848 2229 758 2077 3670 3982 2068 1892 709 932 1542 1195 1982 4572 1166 2984 3170 2459 2888 3609 1534 2474 3038 624 1701 3330 2019 1223 4386 3344 1128 1160 3816 2961 3232 3017 885 3250 733 3039 3242 575 4633 1515 3539 2493 288 4206 3663 4792 4389 3636 2284 4010 3104 75 3623 2844 3535
1416 1323 2515 2512 2053 2742 4148 1669 3481 2471 1521 2043 3881 2085 4129 730 2740 4247 371 4566 3099 1940 2581 3390 2200 85 690 3415 1674 2984 1646 2768 2429 2401 731 820 1729 2141 1263 3039 697 876 3533 3280 4918 4218 3157 946 4151 685 2155 4564 743 3816 4883 3323 3236 774 1055 1533
3389 1176 4507 4308 4333 41 53 1948 1709 123 467 1499 3507 4198 152 4117 1146 3206 1945 573 665 3263 3522 3463 4333 3165 246 3940 4750 2746 3337 4534 2701 1994 2579 2827 4918 290 2944 3242 876 3878 882 450 3653 401 4433 1191 3582 4401 4268 4804 4063 2189 252 4039 1697 1199 3182 489
4996 3234 3442 893 416 2797 2127 4304 839 3749 3416 761 37 1147 3744 1559 646 2516 844 4453 4922 4640 3569 3682 986 3534 4010 606 3491 1029 3276 20 94 3087 2593 2757 1017 3077 4293 575 3533 882 1151 4988 548 3042 4041 243 214 3254 2111 4023 4737 97 1836 1700 4966 2758 2965 2361
3633 4624 4395 3710 2442 182 4424 3344 56 156 1518 493 2431 2635 1803 3559 74 4389 2201 1883 3669 1235 906 3954 2709 1441 2751 3223 1763 2327 4354 3406 3056 248 1644 3800 1058 4310 3619 4633 3280 450 4988 2829 4801 4335 1085 4524 1703 2574 2292 3671 4221 4897 4809 4988 3191 2932 2586 4693
402 4677 4201 2460 1155 842 4745 3765 1020 3383 2332 4662 4496 2707 57 4817 2743 34 920 440 4408 3511 776 4019 2073 778 3466 3317 3637 255 4407 551 167 1393 902 4411 2736 612 370 1515 4918 3653 548 4801 1253 267 2385 4110 3477 251 2751 4716 1865 3129 1221 2593 3759 608 2637 3955
3657 4267 1717 2903 1143 569 481 1464 1069 1227 2043 3159 2577 4570 3146 3155 1591 4153 4150 4936 999 1595 785 4793 3614 3848 571 1162 1946 4157 1414 1681 4580 4158 4049 707 1199 3140 3211 3539 4218 401 3042 4335 267 4553 799 2095 3443 4959 352 1549 3099 1959 211 4255 3851 4543 4490 4573
4724 1737 1426 2396 88 1456 2169 3353 3048 3902 828 404 2145 2082 1066 2815 4952 3144 1780 3515 2836 320 1356 2119 994 1236 4789 2150 2200 2576 4412 2119 4331 3438 131 4798 2133 591 3278 2493 3157 4433 4041 1085 2385 799 1667 4928 784 366 1472 843 2254 240 1528 1200 1292 1657 1913 256
2416 4210 1359 4252 4206 2843 3865 1692 4768 4434 1498 3547 3476 3317 2639 4758 1783 2357 3485 2373 3707 1006 1818 228 4285 246 585 502 4364 3845 1881 4776 86 397 3701 290 4102 744 1231 288 946 1191 243 4524 4110 2095 4928 4779 512 454 2378 307 1579 3586 4660 2377 2221 1364 4176 500
1580 2763 1211 2014 97 852 3687 1218 3275 1723 3655 1425 3442 1783 2670 3607 4909 2356 3609 1187 3623 4486 340 863 3939 22 4601 4543 565 501 399 1123 4366 4779 4563 469 665 2907 4855 4206 4151 3582 214 1703 3477 3443 784 512 1745 2775 4621 492 1746 3834 932 4295 4835 4351 1280 2245
3170 3129 4537 1228 4255 3700 4298 3700 1001 3888 3285 4992 4540 1470 1742 4317 4639 2450 4384 1108 4747 2682 404 3285 1331 1343 4842 3999 4202 4195 341 3021 3856 1564 746 4818 3118 4204 224 3663 685 4401 3254 2574 251 4959 366 454 2775 288 2491 1707 3915 945 4806 173 762 3057 3988 3888
4913 867 708 3813 2785 758 107 409 421 2138 2165 451 2217 3054 2613 4792 1956 3205 285 488 2782 1050 2751 3359 1600 2404 3378 190 4555 564 1361 1428 372 4471 2799 4604 4056 3119 4492 4792 2155 4268 2111 2292 2751 352 1472 2378 4621 2491 4533 3636 2011 4635 1406 1110 4417 4062 4408 4729
2913 1838 1262 3339 1391 4373 4213 4261 1156 1637 2982 733 3723 1152 3087 486 2200 3567 2743 353 3566 3555 632 3155 4225 4530 319 4406 3141 2091 3692 743 2438 2208 4443 3059 4716 3167 2248 4389 4564 4804 4023 3671 4716 1549 843 307 492 1707 3636 2470 2938 4349 4693 1226 1343 1404 4084 1683
4579 1943 1311 4734 4710 4778 2303 932 174 1823 1616 3676 1339 1462 4686 4775 1027 600 4101 3527 1318 1661 2262 1787 2490 602 3365 1696 1251 4328 4012 1760 2587 462 3017 2843 698 4419 2437 3636 743 4063 4737 4221 1865 3099 2254 1579 1746 3915 2011 2938 1777 4209 2237 2638 4101 1027 191 1848
4126 925 552 2670 3764 1069 833 1347 1657 1195 1859 4467 2871 4907 1640 646 1245 3196 3798 607 4859 369 4136 1958 3311 2786 1605 3096 795 4999 4940 1484 3984 117 3120 4593 1217 1166 4775 2284 3816 2189 97 4897 3129 1959 240 3586 3834 945 4635 4349 4209 1429 3029 4479 3581 3772 778 1341
3073 2730 765 3901 1162 2939 1900 36 211 142 1098 4674 690 4917 726 1302 2734 1911 3584 272 1507 3805 2616 4791 2345 116 3542 629 320 1673 1787 4709 183 1781 2648 636 4229 2317 4419 4010 4883 252 1836 4809 1221 211 1528 4660 932 4806 1406 4693 2237 3029 909 4775 3123 3585 3546 447
302 970 4696 938 2914 2137 1193 287 1943 2217 982 1922 2958 2193 2570 2542 1015 3253 356 4531 3370 4770 146 1767 2079 4958 382 3096 4782 2680 1644 175 4325 3861 649 1936 2935 3307 4577 3104 3323 4039 1700 4988 2593 4255 1200 2377 4295 173 1110 1226 2638 4479 4775 1427 2848 3489 1481 2426
125 1471 2630 895 3066 4858 1320 4284 740 4815 1601 572 554 2041 3244 4157 4797 1915 4696 229 4937 3561 74 119 1366 3867 1727 1989 3931 560 1648 3340 3161 2555 4746 4947 3311 90 1699 75 3236 1697 4966 3191 3759 3851 1292 2221 4835 762 4417 1343 4101 3581 3123 2848 1530 1129 1786 782
431 4181 2693 3364 896 3651 4950 1722 2056 215 1549 4544 2206 2016 4148 2920 3518 4188 313 85 1166 3275 824 729 4320 3372 4677 2795 4074 1261 2849 3406 2622 4892 2946 3681 3080 1293 867 3623 774 1199 2758 2932 608 4543 1657 1364 4351 3057 4062 1404 1027 3772 3585 3489 1129 4614 4340 2618
4745 2126 4814 1569 3969 3964 497 4130 2281 3062 1611 3102 3401 101 2778 1688 1483 3998 863 757 4291 4011 3286 4863 4229 3361 2431 756 2304 84 2232 3794 4580 3647 3454 1112 3423 4350 2301 2844 1055 3182 2965 2586 2637 4490 1913 4176 1280 3988 4408 4084 191 778 3546 1481 1786 4340 3758 73
630 3044 2125 2748 4195 4975 2544 2892 1548 3538 2578 4332 187 2092 3374 273 4939 3321 181 1789 3868 1842 548 3225 505 132 2072 2569 3711 194 303 1331 2501 825 2906 3302 876 976 2960 3535 1533 489 2361 4693 3955 4573 256 500 2245 3888 4729 1683 1848 1341 447 2426 782 2618 73 2665
