N: 60
M: 20
Symmetric: true
Triangle: false
1 24
4 13 23 58 46
5 41 6 14 40 56
2 39 37
3 12 2 36
3 5 32 49
2 20 54
1 9
2 60 22
3 43 19 33
4 11 3 59 1
4 55 17 44 52
2 30 7
3 50 31 27
5 10 38 28 21 8
6 34 45 48 16 47 4
3 18 53 42
1 26
4 51 35 25 57
2 29 15
2260 4234 4464 3284 4096 3358 3000 3269 2541 3426 3416 3388 494 3308 2057 4427 3858 913 1549 162 336 2949 1596 2442 1029 1043 2457 526 450 1233 3664 3451 3478 4073 4438 1451 2534 2795 4548 191 452 1478 2740 33 4344 1485 3669 4225 3631 4966 1675 3364 1539 2667 423 2114 1509 170 2000 2588
4234 2638 3525 1826 778 4808 2327 3453 1075 1910 1144 4190 999 3104 2583 3478 4798 2001 4411 3542 2731 2272 4495 808 438 1016 4975 3378 3399 3216 230 2828 3418 2029 1315 2454 2569 2576 2630 2625 401 4076 3623 4805 3201 1889 4139 3467 3272 3599 2527 291 2370 3412 2838 3729 1611 1321 4424 3157
4464 3525 1897 2130 3938 683 3120 3366 3985 164 1476 1379 3966 1291 1163 3668 1086 52 4960 2241 2142 4507 955 122 2475 2244 120 492 3156 3591 535 4720 4058 4482 3765 1877 1572 1065 1899 458 2582 2179 367 237 4557 427 2079 4980 2713 222 4920 3714 4146 3839 3870 3945 3141 4645 4981 1806
3284 1826 2130 4342 1446 174 630 2470 3244 2695 1800 983 4359 1848 636 1694 2849 2634 4671 4517 1648 700 3112 1653 1406 50 2546 2092 1956 429 4825 777 3561 1095 2917 1195 1168 4350 1438 3822 2453 4071 4278 2470 107 3988 248 2675 4235 187 152 1573 2905 4077 2258 1980 1665 4578 904 1228
4096 778 3938 1446 3848 4715 4879 3891 1008 731 971 1600 3452 2823 3741 2237 583 1057 2543 1903 3065 2168 248 4360 3486 2162 1995 2677 2158 2442 515 4946 3205 4987 411 933 2301 3296 4448 4958 1773 1213 4804 2110 460 4762 4205 4628 1695 2168 84 2800 4019 695 248 4368 345 1191 1335 3880
3358 4808 683 174 4715 37 2217 387 3648 3276 3427 4482 1906 933 839 3090 1335 3208 3095 3387 4181 3800 371 1997 2426 4817 2317 450 1282 3969 1802 4567 2776 2683 3186 3551 4585 4023 3330 243 4259 1548 4676 222 3575 2008 2641 1392 3816 1853 4019 4309 1498 2143 1207 3362 3668 2988 617 1440
3000 2327 3120 630 4879 2217 1410 2944 4975 3543 3506 3084 3602 3365 2189 1481 2616 4005 1543 4737 2380 3083 2753 3819 1099 1618 1536 2868 4671 395 1042 1518 753 2962 2060 4573 3691 4756 2709 1086 1369 1139 4839 3634 899 4511 1672 3466 3915 1287 2443 2679 1529 2555 280 2152 2387 4497 1663 1089
3269 3453 3366 2470 3891 387 2944 4095 2904 3211 4767 205 624 1602 3748 4148 4074 1083 951 203 3155 4401 2907 3458 1867 3660 3695 3031 361 279 2459 1968 125 3589 2832 2820 4405 256 1898 2291 2157 2969 4361 2174 193 2170 1302 20 1508 1188 4436 1574 4843 1644 2152 255 3986 4103 792 2961
2541 1075 3985 3244 1008 3648 4975 2904 2201 1705 3042 2218 3814 494 4448 873 222 4242 2980 1802 1302 4267 688 4899 4116 4834 209 3229 2862 3836 1853 4041 4354 3553 2627 651 4622 245 2026 2788 3422 193 3822 1239 2141 3563 4573 3492 4876 1366 575 4418 3170 3974 932 4139 2854 3901 3774 1271
3426 1910 164 2695 731 3276 3543 3211 1705 1646 1150 928 3669 1896 4065 3297 57 3220 1178 2812 4156 2331 968 4091 1112 4792 3731 1259 3790 4034 1376 4084 4399 4613 3487 1477 1416 1747 1826 4255 4547 4160 1668 1858 4536 987 3846 1364 4155 4394 2280 4168 2666 4076 3203 4522 4638 2175 795 3805
3416 1144 1476 1800 971 3427 3506 4767 3042 1150 392 3401 1081 1249 1166 347 2361 141 4420 918 4848 359 3889 2195 590 3222 4577 494 4281 2019 3763 2065 4881 3831 3494 2517 1626 4389 4455 3184 2510 1528 4439 4541 2613 349 789 65 3872 1047 2330 2561 2865 107 4078 4645 2618 2899 2323 1185
3388 4190 1379 983 1600 4482 3084 205 2218 928 3401 3966 2655 3697 1620 1165 2726 4412 2218 1196 325 14 1789 3999 2904 4014 4540 2634 4693 4828 2701 2639 776 3704 4796 1804 3284 547 471 1840 476 3758 2465 1510 4153 4636 195 4562 3878 218 3405 1024 835 2600 1482 1364 1825 2227 4160 2714
494 999 3966 4359 3452 1906 3602 624 3814 3669 1081 2655 218 4377 3745 4732 2898 2466 986 680 2706 1825 2712 1486 829 2981 2229 3557 2828 1305 3528 3270 2745 1722 4648 941 2513 2972 247 1397 4579 2918 4777 1861 1297 1196 3585 3111 4333 3624 3862 2357 2316 633 3103 4804 135 2878 569 4461
3308 3104 1291 1848 2823 933 3365 1602 494 1896 1249 3697 4377 4531 680 278 1347 1541 310 767 55 3297 4523 3105 3201 4078 1424 1758 4781 1003 2918 2331 1948 4465 2679 1998 2555 3635 4766 2799 4942 2004 981 272 4851 1179 4272 4174 3664 1261 2396 1418 4616 3661 3032 1401 2054 3046 4174 1938
2057 2583 1163 636 3741 839 2189 3748 4448 4065 1166 1620 3745 680 387 4926 4576 2101 456 2477 4298 1111 2635 193 3596 4155 228 251 3327 3901 3143 1688 66 1705 1026 1808 1968 1472 777 4813 330 2824 3738 2707 388 730 818 3150 2860 238 816 4904 3101 4102 4785 413 2812 1554 2824 1714
4427 3478 3668 1694 2237 3090 1481 4148 873 3297 347 1165 4732 278 4926 4078 660 2465 485 3877 4768 1486 3704 1493 715 803 481 2880 2569 568 3532 1781 1517 3551 516 2030 775 2305 2747 1784 3713 3427 3243 4599 4275 848 2149 1609 2098 1229 2069 4119 2893 692 2545 2183 655 4877 649 3618
3858 4798 1086 2849 583 1335 2616 4074 222 57 2361 2726 2898 1347 4576 660 1514 479 2071 4390 331 524 3798 670 4643 4077 1225 3067 3679 2616 3876 2329 1979 774 1780 1279 2825 2097 2038 1874 3431 4659 916 2890 4422 4512 2908 2799 4104 161 3173 4573 3513 753 1357 2903 2273 559 1767 2142
913 2001 52 2634 1057 3208 4005 1083 4242 3220 141 4412 2466 1541 2101 2465 479 994 132 3552 3364 4426 4956 419 159 2707 4493 809 993 4687 1897 3537 2203 4631 2281 1947 122 2699 1976 4746 3766 4312 2277 4426 1327 3593 1980 2102 528 3252 2777 77 4258 1887 1786 692 4542 569 907 3347
1549 4411 4960 4671 2543 3095 1543 951 2980 1178 4420 2218 986 310 456 485 2071 132 3118 2191 1046 1195 1229 2276 4301 643 296 4853 2831 302 3399 3892 2553 4858 1620 1468 3395 3697 1578 4263 3145 3198 1864 1855 3090 4016 2199 1023 4459 3281 3522 245 1422 1345 3643 25 3711 2758 4403 328
162 3542 2241 4517 1903 3387 4737 203 1802 2812 918 1196 680 767 2477 3877 4390 3552 2191 3559 2901 2813 4566 4781 2413 3153 2508 1364 767 104 2691 241 3268 638 2717 2368 262 4712 3285 581 1946 2292 993 2731 3777 4319 21 4668 2082 4117 731 4467 1986 1290 3003 219 3397 3010 968 3372
336 2731 2142 1648 3065 4181 2380 3155 1302 4156 4848 325 2706 55 4298 4768 331 3364 1046 2901 4405 2995 1316 1317 3382 3078 2147 4201 2018 1315 4696 2414 63 108 4916 3724 3555 793 107 2483 1287 4341 2404 1072 230 1618 3083 2458 337 1955 3737 3911 790 1612 2381 4933 2220 2772 2310 378
2949 2272 4507 700 2168 3800 3083 4401 4267 2331 359 14 1825 3297 1111 1486 524 4426 1195 2813 2995 2261 3210 4922 2413 1284 4285 1093 1646 4951 4894 2578 4477 992 1359 1499 2807 2686 4515 879 1061 4590 1092 4555 335 253 3195 3709 451 2281 1868 122 2430 266 3296 4602 2111 1026 4651 444
1596 4495 955 3112 248 371 2753 2907 688 968 3889 1789 2712 4523 2635 3704 3798 4956 1229 4566 1316 3210 658 2736 1364 1008 4655 2595 4518 1873 560 12 639 858 995 2450 1573 1279 4064 1989 2620 4399 532 1622 2569 68 634 275 2653 2092 553 3538 4027 2061 1848 924 4439 3653 360 1101
2442 808 122 1653 4360 1997 3819 3458 4899 4091 2195 3999 1486 3105 193 1493 670 419 2276 4781 1317 4922 2736 4710 4031 3275 3359 2624 4307 239 221 3063 3503 118 4586 1328 2488 4791 4425 2088 4408 1499 1138 2184 1143 687 1571 3092 3214 3986 4192 1896 4687 3791 4034 1761 2279 255 3018 2820
1029 438 2475 1406 3486 2426 1099 1867 4116 1112 590 2904 829 3201 3596 715 4643 159 4301 2413 3382 2413 1364 4031 2109 3069 1512 3929 4803 2431 1663 712 679 3132 656 4470 4447 2530 3695 2406 2805 1851 4122 1146 2634 660 3468 4583 3206 2957 2082 4515 2355 2692 4058 1515 4231 3189 833 3499
1043 1016 2244 50 2162 4817 1618 3660 4834 4792 3222 4014 2981 4078 4155 803 4077 2707 643 3153 3078 1284 1008 3275 3069 2408 1280 397 2953 4361 3364 2696 3258 1287 3049 3445 2013 1459 1994 1651 4825 2233 3430 1718 4827 1501 2167 2465 2587 4287 4382 4553 3142 4281 2403 2166 3205 2270 3166 4299
2457 4975 120 2546 1995 2317 1536 3695 209 3731 4577 4540 2229 1424 228 481 1225 4493 296 2508 2147 4285 4655 3359 1512 1280 73 2130 67 3977 463 1326 2973 3855 4997 3731 1144 4381 1016 2961 2752 4015 1669 4813 1953 2414 59 4785 721 4623 4426 3586 3675 4331 3905 2906 774 3072 1690 4999
526 3378 492 2092 2677 450 2868 3031 3229 1259 494 2634 3557 1758 251 2880 3067 809 4853 1364 4201 1093 2595 2624 3929 397 2130 3777 3658 4705 3241 3231 4460 1292 4579 3362 490 1980 181 1012 2519 993 4354 125 952 3848 4003 4609 2019 3735 2634 3702 4652 714 127 3578 135 2780 2823 312
450 3399 3156 1956 2158 1282 4671 361 2862 3790 4281 4693 2828 4781 3327 2569 3679 993 2831 767 2018 1646 4518 4307 4803 2953 67 3658 3449 3343 943 3127 1120 4514 2034 1692 61 2246 3047 2437 4501 1319 392 2173 988 3673 2441 954 3930 944 4683 1568 3216 3917 1689 1532 4294 4715 1219 3979
1233 3216 3591 429 2442 3969 395 279 3836 4034 2019 4828 1305 1003 3901 568 2616 4687 302 104 1315 4951 1873 239 2431 4361 3977 4705 3343 3430 1726 2225 4672 4909 1236 4337 2512 2995 488 582 289 3770 873 467 120 2124 505 2448 2633 2023 1678 1290 310 2591 3671 2043 4967 2265 3226 1619
3664 230 535 4825 515 1802 1042 2459 1853 1376 3763 2701 3528 2918 3143 3532 3876 1897 3399 2691 4696 4894 560 221 1663 3364 463 3241 943 1726 2896 4154 2056 1966 2663 4951 904 127 4155 2116 2980 1951 3386 2930 1591 3454 4681 1057 2090 3320 3855 4483 202 3122 2487 4081 2858 1827 4582 1516
3451 2828 4720 777 4946 4567 1518 1968 4041 4084 2065 2639 3270 2331 1688 1781 2329 3537 3892 241 2414 2578 12 3063 712 2696 1326 3231 3127 2225 4154 3333 4125 4914 4359 1962 1232 3165 1234 495 4932 1058 514 1363 3080 3513 4525 3809 2063 4068 3006 3534 3907 4851 3731 4060 270 1709 3935 2810
3478 3418 4058 3561 3205 2776 753 125 4354 4399 4881 776 2745 1948 66 1517 1979 2203 2553 3268 63 4477 639 3503 679 3258 2973 4460 1120 4672 2056 4125 10 2418 3887 517 1662 2053 604 1812 982 4503 1441 3336 4193 4963 4670 1115 3800 3660 3727 901 3725 4339 3990 3686 1734 1864 818 2682
4073 2029 4482 1095 4987 2683 2962 3589 3553 4613 3831 3704 1722 4465 1705 3551 774 4631 4858 638 108 992 858 118 3132 1287 3855 1292 4514 4909 1966 4914 2418 2195 1206 1900 3267 37 4884 3149 2630 4095 2016 2030 4222 3601 3602 2700 3181 4890 1715 1491 1376 3935 1683 3300 1565 1896 4421 507
4438 1315 3765 2917 411 3186 2060 2832 2627 3487 3494 4796 4648 2679 1026 516 1780 2281 1620 2717 4916 1359 995 4586 656 3049 4997 4579 2034 1236 2663 4359 3887 1206 4608 3254 2744 2437 2592 2475 4399 2595 2259 2422 3733 4311 2826 3908 1465 162 341 3096 803 1945 3799 3288 3215 2127 4385 4857
1451 2454 1877 1195 933 3551 4573 2820 651 1477 2517 1804 941 1998 1808 2030 1279 1947 1468 2368 3724 1499 2450 1328 4470 3445 3731 3362 1692 4337 4951 1962 517 1900 3254 4538 525 2490 3600 3975 402 3092 4371 1834 1096 1355 4096 1975 59 1093 2938 1314 2200 2273 3520 2293 2950 1168 1875 1896
2534 2569 1572 1168 2301 4585 3691 4405 4622 1416 1626 3284 2513 2555 1968 775 2825 122 3395 262 3555 2807 1573 2488 4447 2013 1144 490 61 2512 904 1232 1662 3267 2744 525 3763 1296 1569 4425 2081 1764 1576 1528 2388 427 4692 2255 3248 144 1359 542 4740 2182 2853 534 2706 2862 1243 2138
2795 2576 1065 4350 3296 4023 4756 256 245 1747 4389 547 2972 3635 1472 2305 2097 2699 3697 4712 793 2686 1279 4791 2530 1459 4381 1980 2246 2995 127 3165 2053 37 2437 2490 1296 2068 3454 4683 4089 2812 823 4447 1551 3290 4290 775 4342 1299 2489 1705 2316 1885 774 2683 40 2132 3489 1567
4548 2630 1899 1438 4448 3330 2709 1898 2026 1826 4455 471 247 4766 777 2747 2038 1976 1578 3285 107 4515 4064 4425 3695 1994 1016 181 3047 488 4155 1234 604 4884 2592 3600 1569 3454 3640 4575 782 1727 360 2253 1362 4402 4197 2545 3468 163 2822 3963 2941 4825 2248 2157 1912 889 2818 942
191 2625 458 3822 4958 243 1086 2291 2788 4255 3184 1840 1397 2799 4813 1784 1874 4746 4263 581 2483 879 1989 2088 2406 1651 2961 1012 2437 582 2116 495 1812 3149 2475 3975 4425 4683 4575 3256 3081 2368 1635 2852 1579 3360 638 2956 876 68 3000 3043 365 4919 834 642 2924 837 400 3322
452 401 2582 2453 1773 4259 1369 2157 3422 4547 2510 476 4579 4942 330 3713 3431 3766 3145 1946 1287 1061 2620 4408 2805 4825 2752 2519 4501 289 2980 4932 982 2630 4399 402 2081 4089 782 3081 2664 3358 1926 2629 3514 1862 726 3289 4395 907 3502 2720 2944 1441 4277 2340 4859 4819 3415 4589
1478 4076 2179 4071 1213 1548 1139 2969 193 4160 1528 3758 2918 2004 2824 3427 4659 4312 3198 2292 4341 4590 4399 1499 1851 2233 4015 993 1319 3770 1951 1058 4503 4095 2595 3092 1764 2812 1727 2368 3358 4509 2173 962 4865 3044 2145 3183 1545 2859 1338 2519 3517 1344 3215 4984 1170 316 2872 1344
2740 3623 367 4278 4804 4676 4839 4361 3822 1668 4439 2465 4777 981 3738 3243 916 2277 1864 993 2404 1092 532 1138 4122 3430 1669 4354 392 873 3386 514 1441 2016 2259 4371 1576 823 360 1635 1926 2173 1728 3076 3190 1691 725 2241 2580 285 1505 3205 1470 3511 989 2813 297 3969 2822 3617
33 4805 237 2470 2110 222 3634 2174 1239 1858 4541 1510 1861 272 2707 4599 2890 4426 1855 2731 1072 4555 1622 2184 1146 1718 4813 125 2173 467 2930 1363 3336 2030 2422 1834 1528 4447 2253 2852 2629 962 3076 1887 2903 3418 179 900 2303 2067 3334 1723 2050 175 2621 2036 4998 1207 3103 536
4344 3201 4557 107 460 3575 899 193 2141 4536 2613 4153 1297 4851 388 4275 4422 1327 3090 3777 230 335 2569 1143 2634 4827 1953 952 988 120 1591 3080 4193 4222 3733 1096 2388 1551 1362 1579 3514 4865 3190 2903 2970 4023 3647 2893 4863 3200 3542 1932 2324 2558 484 2429 2626 3533 778 421
1485 1889 427 3988 4762 2008 4511 2170 3563 987 349 4636 1196 1179 730 848 4512 3593 4016 4319 1618 253 68 687 660 1501 2414 3848 3673 2124 3454 3513 4963 3601 4311 1355 427 3290 4402 3360 1862 3044 1691 3418 4023 1457 2163 1059 1702 1727 3059 2738 1624 3951 2996 960 1790 3621 649 1983
3669 4139 2079 248 4205 2641 1672 1302 4573 3846 789 195 3585 4272 818 2149 2908 1980 2199 21 3083 3195 634 1571 3468 2167 59 4003 2441 505 4681 4525 4670 3602 2826 4096 4692 4290 4197 638 726 2145 725 179 3647 2163 1889 2690 4607 1773 1748 4602 1320 4391 3105 2228 4420 1030 441 237
4225 3467 4980 2675 4628 1392 3466 20 3492 1364 65 4562 3111 4174 3150 1609 2799 2102 1023 4668 2458 3709 275 3092 4583 2465 4785 4609 954 2448 1057 3809 1115 2700 3908 1975 2255 775 2545 2956 3289 3183 2241 900 2893 1059 2690 1592 4232 155 1747 3067 3910 660 4258 3177 4302 160 1388 2423
3631 3272 2713 4235 1695 3816 3915 1508 4876 4155 3872 3878 4333 3664 2860 2098 4104 528 4459 2082 337 451 2653 3214 3206 2587 721 2019 3930 2633 2090 2063 3800 3181 1465 59 3248 4342 3468 876 4395 1545 2580 2303 4863 1702 4607 4232 3537 2365 299 412 2218 908 3433 3624 1641 4263 641 3601
4966 3599 222 187 2168 1853 1287 1188 1366 4394 1047 218 3624 1261 238 1229 161 3252 3281 4117 1955 2281 2092 3986 2957 4287 4623 3735 944 2023 3320 4068 3660 4890 162 1093 144 1299 163 68 907 2859 285 2067 3200 1727 1773 155 2365 3078 366 150 4707 4538 3979 470 1900 2270 1649 3130
1675 2527 4920 152 84 4019 2443 4436 575 2280 2330 3405 3862 2396 816 2069 3173 2777 3522 731 3737 1868 553 4192 2082 4382 4426 2634 4683 1678 3855 3006 3727 1715 341 2938 1359 2489 2822 3000 3502 1338 1505 3334 3542 3059 1748 1747 299 366 4246 3561 2170 3785 2138 935 3731 4751 4913 407
3364 291 3714 1573 2800 4309 2679 1574 4418 4168 2561 1024 2357 1418 4904 4119 4573 77 245 4467 3911 122 3538 1896 4515 4553 3586 3702 1568 1290 4483 3534 901 1491 3096 1314 542 1705 3963 3043 2720 2519 3205 1723 1932 2738 4602 3067 412 150 3561 3827 4202 4971 3820 4304 1152 2489 4285 1242
1539 2370 4146 2905 4019 1498 1529 4843 3170 2666 2865 835 2316 4616 3101 2893 3513 4258 1422 1986 790 2430 4027 4687 2355 3142 3675 4652 3216 310 202 3907 3725 1376 803 2200 4740 2316 2941 365 2944 3517 1470 2050 2324 1624 1320 3910 2218 4707 2170 4202 4244 81 4970 2926 2746 896 3902 1719
2667 3412 3839 4077 695 2143 2555 1644 3974 4076 107 2600 633 3661 4102 692 753 1887 1345 1290 1612 266 2061 3791 2692 4281 4331 714 3917 2591 3122 4851 4339 3935 1945 2273 2182 1885 4825 4919 1441 1344 3511 175 2558 3951 4391 660 908 4538 3785 4971 81 1324 1931 4064 264 1800 1023 3976
423 2838 3870 2258 248 1207 280 2152 932 3203 4078 1482 3103 3032 4785 2545 1357 1786 3643 3003 2381 3296 1848 4034 4058 2403 3905 127 1689 3671 2487 3731 3990 1683 3799 3520 2853 774 2248 834 4277 3215 989 2621 484 2996 3105 4258 3433 3979 2138 3820 4970 1931 2408 775 4714 435 59 4862
2114 3729 3945 1980 4368 3362 2152 255 4139 4522 4645 1364 4804 1401 413 2183 2903 692 25 219 4933 4602 924 1761 1515 2166 2906 3578 1532 2043 4081 4060 3686 3300 3288 2293 534 2683 2157 642 2340 4984 2813 2036 2429 960 2228 3177 3624 470 935 4304 2926 4064 775 3407 3734 3299 114 1360
1509 1611 3141 1665 345 3668 2387 3986 2854 4638 2618 1825 135 2054 2812 655 2273 4542 3711 3397 2220 2111 4439 2279 4231 3205 774 135 4294 4967 2858 270 1734 1565 3215 2950 2706 40 1912 2924 4859 1170 297 4998 2626 1790 4420 4302 1641 1900 3731 1152 2746 264 4714 3734 2070 3109 2028 1718
170 1321 4645 4578 1191 2988 4497 4103 3901 2175 2899 2227 2878 3046 1554 4877 559 569 2758 3010 2772 1026 3653 255 3189 2270 3072 2780 4715 2265 1827 1709 1864 1896 2127 1168 2862 2132 889 837 4819 316 3969 1207 3533 3621 1030 160 4263 2270 4751 2489 896 1800 435 3299 3109 3174 3758 3962
2000 4424 4981 904 1335 617 1663 792 3774 795 2323 4160 569 4174 2824 649 1767 907 4403 968 2310 4651 360 3018 833 3166 1690 2823 1219 3226 4582 3935 818 4421 4385 1875 1243 3489 2818 400 3415 2872 2822 3103 778 649 441 1388 641 1649 4913 4285 3902 1023 59 114 2028 3758 3127 3999
2588 3157 1806 1228 3880 1440 1089 2961 1271 3805 1185 2714 4461 1938 1714 3618 2142 3347 328 3372 378 444 1101 2820 3499 4299 4999 312 3979 1619 1516 2810 2682 507 4857 1896 2138 1567 942 3322 4589 1344 3617 536 421 1983 237 2423 3601 3130 407 1242 1719 3976 4862 1360 1718 3962 3999 2508
