N: 60
M: 20
Symmetric: true
Triangle: false
3 60 20 55
3 28 13 24
5 14 56 26 16 59
2 49 31
3 50 30 43
5 21 53 46 44 37
5 25 3 6 29 40
1 27
3 23 54 17
5 32 41 15 52 34
3 1 4 35
3 57 47 7
2 2 19
4 22 39 42 5
1 12
3 11 18 36
1 9
1 10
3 51 45 33
4 48 8 58 38
2027 1587 4622 4620 3049 4036 2411 399 336 2838 648 3610 4312 4718 4033 25 4755 4093 4711 2744 4278 3509 2058 250 3113 40 4879 3393 4031 742 2585 3285 2277 4613 868 3157 3137 4091 3536 2954 10 977 4365 4994 1014 4477 528 2377 1580 233 146 3303 3482 3829 2462 2425 4470 4171 3344 1322
1587 3020 653 2770 206 3007 2402 4385 3333 760 2690 3491 4890 2181 1565 593 1794 3770 711 3582 1239 3974 784 1563 4740 452 1346 3888 2502 3982 1181 163 992 4686 3321 1987 3122 1765 4016 1999 1539 2558 805 2508 1216 3906 976 3548 1196 1520 4527 4076 416 4225 3861 4133 2701 1725 2404 234
4622 653 424 4294 1759 195 4014 2484 2416 3550 2344 2796 204 1788 1536 393 530 3394 2896 1088 71 4092 1848 3575 514 4610 206 4036 3417 4978 825 1903 4250 318 389 49 2546 667 239 2156 625 2016 390 3061 604 3528 1356 2866 475 3041 2559 1209 597 4493 4167 4779 2089 4635 2996 483
4620 2770 4294 3740 4515 4553 3368 2962 1183 3656 308 3313 2729 4644 3016 2528 3003 4918 709 269 1171 1242 1463 2195 3257 2572 2334 1825 338 2495 2523 4847 2266 1666 4814 283 1534 3013 4733 1895 1226 3261 4399 3040 3677 1045 4567 2018 3997 3691 3027 2970 157 3813 1585 2204 899 4131 1444 477
3049 206 1759 4515 2177 3227 2288 4470 1749 4237 786 1307 4464 349 2765 3165 3107 1460 584 4690 4496 3972 1620 4427 4123 2814 2232 791 3911 1058 4158 3085 3570 2484 1611 3025 2343 3608 3843 4966 4013 4509 4968 1813 2326 4726 1183 738 2486 2475 1385 3006 1491 3117 1487 3064 1362 1763 2649 3585
4036 3007 195 4553 3227 3384 4132 3129 2068 3620 4285 1506 3611 3922 2851 352 4365 1872 3074 4476 1266 2077 4011 865 3169 679 4214 3564 850 1857 2998 884 4508 174 2091 4362 569 591 101 4859 781 830 4817 797 91 366 912 1184 1100 2519 3279 3631 1686 1008 1483 3519 2815 4530 3987 1120
2411 2402 4014 3368 2288 4132 3539 62 2087 268 88 4693 2536 865 3993 4404 3965 1453 2963 3980 4862 3075 3448 4372 350 1366 3186 2314 719 676 725 3408 1487 157 1937 2453 3169 354 3124 2141 1603 2933 1469 3563 949 298 2356 1237 4925 1680 4307 3316 4984 4954 1778 3203 4777 425 859 1445
399 4385 2484 2962 4470 3129 62 4596 3740 2034 2402 4322 3210 3063 1198 1591 519 276 743 2740 2417 3758 2918 2465 2890 4173 4425 2554 673 1616 4271 4174 1669 2975 904 4350 3493 181 2416 753 1469 70 940 4010 1596 2957 2171 4571 617 4983 3831 1674 2180 2208 3038 1026 1296 1281 898 2564
336 3333 2416 1183 1749 2068 2087 3740 4346 326 793 852 2128 3343 3548 71 3042 3295 4672 1352 1101 477 2665 2349 4998 2706 3521 993 3531 3656 838 1099 1075 770 3158 1042 1619 3648 792 435 4245 1236 57 1884 2584 1829 4274 4005 2201 2356 780 2111 529 4775 4972 1226 2412 1883 3652 1070
2838 760 3550 3656 4237 3620 268 2034 326 4689 4244 3435 916 4180 2221 3423 659 4134 4396 3338 3337 4982 1744 1565 3896 156 2138 3349 635 2726 4060 4445 3718 4198 2122 4318 213 4244 4177 1595 1872 2027 3984 3276 3855 3711 1133 1983 4014 319 4219 3616 3172 1702 4460 1234 1706 806 484 3880
648 2690 2344 308 786 4285 88 2402 793 4244 4113 2714 3905 3193 1828 2331 4898 2638 995 921 2474 3065 2599 561 4247 431 2845 2611 2431 1854 2130 4342 491 2846 3611 2270 1080 2399 1453 2763 3774 4732 1169 1393 4585 4830 3689 1270 4346 1707 3924 1180 2284 3680 4797 1658 2851 168 890 2608
3610 3491 2796 3313 1307 1506 4693 4322 852 3435 2714 4861 2545 496 477 3435 4696 1856 3886 3718 2262 2171 3587 2799 1490 4139 600 4506 743 656 1166 513 4611 1614 1005 3195 2843 3405 2546 552 2854 2096 126 3419 3810 3032 3309 2612 1980 280 1705 3291 1121 4907 4398 203 4887 150 1879 2748
4312 4890 204 2729 4464 3611 2536 3210 2128 916 3905 2545 3848 4041 3620 2315 81 2413 4903 2063 2110 1491 2469 3681 3402 2834 2163 417 2297 3708 1397 2697 3796 2467 1627 829 3908 2405 2149 1922 4666 3658 1569 3613 4551 789 1048 4358 3703 4157 4025 3075 4524 4710 2678 2576 3027 1492 4490 509
4718 2181 1788 4644 349 3922 865 3063 3343 4180 3193 496 4041 1306 534 2187 3529 4323 46 2237 11 252 626 3425 890 1383 3381 1446 2112 2170 2599 476 1804 4205 666 2259 3173 2291 3143 1911 2969 3995 4956 1103 3016 930 1475 4269 1037 1596 4104 4294 3325 4617 3116 1255 4884 3791 657 2928
4033 1565 1536 3016 2765 2851 3993 1198 3548 2221 1828 477 3620 534 521 1192 2415 2353 3466 1155 2490 1703 3315 338 1623 58 2881 4284 922 1670 1467 4728 3604 2465 2549 2979 3702 279 2769 2211 2934 10 691 3453 1289 3789 4744 4159 4391 1073 497 2087 1597 2282 2464 4288 3391 4019 2797 1251
25 593 393 2528 3165 352 4404 1591 71 3423 2331 3435 2315 2187 1192 4315 4425 3161 788 2637 866 4822 1349 4715 4064 2250 2725 2895 4729 1157 4501 2960 4885 502 3470 4665 186 2791 4835 1681 4818 4999 1231 2899 3600 1441 1858 4043 3899 4144 2075 1009 703 2780 3126 1793 3776 4956 2255 3230
4755 1794 530 3003 3107 4365 3965 519 3042 659 4898 4696 81 3529 2415 4425 3105 3908 4936 1787 1154 4127 2226 1580 300 3461 3574 3809 4902 4833 4053 4095 4545 696 338 2079 1245 2424 3075 407 2857 2324 1294 1586 1026 3373 80 622 1468 4317 1765 2079 479 4609 3987 3274 2212 2893 1612 3758
4093 3770 3394 4918 1460 1872 1453 276 3295 4134 2638 1856 2413 4323 2353 3161 3908 939 844 566 1280 189 60 795 1720 4816 460 1965 902 1263 977 1087 2017 1612 1207 2883 3857 4834 1100 2586 1584 4460 845 1352 4780 983 3428 1240 2449 4941 409 2171 252 481 3139 2807 1312 107 3917 4294
4711 711 2896 709 584 3074 2963 743 4672 4396 995 3886 4903 46 3466 788 4936 844 4721 2690 913 2715 2992 4994 3099 4737 768 3789 341 1420 4111 4149 2422 2883 3110 1049 2197 2404 2738 933 974 3182 953 2446 1090 2686 2099 4967 453 495 3411 4801 4630 37 884 712 2482 3882 144 3962
2744 3582 1088 269 4690 4476 3980 2740 1352 3338 921 3718 2063 2237 1155 2637 1787 566 2690 1387 4586 209 4695 2652 1921 2708 2400 626 1165 3337 1292 3804 1034 3899 2131 4043 491 1894 627 805 2277 1594 2343 66 1923 1168 3269 1754 4039 2797 343 4552 2329 492 244 4747 4897 1588 1106 4513
4278 1239 71 1171 4496 1266 4862 2417 1101 3337 2474 2262 2110 11 2490 866 1154 1280 913 4586 4016 4453 2364 4709 1370 4874 891 2935 4290 3101 4214 4732 3879 2623 833 735 3262 1491 1217 1736 4041 1974 1844 1067 3570 917 505 3184 2573 3644 2717 1883 4443 1654 406 1977 2017 1077 428 3175
3509 3974 4092 1242 3972 2077 3075 3758 477 4982 3065 2171 1491 252 1703 4822 4127 189 2715 209 4453 4518 1109 4056 4515 270 2490 2690 834 3784 1446 2108 2672 3153 1830 2505 1170 24 4877 4035 4580 1702 3962 222 527 3534 3041 2586 189 1834 2367 350 2228 2802 1104 842 2368 3338 60 926
2058 784 1848 1463 1620 4011 3448 2918 2665 1744 2599 3587 2469 626 3315 1349 2226 60 2992 4695 2364 1109 388 4139 161 789 716 291 1526 985 1434 601 2216 1300 1134 1815 2797 2812 4930 1324 826 4437 4767 4831 3959 956 4698 2557 1934 1139 1453 967 3664 2868 2487 2355 1502 2845 589 951
250 1563 3575 2195 4427 865 4372 2465 2349 1565 561 2799 3681 3425 338 4715 1580 795 4994 2652 4709 4056 4139 4817 1308 2153 4541 3259 4603 548 3322 129 4252 3967 1843 3334 2871 4026 4214 2398 3357 4875 4160 1951 3037 2410 2188 4097 2938 4111 2349 951 4266 1710 4678 4452 4831 4194 3153 2815
3113 4740 514 3257 4123 3169 350 2890 4998 3896 4247 1490 3402 890 1623 4064 300 1720 3099 1921 1370 4515 161 1308 1444 1526 1567 3506 3385 2540 2661 2996 1702 1005 4504 2894 489 2644 1730 1037 737 851 2211 3258 4740 1093 2251 2117 20 4627 1090 4923 621 4649 4554 1882 3009 1055 4122 1288
40 452 4610 2572 2814 679 1366 4173 2706 156 431 4139 2834 1383 58 2250 3461 4816 4737 2708 4874 270 789 2153 1526 4461 1103 4381 343 4635 3821 1283 3823 1275 1460 3778 1147 3806 4171 98 4510 1788 4662 1564 4485 1325 1917 14 3902 4939 1403 574 4902 2019 1620 4525 2209 2091 3087 3849
4879 1346 206 2334 2232 4214 3186 4425 3521 2138 2845 600 2163 3381 2881 2725 3574 460 768 2400 891 2490 716 4541 1567 1103 1270 295 3761 4152 2449 2324 669 2259 2686 1708 1356 3041 2238 1380 1387 3335 2265 4333 4719 3530 2772 4661 2477 2783 621 4102 3583 763 266 433 1002 344 3633 208
3393 3888 4036 1825 791 3564 2314 2554 993 3349 2611 4506 417 1446 4284 2895 3809 1965 3789 626 2935 2690 291 3259 3506 4381 295 99 2260 1749 2388 952 355 1768 4175 1360 3375 2635 1880 3232 1956 1978 2492 3316 4649 3060 2020 2846 4599 2167 4847 4408 1713 456 2537 4833 4620 2588 350 657
4031 2502 3417 338 3911 850 719 673 3531 635 2431 743 2297 2112 922 4729 4902 902 341 1165 4290 834 1526 4603 3385 343 3761 2260 544 2219 1225 3532 2482 4126 4647 1380 685 2881 3642 402 1118 536 2711 4729 1369 3476 3330 3216 4733 1818 3188 750 4016 3720 112 769 2373 2656 780 481
742 3982 4978 2495 1058 1857 676 1616 3656 2726 1854 656 3708 2170 1670 1157 4833 1263 1420 3337 3101 3784 985 548 2540 4635 4152 1749 2219 1875 3482 3573 4082 1665 669 3110 3905 3182 969 4386 2453 2103 4057 1414 892 2346 3355 2505 1308 1786 395 268 3713 1774 3024 3152 4618 1801 1163 804
2585 1181 825 2523 4158 2998 725 4271 838 4060 2130 1166 1397 2599 1467 4501 4053 977 4111 1292 4214 1446 1434 3322 2661 3821 2449 2388 1225 3482 832 1665 621 1597 2718 1181 3066 4478 3825 1406 1465 2968 4129 3227 3404 4488 2694 2027 4412 2385 2449 4473 1571 3815 2631 540 744 4816 2186 3345
3285 163 1903 4847 3085 884 3408 4174 1099 4445 4342 513 2697 476 4728 2960 4095 1087 4149 3804 4732 2108 601 129 2996 1283 2324 952 3532 3573 1665 1645 3497 675 4455 1243 3884 1657 3934 4935 2161 2871 2189 3717 1574 2408 4615 4149 2665 4115 4918 3303 2990 2945 4885 3428 1600 1596 4701 3491
2277 992 4250 2266 3570 4508 1487 1669 1075 3718 491 4611 3796 1804 3604 4885 4545 2017 2422 1034 3879 2672 2216 4252 1702 3823 669 355 2482 4082 621 3497 444 3005 2847 3072 4415 3074 1321 4348 4485 3350 2599 884 4762 1617 4004 2710 2146 3839 2178 2267 34 2738 3251 4640 3356 4912 92 471
4613 4686 318 1666 2484 174 157 2975 770 4198 2846 1614 2467 4205 2465 502 696 1612 2883 3899 2623 3153 1300 3967 1005 1275 2259 1768 4126 1665 1597 675 3005 1740 2387 4021 961 98 3727 3442 654 611 1145 2746 532 3737 1468 2584 1186 346 346 1383 1402 940 3544 1749 3842 364 2585 3563
868 3321 389 4814 1611 2091 1937 904 3158 2122 3611 1005 1627 666 2549 3470 338 1207 3110 2131 833 1830 1134 1843 4504 1460 2686 4175 4647 669 2718 4455 2847 2387 1787 3371 2403 2538 2493 2385 2930 4731 1844 2380 512 4866 3814 4058 898 3895 2359 4806 4735 3728 2954 4112 4745 4975 1599 1621
3157 1987 49 283 3025 4362 2453 4350 1042 4318 2270 3195 829 2259 2979 4665 2079 2883 1049 4043 735 2505 1815 3334 2894 3778 1708 1360 1380 3110 1181 1243 3072 4021 3371 3625 4036 4371 3433 1207 1569 921 2220 3003 4144 780 2676 4171 2244 1975 2458 1095 1703 4209 946 2327 3480 4106 892 3432
3137 3122 2546 1534 2343 569 3169 3493 1619 213 1080 2843 3908 3173 3702 186 1245 3857 2197 491 3262 1170 2797 2871 489 1147 1356 3375 685 3905 3066 3884 4415 961 2403 4036 1093 1637 4067 2124 3824 4614 4188 3405 2837 2852 2147 4124 1288 833 4672 3515 859 2169 1696 4069 2188 3356 1388 1310
4091 1765 667 3013 3608 591 354 181 3648 4244 2399 3405 2405 2291 279 2791 2424 4834 2404 1894 1491 24 2812 4026 2644 3806 3041 2635 2881 3182 4478 1657 3074 98 2538 4371 1637 650 2032 754 3086 4200 3074 1402 4180 1334 3068 490 98 3040 3947 4327 4888 2585 1487 2420 4945 4641 4924 2760
3536 4016 239 4733 3843 101 3124 2416 792 4177 1453 2546 2149 3143 2769 4835 3075 1100 2738 627 1217 4877 4930 4214 1730 4171 2238 1880 3642 969 3825 3934 1321 3727 2493 3433 4067 2032 4064 4064 1044 4552 1373 1610 1485 157 2604 806 4730 2184 1260 3648 4812 2663 3612 2721 3037 286 4042 1459
2954 1999 2156 1895 4966 4859 2141 753 435 1595 2763 552 1922 1911 2211 1681 407 2586 933 805 1736 4035 1324 2398 1037 98 1380 3232 402 4386 1406 4935 4348 3442 2385 1207 2124 754 4064 2005 3774 4333 2274 1337 3118 4163 1389 3513 1764 983 3213 1102 2830 266 4171 2584 1323 382 2747 2135
10 1539 625 1226 4013 781 1603 1469 4245 1872 3774 2854 4666 2969 2934 4818 2857 1584 974 2277 4041 4580 826 3357 737 4510 1387 1956 1118 2453 1465 2161 4485 654 2930 1569 3824 3086 1044 3774 316 4198 2082 1389 1051 4742 1779 193 686 1017 712 4012 1733 630 3176 3165 1395 4079 1284 2847
977 2558 2016 3261 4509 830 2933 70 1236 2027 4732 2096 3658 3995 10 4999 2324 4460 3182 1594 1974 1702 4437 4875 851 1788 3335 1978 536 2103 2968 2871 3350 611 4731 921 4614 4200 4552 4333 4198 302 1356 2881 2743 3233 3121 3465 4989 4386 3810 440 1250 1223 1857 1046 1185 977 2802 3544
4365 805 390 4399 4968 4817 1469 940 57 3984 1169 126 1569 4956 691 1231 1294 845 953 2343 1844 3962 4767 4160 2211 4662 2265 2492 2711 4057 4129 2189 2599 1145 1844 2220 4188 3074 1373 2274 2082 1356 1756 3226 86 4438 2991 2679 1060 4000 4935 3066 199 1233 3614 3493 4721 3789 3876 268
4994 2508 3061 3040 1813 797 3563 4010 1884 3276 1393 3419 3613 1103 3453 2899 1586 1352 2446 66 1067 222 4831 1951 3258 1564 4333 3316 4729 1414 3227 3717 884 2746 2380 3003 3405 1402 1610 1337 1389 2881 3226 2940 1879 2094 4888 1945 3002 3811 1596 713 2501 3504 3931 282 1630 3758 936 659
1014 1216 604 3677 2326 91 949 1596 2584 3855 4585 3810 4551 3016 1289 3600 1026 4780 1090 1923 3570 527 3959 3037 4740 4485 4719 4649 1369 892 3404 1574 4762 532 512 4144 2837 4180 1485 3118 1051 2743 86 1879 757 4887 1104 2359 10 2670 3716 702 1209 4985 3032 602 502 4515 4144 1269
4477 3906 3528 1045 4726 366 298 2957 1829 3711 4830 3032 789 930 3789 1441 3373 983 2686 1168 917 3534 956 2410 1093 1325 3530 3060 3476 2346 4488 2408 1617 3737 4866 780 2852 1334 157 4163 4742 3233 4438 2094 4887 4082 1864 196 3277 2757 4812 3517 1976 3950 2572 3217 3745 1187 814 1831
528 976 1356 4567 1183 912 2356 2171 4274 1133 3689 3309 1048 1475 4744 1858 80 3428 2099 3269 505 3041 4698 2188 2251 1917 2772 2020 3330 3355 2694 4615 4004 1468 3814 2676 2147 3068 2604 1389 1779 3121 2991 4888 1104 1864 3185 4985 4949 3325 1924 1723 4111 1734 826 4812 3246 1859 1721 2083
2377 3548 2866 2018 738 1184 1237 4571 4005 1983 1270 2612 4358 4269 4159 4043 622 1240 4967 1754 3184 2586 2557 4097 2117 14 4661 2846 3216 2505 2027 4149 2710 2584 4058 4171 4124 490 806 3513 193 3465 2679 1945 2359 196 4985 2867 1588 3890 3746 1784 1467 1732 2768 1035 2883 3738 1858 140
1580 1196 475 3997 2486 1100 4925 617 2201 4014 4346 1980 3703 1037 4391 3899 1468 2449 453 4039 2573 189 1934 2938 20 3902 2477 4599 4733 1308 4412 2665 2146 1186 898 2244 1288 98 4730 1764 686 4989 1060 3002 10 3277 4949 1588 2635 1069 2443 3767 1821 1801 1064 1109 2865 3229 2830 174
233 1520 3041 3691 2475 2519 1680 4983 2356 319 1707 280 4157 1596 1073 4144 4317 4941 495 2797 3644 1834 1139 4111 4627 4939 2783 2167 1818 1786 2385 4115 3839 346 3895 1975 833 3040 2184 983 1017 4386 4000 3811 2670 2757 3325 3890 1069 27 98 3417 1727 4464 3687 3223 12 2822 239 2624
146 4527 2559 3027 1385 3279 4307 3831 780 4219 3924 1705 4025 4104 497 2075 1765 409 3411 343 2717 2367 1453 2349 1090 1403 621 4847 3188 395 2449 4918 2178 346 2359 2458 4672 3947 1260 3213 712 3810 4935 1596 3716 4812 1924 3746 2443 98 4869 935 229 1804 2941 1056 2367 4717 1965 573
3303 4076 1209 2970 3006 3631 3316 1674 2111 3616 1180 3291 3075 4294 2087 1009 2079 2171 4801 4552 1883 350 967 951 4923 574 4102 4408 750 268 4473 3303 2267 1383 4806 1095 3515 4327 3648 1102 4012 440 3066 713 702 3517 1723 1784 3767 3417 935 2165 2171 2174 3696 838 526 1910 3104 893
3482 416 597 157 1491 1686 4984 2180 529 3172 2284 1121 4524 3325 1597 703 479 252 4630 2329 4443 2228 3664 4266 621 4902 3583 1713 4016 3713 1571 2990 34 1402 4735 1703 859 4888 4812 2830 1733 1250 199 2501 1209 1976 4111 1467 1821 1727 229 2171 4092 748 4463 4333 4416 4026 1695 3903
3829 4225 4493 3813 3117 1008 4954 2208 4775 1702 3680 4907 4710 4617 2282 2780 4609 481 37 492 1654 2802 2868 1710 4649 2019 763 456 3720 1774 3815 2945 2738 940 3728 4209 2169 2585 2663 266 630 1223 1233 3504 4985 3950 1734 1732 1801 4464 1804 2174 748 1382 1912 4878 4027 630 100 4868
2462 3861 4167 1585 1487 1483 1778 3038 4972 4460 4797 4398 2678 3116 2464 3126 3987 3139 884 244 406 1104 2487 4678 4554 1620 266 2537 112 3024 2631 4885 3251 3544 2954 946 1696 1487 3612 4171 3176 1857 3614 3931 3032 2572 826 2768 1064 3687 2941 3696 4463 1912 4126 3771 1829 2311 1524 454
2425 4133 4779 2204 3064 3519 3203 1026 1226 1234 1658 203 2576 1255 4288 1793 3274 2807 712 4747 1977 842 2355 4452 1882 4525 433 4833 769 3152 540 3428 4640 1749 4112 2327 4069 2420 2721 2584 3165 1046 3493 282 602 3217 4812 1035 1109 3223 1056 838 4333 4878 3771 3575 2664 1015 1401 3334
4470 2701 2089 899 1362 2815 4777 1296 2412 1706 2851 4887 3027 4884 3391 3776 2212 1312 2482 4897 2017 2368 1502 4831 3009 2209 1002 4620 2373 4618 744 1600 3356 3842 4745 3480 2188 4945 3037 1323 1395 1185 4721 1630 502 3745 3246 2883 2865 12 2367 526 4416 4027 1829 2664 4366 282 1179 117
4171 1725 4635 4131 1763 4530 425 1281 1883 806 168 150 1492 3791 4019 4956 2893 107 3882 1588 1077 3338 2845 4194 1055 2091 344 2588 2656 1801 4816 1596 4912 364 4975 4106 3356 4641 286 382 4079 977 3789 3758 4515 1187 1859 3738 3229 2822 4717 1910 4026 630 2311 1015 282 4886 3036 2296
3344 2404 2996 1444 2649 3987 859 898 3652 484 890 1879 4490 657 2797 2255 1612 3917 144 1106 428 60 589 3153 4122 3087 3633 350 780 1163 2186 4701 92 2585 1599 892 1388 4924 4042 2747 1284 2802 3876 936 4144 814 1721 1858 2830 239 1965 3104 1695 100 1524 1401 1179 3036 4970 750
1322 234 483 477 3585 1120 1445 2564 1070 3880 2608 2748 509 2928 1251 3230 3758 4294 3962 4513 3175 926 951 2815 1288 3849 208 657 481 804 3345 3491 471 3563 1621 3432 1310 2760 1459 2135 2847 3544 268 659 1269 1831 2083 140 174 2624 573 893 3903 4868 454 3334 117 2296 750 3951
