N: 60
M: 20
Symmetric: true
Triangle: false
5 31 54 34 8 33
5 23 27 58 56 53
6 24 4 16 51 2 15
4 41 13 57 32
2 45 43
4 3 42 26 28
3 39 20 7
1 46
2 18 29
4 9 44 21 1
3 40 25 38
3 14 22 47
2 48 11
3 30 6 60
2 19 36
4 17 12 55 37
1 52
1 59
1 5
4 35 49 10 50
1720 157 4088 3870 4514 1003 2742 932 4332 4136 2523 2024 961 2451 2639 1790 31 850 3274 3073 1035 2363 1737 3266 1687 2812 1900 4730 2948 2309 823 2452 1978 4558 2742 4062 411 401 1369 4199 1032 697 1625 3778 2142 1239 3826 4445 3988 2784 1655 2631 3917 3786 1832 4609 2953 875 2919 3214
157 3168 4177 1038 2489 3955 952 1604 2879 1857 954 1046 1837 2370 1084 1945 4357 4339 778 465 35 783 4719 4175 997 2474 3355 4824 142 4421 1804 3220 2999 1430 4006 1068 1587 4729 3840 3808 2625 1188 4052 1492 1588 4647 2359 3408 1449 4518 3414 3043 234 1740 312 4902 4011 1642 4508 537
4088 4177 1947 1900 629 450 1532 3213 3235 2068 2662 3930 1388 608 3719 399 1742 594 3854 1673 33 1546 1380 2586 4781 2987 739 1693 2349 4283 1660 65 3543 2375 1758 3421 2799 2719 186 2066 2900 4306 304 829 175 4887 2737 3729 1456 3405 1272 2861 3638 2425 1552 4357 3466 1113 4412 1917
3870 1038 1900 3208 3797 4508 2391 2581 3785 523 1320 4303 2583 3017 678 3688 4386 851 2133 2300 4862 1191 3506 4902 2861 1016 4033 3499 1981 4674 2040 878 758 2367 4309 4496 3672 1192 353 839 1283 2246 73 1020 1720 812 1721 3114 897 1610 4807 544 4955 1625 2089 389 1171 1307 980 1084
4514 2489 629 3797 247 889 3496 1532 1941 2593 3858 1628 1017 1800 1921 4852 1488 4619 1356 662 2592 3032 3303 1697 1006 4869 1438 1046 3638 921 3599 4680 2520 92 3889 4324 10 4430 1092 1858 4787 450 1200 47 3814 560 1766 1400 4551 3382 1990 614 4129 1954 3667 2467 4281 1521 611 499
1003 3955 450 4508 889 2970 252 3181 958 75 2400 440 628 107 4693 3637 3537 2611 2984 2979 4077 1820 4682 4662 3491 511 4216 3285 2188 61 1930 967 2877 311 2524 1818 3332 2697 2185 775 4124 1447 233 2461 3706 1307 4997 2952 3906 4495 4904 740 677 743 3629 2442 1623 3174 2627 3597
2742 952 1532 2391 3496 252 4645 1650 1878 702 4899 1595 2195 317 881 1331 3323 3698 2824 4647 2925 3062 3331 3078 485 1489 754 2117 4645 1591 3690 291 1926 1985 544 4083 4277 4686 4647 907 4201 4820 237 4999 4074 4093 401 3468 1142 2630 2641 1575 773 922 609 3261 760 3109 513 1046
932 1604 3213 2581 1532 3181 1650 457 1981 1277 2669 4732 930 1205 2166 2353 1258 2334 3247 1795 4137 4684 4356 610 3259 3806 4099 4343 2749 1286 1989 1415 2423 4856 3859 4022 1727 1591 2718 1897 363 4857 3907 3688 2465 4825 2147 1587 258 4489 2278 2360 3253 1028 1090 4303 3754 1656 2578 1177
4332 2879 3235 3785 1941 958 1878 1981 2219 4096 2642 2282 2637 3911 4456 2881 4217 2678 4893 3478 4781 3257 4583 4318 3468 4607 3371 3762 555 1930 1322 1960 993 4821 647 1351 2980 1775 17 4440 3108 1881 4339 3926 1104 4659 742 1194 2118 645 3885 2773 3134 285 1045 1590 3614 1352 2591 874
4136 1857 2068 523 2593 75 702 1277 4096 483 3859 4693 2232 551 2912 1107 1803 45 4792 768 1190 3622 4311 3989 2956 2309 2703 1967 1002 4985 1170 3229 4227 3256 1198 2182 4855 2941 3413 4870 2935 2054 3985 2877 3691 4248 1770 4006 2958 89 4693 2668 1606 2659 2890 1211 3739 1415 1450 3291
2523 954 2662 1320 3858 2400 4899 2669 2642 3859 4625 2048 1394 4676 4721 4541 3866 3870 1364 508 2135 3953 2571 139 1002 3546 1692 1291 4512 4094 3645 1323 1341 4038 1109 1535 4768 1873 747 1895 3562 3222 1965 1750 3026 1465 3486 4560 4888 786 3032 1479 2275 72 437 3464 3154 3864 3783 2609
2024 1046 3930 4303 1628 440 1595 4732 2282 4693 2048 4075 4982 3477 1259 4465 2963 3694 4045 4164 72 4417 1436 1054 1840 2102 3698 39 3437 1303 723 286 3024 962 95 2667 454 1270 1827 1283 1208 4885 1482 3256 4351 2485 1697 3137 2719 2725 3150 4244 2837 3581 1297 695 805 4877 3354 4322
961 1837 1388 2583 1017 628 2195 930 2637 2232 1394 4982 699 57 2580 2927 3978 2074 4183 915 4085 4451 3186 155 1246 113 602 3462 3451 4816 3589 2555 2722 1210 1268 2819 1016 4229 2290 844 4845 1215 3137 209 589 3895 3241 652 3454 4410 4516 1338 2930 1714 4212 4357 1892 41 4208 1237
2451 2370 608 3017 1800 107 317 1205 3911 551 4676 3477 57 2655 2745 2076 4119 4079 3291 1034 2581 1448 2328 415 3633 4605 3736 2340 432 1184 2719 4091 1831 3900 3352 3102 2286 1888 434 3003 2077 4281 1247 1610 3920 1396 3766 3519 4382 4113 1172 985 3004 2737 4819 1822 4964 3591 2715 2140
2639 1084 3719 678 1921 4693 881 2166 4456 2912 4721 1259 2580 2745 3585 4176 1306 4189 2863 4370 458 4466 3001 1356 4081 4453 217 1642 3171 1988 133 4892 4099 687 686 1283 3181 3875 700 3447 1710 2637 3257 3390 3797 131 2809 425 3959 3459 2325 855 2535 734 2905 3786 2552 2436 4254 4984
1790 1945 399 3688 4852 3637 1331 2353 2881 1107 4541 4465 2927 2076 4176 3455 353 425 1879 1313 1486 2314 2204 3281 2711 1867 1675 2528 2043 4648 1338 3335 385 1471 4759 2128 146 2552 3456 3903 2426 2799 715 4654 443 524 1795 4663 2073 4701 634 964 3572 3516 2849 148 3458 2724 2059 2332
31 4357 1742 4386 1488 3537 3323 1258 4217 1803 3866 2963 3978 4119 1306 353 1816 3439 725 3714 1400 1096 3395 4795 2008 3772 2009 4809 4754 2818 3902 4696 74 1880 286 3381 1123 1332 4494 3431 4484 715 2753 4988 4246 2816 932 4809 1202 4513 4319 3580 3499 4069 3131 1113 3803 3218 1980 578
850 4339 594 851 4619 2611 3698 2334 2678 45 3870 3694 2074 4079 4189 425 3439 4640 2966 1156 4534 4115 4302 2746 3548 4184 2952 315 1309 3646 4607 691 1810 214 1254 2878 518 1561 4159 609 668 4321 1669 3304 4251 3375 2455 4442 657 3829 4860 3993 1493 2980 1177 3108 1990 2713 4672 967
3274 778 3854 2133 1356 2984 2824 3247 4893 4792 1364 4045 4183 3291 2863 1879 725 2966 3389 404 988 2490 4584 4026 1811 1185 2536 2299 1115 4765 2204 3843 1545 1675 567 4461 583 4563 2661 3201 1726 4528 2328 1512 1335 4851 3000 4583 1004 1244 2882 604 4294 618 2861 179 422 4749 1791 1178
3073 465 1673 2300 662 2979 4647 1795 3478 768 508 4164 915 1034 4370 1313 3714 1156 404 3822 2914 2156 4874 2000 1563 3154 2846 3793 1064 3894 4116 386 791 1465 2482 4866 3052 727 365 4655 2828 2417 1319 4163 481 2780 3016 3934 3928 795 173 3104 856 2721 587 3383 3373 3293 3226 2887
1035 35 33 4862 2592 4077 2925 4137 4781 1190 2135 72 4085 2581 458 1486 1400 4534 988 2914 2361 2629 1178 2378 3309 2027 4314 347 2028 4291 1060 915 3189 1972 379 615 4037 4861 4045 971 1029 4381 1392 3567 4048 2799 1587 2116 667 2033 2145 3708 4039 4098 4920 2512 1340 1810 2914 2949
2363 783 1546 1191 3032 1820 3062 4684 3257 3622 3953 4417 4451 1448 4466 2314 1096 4115 2490 2156 2629 1791 1110 1592 354 1145 4471 3680 2324 1370 3029 4514 2515 4682 3882 170 3173 3876 706 1945 1670 3984 2419 940 3035 751 3100 2908 184 4661 2825 4099 4471 3729 4642 4636 1079 2631 3145 2031
1737 4719 1380 3506 3303 4682 3331 4356 4583 4311 2571 1436 3186 2328 3001 2204 3395 4302 4584 4874 1178 1110 1507 918 147 3800 1833 4818 4366 1091 417 2469 4742 3309 3077 3246 2316 1966 3214 496 4793 3184 1058 1059 4038 4677 4714 3058 2301 3988 3252 3994 3013 4518 3297 1871 4109 3733 1176 1923
3266 4175 2586 4902 1697 4662 3078 610 4318 3989 139 1054 155 415 1356 3281 4795 2746 4026 2000 2378 1592 918 2337 3487 2610 1621 1039 1447 4762 2740 3922 567 3253 329 1199 3352 4823 227 4619 2369 4272 446 3715 4437 4776 1232 4809 622 2456 2554 368 3967 4812 3803 2114 1917 4210 1673 3744
1687 997 4781 2861 1006 3491 485 3259 3468 2956 1002 1840 1246 3633 4081 2711 2008 3548 1811 1563 3309 354 147 3487 3412 2219 3196 927 2773 1425 1246 1202 1051 1439 274 4361 537 2109 294 1182 153 3435 1792 1402 1623 4800 747 2838 4700 137 1586 3353 3514 673 4793 382 2589 4131 2064 2863
2812 2474 2987 1016 4869 511 1489 3806 4607 2309 3546 2102 113 4605 4453 1867 3772 4184 1185 3154 2027 1145 3800 2610 2219 1354 1247 696 2555 4487 3543 4516 759 3942 3232 1691 4892 1001 2659 3697 1883 2198 845 1269 3209 528 2573 4274 4004 1657 86 1628 1188 2628 3047 927 1271 4519 1958 3744
1900 3355 739 4033 1438 4216 754 4099 3371 2703 1692 3698 602 3736 217 1675 2009 2952 2536 2846 4314 4471 1833 1621 3196 1247 2949 3510 4919 433 1074 4800 372 3505 4525 547 1621 2368 2662 4805 1484 4883 1202 2661 1668 962 2477 1713 3199 2651 3936 3529 175 1988 1580 448 2178 4648 4878 2941
4730 4824 1693 3499 1046 3285 2117 4343 3762 1967 1291 39 3462 2340 1642 2528 4809 315 2299 3793 347 3680 4818 1039 927 696 3510 1524 3421 663 1655 1246 2990 3786 3132 671 2994 862 3518 3352 1340 4622 3511 3110 2304 472 4748 1600 2378 732 1527 818 4705 418 846 1350 4597 298 1552 4941
2948 142 2349 1981 3638 2188 4645 2749 555 1002 4512 3437 3451 432 3171 2043 4754 1309 1115 1064 2028 2324 4366 1447 2773 2555 4919 3421 998 557 348 2247 910 261 3792 2989 28 4174 3425 4849 1940 237 2923 844 4168 1306 4627 2470 1476 822 4768 807 2501 3797 2926 1874 244 2706 942 4479
2309 4421 4283 4674 921 61 1591 1286 1930 4985 4094 1303 4816 1184 1988 4648 2818 3646 4765 3894 4291 1370 1091 4762 1425 4487 433 663 557 3716 1366 2071 182 2378 4549 510 3829 2698 3717 828 4748 2809 3949 1807 4157 1839 2854 2707 3584 1170 2867 2105 2748 515 4045 3125 4424 3535 3053 869
823 1804 1660 2040 3599 1930 3690 1989 1322 1170 3645 723 3589 2719 133 1338 3902 4607 2204 4116 1060 3029 417 2740 1246 3543 1074 1655 348 1366 4857 2701 201 1660 1561 2635 80 534 1140 62 1407 379 2636 3140 4664 4952 3474 3737 2526 605 1699 4847 1659 2609 1522 3226 4298 4720 3117 2286
2452 3220 65 878 4680 967 291 1415 1960 3229 1323 286 2555 4091 4892 3335 4696 691 3843 386 915 4514 2469 3922 1202 4516 4800 1246 2247 2071 2701 4186 599 788 2606 2875 4741 4940 3506 3110 874 3336 520 4496 2395 1037 3068 4965 2171 983 2642 4103 2033 4362 2618 3560 1596 424 3048 1434
1978 2999 3543 758 2520 2877 1926 2423 993 4227 1341 3024 2722 1831 4099 385 74 1810 1545 791 3189 2515 4742 567 1051 759 372 2990 910 182 201 599 4356 1730 3557 285 4465 1232 210 261 844 2746 2266 1193 2684 3889 4299 1471 77 2320 4168 3611 3240 1804 4141 477 2130 4753 4810 1773
4558 1430 2375 2367 92 311 1985 4856 4821 3256 4038 962 1210 3900 687 1471 1880 214 1675 1465 1972 4682 3309 3253 1439 3942 3505 3786 261 2378 1660 788 1730 4817 4274 1581 1074 1962 820 4287 2595 1165 3281 1111 3675 4965 2254 2241 1170 3037 2083 1167 412 1958 1397 1691 4120 255 3640 4461
2742 4006 1758 4309 3889 2524 544 3859 647 1198 1109 95 1268 3352 686 4759 286 1254 567 2482 379 3882 3077 329 274 3232 4525 3132 3792 4549 1561 2606 3557 4274 3127 816 170 1066 1980 3149 3249 3501 4303 3794 2548 3455 1011 2942 4208 1344 3643 1717 4921 847 3460 817 4754 322 2596 849
4062 1068 3421 4496 4324 1818 4083 4022 1351 2182 1535 2667 2819 3102 1283 2128 3381 2878 4461 4866 615 170 3246 1199 4361 1691 547 671 2989 510 2635 2875 285 1581 816 2810 4874 2405 2320 4180 3788 1972 608 3142 566 1757 1497 4305 788 144 2062 4345 1467 2845 4414 4728 550 569 4611 4019
411 1587 2799 3672 10 3332 4277 1727 2980 4855 4768 454 1016 2286 3181 146 1123 518 583 3052 4037 3173 2316 3352 537 4892 1621 2994 28 3829 80 4741 4465 1074 170 4874 4858 4695 487 3107 2776 3441 3717 2503 2419 3417 2772 1847 3771 2951 2959 4719 1837 2633 2448 3391 2844 2147 200 404
401 4729 2719 1192 4430 2697 4686 1591 1775 2941 1873 1270 4229 1888 3875 2552 1332 1561 4563 727 4861 3876 1966 4823 2109 1001 2368 862 4174 2698 534 4940 1232 1962 1066 2405 4695 3382 2865 1043 4798 4613 3273 801 464 623 596 3061 1237 1740 3842 4222 860 3662 1421 3764 2045 2324 4971 3458
1369 3840 186 353 1092 2185 4647 2718 17 3413 747 1827 2290 434 700 3456 4494 4159 2661 365 4045 706 3214 227 294 2659 2662 3518 3425 3717 1140 3506 210 820 1980 2320 487 2865 2914 2012 2939 1119 1754 1234 1330 631 567 2546 4956 924 653 2082 736 362 4590 1382 3814 1468 1929 1596
4199 3808 2066 839 1858 775 907 1897 4440 4870 1895 1283 844 3003 3447 3903 3431 609 3201 4655 971 1945 496 4619 1182 3697 4805 3352 4849 828 62 3110 261 4287 3149 4180 3107 1043 2012 3736 24 2532 1222 2741 4428 2414 3096 1621 3300 1738 2301 4134 4939 2719 3012 3561 4948 1288 69 2438
1032 2625 2900 1283 4787 4124 4201 363 3108 2935 3562 1208 4845 2077 1710 2426 4484 668 1726 2828 1029 1670 4793 2369 153 1883 1484 1340 1940 4748 1407 874 844 2595 3249 3788 2776 4798 2939 24 3180 3006 704 2315 3340 4543 202 2603 2421 3742 3284 497 2835 3470 1685 1006 1931 2425 1791 4587
697 1188 4306 2246 450 1447 4820 4857 1881 2054 3222 4885 1215 4281 2637 2799 715 4321 4528 2417 4381 3984 3184 4272 3435 2198 4883 4622 237 2809 379 3336 2746 1165 3501 1972 3441 4613 1119 2532 3006 4147 2738 3374 4953 4533 3867 952 1542 664 3034 3175 1355 1705 2254 4698 2522 658 3481 451
1625 4052 304 73 1200 233 237 3907 4339 3985 1965 1482 3137 1247 3257 715 2753 1669 2328 1319 1392 2419 1058 446 1792 845 1202 3511 2923 3949 2636 520 2266 3281 4303 608 3717 3273 1754 1222 704 2738 1138 479 719 2081 685 4041 4101 3026 3344 482 3553 123 3734 4431 945 1594 2276 3937
3778 1492 829 1020 47 2461 4999 3688 3926 2877 1750 3256 209 1610 3390 4654 4988 3304 1512 4163 3567 940 1059 3715 1402 1269 2661 3110 844 1807 3140 4496 1193 1111 3794 3142 2503 801 1234 2741 2315 3374 479 270 4618 2004 4131 801 4362 3865 800 4977 99 1870 3605 87 3148 1099 2734 4725
2142 1588 175 1720 3814 3706 4074 2465 1104 3691 3026 4351 589 3920 3797 443 4246 4251 1335 481 4048 3035 4038 4437 1623 3209 1668 2304 4168 4157 4664 2395 2684 3675 2548 566 2419 464 1330 4428 3340 4953 719 4618 438 4573 1728 1961 1663 544 4317 1867 3161 4948 4524 3121 1885 2685 3928 3356
1239 4647 4887 812 560 1307 4093 4825 4659 4248 1465 2485 3895 1396 131 524 2816 3375 4851 2780 2799 751 4677 4776 4800 528 962 472 1306 1839 4952 1037 3889 4965 3455 1757 3417 623 631 2414 4543 4533 2081 2004 4573 668 4298 2161 89 3779 1288 1489 1315 3348 1236 4205 264 4596 3567 3353
3826 2359 2737 1721 1766 4997 401 2147 742 1770 3486 1697 3241 3766 2809 1795 932 2455 3000 3016 1587 3100 4714 1232 747 2573 2477 4748 4627 2854 3474 3068 4299 2254 1011 1497 2772 596 567 3096 202 3867 685 4131 1728 4298 2263 2087 4267 3994 4395 432 400 2875 3263 3365 3999 1320 4064 3895
4445 3408 3729 3114 1400 2952 3468 1587 1194 4006 4560 3137 652 3519 425 4663 4809 4442 4583 3934 2116 2908 3058 4809 2838 4274 1713 1600 2470 2707 3737 4965 1471 2241 2942 4305 1847 3061 2546 1621 2603 952 4041 801 1961 2161 2087 2121 4577 3073 4840 3565 19 997 217 1767 884 2413 3761 4255
3988 1449 1456 897 4551 3906 1142 258 2118 2958 4888 2719 3454 4382 3959 2073 1202 657 1004 3928 667 184 2301 622 4700 4004 3199 2378 1476 3584 2526 2171 77 1170 4208 788 3771 1237 4956 3300 2421 1542 4101 4362 1663 89 4267 4577 404 3187 3403 1006 3207 3804 1774 2721 704 2416 2127 1341
2784 4518 3405 1610 3382 4495 2630 4489 645 89 786 2725 4410 4113 3459 4701 4513 3829 1244 795 2033 4661 3988 2456 137 1657 2651 732 822 1170 605 983 2320 3037 1344 144 2951 1740 924 1738 3742 664 3026 3865 544 3779 3994 3073 3187 4907 3249 2701 107 1889 3746 1304 2240 3801 4213 2459
1655 3414 1272 4807 1990 4904 2641 2278 3885 4693 3032 3150 4516 1172 2325 634 4319 4860 2882 173 2145 2825 3252 2554 1586 86 3936 1527 4768 2867 1699 2642 4168 2083 3643 2062 2959 3842 653 2301 3284 3034 3344 800 4317 1288 4395 4840 3403 3249 4548 3980 2155 4654 2451 97 4009 616 2321 4533
2631 3043 2861 544 614 740 1575 2360 2773 2668 1479 4244 1338 985 855 964 3580 3993 604 3104 3708 4099 3994 368 3353 1628 3529 818 807 2105 4847 4103 3611 1167 1717 4345 4719 4222 2082 4134 497 3175 482 4977 1867 1489 432 3565 1006 2701 3980 2491 2036 3982 804 691 3644 2582 4102 1670
3917 234 3638 4955 4129 677 773 3253 3134 1606 2275 2837 2930 3004 2535 3572 3499 1493 4294 856 4039 4471 3013 3967 3514 1188 175 4705 2501 2748 1659 2033 3240 412 4921 1467 1837 860 736 4939 2835 1355 3553 99 3161 1315 400 19 3207 107 2155 2036 336 4482 3791 410 1207 1509 1771 4589
3786 1740 2425 1625 1954 743 922 1028 285 2659 72 3581 1714 2737 734 3516 4069 2980 618 2721 4098 3729 4518 4812 673 2628 1988 418 3797 515 2609 4362 1804 1958 847 2845 2633 3662 362 2719 3470 1705 123 1870 4948 3348 2875 997 3804 1889 4654 3982 4482 3069 1159 4407 737 1560 34 1891
1832 312 1552 2089 3667 3629 609 1090 1045 2890 437 1297 4212 4819 2905 2849 3131 1177 2861 587 4920 4642 3297 3803 4793 3047 1580 846 2926 4045 1522 2618 4141 1397 3460 4414 2448 1421 4590 3012 1685 2254 3734 3605 4524 1236 3263 217 1774 3746 2451 804 3791 1159 1701 2048 817 2614 4179 3628
4609 4902 4357 389 2467 2442 3261 4303 1590 1211 3464 695 4357 1822 3786 148 1113 3108 179 3383 2512 4636 1871 2114 382 927 448 1350 1874 3125 3226 3560 477 1691 817 4728 3391 3764 1382 3561 1006 4698 4431 87 3121 4205 3365 1767 2721 1304 97 691 410 4407 2048 4891 4010 3491 687 2426
2953 4011 3466 1171 4281 1623 760 3754 3614 3739 3154 805 1892 4964 2552 3458 3803 1990 422 3373 1340 1079 4109 1917 2589 1271 2178 4597 244 4424 4298 1596 2130 4120 4754 550 2844 2045 3814 4948 1931 2522 945 3148 1885 264 3999 884 704 2240 4009 3644 1207 737 817 4010 4125 4194 2515 552
875 1642 1113 1307 1521 3174 3109 1656 1352 1415 3864 4877 41 3591 2436 2724 3218 2713 4749 3293 1810 2631 3733 4210 4131 4519 4648 298 2706 3535 4720 424 4753 255 322 569 2147 2324 1468 1288 2425 658 1594 1099 2685 4596 1320 2413 2416 3801 616 2582 1509 1560 2614 3491 4194 4338 2541 1307
2919 4508 4412 980 611 2627 513 2578 2591 1450 3783 3354 4208 2715 4254 2059 1980 4672 1791 3226 2914 3145 1176 1673 2064 1958 4878 1552 942 3053 3117 3048 4810 3640 2596 4611 200 4971 1929 69 1791 3481 2276 2734 3928 3567 4064 3761 2127 4213 2321 4102 1771 34 4179 687 2515 2541 373 1751
3214 537 1917 1084 499 3597 1046 1177 874 3291 2609 4322 1237 2140 4984 2332 578 967 1178 2887 2949 2031 1923 3744 2863 3744 2941 4941 4479 869 2286 1434 1773 4461 849 4019 404 3458 1596 2438 4587 451 3937 4725 3356 3353 3895 4255 1341 2459 4533 1670 4589 1891 3628 2426 552 1307 1751 4317
