N: 60
M: 20
Symmetric: true
Triangle: false
3 8 50 53
2 6 21
2 15 24
4 18 46 56 40
3 44 1 14
4 58 13 36 29
3 30 60 11
2 33 59
6 17 52 9 5 34 45
2 23 57
1 43
4 16 2 37 41
3 39 10 49
2 19 20
2 25 28
3 7 48 22
2 31 42
3 55 47 35
5 27 54 26 32 51
4 38 12 3 4
2953 3011 709 1725 3857 2854 1413 543 4842 1885 2116 4564 1193 4578 2082 1472 1932 4190 4635 3780 3262 1510 3627 17 2501 4167 4683 587 4553 1377 3019 4837 3355 3869 3520 2453 833 2739 2504 3488 629 1817 2162 1552 4442 4422 4511 2846 2772 2146 751 477 2565 298 3353 843 3277 4378 3724 1630
3011 2878 2335 4281 4336 2085 964 1170 1810 2305 1357 21 4794 3039 4462 4491 3370 3625 4750 1706 4426 3262 865 3961 3556 3164 4623 841 4867 732 2062 2723 2779 3050 2708 4270 3558 3556 2373 2708 401 1980 3236 1577 4173 987 4327 2034 2430 3652 4756 4312 3257 1764 1543 4230 2728 3545 4200 2976
709 2335 3807 1456 1177 1658 2139 4981 363 210 2852 996 1015 321 2451 2627 2001 342 1788 761 2307 4292 4985 736 3156 1421 908 4260 3563 2742 2937 4167 1122 140 2924 3722 1163 1152 4044 1138 417 4303 332 3567 2181 3824 2227 3067 813 662 1248 2230 70 957 1831 2457 4799 3570 3016 829
1725 4281 1456 3076 3606 2290 4002 1131 1785 3013 2939 2617 545 4276 4090 867 4216 4574 2920 4737 1991 4904 2096 2819 524 1473 705 2350 4260 1704 4202 3528 4715 4731 604 3777 3405 4813 2348 725 1184 622 2904 2183 1759 4739 837 1135 3208 3596 625 3766 4840 2170 3279 1069 1203 3565 2423 2990
3857 4336 1177 3606 2591 2387 916 4516 2817 2614 3150 3547 520 631 1679 304 331 1892 4639 1472 4881 3966 2963 3829 1898 2133 1161 4136 3868 3261 2021 1599 3662 3150 2009 1229 1861 411 1863 3900 2992 3433 1827 130 4511 4859 1085 4018 3445 3325 4064 2439 321 371 1761 987 1581 2046 1494 3234
2854 2085 1658 2290 2387 2025 260 2486 3250 844 72 3668 4875 3246 3789 639 1551 1622 470 2515 2645 1797 2382 1493 2947 3130 3860 924 255 3985 2397 66 4236 2307 353 2338 1321 1930 2146 1440 1122 2163 4804 1935 3699 4592 1335 2391 560 277 1618 1309 1067 4351 4048 3830 342 4980 4316 2326
1413 964 2139 4002 916 260 265 3958 4817 342 897 1610 1968 3645 3986 3585 4956 2970 4949 3141 618 2178 3150 4677 4517 4319 3945 924 3156 724 3087 3260 1808 1117 3243 4104 4777 3113 2962 4386 2558 2386 202 73 710 558 4795 3615 666 424 3142 970 583 4296 4780 2274 4981 3849 2431 4478
543 1170 4981 1131 4516 2486 3958 3326 2077 709 1079 2539 4637 2033 2051 743 357 3232 2264 3616 2482 182 4895 960 2041 221 4706 3025 3735 1314 1537 1731 1966 4207 4094 3483 4817 4492 777 4634 2291 3997 3116 2228 650 683 43 2968 2425 1334 2827 4423 405 1299 2792 3382 1315 1553 3910 276
4842 1810 363 1785 2817 3250 4817 2077 2597 3285 2907 523 1701 2018 3563 2091 3651 2493 3286 367 336 4377 1322 3890 3327 93 727 1906 2942 1740 2026 4763 1741 4446 2579 4136 12 4181 1265 4985 2186 4017 4400 3723 4300 561 1144 3163 3749 1094 4377 3274 4034 1167 2476 1141 3464 2927 565 1971
1885 2305 210 3013 2614 844 342 709 3285 1425 4338 1624 1155 4905 4139 1294 549 4977 1505 3222 1785 1717 1413 1158 2388 1974 118 3502 3181 1325 3657 1828 4602 1635 4120 4236 118 4258 2217 4470 572 1703 3823 4998 4903 286 4868 3880 491 157 4686 4740 1617 41 3549 3642 4839 2275 2444 475
2116 1357 2852 2939 3150 72 897 1079 2907 4338 1711 1907 2194 4594 3027 4196 3790 4829 4267 2672 4543 2850 521 1848 1075 2824 3531 4401 1013 1964 4264 2436 1773 1615 3241 2842 991 1755 696 489 4098 3484 3952 4168 2355 4663 3900 566 2214 399 2351 1832 477 2075 2689 1147 3132 4303 3910 2670
4564 21 996 2617 3547 3668 1610 2539 523 1624 1907 3273 3242 442 2979 4706 2855 4795 3296 1598 2154 2453 1815 2570 2238 1244 2520 1112 3327 3579 851 456 4104 2400 4472 2678 3378 4644 2439 195 3972 1698 655 2446 1612 683 3514 3605 3627 4354 1121 964 3266 357 3975 3154 578 10 2939 948
1193 4794 1015 545 520 4875 1968 4637 1701 1155 2194 3242 1242 2938 3388 3189 2778 4696 1273 4099 2063 4587 4896 3991 4130 436 1841 3563 4620 4898 1653 4365 2782 1141 4365 3850 1796 1300 2059 2913 319 2238 3481 349 2035 1006 1177 3044 663 11 2825 938 2922 1908 1208 4447 3796 2937 4415 1663
4578 3039 321 4276 631 3246 3645 2033 2018 4905 4594 442 2938 2435 4614 3462 1743 3102 3487 2229 2257 4611 1495 1456 4246 596 2068 4164 2951 982 4102 1998 4709 10 3865 871 1368 4287 2769 1328 151 4736 262 4775 2313 3459 4563 3768 2003 1853 976 2258 3678 4612 4953 2768 4840 3195 1355 867
2082 4462 2451 4090 1679 3789 3986 2051 3563 4139 3027 2979 3388 4614 2715 1143 1081 3955 312 593 4656 3011 684 4639 1745 237 2861 4926 626 1590 2912 2605 3022 3094 153 3023 3932 1832 4824 2566 2622 139 3728 1302 3924 4801 1406 4850 4098 1786 670 1676 3442 4151 1445 1011 1451 2263 1805 1896
1472 4491 2627 867 304 639 3585 743 2091 1294 4196 4706 3189 3462 1143 3935 1426 2635 3590 2544 1808 3743 869 628 848 1445 615 3397 1867 207 2997 4585 1506 3836 4676 2899 4598 1288 2446 67 2914 4616 1862 770 2934 1338 488 4445 3333 2441 4224 4528 3619 566 3954 3947 2640 305 1057 4949
1932 3370 2001 4216 331 1551 4956 357 3651 549 3790 2855 2778 1743 1081 1426 719 2618 3508 1923 886 1985 1652 1498 209 1111 484 2847 1871 1857 29 3148 2600 3487 149 2382 3127 3672 4144 3396 1129 3532 4385 1348 4770 16 2530 1769 2875 3930 2551 1500 2101 3672 147 4161 3082 3955 2625 105
4190 3625 342 4574 1892 1622 2970 3232 2493 4977 4829 4795 4696 3102 3955 2635 2618 4640 3047 2622 221 537 3143 3841 209 4330 813 1800 980 219 4281 2566 3495 3186 2422 4218 2499 3542 4999 4948 3989 1641 1300 421 3566 4824 73 4171 3601 1890 3387 2452 575 687 4231 4647 4492 4372 1354 2219
4635 4750 1788 2920 4639 470 4949 2264 3286 1505 4267 3296 1273 3487 312 3590 3508 3047 185 2462 2004 651 4018 88 4472 240 2291 2009 1562 3234 3841 695 1203 2014 2974 2060 2517 3769 4522 2918 704 730 2183 1889 243 3990 3758 4068 84 3546 237 430 1768 2545 3691 1096 1643 1220 3787 454
3780 1706 761 4737 1472 2515 3141 3616 367 3222 2672 1598 4099 2229 593 2544 1923 2622 2462 4197 4397 2540 783 2857 4392 2957 2182 3681 693 3506 782 4246 538 1063 4513 3127 3102 2150 1325 3731 4963 4220 3720 1936 3507 1795 2912 1207 182 1410 1357 1823 4612 3188 3939 2346 4092 2552 1089 3337
3262 4426 2307 1991 4881 2645 618 2482 336 1785 4543 2154 2063 2257 4656 1808 886 221 2004 4397 209 4727 3398 490 2522 4492 1701 2383 4248 1398 3413 2623 3010 1004 2811 2200 2844 1626 395 646 2212 1039 3125 697 3164 1251 2470 965 3719 2863 3418 4372 2531 4548 2982 1767 600 905 1211 4969
1510 3262 4292 4904 3966 1797 2178 182 4377 1717 2850 2453 4587 4611 3011 3743 1985 537 651 2540 4727 1525 3833 3522 4678 3739 202 3325 2100 3746 1832 4629 98 3077 4434 3069 1865 1739 985 4521 3293 3789 4001 2947 4772 4810 4674 1260 2497 1914 4431 2631 3453 3167 3475 4425 4250 777 1128 2269
3627 865 4985 2096 2963 2382 3150 4895 1322 1413 521 1815 4896 1495 684 869 1652 3143 4018 783 3398 3833 684 398 537 3816 1022 3511 725 237 4183 4237 286 2085 1827 4365 299 761 1959 3882 4881 4177 3467 1477 3456 2724 499 242 2891 1052 655 4413 489 221 2920 1442 4348 2001 4870 1577
17 3961 736 2819 3829 1493 4677 960 3890 1158 1848 2570 3991 1456 4639 628 1498 3841 88 2857 490 3522 398 1663 1583 3517 16 733 2980 139 4294 874 1061 1226 4001 3093 2191 3450 1456 4603 4216 4773 4787 1164 1459 4357 3740 3145 2887 4115 451 215 3436 4632 73 3724 1146 2776 244 4254
2501 3556 3156 524 1898 2947 4517 2041 3327 2388 1075 2238 4130 4246 1745 848 209 209 4472 4392 2522 4678 537 1583 4541 2286 1234 4583 3112 2183 3539 847 4800 1059 3685 43 1608 2848 805 1814 275 2892 3085 4698 825 1406 4182 3725 873 3581 3203 3974 2945 4679 2420 248 2918 144 336 4968
4167 3164 1421 1473 2133 3130 4319 221 93 1974 2824 1244 436 596 237 1445 1111 4330 240 2957 4492 3739 3816 3517 2286 1143 4110 383 4440 4421 3101 3047 4441 4435 2112 3397 107 2257 760 3371 2700 2926 3278 1513 2849 1402 479 3980 245 2343 2878 331 2081 1350 4547 1810 1225 1473 1588 2212
4683 4623 908 705 1161 3860 3945 4706 727 118 3531 2520 1841 2068 2861 615 484 813 2291 2182 1701 202 1022 16 1234 4110 1325 4002 4687 3609 1119 1701 4749 3579 2136 3329 4162 680 1367 1841 2831 4607 3620 2312 1435 3928 2121 897 4790 3719 2036 14 77 2022 1218 2651 3345 2815 3619 4756
587 841 4260 2350 4136 924 924 3025 1906 3502 4401 1112 3563 4164 4926 3397 2847 1800 2009 3681 2383 3325 3511 733 4583 383 4002 3488 3228 4538 1967 2674 4876 4101 642 1988 21 4869 217 2766 3439 3233 824 571 379 3214 1084 2937 929 4491 3484 4547 945 4337 3525 3901 4860 4721 4326 3845
4553 4867 3563 4260 3868 255 3156 3735 2942 3181 1013 3327 4620 2951 626 1867 1871 980 1562 693 4248 2100 725 2980 3112 4440 4687 3228 325 2808 4728 2854 2099 4217 1217 4806 170 2125 1277 4221 4795 301 775 4265 4044 861 3507 488 3409 2949 1541 1805 1126 613 4099 3401 328 3096 2023 132
1377 732 2742 1704 3261 3985 724 1314 1740 1325 1964 3579 4898 982 1590 207 1857 219 3234 3506 1398 3746 237 139 2183 4421 3609 4538 2808 1794 2601 4879 4601 2389 487 3201 424 3143 3341 2392 1730 4954 2611 2238 375 370 4629 2123 3674 319 996 2657 3950 3929 430 2517 1931 1560 2938 1494
3019 2062 2937 4202 2021 2397 3087 1537 2026 3657 4264 851 1653 4102 2912 2997 29 4281 3841 782 3413 1832 4183 4294 3539 3101 1119 1967 4728 2601 2202 4464 2595 1187 3760 1150 4727 2753 1660 2286 4546 2431 1602 1766 4501 4224 2570 280 3678 2371 4427 3129 485 2781 1452 649 3030 629 441 1391
4837 2723 4167 3528 1599 66 3260 1731 4763 1828 2436 456 4365 1998 2605 4585 3148 2566 695 4246 2623 4629 4237 874 847 3047 1701 2674 2854 4879 4464 2765 3394 1699 2916 1080 242 700 877 622 4232 1626 144 4991 833 602 3290 1517 2959 1730 1606 3334 4715 4576 1256 3706 2130 2993 2962 1741
3355 2779 1122 4715 3662 4236 1808 1966 1741 4602 1773 4104 2782 4709 3022 1506 2600 3495 1203 538 3010 98 286 1061 4800 4441 4749 4876 2099 4601 2595 3394 1143 4927 580 4729 4365 4614 2949 646 2991 395 4466 4564 555 67 4574 219 4778 701 3519 4032 2899 4537 3956 562 702 3539 546 4747
3869 3050 140 4731 3150 2307 1117 4207 4446 1635 1615 2400 1141 10 3094 3836 3487 3186 2014 1063 1004 3077 2085 1226 1059 4435 3579 4101 4217 2389 1187 1699 4927 4562 4929 2378 1994 1468 2937 2601 2369 4047 4566 751 1030 2357 141 3782 3766 2761 1331 353 2342 340 3395 2327 1074 2988 617 3106
3520 2708 2924 604 2009 353 3243 4094 2579 4120 3241 4472 4365 3865 153 4676 149 2422 2974 4513 2811 4434 1827 4001 3685 2112 2136 642 1217 487 3760 2916 580 4929 4184 931 505 202 4588 2739 1671 1564 142 1846 703 3422 3291 1302 3563 4965 3044 3328 621 531 16 1410 614 15 225 2185
2453 4270 3722 3777 1229 2338 4104 3483 4136 4236 2842 2678 3850 871 3023 2899 2382 4218 2060 3127 2200 3069 4365 3093 43 3397 3329 1988 4806 3201 1150 1080 4729 2378 931 1007 2414 3715 3931 2051 1464 3571 3655 2339 613 4592 2518 2496 1052 69 1688 168 1393 3557 2458 2806 487 1957 4763 1714
833 3558 1163 3405 1861 1321 4777 4817 12 118 991 3378 1796 1368 3932 4598 3127 2499 2517 3102 2844 1865 299 2191 1608 107 4162 21 170 424 4727 242 4365 1994 505 2414 109 850 2053 553 2227 3983 933 3921 4214 4752 2539 96 3172 4624 2485 4183 1080 3286 176 247 2963 2739 4596 2035
2739 3556 1152 4813 411 1930 3113 4492 4181 4258 1755 4644 1300 4287 1832 1288 3672 3542 3769 2150 1626 1739 761 3450 2848 2257 680 4869 2125 3143 2753 700 4614 1468 202 3715 850 1435 2975 2353 4810 3294 4959 1232 3119 4232 1143 2036 630 1604 3439 1205 3336 2148 1514 996 4858 887 4640 709
2504 2373 4044 2348 1863 2146 2962 777 1265 2217 696 2439 2059 2769 4824 2446 4144 4999 4522 1325 395 985 1959 1456 805 760 1367 217 1277 3341 1660 877 2949 2937 4588 3931 2053 2975 1265 4796 2807 707 3388 192 2499 1875 2845 1666 1014 2514 3201 3813 1405 1077 3199 3400 1266 4433 3892 3505
3488 2708 1138 725 3900 1440 4386 4634 4985 4470 489 195 2913 1328 2566 67 3396 4948 2918 3731 646 4521 3882 4603 1814 3371 1841 2766 4221 2392 2286 622 646 2601 2739 2051 553 2353 4796 1415 3775 3893 1166 1316 3234 4379 1369 540 1026 180 3087 1259 229 2751 4851 4676 3750 3496 2939 3946
629 401 417 1184 2992 1122 2558 2291 2186 572 4098 3972 319 151 2622 2914 1129 3989 704 4963 2212 3293 4881 4216 275 2700 2831 3439 4795 1730 4546 4232 2991 2369 1671 1464 2227 4810 2807 3775 4942 3451 640 3477 3087 1697 4310 724 4768 560 3783 2584 4481 558 2262 3115 2241 3022 969 4692
1817 1980 4303 622 3433 2163 2386 3997 4017 1703 3484 1698 2238 4736 139 4616 3532 1641 730 4220 1039 3789 4177 4773 2892 2926 4607 3233 301 4954 2431 1626 395 4047 1564 3571 3983 3294 707 3893 3451 2940 429 3249 3103 3629 4976 742 824 3029 2797 1858 1074 3296 1133 3180 4135 4918 3282 4276
2162 3236 332 2904 1827 4804 202 3116 4400 3823 3952 655 3481 262 3728 1862 4385 1300 2183 3720 3125 4001 3467 4787 3085 3278 3620 824 775 2611 1602 144 4466 4566 142 3655 933 4959 3388 1166 640 429 2700 1715 4029 4886 796 4941 1999 532 4605 1877 2140 4859 31 2014 4005 1408 2690 4346
1552 1577 3567 2183 130 1935 73 2228 3723 4998 4168 2446 349 4775 1302 770 1348 421 1889 1936 697 2947 1477 1164 4698 1513 2312 571 4265 2238 1766 4991 4564 751 1846 2339 3921 1232 192 1316 3477 3249 1715 4349 2250 980 2761 309 2177 2417 3725 3547 1386 4141 2574 1357 2581 1300 1874 2194
4442 4173 2181 1759 4511 3699 710 650 4300 4903 2355 1612 2035 2313 3924 2934 4770 3566 243 3507 3164 4772 3456 1459 825 2849 1435 379 4044 375 4501 833 555 1030 703 613 4214 3119 2499 3234 3087 3103 4029 2250 4752 3722 894 3899 453 2931 1900 3580 3581 2804 3107 629 1993 1162 1941 1757
4422 987 3824 4739 4859 4592 558 683 561 286 4663 683 1006 3459 4801 1338 16 4824 3990 1795 1251 4810 2724 4357 1406 1402 3928 3214 861 370 4224 602 67 2357 3422 4592 4752 4232 1875 4379 1697 3629 4886 980 3722 2153 3237 3771 3716 2533 4501 4221 4710 2676 4362 2615 1943 4744 3620 4569
4511 4327 2227 837 1085 1335 4795 43 1144 4868 3900 3514 1177 4563 1406 488 2530 73 3758 2912 2470 4674 499 3740 4182 479 2121 1084 3507 4629 2570 3290 4574 141 3291 2518 2539 1143 2845 1369 4310 4976 796 2761 894 3237 3873 2162 679 1613 784 2135 1380 3599 2387 3906 3089 4971 3538 1902
2846 2034 3067 1135 4018 2391 3615 2968 3163 3880 566 3605 3044 3768 4850 4445 1769 4171 4068 1207 965 1260 242 3145 3725 3980 897 2937 488 2123 280 1517 219 3782 1302 2496 96 2036 1666 540 724 742 4941 309 3899 3771 2162 1672 172 3289 431 885 1956 595 2034 1991 4982 4251 1733 2259
2772 2430 813 3208 3445 560 666 2425 3749 491 2214 3627 663 2003 4098 3333 2875 3601 84 182 3719 2497 2891 2887 873 245 4790 929 3409 3674 3678 2959 4778 3766 3563 1052 3172 630 1014 1026 4768 824 1999 2177 453 3716 679 172 2429 3682 807 1565 2459 488 1424 2342 2084 3139 2325 851
2146 3652 662 3596 3325 277 424 1334 1094 157 399 4354 11 1853 1786 2441 3930 1890 3546 1410 2863 1914 1052 4115 3581 2343 3719 4491 2949 319 2371 1730 701 2761 4965 69 4624 1604 2514 180 560 3029 532 2417 2931 2533 1613 3289 3682 2370 4418 2663 2965 4721 3634 1287 87 1575 3130 3746
751 4756 1248 625 4064 1618 3142 2827 4377 4686 2351 1121 2825 976 670 4224 2551 3387 237 1357 3418 4431 655 451 3203 2878 2036 3484 1541 996 4427 1606 3519 1331 3044 1688 2485 3439 3201 3087 3783 2797 4605 3725 1900 4501 784 431 807 4418 2330 4701 3709 4251 1421 4628 1636 98 1242 2610
477 4312 2230 3766 2439 1309 970 4423 3274 4740 1832 964 938 2258 1676 4528 1500 2452 430 1823 4372 2631 4413 215 3974 331 14 4547 1805 2657 3129 3334 4032 353 3328 168 4183 1205 3813 1259 2584 1858 1877 3547 3580 4221 2135 885 1565 2663 4701 4879 1199 856 1144 2297 4170 4416 3163 3208
2565 3257 70 4840 321 1067 583 405 4034 1617 477 3266 2922 3678 3442 3619 2101 575 1768 4612 2531 3453 489 3436 2945 2081 77 945 1126 3950 485 4715 2899 2342 621 1393 1080 3336 1405 229 4481 1074 2140 1386 3581 4710 1380 1956 2459 2965 3709 1199 4408 1718 1189 1907 4177 3336 3834 1624
298 1764 957 2170 371 4351 4296 1299 1167 41 2075 357 1908 4612 4151 566 3672 687 2545 3188 4548 3167 221 4632 4679 1350 2022 4337 613 3929 2781 4576 4537 340 531 3557 3286 2148 1077 2751 558 3296 4859 4141 2804 2676 3599 595 488 4721 4251 856 1718 86 2831 2780 3285 4587 1778 1837
3353 1543 1831 3279 1761 4048 4780 2792 2476 3549 2689 3975 1208 4953 1445 3954 147 4231 3691 3939 2982 3475 2920 73 2420 4547 1218 3525 4099 430 1452 1256 3956 3395 16 2458 176 1514 3199 4851 2262 1133 31 2574 3107 4362 2387 2034 1424 3634 1421 1144 1189 2831 944 119 4345 3160 3425 51
843 4230 2457 1069 987 3830 2274 3382 1141 3642 1147 3154 4447 2768 1011 3947 4161 4647 1096 2346 1767 4425 1442 3724 248 1810 2651 3901 3401 2517 649 3706 562 2327 1410 2806 247 996 3400 4676 3115 3180 2014 1357 629 2615 3906 1991 2342 1287 4628 2297 1907 2780 119 3335 915 4246 59 2579
3277 2728 4799 1203 1581 342 4981 1315 3464 4839 3132 578 3796 4840 1451 2640 3082 4492 1643 4092 600 4250 4348 1146 2918 1225 3345 4860 328 1931 3030 2130 702 1074 614 487 2963 4858 1266 3750 2241 4135 4005 2581 1993 1943 3089 4982 2084 87 1636 4170 4177 3285 4345 915 1504 2985 810 128
4378 3545 3570 3565 2046 4980 3849 1553 2927 2275 4303 10 2937 3195 2263 305 3955 4372 1220 2552 905 777 2001 2776 144 1473 2815 4721 3096 1560 629 2993 3539 2988 15 1957 2739 887 4433 3496 3022 4918 1408 1300 1162 4744 4971 4251 3139 1575 98 4416 3336 4587 3160 4246 2985 4790 1486 428
3724 4200 3016 2423 1494 4316 2431 3910 565 2444 3910 2939 4415 1355 1805 1057 2625 1354 3787 1089 1211 1128 4870 244 336 1588 3619 4326 2023 2938 441 2962 546 617 225 4763 4596 4640 3892 2939 969 3282 2690 1874 1941 3620 3538 1733 2325 3130 1242 3163 3834 1778 3425 59 810 1486 1566 2975
1630 2976 829 2990 3234 2326 4478 276 1971 475 2670 948 1663 867 1896 4949 105 2219 454 3337 4969 2269 1577 4254 4968 2212 4756 3845 132 1494 1391 1741 4747 3106 2185 1714 2035 709 3505 3946 4692 4276 4346 2194 1757 4569 1902 2259 851 3746 2610 3208 1624 1837 51 2579 128 428 2975 3517
