N: 60
M: 20
Symmetric: true
Triangle: false
3 11 29 13
3 54 24 39
4 10 4 12 18
3 16 37 28
3 50 8 55
2 15 23
5 40 53 7 25 57
4 5 34 38 14
1 60
3 30 49 2
4 43 17 33 20
2 45 6
2 35 42
2 31 27
3 21 46 56
1 32
4 22 26 48 1
5 47 41 36 52 19
4 9 51 59 44
2 58 3
2619 1195 1293 3270 1890 4441 205 1169 1119 3390 3959 1361 3900 369 4742 3433 3436 1502 613 207 4163 2320 2100 1864 4863 2882 1061 4027 605 1325 3940 3525 4482 3820 2419 4920 1994 4221 1998 3858 3605 2372 4279 2187 1118 1472 3501 4983 354 1453 4639 568 2265 2306 4119 2766 524 3869 1444 4545
1195 256 4182 1308 2132 2727 2343 981 3774 1606 1841 783 1084 4919 3238 494 4086 1551 2878 1602 813 1239 1920 874 3765 1461 1348 85 616 2174 457 1716 4181 2241 1090 3263 4094 4783 2465 3631 4236 2646 3695 1326 1831 1759 431 3788 116 1654 1214 205 4809 3595 1576 4178 4486 4283 2442 3578
1293 4182 4961 4060 2180 4141 3997 4889 2874 4854 2248 1458 2968 1828 2213 3542 1723 4526 3148 3497 742 1230 252 2381 4073 579 4480 2791 3122 3668 3832 3985 2942 3706 1949 4191 2450 369 1624 583 2265 4619 3916 379 2948 2497 1848 4001 3813 1020 2423 4981 3343 2284 2801 2263 1243 1825 1431 1204
3270 1308 4060 238 2342 965 2417 261 2826 3178 523 4670 4942 4782 726 3030 184 4470 1593 4108 4339 3548 2899 4626 3929 4946 4294 259 3761 2284 1686 3592 2289 803 3688 1810 536 3185 2456 1426 1100 2389 705 3692 1747 1299 1003 1720 230 3572 1146 1098 866 4784 773 1381 2834 4776 2274 2918
1890 2132 2180 2342 2968 2457 1290 3307 3508 1234 578 1772 4423 2885 3492 4764 4471 1619 2083 2053 4513 1103 3048 3635 4453 1468 2473 4180 2819 134 728 4050 3789 4855 1958 1141 3717 1365 4425 594 591 3645 4771 779 4754 795 818 4383 4399 2814 4092 1776 3835 3410 2421 434 3721 3781 439 532
4441 2727 4141 965 2457 2453 2035 1272 2343 4202 1638 2698 180 2200 1410 4573 1865 3565 264 4472 3117 2704 2213 1445 3748 2653 3781 1831 3687 2670 3320 3964 3162 74 3414 583 4663 4421 3656 945 239 3252 4747 463 1633 2162 2122 886 2227 1826 4615 1345 1089 4245 4560 3566 4433 4878 1085 1259
205 2343 3997 2417 1290 2035 4544 4657 721 318 2681 4392 1229 2279 1779 215 2748 4946 2389 4284 3881 4765 3481 2645 297 3919 896 1676 1956 3868 1099 2731 2623 1846 2407 2626 2404 1797 3765 866 3374 2567 1593 2485 1563 2201 3803 2561 4918 3126 2424 4740 1583 235 3168 1092 4569 766 1919 1956
1169 981 4889 261 3307 1272 4657 1278 1191 337 628 321 3442 4923 1030 4264 1616 3297 87 3850 4135 2922 1173 2574 4457 4858 1383 4713 1241 483 1796 4778 2339 211 4453 4169 4219 1125 3947 1682 3111 3252 4585 1804 2752 4653 4612 2736 3225 1044 1848 90 27 4770 2058 1732 4388 1203 4466 475
1119 3774 2874 2826 3508 2343 721 1191 2323 2372 2949 2367 1019 3952 3772 1764 2636 3631 1397 4540 4219 372 3950 2391 2067 415 4406 2421 4912 603 160 333 4665 1310 490 3864 1256 411 1396 4085 1879 3323 3141 3621 841 1667 4109 638 2347 3102 517 103 1204 3281 3602 755 4089 1859 1198 56
3390 1606 4854 3178 1234 4202 318 337 2372 3179 691 1850 3572 2299 2591 64 2545 1365 3014 1225 365 4609 83 1327 421 2482 699 3059 405 4684 2133 848 874 4250 3933 2605 2363 523 4453 1758 3797 2943 4932 2497 1854 3611 2000 1636 1557 1576 4520 1440 1375 2695 1474 521 4268 1135 2432 247
3959 1841 2248 523 578 1638 2681 628 2949 691 2591 4008 1129 1820 290 4682 3486 4568 1871 1298 4357 536 3507 3622 4263 581 173 1392 270 3896 1677 4526 3113 2453 2222 1995 472 3093 172 741 3232 4829 4027 2475 4684 1437 4967 4658 2690 527 1928 1940 926 635 762 1935 1099 1374 4964 1421
1361 783 1458 4670 1772 2698 4392 321 2367 1850 4008 159 2257 4067 4068 1034 1024 2708 4244 4420 2792 4046 1577 2025 4863 1137 3647 4316 43 1705 4104 3246 579 2309 47 1782 891 971 997 1862 2935 4287 292 4998 2144 1383 3514 4855 1348 4467 3652 2869 2589 4915 524 1585 482 2925 285 4496
3900 1084 2968 4942 4423 180 1229 3442 1019 3572 1129 2257 260 4011 2365 2932 2133 4456 4540 3741 1661 3930 4642 2157 4970 2636 1091 3815 554 2956 1473 4925 2293 1283 191 3295 2022 3731 63 3966 3957 4737 962 513 3991 4119 1852 1148 1948 929 554 532 4301 4384 3507 3893 449 710 1043 3791
369 4919 1828 4782 2885 2200 2279 4923 3952 2299 1820 4067 4011 625 2665 4507 1447 4298 1031 4620 2309 3638 1952 123 1060 1846 1744 3020 4935 2908 1497 1932 4160 3432 4574 510 2667 1428 4034 4317 872 4318 2956 3741 3078 1927 2629 2004 4420 4504 4876 1102 1478 3357 4107 1343 3638 4795 4064 2417
4742 3238 2213 726 3492 1410 1779 1030 3772 2591 290 4068 2365 2665 2054 3950 4605 4359 3818 3280 3634 2017 2061 2522 375 4675 3431 2594 4177 3104 4847 232 2770 1859 4417 170 95 2062 3018 2943 386 1342 4622 3250 2095 4533 3331 1113 117 1532 2009 1640 1683 4461 646 390 641 2413 3630 685
3433 494 3542 3030 4764 4573 215 4264 1764 64 4682 1034 2932 4507 3950 4950 1000 3378 108 4701 3831 4807 476 2535 234 4036 4535 4528 2420 1661 4031 4360 1563 2128 3497 138 1434 487 4186 3507 1467 2568 2118 4566 1497 2654 351 4176 4303 948 651 373 1897 1271 961 3046 1473 2395 3262 4602
3436 4086 1723 184 4471 1865 2748 1616 2636 2545 3486 1024 2133 1447 4605 1000 3731 4689 15 3904 523 1441 4284 1075 2671 923 1863 2705 2426 222 2383 3175 1406 4171 371 983 2716 4730 594 3256 3896 4958 3446 3625 2500 797 2048 1455 1280 1874 1013 3664 4619 2969 1854 335 3047 3681 3270 1025
1502 1551 4526 4470 1619 3565 4946 3297 3631 1365 4568 2708 4456 4298 4359 3378 4689 434 4444 4953 4948 4253 4089 4989 3558 574 2680 2871 2008 4386 1586 2891 2367 2024 4802 4824 3215 1360 3881 3369 2221 1222 2258 3910 2045 3152 4788 3214 2798 1504 42 53 3308 4244 4369 1982 2822 1388 4324 1094
613 2878 3148 1593 2083 264 2389 87 1397 3014 1871 4244 4540 1031 3818 108 15 4444 2775 2938 3308 19 2311 3330 3239 2912 4638 1672 2800 2126 2143 2609 3445 3664 923 1699 2154 653 422 1140 976 609 1978 902 1394 2651 874 3177 209 1072 1455 4157 4346 1540 767 4628 2413 3704 4088 1674
207 1602 3497 4108 2053 4472 4284 3850 4540 1225 1298 4420 3741 4620 3280 4701 3904 4953 2938 623 1734 2513 4068 3444 3606 2525 2702 4183 1315 3812 1216 4007 2695 4100 102 1866 3146 2876 3010 2608 156 4073 4506 4442 4400 2536 2040 3966 1268 1128 636 4736 3705 510 645 831 2888 1335 3159 1773
4163 813 742 4339 4513 3117 3881 4135 4219 365 4357 2792 1661 2309 3634 3831 523 4948 3308 1734 3243 4737 3768 1784 1221 1333 4820 4222 3580 4672 4909 554 4887 1779 1655 4260 3930 2237 2237 2750 3359 1613 1454 2040 1077 521 2449 995 2496 2906 2967 537 1455 1023 1205 1343 4999 1421 4341 783
2320 1239 1230 3548 1103 2704 4765 2922 372 4609 536 4046 3930 3638 2017 4807 1441 4253 19 2513 4737 3314 2336 615 2161 3560 4338 2360 566 4941 4640 4788 4516 4864 4143 3578 2545 2168 2430 1186 4053 2163 1095 1898 1185 2793 4536 1874 1713 566 20 3743 1541 3416 3302 4193 4227 4852 2026 1882
2100 1920 252 2899 3048 2213 3481 1173 3950 83 3507 1577 4642 1952 2061 476 4284 4089 2311 4068 3768 2336 2374 3311 4329 560 4754 2876 2458 783 4278 1461 1373 4424 4325 4028 852 3825 3801 4520 3800 2363 649 844 2288 3748 3811 4256 2992 848 2146 1272 4811 2658 1419 2963 4100 4912 400 822
1864 874 2381 4626 3635 1445 2645 2574 2391 1327 3622 2025 2157 123 2522 2535 1075 4989 3330 3444 1784 615 3311 3850 3875 3796 541 4667 2918 194 2245 696 346 1672 59 4653 1485 3156 4997 4691 4586 532 4417 417 4997 2424 85 407 1678 4973 2306 2377 4075 534 456 2191 4133 2276 1771 2696
4863 3765 4073 3929 4453 3748 297 4457 2067 421 4263 4863 4970 1060 375 234 2671 3558 3239 3606 1221 2161 4329 3875 4714 4344 646 2436 2773 1338 1893 4333 344 532 2724 3891 704 2030 3100 548 1093 3891 1148 4142 3406 2132 2786 1839 1393 2909 534 1440 632 3904 3951 1869 359 467 3651 4673
2882 1461 579 4946 1468 2653 3919 4858 415 2482 581 1137 2636 1846 4675 4036 923 574 2912 2525 1333 3560 560 3796 4344 1137 1706 1373 4879 2484 1916 2950 2621 2513 4506 3669 3148 4334 1177 1496 4612 266 3562 1726 159 2668 3904 245 2563 3995 1204 2999 3010 1352 3438 2626 363 1357 1379 2737
1061 1348 4480 4294 2473 3781 896 1383 4406 699 173 3647 1091 1744 3431 4535 1863 2680 4638 2702 4820 4338 4754 541 646 1706 4586 801 3773 4124 4710 3985 3937 4812 2952 753 732 4421 3707 1474 78 1436 1144 4955 2175 1411 2166 600 1909 3176 4425 635 3084 1243 2096 47 2974 3381 1230 3146
4027 85 2791 259 4180 1831 1676 4713 2421 3059 1392 4316 3815 3020 2594 4528 2705 2871 1672 4183 4222 2360 2876 4667 2436 1373 801 678 1969 3226 3101 2820 747 4194 570 2046 3000 3195 2676 485 2296 1460 335 4323 4314 1641 2481 3943 1332 1998 4126 293 4691 4045 3825 2966 4601 4639 1880 2346
605 616 3122 3761 2819 3687 1956 1241 4912 405 270 43 554 4935 4177 2420 2426 2008 2800 1315 3580 566 2458 2918 2773 4879 3773 1969 2036 4558 3743 4649 1262 3652 2100 159 1306 376 3970 4896 2037 4700 4974 3737 1999 4566 1672 2788 970 4479 4493 674 3955 298 187 636 4719 3056 3122 4074
1325 2174 3668 2284 134 2670 3868 483 603 4684 3896 1705 2956 2908 3104 1661 222 4386 2126 3812 4672 4941 783 194 1338 2484 4124 3226 4558 3122 1375 4403 500 3034 4439 3674 4587 2048 1334 3424 524 1996 4304 2488 1673 3672 4147 1833 2547 1503 272 2199 420 259 3560 4639 2083 2552 1823 3600
3940 457 3832 1686 728 3320 1099 1796 160 2133 1677 4104 1473 1497 4847 4031 2383 1586 2143 1216 4909 4640 4278 2245 1893 1916 4710 3101 3743 1375 2715 511 4600 1556 2919 2801 121 1640 972 1235 4299 2634 1800 3802 3234 105 2603 126 4731 2153 1228 45 3591 227 4541 4050 1097 1886 1426 2283
3525 1716 3985 3592 4050 3964 2731 4778 333 848 4526 3246 4925 1932 232 4360 3175 2891 2609 4007 554 4788 1461 696 4333 2950 3985 2820 4649 4403 511 4769 961 3959 1624 1321 4276 1517 4538 776 3154 1929 2220 984 4449 2243 4256 4839 151 4258 3464 1543 556 3596 4342 3826 124 3576 4670 2893
4482 4181 2942 2289 3789 3162 2623 2339 4665 874 3113 579 2293 4160 2770 1563 1406 2367 3445 2695 4887 4516 1373 346 344 2621 3937 747 1262 500 4600 961 898 840 4252 1961 419 2503 852 4789 2687 2917 1525 223 1307 3354 865 4245 2764 3013 2998 3748 2212 4486 3334 680 3072 3412 1775 3469
3820 2241 3706 803 4855 74 1846 211 1310 4250 2453 2309 1283 3432 1859 2128 4171 2024 3664 4100 1779 4864 4424 1672 532 2513 4812 4194 3652 3034 1556 3959 840 3392 4335 907 2962 4239 3293 1896 3208 4582 3437 2680 2661 2903 916 2284 2312 4172 4640 1793 2845 513 1246 403 3370 2176 2199 1694
2419 1090 1949 3688 1958 3414 2407 4453 490 3933 2222 47 191 4574 4417 3497 371 4802 923 102 1655 4143 4325 59 2724 4506 2952 570 2100 4439 2919 1624 4252 4335 807 633 759 1604 1124 1693 358 4846 1994 1893 2405 4829 4537 3887 4736 3847 234 1259 2427 4782 4103 4868 1464 1968 3032 3658
4920 3263 4191 1810 1141 583 2626 4169 3864 2605 1995 1782 3295 510 170 138 983 4824 1699 1866 4260 3578 4028 4653 3891 3669 753 2046 159 3674 2801 1321 1961 907 633 3351 63 642 4145 2484 483 3443 2497 3269 2974 2901 4111 233 1518 3581 2740 937 2752 934 1389 1608 3850 216 363 2921
1994 4094 2450 536 3717 4663 2404 4219 1256 2363 472 891 2022 2667 95 1434 2716 3215 2154 3146 3930 2545 852 1485 704 3148 732 3000 1306 4587 121 4276 419 2962 759 63 3670 4817 3256 1051 3828 2048 2081 3790 3810 664 691 1929 4804 4798 4144 1998 4723 1213 4403 4330 2164 1035 1862 2658
4221 4783 369 3185 1365 4421 1797 1125 411 523 3093 971 3731 1428 2062 487 4730 1360 653 2876 2237 2168 3825 3156 2030 4334 4421 3195 376 2048 1640 1517 2503 4239 1604 642 4817 2072 2693 3236 1525 194 4575 1145 1600 3978 3598 3325 3978 2108 1490 4237 3180 2348 881 917 2504 2767 2277 4902
1998 2465 1624 2456 4425 3656 3765 3947 1396 4453 172 997 63 4034 3018 4186 594 3881 422 3010 2237 2430 3801 4997 3100 1177 3707 2676 3970 1334 972 4538 852 3293 1124 4145 3256 2693 2786 4637 3927 4656 3062 3879 2671 1945 4794 4309 1032 885 2771 1728 656 239 1633 24 1717 1521 4155 1619
3858 3631 583 1426 594 945 866 1682 4085 1758 741 1862 3966 4317 2943 3507 3256 3369 1140 2608 2750 1186 4520 4691 548 1496 1474 485 4896 3424 1235 776 4789 1896 1693 2484 1051 3236 4637 2938 1465 4001 529 4406 4197 1184 1376 3622 284 3194 882 2764 1681 2858 3725 599 4848 3192 3881 3630
3605 4236 2265 1100 591 239 3374 3111 1879 3797 3232 2935 3957 872 386 1467 3896 2221 976 156 3359 4053 3800 4586 1093 4612 78 2296 2037 524 4299 3154 2687 3208 358 483 3828 1525 3927 1465 399 405 126 4908 4083 1231 1681 2778 1828 3399 1493 2982 3390 2032 2094 1161 1643 3296 2598 4689
2372 2646 4619 2389 3645 3252 2567 3252 3323 2943 4829 4287 4737 4318 1342 2568 4958 1222 609 4073 1613 2163 2363 532 3891 266 1436 1460 4700 1996 2634 1929 2917 4582 4846 3443 2048 194 4656 4001 405 3786 4519 790 1200 4345 647 1041 3204 4996 1771 3255 3063 662 2754 3080 2151 1339 165 1444
4279 3695 3916 705 4771 4747 1593 4585 3141 4932 4027 292 962 2956 4622 2118 3446 2258 1978 4506 1454 1095 649 4417 1148 3562 1144 335 4974 4304 1800 2220 1525 3437 1994 2497 2081 4575 3062 529 126 4519 2629 4258 2542 2524 4916 4440 3524 1263 3413 1317 2551 2481 2603 261 228 1574 2968 1299
2187 1326 379 3692 779 463 2485 1804 3621 2497 2475 4998 513 3741 3250 4566 3625 3910 902 4442 2040 1898 844 417 4142 1726 4955 4323 3737 2488 3802 984 223 2680 1893 3269 3790 1145 3879 4406 4908 790 4258 1034 438 2651 2792 2605 3303 3169 2649 3816 4900 1131 2717 1665 3024 4613 1255 2034
1118 1831 2948 1747 4754 1633 1563 2752 841 1854 4684 2144 3991 3078 2095 1497 2500 2045 1394 4400 1077 1185 2288 4997 3406 159 2175 4314 1999 1673 3234 4449 1307 2661 2405 2974 3810 1600 2671 4197 4083 1200 2542 438 2188 822 469 4837 379 4004 3611 4713 2439 710 948 2735 3807 4671 1327 304
1472 1759 2497 1299 795 2162 2201 4653 1667 3611 1437 1383 4119 1927 4533 2654 797 3152 2651 2536 521 2793 3748 2424 2132 2668 1411 1641 4566 3672 105 2243 3354 2903 4829 2901 664 3978 1945 1184 1231 4345 2524 2651 822 3450 2864 998 698 4600 2945 191 1427 2744 1140 3390 1331 3920 4051 311
3501 431 1848 1003 818 2122 3803 4612 4109 2000 4967 3514 1852 2629 3331 351 2048 4788 874 2040 2449 4536 3811 85 2786 3904 2166 2481 1672 4147 2603 4256 865 916 4537 4111 691 3598 4794 1376 1681 647 4916 2792 469 2864 2574 3109 4622 1158 2975 2038 4325 4057 2560 1238 2766 2135 376 4700
4983 3788 4001 1720 4383 886 2561 2736 638 1636 4658 4855 1148 2004 1113 4176 1455 3214 3177 3966 995 1874 4256 407 1839 245 600 3943 2788 1833 126 4839 4245 2284 3887 233 1929 3325 4309 3622 2778 1041 4440 2605 4837 998 3109 583 220 2204 3425 1850 1405 3597 2816 2479 2862 353 897 4790
354 116 3813 230 4399 2227 4918 3225 2347 1557 2690 1348 1948 4420 117 4303 1280 2798 209 1268 2496 1713 2992 1678 1393 2563 1909 1332 970 2547 4731 151 2764 2312 4736 1518 4804 3978 1032 284 1828 3204 3524 3303 379 698 4622 220 984 3145 450 3805 2770 2494 3540 1449 4511 1721 4106 3603
1453 1654 1020 3572 2814 1826 3126 1044 3102 1576 527 4467 929 4504 1532 948 1874 1504 1072 1128 2906 566 848 4973 2909 3995 3176 1998 4479 1503 2153 4258 3013 4172 3847 3581 4798 2108 885 3194 3399 4996 1263 3169 4004 4600 1158 2204 3145 3231 4961 2966 4906 4776 1782 4038 1296 1312 3625 2760
4639 1214 2423 1146 4092 4615 2424 1848 517 4520 1928 3652 554 4876 2009 651 1013 42 1455 636 2967 20 2146 2306 534 1204 4425 4126 4493 272 1228 3464 2998 4640 234 2740 4144 1490 2771 882 1493 1771 3413 2649 3611 2945 2975 3425 450 4961 1894 1389 1607 2605 247 3600 3862 1922 4565 997
568 205 4981 1098 1776 1345 4740 90 103 1440 1940 2869 532 1102 1640 373 3664 53 4157 4736 537 3743 1272 2377 1440 2999 635 293 674 2199 45 1543 3748 1793 1259 937 1998 4237 1728 2764 2982 3255 1317 3816 4713 191 2038 1850 3805 2966 1389 39 126 842 3437 1943 3750 4255 1771 399
2265 4809 3343 866 3835 1089 1583 27 1204 1375 926 2589 4301 1478 1683 1897 4619 3308 4346 3705 1455 1541 4811 4075 632 3010 3084 4691 3955 420 3591 556 2212 2845 2427 2752 4723 3180 656 1681 3390 3063 2551 4900 2439 1427 4325 1405 2770 4906 1607 126 933 2642 3489 1836 1117 3564 2216 4568
2306 3595 2284 4784 3410 4245 235 4770 3281 2695 635 4915 4384 3357 4461 1271 2969 4244 1540 510 1023 3416 2658 534 3904 1352 1243 4045 298 259 227 3596 4486 513 4782 934 1213 2348 239 2858 2032 662 2481 1131 710 2744 4057 3597 2494 4776 2605 842 2642 4918 4904 3889 4195 4888 3594 2460
4119 1576 2801 773 2421 4560 3168 2058 3602 1474 762 524 3507 4107 646 961 1854 4369 767 645 1205 3302 1419 456 3951 3438 2096 3825 187 3560 4541 4342 3334 1246 4103 1389 4403 881 1633 3725 2094 2754 2603 2717 948 1140 2560 2816 3540 1782 247 3437 3489 4904 1818 1675 33 2204 4772 3035
2766 4178 2263 1381 434 3566 1092 1732 755 521 1935 1585 3893 1343 390 3046 335 1982 4628 831 1343 4193 2963 2191 1869 2626 47 2966 636 4639 4050 3826 680 403 4868 1608 4330 917 24 599 1161 3080 261 1665 2735 3390 1238 2479 1449 4038 3600 1943 1836 3889 1675 2844 4562 4748 3057 603
524 4486 1243 2834 3721 4433 4569 4388 4089 4268 1099 482 449 3638 641 1473 3047 2822 2413 2888 4999 4227 4100 4133 359 363 2974 4601 4719 2083 1097 124 3072 3370 1464 3850 2164 2504 1717 4848 1643 2151 228 3024 3807 1331 2766 2862 4511 1296 3862 3750 1117 4195 33 4562 925 2462 3196 3873
3869 4283 1825 4776 3781 4878 766 1203 1859 1135 1374 2925 710 4795 2413 2395 3681 1388 3704 1335 1421 4852 4912 2276 467 1357 3381 4639 3056 2552 1886 3576 3412 2176 1968 216 1035 2767 1521 3192 3296 1339 1574 4613 4671 3920 2135 353 1721 1312 1922 4255 3564 4888 2204 4748 2462 4737 3687 2730
1444 2442 1431 2274 439 1085 1919 4466 1198 2432 4964 285 1043 4064 3630 3262 3270 4324 4088 3159 4341 2026 400 1771 3651 1379 1230 1880 3122 1823 1426 4670 1775 2199 3032 363 1862 2277 4155 3881 2598 165 2968 1255 1327 4051 376 897 4106 3625 4565 1771 2216 3594 4772 3057 3196 3687 3260 3947
4545 3578 1204 2918 532 1259 1956 475 56 247 1421 4496 3791 2417 685 4602 1025 1094 1674 1773 783 1882 822 2696 4673 2737 3146 2346 4074 3600 2283 2893 3469 1694 3658 2921 2658 4902 1619 3630 4689 1444 1299 2034 304 311 4700 4790 3603 2760 997 399 4568 2460 3035 603 3873 2730 3947 897
