N: 80
M: 20
Symmetric: true
Triangle: false
2 9 35
7 53 5 71 7 62 54 47
3 44 42 8
3 27 58 17
2 11 49
4 67 63 10 28
5 59 70 2 24 80
3 76 64 3
3 37 20 41
4 40 29 22 21
4 69 4 34 73
5 78 61 68 19 1
1 65
5 32 74 46 30 18
5 39 66 38 13 56
4 48 33 75 77
6 31 55 43 16 36 23
4 45 52 14 57
4 50 26 25 12
6 6 79 51 15 60 72
845 1093 4347 3116 3496 546 4343 3769 1981 1266 750 1033 627 3867 474 2665 2172 1439 1130 2744 2897 2298 2116 297 521 1173 4322 406 1892 2387 1482 2658 1048 1412 2323 4425 4678 3671 3085 3719 1641 3433 2250 2058 4830 2629 3066 3528 2335 105 3019 2688 4050 4272 879 2114 2628 2572 1329 3684 787 3554 1305 3832 509 104 2483 184 4199 254 315 1406 4730 3499 1204 510 4503 4567 484 4576
1093 3368 2996 1691 4245 2172 1955 1890 440 3377 1720 1870 1547 4045 1291 2990 3011 4478 35 2331 112 3060 1829 4525 4203 4206 3577 2247 4100 4455 3155 3100 4966 1041 2360 3965 2366 1668 2149 901 4974 3224 3560 3884 1714 956 3864 97 778 2715 2113 1971 1164 1884 3735 3857 518 802 831 1624 310 4378 3169 1884 2545 932 284 3518 4076 4208 1929 1126 3681 1658 1546 3201 2203 3700 841 2013
4347 2996 4074 4536 3520 1807 603 3764 4189 3601 1603 516 2854 1387 2713 3050 3500 2766 2411 1449 1794 2921 3241 3457 1288 587 2405 4926 2869 2291 2399 1213 538 1791 2382 912 3901 655 2426 1364 1809 3345 4591 2324 406 106 973 3139 4775 4106 3622 3486 2776 4083 1599 1987 2535 4850 3522 101 4261 2801 1963 4910 2449 1850 580 4060 2748 2534 566 2771 1762 636 2682 1727 1980 611 4505 845
3116 1691 4536 468 1057 1681 2145 3582 206 2814 4840 2968 71 3929 1615 3693 3920 1179 4897 681 747 722 3138 642 627 4662 779 2671 3635 209 3968 933 4887 4161 2497 4122 3694 563 43 3309 4207 3761 813 3871 573 2097 4051 76 583 4788 422 204 4658 1600 2972 3701 472 2442 4147 4706 4770 889 4121 4087 1253 3152 2332 4011 3739 3049 3538 3482 3422 1819 227 543 3038 2481 543 3549
3496 4245 3520 1057 1431 2210 4443 306 4661 29 983 3458 600 3162 74 2046 1038 2082 2625 1959 4110 4323 3666 2692 4397 2797 628 3267 4820 2446 3302 2378 4519 2867 2334 1789 454 491 4438 254 4499 2131 154 1864 561 739 1482 4739 4074 1872 405 3458 3300 3939 1897 3993 3866 324 2945 2772 3809 2756 2207 2748 1854 4854 349 1684 2054 2590 2173 4703 2079 4781 4557 3437 1274 3773 3311 3389
546 2172 1807 1681 2210 1716 562 205 4792 4407 1853 4441 3100 3932 957 3661 2520 4730 4208 1367 3582 3228 3861 1197 2860 1893 2138 1790 2635 4152 4754 3850 1021 3239 4665 1970 4498 4252 4205 1988 2344 871 2088 4720 1086 4814 3644 4473 3487 1615 738 2141 4780 1540 2730 3202 4679 1112 1867 839 1490 1769 2604 3252 109 3209 2138 4890 500 558 4306 1283 4931 4459 2336 2606 3856 4170 1132 4828
4343 1955 603 2145 4443 562 1414 85 2517 4982 1943 2824 944 1984 4451 3485 348 2785 4124 2755 2311 1494 3218 4872 3329 4389 210 3828 3729 1865 3516 2372 1033 3711 1222 4569 3140 3169 3908 3814 4031 2901 3418 79 695 272 2496 4320 2682 674 3612 1080 4988 3184 2831 1015 3173 4714 2229 3903 4270 1436 2519 3314 3815 2751 1339 2651 4165 2552 1850 1344 4936 2244 3165 1431 2026 574 2049 1683
3769 1890 3764 3582 306 205 85 4761 1186 1447 80 365 4048 1692 4434 303 3073 1873 2730 259 2161 4239 1206 4678 540 3347 2190 3090 218 750 1017 3325 4573 3913 1113 3970 2678 1368 4458 3796 1701 4816 2662 1731 3506 1506 3436 1756 1291 3821 1991 4779 166 4528 711 570 3125 2031 1747 1086 745 388 492 4424 1193 1396 769 2394 350 667 417 2665 4257 499 3048 2272 2016 2895 589 4063
1981 440 4189 206 4661 4792 2517 1186 2518 4039 1373 1180 4644 1114 494 2989 3904 1360 4115 3322 2023 3574 1745 2880 870 3336 1137 2695 2567 2107 3157 3721 1995 894 2784 1304 4252 2444 4266 4754 1681 787 3690 4144 3177 3746 3896 2889 1229 1173 326 678 3289 4812 1927 1221 686 3682 43 4847 2203 4867 4322 4383 3687 2674 2914 2670 3044 4394 4921 4893 1326 3123 4070 3796 2966 2412 3810 113
1266 3377 3601 2814 29 4407 4982 1447 4039 3897 189 2899 713 3308 4272 3161 4940 3657 3366 638 280 1078 2544 229 3515 425 4680 3950 2361 4875 1924 941 3632 453 374 2163 54 634 532 2534 3949 2877 188 2498 4048 1740 1356 686 773 149 4004 313 424 3921 496 1631 4836 1671 663 1461 4202 692 3512 3319 3080 1296 24 520 4452 696 1680 2557 4641 1464 1847 625 4597 2025 4598 3769
750 1720 1603 4840 983 1853 1943 80 1373 189 2610 481 194 2174 1743 1735 2233 2565 80 3803 2193 3080 1978 1658 409 4891 275 4131 755 4427 4214 2364 3977 1478 3890 2097 3674 540 400 2335 3862 4525 1615 1649 774 4917 1582 2282 488 463 4340 2976 3623 1451 3133 67 4873 3036 3281 4777 2463 3681 1994 4004 1230 775 1488 699 1365 2153 3478 3389 1462 138 2539 614 1809 4112 459 3888
1033 1870 516 2968 3458 4441 2824 365 1180 2899 481 251 2620 2840 1390 3475 2820 923 3868 2477 4812 2888 4734 2545 1456 3975 437 4130 181 2597 2047 4091 3812 913 1258 1370 3818 2123 4021 4301 1582 3825 3536 2416 210 4403 2143 1237 1273 2102 3265 3556 766 4980 1371 2610 4266 1525 445 14 225 2569 1757 1598 302 4519 4840 1385 678 3836 3559 1088 2233 3090 2884 92 1973 958 942 3262
627 1547 2854 71 600 3100 944 4048 4644 713 194 2620 734 1058 262 3425 2263 2871 474 2777 2057 3244 959 3167 3329 2302 1127 898 1742 1355 1768 407 3084 3628 487 537 3175 2327 794 753 4316 956 3453 1851 2971 1175 3498 3781 4454 1047 1890 2941 1202 3833 1009 2389 3725 3945 2606 1655 2933 3732 1660 2910 4987 3785 1667 2737 233 764 1068 4411 1909 2444 4059 3075 686 898 1035 4018
3867 4045 1387 3929 3162 3932 1984 1692 1114 3308 2174 2840 1058 2799 1429 4310 2114 2664 4645 1062 1184 4803 359 4006 1380 434 2681 491 3636 2088 2465 332 349 1862 632 722 754 478 3822 4089 619 1213 1398 4737 4400 4188 3159 1521 2306 3804 2109 3737 655 4987 874 3906 2465 2594 2192 2798 179 1458 2721 2945 2010 231 4361 2583 587 1542 2293 995 3354 4890 2052 2239 834 3947 182 3165
474 1291 2713 1615 74 957 4451 4434 494 4272 1743 1390 262 1429 1740 4333 1369 4490 4060 135 2566 4032 372 3207 927 1402 1057 1373 4279 4017 2671 4145 767 1318 973 505 1571 3123 2505 4464 1197 4350 2482 4925 102 3860 353 3044 2392 1938 3764 2746 4254 309 2057 513 2717 4585 1097 4542 4111 2836 3107 681 1909 419 3766 1672 3947 1535 4266 1693 1889 2437 410 1227 1125 3849 2432 688
2665 2990 3050 3693 2046 3661 3485 303 2989 3161 1735 3475 3425 4310 4333 2074 1249 229 1289 2516 1820 3765 3061 4813 333 1922 1434 1483 3963 1717 1538 2759 344 4360 1164 3715 4899 2440 1636 170 835 959 26 1775 3954 1914 834 2937 2437 4351 2447 3313 3405 4591 4671 3604 2002 2630 3506 351 1129 4630 4193 944 4345 210 892 3172 3565 3888 4231 2125 4229 4558 881 2720 4933 238 597 2298
2172 3011 3500 3920 1038 2520 348 3073 3904 4940 2233 2820 2263 2114 1369 1249 4109 640 2902 1640 4676 1043 196 3681 320 4662 3942 3197 2532 4532 2994 206 3484 4353 1062 3098 3211 3580 708 4008 1843 251 3743 956 4387 4440 2788 306 2512 530 2392 1500 1203 1407 863 4492 1477 3097 423 2399 4400 2620 780 2887 86 4153 203 3713 2167 4414 3687 627 1210 1512 3457 2566 2577 956 2360 1106
1439 4478 2766 1179 2082 4730 2785 1873 1360 3657 2565 923 2871 2664 4490 229 640 2322 1349 117 3148 4511 3812 3174 229 4140 229 894 4396 917 3635 1115 537 1797 1122 3861 770 2526 2526 3275 3363 998 3940 2054 3251 2392 1909 3860 20 4515 3720 113 4043 2084 4455 349 1521 2670 3811 1682 4239 925 4367 2071 511 3335 182 4624 4696 805 3206 300 2263 2660 3997 2110 602 3924 2447 296
1130 35 2411 4897 2625 4208 4124 2730 4115 3366 80 3868 474 4645 4060 1289 2902 1349 1212 270 3483 2634 2856 1191 4345 3042 2721 2285 3716 1197 516 4125 1483 2145 298 309 728 1518 2493 4921 4617 3729 4506 1219 491 4746 4393 958 1329 4803 3563 544 4646 3852 4380 3162 466 874 2248 2469 367 4945 2157 2468 1334 2630 971 4049 1238 681 4113 1281 3113 1839 4537 3864 3665 3247 1570 4456
2744 2331 1449 681 1959 1367 2755 259 3322 638 3803 2477 2777 1062 135 2516 1640 117 270 3865 165 1446 2602 991 4069 857 1494 1670 2923 65 3708 3940 4320 4129 4086 806 4847 1061 3286 2010 4411 2737 26 1861 2718 2329 737 3883 4372 242 2161 2771 3325 4097 4253 2985 4181 2807 4305 1867 2413 2148 853 210 4882 3822 385 2182 3514 4449 4888 1385 2938 4785 4092 2761 638 710 1155 937
2897 112 1794 747 4110 3582 2311 2161 2023 280 2193 4812 2057 1184 2566 1820 4676 3148 3483 165 4742 626 3766 3440 2616 99 1300 3130 3316 2251 2685 1879 2328 2072 2606 4242 976 1525 1066 836 1540 2762 2239 1947 4599 4132 1050 2644 2124 4455 1561 2040 3419 465 2938 436 3366 3861 4186 3211 1750 1547 1247 3105 4704 3095 2281 1917 1333 82 1964 661 699 4847 1318 2775 2158 2579 3437 2246
2298 3060 2921 722 4323 3228 1494 4239 3574 1078 3080 2888 3244 4803 4032 3765 1043 4511 2634 1446 626 4833 3086 2922 3285 3959 1699 2428 682 1006 4806 2981 3504 4847 1376 1259 2287 483 4502 4095 182 235 2009 2325 889 2227 1483 3879 20 4043 4198 241 4044 3531 627 766 4868 1473 582 1769 1972 4993 1152 2207 313 170 4795 1084 1657 3376 1294 4681 1944 4202 4566 3580 1644 105 2542 1646
2116 1829 3241 3138 3666 3861 3218 1206 1745 2544 1978 4734 959 359 372 3061 196 3812 2856 2602 3766 3086 4569 2948 4383 3747 3795 2984 2949 3703 2715 750 1970 459 686 2817 4884 4597 3883 4209 993 2096 1705 2390 2141 1690 3963 314 4555 3123 3283 1827 2725 1287 1511 107 177 424 3463 1927 2839 908 3605 239 884 492 1533 1606 1584 2206 4955 1283 603 3649 1777 3958 2250 3331 3969 1335
297 4525 3457 642 2692 1197 4872 4678 2880 229 1658 2545 3167 4006 3207 4813 3681 3174 1191 991 3440 2922 2948 4926 3745 2926 148 1345 2375 2975 437 2256 4270 4133 3422 1694 2553 2073 1140 2333 3086 4976 2815 1454 849 1837 547 3595 2826 2484 3853 4939 4842 2844 4492 3078 4842 236 2014 2352 1686 3217 3109 2318 2301 3466 3271 3019 801 2221 1854 4606 826 893 1512 1672 214 2650 230 2938
521 4203 1288 627 4397 2860 3329 540 870 3515 409 1456 3329 1380 927 333 320 229 4345 4069 2616 3285 4383 3745 1542 1938 3525 858 2608 4518 4996 3123 535 92 2433 1470 2270 1186 4390 2588 1881 4478 4660 2725 3177 4896 774 2254 3940 4394 2480 4855 4054 3029 4402 1331 3803 2838 870 4364 898 2187 3305 1192 3996 2957 1112 862 752 3417 4436 424 4932 1390 1188 4412 198 4351 184 1057
1173 4206 587 4662 2797 1893 4389 3347 3336 425 4891 3975 2302 434 1402 1922 4662 4140 3042 857 99 3959 3747 2926 1938 1765 3819 1753 3737 3626 371 2480 24 813 2402 1800 3501 3923 660 2542 4660 651 4158 3030 1229 3935 4845 2334 261 4101 1738 1891 3553 3316 4399 4851 1131 4049 4140 3555 474 980 1086 1386 1724 281 1399 4513 2346 2119 2475 185 4664 4371 3960 1867 4692 2403 3064 4066
4322 3577 2405 779 628 2138 210 2190 1137 4680 275 437 1127 2681 1057 1434 3942 229 2721 1494 1300 1699 3795 148 3525 3819 3091 4001 4465 3937 3638 4272 672 2110 218 2679 2139 1930 504 973 4239 4981 2057 2558 2047 3037 4028 2666 3524 2918 3611 1924 2726 4152 1232 4351 4547 3336 1807 3795 2993 1412 239 3615 2184 1357 722 1560 3198 3085 1243 3866 2011 3629 554 88 2273 2486 2276 3318
406 2247 4926 2671 3267 1790 3828 3090 2695 3950 4131 4130 898 491 1373 1483 3197 894 2285 1670 3130 2428 2984 1345 858 1753 4001 2983 2577 2483 3586 2202 1681 4678 3325 1244 3707 4248 798 4007 3212 3207 2359 2273 2121 3253 1255 4454 1250 2996 4999 877 325 3800 684 163 4148 4401 3213 4167 4077 2490 666 4877 1197 2358 3259 2825 1990 125 4553 520 794 2754 1608 4438 4132 3561 659 1115
1892 4100 2869 3635 4820 2635 3729 218 2567 2361 755 181 1742 3636 4279 3963 2532 4396 3716 2923 3316 682 2949 2375 2608 3737 4465 2577 3967 2480 4650 3935 662 352 4516 3096 4359 3541 2923 3972 2844 729 419 2456 1265 4382 4756 3804 438 4406 3571 1601 4070 217 1038 4138 2752 2070 3062 3892 857 1217 3167 2763 2988 4796 1047 2817 4707 1110 275 3759 3667 1933 674 4727 4137 882 838 1627
2387 4455 2291 209 2446 4152 1865 750 2107 4875 4427 2597 1355 2088 4017 1717 4532 917 1197 65 2251 1006 3703 2975 4518 3626 3937 2483 2480 3340 2442 1508 1350 1462 1799 3034 4677 3839 4906 794 1460 2392 4125 3215 3078 1067 4310 3708 1836 1665 2708 4150 1375 4412 1277 4525 616 361 1696 3512 406 3714 4914 3043 24 263 178 3372 3293 1803 1651 3763 4163 1151 931 1877 2826 4845 68 797
1482 3155 2399 3968 3302 4754 3516 1017 3157 1924 4214 2047 1768 2465 2671 1538 2994 3635 516 3708 2685 4806 2715 437 4996 371 3638 3586 4650 2442 1121 4468 4948 1632 271 3022 3685 1414 144 2021 3110 2668 668 3876 856 522 1252 3197 2085 3973 1785 3493 3189 2789 2916 3373 2218 3185 2088 2829 334 1613 4779 4056 35 1274 2711 767 91 1639 3401 1750 2212 1491 2524 2973 551 4259 2911 4637
2658 3100 1213 933 2378 3850 2372 3325 3721 941 2364 4091 407 332 4145 2759 206 1115 4125 3940 1879 2981 750 2256 3123 2480 4272 2202 3935 1508 4468 2143 1922 1838 1886 1535 964 500 2396 3671 2975 2366 475 2250 129 2005 77 4569 3894 272 1349 357 2149 1386 1896 3691 4001 3685 4485 3582 3289 3393 4692 3441 57 790 1777 1436 1413 2424 3763 493 351 2934 3977 1066 1686 579 4984 3074
1048 4966 538 4887 4519 1021 1033 4573 1995 3632 3977 3812 3084 349 767 344 3484 537 1483 4320 2328 3504 1970 4270 535 24 672 1681 662 1350 4948 1922 877 3697 3054 1621 3761 3848 1294 3815 562 1110 559 1165 4551 773 3191 2761 2691 3150 3120 1559 1648 3162 4216 678 4258 4288 3067 1248 2763 2775 260 2458 4879 865 3547 2989 4179 1876 3141 2417 2760 708 1911 2806 2807 2742 2209 2094
1412 1041 1791 4161 2867 3239 3711 3913 894 453 1478 913 3628 1862 1318 4360 4353 1797 2145 4129 2072 4847 459 4133 92 813 2110 4678 352 1462 1632 1838 3697 4759 4401 472 780 2458 4672 2408 2032 1616 4791 1802 2265 667 2919 2344 3416 3860 3211 4527 2963 3274 2223 1088 3463 4434 4684 4549 1761 1660 1119 2581 1363 2500 4806 1982 4734 1823 4127 4014 2933 2923 4682 2537 4055 3470 3042 3926
2323 2360 2382 2497 2334 4665 1222 1113 2784 374 3890 1258 487 632 973 1164 1062 1122 298 4086 2606 1376 686 3422 2433 2402 218 3325 4516 1799 271 1886 3054 4401 41 3959 1340 2639 2398 4474 2804 4058 1249 1531 4899 2080 3359 1655 2683 4032 3793 462 2862 3722 603 684 2707 752 2599 4718 494 4557 3391 2525 1459 2012 3278 476 2597 903 2472 1551 4638 2273 2851 2996 1789 1410 4059 1358
4425 3965 912 4122 1789 1970 4569 3970 1304 2163 2097 1370 537 722 505 3715 3098 3861 309 806 4242 1259 2817 1694 1470 1800 2679 1244 3096 3034 3022 1535 1621 472 3959 1795 454 4868 3902 3811 3855 4515 3786 4870 3558 2696 43 1782 4403 1803 4436 3199 4277 4464 1800 1057 4387 248 4594 2576 3966 2290 3724 1438 4116 1325 2239 657 1000 2079 3755 1963 2235 2715 1948 117 3001 3163 345 79
4678 2366 3901 3694 454 4498 3140 2678 4252 54 3674 3818 3175 754 1571 4899 3211 770 728 4847 976 2287 4884 2553 2270 3501 2139 3707 4359 4677 3685 964 3761 780 1340 454 428 314 2389 2961 2322 227 3470 887 3744 4251 4297 3646 2663 2502 3910 2658 4232 1409 3884 3609 1863 4424 3652 2289 2822 1947 834 3170 2693 2995 4902 1326 43 3882 3008 359 1505 1841 1973 930 2090 666 2890 3849
3671 1668 655 563 491 4252 3169 1368 2444 634 540 2123 2327 478 3123 2440 3580 2526 1518 1061 1525 483 4597 2073 1186 3923 1930 4248 3541 3839 1414 500 3848 2458 2639 4868 314 2072 1355 2083 2333 1281 4303 4493 4986 4976 1995 2884 4606 2724 2515 3379 681 2952 1695 1344 4095 3157 3750 2414 1397 1409 1844 2959 4359 2659 2227 1030 366 2707 4428 1503 3506 1683 4385 3855 568 1426 4375 2891
3085 2149 2426 43 4438 4205 3908 4458 4266 532 400 4021 794 3822 2505 1636 708 2526 2493 3286 1066 4502 3883 1140 4390 660 504 798 2923 4906 144 2396 1294 4672 2398 3902 2389 1355 3829 3450 2108 1688 4706 2814 2728 298 4937 1667 4606 970 4760 4073 4557 694 4382 1426 3741 1308 879 3763 3726 1994 1457 4319 2046 3843 4843 4057 2405 16 666 2294 859 3094 4834 4285 1441 1437 2069 3738
3719 901 1364 3309 254 1988 3814 3796 4754 2534 2335 4301 753 4089 4464 170 4008 3275 4921 2010 836 4095 4209 2333 2588 2542 973 4007 3972 794 2021 3671 3815 2408 4474 3811 2961 2083 3450 2952 3844 2748 3482 2154 2864 2421 3801 3428 3166 4166 2654 2454 2097 3730 1347 2535 4576 4216 4016 3757 2698 2024 1286 4041 4207 175 362 2719 681 2499 2990 2647 3132 4772 1566 3095 616 4927 169 4865
1641 4974 1809 4207 4499 2344 4031 1701 1681 3949 3862 1582 4316 619 1197 835 1843 3363 4617 4411 1540 182 993 3086 1881 4660 4239 3212 2844 1460 3110 2975 562 2032 2804 3855 2322 2333 2108 3844 265 1530 2873 4735 2387 1423 3830 4023 574 1559 338 2058 2615 190 521 122 4273 3098 3722 4793 3982 2278 2187 1292 2972 3192 1416 3727 4147 1879 2486 4841 4880 712 368 1701 711 2003 3903 4451
3433 3224 3345 3761 2131 871 2901 4816 787 2877 4525 3825 956 1213 4350 959 251 998 3729 2737 2762 235 2096 4976 4478 651 4981 3207 729 2392 2668 2366 1110 1616 4058 4515 227 1281 1688 2748 1530 4089 1014 4181 4358 47 2938 1712 1867 613 3438 227 1288 3031 3912 927 4403 1977 2957 4761 2600 2213 3777 3679 3142 1948 4097 3190 1895 4147 35 3287 4685 52 4857 567 3107 4819 3283 3794
2250 3560 4591 813 154 2088 3418 2662 3690 188 1615 3536 3453 1398 2482 26 3743 3940 4506 26 2239 2009 1705 2815 4660 4158 2057 2359 419 4125 668 475 559 4791 1249 3786 3470 4303 4706 3482 2873 1014 2309 3672 2286 55 4043 4405 4640 2939 844 3318 4059 952 4913 4566 2948 2024 3686 1003 3510 4752 4794 2222 3140 2228 4791 3579 3429 3842 2870 4846 1511 1445 4089 3707 4556 194 2212 2829
2058 3884 2324 3871 1864 4720 79 1731 4144 2498 1649 2416 1851 4737 4925 1775 956 2054 1219 1861 1947 2325 2390 1454 2725 3030 2558 2273 2456 3215 3876 2250 1165 1802 1531 4870 887 4493 2814 2154 4735 4181 3672 289 2160 2102 1141 2471 4925 4308 2237 186 3543 1442 1710 4095 2815 4190 4763 941 4906 4724 2928 2672 301 264 861 4641 2645 4596 2843 3323 1079 1795 1829 4322 2847 50 1829 2281
4830 1714 406 573 561 1086 695 3506 3177 4048 774 210 2971 4400 102 3954 4387 3251 491 2718 4599 889 2141 849 3177 1229 2047 2121 1265 3078 856 129 4551 2265 4899 3558 3744 4986 2728 2864 2387 4358 2286 2160 216 3776 90 1556 4640 4044 4558 4417 4862 307 165 1028 148 24 4450 1399 2545 1371 1842 4168 4756 2553 1363 1939 1268 3251 717 135 4159 3078 3160 3260 1870 2941 3891 574
2629 956 106 2097 739 4814 272 1506 3746 1740 4917 4403 1175 4188 3860 1914 4440 2392 4746 2329 4132 2227 1690 1837 4896 3935 3037 3253 4382 1067 522 2005 773 667 2080 2696 4251 4976 298 2421 1423 47 55 2102 3776 301 3224 4091 98 587 128 2020 285 2501 881 745 3610 1844 515 3179 3141 744 2122 4521 2058 2526 2774 2785 1679 2016 3894 4923 3590 1672 4716 3624 4590 2559 4276 3406
3066 3864 973 4051 1482 3644 2496 3436 3896 1356 1582 2143 3498 3159 353 834 2788 1909 4393 737 1050 1483 3963 547 774 4845 4028 1255 4756 4310 1252 77 3191 2919 3359 43 4297 1995 4937 3801 3830 2938 4043 1141 90 3224 4433 1882 606 2473 3883 3040 4773 3540 3337 3104 4494 3611 2451 2321 1599 3863 3551 2396 1367 2959 2965 4560 740 4915 1829 4353 1409 2611 4340 1884 2416 4139 2976 629
3528 97 3139 76 4739 4473 4320 1756 2889 686 2282 1237 3781 1521 3044 2937 306 3860 958 3883 2644 3879 314 3595 2254 2334 2666 4454 3804 3708 3197 4569 2761 2344 1655 1782 3646 2884 1667 3428 4023 1712 4405 2471 1556 4091 1882 2988 1364 2755 3817 3721 84 3514 1696 764 3697 3370 1225 3022 2378 3855 971 3936 2639 440 3898 3915 310 3700 329 1604 693 2900 4589 3670 4546 1622 4931 2764
2335 778 4775 583 4074 3487 2682 1291 1229 773 488 1273 4454 2306 2392 2437 2512 20 1329 4372 2124 20 4555 2826 3940 261 3524 1250 438 1836 2085 3894 2691 3416 2683 4403 2663 4606 4606 3166 574 1867 4640 4925 4640 98 606 1364 1031 3134 90 1996 776 2571 1296 1609 4736 281 4675 4883 3848 279 3233 3370 2493 415 2044 2247 2137 2880 2864 2645 2419 3863 4038 509 4886 3525 2583 2902
105 2715 4106 4788 1872 1615 674 3821 1173 149 463 2102 1047 3804 1938 4351 530 4515 4803 242 4455 4043 3123 2484 4394 4101 2918 2996 4406 1665 3973 272 3150 3860 4032 1803 2502 2724 970 4166 1559 613 2939 4308 4044 587 2473 2755 3134 4220 1163 2697 877 344 2605 4358 2124 4880 2677 4450 567 4696 943 3921 4625 4115 1324 1576 92 4699 2572 2510 2316 1667 2651 2599 1455 4787 3196 4920
3019 2113 3622 422 405 738 3612 1991 326 4004 4340 3265 1890 2109 3764 2447 2392 3720 3563 2161 1561 4198 3283 3853 2480 1738 3611 4999 3571 2708 1785 1349 3120 3211 3793 4436 3910 2515 4760 2654 338 3438 844 2237 4558 128 3883 3817 90 1163 515 614 3207 58 1868 816 2301 3940 589 1451 2657 3231 2124 4082 897 3456 4631 4631 1300 1192 4110 1301 4082 1453 408 496 3835 1914 2486 2419
2688 1971 3486 204 3458 2141 1080 4779 678 313 2976 3556 2941 3737 2746 3313 1500 113 544 2771 2040 241 1827 4939 4855 1891 1924 877 1601 4150 3493 357 1559 4527 462 3199 2658 3379 4073 2454 2058 227 3318 186 4417 2020 3040 3721 1996 2697 614 3674 280 4245 4693 2462 4735 4488 2773 3203 4938 3347 4228 480 1281 2245 3573 1944 3771 1055 1041 4578 569 2138 2648 830 826 711 4248 4467
4050 1164 2776 4658 3300 4780 4988 166 3289 424 3623 766 1202 655 4254 3405 1203 4043 4646 3325 3419 4044 2725 4842 4054 3553 2726 325 4070 1375 3189 2149 1648 2963 2862 4277 4232 681 4557 2097 2615 1288 4059 3543 4862 285 4773 84 776 877 3207 280 691 2634 1508 4066 125 1425 2010 3134 3719 772 1164 278 2743 3147 4137 1392 3859 2930 4518 255 1912 3438 372 1031 4373 3728 2313 4439
4272 1884 4083 1600 3939 1540 3184 4528 4812 3921 1451 4980 3833 4987 309 4591 1407 2084 3852 4097 465 3531 1287 2844 3029 3316 4152 3800 217 4412 2789 1386 3162 3274 3722 4464 1409 2952 694 3730 190 3031 952 1442 307 2501 3540 3514 2571 344 58 4245 2634 4751 4763 4591 982 2890 541 2216 3075 3164 2847 2214 3399 917 1421 70 4084 4206 2145 2747 3523 618 4927 2102 2848 4364 4744 3894
879 3735 1599 2972 1897 2730 2831 711 1927 496 3133 1371 1009 874 2057 4671 863 4455 4380 4253 2938 627 1511 4492 4402 4399 1232 684 1038 1277 2916 1896 4216 2223 603 1800 3884 1695 4382 1347 521 3912 4913 1710 165 881 3337 1696 1296 2605 1868 4693 1508 4763 3835 1286 740 531 3820 2533 1788 251 2715 294 1305 3465 3945 4007 2479 4685 3620 4402 479 443 3087 4545 2945 3164 1636 4125
2114 3857 1987 3701 3993 3202 1015 570 1221 1631 67 2610 2389 3906 513 3604 4492 349 3162 2985 436 766 107 3078 1331 4851 4351 163 4138 4525 3373 3691 678 1088 684 1057 3609 1344 1426 2535 122 927 4566 4095 1028 745 3104 764 1609 4358 816 2462 4066 4591 1286 3545 2124 3080 4626 4930 3811 783 957 1027 3293 673 2316 1681 4596 481 1193 176 2401 3598 2629 740 2502 1188 2279 2061
2628 518 2535 472 3866 4679 3173 3125 686 4836 4873 4266 3725 2465 2717 2002 1477 1521 466 4181 3366 4868 177 4842 3803 1131 4547 4148 2752 616 2218 4001 4258 3463 2707 4387 1863 4095 3741 4576 4273 4403 2948 2815 148 3610 4494 3697 4736 2124 2301 4735 125 982 740 2124 2191 1357 408 4502 4285 2611 3003 2759 3361 32 658 3786 3391 3781 1239 4211 2225 2600 1270 675 541 2169 551 182
2572 802 4850 2442 324 1112 4714 2031 3682 1671 3036 1525 3945 2594 4585 2630 3097 2670 874 2807 3861 1473 424 236 2838 4049 3336 4401 2070 361 3185 3685 4288 4434 752 248 4424 3157 1308 4216 3098 1977 2024 4190 24 1844 3611 3370 281 4880 3940 4488 1425 2890 531 3080 1357 93 3912 1068 2088 430 4359 3655 128 3843 2134 4896 1938 3184 4745 3828 2764 1318 926 128 2395 1202 4505 1668
1329 831 3522 4147 2945 1867 2229 1747 43 663 3281 445 2606 2192 1097 3506 423 3811 2248 4305 4186 582 3463 2014 870 4140 1807 3213 3062 1696 2088 4485 3067 4684 2599 4594 3652 3750 879 4016 3722 2957 3686 4763 4450 515 2451 1225 4675 2677 589 2773 2010 541 3820 4626 408 3912 2908 367 428 232 3829 4431 4838 838 1134 3891 1947 3861 1234 2888 3880 1015 2803 1664 1170 3505 1027 508
3684 1624 101 4706 2772 839 3903 1086 4847 1461 4777 14 1655 2798 4542 351 2399 1682 2469 1867 3211 1769 1927 2352 4364 3555 3795 4167 3892 3512 2829 3582 1248 4549 4718 2576 2289 2414 3763 3757 4793 4761 1003 941 1399 3179 2321 3022 4883 4450 1451 3203 3134 2216 2533 4930 4502 1068 367 821 2775 4086 3018 4077 480 2767 3774 1950 1670 64 3541 1694 4593 4283 4234 4856 4996 4671 536 1211
787 310 4261 4770 3809 1490 4270 745 2203 4202 2463 225 2933 179 4111 1129 4400 4239 367 2413 1750 1972 2839 1686 898 474 2993 4077 857 406 334 3289 2763 1761 494 3966 2822 1397 3726 2698 3982 2600 3510 4906 2545 3141 1599 2378 3848 567 2657 4938 3719 3075 1788 3811 4285 2088 428 2775 260 4442 734 1173 3915 572 1718 1752 4995 2836 3318 411 151 3856 2512 2727 14 1548 3676 3668
3554 4378 2801 889 2756 1769 1436 388 4867 692 3681 2569 3732 1458 2836 4630 2620 925 4945 2148 1547 4993 908 3217 2187 980 1412 2490 1217 3714 1613 3393 2775 1660 4557 2290 1947 1409 1994 2024 2278 2213 4752 4724 1371 744 3863 3855 279 4696 3231 3347 772 3164 251 783 2611 430 232 4086 4442 255 4967 4799 2557 2329 3239 1428 2611 540 4569 3695 2218 1400 523 3845 2793 1536 4031 2704
1305 3169 1963 4121 2207 2604 2519 492 4322 3512 1994 1757 1660 2721 3107 4193 780 4367 2157 853 1247 1152 3605 3109 3305 1086 239 666 3167 4914 4779 4692 260 1119 3391 3724 834 1844 1457 1286 2187 3777 4794 2928 1842 2122 3551 971 3233 943 2124 4228 1164 2847 2715 957 3003 4359 3829 3018 734 4967 3678 4429 4886 34 2755 1853 4978 4068 559 2098 1822 4006 3988 887 2096 4809 4698 648
3832 1884 4910 4087 2748 3252 3314 4424 4383 3319 4004 1598 2910 2945 681 944 2887 2071 2468 210 3105 2207 239 2318 1192 1386 3615 4877 2763 3043 4056 3441 2458 2581 2525 1438 3170 2959 4319 4041 1292 3679 2222 2672 4168 4521 2396 3936 3370 3921 4082 480 278 2214 294 1027 2759 3655 4431 4077 1173 4799 4429 28 1337 3990 1729 609 1964 2613 1890 79 3295 4669 4494 3321 457 1672 1974 3736
509 2545 2449 1253 1854 109 3815 1193 3687 3080 1230 302 4987 2010 1909 4345 86 511 1334 4882 4704 313 884 2301 3996 1724 2184 1197 2988 24 35 57 4879 1363 1459 4116 2693 4359 2046 4207 2972 3142 3140 301 4756 2058 1367 2639 2493 4625 897 1281 2743 3399 1305 3293 3361 128 4838 480 3915 2557 4886 1337 4754 342 644 2099 2482 4804 2966 166 3536 2860 1220 4295 2783 2186 3869 4345
104 932 1850 3152 4854 3209 2751 1396 2674 1296 775 4519 3785 231 419 210 4153 3335 2630 3822 3095 170 492 3466 2957 281 1357 2358 4796 263 1274 790 865 2500 2012 1325 2995 2659 3843 175 3192 1948 2228 264 2553 2526 2959 440 415 4115 3456 2245 3147 917 3465 673 32 3843 838 2767 572 2329 34 3990 342 1897 4117 2149 2322 4187 2707 2691 4892 557 1326 4559 2680 4556 1082 2923
2483 284 580 2332 349 2138 1339 769 2914 24 1488 4840 1667 4361 3766 892 203 182 971 385 2281 4795 1533 3271 1112 1399 722 3259 1047 178 2711 1777 3547 4806 3278 2239 4902 2227 4843 362 1416 4097 4791 861 1363 2774 2965 3898 2044 1324 4631 3573 4137 1421 3945 2316 658 2134 1134 3774 1718 3239 2755 1729 644 4117 1522 3996 1209 762 2504 129 2177 4067 2076 4345 3903 3731 3499 1878
184 3518 4060 4011 1684 4890 2651 2394 2670 520 699 1385 2737 2583 1672 3172 3713 4624 4049 2182 1917 1084 1606 3019 862 4513 1560 2825 2817 3372 767 1436 2989 1982 476 657 1326 1030 4057 2719 3727 3190 3579 4641 1939 2785 4560 3915 2247 1576 4631 1944 1392 70 4007 1681 3786 4896 3891 1950 1752 1428 1853 609 2099 2149 3996 248 4975 3954 2546 2045 3269 2082 4292 3691 3672 480 599 1545
4199 4076 2748 3739 2054 500 4165 350 3044 4452 1365 678 233 587 3947 3565 2167 4696 1238 3514 1333 1657 1584 801 752 2346 3198 1990 4707 3293 91 1413 4179 4734 2597 1000 43 366 2405 681 4147 1895 3429 2645 1268 1679 740 310 2137 92 1300 3771 3859 4084 2479 4596 3391 1938 1947 1670 4995 2611 4978 1964 2482 2322 1209 4975 2495 4081 4742 4066 1813 691 4198 3026 38 4256 388 1376
254 4208 2534 3049 2590 558 2552 667 4394 696 2153 3836 764 1542 1535 3888 4414 805 681 4449 82 3376 2206 2221 3417 2119 3085 125 1110 1803 1639 2424 1876 1823 903 2079 3882 2707 16 2499 1879 4147 3842 4596 3251 2016 4915 3700 2880 4699 1192 1055 2930 4206 4685 481 3781 3184 3861 64 2836 540 4068 2613 4804 4187 762 3954 4081 1760 2210 3908 2100 104 3076 3349 2387 3080 2200 1833
315 1929 566 3538 2173 4306 1850 417 4921 1680 3478 3559 1068 2293 4266 4231 3687 3206 4113 4888 1964 1294 4955 1854 4436 2475 1243 4553 275 1651 3401 3763 3141 4127 2472 3755 3008 4428 666 2990 2486 35 2870 2843 717 3894 1829 329 2864 2572 4110 1041 4518 2145 3620 1193 1239 4745 1234 3541 3318 4569 559 1890 2966 2707 2504 2546 4742 2210 4697 3198 1641 3901 200 2058 4642 2605 2628 2290
1406 1126 2771 3482 4703 1283 1344 2665 4893 2557 3389 1088 4411 995 1693 2125 627 300 1281 1385 661 4681 1283 4606 424 185 3866 520 3759 3763 1750 493 2417 4014 1551 1963 359 1503 2294 2647 4841 3287 4846 3323 135 4923 4353 1604 2645 2510 1301 4578 255 2747 4402 176 4211 3828 2888 1694 411 3695 2098 79 166 2691 129 2045 4066 3908 3198 4464 75 1382 3674 3397 4634 237 2676 2388
4730 3681 1762 3422 2079 4931 4936 4257 1326 4641 1462 2233 1909 3354 1889 4229 1210 2263 3113 2938 699 1944 603 826 4932 4664 2011 794 3667 4163 2212 351 2760 2933 4638 2235 1505 3506 859 3132 4880 4685 1511 1079 4159 3590 1409 693 2419 2316 4082 569 1912 3523 479 2401 2225 2764 3880 4593 151 2218 1822 3295 3536 4892 2177 3269 1813 2100 1641 75 4950 3326 4263 1246 3632 1342 4453 1579
3499 1658 636 1819 4781 4459 2244 499 3123 1464 138 3090 2444 4890 2437 4558 1512 2660 1839 4785 4847 4202 3649 893 1390 4371 3629 2754 1933 1151 1491 2934 708 2923 2273 2715 1841 1683 3094 4772 712 52 1445 1795 3078 1672 2611 2900 3863 1667 1453 2138 3438 618 443 3598 2600 1318 1015 4283 3856 1400 4006 4669 2860 557 4067 2082 691 104 3901 1382 3326 2316 1235 4417 2023 2270 4021 1637
1204 1546 2682 227 4557 2336 3165 3048 4070 1847 2539 2884 4059 2052 410 881 3457 3997 4537 4092 1318 4566 1777 1512 1188 3960 554 1608 674 931 2524 3977 1911 4682 2851 1948 1973 4385 4834 1566 368 4857 4089 1829 3160 4716 4340 4589 4038 2651 408 2648 372 4927 3087 2629 1270 926 2803 4234 2512 523 3988 4494 1220 1326 2076 4292 4198 3076 200 3674 4263 1235 252 819 1262 3487 4209 86
510 3201 1727 543 3437 2606 1431 2272 3796 625 614 92 3075 2239 1227 2720 2566 2110 3864 2761 2775 3580 3958 1672 4412 1867 88 4438 4727 1877 2973 1066 2806 2537 2996 117 930 3855 4285 3095 1701 567 3707 4322 3260 3624 1884 3670 509 2599 496 830 1031 2102 4545 740 675 128 1664 4856 2727 3845 887 3321 4295 4559 4345 3691 3026 3349 2058 3397 1246 4417 819 3705 3827 4605 1983 1122
4503 2203 1980 3038 1274 3856 2026 2016 2966 4597 1809 1973 686 834 1125 4933 2577 602 3665 638 2158 1644 2250 214 198 4692 2273 4132 4137 2826 551 1686 2807 4055 1789 3001 2090 568 1441 616 711 3107 4556 2847 1870 4590 2416 4546 4886 1455 3835 826 4373 2848 2945 2502 541 2395 1170 4996 14 2793 2096 457 2783 2680 3903 3672 38 2387 4642 4634 3632 2023 1262 3827 2719 292 4138 4455
4567 3700 611 2481 3773 4170 574 2895 2412 2025 4112 958 898 3947 3849 238 956 3924 3247 710 2579 105 3331 2650 4351 2403 2486 3561 882 4845 4259 579 2742 3470 1410 3163 666 1426 1437 4927 2003 4819 194 50 2941 2559 4139 1622 3525 4787 1914 711 3728 4364 3164 1188 2169 1202 3505 4671 1548 1536 4809 1672 2186 4556 3731 480 4256 3080 2605 237 1342 2270 3487 4605 292 3700 520 4308
484 841 4505 543 3311 1132 2049 589 3810 4598 459 942 1035 182 2432 597 2360 2447 1570 1155 3437 2542 3969 230 184 3064 2276 659 838 68 2911 4984 2209 3042 4059 345 2890 4375 2069 169 3903 3283 2212 1829 3891 4276 2976 4931 2583 3196 2486 4248 2313 4744 1636 2279 551 4505 1027 536 3676 4031 4698 1974 3869 1082 3499 599 388 2200 2628 2676 4453 4021 4209 1983 4138 520 1145 705
4576 2013 845 3549 3389 4828 1683 4063 113 3769 3888 3262 4018 3165 688 2298 1106 296 4456 937 2246 1646 1335 2938 1057 4066 3318 1115 1627 797 4637 3074 2094 3926 1358 79 3849 2891 3738 4865 4451 3794 2829 2281 574 3406 629 2764 2902 4920 2419 4467 4439 3894 4125 2061 182 1668 508 1211 3668 2704 648 3736 4345 2923 1878 1545 1376 1833 2290 2388 1579 1637 86 1122 4455 4308 705 4419
