N: 80
M: 20
Symmetric: true
Triangle: false
4 63 34 53 79
3 19 70 61
4 42 52 50 74
7 69 16 14 18 24 75 2
5 71 47 13 38 56
6 44 23 33 9 5 66
3 72 1 3
4 77 55 26 78
2 6 4
2 12 46
3 65 32 59
3 25 58 8
2 39 60
7 64 51 7 41 10 22 49
7 15 54 36 40 30 73 17
6 28 57 21 62 76 37
1 45
5 43 35 68 27 29
4 80 20 48 67
2 11 31
4342 3869 584 626 3289 4321 3226 3383 549 872 1468 4078 4482 3599 4310 2880 4660 3156 4125 2589 4737 662 3437 1873 1743 1500 1451 4764 1126 829 2933 3966 344 558 764 1485 880 2618 1300 3394 1016 2852 4704 3903 3969 2560 2853 447 4519 2680 2272 1905 581 532 3156 3093 691 3915 1863 2380 2166 476 2741 4954 4408 2202 4634 1606 395 4691 3007 128 2343 622 3074 2927 3129 877 733 1303
3869 2967 4442 1926 3860 2924 4590 3396 919 1947 1539 4122 3300 1265 2712 3554 3762 2300 1512 3276 3738 1049 3851 3478 3752 424 2223 1693 1286 3037 4309 1024 3947 4032 4621 2470 2799 2988 4533 858 4670 1668 1487 1033 936 2006 4815 1312 1505 4601 1093 4341 2254 943 770 26 4412 2579 4182 2966 182 4469 3886 1415 2050 961 2893 1595 4139 2263 2642 3976 3233 4816 3265 3243 2937 3020 2694 861
584 4442 4910 4379 1990 95 1584 3381 1889 3065 3558 1050 2304 1129 4540 1569 4078 3919 4091 1779 3964 2676 347 337 4610 3357 480 3192 1297 2129 3235 3545 3242 1080 3908 32 616 4514 3790 320 957 35 3745 1254 1203 309 1935 1046 4855 3592 40 1021 3906 1028 4161 1777 3753 1571 4646 2152 2561 1679 4812 4498 914 4457 3883 2488 2254 2182 4936 1159 2945 4599 1128 4334 2112 950 212 4427
626 1926 4379 949 4408 4623 2043 708 2954 220 1223 879 4401 3167 1955 4960 469 633 2024 1495 3150 2400 3711 95 2896 4313 294 852 1839 1763 4142 4675 2805 1029 1370 312 2736 3746 944 1476 4143 2949 571 4617 3493 1457 2531 2229 321 483 3709 1487 4283 2954 2502 717 4641 3421 516 4659 1075 2053 304 3865 1601 2818 4633 3570 238 2684 929 1634 3698 3195 2642 2979 3755 2528 1319 522
3289 3860 1990 4408 3808 1080 3946 919 2204 785 218 2062 35 910 1604 916 1296 2139 2761 1375 4298 1216 1739 290 4137 2684 553 1055 352 758 3142 4312 4387 1457 2087 817 3065 4001 4758 1965 3626 1315 4465 197 4524 1152 935 2499 1341 316 564 456 4574 613 4400 3537 1118 2099 3562 3555 3800 4354 4126 2633 1279 4810 1494 4579 2309 3645 256 3126 20 114 1816 1330 4894 1249 1714 3040
4321 2924 95 4623 1080 3234 3371 3621 1622 886 2973 373 4594 883 2777 3059 3017 4527 3136 2918 4255 3502 4212 565 1451 4418 2309 1974 147 2658 3379 2982 3158 83 1001 741 4377 4815 3462 2645 1311 1159 3027 4331 3336 2596 3755 1334 1898 2894 2905 734 2866 3970 2561 2103 4523 2200 709 4424 3981 2486 2112 4990 2905 4097 1311 4309 3523 2125 1791 876 4727 4774 4919 3486 4700 3388 2217 1278
3226 4590 1584 2043 3946 3371 4758 3324 4736 4169 2349 3390 3162 4937 898 3749 4179 2020 4276 1831 4590 79 2237 4128 24 381 4612 1381 2870 1894 3837 2610 2443 845 370 2237 4590 3624 4622 2734 1790 3239 592 2610 312 1225 3224 1656 4035 2739 1307 2323 1342 2254 4930 2699 3763 2574 4670 3136 2800 3477 2579 1281 4384 4204 4608 4605 3325 1131 2827 222 3589 3301 1182 4558 1335 712 2937 692
3383 3396 3381 708 919 3621 3324 243 3160 2304 1953 1535 2745 2472 4812 4756 4241 2372 369 2380 1110 3997 2198 2360 4776 1871 3986 4850 1071 736 2187 4238 3721 2997 840 2972 1391 1165 1997 2207 2382 1394 3935 192 2593 2226 2273 2929 4532 1403 1048 3104 1436 3490 3427 1876 364 1793 247 4631 1793 4275 1115 4453 1300 3021 847 519 4990 2806 4499 1896 2654 4868 1507 684 3170 33 4965 2979
549 919 1889 2954 2204 1622 4736 3160 2508 493 1566 1101 2457 4969 1925 3770 3251 2339 1222 76 346 2100 2904 4919 3284 1301 2626 2199 1926 3218 2398 2303 4210 2650 3686 3135 3696 1937 4482 1811 924 4506 2116 3239 1745 4648 4355 2070 947 1356 2803 4712 2326 2946 1457 671 3312 1875 1107 3275 4022 3429 3838 4272 3265 2934 3855 4740 3263 2854 4850 4146 2436 2411 1373 3312 3392 4029 2745 3851
872 1947 3065 220 785 886 4169 2304 493 3415 3415 1236 31 1114 1413 299 2553 4050 2136 2179 4504 2181 1887 2454 1030 4698 668 3228 808 3047 3339 4689 371 2281 2152 4462 2711 3780 965 2775 4939 2395 4332 493 1637 467 2976 3306 1102 3592 1375 1396 1279 4477 2521 1442 752 2688 449 1893 887 4165 1950 3718 3731 1827 3030 3886 3447 4633 3431 3429 2708 418 1739 4137 4012 2130 3039 369
1468 1539 3558 1223 218 2973 2349 1953 1566 3415 2738 2345 3983 3952 3613 3162 2399 280 1812 3379 250 548 4316 2223 1629 3082 1501 1996 3338 794 4950 936 24 2767 4038 3631 911 1366 3038 4345 3699 1317 2880 2699 2227 4104 4141 3826 3027 2661 2574 673 1703 4408 4757 1533 3272 4073 4549 2763 1085 2275 118 1412 3195 1804 44 4488 364 312 772 4087 3533 833 4033 4872 2591 1661 3347 3687
4078 4122 1050 879 2062 373 3390 1535 1101 1236 2345 3928 3345 3426 2524 3842 3177 2941 115 3723 2074 4785 4663 4052 3786 2093 2978 2146 4232 3820 2103 685 1102 559 1205 2145 1919 3898 3616 1244 1510 4959 3582 3170 4935 4163 4685 2018 2556 892 4828 2283 4203 2432 263 3755 741 4816 1933 3184 2901 1994 3082 2104 873 1601 2386 4658 2134 2836 606 2474 1438 4854 2246 3924 3988 4362 2322 1506
4482 3300 2304 4401 35 4594 3162 2745 2457 31 3983 3345 429 4928 4288 783 2471 4789 1577 1738 1150 3832 4866 4485 2661 3486 3210 2954 649 4719 189 397 1991 2807 1880 2856 3987 714 2286 1463 2969 3423 2824 4242 88 243 1115 4007 2964 4399 4141 3295 2300 4386 1329 3509 3214 3673 1365 2089 481 2920 2299 4377 2868 1242 2088 4164 2721 4680 2414 1867 4547 1331 4787 448 4296 4401 3464 1723
3599 1265 1129 3167 910 883 4937 2472 4969 1114 3952 3426 4928 370 3727 1215 2348 868 3359 1156 4408 292 3219 1642 4778 246 4542 1996 1935 2059 4959 4843 3328 3765 4778 1763 4272 1502 1442 4880 3061 4131 1806 4759 2562 1062 132 665 3821 4396 2929 274 427 4876 11 1115 1933 4810 1147 10 42 4322 3258 1037 3578 1102 1652 2570 777 4480 80 847 2702 3573 1418 177 4648 893 2049 1057
4310 2712 4540 1955 1604 2777 898 4812 1925 1413 3613 2524 4288 3727 2492 3229 3898 433 1696 4026 4348 4190 4867 4085 4211 1210 4180 2806 3027 3358 1677 992 1492 1331 1492 4864 3415 37 2640 3820 2295 1322 269 215 153 1937 4066 2084 3623 4627 2171 4148 3697 3126 185 3733 4552 3297 1847 1748 2360 3376 4734 3688 1159 4290 822 1345 574 3973 2539 1721 2838 1112 365 4053 73 2182 2795 4329
2880 3554 1569 4960 916 3059 3749 4756 3770 299 3162 3842 783 1215 3229 2112 1589 4071 2462 1742 2907 2140 3509 4061 1183 3321 12 4266 1649 3104 397 4212 636 4536 3473 3717 498 92 955 916 4250 4108 1847 3885 3927 3505 4886 1913 1207 1907 4288 2250 2409 1867 1903 4021 3386 2540 4295 3143 2743 4810 2304 2001 2910 4725 3809 1352 2321 1184 2176 3029 3249 1047 725 2895 75 4138 1723 1874
4660 3762 4078 469 1296 3017 4179 4241 3251 2553 2399 3177 2471 2348 3898 1589 519 1358 186 1544 2495 4209 3666 4046 4945 4449 4943 309 2791 3465 672 3545 2294 3102 2566 1639 2243 809 487 2678 1844 3332 3594 1508 737 2640 1270 1196 2747 218 1702 2097 3372 1881 649 4432 4692 4285 876 3542 1689 1045 2117 4498 3385 328 4485 2717 4160 3199 2618 1017 1953 226 1935 313 2356 4958 574 3890
3156 2300 3919 633 2139 4527 2020 2372 2339 4050 280 2941 4789 868 433 4071 1358 4615 3362 4062 1948 4915 4172 3208 1888 4977 4959 2732 2496 1665 1992 4351 2205 3877 3987 3702 2453 1856 3390 4747 4175 4162 629 1720 3980 2953 2959 2952 3256 3843 1935 2113 4767 3658 3013 4255 1713 4756 4107 4284 2782 3014 3887 858 2240 2510 1451 3355 2444 2347 3010 1538 736 1600 1037 3629 2022 4468 389 3759
4125 1512 4091 2024 2761 3136 4276 369 1222 2136 1812 115 1577 3359 1696 2462 186 3362 3546 3940 1661 4167 3239 152 1073 4964 2932 339 3835 4597 235 1350 4173 829 1198 3807 4575 3721 1743 1027 4845 4409 2904 4949 2984 3650 4280 582 3943 3875 1797 4229 3907 4740 527 4858 1934 2734 1487 3151 3016 2267 382 3949 3250 836 16 4594 3415 920 1933 4981 4881 3376 1025 2297 4454 1245 2511 125
2589 3276 1779 1495 1375 2918 1831 2380 76 2179 3379 3723 1738 1156 4026 1742 1544 4062 3940 1765 261 3022 2816 287 4430 4766 4074 2428 362 2509 4856 2709 4182 2065 1713 2157 607 2633 1068 3480 2825 3980 87 1041 4708 912 2856 4200 2037 2030 2328 1765 736 460 581 1586 737 1389 3051 2417 252 4180 1962 287 4633 672 3200 436 1116 2533 1334 4822 2721 2892 4316 4376 3123 4716 3400 2790
4737 3738 3964 3150 4298 4255 4590 1110 346 4504 250 2074 1150 4408 4348 2907 2495 1948 1661 261 3484 4761 4941 4122 4543 363 4628 106 2492 4482 3125 2006 3267 3589 1081 709 4944 1219 928 1741 4068 4457 3208 1200 1390 4735 4771 1432 1366 4702 1056 4760 2104 4097 4050 3531 2409 4260 713 2615 2771 333 3932 1237 4269 2639 1070 4053 184 3837 2672 1232 2494 3708 3943 2045 295 2572 4381 3926
662 1049 2676 2400 1216 3502 79 3997 2100 2181 548 4785 3832 292 4190 2140 4209 4915 4167 3022 4761 87 989 1592 3240 2900 2984 1692 969 1161 4819 3609 3414 2688 4172 3281 1237 2887 4436 2815 4581 387 2626 1864 267 3880 1862 2961 2396 1398 909 1587 356 2150 1980 2803 430 4049 1117 3257 1100 2942 1290 503 3947 567 3666 4427 1560 4939 4332 4814 796 878 309 4755 3617 2851 861 2582
3437 3851 347 3711 1739 4212 2237 2198 2904 1887 4316 4663 4866 3219 4867 3509 3666 4172 3239 2816 4941 989 2958 4928 61 1930 3010 4747 2786 225 3439 1380 1974 2505 2974 3614 4468 2338 4775 2307 2954 1648 913 3449 2266 3635 329 2142 2889 2688 2989 4915 3287 1572 1639 1956 2147 677 3889 1115 2616 358 654 3807 4613 4768 2860 4865 233 951 539 1581 2089 4662 4229 2626 356 2728 1752 4486
1873 3478 337 95 290 565 4128 2360 4919 2454 2223 4052 4485 1642 4085 4061 4046 3208 152 287 4122 1592 4928 4064 3775 4544 3350 2249 4782 1084 4395 1626 2106 4292 2411 1711 1552 4438 1129 2007 1039 3100 574 4240 3773 868 1034 4455 4249 3425 2701 4559 3352 792 1961 772 4285 919 2182 831 3334 2551 2095 4979 791 205 3907 4441 842 2016 4432 4065 4997 4066 379 1024 4947 4395 2006 1101
1743 3752 4610 2896 4137 1451 24 4776 3284 1030 1629 3786 2661 4778 4211 1183 4945 1888 1073 4430 4543 3240 61 3775 806 894 4385 3713 3619 4859 2621 1072 1681 2607 976 4338 2015 1540 349 2471 3087 4691 3352 491 2917 60 120 3859 1265 912 3611 3511 89 4126 1486 4540 4553 1262 951 4224 638 2741 3656 2852 1741 3702 4671 1596 3750 1168 4158 430 1838 2676 4420 1548 763 4386 670 3317
1500 424 3357 4313 2684 4418 381 1871 1301 4698 3082 2093 3486 246 1210 3321 4449 4977 4964 4766 363 2900 1930 4544 894 3333 2490 4813 986 2653 3046 4147 3778 278 3756 1347 2327 2303 1847 535 2740 3148 2328 3350 381 4265 4985 3838 2240 3397 3186 3965 4964 1827 4552 1766 3929 1170 297 4280 1945 3086 3096 1903 3386 2738 356 1339 3605 1151 2150 4008 3557 2106 4069 3770 867 4659 913 4347
1451 2223 480 294 553 2309 4612 3986 2626 668 1501 2978 3210 4542 4180 12 4943 4959 2932 4074 4628 2984 3010 3350 4385 2490 2582 4737 3525 1462 3447 1568 4389 1924 1680 1237 3638 4682 2708 4887 4320 170 467 2970 4968 2420 3633 1567 2049 3515 3231 1053 2260 4478 1444 1044 1586 1892 916 1835 2404 663 2910 284 2648 4330 2836 1778 653 669 2682 1949 2300 1847 68 602 4471 203 4815 581
4764 1693 3192 852 1055 1974 1381 4850 2199 3228 1996 2146 2954 1996 2806 4266 309 2732 339 2428 106 1692 4747 2249 3713 4813 4737 3811 4925 4062 972 3035 1054 124 3773 2027 4843 3802 103 4378 526 3585 4681 598 4780 3544 1756 1263 1832 765 2257 2283 3978 1019 4427 1611 3731 1835 561 4157 2108 2068 1561 2093 3716 1260 1199 634 859 4596 1009 2442 3883 1313 3732 1058 4036 3187 4286 2942
1126 1286 1297 1839 352 147 2870 1071 1926 808 3338 4232 649 1935 3027 1649 2791 2496 3835 362 2492 969 2786 4782 3619 986 3525 4925 177 3061 893 1271 575 3495 4283 2121 2350 4829 2616 911 1963 1031 2632 3556 3811 120 811 1978 2041 3571 4877 1226 1874 1011 2433 2790 873 4778 554 998 3008 920 450 535 1037 2118 1256 2136 60 3856 243 4813 3150 4706 1549 4371 3925 3176 3794 3029
829 3037 2129 1763 758 2658 1894 736 3218 3047 794 3820 4719 2059 3358 3104 3465 1665 4597 2509 4482 1161 225 1084 4859 2653 1462 4062 3061 2995 2359 3138 1227 2778 3687 2775 1652 4559 1517 4332 1470 3445 1499 540 1392 2426 3024 2765 4356 3753 4443 719 2625 1158 844 983 351 4170 879 2325 1084 2692 1086 2845 4922 3871 1314 1238 3633 3909 2558 3230 3597 1774 3446 2373 812 3978 506 4616
2933 4309 3235 4142 3142 3379 3837 2187 2398 3339 4950 2103 189 4959 1677 397 672 1992 235 4856 3125 4819 3439 4395 2621 3046 3447 972 893 2359 1008 3626 4211 471 3612 4160 1402 2995 3997 2701 1766 1005 3714 2932 2344 1008 582 4578 895 4440 2547 1926 3175 606 4099 2341 4097 683 4987 2247 3019 825 3321 3870 310 355 3426 3558 1272 2872 4765 4615 691 2988 2579 2029 3163 4312 4378 2795
3966 1024 3545 4675 4312 2982 2610 4238 2303 4689 936 685 397 4843 992 4212 3545 4351 1350 2709 2006 3609 1380 1626 1072 4147 1568 3035 1271 3138 3626 3517 1512 2694 4893 4769 354 2744 4911 4619 4517 4119 4943 2079 2381 2904 850 4613 223 1827 1617 1283 3901 963 4092 2441 3382 78 1414 3218 3792 4440 1254 4717 573 2568 4754 2512 2990 4261 1998 4981 4408 4686 3807 146 637 86 3462 455
344 3947 3242 2805 4387 3158 2443 3721 4210 371 24 1102 1991 3328 1492 636 2294 2205 4173 4182 3267 3414 1974 2106 1681 3778 4389 1054 575 1227 4211 1512 2611 3130 514 2747 1981 4718 59 3096 1701 3215 4342 244 3705 1596 3740 4916 1105 742 1775 3369 4220 959 1628 238 2491 4420 2640 651 2656 699 378 788 1725 3194 3846 4557 3853 2913 2773 3191 1660 3005 1194 2079 4886 67 472 735
558 4032 1080 1029 1457 83 845 2997 2650 2281 2767 559 2807 3765 1331 4536 3102 3877 829 2065 3589 2688 2505 4292 2607 278 1924 124 3495 2778 471 2694 3130 2011 1878 2130 4295 4089 2419 2753 3544 186 4495 566 3038 2876 3024 3092 3169 1124 2839 4779 2303 4336 1160 4019 1351 1136 184 4674 3139 81 1282 2636 559 2811 1142 2816 4171 4015 3835 4598 913 1920 510 3602 2626 1775 4749 4287
764 4621 3908 1370 2087 1001 370 840 3686 2152 4038 1205 1880 4778 1492 3473 2566 3987 1198 1713 1081 4172 2974 2411 976 3756 1680 3773 4283 3687 3612 4893 514 1878 4228 3223 681 4940 4587 761 668 891 313 956 3300 414 57 1527 1024 761 1178 3464 3845 3955 3825 1265 2933 4207 767 500 4633 3962 269 1677 1192 4415 4673 4276 2903 3095 4027 2678 1419 4332 4986 2033 2006 4564 4292 2844
1485 2470 32 312 817 741 2237 2972 3135 4462 3631 2145 2856 1763 4864 3717 1639 3702 3807 2157 709 3281 3614 1711 4338 1347 1237 2027 2121 2775 4160 4769 2747 2130 3223 283 364 2281 2551 1189 815 2351 839 1527 515 4045 4572 2661 1298 3605 1713 4232 49 3065 668 1188 624 4861 711 4094 26 2318 4357 4789 525 984 928 3795 1741 2764 1167 2819 1783 3684 4557 1531 4710 2014 309 728
880 2799 616 2736 3065 4377 4590 1391 3696 2711 911 1919 3987 4272 3415 498 2243 2453 4575 607 4944 1237 4468 1552 2015 2327 3638 4843 2350 1652 1402 354 1981 4295 681 364 300 2653 3960 4913 4821 4639 4449 2298 3830 4695 1192 4987 4141 1446 4754 3379 3719 292 4305 4777 2827 2086 73 2683 3342 4118 1526 2923 1677 3665 855 1628 4776 4027 1993 4105 2810 2591 1272 3869 1457 3215 1092 4429
2618 2988 4514 3746 4001 4815 3624 1165 1937 3780 1366 3898 714 1502 37 92 809 1856 3721 2633 1219 2887 2338 4438 1540 2303 4682 3802 4829 4559 2995 2744 4718 4089 4940 2281 2653 552 2747 3940 3925 1063 4436 250 152 4460 3564 1944 1910 4143 4329 4123 3990 502 300 2884 4235 2280 2264 4390 509 4175 4922 1038 3771 4222 4145 3477 3260 3256 1499 1280 3873 892 1541 1019 3737 2036 4571 774
1300 4533 3790 944 4758 3462 4622 1997 4482 965 3038 3616 2286 1442 2640 955 487 3390 1743 1068 928 4436 4775 1129 349 1847 2708 103 2616 1517 3997 4911 59 2419 4587 2551 3960 2747 1973 3177 34 3567 1428 540 3485 4417 1840 1614 2907 1940 453 2920 2478 2595 550 2390 49 1097 2619 1006 1057 3730 1023 4970 1057 2096 1893 1982 2639 1889 4830 983 792 2635 4473 3143 1925 4362 4325 3892
3394 858 320 1476 1965 2645 2734 2207 1811 2775 4345 1244 1463 4880 3820 916 2678 4747 1027 3480 1741 2815 2307 2007 2471 535 4887 4378 911 4332 2701 4619 3096 2753 761 1189 4913 3940 3177 1412 2864 2842 1652 989 2000 608 2503 4611 4419 901 1488 1995 344 3759 222 1098 196 434 1358 1518 4719 4991 1444 310 24 4640 2994 3393 1334 63 879 1501 1052 986 1814 4154 3191 4390 3252 3185
1016 4670 957 4143 3626 1311 1790 2382 924 4939 3699 1510 2969 3061 2295 4250 1844 4175 4845 2825 4068 4581 2954 1039 3087 2740 4320 526 1963 1470 1766 4517 1701 3544 668 815 4821 3925 34 2864 4925 1198 752 194 760 4007 716 4196 3566 4864 2845 105 3332 818 1979 4157 837 1770 1749 2491 1825 675 4177 1984 4087 4075 593 1469 3158 3839 3981 2780 3935 3583 3795 1606 2645 2026 3914 3856
2852 1668 35 2949 1315 1159 3239 1394 4506 2395 1317 4959 3423 4131 1322 4108 3332 4162 4409 3980 4457 387 1648 3100 4691 3148 170 3585 1031 3445 1005 4119 3215 186 891 2351 4639 1063 3567 2842 1198 2859 2847 3298 1167 1552 1097 1096 3531 1793 1197 4658 575 4760 198 909 2441 3820 2060 1974 4937 4020 2925 2160 1665 856 1654 886 1964 4049 4560 4745 1849 2751 3647 1813 831 2574 1329 2122
4704 1487 3745 571 4465 3027 592 3935 2116 4332 2880 3582 2824 1806 269 1847 3594 629 2904 87 3208 2626 913 574 3352 2328 467 4681 2632 1499 3714 4943 4342 4495 313 839 4449 4436 1428 1652 752 2847 2379 3451 3243 4429 480 3100 3011 1502 4857 997 579 1152 4351 3534 1314 447 2332 4841 1169 1915 944 1293 1460 847 1620 4039 3935 4908 3714 459 4897 2147 4231 2844 4169 2452 4397 2465
3903 1033 1254 4617 197 4331 2610 192 3239 493 2699 3170 4242 4759 215 3885 1508 1720 4949 1041 1200 1864 3449 4240 491 3350 2970 598 3556 540 2932 2079 244 566 956 1527 2298 250 540 989 194 3298 3451 40 471 2292 4164 3674 1931 2110 3743 3117 4377 1997 2943 4891 599 3430 4138 1664 2187 2365 4225 4502 1086 4586 686 657 1224 3127 2134 2495 1854 2095 1915 4657 768 774 892 644
3969 936 1203 3493 4524 3336 312 2593 1745 1637 2227 4935 88 2562 153 3927 737 3980 2984 4708 1390 267 2266 3773 2917 381 4968 4780 3811 1392 2344 2381 3705 3038 3300 515 3830 152 3485 2000 760 1167 3243 471 208 1047 3038 2362 4500 868 4312 3297 4762 3698 1264 2932 1832 4766 122 283 3891 990 684 169 3841 2822 2542 1509 2501 2624 4183 1649 2633 3024 2326 1544 2712 4203 4418 1784
2560 2006 309 1457 1152 2596 1225 2226 4648 467 4104 4163 243 1062 1937 3505 2640 2953 3650 912 4735 3880 3635 868 60 4265 2420 3544 120 2426 1008 2904 1596 2876 414 4045 4695 4460 4417 608 4007 1552 4429 2292 1047 2099 4215 2597 4795 2220 207 1258 4979 3262 1359 1206 3780 212 416 1848 1244 3524 1585 2031 199 1126 1088 2244 4247 2947 3798 737 2872 243 4724 1010 438 2595 3149 558
2853 4815 1935 2531 935 3755 3224 2273 4355 2976 4141 4685 1115 132 4066 4886 1270 2959 4280 2856 4771 1862 329 1034 120 4985 3633 1756 811 3024 582 850 3740 3024 57 4572 1192 3564 1840 2503 716 1097 480 4164 3038 4215 895 1396 4472 4291 638 1754 1770 4916 1399 931 3722 661 2988 2627 2570 1064 3401 2267 213 2943 3811 4499 3146 1963 3266 2257 3391 704 161 80 3119 3864 1509 1116
447 1312 1046 2229 2499 1334 1656 2929 2070 3306 3826 2018 4007 665 2084 1913 1196 2952 582 4200 1432 2961 2142 4455 3859 3838 1567 1263 1978 2765 4578 4613 4916 3092 1527 2661 4987 1944 1614 4611 4196 1096 3100 3674 2362 2597 1396 3619 312 4955 2272 2020 4204 224 4830 1906 4154 2150 1753 3729 924 982 2382 3672 2166 2771 4391 1145 1577 1146 4735 4801 2178 3995 907 1713 3949 4485 2636 1949
4519 1505 4855 321 1341 1898 4035 4532 947 1102 3027 2556 2964 3821 3623 1207 2747 3256 3943 2037 1366 2396 2889 4249 1265 2240 2049 1832 2041 4356 895 223 1105 3169 1024 1298 4141 1910 2907 4419 3566 3531 3011 1931 4500 4795 4472 312 2972 3922 2056 3649 2257 1025 4937 1552 3740 3544 671 2611 4062 1291 742 3980 2145 738 3586 4113 3078 711 3889 2097 4535 2331 4693 2413 4136 4357 3743 3068
2680 4601 3592 483 316 2894 2739 1403 1356 3592 2661 892 4399 4396 4627 1907 218 3843 3875 2030 4702 1398 2688 3425 912 3397 3515 765 3571 3753 4440 1827 742 1124 761 3605 1446 4143 1940 901 4864 1793 1502 2110 868 2220 4291 4955 3922 2493 3698 3265 219 1364 4695 2753 4301 3406 3875 2460 427 2144 1747 4913 944 1121 1401 4638 2396 1419 3537 1256 213 3741 3473 3871 281 4053 141 2832
2272 1093 40 3709 564 2905 1307 1048 2803 1375 2574 4828 4141 2929 2171 4288 1702 1935 1797 2328 1056 909 2989 2701 3611 3186 3231 2257 4877 4443 2547 1617 1775 2839 1178 1713 4754 4329 453 1488 2845 1197 4857 3743 4312 207 638 2272 2056 3698 2750 3521 160 160 960 3012 2739 3517 1206 2000 4349 3118 1336 4600 1963 4639 555 1551 4192 3024 2391 3285 3053 3670 3010 4829 2335 1045 4540 280
1905 4341 1021 1487 456 734 2323 3104 4712 1396 673 2283 3295 274 4148 2250 2097 2113 4229 1765 4760 1587 4915 4559 3511 3965 1053 2283 1226 719 1926 1283 3369 4779 3464 4232 3379 4123 2920 1995 105 4658 997 3117 3297 1258 1754 2020 3649 3265 3521 4785 211 2737 2722 2813 2294 211 3545 4983 2436 2599 2660 191 1234 3989 179 797 1384 4724 3199 1686 4829 4920 1522 1760 2632 3474 3883 897
581 2254 3906 4283 4574 2866 1342 1436 2326 1279 1703 4203 2300 427 3697 2409 3372 4767 3907 736 2104 356 3287 3352 89 4964 2260 3978 1874 2625 3175 3901 4220 2303 3845 49 3719 3990 2478 344 3332 575 579 4377 4762 4979 1770 4204 2257 219 160 211 2360 3611 3548 4537 1339 2927 3144 3346 1686 2039 4342 2950 2088 3747 4794 683 4621 2071 3482 118 2190 773 894 354 3893 4148 1752 4872
532 943 1028 2954 613 3970 2254 3490 2946 4477 4408 2432 4386 4876 3126 1867 1881 3658 4740 460 4097 2150 1572 792 4126 1827 4478 1019 1011 1158 606 963 959 4336 3955 3065 292 502 2595 3759 818 4760 1152 1997 3698 3262 4916 224 1025 1364 160 2737 3611 4670 308 1708 1708 2596 3808 3515 4017 3744 3272 1902 2302 347 2737 2762 2647 4404 3287 3970 1347 2394 3575 643 2381 389 653 3350
3156 770 4161 2502 4400 2561 4930 3427 1457 2521 4757 263 1329 11 185 1903 649 3013 527 581 4050 1980 1639 1961 1486 4552 1444 4427 2433 844 4099 4092 1628 1160 3825 668 4305 300 550 222 1979 198 4351 2943 1264 1359 1399 4830 4937 4695 960 2722 3548 308 218 934 1199 3620 4023 3976 3971 3530 2408 149 88 241 4552 2172 701 1566 795 3400 3693 4114 406 3101 4517 4384 171 4882
3093 26 1777 717 3537 2103 2699 1876 671 1442 1533 3755 3509 1115 3733 4021 4432 4255 4858 1586 3531 2803 1956 772 4540 1766 1044 1611 2790 983 2341 2441 238 4019 1265 1188 4777 2884 2390 1098 4157 909 3534 4891 2932 1206 931 1906 1552 2753 3012 2813 4537 1708 934 70 2054 3507 2478 4166 3508 807 1504 1831 3828 3735 56 2797 3310 3355 3226 606 3650 3108 148 4760 4975 2390 3529 2968
691 4412 3753 4641 1118 4523 3763 364 3312 752 3272 741 3214 1933 4552 3386 4692 1713 1934 737 2409 430 2147 4285 4553 3929 1586 3731 873 351 4097 3382 2491 1351 2933 624 2827 4235 49 196 837 2441 1314 599 1832 3780 3722 4154 3740 4301 2739 2294 1339 1708 1199 2054 4655 1870 4146 537 1589 2102 2873 3402 804 3988 34 2276 1459 1584 4361 1072 3228 3390 1560 3055 1767 1772 4925 4690
3915 2579 1571 3421 2099 2200 2574 1793 1875 2688 4073 4816 3673 4810 3297 2540 4285 4756 2734 1389 4260 4049 677 919 1262 1170 1892 1835 4778 4170 683 78 4420 1136 4207 4861 2086 2280 1097 434 1770 3820 447 3430 4766 212 661 2150 3544 3406 3517 211 2927 2596 3620 3507 1870 3511 2431 522 4001 4002 4777 3587 2484 406 986 4181 4660 394 2137 3444 3246 3084 617 4555 1783 1846 2861 2030
1863 4182 4646 516 3562 709 4670 247 1107 449 4549 1933 1365 1147 1847 4295 876 4107 1487 3051 713 1117 3889 2182 951 297 916 561 554 879 4987 1414 2640 184 767 711 73 2264 2619 1358 1749 2060 2332 4138 122 416 2988 1753 671 3875 1206 3545 3144 3808 4023 2478 4146 2431 4074 4308 3016 3497 3791 540 181 2674 3977 3509 1300 282 4139 4071 112 2861 2666 1080 3919 3116 4061 3856
2380 2966 2152 4659 3555 4424 3136 4631 3275 1893 2763 3184 2089 10 1748 3143 3542 4284 3151 2417 2615 3257 1115 831 4224 4280 1835 4157 998 2325 2247 3218 651 4674 500 4094 2683 4390 1006 1518 2491 1974 4841 1664 283 1848 2627 3729 2611 2460 2000 4983 3346 3515 3976 4166 537 522 4308 4863 624 3637 3071 4534 1359 3863 1994 1785 488 2363 2010 4310 3425 4977 1970 4501 1166 1519 929 2024
2166 182 2561 1075 3800 3981 2800 1793 4022 887 1085 2901 481 42 2360 2743 1689 2782 3016 252 2771 1100 2616 3334 638 1945 2404 2108 3008 1084 3019 3792 2656 3139 4633 26 3342 509 1057 4719 1825 4937 1169 2187 3891 1244 2570 924 4062 427 4349 2436 1686 4017 3971 3508 1589 4001 3016 624 4023 2769 2587 2197 3437 4915 2374 1500 1723 4221 121 1909 3703 2975 266 3105 474 1541 365 3636
476 4469 1679 2053 4354 2486 3477 4275 3429 4165 2275 1994 2920 4322 3376 4810 1045 3014 2267 4180 333 2942 358 2551 2741 3086 663 2068 920 2692 825 4440 699 81 3962 2318 4118 4175 3730 4991 675 4020 1915 2365 990 3524 1064 982 1291 2144 3118 2599 2039 3744 3530 807 2102 4002 3497 3637 2769 2976 2576 4804 4209 4438 914 2324 3807 1945 2999 4708 4853 2038 3265 4556 2916 4602 3069 808
2741 3886 4812 304 4126 2112 2579 1115 3838 1950 118 3082 2299 3258 4734 2304 2117 3887 382 1962 3932 1290 654 2095 3656 3096 2910 1561 450 1086 3321 1254 378 1282 269 4357 1526 4922 1023 1444 4177 2925 944 4225 684 1585 3401 2382 742 1747 1336 2660 4342 3272 2408 1504 2873 4777 3791 3071 2587 2576 4947 2629 1365 2166 1311 695 3001 3393 1431 3182 3216 4171 3349 4007 498 2689 2581 2303
4954 1415 4498 3865 2633 4990 1281 4453 4272 3718 1412 2104 4377 1037 3688 2001 4498 858 3949 287 1237 503 3807 4979 2852 1903 284 2093 535 2845 3870 4717 788 2636 1677 4789 2923 1038 4970 310 1984 2160 1293 4502 169 2031 2267 3672 3980 4913 4600 191 2950 1902 149 1831 3402 3587 540 4534 2197 4804 2629 4093 4251 721 1503 687 3988 984 1405 3077 53 256 102 2297 1620 3915 3872 245
4408 2050 914 1601 1279 2905 4384 1300 3265 3731 3195 873 2868 3578 1159 2910 3385 2240 3250 4633 4269 3947 4613 791 1741 3386 2648 3716 1037 4922 310 573 1725 559 1192 525 1677 3771 1057 24 4087 1665 1460 1086 3841 199 213 2166 2145 944 1963 1234 2088 2302 88 3828 804 2484 181 1359 3437 4209 1365 4251 207 1783 2466 169 1593 1907 4098 2950 1865 2319 4658 2402 3957 1590 1465 2792
2202 961 4457 2818 4810 4097 4204 3021 2934 1827 1804 1601 1242 1102 4290 4725 328 2510 836 672 2639 567 4768 205 3702 2738 4330 1260 2118 3871 355 2568 3194 2811 4415 984 3665 4222 2096 4640 4075 856 847 4586 2822 1126 2943 2771 738 1121 4639 3989 3747 347 241 3735 3988 406 2674 3863 4915 4438 2166 721 1783 84 1266 378 1040 1767 2587 2623 1483 2195 295 2386 2877 435 2136 4239
4634 2893 3883 4633 1494 1311 4608 847 3855 3030 44 2386 2088 1652 822 3809 4485 1451 16 3200 1070 3666 2860 3907 4671 356 2836 1199 1256 1314 3426 4754 3846 1142 4673 928 855 4145 1893 2994 593 1654 1620 686 2542 1088 3811 4391 3586 1401 555 179 4794 2737 4552 56 34 986 3977 1994 2374 914 1311 1503 2466 1266 2658 1332 2729 2640 1725 2617 4430 1868 4322 495 3622 2252 1837 3765
1606 1595 2488 3570 4579 4309 4605 519 4740 3886 4488 4658 4164 2570 1345 1352 2717 3355 4594 436 4053 4427 4865 4441 1596 1339 1778 634 2136 1238 3558 2512 4557 2816 4276 3795 1628 3477 1982 3393 1469 886 4039 657 1509 2244 4499 1145 4113 4638 1551 797 683 2762 2172 2797 2276 4181 3509 1785 1500 2324 695 687 169 378 1332 2606 4633 4358 3068 4374 2447 777 1018 1017 3630 4018 3735 3797
395 4139 2254 238 2309 3523 3325 4990 3263 3447 364 2134 2721 777 574 2321 4160 2444 3415 1116 184 1560 233 842 3750 3605 653 859 60 3633 1272 2990 3853 4171 2903 1741 4776 3260 2639 1334 3158 1964 3935 1224 2501 4247 3146 1577 3078 2396 4192 1384 4621 2647 701 3310 1459 4660 1300 488 1723 3807 3001 3988 1593 1040 2729 4633 396 1922 2967 2738 1314 1752 1577 249 3020 1192 4744 1204
4691 2263 2182 2684 3645 2125 1131 2806 2854 4633 312 2836 4680 4480 3973 1184 3199 2347 920 2533 3837 4939 951 2016 1168 1151 669 4596 3856 3909 2872 4261 2913 4015 3095 2764 4027 3256 1889 63 3839 4049 4908 3127 2624 2947 1963 1146 711 1419 3024 4724 2071 4404 1566 3355 1584 394 282 2363 4221 1945 3393 984 1907 1767 2640 4358 1922 4688 1906 2856 683 3988 3462 4206 1705 2525 875 1097
3007 2642 4936 929 256 1791 2827 4499 4850 3431 772 606 2414 80 2539 2176 2618 3010 1933 1334 2672 4332 539 4432 4158 2150 2682 1009 243 2558 4765 1998 2773 3835 4027 1167 1993 1499 4830 879 3981 4560 3714 2134 4183 3798 3266 4735 3889 3537 2391 3199 3482 3287 795 3226 4361 2137 4139 2010 121 2999 1431 1405 4098 2587 1725 3068 2967 1906 1140 2196 1808 1802 2532 2773 961 4642 2414 831
128 3976 1159 1634 3126 876 222 1896 4146 3429 4087 2474 1867 847 1721 3029 1017 1538 4981 4822 1232 4814 1581 4065 430 4008 1949 2442 4813 3230 4615 4981 3191 4598 2678 2819 4105 1280 983 1501 2780 4745 459 2495 1649 737 2257 4801 2097 1256 3285 1686 118 3970 3400 606 1072 3444 4071 4310 1909 4708 3182 3077 2950 2623 2617 4374 2738 2856 2196 2673 601 4576 1355 2602 1977 1430 3203 3988
2343 3233 2945 3698 20 4727 3589 2654 2436 2708 3533 1438 4547 2702 2838 3249 1953 736 4881 2721 2494 796 2089 4997 1838 3557 2300 3883 3150 3597 691 4408 1660 913 1419 1783 2810 3873 792 1052 3935 1849 4897 1854 2633 2872 3391 2178 4535 213 3053 4829 2190 1347 3693 3650 3228 3246 112 3425 3703 4853 3216 53 1865 1483 4430 2447 1314 683 1808 601 3630 2100 1112 89 3085 783 2626 410
622 4816 4599 3195 114 4774 3301 4868 2411 418 833 4854 1331 3573 1112 1047 226 1600 3376 2892 3708 878 4662 4066 2676 2106 1847 1313 4706 1774 2988 4686 3005 1920 4332 3684 2591 892 2635 986 3583 2751 2147 2095 3024 243 704 3995 2331 3741 3670 4920 773 2394 4114 3108 3390 3084 2861 4977 2975 2038 4171 256 2319 2195 1868 777 1752 3988 1802 4576 2100 1343 4873 3669 3811 2483 481 1260
3074 3265 1128 2642 1816 4919 1182 1507 1373 1739 4033 2246 4787 1418 365 725 1935 1037 1025 4316 3943 309 4229 379 4420 4069 68 3732 1549 3446 2579 3807 1194 510 4986 4557 1272 1541 4473 1814 3795 3647 4231 1915 2326 4724 161 907 4693 3473 3010 1522 894 3575 406 148 1560 617 2666 1970 266 3265 3349 102 4658 295 4322 1018 1577 3462 2532 1355 1112 4873 1244 2710 1159 1800 1562 4153
2927 3243 4334 2979 1330 3486 4558 684 3312 4137 4872 3924 448 177 4053 2895 313 3629 2297 4376 2045 4755 2626 1024 1548 3770 602 1058 4371 2373 2029 146 2079 3602 2033 1531 3869 1019 3143 4154 1606 1813 2844 4657 1544 1010 80 1713 2413 3871 4829 1760 354 643 3101 4760 3055 4555 1080 4501 3105 4556 4007 2297 2402 2386 495 1017 249 4206 2773 2602 89 3669 2710 4595 1276 2764 4467 74
3129 2937 2112 3755 4894 4700 1335 3170 3392 4012 2591 3988 4296 4648 73 75 2356 2022 4454 3123 295 3617 356 4947 763 867 4471 4036 3925 812 3163 637 4886 2626 2006 4710 1457 3737 1925 3191 2645 831 4169 768 2712 438 3119 3949 4136 281 2335 2632 3893 2381 4517 4975 1767 1783 3919 1166 474 2916 498 1620 3957 2877 3622 3630 3020 1705 961 1977 3085 3811 1159 1276 2663 3383 4050 4801
877 3020 950 2528 1249 3388 712 33 4029 2130 1661 4362 4401 893 2182 4138 4958 4468 1245 4716 2572 2851 2728 4395 4386 4659 203 3187 3176 3978 4312 86 67 1775 4564 2014 3215 2036 4362 4390 2026 2574 2452 774 4203 2595 3864 4485 4357 4053 1045 3474 4148 389 4384 2390 1772 1846 3116 1519 1541 4602 2689 3915 1590 435 2252 4018 1192 2525 4642 1430 783 2483 1800 2764 3383 2650 275 2509
733 2694 212 1319 1714 2217 2937 4965 2745 3039 3347 2322 3464 2049 2795 1723 574 389 2511 3400 4381 861 1752 2006 670 913 4815 4286 3794 506 4378 3462 472 4749 4292 309 1092 4571 4325 3252 3914 1329 4397 892 4418 3149 1509 2636 3743 141 4540 3883 1752 653 171 3529 4925 2861 4061 929 365 3069 2581 3872 1465 2136 1837 3735 4744 875 2414 3203 2626 481 1562 4467 4050 275 4526 2092
1303 861 4427 522 3040 1278 692 2979 3851 369 3687 1506 1723 1057 4329 1874 3890 3759 125 2790 3926 2582 4486 1101 3317 4347 581 2942 3029 4616 2795 455 735 4287 2844 728 4429 774 3892 3185 3856 2122 2465 644 1784 558 1116 1949 3068 2832 280 897 4872 3350 4882 2968 4690 2030 3856 2024 3636 808 2303 245 2792 4239 3765 3797 1204 1097 831 3988 410 1260 4153 74 4801 2509 2092 577
