N: 80
M: 20
Symmetric: true
Triangle: false
6 74 10 65 3 42 36
5 51 22 46 37 8
2 1 27
2 18 59
3 58 61 49
3 21 12 4
6 77 48 73 53 13 35
3 33 11 43
3 56 70 66
4 55 14 30 44
2 25 16
4 41 75 19 72
4 47 2 54 78
5 20 67 52 6 80
6 17 31 23 57 60 26
3 32 38 62
3 5 50 15
7 71 64 68 7 39 28 76
2 29 63
7 34 24 40 45 79 69 9
2580 739 1036 4847 2873 2955 4309 2155 3219 3678 663 4784 357 792 2434 178 1403 3795 2347 1455 1955 2155 2170 2953 4995 3527 2932 2361 1080 2859 3450 3916 2246 1420 32 1448 515 2299 1323 1826 2579 4240 3516 3065 4056 3088 120 3416 568 3912 16 3716 4034 2048 4372 3383 2452 4600 2590 4599 2102 219 4598 4814 532 4266 1293 3396 3575 1367 1040 2295 2154 4696 655 134 364 1790 936 2876
739 1424 360 388 4339 1201 4178 3915 2456 1814 3642 126 3699 1086 4172 1701 1378 2466 2322 2515 3598 2173 2324 2475 1440 1553 3922 4254 1986 2084 2188 3745 4565 770 1025 4641 3100 3743 2089 4284 41 4782 517 619 279 1315 4412 3135 3558 2393 484 839 673 3081 1390 801 3940 906 1310 4687 601 1298 2407 625 1339 1067 2231 4201 3648 3515 3522 3060 1382 394 2440 1496 411 4988 2274 1444
1036 360 3941 4976 3541 1113 3884 710 1366 1471 3985 1070 3687 4899 3800 3526 3312 4877 2203 3916 3331 3675 412 1243 3311 2643 4069 3575 4217 769 2327 3709 2513 3503 3643 1550 836 883 436 376 15 3395 2600 4051 4794 2322 3856 4186 2351 2696 4976 3179 3566 2991 17 2617 4758 1097 1510 1154 2275 3358 2521 4642 611 1596 4187 4915 560 2450 2401 3009 3623 4962 2473 2447 3442 3926 733 2275
4847 388 4976 4272 1686 591 3655 4586 2758 2850 1618 4345 1553 2838 2556 1214 1558 3342 1409 3236 3386 197 4521 2582 1350 753 1926 2687 1725 571 4883 2123 2631 4024 3569 1295 2364 1726 3450 3476 1486 313 3265 1834 4334 4548 1798 2149 1310 3206 4055 1768 253 1850 1254 1910 3145 127 359 2080 1387 3790 1820 2973 2484 1482 420 4862 2168 568 3995 3592 3230 2541 2317 2951 3799 3039 1424 2159
2873 4339 3541 1686 1972 3865 3951 1892 604 2393 941 2405 420 2021 4605 510 1836 3708 1281 36 422 1443 1349 3876 4873 2325 187 533 1161 1658 3774 2919 4946 998 3193 1368 1907 1379 4523 2802 1824 2553 1249 1474 417 3909 996 100 4363 2090 4855 4355 4016 4529 1230 2025 3006 1960 111 2659 2048 1050 2935 4391 261 4875 1856 2407 4826 1449 1776 3598 2388 1972 3217 849 3678 3586 4963 371
2955 1201 1113 591 3865 1065 4869 1108 1598 2698 1328 4801 4940 1893 3902 3234 4288 1678 3712 3911 349 820 131 1344 1113 4258 2709 2267 4979 2783 1938 1371 2506 1386 97 4290 2542 4991 3774 34 4731 1013 4282 994 3202 3270 3043 2722 2165 4213 4650 3788 3071 4755 577 4541 3446 3964 3758 3500 2593 3111 195 15 3798 3471 3660 3944 1201 1194 2987 3910 2760 829 1124 1237 4933 513 4686 895
4309 4178 3884 3655 3951 4869 4413 637 4874 301 2948 2789 159 4705 371 1675 391 682 946 1754 3805 2462 3665 450 1428 2083 2426 2154 4632 4588 1464 80 4750 4134 4005 3299 2695 156 1039 2725 3102 2736 2532 1779 4317 4623 1679 2687 3520 4516 2753 670 80 2312 3454 516 1842 3993 2869 4766 1382 3358 2873 773 345 2881 4798 1829 4868 464 4730 967 614 3004 2598 150 4843 3414 23 733
2155 3915 710 4586 1892 1108 637 2807 2654 361 1233 3843 2468 1569 202 3173 3877 1120 901 4805 3226 4498 2305 1857 1157 1985 1820 4111 2969 3318 4711 4598 3473 1048 1155 3865 358 2540 1937 122 2310 2295 3179 3321 3175 4962 3612 3249 3679 3570 856 1556 2171 4863 3313 2977 1038 2149 1409 206 3145 689 1861 1366 52 1985 2781 4509 4898 400 4899 3791 3868 1657 4755 1346 1613 295 3961 3994
3219 2456 1366 2758 604 1598 4874 2654 3259 2534 3863 1353 2627 4565 4336 3856 712 815 4178 3627 709 1341 4703 4091 3159 3531 3991 470 1508 1764 868 2628 3845 3308 4654 1676 2211 2645 2148 4099 4580 3909 1880 480 2794 1343 4489 1697 37 1504 2081 480 1554 421 3512 4153 3013 2192 4726 1368 4118 3268 854 1722 2105 340 916 722 2807 1123 2226 4299 311 599 4433 2030 499 1334 4826 3411
3678 1814 1471 2850 2393 2698 301 361 2534 1790 3879 4477 116 4542 1404 494 2768 1632 1820 3467 4403 1396 2134 1095 3755 4250 252 1295 3785 4124 2283 3104 4871 1659 3915 2365 577 2817 2278 2195 31 675 1353 3387 3433 236 3047 1885 67 1068 4259 3201 1865 3118 1544 2719 2333 336 2262 858 1061 3343 1451 4184 3540 4443 3627 442 1677 3041 262 286 3882 4914 3222 4839 1185 827 4151 149
663 3642 3985 1618 941 1328 2948 1233 3863 3879 2926 476 2054 939 803 3439 2466 413 111 4595 2808 4795 2898 4039 1440 1124 74 1342 1061 1430 2783 3646 699 3771 4957 1211 3847 259 1777 301 578 477 2414 366 4830 2458 238 2450 1846 624 784 2609 77 4712 4925 4679 2102 997 3962 2063 4074 4128 4376 1153 4315 4341 690 3582 4653 2908 1872 4860 1759 3377 619 1448 2837 190 185 3251
4784 126 1070 4345 2405 4801 2789 3843 1353 4477 476 3739 805 792 46 2441 1436 1297 394 2934 2718 1997 441 4989 355 1608 2320 1463 3312 1478 434 610 3505 4164 2830 467 1312 4161 2393 668 3019 1635 3018 757 4397 3516 3659 891 3887 1344 943 4810 4893 218 451 3967 4228 1973 4206 1523 2451 4494 3103 2794 1038 2554 4848 4131 1429 3115 794 4574 1343 274 3901 2945 1610 2461 1327 2559
357 3699 3687 1553 420 4940 159 2468 2627 116 2054 805 2909 1383 2536 4978 4338 3604 998 4631 2320 1100 1900 902 4129 4609 4433 643 4018 3231 340 4361 4001 626 3142 1268 3263 1760 1001 4242 3483 552 3605 2682 3596 736 1328 3639 4521 1214 857 684 2478 1343 4292 3160 496 865 393 799 4165 108 2426 357 3756 4118 2939 2926 3323 4970 3903 3212 2548 3942 2805 4259 1970 3683 3404 4953
792 1086 4899 2838 2021 1893 4705 1569 4565 4542 939 792 1383 2392 1167 2839 1282 832 1967 2300 2541 1537 1082 4650 3217 4510 966 337 215 2665 945 4359 3923 1516 1020 3827 3174 1292 576 1322 1272 4779 2117 1386 2245 3114 2278 4162 4505 3260 3728 2253 4830 3239 3560 3064 1397 1875 1871 3493 491 3959 3212 3194 4733 2694 3981 2632 4267 3054 24 774 2167 4801 2358 3713 2413 3009 197 3855
2434 4172 3800 2556 4605 3902 371 202 4336 1404 803 46 2536 1167 1747 3857 1843 3869 3244 2476 3356 3304 3523 2982 1799 2144 575 3163 1626 3642 398 2585 485 3970 3750 4200 2712 4027 3529 327 1585 3642 865 1502 1513 4228 4530 2694 87 4271 92 4942 2634 2495 4018 4525 2803 3626 3986 2628 3539 4496 797 3662 3286 1838 2757 4185 2840 1557 2166 111 2373 2132 3714 4135 129 2037 4088 3955
178 1701 3526 1214 510 3234 1675 3173 3856 494 3439 2441 4978 2839 3857 2154 53 4602 4828 4787 4557 2583 3676 4763 3852 1358 3532 4133 2517 444 356 1663 4717 1980 2693 3643 932 2408 4526 4748 2755 3118 1391 2049 2348 4225 645 1495 1272 4057 1971 4617 3496 3721 433 719 38 4009 2160 674 2340 2381 3888 4267 2402 1141 2348 370 4772 4592 3641 897 3044 4658 2226 3565 706 3499 4779 974
1403 1378 3312 1558 1836 4288 391 3877 712 2768 2466 1436 4338 1282 1843 53 1677 2891 1142 3242 317 2438 3165 1835 4862 3152 2798 2413 1852 1528 3363 3949 4858 2025 2475 389 4957 3346 2857 526 3206 3362 3713 2545 1101 89 4127 1935 387 1798 4510 3803 391 573 2254 3709 3087 2061 166 758 2523 4599 1573 2610 1066 3756 1545 3092 452 1536 1877 2909 2055 4462 2843 4216 3659 1138 2539 3534
3795 2466 4877 3342 3708 1678 682 1120 815 1632 413 1297 3604 832 3869 4602 2891 4360 3859 4634 3731 1680 960 1917 3413 2672 3098 484 4874 1781 4460 1464 2200 856 930 4875 1579 329 3807 958 701 1559 4969 774 2417 3763 4208 4159 1841 1085 1722 432 2791 3657 647 1167 4356 2737 4092 4793 351 2186 76 3091 2128 1080 1994 4839 3859 944 4999 2218 2254 2304 4506 3682 2436 2448 2639 770
2347 2322 2203 1409 1281 3712 946 901 4178 1820 111 394 998 1967 3244 4828 1142 3859 2076 927 3808 2589 954 2833 1555 57 1708 3723 2375 4321 3782 3264 2726 3037 56 3408 1706 620 754 4707 588 3767 2294 4968 220 3900 937 3109 3179 2765 3726 3316 1247 3042 3912 2982 2941 913 3988 2994 3498 2491 2455 1128 605 2746 844 4669 770 3083 2620 120 4549 2588 496 4322 1224 1595 1003 4663
1455 2515 3916 3236 36 3911 1754 4805 3627 3467 4595 2934 4631 2300 2476 4787 3242 4634 927 4614 3167 4849 959 1966 310 3579 1270 4471 646 3724 3973 2213 3387 798 2037 2737 4410 1018 1431 3262 3641 4359 971 4884 1490 1853 4215 1024 1378 1685 2672 32 2703 4508 4481 4158 2334 4000 69 1271 2448 2678 103 176 3227 3033 1450 4270 3899 3577 2732 200 1155 579 2824 2040 4990 2824 3397 1386
1955 3598 3331 3386 422 349 3805 3226 709 4403 2808 2718 2320 2541 3356 4557 317 3731 3808 3167 3785 32 4450 4445 2940 1889 104 4486 2917 2697 4945 3935 576 2043 99 2661 1425 372 3288 3241 4467 3910 2135 1023 3687 3582 273 3738 4502 3988 4645 4321 2782 4596 4414 3944 2401 3566 4744 2387 3240 1360 2269 2786 635 595 2773 1447 1325 3403 3836 3858 2976 3785 3128 2490 3826 870 3173 2194
2155 2173 3675 197 1443 820 2462 4498 1341 1396 4795 1997 1100 1537 3304 2583 2438 1680 2589 4849 32 4815 1918 3630 3329 463 2043 2133 1421 2877 4292 2428 4965 1682 771 2792 276 2162 2948 3628 1268 4734 3999 2468 543 895 107 3966 615 4450 2934 391 1301 1528 4407 3879 1173 3489 535 1455 3240 1025 2375 785 2582 4225 1927 2054 1068 1049 880 1740 2470 1543 2265 1060 1558 1400 4442 333
2170 2324 412 4521 1349 131 3665 2305 4703 2134 2898 441 1900 1082 3523 3676 3165 960 954 959 4450 1918 2980 616 264 3935 3216 326 317 876 2258 350 432 842 1740 2453 3239 2024 4201 4181 2126 4058 2664 1284 1518 1014 1110 3341 3532 2649 1315 4301 4326 1126 4891 1596 1806 2583 2088 1119 3243 1150 3768 4832 768 4605 3458 1630 4391 2342 738 1523 4142 1904 2664 2508 155 2553 944 181
2953 2475 1243 2582 3876 1344 450 1857 4091 1095 4039 4989 902 4650 2982 4763 1835 1917 2833 1966 4445 3630 616 3557 2087 1729 2198 3101 3267 2981 3217 1070 575 2868 3631 620 2621 3289 1100 3052 4607 2111 2729 869 1538 3282 2751 2666 3944 4687 2567 3243 3803 4816 2929 741 3564 3717 3443 983 4660 4942 2612 709 3338 4904 1213 3481 3367 2215 2615 1890 2020 4815 1151 3109 4904 4291 4466 2501
4995 1440 3311 1350 4873 1113 1428 1157 3159 3755 1440 355 4129 3217 1799 3852 4862 3413 1555 310 2940 3329 264 2087 2680 4205 495 4496 4883 179 4050 1647 2966 848 1811 1059 313 3831 2726 4681 395 2535 3488 1306 3160 3945 2314 4950 3441 1569 4116 4317 4855 770 4836 395 1499 4170 1673 4187 3386 845 2152 1620 1946 1520 1950 4371 4853 4148 1712 4174 500 433 1968 1914 4390 3057 931 3570
3527 1553 2643 753 2325 4258 2083 1985 3531 4250 1124 1608 4609 4510 2144 1358 3152 2672 57 3579 1889 463 3935 1729 4205 4137 3793 2710 4251 1011 3260 4714 1542 554 713 2236 1216 4696 4207 1171 786 4885 1591 264 3772 2981 450 479 3436 2992 4325 3467 415 2257 3359 1109 3085 4568 982 3336 1348 125 3568 1931 1921 4739 752 3362 2102 3941 201 3536 3709 1953 4245 1806 4244 2144 2601 3663
2932 3922 4069 1926 187 2709 2426 1820 3991 252 74 2320 4433 966 575 3532 2798 3098 1708 1270 104 2043 3216 2198 495 3793 1371 138 4379 4353 185 940 4221 1268 2326 4424 3118 1937 1275 4049 4500 3862 4680 2986 2658 4840 3735 4174 4308 4686 1405 2681 2864 3392 3806 3715 2625 3049 1576 1697 3513 3454 505 119 1732 4917 2391 1986 1809 4246 2665 1300 24 4263 1618 3549 517 1979 193 3765
2361 4254 3575 2687 533 2267 2154 4111 470 1295 1342 1463 643 337 3163 4133 2413 484 3723 4471 4486 2133 326 3101 4496 2710 138 1934 1612 3149 4087 3536 4564 1452 117 238 1402 3942 4576 4902 4782 1051 3657 1318 2151 4659 2931 1462 2500 1904 294 2898 3339 3424 1828 2579 4394 4466 3388 2805 4742 4330 1551 914 4280 3025 418 4415 1306 2720 1376 2141 2553 3369 4852 3430 3176 2854 3165 4257
1080 1986 4217 1725 1161 4979 4632 2969 1508 3785 1061 3312 4018 215 1626 2517 1852 4874 2375 646 2917 1421 317 3267 4883 4251 4379 1612 2151 631 1436 862 2339 1951 3703 4474 2237 2501 4125 1417 4268 2788 2353 3565 4890 4196 3367 1304 3491 4145 3709 220 3210 186 1838 349 3468 3191 2517 1000 2762 806 4702 3893 226 2722 3896 2590 2546 676 470 3602 4200 1939 1795 1853 2060 3485 1989 3239
2859 2084 769 571 1658 2783 4588 3318 1764 4124 1430 1478 3231 2665 3642 444 1528 1781 4321 3724 2697 2877 876 2981 179 1011 4353 3149 631 3523 1218 3876 2708 775 3061 1762 1061 4385 4449 2191 4544 875 3448 2672 605 733 2096 3545 2281 843 2575 1714 3662 1216 2165 438 2225 861 1594 1575 3393 2815 2854 4534 1689 3962 1615 182 4182 3181 2472 3718 1407 4146 2142 4574 3142 464 917 754
3450 2188 2327 4883 3774 1938 1464 4711 868 2283 2783 434 340 945 398 356 3363 4460 3782 3973 4945 4292 2258 3217 4050 3260 185 4087 1436 1218 2005 2041 4747 1032 738 2851 2397 3676 924 3397 910 1950 776 3148 3686 1536 4374 3190 1030 3772 4220 3493 4953 4340 159 3407 1674 1496 4811 4456 2503 2779 3912 3814 768 232 1667 3644 1708 4806 991 614 2540 3637 3937 315 3676 3564 1811 3079
3916 3745 3709 2123 2919 1371 80 4598 2628 3104 3646 610 4361 4359 2585 1663 3949 1464 3264 2213 3935 2428 350 1070 1647 4714 940 3536 862 3876 2041 3961 1354 1872 4605 3391 1283 1890 2913 4660 2283 952 2831 1452 3194 4369 3333 3415 3232 3540 836 4773 1580 4175 566 4371 3895 3239 2246 4458 1042 4211 4375 2666 2740 4400 290 1125 2799 107 2606 807 3759 2815 3205 3461 4104 4770 3593 1885
2246 4565 2513 2631 4946 2506 4750 3473 3845 4871 699 3505 4001 3923 485 4717 4858 2200 2726 3387 576 4965 432 575 2966 1542 4221 4564 2339 2708 4747 1354 2521 2902 2579 614 717 1149 1645 979 2103 4797 3172 114 181 2536 4250 1161 2643 2846 512 3221 3609 877 4779 3775 4264 4320 235 4109 191 2454 4702 956 3147 3680 2939 384 850 378 1006 1410 2711 4812 1033 3617 3641 4836 1821 4860
1420 770 3503 4024 998 1386 4134 1048 3308 1659 3771 4164 626 1516 3970 1980 2025 856 3037 798 2043 1682 842 2868 848 554 1268 1452 1951 775 1032 1872 2902 3753 2530 2627 3688 4114 4454 2649 1599 4342 967 1319 1832 986 3422 3743 4206 4252 2499 2962 1653 1256 396 1774 4145 3038 999 1475 4048 4386 4402 2896 3714 3992 2184 103 1906 562 2623 1973 3439 4927 3990 4500 3317 361 802 2503
32 1025 3643 3569 3193 97 4005 1155 4654 3915 4957 2830 3142 1020 3750 2693 2475 930 56 2037 99 771 1740 3631 1811 713 2326 117 3703 3061 738 4605 2579 2530 3313 336 2094 529 1228 268 2236 573 943 542 2790 4639 4204 998 203 1440 1269 1366 4936 844 3539 3564 4589 4723 643 2446 2659 1172 2357 3173 1269 264 3678 1573 1731 3927 2102 1730 4788 3387 4258 945 2193 1578 2808 181
1448 4641 1550 1295 1368 4290 3299 3865 1676 2365 1211 467 1268 3827 4200 3643 389 4875 3408 2737 2661 2792 2453 620 1059 2236 4424 238 4474 1762 2851 3391 614 2627 336 4233 4586 1950 1533 4207 4655 4714 3102 4665 4346 2814 881 1075 3151 1748 3469 3638 3628 3075 2484 3230 3238 2790 112 4715 3572 4935 1795 4205 2124 3305 1680 4845 3945 830 3967 1825 910 2414 3807 4154 1366 1456 2748 1034
515 3100 836 2364 1907 2542 2695 358 2211 577 3847 1312 3263 3174 2712 932 4957 1579 1706 4410 1425 276 3239 2621 313 1216 3118 1402 2237 1061 2397 1283 717 3688 2094 4586 4873 1106 4203 2254 1727 4808 3163 3735 3165 2025 4049 2394 546 1384 4120 1625 4675 3885 4649 4025 929 920 1721 3386 302 1034 3229 4613 401 3115 1618 2616 1088 4039 3353 702 501 1311 2801 1391 54 1146 95 708
2299 3743 883 1726 1379 4991 156 2540 2645 2817 259 4161 1760 1292 4027 2408 3346 329 620 1018 372 2162 2024 3289 3831 4696 1937 3942 2501 4385 3676 1890 1149 4114 529 1950 1106 3296 188 2560 1424 1089 332 760 4019 4354 2757 4108 4681 1974 2082 3416 2294 3352 2652 1809 2553 2448 2972 4788 4212 3871 4526 4760 3467 1360 1615 4417 1178 1245 258 4602 2257 1392 1314 1863 2595 2426 4027 495
1323 2089 436 3450 4523 3774 1039 1937 2148 2278 1777 2393 1001 576 3529 4526 2857 3807 754 1431 3288 2948 4201 1100 2726 4207 1275 4576 4125 4449 924 2913 1645 4454 1228 1533 4203 188 2673 3073 942 298 2441 2325 2918 3654 4553 4314 93 3672 4681 2340 4663 4200 483 167 2385 3503 1573 372 2804 909 2199 2801 1093 1797 2373 4337 1761 2743 3056 4336 2673 4376 170 3099 4412 1590 1906 1178
1826 4284 376 3476 2802 34 2725 122 4099 2195 301 668 4242 1322 327 4748 526 958 4707 3262 3241 3628 4181 3052 4681 1171 4049 4902 1417 2191 3397 4660 979 2649 268 4207 2254 2560 3073 2961 1918 3394 652 1929 2323 4179 978 1007 458 4770 2719 4517 4636 4161 4454 1869 2814 639 1314 3177 4903 1626 3353 2575 1575 3404 4791 2055 714 677 1139 904 2591 1275 4524 657 2312 472 4553 3145
2579 41 15 1486 1824 4731 3102 2310 4580 31 578 3019 3483 1272 1585 2755 3206 701 588 3641 4467 1268 2126 4607 395 786 4500 4782 4268 4544 910 2283 2103 1599 2236 4655 1727 1424 942 1918 4803 4021 574 4347 544 918 3876 3101 2138 518 1548 2643 4311 4766 1893 379 2167 4360 3904 2608 1992 293 1117 3806 4933 4659 579 2729 4212 595 3760 3493 2101 2046 1694 640 1855 1402 186 1037
4240 4782 3395 313 2553 1013 2736 2295 3909 675 477 1635 552 4779 3642 3118 3362 1559 3767 4359 3910 4734 4058 2111 2535 4885 3862 1051 2788 875 1950 952 4797 4342 573 4714 4808 1089 298 3394 4021 4430 3893 4425 4032 4890 199 1669 2903 451 4494 376 3013 4489 1726 583 2265 1118 403 423 1425 2937 2528 2479 4933 3783 3080 3831 3369 337 4128 4325 2743 1656 2934 2161 2931 2241 3136 2002
3516 517 2600 3265 1249 4282 2532 3179 1880 1353 2414 3018 3605 2117 865 1391 3713 4969 2294 971 2135 3999 2664 2729 3488 1591 4680 3657 2353 3448 776 2831 3172 967 943 3102 3163 332 2441 652 574 3893 3949 1218 4402 1116 3939 2922 677 2118 2777 4051 28 4562 439 3012 1411 3619 1024 2793 4857 2949 1456 885 4198 965 4656 2901 202 3269 567 4843 4570 2615 977 1800 1295 1662 2045 2234
3065 619 4051 1834 1474 994 1779 3321 480 3387 366 757 2682 1386 1502 2049 2545 774 4968 4884 1023 2468 1284 869 1306 264 2986 1318 3565 2672 3148 1452 114 1319 542 4665 3735 760 2325 1929 4347 4425 1218 787 3149 4690 1984 3764 1944 2344 1373 2420 1781 1146 2824 1921 4416 2021 136 3046 1320 153 2296 1248 2943 1995 3944 2529 2923 1529 2205 3685 3709 3987 236 3199 652 919 629 2800
4056 279 4794 4334 417 3202 4317 3175 2794 3433 4830 4397 3596 2245 1513 2348 1101 2417 220 1490 3687 543 1518 1538 3160 3772 2658 2151 4890 605 3686 3194 181 1832 2790 4346 3165 4019 2918 2323 544 4032 4402 3149 2893 4875 1995 1972 1711 4737 3173 4947 3456 224 2196 2784 1754 4271 3378 1338 2460 4504 2155 2323 4577 3794 798 4935 3542 4821 2464 2669 289 34 2550 2458 4487 202 2093 4677
3088 1315 2322 4548 3909 3270 4623 4962 1343 236 2458 3516 736 3114 4228 4225 89 3763 3900 1853 3582 895 1014 3282 3945 2981 4840 4659 4196 733 1536 4369 2536 986 4639 2814 2025 4354 3654 4179 918 4890 1116 4690 4875 3012 2770 1052 93 1465 895 2728 4918 480 1572 3794 3245 2282 2287 4854 2075 3970 1378 3936 3154 3601 2755 1140 1903 2494 1590 4925 2597 4315 4647 1978 3578 4719 1604 3464
120 4412 3856 1798 996 3043 1679 3612 4489 3047 238 3659 1328 2278 4530 645 4127 4208 937 4215 273 107 1110 2751 2314 450 3735 2931 3367 2096 4374 3333 4250 3422 4204 881 4049 2757 4553 978 3876 199 3939 1984 1995 2770 1925 1723 2114 1926 273 1924 737 488 1051 729 2094 1266 2968 4562 2962 953 1443 601 4582 4953 2593 4548 4640 2664 152 1304 2441 183 4244 359 1628 3462 1668 4556
3416 3135 4186 2149 100 2722 2687 3249 1697 1885 2450 891 3639 4162 2694 1495 1935 4159 3109 1024 3738 3966 3341 2666 4950 479 4174 1462 1304 3545 3190 3415 1161 3743 998 1075 2394 4108 4314 1007 3101 1669 2922 3764 1972 1052 1723 1651 4725 2906 3059 778 1936 4677 3300 842 142 1290 3645 3353 4261 2773 2267 518 4562 3790 593 1071 2907 3478 1673 1843 1739 3229 3493 771 1731 1563 962 4278
568 3558 2351 1310 4363 2165 3520 3679 37 67 1846 3887 4521 4505 87 1272 387 1841 3179 1378 4502 615 3532 3944 3441 3436 4308 2500 3491 2281 1030 3232 2643 4206 203 3151 546 4681 93 458 2138 2903 677 1944 1711 93 2114 4725 4668 2819 982 3700 2532 4938 3671 694 1936 4911 1739 2338 2664 1261 732 2195 2914 379 4800 1646 1660 1718 4029 2913 4002 1621 2970 3296 2173 1212 4917 1844
3912 2393 2696 3206 2090 4213 4516 3570 1504 1068 624 1344 1214 3260 4271 4057 1798 1085 2765 1685 3988 4450 2649 4687 1569 2992 4686 1904 4145 843 3772 3540 2846 4252 1440 1748 1384 1974 3672 4770 518 451 2118 2344 4737 1465 1926 2906 2819 625 3055 4394 2298 4967 697 3441 2715 3611 4655 3234 1024 1413 2986 4261 2923 4318 2683 3589 2951 104 4875 4947 3114 957 658 1756 2919 735 2599 3902
16 484 4976 4055 4855 4650 2753 856 2081 4259 784 943 857 3728 92 1971 4510 1722 3726 2672 4645 2934 1315 2567 4116 4325 1405 294 3709 2575 4220 836 512 2499 1269 3469 4120 2082 4681 2719 1548 4494 2777 1373 3173 895 273 3059 982 3055 1322 2980 3185 1483 3964 489 2624 3417 4045 2752 4862 600 4238 1755 2916 2744 4154 2870 4952 4140 2476 1925 3933 3444 4679 4768 165 4337 3441 209
3716 839 3179 1768 4355 3788 670 1556 480 3201 2609 4810 684 2253 4942 4617 3803 432 3316 32 4321 391 4301 3243 4317 3467 2681 2898 220 1714 3493 4773 3221 2962 1366 3638 1625 3416 2340 4517 2643 376 4051 2420 4947 2728 1924 778 3700 4394 2980 4799 4329 4214 3652 3918 2356 3476 1198 3360 449 3510 4561 2266 1382 4889 3774 4935 4955 305 3564 143 1788 526 1108 3284 3753 160 1046 2002
4034 673 3566 253 4016 3071 80 2171 1554 1865 77 4893 2478 4830 2634 3496 391 2791 1247 2703 2782 1301 4326 3803 4855 415 2864 3339 3210 3662 4953 1580 3609 1653 4936 3628 4675 2294 4663 4636 4311 3013 28 1781 3456 4918 737 1936 2532 2298 3185 4329 3146 3745 3543 1530 725 3844 1094 4743 3463 120 3434 2637 4493 1988 1906 1828 2856 3710 2240 4518 3708 4313 14 616 429 4783 1088 4691
2048 3081 2991 1850 4529 4755 2312 4863 421 3118 4712 218 1343 3239 2495 3721 573 3657 3042 4508 4596 1528 1126 4816 770 2257 3392 3424 186 1216 4340 4175 877 1256 844 3075 3885 3352 4200 4161 4766 4489 4562 1146 224 480 488 4677 4938 4967 1483 4214 3745 3106 136 752 744 2932 608 3037 3753 856 1894 1494 2416 3697 695 519 2605 4372 3731 3687 4088 94 723 1274 2441 4685 4789 3557
4372 1390 17 1254 1230 577 3454 3313 3512 1544 4925 451 4292 3560 4018 433 2254 647 3912 4481 4414 4407 4891 2929 4836 3359 3806 1828 1838 2165 159 566 4779 396 3539 2484 4649 2652 483 4454 1893 1726 439 2824 2196 1572 1051 3300 3671 697 3964 3652 3543 136 3619 1468 339 3502 3235 4772 4953 1875 2398 3887 363 3820 1527 4296 1915 2315 1242 3454 1294 3252 2249 2064 3375 2775 4183 3002
3383 801 2617 1910 2025 4541 516 2977 4153 2719 4679 3967 3160 3064 4525 719 3709 1167 2982 4158 3944 3879 1596 741 395 1109 3715 2579 349 438 3407 4371 3775 1774 3564 3230 4025 1809 167 1869 379 583 3012 1921 2784 3794 729 842 694 3441 489 3918 1530 752 1468 4140 2212 2365 3598 3892 1834 287 425 1516 1301 1633 4307 1250 2493 4014 3194 101 2735 979 2333 492 3002 4520 1578 3388
2452 3940 4758 3145 3006 3446 1842 1038 3013 2333 2102 4228 496 1397 2803 38 3087 4356 2941 2334 2401 1173 1806 3564 1499 3085 2625 4394 3468 2225 1674 3895 4264 4145 4589 3238 929 2553 2385 2814 2167 2265 1411 4416 1754 3245 2094 142 1936 2715 2624 2356 725 744 339 2212 4766 4829 3260 2279 3290 1779 4932 2946 2703 2871 1193 1520 2498 4292 2709 3935 4660 4713 3807 4831 3555 460 263 4567
4600 906 1097 127 1960 3964 3993 2149 2192 336 997 1973 865 1875 3626 4009 2061 2737 913 4000 3566 3489 2583 3717 4170 4568 3049 4466 3191 861 1496 3239 4320 3038 4723 2790 920 2448 3503 639 4360 1118 3619 2021 4271 2282 1266 1290 4911 3611 3417 3476 3844 2932 3502 2365 4829 1571 2638 2047 2920 2225 371 498 2614 3990 2365 1555 2763 3846 159 3111 3307 197 234 2637 1484 1792 1276 3823
2590 1310 1510 359 111 3758 2869 1409 4726 2262 3962 4206 393 1871 3986 2160 166 4092 3988 69 4744 535 2088 3443 1673 982 1576 3388 2517 1594 4811 2246 235 999 643 112 1721 2972 1573 1314 3904 403 1024 136 3378 2287 2968 3645 1739 4655 4045 1198 1094 608 3235 3598 3260 2638 3367 1929 2218 773 2444 1449 2100 4800 721 829 1543 3424 2502 1816 2289 1751 3573 2715 2112 3977 1151 2609
4599 4687 1154 2080 2659 3500 4766 206 1368 858 2063 1523 799 3493 2628 674 758 4793 2994 1271 2387 1455 1119 983 4187 3336 1697 2805 1000 1575 4456 4458 4109 1475 2446 4715 3386 4788 372 3177 2608 423 2793 3046 1338 4854 4562 3353 2338 3234 2752 3360 4743 3037 4772 3892 2279 2047 1929 1296 322 4693 4388 2899 3805 2691 3946 1144 3267 4364 2403 2768 182 3540 3310 4981 2436 3762 2004 1494
2102 601 2275 1387 2048 2593 1382 3145 4118 1061 4074 2451 4165 491 3539 2340 2523 351 3498 2448 3240 3240 3243 4660 3386 1348 3513 4742 2762 3393 2503 1042 191 4048 2659 3572 302 4212 2804 4903 1992 1425 4857 1320 2460 2075 2962 4261 2664 1024 4862 449 3463 3753 4953 1834 3290 2920 2218 322 4806 2562 1666 1490 619 1329 256 1001 3163 1397 2409 2580 4689 528 2493 2911 1962 864 2199 4926
219 1298 3358 3790 1050 3111 3358 689 3268 3343 4128 4494 108 3959 4496 2381 4599 2186 2491 2678 1360 1025 1150 4942 845 125 3454 4330 806 2815 2779 4211 2454 4386 1172 4935 1034 3871 909 1626 293 2937 2949 153 4504 3970 953 2773 1261 1413 600 3510 120 856 1875 287 1779 2225 773 4693 2562 4250 4621 366 1550 4643 824 3546 1814 4360 4336 916 1957 4744 1393 2659 4238 4473 4509 1346
4598 2407 2521 1820 2935 195 2873 1861 854 1451 4376 3103 2426 3212 797 3888 1573 76 2455 103 2269 2375 3768 2612 2152 3568 505 1551 4702 2854 3912 4375 4702 4402 2357 1795 3229 4526 2199 3353 1117 2528 1456 2296 2155 1378 1443 2267 732 2986 4238 4561 3434 1894 2398 425 4932 371 2444 4388 1666 4621 3664 1347 4048 2564 2579 846 3873 3895 3452 428 1516 1708 2637 4367 1814 4318 3341 348
4814 625 4642 2973 4391 15 773 1366 1722 4184 1153 2794 357 3194 3662 4267 2610 3091 1128 176 2786 785 4832 709 1620 1931 119 914 3893 4534 3814 2666 956 2896 3173 4205 4613 4760 2801 2575 3806 2479 885 1248 2323 3936 601 518 2195 4261 1755 2266 2637 1494 3887 1516 2946 498 1449 2899 1490 366 1347 4419 978 1335 3149 3629 963 698 4674 2650 1977 449 943 4958 3058 4152 3343 598
532 1339 611 2484 261 3798 345 52 2105 3540 4315 1038 3756 4733 3286 2402 1066 2128 605 3227 635 2582 768 3338 1946 1921 1732 4280 226 1689 768 2740 3147 3714 1269 2124 401 3467 1093 1575 4933 4933 4198 2943 4577 3154 4582 4562 2914 2923 2916 1382 4493 2416 363 1301 2703 2614 2100 3805 619 1550 4048 978 1468 3609 2489 894 3328 1381 2642 3852 3556 3941 4751 2083 3520 440 4792 4510
4266 1067 1596 1482 4875 3471 2881 1985 340 4443 4341 2554 4118 2694 1838 1141 3756 1080 2746 3033 595 4225 4605 4904 1520 4739 4917 3025 2722 3962 232 4400 3680 3992 264 3305 3115 1360 1797 3404 4659 3783 965 1995 3794 3601 4953 3790 379 4318 2744 4889 1988 3697 3820 1633 2871 3990 4800 2691 1329 4643 2564 1335 3609 3346 2225 4288 3211 3981 768 1911 4992 1885 1036 3880 2058 942 984 4917
1293 2231 4187 420 1856 3660 4798 2781 916 3627 690 4848 2939 3981 2757 2348 1545 1994 844 1450 2773 1927 3458 1213 1950 752 2391 418 3896 1615 1667 290 2939 2184 3678 1680 1618 1615 2373 4791 579 3080 4656 3944 798 2755 2593 593 4800 2683 4154 3774 1906 695 1527 4307 1193 2365 721 3946 256 824 2579 3149 2489 2225 4667 3167 4714 416 3867 1388 4127 810 3965 3275 1135 4318 1826 3214
3396 4201 4915 4862 2407 3944 1829 4509 722 442 3582 4131 2926 2632 4185 370 3092 4839 4669 4270 1447 2054 1630 3481 4371 3362 1986 4415 2590 182 3644 1125 384 103 1573 4845 2616 4417 4337 2055 2729 3831 2901 2529 4935 1140 4548 1071 1646 3589 2870 4935 1828 519 4296 1250 1520 1555 829 1144 1001 3546 846 3629 894 4288 3167 3197 4987 697 4357 1460 3585 1472 4219 1171 1604 3827 2326 3733
3575 3648 560 2168 4826 1201 4868 4898 2807 1677 4653 1429 3323 4267 2840 4772 452 3859 770 3899 1325 1068 4391 3367 4853 2102 1809 1306 2546 4182 1708 2799 850 1906 1731 3945 1088 1178 1761 714 4212 3369 202 2923 3542 1903 4640 2907 1660 2951 4952 4955 2856 2605 1915 2493 2498 2763 1543 3267 3163 1814 3873 963 3328 3211 4714 4987 793 3806 1678 2944 2688 2864 3718 4403 620 3140 1726 3679
1367 3515 2450 568 1449 1194 464 400 1123 3041 2908 3115 4970 3054 1557 4592 1536 944 3083 3577 3403 1049 2342 2215 4148 3941 4246 2720 676 3181 4806 107 378 562 3927 830 4039 1245 2743 677 595 337 3269 1529 4821 2494 2664 3478 1718 104 4140 305 3710 4372 2315 4014 4292 3846 3424 4364 1397 4360 3895 698 1381 3981 416 697 3806 1772 1299 82 3306 1190 3252 2809 3053 4484 3024 4687
1040 3522 2401 3995 1776 2987 4730 4899 2226 262 1872 794 3903 24 2166 3641 1877 4999 2620 2732 3836 880 738 2615 1712 201 2665 1376 470 2472 991 2606 1006 2623 2102 3967 3353 258 3056 1139 3760 4128 567 2205 2464 1590 152 1673 4029 4875 2476 3564 2240 3731 1242 3194 2709 159 2502 2403 2409 4336 3452 4674 2642 768 3867 4357 1678 1299 2348 3477 1487 2339 4991 2186 3601 3072 4998 1944
2295 3060 3009 3592 3598 3910 967 3791 4299 286 4860 4574 3212 774 111 897 2909 2218 120 200 3858 1740 1523 1890 4174 3536 1300 2141 3602 3718 614 807 1410 1973 1730 1825 702 4602 4336 904 3493 4325 4843 3685 2669 4925 1304 1843 2913 4947 1925 143 4518 3687 3454 101 3935 3111 1816 2768 2580 916 428 2650 3852 1911 1388 1460 2944 82 3477 1186 4402 1605 4988 2427 396 3882 2823 539
2154 1382 3623 3230 2388 2760 614 3868 311 3882 1759 1343 2548 2167 2373 3044 2055 2254 4549 1155 2976 2470 4142 2020 500 3709 24 2553 4200 1407 2540 3759 2711 3439 4788 910 501 2257 2673 2591 2101 2743 4570 3709 289 2597 2441 1739 4002 3114 3933 1788 3708 4088 1294 2735 4660 3307 2289 182 4689 1957 1516 1977 3556 4992 4127 3585 2688 3306 1487 4402 3151 82 4343 24 218 1716 3604 4233
4696 394 4962 2541 1972 829 3004 1657 599 4914 3377 274 3942 4801 2132 4658 4462 2304 2588 579 3785 1543 1904 4815 433 1953 4263 3369 1939 4146 3637 2815 4812 4927 3387 2414 1311 1392 4376 1275 2046 1656 2615 3987 34 4315 183 3229 1621 957 3444 526 4313 94 3252 979 4713 197 1751 3540 528 4744 1708 449 3941 1885 810 1472 2864 1190 2339 1605 82 2376 2293 3065 862 1948 4508 1594
655 2440 2473 2317 3217 1124 2598 4755 4433 3222 619 3901 2805 2358 3714 2226 2843 4506 496 2824 3128 2265 2664 1151 1968 4245 1618 4852 1795 2142 3937 3205 1033 3990 4258 3807 2801 1314 170 4524 1694 2934 977 236 2550 4647 4244 3493 2970 658 4679 1108 14 723 2249 2333 3807 234 3573 3310 2493 1393 2637 943 4751 1036 3965 4219 3718 3252 4991 4988 4343 2293 3482 689 2622 3134 2264 1128
134 1496 2447 2951 849 1237 150 1346 2030 4839 1448 2945 4259 3713 4135 3565 4216 3682 4322 2040 2490 1060 2508 3109 1914 1806 3549 3430 1853 4574 315 3461 3617 4500 945 4154 1391 1863 3099 657 640 2161 1800 3199 2458 1978 359 771 3296 1756 4768 3284 616 1274 2064 492 4831 2637 2715 4981 2911 2659 4367 4958 2083 3880 3275 1171 4403 2809 2186 2427 24 3065 689 4313 3426 1127 544 1962
364 411 3442 3799 3678 4933 4843 1613 499 1185 2837 1610 1970 2413 129 706 3659 2436 1224 4990 3826 1558 155 4904 4390 4244 517 3176 2060 3142 3676 4104 3641 3317 2193 1366 54 2595 4412 2312 1855 2931 1295 652 4487 3578 1628 1731 2173 2919 165 3753 429 2441 3375 3002 3555 1484 2112 2436 1962 4238 1814 3058 3520 2058 1135 1604 620 3053 3601 396 218 862 2622 3426 176 1123 3589 724
1790 4988 3926 3039 3586 513 3414 295 1334 827 190 2461 3683 3009 2037 3499 1138 2448 1595 2824 870 1400 2553 4291 3057 2144 1979 2854 3485 464 3564 4770 4836 361 1578 1456 1146 2426 1590 472 1402 2241 1662 919 202 4719 3462 1563 1212 735 4337 160 4783 4685 2775 4520 460 1792 3977 3762 864 4473 4318 4152 440 942 4318 3827 3140 4484 3072 3882 1716 1948 3134 1127 1123 1556 1553 3750
936 2274 733 1424 4963 4686 23 3961 4826 4151 185 1327 3404 197 4088 4779 2539 2639 1003 3397 3173 4442 944 4466 931 2601 193 3165 1989 917 1811 3593 1821 802 2808 2748 95 4027 1906 4553 186 3136 2045 629 2093 1604 1668 962 4917 2599 3441 1046 1088 4789 4183 1578 263 1276 1151 2004 2199 4509 3341 3343 4792 984 1826 2326 1726 3024 4998 2823 3604 4508 2264 544 3589 1553 820 3546
2876 1444 2275 2159 371 895 733 3994 3411 149 3251 2559 4953 3855 3955 974 3534 770 4663 1386 2194 333 181 2501 3570 3663 3765 4257 3239 754 3079 1885 4860 2503 181 1034 708 495 1178 3145 1037 2002 2234 2800 4677 3464 4556 4278 1844 3902 209 2002 4691 3557 3002 3388 4567 3823 2609 1494 4926 1346 348 598 4510 4917 3214 3733 3679 4687 1944 539 4233 1594 1128 1962 724 3750 3546 1360
