N: 80
M: 20
Symmetric: true
Triangle: false
8 67 75 50 49 43 6 45 65
4 59 63 71 40
6 25 78 7 2 33 72
5 22 32 51 12 52
5 62 1 57 29 56
4 5 61 19 17
2 74 41
3 39 18 58
3 54 53 36
6 31 8 23 11 20 42
3 30 66 35
3 80 77 27
3 64 73 14
4 38 16 68 28
5 79 69 55 46 34
4 26 47 24 9
5 13 21 70 10 48
3 4 37 3
3 44 15 60
1 76
465 2263 3981 752 3990 859 3162 2286 1598 4996 4277 3577 1089 2489 1010 1836 4374 1676 4890 202 2791 1955 4248 4882 3794 3816 1682 1558 4944 972 4310 3619 2802 1774 4834 1407 4662 4929 1614 2903 2986 3401 4162 1833 4934 2208 4950 4489 4526 3293 4329 3662 512 4916 1734 1673 3253 4974 307 2510 4650 2786 4965 2584 4411 614 1671 1177 326 991 853 1106 3408 1029 4622 4242 4266 1190 1911 588
2263 4795 1276 940 3436 1956 311 3809 1031 3910 267 2303 2418 3031 1949 3507 1007 1841 2843 4160 2929 3284 2183 3316 4862 2665 652 770 2147 4404 4010 4072 3403 3056 2179 373 1117 1529 447 3947 521 4580 2998 157 4489 415 636 4457 4638 3947 3803 3275 3307 2322 2346 3868 725 1072 1465 1901 1296 3366 209 3950 1380 2739 1651 2795 1775 2904 3043 288 4101 3378 2653 4313 1253 1645 4042 1807
3981 1276 66 4027 4042 1583 160 2351 4442 4345 3332 1164 1180 4152 1500 4643 1412 168 251 3008 3710 481 3372 1603 4243 1087 4509 657 222 884 2456 2091 4747 864 1563 4562 2500 1712 556 4913 1329 2742 1176 4782 3433 3422 3738 3552 3163 3168 1829 2276 3621 2719 4256 1051 4603 2276 747 3484 3776 843 4097 3727 3856 2917 1534 2512 1394 3369 394 1730 634 3333 695 3829 2862 2799 309 3148
752 940 4027 4014 2233 4561 2353 1671 3212 1518 1747 3131 642 4385 3198 4036 3421 3653 1206 919 378 1242 3353 2052 3018 1603 925 1196 719 2708 1123 1915 4331 1012 2739 1929 2347 4202 4088 1197 1735 1406 3081 3458 4621 1068 2179 4283 4012 4592 76 2570 3689 1453 3302 4869 4008 1711 1266 1569 1070 3500 426 4194 1686 917 4419 2177 4556 1699 2153 1651 2506 862 3110 4248 457 1780 3045 2848
3990 3436 4042 2233 1935 1535 4612 1961 2874 4430 849 1295 582 4395 3154 1100 212 4367 2355 3701 4727 1742 2353 4324 4022 3651 1118 4839 3357 3610 1629 1154 4446 1020 547 2783 3964 4157 726 4338 1118 4758 3154 3067 1653 2677 779 3974 4555 1684 2372 1709 782 4538 3288 1900 4592 3701 311 3463 4777 3117 4391 1222 659 11 1359 1094 211 1152 1470 3750 1216 3667 1573 2757 888 3914 3116 1134
859 1956 1583 4561 1535 4157 2084 1683 4801 2787 1690 3278 2291 3274 726 2719 1589 4353 582 2602 1617 3725 1850 4808 186 267 3468 630 922 2217 3688 1726 1771 4391 3162 4396 4880 3363 1660 3412 2866 3622 4998 2798 1038 1664 934 3368 4719 1748 2233 3127 3831 2987 3482 863 4506 1251 2588 3474 1134 973 293 1300 2911 2416 2562 1008 4272 2735 864 4703 3953 874 2714 1981 862 1452 1277 750
3162 311 160 2353 4612 2084 2255 2483 3239 450 699 3128 3947 1801 2051 4766 589 1387 4642 3194 2356 4515 4055 3841 4416 4781 2037 2052 1854 1042 1050 4132 1206 4421 2177 4216 3493 279 3008 4366 3426 716 2409 2735 3074 3621 794 2447 916 3706 1088 1437 3231 4123 1071 197 4279 4719 4274 3886 2425 1883 1213 4009 626 4650 318 2273 769 3332 1961 2707 3714 1292 1987 1904 2866 456 3252 442
2286 3809 2351 1671 1961 1683 2483 4625 1880 2859 4459 3034 932 3151 3280 1457 3351 576 2796 217 632 4008 1241 36 4215 1065 748 1696 2922 2822 4212 3399 4124 4501 1932 4976 1055 1563 1874 86 4012 2008 4086 4761 282 3613 4020 3618 2459 4404 2027 2167 3705 4512 3322 797 3434 543 852 3931 3490 2489 690 2446 4253 3872 656 1744 4555 3622 1837 2807 3392 840 2991 3642 266 4665 1181 897
1598 1031 4442 3212 2874 4801 3239 1880 4470 2354 1355 1377 4196 3220 3771 2124 3489 2702 3319 4487 4084 3037 221 2948 253 3075 1271 2041 3060 4993 1037 27 2251 3629 773 2058 1235 2711 4688 3032 2939 1414 2934 4744 15 2784 4296 2270 2658 3404 829 3158 4729 1294 3071 3210 64 779 2872 3446 4227 699 4147 3118 4469 3479 187 479 1272 35 94 3806 2214 1295 695 801 4637 2463 3784 4426
4996 3910 4345 1518 4430 2787 450 2859 2354 284 4330 3782 2108 4616 4243 1010 292 4696 1329 631 468 2205 214 3845 1628 672 3902 861 4563 2434 2136 3341 1502 4899 4833 1743 4297 4417 3354 1335 3175 2657 1825 2624 470 4602 4030 3143 540 1619 2830 3565 2030 2901 4999 2738 2016 4017 2868 3605 2611 2398 673 332 318 4226 1107 1751 3353 2028 3845 1827 176 289 3117 2622 3620 3780 1965 2912
4277 267 3332 1747 849 1690 699 4459 1355 4330 3190 377 3497 949 111 1411 2490 2749 3902 1463 4072 1209 4972 2070 4265 4578 1862 1248 963 4954 106 4606 956 3609 742 3179 2181 4841 2312 2206 2900 3349 1935 3496 4551 2323 2424 2232 1341 543 4243 804 1801 2445 4779 4700 1538 3853 2218 4875 2704 2421 330 2246 704 4033 2820 3841 1084 3455 340 1585 522 906 1879 626 216 2755 2861 4029
3577 2303 1164 3131 1295 3278 3128 3034 1377 3782 377 2482 4536 539 3918 1433 956 1543 4717 4280 2749 2218 1405 1055 426 3878 1948 3481 3335 3595 4310 2910 782 4346 2649 101 1851 4422 1198 1208 3480 3510 170 4130 1853 2400 942 3444 872 3467 1214 3605 1389 1568 4669 4441 22 2553 2365 681 3349 3609 4169 410 4011 310 4093 934 1727 1620 4560 729 320 2354 746 1519 3281 2390 2213 3198
1089 2418 1180 642 582 2291 3947 932 4196 2108 3497 4536 2955 2139 3594 1528 468 183 3081 1953 433 4135 3552 467 3961 3141 1867 280 4816 3231 1698 4190 4578 2899 2189 1095 3667 3611 1612 3906 4380 816 1948 1284 3606 1843 2902 87 102 4770 4986 1842 1574 3806 2614 3834 903 1667 2891 1837 4217 678 2959 4611 1121 3604 2238 4159 3360 3776 2373 1674 3816 4640 2471 3592 533 4749 2382 2123
2489 3031 4152 4385 4395 3274 1801 3151 3220 4616 949 539 2139 3666 424 2930 2521 4963 2240 2679 4902 825 3825 2504 2816 3933 1248 2384 2759 3750 194 1854 2719 606 2233 4651 2406 978 4444 2472 4796 3952 712 2182 1239 977 1539 3701 1592 3850 877 3762 3673 33 3058 964 705 3683 2192 4436 3353 802 4860 273 219 2515 3102 2184 3512 2216 2924 1995 402 1821 4065 2360 4268 4698 4059 1774
1010 1949 1500 3198 3154 726 2051 3280 3771 4243 111 3918 3594 424 506 4640 3109 4043 4532 221 1080 3122 2902 2730 1282 2301 3621 4206 3085 4889 244 1554 439 612 2948 3661 395 4312 1197 2006 4942 1767 4858 1355 3108 4817 2026 1458 2579 3809 3115 587 3309 1964 415 2505 4678 4026 1886 4370 125 4575 3359 2989 1943 1209 2367 4765 361 2755 904 155 1544 4814 3085 3376 4571 162 4589 4379
1836 3507 4643 4036 1100 2719 4766 1457 2124 1010 1411 1433 1528 2930 4640 2251 4892 3671 1243 4177 644 1516 3020 3754 2263 4531 2971 200 1685 2833 4599 4179 1159 3397 2209 3103 4354 826 2642 2782 1228 3786 2169 1783 259 3680 2284 2323 4741 688 1763 237 3245 4738 153 4231 1764 114 288 4526 3949 3042 39 3031 4325 3706 2989 2059 487 2884 2854 4760 513 4272 1646 125 2965 2617 1569 1613
4374 1007 1412 3421 212 1589 589 3351 3489 292 2490 956 468 2521 3109 4892 3984 4035 1619 3896 2102 3042 3142 2815 3529 1909 3088 853 4996 3815 3024 1034 3443 2944 1628 3697 2734 4764 2147 2384 3418 3065 3898 4180 3238 2442 4050 1736 2731 154 3045 4586 4095 2672 1912 4776 3114 2083 2681 1488 192 3695 2607 2809 4084 2704 1619 385 2205 589 4131 4889 4189 3978 4719 4947 2835 1801 13 1525
1676 1841 168 3653 4367 4353 1387 576 2702 4696 2749 1543 183 4963 4043 3671 4035 2818 439 1717 151 2887 2938 328 1882 3912 83 606 3352 3302 2940 4368 4388 281 3801 2032 800 4452 739 4545 2656 632 31 499 4371 3736 1227 436 3512 1511 560 4738 4259 2711 1030 3134 3759 2355 1639 84 269 1728 1300 4973 2724 3367 949 658 1777 3751 1611 4453 2622 2775 2986 3220 2466 3710 2645 3253
4890 2843 251 1206 2355 582 4642 2796 3319 1329 3902 4717 3081 2240 4532 1243 1619 439 2820 1123 3292 2336 409 1384 3938 304 973 4669 1338 552 3088 232 4753 4639 1063 887 3476 2787 1753 2623 146 3062 4103 792 3370 1241 3567 3610 4160 3941 431 4675 1984 281 4540 2902 4227 567 4542 2175 146 1350 2028 4296 1002 548 332 3783 1326 2765 2879 2035 2220 3974 3638 3771 4977 3605 1055 1641
202 4160 3008 919 3701 2602 3194 217 4487 631 1463 4280 1953 2679 221 4177 3896 1717 1123 2909 832 1440 3192 4258 3496 374 2823 908 3090 4885 343 4537 3635 102 1935 355 622 4323 1748 1487 1791 1173 3154 4901 3200 2331 4985 2325 122 443 4372 2226 4070 2273 3828 2331 4922 4761 3685 4498 1066 1687 1487 4767 2307 1419 4538 1056 3131 697 1088 3494 1498 1136 3960 1198 2497 4360 4051 69
2791 2929 3710 378 4727 1617 2356 632 4084 468 4072 2749 433 4902 1080 644 2102 151 3292 832 96 2538 592 579 391 4451 877 849 2952 1680 2582 4271 2632 2390 2881 691 1309 2673 1794 3603 4606 3016 4840 2971 4444 278 2348 4387 4282 309 4066 2663 685 95 3865 4951 220 591 4616 3661 1257 378 4515 2554 823 1547 1634 3259 666 4584 788 4927 2195 4583 189 2385 2339 1730 1199 406
1955 3284 481 1242 1742 3725 4515 4008 3037 2205 1209 2218 4135 825 3122 1516 3042 2887 2336 1440 2538 3076 4919 4942 2071 2303 4620 2453 4463 175 664 295 3364 820 1094 3378 1977 4407 2037 4734 286 66 3664 3816 2978 1187 2793 185 1542 1584 2622 1143 1757 4500 1004 4127 3388 2675 4973 4688 1514 334 1105 4610 4724 1634 4860 3973 4511 4265 331 3572 139 2763 4843 2973 3307 4528 634 2689
4248 2183 3372 3353 2353 1850 4055 1241 221 214 4972 1405 3552 3825 2902 3020 3142 2938 409 3192 592 4919 4417 3778 4740 2306 3671 4665 4667 4019 1451 3119 1189 3056 3931 2302 2757 1494 3819 493 1319 2395 692 876 4821 1073 3517 4359 2857 3305 1479 4651 3240 2915 187 2163 2013 4347 4533 2638 4524 4367 3510 1995 4953 1067 1335 614 4191 1404 1914 4306 4368 610 1587 4734 1526 3537 2678 3199
4882 3316 1603 2052 4324 4808 3841 36 2948 3845 2070 1055 467 2504 2730 3754 2815 328 1384 4258 579 4942 3778 4010 3068 1121 768 1487 939 2759 2487 3625 4956 1345 3871 1682 4785 2265 1662 1608 2543 3010 3939 3550 1154 4439 4495 2377 2127 2815 1908 4833 3275 3544 4459 2361 143 3442 785 733 317 4751 3179 4033 3087 1506 50 694 1103 125 257 4617 1707 3478 2937 2815 4529 3601 3621 4757
3794 4862 4243 3018 4022 186 4416 4215 253 1628 4265 426 3961 2816 1282 2263 3529 1882 3938 3496 391 2071 4740 3068 688 62 19 2952 389 2683 2418 2994 736 3997 3142 4799 3281 4331 504 2048 4028 3012 1271 1583 3480 223 3956 4993 2636 4841 347 4963 2884 1734 4357 4372 4632 3468 3602 3389 3855 518 3283 4764 1867 3942 4459 3938 2141 1222 1568 1003 3506 1945 2533 3109 3833 4880 271 270
3816 2665 1087 1603 3651 267 4781 1065 3075 672 4578 3878 3141 3933 2301 4531 1909 3912 304 374 4451 2303 2306 1121 62 1418 1497 2536 4142 1957 3359 4385 2995 1206 2435 4310 2746 1474 396 4280 4773 2243 578 281 3751 100 3791 418 4568 1149 4022 2754 835 2209 130 753 302 2009 841 1519 3510 3342 3146 2075 2832 4253 3420 492 754 2576 1279 2572 4235 3170 4923 1919 1528 3146 4112 2835
1682 652 4509 925 1118 3468 2037 748 1271 3902 1862 1948 1867 1248 3621 2971 3088 83 973 2823 877 4620 3671 768 19 1497 4668 73 261 2468 2387 543 2267 1331 124 1862 4476 73 4457 2287 943 4767 1889 4497 1164 1605 375 1706 3981 2798 4411 1400 2030 4209 1854 1087 695 1777 3057 1128 2605 2061 1611 4637 3091 536 3773 4983 795 1585 2695 3211 1775 4980 4563 1931 3239 1327 3569 177
1558 770 657 1196 4839 630 2052 1696 2041 861 1248 3481 280 2384 4206 200 853 606 4669 908 849 2453 4665 1487 2952 2536 73 3173 1366 1941 960 2593 1925 2248 3672 3263 3702 1828 2333 1518 195 4095 2268 4422 1425 981 4127 3315 2054 1586 3395 2907 2439 1429 460 3906 2571 3473 4181 2622 4932 4106 1772 442 1923 1749 2270 1130 2364 4317 4049 2725 4246 4262 989 3330 3800 4970 3666 3313
4944 2147 222 719 3357 922 1854 2922 3060 4563 963 3335 4816 2759 3085 1685 4996 3352 1338 3090 2952 4463 4667 939 389 4142 261 1366 3258 995 2276 4001 478 1708 4326 3266 3966 2979 1689 488 2222 4274 3417 3265 2042 4460 393 2995 2250 1719 1477 4843 553 3624 2755 1004 4697 2705 1418 2235 4449 2642 3128 2683 4770 3432 4699 335 3038 1805 1381 4422 823 4532 1385 1341 2795 923 1270 1919
972 4404 884 2708 3610 2217 1042 2822 4993 2434 4954 3595 3231 3750 4889 2833 3815 3302 552 4885 1680 175 4019 2759 2683 1957 2468 1941 995 1882 628 4163 810 1327 3319 1342 4813 975 2935 3657 572 310 1254 737 2739 2714 4958 4181 598 1319 3666 2082 3238 4142 577 117 4358 3393 4069 63 4645 4530 4695 928 154 3217 169 4244 3963 2039 3109 3141 2239 2213 1218 2636 2029 822 2239 1908
4310 4010 2456 1123 1629 3688 1050 4212 1037 2136 106 4310 1698 194 244 4599 3024 2940 3088 343 2582 664 1451 2487 2418 3359 2387 960 2276 628 540 1510 4283 37 485 2620 3608 1186 3375 3511 4188 3413 4641 758 958 4055 1322 2757 354 3137 1481 3843 3677 4998 1820 1952 425 2602 3464 4838 2430 4481 1310 493 300 4902 2707 2462 1279 1754 832 831 3226 632 3314 4534 3838 4277 3145 2355
3619 4072 2091 1915 1154 1726 4132 3399 27 3341 4606 2910 4190 1854 1554 4179 1034 4368 232 4537 4271 295 3119 3625 2994 4385 543 2593 4001 4163 1510 4840 3827 2486 2034 4956 2185 2887 1225 1429 2006 4013 4519 1682 1053 3789 1823 2070 498 736 787 1132 1397 3355 600 4906 1476 3535 720 4143 3622 2476 4386 3748 3285 4679 4103 2604 1392 2411 992 4487 925 3103 2584 1456 2925 2444 3940 339
2802 3403 4747 4331 4446 1771 1206 4124 2251 1502 956 782 4578 2719 439 1159 3443 4388 4753 3635 2632 3364 1189 4956 736 2995 2267 1925 478 810 4283 3827 3409 1363 4284 2181 4299 2859 1131 378 4407 3155 4788 4783 1773 4371 2978 1751 2758 1659 1873 426 27 1040 2755 636 2836 3247 2926 1467 758 1989 4921 4048 1809 2139 1053 1150 1730 2823 4667 3483 1984 1424 606 4807 861 4062 1464 2141
1774 3056 864 1012 1020 4391 4421 4501 3629 4899 3609 4346 2899 606 612 3397 2944 281 4639 102 2390 820 3056 1345 3997 1206 1331 2248 1708 1327 37 2486 1363 1544 3943 2837 872 2252 833 922 3520 284 2862 4128 1094 2702 3493 1758 1043 2314 1684 4429 4840 2069 3678 741 1161 1285 119 3323 932 3565 4101 1990 4250 112 941 2583 4112 4135 1180 2870 4228 1497 3671 2140 1277 654 3190 1423
4834 2179 1563 2739 547 3162 2177 1932 773 4833 742 2649 2189 2233 2948 2209 1628 3801 1063 1935 2881 1094 3931 3871 3142 2435 124 3672 4326 3319 485 2034 4284 3943 563 3704 1704 888 3149 1357 2534 1892 376 3913 1366 2533 1055 2225 4958 1591 1244 49 3902 2674 2572 1939 773 3695 3582 4281 2609 3385 1922 4031 1118 1134 676 4137 1361 790 288 3280 3735 1476 4414 1234 681 2326 3635 1713
1407 373 4562 1929 2783 4396 4216 4976 2058 1743 3179 101 1095 4651 3661 3103 3697 2032 887 355 691 3378 2302 1682 4799 4310 1862 3263 3266 1342 2620 4956 2181 2837 3704 1788 1544 4059 1292 131 51 610 4761 2391 3460 3125 3257 1900 38 404 3938 1940 539 784 278 1833 3410 2413 3114 3303 2410 1912 3303 246 4941 829 3463 2507 2633 237 2715 4060 787 48 2323 2359 1036 1736 4918 71
4662 1117 2500 2347 3964 4880 3493 1055 1235 4297 2181 1851 3667 2406 395 4354 2734 800 3476 622 1309 1977 2757 4785 3281 2746 4476 3702 3966 4813 3608 2185 4299 872 1704 1544 4388 1716 1680 4138 4788 385 4169 3289 2599 4183 1390 700 2322 153 3921 3733 4266 930 2644 3419 3153 4276 401 3636 2396 1811 2863 138 1314 4735 1173 4727 1196 2409 2924 813 996 690 276 643 3897 3567 1924 4063
4929 1529 1712 4202 4157 3363 279 1563 2711 4417 4841 4422 3611 978 4312 826 4764 4452 2787 4323 2673 4407 1494 2265 4331 1474 73 1828 2979 975 1186 2887 2859 2252 888 4059 1716 1483 4039 2593 298 4110 2228 3342 3437 2322 3323 3611 2189 2138 4504 2085 2053 1900 4035 939 3994 3598 716 3703 4703 2579 230 453 1501 2500 2134 1036 4622 3055 1021 1871 1833 1369 92 3140 4543 760 2850 884
1614 447 556 4088 726 1660 3008 1874 4688 3354 2312 1198 1612 4444 1197 2642 2147 739 1753 1748 1794 2037 3819 1662 504 396 4457 2333 1689 2935 3375 1225 1131 833 3149 1292 1680 4039 472 1563 4956 62 1454 2685 4689 179 3709 3010 2565 3002 407 800 2152 1296 4968 401 2188 1975 3761 786 1046 1785 4278 1659 349 3290 2989 1298 1787 1328 90 3301 1970 3824 1744 932 2205 1124 1237 2323
2903 3947 4913 1197 4338 3412 4366 86 3032 1335 2206 1208 3906 2472 2006 2782 2384 4545 2623 1487 3603 4734 493 1608 2048 4280 2287 1518 488 3657 3511 1429 378 922 1357 131 4138 2593 1563 4479 3874 2620 2867 4700 4960 3244 941 4653 2372 328 2980 3343 3454 169 2224 3121 943 216 1683 4503 4220 4631 1629 1332 1417 4933 1712 1448 996 1053 2028 2501 65 4544 1961 2703 1199 58 3785 4539
2986 521 1329 1735 1118 2866 3426 4012 2939 3175 2900 3480 4380 4796 4942 1228 3418 2656 146 1791 4606 286 1319 2543 4028 4773 943 195 2222 572 4188 2006 4407 3520 2534 51 4788 298 4956 3874 2188 153 1525 1856 4351 3409 1177 3415 900 1756 2432 4686 1663 4042 1034 3297 551 4256 3973 2312 3706 2902 4199 2104 672 2273 3995 3166 1754 500 135 264 3700 233 2769 3138 3135 478 4839 182
3401 4580 2742 1406 4758 3622 716 2008 1414 2657 3349 3510 816 3952 1767 3786 3065 632 3062 1173 3016 66 2395 3010 3012 2243 4767 4095 4274 310 3413 4013 3155 284 1892 610 385 4110 62 2620 153 1313 2012 2893 573 547 805 1740 4498 2421 263 2950 576 3986 643 4579 3954 3929 2063 3014 4924 634 2336 29 1188 4596 786 3261 1977 309 2733 4932 691 570 1387 2009 2605 3464 3619 4513
4162 2998 1176 3081 3154 4998 2409 4086 2934 1825 1935 170 1948 712 4858 2169 3898 31 4103 3154 4840 3664 692 3939 1271 578 1889 2268 3417 1254 4641 4519 4788 2862 376 4761 4169 2228 1454 2867 1525 2012 4001 4532 3931 2926 3587 3272 1773 3618 2918 549 2314 3489 4662 4390 3524 3280 832 2663 442 4067 455 3022 4968 2382 2769 726 598 3260 2523 4163 946 1739 923 492 3301 1787 1469 4363
1833 157 4782 3458 3067 2798 2735 4761 4744 2624 3496 4130 1284 2182 1355 1783 4180 499 792 4901 2971 3816 876 3550 1583 281 4497 4422 3265 737 758 1682 4783 4128 3913 2391 3289 3342 2685 4700 1856 2893 4532 4227 713 4601 497 1868 3858 3964 393 2084 2680 4314 3604 2381 3007 745 194 3520 1081 3300 741 2789 237 862 2120 496 2440 316 2815 2811 1600 1442 4092 1456 967 2379 627 1284
4934 4489 3433 4621 1653 1038 3074 282 15 470 4551 1853 3606 1239 3108 259 3238 4371 3370 3200 4444 2978 4821 1154 3480 3751 1164 1425 2042 2739 958 1053 1773 1094 1366 3460 2599 3437 4689 4960 4351 573 3931 713 1919 171 1892 4524 249 4215 625 2734 3650 3489 1375 3368 975 71 4340 391 200 3793 4720 4849 560 883 4611 3076 4078 4785 3077 3842 4347 519 4056 1955 1203 1590 1173 4132
2208 415 3422 1068 2677 1664 3621 3613 2784 4602 2323 2400 1843 977 4817 3680 2442 3736 1241 2331 278 1187 1073 4439 223 100 1605 981 4460 2714 4055 3789 4371 2702 2533 3125 4183 2322 179 3244 3409 547 2926 4601 171 427 1137 2969 4600 3413 251 4107 3853 2161 729 4942 1946 4786 1161 3039 455 4918 3166 1294 1352 3903 248 1054 1112 244 2828 2389 157 4267 4792 4630 732 3312 4774 3882
4950 636 3738 2179 779 934 794 4020 4296 4030 2424 942 2902 1539 2026 2284 4050 1227 3567 4985 2348 2793 3517 4495 3956 3791 375 4127 393 4958 1322 1823 2978 3493 1055 3257 1390 3323 3709 941 1177 805 3587 497 1892 1137 3921 4238 3164 1501 4944 2193 2243 730 130 3403 911 1309 3495 1009 334 2109 3439 4517 1691 2671 4195 1571 335 1268 3328 370 83 2137 1376 3025 185 3014 3561 1407
4489 4457 3552 4283 3974 3368 2447 3618 2270 3143 2232 3444 87 3701 1458 2323 1736 436 3610 2325 4387 185 4359 2377 4993 418 1706 3315 2995 4181 2757 2070 1751 1758 2225 1900 700 3611 3010 4653 3415 1740 3272 1868 4524 2969 4238 1075 4668 2955 653 3082 2058 2949 4760 3378 2369 4518 4195 1415 4219 4442 571 2472 1136 852 4875 874 2890 3148 4060 3082 272 658 4455 4458 3715 4975 4414 2894
4526 4638 3163 4012 4555 4719 916 2459 2658 540 1341 872 102 1592 2579 4741 2731 3512 4160 122 4282 1542 2857 2127 2636 4568 3981 2054 2250 598 354 498 2758 1043 4958 38 2322 2189 2565 2372 900 4498 1773 3858 249 4600 3164 4668 1811 2219 1892 1275 4330 4245 1452 4716 899 2726 2540 59 4414 3868 4960 1836 2785 3078 417 3673 1286 1709 1482 209 408 3731 577 961 3506 3845 1936 3670
3293 3947 3168 4592 1684 1748 3706 4404 3404 1619 543 3467 4770 3850 3809 688 154 1511 3941 443 309 1584 3305 2815 4841 1149 2798 1586 1719 1319 3137 736 1659 2314 1591 404 153 2138 3002 328 1756 2421 3618 3964 4215 3413 1501 2955 2219 1036 2709 753 143 4961 1378 1466 2938 3898 3067 552 3279 397 2132 302 4236 966 1096 4979 1390 532 3725 2444 4342 896 821 3234 3755 4705 915 904
4329 3803 1829 76 2372 2233 1088 2027 829 2830 4243 1214 4986 877 3115 1763 3045 560 431 4372 4066 2622 1479 1908 347 4022 4411 3395 1477 3666 1481 787 1873 1684 1244 3938 3921 4504 407 2980 2432 263 2918 393 625 251 4944 653 1892 2709 4429 4509 3386 1458 4608 1854 1272 3103 338 1359 2632 1042 3548 3398 3251 3778 4658 883 2375 4460 2127 4238 4320 4192 4800 1246 935 4047 4790 4853
3662 3275 2276 2570 1709 3127 1437 2167 3158 3565 804 3605 1842 3762 587 237 4586 4738 4675 2226 2663 1143 4651 4833 4963 2754 1400 2907 4843 2082 3843 1132 426 4429 49 1940 3733 2085 800 3343 4686 2950 549 2084 2734 4107 2193 3082 1275 753 4509 33 2660 372 3134 3479 2655 4337 1057 3307 611 1449 4612 3740 1151 4332 208 1549 859 51 422 2357 4359 1804 2720 1163 4979 1849 1670 2142
512 3307 3621 3689 782 3831 3231 3705 4729 2030 1801 1389 1574 3673 3309 3245 4095 4259 1984 4070 685 1757 3240 3275 2884 835 2030 2439 553 3238 3677 1397 27 4840 3902 539 4266 2053 2152 3454 1663 576 2314 2680 3650 3853 2243 2058 4330 143 3386 2660 894 3740 2006 2212 3862 614 4859 4555 1418 2728 1271 1716 2935 460 2329 498 1356 3958 2342 1629 237 781 2223 3011 2754 3137 142 3433
4916 2322 2719 1453 4538 2987 4123 4512 1294 2901 2445 1568 3806 33 1964 4738 2672 2711 281 2273 95 4500 2915 3544 1734 2209 4209 1429 3624 4142 4998 3355 1040 2069 2674 784 930 1900 1296 169 4042 3986 3489 4314 3489 2161 730 2949 4245 4961 1458 372 3740 1058 4736 4173 4118 1858 4503 879 814 3035 1466 21 3964 4973 4766 4033 2202 2668 2829 3035 2364 745 4083 2746 2681 947 3175 3659
1734 2346 4256 3302 3288 3482 1071 3322 3071 4999 4779 4669 2614 3058 415 153 1912 1030 4540 3828 3865 1004 187 4459 4357 130 1854 460 2755 577 1820 600 2755 3678 2572 278 2644 4035 4968 2224 1034 643 4662 3604 1375 729 130 4760 1452 1378 4608 3134 2006 4736 1336 1075 2199 4011 4392 2079 379 3995 3964 1804 3440 1780 2511 658 951 661 1463 83 2177 1550 3411 3691 483 1142 4536 4026
1673 3868 1051 4869 1900 863 197 797 3210 2738 4700 4441 3834 964 2505 4231 4776 3134 2902 2331 4951 4127 2163 2361 4372 753 1087 3906 1004 117 1952 4906 636 741 1939 1833 3419 939 401 3121 3297 4579 4390 2381 3368 4942 3403 3378 4716 1466 1854 3479 2212 4173 1075 4003 4190 635 797 3492 1366 3802 2040 1158 707 1021 1542 4163 4891 3682 1027 3103 350 4657 2408 2804 2132 971 1907 4219
3253 725 4603 4008 4592 4506 4279 3434 64 2016 1538 22 903 705 4678 1764 3114 3759 4227 4922 220 3388 2013 143 4632 302 695 2571 4697 4358 425 1476 2836 1161 773 3410 3153 3994 2188 943 551 3954 3524 3007 975 1946 911 2369 899 2938 1272 2655 3862 4118 2199 4190 3472 524 4919 768 2450 1414 4331 1557 945 737 549 4920 2732 3090 1996 4962 102 429 2174 4780 3655 3170 4803 1592
4974 1072 2276 1711 3701 1251 4719 543 779 4017 3853 2553 1667 3683 4026 114 2083 2355 567 4761 591 2675 4347 3442 3468 2009 1777 3473 2705 3393 2602 3535 3247 1285 3695 2413 4276 3598 1975 216 4256 3929 3280 745 71 4786 1309 4518 2726 3898 3103 4337 614 1858 4011 635 524 870 1991 2072 1062 2899 2079 2810 928 3768 4741 1717 3248 3072 113 2253 2733 40 4345 2468 4288 4255 2025 661
307 1465 747 1266 311 2588 4274 852 2872 2868 2218 2365 2891 2192 1886 288 2681 1639 4542 3685 4616 4973 4533 785 3602 841 3057 4181 1418 4069 3464 720 2926 119 3582 3114 401 716 3761 1683 3973 2063 832 194 4340 1161 3495 4195 2540 3067 338 1057 4859 4503 4392 797 4919 1991 392 3299 1508 1556 23 2260 1090 4238 2113 1738 2119 2313 601 1171 1197 2663 1656 3246 3845 2806 1647 1516
2510 1901 3484 1569 3463 3474 3886 3931 3446 3605 4875 681 1837 4436 4370 4526 1488 84 2175 4498 3661 4688 2638 733 3389 1519 1128 2622 2235 63 4838 4143 1467 3323 4281 3303 3636 3703 786 4503 2312 3014 2663 3520 391 3039 1009 1415 59 552 1359 3307 4555 879 2079 3492 768 2072 3299 1437 3567 1905 738 4543 1172 4677 4270 1040 4039 586 1827 1768 1363 2800 2438 4893 507 2964 2179 2601
4650 1296 3776 1070 4777 1134 2425 3490 4227 2611 2704 3349 4217 3353 125 3949 192 269 146 1066 1257 1514 4524 317 3855 3510 2605 4932 4449 4645 2430 3622 758 932 2609 2410 2396 4703 1046 4220 3706 4924 442 1081 200 455 334 4219 4414 3279 2632 611 1418 814 379 1366 2450 1062 1508 3567 2704 651 681 1910 1966 4344 3671 3174 1859 1911 1249 4951 868 4081 2649 3663 2891 4854 4870 4599
2786 3366 843 3500 3117 973 1883 2489 699 2398 2421 3609 678 802 4575 3042 3695 1728 1350 1687 378 334 4367 4751 518 3342 2061 4106 2642 4530 4481 2476 1989 3565 3385 1912 1811 2579 1785 4631 2902 634 4067 3300 3793 4918 2109 4442 3868 397 1042 1449 2728 3035 3995 3802 1414 2899 1556 1905 651 2872 2802 1081 1851 4390 111 1040 534 3634 2662 973 1401 2029 3219 4885 3839 2274 2987 4174
4965 209 4097 426 4391 293 1213 690 4147 673 330 4169 2959 4860 3359 39 2607 1300 2028 1487 4515 1105 3510 3179 3283 3146 1611 1772 3128 4695 1310 4386 4921 4101 1922 3303 2863 230 4278 1629 4199 2336 455 741 4720 3166 3439 571 4960 2132 3548 4612 1271 1466 3964 2040 4331 2079 23 738 681 2802 1967 1514 696 1751 1591 3671 2674 1561 3195 136 1071 1055 844 3653 4115 1753 1141 1833
2584 3950 3727 4194 1222 1300 4009 2446 3118 332 2246 410 4611 273 2989 3031 2809 4973 4296 4767 2554 4610 1995 4033 4764 2075 4637 442 2683 928 493 3748 4048 1990 4031 246 138 453 1659 1332 2104 29 3022 2789 4849 1294 4517 2472 1836 302 3398 3740 1716 21 1804 1158 1557 2810 2260 4543 1910 1081 1514 505 2189 286 1739 259 2813 4190 4695 3467 3276 144 2414 3847 1277 3364 2359 1630
4411 1380 3856 1686 659 2911 626 4253 4469 318 704 4011 1121 219 1943 4325 4084 2724 1002 2307 823 4724 4953 3087 1867 2832 3091 1923 4770 154 300 3285 1809 4250 1118 4941 1314 1501 349 1417 672 1188 4968 237 560 1352 1691 1136 2785 4236 3251 1151 2935 3964 3440 707 945 928 1090 1172 1966 1851 696 2189 2282 423 3192 4230 3250 4794 109 4796 4942 2686 3979 3468 1406 882 2787 2471
614 2739 2917 917 11 2416 4650 3872 3479 4226 4033 310 3604 2515 1209 3706 2704 3367 548 1419 1547 1634 1067 1506 3942 4253 536 1749 3432 3217 4902 4679 2139 112 1134 829 4735 2500 3290 4933 2273 4596 2382 862 883 3903 2671 852 3078 966 3778 4332 460 4973 1780 1021 737 3768 4238 4677 4344 4390 1751 286 423 4580 2037 1918 3092 906 4205 1775 2765 2878 857 3430 3834 153 2429 107
1671 1651 1534 4419 1359 2562 318 656 187 1107 2820 4093 2238 3102 2367 2989 1619 949 332 4538 1634 4860 1335 50 4459 3420 3773 2270 4699 169 2707 4103 1053 941 676 3463 1173 2134 2989 1712 3995 786 2769 2120 4611 248 4195 4875 417 1096 4658 208 2329 4766 2511 1542 549 4741 2113 4270 3671 111 1591 1739 3192 2037 2100 3838 683 317 1272 113 4626 33 1036 1487 3686 1274 4159 3334
1177 2795 2512 2177 1094 1008 2273 1744 479 1751 3841 934 4159 2184 4765 2059 385 658 3783 1056 3259 3973 614 694 3938 492 4983 1130 335 4244 2462 2604 1150 2583 4137 2507 4727 1036 1298 1448 3166 3261 726 496 3076 1054 1571 874 3673 4979 883 1549 498 4033 658 4163 4920 1717 1738 1040 3174 1040 3671 259 4230 1918 3838 2280 2177 3821 3001 4553 2886 3064 4285 2013 4084 4959 1464 626
326 1775 1394 4556 211 4272 769 4555 1272 3353 1084 1727 3360 3512 361 487 2205 1777 1326 3131 666 4511 4191 1103 2141 754 795 2364 3038 3963 1279 1392 1730 4112 1361 2633 1196 4622 1787 996 1754 1977 598 2440 4078 1112 335 2890 1286 1390 2375 859 1356 2202 951 4891 2732 3248 2119 4039 1859 534 2674 2813 3250 3092 683 2177 3714 872 2227 3240 4432 4579 4379 1417 4514 2364 42 1502
991 2904 3369 1699 1152 2735 3332 3622 35 2028 3455 1620 3776 2216 2755 2884 589 3751 2765 697 4584 4265 1404 125 1222 2576 1585 4317 1805 2039 1754 2411 2823 4135 790 237 2409 3055 1328 1053 500 309 3260 316 4785 244 1268 3148 1709 532 4460 51 3958 2668 661 3682 3090 3072 2313 586 1911 3634 1561 4190 4794 906 317 3821 872 419 174 194 631 81 1198 124 4481 1424 4540 755
853 3043 394 2153 1470 864 1961 1837 94 3845 340 4560 2373 2924 904 2854 4131 1611 2879 1088 788 331 1914 257 1568 1279 2695 4049 1381 3109 832 992 4667 1180 288 2715 2924 1021 90 2028 135 2733 2523 2815 3077 2828 3328 4060 1482 3725 2127 422 2342 2829 1463 1027 1996 113 601 1827 1249 2662 3195 4695 109 4205 1272 3001 2227 174 1943 335 1399 3692 1818 4740 770 1776 928 4228
1106 288 1730 1651 3750 4703 2707 2807 3806 1827 1585 729 1674 1995 155 4760 4889 4453 2035 3494 4927 3572 4306 4617 1003 2572 3211 2725 4422 3141 831 4487 3483 2870 3280 4060 813 1871 3301 2501 264 4932 4163 2811 3842 2389 370 3082 209 2444 4238 2357 1629 3035 83 3103 4962 2253 1171 1768 4951 973 136 3467 4796 1775 113 4553 3240 194 335 4469 3922 4040 1986 4512 4670 524 999 907
3408 4101 634 2506 1216 3953 3714 3392 2214 176 522 320 3816 402 1544 513 4189 2622 2220 1498 2195 139 4368 1707 3506 4235 1775 4246 823 2239 3226 925 1984 4228 3735 787 996 1833 1970 65 3700 691 946 1600 4347 157 83 272 408 4342 4320 4359 237 2364 2177 350 102 2733 1197 1363 868 1401 1071 3276 4942 2765 4626 2886 4432 631 1399 3922 416 3200 4812 3070 15 1240 4155 2582
1029 3378 3333 862 3667 874 1292 840 1295 289 906 2354 4640 1821 4814 4272 3978 2775 3974 1136 4583 2763 610 3478 1945 3170 4980 4262 4532 2213 632 3103 1424 1497 1476 48 690 1369 3824 4544 233 570 1739 1442 519 4267 2137 658 3731 896 4192 1804 781 745 1550 4657 429 40 2663 2800 4081 2029 1055 144 2686 2878 33 3064 4579 81 3692 4040 3200 4721 2915 22 628 605 2706 1033
4622 2653 695 3110 1573 2714 1987 2991 695 3117 1879 746 2471 4065 3085 1646 4719 2986 3638 3960 189 4843 1587 2937 2533 4923 4563 989 1385 1218 3314 2584 606 3671 4414 2323 276 92 1744 1961 2769 1387 923 4092 4056 4792 1376 4455 577 821 4800 2720 2223 4083 3411 2408 2174 4345 1656 2438 2649 3219 844 2414 3979 857 1036 4285 4379 1198 1818 1986 4812 2915 800 4986 356 3535 114 1570
4242 4313 3829 4248 2757 1981 1904 3642 801 2622 626 1519 3592 2360 3376 125 4947 3220 3771 1198 2385 2973 4734 2815 3109 1919 1931 3330 1341 2636 4534 1456 4807 2140 1234 2359 643 3140 932 2703 3138 2009 492 1456 1955 4630 3025 4458 961 3234 1246 1163 3011 2746 3691 2804 4780 2468 3246 4893 3663 4885 3653 3847 3468 3430 1487 2013 1417 124 4740 4512 3070 22 4986 960 1429 3416 835 1157
4266 1253 2862 457 888 862 2866 266 4637 3620 216 3281 533 4268 4571 2965 2835 2466 4977 2497 2339 3307 1526 4529 3833 1528 3239 3800 2795 2029 3838 2925 861 1277 681 1036 3897 4543 2205 1199 3135 2605 3301 967 1203 732 185 3715 3506 3755 935 4979 2754 2681 483 2132 3655 4288 3845 507 2891 3839 4115 1277 1406 3834 3686 4084 4514 4481 770 4670 15 628 356 1429 4138 3326 3931 16
1190 1645 2799 1780 3914 1452 456 4665 2463 3780 2755 2390 4749 4698 162 2617 1801 3710 3605 4360 1730 4528 3537 3601 4880 3146 1327 4970 923 822 4277 2444 4062 654 2326 1736 3567 760 1124 58 478 3464 1787 2379 1590 3312 3014 4975 3845 4705 4047 1849 3137 947 1142 971 3170 4255 2806 2964 4854 2274 1753 3364 882 153 1274 4959 2364 1424 1776 524 1240 605 3535 3416 3326 2003 3357 4703
1911 4042 309 3045 3116 1277 3252 1181 3784 1965 2861 2213 2382 4059 4589 1569 13 2645 1055 4051 1199 634 2678 3621 271 4112 3569 3666 1270 2239 3145 3940 1464 3190 3635 4918 1924 2850 1237 3785 4839 3619 1469 627 1173 4774 3561 4414 1936 915 4790 1670 142 3175 4536 1907 4803 2025 1647 2179 4870 2987 1141 2359 2787 2429 4159 1464 42 4540 928 999 4155 2706 114 835 3931 3357 511 2724
588 1807 3148 2848 1134 750 442 897 4426 2912 4029 3198 2123 1774 4379 1613 1525 3253 1641 69 406 2689 3199 4757 270 2835 177 3313 1919 1908 2355 339 2141 1423 1713 71 4063 884 2323 4539 182 4513 4363 1284 4132 3882 1407 2894 3670 904 4853 2142 3433 3659 4026 4219 1592 661 1516 2601 4599 4174 1833 1630 2471 107 3334 626 1502 755 4228 907 2582 1033 1570 1157 16 4703 2724 2080
