N: 80
M: 20
Symmetric: true
Triangle: false
4 52 75 50 29
3 9 59 66
1 22
1 45
6 43 54 51 15 25 34
3 12 41 5
5 7 33 57 56 37
5 47 40 72 27 78
5 10 69 32 53 31
5 42 62 63 13 1
3 77 39 76
3 4 67 19
7 44 3 20 61 24 35 18
6 2 38 80 71 8 17
5 46 28 64 48 36
6 58 55 49 30 16 14
3 73 6 74
4 70 79 26 21
3 65 60 23
2 68 11
2510 3217 1952 4200 135 1018 1975 113 3837 3900 139 279 4154 3730 4599 4333 3244 4940 3652 1014 4145 710 1438 1402 3670 2722 813 379 467 118 3372 178 803 1926 3858 934 2316 3243 1908 3368 1512 31 3717 66 4631 608 717 1147 706 616 4255 2152 196 4578 3474 2938 2815 4997 1438 983 4451 2411 1583 4704 1515 4085 1131 1585 1021 3853 3456 4690 987 3768 1703 12 3149 1826 460 4318
3217 1685 4266 987 3610 2261 1333 2782 4403 631 1839 4474 4835 4532 2422 390 2185 1180 1239 1909 2494 563 791 3974 2694 1119 230 2068 2832 2503 2510 4646 3171 797 2802 4598 1501 2229 3549 192 807 2701 4692 1779 1510 650 3939 2877 3128 3495 168 3230 2665 1983 571 50 1071 4568 2273 3093 2318 24 1699 3045 2433 2361 2015 2760 4060 3816 1657 3660 4710 3101 4854 1419 2376 1529 1421 1085
1952 4266 3976 1430 523 4287 1298 2363 55 2821 2735 1962 1648 95 4254 3256 4358 989 2937 2083 1454 343 4100 4854 1402 899 3266 232 2676 1523 343 650 86 13 2277 1120 4396 241 66 4164 4367 1791 3514 79 4084 4004 4959 3332 4805 4120 373 985 2291 3151 1060 1825 507 3365 2707 3996 2421 4746 1509 3309 1087 960 643 367 1413 888 71 4114 1206 1033 1322 2614 4435 1686 1797 1687
4200 987 1430 4915 2369 3477 1101 1089 4920 3930 3428 307 477 3568 1680 1921 157 3730 1598 1226 1624 3699 301 859 1418 2355 4166 1060 1704 3142 4097 3590 470 1396 1391 3890 4120 2051 1088 4462 386 3040 4441 2044 4181 3545 3955 2366 133 2261 2778 1286 2534 2396 1188 2059 1977 3233 1450 1827 3138 2021 4668 1312 4438 983 2795 1457 3773 3227 2393 4743 4175 4957 928 4762 4889 1549 1833 4594
135 3610 523 2369 2705 566 3847 4371 2611 3002 67 2743 1961 4771 743 793 1008 4171 801 1210 3473 234 690 336 3093 4131 1462 2707 243 113 3823 731 4410 1736 1826 4770 800 4180 862 3286 3742 3280 3482 4624 2419 3560 838 1507 927 201 823 2178 1208 3961 2172 49 1417 3426 874 1526 883 3758 4844 1168 1272 1791 830 249 3124 3351 4558 4654 1460 3409 4938 2987 428 857 4646 4842
1018 2261 4287 3477 566 4684 1337 3894 1509 626 2072 3341 4503 3847 2024 555 571 3685 1490 1403 1067 3794 2541 4437 3370 327 4383 814 608 4071 2321 3275 3155 2520 4692 389 3759 2091 548 4040 2976 3797 2932 4720 213 915 1355 952 3488 848 3336 4601 4812 3531 996 2495 2301 4700 1346 1880 409 921 1690 2373 4182 4746 156 792 2387 3157 3452 4157 4211 564 4106 1515 1739 4330 4632 2237
1975 1333 1298 1101 3847 1337 3666 122 3019 2643 2376 4391 3005 3017 4037 2969 1647 1186 180 2602 1538 1923 4901 3770 2173 4256 2174 2678 2705 3105 3361 2461 1190 1421 845 424 3125 520 2219 41 3931 4930 4923 589 936 2571 1949 1155 174 1749 923 4731 1456 110 938 2561 1763 1053 3957 2085 1354 1861 4597 210 3736 2858 22 3548 1790 1173 2681 2590 3751 3663 4584 4015 2346 2192 2631 846
113 2782 2363 1089 4371 3894 122 2545 4810 3865 728 4453 2614 711 600 1125 878 2961 516 61 3644 821 2491 1612 358 1010 4846 1614 3274 565 4535 2937 968 2475 3112 2499 321 4260 4408 2632 3994 2368 1143 2138 81 4388 3337 3581 3022 3005 3627 445 2589 3275 3898 569 931 2106 4236 2122 1513 4012 4336 506 2628 2879 2122 4975 2567 2288 2523 2386 662 1168 479 3793 2888 3932 3340 4559
3837 4403 55 4920 2611 1509 3019 4810 3608 4643 3948 2646 2877 1521 155 2414 566 512 3121 3564 1575 2411 3135 4562 2098 3936 1926 1403 3371 1189 4784 391 2326 488 2155 755 2338 189 4010 4898 3026 4551 4503 4987 4577 4746 601 4169 4999 2414 1040 3537 2378 4504 1206 354 3735 2306 1373 2060 4430 3149 288 527 595 3388 4759 2321 343 761 1110 4861 1284 3240 4051 3171 741 864 2613 4353
3900 631 2821 3930 3002 626 2643 3865 4643 850 1742 2195 3307 4353 384 1846 449 3012 680 215 2991 2533 3070 3506 3310 1399 532 2505 3411 479 787 3071 2763 931 3995 2469 1761 3297 4596 4602 1023 1612 2392 1331 2182 1278 3945 1635 830 3446 3632 4089 2921 1117 2189 1842 302 2475 2931 4516 3654 592 4926 2340 92 514 4754 2714 1372 1295 1964 1518 1536 593 3384 1635 3076 2995 3769 3383
139 1839 2735 3428 67 2072 2376 728 3948 1742 1691 2145 3060 352 1192 494 2112 940 4255 2848 3185 2193 3988 1378 3609 1210 860 3489 3760 4109 4627 1768 1835 618 277 2558 2563 2678 3016 3904 2293 723 821 898 4371 2554 4909 2237 500 2797 3295 2289 3983 2873 307 344 4828 4487 3161 3785 1070 483 3607 3409 3745 3041 2087 479 1335 311 3064 521 2084 3617 2966 4532 4439 4270 1747 314
279 4474 1962 307 2743 3341 4391 4453 2646 2195 2145 102 4834 2425 4723 627 4297 3216 3885 4632 2372 1456 1666 3895 4823 3064 2750 4507 2825 3260 3174 3924 2815 3020 586 4317 4272 2595 4781 1225 4101 1713 776 3728 3622 2185 572 1942 1165 3943 4957 974 4367 3030 2276 4640 1797 4994 170 1267 974 3310 3647 14 4927 2660 4975 2541 122 1330 3035 1972 2855 3496 1495 4252 2546 4571 3188 4881
4154 4835 1648 477 1961 4503 3005 2614 2877 3307 3060 4834 4673 1596 1187 4683 1363 2396 3698 2250 2247 1675 2276 1532 2076 2601 4427 1734 627 4261 2141 1731 3235 4750 3938 1729 3930 801 2080 2547 2886 4755 1345 4872 1614 404 2309 3250 638 4043 3502 662 3165 104 3527 3099 3251 4886 1821 1638 805 3890 2690 446 3804 3106 622 595 4609 4295 4409 1116 1651 4262 784 4552 1785 3777 4900 2320
3730 4532 95 3568 4771 3847 3017 711 1521 4353 352 2425 1596 1030 3685 184 3149 723 2474 3588 4104 3900 593 4519 2799 3173 421 3263 2870 3698 1332 3172 4550 224 4451 4985 331 64 2396 2350 4637 1909 4711 398 3820 1371 904 2721 1597 2224 1166 242 2089 3109 3897 2297 2969 4193 2352 2128 3327 274 806 2522 4308 2870 2153 4637 4331 1462 1616 2744 438 463 699 2163 2112 3820 3530 3133
4599 2422 4254 1680 743 2024 4037 600 155 384 1192 4723 1187 3685 2729 3109 1822 2295 3885 3553 800 1962 883 2951 3687 1579 4132 3592 1762 1247 3775 2990 2302 3202 1010 1720 4178 2198 3062 1336 4325 650 3430 3543 1009 1503 4796 3820 1534 2094 4260 2391 4486 2345 1982 3979 1462 3886 1613 1849 2506 4812 2366 2984 3226 3120 3286 1551 2008 1128 1632 666 4654 4910 3779 266 1000 2931 90 3622
4333 390 3256 1921 793 555 2969 1125 2414 1846 494 627 4683 184 3109 4727 1104 51 696 4253 2945 2636 3046 2181 1632 1577 3188 4869 1007 4146 3645 4720 1680 4120 1192 1252 4878 519 4744 653 3752 3610 3801 660 3163 1857 2827 1844 580 2926 1421 1221 2076 2418 3376 4529 3633 4627 4955 3960 4177 2935 3675 796 4901 1201 995 3551 2532 1782 712 299 3894 3923 412 3114 1227 975 888 1605
3244 2185 4358 157 1008 571 1647 878 566 449 2112 4297 1363 3149 1822 1104 1961 1223 1244 1510 4737 4262 1915 974 3450 1593 3144 3387 4980 3394 592 3392 3794 4774 4933 4032 2885 189 4262 2180 3481 3577 3131 911 2818 2982 4315 3434 2254 3154 1474 2486 3944 74 1283 85 1599 1595 3524 1748 40 4034 1678 4411 2396 1116 107 3936 171 3879 1536 4032 1600 3842 2969 4889 1740 4532 762 3375
4940 1180 989 3730 4171 3685 1186 2961 512 3012 940 3216 2396 723 2295 51 1223 3273 2570 2226 1857 3982 2579 4526 3822 26 4094 1279 4812 774 1160 1452 569 769 3319 2461 3941 384 2664 207 211 4773 2057 799 825 3578 4539 2220 3707 4761 16 3948 3101 1957 860 468 3859 655 1099 992 1565 1507 3278 227 1205 2370 4413 226 1375 105 1179 729 3625 2958 2758 207 2362 3353 1759 3492
3652 1239 2937 1598 801 1490 180 516 3121 680 4255 3885 3698 2474 3885 696 1244 2570 888 2566 1900 3997 2862 3914 1574 1646 1983 4646 4486 3776 250 961 3991 3886 3363 3776 4299 454 1625 4689 1405 3716 78 4893 2258 2550 1210 3123 2918 2216 358 3105 3026 4803 3705 3414 3156 4523 3575 680 3443 795 103 3915 2337 3059 4213 1709 440 240 1356 3410 4841 4135 2007 1867 933 3908 532 3916
1014 1909 2083 1226 1210 1403 2602 61 3564 215 2848 4632 2250 3588 3553 4253 1510 2226 2566 1325 2953 3168 2445 2579 2562 2829 1023 628 1297 1854 619 744 1037 4791 2794 2485 3491 964 3963 3310 1670 180 4212 527 1568 4939 4087 686 1657 861 2545 3653 3195 1034 3354 1612 3835 2332 97 4983 2954 4107 2306 3662 3484 1110 3031 1939 2748 1597 831 615 680 3635 2808 1730 472 1644 2656 3186
4145 2494 1454 1624 3473 1067 1538 3644 1575 2991 3185 2372 2247 4104 800 2945 4737 1857 1900 2953 467 4532 2821 2524 863 534 3295 808 4895 3207 932 868 3049 4993 591 4942 751 4344 1201 1417 2447 1412 3360 353 54 4578 1843 2097 3460 1168 2068 2259 338 271 1924 3908 3865 4774 4586 2416 954 649 1282 552 788 3929 3455 72 2906 845 1792 536 3826 403 3682 1641 2755 354 4636 4665
710 563 343 3699 234 3794 1923 821 2411 2533 2193 1456 1675 3900 1962 2636 4262 3982 3997 3168 4532 905 3430 817 1583 3633 3794 4086 4917 1164 4894 75 1881 2482 1688 3896 2832 1146 805 1543 2465 4131 1795 2407 4633 1109 646 664 2825 3540 85 2883 1300 3909 4260 1874 1439 2854 2239 88 4068 3599 3520 4232 1532 2877 1968 2676 904 254 1571 1522 1206 568 2577 1715 2606 4152 1451 1718
1438 791 4100 301 690 2541 4901 2491 3135 3070 3988 1666 2276 593 883 3046 1915 2579 2862 2445 2821 3430 2782 4787 4269 3267 2452 4331 3112 2590 1401 581 2966 828 2274 1885 4427 201 746 679 1502 2012 4631 168 1172 122 3412 2562 4357 3573 3658 3489 3097 3686 4185 4963 1978 1855 1452 3946 4849 887 3864 2873 4526 2656 2023 4373 4974 3959 2601 1859 301 307 4004 1032 80 4376 4765 4446
1402 3974 4854 859 336 4437 3770 1612 4562 3506 1378 3895 1532 4519 2951 2181 974 4526 3914 2579 2524 817 4787 4785 4786 1233 3610 3886 4162 3023 1397 3248 3561 2487 2267 3810 385 587 3885 2416 4107 635 2286 1623 226 3883 4186 4570 4469 3950 1542 2025 1697 4319 3961 4054 1144 4056 3891 1188 3390 1157 611 3419 2918 75 2626 2406 2230 3987 4274 1141 1646 4513 1150 4199 2284 4830 3431 1167
3670 2694 1402 1418 3093 3370 2173 358 2098 3310 3609 4823 2076 2799 3687 1632 3450 3822 1574 2562 863 1583 4269 4786 3145 4885 1206 928 2380 4451 856 1058 4852 484 3495 4030 2654 3666 2283 1114 2226 508 4635 4434 234 4070 3336 780 1128 1465 4957 4540 2901 2244 2856 4803 378 4376 4076 4704 1506 4250 4389 4860 488 3214 3179 3535 1931 1652 1756 3201 2100 1472 228 599 526 4167 1910 680
2722 1119 899 2355 4131 327 4256 1010 3936 1399 1210 3064 2601 3173 1579 1577 1593 26 1646 2829 534 3633 3267 1233 4885 3592 584 994 1524 2091 3316 2391 2861 2027 2421 2487 4218 3151 4054 1688 2005 4274 3939 4012 956 3928 1916 2321 2052 3808 1687 961 2768 2925 2619 4933 1533 3515 2664 1426 4134 2503 4891 4066 4257 1121 273 1738 4652 4624 2023 4933 1731 3848 3230 1707 4071 4416 690 458
813 230 3266 4166 1462 4383 2174 4846 1926 532 860 2750 4427 421 4132 3188 3144 4094 1983 1023 3295 3794 2452 3610 1206 584 3201 559 1799 617 4402 1251 3879 3619 3280 2600 4571 4362 3001 2800 1658 4836 3601 446 1446 4133 521 2161 1033 859 1620 3176 600 1725 3235 111 3894 3547 4400 432 598 3741 4356 4354 3717 4939 4939 2877 2810 4072 4892 4501 4186 2706 203 849 1731 2317 2850 2643
379 2068 232 1060 2707 814 2678 1614 1403 2505 3489 4507 1734 3263 3592 4869 3387 1279 4646 628 808 4086 4331 3886 928 994 559 2530 4375 1345 651 3792 3770 4912 2724 3340 2273 2568 2486 1743 2862 298 3768 1307 2370 3616 1116 993 1442 3487 3296 4146 1981 1869 2636 327 4946 4483 1112 4019 4253 1498 2821 2189 3229 4812 1619 3706 3757 3083 479 3716 3205 4687 267 1177 1608 41 2386 3757
467 2832 2676 1704 243 608 2705 3274 3371 3411 3760 2825 627 2870 1762 1007 4980 4812 4486 1297 4895 4917 3112 4162 2380 1524 1799 4375 2686 4780 1562 3370 2223 4574 3581 1168 1973 1292 1231 581 4249 3745 3852 351 1419 277 3257 4559 434 1661 1717 3007 3315 2577 4069 4296 1034 3963 3565 3324 1033 2976 4985 2028 3299 330 2753 2957 2917 4220 4830 3328 2136 1292 1272 1460 2038 706 4506 4126
118 2503 1523 3142 113 4071 3105 565 1189 479 4109 3260 4261 3698 1247 4146 3394 774 3776 1854 3207 1164 2590 3023 4451 2091 617 1345 4780 4286 2809 1160 1112 1058 1177 602 4032 4944 2391 321 830 3687 4668 2562 4803 195 1305 218 4019 2680 911 2276 413 1578 64 4926 4017 1693 3266 2749 4825 1190 4900 2989 3759 1504 1958 829 3462 519 2713 2151 4180 1845 1572 4351 534 2773 2741 564
3372 2510 343 4097 3823 2321 3361 4535 4784 787 4627 3174 2141 1332 3775 3645 592 1160 250 619 932 4894 1401 1397 856 3316 4402 651 1562 2809 2360 610 4065 1603 3361 761 4342 4735 3434 3420 4599 4977 937 2372 577 4380 814 1822 3060 4550 1217 3993 2504 2569 2115 2268 219 3636 3204 1835 1785 844 4866 172 2628 3180 3173 4052 4400 2139 971 4687 2287 4029 1233 1854 4390 4398 3917 2388
178 4646 650 3590 731 3275 2461 2937 391 3071 1768 3924 1731 3172 2990 4720 3392 1452 961 744 868 75 581 3248 1058 2391 1251 3792 3370 1160 610 922 2313 2447 2969 1604 2779 3111 3642 3804 2932 2592 1056 3915 4346 4242 3513 986 2085 4939 1645 4278 376 1899 1611 1597 975 4362 91 4219 4141 4763 3355 4521 3355 2122 1970 438 3828 3458 2477 2487 2397 41 3750 3956 3722 4590 1385 1289
803 3171 86 470 4410 3155 1190 968 2326 2763 1835 2815 3235 4550 2302 1680 3794 569 3991 1037 3049 1881 2966 3561 4852 2861 3879 3770 2223 1112 4065 2313 358 3869 1225 2965 3345 4228 3548 4048 3788 680 269 3716 2769 4538 1425 1713 823 4043 3999 1031 4175 2954 3605 3208 1938 2782 1410 3951 1747 223 999 2715 2158 3253 3577 1287 4022 2968 4213 1152 3386 4594 4236 3512 2816 1760 3304 2325
1926 797 13 1396 1736 2520 1421 2475 488 931 618 3020 4750 224 3202 4120 4774 769 3886 4791 4993 2482 828 2487 484 2027 3619 4912 4574 1058 1603 2447 3869 1792 2955 605 4852 2291 2370 4608 2189 3948 1771 3653 4766 999 1979 2171 2637 2664 4897 3801 1718 2010 3213 282 558 177 3621 4362 1539 2129 1936 3163 247 2671 2142 22 2558 2275 1518 4506 3873 1499 2810 402 2899 2898 2318 2213
3858 2802 2277 1391 1826 4692 845 3112 2155 3995 277 586 3938 4451 1010 1192 4933 3319 3363 2794 591 1688 2274 2267 3495 2421 3280 2724 3581 1177 3361 2969 1225 2955 28 1985 3522 1790 3303 486 2525 3575 4835 3896 4666 39 4712 292 1209 2249 124 3931 2847 251 2533 2796 4000 3011 699 710 2566 3402 775 4825 1389 1580 591 2381 1279 1223 3712 827 410 4890 3002 4126 1531 2004 3749 3471
934 4598 1120 3890 4770 389 424 2499 755 2469 2558 4317 1729 4985 1720 1252 4032 2461 3776 2485 4942 3896 1885 3810 4030 2487 2600 3340 1168 602 761 1604 2965 605 1985 2251 3075 3307 3162 277 1381 3326 752 1805 3164 1550 4475 134 2812 3560 3033 3853 3652 1182 63 1472 4704 1917 4929 3671 2154 4847 70 2714 4045 4240 4443 1969 1497 1291 3315 3436 4699 2050 3931 4108 3893 569 1843 1588
2316 1501 4396 4120 800 3759 3125 321 2338 1761 2563 4272 3930 331 4178 4878 2885 3941 4299 3491 751 2832 4427 385 2654 4218 4571 2273 1973 4032 4342 2779 3345 4852 3522 3075 2199 1781 4348 624 137 4056 1382 4246 2257 3389 4520 4452 3043 2517 1678 2036 1629 3833 4181 4521 4990 1090 3437 4590 3877 1626 1558 583 340 427 3742 3188 2830 4231 4381 1146 53 879 152 217 1862 4016 4193 636
3243 2229 241 2051 4180 2091 520 4260 189 3297 2678 2595 801 64 2198 519 189 384 454 964 4344 1146 201 587 3666 3151 4362 2568 1292 4944 4735 3111 4228 2291 1790 3307 1781 4201 3742 4191 2181 3517 4633 2664 693 1000 2686 1100 3697 4896 3785 2040 4321 1286 3126 1482 1647 4939 2818 678 1921 2042 821 1643 2339 2326 3320 2504 2931 749 2900 2176 1659 2761 4740 149 103 286 465 1310
1908 3549 66 1088 862 548 2219 4408 4010 4596 3016 4781 2080 2396 3062 4744 4262 2664 1625 3963 1201 805 746 3885 2283 4054 3001 2486 1231 2391 3434 3642 3548 2370 3303 3162 4348 3742 4009 1309 313 2472 3927 4237 444 4282 839 1372 4933 2719 924 3035 369 3442 2135 3571 706 4167 2800 1459 801 1451 374 200 341 3952 486 1208 943 4877 423 2980 194 4921 2593 4925 3494 916 962 4704
3368 192 4164 4462 3286 4040 41 2632 4898 4602 3904 1225 2547 2350 1336 653 2180 207 4689 3310 1417 1543 679 2416 1114 1688 2800 1743 581 321 3420 3804 4048 4608 486 277 624 4191 1309 2451 2293 3811 4900 4309 4165 506 3105 891 4681 2344 4069 1624 565 1596 4749 4231 3136 3134 4810 206 3625 4421 1475 935 2309 2997 3700 1894 1958 4665 390 1645 3918 3416 210 1100 257 4747 767 828
1512 807 4367 386 3742 2976 3931 3994 3026 1023 2293 4101 2886 4637 4325 3752 3481 211 1405 1670 2447 2465 1502 4107 2226 2005 1658 2862 4249 830 4599 2932 3788 2189 2525 1381 137 2181 313 2293 4303 3033 1327 3398 56 4317 3730 1161 2605 1387 3812 3328 1389 157 4501 1622 1630 2676 2881 3243 4103 4752 4225 1702 822 244 1355 1923 4286 4344 2621 892 1754 1613 4686 1536 879 2601 2565 2221
31 2701 1791 3040 3280 3797 4930 2368 4551 1612 723 1713 4755 1909 650 3610 3577 4773 3716 180 1412 4131 2012 635 508 4274 4836 298 3745 3687 4977 2592 680 3948 3575 3326 4056 3517 2472 3811 3033 1015 2219 1428 2784 1646 1182 2679 769 4060 3040 1729 832 1620 1841 4186 2047 4921 1597 563 3591 417 328 632 3466 1704 3625 2014 4240 1333 319 1351 424 3228 3025 2858 1480 3224 206 3936
3717 4692 3514 4441 3482 2932 4923 1143 4503 2392 821 776 1345 4711 3430 3801 3131 2057 78 4212 3360 1795 4631 2286 4635 3939 3601 3768 3852 4668 937 1056 269 1771 4835 752 1382 4633 3927 4900 1327 2219 3888 1915 769 855 4492 2975 3154 492 3292 4909 3972 4631 608 4616 2742 3233 4608 4660 3280 1751 395 1290 70 3694 1558 1437 140 3274 2645 1580 3497 1883 2208 597 1924 3248 2040 4541
66 1779 79 2044 4624 4720 589 2138 4987 1331 898 3728 4872 398 3543 660 911 799 4893 527 353 2407 168 1623 4434 4012 446 1307 351 2562 2372 3915 3716 3653 3896 1805 4246 2664 4237 4309 3398 1428 1915 1388 4265 274 180 643 3064 2173 947 1638 3552 1421 2170 3792 734 4049 2030 4706 1156 1787 430 3509 4649 4150 3022 2829 2314 1083 903 4501 3712 4704 1503 2314 1766 2724 443 3816
4631 1510 4084 4181 2419 213 936 81 4577 2182 4371 3622 1614 3820 1009 3163 2818 825 2258 1568 54 4633 1172 226 234 956 1446 2370 1419 4803 577 4346 2769 4766 4666 3164 2257 693 444 4165 56 2784 769 4265 4938 3962 3367 2965 3508 1563 4932 1674 2448 1707 650 4852 585 1048 3347 423 280 89 2380 523 1128 2753 2879 272 2364 1905 606 3224 2885 3856 1144 3288 2629 4804 4400 4899
608 650 4004 3545 3560 915 2571 4388 4746 1278 2554 2185 404 1371 1503 1857 2982 3578 2550 4939 4578 1109 122 3883 4070 3928 4133 3616 277 195 4380 4242 4538 999 39 1550 3389 1000 4282 506 4317 1646 855 274 3962 4453 3291 2064 4045 2099 4737 633 4772 1858 1576 3354 413 1323 2148 3346 4555 3447 3454 3334 2019 3094 2292 1109 4072 4149 4183 271 3669 3756 1579 2268 1713 4012 4296 143
717 3939 4959 3955 838 1355 1949 3337 601 3945 4909 572 2309 904 4796 2827 4315 4539 1210 4087 1843 646 3412 4186 3336 1916 521 1116 3257 1305 814 3513 1425 1979 4712 4475 4520 2686 839 3105 3730 1182 4492 180 3367 3291 502 406 1287 4867 3609 986 1619 793 1022 1864 3099 1447 2810 2960 4170 3407 4326 3132 4675 1827 2376 4558 1180 1518 2268 1298 3304 2275 2622 4886 601 4116 4312 2717
1147 2877 3332 2366 1507 952 1155 3581 4169 1635 2237 1942 3250 2721 3820 1844 3434 2220 3123 686 2097 664 2562 4570 780 2321 2161 993 4559 218 1822 986 1713 2171 292 134 4452 1100 1372 891 1161 2679 2975 643 2965 2064 406 4861 3079 3564 829 323 2536 179 2679 2092 190 3065 3791 4989 1210 3854 193 1929 3201 2482 1455 2877 4023 1178 4296 1765 3079 2777 3570 4886 4264 4285 992 816
706 3128 4805 133 927 3488 174 3022 4999 830 500 1165 638 1597 1534 580 2254 3707 2918 1657 3460 2825 4357 4469 1128 2052 1033 1442 434 4019 3060 2085 823 2637 1209 2812 3043 3697 4933 4681 2605 769 3154 3064 3508 4045 1287 3079 803 49 1356 957 4608 3243 327 473 3454 573 4863 3080 3835 2867 3160 1975 4986 1598 1044 790 4717 108 579 890 912 758 635 3792 597 4996 3772 522
616 3495 4120 2261 201 848 1749 3005 2414 3446 2797 3943 4043 2224 2094 2926 3154 4761 2216 861 1168 3540 3573 3950 1465 3808 859 3487 1661 2680 4550 4939 4043 2664 2249 3560 2517 4896 2719 2344 1387 4060 492 2173 1563 2099 4867 3564 49 3826 1448 1818 4007 1373 3097 4895 2015 629 3483 899 861 2671 3680 2988 944 3323 4968 2499 2435 77 3621 327 1233 4846 1186 433 2155 346 4179 2861
4255 168 373 2778 823 3336 923 3627 1040 3632 3295 4957 3502 1166 4260 1421 1474 16 358 2545 2068 85 3658 1542 4957 1687 1620 3296 1717 911 1217 1645 3999 4897 124 3033 1678 3785 924 4069 3812 3040 3292 947 4932 4737 3609 829 1356 1448 4142 3655 3207 2741 202 4490 1396 4334 337 1484 1621 4971 3713 1809 2943 2455 1018 1236 1495 1318 4721 431 1406 1667 2352 597 88 4499 193 397
2152 3230 985 1286 2178 4601 4731 445 3537 4089 2289 974 662 242 2391 1221 2486 3948 3105 3653 2259 2883 3489 2025 4540 961 3176 4146 3007 2276 3993 4278 1031 3801 3931 3853 2036 2040 3035 1624 3328 1729 4909 1638 1674 633 986 323 957 1818 3655 207 356 4475 4148 4388 3519 2877 3339 1159 1257 2470 3670 4632 797 2087 2908 2184 3149 680 2023 699 1729 2216 117 4376 1275 3544 2201 4643
196 2665 2291 2534 1208 4812 1456 2589 2378 2921 3983 4367 3165 2089 4486 2076 3944 3101 3026 3195 338 1300 3097 1697 2901 2768 600 1981 3315 413 2504 376 4175 1718 2847 3652 1629 4321 369 565 1389 832 3972 3552 2448 4772 1619 2536 4608 4007 3207 356 4637 1663 1632 3992 1816 2421 24 4568 3215 269 2803 4043 1369 1801 3168 2891 4188 2760 330 3670 857 1108 3295 23 1096 1259 4530 2907
4578 1983 3151 2396 3961 3531 110 3275 4504 1117 2873 3030 104 3109 2345 2418 74 1957 4803 1034 271 3909 3686 4319 2244 2925 1725 1869 2577 1578 2569 1899 2954 2010 251 1182 3833 1286 3442 1596 157 1620 4631 1421 1707 1858 793 179 3243 1373 2741 4475 1663 187 401 4586 727 3261 4218 488 390 40 2900 62 2751 501 1695 4888 510 2488 4570 4860 4997 2937 2440 1161 3108 231 3078 3363
3474 571 1060 1188 2172 996 938 3898 1206 2189 307 2276 3527 3897 1982 3376 1283 860 3705 3354 1924 4260 4185 3961 2856 2619 3235 2636 4069 64 2115 1611 3605 3213 2533 63 4181 3126 2135 4749 4501 1841 608 2170 650 1576 1022 2679 327 3097 202 4148 1632 401 3997 464 2694 2164 1675 2571 1944 4935 3284 3449 3518 2992 4476 4789 2119 160 4682 3016 2713 979 3798 3921 3444 1273 2398 2458
2938 50 1825 2059 49 2495 2561 569 354 1842 344 4640 3099 2297 3979 4529 85 468 3414 1612 3908 1874 4963 4054 4803 4933 111 327 4296 4926 2268 1597 3208 282 2796 1472 4521 1482 3571 4231 1622 4186 4616 3792 4852 3354 1864 2092 473 4895 4490 4388 3992 4586 464 2347 2019 3945 2343 2077 4013 424 17 2655 2262 3815 747 1623 957 3153 2911 4736 213 3246 1841 1380 3388 115 2602 2414
2815 1071 507 1977 1417 2301 1763 931 3735 302 4828 1797 3251 2969 1462 3633 1599 3859 3156 3835 3865 1439 1978 1144 378 1533 3894 4946 1034 4017 219 975 1938 558 4000 4704 4990 1647 706 3136 1630 2047 2742 734 585 413 3099 190 3454 2015 1396 3519 1816 727 2694 2019 2406 3730 4872 4736 2795 2074 2921 4600 2410 1321 3376 867 1375 4356 4962 4502 3126 897 2952 4007 3610 1497 3128 1638
4997 4568 3365 3233 3426 4700 1053 2106 2306 2475 4487 4994 4886 4193 3886 4627 1595 655 4523 2332 4774 2854 1855 4056 4376 3515 3547 4483 3963 1693 3636 4362 2782 177 3011 1917 1090 4939 4167 3134 2676 4921 3233 4049 1048 1323 1447 3065 573 629 4334 2877 2421 3261 2164 3945 3730 1941 3284 358 1802 827 3550 437 1423 2849 3212 3488 1891 3882 2093 2711 802 1642 4681 548 4478 2162 4035 1720
1438 2273 2707 1450 874 1346 3957 4236 1373 2931 3161 170 1821 2352 1613 4955 3524 1099 3575 97 4586 2239 1452 3891 4076 2664 4400 1112 3565 3266 3204 91 1410 3621 699 4929 3437 2818 2800 4810 2881 1597 4608 2030 3347 2148 2810 3791 4863 3483 337 3339 24 4218 1675 2343 4872 3284 1137 510 512 416 1405 4834 107 2634 507 3171 266 1145 264 4965 4293 4345 1584 1909 1186 3939 4061 3495
983 3093 3996 1827 1526 1880 2085 2122 2060 4516 3785 1267 1638 2128 1849 3960 1748 992 680 4983 2416 88 3946 1188 4704 1426 432 4019 3324 2749 1835 4219 3951 4362 710 3671 4590 678 1459 206 3243 563 4660 4706 423 3346 2960 4989 3080 899 1484 1159 4568 488 2571 2077 4736 358 510 1593 2413 1489 4561 512 1392 3324 4522 3771 4595 4189 4134 178 4397 549 4344 2097 833 1439 4344 1719
4451 2318 2421 3138 883 409 1354 1513 4430 3654 1070 974 805 3327 2506 4177 40 1565 3443 2954 954 4068 4849 3390 1506 4134 598 4253 1033 4825 1785 4141 1747 1539 2566 2154 3877 1921 801 3625 4103 3591 3280 1156 280 4555 4170 1210 3835 861 1621 1257 3215 390 1944 4013 2795 1802 512 2413 481 443 1374 4019 1435 1576 3873 1042 3403 2228 4812 4708 2940 4655 3438 2141 3850 811 243 3388
2411 24 4746 2021 3758 921 1861 4012 3149 592 483 3310 3890 274 4812 2935 4034 1507 795 4107 649 3599 887 1157 4250 2503 3741 1498 2976 1190 844 4763 223 2129 3402 4847 1626 2042 1451 4421 4752 417 1751 1787 89 3447 3407 3854 2867 2671 4971 2470 269 40 4935 424 2074 827 416 1489 443 575 4151 2725 4730 2383 4042 2727 77 2316 669 281 1628 4667 1648 4402 3018 4009 3361 847
1583 1699 1509 4668 4844 1690 4597 4336 288 4926 3607 3647 2690 806 2366 3675 1678 3278 103 2306 1282 3520 3864 611 4389 4891 4356 2821 4985 4900 4866 3355 999 1936 775 70 1558 821 374 1475 4225 328 395 430 2380 3454 4326 193 3160 3680 3713 3670 2803 2900 3284 17 2921 3550 1405 4561 1374 4151 2469 4082 304 3138 718 4941 4478 1171 4441 2750 1251 1017 4847 4987 1250 766 1908 4593
4704 3045 3309 1312 1168 2373 210 506 527 2340 3409 14 446 2522 2984 796 4411 227 3915 3662 552 4232 2873 3419 4860 4066 4354 2189 2028 2989 172 4521 2715 3163 4825 2714 583 1643 200 935 1702 632 1290 3509 523 3334 3132 1929 1975 2988 1809 4632 4043 62 3449 2655 4600 437 4834 512 4019 2725 4082 761 387 244 4534 1205 316 3743 824 3409 1868 4307 3614 3997 1572 3123 2183 2609
1515 2433 1087 4438 1272 4182 3736 2628 595 92 3745 4927 3804 4308 3226 4901 2396 1205 2337 3484 788 1532 4526 2918 488 4257 3717 3229 3299 3759 2628 3355 2158 247 1389 4045 340 2339 341 2309 822 3466 70 4649 1128 2019 4675 3201 4986 944 2943 797 1369 2751 3518 2262 2410 1423 107 1392 1435 4730 304 387 4785 3158 3637 4530 4852 3041 1971 4264 2514 2152 583 545 1898 1941 237 4037
4085 2361 960 983 1791 4746 2858 2879 3388 514 3041 2660 3106 2870 3120 1201 1116 2370 3059 1110 3929 2877 2656 75 3214 1121 4939 4812 330 1504 3180 2122 3253 2671 1580 4240 427 2326 3952 2997 244 1704 3694 4150 2753 3094 1827 2482 1598 3323 2455 2087 1801 501 2992 3815 1321 2849 2634 3324 1576 2383 3138 244 3158 2553 4573 4210 3436 4402 4009 1314 742 4763 1394 3331 3927 1259 3177 4417
1131 2015 643 2795 830 156 22 2122 4759 4754 2087 4975 622 2153 3286 995 107 4413 4213 3031 3455 1968 2023 2626 3179 273 4939 1619 2753 1958 3173 1970 3577 2142 591 4443 3742 3320 486 3700 1355 3625 1558 3022 2879 2292 2376 1455 1044 4968 1018 2908 3168 1695 4476 747 3376 3212 507 4522 3873 4042 718 4534 3637 4573 3938 529 696 385 1688 4094 1481 4536 101 4530 2850 1388 599 3806
1585 2760 367 1457 249 792 3548 4975 2321 2714 479 2541 595 4637 1551 3551 3936 226 1709 1939 72 2676 4373 2406 3535 1738 2877 3706 2957 829 4052 438 1287 22 2381 1969 3188 2504 1208 1894 1923 2014 1437 2829 272 1109 4558 2877 790 2499 1236 2184 2891 4888 4789 1623 867 3488 3171 3771 1042 2727 4941 1205 4530 4210 529 2268 851 4304 1007 3540 4758 709 4547 963 2824 2441 1014 4321
1021 4060 1413 3773 3124 2387 1790 2567 343 1372 1335 122 4609 4331 2008 2532 171 1375 440 2748 2906 904 4974 2230 1931 4652 2810 3757 2917 3462 4400 3828 4022 2558 1279 1497 2830 2931 943 1958 4286 4240 140 2314 2364 4072 1180 4023 4717 2435 1495 3149 4188 510 2119 957 1375 1891 266 4595 3403 77 4478 316 4852 3436 696 851 4222 22 1748 1885 4416 3662 3402 1677 4855 417 4947 2056
3853 3816 888 3227 3351 3157 1173 2288 761 1295 311 1330 4295 1462 1128 1782 3879 105 240 1597 845 254 3959 3987 1652 4624 4072 3083 4220 519 2139 3458 2968 2275 1223 1291 4231 749 4877 4665 4344 1333 3274 1083 1905 4149 1518 1178 108 77 1318 680 2760 2488 160 3153 4356 3882 1145 4189 2228 2316 1171 3743 3041 4402 385 4304 22 4617 2663 1899 3743 738 1988 2739 3729 582 229 3804
3456 1657 71 2393 4558 3452 2681 2523 1110 1964 3064 3035 4409 1616 1632 712 1536 1179 1356 831 1792 1571 2601 4274 1756 2023 4892 479 4830 2713 971 2477 4213 1518 3712 3315 4381 2900 423 390 2621 319 2645 903 606 4183 2268 4296 579 3621 4721 2023 330 4570 4682 2911 4962 2093 264 4134 4812 669 4441 824 1971 4009 1688 1007 1748 2663 1271 2417 2391 2877 2333 2282 4000 2869 1290 3904
4690 3660 4114 4743 4654 4157 2590 2386 4861 1518 521 1972 1116 2744 666 299 4032 729 3410 615 536 1522 1859 1141 3201 4933 4501 3716 3328 2151 4687 2487 1152 4506 827 3436 1146 2176 2980 1645 892 1351 1580 4501 3224 271 1298 1765 890 327 431 699 3670 4860 3016 4736 4502 2711 4965 178 4708 281 2750 3409 4264 1314 4094 3540 1885 1899 2417 2278 2151 3455 4702 3857 4884 265 4319 2569
987 4710 1206 4175 1460 4211 3751 662 1284 1536 2084 2855 1651 438 4654 3894 1600 3625 4841 680 3826 1206 301 1646 2100 1731 4186 3205 2136 4180 2287 2397 3386 3873 410 4699 53 1659 194 3918 1754 424 3497 3712 2885 3669 3304 3079 912 1233 1406 1729 857 4997 2713 213 3126 802 4293 4397 2940 1628 1251 1868 2514 742 1481 4758 4416 3743 2391 2151 3797 3696 1561 549 1100 2172 4653 3724
3768 3101 1033 4957 3409 564 3663 1168 3240 593 3617 3496 4262 463 4910 3923 3842 2958 4135 3635 403 568 307 4513 1472 3848 2706 4687 1292 1845 4029 41 4594 1499 4890 2050 879 2761 4921 3416 1613 3228 1883 4704 3856 3756 2275 2777 758 4846 1667 2216 1108 2937 979 3246 897 1642 4345 549 4655 4667 1017 4307 2152 4763 4536 709 3662 738 2877 3455 3696 1664 3971 3560 1146 2357 3400 4832
1703 4854 1322 928 4938 4106 4584 479 4051 3384 2966 1495 784 699 3779 412 2969 2758 2007 2808 3682 2577 4004 1150 228 3230 203 267 1272 1572 1233 3750 4236 2810 3002 3931 152 4740 2593 210 4686 3025 2208 1503 1144 1579 2622 3570 635 1186 2352 117 3295 2440 3798 1841 2952 4681 1584 4344 3438 1648 4847 3614 583 1394 101 4547 3402 1988 2333 4702 1561 3971 2929 841 3573 597 2344 4815
12 1419 2614 4762 2987 1515 4015 3793 3171 1635 4532 4252 4552 2163 266 3114 4889 207 1867 1730 1641 1715 1032 4199 599 1707 849 1177 1460 4351 1854 3956 3512 402 4126 4108 217 149 4925 1100 1536 2858 597 2314 3288 2268 4886 4886 3792 433 597 4376 23 1161 3921 1380 4007 548 1909 2097 2141 4402 4987 3997 545 3331 4530 963 1677 2739 2282 3857 549 3560 841 3646 3435 1944 780 1137
3149 2376 4435 4889 428 1739 2346 2888 741 3076 4439 2546 1785 2112 1000 1227 1740 2362 933 472 2755 2606 80 2284 526 4071 1731 1608 2038 534 4390 3722 2816 2899 1531 3893 1862 103 3494 257 879 1480 1924 1766 2629 1713 601 4264 597 2155 88 1275 1096 3108 3444 3388 3610 4478 1186 833 3850 3018 1250 1572 1898 3927 2850 2824 4855 3729 4000 4884 1100 1146 3573 3435 4660 3385 4815 4951
1826 1529 1686 1549 857 4330 2192 3932 864 2995 4270 4571 3777 3820 2931 975 4532 3353 3908 1644 354 4152 4376 4830 4167 4416 2317 41 706 2773 4398 4590 1760 2898 2004 569 4016 286 916 4747 2601 3224 3248 2724 4804 4012 4116 4285 4996 346 4499 3544 1259 231 1273 115 1497 2162 3939 1439 811 4009 766 3123 1941 1259 1388 2441 417 582 2869 265 2172 2357 597 1944 3385 3880 1960 2684
460 1421 1797 1833 4646 4632 2631 3340 2613 3769 1747 3188 4900 3530 90 888 762 1759 532 2656 4636 1451 4765 3431 1910 690 2850 2386 4506 2741 3917 1385 3304 2318 3749 1843 4193 465 962 767 2565 206 2040 443 4400 4296 4312 992 3772 4179 193 2201 4530 3078 2398 2602 3128 4035 4061 4344 243 3361 1908 2183 237 3177 599 1014 4947 229 1290 4319 4653 3400 2344 780 4815 1960 4001 787
4318 1085 1687 4594 4842 2237 846 4559 4353 3383 314 4881 2320 3133 3622 1605 3375 3492 3916 3186 4665 1718 4446 1167 680 458 2643 3757 4126 564 2388 1289 2325 2213 3471 1588 636 1310 4704 828 2221 3936 4541 3816 4899 143 2717 816 522 2861 397 4643 2907 3363 2458 2414 1638 1720 3495 1719 3388 847 4593 2609 4037 4417 3806 4321 2056 3804 3904 2569 3724 4832 4815 1137 4951 2684 787 1912
