N: 80
M: 20
Symmetric: true
Triangle: false
2 1 5
3 51 34 77
2 20 72
3 70 39 44
4 45 62 18 54
4 64 71 43 22
5 66 2 35 7 6
6 32 31 33 37 50 42
7 23 48 67 59 69 68 16
5 28 29 75 74 79
2 13 76
2 3 10
5 55 41 12 14 27
5 52 49 63 15 46
2 40 19
4 36 73 78 53
7 11 21 47 80 4 25 57
3 17 38 9
5 60 30 24 58 8
4 56 61 26 65
750 324 214 1567 3280 3765 3782 1139 2191 1851 3433 4749 935 3239 4345 11 1636 327 2511 4568 1599 2690 4224 1176 2610 2719 3645 3289 1671 2454 3731 4934 83 4727 2429 1853 4025 3598 880 2595 799 3256 4447 507 328 476 3455 4767 1715 1568 2714 466 1068 4390 572 3870 2152 2260 572 969 4812 147 1756 179 4859 4365 3338 1658 1670 3992 3485 4262 4819 4096 64 4027 4167 4494 2256 2463
324 3753 4087 722 4415 1106 3169 172 3458 2000 4906 214 1069 4377 3816 3151 401 94 735 3960 4789 1454 4175 3924 2164 2707 4712 4827 4129 1073 3115 2586 827 1609 3402 2251 3726 2055 3605 1520 154 3485 2949 1331 4646 4276 2284 4708 266 800 4976 3722 1362 1022 4947 668 2359 2671 2457 4997 3618 2169 212 2734 2289 3516 137 986 930 1074 415 4762 2751 3201 3676 2726 1945 441 4407 2812
214 4087 3030 2462 367 1266 4404 1996 4962 1501 337 2182 478 3963 101 4975 73 3907 323 44 3502 3236 2386 94 3750 256 3123 3522 2507 2958 3724 3069 1570 1290 4620 3085 871 669 2282 4660 2422 4880 4997 4560 3902 4325 2219 974 2475 3636 4145 4688 730 745 4605 2476 973 4595 2652 4475 1409 1200 1706 2225 2321 858 1767 967 3609 4064 1459 1657 2188 3261 48 2939 1215 3862 2307 2567
1567 722 2462 2420 1115 3134 2992 3887 4720 42 3063 898 1066 1410 2822 494 3806 406 273 1413 3384 2441 2326 653 3908 1601 565 841 2287 3607 899 2430 2026 66 3825 1124 3017 3539 563 2528 3123 3650 971 4096 2182 3911 43 3323 1963 744 4587 2452 2200 4943 4822 4619 3728 1186 2680 2790 2085 620 1278 4867 3396 3576 3777 1535 2836 3068 2661 4487 19 2284 1846 1630 4890 3753 4479 1291
3280 4415 367 1115 3059 3747 3484 4136 1071 4073 273 33 175 2046 103 843 2695 2666 3764 1375 697 4845 1844 3752 2205 2464 3878 3596 3687 1938 4160 3671 1176 140 4607 3669 2763 427 974 1216 3776 1664 2089 3040 3604 4524 391 2928 4621 3142 3513 3397 698 921 4134 83 843 3592 2139 1481 3928 2818 1922 4753 336 461 3439 3950 3904 1846 4947 3971 2793 3710 4803 2477 2766 2923 1479 261
3765 1106 1266 3134 3747 3215 139 4130 1015 4196 4408 581 68 1115 4891 4172 4057 3783 2576 193 4012 3983 2807 798 2382 1131 4283 372 3184 2933 536 1680 4765 347 470 1191 4964 3627 4199 4425 2148 1252 2838 3199 3351 3356 829 4125 1967 1714 2104 2172 4612 3604 3582 2077 3572 1033 3046 839 1578 4456 1569 1605 4306 3614 2997 4030 934 4148 3797 3686 3740 811 2677 69 3865 2018 4000 2087
3782 3169 4404 2992 3484 139 1423 506 4202 4110 2935 1052 4731 4802 1478 3000 3809 49 2987 2803 2410 1398 561 96 1949 3681 708 2045 2023 3828 1593 1522 1663 3254 2929 2697 310 2930 1930 1022 1198 2864 3838 4021 2390 3417 3961 1356 2268 483 229 411 4588 3338 1440 4613 683 2109 336 4194 4067 2902 4419 208 4387 4391 4065 1362 3459 3288 4816 3228 3530 1436 4483 4587 2240 200 2900 3174
1139 172 1996 3887 4136 4130 506 4773 1764 194 2020 4734 1795 1371 2889 381 2192 969 1042 769 933 1643 3345 4042 1658 2645 4561 2817 634 4785 4942 4427 3490 2131 2671 1194 1314 2144 850 3541 2755 423 4634 3856 2004 3083 4171 3632 385 2647 4981 2906 2694 4501 501 2740 2972 4572 459 4810 1019 2288 1061 3889 686 4289 1953 4899 1629 1728 4122 3180 3459 3105 386 1705 2028 3784 3131 542
2191 3458 4962 4720 1071 1015 4202 1764 4053 1241 4926 630 3404 2573 2333 4484 3327 1885 3061 2042 4269 3343 4379 4784 340 3824 2686 803 4115 2792 346 4569 1412 2069 2165 234 4210 1942 3267 4300 4596 1807 3364 4839 217 140 1534 3351 2862 60 3206 1717 1226 2842 2143 327 4467 1346 2157 3662 4145 853 1652 1233 4917 1094 426 1071 3044 3421 1123 4676 3501 731 4581 464 2262 605 1498 3078
1851 2000 1501 42 4073 4196 4110 194 1241 4730 4199 555 150 2864 2541 951 4780 3125 750 4398 1085 3780 4418 3008 3136 391 172 658 2188 1078 878 1533 941 4701 1053 3134 4880 4148 1833 415 4384 131 1351 4500 4579 4900 779 3670 585 1321 141 3429 4205 1755 2100 4966 605 1911 935 1697 4385 4966 571 2615 791 4441 2586 3041 853 2051 3442 372 893 3425 3060 1130 1942 846 3388 3573
3433 4906 337 3063 273 4408 2935 2020 4926 4199 3459 2813 4303 3504 3495 2705 1179 1806 2764 4124 4581 188 1013 550 2230 4950 3192 764 4561 2163 39 1753 2498 4819 3694 3982 1339 4822 4025 176 2206 1547 2652 3363 2919 2289 2733 1920 3789 4063 748 821 4475 63 1374 4447 322 3381 1333 1593 43 3729 976 510 2712 2754 2280 1360 2198 3814 1553 521 3516 2136 4663 4300 3271 2889 4849 309
4749 214 2182 898 33 581 1052 4734 630 555 2813 2162 3584 1867 812 1102 1954 527 4187 2103 666 2606 2589 1610 783 2964 2990 741 1143 1498 696 4467 3486 1950 4478 1198 1133 2100 227 1260 2817 350 1067 2595 1808 110 3437 272 4549 282 303 3205 4881 2779 104 4639 4936 4196 185 3861 1088 3995 1249 561 3119 3438 3660 685 2740 2380 2041 1609 3161 4721 2706 3553 481 3274 2035 2713
935 1069 478 1066 175 68 4731 1795 3404 150 4303 3584 2474 2299 3308 2535 955 3531 4626 4744 4862 1208 4309 1948 1497 982 1542 2844 3149 4349 4025 4715 4845 1166 3077 1512 2214 3487 2901 4020 2166 3186 4430 3400 3657 3319 3352 3857 1174 2822 3376 2231 1485 3660 3234 4953 2030 4032 512 4420 689 2364 2265 3399 3086 1520 4450 4668 1482 1691 443 4621 2078 1823 3683 3598 3705 2426 4480 2535
3239 4377 3963 1410 2046 1115 4802 1371 2573 2864 3504 1867 2299 3068 681 1630 127 310 907 1273 4318 2233 3569 3561 2133 1191 2567 3390 4463 713 3687 3590 2318 2683 689 100 4124 1634 354 886 1221 4220 1311 3182 4905 70 4298 1568 157 638 2987 664 1930 1646 2002 493 3530 4490 3502 1020 482 2193 724 1355 4976 729 1796 1728 2823 1078 3067 4650 1939 178 998 4521 1425 3289 4307 997
4345 3816 101 2822 103 4891 1478 2889 2333 2541 3495 812 3308 681 3392 1619 658 3903 3111 4610 826 4413 40 1853 4962 2216 3699 1264 3468 1508 3084 1404 4780 3921 1267 3256 3628 1792 2920 3207 4918 2040 966 958 431 1203 1849 1102 3991 316 680 3289 304 4781 3419 985 4789 2890 1704 2128 1815 1090 2522 2216 3796 673 1470 1804 4381 4128 2525 4303 4586 1599 3871 3642 4866 1503 2819 3886
11 3151 4975 494 843 4172 3000 381 4484 951 2705 1102 2535 1630 1619 1135 1731 2127 2047 1285 3580 2267 1466 2374 2847 3458 4873 358 725 1877 2769 691 2008 1475 4270 4276 4435 2874 1795 1002 3006 3615 4474 1981 2869 3159 4806 2534 3573 3477 413 4528 4874 1696 3553 3954 4973 3771 2927 4850 3947 2144 3233 3489 1350 119 4945 1901 4196 2132 1264 2360 1342 3107 4492 1669 4136 3738 1924 4397
1636 401 73 3806 2695 4057 3809 2192 3327 4780 1179 1954 955 127 658 1731 4045 292 3313 335 2064 4302 85 3256 2282 760 99 4993 131 4518 178 2152 4649 1789 1586 3302 676 2428 4240 271 1567 4630 4119 2965 2666 878 1990 2446 3850 3420 434 714 4680 2780 2845 1161 1572 1808 3977 1118 4346 540 1768 1190 1244 767 3243 2892 4533 3063 3272 2019 1548 4408 2276 1237 2459 4271 526 2473
327 94 3907 406 2666 3783 49 969 1885 3125 1806 527 3531 310 3903 2127 292 1887 2089 2985 1441 4431 4430 4934 1603 983 3362 4453 1977 677 748 4407 3307 2782 3699 1014 2684 2705 4488 2860 1983 3923 4009 813 715 3644 2894 2612 606 4818 1593 790 3416 2544 383 4452 4996 3306 2480 4974 2018 3660 1516 1225 1521 263 4402 3795 2574 2072 704 2194 3432 1709 3356 3941 449 3980 3405 1248
2511 735 323 273 3764 2576 2987 1042 3061 750 2764 4187 4626 907 3111 2047 3313 2089 3665 2735 2671 3705 4264 4710 2465 2057 2418 739 3468 2543 2231 3020 4094 1724 3831 4123 4858 4868 2064 1773 666 1888 1818 3735 3816 4864 3410 2336 3646 4254 1418 1424 468 986 1127 66 3855 1028 4186 947 1177 3559 1833 1850 4736 4721 1192 1771 294 1874 323 2418 4289 3572 1207 4382 2119 1509 2682 840
4568 3960 44 1413 1375 193 2803 769 2042 4398 4124 2103 4744 1273 4610 1285 335 2985 2735 1819 4902 4669 4319 4921 4109 4258 979 1494 2437 2431 4059 2241 3577 1973 2820 4013 2392 2116 3988 1618 919 4042 1529 2422 2873 4668 1731 3586 2702 1653 2314 4031 1638 4765 3082 2807 2146 3721 1616 169 1124 4273 2778 4729 1934 2028 4138 4280 3126 323 3478 2287 4931 1424 3032 3978 842 4674 1338 3442
1599 4789 3502 3384 697 4012 2410 933 4269 1085 4581 666 4862 4318 826 3580 2064 1441 2671 4902 2745 4856 444 3175 252 4106 3379 3582 4577 678 1289 2633 1226 3931 3810 2113 3769 4924 209 4539 2276 3372 912 3397 3693 4682 712 2973 1808 255 4576 1681 3218 2870 1932 2885 1914 4656 4679 3684 3079 522 3493 2981 3030 3285 3575 4814 4494 1383 278 595 3592 4382 825 4036 1323 848 3227 1931
2690 1454 3236 2441 4845 3983 1398 1643 3343 3780 188 2606 1208 2233 4413 2267 4302 4431 3705 4669 4856 1071 1590 3895 1986 4061 487 3849 2132 4624 4166 3636 2738 2477 763 3499 2733 1134 2975 204 649 4870 286 4990 1687 1915 1882 2466 2254 3328 1969 1922 4046 1992 1983 4706 2245 3151 3434 1853 2252 2321 320 3839 456 4610 505 3535 2716 2986 1906 4021 4935 3187 4327 3576 1423 737 3666 3982
4224 4175 2386 2326 1844 2807 561 3345 4379 4418 1013 2589 4309 3569 40 1466 85 4430 4264 4319 444 1590 4952 3867 1261 2404 300 2579 3543 121 53 3888 1926 310 1986 4693 1572 4803 1524 4509 4091 114 3417 4066 3559 866 1078 1921 1722 2788 2039 3362 1922 57 4682 2609 739 1641 2694 709 4529 3095 1543 1848 3134 877 1735 2208 2059 1294 2952 814 1544 2900 1090 779 697 1405 4452 190
1176 3924 94 653 3752 798 96 4042 4784 3008 550 1610 1948 3561 1853 2374 3256 4934 4710 4921 3175 3895 3867 3741 3689 2127 1640 272 3057 773 1077 1306 1627 3030 887 145 4329 4213 3807 2606 3346 4463 2954 1014 234 1266 4472 3707 797 3938 4122 1435 2873 242 3802 2356 4268 2283 2158 2470 1341 1295 3156 2279 2738 565 1436 1143 4165 3204 3644 1954 1862 116 4638 4812 2242 2571 4655 4951
2610 2164 3750 3908 2205 2382 1949 1658 340 3136 2230 783 1497 2133 4962 2847 2282 1603 2465 4109 252 1986 1261 3689 419 2488 543 2276 1030 1759 2166 4177 3240 4650 4605 2378 2547 682 368 3264 1431 2693 2994 714 1421 3003 3985 4327 1095 807 225 2407 1269 4334 3288 2364 2475 4944 2681 1175 937 1774 1276 4944 2998 3931 4062 3745 4958 2828 2857 4075 4830 4189 752 2197 447 3226 3187 4012
2719 2707 256 1601 2464 1131 3681 2645 3824 391 4950 2964 982 1191 2216 3458 760 983 2057 4258 4106 4061 2404 2127 2488 4181 4703 3311 187 60 2394 2839 1769 2691 4539 3352 1409 3150 2709 1329 3100 3008 3698 219 4096 2905 3976 4222 2099 4190 1309 3837 1050 3477 1521 351 1682 2937 3889 2057 1418 3685 2086 1070 2358 435 2337 3806 2538 2076 2559 1809 648 3139 1488 4894 4258 378 4265 3742
3645 4712 3123 565 3878 4283 708 4561 2686 172 3192 2990 1542 2567 3699 4873 99 3362 2418 979 3379 487 300 1640 543 4703 977 3527 2644 4644 1691 4663 927 1824 2440 4784 1432 2265 3841 2134 3524 2310 1278 3776 2456 3019 1664 218 4976 3982 281 1544 1734 4808 2602 3531 924 3323 689 2914 4141 2751 1964 1222 3554 3597 464 4899 3582 693 3270 2664 398 576 4622 1570 1052 3026 4854 3245
3289 4827 3522 841 3596 372 2045 2817 803 658 764 741 2844 3390 1264 358 4993 4453 739 1494 3582 3849 2579 272 2276 3311 3527 86 385 1746 2500 3700 1868 4965 4260 4547 3550 3612 2221 1411 734 1385 3400 506 2539 2540 1339 3845 4454 1932 4643 3397 2293 333 243 1994 3085 323 3000 851 1633 2121 2517 1734 2834 405 96 2949 3789 341 1478 1237 4915 2057 3482 1801 845 915 3166 3536
1671 4129 2507 2287 3687 3184 2023 634 4115 2188 4561 1143 3149 4463 3468 725 131 1977 3468 2437 4577 2132 3543 3057 1030 187 2644 385 463 2933 620 881 2138 1817 1030 711 1106 3789 2028 4460 1528 4215 221 4495 448 1285 2640 2477 3186 2554 4664 1851 4713 2007 2954 1657 4977 3009 4493 3575 2723 3048 1373 4546 1537 2351 482 229 349 3052 1631 3219 1101 893 2660 2496 4707 152 3115 167
2454 1073 2958 3607 1938 2933 3828 4785 2792 1078 2163 1498 4349 713 1508 1877 4518 677 2543 2431 678 4624 121 773 1759 60 4644 1746 2933 476 2388 2134 1296 63 4465 4306 4526 544 3487 2611 3482 1773 1024 2413 2668 3773 4218 4895 1537 3293 4897 3947 2960 949 1328 1959 2075 172 4531 3628 1015 1432 4188 1673 1655 3041 3064 388 2953 3211 2372 1971 4138 729 3024 2467 3261 1750 1760 2517
3731 3115 3724 899 4160 536 1593 4942 346 878 39 696 4025 3687 3084 2769 178 748 2231 4059 1289 4166 53 1077 2166 2394 1691 2500 620 2388 2567 3923 393 4512 912 406 4882 4062 1343 4641 3910 1845 1186 139 1725 1711 1665 3303 2751 2527 1788 2596 2154 829 1579 4335 517 3893 4510 2435 528 1933 4232 3627 637 4025 3029 1453 3903 3505 2402 1063 1323 2073 648 2070 1472 521 2554 4774
4934 2586 3069 2430 3671 1680 1522 4427 4569 1533 1753 4467 4715 3590 1404 691 2152 4407 3020 2241 2633 3636 3888 1306 4177 2839 4663 3700 881 2134 3923 1146 4353 1187 1421 3894 1479 68 3940 778 359 1522 2476 422 1343 631 4817 441 1027 4606 625 284 4285 3027 3525 2083 2992 2281 4825 1162 4023 2975 3839 3279 1014 3099 2216 4747 4990 4457 2761 2886 3864 4232 4994 3379 1101 271 820 253
83 827 1570 2026 1176 4765 1663 3490 1412 941 2498 3486 4845 2318 4780 2008 4649 3307 4094 3577 1226 2738 1926 1627 3240 1769 927 1868 2138 1296 393 4353 4795 224 3909 3438 3464 3529 449 3775 2700 3558 4092 1726 4478 3447 434 2874 305 2232 1873 430 3179 1455 3450 739 3791 1488 3285 71 2861 1572 2859 75 461 883 2940 4468 2476 4106 1219 4745 3725 4091 4030 691 1532 2351 2700 4507
4727 1609 1290 66 140 347 3254 2131 2069 4701 4819 1950 1166 2683 3921 1475 1789 2782 1724 1973 3931 2477 310 3030 4650 2691 1824 4965 1817 63 4512 1187 224 1230 2463 3837 1422 4758 2176 3103 4729 2948 2172 2230 3395 112 2924 518 4697 4957 4291 1275 486 1991 3360 1398 4793 4839 764 3656 1166 3434 1362 2522 960 3614 1389 1995 1934 650 4269 2694 183 2072 3232 1474 72 4129 2297 100
2429 3402 4620 3825 4607 470 2929 2671 2165 1053 3694 4478 3077 689 1267 4270 1586 3699 3831 2820 3810 763 1986 887 4605 4539 2440 4260 1030 4465 912 1421 3909 2463 1665 47 1013 3556 2827 1211 169 48 3245 4663 1945 2078 3352 4205 377 785 415 1307 2098 118 3943 524 3746 2096 657 3344 4976 3374 164 1072 2197 4047 1923 1875 2595 4338 3345 3751 2106 2450 1417 3273 4965 386 1313 4471
1853 2251 3085 1124 3669 1191 2697 1194 234 3134 3982 1198 1512 100 3256 4276 3302 1014 4123 4013 2113 3499 4693 145 2378 3352 4784 4547 711 4306 406 3894 3438 3837 47 1105 3679 806 2361 235 292 2581 3045 3325 4623 4904 3697 838 2013 3222 3724 3109 3631 4286 454 1184 2908 3924 2911 3775 2400 3347 3874 1830 2612 4329 157 2076 1677 4521 3344 1736 1574 2340 438 702 1700 1496 340 3135
4025 3726 871 3017 2763 4964 310 1314 4210 4880 1339 1133 2214 4124 3628 4435 676 2684 4858 2392 3769 2733 1572 4329 2547 1409 1432 3550 1106 4526 4882 1479 3464 1422 1013 3679 3357 3676 4629 3037 392 1548 570 4482 4233 920 2579 2326 3770 3476 4165 3597 4065 2913 989 4060 802 4723 3897 3578 3373 753 2540 2345 3049 3808 2934 1368 603 2773 3345 1204 430 1308 1735 2691 1306 1657 3190 2636
3598 2055 669 3539 427 3627 2930 2144 1942 4148 4822 2100 3487 1634 1792 2874 2428 2705 4868 2116 4924 1134 4803 4213 682 3150 2265 3612 3789 544 4062 68 3529 4758 3556 806 3676 2172 491 2432 4518 728 779 2581 2846 548 981 4861 1147 4842 590 4625 3238 794 552 2834 3543 1412 1399 1316 2735 1535 3556 3298 444 3842 1700 3688 3951 1302 2045 606 4050 1053 1769 4735 1909 3243 1616 1045
880 3605 2282 563 974 4199 1930 850 3267 1833 4025 227 2901 354 2920 1795 4240 4488 2064 3988 209 2975 1524 3807 368 2709 3841 2221 2028 3487 1343 3940 449 2176 2827 2361 4629 491 2203 3618 1007 70 2482 4542 2208 766 4091 3364 3415 1400 1069 4152 4949 2399 1502 4363 1093 2448 2086 4921 837 1947 2464 4255 4201 457 4936 4254 1705 1929 2693 3525 2328 1752 376 582 2139 1779 2679 1245
2595 1520 4660 2528 1216 4425 1022 3541 4300 415 176 1260 4020 886 3207 1002 271 2860 1773 1618 4539 204 4509 2606 3264 1329 2134 1411 4460 2611 4641 778 3775 3103 1211 235 3037 2432 3618 1520 754 4140 3431 828 645 4042 1449 315 2558 1087 2306 4013 3090 4661 2042 4876 191 291 3869 1184 1310 4970 2329 1066 4335 1732 687 285 1025 2358 163 3505 793 3718 3267 3721 3731 851 3180 2516
799 154 2422 3123 3776 2148 1198 2755 4596 4384 2206 2817 2166 1221 4918 3006 1567 1983 666 919 2276 649 4091 3346 1431 3100 3524 734 1528 3482 3910 359 2700 4729 169 292 392 4518 1007 754 4703 1190 3430 1083 3624 4196 865 3821 2903 2843 1322 4131 1372 1933 1600 4975 1313 2164 4621 3127 2024 969 4916 230 4008 3110 1038 549 1551 894 2343 4166 1112 204 3593 4178 3941 4875 3016 1040
3256 3485 4880 3650 1664 1252 2864 423 1807 131 1547 350 3186 4220 2040 3615 4630 3923 1888 4042 3372 4870 114 4463 2693 3008 2310 1385 4215 1773 1845 1522 3558 2948 48 2581 1548 728 70 4140 1190 4481 1505 3961 3912 3820 1851 4901 2490 1843 318 3942 2840 3454 3937 4901 2003 1428 2282 3742 2360 471 3984 344 442 928 4448 348 968 4857 2355 3341 2258 4543 2261 2186 1216 3793 2879 343
4447 2949 4997 971 2089 2838 3838 4634 3364 1351 2652 1067 4430 1311 966 4474 4119 4009 1818 1529 912 286 3417 2954 2994 3698 1278 3400 221 1024 1186 2476 4092 2172 3245 3045 570 779 2482 3431 3430 1505 3817 2909 3427 4655 1786 4828 417 2739 1627 2149 1642 4936 3550 2101 3419 4957 3304 2496 569 2284 3537 4506 1109 4502 3627 3908 537 1955 3778 3275 4715 1197 3440 1741 1455 4838 4447 349
507 1331 4560 4096 3040 3199 4021 3856 4839 4500 3363 2595 3400 3182 958 1981 2965 813 3735 2422 3397 4990 4066 1014 714 219 3776 506 4495 2413 139 422 1726 2230 4663 3325 4482 2581 4542 828 1083 3961 2909 4479 3205 3527 833 1650 3994 3795 1801 3118 4448 1591 199 396 2659 805 1563 1896 3404 2943 1595 2760 1267 1646 4873 4601 3074 671 4689 3336 1657 2069 195 499 296 4452 3754 1594
328 4646 3902 2182 3604 3351 2390 2004 217 4579 2919 1808 3657 4905 431 2869 2666 715 3816 2873 3693 1687 3559 234 1421 4096 2456 2539 448 2668 1725 1343 4478 3395 1945 4623 4233 2846 2208 645 3624 3912 3427 3205 1780 1122 281 2556 2399 4940 76 3724 4265 4375 2359 3718 2715 2871 3259 1803 4721 4999 88 434 4067 4446 4422 1287 3643 1062 1523 3206 4674 3530 3002 3845 2588 3740 3194 1769
476 4276 4325 3911 4524 3356 3417 3083 140 4900 2289 110 3319 70 1203 3159 878 3644 4864 4668 4682 1915 866 1266 3003 2905 3019 2540 1285 3773 1711 631 3447 112 2078 4904 920 548 766 4042 4196 3820 4655 3527 1122 3460 3727 1045 3428 4271 908 3398 1733 4580 182 4264 4978 4089 3241 1254 2420 2579 2492 3355 4914 1607 63 4392 3170 1981 4757 2109 2452 2089 96 2741 945 294 1095 1462
3455 2284 2219 43 391 829 3961 4171 1534 779 2733 3437 3352 4298 1849 4806 1990 2894 3410 1731 712 1882 1078 4472 3985 3976 1664 1339 2640 4218 1665 4817 434 2924 3352 3697 2579 981 4091 1449 865 1851 1786 833 281 3727 2205 2061 2664 4337 281 2583 3480 2094 1967 744 4772 3669 180 2386 622 2275 791 4612 445 1231 3223 1623 4507 4203 13 3320 4711 4625 4596 2955 4473 3562 1506 950
4767 4708 974 3323 2928 4125 1356 3632 3351 3670 1920 272 3857 1568 1102 2534 2446 2612 2336 3586 2973 2466 1921 3707 4327 4222 218 3845 2477 4895 3303 441 2874 518 4205 838 2326 4861 3364 315 3821 4901 4828 1650 2556 1045 2061 4189 1650 1572 4954 698 2973 1576 3528 49 1177 2460 971 2440 1227 2165 680 4685 4937 2314 4625 4828 3789 3862 3162 685 287 1573 31 64 3066 3980 759 4774
1715 266 2475 1963 4621 1967 2268 385 2862 585 3789 4549 1174 157 3991 3573 3850 606 3646 2702 1808 2254 1722 797 1095 2099 4976 4454 3186 1537 2751 1027 305 4697 377 2013 3770 1147 3415 2558 2903 2490 417 3994 2399 3428 2664 1650 2217 3353 1207 4623 2985 387 3021 4737 1288 4633 1596 393 3921 1103 4717 2984 3718 804 550 1321 574 4543 1122 3323 976 343 4943 3479 3138 4041 4789 3282
1568 800 3636 744 3142 1714 483 2647 60 1321 4063 282 2822 638 316 3477 3420 4818 4254 1653 255 3328 2788 3938 807 4190 3982 1932 2554 3293 2527 4606 2232 4957 785 3222 3476 4842 1400 1087 2843 1843 2739 3795 4940 4271 4337 1572 3353 3236 3762 4622 1616 406 1478 3911 604 2148 771 3029 3879 3182 3970 2396 3965 4233 958 1989 4291 1947 4063 207 164 890 1230 1926 4109 978 2953 369
2714 4976 4145 4587 3513 2104 229 4981 3206 141 748 303 3376 2987 680 413 434 1593 1418 2314 4576 1969 2039 4122 225 1309 281 4643 4664 4897 1788 625 1873 4291 415 3724 4165 590 1069 2306 1322 318 1627 1801 76 908 281 4954 1207 3762 2326 4938 3512 2396 720 4213 1360 4497 2702 4288 624 1106 3722 3008 1474 1540 590 3408 3743 3074 2005 1069 1476 4073 3048 414 2142 4028 3119 853
466 3722 4688 2452 3397 2172 411 2906 1717 3429 821 3205 2231 664 3289 4528 714 790 1424 4031 1681 1922 3362 1435 2407 3837 1544 3397 1851 3947 2596 284 430 1275 1307 3109 3597 4625 4152 4013 4131 3942 2149 3118 3724 3398 2583 698 4623 4622 4938 2271 2716 3492 1528 1219 4522 4291 1173 1784 2308 1913 2796 1585 4132 3729 4578 4159 4524 4387 4351 1900 1546 3193 1980 67 532 1435 1900 767
1068 1362 730 2200 698 4612 4588 2694 1226 4205 4475 4881 1485 1930 304 4874 4680 3416 468 1638 3218 4046 1922 2873 1269 1050 1734 2293 4713 2960 2154 4285 3179 486 2098 3631 4065 3238 4949 3090 1372 2840 1642 4448 4265 1733 3480 2973 2985 1616 3512 2716 1815 3270 2194 3100 977 3267 4495 1910 492 4538 3677 2664 272 1682 2905 2838 1962 1855 4545 2306 791 1544 4760 3719 4049 4376 4904 4753
4390 1022 745 4943 921 3604 3338 4501 2842 1755 63 2779 3660 1646 4781 1696 2780 2544 986 4765 2870 1992 57 242 4334 3477 4808 333 2007 949 829 3027 1455 1991 118 4286 2913 794 2399 4661 1933 3454 4936 1591 4375 4580 2094 1576 387 406 2396 3492 3270 4680 969 2391 2401 571 2871 4113 366 4729 2066 1536 4377 4998 1918 4061 1952 1198 3804 3979 1345 2886 2928 1823 2871 1800 3046 2937
572 4947 4605 4822 4134 3582 1440 501 2143 2100 1374 104 3234 2002 3419 3553 2845 383 1127 3082 1932 1983 4682 3802 3288 1521 2602 243 2954 1328 1579 3525 3450 3360 3943 454 989 552 1502 2042 1600 3937 3550 199 2359 182 1967 3528 3021 1478 720 1528 2194 969 3044 3701 230 3980 4909 1382 499 3367 774 1332 1198 444 2772 3187 723 2737 1327 3243 3208 1738 3777 2213 1711 2622 3290 3574
3870 668 2476 4619 83 2077 4613 2740 327 4966 4447 4639 4953 493 985 3954 1161 4452 66 2807 2885 4706 2609 2356 2364 351 3531 1994 1657 1959 4335 2083 739 1398 524 1184 4060 2834 4363 4876 4975 4901 2101 396 3718 4264 744 49 4737 3911 4213 1219 3100 2391 3701 3692 2300 3399 1998 2293 4141 1123 1027 2131 3147 4741 108 105 233 462 2481 4863 3098 990 1278 1463 2197 226 2051 694
2152 2359 973 3728 843 3572 683 2972 4467 605 322 4936 2030 3530 4789 4973 1572 4996 3855 2146 1914 2245 739 4268 2475 1682 924 3085 4977 2075 517 2992 3791 4793 3746 2908 802 3543 1093 191 1313 2003 3419 2659 2715 4978 4772 1177 1288 604 1360 4522 977 2401 230 2300 3274 787 533 3447 673 3074 4273 3760 1728 416 2478 4930 1308 1667 1260 4188 300 3787 3340 2816 175 3821 996 433
2260 2671 4595 1186 3592 1033 2109 4572 1346 1911 3381 4196 4032 4490 2890 3771 1808 3306 1028 3721 4656 3151 1641 2283 4944 2937 3323 323 3009 172 3893 2281 1488 4839 2096 3924 4723 1412 2448 291 2164 1428 4957 805 2871 4089 3669 2460 4633 2148 4497 4291 3267 571 3980 3399 787 2174 1099 4093 1802 3043 3762 2365 647 348 3330 1978 4962 1680 3154 327 3743 4805 343 4195 3491 803 823 1213
572 2457 2652 2680 2139 3046 336 459 2157 935 1333 185 512 3502 1704 2927 3977 2480 4186 1616 4679 3434 2694 2158 2681 3889 689 3000 4493 4531 4510 4825 3285 764 657 2911 3897 1399 2086 3869 4621 2282 3304 1563 3259 3241 180 971 1596 771 2702 1173 4495 2871 4909 1998 533 1099 1911 1860 2946 2558 4612 3308 669 4237 747 4773 4356 2892 1304 4559 390 4766 2502 3859 2097 1652 2694 2930
969 4997 4475 2790 1481 839 4194 4810 3662 1697 1593 3861 4420 1020 2128 4850 1118 4974 947 169 3684 1853 709 2470 1175 2057 2914 851 3575 3628 2435 1162 71 3656 3344 3775 3578 1316 4921 1184 3127 3742 2496 1896 1803 1254 2386 2440 393 3029 4288 1784 1910 4113 1382 2293 3447 4093 1860 4163 619 3498 3969 2777 2604 615 1974 395 3276 1787 1660 4330 2202 863 1588 2416 4304 3682 371 3203
4812 3618 1409 2085 3928 1578 4067 1019 4145 4385 43 1088 689 482 1815 3947 4346 2018 1177 1124 3079 2252 4529 1341 937 1418 4141 1633 2723 1015 528 4023 2861 1166 4976 2400 3373 2735 837 1310 2024 2360 569 3404 4721 2420 622 1227 3921 3879 624 2308 492 366 499 4141 673 1802 2946 619 2327 4246 2316 948 856 4582 2678 4028 4544 4510 3286 1396 2280 2406 3644 3393 2414 1491 4621 4338
147 2169 1200 620 2818 4456 2902 2288 853 4966 3729 3995 2364 2193 1090 2144 540 3660 3559 4273 522 2321 3095 1295 1774 3685 2751 2121 3048 1432 1933 2975 1572 3434 3374 3347 753 1535 1947 4970 969 471 2284 2943 4999 2579 2275 2165 1103 3182 1106 1913 4538 4729 3367 1123 3074 3043 2558 3498 4246 4368 2895 4928 1557 2324 2999 4184 3802 1937 1256 3602 2586 2418 3462 2496 69 1018 2004 658
1756 212 1706 1278 1922 1569 4419 1061 1652 571 976 1249 2265 724 2522 3233 1768 1516 1833 2778 3493 320 1543 3156 1276 2086 1964 2517 1373 4188 4232 3839 2859 1362 164 3874 2540 3556 2464 2329 4916 3984 3537 1595 88 2492 791 680 4717 3970 3722 2796 3677 2066 774 1027 4273 3762 4612 3969 2316 2895 2047 4121 4502 1428 1339 1727 1596 1514 1378 4342 2429 932 2050 1811 2585 1408 4468 3597
179 2734 2225 4867 4753 1605 208 3889 1233 2615 510 561 3399 1355 2216 3489 1190 1225 1850 4729 2981 3839 1848 2279 4944 1070 1222 1734 4546 1673 3627 3279 75 2522 1072 1830 2345 3298 4255 1066 230 344 4506 2760 434 3355 4612 4685 2984 2396 3008 1585 2664 1536 1332 2131 3760 2365 3308 2777 948 4928 4121 2012 2643 2407 761 4715 2471 4146 3046 4930 1347 3643 4905 2258 2906 2542 2184 1085
4859 2289 2321 3396 336 4306 4387 686 4917 791 2712 3119 3086 4976 3796 1350 1244 1521 4736 1934 3030 456 3134 2738 2998 2358 3554 2834 1537 1655 637 1014 461 960 2197 2612 3049 444 4201 4335 4008 442 1109 1267 4067 4914 445 4937 3718 3965 1474 4132 272 4377 1198 3147 1728 647 669 2604 856 1557 4502 2643 2023 3721 2771 1507 3647 3112 2768 4117 1947 2548 1878 3744 352 1418 3227 2298
4365 3516 858 3576 461 3614 4391 4289 1094 4441 2754 3438 1520 729 673 119 767 263 4721 2028 3285 4610 877 565 3931 435 3597 405 2351 3041 4025 3099 883 3614 4047 4329 3808 3842 457 1732 3110 928 4502 1646 4446 1607 1231 2314 804 4233 1540 3729 1682 4998 444 4741 416 348 4237 615 4582 2324 1428 2407 3721 1890 3865 2835 3734 3246 2097 804 368 1369 318 2228 4114 474 2687 1341
3338 137 1767 3777 3439 2997 4065 1953 426 2586 2280 3660 4450 1796 1470 4945 3243 4402 1192 4138 3575 505 1735 1436 4062 2337 464 96 482 3064 3029 2216 2940 1389 1923 157 2934 1700 4936 687 1038 4448 3627 4873 4422 63 3223 4625 550 958 590 4578 2905 1918 2772 108 2478 3330 747 1974 2678 2999 1339 761 2771 3865 3463 658 1441 3139 635 3778 3661 4920 1133 3740 3018 4813 2644 821
1658 986 967 1535 3950 4030 1362 4899 1071 3041 1360 685 4668 1728 1804 1901 2892 3795 1771 4280 4814 3535 2208 1143 3745 3806 4899 2949 229 388 1453 4747 4468 1995 1875 2076 1368 3688 4254 285 549 348 3908 4601 1287 4392 1623 4828 1321 1989 3408 4159 2838 4061 3187 105 4930 1978 4773 395 4028 4184 1727 4715 1507 2835 658 1177 2738 1698 771 4810 4756 291 3994 4890 3095 1473 2733 2931
1670 930 3609 2836 3904 934 3459 1629 3044 853 2198 2740 1482 2823 4381 4196 4533 2574 294 3126 4494 2716 2059 4165 4958 2538 3582 3789 349 2953 3903 4990 2476 1934 2595 1677 603 3951 1705 1025 1551 968 537 3074 3643 3170 4507 3789 574 4291 3743 4524 1962 1952 723 233 1308 4962 4356 3276 4544 3802 1596 2471 3647 3734 1441 2738 1284 4685 4090 1598 3164 4705 3206 171 4488 2599 1282 2963
3992 1074 4064 3068 1846 4148 3288 1728 3421 2051 3814 2380 1691 1078 4128 2132 3063 2072 1874 323 1383 2986 1294 3204 2828 2076 693 341 3052 3211 3505 4457 4106 650 4338 4521 2773 1302 1929 2358 894 4857 1955 671 1062 1981 4203 3862 4543 1947 3074 4387 1855 1198 2737 462 1667 1680 2892 1787 4510 1937 1514 4146 3112 3246 3139 1698 4685 4823 605 4554 3066 592 325 4373 4388 2444 3430 4223
3485 415 1459 2661 4947 3797 4816 4122 1123 3442 1553 2041 443 3067 2525 1264 3272 704 323 3478 278 1906 2952 3644 2857 2559 3270 1478 1631 2372 2402 2761 1219 4269 3345 3344 3345 2045 2693 163 2343 2355 3778 4689 1523 4757 13 3162 1122 4063 2005 4351 4545 3804 1327 2481 1260 3154 1304 1660 3286 1256 1378 3046 2768 2097 635 771 4090 605 1506 1314 4052 2006 1590 1751 976 47 4725 3018
4262 4762 1657 4487 3971 3686 3228 3180 4676 372 521 1609 4621 4650 4303 2360 2019 2194 2418 2287 595 4021 814 1954 4075 1809 2664 1237 3219 1971 1063 2886 4745 2694 3751 1736 1204 606 3525 3505 4166 3341 3275 3336 3206 2109 3320 685 3323 207 1069 1900 2306 3979 3243 4863 4188 327 4559 4330 1396 3602 4342 4930 4117 804 3778 4810 1598 4554 1314 298 2972 1932 1887 4006 4277 1134 4550 3147
4819 2751 2188 19 2793 3740 3530 3459 3501 893 3516 3161 2078 1939 4586 1342 1548 3432 4289 4931 3592 4935 1544 1862 4830 648 398 4915 1101 4138 1323 3864 3725 183 2106 1574 430 4050 2328 793 1112 2258 4715 1657 4674 2452 4711 287 976 164 1476 1546 791 1345 3208 3098 300 3743 390 2202 2280 2586 2429 1347 1947 368 3661 4756 3164 3066 4052 2972 1468 2608 1365 2003 72 1333 3646 550
4096 3201 3261 2284 3710 811 1436 3105 731 3425 2136 4721 1823 178 1599 3107 4408 1709 3572 1424 4382 3187 2900 116 4189 3139 576 2057 893 729 2073 4232 4091 2072 2450 2340 1308 1053 1752 3718 204 4543 1197 2069 3530 2089 4625 1573 343 890 4073 3193 1544 2886 1738 990 3787 4805 4766 863 2406 2418 932 3643 2548 1369 4920 291 4705 592 2006 1932 2608 3546 473 2435 685 1109 953 4561
64 3676 48 1846 4803 2677 4483 386 4581 3060 4663 2706 3683 998 3871 4492 2276 3356 1207 3032 825 4327 1090 4638 752 1488 4622 3482 2660 3024 648 4994 4030 3232 1417 438 1735 1769 376 3267 3593 2261 3440 195 3002 96 4596 31 4943 1230 3048 1980 4760 2928 3777 1278 3340 343 2502 1588 3644 3462 2050 4905 1878 318 1133 3994 3206 325 1590 1887 1365 473 231 881 3961 1110 3451 4171
4027 2726 2939 1630 2477 69 4587 1705 464 1130 4300 3553 3598 4521 3642 1669 1237 3941 4382 3978 4036 3576 779 4812 2197 4894 1570 1801 2496 2467 2070 3379 691 1474 3273 702 2691 4735 582 3721 4178 2186 1741 499 3845 2741 2955 64 3479 1926 414 67 3719 1823 2213 1463 2816 4195 3859 2416 3393 2496 1811 2258 3744 2228 3740 4890 171 4373 1751 4006 2003 2435 881 1857 4322 1562 4039 3750
4167 1945 1215 4890 2766 3865 2240 2028 2262 1942 3271 481 3705 1425 4866 4136 2459 449 2119 842 1323 1423 697 2242 447 4258 1052 845 4707 3261 1472 1101 1532 72 4965 1700 1306 1909 2139 3731 3941 1216 1455 296 2588 945 4473 3066 3138 4109 2142 532 4049 2871 1711 2197 175 3491 2097 4304 2414 69 2585 2906 352 4114 3018 3095 4488 4388 976 4277 72 685 3961 4322 1931 1926 992 4117
4494 441 3862 3753 2923 2018 200 3784 605 846 2889 3274 2426 3289 1503 3738 4271 3980 1509 4674 848 737 1405 2571 3226 378 3026 915 152 1750 521 271 2351 4129 386 1496 1657 3243 1779 851 4875 3793 4838 4452 3740 294 3562 3980 4041 978 4028 1435 4376 1800 2622 226 3821 803 1652 3682 1491 1018 1408 2542 1418 474 4813 1473 2599 2444 47 1134 1333 1109 1110 1562 1926 2929 4399 3577
2256 4407 2307 4479 1479 4000 2900 3131 1498 3388 4849 2035 4480 4307 2819 1924 526 3405 2682 1338 3227 3666 4452 4655 3187 4265 4854 3166 3115 1760 2554 820 2700 2297 1313 340 3190 1616 2679 3180 3016 2879 4447 3754 3194 1095 1506 759 4789 2953 3119 1900 4904 3046 3290 2051 996 823 2694 371 4621 2004 4468 2184 3227 2687 2644 2733 1282 3430 4725 4550 3646 953 3451 4039 992 4399 1368 2573
2463 2812 2567 1291 261 2087 3174 542 3078 3573 309 2713 2535 997 3886 4397 2473 1248 840 3442 1931 3982 190 4951 4012 3742 3245 3536 167 2517 4774 253 4507 100 4471 3135 2636 1045 1245 2516 1040 343 349 1594 1769 1462 950 4774 3282 369 853 767 4753 2937 3574 694 433 1213 2930 3203 4338 658 3597 1085 2298 1341 821 2931 2963 4223 3018 3147 550 4561 4171 3750 4117 3577 2573 4882
