N: 80
M: 20
Symmetric: true
Triangle: false
2 13 29
5 24 55 21 9 27
4 32 8 14 77
4 51 71 38 18
5 26 62 68 50 57
3 4 42 65
3 31 17 33
4 44 11 22 66
3 10 63 70
4 16 19 40 73
5 79 67 36 47 75
1 39
7 30 3 54 61 60 72 59
5 46 23 76 74 5
4 41 80 25 49
4 37 45 28 35
9 53 7 2 48 78 15 34 56 52
4 1 43 6 69
2 64 12
2 58 20
1307 387 4112 2397 1237 2930 4238 4491 3321 1482 4067 3839 2026 1387 1494 3742 4694 1057 4644 666 2671 3790 2646 1415 689 3890 1021 2538 1781 4603 1343 3256 617 1722 3613 1535 4852 938 4608 3135 1676 2686 548 4152 4814 2341 3550 3122 4409 1003 1383 4576 232 2078 4843 3408 1365 4348 2574 2723 3565 1876 4343 3465 2089 1974 410 4015 2487 932 2621 868 2520 4066 1963 3247 4477 3215 2664 2904
387 759 2370 1240 4528 2891 1061 796 1797 333 1029 3901 238 2278 892 2499 3086 2432 1489 1143 181 2810 2392 1109 2169 3108 4054 4635 968 2866 2996 2979 1299 1596 4530 1558 4743 3482 525 2574 3616 437 4679 2654 1777 4999 2352 2851 2299 3351 4661 4945 4122 3373 456 2005 4771 3117 850 737 2522 4648 1294 2068 2617 3169 4046 1399 347 425 1766 2539 2276 3426 1823 2907 2630 4117 3653 3900
4112 2370 1817 3538 3526 2984 164 4423 476 4425 2247 3985 2088 721 4800 3462 3785 302 4562 3483 4160 2954 3053 4296 2597 2586 1117 3827 650 3365 760 1749 2176 84 1262 3203 3411 3170 2152 1654 3500 2088 2428 567 2477 691 1718 448 4589 1737 3209 3048 215 469 1106 1152 2699 1215 1414 1332 4781 4833 3426 3211 1430 2175 3580 4845 3443 3827 1686 1561 89 4889 1594 2489 639 143 2549 2359
2397 1240 3538 844 741 1084 2949 3549 2239 4573 1174 4322 3564 2444 2508 3297 1592 814 4119 3699 4004 3157 3294 1900 3193 3115 3202 4811 1779 2931 3858 1594 2277 3311 1686 2537 4206 1196 2791 4661 4927 109 3460 606 3173 311 3366 1507 3135 4011 3860 1818 3708 4583 4020 4601 1001 1263 1184 1891 2456 2857 1690 1984 350 918 2952 4051 780 3666 1874 2531 2523 272 2950 3965 3178 1459 1699 2616
1237 4528 3526 741 3843 3661 455 4497 3332 1917 638 2552 3529 2186 4044 4963 2509 3135 2476 3485 3025 553 26 2659 1019 4445 2761 18 4806 2165 3233 2263 4344 1077 984 1838 705 4681 952 2237 584 39 955 314 1065 3203 2605 4347 3749 4206 3117 3783 1926 3192 4697 1401 3752 245 2075 624 135 4717 1176 2712 2415 569 1368 3571 3987 2793 2423 3445 1938 421 1999 343 4841 1779 4719 4891
2930 2891 2984 1084 3661 1466 2911 781 2503 4929 3291 2037 713 3799 1568 2407 4733 1111 2886 3974 553 972 3589 4008 3606 4152 3211 3358 4155 2137 1667 560 1431 4894 2943 1462 4117 3476 1039 3759 1647 1099 2857 3564 48 3350 1912 1862 112 4595 203 1852 1856 2652 2779 3289 1899 4953 2559 1159 1080 1483 2532 2112 1143 4283 2999 4007 1592 172 2974 1919 4414 3893 2675 1403 820 1281 4784 3115
4238 1061 164 2949 455 2911 3849 1012 1395 1701 4585 2447 92 3790 2654 787 2139 3629 2548 2084 1884 2679 1416 3603 2793 774 946 1059 3360 4723 2923 4085 3500 54 4269 1526 4275 126 3246 1296 2673 4026 3771 4797 2927 3846 392 85 3923 4599 3524 3604 2729 1999 4665 1145 3936 186 1138 868 752 2580 997 3608 430 2110 2981 4346 3393 3258 4238 4375 2756 2172 1481 2374 1136 2561 780 4468
4491 796 4423 3549 4497 781 1012 142 81 1547 1222 436 2215 3330 1397 1625 4672 4657 809 1987 704 2619 3516 4412 3431 2567 764 795 3308 3481 4784 668 4674 682 2332 455 4589 3376 1196 4409 2141 2867 3774 2476 3975 4509 3782 4804 3413 1311 4106 4961 4502 2982 476 1968 4370 1552 1024 32 1643 4310 1839 2515 4014 442 2576 3134 279 2137 1364 4863 562 3860 1293 4675 3073 780 2108 4322
3321 1797 476 2239 3332 2503 1395 81 4973 84 2206 4985 1248 881 270 471 3541 1059 2295 155 1308 937 4962 477 35 573 701 4055 4129 996 4575 428 688 2079 2630 1893 410 52 4522 4699 4367 3399 4506 3043 3811 276 990 3619 3494 4362 2767 2261 3278 1966 2928 1995 2465 4711 24 2078 2526 135 2106 3551 4976 3156 1143 3923 4149 2562 1098 1788 970 3028 991 632 4403 3177 2497 4123
1482 333 4425 4573 1917 4929 1701 1547 84 4048 371 203 4673 4782 4816 4840 4181 1837 4768 4679 3626 1685 1851 3255 1916 4125 4723 97 1580 233 1011 1206 269 4115 332 4695 3375 3443 1438 4040 3794 926 977 2436 1568 4403 1150 4957 2933 4599 4162 2926 1742 234 3676 1859 3830 240 4993 2703 113 2945 2339 2141 3978 2177 1798 1086 1471 4900 2873 1033 1708 2821 4586 1263 3429 2261 3244 1665
4067 1029 2247 1174 638 3291 4585 1222 2206 371 781 180 1111 266 139 2859 2977 751 2923 2348 4270 3433 4831 1917 3755 736 4956 1378 964 2774 1791 1825 419 4879 4341 2488 3229 1792 2941 1044 196 3229 2984 3430 2636 3371 48 3508 570 2683 3348 3896 2176 285 1844 3397 4818 4343 2289 3070 4922 2638 1311 355 4313 356 1339 2596 4463 4713 48 210 2155 3415 2297 3695 4693 1736 4514 4596
3839 3901 3985 4322 2552 2037 2447 436 4985 203 180 2376 516 2799 3616 687 1766 3090 4375 1841 3950 3976 3636 3647 1451 4163 2574 4363 2439 1372 1864 1284 4313 4870 2757 526 713 1915 825 3948 3414 2610 414 2030 4531 1791 4117 2373 757 1544 1198 4379 1100 2413 2483 3060 4500 1350 246 2281 3860 2630 3585 1676 2631 1063 4657 526 3339 3513 318 779 3743 780 1978 4674 1920 4596 662 3855
2026 238 2088 3564 3529 713 92 2215 1248 4673 1111 516 239 3897 4323 1974 1296 798 2614 3356 1076 1288 2246 3762 1048 1316 2131 2813 4109 3423 543 3381 2779 2524 3061 3916 3592 4879 4729 2014 4404 2531 1540 1084 1581 3881 4738 1802 993 59 4960 2647 3765 34 76 898 4138 352 4845 2447 1227 69 2000 2959 2826 791 3831 1723 563 2628 94 2865 4736 4319 4086 4736 4320 2331 4843 2458
1387 2278 721 2444 2186 3799 3790 3330 881 4782 266 2799 3897 3602 840 1771 1062 1791 771 3366 4746 1968 2885 4828 4964 2852 1736 2885 3451 4082 935 2803 4081 2284 3254 1027 1066 4535 1024 1566 4016 1913 2840 1921 1229 83 4828 4365 1678 4060 1558 2937 3105 3221 4655 3698 1546 1017 3547 2448 4185 1398 3573 2150 2997 3264 2053 4121 1206 4763 1224 4334 1051 4033 1067 1321 4095 4566 4328 1445
1494 892 4800 2508 4044 1568 2654 1397 270 4816 139 3616 4323 840 2848 1226 2826 3324 3617 4233 3470 2746 1379 4260 4621 4176 1431 1069 2079 3590 4232 2457 1775 2516 4888 1526 4255 2387 2710 4439 3820 3779 3396 3932 2223 1479 739 1686 2556 1513 645 1634 3666 4855 4243 630 4676 4200 1214 2055 3654 3896 1055 3574 1354 4355 1648 2550 1272 3084 2549 2585 1041 4025 2879 124 650 4279 3716 4799
3742 2499 3462 3297 4963 2407 787 1625 471 4840 2859 687 1974 1771 1226 1973 3664 4302 2325 3952 3398 4394 4885 624 1356 3527 4207 4442 802 2305 3090 3683 4530 3104 526 4281 1073 1915 2008 1639 4938 1795 4534 2986 3008 2009 1480 3697 3853 819 4634 1416 915 4492 3541 4327 1986 3469 2763 4474 1636 2071 3769 3223 4968 3100 4458 4268 895 1629 2975 2134 4367 3440 1540 666 2149 4182 3658 1684
4694 3086 3785 1592 2509 4733 2139 4672 3541 4181 2977 1766 1296 1062 2826 3664 4826 3751 894 1538 2473 4935 4682 1480 3622 2834 4975 3666 1557 2130 4377 3549 4235 509 2867 4877 1398 171 4549 3894 2459 540 4183 3420 4562 3913 2057 758 4308 199 2279 3856 524 1325 1484 4512 3577 1281 766 1449 2119 1779 1976 1535 4773 1506 4478 1569 4289 1924 894 2402 2727 1563 2874 4828 1502 437 3730 2147
1057 2432 302 814 3135 1111 3629 4657 1059 1837 751 3090 798 1791 3324 4302 3751 3019 3670 653 4197 4075 1450 2021 3548 3688 18 2661 4313 2726 757 2877 4229 933 3482 2741 1166 1509 3564 3659 1888 1448 1438 2367 513 3643 3317 1046 1740 4497 3002 2402 1271 1958 3459 3665 3527 1092 1947 3845 3253 519 3806 2477 3049 3795 1570 3934 4785 4924 264 1978 4334 3645 1565 430 3385 506 2158 4231
4644 1489 4562 4119 2476 2886 2548 809 2295 4768 2923 4375 2614 771 3617 2325 894 3670 1254 2644 392 4925 1884 2934 4910 3539 339 973 1622 390 2939 1766 2488 4336 4433 3909 2655 137 3556 116 4519 3720 3927 2424 3268 2305 2540 2423 1376 1368 695 3284 4409 1618 4607 708 557 1319 3993 4622 4230 815 1045 400 4209 38 3726 3053 3952 3523 990 1736 4956 1900 2460 3060 1262 2983 4000 2120
666 1143 3483 3699 3485 3974 2084 1987 155 4679 2348 1841 3356 3366 4233 3952 1538 653 2644 2242 861 4119 4712 3329 3024 2606 4618 746 2982 1362 1315 2194 1537 1241 3650 3568 2166 3833 4080 2545 3757 2506 1552 3467 3193 4921 2252 2418 1651 3017 1787 1615 2378 2270 4392 4164 4393 3126 1777 4754 1377 861 3086 3044 2226 4118 2446 4613 781 1171 4724 3172 2080 452 3486 3866 3958 3524 2873 168
2671 181 4160 4004 3025 553 1884 704 1308 3626 4270 3950 1076 4746 3470 3398 2473 4197 392 861 1206 499 4869 304 2980 2437 2751 266 476 1718 1157 4821 668 1260 328 385 2926 4426 3119 1607 572 1393 2427 4743 3114 1321 2932 3988 905 3104 3037 1015 902 1450 1575 1561 1801 3212 2670 1889 1605 3690 3512 3164 3571 1902 57 756 2873 1388 4395 3971 3154 2864 81 898 4356 317 2663 2332
3790 2810 2954 3157 553 972 2679 2619 937 1685 3433 3976 1288 1968 2746 4394 4935 4075 4925 4119 499 2393 3073 940 2256 2917 2138 4583 3937 3604 2733 397 2942 1857 1337 2961 4135 1243 4974 818 150 1048 487 3570 674 1688 1040 960 39 3305 1629 142 1772 1650 699 1471 1688 3319 1748 2293 841 3178 3057 4431 193 4206 418 4468 4110 3699 4731 2094 3449 2159 2237 2339 663 4180 2814 1811
2646 2392 3053 3294 26 3589 1416 3516 4962 1851 4831 3636 2246 2885 1379 4885 4682 1450 1884 4712 4869 3073 3474 4033 1898 1440 139 3958 2007 1740 2759 1947 891 4197 1075 2850 3686 3363 334 4331 4147 3576 3179 731 4340 4786 1780 2450 2387 3682 2471 4904 1477 36 790 1337 1522 819 2321 3585 2488 3081 2955 557 3019 375 575 4704 1627 3309 2367 4835 2945 3521 3067 3876 1669 345 772 3902
1415 1109 4296 1900 2659 4008 3603 4412 477 3255 1917 3647 3762 4828 4260 624 1480 2021 2934 3329 304 940 4033 220 1031 140 565 3359 1350 1693 4779 4884 2345 2890 3140 95 2065 4917 3718 3750 3601 1314 3989 1909 4017 2346 3262 4262 3042 3050 3012 2740 246 4902 3409 2099 40 4530 3697 1711 2265 4556 1498 2967 3376 1686 1309 2801 3811 3691 1043 322 3521 4022 279 2905 2578 270 3564 342
689 2169 2597 3193 1019 3606 2793 3431 35 1916 3755 1451 1048 4964 4621 1356 3622 3548 4910 3024 2980 2256 1898 1031 2581 2945 785 4774 147 1406 3006 4211 1632 4641 2386 2881 3340 4191 4198 3882 1152 4344 585 1210 3382 2613 1759 4214 4198 4073 304 4546 483 2255 4294 3953 156 3059 4549 4670 4246 509 3314 1736 2361 917 4386 1221 2054 4817 3982 1117 2960 3273 1441 1263 1067 1855 887 279
3890 3108 2586 3115 4445 4152 774 2567 573 4125 736 4163 1316 2852 4176 3527 2834 3688 3539 2606 2437 2917 1440 140 2945 1066 1495 1995 4173 956 1329 2318 3547 2496 1333 2578 1761 4746 3636 4430 1467 1491 864 3185 3340 481 4905 4965 3717 237 3283 4508 4205 2989 3162 1668 4423 626 1992 4128 2426 1830 1307 4879 3206 32 92 687 445 87 737 4599 1729 3630 4593 1881 3125 1291 4211 4336
1021 4054 1117 3202 2761 3211 946 764 701 4723 4956 2574 2131 1736 1431 4207 4975 18 339 4618 2751 2138 139 565 785 1495 450 1075 4879 4601 3016 1749 2507 122 4334 1863 3717 421 4437 4204 4985 1369 2738 4683 2982 111 2613 2018 2259 3822 926 2903 1334 2520 4438 4740 4997 2594 3784 1113 4864 1010 4905 3319 4949 2444 2453 4599 3682 4288 2859 2598 4911 3372 2486 2827 986 844 3162 2616
2538 4635 3827 4811 18 3358 1059 795 4055 97 1378 4363 2813 2885 1069 4442 3666 2661 973 746 266 4583 3958 3359 4774 1995 1075 863 744 3341 4642 2416 819 734 473 1263 3808 3472 1226 563 237 2199 296 575 4922 2071 633 691 4768 4815 3370 1039 3308 268 3310 1362 2919 3431 3179 871 4211 2874 4400 1078 1267 3249 2162 4971 3046 4998 2318 3502 4837 1507 2354 3905 817 3069 4748 3742
1781 968 650 1779 4806 4155 3360 3308 4129 1580 964 2439 4109 3451 2079 802 1557 4313 1622 2982 476 3937 2007 1350 147 4173 4879 744 4049 4521 4473 2546 2650 2056 2416 2681 4490 2745 4711 2480 439 853 2232 2154 4955 4407 1561 4901 358 666 267 1234 4967 2717 1775 3824 4224 11 4302 161 1197 1857 3485 2741 527 1636 937 4501 3421 4302 4635 476 2905 1367 3711 1600 3476 466 4302 2690
4603 2866 3365 2931 2165 2137 4723 3481 996 233 2774 1372 3423 4082 3590 2305 2130 2726 390 1362 1718 3604 1740 1693 1406 956 4601 3341 4521 4786 696 2435 2937 4641 2325 1719 388 4513 4516 1805 4027 2718 4240 2555 3627 4026 2639 2599 746 256 2919 4253 2501 2805 2825 841 2309 1733 3709 2303 2181 4317 2122 3920 3120 1997 2126 4196 3129 587 3986 1448 2450 2177 565 1974 992 1163 2939 2479
1343 2996 760 3858 3233 1667 2923 4784 4575 1011 1791 1864 543 935 4232 3090 4377 757 2939 1315 1157 2733 2759 4779 3006 1329 3016 4642 4473 696 2434 52 2213 1417 3580 3717 4604 1195 1546 3684 3465 4200 1372 934 4259 2995 1298 3585 3796 113 764 1981 4516 1472 2994 3642 1048 4136 3057 2570 4151 4689 3551 3323 4454 3899 4712 3635 4581 2965 3487 1869 3265 3147 2765 143 4824 4337 792 3423
3256 2979 1749 1594 2263 560 4085 668 428 1206 1825 1284 3381 2803 2457 3683 3549 2877 1766 2194 4821 397 1947 4884 4211 2318 1749 2416 2546 2435 52 4740 2792 2902 3223 2171 1825 3182 4652 1381 438 2182 4540 252 974 2898 1564 2741 273 209 2197 4608 4664 4955 522 1991 4073 3933 338 3213 4283 1550 3746 4111 1710 3044 4019 4285 3336 441 2011 558 4300 3232 2431 2815 2716 38 3357 116
617 1299 2176 2277 4344 1431 3500 4674 688 269 419 4313 2779 4081 1775 4530 4235 4229 2488 1537 668 2942 891 2345 1632 3547 2507 819 2650 2937 2213 2792 4816 3655 3781 3956 1998 4117 2061 1737 1189 1552 2352 3263 4823 717 2652 966 4001 4645 3667 2417 3144 3961 1666 4583 1417 1404 91 2049 445 846 92 372 1388 3149 4268 4163 3908 2871 1572 138 1506 1168 1296 71 1130 3100 2668 2921
1722 1596 84 3311 1077 4894 54 682 2079 4115 4879 4870 2524 2284 2516 3104 509 933 4336 1241 1260 1857 4197 2890 4641 2496 122 734 2056 4641 1417 2902 3655 3376 2869 1558 2733 2463 2128 3372 645 2725 2491 2262 2150 1345 3023 3044 3580 1088 23 1991 3249 4058 3307 3742 740 4055 4232 3055 3369 4269 4200 4287 2230 2088 1765 4239 4128 4198 1995 2472 1578 3443 1566 3873 2461 2728 2544 863
3613 4530 1262 1686 984 2943 4269 2332 2630 332 4341 2757 3061 3254 4888 526 2867 3482 4433 3650 328 1337 1075 3140 2386 1333 4334 473 2416 2325 3580 3223 3781 2869 483 1855 4564 3817 2254 2174 2721 1240 2344 2240 2390 106 905 4192 4637 3451 353 3467 4519 1645 768 2621 2548 4798 4258 855 247 2942 1064 619 493 2610 2471 3490 2165 2888 1612 53 217 2974 3369 990 3717 4164 3407 1831
1535 1558 3203 2537 1838 1462 1526 455 1893 4695 2488 526 3916 1027 1526 4281 4877 2741 3909 3568 385 2961 2850 95 2881 2578 1863 1263 2681 1719 3717 2171 3956 1558 1855 3628 4804 2560 4019 2019 3908 1250 571 4457 627 335 400 3900 3873 1139 3866 4158 2384 3298 864 4780 1568 555 2211 4458 4537 1513 4511 4616 3974 3451 891 1052 4558 3735 52 172 1100 1277 4198 3959 1901 267 2083 3271
4852 4743 3411 4206 705 4117 4275 4589 410 3375 3229 713 3592 1066 4255 1073 1398 1166 2655 2166 2926 4135 3686 2065 3340 1761 3717 3808 4490 388 4604 1825 1998 2733 4564 4804 3192 468 2019 1353 1093 4776 3618 4619 2154 2273 2351 4109 2142 3266 2305 4146 3538 2460 1672 640 1290 869 3349 4554 270 1158 1451 2289 3712 1309 1301 1364 3739 1587 922 3930 2935 3909 2482 262 4107 552 230 2071
938 3482 3170 1196 4681 3476 126 3376 52 3443 1792 1915 4879 4535 2387 1915 171 1509 137 3833 4426 1243 3363 4917 4191 4746 421 3472 2745 4513 1195 3182 4117 2463 3817 2560 468 2200 3331 4324 4138 2848 985 1252 3800 768 298 4452 1990 1560 1464 961 3875 949 2106 839 4659 4534 3628 901 434 1040 376 1112 1679 4883 1219 572 3139 4406 4085 3168 3182 1264 3224 2543 2922 3101 3446 2240
4608 525 2152 2791 952 1039 3246 1196 4522 1438 2941 825 4729 1024 2710 2008 4549 3564 3556 4080 3119 4974 334 3718 4198 3636 4437 1226 4711 4516 1546 4652 2061 2128 2254 4019 2019 3331 3359 4305 1513 1440 3012 1478 4298 316 2013 4211 3453 3403 2688 2052 201 273 4042 4885 964 4428 3281 2499 3927 1772 355 2156 3822 2049 1983 583 4843 2344 2996 4906 3436 2688 4143 2478 2891 668 1405 1742
3135 2574 1654 4661 2237 3759 1296 4409 4699 4040 1044 3948 2014 1566 4439 1639 3894 3659 116 2545 1607 818 4331 3750 3882 4430 4204 563 2480 1805 3684 1381 1737 3372 2174 2019 1353 4324 4305 72 3878 2625 2570 2152 2371 4823 431 2681 2318 1432 1470 3597 3268 337 1248 3079 1255 2988 2436 303 4490 1271 1295 1910 4601 188 3759 3555 3397 2531 3988 2977 1120 3753 2926 2244 1610 4356 2575 2685
1676 3616 3500 4927 584 1647 2673 2141 4367 3794 196 3414 4404 4016 3820 4938 2459 1888 4519 3757 572 150 4147 3601 1152 1467 4985 237 439 4027 3465 438 1189 645 2721 3908 1093 4138 1513 3878 1654 2891 2368 3929 1004 2360 2061 4152 764 408 3586 1673 1086 3070 3288 731 1885 701 1669 2960 2014 3618 2848 2757 613 2393 2488 167 1434 3581 3048 4436 1926 1135 902 3603 3999 1202 388 2330
2686 437 2088 109 39 1099 4026 2867 3399 926 3229 2610 2531 1913 3779 1795 540 1448 3720 2506 1393 1048 3576 1314 4344 1491 1369 2199 853 2718 4200 2182 1552 2725 1240 1250 4776 2848 1440 2625 2891 3580 2627 2298 2853 4242 175 483 3382 748 1160 4463 582 4500 3903 4343 494 3949 3271 4821 3337 4250 1980 2338 2588 1763 272 3789 2296 1430 3262 221 1374 2622 2881 2640 1640 4613 2788 1102
548 4679 2428 3460 955 2857 3771 3774 4506 977 2984 414 1540 2840 3396 4534 4183 1438 3927 1552 2427 487 3179 3989 585 864 2738 296 2232 4240 1372 4540 2352 2491 2344 571 3618 985 3012 2570 2368 2627 1250 2510 13 869 300 2313 908 3304 2173 3054 4714 1679 1275 2815 1480 3430 2667 1933 1402 715 2428 1107 921 1926 4733 4478 4224 4385 2367 3607 2210 1884 780 4799 1831 2691 591 3071
4152 2654 567 606 314 3564 4797 2476 3043 2436 3430 2030 1084 1921 3932 2986 3420 2367 2424 3467 4743 3570 731 1909 1210 3185 4683 575 2154 2555 934 252 3263 2262 2240 4457 4619 1252 1478 2152 3929 2298 2510 1026 4094 2586 3187 25 4394 4768 287 855 2144 1918 2356 887 2187 305 2571 1196 1634 3590 547 4406 3464 1832 3294 4361 1653 552 493 2974 718 3950 151 1585 48 671 4153 537
4814 1777 2477 3173 1065 48 2927 3975 3811 1568 2636 4531 1581 1229 2223 3008 4562 513 3268 3193 3114 674 4340 4017 3382 3340 2982 4922 4955 3627 4259 974 4823 2150 2390 627 2154 3800 4298 2371 1004 2853 13 4094 3332 3037 1999 4331 4945 2916 1454 2508 2335 2490 317 1771 972 1697 2328 3280 1233 4346 4573 3773 797 158 2187 2524 871 2563 4401 2655 1430 3384 3685 4534 338 3961 3629 4810
2341 4999 691 311 3203 3350 3846 4509 276 4403 3371 1791 3881 83 1479 2009 3913 3643 2305 4921 1321 1688 4786 2346 2613 481 111 2071 4407 4026 2995 2898 717 1345 106 335 2273 768 316 4823 2360 4242 869 2586 3037 325 285 3803 2308 2753 281 438 478 2369 2924 787 1605 3932 2038 3648 3397 183 4216 405 634 2237 4846 3331 2773 3488 1754 1351 3771 4288 1756 4675 1912 2825 3030 1670
3550 2352 1718 3366 2605 1912 392 3782 990 1150 48 4117 4738 4828 739 1480 2057 3317 2540 2252 2932 1040 1780 3262 1759 4905 2613 633 1561 2639 1298 1564 2652 3023 905 400 2351 298 2013 431 2061 175 300 3187 1999 285 3253 2218 1288 2736 4791 3428 3163 3882 2464 3035 3900 2419 1842 3839 2650 1768 3461 1047 1487 2903 2527 2027 357 1806 4324 1953 760 760 1335 3525 4584 4259 1071 3893
3122 2851 448 1507 4347 1862 85 4804 3619 4957 3508 2373 1802 4365 1686 3697 758 1046 2423 2418 3988 960 2450 4262 4214 4965 2018 691 4901 2599 3585 2741 966 3044 4192 3900 4109 4452 4211 2681 4152 483 2313 25 4331 3803 2218 3200 2710 3787 4560 631 2742 3714 3324 2479 2000 1717 2439 2565 1941 3840 1977 2607 641 849 653 845 3713 3840 824 2576 4298 3814 4359 4907 894 4324 3064 4649
4409 2299 4589 3135 3749 112 3923 3413 3494 2933 570 757 993 1678 2556 3853 4308 1740 1376 1651 905 39 2387 3042 4198 3717 2259 4768 358 746 3796 273 4001 3580 4637 3873 2142 1990 3453 2318 764 3382 908 4394 4945 2308 1288 2710 4129 2654 3982 2763 2438 2296 985 837 1672 3638 3289 3818 4612 562 3999 73 1996 1484 343 3036 4348 2630 1676 2322 1620 4359 3447 3900 1872 4486 3254 3458
1003 3351 1737 4011 4206 4595 4599 1311 4362 4599 2683 1544 59 4060 1513 819 199 4497 1368 3017 3104 3305 3682 3050 4073 237 3822 4815 666 256 113 209 4645 1088 3451 1139 3266 1560 3403 1432 408 748 3304 4768 2916 2753 2736 3787 2654 521 4895 3763 483 4075 1952 2966 3412 4905 2929 641 1945 662 686 818 2349 1315 2059 3771 2393 359 534 4490 1449 3196 4154 4249 820 4038 2016 4350
1383 4661 3209 3860 3117 203 3524 4106 2767 4162 3348 1198 4960 1558 645 4634 2279 3002 695 1787 3037 1629 2471 3012 304 3283 926 3370 267 2919 764 2197 3667 23 353 3866 2305 1464 2688 1470 3586 1160 2173 287 1454 281 4791 4560 3982 4895 1780 1082 997 2877 1884 4626 40 1200 2499 4788 3622 715 2896 4506 2297 4410 1404 2603 4708 3903 3526 3753 406 4788 4735 4563 931 3933 2792 4834
4576 4945 3048 1818 3783 1852 3604 4961 2261 2926 3896 4379 2647 2937 1634 1416 3856 2402 3284 1615 1015 142 4904 2740 4546 4508 2903 1039 1234 4253 1981 4608 2417 1991 3467 4158 4146 961 2052 3597 1673 4463 3054 855 2508 438 3428 631 2763 3763 1082 1294 140 528 245 1716 2246 3659 3790 1380 4360 3814 1957 4935 2461 4566 4022 4972 562 1188 1169 446 4170 1805 1303 3621 1563 409 4140 3656
232 4122 215 3708 1926 1856 2729 4502 3278 1742 2176 1100 3765 3105 3666 915 524 1271 4409 2378 902 1772 1477 246 483 4205 1334 3308 4967 2501 4516 4664 3144 3249 4519 2384 3538 3875 201 3268 1086 582 4714 2144 2335 478 3163 2742 2438 483 997 140 3135 4101 3430 756 972 2802 4918 4927 4451 2644 3268 1452 4912 347 3296 901 713 4394 4750 955 596 3216 1116 4004 843 623 155 1531
2078 3373 469 4583 3192 2652 1999 2982 1966 234 285 2413 34 3221 4855 4492 1325 1958 1618 2270 1450 1650 36 4902 2255 2989 2520 268 2717 2805 1472 4955 3961 4058 1645 3298 2460 949 273 337 3070 4500 1679 1918 2490 2369 3882 3714 2296 4075 2877 528 4101 971 2721 4003 913 2059 4510 123 393 788 3536 1876 2456 4995 2780 2369 1231 4793 3126 1123 232 2249 3648 3874 4663 3191 1109 1232
4843 456 1106 4020 4697 2779 4665 476 2928 3676 1844 2483 76 4655 4243 3541 1484 3459 4607 4392 1575 699 790 3409 4294 3162 4438 3310 1775 2825 2994 522 1666 3307 768 864 1672 2106 4042 1248 3288 3903 1275 2356 317 2924 2464 3324 985 1952 1884 245 3430 2721 1693 4459 2578 1386 2701 559 358 948 1115 1940 656 4190 2134 3528 4694 1396 522 2803 1056 482 661 3972 3936 2184 1866 817
3408 2005 1152 4601 1401 3289 1145 1968 1995 1859 3397 3060 898 3698 630 4327 4512 3665 708 4164 1561 1471 1337 2099 3953 1668 4740 1362 3824 841 3642 1991 4583 3742 2621 4780 640 839 4885 3079 731 4343 2815 887 1771 787 3035 2479 837 2966 4626 1716 756 4003 4459 3457 34 2389 3127 4685 4878 4373 3631 1899 4185 3499 4991 1130 630 2078 4656 4712 2204 1566 2990 3408 4972 1908 3406 3768
1365 4771 2699 1001 3752 1899 3936 4370 2465 3830 4818 4500 4138 1546 4676 1986 3577 3527 557 4393 1801 1688 1522 40 156 4423 4997 2919 4224 2309 1048 4073 1417 740 2548 1568 1290 4659 964 1255 1885 494 1480 2187 972 1605 3900 2000 1672 3412 40 2246 972 913 2578 34 3211 3720 1704 2222 2420 4369 4920 3794 3917 922 2924 3941 1110 3875 1711 872 641 4316 3206 1310 660 3546 3386 4135
4348 3117 1215 1263 245 4953 186 1552 4711 240 4343 1350 352 1017 4200 3469 1281 1092 1319 3126 3212 3319 819 4530 3059 626 2594 3431 11 1733 4136 3933 1404 4055 4798 555 869 4534 4428 2988 701 3949 3430 305 1697 3932 2419 1717 3638 4905 1200 3659 2802 2059 1386 2389 3720 3891 3471 3681 2062 3698 3657 3340 2419 2496 3735 3340 1385 79 1263 4726 1973 4193 4454 4085 3751 886 4416 2357
2574 850 1414 1184 2075 2559 1138 1024 24 4993 2289 246 4845 3547 1214 2763 766 1947 3993 1777 2670 1748 2321 3697 4549 1992 3784 3179 4302 3709 3057 338 91 4232 4258 2211 3349 3628 3281 2436 1669 3271 2667 2571 2328 2038 1842 2439 3289 2929 2499 3790 4918 4510 2701 3127 1704 3471 3720 4957 2260 1316 1179 4310 4783 3559 1226 3264 355 791 4246 4998 156 970 3181 837 4611 2181 2022 2968
2723 737 1332 1891 624 1159 868 32 2078 2703 3070 2281 2447 2448 2055 4474 1449 3845 4622 4754 1889 2293 3585 1711 4670 4128 1113 871 161 2303 2570 3213 2049 3055 855 4458 4554 901 2499 303 2960 4821 1933 1196 3280 3648 3839 2565 3818 641 4788 1380 4927 123 559 4685 2222 3681 4957 3963 4795 733 3697 867 2472 965 108 516 90 443 2429 4208 4927 3302 1818 3211 2430 4187 4066 4183
3565 2522 4781 2456 135 1080 752 1643 2526 113 4922 3860 1227 4185 3654 1636 2119 3253 4230 1377 1605 841 2488 2265 4246 2426 4864 4211 1197 2181 4151 4283 445 3369 247 4537 270 434 3927 4490 2014 3337 1402 1634 1233 3397 2650 1941 4612 1945 3622 4360 4451 393 358 4878 2420 2062 2260 4795 3016 4402 3701 4302 3164 2621 3605 922 4523 336 2875 4503 4286 2971 2133 3306 4465 3980 2377 820
1876 4648 4833 2857 4717 1483 2580 4310 135 2945 2638 2630 69 1398 3896 2071 1779 519 815 861 3690 3178 3081 4556 509 1830 1010 2874 1857 4317 4689 1550 846 4269 2942 1513 1158 1040 1772 1271 3618 4250 715 3590 4346 183 1768 3840 562 662 715 3814 2644 788 948 4373 4369 3698 1316 733 4402 4943 1828 2677 2280 4711 3599 2602 3788 3964 1020 4996 4754 2984 3951 4832 1085 3282 2342 1290
4343 1294 3426 1690 1176 2532 997 1839 2106 2339 1311 3585 2000 3573 1055 3769 1976 3806 1045 3086 3512 3057 2955 1498 3314 1307 4905 4400 3485 2122 3551 3746 92 4200 1064 4511 1451 376 355 1295 2848 1980 2428 547 4573 4216 3461 1977 3999 686 2896 1957 3268 3536 1115 3631 4920 3657 1179 3697 3701 1828 141 160 3412 4128 3265 404 2767 3083 1402 4073 2585 4907 3473 1668 2066 1326 2714 4499
3465 2068 3211 1984 2712 2112 3608 2515 3551 2141 355 1676 2959 2150 3574 3223 1535 2477 400 3044 3164 4431 557 2967 1736 4879 3319 1078 2741 3920 3323 4111 372 4287 619 4616 2289 1112 2156 1910 2757 2338 1107 4406 3773 405 1047 2607 73 818 4506 4935 1452 1876 1940 1899 3794 3340 4310 867 4302 2677 160 2891 455 4458 1705 1243 1234 1572 425 1924 4098 3509 2318 1246 4317 1399 2446 241
2089 2617 1430 350 2415 1143 430 4014 4976 3978 4313 2631 2826 2997 1354 4968 4773 3049 4209 2226 3571 193 3019 3376 2361 3206 4949 1267 527 3120 4454 1710 1388 2230 493 3974 3712 1679 3822 4601 613 2588 921 3464 797 634 1487 641 1996 2349 2297 2461 4912 2456 656 4185 3917 2419 4783 2472 3164 2280 3412 455 315 2501 423 4009 3611 55 54 4895 3792 1217 4019 4546 3635 4503 4713 809
1974 3169 2175 918 569 4283 2110 442 3156 2177 356 1063 791 3264 4355 3100 1506 3795 38 4118 1902 4206 375 1686 917 32 2444 3249 1636 1997 3899 3044 3149 2088 2610 3451 1309 4883 2049 188 2393 1763 1926 1832 158 2237 2903 849 1484 1315 4410 4566 347 4995 4190 3499 922 2496 3559 965 2621 4711 4128 4458 2501 2305 3411 4855 32 3298 3812 2780 2068 4139 4824 4082 2320 670 2227 986
410 4046 3580 2952 1368 2999 2981 2576 1143 1798 1339 4657 3831 2053 1648 4458 4478 1570 3726 2446 57 418 575 1309 4386 92 2453 2162 937 2126 4712 4019 4268 1765 2471 891 1301 1219 1983 3759 2488 272 4733 3294 2187 4846 2527 653 343 2059 1404 4022 3296 2780 2134 4991 2924 3735 1226 108 3605 3599 3265 1705 423 3411 2892 3049 4888 377 4992 2149 214 2012 756 2402 3408 3238 1356 2666
4015 1399 4845 4051 3571 4007 4346 3134 3923 1086 2596 526 1723 4121 2550 4268 1569 3934 3053 4613 756 4468 4704 2801 1221 687 4599 4971 4501 4196 3635 4285 4163 4239 3490 1052 1364 572 583 3555 167 3789 4478 4361 2524 3331 2027 845 3036 3771 2603 4972 901 2369 3528 1130 3941 3340 3264 516 922 2602 404 1243 4009 4855 3049 3813 3813 4531 3847 435 4839 3033 3818 4746 1772 1592 3094 3857
2487 347 3443 780 3987 1592 3393 279 4149 1471 4463 3339 563 1206 1272 895 4289 4785 3952 781 2873 4110 1627 3811 2054 445 3682 3046 3421 3129 4581 3336 3908 4128 2165 4558 3739 3139 4843 3397 1434 2296 4224 1653 871 2773 357 3713 4348 2393 4708 562 713 1231 4694 630 1110 1385 355 90 4523 3788 2767 1234 3611 32 4888 3813 3433 4569 4840 3648 3368 634 4410 2605 1688 3043 2534 2606
932 425 3827 3666 2793 172 3258 2137 2562 4900 4713 3513 2628 4763 3084 1629 1924 4924 3523 1171 1388 3699 3309 3691 4817 87 4288 4998 4302 587 2965 441 2871 4198 2888 3735 1587 4406 2344 2531 3581 1430 4385 552 2563 3488 1806 3840 2630 359 3903 1188 4394 4793 1396 2078 3875 79 791 443 336 3964 3083 1572 55 3298 377 4531 4569 1720 3511 3473 1946 937 3646 3954 2836 4333 797 4860
2621 1766 1686 1874 2423 2974 4238 1364 1098 2873 48 318 94 1224 2549 2975 894 264 990 4724 4395 4731 2367 1043 3982 737 2859 2318 4635 3986 3487 2011 1572 1995 1612 52 922 4085 2996 3988 3048 3262 2367 493 4401 1754 4324 824 1676 534 3526 1169 4750 3126 522 4656 1711 1263 4246 2429 2875 1020 1402 425 54 3812 4992 3847 4840 3511 1644 3029 4789 1534 4264 4127 108 1408 1428 2966
868 2539 1561 2531 3445 1919 4375 4863 1788 1033 210 779 2865 4334 2585 2134 2402 1978 1736 3172 3971 2094 4835 322 1117 4599 2598 3502 476 1448 1869 558 138 2472 53 172 3930 3168 4906 2977 4436 221 3607 2974 2655 1351 1953 2576 2322 4490 3753 446 955 1123 2803 4712 872 4726 4998 4208 4503 4996 4073 1924 4895 2780 2149 435 3648 3473 3029 3935 579 655 1405 1092 437 2318 1735 3325
2520 2276 89 2523 1938 4414 2756 562 970 1708 2155 3743 4736 1051 1041 4367 2727 4334 4956 2080 3154 3449 2945 3521 2960 1729 4911 4837 2905 2450 3265 4300 1506 1578 217 1100 2935 3182 3436 1120 1926 1374 2210 718 1430 3771 760 4298 1620 1449 406 4170 596 232 1056 2204 641 1973 156 4927 4286 4754 2585 4098 3792 2068 214 4839 3368 1946 4789 579 253 4747 423 3499 327 2309 3965 4944
4066 3426 4889 272 421 3893 2172 3860 3028 2821 3415 780 4319 4033 4025 3440 1563 3645 1900 452 2864 2159 3521 4022 3273 3630 3372 1507 1367 2177 3147 3232 1168 3443 2974 1277 3909 1264 2688 3753 1135 2622 1884 3950 3384 4288 760 3814 4359 3196 4788 1805 3216 2249 482 1566 4316 4193 970 3302 2971 2984 4907 3509 1217 4139 2012 3033 634 937 1534 655 4747 2589 1179 1235 2908 1859 4633 778
1963 1823 1594 2950 1999 2675 1481 1293 991 4586 2297 1978 4086 1067 2879 1540 2874 1565 2460 3486 81 2237 3067 279 1441 4593 2486 2354 3711 565 2765 2431 1296 1566 3369 4198 2482 3224 4143 2926 902 2881 780 151 3685 1756 1335 4359 3447 4154 4735 1303 1116 3648 661 2990 3206 4454 3181 1818 2133 3951 3473 2318 4019 4824 756 3818 4410 3646 4264 1405 423 1179 1998 340 3830 4915 2299 4708
3247 2907 2489 3965 343 1403 2374 4675 632 1263 3695 4674 4736 1321 124 666 4828 430 3060 3866 898 2339 3876 2905 1263 1881 2827 3905 1600 1974 143 2815 71 3873 990 3959 262 2543 2478 2244 3603 2640 4799 1585 4534 4675 3525 4907 3900 4249 4563 3621 4004 3874 3972 3408 1310 4085 837 3211 3306 4832 1668 1246 4546 4082 2402 4746 2605 3954 4127 1092 3499 1235 340 2127 1893 1936 2811 11
4477 2630 639 3178 4841 820 1136 3073 4403 3429 4693 1920 4320 4095 650 2149 1502 3385 1262 3958 4356 663 1669 2578 1067 3125 986 817 3476 992 4824 2716 1130 2461 3717 1901 4107 2922 2891 1610 3999 1640 1831 48 338 1912 4584 894 1872 820 931 1563 843 4663 3936 4972 660 3751 4611 2430 4465 1085 2066 4317 3635 2320 3408 1772 1688 2836 108 437 327 2908 3830 1893 267 1253 4543 1859
3215 4117 143 1459 1779 1281 2561 780 3177 2261 1736 4596 2331 4566 4279 4182 437 506 2983 3524 317 4180 345 270 1855 1291 844 3069 466 1163 4337 38 3100 2728 4164 267 552 3101 668 4356 1202 4613 2691 671 3961 2825 4259 4324 4486 4038 3933 409 623 3191 2184 1908 3546 886 2181 4187 3980 3282 1326 1399 4503 670 3238 1592 3043 4333 1408 2318 2309 1859 4915 1936 1253 4289 979 2531
2664 3653 2549 1699 4719 4784 780 2108 2497 3244 4514 662 4843 4328 3716 3658 3730 2158 4000 2873 2663 2814 772 3564 887 4211 3162 4748 4302 2939 792 3357 2668 2544 3407 2083 230 3446 1405 2575 388 2788 591 4153 3629 3030 1071 3064 3254 2016 2792 4140 155 1109 1866 3406 3386 4416 2022 4066 2377 2342 2714 2446 4713 2227 1356 3094 2534 797 1428 1735 3965 4633 2299 2811 4543 979 851 2591
2904 3900 2359 2616 4891 3115 4468 4322 4123 1665 4596 3855 2458 1445 4799 1684 2147 4231 2120 168 2332 1811 3902 342 279 4336 2616 3742 2690 2479 3423 116 2921 863 1831 3271 2071 2240 1742 2685 2330 1102 3071 537 4810 1670 3893 4649 3458 4350 4834 3656 1531 1232 817 3768 4135 2357 2968 4183 820 1290 4499 241 809 986 2666 3857 2606 4860 2966 3325 4944 778 4708 11 1859 2531 2591 3291
