N: 80
M: 20
Symmetric: true
Triangle: false
2 54 59
4 32 77 78 36
4 71 23 79 7
4 67 20 1 49
3 80 24 18
5 8 65 46 56 57
5 6 34 73 5 10
1 3
5 31 74 70 26 25
5 37 44 51 43 30
5 22 35 16 29 53
3 13 48 41
2 50 39
4 14 55 19 68
11 76 17 75 47 38 40 64 42 11 21 63
3 60 15 58
5 52 9 45 2 61
1 69
4 12 72 33 62
4 66 27 28 4
2069 564 2893 4610 2517 2715 4775 3589 2676 3920 1867 4812 2538 3207 4233 4120 998 2222 223 735 558 11 193 4926 3133 3891 3771 4195 2433 92 3529 3433 4709 3980 2381 4288 4971 960 1247 4935 4804 843 265 252 4128 2405 1363 4978 3775 3534 2996 1861 546 1402 2591 4764 354 2443 849 1971 4526 487 2174 85 891 4247 3144 2608 3959 518 3832 3245 2036 1412 4770 1618 3665 778 631 3046
564 3563 2113 326 1420 2814 2502 1978 4493 4274 3680 4797 4771 4606 2986 312 3240 3739 4495 3456 440 1809 842 1735 2897 3537 1630 443 375 4133 1395 2615 2098 3612 3728 2253 2074 4572 2891 428 3730 2998 18 4170 1085 362 2378 753 3682 4272 608 4094 1795 882 3254 2159 4738 1108 682 1460 4887 4916 3665 4273 588 4878 2644 4398 2287 2364 4256 1501 3439 4048 2095 4498 4233 3203 3377 1981
2893 2113 1429 2123 1001 3020 126 4490 3303 3595 2851 2479 1058 1132 3313 1786 2968 1025 2759 1866 581 2725 3750 4855 2092 3447 152 963 1479 4936 1630 2336 2923 1082 1875 586 4097 2571 3671 2767 136 1035 2890 2132 2704 1224 2914 4421 3587 432 3438 4426 4584 353 3583 4255 2740 2779 794 2684 996 4413 87 2807 2372 262 1164 3274 494 4973 4730 1360 3927 4418 2302 2558 1691 209 4027 1979
4610 326 2123 3734 279 1841 4446 3301 3409 1599 348 4784 3612 3634 2741 4393 844 2328 1674 303 3489 4383 1626 2171 4764 275 3926 2262 418 1848 4093 2933 3935 3746 3912 2126 279 2712 2653 3788 3508 3280 4253 1707 3856 3201 2590 389 3990 3107 3583 764 2299 4498 4003 4417 2108 3832 2809 883 2195 2959 758 3039 2293 4198 4539 2052 564 1325 2218 3398 2557 283 1110 3247 3668 4257 1629 579
2517 1420 1001 279 1597 1599 1401 788 3480 691 3641 546 2410 2479 4675 3621 1282 1859 3387 1662 2006 3962 419 2566 47 3415 3736 4679 3690 3279 3316 4183 2773 3379 1846 2945 4456 3752 1342 1175 1522 1700 4432 1703 2096 491 4797 4122 118 3504 2827 3973 1413 4114 3063 3127 3403 3282 1906 818 765 4280 691 4930 413 4486 3619 1861 560 921 457 3653 314 973 2201 3136 2133 991 1242 1435
2715 2814 3020 1841 1599 2806 699 366 2150 944 4849 883 30 2192 3357 896 3808 1322 3088 999 4247 4890 2012 434 2814 4379 3777 3905 731 1486 4927 1975 2185 3116 596 3950 62 2486 1636 191 3721 29 2190 2801 3810 4983 3693 2416 4377 287 3385 1797 565 268 1435 1657 4046 445 3759 3173 1947 1697 1708 2694 891 2581 3218 3090 1026 4121 4441 805 4300 3589 1756 3051 4354 196 877 1670
4775 2502 126 4446 1401 699 1016 3055 24 4896 101 3181 2326 1428 2436 3454 4743 4758 176 1183 4046 834 124 2718 1657 602 842 590 3398 552 1070 12 1511 3236 2826 1950 2940 2818 2599 1389 1383 3989 198 2889 153 681 835 348 2067 4326 1362 2029 2800 2334 2616 2328 2358 4774 4794 4059 465 228 1565 1847 3989 267 1610 280 2150 4908 1976 2236 336 4983 4789 652 500 1016 3496 1903
3589 1978 4490 3301 788 366 3055 2231 3940 2127 1018 1515 2247 2130 4282 3142 3771 545 2923 3688 4983 3413 1579 1933 2019 3167 3948 1552 2870 511 3786 3405 2182 57 4203 1239 2894 1927 4647 3485 1432 3910 3328 3244 103 107 3107 1749 2922 2321 816 4058 2647 3525 3835 2151 3392 3574 1073 3142 4322 4065 2874 1567 1865 3320 4305 4288 4116 4083 800 2885 184 2088 139 4585 4205 2733 2553 610
2676 4493 3303 3409 3480 2150 24 3940 2027 2365 1509 3875 1775 3229 323 1119 4582 2603 3332 1601 856 3134 2420 483 1404 2612 4287 3198 722 1937 1715 2036 1766 4456 2019 1110 1429 838 4679 4771 3070 3541 2334 1140 2954 3184 3540 737 576 2915 819 2676 4573 2872 529 1398 1510 3232 1806 3168 773 4716 981 2763 4147 365 4429 445 1845 3748 1125 3189 3040 3268 1393 787 914 3924 1683 3027
3920 4274 3595 1599 691 944 4896 2127 2365 3663 3797 2503 1266 2743 2469 316 1510 570 3403 1601 2434 81 785 2403 283 4588 1645 710 2625 3992 243 802 4826 610 4335 4876 3926 4323 3316 4632 512 3122 4347 1896 3046 502 3180 2293 3827 1278 1390 1946 4383 1364 4152 1532 526 2197 3537 3341 2123 216 3047 2346 4974 3566 3255 2513 2519 3561 3797 3593 4889 4651 3617 906 1993 3153 908 4994
1867 3680 2851 348 3641 4849 101 1018 1509 3797 3875 2071 4565 2875 1285 1066 1022 4231 3990 3127 2491 4412 1819 4263 342 2842 3838 1561 1123 657 3125 3880 1658 217 2868 3945 4407 3034 234 4721 4327 1474 2658 2993 4151 70 2700 4409 3202 4688 2430 3961 2992 3653 4841 1187 2799 4622 3983 2493 193 3527 3897 4159 3377 4245 2176 781 1822 3260 3887 3178 4923 4467 3848 3303 1692 1815 3925 3529
4812 4797 2479 4784 546 883 3181 1515 3875 2503 2071 1930 659 669 2541 3344 4868 986 1234 4846 4936 4547 271 2647 3184 1422 1290 1670 3208 4870 2190 2305 3741 579 2987 4804 2370 3410 4067 4247 3357 857 3538 2775 2989 961 2069 2913 2712 3229 2584 937 1068 2728 3587 1298 2708 4895 117 4885 4936 339 1455 249 4733 2116 2313 4797 493 1653 2579 3509 3433 317 3239 1560 1753 2804 907 3747
2538 4771 1058 3612 2410 30 2326 2247 1775 1266 4565 659 1956 1502 3367 3613 1686 2621 2806 4718 4177 2314 2274 4800 1744 4798 2035 4610 1175 4167 4779 3090 1350 3900 20 4362 3286 1925 4304 2816 461 736 2121 4567 1883 3818 2910 3276 3463 1730 1750 978 3859 3083 1308 2367 383 3824 3481 3311 4852 3135 2325 4332 4232 2072 1732 4364 1111 3584 788 2349 3110 1686 3349 3205 2947 1659 2403 2975
3207 4606 1132 3634 2479 2192 1428 2130 3229 2743 2875 669 1502 444 2761 388 4077 1721 1414 2012 3728 2038 1085 4354 3424 4559 3767 616 2670 3990 4125 3579 4657 2806 3439 3879 4724 1699 3912 1966 3604 1541 4364 4746 2279 1800 1405 198 4717 4160 4944 4064 4174 50 2850 1831 3720 3127 4152 896 1282 1539 3376 3404 558 1596 1074 1472 1290 423 2737 779 996 4990 1664 3418 2191 3986 214 696
4233 2986 3313 2741 4675 3357 2436 4282 323 2469 1285 2541 3367 2761 119 4865 4348 1581 1206 3566 4144 2779 1572 883 4492 1746 3910 236 3364 168 1891 3361 4026 3597 2524 1166 4925 1194 472 1849 3208 4913 3013 627 4693 3128 841 4887 4848 2471 1088 258 17 2437 3096 2384 3665 4957 3050 1698 1011 4828 1414 3435 3617 3134 2589 2599 2973 2070 4172 4822 4264 2657 1097 3127 69 3891 903 214
4120 312 1786 4393 3621 896 3454 3142 1119 316 1066 3344 3613 388 4865 3713 4276 3644 1011 3630 738 2319 3878 4228 1499 2536 964 3334 954 903 1129 2059 3339 2418 2644 1235 607 4985 2669 799 1159 39 3351 2750 1138 193 3323 2604 1558 1152 4784 3058 3650 53 2656 2398 550 656 2622 3781 901 131 3190 2225 3879 3019 4336 3006 4111 194 405 3142 695 1551 1388 4076 600 2604 4516 4857
998 3240 2968 844 1282 3808 4743 3771 4582 1510 1022 4868 1686 4077 4348 4276 906 1739 2735 76 1144 3156 1262 640 92 3201 3969 3065 2704 2088 1540 1648 1014 886 220 3680 972 1858 3364 449 552 4929 3864 1543 1649 1640 3795 4650 59 2649 3283 4163 2548 4626 3075 427 2382 119 4120 3538 1690 1259 4390 1413 470 2743 1687 4299 851 4338 4497 645 4185 1346 2512 2689 745 128 3854 4000
2222 3739 1025 2328 1859 1322 4758 545 2603 570 4231 986 2621 1721 1581 3644 1739 4454 186 3556 706 2751 2002 315 4360 631 4956 714 4575 1666 835 4110 2115 42 3936 4030 4414 1094 1014 237 4142 4323 4772 4756 3947 3618 2607 3275 3094 3863 234 4336 2977 4132 1825 2615 1626 3522 2473 1260 1663 2667 2879 3672 4741 1505 2701 481 3325 635 1336 1239 2445 2897 2026 879 3133 3797 678 992
223 4495 2759 1674 3387 3088 176 2923 3332 3403 3990 1234 2806 1414 1206 1011 2735 186 4663 1147 249 3617 2475 2819 2548 1006 2239 4728 4320 288 907 4358 1230 2849 3877 2427 4566 3357 3453 134 1024 3477 1921 2330 1325 4477 4701 3452 732 2970 81 1922 4839 1476 4715 4061 4470 2116 3544 1644 2645 4072 3268 3037 3938 4584 2095 458 3530 1423 400 876 844 2616 4735 2103 4125 2422 4796 2236
735 3456 1866 303 1662 999 1183 3688 1601 1601 3127 4846 4718 2012 3566 3630 76 3556 1147 660 2228 3261 892 537 3829 3044 4570 2730 3960 4406 4166 4862 671 1182 4252 946 265 348 1351 786 1154 770 1462 472 1120 580 3516 1280 3084 4952 528 4017 2849 4137 835 2811 383 4061 3383 1083 3383 711 180 2701 3227 554 356 1916 1777 2441 2521 1532 3019 3848 2834 102 2452 913 4000 2460
558 440 581 3489 2006 4247 4046 4983 856 2434 2491 4936 4177 3728 4144 738 1144 706 249 2228 2932 1087 3697 4942 3582 1526 1820 4180 2493 2056 3114 953 4544 1046 3955 551 1547 2640 3882 3970 2616 3845 4807 1439 660 2720 2307 1279 3394 1605 3584 3895 2104 3885 2840 450 4315 3028 3940 592 4624 4339 2862 4434 4205 4710 4860 1073 2440 798 4345 1689 4509 1231 1358 1604 4399 33 4305 4563
11 1809 2725 4383 3962 4890 834 3413 3134 81 4412 4547 2314 2038 2779 2319 3156 2751 3617 3261 1087 2104 1927 52 1737 968 658 2061 1848 2608 765 2681 4773 382 3090 3736 4563 2786 1295 2199 3393 1201 4228 4448 657 1089 3489 4413 685 4772 4110 2910 2148 4285 2824 89 3051 39 3060 2547 593 272 1310 2976 2253 4161 3852 1223 1251 1811 746 3181 3727 4657 3009 3686 4265 3174 3880 3591
193 842 3750 1626 419 2012 124 1579 2420 785 1819 271 2274 1085 1572 3878 1262 2002 2475 892 3697 1927 2572 2959 397 4307 4078 4004 4660 2787 2678 3517 2120 2305 4710 2305 26 1177 3738 3285 3753 4074 724 1415 3961 214 219 795 1520 312 978 2004 4867 1893 4814 363 2208 4701 1455 1797 115 4348 4174 178 405 100 3447 4714 1029 3116 2027 3994 817 4528 381 3145 3531 489 1141 2640
4926 1735 4855 2171 2566 434 2718 1933 483 2403 4263 2647 4800 4354 883 4228 640 315 2819 537 4942 52 2959 328 4085 4114 1944 1106 3193 3083 139 536 1432 3047 3077 3323 2289 2254 1055 3449 1073 895 2866 3114 4830 2684 3106 3445 332 2773 2506 2243 2875 3913 1609 3442 1109 591 3620 3224 4608 3757 2834 1545 2433 3112 280 1795 650 2976 1989 3631 1559 3865 3687 864 3624 2150 556 3054
3133 2897 2092 4764 47 2814 1657 2019 1404 283 342 3184 1744 3424 4492 1499 92 4360 2548 3829 3582 1737 397 4085 3982 1677 4944 2402 455 511 1094 4700 2303 4643 4079 1336 775 551 3059 3559 440 1120 3470 4583 4969 4184 3414 576 4751 161 2341 4579 3272 4195 3916 89 986 1235 3942 747 4877 2974 2561 4994 567 1921 1072 850 819 3110 2584 577 1157 1097 2563 707 2108 12 4763 4783
3891 3537 3447 275 3415 4379 602 3167 2612 4588 2842 1422 4798 4559 1746 2536 3201 631 1006 3044 1526 968 4307 4114 1677 1736 3966 948 3391 894 1691 4880 2218 1397 3693 1164 1289 2588 878 2313 4213 2378 61 2719 2382 2481 4606 4970 2972 3637 3817 3540 3217 493 98 3340 978 1603 2963 1065 2631 4212 3378 2137 870 3275 4819 230 1046 4629 30 2391 28 1306 2685 2318 4923 1342 3318 878
3771 1630 152 3926 3736 3777 842 3948 4287 1645 3838 1290 2035 3767 3910 964 3969 4956 2239 4570 1820 658 4078 1944 4944 3966 192 3260 4141 1568 4950 4662 4334 1799 4281 1035 4428 4462 4902 4330 2652 2449 3421 1824 3970 3722 1909 3714 4508 4102 417 1869 690 3259 4428 1181 545 3701 3573 2036 1798 1101 3119 2740 1170 2226 4128 4814 2741 4227 4112 4838 1174 4817 3534 4572 482 1538 3140 4191
4195 443 963 2262 4679 3905 590 1552 3198 710 1561 1670 4610 616 236 3334 3065 714 4728 2730 4180 2061 4004 1106 2402 948 3260 1754 4330 4470 3454 1533 2285 4276 4418 1697 4719 3975 3815 1850 204 3168 3722 2622 3916 1249 1744 3045 2864 623 4855 1877 1008 4953 2327 4008 1566 2505 1796 3231 652 2472 3564 566 4115 4493 4585 3049 4108 4673 2285 635 1494 1292 4675 3927 2729 1541 2845 2991
2433 375 1479 418 3690 731 3398 2870 722 2625 1123 3208 1175 2670 3364 954 2704 4575 4320 3960 2493 1848 4660 3193 455 3391 4141 4330 1203 4715 2003 3262 2341 442 218 3729 1232 2619 2292 3089 3526 4650 131 2436 3369 737 1140 669 1321 95 452 3193 2400 2622 3113 3815 88 1167 4071 843 4185 4073 4142 4976 1479 4588 2523 2503 1691 952 1639 2136 1377 263 696 1592 4101 745 206 462
92 4133 4936 1848 3279 1486 552 511 1937 3992 657 4870 4167 3990 168 903 2088 1666 288 4406 2056 2608 2787 3083 511 894 1568 4470 4715 2147 1701 1229 3993 4668 3820 3553 1671 3092 1723 3972 2367 3075 1176 2245 1467 4157 4507 3700 4976 4880 162 3551 1070 2228 1917 1805 4590 2794 274 2784 4449 1694 1195 3363 3705 3535 702 3878 1969 813 1873 1462 1412 1017 4147 2326 3134 4522 4314 3227
3529 1395 1630 4093 3316 4927 1070 3786 1715 243 3125 2190 4779 4125 1891 1129 1540 835 907 4166 3114 765 2678 139 1094 1691 4950 3454 2003 1701 4704 4622 4794 359 1720 1168 2075 4394 981 2457 4193 3953 4318 3842 1850 323 1262 4274 3653 2275 3587 1529 1385 3154 1908 2232 1669 1673 3098 2539 4254 2093 247 1996 4591 3884 2721 4877 2024 3077 1082 840 2827 829 1251 2285 2634 1575 3501 3660
3433 2615 2336 2933 4183 1975 12 3405 2036 802 3880 2305 3090 3579 3361 2059 1648 4110 4358 4862 953 2681 3517 536 4700 4880 4662 1533 3262 1229 4622 317 713 3843 4989 1233 3976 1697 4244 770 1064 3902 3121 104 3400 1215 1802 681 3184 4689 1482 3083 1519 3047 4368 3146 58 3095 4534 1573 2442 2864 2198 132 4117 1475 335 1783 3772 927 85 2259 1885 776 847 2525 4200 231 1919 1090
4709 2098 2923 3935 2773 2185 1511 2182 1766 4826 1658 3741 1350 4657 4026 3339 1014 2115 1230 671 4544 4773 2120 1432 2303 2218 4334 2285 2341 3993 4794 713 4677 2498 4060 441 2227 4110 2811 443 713 2697 1864 395 4540 3726 218 505 4717 256 2412 287 637 1844 1431 3264 811 2762 2388 4239 4779 1620 3096 1379 4894 3040 4426 2241 3950 847 1455 551 4861 480 4019 248 3336 144 793 353
3980 3612 1082 3746 3379 3116 3236 57 4456 610 217 579 3900 2806 3597 2418 886 42 2849 1182 1046 382 2305 3047 4643 1397 1799 4276 442 4668 359 3843 2498 4338 3621 3676 3620 1079 4343 2786 1706 688 3711 4327 4067 2480 3973 993 465 3337 2541 514 1533 372 2630 168 2588 2731 3218 4357 3755 3842 4857 1006 1010 498 3077 3924 1870 3071 3984 2709 2857 4106 4763 1738 4576 3168 2951 3743
2381 3728 1875 3912 1846 596 2826 4203 2019 4335 2868 2987 20 3439 2524 2644 220 3936 3877 4252 3955 3090 4710 3077 4079 3693 4281 4418 218 3820 1720 4989 4060 3621 345 676 167 4229 777 4312 4557 2786 3542 1801 3650 3464 250 222 1014 872 1078 1734 4566 3142 928 4206 4724 2719 104 2305 3430 4549 616 4747 3583 1732 3523 660 922 3281 4400 20 150 2704 3065 857 1408 4393 4813 2668
4288 2253 586 2126 2945 3950 1950 1239 1110 4876 3945 4804 4362 3879 1166 1235 3680 4030 2427 946 551 3736 2305 3323 1336 1164 1035 1697 3729 3553 1168 1233 441 3676 676 1265 4563 1447 1442 866 4974 117 2143 2412 145 1216 819 813 353 3831 2377 4851 134 2440 2517 1020 2011 4929 2514 2689 3080 2126 1732 533 842 1229 400 3324 2697 1878 3542 1804 3380 1212 873 4463 1364 933 590 2499
4971 2074 4097 279 4456 62 2940 2894 1429 3926 4407 2370 3286 4724 4925 607 972 4414 4566 265 1547 4563 26 2289 775 1289 4428 4719 1232 1671 2075 3976 2227 3620 167 4563 3664 3251 4609 1182 3647 3870 580 3314 4074 2836 4320 1174 374 676 2896 4601 630 4931 1594 257 1541 1303 719 2322 261 3355 3456 2344 426 2317 4025 4406 385 3276 1943 3874 1361 282 3323 4897 1139 1555 925 2587
960 4572 2571 2712 3752 2486 2818 1927 838 4323 3034 3410 1925 1699 1194 4985 1858 1094 3357 348 2640 2786 1177 2254 551 2588 4462 3975 2619 3092 4394 1697 4110 1079 4229 1447 3251 4716 4344 2604 2874 4060 2125 4433 4015 2432 337 2847 1367 766 1866 1289 2056 1226 4741 3083 4978 1868 727 2514 4193 2596 1340 3850 206 694 3541 1788 2352 4787 2638 3420 2863 344 4590 3957 4474 4558 169 3949
1247 2891 3671 2653 1342 1636 2599 4647 4679 3316 234 4067 4304 3912 472 2669 3364 1014 3453 1351 3882 1295 3738 1055 3059 878 4902 3815 2292 1723 981 4244 2811 4343 777 1442 4609 4344 4691 1350 3921 2941 661 4190 4486 1013 1944 47 3102 911 2005 1566 3790 2787 4174 860 3942 2031 4542 4628 3813 2238 3423 1387 663 1621 116 852 105 155 938 216 2440 4525 1710 299 3649 1848 1941 2270
4935 428 2767 3788 1175 191 1389 3485 4771 4632 4721 4247 2816 1966 1849 799 449 237 134 786 3970 2199 3285 3449 3559 2313 4330 1850 3089 3972 2457 770 443 2786 4312 866 1182 2604 1350 1651 1101 1996 4111 4328 3546 3875 3016 376 3626 2456 1706 2780 2048 3945 2350 1885 3799 3081 1499 311 2001 1173 804 4696 4604 110 1448 3757 4298 3448 2450 3029 3140 1562 1937 4448 2958 2865 3520 1544
4804 3730 136 3508 1522 3721 1383 1432 3070 512 4327 3357 461 3604 3208 1159 552 4142 1024 1154 2616 3393 3753 1073 440 4213 2652 204 3526 2367 4193 1064 713 1706 4557 4974 3647 2874 3921 1101 3802 1214 2421 1428 72 3215 2553 1455 689 116 4469 2732 205 983 1024 993 4071 4235 2229 2913 4619 852 459 758 643 2165 2067 3757 2151 4904 4591 2215 2959 1292 1207 710 1452 3922 2726 4383
843 2998 1035 3280 1700 29 3989 3910 3541 3122 1474 857 736 1541 4913 39 4929 4323 3477 770 3845 1201 4074 895 1120 2378 2449 3168 4650 3075 3953 3902 2697 688 2786 117 3870 4060 2941 1996 1214 3145 2855 3423 144 1357 2703 3804 3599 4175 1886 2098 1175 742 291 3785 2637 3825 1182 986 4919 3990 4985 3005 2750 2772 3151 4385 446 1032 707 4172 677 4463 1041 3791 4684 2783 3020 2538
265 18 2890 4253 4432 2190 198 3328 2334 4347 2658 3538 2121 4364 3013 3351 3864 4772 1921 1462 4807 4228 724 2866 3470 61 3421 3722 131 1176 4318 3121 1864 3711 3542 2143 580 2125 661 4111 2421 2855 1227 122 4904 2937 3804 1308 734 1782 1483 3214 2953 4072 174 898 2569 4728 2981 1595 118 2299 1916 497 1388 961 4101 3979 2889 527 3620 2760 2185 1248 2674 4361 4622 1399 1988 4896
252 4170 2132 1707 1703 2801 2889 3244 1140 1896 2993 2775 4567 4746 627 2750 1543 4756 2330 472 1439 4448 1415 3114 4583 2719 1824 2622 2436 2245 3842 104 395 4327 1801 2412 3314 4433 4190 4328 1428 3423 122 895 1801 1252 15 2607 2706 4749 3865 4907 1153 2328 3146 2224 976 2177 3776 3668 4698 4251 3456 283 725 4928 4119 4144 4028 2668 1193 4700 2075 188 4984 1264 792 4869 1810 1249
4128 1085 2704 3856 2096 3810 153 103 2954 3046 4151 2989 1883 2279 4693 1138 1649 3947 1325 1120 660 657 3961 4830 4969 2382 3970 3916 3369 1467 1850 3400 4540 4067 3650 145 4074 4015 4486 3546 72 144 4904 1801 3086 1159 2312 1575 2265 1027 2089 4380 4418 3680 1239 4552 1660 1124 4648 4473 2825 2902 2901 2571 2555 4376 3960 529 4143 205 3476 2718 4940 2526 2749 4877 426 2788 2645 203
2405 362 1224 3201 491 4983 681 107 3184 502 70 961 3818 1800 3128 193 1640 3618 4477 580 2720 1089 214 2684 4184 2481 3722 1249 737 4157 323 1215 3726 2480 3464 1216 2836 2432 1013 3875 3215 1357 2937 1252 1159 1186 139 3997 2395 1407 3540 4886 1655 2979 3721 3528 3455 4716 4784 3149 40 4774 2614 2615 4865 3542 1685 969 449 4314 291 3931 180 1195 3102 4125 793 710 2335 1268
1363 2378 2914 2590 4797 3693 835 3107 3540 3180 2700 2069 2910 1405 841 3323 3795 2607 4701 3516 2307 3489 219 3106 3414 4606 1909 1744 1140 4507 1262 1802 218 3973 250 819 4320 337 1944 3016 2553 2703 3804 15 2312 139 1028 4397 965 4609 673 3176 4734 3371 2552 1909 4698 1658 1962 1924 4804 4889 4027 3239 3554 1813 1050 3938 1128 4955 2951 2978 3145 354 2618 4566 3481 4782 3794 1084
4978 753 4421 389 4122 2416 348 1749 737 2293 4409 2913 3276 198 4887 2604 4650 3275 3452 1280 1279 4413 795 3445 576 4970 3714 3045 669 3700 4274 681 505 993 222 813 1174 2847 47 376 1455 3804 1308 2607 1575 3997 4397 1471 3044 2027 3018 545 4231 2126 3413 1336 729 1143 320 690 1386 2808 4511 2012 1061 4537 2954 1811 1004 1719 4716 917 448 2482 1830 4126 703 2618 4512 518
3775 3682 3587 3990 118 4377 2067 2922 576 3827 3202 2712 3463 4717 4848 1558 59 3094 732 3084 3394 685 1520 332 4751 2972 4508 2864 1321 4976 3653 3184 4717 465 1014 353 374 1367 3102 3626 689 3599 734 2706 2265 2395 965 3044 2705 3762 3586 4437 4943 3727 1388 2892 34 4809 473 4076 140 2564 1947 2923 2429 4164 4272 2782 2742 4572 4541 3782 4264 1740 4905 4949 4742 2434 709 4918
3534 4272 432 3107 3504 287 4326 2321 2915 1278 4688 3229 1730 4160 2471 1152 2649 3863 2970 4952 1605 4772 312 2773 161 3637 4102 623 95 4880 2275 4689 256 3337 872 3831 676 766 911 2456 116 4175 1782 4749 1027 1407 4609 2027 3762 1813 374 2798 1843 3754 2165 4535 2545 4966 3797 2132 39 2585 718 1864 3428 1431 4594 4355 4433 1597 1765 3674 4526 3292 2057 4207 2132 2106 4644 4603
2996 608 3438 3583 2827 3385 1362 816 819 1390 2430 2584 1750 4944 1088 4784 3283 234 81 528 3584 4110 978 2506 2341 3817 417 4855 452 162 3587 1482 2412 2541 1078 2377 2896 1866 2005 1706 4469 1886 1483 3865 2089 3540 673 3018 3586 374 2525 3701 3375 585 4333 388 1683 2940 2235 4043 768 3666 1245 2050 3970 1349 4584 2096 4009 2852 2140 396 362 4124 4259 3341 4887 3748 2105 267
1861 4094 4426 764 3973 1797 2029 4058 2676 1946 3961 937 978 4064 258 3058 4163 4336 1922 4017 3895 2910 2004 2243 4579 3540 1869 1877 3193 3551 1529 3083 287 514 1734 4851 4601 1289 1566 2780 2732 2098 3214 4907 4380 4886 3176 545 4437 2798 3701 4070 2552 4724 3152 1114 3379 1994 285 1905 1289 10 4352 2267 4965 18 3308 1737 3314 1047 1896 2423 933 3539 3726 2792 3386 4147 2454 2184
546 1795 4584 2299 1413 565 2800 2647 4573 4383 2992 1068 3859 4174 17 3650 2548 2977 4839 2849 2104 2148 4867 2875 3272 3217 690 1008 2400 1070 1385 1519 637 1533 4566 134 630 2056 3790 2048 205 1175 2953 1153 4418 1655 4734 4231 4943 1843 3375 2552 1692 3623 3809 1253 4907 1754 1315 1893 3576 1432 300 3510 2163 2873 744 1596 1242 704 4992 2406 626 574 2071 1725 3709 802 29 1063
1402 882 353 4498 4114 268 2334 3525 2872 1364 3653 2728 3083 50 2437 53 4626 4132 1476 4137 3885 4285 1893 3913 4195 493 3259 4953 2622 2228 3154 3047 1844 372 3142 2440 4931 1226 2787 3945 983 742 4072 2328 3680 2979 3371 2126 3727 3754 585 4724 3623 3413 265 4023 330 2634 3810 3886 1664 3042 3905 1565 1259 749 3897 118 3394 2892 2349 439 4850 3265 2905 2727 3458 670 267 4079
2591 3254 3583 4003 3063 1435 2616 3835 529 4152 4841 3587 1308 2850 3096 2656 3075 1825 4715 835 2840 2824 4814 1609 3916 98 4428 2327 3113 1917 1908 4368 1431 2630 928 2517 1594 4741 4174 2350 1024 291 174 3146 1239 3721 2552 3413 1388 2165 4333 3152 3809 265 2129 1912 331 4600 832 772 2131 117 1145 1681 2506 2794 2604 438 4482 1029 1784 4636 2251 2468 4910 3146 3191 1437 1746 480
4764 2159 4255 4417 3127 1657 2328 2151 1398 1532 1187 1298 2367 1831 2384 2398 427 2615 4061 2811 450 89 363 3442 89 3340 1181 4008 3815 1805 2232 3146 3264 168 4206 1020 257 3083 860 1885 993 3785 898 2224 4552 3528 1909 1336 2892 4535 388 1114 1253 4023 1912 3340 4391 3154 678 4196 1015 3953 4110 2075 1251 4630 4324 4201 1454 3893 4884 911 2573 399 2928 1581 4088 2789 1923 583
354 4738 2740 2108 3403 4046 2358 3392 1510 526 2799 2708 383 3720 3665 550 2382 1626 4470 383 4315 3051 2208 1109 986 978 545 1566 88 4590 1669 58 811 2588 4724 2011 1541 4978 3942 3799 4071 2637 2569 976 1660 3455 4698 729 34 2545 1683 3379 4907 330 331 4391 110 1116 4299 1557 2500 3509 3116 3808 4165 1968 557 3585 2065 262 3787 3922 1181 837 1315 3486 2140 1681 971 4523
2443 1108 2779 3832 3282 445 4774 3574 3232 2197 4622 4895 3824 3127 4957 656 119 3522 2116 4061 3028 39 4701 591 1235 1603 3701 2505 1167 2794 1673 3095 2762 2731 2719 4929 1303 1868 2031 3081 4235 3825 4728 2177 1124 4716 1658 1143 4809 4966 2940 1994 1754 2634 4600 3154 1116 1353 3914 3241 4299 2837 811 2019 4561 1000 4927 1506 2383 1109 2220 2581 1614 4981 3144 2088 1778 4233 3391 289
849 682 794 2809 1906 3759 4794 1073 1806 3537 3983 117 3481 4152 3050 2622 4120 2473 3544 3383 3940 3060 1455 3620 3942 2963 3573 1796 4071 274 3098 4534 2388 3218 104 2514 719 727 4542 1499 2229 1182 2981 3776 4648 4784 1962 320 473 3797 2235 285 1315 3810 832 678 4299 3914 491 2211 1419 2580 3184 1969 284 3145 918 617 2655 1066 2694 2892 2136 2083 628 3213 1423 42 3498 1632
1971 1460 2684 883 818 3173 4059 3142 3168 3341 2493 4885 3311 896 1698 3781 3538 1260 1644 1083 592 2547 1797 3224 747 1065 2036 3231 843 2784 2539 1573 4239 4357 2305 2689 2322 2514 4628 311 2913 986 1595 3668 4473 3149 1924 690 4076 2132 4043 1905 1893 3886 772 4196 1557 3241 2211 783 3922 2463 2486 69 3592 3143 82 2665 2389 1896 4642 2619 2826 3181 285 1468 2237 4081 4626 3585
4526 4887 996 2195 765 1947 465 4322 773 2123 193 4936 4852 1282 1011 901 1690 1663 2645 3383 4624 593 115 4608 4877 2631 1798 652 4185 4449 4254 2442 4779 3755 3430 3080 261 4193 3813 2001 4619 4919 118 4698 2825 40 4804 1386 140 39 768 1289 3576 1664 2131 1015 2500 4299 1419 3922 292 1832 4487 4013 3151 2703 4486 3587 1121 3610 786 1568 4829 395 3976 1538 1570 1146 2680 3283
487 4916 4413 2959 4280 1697 228 4065 4716 216 3527 339 3135 1539 4828 131 1259 2667 4072 711 4339 272 4348 3757 2974 4212 1101 2472 4073 1694 2093 2864 1620 3842 4549 2126 3355 2596 2238 1173 852 3990 2299 4251 2902 4774 4889 2808 2564 2585 3666 10 1432 3042 117 3953 3509 2837 2580 2463 1832 2492 1971 2996 193 4252 2882 910 1626 4310 4796 4664 4671 3395 699 195 2807 2702 2896 1219
2174 3665 87 758 691 1708 1565 2874 981 3047 3897 1455 2325 3376 1414 3190 4390 2879 3268 180 2862 1310 4174 2834 2561 3378 3119 3564 4142 1195 247 2198 3096 4857 616 1732 3456 1340 3423 804 459 4985 1916 3456 2901 2614 4027 4511 1947 718 1245 4352 300 3905 1145 4110 3116 811 3184 2486 4487 1971 271 3866 2964 4024 4863 2229 219 2968 3016 4745 1905 2394 2561 473 1860 4003 4399 2439
85 4273 2807 3039 4930 2694 1847 1567 2763 2346 4159 249 4332 3404 3435 2225 1413 3672 3037 2701 4434 2976 178 1545 4994 2137 2740 566 4976 3363 1996 132 1379 1006 4747 533 2344 3850 1387 4696 758 3005 497 283 2571 2615 3239 2012 2923 1864 2050 2267 3510 1565 1681 2075 3808 2019 1969 69 4013 2996 3866 220 1543 838 191 4547 201 2707 1110 3850 2831 3605 1961 1665 1641 4387 3640 2983
891 588 2372 2293 413 891 3989 1865 4147 4974 3377 4733 4232 558 3617 3879 470 4741 3938 3227 4205 2253 405 2433 567 870 1170 4115 1479 3705 4591 4117 4894 1010 3583 842 426 206 663 4604 643 2750 1388 725 2555 4865 3554 1061 2429 3428 3970 4965 2163 1259 2506 1251 4165 4561 284 3592 3151 193 2964 1543 296 4844 2982 4949 4943 3737 2740 3073 3938 2271 2690 1844 455 708 3198 4345
4247 4878 262 4198 4486 2581 267 3320 365 3566 4245 2116 2072 1596 3134 3019 2743 1505 4584 554 4710 4161 100 3112 1921 3275 2226 4493 4588 3535 3884 1475 3040 498 1732 1229 2317 694 1621 110 2165 2772 961 4928 4376 3542 1813 4537 4164 1431 1349 18 2873 749 2794 4630 1968 1000 3145 3143 2703 4252 4024 838 4844 3443 3107 3485 4209 264 2947 1182 2735 3954 660 871 3403 632 240 680
3144 2644 1164 4539 3619 3218 1610 4305 4429 3255 2176 2313 1732 1074 2589 4336 1687 2701 2095 356 4860 3852 3447 280 1072 4819 4128 4585 2523 702 2721 335 4426 3077 3523 400 4025 3541 116 1448 2067 3151 4101 4119 3960 1685 1050 2954 4272 4594 4584 3308 744 3897 2604 4324 557 4927 918 82 4486 2882 4863 191 2982 3107 4359 340 4421 1267 2683 4767 1333 1871 3146 2919 2075 2398 4153 3468
2608 4398 3274 2052 1861 3090 280 4288 445 2513 781 4797 4364 1472 2599 3006 4299 481 458 1916 1073 1223 4714 1795 850 230 4814 3049 2503 3878 4877 1783 2241 3924 660 3324 4406 1788 852 3757 3757 4385 3979 4144 529 969 3938 1811 2782 4355 2096 1737 1596 118 438 4201 3585 1506 617 2665 3587 910 2229 4547 4949 3485 340 515 4607 4110 51 1839 3680 2078 1784 4193 3015 1229 1844 1319
3959 2287 494 564 560 1026 2150 4116 1845 2519 1822 493 1111 1290 2973 4111 851 3325 3530 1777 2440 1251 1029 650 819 1046 2741 4108 1691 1969 2024 3772 3950 1870 922 2697 385 2352 105 4298 2151 446 2889 4028 4143 449 1128 1004 2742 4433 4009 3314 1242 3394 4482 1454 2065 2383 2655 2389 1121 1626 219 201 4943 4209 4421 4607 3326 4828 970 3027 4918 4860 2020 3600 157 2310 2953 2631
518 2364 4973 1325 921 4121 4908 4083 3748 3561 3260 1653 3584 423 2070 194 4338 635 1423 2441 798 1811 3116 2976 3110 4629 4227 4673 952 813 3077 927 847 3071 3281 1878 3276 4787 155 3448 4904 1032 527 2668 205 4314 4955 1719 4572 1597 2852 1047 704 2892 1029 3893 262 1109 1066 1896 3610 4310 2968 2707 3737 264 1267 4110 4828 1677 1975 106 2618 3700 3598 1873 2417 3346 3825 61
3832 4256 4730 2218 457 4441 1976 800 1125 3797 3887 2579 788 2737 4172 405 4497 1336 400 2521 4345 746 2027 1989 2584 30 4112 2285 1639 1873 1082 85 1455 3984 4400 3542 1943 2638 938 2450 4591 707 3620 1193 3476 291 2951 4716 4541 1765 2140 1896 4992 2349 1784 4884 3787 2220 2694 4642 786 4796 3016 1110 2740 2947 2683 51 970 1975 3824 2953 1852 458 53 1393 2376 4398 1560 4896
3245 1501 1360 3398 3653 805 2236 2885 3189 3593 3178 3509 2349 779 4822 3142 645 1239 876 1532 1689 3181 3994 3631 577 2391 4838 635 2136 1462 840 2259 551 2709 20 1804 3874 3420 216 3029 2215 4172 2760 4700 2718 3931 2978 917 3782 3674 396 2423 2406 439 4636 911 3922 2581 2892 2619 1568 4664 4745 3850 3073 1182 4767 1839 3027 106 2953 422 3679 1608 1554 4747 2353 3911 3544 2125
2036 3439 3927 2557 314 4300 336 184 3040 4889 4923 3433 3110 996 4264 695 4185 2445 844 3019 4509 3727 817 1559 1157 28 1174 1494 1377 1412 2827 1885 4861 2857 150 3380 1361 2863 2440 3140 2959 677 2185 2075 4940 180 3145 448 4264 4526 362 933 626 4850 2251 2573 1181 1614 2136 2826 4829 4671 1905 2831 3938 2735 1333 3680 4918 2618 1852 3679 3722 2959 95 2443 47 1764 4232 1436
1412 4048 4418 283 973 3589 4983 2088 3268 4651 4467 317 1686 4990 2657 1551 1346 2897 2616 3848 1231 4657 4528 3865 1097 1306 4817 1292 263 1017 829 776 480 4106 2704 1212 282 344 4525 1562 1292 4463 1248 188 2526 1195 354 2482 1740 3292 4124 3539 574 3265 2468 399 837 4981 2083 3181 395 3395 2394 3605 2271 3954 1871 2078 4860 3700 458 1608 2959 1692 2489 2110 3613 4521 1444 4590
4770 2095 2302 1110 2201 1756 4789 139 1393 3617 3848 3239 3349 1664 1097 1388 2512 2026 4735 2834 1358 3009 381 3687 2563 2685 3534 4675 696 4147 1251 847 4019 4763 3065 873 3323 4590 1710 1937 1207 1041 2674 4984 2749 3102 2618 1830 4905 2057 4259 3726 2071 2905 4910 2928 1315 3144 628 285 3976 699 2561 1961 2690 660 3146 1784 2020 3598 53 1554 95 2489 4361 2503 4660 3718 77 2234
1618 4498 2558 3247 3136 3051 652 4585 787 906 3303 1560 3205 3418 3127 4076 2689 879 2103 102 1604 3686 3145 864 707 2318 4572 3927 1592 2326 2285 2525 248 1738 857 4463 4897 3957 299 4448 710 3791 4361 1264 4877 4125 4566 4126 4949 4207 3341 2792 1725 2727 3146 1581 3486 2088 3213 1468 1538 195 473 1665 1844 871 2919 4193 3600 1873 1393 4747 2443 2110 2503 4978 1330 4770 4058 4001
3665 4233 1691 3668 2133 4354 500 4205 914 1993 1692 1753 2947 2191 69 600 745 3133 4125 2452 4399 4265 3531 3624 2108 4923 482 2729 4101 3134 2634 4200 3336 4576 1408 1364 1139 4474 3649 2958 1452 4684 4622 792 426 793 3481 703 4742 2132 4887 3386 3709 3458 3191 4088 2140 1778 1423 2237 1570 2807 1860 1641 455 3403 2075 3015 157 2417 2376 2353 47 3613 4660 1330 4456 3029 1626 3708
778 3203 209 4257 991 196 1016 2733 3924 3153 1815 2804 1659 3986 3891 2604 128 3797 2422 913 33 3174 489 2150 12 1342 1538 1541 745 4522 1575 231 144 3168 4393 933 1555 4558 1848 2865 3922 2783 1399 4869 2788 710 4782 2618 2434 2106 3748 4147 802 670 1437 2789 1681 4233 42 4081 1146 2702 4003 4387 708 632 2398 1229 2310 3346 4398 3911 1764 4521 3718 4770 3029 3926 2040 2957
631 3377 4027 1629 1242 877 3496 2553 1683 908 3925 907 2403 214 903 4516 3854 678 4796 4000 4305 3880 1141 556 4763 3318 3140 2845 206 4314 3501 1919 793 2951 4813 590 925 169 1941 3520 2726 3020 1988 1810 2645 2335 3794 4512 709 4644 2105 2454 29 267 1746 1923 971 3391 3498 4626 2680 2896 4399 3640 3198 240 4153 1844 2953 3825 1560 3544 4232 1444 77 4058 1626 2040 2227 3373
3046 1981 1979 579 1435 1670 1903 610 3027 4994 3529 3747 2975 696 214 4857 4000 992 2236 2460 4563 3591 2640 3054 4783 878 4191 2991 462 3227 3660 1090 353 3743 2668 2499 2587 3949 2270 1544 4383 2538 4896 1249 203 1268 1084 518 4918 4603 267 2184 1063 4079 480 583 4523 289 1632 3585 3283 1219 2439 2983 4345 680 3468 1319 2631 61 4896 2125 1436 4590 2234 4001 3708 2957 3373 321
