N: 80
M: 20
Symmetric: true
Triangle: false
4 46 34 55 66
5 69 44 14 28 59
4 75 74 12 29
3 42 54 20
4 48 17 57 79
3 5 71 49
7 8 60 51 3 15 16 52
6 61 11 73 47 50 13
4 40 45 24 68
5 78 70 36 76 56
3 30 38 35
3 37 33 32
4 6 27 22 64
4 21 7 63 19
2 9 2
4 43 62 26 58
4 77 25 72 31
4 65 67 4 41
2 39 18
5 1 53 23 10 80
3254 2800 4214 4372 4716 3604 4751 4311 355 3891 2360 4555 2719 1557 3234 415 506 3513 3752 80 486 3776 4782 653 2215 2222 609 4460 664 4576 4098 44 1569 1143 540 4092 906 2803 359 1532 1224 3174 3705 1717 2840 2886 4249 2818 1859 182 4866 2483 1096 3521 4429 4418 3538 4925 851 574 2150 2580 1638 4979 172 1518 2948 536 2850 865 3033 4721 1220 959 1054 2517 3466 507 2296 2165
2800 4510 4478 2814 4937 4176 3533 3958 230 4157 1822 3074 3215 3643 2362 4787 647 613 1825 4795 915 2992 3020 2604 4441 4864 2017 4156 691 3157 3692 1405 2730 2714 1326 2606 4989 2696 3178 4579 4929 3055 4053 1112 1069 2187 1563 97 3941 4785 3639 2741 253 2846 363 3199 4190 3069 3999 3551 1937 2649 4067 2477 290 2954 3445 4266 1157 3177 245 3016 2649 587 668 3934 632 3104 3654 1881
4214 4478 4218 4807 2036 2123 2611 1609 4094 1581 1861 3772 3777 135 113 231 4753 345 4869 2901 1841 1172 3034 2623 3177 3410 1825 2523 2059 3745 3701 592 2558 1106 653 987 445 1602 4584 2109 3395 1556 1202 1319 1786 402 4757 1051 195 2131 467 1870 1187 2222 3230 4220 135 4679 3181 475 1324 1321 1299 235 2844 3388 246 4472 2405 1088 2062 1146 2360 1860 2182 4363 2351 4417 320 3118
4372 2814 4807 3661 22 4829 3358 106 3901 3995 58 3730 4043 1759 1957 2502 1008 3266 1399 4898 2744 2487 2724 528 22 2042 1295 4590 295 973 1184 1160 3217 3746 3675 99 3124 4935 4674 1642 49 572 1408 4408 959 2389 3909 182 2311 1564 2657 800 3937 1556 1805 239 3088 3689 3695 2583 1843 4712 420 1839 3993 290 693 2422 3340 569 1241 2810 4445 698 1973 1881 2292 88 3598 2800
4716 4937 2036 22 170 3271 3139 4816 4070 43 3396 3223 766 2121 3917 3865 3143 3403 3961 4863 2969 2162 3453 1725 3834 1187 2624 2483 2071 509 1745 3165 1934 2924 4560 4612 4101 2358 1982 2095 2436 3538 241 4396 4086 4233 2324 4191 3582 1333 3673 2910 2973 1144 607 105 1728 4588 4856 1429 4806 2418 2639 2721 3101 2960 2115 2879 2577 37 2812 982 1008 1063 1310 442 4518 4251 4749 3854
3604 4176 2123 4829 3271 3710 3672 4257 590 4320 2091 2207 3466 497 464 4162 1251 4867 2402 1804 3391 2090 4248 3261 2902 4460 3959 2844 2232 2850 3137 691 1871 3074 2296 417 4277 4249 2262 1610 4763 4563 1302 1094 4698 2395 2272 2773 2548 4322 2974 3704 138 3278 4138 2106 2870 4554 2138 4915 4851 4294 234 1107 2082 1666 1199 795 3474 4931 4576 2994 57 3140 1013 1787 4270 4112 4473 4996
4751 3533 2611 3358 3139 3672 1354 4723 4720 1202 1658 3078 4551 725 2116 1358 797 1278 2092 650 234 940 4833 3570 93 4548 1464 1983 3962 472 1665 4870 4293 734 500 4396 2707 1757 2260 4511 2002 4419 4452 2904 4233 948 730 2299 4758 3209 3339 2737 3562 2361 2194 1801 2408 1161 4457 3677 4330 2571 3085 3937 3015 161 988 1083 4678 192 3319 495 2565 2040 458 1650 3362 3724 4853 3499
4311 3958 1609 106 4816 4257 4723 81 4371 4215 629 4477 1021 778 4064 2176 592 318 4470 4444 4765 1594 2516 2649 4236 3360 3225 958 1863 4595 80 909 4652 1229 1640 1052 298 84 1383 3970 3521 2938 3093 2870 2744 248 2574 55 3011 2057 382 1129 325 2656 4475 4953 4872 2238 1218 2858 1715 2359 1321 3945 3081 4584 3786 3531 4117 1281 1467 4149 3468 1032 946 4806 2686 2508 3284 497
355 230 4094 3901 4070 590 4720 4371 3810 2366 2155 1374 2618 4950 606 2561 513 3617 378 2936 2292 3138 3988 2637 3452 1941 54 770 607 3254 3016 2044 3494 2590 4092 2503 3023 625 444 1770 1718 3879 3410 1488 260 3694 281 4732 1510 4660 3405 3773 1247 3249 3135 382 3904 3071 1220 2857 640 571 1194 106 3147 576 1792 857 2054 4673 1488 4580 3030 173 3739 4813 4468 562 316 1646
3891 4157 1581 3995 43 4320 1202 4215 2366 183 627 1454 4148 3058 1822 2931 672 4375 2064 4397 1445 1789 4347 4662 379 1267 4526 4333 1652 4535 635 4543 506 1977 1366 4032 1706 1968 4327 2345 1069 2231 2940 3625 4584 4945 1426 1410 2984 977 4461 1764 943 2279 723 4425 306 3060 3588 3569 2142 3130 2774 1296 3871 1538 4826 4801 3388 3109 2612 2648 4456 4560 399 4583 3516 703 3708 4262
2360 1822 1861 58 3396 2091 1658 629 2155 627 340 4410 4956 4369 3598 2505 843 3413 4676 1532 3834 1839 2540 925 1005 1683 1174 2413 3401 545 706 1018 2701 2674 90 3043 250 3434 1244 766 3643 2952 3440 4005 2964 354 1045 4185 4009 3809 3854 1991 2749 3812 107 3205 3575 3292 147 1353 4619 1985 2666 2402 3478 4614 788 2630 831 3433 2074 4753 2840 218 1557 4594 2066 3604 2565 4287
4555 3074 3772 3730 3223 2207 3078 4477 1374 1454 4410 697 1756 3843 1492 2318 4988 4244 2651 4414 4440 3745 2718 3547 1809 3748 1622 413 4760 1789 2385 109 679 4546 553 3037 4716 2254 4413 1972 2472 2968 2321 4663 1061 2769 4469 3496 13 3186 427 2968 2426 1813 3800 875 2855 1495 4537 3896 3706 3237 3954 993 4779 3908 2355 1940 496 2099 446 723 3038 4887 1382 2600 3085 2614 4686 3760
2719 3215 3777 4043 766 3466 4551 1021 2618 4148 4956 1756 1978 159 1294 3403 3066 2120 335 3311 3584 3361 2954 1228 4229 431 3502 116 2273 3519 3721 819 4879 2635 582 745 3354 1247 1350 690 2689 1861 3919 891 252 4901 4349 1500 2974 3053 4092 2276 3337 845 3150 2962 4365 2605 2907 4672 3709 719 712 2794 2376 4730 74 3283 223 2489 137 4709 3221 1087 4075 807 3512 2203 3500 2409
1557 3643 135 1759 2121 497 725 778 4950 3058 4369 3843 159 1532 1461 3260 1108 4340 4825 3974 3838 2224 1776 1729 1318 1148 2910 392 955 934 776 4754 2994 265 3220 1850 4875 183 4174 2050 3572 4536 2992 1034 3572 2741 536 2410 714 1117 1849 764 1031 3527 4868 1095 1675 109 899 1751 3548 1145 4155 2876 4281 3004 3382 4693 4376 2701 2770 1673 3839 1699 726 3012 1072 2604 59 1299
3234 2362 113 1957 3917 464 2116 4064 606 1822 3598 1492 1294 1461 4680 4165 354 499 2405 804 2682 4198 3433 4823 620 2344 1797 4345 543 571 4859 3714 4585 2665 3060 946 3636 3708 4693 3018 3337 4536 2906 874 3292 3507 2227 4571 1695 2190 3198 2194 1943 3431 4603 4410 715 358 3420 4256 66 4764 815 3839 4694 4556 1055 4860 3288 982 3011 4368 4408 961 3431 1666 1758 1281 2516 4104
415 4787 231 2502 3865 4162 1358 2176 2561 2931 2505 2318 3403 3260 4165 667 869 2722 271 1797 637 2406 366 2623 2843 2677 3922 2189 4611 1496 1281 45 2866 3354 2083 834 2729 4991 2298 4539 369 1801 1991 4667 1902 3937 644 1450 1616 238 463 499 488 948 4575 4630 3254 2403 3771 4273 235 831 3009 2902 3805 2134 619 4937 691 2060 2434 962 4001 1179 2381 654 444 1461 3662 4430
506 647 4753 1008 3143 1251 797 592 513 672 843 4988 3066 1108 354 869 4719 1529 70 2928 3929 92 4774 2432 3869 3627 4128 1387 4358 2240 3064 4150 2583 2603 547 3179 4841 1142 822 4600 2923 1592 2792 3354 3298 4939 1197 3753 3302 4405 753 2043 4599 3201 4142 1422 1637 2598 4408 1828 3350 253 4194 4680 1801 2286 543 2807 3342 3845 2151 1094 4501 3284 4584 699 3344 4672 3829 3331
3513 613 345 3266 3403 4867 1278 318 3617 4375 3413 4244 2120 4340 499 2722 1529 3786 3075 1757 4641 4350 3357 2658 61 4438 603 1985 964 3858 2923 1465 1935 276 4308 1265 2864 2310 1867 1183 2055 1377 3878 1769 1000 1994 290 4720 1310 3739 596 2053 88 1408 1067 520 2831 3001 2602 4310 4453 3927 3027 4264 3742 1154 594 4600 2505 4748 1498 4866 144 3814 150 117 187 3548 4475 1074
3752 1825 4869 1399 3961 2402 2092 4470 378 2064 4676 2651 335 4825 2405 271 70 3075 63 2783 2581 4085 602 1193 3445 2740 201 2949 584 2291 3108 3264 1150 554 2282 3658 306 4391 2692 3124 3106 1748 2325 2499 4187 3401 1129 2792 935 4288 2289 2488 1297 1392 4821 2425 1148 3943 4954 2353 4958 2786 909 2992 513 3740 1947 200 3298 930 2493 1950 134 1031 2942 809 4769 1252 4678 2368
80 4795 2901 4898 4863 1804 650 4444 2936 4397 1532 4414 3311 3974 804 1797 2928 1757 2783 3443 3229 350 1097 4472 462 2070 231 1758 4919 3359 1311 3246 3828 4572 1689 338 4049 302 2244 2685 4603 498 4541 809 3557 3983 887 948 4244 872 1822 3100 285 190 2177 4427 3251 2817 3684 1115 3810 984 537 4319 1763 944 1598 1673 973 4650 1098 732 4146 977 4393 2330 4301 3379 144 4336
486 915 1841 2744 2969 3391 234 4765 2292 1445 3834 4440 3584 3838 2682 637 3929 4641 2581 3229 4488 4029 2393 2005 98 1399 2429 4235 3121 4422 1626 2983 3125 2614 3995 110 1340 2723 1989 4223 3080 4410 1080 3554 2437 602 3670 2802 4718 4111 3290 188 4030 524 1129 1130 3267 2603 1620 4654 602 2051 3832 145 506 3170 22 1112 398 2931 3566 3070 1882 3485 1529 4789 4499 2817 39 1392
3776 2992 1172 2487 2162 2090 940 1594 3138 1789 1839 3745 3361 2224 4198 2406 92 4350 4085 350 4029 3202 481 26 1516 3294 727 1372 523 4181 3604 4416 998 1906 692 3299 760 2208 1959 3706 4441 739 2588 1752 4906 2949 4392 3065 451 3373 598 4800 4773 1416 3595 2581 2075 150 4833 97 3686 1788 4968 3626 2936 4863 3854 906 2793 1530 3779 339 2982 4045 2485 2610 672 3439 4133 4218
4782 3020 3034 2724 3453 4248 4833 2516 3988 4347 2540 2718 2954 1776 3433 366 4774 3357 602 1097 2393 481 4207 1455 3683 4471 1323 790 2543 90 1710 545 337 3122 4866 1609 412 1009 3063 3722 1363 2936 1444 4909 2117 552 1617 2137 1103 718 4168 299 4458 1700 2775 152 1896 2469 285 4458 906 1305 2758 1416 3288 3342 1753 2458 1282 1340 2187 157 3236 1462 2880 1519 217 462 1308 119
653 2604 2623 528 1725 3261 3570 2649 2637 4662 925 3547 1228 1729 4823 2623 2432 2658 1193 4472 2005 26 1455 4170 4862 517 1277 1840 3139 388 3376 4686 4619 2710 3378 3353 4813 461 3934 3705 362 2664 2203 1857 1941 4263 4892 2468 456 2253 3659 877 1856 3454 2371 3840 349 2924 1015 2035 630 3828 2730 1670 1049 3882 3392 2262 1049 3369 4722 4675 3148 4604 2113 1003 1630 2861 905 2681
2215 4441 3177 22 3834 2902 93 4236 3452 379 1005 1809 4229 1318 620 2843 3869 61 3445 462 98 1516 3683 4862 1492 2835 1441 1766 4667 4027 4908 1024 2668 3046 1653 1895 126 2048 186 3699 1076 4380 4927 2163 4130 866 1755 4799 2157 3312 1656 4650 4154 1834 2782 4107 1095 2479 4584 2660 4854 633 1203 4854 232 2037 4104 1279 1942 2382 2158 1649 3423 2489 4276 2424 2318 2593 4489 2841
2222 4864 3410 2042 1187 4460 4548 3360 1941 1267 1683 3748 431 1148 2344 2677 3627 4438 2740 2070 1399 3294 4471 517 2835 3400 1012 1513 1397 1784 1938 4418 3245 4527 4815 3540 4728 4127 158 2559 2988 2646 2613 356 2738 4200 2870 4063 792 4751 421 3325 1576 4416 3104 4058 4925 811 2356 4283 3175 1408 1172 2030 4376 2032 3799 2190 943 4404 4938 1901 2851 3163 4252 3992 1345 2695 3841 3081
609 2017 1825 1295 2624 3959 1464 3225 54 4526 1174 1622 3502 2910 1797 3922 4128 603 201 231 2429 727 1323 1277 1441 1012 2837 3160 2440 3485 1494 168 3896 3969 406 3906 4291 973 1299 3202 1968 62 1206 4536 3216 1973 4361 3372 160 146 4810 4100 3027 731 1444 1839 4554 1142 719 4811 793 3982 2986 3183 1894 3141 1852 3648 4077 91 836 2231 4950 940 1268 4784 510 2159 4291 3873
4460 4156 2523 4590 2483 2844 1983 958 770 4333 2413 413 116 392 4345 2189 1387 1985 2949 1758 4235 1372 790 1840 1766 1513 3160 4388 841 1576 2312 381 1162 1947 3332 4225 1322 4765 1334 2667 2291 2624 418 4753 1580 1362 1585 523 512 483 4224 1699 2062 1754 2851 2524 2706 4891 4489 1148 1922 895 1803 261 532 3999 2986 2042 992 1992 2808 762 4370 4033 2489 3831 439 4359 716 1578
664 691 2059 295 2071 2232 3962 1863 607 1652 3401 4760 2273 955 543 4611 4358 964 584 4919 3121 523 2543 3139 4667 1397 2440 841 3695 4787 1922 4002 4904 327 1543 2754 3284 4722 2544 2615 1583 4825 1550 1583 201 954 3643 3790 4554 974 4921 1929 1915 3448 2635 2171 10 476 1662 2837 2958 4811 486 4984 1512 647 4332 162 2781 3553 3131 495 3516 1503 1953 1115 4636 4144 2559 2115
4576 3157 3745 973 509 2850 472 4595 3254 4535 545 1789 3519 934 571 1496 2240 3858 2291 3359 4422 4181 90 388 4027 1784 3485 1576 4787 3256 424 353 3954 3796 1050 3085 2481 4233 1445 3434 4856 4569 2110 3739 2848 1668 2308 4295 2219 3801 555 3433 2770 4349 3666 2576 1589 4620 778 4308 964 2658 3125 1023 1141 3427 3474 4350 4890 2237 4719 15 22 3659 3855 2231 1645 4722 4004 4765
4098 3692 3701 1184 1745 3137 1665 80 3016 635 706 2385 3721 776 4859 1281 3064 2923 3108 1311 1626 3604 1710 3376 4908 1938 1494 2312 1922 424 4020 1049 4139 3752 3233 723 3498 2332 1013 3388 3902 325 3718 2416 4428 326 2004 1710 4706 219 3506 1086 2126 2781 924 1450 1945 3024 3151 2031 1412 3885 438 4808 2980 3930 286 1085 65 3836 4104 4215 3423 4140 2787 831 4355 161 1665 1442
44 1405 592 1160 3165 691 4870 909 2044 4543 1018 109 819 4754 3714 45 4150 1465 3264 3246 2983 4416 545 4686 1024 4418 168 381 4002 353 1049 1319 2184 4869 1943 669 1720 402 1328 4580 1056 21 915 4830 797 1679 2399 387 4551 2656 343 706 1479 1699 3356 3498 3465 2233 4034 4065 3065 1908 1720 189 2030 1235 4724 2889 2120 2378 938 1762 131 3779 2680 3056 3217 2461 3168 2002
1569 2730 2558 3217 1934 1871 4293 4652 3494 506 2701 679 4879 2994 4585 2866 2583 1935 1150 3828 3125 998 337 4619 2668 3245 3896 1162 4904 3954 4139 2184 796 3293 2070 739 4616 2375 770 4449 3302 4638 513 4128 3771 3531 2020 1886 380 3592 4250 15 3602 2249 2912 4664 3355 4366 1635 3374 477 1393 3781 1904 1612 331 4933 3725 3131 528 4344 3319 1205 76 4189 3803 4092 2387 3087 3208
1143 2714 1106 3746 2924 3074 734 1229 2590 1977 2674 4546 2635 265 2665 3354 2603 276 554 4572 2614 1906 3122 2710 3046 4527 3969 1947 327 3796 3752 4869 3293 4907 4512 4376 1255 2753 57 3369 2548 166 3374 4359 4188 2109 3377 565 3384 4618 1409 945 3308 1373 189 1586 2826 1834 2897 1175 19 3158 3319 4271 4177 2810 3843 1046 478 1619 3707 4321 3941 3155 2711 1304 1304 1562 2237 4764
540 1326 653 3675 4560 2296 500 1640 4092 1366 90 553 582 3220 3060 2083 547 4308 2282 1689 3995 692 4866 3378 1653 4815 406 3332 1543 1050 3233 1943 2070 4512 4412 3463 3961 1671 3600 3932 3856 2068 3595 697 4839 2685 3634 3531 3200 2628 39 1781 957 2615 1368 928 4732 4984 1387 3366 4526 4321 278 2869 4079 2739 2346 2060 663 1698 478 617 669 1051 1798 1574 2384 2204 1316 607
4092 2606 987 99 4612 417 4396 1052 2503 4032 3043 3037 745 1850 946 834 3179 1265 3658 338 110 3299 1609 3353 1895 3540 3906 4225 2754 3085 723 669 739 4376 3463 496 4758 2279 2104 2610 922 4782 1784 862 4493 1776 697 1539 3642 3853 77 2544 884 3305 1805 2391 1081 4678 3836 800 4182 1828 1042 3990 2938 2119 3097 1782 1330 2476 2279 3350 4815 2717 3699 990 3353 3394 2863 4735
906 4989 445 3124 4101 4277 2707 298 3023 1706 250 4716 3354 4875 3636 2729 4841 2864 306 4049 1340 760 412 4813 126 4728 4291 1322 3284 2481 3498 1720 4616 1255 3961 4758 488 4043 73 2906 596 2012 1606 2688 4879 2978 4708 4763 391 1944 34 2628 3135 3619 776 1513 2721 1952 1374 4179 1742 4492 4905 3524 1362 203 2091 3124 3235 67 843 3248 2370 2874 4980 1566 4415 2864 2489 2824
2803 2696 1602 4935 2358 4249 1757 84 625 1968 3434 2254 1247 183 3708 4991 1142 2310 4391 302 2723 2208 1009 461 2048 4127 973 4765 4722 4233 2332 402 2375 2753 1671 2279 4043 1796 2521 1096 4100 868 447 2409 3272 746 4277 3578 3674 3070 3993 2398 3672 806 2834 3294 3609 1340 4435 1190 3242 1898 3577 3276 2297 707 4451 1000 4743 4485 1329 1644 553 3277 800 1482 3957 1614 4278 3088
359 3178 4584 4674 1982 2262 2260 1383 444 4327 1244 4413 1350 4174 4693 2298 822 1867 2692 2244 1989 1959 3063 3934 186 158 1299 1334 2544 1445 1013 1328 770 57 3600 2104 73 2521 3315 2999 1318 4471 596 3047 1259 1062 3135 1373 959 1153 3220 4697 408 1264 3176 2342 918 1861 1899 2448 3724 3855 3088 2316 2752 3844 2696 1590 3400 4835 943 1529 4006 3787 547 273 1864 3570 1800 4724
1532 4579 2109 1642 2095 1610 4511 3970 1770 2345 766 1972 690 2050 3018 4539 4600 1183 3124 2685 4223 3706 3722 3705 3699 2559 3202 2667 2615 3434 3388 4580 4449 3369 3932 2610 2906 1096 2999 3175 2277 1192 1224 330 4388 3334 1863 4197 2197 2207 3497 3181 4610 3040 4985 2062 4232 4713 901 4358 1256 4383 3403 2464 2404 692 1946 619 2705 4900 899 4465 1659 4255 2729 465 3781 3321 4143 1112
1224 4929 3395 49 2436 4763 2002 3521 1718 1069 3643 2472 2689 3572 3337 369 2923 2055 3106 4603 3080 4441 1363 362 1076 2988 1968 2291 1583 4856 3902 1056 3302 2548 3856 922 596 4100 1318 2277 1418 4780 2663 821 3942 211 1919 2732 2650 3960 3534 987 2576 3244 1048 2079 2575 2018 1687 1505 2065 4795 3989 4390 4768 3891 4782 2727 2315 2148 277 4097 2874 530 2244 2735 545 251 4256 4050
3174 3055 1556 572 3538 4563 4419 2938 3879 2231 2952 2968 1861 4536 4536 1801 1592 1377 1748 498 4410 739 2936 2664 4380 2646 62 2624 4825 4569 325 21 4638 166 2068 4782 2012 868 4471 1192 4780 3676 4044 253 182 2678 3097 1588 326 3052 3616 2617 4349 2095 4172 4268 4321 144 3042 3228 2997 4273 4336 3324 1586 2392 3222 3711 4082 2865 4634 4874 1684 4259 868 1071 1003 3145 4769 1901
3705 4053 1202 1408 241 1302 4452 3093 3410 2940 3440 2321 3919 2992 2906 1991 2792 3878 2325 4541 1080 2588 1444 2203 4927 2613 1206 418 1550 2110 3718 915 513 3374 3595 1784 1606 447 596 1224 2663 4044 483 1578 3051 16 808 3233 462 3436 2380 1646 174 1184 1017 1722 2667 4307 1575 310 479 829 842 3588 2887 2538 3064 4273 2156 246 354 230 3563 395 2418 3355 898 2189 1879 2849
1717 1112 1319 4408 4396 1094 2904 2870 1488 3625 4005 4663 891 1034 874 4667 3354 1769 2499 809 3554 1752 4909 1857 2163 356 4536 4753 1583 3739 2416 4830 4128 4359 697 862 2688 2409 3047 330 821 253 1578 900 3928 1404 2062 1066 2566 622 4125 4902 957 4182 2054 4958 938 2588 3218 3673 1839 3197 361 383 55 615 874 2147 4114 2042 4763 3561 3289 476 947 3367 4309 1567 1387 2661
2840 1069 1786 959 4086 4698 4233 2744 260 4584 2964 1061 252 3572 3292 1902 3298 1000 4187 3557 2437 4906 2117 1941 4130 2738 3216 1580 201 2848 4428 797 3771 4188 4839 4493 4879 3272 1259 4388 3942 182 3051 3928 4568 2242 4710 3686 724 1739 80 3586 4610 4034 4904 2695 3118 268 4586 4855 3710 3593 170 4333 539 368 3559 576 1458 4117 3415 2017 192 4717 351 866 2987 3614 4921 1882
2886 2187 402 2389 4233 2395 948 248 3694 4945 354 2769 4901 2741 3507 3937 4939 1994 3401 3983 602 2949 552 4263 866 4200 1973 1362 954 1668 326 1679 3531 2109 2685 1776 2978 746 1062 3334 211 2678 16 1404 2242 1327 998 2321 1143 2881 4807 3022 1264 1524 4332 929 4558 2827 3586 419 2219 508 3202 4115 2237 3772 3610 1479 1006 75 2861 1652 645 1246 1939 3898 664 190 370 4850
4249 1563 4757 3909 2324 2272 730 2574 281 1426 1045 4469 4349 536 2227 644 1197 290 1129 887 3670 4392 1617 4892 1755 2870 4361 1585 3643 2308 2004 2399 2020 3377 3634 697 4708 4277 3135 1863 1919 3097 808 2062 4710 998 4130 4864 4562 1603 3607 4507 4599 3264 154 1476 4453 1523 2860 2207 1017 3119 4850 3626 1379 29 2322 3585 4684 3211 4764 505 1764 485 4120 169 3942 3236 4324 4392
2818 97 1051 182 4191 2773 2299 55 4732 1410 4185 3496 1500 2410 4571 1450 3753 4720 2792 948 2802 3065 2137 2468 4799 4063 3372 523 3790 4295 1710 387 1886 565 3531 1539 4763 3578 1373 4197 2732 1588 3233 1066 3686 2321 4864 1071 3424 582 3918 4481 404 4596 3256 764 3041 154 1306 4632 251 587 1226 1854 618 2223 3998 666 987 82 448 4934 3010 4598 3644 1892 3099 4229 2813 4788
1859 3941 195 2311 3582 2548 4758 3011 1510 2984 4009 13 2974 714 1695 1616 3302 1310 935 4244 4718 451 1103 456 2157 792 160 512 4554 2219 4706 4551 380 3384 3200 3642 391 3674 959 2197 2650 326 462 2566 724 1143 4562 3424 103 4835 1394 4411 1811 490 3680 3786 4925 4703 116 300 4715 1268 4444 278 3536 657 3666 2450 2910 3337 777 3620 3568 895 342 4301 864 3492 2464 1315
182 4785 2131 1564 1333 4322 3209 2057 4660 977 3809 3186 3053 1117 2190 238 4405 3739 4288 872 4111 3373 718 2253 3312 4751 146 483 974 3801 219 2656 3592 4618 2628 3853 1944 3070 1153 2207 3960 3052 3436 622 1739 2881 1603 582 4835 1662 1064 2955 4566 1083 3035 2477 152 3070 3824 3548 2153 4956 1321 4326 1942 491 2976 2702 4242 1640 1888 364 4485 568 145 3227 1971 3209 1021 4123
4866 3639 467 2657 3673 2974 3339 382 3405 4461 3854 427 4092 1849 3198 463 753 596 2289 1822 3290 598 4168 3659 1656 421 4810 4224 4921 555 3506 343 4250 1409 39 77 34 3993 3220 3497 3534 3616 2380 4125 80 4807 3607 3918 1394 1064 4009 4506 4770 3019 4307 3431 1380 129 1219 4340 4843 3121 1679 3185 1297 4096 4705 667 959 3939 2291 2638 2545 3086 2763 67 2398 1705 4781 2430
2483 2741 1870 800 2910 3704 2737 1129 3773 1764 1991 2968 2276 764 2194 499 2043 2053 2488 3100 188 4800 299 877 4650 3325 4100 1699 1929 3433 1086 706 15 945 1781 2544 2628 2398 4697 3181 987 2617 1646 4902 3586 3022 4507 4481 4411 2955 4506 2370 1263 1693 3443 4525 3801 2794 3824 1926 4422 3292 3331 3203 3123 1789 1360 4079 103 1549 3910 3362 1757 1349 4026 4541 4727 729 2877 518
1096 253 1187 3937 2973 138 3562 325 1247 943 2749 2426 3337 1031 1943 488 4599 88 1297 285 4030 4773 4458 1856 4154 1576 3027 2062 1915 2770 2126 1479 3602 3308 957 884 3135 3672 408 4610 2576 4349 174 957 4610 1264 4599 404 1811 4566 4770 1263 4854 1279 4268 1684 2817 3030 2154 2674 82 1493 378 2151 4455 4435 2246 1979 3426 4819 2275 1886 1154 1237 1277 4643 2320 943 2441 1206
3521 2846 2222 1556 1144 3278 2361 2656 3249 2279 3812 1813 845 3527 3431 948 3201 1408 1392 190 524 1416 1700 3454 1834 4416 731 1754 3448 4349 2781 1699 2249 1373 2615 3305 3619 806 1264 3040 3244 2095 1184 4182 4034 1524 3264 4596 490 1083 3019 1693 1279 2138 1056 1726 2300 2317 1620 4714 4179 1227 3366 1950 2461 4482 4520 2122 3913 1873 1080 293 1574 4643 3386 3329 339 2552 1704 2380
4429 363 3230 1805 607 4138 2194 4475 3135 723 107 3800 3150 4868 4603 4575 4142 1067 4821 2177 1129 3595 2775 2371 2782 3104 1444 2851 2635 3666 924 3356 2912 189 1368 1805 776 2834 3176 4985 1048 4172 1017 2054 4904 4332 154 3256 3680 3035 4307 3443 4268 1056 2723 3074 820 1042 2706 1427 4052 462 1344 643 846 4361 2302 3404 4687 3567 1366 1916 2307 1420 3097 4136 4765 1645 1528 2585
4418 3199 4220 239 105 2106 1801 4953 382 4425 3205 875 2962 1095 4410 4630 1422 520 2425 4427 1130 2581 152 3840 4107 4058 1839 2524 2171 2576 1450 3498 4664 1586 928 2391 1513 3294 2342 2062 2079 4268 1722 4958 2695 929 1476 764 3786 2477 3431 4525 1684 1726 3074 3875 1349 3583 1827 2724 3093 1509 2389 512 1576 3654 353 916 3382 351 3172 3890 1379 2695 3726 1892 3039 990 1442 1087
3538 4190 135 3088 1728 2870 2408 4872 3904 306 3575 2855 4365 1675 715 3254 1637 2831 1148 3251 3267 2075 1896 349 1095 4925 4554 2706 10 1589 1945 3465 3355 2826 4732 1081 2721 3609 918 4232 2575 4321 2667 938 3118 4558 4453 3041 4925 152 1380 3801 2817 2300 820 1349 2090 4479 2963 2992 2115 3562 714 1900 330 3727 3158 3687 4929 2026 2369 2887 809 1855 1056 2439 36 2789 711 3926
4925 3069 4679 3689 4588 4554 1161 2238 3071 3060 3292 1495 2605 109 358 2403 2598 3001 3943 2817 2603 150 2469 2924 2479 811 1142 4891 476 4620 3024 2233 4366 1834 4984 4678 1952 1340 1861 4713 2018 144 4307 2588 268 2827 1523 154 4703 3070 129 2794 3030 2317 1042 3583 4479 3343 903 3098 3070 3074 4926 2297 483 3792 1078 2936 1955 1484 3862 110 411 1031 544 3760 2872 3142 3301 105
851 3999 3181 3695 4856 2138 4457 1218 1220 3588 147 4537 2907 899 3420 3771 4408 2602 4954 3684 1620 4833 285 1015 4584 2356 719 4489 1662 778 3151 4034 1635 2897 1387 3836 1374 4435 1899 901 1687 3042 1575 3218 4586 3586 2860 1306 116 3824 1219 3824 2154 1620 2706 1827 2963 903 4511 3287 2073 372 3583 2166 4575 1908 2411 2112 2382 3009 2202 898 4221 2432 2095 4897 4796 2761 3077 4761
574 3551 475 2583 1429 4915 3677 2858 2857 3569 1353 3896 4672 1751 4256 4273 1828 4310 2353 1115 4654 97 4458 2035 2660 4283 4811 1148 2837 4308 2031 4065 3374 1175 3366 800 4179 1190 2448 4358 1505 3228 310 3673 4855 419 2207 4632 300 3548 4340 1926 2674 4714 1427 2724 2992 3098 3287 3048 2257 1754 377 1919 4367 313 1478 174 3111 3771 1220 106 2575 566 1364 3671 1541 4062 2332 1106
2150 1937 1324 1843 4806 4851 4330 1715 640 2142 4619 3706 3709 3548 66 235 3350 4453 4958 3810 602 3686 906 630 4854 3175 793 1922 2958 964 1412 3065 477 19 4526 4182 1742 3242 3724 1256 2065 2997 479 1839 3710 2219 1017 251 4715 2153 4843 4422 82 4179 4052 3093 2115 3070 2073 2257 2739 3260 147 55 866 975 3398 2831 68 4078 3758 2397 63 2178 1934 3163 3255 4872 3050 679
2580 2649 1321 4712 2418 4294 2571 2359 571 3130 1985 3237 719 1145 4764 831 253 3927 2786 984 2051 1788 1305 3828 633 1408 3982 895 4811 2658 3885 1908 1393 3158 4321 1828 4492 1898 3855 4383 4795 4273 829 3197 3593 508 3119 587 1268 4956 3121 3292 1493 1227 462 1509 3562 3074 372 1754 3260 442 2072 3814 3539 3478 4274 861 2204 3396 886 2262 2555 373 1664 2460 2659 2383 3252 1111
1638 4067 1299 420 2639 234 3085 1321 1194 2774 2666 3954 712 4155 815 3009 4194 3027 909 537 3832 4968 2758 2730 1203 1172 2986 1803 486 3125 438 1720 3781 3319 278 1042 4905 3577 3088 3403 3989 4336 842 361 170 3202 4850 1226 4444 1321 1679 3331 378 3366 1344 2389 714 4926 3583 377 147 2072 877 2972 1372 3276 3008 2348 194 258 527 1567 2917 4507 44 4814 1436 3339 2620 4376
4979 2477 235 1839 2721 1107 3937 3945 106 1296 2402 993 2794 2876 3839 2902 4680 4264 2992 4319 145 3626 1416 1670 4854 2030 3183 261 4984 1023 4808 189 1904 4271 2869 3990 3524 3276 2316 2464 4390 3324 3588 383 4333 4115 3626 1854 278 4326 3185 3203 2151 1950 643 512 1900 2297 2166 1919 55 3814 2972 2099 4195 734 4379 2061 1784 3116 4384 1257 525 3343 1229 1515 4124 220 355 1710
172 290 2844 3993 3101 2082 3015 3081 3147 3871 3478 4779 2376 4281 4694 3805 1801 3742 513 1763 506 2936 3288 1049 232 4376 1894 532 1512 1141 2980 2030 1612 4177 4079 2938 1362 2297 2752 2404 4768 1586 2887 55 539 2237 1379 618 3536 1942 1297 3123 4455 2461 846 1576 330 483 4575 4367 866 3539 1372 4195 1797 4268 4652 4480 2908 883 2936 4661 4347 2727 1373 4273 982 387 2812 4397
1518 2954 3388 290 2960 1666 161 4584 576 1538 4614 3908 4730 3004 4556 2134 2286 1154 3740 944 3170 4863 3342 3882 2037 2032 3141 3999 647 3427 3930 1235 331 2810 2739 2119 203 707 3844 692 3891 2392 2538 615 368 3772 29 2223 657 491 4096 1789 4435 4482 4361 3654 3727 3792 1908 313 975 3478 3276 734 4268 2785 1818 540 2776 2607 1496 513 619 3226 2338 618 33 1558 810 3662
2948 3445 246 693 2115 1199 988 3786 1792 4826 788 2355 74 3382 1055 619 543 594 1947 1598 22 3854 1753 3392 4104 3799 1852 2986 4332 3474 286 4724 4933 3843 2346 3097 2091 4451 2696 1946 4782 3222 3064 874 3559 3610 2322 3998 3666 2976 4705 1360 2246 4520 2302 353 3158 1078 2411 1478 3398 4274 3008 4379 4652 1818 4998 723 1258 4336 3559 4373 3295 2686 4292 4209 4495 4143 1802 4733
536 4266 4472 2422 2879 795 1083 3531 857 4801 2630 1940 3283 4693 4860 4937 2807 4600 200 1673 1112 906 2458 2262 1279 2190 3648 2042 162 4350 1085 2889 3725 1046 2060 1782 3124 1000 1590 619 2727 3711 4273 2147 576 1479 3585 666 2450 2702 667 4079 1979 2122 3404 916 3687 2936 2112 174 2831 861 2348 2061 4480 540 723 1066 4147 612 4136 2717 1856 2314 288 3509 2689 1447 3659 4686
2850 1157 2405 3340 2577 3474 4678 4117 2054 3388 831 496 223 4376 3288 691 3342 2505 3298 973 398 2793 1282 1049 1942 943 4077 992 2781 4890 65 2120 3131 478 663 1330 3235 4743 3400 2705 2315 4082 2156 4114 1458 1006 4684 987 2910 4242 959 103 3426 3913 4687 3382 4929 1955 2382 3111 68 2204 194 1784 2908 2776 1258 4147 1046 3008 3108 2910 1982 2820 2106 2978 4660 3131 2397 3151
865 3177 1088 569 37 4931 192 1281 4673 3109 3433 2099 2489 2701 982 2060 3845 4748 930 4650 2931 1530 1340 3369 2382 4404 91 1992 3553 2237 3836 2378 528 1619 1698 2476 67 4485 4835 4900 2148 2865 246 2042 4117 75 3211 82 3337 1640 3939 1549 4819 1873 3567 351 2026 1484 3009 3771 4078 3396 258 3116 883 2607 4336 612 3008 3438 155 655 3350 4908 1185 2873 1176 3166 2150 505
3033 245 2062 1241 2812 4576 3319 1467 1488 2612 2074 446 137 2770 3011 2434 2151 1498 2493 1098 3566 3779 2187 4722 2158 4938 836 2808 3131 4719 4104 938 4344 3707 478 2279 843 1329 943 899 277 4634 354 4763 3415 2861 4764 448 777 1888 2291 3910 2275 1080 1366 3172 2369 3862 2202 1220 3758 886 527 4384 2936 1496 3559 4136 3108 155 905 2414 704 3862 3721 1260 4286 3991 3354 2896
4721 3016 1146 2810 982 2994 495 4149 4580 2648 4753 723 4709 1673 4368 962 1094 4866 1950 732 3070 339 157 4675 1649 1901 2231 762 495 15 4215 1762 3319 4321 617 3350 3248 1644 1529 4465 4097 4874 230 3561 2017 1652 505 4934 3620 364 2638 3362 1886 293 1916 3890 2887 110 898 106 2397 2262 1567 1257 4661 513 4373 2717 2910 655 2414 1053 4150 319 3015 3650 26 4555 489 2919
1220 2649 2360 4445 1008 57 2565 3468 3030 4456 2840 3038 3221 3839 4408 4001 4501 144 134 4146 1882 2982 3236 3148 3423 2851 4950 4370 3516 22 3423 131 1205 3941 669 4815 2370 553 4006 1659 2874 1684 3563 3289 192 645 1764 3010 3568 4485 2545 1757 1154 1574 2307 1379 809 411 4221 2575 63 2555 2917 525 4347 619 3295 1856 1982 3350 704 4150 1458 442 2823 3608 4164 2490 4534 4918
959 587 1860 698 1063 3140 2040 1032 173 4560 218 4887 1087 1699 961 1179 3284 3814 1031 977 3485 4045 1462 4604 2489 3163 940 4033 1503 3659 4140 3779 76 3155 1051 2717 2874 3277 3787 4255 530 4259 395 476 4717 1246 485 4598 895 568 3086 1349 1237 4643 1420 2695 1855 1031 2432 566 2178 373 4507 3343 2727 3226 2686 2314 2820 4908 3862 319 442 732 519 1531 656 3302 4823 3198
1054 668 2182 1973 1310 1013 458 946 3739 399 1557 1382 4075 726 3431 2381 4584 150 2942 4393 1529 2485 2880 2113 4276 4252 1268 2489 1953 3855 2787 2680 4189 2711 1798 3699 4980 800 547 2729 2244 868 2418 947 351 1939 4120 3644 342 145 2763 4026 1277 3386 3097 3726 1056 544 2095 1364 1934 1664 44 1229 1373 2338 4292 288 2106 1185 3721 3015 2823 519 2252 798 2200 4235 1819 4437
2517 3934 4363 1881 442 1787 1650 4806 4813 4583 4594 2600 807 3012 1666 654 699 117 809 2330 4789 2610 1519 1003 2424 3992 4784 3831 1115 2231 831 3056 3803 1304 1574 990 1566 1482 273 465 2735 1071 3355 3367 866 3898 169 1892 4301 3227 67 4541 4643 3329 4136 1892 2439 3760 4897 3671 3163 2460 4814 1515 4273 618 4209 3509 2978 2873 1260 3650 3608 1531 798 473 1406 3379 1927 4784
3466 632 2351 2292 4518 4270 3362 2686 4468 3516 2066 3085 3512 1072 1758 444 3344 187 4769 4301 4499 672 217 1630 2318 1345 510 439 4636 1645 4355 3217 4092 1304 2384 3353 4415 3957 1864 3781 545 1003 898 4309 2987 664 3942 3099 864 1971 2398 4727 2320 339 4765 3039 36 2872 4796 1541 3255 2659 1436 4124 982 33 4495 2689 4660 1176 4286 26 4164 656 2200 1406 2689 1164 2831 4083
507 3104 4417 88 4251 4112 3724 2508 562 703 3604 2614 2203 2604 1281 1461 4672 3548 1252 3379 2817 3439 462 2861 2593 2695 2159 4359 4144 4722 161 2461 2387 1562 2204 3394 2864 1614 3570 3321 251 3145 2189 1567 3614 190 3236 4229 3492 3209 1705 729 943 2552 1645 990 2789 3142 2761 4062 4872 2383 3339 220 387 1558 4143 1447 3131 3166 3991 4555 2490 3302 4235 3379 1164 4641 854 3588
2296 3654 320 3598 4749 4473 4853 3284 316 3708 2565 4686 3500 59 2516 3662 3829 4475 4678 144 39 4133 1308 905 4489 3841 4291 716 2559 4004 1665 3168 3087 2237 1316 2863 2489 4278 1800 4143 4256 4769 1879 1387 4921 370 4324 2813 2464 1021 4781 2877 2441 1704 1528 1442 711 3301 3077 2332 3050 3252 2620 355 2812 810 1802 3659 2397 2150 3354 489 4534 4823 1819 1927 2831 854 1466 2433
2165 1881 3118 2800 3854 4996 3499 497 1646 4262 4287 3760 2409 1299 4104 4430 3331 1074 2368 4336 1392 4218 119 2681 2841 3081 3873 1578 2115 4765 1442 2002 3208 4764 607 4735 2824 3088 4724 1112 4050 1901 2849 2661 1882 4850 4392 4788 1315 4123 2430 518 1206 2380 2585 1087 3926 105 4761 1106 679 1111 4376 1710 4397 3662 4733 4686 3151 505 2896 2919 4918 3198 4437 4784 4083 3588 2433 2459
