N: 80
M: 20
Symmetric: true
Triangle: false
3 74 14 55
2 66 77
4 56 17 69 22
5 51 65 76 53 42
3 61 54 34
4 5 11 16 13
3 58 44 20
5 33 62 40 32 79
6 12 64 19 1 38 35
4 10 39 18 24
4 78 3 27 31
5 48 67 52 75 41
4 49 37 30 36
1 25
5 4 50 23 21 72
3 26 59 28
5 47 57 45 6 70
5 73 46 9 2 8
5 63 80 68 43 15
4 29 71 7 60
4840 1247 3603 4797 4957 3415 2293 787 4406 4635 3409 2826 4066 851 4532 2881 3497 575 529 3332 585 3440 2898 4267 911 1874 719 4012 1741 3805 784 4781 4833 1922 3567 4493 3344 2427 3655 3359 4017 2893 4837 4110 4111 1202 2550 946 2050 161 3275 507 4326 1530 2250 980 3593 593 3961 4283 739 803 2698 3749 2711 1665 2158 2442 1973 1100 3597 2507 4238 2115 33 299 4493 2061 4079 969
1247 3027 2478 4895 47 2395 3239 4081 2031 4726 1107 4300 471 732 256 4959 3051 1990 4789 747 2536 4888 845 4107 1921 2931 1725 817 67 2894 4510 1308 2973 1215 397 2325 1221 87 3451 4145 3617 2964 3480 245 3055 483 4819 566 2775 1716 2012 428 4497 1779 169 1722 4497 2028 109 2161 2409 3683 4273 4305 1195 3472 1631 3260 3358 4814 188 3263 3013 1282 2150 1574 3938 3241 4700 57
3603 2478 797 4191 4440 2803 2672 4971 3851 2028 1403 1837 2613 4346 4748 3961 4245 3887 502 1159 3466 2655 872 561 1843 1883 2654 1258 2046 2026 786 1507 4791 3515 4908 3787 3667 2878 554 3798 1876 919 2375 3783 3853 1991 3232 928 702 2780 2932 2566 3291 346 3825 2047 270 803 1313 1957 1864 1084 4732 2843 3579 4915 1871 1989 1500 3070 2509 4087 2391 1151 2926 4330 929 2735 4672 3726
4797 4895 4191 1947 3622 1685 848 411 3519 2310 1726 2029 3655 42 3090 993 3284 3861 1023 1795 1547 3754 4412 3740 1457 4520 794 2009 4010 3276 831 4100 1788 4995 2268 979 1408 1636 2986 4157 4696 2931 2794 2300 4336 4054 2775 2644 3530 736 2896 4696 171 413 3704 1891 4695 684 4025 2705 4358 1050 4561 2121 3433 3926 4605 931 2733 2715 4140 1695 4137 4994 615 1891 82 4745 112 4953
4957 47 4440 3622 4818 2780 2116 1398 4061 4360 3057 1856 1030 2998 4310 2827 4126 4545 925 634 3834 1631 2686 3577 2492 3017 3405 1763 4977 123 94 1392 2789 4523 1866 2508 1403 3566 717 1212 4270 2767 3953 1936 4756 3959 2078 1376 4807 4442 2011 1297 2555 4452 1216 4968 121 3268 1950 4703 1469 3832 1235 4904 2159 1336 1531 2157 2092 4991 4760 3159 4064 3697 3279 3461 1668 2860 4974 3273
3415 2395 2803 1685 2780 2682 3947 4929 3578 965 637 2988 3208 2087 3762 3793 4000 4978 832 1449 4302 3151 4883 3599 4554 852 585 1563 1175 1455 1318 4329 3125 2038 3599 2128 4349 4347 564 4222 1158 1282 779 3471 3993 4438 1681 2916 490 3359 1072 4195 2185 3530 2257 4631 1603 3538 619 4363 1211 1629 2793 1414 350 2891 1113 3010 2847 1623 2464 2647 3656 361 4913 4914 2800 1630 1583 3421
2293 3239 2672 848 2116 3947 1090 416 4424 3797 1497 2348 2304 4467 3825 4922 319 1825 3004 4667 4413 1742 4714 2433 4342 3349 2118 2913 254 2998 2236 581 839 3943 1448 789 4418 4401 4428 506 3514 2465 3972 1581 368 3013 2987 2620 101 1301 2110 3225 3856 264 581 2025 626 1808 3753 2656 4367 2788 3392 3421 346 1694 4744 2141 4248 332 4147 3332 4339 1705 2633 2506 551 4553 3498 2753
787 4081 4971 411 1398 4929 416 1395 589 3305 1828 2053 3028 1993 3121 4596 662 1867 3286 1561 3889 3455 865 973 1436 4126 3972 2404 379 4115 411 4174 1546 4183 4014 1178 4465 1400 1267 2861 4624 1455 3578 1375 2520 4794 3959 3236 3393 3723 1090 3509 4129 1422 1421 1776 4568 777 2691 3420 2419 3811 1686 4173 425 3023 1970 113 44 2696 1896 4495 248 3879 3682 855 304 3836 2514 4543
4406 2031 3851 3519 4061 3578 4424 589 3434 4708 1335 344 3846 2492 1050 2733 1897 4180 1959 4140 262 4541 4198 3916 1841 4702 97 909 3516 2841 70 4340 3072 3322 1862 3873 2050 3081 1089 642 2475 2613 1790 218 4107 4773 417 3311 754 1645 1278 4414 3581 4376 2145 2525 3951 4714 4072 1197 3994 3212 786 4242 219 4994 4829 3241 2674 1959 2462 3556 2430 4128 3516 32 396 2757 3398 1466
4635 4726 2028 2310 4360 965 3797 3305 4708 3311 594 178 310 4682 3060 712 4095 1229 3488 4654 348 4874 4651 4048 3296 3810 102 267 4206 4225 3145 3274 2393 2343 3128 2308 1848 2388 3419 3872 4127 2607 3989 1133 2589 1708 2302 2435 159 328 4124 4047 891 587 2684 733 951 765 4903 1389 4110 1537 391 4164 2783 2275 42 3658 1267 4884 1364 2084 2435 4952 867 1721 4253 759 3364 3265
3409 1107 1403 1726 3057 637 1497 1828 1335 594 4975 562 908 1473 3254 3525 1548 4674 3439 4987 3831 4963 933 3149 313 2998 1344 337 2744 4079 1009 2064 1039 2139 4626 3108 2852 4954 4233 328 4124 401 2989 206 1453 3865 3506 2236 943 325 490 3737 1084 3167 2672 4707 4505 1907 1912 149 4194 3146 4309 4806 4414 3579 1161 4713 1362 444 1589 3799 202 4411 4753 825 4586 4475 2882 2306
2826 4300 1837 2029 1856 2988 2348 2053 344 178 562 3349 1245 474 2212 2215 2474 373 2762 3828 489 4800 3113 4331 1502 2504 157 3535 2452 4184 1247 3187 2367 2408 4235 3714 1760 3040 3251 1216 1684 3953 1149 4844 326 3308 435 1282 2051 839 4862 510 4881 1220 952 3800 246 3372 1049 1324 92 4828 2837 1872 955 1351 3445 1947 111 1311 2987 456 4367 1383 2146 4836 3019 4262 4364 3576
4066 471 2613 3655 1030 3208 2304 3028 3846 310 908 1245 2429 2031 4642 734 3561 51 2601 3289 4755 2137 1077 4851 4733 2329 1624 4708 2812 4911 215 3452 3676 705 1861 63 1720 1853 128 4052 1524 53 2927 2729 1642 3056 118 664 2905 1871 4665 4027 2608 3395 2437 4647 340 4968 2930 4006 4905 4093 3869 515 934 4647 4849 2284 1523 1499 60 1292 2289 388 2734 2896 4055 3749 2378 3909
851 732 4346 42 2998 2087 4467 1993 2492 4682 1473 474 2031 770 1645 1945 1066 1634 564 4785 1585 3544 4062 3824 219 501 2312 810 3590 2403 83 472 3679 3115 2579 2797 1910 527 579 4189 654 2006 2248 957 1354 3397 1023 1280 3087 4190 4308 330 3769 2425 4149 4146 2126 659 4018 2504 3264 1270 1420 2625 3772 2447 4085 4457 2718 1530 1454 2117 1110 3094 122 312 4487 4275 3170 278
4532 256 4748 3090 4310 3762 3825 3121 1050 3060 3254 2212 4642 1645 4887 894 3751 1979 2136 3352 2212 4612 1453 4810 2801 583 1248 4335 3146 1795 443 1817 2010 2578 3497 3759 467 108 4818 4695 188 565 553 4046 1068 112 2561 1387 1894 332 2724 2392 4876 2124 3169 2350 2563 2251 2478 4883 4304 1312 3406 1016 2899 123 4395 4718 3176 781 1660 462 1000 2834 522 2441 1298 2532 1950 181
2881 4959 3961 993 2827 3793 4922 4596 2733 712 3525 2215 734 1945 894 2152 4779 1466 2857 2328 4468 3937 2638 813 1170 4405 2728 1057 1671 780 495 4232 1120 782 1743 41 368 2594 2642 3736 4437 725 2932 4008 4290 2559 2025 1428 1544 2537 4696 3617 3504 247 1259 427 367 1715 1461 3489 4228 507 1842 3313 1855 3762 1908 3392 630 3949 2981 3184 578 4986 3526 2155 2804 4772 1774 4058
3497 3051 4245 3284 4126 4000 319 662 1897 4095 1548 2474 3561 1066 3751 4779 2458 2576 2229 4723 1183 4922 3630 2883 32 1422 4561 1789 38 4326 766 2566 1504 1775 2078 1945 2842 4329 2981 17 3508 2108 2760 4676 2644 3187 1321 2501 382 304 3670 4284 4005 4570 2869 1477 4135 4160 4484 4521 3235 1302 4438 2949 3756 2998 2590 1954 4561 223 4142 3307 953 4931 1192 1339 3640 4933 108 1292
575 1990 3887 3861 4545 4978 1825 1867 4180 1229 4674 373 51 1634 1979 1466 2576 4477 470 2795 4358 4260 4134 1355 2619 1229 2516 3438 2352 639 2271 603 3918 3621 585 2386 1175 2209 4662 3196 498 4539 3485 87 4770 1938 4161 2796 1217 4602 3420 450 2630 3102 4257 712 4222 4170 4836 635 4170 4657 4831 2254 227 2799 2833 983 4341 1651 151 4588 3357 4355 4501 484 4400 2269 2792 3711
529 4789 502 1023 925 832 3004 3286 1959 3488 3439 2762 2601 564 2136 2857 2229 470 2543 2506 3955 384 1201 188 4604 439 4540 1516 3084 3448 3070 3962 918 301 4327 4149 3336 2801 1522 3563 1296 2832 2703 3041 4294 345 1068 4668 2023 3188 819 4115 4431 2543 1893 2030 4619 1481 507 2873 4510 3160 2472 4300 3568 2785 1790 2937 1698 2916 4461 4042 4242 4484 3425 2497 1914 3916 4401 2423
3332 747 1159 1795 634 1449 4667 1561 4140 4654 4987 3828 3289 4785 3352 2328 4723 2795 2506 2338 250 4836 2399 3039 2083 81 1512 1667 4057 2703 3359 664 2163 653 1376 2574 2195 4079 3147 3490 2560 1108 3761 1174 1407 3620 1356 1676 11 4668 1604 3263 2854 4110 4662 1948 4625 429 2284 1152 4295 3979 2477 4734 1105 694 3933 1951 1861 3133 1061 41 4990 4765 4565 104 696 1460 1867 1992
585 2536 3466 1547 3834 4302 4413 3889 262 348 3831 489 4755 1585 2212 4468 1183 4358 3955 250 4787 104 4924 1624 386 40 1974 1272 4171 4688 4899 1575 3509 467 2917 2921 4019 830 755 2054 1312 1264 1391 1098 4323 710 2520 1944 3526 2431 1120 4744 4856 1716 2607 4581 4632 1846 2331 1514 2561 4877 437 3314 2218 1265 3273 2425 3520 1684 3928 4145 3895 972 2511 2232 147 3683 3929 3981
3440 4888 2655 3754 1631 3151 1742 3455 4541 4874 4963 4800 2137 3544 4612 3937 4922 4260 384 4836 104 1201 1563 481 1054 997 2765 685 3335 4823 3277 1624 2261 1108 1723 3800 1015 673 1166 4192 2424 1827 782 882 317 4483 1640 2196 2816 1742 2847 2646 3559 4550 2180 108 1969 2214 4222 4105 45 102 4309 4407 3292 3356 3238 3429 4038 760 3623 2448 4794 1500 327 4254 2625 3918 1350 535
2898 845 872 4412 2686 4883 4714 865 4198 4651 933 3113 1077 4062 1453 2638 3630 4134 1201 2399 4924 1563 2834 3530 3456 4778 766 206 1607 3284 1738 1711 81 725 4546 883 2189 4432 2456 3528 3475 724 2827 2510 2888 2088 684 2801 3750 4080 2091 1619 2728 3200 1284 2390 3649 2409 1187 1454 3954 261 3495 4413 3159 1515 3226 4327 1307 1835 774 443 989 3029 3152 4129 1326 4020 450 2264
4267 4107 561 3740 3577 3599 2433 973 3916 4048 3149 4331 4851 3824 4810 813 2883 1355 188 3039 1624 481 3530 2963 3225 4313 1400 3895 4994 4199 2024 31 1483 4717 2972 4830 4427 797 12 1465 102 1879 4256 59 4737 3681 4400 56 2306 2847 4502 1092 2793 1062 262 4441 1585 4048 4259 4725 2800 196 1134 1411 818 3480 3718 4622 721 4213 3862 560 29 1554 4512 1859 1526 2134 1088 864
911 1921 1843 1457 2492 4554 4342 1436 1841 3296 313 1502 4733 219 2801 1170 32 2619 4604 2083 386 1054 3456 3225 2999 4134 2958 3240 404 4517 1446 3394 3612 481 761 1343 3831 3235 4840 4379 1426 4923 3738 1259 1557 2528 1002 1271 2359 3396 971 3491 2364 3919 3857 2006 1226 1829 2603 1477 3205 2587 2230 21 3427 2221 660 1956 4916 1159 1965 636 948 4007 4856 4625 2354 4348 2205 4372
1874 2931 1883 4520 3017 852 3349 4126 4702 3810 2998 2504 2329 501 583 4405 1422 1229 439 81 40 997 4778 4313 4134 4296 2949 4775 4563 2623 1918 2088 2540 4275 4949 1041 2674 2951 1805 1868 881 442 4670 723 1723 900 324 1613 116 445 3268 1190 3429 4246 4173 423 3471 3607 367 2427 1639 1998 3448 1930 1338 4920 680 708 2188 4913 3491 4260 212 639 1678 1979 2676 671 415 3958
719 1725 2654 794 3405 585 2118 3972 97 102 1344 157 1624 2312 1248 2728 4561 2516 4540 1512 1974 2765 766 1400 2958 2949 808 3369 184 1121 1901 4006 1159 3839 2502 3789 657 2887 4180 1036 1926 4220 2384 1677 2456 2260 140 1986 536 2347 1763 665 2396 199 4753 1494 171 2978 4758 906 1100 2144 1224 4305 4779 2017 4433 328 3507 1030 59 2226 1905 3683 2406 68 2773 3773 4067 4693
4012 817 1258 2009 1763 1563 2913 2404 909 267 337 3535 4708 810 4335 1057 1789 3438 1516 1667 1272 685 206 3895 3240 4775 3369 4659 3318 1618 3287 2254 378 3940 4577 3282 3404 720 2416 2735 2208 2068 625 2805 3486 4220 1499 3425 4573 2238 738 2638 3361 2059 1908 1706 1836 319 3126 711 3773 4254 1798 379 1683 1955 1657 1513 4284 968 164 3063 601 2733 452 842 1578 696 1139 683
1741 67 2046 4010 4977 1175 254 379 3516 4206 2744 2452 2812 3590 3146 1671 38 2352 3084 4057 4171 3335 1607 4994 404 4563 184 3318 1881 800 1243 2562 3607 3267 2008 4915 2328 3478 3316 237 3735 638 2339 1872 2595 3952 3323 4710 2948 130 1288 607 3914 1758 3200 2732 1676 3709 2193 4682 3823 1914 4423 3355 120 1496 3147 3458 76 4216 2424 1329 3963 1648 3352 4161 3467 1704 4461 2968
3805 2894 2026 3276 123 1455 2998 4115 2841 4225 4079 4184 4911 2403 1795 780 4326 639 3448 2703 4688 4823 3284 4199 4517 2623 1121 1618 800 4594 671 3055 1974 3552 937 864 995 3739 4113 4590 4006 3833 2761 2706 3311 3829 769 774 3399 2916 1941 4178 3022 4527 3563 2451 4116 3088 1915 706 2757 3366 296 259 2017 2738 437 697 4954 3022 1110 1970 4771 2566 3488 4811 637 1538 3033 2625
784 4510 786 831 94 1318 2236 411 70 3145 1009 1247 215 83 443 495 766 2271 3070 3359 4899 3277 1738 2024 1446 1918 1901 3287 1243 671 760 906 3869 4002 3912 2117 249 213 2913 1135 2488 1936 2687 2599 1207 2606 1170 772 531 3626 131 22 1160 68 3726 1055 4171 611 3207 2805 426 986 3727 507 261 1210 3882 2752 1023 2852 281 3119 4083 3203 1657 4692 1629 4149 1225 1024
4781 1308 1507 4100 1392 4329 581 4174 4340 3274 2064 3187 3452 472 1817 4232 2566 603 3962 664 1575 1624 1711 31 3394 2088 4006 2254 2562 3055 906 784 450 281 1144 1814 3207 1516 2762 3377 2208 3309 3943 868 1683 2796 1678 1077 3889 1059 1847 2317 923 1228 3657 2965 3001 3650 472 1681 327 1597 4800 4329 4263 1951 4318 2617 305 1525 2688 3560 2141 2771 3705 3271 4292 3597 2273 323
4833 2973 4791 1788 2789 3125 839 1546 3072 2393 1039 2367 3676 3679 2010 1120 1504 3918 918 2163 3509 2261 81 1483 3612 2540 1159 378 3607 1974 3869 450 2011 4263 69 2440 232 626 1889 2382 4003 3387 685 4653 4665 866 1273 4867 3599 1083 2162 565 657 849 3576 4007 2378 3683 3992 2780 1249 387 4266 2273 1542 2925 1972 477 3585 4322 3761 2888 4406 148 3494 4115 3284 1951 4070 4858
1922 1215 3515 4995 4523 2038 3943 4183 3322 2343 2139 2408 705 3115 2578 782 1775 3621 301 653 467 1108 725 4717 481 4275 3839 3940 3267 3552 4002 281 4263 2709 1517 2336 4871 3589 3176 3762 3857 168 3712 2024 4923 4551 1415 3887 2071 2570 4602 1921 3423 4235 4937 3746 2670 966 4963 1712 4847 3907 2812 1587 1435 1393 184 2075 1171 353 115 2480 4459 2614 3253 3780 2507 1344 3010 2057
3567 397 4908 2268 1866 3599 1448 4014 1862 3128 4626 4235 1861 2579 3497 1743 2078 585 4327 1376 2917 1723 4546 2972 761 4949 2502 4577 2008 937 3912 1144 69 1517 677 3145 3923 2932 2137 2602 407 4706 3058 1016 912 3403 2278 1574 2088 1973 4355 28 4456 4357 2681 1527 130 3382 192 4834 3445 366 845 4686 4003 625 3970 2546 1716 3337 2864 4555 3625 2210 2621 1465 4293 3066 1759 4704
4493 2325 3787 979 2508 2128 789 1178 3873 2308 3108 3714 63 2797 3759 41 1945 2386 4149 2574 2921 3800 883 4830 1343 1041 3789 3282 4915 864 2117 1814 2440 2336 3145 1766 3360 435 811 1517 979 2779 1108 4374 2104 1984 4926 4668 1156 4008 1197 4251 1388 303 309 3736 1551 1678 4520 1941 3020 4772 1821 3076 3314 596 379 132 3473 4069 4551 1716 1463 2223 2429 384 531 4511 2604 4358
3344 1221 3667 1408 1403 4349 4418 4465 2050 1848 2852 1760 1720 1910 467 368 2842 1175 3336 2195 4019 1015 2189 4427 3831 2674 657 3404 2328 995 249 3207 232 4871 3923 3360 2305 3163 1645 2307 1054 57 4362 3093 4320 3349 668 86 2085 2192 533 3514 1332 347 1185 2843 4367 3454 3237 2290 3354 971 1633 1988 4514 566 2499 3558 1455 3702 4979 4647 4669 566 1164 4020 270 4234 586 2437
2427 87 2878 1636 3566 4347 4401 1400 3081 2388 4954 3040 1853 527 108 2594 4329 2209 2801 4079 830 673 4432 797 3235 2951 2887 720 3478 3739 213 1516 626 3589 2932 435 3163 4095 2169 1576 1646 781 3374 3710 3164 3950 206 3467 4613 2128 4454 4925 1516 3322 491 3228 4268 4280 2866 2608 1440 1669 4485 3432 4930 3879 2131 2887 1620 2800 3784 3318 3345 4292 4380 4332 1505 3227 4671 1962
3655 3451 554 2986 717 564 4428 1267 1089 3419 4233 3251 128 579 4818 2642 2981 4662 1522 3147 755 1166 2456 12 4840 1805 4180 2416 3316 4113 2913 2762 1889 3176 2137 811 1645 2169 3425 4451 4506 2201 22 4920 4325 3023 3581 3722 917 2474 3171 4601 2798 1275 4356 274 1638 3326 1812 2993 3034 1451 185 2663 2955 1512 3313 688 3518 3219 4586 1470 3879 142 1565 1355 1828 2612 3941 3952
3359 4145 3798 4157 1212 4222 506 2861 642 3872 328 1216 4052 4189 4695 3736 17 3196 3563 3490 2054 4192 3528 1465 4379 1868 1036 2735 237 4590 1135 3377 2382 3762 2602 1517 2307 1576 4451 1654 1348 2892 219 1383 4341 4074 4048 3961 981 2380 1907 1726 2298 3324 1351 1518 4310 623 1407 4083 1050 3515 2096 3524 535 3094 2559 1927 210 1520 680 2223 4924 3028 1615 2987 1073 2152 318 1502
4017 3617 1876 4696 4270 1158 3514 4624 2475 4127 4124 1684 1524 654 188 4437 3508 498 1296 2560 1312 2424 3475 102 1426 881 1926 2208 3735 4006 2488 2208 4003 3857 407 979 1054 1646 4506 1348 1863 959 1405 1272 1626 609 4536 3540 1474 2341 1718 2821 1881 3442 4030 1189 3061 678 769 1408 4361 4372 4925 240 2271 4113 263 3785 4162 392 1160 929 444 4391 1922 2371 295 2056 1625 4250
2893 2964 919 2931 2767 1282 2465 1455 2613 2607 401 3953 53 2006 565 725 2108 4539 2832 1108 1264 1827 724 1879 4923 442 4220 2068 638 3833 1936 3309 3387 168 4706 2779 57 781 2201 2892 959 4173 2618 4479 2663 3317 1540 2149 3862 2767 1697 4800 4189 956 650 1795 4962 2057 912 1511 3158 724 4680 367 3155 2919 1647 1474 2911 4527 143 1066 1871 2430 4517 4904 1953 480 2642 3091
4837 3480 2375 2794 3953 779 3972 3578 1790 3989 2989 1149 2927 2248 553 2932 2760 3485 2703 3761 1391 782 2827 4256 3738 4670 2384 625 2339 2761 2687 3943 685 3712 3058 1108 4362 3374 22 219 1405 2618 1389 1281 305 45 3393 1086 3023 3860 1570 1642 3019 3482 2384 1390 255 2581 746 1062 4034 2417 304 509 1450 801 210 2983 1469 3659 2456 1502 1325 486 445 2579 695 3815 3596 3615
4110 245 3783 2300 1936 3471 1581 1375 218 1133 206 4844 2729 957 4046 4008 4676 87 3041 1174 1098 882 2510 59 1259 723 1677 2805 1872 2706 2599 868 4653 2024 1016 4374 3093 3710 4920 1383 1272 4479 1281 2667 4174 4536 3683 584 1730 4312 2689 3848 1017 896 3681 2805 3262 4575 276 1773 2925 961 3035 2216 3971 1405 358 3268 3255 1263 2741 577 4720 4444 576 3865 2693 3777 954 4162
4111 3055 3853 4336 4756 3993 368 2520 4107 2589 1453 326 1642 1354 1068 4290 2644 4770 4294 1407 4323 317 2888 4737 1557 1723 2456 3486 2595 3311 1207 1683 4665 4923 912 2104 4320 3164 4325 4341 1626 2663 305 4174 1194 4736 4344 3220 2571 3126 1716 4803 4051 2680 4518 1955 1881 4072 4577 3917 2681 3896 3202 2990 1350 4647 2703 192 1594 4340 1242 338 4484 4648 2347 1406 2331 1299 3711 4504
1202 483 1991 4054 3959 4438 3013 4794 4773 1708 3865 3308 3056 3397 112 2559 3187 1938 345 3620 710 4483 2088 3681 2528 900 2260 4220 3952 3829 2606 2796 866 4551 3403 1984 3349 3950 3023 4074 609 3317 45 4536 4736 1078 4443 2208 4866 859 4411 2860 155 1234 515 3430 985 4861 4282 1874 1139 545 2884 4526 233 4681 4638 2009 4874 1568 4061 104 3242 232 4634 3920 2014 4665 4550 4464
2550 4819 3232 2775 2078 1681 2987 3959 417 2302 3506 435 118 1023 2561 2025 1321 4161 1068 1356 2520 1640 684 4400 1002 324 140 1499 3323 769 1170 1678 1273 1415 2278 4926 668 206 3581 4048 4536 1540 3393 3683 4344 4443 1768 4324 2357 3840 357 3307 53 571 1965 2963 4774 1336 283 2685 827 4088 57 2736 3539 4409 134 3951 85 1781 4469 4629 3590 4078 1033 2371 238 3109 3253 4743
946 566 928 2644 1376 2916 2620 3236 3311 2435 2236 1282 664 1280 1387 1428 2501 2796 4668 1676 1944 2196 2801 56 1271 1613 1986 3425 4710 774 772 1077 4867 3887 1574 4668 86 3467 3722 3961 3540 2149 1086 584 3220 2208 4324 3428 1310 3930 2629 2392 2778 1195 577 4157 921 2471 695 3520 931 3185 227 152 3902 3778 1821 3520 2248 3801 3685 4991 2299 1130 3142 2199 1900 3508 3499 4050
2050 2775 702 3530 4807 490 101 3393 754 159 943 2051 2905 3087 1894 1544 382 1217 2023 11 3526 2816 3750 2306 2359 116 536 4573 2948 3399 531 3889 3599 2071 2088 1156 2085 4613 917 981 1474 3862 3023 1730 2571 4866 2357 1310 3073 1009 447 3878 4052 1330 1759 4718 1255 1462 2591 1007 1298 990 2780 1797 578 3690 4042 2843 2107 2398 446 2436 552 651 2928 2624 295 2406 1188 2390
161 1716 2780 736 4442 3359 1301 3723 1645 328 325 839 1871 4190 332 2537 304 4602 3188 4668 2431 1742 4080 2847 3396 445 2347 2238 130 2916 3626 1059 1083 2570 1973 4008 2192 2128 2474 2380 2341 2767 3860 4312 3126 859 3840 3930 1009 3188 4989 1568 1991 1029 3244 708 4780 2394 2521 1320 2777 871 1490 4534 3092 3412 1938 688 23 2770 1294 1038 2513 1431 1208 1710 2870 602 4291 1584
3275 2012 2932 2896 2011 1072 2110 1090 1278 4124 490 4862 4665 4308 2724 4696 3670 3420 819 1604 1120 2847 2091 4502 971 3268 1763 738 1288 1941 131 1847 2162 4602 4355 1197 533 4454 3171 1907 1718 1697 1570 2689 1716 4411 357 2629 447 4989 4396 803 2689 16 1705 2377 1886 3965 677 1905 3478 1229 4801 752 3966 1522 3411 4357 1361 2699 4440 791 2435 2978 77 1403 3379 2245 3976 3761
507 428 2566 4696 1297 4195 3225 3509 4414 4047 3737 510 4027 330 2392 3617 4284 450 4115 3263 4744 2646 1619 1092 3491 1190 665 2638 607 4178 22 2317 565 1921 28 4251 3514 4925 4601 1726 2821 4800 1642 3848 4803 2860 3307 2392 3878 1568 803 4478 605 4503 2286 562 1657 599 4517 2167 3738 689 4677 1958 21 45 551 500 2441 1043 254 4738 3925 1366 676 1218 3339 362 1656 1107
4326 4497 3291 171 2555 2185 3856 4129 3581 891 1084 4881 2608 3769 4876 3504 4005 2630 4431 2854 4856 3559 2728 2793 2364 3429 2396 3361 3914 3022 1160 923 657 3423 4456 1388 1332 1516 2798 2298 1881 4189 3019 1017 4051 155 53 2778 4052 1991 2689 605 4088 3155 2781 4123 410 4587 1396 981 1545 1107 3276 1659 633 756 3849 133 3635 2327 4421 805 1108 2445 1109 2300 3276 1327 4657 2846
1530 1779 346 413 4452 3530 264 1422 4376 587 3167 1220 3395 2425 2124 247 4570 3102 2543 4110 1716 4550 3200 1062 3919 4246 199 2059 1758 4527 68 1228 849 4235 4357 303 347 3322 1275 3324 3442 956 3482 896 2680 1234 571 1195 1330 1029 16 4503 3155 4636 1062 1193 3141 3739 1744 2902 4377 3174 115 2105 1396 4720 4379 1626 4424 3578 4228 4755 1979 1518 658 1262 2659 4198 1514 1285
2250 169 3825 3704 1216 2257 581 1421 2145 2684 2672 952 2437 4149 3169 1259 2869 4257 1893 4662 2607 2180 1284 262 3857 4173 4753 1908 3200 3563 3726 3657 3576 4937 2681 309 1185 491 4356 1351 4030 650 2384 3681 4518 515 1965 577 1759 3244 1705 2286 2781 1062 1301 2850 2633 4146 485 3750 4591 4968 85 2903 2553 3545 570 4659 2700 2689 2135 861 3023 715 4426 3101 275 4593 84 508
980 1722 2047 1891 4968 4631 2025 1776 2525 733 4707 3800 4647 4146 2350 427 1477 712 2030 1948 4581 108 2390 4441 2006 423 1494 1706 2732 2451 1055 2965 4007 3746 1527 3736 2843 3228 274 1518 1189 1795 1390 2805 1955 3430 2963 4157 4718 708 2377 562 4123 1193 2850 3597 3646 2325 720 3229 100 3070 1450 4383 1865 1219 2814 4361 3848 238 1462 3521 1085 1937 4162 3426 2474 775 449 118
3593 4497 270 4695 121 1603 626 4568 3951 951 4505 246 340 2126 2563 367 4135 4222 4619 4625 4632 1969 3649 1585 1226 3471 171 1836 1676 4116 4171 3001 2378 2670 130 1551 4367 4268 1638 4310 3061 4962 255 3262 1881 985 4774 921 1255 4780 1886 1657 410 3141 2633 3646 2015 364 1238 1697 2545 4360 1062 4488 3278 1465 4277 4996 589 2077 2823 4020 1594 4013 2065 4629 997 1500 809 2639
593 2028 803 684 3268 3538 1808 777 4714 765 1907 3372 4968 659 2251 1715 4160 4170 1481 429 1846 2214 2409 4048 1829 3607 2978 319 3709 3088 611 3650 3683 966 3382 1678 3454 4280 3326 623 678 2057 2581 4575 4072 4861 1336 2471 1462 2394 3965 599 4587 3739 4146 2325 364 1436 4306 2376 3102 699 2074 2947 567 67 2844 1841 4971 1091 4369 913 3763 352 2806 1097 2485 1464 449 3164
3961 109 1313 4025 1950 619 3753 2691 4072 4903 1912 1049 2930 4018 2478 1461 4484 4836 507 2284 2331 4222 1187 4259 2603 367 4758 3126 2193 1915 3207 472 3992 4963 192 4520 3237 2866 1812 1407 769 912 746 276 4577 4282 283 695 2591 2521 677 4517 1396 1744 485 720 1238 4306 2232 4119 1859 2046 2679 2761 789 2307 3298 1128 1089 2797 503 4240 1831 1995 2059 1116 2611 900 2784 1322
4283 2161 1957 2705 4703 4363 2656 3420 1197 1389 149 1324 4006 2504 4883 3489 4521 635 2873 1152 1514 4105 1454 4725 1477 2427 906 711 4682 706 2805 1681 2780 1712 4834 1941 2290 2608 2993 4083 1408 1511 1062 1773 3917 1874 2685 3520 1007 1320 1905 2167 981 2902 3750 3229 1697 2376 4119 2267 1986 3029 2408 4734 3282 3553 1691 63 1622 2428 1258 4809 833 915 243 1323 1927 4174 4543 963
739 2409 1864 4358 1469 1211 4367 2419 3994 4110 4194 92 4905 3264 4304 4228 3235 4170 4510 4295 2561 45 3954 2800 3205 1639 1100 3773 3823 2757 426 327 1249 4847 3445 3020 3354 1440 3034 1050 4361 3158 4034 2925 2681 1139 827 931 1298 2777 3478 3738 1545 4377 4591 100 2545 3102 1859 1986 2227 3557 2244 2344 2888 551 4972 2846 2494 4939 3158 1626 1369 2470 3053 3200 3305 3555 2876 4091
803 3683 1084 1050 3832 1629 2788 3811 3212 1537 3146 4828 4093 1270 1312 507 1302 4657 3160 3979 4877 102 261 196 2587 1998 2144 4254 1914 3366 986 1597 387 3907 366 4772 971 1669 1451 3515 4372 724 2417 961 3896 545 4088 3185 990 871 1229 689 1107 3174 4968 3070 4360 699 2046 3029 3557 1376 3530 270 4138 3075 4507 2074 581 3702 2329 548 2553 3576 62 3580 2193 1780 1218 3864
2698 4273 4732 4561 1235 2793 3392 1686 786 391 4309 2837 3869 1420 3406 1842 4438 4831 2472 2477 437 4309 3495 1134 2230 3448 1224 1798 4423 296 3727 4800 4266 2812 845 1821 1633 4485 185 2096 4925 4680 304 3035 3202 2884 57 227 2780 1490 4801 4677 3276 115 85 1450 1062 2074 2679 2408 2244 3530 2397 897 1665 159 3625 2816 1504 959 2307 1909 2551 3958 3036 1830 3427 4250 1734 3628
3749 4305 2843 2121 4904 1414 3421 4173 4242 4164 4806 1872 515 2625 1016 3313 2949 2254 4300 4734 3314 4407 4413 1411 21 1930 4305 379 3355 259 507 4329 2273 1587 4686 3076 1988 3432 2663 3524 240 367 509 2216 2990 4526 2736 152 1797 4534 752 1958 1659 2105 2903 4383 4488 2947 2761 4734 2344 270 897 1241 1317 4368 3864 4942 3894 904 4705 3910 1079 1247 2805 1434 3128 4704 56 4763
2711 1195 3579 3433 2159 350 346 425 219 2783 4414 955 934 3772 2899 1855 3756 227 3568 1105 2218 3292 3159 818 3427 1338 4779 1683 120 2017 261 4263 1542 1435 4003 3314 4514 4930 2955 535 2271 3155 1450 3971 1350 233 3539 3902 578 3092 3966 21 633 1396 2553 1865 3278 567 789 3282 2888 4138 1665 1317 3141 911 3369 1914 2918 273 2875 4841 2088 2911 4819 2813 2028 1492 3368 2261
1665 3472 4915 3926 1336 2891 1694 3023 4994 2275 3579 1351 4647 2447 123 3762 2998 2799 2785 694 1265 3356 1515 3480 2221 4920 2017 1955 1496 2738 1210 1951 2925 1393 625 596 566 3879 1512 3094 4113 2919 801 1405 4647 4681 4409 3778 3690 3412 1522 45 756 4720 3545 1219 1465 67 2307 3553 551 3075 159 4368 911 594 3965 1242 2758 236 4693 3995 1514 1272 3626 965 3050 2053 309 2815
2158 1631 1871 4605 1531 1113 4744 1970 4829 42 1161 3445 4849 4085 4395 1908 2590 2833 1790 3933 3273 3238 3226 3718 660 680 4433 1657 3147 437 3882 4318 1972 184 3970 379 2499 2131 3313 2559 263 1647 210 358 2703 4638 134 1821 4042 1938 3411 551 3849 4379 570 2814 4277 2844 3298 1691 4972 4507 3625 3864 3369 3965 322 3773 4493 1785 1834 1892 646 4258 3494 1166 1474 4763 3495 516
2442 3260 1989 931 2157 3010 2141 113 3241 3658 4713 1947 2284 4457 4718 3392 1954 983 2937 1951 2425 3429 4327 4622 1956 708 328 1513 3458 697 2752 2617 477 2075 2546 132 3558 2887 688 1927 3785 1474 2983 3268 192 2009 3951 3520 2843 688 4357 500 133 1626 4659 4361 4996 1841 1128 63 2846 2074 2816 4942 1914 1242 3773 112 4357 3307 4201 4974 2768 1279 1352 2035 3517 1487 3741 2554
1973 3358 1500 2733 2092 2847 4248 44 2674 1267 1362 111 1523 2718 3176 630 4561 4341 1698 1861 3520 4038 1307 721 4916 2188 3507 4284 76 4954 1023 305 3585 1171 1716 3473 1455 1620 3518 210 4162 2911 1469 3255 1594 4874 85 2248 2107 23 1361 2441 3635 4424 2700 3848 589 4971 1089 1622 2494 581 1504 3894 2918 2758 4493 4357 3412 668 4211 1221 4842 3888 2677 4554 2523 2825 3789 2763
1100 4814 3070 2715 4991 1623 332 2696 1959 4884 444 1311 1499 1530 781 3949 223 1651 2916 3133 1684 760 1835 4213 1159 4913 1030 968 4216 3022 2852 1525 4322 353 3337 4069 3702 2800 3219 1520 392 4527 3659 1263 4340 1568 1781 3801 2398 2770 2699 1043 2327 3578 2689 238 2077 1091 2797 2428 4939 3702 959 904 273 236 1785 3307 668 2319 1330 4125 443 3352 4015 1603 4874 3920 1773 2346
3597 188 2509 4140 4760 2464 4147 1896 2462 1364 1589 2987 60 1454 1660 2981 4142 151 4461 1061 3928 3623 774 3862 1965 3491 59 164 2424 1110 281 2688 3761 115 2864 4551 4979 3784 4586 680 1160 143 2456 2741 1242 4061 4469 3685 446 1294 4440 254 4421 4228 2135 1462 2823 4369 503 1258 3158 2329 2307 4705 2875 4693 1834 4201 4211 1330 948 3752 1421 4093 3977 3830 3615 4944 26 1337
2507 3263 4087 1695 3159 2647 3332 4495 3556 2084 3799 456 1292 2117 462 3184 3307 4588 4042 41 4145 2448 443 560 636 4260 2226 3063 1329 1970 3119 3560 2888 2480 4555 1716 4647 3318 1470 2223 929 1066 1502 577 338 104 4629 4991 2436 1038 791 4738 805 4755 861 3521 4020 913 4240 4809 1626 548 1909 3910 4841 3995 1892 4974 1221 4125 3752 2470 2787 3395 731 1383 2341 523 3931 4575
4238 3013 2391 4137 4064 3656 4339 248 2430 2435 202 4367 2289 1110 1000 578 953 3357 4242 4990 3895 4794 989 29 948 212 1905 601 3963 4771 4083 2141 4406 4459 3625 1463 4669 3345 3879 4924 444 1871 1325 4720 4484 3242 3590 2299 552 2513 2435 3925 1108 1979 3023 1085 1594 3763 1831 833 1369 2553 2551 1079 2088 1514 646 2768 4842 443 1421 2787 1385 4811 3602 3333 3557 222 562 4458
2115 1282 1151 4994 3697 361 1705 3879 4128 4952 4411 1383 388 3094 2834 4986 4931 4355 4484 4765 972 1500 3029 1554 4007 639 3683 2733 1648 2566 3203 2771 148 2614 2210 2223 566 4292 142 3028 4391 2430 486 4444 4648 232 4078 1130 651 1431 2978 1366 2445 1518 715 1937 4013 352 1995 915 2470 3576 3958 1247 2911 1272 4258 1279 3888 3352 4093 3395 4811 3810 2431 4421 1420 3410 3411 2451
33 2150 2926 615 3279 4913 2633 3682 3516 867 4753 2146 2734 122 522 3526 1192 4501 3425 4565 2511 327 3152 4512 4856 1678 2406 452 3352 3488 1657 3705 3494 3253 2621 2429 1164 4380 1565 1615 1922 4517 445 576 2347 4634 1033 3142 2928 1208 77 676 1109 658 4426 4162 2065 2806 2059 243 3053 62 3036 2805 4819 3626 3494 1352 2677 4015 3977 731 3602 2431 1710 1111 612 3373 1018 496
299 1574 4330 1891 3461 4914 2506 855 32 1721 825 4836 2896 312 2441 2155 1339 484 2497 104 2232 4254 4129 1859 4625 1979 68 842 4161 4811 4692 3271 4115 3780 1465 384 4020 4332 1355 2987 2371 4904 2579 3865 1406 3920 2371 2199 2624 1710 1403 1218 2300 1262 3101 3426 4629 1097 1116 1323 3200 3580 1830 1434 2813 965 1166 2035 4554 1603 3830 1383 3333 4421 1111 1293 1284 2482 1025 3853
4493 3938 929 82 1668 2800 551 304 396 4253 4586 3019 4055 4487 1298 2804 3640 4400 1914 696 147 2625 1326 1526 2354 2676 2773 1578 3467 637 1629 4292 3284 2507 4293 531 270 1505 1828 1073 295 1953 695 2693 2331 2014 238 1900 295 2870 3379 3339 3276 2659 275 2474 997 2485 2611 1927 3305 2193 3427 3128 2028 3050 1474 3517 2523 4874 3615 2341 3557 1420 612 1284 1141 934 2648 4900
2061 3241 2735 4745 2860 1630 4553 3836 2757 759 4475 4262 3749 4275 2532 4772 4933 2269 3916 1460 3683 3918 4020 2134 4348 671 3773 696 1704 1538 4149 3597 1951 1344 3066 4511 4234 3227 2612 2152 2056 480 3815 3777 1299 4665 3109 3508 2406 602 2245 362 1327 4198 4593 775 1500 1464 900 4174 3555 1780 4250 4704 1492 2053 4763 1487 2825 3920 4944 523 222 3410 3373 2482 934 4420 3142 165
4079 4700 4672 112 4974 1583 3498 2514 3398 3364 2882 4364 2378 3170 1950 1774 108 2792 4401 1867 3929 1350 450 1088 2205 415 4067 1139 4461 3033 1225 2273 4070 3010 1759 2604 586 4671 3941 318 1625 2642 3596 954 3711 4550 3253 3499 1188 4291 3976 1656 4657 1514 84 449 809 449 2784 4543 2876 1218 1734 56 3368 309 3495 3741 3789 1773 26 3931 562 3411 1018 1025 2648 3142 1266 138
969 57 3726 4953 3273 3421 2753 4543 1466 3265 2306 3576 3909 278 181 4058 1292 3711 2423 1992 3981 535 2264 864 4372 3958 4693 683 2968 2625 1024 323 4858 2057 4704 4358 2437 1962 3952 1502 4250 3091 3615 4162 4504 4464 4743 4050 2390 1584 3761 1107 2846 1285 508 118 2639 3164 1322 963 4091 3864 3628 4763 2261 2815 516 2554 2763 2346 1337 4575 4458 2451 496 3853 4900 165 138 3413
