N: 200
M: 90
Symmetric: true
Triangle: false
3 20 67 57
1 8
3 70 135 54
2 45 170
1 125
1 23
3 6 113 156
4 83 9 112 51
1 180
2 166 145
1 18
1 123
2 109 168
2 187 126
1 60
3 15 100 186
3 110 102 95
3 21 149 50
1 138
2 88 159
3 198 77 141
3 173 58 52
1 27
1 124
2 7 101
3 117 182 143
1 165
1 93
3 147 72 196
3 150 28 62
2 12 90
2 189 163
4 46 144 35 103
2 86 84
4 118 63 87 120
2 29 24
2 34 146
3 111 130 129
1 38
2 26 172
3 17 39 142
2 181 194
2 160 48
3 89 119 183
2 155 59
2 49 199
2 61 55
2 176 161
5 13 66 64 192 153
1 134
4 175 2 3 31
1 80
2 132 71
1 75
2 193 10
3 188 154 162
3 179 108 94
3 171 41 127
2 74 92
3 164 158 1
3 82 197 47
1 30
3 56 16 4
5 140 114 174 85 133
1 68
2 32 78
4 195 191 128 43
2 25 104
2 40 107
4 190 76 115 106
1 185
2 96 33
3 65 157 37
1 97
3 42 105 79
2 5 53
2 22 137
2 69 36
1 136
2 167 99
2 11 91
2 177 14
1 122
1 81
3 178 131 184
4 116 139 200 121
3 73 152 19
1 169
3 148 151 44
1 98
1865 1842 3876 4682 2399 1459 4294 1349 2029 461 4553 826 2245 915 3771 4810 921 1706 413 4676 2314 4664 1277 3928 1956 195 4705 2056 2418 4079 3801 2557 3308 1370 815 3485 1198 4658 2369 3189 1082 2173 1467 3034 2195 3979 1238 484 2754 4294 4065 1825 2213 3755 540 2498 4071 3436 64 1261 2337 3620 4433 4958 4759 3846 4265 1808 1088 2686 2690 3442 3342 1644 2325 208 1278 2885 4866 4035 2606 2702 2922 4404 1287 4667 1388 4277 1125 882 4409 2233 1596 3797 2428 3668 2925 4309 173 2964 1394 1160 4861 593 1259 3513 3889 611 256 2857 1448 746 3695 1227 3016 3089 2421 4106 1836 3509 2075 510 4546 3715 1816 968 690 2210 4288 4648 2003 3249 1711 3725 38 1601 1716 1815 1664 2254 3017 222 1611 3763 4407 1660 4307 1171 1261 4972 1963 916 1116 2463 1099 3702 4865 2950 59 4940 3018 4946 1186 4728 3448 4187 2106 2100 674 2260 3199 2339 4762 983 2009 4405 3521 2676 958 4287 4383 815 4791 4514 1611 677 1082 1517 1480 2298 52 4178 4107 3335 584 972 1375 4293 2895 4591
1842 3380 4488 2957 2313 3751 2835 2118 1854 4385 1442 1991 471 1003 2289 1002 872 3360 3096 1771 337 2428 1932 4565 2071 604 4854 3524 1115 2165 335 2751 239 4067 2426 3098 675 3311 1950 2910 2930 1798 2033 3973 4494 1884 1368 3462 502 205 902 971 2977 3717 340 696 482 1902 3483 3992 631 2583 681 4989 4949 4363 1928 4346 1069 3356 4163 4173 3483 2448 4707 897 3220 2588 3023 4291 3095 560 2729 4501 158 2736 1704 3908 851 2880 4563 2733 3820 936 2031 1438 1859 172 4125 2295 1981 598 2855 310 2295 4519 378 3711 3125 2865 4478 1435 4515 2331 1259 4734 17 3684 3372 3896 3342 3573 1500 1979 1062 4915 163 1207 3940 22 2332 1542 182 960 325 454 583 2471 1556 1124 119 546 2394 1270 2510 3473 2687 3715 2446 655 4403 2371 3119 1712 3793 1609 1390 467 4778 4677 1803 1037 3912 4702 4525 3423 68 1027 4194 2316 4445 394 3580 3026 4455 1078 3474 4282 3384 2938 1075 4897 38 1576 2718 3164 1990 4957 1866 3571 4636 4226 4844 1297 2208 3604 4619 2291 2285 2586
3876 4488 3084 1498 4645 2830 3600 837 4909 2304 4650 3641 3024 4986 2646 1866 2379 4737 4831 4672 1597 4535 389 1400 2773 4534 2887 149 3527 2710 95 4478 714 3544 4870 3162 292 4307 1220 2381 1181 2930 3896 4749 3292 3435 1151 1040 2507 4499 1788 2380 3924 594 4814 4424 3205 1200 3876 2702 2976 4633 972 3657 926 4439 1459 4083 2691 195 4402 4087 2083 3381 4715 4041 4978 4480 4058 2477 1617 2697 858 4919 4127 3034 3810 607 3136 2689 4261 3881 4925 3498 688 1751 1191 2699 2675 2470 679 1168 4889 2472 3589 3640 1220 3853 3775 721 1556 1987 914 1892 4218 4348 2600 698 2736 4385 3234 2630 4970 2972 1152 1876 1795 4562 287 1635 2675 4756 3161 1926 600 383 1397 1044 3187 1645 2606 4440 753 4351 4394 4076 3464 1685 1040 1542 930 3615 2225 1646 3592 3043 3195 111 2516 2507 2474 3862 2938 1232 212 4302 4662 1730 1576 523 1887 4839 4887 960 1975 3367 3892 1514 918 1515 3602 4389 3533 4557 4782 1668 2257 626 3259 2177 4965 958 3830 2099 2226 3457 1139 2088 3307 4492
4682 2957 1498 2711 2195 2504 4851 4806 3148 1785 119 345 1241 89 3990 936 3340 1232 4577 3348 4448 4131 2461 4762 2196 4323 4139 4311 3140 2556 2667 4334 3040 4247 4830 1825 1927 3859 1764 610 1332 3157 3072 4849 3185 3152 1311 2378 4711 1323 4837 4388 4199 460 964 3665 1241 120 3624 2898 3102 2161 933 4265 3034 2466 1735 4484 2383 4551 4498 4162 2846 2683 4322 4626 2955 1763 3734 2095 2643 1362 2129 709 4078 747 881 405 2331 1093 1635 963 617 1623 2726 1742 3135 2578 2752 398 2743 3808 371 968 2443 1338 598 3951 4087 4906 4374 4023 3421 4877 4116 2841 4836 174 1314 1125 3109 3475 627 2871 2849 3406 3924 2888 1206 4280 1872 1949 3116 3410 4879 1080 3641 1116 3575 2752 2400 3213 544 496 1622 3183 228 4467 1905 4134 2702 3529 4908 69 3508 4785 2657 2453 3898 3509 835 2719 70 1177 4852 731 4634 4729 252 134 3639 4290 387 2182 1064 1110 92 4275 4371 2365 4933 2743 2742 3855 706 839 3353 2933 2478 2692 1772 1504 1420 4280 1409 4299 4782 4671 3538 2139
2399 2313 4645 2195 1600 4359 4737 4541 3490 4452 4531 4721 2431 496 3316 1765 293 3788 1995 4345 418 2058 1936 1615 3893 2869 3478 969 2563 233 989 1287 2200 3703 1322 1212 4271 1768 4219 573 3561 3791 3568 3756 933 3371 555 3536 1870 1859 1395 2551 4631 1945 2514 3516 3150 1438 1637 2572 1324 3627 1580 2427 2107 468 4499 4396 365 1818 3205 2285 4301 1224 4330 4741 4361 2118 4929 668 2274 3192 3331 3693 1257 4260 2915 3198 337 4066 3082 4242 4702 4186 2773 1051 154 511 3189 4221 4056 4585 2385 1185 3358 587 56 2098 2545 162 3848 1794 4745 2658 4398 3798 1466 2210 2218 3740 3459 1924 680 893 3213 1793 4153 1839 4168 4485 4583 4986 4435 85 4485 4800 1960 3884 2636 2398 2663 1193 4577 3354 4161 1977 2802 1123 328 3513 933 3585 2519 659 2994 4836 4052 4562 4253 558 4964 508 872 786 1131 4962 1909 3231 3418 183 3004 4119 3431 3725 447 1061 297 1220 1027 4557 4959 1507 3627 833 1671 2467 1955 4960 3950 4344 923 3537 1703 427 2325 4152 3503 3639 1917 1706
1459 3751 2830 2504 4359 4407 344 227 3504 4371 2840 1636 4667 3706 3415 4994 1964 3073 4696 2258 3865 2823 3954 2589 3088 989 3042 2663 3706 761 2203 2843 3106 4942 2989 2042 1356 4476 950 1018 3481 1453 3578 4570 1158 345 1310 2278 4988 1017 2909 4313 1922 1634 3585 4903 4085 2118 4230 3937 4526 602 4295 3395 3793 2143 3761 2674 59 1596 4477 2483 2091 4087 4352 120 3449 4991 55 3335 1760 3462 1689 1452 999 4326 3913 2828 461 1482 1364 3511 2247 4593 1819 4024 41 1753 3099 1323 2281 44 402 3539 2158 1483 813 3636 2999 2223 3992 4568 194 1908 155 4288 3094 1970 3949 3708 924 4716 596 1696 2450 4204 1220 3107 3897 4127 4063 1564 839 559 289 2236 4505 3791 3392 1824 956 3040 4603 3910 1188 1842 2801 3409 2422 1866 3680 1811 453 3239 1173 1912 2415 583 2071 3445 2368 3570 763 1043 671 3515 3980 2989 4902 1713 1152 1231 2604 2307 3338 4783 455 1226 404 519 2615 1595 3802 2874 2970 2947 2473 3102 2220 2654 2081 2262 2499 2206 2902 1062 3846 1055 1690 4635
4294 2835 3600 4851 4737 344 3448 2652 2579 472 267 3314 3175 1677 2235 1996 213 3913 2923 1419 1429 1717 3061 1578 1223 411 4643 1623 280 4919 4879 3859 1711 3414 685 1971 4800 1909 2240 1732 992 204 3567 4831 2527 1718 271 1342 4891 815 533 447 4532 943 2469 4475 3573 3325 3794 3543 4026 1283 3678 4817 209 1504 1292 954 1786 4943 1052 4432 1212 734 4088 381 3197 3649 2004 901 4570 3727 4673 3329 1221 3160 4199 4572 1007 1128 2863 4757 4490 4548 2755 1492 2266 1515 4283 3802 1922 3131 3156 2460 3767 217 3028 529 630 2276 2369 1433 625 2746 4643 290 904 2300 772 4843 2789 1853 3989 3475 3155 2847 224 2725 2493 2189 1514 1055 4377 69 3098 816 4446 438 2927 213 503 1344 617 2875 407 2882 3303 4019 2096 3509 308 2261 1340 3344 4906 3839 2358 1392 3014 4118 2876 4044 2172 4943 2717 896 1145 4611 4709 2038 1264 1329 4692 140 1946 1176 2034 4023 2392 289 232 4165 1531 2898 3940 1217 3497 1762 1573 979 4985 4199 2830 2973 3374 3483 1557 434 4733 1827
1349 2118 837 4806 4541 227 2652 3342 270 4879 1015 12 1666 1796 4265 754 3863 4065 499 4548 4746 2886 2772 995 308 793 1298 1845 4040 4385 3093 164 886 2240 2520 1468 4016 2171 4224 4723 3710 3911 853 2453 4923 2710 3261 4857 3678 1369 4906 2369 345 3543 3917 4521 2727 2068 1577 2331 3525 1369 1877 2892 4295 2059 3379 4057 954 2227 2731 3509 978 3549 2408 4757 3420 3093 4347 2080 4049 3138 3843 1759 1386 1047 4413 565 1203 4806 3847 4142 4593 2370 2297 4578 1480 447 997 1496 1716 3544 997 4971 1871 3603 425 134 88 3770 3103 2164 2911 1318 3134 2665 4938 1625 3400 1619 134 658 3500 4331 1422 4395 3612 1170 480 267 4836 4771 1632 3237 3603 1446 46 2300 2191 2786 1526 935 1278 4262 4423 4884 2146 4065 2844 2961 1605 1952 433 3839 562 813 1178 1412 1955 826 773 2585 2173 4358 2598 4066 1343 554 2794 809 139 3819 4645 3947 3207 3147 105 3879 826 4696 327 1732 3077 2084 3138 4225 4339 4668 1360 303 2400 767 2282 2995 4115 4505 3072 478 3080 3432
2029 1854 4909 3148 3490 3504 2579 270 1939 483 2048 3080 1056 3686 2345 2314 3643 2073 450 2294 1773 1575 3103 3787 2882 1780 1379 527 441 1253 3200 2237 2553 2336 4798 4011 4339 997 3588 4559 861 3249 4594 2077 3476 887 415 3969 4361 4449 1392 4410 391 2739 400 365 1409 1993 562 3899 1499 3059 2436 2283 450 2458 2538 1276 4581 550 1923 4849 3873 3114 1867 1227 666 4163 3517 1268 4290 3341 4486 3794 507 1654 3060 3340 4453 3174 3912 2231 3786 2479 2192 4193 3156 2394 2197 2795 1550 2981 536 342 1031 1492 3704 3565 3768 1242 3903 1651 3559 892 337 3681 2150 2828 4874 4233 4631 3003 1585 3019 2928 2788 1700 3056 4386 78 319 3342 2000 2916 3342 3286 15 3259 3039 83 40 554 602 3027 3592 2446 453 2507 4468 2382 485 4479 692 4281 1371 3934 4686 3488 1609 3398 1924 4919 1859 930 472 1920 4876 1752 1463 242 1768 3650 805 1809 1514 3834 3596 4672 3059 3089 3571 2587 2347 2688 4826 4910 1979 905 1275 1642 2069 307 1461 2099 1592 800 1109 4478 3554 3923
461 4385 2304 1785 4452 4371 472 4879 483 422 2369 3612 2359 1049 2527 4309 248 3067 814 221 2793 1811 3440 1746 4462 69 907 2162 1817 1475 3340 1858 3606 2420 657 2426 2480 3685 4666 3212 345 3768 2502 3168 4073 1913 4789 4860 4028 3619 2474 3453 1135 3145 3009 1993 4397 4590 1396 4764 4087 2581 1353 1998 2746 63 4756 174 4479 970 2818 4017 225 3862 4986 2301 4591 4482 3186 78 1818 1880 809 4226 910 4979 2181 3364 2709 3839 1782 131 904 4713 3380 1888 4308 3917 4425 825 2909 3486 691 3855 4295 4610 2812 978 4584 2105 402 2993 2575 985 977 3114 128 4354 606 1412 3211 3556 1573 954 1926 825 3799 3301 2818 817 2994 1772 3867 2464 2793 2835 3142 3059 4206 2092 665 4971 4752 2792 1305 4292 2537 3896 3755 774 4863 979 4637 37 2790 3300 207 238 266 3708 2073 253 1119 1457 3858 4804 3805 2181 1266 4327 410 1855 302 3556 2487 1509 241 3227 2326 330 256 4836 1952 2091 3159 4549 1978 2498 3980 3391 4622 3434 1673 4251 3575 4621 3803 866 1053 1842
4553 1442 4650 119 4531 2840 267 1015 2048 2369 298 4033 4393 1846 4796 3219 305 3210 2365 1620 2801 582 1554 4731 2426 1498 1629 644 4916 518 894 3743 791 4063 1233 1166 3095 4713 3290 2445 4930 584 895 912 4696 1721 2460 2567 3823 434 798 148 1901 866 1495 2285 3153 1048 2912 494 2494 1271 4207 3979 3768 2858 311 3081 619 3837 254 914 2574 4316 4871 673 1551 2202 4872 3589 3489 1495 943 4693 4891 565 4264 1116 592 472 270 3754 524 358 3413 2537 1757 2511 3667 1120 4879 558 2529 3447 1324 815 4026 1435 860 508 3134 2788 4390 711 2394 2774 3758 653 747 344 3104 2980 34 4526 3451 3589 1398 2809 1674 4255 2061 3065 3278 4568 4079 1921 4818 1520 3893 4466 3725 4694 2593 2585 784 100 314 3133 4622 4254 3127 3616 733 2169 4947 1436 1896 1920 2732 1680 4812 1255 2475 1682 3500 1838 3912 1897 2048 938 2856 2655 4640 3307 4555 678 850 2020 2934 1026 1891 1061 3135 3038 473 777 3456 1726 3076 2182 305 4728 353 277 669 2182 2017 3756 4519 4908
826 1991 3641 345 4721 1636 3314 12 3080 3612 4033 2693 2260 816 4344 3079 4485 3840 4778 3364 4112 1259 857 3028 2186 157 2357 3761 3197 2258 456 4800 1699 1643 1757 2602 4986 1099 3774 2984 2861 1973 1589 28 1083 91 2238 1036 1574 2162 1495 4587 3536 1441 1738 2863 358 2466 2582 2066 1539 2601 3690 1122 3109 3590 167 468 4460 3750 750 716 1312 4065 3350 1814 3243 3578 931 2230 3924 4657 3582 4808 681 782 1714 867 715 1780 274 4426 3202 1244 3107 2049 3551 3144 1209 4360 1599 2417 524 2868 2076 154 4839 2594 762 1475 3366 3839 4566 2956 2602 3758 1474 3489 197 1152 557 613 3565 3301 2610 910 1528 3846 2090 805 1603 3477 4999 4184 2014 2113 1589 3684 2159 2006 1620 2592 1398 4392 2146 3869 4684 1645 3387 122 4869 4162 2528 4540 3934 4411 2092 2123 435 1842 1117 4492 1021 789 237 2653 3167 2821 540 3492 3819 3507 502 1964 1327 3947 2862 4140 672 2154 2462 1643 2210 212 2854 811 1555 3947 1700 2192 1371 1275 1357 3048 353 2631 407 437 2166 1120
2245 471 3024 1241 2431 4667 3175 1666 1056 2359 4393 2260 3045 4935 4733 2924 4828 3432 4025 2566 1489 3072 2709 1236 1200 3254 3327 1362 1310 4606 2141 2154 174 2066 1977 1108 2264 1330 1731 1304 4408 1424 4422 189 4804 4819 4053 2332 418 985 485 1013 1669 2226 877 3542 256 1085 3564 3940 3649 3147 1107 3871 4986 4589 3673 4454 1129 2056 4291 3963 1500 2538 4071 548 3899 994 4688 3984 418 1526 970 601 4243 2040 4346 302 4983 3990 4294 4656 2963 1501 3550 2313 908 3685 2264 1176 1505 4959 4268 372 1785 4478 500 4003 1619 2351 2344 3034 2040 1039 908 4879 2836 356 1827 2473 410 3327 4708 4003 4437 1280 1243 3056 3071 4360 3610 4122 3623 3711 616 4041 874 1983 2884 4408 498 4288 728 2389 2838 3518 3383 3739 3510 3849 1677 264 1540 3833 3042 265 197 4203 3997 4357 4993 4119 4710 1670 4716 2264 2976 1322 2260 4894 4435 4637 1304 3868 3705 3811 469 2868 10 3307 2094 983 4649 1729 4693 2019 4919 1342 192 3599 4059 372 2681 59 956 1510 4653 2569 323 2258
915 1003 4986 89 496 3706 1677 1796 3686 1049 1846 816 4935 2016 4824 188 436 3600 3923 3301 3190 258 4491 3445 3056 3044 3381 1023 4593 966 3376 1858 1678 3885 27 4976 4791 3482 1294 484 3886 4270 2741 461 1963 4480 3751 485 2056 1062 487 3206 262 1925 4682 3308 3988 1991 3217 2266 2088 2413 2546 2945 4500 1682 884 3310 3253 140 3573 4962 430 493 780 1665 789 4002 1771 2896 2547 3172 3268 1690 429 430 1174 1470 2399 3472 3209 1635 2192 4970 123 879 2035 603 535 4102 1682 2946 1490 1035 1645 697 379 4371 4729 1754 2946 4108 1904 3926 364 4411 1114 4605 4631 2677 2419 3767 2185 4053 2662 2641 111 4736 4781 4725 1484 4059 3773 405 352 2068 553 4734 4853 4348 1339 3350 4910 4806 2330 1326 4459 2174 3466 3000 3116 2555 2996 2543 4291 4441 590 2055 4468 1739 1699 271 4539 2430 4827 2523 1487 1451 4439 496 3478 1972 2272 3909 4827 3668 46 262 825 4595 4733 1588 2642 682 4703 2251 4692 93 2675 1586 2351 1598 1747 3832 2430 4426 1192 1085 4670 3357
3771 2289 2646 3990 3316 3415 2235 4265 2345 2527 4796 4344 4733 4824 1619 2743 2827 3314 4029 3590 316 405 447 2642 2671 1215 2043 285 3300 3184 4873 4733 2932 4634 2925 4744 103 4047 3481 1293 4194 201 1049 3897 2606 3724 1765 625 4232 4512 4108 3407 4658 2947 2539 1061 3820 1594 1331 2142 1853 1444 901 2745 2328 3716 1529 849 2751 1894 977 3311 3774 2947 2836 1886 736 2034 2107 1264 3072 1885 1591 2000 1803 3849 789 2784 2916 4273 1613 1866 2718 787 4596 3969 4226 4290 1396 1122 1083 1471 3371 2018 798 4043 1610 637 2624 938 2024 2626 4794 2489 4195 1160 4493 4115 2310 1252 3999 4662 2911 2750 673 2489 3704 4666 241 1211 4561 2268 3344 834 3651 2128 2032 3673 1479 4564 2496 4899 3171 1528 4556 328 699 3480 355 4569 1462 1488 4824 787 3532 4908 4355 1217 1761 4737 3648 1693 2706 4209 1304 2190 3494 4803 3456 406 4577 3133 615 4646 925 2377 1186 4149 3010 103 2336 4064 1333 218 4798 2039 4145 1704 220 4511 2400 4655 2974 4882 4119 2292 3504 3867 1555 1853
4810 1002 1866 936 1765 4994 1996 754 2314 4309 3219 3079 2924 188 2743 2243 4002 3256 1139 622 3103 1411 3358 1520 1183 2219 986 2712 982 1672 3301 1735 930 2011 4707 2286 678 4970 4565 939 2308 3998 2493 4467 4322 1973 4685 1293 841 2217 2338 4167 1621 3777 1451 1576 524 278 2965 4392 3433 1484 342 4477 3594 687 3804 4129 3882 182 2140 4068 99 972 1751 1858 996 1485 4954 4196 2369 2418 593 2781 4353 3512 1646 2215 845 4112 2714 2780 1324 4999 2171 65 1479 1783 2555 2090 2744 773 32 1403 550 245 2379 4508 3588 1759 3658 2322 24 1736 1408 732 1552 595 2200 2098 4609 1256 2694 1143 2738 3374 2142 3679 1835 4238 4384 1430 618 2696 579 488 4544 1301 2300 2409 575 765 2267 1336 3669 4718 2348 3769 4989 834 4685 2606 4419 1165 4049 3694 1136 2209 364 1650 2153 3320 1640 4943 3851 3454 1430 2246 3240 2920 2886 3919 1520 174 2369 1570 3905 2353 551 828 316 2707 518 2703 3777 3871 4930 2357 3557 789 2935 3855 2979 4439 2845 84 1876 1761 939 218
921 872 2379 3340 293 1964 213 3863 3643 248 305 4485 4828 436 2827 4002 3732 383 550 605 2307 313 2050 3671 2546 652 4590 2110 2373 4889 4922 3331 357 978 4211 1273 2131 4670 3928 3570 2407 4912 2342 2630 2580 203 3243 4316 2611 2932 3763 3510 4498 1330 2404 3924 3729 681 1342 1354 1838 4690 4003 907 2789 1115 918 840 4425 684 4249 1914 1235 3237 581 1192 1113 1728 926 4644 2953 877 2573 2102 2357 2300 284 4324 13 2933 2519 1410 1504 3722 4821 4961 1848 3402 1522 1322 2877 1415 1725 1844 1119 212 850 4936 479 725 2159 3369 3216 4273 31 718 966 3766 1413 3634 1965 3282 4938 2724 3673 3441 4335 3096 4121 2400 3224 2881 71 4622 2819 2363 3210 4862 3334 4917 2717 2896 551 3999 2049 1507 3173 4173 2838 4395 1435 189 702 3782 3112 2607 2416 681 760 4895 759 1620 2528 441 2308 1086 4266 2847 3283 2396 3803 4580 1536 3892 836 3163 1818 777 1908 910 3326 2757 4448 1193 1063 2264 1232 251 4252 3226 2556 3021 3587 3686 4401 1082 1060 597 1955 13
1706 3360 4737 1232 3788 3073 3913 4065 2073 3067 3210 3840 3432 3600 3314 3256 383 2342 3334 2089 4528 2930 3291 706 1455 1244 1291 4635 2326 3791 4195 3437 1495 2999 3188 4945 3217 4204 4603 1163 1745 3513 2571 1792 2210 3012 517 1342 899 430 444 843 339 3370 2909 4335 289 2444 1268 1769 1589 889 933 1653 785 2797 3624 4522 2571 389 4266 2296 1621 2685 4896 3236 4292 3344 4452 1593 4789 1159 1680 1860 3456 4830 4361 4754 4290 4375 4017 2929 1949 2098 3794 1106 257 3678 3254 3199 1861 4866 1676 4958 4123 1288 4566 3865 3992 813 1334 1861 1700 962 2676 2775 299 3819 1037 2373 1565 4480 3779 1678 1991 4349 4358 1697 4743 3242 3162 2212 221 4349 2227 2316 1253 4045 1598 2561 4665 2107 3982 3703 2751 4062 4060 689 3976 4297 1757 3057 2777 2928 1696 228 913 895 3968 4829 4920 2356 2230 1083 4469 402 3112 3604 1531 4087 2676 2111 1501 1356 3505 3793 3990 3650 4618 1037 4379 2800 3213 4896 4015 4849 4133 1005 3305 2255 2924 4958 2078 2395 1021 2605 707 851 2459 1826
413 3096 4831 4577 1995 4696 2923 499 450 814 2365 4778 4025 3923 4029 1139 550 3334 526 1735 1591 4223 3089 4857 1920 660 533 4966 1091 3763 4066 583 3730 4948 1859 3830 2469 4506 3189 189 2319 2315 4269 4859 3909 530 4346 596 1335 2135 1288 2895 1080 719 2405 1323 1866 3623 760 622 2469 2198 837 2654 4442 2733 3310 816 4238 2984 835 2978 2435 912 1234 4887 1656 3582 2312 249 340 1244 2214 1591 1987 4495 2704 3740 3618 187 1026 4652 522 4862 2338 1796 2602 2985 1454 4775 2235 2817 1006 3970 697 794 2958 177 4581 1364 2641 3474 2055 2351 54 3663 3532 3118 4239 3079 3456 196 2042 190 4363 3288 4094 227 4383 1489 795 4398 4556 2864 4496 2773 3677 3797 4780 4820 4581 2361 4088 1772 4392 1469 4363 4764 437 2267 1755 1574 1171 3362 3163 100 618 1682 91 4569 3245 2293 664 2885 315 1612 3368 1858 2620 242 2713 1541 1951 4701 454 33 1052 1825 3596 4455 4698 1822 3174 2307 1551 3944 4377 2235 671 1268 280 3865 3105 4958 555 386 2685 3854 1279 2772
4676 1771 4672 3348 4345 2258 1419 4548 2294 221 1620 3364 2566 3301 3590 622 605 2089 1735 2258 702 1195 1701 628 106 192 3428 578 1276 4669 2937 3179 1268 2452 3818 4931 2230 4686 2403 2270 2627 1011 3819 356 1884 3992 3348 3626 2192 1212 1393 616 4546 1468 4355 812 3756 4001 4455 1430 768 4870 3285 4184 1562 866 4885 927 4190 4483 863 4317 4552 3015 1184 2009 1965 4358 4103 547 336 1259 1923 2428 4242 973 893 3628 4043 676 859 661 4734 2295 979 1020 3604 4808 3746 3910 940 1318 3366 4949 4703 69 3064 4214 2054 84 4938 1031 2361 634 4792 2570 2928 915 1852 3679 3902 1453 4228 2611 525 2285 3574 2711 4621 3037 4176 4033 2865 1852 1735 1459 1962 1511 2574 953 3594 670 4277 149 1769 927 3820 4014 3203 614 1033 2383 1625 2373 922 1299 3265 4822 530 4031 1970 2473 2010 2895 3351 4691 1473 3394 3022 1936 569 351 3433 483 2907 2161 3021 1930 2523 4985 4321 3328 693 1493 2642 391 842 2863 2303 4915 3647 3586 2068 4599 4947 4456 1349 1862 4146 603
2314 337 1597 4448 418 3865 1429 4746 1773 2793 2801 4112 1489 3190 316 3103 2307 4528 1591 702 539 1616 4600 162 1707 4333 1915 123 412 3624 225 2539 1899 1491 3476 299 508 240 85 4539 124 2827 789 937 3765 242 4919 914 1217 310 2701 2477 4828 633 2667 3500 1713 2880 368 1170 1319 4955 3533 3977 1146 124 563 1389 2701 1294 87 1658 546 1918 2975 2819 3677 1285 2960 2455 4865 4587 1825 2327 3799 1461 3967 3216 3902 4141 2565 2116 1067 3371 4938 715 1463 2137 605 800 937 3319 115 1803 1327 1449 3923 3044 3973 3781 60 3224 3032 18 1899 4500 744 150 3432 4496 3045 864 3093 758 1475 1120 2200 4753 2486 4544 746 2149 212 4892 3453 3045 1564 3927 3707 321 3962 740 138 4724 3259 4758 2464 3144 4951 233 3360 525 4074 234 4617 3725 4990 3191 3684 1113 4449 3603 305 1551 2857 3598 4239 3879 1182 1393 3526 2824 770 1732 3576 2147 736 393 2046 327 1577 4997 4326 4609 248 2970 2612 4094 965 958 1035 2816 1623 1563 139 2254 1342 4359 2664 2081
4664 2428 4535 4131 2058 2823 1717 2886 1575 1811 582 1259 3072 258 405 1411 313 2930 4223 1195 1616 2468 1077 1261 1741 1680 3186 1728 2382 220 2381 1879 2990 2850 2942 134 554 1189 3690 715 4031 3001 1876 300 4443 2430 3411 122 1006 2107 601 4631 3160 3169 3473 839 1884 2413 3429 298 2915 693 4778 4036 1808 4559 255 3988 222 1221 2667 2145 4375 2395 2923 3232 3348 4363 4645 4816 637 670 668 1847 4764 4858 2170 134 2438 551 1959 159 4781 3097 2167 3177 3353 4502 2407 3412 2116 4142 601 106 4780 2959 1525 4011 600 732 292 3673 3892 157 2483 4377 1096 129 4156 314 4620 2003 1288 2050 2008 814 4455 1615 4498 1116 3204 2300 777 3315 2698 2518 4431 1481 3270 4527 3275 1532 315 2898 2072 4431 2648 4792 2872 3184 4261 1291 918 3979 399 1840 2479 2690 4662 1823 1752 3441 3747 2524 3478 453 3778 1252 2663 1550 3936 3131 2210 1615 246 463 3279 4231 878 3457 2251 255 816 3808 3159 2285 3950 3222 613 2396 123 670 2048 3869 665 530 199 97 3108 591
1277 1932 389 2461 1936 3954 3061 2772 3103 3440 1554 857 2709 4491 447 3358 2050 3291 3089 1701 4600 1077 1754 787 3694 1624 620 2506 3302 4491 246 3687 3938 95 1685 1361 2602 2110 1391 876 223 1774 545 2148 4409 71 3385 4838 2533 3587 2845 259 3636 524 2951 3558 2879 56 1400 3209 4856 2789 3865 526 3103 1915 3486 1372 3967 170 1928 2466 551 1741 141 2112 1350 4581 1171 2382 1120 3788 1571 4796 4854 4010 3067 2255 1357 2333 817 3912 284 2302 427 1473 2026 2534 4450 1750 3706 139 2035 1050 383 1620 2961 785 3282 4791 1674 4731 1354 1054 656 3743 302 620 2555 650 3408 2706 679 2357 1209 1285 164 423 1916 2370 4058 4742 265 1863 716 200 2197 3388 535 903 748 2741 677 3777 4416 4503 2865 19 1311 3197 1223 166 1725 4311 4457 3553 968 2338 320 697 1647 2473 2024 4576 2839 4533 3362 4324 1557 974 3872 2589 1030 1228 4118 4025 3418 2035 3668 1645 3696 50 369 924 2689 4284 136 1287 1923 3461 509 1143 3175 3771 4169 161 1040 2543 1705 171
3928 4565 1400 4762 1615 2589 1578 995 3787 1746 4731 3028 1236 3445 2642 1520 3671 706 4857 628 162 1261 787 3862 3353 3036 2521 4931 1130 102 183 3014 2004 4029 2404 1690 2110 3163 3403 2068 3884 66 837 2270 4836 4495 528 2103 4459 3469 3901 4297 4974 1647 4275 605 1870 3435 96 2218 1089 2502 1283 2959 4769 3602 3712 3901 1266 4997 1027 4620 1042 3315 4574 3983 1056 61 1250 931 3498 2029 1543 4965 4177 3888 1082 1969 1402 1196 4856 4561 573 2804 3477 243 2701 346 3713 2723 2182 3751 21 4412 1461 572 829 4521 2173 983 710 2785 1187 3604 2917 2093 1353 4323 51 2950 823 4906 100 2725 637 2109 4095 3534 4079 4867 4567 4740 2505 1987 197 3808 1939 4384 282 1921 2214 1145 876 4845 4129 619 773 4630 3876 3619 1075 2337 4104 4187 2529 155 1041 3264 3736 53 1315 4722 2377 2746 4080 4174 4024 2764 4444 2742 2714 918 3277 3314 4458 4820 1819 2394 4141 3335 3254 1048 2496 3282 1815 3693 1730 1939 4634 4048 3133 1001 2265 2921 2724 4932 4301 1612 2231 1269
1956 2071 2773 2196 3893 3088 1223 308 2882 4462 2426 2186 1200 3056 2671 1183 2546 1455 1920 106 1707 1741 3694 3353 3893 2558 3366 1131 2226 1225 4458 3955 2221 2903 4613 786 2087 4605 1731 1310 4070 589 2541 138 3620 2818 3652 1974 3979 2259 709 1454 2842 2289 2525 4843 283 4864 4690 3618 1366 4677 2807 2346 3921 1730 194 305 654 4365 4199 388 3871 1387 1002 1727 4078 4017 1805 1561 4484 3572 4270 2127 225 2297 4759 2183 2136 3785 1766 3126 3833 1742 3026 1780 1450 3261 4174 1987 1208 1309 1208 315 1804 2011 1556 2714 880 3085 4324 188 2344 3031 1458 2310 500 2987 166 1986 4518 2807 1238 2919 969 4901 2203 78 2955 1991 1760 3565 126 4728 3501 3414 4323 3474 3785 2942 1283 3685 914 1608 4513 3888 1050 1015 560 4534 671 2617 187 3959 1471 3572 4583 1658 911 1209 2564 1359 1215 1864 4389 2038 2364 4219 2235 601 2881 3057 2173 2576 466 2521 4589 274 4007 799 2014 3437 997 3227 978 3173 1661 2392 1265 1169 740 1060 2287 4621 4511 4565 3672 2998 3269 2593
195 604 4534 4323 2869 989 411 793 1780 69 1498 157 3254 3044 1215 2219 652 1244 660 192 4333 1680 1624 3036 2558 1981 4575 1010 428 2333 1684 4356 3241 2967 777 3446 1090 935 2475 964 3523 1603 2535 4202 835 1741 2538 4746 2307 1154 4189 2299 3772 1531 489 577 2482 1897 3984 2574 2159 4601 1568 4714 928 3795 1840 3930 265 81 3188 2165 1927 4552 2201 1447 57 1375 2228 3531 656 4515 155 2483 2573 4791 2365 3487 1304 3268 236 3151 533 729 1647 715 59 1230 1873 2056 2670 2836 4886 1007 4561 249 4604 301 3200 2871 4502 928 1531 2174 4052 1186 1870 4392 1218 3510 4269 4099 3727 741 3895 4688 4085 4400 1119 2593 4748 3228 2698 2384 3688 978 1129 2076 2270 4220 4789 1912 787 2068 4818 3095 3065 1508 2892 4229 2502 3256 1332 2761 4360 2854 4537 2219 578 1507 3608 1774 3432 3995 4690 2415 1671 507 2440 2751 97 460 1744 1983 1213 1416 3840 3256 3238 2607 2954 1270 1597 2304 4731 4460 738 1388 786 4554 171 1472 2444 2454 2525 949 267 3581 4221 3484
4705 4854 2887 4139 3478 3042 4643 1298 1379 907 1629 2357 3327 3381 2043 986 4590 1291 533 3428 1915 3186 620 2521 3366 4575 96 197 3509 3515 270 2751 3915 3618 3553 4864 928 1374 334 4245 3740 1047 3243 1686 4465 4490 4716 1737 2981 4203 1840 601 1606 3217 2472 1258 2572 4182 1819 2638 703 1850 3685 3448 4409 3348 3374 39 2531 4259 2907 2232 1311 3966 2035 853 2196 2161 3540 3779 2101 1709 4831 4923 4963 4457 963 3119 4043 1642 3003 3423 3014 3282 4153 2368 4958 4767 1356 2550 1469 1606 3528 2609 4269 4336 1588 3580 2396 4920 4328 1438 4032 4993 2265 4584 978 4566 4013 1399 3227 1616 389 4601 3702 4015 316 4407 284 4069 3796 3558 2663 3857 4420 697 2763 1829 1307 2700 1249 427 149 3056 3031 1586 1891 1531 3196 1737 2787 1769 2374 67 794 675 3995 4279 2023 1025 4814 1435 753 4246 3664 1597 464 472 4214 2456 618 2936 421 693 3190 105 1403 137 2902 4854 3049 733 3486 2338 1781 3021 135 262 4210 1009 2910 1249 4766 3736 4918 4548 4206 1806 93 3424
2056 3524 149 4311 969 2663 1623 1845 527 2162 644 3761 1362 1023 285 2712 2110 4635 4966 578 123 1728 2506 4931 1131 1010 197 4111 1379 1895 3131 3892 812 1991 1842 553 3896 3939 4319 4013 4472 3933 3506 1132 13 3318 2945 2810 555 813 2903 4921 4677 4644 1253 2608 198 890 834 4003 3034 3786 1109 4833 4520 2862 2576 3006 208 4750 2690 922 4939 4477 1432 3807 3530 938 2533 1586 3876 1211 4903 1853 277 3561 3298 2144 3456 1802 1106 3953 2051 921 588 1791 338 4824 4828 207 2161 1570 2803 2005 119 1895 1894 1548 102 2680 1819 2679 503 1378 644 400 1255 929 3922 4087 1140 3620 3143 1954 3182 384 4191 133 3208 748 1902 4954 465 3023 2789 2089 2617 2780 2324 1537 540 1798 3158 4377 4190 2601 2695 1580 3119 1224 4252 1120 816 1629 2775 4033 2325 4434 798 2056 2429 1884 3621 1765 2444 2252 3654 572 3732 4998 4237 444 253 4221 4929 3213 1653 770 3117 938 28 1825 1784 3839 4067 3914 1075 713 655 2126 1157 2562 1592 1513 1981 3114 1405 4738 2323 3210
2418 1115 3527 3140 2563 3706 280 4040 441 1817 4916 3197 1310 4593 3300 982 2373 2326 1091 1276 412 2382 3302 1130 2226 428 3509 1379 4201 2014 1598 4534 2717 1293 1170 2749 3229 4217 3127 2709 175 3005 2230 978 270 3676 2331 4809 360 3490 4810 285 854 2293 4667 2073 3434 2964 2999 3717 3661 1225 222 2620 3600 560 1019 57 4587 3520 192 55 2454 1933 4997 2439 4239 3695 914 2248 4831 2508 1850 2242 3583 1943 2865 2568 4637 3512 4212 525 4096 2081 2402 254 858 3183 2790 3427 3329 3724 3998 2022 4527 2896 1747 4248 4985 2321 2605 1120 2655 1955 3364 4365 2853 894 2960 1783 1311 475 4209 3521 4803 3765 833 505 623 3097 4556 834 269 2695 2224 4427 1656 4567 4579 4116 2870 4654 1089 3522 324 1169 3959 3716 4720 3429 4196 1661 115 4776 1831 2148 1432 613 1146 2241 3509 2778 505 97 1145 4648 907 2545 2013 1276 466 3267 2100 2118 190 2068 4626 4643 597 2201 4569 550 1600 4487 446 1840 2241 4754 3297 1730 4727 2948 3926 1056 4649 3258 1443 1301 2685 995
4079 2165 2710 2556 233 761 4919 4385 1253 1475 518 2258 4606 966 3184 1672 4889 3791 3763 4669 3624 220 4491 102 1225 2333 3515 1895 2014 4003 2771 3838 2425 3374 2615 1206 269 2961 4009 1693 3222 512 1530 800 1650 1061 2835 1012 2728 1681 2420 1980 527 3953 1411 1439 962 2353 3316 2877 2057 4078 2952 63 2875 3469 244 2809 1993 4872 2460 1369 1297 3915 1285 3652 4822 212 3093 3310 2600 219 4412 3400 4372 881 1201 3212 478 840 3342 1162 4903 2492 1547 4546 1847 3308 2072 480 2355 2220 1992 3157 3692 1827 4969 2952 2379 3230 1275 3825 4609 4597 2352 477 1561 3126 4669 4856 2574 3583 417 820 1244 1825 1608 3475 3700 1549 632 2230 272 4269 1014 2004 4067 3995 3413 4673 654 1821 3419 3172 4017 53 113 4191 3751 1118 2745 692 2725 3259 1163 2708 1714 2182 1627 4570 701 1187 2689 1017 4904 4569 3571 4063 3389 4089 3820 2040 2565 406 1461 3331 3160 3559 3126 1334 2575 614 165 3413 4893 1718 3495 3736 1735 1370 614 2255 738 4872 1749 3787 401 2433 1376 4447
3801 335 95 2667 989 2203 4879 3093 3200 3340 894 456 2141 3376 4873 3301 4922 4195 4066 2937 225 2381 246 183 4458 1684 270 3131 1598 2771 4616 4496 3358 2560 2638 3768 1133 4686 3696 3813 1256 294 4215 4334 2364 169 27 3451 1751 969 4122 2925 2069 2201 109 2040 685 3988 3993 595 2986 2398 3864 3990 2161 2054 3636 3690 1588 4279 4704 3901 3509 3322 4363 60 2947 4320 2135 3347 2458 3355 3667 666 2560 4609 1414 4292 2918 4311 716 3723 3732 1567 3010 4423 632 1765 3538 2513 2732 4376 1889 1070 4805 3989 4413 1940 3691 76 4623 1113 4353 2272 4449 1228 2367 3879 1669 957 749 717 608 4759 2635 202 2758 39 1204 461 1514 1695 2439 3245 2379 3639 1490 1833 4393 3003 1396 2748 40 1231 3334 1327 1735 2893 2494 4918 1257 4452 889 2940 2121 83 472 4460 4804 2122 1042 4747 963 732 847 1258 2739 4499 877 2472 1966 2339 4896 1019 704 1566 588 3732 1397 2948 2003 628 4584 913 1314 3275 1396 924 4752 1547 1456 4779 1559 994 3301 631 704 3106 1154 2822
2557 2751 4478 4334 1287 2843 3859 164 2237 1858 3743 4800 2154 1858 4733 1735 3331 3437 583 3179 2539 1879 3687 3014 3955 4356 2751 3892 4534 3838 4496 1524 2937 1693 3615 2718 2499 2221 4787 1641 2996 457 1646 3800 1054 2929 3073 2126 3402 3579 2030 886 4504 1697 4408 2428 1327 3415 666 286 615 3116 4022 4788 4688 2040 4693 1038 3919 4161 3619 88 1908 2813 47 2888 4617 4387 4952 3426 2476 1485 756 953 3818 3463 2245 1772 1528 4502 3921 675 1837 4907 3623 4715 3906 3864 2142 3962 1264 1138 1059 275 4851 3592 3383 4555 2014 3825 153 2530 1041 851 1635 1288 881 191 1275 2348 69 2985 3311 1187 778 1044 3540 4382 2298 413 2314 1571 4916 855 2380 3945 2326 2631 915 2058 174 4271 2273 4447 2204 3597 3552 2366 379 2546 854 786 3457 3388 3236 3769 79 4163 1372 3144 4716 4338 500 1317 703 2913 3042 2022 4287 1167 2668 1584 4364 3726 1648 2754 4505 488 591 3766 1886 1895 336 1486 428 1684 2843 3981 4835 3863 3264 42 815 2679 411 1007 2910 2582 3437 2906
3308 239 714 3040 2200 3106 1711 886 2553 3606 791 1699 174 1678 2932 930 357 1495 3730 1268 1899 2990 3938 2004 2221 3241 3915 812 2717 2425 3358 2937 4248 1286 1873 2419 4131 1362 1915 662 1602 3108 4782 2906 1538 3139 666 3607 4312 1188 1756 1100 4920 4440 656 4793 4794 2124 555 2782 4332 2094 1854 1119 3876 869 3364 2465 2258 4368 2338 1578 1424 2639 68 207 1968 3589 2208 1857 4493 412 3039 609 24 4226 3687 2707 2531 3103 1555 933 1458 1115 1523 248 4833 1571 3117 3248 1188 1536 2315 3740 2252 1880 4807 3796 819 3776 4901 2221 204 4557 3330 3318 1123 1466 2461 1213 4784 4386 3686 1133 1995 2396 4564 4060 335 3898 2018 4563 1839 3760 624 3213 2432 611 2910 63 41 3474 3693 1337 3647 2728 2549 1943 4892 4870 3393 4815 3109 1836 2009 489 3870 4058 4291 3961 863 1334 1431 3816 4236 114 13 1413 3274 712 2266 4456 779 1704 595 2274 2815 2554 3123 3141 213 254 3191 4433 133 1342 54 2943 2502 795 2362 2089 1446 1403 3510 4686 2467 2584 3922 1393
1370 4067 3544 4247 3703 4942 3414 2240 2336 2420 4063 1643 2066 3885 4634 2011 978 2999 4948 2452 1491 2850 95 4029 2903 2967 3618 1991 1293 3374 2560 1693 1286 565 1099 4226 235 344 3919 3817 3567 2015 1339 3970 4267 2066 3653 3606 405 1819 2087 3932 2616 3793 4374 20 3464 4401 4125 3440 4256 3604 283 952 2829 227 4906 715 2740 4499 460 3578 1981 1479 4727 3926 207 1424 207 426 1335 46 1972 4685 1427 3176 3262 4279 4526 2774 2020 3626 2730 905 4669 2003 3213 1379 3413 3658 1059 4858 1191 4969 4896 4225 3682 2368 4220 4113 2484 30 4217 900 537 2624 1795 3592 3808 3932 666 2388 1910 1694 2228 3656 1971 3889 2620 2161 2292 860 4981 774 2908 1147 555 2317 1805 588 743 2644 4066 2945 4041 4455 4520 2761 2881 421 1089 4564 1121 2934 255 14 3831 888 1306 3489 4040 2130 4342 2128 4250 367 3094 4138 3288 2995 1160 4740 2423 1464 173 1963 3334 2588 2510 48 1962 2069 2357 3433 2346 4440 2520 2087 3494 1377 643 4251 1761 2042 703 4274 526 3215 4649 760
815 2426 4870 4830 1322 2989 685 2520 4798 657 1233 1757 1977 27 2925 4707 4211 3188 1859 3818 3476 2942 1685 2404 4613 777 3553 1842 1170 2615 2638 3615 1873 1099 3165 4570 4670 711 119 739 2150 4551 540 295 3504 2669 945 554 483 2724 2435 667 4673 3344 3753 898 4187 4964 2803 4787 1275 928 4936 2002 3598 4919 931 3149 1112 3567 2499 2906 4153 1252 1549 4095 778 2281 1867 909 1265 3398 2246 107 4525 2852 3177 3188 74 277 2138 2974 844 3085 2634 510 931 3766 1487 3311 4476 233 1653 3859 1824 4179 1042 4805 2576 3695 3536 4633 568 1354 2115 3235 2225 246 3603 4350 4256 2649 3771 316 4360 1103 3121 1457 4104 4824 3758 3694 2244 2257 2197 558 400 2215 4281 791 4535 672 1993 3192 1131 1425 483 3820 981 3651 159 2717 4558 1285 2454 785 2954 476 2960 3781 4721 1333 1115 1702 1561 3421 2202 4055 549 4046 4477 4840 372 3412 744 3760 1832 1585 2934 991 1131 3000 3461 4979 1224 1778 3145 3274 2483 2455 3426 1628 204 708 1067 3158 203 3936 941 4639
3485 3098 3162 1825 1212 2042 1971 1468 4011 2426 1166 2602 1108 4976 4744 2286 1273 4945 3830 4931 299 134 1361 1690 786 3446 4864 553 2749 1206 3768 2718 2419 4226 4570 3061 4560 3013 2894 556 530 197 2890 3348 1410 2739 4107 1540 2119 2876 4495 669 63 4377 4929 4890 3670 1468 1192 4088 1780 3939 1967 867 4099 1657 3258 4572 3800 4147 3609 3979 1477 1988 4518 3777 181 754 1771 2813 1416 2478 1742 2886 957 913 3150 4441 2373 3049 3448 3465 2598 2537 4571 2671 2889 3071 1116 1246 2316 2545 3327 914 2347 104 2551 1780 1884 3756 1564 3777 2468 1260 4698 4204 2293 3721 2760 2636 3589 4829 2173 997 4294 4945 67 4239 3281 1123 1437 646 3658 3430 2871 73 4186 3718 3104 931 477 2618 4722 2049 185 3967 2052 2072 3641 4370 1164 2322 1249 3548 2887 2420 872 3116 4617 3758 533 1187 4148 744 1025 4125 4583 3274 4967 4813 3040 1482 559 4964 4077 3831 574 333 2984 1235 3755 3822 2050 4879 4364 2785 111 2552 4046 2999 469 1055 33 1732 2246 4239 4812 1091 4580 2663
1198 675 292 1927 4271 1356 4800 4016 4339 2480 3095 4986 2264 4791 103 678 2131 3217 2469 2230 508 554 2602 2110 2087 1090 928 3896 3229 269 1133 2499 4131 235 4670 4560 1218 1374 2862 4026 3955 2338 4013 3747 4803 3512 84 1919 4451 3492 630 2451 328 1827 380 3435 3295 3332 2928 3747 2171 4062 572 3091 753 3429 833 2967 3338 1293 2483 710 3170 1366 2804 2309 1522 4517 4689 3250 588 2437 4292 4748 144 1724 3046 3245 2504 4012 983 3848 1724 3619 4615 4514 790 1246 2333 2477 1417 938 541 254 1309 1546 4084 3659 4414 4152 4191 2411 1996 2900 1535 4746 4106 3588 4841 1542 1834 1778 3142 3451 4662 3749 4478 2186 1379 421 752 2259 840 1587 3633 264 2510 390 2509 4321 4319 946 545 3957 909 210 3941 799 2624 1473 1182 3779 3331 3923 1888 1304 311 4990 2340 3041 2232 1155 4346 4338 4626 1604 3575 4613 1229 4494 90 1329 1743 1362 950 2117 4038 785 3036 2546 4154 3122 2248 4495 2289 3893 615 2741 253 4441 2001 2859 1870 2807 4999 1507 1850 1023 1942 1145
4658 3311 4307 3859 1768 4476 1909 2171 997 3685 4713 1099 1330 3482 4047 4970 4670 4204 4506 4686 240 1189 2110 3163 4605 935 1374 3939 4217 2961 4686 2221 1362 344 711 3013 1374 1118 3524 1126 3379 1115 1004 1137 2900 4802 3884 3358 4356 2836 1230 2222 1630 1021 3586 1103 287 637 772 4990 3724 4199 658 3322 3345 2046 2345 1274 4138 4061 2175 4722 594 932 316 1911 837 1830 4247 3627 2483 2710 668 1418 4522 1388 450 3599 306 1544 1386 3671 2965 2438 3570 4190 597 516 2126 1908 4629 2920 2014 3600 2475 2573 4229 4673 4858 3103 66 1118 4514 4526 1479 3895 2429 161 4061 366 1896 3645 2168 4082 555 1458 4534 4604 2770 3438 1695 912 4032 1230 2959 1305 3929 172 678 252 2713 1225 1742 4464 1889 4504 707 3797 1019 1102 2144 4990 138 2213 3989 1580 105 2863 4532 1984 1294 481 4023 2943 2749 1477 3033 4669 2662 4186 3379 967 4533 1754 4516 961 4560 3038 1548 4710 2246 3961 3514 924 2706 2562 3995 4319 4721 2542 3665 2223 447 1942 168 383 1587 3194 3376 3898
2369 1950 1220 1764 4219 950 2240 4224 3588 4666 3290 3774 1731 1294 3481 4565 3928 4603 3189 2403 85 3690 1391 3403 1731 2475 334 4319 3127 4009 3696 4787 1915 3919 119 2894 2862 3524 4277 3825 130 2087 2112 3416 665 2030 243 3808 660 4823 1586 179 2249 1263 1504 4203 3919 2210 536 4783 4234 1751 530 4200 291 2562 3728 3689 4011 2891 4151 3842 2369 877 338 3384 4862 37 2258 4764 918 998 31 1370 2988 3730 2101 2520 898 3736 3728 157 4244 4750 1640 3338 1136 698 1415 4627 3921 2775 169 4935 730 4365 3880 4963 1267 1740 1213 3077 499 4944 4888 3854 433 4779 3422 2822 2421 277 2482 685 1106 1423 1548 4692 4533 2004 675 4606 2735 1524 4630 1390 4636 4932 799 3070 1408 1385 3767 4744 4190 4480 4203 839 21 2117 4682 1972 537 127 2504 4988 1005 3736 4271 2573 3379 3313 2915 3069 4191 4752 2466 4381 169 3099 4313 3958 2000 1253 3750 4003 3865 4423 4925 3223 2325 2068 3435 1089 1033 3835 3163 3787 25 4298 513 2430 214 2322 2258 3806 1487 3189 4325 2946
3189 2910 2381 610 573 1018 1732 4723 4559 3212 2445 2984 1304 484 1293 939 3570 1163 189 2270 4539 715 876 2068 1310 964 4245 4013 2709 1693 3813 1641 662 3817 739 556 4026 1126 3825 958 3860 417 719 3333 3887 954 543 1017 4234 2664 4985 380 459 2300 2714 1573 2418 1078 1639 4883 853 1729 2946 4686 2904 3550 2990 882 4245 4926 2604 2999 2665 1316 2023 1880 3309 865 1596 994 2903 3933 577 2203 3876 500 1409 1465 3732 2057 2811 353 3992 4841 4730 4805 1166 4682 2584 1973 783 3387 100 4448 3365 1744 969 1087 665 741 4034 1438 4367 2918 87 2455 2037 2771 2964 835 2702 3205 1890 310 1963 4698 4203 1080 2058 3309 3925 423 3510 3965 2592 2993 3656 1740 1918 4829 4845 1942 4946 1772 4315 3170 4439 1269 3253 2952 2012 1326 2911 1461 3971 2221 3427 2138 2648 3537 2487 397 3515 836 2060 4734 3245 3823 2888 2612 1770 4845 2438 1925 4840 3990 3470 3335 1087 4750 4945 4143 3790 4280 2278 2950 1511 4214 3084 1668 716 2758 1599 646 3335 1536 2886 25 2264 4312
