N: 200
M: 10
Symmetric: true
Triangle: false
26 70 7 36 154 89 115 136 78 47 100 114 14 122 15 86 162 83 142 44 6 77 193 113 28 60 93
20 165 79 55 39 16 43 119 168 31 66 105 67 196 26 27 125 9 197 117 65
15 156 174 109 68 120 75 111 199 73 178 12 110 88 81 129
22 5 175 107 101 149 42 118 135 171 40 127 51 179 141 167 99 29 21 53 177 147 163
19 45 112 72 102 49 134 173 34 22 161 71 150 176 108 189 159 35 137 121
27 187 46 140 170 4 144 146 190 131 198 58 94 62 194 151 50 57 85 61 32 192 139 182 24 148 74 59
19 84 143 126 52 76 157 152 169 124 200 172 13 116 18 63 92 11 164 183
17 64 10 20 185 56 104 123 188 191 158 17 106 90 181 186 133 128
15 153 87 145 91 19 8 103 41 98 138 82 96 48 37 160
20 33 166 1 97 54 195 180 132 38 130 2 95 80 25 23 3 184 30 155 69
1251 4654 3208 3380 3871 192 229 1506 980 3412 3349 3769 4998 519 1470 829 1456 993 4793 4801 4238 1209 923 3414 2482 2719 2520 4887 3955 326 35 2714 3620 2638 2983 1746 3872 1037 2212 171 2612 3240 4151 4411 1634 2285 3809 3390 269 564 1516 341 1969 4024 1350 2771 3715 2643 285 4644 4574 3124 25 4918 3383 1621 1138 4702 1276 1258 3397 3260 2261 3875 2158 3081 3999 1000 3550 675 75 4989 4696 1102 4475 3257 4246 1283 1877 4797 4000 106 3088 586 2413 1087 4082 1006 294 1103 2138 4373 4367 4958 1828 2324 1522 2829 3425 2831 2379 424 906 2082 227 2113 178 2707 779 3766 4427 1077 4145 193 3306 1455 1488 2754 2730 1268 2474 3665 3759 4104 1361 1590 1566 4893 4510 828 1166 3593 3838 312 4819 4111 3416 3198 3224 3474 328 4464 707 1612 4572 2862 2011 4339 237 1235 984 1668 4106 2381 282 4890 529 1182 4615 1357 759 2070 4520 925 318 1184 4812 1372 506 1612 194 569 3414 4528 4845 3424 1231 4040 1465 1236 2002 4433 3992 662 3855 4383 1971 194 4424 307
4654 606 1188 2590 852 979 31 395 985 1607 4539 3195 563 114 4499 732 1047 2475 4864 2039 3839 487 3172 3977 18 1506 310 1633 4318 3657 2810 2079 2701 4693 3221 1715 3379 4361 1925 4651 4241 3223 1176 4952 4030 1645 4824 1005 4040 4361 2835 1692 1435 2999 2690 1932 4040 4578 1031 4233 4699 2293 3593 983 3465 3767 4447 2193 3949 884 3821 1028 2469 3548 942 3435 3935 603 4022 1416 4236 1357 3114 945 243 1568 4349 1110 3753 1456 1304 1271 4771 4131 2560 1140 3798 2568 4754 573 1955 1289 647 2775 597 2308 3334 3525 1429 2521 506 4221 1320 2745 4062 3427 2216 1779 169 4180 4036 1167 3028 2658 3084 4156 4907 4720 4836 712 3996 4411 4719 4457 4304 16 3636 18 662 3761 2530 403 641 1143 4971 2016 503 101 4463 3313 509 2063 1980 4848 3201 3410 1202 4716 301 1258 4047 4084 4680 445 3395 2835 1630 2819 3689 2094 2188 3074 325 3480 98 2600 2651 1339 3184 3876 2072 4824 2727 743 3007 4179 4997 4405 1424 3627 4054 323 858 3112 4389 409 2120 3262 763 3519
3208 1188 2402 1061 3522 4651 1551 1158 2718 1962 1754 270 567 2953 269 880 3230 1055 2581 1056 1359 3872 1846 3202 1485 2895 4398 2685 3376 3922 2554 276 1145 2097 4429 4820 3860 3036 76 3161 723 655 60 691 1881 4003 2839 1117 4645 3826 4714 1985 1926 4930 3893 1105 3750 4633 172 3700 2589 189 4037 3171 668 3235 4904 222 632 2748 1069 1423 1938 1522 63 1415 850 3549 296 3093 710 2082 3365 2573 569 3687 380 3205 1760 4445 600 1545 2397 437 4062 4194 4876 4873 4907 3490 3123 3963 4115 1335 4410 4191 4359 4773 4424 2495 4978 2749 4373 11 10 66 3967 4408 478 2815 2971 3746 1987 4954 933 1789 813 1194 4260 4303 1008 3527 1359 2496 3798 16 2885 1436 187 1834 1277 2456 4416 2862 648 3495 2087 2410 3684 1428 631 73 3866 737 4662 934 3356 4546 2296 4775 4722 2860 3368 4215 3312 970 1696 422 3368 4440 4765 4525 3340 2898 622 3288 4526 2679 3302 2526 4197 1972 3794 3375 510 3455 2126 971 3189 2115 2544 2462 2907 2003 1613 4021 2892 1453 4882 3708
3380 2590 1061 3133 4225 890 1447 3842 416 3034 3103 2939 2142 96 1403 1403 2684 2627 1099 882 3825 2925 3005 3529 2316 3267 3342 752 1329 2542 3860 2231 2251 1844 844 1991 4296 353 3351 1534 4499 46 3032 1968 1904 3572 3418 3665 4949 2043 4269 1977 4385 104 672 4644 2807 3537 3858 499 4859 4015 84 4966 4030 1145 3462 3499 4540 3084 3027 1693 3235 1146 4039 29 58 4061 2479 4118 4418 3959 4345 2148 2162 2261 4403 1816 3065 1200 1286 3769 4133 4531 2038 3525 105 391 1827 1287 1567 4087 698 1215 2462 2133 888 592 1241 1952 2453 2275 1268 1274 2983 4358 3227 1525 2166 199 2951 3868 4443 2191 3146 1473 1933 1419 1137 4785 2693 4172 2640 2890 3048 591 4981 1964 4985 1326 2457 4751 770 2616 2768 3679 1883 196 1288 248 2949 4526 780 130 915 1136 3987 3434 3152 3774 2039 2508 1648 3145 1554 4754 4989 3014 1804 2058 1133 3337 1764 438 382 2912 3833 2653 2171 146 3814 1524 4897 1494 3735 2306 2436 4456 181 1720 1884 3192 2767 2442 4635 4638 1256 4627 4960 470
3871 852 3522 4225 4423 2774 4325 643 499 2447 4336 225 646 4581 806 1438 2552 2062 3633 4773 1406 591 985 4892 4014 974 4733 2017 2397 1749 3262 3439 1170 3269 2170 4581 21 1656 3548 4344 3119 4157 3322 4088 2574 3567 281 536 1864 4637 1951 4964 549 2895 4486 1953 1673 2243 3399 2077 1665 1701 2046 2117 2307 886 3148 680 2071 1316 383 2030 4143 3838 2002 4083 385 4184 1941 1301 4898 539 1991 1427 128 3404 1803 3512 2527 3545 3762 4650 2926 2616 1253 179 2914 4386 935 310 3969 4080 2688 3816 3055 4945 3611 224 592 606 1236 1113 547 3033 4929 1766 3286 3032 2380 3663 101 2618 3373 4769 2364 1582 675 1240 2703 4621 3967 702 1411 1491 1783 915 4580 4634 307 1159 4289 4693 315 1574 1481 1396 1195 4204 3839 2559 580 1356 3247 1013 3030 3835 2347 256 3627 3326 2602 1732 4951 1490 3113 3919 856 2054 3685 917 4640 2159 1902 4888 1425 2989 385 572 4424 2028 4516 2029 1081 2326 4813 714 1372 3054 2413 1454 3480 4711 174 1828 625 4645 3360 1658 181 1822
192 979 4651 890 2774 177 4145 1408 413 4618 4953 1634 2411 2925 2677 4750 1129 2563 4682 386 3362 3408 2643 1479 3908 2643 111 1558 2382 2436 2874 3810 4384 2906 30 360 957 4773 1296 2366 3958 1629 3188 4418 4957 3813 1256 4356 3053 4799 3653 2728 1946 689 3146 2891 3004 2734 2833 4295 2956 439 185 4461 2540 1594 2025 2124 504 3453 3420 1201 4443 2518 2045 3093 1213 4620 3586 4870 2285 2138 463 4335 1116 2237 288 2867 1149 367 854 2110 2044 2952 4241 2069 902 3580 4484 2330 1997 1634 3199 1444 2393 2440 1606 1624 1256 2380 1704 122 4979 735 2425 63 2419 2675 2004 2928 115 1089 3457 1521 996 4951 2426 1895 4529 4210 3379 1710 1530 3892 4132 1094 4519 3465 344 4374 2228 3083 4473 232 3987 4445 2941 1880 3122 2340 936 587 1395 3992 4789 3143 588 4763 4814 4097 907 359 1982 3475 2385 4322 3034 3487 4846 4401 978 4748 4248 522 1583 4268 4912 459 1956 3358 3700 4472 2083 2347 818 2563 4388 1531 3452 1034 2465 989 1895 1100 4394 998 4586 3806 4528 1249
229 31 1551 1447 4325 4145 391 1018 4144 3631 3397 2077 900 1375 3424 4637 646 1851 3750 2889 2321 1633 2340 2688 3891 2509 3598 1596 1304 358 4534 1998 3319 2339 3935 1916 738 672 2869 2408 3242 2135 4752 2893 4584 2437 2348 3467 727 3662 4847 2747 2939 1522 3481 1269 2287 3736 3032 1628 1834 3222 255 2323 592 3398 458 205 4563 2882 2725 4848 2965 1956 1874 3888 3479 3319 687 1212 935 3253 1674 4902 2709 2558 3630 2928 4334 4566 2427 1195 2057 4122 1360 676 4972 112 4164 1826 3799 4998 2866 3238 4117 427 4192 4552 1497 3740 2513 2334 1379 3402 3326 1508 4469 3540 3095 1786 3047 1018 3115 897 2997 4634 44 3397 903 1607 1035 548 3117 3088 993 140 1730 884 500 780 2949 1465 4132 3624 515 4693 3978 3868 141 100 1814 295 2374 3425 4518 3063 2642 3934 3283 3783 2522 2338 2942 2690 1319 1501 2759 2272 976 3073 2796 4279 3583 3074 2827 1657 4225 1174 3027 1879 3591 4258 2264 927 1382 4388 3651 2053 4568 1871 4175 4364 1473 3917 3839 4001 1997 2671 92 2292
1506 395 1158 3842 643 1408 1018 907 240 1769 477 2288 1804 2265 2438 2811 2422 4001 168 2937 1860 2791 2957 2041 423 2145 4691 2429 2851 2590 3839 477 4425 1501 4950 389 599 4550 1283 3239 2164 4214 4625 4430 2049 4149 1486 2020 2660 4826 4586 3697 301 2521 3838 2827 3936 612 3531 3790 4192 2388 3629 2891 1631 2995 2751 3620 4593 1984 227 4350 1381 3174 530 1842 4583 3671 4020 2390 3257 4680 173 2702 4611 4256 1453 399 3307 3357 2843 120 2005 1847 1932 1087 4845 4684 1830 1405 2660 972 1730 2080 3850 2430 4871 3411 1921 3721 643 3868 1897 4833 751 1173 3484 1188 963 3720 3118 3939 418 1159 3305 4781 3427 3462 3858 1838 119 3181 4415 175 2185 3598 4275 1754 2692 2541 2637 4855 2347 2439 3421 1651 2837 2383 4888 1746 4403 602 4099 1562 4211 1806 1443 4105 1856 1002 1017 4287 2765 2138 3566 1128 2498 914 2113 159 4014 1923 1326 585 198 1535 2983 2925 3816 1816 1119 707 3159 4355 2010 4105 3918 4088 802 1463 1798 1882 4654 3747 2656 3488 1295 863 2327 716
980 985 2718 416 499 413 4144 240 1346 4294 1423 3539 2801 1815 1581 549 1726 2699 2351 4271 20 1698 2084 1036 654 1761 3217 1180 3350 3178 1668 3405 141 3371 4756 3718 815 1287 4582 1175 326 3261 2991 1207 1525 3235 2180 613 3575 4127 1113 4644 603 3543 1213 1905 2276 1045 4609 2850 132 2185 2476 4516 4710 4054 2538 4793 392 1718 852 3320 3200 3212 3857 401 4846 4718 4677 637 3962 2431 2624 1000 4985 4084 1981 416 454 4876 2767 1990 2389 310 4195 3844 1790 2355 4043 2054 4949 4233 4217 71 56 2931 4346 2465 3175 4170 1664 1832 4603 3679 553 782 569 4374 2041 509 4195 2359 440 3291 4001 4449 1924 107 4993 1654 3056 4818 4787 1935 3369 905 4144 4638 286 3216 3686 720 3089 1501 2578 1653 1855 1948 2817 1375 111 492 434 2513 4150 21 1882 2660 1572 1849 3765 801 4294 2841 1403 2419 2126 623 3958 2390 4448 4988 1247 2355 1266 2268 1626 4152 4519 2111 1476 4390 4473 1530 2792 4168 2678 3250 4523 1664 189 4677 620 2729 668 3486 3819 4083 2439 522
3412 1607 1962 3034 2447 4618 3631 1769 4294 2185 961 354 4043 2568 3808 64 4441 183 4980 4341 3743 3417 3310 156 3772 3643 2560 2592 50 2735 4355 3437 1765 3907 3945 1431 3902 1055 3099 632 2265 1568 940 1758 2588 298 917 4581 2191 1838 3921 420 3196 2933 3415 3377 2320 2017 3325 3216 1130 3810 3821 2353 971 349 4103 74 4207 3801 2533 1100 4977 2255 3487 3777 4839 4329 3938 234 4178 2382 2007 4805 1930 4846 370 4466 573 94 2456 3109 3921 2913 62 276 95 2272 277 3687 4514 119 4175 388 2383 3736 3564 368 4465 3210 2693 4287 2585 4200 3067 2433 4698 754 4056 4591 596 3558 165 1501 862 4296 3673 1566 1655 987 3235 157 668 3153 30 3023 4484 1318 4879 4387 3968 2880 712 4070 4596 568 1019 4710 152 4944 2752 2982 4969 3958 1067 2680 4739 2073 3547 4580 1511 4078 2114 977 2925 161 1668 1589 2140 3799 2752 4111 3111 1641 499 1679 3799 2079 3837 1410 4018 3360 914 4909 180 4347 583 2371 2171 221 2185 254 446 2524 326 2142 700 4429 4895 984
3349 4539 1754 3103 4336 4953 3397 477 1423 961 627 2052 1238 1820 1671 1634 1355 3362 676 3497 1520 1539 1573 4905 2129 190 2089 3123 3852 2609 3003 2554 4921 1947 1055 3786 415 557 4206 3971 2513 4906 948 857 4217 3321 4958 964 3393 252 525 3074 127 1241 1115 3110 2111 3389 4396 4131 1128 2788 72 2223 1544 760 4173 2413 2534 1870 653 3546 2297 1287 3186 2529 2023 831 2164 4498 2084 4763 2540 2634 3885 2368 3455 2139 555 3591 3444 3695 3642 3153 3661 1663 3433 4433 3625 3544 1458 773 1490 1440 2791 1163 1919 4208 3815 344 1872 2404 4914 2151 4615 2458 4470 3777 3738 2861 1096 59 2200 206 3204 4535 2817 4723 1518 4490 4205 419 2537 2743 3220 723 3055 1068 2501 2701 4166 3158 3986 3805 3095 597 283 4625 1146 4120 4047 3966 881 2308 1413 4001 2220 4826 1030 4051 1306 2393 2821 4075 887 1967 4608 1437 3424 2282 3466 4921 1066 3742 1179 1107 1211 4938 2012 900 1727 2731 2676 4441 962 1587 2700 3250 392 1491 2379 2117 3390 4979 2473 1856 2312 1273 4417 409
3769 3195 270 2939 225 1634 2077 2288 3539 354 2052 366 2222 4126 999 4412 4628 825 3315 4411 991 3905 3017 1843 1621 1940 4809 49 1022 1982 3616 2936 610 3811 4482 3626 1786 2757 657 4213 1574 2822 3060 1729 3401 3030 683 3414 2484 4067 1814 713 4163 1339 3786 2230 460 3602 109 4340 3053 2026 1138 1613 1970 1536 16 1373 4087 3303 4367 1460 1092 1061 4268 393 2334 24 3660 4026 3839 792 4395 4229 2666 3807 2786 4130 464 954 2346 4532 2500 3031 4265 3782 3558 1047 712 2001 3411 3173 2446 2207 4691 4879 3418 877 3512 2015 3827 4876 3117 2707 4551 886 1656 4368 4840 344 3746 3929 3197 231 4451 3444 4870 4077 2958 4521 4172 2517 1329 1465 3526 4716 3426 572 3185 4216 4029 1829 165 4544 1418 2712 4178 4534 985 647 2590 1253 27 610 2256 2832 3390 4331 3804 4999 482 3944 1553 3384 994 1060 1192 4062 612 1163 654 4849 3455 3350 1842 727 1469 2857 1423 891 3714 2867 3330 3305 2811 1704 1555 4853 90 4417 4332 4710 4279 2247 4364 3609 2307 405 1829 2557
4998 563 567 2142 646 2411 900 1804 2801 4043 1238 2222 418 3994 4106 600 1287 4762 3972 2090 3270 420 504 433 1695 3218 4855 1564 805 2584 1032 1821 4336 3767 3017 3811 1091 1439 145 4569 2913 4467 1248 2609 2633 1164 1014 2672 641 228 1042 1113 1883 4844 1276 2527 3944 1586 4328 3224 4347 359 3522 3503 1895 1698 4883 2235 3181 890 167 2946 3880 2882 2069 568 1636 412 324 4718 1156 444 114 2680 3097 704 1804 1467 1325 4484 3061 1355 1492 4664 3806 2426 2706 4269 204 496 3623 2362 4682 1621 2383 4544 881 2309 3991 1045 537 4291 1776 3433 128 4930 1601 1310 225 409 3550 731 2776 336 2244 505 2508 2046 2278 3637 3872 1046 2222 1065 3975 3328 4841 2994 1447 3934 2340 557 3147 1286 4746 3609 4584 3597 949 409 4277 1089 255 3913 203 4695 1545 2669 4127 1463 3719 1642 1045 1549 3713 2457 1901 1944 4845 533 1584 4941 3079 4596 4171 4267 435 1698 2545 3686 2956 1052 3760 4955 2518 2280 1704 224 4602 1857 3081 1014 1038 1804 2082 2759 2109 135 201 2894
519 114 2953 96 4581 2925 1375 2265 1815 2568 1820 4126 3994 2156 1169 3611 240 945 1587 3883 1681 1843 3699 1139 219 1965 2264 2765 4040 3523 2577 1029 4149 1365 3409 552 1263 2101 4972 4999 332 2148 3670 3823 4739 4681 2917 1491 4666 4854 1140 961 276 3502 4551 2780 25 4246 1026 3689 3032 705 2382 3367 645 3404 3844 4047 3527 3903 2530 1928 1205 3733 2384 361 502 371 320 1725 1329 217 2803 2854 162 1023 433 1629 4892 3145 237 2334 3941 1770 3932 1948 4945 1197 1850 629 3222 3070 2773 3788 1885 4066 4463 1202 4110 4984 115 566 1135 3973 4352 4283 4113 549 421 905 3680 3988 4687 2619 3869 3579 203 4774 4528 4009 405 1681 260 1483 969 3146 4924 823 1873 1811 3614 4829 4404 2209 1214 2318 2755 3986 2574 76 2184 1007 1612 1174 1813 179 1962 4162 918 1159 3509 2198 891 4484 3432 216 4234 2615 2704 2592 4773 3266 2924 1409 1252 4238 2789 3046 2243 4572 2204 2201 2725 932 3389 3189 1703 4110 4805 1116 4919 3338 2069 649 4837 924 764 4660 173 1516
1470 4499 269 1403 806 2677 3424 2438 1581 3808 1671 999 4106 1169 4937 3966 3243 3464 241 2994 70 4165 41 1862 137 2575 1670 3562 195 1482 3981 735 1875 3762 45 3966 2318 4378 1516 2180 213 2526 910 2214 2984 4221 2429 1774 1274 307 1483 2071 2554 454 2236 2576 1795 1052 1342 3597 3365 2645 454 4974 2561 985 1128 3648 4470 1653 889 828 4585 2425 4402 4383 561 2588 2736 3726 1132 4474 4272 431 4659 1436 1645 1653 738 2460 3505 1063 403 2093 1998 4164 498 1834 3169 4590 1554 3545 3874 2287 3154 1787 1067 4097 4833 64 4866 4843 911 1755 4785 3051 4139 4686 2175 4396 2863 4871 3304 667 4965 3404 4089 2478 2088 4498 1869 2203 3788 3493 299 1931 1306 1761 851 2848 3677 2635 2174 2050 3484 4105 757 3173 540 995 669 2780 4457 3457 4562 1002 3470 938 4928 2366 3867 2150 1988 4165 4687 2402 508 128 2299 226 1090 2205 2825 4531 643 1332 1854 2677 735 4210 623 3622 72 1309 3314 2109 1967 863 3302 3026 32 3474 1176 4398 3725 2307 2999 3027 2049 4073
829 732 880 1403 1438 4750 4637 2811 549 64 1634 4412 600 3611 3966 2404 3370 3239 1852 1777 445 782 3709 3582 4137 784 4081 4380 983 1409 1006 4913 1887 207 4640 3467 1413 1886 285 2621 4103 3875 3041 1126 290 916 2388 75 1126 4506 3747 659 3842 2152 2228 565 146 2331 4813 3839 4502 4198 2116 1486 2654 1657 1054 1901 4554 916 4623 2082 1004 2540 3774 255 2782 4658 4216 4666 1758 2654 2225 4438 1958 164 4677 1133 2118 2780 4938 1323 985 2078 3707 3933 2003 4172 2157 3627 3719 2862 4931 2390 3108 36 4357 3046 1374 2111 4414 4851 2255 2086 124 2136 3619 1967 416 2246 4733 1944 3092 3909 2326 1457 3294 4562 1189 3042 946 817 369 3669 2198 4569 2856 434 4379 4728 695 4604 1103 3851 1645 2621 2722 1482 2558 3888 4492 191 1728 784 4268 4178 3526 89 3873 2283 1535 1616 3536 2554 1963 3335 4081 210 2985 1381 2464 4036 2665 590 511 3405 382 2427 2935 2885 4268 1662 766 3465 806 4831 1955 4871 1039 659 3457 2872 31 1917 2590 3617 3924 375 4919 1766
1456 1047 3230 2684 2552 1129 646 2422 1726 4441 1355 4628 1287 240 3243 3370 2975 4363 1015 3751 816 1472 2037 3628 2584 3875 2506 1127 1786 3662 2278 3918 1281 658 2812 2995 4375 3310 812 1845 3274 4045 4694 4434 2534 1523 2529 3925 1168 1780 339 4612 2091 3937 1051 307 3231 1843 1468 418 1684 4729 4927 4909 4387 1651 3033 2033 4663 1670 1458 1565 3529 1600 4093 438 2069 1205 3756 4687 573 1020 247 1968 3544 3852 134 4500 3929 2030 4939 2199 4449 1510 3201 4732 680 2558 4243 578 2947 3654 465 970 1628 4288 1978 824 4089 4763 3083 2192 3000 1004 2532 4240 2055 2903 4899 2791 1125 4706 133 1962 669 89 2454 2905 2115 2767 2512 2337 2252 3441 630 1475 2697 4464 1218 2516 4985 821 2081 2111 4013 2492 1365 3558 988 1113 2235 1914 3266 3187 4654 2066 823 591 3689 2592 4132 1565 607 4941 4341 212 4548 525 1630 2540 600 981 288 3374 1591 625 1545 2524 2074 3747 4885 3690 1553 4116 3607 672 900 4461 3232 1007 4252 4156 4262 4926 1655 3986 2894 718 4102 4135
993 2475 1055 2627 2062 2563 1851 4001 2699 183 3362 825 4762 945 3464 3239 4363 1260 458 218 4559 4790 4177 1995 866 4780 495 418 4170 3490 1949 1033 2293 163 458 3901 3750 4771 325 441 929 3300 2180 3035 604 1324 755 3108 1430 2318 1732 128 1469 3392 11 3255 934 4053 4202 1257 3597 3412 69 2295 1371 2101 2238 4947 3761 468 3427 924 2028 4851 4237 1889 4007 4408 1581 518 10 4363 3262 529 209 1095 4877 226 3557 2693 2105 355 1524 1011 1630 2867 691 3594 2080 3823 617 1184 4859 2642 3675 3456 549 279 1907 3721 4451 3862 4964 3539 2911 3283 2201 1366 2841 3838 4281 2126 407 3090 4281 4436 4709 3615 361 4898 2467 2620 1167 827 213 832 3790 1765 1545 716 4907 1781 291 2400 4049 2663 326 4905 4335 4857 1895 4746 2560 672 4950 3141 2753 793 4336 891 4510 1353 834 3554 293 1214 4120 2895 2576 1553 1573 2158 1555 3158 3647 3184 3384 2043 4338 2753 4996 2710 538 905 2403 4051 4696 4054 2117 1658 3432 4255 3774 2659 4696 1921 3471 232 2468 3877
4793 4864 2581 1099 3633 4682 3750 168 2351 4980 676 3315 3972 1587 241 1852 1015 458 4515 2175 846 3662 828 1937 1627 563 1164 355 4499 4533 2634 3757 3380 4205 4843 1161 1991 2759 2393 3103 3894 2649 3044 1314 1175 2133 808 976 3859 3268 2143 3574 2557 3578 1960 3831 795 3986 1219 4999 866 644 4215 1957 4189 2429 1486 1335 1380 2942 4331 1321 3504 1871 2127 2439 2055 212 4722 3558 1736 4389 1708 975 4111 3375 4187 1894 2601 1968 3440 2832 4226 3645 3377 2366 285 3829 502 829 990 548 609 1424 2320 3708 240 3720 4286 3941 1153 4486 1328 3866 1203 108 3444 1599 1044 1162 1250 3316 3999 1779 3842 3036 519 4157 4878 3166 3030 2034 3004 2652 2113 1567 259 2233 2691 396 1633 3416 4125 940 760 4686 993 2870 3913 961 4455 2481 4550 214 1272 655 2004 552 1412 3666 2904 1205 1439 4686 1404 4657 3419 2393 4582 1876 4681 1738 822 931 4543 3852 2987 2892 1212 1516 245 2155 746 1716 1906 4790 2966 1329 3036 1857 673 2470 4905 3823 4432 4683 1167 4573 1721 2290
4801 2039 1056 882 4773 386 2889 2937 4271 4341 3497 4411 2090 3883 2994 1777 3751 218 2175 4557 3328 4999 4477 11 1761 2149 4621 3845 3961 2425 3165 3717 3701 3087 3794 3068 1633 3122 4254 4890 1967 2956 3997 2165 4429 4292 4429 404 3870 1043 1498 2478 2056 4546 2992 292 1429 83 4372 692 4200 3525 456 4713 753 1227 2664 2295 3602 970 1770 3638 85 4868 4920 3182 3902 340 3296 2165 2784 4619 2250 3307 2951 4259 44 4470 578 3117 4240 1222 4961 3546 1388 4156 249 4398 171 946 4032 3043 2430 4793 4900 602 2900 408 1505 4978 3812 1795 4980 3835 482 4530 2520 3610 1779 2839 3774 2060 3672 4495 1012 3381 4003 2598 3661 530 180 72 4469 4607 343 1109 1512 3565 1451 308 3068 2593 2547 1952 662 1064 2650 1214 4507 58 1539 2422 3478 301 3005 4121 2508 753 1325 826 65 1036 303 1455 2491 4381 3434 4846 4221 505 476 1225 1905 4764 3503 1565 3125 2586 2011 2610 2955 1773 99 486 2013 1237 2036 2897 4216 197 3039 1907 3983 3727 2601 3997 2902 3048 121 4141
4238 3839 1359 3825 1406 3362 2321 1860 20 3743 1520 991 3270 1681 70 445 816 4559 846 3328 4702 4121 3977 3214 2833 821 813 1940 1628 1903 3077 2167 3654 4718 3425 905 4502 1344 4250 3243 3261 2232 1068 1883 3589 873 3666 2187 3826 4740 2429 920 1112 3936 4067 3672 786 3735 3803 729 996 3173 4672 3925 3031 1237 338 3034 2135 3599 1490 1114 2425 1993 2732 4147 1430 4361 4318 4878 73 388 2749 4804 4583 2330 4173 4840 4239 71 3201 59 2853 3383 2687 3409 3173 20 3430 1182 2494 3957 4842 4707 1096 3961 4602 449 669 399 2660 4774 2128 538 366 4014 1692 62 3348 1547 60 3194 3483 2084 3703 3091 2763 4271 842 2418 1539 890 3638 3665 3582 2543 2725 4642 3528 209 2777 4606 4003 79 4199 4557 1048 2108 1436 2240 3157 3986 160 3606 2246 3122 2914 4443 2537 4539 1030 1663 4680 1991 4269 4226 2960 4859 4608 2990 4324 2204 1017 4393 2665 3431 1272 4195 3385 1558 32 2065 1081 4808 3808 2311 4198 4852 2687 1887 4937 1937 4963 2749 460 1535 2761 4667 2921 4335
1209 487 3872 2925 591 3408 1633 2791 1698 3417 1539 3905 420 1843 4165 782 1472 4790 3662 4999 4121 4440 1177 3911 141 1490 1764 2457 2949 2132 1905 3411 124 4425 37 1082 4536 2601 1157 2984 1096 4629 3664 852 1650 1341 717 4602 3112 3987 1479 1522 2204 4600 2976 1995 2639 4947 3707 3481 1679 3605 2160 531 2169 363 2065 857 1104 2198 2966 3696 1106 1494 3996 4400 2287 4743 224 920 4500 1260 4626 3440 4583 3261 3061 2631 3628 2860 4851 838 920 3508 4351 3870 2030 882 1213 357 3630 2404 1505 3069 3317 114 2939 290 2462 2896 2640 287 1764 2987 1397 4519 4134 661 601 1511 3322 4466 2602 4710 529 899 1417 1102 443 2707 2873 4243 1629 4495 1590 4287 4860 2740 2085 1915 3655 1886 2995 2023 1715 2447 1793 3286 1729 2142 66 4016 3154 1390 2774 4153 2046 779 425 62 1648 3363 830 4752 912 4184 1829 2986 2327 3489 2952 2850 2936 4687 1905 1403 2335 4813 3326 4643 2007 2526 1760 1805 2874 2874 1052 704 2754 1156 410 4745 4496 2798 4711 3543 4538 3074 925 3806
923 3172 1846 3005 985 2643 2340 2957 2084 3310 1573 3017 504 3699 41 3709 2037 4177 828 4477 3977 1177 1653 3532 2226 4354 3833 2513 2808 1258 4353 2015 1101 3818 3745 3783 2640 1880 3693 2666 2560 2517 1758 4376 1444 2379 2995 2020 292 2121 3815 1738 1854 3438 4508 18 2576 2129 4053 4174 3134 1890 3915 2134 4443 1650 1206 2353 2034 72 1116 4771 2822 2355 3638 683 1925 2999 3860 2545 1076 4973 4214 1834 117 3936 4573 2242 2048 588 355 352 3219 4116 2077 1862 4669 4943 1499 2993 589 2568 2096 2212 722 3803 2344 3781 856 1555 2286 510 4331 643 3254 786 2921 2270 4097 300 3493 1019 4808 4153 3819 963 3855 209 1720 534 2152 1529 4669 4795 3906 1376 1012 1420 2635 1210 982 1864 3964 2117 4930 3312 1013 1206 2137 1128 4799 4513 1701 381 4137 1112 1954 91 747 4201 3410 236 3256 723 954 3112 2439 3934 3441 4194 2733 3986 1858 924 83 491 3600 135 2497 1822 2047 3066 3272 4522 3639 4285 569 4668 3614 3970 1998 2637 4212 4000 3302 2949 4928 3164 788 2991
3414 3977 3202 3529 4892 1479 2688 2041 1036 156 4905 1843 433 1139 1862 3582 3628 1995 1937 11 3214 3911 3532 2355 3163 3965 3446 2208 2829 4442 4684 2305 47 1294 4198 3446 3213 4082 399 4232 878 4406 4963 520 1946 1534 4172 1433 474 227 668 1174 4237 3379 68 3444 4157 1164 581 899 1590 3345 294 2537 2215 2267 1581 2392 1452 1557 4574 1992 245 447 2123 2424 624 651 283 3175 4423 3591 3371 3032 2074 4309 3235 617 4626 3144 2008 1892 4026 3247 3106 2750 4676 4299 4412 1187 2674 1869 1196 2501 4914 1684 4172 1987 4194 4582 1467 1709 4668 1467 4356 3704 1558 1543 4056 2462 3843 3700 4711 1868 4265 2797 413 4326 1417 2424 1871 3109 3110 792 2218 986 53 4098 3147 1860 4367 1772 46 4944 1337 3779 3915 3040 1135 38 374 4370 311 500 2660 2886 4356 2396 2036 4311 4792 756 3671 3792 2945 3064 2328 4316 3052 4771 3941 471 3287 3635 3991 1691 2767 3622 425 1173 2228 1052 1465 1846 2551 1186 294 856 2449 501 2072 4018 3185 1456 2129 648 2820 4020 3222 573
2482 18 1485 2316 4014 3908 3891 423 654 3772 2129 1621 1695 219 137 4137 2584 866 1627 1761 2833 141 2226 3163 4535 760 3789 2101 3976 1934 506 538 4600 2755 3962 3829 3263 2213 4351 629 3758 3999 1196 2028 1183 4202 4511 3846 4291 2030 868 3718 367 358 3196 3606 2314 2093 1612 3744 4495 4829 3322 3890 4260 1495 559 4965 3280 789 3143 2197 3603 3644 480 4100 378 2550 1828 1972 2120 1624 3473 936 4863 782 3944 2655 1934 1562 3577 4585 1859 861 3470 4405 539 1269 1454 3888 2364 3351 2907 1551 1357 929 365 4529 2159 396 123 3656 3245 4696 1442 1093 1311 3016 117 1125 498 2280 2281 346 2756 4789 1390 3623 1540 4042 1739 3458 1456 3807 2746 4783 3460 3905 2876 2055 3629 4337 3463 3789 1418 4581 3336 4980 1884 2245 148 1474 4513 4907 1027 439 4241 3816 3239 74 4471 3795 1827 2774 2227 1841 2028 3190 4054 2225 963 2879 2059 4214 2517 1857 2331 3316 4160 3907 3568 436 3399 2287 493 108 2835 542 3434 1852 3369 1318 4452 4658 676 4512 4686 2383 4969 3253
2719 1506 2895 3267 974 2643 2509 2145 1761 3643 190 1940 3218 1965 2575 784 3875 4780 563 2149 821 1490 4354 3965 760 4987 1719 2923 149 4491 4217 3205 2208 224 2879 816 1166 3838 2288 693 484 2277 698 1556 583 1847 4267 4696 2202 4986 1608 1518 217 2281 206 4813 620 1117 2114 4036 79 1000 111 2012 296 4367 289 3020 3407 279 2384 4672 2982 4428 3933 2542 2728 79 4804 4250 2129 2093 3599 4071 4237 2088 599 3729 1965 133 4006 811 2645 1962 4708 3827 1336 1496 417 797 4466 1118 971 1668 1257 3209 2501 3306 2899 2193 3763 2932 1425 3060 2174 84 3923 2505 2517 1658 3130 2518 3515 2605 1405 1453 3611 4659 1921 3895 263 1440 2381 2704 3984 2859 3256 4374 554 297 1664 4137 2978 4487 4743 4844 477 2334 2502 3725 203 287 1356 3484 4138 1237 439 4035 3608 4149 2337 4627 3723 681 2040 1040 27 3269 4945 757 3100 2248 1997 1487 3562 4073 3647 3457 1372 2387 2796 3444 3813 3122 2961 1505 4629 849 1726 2941 3652 2239 4219 24 4684 3074 1520 3982 3253 2659
2520 310 4398 3342 4733 111 3598 4691 3217 2560 2089 4809 4855 2264 1670 4081 2506 495 1164 4621 813 1764 3833 3446 3789 1719 4488 2938 3830 2058 4859 2028 3580 4378 4649 2464 953 2493 3970 1422 3752 1048 1560 1810 4307 4836 4826 256 2580 3316 3470 2793 2831 1902 2866 4662 2733 591 4860 696 4978 351 4930 3549 196 4789 3444 4939 3122 330 2400 90 267 4301 1902 3540 1989 1888 4647 2321 2444 1484 1073 3070 369 4746 4365 4859 2214 337 2989 4816 4435 833 2091 213 1017 89 2819 1786 3342 3126 2407 4033 2820 4449 4514 1525 1083 1596 4105 2896 750 4152 128 4115 1988 3400 2917 1824 4010 798 2000 1691 1717 758 390 1986 394 3007 1504 4341 1452 4409 4825 4753 1211 2335 1326 2379 1974 3582 3410 2827 1768 1334 2524 693 1851 13 392 36 40 4059 577 4723 3910 1012 3601 940 1589 3214 1653 674 3483 3209 1064 213 3820 2012 4902 170 2748 4564 4273 1292 1869 1588 4352 2225 1492 606 4762 1001 125 3194 3164 2926 251 301 909 3061 2981 1523 299 2684 1712 1142 3940 2489
4887 1633 2685 752 2017 1558 1596 2429 1180 2592 3123 49 1564 2765 3562 4380 1127 418 355 3845 1940 2457 2513 2208 2101 2923 2938 1542 3110 2383 1603 2741 2733 3683 3496 4647 910 2790 2146 4800 908 4328 806 3000 4776 3637 952 2398 3943 815 3133 702 4621 2703 4616 3321 703 3364 4316 1395 3782 3040 3646 2783 848 1084 1717 3966 536 823 3548 3954 24 2114 1483 308 2165 977 2626 4327 2801 2283 2931 1093 1050 3608 1303 1626 1998 1742 4149 4188 355 4613 4968 909 46 3424 969 4786 1442 4701 3537 4379 555 3622 2033 4689 2229 2147 3385 4346 2434 3751 1197 3744 921 2219 1362 3077 3673 2835 3962 1017 2018 3778 4859 3895 1222 3073 4873 1895 1851 1876 2101 2053 1833 3022 2553 2833 2398 3834 4030 610 799 1607 3216 171 26 1736 4691 3443 760 4868 1068 566 3072 4953 3007 1145 295 2492 1430 1266 2364 424 3425 1981 3426 3018 4839 2774 2468 2336 2407 33 2709 4792 3678 142 1901 1930 652 858 3194 3867 188 3067 4228 4744 68 3313 344 2699 4206 685 4679 545 442 4744
3955 4318 3376 1329 2397 2382 1304 2851 3350 50 3852 1022 805 4040 195 983 1786 4170 4499 3961 1628 2949 2808 2829 3976 149 3830 3110 3366 4258 2195 3420 2221 4262 527 4322 4940 2555 3931 1984 4117 2249 1816 3589 2126 3238 4273 3021 1402 2654 601 1875 207 2044 2313 4789 2167 537 2878 3353 4002 602 449 711 2172 3764 4305 1197 1779 2996 2700 1496 4449 1509 4798 4054 108 4233 4968 4165 2054 4900 3961 2897 1111 4081 3539 1103 329 2163 2624 588 1739 3726 3214 4669 1935 3476 4761 1826 133 1429 179 3761 4159 2789 2040 3840 906 173 2609 1288 2307 4620 130 3152 1575 1500 4552 21 4463 2553 4682 1176 1724 4160 1654 3036 4565 654 172 2197 3100 2913 4311 1913 835 3841 2793 4982 4608 4415 2607 3512 2594 4385 4666 4104 761 4164 2562 25 600 1552 2155 2489 4111 4659 3062 3783 3935 3994 741 1456 732 1574 4648 3224 2908 2764 3760 4496 3888 3278 1177 879 2852 4723 3818 2178 4871 1416 913 2485 591 4324 2039 59 1321 3445 2877 3061 117 3239 3590 2718 1684 447 4672 4010
326 3657 3922 2542 1749 2436 358 2590 3178 2735 2609 1982 2584 3523 1482 1409 3662 3490 4533 2425 1903 2132 1258 4442 1934 4491 2058 2383 4258 3632 4778 2998 2634 3770 741 2282 3493 3705 2574 2990 4144 3690 2498 1834 4343 3431 3299 3292 4817 3461 2901 3985 1374 1363 2323 1401 1379 4475 1209 203 995 3165 1847 3111 2031 3070 3129 626 868 4135 2822 701 3054 1318 168 3363 43 1549 2118 4511 951 4128 3991 2127 2803 4609 3452 610 458 3205 1886 1707 4195 4612 2139 2310 2257 709 2824 3474 2816 3783 615 2042 659 4342 4898 3138 995 51 1491 3443 132 3388 365 2768 4362 2045 1431 1752 1416 1662 2389 652 2659 4007 1696 776 2253 3903 787 650 4588 3102 1066 4964 2047 771 520 2601 3481 3895 3783 4981 4506 2084 778 4494 1578 646 4197 799 1826 2630 1708 3376 822 2753 3277 3997 318 2342 4022 1410 1003 4736 3529 4141 4321 4382 3044 3970 343 3667 4009 3686 205 3606 1432 1570 3746 638 4576 4565 4754 1529 978 3722 1929 3770 1336 143 4617 400 1411 666 1269 3763 3249 1788
35 2810 2554 3860 3262 2874 4534 3839 1668 4355 3003 3616 1032 2577 3981 1006 2278 1949 2634 3165 3077 1905 4353 4684 506 4217 4859 1603 2195 4778 2548 2586 1591 3059 4056 406 3755 1643 1809 582 4293 3591 3641 3472 1816 1286 3700 1702 990 1338 2506 821 2347 48 2426 2595 2250 3593 396 3335 4120 4123 816 3296 505 669 1031 4548 4446 4010 4621 1350 3076 2957 4769 885 1998 4947 354 2035 2699 2354 628 1001 4712 3465 4244 575 2281 4381 4839 1416 4455 1807 3456 4099 1844 1509 3482 4616 2460 4377 1324 2625 3921 2874 120 108 2075 4965 2592 2909 2288 4031 2280 173 717 363 260 4739 2900 3639 50 610 129 1945 1172 2899 1594 841 3917 2214 406 4306 10 2628 2715 3247 1287 3944 561 1563 4503 1004 3520 3984 3721 1810 2641 3704 1564 1551 1694 1751 657 1202 435 1310 4114 3883 4589 2175 680 2419 1732 3906 360 2695 458 4195 3661 3124 3269 2160 1975 876 434 4594 2711 3222 2688 2537 974 4741 4004 3023 1113 3368 313 3577 2027 3025 450 3613 4140 162 414 638 2470 524
2714 2079 276 2231 3439 3810 1998 477 3405 3437 2554 2936 1821 1029 735 4913 3918 1033 3757 3717 2167 3411 2015 2305 538 3205 2028 2741 3420 2998 2586 2671 3307 3251 4117 2710 2297 4127 2025 89 3865 1583 1053 1210 469 2546 819 4819 443 3436 4296 3714 2788 648 4995 1589 4112 4036 214 2426 12 2039 3644 1974 4240 1908 4090 548 3164 2851 4570 331 4515 31 4308 1788 1203 852 4896 4127 4092 1845 435 4458 4957 252 1256 3249 1956 146 3270 4174 4584 2652 1128 997 831 1268 2958 1840 2138 4103 1379 2980 4658 3838 3289 232 3904 136 55 1632 2876 3425 381 4290 2463 2311 2748 3020 1945 1584 1572 3399 244 1313 1938 4975 627 725 4008 128 2861 3169 3674 1781 1493 2500 393 4800 3351 1411 1349 2901 3582 2870 4985 2857 4677 247 1688 758 3386 3542 1353 3055 2852 4381 3479 3671 3699 654 1789 3007 3513 487 4211 4652 893 4047 1676 4042 4496 3992 3402 1529 1947 231 803 3680 3633 2657 3793 2597 2896 1166 911 62 4958 4720 1212 1856 4925 2098 4864 1144 1935 3948 869 4902
3620 2701 1145 2251 1170 4384 3319 4425 141 1765 4921 610 4336 4149 1875 1887 1281 2293 3380 3701 3654 124 1101 47 4600 2208 3580 2733 2221 2634 1591 3307 4533 2875 4384 4922 1241 1278 3664 2791 467 456 3406 160 103 4057 3421 3448 682 126 3768 4652 2074 3502 630 143 2907 2555 3502 1290 4639 618 1197 2048 4152 1878 4004 610 4264 2570 386 4901 3059 4562 4002 892 2788 780 4860 2855 3208 4137 4679 1393 2134 140 3464 3270 4429 3227 4803 3632 4874 3552 676 3431 3578 3926 3259 616 907 2976 859 2083 3840 2290 3913 745 476 4307 223 4919 1697 1480 3292 2103 4854 4193 3406 3440 4324 3711 3793 3806 506 3523 1988 4280 794 1734 2551 2014 3709 588 1987 3778 2388 1391 97 2683 3683 64 4679 70 1220 1730 4603 3048 2159 2280 3711 3752 887 3006 2559 3329 3600 3493 3742 1740 2497 798 10 1280 2538 3840 3677 88 3270 4264 1335 2979 3584 3099 1401 652 4877 441 190 4813 66 4018 542 3192 4415 3943 714 1491 368 4376 2643 4557 3483 1979 68 1275 249 3402 3640 488
2638 4693 2097 1844 3269 2906 2339 1501 3371 3907 1947 3811 3767 1365 3762 207 658 163 4205 3087 4718 4425 3818 1294 2755 224 4378 3683 4262 3770 3059 3251 2875 2284 3803 2362 1665 1377 3913 3321 4691 4219 94 1176 3810 1309 4880 2219 1645 2082 412 3378 2007 2353 2315 2195 1436 475 2167 1533 4554 2912 2121 3706 900 4327 65 612 2424 3061 2205 3881 1830 325 190 4844 889 4914 3751 243 2578 3920 1711 1541 1161 4397 1832 1432 3898 4362 2365 2495 3699 1116 1526 364 1432 2811 604 1147 2382 3523 1717 498 43 4354 3101 128 1653 2841 4798 2757 3542 4453 2318 3233 620 670 842 3776 4818 2464 4515 1266 4511 275 3011 2815 1181 163 1216 1976 1531 2202 270 2945 1204 3605 2061 2607 1371 87 4446 3628 3639 1304 3622 2005 2193 2547 699 2235 247 3159 3406 2710 3002 4730 1433 3134 3303 2933 4608 162 601 3719 1944 345 689 670 2398 4810 2351 1676 4836 1820 4972 1172 2001 4331 681 2238 4928 4648 3436 1618 1104 64 1659 2424 3983 2342 4918 1266 1723 3085 1304 4853 2052 1613
2983 3221 4429 844 2170 30 3935 4950 4756 3945 1055 4482 3017 3409 45 4640 2812 458 4843 3794 3425 37 3745 4198 3962 2879 4649 3496 527 741 4056 4117 4384 3803 2871 154 43 3823 300 2081 2276 4480 3814 4283 1587 465 224 4106 2828 271 4545 748 3411 1628 777 4236 171 141 2253 4898 1570 1175 874 3383 1278 829 2174 1610 4698 3092 4976 3781 559 2733 4858 337 167 171 4521 3203 4229 4511 4438 4608 2049 3239 1532 1195 199 1641 4141 1523 4778 4347 1977 1153 3858 3742 1813 2884 4237 2228 4663 697 589 3970 3240 4441 2585 3887 1283 485 1185 4988 3989 4870 4681 2199 2624 4399 469 2345 714 3722 3328 2798 1660 3322 2452 2579 1897 1066 3868 3880 1538 1289 73 3755 2389 1505 1204 1626 2708 4060 994 1144 4822 2703 36 485 3128 4282 3759 3336 995 3520 2631 1607 4296 1898 1707 3709 1734 3043 4556 3648 4863 1267 1028 4470 1802 884 1264 2055 1899 92 737 2024 2794 4407 4417 2814 295 3207 893 749 2893 2633 3517 1403 4703 3048 3677 2382 439 3654 2873 1625 893 87
1746 1715 4820 1991 4581 360 1916 389 3718 1431 3786 3626 3811 552 3966 3467 2995 3901 1161 3068 905 1082 3783 3446 3829 816 2464 4647 4322 2282 406 2710 4922 2362 154 277 313 1771 962 1165 910 922 4056 2744 3898 1286 2273 1712 2874 375 557 3557 3363 2120 2159 705 1246 2669 1365 320 2373 4627 4986 329 4156 3087 3867 365 4795 121 3552 1481 2113 3260 698 2843 3281 4086 3612 912 4818 3039 4047 2142 2232 3074 2879 3559 3723 2262 2308 3998 588 474 1522 3133 2633 3963 1878 3976 690 1770 4635 1938 3741 3410 1820 2221 2553 4642 726 2753 3715 2930 3714 458 4251 2053 3346 427 2100 2120 3691 2253 2598 1754 3071 256 72 3766 445 166 765 2763 1489 4952 489 106 2138 3113 411 102 3349 3141 4475 3363 502 3632 4804 917 1262 2717 3253 1244 3210 1394 2641 1469 3298 32 1584 236 1884 1887 1889 1561 3131 3581 813 1224 4398 3888 1784 818 3692 1395 1584 855 2135 911 1271 3377 2305 2985 814 2343 2179 438 1620 4272 2516 4610 1838 4527 170 1867 825 1321 1829 4553
3872 3379 3860 4296 21 957 738 599 815 3902 415 1786 1091 1263 2318 1413 4375 3750 1991 1633 4502 4536 2640 3213 3263 1166 953 910 4940 3493 3755 2297 1241 1665 43 313 2359 2094 895 1549 2200 2792 4178 1068 653 4064 472 4268 1588 867 4552 2444 3831 2482 4143 3892 3943 4974 1521 1543 927 2199 2266 3758 2212 2936 559 3205 61 4669 910 713 2295 3193 4376 3479 4057 1007 2557 502 1556 2904 1852 3994 865 1508 3465 2971 2213 4384 146 4344 3205 1152 1113 3694 902 11 4086 4988 1031 2905 4549 2106 2627 1258 3429 1021 1665 1632 1070 1797 3135 2265 3534 60 1732 2884 2008 916 2696 2445 3442 4168 1039 1123 3753 1542 1148 276 1521 1025 4808 2824 2840 645 2212 1858 1203 79 4979 1969 181 676 3200 2373 728 4767 3402 271 912 257 4394 3183 436 3207 4069 3722 4368 31 3908 112 3818 2576 4842 184 547 4288 4249 3734 4263 4772 3384 2983 2572 3813 106 1910 1741 3228 2469 1554 2800 4118 1822 1860 998 2350 3774 3051 1293 3571 583 44 3091 3669 4625 2908 1144 3524
1037 4361 3036 353 1656 4773 672 4550 1287 1055 557 2757 1439 2101 4378 1886 3310 4771 2759 3122 1344 2601 1880 4082 2213 3838 2493 2790 2555 3705 1643 4127 1278 1377 3823 1771 2094 370 3941 2583 1722 1381 3557 1694 4065 3283 1971 3608 3735 1102 2314 3080 4550 1976 1971 3745 3184 1437 3347 4012 2882 131 988 3291 4246 1520 2256 4046 4319 2002 2483 1685 1066 1767 3115 3461 2938 1876 3293 1828 4023 4778 3174 1347 3589 2734 4785 3669 579 4304 3061 1776 813 4993 4697 1076 2726 2334 3891 651 4664 4147 4497 4923 1500 2332 815 3264 1757 544 2397 1205 669 3316 843 4069 2849 1773 2441 513 2451 3420 2953 2597 2526 1367 2772 2439 1832 216 3539 911 2265 2940 1956 2939 3133 2272 3243 2830 3858 4171 2355 4651 4147 659 1673 2474 3823 3818 4065 3170 216 1475 1777 1248 3366 2984 3074 711 4376 4670 2026 898 774 1194 2257 4063 1804 4791 1495 2497 3130 3794 3442 3957 3222 2620 4995 3354 1467 4708 1196 2166 1398 57 4694 3448 2660 2316 505 3091 2895 1619 4012 3187 365 2486 4745 1774
2212 1925 76 3351 3548 1296 2869 1283 4582 3099 4206 657 145 4972 1516 285 812 325 2393 4254 4250 1157 3693 399 4351 2288 3970 2146 3931 2574 1809 2025 3664 3913 300 962 895 3941 653 28 861 2074 3718 4231 4954 2818 3554 1560 2664 2776 2111 3462 2989 208 171 3388 2527 2308 572 3674 1422 689 2320 3829 4151 3840 2899 1599 1249 1981 2266 3146 2624 4852 263 891 634 4257 569 2754 1504 887 3674 615 4580 2748 2582 1335 1344 655 4253 3864 1050 4523 2450 1686 2453 2888 4428 2584 3516 3223 1514 4071 3017 4907 2473 4219 712 1354 3317 920 1187 1644 206 3034 4095 135 4178 343 826 506 1268 1505 4840 4310 2626 4092 264 2726 4545 840 2488 712 2294 2551 4670 1923 2399 4524 2542 3961 1226 4227 3356 502 2197 4352 2156 1464 1398 1228 1499 3494 513 3132 1368 765 1164 4031 3287 1547 4186 3673 1213 3059 4118 2396 3510 2292 1289 3415 4251 2465 2523 4292 2851 868 148 3644 2451 3151 2876 15 2198 1830 3550 1532 2646 4927 2955 1399 1718 2874 609 3335 4356 3373 1821 3510
171 4651 3161 1534 4344 2366 2408 3239 1175 632 3971 4213 4569 4999 2180 2621 1845 441 3103 4890 3243 2984 2666 4232 629 693 1422 4800 1984 2990 582 89 2791 3321 2081 1165 1549 2583 28 2102 3011 2369 4711 1380 2757 3862 4730 1952 2511 460 3306 4967 464 3982 2828 368 153 4428 3263 4989 1761 4174 207 1392 3976 4570 2178 4481 365 957 4827 378 4083 1562 1263 143 3535 3935 1250 4872 3862 1881 2493 696 395 1222 2136 1003 858 4984 2227 1771 2791 1792 605 4320 3154 2327 3054 1906 3449 3645 3748 4398 151 2945 65 4159 2426 34 2121 685 4473 3713 2022 3956 1173 4590 3037 2062 4537 4511 2608 537 3711 24 1858 3868 2427 1390 2087 1988 17 4943 2108 114 4734 4344 831 3040 1117 1449 3688 1738 1342 779 2438 3108 3214 4676 3386 4551 2297 3322 3817 4355 4500 1215 1354 536 3012 1930 267 3154 3207 2563 2175 2983 4210 2114 1156 4979 1738 2912 4570 1728 1462 2957 3216 2935 805 133 3819 251 2903 4007 3082 833 4276 4176 1152 169 2482 3551 1734 4015 1527 2237 4118 2302
