N: 200
M: 70
Symmetric: true
Triangle: false
2 30 150
1 20
2 15 34
2 80 158
2 111 101
4 43 56 59 122
2 23 189
2 172 182
1 63
3 188 146 127
6 110 169 65 81 191 98
3 120 38 131
4 161 173 51 102
2 48 31
3 13 45 193
3 153 1 133
3 200 142 2
4 28 93 116 138
4 199 151 67 29
3 71 119 58
6 175 91 143 100 6 166
1 92
4 176 109 121 40
4 123 12 185 125
3 152 112 36
5 190 88 95 4 99
3 184 73 157
3 145 103 70
2 3 197
3 8 53 154
4 163 68 61 74
2 164 135
2 196 179
3 165 124 85
6 10 147 60 128 177 87
3 108 19 35
1 149
4 83 115 22 126
4 82 117 84 27
2 104 187
1 5
2 86 75
1 134
2 79 174
5 39 46 162 114 52
4 141 66 33 97
2 17 156
2 24 41
3 178 192 49
3 195 78 118
1 155
2 144 21
2 64 168
4 89 7 77 9
2 16 140
7 32 171 44 72 198 50 47
5 186 57 42 18 129
5 160 106 54 90 37
3 69 25 96
5 194 62 105 148 14
3 11 139 167
1 137
2 170 94
2 113 180
2 55 76
1 130
1 26
3 181 132 159
2 107 136
1 183
2060 4153 4510 4901 3063 2399 4640 1533 4236 4748 4387 434 137 299 3795 3440 4754 1814 3947 2917 3909 2551 4574 2986 3342 3517 4736 4142 2977 590 2950 4445 2955 2900 4706 646 193 250 2240 799 3103 1130 443 4559 2944 4792 2736 3517 3141 1835 739 1700 4088 1736 2291 3130 2421 2985 1687 2806 2407 2639 315 4958 2659 2598 2365 1414 781 2957 1213 2292 4431 3471 4010 1521 3611 1449 2301 3489 4048 2869 270 3638 4439 2784 3821 63 1392 3737 2218 1894 1208 4322 3446 1680 1707 898 1577 1470 2845 3781 4268 2687 2618 1289 1903 2224 2408 1513 1025 3821 2198 3913 1612 1679 3367 1025 3938 3278 2559 2051 3827 1385 4198 251 4296 688 1116 3651 142 2831 612 2448 1785 4303 2421 463 151 4828 3373 61 678 3524 4979 535 2834 4193 3278 4731 648 915 4503 870 781 4301 239 2649 559 1382 3355 4345 3381 3123 1207 3320 4750 1186 4426 4945 3660 107 4097 2211 561 2436 2106 4803 1331 186 3033 780 899 1770 2238 630 1668 3428 992 3215 991 175 3232 4275 4405 4172 3324 1216 1383 573
4153 3819 1331 4698 3227 2718 2856 4451 3909 3407 2407 2887 108 3047 1940 3906 4649 3753 4475 3175 427 142 3705 2155 218 4795 4103 1086 3475 610 3334 2607 4645 863 4657 1242 2785 18 3310 3147 4205 4665 4444 4478 4206 4973 3605 1579 4506 2211 1928 1483 1180 4867 825 3736 3021 2539 4259 2741 3261 436 4866 4513 303 3513 2749 1273 3993 4294 3909 365 2705 4289 4751 4585 1100 2195 3300 1536 146 2340 2911 4347 1582 504 1339 2525 4876 2831 1178 3018 2456 981 3132 4106 103 1389 4122 3289 4233 4712 3814 765 11 2604 2235 4297 4140 4993 4144 870 485 3743 65 3701 1000 4612 4438 1926 133 2567 3587 191 2222 4000 2380 927 230 224 1499 1238 3200 2247 42 4355 2913 4221 1707 3279 300 4355 1892 3354 4467 2332 413 2176 195 1588 223 204 3212 253 2298 1806 910 441 2481 1373 3453 2335 2717 3208 2392 2381 2198 2032 2901 587 4781 2489 2524 1498 2291 1751 4084 937 2376 3402 1594 3968 1492 1356 303 3605 731 1690 674 1337 768 1793 2115 4197 318 2737 1948 3505 4433 4362
4510 1331 2949 2345 211 891 1458 4012 3774 4663 3004 1258 367 65 1956 872 4842 3922 2751 3227 2574 1499 122 3749 3440 3038 1733 1935 1202 4450 1969 3527 216 800 4087 454 4510 2160 3042 76 4006 122 701 633 921 2322 842 2966 734 4267 2668 4256 3758 4915 4826 3018 262 3665 2450 2306 3190 932 4352 2738 2983 4969 3294 1786 2775 3897 2526 1904 4752 3364 728 3672 4275 4569 1268 4887 764 4990 4373 79 1383 2389 3754 2338 2091 979 3179 1090 1085 585 675 105 1248 973 1579 2269 1848 4053 2456 184 3386 255 3720 1041 3008 3913 1337 3381 4999 3234 1771 948 4543 1667 3889 122 2583 3885 4384 4045 610 4516 3970 4768 3109 338 1699 3734 2397 4034 1511 2712 3296 4605 3620 3269 4789 3638 4656 294 2100 820 2655 2125 86 4634 193 935 293 2079 3657 4212 1196 2001 1075 4929 1591 3812 3622 4388 1129 3203 1556 4726 3155 282 1053 2021 3155 3651 2364 4636 535 790 4423 1497 490 2336 3120 3025 1682 4036 4169 48 751 2960 979 4368 936 1624 3546 2476 413 1440 3630 505
4901 4698 2345 3065 850 1812 3634 2338 3902 3854 1491 1315 3835 2166 623 1807 1858 1240 680 2219 1580 4049 4859 193 2598 149 4962 4394 2656 4310 1033 4431 2778 4186 4156 1345 4989 2324 2359 1588 1727 78 4369 4029 2294 1380 1766 3542 2781 4674 869 2213 3753 1615 2669 2310 4520 4863 1103 4724 753 3485 885 1504 3099 1071 1166 1861 2064 3800 3488 1239 1705 1900 2817 1043 452 4083 569 2914 1382 2730 3341 995 3470 1453 259 1646 3012 3563 4888 4797 577 931 2958 3819 4642 732 2373 2235 698 3425 840 1732 4018 4520 608 1952 4047 3417 954 4612 3493 4284 2411 3656 2800 3831 3494 112 4789 4503 3923 1816 3233 1734 2039 1003 4134 4113 3011 4386 1057 3647 190 2251 4581 2617 2163 399 2069 626 938 2301 3684 3267 4532 805 2998 1887 3221 1209 2606 3003 4188 3975 373 2870 3387 4505 1571 3598 1693 4572 4377 2145 1172 2700 1687 24 2313 4364 874 3659 1574 3833 3155 3794 464 405 1216 3266 3539 1029 3573 4925 1401 2230 2933 4761 815 4443 958 2378 516 1358 1249 2033 1470 2884
3063 3227 211 850 473 4834 2161 1609 4505 4179 4428 487 4351 111 892 2621 4693 3705 2389 4413 4912 3853 1366 3397 4591 2201 3028 3006 3335 3932 3436 380 2862 3613 1080 2245 567 387 3827 1014 2029 4462 1294 1414 966 693 1589 2855 3006 1903 4483 4627 4956 3525 2380 2069 1282 3183 4659 1588 283 4678 2323 482 1822 1422 1228 277 465 1994 221 1500 2574 3899 2649 4914 4134 422 3200 3083 4893 3918 1664 123 3859 4027 4443 2490 999 2815 1322 3246 4048 3279 150 523 1744 2730 2973 408 3312 213 3672 388 1191 1584 4583 1206 1703 4739 3561 2143 4498 48 2573 400 4508 1073 2643 4553 1495 4855 749 2676 4395 3798 1098 604 2694 2337 2771 2761 1071 2031 4028 654 2284 2377 951 697 675 762 4070 4984 3233 2863 1480 2526 86 329 4411 2425 681 3171 335 4393 4213 460 4060 4915 2917 4440 2161 2867 2119 661 1356 3206 3510 3432 1490 3336 998 3097 3905 2448 93 4737 717 1311 318 1653 4705 2342 3723 1954 2014 3234 928 1140 1871 4856 614 2484 1947 402 3647 4096 3042 4289
2399 2718 891 1812 4834 1753 1323 3751 3164 3591 4999 4376 118 1131 3935 3840 2207 2112 4208 2187 1073 3398 4733 2727 2376 2264 3650 2998 4620 4888 2247 3215 4440 3281 4305 1576 738 3664 2665 4583 2562 375 1723 2842 3891 2984 2647 3318 1453 1471 1768 4717 2542 4595 1455 2626 1005 4289 1220 3392 3681 299 2765 4614 4934 4484 1244 2005 3939 2552 4046 259 2588 2584 4007 1278 4789 1881 299 2559 2453 699 1544 2618 2590 4764 1279 1684 1435 2135 2276 907 219 4665 796 3991 3355 4499 3358 3782 728 1116 4634 759 2558 1022 2825 1377 305 68 554 1997 4837 512 4781 2280 4520 1353 2743 1526 1762 3129 2940 3548 3543 3038 940 4173 121 2948 4493 2196 2634 3928 2881 2295 4411 1341 311 2049 3796 3733 3065 48 1997 923 853 4750 2702 2736 2504 4870 4665 2612 4162 2335 3730 4024 3284 2627 2788 2900 3503 3974 635 3354 1949 1242 4692 2743 1773 117 4652 556 828 442 4789 4633 2711 657 719 4718 924 739 2669 2148 4593 4058 1301 552 1859 1574 3501 1313 4998 3285 1140 582 2945 2536
4640 2856 1458 3634 2161 1323 59 3279 3241 4614 384 4943 3265 4861 4566 1539 2176 367 1388 1258 1395 3860 1518 4718 321 1160 3276 4212 2228 3278 1411 2483 2839 3954 4628 623 1856 192 4803 2168 3400 1278 4013 3075 1542 581 2105 3239 2707 1572 3684 971 3155 4501 40 4116 2784 4998 1712 4237 2462 2691 3286 3695 3440 1447 602 4902 2882 2340 4851 2111 4137 369 2185 632 985 4648 3307 4717 2380 4110 3057 4706 3023 664 1958 90 1991 4371 1587 1249 2621 1068 3162 2419 1092 79 381 4617 1289 1315 1998 564 2316 3492 3689 4754 4827 2512 3311 1092 4558 1116 4392 2965 250 3148 2592 4566 3909 3709 4156 4372 4861 367 1057 615 1232 2686 285 1620 60 2085 2259 4099 3335 3584 3932 4194 1857 918 4966 4498 1341 2946 3949 4805 2266 3515 2331 4579 3538 3645 956 2195 4505 4435 732 4077 3255 1787 1683 3890 500 3662 1703 3543 1102 1067 4853 3261 792 975 4821 1740 748 1769 4655 953 3590 3676 4259 1752 1406 1465 4871 1018 2361 1757 1016 4108 2167 3886 4747 2083 2619 391 1400 3389
1533 4451 4012 2338 1609 3751 3279 4313 2349 3023 4859 3599 2192 742 3661 4825 3420 658 2578 2362 94 2675 4336 660 3405 128 133 3540 3791 1901 2338 242 4536 1487 4032 558 2708 2513 1202 140 1870 2863 4505 3082 174 3991 40 3503 28 2308 11 2633 2264 2031 671 269 4502 4957 654 2844 4133 2456 2630 3538 2196 3984 611 1706 2548 604 4257 2497 1740 813 1405 1531 3318 3498 2601 3997 339 4201 1054 1916 3755 705 3079 336 4731 754 929 4166 4095 3236 2729 1183 10 1013 3382 579 1834 2100 445 2274 3876 2323 173 151 592 3543 4830 334 4093 2437 3624 4416 2595 4052 1092 4111 2783 3188 1144 3900 4310 2061 675 4066 2546 1584 245 4395 1268 843 4437 2760 794 1773 644 2713 4790 400 4257 2608 471 4518 114 892 4314 3710 579 3530 4107 3216 984 2984 2804 4258 2013 2706 2044 872 4574 1750 1618 4734 2618 2878 660 4175 4156 3628 524 4863 1487 2916 2128 117 1104 2532 487 4118 2587 480 4032 2642 2163 4367 1560 3809 1847 4054 4925 2861 4256 631 2630 1545 285 4687
4236 3909 3774 3902 4505 3164 3241 2349 1383 4405 3722 4795 1728 2055 291 2326 1921 784 4360 4671 426 2293 4045 4946 1489 797 1565 1027 3641 823 3755 3979 1501 3315 95 779 2380 1275 1088 4869 557 3367 2083 850 4132 3280 3421 1204 3523 998 226 4053 2352 3652 1259 2896 315 2892 2697 64 1666 915 3165 2005 116 2321 4587 2614 4251 2502 1476 1119 634 2770 1596 63 1397 2766 2799 3656 1776 3625 1487 3801 3340 2123 4827 3263 896 3479 1786 4800 3893 4069 3735 2865 3477 1997 4314 2770 3405 3032 1574 4527 1010 4877 1018 4583 4985 2776 1340 4798 4114 4453 1310 3213 2340 2592 3709 1089 2380 2015 3682 1707 861 1348 2103 4162 2021 2603 246 2469 585 1820 1664 705 419 3845 1207 4319 3948 4213 2471 4778 1657 4754 2247 1981 3285 1152 2264 4992 3623 991 4912 1171 468 3807 927 3714 2338 4214 1357 3429 1078 4364 1850 2309 293 2718 2617 844 1076 491 4301 3576 3719 2676 1047 1716 3933 4010 1130 3168 4081 3120 425 3990 4761 772 1701 2928 3029 3320 4212 4770 1268 1070 278 2288
4748 3407 4663 3854 4179 3591 4614 3023 4405 3425 3170 3629 4155 126 4990 3174 1488 1071 2498 143 2951 1448 1335 951 2336 1440 1965 4040 1921 4745 4975 2779 2065 1875 147 109 938 4377 2867 4771 3052 3331 251 2041 3672 3058 2575 3997 2644 4162 2992 4536 3961 1734 1707 4280 461 4564 4885 4007 3235 647 346 4314 3784 4274 2649 3973 4533 1102 1187 983 1675 3984 1915 1245 112 1783 4245 2205 2887 3407 2831 552 3624 3734 1252 2462 4508 3114 517 359 1431 2439 773 1226 3431 1401 4138 1189 4141 1913 786 3341 1907 2206 837 3418 4955 1630 629 3092 435 4027 3548 4022 2683 2056 1923 140 612 1376 3180 4642 1121 1291 4938 2166 3034 1782 2751 3386 87 883 4368 1534 901 1083 4150 1206 950 927 66 1586 3165 2480 338 360 1660 673 1265 4342 1314 4951 2604 1214 2317 1230 2406 756 4488 3993 1240 1821 3225 599 3889 2225 3287 1590 1181 3654 3856 2970 3047 3776 2888 2398 3856 3699 3828 3543 3065 4897 1864 1423 2871 1869 2676 531 2719 3650 862 884 3931 2477 2975 3596 1576 3151
4387 2407 3004 1491 4428 4999 384 4859 3722 3170 1037 1003 4444 4110 476 2744 534 1756 2470 4214 4685 4806 1415 728 3560 4341 1489 3429 1238 1961 1034 186 4541 4488 3569 3881 3483 4673 2441 4240 4728 1626 4305 1942 1166 1305 2585 324 3391 4504 577 2458 2809 2700 1912 1963 1831 1438 2665 1304 2716 2919 1049 753 273 1807 3246 4177 2621 1843 3904 281 3819 4176 66 2378 573 3617 3276 3552 2712 2035 1175 769 2752 1552 1521 1177 1517 677 2608 2750 2858 4736 865 1976 2592 1851 3809 2252 3194 262 4599 440 1187 2187 2244 2060 2251 3680 3539 2854 3581 3168 827 2566 2975 1561 4061 870 3733 3698 4834 1681 3611 4474 993 2264 3305 4588 2097 2155 3606 525 4470 1709 2800 3529 3396 3335 3219 2813 856 3672 2825 3854 3559 478 109 1208 4556 4704 1587 2737 3213 395 1627 3517 2234 2253 2775 891 1908 841 44 1040 1566 1490 1882 2896 645 4951 4247 1279 1385 4431 3886 4092 415 3808 4824 900 4561 3830 2469 1389 2262 115 2220 944 362 3875 4423 4922 1398 2737 1748 668 958 4480
434 2887 1258 1315 487 4376 4943 3599 4795 3629 1003 3855 2800 25 3709 2589 3016 4845 4083 3352 4289 4202 2744 1373 755 3432 406 2846 4564 3560 4754 3757 3370 1248 2183 791 3226 3579 2127 3584 390 498 587 3900 2971 1859 4395 3227 3983 2190 2737 1027 3162 1071 4938 582 88 2808 1446 1898 1250 2408 3091 465 1525 581 1306 3951 958 3288 4866 2776 3366 2321 626 2629 720 3474 1288 41 1164 4308 4055 2666 34 1161 3267 544 4998 1015 4208 614 924 2174 4855 372 2373 3895 489 2799 4457 491 3321 1116 1660 1044 3993 1252 1790 3852 1008 4594 3678 1356 4988 2753 3177 3452 2423 4380 4276 3738 1895 834 451 3347 2310 4962 3419 2381 4556 1596 901 2435 4769 933 2057 4275 4845 4961 2353 2264 1163 2646 916 3606 3460 2980 864 2884 213 4799 2897 4290 4089 4652 3640 3568 4534 1327 421 382 1380 102 1133 4725 1936 4852 3706 2561 1885 859 2971 1557 4519 3190 2527 3697 4776 4939 733 2112 1458 982 658 3549 4964 1748 3676 3964 148 1647 3859 1491 3291 3267 1865 1049 567 832
137 108 367 3835 4351 118 3265 2192 1728 4155 4444 2800 3626 1171 3955 906 418 2418 1729 2973 2380 4815 1667 681 1591 582 3183 4847 74 333 3293 1412 928 2578 3443 2632 2878 1132 4403 330 2574 1247 447 3972 3559 2115 236 1586 1806 2992 2504 3342 1401 4168 2284 2756 3653 193 1051 2914 4236 753 855 2375 4083 2158 3864 3423 399 937 774 1996 4561 881 1386 727 1185 3421 3683 4054 4821 1903 147 1162 3581 4976 3496 3994 4894 3786 2069 4089 4962 3425 2189 2615 3508 1651 4475 2127 4967 4862 53 268 3047 2664 1031 2899 1397 748 3673 1808 1377 2347 1485 2995 2853 4920 1895 2929 3851 2091 4836 2484 2282 1580 2480 2784 1115 3059 1771 377 4161 4089 1952 2856 3390 1784 4075 4195 1598 3260 821 3890 1966 1332 870 1902 1676 3901 1903 3862 2255 3364 1048 1054 279 2483 1438 577 226 2784 221 1573 3990 4193 1753 3638 1755 3652 2347 572 1384 3966 295 1605 4904 2764 2271 3584 3136 1390 571 470 4259 4666 2620 242 3629 4318 280 3512 162 4692 4821 2533 1279 1883 3899 3541
299 3047 65 2166 111 1131 4861 742 2055 126 4110 25 1171 2459 3454 4182 3786 335 2539 2588 3003 388 2335 3907 1341 2245 3498 4939 2248 2481 2015 3952 3879 2369 1576 286 2791 3487 2179 2108 3788 1855 3447 3682 4594 1049 47 3149 3922 3797 3632 4561 2029 2879 3683 4246 3992 693 3689 4199 688 1650 3957 3057 427 2305 1916 3559 3839 2596 459 261 2708 2935 1513 2196 375 4605 3481 1037 3644 3089 4994 1733 2041 4855 2810 4056 3921 2626 1462 3636 1719 2009 4211 760 1330 603 3824 2498 4732 4133 3853 1620 1200 4454 306 255 4397 1363 2448 2389 4697 1293 3157 1755 1468 1196 503 1484 121 4674 300 3303 4474 3326 1043 201 89 2567 2259 1908 3716 2122 106 373 756 711 2384 1589 122 4502 875 4192 3355 4018 2410 2907 4972 4327 4959 699 86 3117 647 2431 2512 2656 2489 4513 3127 2368 1186 4767 666 519 2795 2946 2455 4300 91 877 83 1253 1864 3059 3457 2900 33 2347 3917 4218 2757 689 4294 1841 2223 3586 3962 2892 2376 4709 1895 2661 4448 322 4180 3045 710 4040
3795 1940 1956 623 892 3935 4566 3661 291 4990 476 3709 3955 3454 4087 2191 4343 767 3528 4025 3422 2594 4784 3535 2860 2837 4162 640 3331 2607 4071 3251 2940 266 1136 2877 235 1763 3380 3646 1330 264 3167 4916 4477 3385 2955 3852 3097 1608 725 3889 767 1088 161 1745 125 1601 4689 4385 4588 2817 3975 683 2549 211 4524 1993 63 2613 166 1208 1921 1207 1584 1240 326 4056 2683 4503 2648 4263 1672 4427 1354 2225 4051 2492 2365 1984 269 4029 702 4733 3337 1643 2063 4717 331 1301 4089 4151 2894 3364 630 2686 1299 4200 49 372 4090 4423 1398 4248 578 4659 3793 1897 4721 228 3634 1501 4933 737 4064 61 2002 1580 3329 2911 4707 4907 4459 31 4867 2777 1450 3945 1305 2885 1014 3500 3418 1296 4473 1513 1019 4892 2813 962 871 4617 1940 2145 4529 1850 68 2034 4912 883 2963 2370 4485 1277 2797 1720 2777 1122 2015 3510 2031 3623 772 741 1927 2165 314 1861 3000 2300 1463 3843 3046 2739 2259 1616 3822 3208 267 2836 163 3751 1888 3482 1674 4450 3585 1845 4976 1952
3440 3906 872 1807 2621 3840 1539 4825 2326 3174 2744 2589 906 4182 2191 1674 4043 3170 1713 3544 4531 2909 3977 3614 227 363 1919 4933 3154 274 1022 2075 3888 216 3891 3657 4545 364 1904 4926 4571 4501 3825 2621 2150 4668 4886 4586 3874 642 1419 1551 1990 2493 1576 3288 1969 4362 1502 927 3731 4939 682 316 3564 1847 108 899 3886 3902 2913 924 3541 4433 210 1043 4480 3366 3661 1798 4116 103 4798 3510 435 34 4247 1114 1115 1493 3565 4053 287 4451 3499 1701 2763 4412 4274 4142 2854 4549 1473 2349 2984 4018 1093 2859 1770 3245 2744 4060 3009 3385 2641 1753 1219 2142 1171 3648 2368 124 2425 150 1956 2199 3577 4763 1942 3540 3366 1304 2445 2037 815 461 2582 805 2780 2184 4258 436 504 4174 910 2840 4196 2016 3570 4137 1353 2532 1306 2918 2554 2677 4754 3769 998 1724 3750 481 3504 490 1667 2164 163 4343 1951 2985 3409 2535 2418 3356 3122 1907 4162 3206 829 3254 2938 963 2500 2174 3664 4919 3474 1403 1422 1777 550 3840 452 928 1834 3779 211 2958 3576 4315
4754 4649 4842 1858 4693 2207 2176 3420 1921 1488 534 3016 418 3786 4343 4043 2425 3994 3288 517 335 3038 3865 2396 2391 593 3874 4809 1183 1355 2460 3271 2595 3591 1353 2324 4413 2255 4665 4924 3331 4935 3013 3979 2259 4608 3632 1897 3497 1545 782 144 4825 274 4903 4779 4922 822 1598 2112 3722 2657 2037 1104 495 1648 183 4520 92 4527 376 417 3283 1299 3950 4509 698 4821 148 69 4292 1664 621 2569 2927 2056 4794 2757 2745 3111 2651 1913 192 3074 4428 1838 231 3866 4885 1198 1526 558 1285 103 2413 3943 2006 2826 3545 4834 3741 1524 4258 144 1823 4449 901 2398 1622 941 2500 3425 3407 1866 979 2644 4512 2356 3030 4580 1239 796 3144 3318 4842 1703 4027 529 977 4478 873 4544 914 3722 3593 2005 859 4365 1060 1948 4170 3934 2601 795 2485 1135 3399 2612 3172 2233 4855 4893 2837 1227 2795 2962 4850 3807 639 217 4986 2051 4351 3869 4561 357 4815 416 311 3580 3336 1327 3600 2645 1520 1280 350 3338 2118 3114 1164 2918 4414 2470 2613 2536 517 1777 1153 3690
1814 3753 3922 1240 3705 2112 367 658 784 1071 1756 4845 2418 335 767 3170 3994 3156 834 3784 1456 1091 1533 4911 2228 4576 3292 4174 4903 3371 1036 39 3977 4475 4436 3701 331 758 4523 497 1953 2803 917 481 3178 3306 368 1427 3448 1135 2212 539 1216 3911 1099 3303 3834 3379 1696 1555 3508 1459 2455 3294 4853 1515 756 577 3218 3130 989 3934 4895 4997 3916 4562 3866 4695 2323 2671 4700 3617 617 2294 2742 1240 4994 4287 4095 4334 2793 426 15 3143 2896 2304 2634 4723 586 1269 1956 3312 4979 3611 1072 829 4948 1512 45 2863 1157 1482 4653 4502 778 3803 507 3146 1376 1693 2730 4888 2608 4445 4608 3447 1468 3112 256 2337 3366 1151 4367 4054 883 3725 1160 269 2822 2640 3355 4230 1003 3848 847 753 935 4571 512 2618 4886 3146 251 2688 4573 2183 4335 2735 819 3061 3668 1730 1381 1663 3939 1105 473 1725 1758 219 1372 2394 4060 1062 4224 3620 15 1845 287 3043 516 1830 1812 3926 3158 4141 4662 1173 2742 822 1803 1011 433 708 1483 3603 2804 2729 2737 1947
3947 4475 2751 680 2389 4208 1388 2578 4360 2498 2470 4083 1729 2539 3528 1713 3288 834 2084 2817 1224 2472 604 4150 1382 2043 4650 4801 865 1652 188 1416 4025 4191 2214 2499 2298 241 2167 2689 662 4202 4212 4469 2079 4471 161 1114 2103 2745 2672 1924 1121 4854 4833 2323 1626 1713 4500 1301 922 3205 208 4221 4749 2852 1350 3306 2941 3492 1007 4751 2029 603 787 1989 1762 4928 3571 4155 3579 2411 350 3261 4500 607 3493 176 1378 3449 2004 4875 1455 940 3786 1619 210 744 326 307 1530 4901 3140 3745 53 2396 4709 2786 747 309 2341 71 3912 1763 1395 4378 1227 1640 4163 2934 2198 3978 1700 3296 1579 2934 1620 2910 3557 1073 2857 3687 3500 2623 1236 3396 1847 4001 3373 2857 4051 4741 3056 942 2628 2413 2802 2641 4496 2504 214 337 1831 4219 414 2421 1654 737 2529 1572 347 2151 1089 669 3331 713 4372 1973 342 4824 4310 2481 4327 2626 378 904 3304 2997 1832 1019 1737 4098 1564 3425 1527 1203 4289 2813 3183 2529 96 2924 413 586 3781 3428 1723 3651 2064 2842
2917 3175 3227 2219 4413 2187 1258 2362 4671 143 4214 3352 2973 2588 4025 3544 517 3784 2817 1529 2829 121 822 3147 2597 3514 3057 4893 1058 3368 1664 3792 4004 4082 1812 3156 4344 2151 3387 2492 2070 245 1107 1347 1401 4061 2536 2305 3187 439 1353 1326 774 4098 4775 234 1290 329 959 2461 4520 4526 3554 3343 3288 526 2911 1501 4947 3945 1994 4096 3967 2327 596 372 3029 4074 1797 35 2365 1396 1316 258 677 3574 1495 491 1426 2480 1585 810 1844 3291 2206 891 1920 2431 353 3592 202 2753 4753 3155 133 3911 1716 4163 2192 3109 4404 1978 1252 3777 2692 2025 914 618 790 2721 873 2841 4729 1607 332 1031 3063 590 3451 3673 3744 4136 2912 3074 2668 2503 2901 2664 4393 1598 3309 4680 1528 1688 723 1381 3113 4635 385 4137 4107 4072 3556 3226 3794 1838 260 1933 2748 612 2171 4705 2721 3334 4364 1910 1280 887 4134 2712 1768 3955 2378 3318 3144 2909 1661 3173 373 3944 2660 2574 1852 444 1270 2898 4756 4838 4353 3073 3172 2769 4906 2144 4257 2750 2786 2515 1721 2154
3909 427 2574 1580 4912 1073 1395 94 426 2951 4685 4289 2380 3003 3422 4531 335 1456 1224 2829 4459 790 4886 768 2481 3879 2815 2145 4472 4741 4632 4228 4108 3295 1529 3231 2780 4169 413 3102 646 4102 4506 726 1524 4287 628 3384 2496 3787 1186 599 927 1287 3297 3443 2919 48 300 4574 3645 4523 1883 198 535 1663 3732 4496 2645 1117 2114 4544 573 3810 4676 460 3464 3270 680 1013 160 618 2932 4059 100 4962 3981 3574 671 1807 833 3250 4201 2984 3856 409 4822 3983 3983 891 3409 3931 1502 2819 1016 4992 4075 4408 1189 280 1112 3402 1175 1813 538 573 3735 4270 4924 3311 1094 2728 3229 3420 800 3421 4670 4572 3323 3698 2735 1471 3725 1831 895 609 3347 1374 646 3589 1600 3489 3886 2702 2269 1399 3164 2352 4479 4604 3756 4983 4494 2855 1564 1050 2965 2715 179 2686 1921 725 2772 2954 2817 1486 81 64 529 4096 4305 1691 883 510 1686 2739 898 292 2833 515 446 3694 4000 3320 95 1520 1766 494 1908 2868 743 4563 2974 3293 2167 4876 807 2192 1008 2313
2551 142 1499 4049 3853 3398 3860 2675 2293 1448 4806 4202 4815 388 2594 2909 3038 1091 2472 121 790 4099 443 4097 3973 4499 2823 2598 3196 2104 1616 4796 3567 2726 273 3749 179 2806 3719 304 4265 2304 4718 3887 4682 3398 217 2555 3308 643 70 1326 4467 2060 3572 3046 4874 1860 2118 3789 1661 3872 4864 2937 81 17 1346 3554 1331 3343 2077 2973 2157 2619 4559 1619 655 1736 3424 136 1702 3132 1465 4158 1396 3496 4291 3977 1112 160 3735 2341 1233 4562 2240 3611 2268 3323 4284 2931 1586 159 1045 2130 4885 1149 3724 467 3594 2048 2017 1842 2159 444 919 1189 2317 1549 2352 2674 3724 1656 2732 4992 2367 1203 4062 4111 4974 3225 272 817 3150 3555 2864 3144 568 3200 4396 4958 2715 2646 3119 4363 3041 94 1879 1523 3077 2579 1129 1346 403 4385 4791 3966 4259 3150 1142 4449 4209 949 2671 3209 2158 1623 1301 2563 3512 2439 2159 2458 1094 2697 1732 4747 3532 3389 3303 3119 1359 3759 3130 1421 4987 3526 1547 22 2989 4572 3231 4413 2456 4219 2038 4913 3350 3633 3299 679
4574 3705 122 4859 1366 4733 1518 4336 4045 1335 1415 2744 1667 2335 4784 3977 3865 1533 604 822 4886 443 4515 3921 4197 1908 4945 3447 4314 1085 1620 1409 3176 125 3197 3022 3564 952 747 3669 4567 4217 1950 2330 4028 2252 3712 290 1975 4246 3832 3190 4624 970 425 2158 1883 4962 2356 3860 1838 4201 1166 716 4989 4545 4238 2119 2149 2852 983 368 1051 2513 4925 3769 1232 120 2601 1437 2704 1619 3439 1525 937 3541 2794 3418 2439 4627 4007 4963 1202 4364 2337 1529 850 1514 901 3777 2685 1689 1827 4479 4577 2073 4804 4508 4571 4009 998 1670 1028 3935 3150 1456 4748 498 975 2844 4587 1234 996 1637 2327 4132 1570 2495 2649 2954 1990 1682 1147 4104 644 1091 1231 3356 620 634 3519 2492 1893 2177 4024 2880 3224 4296 4525 1724 237 160 3421 205 128 2816 3339 2087 1787 2685 340 539 1273 2258 3648 1730 4232 4657 13 99 3269 4952 3248 3689 600 307 2230 2739 2630 2033 2386 1501 3926 2069 823 159 1725 4735 3924 857 4028 294 3700 3763 4123 1257 3000 119 2601 4086
2986 2155 3749 193 3397 2727 4718 660 4946 951 728 1373 681 3907 3535 3614 2396 4911 4150 3147 768 4097 3921 3640 240 2127 1963 469 3747 3760 3776 867 695 879 3599 3991 2594 1654 4096 171 4515 2726 2782 1946 369 495 4222 265 3136 2240 3811 3124 3410 4201 4479 4237 1896 1797 3985 2100 3806 4444 3677 4836 4617 3057 1326 2767 646 3850 4955 646 3274 2364 1183 4262 1062 1684 27 2985 4169 4010 1827 3301 848 599 4986 1998 4902 1452 3810 4525 3883 2817 3163 3088 4053 2145 1400 2583 3476 3674 4395 933 1106 4287 3841 2233 3011 3653 3577 1988 747 3729 1942 2208 4165 2786 204 4562 2778 3638 4646 4402 3908 2220 2047 1980 2464 1773 2288 2162 890 783 1239 30 2946 3913 530 4860 3616 2260 1044 4227 1069 2905 1016 1401 1016 4223 3723 3362 532 2457 1552 1720 2773 4054 1146 3165 2058 971 4916 3126 2803 4558 1284 1802 1810 1228 2301 3879 769 1382 904 248 2917 4257 123 4876 3843 179 4089 1646 2315 2323 763 2815 3420 3055 3055 1509 1130 4460 4111 2362 36 3338 2228 4758
3342 218 3440 2598 4591 2376 321 3405 1489 2336 3560 755 1591 1341 2860 227 2391 2228 1382 2597 2481 3973 4197 240 3530 4515 181 2290 3900 4074 2870 1777 735 2499 2390 2512 812 719 934 1312 2074 4580 887 2500 1100 1307 1640 4555 629 903 885 3251 348 894 4815 3666 1016 1908 686 124 3803 1203 326 2971 4115 1897 108 795 3769 1303 958 2176 4024 1608 4750 4065 1577 2015 1261 4575 640 1459 1883 429 3596 969 1898 4637 1841 4291 3752 1263 2587 633 4166 1129 4318 3883 1112 3267 3478 4500 3587 866 1805 3577 971 694 2202 2081 906 4510 1940 2024 975 743 1240 674 639 2913 3078 4962 3797 1442 341 2587 820 793 2020 2886 429 989 2265 1966 1634 1369 641 2823 3378 756 2827 2372 2616 3402 3131 943 2903 3446 2268 2945 4092 134 4423 2101 1291 246 4208 2939 1241 2078 2966 1372 1367 2491 3099 4881 3744 352 3830 1458 2236 3792 153 2576 2091 3478 2591 4377 2153 2689 4399 4221 2741 1684 2400 279 2463 4461 4269 646 4984 3095 4051 2637 535 419 940 679 2115 2511
3517 4795 3038 149 2201 2264 1160 128 797 1440 4341 3432 582 2245 2837 363 593 4576 2043 3514 3879 4499 1908 2127 4515 459 421 2734 600 1168 3602 4385 2476 3878 345 3862 2928 4128 2788 4088 1876 3517 737 1810 759 3216 40 3480 2564 4991 4059 302 3649 1212 1291 4007 4095 4718 3009 1107 1393 507 3685 3148 2412 2082 793 119 3655 2620 3574 410 2852 3793 4419 3395 1405 1147 3333 4321 2031 1911 4214 4660 1901 3461 3004 1929 4706 1207 958 2975 3792 503 710 102 2685 1891 3569 794 3981 2179 2357 3675 2524 1917 3222 4313 2497 981 1876 1051 4592 2397 4258 4280 2488 214 3386 391 3845 553 1310 767 1186 836 937 3183 3849 4807 3839 4933 4918 2236 3698 3819 1672 2154 894 1328 3796 3584 2160 4303 4080 3896 4471 2639 1576 3226 4822 1525 2570 531 1298 4984 2177 371 1707 733 3748 4817 502 440 3899 4867 2247 23 3308 2894 409 2838 554 2628 4148 3964 3614 4919 4606 2634 741 186 285 1135 1491 638 2520 3836 2727 3851 218 169 2007 3623 3817 3469 3112 1936 4282 2191
4736 4103 1733 4962 3028 3650 3276 133 1565 1965 1489 406 3183 3498 4162 1919 3874 3292 4650 3057 2815 2823 4945 1963 181 421 110 2978 4215 33 269 3571 160 432 2540 4110 403 681 4689 4960 2496 3840 2019 1026 1670 638 4898 4926 4840 1121 1336 2706 3331 4968 222 3653 174 3274 1077 1017 2041 3236 3120 3734 2002 3356 829 990 3802 3429 2531 2058 1799 2398 3654 4391 640 3944 4790 59 711 2937 316 2377 4770 3094 1165 3189 829 4898 4026 2515 1623 2062 1561 908 2560 3098 550 1103 3226 3339 1109 3272 3118 168 2308 462 4196 3921 578 404 273 1235 759 2842 3563 3780 1497 1862 3362 2497 569 1625 3959 3122 1652 1271 623 3744 1556 2902 2648 1692 509 2308 3691 4800 1194 1151 4828 1727 622 886 4624 4677 3768 1047 2944 4330 2491 433 4458 4076 4660 817 4036 2567 2398 4937 1115 1751 3907 141 3445 3279 3312 2046 1701 3483 556 898 4732 1961 4157 423 2992 2130 1136 4345 2186 2259 3536 3395 343 3397 84 3030 4335 4024 1481 4987 2859 2825 4413 1278 2924 1831 1160 33
4142 1086 1935 4394 3006 2998 4212 3540 1027 4040 3429 2846 4847 4939 640 4933 4809 4174 4801 4893 2145 2598 3447 469 2290 2734 2978 4691 545 2648 1669 2734 489 2475 3573 4366 2164 552 1849 2113 2680 4460 166 600 2720 589 2160 1917 35 3612 1880 616 2517 2711 3098 3573 427 4224 1311 1418 2504 1240 4364 3111 1698 667 788 1382 355 3038 4032 1656 3583 2295 2297 3565 2853 213 4797 4242 4982 1246 3851 4652 3984 1641 4322 703 4776 3206 2454 1418 2231 1287 4603 4535 4815 3371 1133 3665 301 4223 1194 3541 3732 2857 4478 2241 2725 4678 735 166 1531 3702 3922 602 1916 2227 4330 1246 2996 1801 4176 4207 1928 3827 4979 2893 2808 2415 2773 3863 3532 997 3507 238 188 3593 1510 4921 2348 570 805 3057 21 1013 727 2014 1071 2988 2761 3955 2302 2244 3411 2927 189 3475 4061 4565 1327 314 2195 3469 1528 2888 605 3083 135 4203 2400 3484 542 1881 3410 3653 2322 2050 1945 3522 1059 395 4079 784 430 3380 29 3028 4888 2158 2848 217 1417 608 4301 503 1709 1004 3306 324
2977 3475 1202 2656 3335 4620 2228 3791 3641 1921 1238 4564 74 2248 3331 3154 1183 4903 865 1058 4472 3196 4314 3747 3900 600 4215 545 1423 2358 1095 4921 2035 4296 789 1945 2162 167 3721 1725 1295 4053 2492 4977 1860 3298 4383 3235 4221 2982 3235 4126 2112 515 2281 240 2393 4603 667 4474 1926 3343 737 4169 1528 4074 979 320 1202 4683 3997 3131 1909 2454 443 2586 1480 477 185 3383 3565 326 2433 4971 4151 3136 3738 1526 1900 1697 2223 4837 742 1563 3546 3399 90 2421 4459 4336 1126 3138 2822 4182 4381 3789 1554 3150 4627 1865 1350 2645 3254 2379 1182 4140 2691 493 3081 2241 2051 1710 4439 3349 4798 1805 4636 1329 1728 1271 740 731 2183 2507 166 4259 2819 1833 1390 1723 2980 1187 1349 2544 332 1282 4981 2202 1773 4381 3443 2625 4010 3325 1664 2712 499 2060 900 29 2872 1132 321 3382 4655 3903 2735 918 796 2646 2805 1574 1831 1626 1698 2147 1604 1166 2303 253 3359 4486 2719 2847 962 1623 2997 2809 1376 4864 2754 1794 3333 769 4214 2630 644 2080 2098 3746
590 610 4450 4310 3932 4888 3278 1901 823 4745 1961 3560 333 2481 2607 274 1355 3371 1652 3368 4741 2104 1085 3760 4074 1168 33 2648 2358 455 2042 2745 3227 2968 4827 3974 857 3389 625 516 4370 2085 532 3616 3430 4867 509 2282 3680 1105 3335 1595 2292 845 2054 2815 4484 1836 2120 4349 1517 562 304 130 502 3306 4442 4970 4781 956 3746 4666 3489 1689 4414 1009 4008 1825 3505 4444 3375 3227 3387 1548 2083 1544 3895 1849 2682 872 1004 1151 2172 4800 3486 1401 435 4184 2969 2610 2463 1591 3071 2662 3948 4899 1684 4042 1505 3576 1723 4433 845 91 4279 3429 2975 2651 2408 1672 2994 4195 4391 2433 3012 3161 4917 4333 1972 2080 4031 2169 2710 3621 3133 97 377 4275 2503 811 884 850 3210 1462 333 3993 950 541 1693 4509 1738 3939 3498 1945 4274 486 3721 2692 2992 2304 1216 3012 4012 265 2620 3024 2932 4236 4899 4730 1358 1631 605 492 4927 2487 3206 4968 935 588 234 3930 3483 2066 97 1990 1440 2236 1100 3484 3865 34 1054 800 2016 3312 4508 2401 299 288
2950 3334 1969 1033 3436 2247 1411 2338 3755 4975 1034 4754 3293 2015 4071 1022 2460 1036 188 1664 4632 1616 1620 3776 2870 3602 269 1669 1095 2042 995 188 1243 4152 3204 4536 3578 3394 3150 2200 2537 4618 4617 4089 4640 2082 356 4700 3615 1012 3294 760 14 68 1337 2536 3185 2222 4596 3313 4924 1546 1333 1976 1567 4905 960 2599 1961 3942 707 325 1573 3216 3533 2395 1839 1563 2785 1453 3046 1147 4214 2552 3756 4561 4295 2184 842 3530 1082 1837 883 929 4020 3520 154 1546 2588 141 1521 663 1753 228 4237 3780 1917 4318 4849 4251 409 923 4073 1053 65 2243 1317 4962 2351 223 2034 3365 143 3606 64 4189 1892 3051 3872 1651 2177 4815 3673 111 183 2610 2721 3883 355 2014 1854 3997 632 4735 128 802 506 4761 4675 3890 2758 343 156 3401 1121 837 4815 4611 4418 3886 3120 1517 1684 1164 775 879 2414 2417 4227 637 2816 2798 4474 2739 3361 789 1091 3015 1734 1536 4579 253 4083 2098 1180 3987 1153 4296 4780 4965 171 436 4036 3049 443 4170 2058 2408 1172 1832
4445 2607 3527 4431 380 3215 2483 242 3979 2779 186 3757 1412 3952 3251 2075 3271 39 1416 3792 4228 4796 1409 867 1777 4385 3571 2734 4921 2745 188 4291 4897 3942 2045 2129 4979 1569 2501 3524 2818 1115 3482 4893 3747 847 752 937 1998 3011 430 2319 3317 1567 3624 69 3409 3129 1986 4673 3160 3067 2576 3014 4200 3041 1352 2270 4900 900 4827 800 2068 2959 1976 1009 1461 1510 3465 1324 3230 1821 4882 766 4127 3099 4046 4856 2201 3623 451 934 4658 1200 2521 4994 4389 3256 3350 1344 2612 573 3343 1638 1599 3462 3474 4891 2227 3370 3446 2020 4074 2760 766 4584 4231 4501 4027 3271 4195 2082 1237 419 3314 2622 3184 4608 1268 4161 4298 3051 1611 2159 107 1474 2895 4016 4179 475 715 3835 3162 3771 2378 1606 1807 4157 137 4235 3867 3465 3051 2654 3393 1672 2009 3359 2183 11 4459 1015 882 2178 4607 1605 3489 649 2344 1094 1129 876 2543 3025 1627 1783 1363 739 4191 2645 4844 2282 3231 695 86 523 4580 658 2183 355 2903 4857 162 4529 1761 3339 558 4860 3352 1834
2955 4645 216 2778 2862 4440 2839 4536 1501 2065 4541 3370 928 3879 2940 3888 2595 3977 4025 4004 4108 3567 3176 695 735 2476 160 489 2035 3227 1243 4897 3789 436 1794 4339 2344 4256 1466 3379 950 3348 2566 437 449 2653 642 1816 276 4925 4400 4431 52 2524 4600 573 4317 1350 528 2806 194 3084 538 917 2336 3172 694 2708 1091 3714 325 1976 1220 197 522 1918 2412 3399 2078 575 4895 271 4351 3367 4769 3356 627 4642 409 1841 152 727 2247 3121 3249 997 3026 1470 897 135 2547 2778 1491 4315 255 190 4508 404 1279 3392 746 3455 3236 4530 2261 4574 1956 3355 4729 4847 4854 925 4622 2824 761 2061 3800 3629 4106 4706 2978 694 1311 3941 4931 42 970 1405 2167 3160 4986 3899 2404 748 2098 510 1961 311 233 2191 4709 593 1381 2246 3077 2080 2080 2510 4237 945 3755 3477 3124 4589 1362 1158 1430 1445 1081 655 4582 3607 3959 2399 2504 4733 4440 15 1283 521 1312 2785 1866 511 4929 884 2222 1698 684 3923 520 3027 401 614 1870 1231 1473 3584 1677 1096
2900 863 800 4186 3613 3281 3954 1487 3315 1875 4488 1248 2578 2369 266 216 3591 4475 4191 4082 3295 2726 125 879 2499 3878 432 2475 4296 2968 4152 3942 436 1102 3195 811 488 849 1873 1180 834 2811 2277 2504 666 3106 2399 2605 2135 758 2447 4548 4715 2542 1729 3771 463 4615 2342 1828 933 1874 293 4002 280 1378 2659 3960 2673 3142 3425 4330 3437 1134 60 2100 802 205 1880 2233 1935 2642 3827 3754 4866 4504 4635 1652 4332 641 1787 806 2119 3154 3336 3145 2689 4617 124 4062 3946 1082 2392 4326 838 3808 4613 1702 2053 4412 851 214 3665 4147 897 4866 2209 739 3392 177 755 1778 4940 4327 3928 938 4514 2870 697 2019 996 3185 27 1884 468 3004 107 1402 223 2158 3275 1420 2725 2348 323 4807 1210 4873 1439 205 4335 630 1097 2100 1335 1874 4154 3485 2828 4755 286 2856 3694 4757 339 2597 883 4504 4962 338 3748 210 3674 344 4034 3722 1178 2165 2377 1667 4684 4118 1868 1807 1306 83 1209 2555 3764 4851 2058 1712 3513 415 2314 1517 4454 4425 2463 4235
4706 4657 4087 4156 1080 4305 4628 4032 95 147 3569 2183 3443 1576 1136 3891 1353 4436 2214 1812 1529 273 3197 3599 2390 345 2540 3573 789 4827 3204 2045 1794 3195 963 2185 4315 3890 2305 4043 3061 4684 3106 1671 572 4218 4269 2850 1912 399 4821 2506 4538 1355 3672 1834 2717 1399 2051 4373 2191 2643 2120 4154 472 3317 3806 4922 1538 4871 3224 2396 319 4572 448 3597 2125 1579 3959 2168 2390 368 1525 2848 4853 1171 1515 377 1810 2258 2634 2394 3632 1960 3836 4937 1478 3123 3078 2287 2349 923 2406 83 4741 2628 655 610 2375 1829 3641 1075 1738 3298 701 4541 1510 4519 924 2993 3783 2346 1171 1994 105 1799 1848 2797 1456 873 1126 4893 1928 255 2869 4521 2653 3895 2746 788 254 202 154 1749 3002 3490 3650 4198 4283 1008 4039 4258 4462 4440 2577 2490 709 4581 3600 4670 4347 1760 3712 2187 3761 2597 3711 4536 485 366 789 2935 2682 4345 757 1710 2962 454 4789 1902 4132 792 2143 1747 4776 939 1475 4450 984 1030 1497 3859 1173 387 1286 2959 885 2706 421 1995
646 1242 454 1345 2245 1576 623 558 779 109 3881 791 2632 286 2877 3657 2324 3701 2499 3156 3231 3749 3022 3991 2512 3862 4110 4366 1945 3974 4536 2129 4339 811 2185 300 2691 1764 2658 4581 343 619 3999 3941 3732 1989 1198 473 4807 2606 315 1482 2480 1869 4553 3158 3940 4036 807 1586 2862 3060 694 1355 1623 908 1002 4028 2942 4665 3816 3978 2750 4456 748 713 4720 1745 3555 4553 1002 2746 4849 3646 4306 2055 2344 325 926 4341 4512 4055 2606 92 678 1253 2527 4858 855 3373 3394 3131 3658 875 309 2285 3461 3231 4793 1336 4929 3596 574 2846 1517 3702 4045 1516 2601 1260 1619 3360 3536 1972 1565 1817 3513 2694 3336 1500 2214 687 3547 4818 2600 196 3836 128 1737 3565 1702 2811 1576 478 2368 1766 1892 2462 1331 983 185 4586 2281 1618 4638 232 511 4662 826 4669 2554 4881 1722 3868 913 4171 324 3923 3267 2771 4065 4908 1707 4626 4634 2689 4657 375 3886 4185 3492 4475 4686 357 2283 2656 3025 1420 2801 4110 3197 2077 2446 1633 164 4932 212 992 2389 4035
193 2785 4510 4989 567 738 1856 2708 2380 938 3483 3226 2878 2791 235 4545 4413 331 2298 4344 2780 179 3564 2594 812 2928 403 2164 2162 857 3578 4979 2344 488 4315 2691 3817 2016 1983 1219 130 2875 4895 1394 603 998 3691 4549 3862 3898 4322 1551 2702 113 996 105 4120 1195 3136 3276 708 696 2400 3662 280 4058 4474 1396 3553 2184 2754 1118 1592 1529 1910 888 3246 2021 257 341 387 2321 4800 3195 2233 2694 1176 4701 2742 3971 3186 3573 1479 3959 2775 3924 4779 3478 4364 955 3224 608 4269 2567 3147 3057 3913 1142 4544 871 4067 3564 3881 4708 152 1015 1196 3134 4296 2954 3552 2881 2196 1234 4069 1827 983 1011 374 1513 4782 2052 1824 1081 2639 315 2704 591 3768 651 924 1505 1413 481 1295 309 239 2163 4944 287 1655 26 3853 2248 1496 2112 4769 3101 1427 3604 3359 2932 1935 3528 3879 4081 2446 1696 2750 1336 1906 3547 2476 1702 3205 4300 3712 3454 2578 4303 1724 4765 3725 2387 3771 4611 4945 2140 3321 1706 2359 3783 2446 1554 2501 2927 2883 641 4153 1216
250 18 2160 2324 387 3664 192 2513 1275 4377 4673 3579 1132 3487 1763 364 2255 758 241 2151 4169 2806 952 1654 719 4128 681 552 167 3389 3394 1569 4256 849 3890 1764 2016 4571 3194 2582 3853 3279 2912 2874 2600 4412 4437 2120 3719 86 3416 2054 871 1602 4583 4523 1244 4291 3085 52 2970 4437 664 1077 2262 2653 3122 3715 3868 243 2071 4849 1639 3853 4479 1343 2931 40 692 528 3253 1385 3545 509 3241 2666 4922 2356 789 11 985 4962 3505 4466 1848 3668 4541 2475 1690 4404 3946 4839 4242 1081 3889 1745 3606 4970 1440 2373 477 2761 2337 2227 4561 466 3672 3739 973 2703 1813 471 2642 1646 2126 808 3063 1161 841 3460 2528 239 4946 946 1945 607 4677 1492 3481 4267 1453 3387 2932 2554 187 3658 4938 1904 3557 1596 1562 654 439 1871 2184 1631 3432 4499 1835 4073 1755 2696 4589 4910 4512 2868 2030 4749 3909 1207 2478 1726 3870 4705 1880 2131 3097 1437 4487 1196 434 327 2304 2907 3501 475 2610 2974 2149 3447 1184 4148 4207 4154 2617 3233 283 2488 3749 475
2240 3310 3042 2359 3827 2665 4803 1202 1088 2867 2441 2127 4403 2179 3380 1904 4665 4523 2167 3387 413 3719 747 4096 934 2788 4689 1849 3721 625 3150 2501 1466 1873 2305 2658 1983 3194 238 3359 3048 4095 1355 503 3911 390 204 2070 3279 1713 4509 3694 4628 3976 993 4063 3660 2863 694 4766 1869 435 3266 695 3662 4915 926 4710 3371 4668 854 4827 3852 558 4891 4459 534 3537 1942 3274 1140 560 4608 1323 1831 2367 1683 2933 902 513 1788 4931 4563 4232 3308 1211 4380 4828 750 2194 3759 2812 2560 1744 1510 950 964 2483 3884 342 925 3235 4601 1018 2037 705 1551 4541 3755 4396 1658 3368 2212 2878 4821 3905 4238 4668 385 2709 1795 168 353 1625 2026 2055 3507 2799 2616 316 773 3493 4818 779 1257 450 112 4550 3139 3402 3284 3907 3749 2068 1782 2358 1759 1256 879 336 1131 4602 4356 36 1591 4900 156 2372 2124 4635 3592 38 4746 3333 3243 2827 555 2796 2267 346 2760 1538 4037 739 3696 1858 4019 4469 795 4258 778 2778 3135 1009 1593 3666 1060 1937 32 4986
799 3147 76 1588 1014 4583 2168 140 4869 4771 4240 3584 330 2108 3646 4926 4924 497 2689 2492 3102 304 3669 171 1312 4088 4960 2113 1725 516 2200 3524 3379 1180 4043 4581 1219 2582 3359 4004 4036 3542 4806 3698 787 2557 2166 4347 500 682 4448 1110 3338 1724 4272 4257 1353 3311 2938 1299 3960 2048 2557 1571 1461 1710 2494 2681 2501 3326 3140 2884 3097 2923 3897 4314 3039 3887 1831 4240 2024 2140 4667 2634 1799 1327 288 4142 3338 90 3474 4631 2838 1262 4286 3498 1854 4062 4774 3342 57 2110 924 2712 2943 2446 4269 219 1771 3395 4328 4576 2068 884 1292 1033 1056 1612 1899 3468 3246 2581 3130 14 1565 4397 3037 1296 1084 143 1841 3783 2216 599 588 3377 3420 787 3759 673 2511 3387 3286 4860 3091 786 1657 804 2446 1757 3474 1719 3469 2174 833 4392 4723 4110 4574 3883 293 4111 4710 3476 4543 3152 3519 464 4536 3734 4279 4997 295 3455 3946 1224 2951 4821 1195 4779 837 4312 1723 2958 2385 2069 2238 2560 172 1895 2254 4278 2750 1115 3546 4625 200 1285 4433 2364
