N: 200
M: 50
Symmetric: true
Triangle: false
3 195 111 128
2 185 177
3 151 85 188
2 101 8
2 156 5
5 1 31 113 38 112
4 198 163 96 174
3 196 141 58
11 35 10 67 135 45 171 133 78 83 140 97
3 34 87 46
3 15 76 99
5 161 23 62 105 172
1 42
5 17 186 175 193 192
4 127 50 49 44
7 52 59 118 64 66 93 81
4 178 165 116 92
4 100 132 152 88
8 102 181 32 25 28 19 124 119
7 131 145 169 4 22 20 82
2 21 170
6 194 56 73 86 12 110
5 199 47 134 2 3
4 90 158 122 98
2 154 164
5 7 91 123 9 190
2 144 173
4 61 143 24 109
2 13 54
6 167 114 33 40 155 179
5 121 150 43 63 30
4 139 108 162 189
2 11 153
3 53 77 168
4 48 148 157 149
2 74 36
9 106 138 142 147 197 69 176 6 146
2 16 115
2 75 160
2 72 183
5 51 60 120 71 117
5 26 137 126 14 166
5 182 104 84 55 159
4 95 103 184 125
4 107 180 18 94
3 79 89 129
3 65 41 37
3 200 57 187
5 39 29 191 68 70
4 136 27 130 80
930 196 4401 1620 1499 4189 3282 2158 1588 2253 2653 4117 4498 4006 923 810 3676 2343 3138 4252 1941 3006 4877 3082 3629 3072 2129 248 1604 4483 274 259 3485 117 4030 752 289 2552 1614 1675 2754 1199 1922 318 3147 3102 982 3269 1985 1084 905 3546 29 2906 4679 17 1770 4930 3248 338 1891 4741 2609 4528 958 3899 1904 432 2516 243 2868 4222 1358 428 277 877 818 2558 219 3247 198 1673 1614 2856 3687 2945 2032 1180 82 1700 2309 1754 3376 851 3555 2682 4342 2252 4746 2420 3282 2177 2330 4368 3333 2480 1260 3374 4588 3208 986 4552 517 2049 4599 3426 4942 3455 4857 1011 2648 1902 4678 2742 3954 166 3187 226 609 1723 1941 1691 3595 2779 3448 1200 302 1167 1399 4190 2930 921 4943 3799 3852 175 2795 4037 694 3727 4325 2821 2670 2246 2019 420 2495 1442 4717 3473 2398 76 3836 3027 24 3806 3224 4904 3609 4171 1569 236 1951 3618 3659 4149 4842 2989 3833 3742 122 4494 1216 4196 4709 2769 2477 987 2910 2109 2020 4245 10 2565 19 496 1669 4581 4772 192
196 2229 4145 4872 1750 1177 4510 2461 1635 452 3174 671 1565 3411 2433 4602 2946 2949 1307 373 2329 1994 3981 3637 1793 4221 1461 3392 223 420 3722 596 112 4513 3081 179 557 4416 1658 3631 3433 917 3912 219 839 1806 1913 931 1556 2006 2234 3014 4281 2471 4883 1067 3058 1144 4427 1346 2158 2180 12 442 3625 521 2269 573 4268 2215 42 4912 4557 1909 4131 1536 2438 2001 3335 2543 4464 101 3732 45 55 2122 212 632 2035 1808 2737 4571 3199 378 66 4845 201 1172 2980 2684 4002 1271 4950 4754 3498 4794 2563 348 3562 3810 3968 1985 4019 4324 4686 3083 2352 3668 212 667 2737 4702 400 4516 1242 516 3476 1214 1287 4324 1768 2137 4314 2208 4660 341 4768 3921 1419 3950 3832 3920 1218 4191 2762 2990 1033 3547 3594 3236 307 2226 3676 1791 3245 2493 1687 613 3276 3134 3322 4893 3920 575 1974 2048 1811 4877 2808 223 603 2973 119 1803 224 4854 4526 297 3511 4683 1109 2006 290 3697 4672 4149 1086 2744 3723 2861 2581 1224 3025 1444 4638 2605 1810 2216 4750 3898
4401 4145 1340 2503 2834 3136 1157 1234 468 901 2625 3574 1654 2086 892 666 550 2300 4128 2143 890 1224 1466 1730 733 3942 2808 2372 893 4538 2356 718 2828 3361 876 392 233 1045 4645 4570 700 2913 3319 2909 1666 2502 2490 2498 3773 2221 3790 266 2354 2860 3576 4150 1448 596 1080 2929 2327 3339 3479 1148 4471 2569 2477 4711 3983 220 3165 4800 971 3149 1323 4513 1158 4903 1827 3973 1449 436 1412 3548 2123 4258 2016 421 4868 2171 4526 2592 1065 1018 3385 4720 4013 912 4156 1268 3037 4928 2782 1302 2327 303 3557 4783 4902 3452 3366 3597 3725 4631 3193 798 434 3360 2547 354 1978 941 2092 383 263 2194 334 1373 4935 3392 4306 839 917 1833 842 4044 4830 1215 2263 1011 4720 2151 4694 415 1683 4423 3465 827 596 4113 3773 4553 3589 2344 3936 1618 407 271 4843 527 4271 4905 4240 1730 706 4803 1911 4170 3440 1273 806 946 1593 4296 3195 1016 1447 3531 2095 668 3705 1071 295 194 1882 2161 567 181 2289 2189 4953 748 4404 4282 611 4194 3791 1359 3354 4162
1620 4872 2503 1477 973 310 2031 2482 2110 1239 3067 4679 146 962 4174 3090 4460 4865 2423 4003 4978 291 3957 14 59 2855 3301 3421 542 3310 32 1796 818 3595 3463 2393 1106 3388 3578 2377 1765 2863 3241 3182 1126 4322 1794 117 3313 2155 2744 873 2680 704 3281 2848 2724 2228 311 3562 2477 1183 2342 2114 3909 3075 3685 3173 2578 2573 4194 4348 3054 1423 4860 2368 4000 1787 1569 859 4323 4809 2590 689 3603 3234 4161 1877 3794 3587 1905 3741 4578 3760 1212 741 89 1848 3546 265 3104 2009 2808 1387 2388 903 1598 820 1746 1102 3881 3464 3786 1761 1218 2974 1682 933 805 1572 4719 1895 4912 545 2723 4598 3907 611 3934 480 1656 1463 2713 3515 531 4325 4555 1371 666 2031 3178 2424 3499 2251 2122 84 3822 3193 3365 1293 3907 2995 4456 4518 1096 4859 1391 4781 3740 3703 3754 1674 3775 4503 3274 2143 1460 3413 2593 126 460 3863 3653 338 2391 2423 1711 4649 3573 842 3291 1220 1165 295 3774 4256 1066 495 3425 3062 3895 1884 2877 4950 1925 3005 1834 361 2966 1854
1499 1750 2834 973 4795 118 303 2291 2368 484 3480 3660 719 1997 3755 1684 4954 698 862 3985 4395 4379 840 1677 2862 4962 2637 2090 4518 629 3601 2742 130 536 2646 2003 1711 843 3679 1945 4023 431 4347 1087 1343 600 4297 3817 2814 2296 1801 678 1387 1251 3122 4248 4802 4487 3871 933 3426 4565 2942 129 3852 4747 2184 3565 3570 4746 4196 3762 453 4586 4873 4363 109 1521 490 989 3964 752 2153 64 323 1165 115 4437 2141 718 3367 2252 635 4859 4474 4057 809 1299 2238 825 4015 2129 1399 4253 1143 1083 4123 836 1444 2971 4593 655 4223 2457 358 187 4392 1858 837 3581 3374 2842 597 4896 2939 1564 3722 3003 2533 689 1966 4592 2856 115 1836 936 1928 345 3926 1841 2056 658 1766 2775 4136 888 2231 4007 4222 1567 4284 1904 3975 570 1167 3266 382 1023 2233 4365 3075 873 2803 909 4055 1080 1800 4072 4603 2861 4934 1500 1552 1263 2034 2204 4151 3885 3313 801 81 994 4877 4502 4021 4415 241 2839 4236 4494 510 3637 83 2268 1767 1150 4192 430 2388 4736
4189 1177 3136 310 118 695 4927 3063 4071 1593 4029 1843 4010 4587 145 4084 1368 1600 4196 4545 697 250 219 2272 465 4555 736 2760 3729 684 1238 4281 4641 4770 4972 3712 3530 3021 2911 1823 1076 719 4800 1488 562 2004 1188 4754 4881 912 939 1610 1072 867 1698 2275 1192 516 2542 993 4728 2391 1771 744 3750 1479 892 4799 81 3020 891 1732 2172 3632 3897 4584 3150 4364 164 3077 529 3134 33 4628 642 4354 2667 4686 2607 1604 294 4011 3598 2929 2412 2379 3846 4490 3926 2119 4501 443 2270 903 2095 104 4573 1198 1344 826 3170 2647 3056 3474 1872 4249 3978 3676 3340 3070 4854 980 3735 2736 1731 84 495 4643 4918 1025 3042 3356 295 4881 3126 3084 4349 4605 3113 309 3328 3529 342 1098 3321 876 3735 1949 812 2703 3182 3285 3225 4766 3508 466 2636 617 36 2806 4481 455 3900 3203 1962 1781 4589 2381 1746 3803 3588 4790 3631 418 391 2461 4131 719 2031 314 633 3021 1545 2415 4917 3812 1254 4972 2512 4218 3097 1391 2236 335 2252 1654 2137 3907 4468 2908
3282 4510 1157 2031 303 4927 2408 1221 2047 4093 4600 1002 228 4264 3815 1794 4955 772 820 4412 3162 3619 2532 4665 1390 4693 4714 485 3790 4789 3527 112 982 2424 1929 4191 4374 3165 2832 570 3375 1673 2252 4068 3128 4143 1165 4350 3590 2393 1810 4565 2321 3384 1600 488 838 1412 3370 2894 636 4124 2178 4036 4978 2114 3311 2259 4664 4320 547 3778 944 734 433 4209 1372 1374 3280 2089 3855 4419 2017 4799 3791 4795 2990 3972 4076 1863 4862 4301 3862 4453 3585 4062 2707 456 1758 2366 3493 611 4803 2011 3787 3589 2144 3268 4127 2546 4389 1726 3668 1340 2060 3094 4213 4554 1595 3937 3784 4267 1945 4121 2048 1687 3240 2050 2406 1370 1189 3274 2693 3771 4821 2349 551 570 401 3749 3180 824 4569 4422 2295 507 1864 2051 317 4381 628 3906 4378 741 2207 4868 4282 2948 1361 1295 2228 3426 2010 2051 4353 4987 1067 1354 1721 4842 2731 2390 209 1967 1297 2302 2924 4243 1437 1088 1979 2603 2308 582 3148 2165 2485 4162 2638 4575 3250 4463 4800 2670 2609 2704 4980 2230 2873 1011
2158 2461 1234 2482 2291 3063 1221 4483 4450 1741 1834 2675 1660 1005 4728 4731 1785 71 4777 2591 4268 4523 3428 4014 2346 941 1781 4905 1811 2284 187 4679 1474 3906 714 4417 4395 2830 2267 1843 536 2199 873 189 1179 935 3754 557 2422 1100 1216 4007 4455 102 4413 77 3747 2799 4758 1264 3118 3613 4932 3675 2496 4607 666 427 4108 469 2531 2836 1264 33 4980 4343 2458 1891 1745 3182 426 2431 904 3890 4913 3587 774 2649 1637 2595 2780 57 314 2114 3705 2964 4169 4995 4317 1578 2180 1607 111 3545 677 2409 4096 4277 1954 3790 3117 331 613 4542 4800 1995 4625 3955 3689 705 4972 2460 1005 3773 1894 1738 2796 4439 3827 3386 2409 3422 2688 138 1527 2498 3319 512 3389 2838 1725 1965 409 1451 4057 1149 2919 2940 4023 1769 4195 4090 3967 3848 2216 1574 2718 2545 3593 2961 4917 1706 2120 3329 2303 224 362 122 114 2406 2602 2347 4314 2955 1447 4113 275 4330 1162 709 690 3980 3696 4066 4889 2540 182 3799 1632 1996 386 3976 2664 1344 3710 3988 1453 3734 3002 3860
1588 1635 468 2110 2368 4071 2047 4450 818 2264 4524 4356 3111 3678 4488 2697 3389 3067 4926 2379 3270 1112 3764 1629 133 2782 1372 481 2415 2940 4266 920 4987 411 680 4251 1307 3720 617 1890 1302 263 2491 2065 1015 3941 797 1053 4711 4881 1916 1058 269 4969 1838 2554 4795 4121 1756 2313 3620 4182 2235 2455 2424 471 1113 2108 3764 818 53 2347 403 3708 3559 3633 4907 1376 3627 490 2491 3151 950 2743 3488 3840 3831 3460 4918 3573 1204 3604 3055 728 4769 2464 4101 321 4287 2816 3224 868 733 3915 4887 2551 3851 4753 2075 4469 3358 4761 3746 2653 3833 4819 4226 4110 1146 1011 4248 2889 1433 509 1879 3002 3456 1718 4365 111 3466 4631 3666 34 1987 1601 1266 3661 2498 1516 837 3780 689 3540 227 2441 2695 4025 3374 1569 3492 3076 2628 4260 4244 725 1117 3476 3527 3802 2159 572 3091 1881 2171 3337 4071 276 1948 1744 3370 1352 2307 4681 2151 4763 2640 4151 4790 1644 3156 2396 202 4853 421 169 2226 3510 2970 2264 4298 55 1510 2928 3336 3735 98 178 654 1862
2253 452 901 1239 484 1593 4093 1741 2264 139 1843 512 3843 1004 3927 2718 3234 53 2618 717 2595 2562 1391 557 1786 2418 3496 1680 3265 241 3846 3742 1977 3842 4347 2732 2185 2900 2568 820 4367 3690 4157 1267 4218 621 2377 4330 646 2163 464 1124 198 565 3433 4009 800 744 300 4430 4134 212 2314 1147 829 1513 2364 4277 4126 2806 2402 1062 1202 1604 2954 952 3209 1948 3071 2674 2103 2375 2430 3175 223 4663 2334 3492 4437 3946 1150 3299 2178 2982 4887 1439 3481 607 2758 2630 4592 1086 3913 141 1635 1521 2723 3949 4938 336 1845 1557 2266 4141 1417 1270 3687 1000 2876 4274 1772 1655 1893 3466 1574 951 4369 1455 3496 1867 711 1392 2237 4934 3251 4992 581 4697 3528 1630 4653 3808 3089 3402 559 1778 3521 3180 1515 4938 2947 4077 4483 2173 3927 739 4944 99 1671 2431 768 1073 4186 2986 1003 3021 1179 3902 1646 175 3495 1555 2286 4454 639 3915 4294 4391 1721 1718 3052 3319 3803 4260 4287 4103 1204 4703 3181 4631 1056 4492 1808 3190 1666 3197 272 1465 1043 2993
2653 3174 2625 3067 3480 4029 4600 1834 4524 1843 4252 4166 1946 2134 1716 2461 4443 773 2289 2155 4822 4344 4468 2662 3687 2812 660 3098 1429 3089 535 1550 521 4212 4036 772 2933 4433 1378 2770 3667 991 1994 2088 1566 3098 2644 4895 4496 662 2163 663 2588 4504 4739 467 467 4763 2447 728 858 1732 3918 4074 4929 1559 153 3066 3054 4814 3352 815 753 3560 1551 904 4363 2604 1911 357 4757 311 439 2278 4165 772 1652 3084 1633 4985 2665 3588 2869 931 1341 2844 373 3528 3059 623 1070 662 2546 4865 2346 3442 229 1979 1495 2789 2291 1228 4769 3730 1053 627 159 2095 2835 2431 1225 2764 1292 3018 1594 3090 2373 2970 4919 1489 4640 109 3344 3304 1264 1618 4280 743 284 2627 3364 1076 2783 851 1182 2535 2730 1929 3034 1347 3453 3849 129 4696 1452 2527 2604 635 356 3930 4406 2734 3413 4147 2296 4066 1387 3786 2758 3923 2394 2107 1504 4320 3206 718 254 1763 843 3802 2395 1622 1193 653 3966 1507 4703 1796 3917 209 1611 1906 3739 3818 2092 4653 1880 1490 3257 2942
4117 671 3574 4679 3660 1843 1002 2675 4356 512 4166 4658 58 4599 767 4897 1735 4416 3360 4312 984 2674 2146 3321 1182 1073 1632 1218 3584 3689 1453 2063 4473 1577 3589 3711 4874 525 3575 3313 3991 1466 365 866 4661 1244 4094 114 2813 904 664 4187 218 565 4300 1937 4354 1535 2253 3778 3756 4280 1076 4170 1805 1487 3131 1802 4391 1313 3514 3615 1897 4622 4871 1413 4708 4760 2979 2964 4098 3863 3175 2887 378 597 1826 4988 3156 1150 967 2526 701 239 4125 4451 4785 2142 3196 4330 327 3418 2099 755 121 3648 4912 3674 2248 3638 1391 4420 1788 948 2425 3695 3667 1778 4025 1217 2242 4303 3945 2848 1071 3507 2459 1072 3722 3063 38 4540 3940 4695 508 1620 1641 4325 2829 84 3642 1856 2471 2177 840 841 3704 1205 447 3197 319 3401 2508 2764 1792 1606 887 1551 4206 2329 3701 393 2004 216 4113 2877 100 1025 59 1350 236 985 3344 3977 2558 862 3998 1838 1373 1678 4141 2379 2825 3670 1569 4204 4252 4870 3676 2218 1585 2119 2690 627 129 2338 4535 4301 701 398
4498 1565 1654 146 719 4010 228 1660 3111 3843 1946 58 1654 1594 1416 3115 3276 3452 1826 2313 2732 4566 2375 3193 1436 2551 1658 301 527 1880 209 4670 2349 3586 3732 1448 1780 1414 2341 3294 334 2305 988 3608 2704 267 358 3076 2381 1426 1738 1822 2252 1535 2383 2074 3091 3472 292 1443 3205 1051 1740 1889 950 1538 2227 348 2996 1201 2886 643 2589 734 3503 1004 2195 1086 1753 1299 390 3410 4664 2633 1941 890 2837 2776 4132 3899 1991 3667 942 2884 144 702 4383 1432 548 1675 1125 1230 343 2132 934 537 12 991 488 3764 952 1937 4659 3662 4132 2016 2131 3464 3601 953 4074 3918 1784 3391 3018 2141 2213 4887 3686 4461 298 1705 2394 3816 1253 3318 1333 2534 3500 1534 4269 4345 4379 225 3024 1625 4479 1237 2452 4829 407 2865 506 3110 4499 3392 3332 4084 634 1317 4949 1752 3333 125 4554 805 387 4064 2233 4594 3051 1586 1103 425 550 3507 2219 1298 1135 1291 988 40 335 1965 4354 2243 1695 2160 2194 1533 1461 1967 1856 3708 3607 4258 480 1121 1427 1621
4006 3411 2086 962 1997 4587 4264 1005 3678 1004 2134 4599 1594 917 2492 1867 3295 1342 3311 4873 3934 2494 3674 1288 3735 1672 4104 2501 4511 2931 1235 4768 4522 3298 1057 592 3973 3573 2024 1801 986 2972 3744 4926 1099 2533 338 347 4118 3041 828 817 3466 4272 2538 1973 3132 2424 3799 1877 1337 3300 4816 674 583 4498 2319 1140 358 2684 2358 4811 3866 2993 1310 2175 1150 2921 4387 3567 4800 1621 3630 4832 771 2357 1409 2566 2643 2285 1182 264 1939 1023 1790 2057 1239 393 127 3196 3918 1937 957 3777 3406 3952 966 1169 25 1297 3238 853 4653 2213 1492 1907 3600 4897 3840 3623 3986 4730 3211 2912 520 3550 3190 4322 4424 962 916 2337 527 1028 4335 865 830 730 4935 137 169 16 1824 3523 407 4381 3749 3705 1349 4484 1585 2005 3251 4870 1057 836 2928 1512 2474 3004 2691 3645 513 4551 731 1299 1744 720 2799 1121 1456 4722 2977 1579 3529 1417 4276 172 2018 3721 3169 204 4153 2844 4131 1695 3937 4045 1325 132 219 4052 642 4118 1804 4740 3613 349 618 3532
923 2433 892 4174 3755 145 3815 4728 4488 3927 1716 767 1416 2492 450 3613 83 2013 211 4826 2913 3049 2931 3048 3709 1092 2272 983 2226 996 2906 1234 2684 2242 1341 2835 2849 232 3614 2037 3101 3139 4051 2188 4886 1459 70 4488 2609 1825 2519 3803 1814 679 2208 3311 1406 1189 1745 3847 3597 2340 4005 4602 1954 3728 4108 2139 1991 867 910 511 4364 4874 748 900 2795 1919 4763 4712 4343 4663 3613 2193 2003 4174 1110 2478 2147 277 257 4539 1221 280 2444 4701 302 1677 790 4007 4443 715 338 1489 1899 1003 1583 3656 1901 2233 748 4326 4479 3564 270 3962 2785 2668 3761 3661 1724 503 1311 3334 2606 3857 4698 341 2866 4562 881 665 3841 3019 4325 856 1129 4045 320 4087 3961 1282 4116 2046 483 4942 2609 1228 224 4882 1236 1134 1126 2172 4167 2610 2973 3199 2271 1077 2820 3614 3797 4565 4676 4643 4012 4644 3029 1645 1902 4729 2647 2901 2302 2236 4413 1558 1486 4005 3055 4206 434 807 2716 2743 4867 3023 2613 1904 2165 3707 4647 3476 3141 2714 3376 4324 2678 656
810 4602 666 3090 1684 4084 1794 4731 2697 2718 2461 4897 3115 1867 3613 625 4848 4254 4380 3448 1989 4302 4484 3767 2097 1056 3072 2122 1415 2298 3422 112 3280 2361 3763 3824 1723 1697 496 1221 904 4184 2931 3589 3309 3080 2494 1073 2112 4837 167 3203 1863 1118 3011 3486 3880 4909 2319 330 568 2632 2615 4293 1667 1619 2860 3105 3307 3371 2083 461 4735 2018 817 2963 2066 3861 3247 425 2271 2251 552 1736 4209 2317 1829 4319 2248 4110 2357 3198 1995 4066 1644 396 3574 2769 3043 2969 4499 1021 4209 1966 3597 4853 1729 3443 4439 2284 2764 2881 4484 1446 3625 3436 1497 2696 1707 1066 3940 3912 769 2715 2735 2121 4328 886 4826 1971 50 318 4410 3630 2083 1608 4200 94 3800 275 4993 2488 929 2652 2938 2459 1047 1680 2551 1664 885 3045 669 806 3189 1429 4886 1117 163 4412 99 544 4850 4655 4820 138 2341 4852 128 1532 3886 3037 2638 1259 4307 3076 1255 3876 1349 1023 4777 1112 236 4697 1371 206 2430 2737 4792 507 4724 4573 2169 4558 897 2594 409 4316 366 285
3676 2946 550 4460 4954 1368 4955 1785 3389 3234 4443 1735 3276 3295 83 4848 1249 1806 4896 4561 4522 26 508 195 4250 351 4287 2462 3613 3874 2340 468 132 3914 1709 30 4919 4265 4365 836 1864 2748 1048 1043 4744 3095 3991 3859 1251 48 2082 3858 3449 2271 4294 430 2619 4684 255 3415 2286 1241 2433 1681 4558 253 4367 4396 2507 1691 1663 4146 4353 522 4514 2974 3961 4215 3969 4815 497 4134 1437 218 3191 4715 3200 1326 3572 2552 3425 1245 254 4014 3781 1202 500 4594 1304 2042 4003 4122 130 2452 1672 2741 2225 3240 475 3705 2562 1926 4263 69 292 2485 3293 3627 1144 2854 1106 1124 432 4848 2263 938 3970 3285 4349 485 2413 4021 931 982 1836 2645 3810 1867 3159 2605 4445 4858 1749 119 3499 4953 674 4579 4808 2980 3883 2725 2637 2752 4030 2073 4478 695 1530 3325 4732 3991 1589 3829 786 3387 3433 3543 4403 3265 4909 2912 4823 2341 2952 4079 2665 4204 2522 142 3661 3219 4499 1710 3206 2226 4941 2028 2271 4906 1098 3450 4143 4284 1237 1433 2600 2135 4498 2450
2343 2949 2300 4865 698 1600 772 71 3067 53 773 4416 3452 1342 2013 4254 1806 647 2620 4920 3361 999 1970 4947 4672 4698 1803 639 4947 4903 2460 3392 4326 2880 2721 607 3633 3699 2874 2576 2838 4137 4138 2546 610 4689 3727 4374 4227 1250 1644 1048 2423 215 3024 2076 1260 1743 154 4756 3182 1472 1507 3901 449 137 4712 4417 3229 2763 357 4370 4534 3633 4157 1016 631 3632 2569 3380 1372 4221 1453 142 281 4227 279 2307 983 1000 4634 3067 3962 1580 262 3787 361 4607 125 2692 4200 1674 2556 3113 4446 921 614 3604 2369 84 2930 1391 2162 882 3244 1667 3217 703 4974 4296 2047 3821 1276 3898 2176 4990 2798 1017 900 4091 4985 353 3507 3267 3429 4389 28 4269 748 184 1951 3270 2862 2731 4637 2780 2541 2458 1631 185 385 2802 4152 3904 2898 909 1624 3249 2784 1595 70 3482 1259 3383 4114 4035 2222 4937 1546 4450 4001 4427 3695 1592 554 3603 1716 807 1730 4277 4187 1081 4635 831 4932 2073 1751 2857 1722 3204 2737 3485 4411 3809 3930 4377 2004 3090 1521 4585
3138 1307 4128 2423 862 4196 820 4777 4926 2618 2289 3360 1826 3311 211 4380 4896 2620 3229 2955 2856 3844 4794 3312 3968 1427 3651 1349 2274 4296 3259 474 4782 246 83 2566 1547 2170 2454 2297 3905 1568 4845 1147 545 481 329 1381 4270 4017 1620 2253 1251 4538 1705 2882 2081 55 1345 2608 3235 4848 2871 410 942 3499 1980 1104 1856 1577 885 2189 2733 3967 4803 1232 2290 1927 396 1342 4384 1335 3505 123 2457 2602 366 3116 4530 220 1030 4716 4411 4128 3922 4192 1522 2821 1546 3224 2500 2842 2923 2011 3463 4632 2627 4219 1353 207 4269 1480 3096 940 3138 4665 4163 1103 995 3609 4317 2367 1002 2388 3792 81 2038 4956 2937 4093 4935 68 2196 3051 852 2297 1843 4478 291 4043 920 3126 1338 660 212 53 348 4491 517 3668 1304 876 4598 888 4566 4959 4831 1045 536 135 1558 4110 1905 3753 3877 916 4123 4735 3748 2712 4072 843 783 4072 3334 4706 3519 3845 4403 4367 2229 2811 1247 1415 3783 3915 2366 573 3499 791 396 3413 2821 1760 3116 4028 1019 874 2696 205
4252 373 2143 4003 3985 4545 4412 2591 2379 717 2155 4312 2313 4873 4826 3448 4561 4920 2955 1125 1936 2842 4065 3711 4025 4152 3404 4419 3377 4331 2665 3129 3215 2907 4942 3869 4932 1316 3806 109 4207 714 51 4516 175 1242 1684 522 2766 745 2346 1745 1594 1476 3895 2062 3599 3436 1155 1594 2126 2637 630 4692 3590 4356 4620 1791 734 742 4489 3533 2955 1695 1555 737 1635 2035 4373 2573 4117 2352 2102 2259 4259 1437 679 3063 533 525 50 501 3210 3566 1927 3624 904 4904 2952 2030 3736 645 4324 4538 4425 3679 125 1950 544 2589 4846 2538 2079 300 1426 1776 3428 3832 2335 4709 3065 3671 257 1695 4479 887 4006 1542 189 666 4454 4379 1312 3230 3746 905 2930 4623 1359 1314 229 1033 4676 726 4706 2105 4969 3722 3294 2623 596 2756 3482 1445 3789 1852 3564 4600 1923 1913 1383 1257 3008 3137 2584 785 4638 203 1505 2011 1353 3341 2324 2046 4363 1099 3885 4566 3505 4912 1313 804 550 3406 364 2954 3536 3775 1485 3021 477 4769 516 3154 140 4211 3723 353 2088 1540
1941 2329 890 4978 4395 697 3162 4268 3270 2595 4822 984 2732 3934 2913 1989 4522 3361 2856 1936 4284 2998 2826 2911 886 556 288 691 4098 4566 4976 4093 208 553 838 3132 4101 4937 771 3897 946 2480 4118 351 3892 504 2039 677 2916 1295 3154 742 3107 160 4256 959 1593 2400 3262 44 3175 2757 3117 2592 3165 3873 1163 2596 1883 4796 4512 1468 114 649 3860 4998 2806 3914 3115 3129 2683 2240 3789 3916 521 1133 553 4845 311 3678 2592 3911 1208 915 2512 3278 2642 3004 2505 1850 1153 4195 3644 32 4403 2333 1970 2749 3723 3907 3871 2831 2728 4752 2478 1711 4075 2965 1725 2496 1351 3961 3966 2260 3374 1326 2955 2251 2496 1614 68 4695 3082 1869 1038 3255 3689 3145 3003 4910 38 147 4137 4271 1880 701 3591 1982 2367 4045 4956 992 3427 1737 4657 3888 4381 3053 2353 2724 4250 548 1981 3583 4190 4247 2102 2285 934 4481 3142 3197 3108 4865 2413 3944 3683 3995 1495 3683 1449 62 970 1037 3060 3379 349 1878 2153 1464 3906 3588 4855 3483 4069 3843 2046 2478 350 2720
3006 1994 1224 291 4379 250 3619 4523 1112 2562 4344 2674 4566 2494 3049 4302 26 999 3844 2842 2998 4885 366 3053 410 354 1308 3218 1009 3809 1327 92 4926 4025 3820 278 4874 3773 3516 1545 4402 2392 1212 4155 2480 550 4943 2924 1337 2867 920 3663 364 3682 2781 632 2224 3469 360 439 2159 3062 2233 3980 557 2496 4325 2286 2811 3683 3269 1130 1493 4358 2783 3858 1145 4607 1315 685 541 4819 3036 1829 186 1750 2913 3934 1001 1107 3359 4264 2119 1667 3725 4863 199 4168 299 2865 1697 2366 1474 3365 3489 4254 3921 4852 943 3903 3521 3693 1244 405 2981 1271 2299 742 4164 1640 1011 4276 4021 627 4402 3658 67 2877 456 4743 1112 1385 2070 614 4933 229 2336 2579 1385 4679 379 2601 2248 2292 1281 1387 1284 4333 1973 606 4321 3787 2227 1442 2736 2331 4259 70 1639 417 1511 3063 4416 4749 163 1911 3173 628 3146 457 2038 344 4601 3987 3888 2255 2355 2509 2473 1282 1000 4290 4730 3511 4816 2428 926 1386 773 2278 3818 1916 3136 3692 4092 2090 2696 3972 2868 2220
4877 3981 1466 3957 840 219 2532 3428 3764 1391 4468 2146 2375 3674 2931 4484 508 1970 4794 4065 2826 366 4811 2716 4413 769 66 1490 3727 3524 320 4262 357 3343 3019 3182 3612 784 417 3750 4732 2338 2057 4101 1186 202 3767 275 4901 2961 4511 838 1501 3034 1844 1329 1890 3117 2853 1925 3595 264 1014 2551 2927 3674 4905 4467 1966 1036 3769 3794 1638 3060 4929 2376 2135 1717 4546 3684 3455 4847 3655 2082 2402 419 1356 4395 674 2347 180 2329 775 3631 2582 3205 4393 3584 2116 4288 2342 4988 1906 4036 2931 201 2256 2335 1559 3286 4832 1740 1949 1447 1442 1050 4036 3779 165 3655 3883 4427 1887 4965 3996 402 1026 330 4388 2149 613 2965 109 44 2210 2133 448 815 2172 1558 1926 321 976 4498 1351 2118 3070 4701 3880 1987 3258 1398 4885 2256 1418 1610 1178 4383 1452 3183 1540 2335 3160 2287 4982 4562 4278 2385 1749 217 2024 80 774 752 3589 1118 1917 172 1783 2175 2973 4757 3956 1834 1851 1782 2449 2899 3386 3853 4642 3377 2613 4325 3867 181 2437 2868 2337 1158
3082 3637 1730 14 1677 2272 4665 4014 1629 557 2662 3321 3193 1288 3048 3767 195 4947 3312 3711 2911 3053 2716 2727 2045 1110 3929 3329 4759 455 3250 943 1258 4777 1856 3954 3009 2893 2950 1181 2845 1922 4638 3526 1855 2754 4489 711 1864 1935 1882 35 3067 2028 2430 56 266 4562 4365 4527 1944 369 2354 799 1244 2941 4297 1529 4070 606 3522 3768 891 1714 2632 3528 284 344 547 3402 3671 1220 1943 12 1420 4406 4805 2342 1432 3485 278 4862 2152 4057 2689 1519 4883 918 3671 3143 1295 2799 2855 3561 1051 4176 4596 1425 3512 3434 394 2302 4146 3363 2756 755 4301 2438 2596 1164 3789 4650 2107 1580 2669 3027 4044 4323 3283 3627 993 653 384 1172 4737 4654 3113 2061 4964 814 1451 1768 1824 2172 3965 1351 2783 3042 1944 4909 2427 803 1031 1357 2396 3706 1578 3795 1160 2838 3219 1634 1106 399 3388 1240 149 4434 4437 1081 3872 4708 3934 1742 2830 3953 438 2546 1342 2661 3850 3017 4261 4228 463 4927 299 2939 3071 3308 2312 3684 1301 4486 829 2480 2951 2770 403 2895
3629 1793 733 59 2862 465 1390 2346 133 1786 3687 1182 1436 3735 3709 2097 4250 4672 3968 4025 886 410 4413 2045 2581 237 4728 1029 4737 1847 2958 1234 4722 4118 558 2717 1958 3327 1569 2539 4281 4824 2378 3682 3793 1483 4095 1275 507 2754 3134 2065 3209 3798 4853 2556 3679 1151 2628 1210 2869 3429 214 4267 2294 4286 3273 435 4651 261 3377 2421 213 1071 3552 2065 2216 2777 1181 2325 3999 2257 3379 933 1292 1754 1985 2183 3617 4276 3360 692 3558 4285 4271 969 1198 434 1091 3383 2068 2745 4698 2097 445 2852 3037 314 3755 3304 1871 2169 1846 1025 1206 2128 3253 3634 4419 4867 3450 253 795 157 547 816 2887 435 3856 3206 3484 46 364 3860 3624 3077 3289 2270 3356 4497 2567 2444 4832 3619 3086 1691 4418 2185 4798 3371 4239 3053 66 1086 4914 1204 1481 4256 549 4219 2331 4045 551 3662 3505 2441 2140 919 4591 207 4820 955 1502 1609 4049 3846 3177 3828 186 142 4747 4446 3254 2282 2499 2552 1509 329 3821 4703 4756 796 4067 3898 2139 4805 4674 2259 1213 1078
3072 4221 3942 2855 4962 4555 4693 941 2782 2418 2812 1073 2551 1672 1092 1056 351 4698 1427 4152 556 354 769 1110 237 424 3853 3858 2040 1246 4659 2178 4656 1827 4291 4849 3965 2148 4561 3506 717 1932 4074 2597 4612 639 4243 216 2647 807 682 3761 2143 1394 1783 1809 3394 3750 3216 4314 740 1951 3368 1358 2925 3742 4501 294 1708 2047 4732 2748 1097 4361 3118 1636 191 3886 4792 1391 3833 870 1204 916 324 4349 1512 2355 2234 1785 2857 155 2155 4155 869 3890 2870 3776 2090 1806 4856 2892 1562 4340 466 4387 1889 3482 3231 2537 1180 845 358 4126 2160 3880 2851 4255 4112 235 4730 1705 2938 726 1981 2899 3145 3919 1212 1701 1629 3521 2467 572 3702 3666 854 2098 313 346 2597 1569 2327 957 2349 972 4859 2591 371 4299 4469 3126 2537 767 3240 2809 189 3775 2158 1204 111 1100 4854 4763 4954 1134 2973 2180 4659 145 615 1139 2395 1992 2546 2252 2008 3069 3908 1760 3989 4440 2302 3292 3366 843 1399 4775 3063 803 2776 1020 928 781 272 2452 4309 2783 1783 644
2129 1461 2808 3301 2637 736 4714 1781 1372 3496 660 1632 1658 4104 2272 3072 4287 1803 3651 3404 288 1308 66 3929 4728 3853 3083 1053 356 2173 4325 129 593 4142 1659 1410 1593 654 2279 883 4791 1365 1692 3110 1887 1827 170 3459 1141 2524 1358 503 2534 1317 338 4255 1523 2077 1036 3271 668 379 4929 1204 3759 4035 828 2867 4460 823 4777 2273 1911 3428 1933 4249 4416 2013 1139 4388 1977 1224 3245 253 2536 539 4745 1816 4603 1635 2281 690 4395 1417 3287 3335 1476 2039 1618 2495 1715 3507 1508 3708 4827 1929 1013 3034 1314 3137 2841 1315 3269 2420 1397 2562 1584 3821 4313 4438 4468 1081 4107 3682 4291 1662 2237 4795 4580 1632 958 4729 4371 3491 169 3075 1811 2548 162 4907 3002 1679 3820 4454 3441 1211 2784 1924 3031 844 4864 1865 3706 483 3400 18 2944 4859 4752 3061 768 1118 1960 476 2893 3531 3033 4550 2307 1545 2007 1214 37 1304 1971 2453 3389 4891 953 1953 373 3008 2247 4170 4934 3476 4123 3160 1293 1979 23 247 4846 4384 3166 1633 3737 820 428 2480
248 3392 2372 3421 2090 2760 485 4905 481 1680 3098 1218 301 2501 983 2122 2462 639 1349 4419 691 3218 1490 3329 1029 3858 1053 2391 433 1797 3954 3623 3251 3528 719 346 317 1880 4449 4831 698 102 38 3396 1136 815 2754 2030 3082 2486 2963 548 4137 1109 3847 464 3705 4474 569 2690 1240 2432 4689 2568 278 3210 3191 2075 4607 3725 3753 1272 2513 2032 3642 2759 1069 767 479 1818 3895 775 3812 1709 1401 4463 1476 1060 21 4412 3076 2336 4550 1661 1713 2181 3247 227 3491 2968 2231 3426 2420 4574 2308 2847 1513 1891 4552 3606 2262 4610 2355 1887 4505 4120 827 2563 1578 4733 329 1547 2223 2066 258 4075 4321 110 4467 1784 2414 2293 383 180 1359 949 4018 2068 620 108 3459 3424 133 409 2588 4043 982 2596 10 1331 882 4310 551 3288 3538 3774 2694 927 1193 331 844 1099 945 4736 1997 4350 580 4277 1250 100 1115 4500 1122 3588 3540 4411 12 4197 3262 1653 3632 379 3939 1770 2687 2310 1653 2141 3755 1527 2813 561 4064 1977 998 1082 2736 4117 4003 1068
1604 223 893 542 4518 3729 3790 1811 2415 3265 1429 3584 527 4511 2226 1415 3613 4947 2274 3377 4098 1009 3727 4759 4737 2040 356 433 4360 4393 107 4094 1794 800 4068 4317 4620 1351 213 2641 2083 3851 4614 2030 2597 3413 1951 1145 2509 3371 1246 1074 4828 4220 1758 1742 2798 635 4960 995 3823 4862 1739 493 564 1555 629 1612 2735 3493 3743 1511 2699 3694 968 2002 3472 3205 1741 3945 304 2356 1773 1224 3381 998 1332 2895 4207 4418 4568 459 905 4717 927 3697 2571 4566 1210 2885 646 1006 3536 4850 2341 991 4848 4297 50 2139 1183 2148 2224 22 4883 3163 2031 4624 522 2907 2526 3226 4469 464 172 2027 4457 4795 4205 1774 4396 47 4709 557 26 2030 1464 4710 4453 3147 1143 629 3924 1343 2435 4717 826 1176 4640 2041 3433 3754 1558 673 393 3388 4297 3980 1063 1689 1216 823 1435 3457 2750 3374 1428 3497 2911 2980 2249 78 3469 1261 2374 3040 3326 907 2837 3168 2189 4491 132 1132 3764 1552 4451 3871 3967 3535 712 1704 3579 2745 1751 1264 4539 2025 4830 2806
4483 420 4538 3310 629 684 4789 2284 2940 241 3089 3689 1880 2931 996 2298 3874 4903 4296 4331 4566 3809 3524 455 1847 1246 2173 1797 4393 4248 3043 1642 3943 2512 2871 782 1472 2639 4676 2032 1311 4762 4374 1126 4239 1761 655 2447 1456 3869 3493 1118 3079 3711 1362 3343 3456 4698 4697 2873 3526 739 3348 2230 1030 3517 369 2341 2708 3612 4842 4729 317 61 4852 3531 3401 3141 1119 4030 116 2552 1102 2194 3495 2812 1559 1345 3960 1897 4672 3895 96 2067 426 2070 4466 2423 374 1215 3743 1356 2532 2950 4796 4969 3639 847 4238 2970 1835 2599 963 3279 2173 4937 2270 3888 1394 4734 1049 1406 4940 4764 693 1598 2251 4027 190 3042 659 3439 2381 3879 4574 2230 2630 3233 2927 4052 665 2520 2696 4826 3917 193 4808 3922 761 4555 3173 1437 2866 627 3459 4545 3159 1831 2143 310 163 936 4699 51 4646 3817 304 571 1396 1616 703 319 1323 3192 551 2846 1867 2175 2293 1834 2476 32 2282 2904 2027 380 599 2999 39 2920 832 230 2225 1773 952 3381 3969 2274 2943 3322
274 3722 2356 32 3601 1238 3527 187 4266 3846 535 1453 209 1235 2906 3422 2340 2460 3259 2665 4976 1327 320 3250 2958 4659 4325 3954 107 3043 2087 2098 3345 2965 1507 2432 4354 1868 2061 2473 1527 1294 2298 3657 3549 1302 1337 3260 1462 4412 2351 3798 4626 2299 1887 1880 3031 4198 4462 488 418 3890 3372 1965 4147 3896 4149 346 436 592 2353 4670 1490 1193 1537 725 3631 3726 2457 44 2824 819 2456 4901 4080 273 4028 2997 387 4242 995 967 1737 4396 2010 3139 4080 3392 4844 2974 2424 3645 2653 607 487 4317 2008 1061 203 604 3867 4755 3434 3258 2902 3305 452 1151 4799 1191 1846 728 2085 1164 1409 1640 1476 2475 2568 2203 3054 1787 3533 3998 3392 2757 4456 3440 1958 4867 3605 2119 2856 1023 2156 3811 3126 1984 1379 3171 1606 4127 3109 310 2557 3384 1894 2079 3101 1939 3062 781 4555 921 301 151 3446 1734 1021 325 2422 2779 61 1524 952 3186 4740 4975 4083 1642 171 925 4272 4879 2733 777 4790 190 3948 2846 1569 2389 1009 4073 2174 815 943 3951 620 1868
259 596 718 1796 2742 4281 112 4679 920 3742 1550 2063 4670 4768 1234 112 468 3392 474 3129 4093 92 4262 943 1234 2178 129 3623 4094 1642 2098 1098 1485 2571 3835 3066 376 2666 4457 2028 1284 3033 2101 211 3279 2593 4097 3691 4609 4129 2744 1075 2072 4581 949 3566 2673 1372 3569 694 872 4665 2700 802 223 1070 4022 1103 2277 1579 3026 3556 1686 526 3392 3142 3229 4696 4231 2707 2594 1752 1369 1206 24 1015 1305 3565 495 869 1308 4599 3652 289 3344 3582 1910 1091 2175 2391 597 2646 2702 2962 2584 476 4176 1445 1038 3678 4558 4426 4038 1955 687 1100 4930 1595 2615 1961 3366 2820 2262 1250 94 1120 4057 1400 3434 734 1432 1356 2995 3398 1147 1243 1912 4704 3891 3620 4997 3938 16 2418 134 2621 3418 3033 4351 1704 3723 3055 523 814 1109 4150 1957 1472 4837 703 1498 4319 2717 4905 2151 4251 824 1078 668 1916 672 4042 1846 2220 699 781 138 638 646 1681 2029 4579 3736 1195 1964 1855 3417 4633 300 3950 2861 506 1046 3134 4713 3165 2515 3204 3112 2947
3485 112 2828 818 130 4641 982 1474 4987 1977 521 4473 2349 4522 2684 3280 132 4326 4782 3215 208 4926 357 1258 4722 4656 593 3251 1794 3943 3345 1485 2200 3546 4621 985 694 2133 1487 1947 489 721 4301 684 2989 242 1924 99 241 3985 2314 531 2205 2042 2011 1229 312 1106 3071 3320 3493 4859 1511 2196 2201 4916 3386 114 59 2318 4665 4958 3149 1469 3222 1763 2178 3193 4347 1976 3738 2712 384 1866 1857 2633 3039 3779 438 3018 1042 702 1733 4100 3965 1366 1287 2812 3640 4108 1928 697 3651 3984 901 3672 2073 2703 1276 1159 2296 546 2195 4847 3117 2931 2337 3475 3169 1353 570 4644 283 1345 2217 4447 4075 2447 2752 142 1062 1416 4274 3252 365 4210 2519 3940 4214 3372 1762 2020 2172 4918 1602 3320 699 143 1886 3904 91 1177 1543 802 709 1013 3383 835 138 1835 702 2233 4413 2066 3883 1380 4134 354 3596 4464 4189 1313 3038 227 2923 1095 2297 1428 3343 4767 3361 1260 4652 2298 3218 2900 4370 2523 4761 1573 1378 3998 3384 3649 2933 1306 2302 3539 4751 4166
117 4513 3361 3595 536 4770 2424 3906 411 3842 4212 1577 3586 3298 2242 2361 3914 2880 246 2907 553 4025 3343 4777 4118 1827 4142 3528 800 2512 2965 2571 3546 2860 4295 979 4197 896 4171 4957 3696 4294 321 1252 3191 3113 4885 781 2786 1979 2020 1144 140 4927 2187 4109 4067 2412 1935 3099 1370 3696 4518 3615 2013 3879 684 1890 4578 4719 3111 2115 1410 2905 1164 2117 3722 673 678 835 2564 214 2931 3385 4166 4563 1331 3163 905 1219 3493 3055 1582 654 1104 4025 594 303 3641 1016 194 3936 4205 1888 4081 1856 3246 1419 1417 3854 2898 4068 182 742 856 2921 2498 2269 4441 1592 4876 1524 345 4740 641 647 1067 1419 1387 4814 3961 1047 929 1768 3525 184 1645 1923 2657 914 2175 2470 3485 4756 1683 2147 3807 3879 134 656 4495 925 2596 4305 4444 2348 4761 3660 2834 2743 1054 60 4097 505 856 4071 2769 2653 641 337 4865 2926 4602 4063 1716 2113 4852 1475 3393 1315 1118 2104 1965 4798 340 2738 1527 955 3886 664 3789 3053 1123 1273 613 2696 3959 530 515 2266
4030 3081 876 3463 2646 4972 1929 714 680 4347 4036 3589 3732 1057 1341 3763 1709 2721 83 4942 838 3820 3019 1856 558 4291 1659 719 4068 2871 1507 3835 4621 4295 643 3860 1315 1927 2790 3419 3706 1461 1915 2899 2278 1014 1452 3236 2954 3241 266 3161 198 4834 2305 1437 4152 1139 4667 1697 1681 3837 2506 90 2264 3862 4534 1655 4198 2964 4095 639 3822 3718 263 2155 2084 1602 1445 4865 4542 4151 1432 1001 2141 3059 2431 4622 2131 2595 3541 4289 1332 2597 4249 1078 4368 3249 3366 4148 1681 3178 1448 786 4108 4913 2061 2611 778 4146 1737 884 3639 2709 4893 640 1648 1551 655 2935 2102 2609 2176 2808 1907 3487 291 2177 100 2369 3350 3672 4335 1059 758 948 3336 1986 3673 4698 3763 317 1329 147 3396 144 279 798 2200 1538 4283 4375 3639 1385 4170 46 736 3896 1229 447 3440 766 4051 3042 446 3908 1819 1575 3476 4773 3110 624 1294 1469 3664 4714 2274 3105 1129 4415 2583 4887 2005 3065 2991 811 2835 4638 3287 3385 4540 4641 2921 1587 2014 700 3710 1446 2786 433
752 179 392 2393 2003 3712 4191 4417 4251 2732 772 3711 1448 592 2835 3824 30 607 2566 3869 3132 278 3182 3954 2717 4849 1410 346 4317 782 2432 3066 985 979 3860 1553 4986 418 2784 2679 4463 4302 3253 2733 512 634 2909 4999 4558 4442 4264 3017 3199 4199 39 4867 677 1305 4682 4261 1382 4968 2472 4173 2722 4169 2800 1530 946 1930 4245 1378 3243 4932 2558 2383 2739 2417 1625 1433 32 817 990 1034 4679 1341 105 4169 3325 4496 854 335 1324 3876 3591 3166 3747 3829 2233 2124 1382 1004 1736 2063 4043 1240 1183 3145 208 3022 3043 4923 569 4019 4740 115 3201 1446 3389 736 1701 2634 2053 4855 2072 4821 2487 1227 3617 3828 2294 1371 4327 4609 1292 1719 484 1695 1715 4549 2035 2509 4661 2228 2348 1932 1201 3899 3017 1281 4660 191 4744 4486 742 2651 2577 3371 4092 2551 4386 3456 2881 3414 3379 4698 4345 413 3706 3597 3279 3240 44 2082 3342 3499 3279 2195 912 2861 611 1750 4588 4435 2221 3629 1544 2120 1068 164 4749 1561 2472 580 2911 4843 1251 3576 1828 441
289 557 233 1106 1711 3530 4374 4395 1307 2185 2933 4874 1780 3973 2849 1723 4919 3633 1547 4932 4101 4874 3612 3009 1958 3965 1593 317 4620 1472 4354 376 694 4197 1315 4986 815 4836 2325 2246 2864 481 117 4221 4272 4727 1971 585 357 362 2629 3378 716 1843 502 4600 3195 4972 4910 1497 65 1268 3888 4323 1086 839 2540 2918 4581 1405 1476 3511 1479 4537 3863 4903 2989 1468 2192 1091 545 1793 4609 3776 1217 1502 4253 3521 1327 3915 1006 193 1935 647 256 168 1951 3014 2510 2819 3576 4821 2731 3808 2856 4832 4295 505 1859 1128 3240 4881 4751 1852 2824 4392 1359 1323 4597 3610 1252 3287 1227 2030 1906 1830 4936 3354 4606 2658 2517 444 807 3510 94 2995 873 2071 3003 2772 3166 727 1557 570 363 3586 428 909 4239 553 2434 323 2968 3184 719 3100 3016 1732 1554 1046 3840 1750 3204 491 4103 3247 740 3629 1476 1316 1617 4030 4122 1010 3099 2713 2529 3942 52 1810 3443 899 2265 2833 3698 3130 1065 661 2182 2533 3670 3653 3434 4663 3101 1424 2089 1580 3649 1004
2552 4416 1045 3388 843 3021 3165 2830 3720 2900 4433 525 1414 3573 232 1697 4265 3699 2170 1316 4937 3773 784 2893 3327 2148 654 1880 1351 2639 1868 2666 2133 896 1927 418 4836 4384 3758 1225 161 4088 2184 2218 2714 4112 360 4051 3210 4315 2464 2458 4054 4342 1376 1180 4947 1767 4049 1792 559 4705 4791 158 1641 4020 3245 2016 3817 1586 3263 4090 2579 836 1617 1963 562 1797 3443 1465 4212 1995 1475 1422 153 1517 1085 3002 1518 1629 39 2927 1024 3452 956 1828 4050 2425 592 1114 4754 1490 2134 4994 4321 1308 422 4730 4425 1453 3735 2781 1640 3620 339 2223 3173 917 4484 4426 4504 73 3786 3514 3194 3428 3890 126 3800 2886 3720 967 989 1208 194 1635 3961 1807 1462 3490 3672 176 4027 430 746 2499 317 295 3100 4203 4130 1125 4508 1678 4787 314 585 2396 3440 2214 521 2351 4916 2173 3559 285 773 600 1958 2370 3753 4029 4668 2372 2169 3982 2099 138 4505 4190 284 3852 1893 1925 371 4186 961 326 1374 4078 3929 2891 2728 321 322 797 3538 4156 3846 2113
1614 1658 4645 3578 3679 2911 2832 2267 617 2568 1378 3575 2341 2024 3614 496 4365 2874 2454 3806 771 3516 417 2950 1569 4561 2279 4449 213 4676 2061 4457 1487 4171 2790 2784 2325 3758 3139 4107 576 3198 4588 4351 3036 537 4235 4330 741 4833 579 2240 2357 941 335 1071 1313 2072 4137 3656 4634 1323 104 1905 2953 201 3601 229 4189 1033 2988 1274 1344 2140 2247 3851 3509 2889 3508 202 2702 1018 2542 2663 4087 1904 4896 523 2519 3976 2605 383 4711 2576 3031 3712 2719 3403 2041 4871 1838 4289 4758 4304 486 4725 4396 82 4312 1991 274 399 672 746 3340 103 2675 1066 4051 3778 2394 1657 1671 3003 88 3733 3721 594 1882 2019 4389 3086 4594 2539 4245 1769 2277 192 3892 1687 2808 3507 4590 1685 4490 2300 2795 2900 4274 1710 3096 1197 1347 597 1035 2298 4420 3104 2163 4754 2984 4096 4609 4087 3236 3456 3036 3459 112 1552 358 42 4749 4046 2924 3821 4494 2244 1749 2119 1991 624 3864 1316 508 194 2397 280 637 4947 1102 1174 1862 1823 1405 1890 1624 3624 3911 1501
1675 3631 4570 2377 1945 1823 570 1843 1890 820 2770 3313 3294 1801 2037 1221 836 2576 2297 109 3897 1545 3750 1181 2539 3506 883 4831 2641 2032 2473 2028 1947 4957 3419 2679 2246 1225 4107 767 1572 1964 709 2116 2166 1506 2179 2009 2518 148 2769 3569 4690 914 3673 3217 274 4317 1794 4084 2777 2611 339 3377 2756 1942 801 2189 2227 3815 550 1738 2028 2524 2590 638 4755 3885 3234 4796 1678 2096 4261 1681 4932 1154 1069 3832 3038 2102 2417 596 1133 195 2264 4489 4740 4799 2890 2556 2230 2417 366 4756 1237 1666 4130 3275 698 2379 2059 2132 1782 4083 3925 3015 2342 4265 2190 4894 2159 3409 4579 1601 4131 1952 3731 4088 2569 1827 2344 3390 1499 3243 4459 1693 3303 4140 1432 1177 1440 849 2305 3595 4296 2711 2733 730 2459 2420 4513 2970 1115 2792 2435 635 4013 1538 4006 1220 4004 4380 789 2375 4842 774 1167 1941 2658 55 3034 4387 4499 3192 1220 2574 862 1662 2747 3919 1941 4082 3646 3930 1394 1763 4124 2693 3058 2741 2623 3694 3966 3749 4859 1862 4769 1078 2734 41
