N: 200
M: 50
Symmetric: true
Triangle: false
4 73 162 115 144
6 19 50 22 11 1 83
5 103 117 140 42 187
5 4 100 181 70 176
3 121 29 194
3 196 118 95
2 13 178
4 82 97 66 163
6 125 67 63 9 18 24
3 49 104 72
2 113 62
5 105 156 2 99 109
5 26 60 56 78 192
4 77 111 188 135
4 147 134 5 114
4 166 127 197 183
2 53 8
8 71 84 36 102 21 133 157 101
5 6 30 177 75 45
3 43 145 16
6 108 39 130 184 172 191
4 76 31 98 68
5 173 55 79 116 80
2 35 182
5 90 3 52 91 40
3 198 150 137
3 132 119 171
5 158 141 138 46 106
4 190 139 169 174
5 15 44 120 41 164
4 23 180 93 12
6 136 131 48 59 10 85
3 7 124 17
3 20 64 57
4 167 149 200 37
4 25 94 170 199
5 69 189 193 58 126
3 107 122 185
3 153 86 123
3 129 168 159
6 65 160 148 128 195 88
4 34 51 27 161
4 154 32 81 96
3 112 165 155
2 38 33
4 47 54 28 74
2 92 89
3 152 142 87
4 143 146 61 14
5 186 179 110 175 151
3989 1711 4280 3333 4230 2640 4000 3283 395 1317 4963 2273 4283 1587 4184 2309 2592 4836 3409 1003 2130 4802 3986 4459 1663 4263 2042 2993 482 1806 3711 3042 3741 3591 4285 3369 2725 3052 371 1920 3474 4916 1950 4224 2131 2460 2859 924 3519 4420 2534 1107 2066 3076 2833 17 4676 2833 3977 4797 4712 2727 397 1503 1829 1835 1936 1046 4434 4002 3814 730 1065 1348 724 2008 1248 1399 249 1280 436 2659 1053 1467 249 3790 2605 775 233 4259 3963 1028 4116 2841 1356 240 3674 2754 650 444 1438 2991 4825 524 3090 2191 1088 3988 1329 1109 4491 982 1612 2936 846 788 2065 2314 4337 2260 4450 214 4362 555 496 814 360 1887 1277 749 4368 1720 2108 3861 473 2971 340 1572 452 4314 2034 1508 356 1557 4310 101 64 3005 1004 401 4246 1471 515 3291 4430 2876 244 679 3306 687 3178 4362 997 778 2698 2085 4829 748 3573 943 4339 170 4823 2584 1772 374 1325 4222 3300 209 4265 2290 3061 2155 3232 3243 1204 1728 2378 507 3412 4048 1082 27 2622 4951 1463 2026 3108 4617
1711 2261 4443 3706 4710 313 4752 4648 3537 2388 2892 3393 3428 2165 4945 1376 4374 4131 4375 1491 4657 784 3090 1330 135 502 2783 3310 4934 3200 4613 2875 967 1403 3817 2208 121 1031 230 2424 396 3806 1874 3057 4507 4181 4153 3365 2848 1077 4601 1074 412 3975 1838 4639 854 3376 4502 1123 4078 2532 1757 3603 1194 4514 4631 3579 116 1707 3895 3057 3178 1804 2567 2824 3402 2892 1834 639 1104 4493 2053 2750 128 256 4610 2018 1028 840 2451 3161 4790 2706 4220 735 4382 4435 1466 413 1167 3271 76 301 4787 3069 686 2268 4520 1450 1132 3563 3633 3976 3741 2140 1324 4186 4101 226 994 1752 978 1781 4839 2906 976 3600 2669 2998 3144 13 248 469 3242 807 488 873 712 191 2808 955 2120 291 1273 3042 1632 1545 223 445 1139 3021 4926 3148 1746 3167 3560 2232 1549 4771 3464 1745 1777 3584 2425 1330 3500 3057 165 4419 3777 2153 2110 3660 1867 4063 3853 1274 1283 3431 1683 4289 2023 4494 83 1482 386 4687 2945 3114 702 3063 3609 2402 659 2255 2269 1147 28 4904
4280 4443 4922 4907 2233 1497 2421 341 4702 684 4601 3586 1296 4950 183 3595 4159 458 2731 3302 3926 4780 3655 2471 402 179 4980 3035 3687 1814 2046 196 2504 2805 3033 1584 717 3454 2336 3555 4915 1917 2780 1888 2860 4181 3237 3876 4902 1735 1742 2873 4229 997 2717 2192 4868 1141 3113 2057 2111 3421 2185 3742 2089 3070 4664 3213 991 2363 4326 2605 3739 4951 2463 1942 4670 4277 3811 1862 782 1815 2103 2780 2214 849 1347 4509 211 3424 55 393 4618 3325 230 2696 4739 1076 4710 1071 166 4186 3129 3262 2694 1093 1756 4698 2973 1339 1414 4030 1047 4717 1401 3840 3101 4092 4253 4661 69 544 999 1860 4660 2479 1139 2070 3344 4375 3721 1808 4133 525 3307 4240 3752 982 1673 155 2874 905 4781 1099 2989 1943 3330 340 4426 1141 3049 176 4615 3237 1452 2748 4086 1211 2281 1739 3903 2561 602 4903 2921 4519 1056 3725 3728 868 2315 2540 4609 4866 4937 4951 4255 4676 4764 945 1234 252 65 2166 112 1096 2288 719 645 3523 3219 3102 3485 2076 2591 1076 4534 3158 2305 861
3333 3706 4907 1303 3714 1350 1092 93 2425 1121 627 4325 4816 682 3395 3102 1032 3892 2109 1659 4708 3899 4653 2268 2850 2634 1832 4925 4941 4877 4678 4020 2294 2982 405 2866 3340 754 1676 4016 4140 1592 4794 2507 4008 3538 4208 856 4888 2951 1260 1138 85 1838 722 4666 2216 2304 4262 4346 1407 2886 2971 755 4328 2668 3929 2525 4164 1546 2561 2493 2536 622 4660 4675 4611 4494 1451 1320 898 4088 2876 957 3414 4146 1252 3759 2810 4525 1838 4023 3228 1080 1946 442 1226 4792 3490 1754 548 2064 4029 4792 2684 4985 3269 2103 589 3729 1178 2549 817 208 3857 2621 2226 1312 3776 1337 2217 1733 2268 1968 4467 1090 590 345 3680 2568 4187 3201 2910 1257 3967 3519 1915 2014 241 1569 59 3290 1040 396 3167 2177 550 4456 1980 4754 915 4672 3096 4297 409 3514 4987 3576 4576 973 3449 1780 3354 1453 889 4641 1660 2689 2643 1353 3075 139 4844 1548 1919 2549 553 2743 2625 28 650 32 3054 1478 2558 2261 222 3498 1314 2498 2933 2806 4537 322 3540 4930 2253 2373 2376 2374
4230 4710 2233 3714 1605 1866 2279 620 3084 1527 825 1948 1853 963 926 4837 2536 4275 2713 3680 4246 2824 1154 577 686 4690 490 4677 3473 2433 99 1979 3756 327 3823 1438 1708 4489 1320 1488 2094 1320 3780 3159 356 910 3737 4441 3380 786 1447 1088 852 1371 4917 1170 385 2730 709 2567 3865 2307 2411 3521 2965 2837 1440 754 3130 4076 1939 1276 2729 4554 1595 4118 1530 2148 472 4296 2573 1931 4345 2748 4074 2800 1978 4538 2797 3776 1209 3805 1820 4138 1427 3068 2875 497 199 1954 4382 2859 2879 1915 2192 3641 3374 3964 3651 1437 3025 3756 4949 4768 2412 3286 2742 4344 2604 759 3662 2871 3992 932 3248 714 1728 1225 3456 3768 3310 1998 3426 2633 808 3473 4821 3970 2414 3591 3602 2232 2052 1643 1173 4565 3367 445 546 1338 1177 2689 2145 2976 3268 2710 4449 3843 954 568 2306 4162 3178 1626 3846 2436 2717 1733 2937 4666 1732 2699 13 461 4860 1424 623 664 4424 3645 2460 4454 3523 4795 3228 3904 1094 2566 685 2721 52 2961 1236 4098 3592 3730 3279 2515 3722 4391
2640 313 1497 1350 1866 1224 716 4194 3256 4867 44 1128 806 79 2159 3811 1717 4618 694 3364 2089 3993 2247 37 3133 2328 4073 4557 463 4147 1572 3328 3640 4904 920 1985 3201 3318 1528 1175 4110 3004 4285 469 2868 2949 4311 4749 4954 1557 1667 1371 4237 2474 401 4750 1335 741 4182 1267 3614 4519 3852 4002 192 993 1419 4159 54 4004 2739 570 423 1423 272 3177 4154 3702 1541 4114 2779 317 727 2072 2325 3466 1094 1211 2997 4635 1544 1693 2353 1319 3046 3973 3351 2792 3980 4292 2066 2010 4192 4452 1311 3327 1898 3274 2157 1745 1695 3614 482 4049 3717 1087 3613 549 4034 4285 2778 2894 3536 1094 1373 3904 1617 4272 3964 1840 4146 1825 2637 1170 832 2821 4140 1864 1868 1300 3646 3111 4234 2310 2792 4766 3534 2141 1474 2290 1237 704 1664 700 3359 133 4748 877 1155 290 4362 1433 3009 4764 3751 2616 4691 4000 2332 3278 418 1167 1351 765 4668 4799 1330 4351 1219 2528 4502 4316 3676 1947 965 997 1109 4872 3810 3693 1828 290 507 2114 2642 2253 2027 3191 571 1569
4000 4752 2421 1092 2279 716 2020 489 1969 1757 3720 4800 2585 1272 1141 4846 1742 507 631 3137 3768 948 462 85 2290 4009 1164 4526 1797 2987 1072 3380 1723 4370 1433 2587 4621 959 200 270 209 3451 3972 300 3522 2627 1138 3049 2416 770 1944 1295 1041 3371 1162 2997 2908 1497 2138 1264 898 1142 4126 3502 213 319 1339 1363 4014 4946 1378 1136 2878 974 541 3583 2753 176 1931 4634 720 3867 3224 3991 2983 1685 2689 4903 1057 3825 2820 3334 1666 4745 4586 4908 300 2656 3920 3767 3056 4743 1278 3722 4957 949 3466 1412 1668 715 228 3771 3906 2768 1870 217 1130 4773 1236 2587 2977 1162 4503 2946 4692 2601 1514 2271 2876 2153 1144 1442 4745 2036 621 2773 770 3292 2485 4785 3246 4287 2691 3589 3754 4327 702 1984 140 3129 4182 4961 840 1479 3936 4157 4160 3220 4205 4508 779 629 3286 2934 4283 4764 4687 1874 1713 1654 4371 414 1969 3791 3971 4049 2596 1298 2720 3142 2127 88 3522 1996 2961 3734 277 4804 4446 2711 4521 2404 3337 2978 4391 1596 1728 158 4460 1508
3283 4648 341 93 620 4194 489 3642 1743 4679 4823 2162 1123 2897 2137 2630 2082 597 3328 1329 2929 1398 2259 1921 864 4238 4934 4597 4892 4385 1648 2458 4439 400 2771 4117 4915 3327 1553 1094 324 1267 2230 4478 4177 4733 1521 204 985 467 2845 4575 1336 1445 3736 354 1997 1653 4303 2629 3412 334 606 2816 1876 292 2481 4359 4745 800 389 1193 1454 2861 1418 1069 3248 3496 3723 4511 2942 4509 2736 4472 2363 1116 3628 1847 510 2188 1495 4411 1792 4762 1034 3178 267 618 3101 2326 3239 4626 4841 4225 2332 3775 1837 697 155 1368 2213 220 3067 4530 592 1198 2367 4039 2998 1056 3728 4211 1132 1653 267 4145 1240 161 935 708 1903 405 228 2924 4822 2356 1418 161 1532 4054 4075 2322 1850 380 4093 587 2110 1234 62 165 1797 2263 4175 4876 754 4093 4296 589 4079 3514 2568 2969 4394 352 3254 3683 3365 4082 485 3517 3878 2995 612 521 2098 1380 302 3659 3217 2054 663 87 4244 645 1726 3030 2987 282 1098 1137 1593 2020 3030 2026 874 1716 3633 632 2322 4445
395 3537 4702 2425 3084 3256 1969 1743 3865 4340 522 4643 754 3108 4356 2203 3517 2172 640 303 1200 4678 4456 1968 1310 2719 1783 2277 4695 2315 1102 2520 3619 4781 3769 3656 1877 2236 197 3439 1076 2359 771 1609 1917 2063 3765 505 1659 3853 842 3824 2771 2050 2552 3671 1854 1740 1527 4681 2608 1151 379 1814 2373 436 1989 3298 1317 298 1152 4084 3181 4404 2230 2779 149 2437 4833 37 1464 696 2039 740 4256 534 4738 291 3192 3204 2587 675 2288 1113 4222 4583 2932 3069 1068 1330 798 141 2683 2222 1411 3833 3529 1742 134 3544 4481 3828 2599 4603 487 569 4515 3460 212 2116 725 2891 4541 3869 1617 953 1997 516 3191 3838 1957 2757 1623 287 1596 886 2653 2677 2454 4969 2539 42 4938 1623 4833 2764 2662 507 1067 2354 4886 4704 1241 1644 1639 860 4882 512 4459 795 4653 4315 1526 3586 620 4388 4972 3559 218 1282 802 3046 680 4284 1108 4132 2129 2238 3449 3746 4761 363 3189 4850 4409 1696 2613 2486 882 1076 2569 4194 4422 3398 379 2737 875 4712 1660 391
1317 2388 684 1121 1527 4867 1757 4679 4340 3445 112 2269 3913 2321 448 1620 2933 2853 3230 4622 3646 4337 3813 1524 4386 3214 3407 3362 1401 946 77 3049 3643 3847 988 3539 3070 1198 3148 478 4848 2617 3292 4350 1283 1488 2578 1174 3841 4350 880 3613 4347 1924 2887 1429 3658 1399 83 2403 4998 810 2902 928 1822 143 3342 604 2987 946 1855 2821 745 994 4647 3491 582 2111 4955 1122 2771 2810 794 4948 2263 1203 2098 4922 1681 1447 261 2940 4139 201 4066 1801 2589 525 3082 2116 3260 2263 2059 2729 2886 3122 3534 2625 256 3859 3089 4026 3913 1550 4616 4790 4777 769 1357 3040 2495 1422 1036 4265 2503 4073 4765 3126 2853 2094 1685 2625 4891 4434 900 1677 1551 259 1869 3330 2833 1925 3131 2033 4242 79 2936 4070 1490 3957 2794 4275 2839 4491 4801 3876 3601 4399 2995 322 1177 1506 78 4321 744 2091 2619 4292 1066 1527 2272 3074 4613 1783 3727 513 3981 2075 3977 1547 3779 533 1512 2066 2935 1346 861 4214 2999 3844 2758 1407 133 2042 3463 1095 2092 3376 4185 669
4963 2892 4601 627 825 44 3720 4823 522 112 3083 4335 236 2831 3210 178 4217 1357 2233 2404 2721 3474 1570 4165 34 3602 4785 2115 141 3421 2192 509 1957 1748 1350 3863 2984 3059 3579 1739 4923 1421 1897 685 3946 2250 4556 101 696 93 1617 4328 93 2868 1416 793 1554 2310 3914 1895 4046 1229 3649 1980 994 799 4609 1145 700 1615 4795 1372 95 1512 601 1886 420 3648 4111 851 2171 3554 1865 2934 4878 1622 3349 882 2953 4943 1296 4731 3910 3748 4326 1045 2903 1904 4741 47 446 283 3312 1269 2097 3874 230 3157 2319 1993 3581 1561 3847 2679 974 1109 25 4383 640 3933 341 3058 1869 3781 4112 1888 3028 2564 2818 1591 4287 4520 571 1730 238 1341 264 235 4836 1667 2823 1793 1228 2670 2182 899 2462 1538 3111 1509 2652 1501 4415 1223 2195 1031 1877 2813 4586 2638 2116 2968 85 1348 2618 1183 126 2836 734 1576 3076 4279 11 4824 3215 4964 2481 3271 4901 2885 4730 330 3929 350 314 4172 4264 3431 4854 2647 1368 1437 4686 491 2489 4822 295 942 1629 2326
2273 3393 3586 4325 1948 1128 4800 2162 4643 2269 4335 1993 3527 723 3169 1740 921 2083 2062 268 2247 1297 168 4575 994 4809 3420 4000 2728 583 2356 4628 1859 602 1186 2040 737 1294 4102 4556 3628 1513 4836 4470 684 1848 4989 2713 2544 3226 863 3064 321 1440 3503 4793 2049 1854 1431 3448 4003 974 4244 850 3161 1976 2087 1675 121 3648 603 813 1849 117 1889 731 2668 4015 3746 3279 356 1434 4493 3800 3067 2280 1597 1405 514 2002 2320 1589 2237 2121 880 191 3354 809 2038 1114 4074 1861 438 1696 1875 117 2109 4921 4758 2256 872 4228 3656 1489 1852 1562 3782 1933 4009 1399 1021 3455 4992 2468 3282 2723 3379 4112 3944 1981 4402 4708 200 4030 4584 3525 2517 1178 2463 867 2884 1866 1583 2840 2477 3948 2309 2737 437 2299 928 1294 3215 1957 3478 1594 2170 1295 1899 4095 1186 887 475 2816 4674 1460 918 429 1279 3568 1446 1485 712 4801 4050 4264 2179 1108 720 1670 4893 228 2829 1421 3586 520 3782 3081 593 4271 4756 2948 3339 1855 1141 1452 3881 4544 3122 1584
4283 3428 1296 4816 1853 806 2585 1123 754 3913 236 3527 3067 4799 1107 4237 2842 21 4145 3611 1540 565 2569 4174 1625 744 2446 4597 1416 2495 3456 4870 1264 4843 724 233 4736 2002 3213 234 1123 3301 4028 2235 4440 1134 2379 4524 1388 2498 4240 1000 2573 3343 4019 3489 2320 3604 1242 4558 2786 3627 1937 1563 2661 2169 2262 1097 4888 3186 239 1712 4559 1792 866 1804 3396 1807 1443 4624 3108 3463 3165 3670 2108 2987 1819 456 3394 4387 1260 2130 3968 2513 3721 3745 935 206 1483 703 3666 2062 3501 876 309 4214 1341 961 3493 4628 4179 200 1450 159 2847 3157 456 4913 3555 4137 2308 470 2306 4654 279 1620 3359 2408 1773 98 4370 1885 3818 1016 4486 384 1850 2689 906 4938 3632 4204 2266 3309 2643 409 227 2246 330 4801 387 1950 1136 4285 3786 4048 1335 2114 2244 2963 877 2888 1986 833 4176 2671 4308 313 3812 3048 1252 655 2147 1424 566 2270 2089 167 1994 822 1107 713 639 4741 1288 4477 4070 368 3606 287 2139 2815 4824 137 3537 1774 1324 4755 4047 3127
1587 2165 4950 682 963 79 1272 2897 3108 2321 2831 723 4799 1344 872 1080 2149 1047 571 2166 3911 3941 3092 540 3781 801 4585 118 3069 4924 3676 2257 3882 4013 4323 2213 717 488 2328 1804 3829 2562 3141 3573 273 507 2338 3256 773 446 2044 1268 1025 3408 1112 158 4206 955 4803 47 4054 4371 4770 993 2016 4575 3907 1740 700 3858 3123 1903 742 4820 3319 1033 1242 2175 2332 3855 4905 928 383 618 746 3450 1018 4997 66 3667 3841 3118 3405 3483 4343 2284 498 4037 466 3004 2434 4207 3588 3814 399 4889 4274 937 3804 4943 2475 3607 4019 2144 4279 1334 2298 4845 4282 3406 4170 2674 3981 1845 1085 2817 168 466 918 3767 2849 328 2780 4126 2584 852 2912 4710 1342 1549 3762 4707 1565 2711 4659 4465 2414 3270 4098 2086 3499 3144 3227 1513 2304 3801 787 2028 601 1912 1937 3896 731 4164 4875 3651 981 3148 1759 3000 2248 1659 4648 144 4843 973 2850 4687 4099 179 801 4307 2402 3956 4416 2682 3548 1744 2214 2020 1617 2661 3401 1686 1674 210 4891 3838 1304 3758
4184 4945 183 3395 926 2159 1141 2137 4356 448 3210 3169 1107 872 4275 3057 2358 4586 2697 123 2885 946 2663 918 2282 4926 3931 2217 2791 4568 2731 3857 2256 4554 1531 3866 2176 1563 1199 2919 340 4896 888 1336 233 3507 647 4143 591 4915 3762 1096 3998 4180 3599 1188 1501 4035 2434 551 771 1788 3878 1267 2856 4995 4467 3338 2226 669 4753 89 112 2929 1167 3968 272 1876 4833 1145 3412 587 3231 2481 2769 3858 3031 4018 1231 3306 2083 4120 4333 3072 2054 1583 3891 4155 877 1830 4374 67 4246 2204 3924 751 3412 301 4464 1674 1636 3712 3067 3173 2880 4756 974 2567 3041 2916 3663 3183 2361 1206 3591 2371 4452 63 3270 30 4224 4831 4251 319 1292 2320 525 2840 3176 1787 2181 1601 3542 116 245 4189 2222 4007 1179 347 3106 1765 4277 3318 2913 53 922 971 1971 441 4817 3701 4900 3082 4137 1267 4516 3177 990 3796 1390 4055 4837 1965 4985 4368 3784 1359 1071 3907 973 767 4291 3707 282 2643 70 2898 3557 985 4905 554 1904 1017 2125 18 2276 1798 1948 3124
2309 1376 3595 3102 4837 3811 4846 2630 2203 1620 178 1740 4237 1080 3057 2519 4238 1698 3548 1760 4743 2420 2125 2441 829 834 4530 3147 463 4175 1085 4691 392 315 3648 2485 4081 1754 255 2082 98 1779 4868 4211 1165 4964 1765 3520 909 875 1176 79 4221 425 1109 3351 4942 3076 4264 4702 3786 3464 4310 2397 1695 1618 1985 3447 4914 3104 3373 1187 1182 3324 1206 2540 3768 345 1601 1393 3640 4489 3770 4021 293 2828 4618 2101 1966 3459 2657 3979 1802 1809 1356 1502 4548 1324 3602 517 1526 2389 4823 3417 4566 4841 4536 1681 3084 4340 4866 1671 3266 4980 1936 2240 3281 1520 209 1136 1113 592 4665 2130 4081 4049 990 1223 4999 2779 3066 1722 4141 869 648 3902 1934 2634 1752 2478 1174 2527 1770 2615 3469 2090 1858 315 2500 2885 46 2565 4935 1386 4573 612 3214 2005 872 713 4485 1908 492 1454 644 3950 4584 3191 194 962 1433 1898 2928 3367 1280 3446 3141 3562 506 2678 4968 745 3284 2015 1643 2937 4512 1435 4911 2345 1347 1705 3048 2045 311 2142 3059 1317 4841 31
2592 4374 4159 1032 2536 1717 1742 2082 3517 2933 4217 921 2842 2149 2358 4238 4527 655 3035 314 3161 547 2382 1435 3301 4236 4251 3387 739 1707 4193 4345 4412 2193 2530 4841 686 1974 416 4867 318 4912 4738 3716 3898 2986 818 1737 1034 1681 470 1970 3762 749 1472 4983 1914 1151 2665 1403 2738 992 2710 3593 2694 1436 1504 2684 3979 571 84 867 382 1058 3649 3910 4781 1660 3210 1224 1347 4296 3733 1941 3447 3693 916 3839 2984 2584 1631 383 897 2214 28 154 1557 3401 4767 4914 98 2946 3023 792 1764 2760 4760 4384 710 2599 4935 4144 4332 3942 2148 69 3108 1876 790 2388 3396 1256 933 2640 822 2068 808 1424 165 2640 4393 1559 3408 3695 1827 4324 671 2554 3072 4411 820 1682 3735 4610 4390 2086 1972 3275 4181 4921 83 293 4739 2414 4890 3548 2180 376 3406 1316 4245 3106 2218 4142 3596 1656 992 1925 1464 691 3443 327 4145 2867 1265 1129 4709 2340 3325 4459 3087 644 3991 4745 4729 2143 3274 1402 1131 610 3238 3048 4875 3231 1085 2968 351 2143 1044 2119
4836 4131 458 3892 4275 4618 507 597 2172 2853 1357 2083 21 1047 4586 1698 655 946 2549 2121 2330 379 4808 4296 528 392 200 2651 3276 887 782 3080 2038 3206 266 4932 4310 2685 611 4278 4742 1744 2258 4507 2896 1045 2571 1912 157 2352 388 1227 3636 1355 1874 2660 1987 1708 2402 2321 191 2185 1919 3146 2109 4423 3431 204 3060 2020 2835 4512 1308 2482 4749 3202 2381 3140 4197 4013 100 2639 4806 179 3337 3987 2904 3897 1179 2250 2987 1010 4713 2643 4697 2644 3066 1494 2056 755 4500 1424 4861 1899 788 3134 3594 2993 2451 2262 2274 4603 4544 3038 2512 1578 2493 4963 4604 1220 749 3280 2431 453 3860 1055 2160 4060 4699 1694 1704 2580 4555 3474 2491 3178 738 86 1966 3672 642 1465 1329 1124 3386 865 3167 722 2699 2906 1139 33 3120 1294 3029 1279 2927 929 4450 3494 1145 2953 4011 2275 549 4672 1521 2907 3346 225 3587 3896 2172 1088 2675 4988 3244 2980 3958 4882 3235 608 3270 2262 1145 4027 1557 2595 3721 3665 1896 1456 2751 776 2819 700 4707 4686 1915 4870
3409 4375 2731 2109 2713 694 631 3328 640 3230 2233 2062 4145 571 2697 3548 3035 2549 2374 1919 2540 401 2575 2905 3410 2024 2876 1940 2630 1438 1330 3176 4483 1493 577 3291 4220 4189 3545 138 3812 3209 2872 3792 2507 2405 2480 3767 4336 3526 4623 4911 1238 2654 3941 1209 4425 1872 4306 3950 1216 4565 3400 1035 768 4982 832 2531 1470 4854 483 568 3598 2292 4720 3853 3564 2647 2924 1971 4508 1257 1069 3805 1483 1272 158 2311 113 1752 2325 985 1039 699 4063 2848 1097 4475 3134 4277 2942 4927 4943 1999 4223 3462 3914 1491 1828 3106 2651 4278 2773 1541 506 2433 2394 4306 1960 1227 620 2432 2448 4131 3765 442 208 1667 3254 2575 1937 4138 3517 15 4527 2160 119 3361 2384 594 4367 4955 3852 3760 2546 3017 2239 4517 635 3190 262 3063 178 2620 2013 1374 4128 194 1697 3337 4273 4136 2236 4618 4332 2367 1391 2839 2645 4697 2501 1995 1928 1302 2476 955 298 4048 3029 749 1973 2284 2975 3259 573 2629 3556 507 4833 1316 1571 446 2881 3921 4120 2787 1780 3131 2967 2379
1003 1491 3302 1659 3680 3364 3137 1329 303 4622 2404 268 3611 2166 123 1760 314 2121 1919 254 41 479 1283 3809 4510 1808 3371 2169 3489 4708 883 3710 732 2747 952 2977 4623 277 4188 4628 1840 448 3002 783 4922 2335 1439 4912 2495 3803 4964 55 132 2752 3193 2530 4155 316 4785 4936 4914 682 1533 2656 2500 890 433 3725 3849 1277 1826 4148 4446 3974 235 2476 4209 272 4775 1206 1943 4808 2978 979 3284 4407 4759 4932 3547 3053 803 420 3777 4029 4107 3982 4047 4242 1325 1426 404 3588 311 2187 3427 615 2733 471 4595 3947 716 2254 944 2488 470 3951 4879 4739 293 1204 2559 3692 1119 3329 3603 3590 3096 4402 3551 941 1129 3357 3153 1090 3689 3076 2516 4380 782 1494 990 820 4051 3532 2858 1460 3960 4232 366 2703 368 2025 506 3710 1260 3366 4140 1492 1087 233 330 1188 292 1055 3939 902 2170 1679 759 3872 1703 3265 2625 538 2686 2427 4857 2162 2116 4031 4912 4498 3955 794 2428 1647 4812 3039 16 4464 3447 4176 940 4500 1320 234 1443 743 1021 4728
2130 4657 3926 4708 4246 2089 3768 2929 1200 3646 2721 2247 1540 3911 2885 4743 3161 2330 2540 41 1019 1101 2651 3993 4884 2534 138 1554 1657 1205 1549 2508 4841 2045 1797 1877 1138 2154 2064 1925 3998 3115 3772 3518 1583 345 1676 3285 4976 2488 2097 2540 1928 2177 1592 4784 4903 3134 572 4880 3650 2861 1793 3302 2550 1392 100 268 595 3432 1972 2765 2908 549 1905 4402 4087 4623 3452 425 2363 702 4412 2568 3413 2947 1895 2859 400 4980 867 1875 2531 2435 965 76 4316 3564 4349 368 4500 3241 681 4685 3301 4652 2214 3884 4888 2152 2223 3082 2596 4152 824 3238 1060 2880 1471 3968 3655 4095 4789 3403 3999 870 1785 2960 2739 2470 4958 2644 3767 455 4230 3348 4813 652 2292 2123 401 3182 3098 3852 2031 139 4664 4709 638 3849 1508 1883 1198 2629 1245 2147 3877 19 3652 521 1618 2220 4431 2447 3671 4826 1592 1569 159 2357 914 1888 1577 338 3238 4014 3986 930 1637 304 4345 698 1891 4596 4913 2061 1081 3621 2433 4005 2837 1517 3246 3471 3535 1031 2986 540 1746 2792
4802 784 4780 3899 2824 3993 948 1398 4678 4337 3474 1297 565 3941 946 2420 547 379 401 479 1101 4671 1114 3842 3980 4343 2540 74 2752 3672 900 446 279 739 664 3935 3425 310 932 1790 556 3228 3663 1372 2188 3177 1678 2186 4299 940 3776 1698 2070 2908 559 250 4586 4305 4268 2483 4336 434 4710 4283 426 3776 963 822 3173 4462 4789 346 4482 2703 3217 3179 1462 2982 216 964 4543 3350 3466 3273 376 4720 821 1440 4667 687 3710 1796 2171 4317 4666 783 599 845 4144 51 4445 4780 334 4555 1000 3818 3798 3223 797 1352 1805 4257 2504 1820 4509 3846 4792 3054 516 2466 2569 3127 2513 1089 907 755 4587 758 4471 2426 3592 4760 2208 1824 4273 63 629 465 273 2056 4992 4222 4468 3396 3815 1654 268 3269 4748 1001 1137 1218 805 3873 2860 528 1259 2187 3010 699 1248 2300 2406 3706 3853 3377 3708 3565 2364 1032 2511 4191 1071 4875 3753 4014 1124 2447 2911 1962 4029 1048 751 109 2224 4599 3079 4076 4001 3847 4134 975 2434 1569 482 1081 61 4383 4558 392
3986 3090 3655 4653 1154 2247 462 2259 4456 3813 1570 168 2569 3092 2663 2125 2382 4808 2575 1283 2651 1114 4812 4331 1537 4427 3601 4401 3213 4139 1037 2744 1334 664 3809 4391 161 3179 2645 4753 1137 2054 304 292 3152 387 1604 4333 4181 4039 1827 243 3004 2460 1804 1577 3241 2931 1099 410 4618 987 2977 1457 52 2311 585 1592 1827 1229 3316 2201 4020 175 4875 252 176 4172 1567 2216 1243 1048 2106 3831 1091 350 612 1385 776 283 3679 1918 569 279 4398 3134 1108 1924 658 1489 4415 1592 868 2241 2998 4925 4628 439 2776 2717 3271 4529 1968 2167 1311 4479 1774 1182 503 1964 4686 849 2433 766 3433 3944 2935 4021 2329 1178 1210 1204 3061 3713 3423 3726 4587 1977 4285 4310 1683 228 3820 1857 2043 1968 2578 4663 2159 1160 4577 3660 208 3658 1874 382 594 1388 36 3466 762 2986 4326 3641 2881 2265 495 408 1609 1866 4340 310 2605 1365 4244 863 4479 1106 3247 2490 4112 649 1946 2870 1623 713 124 3959 3876 4127 3078 663 1962 1222 1531 694 1159 3968 1214 2081
4459 1330 2471 2268 577 37 85 1921 1968 1524 4165 4575 4174 540 918 2441 1435 4296 2905 3809 3993 3842 4331 1554 3158 3616 2442 1990 3327 2286 4226 1331 3409 4700 618 3043 49 2631 4502 3609 3120 4840 301 4958 1292 3776 2796 1484 3679 514 4903 1539 1067 4743 3747 1582 1182 1854 3229 494 41 488 2082 267 4433 2904 4259 336 4342 3029 3077 1421 774 1795 2203 4362 461 4545 988 4441 1082 3538 3943 2549 1541 2669 2052 1903 1945 2371 1553 4642 2226 4559 2550 2475 2112 520 648 3819 4723 827 391 2511 4996 1938 4522 917 1812 3071 3524 2440 3775 1980 2558 1425 3266 719 4783 2083 3695 2894 704 3302 3291 4186 3030 2880 1585 4975 2316 790 4462 1575 630 4171 2336 3353 685 4615 4312 851 3302 3251 2224 2627 865 1582 574 140 4973 1813 3468 2631 2538 2379 2647 2507 3734 891 589 2261 2502 2384 2667 1790 421 563 4651 1496 4285 2727 4169 1122 3473 1994 2158 1290 4469 2108 1264 3894 225 1898 2316 919 3010 2981 1361 963 4644 3380 2247 1102 3882 4409 3667 649 4155 4043
1663 135 402 2850 686 3133 2290 864 1310 4386 34 994 1625 3781 2282 829 3301 528 3410 4510 4884 3980 1537 3158 1893 2205 4017 3082 711 3582 293 1121 3441 2738 1414 3575 998 486 3137 3073 2859 1762 926 4119 606 1010 582 1599 3088 712 4692 3522 923 2402 3407 4409 4100 1124 2292 1722 4737 3492 1537 770 312 4628 3710 3558 4961 4464 190 2182 3900 4934 3174 2588 1098 3311 1854 3565 3362 629 1846 1038 505 3763 3373 270 4657 1093 314 2239 28 1268 2144 2633 3533 4977 2696 4487 4464 4824 290 3614 1121 3602 1768 295 81 1176 4162 1251 1506 459 4660 707 3099 1287 2678 2325 4467 1918 1439 1596 1142 794 3607 4956 2313 1048 3030 4972 3858 935 3910 3999 189 4777 4333 3869 3937 2338 1220 4079 3987 1207 3605 3387 549 3428 3650 2198 3037 1082 3159 1112 4148 3423 3174 2702 639 2589 3840 1140 1987 1758 407 2701 2980 3154 3061 4733 4057 1455 3639 2141 2738 122 656 1447 1926 1616 2041 3808 1667 2865 1810 426 3257 4345 3471 3103 3452 2591 513 1112 3881 4226 857 2600
4263 502 179 2634 4690 2328 4009 4238 2719 3214 3602 4809 744 801 4926 834 4236 392 2024 1808 2534 4343 4427 3616 2205 4402 3630 4751 3532 1785 1105 4780 1208 2842 4690 4725 262 325 1897 1402 529 150 3737 2830 4349 301 4353 594 2809 1959 2879 3637 112 4203 1518 752 3079 1186 1893 2516 2684 3801 1559 1345 2710 2093 1027 4611 374 4243 2729 48 730 481 3104 1720 297 925 2931 4832 4902 3145 465 4919 3833 1522 424 1104 2257 2711 4923 346 621 4703 878 3524 4822 2703 1264 309 1737 3530 3150 3042 3001 307 917 4102 2899 4279 3232 2314 4917 532 3596 2923 483 1998 2767 213 1076 2711 4821 3105 2240 2223 3033 2837 4502 4943 3479 2405 4077 1428 1397 720 1720 2000 2919 1635 4640 4465 3516 4230 189 3338 1849 1271 2829 3940 3618 1855 1974 3471 1448 3072 4062 3281 2918 3068 328 1470 2458 1307 4261 2734 2059 3342 4091 3638 3404 3415 3895 4837 1695 4246 2066 954 1636 4946 1293 2049 3687 4575 4069 1367 3992 4140 1828 837 3860 3396 3819 4033 4838 4467 1528 3939 2080 356
2042 2783 4980 1832 490 4073 1164 4934 1783 3407 4785 3420 2446 4585 3931 4530 4251 200 2876 3371 138 2540 3601 2442 4017 3630 11 1223 2406 3996 1395 2747 1129 2985 2399 1584 1398 4035 4276 1816 466 4570 2578 3103 630 2760 509 1570 2963 1649 2154 4623 4448 2641 4082 120 833 4942 4978 4894 4426 1643 3181 1848 368 552 4206 3393 4535 3208 444 281 4614 3966 2776 2640 2220 2179 2049 334 483 1319 1241 1430 3846 3741 888 3910 412 3900 4690 1901 3377 662 1228 2261 4384 3877 2325 203 1956 1361 3530 1503 3390 2534 2174 3175 2904 3594 4310 976 743 1059 1001 2203 4458 4198 1736 465 1403 2476 43 3579 4261 3986 4046 1748 3735 991 4998 4957 4446 3377 3502 2773 3447 2241 2433 2028 2452 4808 1812 396 2865 1765 3249 2537 2163 1010 4330 2841 2741 271 1092 1459 4245 360 2695 3059 2288 3765 4744 4691 2444 62 1583 167 2655 3213 4036 4278 3580 389 1019 1204 4509 2155 4097 4618 4296 3773 3209 3484 2722 2055 2376 3480 716 294 2406 1415 24 4820 4492 4339 139 383 1007 902
2993 3310 3035 4925 4677 4557 4526 4597 2277 3362 2115 4000 4597 118 2217 3147 3387 2651 1940 2169 1554 74 4401 1990 3082 4751 1223 3271 3339 670 4834 769 2527 324 941 370 4536 3948 1714 945 2580 1716 403 3238 2666 3835 3372 1515 2411 3422 4168 388 3374 1034 1442 2526 752 285 3899 1837 3684 4939 2349 4797 37 247 401 493 1751 1257 3787 1576 2026 4474 432 1923 2346 463 3613 339 2967 90 968 1870 494 2057 1744 3622 898 13 4855 558 3605 4454 4193 3378 2508 1213 1237 3661 864 907 724 1088 2248 129 2216 2364 2357 4138 4182 843 1085 3425 596 3604 4398 952 4568 4004 3299 4032 3540 2745 2254 361 2540 2082 4415 4677 3391 2663 1959 3545 2129 3633 2028 4597 3284 2445 491 3764 4447 2913 2044 1896 3328 1861 3607 950 4969 4760 1060 517 3422 4525 2734 1760 1873 2406 1437 4669 1287 1521 4941 3612 3236 2540 4313 4639 3358 671 792 2805 674 3872 4494 1317 2328 952 3488 938 4938 4320 4494 2836 462 1324 3377 3554 364 1300 3109 1536 1664 4696 1329 4874 2968 1475
482 4934 3687 4941 3473 463 1797 4892 4695 1401 141 2728 1416 3069 2791 463 739 3276 2630 3489 1657 2752 3213 3327 711 3532 2406 3339 4602 364 502 1147 1543 3298 2052 3724 4544 1053 3391 241 2184 3586 2737 3177 1698 437 897 1160 4048 4272 695 3271 4991 4470 4377 1422 2115 3379 2944 3382 1022 799 2146 2587 3552 2914 3376 4291 892 2176 2626 959 3738 1507 3123 4693 1827 4370 3491 4820 1343 4854 371 877 806 651 1755 2166 638 893 2073 3872 4915 4032 4077 787 315 4095 2038 4914 424 3488 1988 4240 20 633 2090 338 1761 2265 3894 766 2211 703 2552 53 1176 4637 1220 3121 2496 2429 3891 4230 3032 3411 405 82 4695 2404 487 1781 1854 1788 3717 2559 880 2369 2227 3375 2504 161 4805 1399 3922 1406 3109 290 3790 4226 256 2092 4345 1910 763 198 800 1053 4324 141 921 3017 4688 411 1664 2626 1512 2853 3065 4249 2613 4887 203 440 820 2494 2510 1677 4080 4850 1339 30 3897 3408 4898 4130 3835 4001 3303 3453 3212 4799 1073 863 2921 1141 2186 4317 1494 2761
1806 3200 1814 4877 2433 4147 2987 4385 2315 946 3421 583 2495 4924 4568 4175 1707 887 1438 4708 1205 3672 4139 2286 3582 1785 3996 670 364 1784 2654 3453 768 837 2872 1031 4632 1768 1467 689 2382 3225 4193 3287 1216 4748 264 324 2387 3052 3862 2176 4925 4083 583 621 3039 3647 4247 2820 764 4563 3197 3034 1916 1855 2483 2885 1411 706 3307 4840 3620 4623 4776 4920 3923 574 4021 1230 4652 547 3459 3470 1943 4979 2622 324 4899 1307 2047 3124 4523 2739 872 1098 103 938 1231 156 1028 1978 3266 1824 4589 4761 2168 1396 1885 4629 3058 3615 2392 986 2569 2747 3969 125 3904 273 1339 3337 2271 4797 4067 1144 4119 199 4942 597 4764 4959 1340 4582 2827 129 928 1600 3909 3898 200 1215 4722 1218 3168 853 4126 3932 956 4120 2584 1216 3057 1419 2579 3139 1610 4925 4622 3579 4400 2687 3364 2955 2760 1633 836 3064 1305 2120 3647 4507 4556 2297 877 665 2234 4688 3562 2703 2413 1182 4677 314 152 4007 433 1373 220 2643 2426 4962 4726 3547 1784 638 4188 3518 93 154
3711 4613 2046 4678 99 1572 1072 1648 1102 77 2192 2356 3456 3676 2731 1085 4193 782 1330 883 1549 900 1037 4226 293 1105 1395 4834 502 2654 796 2369 3924 3910 3751 3735 2637 2926 2849 4451 3765 506 3738 885 548 4170 2396 2056 3498 4171 2548 1348 126 68 3087 2650 1799 4491 2913 4659 3966 4228 2628 3681 3635 654 3827 514 4558 1191 2140 2553 4280 2709 4559 2167 3455 941 4100 1223 2030 1272 177 2746 2088 3183 366 1983 1885 1783 967 2963 2167 3395 4475 303 2652 2614 3609 2576 1987 2971 4268 2213 3657 757 70 614 1527 2990 383 595 159 3225 3570 1688 1406 709 3538 2572 2126 2994 2291 3636 1876 3518 2378 179 3860 3997 4911 4819 763 2463 4998 4625 1668 4565 4609 76 635 278 787 4659 2592 1474 1586 320 1882 607 1821 4891 2477 4484 4150 4149 890 4255 4703 2864 4077 1732 3701 3811 1318 1497 1386 4274 2850 3072 3790 2501 2955 2506 4743 4054 2532 2895 2925 428 2910 4513 3160 1953 3330 1911 1800 3042 2790 1328 3975 1930 2495 3160 1384 3501 2953 4543 1673 1124
3042 2875 196 4020 1979 3328 3380 2458 2520 3049 509 4628 4870 2257 3857 4691 4345 3080 3176 3710 2508 446 2744 1331 1121 4780 2747 769 1147 3453 2369 798 122 3809 138 1903 4490 3733 2468 2230 3489 2369 3570 2195 3904 61 928 4457 611 476 1679 760 4532 909 1026 3441 290 3316 2793 4874 4472 2503 76 89 4952 795 4005 1455 2610 1720 2295 1288 3815 3877 385 3742 4534 4180 1239 351 998 4034 825 3256 3037 2456 4734 4116 4615 2234 2957 146 2490 2270 560 2271 3972 4290 1564 49 525 366 2002 2238 2097 1101 282 3513 3792 358 4332 4860 4244 4202 1540 68 4847 3680 4619 4344 987 3906 636 1687 4168 4413 457 1066 4232 3826 2240 2848 3434 1415 4358 1487 297 1984 2640 1937 1453 4403 4145 3375 159 4170 4522 2507 927 4374 838 3963 2329 4993 852 2359 1352 4719 1085 2201 4959 1890 1488 2529 3123 662 2483 4777 1966 3311 2868 4245 2238 2095 4486 3213 2756 3759 4850 1809 2723 2020 3186 3476 1499 4303 2799 4490 417 37 1576 4830 2801 3558 3319 4967 2605 1031 2840 1028
3741 967 2504 2294 3756 3640 1723 4439 3619 3643 1957 1859 1264 3882 2256 392 4412 2038 4483 732 4841 279 1334 3409 3441 1208 1129 2527 1543 768 3924 122 3277 1737 2031 3888 3433 2391 4813 1087 2956 2007 2546 3613 4316 2565 2263 776 3720 4374 1813 1784 1063 2633 3433 3240 3928 3623 4386 1162 2032 1376 3314 1937 1744 4715 2372 1651 662 1872 3127 728 1542 4606 850 4116 3892 4252 3810 3182 3428 131 613 3634 3799 138 4770 842 3430 4229 3850 2729 2535 854 2482 4615 1804 802 3786 512 3273 1796 1291 1113 3093 4040 697 2274 2011 440 2684 272 299 4577 2846 1139 2840 4309 895 4405 521 2284 1892 125 1897 3514 1928 566 478 325 1219 2777 243 4243 4280 2127 851 4202 1373 1362 4966 252 1740 4985 2237 1274 3625 202 3861 3618 3571 3693 2272 1512 2188 4492 236 1958 527 2445 4812 3240 1396 3131 4552 347 1130 2536 1264 856 2321 497 1197 2759 4492 3071 523 3930 4077 4675 968 4580 4345 2122 2319 3023 2627 2352 2786 354 433 4167 2751 3038 4866 225 140 1034 1695 4343
3591 1403 2805 2982 327 4904 4370 400 4781 3847 1748 602 4843 4013 4554 315 2193 3206 1493 2747 2045 739 664 4700 2738 2842 2985 324 3298 837 3910 3809 1737 2244 1765 584 4746 86 3403 440 893 150 4867 3207 2776 3259 1476 523 3295 4866 4209 975 1885 337 3602 1555 4717 2191 2828 4920 3455 1060 243 4891 1499 2174 4790 3090 3300 4916 507 3806 1376 3341 2788 1907 205 1932 1480 1363 3976 3865 1999 1121 291 440 4398 2347 4003 1425 2663 3462 4248 4920 1855 1487 359 930 3213 1510 1628 2671 2882 2281 3828 2347 3426 1408 101 3425 3472 3710 2211 3517 2731 3324 979 4764 473 2231 3439 4638 866 4047 439 353 369 1886 1401 1578 2799 1374 3264 4643 1100 3575 3555 4135 4272 1875 1439 3016 3278 2434 3848 4811 4360 3007 3013 2497 49 300 692 4787 1148 1948 738 97 4154 603 3607 1100 769 1973 3589 267 4733 12 1625 2757 4777 1112 2897 1632 439 3967 3128 3581 4609 1770 3356 912 1945 908 1231 3070 4178 4796 4534 933 4852 1922 4502 4055 4479 2374 581 830 882 4247
4285 3817 3033 405 3823 920 1433 2771 3769 988 1350 1186 724 4323 1531 3648 2530 266 577 952 1797 664 3809 618 1414 4690 2399 941 2052 2872 3751 138 2031 1765 1676 4009 4449 61 1647 4391 688 1694 488 2676 2866 4629 2512 2793 4131 3609 3986 2602 4149 2160 1659 3709 2652 860 1102 4629 1717 745 252 4273 3748 4528 744 283 3809 1682 970 1500 4507 2966 1189 2198 2332 2958 658 4038 433 2149 2027 452 4622 214 4237 4264 2890 1304 2178 4636 1234 4995 775 1236 272 853 4517 1330 3504 3890 4260 2507 93 4938 2861 4271 3788 1443 1765 1052 2711 4492 3339 1998 4574 2559 4968 2875 2097 3673 4936 2673 4881 2457 1868 1945 4571 1193 3920 3632 3170 643 421 1944 993 2348 3691 3324 2141 2227 3617 2819 1368 877 1251 682 3030 2592 2786 2169 100 1430 94 597 3129 1637 3410 2758 1141 2973 4740 4640 3810 4504 4499 4463 440 226 3214 1915 2122 3239 3925 3590 260 4558 4787 2518 587 4119 118 2018 940 1992 4264 4844 4225 2012 710 300 4062 3608 1786 1321 3393 4413 3826 3297
3369 2208 1584 2866 1438 1985 2587 4117 3656 3539 3863 2040 233 2213 3866 2485 4841 4932 3291 2977 1877 3935 4391 3043 3575 4725 1584 370 3724 1031 3735 1903 3888 584 4009 136 588 2540 1422 4479 2375 3749 374 2553 4488 1816 424 1350 2383 3520 2411 704 1251 3671 2384 492 4890 4824 1420 4645 4745 2654 3111 4375 1120 1295 2606 1759 855 3834 4016 1744 869 1944 1074 4708 1802 1117 2944 4430 2069 4001 3658 944 3446 1918 4968 1899 1776 3416 1305 593 756 650 2032 4613 4160 3834 978 4352 2973 1140 3232 386 4239 2970 50 2828 4433 2390 1858 231 2462 158 4177 1685 3273 886 3788 139 3187 4172 1361 4734 1082 3303 3898 242 3097 3671 747 1031 3706 2028 208 1737 3914 4311 3337 4370 1966 558 2826 3174 3511 4981 2803 733 4932 4755 4031 205 1880 3259 1343 1555 1614 1793 1517 1543 3636 1201 990 3236 1834 2417 4940 4842 1779 3579 2835 1263 2768 1344 2266 4029 893 343 3804 3740 2831 2849 3469 340 3810 434 1849 3065 1248 2478 623 4944 925 4472 202 836 798 4686 786 4391
2725 121 717 3340 1708 3201 4621 4915 1877 3070 2984 737 4736 717 2176 4081 686 4310 4220 4623 1138 3425 161 49 998 262 1398 4536 4544 4632 2637 4490 3433 4746 4449 588 2351 4449 3254 2311 1451 3076 4013 1858 4969 361 4589 2738 2871 3632 1146 617 3464 3979 2397 1007 4917 2263 929 1471 1928 1760 1758 147 4363 4896 3824 2823 1293 1874 3845 3541 947 2254 1814 1128 2495 2579 1204 1062 2161 1440 4643 4100 1811 4771 349 3015 733 1355 3548 3221 1014 1654 3713 1396 1976 861 1533 2707 2074 1442 3233 4520 3571 1585 847 204 1123 1445 4980 3038 1164 3079 2602 3171 3709 4607 4307 2740 2409 2581 4547 1230 3755 3855 1272 2626 2191 384 959 4030 3644 1209 1036 937 4546 523 430 3118 1600 2650 4308 2142 2469 4515 3681 1785 1411 3255 2263 875 1827 2722 2006 2658 1671 1077 3823 78 2127 4154 2852 1504 3716 4264 2207 3073 4723 2730 596 3974 2914 2807 4606 3418 3401 2894 1098 1772 4457 812 1063 443 3760 431 4252 4912 4565 4161 2041 915 973 2317 3992 1235 2946 3698 631 69
3052 1031 3454 754 4489 3318 959 3327 2236 1198 3059 1294 2002 488 1563 1754 1974 2685 4189 277 2154 310 3179 2631 486 325 4035 3948 1053 1768 2926 3733 2391 86 61 2540 4449 3222 2530 538 3885 1072 1505 1371 4486 2074 782 2075 3479 1060 53 3050 3444 822 2341 4015 811 766 929 810 526 1223 3483 2543 1046 2876 1887 2861 71 3294 4257 4526 1856 370 104 1094 2178 2353 4046 198 3601 4972 247 4496 290 2686 1649 2933 4191 3375 355 2783 938 1195 4415 4317 2767 978 2557 1731 915 1136 3995 4174 877 3131 4339 2752 979 2282 4015 2778 624 1083 4601 1975 4115 4541 3712 1017 3156 1971 3371 1984 3222 4511 3732 760 3316 867 1975 441 447 1667 2291 4462 4961 4600 1441 3323 214 3777 3217 1397 1292 2350 3028 1832 1020 3448 2150 1187 2576 483 2578 2311 3873 612 323 2648 1598 831 3167 2304 2199 1406 2222 2041 442 3399 921 4391 3007 4749 1355 2636 743 2088 3603 441 1624 3094 1976 1886 1706 3924 3651 3858 3738 4156 4116 3363 4530 620 3040 639 126 476 4040 2863
371 230 2336 1676 1320 1528 200 1553 197 3148 3579 4102 3213 2328 1199 255 416 611 3545 4188 2064 932 2645 4502 3137 1897 4276 1714 3391 1467 2849 2468 4813 3403 1647 1422 3254 2530 2748 2007 1922 154 1513 1572 201 4228 1202 281 3524 1737 1605 4331 3211 4464 3558 509 4232 3549 655 1271 4307 4271 708 575 879 1748 4097 587 309 1991 2657 686 3099 155 3313 582 3780 1483 3832 1451 930 1617 1561 2837 3600 306 47 2048 3429 1298 939 3002 4389 3515 4321 504 4797 486 3172 483 2581 4117 1412 3523 1800 3064 1085 1268 733 2824 4207 1094 3670 2990 1168 3364 2925 3733 1398 1073 695 3232 3327 2996 2461 2747 1174 1382 2322 19 1355 3340 3563 210 4162 1532 2629 4738 785 422 560 2986 196 1910 1662 4550 3769 1145 3220 1552 4431 2311 346 4631 2144 3245 4291 1446 3305 3424 779 1253 573 4516 2454 2463 3830 3193 4180 2611 999 4203 4644 2400 2195 4018 4993 3817 2875 2600 2306 4810 781 4290 4303 2085 2882 1771 3870 827 2870 1909 4685 507 4403 877 312 2676 2202 2633
1920 2424 3555 4016 1488 1175 270 1094 3439 478 1739 4556 234 1804 2919 2082 4867 4278 138 4628 1925 1790 4753 3609 3073 1402 1816 945 241 689 4451 2230 1087 440 4391 4479 2311 538 2007 230 2312 4886 4722 172 4747 106 1395 2885 1992 3432 3802 4352 1148 1646 4867 838 2999 2696 3499 886 1077 4184 2345 1280 1483 2826 2872 2533 727 4485 3724 151 2558 1859 4703 4236 4266 3462 3631 178 1234 496 2890 24 2937 1960 4115 75 1921 3241 2554 532 4377 3023 623 546 4411 3043 2091 1112 1139 265 2890 743 2779 4398 3410 2977 3601 4502 3881 1494 2979 3983 2486 4318 623 3291 1237 1610 1527 930 3782 573 3266 4141 2700 2622 4186 4955 4718 3129 2297 4582 4459 4274 1787 699 4673 312 4257 2965 4335 1879 2018 4127 2539 1941 4779 414 4013 3914 473 2024 3855 4706 4251 1683 103 2645 3221 1310 3345 4622 2878 244 4462 4793 435 3640 1507 2942 1765 4209 2235 1702 4708 1683 1784 945 133 4924 3742 4835 1162 3014 2802 1166 2635 441 2006 3919 732 4227 2628 3420 2394 1357 4323 277
