N: 200
M: 30
Symmetric: true
Triangle: false
8 60 31 139 84 114 25 162 43
7 13 132 20 75 189 1 18
6 124 116 28 72 38 184
5 171 12 56 188 64
8 100 14 194 54 195 163 74 55
7 148 33 65 185 186 141 58
6 48 61 106 7 9 2
5 35 129 108 127 182
7 46 82 196 151 190 175 68
7 41 143 173 177 36 153 22
9 136 178 120 167 193 137 180 155 183
5 133 135 52 79 142
6 10 8 147 77 19 67
8 107 69 5 23 63 131 42 32
5 154 121 152 4 168
7 98 71 95 166 172 112 53
4 91 59 26 134
6 156 105 87 45 11 92
4 44 29 76 164
8 144 140 103 109 145 88 197 66
11 122 174 37 119 192 130 176 81 102 3 146
10 93 99 169 86 159 125 126 138 110 6
3 89 40 50
5 187 90 30 73 104
8 198 57 191 21 97 15 149 117
6 161 150 83 128 157 118
5 47 160 24 165 78
8 94 200 51 101 49 179 62 27
6 17 80 111 115 96 16
10 113 34 158 123 170 39 70 85 199 181
246 4905 2680 831 744 1794 2333 501 4380 2262 3410 2549 584 4878 3118 3932 225 3469 2078 4046 1020 3605 2067 2251 890 4506 3646 2040 2835 3172 3412 2418 3707 1933 1090 4094 146 3190 1302 1698 2602 2858 1193 1213 3653 1389 1646 3356 1079 1459 2473 288 4682 695 731 1323 4652 683 3598 1553 1752 2981 698 1535 1673 449 3911 1872 64 2131 3050 4899 464 3443 1143 3024 4332 3417 286 4155 3694 4748 1923 1887 1975 784 4842 2473 1449 1669 255 2181 2298 155 4093 1733 1721 1729 3311 191 4182 391 1922 1544 3466 4978 4280 4735 968 4808 283 1154 2671 2036 835 534 4481 1295 1096 2097 4860 2625 226 462 1377 433 3313 1296 1181 4604 468 817 309 2342 67 3784 1739 3162 1364 3086 346 4508 652 1470 4855 4426 4470 614 2823 1297 157 4000 2429 3309 4262 873 4904 3955 2807 4804 4583 4380 186 4542 1128 4816 3665 1514 4322 2488 4244 396 1447 2735 2279 2675 833 3587 1702 3489 4747 4471 620 647 4790 516 453 3505 2267 3452 4714 4141 2167 2564 1572 3062 1111 1468 699 3543
4905 4871 479 1639 4557 4082 4106 4497 3582 446 1752 644 1010 1613 1515 960 2300 3629 4707 3426 2584 4871 4800 4860 3559 4001 4233 1240 1670 374 4811 2910 4839 4623 768 3931 3058 4621 4001 2926 2298 3278 2037 1566 3808 4818 272 743 3811 4179 3206 4950 1844 385 2135 1147 4236 4503 4017 2068 322 3420 4572 4073 4832 1068 2774 2412 2175 4164 1777 2442 3392 3491 4569 3243 4349 4708 549 692 2431 3713 4344 4324 3757 69 2671 3885 4335 3997 4313 595 2424 3533 3989 2337 222 3305 3070 1125 3526 1645 1817 1021 714 1536 3703 4861 86 4991 1093 2026 541 3503 3222 2486 804 59 3273 2135 2205 574 1597 1416 496 65 1831 3102 4939 312 91 2772 1169 1675 2476 1119 476 1085 2729 3460 1599 778 2648 2169 1040 863 3500 3590 2527 4861 743 2673 1391 4959 4824 4482 1001 4340 3846 3253 1568 3838 320 1183 4278 4984 3261 66 2120 1697 892 3577 1358 2484 1517 3918 4956 1635 90 3633 988 2103 3924 3820 2330 117 160 1533 2796 4265 1602 1781 4625 3352 1759 3237 2548 3164 1848 457
2680 479 4118 361 1717 1207 2405 3959 3536 3894 2507 4262 2009 2016 3681 514 2748 1080 2860 771 4143 1750 2964 1663 529 2529 3134 2010 3789 4288 22 77 2132 1796 1284 2798 2277 1087 440 1232 1358 4507 1196 1463 3149 144 4329 4352 4300 1061 1964 1108 3446 3802 1995 2594 2260 3921 3737 338 4006 4471 2761 101 1663 520 3938 2952 2058 101 481 2855 1355 4163 3375 2733 34 1852 1399 3187 1249 2277 3169 3897 584 2533 1322 1233 3063 1822 4114 2078 1781 1012 3235 3989 2022 2496 516 2562 3003 2717 1661 264 1930 3789 2691 996 3487 2063 2273 4876 39 4835 4698 3940 1128 2778 3625 4873 925 52 3663 2946 157 1109 4149 2131 4198 4235 4214 3620 3938 810 4565 4365 3479 628 154 2034 1692 4411 4678 2891 3813 1730 4200 3654 4280 1798 2784 3098 4990 4927 4523 3430 426 3927 3799 1995 4901 4354 3052 1697 3130 2315 4782 1675 1628 3075 1022 1658 790 1202 1502 3746 2616 4996 343 4497 3435 4961 1347 2841 955 719 166 4635 4478 85 4652 1636 3796 430 3814 2578 4516 1843 3493 4718
831 1639 361 1608 4881 3712 3711 3880 1771 3517 3894 4464 184 4107 1198 3621 465 2725 452 4342 4313 1744 4444 643 4249 3455 4859 2452 4819 3117 3823 2769 4421 1688 3451 3142 2917 2074 2072 3999 3583 4370 2585 1042 3265 591 398 4602 1073 4010 1203 4262 3482 2804 4806 3326 2310 4264 3254 4570 4235 1670 3810 2770 3736 2036 976 2212 515 3167 4887 2352 3496 2732 2559 4764 902 1034 1204 1884 2464 283 3779 2620 464 4650 890 3124 2851 559 3424 2833 220 2480 2557 4250 2594 3351 4127 1665 1665 1443 3543 2801 4713 1047 3872 2667 3960 3140 3594 2891 4933 3184 1444 537 2957 3437 2179 2641 2755 3087 4735 1385 4565 1133 1206 3936 2225 3801 1768 2320 3089 1681 2164 1626 1885 4211 4588 1928 769 555 3559 1704 352 4842 4662 4088 2460 1036 2737 3477 4432 4061 3451 1895 247 548 2247 1446 3595 3001 632 3465 14 903 2660 3424 4502 2913 3140 3005 2622 2388 795 2897 206 920 936 3114 1075 2621 4917 459 3486 857 3933 4998 1327 4883 4914 4512 1998 2995 970 1678 2811 4696 4702 1678
744 4557 1717 4881 3695 1877 1921 3175 399 1073 1031 156 444 4719 4345 2170 3676 2488 2491 1406 1729 1676 1925 109 3861 2770 3542 2456 4441 1264 1606 3644 379 4521 3321 1158 3560 816 3761 1893 3745 2914 1012 1300 1834 2590 4409 4359 1837 4410 927 2292 2120 2494 4917 4451 3647 4056 330 4799 1672 2086 3582 1648 2048 3891 4795 2541 3004 3262 1228 496 4067 2104 3609 4822 1066 4272 2712 4908 1438 3992 1053 4982 1968 1958 3850 2222 1614 673 46 4139 3705 2791 1609 1350 4060 274 1784 2614 1762 2274 3994 4956 1974 2819 2132 4815 1815 2658 360 4594 126 4056 557 1414 3992 3038 892 4054 3185 4616 4327 4970 701 3621 4498 1838 1903 207 3216 1120 1550 1340 2594 2731 3597 376 2476 3040 112 3346 4377 308 4581 812 3898 996 4130 1640 343 410 361 591 3279 4423 870 3640 3700 4023 808 2711 2114 4125 1376 41 3661 3507 3234 1282 3822 3475 2745 3006 485 2803 3466 837 1081 270 2472 1782 3883 415 2432 4356 3365 846 2256 2203 3357 1710 1045 2440 3668 4650 2903 2712 3596 299
1794 4082 1207 3712 1877 2570 4484 2924 1568 4964 3504 2887 4616 2642 2683 2410 4904 2636 2198 3127 3237 1201 3051 4985 2950 4060 3271 2261 474 3292 2538 4971 386 2672 1442 2173 1465 4161 1119 306 2273 1823 2083 2783 2049 469 2243 4137 4002 3262 1618 521 2027 2490 1778 1940 2908 773 1895 566 2690 3421 3405 4278 335 1323 1283 4032 4401 3490 2653 3510 1222 1039 2716 949 3879 489 4745 4821 2673 1017 3819 1216 4309 4326 2381 3613 1037 2949 3492 2918 131 622 3901 3891 1701 4859 869 3393 2442 291 1465 2895 1338 4597 3492 2895 4769 2702 4162 3740 2577 4355 3529 4622 2715 3004 4573 747 4743 4732 4703 4231 2380 4613 1083 1695 3864 4833 4693 2943 2590 1896 1840 1035 4873 2352 2384 516 383 316 4550 2127 2401 736 4724 4796 1890 3660 2703 325 2813 4791 2152 663 1781 2521 3887 779 1778 2077 4107 2135 71 3295 890 1478 1175 1404 2452 380 3345 4783 2113 4181 1722 365 3925 3675 971 3682 557 3643 4277 1261 2190 4257 1167 4116 4461 3052 3765 2177 521 2964 2334 19 2006 320
2333 4106 2405 3711 1921 4484 4801 1896 1811 3053 2952 1604 4571 3191 1184 3430 3162 2246 2145 3122 2483 2245 3828 1734 3455 1959 4743 1180 4355 1744 1302 302 1626 1327 2390 4156 4569 2942 496 1519 4443 1855 467 4911 2464 2004 3854 148 3249 4542 3027 3672 4990 3915 4074 2739 4189 1720 3874 860 1382 3687 2969 2959 1898 73 1065 3738 883 4633 799 159 1620 2218 3455 2428 4088 1332 2782 4931 2776 487 3891 4589 2811 870 157 2279 3414 3665 3246 698 822 3609 812 3461 1140 2909 1404 860 4466 4926 3373 4500 4514 3580 3622 920 1599 1540 1923 2437 2535 811 2669 4541 661 838 3724 596 1129 3315 3378 1710 4309 3775 1274 2712 285 2675 815 59 2088 2295 2370 1945 1136 3335 2640 572 737 1189 1590 2989 3529 3021 3053 4162 1001 1991 4575 4030 2918 2266 1434 3862 4805 831 3245 2481 3194 1810 4172 404 4321 371 1708 3386 4628 4003 4053 269 3273 3230 4290 2539 608 2146 3534 3302 2706 3576 3740 4401 3051 4701 3265 2820 4850 640 304 3759 4166 947 252 1130 3056 3625 1495 3725
501 4497 3959 3880 3175 2924 1896 3804 71 2896 1123 2119 2536 4219 2030 3797 1528 4280 4103 1583 3093 3872 4070 699 2115 1919 2757 2163 2252 232 1812 3872 558 4036 2099 2986 2572 1478 1728 2189 1500 1146 1832 2532 2161 3493 2584 4352 119 3600 1490 4276 4074 973 2480 2111 2516 4346 3573 2524 2015 1404 1550 3280 2071 2165 2648 2226 1265 4350 2954 3791 491 4353 4617 931 1064 1048 1577 2177 1956 536 3057 3991 4743 3622 4376 4700 3309 1319 2174 2410 3389 2900 2650 4151 321 3884 1025 3312 2427 4687 3133 3712 729 677 4870 2563 1029 1980 3974 93 1554 4312 3874 3220 3950 4695 3702 746 956 2762 4468 3255 1371 1562 3154 1268 1872 4918 30 1648 2938 131 51 2738 2217 1637 3463 2993 4203 2363 3408 764 18 3715 1120 4701 3139 4224 1322 1356 1368 4194 2155 3161 220 3627 3399 2674 177 489 4854 2757 1470 2236 1173 1254 2080 1995 844 463 1681 131 3184 293 451 1519 3687 2664 2621 4484 3996 3072 1249 2595 4005 4445 2527 2160 1816 2412 2374 1622 4545 4709 726 1909 1604 4626
4380 3582 3536 1771 399 1568 1811 71 3374 4564 437 324 1553 263 4264 1276 3122 1999 3951 3876 4643 1630 2142 99 456 3950 411 687 3520 4332 601 4181 2132 3896 3211 3054 2554 3587 4837 2608 1846 3537 2705 2335 3309 239 3871 3304 4520 1719 3776 3472 1690 2511 4983 1560 2437 710 1702 1096 2309 421 1708 3859 2094 4602 3515 861 3540 1865 47 1029 225 2697 1714 3228 1504 636 2372 4200 527 1262 3942 1443 4783 2939 4873 1511 424 990 1618 3051 2177 4170 186 4505 3762 237 2817 600 2239 3928 411 4252 111 314 798 2354 608 3243 4725 1012 1228 4195 626 2700 3006 3027 2985 567 3223 4636 3043 478 2400 1519 1000 4522 1920 3324 3978 338 3227 519 1396 647 4624 3572 3690 2963 465 3687 3067 102 1053 4628 4704 4681 4366 1236 304 2196 2415 1663 2936 2015 2454 2721 2931 1909 3878 2977 3472 3837 4066 3959 4038 4757 4238 972 3655 3293 2790 3202 340 3266 3332 2209 311 10 4187 69 512 1162 3662 1319 2101 1771 2835 46 3146 3889 2406 3535 1925 3137 4197 2849 4176 4119
2262 446 3894 3517 1073 4964 3053 2896 4564 3635 1843 1477 3148 1933 3979 2328 2489 1107 2840 1393 1098 4926 4746 3823 3312 1700 2800 3475 1469 1582 2156 4399 2920 459 504 1168 2979 2700 4954 1187 725 2073 4038 4552 4462 3004 4785 1756 4734 3715 4703 1239 4984 4676 2093 1050 4186 4032 4172 1323 1513 1512 1754 1266 1516 4007 4835 3299 4032 1771 408 4934 501 810 1677 2261 194 1832 4767 4106 1707 3471 247 3829 187 1320 3007 3524 3771 4595 1612 2197 1416 1965 2838 1236 4871 753 3475 352 2307 4273 149 4029 4163 4791 2349 2292 3813 1610 2248 1248 3162 4092 4521 606 4872 1516 3796 3328 2984 1527 3600 317 703 4032 1783 79 4887 3600 1306 3770 4193 2682 1245 1023 469 4375 4187 2915 3159 4037 4843 4004 1925 640 2093 3257 1099 1017 3823 4863 358 1010 2138 2606 3602 346 1474 3234 915 2581 3745 1977 4842 2142 754 2445 722 4122 731 3788 291 3223 1929 3823 437 655 580 682 782 4257 491 1952 3361 431 2121 753 2862 1968 3422 3197 2724 3420 1672 4869 732 3711 2449 1645
3410 1752 2507 3894 1031 3504 2952 1123 437 1843 3653 2420 2398 4922 2728 4126 1843 2301 729 2247 924 2969 2565 668 87 3308 1458 3907 3374 1205 4914 1399 4179 1895 1906 3863 3925 4273 243 4635 2748 481 4308 693 726 1576 3465 3902 3033 2860 1797 2808 1023 3645 1866 2933 2746 1134 3707 4818 1035 1624 1300 2517 3307 453 4753 2456 3397 1091 4603 1209 3918 2820 1234 2663 4494 2179 2656 456 2384 4474 4813 1792 2125 1288 2360 1612 4993 3836 1220 4361 833 4261 3403 4018 2479 2916 2018 4991 4435 2888 360 2341 4031 180 1154 472 2212 105 157 2845 1292 3931 874 3271 3329 181 2899 4474 3224 904 1162 3350 4509 2943 4362 3236 532 4713 1429 719 4841 4157 2968 4983 272 2323 4013 496 3150 3224 4351 4073 4851 3405 4175 3142 987 3720 2419 4069 3572 3451 2413 1383 1740 2470 1413 4378 3335 729 1625 4658 2998 3814 491 882 1142 3956 3140 3613 2856 3763 4543 1723 75 4079 4886 167 3302 4277 1213 1717 3087 2046 78 4706 3144 1451 3909 105 876 2359 861 3843 3435 4629 118 2420
2549 644 4262 4464 156 2887 1604 2119 324 1477 2420 2476 141 217 4177 3464 1459 3948 3760 1721 1724 3946 2447 1639 2532 1661 2683 1134 588 1930 3412 1452 2757 2043 4995 113 4053 4087 3568 3924 1317 1234 3910 1418 3484 2551 3201 3927 724 116 3071 778 2221 3625 1082 2376 3100 3294 848 4214 594 604 4613 3021 1658 1138 3692 2357 942 1674 1926 2016 1145 3721 2877 2042 4372 652 3040 3453 1285 1212 852 3669 4766 2643 3392 4492 4214 314 3952 127 2036 303 790 1827 2071 4733 1310 4139 2616 1235 707 4832 460 4693 1574 1661 4366 1159 1641 2256 2855 2339 1245 1532 2017 559 172 1900 3360 874 1132 857 4737 834 3945 1865 3695 4078 4832 2669 673 3855 1657 2788 1640 2350 134 2261 2128 1878 3913 3732 1868 2609 2084 4014 3875 3900 3385 1566 1057 277 2827 4355 4215 2104 133 2856 2471 725 4472 3339 1102 1072 1353 3307 406 1468 4818 2290 505 1178 3030 3038 3421 2815 2995 3697 506 2274 382 852 429 1214 449 2072 1856 3208 1298 1266 3669 3888 3552 2818 1423 43 315 4649
584 1010 2009 184 444 4616 4571 2536 1553 3148 2398 141 2100 2006 1482 2645 3049 2228 3944 647 418 4765 130 1245 3577 2483 1998 2358 2986 3673 2303 2557 4598 2202 246 3163 1394 3140 817 119 4377 3741 3786 3447 3771 1651 2363 3355 1018 4776 248 3731 39 1052 475 4178 4509 4288 877 2655 2469 2306 2938 3977 2365 188 1037 3279 1628 2565 2717 3559 3983 1219 122 727 3450 4532 2114 1046 1207 3192 1476 555 1536 1053 1660 4249 3530 1526 2393 2056 4813 3354 243 2124 2211 2367 3160 2423 1773 1880 1795 4001 4261 4287 568 954 4406 4057 2067 1141 3936 205 4901 1653 845 4293 3906 2645 4612 3490 457 3999 3462 874 1847 3741 674 3194 3351 1382 601 3495 2013 239 2040 3516 709 1442 3690 2850 620 77 2976 3015 3084 2896 4304 857 4752 1721 2800 3427 3016 1004 1644 3434 4735 971 2367 4936 351 4316 4124 4838 2760 3440 574 3296 2836 426 1560 1799 3239 3322 1058 3541 2692 2236 2566 4293 3273 933 2676 3355 1965 4461 2832 2145 3187 1896 2722 3521 1072 2526 3202 1506 3479 1598
4878 1613 2016 4107 4719 2642 3191 4219 263 1933 4922 217 2006 145 2787 1741 1215 4869 3660 4415 270 2623 2019 3081 283 4879 4371 625 2941 871 151 1399 3708 3442 2904 2595 3782 4747 233 1067 3019 4640 1527 4807 1832 3673 35 4204 1357 1662 2095 2578 499 3547 1723 4418 3414 793 170 4607 2847 2740 606 2589 3353 1612 2122 1144 1893 4247 3813 4934 3476 486 4342 336 2192 2921 2771 1388 4925 648 1488 2895 2043 4281 1704 4843 3691 3532 3734 4149 4560 4760 1003 665 3804 4039 3935 1112 3825 2083 3609 4718 1857 1017 1555 2454 4195 3291 4652 1894 3292 4501 4314 1078 2377 2943 4966 1474 4238 2969 4434 3206 2448 4420 4817 2620 1313 1852 1951 4131 3225 3089 3834 4915 3096 1142 4372 3726 2570 827 598 3113 3797 4315 3289 4451 1016 4846 3551 2781 1819 4102 43 163 2906 652 3855 2280 297 622 1956 4284 4171 3052 3169 1153 707 1803 1775 2061 1707 2714 3883 1729 2861 1691 1570 3890 4586 3923 2582 3352 1932 4573 3219 3847 849 2671 4787 842 4737 1119 1613 3175 1586 2888 4410 4450
3118 1515 3681 1198 4345 2683 1184 2030 4264 3979 2728 4177 1482 2787 333 616 4021 592 519 3576 1975 2219 3872 267 4814 1739 3118 971 259 1276 1348 1970 444 3882 1515 4007 4679 4445 985 3945 1664 3259 3294 674 573 4796 3812 209 3072 2424 2558 2269 2433 619 3822 3625 3554 1821 835 974 3684 1270 2790 225 2377 2688 2759 2386 3538 2064 3776 1146 1168 3532 143 2842 2940 4274 1364 2512 1217 595 4949 1403 4162 3403 1358 659 535 3067 1207 2167 2086 4600 1586 3322 1821 2044 2020 4323 2531 1139 2010 2148 3543 4203 3857 4314 2081 3081 2602 3552 2071 3313 1040 3443 575 4657 2418 3341 1227 2939 1775 4293 4676 634 1478 1205 1707 1244 4635 4855 2127 3948 310 4235 28 1140 337 4194 1510 3964 1225 3623 2530 335 2659 1556 2087 2833 550 110 3853 1921 686 829 1854 1703 4985 3481 199 4851 3297 4041 73 1356 2551 920 4342 4013 1302 1158 1906 3487 422 3465 1854 878 4504 263 1641 3563 1927 1267 3933 3904 820 4576 412 2445 2496 2773 3216 4480 2364 4445 4838 3719 3206 1956
3932 960 514 3621 2170 2410 3430 3797 1276 2328 4126 3464 2645 1741 616 885 2126 1232 1526 3357 3349 3587 4176 3747 3309 4816 836 3426 4540 1876 1288 4087 4987 4339 4453 1671 1729 4451 3451 695 2300 3385 295 1940 1781 2637 2442 2207 528 542 1558 2890 1461 4785 2240 4064 2028 2401 3960 2703 3164 1183 3017 4762 4290 2968 3152 2389 2625 4523 4157 788 3458 2593 282 4396 1753 1904 806 42 605 854 3287 3364 298 4659 1514 1554 2148 834 4611 284 3850 2484 4644 232 3672 1897 841 83 4985 4220 4528 4038 2385 1173 447 4421 183 3826 864 4469 255 2743 644 3399 3058 2344 1362 1586 4348 2381 4333 3481 3147 3883 725 2424 3591 2607 511 4087 2317 3900 1819 2678 198 3963 4532 4818 4580 4743 4819 3412 4269 3529 4660 975 4387 4793 2949 1441 139 1118 4656 4703 4370 1926 1321 936 482 3389 3382 3110 422 4975 466 4154 1911 3153 3150 607 1418 3012 1097 4344 86 1931 901 4887 1565 3140 2872 626 2564 2999 3551 554 161 2195 2677 4877 918 4850 4166 2656 4985 303 355 2757
225 2300 2748 465 3676 4904 3162 1528 3122 2489 1843 1459 3049 1215 4021 2126 1743 989 3018 4946 992 2487 2452 1852 3906 2873 588 1837 89 4749 4085 3576 2745 2362 754 4378 861 4691 4793 2760 2972 1337 2944 1268 1917 4428 768 446 2314 3799 398 1265 4314 96 2435 1847 673 687 4366 1387 1152 3188 371 4960 1676 1011 915 558 4883 2775 982 3090 714 2644 3871 4650 531 2338 972 1550 1938 1618 2930 4515 1202 1964 2130 3741 4122 2519 2092 1905 4498 4800 3710 4962 1437 2650 2917 2925 1613 4931 462 3568 263 756 2867 4596 855 1654 444 1795 1127 190 1621 1133 205 520 3638 3640 848 3790 2406 4118 2083 4041 2080 4726 478 4830 976 2700 560 3146 1828 3467 974 3486 2036 2656 93 152 2816 974 1666 435 175 95 1458 2230 3777 540 2518 1095 3412 2902 532 3053 756 3732 3976 2545 1292 1154 3177 1326 910 3153 4177 2685 4892 523 4172 4158 1099 673 3533 2425 3505 3604 2040 1416 3596 3352 589 4996 4171 2557 3826 1239 3968 2402 471 1578 2592 913 1134 2033 2314 313
3469 3629 1080 2725 2488 2636 2246 4280 1999 1107 2301 3948 2228 4869 592 1232 989 270 2414 1692 2950 4030 1005 2547 4849 3054 4941 4071 3638 4071 861 1060 4776 2057 2071 3444 2108 762 3664 4633 2639 2802 1635 3103 2656 4991 153 2818 1721 1079 993 4356 733 3321 3086 1467 77 1528 2684 2272 1244 3197 4149 3533 4846 4941 2134 4455 3384 2181 1713 1348 2038 4372 3449 4413 3349 1416 4046 2537 2433 2644 4993 982 905 4900 402 818 660 4483 4207 368 92 1822 332 4511 1905 2904 2733 2449 2812 3571 3316 1814 1057 4908 4203 44 3021 2092 3644 1786 2563 2674 3139 1125 1871 610 1219 2985 2508 4210 4327 4721 2750 2902 4364 4708 2663 4384 3923 108 4372 4061 2272 3060 2210 4977 403 922 3528 4892 3585 2437 1284 2610 107 4665 1403 3931 413 4459 1913 784 1006 4599 1693 2888 4069 4731 3249 4877 2245 3279 304 2574 4378 2843 3035 4748 2565 1727 510 1212 1258 1692 1562 2470 719 2265 3906 602 1609 4253 2860 2742 3470 695 3609 3413 845 1425 2033 4686 4208 3419 2489 482 492 301
2078 4707 2860 452 2491 2198 2145 4103 3951 2840 729 3760 3944 3660 519 1526 3018 2414 4345 852 1872 1717 3349 384 2729 1488 992 1777 3748 1004 2002 1795 3488 1145 545 4100 2884 4921 2478 2965 3325 4493 3634 4109 2958 3807 2172 450 1213 4016 1334 128 3126 3087 4515 968 331 689 1404 1299 3040 3600 2298 1965 1404 4209 3958 1830 3043 2943 2999 2590 1461 401 2179 1272 2252 766 2681 627 433 126 4377 4636 2065 4411 2399 2949 3555 2200 4969 1744 4380 4226 3285 2810 2807 3772 1557 1990 4807 3620 3064 1975 4541 615 1208 2785 4313 341 1062 4388 1135 2067 1107 242 4495 4164 1354 1146 3641 4225 2917 4935 3857 1953 2095 3024 1731 1172 4468 2385 4412 4748 1467 4258 1375 2837 1606 4443 682 3809 4309 2349 2750 3211 1956 4970 2100 163 2908 4837 761 4743 4975 416 1347 4182 4836 4699 1541 2578 4337 2892 2657 417 3899 1888 3023 4881 2114 1974 3073 1154 1327 4416 4077 591 1039 4364 4913 2722 4159 1101 3895 685 1977 303 4730 2196 2067 3849 2736 1165 2945 214 1288 3680 1911 4839
4046 3426 771 4342 1406 3127 3122 1583 3876 1393 2247 1721 647 4415 3576 3357 4946 1692 852 2438 3591 4284 311 1458 4255 1031 3403 3562 2444 362 3048 2215 933 1894 1167 4062 1466 2842 252 1218 1910 1497 838 2777 885 3460 2821 599 3443 2124 2476 4691 3122 4826 3475 4979 4383 1862 4058 2036 4604 156 4486 410 4028 4898 1641 2886 3807 1242 2095 4556 3962 4868 4002 4302 1160 3638 613 3449 4225 617 155 4605 3442 4435 936 3410 2892 4723 2000 3574 853 4838 292 4770 1303 1730 3907 1145 3036 4144 3023 201 3896 2389 1656 423 2508 4290 2230 1362 4834 1416 3771 1701 532 1739 570 884 501 469 3150 4894 457 4949 699 3466 56 1688 996 1242 3295 209 2227 3859 862 422 696 366 1783 4093 3243 3397 564 1627 351 3654 2594 4362 3504 3269 661 1425 2321 291 1590 4320 3827 4873 1006 3743 272 1437 2784 3805 1824 589 310 1220 3816 2808 3682 3051 3757 4038 1162 3675 1661 4964 626 1850 1202 1527 1660 3157 3391 2150 1883 583 1835 3103 339 3565 3647 1204 4224 1758 2787 2221
1020 2584 4143 4313 1729 3237 2483 3093 4643 1098 924 1724 418 270 1975 3349 992 2950 1872 3591 3692 461 4222 1230 235 3450 3725 2531 1045 520 2378 3462 3649 1672 1679 2186 277 4098 3242 1624 181 2726 1342 3188 2176 2839 4863 4597 4684 3263 2730 1062 4006 2560 2034 3034 2272 2378 2020 1929 2314 1535 4123 1101 3412 812 2337 2894 647 670 1911 131 4118 3147 1861 3330 1386 2033 19 2356 1544 2304 2536 4892 2427 3811 3059 4359 389 3578 1761 2501 1659 4750 441 2320 1916 4877 2347 1698 936 1560 2153 4612 4833 2816 4634 1338 1445 300 3351 4010 2752 819 413 3170 978 2876 3711 1401 1394 3917 3550 3755 782 2213 2247 365 3380 3361 3453 1043 1023 4421 579 566 3687 4276 3616 4836 3586 567 4906 4480 301 3139 1772 858 247 4669 4371 561 2217 1319 4339 2120 150 2587 1928 527 4520 4039 4324 3940 1405 27 3475 541 3984 1422 4978 931 3266 563 2392 898 4589 3790 3699 4006 2267 499 4728 4207 3232 1877 2482 2478 2032 2292 1332 2489 657 1676 1003 242 467 2010 1949 4467
3605 4871 1750 1744 1676 1201 2245 3872 1630 4926 2969 3946 4765 2623 2219 3587 2487 4030 1717 4284 461 2419 2483 3125 1561 3286 2440 3600 2249 3042 3096 135 1318 3523 1783 2893 873 3295 1650 642 1384 547 2740 111 4998 2434 777 2801 4783 4563 1347 331 2189 3336 3761 11 2910 3403 676 3189 661 3987 913 853 2012 4016 3920 4324 1058 224 1553 2599 4688 1321 1645 665 2619 815 2533 4661 4553 3006 4262 74 344 4199 54 3075 4316 213 1322 4337 1047 1558 4349 635 4041 3847 2261 2747 3312 3115 3636 4592 119 1397 2831 3319 526 4985 1141 2055 2063 4046 4627 1509 3488 3041 2998 474 3556 1632 2456 785 314 2078 201 3728 2945 3177 2094 2219 4457 3283 2447 2018 1238 788 3799 4081 2065 1626 3537 185 3555 1084 4903 3682 4253 430 3780 4044 3972 25 2350 2804 239 3077 4225 3871 2247 4543 735 1032 3168 1459 1161 4813 4926 4692 2253 3196 1523 1483 2025 3710 2626 2514 3112 4413 1930 2899 3595 52 3327 3941 13 4767 1222 3166 3505 738 2772 769 208 4846 4980 156 1091 4344
2067 4800 2964 4444 1925 3051 3828 4070 2142 4746 2565 2447 130 2019 3872 4176 2452 1005 3349 311 4222 2483 4127 3821 362 3452 4548 4094 4272 4955 899 2709 2201 3353 2384 1330 2165 2967 1405 1011 451 1623 120 166 4727 2824 2937 1950 4728 2865 2126 364 4954 4298 183 3324 2890 1198 863 4262 438 1183 2949 2921 3550 1953 1554 1291 4338 3652 2073 266 2808 1676 3145 1716 2245 2414 743 4567 3795 1258 4001 3307 4984 2327 2121 2786 2518 4317 1633 1417 113 1659 2705 2021 1968 3824 2727 4880 3942 2207 330 2345 282 2065 102 3042 2094 3477 74 3261 42 380 1055 2235 3423 2762 239 883 1763 4678 4708 2476 775 3807 2310 2173 984 3246 4098 1242 1962 3096 2126 1370 3640 3103 3478 1669 2290 12 1408 3555 4544 1240 4723 1006 2234 4094 1169 3581 974 2229 4860 1524 15 67 3702 3213 3137 3880 252 2337 1990 4364 1995 4258 4977 578 1903 315 253 2285 2494 4309 2316 4503 1789 3226 4521 1454 2700 2053 1352 1237 1864 1734 3422 3606 4281 1625 417 1293 1607 4732 3010 1697 657 1210
2251 4860 1663 643 109 4985 1734 699 99 3823 668 1639 1245 3081 267 3747 1852 2547 384 1458 1230 3125 3821 2012 107 2693 115 74 4155 1710 2215 407 3832 1094 3009 3909 624 4739 854 676 855 1633 97 1828 3027 642 1674 3232 1213 4404 3726 700 4116 300 2782 1873 2673 4896 1852 998 1911 2991 212 299 1372 3764 2684 1398 1829 455 2774 3498 4514 569 4859 3244 3141 2257 3238 3485 3415 4639 2090 2395 1020 3899 821 4190 2470 1349 1170 3342 4849 1649 3173 2463 1682 3907 2803 3671 1600 3065 3653 2968 3933 1796 149 1897 944 295 4684 4598 3156 2982 2099 3921 158 1925 752 3051 2284 127 4210 2649 1362 255 4592 796 4876 1096 4291 3422 3224 3776 1780 1334 1449 152 2099 636 3486 4896 2887 1357 2514 2361 3174 2752 1075 945 3049 1007 3523 3050 4013 1343 2297 3382 4714 1545 3144 3072 309 3151 3328 4535 2422 4932 2517 3920 1066 4251 2275 2981 1771 2632 4529 2177 470 2155 1505 3088 1255 2457 4804 2446 36 4257 2896 166 1978 2946 3941 1436 4565 3684 975 3283 4257 3227
890 3559 529 4249 3861 2950 3455 2115 456 3312 87 2532 3577 283 4814 3309 3906 4849 2729 4255 235 1561 362 107 1997 4335 1927 2311 3865 1481 609 3572 1253 155 487 3081 3497 1465 2934 2478 3198 4639 358 1180 461 645 3830 1973 2674 2348 1744 2766 4644 2607 3875 1664 3608 3198 4467 2094 556 2219 1280 3672 3562 223 579 3707 1227 4270 335 187 3525 985 3338 943 4722 2099 1361 528 4847 4110 2242 3628 4979 121 1869 4402 451 4774 26 4063 2122 1671 3716 3740 2702 4456 3933 3352 2984 3169 2506 4930 3573 3811 934 1038 2280 1402 807 44 3384 1819 1228 961 3584 2606 4564 3825 1182 3556 1429 104 3070 3472 4219 2265 2734 142 2425 2440 3896 912 2853 4127 4740 4841 2098 3007 4284 3437 4078 665 4031 4282 513 696 2499 1220 443 4051 1613 15 304 2381 1663 2839 4173 2617 2916 3979 713 3215 1666 2332 2065 2994 1800 1378 1565 415 1316 3735 4562 115 390 1618 3985 396 1512 2960 4457 4456 4587 1605 4539 2921 1831 3751 2327 2788 1206 2159 3051 4700 2643 4163 1785 1823
4506 4001 2529 3455 2770 4060 1959 1919 3950 1700 3308 1661 2483 4879 1739 4816 2873 3054 1488 1031 3450 3286 3452 2693 4335 1397 1931 4404 1040 4966 648 2421 3355 3911 4736 989 3062 623 2864 184 2993 1626 1938 4396 545 1457 3727 4308 2745 1338 1831 3634 1573 4054 749 2515 3373 1816 2496 2512 3132 1051 291 340 3873 3476 3911 1819 4076 3840 3130 2605 2355 946 1275 3002 4348 1832 2214 4260 2773 1662 4331 3602 2199 2978 4464 254 2662 1856 1305 3595 207 3897 1701 2175 4549 3308 2719 504 4410 4583 3833 4139 348 365 4877 4225 3112 3730 138 1712 1828 1196 752 3156 337 4840 4164 4111 4234 697 290 1643 1009 2136 4909 4907 3521 4244 2344 3997 832 3484 2466 2056 3941 2962 4513 4072 3716 2020 640 2590 67 4208 1373 2885 2815 199 4882 2201 2155 4327 84 3425 1885 1646 2143 205 2143 4376 2286 432 1838 3397 2952 169 3170 816 3139 1794 3174 2748 520 3602 1641 4058 4189 840 393 4660 2970 3408 3606 3457 1444 2852 1753 4987 2158 1936 2029 655 618 4279 1842 1421 1783 4814
3646 4233 3134 4859 3542 3271 4743 2757 411 2800 1458 2683 1998 4371 3118 836 588 4941 992 3403 3725 2440 4548 115 1927 1931 629 2966 2474 3524 792 3171 2428 3589 3435 2495 1754 3566 2533 1973 1993 656 3818 3660 4600 4304 327 808 2882 4911 1996 3287 3487 2863 1512 1438 2895 48 2759 1903 4457 1413 1890 3931 3027 2545 1454 1725 767 2415 3476 311 3044 1013 3036 397 198 4841 1606 1572 3496 4019 576 3681 534 555 3098 3654 2825 3546 2184 4482 2246 2421 1493 867 2165 4343 3625 4959 3201 2729 4083 3586 1665 3008 492 1408 2179 3254 976 2925 3019 103 4000 4408 1910 4921 1811 852 4257 1652 1901 2692 3247 3068 4763 1142 165 1474 4584 2553 37 1606 556 3676 744 2360 3380 701 4570 2790 4429 3869 1764 984 3589 2262 4378 2051 1234 923 4287 567 1659 4860 3422 1789 4565 1145 3375 2008 502 2393 4440 2823 3433 4203 1236 4047 1805 2816 4499 2997 4630 1617 4340 2730 568 2496 3774 4672 4652 1853 4840 2071 369 3347 3757 705 1959 3449 3270 2667 2984 4692 3325 1264 2671 1455
2040 1240 2010 2452 2456 2261 1180 2163 687 3475 3907 1134 2358 625 971 3426 1837 4071 1777 3562 2531 3600 4094 74 2311 4404 2966 1168 1356 232 728 895 4485 2260 4897 838 140 1884 721 1823 2169 3842 3930 1379 1394 3836 4623 4577 3534 2243 4240 2218 3634 2215 4495 4847 1936 428 3946 3512 2494 1673 1008 914 1554 3941 1993 3145 1778 2674 1633 1518 1764 4040 1781 1834 2080 1343 3122 38 862 3659 3376 829 2624 1497 456 3544 4774 607 3592 3522 1410 2694 2929 1661 4715 1643 3570 1257 691 3728 2819 3803 3078 4050 3995 141 174 605 4351 2006 4284 2245 2415 2152 4150 4367 2082 4126 2780 3553 1623 2417 3558 481 4445 4022 1007 1685 1179 348 3597 2052 4501 4650 4270 1415 4458 4019 117 3080 930 4089 4832 2149 1399 3715 480 2950 873 2059 671 2243 4542 4066 4295 2453 1668 4897 3083 3607 1559 3498 1925 3358 1735 4852 415 4774 1073 3871 4381 1528 3174 4336 1118 3112 1846 4507 34 2516 2081 4994 3206 2042 3582 2430 1334 4524 3315 349 2190 674 4831 565 4059 3075 3319 1575
2835 1670 3789 4819 4441 474 4355 2252 3520 1469 3374 588 2986 2941 259 4540 89 3638 3748 2444 1045 2249 4272 4155 3865 1040 2474 1356 1361 3409 4116 4441 510 2349 4917 2012 1141 2188 3876 1572 4321 618 3292 3926 98 1245 861 1695 4313 2919 2472 4371 2379 2902 340 352 4285 4777 1084 4994 1530 982 3524 3013 12 3070 1998 669 130 511 863 3232 1620 125 755 451 2382 3667 1227 1597 505 2661 2699 1494 1604 4728 2482 3579 2135 1766 1015 1004 1686 3052 2606 4543 2145 4874 3209 3073 2358 3716 2800 4786 802 1470 4611 1048 1767 3095 1588 3715 632 3870 1869 4514 1885 282 435 4289 4314 4229 457 4558 4192 3878 2275 4073 4739 3368 2400 2090 955 1188 3646 1118 2738 3728 2425 3162 530 1271 1114 4786 2865 2658 4885 2990 265 3573 1367 1483 18 3014 4729 1843 2937 3365 1610 3913 4795 2484 2377 4019 3225 3886 509 196 3886 3610 904 2882 593 3873 518 4598 4338 2451 2406 2413 4254 2559 3082 4209 4291 4286 1741 3104 3902 1096 3335 3838 86 4629 1866 3923 3205 1026 2323 4189
3172 374 4288 3117 1264 3292 1744 232 4332 1582 1205 1930 3673 871 1276 1876 4749 4071 1004 362 520 3042 4955 1710 1481 4966 3524 232 3409 900 1658 96 2303 2170 2303 4418 2219 1945 407 811 385 4665 4074 810 2253 1409 447 2073 2849 572 4172 157 3191 3318 268 4251 4535 212 4335 4057 4544 1906 3451 3899 1730 4080 4391 2231 3608 1969 16 131 1809 4442 3523 2759 2828 2853 2693 2593 2009 3273 948 3419 2779 1844 1775 3728 1366 2419 4101 863 1510 429 3482 4183 3428 159 2754 3827 4956 4954 4032 1933 1515 3852 2831 1143 416 3276 1182 1466 3455 4001 1870 3894 2553 1832 3721 3027 2285 4580 4270 2129 932 1180 4651 4327 2936 1101 2122 2624 3509 4254 4496 1076 1464 351 1691 4294 3121 863 1349 3247 1123 112 1002 629 1031 1583 832 493 770 1509 4261 4670 4782 143 3708 975 1293 533 929 4138 1452 3838 3877 4955 4388 4176 2108 2770 3398 3123 2324 3122 3521 609 1363 1784 4526 1446 1925 4793 678 1974 355 2528 938 1127 1499 2650 355 1363 1032 4278 4329 2691 4580 104
3412 4811 22 3823 1606 2538 1302 1812 601 2156 4914 3412 2303 151 1348 1288 4085 861 2002 3048 2378 3096 899 2215 609 648 792 728 4116 1658 2589 491 2250 3836 2350 1166 2926 4395 4620 4107 1072 197 646 2245 440 360 4851 3567 1507 1863 3229 3195 2354 2053 4375 1139 3090 4986 4358 4858 3034 1402 1372 144 3636 4872 3056 1129 579 3494 2066 3331 3909 3417 1621 3140 2138 59 2499 247 3281 3120 2519 75 3500 3129 1346 2005 2892 3702 2360 1920 1736 4730 710 2299 1459 4200 4449 4504 2159 3441 1408 352 4560 3222 4179 1622 3371 4097 4870 2690 58 2460 2869 408 1829 4711 439 3463 981 227 259 1963 3538 1756 1533 1138 2825 1145 1763 1558 3115 4998 1643 3775 1340 1963 2622 2634 2556 2349 291 152 56 4883 142 2039 951 2629 4344 3301 851 2157 3576 3692 106 3710 3387 2578 2298 4102 730 105 4389 4014 4432 1182 1002 1532 1725 4985 3137 836 4336 1708 3810 3505 3949 726 2832 4868 3810 355 1380 156 2000 3697 4804 2121 1908 2889 211 178 4336 2279 4521 3893 2680 2633
2418 2910 77 2769 3644 4971 302 3872 4181 4399 1399 1452 2557 1399 1970 4087 3576 1060 1795 2215 3462 135 2709 407 3572 2421 3171 895 4441 96 491 2446 1330 4351 3978 1510 3510 3750 4845 2914 1488 4112 2174 4586 805 4318 3351 1199 2019 1070 1687 164 2439 3757 1799 895 4213 4313 2167 1807 196 1989 4068 3626 1571 4301 4775 2351 3731 3671 13 1980 2244 662 1638 946 4158 66 280 955 3301 3793 4677 1677 2078 4599 4043 3151 727 2539 4655 3003 3854 4764 614 1899 975 4190 3683 3078 1350 4521 3819 4043 527 3519 2924 4906 401 4789 3038 3310 4841 2720 601 3764 4961 1801 4543 306 3140 4901 619 4327 266 1724 3197 1414 1593 1034 2820 400 3332 3007 3888 4761 1037 3727 4736 718 3866 4260 2950 2596 2030 981 711 645 2488 4177 340 10 4265 2721 1765 1398 595 3573 1999 4210 1432 4084 4926 3878 2417 4177 732 1019 4942 520 272 3088 2525 425 4755 4971 1610 871 2883 473 932 4697 4344 1447 3842 1030 1996 2584 2042 1989 1629 690 411 3331 723 4614 3216 791 4563 635
3707 4839 2132 4421 379 386 1626 558 2132 2920 4179 2757 4598 3708 444 4987 2745 4776 3488 933 3649 1318 2201 3832 1253 3355 2428 4485 510 2303 2250 1330 1781 1798 1451 3416 4739 936 1005 4267 2218 3216 4906 1698 913 956 464 981 4288 2540 1383 1037 2715 113 780 4051 1295 2702 4218 1487 232 4151 2630 273 560 2488 442 1594 3120 319 94 1462 3559 271 4892 3216 2771 142 4541 2577 2271 1082 3554 3015 1022 35 2759 852 2315 2714 1740 4393 2943 2484 3801 214 1009 3279 4834 2491 3331 2281 3339 2905 1148 866 3621 1702 4748 1869 3290 1816 3629 3948 1688 2075 4569 1596 4227 2682 3995 4637 4961 4844 3790 2928 1017 2141 2153 2418 113 1045 279 2181 3964 4532 959 3614 4335 262 4173 3284 3573 4528 4190 1499 1622 3659 905 1921 325 4474 4952 3980 4299 3218 218 4773 3135 1424 4838 4464 550 4921 2309 2446 1761 1329 345 4588 547 1732 735 904 2838 311 971 1373 4068 2861 2929 3632 1044 4608 3354 4162 3390 200 231 3553 1915 3106 826 3455 2399 3007 4254 4668 3633 3476
1933 4623 1796 1688 4521 2672 1327 4036 3896 459 1895 2043 2202 3442 3882 4339 2362 2057 1145 1894 1672 3523 3353 1094 155 3911 3589 2260 2349 2170 3836 4351 1798 154 1745 545 3281 2403 1335 3118 2320 4388 686 1350 1232 4824 357 2028 4603 423 4804 3014 2412 2836 1926 4048 418 4134 4167 2891 1983 432 1554 13 4618 1943 1192 1994 932 2984 3691 1818 967 1891 4842 3612 1199 2130 1267 1893 4344 1429 77 4762 4993 1794 1384 4919 3834 173 4218 3434 406 2094 345 4849 2086 1346 3834 797 3432 2031 3708 4577 191 1675 2915 4587 2335 3666 4126 1017 2162 2578 1748 3104 4033 809 4948 2610 2263 4635 777 4939 3503 3347 3168 1637 4367 2712 4443 2168 450 405 1839 570 1167 387 2785 4060 825 3706 1414 1312 2622 2763 685 820 2197 2440 3039 445 933 352 2652 519 3039 1026 3843 2839 3833 3277 2471 4537 3259 323 264 1249 2809 183 2182 1510 739 979 3602 1919 1019 203 3267 4316 4361 519 3091 3676 1579 2354 1287 788 186 3985 1722 3868 957 4081 3002 4250 130 2315 4799 4935
1090 768 1284 3451 3321 1442 2390 2099 3211 504 1906 4995 246 2904 1515 4453 754 2071 545 1167 1679 1783 2384 3009 487 4736 3435 4897 4917 2303 2350 3978 1451 1745 3162 4020 4905 1000 3575 2012 1140 491 2627 3559 4429 1996 2662 3496 546 674 1378 488 58 2619 415 4452 4772 3135 615 107 1430 3764 4870 2537 1592 4958 1421 2127 1173 3670 4270 4980 429 2475 2659 2184 2951 2827 3363 1519 4717 1487 2387 4746 2576 3852 2603 1155 4277 1424 4864 575 2788 4335 2687 1416 3583 1896 3179 2390 3518 3295 4963 1439 4372 3106 949 1331 1818 689 1539 1859 3956 1810 2324 1958 138 1624 2596 1131 3647 3943 392 3113 3772 2219 693 3514 3064 931 1690 518 3704 3681 730 3171 3799 2254 4758 826 1043 4355 3467 745 4650 3323 3671 1494 4731 3782 3986 3245 3715 3293 1353 4437 152 4724 3317 1115 4412 942 535 3213 2445 1580 2419 2925 2035 2679 3960 2052 1459 3013 2349 1539 2595 3647 2379 2105 957 2043 1515 138 4384 2094 3514 4639 1470 4669 3940 1372 2412 2309 4839 3229 1519 1069 574 2303
4094 3931 2798 3142 1158 2173 4156 2986 3054 1168 3863 113 3163 2595 4007 1671 4378 3444 4100 4062 2186 2893 1330 3909 3081 989 2495 838 2012 4418 1166 1510 3416 545 4020 4791 33 899 888 1740 1847 4734 1782 2295 4959 4487 593 697 2132 870 3036 3098 2651 1401 1884 1150 1123 3218 1817 4959 971 1150 529 1144 4226 2708 1293 4107 448 3147 3549 878 122 187 2209 4854 2993 4702 822 4156 4940 2563 1473 3793 1485 3492 481 4736 1981 2643 3968 2642 459 31 3564 4957 978 405 1909 3988 1938 1782 420 2102 14 3467 1834 2685 1619 257 2256 3601 1945 2468 4868 2269 1451 1784 2726 2642 1882 2732 1986 4848 1360 4519 668 1642 3351 1939 3112 4211 4990 1316 615 1795 876 2533 2847 185 311 389 1340 857 2544 744 1948 2842 4188 3138 2177 1007 4831 2853 2966 3556 2813 1260 2671 2016 737 2151 4121 3309 2259 4921 99 3279 4746 4343 4970 4646 2055 2469 1497 2681 4455 2608 4819 2656 665 2365 874 929 3728 990 2023 263 525 3149 3884 4809 339 4207 947 1690 3603 866 452 554
146 3058 2277 2917 3560 1465 4569 2572 2554 2979 3925 4053 1394 3782 4679 1729 861 2108 2884 1466 277 873 2165 624 3497 3062 1754 140 1141 2219 2926 3510 4739 3281 4905 33 4216 4292 2584 4125 220 355 2901 1191 1167 57 3404 1998 2373 3793 3431 4722 2877 2777 4427 188 360 4166 2323 1345 3094 1228 4824 4452 3353 4528 264 1315 963 1819 1019 2319 1485 357 4864 716 4326 4904 3648 987 686 1436 3457 4589 2980 4818 3635 1436 4879 3196 88 2405 245 4723 20 340 3180 4969 4620 3720 2201 480 2873 1971 2340 684 3159 2826 3783 2586 3576 1478 4535 1318 255 3272 4168 1126 292 3097 2640 4752 276 2383 2540 4761 4446 105 563 826 438 2973 981 932 675 4915 2907 2749 205 4153 4391 899 687 4317 4235 4323 227 587 2312 2121 629 639 4225 1879 4643 4125 81 4144 1452 3848 3184 2020 2294 462 1589 4858 4473 344 1513 4818 1667 4068 4237 3332 1667 3478 530 3506 1177 798 757 178 1688 1801 4626 3062 4209 1476 186 2118 3457 1317 952 2323 1095 3433 1062 3312 1190 226
3190 4621 1087 2074 816 4161 2942 1478 3587 2700 4273 4087 3140 4747 4445 4451 4691 762 4921 2842 4098 3295 2967 4739 1465 623 3566 1884 2188 1945 4395 3750 936 2403 1000 899 4292 2252 1833 3162 2636 4284 799 2266 360 1838 307 2802 3734 4030 3805 1552 4619 1753 4623 1327 3236 755 3219 675 2969 199 1574 4694 4326 1621 1330 4495 1252 4505 1836 2535 3468 2141 2810 2729 2004 2255 2494 2484 435 3393 3708 3079 506 4329 226 4639 122 2428 1959 3327 3878 4394 4445 2603 3329 2842 1846 897 2846 1644 235 3099 2681 1192 1369 1225 2014 1779 428 1513 3926 1266 486 1313 4180 2487 4170 4529 4224 620 3238 2099 894 1103 439 2656 272 4746 3386 4107 2014 814 3135 3548 2368 3009 1259 3599 3309 2018 292 2421 3706 4827 4793 3839 2058 4642 540 3049 4648 126 4661 2816 2408 918 4527 4147 1062 545 3163 4952 4102 223 3800 987 2395 4716 2775 987 4616 2195 2557 4144 165 2808 4601 2148 3512 268 4338 2990 4779 2197 528 3073 2435 186 2105 4121 2291 4892 2877 1477 3247 4646 571 4878
1302 4001 440 2072 3761 1119 496 1728 4837 4954 243 3568 817 233 985 3451 4793 3664 2478 252 3242 1650 1405 854 2934 2864 2533 721 3876 407 4620 4845 1005 1335 3575 888 2584 1833 4505 968 2316 4881 640 1949 1771 979 4222 3924 2775 3301 1133 3367 3276 908 3329 4319 1723 1586 2713 2924 2517 405 1136 1117 3517 1527 1164 3235 3308 4809 1040 4797 197 4256 4837 3390 3500 2886 2513 3899 1067 811 1478 61 4907 2582 3751 734 4292 4595 1340 4387 776 2491 3875 2493 1533 1964 3761 1946 1190 2959 1243 2531 971 2335 4911 440 3652 3175 4063 1545 2158 3662 3579 1510 4982 1461 2670 2387 4110 3831 1332 3362 4383 2442 321 668 2553 2636 2734 2741 618 2058 4995 1925 4978 85 566 1942 2081 4173 233 2873 3171 3682 495 1491 2509 341 4299 1597 3810 3603 2700 788 3423 3511 4588 3187 3571 93 2958 4815 3915 1026 2701 2487 4987 4636 2219 4222 4316 3400 4308 1918 153 2931 3376 4083 3294 4261 2270 4318 1335 1245 1682 3400 2759 4424 3185 2019 770 2987 734 895 4404 2107 1196 3447
1698 2926 1232 3999 1893 306 1519 2189 2608 1187 4635 3924 119 1067 3945 695 2760 4633 2965 1218 1624 642 1011 676 2478 184 1973 1823 1572 811 4107 2914 4267 3118 2012 1740 4125 3162 968 4737 1202 65 3266 1791 1984 3038 1745 1589 1025 1077 372 4707 3365 3698 3245 3076 1808 4793 2052 247 112 1518 4879 1837 4728 2036 908 3396 3674 4535 1663 3250 4373 3174 3616 4865 1257 2731 1062 3030 4476 4110 3254 2577 3610 3594 3817 4020 3780 4045 44 2675 3863 1946 3643 2435 2393 1774 4607 3347 2090 4546 2431 197 3440 1583 1853 624 1903 955 4154 2367 2155 4582 751 2621 1361 2932 3100 1775 1078 881 2367 563 91 4549 1016 1923 1840 2562 3148 1604 957 2030 4770 3718 2351 2728 2933 3427 3247 1669 4052 1932 4236 3645 1465 521 1413 1286 1856 136 3202 840 2750 651 111 2277 2985 644 1870 4004 3846 4090 2825 1971 3480 4850 4755 581 659 3283 3277 3131 44 531 1592 3922 4953 3869 153 3430 3700 2801 4720 73 159 3842 3732 2250 3001 899 2606 4619 328 1634 3205 978 3262 2415
