N: 200
M: 100
Symmetric: true
Triangle: false
3 192 151 33
1 50
2 171 145
1 96
1 174
4 12 153 95 135
3 140 26 123
4 120 130 38 127
2 28 166
2 168 88
2 93 47
1 159
3 197 35 34
4 200 67 71 48
2 19 21
2 167 20
2 15 125
3 41 89 190
4 189 116 183 156
3 138 32 154
4 155 129 97 79
3 179 173 103
1 126
2 147 119
3 111 2 31
1 27
3 148 9 169
2 61 8
2 39 16
2 108 110
3 165 87 18
3 69 83 128
3 73 55 46
2 11 131
1 1
1 112
2 172 146
2 92 37
1 91
2 199 4
2 36 175
1 44
2 57 40
1 17
2 43 184
1 5
2 196 52
2 80 14
4 161 60 22 75
2 70 132
1 105
1 187
2 144 6
4 23 49 13 133
2 182 136
2 51 104
1 115
2 137 158
2 72 90
1 85
1 64
2 66 78
2 170 7
1 122
3 84 188 191
2 149 180
3 68 24 10
1 62
1 195
1 74
1 53
2 177 63
3 157 59 181
2 178 25
2 101 186
1 29
4 185 98 76 114
1 109
1 141
2 107 193
2 176 81
5 113 102 117 143 139
1 86
1 54
1 142
1 94
1 160
2 58 3
1 45
1 99
2 150 134
1 106
3 65 152 77
2 124 118
1 100
1 162
2 42 121
3 30 198 82
2 194 164
2 163 56
321 2183 416 4121 1793 3854 3912 4137 2930 1930 4915 4126 1850 2151 1385 425 2554 2657 787 3695 3333 4341 4408 1204 2495 3544 803 2979 1115 4271 1821 1043 2760 544 3654 400 3152 2027 3973 4025 1955 4489 3957 4057 3400 4543 4008 662 2870 2256 1907 3259 2053 1647 45 2610 1632 3694 2144 4779 2388 1130 1121 2378 2448 4344 1254 3520 1589 2750 3255 4970 2114 3776 1255 892 2460 155 1690 4187 1202 2468 2823 1834 4288 3968 4821 3219 2148 3449 4121 4413 3923 2152 4087 1783 4987 3110 1286 3995 3223 2885 3079 3760 3619 777 2996 3437 3306 2197 3102 4944 1696 3316 4032 1723 4373 147 4024 3898 3588 4897 2093 3761 4956 2878 1482 2921 4932 3888 1504 314 3467 4198 1110 1569 2754 4948 3020 1819 4947 1092 4763 3164 3509 206 3494 875 1542 4050 2013 4115 295 768 4439 3303 3376 4242 2374 2944 2498 3770 2110 3094 677 637 4090 2895 1275 2997 575 989 4380 4031 4583 1300 1316 791 1343 2580 136 350 3827 2700 1779 4003 343 37 2389 4939 932 936 3658 2855 3225 1984 988 1175 2551 345
2183 1975 255 4048 2993 802 3196 2317 3308 807 4055 219 616 616 307 1458 2509 4757 2114 1415 2364 1899 2572 2911 1111 1039 2394 1076 3923 2495 562 4024 3024 4091 4930 2642 3160 185 1024 1545 2037 1313 4747 4854 2478 4956 515 3037 3179 2424 2831 4451 980 2020 1955 3496 3723 3066 209 2334 743 2322 3075 4403 626 4089 2294 469 2574 3734 3194 1873 476 109 2963 2684 2751 795 4329 3767 583 3937 1865 53 1764 235 3181 2354 757 1709 3459 3223 913 4545 3344 315 2636 4718 4347 4677 2641 3376 4060 3126 894 1279 2870 4577 2541 2961 2316 969 1159 4865 44 148 1492 437 3150 888 3415 3762 3473 167 4044 4411 4948 1072 3091 4721 529 1932 2863 2676 3616 4866 3564 3605 3640 4331 3130 1970 3715 4047 4074 3865 4006 947 2833 2805 2256 2221 914 3221 2870 1180 969 3523 2297 1463 774 389 1348 2044 2161 2426 3046 2590 2568 1961 1613 1285 2873 4930 1057 1407 3489 1783 1114 3868 4486 3674 3534 3814 2662 1226 2622 1013 2138 3547 2490 2151 1415 2157 4728 3731 3770 1257 1457 3389
416 255 537 3461 1910 2395 3115 1766 461 4026 3542 4070 2340 2926 4442 3937 532 4964 4368 37 4803 3468 2871 3215 3847 3494 4881 4589 4248 3531 656 2731 1993 350 940 422 3980 4866 4164 4257 1796 492 3716 3203 506 2415 3593 365 4548 3777 1652 4674 2987 3010 2858 4789 3198 4638 86 4753 1812 4937 1257 2264 1238 13 1724 1403 1284 2462 2966 2725 2416 627 4610 4224 4724 2721 2180 1953 4167 763 4669 720 635 715 1134 4565 1384 415 1865 62 1149 2899 4425 1781 2731 1176 121 2432 1701 4015 4360 3471 752 887 2960 169 4034 285 1824 4824 811 139 878 4048 706 2825 3728 1385 3932 4757 3953 3439 2226 1415 1576 605 2671 2656 513 3346 3007 2826 4801 4802 2275 4058 461 3330 1073 3303 3328 3772 512 1509 2952 1812 2130 1903 1561 886 3474 477 716 3531 589 1721 2177 3570 4777 3742 2453 595 61 1086 255 1941 1165 1978 3632 1164 4117 14 2241 2665 3135 4658 1182 804 4791 1671 3109 4684 3323 1475 368 2071 4472 4899 1727 2189 1577 374 2720 185 2894 2609 1929 2703
4121 4048 3461 2384 3084 1620 71 2954 3407 2432 4776 1534 1361 4493 2375 4148 2369 2770 3191 581 2964 1102 2039 288 383 4425 2038 798 4607 956 1740 4838 3980 860 3086 2752 2185 3924 866 2449 3375 3090 4109 663 4255 4960 1989 4577 3495 932 4465 1378 3371 4957 4058 2545 113 3802 4545 4842 75 221 4131 2167 2538 4253 4423 4993 800 297 112 577 815 4603 4528 2345 263 1331 1637 2155 1745 4909 3079 3587 2793 806 3849 4149 3316 2403 870 238 1392 4559 4427 3130 2152 732 490 2355 3482 3192 1500 2161 1184 4757 212 3270 2985 1517 4066 1189 2500 121 2484 3768 3465 2849 4247 1827 4410 1757 4422 514 3870 4548 1277 2350 3635 1450 406 1256 541 1424 4708 2818 1536 787 3943 4681 2069 1494 1912 850 2317 1557 2800 126 3311 1235 2714 4893 862 2181 652 4481 2272 3474 2458 554 1461 2459 3925 2787 2005 4206 2803 218 4319 4618 4144 1810 3523 589 2675 1189 2793 4589 4934 721 4486 1222 2330 2990 178 1058 3097 1949 3391 2196 679 4071 2802 2982 99 538 1477 536 4612 4133
1793 2993 1910 3084 3232 4308 2520 2058 2449 1665 2458 1484 2244 3519 4248 2146 3931 3068 754 2798 677 4912 4873 3118 3689 4895 510 667 1804 4221 385 4992 442 4514 18 959 1068 1117 2295 1223 4055 4693 4987 4568 2420 2447 3753 4655 1484 2481 3498 3488 1863 259 3958 502 3963 2805 4531 4741 4497 3174 3359 1151 3772 1631 1013 2994 4177 2101 3042 3305 77 1773 4278 1840 4212 1523 668 3376 1580 1028 3920 4759 4993 4449 1680 4876 329 1287 4524 1365 2677 2759 1883 718 2386 155 1715 2534 1885 2728 4422 3914 1408 3598 4355 3621 4696 2901 671 3112 4543 4674 3781 323 2995 1354 1035 1946 4687 593 2085 4926 3520 3152 4272 882 4910 1848 362 808 2382 2430 1167 4807 4010 1332 486 966 4235 4675 4044 2490 3284 823 3550 2848 2678 3883 1701 4992 2833 3924 3117 2560 4452 117 2318 3275 3671 2107 547 1672 2241 1630 277 3183 3913 426 4537 4221 2395 655 2322 585 3192 4775 1308 4063 4730 195 4341 2022 3506 3650 2436 563 262 1837 4049 1664 1273 4975 4514 2514 4362 4274 4808 4731
3854 802 2395 1620 4308 388 3922 2119 260 1060 2669 2335 3341 4693 3807 1177 1877 508 645 3120 2436 2747 3805 2553 2108 1176 4864 35 1921 2147 4634 4511 4084 4864 1560 2658 708 4763 294 1925 1733 1971 4089 4882 1706 3789 3045 3376 3984 3461 425 389 2345 4108 4376 4786 3600 3363 1325 950 826 3085 1086 4599 1593 1746 2179 2933 2831 36 1303 4588 2827 2818 3907 2518 83 2677 1868 4842 2711 3480 1054 4648 431 2185 2189 2903 4137 539 3902 4549 4061 1265 982 1410 434 4753 3428 4256 3333 1738 346 3468 2063 2143 4823 211 3160 934 4526 2540 537 2292 2691 4402 3058 521 319 634 1963 2558 1001 520 4381 4013 1308 62 755 1711 3948 4557 1106 2870 201 3701 3475 3221 3284 27 2997 1766 1054 426 4274 4615 1549 3725 464 2682 952 4553 2260 771 729 328 130 4867 74 2165 2104 2222 2792 2964 521 4599 2200 3011 2162 4301 4025 3143 1189 4740 1536 2359 4797 121 3182 1925 4535 398 3314 3663 2612 3194 4209 1841 81 2916 497 2936 687 4173 4013 2022 986 477 3387 4875
3912 3196 3115 71 2520 3922 4147 692 4200 4433 1077 4058 2720 599 1818 2001 2074 4186 1258 4163 1487 4116 3658 370 804 2274 4075 489 2597 823 2375 1219 4844 371 416 37 4445 1237 805 1472 1188 921 1308 2137 2473 4122 3171 1994 4211 1080 3087 4797 3444 155 3772 3162 4184 2669 2344 2273 585 2995 2423 2075 2891 3297 174 535 1583 2666 3921 3058 3690 635 3820 825 2253 3879 4231 3069 3825 3513 4079 402 3424 103 1372 2486 1833 3926 1309 489 4697 3206 2834 1674 1292 2443 4618 2989 719 3683 1902 863 283 4975 4644 3389 2017 1515 4595 2078 4662 1458 4444 4498 4166 4106 3902 1729 1020 40 1344 1834 3234 2811 3903 2801 762 536 741 1457 1543 3651 26 1092 2289 2134 4529 4331 3549 2151 2077 2270 3151 3722 349 31 3778 4821 3499 3636 99 4468 410 2719 866 1068 1520 2780 3954 2262 1996 2754 1840 852 4901 4001 752 939 170 2573 1142 3526 543 4795 468 4023 2523 2860 4420 2511 3625 4420 2415 2764 4600 826 4705 260 2477 577 3528 3648 1282 3783 1459 2443 2449 3824
4137 2317 1766 2954 2058 2119 692 3591 4719 2302 1097 1308 684 2540 1345 1820 951 4819 1743 3786 2612 4488 639 3804 3965 1082 2967 2452 4198 1556 2959 4652 763 939 1725 4695 1221 440 117 1247 3893 721 518 2628 3080 751 220 1187 397 3983 3470 936 2251 508 2748 2765 3502 3607 11 299 746 29 381 3559 1780 4615 4654 4872 4853 4505 1572 565 1212 2875 1879 3430 212 3399 1925 1431 1665 992 4424 3158 3141 2339 2677 4455 2039 3105 1064 1054 4060 1037 2952 2774 3065 101 894 3279 4332 978 2469 3184 2394 3795 3730 2736 692 2520 3677 3269 2695 2949 1283 651 3109 4659 4115 2412 2911 2324 483 3599 227 2970 3246 707 2815 1480 4638 642 4779 1374 3187 3523 3477 4917 514 1191 4672 4008 2863 2183 2102 3423 324 4162 2812 2857 1825 2118 1666 1652 3863 3518 4677 503 3824 2032 3402 1294 3728 1677 717 819 4945 4641 1886 3810 971 845 4008 3057 3249 4062 1418 3974 139 4571 3699 4742 3844 1130 1203 694 1705 492 1548 1183 3560 3983 2817 2642 615 1942 4623 3685 2292 2579
2930 3308 461 3407 2449 260 4200 4719 254 3835 3784 2938 1849 1685 151 4420 1891 3283 4657 4681 3646 151 2414 3670 1580 4802 2273 4824 2781 2641 2396 3745 2850 4465 251 986 4090 4216 759 2759 1073 222 540 2183 2945 4167 4665 3755 4407 3146 897 530 1875 1817 3970 3972 195 3145 548 3671 1837 3437 2990 2035 2892 2449 3328 4250 390 2906 338 1876 1353 2066 1902 4736 4933 2117 3354 1085 428 1865 3280 1776 2439 1380 680 193 78 3711 415 2964 420 4496 2857 1389 1385 652 3245 3499 3623 1599 4744 1570 1056 129 2693 3746 3408 821 3667 2858 992 2252 1369 1022 2575 863 4849 4739 698 3189 3003 1104 1476 4735 4911 3915 1144 2481 4549 4457 4170 642 1022 1478 4906 1222 2505 4546 4904 523 3457 2754 4830 2312 2184 3900 3339 978 3233 3242 41 4922 3591 719 669 2640 242 1298 4363 612 3782 3959 3538 3420 2846 4629 929 4291 3340 2550 527 3141 3234 2440 4175 1843 705 4886 901 4009 3610 1621 793 2577 1622 4447 981 1661 922 4485 1990 64 4776 2026 511 1953 3451 1493
1930 807 4026 2432 1665 1060 4433 2302 3835 450 4783 1154 4996 4328 2124 1992 654 1075 4963 3292 4229 3050 4534 4141 735 30 1852 1535 1437 1859 656 4477 718 315 4302 1454 3123 3229 1997 4214 2516 4511 3129 2989 1442 2569 1480 1334 2586 3815 1228 2759 4187 2287 676 1948 3017 2173 2408 3967 947 2012 161 1074 1332 4338 998 4411 2094 1515 4574 4855 1123 1060 1902 1533 2015 1051 3418 1567 2056 4329 521 241 4191 2507 1710 2028 3319 4405 4956 2996 889 2908 3623 4964 4111 1659 3203 4287 770 4018 3433 303 4668 3384 4830 4898 864 531 811 3838 963 3285 2247 2974 1351 1234 3148 3048 1212 1286 975 259 692 3516 3830 3876 3607 962 4711 2055 206 4217 764 3265 4437 4448 1474 2225 3536 1204 2193 2528 410 3960 3881 3335 4072 3062 1706 2597 4157 633 1369 42 3823 4174 2830 3347 4595 1622 4353 2242 4385 2415 46 676 1223 372 3268 81 2563 4493 2424 4352 4779 3421 2687 4937 984 4330 1285 4316 418 2422 2614 2345 3096 3607 882 2118 2538 4832 3898 3964 845 686 1608 2474
4915 4055 3542 4776 2458 2669 1077 1097 3784 4783 2625 2674 433 4150 3359 581 4082 1051 232 2311 374 3051 4561 4035 384 3746 1940 3796 2509 2916 1444 4586 3516 4454 3190 2363 4165 1309 3305 1268 1738 177 3846 3039 2436 4741 3450 3695 4783 2146 4707 3109 2354 3989 2599 196 2571 2984 384 2991 4145 852 336 4224 4839 4178 4043 442 4144 2157 2163 46 785 3891 21 1540 4534 4959 794 580 1767 487 4328 3788 4992 4517 1123 3644 2711 3145 1934 4819 4279 3898 3878 1316 4611 4287 3116 1567 1497 4727 2200 478 2937 3702 4131 244 801 160 1125 1750 4143 2961 2415 3898 692 361 4793 3720 920 4494 4569 1265 1220 3401 872 3906 72 1939 4039 2242 244 292 249 1147 1338 3401 2531 3421 4030 4408 1924 3774 3942 1131 628 4958 2230 321 2762 1915 3337 906 4275 3833 1947 3608 956 4374 3357 3667 4721 3070 2577 594 274 4704 1739 146 379 4451 1158 4851 3335 1925 4011 3839 3870 4998 4043 1508 681 2660 819 165 4711 1811 1416 1746 858 3214 4597 1740 1407 4468 2265 1533 2013 748
4126 219 4070 1534 1484 2335 4058 1308 2938 1154 2674 1213 3476 3064 3273 3708 4874 3356 4188 1477 3727 3801 4925 2605 4731 4847 3073 2981 2475 3819 2646 1932 3243 4443 4994 4053 3335 1592 3858 933 63 2209 1566 1748 1260 960 1332 1900 2948 192 2060 929 641 4293 1924 456 3635 2427 1334 953 667 2294 3745 2967 4150 233 2375 3797 713 1124 2260 1383 1373 4431 3453 2652 1478 1114 3017 2005 3344 1801 2745 2277 2505 990 3800 2961 3464 3836 4459 2532 789 4507 1427 2033 4189 3406 4190 1953 3995 1118 1221 1170 3291 2076 3750 4140 4202 2915 3277 3979 1530 202 248 3356 1714 4625 558 531 926 3058 3601 2724 4132 3719 3948 94 2038 1394 830 1579 1985 1774 1954 3676 1068 3185 2159 3980 2646 4808 2340 1778 4477 4525 2351 4684 1319 1769 1939 3974 2399 2051 3575 3588 1434 4752 1494 490 4359 3710 1929 770 1567 326 413 609 2231 3331 1860 4449 3856 2177 1534 1351 3960 3622 2613 3385 1837 2661 3576 3177 3433 1403 853 3248 4516 2372 3366 1325 3306 843 2183 3078 4951 1794 251 4744
1850 616 2340 1361 2244 3341 2720 684 1849 4996 433 3476 2838 2624 2930 4397 3072 1475 4816 3984 1419 1319 606 4797 4329 3259 4820 1927 2048 1777 123 360 4479 4396 3605 1243 3191 4829 2112 2019 1569 718 3057 865 2907 745 2053 1708 3242 4794 2540 2766 4774 2697 562 4374 2995 3061 2498 3940 3309 787 3618 1286 3600 3599 3916 795 83 129 2997 2567 776 2411 699 791 4963 3068 1338 3266 3699 457 4893 2170 1785 1552 1703 633 2186 3440 2814 3678 4116 1796 4960 669 4848 1441 2885 4182 3666 725 4707 2001 1254 453 2587 4662 4891 1983 3222 1153 3890 291 3050 1887 1219 292 3601 2862 2625 3051 4956 1059 771 4426 463 4147 68 1491 2565 4238 1444 4772 406 4541 1431 3295 400 2218 545 3478 2728 3049 794 721 123 2350 4752 941 4288 3573 1499 2265 807 1824 732 2708 4198 4670 559 1694 4525 2473 4465 2469 1558 4664 1607 4691 2212 4994 2171 2103 2698 1501 4115 2576 3750 4845 4956 1396 991 4696 3368 2891 3315 1444 523 4407 2949 3799 4242 3837 933 2855 3887 915 3429 1043
2151 616 2926 4493 3519 4693 599 2540 1685 4328 4150 3064 2624 2917 691 3672 2317 3688 640 2642 652 3541 969 1470 4848 3880 614 319 2052 4748 2962 1222 1003 4000 2848 2726 4263 594 3244 3357 3037 1768 4751 1845 661 4562 1774 2063 2446 4106 4819 3874 2436 149 511 2693 2758 4310 400 2862 883 3788 219 2313 969 4248 1241 2463 4270 2945 151 3128 720 174 945 3924 4280 4947 3966 2925 2481 796 805 3341 3396 1567 1325 2896 3925 1880 4180 2522 2039 3053 4562 4563 3075 1307 2015 4539 19 2076 4617 4254 766 1402 467 4944 849 1614 1927 3909 3068 888 4824 1939 3347 4268 3905 1882 1462 2039 4856 1915 1353 1396 348 3115 1161 570 1645 343 2349 3947 2719 4659 4362 4946 75 845 4714 1875 2825 4123 2771 563 77 3538 4067 2070 1886 3559 2931 3300 3830 2659 4669 1578 798 2950 4728 477 2142 1162 4852 2341 2311 787 3228 737 1364 2230 2769 3628 1438 935 1797 2480 4296 1631 4635 2182 598 4210 3624 2018 1235 2807 557 2990 1733 265 1743 3840 4564 795 1163 135 762 1765
1385 307 4442 2375 4248 3807 1818 1345 151 2124 3359 3273 2930 691 2794 2688 3782 3645 4522 2168 1524 1995 2422 4724 2552 380 4126 944 2538 1873 4079 3593 1456 37 4192 1827 3656 741 2549 3767 2403 1527 1556 1829 1137 3817 2415 4244 462 2830 4082 2743 2994 4727 2313 1434 3293 2423 4809 4160 2128 3984 313 4074 3982 2124 2275 214 4504 4927 4743 618 3944 4693 358 2274 784 3224 901 2398 3198 2028 2596 4169 2430 2837 268 730 1618 2838 4786 2254 1647 3340 4580 4810 3153 1497 4402 1689 80 3432 2947 3908 3578 2372 3362 1027 3664 3805 4347 2596 961 1119 1077 4845 3355 577 4551 4498 4341 2249 188 2422 2973 1158 3368 1961 2388 3928 1422 4659 3133 2137 4790 772 1686 2422 3240 112 2318 104 3668 2590 4693 1029 3248 805 2555 787 4052 2777 1380 1142 2769 3433 400 4452 2147 985 3881 554 2645 1898 1328 2747 2058 135 943 4819 3205 3887 2658 3329 2758 2939 2259 1835 634 4615 3636 2165 2102 1488 3963 2760 4357 2601 195 854 3024 1139 2202 4407 1018 388 4370 4944 4930 198
425 1458 3937 4148 2146 1177 2001 1820 4420 1992 581 3708 4397 3672 2688 3343 4493 4845 588 4371 1384 606 3671 4714 1001 908 4751 4145 2784 4513 2379 3790 64 556 2978 177 1489 3793 603 1853 3257 1536 3195 2260 920 4111 3955 3651 1021 4322 2961 2918 2727 1350 4070 1137 1668 3654 1762 1943 3333 2260 2848 3121 1434 1099 3807 4643 3481 2267 1530 3965 1711 3941 4811 1177 998 3576 2070 3523 2039 1174 4745 85 4210 3403 4742 3433 4686 3684 4114 3726 4943 996 3636 2512 40 590 4491 2402 1530 82 2758 1097 1782 2454 714 2657 4149 3855 4390 2480 2246 4805 222 4972 2411 4716 602 1577 4365 2504 2132 1977 2568 3767 4678 4113 621 660 1436 878 232 2107 2157 781 2481 1685 762 2472 4467 4174 2147 1885 1443 4823 4717 3729 2594 1012 112 1176 1734 1711 1308 438 3549 3776 3053 3602 4163 4313 4805 1602 2360 3861 3501 3967 1182 4965 4948 3058 1349 4069 2178 2125 2184 735 3497 1397 4927 941 1042 1242 1440 4757 3545 1801 3886 2795 4346 2001 3138 2080 3702 3028 341 3075 806 3805
2554 2509 532 2369 3931 1877 2074 951 1891 654 4082 4874 3072 2317 3782 4493 4604 4199 3806 2073 1756 4009 1387 4246 2784 4198 3125 3092 325 760 4972 618 2118 4966 3175 2154 3810 2380 4292 869 285 4761 2722 4264 4575 4515 2059 1429 4589 4523 4435 1772 2264 2489 3872 2801 4286 3948 4562 4144 2250 2175 2199 617 3572 125 3624 806 646 4504 582 4925 2224 2347 916 2471 131 1488 1162 3910 1371 1767 945 2565 2694 1962 3866 4257 1744 4798 958 4398 4039 76 1004 4492 1003 4127 697 1059 1612 720 1601 3810 1965 4880 4079 4312 478 4528 2023 2270 1517 4624 2049 4054 2441 158 2778 2193 893 89 4529 2760 1165 1311 2844 1420 2130 74 2317 4441 2568 2792 2273 2744 1551 4657 1763 2421 2307 2113 2322 1297 260 3468 4534 1218 4387 863 1539 3655 3109 48 495 1014 2055 2209 1753 1041 4822 1635 2201 4463 3341 43 1470 831 668 807 739 4144 4094 411 3481 1782 700 1263 1464 489 4621 1034 3074 2635 344 4489 922 3981 4310 142 1590 4013 254 218 524 3209 1514 487 3696 2378
2657 4757 4964 2770 3068 508 4186 4819 3283 1075 1051 3356 1475 3688 3645 4845 4199 2463 1416 1508 3628 4636 2369 3346 1833 2391 1358 1846 967 3433 766 4887 3383 3047 2330 3845 2288 2083 1726 4358 2990 2253 718 4478 423 2004 2350 869 3616 715 4512 4371 648 4196 3849 3608 1079 2947 1703 4283 3644 2634 307 2491 2867 2006 2281 1918 2378 2010 1157 2867 3959 2685 3805 3621 1493 3307 92 3465 1577 3952 1165 4030 4339 184 1194 4252 4765 4284 4206 3515 3533 3586 3390 3155 3416 3701 3387 4865 4150 2868 1798 3499 4188 278 2998 1746 2232 4077 818 1756 1520 976 3281 4761 1044 3920 1701 572 400 1171 2146 2850 2702 4126 2141 2559 2875 2071 2135 4916 4124 1200 4731 4388 4446 2841 3002 2978 1911 1105 2702 181 2600 1585 1523 4274 3142 2086 991 4496 4818 755 3091 4360 2493 3042 4116 2896 2818 2010 217 3172 2995 3238 1005 3713 2344 1476 1777 1530 2997 2217 2097 749 1169 2425 4123 2770 1263 3086 3992 2999 4002 2955 2225 1612 1133 179 1691 3477 1395 4237 533 3249 1954 1577 3683 3479
787 2114 4368 3191 754 645 1258 1743 4657 4963 232 4188 4816 640 4522 588 3806 1416 735 1649 785 2982 4233 4524 4025 1232 2561 1506 1716 1274 1137 3946 1044 4010 4400 807 4934 3373 4318 899 4075 1821 2876 1431 4651 3429 4203 4200 479 2932 1804 3181 4268 1926 1611 3182 4286 3369 4561 877 2476 423 1121 4951 4631 1800 3946 1608 4588 514 652 3876 4359 91 4677 3143 4246 4208 4994 2305 3862 4418 1852 3934 652 1467 3666 4601 3895 4442 376 3943 4480 2686 3565 4628 1804 3408 2197 2887 2655 827 1628 4350 4161 1924 538 2736 3870 4340 3308 4366 1066 1291 4592 4934 2105 1720 2530 1491 2308 2689 2213 1676 1557 2445 1489 4843 3410 4341 52 1382 2615 4765 3776 3453 2956 1048 3434 3972 4521 3584 4847 3984 3314 3636 2165 1545 2076 1348 3514 4163 1551 3407 2369 1617 2027 4108 4363 3363 1446 4339 4695 3851 4383 1817 2284 871 3561 3274 379 825 4933 2640 4454 3843 2689 207 2351 3036 4609 1417 4389 3980 2937 4770 550 348 4871 3154 164 4614 329 1625 4642 3602 2779 1131 4009 4334
3695 1415 37 581 2798 3120 4163 3786 4681 3292 2311 1477 3984 2642 2168 4371 2073 1508 1649 668 2559 4411 4687 1668 2157 4996 4653 4738 2014 4254 4400 4141 272 693 2176 3777 2063 239 3976 3444 3493 4939 3499 1566 2366 1896 4267 2290 1360 1451 1317 2779 4319 2679 2979 956 4325 2922 4971 1587 2896 4740 1338 2777 3327 3299 2323 2183 1701 2488 3977 4271 2304 3078 2907 2687 2694 783 3322 4415 1123 2727 717 4591 3804 4866 2758 696 3110 4306 2808 2237 1649 3949 1605 4979 916 3375 121 2621 150 4726 1307 3790 3922 886 1237 2862 1679 1823 185 4697 674 3954 3064 653 4540 3629 2801 868 254 2993 447 2367 3138 90 4470 20 2844 3768 67 4222 3716 3832 4491 1788 783 4544 1397 1478 3522 404 4255 4927 2126 3128 3942 1114 1311 425 3163 1069 52 2491 1098 2217 3631 471 1423 992 3735 3427 2991 546 4973 2035 4340 4794 3066 4541 734 1095 4275 219 2089 2884 2214 3860 4133 593 4607 226 3076 1165 2100 158 4957 3181 1565 1439 3428 2822 3635 1014 1111 807 2941 990 4377 4240
3333 2364 4803 2964 677 2436 1487 2612 3646 4229 374 3727 1419 652 1524 1384 1756 3628 785 2559 1835 810 2580 2767 1077 1150 2252 2710 2568 163 131 4139 3131 1713 1709 2297 1246 4277 1429 3349 3987 3463 3841 4675 2058 25 3758 3527 1130 1077 785 4396 4593 2425 1378 3966 2504 932 4571 3955 84 411 1203 3117 284 2169 1189 3205 1192 4876 4427 2226 42 2771 2368 3254 3098 2767 1223 4312 4262 1385 871 3013 2887 1871 65 1031 3151 2366 4266 1199 410 4526 739 3695 920 3333 4843 508 4843 2041 3110 2573 4725 4030 4081 4659 4255 4984 234 1212 2221 4281 2037 2076 2871 4492 827 297 3984 3443 3582 4385 3905 2812 976 4459 4531 1005 4164 2634 3394 1782 1128 2004 4357 2755 1820 4141 2678 4850 3642 428 3958 3453 2420 2137 4851 1261 4283 932 828 4395 862 115 1411 138 1406 3838 2532 4294 2535 909 4671 2368 4692 144 2077 3702 4683 2020 4082 2743 3193 4239 164 4796 2939 916 3630 3713 1136 572 2923 1454 2570 4972 3469 95 4248 1400 4025 739 287 2664 484 1696 4330 4550
4341 1899 3468 1102 4912 2747 4116 4488 151 3050 3051 3801 1319 3541 1995 606 4009 4636 2982 4411 810 1562 3913 2118 519 4819 456 1394 4894 2478 4564 4263 4520 2194 3670 1368 3382 4658 1898 236 1936 919 2897 1400 4010 372 4538 637 1809 2132 4719 1968 2359 4281 2428 1927 2972 3056 4623 4280 2949 1479 4078 3191 1125 601 785 2043 3560 112 401 2232 2300 3565 4366 1022 999 4926 3690 3378 3824 592 2485 3279 1161 4465 66 2944 373 4895 3811 2032 3273 2192 480 3913 4838 4543 1231 3777 4320 3241 4691 3684 2613 1924 1421 4435 368 3640 2350 2544 4725 4365 2633 4031 4747 1583 2782 863 3175 3598 1832 4681 193 4241 4949 1087 895 380 4869 2479 4858 2892 4820 697 201 697 1978 497 2732 4257 4008 2360 3746 229 3759 321 296 2770 4567 1849 1313 79 337 954 1321 1331 2098 2831 533 2999 1942 4450 3071 1549 4358 735 59 4338 3891 4608 4275 4299 3719 3130 4283 4884 4663 4895 2589 3740 3315 1644 397 2594 1089 1421 4229 102 4655 1556 2433 4843 247 4835 4764 1648 567 3161
4408 2572 2871 2039 4873 3805 3658 639 2414 4534 4561 4925 606 969 2422 3671 1387 2369 4233 4687 2580 3913 1493 724 804 2150 4461 1840 4564 3881 759 2015 2823 4393 4327 4147 2341 3048 2480 266 4036 1262 2649 3522 2624 3231 4125 2485 1848 233 3796 4538 4713 478 621 1527 1789 3041 987 748 2401 4633 937 2122 3064 991 3511 4744 1788 1608 670 3936 611 2400 4243 2494 1069 2216 3276 4221 3053 1477 1301 1747 2017 720 4269 485 596 4276 2642 2969 574 1674 1715 904 1184 3894 318 3485 4779 371 45 2213 4402 3990 3215 1353 2156 1423 4792 2702 592 30 3113 2531 3666 2373 3546 2340 2521 4603 4540 2014 126 598 2516 768 4800 2688 2001 4192 1305 2401 142 3057 1409 2790 3666 730 675 428 171 2569 2426 54 613 1202 4168 2633 3658 4421 4191 1586 987 3204 2756 3323 1335 59 3950 955 3770 4248 405 1423 14 500 3660 177 1248 1660 2742 18 2765 4937 2745 3134 1999 1772 1263 1364 278 962 2884 4898 2823 4519 3156 1535 343 2110 42 4929 801 2893 1186 4529 4780 1970
1204 2911 3215 288 3118 2553 370 3804 3670 4141 4035 2605 4797 1470 4724 4714 4246 3346 4524 1668 2767 2118 724 803 3899 3918 678 2079 1754 1977 409 3611 2597 3674 2518 830 2326 4126 4784 4529 750 3310 3872 1367 4491 75 4362 101 4582 264 2306 366 4158 702 4373 1131 2795 3345 4088 3680 82 1462 4779 3462 4686 3401 4202 3216 3230 149 775 4678 4246 3071 2179 35 1908 4092 4095 1549 2403 2664 4647 3739 1163 316 4572 3384 3441 4609 4759 4329 4673 3205 939 1210 265 2626 4464 2587 3693 1537 1607 354 4648 1899 1392 2191 1191 159 3231 2224 3321 4968 3392 628 1286 1467 2009 2176 2405 4443 1585 1033 2026 2064 12 1375 1790 11 128 2097 3508 3285 4615 1034 4162 3360 3276 3977 1259 1638 1586 295 2916 60 4948 4841 3460 725 1393 1754 2405 1791 4241 2285 1809 978 4220 4967 4519 2858 3469 4629 1482 2818 3244 919 933 4015 124 2643 851 1508 1572 696 4202 3283 1171 3808 2133 4325 4940 4264 798 1959 1771 3198 3050 4258 642 1358 2814 1434 4765 1802 1692 4251 727 3852
2495 1111 3847 383 3689 2108 804 3965 1580 735 384 4731 4329 4848 2552 1001 2784 1833 4025 2157 1077 519 804 3899 1129 4572 3105 158 683 1153 2882 4905 999 1548 3243 3449 3084 2385 4325 3199 3831 4394 2314 763 4801 506 3614 125 2219 2929 4437 2594 4158 3140 518 3611 4451 4698 4753 2473 4384 3005 3736 1040 1415 3469 209 586 4105 1585 4280 2180 2838 2985 1802 3308 3062 1807 3968 569 4807 3474 849 3613 4222 3963 2407 4200 3403 1108 4005 357 2105 3765 623 222 3026 3031 4781 3342 1374 1777 1834 3367 3857 959 305 622 4178 1111 3445 40 2118 3229 3875 1054 2188 335 597 4671 3803 1127 3331 3216 3442 3799 4388 2597 2108 3684 4908 851 3035 3539 3634 28 2627 50 215 376 3980 4391 2234 4474 3017 3943 81 3664 4116 2209 184 1850 1390 275 2924 1945 1204 2627 4890 2368 4238 640 2568 3314 3504 1389 1180 4956 4780 1719 1734 2995 1977 2362 121 2452 3649 2830 898 4863 2975 2467 2441 4050 3415 4959 4542 2109 3416 2836 3282 1363 1559 4226 806 4676 3861 3620 329 4118
3544 1039 3494 4425 4895 1176 2274 1082 4802 30 3746 4847 3259 3880 380 908 4198 2391 1232 4996 1150 4819 2150 3918 4572 3993 3434 3958 1934 3877 1371 274 3715 4522 983 1183 3796 3461 1489 269 4014 1132 2496 949 1996 3594 3784 188 3457 3493 1634 3968 855 4514 3693 4164 2569 4648 635 242 3860 1124 979 2955 4282 1713 615 1196 334 3604 1834 488 4409 2943 2749 242 4892 2704 644 2076 2261 1581 3994 3321 3699 1444 4676 3206 988 2230 182 862 114 4115 424 2238 1931 252 4058 4560 2089 658 619 2330 850 3760 2121 3195 418 84 4665 3345 4000 4097 2677 2385 643 4144 3841 3359 2041 1418 1362 4266 290 878 1856 3779 3890 3401 4013 4813 2504 4722 2830 1772 3140 4923 2633 2224 2200 1389 4823 2291 1379 21 1163 464 2064 157 1843 2956 75 2005 2309 4178 4887 2032 2194 501 3731 769 2438 2866 3903 321 4195 4012 734 4060 700 1266 4237 2742 3239 286 2300 994 2294 2621 1758 3537 3210 3025 812 3963 190 4651 2067 667 1838 185 4814 1569 1263 4821 1943 3838 185 31
803 2394 4881 2038 510 4864 4075 2967 2273 1852 1940 3073 4820 614 4126 4751 3125 1358 2561 4653 2252 456 4461 678 3105 3434 3556 751 113 2121 2362 1893 4878 40 1407 3283 2489 2113 939 3997 2953 1185 99 1424 3155 2102 3596 2415 2861 1927 4747 1441 4049 463 4947 2519 616 1216 4229 4680 4541 1496 4422 148 457 4504 2862 2562 1437 2640 1192 1162 4552 2696 1409 2859 826 1709 3733 750 1342 1890 2399 316 1297 1011 3257 3647 999 1061 506 439 4449 3404 614 1574 2367 1061 302 517 4978 3274 371 2448 3630 441 4761 437 3853 2054 1602 3640 4379 758 4023 2468 793 954 527 4799 2227 2990 3001 3136 1579 2257 1055 435 3099 4970 1020 1430 2059 377 706 3044 3451 4564 3057 2689 2087 1525 3245 1864 1806 645 1257 4221 1720 3726 1134 4637 405 25 2448 3703 3320 916 3259 1228 890 2419 4862 3869 4795 3658 1067 3972 4241 3017 3075 1499 2794 2039 403 3281 263 239 4655 3342 3517 4169 4225 1380 2220 4346 1716 1426 1444 4139 4002 1201 2045 3315 4464 4253 2734 3483 4026 2488
2979 1076 4589 798 667 35 489 2452 4824 1535 3796 2981 1927 319 944 4145 3092 1846 1506 4738 2710 1394 1840 2079 158 3958 751 318 1613 721 2661 2949 1673 474 2788 3328 2153 4976 3491 1493 4352 3341 1516 1426 3790 3025 2783 2097 3597 1134 295 4828 2454 882 329 4118 2592 138 4518 2960 1406 4876 1369 2818 3781 1421 2195 4438 2169 4701 4658 3075 4637 3038 366 4546 3078 847 4894 2227 1823 4697 4265 2366 4688 4914 712 1173 4569 4299 4253 2209 161 4175 4152 4434 2358 2862 3178 892 582 53 1174 442 797 4551 4121 4667 4416 1989 4082 344 1053 1429 2215 4442 806 310 3760 3341 1024 4536 998 566 3862 181 2627 2951 480 2962 2509 3081 3494 3907 896 51 3640 2270 2237 484 4291 35 2497 3371 4203 1582 3273 615 3424 1367 2817 1749 1142 3673 4314 1078 2169 1794 3293 2847 1256 1830 4725 4470 3834 1735 4780 4997 4469 3039 1904 1262 1125 3542 4846 501 3717 4173 501 239 2205 4997 2727 3974 4781 2424 3339 2429 2928 1646 1094 3131 1556 1801 2620 4998 2668 1170 4550 3024
1115 3923 4248 4607 1804 1921 2597 4198 2781 1437 2509 2475 2048 2052 2538 2784 325 967 1716 2014 2568 4894 4564 1754 683 1934 113 1613 353 4010 1243 128 499 4474 4454 1644 920 1693 4493 506 4247 4665 735 950 4060 4451 1939 4489 3544 4552 87 1046 1245 1933 2240 3050 3187 2255 3002 1957 2300 1171 2988 4664 2807 2426 1976 3944 1637 3330 1325 2618 1368 2839 2870 4742 339 2166 4030 3596 3110 3081 492 1299 1199 892 3862 3411 2668 742 4074 1995 2590 4258 210 149 1116 3974 2063 3270 1459 2465 3524 4870 2380 3862 467 1154 4274 3491 3100 1481 339 760 698 3551 1560 4428 656 3308 189 3258 4022 2246 4396 1944 4820 4552 2703 243 4528 1081 4145 505 912 1939 290 1078 4500 26 3849 54 327 1469 3689 988 975 4930 2107 615 341 4723 1626 1621 4485 4048 1704 3415 1312 1952 1342 952 3301 4921 3491 2747 3487 4365 440 3173 3541 480 4837 3697 3013 212 137 2033 536 2423 1193 2629 3017 666 4222 191 2480 4918 1902 229 2855 1544 1119 4849 1323 3459 1222 4437 4971 1317
4271 2495 3531 956 4221 2147 823 1556 2641 1859 2916 3819 1777 4748 1873 4513 760 3433 1274 4254 163 2478 3881 1977 1153 3877 2121 721 4010 3196 3132 3401 4228 1192 2092 2361 427 4051 3067 1016 2958 4629 1859 2761 2701 1073 2716 4302 3193 1857 3262 4877 436 2799 356 1852 1111 4756 4767 3984 2956 1548 4869 793 4587 3597 1590 4857 3437 2000 2378 1523 2261 1728 3446 3528 531 4389 4744 3459 4283 4742 852 1659 4863 3118 457 4663 4319 2560 4192 2987 1704 1557 4710 56 1916 557 2273 501 592 2299 227 1489 1005 1231 3490 1659 4797 4040 4514 812 3946 4958 4484 1148 2116 4606 686 1395 363 3724 4855 1064 2352 394 3714 4232 1156 3591 4340 3323 4035 975 513 1172 3537 2582 982 818 3525 3990 1823 2638 2022 3174 3684 201 2626 2537 2902 183 2099 1259 833 3018 3049 4667 2661 3911 1071 2600 3321 862 3085 4206 4904 4595 1299 3105 1194 3084 4451 1664 4282 4212 1708 3455 1432 1645 1336 2194 2198 2481 4961 2111 1800 1613 4446 2322 1616 4377 1997 4404 4968 489 1855 3405 4371 3731
1821 562 656 1740 385 4634 2375 2959 2396 656 1444 2646 123 2962 4079 2379 4972 766 1137 4400 131 4564 759 409 2882 1371 2362 2661 1243 3132 3054 4198 1149 3615 1257 1160 921 767 3085 4510 3917 1132 3858 2343 891 1293 2810 2551 2824 2417 3312 1521 224 620 2108 2439 2040 4929 2163 1018 849 1260 4764 733 3095 4711 4909 2217 3979 2594 1626 2556 352 1143 3440 3050 2295 1771 3516 4148 4903 1679 124 2601 3452 2209 4591 1216 1029 4496 2360 3617 1278 1406 3542 1919 2096 2236 4899 3901 3917 4367 4679 1629 1470 4932 2406 4129 1723 1524 4955 875 2048 4461 1166 1890 2188 1105 4180 4574 1398 2453 3096 3090 1368 1476 4145 2911 1935 1256 4874 3922 1381 3997 3448 2523 4623 4024 1539 3171 3447 1914 903 1002 2388 2270 2338 3964 1349 912 875 143 4926 1084 3825 3687 2528 3689 4363 780 862 4829 4851 1149 4226 4838 3215 296 1138 3628 1124 2764 3717 2671 2168 2028 541 4644 4044 4881 2611 1248 2497 4356 4492 119 3881 3577 1387 2464 558 4775 235 779 1270 2395 2137 1561 3214 1212
1043 4024 2731 4838 4992 4511 1219 4652 3745 4477 4586 1932 360 1222 3593 3790 618 4887 3946 4141 4139 4263 2015 3611 4905 274 1893 2949 128 3401 4198 1421 1254 3312 1685 2235 2535 3811 2615 2351 3074 2642 243 2809 535 2632 2058 508 125 2156 4598 4613 2933 3740 3617 2170 4442 3227 2354 3292 3997 2936 4406 2586 1305 4398 2459 3666 3331 3024 4242 2790 4311 2081 708 469 3678 899 2943 716 2078 4398 21 1141 2330 1786 4095 1608 2853 1750 3813 2396 3116 435 4518 1321 3118 519 4084 3193 4217 1725 803 3341 4925 2080 2772 2189 779 3915 3219 1433 4735 360 280 1465 1051 4515 4870 719 17 4831 3921 1436 4119 891 2808 555 4341 4851 3432 2556 3560 3196 4112 1909 4899 913 2100 4320 3505 955 2852 2125 886 1623 4165 4336 2994 4491 4917 2358 2639 4309 2781 1342 4181 3676 2139 1284 997 1459 2672 3154 2011 3706 177 4821 2637 2301 3181 3364 1451 4370 2669 1014 3930 3830 2327 1405 3846 4703 4247 4801 340 1310 564 423 3695 4612 1661 185 2242 1543 1611 4753 146 1576 516 2743
2760 3024 1993 3980 442 4084 4844 763 2850 718 3516 3243 4479 1003 1456 64 2118 3383 1044 272 3131 4520 2823 2597 999 3715 4878 1673 499 4228 1149 1254 1673 2709 2638 3839 976 3574 1534 235 1706 4308 3435 1111 1261 333 1586 1890 1156 3146 2827 3955 2706 1015 4879 439 4386 1496 3191 421 2586 319 1952 285 2433 1110 3864 3602 3707 3954 644 41 647 1322 4770 3298 3190 4893 3876 2279 4937 3934 2744 4965 1869 2696 2613 634 4534 522 4753 1117 1490 1619 60 4306 2236 1216 1043 3753 4899 390 3318 3843 3337 4130 3792 507 4204 3541 307 2562 4843 4154 2799 759 3406 2629 1810 3795 4284 1885 1966 3514 2934 899 807 662 3512 1875 750 1000 566 2317 3906 57 4605 2557 3903 1192 1530 3765 2961 551 4795 361 486 2784 1116 2655 3256 4981 595 4768 2007 2737 1454 3891 779 4559 4006 3224 4341 2265 1422 102 27 3877 3401 1409 2845 4973 4221 647 4567 4272 3746 62 3522 3549 4384 1343 4347 3202 3076 4836 3758 2508 4527 1376 1096 3543 4581 4874 2472 1329 1994 2164 3318 3764
544 4091 350 860 4514 4864 371 939 4465 315 4454 4443 4396 4000 37 556 4966 3047 4010 693 1713 2194 4393 3674 1548 4522 40 474 4474 1192 3615 3312 2709 4316 1677 816 2500 1839 2110 4105 4010 4454 4290 2828 4739 3316 3240 4875 1304 534 1857 3341 2703 3708 2351 17 1713 286 3574 1628 1558 1464 3291 1649 2433 4123 1698 3748 2881 3094 4308 4537 2047 1376 4594 4805 373 4110 3569 1176 356 2912 1821 4368 2251 2453 89 1686 911 2357 1834 4113 746 2510 691 2770 4165 3825 2454 3318 233 598 324 2348 640 4523 4604 1864 2970 2052 1069 3709 2799 4351 2685 154 1060 3021 1157 3462 2767 4572 4590 1809 2844 1303 1568 4438 1134 423 4491 389 4076 1552 4964 4882 2475 402 1393 2576 3711 4693 4843 3526 146 1393 4406 642 2279 3080 855 4142 2024 3787 428 1256 830 2391 865 4567 3896 1021 4434 2217 1645 4445 1093 3519 2345 3487 3146 3547 2125 3557 2806 3678 4018 4844 1440 1249 2875 724 3574 159 2778 4091 412 3110 10 4309 3189 2565 1527 1064 2077 4421 4349 338 471 3183
3654 4930 940 3086 18 1560 416 1725 251 4302 3190 4994 3605 2848 4192 2978 3175 2330 4400 2176 1709 3670 4327 2518 3243 983 1407 2788 4454 2092 1257 1685 2638 1677 997 2142 3000 1308 1759 3586 2301 3377 2485 1553 4733 4304 3950 4091 1948 2486 3590 1525 4978 1344 4682 1348 4620 1338 3582 2175 579 3287 1494 3985 883 1038 4673 3304 1499 3497 2187 3859 2971 4190 2274 1915 1350 2510 4207 1321 3592 4549 4962 776 4603 2156 3776 4144 3944 2597 3163 3920 3616 4441 2067 315 3708 3456 4953 1110 4353 568 13 4177 1891 3961 3176 2432 4003 2991 701 3097 4052 2651 4730 4470 166 953 946 2748 3901 4708 4373 1876 1051 1675 195 1617 3397 2208 4198 782 2736 4053 2143 1353 1613 460 2979 2490 4385 311 3611 645 4280 4421 3967 214 2984 4816 4425 2397 2542 3963 2098 1322 209 1533 167 3807 432 2268 2064 2563 4189 2312 1676 1108 4210 1881 3244 3454 595 2016 2074 3945 1963 620 3010 578 1895 433 99 3560 4228 1098 549 4879 4207 4064 3796 1300 2735 2313 4469 1250 485 2468 3734 1373
400 2642 422 2752 959 2658 37 4695 986 1454 2363 4053 1243 2726 1827 177 2154 3845 807 3777 2297 1368 4147 830 3449 1183 3283 3328 1644 2361 1160 2235 3839 816 2142 4337 1918 4119 428 161 4624 4090 1535 4184 4501 4821 813 4364 2711 4347 2640 1157 2867 4099 1714 846 1989 1574 2243 1339 3872 4056 817 2483 4600 1735 3264 4867 4122 3748 2481 2685 1366 324 4155 2272 4442 1181 4756 3207 492 3079 859 4822 3417 644 2563 2783 4615 2739 1431 3740 2428 4732 55 3178 910 1744 2434 822 4836 3620 21 3896 740 2038 3243 1257 175 734 4083 4390 339 4070 45 255 2749 2141 2080 762 3994 1792 1211 4045 3424 3059 1588 3271 236 1924 2626 3591 1581 692 2088 4168 4069 1030 3844 3962 1045 3015 4937 3781 979 4124 3210 370 1948 333 2322 4891 2149 1216 2916 1044 1845 2797 4126 3377 2469 330 4860 769 3099 2687 4650 4202 300 4727 4588 3717 3407 3106 2975 3665 3495 79 3950 78 897 3966 4587 274 4698 2382 2632 3021 3087 4921 3803 2695 1551 2672 4691 3183 2742 3113 4862 869
3152 3160 3980 2185 1068 708 4445 1221 4090 3123 4165 3335 3191 4263 3656 1489 3810 2288 4934 2063 1246 3382 2341 2326 3084 3796 2489 2153 920 427 921 2535 976 2500 3000 1918 3491 2764 4267 3633 242 28 189 4925 2123 2039 3002 4148 746 1163 182 583 471 1689 1847 2767 1470 3742 3164 4106 3675 4876 1462 400 3774 1767 4520 4179 386 3348 2430 2369 4882 113 4046 686 4718 3306 2268 845 4350 1627 2492 2454 4027 2191 1070 1092 1421 2353 2310 611 4442 267 2324 30 1854 4203 1350 312 4912 732 322 4548 2739 3108 4072 4174 3639 4868 2782 4093 4329 4824 4855 3985 3166 158 2934 4731 2354 2650 3889 2074 1207 2502 2601 2689 3898 2659 3589 4980 2646 3220 2395 2109 4817 2923 4699 3856 2611 3647 1716 2000 370 4769 2766 1532 1458 1351 3868 4640 906 1365 34 2853 868 3623 1857 296 2724 980 3218 3845 543 2919 3009 431 528 2007 793 4855 3668 1114 542 2543 1918 2861 2064 3593 834 1305 1614 2350 3780 4913 3351 839 4515 4964 1695 2908 3743 4181 2658 4230 3017 1575 256 1631
2027 185 4866 3924 1117 4763 1237 440 4216 3229 1309 1592 4829 594 741 3793 2380 2083 3373 239 4277 4658 3048 4126 2385 3461 2113 4976 1693 4051 767 3811 3574 1839 1308 4119 2764 603 4091 616 1376 3481 1073 2894 2401 2963 4022 3261 531 4371 4723 1230 3365 3213 3243 4421 27 3924 1528 2244 2931 2492 3755 3487 4416 2297 326 3018 1146 1538 3140 1208 572 2184 28 895 3414 368 2296 3750 2351 4152 3178 507 864 3891 2639 200 1829 436 3581 1477 1511 92 218 2479 2327 3860 1167 246 1301 3922 2612 4994 2617 1878 1567 947 1579 3378 4791 2510 333 1440 840 1573 2246 545 255 2048 1664 272 487 2689 3905 4938 4572 1491 4388 3504 3565 3193 2157 3092 4561 884 2469 693 840 3466 2611 3102 2008 2693 4357 1989 4850 2323 167 951 2679 4383 4271 1212 4878 4314 3182 1078 2528 4917 3970 4747 3301 1461 4289 1839 3108 3393 2064 268 2281 4290 388 3620 3794 2490 1103 2875 3465 1074 1705 4192 1004 4829 4516 955 3163 236 4849 3562 3673 1486 68 4798 1699 3251 3033 794 2614 1727
3973 1024 4164 866 2295 294 805 117 759 1997 3305 3858 2112 3244 2549 603 4292 1726 4318 3976 1429 1898 2480 4784 4325 1489 939 3491 4493 3067 3085 2615 1534 2110 1759 428 4267 4091 4263 2034 2356 2525 4545 3026 4937 2938 783 760 3319 3437 2687 867 1056 2056 4872 3398 2471 221 3441 2749 4464 1760 1457 2880 2979 934 2004 4911 3894 4677 3605 1490 1029 705 248 2195 4084 4435 667 528 974 4521 4500 4435 916 2160 1292 4398 3609 1936 501 3763 1111 4594 4749 4552 717 670 2339 4157 4762 2028 3417 3550 927 3406 4131 1949 3975 826 3828 4674 4348 4959 4805 1313 802 3682 2082 129 2697 1240 3025 882 4128 871 1479 3458 2188 250 1407 311 4428 562 3912 2859 979 2037 3281 1571 4501 207 2637 4031 3272 4124 273 1070 1937 3386 1516 4274 4365 4242 1774 681 11 3670 1970 3072 4233 1527 3537 2545 3562 4108 4221 1642 2935 731 1371 3421 42 2852 1759 2676 2914 1531 694 3348 3406 3390 966 2237 1600 4757 3104 799 3105 2193 4558 4004 3451 1187 2540 3261 123 1968 3385 3176
4025 1545 4257 2449 1223 1925 1472 1247 2759 4214 1268 933 2019 3357 3767 1853 869 4358 899 3444 3349 236 266 4529 3199 269 3997 1493 506 1016 4510 2351 235 4105 3586 161 3633 616 2034 908 945 2228 3116 3197 3343 2755 3378 3134 2485 2290 2848 2196 4503 2611 2083 1156 1050 1722 2466 1997 2292 3417 2779 2980 310 4543 2854 3903 1965 4019 2879 2333 2604 486 2589 3454 556 3481 1127 4781 1902 288 628 4504 1199 3313 2529 3580 2563 1204 1206 2719 895 2659 3221 1015 2525 2072 4500 4970 2325 2722 206 2479 4100 2264 220 995 2516 800 4365 2801 1517 3034 3018 4862 1532 2813 3696 3664 1343 536 4900 1982 1933 157 1017 4494 4001 3672 3502 3595 3791 4361 1436 4619 2221 4338 1147 3539 171 3147 1340 4751 251 3267 1436 4036 3362 2164 1978 433 3484 4660 930 2098 2337 4458 3429 3925 2222 1157 2309 2482 4450 4847 2127 3132 4736 4984 388 2155 3854 1259 3069 4286 1790 1452 682 2049 4417 1454 3460 2347 3077 4560 726 1200 3830 936 1345 3873 2904 74 2032 740 2280 2387 4305 3288
