N: 200
M: 40
Symmetric: true
Triangle: false
12 3 67 51 86 102 78 26 44 62 144 193 82
5 103 46 132 52 150
6 1 133 196 85 154 89
4 106 60 113 126
4 183 75 167 105
3 11 146 88
6 36 56 117 9 6 128
7 64 83 109 122 24 13 176
6 190 185 2 40 49 140
4 178 59 47 37
5 107 170 119 81 19
4 191 135 116 127
6 80 123 101 151 69 162
8 99 42 120 8 12 53 76 34
3 171 73 21
7 25 71 199 84 165 39 155
6 94 179 58 142 98 195
3 164 160 112
5 54 61 152 32 97
4 159 188 163 100
4 23 50 92 182
5 74 186 161 72 181
3 22 77 65
5 18 177 45 70 35
4 125 114 96 90
5 200 4 166 93 180
5 29 172 174 16 131
6 136 17 124 7 33 38
6 115 197 130 134 189 129
7 79 104 91 87 15 31 175
4 10 173 20 156
5 27 14 121 138 137
5 187 198 145 108 55
5 184 118 111 194 168
3 169 147 41
4 148 153 110 139
5 63 143 5 28 157
3 149 192 48
5 141 95 30 158 66
3 43 68 57
2260 3644 4058 1420 3757 2456 1557 442 3873 2883 4460 1773 3373 592 1163 4878 2762 3304 1940 2171 4462 3804 1212 1758 644 722 2889 3318 443 4046 2516 4647 2224 2942 3407 2911 2989 1883 4516 2615 1424 2653 1338 313 3110 3956 3449 3256 2025 4727 952 2373 2438 398 46 3732 1574 2322 1237 4976 1051 1558 4804 3986 2042 1316 2860 3688 2197 2270 2504 2851 2080 322 4095 805 4169 2133 1940 2224 3642 3114 113 2931 1607 3972 1102 1037 1862 2742 1099 2934 1767 2421 4276 1385 3538 221 4099 2756 150 3570 3572 3746 3913 3528 2084 465 3795 560 4615 4203 4224 3061 2971 494 4666 4974 1188 1403 431 2800 971 429 1144 312 3352 1622 756 3547 4189 204 1247 2099 1742 644 3110 3560 4921 615 3373 4425 551 3194 1032 1538 539 710 4607 3511 4637 1888 4726 2688 3274 4628 1376 4244 3955 2768 2734 1220 938 532 4357 282 4381 2456 358 2841 1664 4721 3640 1782 1280 857 3211 2529 3156 3116 1202 1964 724 2190 2438 3206 1112 1883 468 1261 383 437 2862 2745 2699 4961 4321 1564 1410 555
3644 2565 4647 3894 4618 3060 3866 4717 138 3109 2760 2942 3647 4306 469 1587 82 1774 152 144 3375 1442 1869 2184 2244 4544 3461 3348 2041 4720 691 4062 4573 2925 1717 3200 2570 1235 4424 692 4348 3086 1827 1191 412 1851 649 1522 711 2688 15 1392 3522 1535 1983 1338 2496 278 4185 4059 3213 583 3896 3800 1376 3121 4486 4349 1013 164 571 4529 2906 2560 4564 1285 3424 2839 2408 2960 2468 2519 1496 4716 528 4711 839 1136 3575 3435 3402 1782 492 1505 4748 2046 3499 2749 3951 782 977 1300 1977 4222 4583 2790 661 2718 4275 976 1691 519 916 3414 1332 2604 4518 4377 4491 4837 1345 4605 1490 4526 2086 1724 1256 2322 4196 2349 1750 3454 649 1000 1537 1072 4984 1303 3723 3080 3584 3583 4235 4994 3972 2320 3856 3008 379 1767 915 2785 2338 4787 2098 3039 1869 635 1213 4658 179 3838 2111 4314 2461 1860 554 2755 4003 4184 611 947 2133 1286 4708 4381 4163 3393 379 2416 2041 1625 3318 4198 4715 37 4197 3300 4972 2473 1571 1211 3007 2879 4768 1077 700 3489 4627 1339
4058 4647 4432 3467 3656 4373 628 4529 1731 83 1882 2923 677 2850 3167 649 1134 2030 4312 2339 4401 306 2412 1372 2797 3621 3263 2490 3218 1057 931 3547 4752 2025 4689 3175 2983 3492 2949 1446 1860 1741 1612 690 1079 3230 1502 625 3231 3211 487 1374 2230 750 309 1054 439 3752 172 1728 396 3621 4611 1032 1219 3850 92 3626 381 2730 4801 2418 1691 366 4409 1434 1228 1543 3593 3335 1554 3971 1916 4892 776 1157 4057 1570 2937 3088 793 2153 359 1673 4255 2931 1763 2412 3720 1975 4205 4319 1277 1894 3785 2981 889 382 4367 1887 248 1144 47 1786 1036 2043 2580 1100 3436 3602 3114 375 2840 864 2926 4521 579 4852 3786 3723 2322 1532 4818 1493 4220 837 4926 3804 1278 2427 844 4151 3835 3331 4824 1199 3162 4919 11 4858 739 1316 3170 2359 1850 1102 700 4386 2784 428 3621 4299 2974 467 2558 4325 3245 222 4088 575 1214 4303 2648 4054 4844 1478 1780 4047 1102 1337 3677 2849 2942 3160 1021 2750 4061 2421 3552 529 599 857 4462 2221 4258 2204 4543 4303 1593 46
1420 3894 3467 2248 553 4895 3263 207 1749 1032 82 836 1266 4122 4830 2394 2317 1007 1478 1262 3506 1896 4188 2457 3251 1478 4821 3047 4929 3344 572 3999 12 4647 4310 4214 629 3623 3726 4314 3723 1551 4657 3000 2207 581 2505 4176 1822 1084 3932 4510 1096 3919 1198 550 3430 342 4490 913 2111 2167 2951 3138 3709 1135 585 1999 1537 2968 495 604 2226 3261 2418 3973 2137 2000 424 1005 299 2100 3746 1914 4716 36 169 1479 4548 2192 85 2098 51 3751 4623 3268 543 3370 3375 4779 3370 2879 3517 3858 2886 1241 3608 3286 1764 1510 3638 4584 3521 2225 461 1439 3729 1973 2624 2142 2102 1954 2511 2632 2792 4227 164 3475 3329 1574 3867 4599 464 3801 2833 155 3005 2880 4969 2790 3484 1091 4913 4547 1285 907 4626 2790 2868 347 1414 2811 3725 4306 3391 3087 2308 353 1961 2589 4554 4085 2045 3772 669 538 1677 3555 4130 235 2259 640 1461 1187 4345 3221 976 4656 2158 3696 2583 48 117 2486 4085 4250 970 3532 3672 1299 2352 3606 2399 2370 1650 1754 336 4752 3495 2660
3757 4618 3656 553 1898 3370 218 2324 3047 2935 4493 4605 2298 3251 4767 1067 389 660 3707 1475 2207 1151 3752 3804 4902 2033 2058 4724 3735 3290 2208 3616 3704 4746 1138 3865 3802 2248 2583 590 1549 3071 4315 959 3377 1522 4293 675 3034 4377 2141 86 82 990 2742 4444 1972 58 2465 3785 3033 3474 1798 3049 2570 1675 1403 3634 2997 2485 2920 3465 3301 3765 1288 4428 3037 4373 44 4435 1911 166 980 493 3076 3820 2593 2301 2271 1618 908 1425 871 3477 1951 2391 2419 911 3021 777 4241 3599 1647 1382 3770 2081 3718 2547 3703 1817 215 4296 2183 4926 641 3441 1594 430 747 4031 4213 4189 1870 2530 3719 2745 999 2791 3814 3488 3518 2069 2024 1860 4449 4006 11 2037 3904 891 802 2241 4807 1131 4051 4245 453 1883 2018 3013 2506 1650 4956 3749 2342 3465 1256 1130 1707 4948 4359 4370 4200 1798 3454 3185 2361 1419 39 4967 1307 1951 2489 4627 1147 4056 4296 4267 1095 2908 1498 1429 1104 4028 4631 547 4430 1948 794 3663 1175 3734 1405 876 3568 3564 450 1886 1658 4136
2456 3060 4373 4895 3370 3774 1502 1955 4138 770 3232 4644 2770 721 4417 2789 1829 2383 4247 1694 1251 679 2271 1053 3151 977 2421 2333 215 1258 2514 3322 1692 2810 2453 1448 2356 1584 44 3826 3342 3666 1861 888 2531 4517 2991 347 1430 479 2920 650 3570 3364 2464 1694 454 2504 124 4021 1309 4964 310 2745 1072 2329 1458 4221 1663 4133 1442 3226 2667 4800 258 2621 742 3966 1281 2797 26 4393 4739 573 3335 2278 2997 3461 4936 1890 2570 2350 2239 521 2741 3714 3014 4880 864 354 4803 2004 1602 1848 4719 2055 4574 1316 3306 2353 1208 264 1764 3035 2370 522 604 1211 4832 980 4131 3076 979 4441 1474 4184 309 3834 3167 2963 4143 182 633 2260 4977 4631 4121 3863 741 1818 4594 4614 4368 533 2459 3459 1220 3219 4963 3298 1344 1092 896 3655 3965 4984 4200 422 530 3185 774 1065 2071 2402 3158 2155 1196 573 3598 700 1853 3475 727 1924 2194 3533 1566 4441 2254 3182 3068 780 3557 1535 2957 4782 485 1984 1236 2108 4927 454 1708 1991 1208 239 1902 4537 4183 2719
1557 3866 628 3263 218 1502 1342 2171 4388 4985 3192 842 3268 547 381 3728 4323 4894 2193 2207 2537 181 4162 2701 3999 2511 2354 68 1395 4451 4001 4182 2153 2563 3664 4303 1192 99 2794 827 425 1501 373 4169 583 964 3630 245 2930 2727 2723 4826 3864 1232 4875 2681 2610 4453 463 4306 2550 658 328 647 4079 3372 474 3746 360 2365 994 89 573 2602 1274 1021 508 1126 644 2322 1082 2011 1064 4045 2772 4321 3063 3190 702 479 3794 4972 2665 4281 2144 125 551 1723 4787 2808 1310 2058 1115 1096 1887 4236 3371 1391 531 3638 4143 1488 4842 2299 1694 2160 840 2367 1776 2610 3174 3045 3914 1097 1587 2654 2169 2558 1988 429 4997 3972 4117 56 925 555 2798 868 4789 2701 3786 4887 4445 660 41 1008 3396 145 474 3836 2575 724 1114 519 4167 3429 2868 4311 4639 690 2946 2469 4168 4495 924 4510 1616 4036 489 3840 1824 4241 1239 1539 4372 3576 615 1914 4720 1391 3570 2703 682 3286 755 4955 1959 3567 3712 447 2962 3823 2666 1339 4386 1348 1762 4336 856 1832
442 4717 4529 207 2324 1955 2171 3646 2436 2764 4240 1943 271 1392 3815 2619 3597 3859 4719 4428 1057 121 3997 4526 2668 930 2769 1828 1119 1565 1988 3411 1711 3640 3058 4408 2725 1596 4177 2433 870 1171 2858 4757 3940 3064 3838 4621 3544 4893 612 4635 4902 1622 1676 415 4208 1560 2902 760 238 1621 3563 3817 4857 3889 1237 3531 1656 1793 224 2704 796 3729 1858 1267 961 1258 1706 2736 2815 549 509 720 746 399 4292 2666 1668 1348 3765 3326 3692 2885 3982 3265 2924 122 3328 41 82 3376 4716 4813 3632 2265 3203 4598 1458 2848 1881 3378 2334 912 4867 3082 3237 4404 125 3181 607 902 2872 1380 4887 79 4344 4439 4707 2729 767 1817 3011 2745 15 2724 1061 81 2465 1374 4867 712 375 2021 3495 94 2491 2090 2814 2905 2758 2967 1411 2554 1748 1079 2163 1900 3400 4903 1578 1127 1944 4261 4661 2772 1060 2476 4739 4924 3368 3600 1742 515 2677 3382 1793 1026 4866 4300 4593 2344 3366 3633 1554 4295 765 2581 4786 270 2659 735 3806 4394 3089 3610 631 3495 1650 2700
3873 138 1731 1749 3047 4138 4388 2436 833 268 3726 140 3261 3418 3120 178 1852 4280 1252 4729 3636 2799 4431 846 1802 4933 736 4361 2385 2968 1387 2700 1197 3688 1467 707 1921 4174 4421 101 3719 3037 4960 1011 4496 2359 2945 3759 3554 1522 3857 631 2573 3487 3655 148 4561 984 1488 3804 2063 111 4922 1407 1905 4704 4460 4477 3487 47 535 3928 3352 2235 365 1006 147 1960 2198 4801 4400 2670 1576 3475 1888 201 721 1468 4917 3626 3108 1139 3642 659 1132 4078 4016 3218 403 887 2300 3287 4459 2563 1281 1162 3682 3793 602 3055 3859 4593 1218 3466 1113 1425 3931 129 3715 4440 1965 855 1297 4441 4048 4043 1038 205 4477 2583 3142 1930 4125 3537 245 103 3382 252 609 1961 496 4801 379 4374 1399 420 1160 720 808 2735 3299 3240 2228 2258 2909 3464 3822 2774 2666 154 2108 4338 2247 4585 2083 4704 1884 4275 2553 2933 4711 2072 123 1312 2724 1876 91 4869 1022 1129 629 1567 2779 4199 3029 1788 2110 3715 2479 4982 4313 2518 1692 4689 2972 661 3754 2151 1831 906
2883 3109 83 1032 2935 770 4985 2764 268 4619 3986 2472 4237 3425 3003 1068 292 3194 1722 2340 3733 1320 4109 511 1918 2507 1406 3827 470 1192 1144 3392 945 969 1169 2686 1749 4510 3076 2308 3358 146 2016 176 185 876 1718 3622 13 1653 690 477 553 629 1087 4629 3831 2098 2881 2459 2298 2224 2532 1515 810 922 2398 1175 2219 4175 2990 695 4967 2478 1834 4126 967 3594 1259 2110 4751 2612 4512 1474 4092 744 3416 3874 3654 827 2297 314 3828 403 1383 83 1906 2253 2086 4513 4142 181 495 3521 2583 4757 529 4239 2343 2649 3907 3687 3081 2530 2357 4788 4664 3960 1181 1279 4233 195 2744 2755 1308 3300 180 4879 4722 2757 1751 2173 2215 3469 3305 3555 794 3484 480 4048 3464 4852 1842 1032 4837 1893 348 4744 3278 3496 482 2642 1331 2194 3324 3316 1020 3576 3305 1726 763 3645 907 2569 2099 1183 2898 3070 3786 4430 1355 582 2232 4416 450 395 133 2458 1427 1526 881 4690 2653 1687 2775 781 2163 3885 4885 3587 3021 4332 4030 414 1054 4290 4478 2599 1962 4019
4460 2760 1882 82 4493 3232 3192 4240 3726 3986 888 3728 4290 4129 4954 4926 1171 2418 3041 4950 4193 511 466 2005 1270 2852 3793 775 3987 3887 801 961 2617 3102 2266 98 3973 3616 426 2589 4272 991 4093 2834 4666 2380 3800 3803 3740 3644 3948 4815 487 2965 2100 3531 4186 3292 1191 1620 206 1957 3148 717 2606 102 3567 2712 718 4122 2584 3933 4027 2153 3763 4879 1708 176 2239 3999 1718 2878 1079 3614 2524 641 4641 2041 3305 2756 201 4441 1842 20 1916 741 1589 1467 3473 2629 2032 2321 2721 1296 4333 3567 4446 2297 4966 1343 4614 3571 2594 4859 2665 4588 4931 218 1726 3504 3803 3470 1159 3148 686 2428 1237 2604 2465 3465 837 253 2282 3843 2955 2902 2912 274 4401 2886 2003 2711 3519 3583 3831 1958 1392 159 3403 3396 3319 4753 4390 1009 1816 766 3971 2436 1511 3411 3648 550 845 4514 1983 1559 2688 1137 4452 1086 1696 3939 4012 2960 1142 2026 2241 4608 2062 2569 3665 2636 4679 4268 2860 4868 334 4841 3931 1150 4503 4482 1142 3628 4921 1629 3256 874 2830 3306
1773 2942 2923 836 4605 4644 842 1943 140 2472 3728 4612 2250 1777 4124 3620 1476 47 2206 1358 1721 56 463 4863 417 1530 2577 3617 3495 4601 4097 4502 1824 3956 4068 3850 2068 4156 4408 515 1590 3225 2089 1007 3575 4357 1903 3486 1903 2361 1475 4136 2678 2407 3133 210 155 1676 3864 3590 3690 4320 2438 824 1699 4388 2517 3849 1067 4035 4131 1653 3785 2407 1582 3222 4337 3822 2561 4036 3255 2151 1675 167 44 4770 3013 3223 4889 3779 2166 3602 781 2508 3064 3710 2649 224 4906 4244 3181 1184 3508 1375 3815 3654 1652 1630 2741 2842 413 4381 2866 2177 1652 874 1985 2996 217 4559 383 288 1226 215 2478 1785 2746 2802 313 259 4335 513 3951 4447 4576 3633 738 605 4184 4134 4879 3631 4566 2540 3539 3090 4221 2948 1845 793 4743 3310 793 2038 911 3945 2820 1892 4958 2904 2619 1631 77 4473 3248 4393 2197 1313 3183 3340 4845 3749 104 4608 4424 4980 3580 4534 581 241 277 324 4849 4516 1600 1321 4636 857 2984 4736 1325 97 3180 977 4998 2544 714 3935 3337 165
3373 3647 677 1266 2298 2770 3268 271 3261 4237 4290 2250 1463 969 3112 1753 4492 4814 1651 3516 1091 1456 723 4768 4069 13 3545 834 4786 1451 2128 4588 3189 90 875 1898 3811 4315 2542 1861 100 1873 680 616 1698 1847 4286 3957 1573 2774 3257 315 4178 2507 4393 2248 1213 3951 317 686 2644 736 3340 4120 4824 3706 1392 3416 2276 2949 1054 282 2118 2342 1059 4764 3427 1349 1760 4755 597 741 2830 1860 3657 2647 3352 1842 1633 1753 4138 3466 494 2154 403 1663 3428 4746 4535 2591 4501 3762 4909 1509 3289 2371 1518 3726 822 2130 3644 3077 444 1717 3578 3172 2466 3460 2745 2330 3080 2874 4799 2701 2770 368 4681 4736 2807 4487 2820 2031 4308 4250 3053 1168 3012 4085 4397 3385 4358 2849 2325 1031 2004 2347 844 1446 230 3071 463 4285 2602 3381 2412 4762 516 2958 409 4937 1412 3398 749 464 2967 4963 2380 3044 2150 3848 363 2389 3907 4935 886 3518 2936 4173 336 2994 3565 512 1218 4673 2359 4809 1082 2045 1889 627 4041 4011 3157 151 4320 4262 4617 1914 1102 4907
592 4306 2850 4122 3251 721 547 1392 3418 3425 4129 1777 969 3675 4880 2885 543 2594 3051 3071 1308 402 2845 3743 4002 4833 2660 1981 3734 4854 1527 1859 731 2015 2969 3680 2125 3069 1005 1459 2337 2756 2004 4926 4721 2708 3048 4264 2862 2300 3852 4970 3925 1451 2964 2420 1634 1518 2083 1994 3765 2280 3874 3021 3428 890 4795 718 2907 3402 2630 1385 4227 954 4985 2722 4235 1246 3747 1438 3923 702 171 2266 4923 2939 907 1517 1866 930 362 3676 2031 3271 4883 3200 3653 237 1192 1306 4703 3306 4151 4822 1123 4295 782 2027 172 1922 4421 1626 4916 149 1342 2768 3684 2695 481 2227 763 1419 1192 1578 1658 109 927 1316 1429 4821 4591 3687 1047 1099 516 932 1384 2192 4145 1008 3947 517 4848 4150 552 4049 2125 2199 3928 1368 1022 523 1299 3262 1911 4487 48 2236 3144 1028 3313 4559 3377 666 3830 2126 2769 2839 147 3135 73 4878 2566 824 2461 1719 4822 3660 1798 3643 3568 2322 3816 3296 3928 4716 3308 4554 3201 4236 3023 4123 3720 1699 2291 409 4630 2290 761 1804
1163 469 3167 4830 4767 4417 381 3815 3120 3003 4954 4124 3112 4880 3985 3312 1130 655 230 4482 4696 3555 4644 4528 2737 4853 4598 931 3204 4846 1814 78 2947 4778 1860 2185 4978 1303 2318 477 2222 1354 1657 1872 3047 4845 1628 247 1546 1427 360 2644 2655 3119 2737 4461 843 492 1643 3923 3361 4760 2704 3934 1776 3674 2658 3947 3232 4099 2355 2340 3043 3717 2152 3323 3697 774 3881 1332 2581 892 573 2679 1753 1540 4470 4175 2637 3526 4718 1508 2080 4739 445 1230 1597 4760 1595 2598 1725 2012 4977 3896 2506 645 1808 1155 294 2826 4095 1941 1928 686 4729 1678 1115 4735 809 4384 2480 305 4343 3590 2517 4744 4462 2133 3218 597 2091 484 2884 4233 2166 3993 4481 3856 92 962 3219 4153 3604 1249 552 783 2439 2369 1288 2983 2568 3436 1956 861 3421 205 498 3032 4657 1479 648 1692 4706 4002 2473 3217 2047 4208 4779 19 4708 3428 2241 1951 2941 686 4502 3798 873 492 3609 3736 2191 1872 1925 3239 271 746 2943 4371 948 2848 1812 4957 2384 1235 2660 4833 2382 4574
4878 1587 649 2394 1067 2789 3728 2619 178 1068 4926 3620 1753 2885 3312 4238 3346 1081 3136 4173 2160 3882 3563 553 4574 3260 3058 2188 2444 352 2312 1473 669 1575 1387 1214 3703 3485 750 3919 2442 2877 2110 3038 1355 3656 841 3179 148 4660 3398 4411 524 3435 102 284 2053 1661 4162 2637 947 3771 1046 1334 2650 3796 4230 4153 3031 4334 4501 2693 1713 2290 4536 3002 4988 3493 879 4989 4510 3159 1514 3148 2906 422 4647 3051 559 2064 690 2359 3318 4064 2727 2028 4615 4775 1673 2491 1284 714 4262 2799 1039 2725 805 2732 2254 4664 4341 4923 3101 275 2240 3403 538 1297 2520 2273 610 4388 3928 789 1698 4166 253 276 4546 2407 1876 4696 19 2037 3258 4546 1440 4809 3349 955 4561 4715 3629 3986 4330 636 3905 307 1977 1901 400 1330 1219 321 899 1785 1914 4513 852 779 772 3449 2405 3508 787 637 4936 4241 3612 4200 654 203 4387 2781 2398 2292 4818 4998 562 826 4871 825 415 1372 2450 3623 736 291 3013 4345 2057 1329 2786 3574 2776 3357 2024 3604 1313 1569
2762 82 1134 2317 389 1829 4323 3597 1852 292 1171 1476 4492 543 1130 3346 4930 1233 3684 241 4084 3886 1543 3527 4674 2001 1232 1903 3831 2472 1795 3355 2408 3695 3785 1549 2188 3119 4090 2279 453 4115 2516 2095 4330 1743 2950 4162 14 3981 2983 74 3494 1446 1533 2299 2207 477 3268 617 997 899 806 189 2773 4445 648 3046 706 3540 3974 1557 4277 4271 4340 3223 1574 11 2039 2446 1051 4735 4055 2402 544 850 2052 1171 1081 4984 2006 3963 1500 3984 1085 4425 3219 212 2076 2388 416 4913 4635 4429 2543 2978 1707 3398 4942 4724 3476 436 3663 93 1239 4345 2559 4332 3124 3214 1895 109 4360 4713 807 2676 1203 3918 2606 943 211 3711 4598 4736 4748 2604 2456 3027 930 2334 3335 1124 3807 2043 573 708 519 2615 4913 4899 185 3940 4906 3530 2634 1234 1054 2607 3406 1339 2193 3796 2214 4190 138 2231 2663 3382 1089 1597 1160 1181 158 2234 4566 4630 3654 483 4235 4435 1437 2724 172 485 3988 1272 58 3620 4578 3632 1257 1247 3839 2729 4524 1511 4911 4256 3925 2394
3304 1774 2030 1007 660 2383 4894 3859 4280 3194 2418 47 4814 2594 655 1081 1233 305 2859 4696 2915 2526 1078 2880 3966 3151 1015 3214 1310 3025 4376 2921 2287 2283 3752 2382 1048 1670 1957 1834 1692 244 4924 1880 1131 3059 3985 3825 2239 625 2460 2177 4848 1478 4740 147 4936 4887 4808 55 219 1316 421 1972 2438 3990 3787 2874 720 51 4315 66 4807 3222 2951 4026 3108 4784 1124 4413 314 1967 1279 1362 1283 761 2003 4785 3003 2097 3208 2076 1060 4088 2495 3967 2473 1829 286 1973 1198 1630 3400 3736 3524 922 4287 100 405 4697 1355 224 2159 1697 627 850 2832 2142 1260 4161 1492 1399 3488 3464 2538 2386 1921 3999 4857 4683 2936 81 2390 2448 3976 4155 3371 2892 4624 2898 774 823 3292 4077 3625 3048 3829 816 4643 1257 562 1414 3004 2409 969 3796 2090 4386 3316 3272 3104 2721 3450 509 390 808 1986 3372 1858 1395 2169 1123 875 2520 4007 1150 1473 905 4069 27 3628 1661 4744 2757 1833 251 4912 4481 4581 1360 4765 3787 120 1942 1562 3644 2077 3010 2652 2264
1940 152 4312 1478 3707 4247 2193 4719 1252 1722 3041 2206 1651 3051 230 3136 3684 2859 1971 532 4370 4502 2568 3233 204 3977 17 544 1086 2542 973 583 554 1559 2789 664 614 1118 3160 71 2101 1024 3606 2244 1044 323 23 690 2405 3780 3970 1303 1868 1423 2872 97 3508 2403 420 2646 4210 4659 4164 1377 1236 2359 1750 3810 2793 431 223 724 785 4496 885 4843 80 3226 4067 3542 2140 4579 4369 4189 4948 2767 3617 4499 1215 2033 1421 713 981 2653 2224 1388 3913 445 4614 91 3242 3217 4683 4135 3183 1787 3925 964 2629 16 1565 1784 1288 1107 267 3751 2804 3329 4327 3199 2701 2272 2920 1642 1821 887 480 2174 3142 822 1837 4977 4823 4432 572 1727 4918 263 2110 4908 1551 3641 4570 676 443 3403 2294 3804 4001 830 1940 1734 4425 77 4201 4041 1359 728 4825 2523 4660 1588 4646 483 3877 2594 28 4674 3189 2449 4804 4535 2013 3648 4016 725 4338 1661 1649 4600 4039 3478 4192 1043 1361 3319 3920 2587 3551 64 2857 1439 1409 2170 859 4753 4095 2766 4838 2703
2171 144 2339 1262 1475 1694 2207 4428 4729 2340 4950 1358 3516 3071 4482 4173 241 4696 532 892 1244 1328 4036 243 1668 175 4777 2321 1060 264 4836 2162 2836 2339 3233 4002 399 4212 3993 2684 1153 688 4663 4607 3352 3223 2522 3008 2944 2536 2190 1712 2176 843 2642 315 1746 3639 3868 4918 2436 4417 4979 2497 1494 1517 178 3145 1197 3106 2320 2465 2561 1569 3871 3177 512 162 2543 3173 4328 37 2883 928 3407 3763 3441 4162 535 2040 3696 4989 72 375 551 1780 4884 2020 924 4784 3606 2642 1807 3206 2380 1068 4878 2736 3073 2168 4830 3712 1469 4858 272 206 1300 924 2730 286 2636 2574 2353 150 608 4754 2141 2825 872 77 1689 1920 1487 3419 851 1280 3232 1137 4086 4454 581 550 1004 147 877 3338 1084 4957 4894 4533 2918 238 1721 1641 2265 4487 3802 3750 3810 549 3069 2500 3793 2642 2106 4396 3734 3442 555 2759 4094 3341 2702 4160 4158 4579 1652 4897 901 121 3616 2732 900 1170 3923 188 2859 2832 1017 3075 4669 4964 1311 3825 4357 4448 1267 808 583 226
4462 3375 4401 3506 2207 1251 2537 1057 3636 3733 4193 1721 1091 1308 4696 2160 4084 2915 4370 1244 4156 1249 129 1171 3731 3348 108 199 2382 2835 2100 3421 4966 843 4138 1396 4178 3307 1212 1059 1958 348 2026 2559 4575 1524 1628 1937 163 4170 4493 1218 4056 3155 1057 2052 4078 2386 1855 2558 2336 966 631 795 2616 3647 4168 4337 2924 61 343 469 3587 1601 1925 3621 1817 80 4209 1986 3341 1141 4024 667 956 4110 4084 2897 3235 169 3236 12 4591 4858 4536 2388 4233 3039 84 3445 618 3022 16 1925 780 1070 2606 4730 2506 3748 3044 2185 3289 1754 1351 170 1906 341 2938 2009 2336 2670 3910 4974 2671 1600 2283 2771 1532 4803 3891 3421 65 4379 3881 2435 1442 543 3921 3576 3982 1012 3444 4127 2041 4118 2011 3129 2557 2136 3415 4295 3523 3678 841 2761 394 4852 548 3886 876 25 2768 3218 2899 411 2612 4909 3298 3656 4475 2211 3962 659 4099 1072 1607 4623 2341 2762 3189 1123 848 4389 3820 3937 628 4548 3007 4229 1672 1067 2808 2220 4092 3439 4737 4421 4293 1881
3804 1442 306 1896 1151 679 181 121 2799 1320 511 56 1456 402 3555 3882 3886 2526 4502 1328 1249 3035 2690 1549 3995 1730 1179 2170 3931 3272 1756 1955 707 2117 4803 3028 921 2252 1736 997 1232 200 4824 1930 1403 4380 4994 1021 4242 1167 2825 2599 941 1593 2457 3088 863 2703 2197 2470 2744 4100 3453 623 2025 4407 3854 3967 1244 4127 3803 1696 2926 4809 3349 2747 1539 2516 713 1375 4319 1939 1122 2516 3720 703 4463 872 1423 4802 2816 2045 4825 227 699 75 2116 1634 1410 2062 130 1153 1102 186 177 1614 2668 3806 1236 4765 205 3261 1476 1599 4091 3329 148 752 4917 4775 1876 818 324 3609 1933 2096 4655 26 1818 16 3705 3385 377 874 2678 3869 2588 2676 3611 3818 1369 4104 1528 4564 1908 3165 4453 1506 3125 2036 840 628 1373 2134 1337 2830 322 3855 2601 3333 1747 3202 2173 2356 4680 45 3100 3058 1072 1225 2733 3117 4852 2960 2575 4783 1432 4864 1254 4260 2641 2940 4536 4822 2517 4372 1422 4937 4775 1222 130 1107 1251 3871 3964 328 3825 2551 53 4794
1212 1869 2412 4188 3752 2271 4162 3997 4431 4109 466 463 723 2845 4644 3563 1543 1078 2568 4036 129 2690 3121 853 4531 2650 2786 4618 3701 3950 570 2052 213 2130 2896 946 4927 3177 3502 1328 199 1083 2820 331 4702 1553 1580 3674 358 1322 1163 4887 2273 577 3212 2897 3572 4783 2103 329 824 4403 1542 4249 1321 4685 3509 320 4613 904 3450 588 3717 2168 3991 156 1952 4220 4489 1518 1321 3886 403 1227 1127 962 323 1534 2987 4927 4059 1228 3095 4602 2500 816 4038 305 4634 4626 4504 1227 1021 4967 3341 2832 254 1109 3540 4206 3435 2980 3381 4116 4845 4659 3004 4584 985 2901 4533 1072 4800 940 1618 1724 3391 1261 3540 1553 2548 4908 4316 3201 1155 326 4654 2134 2127 4715 3904 740 1397 2499 3921 1276 802 3034 2310 1075 1260 2555 2262 3708 1091 2229 3402 1941 4378 2492 4871 3489 4215 3501 3121 4205 1935 1614 3782 2381 2720 939 2231 2739 984 3019 2328 4773 1749 571 659 3647 871 1471 3887 1868 929 2103 874 262 3932 3227 1050 1400 3305 4292 3173 3485 4089 3329
1758 2184 1372 2457 3804 1053 2701 4526 846 511 2005 4863 4768 3743 4528 553 3527 2880 3233 243 1171 1549 853 2394 1474 2736 1036 3995 1422 387 3750 4182 3217 1510 4177 2154 2591 2892 3349 2745 4616 3541 726 1896 4444 1250 4667 384 2088 1852 1738 2737 3311 2812 2868 1917 1087 4207 722 2530 1921 3549 4616 4957 1390 4426 434 3617 862 3121 4140 1108 3840 4021 858 2457 4528 3702 3342 1132 3297 3824 551 3338 4752 727 2248 4229 937 906 2951 2172 1494 1134 523 4931 3429 2236 2767 1451 2638 4808 2444 4013 2497 1981 978 174 150 347 2145 2155 1424 2208 4991 2575 4752 2598 4404 1346 51 4045 3937 3236 2765 806 76 2583 718 1415 2421 2712 2691 1787 106 1923 1850 1055 3257 2658 2416 4642 2483 3241 1574 2981 1445 2159 2373 1974 4749 2368 3899 1166 3908 3456 1880 1918 4310 429 1612 3178 4166 2485 319 88 556 2919 1876 3082 2884 4832 4771 3442 4829 935 2204 3316 1032 991 716 49 3007 4518 1640 4278 4416 187 3476 1265 4140 3775 2017 4977 2966 3995 1671 4177 3270 192
644 2244 2797 3251 4902 3151 3999 2668 1802 1918 1270 417 4069 4002 2737 4574 4674 3966 204 1668 3731 3995 4531 1474 1974 4214 344 765 4535 1697 2482 1143 4601 803 4050 4059 1658 1522 3717 4756 2083 3748 4642 1548 3352 2242 1243 3496 347 194 2327 2930 2145 4381 2301 2184 452 4174 4579 37 1729 2605 25 2996 4012 4229 3333 686 4216 1825 274 4310 2627 226 3007 2998 497 1504 2719 828 1460 414 885 2468 1020 2301 1177 973 1385 3270 2499 2479 110 3195 4862 605 2073 1012 4709 2134 3059 4578 3473 3296 4161 2633 1833 2528 714 3748 2138 1980 4377 168 106 2086 1233 3980 568 3628 3111 2760 2534 4424 2926 1900 3472 2540 4719 300 1322 2577 513 2474 1433 868 3112 4417 1504 240 2764 2996 507 1631 1985 2317 4665 2738 4004 2765 3409 2337 4876 3758 1387 2218 3194 2266 1430 727 1457 4573 4010 210 3014 2069 4275 759 3379 880 4048 42 3151 4849 3097 2100 2933 3025 978 1119 1422 1670 687 4043 4947 3211 4963 2858 2933 3764 2914 1646 3258 732 395 2424 3829 1718 3367 3501
722 4544 3621 1478 2033 977 2511 930 4933 2507 2852 1530 13 4833 4853 3260 2001 3151 3977 175 3348 1730 2650 2736 4214 2796 1344 4668 3069 201 1355 761 4216 3832 4373 3860 4368 2704 2569 1088 1215 4452 1340 631 2933 1360 1716 1714 3383 3834 1887 4758 2162 4756 411 3414 3754 2215 345 538 2837 4352 702 1832 793 2368 3911 2564 1440 989 4577 511 4579 49 2944 3556 1485 1232 567 2907 1387 818 1969 4295 3134 1607 4843 3714 1316 2410 1072 829 2429 451 3368 3573 3407 3698 3392 2379 4141 3098 2270 1848 1765 2394 1496 4535 364 2187 212 3839 3286 4112 4738 1228 3516 1447 505 751 173 524 4157 4397 3822 1423 4791 4158 1035 1784 2413 2409 2236 833 1955 2008 2321 1352 4416 1775 3749 3719 4584 895 1639 271 4613 1529 1288 3682 2939 3481 2286 2984 1208 2925 1852 815 3416 583 4905 404 3974 4831 4798 703 3415 4481 3681 1292 4638 1756 2044 3109 3110 4106 136 2658 985 1352 4148 3461 4394 1058 3941 2014 2893 2889 4288 736 2314 1835 3251 2341 3848 4509 1675 659 650 2579
2889 3461 3263 4821 2058 2421 2354 2769 736 1406 3793 2577 3545 2660 4598 3058 1232 1015 17 4777 108 1179 2786 1036 344 1344 1733 116 2034 3742 2199 399 2367 602 2730 2473 4233 2860 1796 2933 2758 4275 2339 320 1500 3016 2675 4680 3543 3517 1538 365 695 2794 3181 4939 4139 2431 2725 3162 2820 4240 2125 314 4892 4043 2201 737 1651 2532 2163 2637 1899 4669 35 2285 3884 4885 854 4334 4859 2708 410 4819 3723 4255 3824 2753 470 148 3883 3720 4084 4119 2509 2552 1566 3767 173 2841 1427 2231 3370 260 1810 3067 2962 4916 1061 2116 2301 2233 4194 4783 3833 3187 4038 4479 2403 4391 4931 4798 1769 769 2896 2067 1812 4232 3268 2691 581 4045 1571 4212 3004 1397 96 3467 1250 4739 250 519 4052 4531 626 201 2372 2748 1565 3585 351 4122 818 482 1040 2920 4044 2385 4097 4837 1843 1495 2252 4636 340 516 3025 1942 1633 3525 821 3587 1603 4427 3688 1587 4906 507 2995 403 1293 1650 1871 4803 4088 12 2014 1772 2702 1653 4642 642 3463 978 2644 1625 2792 14 2800 482
3318 3348 2490 3047 4724 2333 68 1828 4361 3827 775 3617 834 1981 931 2188 1903 3214 544 2321 199 2170 4618 3995 765 4668 116 1185 795 4914 4354 2524 336 843 3601 1015 2350 2881 4390 2107 4410 2696 2423 4068 3065 551 2042 1708 4418 1948 1782 4584 4551 219 1367 863 1152 3673 3776 3475 1165 2370 3171 4512 192 3214 1672 4178 3897 268 1768 2538 2059 1443 1747 3474 1347 2153 1154 578 4034 3283 3424 1246 539 2946 130 504 604 4413 1780 4423 3341 2365 4769 1470 1836 837 2406 2094 2698 1622 2142 1366 4127 3434 4240 1873 2758 2881 49 4397 1150 862 1557 123 1248 3983 3002 13 4937 696 4843 3346 4068 3181 2418 2598 3999 309 1808 195 97 2318 3134 12 2103 4385 3729 3846 1983 2646 3062 1362 2833 3843 3762 3688 2418 1684 3759 472 3224 4640 592 1474 2967 1876 651 919 3208 4140 1533 1959 1885 1066 1658 3592 591 2407 2521 3806 2976 59 3104 4068 2931 3680 4239 2632 1969 3983 1282 4362 1332 2166 4829 1333 118 4168 1508 2336 1494 4706 2534 2039 4075 4562 3379 667
443 2041 3218 4929 3735 215 1395 1119 2385 470 3987 3495 4786 3734 3204 2444 3831 1310 1086 1060 2382 3931 3701 1422 4535 3069 2034 795 2614 3565 4023 3556 3739 2936 4820 3797 2702 133 4142 4719 4870 2618 117 2348 4636 3696 3113 2953 224 924 1225 2350 4331 3957 1415 2085 288 1769 1796 471 1012 3133 1697 2393 4891 4307 845 112 3771 1183 1311 1281 907 1587 4880 1438 2287 3469 3044 4816 2527 4001 2583 769 1714 2231 3336 3892 3043 2089 4853 3251 4834 1816 2048 4088 961 232 4128 2878 2384 1381 400 4230 2257 805 4139 1444 4762 797 4824 4128 2166 4988 695 4639 4331 910 3343 44 2066 1013 320 3946 3688 2705 4491 2227 1651 4855 993 529 2895 1490 200 3789 137 1179 3260 2929 359 1027 1037 711 2290 1871 4484 3617 2753 2115 4046 4619 919 224 109 2758 2424 4639 2475 3932 3286 3695 1317 4064 2945 3790 1923 2830 2742 3647 2454 4243 2674 2640 3476 2724 1222 1265 2289 3614 2556 3879 1763 2695 2750 1819 2565 4972 2532 2663 419 3887 1556 3200 3823 4100 2321 4134 1321 1114
4046 4720 1057 3344 3290 1258 4451 1565 2968 1192 3887 4601 1451 4854 4846 352 2472 3025 2542 264 2835 3272 3950 387 1697 201 3742 4914 3565 1792 4986 3110 2452 2535 2746 1557 2131 4570 2928 1483 3718 4879 1712 3870 1628 1926 3827 3899 1869 4227 2270 2938 3689 4195 4856 4803 2194 4140 2447 2711 1415 714 3793 911 149 4226 2121 1538 285 1589 99 4212 672 1131 1480 3350 3900 3268 3743 2626 4220 3251 364 2679 3281 4482 968 1149 72 2762 1424 169 1567 1040 2806 1669 3110 1002 2645 4754 2305 2716 2701 3914 1865 253 2577 4521 3859 1708 3601 3516 2941 4079 1756 3145 625 723 3119 2929 4706 3720 4970 53 4141 4297 1841 711 1565 1855 4256 3892 1193 3980 909 4351 1880 4902 478 4820 2959 4077 4590 4488 2036 4259 1021 2311 4616 159 4639 275 2267 4034 3181 3577 2907 3802 2740 1247 2988 2994 2251 967 163 3705 1571 3536 4542 2433 4259 4831 4420 1534 2514 1223 1750 2866 791 4839 3288 4026 487 3676 4356 2973 793 868 761 4251 808 3711 2775 638 4150 26 4037 2050 3996 4391
2516 691 931 572 2208 2514 4001 1988 1387 1144 801 4097 2128 1527 1814 2312 1795 4376 973 4836 2100 1756 570 3750 2482 1355 2199 4354 4023 4986 1419 4734 536 512 1092 4326 2670 1715 3885 1643 444 1996 4354 366 3591 2503 2620 1366 3160 3505 4379 2920 4664 2638 2815 3567 4701 2588 665 411 1792 535 4178 3622 1044 1942 4284 236 1312 2240 888 1967 631 4357 3709 3860 3750 636 208 1066 2649 1198 59 2557 4932 3900 3738 2022 2089 3764 591 2488 1180 2655 3163 3447 3084 4914 2948 3926 2354 3887 1821 668 4253 4880 2408 1032 4882 3011 560 4780 3777 828 2305 558 60 2013 1911 3398 1983 18 1512 562 1413 3122 1615 1757 4394 301 4834 943 2697 1457 1584 674 3891 4727 1687 2624 2290 3948 1671 1613 1965 1044 3409 3540 1261 2843 3785 3113 2964 2079 2308 2084 1703 112 4275 997 858 165 2407 1310 4172 2831 3220 4379 2205 2814 2087 912 496 737 4993 670 4652 3827 3499 1516 3114 3471 1526 3310 3495 3654 383 2144 2767 3569 3106 334 1741 3479 963 966 1065 92 1719 4620
4647 4062 3547 3999 3616 3322 4182 3411 2700 3392 961 4502 4588 1859 78 1473 3355 2921 583 2162 3421 1955 2052 4182 1143 761 399 2524 3556 3110 4734 2356 2326 1707 68 1336 1929 1870 4160 3384 300 958 1747 307 406 3951 1538 1540 579 3399 560 310 1121 4175 2266 4292 969 65 2548 1475 4938 3959 2655 3568 2940 4239 321 421 586 26 4121 4177 1440 1401 498 2268 2871 3369 4385 2603 3256 4335 579 4602 4987 3533 1067 3035 3788 1603 3615 3730 456 341 3548 2699 728 3340 4805 3819 2041 146 565 3827 34 3004 1524 2320 226 1733 4467 1046 183 803 4147 319 1452 3728 182 4355 3496 844 3881 4163 4103 3307 476 2133 3883 279 3361 2962 1690 3850 286 2834 2115 1865 600 4407 1620 2011 4762 133 625 2987 3357 1152 332 1955 2757 4800 2744 2657 1043 713 2809 2489 276 1821 2566 2512 3104 4169 4264 1249 2265 2035 307 4767 753 4790 4170 910 3294 1839 2912 4105 2595 1252 483 4141 654 908 3520 1242 4786 4551 3472 157 4811 2429 3009 221 2074 2694 3085 4622 2634 1668
2224 4573 4752 12 3704 1692 2153 1711 1197 945 2617 1824 3189 731 2947 669 2408 2287 554 2836 4966 707 213 3217 4601 4216 2367 336 3739 2452 536 2326 499 117 4903 4326 3140 3658 1199 50 3513 3763 1607 123 4255 4664 1007 2632 115 4251 1647 4153 1580 841 3917 3461 3053 2512 3427 3426 983 2849 3190 705 3985 2365 2256 4749 1473 2914 2641 494 4206 3397 4337 2987 2587 1751 1953 1979 12 2487 3503 3151 2864 2785 3792 1257 3483 2194 4793 2120 1791 579 4198 4450 640 925 1030 3255 2417 1984 3609 1023 193 1678 2969 4362 585 2177 3832 1495 4630 3293 4678 668 1357 4818 3969 2027 1944 2112 1464 1212 534 3967 2882 4126 1881 3776 798 552 2547 174 3891 480 3563 1956 155 2321 4766 24 44 400 2681 3631 2684 4679 2220 3001 2649 3874 2222 4090 3820 360 1800 2593 1286 4046 1603 564 2017 3241 746 3382 4322 1913 388 1627 3140 2020 2308 1555 3146 151 4347 2926 2655 1790 543 1395 2334 414 2471 1559 1384 1092 612 1685 3991 3581 4914 2531 3403 940 646 1313 594 2729
2942 2925 2025 4647 4746 2810 2563 3640 3688 969 3102 3956 90 2015 4778 1575 3695 2283 1559 2339 843 2117 2130 1510 803 3832 602 843 2936 2535 512 1707 117 3599 1828 3444 2347 1624 1903 382 3380 936 1154 40 4210 4612 3570 3443 1516 2268 4946 626 84 488 1512 213 3771 2031 3146 258 992 2675 957 4782 2529 3744 4832 3534 4707 1351 228 1601 20 3522 1187 4629 2954 2677 3441 2748 585 4677 854 67 4442 509 476 3413 2696 2985 544 3311 374 3024 3979 3442 830 2642 3298 3383 111 474 3651 1451 2635 3466 362 765 3685 3734 3563 4779 1330 3012 2432 1111 1223 1924 4948 977 3662 67 631 2708 3799 2871 395 2134 4622 2985 2688 2003 637 617 3997 2371 540 1412 2907 766 1241 4436 1349 438 165 459 3141 3773 2698 2783 4106 1104 3587 2244 45 106 2959 223 909 2732 773 1901 3297 1582 2065 3447 4950 1501 2778 511 672 4095 1125 4965 1856 3728 2341 3537 3694 2002 4632 4475 2675 1700 4435 886 4645 1944 190 3280 4451 3337 856 2326 3398 3089 4855 4085 2360 1646
3407 1717 4689 4310 1138 2453 3664 3058 1467 1169 2266 4068 875 2969 1860 1387 3785 3752 2789 3233 4138 4803 2896 4177 4050 4373 2730 3601 4820 2746 1092 68 4903 1828 724 4690 1741 4022 3264 4467 4895 3545 3802 3491 4691 3150 851 155 1711 420 4075 111 2175 4147 2323 3920 1341 4652 4307 2528 2171 4803 4908 3769 3043 2625 4659 2005 601 649 975 3496 94 528 2635 2361 4019 4294 4884 2375 805 4626 1587 1525 423 741 3587 3708 4197 1976 2676 4106 209 2663 2060 1870 2216 1627 3015 4019 3730 3132 2539 798 761 568 3405 165 3095 3552 4190 2639 829 3565 4966 2723 3592 2104 718 3125 2249 1439 3609 1062 1454 2715 3751 1107 4059 1991 3828 1246 455 3946 1574 3054 1572 1443 1786 2430 2400 4915 1015 2583 1357 4715 1811 1596 1290 1764 4062 3590 4882 355 4877 4385 1680 1101 4558 3535 4607 4116 4228 974 2434 3758 316 3782 3870 1064 367 2325 1837 241 2636 3862 3791 4846 1152 2722 390 3676 1881 3873 4123 753 544 1200 122 2716 1012 1951 793 1880 294 2191 138 4155 1064 4644
2911 3200 3175 4214 3865 1448 4303 4408 707 2686 98 3850 1898 3680 2185 1214 1549 2382 664 4002 1396 3028 946 2154 4059 3860 2473 1015 3797 1557 4326 1336 4326 3444 4690 435 732 1118 3044 1134 4536 4577 4031 306 3617 729 2306 4386 3848 925 3377 881 2036 3490 3370 602 4359 68 4696 3350 223 2310 745 4566 2842 792 1892 2991 4397 2895 118 154 2322 4136 4058 1850 3142 619 4739 4299 788 2974 831 2020 1752 2722 4098 1029 3798 4133 176 4224 640 675 843 926 2078 4102 4293 2914 693 674 3737 2522 1924 649 4895 3785 1975 3410 3133 4137 4040 2521 3336 621 2434 2122 3593 2064 1361 2206 1864 4585 236 4454 3360 4408 985 564 3559 3444 2429 4550 246 954 282 2349 4904 1020 4438 732 812 1697 3482 1555 4188 3649 3925 3788 3055 1720 1744 4364 2158 1939 1727 2649 4685 1087 2549 4963 482 1499 911 303 365 1091 1334 2158 306 2927 2802 672 4993 3479 2834 278 103 3914 2512 3047 1044 3759 298 731 1584 3572 168 2623 4028 2715 831 3596 1616 2881 4828 2511 4119 4409
2989 2570 2983 629 3802 2356 1192 2725 1921 1749 3973 2068 3811 2125 4978 3703 2188 1048 614 399 4178 921 4927 2591 1658 4368 4233 2350 2702 2131 2670 1929 3140 2347 1741 732 1154 1776 683 1618 2429 2652 226 1253 867 1853 4193 2117 3657 724 3532 673 2471 15 283 4345 4233 2259 2906 2449 316 3421 102 494 2120 1159 1812 3008 4707 2459 451 4385 2822 3341 669 4434 2868 4790 3756 3334 3019 11 1899 3283 3599 1686 3044 1984 1646 1343 1955 4074 3953 2423 729 2224 279 687 1954 1840 4137 2500 2616 4842 2751 3554 1326 2374 177 4073 4687 4438 377 4070 906 818 4588 4940 4991 2013 1207 109 2191 4183 139 455 312 4072 4393 4045 1859 1279 2285 2638 3034 4289 367 2493 3331 4518 678 383 2792 4385 2908 4121 3592 4796 4971 733 4075 613 3062 4402 442 716 3175 3568 4051 1606 4853 2838 3392 139 4904 1684 267 778 403 939 4013 1724 3592 318 4367 1991 4779 722 3396 3062 250 817 4222 2353 169 1172 1716 3897 3204 183 4206 1228 292 2380 3880 4884 1013 1008 704 2974
1883 1235 3492 3623 2248 1584 99 1596 4174 4510 3616 4156 4315 3069 1303 3485 3119 1670 1118 4212 3307 2252 3177 2892 1522 2704 2860 2881 133 4570 1715 1870 3658 1624 4022 1118 1776 2946 2851 1956 2767 342 1410 4448 4148 4455 142 1962 2548 1314 3996 2036 620 2668 1062 247 968 1389 1527 581 4662 1602 636 4416 2324 4624 1735 1419 1254 3054 3357 175 4965 925 1316 222 3120 3470 1394 4790 1857 1195 4352 1227 1876 1669 3607 410 2302 1184 3501 4980 3930 2463 3533 3267 1469 2650 3901 851 493 4419 3791 1073 2538 3489 1670 685 1875 3061 2456 3863 3195 2370 2954 2147 2834 1334 4923 4736 1164 729 1214 3327 592 4579 3831 1235 4122 2783 4769 3020 3886 741 2105 4282 2971 2915 4421 739 1701 456 1698 2968 2220 2828 1551 4552 3020 4664 2342 1219 42 2253 1319 3933 456 1191 543 2167 1822 2416 2442 2510 3665 2367 3094 196 264 1666 1360 3258 59 2829 2688 540 2956 736 3127 3013 3337 4529 3596 1382 3530 4042 3171 4314 4773 4977 1068 2570 3647 1135 4203 1610 691 1356 2007 793
4516 4424 2949 3726 2583 44 2794 4177 4421 3076 426 4408 2542 1005 2318 750 4090 1957 3160 3993 1212 1736 3502 3349 3717 2569 1796 4390 4142 2928 3885 4160 1199 1903 3264 3044 683 2851 657 2181 2081 4453 3817 1242 3978 2547 1454 1219 1397 3955 4064 980 2119 4451 663 3811 1759 4000 4893 1375 3341 2549 1890 3891 2032 2702 2907 1287 4387 1864 4971 1869 4250 290 37 3678 2347 4311 4133 2902 3361 4192 1029 3850 3620 4904 109 1945 4070 4734 3786 3809 2270 3358 1510 280 2424 1161 3655 1617 2767 1935 3474 3297 109 2837 4788 2959 232 3377 1463 3538 3571 1640 4703 580 2197 2778 4796 3005 2623 4403 4617 2588 1015 2546 3254 3030 4875 487 1658 1148 4232 4119 4820 2469 339 2258 2898 2669 153 2537 3426 1943 2891 1096 2555 1529 2041 3181 4382 1091 369 4663 682 4959 2973 1303 1522 397 2568 2305 3585 2617 4915 3616 913 2831 2127 3206 528 1169 712 300 4437 4032 4244 3968 2578 2485 3809 3059 2374 3870 4197 4208 4012 2539 3273 4288 2526 4347 4571 2812 2256 4930 4021 2692 3714 800
2615 692 1446 4314 590 3826 827 2433 101 2308 2589 515 1861 1459 477 3919 2279 1834 71 2684 1059 997 1328 2745 4756 1088 2933 2107 4719 1483 1643 3384 50 382 4467 1134 1618 1956 2181 4520 4360 4286 3996 4954 2432 2733 2447 1574 4762 1683 2599 2160 2607 4030 1014 1254 1512 1448 2864 2251 2759 2409 179 2199 1400 31 2162 251 3830 1685 129 4432 570 2659 3818 425 3507 4546 2112 2791 2937 1633 4025 2876 3120 4412 3939 3148 1186 3032 3612 4795 2035 2781 692 3844 408 3668 2955 687 1111 3126 4202 1060 3310 2123 4218 2808 3546 4226 3455 4849 1405 2172 4275 1772 136 4271 1443 4758 2116 3993 1056 560 4940 2902 1163 2322 1962 144 1201 1786 1497 4808 4092 435 4271 3451 1977 4669 3366 311 4240 3365 4577 731 2749 4242 3619 1937 2823 56 3397 1007 3260 4214 3028 1907 1958 438 4561 460 3005 2426 2629 4060 114 4446 3752 572 2608 3576 4970 2973 4436 4874 2637 3915 2254 2514 1648 2018 302 2736 499 4307 2673 4232 4096 1616 1255 3291 4237 2894 2412 3524 1564 106 2127 2818
