N: 200
M: 100
Symmetric: true
Triangle: false
1 99
3 190 133 44
2 146 173
2 58 9
2 156 71
1 189
2 142 120
2 46 113
1 137
4 107 187 160 33
2 83 139
2 22 90
1 82
1 69
2 32 66
2 79 138
1 10
1 103
1 2
3 23 166 59
2 152 80
5 88 170 174 182 155
3 53 118 60
1 198
2 51 157
2 14 18
2 148 177
2 92 36
3 30 24 73
2 153 52
2 17 121
4 129 178 123 62
2 38 54
1 11
1 110
1 105
2 61 75
1 93
5 111 21 144 147 29
1 136
1 101
2 162 150
1 13
1 64
1 4
1 85
2 41 8
3 161 185 50
3 19 184 45
2 26 172
1 31
1 127
1 126
2 145 169
1 78
2 25 28
2 167 149
1 179
1 132
1 89
1 159
2 180 115
2 76 39
2 70 100
5 192 7 43 193 119
3 108 200 134
2 86 106
3 175 47 20
1 188
2 98 196
2 3 12
2 91 199
2 65 6
2 94 128
4 114 16 48 35
2 27 87
4 109 140 56 49
3 163 181 168
1 183
1 68
2 176 130
1 74
3 67 186 197
2 72 125
1 81
4 40 191 34 95
2 112 151
3 141 77 165
3 42 1 37
3 5 63 57
2 195 135
2 154 143
5 104 124 131 55 171
1 164
1 116
1 158
3 194 117 84
1 15
2 96 97
2 102 122
3177 3228 4844 2275 228 3289 4084 2497 4021 2302 3566 2321 1797 1062 2037 2490 1496 1177 4851 958 2069 3421 4153 2198 1506 2584 3712 4616 2037 2638 3954 2528 1997 4356 602 3192 4341 4684 1558 593 2583 1834 3354 1852 127 2653 3435 4836 918 4818 1183 859 1053 3588 2666 4275 3778 1525 2305 1308 3005 1267 1060 804 189 2448 4899 4493 4459 3182 3168 3023 1547 4781 294 4634 3714 3251 3193 3399 4873 704 2220 1131 1743 2679 3110 504 460 4163 532 2929 827 1986 3860 4611 1085 4000 2539 941 1595 3543 286 2246 2760 4519 3426 4158 108 2057 2775 4567 1745 2339 3384 3146 3908 1076 1812 4405 3239 3984 1250 734 3474 3227 1081 2297 1629 2936 919 2058 2824 1904 688 4064 2053 1302 3908 1188 779 2798 3422 912 4017 1026 3953 4485 3350 3419 629 4811 535 1309 3680 3486 889 3927 2200 143 2538 1518 3974 4618 2829 4431 3073 4223 3670 4619 2106 871 2188 1377 1498 4300 2883 2428 309 2128 4562 1930 2794 3986 271 765 3836 2177 4907 4762 3476 999 1502 4727 1050 3046 534 3339 3852 1699
3228 3806 2948 1281 1267 1763 2050 2362 1217 2094 3865 4187 2845 1557 4872 1435 3757 658 2895 1288 3031 1183 4786 1635 805 4316 4610 3197 1452 4579 4702 4383 757 3399 2919 4096 4006 3869 780 4150 3229 4103 1801 3379 243 4987 608 1429 3539 603 1762 1463 2380 1168 1138 4166 185 3303 2983 158 1331 184 2987 3603 4905 1325 2469 560 2208 295 4429 505 3347 3570 4288 4313 1284 4644 3931 3825 2552 2712 4608 2073 2035 4043 4315 3434 1007 4372 2119 4615 3945 3637 2476 1204 4151 1276 1123 4355 1948 3635 3467 1900 4815 2555 874 915 960 230 1476 4361 983 734 4907 1254 3912 750 4698 1819 164 2986 3074 2329 761 3189 4721 1412 2198 3084 4688 2741 1385 4026 116 1256 3192 4778 1490 1379 2596 1665 4041 2564 3155 4995 3395 4857 3955 1415 873 4628 1760 4086 2009 4643 113 2514 2802 3717 1686 2234 1847 1163 2846 1113 2135 3510 4556 3988 2855 1209 3931 1150 416 3990 2250 833 3278 2840 3436 983 93 3892 4212 83 4548 2716 4704 2760 1083 1439 869 3415 1388 3607 1863 814 3148 2498
4844 2948 1448 3338 4223 4212 1249 3805 4327 3504 4223 2687 4163 3328 1595 24 3025 4428 2857 2107 2905 4328 4425 1110 579 3361 3177 2524 69 2072 647 4162 1251 4109 1022 840 4406 1566 58 4552 2791 3525 3181 3741 1164 1629 2293 2631 166 2940 2078 3841 1907 3819 2888 2292 1648 1538 1383 1582 398 4888 4829 895 1997 2549 4897 2467 529 3716 4528 422 2834 2791 3271 462 4259 313 3712 1004 2971 4292 78 3544 1959 2954 3215 2987 1413 2351 2097 950 2639 4497 3761 3463 1197 811 4476 1811 714 234 219 1280 1206 4544 2259 4909 2978 3054 4974 478 2143 2849 475 545 2912 3307 605 1235 2779 2148 1155 3768 1307 1429 1059 508 2903 2199 262 4206 4366 3871 2814 2328 3124 2668 4604 4915 2935 1772 1822 4623 517 347 1620 2416 2485 3947 3353 3611 1069 636 3269 3810 2202 116 4773 1703 2268 4716 611 1618 2888 475 713 3807 4027 327 3750 3101 196 159 2172 3070 4651 4449 4860 4322 802 3098 716 1063 1402 404 3951 4967 631 668 1113 4927 4545 2270 16 3567 1106 3972 4708 3546
2275 1281 3338 2859 525 1708 464 2290 264 233 3921 4109 1242 3687 2874 782 3711 1847 2800 674 170 414 1442 4826 3655 4521 3024 4614 4258 1646 3155 487 3391 4743 3098 46 3426 1923 4466 3408 1701 1837 112 1885 3421 4090 2726 3315 3732 2315 882 2592 2052 2856 718 4876 1049 2118 106 4532 4891 108 853 3058 2351 1179 3986 4467 2682 2126 4847 1308 1774 3257 1885 803 1655 550 1935 2470 2321 3024 4327 1754 3024 586 4961 4831 2930 3644 4848 4876 205 2089 309 930 4953 252 4197 3978 4002 3900 4480 3492 982 822 3494 4858 990 3668 1247 195 2438 2233 3684 4102 4446 2943 4428 1686 547 2793 822 3118 1689 3764 2418 2205 2209 1331 3586 375 4303 2107 142 2800 3620 1427 79 2405 2781 957 1178 1983 2548 1953 1222 2852 2369 2160 1279 2217 3697 3934 1981 2445 4068 234 1747 4768 4824 2528 1815 2414 3611 1802 3771 4003 4971 2287 1025 3622 2948 4949 2380 1532 4126 3359 2935 2454 472 4075 4107 4200 3077 1481 4808 1477 4337 1975 2722 2908 1900 2486 4267 4427 3971 4670 239 3156
228 1267 4223 525 1825 2897 1442 717 73 2626 21 611 474 385 4308 3863 1993 4939 4532 1723 4726 2156 2432 1379 3294 1310 4519 1612 1454 1759 3171 3034 2918 4130 2909 3530 983 2986 4386 1412 3489 2825 4654 3581 1826 3491 235 4204 3366 2355 2428 580 1173 2564 501 325 4080 619 4854 1912 3556 2598 448 1729 2681 2148 4701 2688 2365 1734 3071 1237 4034 810 2589 4971 3809 4554 3054 4369 4443 1069 2596 4558 4723 3938 1415 4621 235 130 4651 2983 13 4209 4587 3606 830 1105 1541 2062 1918 2522 2293 4672 1221 1971 126 4589 803 4967 888 881 4495 3854 4218 4916 4337 4470 483 3437 1019 4142 1576 2261 4902 4864 4357 147 797 4595 3381 4151 66 2349 2539 3077 62 3159 1632 4514 746 2962 1331 3208 2621 867 862 4998 3936 3343 254 1411 4844 4552 3062 3143 4123 4212 2307 2023 358 4390 3900 801 4395 2800 3542 4314 1527 4510 3753 2508 1745 958 3203 2573 2283 3277 838 1011 1056 4934 1474 3472 571 4274 2699 4507 2569 3134 2840 2504 1777 396 2860 2660 4296 1367 666 1040
3289 1763 4212 1708 2897 694 3998 4286 4175 2240 2393 3034 2919 1551 2704 3752 1762 4534 2031 2021 3477 4295 2068 871 145 3875 368 1601 862 480 1553 3975 3666 3903 775 4993 875 4701 4959 1342 432 1450 1208 4156 2507 2293 1591 849 4265 2417 4475 3844 2521 4553 2400 1375 439 2736 3151 1036 155 4367 2533 1168 4398 4882 3195 1554 3130 1335 281 1232 1206 3416 2050 3337 2265 4430 3278 4739 1948 4958 882 547 3901 335 3740 635 1491 3099 1200 4849 1143 3223 2034 4654 3866 4125 2178 1063 311 924 4758 222 143 3514 3397 2452 3234 1728 1588 3122 4406 590 1756 2367 2457 3723 982 2725 703 154 2691 860 184 990 3320 3439 3374 2559 3755 1531 3903 692 3842 2271 4551 1180 2945 3642 3562 3182 3687 1702 2010 167 4729 2115 2355 552 2636 1256 4880 2425 2975 2846 567 3013 2107 2574 3167 1200 933 4337 1543 29 4155 2611 4678 2297 1692 4062 783 4300 3699 69 1374 2162 30 2561 363 625 3607 3392 853 1097 2205 2775 3565 2320 565 4889 2172 4064 2490 4385 1113 1663 4044 1418
4084 2050 1249 464 1442 3998 824 4281 3443 3192 365 62 3824 2209 1796 2247 286 529 4793 4013 4908 3024 3078 2157 2916 990 2470 2690 2246 4231 3961 4209 1887 2109 1860 1988 691 2554 2320 2088 3608 4961 4304 1500 4274 1316 2996 4127 3878 1702 2310 492 604 2132 416 4287 4255 3341 1826 1533 3698 3251 1882 1795 2433 513 3356 3841 1313 4921 3484 3795 502 1641 1203 1604 2095 4927 2282 3365 306 1952 1693 41 4120 609 1025 1770 2880 1778 3922 3287 4513 1907 2153 3788 4628 129 1803 887 1447 2603 586 4904 554 4251 2706 3234 4990 3339 1488 4253 3418 2114 739 3415 1549 4023 1174 1860 3675 1530 3656 547 3488 4146 2490 694 1481 4256 2941 1986 2454 439 457 1545 3668 222 3111 4265 1491 1197 2307 2916 3484 712 549 2834 4020 1899 3352 1622 2071 2213 962 2012 2055 4256 4188 317 1238 4068 1666 25 4627 3783 4504 3492 1755 4615 3886 3161 3562 2277 1590 3138 2993 2821 3207 4622 2654 1897 3147 4948 1398 4569 2096 2657 1402 454 1551 1089 3088 2213 315 719 2527 1091 2550 3886
2497 2362 3805 2290 717 4286 4281 987 4022 1996 4742 3161 1095 341 911 1382 2748 1119 4442 3950 797 1335 813 1596 2347 4735 4734 4587 2510 4552 1215 438 4667 3764 3927 3042 2350 1780 1372 62 4443 2333 3476 902 230 4065 1458 2789 2756 586 3607 900 3794 4724 4288 2780 4494 1463 3233 3563 819 203 428 2669 785 1898 4433 3904 4959 740 3959 3462 3068 137 3976 4259 1369 2598 3171 4661 82 867 2812 3959 2991 2166 4283 1615 2629 1256 4552 2585 2535 4390 945 4437 285 1071 3363 312 651 3364 4157 1469 2961 3451 3256 3645 1512 4903 1824 1852 1104 1494 2859 3920 1832 1765 1118 4443 3847 155 368 1048 4515 4002 2728 3522 4262 516 4126 827 4998 2611 1653 3108 269 284 2775 2034 201 4288 4760 4293 732 4135 2610 72 3894 1222 3240 1030 1737 665 1617 4016 1878 2924 1160 1227 210 3635 4774 761 2406 2575 4541 2158 753 3244 57 3917 1275 3902 16 993 2963 1053 4395 2925 161 482 2774 83 1638 4171 2193 3178 2600 14 366 4077 4707 1214 610 521 637 2944 3609 143
4021 1217 4327 264 73 4175 3443 4022 4706 1383 3027 3930 1536 4886 2172 4094 3345 4659 3316 2485 4670 1334 3803 2008 3921 2648 297 1227 2930 938 3540 4218 914 3083 4064 688 2442 171 4956 2303 4672 4257 2313 1447 4403 4174 771 898 4738 2399 2581 1856 1281 1582 3766 3661 2778 441 3985 896 527 347 4720 1044 2161 4934 2925 1214 843 990 4401 4307 184 3844 3024 2449 205 1589 4274 192 3381 1524 4205 1961 2188 2439 1922 498 2318 4853 4991 2417 2742 3740 2576 871 4933 1763 1026 279 1329 4638 1528 536 2532 3707 3628 4146 2217 1154 3066 3595 3999 2949 4675 2724 2620 3191 258 183 94 4343 2995 2190 1620 3704 3145 2851 2309 4464 1719 1648 1682 3482 4350 953 3857 4361 2055 350 3529 3321 1370 979 4628 1294 1195 3448 2041 212 4223 1372 1225 2888 1812 3674 3924 3180 4077 1274 1933 633 624 4617 2921 1797 2225 2486 3397 1027 3956 4938 2765 4384 17 2076 3150 1743 3557 4041 4455 1956 83 1578 2137 2573 3664 23 4861 4016 3936 2752 831 2738 1255 4164 2713 137 4677 674
2302 2094 3504 233 2626 2240 3192 1996 1383 1958 1599 1859 3210 1741 4704 3124 4728 4813 3572 103 2435 3481 4580 2218 2845 109 4961 4343 1865 3890 3324 2966 942 3131 4761 1328 4696 3577 3248 3938 2380 2681 4842 2852 4331 976 3398 3192 4986 2548 381 3165 3200 1561 4113 4371 1212 2311 2254 3272 4387 2126 701 1145 757 306 972 4112 1369 1843 3850 545 3840 1145 1029 328 2144 1809 4881 899 488 3148 264 2787 2641 2543 1312 3065 2513 1698 3834 1961 2291 1818 1886 1154 4446 723 2744 1144 3547 2734 940 1406 1074 142 1875 2210 3315 1747 409 3693 475 398 1912 3520 1588 4053 4676 569 1549 2527 323 4156 825 2087 4447 410 4784 2901 2713 4100 4591 1248 3832 265 3414 2356 674 3135 4008 1070 4150 2084 1978 331 73 1025 2444 3615 428 1534 1578 1073 2308 3857 319 465 2652 4754 4659 1916 4898 674 242 348 1265 4158 2978 223 1792 3502 2846 2056 4005 2838 1766 1871 353 1448 4561 1152 4243 1723 4508 930 1918 1477 1277 1458 2022 2903 2330 1928 4531 1721 3297 1948 2614 710
3566 3865 4223 3921 21 2393 365 4742 3027 1599 1601 4832 1612 796 4839 3582 3980 1135 2862 3990 2078 4763 1083 429 118 3767 4084 2791 2258 2072 692 294 3729 1520 133 1900 2499 2591 4646 2714 748 3101 845 4801 4529 321 3256 2763 1135 2043 3403 602 1737 2239 3117 3304 1982 243 4002 1483 4711 4612 4748 4346 4413 3371 346 1819 4324 344 2621 1948 2334 2578 1292 2339 2774 740 3139 2594 2021 2134 3592 3668 4597 656 1527 3261 1456 2634 503 711 4933 2019 1045 4119 33 730 1758 3918 319 1747 3493 622 1284 1650 658 3017 4473 4009 1057 2295 2277 3885 1298 39 882 2658 3167 4502 4317 1661 1269 1375 58 4969 529 4937 1674 4121 1996 3240 2943 700 601 67 4733 4757 2728 1196 2561 4693 3569 4333 1212 3059 4396 2184 2990 1749 1247 2261 2883 1115 645 1777 485 3580 1910 1154 4678 322 4924 2491 359 575 1743 3198 4906 4552 2643 2448 903 3081 3104 28 2094 949 3656 2233 2788 4950 4675 3419 3292 1422 4943 570 4257 396 2815 949 962 2288 1582 4339 3731 1603 173 1067
2321 4187 2687 4109 611 3034 62 3161 3930 1859 4832 84 483 4104 1021 2737 3375 2469 1376 1651 905 3855 1733 574 31 2730 4893 596 406 2801 2683 4041 1442 86 4630 1154 1454 3422 449 3914 2499 990 2887 1527 3391 4013 4136 2580 2535 41 1650 806 2621 2058 2667 4491 2662 2406 494 3117 894 1137 1651 4098 1152 4034 4432 2937 3805 1615 3322 1243 3063 557 4321 4403 3881 3238 1493 613 2290 2783 2225 1844 4988 320 3023 1844 4118 4489 1803 1877 122 1162 2096 1826 3616 4905 4057 2297 2023 2941 4602 4557 4820 4876 4838 1043 1999 3651 1668 3824 1544 1612 4615 645 3964 52 4956 1367 2571 3446 4026 2352 1250 4899 2755 2544 4788 880 4915 3452 4111 2969 1499 264 1216 1619 3328 985 1929 81 517 3695 3518 2291 1192 3499 2920 455 2459 4099 1306 2774 3487 4403 972 2713 3704 128 1779 2733 1284 4285 3462 3159 3214 2194 2903 4500 4659 3750 3537 844 2326 2209 2901 3005 1307 792 947 2378 4737 4091 3183 2968 3551 3503 4507 2253 1408 182 2077 859 2700 1167 524 3841 3417 1644
1797 2845 4163 1242 474 2919 3824 1095 1536 3210 1612 483 2792 2214 3248 3133 2550 580 215 4692 2828 4451 2869 3520 762 4843 4404 4787 2151 1904 12 1345 4808 704 2278 662 3596 1079 3763 3637 1879 126 4245 2286 2971 3882 2283 630 1321 2637 1157 66 692 132 2770 3394 4221 4712 3329 4396 2821 2317 2846 1586 2464 2803 3546 1347 135 557 1408 1213 3517 291 4474 2416 2678 2052 4134 2221 3769 2579 4628 1285 4858 4863 3356 1675 2478 316 3369 268 4891 949 3693 4731 4876 4164 227 2712 2103 2906 2213 1529 2621 3040 299 1421 2571 4801 2185 415 71 2419 332 4427 4032 557 3813 1278 511 3113 1672 3170 2670 3884 1887 2734 1106 4762 4124 3425 4999 4884 786 4743 551 2031 1688 4434 3024 3121 483 3966 2822 48 3352 3834 1796 2075 3742 4169 701 2641 1745 4503 3968 2825 3542 4890 1139 1881 2769 2660 1361 57 3179 62 4848 3668 3501 2475 3585 421 1371 1827 2756 1912 618 4127 528 1297 4087 4731 1243 907 4271 2381 2359 4226 3373 3493 1357 4981 499 3358 1672 1217 86 4190
1062 1557 3328 3687 385 1551 2209 341 4886 1741 796 4104 2214 2526 3952 2805 3575 1508 3307 3394 1916 4303 4148 4874 2195 4676 1074 2871 1326 1721 2301 2178 1114 4134 4135 3241 4131 2789 4173 4592 3392 4907 4189 3476 3750 2248 3639 1294 4315 2440 779 580 3922 1786 2980 1478 2277 2358 3044 1167 2814 4051 3525 4311 3048 1118 2239 1247 1020 4671 3504 3797 2993 568 4897 3346 4753 2932 4670 2419 2675 1520 3113 242 2539 1936 1922 2296 4042 3933 3498 2081 3401 4130 3324 54 4457 4795 1304 3738 2861 2866 906 4974 4523 67 4993 3179 4137 838 2959 1037 554 4298 1870 3911 2994 2346 4374 4823 2990 1803 563 1756 4648 1584 4192 1369 536 1732 824 102 1980 2044 3012 886 4635 4311 3392 1789 1367 22 2823 4372 2056 2470 1562 252 244 104 4871 2693 3719 1228 2334 2003 3292 3606 736 4267 236 2642 2493 3531 1243 1217 3262 4216 4811 3866 3150 1412 483 334 141 4516 19 2954 1592 3279 3785 4953 1453 2927 1371 4809 1128 4866 370 4377 259 1658 3322 4408 226 812 3857 4310 4104 4629
2037 4872 1595 2874 4308 2704 1796 911 2172 4704 4839 1021 3248 3952 1577 4508 3733 1593 743 363 3686 3956 2550 2316 2524 1906 2910 530 4927 1012 4162 3402 3189 1128 291 2517 239 2497 423 640 794 582 1049 518 2310 1541 3307 4162 3199 1529 2799 1349 3462 2798 524 2476 3928 353 3147 1477 1766 3598 3519 3396 2424 4467 650 4593 3848 112 4673 1616 1216 4945 1519 2336 3959 3975 1713 2913 584 3512 4420 3863 331 3747 4259 1907 1047 1685 438 1601 2082 2594 4464 4377 4406 1962 3865 2098 2375 1504 193 1332 2177 2990 3101 1390 4245 3710 1113 1457 2548 2258 1463 4957 3571 4722 2737 910 516 2761 4216 3681 1764 2075 2150 754 3204 971 194 3352 4279 2617 282 774 3284 1411 1254 165 566 3798 3933 4817 1047 209 3362 3491 2224 706 2971 4788 810 4849 1717 1545 4769 3108 3641 3092 3970 3373 3450 2062 3683 2742 22 4655 636 1996 1614 3479 2565 2363 1226 4833 643 36 419 2282 4910 1074 2550 2933 3589 2086 2631 4684 4442 3669 517 3839 2149 1734 4238 4247 601 3220 4799 897
2490 1435 24 782 3863 3752 2247 1382 4094 3124 3582 2737 3133 2805 4508 1982 4029 4438 3470 4517 4520 3331 3398 2831 2429 3032 3067 243 425 3641 28 4045 2619 4289 1171 1146 4620 1442 2606 1518 2418 4381 2942 2769 3685 2069 2853 238 4472 4195 2578 4012 917 314 2227 751 2149 2327 1664 567 4808 1969 3327 3022 1890 4096 3891 386 953 3657 1717 1784 4578 4209 529 2912 592 4439 4910 2681 163 3047 191 2313 1326 4544 4040 4937 1565 3325 1177 1939 4999 3400 216 3328 2723 4300 3546 4745 2824 1144 186 2837 4617 4545 1072 464 4208 4435 2669 4929 130 3701 4446 669 1582 915 495 1943 4810 4322 1670 3989 3063 2397 3737 3326 2004 1072 1768 581 3495 609 1446 4480 1645 4204 4470 3336 4870 2467 3029 503 4286 1808 2558 3373 1601 1970 137 2349 4319 1076 2431 1577 954 607 4930 1513 3738 641 2738 3676 3587 4675 3688 1829 2667 3481 1338 1616 393 4171 1261 3142 2529 1138 1184 3137 4686 3330 4194 218 2081 3498 1135 4691 4650 1150 2999 3576 707 3085 2314 4135 2410 1967 2557 822
1496 3757 3025 3711 1993 1762 286 2748 3345 4728 3980 3375 2550 3575 3733 4029 625 4242 1950 3972 1168 2565 117 3769 241 3750 751 1820 2280 164 18 1119 2066 2461 1498 3333 1264 1249 4680 4239 4922 2175 4556 4649 1816 3802 3044 640 1217 1304 415 261 2354 1545 3374 4616 790 1166 4494 2491 3274 599 1159 3953 3590 3177 4654 3410 3687 1071 2320 3254 195 2970 2102 3481 1373 3791 1495 3599 1724 1923 2889 3423 1711 3305 2319 1312 785 2924 230 180 3594 4788 546 3189 2885 841 3795 226 4477 26 4441 403 1318 1137 3071 3709 1173 686 3287 3954 187 344 4288 4251 4285 1026 4194 4696 769 1117 4488 937 3463 1083 4618 3326 1030 4261 255 4262 1025 2817 3985 3839 140 3734 2488 1807 3820 862 3134 4584 4546 2597 3486 3680 769 4690 4425 4648 1612 2423 2266 3010 4320 4953 3003 4593 3951 110 511 1654 486 2004 4736 4729 2766 960 246 4310 2155 2026 195 872 591 3870 4721 3663 624 4901 3720 992 1486 4373 4754 3855 3741 4957 1402 1120 1065 4858 3531 3688 2479 4536 290 2402
1177 658 4428 1847 4939 4534 529 1119 4659 4813 1135 2469 580 1508 1593 4438 4242 964 4511 4100 3062 4533 181 2162 2034 2816 4905 789 772 3132 3482 3300 1383 3115 3793 3551 4728 1814 320 792 3884 520 4057 3322 228 4227 716 769 2158 1729 97 1061 2335 4465 1455 1808 4800 4035 3439 1325 2261 912 2923 3291 269 2893 1453 3006 266 31 787 2409 4128 3116 2496 2235 4770 867 2682 3153 789 4864 3088 4817 3834 557 2882 1678 3641 818 2813 128 2967 2331 3154 1159 1138 4591 730 2225 3083 3907 1667 2085 423 2497 3956 3840 1457 1308 4076 2038 4773 4203 1289 1242 1652 2287 3779 63 873 2004 1776 2564 2505 1022 959 239 1937 2747 2409 3698 4967 2315 3362 2857 2947 1894 485 3866 192 804 1296 2215 2187 4251 481 1985 3592 2343 543 459 421 4364 94 4987 4498 1859 3579 3046 960 2624 2096 2527 607 2062 4244 3320 19 2155 1912 118 1258 680 1120 2312 3809 4947 823 39 1562 2066 501 2029 958 2954 3589 888 2347 4611 3169 1961 2582 3482 2856 4714 37 1574 1152 2943
4851 2895 2857 2800 4532 2031 4793 4442 3316 3572 2862 1376 215 3307 743 3470 1950 4511 345 2910 1536 4683 279 717 4737 2097 4229 3268 4776 655 3754 4311 903 3908 2574 4899 2507 366 4448 1779 4193 4514 4198 4362 3815 1746 2242 3709 2654 4287 3219 1954 401 976 776 1821 1776 4404 2360 2438 3995 4840 4692 2372 1842 474 1921 1580 973 654 1191 3676 2315 1676 599 3540 95 688 977 325 4052 3852 345 4809 241 3354 1342 33 3038 1664 885 4840 3742 2381 338 1772 1207 1603 3444 4338 791 4016 1344 166 3783 2623 3752 4657 2628 647 2531 2055 21 1415 4108 1371 1954 1024 632 2153 606 2442 3061 1426 3723 3929 4305 1409 83 3047 1568 2402 1133 3346 4717 2835 896 4135 788 1018 3691 1061 3000 1422 56 4047 2726 3361 478 4970 3308 1932 3910 3968 1773 3180 2524 3500 3212 3016 1450 594 1297 2730 474 4583 4100 3311 3180 427 3509 3245 4511 4657 531 3135 2497 4991 3955 376 2453 2466 3891 2976 4443 699 609 1513 541 3066 138 68 1399 4550 2758 1056 2719 1869 4074 2955
958 1288 2107 674 1723 2021 4013 3950 2485 103 3990 1651 4692 3394 363 4517 3972 4100 2910 1348 783 3952 2428 1416 4157 2687 1836 797 4571 989 2256 3578 1765 1650 586 1413 4426 1139 3724 357 3741 1204 3577 304 1841 4786 3684 1903 4228 4382 4853 553 2191 2479 2502 4842 3776 4693 2921 15 766 1866 3109 2297 1945 2764 4674 1098 2345 4918 3805 4936 2466 955 637 2506 1833 3000 3253 4511 713 2044 2242 2040 1358 2933 4388 1826 3555 3146 1961 1647 232 1783 2154 4728 1754 1672 1449 4560 3970 3021 1721 4996 2390 2019 4074 2645 2533 4986 3699 3467 472 2993 806 3725 4115 4008 960 2428 1368 941 2176 1152 4100 3453 3092 3150 4240 1188 2484 3142 738 2634 2144 3122 2897 1402 2456 622 4576 3060 2148 1068 2190 2497 2682 554 4047 2374 3515 1102 3073 2937 1181 403 3968 2062 1569 931 1923 4331 1869 3797 1332 3055 3288 302 2101 3084 4843 1024 2355 4022 2766 415 538 3127 1701 1892 3325 4391 1404 1217 1565 1494 1684 3156 1407 439 941 2346 436 757 3870 481 645 1876 4860 2821
2069 3031 2905 170 4726 3477 4908 797 4670 2435 2078 905 2828 1916 3686 4520 1168 3062 1536 783 4004 3297 1843 2737 2692 3913 4842 750 4332 2877 1440 957 72 2410 1493 3093 3337 2962 2046 4898 2647 243 2172 3098 2435 4729 3169 1799 4102 4921 3044 3802 2424 4040 2394 2954 1427 3528 3366 2323 73 2473 4792 2710 583 4999 1972 1120 4612 1859 2022 759 851 3393 1621 2519 3657 943 1467 2080 4692 4220 358 3736 4266 3537 1586 3042 2065 177 2844 3138 3479 4141 1282 2274 2003 3979 3442 2892 2756 1575 368 416 3965 870 2650 1484 1234 78 187 175 1157 2878 3715 3506 2297 4644 216 2909 27 167 3725 2037 4493 110 3072 1814 3231 2556 901 755 4178 4812 163 828 1142 4993 4991 1436 1421 1545 1333 3629 4893 182 4054 2813 4652 530 4857 274 3355 4078 1133 826 2935 3694 2209 855 4517 3953 1417 3103 4021 2829 4667 2562 1021 4089 3313 2727 2388 1871 3478 2526 4267 933 3928 2584 3281 2205 1265 3752 986 869 3340 3391 4884 1340 3748 57 2288 3450 1326 1493 254 1810 3486 3711
3421 1183 4328 414 2156 4295 3024 1335 1334 3481 4763 3855 4451 4303 3956 3331 2565 4533 4683 3952 3297 1134 2868 2458 90 4348 2207 3585 512 3929 2045 1729 2286 432 79 2338 2136 4673 3477 48 3766 1425 4053 523 3268 778 1129 961 4527 222 3397 194 1212 2396 3824 2220 1509 1496 2670 115 1998 393 3070 2489 3290 3603 4888 1422 2574 720 85 4359 388 1275 886 56 2032 4868 3538 2875 2546 3676 3137 828 4554 1637 2131 1938 2820 2418 759 4935 4776 214 447 1061 3174 2637 3600 432 2598 1680 2105 2515 3471 2334 2351 692 2832 326 456 1649 2588 4916 2785 2237 1735 738 3372 1212 2916 273 2317 4852 3158 3105 3754 2546 408 876 572 3459 4098 1005 4231 3089 1097 3962 614 4183 2948 1597 3257 2704 1529 2141 2139 2599 3130 1505 3437 3818 2473 2209 1933 592 2211 3630 2487 2348 4311 4956 3426 4560 1781 1716 2616 2085 3600 218 13 4620 3465 1123 4985 4411 2345 1103 2106 3763 4129 4045 1440 78 1833 4510 4370 582 1008 2845 2098 2137 1591 2196 4843 3576 4517 3060 2817 3014
4153 4786 4425 1442 2432 2068 3078 813 3803 4580 1083 1733 2869 4148 2550 3398 117 181 279 2428 1843 2868 1832 3064 1309 1834 4103 2853 2734 2193 2240 3547 2074 3289 2796 3025 4506 4765 3862 3537 373 1166 806 2156 4122 4903 4204 4432 3454 349 4060 2002 2874 1495 2275 2830 4665 1606 912 4322 849 1910 3317 3780 179 1742 4177 1371 2705 2393 2019 3800 3328 1271 4051 3902 1906 469 2846 4854 2980 1274 3713 3413 618 77 4008 765 292 2647 3677 2263 3001 4587 1704 1964 568 2878 4275 1987 1591 355 2929 4241 621 4232 477 1957 4088 3605 3689 4316 3047 249 3624 4173 4685 2640 2268 4974 2052 3637 626 3795 2905 3580 1305 1304 139 4965 4687 3182 1241 3318 1111 1105 3994 1092 4030 1006 909 1000 1818 2480 4183 3026 772 1695 1003 1896 335 4258 1358 2648 612 1376 3002 1273 2575 1354 3750 3847 150 1992 2996 2041 610 159 1443 3712 666 3645 208 288 4962 4691 4114 1794 4381 1447 4255 1592 3943 3190 464 4373 335 3590 4882 2583 307 3464 1307 113 1908 3544 2148 3113 3956 2979
2198 1635 1110 4826 1379 871 2157 1596 2008 2218 429 574 3520 4874 2316 2831 3769 2162 717 1416 2737 2458 3064 2481 914 110 4824 711 1899 4520 454 354 1650 467 480 615 3980 3383 3329 1701 1363 2531 371 1744 2330 2846 1406 2127 4862 4414 4877 1747 3495 4269 1297 1316 3281 1904 1289 3093 762 2239 4965 1245 2645 141 796 3107 554 153 1960 2533 4970 3348 3050 2198 1062 2987 2972 4521 3113 3762 2497 3577 3140 639 797 184 2643 3840 283 4091 4003 1598 4076 3260 932 4338 377 2527 4440 544 3517 1839 1384 2652 1657 1228 505 1697 1866 2091 4502 1218 4338 4745 2643 3174 3654 4852 3090 3158 4959 491 834 3625 2806 3310 1340 3172 2806 1700 2666 2886 1838 3241 2501 1671 4809 232 2740 3952 216 1034 1987 3608 2625 3510 3956 2394 2831 2229 3563 1637 2768 4519 4799 4851 1829 4857 59 2036 911 4274 3641 790 1630 1856 4467 3811 3721 2162 625 2976 1354 4550 131 591 4766 3878 4812 3976 3303 2875 189 177 1249 2902 2664 2022 4051 550 2323 1225 4336 355 3658 4161 1405 3277
1506 805 579 3655 3294 145 2916 2347 3921 2845 118 31 762 2195 2524 2429 241 2034 4737 4157 2692 90 1309 914 2088 1936 474 2997 2737 2445 1286 250 2706 937 4908 1540 2100 3079 3998 1109 1286 1704 1251 972 2799 184 229 51 4269 2625 1508 1863 169 1457 1938 3314 4735 1021 674 4230 102 4257 1477 686 575 1766 1633 3838 3407 2701 1698 1318 1600 2188 4706 2785 10 1650 3840 3815 1176 349 124 3897 1891 272 2116 1369 784 2615 4063 2355 2455 69 801 1240 2861 1138 3536 2524 2857 3547 2491 2360 1017 1906 1907 520 3812 3407 4024 2244 1149 191 4471 4206 3670 1061 3311 3066 3806 3218 2821 1296 4835 2645 2107 991 480 2230 4677 4635 4021 1633 3600 982 2028 4966 100 1024 4105 134 1121 3813 3226 4662 2852 1955 3172 181 3219 2893 3562 2623 1660 4395 2888 3129 3390 2141 517 1692 4178 1340 3286 4171 745 1970 1306 316 3351 1503 938 242 2658 1170 11 3198 841 2385 840 1125 3157 2237 1315 3100 4932 3521 4684 1308 1998 4430 3843 1631 4306 2236 246 1248 2250 4947
2584 4316 3361 4521 1310 3875 990 4735 2648 109 3767 2730 4843 4676 1906 3032 3750 2816 2097 2687 3913 4348 1834 110 1936 2318 3395 4070 3812 232 567 3197 2482 1151 680 1788 2563 1840 542 3310 438 843 2350 2858 1355 2012 3499 3907 4684 3515 3425 1489 666 1966 2317 2396 3821 778 1501 2197 1204 688 2338 2793 4128 1994 1579 408 130 1458 2222 4031 4369 3127 3210 3097 4651 2191 245 2837 2262 1099 711 1738 1437 1853 273 206 3560 4902 314 296 1740 2813 4170 927 1283 3935 837 4389 986 2648 2941 3060 2281 114 4263 1597 2193 1827 1996 4307 4782 804 1951 4827 4053 544 47 1909 2577 4235 3505 1200 2289 2728 779 2859 2820 254 4965 3987 4260 1747 339 3068 4899 3772 4173 1448 816 3276 2305 467 249 1878 4420 3160 4626 897 3717 4643 2809 4140 4738 3336 4935 57 386 2255 3896 1498 4553 3439 2095 2399 430 4160 3245 552 2316 4666 894 1362 3844 1291 1243 1688 749 3475 4096 2651 168 4387 4366 2417 3799 1789 2049 3245 1556 3291 858 4836 1853 1062 802 1428 4991 728
3712 4610 3177 3024 4519 368 2470 4734 297 4961 4084 4893 4404 1074 2910 3067 751 4905 4229 1836 4842 2207 4103 4824 474 3395 2961 2942 3588 2746 4725 3117 4024 4552 739 1323 880 3019 2699 1651 2724 2504 649 1301 127 371 271 3256 1922 4808 1393 3236 3950 3047 727 43 1322 203 4000 2600 3777 953 3104 301 2541 4842 878 4909 2605 2522 1774 1012 520 3159 2432 528 3503 364 2725 3698 3616 1614 1618 3782 4014 1848 1949 1198 3881 3037 4936 1413 4414 4343 1776 2687 2088 2623 2360 4819 4378 2502 3284 2644 3819 991 4629 2298 4378 2852 1871 3473 3061 967 812 3127 4356 1866 221 883 4184 465 4573 1668 769 37 4631 388 158 1899 4746 620 4512 2103 2953 815 3971 3206 73 3279 1098 3188 909 2899 465 3098 4265 545 2704 2560 4500 2139 2782 4933 3207 1557 248 593 2117 929 4721 4611 900 4535 150 1644 3327 4367 354 4919 3472 1596 4527 1081 4574 230 2252 1075 2251 3391 2721 3505 2843 1768 3193 4428 3896 196 1114 4093 1820 1716 4012 1354 199 1168 717 2773 1795 1977
4616 3197 2524 4614 1612 1601 2690 4587 1227 4343 2791 596 4787 2871 530 243 1820 789 3268 797 750 3585 2853 711 2997 4070 2942 1880 1714 2938 1391 2584 4731 2278 3735 533 1812 2756 2499 370 84 3620 4113 4515 4843 2829 665 2876 557 907 2199 1725 4114 1654 3743 1125 4179 1804 4243 1430 2879 2923 4788 1173 596 494 543 3040 469 1374 4464 3362 3970 639 2620 4029 4000 2792 3173 2957 1386 216 2951 2740 2496 2731 4094 4112 4560 4004 2666 1324 827 3521 1247 2410 4733 662 4016 364 4482 4923 468 2317 1788 1477 2509 2468 4046 513 346 1565 3211 4888 12 843 3781 567 3129 4965 216 2845 16 4482 4204 1917 766 2078 1120 443 3224 1385 2442 13 3947 4668 222 1940 1673 1851 693 3288 578 3291 42 4187 2155 4174 1617 775 472 4714 3128 280 4082 2742 4230 284 4054 247 3347 3288 1041 4675 1638 571 4388 1547 4858 670 2667 3355 1731 2794 229 1408 3992 3867 3391 4223 2548 2998 1495 4291 1891 4034 614 4349 3070 4750 1685 2895 640 991 2342 248 2611 1237 223 4721
2037 1452 69 4258 1454 862 2246 2510 2930 1865 2258 406 2151 1326 4927 425 2280 772 4776 4571 4332 512 2734 1899 2737 3812 3588 1714 4713 2196 4675 4375 120 4366 189 4874 4077 1077 2126 2156 3291 596 261 1549 1069 2337 1963 4756 2789 4312 2501 2044 1937 1223 2384 1488 4818 3590 4108 4918 4100 439 4307 475 353 1857 950 2434 1602 3581 1341 1238 1211 2097 3718 3012 1715 2472 2788 2000 518 62 4959 1915 272 1189 811 4281 3356 3405 4619 2506 886 494 1965 3882 1908 60 1921 84 2379 2503 312 4825 2812 2932 3827 1154 512 686 521 3278 2552 3026 218 2617 1334 3198 3451 975 1674 1457 1819 2293 3167 593 1299 675 1827 3428 417 1327 3197 998 4222 2212 3021 4763 2832 3403 1300 3875 2277 4644 301 1734 1257 275 4530 3427 2255 2919 2876 763 4393 160 1138 2770 1588 1566 3073 3608 3715 4196 393 1155 3594 4523 4514 4406 2547 732 2879 63 3951 4333 4696 2449 694 1991 4311 2230 2766 3105 4109 4284 3425 4245 2158 659 4280 816 1658 3436 438 4003 4691 4380 3267 4727
2638 4579 2072 1646 1759 480 4231 4552 938 3890 2072 2801 1904 1721 1012 3641 164 3132 655 989 2877 3929 2193 4520 2445 232 2746 2938 2196 4405 1560 4937 2625 2310 1494 903 43 4745 202 4799 950 4411 3692 4573 1303 544 3379 4442 1326 4292 3230 4767 2973 502 3623 3225 980 4589 522 2214 312 4630 2214 4372 3139 4873 579 495 2996 4787 2131 108 1977 859 2640 4280 4067 2867 2008 2254 1595 1853 3981 509 682 1125 98 4361 865 167 1514 576 14 19 1705 4197 4559 3327 650 198 1078 2485 2648 4290 3739 4727 1823 1206 755 4040 1850 2879 4350 3760 1336 456 326 1684 4461 1564 3758 4239 2095 2663 2518 3705 3297 1317 329 692 739 665 1725 1353 4868 89 91 1763 3187 2150 2597 3877 3222 1632 4429 493 1531 2173 313 3145 2077 3887 1300 3905 1177 3186 1478 4235 1679 3120 2575 3252 4571 3224 2117 4654 4636 3170 204 1927 3514 4303 1258 4843 2032 2218 4078 1584 2327 4146 431 601 3986 4659 4369 798 1050 1181 3686 828 1283 1669 1491 1024 408 4132 3975 2093 4904 4839
3954 4702 647 3155 3171 1553 3961 1215 3540 3324 692 2683 12 2301 4162 28 18 3482 3754 2256 1440 2045 2240 454 1286 567 4725 1391 4675 1560 2973 4063 748 1021 847 3330 3930 3540 2623 4781 1511 4437 3463 966 86 3594 2457 3072 1439 4005 4794 4739 3946 2238 1957 2869 4905 4368 4033 646 4675 4822 3051 738 2309 2978 4061 3884 2812 1954 10 1559 1058 4907 3292 1325 226 1054 2206 3920 4546 3642 3235 1111 1813 60 4361 4120 3193 4596 3100 1407 512 186 385 1812 2973 4292 1598 3866 911 1389 2805 1989 3918 1976 1518 4087 4403 4218 40 1205 77 3771 713 1282 4908 1516 4066 4945 3197 2359 3305 1201 1462 4931 760 1281 4511 2469 2775 3319 370 2470 1436 131 1499 2976 339 4929 89 701 1650 3960 551 3977 4312 2698 834 85 4305 4684 3476 4999 3239 3213 3419 946 774 1527 4768 3945 3763 4450 431 4798 4646 2673 3637 2506 1604 1057 2650 2478 814 1036 2820 1843 2477 182 2072 1772 4607 2416 1795 1640 1343 2294 545 1382 1642 1427 549 2351 222 856 4902 3759 3616 2999
2528 4383 4162 487 3034 3975 4209 438 4218 2966 294 4041 1345 2178 3402 4045 1119 3300 4311 3578 957 1729 3547 354 250 3197 3117 2584 4375 4937 4063 1896 2940 3166 3129 2146 4970 3973 370 1526 1514 656 3648 4174 654 4735 269 560 2618 2067 1685 743 4104 3634 3523 3521 4140 3562 809 384 65 4153 3105 1863 1340 2847 3155 1402 2818 2601 4009 368 2613 3923 4542 508 2857 70 2142 655 1338 931 1710 4167 4203 2500 1584 2128 4046 3619 4753 2925 673 4328 3838 2718 4750 1617 4517 635 1314 2201 897 3320 2665 2008 4467 2747 3435 428 4793 776 768 4068 980 3671 596 3106 2218 4602 2763 238 2073 277 4788 1370 933 934 4679 1747 4151 2157 3706 4906 788 2683 1371 3826 3141 3382 1689 603 4984 3491 3279 2445 245 388 2110 2726 4350 674 3787 562 4067 418 1809 3106 3018 3895 1835 954 3933 3198 2739 3807 3798 823 3857 3856 69 334 186 1595 2203 2405 4483 1821 337 930 4266 4577 2902 3544 275 4049 4787 3720 4600 4887 2869 2746 3460 1148 1653 4090 1413 675 1587 4089
1997 757 1251 3391 2918 3666 1887 4667 914 942 3729 1442 4808 1114 3189 2619 2066 1383 903 1765 72 2286 2074 1650 2706 2482 4024 4731 120 2625 748 2940 4212 1966 172 3299 3124 3749 2253 3977 4033 4836 1296 1268 2816 3998 98 4565 368 4399 4303 1180 1113 91 1908 712 1901 1766 3203 4319 4749 457 4268 4258 3517 3328 2282 1010 4179 2413 101 3806 570 2203 422 4525 3835 1590 1465 741 3522 2932 788 3834 3090 2078 1696 2643 806 703 3905 4026 523 3934 3891 2039 3244 921 4828 4470 3322 2116 4433 2335 4825 10 3435 1077 4511 4762 4582 3043 3721 3522 1263 4089 1701 1059 4803 1350 1012 2956 3998 1770 2733 667 264 1762 1424 1898 1867 4738 1708 3690 2117 509 3972 2543 2361 3525 3821 2878 3148 3072 4481 641 1563 1841 1163 3464 2141 110 2882 3864 3744 2629 3933 1761 2041 2835 2536 235 2856 4969 3379 841 952 1617 2951 1354 1566 1416 4689 4464 36 1150 762 102 4361 2566 2937 2708 3970 2528 2744 4030 485 3890 1967 4579 1763 1260 478 3956 3283 3532 1205 1325 1718 850
4356 3399 4109 4743 4130 3903 2109 3764 3083 3131 1520 86 704 4134 1128 4289 2461 3115 3908 1650 2410 432 3289 467 937 1151 4552 2278 4366 2310 1021 3166 1966 1104 1032 364 4246 604 3449 1759 4510 3416 2624 2205 2166 4168 1126 3539 3338 2771 2127 1668 3336 1195 1097 2387 561 3046 2570 3669 3731 2798 4150 1174 4620 948 761 4751 610 133 283 688 1890 4671 2675 3244 566 4832 1524 2990 793 2425 635 940 4653 194 2038 4071 2672 3895 153 4244 189 4504 4604 783 1891 3926 4922 3699 1123 3744 3797 1250 2016 4781 4626 1850 1106 757 4041 144 4491 1105 2532 256 4780 2177 3420 1554 1398 4458 1855 3257 2495 561 66 2275 331 1182 1491 2944 3537 2908 2326 1303 2191 3962 2368 4568 3094 4032 877 86 3336 3626 2647 817 4407 2691 2152 849 1023 3588 1477 2327 1742 4713 4624 1196 1066 3990 3074 3633 1585 3520 2281 3018 4036 3581 1499 4956 1643 2531 4986 1470 4374 3540 3886 204 225 208 2057 3739 4808 2093 2662 2678 4920 614 1222 324 2605 1475 3279 3664 4428 2556 3809 4825
602 2919 1022 3098 2909 775 1860 3927 4064 4761 133 4630 2278 4135 291 1171 1498 3793 2574 586 1493 79 2796 480 4908 680 739 3735 189 1494 847 3129 172 1032 2211 3163 2127 1792 3020 3766 3853 1239 3062 3858 3593 1378 599 3413 3269 1506 2513 1491 3679 1198 2010 682 4118 3611 3489 3274 1044 3913 2916 922 1594 871 939 200 2305 316 135 4892 3626 954 1141 208 4747 2744 802 3201 401 1261 285 338 3900 4008 4309 512 2822 579 3830 636 2354 4060 3184 2548 3022 3783 559 2390 4861 1923 4021 1683 964 3254 3285 708 3708 4677 855 4347 1279 3984 1021 3335 2431 2061 4188 2273 2531 989 1134 3033 2081 123 527 2706 740 3174 842 1993 3245 2221 1982 3806 393 2388 2598 2212 865 2665 950 1651 2289 2778 4310 4102 1108 3855 2441 90 1524 4754 3191 1565 3983 4830 3648 1983 3902 1867 1283 2335 3470 1083 3203 1208 2148 3625 791 3497 250 3326 4377 1851 3994 1163 1656 3080 2009 4616 1361 949 3611 3107 2769 2537 3521 286 1951 4891 2479 3623 1551 2111 960 813 1099 1904
3192 4096 840 46 3530 4993 1988 3042 688 1328 1900 1154 662 3241 2517 1146 3333 3551 4899 1413 3093 2338 3025 615 1540 1788 1323 533 4874 903 3330 2146 3299 364 3163 4969 197 3636 2820 1563 1579 932 1139 2862 2850 2259 242 1654 4534 3917 4312 2532 3100 3073 1512 3953 2485 2103 3537 1171 1620 409 4744 614 301 4132 4930 1399 1595 1120 1179 4091 458 932 438 2430 471 4483 322 3352 2310 495 632 2844 4739 3817 2029 1524 1133 3922 296 1477 3974 758 1681 536 3537 2881 656 3994 2192 800 2914 976 2039 149 4999 2333 1703 1228 3887 1449 345 671 3330 978 183 205 1686 1334 1276 859 2623 4350 3999 1291 2779 2098 994 4251 3839 4860 1287 3370 2910 4236 104 3195 911 3236 3632 1869 4442 1189 3123 3355 4091 2287 2803 3631 4884 2353 3928 2900 3818 4341 4565 2628 4310 1227 1944 4080 1857 3303 799 4790 2889 2641 2819 1022 4999 1983 62 1926 286 3809 2250 4944 1957 666 510 4276 4498 4497 1778 3232 3671 4875 3501 2039 3738 1716 12 3302 483 3482 2498 1109 3920 3619
4341 4006 4406 3426 983 875 691 2350 2442 4696 2499 1454 3596 4131 239 4620 1264 4728 2507 4426 3337 2136 4506 3980 2100 2563 880 1812 4077 43 3930 4970 3124 4246 2127 197 3642 4787 2403 4192 1864 4387 3091 1303 2438 2826 1932 1397 207 2562 2156 408 490 3752 1788 2125 3216 4493 3049 3435 4463 4770 1351 4767 1478 825 3310 3794 2141 1036 4354 3916 3448 2036 87 1610 3722 1650 1088 1836 3824 4042 4167 2944 2758 980 1983 697 4273 3753 3667 4304 3431 645 3036 348 1801 1331 237 2069 679 3652 3084 340 1368 2195 2614 3614 79 4458 4082 1092 4579 4482 633 201 4679 3960 4382 4502 2270 3446 660 576 4786 4133 641 308 4859 3551 671 1890 3731 3476 63 3136 2524 2006 1259 3956 3234 2363 4412 4356 11 2865 1563 1128 3542 578 2667 1528 3869 1527 279 4163 2706 1225 3395 2922 3135 1134 2431 4789 4343 2770 2218 3324 2278 3601 675 3282 4938 233 3396 981 3417 226 117 1741 2519 558 1546 1153 2677 3087 1314 2149 4378 1110 1742 1043 3760 1942 3081 2244 371 4394 2582 2469
4684 3869 1566 1923 2986 4701 2554 1780 171 3577 2591 3422 1079 2789 2497 1442 1249 1814 366 1139 2962 4673 4765 3383 3079 1840 3019 2756 1077 4745 3540 3973 3749 604 1792 3636 4787 348 239 1832 2303 1257 890 1323 4597 4376 1324 623 2651 2738 4296 2328 2084 1577 768 2480 3859 2382 1796 1468 1063 1690 2520 3135 1622 266 3681 3316 1431 2019 3302 3822 1889 3196 1484 1092 436 3275 3953 1961 3556 3300 4729 617 430 2637 1937 2522 4743 4934 2007 308 1756 4407 1117 3787 1210 4738 855 4811 1292 4477 4008 4852 2877 928 908 3447 3157 2641 3792 1149 4300 4867 2618 583 2550 397 761 4603 3339 2404 140 1557 362 2502 550 251 1836 85 539 2848 121 1661 1335 559 4830 1168 1219 3863 496 3705 2666 911 885 4490 4267 286 2614 71 704 2958 3937 1758 418 3245 1468 1657 1059 30 1011 455 1089 4444 3733 1022 2358 1801 478 725 2710 1424 1304 1149 3540 87 120 574 914 4337 2498 2064 4767 1187 3507 1693 2037 1328 2696 4630 3029 1206 1266 4598 1298 388 4029 3976 1254 3568
1558 780 58 4466 4386 4959 2320 1372 4956 3248 4646 449 3763 4173 423 2606 4680 320 4448 3724 2046 3477 3862 3329 3998 542 2699 2499 2126 202 2623 370 2253 3449 3020 2820 2403 239 2926 46 3418 4392 4235 3047 4557 2951 3436 2736 1138 2395 3299 1338 781 4259 2192 4346 921 2816 109 4174 1266 2131 2313 746 741 1694 1714 3695 2957 3578 3521 4398 3355 3751 3991 2315 3976 1600 4276 3902 3153 334 2882 3130 1913 2244 3824 4322 1878 931 4619 354 3101 2881 4791 1754 3251 2735 2717 2847 1342 390 2807 4959 4992 2613 3621 4942 187 2241 3830 2696 3146 845 716 2207 3242 3992 1765 2962 492 4651 1363 1374 4309 3171 736 1985 297 2836 4761 4293 4913 4904 3167 2305 1366 3961 1807 4611 1160 329 550 1632 1692 4639 1440 4474 4277 2943 1432 426 1355 450 1222 605 1762 2109 4612 375 1941 1501 2073 1281 4630 4317 4292 4162 4268 2706 4008 2861 2580 4062 4583 1152 1610 515 1215 1347 1223 4412 4848 1374 3565 1589 341 4232 3238 2565 958 4403 2127 4025 1553 73 4032 3307 3393 1294
593 4150 4552 3408 1412 1342 2088 62 2303 3938 2714 3914 3637 4592 640 1518 4239 792 1779 357 4898 48 3537 1701 1109 3310 1651 370 2156 4799 4781 1526 3977 1759 3766 1563 4192 1832 46 4313 270 4174 4758 383 2902 4754 4245 607 304 4863 2149 1645 2341 1993 2336 4982 1708 4712 2209 2665 2413 358 415 829 2368 1517 3535 1294 1094 1034 737 2959 3315 2505 3433 285 4781 1116 1279 3145 333 123 499 184 429 176 2015 3180 333 2538 214 3270 2282 229 4436 1324 4936 613 1631 2041 3226 2531 1047 2132 4246 3199 4362 688 4833 655 2612 864 1115 4310 832 2054 2664 3686 3056 1666 3076 2105 1329 4608 2536 679 156 3696 601 1035 3300 1599 2276 1689 4177 2792 3229 779 1713 4358 2355 4317 3993 2839 4397 2270 3958 3617 2722 3913 4177 3073 1805 3209 25 1982 4039 3691 1634 4983 3126 2009 651 3835 4785 4702 2636 4741 371 4622 3469 3844 4893 4676 2010 466 3664 223 4236 2191 3701 4126 1015 2922 3884 1298 2157 4747 776 750 906 1176 4187 2152 1646 1094 4917 4116 4647 682
