N: 200
M: 50
Symmetric: true
Triangle: false
4 119 112 195 109
3 187 39 170
4 194 99 30 165
2 133 34
4 102 160 168 5
3 176 12 47
6 31 188 155 104 120 167
3 103 88 10
5 179 150 190 193 184
3 46 143 11
7 83 70 140 26 127 21 72
4 24 89 145 152
4 9 132 41 54
5 124 177 87 15 175
5 4 148 105 73 55
1 18
4 154 64 142 172
4 92 77 183 16
4 147 86 115 8
4 74 200 130 196
4 153 45 100 173
3 62 114 60
4 17 36 1 65
4 53 199 185 90
3 116 28 78
4 14 58 158 19
3 40 82 110
4 84 7 85 169
5 181 157 32 192 35
1 20
6 33 171 59 156 138 113
5 191 164 122 180 81
1 71
3 56 75 43
5 163 186 123 63 49
3 37 68 95
2 189 141
4 125 66 117 25
4 107 149 139 48
4 166 2 118 121
7 29 135 128 80 23 3 136
3 69 129 182
5 22 6 50 79 91
4 151 111 52 44
4 131 38 146 159
11 96 162 67 76 61 134 197 144 93 137 13
4 101 108 106 27
3 98 161 174
4 178 51 94 42
4 57 198 97 126
1671 106 2777 1053 4366 2808 3045 2131 140 2931 969 2359 2523 30 4223 3194 3468 4201 756 1227 2146 1507 2927 248 12 1329 1142 3875 242 2998 1137 980 4968 4642 3589 2238 1522 903 4738 475 4681 3368 4437 3489 3412 398 4158 4667 1508 4896 3018 3819 4646 2994 2419 69 121 2667 3514 1767 3985 2675 3648 3804 920 161 4235 4522 54 3934 2528 696 2601 276 703 3674 4418 431 377 2869 2873 1759 601 4731 3518 3733 2980 4433 4366 1375 584 4110 1562 202 2695 4632 1974 2942 95 1330 3142 4645 4800 2332 4924 4971 4131 4917 4533 4697 4815 40 2911 1806 896 1685 54 3683 444 3686 680 1466 1447 4001 307 2763 1556 1899 431 2511 2344 4939 3594 4373 1958 622 439 613 2704 4830 2671 4180 1844 4873 2979 4927 3745 4709 4509 284 3120 635 3271 506 4652 48 3379 997 2047 2717 2925 243 3824 2183 866 4202 1164 572 3944 1454 3291 115 3728 2705 3909 2301 3754 4484 3901 1730 640 2306 688 2393 3462 1154 3506 1846 304 2815 431 1887 2625 340 29 4325 3588 2794 855 3009
106 3394 1204 298 3344 4466 4581 4051 4136 637 3012 1658 1879 1197 4053 1874 25 1513 2555 470 306 2089 288 3621 1533 3781 3782 1300 3966 3713 2578 405 3959 3092 4098 1146 2977 2116 1013 4143 1612 3389 847 851 540 3692 2341 3633 2138 862 868 955 165 2139 1949 4234 3336 453 130 4767 2669 3697 3700 1213 456 2969 3733 3937 708 3266 4148 3488 933 1514 1300 342 308 1039 2300 2725 3574 1599 4539 2377 3856 2183 1836 2218 3585 47 2108 1986 4931 4388 3300 3817 3725 288 359 3249 4595 3015 4560 4892 2151 1881 3054 1244 1873 4589 4390 2266 1824 1858 1541 3634 4535 1899 2429 4363 3258 2552 1305 619 1818 2928 831 1645 2745 4927 405 1240 1202 4217 2227 628 1246 3545 2964 3628 3931 1834 870 2186 641 4618 1282 3921 1130 2336 3146 1013 3613 1222 3361 466 2461 1756 208 2901 596 900 4101 2770 1680 1196 4263 2135 4315 4216 2194 3252 2867 4400 4015 3820 1968 2563 1775 4273 4538 4697 3993 4654 1379 4058 316 3304 4827 3129 4690 1360 765 2151 3484 43 61 1226 1107 724
2777 1204 1096 3206 394 4897 1237 255 3273 1342 3012 2455 4379 3589 2449 2456 2381 528 3809 1553 192 392 1536 794 1078 3563 440 1291 1461 4527 2071 2997 2902 3982 4725 4071 707 2356 3098 2815 1026 1069 2084 2872 1742 677 1933 2871 2127 1851 903 4895 1983 4571 853 4215 4892 3483 1608 4905 4193 4414 1930 2973 4799 1674 992 2875 3598 3280 237 1434 2622 3127 1930 4999 328 689 2641 1964 3144 859 535 1218 755 2876 1158 1720 2515 4319 4524 3590 2766 465 956 1981 1761 971 2988 2190 1248 1191 3926 4618 4233 2136 2464 4644 66 2528 1807 4254 1552 4527 3210 2113 4753 2488 4409 1339 1076 703 1310 3464 1275 1372 2141 1226 106 3344 1160 4321 4747 2399 4554 1222 629 1140 2595 246 3371 2598 3189 2369 3372 4808 3165 3734 4454 2919 4733 4510 1883 91 810 4475 2140 1012 664 678 3794 2742 1234 679 4265 4370 4849 2116 34 1338 2341 3346 985 4882 4480 4204 1502 3762 4396 1030 2763 2762 2111 1681 418 3822 3106 532 1145 3741 4761 4153 3424 4030 2604 4012 1415 1477 2978 2034
1053 298 3206 2861 1077 2269 808 789 4446 4719 1300 1759 4758 4220 3955 4899 1887 2870 1375 3942 2610 4826 4501 2096 2080 4776 4943 912 1013 2676 296 3858 2761 1389 1659 4500 4194 179 1646 4577 4365 2182 2720 2537 1137 3178 4967 3140 527 4794 630 853 3378 2518 1403 3750 2673 3330 3938 3164 705 2590 1968 3486 3661 4629 4754 3030 4808 2401 1206 4866 127 4485 735 81 1439 307 749 4050 1100 945 115 4285 3596 4203 1609 250 896 3725 4604 539 485 4212 2489 2091 3535 2234 2560 3087 3351 635 4154 4208 843 1624 1648 4966 1933 869 287 3412 3923 4356 2854 1604 370 4619 3728 3223 810 1302 452 78 72 4639 3091 185 4325 3320 700 1930 3647 307 547 1297 652 2989 677 1113 3115 3132 3775 277 3123 3130 3374 3954 2929 4377 1428 399 169 1001 1747 1153 2518 2867 3023 4526 935 4066 3645 3463 2402 4557 2962 1454 2978 4808 4877 2465 1480 1315 864 2479 1663 4491 377 3913 2569 213 2435 1757 4569 1446 2568 3729 4705 298 4432 3441 1167 1397 407 1480 523 4801 2253 2011
4366 3344 394 1077 2090 2787 2622 212 2880 2069 3116 12 1978 3899 3227 4192 2727 3044 3853 3822 4544 2206 711 800 804 1870 3402 1047 3433 47 3144 3296 3374 4447 379 1027 221 676 1044 3598 2388 1360 2313 1628 1683 4883 3104 2612 4660 270 627 2736 841 2276 254 2554 2274 4527 4275 4642 2821 4691 2968 761 3728 2995 258 3471 4448 3082 4623 4182 4101 4021 2616 4883 4268 4314 1867 3620 4875 1109 1269 1028 1826 4369 4134 1048 779 1765 3413 3185 4682 2556 783 2986 1270 2339 503 2111 2832 3777 4333 1357 3925 3955 2123 3956 176 197 4044 2673 41 2236 3705 4996 2890 759 4983 1590 76 3130 3174 1957 838 3164 3639 1452 976 2636 2914 513 98 4487 1066 1709 3911 1093 2352 2061 966 752 1472 3841 2593 1415 1050 1050 1545 4169 1231 2841 4413 3470 2971 2107 3662 1335 2735 1843 4001 2982 2123 4217 1162 1387 3731 4719 4091 4234 1937 4496 153 66 1138 4405 2945 2093 1773 4257 893 4366 249 3740 4341 3175 679 508 4930 4005 1335 1949 658 3103 3987 3687 3396 1699 4979 3084
2808 4466 4897 2269 2787 1291 4272 3534 1569 4119 4276 4146 3450 4727 3546 3453 4620 1828 4117 2819 2766 3150 1151 2667 4047 1732 123 3382 831 483 1059 837 2077 4697 2022 4298 4321 2489 4024 4687 113 3133 2953 2032 4602 3497 57 3019 3515 1994 3436 1689 1589 1039 945 2142 2754 3921 2333 1754 4486 2801 1258 2518 1349 454 2656 2996 481 813 438 1585 3966 4578 3110 895 1353 515 1418 1433 951 1864 4653 3506 2716 4921 2900 4063 4652 436 3514 3072 1505 3451 419 1589 4485 3394 700 3036 322 1389 4149 4663 4872 4888 504 3726 3784 4104 1354 1066 128 2987 1506 2310 1841 3487 2483 3536 4108 4171 1593 1538 333 985 3155 3769 1405 4783 1500 3553 2141 270 4662 874 3080 1680 1873 3478 1758 1819 1032 560 1348 3065 329 1057 69 1684 4306 116 2767 4926 1493 3905 4432 1608 2961 305 2835 2354 351 952 4775 3940 18 3942 3354 1824 1350 518 811 4756 1093 2940 1746 4806 1087 4219 130 1359 108 4773 207 3771 3857 2605 2692 2090 3662 2029 803 892 2977 2336 686 732 3432 557
3045 4581 1237 808 2622 4272 2859 2901 2879 2695 4008 567 4519 4404 3020 822 4664 4356 2490 65 511 1151 2789 384 4900 925 4728 2149 2123 729 1765 3535 848 3867 1398 1916 249 4950 54 1340 3710 3405 367 3956 3085 519 3491 2902 4441 4013 1357 2312 2735 1463 2331 2534 2210 4670 1676 4566 4675 1574 4074 3645 1825 1447 3812 65 1004 4668 1837 4703 4707 1838 3247 4352 4413 2312 2026 284 1544 3014 3710 2512 162 2793 3657 2695 3699 613 4151 3456 2174 231 801 936 1302 3863 868 1112 1884 4248 4678 1913 1949 1359 888 1878 4516 2310 3318 1287 1916 1936 490 3941 2032 1656 4721 459 3093 686 1340 4225 3592 1304 3299 4915 451 3460 1361 2045 3357 3637 795 82 4107 462 3632 3442 2612 1181 200 4785 4530 954 3132 1870 3237 1120 4915 436 2125 1035 3354 4560 515 2929 2132 446 4563 3381 1462 4723 104 88 686 3606 4219 666 264 288 2091 2283 833 1553 1113 2206 3988 217 1548 1690 4098 2825 3193 3902 3885 3640 2970 3585 3676 1746 2884 3273 1072 1604 2192 4987 3380 374
2131 4051 255 789 212 3534 2901 1350 4050 4422 1491 2611 1653 1125 1810 3321 609 99 485 950 3548 271 3670 1293 1599 2040 4411 333 3473 4780 541 501 4715 3421 4065 2279 604 4414 1686 4029 203 1638 4954 3553 2254 108 4828 1471 217 2482 2882 1456 4611 237 745 3421 1752 58 710 4585 3289 2404 1388 4847 1493 1728 3402 2917 548 2440 2041 227 3682 3868 690 1886 1284 4660 1939 3161 277 2938 325 3204 1732 4954 2888 4253 3262 3881 3361 3229 1868 4538 367 3040 1504 4802 178 4306 155 4689 495 1259 2470 4073 784 947 4480 768 4848 4565 3672 1828 2737 1869 553 2056 1529 4832 926 1430 4019 2792 2702 799 4428 4771 3762 2525 434 2045 3267 4318 1995 148 1956 4184 4644 1474 1763 3709 914 4367 3507 2476 1088 4035 1722 300 2209 2299 3551 4639 2225 2563 4437 4630 1819 3865 3121 2756 1059 2699 1788 1711 1495 1246 4717 1454 1384 2480 1975 891 3541 3114 2947 2924 4678 1952 3319 3277 4180 2571 594 890 3969 1287 1119 4623 3101 1739 3087 3873 3290 4316 4159 486 4344 777
140 4136 3273 4446 2880 1569 2879 4050 3131 1214 4810 1454 24 1573 561 3548 4814 2618 2696 4087 2643 3119 982 4275 2984 2602 1580 4123 4483 3432 1450 2268 772 4858 3485 760 834 4128 3442 667 802 1838 622 4178 3704 2300 3830 2062 4020 2596 3862 2852 731 3415 3821 3155 3998 1561 1892 3023 1038 454 1205 977 84 3584 2064 1217 1445 3751 4944 4750 198 711 4534 1079 1471 1353 4454 451 431 469 1523 2337 1019 2683 1673 2104 847 1874 933 684 98 2863 2575 1729 4691 2226 1906 3369 4078 3419 2949 4662 4808 4823 1057 1784 2486 2510 631 1569 2192 3878 733 128 59 4179 217 4827 2471 408 3643 4297 987 1883 2288 3474 1894 3403 3615 3760 3487 773 1433 2329 1126 2124 3822 175 276 2346 1061 4747 4470 4067 3669 1049 1695 816 1141 2398 4861 800 2413 3868 3576 2200 529 1505 47 3537 3931 2369 4222 2950 936 3151 1881 1430 4398 1825 4458 2775 1153 2505 2579 2236 4907 4416 4709 195 1805 4783 1931 1700 2066 2649 4106 1174 2133 1235 517 2467 82 1087 2226 1012 1386 3611
2931 637 1342 4719 2069 4119 2695 4422 1214 3632 4390 1387 170 1957 2566 2618 4241 4552 4995 891 3579 4512 1950 2687 4525 158 2645 2690 1426 3101 2863 909 1617 3212 43 642 1461 731 3473 2254 308 2016 424 680 1704 3050 3074 4092 764 3696 783 2203 1006 2462 32 3330 2636 4108 1494 1617 1557 3545 3173 2137 3416 4536 4148 4219 4802 1148 316 80 837 1281 1203 3318 4957 109 38 346 3083 3928 99 4232 4013 3861 3547 3029 2357 403 1195 529 213 3953 2417 1810 3957 3830 2534 4073 900 2517 4690 269 4916 3124 1584 4510 4110 2193 4559 3460 4325 4801 1012 3488 2990 1673 3963 3781 4353 2193 4062 4414 2788 43 117 983 2743 2076 3357 695 1583 1141 2678 2426 3012 3136 2766 918 4494 828 2315 3019 358 1416 2564 2084 1084 4882 3461 2142 2534 4141 2942 3784 1608 2529 2044 2422 1292 1448 2875 2160 3217 4801 4013 3194 3470 3355 2395 1711 3150 4840 4471 1712 4489 2393 883 4628 930 3822 2121 4897 1123 170 2675 810 331 3163 1915 2573 4395 1401 3537 4714 1208 4300 1675 4461
969 3012 3012 1300 3116 4276 4008 1491 4810 4390 641 1840 810 3893 4437 2923 2771 592 2945 1398 2356 4380 4998 729 2049 3346 697 2570 3248 1684 4472 1459 2974 2576 3786 1971 4495 3993 1372 3963 4483 329 4004 3994 1836 3723 4749 73 4293 4461 428 3801 2337 3627 1978 3280 2333 3426 2226 3308 1420 4988 126 3978 1732 4993 269 1204 2183 48 4375 4297 4865 710 2055 4888 2394 1251 137 494 1102 823 3688 3261 2183 1599 2012 4371 1011 4385 837 718 697 734 4635 225 3552 3340 849 1261 4500 125 2049 1940 373 4605 2770 3734 1155 476 787 4228 167 3198 4466 3254 4135 3613 2519 4405 1740 1053 2680 2206 1740 2686 2675 3973 3929 4499 4678 3275 1515 3890 750 1039 77 1360 3713 1463 4659 2942 3608 1515 2391 3273 2516 2127 4845 912 3875 2599 1515 4920 3990 2354 150 706 625 2722 1981 1976 1595 3826 1266 1113 482 3874 4537 4323 519 3759 542 3310 994 3537 3170 1112 1945 677 3633 305 620 1909 3065 1727 160 2902 4994 3003 2853 3610 2105 204 1283 512 4514 3554 4431 2969
2359 1658 2455 1759 12 4146 567 2611 1454 1387 1840 684 3007 3662 4850 1416 746 2340 4636 3110 1895 431 2751 4404 4311 4915 2788 2092 728 2120 631 4448 3951 3807 2405 3472 77 1239 2707 3430 1643 1076 1509 4606 1940 765 4300 772 3470 4748 2280 2071 4971 1039 3227 1987 86 4266 1549 3204 2660 2590 4910 3056 3887 3273 4046 2139 2964 3638 1132 478 4457 3058 3778 3259 3765 2581 1470 4473 1528 65 4329 2517 2271 642 678 1658 4207 449 2146 2492 4047 623 2532 3173 161 1507 3856 2432 3476 1090 4923 1165 3673 1800 4180 2136 3984 2095 458 606 4837 2654 1753 1031 2182 2555 1491 2112 2219 2714 2436 2135 3113 448 1476 1496 863 604 3815 1777 1094 4694 1735 477 4161 3310 1353 4717 4923 4819 2754 44 2113 2501 748 138 4532 531 1265 4857 2878 1060 621 3317 4850 1322 1197 3549 2736 3785 788 222 785 2036 1180 3146 1658 2205 1528 3040 3336 1867 4003 2136 460 4048 4403 2707 2025 2068 4728 3657 1147 4497 3497 716 935 2120 1935 4867 3161 4002 1070 3145 3165 391 2509 408
2523 1879 4379 4758 1978 3450 4519 1653 24 170 810 3007 1677 1667 3120 3495 2899 2302 2821 3936 1350 1277 4350 4125 1765 297 4587 2119 75 957 2302 2721 3546 3023 3177 2570 1616 4608 4710 1976 925 1352 3978 1625 1986 1994 2284 1315 2122 208 1309 967 3890 781 1066 817 4605 1115 4600 2512 4416 3653 766 2871 2921 4623 3602 326 1781 886 1030 2859 99 4733 3045 810 2406 1360 3042 2707 2903 4538 1216 4066 4201 1352 4930 3172 2933 2217 1091 2414 1293 2194 1714 2391 1369 4441 701 1895 3633 1943 3459 2980 2636 852 4986 3839 2206 2408 2623 4161 162 557 4603 4434 46 3983 907 3115 348 3026 952 3431 4210 4320 4360 2525 1481 2100 3229 4614 1431 1903 4151 4079 1413 2342 4095 2512 1733 1705 2846 615 194 2176 4695 4628 4899 1464 2985 1504 2979 4063 4243 2823 4833 2270 149 3851 792 799 1337 2353 764 2818 1719 3533 914 4610 572 4970 613 939 4541 2427 2232 1478 1893 4962 3261 4973 530 1120 1825 4607 1128 4046 2110 2594 131 349 1633 3978 1701 3864 1641 970 4152 2354
30 1197 3589 4220 3899 4727 4404 1125 1573 1957 3893 3662 1667 3592 4791 4142 2165 1343 438 2614 1368 3113 1832 693 3079 3096 4131 3457 3384 3042 2932 4882 4663 2124 2329 2830 2453 2555 4344 2678 396 3368 4869 4519 3736 4648 4757 19 3645 2200 3229 1748 506 3854 4049 4325 4823 2721 2190 4634 252 1163 581 1482 789 3140 4743 4166 4515 2091 4044 3130 1513 2757 4401 147 2774 3159 935 106 3641 3225 4192 2761 2525 2621 4637 462 2300 2060 1242 2500 2372 2911 2696 2380 4543 2022 3040 2404 3191 3381 2267 2447 3026 683 4499 2783 2499 2328 3397 1382 2953 3290 4493 1268 1389 3475 1765 1944 1558 1203 3732 774 1455 407 1879 2031 1070 3678 2763 4219 340 2957 951 3211 1070 1830 2980 3339 3857 2045 3723 3700 599 4035 2772 2903 3221 1502 3334 1702 1900 4527 718 3818 1736 3978 3957 4694 3872 1399 13 735 2033 2026 2683 543 3939 3534 3560 1439 1133 855 2511 3224 2161 303 2563 2664 3758 4484 1145 792 3795 948 1218 3414 3340 4835 3748 2463 3893 269 3456 2894 4637 2137 3714 2168
4223 4053 2449 3955 3227 3546 3020 1810 561 2566 4437 4850 3120 4791 1134 2457 168 3716 2674 2255 1100 1659 4927 14 2018 739 476 1564 130 185 4191 3900 207 2150 4695 284 333 1673 399 3052 235 2355 43 2810 308 3268 3622 4509 1072 1432 3110 1538 2083 3601 14 3957 4826 774 1389 1609 2160 4658 1556 1899 1375 2370 2755 2427 1505 2105 4417 2624 3797 206 4759 307 1996 1447 3342 506 2144 1363 752 2701 1820 4414 1747 1533 2697 4828 594 580 3983 2775 1412 4653 72 4494 3312 2339 2230 1100 4980 4013 4295 793 3518 2576 1025 3191 750 4237 3701 3331 3969 1009 4037 2301 4685 2291 4516 1217 442 4830 2550 4054 1884 1010 528 4943 1850 1722 1010 2738 4439 2600 3381 957 276 1968 1370 3922 716 2811 1448 4916 4505 495 522 2099 1845 3388 2324 290 4934 4252 3150 3151 1567 504 74 3637 4249 2375 1291 2117 965 4058 87 2927 2291 637 1527 2427 1640 1062 3649 2787 749 1745 2647 1184 4332 87 2629 4794 1150 2662 4791 2217 2952 2037 2628 1777 1179 4251 364 4619 4825 826
3194 1874 2456 4899 4192 3453 822 3321 3548 2618 2923 1416 3495 4142 2457 1945 3740 2181 3941 1333 2861 3909 2413 3852 3983 2437 4450 502 79 4482 1960 624 544 4229 2182 1615 3357 290 3503 2607 150 195 4839 2368 4633 1158 4096 295 500 1392 1148 3148 4048 3003 4945 364 3498 3653 3273 3952 1061 4718 1054 741 4316 1985 3147 4406 2680 2112 3696 3726 2786 3603 86 2998 2211 2420 1963 4600 988 631 4730 2743 4269 2497 2097 646 1194 747 1862 3087 760 3314 4637 3635 875 2456 2572 3481 707 2720 1972 469 926 3494 1737 2754 1154 406 1369 2501 3570 4898 2381 3372 73 2561 368 3009 4848 860 665 4037 4784 1542 2879 3716 4326 1016 2383 1171 310 286 1046 3181 2604 4956 1172 4703 4232 2883 3640 234 4941 4402 3037 4209 1348 2369 1567 1195 175 4666 807 1625 3350 3439 4489 3151 141 4820 1152 4925 4884 2149 4884 1575 3802 3591 2967 3165 2082 3527 3059 81 4505 3332 1596 4140 3419 1856 2516 2109 1297 4979 4476 4504 4260 4474 4661 1248 3758 2085 1833 4309 1709 969 506 907
3468 25 2381 1887 2727 4620 4664 609 4814 4241 2771 746 2899 2165 168 3740 3106 4419 2580 3246 3238 1352 3702 97 2125 4136 97 1630 220 4404 2981 4769 1127 4419 2515 3939 3847 4525 3557 1075 1568 1273 2769 1671 238 1712 2624 2190 3689 4317 684 106 227 68 4953 1746 2374 651 4567 1941 3789 1478 4186 1968 1512 1267 4477 1817 1068 4551 3564 4515 3690 1540 1872 2670 1877 3223 4611 3112 1992 843 875 1919 3496 2262 4115 2878 852 108 690 2487 2073 2133 3024 3364 2318 3678 3701 10 4059 2333 2996 3328 3068 4515 3284 975 1440 3022 3840 1487 2134 1653 516 558 3270 297 1783 28 1134 4504 2514 3711 4089 3051 3833 1175 4063 2701 3568 3238 1441 3232 4243 756 3831 3862 4318 1852 514 1849 1029 3517 2512 3880 4651 2169 4490 3515 3360 2608 275 2990 3870 92 3735 1949 3685 989 4417 88 2554 4541 4764 1637 1725 3417 956 4212 420 1150 206 4095 4114 1105 4452 359 2553 1575 911 1717 1005 3030 4031 3384 2729 4299 156 553 1809 3705 4555 3278 3775 4331 203 953 1489 1790
4201 1513 528 2870 3044 1828 4356 99 2618 4552 592 2340 2302 1343 3716 2181 4419 2547 4056 4354 1187 3507 3701 152 3402 4942 3785 898 2235 235 889 2221 3521 621 3004 3426 4815 4543 4770 2644 2665 2478 1473 1264 1551 589 1826 2237 3070 2380 3646 97 3804 4037 617 1205 4840 2425 3199 500 1565 4481 4435 1612 2964 3950 2221 3311 1309 4777 3105 3313 3941 1900 4790 3024 3567 570 3012 1088 222 2658 2349 4392 2507 4698 810 3237 3484 3935 2491 1934 2745 179 4789 837 609 392 3602 3680 721 2851 1690 1424 4795 4120 2216 3516 1066 4719 726 4780 3317 3959 3233 3236 2997 3490 2160 3346 4149 2251 1989 55 935 141 4489 2884 634 444 3654 3536 1306 4289 1879 3585 3523 3104 4064 2829 687 4763 2764 1075 4567 4059 2730 4525 255 1349 1149 3362 4695 2858 4610 4529 1691 2071 507 2272 2366 2350 1903 997 326 3551 3141 4210 2780 3930 1931 3101 4853 2539 1121 118 1805 3242 1299 4604 4982 3612 2270 3627 2227 3691 3671 2413 2508 4515 3385 998 4012 3609 2872 323 2881 4703 919 4841
756 2555 3809 1375 3853 4117 2490 485 2696 4995 2945 4636 2821 438 2674 3941 2580 4056 4766 4242 3611 4870 1081 4217 1621 4233 2916 3232 3592 2170 4137 4005 4258 3364 1087 4422 2978 448 1249 2293 3419 2200 238 2332 119 2740 2430 1249 679 3566 1700 3864 3514 2281 1561 751 4982 901 3575 1183 847 2559 1702 1261 4980 974 2331 3062 3203 348 3234 500 4527 919 1965 2347 2275 1872 177 3140 4461 1535 4482 516 3000 3430 3693 1469 4183 1760 96 4030 2269 3099 1456 2490 4600 2426 2798 3225 4299 2894 4351 893 2300 3613 3729 3140 4278 219 3497 348 69 505 4921 906 1156 570 2639 2710 4376 4313 1552 42 2849 398 3183 4595 4965 4690 955 3178 4079 743 1152 3033 1919 3394 3436 4819 2209 4834 2680 1149 2393 2268 347 1427 3025 4759 997 3539 3027 4094 238 2724 2273 3525 4814 2621 4823 1087 2670 4718 2147 2607 2636 1906 741 1447 3280 1266 2664 3430 2814 1817 4080 2220 1578 3992 782 630 4063 1525 186 2306 1363 3395 2296 2484 2093 4276 477 3576 1564 745 4674 4062 4108 3032
1227 470 1553 3942 3822 2819 65 950 4087 891 1398 3110 3936 2614 2255 1333 3246 4354 4242 515 2248 2856 2147 1105 130 4421 394 3685 1007 3164 2489 1620 3163 1135 555 709 775 1901 2983 4876 1989 1519 2153 1236 4224 1606 4298 4977 3088 3065 2441 485 1335 4541 2407 1804 2295 205 139 4579 1997 1583 1998 1368 1031 3389 2740 1543 1798 3827 471 3564 4867 3737 2861 4697 2394 1617 620 864 4282 3595 3308 600 1794 4644 2721 900 289 4863 2842 3461 1903 3094 1371 187 3175 4034 1460 4651 1965 4197 499 1134 588 1830 2307 974 4405 3967 1443 3075 1841 48 473 2795 1541 4237 4496 1942 4966 1891 3043 1222 997 673 4402 1791 1757 3721 4605 225 2951 2575 3304 2959 1527 4020 4265 984 2380 2756 2436 1009 68 4614 4730 1715 4860 438 3775 1762 950 178 174 1436 2754 3025 2282 4128 223 403 411 2996 2920 4215 1921 3377 2706 159 1540 4392 2916 234 4008 1599 731 929 4137 2146 2765 4871 754 192 4406 4484 351 4484 4943 1259 4617 4762 4431 2011 2995 3435 406 1859 1684 819
2146 306 192 2610 4544 2766 511 3548 2643 3579 2356 1895 1350 1368 1100 2861 3238 1187 3611 2248 1551 2820 3616 3758 4189 302 2685 4099 2363 2543 1472 3835 4802 3466 544 2905 1561 3807 3612 2937 1451 796 2444 3823 1471 47 275 16 4872 960 3720 277 2036 3130 3768 190 2706 1719 3146 1470 2964 3404 138 3166 3231 128 437 2535 3911 2471 3779 895 3893 2415 3521 4989 1001 1982 4136 4875 2170 3752 3333 274 302 4393 1297 529 886 2118 1511 2908 1210 4335 2629 4351 3765 979 3646 139 4979 2620 1160 486 3239 4213 3382 3759 1361 4995 4344 3691 1272 1831 1733 2316 2957 1502 757 1251 2290 1196 1268 794 555 3735 2703 1327 565 1115 3552 2900 3478 4604 4129 4410 851 4140 590 183 736 3462 4676 988 2870 1841 160 4726 2260 1604 3136 1937 1205 2891 2226 4654 3347 2854 1983 1304 3644 95 4121 3822 1874 1336 4487 2437 3597 829 4636 1276 4512 1594 2726 1579 2951 4532 431 2542 4546 3150 3297 118 4509 2426 2835 2299 69 1681 4536 1044 3005 4125 2435 29 2279 2398 4590 298
1507 2089 392 4826 2206 3150 1151 271 3119 4512 4380 431 1277 3113 1659 3909 1352 3507 4870 2856 2820 2216 34 1597 4074 4063 4750 1768 871 996 2606 4926 4679 2947 3452 3339 1556 3689 1702 1967 3942 116 1105 417 1573 2061 45 1910 3037 2267 4183 1782 3118 3060 1432 3639 1833 3758 2047 3172 1108 2634 2633 2301 1714 1710 2171 1612 4120 1316 3750 2711 1386 86 2054 2385 3674 3426 295 3233 1344 459 1265 3254 4718 1748 1993 3384 1847 2448 2100 2354 2345 993 941 3257 3863 608 2402 4748 2637 3207 3482 2781 601 1546 1183 1836 1075 536 999 2895 2447 2701 2281 3224 3251 3691 4367 440 4324 2779 4335 4683 4458 120 1229 225 4065 4605 475 4623 2510 4955 3494 3955 2500 1026 1750 1534 1217 1384 601 825 4081 4085 2166 714 1928 1549 2822 4413 1628 3339 2035 1748 3559 509 3775 1039 2745 2265 3358 3811 2626 3126 4486 2124 1508 639 10 2215 2521 2599 4905 2694 4996 1258 4704 4614 3799 4183 3424 593 214 3164 1214 3420 522 721 2591 1034 4936 4613 2179 542 2864 401 2009 2427
2927 288 1536 4501 711 1151 2789 3670 982 1950 4998 2751 4350 1832 4927 2413 3702 3701 1081 2147 3616 34 3165 290 2529 1733 4284 3176 3793 4412 1666 3628 2195 515 223 3604 3071 391 2118 1492 3236 1126 4507 1852 16 3148 1446 1715 2183 1955 1373 3287 469 2650 3619 3438 3134 1009 4671 76 296 4363 4339 1016 3867 3277 383 2834 666 3710 4194 2344 1136 3582 1178 2934 572 1394 3824 2626 2658 325 2336 2370 2716 2182 4350 423 25 3750 4835 677 1775 2878 1125 396 501 2077 3548 1042 996 348 4509 296 3294 1948 648 4970 2294 2210 4585 3792 2889 1351 21 261 868 1292 979 3793 1739 2713 4425 1260 219 327 914 2516 3701 3482 2081 514 4496 884 226 3847 1386 736 4826 3834 3938 2805 1418 2939 4844 810 4820 1849 1378 93 463 4536 160 2127 4420 2085 2725 4587 325 346 3597 2517 926 2453 174 1742 4704 863 4123 4735 4789 252 1947 1459 1913 2333 2002 603 1838 4555 653 3745 3799 1271 418 285 2153 1814 4487 2923 1993 461 3400 2376 291 3142 2653 4017 2615 3810
248 3621 794 2096 800 2667 384 1293 4275 2687 729 4404 4125 693 14 3852 97 152 4217 1105 3758 1597 290 60 3120 4537 2954 4538 4834 4889 1642 1621 4391 20 3612 249 3119 4113 3917 393 4301 1135 3575 766 4632 3627 2679 4214 1973 1790 1450 4913 3714 1527 2841 2020 1612 3035 3468 1825 592 3174 1872 2464 1006 3644 3301 3424 3082 4684 3093 1731 892 4728 395 2771 1397 311 1772 3216 3893 603 2273 793 681 205 3144 4257 2430 3440 4257 1868 3374 121 4167 2088 1651 391 3818 1029 1318 3062 1973 1209 486 4042 3626 3063 3141 1269 2735 774 4558 3040 3964 3000 2315 1727 4170 342 561 1632 1009 3647 4061 3689 3341 3319 2841 3658 559 3873 3300 947 2945 3858 4895 3901 690 1177 1690 2913 3841 1464 1869 3487 926 3140 2851 2806 2287 4974 2191 3245 245 4687 831 3645 3651 2991 4379 3918 3147 4744 2133 573 4406 599 1715 4977 4058 1795 2648 2345 99 4072 1888 1189 745 4102 991 3720 3209 1092 3853 1148 4826 2110 4009 2972 3508 4524 3184 2183 989 1276 655 4967 1070 199
12 1533 1078 2080 804 4047 4900 1599 2984 4525 2049 4311 1765 3079 2018 3983 2125 3402 1621 130 4189 4074 2529 3120 3746 3503 1302 4650 3180 4849 2858 4762 4866 1075 4593 1900 780 2962 3722 335 515 332 2980 225 4397 3579 2478 1491 2423 2995 813 3764 1305 1657 2453 3169 216 3826 2294 375 3869 3879 2712 1544 4691 3116 4194 4995 603 2001 640 3602 4312 1019 872 2150 3690 4090 3158 4745 3990 940 753 3367 2685 629 1509 4924 1405 3267 1444 771 3415 2244 1974 4631 275 2205 4428 3480 1874 2246 4023 323 1971 1152 2733 2854 461 3767 4057 2441 276 866 2583 3338 1270 2028 523 4628 1688 3341 124 2670 1860 2732 1803 2314 2430 1597 2572 3633 293 3155 3259 2603 1797 1261 4509 1621 2158 3479 4716 3763 1318 3324 2143 3968 3046 1778 4816 3104 3217 4416 250 1127 1943 4546 1234 2107 439 444 286 3460 2798 643 1685 4010 1036 1833 4239 3664 867 2375 4361 4876 4906 1662 4789 3505 3424 4608 379 2940 4184 3436 3882 3117 1133 201 4704 4962 3696 4718 3452 2191 2793 1992 2736 2695
1329 3781 3563 4776 1870 1732 925 2040 2602 158 3346 4915 297 3096 739 2437 4136 4942 4233 4421 302 4063 1733 4537 3503 4655 592 2617 1523 2698 1585 1535 1374 4631 2975 2593 402 2514 1560 2477 336 2541 4689 865 464 4095 181 3256 3183 1391 2473 4096 1060 1724 4637 4040 3364 4765 411 4995 4555 1590 1505 4355 4130 917 627 4571 1009 3639 633 3579 1032 4477 314 1332 2482 3877 3875 2427 1355 3019 3473 1335 2255 4865 271 2200 4425 3143 1121 968 269 3095 4716 2556 2985 3908 3207 4820 3996 3692 3894 1655 56 269 3889 3719 4084 4606 2869 3605 729 1658 2659 4897 4657 2715 1862 240 1516 3055 2995 2665 4887 4312 4189 4641 1751 2488 720 753 684 4852 3618 1491 1139 3307 248 1378 586 1310 2680 1764 65 4564 4224 321 1124 4180 4065 4565 2033 1308 2143 2998 4814 2451 850 4751 1905 1010 334 3186 531 3983 4522 4339 1207 4496 1716 2096 271 2992 4687 430 1665 1301 2387 1696 1806 972 1055 68 2382 2334 1722 4250 3531 238 4348 1868 1730 2250 4616 895 1724 3455 686 2270
1142 3782 440 4943 3402 123 4728 4411 1580 2645 697 2788 4587 4131 476 4450 97 3785 2916 394 2685 4750 4284 2954 1302 592 2611 2550 3086 1669 1040 2876 4762 3806 2549 3448 1586 1176 2424 2824 2474 1768 4327 830 1215 3095 2455 2849 2872 943 4794 1004 3262 1299 3457 380 1880 4472 2208 3247 977 258 4923 2461 1733 4949 2546 4741 3674 2225 754 1097 1378 166 1452 1482 865 4371 2348 1697 2836 2985 1330 4673 2137 500 759 2305 49 1647 2916 4297 4945 1123 872 222 2680 3653 4870 1605 2345 1103 101 1078 1278 1879 3824 2343 1839 4197 3594 3708 4264 756 2846 4756 1989 2691 2992 3242 3825 684 2550 4095 3314 2281 4108 3063 1939 3614 901 4132 2020 1314 4499 3505 2458 4729 1001 4739 1406 2833 604 2315 3492 2412 3118 4215 4339 3339 4943 3685 3351 2184 820 3877 2429 3533 1419 514 1362 976 629 989 1177 1812 4316 1484 4990 735 3110 480 4398 2354 978 3810 1509 4083 4881 179 1989 3296 1180 4687 3032 1406 3406 2073 12 969 2555 1087 3923 3030 3509 3582 3706 3795 2253 85
3875 1300 1291 912 1047 3382 2149 333 4123 2690 2570 2092 2119 3457 1564 502 1630 898 3232 3685 4099 1768 3176 4538 4650 2617 2550 2668 1372 2347 1504 770 3584 4304 1557 1939 2304 3961 4430 4262 2305 2994 3399 897 3570 4517 1936 1258 1951 4267 2329 1215 79 3731 4560 439 4042 3352 4291 2830 2956 1056 221 4307 505 1031 2317 574 3200 3287 552 1740 3259 4311 4048 1387 3048 4175 4243 2619 2396 1836 67 2014 4798 3270 3407 1364 618 409 542 1418 1139 3612 2624 2858 1228 4142 2764 3685 631 3866 4974 2207 4394 456 2719 3892 1394 3346 2901 1797 3897 224 1944 3037 2869 217 593 82 1305 975 787 1549 3917 4986 4752 1209 3073 382 4313 3096 1049 1488 1704 2551 3865 1367 3253 1679 70 1369 2441 458 4768 1605 3907 2785 2931 348 1265 4083 2570 320 123 1651 4384 679 4699 1914 256 2402 2487 1989 845 3933 2105 4130 2905 1195 298 4876 240 3098 638 4184 2974 1598 4753 4083 2085 3729 1756 4156 1080 507 4951 565 1257 3061 4346 3232 223 3723 4049 2332 799 1854 3522 2387
242 3966 1461 1013 3433 831 2123 3473 4483 1426 3248 728 75 3384 130 79 220 2235 3592 1007 2363 871 3793 4834 3180 1523 3086 1372 4745 4847 293 3157 1436 683 1805 2481 3683 3887 3802 1292 340 1520 4050 519 4127 4801 4611 2351 3400 1559 3261 838 3374 1124 4864 4432 4325 597 1844 3517 2220 427 4584 1455 1449 2159 553 2259 1578 2201 2282 4845 1060 3499 3078 1809 2474 3232 2378 4960 1840 2199 1965 3413 1519 1433 3108 2539 3712 2680 2514 2640 4963 1182 4412 3506 3779 861 1572 4110 151 685 918 3767 4650 1949 3586 3513 3950 2242 940 2973 1883 3852 3373 1484 886 3742 2070 4458 3408 4463 3803 2048 3696 1860 1691 1035 1231 4565 1547 3432 3497 2860 130 1256 3206 3831 2416 2256 3910 4545 4900 2604 4641 1080 1455 106 4851 4497 1948 2971 2280 2222 3950 2989 3954 1040 18 4263 246 2359 3610 2657 3003 3491 2016 2578 2564 343 3379 3877 1555 560 3948 1396 10 2624 3066 1741 3571 4820 1611 4760 3510 2607 4367 1663 1051 252 3588 658 911 4235 3857 2435 2936 323 4972 2889
2998 3713 4527 2676 47 483 729 4780 3432 3101 1684 2120 957 3042 185 4482 4404 235 2170 3164 2543 996 4412 4889 4849 2698 1669 2347 4847 1156 4717 2396 1229 4992 625 4282 141 1659 2889 771 4529 2391 3677 3666 2742 740 971 794 4591 4027 4451 701 4950 1064 3780 1388 2543 3634 1921 2476 118 1678 4451 3903 1751 1309 3308 687 1787 141 2006 341 1680 4719 2003 299 2805 364 4972 1844 694 2918 252 1565 2965 3584 395 2297 4528 2226 1057 2897 4578 104 1003 2931 2022 4277 50 2077 1742 671 3602 4991 997 4490 639 4517 4249 2346 3650 872 3452 2460 2804 34 1730 4509 4910 3195 2387 1893 3166 4534 4364 183 1884 3786 2982 1445 4542 430 1176 4544 2046 2057 4345 3387 1237 1452 1434 2467 3575 1407 438 406 52 3616 1416 3078 4432 1413 3890 4919 1532 1393 4486 327 1116 2852 1070 666 1424 550 3868 2225 3771 4471 3104 1229 3214 4512 541 733 703 3667 4756 2126 1693 3594 3781 981 1812 3881 3903 4964 2612 4409 1720 2629 4814 2533 4002 1750 4959 730 4168 4500 282 1717
1137 2578 2071 296 3144 1059 1765 541 1450 2863 4472 631 2302 2932 4191 1960 2981 889 4137 2489 1472 2606 1666 1642 2858 1585 1040 1504 293 4717 430 2363 4878 4747 3414 3057 2239 4453 3632 2032 3217 2236 1193 257 1057 3098 2686 3460 57 3701 4840 305 1092 288 2689 3807 35 295 4946 2553 3312 3705 784 3792 2770 2123 3006 154 3522 154 1659 4745 3761 619 2173 74 1130 3937 3901 2948 34 841 1016 2061 1836 3685 3611 4738 1382 2649 4503 3270 4855 3114 131 1145 3841 2069 2786 123 1657 2873 993 3412 4152 257 2219 2032 795 2267 462 3949 323 3659 1261 1555 1512 36 1550 3625 898 1686 3712 3806 2527 1671 4644 4497 1488 4796 4108 3851 3518 2597 4426 4676 1277 3094 3507 2228 1055 4694 3154 2596 3028 83 2824 296 483 905 2224 4980 768 3007 3832 984 2480 1497 3710 3434 4600 3874 3982 2357 4948 4733 741 4845 1499 905 430 1290 4414 2956 2819 4304 1602 4636 227 554 4035 2240 104 4627 4101 4736 4130 4679 113 3706 1548 1881 4918 238 3360 1523 910 4390 1051 4959
980 405 2997 3858 3296 837 3535 501 2268 909 1459 4448 2721 4882 3900 624 4769 2221 4005 1620 3835 4926 3628 1621 4762 1535 2876 770 3157 2396 2363 2464 1867 274 1040 323 4682 1165 1686 3481 2110 2944 4196 1391 2710 4833 2110 2307 3584 4745 4995 178 3081 517 1311 4085 4186 800 1525 3430 2699 4835 1453 3666 3294 2998 2324 2285 1450 4293 28 2507 3476 372 4533 2907 987 2581 3829 130 150 901 3350 3833 1883 1455 1735 2592 197 1253 4694 1722 146 1712 1984 3756 866 49 3117 4755 420 221 1997 3183 1293 3524 1484 3803 1873 2644 3969 154 2174 2380 4740 4605 2699 18 4466 3163 546 3222 2280 3804 1071 4192 4507 4176 2436 1783 4769 3227 2867 3616 938 3282 1436 3506 1775 47 1039 4687 1559 2803 65 3353 2076 3749 3903 2163 781 346 681 3761 3508 4258 1134 1137 600 3022 3014 3392 1015 2931 4767 1600 4210 1336 4159 981 4589 4828 2843 2922 3797 3223 2623 4890 3470 1963 1207 1318 4469 2923 3859 2309 4733 2425 1412 1420 4312 435 3743 1592 1135 1334 790 3323 1398 2153
4968 3959 2902 2761 3374 2077 848 4715 772 1617 2974 3951 3546 4663 207 544 1127 3521 4258 3163 4802 4679 2195 4391 4866 1374 4762 3584 1436 1229 4878 1867 3182 4782 4599 2530 3457 4310 3439 2445 4026 1317 1071 533 2235 4369 3304 1710 829 2031 2632 4491 1913 3658 3523 1138 3118 2573 1300 2174 3543 2959 3597 1441 907 849 4394 590 2284 3188 1349 3483 50 2524 28 1526 362 1088 3857 3310 2196 4814 2006 1210 3675 3043 735 3104 4658 2163 695 3536 4178 809 4780 4432 1248 2534 599 2622 429 3060 2170 3186 2560 3204 2567 936 4013 255 2798 2768 4990 809 4709 1734 4392 2488 2125 2744 3069 4517 1109 1971 3416 4689 2127 2502 407 1573 93 3067 2245 2440 4434 844 3700 2302 2656 1711 1575 2786 3914 1308 2890 1898 3806 714 3788 1617 2717 2950 4118 3617 4110 1912 4461 3145 4248 4549 1056 4368 51 2812 4375 4008 194 3891 1727 980 3986 1250 4313 102 3874 3830 4288 431 1172 3775 881 3061 3705 4286 189 4786 4325 3941 4385 397 576 3552 254 1504 2335 780 534 2324 1084 103
4642 3092 3982 1389 4447 4697 3867 3421 4858 3212 2576 3807 3023 2124 2150 4229 4419 621 3364 1135 3466 2947 515 20 1075 4631 3806 4304 683 4992 4747 274 4782 4668 2485 1895 1341 88 1517 1989 358 4550 4628 547 2628 3591 4430 3472 2655 2879 4432 629 4286 2538 3175 1490 2209 3848 1724 4435 875 1896 2654 4226 1215 1265 1634 2509 2864 2337 311 2554 3823 141 4629 3679 3777 3306 452 1600 1139 1149 1535 4567 2049 2984 1842 1215 1342 1493 39 4640 2054 4967 1843 4750 3772 2898 791 3427 4313 611 1023 1480 1442 899 1082 1176 3173 3863 2344 4682 3071 1268 1515 1917 151 3622 740 1332 2562 1702 4273 3793 2416 1705 1126 3141 2153 272 1080 3706 2424 3980 3832 616 2134 1353 644 3618 1155 3837 999 3054 1424 3503 4549 2112 2216 2367 1357 1639 2765 4447 960 4045 817 2857 1661 928 4510 51 2257 3971 3820 3527 3792 826 12 2561 4059 3527 773 744 4884 1387 3168 3752 4363 4444 3408 1996 3058 2792 3488 4011 521 4287 3616 1454 2649 807 3550 3968 498 2060 4422 3699 839 4745
3589 4098 4725 1659 379 2022 1398 4065 3485 43 3786 2405 3177 2329 4695 2182 2515 3004 1087 555 544 3452 223 3612 4593 2975 2549 1557 1805 625 3414 1040 4599 2485 86 2767 523 4924 4023 4423 1582 3015 4306 358 2620 2776 2893 2060 4130 3672 92 2018 1291 4493 2071 368 2709 4669 2565 165 2493 445 2275 3268 2312 2837 906 4637 4822 3414 4932 3093 2166 1774 1328 4992 1525 3246 772 905 4915 362 4277 1599 2571 3510 511 1995 4994 2203 790 4471 4535 4774 2101 3979 2186 2480 783 464 794 4801 1598 4277 1920 1243 4826 3953 3547 1176 3112 41 1010 2575 229 891 244 4069 4248 3541 2845 2480 692 3910 232 4595 1469 451 792 1575 4538 731 4239 4124 678 2737 479 3215 2046 4696 1220 3776 911 267 1200 1486 2807 3772 1678 3777 3978 1227 2691 3235 828 2844 3037 3718 4844 4288 533 1719 3722 2848 3291 3004 4743 111 1576 2301 4251 2065 30 4014 238 4270 4785 1320 1808 2964 177 1442 564 154 1928 30 1605 3225 796 532 2124 1206 3810 2470 1948 2517 4361 265 1973 3955
2238 1146 4071 4500 1027 4298 1916 2279 760 642 1971 3472 2570 2830 284 1615 3939 3426 4422 709 2905 3339 3604 249 1900 2593 3448 1939 2481 4282 3057 323 2530 1895 2767 2987 68 3807 2191 1039 3603 4956 3239 4958 783 2905 3708 3234 1958 2550 4679 3420 2407 4678 4428 3857 1336 4097 2455 192 2090 3987 108 1950 436 199 1859 2188 391 4929 2686 783 2437 4671 2715 1979 3817 2513 1582 3059 2863 2160 3427 1516 1826 345 4910 2704 3450 3128 1778 423 3686 4960 676 1249 3321 4860 955 2452 1481 2635 1710 4015 3280 793 4242 2898 1896 503 1083 2319 1875 1389 2064 3158 3502 3667 3931 421 1054 3084 2792 2672 1507 4420 1034 2501 2731 3433 2747 4253 2314 2157 1590 4900 1228 2921 4357 3485 3315 82 4749 1133 849 216 3432 1977 3789 4197 2288 4513 2675 3619 2075 891 1765 2535 1762 4111 1458 2642 3911 999 39 2407 560 3118 3200 3005 4583 2733 745 1415 61 4386 1537 449 1016 3132 873 2796 106 3198 324 3432 3939 2093 1349 4592 757 2044 4659 685 2017 454 2107 4043 236 447
1522 2977 707 4194 221 4321 249 604 834 1461 4495 77 1616 2453 333 3357 3847 4815 2978 775 1561 1556 3071 3119 780 402 1586 2304 3683 141 2239 4682 3457 1341 523 68 4184 1041 172 2077 2036 662 35 3723 1613 1123 2249 4162 3003 1813 95 3635 862 598 2338 2484 4291 639 2650 2005 4339 2624 2650 613 3620 4342 1235 78 3103 4790 4486 3911 2653 362 2295 1996 2449 609 1149 2177 2229 1804 2494 991 2495 4377 1537 1787 152 2100 4637 1110 975 804 1551 4479 496 929 905 2655 2140 3023 2231 889 4167 241 2260 978 4935 3900 4568 3404 1209 1989 3285 552 4544 476 2663 2661 4951 2363 4415 542 4272 3209 3775 3692 1171 4125 2146 3041 729 1017 185 2138 4114 2826 3891 2087 4720 1793 4404 119 1906 1625 4945 3412 426 1306 800 4739 846 4967 499 1097 4994 4604 2806 828 4676 223 4958 4271 4174 1240 1976 3782 1388 2601 4184 3213 1117 955 4370 3628 605 372 1990 3719 665 3584 1180 2873 2916 3972 4972 4796 3565 1952 417 4031 3082 2978 1137 792 2045 3152 539 627
903 2116 2356 179 676 2489 4950 4414 4128 731 3993 1239 4608 2555 1673 290 4525 4543 448 1901 3807 3689 391 4113 2962 2514 1176 3961 3887 1659 4453 1165 4310 88 4924 3807 1041 3331 4263 1926 2436 2390 1117 2674 3631 3866 3906 1845 558 345 2553 2595 3837 4409 3596 2962 2635 3503 1479 4822 4303 27 4342 500 1237 135 4854 1748 333 2996 106 1455 1323 1797 1176 4667 2512 4481 2737 1212 1954 1343 2520 1322 199 4869 4749 408 4339 3736 521 4501 3757 781 4720 1504 3255 148 896 164 4770 586 2875 452 2479 1598 3680 504 869 4699 4077 3458 169 2550 2514 4324 2791 89 2329 2086 2905 964 599 3641 4237 3775 1475 2462 3603 3956 4229 4931 2184 3843 2545 1601 3620 489 1636 2283 1768 2459 786 1641 801 3595 1320 841 97 1633 1062 1025 548 2359 3192 2702 2509 3303 661 4186 2375 779 2116 482 168 3434 3015 2058 2403 3232 3707 4730 4299 1771 3030 339 707 657 2287 3049 3962 1418 2458 4832 3298 1495 2337 4333 4098 4052 925 4380 4677 1892 1867 2902 1721 875 2472 3396
4738 1013 3098 1646 1044 4024 54 1686 3442 3473 1372 2707 4710 4344 399 3503 3557 4770 1249 2983 3612 1702 2118 3917 3722 1560 2424 4430 3802 2889 3632 1686 3439 1517 4023 2191 172 4263 4529 2815 2528 4802 3001 1710 684 229 1504 3711 3109 561 1889 3595 4217 2632 3960 4561 3269 3927 411 2248 2538 1376 4382 2245 3136 3206 3641 3062 1219 1806 4169 2925 2034 2745 77 4376 4233 3066 1886 3532 4100 3282 1820 2642 468 4107 2618 1303 3772 1176 600 3618 1138 4332 4890 3148 1000 4917 3061 4504 3956 4173 2149 3345 1296 4378 280 546 4881 1726 4114 519 285 2905 4298 1471 766 3309 1809 1566 3543 3814 1001 4515 4515 3094 112 4333 3038 2685 4075 3103 1545 2375 2393 3517 2541 1178 1094 2054 1714 252 1886 1981 4206 2329 3142 638 2727 2897 4072 2607 2249 1098 4391 2654 2261 4790 802 567 4196 4399 2175 1098 2200 3748 4683 4986 2903 3087 1477 2750 464 2354 1302 2237 640 3671 3694 3050 2322 1960 2063 2156 2551 1416 4523 4803 549 1230 2054 4926 2067 4327 1448 2904 1384 4122 1805 1517
475 4143 2815 4577 3598 4687 1340 4029 667 2254 3963 3430 1976 2678 3052 2607 1075 2644 2293 4876 2937 1967 1492 393 335 2477 2824 4262 1292 771 2032 3481 2445 1989 4423 1039 2077 1926 2815 4484 1817 3349 3308 160 1056 791 3164 228 441 1188 1410 4943 1155 1016 4021 1043 287 4316 1068 417 4161 522 2811 2319 4086 492 3645 640 1091 3933 842 1172 310 4660 3645 3117 2536 3423 4317 757 1264 1015 1146 51 2451 4363 2110 4403 1599 4476 1399 748 2588 4045 4221 2367 2008 4045 1728 262 4570 2953 1314 2632 907 2124 522 1095 1282 270 183 3131 2786 393 4019 2652 3375 2542 1873 3620 1382 1174 2757 4444 1608 1013 3755 917 1501 2708 1493 45 1882 2184 4426 2372 4987 3668 485 1702 4946 2922 4845 779 1561 3346 3140 4626 4782 1863 4363 163 4200 1300 2010 4496 2272 1778 4104 3116 2723 2551 4110 4472 3559 2015 2294 3918 2611 2535 3276 122 2753 2643 3599 4236 3796 2131 4204 4252 1305 3748 1736 3418 4324 1471 4385 3330 857 3366 1884 1429 4498 3426 689 1168 3371 3936 3983 1556
