N: 200
M: 50
Symmetric: true
Triangle: false
3 18 165 29
2 76 124
1 107
4 13 37 47 35
5 149 28 15 184 108
4 142 160 22 122
8 146 167 194 99 191 64 126 51
3 58 197 67
3 23 102 88
3 136 66 159
3 185 181 36
4 89 192 83 140
5 92 186 80 45 2
3 110 73 49
2 141 127
4 182 176 82 96
5 114 153 95 40 30
7 72 19 134 170 70 158 44
4 68 53 101 135
3 31 161 17
9 54 10 21 74 152 151 91 130 75
2 144 128
4 132 168 25 1
4 41 56 90 16
4 109 50 78 26
5 94 133 187 177 8
7 155 87 39 62 156 103 20
3 5 157 98
5 38 113 115 104 48
4 59 61 163 188
3 147 154 46
5 69 33 100 164 85
3 173 4 6
5 65 131 12 116 137
5 11 57 93 198 84
3 189 81 111
1 9
6 199 166 118 14 200 143
3 138 180 196
4 119 190 71 34
5 139 148 86 24 112
3 55 121 172
2 145 150
5 174 77 42 117 105
3 175 79 63
2 129 3
4 52 106 123 60
2 125 27
6 169 183 7 178 97 32
7 43 193 179 195 162 120 171
1286 3207 2191 691 4904 2500 937 3205 444 4890 3025 154 4923 2814 2002 1424 2911 1105 725 97 2880 1254 1207 4903 4130 1378 3288 2228 1255 2310 519 4641 4057 4054 303 3600 2560 3994 4750 3006 1760 2261 68 1943 3608 1576 462 2371 420 3596 618 1001 433 2146 887 581 2705 59 1630 1598 1128 2584 50 4859 631 928 1791 3006 2137 1194 2053 2186 4978 2082 881 2642 519 3757 746 613 3476 941 1889 4222 1118 840 3491 4035 2928 3778 698 1970 1245 4588 957 2782 4564 77 4248 2723 2127 3013 4212 1111 3788 2414 2809 2648 856 2230 1815 3915 3335 4188 1630 3129 382 4873 632 691 4449 1490 4370 701 1898 538 1072 4322 1942 1194 2973 4190 4291 4862 85 2700 3390 1608 3366 4578 2448 2625 2863 705 509 826 2927 1083 739 4692 1372 867 3850 213 516 4992 3989 1093 3207 2453 873 820 2840 2065 3366 4879 179 1012 4982 1965 2592 4193 4853 3848 1254 816 3767 3728 4243 4709 1063 2897 2468 2456 4235 632 796 1429 1421 3702 99 2356 1387 1064 2691 71 2043 36 563 288
3207 216 4369 1832 4551 3400 172 4987 3182 513 4558 3944 3393 3431 2283 1077 757 1776 4840 1648 3172 2825 474 1247 4930 3266 1434 3744 3780 4842 2164 356 2698 3202 271 3051 2032 3366 4633 1416 770 2982 4755 4841 3998 2636 2807 4875 4836 1207 428 2301 2799 2772 1911 4116 1805 3208 43 4367 3343 3445 2342 1470 2497 4040 1254 399 3360 3099 4913 1822 4203 2534 4150 1320 1693 191 3980 3975 4388 950 2667 2380 276 1500 2404 1478 3205 4049 417 3182 4858 1730 4676 614 3141 3366 4647 529 1876 4352 4052 3703 1376 2996 725 1539 4773 4606 2328 2585 4284 4349 1139 1716 2624 4538 4860 3556 4327 303 2918 355 4055 1047 1496 4271 672 2118 3973 3484 3525 4417 1129 2636 3415 2457 3331 476 296 609 701 2288 645 4226 1378 962 4415 1569 4096 3794 1565 2915 2705 632 2483 1521 3517 1524 2930 1712 404 412 2161 4042 3661 2942 4033 314 4710 3702 1137 234 342 1270 4763 272 2761 4332 4606 4637 3291 3700 3755 2760 2993 3595 840 2900 2545 2505 2204 275 3100 2900 1728 2798 4951 1825
2191 4369 2840 851 4757 2477 1857 4647 4108 3323 1311 1114 1310 2420 1294 3036 4188 1287 877 1514 1369 2644 4535 2836 3924 1404 2370 4929 4205 1932 2454 2405 4169 1055 4707 349 4082 3494 4852 1186 2366 4982 1766 3083 435 735 4892 3847 2672 2232 1671 4756 4839 2406 3985 3008 4990 4761 4300 402 2294 3565 2128 1134 196 40 4436 2288 4590 1659 2328 3513 2445 4804 4269 3607 4827 968 2887 998 614 2743 3560 1089 3579 452 2261 2388 1846 1322 3290 2338 675 3000 2171 4806 2268 2527 464 146 4170 829 2042 1736 1012 4756 2148 4373 3716 1723 3981 3339 1624 4200 1837 1370 2820 3317 266 4975 4267 1346 2856 911 511 3246 4547 1009 4698 3907 2872 340 4061 844 3864 39 615 723 4857 3048 2999 1431 2983 1668 735 2247 4944 456 405 3614 1452 667 99 1213 1555 625 1359 3978 758 3305 2564 845 2681 565 4274 300 2863 3402 2656 4402 2230 1243 3519 1960 3316 2025 2076 4770 704 2964 3899 4393 4192 4795 2370 245 4761 498 1094 2102 573 1724 91 2653 4509 3161 2766 4873 1024 3993
691 1832 851 4660 2047 1223 2795 1606 2027 1149 3138 1163 1838 1355 3365 1587 1304 2544 1623 1701 626 2257 1211 4334 2856 3515 3998 2118 524 4344 4961 3325 4323 2036 2940 2327 795 1464 2448 3727 131 488 1339 1996 141 2834 2868 1238 4601 2478 1586 11 182 159 789 1586 3052 249 3485 2420 4048 2241 821 362 4716 3875 3428 664 4830 4491 577 446 4772 793 3392 1972 2617 3906 531 3027 2382 877 4859 3914 1282 568 1139 4613 1057 4209 1178 2665 2621 2422 4593 2045 965 1459 2211 972 3159 2503 4496 921 832 2961 1953 3978 3751 331 3212 3892 2524 146 3773 1040 2051 944 1658 3218 2318 3122 2964 480 2087 2978 4786 1063 1109 1782 819 2184 345 1296 2140 861 2555 1433 3403 1348 263 3266 4764 3256 4063 1026 80 2528 1540 4388 260 3890 218 1918 1795 1458 3265 2878 1717 1087 1864 2733 4240 3604 3290 4057 4529 1879 3145 4590 3035 1961 2664 3031 3581 1303 2808 238 2977 999 3779 4035 1010 2228 2052 345 4503 3764 1420 2880 2181 3356 896 924 2765 3507 3849 3489 3897 4684
4904 4551 4757 2047 3567 4737 4911 1613 1265 3926 1993 4485 1761 4719 3247 3298 3687 3645 1451 1663 2204 2724 2804 4304 2737 3841 441 3888 383 627 1346 4563 4590 4759 291 547 2934 2977 822 450 2128 3491 1431 1341 2483 1110 1475 4530 3339 4592 246 2247 478 996 4141 807 978 2836 1177 3369 1760 2307 4423 2425 4781 2870 1195 4496 462 3825 255 1717 1821 51 4440 3462 1887 539 2309 4850 2204 692 1139 4760 433 970 1010 4251 1722 753 43 4119 4886 29 1673 4771 1421 3721 213 783 4088 4729 776 1423 1840 759 3629 1829 3413 2129 3916 1084 1767 616 2006 36 3664 2404 1511 2382 2687 3437 3135 2167 1735 4052 2912 2310 306 167 2755 2199 4439 1701 26 1554 1454 1408 122 3574 56 2576 4245 1567 1199 1036 2236 2870 4429 1201 2852 327 1962 2254 2531 3960 1788 3734 1145 4675 3670 1504 4168 265 3676 4721 1148 94 2015 4192 3210 4412 4319 1955 718 2491 3871 1591 1822 1616 1505 4211 2485 4177 832 2746 2702 1464 3021 1436 67 3911 4096 1247 4825 3558 2188 1984 4675 2287
2500 3400 2477 1223 4737 2477 4535 2535 4976 1664 893 3402 4370 32 471 452 2767 3069 1135 3933 3327 1148 4344 594 3014 4177 3035 4320 78 4541 1412 594 3026 1101 4534 913 4601 2659 3332 4296 1919 2167 1901 4894 3103 2183 4395 1318 4526 3536 2548 1584 3735 2158 1720 3814 137 4459 1157 4712 4920 1442 164 3886 2071 1837 1737 4425 3749 2677 4264 1709 3598 1117 4911 2023 480 4096 835 1324 544 1161 200 129 4402 2736 4538 2230 957 1672 3675 3653 458 4149 1169 3957 2663 655 1709 1295 745 3123 3807 556 4302 1404 3972 1864 4505 3695 4401 4078 443 539 2283 2977 3113 1426 2771 2058 44 387 1094 1148 3415 3262 3297 953 636 2202 4443 1091 4967 2896 74 1027 102 3369 16 4817 3087 1417 3021 929 473 211 4468 4951 4971 461 724 3232 489 4270 2280 3663 4804 280 1736 1475 3243 1465 1323 4279 3748 4347 4010 1591 4641 586 4456 3914 247 21 4545 675 1023 3473 1659 3235 267 4656 542 1319 2468 130 2298 1940 3136 1422 3121 2471 498 3773 3822 4443 2474 4478 1959 2407
937 172 1857 2795 4911 4535 1733 1924 1183 371 546 3329 64 2397 3167 3229 4598 1671 3705 1217 934 1335 1454 1714 2543 4795 1608 301 4668 2489 2789 767 4507 2606 807 2341 3473 3947 1534 234 3776 510 1335 814 2383 976 3771 2278 4847 144 2546 4236 4446 663 4548 1439 850 3949 2131 708 174 3215 868 3170 1932 979 3945 1762 2312 3611 3002 2911 3832 1101 4440 4079 543 1840 4375 4974 1556 2897 2847 2540 3936 3550 1681 3820 4292 2143 1849 3339 931 1526 2225 949 4364 3606 3616 4491 1369 500 1111 2449 4822 4886 4066 3879 4519 3445 4239 2597 3461 3510 2680 2913 4089 871 3650 4067 3488 477 3294 1443 3103 1410 4085 628 399 1042 415 854 303 3041 3053 2952 1913 269 2474 1135 503 4995 2117 2584 1101 466 3115 2117 2590 4582 4688 924 2561 4727 2748 1020 1982 1755 4153 3649 459 1246 3608 4519 3070 4713 2575 4018 1161 579 2497 2297 2796 2847 2278 4634 3149 4314 53 187 3998 2666 3272 4746 1319 812 2071 2430 4212 1787 1460 2942 765 3300 566 3930 874 179 4749 2113
3205 4987 4647 1606 1613 2535 1924 3850 3416 3594 4611 177 4206 861 2260 4840 270 4713 696 2320 1313 454 3131 381 2589 2581 1115 947 2403 3563 1501 2178 3902 4071 2702 912 4376 324 2921 1985 10 4734 524 3688 484 1608 3755 1026 4673 419 549 637 1833 1338 2543 1608 1999 2531 1210 1280 2130 350 1390 128 2975 1821 4223 3641 4840 1465 4577 2362 2894 1227 3665 207 4515 525 2820 315 3523 3486 1166 2682 394 229 4857 1589 2467 2882 2622 4227 721 3797 4091 939 3224 1452 542 886 2813 1572 4207 2865 1599 1205 1559 2999 2859 3000 2946 4583 4105 4012 1014 3033 370 4109 2609 2316 4120 1418 35 767 2619 3962 4266 2900 4305 1585 1887 2728 4768 251 4289 1064 2433 1817 2322 535 540 301 2221 3142 244 665 2983 3397 1534 356 279 3629 111 357 3044 420 2950 4084 3034 428 1248 2115 1612 1735 1338 2072 4809 2572 1707 2349 4877 4683 2300 2917 1015 4755 3039 4979 3675 2915 3861 2632 2555 1691 1261 1277 2009 547 3128 3978 2290 3170 2272 449 820 3390 4982 2381 2371 3696
444 3182 4108 2027 1265 4976 1183 3416 4603 1571 1598 1983 2021 3595 873 2029 233 3337 4189 3786 855 878 238 3216 2670 2365 1214 1847 2553 3199 1794 322 1452 1812 4943 3086 4559 98 1134 2400 397 4623 2302 2406 2261 1001 161 4552 2698 1907 3791 786 1187 2094 1803 4927 3681 4125 1343 2982 250 3693 3724 2676 371 2191 4809 3324 1840 1611 4909 2053 3950 896 794 54 2704 450 1812 2133 3668 1690 1910 224 2570 4803 4913 1787 1613 1897 3579 3654 3777 3249 4625 4011 3494 3968 223 393 740 1380 2421 3357 3593 2710 1567 3506 1484 1055 2157 943 2140 1077 4246 990 676 1555 602 3118 1809 2356 2225 4542 4266 281 738 1055 3277 4308 756 4550 4023 3890 1389 3565 3277 2346 4994 4427 3346 4216 2937 2261 1888 2913 3186 2292 3183 3703 1789 1879 1037 841 3057 3732 2121 4636 3605 1025 2142 2955 1532 3648 778 1436 1691 1747 3028 4092 3838 3245 4236 3914 1652 3976 1118 2327 3949 4269 4494 3675 2250 4388 1466 2119 2974 3652 1470 182 4347 2185 2558 1762 801 2885 898 2435 3506 2194
4890 513 3323 1149 3926 1664 371 3594 1571 172 4889 2369 4541 1473 3923 967 1260 600 1268 4937 3851 3237 4460 2964 16 1960 4849 1427 3367 4541 742 1467 664 2648 4397 1608 303 3923 1461 943 3976 1995 1012 1460 3558 665 1647 1466 4345 2670 4988 4994 355 4701 3862 1441 3977 241 1047 933 1775 2539 4111 3622 1321 2079 3851 4235 3497 978 2702 2981 4601 2416 826 4136 3372 3926 1449 258 4762 2652 4063 169 4791 3095 1940 250 4903 138 1465 4082 2221 3201 2044 1895 4073 1174 1538 1150 1831 4239 1331 1401 2389 578 20 1740 960 4592 1387 1828 2420 1989 1330 2562 689 1906 2941 4166 3847 1201 3009 4641 4375 1384 2951 4533 3658 4873 399 3151 4907 4371 1448 4918 4936 4802 1194 1498 1524 1426 3125 4065 3063 1432 3550 631 1720 565 4029 1717 810 1205 1590 1478 3635 3286 4036 2063 2977 1680 1845 1484 565 1049 4401 3844 2541 242 2540 4896 223 1422 2661 2513 2225 3699 3701 12 3421 1167 1379 735 4568 4609 4709 2115 3501 763 978 1375 3721 3935 3238 1269 1009 4265 695 1179
3025 4558 1311 3138 1993 893 546 4611 1598 4889 97 4858 2684 3752 2633 1343 1046 1434 1268 1156 1964 484 510 2402 4789 2298 2292 3362 841 1897 2414 882 3609 3433 3475 2288 2188 4179 2354 313 580 984 3693 3126 3311 3342 192 1159 4148 4992 3171 4964 3687 76 1452 3460 4364 3427 2124 4024 3382 3162 2908 356 1551 603 2380 2342 3657 1259 197 4489 4189 4287 534 3843 2293 2622 1896 4561 975 726 1449 1935 3613 1514 2023 4567 897 3367 4484 171 2600 2283 379 2190 2912 666 502 1762 2828 466 1160 2645 2013 4199 4585 3463 4304 3750 2577 2801 2346 2218 1320 3804 134 1771 3281 1200 4978 1211 3008 3448 860 3400 3413 4454 4941 4917 141 3111 1977 4726 3403 1518 3745 4809 669 139 95 1833 859 2093 2861 168 4304 1737 3669 812 1958 4468 982 367 1113 4256 4092 4397 3202 1754 3623 4827 60 3205 4179 1385 1580 4099 4665 2431 4630 2399 1014 3739 1107 4356 2092 1658 3153 1463 1055 2978 3675 926 4044 4880 1839 2562 2260 1932 30 4047 3413 1446 4292 676 1368 3752 4335 3939
154 3944 1114 1163 4485 3402 3329 177 1983 2369 4858 1492 4464 2469 4856 3282 4285 3067 3786 3629 4027 3148 528 351 1617 3684 3729 2700 3074 2534 1857 2657 849 1767 4919 84 848 2244 1987 2112 4223 3045 3026 885 947 3585 2012 228 347 165 2071 2346 2079 1350 2557 4070 359 4945 2087 1901 4611 4911 3196 4328 3553 3902 4522 2531 3288 4696 3233 3173 2883 2564 1703 3489 368 3546 21 4728 2856 4410 3451 2257 4384 1465 4877 728 1110 3844 268 1380 1990 4564 4709 1365 1853 3644 1959 3223 312 288 448 2951 1450 1266 2151 1127 4684 1121 913 1083 2703 1081 2259 1778 675 2042 1551 3710 1884 582 2371 3972 574 3141 1096 1468 4631 4975 4029 801 1878 986 81 3796 2608 4696 1573 867 1306 2759 1925 1569 4083 4911 2056 1472 2958 133 624 2306 4062 2279 4476 1315 3529 2690 801 2586 2075 4002 2312 1180 370 2080 4064 2462 536 1900 1932 2260 4024 1811 3446 951 3012 1126 2495 4314 2932 4968 1208 3822 2746 1650 2138 805 3119 1536 4108 1739 3315 4444 4162 2303 394 3793 1210 695
4923 3393 1310 1838 1761 4370 64 4206 2021 4541 2684 4464 1050 4736 3461 2549 1707 3062 1649 3882 1639 1693 4548 2466 3204 1974 963 4243 4091 4934 1496 188 944 1054 4868 3998 2696 3316 1296 2385 3267 3736 2406 1612 4822 3596 3288 317 180 2341 3729 4025 3916 4774 4645 839 2892 3218 4779 3601 3213 18 532 1046 4069 3089 404 2086 3888 1145 1752 3275 382 214 848 1918 2322 4439 929 3056 2849 2353 362 957 4758 2950 2637 4653 1185 2306 3609 3563 3947 3614 1079 3218 1437 907 1327 4886 4494 4565 3954 3402 1779 4441 3028 2127 3818 1403 4656 2963 2898 4090 4562 2445 4064 669 3667 4422 1700 2590 2461 1871 3000 3815 3128 3398 989 2211 2595 37 1461 2561 2300 2082 1594 606 2188 1898 370 1695 3359 1812 3907 4393 2927 3824 3588 3365 2191 1963 4455 1200 836 795 4683 787 3153 2984 2020 1112 3954 489 3152 4105 4724 510 2334 2481 3727 4172 2723 4293 2105 3882 4799 3975 2077 2889 2068 2458 1283 2601 4386 2759 4076 4438 64 4738 1300 3042 2549 3198 4647 1834 390 4335 4533 1668
2814 3431 2420 1355 4719 32 2397 861 3595 1473 3752 2469 4736 4480 2849 3890 3178 1822 3268 1721 2273 3996 1096 1149 726 2234 2665 3835 960 3030 933 2664 3843 4724 3059 1623 1606 3302 2816 4901 2728 2039 2157 3772 3185 3923 4748 3646 4480 3117 390 3959 1744 2230 566 4008 809 4813 4050 2786 4750 4848 4439 4924 1532 1721 1112 1171 2623 1135 1386 179 3829 4497 3945 538 3924 1153 4462 3100 3392 4013 4168 849 3603 193 4836 3018 3945 2603 74 2251 1469 4421 2241 839 2080 3908 1492 218 1460 4323 1549 4868 2194 3061 794 937 313 4710 2402 3454 1798 4183 235 4712 4287 3876 4580 1541 2294 3921 3630 2913 3580 4194 4791 3507 2887 192 67 2127 1158 1226 2432 2622 3236 1239 2131 4200 3948 4960 4501 139 604 3106 812 2332 1695 2290 4453 4106 455 836 1562 1432 2571 2817 2075 4544 2872 3926 1771 2591 2691 771 677 2080 1552 2344 1286 1788 3725 3212 4234 4262 3364 2126 795 1967 3478 2570 2228 3560 4097 2216 3532 2993 4914 4677 3584 2101 3727 3256 3088 3375 3172 2244 2803 2020
2002 2283 1294 3365 3247 471 3167 2260 873 3923 2633 4856 3461 2849 4234 3207 315 4826 440 957 557 928 4958 2165 157 2617 4430 4514 4242 1812 504 151 315 980 3545 1561 1020 3310 3249 546 3112 2201 2097 2700 3925 2734 4153 1978 2978 4968 3301 1937 3301 1577 1579 712 1905 4603 823 2276 984 4354 3465 2221 1433 4227 3281 438 793 3109 3318 2823 4217 513 776 2297 3906 2998 2543 2221 4860 3917 505 3855 561 210 1727 3562 4489 863 3483 4328 3642 1355 4079 695 2744 2337 100 1389 149 3262 729 642 4684 818 1295 1561 4576 2551 1893 4301 218 1122 3340 1035 4973 2830 2659 3017 2020 1679 563 4345 2324 4226 1806 1533 91 3735 4765 4763 2273 3756 4783 4415 11 2392 3360 1023 1224 4511 3578 1144 2940 1285 4993 3652 3308 4830 3889 4888 2163 566 1780 4124 725 1741 680 3773 2617 1220 1588 1082 1248 369 4385 1088 2544 4651 1177 1225 4979 72 3810 2188 2030 2036 2631 4391 1195 2083 1856 2187 3229 4325 2317 1089 3271 453 3904 1631 4877 2559 1324 2857 160 3250 2705 1721
1424 1077 3036 1587 3298 452 3229 4840 2029 967 1343 3282 2549 3890 3207 1893 3278 125 4737 3239 401 4399 1258 2092 4483 3220 3016 2794 4794 1665 88 2126 3818 1832 1628 2520 2440 2100 1904 3910 1646 2364 2004 3676 1800 4446 3405 3784 3081 3861 2993 2828 3750 2763 2442 279 263 3659 1005 3290 2127 499 1444 2391 1541 3824 3365 2010 3416 1283 1129 381 1922 841 157 4470 1925 4695 289 1941 1180 3992 199 3878 2887 4160 4225 1098 2134 3265 1528 4842 2474 2792 2984 2853 4547 1178 2142 841 3604 1655 4365 2317 3035 2577 1911 1701 2680 3896 4419 4167 996 707 3883 3419 2721 803 3928 345 3412 860 3674 451 442 3423 1787 226 3283 1942 85 4269 4743 267 4302 4408 2509 3303 4975 4886 163 2826 1195 3704 1079 4053 3811 1802 919 2748 2908 129 2424 3841 4557 3390 2816 2349 3447 1307 1767 328 3106 3671 1414 2165 1860 4472 1246 3655 1291 557 1207 1401 1722 4917 3414 2199 3490 1245 2361 4765 3035 1238 1065 874 2475 1590 2621 3733 1179 1690 4771 2230 3785 3366 4853 1892 743 3184
2911 757 4188 1304 3687 2767 4598 270 233 1260 1046 4285 1707 3178 315 3278 4354 2734 3188 2889 4216 4469 621 196 2478 4694 1841 491 3147 716 2119 1484 2048 4130 3628 2106 1033 422 222 2115 3353 424 64 2809 2218 2498 3036 2093 2838 2618 3911 1012 4482 2106 1905 741 3977 675 3356 2907 4451 2469 642 2736 1795 1871 1050 2220 3129 4733 1896 662 2728 2609 3367 3517 3887 790 347 4818 718 3083 2207 4026 341 2596 858 2134 632 4161 4612 662 1082 3699 2706 1603 1542 3642 656 3869 2121 2570 4893 3342 2718 1458 4489 2863 2382 1692 4470 565 2316 4568 2074 895 703 3137 3287 227 580 3092 2599 4351 35 4614 1004 4074 3280 3089 1263 15 4177 33 1924 4720 58 2765 4431 4957 4166 1662 851 3680 3997 4743 3102 1443 4293 954 2008 4923 571 775 2405 2109 4465 3132 2553 2842 180 1399 4686 1996 1898 3199 1768 4717 1412 1900 2834 4932 3657 3798 1862 1891 2660 321 1388 1932 4481 2660 4846 1045 1739 1734 3204 4256 774 4827 2223 2293 1897 1367 950 2101 254 4856 3129 1279
1105 1776 1287 2544 3645 3069 1671 4713 3337 600 1434 3067 3062 1822 4826 125 2734 4624 1077 1803 2987 4598 1763 2050 4850 952 4365 1419 598 2942 3337 4752 3257 2614 4755 4326 882 1317 3502 3222 2305 2428 223 610 2553 25 185 3197 118 3407 673 3547 2187 4005 1842 79 1920 2563 61 1664 3967 285 3150 1578 2732 4969 4164 2319 1952 1766 2441 4993 2441 2010 3770 16 2682 2852 2968 1753 1589 1181 531 4724 1584 1838 3880 2556 3870 3821 3853 4710 2161 227 591 2523 1433 4046 219 1883 928 1053 3965 2535 898 3307 1601 1016 897 774 3696 671 2549 564 3731 245 2136 1977 2493 4843 1369 3396 4381 3836 2228 897 3677 3852 465 3056 278 1409 4596 1428 3093 4196 4215 28 2996 1677 3698 33 4883 1412 4696 2077 2597 4400 3893 4325 1615 4554 69 4970 174 320 3718 4737 3731 301 3029 3580 3761 4306 4124 4438 4834 2154 3908 685 834 3446 4793 2552 2446 2358 4726 1672 4194 4764 1306 1520 1053 4219 4921 2274 4122 4505 1819 3774 2322 3362 3927 4210 3212 4045 3956 2256 2079 511
725 4840 877 1623 1451 1135 3705 696 4189 1268 1268 3786 1649 3268 440 4737 3188 1077 1979 4771 3757 2163 2010 2327 3544 2886 275 2624 531 1845 618 2650 1239 1967 1645 1975 3488 4997 3186 1305 249 4763 3753 277 4543 4926 687 4162 2731 1887 1233 4268 2803 2019 2570 4563 1212 3437 4952 3821 4673 1658 2228 2500 2377 1688 904 1369 120 1574 3522 2093 1954 1355 3310 1025 4121 3117 4937 463 2051 1079 618 4822 3917 4836 3946 2220 4861 3076 674 3034 999 4830 1670 3383 4006 2020 599 4339 3926 3184 1997 2457 3063 2055 1498 1781 656 3450 3036 3654 618 952 793 2257 4509 1551 1576 3045 1176 55 322 2616 3039 18 2820 2100 600 2173 4235 2580 99 3610 2371 3049 3006 2906 3802 152 2406 347 4767 3210 3527 2512 4569 1569 1664 2928 1932 1022 2653 4011 686 532 1832 337 4736 591 3310 2176 4282 4869 1841 3625 2701 2093 1093 3796 3494 2922 1630 1448 54 917 4796 1850 1465 4057 2884 2654 673 3298 2879 209 2542 4949 3505 3601 393 3893 2854 4295 2559 3483 518 2591 1451 379
97 1648 1514 1701 1663 3933 1217 2320 3786 4937 1156 3629 3882 1721 957 3239 2889 1803 4771 3563 2873 2914 2582 380 2751 2922 2302 485 2704 1989 4054 1568 1471 3851 2379 3300 2174 538 1431 2709 3889 2808 3786 4777 1694 4956 452 3278 353 35 572 2782 72 4527 3602 4565 2712 4405 889 1892 416 3456 1947 3062 3655 3219 3055 3446 419 266 4593 3189 2510 1454 358 4026 1837 2683 886 166 4593 2282 2946 1006 2615 2802 3322 247 4576 3828 4414 4094 4791 3137 4662 256 2828 542 4953 3891 565 4966 4806 3532 2588 2920 1184 3354 3091 4221 1856 233 3776 580 2345 476 2883 3861 2289 76 2747 3962 2809 1543 3507 3466 3831 2215 4327 884 4269 2690 766 1267 4880 4030 1322 3298 4824 1123 4063 1283 2131 3415 2023 205 1441 3950 2896 1748 3605 2115 1056 3890 3116 1612 2570 2803 4555 4268 529 226 3087 3591 4174 2535 912 2833 3835 781 4490 1942 3638 2636 4753 2816 961 4829 3540 2933 925 3939 293 3831 1655 2859 178 4376 4357 3300 668 2085 3590 4168 64 4093 206 529 2776 1257
2880 3172 1369 626 2204 3327 934 1313 855 3851 1964 4027 1639 2273 557 401 4216 2987 3757 2873 3965 4742 1142 4455 932 717 4269 2506 1468 375 2448 2035 1871 4652 717 2289 4678 2969 4144 890 3972 3166 3198 2379 3613 741 1880 3523 1793 2258 2773 4110 4523 354 236 4810 2554 3434 4021 2766 1197 658 1051 2220 1557 2636 2853 899 2565 4706 1181 1048 741 2180 1644 1223 2411 3946 2344 4510 2928 1015 3267 1404 1974 1523 739 2643 2854 3936 1103 4623 3312 992 1027 2357 2248 1081 3357 4735 4046 4879 384 319 1735 1546 2000 1613 2404 3515 4562 4270 1116 199 2098 3711 99 1526 2638 4333 3547 923 1716 4200 3547 2402 1040 4527 3878 2846 818 1753 3244 2777 1561 260 1104 3595 1852 830 4183 1106 3896 4654 3584 742 3202 2486 2985 1368 4576 4738 1794 4217 2288 4598 3736 4421 4768 4425 2217 3138 1743 4031 4987 2581 2322 2423 3747 2751 3147 3631 3593 3241 225 3313 3491 204 4317 2802 4579 396 3336 3899 4521 3597 4997 3610 4482 1065 3012 4556 2410 1059 4051 3501 4049 2815 4743 3951
1254 2825 2644 2257 2724 1148 1335 454 878 3237 484 3148 1693 3996 928 4399 4469 4598 2163 2914 4742 921 3087 1563 1245 2688 4272 1521 3278 1908 3090 843 3082 2303 2884 3082 1233 3891 3858 2481 1530 1618 4687 3109 3401 3286 3872 4157 2484 3646 3973 2393 3895 4924 3638 848 932 3418 3697 1533 578 491 945 2467 181 2456 975 1382 2262 348 1880 3466 3476 657 2057 1633 2887 4528 4772 2534 1745 2024 4814 4152 1107 4314 1914 1342 309 3029 4740 4269 2185 4553 1821 2733 2974 4249 2576 2404 1464 751 2196 2170 92 4342 470 4272 3666 4702 1120 2935 1011 4685 2812 4670 558 494 3625 3157 145 1383 4117 1387 3671 2372 1580 1847 4691 2932 2921 810 4022 2373 4390 3821 3861 1501 656 4259 2831 1236 3225 3722 2380 3358 2249 587 833 3076 779 1839 3342 4953 1523 1779 4359 3989 3715 634 3574 1813 4158 3390 572 251 4212 3988 905 810 593 137 3686 4217 2666 1674 75 3117 3198 1858 4698 2945 830 4635 4498 183 1829 1635 4298 315 2974 1684 558 3957 2854 2037 28 4371 4683 1024
1207 474 4535 1211 2804 4344 1454 3131 238 4460 510 528 4548 1096 4958 1258 621 1763 2010 2582 1142 3087 4449 3148 2316 4821 137 3926 953 2848 4265 3070 1800 4440 981 1877 3298 4462 4479 402 4072 1887 3252 2335 703 3583 1297 1871 983 2369 3665 1433 4865 1676 4289 4661 3917 1822 4364 4431 2484 4222 2508 1426 2733 4202 4279 3214 191 2697 155 3447 1744 4624 3369 1047 4308 1047 2468 1187 1763 3102 550 3545 454 995 3142 4951 503 1261 347 3843 1775 2836 1159 2600 4265 1770 357 1378 3456 4029 2906 957 575 2233 2696 1784 1862 3170 2755 4133 4425 2394 152 1626 2321 3217 3009 4262 3886 3267 4042 3934 1668 3924 2626 3375 3467 3461 1648 1658 3305 1314 1423 3452 1084 3096 4441 358 2878 3373 3894 1765 2499 2301 4891 1432 44 920 4053 1466 4193 4352 4826 3059 1201 858 4059 2445 2603 426 4030 1604 4980 4286 2128 13 1319 3744 715 1146 4050 4816 2534 3908 501 1307 4823 1714 2618 2529 1342 2312 455 4425 974 1781 2707 116 4252 2926 2573 3799 442 3047 1350 103 3780 790
4903 1247 2836 4334 4304 594 1714 381 3216 2964 2402 351 2466 1149 2165 2092 196 2050 2327 380 4455 1563 3148 3867 2448 4464 1819 2098 1107 3783 1648 1818 1380 4523 4126 4390 3367 3718 533 2883 3190 4692 4011 2468 902 2208 3675 3071 3011 4591 3145 1650 3905 3060 1588 1061 982 3925 3157 979 3303 2841 2806 2003 1179 3091 604 831 3512 2115 1313 1141 549 55 4131 3268 2926 4270 3105 4704 3700 2375 2688 2150 682 2767 3220 1082 2368 2465 2269 2001 532 672 1272 2349 1901 2886 1955 3586 2243 2339 4074 1124 3614 3071 3892 1422 2562 4528 318 2804 1140 1067 509 1307 157 2591 1052 3496 158 2069 2288 127 1841 608 1691 3251 1049 4066 1833 2281 4933 2413 3736 1200 4168 2079 509 3095 3970 4704 806 3962 4575 3531 2903 1567 3232 1659 2804 4436 4667 598 4360 2626 4694 3100 4696 121 2474 3678 137 1743 1036 3498 4208 19 1907 2787 2313 2631 4264 3319 4634 2319 863 4600 4004 2308 2543 1756 433 3325 3011 3434 2443 382 4787 2178 3754 1527 3855 313 2333 842 2737 4627 4905 1998
4130 4930 3924 2856 2737 3014 2543 2589 2670 16 4789 1617 3204 726 157 4483 2478 4850 3544 2751 932 1245 2316 2448 894 2647 2886 1321 1453 2197 3259 3400 4717 3110 1519 3264 4987 1141 4454 186 3739 3103 3080 3797 852 268 755 4298 3015 3049 425 1606 3246 1899 2437 1987 2001 2805 1447 4638 1377 4598 84 1996 2322 1828 1506 1575 3676 2974 595 2689 2912 306 4641 1091 2172 1698 1347 2062 2692 2535 3470 185 4066 832 978 51 723 608 2542 2706 767 4202 4151 4994 2971 120 2787 2873 3641 1445 1044 2440 69 3662 2518 3985 2121 715 2686 20 4578 4607 4626 1176 1522 1148 1752 4395 2619 2203 2549 423 4750 2690 1736 4911 112 1226 3275 3958 1850 764 2285 3613 2535 3573 124 1312 916 2622 3169 4233 4951 1866 4832 372 2104 1401 444 3099 314 3695 2579 72 4479 4276 2847 158 4474 3140 3803 2606 4698 175 712 1323 1029 1021 1774 4468 3345 2482 3237 1338 1492 1407 4378 3568 1241 3382 3178 3779 4973 29 609 1841 469 2199 3279 2800 2621 849 2703 1107 3714 2216 4780 967
1378 3266 1404 3515 3841 4177 4795 2581 2365 1960 2298 3684 1974 2234 2617 3220 4694 952 2886 2922 717 2688 4821 4464 2647 2092 3959 1033 4349 3382 2068 1742 1733 3636 2916 4221 880 93 2022 1357 2724 3714 2380 1091 139 3390 3864 3918 2988 1912 4335 4155 3956 2823 1401 1829 481 4726 4471 887 2462 31 982 4984 2755 2709 3738 1519 146 2880 3049 2931 2575 4545 2115 3534 4382 1535 102 1953 2096 1947 4023 3954 2816 3606 788 4999 2438 4150 2416 2499 4909 3201 2930 1975 1324 4283 3996 2080 4484 1919 2846 2829 4502 757 4040 491 4697 412 1242 889 4232 2729 2336 1980 1668 1530 1969 441 1671 3835 1746 4783 4978 1746 1030 602 2831 2903 3732 404 1450 644 943 2621 4942 479 1443 112 4252 4349 3459 359 1781 3935 4127 1272 1117 3252 4190 2814 2299 456 3953 3981 3159 4445 2295 1536 122 4006 3718 3605 2907 769 2749 1192 134 1109 3399 2349 4648 3132 4885 643 3189 2921 930 3606 986 568 3902 2333 1001 702 2274 1423 2556 709 1524 3294 2293 59 689 3222 2884 1956 2198 3642
3288 1434 2370 3998 441 3035 1608 1115 1214 4849 2292 3729 963 2665 4430 3016 1841 4365 275 2302 4269 4272 137 1819 2886 3959 4168 118 1806 678 1601 2675 285 4003 1129 3265 3525 2733 2062 2153 3302 2783 4855 1428 561 780 3885 2430 630 4546 222 462 3044 3358 2248 3849 931 3532 4780 2491 3606 1867 399 2976 2944 2534 3292 2127 454 1446 4080 1013 2257 4076 2872 3414 4112 65 1502 2720 266 2005 4469 4867 261 3949 1043 2688 642 3648 2239 3370 3719 1634 1697 3418 3126 1585 4124 795 4883 1029 4995 391 4645 1414 4942 3297 2472 2041 2601 351 131 3118 3571 2661 624 2925 2576 2453 3994 2415 2665 49 1736 3330 4487 1707 3833 242 1974 2331 447 2797 941 2371 3689 2006 3565 3983 2598 4360 919 780 1267 1648 4639 1871 60 4324 1724 343 527 1210 4672 626 4963 1351 4395 3464 4067 1134 591 4307 2687 3314 2073 985 1287 793 1692 3302 3344 4233 4014 4487 3844 4549 2448 2678 3855 1636 4911 4063 4828 3877 991 239 1921 4918 1449 3128 368 1580 458 3485 3383 3869 4285 747
2228 3744 4929 2118 3888 4320 301 947 1847 1427 3362 2700 4243 3835 4514 2794 491 1419 2624 485 2506 1521 3926 2098 1321 1033 118 1052 4555 1387 2857 2381 1899 2274 4805 3045 203 1944 2465 4432 4059 4721 1647 3367 4685 3208 2210 1225 1430 836 28 4905 2178 732 3451 4714 4964 4722 217 4643 2941 670 2193 1445 3768 2048 1034 2981 1038 4936 3515 4334 1963 1526 2254 4866 1081 2220 1375 861 3568 804 2609 1526 747 3080 1154 1871 3245 4112 3503 3577 3597 2539 1113 1516 2325 4462 4387 2975 3729 2148 4293 1189 1425 1428 757 3716 2557 3343 3599 3467 2123 4184 1753 1716 4853 2766 1024 2262 2803 2271 2628 676 3693 4185 3721 312 2510 3399 1363 2092 1717 4587 995 2593 3925 3064 2702 3365 423 4091 3168 2685 2060 4545 96 4341 3914 567 772 1500 1437 4934 2364 2833 4513 2804 4180 1060 1569 4515 558 4594 3455 4804 2772 1913 4576 4512 646 1097 154 3806 2780 241 3610 4163 512 3494 2813 3706 3387 628 3441 724 3009 4687 2976 2895 4315 4785 4230 3706 4949 1333 2506 1277 1558 3992
1255 3780 4205 524 383 78 4668 2403 2553 3367 841 3074 4091 960 4242 4794 3147 598 531 2704 1468 3278 953 1107 1453 4349 1806 4555 721 3137 1010 2373 4105 4392 2084 3378 2392 2412 3799 636 1123 207 433 2333 2578 2845 4459 2902 87 3027 3624 4839 923 882 530 3997 4276 2325 4663 309 1407 3924 2536 2303 4872 1293 597 4491 4028 2785 4255 1722 2148 3326 3005 4851 4826 4097 2501 1171 4826 2135 4157 4764 723 658 1842 2414 4674 90 1917 2164 989 2938 347 2651 4682 2382 3378 4160 4386 2202 1751 924 3168 2483 2114 2559 69 2460 4450 3699 2794 2283 3125 3946 3622 335 1615 1649 1757 4945 1578 3721 1663 4049 1217 815 1309 397 742 3378 4244 2477 3954 3016 1065 2060 383 4642 4383 3171 54 1542 911 3051 1069 4742 4435 65 680 1894 1171 3864 4058 3343 4999 4375 883 1192 3978 2200 3809 1769 2946 3291 3944 749 440 2329 2673 409 3860 3976 3833 949 2486 3391 773 4228 3827 3209 3989 4094 4503 413 926 855 1665 3548 2472 4314 1018 3115 2497 1960 3232 3929 3473 3043
2310 4842 1932 4344 627 4541 2489 3563 3199 4541 1897 2534 4934 3030 1812 1665 716 2942 1845 1989 375 1908 2848 3783 2197 3382 678 1387 3137 4169 3963 2489 1364 4626 3074 3735 4015 4047 3634 1486 2203 952 1009 729 1858 1612 3007 2466 3056 2413 2991 2839 1520 1230 1211 3893 1905 4504 1925 130 38 3252 4720 3806 1901 1082 4446 2693 1345 2554 2354 2765 1973 1395 191 1068 2374 4008 4805 4812 2925 198 2555 1599 1745 4184 4663 2550 791 4702 4288 773 4347 3220 2989 3402 485 4771 2895 2085 36 1496 3346 1559 867 11 3553 2535 1881 4727 4564 3123 215 972 4056 4354 320 4531 3115 145 2553 2672 385 4776 3442 2049 593 818 1798 669 4931 4366 2875 869 2936 1599 2559 3093 1506 3435 2467 3421 2289 4875 815 2505 2692 4427 1406 2110 4422 1175 4211 3191 3065 1883 4713 1742 1811 2543 1739 4007 3504 2826 1899 855 2298 3869 1247 3746 3439 3323 1936 3302 486 3511 988 4255 789 3416 4040 2111 4816 2117 593 3596 2168 4790 2276 42 742 3301 2839 3229 2445 4306 2961 2273 3144 2058
519 2164 2454 4961 1346 1412 2789 1501 1794 742 2414 1857 1496 933 504 88 2119 3337 618 4054 2448 3090 4265 1648 3259 2068 1601 2857 1010 3963 3923 1147 2658 1734 3134 2154 72 4129 149 1721 4553 1768 2735 4850 1752 666 1775 2868 3810 3165 1630 1133 3495 2140 2771 4727 447 1092 522 4327 1783 1273 3625 4395 866 841 210 1674 3151 240 3812 2103 4137 4056 1168 905 2940 136 4877 2799 2898 4480 886 3574 4856 2294 3019 347 2819 3008 4100 4488 4484 2183 1669 2579 4999 2910 3998 1838 1446 4415 1509 3108 4782 2686 1215 4140 801 351 3615 109 999 4172 3964 3685 2629 1615 955 1581 234 1168 1266 4862 710 484 4642 789 3651 980 822 4330 1471 4849 4893 1202 676 1149 1967 3310 1935 2844 4608 346 2051 1959 1525 1245 1732 2788 4388 399 3606 4425 3475 2600 425 3754 3029 809 2048 4300 888 1510 2828 1209 4605 406 2308 877 434 1123 4448 4060 1126 3708 483 4210 424 3861 2029 2899 1950 3653 3618 4856 1827 1204 4321 651 1311 2545 3985 3516 2404 3562 110 599 3514 1151
4641 356 2405 3325 4563 594 767 2178 322 1467 882 2657 188 2664 151 2126 1484 4752 2650 1568 2035 843 3070 1818 3400 1742 2675 2381 2373 2489 1147 3925 3108 4709 4222 798 3208 3598 217 973 1497 4036 600 2270 3184 3323 1023 1223 2045 2985 4748 1165 1837 4142 1378 2664 4338 1054 3286 2320 2656 4065 752 631 4414 984 4230 3553 3318 2025 3802 3293 1628 212 2923 1875 3100 4831 3106 3237 3679 1264 4493 1762 4286 2044 2845 1494 4765 1449 2778 142 2255 586 2460 2822 1395 299 1445 867 3099 678 3203 4143 4618 1649 3512 3542 1417 3099 4453 3732 996 1663 205 166 1396 1615 1043 1771 2142 1057 4678 4771 2041 4561 2150 4264 2916 2945 2310 2160 3079 1133 4788 4318 3736 156 2705 4947 4538 1385 4786 4306 4030 1883 2562 4744 769 2701 2645 1130 2213 1246 4007 606 989 3149 4189 2207 768 70 949 3660 3784 1482 2036 3103 1890 3976 377 1696 4159 1765 3537 4695 813 2893 3525 1273 2445 813 1194 3951 3786 4047 388 1633 2498 3268 226 1726 1108 4593 2791 1936 135 2668 4291 117
4057 2698 4169 4323 4590 3026 4507 3902 1452 664 3609 849 944 3843 315 3818 2048 3257 1239 1471 1871 3082 1800 1380 4717 1733 285 1899 4105 1364 2658 3108 4888 1115 3048 1387 3517 3540 47 4891 1517 2516 4936 614 122 380 34 907 863 303 3757 4848 162 2054 3595 236 1287 869 808 3880 2652 3021 1492 1151 394 2704 1252 1076 1731 1665 725 3270 2899 3285 230 2903 2222 2908 4517 1376 4205 4691 2764 3320 4250 497 4887 681 4409 3274 587 4319 2916 225 20 3753 1544 2575 4044 3010 4968 616 1913 2902 4540 1251 593 2641 2761 2658 1284 3000 4896 4132 1286 1947 439 3665 2689 102 1637 2185 705 4950 4689 1406 2286 4448 563 538 1823 3950 2220 1411 4116 1651 3607 3691 3120 1261 1952 2629 4840 497 518 3822 1994 123 1143 750 3536 3314 3247 2556 3604 1410 2483 4699 2211 998 4942 1446 2151 4809 2057 3285 1848 1139 1634 3146 948 426 318 106 1554 2801 2769 2216 4340 1210 2940 1747 3573 4434 4416 3288 1073 228 1607 1475 2791 1338 2391 240 2059 1187 1353 4984 3488 3609
4054 3202 1055 2036 4759 1101 2606 4071 1812 2648 3433 1767 1054 4724 980 1832 4130 2614 1967 3851 4652 2303 4440 4523 3110 3636 4003 2274 4392 4626 1734 4709 1115 254 910 4130 4435 2169 4610 1443 4843 3593 3918 3363 296 2354 4547 43 2371 954 2701 2922 1537 2841 60 1105 1894 1030 1421 877 315 1347 2753 735 963 1864 1353 406 4905 715 4471 2792 2010 793 4605 4617 1872 1192 851 4563 759 4041 3281 88 1223 2579 3724 643 267 1213 3545 1095 1158 2618 4632 2176 4160 1282 4194 1066 2791 632 4106 4593 4972 2286 2912 3401 1561 1833 1211 1206 1455 2835 738 207 1524 1205 3516 2592 351 2883 4278 2753 1488 4798 3837 3466 2014 231 2805 4021 3530 4683 2801 1959 2310 2055 1655 4897 2814 1704 2692 2043 779 1297 2960 2022 2646 4962 3676 1037 3046 2753 3024 920 2262 16 3559 4208 2842 4857 1198 3427 4859 4791 3153 4938 347 2874 3078 2663 332 1044 4861 241 4612 3016 3577 323 3218 714 1882 4060 479 2804 2784 230 1730 3757 2425 3800 4928 4775 794 564 866 4150 127 3098
303 271 4707 2940 291 4534 807 2702 4943 4397 3475 4919 4868 3059 3545 1628 3628 4755 1645 2379 717 2884 981 4126 1519 2916 1129 4805 2084 3074 3134 4222 3048 910 2867 4777 3724 4582 1734 4942 522 1208 1141 1597 1093 2898 1339 3650 2781 56 4380 159 2053 317 4462 4469 646 2915 1525 421 2845 1474 3180 1725 4542 2149 4561 81 4547 1578 823 2391 716 3911 3536 376 873 962 4206 507 1784 4827 3358 2967 347 869 1141 2308 2050 4156 2175 4130 1714 917 557 203 3428 1680 3473 4906 1426 2868 2043 4196 2291 1607 799 3180 2595 1299 2253 4660 686 598 1760 1049 4643 3160 377 549 602 499 3159 3477 855 1967 4362 2777 3281 2447 4779 3174 578 1812 1574 4655 1629 4525 1194 696 1518 308 4480 1004 1165 188 3024 1354 14 1959 3757 4078 2111 4416 1121 1805 2193 1274 2532 2445 4516 4693 1288 2451 3496 2982 3296 4392 17 3549 2217 3005 2545 2532 416 1521 3071 850 1236 3965 2629 808 2766 1279 1838 2595 872 3869 55 1126 4724 742 2682 1295 3535 1179 45 3156 1635 1135
3600 3051 349 2327 547 913 2341 912 3086 1608 2288 84 3998 1623 1561 2520 2106 4326 1975 3300 2289 3082 1877 4390 3264 4221 3265 3045 3378 3735 2154 798 1387 4130 4777 3297 2163 1308 293 1472 1051 1399 1489 1594 3901 3483 1592 3002 4634 4356 2544 98 1817 1539 1930 1454 652 1632 613 222 3227 107 3866 4287 3661 2837 2995 2673 3157 3445 3567 2108 1281 265 4418 3465 1625 641 3137 4479 2330 33 1009 1954 3305 4102 3559 1549 990 1585 4964 1141 2169 4586 4302 2882 2466 3791 3872 1535 2072 3912 1884 4271 4937 3038 1774 1923 3575 3288 4297 3448 2451 1410 1446 3063 2600 3162 3633 3023 3817 2983 4515 1725 857 1856 839 2695 670 1543 1034 516 2813 556 3061 3804 2900 578 4530 3658 3618 3098 292 2034 769 1661 3567 2949 4011 536 877 3443 4287 2645 1010 266 72 4060 4703 850 2079 4524 2522 437 19 3859 4524 4834 4189 4341 2579 4971 2821 3900 366 3025 2525 2147 1620 1241 4690 1734 2692 3359 1833 2510 2560 1756 771 4645 892 2091 2054 108 2313 2253 2084 3116 332 4404
2560 2032 4082 795 2934 4601 3473 4376 4559 303 2188 848 2696 1606 1020 2440 1033 882 3488 2174 4678 1233 3298 3367 4987 880 3525 203 2392 4015 72 3208 3517 4435 3724 2163 2355 4705 1794 3601 1584 1768 1673 1448 2227 3718 4122 4907 563 679 4654 455 4594 4948 4337 3010 4466 3001 4290 2332 3576 1702 3705 1563 3498 2912 3182 419 3169 2515 1295 690 2812 3354 2163 2224 139 2916 2440 2555 2470 1972 4061 2039 1067 3371 330 1150 174 3547 22 3091 3580 2827 2217 3015 4812 3873 1078 4859 3539 3639 4391 1317 1132 3341 1919 114 1431 3460 477 3948 1912 818 3190 86 1214 656 2046 1774 252 1605 828 4292 3976 4462 3121 4349 2835 2051 3032 4993 1054 3497 3433 4295 1298 4317 2682 2441 1937 1949 2736 33 1502 1090 4449 1126 2054 1842 4200 782 4408 3914 4131 3736 2402 3567 4269 3293 4853 4867 517 3977 711 858 3449 4297 4077 4108 2888 3481 1185 4146 2588 1650 1103 311 1422 210 423 3570 2742 4711 837 4635 876 4832 3010 4660 3230 72 788 4726 3978 947 1946 244 3899 829
3994 3366 3494 1464 2977 2659 3947 324 98 3923 4179 2244 3316 3302 3310 2100 422 1317 4997 538 2969 3891 4462 3718 1141 93 2733 1944 2412 4047 4129 3598 3540 2169 4582 1308 4705 2543 27 4684 4752 1152 2486 2718 4098 733 668 648 23 2068 927 2262 2529 3726 483 4871 4303 1892 2748 1598 2954 1999 271 4867 2007 3019 1190 4402 2826 406 4901 3959 4854 3082 476 4524 3605 2525 1296 3728 3037 2663 3805 4939 2765 1419 4715 3443 922 3367 2751 1632 4906 1828 119 1537 4540 1883 4726 1188 4626 4640 3908 2276 4565 2466 193 4961 1653 4075 4169 664 1284 368 2327 632 2349 2387 38 1001 4910 2588 2009 2205 3817 2329 4219 4258 4304 3347 569 1331 4331 1332 2811 2779 2966 2813 3818 4433 1726 2639 4477 4930 109 763 4367 1646 1660 47 1057 3913 4354 2136 253 1306 4956 2483 720 134 1818 2988 2888 4792 3316 4020 1187 275 1780 3306 3041 2848 3824 2494 3887 3429 4947 673 1941 1506 1854 3515 2364 2032 1968 3295 1159 495 1628 4101 662 2316 2330 4002 1736 400 4167 4950 499 2874
4750 4633 4852 2448 822 3332 1534 2921 1134 1461 2354 1987 1296 2816 3249 1904 222 3502 3186 1431 4144 3858 4479 533 4454 2022 2062 2465 3799 3634 149 217 47 4610 1734 293 1794 27 4945 1854 4594 1224 4719 1670 4635 114 4497 3682 3641 1004 1366 4012 2641 3353 370 3175 2286 4948 2320 2998 3631 1997 53 3133 221 685 1599 2086 2913 2425 1246 3277 4535 2673 3418 2950 2935 3621 2312 4299 3606 2820 1867 89 547 3321 2990 4548 4373 3338 155 380 1071 1650 4118 4115 4073 1023 3285 4715 3579 68 2113 4113 4503 3180 145 1014 724 4133 3239 4122 2213 731 130 4507 2267 92 822 2153 4179 4854 2993 299 1837 1044 1145 1746 4569 2291 2079 585 996 3216 1466 4037 1830 2933 260 306 1475 2483 2960 2459 1680 1936 3127 4122 623 3085 1990 3832 4543 2076 2498 1119 1137 2534 4961 361 33 4830 2705 32 1260 408 3496 2145 3622 3277 2444 4847 4264 3408 2706 83 4344 1568 3363 2074 3457 2991 3411 2075 851 4219 574 4429 1640 3911 3154 4484 1660 1804 394 1517 125 502 4582 2031
3006 1416 1186 3727 450 4296 234 1985 2400 943 313 2112 2385 4901 546 3910 2115 3222 1305 2709 890 2481 402 2883 186 1357 2153 4432 636 1486 1721 973 4891 1443 4942 1472 3601 4684 1854 3344 3204 946 2625 2303 4409 2581 4475 1774 4711 1208 1404 169 984 4548 4683 261 4778 3616 2642 3328 3055 1497 2350 2044 1295 3273 3723 3275 354 1343 51 204 2625 3544 2421 4728 3178 4821 4488 884 4070 571 4311 2468 3069 771 691 2412 4825 2627 3127 815 1217 1968 3096 2333 1201 3036 3398 2360 387 3777 1138 4190 2370 369 4451 1233 4279 3278 4624 2895 3295 3045 1978 457 2361 3433 1279 3666 4545 2407 2818 4300 4667 3397 1144 2289 1117 4126 2170 929 2613 86 4643 4531 2310 468 151 2462 956 3944 3719 4170 2823 1619 3320 4159 1180 935 52 3525 961 2295 2141 307 4495 4468 860 1512 993 619 4118 1397 2218 3886 2141 1068 1658 2632 346 2103 3693 3357 4841 4098 4732 2892 3100 2132 4089 4554 4341 55 3326 4777 845 4593 538 324 4032 985 2471 3947 1801 2273 2406 1302 3127 253
