N: 200
M: 20
Symmetric: true
Triangle: false
12 148 34 24 130 95 2 197 47 115 128 86 70
8 182 129 178 62 167 99 59 113
7 134 19 76 77 160 43 131
11 7 6 38 92 158 89 184 82 156 39 98
16 4 51 152 58 35 125 145 14 108 172 164 63 80 162 146 154
9 5 110 177 153 72 194 25 29 141
5 187 120 33 101 109
12 28 10 137 30 78 100 161 119 79 64 136 181
8 3 159 196 91 135 118 199 12
12 104 143 176 90 123 169 32 75 13 83 192 103
9 11 50 68 27 132 67 173 138 166
14 133 171 175 102 40 44 150 45 127 111 37 1 42 195
8 185 66 116 112 22 149 151 36
9 117 69 61 191 17 57 71 124 170
9 48 163 198 9 15 189 140 31 157
6 107 73 93 20 46 122
13 179 84 49 183 168 8 174 186 147 53 41 26 121
13 52 114 94 54 18 200 155 96 126 97 139 106 188
11 56 21 65 87 180 85 165 190 55 81 193
8 142 144 105 88 23 16 74 60
2442 4832 4556 160 2201 3508 4245 2206 2642 1686 4916 3805 1386 1143 4777 4694 4430 3887 2565 4625 1485 4763 693 1684 1274 3559 2597 3613 1467 788 938 160 2298 640 4022 3495 4274 4633 3183 2653 2446 4801 1913 3734 4117 2571 1767 593 3185 1262 4661 1884 4842 1641 3837 2929 2956 4627 2704 4859 1010 2173 2167 1230 1714 2964 201 2422 4544 961 1312 2971 1556 4668 652 3618 908 2159 375 2396 3757 170 1366 4219 448 3833 2353 107 3411 4019 3752 2533 2216 2184 2742 4110 292 2297 601 1681 2371 610 1638 1726 2558 2385 2180 2208 680 3230 3385 462 1712 1063 267 3266 4498 326 493 3530 4296 4601 2300 2861 4054 4916 2708 2695 3729 580 522 252 2184 903 4776 2491 3905 75 4327 394 2236 577 1440 536 4103 3227 4040 1075 1414 3717 3590 2508 949 4286 2658 2312 1648 1157 2730 1177 4346 4087 3513 2288 3297 3244 4774 166 1115 346 3410 1630 410 4284 1957 3286 1648 4545 4009 2598 3077 3332 694 4639 4748 1978 1770 564 3673 131 1129 868 583 3321 1188 2338 3837 4485 970 4629
4832 4480 623 950 1392 2306 2301 970 3735 4866 3880 4781 4330 114 4520 370 943 2353 2980 2334 3687 4723 3043 2444 3497 4267 2344 2953 1537 3798 3449 1994 4882 3254 40 3144 4838 2184 2551 4675 4994 3826 912 3418 771 2308 3075 1536 2745 2538 690 2027 745 4470 1810 3334 1275 3559 215 103 971 2627 791 3740 1938 1615 3111 1240 1805 2797 3080 4904 2087 692 1322 3823 3082 1100 4114 648 4254 1478 1580 2011 3423 3323 4180 3062 2936 2964 3821 1440 342 2076 2344 4933 1365 3554 239 4482 1484 3630 3871 4748 2986 4750 462 4519 2430 425 1660 2137 969 561 582 343 4852 1455 1244 4237 3850 1394 515 2434 1798 3932 1373 1425 3128 4834 1907 988 576 3889 1050 1011 4274 1410 1390 4854 3579 4150 88 256 497 228 3463 1044 4308 2139 1588 4449 2881 3325 4489 597 2091 1717 339 1226 44 984 838 138 2075 2069 3230 3354 2256 4283 4486 72 224 4429 2653 887 3622 4688 385 3156 2405 2361 1974 1920 4609 4943 552 256 3744 1750 1770 4488 3452 4430 4520 3191 3606 4920 3626 3068
4556 623 4539 823 3615 2990 938 3095 343 405 2643 1039 2698 2756 4657 4096 50 1371 2697 1775 4703 347 4004 1995 1579 1633 4394 1700 3164 2598 2682 521 595 2966 3372 3188 3447 3144 57 1098 75 3000 866 97 1863 3434 1835 2420 769 4200 4950 2010 3896 1690 1342 1542 1530 931 4803 4221 4000 1224 3304 1824 4537 1682 2576 107 31 1683 1396 3229 2449 3051 2025 1207 4621 3213 270 3431 849 2999 715 2978 4047 793 1082 278 3712 1428 1090 691 4403 444 1842 2668 3753 1494 4438 4923 3695 4437 1966 2232 1309 1090 1803 3695 2926 1064 3350 278 4621 1194 4893 4557 4839 2475 2414 1419 364 357 4318 3081 3109 3275 1764 1682 705 2188 2489 3239 3498 3517 2500 4886 4481 4804 4746 1555 4098 4116 4058 1887 2691 4654 779 1414 702 794 85 4463 2268 416 3536 4358 255 49 706 2690 1791 2129 1421 2740 416 4738 3587 549 473 1609 3921 616 422 3088 1689 2784 2480 4726 1311 3969 900 2595 571 4823 3976 3459 3329 1026 4816 3619 2459 1796 167 3533 4475 2507 2178 1044 1902 897
160 950 823 1745 3955 1086 538 91 2754 3884 4092 4862 293 1689 1852 3642 4619 4887 3698 3666 620 737 4140 1179 4806 2899 4835 4102 3633 4312 599 1407 1212 3464 3849 1945 1638 1862 1040 1068 1461 2972 397 2122 986 1264 4544 4901 2019 4754 1799 112 253 2628 1947 2221 429 1114 3245 4642 156 4896 443 1290 669 3655 292 3188 917 2219 794 1123 4439 2966 2197 3304 1397 409 1308 2395 1320 1855 468 4372 1960 1927 759 4343 3514 3765 3409 2855 2717 4550 2112 1283 1187 1117 2999 4218 4043 4355 4196 3041 2163 3667 2550 641 2704 4431 250 490 3178 2939 2262 4443 458 1096 1583 1630 473 4394 3526 4176 3812 3828 1369 3065 1872 1613 1562 3065 3678 3603 2833 2125 4768 4609 412 565 3020 738 2741 4393 192 3320 2783 747 1921 1955 3599 4544 1809 3396 2244 2216 1115 4824 1633 1855 1766 2682 3570 4849 3057 534 4533 3055 4190 2661 2530 4273 1122 4814 497 4658 1021 3245 547 2319 4653 4083 3589 3723 2465 2958 4239 467 3810 2091 370 2103 200 385 4633 261 351 4690 4781 2522
2201 1392 3615 3955 4867 2574 3957 2089 1040 3758 2836 255 3787 1149 3432 4155 2239 2593 2547 919 3238 981 3971 992 1277 921 3823 4234 4507 2790 4101 676 2722 2471 4465 3030 975 2395 326 3911 3533 4588 1150 1179 3897 380 78 3163 812 2522 1031 1332 2326 778 311 1207 4279 3135 1209 3954 3348 956 64 1793 70 2994 1964 4310 3234 799 3249 983 1568 4208 1121 4414 737 4760 4690 2459 919 2433 2415 4770 2495 3953 84 2657 3807 1177 2237 3896 363 2282 2913 2669 3479 1004 510 1270 1850 4971 1145 1719 2140 3303 519 152 1005 2126 4236 1279 2017 315 527 4215 2834 2441 3828 441 3531 981 1008 2554 4193 2321 876 935 4608 186 2702 569 748 20 4233 3137 3000 2354 1604 1656 1293 2720 4209 1252 1546 187 1077 4906 1658 4861 1666 2993 3533 152 4503 4726 2164 4035 3103 3801 4940 2322 372 2952 3409 4113 1915 989 1573 613 2929 1487 3871 2437 4418 1586 2252 2381 3226 121 2067 89 3485 4756 2250 406 3482 3690 2029 1682 4863 2198 2933 3474 1813 4335 1678 2326 4236 3081
3508 2306 2990 1086 2574 1216 4028 4298 650 3210 1399 4091 508 1619 1616 1589 1038 2435 1515 4378 2536 1929 2073 3447 4061 4846 2450 257 475 4683 2974 4092 2048 3428 3933 4642 1248 4274 280 2576 2360 2685 2240 919 4064 2676 2282 4577 483 2380 1057 2478 4172 4817 4885 3615 2515 200 3559 2429 1956 2010 4287 4893 3501 4351 3039 4798 1599 1112 3117 2068 1850 2125 4639 4800 1707 3408 4175 2206 3081 3422 1418 3628 4514 2106 578 2767 678 702 3522 1943 2612 1725 4734 1477 4202 4899 777 2901 1216 266 2992 676 3375 4070 2703 3098 1041 4258 745 2299 2683 1352 2758 540 4759 3904 4145 1721 1021 162 668 1586 513 2737 1221 498 1339 3260 3329 1233 4990 2941 4920 1322 2628 183 2266 4358 2244 2672 1143 798 4328 4853 10 1181 4528 2168 3570 1314 3697 2142 2408 1347 265 4055 3397 3758 4810 4997 4088 3645 4802 3113 3920 1490 82 727 2125 297 4664 1109 3742 1887 1197 300 1398 35 3859 2086 3208 3486 292 4025 4941 3916 2225 2130 4518 952 3976 2033 4153 4768 2885 1349 4906 2902
4245 2301 938 538 3957 4028 3547 3011 1098 833 4265 3916 1192 792 4685 2948 3807 2391 513 3828 2752 487 2940 2707 1891 1428 587 1661 4783 887 4655 3270 3406 1962 3770 2691 1580 180 4029 2815 1742 3628 4475 3876 909 1040 1549 1998 4369 3328 1733 531 3214 921 1918 3234 2412 4456 646 2849 1414 4923 2042 2278 4767 3369 4989 3051 917 4087 4093 1089 1465 1642 1272 590 502 3404 420 960 526 4939 2664 3218 3265 988 4361 3464 154 2826 1381 1185 3017 3774 4490 3923 111 3554 4532 3210 871 549 4409 3665 2096 3781 1573 4791 587 2119 270 1622 1510 872 1016 1306 3378 3721 2813 4303 630 1838 2409 3484 477 1101 4724 4023 3257 4222 4410 698 2399 295 2211 2583 4990 1412 2181 270 4340 3626 4630 2341 1586 498 1814 2183 1536 2498 3485 1853 3289 3035 1624 1698 2706 570 4384 212 2989 770 4484 2620 2908 231 2620 2664 2358 3004 1349 1400 893 759 3512 3302 1131 1176 927 1974 1631 4534 3552 3546 2218 2241 3344 249 2328 2607 2147 4037 3629 3067 776 3724 3501 252 1036 3067
2206 970 3095 91 2089 4298 3011 778 3143 2599 3493 4285 4074 996 455 918 2135 157 3812 2986 3488 2858 3774 2414 427 1565 1936 172 2095 4171 2390 1153 164 321 2333 1432 1699 3964 4288 4800 4718 1695 840 1592 4922 1611 1344 3235 1160 3891 4826 4775 1689 983 4691 1264 1786 1964 2548 1599 3233 4810 832 549 485 3063 3587 4092 2180 132 4659 3197 4732 4842 1424 3406 32 1032 3835 2832 1552 4291 4455 912 2631 2327 3588 1702 3977 2268 2720 4316 3188 2219 1143 4992 812 898 4481 4773 1734 739 3465 2280 1860 1570 4919 2757 315 4956 3736 2050 1430 4268 101 1176 2522 1032 3166 1208 617 2152 3664 3517 357 3523 3794 3558 2149 828 297 231 2859 3197 882 4421 2901 3314 801 4470 3850 3333 3438 2602 4726 2572 3893 3860 1160 957 4708 1813 2683 2898 3470 1487 4708 2235 4036 850 1720 467 1298 2266 4958 4216 4630 4746 4402 1148 1885 37 1137 2288 757 46 360 768 4339 2641 362 131 1240 1082 2129 2847 3479 1314 4537 1953 1537 301 2218 1402 2953 2725 3459 1939 4335 1867
2642 3735 343 2754 1040 650 1098 3143 563 1887 4767 4013 93 661 4480 1316 2218 4420 779 586 1642 2210 2920 792 728 4797 3814 2238 1677 3721 3694 564 2511 3047 1263 3946 4728 2039 2925 2354 1294 2883 2558 1703 177 4546 4329 151 2697 3861 2942 1259 1132 2856 1630 3716 2663 3492 4581 4665 3972 704 1284 2850 3502 2940 3449 2840 4115 344 473 2760 1248 4880 4454 3813 3003 1679 3082 2153 3297 1477 818 4878 2866 4377 3119 1377 756 3729 1108 2706 4919 294 858 3456 3720 3212 4880 683 4662 387 3748 3742 4913 715 2535 3187 2871 1393 22 1348 609 3739 3162 2951 3170 3335 1995 3377 4273 3938 3390 2901 314 3584 3618 4750 3041 2979 2381 4688 3165 3375 3056 4589 2684 3998 2489 4039 200 2703 4434 4841 3736 3729 4028 4328 2642 2555 4176 241 4008 3404 4971 1326 3728 3865 4936 1345 4986 4230 1533 1195 1433 1831 2362 2984 4130 865 2781 140 3529 2472 3132 1471 3853 3563 1987 3112 4466 4369 2479 3649 1361 3370 1255 3346 1441 2537 2882 2146 448 1171 2898 3610 3743 2509 2242 4335
1686 4866 405 3884 3758 3210 833 2599 1887 822 3370 3812 3812 4300 306 4876 2683 3895 1446 1895 1710 4413 857 2398 3588 889 3656 1176 3147 2201 1661 591 2407 3226 4465 4179 33 4496 775 386 3874 4187 4372 3076 3328 809 3249 798 4877 4864 1224 2741 38 2415 1246 831 2633 556 3560 140 785 771 2671 3734 4604 3660 2896 3791 4207 2330 3224 3484 3844 2839 4100 4294 3340 3765 772 4733 2641 4884 3563 4707 1598 3182 4395 2966 2974 2684 2046 389 4131 404 135 2614 1350 2640 2892 2352 3020 3485 2489 4284 4185 2873 4633 4643 60 3570 1859 1285 4869 3059 1592 1093 2824 133 3721 2823 1730 2959 538 626 4846 887 3021 4520 2280 3198 2515 3724 4847 3415 3694 2440 3185 2044 941 459 1424 1589 4295 4172 4976 2756 4084 2127 4247 273 1254 4811 3862 1829 1902 2761 3335 1601 971 4285 3858 4667 2155 1978 240 1100 538 4747 2327 180 4885 3864 4702 1532 3891 1013 2536 1548 602 3904 2306 2520 2033 4109 1509 2244 4779 4271 344 2673 652 3746 4751 2540 4173 4018 3547 3399 3019 10
4916 3880 2643 4092 2836 1399 4265 3493 4767 3370 2957 4999 4381 2225 4340 2808 3023 2073 2949 1009 2981 2763 1073 1690 1395 3938 4744 3439 4226 3639 248 3225 3445 312 224 865 3235 3752 2016 927 4977 711 3396 1760 2846 185 1458 4703 2103 3042 1715 2295 481 1187 725 1092 4504 3573 481 3607 3249 3519 2111 185 1067 156 2010 4476 2973 4914 4014 3833 209 87 742 3044 432 2771 1008 4826 2272 2204 2896 3802 1401 2854 3220 2425 822 4738 3925 284 3227 3265 1090 4656 4815 3427 4135 1061 3867 3918 1751 4197 4497 2846 4098 2137 703 3935 1568 4418 4108 538 3185 1011 3229 1318 3467 2672 1075 2988 4201 292 701 2263 4811 2167 601 461 2142 166 4800 3214 1999 4197 3151 1871 4121 1279 1039 2628 1599 2941 4286 1528 42 4549 723 2280 3389 1325 3904 1414 3088 2400 1229 1522 970 4896 437 2929 669 3612 3993 156 636 1601 1406 4602 1788 1895 1742 184 2546 3854 2414 3703 875 4058 2958 3688 2118 3419 287 3673 394 3803 672 2131 1078 4180 988 1962 598 1126 3369 4689 2247 3485
3805 4781 1039 4862 255 4091 3916 4285 4013 3812 4999 793 2208 3208 2566 2111 4587 454 4533 283 858 537 2486 3082 1058 2123 1656 3024 3925 4243 578 806 4782 2811 3469 937 1415 3620 4905 1878 4430 4483 1023 4178 3394 4291 1399 2291 1577 915 4161 2653 3335 1251 2110 2022 2225 148 504 595 4763 1931 4318 3877 1456 4268 3985 1901 1934 72 2783 1941 2339 197 2753 2136 3001 4303 1566 1241 2530 606 4132 3011 4525 2720 3254 4623 2451 1935 191 763 2739 500 2469 4764 636 3379 2796 4269 3430 889 4811 3788 4460 1575 2414 3397 875 1865 4924 2113 3509 87 2901 2601 2184 3132 499 4073 3094 774 1352 4694 3840 2243 1187 4692 3265 4186 2991 462 368 4388 966 726 2137 2888 2519 912 3076 2853 4385 280 1942 820 2921 2671 316 3350 2150 2788 3234 966 3550 3832 2698 1931 29 4588 1834 683 1747 3371 2074 134 2715 1901 2637 2554 1876 4316 3045 4463 1874 310 4934 1458 2695 1474 1909 2030 813 207 1990 2847 1941 1281 1851 4966 1406 1274 1740 3312 2685 2452 1131 253 1662 463
1386 4330 2698 293 3787 508 1192 4074 93 3812 4381 2208 3430 3568 215 3541 967 109 973 2380 1563 933 4431 2275 4936 2670 3451 3206 386 3273 2830 2851 2834 2667 2859 3784 2724 4780 1608 4108 1459 3475 3039 3029 26 2463 1766 3206 3359 4104 301 4122 3490 3906 4642 219 1668 354 1579 3713 1782 2490 22 4134 3579 2097 3979 2927 2956 4513 2825 1072 3776 938 4183 1835 3173 725 3124 1795 4759 418 4229 4545 545 164 1251 664 184 884 1357 1511 1999 390 3895 3701 2103 1450 2889 822 767 3090 3781 4386 2826 4145 1854 512 752 942 865 3123 2386 556 1174 1883 2794 3212 2529 437 405 314 75 3915 3190 950 2278 1249 929 1401 53 3921 3220 1541 786 3151 534 934 1359 3901 3227 4175 4884 2983 2801 1882 1120 895 4875 4792 4373 1447 393 1146 3582 369 2089 1724 388 4440 341 4204 1319 3053 1148 4227 815 3600 4323 634 3124 3593 132 2994 3250 4059 2364 1755 1782 4876 3370 3665 1892 3988 746 228 4087 2847 4812 3681 186 4141 1744 4775 2727 4737 3116 4217 62 4107
1143 114 2756 1689 1149 1619 792 996 661 4300 2225 3208 3568 2928 2163 791 1444 378 4766 62 681 4637 544 3748 3991 948 4651 253 849 3334 3531 410 298 1783 1046 967 976 2418 2362 790 4521 102 4384 4523 2122 334 3695 3156 1542 3780 312 4796 3116 3213 911 4840 2904 3932 1925 461 4201 3647 1675 4953 1590 1075 3057 264 2874 704 2029 1717 2037 2084 2488 157 1570 2820 4756 4891 517 955 2733 739 2100 3212 2379 1910 2538 102 4010 1637 4543 1052 4048 4590 692 1451 4536 2040 2119 1411 2248 4708 1636 1822 1199 4568 44 2620 2495 1828 118 4836 2329 2209 137 1515 2988 4698 4958 596 195 4746 3255 478 1388 4783 1659 3292 2193 1606 917 864 3960 168 2326 2038 971 3845 4314 968 2184 3826 410 1437 1765 1335 3888 2601 1565 3234 4872 3557 1726 3704 3904 2556 2815 3111 3456 3822 3795 2080 1860 474 2367 4316 3140 4794 2688 3181 3070 2594 2343 2251 2248 4305 3275 4917 951 1071 114 837 562 218 4690 3678 2221 4770 2017 4117 225 4730 3482 4185 1551 3966 3855 4515
4777 4520 4657 1852 3432 1616 4685 455 4480 306 4340 2566 215 2163 2158 4120 3416 3648 459 4577 1223 1009 3255 3839 4594 1630 500 3492 4330 139 4351 2842 3048 3887 4113 2071 3275 3881 4192 2681 3921 4786 4107 4945 4876 1585 2117 228 1625 2172 4660 959 2621 2409 4159 4725 813 4105 521 3674 3119 4241 3861 3231 1423 4254 560 4047 272 1834 103 4582 1543 68 3658 4991 2495 4293 1498 4278 1548 1859 3217 751 3559 1550 3762 821 4101 1624 3699 1353 1001 3757 1160 415 4264 3211 1308 4214 3837 1523 4512 3733 1485 3345 601 292 3402 1947 104 2237 3330 939 3382 540 2293 698 4272 808 358 2628 939 3682 937 2056 2778 3228 3208 1305 236 1576 4715 4449 2944 3239 4393 47 1710 1250 1607 513 1617 1601 89 1512 4400 4814 4724 1311 4845 1891 3731 4890 2970 4703 2462 3692 1689 2722 681 1317 3734 873 46 3970 1976 4018 4724 2605 4204 2502 2533 2646 2208 3049 505 586 2373 2788 2197 1689 3571 4064 1356 136 4415 3358 2474 4566 1766 449 4073 114 1832 3426 2086 1997 4771 1248
4694 370 4096 3642 4155 1589 2948 918 1316 4876 2808 2111 3541 791 4120 3057 10 1190 4815 153 4993 3521 1146 142 170 261 3122 267 1448 989 4598 4156 133 4749 1762 140 4395 1514 1709 3013 4503 266 1526 3885 368 1594 1133 1892 3678 1651 4469 211 2385 1186 583 4608 1028 2144 2525 4348 1950 4726 17 4528 1487 2472 415 4562 2363 2621 4159 2216 4712 4615 1525 703 1846 3797 1975 338 1348 1395 1052 4243 4316 1533 3925 2882 2155 4018 1793 4495 4128 2716 2460 1950 2950 1821 2213 123 403 4222 2767 1202 1578 230 1217 1940 1014 483 666 2443 232 3225 2187 4341 2178 488 792 1925 2367 732 2817 3830 259 4274 4913 4542 4566 79 666 4540 247 4693 3105 1595 3088 2905 3568 975 1669 4461 3376 2717 3782 616 3659 3922 1419 1048 2865 1008 975 160 287 2521 2588 773 1943 3998 3272 369 159 307 856 776 2595 3830 4569 2518 281 2232 4144 1766 1118 3123 1909 2236 1145 2950 3266 309 630 584 3424 3862 1097 674 239 2329 1327 1833 1048 801 814 1780 1666 1998 1914 4495
4430 943 50 4619 2239 1038 3807 2135 2218 2683 3023 4587 967 1444 3416 10 4943 606 107 1942 4334 685 4527 989 2890 1344 2121 2196 1339 4001 1902 2638 2990 164 71 4005 771 1124 3031 3635 3934 1721 244 4882 1446 1849 1742 1935 2902 1035 3536 4923 1217 2748 4040 1386 4504 4719 2597 3968 3366 432 3910 4858 4912 996 2619 3427 2050 855 194 2389 2670 171 3216 3976 75 59 2806 4751 1833 3615 797 1091 1865 2532 1385 1276 444 4704 3555 1480 3137 1486 3290 3398 274 1110 4325 2897 4542 4565 4525 3488 923 1424 626 2213 317 2057 1919 219 1196 1147 2997 4217 3493 2099 4020 804 3913 4939 61 1846 4648 1275 3947 1529 3170 4282 780 1260 3870 3385 2739 4769 610 252 1521 329 1673 4568 2709 2917 60 4088 1122 1170 650 2615 138 1469 971 1609 2579 4271 3100 3874 2018 1858 958 4085 662 2979 1933 1046 4992 4368 863 3241 2019 1658 1776 3858 493 3129 2126 4671 2165 2327 2974 3024 1773 3264 2526 3789 2503 758 3561 1286 3942 4522 2371 1989 1131 4703 4905 942 4472 797
3887 2353 1371 4887 2593 2435 2391 157 4420 3895 2073 454 109 378 3648 1190 606 3500 3151 444 2913 3196 4254 3085 3438 1536 3680 2554 1279 3404 2474 2483 145 3983 1010 4747 2526 1181 1961 2249 328 4824 2473 1208 4955 1418 3409 3948 3298 4755 1941 1694 3752 4050 4475 2306 2469 2404 4471 2474 844 3539 2352 240 4285 3063 1031 2150 975 4922 4975 3399 4627 4444 2670 4882 2004 1912 339 482 3238 4564 1741 4290 2700 1626 4168 958 2795 474 1270 3462 144 64 2433 726 1636 3007 3813 2328 3578 3924 4469 3466 4816 2761 3544 3710 1365 4414 2486 2947 4097 1667 1605 2717 61 1983 955 1143 3658 4579 4455 332 4291 2578 3329 4707 1211 1810 3464 710 2525 3604 2927 1278 535 3195 1101 1038 2888 4149 4037 1176 1697 1697 2603 3677 2924 2971 4631 1598 4416 1768 1728 2977 4354 2665 223 4688 3763 1200 2959 499 2162 4331 2187 1154 4855 2228 3501 525 3711 2042 476 4422 1211 162 2538 2632 4679 3505 4278 3891 4105 4910 1055 1142 761 2093 714 908 4335 1981 1665 3277 3772 2085 447 2624
2565 2980 2697 3698 2547 1515 513 3812 779 1446 2949 4533 973 4766 459 4815 107 3151 4920 4077 1244 2844 3089 780 4365 2839 4219 4476 1141 3015 2055 2565 2199 3836 2992 449 3473 1488 80 2468 2507 1452 603 1559 677 1869 4548 4167 4694 2532 1460 2571 2643 4783 4329 1590 2557 4456 4551 4905 4063 1902 4757 3938 329 567 3124 3671 488 2245 236 295 1025 2892 938 3876 3073 198 348 2284 4924 3030 563 156 4164 3879 216 2644 675 4082 3223 551 2446 712 1192 1146 2337 949 1963 4596 4383 3588 4609 2764 4217 2834 3616 330 4270 4615 1460 747 148 1907 911 3470 437 1712 167 1971 4124 4881 4062 4795 4422 329 2349 182 2183 4739 2571 3452 1132 1643 4704 3125 1151 4157 3135 909 437 2982 461 4951 4337 1150 988 284 2643 1327 2805 3229 2247 1915 3162 523 2917 1832 4081 1104 3788 321 3160 966 3834 2528 413 1007 1710 687 2205 731 756 2390 2852 2571 3979 932 3370 2142 4086 3220 4468 89 1009 1487 3299 1985 1873 3045 3905 2942 3613 3637 1378 4796 1824 3432 2331 3824
4625 2334 1775 3666 919 4378 3828 2986 586 1895 1009 283 2380 62 4577 153 1942 444 4077 1277 2233 657 769 1700 4007 807 4118 2857 3178 1442 2358 3726 1820 3924 1269 157 3069 4391 2569 4048 3332 1240 4545 3360 699 1028 4522 655 750 4030 615 3906 1625 2817 4421 528 2181 909 3897 1175 1547 2842 4708 4976 1653 2241 703 2039 4736 59 516 309 1072 3930 1140 3851 4619 4717 1602 4743 481 4252 601 86 2979 2312 808 213 1769 3138 3565 1557 312 3491 1870 4770 1242 1909 2106 3778 3720 4475 399 3748 1531 823 4421 353 2354 1037 93 1898 3798 2679 516 2133 597 2691 3516 3642 1045 610 690 970 4155 467 3374 2420 4595 2751 4224 4241 4553 4319 1054 4348 788 3061 1873 1515 3131 1364 2049 546 4742 1397 4640 3115 1645 3376 140 4285 2181 3738 4464 3568 3461 617 1600 1848 1126 2757 3527 4392 41 4765 296 2006 2860 3752 4230 4547 1264 1516 1737 1933 879 2575 2114 4816 528 1390 862 230 663 4490 2638 4587 4316 3828 1666 3679 4258 2640 4592 2901 2358 2891 2496 4979
1485 3687 4703 620 3238 2536 2752 3488 1642 1710 2981 858 1563 681 1223 4993 4334 2913 1244 2233 2493 549 3134 1937 1404 4169 4684 3102 1429 1032 2879 4869 1233 3956 1542 4767 184 2940 2941 4396 3899 2558 536 1836 3297 4105 93 4230 4081 126 3651 1524 3711 1800 899 156 3788 2873 1230 4960 3964 4183 2738 1779 2801 4171 4871 796 2709 2621 2341 1236 819 2649 3282 1055 1433 2017 3822 472 226 4642 2401 220 3714 2354 3828 4982 3474 3617 4953 3789 952 1761 654 2085 4911 3774 1451 2492 2213 141 4078 541 191 3029 1691 1214 2606 4208 231 2771 2544 3306 665 1671 140 4427 91 2605 43 2770 3897 970 849 4485 1273 704 171 2537 752 3595 3260 2124 519 3261 433 2722 2885 2362 2372 85 3339 4143 2490 675 4339 4415 415 3161 1895 4364 1782 1531 4528 2785 3639 1520 4802 3961 3528 612 1318 1100 745 2587 762 906 969 1810 1217 4401 934 3756 895 2781 196 4449 1172 931 3831 2826 4235 3649 1669 3940 47 3873 3383 3123 2938 3276 3766 4396 2602 333 3561 2660 4664 4656
4763 4723 347 737 981 1929 487 2858 2210 4413 2763 537 933 4637 1009 3521 685 3196 2844 657 549 1136 1377 627 2069 2436 4957 655 4093 2319 3194 1711 659 1465 2543 1369 3039 3383 3177 3669 2792 4499 4529 1586 138 224 1394 573 4176 4805 1465 629 1414 1175 1749 4278 1803 2693 106 3645 547 713 2784 1015 1252 671 761 2104 790 664 1318 1670 1640 4817 1099 2373 3082 3285 3984 3877 2732 3813 905 3781 4781 1100 3243 4741 509 2408 2451 2889 1747 3133 2313 4515 308 1121 4441 4883 1052 3816 3666 4915 2486 4462 3724 2394 1279 3422 3760 2922 2330 4730 2745 4501 1556 1195 4199 2832 4187 3365 1573 3739 1007 1512 97 2077 3450 4808 3424 1685 3151 2209 1376 929 708 3051 424 3984 4051 2607 4263 1616 3987 1026 1998 750 3228 3316 289 2051 966 4865 4665 2141 3025 2430 54 3501 1766 2866 3505 2744 990 4001 887 3384 1946 41 2980 4262 1370 3787 438 3163 1222 509 3524 3788 1040 712 1329 1956 3136 1967 3310 3882 3560 4443 155 1196 748 3769 2259 106 1574 1619 1293 2112
693 3043 4004 4140 3971 2073 2940 3774 2920 857 1073 2486 4431 544 3255 1146 4527 4254 3089 769 3134 1377 2248 4840 4682 643 4740 2955 1758 4298 4927 3905 3689 3161 3739 1852 2613 685 3193 3011 2289 751 2536 485 1788 3706 2807 239 2769 1066 3962 4448 4965 4701 1478 3054 950 152 794 2832 3150 663 1830 3065 1815 4123 4375 808 4480 1007 2381 69 2616 2911 3488 585 795 2479 3329 2317 3654 3748 4129 784 122 2880 2846 3392 603 1638 3215 1402 4701 4104 1723 4706 1290 1478 3669 4489 963 4565 3826 142 4826 1322 1959 1601 3196 4284 3317 1791 122 4870 2667 4457 2120 133 1547 2137 406 1331 1489 795 67 195 4638 1833 4271 417 2666 1118 255 3454 4758 165 3974 4807 725 1818 4656 403 929 97 3204 4683 4177 1965 3293 4458 3468 1784 1076 1506 3574 3546 1889 2684 4250 3322 4240 1473 1979 3644 4728 1800 1627 3994 216 2274 1929 4957 1989 77 1228 1350 4519 3245 2407 2449 1163 2613 666 2289 1099 1429 4768 1313 776 2953 3773 1741 3123 515 1500 2286 1436 2994 4660 4139
1684 2444 1995 1179 992 3447 2707 2414 792 2398 1690 3082 2275 3748 3839 142 989 3085 780 1700 1937 627 4840 3670 4444 4553 2088 1370 825 2583 618 3892 1651 4777 4792 868 3334 3241 3733 3704 4419 1286 48 2195 3644 2322 1779 1373 1407 454 3354 2592 318 1169 3835 4362 517 2404 4598 4182 4886 3360 4723 2816 4657 2487 3001 3134 2270 794 2069 4440 979 3972 1074 3555 2308 1437 3675 3629 4446 4419 532 3704 872 1617 3560 3192 1821 3155 1714 1851 780 432 115 774 3872 4567 4830 3848 3433 820 4022 975 4280 4796 2782 3446 223 4003 631 2942 2436 4830 3749 1563 3318 4183 647 2419 4285 4866 2006 4060 1342 2720 4875 4022 1443 4070 4738 362 2352 2704 3619 4818 4973 3025 4809 4552 1709 4282 2333 1425 1445 4710 3485 2594 4132 1772 3866 4274 745 2687 620 879 2063 3044 2776 311 3860 31 690 1337 4302 4919 888 4526 2209 1722 1315 3603 174 1186 683 4540 3494 3555 333 4940 107 1324 237 2241 1948 1504 569 578 3409 1495 1234 4356 193 4922 2145 886 4344 686 2184 3810
1274 3497 1579 4806 1277 4061 1891 427 728 3588 1395 1058 4936 3991 4594 170 2890 3438 4365 4007 1404 2069 4682 4444 905 2381 1210 2808 2603 946 2313 4343 353 1002 2684 4125 321 2252 1417 3832 4271 3691 423 4113 3026 1633 2585 637 4164 2050 4169 4920 2464 2607 3812 760 87 4318 1707 1988 3217 4482 3896 4181 2760 4167 2356 4637 2559 278 4718 1360 4828 2118 4744 4717 3594 1386 4271 4441 2634 801 954 1258 3499 3284 335 4396 3934 3235 4061 418 1190 1022 3982 3509 3191 4155 3158 693 1251 319 3607 3518 1108 472 4146 3798 2926 4118 824 3029 1315 2271 1977 3531 2938 3486 1704 4080 2758 2598 4523 2238 1385 3317 3399 3342 280 296 4401 3127 686 4369 192 1971 1921 1686 2041 3234 1486 3459 4976 3749 3250 3707 300 2176 1005 2090 3110 1518 1137 3336 1920 3900 1369 353 781 3738 1142 4279 2232 4388 33 2399 322 2608 708 2844 2765 652 3870 1023 3455 718 1680 247 4832 2834 4161 4257 207 2084 4625 1642 2666 736 4355 4879 1209 4731 3231 779 4944 185 3594 4392 4657 1233
3559 4267 1633 2899 921 4846 1428 1565 4797 889 3938 2123 2670 948 1630 261 1344 1536 2839 807 4169 2436 643 4553 2381 3187 4369 259 2294 1939 155 1441 1356 706 733 2313 1706 2635 730 3509 2179 3798 1193 1670 3561 4514 3778 1261 891 279 3864 392 4440 3253 928 1095 367 2152 1584 4577 2616 151 631 1825 139 2037 3129 2360 754 2747 1349 3718 2663 872 1148 1496 3302 4057 76 4915 2422 1989 1429 2952 2111 245 3236 1463 1397 2214 1500 1427 3837 997 4341 2088 2473 408 4546 2380 2383 1069 1848 4217 2917 765 2400 1096 2060 1355 413 84 4193 4282 2132 3652 2868 4781 4769 4902 115 2795 819 4969 3303 4716 4766 476 1733 787 4873 268 4019 49 4196 68 1393 1728 425 3541 3212 3981 1134 1221 3997 178 3676 571 3388 3035 2402 3648 4066 1452 3218 1410 3344 2456 2153 3710 2134 1921 4222 1848 3572 3539 105 3122 2543 3236 4120 1589 4613 2573 2620 859 2731 1241 2562 1450 309 2975 503 3407 2625 2561 1263 2270 1360 4940 2091 1738 2086 3057 4568 1612 161 3634 1171 16
2597 2344 4394 4835 3823 2450 587 1936 3814 3656 4744 1656 3451 4651 500 3122 2121 3680 4219 4118 4684 4957 4740 2088 1210 4369 592 3357 629 3380 3137 1252 4334 4489 1901 1338 1430 272 4163 3566 766 4476 899 4852 1020 407 1069 2060 1886 4763 4410 472 874 1633 73 2108 4260 305 2849 3426 1107 1850 2612 1990 4483 4764 1586 2507 2875 3873 4980 473 2880 3359 3210 4703 2254 2994 3029 2135 1224 4935 3594 4884 4911 3009 2204 3945 4464 4180 63 4880 4906 2793 3660 1515 2482 1793 1593 179 1553 1848 4737 4034 4370 3840 3705 2110 2701 4747 780 1859 4325 1881 1467 3787 4214 4659 1623 1322 1668 1704 4613 3364 4071 804 3486 3807 3595 4459 665 3509 657 2501 1423 70 3659 2422 2571 3993 3078 4035 1493 48 1191 4525 2417 2124 2074 2125 3837 360 2580 3795 4616 3716 4420 874 4492 887 1071 3720 2682 3374 2638 4991 1420 1665 4980 2295 3602 3862 3244 2974 1738 810 4393 4567 3246 2797 2365 537 846 4224 4798 2665 4290 1130 3520 2429 4997 2395 46 3217 2536 683 3935 3062 2489 4785
3613 2953 1700 4102 4234 257 1661 172 2238 1176 3439 3024 3206 253 3492 267 2196 2554 4476 2857 3102 655 2955 1370 2808 259 3357 993 3895 954 3733 379 756 29 4101 1460 2991 1302 3286 3710 628 833 1197 3893 4184 3521 706 2161 4981 3342 4225 356 4397 1397 2169 3300 4412 3923 2138 3933 1389 3833 2942 2067 3825 2119 1793 2971 2838 2162 2235 995 4309 2903 89 2265 4094 3542 250 2141 1062 2383 3467 3209 3754 4601 4271 4975 4085 1023 3578 3508 3751 989 1256 3824 306 191 4222 1372 4052 3252 2401 1965 180 3692 1010 1315 2519 486 1046 1586 4377 1946 3925 2893 332 368 3364 2192 830 3151 3465 3529 3134 1608 2110 4082 133 3110 3474 4050 3723 2008 95 3946 2667 1749 2323 319 4363 1945 232 4353 3632 402 3441 2310 2558 243 1541 751 2013 520 967 2841 1725 1107 955 3902 491 3222 2082 171 1797 713 1447 3275 1675 3793 1962 4656 4284 1816 2368 2250 38 1411 830 2310 2326 3174 558 2337 3501 611 4530 3156 3670 1009 1359 2868 61 2045 1760 4215 4122 260 4340 462
1467 1537 3164 3633 4507 475 4783 2095 1677 3147 4226 3925 386 849 4330 1448 1339 1279 1141 3178 1429 4093 1758 825 2603 2294 629 3895 2457 4551 2119 3508 1709 1087 1784 1348 4954 4020 580 324 1281 154 4341 2305 1655 2678 2069 643 3577 220 80 1853 3203 2987 1904 4348 2813 100 482 2325 3081 1523 2570 682 1072 4053 1612 2146 1459 1444 4044 3698 409 4490 223 3220 2671 4982 126 4042 3026 4681 2706 4922 4874 2352 3863 2068 640 821 3559 2417 1106 2855 1980 1693 4706 4671 1114 2097 1286 3640 1902 1246 3631 3841 669 4473 20 2363 2728 3612 1388 4504 2970 3162 1829 2951 4961 1000 914 1394 2828 110 2965 736 2907 2194 248 2731 2828 3349 1427 3802 4911 995 145 4279 3405 4663 388 4905 3190 523 999 1485 479 475 2100 3082 1114 1557 3379 1095 4796 4534 2691 3371 4459 4874 1439 3303 1344 248 4792 2903 1920 3349 2271 384 1949 49 659 4908 4963 2202 3082 685 1548 3095 3415 2601 217 4845 2175 3052 4409 1364 3204 4907 2107 2934 3293 3866 3838 413 3238 1845 1897 1050
788 3798 2598 4312 2790 4683 887 4171 3721 2201 3639 4243 3273 3334 139 989 4001 3404 3015 1442 1032 2319 4298 2583 946 1939 3380 954 4551 2867 858 3185 4335 3223 402 1614 2677 3806 2276 3507 3359 4371 3682 4310 2957 4859 1877 3769 2672 1774 631 2545 1103 3314 61 681 2526 3565 1170 4358 4671 441 3291 1030 4579 3242 1818 2658 4457 462 2496 2587 1930 4060 4805 4950 2299 1880 2950 4121 2337 3610 999 1581 933 4002 245 4388 4256 3010 153 1505 3372 19 3535 4845 3208 3499 2110 4478 1044 1827 4629 3424 2118 3830 3286 3058 1853 2372 187 3953 2063 881 1282 655 2149 2929 2292 4998 164 3644 1406 904 4642 4481 1392 3619 449 2022 1131 2367 3964 3609 4263 4629 3803 3039 4721 2297 75 3853 2869 1318 3994 3958 1535 3049 3408 3628 103 4372 1391 4216 4604 4874 3062 1609 1052 1906 1466 4176 1616 3289 2807 582 3415 4775 2694 597 2480 1633 3713 851 3377 2219 2158 374 1699 3545 2760 3230 1443 4036 4248 2101 3186 1967 3607 2718 1135 2773 3020 4130 45 972 1368 4853 3712 500
938 3449 2682 599 4101 2974 4655 2390 3694 1661 248 578 2830 3531 4351 4598 1902 2474 2055 2358 2879 3194 4927 618 2313 155 3137 3733 2119 858 1201 2136 4653 4281 2459 4394 4227 882 1992 834 2108 529 3687 4907 371 1721 3314 1873 3796 2386 2069 4392 674 1189 1022 1290 1480 2646 3978 4010 2500 3000 841 3203 2982 3402 4070 4977 4229 990 4214 3304 2525 80 4748 4477 1565 3909 256 4392 960 3012 4684 4026 867 606 2766 2869 352 2647 4390 1870 4981 411 2634 2023 845 1715 1039 2898 4187 3941 262 4122 832 1701 3104 1386 3894 2874 4232 226 1829 2009 2061 3431 3577 3095 953 2427 4882 808 1029 1649 3605 4647 4998 4047 371 959 521 767 4192 4368 129 3125 2966 1017 1151 1254 134 2659 2211 1831 849 3122 3820 1570 3541 3468 3377 925 876 3808 3161 2291 472 1083 1510 3937 1932 898 3827 3719 2404 4790 328 2363 2891 3242 387 3373 981 3428 4376 1891 981 195 3748 2503 1988 1374 533 2513 2491 4960 4558 1860 4958 656 3188 4709 544 608 4563 1740 3379 4615 2041 4715
160 1994 521 1407 676 4092 3270 1153 564 591 3225 806 2851 410 2842 4156 2638 2483 2565 3726 4869 1711 3905 3892 4343 1441 1252 379 3508 3185 2136 3905 1809 2910 665 1951 2651 4832 4622 4375 4343 3701 3790 3327 3980 4090 4843 2112 2476 3356 4628 1978 4696 109 3023 3535 2924 801 4146 2638 1233 382 897 1482 3603 898 4155 2238 795 1876 4001 3914 4651 602 4760 207 3597 550 726 372 379 2849 4143 205 3320 722 4345 4519 3669 3464 3213 4166 4977 2856 1364 3514 1081 2063 1913 2691 2180 1431 1971 4998 482 2188 277 4307 2743 621 3218 4704 1930 2297 3114 3387 1541 3565 2312 2549 4225 499 1994 2221 3665 3155 183 1057 2207 3068 994 877 3951 645 1211 59 2372 2601 3864 2711 1290 2350 1195 66 750 1176 1749 4303 4028 545 449 2632 3537 2499 1015 660 3139 3295 4330 4974 4566 4504 367 3624 3849 3092 256 1410 4479 2141 4159 869 326 3307 625 4746 1322 125 2663 439 4966 478 285 2663 1127 3284 2491 4783 787 4354 1973 1718 2733 3191 2238 2770 1468 4913 3168 842
2298 4882 595 1212 2722 2048 3406 164 2511 2407 3445 4782 2834 298 3048 133 2990 145 2199 1820 1233 659 3689 1651 353 1356 4334 756 1709 4335 4653 1809 3339 3930 2707 1957 4070 3502 868 4434 2710 767 1146 2859 591 3693 1599 1752 3867 3456 296 1274 453 2674 63 3829 2341 2936 1698 4760 1195 2704 818 4837 896 1723 2294 4522 2939 4816 1498 3244 4841 2157 4186 3531 4944 1347 3438 3228 3201 3997 4027 4973 159 86 4832 3223 2852 1245 581 4250 2629 2212 2127 3848 3448 4906 2529 3239 1764 2098 1997 3609 133 712 2350 2249 314 645 417 628 4819 355 1830 3852 1877 3386 1727 854 566 4032 3547 2802 4205 226 1527 545 4465 4714 196 2655 4904 1475 4067 3592 1072 3117 3041 3685 863 2975 3672 3886 657 3329 1806 4732 350 1668 4126 1274 4698 3407 223 3190 847 2824 134 3752 2415 783 2640 3876 4080 1916 3605 181 1828 4791 3658 2006 508 4245 1652 1970 2102 2870 454 3128 2933 131 3035 2586 2338 4664 4331 4539 1092 1217 1694 4338 2745 3549 4990 1008 4413 3360 359 4634
640 3254 2966 3464 2471 3428 1962 321 3047 3226 312 2811 2667 1783 3887 4749 164 3983 3836 3924 3956 1465 3161 4777 1002 706 4489 29 1087 3223 4281 2910 3930 1138 281 919 3426 3028 1377 3474 300 4881 2899 2739 836 1835 3913 893 4886 1930 3069 110 969 2533 3383 4363 480 4705 563 2052 2405 899 1934 2672 2073 3638 3675 1119 4649 357 700 2496 704 3963 485 84 4624 4143 4179 1496 1582 4195 4478 4158 338 1851 1945 4597 1290 113 761 814 269 4864 4807 3566 2911 2787 4426 4937 892 4220 3937 14 4190 3276 812 4523 808 4756 2511 4559 3058 803 2989 1402 1086 895 1441 871 1788 2369 1395 1537 3954 4245 506 1977 248 4985 559 2787 238 1101 4441 3037 3984 1127 3369 1744 914 440 3354 4100 2805 3802 3047 828 46 1744 430 1604 2382 4444 1463 406 2882 3781 4521 4013 4151 3795 3560 1772 3154 567 644 194 1282 2046 1913 1440 4063 4015 1123 3907 342 2604 1331 2939 3519 4229 1667 1012 1683 2882 2383 3797 4360 3813 1664 4789 1644 3426 4277 3864 136 899 3302 171
4022 40 3372 3849 4465 3933 3770 2333 1263 4465 224 3469 2859 1046 4113 1762 71 1010 2992 1269 1542 2543 3739 4792 2684 733 1901 4101 1784 402 2459 665 2707 281 2696 3201 3151 316 188 3245 2489 2833 2764 168 3466 493 4814 4113 1797 1977 4639 4209 2088 1543 4216 4156 3294 442 3359 3405 3554 2987 83 1139 2594 3847 4952 4378 2649 294 3109 4272 2475 504 3866 3684 1912 4137 2939 3185 2376 1731 485 4296 2433 1862 3670 990 2636 3115 1793 3699 3893 2959 4497 3681 4161 4171 2560 1166 4119 4732 1463 3983 4821 2719 1208 864 4300 2724 3996 2756 1021 3241 3303 3587 4939 3967 2987 103 2672 792 1175 2268 3943 1931 727 420 3708 3331 2437 2234 3017 708 2895 1615 4906 3104 3706 4216 552 4341 2777 4649 1255 4211 1555 1796 177 3572 1537 2755 4283 511 1515 1912 2980 4801 4391 2728 4518 899 3134 3770 14 2136 4475 2764 1375 3249 3232 1606 3794 1897 670 1489 1355 4057 2062 4408 1101 2521 2815 2881 3860 3001 174 3623 3177 2607 3103 3426 194 1450 3452 2224 3270 1144 2267 2858
3495 3144 3188 1945 3030 4642 2691 1432 3946 4179 865 937 3784 967 2071 140 4005 4747 449 157 4767 1369 1852 868 4125 2313 1338 1460 1348 1614 4394 1951 1957 919 3201 4745 4350 4775 308 3075 4847 1839 2120 1961 3376 912 4881 3981 326 4927 4153 3736 1319 3220 3759 779 2173 4709 1445 3258 1414 1198 1001 1058 546 4830 2953 753 4616 2142 330 1933 4969 1580 2643 1882 1136 3947 2815 4722 4115 2639 69 4276 4724 2320 2217 2171 3665 2232 1376 1194 1061 4697 2125 4032 2562 2023 4980 689 1602 3351 215 1626 3099 4079 4420 3400 2266 3735 1119 3579 432 351 991 1481 3487 4016 4588 2020 3436 3115 1751 526 629 2294 4963 4328 1724 3575 3500 2944 3034 884 2313 1922 1265 3727 4152 3298 2723 2117 3621 2632 242 867 2411 2064 1210 495 2390 255 2424 3718 2421 2543 4394 3831 3513 3895 1898 250 4119 551 4627 1763 1839 1876 2592 2769 4638 3087 4387 2162 4591 844 1941 4041 4340 1175 3207 44 1583 4946 3046 648 3309 3825 1069 1911 556 2919 4516 236 968 178 2352 2087 326 4619
4274 4838 3447 1638 975 1248 1580 1699 4728 33 3235 1415 2724 976 3275 4395 771 2526 3473 3069 184 3039 2613 3334 321 1706 1430 2991 4954 2677 4227 2651 4070 3426 3151 4350 129 3655 1211 2277 1394 657 4037 105 1541 2981 559 806 1526 1932 3789 4462 685 3430 2622 4535 1840 4076 1172 3681 758 1853 3992 2031 794 3617 2303 4083 2705 333 1804 2356 3814 1346 2235 3725 4004 4976 851 1642 4660 4685 3893 3527 788 647 4258 4079 3480 3443 923 4294 1944 634 4124 2471 3523 1450 1943 3118 1075 2985 911 3241 1409 4946 3355 4631 23 3724 3416 3788 2097 2288 3421 1686 3988 2323 462 359 3185 3204 1433 2596 3612 3696 2317 1993 4719 4259 984 4085 2030 1752 4706 4664 2028 1598 4180 4764 324 4195 2668 4362 2260 2820 2653 258 1980 3470 1128 1846 4292 4932 4973 997 4444 1855 2323 68 4665 3943 2391 3375 2155 819 4486 4540 157 1545 3346 4159 4160 2824 4537 2758 2080 528 2095 3179 2159 2057 1063 4095 1167 1215 1308 3408 4397 1383 1834 3393 2298 4169 3972 2809 1672 1643 2855 2882
4633 2184 3144 1862 2395 4274 180 3964 2039 4496 3752 3620 4780 2418 3881 1514 1124 1181 1488 4391 2940 3383 685 3241 2252 2635 272 1302 4020 3806 882 4832 3502 3028 316 4775 3655 3837 3169 4022 1180 4412 4269 3845 3855 2087 4605 507 4711 450 4095 820 4205 3733 580 616 4487 4899 2776 3033 201 4552 1731 3249 4666 4795 1762 4323 1248 1655 1666 4761 4360 1985 1045 2368 1858 3756 3575 1731 3890 828 803 4447 2353 3416 765 146 596 4851 306 3000 1688 2878 4667 1197 4577 20 2587 4065 2302 1826 162 2078 3067 2133 2295 371 599 3412 3148 4922 497 3500 3402 3864 74 3611 3785 3228 3260 1768 4495 1775 2216 668 2544 2286 1229 588 1352 3106 4548 2389 4906 2161 2576 3918 2282 2174 675 2234 3263 859 1633 1459 586 2671 4232 3106 1993 1259 2711 4635 1289 123 1405 4774 1574 308 817 962 1884 4901 3250 4503 1365 1762 1040 2794 184 4988 674 2047 822 4493 2531 118 2771 2298 2417 2059 2800 2395 2650 3173 158 1355 2608 2100 2369 4660 1209 1292 2370 3234 1978 1735 1229 1143
3183 2551 57 1040 326 280 4029 4288 2925 775 2016 4905 1608 2362 4192 1709 3031 1961 80 2569 2941 3177 3193 3733 1417 730 4163 3286 580 2276 1992 4622 868 1377 188 308 1211 3169 337 3196 3269 4742 4434 1027 2159 362 479 2435 1712 447 516 3540 1970 4681 69 4652 4510 4780 894 3438 3113 1710 911 2375 505 533 2363 1376 4524 1348 3905 3379 3276 4104 3040 1136 959 3301 974 2606 629 488 4736 2237 4379 4742 2288 1255 3149 3732 2325 805 4236 4150 2045 3714 1750 4520 1243 2498 2031 3786 1983 2278 2999 869 2214 216 4452 1637 1130 794 2582 4858 1624 4275 3687 2424 4125 2903 2187 2472 3211 1450 58 2486 1404 4415 2064 708 735 1242 1698 3146 2778 3702 4061 1834 3549 2848 1077 4728 3320 3576 2438 3655 4654 3408 4106 2448 4378 2428 188 2063 2527 4093 3165 4717 3453 922 1683 2109 2267 311 1850 837 4406 2191 2321 935 1649 3941 739 477 4904 4858 3586 2100 1575 2592 3119 3690 4205 2707 3883 4719 4320 325 4886 585 2355 3125 4298 3788 1668 4313 1800 1437 555 4516
2653 4675 1098 1068 3911 2576 2815 4800 2354 386 927 1878 4108 790 2681 3013 3635 2249 2468 4048 4396 3669 3011 3704 3832 3509 3566 3710 324 3507 834 4375 4434 3474 3245 3075 2277 4022 3196 2643 3400 1396 2786 846 453 42 1031 4692 3230 2477 1711 3428 3483 173 4778 629 4824 704 440 1810 285 2398 903 1321 4518 4793 2619 2462 2276 759 1094 1214 4268 3539 3238 681 3184 2022 1362 1010 4078 398 2717 2069 2937 3932 4762 1757 3520 3955 4925 2753 1628 4397 1827 3930 4451 2127 324 1479 2997 4207 2594 44 4337 387 4744 2639 350 4559 2080 1652 1301 1675 4956 1921 4587 2485 4777 1994 1788 4439 2089 3261 3895 4591 1999 1087 2743 429 1989 4497 4326 4060 1850 2042 1450 924 1709 4584 3100 4471 1259 3348 1400 4402 2219 1752 1062 4964 1281 3504 3993 4434 1976 1871 1360 107 653 1932 2981 3590 4879 1698 1658 672 3177 567 1394 4097 597 4868 105 2137 3089 946 2597 117 574 3861 3167 197 888 195 4017 2072 4877 1456 3100 844 4374 2395 1451 2576 490 1782 3325 2447 1600 3554
