N: 200
M: 30
Symmetric: true
Triangle: false
7 40 196 120 81 3 180 114
7 9 174 200 44 139 161 65
4 83 32 27 104
3 106 61 134
5 126 64 56 127 97
8 33 105 144 79 162 188 24 194
9 29 115 118 199 54 173 184 49 96
5 163 142 93 10 152
8 156 191 136 101 5 59 150 13
5 166 70 30 88 80
6 8 129 197 6 185 137
9 4 11 195 17 62 58 155 16 167
4 89 85 130 47
11 82 22 110 141 94 168 160 74 48 131 157
11 68 187 135 151 107 28 158 133 39 125 42
6 154 190 90 182 98 60
7 186 147 193 122 103 140 164
5 20 128 111 181 45
5 178 179 76 100 41
8 1 153 52 73 21 108 148 25
9 183 72 36 170 18 123 87 145 172
10 116 119 78 198 99 132 69 92 19 109
8 50 176 177 146 2 143 26 37
7 102 169 171 95 189 55 124
5 112 86 57 35 43
7 175 12 51 67 91 149 121
4 53 66 113 63
6 31 138 117 77 34 15
9 192 7 23 159 165 14 46 71 75
2 84 38
569 3854 1037 74 3437 3909 2429 3469 679 3945 2996 766 4795 537 964 3138 2677 3518 3421 4596 2841 3211 737 368 401 2159 1829 1817 4382 3797 633 2370 3589 122 141 752 4123 3980 2466 2005 2315 3414 3258 1779 1972 971 2890 473 597 3179 235 1264 1721 4236 1107 3587 3619 3325 3235 369 965 1839 1542 4692 4406 2989 2175 2574 4517 2999 3866 3648 3020 1490 4586 403 1374 4031 446 4419 4309 1420 606 3413 1083 3177 3223 456 2568 1727 2304 1889 4116 1670 3688 3695 2889 2754 3325 4698 1563 574 3869 2213 3433 2814 1485 996 2037 1581 733 767 122 3855 1016 1309 1534 1318 3181 3916 1740 4039 1310 190 3877 4197 3819 3387 93 4286 4188 4675 3631 3388 802 182 3793 3982 1434 1441 210 3782 3211 3422 1039 2991 1487 3817 2417 1926 1435 3472 1728 1360 3865 3700 459 3890 3788 4197 752 391 1110 1923 2592 3000 3391 4312 1347 3157 872 4402 3389 2171 276 485 3730 1445 2291 3552 4028 3107 4976 419 2480 1462 4231 846 3814 4574 3063 1279 4380 1719 525 800 1462 353 3324 3801
3854 195 2244 1383 3332 2857 1331 2528 2860 3018 1057 392 512 4663 3136 4797 140 1965 1095 3834 2172 4970 628 3120 1757 987 2111 4299 1854 670 2426 4077 2443 645 835 3803 2194 4987 1493 3189 1642 917 2903 3655 4992 360 3660 4271 1510 1747 4166 4191 2374 4562 3015 4468 4300 2173 4377 1927 4224 4610 2200 4222 648 4610 597 64 1001 233 4286 3468 3276 1883 3772 505 4549 4361 154 3035 320 357 4115 1855 1850 2168 4683 4986 2139 879 4018 3130 2931 2276 3714 2342 4057 678 2148 4667 4778 2883 3351 3587 3472 4900 2076 4776 3274 2709 4065 4914 2879 2903 1464 3589 4572 4536 866 2524 2234 4943 105 2810 1606 2583 454 4647 87 1187 3015 4502 1447 1747 3067 2161 3354 2090 434 411 1298 885 624 4414 4290 2248 3015 3460 3829 2843 3469 3762 1994 4866 3672 3838 1676 1139 203 726 19 2505 397 2181 4709 2472 10 1363 2368 1636 4850 1695 4529 3746 3983 480 4639 3221 803 4674 1646 3932 1037 4617 4625 4856 315 3118 3749 3995 1513 4801 1155 4055 1382 3661 2579 1472 3131 457
1037 2244 887 2667 2820 4365 634 2634 2133 3299 1986 905 950 4824 2278 1540 3646 195 2993 3649 1967 3474 4670 2146 3178 1858 455 2371 4013 4786 4820 721 1980 29 4231 1589 1471 316 635 1443 3514 2203 4777 1509 3937 2425 2095 1545 3822 513 2132 3402 1588 4747 2854 1206 4994 1523 4547 3805 3798 3794 811 4099 788 2982 4020 4815 1040 78 3250 3086 1101 184 1510 3877 1115 3471 3186 4246 4147 1338 1212 2541 2771 722 41 2407 1097 2209 2428 3250 2349 266 2077 615 2613 3760 2008 2773 4746 3922 1585 2115 3865 935 3189 1919 2817 1319 914 3806 628 1211 4692 1124 1792 4109 2631 388 3667 3623 2214 3520 4213 2349 349 2500 3013 2478 3667 1929 1350 3977 4770 1229 4770 659 1398 429 3208 197 1637 1182 3990 3754 4921 121 413 4057 2804 2801 4646 2903 642 4512 717 1116 1518 2981 4637 3699 638 4910 2090 1867 3460 4089 892 3782 1445 1711 2226 4063 4078 842 3699 4071 2801 966 3484 4643 2089 517 1663 2940 4673 142 2082 436 401 2659 4063 210 737 2797 741 2549 3283 2130
74 1383 2667 4787 3595 419 665 899 693 4920 1263 2536 714 1275 1860 4776 3874 135 3344 4140 1298 2023 2350 1057 226 19 3350 2635 1245 2329 4544 3573 1669 3849 2944 4228 2078 4335 431 3587 4254 2835 2388 4277 1390 697 1629 3069 1012 3591 3808 4082 3706 3217 4604 2750 2965 226 549 3329 2153 3823 4621 3402 510 4656 1459 4478 3714 642 4199 4756 2979 2244 944 2174 984 3126 4798 4738 783 2563 3755 2456 2901 2010 670 3677 2761 1152 2663 4541 1721 993 3594 2611 264 2308 2663 1975 882 3800 3378 2574 2956 2649 1883 3061 748 3843 4778 932 433 448 924 873 3886 1688 4311 3470 477 3528 2633 2145 1036 4467 2362 1274 4069 2573 2765 3044 1259 259 1825 3924 401 3229 1218 2488 1864 3993 481 1726 4443 3877 2621 4734 81 4346 591 2873 3666 1993 4611 2897 4242 3621 3158 3654 2792 4378 3680 670 3635 696 983 1154 2019 814 402 4702 1365 3601 2355 3829 1217 2482 1188 462 4091 2590 4277 2548 2930 2328 4280 2367 3201 2455 2096 4169 4999 3912 4321 838 4069 4944 3867 1660
3437 3332 2820 3595 4114 1309 2967 3961 2318 3440 2466 2044 4529 1655 4009 4600 2679 95 1468 4336 879 4701 3086 2118 2960 1287 583 4362 147 194 341 1960 962 90 4166 2752 4456 878 3694 2509 1974 16 2503 227 2827 1597 936 4755 2257 4746 3133 3521 3066 3404 2040 3685 1522 745 88 2757 4867 4523 1101 936 1070 3090 1520 1197 3927 4814 4118 3292 336 3060 2547 1254 1936 4489 706 3438 1389 957 3834 4692 1459 4348 903 739 3990 1315 1237 1996 3030 3758 475 3688 4906 946 1553 1099 83 2380 3226 1050 58 1914 4100 1688 965 3100 4517 1087 4673 2931 2515 4064 3392 278 1334 2457 2686 1970 4912 704 686 2042 2032 4930 3657 4242 1158 3646 4559 515 4240 4846 2011 3655 2970 2557 2716 2234 1730 2209 4787 744 236 3928 3725 1207 3406 4185 1235 3858 2125 4188 1243 2870 2452 4208 2100 289 4904 69 1707 4334 2805 2448 2932 1161 4722 111 3169 2750 3484 3739 3445 399 3952 1258 1423 1222 3032 3894 1374 3297 1859 818 3686 2896 445 350 4068 711 3772 1940 1129 3395 1221 4105
3909 2857 4365 419 1309 4497 505 2968 2960 1782 3295 2358 745 1761 3779 2986 1222 3933 4080 2163 1758 346 1851 4988 2531 2888 994 4814 3877 471 3183 3086 1040 4416 4092 864 3650 2562 1097 1790 1984 4626 4645 4026 3398 288 4470 3945 4340 2638 4469 2166 1549 4314 507 3469 2410 1607 90 3519 3557 4225 3674 3098 3759 2767 1340 1993 4729 901 491 3615 916 584 1980 2975 1834 2698 2495 3830 1460 4487 3641 1713 4710 380 4749 1904 3247 715 3024 378 4889 3810 982 424 458 4334 3363 1089 596 1563 3127 3971 4137 1532 2613 4244 3750 1322 4072 3649 2047 428 23 1867 105 948 2950 3101 923 938 3788 3195 790 160 3688 1659 750 4228 4373 2632 699 2828 364 2400 1818 4344 4011 4704 284 997 2756 772 2368 1150 3408 4431 1532 208 3296 537 1496 2231 1116 4938 2955 4684 3609 3655 2102 825 4926 2352 2752 4320 4145 1672 1582 2305 3905 1634 175 3059 501 3789 2535 1329 2516 2120 756 2084 3414 290 922 1341 4038 2273 329 1890 4147 4505 1680 4013 1479 1745 1572 3437 3519 3938
2429 1331 634 665 2967 505 4353 2294 1427 3249 4392 4815 4135 2209 4358 591 3215 3886 3671 2892 4884 321 870 1255 3469 1291 909 4548 3991 2808 1205 2867 4271 1945 1207 2391 3661 2819 4063 2079 1853 358 4309 3224 4774 283 4313 3270 1376 1548 4640 1854 3941 4470 2267 212 3517 2546 2176 3075 2133 3251 2098 666 1399 1431 4609 785 3162 484 2643 2548 2586 3306 216 1120 2138 3978 4560 2483 1774 281 2661 3386 3941 4208 2357 2803 1157 42 2175 2413 3514 1715 1130 1131 4076 450 2243 177 2024 893 3621 189 152 1061 77 1401 1007 3592 1628 2815 3711 4124 1310 3818 276 1763 1850 4030 2675 1377 1959 2975 2712 1637 4515 2291 3317 983 2991 3228 2054 1143 3819 3362 267 1874 4604 2442 4528 1740 3233 2430 1825 4682 2882 4996 423 2490 4797 4658 353 3715 4499 3639 4709 1922 447 2933 4532 3215 143 1526 1235 2937 543 4052 4928 2928 4526 4242 3084 3845 1834 2812 10 4204 1036 1595 651 4711 1210 2798 2306 1722 3035 4982 1995 2523 4070 1909 873 2853 1311 2472 1484 1021 3788 146
3469 2528 2634 899 3961 2968 2294 410 3714 553 353 1789 3150 1806 202 3425 3993 1452 4598 1322 4084 4966 66 1009 2742 2528 3833 16 1971 588 2551 3469 2175 4573 1500 1602 2631 1937 2403 1927 3444 1620 956 196 396 2299 4440 3406 902 606 2151 171 669 3155 4196 2404 4570 3365 2252 4591 503 1192 1309 4362 190 384 210 4802 4208 1167 1675 2774 2638 895 633 2521 4975 1522 2221 3520 4876 2160 75 3826 1272 652 3587 1815 1866 2203 3795 418 10 4291 1155 1383 3547 1407 4695 1099 3041 1874 1442 3334 1194 628 812 4042 2104 4901 926 2464 4266 1088 570 2525 4870 3606 2706 3377 319 2667 2514 1763 2463 2554 156 436 4489 2947 4739 2464 3482 48 202 2443 2837 237 253 1666 2321 3287 467 1972 2306 4884 706 4488 2223 2932 2978 4595 3947 2295 4413 1986 2866 264 4571 1699 2033 4090 2288 4136 1383 2858 2293 3979 1378 4908 1454 1419 1560 4778 4546 3530 1077 4464 367 3646 3200 1120 1946 3616 622 1251 2187 4587 2715 1410 3029 3980 76 3117 1900 4193 2909 2699 4452 1852
679 2860 2133 693 2318 2960 1427 3714 434 4115 1061 4293 1419 3841 4852 3088 2017 3358 2071 3271 1732 4625 4120 3286 2892 4468 3710 3785 1706 3534 2188 3387 1624 3264 3958 4732 813 997 4988 1679 2822 3689 4329 4834 182 4398 2460 1078 1197 3069 969 4478 3156 1886 161 4442 4483 4028 140 1818 3609 196 3985 3171 2209 1857 282 3309 2823 3442 3731 4128 1822 2603 4257 3482 4434 88 4163 3777 3652 479 1940 4688 2002 4906 1927 3262 1707 908 606 991 454 1340 503 2858 1966 1548 4972 1079 3928 2770 259 4682 1313 3228 4493 3680 434 3116 4114 1158 4940 1908 1025 479 379 4850 112 981 436 2183 3164 4891 2113 3829 74 1671 2151 3909 3755 1648 3634 1408 4194 4372 1985 3123 4191 448 3254 3864 958 1444 1831 3161 4793 3639 2289 1865 2078 577 2952 1633 2891 4656 4757 4909 4913 2072 3373 1473 4357 4273 783 2117 1488 2952 4071 4762 4133 1708 1649 4144 3372 4799 4877 2977 4375 184 1217 2732 2085 597 4092 2914 3339 3720 2112 1341 912 2985 1563 1902 2392 3683 4936 135 905 2949
3945 3018 3299 4920 3440 1782 3249 553 4115 2042 2610 2039 1974 3190 3607 2884 2310 3606 3766 4703 1429 1525 1229 1576 1395 3521 4899 339 1384 1816 3178 3570 2412 3667 2881 1908 3626 2713 1387 1698 1539 4645 742 3466 1873 3770 2799 2578 857 257 2046 1002 1504 3515 4519 2819 4859 1671 921 2966 4486 1537 511 1387 192 2349 3051 3589 4370 4377 3647 1199 1490 4360 601 1784 4157 3270 4363 1447 3588 940 1767 550 4859 2606 3502 4683 4588 924 1028 4462 3750 3680 1999 4912 4456 2028 1100 841 375 2613 688 4804 1132 2869 3607 4145 4813 577 2663 2912 3545 2089 420 1770 2463 2382 471 3587 2717 3099 1808 4722 2034 4667 2310 4989 2477 2867 4764 3376 3346 2966 3187 4604 391 4256 997 2429 2829 1422 4723 4433 4295 1347 2113 290 831 2454 1560 4077 424 1246 93 689 3137 4483 2119 3405 1412 4233 4596 3616 4952 3577 3628 2346 611 42 2347 2332 1205 4168 188 3310 4583 2702 296 1571 2569 3377 4215 1866 4222 1591 4186 2849 1920 573 423 2292 370 1036 4430 4820 2156 3939 1380 3420
2996 1057 1986 1263 2466 3295 4392 353 1061 2610 991 1795 1021 1845 1255 845 3115 2548 4902 4962 4813 251 3356 3768 1780 621 662 273 4359 681 4373 468 573 1325 4240 4289 1833 2864 1755 1125 1770 1666 81 4896 2499 2233 1661 172 879 4228 3700 1613 1600 3275 91 3291 4255 4472 2239 4972 902 1965 4201 4380 255 3167 1774 3656 3718 626 2501 4744 3688 217 1207 3518 3919 989 874 2329 1381 2057 690 4960 4914 4242 879 2511 613 1726 350 577 4654 1020 1383 2450 2887 2751 2604 3183 3578 1149 4993 1528 3447 896 2394 4028 2518 3716 540 405 596 4661 943 4741 525 3385 901 2483 2480 2135 4778 3900 1739 3745 2465 4871 223 782 1996 4190 878 2326 4629 2582 3939 4712 2200 2935 2745 107 915 2615 1923 3211 3730 3669 885 999 1401 2349 1219 3459 3110 3159 2098 2461 3246 1953 299 1520 4869 1866 2379 4734 4537 778 2753 648 1695 3675 4680 3823 3863 2093 2936 4938 2016 2761 4177 4850 1516 2960 714 385 2580 3957 4021 4787 1169 1778 289 4289 3854 721 3563 614 4112 310
766 392 905 2536 2044 2358 4815 1789 4293 2039 1795 1058 749 3890 1111 1227 2225 3437 4257 4917 1414 2866 1910 4489 1025 3507 1840 1918 2793 3360 573 3962 1220 521 4735 4884 2467 4868 2861 2010 2871 2565 2872 1763 2820 282 436 3785 1692 888 2952 3182 1558 2702 1783 511 4084 1935 1021 2591 1641 914 4164 3504 2618 861 4109 898 4929 2023 3379 2205 304 2399 2501 4119 3591 4292 4394 4330 1673 1188 4359 2431 3244 4191 1691 1029 4180 4591 3237 2298 1493 3598 4743 2381 3195 2806 3890 268 3808 4094 3502 1497 1622 2857 1500 1087 4545 2379 1776 3212 4511 3008 276 2890 2689 336 4301 2350 1617 4583 2138 2622 3541 1211 1930 3742 2303 561 474 3581 3774 2770 2983 2532 986 653 388 4956 4229 2748 4951 1669 4976 2170 3504 487 1770 2722 1348 4903 1000 1273 230 736 4472 3178 3033 811 3857 4578 3220 2432 614 866 2157 1833 4101 41 2773 4749 240 210 3201 1172 2515 4168 771 2546 3687 2577 2753 1555 724 340 4452 2964 1995 3195 4596 3371 4307 2155 2308 1167 1181 2905 1004 4701
4795 512 950 714 4529 745 4135 3150 1419 1974 1021 749 4165 1102 3680 4151 954 4749 3940 579 3835 2978 1577 2815 3458 1136 2617 727 4057 3809 4498 810 4352 1637 3789 2567 4663 2389 972 3488 1232 2220 1076 4225 3065 2914 459 2542 2310 1953 588 132 3080 3553 463 4564 4049 4686 811 220 4679 1615 3164 4878 1518 4551 4435 2805 2298 4168 1855 4362 1465 1292 4703 3518 422 1704 25 1202 3868 2687 2609 1320 4381 3750 3370 530 2925 2015 1326 4636 4049 3604 3016 4628 1837 1043 3828 1665 1741 3642 4253 1208 3442 608 2116 3945 521 2011 2384 4904 1659 3672 2608 3540 3804 862 2713 3533 3500 2294 2133 65 1554 4581 1431 1697 995 3383 111 677 4750 1357 1355 2885 2978 1179 4913 2225 3145 1283 1376 3539 1143 750 3163 1490 4274 4299 4278 2633 4305 2576 2803 4850 3430 459 4055 2375 2335 195 2913 1180 988 1204 593 3010 4483 3681 3109 3156 3376 3003 1663 1781 4691 4362 2347 1571 869 4596 3107 2472 2285 77 3199 2262 1199 4757 3695 907 4463 3777 3032 4847 1539 4317 1847 4018
537 4663 4824 1275 1655 1761 2209 1806 3841 3190 1845 3890 1102 2236 3039 629 4639 1619 1651 1242 666 167 858 2859 1637 702 4905 3897 3629 1089 404 673 1794 3734 4789 3751 2169 871 23 841 1090 2669 3316 2664 1836 4422 1208 4460 4376 1808 2714 647 782 84 1117 3737 2257 823 4709 2464 3838 4575 965 3282 321 4981 4555 1234 2261 2213 2141 194 4713 4279 3945 4931 152 4879 634 1122 849 2622 4580 4856 1207 4549 1681 12 4081 1787 2883 3040 156 3269 1051 2684 3988 3169 1401 1028 781 3795 3923 4115 44 910 1200 970 299 856 4451 2641 587 606 2668 1851 3820 3177 1721 1736 180 3129 622 4576 4386 3282 474 2596 703 2208 3087 2542 4034 2822 739 76 4585 3620 1641 4831 221 1388 1192 3725 420 2359 4702 739 4604 1759 2511 2431 3628 2956 3997 3739 3434 2325 4133 4469 3430 215 3622 2576 4712 3651 4207 674 3100 4579 2087 3361 3735 455 2237 2648 3227 2495 797 1586 3631 167 1296 4132 2117 2034 549 2835 3367 1327 862 4825 2042 893 3730 93 2180 637 4034 2133
964 3136 2278 1860 4009 3779 4358 202 4852 3607 1255 1111 3680 3039 3800 516 998 2066 2645 4266 4320 846 915 1357 2601 3351 4245 4807 3085 3021 1684 523 3389 3597 1832 2060 738 2942 1009 2325 760 1065 2492 3512 3092 1816 3907 4818 2732 349 1046 4742 113 2343 2083 695 1511 2658 1477 4373 2452 3609 4884 4851 2156 2682 2289 2016 2139 512 2974 3082 4936 4690 2427 223 1757 501 2493 1077 4418 2781 756 2441 3722 2623 4676 3210 788 4482 2880 3837 2868 201 4010 2496 707 2515 2405 1864 3021 4255 976 4972 2008 1370 4889 936 4377 3724 3576 4049 2954 400 55 4481 326 2739 3566 4875 1808 1925 2035 2812 4225 3155 2234 1778 4259 3921 2363 4840 4626 4696 4695 1539 924 2157 3891 180 1879 2092 3538 2035 4684 450 2920 744 135 722 1102 1884 2897 2482 2743 2702 3722 2283 486 366 501 1511 3590 3196 373 3873 2084 3437 3347 1242 2319 1555 4832 2823 1928 4833 3866 3005 596 1432 3439 173 161 3990 2648 2116 3109 3267 3580 4128 1682 422 2311 2587 2458 4799 675 1763 4110 4290
3138 4797 1540 4776 4600 2986 591 3425 3088 2884 845 1227 4151 629 516 1692 1081 4864 763 1987 3496 1763 2881 4859 1502 4943 2196 4669 3909 3857 3842 4403 4706 1573 4064 832 2252 4487 1713 4578 3785 647 1744 592 3729 4417 3815 537 589 1678 4311 2416 2566 1411 3589 348 2423 2738 86 3165 2738 2310 3201 4507 4290 3296 1938 2472 3754 4065 3968 2303 1131 4076 4978 714 950 4931 574 2158 3514 365 4375 2862 4443 3319 4815 4401 4657 2883 2303 1338 725 4853 1106 1686 791 1120 1559 1570 3486 2246 4663 1572 2634 4234 2549 945 2038 1839 2156 2021 2254 1121 457 4718 2123 4817 2802 4341 1865 3164 454 1434 4316 357 3778 4618 2732 1824 3505 583 1446 1949 4523 1883 998 1949 1063 3218 3517 3534 346 1551 2680 4450 4602 1160 2037 4397 1958 3134 3741 4539 2687 4664 1700 3504 3096 2666 4744 1856 2248 4427 2907 740 4672 1990 3762 1345 763 3364 2019 3349 214 595 524 1409 259 316 1196 432 2194 2301 579 186 3515 2822 2462 2251 2230 4020 2247 4245 3723 1785 3736 3978 1092 3722
2677 140 3646 3874 2679 1222 3215 3993 2017 2310 3115 2225 954 4639 998 1081 2120 1545 119 1242 1796 835 4870 322 4556 2813 4979 86 3336 4516 593 4994 614 2029 2775 2167 4856 493 4558 3156 3160 1118 3359 221 4009 1375 1863 4959 1550 407 650 1368 3952 71 3859 957 2773 1857 3622 2738 419 4837 2346 94 1870 4410 4511 3295 3886 4550 4365 1687 4857 2103 1236 3310 1019 3817 3736 2349 4019 3367 2923 1404 3809 393 4765 2801 669 3525 904 3188 870 887 1586 3216 2220 3877 3644 879 3186 3122 2588 846 4946 2365 996 1541 2374 2068 4014 1163 904 2618 4178 4274 4348 3578 4954 4313 4991 1979 4486 3266 1002 2340 4419 1198 1183 1999 3595 3476 1523 2400 860 2698 1180 4463 2378 4438 155 1452 713 722 4988 2589 1949 2361 4412 4134 4914 1191 3769 4994 160 349 2306 3034 3289 4920 1172 3650 2842 491 3647 3838 1612 1580 303 2569 4498 539 2402 2986 4782 1943 4031 504 1491 1927 4535 2274 402 242 3159 4337 3195 2812 860 332 3202 293 2714 3696 3927 3410 3270 2119 2726 2996
3518 1965 195 135 95 3933 3886 1452 3358 3606 2548 3437 4749 1619 2066 4864 1545 3012 841 2034 4841 3747 1110 2784 2441 2057 817 3474 2071 3514 2389 4080 1079 4822 784 576 3400 2660 3155 1831 4302 1200 2232 4279 4822 159 4688 4582 143 2021 1998 951 3573 4327 2707 1737 2927 2640 1297 2313 4115 4680 2736 1191 1795 4033 2375 1037 21 526 4989 1257 2220 982 624 367 57 2346 1981 1400 3672 3725 3209 2065 738 1463 3168 1624 1732 2669 4892 4206 43 285 3555 1238 2016 192 4053 4157 3929 4253 1701 4105 2976 4915 315 4434 1895 3748 312 1472 4666 1981 4152 1370 548 1780 4854 108 3277 1366 2104 3993 2846 4278 3662 3983 628 4982 1790 3730 4470 4411 1491 4092 4385 2900 4464 1633 936 1470 4908 837 2808 3015 2202 3558 2048 2946 277 2219 3529 3431 2199 4121 665 630 1831 1180 2871 2201 3417 1716 2959 2284 1023 205 896 1021 3076 2584 4053 3931 1500 564 1497 2584 2105 205 4995 590 1135 2552 694 3728 4303 673 4468 4063 1079 4359 1922 4417 3402 22 2036 1964 4718 2781
3421 1095 2993 3344 1468 4080 3671 4598 2071 3766 4902 4257 3940 1651 2645 763 119 841 4113 1727 1066 4811 4376 1428 2765 4056 2119 3258 3597 3270 2683 644 4522 1382 3182 4297 3576 2515 4693 2880 1210 4733 1989 2338 40 638 1696 100 4072 238 4673 4094 1662 1748 2465 3181 3652 2624 3878 637 1449 159 2949 1368 2967 1672 860 2917 3676 1561 859 2225 2835 4167 2865 2646 3071 1343 4855 1105 977 3016 2932 4752 849 2189 4647 2162 4776 2627 2060 2479 4051 3408 3743 3414 3264 636 2654 504 3390 737 722 2104 1736 1547 2484 556 3081 2738 3485 2445 206 3822 2358 1140 4453 3690 3656 816 4096 1596 1827 228 3494 32 208 2532 4713 2087 4081 4666 2850 3849 2622 4744 4369 2529 2471 1642 2605 4559 2011 1050 4445 3700 3167 2192 594 3859 3370 2704 354 3543 3697 2437 181 2786 2564 3519 2263 604 2725 1814 2618 3039 3119 1883 905 189 526 3749 1350 4576 2703 3182 2058 1205 4187 1048 3335 4269 2290 1104 864 1482 4369 2961 1055 4622 4740 1499 1790 2053 2382 4987 3897 3615 188 339
4596 3834 3649 4140 4336 2163 2892 1322 3271 4703 4962 4917 579 1242 4266 1987 1242 2034 1727 4607 2158 4681 3986 1786 3111 3906 3648 3190 4727 4371 81 4145 2981 635 1936 864 74 1956 1733 4889 1919 33 2772 2828 1604 1360 4282 3376 2798 3744 399 1219 2057 606 235 722 1871 1367 4302 2188 178 3126 3057 3485 3034 3263 2324 2957 4475 1387 3900 740 208 3522 1555 2094 4988 2948 2926 1452 3350 616 2566 2112 1912 4001 1656 2627 2256 1840 3702 1748 4754 1315 4427 1412 3891 4283 1215 1422 1954 1691 749 4447 2564 4500 1026 4068 4241 4876 2329 1604 31 282 3730 4356 419 3877 3753 2421 683 33 3444 4060 1146 1995 4285 3126 4523 982 462 2342 2893 1536 2163 2219 4995 43 2700 3093 2608 1245 1651 1463 3036 4347 2237 1077 1211 4672 4638 2089 393 4116 212 3953 1058 4674 1293 3734 2877 761 1080 2769 2199 4817 4894 1492 1210 2206 328 1112 285 4240 4576 1691 1273 662 3099 1490 2869 1315 2460 1368 1014 394 3643 4428 2967 1778 700 2046 241 1211 3849 4995 1360 2301 4751 631
2841 2172 1967 1298 879 1758 4884 4084 1732 1429 4813 1414 3835 666 4320 3496 1796 4841 1066 2158 975 1787 3975 1695 4389 2281 1094 760 1027 2744 1360 539 4520 2328 3539 771 1759 906 1972 3431 4466 895 4115 4059 2326 630 4766 384 3321 3949 3282 2248 3079 2277 1383 4838 4926 1982 1783 4443 400 613 4195 4201 1072 4878 3377 1692 4867 4801 2506 4903 879 3995 4636 3648 2784 4139 1267 1028 2152 1618 3384 4522 3659 1314 4518 2125 1268 3937 2358 4907 666 2197 2747 185 4320 3766 2523 3749 4075 4101 1643 4065 1960 3904 2111 3900 2411 3245 728 316 1084 4530 3845 4778 1377 1760 2320 1017 3196 410 3229 4456 2628 2518 3472 4636 1862 3267 1702 2753 3269 56 100 566 2176 2818 4643 741 2800 4023 3573 3585 322 1264 1202 2643 2710 3261 2429 4973 397 2046 252 182 1746 2484 3671 173 424 2955 2267 808 4474 1655 769 3186 694 528 1036 4662 4633 3356 3450 3041 1890 1108 2000 811 4945 4004 2247 1982 4024 1924 494 4081 2725 4326 4399 3935 4234 1750 1146 1895 3641 1947 3466 4936
3211 4970 3474 2023 4701 346 321 4966 4625 1525 251 2866 2978 167 846 1763 835 3747 4811 4681 1787 4224 192 270 4502 3905 968 601 621 2700 1267 3401 2934 989 2277 2380 312 3058 1282 559 477 462 4335 4032 2525 4276 1909 1169 2410 937 227 778 802 3893 1160 4704 2738 1530 902 1666 4755 886 3366 1086 2875 331 1902 2415 365 3135 2977 4316 2716 763 3537 2621 715 784 645 4728 1757 463 1998 2403 230 4228 3623 3754 945 4680 915 974 169 2145 1774 2767 2779 1835 2461 195 2094 3011 3300 875 1433 4346 1333 1091 228 2765 1823 2906 574 1856 914 4846 2595 2779 1147 3198 1344 4996 3194 3993 1885 4893 4701 710 1603 468 129 3286 2536 2340 2018 115 980 4786 3171 3837 2043 4831 4896 3220 2107 4813 2978 3896 3844 3971 245 2157 2098 2495 603 1595 144 3446 1406 4177 3572 2246 1436 1633 3857 2802 1894 889 3629 4470 3977 492 4322 795 4608 1490 2506 2458 2442 4260 1157 3330 4600 1092 2572 3638 1004 4318 111 4304 3138 3192 223 2912 3785 2217 1745 2040 3146 1119
737 628 4670 2350 3086 1851 870 66 4120 1229 3356 1910 1577 858 915 2881 4870 1110 4376 3986 3975 192 2320 862 1505 4561 117 3729 2562 1460 4738 349 3595 149 4473 4316 2957 4830 4656 4465 1418 4732 4027 4715 2210 1628 868 561 2021 3849 1568 1333 2042 1712 4152 1821 772 4566 2371 3522 3009 1335 515 4901 29 2680 2993 1385 1157 2619 489 1440 2076 568 2285 3184 12 918 2414 825 2586 1177 4327 4070 1911 1507 3603 3996 162 3738 2496 4417 1537 1427 320 2272 4851 3608 46 3772 1803 494 2694 438 1508 3408 467 631 2119 4368 1708 3702 1962 3420 3895 2544 1288 3583 2040 2779 847 3306 2978 3948 1104 3798 1050 73 1753 3934 2246 1199 2871 609 1415 3268 2379 4550 1165 4698 3209 44 4382 1753 4241 206 1496 1451 3830 4756 4404 2400 73 3886 823 4294 388 1822 4755 4763 748 2047 4655 4078 405 615 2945 2434 1360 1769 3938 686 3348 903 2376 2600 2193 1182 3463 1827 710 42 4072 637 4942 2417 3072 1247 216 1529 578 74 3139 3347 2258 491 2836 3384 3510 4241
368 3120 2146 1057 2118 4988 1255 1009 3286 1576 3768 4489 2815 2859 1357 4859 322 2784 1428 1786 1695 270 862 144 2943 573 4643 4223 4706 3042 1658 3036 87 2575 3683 4037 2049 627 3503 559 1588 1711 1840 816 4305 2776 705 3267 319 3518 2594 2152 4674 1055 252 3426 4330 4492 181 4939 4639 3627 2978 2964 3693 4041 1112 4934 4682 833 2975 824 2227 4855 1118 2015 1902 721 331 547 1093 1889 318 2666 1677 4453 1631 3933 4433 2001 1513 2466 592 2161 3750 4234 2404 4616 977 1976 573 4024 1768 3874 3710 2438 2137 1660 163 4223 4304 86 4783 1544 4204 2471 351 1206 4843 4683 4787 747 2596 2852 2950 3046 2892 4306 676 1920 2372 3709 3026 4936 2360 2502 2493 3045 2034 3045 2130 2793 4034 345 2325 2097 4505 2115 4017 1494 1350 4311 1616 2358 516 3913 1197 1523 993 2510 4527 84 4400 2748 982 3378 4823 4925 256 554 4798 4898 4550 1356 4830 835 3951 3629 3591 4646 3308 603 1588 1473 279 3460 112 3054 1841 1366 2622 2943 3732 889 133 3256 2054 1904 997 1449
401 1757 3178 226 2960 2531 3469 2742 2892 1395 1780 1025 3458 1637 2601 1502 4556 2441 2765 3111 4389 4502 1505 2943 4974 3882 1994 3921 3958 3708 801 1935 871 4526 1716 2701 855 3907 1928 4823 4951 4217 4621 913 2574 1576 2631 3040 2094 4090 1839 4768 2276 1130 3276 828 1711 4755 1507 2170 3865 4051 4110 4891 3728 4868 4086 2368 4378 2844 1800 4683 818 2920 2464 597 799 4925 1784 3890 969 368 1567 2448 48 2213 1292 872 4181 1788 94 4013 3483 1021 3351 3113 2349 1680 811 715 4152 4101 2628 2682 2419 4231 4446 1911 3767 3287 4479 1306 4330 4643 3064 1919 360 4655 3758 1139 94 2271 3905 2243 4373 3247 808 1306 2929 2893 1343 1819 4329 324 2136 4134 4821 3491 2693 3512 1315 4021 4831 4521 2673 2445 1595 3343 2879 1576 2269 608 3984 337 4907 3483 3262 3067 49 2372 1700 881 3379 1439 915 3351 1628 2406 2431 3527 3320 485 4027 3527 1026 1382 1768 2884 4506 155 270 477 607 2832 1251 1814 4455 4663 2237 4421 1253 1376 1002 29 1556 1957 3315 159 78 2684
2159 987 1858 19 1287 2888 1291 2528 4468 3521 621 3507 1136 702 3351 4943 2813 2057 4056 3906 2281 3905 4561 573 3882 3255 2732 29 3385 3631 4102 358 2387 1692 4096 3360 4865 4664 4157 4480 2742 195 674 4062 2691 50 3349 2672 1944 1991 3995 1011 2735 3222 3614 288 166 1683 1177 448 1280 4120 2660 1024 339 4042 2468 3961 2352 3587 107 3917 4783 3293 3763 1833 634 2541 2364 3279 1339 3746 3000 2172 2611 4930 1988 132 2032 1222 2568 3086 4083 3303 2483 2632 2932 2112 4334 2216 4272 1405 2017 3575 3750 3969 2041 3267 1277 1623 3737 1775 1099 1234 858 641 4607 3169 682 182 1654 4697 1392 221 1351 3839 3821 1776 4390 1510 4373 2040 281 1007 3507 4376 2984 461 4882 1694 2521 3282 4901 2580 1741 3929 4203 4754 83 2617 1206 4996 4273 4756 2768 488 3143 3386 472 564 350 1613 515 4008 4123 2054 2169 4886 2111 687 4212 1785 1681 1842 4522 205 174 3997 2698 4543 1930 4273 3359 1392 103 3194 3811 2374 2576 4402 3382 4833 1251 255 4975 1899 1738 953 1223 898
1829 2111 455 3350 583 994 909 3833 3710 4899 662 1840 2617 4905 4245 2196 4979 817 2119 3648 1094 968 117 4643 1994 2732 3726 1882 1581 3478 3142 1952 4083 1285 1762 3049 2288 2695 4188 2323 3314 4645 797 2420 633 3709 4352 2356 1419 4897 3102 4488 4394 2340 950 3368 4764 2000 4020 175 768 3494 1451 3045 3142 1481 669 1845 1622 4866 3088 3972 2638 1670 3873 3988 4428 986 1775 2028 3320 1565 1955 3658 268 628 3689 1007 2871 2803 4070 1801 828 1065 694 3478 4353 2968 2640 3358 710 1045 2592 4440 1286 944 1146 3301 2083 3664 133 3025 3599 996 1256 1707 2767 1803 4217 4499 728 4051 2319 1298 1984 1950 1839 2077 1152 2345 3464 1690 2480 2330 2948 834 734 1101 28 1830 806 644 2563 4220 4602 3861 128 373 3503 3755 2242 228 3052 4440 4214 3944 4883 3590 4832 3048 4370 2626 4606 4846 885 46 3976 3584 3401 4529 3545 698 4442 2164 797 3174 3637 417 863 3293 1605 1134 1734 1396 2809 130 2758 341 4426 2776 3117 4795 2901 809 4654 496 2175 3463 1357 4996
1817 4299 2371 2635 4362 4814 4548 16 3785 339 273 1918 727 3897 4807 4669 86 3474 3258 3190 760 601 3729 4223 3921 29 1882 3962 3283 494 1981 2363 2168 3535 589 948 2061 2836 1790 4199 4675 3162 2989 3370 3101 3016 305 3787 3873 3548 3693 4184 660 3891 1450 3662 2067 4334 4480 3245 2756 1766 1984 1765 4670 1973 2328 283 1290 154 2100 1483 3702 4453 3025 1835 2801 3024 2115 3381 4068 805 2291 4561 4316 842 4080 2446 1545 1175 3983 1200 4713 397 3912 3346 1349 1300 1094 1767 2263 871 766 620 4015 1928 562 2052 2223 2114 2143 1595 506 3893 4156 1043 97 4079 4044 2075 1476 3567 2317 3469 1762 3797 686 87 1515 1862 1834 2165 4574 2790 3704 550 1285 3791 242 2867 4154 1320 4113 316 3729 26 2067 4567 3723 2963 775 3777 4145 2062 413 710 679 4630 3647 573 3055 2631 2573 1891 3930 1807 3963 3332 77 1714 3925 4038 419 2284 840 2312 778 3504 3557 541 3298 4010 3459 57 539 85 2397 950 1208 73 1467 1482 3453 2694 19 4597 2765 2440 3310 4823
4382 1854 4013 1245 147 3877 3991 1971 1706 1384 4359 2793 4057 3629 3085 3909 3336 2071 3597 4727 1027 621 2562 4706 3958 3385 1581 3283 1997 2094 3128 3858 2230 3611 3812 1508 1018 2228 4246 4129 4135 3321 3986 3252 2733 2320 926 195 1879 4641 3460 3637 2354 4946 4561 983 1753 31 1759 574 3719 2204 3514 2269 2688 322 2273 1903 961 1092 1475 231 3379 273 4507 2715 1088 1452 583 3837 3011 1665 3480 826 2151 2413 2891 127 378 4323 978 1673 574 3404 3285 3613 2163 107 1368 748 4127 2574 4882 4864 1587 3638 1720 2416 4853 4236 3292 4467 200 3977 4614 2878 3431 2389 664 223 4318 4607 3692 553 4261 2315 3060 802 1048 3575 910 3599 1327 2413 4982 1084 3518 2963 3956 4321 3097 918 1300 1433 3821 3598 3642 787 3060 3552 4201 323 3268 1782 4711 4439 1212 2994 2713 4969 2833 1454 930 2967 1773 4280 3510 3922 1807 4628 2045 4699 3286 2604 574 1276 3728 2329 3968 4866 510 938 2332 1144 3964 2783 2706 569 2869 483 3992 2250 2281 390 3062 3089 645 3544 600 838
3797 670 4786 2329 194 471 2808 588 3534 1816 681 3360 3809 1089 3021 3857 4516 3514 3270 4371 2744 2700 1460 3042 3708 3631 3478 494 2094 1557 555 1084 294 1428 2095 4723 1764 2313 531 258 1521 2488 4392 2413 1907 2169 1684 747 1474 4856 2597 1386 2521 97 4452 4978 1253 3215 4918 3244 2625 478 3726 4749 3825 3071 873 3877 1611 1449 2169 3175 1449 3477 3904 2386 493 1684 2592 3766 526 3068 4809 2934 1463 1793 3290 1734 2936 153 2043 2334 2807 663 3752 621 3540 765 3438 3482 20 4556 3407 1483 807 4640 4223 2698 3449 3730 3565 3398 2513 2637 4412 4736 180 3391 487 2249 2186 3165 2779 1951 1382 2551 1166 2510 4909 4776 2263 2552 3990 2467 4929 3476 1985 3575 684 4747 2980 727 185 1106 4719 841 1445 3333 48 3213 1645 3221 876 4811 2512 2114 3441 2068 851 3809 4562 3343 2466 4278 2823 4925 4755 3737 2809 872 49 3137 4367 4582 1542 2433 3945 2116 4410 2192 898 4854 2759 2752 4730 1861 2490 779 3869 3065 2791 3593 3180 3743 4747 4403 517 3773 4064 1048
633 2426 4820 4544 341 3183 1205 2551 2188 3178 4373 573 4498 404 1684 3842 593 2389 2683 81 1360 1267 4738 1658 801 4102 3142 1981 3128 555 272 1318 3900 1824 355 4999 183 3866 2622 2354 1147 2377 3003 1937 4808 2975 3560 1487 847 4944 4320 2131 2208 3121 3682 2543 2576 2954 952 3020 978 2516 4021 1219 4081 4737 796 1612 137 642 1174 1112 3482 4483 4877 3679 3503 4925 3545 2898 4932 892 4605 2204 4485 467 2451 2131 3068 4233 334 1966 3775 4589 2712 2869 2865 832 114 3983 1285 4942 4426 3279 3027 2810 4179 2257 2533 4549 373 1618 233 3111 2152 4888 2858 272 4262 2299 1588 1134 2111 3024 4690 4925 2353 4822 4492 2986 3025 3025 4973 623 4549 3607 3043 2923 1632 2762 695 876 760 3015 4039 2432 3549 4576 4272 4523 4181 4215 3952 856 1889 1664 2369 4746 338 2747 846 1718 3311 2350 3359 4546 2101 2276 4951 4880 730 824 2037 961 4118 2475 3330 3522 4311 4490 1811 3078 2451 58 2973 4841 181 4162 2356 1899 4640 1896 4480 1982 4756 3482 1864 4357 4034 1968
2370 4077 721 3573 1960 3086 2867 3469 3387 3570 468 3962 810 673 523 4403 4994 4080 644 4145 539 3401 349 3036 1935 358 1952 2363 3858 1084 1318 3957 1162 342 1238 3646 4950 2892 529 4030 3101 2581 2283 795 1996 3917 3079 3249 4294 475 4603 3023 698 4137 2563 385 3815 1644 2837 2008 2511 559 2526 1613 3700 940 1824 2143 1056 2881 131 3057 2609 4723 3732 569 174 4160 1659 2553 705 4318 3659 1107 1779 305 3354 293 2804 1126 778 2160 2226 698 3856 3185 3857 3702 3921 525 3811 731 3803 606 1776 1014 808 3088 974 2275 2991 2935 1573 3600 2579 3833 1706 62 2357 2973 4745 4648 601 621 2537 3062 3800 1981 3403 2768 2321 3724 2632 4781 2371 941 4416 4036 3708 801 979 3649 4183 1700 4922 3545 33 678 4853 3575 2646 2964 992 4627 2679 3163 1071 3475 3125 2102 4761 4738 983 2941 2887 880 3132 629 3498 3692 1890 3347 1227 798 711 3423 1803 2082 1946 273 2790 322 948 4730 2378 1953 4098 2358 676 2536 667 1587 2819 2490 3934 77 3549 129 4944 3324
3589 2443 1980 1669 962 1040 4271 2175 1624 2412 573 1220 4352 1794 3389 4706 614 1079 4522 2981 4520 2934 3595 87 871 2387 4083 2168 2230 294 3900 1162 2932 1634 813 1426 2493 2117 2243 4770 2186 4086 28 3635 1949 3376 823 1935 609 4874 1612 3587 4377 4246 1103 2200 2832 356 4157 4717 3644 4092 4299 4536 749 1864 2627 1463 814 897 559 2663 3894 272 1011 1609 4474 2007 1728 2036 1903 2740 1609 2716 1682 2590 3813 1716 2158 1107 4689 12 909 160 3324 3100 3539 460 418 2067 4663 2485 4519 792 2710 3662 1125 1669 2912 4528 2012 2554 1564 3277 1236 3716 1856 2432 3851 1537 2063 2452 4565 2129 4099 860 2599 2066 4519 4390 2625 2296 1282 2966 4808 2507 3023 159 2404 4973 3205 428 1779 2012 3897 471 2435 2101 157 2290 4865 1847 3338 783 155 1909 4231 2114 542 3835 4170 152 2651 301 4409 4528 706 1459 198 4864 4555 4496 1066 733 4973 2685 4831 3794 246 4191 3558 1586 2286 23 4711 4165 4973 1945 2326 4415 1111 3158 2806 493 2724 4171 355 2365 3356 616
122 645 29 3849 90 4416 1945 4573 3264 3667 1325 521 1637 3734 3597 1573 2029 4822 1382 635 2328 989 149 2575 4526 1692 1285 3535 3611 1428 1824 342 1634 1346 1038 742 4368 1866 2171 3779 4583 1538 4253 722 2171 547 473 1404 4833 3310 3610 3572 3344 1245 3636 2733 4268 3025 4188 1808 3127 4505 4548 3090 4458 2934 1023 3573 3677 2285 1571 4887 2416 272 2693 4180 4516 160 1875 4066 4222 3646 2802 4186 4881 2762 1891 4185 1087 67 3758 1828 2579 2339 4587 3619 3049 1251 3856 1245 3106 1635 1299 2360 4755 2358 4420 4038 1559 1762 2528 121 2420 1181 4035 90 3372 4031 2196 2072 2557 1923 289 733 1210 3480 3479 3159 4047 2482 3629 4231 2187 2635 4445 1414 65 1049 341 3755 1491 725 1790 299 1334 453 673 365 1097 588 1820 3981 1175 2533 3952 2337 3428 4622 1528 3149 2747 4030 2145 4856 3858 4660 1815 1809 3206 4950 4792 341 1680 3764 1912 411 1044 4865 1914 4335 4190 3348 3183 289 4068 1840 1774 794 386 2553 640 4647 3672 4519 2169 1913 1007 3197 3159 3779
141 835 4231 2944 4166 4092 1207 1500 3958 2881 4240 4735 3789 4789 1832 4064 2775 784 3182 1936 3539 2277 4473 3683 1716 4096 1762 589 3812 2095 355 1238 813 1038 4535 808 1758 4497 4044 4883 3545 4581 2802 3780 2589 4958 1175 605 2703 1409 1933 1425 1585 2660 2247 735 1334 162 1020 4811 1388 2295 1191 3243 1346 905 4100 278 4204 1054 281 2886 687 3880 4490 4586 509 2524 2684 10 3515 22 3085 4352 10 1848 1570 2958 2581 3056 2718 1602 867 1090 3479 3380 441 1196 802 619 2432 2354 3104 1797 4306 2468 3907 4401 1969 819 4661 2930 4016 1225 4643 677 2541 3191 1719 4601 317 4910 508 2996 4469 817 3958 4735 2087 4508 1994 2469 2245 3195 398 3121 3445 4613 1958 1951 4829 1425 4641 1864 311 3182 1302 4835 1766 129 1169 713 3709 498 2332 1218 3916 1576 2340 4615 161 2221 616 4113 2340 1700 3894 1669 4762 3246 2719 2529 1812 4767 1367 2177 1715 3376 3966 3350 408 1576 1424 2958 704 684 3697 4643 3359 2010 519 2678 2937 3817 1958 2396 4176 3164 4752 4776
752 3803 1589 4228 2752 864 2391 1602 4732 1908 4289 4884 2567 3751 2060 832 2167 576 4297 864 771 2380 4316 4037 2701 3360 3049 948 1508 4723 4999 3646 1426 742 808 798 3032 1596 2086 435 2503 4307 2786 4563 314 3929 1772 2282 4407 3585 4958 3543 1327 412 455 2084 664 1861 981 1347 4006 1500 4839 1084 3220 1041 4107 3764 2030 1943 4252 2974 3860 1120 2988 915 4626 3144 93 3668 897 611 568 2176 2168 4534 205 1896 2754 4056 569 440 1761 4809 2851 1776 3970 3679 1824 761 901 332 785 2516 3529 1080 1114 3088 1290 659 4826 623 4911 629 1075 3901 1653 2985 530 550 286 2213 1429 4548 3738 2357 1699 804 3902 3624 235 4358 81 389 1576 4670 3212 4344 632 1921 3799 873 3784 854 121 920 167 3589 1494 546 1449 3965 521 1373 3165 619 3259 2965 1684 4411 3988 2284 946 2174 831 1737 2126 4967 862 3072 1703 1716 487 4805 116 57 968 4636 3698 4385 1340 2631 2507 50 2265 1783 1660 845 4097 4700 3895 523 3656 4069 3728 3622 3116 4106 3959 651
4123 2194 1471 2078 4456 3650 3661 2631 813 3626 1833 2467 4663 2169 738 2252 4856 3400 3576 74 1759 312 2957 2049 855 4865 2288 2061 1018 1764 183 4950 2493 4368 1758 3032 604 343 213 2158 842 459 4302 1074 4320 4580 3115 539 2053 1951 3642 2762 2685 115 4457 4193 2612 2968 1425 2194 1596 3972 1637 4045 1848 2764 4247 2000 1249 3011 606 1054 1935 3204 2323 2588 674 4236 4882 2793 3533 4555 2803 3606 2075 1266 4073 3400 753 1665 2629 1824 3869 2739 3001 568 179 1447 2182 4644 1255 4810 1512 2390 1054 906 1778 4874 4906 3144 3864 1541 18 2918 1386 3820 2959 3036 419 730 957 4020 58 2280 2934 4691 1193 1137 715 1576 3290 4731 4953 4412 4164 3240 4731 4957 2872 336 2366 2754 2478 1203 4730 1167 1014 4135 682 3017 1569 4263 2915 1104 458 1815 2758 1139 4882 3282 2734 3181 412 2813 228 3711 1228 1732 4117 4575 954 102 4189 2976 2406 2309 3409 4330 3595 3576 2471 4838 1580 4312 4102 4090 1396 4607 2036 3068 1340 710 2308 836 1930 2999 375 3256 4514 3680
3980 4987 316 4335 878 2562 2819 1937 997 2713 2864 4868 2389 871 2942 4487 493 2660 2515 1956 906 3058 4830 627 3907 4664 2695 2836 2228 2313 3866 2892 2117 1866 4497 1596 343 2896 4720 1309 670 1137 4694 3323 3294 4177 113 1407 3969 1326 3237 1908 3978 4132 1362 4688 2691 4483 343 1117 1876 4359 4424 4836 3287 1798 251 3396 3637 1192 2368 1321 2540 3268 1665 4834 4104 143 3629 3727 536 3153 4924 3455 2641 1669 2079 3068 673 1606 2855 2200 4242 802 4599 4736 1396 4268 4482 4939 3180 73 4867 3742 3256 2913 373 3350 509 764 2112 389 683 4087 655 2393 2552 3404 306 482 853 3424 4586 913 3782 1981 4838 3914 3915 668 1738 1116 4125 1858 4578 1716 2240 1474 3774 2414 2844 1679 2617 700 1832 4108 3470 1008 3639 1365 1528 4987 4723 3049 3095 3551 2630 3348 1590 3379 1624 1453 1235 1300 2898 243 2384 4320 2148 582 3819 3828 3867 3755 4071 2841 1173 3309 3939 3318 4150 3101 2763 346 3500 2276 1336 1230 3220 1630 479 3058 966 3986 1327 2661 4108 3735 524 2156
2466 1493 635 431 3694 1097 4063 2403 4988 1387 1755 2861 972 23 1009 1713 4558 3155 4693 1733 1972 1282 4656 3503 1928 4157 4188 1790 4246 531 2622 529 2243 2171 4044 2086 213 4720 1538 2311 569 2052 4523 4782 3651 2522 67 1552 2368 1627 4750 615 342 2939 1081 4843 3009 374 2755 501 2499 732 4981 1632 1150 3431 4264 2769 1105 2440 710 1132 2113 31 2921 4595 4288 660 4799 4234 1386 317 3949 3372 1726 4655 1372 4819 3133 4389 450 4605 4061 2533 4770 2690 2778 2769 4584 654 848 898 1833 809 3563 1079 4790 4590 2619 4534 2869 3365 4072 2542 4028 3599 4758 3436 4653 258 866 1174 3312 1312 4007 3881 84 1343 1179 4026 1150 2791 1624 3170 2150 4971 1829 4647 2919 2627 3902 3131 3544 2987 1711 3767 727 2322 2679 981 4455 932 820 247 2374 2480 4957 461 4799 3071 73 1427 3492 4153 2132 4695 3304 1550 1444 1725 2276 101 4615 2963 1334 4142 3416 2393 590 2628 3021 1062 1298 4427 2815 589 1922 2568 1147 1224 1573 4821 3035 1314 3299 4705 1772 4526 1448 4371
2005 3189 1443 3587 2509 1790 2079 1927 1679 1698 1125 2010 3488 841 2325 4578 3156 1831 2880 4889 3431 559 4465 559 4823 4480 2323 4199 4129 258 2354 4030 4770 3779 4883 435 2158 1309 2311 2994 1332 1724 2321 2955 3764 3338 4035 4705 2722 3026 2137 2503 1405 2891 4882 449 4264 417 4537 4050 3897 45 10 4030 4762 3929 1627 2248 4199 1572 4780 416 1005 4042 2394 1156 85 1881 2435 511 1232 4994 3000 4369 3269 1005 2965 4193 3219 4381 1312 1200 3198 4735 4369 781 1520 2482 3733 2301 2105 4863 3034 53 3220 1072 4389 4495 2787 3995 4899 3087 1643 3118 1959 2335 672 1172 759 216 535 124 1309 4094 3386 3123 2959 4543 2304 208 3816 1417 3573 4480 3345 795 4061 2851 4612 291 2251 133 3561 3784 911 771 1662 1835 2980 280 1593 4697 3780 4780 3890 731 1595 1713 1677 1726 1419 4073 2395 1747 461 777 2111 4574 3892 3315 3655 4179 4851 1762 3287 4166 2081 3696 3681 521 3064 1527 990 1424 4451 2538 2497 11 1560 832 1607 1594 3638 4761 2587 4963 4976 3016 2954 4408
