N: 200
M: 30
Symmetric: true
Triangle: false
11 93 140 154 62 175 53 187 162 103 72 117
5 51 112 159 11 48
10 143 157 77 58 169 27 81 92 54 68
2 173 41
8 84 114 21 50 170 3 166 9
4 120 82 97 134
8 111 152 6 47 174 142 78 115
10 38 151 44 65 176 55 125 69 146 183
9 104 25 80 193 144 153 156 167 28
3 105 192 85
4 107 88 110 180
10 75 168 45 164 39 1 89 16 24 12
6 99 109 90 160 191 73
7 83 43 123 145 49 200 158
8 189 52 196 128 100 15 118 26
9 40 106 13 126 178 67 71 32 150
9 86 184 91 177 36 98 18 161 163
7 199 198 70 35 17 127 185
9 20 95 56 57 34 165 131 148 124
6 23 136 2 171 4 66
4 186 61 29 195
3 137 30 22
5 181 46 5 101 197
5 155 14 190 121 94
8 129 133 141 79 64 130 188 74
3 113 102 8
7 7 119 37 31 10 172 122
8 138 87 96 63 76 42 60 116
5 179 59 135 147 182
7 33 19 108 132 194 149 139
3886 611 789 1860 2714 207 672 1492 90 1701 1171 4662 2049 431 3682 3784 4307 4547 2521 1485 3917 2032 1919 552 2040 1531 4350 3176 1365 2779 671 1182 3079 2753 3102 1190 1665 711 2379 3275 3996 1280 52 2349 2481 779 2503 4024 4526 3357 135 4415 1078 2135 1717 4621 1486 4763 2074 1641 2199 4978 4162 4865 3879 4664 3693 605 2925 257 172 3753 3080 2709 1466 2542 380 506 1799 1589 4120 610 1979 3018 2802 805 2592 3951 4548 3494 4641 4743 4866 63 2406 3070 585 4987 202 99 1529 4537 2033 2758 3022 4503 303 3625 1079 2831 1789 4938 1649 831 28 113 3978 1610 2718 1888 2970 156 3141 4086 1761 2006 1418 1517 727 1608 1156 3298 1233 3995 4697 676 339 339 810 2717 1360 442 3242 2024 3695 3926 148 1103 1761 4712 702 4932 972 2463 2336 2010 3032 3161 1138 2784 2834 3590 1419 2208 2189 3334 968 3092 1958 4828 289 554 3619 1268 4861 1263 790 638 2306 3455 560 1466 232 3964 4311 4422 4130 2465 279 1536 112 656 57 1238 3554 214 97 1336 2263 3555
611 4386 1796 1918 3196 430 2902 2418 3567 987 4434 3470 992 4031 1398 1998 4078 1172 523 4459 1620 2561 4605 1149 3221 1184 4781 225 3530 4030 1985 1829 1439 113 3567 2779 856 3803 2228 711 3048 4788 1217 156 4478 1318 2188 4532 3896 829 291 3327 2754 233 1742 877 1339 642 1018 732 1544 1568 649 2213 2931 3563 4038 2112 2293 1630 1098 3059 2479 1984 3517 2708 3348 1927 4080 1641 657 4306 4708 3819 662 3002 1795 3660 3856 2441 956 2194 16 4597 3169 629 4811 3234 3935 1230 2207 3982 3529 3733 1911 2357 2610 2412 650 3044 4988 3263 2989 3548 3842 2433 1034 2199 4939 2078 4764 1430 4009 3877 672 2716 957 294 2487 4843 4255 2234 413 1807 117 1162 3662 4184 3072 2017 4320 3029 2795 4715 1050 55 1774 3611 4701 735 1785 86 1627 754 3496 2491 1678 2248 4245 4845 3007 1817 2510 4242 1338 1438 4480 1567 4355 4019 3368 590 155 3309 1519 1165 3168 1508 4605 1709 1930 4237 468 468 162 1971 3601 3385 3255 2258 1725 4215 2994 3994 1879 994 2926 324 279 2464
789 1796 2793 4586 1815 1525 3837 1316 1909 2800 4223 576 1395 4681 366 1055 255 2159 4985 1551 848 2762 3042 101 1933 2737 859 3243 4592 3279 2898 4468 943 4367 1421 1207 4068 1305 466 4683 2306 1917 3057 3102 4462 929 1995 3433 4328 4553 3033 3639 2474 3547 2639 4038 3167 819 1688 3192 2456 3146 3113 1702 1519 4306 1994 1453 1859 171 1745 330 2338 4962 1872 3299 2098 1896 1499 727 67 1043 3454 2565 3651 306 2285 3837 1141 3936 340 3406 3158 2645 3152 4434 3428 4968 1842 2822 846 2853 3838 3323 4910 3629 3682 4515 1116 92 4755 4552 332 4812 3057 2588 4974 4926 2579 280 3698 486 997 3539 193 639 4431 3115 386 3173 2693 2612 4936 2660 2865 1045 3885 3924 2286 4517 4243 173 705 2055 3024 2093 3530 3094 3701 1521 2427 4549 1161 4134 1535 4386 1447 2730 1023 4463 4878 837 1059 2857 1933 1056 655 4230 3899 1703 1346 3042 835 3530 1114 4224 499 3777 3914 4976 1770 873 2377 915 4003 1903 4239 183 4610 1919 3791 3063 207 2080 3867 3689 1693 2240 2766 3099
1860 1918 4586 797 2676 2188 1954 3755 3488 547 768 3148 4595 1260 1608 4193 199 2267 3051 4653 4341 3969 4417 3051 4733 3179 4306 1369 4651 3764 1340 4392 4518 1003 1406 546 674 1746 898 684 3845 3700 1463 4814 2834 3869 4160 2910 2597 2951 4995 4731 2038 4494 4405 1357 1744 1683 4601 3898 2296 4495 930 1049 2340 2588 3186 3228 4114 2217 216 4447 4339 2962 863 4359 254 4645 4418 223 1659 1651 647 365 3502 1112 4167 503 1291 2519 626 2360 4608 3290 3701 3498 3064 2057 3412 3419 3916 3568 626 2427 1441 142 3804 4813 204 2051 490 3538 2279 1955 1311 3358 2794 4609 4865 2214 4265 1261 2722 1179 4264 2015 458 285 4093 3984 3785 1174 3123 651 1844 3729 2785 3654 2381 2890 2677 2461 4744 3918 4252 3522 4535 2273 2006 1969 313 4344 1606 4947 758 3291 3071 514 957 4187 3049 1849 1514 1453 1415 3008 295 642 736 4243 2468 3870 2380 619 1743 4767 1221 1318 4366 4121 2216 1639 859 1092 2410 2862 2114 2768 3801 3203 4934 4519 3302 516 322 4617 4280 2402 1046 3499
2714 3196 1815 2676 4649 273 2320 2916 2246 2128 4611 2904 2649 3427 687 2382 1762 3904 4458 652 2848 95 241 3887 4220 2087 1071 3313 4809 3065 1655 1664 977 4299 3957 3495 4268 1584 2596 4240 3626 184 1450 3688 3565 4758 2263 3609 670 33 1610 4435 868 3447 2610 1085 3481 1130 118 2870 416 477 3168 126 3540 2529 4285 1776 2516 1033 4408 4584 404 2503 2451 190 447 4909 2319 4590 3543 1475 142 3144 3857 2968 3490 662 1365 1540 3298 2453 4392 2620 2314 2557 2865 723 3050 3261 591 1194 2548 2277 1676 1560 1411 1415 4377 4705 622 264 4377 1150 4376 4643 2803 3929 4034 2510 4928 616 704 3761 4965 3807 2243 3705 3326 2853 1179 868 4640 3915 418 4259 2632 3480 2726 1634 218 634 1951 2207 4091 3835 128 201 2356 3635 4171 4874 3442 2182 4850 1908 3427 1260 1037 788 704 978 1412 3177 3362 558 4123 675 1594 2991 3489 4730 3012 2029 3443 1557 4370 3309 1815 3458 4820 693 1104 4246 4328 1349 3921 1154 1495 412 1785 3867 723 4078 2895 3744 1444 4496 3533 85
207 430 1525 2188 273 4819 3297 4186 3783 2738 4999 1054 1454 2238 650 1119 4764 630 1300 2057 4212 3509 3504 311 4472 1062 3846 4023 666 3247 2281 4501 964 3859 4067 237 4856 3648 769 2706 439 3870 1736 3923 2204 523 977 2591 4674 3053 4378 903 62 944 1805 1111 3258 3944 2894 3956 2695 2199 4635 2483 4295 4704 3221 3224 4835 2555 1672 358 1024 2714 4697 4940 4012 1474 1352 2663 2459 2636 1786 836 2787 860 3393 4415 102 1375 511 4301 4388 510 2600 4425 3132 3579 793 2113 1409 4016 3817 1460 3389 2825 1569 2127 1265 2802 3600 1546 175 3131 4055 677 3529 4714 2219 1357 4183 1689 245 1572 2996 4779 4539 2481 1884 133 1086 3775 3695 811 2990 4530 1434 3296 472 4847 4232 3387 732 143 982 2725 1784 1078 4301 144 774 1665 4662 3482 1892 1297 4360 3406 2845 3436 3239 2902 3701 3006 4520 4647 1658 4464 3221 4772 4761 2989 3558 2467 4037 229 4648 4707 3429 3204 1758 1282 3560 603 3042 3746 4601 1031 220 4911 241 1512 177 1563 670 1561 4538 1603 1177 4078
672 2902 3837 1954 2320 3297 4711 3905 3506 2528 286 1228 3489 3512 4311 1595 373 462 767 958 1998 4730 2428 4507 3535 4666 664 3553 4206 4193 161 1247 895 1976 526 2777 1807 436 2109 673 2232 4311 3775 3962 2287 769 4894 1171 4882 137 1351 1924 4470 722 41 2646 1926 2259 774 3472 853 4812 1437 2405 1326 800 1989 411 1439 965 4949 4618 2111 577 1431 166 3832 149 1383 818 4361 4170 544 4749 3556 640 4345 1418 943 292 1924 3249 490 3231 3275 54 2999 4069 2448 1899 1953 4447 1335 1108 3788 4553 2070 1131 1599 1303 3579 4452 51 2924 2783 1580 1896 3972 3258 631 1991 4180 3860 2452 1492 2524 3336 2211 1507 1716 505 1958 274 2800 389 3198 1561 376 1264 3104 239 4087 4053 3240 2163 939 3826 3456 2683 3012 4466 3735 3498 2323 2951 557 377 3448 4692 323 4922 453 1273 4975 3734 3512 2136 2810 1454 2156 152 4307 1014 24 640 1325 3418 2591 3746 863 1786 987 4199 559 639 632 66 4240 3923 1939 641 2683 2118 687 2802 2772 1631 3659 4392 4094
1492 2418 1316 3755 2916 4186 3905 1774 4714 1298 2817 223 685 1911 3919 1854 2050 1262 1705 3743 3476 2296 3051 2405 3452 2697 4774 219 4776 1424 1423 4365 468 4548 4060 2421 2871 2773 1531 3881 3050 2680 778 308 1378 4217 1619 3795 1603 367 3817 4598 4635 4135 922 1941 2043 1404 547 1428 3491 1745 3493 4476 3384 3508 4580 3370 3952 980 1499 1040 34 2909 2921 4355 96 3689 4065 4944 249 809 1274 4437 1943 2178 379 2130 2358 3544 1247 3883 3172 3382 1767 2722 135 2192 4242 377 4613 3072 787 923 4722 689 3034 1161 203 78 463 535 4719 2381 1582 3281 1414 1694 2611 4931 1863 1551 2690 703 855 2846 1624 3244 3794 4593 2189 4653 4220 4566 3941 2424 3126 516 4884 409 428 2975 3367 3845 3074 2489 758 2693 2372 2553 2860 1271 3019 656 330 3330 3015 1911 679 697 4529 2245 2771 4706 233 4677 368 3733 2565 999 4688 4025 1564 3184 4391 777 3696 1807 784 1594 208 4958 2752 810 2229 280 1710 674 3375 3467 1189 2241 1423 4571 3475 4977 1018 2926 879 1306
90 3567 1909 3488 2246 3783 3506 4714 3411 2055 4734 507 2709 2419 1390 3254 2242 1098 828 2687 2449 3891 364 1734 4040 3351 2873 3444 4113 3012 402 1376 2824 2863 4671 1751 2480 3747 2267 2537 1873 809 3436 3600 389 1167 1007 3197 1875 2743 1767 2652 1488 3366 818 4069 2755 3498 1608 4394 1398 23 2248 2929 1826 2193 980 2255 4835 3208 3952 1793 3679 146 2658 4536 2931 1221 3107 3721 3507 4786 1008 2225 1481 4320 4456 1345 1202 4381 139 4051 2149 1646 2992 1366 4442 1533 179 201 2160 3932 2700 4390 4027 1912 2637 3180 581 1192 4376 3907 1234 283 2493 4931 738 2278 3549 2335 389 504 987 897 1197 41 577 4357 3856 3400 1059 4325 2707 980 530 1867 2303 1978 4959 4337 2442 4947 1676 1374 3512 938 4220 1529 2205 4907 1095 1581 2381 3436 1697 832 142 3734 3654 4728 2841 1364 338 3736 2484 3474 2367 200 3586 2596 2095 722 3210 1045 4348 1165 1484 3279 50 128 4659 495 1879 1924 2808 4512 1523 952 3500 1735 3604 1498 4215 531 4240 4513 3036 1486 1831 55
1701 987 2800 547 2128 2738 2528 1298 2055 4136 807 2228 2160 952 2145 1933 4710 724 1083 1411 974 1933 197 4859 299 4150 3462 4007 4828 4822 1953 977 1925 3358 3552 191 2766 979 487 3216 1655 2377 607 4729 2446 2543 1544 2188 2640 279 4811 2513 2927 4755 798 2721 4879 3998 457 4976 1164 1255 4532 248 2012 1100 3062 293 4149 186 4136 422 1350 4688 1953 4082 140 2413 4031 248 249 913 1905 90 2627 4267 1006 1737 1111 445 325 1655 2750 2842 1384 2450 4205 2096 3176 3297 1677 78 3833 225 2322 493 1287 4252 3288 2475 3850 238 4690 2788 2342 1827 182 438 3405 585 3274 3317 1926 1011 1741 1547 4989 4670 2539 2224 1843 3306 300 3236 3584 1531 1952 4435 1215 3809 1752 3757 4081 4636 541 4796 4021 4234 1815 1759 562 3618 1133 481 786 2137 3825 4437 4825 4207 3114 4405 1413 3773 1259 4064 900 2958 2497 4442 1071 263 3321 3815 3756 3097 3485 338 1341 457 3385 660 1675 2933 4848 1918 1836 4638 1740 2239 2806 375 3965 551 3350 1394 3491 3055 1539 3095
1171 4434 4223 768 4611 4999 286 2817 4734 807 1753 3445 3362 3071 1738 2772 191 183 4232 4847 4589 2895 3341 2876 3861 1377 3717 2692 1643 4076 349 523 3181 4621 2499 4161 4005 4751 2166 1642 408 4560 582 1256 1723 1411 4071 2801 937 2734 1257 4416 1800 918 3818 1592 3840 2279 1054 1416 792 1628 2385 2959 4006 3334 4835 869 2244 1799 2549 603 1761 2170 321 110 3405 3043 4313 4329 2623 3317 3558 1813 287 1465 3550 1509 4050 334 1743 2083 3964 2580 1835 1201 2998 4124 1126 1363 4424 3390 4014 4609 495 1133 1866 3904 3101 443 312 3637 4152 1993 4718 238 1983 1228 1689 405 532 4230 4687 1595 4903 3986 3355 4470 4438 2271 1926 1287 4542 4838 3799 774 2158 1106 2769 2735 4807 2944 4909 3785 4956 4629 4440 2087 2671 1464 2000 78 1295 3156 3986 4221 4545 806 1476 1932 3097 1571 1969 225 4375 3786 3813 3126 2072 1631 4528 3202 2955 4793 2721 3690 757 1262 4546 1563 1851 673 116 204 3086 3036 110 2914 941 4993 3383 2861 1968 3336 3521 2737 2335 191 3789 3858
4662 3470 576 3148 2904 1054 1228 223 507 2228 3445 4298 2196 4548 605 4855 719 3194 616 2852 995 1808 2927 674 1544 3703 3306 193 3819 4266 3495 3578 3601 321 2079 1378 3517 4823 1198 4015 860 221 2861 274 1392 3671 3819 4131 2854 1809 1708 473 1655 283 1442 321 4587 1923 325 4482 1441 3007 1491 3457 4978 2797 773 3290 1481 4488 871 1790 4404 3309 2992 1105 4992 456 1035 3217 1947 631 4725 3944 742 3995 3212 2820 2520 3567 1239 1352 3342 3994 2740 1877 4512 2799 2246 1476 3331 1594 3080 4536 1664 4864 2746 3157 960 1416 61 958 907 3556 2115 3832 2578 4877 4303 2405 4433 4389 2144 4862 136 2766 3912 3960 2961 909 2696 4421 4971 3829 467 3673 117 1440 1846 810 4952 888 3101 204 2253 2029 314 2680 179 1171 1414 3453 4581 1762 3506 871 4280 3814 4299 2457 540 2121 608 4899 4284 3450 2750 3820 294 213 4945 3992 4555 2315 3024 3556 3162 1807 4590 1604 4171 1686 898 1783 3172 154 262 4341 106 1742 3245 4460 3136 1060 1447 4107 2467 827 4956 2836
2049 992 1395 4595 2649 1454 3489 685 2709 2160 3362 2196 1387 730 4906 451 3736 3719 2131 4650 413 1863 4445 1454 2990 4562 4612 4396 4009 3909 1174 1602 1380 234 3363 1870 1670 3811 2156 4466 1251 1675 541 4729 150 4905 2819 3477 1170 3487 4653 37 1646 1372 1659 840 278 72 3572 4296 3307 1243 56 869 2797 3626 3587 708 3994 3974 3614 3236 2342 844 2905 1804 1975 1618 4257 3044 3973 2706 4364 1406 2780 3200 3818 1742 193 2651 4635 3106 1993 786 2007 2863 2964 2149 216 4561 2789 565 25 4516 3949 3852 74 3404 2572 937 1936 2267 2434 263 782 3900 4982 4007 4367 2417 3441 3532 1391 908 2271 2478 2483 2699 3651 1567 1994 24 2692 4609 4227 297 3115 3339 4226 3648 3714 4990 3389 908 2736 78 2097 4432 1756 4960 3733 2043 3281 2496 4356 4912 1932 1046 4945 4395 4639 3703 2588 1452 1382 1284 3707 606 1715 4886 4887 2872 1582 1972 2645 2334 3382 3240 1272 3792 3637 1485 673 2854 343 3858 3946 847 2872 194 1954 88 1838 2517 1226 636 3204 2860 2401 3853
431 4031 4681 1260 3427 2238 3512 1911 2419 952 3071 4548 730 3810 1310 664 710 204 2492 830 3378 4361 1547 1712 2981 230 420 3885 4021 3944 4451 3768 662 2979 655 2226 1116 4188 4596 2512 3824 1279 1620 866 4486 1607 1945 4745 3676 3494 2354 1339 3518 4448 2481 4338 1569 2238 1430 1301 4871 2843 3216 4478 3925 1687 4334 2585 2450 2679 4079 4498 4636 4034 4840 3738 2173 4789 2506 1230 1932 3878 4677 1594 4892 1604 2931 963 1856 1517 2024 141 3329 2408 1239 3395 2146 2021 2697 3249 3816 2949 770 807 96 4405 3341 1347 1075 4742 3176 4506 3619 3329 1377 4934 886 625 1026 685 159 605 773 4624 3267 4864 4331 4653 205 4128 4901 963 870 1037 3808 657 2452 4311 637 4117 1911 1118 3692 389 607 2962 3617 4393 748 1736 842 3989 3801 686 2326 1813 3243 1345 589 3626 4755 1385 811 22 3986 3870 4325 134 1163 964 3172 4002 1112 4316 2646 536 3210 1173 2195 4007 2276 2345 2110 2476 4262 2722 3166 3259 3487 521 771 4704 1947 3616 3810 1351 4962 1014 3939 1821
3682 1398 366 1608 687 650 4311 3919 1390 2145 1738 605 4906 1310 2244 3219 4432 2620 3530 969 3775 2334 1577 1564 1643 4952 4072 2111 3568 1060 3878 3719 4255 3618 2447 4857 2583 3282 195 3218 3273 1737 3279 3306 2909 1671 1075 1535 2943 3437 4645 1582 3543 4385 816 4771 2602 3057 1125 2922 1010 3296 466 2772 4451 1345 1603 96 2162 1012 2717 3757 723 1326 4252 4737 40 993 1417 639 1716 4170 1826 2653 1478 4447 1736 371 824 700 1608 4454 3555 3731 1236 2546 924 3139 1049 609 4335 2737 4315 1577 4264 14 3357 486 2772 1246 4596 609 1345 2937 1114 4368 3905 3426 3716 1955 820 4693 2614 2662 3379 1896 2478 2538 3302 196 4901 392 4123 3293 2646 3173 418 3289 3721 993 2053 543 2112 2189 3940 3147 4868 4978 4919 352 2111 202 810 4976 1331 3712 2554 86 3303 4889 4598 4045 1743 247 1487 795 3364 2252 4866 2443 1531 1074 2903 1580 4039 758 1470 3859 1915 868 1403 3309 1409 2091 4708 3211 4424 151 3303 2248 4516 1609 2282 990 919 4639 957 2996 3508 247
3784 1998 1055 4193 2382 1119 1595 1854 3254 1933 2772 4855 451 664 3219 3500 1933 4570 3507 1033 2019 1870 1343 4298 2240 3146 316 283 327 2883 1207 1054 980 602 543 1279 1235 2122 3902 1568 2699 1757 2895 2286 2852 847 62 1253 822 572 2779 1604 116 4616 774 2532 801 1643 3361 1179 1516 1168 4160 1070 2379 4657 668 3381 3622 2287 4605 4410 3487 4383 862 1603 2500 2946 3948 4525 2007 668 1288 913 4923 4663 1975 841 3830 251 4811 1048 2652 1108 3956 422 1569 3840 1324 975 562 4182 4331 2448 3799 639 1473 811 133 4338 4754 4685 2626 3106 372 2638 3272 3423 4346 1813 3607 3292 1568 1008 1328 3040 1693 4512 553 2843 4038 2205 478 712 4005 1208 2390 4362 3536 1804 1957 771 2649 311 824 1482 1136 3061 3108 2157 3663 4770 274 3513 303 2080 827 3695 3056 188 4249 4939 4184 4018 1093 1076 1978 4989 2024 4562 4191 2085 3573 2065 3831 1532 4187 2479 501 4914 1811 4568 1146 1173 1690 709 1977 4574 4063 4678 1772 2794 2523 1858 1394 3208 4917 2676 826 3635
4307 4078 255 199 1762 4764 373 2050 2242 4710 191 719 3736 710 4432 1933 624 2877 3857 3398 4180 2321 372 3268 3208 4185 3473 3236 2533 1531 1236 404 4981 811 3450 558 2680 3142 4712 4951 1083 290 4681 4335 4754 151 3223 2150 3112 1692 3480 1361 3502 674 4370 1509 3835 4082 4699 1895 223 1602 3754 436 1963 2838 1072 291 4694 4677 4954 4241 2059 4659 2573 1431 2702 4835 2788 4451 2582 3308 2519 4930 1699 4757 2583 2795 2653 2442 4317 3404 539 4928 992 993 1569 3192 2290 2261 3454 4151 3168 1369 2715 1408 875 116 1292 742 1392 3278 3222 1249 4722 3560 1316 1072 1159 4644 4689 4658 1107 2040 2378 2159 4281 4298 2707 2319 2659 4833 3007 2435 4996 1346 4085 619 2654 1743 1576 4083 1553 3145 4752 1896 2911 4968 4586 2534 1974 3085 1181 1637 610 694 1930 1295 2875 757 1932 838 2797 1529 4173 2168 1265 2990 3109 1113 3498 4760 982 4820 332 4539 1637 599 3641 4045 2798 3715 2863 3919 2324 2290 1117 3809 3876 2446 4444 3744 3628 1407 3332 1938 2521 4112 3470 4734
4547 1172 2159 2267 3904 630 462 1262 1098 724 183 3194 3719 204 2620 4570 2877 402 3143 4971 1074 349 4250 1558 1759 418 4743 384 2667 2988 4860 1506 2867 3273 2293 1787 3348 4116 2989 759 1534 2621 1234 3524 2170 1093 2358 3932 4977 2036 3563 4237 600 4303 2452 1057 2090 3022 1346 4297 206 4119 402 4275 4962 4105 4108 309 3922 3371 2934 657 2859 247 3383 2714 4257 1887 4829 4383 2411 3506 423 249 4868 4902 3335 975 1311 3554 398 2599 977 1430 2244 1421 1737 1880 2431 4558 155 3825 2938 1417 2764 725 1996 456 83 4529 4739 2090 2405 4375 3186 1962 4117 4702 1570 379 1106 1125 813 1535 4358 3663 4660 1505 319 3266 2615 964 2101 827 4099 1592 3155 1605 686 3495 2538 81 1861 310 1530 1430 3992 1103 2042 3069 3076 4831 4496 3609 864 960 180 1073 105 1620 625 4514 3263 3675 3685 2628 4708 1764 1511 1201 1558 4442 1317 1380 250 3235 2305 2296 1138 4491 4053 3313 4398 3124 2594 2659 467 1251 3666 4298 2820 2398 2377 3800 4276 3093 2223 2106 1552 4900
2521 523 4985 3051 4458 1300 767 1705 828 1083 4232 616 2131 2492 3530 3507 3857 3143 1318 3278 3453 1498 1341 2585 2574 4835 4546 4747 1671 2570 1805 1179 376 4826 4100 4504 2253 1462 1765 1131 279 1827 2453 1352 953 3724 924 2891 3810 2755 316 1179 3359 3459 551 3547 3026 1961 4169 2850 36 2915 630 1118 719 4238 3268 4774 1801 1836 544 2413 1436 3099 2625 4360 988 3243 2759 2308 2242 1420 4256 4198 2327 2835 4206 3108 686 4792 2280 161 3106 707 2588 2451 1206 4641 3576 1274 2696 1383 1302 2145 1106 4222 3103 3066 735 835 2134 3463 2816 269 680 1354 3888 826 2259 1150 1838 3402 1232 3897 1616 1621 4541 902 123 868 1046 484 818 2147 870 1069 1921 4746 1655 4809 1570 252 1627 944 1043 882 1844 3191 1889 3003 1148 2237 3767 2246 3547 3449 4218 3237 3916 1804 671 2918 3566 1308 3533 4482 1910 3922 2578 1080 3990 3860 3530 18 1080 2063 4618 3572 3777 3979 276 327 1770 240 3923 2633 2283 2775 1914 3666 1356 24 258 1442 4972 659 224 3389 2638 21
1485 4459 1551 4653 652 2057 958 3743 2687 1411 4847 2852 4650 830 969 1033 3398 4971 3278 3985 3520 2170 3502 1933 3836 1668 864 2626 395 3756 3386 3616 4188 194 4825 3642 4805 319 4587 2297 2845 1147 787 2187 3881 1589 1473 4617 4621 1457 4123 2228 4048 193 4306 1521 4780 1292 1959 536 4009 1682 4848 3492 4870 1245 2949 4109 1844 1459 4929 1608 4610 2448 3741 261 4038 1290 1464 463 972 1465 1631 3882 1148 4670 4107 611 3299 904 2916 1743 2545 4581 283 2366 2319 1003 4216 3529 522 3218 4588 2431 4511 902 4805 4636 3296 3141 2372 1889 900 3824 239 1023 576 1136 3214 1525 4871 1485 4178 214 1895 2295 1200 913 1645 483 3930 2588 167 1363 2966 1395 4748 1678 3757 4367 2742 3640 2603 2178 1717 3693 4447 4012 4876 320 4502 3493 3187 868 3876 4967 1649 1998 3397 4054 3181 1517 3433 1575 1468 4352 3664 4274 4244 1207 1600 4054 3386 923 1099 4765 3369 4910 970 4356 4030 316 10 4556 4990 1898 4613 3278 4963 2296 1773 601 2606 4617 1102 1867 3213 549 3817 585
3917 1620 848 4341 2848 4212 1998 3476 2449 974 4589 995 413 3378 3775 2019 4180 1074 3453 3520 2624 215 1982 1193 969 1068 1588 2303 4615 1910 857 67 1492 644 4762 4519 1530 2773 2164 4948 3373 2156 2936 3039 4070 1708 1656 1454 3280 450 1349 4257 2403 3941 4959 2090 3807 4813 3134 3604 837 3148 1193 1267 2969 4827 85 4795 648 1253 4719 4766 4017 74 1763 566 2404 2632 2714 4664 1958 4328 1312 2751 1597 4451 4173 1163 4488 1123 2087 933 3756 2998 1241 494 3439 4250 4439 3256 3105 3250 3627 2539 1083 2786 22 3613 1171 1388 3574 1651 4233 1511 52 3106 4285 3599 2081 3219 393 4412 2160 4760 4092 4936 1413 1761 137 626 2531 3180 4572 2863 2800 4415 4567 2057 2581 2518 4886 3474 3303 384 4098 382 3822 474 3906 2907 2991 112 3023 1392 3341 710 1937 4857 1211 1262 221 2202 1992 4147 1632 3260 1588 17 3962 4689 4041 3618 1095 3712 2863 2386 2365 3792 2763 4151 4043 4318 547 974 1868 1976 3496 4236 2523 517 3289 2845 1138 3692 2330 3940 495 2654 2707 2298
2032 2561 2762 3969 95 3509 4730 2296 3891 1933 2895 1808 1863 4361 2334 1870 2321 349 1498 2170 215 1074 2082 637 158 2312 487 2287 3826 2506 2743 3703 4436 856 4800 1125 2872 242 3030 3134 3323 1297 504 1387 4554 2926 2405 3202 1859 1383 3387 2705 634 1495 257 1286 295 2068 4962 4335 2623 2540 4922 4916 1669 2954 830 4102 3192 3452 4745 113 1339 605 2276 4234 4675 2578 2210 1407 4436 1461 1281 954 165 1447 2297 2892 1254 3842 3761 3152 189 484 1949 4838 790 267 2855 510 2490 4982 1744 1605 1254 3478 3568 4736 4008 1722 503 4637 2904 1264 2882 904 2392 2608 2828 1985 2633 1951 2643 132 2161 4250 98 2959 4919 2666 4746 2256 620 3303 3188 3991 1688 3067 3223 2012 2235 2975 1205 1616 3263 3276 1062 2738 2565 2850 2614 4001 104 4632 4898 166 4483 3175 2465 1660 2150 1741 3723 1300 3493 4214 815 774 778 1386 851 3628 2698 3219 1065 119 814 2275 3101 4700 1917 1397 3147 4935 4146 426 2050 2561 3066 3863 913 819 3210 3754 4468 707 2515 3654 3808 4806
1919 4605 3042 4417 241 3504 2428 3051 364 197 3341 2927 4445 1547 1577 1343 372 4250 1341 3502 1982 2082 457 3682 461 802 4841 2644 89 3587 2677 267 2751 2240 4526 3291 2522 126 4697 4448 2574 4726 955 93 3326 2958 4013 1375 2802 4683 3081 2953 4510 4572 2764 1084 2714 3255 2480 3617 4446 2916 2946 2545 4791 1017 904 4033 2725 404 3359 522 1612 1728 2548 1663 346 145 865 2431 4172 4709 3281 1897 918 4150 712 4755 2322 4963 3925 3259 3214 1838 4659 3965 2159 3398 605 2532 3523 2028 2479 2428 39 4334 3405 4004 2067 1236 803 649 1014 1090 1886 4781 817 4270 1971 4160 3870 3582 1420 2861 1207 4874 631 1942 4028 4202 4988 3662 2458 303 4654 1407 1478 3086 314 570 4557 2332 376 3845 2647 1185 2948 1922 1502 793 810 1808 2463 2624 3872 306 3468 3827 1236 3637 4290 1655 1999 4854 4401 2722 3012 270 2352 3684 173 400 3736 1353 4806 3113 2571 4994 4539 2777 657 1087 3177 4816 84 1818 3763 892 3542 3955 1044 194 4888 1614 2760 2385 181 4486 708 669
552 1149 101 3051 3887 311 4507 2405 1734 4859 2876 674 1454 1712 1564 4298 3268 1558 2585 1933 1193 637 3682 2640 2638 4532 1575 4790 3289 951 1876 1109 2913 4513 4979 4211 2986 2278 2361 438 1939 4584 2067 3588 3124 4451 658 2327 3699 3117 4616 4698 4177 4593 4241 4801 1458 1642 1527 1752 2116 3893 4846 4674 3832 334 3800 1877 2261 2106 301 3932 564 3317 800 2514 304 2047 524 2590 3086 3667 837 897 1074 625 901 3912 1594 729 3176 4838 1272 3663 2916 2333 2405 2617 1820 2808 920 4271 1052 4875 4800 1395 2286 2527 4066 329 1024 681 713 275 4831 780 349 2335 1352 4264 4391 1811 786 3663 3672 1290 501 4022 4691 3997 210 257 4831 4631 4408 966 4545 3273 3876 44 2909 446 1244 19 3935 716 4058 3337 1059 3486 4876 1301 4187 830 4339 2132 2733 794 1788 428 975 1385 202 71 4672 2756 2087 451 4948 595 4410 3724 2721 2732 452 4589 2089 3658 4739 2033 3827 4392 4983 4088 839 761 1980 3843 143 1462 4573 363 4386 1242 2318 1720 2150 3252 4203 3526
2040 3221 1933 4733 4220 4472 3535 3452 4040 299 3861 1544 2990 2981 1643 2240 3208 1759 2574 3836 969 158 461 2638 4482 3988 4124 3723 2895 862 2647 4335 3368 1467 4580 3244 2793 812 4222 1132 4124 4881 429 1854 1679 4188 3724 604 2250 3595 2732 799 1101 4075 405 4040 1888 2202 1737 671 4189 4832 2488 4950 2164 174 12 2790 706 2154 4237 4563 2470 4999 3039 2212 3097 3816 4505 3737 2560 1802 1569 3684 4062 252 3145 1911 4670 4563 4128 1458 1054 506 2499 4521 4392 2353 4733 2873 3847 1827 4984 1449 4207 2921 92 2127 2093 4878 784 4086 1120 2957 3240 1665 740 2337 4926 3345 4872 1546 4482 746 3214 4800 4687 3007 1360 3915 2696 2727 4724 2285 1424 3538 709 454 1070 4611 4242 2376 4503 2683 442 3263 1940 1772 1041 3832 4424 1155 4835 1119 4294 2908 2962 4133 1740 4123 3935 1135 385 1060 1533 3973 1169 829 499 3462 2151 2349 3171 2355 1850 4935 641 4928 1165 4063 2622 4641 3677 1763 4183 2437 2168 4406 2628 2951 2105 4410 2810 4745 3521 3937 1350 1150 2047 1419
1531 1184 2737 3179 2087 1062 4666 2697 3351 4150 1377 3703 4562 230 4952 3146 4185 418 4835 1668 1068 2312 802 4532 3988 3387 1663 1247 1395 1884 292 4700 1860 4284 2454 4498 3789 3823 2879 3485 3928 3355 904 1747 1704 1036 3112 2867 2614 2777 3022 1541 1977 3023 2886 4511 4451 2961 4565 2317 4942 4045 3894 2330 3441 2952 3307 2196 2735 823 3825 2219 3182 2363 1964 2448 2255 19 3301 3928 4698 955 348 4927 2760 1460 3514 3561 3300 3254 1123 841 4759 1899 4756 2658 4323 786 2880 2435 266 3103 3445 3050 3113 4097 821 3073 4700 3429 2630 4849 3011 2259 4864 3157 830 3358 2051 282 1103 4564 652 3092 3574 1009 1454 1454 227 641 2899 4102 1366 635 4316 4633 1772 4932 515 526 207 1787 12 1179 4108 2814 868 3467 4248 3429 3185 1003 2520 626 1020 3302 2516 2057 53 2075 4579 2472 4749 312 2211 3810 1355 2962 2085 1599 2251 3001 1609 234 4960 425 867 197 1289 3781 663 4697 4542 1605 1822 410 3577 4231 2990 3780 4412 538 4681 3142 2656 1289 1889 789 260 1139
4350 4781 859 4306 1071 3846 664 4774 2873 3462 3717 3306 4612 420 4072 316 3473 4743 4546 864 1588 487 4841 1575 4124 1663 3209 4436 1321 4775 432 660 3069 343 4433 3963 1853 1230 833 4548 2411 1292 4195 356 1726 4182 3198 3660 2017 4789 2599 1632 3364 2858 2959 2737 516 496 2693 4919 390 2479 765 29 4712 2598 1782 4076 733 976 348 3065 3330 2466 4658 3926 4975 225 1049 312 4846 1433 2864 2822 3995 252 1393 2746 4579 487 3723 119 4732 1135 3245 4247 1994 4492 3371 3179 587 360 1105 4151 4069 1348 353 1095 2413 2600 3603 2056 3171 1893 3191 4442 3846 1924 2996 3306 51 3883 3609 2591 2801 241 1211 567 530 707 3370 4764 2746 3260 2971 4309 3382 1442 2425 2732 1242 1850 3163 3523 1495 2813 3702 2828 1196 3463 4668 1999 1986 3801 2361 3473 1184 213 1642 1983 738 2083 389 3443 4309 1299 2828 4210 2904 3530 1567 424 4754 4344 4430 4336 3894 957 3391 136 4510 2806 3057 3765 1064 4701 2235 3555 2212 4867 4882 741 1977 2633 3418 3274 3365 820 1357 1680
3176 225 3243 1369 3313 4023 3553 219 3444 4007 2692 193 4396 3885 2111 283 3236 384 4747 2626 2303 2287 2644 4790 3723 1247 4436 4644 3283 1777 2081 1249 1869 697 3293 2221 3196 2961 3191 3677 2699 2494 2354 1113 940 2712 407 1189 400 4883 1156 4806 3467 4940 1831 304 1157 107 4821 760 3109 284 1324 1416 120 4118 1313 1939 4446 42 2004 4131 4407 3873 60 1305 54 1271 3753 4400 1820 3718 1767 675 1135 4470 1136 2208 1014 4545 2619 438 171 2426 2415 769 849 1181 408 3752 4054 2967 4499 3425 2656 3722 575 2700 3001 3722 1633 2647 4483 3044 2416 4846 765 479 2719 2515 4772 4712 4881 670 3753 4514 2064 3847 1920 3459 2968 1367 3609 2817 2729 1133 1180 3368 4338 1049 1981 3372 629 1593 2219 3935 3116 2289 4541 3694 3778 2784 2846 1918 3344 565 2505 2926 4895 70 2206 1397 3167 684 4890 2713 2909 194 3685 2632 1940 3324 4755 201 413 3282 2572 2235 4995 630 4294 1316 1102 811 2820 4447 3251 2325 2934 4526 3866 1549 4406 1265 1821 3374 3581 2386 2819 3902
1365 3530 4592 4651 4809 666 4206 4776 4113 4828 1643 3819 4009 4021 3568 327 2533 2667 1671 395 4615 3826 89 3289 2895 1395 1321 3283 3063 3354 1556 3708 4907 3524 1240 221 757 1013 4360 4607 3798 2945 3359 3552 1571 4920 2928 2650 4806 4868 2998 241 3480 3457 2565 2187 2336 2726 3215 2085 2115 4968 3026 4561 783 4668 1923 1551 3601 716 4864 3895 3940 3593 3004 2712 4743 316 4078 3649 286 4322 1220 846 625 638 1233 4728 4592 3728 4691 2382 3116 1791 3313 1491 77 740 2298 1297 298 90 1361 2302 3588 1148 1575 4383 4750 1272 374 1507 2992 2692 3549 1120 2837 3175 4514 749 4062 1721 3780 4658 3769 1805 4450 3474 2472 1884 3931 2652 3632 4815 1419 2187 2936 970 1006 1774 1741 328 3974 507 202 2235 2253 53 945 355 2314 1418 1279 824 1933 470 1904 2739 3967 3920 3454 2429 3715 2566 3234 1883 2705 2623 4706 2788 4166 2495 2469 707 2607 2484 3900 214 824 808 1580 2289 71 3588 489 196 2780 962 3871 4417 2180 2467 1181 2191 3757 613 289 4097 266 4498
2779 4030 3279 3764 3065 3247 4193 1424 3012 4822 4076 4266 3909 3944 1060 2883 1531 2988 2570 3756 1910 2506 3587 951 862 1884 4775 1777 3354 363 1090 4527 1116 4169 1435 3118 3382 3624 662 1832 3843 593 2478 1546 3111 1820 2757 431 847 2619 860 1554 3432 955 3869 3628 1150 2941 3888 1646 1315 4287 1478 4618 1734 1093 1304 1148 4184 815 1372 3472 4583 193 2433 888 1802 1146 3646 615 2892 1544 399 2419 2994 2729 2302 1497 1094 1175 3228 3047 1543 325 4397 3161 1536 1256 153 1568 2634 3613 849 793 3844 3694 1439 2911 229 567 2438 2448 1953 1217 1871 4295 1228 175 3423 517 4713 2637 1650 2613 1619 1755 4051 504 3730 4449 3256 4016 786 3680 864 836 2096 1831 172 1820 3798 1963 89 2816 1540 797 970 1144 2101 3119 1876 3532 1771 300 22 3562 4014 292 4484 3397 1912 4533 2641 2865 3608 4205 2762 4046 2862 4635 2285 292 771 344 1748 4605 3381 485 3538 915 1205 4901 199 412 1855 3372 1615 4215 3274 353 4975 328 4465 4653 2638 3246 708 1227 3183 2118
671 1985 2898 1340 1655 2281 161 1423 402 1953 349 3495 1174 4451 3878 1207 1236 4860 1805 3386 857 2743 2677 1876 2647 292 432 2081 1556 1090 3875 2375 3904 4195 782 526 2767 1572 4973 3148 2778 3460 1811 3968 2411 4112 2817 3557 982 1131 4884 2814 432 3783 2444 359 3464 1589 3610 4486 1057 2841 2568 661 803 3002 4933 4749 4868 3209 4556 88 2011 634 2410 3708 3037 4826 2886 1401 2797 2607 1234 3883 3310 2273 4773 3746 3270 2115 4690 4875 126 4808 2962 2425 3885 3660 3482 1016 1243 1423 4369 146 4118 3586 428 2654 958 2949 1932 750 4918 1464 78 3469 3263 643 378 1390 4733 2547 3714 4507 3483 4403 675 4576 2470 3701 1138 1729 1116 4070 4985 1486 4771 3677 326 4595 4836 1564 3448 1380 4811 2856 335 4124 4311 756 2333 1348 3169 2136 791 1337 2586 2771 3832 2917 3920 3040 2039 3308 3054 1811 3560 4291 4180 2643 2029 721 4797 634 174 2399 3001 3607 1726 411 762 231 1589 4275 3381 641 2245 4425 73 973 4432 3930 988 106 1206 959 663 1881 4816 1417
1182 1829 4468 4392 1664 4501 1247 4365 1376 977 523 3578 1602 3768 3719 1054 404 1506 1179 3616 67 3703 267 1109 4335 4700 660 1249 3708 4527 2375 260 4329 1219 1961 4881 3912 1001 2606 30 4519 169 4154 2398 1244 4117 4371 3771 1155 3083 2867 656 4633 53 276 2852 3612 4071 3776 397 1949 284 4585 2496 3170 4229 3709 892 4789 491 3555 2197 1972 1019 3895 1215 4745 761 3113 3334 4189 914 1741 2644 36 3040 2341 4215 1513 2281 1377 1631 2979 4696 2689 3594 3048 4273 4297 3513 2054 2540 1816 3961 3385 3296 1590 1328 3616 644 935 3388 4642 689 3038 1507 1692 1590 3234 2525 4904 2519 4362 1955 402 1098 3652 3280 1127 4537 1093 3844 4755 1081 4403 1062 4496 513 458 878 1136 1515 4493 2470 4894 1199 2078 3194 2322 3072 3447 1107 4598 4393 2071 201 3720 2468 3295 3440 2740 2843 4998 3663 1247 2977 930 1267 2648 4466 2023 619 1549 4413 1972 3622 3119 2553 397 2359 998 3089 1109 3282 2023 1330 1941 4663 1091 3451 4921 3232 747 123 2952 1846 3452 1481 567 2661
3079 1439 943 4518 977 964 895 468 2824 1925 3181 3601 1380 662 4255 980 4981 2867 376 4188 1492 4436 2751 2913 3368 1860 3069 1869 4907 1116 3904 4329 4654 3656 4576 948 2275 2702 4243 274 61 1882 3831 1127 996 1805 154 589 2867 1524 4035 1718 1014 715 252 4985 2860 923 4688 1585 3797 944 2053 287 1217 3700 1560 2084 1299 2796 4407 509 2858 3968 1711 1088 4481 1761 1457 1832 3853 2643 4826 443 4465 3918 93 4076 3725 957 1918 4367 3060 4385 836 4163 4331 2553 4843 3268 2152 223 2484 3641 2416 3423 2802 664 1371 481 1501 1333 3008 1959 4037 4281 1922 331 81 283 2833 3282 1004 2689 1149 469 4951 281 4123 2932 2890 2405 3616 3355 785 4723 1650 4223 429 361 3340 2328 1987 1037 1547 1359 2454 2627 3828 170 3680 2770 3434 2657 2278 4429 2494 3181 1529 4550 3198 3251 4116 4334 1347 3476 1308 4486 3360 1992 4359 1036 865 4826 581 923 843 3541 2512 760 1104 4493 4422 680 3730 4282 1358 2800 188 4184 93 608 1456 599 4907 2925 136 3587 308 4412
2753 113 4367 1003 4299 3859 1976 4548 2863 3358 4621 321 234 2979 3618 602 811 3273 4826 194 644 856 2240 4513 1467 4284 343 697 3524 4169 4195 1219 3656 2033 4282 3647 4090 4826 205 4443 4882 1933 236 2233 2786 4282 4207 911 2393 1950 2837 2734 2583 362 4073 3177 4119 4129 3729 4702 2161 2970 2316 4518 3777 2089 3257 3886 980 2798 649 4837 1981 971 4761 3697 4160 2876 2682 1437 50 3297 2148 3143 4367 2885 99 384 2461 1168 394 2695 3860 2044 1656 503 523 2681 4936 1191 1734 4655 4457 3718 1708 1919 1771 777 785 3093 273 2314 427 4869 115 3515 4114 407 850 582 727 2470 420 615 405 4783 4616 1073 3214 4617 3963 2292 2574 4361 408 2681 3790 2786 1901 2659 521 4677 4297 4016 2430 923 1661 1265 287 3545 4007 3304 3065 1923 1069 1886 4480 1311 3345 2621 4707 4606 3391 3420 426 3876 1153 168 1684 2598 1064 1305 1965 1091 3896 577 3303 4202 1430 2499 2919 2649 1744 1174 1125 1148 4220 110 2024 4985 495 2836 3408 1768 2905 4578 3273 1599 252 1214
3102 3567 1421 1406 3957 4067 526 4060 4671 3552 2499 2079 3363 655 2447 543 3450 2293 4100 4825 4762 4800 4526 4979 4580 2454 4433 3293 1240 1435 782 1961 4576 4282 4241 1466 4360 1940 588 4045 1298 205 1530 128 47 2701 3483 893 4427 3591 299 1559 4082 1246 3997 4089 3419 4666 2232 2236 3284 2182 2272 4283 2799 2669 4907 768 3628 4970 4116 2765 1607 797 844 2957 4378 693 1376 4588 840 782 3308 2070 4719 2263 650 3734 3825 1841 4314 3913 4756 1062 389 2787 4834 1272 2449 3598 4477 3627 3856 3792 4967 1481 3992 3525 4136 1058 4539 1132 1347 4390 4863 2703 3941 1449 3052 2462 1840 3949 4495 3471 856 2743 178 2327 4574 2736 3995 4376 3408 3561 2169 790 967 133 3823 773 1784 3933 3778 4116 240 2852 3349 313 3926 1393 3913 1595 2223 3290 3051 4476 1834 2908 2537 2803 1003 4660 2545 3616 4408 3209 2022 4639 4204 4169 1144 1634 3196 2470 4962 531 1291 1969 864 2142 2091 1702 188 3773 2049 4994 3323 480 949 2856 952 2848 2465 2700 884 2689 4598 4581 289 755
1190 2779 1207 546 3495 237 2777 2421 1751 191 4161 1378 1870 2226 4857 1279 558 1787 4504 3642 4519 1125 3291 4211 3244 4498 3963 2221 221 3118 526 4881 948 3647 1466 2224 4604 2442 3760 111 42 1514 2247 541 2141 3402 232 1469 2972 901 697 4838 2583 4379 4491 1116 3529 4878 650 3276 145 383 4500 439 3725 2705 783 2263 261 3460 4702 3692 1802 2926 3765 4830 2068 2699 1481 4559 4923 2909 4667 4999 1929 4262 3291 3431 932 3743 4378 966 889 4374 2774 229 1304 3901 1457 2636 2529 1870 1644 3841 3875 1299 4956 289 2474 3159 3412 32 2698 3850 4113 3094 1673 862 4687 753 1299 4024 579 3229 2945 543 2079 1137 3334 3952 122 4452 1669 922 3117 405 4108 2263 4539 466 966 3114 76 234 1542 3177 443 2500 1219 3886 1954 2152 4165 1772 382 3686 858 201 2312 109 3412 1661 2579 3664 47 4203 593 3971 352 1934 3147 1509 1427 1465 4279 4075 3137 3447 1080 2270 1298 4956 4094 3900 3080 3038 1033 2721 3629 2995 2695 429 2656 1758 3966 974 2303 4181 1122 3727
1665 856 4068 674 4268 4856 1807 2871 2480 2766 4005 3517 1670 1116 2583 1235 2680 3348 2253 4805 1530 2872 2522 2986 2793 3789 1853 3196 757 3382 2767 3912 2275 4090 4360 4604 1527 1604 2214 2772 3935 2683 3971 1598 1921 1949 3901 1658 4627 2526 926 2073 1740 4643 1414 189 1183 4338 4781 146 1059 960 972 2651 806 1615 1778 1135 2403 1781 2836 1735 4628 1808 2356 4355 4653 4605 122 4368 3303 3132 4152 1048 579 3388 2498 4585 4339 3635 4903 1766 4638 3112 3003 2835 4651 3856 3638 1076 3490 4584 3505 3253 3906 2916 2665 3294 355 2377 1280 4866 1326 1762 3918 4175 2716 4153 2914 1928 4442 1943 2136 201 239 3089 3231 1778 1918 1652 3849 2698 2952 465 2365 787 2182 3959 4828 3391 1752 3186 952 4877 847 755 3170 4963 2776 2742 4309 4551 2368 3350 358 4657 4852 274 1924 3910 1025 1468 2761 3538 3838 3755 3428 4367 617 4170 3521 3903 4615 2850 1157 957 876 3270 2057 4233 4309 251 819 105 2903 2110 4480 1450 2721 4745 850 2274 3027 4516 1094 2354 4204 4582 1471 3044
711 3803 1305 1746 1584 3648 436 2773 3747 979 4751 4823 3811 4188 3282 2122 3142 4116 1462 319 2773 242 126 2278 812 3823 1230 2961 1013 3624 1572 1001 2702 4826 1940 2442 1604 2660 4628 4850 4077 3149 2778 3620 839 404 1330 17 923 855 1085 3184 982 3943 3328 4380 1920 4669 1565 712 578 2159 3268 1053 1329 871 1601 2576 2178 1295 3630 3821 3418 2418 2025 1559 1105 4564 4400 3837 1679 479 2898 2891 1804 1647 899 2780 481 2239 1798 3125 2314 1378 2399 4974 3962 3655 4520 630 1114 937 2053 3906 3266 4413 3785 2874 735 2522 4664 1010 801 2193 1118 3490 4930 2185 4268 2522 1671 3683 4042 4222 4580 1511 4111 3838 3399 2948 2748 1011 2593 79 1452 3645 4915 2778 2919 3677 2142 4329 3049 1511 4538 3321 1376 3703 510 2367 3716 1348 179 359 4775 3540 3783 4480 1806 3603 853 1118 2856 3327 2091 2126 2381 1938 1983 4196 1559 3525 2314 4394 3784 4061 2685 3766 2475 1482 1366 322 589 270 2007 4539 232 3410 4454 4598 4376 4447 4729 2686 3234 2662 1454 4414 798 1429
2379 2228 466 898 2596 769 2109 1531 2267 487 2166 1198 2156 4596 195 3902 4712 2989 1765 4587 2164 3030 4697 2361 4222 2879 833 3191 4360 662 4973 2606 4243 205 588 3760 2214 4628 3076 4980 4550 3406 3629 285 2646 2070 1799 315 3886 2463 3765 2334 3047 2834 512 2296 4519 4461 4655 4900 2103 4074 4908 2731 3012 339 1868 2445 2322 2220 2849 4001 279 3536 895 1324 2772 2961 3979 2687 1833 379 2789 3563 4495 4521 3796 3797 3400 1027 1626 3413 3597 3258 1773 725 3830 316 4350 3811 4978 1211 4541 3021 3037 2223 3351 1448 3970 934 2442 327 928 2204 2491 1128 2580 1281 141 713 2659 2234 1447 1202 3798 2114 1143 411 363 4080 1533 3177 1162 31 3241 1035 3106 1431 774 374 3101 2324 3745 3366 1635 2014 1447 2804 1935 383 1547 1913 1649 2064 2205 4614 3466 1029 953 2598 3340 3693 3870 978 4881 1426 4758 4841 2362 1344 2318 2317 319 2146 4503 3010 4066 4294 1726 2146 670 1321 2312 4705 4293 4975 1469 892 4924 2255 1465 1409 4463 604 2245 298 1536 3479 3785 1817
3275 711 4683 684 4240 2706 673 3881 2537 3216 1642 4015 4466 2512 3218 1568 4951 759 1131 2297 4948 3134 4448 438 1132 3485 4548 3677 4607 1832 3148 30 274 4443 4045 111 2772 4850 4980 4247 3396 252 4763 2695 1901 3766 1656 3603 3160 3140 138 314 3647 4132 345 1951 4254 3794 3402 1394 4463 3890 1676 4390 3717 4712 4820 1301 39 200 2766 2051 526 840 2290 4913 1222 3632 3449 2204 769 4319 107 2205 2991 2281 4903 3095 4252 4678 3777 789 3697 4317 3669 2048 2071 4063 2842 3811 4171 2706 1873 2689 786 2346 4576 1176 1757 903 1411 4899 961 271 1060 3267 3295 2845 2729 1496 2500 190 1959 4701 2693 3172 854 82 4364 467 4842 513 3703 3923 3900 2838 1862 123 4553 3096 2688 4612 135 2243 4537 2919 1538 648 3367 4782 2098 3920 393 4759 3010 715 1503 4816 135 4944 2241 243 1652 4574 1275 3677 1398 3797 1684 779 3494 1376 2824 1172 2319 2130 1950 1805 339 2904 3314 128 4907 3650 658 4115 3978 4714 699 2135 3354 4855 3129 4637 3405 4530 3865 2192 4377 370
