N: 200
M: 40
Symmetric: true
Triangle: false
4 109 110 55 141
7 122 78 44 128 22 200 194
2 11 67
7 145 40 32 47 6 155 99
6 159 58 42 2 170 111
5 129 104 48 39 187
8 144 24 114 151 164 105 166 139
6 158 132 5 49 102 63
4 90 37 26 15
1 96
4 133 45 150 77
2 81 172
8 157 79 35 161 175 149 98 50
4 19 138 113 21
4 60 41 56 193
3 131 92 191
7 64 3 183 124 36 71 167
5 137 180 31 20 118
7 108 147 46 199 100 18 160
4 95 1 28 126
7 125 188 89 174 130 74 152
5 91 9 116 192 4
5 171 10 120 176 23
4 52 156 68 119
7 82 173 27 101 75 83 143
8 57 8 17 13 123 153 54 127
7 43 148 142 88 65 186 106
7 195 14 93 76 16 62 61
5 196 162 115 38 86
4 169 178 84 134
5 165 136 103 80 185
4 7 87 30 190
7 154 168 107 135 163 59 12
5 181 177 33 51 25
3 140 29 73
5 179 197 117 112 72
3 53 198 121
1 70
6 66 146 69 189 182 94
4 184 85 34 97
1758 1707 955 903 2235 1779 2293 3808 1051 3098 2442 2272 207 4245 2382 925 4005 2496 4799 399 2529 670 1192 3094 4482 1489 3111 1331 105 4934 4404 1161 4150 2068 2031 2236 1680 1678 2218 3664 3869 1050 572 1499 153 2663 4970 2329 2063 1243 4040 473 2030 846 2726 1403 2502 2948 1951 2422 3338 4046 394 2137 749 3911 2536 2736 896 177 1298 1499 4758 4231 1373 1089 4883 4665 4085 1532 1709 2370 1008 1295 113 1449 3756 3337 3826 3050 4157 4886 781 2222 3472 1484 503 136 3621 4264 2687 3341 4447 761 3023 1490 1006 1029 2577 2219 4793 4697 3846 3319 3126 1905 1196 3188 4163 4424 3136 4972 1320 3760 3538 4845 455 592 1648 1647 1710 3704 661 1238 2498 3741 1515 2733 2195 1059 4076 2943 1534 2301 923 2386 4193 1140 809 178 45 2115 4871 4598 3371 3674 3775 4988 4988 1738 3116 2150 759 2746 4617 315 4532 3073 751 1430 3279 2162 4599 618 4291 1108 1593 4856 3531 54 33 355 2155 3047 2278 4336 1416 218 289 478 1553 3364 2736 932 3534 4315 3083 1288 1311 662
1707 3436 2819 1207 310 2602 1951 4656 3410 2206 3721 2202 3818 1138 3831 3196 2523 328 2073 1383 2090 2962 1388 2980 473 3873 3643 2338 4984 1859 237 1740 679 1378 4222 584 4731 1342 1908 1270 2168 4922 2738 3339 2035 4858 3918 4955 555 72 540 865 1356 3858 4193 4758 2384 2051 726 4368 4441 328 3759 4563 635 3183 4089 1784 386 3935 137 2053 1861 1202 1181 2890 2226 4174 3235 4778 311 2651 3562 1475 2882 810 1882 30 1587 15 175 1973 1601 3314 4101 4981 1588 4193 3322 4560 2305 2870 2577 1933 4833 3171 249 3324 44 4866 1545 3909 3233 692 2042 1937 2552 4209 4693 2033 2136 4216 3207 479 133 4376 1316 4245 690 3078 2443 61 2225 390 1622 2075 1194 4203 1003 1413 2995 2251 1116 4203 4812 2582 4566 4269 3122 2800 1765 4281 2108 4433 396 1257 1310 3374 362 4858 4138 358 4474 2973 198 3426 862 4315 373 4118 1286 1408 138 4368 841 4788 2194 2657 3926 4894 1942 2160 417 4619 4141 2533 2621 437 1343 1924 533 1397 2150 748 775 3315 3762 4684 784 854
955 2819 107 4682 3142 3501 1010 3631 4195 1645 1801 3183 1625 2565 1210 3278 2257 3517 4911 1084 2049 2235 2716 2154 2544 2543 3544 3956 759 640 445 2722 1316 2477 2122 1929 1458 2080 1741 458 1715 2343 3327 4948 4207 790 3558 1633 812 4265 3683 2432 4938 1921 2058 2745 821 1713 2981 262 1137 4334 621 1606 2690 3357 4808 2663 4989 3846 2505 1212 3402 1471 3192 2784 562 2164 4368 1532 2398 2360 1587 2293 3722 1320 1527 4070 1721 3182 3110 348 877 4188 3271 1989 3714 3190 516 1377 1578 107 4010 998 3011 4576 677 2207 4905 1510 178 4964 591 2193 1071 103 1283 2731 3831 1053 2894 3086 1575 2678 4827 860 2811 1662 2402 3102 4708 649 3053 2270 4468 783 3355 864 2220 464 2775 2102 977 1096 2673 2221 4491 1516 2425 712 2065 3614 995 1638 4053 1344 4437 2564 1376 2805 1634 4298 1971 4018 4689 2951 2509 2885 1662 3455 2560 193 4100 3712 3472 134 3746 2094 2584 4619 545 2377 469 3042 4450 2050 3180 2179 1389 1784 639 4786 4607 1230 1272 1915 972 1160 1428 2868
903 1207 4682 1409 4685 4328 2363 207 594 3109 4443 3135 1438 3853 1094 4022 2633 1935 2552 3265 3180 2733 3579 1321 1922 3648 3313 1282 1356 4847 4778 482 4826 2552 1893 2732 495 4933 1489 25 2046 2579 4596 1613 829 3255 4240 4112 2826 4658 1101 2643 2293 1211 173 4270 3779 3375 1263 3444 570 3457 547 4302 3430 3034 4408 244 3778 2990 3680 4407 1457 3003 4779 1431 849 3423 340 2382 2710 1876 3487 954 2331 3860 3674 387 1589 1327 2781 3322 4150 126 4336 499 742 3428 1599 2912 400 1291 1239 3000 428 1382 4065 995 1812 755 813 617 531 777 65 4722 2108 1329 3176 332 4643 4495 3748 2873 2244 1769 86 3761 1011 3938 1298 4561 4177 2090 4171 3988 3970 4065 1188 883 2996 2959 941 4275 3451 4337 2143 3600 1904 2825 3585 753 3141 1095 2034 3416 2957 2309 4835 4726 2326 687 851 2808 3337 4055 2118 1986 4288 4765 432 3844 3016 3451 4927 3883 4941 271 1453 2302 1140 3517 71 1761 2089 1638 3891 2405 2515 2503 1293 1264 2264 521 3075 4783 3276 2029 4991 2835
2235 310 3142 4685 4189 263 666 2931 3552 2343 2725 3456 1287 1735 2285 1220 1704 4490 3942 4193 2200 2016 2418 758 2351 45 3357 857 2574 3178 3128 2651 4472 3014 2547 3875 4725 4012 421 3395 2221 3997 1530 4003 1407 4956 2671 518 4933 2600 2563 1021 1217 173 4909 3025 643 1258 1130 2525 582 4915 2156 1924 2137 4962 4299 3511 2941 3586 3656 3661 2748 2152 3214 1911 4017 370 25 2538 3892 2805 1143 4812 3940 482 2927 21 2618 460 2840 4465 757 1819 4003 2160 4026 3212 4851 3064 1592 877 900 1284 3487 3413 1005 4838 401 2448 4066 4327 368 156 309 849 1860 1546 3467 1372 909 4713 1586 4244 4217 4110 4271 3562 3632 4669 3059 3505 821 3673 15 323 1716 716 800 3224 2527 4642 1518 3393 1898 105 3527 1376 4611 2868 697 4612 1579 3995 1686 3693 4763 3525 1542 3699 596 4963 4622 1006 2678 4067 3753 2390 128 3047 2441 2319 2774 4434 4245 41 79 3213 1049 3304 870 37 639 987 1198 2568 4682 4490 4672 2695 420 1149 467 3457 3839 2646 3174 4620 2085 4189
1779 2602 3501 4328 263 2054 1973 3313 294 1128 2513 4063 4428 1068 4378 3572 4448 1403 4480 2179 924 4654 1453 4529 4312 1321 3067 3686 3501 226 4376 2681 1715 213 4822 3506 3120 2202 2148 2941 4047 1659 2637 861 2654 2712 4606 2778 4450 810 3297 4818 4234 396 3999 1803 4307 3497 1508 4443 3204 2139 1712 4720 4849 1710 2469 4875 2037 918 3458 3516 2128 1313 4751 1517 4496 4510 4463 3610 2705 1973 603 3575 3862 215 4616 3880 1468 1121 2631 1541 4807 3412 4670 96 4532 3218 916 1999 1596 2866 3485 1504 606 3700 1125 1486 4390 34 804 98 3259 4980 1446 1165 4415 2870 1271 896 1565 2691 1919 3455 4400 4283 2068 4501 2315 2754 1114 90 3661 3392 2720 3889 3948 3570 977 2088 4685 2020 2322 4565 1528 664 4225 791 4855 4615 2108 4666 4770 4721 561 3481 1348 4470 1425 3685 3744 3598 3194 4507 3672 3545 1588 2773 3129 67 3956 4085 1363 3352 3806 2144 2500 3568 3649 182 76 124 1156 3932 1840 2482 1879 3262 1234 1948 2296 452 1697 2575 4389 2538 2442 1080 4188 1179
2293 1951 1010 2363 666 1973 3064 779 2172 4759 4173 2091 303 4681 310 3049 2042 2792 4892 150 2196 3290 3532 4150 1215 51 4477 3252 3383 4688 1660 193 2073 292 1019 1847 3788 3730 700 4566 1842 806 3413 3476 2847 2879 2695 3271 1946 568 372 4053 855 84 335 2497 4897 4784 4998 312 3314 2390 565 3000 3823 4966 1108 2623 4865 326 4399 1816 3417 2315 1737 3038 4626 3767 3439 38 1320 1126 23 2388 480 2420 1862 1879 3452 2717 2366 4340 2366 2663 127 3564 4733 1807 3555 4768 1535 981 1758 1819 3510 4611 284 16 4159 2442 3670 160 4336 553 1372 2120 4338 1774 4584 1586 3072 4108 4978 1509 3078 3987 1460 2517 4094 4792 3719 4690 4314 2655 2328 3857 3982 4920 3427 582 664 2119 287 548 447 1336 3082 4607 3243 4522 3140 2502 4138 1209 4828 4542 4525 533 389 1593 2134 4702 303 257 3858 726 3267 4005 1642 4448 1914 480 856 3603 2106 3027 648 2284 1190 1298 2888 2411 1235 3797 347 92 2866 3315 1457 4699 2075 309 3657 655 1532 1036 2675 1937 3023 3872
3808 4656 3631 207 2931 3313 779 130 2858 235 1638 2356 1123 1618 4920 2254 1313 4374 612 2150 3049 4654 4531 3341 844 704 2257 2494 302 4678 2814 2986 3321 613 3188 1552 645 3570 1225 4481 3679 1470 4257 38 3354 2676 744 2360 2684 4730 2834 1389 4214 2926 796 3398 1645 4219 4726 2717 321 201 55 2509 2818 4281 2644 4785 1463 4600 3861 3427 2336 878 4071 3298 1173 836 1617 1039 1594 1630 1716 2814 4853 1454 3021 245 1508 328 3326 802 3672 2401 2292 3007 924 4023 4317 692 2830 1587 4247 3117 1119 1180 4886 2746 1203 3379 1714 2871 4314 4221 3170 4892 4921 4902 2760 2669 4772 4847 4012 1959 3364 1653 479 3546 2383 3618 360 2897 3437 4231 3881 2464 464 174 4017 278 3690 420 1284 4475 3575 3421 2975 786 3438 42 710 125 1293 2499 334 2303 161 966 609 3247 242 3291 4876 534 1719 2950 3783 2413 4319 841 1472 2384 1179 1595 419 4093 4883 4140 683 1100 2892 813 3866 185 4449 1342 2720 4222 4496 3273 793 4723 2239 101 2497 3032 1475 247 4929 1856
1051 3410 4195 594 3552 294 2172 2858 2106 2507 3922 2253 3903 451 1517 1629 1978 2029 3876 3484 3807 2039 2949 1340 1823 3656 1590 3712 2870 547 2897 1540 970 4792 1936 3378 4124 251 3932 4567 4001 142 4533 2477 4882 441 2056 1282 962 576 1950 3193 3626 953 3614 1882 3019 887 2694 3681 736 2285 1195 240 4141 4204 4007 3934 673 4998 609 1335 1434 2197 4471 1727 3808 1302 3510 3603 4487 1246 4479 4213 201 1570 3939 2119 1789 311 2063 4915 206 1532 3065 4335 4579 785 175 1035 2953 958 4005 480 4248 2099 1542 1093 4448 3594 1113 3365 1664 368 1469 1593 3683 4702 991 1114 691 3447 4456 64 4462 4553 2950 1853 304 3302 2296 401 4538 1972 2050 1514 1808 4930 54 4309 2935 4955 1094 2213 3535 2563 888 2721 4233 2932 4997 3706 743 2653 4381 1848 655 3438 4916 3594 886 4040 4009 3532 2912 4290 2095 4942 966 4070 2070 509 1908 3994 1197 3576 3417 1016 3323 2547 2926 2101 1928 246 235 2163 3155 805 2832 2852 4611 1753 3974 957 4369 4441 1941 1181 1667 1987
3098 2206 1645 3109 2343 1128 4759 235 2507 620 3060 362 3928 2880 2608 3736 761 302 1760 3386 1126 1072 3874 4466 4715 245 2327 682 1393 228 59 3663 3616 1506 972 4600 3903 1678 3761 3902 1436 1096 3969 3754 1810 3303 2305 3324 2640 2646 2009 913 3074 4574 4933 2891 651 1824 2011 3764 1844 2632 903 4037 334 1191 327 2909 2148 1336 1558 3359 880 450 1473 2378 2702 935 3259 1906 3219 1482 1848 1376 1706 598 4397 2769 1317 3687 174 1169 4095 923 2831 682 1134 2404 3143 3256 3384 1849 642 2793 308 3430 3145 3484 2061 1456 2176 2719 417 2805 470 779 701 3067 1062 1289 3845 1201 4634 2854 695 3635 4299 535 3777 3690 809 2304 4626 387 4983 718 3426 3541 525 4278 1698 1103 2353 2271 348 3199 2604 3654 3576 2965 1289 4311 814 4292 4568 3305 3600 2561 134 991 4586 3907 4385 1133 1758 340 1650 222 4091 3777 4193 426 3898 3941 4779 2962 3169 4462 2059 807 2782 431 2482 28 688 1548 1486 4768 3733 1039 655 4745 2102 1200 2029 1721 2897 2284 3524 3788
2442 3721 1801 4443 2725 2513 4173 1638 3922 3060 3711 1994 2721 2172 1884 1950 3371 3349 3741 4628 2730 1005 2488 1870 2631 4332 1511 3174 271 3745 1686 977 1568 491 1207 4338 612 2239 994 219 1710 2705 158 1092 1126 2015 1035 3984 3307 303 2562 3254 1916 3514 2537 3380 3836 3272 3158 834 524 2891 3340 4984 2849 300 1497 2528 3985 148 2463 3347 3415 82 2179 1897 1903 2103 82 1989 501 2576 812 2008 2189 1199 4895 1125 926 1918 4477 3263 22 1587 3953 1059 4780 2146 537 1752 3996 2301 2461 3570 612 698 768 2308 2999 3912 3818 174 827 707 1916 2764 3079 3841 4573 4499 1836 4218 1878 1878 3391 611 3040 2616 3653 2162 1360 931 762 656 498 2335 3327 1238 4776 3704 4957 82 2016 557 4566 297 4100 3134 2772 4554 2183 560 3483 2499 1421 1419 3624 3330 3568 3219 262 3510 2576 4500 4938 2388 1848 477 787 598 2434 1576 935 328 902 432 1428 3447 4055 1621 775 2700 4542 797 1734 4473 3693 2294 4675 2614 164 4199 3127 1022 1840 145 4785 1494 2319 2460
2272 2202 3183 3135 3456 4063 2091 2356 2253 362 1994 3285 1699 2538 4316 2767 3376 329 4120 3789 4541 3467 4139 102 1375 3036 2453 2612 2316 4930 2210 93 4112 384 1831 4414 3285 660 2953 3832 2546 4389 4701 4386 3413 1174 1609 2927 537 1562 4442 2725 1240 105 3755 4684 960 2308 1998 2365 4164 3942 3471 2349 1650 1571 1715 1471 3068 481 150 1050 1474 1751 3641 4684 554 3925 519 809 3958 4267 172 213 726 2483 1271 67 2968 2814 1557 1239 983 2931 3705 4565 3382 4065 3037 4251 1217 4847 4477 1770 4002 1915 251 4586 1834 4882 796 3344 1369 1752 2150 412 15 2854 1281 1086 4105 1053 2466 4548 387 3823 1737 1121 4322 2756 109 1869 1201 3844 1458 3271 4353 4018 2094 2124 3886 4162 1798 2499 857 888 1528 4199 1703 2917 3900 2417 1081 115 3555 1076 361 3494 4373 3036 3378 135 451 4936 2555 4516 4136 1945 2675 3908 4337 3731 4149 4327 2579 4620 1376 2386 3597 1842 255 4438 4764 1729 3524 3430 4892 1521 4607 1486 2692 3255 1231 2963 2550 4435 3284 1057 701 2163
207 3818 1625 1438 1287 4428 303 1123 3903 3928 2721 1699 3262 3532 994 2636 3313 2019 1584 229 1006 1349 4485 4702 4839 1646 1427 554 3993 247 1373 303 310 3539 412 3135 1268 1021 257 4660 4342 4585 2067 2711 4198 1576 2269 3917 1349 1408 1244 4593 1257 405 2594 2709 1016 2460 1875 4660 1181 2995 581 4115 1184 1054 1551 3915 4041 1906 767 3600 3700 4258 3511 839 2913 4781 4506 456 4658 4537 3499 2398 382 1044 119 2862 4720 3265 3828 1067 985 4891 3198 53 3101 2143 723 807 447 2483 3562 4211 3815 2959 3721 1597 2947 132 895 1584 1735 421 3664 204 2003 1451 2992 1768 1900 55 1102 4477 3805 4419 4865 1126 2556 1530 4861 2736 1869 4134 1651 1032 830 279 3482 4112 3202 101 2981 3620 4039 992 2498 4003 3932 2001 3760 1567 1777 3686 3391 2571 3721 4124 228 147 4223 1760 3915 532 3475 798 1786 4717 2270 1989 2659 4731 131 1907 3748 4858 4587 1264 1422 4010 3676 3596 4874 147 4436 36 796 1592 264 4856 3587 745 1112 2550 2525 2561 184 3067 790 687
4245 1138 2565 3853 1735 1068 4681 1618 451 2880 2172 2538 3532 1524 4663 2704 4500 2364 2599 2035 2909 4472 2353 552 2264 3453 3437 1033 4288 3930 1716 3580 2135 2060 3565 1187 1883 2310 4227 1446 3612 312 1815 1523 333 4727 3938 914 1039 3962 3414 861 3726 688 1769 1691 731 2681 4608 163 2576 94 1055 2547 700 3499 4903 2059 3056 3603 621 187 232 2024 4352 3608 4577 4140 3256 2516 3975 4822 3377 4064 2214 1920 1436 2716 4665 3614 3844 3645 4392 4556 1063 2301 586 281 4343 2491 3687 366 176 2100 4936 2550 3559 2269 4108 2701 15 2661 1381 1521 2426 3352 4181 3372 175 4877 2646 4331 2137 1704 2036 1276 795 4796 1368 1163 3062 3920 750 942 3688 1015 4301 39 2796 4720 3078 673 1408 1287 1557 308 1785 3558 3949 1726 832 313 2815 3968 440 1968 4136 2007 2923 4061 2116 4977 1924 3155 413 1876 4073 574 3570 1479 1780 2216 3682 2265 1936 1108 2968 1550 3653 4870 909 4378 4503 3985 726 2642 468 3209 4973 2406 3134 2719 591 1706 843 2373 543 2137 2131 3663
2382 3831 1210 1094 2285 4378 310 4920 1517 2608 1884 4316 994 4663 25 3540 3174 398 4193 1133 1995 4113 82 2826 1550 798 3091 24 4476 4937 633 1256 3965 1752 4371 757 4142 2704 4014 3344 296 4703 876 93 4679 4227 3310 661 3721 3441 2119 4438 1812 911 4556 2342 935 3318 4462 1122 3366 3869 2149 101 3357 4984 1241 2366 4979 3457 675 2627 480 4704 1461 113 4162 177 2138 3651 1661 3484 3409 3654 3435 605 3671 3870 982 2880 3073 4243 2455 478 763 4952 3554 2415 1949 2527 2679 3868 3044 216 4389 3775 4591 2472 2738 3593 1549 486 2706 2862 2996 533 2243 4743 4852 941 2530 4428 2866 957 1355 3216 4369 2762 852 3617 4959 210 4426 3269 4179 1681 514 2737 1119 2125 531 1101 3452 1458 4083 2632 517 3204 3811 2710 506 2824 1989 1075 3895 2604 2733 4877 2400 1003 1465 3969 3165 4407 439 3166 831 3410 947 1532 266 3947 3117 4282 85 2610 4420 130 2020 1201 1261 2229 4103 413 3162 3412 2498 1354 2085 3528 4711 4848 613 458 852 3571 174 2213 1172 4684
925 3196 3278 4022 1220 3572 3049 2254 1629 3736 1950 2767 2636 2704 3540 2200 4137 2022 2240 1276 2738 3825 2893 2934 992 921 4291 2395 3835 3671 1173 4577 710 3784 228 3978 917 4326 4376 42 4605 1212 3913 2481 1859 4527 1227 553 1146 783 2922 1708 1936 332 4915 618 1885 971 1720 4030 4933 4083 927 3883 322 63 1451 4555 4112 3799 4294 1397 4326 4534 2403 4155 3805 1770 2280 459 1510 3370 4800 4850 2684 1272 4643 3862 2412 4459 4955 3546 2950 2024 525 1736 1876 3318 4959 4768 2009 4336 1043 2327 728 1777 3867 4342 4792 3085 3336 577 2064 4203 4939 3270 4722 3242 818 2703 895 2140 3233 4912 788 3828 1779 3077 2279 477 2864 1963 4450 1542 4029 625 1271 3234 2264 4240 3127 3244 405 3348 1052 4430 1920 665 3232 2944 2023 118 4883 1654 3860 4323 2595 483 1351 2101 2713 441 2592 2373 4966 4072 2157 1183 644 3147 2155 2979 4661 2637 2618 85 1237 2941 682 4374 877 4035 2931 3441 2072 3796 1646 1131 1504 4694 3964 3531 1230 4485 1672 2422 659 1577 4451 3614
4005 2523 2257 2633 1704 4448 2042 1313 1978 761 3371 3376 3313 4500 3174 4137 1272 2627 1455 465 2242 4041 490 3216 1599 2542 1036 1514 3506 767 1847 2318 4711 3580 3333 3482 1968 2351 1264 3600 2288 2841 3575 1779 1199 2912 1931 722 4002 322 439 4471 2803 2110 2314 1594 1779 2295 2371 2455 4929 952 2253 92 1142 2769 637 4794 4219 4149 4585 660 2816 3404 834 1565 1764 3704 2201 3256 227 368 3025 225 1187 1134 1275 1505 838 705 1020 3621 1548 3751 4248 431 512 2018 1583 504 640 3691 1600 1923 3654 4897 999 350 2598 4678 4193 1692 1410 2051 751 1270 2384 4479 2072 1701 3361 2833 3411 3324 2864 4025 1090 3497 475 3632 716 906 1435 4036 255 2330 2510 4484 2301 759 408 3966 413 380 4620 404 1011 3210 2532 897 817 75 1752 3460 3437 789 1433 862 2623 1603 422 1453 2827 2284 1628 3337 3539 4601 3045 1033 4987 3638 478 4213 2689 1449 227 3007 654 150 4139 3572 1770 371 1897 2847 2990 4021 911 4851 3602 2108 4435 4585 2505 2969 4591 3114 1217 4909
2496 328 3517 1935 4490 1403 2792 4374 2029 302 3349 329 2019 2364 398 2022 2627 798 4267 2708 636 3377 3636 4349 3357 4552 4255 847 2742 2526 1879 1155 3974 2526 1743 1819 4034 3474 153 440 465 1463 1070 2069 3340 70 4608 3407 1506 108 4997 396 3748 1730 1383 721 1890 3467 3204 4814 3852 2336 3183 93 1021 2990 3585 4681 3903 4362 4219 2195 3020 2593 1987 1202 1652 4206 4795 1651 4390 987 4624 547 1380 3555 303 1019 4923 4142 2452 3343 4987 2809 4125 4564 899 3745 4208 1758 2990 2291 3010 2695 4533 913 3377 4823 3183 3226 3731 3035 4987 2847 1574 519 701 4412 3543 1487 3983 792 1691 1677 856 290 2103 637 1998 1328 1490 4859 3618 4454 3168 2069 2160 168 2518 3596 3805 2410 1020 978 3200 4909 236 4013 2021 123 3715 1901 3061 771 3684 1071 2729 1054 1885 973 485 1642 1428 2316 319 1074 4557 2857 4644 1801 3033 1925 1165 3078 4900 4878 1980 3018 2974 4639 2863 4461 4644 2078 4964 1715 1961 1359 4951 3547 3731 1980 959 2817 3052 2390 1638 294 2926 2551
4799 2073 4911 2552 3942 4480 4892 612 3876 1760 3741 4120 1584 2599 4193 2240 1455 4267 873 2766 1723 2365 4837 1648 794 202 2687 1670 2525 3650 3155 2566 4678 4761 1438 403 2565 2053 2753 4436 2988 569 53 4284 1009 2165 2680 3972 2582 2475 136 2792 480 1356 1445 3806 1823 219 3676 2210 2636 1800 1639 4178 850 4547 3252 2040 1867 4187 446 3476 344 2526 2752 4526 4972 710 3524 47 1414 3238 3868 2191 2496 827 1512 3383 4369 4906 4041 4192 136 3481 2838 4036 2786 147 1742 484 2655 523 1486 1032 1963 4543 97 701 1903 4440 3705 2041 3344 3091 2095 2352 3694 1459 2008 2042 1374 4589 2029 4009 790 57 2934 1861 2004 1642 316 1931 2680 4914 994 3625 385 1823 955 259 277 186 124 3953 713 759 2564 2729 3471 4160 1968 3650 1569 4614 2683 2373 113 4946 4421 3046 2296 4777 1428 3120 1254 1183 4825 3445 1400 4634 2114 744 3427 814 3682 4875 3779 1461 4880 1305 3495 2864 360 306 2447 2268 4998 4897 4769 1363 2118 3395 1144 468 2295 1971 1367 937 4770 2033
399 1383 1084 3265 4193 2179 150 2150 3484 3386 4628 3789 229 2035 1133 1276 465 2708 2766 4734 3814 790 3022 4811 4933 1213 1939 3492 792 144 3863 4518 2116 1885 2564 2126 4893 669 2103 1269 3826 2276 2268 1382 426 4488 2974 821 4560 2415 1871 4814 1212 1609 1998 2576 4051 3215 417 1123 1278 3168 338 2475 2154 929 3873 3388 1890 2386 2192 2834 1433 728 1293 3756 857 1838 974 1919 1248 1716 4389 826 3215 4103 1543 2442 4821 2496 2244 2934 1588 2152 2143 2795 2657 3999 4181 959 860 239 579 217 4389 4317 1641 3566 1639 1074 123 1600 4047 1361 4090 563 4371 2187 2732 2924 1689 993 4099 3160 4528 3527 4056 3151 497 4749 3471 3710 1961 631 1843 4027 3222 3603 3104 4362 730 3549 3917 4750 3067 2458 3198 3445 2826 2783 3470 1407 645 4797 3487 3954 591 514 2359 4093 4447 531 1857 1666 3443 1285 1872 2441 1548 562 4720 4848 168 3415 2774 4126 261 3120 2089 3555 1790 22 3088 482 790 1525 3856 4497 2910 1501 3273 3774 2900 4547 4695 2619 1994 4985 4526 1990
2529 2090 2049 3180 2200 924 2196 3049 3807 1126 2730 4541 1006 2909 1995 2738 2242 636 1723 3814 717 3647 124 2821 4992 3482 3235 2626 3229 1686 4885 692 1058 1254 703 2254 4671 2020 43 297 3670 1008 3460 2342 720 417 2451 1991 4685 4456 4390 3155 1249 545 3819 2873 2967 418 352 4256 605 3781 1657 1616 3650 3379 4210 3729 1608 1358 2937 2741 300 2465 28 1940 3647 1799 1889 4971 1568 4942 683 2757 576 3798 821 4171 4082 3079 1509 1102 4086 4577 851 3585 1142 40 56 821 1013 897 1626 2805 1715 377 1793 4439 2582 3301 4295 2595 3964 4964 358 1294 4893 473 2150 2032 2719 1206 4335 800 3329 1543 2692 750 4975 4707 2070 225 1279 3220 1237 3926 4999 3257 1695 3436 590 2880 2511 649 4733 4497 1548 4449 2413 1108 1204 3563 328 4467 4106 144 647 931 2307 122 3568 2276 3767 3559 4705 3811 89 330 245 89 1764 1024 4184 4799 380 3208 2822 3419 4365 1077 598 800 2524 2743 1030 627 2107 1386 2737 79 4276 4368 1170 1853 1420 2818 4601 2959 4989 4801
670 2962 2235 2733 2016 4654 3290 4654 2039 1072 1005 3467 1349 4472 4113 3825 4041 3377 2365 790 3647 4097 1175 3308 2089 3526 3056 1649 1380 4160 3862 2849 4486 3011 1701 4805 567 3583 628 1364 1590 574 3108 2630 2966 1458 607 4580 1100 3972 2932 286 2449 3590 1379 2961 2836 2702 136 4833 3411 2010 788 751 1434 2496 3191 2349 1740 3619 714 1568 3904 2617 3442 2823 3495 3885 280 3042 1695 1981 3833 1018 1877 2576 3341 3024 2543 1001 968 2516 2720 3610 4958 1257 4753 1566 3666 2378 2781 4933 1627 4898 4046 1603 4103 4924 2337 3164 1016 3285 3127 1010 2272 3989 3016 899 4242 2496 3893 2048 1582 3430 2350 3462 3710 3659 4146 2441 2796 4314 3602 4080 3772 2267 2997 4110 2296 1783 3301 247 20 1306 1370 4501 681 652 4276 3361 104 951 4495 753 3481 1264 4898 2491 3254 1788 3869 3277 2525 2695 1092 3157 4797 4308 2169 3491 2212 2576 2097 3871 3295 2851 3888 4658 4505 1650 2367 4524 3592 1562 4201 3744 1527 4417 2200 1336 2328 1353 4149 878 1128 472 388 829 562 4746
1192 1388 2716 3579 2418 1453 3532 4531 2949 3874 2488 4139 4485 2353 82 2893 490 3636 4837 3022 124 1175 2265 2878 2398 1891 3259 2195 4262 1096 3251 3168 4813 3585 1842 3683 1900 3424 1730 3494 4859 3881 3313 2442 469 1505 4208 4096 38 508 1493 2299 4331 3359 2914 3069 140 2562 4607 805 3031 389 3489 200 1638 2738 1576 4614 1116 2744 869 1565 4057 822 1274 1626 1249 1591 3213 590 3777 486 100 4026 2706 4495 4917 4393 359 3101 217 1421 4949 1517 3436 1200 3072 1751 4344 2320 249 2839 367 2938 4734 2203 4658 125 4231 2302 3844 2200 4843 1407 2698 1408 3991 4497 2489 3715 4039 4559 1629 4196 2148 4978 4063 4977 512 2746 837 3259 2347 2302 1999 1626 1589 4481 4643 1561 505 2826 2179 4930 2269 590 1231 4431 2731 1252 2578 2095 10 4281 2300 2325 3912 3746 660 184 913 3187 2051 3562 2365 2702 676 2750 1043 1273 3929 1388 1234 862 3764 1983 4649 1778 4304 1955 4718 37 1370 4185 272 1171 3389 2600 4719 4850 2149 908 3505 1357 350 2602 1399 1404 844 1481
3094 2980 2154 1321 758 4529 4150 3341 1340 4466 1870 102 4702 552 2826 2934 3216 4349 1648 4811 2821 3308 2878 2591 1313 3122 2831 3019 1709 294 4125 1635 2439 1199 1806 2993 854 3171 1969 4655 4230 4540 4473 532 2243 2686 3213 3262 4335 4254 4348 364 91 882 4962 1176 4374 767 1177 2842 1596 4020 2538 1977 4130 3950 1037 3204 3257 3830 3575 2448 4042 2630 2635 1472 1718 536 4402 43 3687 1380 3536 628 1785 4092 4422 2651 167 2655 3172 1411 886 3190 3483 98 1422 3834 1888 3280 3871 2032 3849 1381 1712 1634 2167 2257 4408 2600 4039 133 1713 1630 2646 1093 1445 2081 3087 3062 4831 156 322 1206 2142 3479 4936 1571 2104 189 1004 3411 623 1559 4949 3811 2034 762 1493 88 4650 3123 504 182 4058 4546 3248 2616 804 4106 702 4518 3525 4863 3712 4563 3347 1803 714 4438 978 2683 3565 320 3511 4152 496 4154 1156 972 2300 1423 4113 3770 81 2406 1787 183 2099 3422 2236 4610 1771 533 1847 1914 2694 2752 1306 1577 1676 3607 4447 3722 3508 4401 1493 1715 1898 3191
4482 473 2544 1922 2351 4312 1215 844 1823 4715 2631 1375 4839 2264 1550 992 1599 3357 794 4933 4992 2089 2398 1313 2599 4753 230 2975 1368 2635 896 2808 4884 4151 407 3291 481 946 2134 3136 2171 4635 3698 740 353 2962 2004 781 2253 251 3781 503 4301 4745 3134 784 4588 2389 1302 3883 2728 2305 706 1107 4851 1455 2408 3759 3996 271 4565 670 712 3159 2840 4251 1607 3198 4543 995 1239 1603 4882 3979 559 4210 3879 3526 1658 2020 4356 3885 1160 4934 3797 1733 2543 1683 4968 4469 2336 138 4105 4355 4048 2405 1667 1056 1433 1397 3279 4651 1226 2089 3416 4415 321 4650 2481 4029 3484 4066 2274 4724 262 4647 477 2997 4885 4376 3480 2726 2220 3592 1867 792 1654 2239 1383 1266 2655 4490 3236 3319 968 3057 2565 1027 370 116 1989 4372 806 2903 1025 2791 840 3981 4274 2600 2532 4102 3972 2027 1344 3341 2612 4230 3586 3000 4122 3155 1221 481 3492 3671 392 4298 1048 2262 1902 3074 2090 2864 4988 648 3306 4843 739 2995 3988 3267 967 420 938 868 2111 64 4908 2813
1489 3873 2543 3648 45 1321 51 704 3656 245 4332 3036 1646 3453 798 921 2542 4552 202 1213 3482 3526 1891 3122 4753 288 4479 1843 468 2381 4310 3698 2426 3846 354 405 3055 84 1900 2245 2038 3754 3880 902 1053 506 3481 479 3118 1434 3898 426 3666 109 1048 2955 1690 3117 2805 2231 1425 4861 1387 2596 773 3348 1229 2501 1089 939 3594 1974 1342 1405 898 4862 4838 1064 2302 1587 1733 108 4712 1659 3187 1956 2026 2290 1882 240 3460 763 3294 210 4804 2221 4897 4089 4024 3114 3870 3264 698 4493 3450 4949 4247 1024 4300 3323 1780 3627 1204 4458 4567 3306 2078 3262 2780 4696 1266 39 763 2119 1049 2762 3222 3354 1093 4739 3492 1193 4560 734 3465 4517 3934 1525 3161 4055 2818 885 3242 4538 4477 3610 2253 4311 63 3553 1133 1428 1801 4807 2690 2482 1536 1445 1866 4253 3686 2532 1496 3824 2597 2661 4653 2849 4648 3178 4933 2173 1788 583 4100 3964 2592 3853 2083 2395 2922 4767 4451 4089 3516 2810 275 371 460 2012 2996 1755 4136 888 587 3107 3230 3062 2909 349
3111 3643 3544 3313 3357 3067 4477 2257 1590 2327 1511 2453 1427 3437 3091 4291 1036 4255 2687 1939 3235 3056 3259 2831 230 4479 3061 2000 4640 1688 870 2297 2613 520 3961 783 3688 3497 3854 612 4618 4020 3295 2417 4203 409 2426 1594 1242 1541 1719 4234 3994 359 3296 4601 2665 2176 1778 4858 4581 3581 401 3456 718 4578 1613 1812 1307 1207 2672 1522 1451 3579 24 2384 4759 305 935 1649 4394 2526 936 569 1367 3628 2068 3875 3119 3166 4020 1896 1796 3010 4457 3397 3641 4614 2736 2238 2863 799 1423 3225 3406 299 3552 1126 307 788 1367 4233 2333 338 570 3624 2562 3724 846 172 251 4627 3627 333 2303 3633 4654 4838 4924 3338 2029 1200 106 365 3386 4783 3834 4460 2006 2515 3601 4340 3780 3760 841 1285 4059 4091 4725 4178 4937 4589 1691 4291 4486 4991 212 1538 4658 2760 1046 3540 2065 1974 945 369 3128 4940 49 1914 2780 4316 2429 2284 2012 1346 4092 3119 158 3113 4072 1080 4478 3401 3525 3232 4328 3213 2922 55 2141 4762 377 4560 1676 4028 4208 2957 1592 3454
1331 2338 3956 1282 857 3686 3252 2494 3712 682 3174 2612 554 1033 24 2395 1514 847 1670 3492 2626 1649 2195 3019 2975 1843 2000 1106 1764 4312 3677 1204 2175 800 2700 1250 2479 4091 4158 1324 96 942 1328 3726 3613 4043 2043 2639 34 702 356 248 4299 1480 4980 3868 1620 304 20 1778 4578 274 2565 1602 2929 3813 3130 3187 652 886 1494 308 1984 1237 797 2769 3733 68 1772 4170 4409 4516 1039 3248 2322 932 3874 670 2132 420 1369 1472 4460 1269 2552 4533 3743 4170 1594 731 4034 3576 728 4220 3828 210 1320 3057 3526 4210 2514 649 3051 313 3506 138 3727 4041 500 2296 2762 4519 1392 3106 2141 514 3141 3551 421 3051 3265 1159 4339 973 4500 4859 2576 4978 2390 4985 4311 699 4715 1832 4235 3718 57 539 1915 2287 1861 877 587 3315 2395 3565 2333 2910 485 3873 3295 390 317 63 1071 2075 1951 3272 4555 3180 4938 3119 2287 64 4061 2613 1822 2599 4536 2973 3668 4950 2719 1379 2923 64 3430 3341 2443 4552 3919 524 3811 3326 1711 1029 1318 431 4100 2916
105 4984 759 1356 2574 3501 3383 302 2870 1393 271 2316 3993 4288 4476 3835 3506 2742 2525 792 3229 1380 4262 1709 1368 468 4640 1764 1414 4689 878 1285 2161 1109 1565 2798 3281 4553 3735 541 2790 1954 2631 1578 4366 4586 374 2079 3417 2687 3626 2223 3155 3938 1218 4333 2445 4369 2697 16 2957 1598 724 35 2372 2070 1659 356 40 813 898 275 1951 700 333 3332 1054 2323 1472 2601 1153 2349 1394 2804 2292 3759 3950 2906 3333 21 3263 4017 2720 1043 3167 3928 1887 2595 3895 1706 4838 2591 3978 2441 2693 2249 763 1313 706 1775 757 3995 4460 4382 3806 3693 4753 1064 3409 4293 4273 2133 316 3452 299 1322 2104 3791 3072 4589 1314 3838 1731 485 1606 1178 3363 4043 4049 382 4960 344 2512 2637 1107 3726 35 3232 4282 2543 2912 416 1888 1106 990 4716 337 301 1762 1148 4794 1010 2105 2826 2333 1057 2557 217 1806 4139 3604 2138 1086 2926 3635 3920 1648 3050 3575 2033 2868 1369 1783 410 2661 4554 925 3251 1634 3508 2810 876 3071 1770 2912 4631 3434 498 2807 3963
4934 1859 640 4847 3178 226 4688 4678 547 228 3745 4930 247 3930 4937 3671 767 2526 3650 144 1686 4160 1096 294 2635 2381 1688 4312 4689 1281 2831 915 1659 2463 2893 4111 1697 1293 424 456 1102 1280 2375 3787 2205 715 2517 1609 2075 4685 3977 4213 1651 883 3525 302 583 972 2001 341 1128 1424 935 467 643 1005 4494 866 627 2106 3783 4081 3235 4433 4478 4708 2909 2625 693 3010 2681 130 2579 367 4924 1063 608 3815 3288 2113 322 971 2863 1284 764 1116 948 426 1119 4467 2801 310 2047 866 449 1344 79 3270 3364 1663 324 1710 4764 1353 4563 3289 1360 4065 1421 1508 4669 246 2203 92 52 2816 254 4859 4818 1124 3053 564 2390 724 1143 1411 2833 1545 4843 3860 1984 2198 2991 782 3669 1336 3649 2669 1453 3733 957 1037 1637 4776 2094 1878 1319 306 3917 1333 4141 1233 50 3014 2109 4051 1440 2655 4904 2872 791 4987 3422 189 4659 3225 1525 3336 1883 2651 4966 3128 2655 4608 4752 1373 2391 2092 3109 1325 3113 371 4527 376 2726 215 319 1248 3530 257
4404 237 445 4778 3128 4376 1660 2814 2897 59 1686 2210 1373 1716 633 1173 1847 1879 3155 3863 4885 3862 3251 4125 896 4310 870 3677 878 2831 4020 4433 3020 2807 4598 4334 4211 893 4309 3884 2064 1765 4641 4102 2124 2276 1122 964 2306 1354 692 2630 1077 3075 3734 421 2110 3326 3534 42 2435 76 3137 3145 1106 3983 1847 2690 4952 4779 743 1171 1439 3769 4976 2458 2820 964 3408 3936 2720 614 4654 3782 3183 2617 4759 3414 1198 3414 3536 4107 2820 2036 4255 3875 1022 3960 2008 178 3430 1482 1666 1692 1735 3288 2482 387 2570 161 3896 3684 4980 104 4054 165 2575 70 4816 30 2212 2703 1563 1760 3570 2512 4911 3499 3988 55 1643 543 3783 1333 205 76 4099 3735 3624 2649 4644 4696 1263 4190 1196 1802 2665 4765 1799 1035 1436 2071 3402 1953 3479 123 2612 2786 4997 1111 415 1493 1373 2412 4632 1666 3539 1397 230 4088 2483 3122 2476 1854 4659 2641 95 2594 3748 4214 2534 303 1704 2683 2857 3645 3334 1550 4136 2743 4057 3094 972 4488 367 3485 4310 2828 2222 3245
1161 1740 2722 482 2651 2681 193 2986 1540 3663 977 93 303 3580 1256 4577 2318 1155 2566 4518 692 2849 3168 1635 2808 3698 2297 1204 1285 915 4433 4866 660 940 1981 1501 1787 1141 383 343 3761 543 715 1877 1944 2425 1273 2613 919 4301 3293 2815 1247 1399 3011 4039 974 2245 2398 2835 2186 4904 1447 2421 4046 3741 648 4829 4259 995 4253 2569 1339 3549 3515 2512 4559 2706 2033 3006 2339 1079 1675 94 3323 988 2120 2672 4260 1705 228 4754 4502 959 2962 4708 3464 735 1113 3443 3568 1072 4566 1280 2008 1005 1135 4580 4793 2991 4239 1634 4056 4958 161 3697 752 2182 3420 1094 1304 4613 955 493 537 1154 4467 374 3299 658 3299 1067 3631 3636 1983 3442 947 3556 15 2919 1581 4480 4853 2713 4063 3933 2242 1637 2927 72 3360 635 2550 1776 2595 3410 377 4788 3394 2782 3210 1996 2935 3490 2858 2173 4681 1907 4159 3677 301 889 2674 1587 3051 3332 1864 2081 3312 1473 3458 1529 1081 4543 3940 4040 1399 1570 3135 2651 3881 1160 744 2499 1620 2697 2923 2473 4208 2109
4150 679 1316 4826 4472 1715 2073 3321 970 3616 1568 4112 310 2135 3965 710 4711 3974 4678 2116 1058 4486 4813 2439 4884 2426 2613 2175 2161 1659 3020 660 1485 2892 2373 3689 1760 3479 1642 2020 1707 1353 3518 201 1967 1350 351 4842 3934 1239 303 3965 4018 3639 4811 2012 4701 1898 610 929 694 3828 1953 2899 1036 383 236 2363 4485 4685 2252 3608 644 397 3743 1283 1574 1123 469 631 2601 311 3877 1337 3547 4736 2848 3982 2738 1803 2933 2938 4810 702 4980 2594 1378 2434 1719 3978 1956 4578 3488 3677 3136 1710 3652 2458 4971 2751 3294 2846 2860 1540 3738 4985 1625 1082 1558 2961 1055 3803 1475 3318 3880 2428 3460 498 4488 3097 3276 2849 2890 1889 337 1204 1799 276 1524 3667 1755 4970 2763 1411 4027 1689 3369 1613 3539 2659 2934 4475 1609 3056 2009 676 3040 1497 1991 4138 1021 1370 4329 3596 3633 4913 4262 939 1677 3724 3049 1006 4465 3862 4462 2695 2479 3638 4089 4790 2120 927 716 4449 451 1828 4639 838 2197 2920 2047 4755 3025 1797 3862 413 3983 3231 3036 4974
2068 1378 2477 2552 3014 213 292 613 4792 1506 491 384 3539 2060 1752 3784 3580 2526 4761 1885 1254 3011 3585 1199 4151 3846 520 800 1109 2463 2807 940 2892 1759 4724 776 1009 1732 1767 617 1723 1202 1929 4184 2217 539 1587 4068 3248 1707 1637 4588 4150 703 4114 2045 1206 1027 60 3244 3214 3861 3659 4405 2142 1636 4516 2158 950 4999 3747 903 1021 3947 4527 4505 4539 999 590 620 4954 239 3211 4631 3519 3657 261 3393 1211 2759 4158 3918 20 2364 969 2937 1286 2070 1586 2236 2083 3625 2425 4541 245 2078 4477 3147 3164 4455 4860 1426 1488 4500 1192 892 3412 1907 4406 3813 1709 898 44 3425 1655 308 1315 621 3731 1976 4943 1588 2093 2910 4634 3894 1937 1511 387 179 1705 3774 1523 4701 828 3299 1137 4541 1217 1679 3147 2827 1977 853 3089 4922 4192 516 309 690 4902 3238 3790 2802 264 2894 4866 2149 3527 4998 3504 635 1468 353 1341 3586 1988 1107 2450 121 2427 4924 1532 3458 2206 1283 3437 2397 3463 1900 699 3150 1354 1946 48 845 4463 2083 2508 4545
2031 4222 2122 1893 2547 4822 1019 3188 1936 972 1207 1831 412 3565 4371 228 3333 1743 1438 2564 703 1701 1842 1806 407 354 3961 2700 1565 2893 4598 1981 2373 4724 4802 2552 597 1839 285 174 2172 925 3859 2227 2380 1266 354 1432 1184 3505 3109 2316 4793 4494 4185 3051 3531 34 1368 1338 64 632 1298 3004 2903 3844 3966 3705 3326 825 736 3787 2819 2874 1310 344 4719 3710 690 4461 2080 3699 2055 55 983 1565 2295 2431 287 1496 3266 4553 108 2255 1250 4171 1010 1188 974 1424 2193 3269 3446 205 4262 3184 2062 4699 2559 54 2845 2990 415 1054 2373 1573 3622 4011 1832 3108 1584 2636 360 4550 274 3228 2157 1623 4274 566 4498 1161 743 2686 2434 4411 384 4455 498 3985 692 60 1254 265 3695 3589 1556 364 3514 4782 55 958 247 2606 439 3036 970 1713 2207 183 4825 4213 706 4799 1026 2273 2312 689 1398 2253 2516 4000 1231 1198 3667 4499 1902 3128 4084 1762 715 1704 864 4830 2107 2292 4574 3840 1279 438 1060 2172 4506 1779 1640 3592 1111 4973 3742 1427
2236 584 1929 2732 3875 3506 1847 1552 3378 4600 4338 4414 3135 1187 757 3978 3482 1819 403 2126 2254 4805 3683 2993 3291 405 783 1250 2798 4111 4334 1501 3689 776 2552 53 1899 3627 855 4461 3152 502 3725 427 2449 3528 2804 2716 4221 3025 99 2336 4485 1568 1940 2919 4781 4482 3407 2653 434 1038 992 4617 2842 1179 3058 1163 609 1925 565 4463 3421 1468 4217 2578 1579 1277 1434 2693 2186 1192 1877 4713 4285 3782 390 4318 4789 3169 3567 891 1134 3161 2047 349 3244 2185 380 2565 176 483 3185 4823 1990 3514 678 1463 3600 1637 3952 1219 1516 1204 3820 331 2610 1397 100 2024 1989 2140 1972 2592 3439 3106 3034 3066 3397 3056 4283 3434 2223 464 2983 3121 3746 4007 897 4295 629 705 4371 24 3068 138 3451 3282 364 1250 2147 3443 1892 2052 3835 257 4241 2610 2169 3232 1936 2030 326 4082 676 3506 3762 619 4305 3680 838 3687 2122 4653 646 3840 2112 4591 998 3985 3685 3881 4333 4025 3468 1324 819 2672 896 4135 3600 1554 1370 4638 4600 996 3766 3689 2863 2145
1680 4731 1458 495 4725 3120 3788 645 4124 3903 612 3285 1268 1883 4142 917 1968 4034 2565 4893 4671 567 1900 854 481 3055 3688 2479 3281 1697 4211 1787 1760 1009 597 1899 2075 3451 3647 2981 4548 425 4497 1828 2224 3446 841 4131 1100 59 3482 1864 4202 4893 434 3648 2985 1111 4591 2743 3738 128 1992 279 2788 4885 1490 3808 734 4783 881 2849 469 4919 504 3566 101 3299 844 2432 1619 522 2130 4334 582 3602 1528 2978 2206 3705 3236 1769 4193 4855 1969 2331 4696 2256 311 1245 68 4636 1753 940 1605 3520 365 2581 3102 647 974 676 4068 2121 1036 2786 2720 1487 1349 1160 907 4710 3880 3044 1569 2255 3834 3978 1009 3509 2232 328 3113 4603 2316 2025 666 1699 2663 1661 970 1184 1685 390 1306 4484 59 2035 4151 1786 533 4173 1688 4878 412 3754 4037 2401 3366 3459 1074 2962 2284 274 65 2775 3987 320 727 2791 4684 1242 4315 2785 1265 2912 2536 3103 2014 4690 3861 2250 1953 3308 4187 506 4953 1648 2667 4236 4459 1324 1376 4398 1933 1623 1722 198 2701 1593
1678 1342 2080 4933 4012 2202 3730 3570 251 1678 2239 660 1021 2310 2704 4326 2351 3474 2053 669 2020 3583 3424 3171 946 84 3497 4091 4553 1293 893 1141 3479 1732 1839 3627 3451 1950 2343 2723 3181 3623 4905 339 4898 3097 3344 1480 3836 4215 4282 2566 382 924 2501 3213 195 3752 4335 261 258 549 1459 3713 3277 3250 4629 2676 3724 1846 1256 3132 4618 3320 4661 1073 1780 694 1322 3649 960 535 2711 1601 210 2557 4744 1884 542 3636 3418 502 51 4122 1499 4385 1151 4859 2404 1090 320 3469 1895 4416 2684 3625 848 2626 1855 1317 4616 1288 3003 3344 3294 1668 2703 2242 1984 2405 2891 3311 2799 406 3766 1461 3017 2819 797 33 4061 4066 904 867 4693 1300 4416 1017 2930 2187 1891 3126 3526 1020 2864 424 1253 2038 896 4004 3448 1228 1148 4733 2637 744 139 635 4769 4211 4314 3388 2596 815 898 1266 4949 1930 1110 3043 10 1366 15 2294 2864 1051 4411 593 2126 3301 2735 3148 3782 991 2045 4524 2453 1063 4485 566 4445 4764 1053 1190 146 4440 4127 768 228 1880
2218 1908 1741 1489 421 2148 700 1225 3932 3761 994 2953 257 4227 4014 4376 1264 153 2753 2103 43 628 1730 1969 2134 1900 3854 4158 3735 424 4309 383 1642 1767 285 855 3647 2343 1771 2763 4749 759 3626 695 1061 3007 4761 1061 975 438 2244 1275 2383 3850 3534 452 1485 3860 3807 4669 777 4332 17 3063 44 4310 3203 3109 1920 2400 4047 4730 1928 3920 1553 4491 1186 3941 1334 2886 4972 3960 2427 1605 896 1436 4593 1543 577 97 1929 822 2167 4180 1358 2628 2626 4819 4419 4737 3700 1198 4015 4309 1288 849 4953 3465 3814 4832 4380 202 262 3637 3715 2463 1169 2468 4763 3164 3286 357 4377 1784 1414 3795 3925 2263 4794 2233 4567 3140 3640 4296 2989 2757 4440 4922 186 2977 2446 2871 1430 1692 4751 4426 1550 485 1004 2860 2655 1233 3425 3362 2537 1170 1249 1757 3532 661 2065 2975 3055 2698 4397 2670 462 2875 1211 2832 3386 2448 4567 150 682 3516 1625 1933 1541 1186 2517 2652 4041 4453 1159 1730 3111 521 473 4538 946 4371 2643 3665 1560 4716 4708 3396 3202 540
3664 1270 458 25 3395 2941 4566 4481 4567 3902 219 3832 4660 1446 3344 42 3600 440 4436 1269 297 1364 3494 4655 3136 2245 612 1324 541 456 3884 343 2020 617 174 4461 2981 2723 2763 3538 73 731 3381 2841 4754 2503 1750 2588 2335 87 4365 4802 2772 208 3409 4229 1123 2355 1239 1804 3411 1507 3243 2606 4324 1466 796 3386 3319 4985 3467 3999 1365 691 2149 1083 3663 3563 2392 4934 1078 1013 906 3505 2069 1325 1269 2468 3678 4844 2376 3443 2161 904 2956 56 572 1822 4314 2929 3527 194 3365 2945 63 3018 2360 4216 4084 3287 4059 3362 4958 3320 139 3111 1531 3013 1000 917 509 3333 4991 3653 4826 1671 1647 3278 833 1376 2195 1003 4969 3054 4788 263 138 1756 3092 4092 525 3022 425 921 3919 2204 2160 3581 3989 3548 2565 2492 3200 3523 2061 2138 2461 372 266 3382 4181 1417 4077 1834 2127 621 1797 4131 242 3401 4831 3697 3448 3200 1987 1748 1026 4723 1048 4119 2349 4834 1426 321 4788 1337 4473 676 3264 245 1014 778 2057 3986 2014 994 1810 3686 1283 202
