N: 200
M: 80
Symmetric: true
Triangle: false
3 58 34 4
2 161 90
2 14 20
3 136 110 65
2 167 143
3 174 105 117
3 177 152 42
2 127 150
3 49 59 170
1 62
4 107 94 19 89
3 33 113 56
2 37 88
4 35 125 85 32
3 139 22 84
2 83 178
4 101 112 137 106
2 173 18
1 57
2 97 162
1 71
3 138 197 66
1 27
1 100
1 44
4 111 157 168 93
2 87 10
3 17 124 46
4 186 149 189 116
5 176 29 74 28 179
2 140 3
4 30 185 91 95
2 72 200
1 154
2 147 172
4 67 181 166 144
1 47
1 180
2 109 165
3 158 7 159
3 118 108 69
2 64 131
5 193 61 163 123 183
2 60 16
4 196 70 39 45
3 151 12 128
3 156 43 188
3 153 98 175
2 78 1
3 79 160 2
1 115
2 164 41
2 8 51
2 141 99
1 190
2 146 182
2 135 38
4 50 15 54 102
2 31 119
3 129 55 24
1 86
2 5 11
1 194
5 132 26 73 76 122
3 130 142 75
2 77 104
2 96 199
2 63 133
4 155 82 126 114
4 6 169 23 68
3 53 81 21
3 187 120 198
3 145 134 121
2 52 192
3 13 9 36
3 48 103 40
1 148
2 25 171
3 80 92 195
2 184 191
3591 3284 1340 931 4074 1699 1058 3170 827 863 485 4164 2622 1712 4228 4520 2078 819 4325 1993 1482 3829 656 4331 4270 1817 4185 4074 3501 2661 1103 848 2485 1246 4156 3113 4724 2962 1988 2873 579 1323 2307 1101 2900 3459 4062 2274 1674 4073 2083 1888 1518 915 462 1167 2836 4172 3991 3542 4950 4066 2839 1911 3494 4033 970 1685 4798 20 770 1396 4226 2731 119 2214 1029 1605 4115 3099 4859 83 4492 4196 927 4762 1985 1134 2129 4696 1932 1361 4453 4925 3292 3414 1313 243 1247 2773 3154 4112 303 3835 4269 3039 4738 2542 3373 1717 2036 1031 4481 1625 556 3696 3203 3960 2902 3616 3024 1667 1850 4908 203 2125 148 4945 2206 1140 162 3041 4152 4402 4878 1617 2277 1937 3947 4568 4732 1316 4761 2739 164 2588 2288 3979 132 4922 1928 1456 2279 1691 4333 3568 1456 3565 4422 1169 1854 4415 3892 1835 507 2935 3194 2888 2296 2178 725 4523 3511 4872 3577 2655 4124 1936 782 1826 3218 4616 3677 145 3245 202 719 3324 1212 493 2159 4184 4669 2176 4781 3106 4618 4013 1759 4080
3284 2932 1566 4250 444 1985 2998 186 511 2950 11 2129 2643 693 2501 4564 2448 2036 1632 4852 350 3595 3955 4666 3854 1387 3143 1249 3283 4343 4877 1293 1015 2022 1449 947 79 4877 374 4783 4130 3630 991 1776 2474 275 994 1931 2826 4244 3821 1729 538 4932 492 3074 1300 2565 4324 906 3561 2593 4098 870 3194 4145 1734 351 702 4979 1092 4432 621 2614 2520 2998 1023 3985 2851 2371 3755 1203 264 861 3776 3421 329 4521 2319 327 2759 3563 2470 150 1948 889 3689 2038 215 2050 4956 4616 1069 3999 1346 1617 2986 1379 4113 259 4350 4709 4782 437 3127 2375 912 271 99 2590 3750 3882 1476 3163 1001 93 351 4616 1460 556 2763 2628 1682 2138 1890 2619 1564 586 153 1571 2729 2909 3631 4625 781 4500 3405 227 1855 3087 3556 2808 1142 1927 1382 2519 1684 2432 4478 1188 110 1330 3027 2158 2639 4109 215 2319 1096 4191 75 3201 4043 1316 996 4320 3892 1386 4440 3509 469 2595 2844 2543 591 2732 4835 2832 4756 3952 3983 1895 845 3312 285 1272 3471 690 195 4173
1340 1566 1930 4692 2386 70 2599 2608 3054 2368 2638 968 2070 2688 3872 2612 4932 602 4440 3025 311 2101 2992 3527 1741 1863 3657 1524 1091 2824 2076 765 3515 59 585 3000 713 1482 2392 1692 1093 2550 2437 595 50 3956 4152 4165 3567 1062 1729 4430 3298 2467 2422 525 2518 2528 900 3031 2838 4869 3456 901 2747 419 4258 4481 766 2245 2888 115 966 2864 2270 1695 1799 1431 2338 3812 2074 1933 185 2427 1663 4604 1603 2400 355 3650 3893 1605 3224 1737 1278 4221 4929 3266 1371 193 3520 1798 492 1687 3363 1131 807 2350 1622 3934 3617 4975 77 1847 3600 391 1717 3857 1381 1000 3092 4180 2874 2179 1905 764 1408 1013 3664 3722 1442 3739 2665 1630 314 4424 4503 1927 2939 3094 2213 1604 44 4709 2570 719 2195 1490 4145 1488 747 2246 3741 446 4953 2462 20 4448 2575 4182 4004 3650 4461 2239 1449 4134 927 4357 57 2705 1077 2547 3230 2633 440 231 893 3923 2085 1178 2983 2238 1233 446 492 4864 4958 4271 4656 2600 2678 626 675 2226 252 4246 159 1398 2985 3108
931 4250 4692 1433 3780 160 1727 1291 1552 3426 4072 4042 3076 264 2808 1909 208 1568 1261 4771 2130 1513 1336 4583 2417 3872 174 3128 863 4157 1618 4732 3962 1086 1272 313 2956 3797 847 473 4352 3809 654 1934 4807 3243 406 4482 2757 979 597 2139 1375 1331 3828 1849 3950 3050 4801 213 915 2177 4741 4027 3537 1859 4159 4395 1114 3874 3919 4509 1433 582 931 595 694 1699 1357 4211 1769 4459 4874 538 976 24 965 3998 4453 2488 2512 4986 1077 3409 4592 1863 1132 3612 2335 2820 3535 2715 2811 3624 2726 3233 3341 4568 4902 1417 680 3472 3043 3573 2244 2884 1122 4114 1154 3039 2364 4218 2682 3019 1248 3460 878 4098 985 1856 2541 2217 3479 3884 557 2897 2040 2978 3519 3149 1749 4167 903 3544 3815 1703 3139 3554 4071 2831 2461 619 4532 114 4890 3296 1076 4884 3676 464 4356 1607 1885 707 4105 1216 749 556 1236 3470 2999 509 4303 4146 1534 4177 3600 2470 208 1994 3896 3833 2991 3258 4429 911 1568 930 1652 1427 1404 4456 1378 3940 639 315 1914 3320 3203 2208
4074 444 2386 3780 3079 1054 4939 1922 3355 1710 252 2408 4819 418 263 752 2747 2913 4144 3799 754 2801 1383 1420 2553 4765 133 2177 3294 1307 4690 3542 2998 4466 395 2421 3017 1271 4315 2506 1929 3346 1763 3462 3921 2081 1752 4176 4387 453 3387 4770 1464 3237 957 2925 4810 2174 3050 3230 1647 1373 907 4434 1223 4967 1054 1570 3805 38 2262 2344 3229 4272 2625 3960 3414 4216 4787 619 786 4439 4091 4012 2998 3621 4862 774 1116 3563 2140 1032 2151 2225 2413 3105 2864 2318 2488 2033 1968 3281 3611 3903 890 160 489 4184 4410 2197 4176 2322 2041 4548 16 4551 4156 1396 517 1832 1422 4959 902 2176 1678 4371 3861 3059 4714 1310 3312 2993 728 816 3152 4416 2629 4067 1506 3596 2563 881 4948 930 1525 770 3486 3576 1389 1003 4957 2173 3901 1219 1571 3560 4116 1771 4219 4709 4287 4300 2260 3073 1019 2797 54 1402 3308 739 4342 1675 4384 1415 31 1842 4430 506 1212 526 1807 4601 256 3206 4748 722 3643 2677 2544 1626 4185 1294 1900 1150 2368 440 2223 505 3952 1799
1699 1985 70 160 1054 4454 3667 2444 2273 656 2562 2263 4830 3307 4763 2828 1426 606 2528 508 3761 3883 852 952 3801 4661 3040 3424 4192 4266 305 3673 109 1075 3010 4207 3592 3385 1637 2707 119 3546 1108 849 81 3633 3500 1711 1979 3195 1706 269 2099 3315 2807 2581 2402 2665 4447 1928 281 3746 3131 3523 2282 4853 3670 1718 2825 2458 87 2147 3595 206 2180 1729 2092 4180 4290 1279 672 3112 1055 3727 2631 2351 2696 464 1305 1628 3536 1850 1017 305 3006 2084 97 781 995 4396 2401 2008 1143 3820 2877 3496 4105 3839 175 1506 905 586 3585 3551 1175 2948 2405 2443 3526 496 880 1156 3905 1894 1015 4563 431 2493 2619 646 3831 3740 1958 1449 2076 1987 541 4966 4855 1471 3575 2524 327 4854 1752 3283 793 2229 4207 774 3302 837 1574 4680 1544 916 4222 2745 1216 679 2568 3335 443 1653 4376 2615 2310 3437 4475 4118 2913 4941 3834 393 741 4415 1813 2375 1215 2506 3100 3646 3996 525 3312 2998 3710 2798 484 558 3912 1930 2092 4220 681 1520 1489 1199 1391 4316
1058 2998 2599 1727 4939 3667 14 3393 1767 3086 1279 2198 2290 3120 3107 4248 1556 4922 2024 2841 1751 3674 932 3864 1857 3522 1013 2531 1775 4970 1842 308 4411 2014 1385 1286 3632 1598 2764 4477 2838 2889 3649 506 436 1895 2289 4331 238 1776 4171 2278 980 2177 2295 2915 4391 3806 974 299 3816 4095 2007 3646 394 2929 4497 1594 4465 2316 4164 2294 1279 4489 4417 2355 473 3950 146 1328 589 4799 1278 2169 2281 2711 705 3236 1862 4627 3537 2163 4648 4769 3264 1371 332 911 548 839 197 3926 3736 3387 2538 628 4820 3939 1100 4129 4158 1736 1576 564 1050 2555 3411 4639 4872 3072 4465 2906 2561 2929 1892 666 758 4329 3401 3739 3476 222 2874 3108 4600 4200 4081 3921 3986 4009 2281 1754 4810 1934 4450 2176 1679 2864 40 2009 2091 3503 155 4459 2960 3552 3739 2036 2629 2734 3750 1181 2479 58 4991 3714 2019 1610 1842 3871 264 1232 4415 1504 521 1667 3041 2033 2452 453 1556 2289 1723 2005 2967 941 3470 4435 2991 1019 1439 2867 463 3185 115 2057 607 4934 1037 75
3170 186 2608 1291 1922 2444 3393 332 26 1768 600 522 3297 4628 232 498 3566 3766 466 1359 1433 858 4279 3148 4579 3748 704 4363 2315 1795 2353 3722 4892 4418 930 3965 1778 347 4188 1895 3217 1765 3854 1921 1166 2187 4645 2607 4395 336 3576 2412 3701 2907 4651 770 4341 4138 3411 3248 477 2688 2434 4896 106 307 1595 2844 1600 4571 814 405 151 2931 4127 1364 202 4251 2197 1049 1598 1258 3742 2783 3349 1354 2512 2709 2256 2295 3130 1604 2245 4107 3136 2449 4513 2276 1963 2131 1217 267 2921 2987 2234 3180 2605 3157 1144 292 3115 704 2696 4473 4684 954 3299 2692 4224 4018 3097 1159 3166 1938 2966 4814 4717 3593 582 307 2637 2446 629 2344 4999 2699 4241 3621 2179 60 2054 640 2615 768 3079 3969 1065 3944 2076 3159 756 2011 3802 2825 167 4971 2208 1814 4779 4833 967 903 2544 1739 3244 2434 3679 1210 1782 1837 439 1478 1940 4349 3383 873 3874 854 3775 2292 3381 674 3806 1989 727 638 722 619 541 341 1351 773 3568 1432 3254 1939 598 3747 1574 3267
827 511 3054 1552 3355 2273 1767 26 4219 822 3850 884 1187 3317 4809 541 2192 818 4874 1905 2697 734 3997 1662 1884 2629 1400 1716 1557 1164 1835 4360 2142 998 4240 2570 3571 4649 4730 2521 3468 311 3910 1519 2619 2504 107 3073 1784 3984 3582 4449 1480 2056 4192 242 3257 2350 2650 4845 3072 2237 1449 2074 878 4441 997 3767 1865 69 1887 2959 717 3541 542 378 2410 1332 4683 1582 2186 3050 1665 2813 3749 1249 2655 324 272 2418 1435 3582 3946 1456 1565 2181 3036 3489 2700 4706 3496 4911 2656 430 1511 1677 2544 166 3582 4445 4196 220 3427 3894 1289 2690 3247 2349 4061 3189 4403 4449 1492 1965 4772 4380 4218 4072 4943 4883 4195 3123 2834 4591 3182 3728 1267 654 235 1086 1628 3009 2098 610 1841 738 784 2865 4691 914 3895 1122 1096 2399 833 3140 1832 3170 2680 1655 1818 3402 1091 264 1696 168 2511 4690 3373 1797 703 2567 2240 2656 1040 1952 4470 475 2568 3595 2860 522 2906 2560 1880 1734 4507 3143 2225 1976 2831 1552 1571 1851 3148 4369 3777 2896 3930 3393
863 2950 2368 3426 1710 656 3086 1768 822 3372 3091 3084 779 509 1372 2150 503 2167 2469 4243 513 109 2711 3407 2638 2017 4496 3620 3482 4901 976 1314 2723 4008 3588 815 4922 4415 4135 1409 4005 2901 2505 2483 3147 4144 2347 3952 2824 1628 1023 1422 3407 4958 1486 4088 3660 2317 1389 422 2517 3592 2656 1007 1595 1392 4846 425 654 181 4581 1025 539 3997 2381 4407 4807 3695 4955 3396 1788 3133 4995 1728 4420 1279 2597 1376 3262 98 2881 2748 1795 182 1977 3029 245 1362 3041 1242 4439 4365 1197 3333 2915 2287 3901 29 4373 2995 3641 1025 4315 965 3258 3496 3778 1827 1775 4672 2591 2748 2853 2419 1074 532 1212 3908 3094 3665 3217 1993 1920 163 188 3529 4960 4160 4858 336 2036 2796 2246 1809 3956 1382 2887 3625 3274 2200 3513 3186 4248 3048 1161 4858 2528 1546 2141 3258 3639 963 4810 1586 4375 97 3823 1513 914 2638 3256 109 3179 4775 1742 223 1435 1815 90 3102 4037 1540 4724 2968 4320 3888 3890 1972 4917 2059 1378 2681 1586 4994 4095 3637 4210 4892 1081 4273
485 11 2638 4072 252 2562 1279 600 3850 3091 1862 4450 3686 3480 3556 3185 171 2873 3363 4725 4842 2887 4792 4722 1183 2371 4523 4579 4946 4910 4444 4327 3249 1409 3409 4865 2187 4682 1999 1957 3166 2270 3362 1618 3135 3088 1741 1493 3049 1385 4228 4039 194 3374 4066 65 2486 2598 2593 4130 2894 3249 1739 283 4583 1186 1306 1167 194 3904 600 3139 2392 4532 3376 361 4533 1347 3880 455 1796 3602 4583 287 471 3168 2794 993 84 609 2022 484 403 752 4636 2976 4972 3088 4697 2163 2743 4548 3938 346 56 1895 1113 3570 2527 1242 3391 1634 750 1608 4075 3916 3301 4801 630 1353 4739 3613 563 1599 2674 82 1918 3084 3213 504 2063 4178 3869 4248 2737 1131 2519 2571 988 2078 474 941 3455 1958 385 4922 846 3447 384 4286 2179 4964 2512 1087 3827 3980 4839 1871 76 2907 1294 779 1918 3125 2835 3484 1673 646 4506 2682 4403 1810 4678 4152 484 4157 1119 2632 3889 3874 4084 310 2615 1773 3663 1046 3390 1917 3195 4233 4961 2287 260 4908 1354 1985 3765 3128 1734 936
4164 2129 968 4042 2408 2263 2198 522 884 3084 4450 4443 385 4040 4561 3897 1131 3254 1535 2252 2861 4257 4237 3440 2106 3855 4669 1946 813 4544 941 438 2416 2568 1182 3288 379 1748 4963 1396 4717 197 944 4418 3177 4747 2789 3981 3482 251 298 1278 3337 1496 2373 3245 269 2055 423 3499 2535 1327 1183 3342 2115 3987 4355 2811 3037 1006 3127 3563 1548 3297 2089 1564 1131 4646 3726 4927 1912 3343 4380 1349 3702 1447 3101 3605 1896 310 3959 3175 1952 4953 2845 816 1229 1306 2944 3548 3035 3404 1550 2711 1133 4868 2767 4664 1905 4916 4788 538 440 4347 1635 2922 4792 4027 3861 1379 443 282 2572 217 4850 4036 1543 3095 318 4799 3530 2074 457 1695 4742 4792 702 4164 1604 2486 3402 2584 3765 1839 3497 1176 1061 1817 3455 1011 1620 2719 4585 674 2461 328 640 1174 1405 729 54 417 3632 2094 2838 1342 4312 121 4813 2682 4509 2865 1513 3237 1348 232 1083 4708 1714 1488 2126 3714 161 4381 3559 2145 4243 2156 2227 4861 3457 4177 1689 1533 4717 1782 4592 3279 2753 706
2622 2643 2070 3076 4819 4830 2290 3297 1187 779 3686 385 4616 1934 4608 3791 321 2610 4832 3924 1566 161 275 1272 3977 4167 18 3669 4801 4984 4244 1071 3886 2801 3215 2367 2421 3895 1698 3013 2427 75 1841 4821 1039 2933 1088 4602 1512 4836 3453 63 920 4861 4699 4725 2018 3917 4200 417 2547 4186 3061 4134 2417 1475 2690 1582 174 4822 860 4522 3061 2560 3228 1126 2813 3934 3218 4556 1505 3227 4868 1462 810 3344 3494 4572 4474 1212 4151 4061 2998 4475 2323 3408 4271 1056 3079 226 1026 2488 1852 3591 1442 4349 4346 1179 4264 1385 1306 4163 828 2941 1082 1158 281 4108 2651 321 3293 1540 3721 600 1592 1746 208 998 3270 3309 2157 2554 4005 3080 2866 2363 767 3401 2384 3292 684 1228 3879 1815 72 486 2307 3162 2633 277 2778 4319 2079 2043 3327 1097 3490 3199 3724 2846 1776 3270 2456 1966 1183 395 266 4567 3426 3634 4643 893 595 3105 2873 1229 4084 278 2700 3734 3480 887 2995 3340 2966 1686 4905 1200 2684 3709 413 1227 868 4773 583 965 3437 3134 1360 1352
1712 693 2688 264 418 3307 3120 4628 3317 509 3480 4040 1934 3044 431 3796 4535 599 1846 2297 745 3762 1973 1756 4011 1188 3892 2506 1045 3087 2530 1612 3639 2422 3127 4725 932 2877 2765 2514 2196 1252 423 4759 2805 2263 2389 305 1449 1323 2062 3652 2062 1560 2027 2511 2638 583 3915 3104 2000 3783 155 461 3130 896 2018 3877 4419 3728 936 225 3994 2631 240 3271 2789 3334 218 180 4095 1863 4191 4116 4619 3092 1827 4240 4085 376 1014 3891 1171 43 3848 4380 3099 4053 2211 3518 3534 1886 4880 3288 1435 877 1943 1660 1294 2179 1912 4249 4396 1449 3959 2932 4830 1700 2054 2803 3119 4521 968 3793 4126 3582 4475 2297 4241 2046 1778 621 2740 1939 4450 4498 355 2943 2811 4289 1954 1880 31 89 894 4422 3226 4745 2798 3206 2365 2830 2101 65 821 4599 274 1425 1538 4137 2688 97 1692 83 3102 1584 4300 3512 4738 3627 3775 2979 3281 467 2627 662 3517 1913 3092 3377 4456 2264 3238 37 1428 1369 1714 384 1643 2726 1281 154 675 4915 4693 666 3899 2150 2132 515
4228 2501 3872 2808 263 4763 3107 232 4809 1372 3556 4561 4608 431 263 864 1709 4631 2435 2779 841 1937 2992 195 398 506 164 23 3231 4727 111 1050 528 1242 3603 893 3834 184 1510 3213 659 4521 2671 817 904 4230 749 4583 4350 1154 4565 239 2978 4231 3885 1362 4634 2908 2261 1494 1924 1236 1802 618 1053 4243 1747 1892 1452 4593 4267 4078 4260 2845 2670 846 234 1157 4236 4873 284 3537 1811 2211 2069 4166 4360 2007 1204 2747 4913 4012 662 4766 139 4570 4123 1300 3924 1094 2843 113 4475 3065 4603 2704 4256 3598 1107 4026 581 1902 653 4013 4034 867 3619 2606 4927 4463 4579 1813 3153 2443 96 2066 1606 739 2618 3646 933 2681 1043 3003 2552 4881 56 4964 2302 2450 4610 3509 4476 1949 488 2058 3706 1244 4833 2176 4546 2449 3453 1205 331 4326 4849 4324 3556 1290 4452 1852 3914 3292 2006 2393 3544 3737 3461 942 756 311 99 2807 4744 4511 4839 1833 3861 4229 1654 145 2586 154 4655 4707 1109 3573 2579 932 3894 794 4974 904 1035 11 1661 1165 865 4269
4520 4564 2612 1909 752 2828 4248 498 541 2150 3185 3897 3791 3796 864 3005 2487 3036 3209 370 1226 2557 21 3948 1012 2311 2671 3346 3509 3805 2012 4679 1664 2812 3156 3730 3722 2987 4837 359 3201 4573 3557 1927 2794 2481 3817 4507 674 4583 4717 4262 4630 87 4159 1028 2531 1479 3376 883 346 4683 4738 673 610 3338 369 4753 1532 1402 1301 4113 4615 2826 3019 1498 635 1296 3839 1704 4920 4465 911 3846 2278 4602 2008 2223 3039 250 1872 3074 860 238 179 4942 3138 1308 3605 2449 3950 4591 209 2509 699 1760 3210 4652 3190 2807 1884 3274 1733 2520 3476 1114 24 3276 3590 865 1002 217 1332 4135 2772 367 975 429 934 4255 1397 665 1358 3757 915 1258 2640 2988 3774 1025 3591 2539 232 2215 1245 1141 389 964 321 486 3222 3243 3234 2073 3278 1989 1603 4145 4291 3822 3946 3394 796 2333 1908 4853 866 4546 4757 2425 4888 2339 79 474 236 2002 4402 4345 1062 682 4017 2212 916 1671 955 3822 1118 820 2683 1882 172 2266 4814 2920 4324 389 2820 1998 2294 3947
2078 2448 4932 208 2747 1426 1556 3566 2192 503 171 1131 321 4535 1709 2487 1408 2831 1388 2261 2825 4191 473 2328 2453 1281 4316 1366 3880 717 335 2724 4594 468 1919 1275 1529 1685 3766 492 3586 3277 4432 1701 92 4039 343 2308 1336 4634 308 591 3673 3736 277 926 1615 886 1281 2571 229 455 4630 4969 1423 2688 1387 985 3960 1807 2758 191 1578 3998 791 3021 3400 3131 1663 1514 4298 3520 3612 1832 90 3833 2695 1862 2110 682 4309 745 505 1144 4259 1425 4256 2834 2724 1900 3444 97 4347 3481 914 4816 2050 1098 2936 3178 2360 1398 2290 204 1478 1851 3943 764 3290 3370 4884 1663 2487 2295 189 2478 340 2885 2649 3413 2655 839 3991 2038 348 4414 2310 1349 1041 430 296 514 275 332 3211 3610 133 4145 2021 4126 1139 2958 1531 669 95 2979 1669 3458 4971 415 2839 1515 1685 3423 1086 4713 3658 850 1590 2919 4207 577 4398 3649 2909 2570 3464 2202 4731 4583 299 2704 1786 3976 4720 4558 261 267 2244 106 1392 2007 1284 2288 4821 2178 4073 1348 2893 4677
819 2036 602 1568 2913 606 4922 3766 818 2167 2873 3254 2610 599 4631 3036 2831 3597 2243 4308 3138 3429 4776 3193 3556 1164 1116 4210 2987 1843 3967 64 245 921 639 1686 2343 1195 3882 3194 3531 10 560 3144 2588 1245 1932 2309 309 1173 2423 889 399 2719 437 1839 134 4490 266 568 588 2735 2434 2921 2927 1158 3639 2995 263 1449 3547 557 4576 4645 301 983 3605 344 401 2447 4975 1793 162 717 4097 4349 2268 4081 3117 3854 1080 1784 2692 644 2027 4292 1658 1569 2852 292 3188 4918 449 1758 4763 823 2549 4571 2894 2454 3165 1386 2824 2486 4148 1520 3037 516 2957 2383 3893 4084 1992 2790 3797 3761 3809 4279 2017 2333 268 28 3489 1271 3021 4786 3402 742 1374 2195 4714 2744 2020 2148 569 4413 4061 835 2329 2747 4748 1461 940 2120 1642 471 2224 3586 29 3440 111 2141 1550 2469 800 4272 4770 4758 4845 4706 3710 2477 1821 3964 4946 2026 1318 3717 4525 234 1036 1024 104 1842 4017 4802 1079 703 4095 4080 2765 1253 4358 2529 3685 4276 1372 2448 1394 1231
4325 1632 4440 1261 4144 2528 2024 466 4874 2469 3363 1535 4832 1846 2435 3209 1388 2243 1597 3083 510 351 4326 4212 4753 1432 259 3950 2637 1039 3669 4914 2967 4349 29 2992 4514 27 3956 2504 1018 4811 1470 1126 1147 1586 3594 1985 3862 1974 733 3813 2264 4129 808 2984 3145 4395 2822 3502 3456 4703 343 1752 337 636 4185 1059 1558 2163 3538 977 1703 3269 2012 13 777 4881 2814 1598 36 2455 1736 1978 1283 2663 1842 2867 4270 3007 3264 1378 4931 4439 4946 2482 3426 945 2502 4459 3294 4504 4188 2469 2660 3435 416 132 3891 368 1198 3611 2135 2167 3715 3994 229 783 3558 1407 4482 2038 172 3300 783 3030 767 2977 3106 4894 946 784 3473 265 2470 381 1030 202 4373 3890 160 4384 4280 2474 1178 3505 2309 2156 451 486 3477 2194 3289 198 1607 2797 2519 4125 1307 708 1340 1814 4479 3107 4286 4762 4917 1802 2310 3389 3980 3038 3804 2333 1671 2061 908 2374 3856 1258 3024 125 2423 926 4443 3434 1635 1728 1994 3814 3646 3539 4457 4328 2563 259 2343 2156 147 965
1993 4852 3025 4771 3799 508 2841 1359 1905 4243 4725 2252 3924 2297 2779 370 2261 4308 3083 4680 3298 2493 646 3225 3681 3201 4565 3242 4729 2670 4142 3476 4282 2053 4687 2386 668 290 4451 4329 2172 2453 673 2552 3832 1430 1879 1113 1605 1466 2824 481 1949 2258 2206 4184 4501 4865 2383 261 1187 2685 2653 3895 2899 2966 1714 4214 1987 3734 1930 2890 208 4783 1222 3334 2726 1533 3997 3770 46 156 4715 4319 4579 1936 1166 3222 2861 4268 4207 3844 3213 2071 3914 211 588 1523 3933 4437 1100 1485 2612 3466 3430 2256 306 1029 3594 3938 1655 88 736 88 4513 2083 4146 4663 2691 1256 2929 3135 4327 2475 3507 3967 4316 4464 2684 378 3527 2083 1641 4339 2837 3440 3697 4510 1243 404 602 2171 3809 794 2261 4552 4714 1645 4327 2721 3214 3016 1668 580 4116 2308 4465 3410 3878 2302 3337 4130 4823 1098 1616 671 2330 2643 4855 2665 3302 1926 2026 3765 2312 1470 2472 3906 377 313 3778 4942 1684 3862 3951 3125 1196 2342 4721 1391 3827 3446 563 1972 1375 3798 4934 1878 4763 4772
1482 350 311 2130 754 3761 1751 1433 2697 513 4842 2861 1566 745 841 1226 2825 3138 510 3298 293 805 3518 4578 285 2493 2188 1254 4529 1568 4474 564 1318 3393 1792 2765 580 400 3441 3429 2837 2025 3043 935 2726 3860 3295 42 366 2046 3766 1898 337 3392 682 3983 3399 3771 3015 1948 2020 3812 4476 1260 2844 3524 348 2853 2198 179 1371 412 2200 216 3460 4840 179 1044 3774 4071 1195 2363 1673 241 4437 2420 2443 1329 1319 4945 3967 2670 632 2395 1254 1116 1184 2772 4232 2205 1899 3393 4560 3002 525 649 3334 2293 2711 4664 3992 3892 1410 1022 1272 3149 4133 249 3764 1257 1975 4757 2188 4997 202 3781 3491 4554 3124 2190 2885 1005 4514 2674 3120 4035 1470 65 171 2421 1690 1328 2197 3132 3595 311 3878 3806 1074 619 4638 3133 1868 4513 1667 4946 2931 2025 3686 1336 3193 1646 4034 2309 359 1897 187 3688 1087 3332 4436 539 3726 3062 997 4316 4557 2013 2907 3366 1568 2298 1009 1768 3980 4359 804 4339 3852 4070 4783 4856 398 3913 1045 1172 647 1409 4840 3536
3829 3595 2101 1513 2801 3883 3674 858 734 109 2887 4257 161 3762 1937 2557 4191 3429 351 2493 805 1965 3309 2666 4936 958 928 4799 845 2400 2187 1566 2822 216 4987 4098 4211 3971 2829 4208 1669 2239 3647 4678 4100 932 1339 3422 4799 816 507 236 2160 1695 4802 1744 3356 506 2880 1381 4897 3685 2849 2239 4913 3672 1613 4636 3378 2563 701 4916 968 1064 241 4371 2878 3584 680 3950 1344 1957 1932 1976 1653 2259 2229 15 1340 1676 1572 2712 960 2604 2262 1165 2841 4598 3338 3668 1328 4007 4335 279 608 426 1657 2970 4703 3909 3165 2802 2931 3795 1851 3643 2183 274 1063 199 163 2219 2518 3827 2212 4455 1339 4056 1052 1406 84 2341 3545 4285 519 3674 3550 3694 257 2961 729 4896 2593 4474 1921 842 3378 4750 3083 3891 61 3588 4213 1996 4931 2874 4552 1118 3259 3786 3503 2428 1848 1627 1336 3776 3700 65 3835 1617 4636 1482 55 2111 519 927 1769 1457 4406 3494 520 2525 4592 4068 3456 2143 4690 2956 14 618 3105 4094 3633 3875 846 4254 4254 3309 1988 4928
656 3955 2992 1336 1383 852 932 4279 3997 2711 4792 4237 275 1973 2992 21 473 4776 4326 646 3518 3309 473 1131 3541 4350 1703 4186 1339 4920 4213 2197 95 4463 3593 3843 933 18 4063 2163 810 82 1187 3615 1434 1862 718 213 2341 1497 2403 1594 753 4310 3654 3328 1946 2446 1899 3568 4987 3153 3476 2908 1205 3660 2186 544 1305 1795 1891 793 1431 1573 2562 4294 394 1380 3127 829 1109 4951 546 1097 159 1896 4509 324 3719 3028 2526 3937 31 3395 1516 4756 3301 3128 2624 3520 2000 1612 3934 1071 3983 3837 3651 400 30 3013 4612 3253 1787 3766 3666 387 863 1965 2065 3589 1198 3963 3950 2532 3433 1861 708 2568 568 4689 3366 1386 4522 1462 1810 1608 4273 3960 4630 2835 414 4482 978 4556 3419 1732 947 4501 4395 1179 3417 1585 3115 2666 129 2958 2433 1306 585 3749 323 181 232 4335 1765 1344 283 3449 436 1612 4713 4288 1185 2524 2176 741 4635 4855 4640 2644 4096 2370 3993 650 1491 1297 4428 2328 466 3483 1492 17 2251 776 4347 2931 2491 2699 1044 3005
4331 4666 3527 4583 1420 952 3864 3148 1662 3407 4722 3440 1272 1756 195 3948 2328 3193 4212 3225 4578 2666 1131 1203 1921 255 3727 2469 2267 4490 3664 1781 373 1405 3501 3409 2680 1154 754 3083 1577 1553 641 69 2820 3942 3655 1769 1271 3725 2562 4822 3972 238 2524 4516 476 1185 2886 4214 3340 1229 4105 2885 1246 2359 1802 920 3153 3901 739 4404 2250 1156 3525 3287 4730 463 3893 3462 1716 350 4296 3324 1346 1789 4718 4937 4489 2238 2660 995 1874 3507 3460 3876 2699 4633 3088 1145 4854 2029 340 2999 417 262 4025 2016 1958 2160 1146 4437 3142 2611 3406 2133 4930 1142 369 2716 303 4892 4701 3685 4538 3296 985 1600 2227 306 2504 4216 4032 3144 2476 1360 4164 4745 2732 1060 416 546 3466 1729 2575 1654 3249 2608 3849 4160 321 2032 1618 2530 2686 240 3366 4667 4371 343 4291 1957 2718 1230 3148 1225 1106 124 2845 3554 4384 351 1656 410 455 4406 4413 2204 2105 4986 4687 624 3612 708 3379 4180 442 4280 1456 2129 2395 2697 3222 2411 3145 3524 4724 4223 1679 4421
4270 3854 1741 2417 2553 3801 1857 4579 1884 2638 1183 2106 3977 4011 398 1012 2453 3556 4753 3681 285 4936 3541 1921 642 1459 3999 2254 2823 2418 1079 4523 1922 2415 1171 2764 325 99 3399 1940 4281 1821 3710 987 4219 3794 3845 1729 3655 678 1503 309 2265 50 3856 718 466 4729 716 4254 4141 2981 2177 4358 4196 2759 2164 3793 4165 3860 45 3356 2795 2784 1570 324 2434 490 4592 2270 1204 3553 1661 1462 2247 3673 2280 4669 3601 1828 3407 3296 4307 3988 609 2751 2374 1917 1175 4682 2231 3728 1858 853 1071 1554 309 4982 4255 1579 2696 1177 4570 3938 3672 3362 1178 1097 2639 3433 3427 2725 2149 4479 4726 4298 1740 1485 3211 4991 292 2370 2463 2124 269 2472 4348 2249 2059 3194 3724 2093 3987 2375 4020 4753 2342 513 3910 1076 2940 3507 595 3235 4150 4414 4234 1852 1545 2784 1308 2284 4615 15 4184 698 3839 4699 3046 3159 4517 1008 3890 3625 3513 2717 4326 1980 2891 4230 897 2115 373 2796 4174 4370 3268 3163 699 2371 3946 2652 1177 3117 4249 2612 958 2254 2710 1095
1817 1387 1863 3872 4765 4661 3522 3748 2629 2017 2371 3855 4167 1188 506 2311 1281 1164 1432 3201 2493 958 4350 255 1459 228 537 1787 436 4968 4351 367 4612 1049 2900 2286 1224 1746 1825 3289 2855 2005 1757 4235 1894 2198 2382 3644 404 411 1845 124 2732 4811 4905 51 439 1220 1809 1698 2587 2676 872 3373 849 2609 886 2394 2805 4332 3692 3528 510 4092 356 1864 626 4083 2566 216 3287 2283 4070 3928 3159 4603 50 17 4164 1039 941 4323 1803 2761 3529 1132 2684 2496 844 105 4212 3644 2821 779 1616 3551 3305 1609 4182 4140 3861 2655 1443 805 1442 2234 1839 4781 415 2543 142 512 3019 130 2644 3060 2781 67 2849 3002 532 762 3333 2154 4621 4691 490 2868 4515 4576 2850 54 2865 2065 3242 1852 4817 3241 2266 4887 1699 3558 3699 3335 3832 2254 3756 1239 3601 3834 3897 2245 3680 2410 4702 1609 140 3700 4322 3236 282 1605 4913 4251 2539 3372 1446 4398 4102 1120 1825 884 1028 3675 1666 1366 1049 2703 874 156 2981 2937 1847 495 3346 2163 166 4001 4718 278
4185 3143 3657 174 133 3040 1013 704 1400 4496 4523 4669 18 3892 164 2671 4316 1116 259 4565 2188 928 1703 3727 3999 537 4508 4605 3163 891 3615 170 1843 2077 69 4732 2419 2836 2598 3817 2994 4749 233 4537 764 1220 3023 2049 2786 1755 3254 2087 4337 1926 3025 328 1050 4948 1765 759 1695 590 3049 2578 2070 4390 1354 497 2131 3474 1506 2730 645 4731 250 2761 850 2704 3306 4047 3347 1468 3145 1110 3704 4957 3778 3136 3646 1465 1769 2938 1314 3007 3529 1010 1835 2477 3460 3414 1153 311 780 1791 1347 1134 3416 3514 3846 3919 3158 3785 2059 1820 955 2075 2307 4328 1677 1621 1006 996 3810 4271 2347 669 2656 1745 4255 1665 1607 1280 3765 2293 1949 1395 2497 3543 1531 3265 2276 4266 2102 3928 4488 3423 2891 4440 2757 4602 2714 1395 276 662 1444 2724 3049 2600 2793 1351 1042 2806 4839 244 3876 1608 2346 3567 1801 2578 2350 1097 4546 2305 3204 555 4954 908 2355 4258 1811 3007 2619 4910 1054 1802 1555 1661 2478 1283 2382 4078 4707 3918 1189 2461 3204 1599 4982 1186
4074 1249 1524 3128 2177 3424 2531 4363 1716 3620 4579 1946 3669 2506 23 3346 1366 4210 3950 3242 1254 4799 4186 2469 2254 1787 4605 4172 183 3077 3457 4306 320 2424 4104 3186 3031 1591 1437 181 2195 1914 3209 4358 1656 1881 60 1498 4821 1351 3610 4636 1650 391 522 2278 2790 3942 266 4079 463 2868 2741 2881 863 4698 3161 37 38 355 1335 4698 1259 936 3260 3038 3529 962 1110 3063 3350 261 1870 3168 2045 4593 2752 1226 2491 678 1182 3880 2933 1950 1053 1736 2187 2954 714 126 881 2321 4694 2093 428 1847 857 2290 2516 4826 658 3180 1614 3822 1856 4971 3266 2098 4935 1217 2536 679 1081 3622 3002 2637 3605 855 4111 1093 2825 1197 4872 571 1096 3576 4405 3966 4713 3088 2200 1492 1585 4853 3729 4757 3394 115 1236 4277 3455 782 4672 1995 4450 3190 4744 3750 4934 184 3954 2627 1387 2553 671 2044 4791 1342 1783 2314 4007 2910 830 2662 2770 1573 141 1765 710 4270 2534 566 611 2031 3769 1914 4802 3836 2509 2187 1017 2127 123 3886 3339 3839 509 2188 1711 2959
3501 3283 1091 863 3294 4192 1775 2315 1557 3482 4946 813 4801 1045 3231 3509 3880 2987 2637 4729 4529 845 1339 2267 2823 436 3163 183 1222 2683 51 3371 1880 3454 3909 1602 1248 4220 1420 4066 4094 3644 4163 708 3973 284 2448 4230 4729 836 1325 1021 1909 153 4162 1827 4127 4736 1110 1577 4814 4651 3747 492 220 3639 2660 1566 591 2544 2592 4063 496 1848 2554 2922 4610 170 4783 3100 3309 1492 4878 2444 1167 206 4062 83 4978 2409 1083 2919 433 4140 2247 4869 2392 3302 3786 1395 325 3329 1628 2425 1533 1561 1762 3151 274 1881 1262 3863 1062 3076 2775 3102 4662 3189 987 4729 3308 3556 4300 2881 4457 4032 946 2767 408 4117 323 208 2626 1784 2251 205 106 2459 2557 1392 3353 240 294 820 4024 4026 3291 4234 3796 4603 3348 956 1039 1410 1013 2659 2696 3353 707 3023 368 1408 912 3033 2977 3496 1767 3436 486 2708 3698 3890 1607 1829 3199 2297 3530 3838 188 2732 1338 4057 4252 1565 4259 2294 1958 1762 3298 2926 4347 3625 4641 1143 1790 155 76 48 2447 4465
2661 4343 2824 4157 1307 4266 4970 1795 1164 4901 4910 4544 4984 3087 4727 3805 717 1843 1039 2670 1568 2400 4920 4490 2418 4968 891 3077 2683 2812 882 4559 1171 4317 2135 2175 3096 1523 3714 4242 1989 2886 1130 3871 4729 2859 1821 2929 2253 2328 812 4037 1093 92 1699 1928 3791 4792 4073 16 4142 1533 4756 3366 935 4260 130 1043 233 194 1718 318 279 3472 953 906 3794 4235 4680 759 49 446 496 2866 1978 1397 3121 3340 2648 3328 3310 4397 1324 3285 2003 599 987 1163 376 2681 1357 4165 593 3237 4241 2862 2770 3553 1932 3084 525 2855 2174 4347 3913 4690 2198 310 2810 1359 902 3055 2061 913 2520 1514 393 245 4118 2459 56 1200 762 4294 3438 2448 3795 4333 778 4757 631 1953 1416 2170 3696 2055 2353 2020 816 1557 4745 1766 3241 3114 1406 551 3042 1036 1710 3046 1505 766 3653 4467 3275 1627 3210 4356 4674 3394 2347 3248 119 1765 3900 2138 4553 2154 1745 120 1406 1226 1585 499 3194 4861 4394 2961 3107 3130 2107 3977 1894 1975 4125 3138 1933 2270 1356 3773
1103 4877 2076 1618 4690 305 1842 2353 1835 976 4444 941 4244 2530 111 2012 335 3967 3669 4142 4474 2187 4213 3664 1079 4351 3615 3457 51 882 2138 796 156 2550 2377 957 1176 3253 212 4035 3656 4086 4440 4542 1393 665 332 2262 792 3549 4140 3287 3376 3396 4013 1890 4819 3829 3519 3496 3238 473 1788 2380 3360 1042 2350 2106 34 4688 3996 2050 1412 2386 2315 1552 2716 2625 2106 2847 4398 3537 1216 2247 320 411 4277 726 1659 1312 511 4870 1014 2599 755 1542 2693 2372 921 3876 3437 49 4791 4616 1861 3638 4704 2356 2787 2313 89 352 2641 1485 3629 4098 2022 344 1770 2131 4564 1505 890 3567 1286 2591 3799 1099 1606 705 4762 933 257 2577 121 2118 4571 1471 4612 2933 3250 1611 4579 660 177 135 1948 1361 3846 2591 2622 2655 591 874 336 143 4249 4758 3927 1043 141 4570 1284 2998 4271 2221 3368 2926 881 4781 1762 1545 3615 2370 993 2768 1051 3156 2335 1796 323 982 759 93 2408 2188 1566 3129 4518 2461 2262 1055 529 2593 1675 982 3983 1429 3952 1124
848 1293 765 4732 3542 3673 308 3722 4360 1314 4327 438 1071 1612 1050 4679 2724 64 4914 3476 564 1566 2197 1781 4523 367 170 4306 3371 4559 796 472 4863 4680 2865 3396 1018 3657 2597 3143 1109 249 1426 790 852 763 1984 125 1317 4848 2135 32 1961 1970 3542 3112 3400 4036 2462 786 3097 1944 1190 4502 1223 357 2677 1793 1944 3526 3787 835 2483 3762 4543 4235 4567 1049 997 924 3467 3745 4770 2059 4765 4724 2355 985 2273 458 3999 3162 1146 3171 347 4472 1481 2753 3065 372 378 2096 2330 4861 4496 4155 1283 1391 278 3885 4232 2660 2401 4280 4890 1782 4416 70 1669 4916 3098 3716 958 3850 4650 905 2327 464 2510 3841 4847 4184 4967 3472 3697 4246 704 1386 2609 304 4135 327 4925 61 4201 2664 2391 4366 3906 3045 1561 3729 4564 684 2910 3767 3902 1033 2571 2340 868 1478 2325 3796 4825 3170 2958 3426 1344 324 4005 2597 3778 3239 1946 1541 2384 4299 162 3952 1781 3938 4258 565 174 1743 2122 2885 3327 115 415 4098 4065 1815 3513 2365 457 2962 4563 4158
2485 1015 3515 3962 2998 109 4411 4892 2142 2723 3249 2416 3886 3639 528 1664 4594 245 2967 4282 1318 2822 95 373 1922 4612 1843 320 1880 1171 156 4863 2755 4895 484 1764 3818 550 3639 2729 2672 2106 4553 2720 1788 420 3645 210 4422 2940 1464 1396 2503 2843 637 4516 1048 3817 1229 564 916 2531 351 2696 3270 2380 2238 3754 2373 67 1009 3592 1683 2705 4202 897 935 2372 2606 215 4050 3046 4775 1692 4946 820 4263 4732 324 1602 3490 2557 31 2368 321 216 101 1640 4022 1235 1253 3955 1027 3450 859 4331 1184 2376 2909 1990 4914 2346 1076 493 171 473 4393 1059 1334 204 4605 748 721 4853 1405 4000 1142 2485 2728 4403 76 331 2449 493 3544 4950 239 2247 2963 2512 51 4214 4273 698 4191 1434 244 1318 3698 2013 1141 2826 2203 2317 4897 2132 1156 2163 1523 932 1153 780 4609 2823 4045 3861 3928 3449 1631 4108 4600 3348 1271 2683 1341 3169 4024 1313 161 4769 3818 488 1184 2612 4060 1956 2318 2304 4566 4602 1297 2548 3681 4146 14 1942 83 4689 38 2062
1246 2022 59 1086 4466 1075 2014 4418 998 4008 1409 2568 2801 2422 1242 2812 468 921 4349 2053 3393 216 4463 1405 2415 1049 2077 2424 3454 4317 2550 4680 4895 4899 2232 1243 3415 4759 524 140 1360 3636 4495 3530 3547 1604 4721 2504 2891 3311 2297 4238 1725 110 878 1877 2760 1204 3225 1480 1825 2680 3110 2389 1744 3302 3754 3365 3599 2590 3667 4594 753 1818 1990 933 1957 1144 3955 4821 3625 85 3675 1446 2055 843 567 3358 1332 811 4567 1498 2797 2361 831 1750 142 2288 4834 4963 2622 811 3128 2292 2811 3998 2301 4992 4763 4414 852 3661 3317 1855 1386 4473 4757 2078 885 2052 4439 3736 1309 3190 2833 454 1627 1272 2761 2214 4112 167 1062 3322 80 3568 3447 1056 4500 1236 3981 572 3789 4103 4492 3995 3224 4260 2764 2678 2820 1395 1336 1464 4643 3400 3555 2209 4944 679 1497 4733 3827 4221 4958 1897 4813 4784 697 3667 1947 630 1411 331 1349 874 593 4626 1599 4427 2047 3651 56 3014 2228 1241 742 4652 2969 4732 3447 4203 132 4016 2781 548 3670 294 705 619
4156 1449 585 1272 395 3010 1385 930 4240 3588 3409 1182 3215 3127 3603 3156 1919 639 29 4687 1792 4987 3593 3501 1171 2900 69 4104 3909 2135 2377 2865 484 2232 177 898 4737 2644 1380 2229 3279 4982 3341 3598 4162 2748 3321 2971 1239 2718 237 544 4191 2508 1889 1555 1822 1492 2249 4901 530 3072 1307 706 1475 2880 2270 4237 4256 3510 2343 2252 323 343 2131 439 3058 4214 3513 3089 3704 2106 3973 611 1622 3362 1957 2565 2740 4733 2857 557 522 2596 4385 4009 736 4510 4090 3191 3698 4678 4800 4482 2462 517 2556 1216 2007 3339 20 4473 3084 617 2887 30 4099 1209 2865 2935 4212 192 1883 1036 3078 2197 549 2781 3367 4777 2333 4546 4504 490 1783 4992 459 1570 4944 4602 1686 1824 491 626 2508 3880 2102 2666 202 2882 1933 4669 4361 435 3783 3248 4735 4289 3593 138 3608 472 1196 2406 4237 3408 3310 1552 3693 4329 2227 565 4302 2539 2490 648 3887 4679 2218 3135 2998 4452 4654 3764 1490 1087 342 468 2364 3819 930 349 369 771 1594 1939 489 583 4875 81
3113 947 3000 313 2421 4207 1286 3965 2570 815 4865 3288 2367 4725 893 3730 1275 1686 2992 2386 2765 4098 3843 3409 2764 2286 4732 3186 1602 2175 957 3396 1764 1243 898 4105 1784 927 385 2104 4865 4666 2009 4759 2208 3310 4236 682 1860 3427 2990 2112 3315 2739 2533 3157 3096 416 798 4946 2444 3578 500 4894 2941 1069 4978 2530 132 4868 4834 2967 273 1994 1014 1667 3975 4004 2659 2178 2419 3432 3462 2936 3127 2472 1366 294 2503 1826 3094 2381 1458 3858 3689 458 3466 3068 4513 3394 3473 4354 4820 3812 3326 1587 2604 1575 141 1428 3187 1755 4084 4419 139 3058 2571 288 3782 781 4553 3390 1255 1113 3966 42 3536 4614 4950 4886 936 2114 1460 1861 2745 3061 3043 4522 85 4170 4664 4468 696 561 4080 3073 3724 391 4921 3929 2049 3847 3968 4653 1420 520 580 363 4513 2452 4584 1585 4478 56 3414 1745 271 4214 4607 841 2045 4086 816 962 3761 2927 1009 2100 4110 983 1920 3636 2583 4235 4263 3055 1363 3911 936 1506 1539 2866 2400 3975 4550 1615 3743 524 4957 2397
4724 79 713 2956 3017 3592 3632 1778 3571 4922 2187 379 2421 932 3834 3722 1529 2343 4514 668 580 4211 933 2680 325 1224 2419 3031 1248 3096 1176 1018 3818 3415 4737 1784 4201 4599 4975 236 85 3569 1840 3273 1066 3259 3943 4933 4409 957 4401 3509 2314 2587 1204 3008 4075 3008 2274 4397 1045 3470 4373 2826 2766 3330 4362 4733 220 4581 3394 2652 2487 2933 2748 2597 2155 2926 1273 2695 2889 504 44 3198 2532 2051 1441 268 1969 2295 1499 1939 2672 3352 3196 4028 4579 4801 2608 4163 4241 2665 3765 2311 4902 1349 2723 2022 2695 2765 2142 3693 2166 2656 2186 983 3175 2248 4731 4756 2994 4831 584 80 2346 569 3780 3252 1640 588 1091 4304 2111 227 251 1855 1686 4358 4065 921 3021 2638 3985 3945 4913 265 1457 1470 4127 2509 4457 4348 4052 4515 4534 3728 652 3372 3622 3136 4964 2936 2268 4548 146 2839 1009 3691 4934 3175 2597 4800 1063 3549 4649 733 1209 2015 4226 4996 3524 2663 3763 4032 3797 4516 4345 729 3505 254 3506 4057 3986 3247 3755 3774 1000 3478 2906 2372
2962 4877 1482 3797 1271 3385 1598 347 4649 4415 4682 1748 3895 2877 184 2987 1685 1195 27 290 400 3971 18 1154 99 1746 2836 1591 4220 1523 3253 3657 550 4759 2644 927 4599 4204 2438 1915 4745 1438 4367 1765 1187 4098 408 996 3188 1203 734 85 2452 2415 1367 768 1352 1123 3083 1237 4346 2536 169 1052 993 4569 1353 509 4297 3378 372 3668 3264 4082 3241 581 2472 2818 341 3150 3559 3657 4718 4500 4587 3288 1556 505 3164 4895 2663 4008 1616 2959 2530 4589 1487 549 297 75 4169 4373 2778 801 3032 3991 4867 4085 3295 4649 4901 3159 3007 1746 2815 1686 1294 4879 1196 1624 1066 413 4222 4245 1789 2639 766 2090 3037 2818 4465 2975 3668 563 2877 2429 214 1381 3001 4488 1668 4595 1238 3141 2847 460 1358 4535 3433 3931 3298 3461 4777 2770 4825 2092 4203 4302 2667 950 3328 1939 3920 4576 197 4433 4303 849 2245 533 3993 4078 4604 23 521 2773 2120 2047 80 2295 1549 4101 4615 3670 2158 2583 4780 11 1350 4602 4280 2247 1499 2770 3619 4233 3410 1031 3214 3223
1988 374 2392 847 4315 1637 2764 4188 4730 4135 1999 4963 1698 2765 1510 4837 3766 3882 3956 4451 3441 2829 4063 754 3399 1825 2598 1437 1420 3714 212 2597 3639 524 1380 385 4975 2438 1645 2342 2683 4233 3513 2728 4855 1836 1991 615 726 2076 1141 2942 208 4671 3535 320 2608 1217 462 512 90 3293 223 4589 3275 206 384 1072 4649 4541 1768 4631 2207 1637 2691 3596 2507 4005 1081 3011 3929 3329 2957 4119 10 4997 3127 4131 4398 4471 4715 1214 3388 2918 2719 2758 804 185 2948 468 2660 3239 2830 3951 3327 3031 4618 1524 3918 3197 318 4297 3867 3518 4463 3479 1495 82 3178 2001 20 1259 2969 3414 4755 2052 2106 3510 4210 4382 3006 4371 1876 983 864 1061 3011 914 1116 3554 1517 3824 1511 119 4953 4457 692 3823 3057 2533 2122 1290 4404 323 1773 2127 1693 3429 303 1776 4943 447 1029 3313 1782 2365 4456 2980 2005 3887 4948 1124 894 1446 2203 3901 2078 4971 257 256 2100 3445 3811 4479 136 73 2369 4201 2219 2215 87 4696 4900 32 3452 4874 676 22 428 3741
2873 4783 1692 473 2506 2707 4477 1895 2521 1409 1957 1396 3013 2514 3213 359 492 3194 2504 4329 3429 4208 2163 3083 1940 3289 3817 181 4066 4242 4035 3143 2729 140 2229 2104 236 1915 2342 13 4034 2196 4086 605 1840 3308 2934 2851 3921 4274 2683 2893 2659 745 1547 2942 722 3341 3530 3892 1091 485 4776 3357 1209 217 2188 1395 296 4186 4479 4024 2295 1764 3190 224 3683 3194 2844 2000 807 938 3895 2029 438 905 715 1296 1131 998 4781 2199 2701 203 4191 3255 607 3087 1438 966 4214 1490 83 3451 757 1303 4542 392 2438 198 3002 1819 4124 1835 4972 4064 3713 913 764 2727 4273 2051 2936 4646 121 1995 2267 2214 3800 3776 573 510 1546 1261 1770 3249 3404 2323 3028 590 2533 1760 4880 272 4241 2746 17 474 4660 3064 3859 4566 202 2111 2831 1799 2519 2579 2510 1326 4584 4384 399 4496 1693 198 4263 931 3401 3281 2904 1481 2016 1636 185 4833 1784 1788 1379 1349 4729 4949 249 1082 2479 3901 817 944 722 4046 237 145 2855 133 337 4509 311 4553 914 3856
