N: 200
M: 80
Symmetric: true
Triangle: false
3 124 69 133
2 50 176
2 22 177
4 132 42 141 193
1 80
2 75 8
1 112
5 93 73 139 38 119
3 87 99 103
2 40 144
2 166 126
3 95 37 110
8 47 121 152 36 13 180 155 34
2 106 189
1 85
3 142 39 198
2 2 127
3 111 63 137
1 196
3 143 183 102
4 86 158 4 113
2 178 46
3 84 81 17
4 136 149 154 191
1 41
2 140 156
4 31 57 12 163
1 97
2 159 56
3 10 181 146
1 175
2 125 78
4 61 25 82 172
3 160 1 72
5 123 62 49 174 165
1 59
2 20 55
2 14 21
3 29 186 161
1 58
1 147
4 128 199 9 92
3 15 52 157
1 18
2 171 153
1 27
3 71 122 7
7 197 135 114 182 148 64 194
1 116
3 79 94 35
4 43 60 118 51
1 67
3 170 169 105
2 33 88
1 138
3 65 167 44
1 11
2 168 129
1 48
2 24 91
1 173
3 184 131 76
2 145 32
2 98 108
4 195 117 130 83
2 190 6
3 162 77 23
2 28 5
1 164
4 150 16 19 70
4 74 107 45 66
1 200
5 3 188 104 187 54
1 53
2 96 101
4 115 151 185 30
2 120 89
4 68 90 26 179
3 100 109 134
1 192
4859 871 432 66 4911 22 262 2350 4893 3736 1722 3332 63 4166 2739 2331 4065 756 2571 127 2207 213 44 4261 4030 1983 3943 1090 2612 2743 3163 1167 529 2574 2461 1004 1679 1313 3157 1980 2011 2198 3380 2171 2470 3679 609 456 3254 1892 1207 2717 683 1512 1453 3834 512 206 2173 1077 809 4480 1189 1257 1490 1143 1414 3782 4788 2060 20 2484 2894 1125 1471 1857 1080 774 1979 1766 3857 1889 1168 444 4617 497 385 4155 1534 3227 1939 3347 665 700 593 3517 3541 918 2095 1729 3048 914 1447 3959 1006 2447 2180 1730 2636 1045 2519 1494 4496 149 2439 4696 952 880 4753 533 3322 830 1375 1539 722 2310 4812 450 2142 2583 4841 4208 1606 4032 1733 4592 277 2251 2519 4649 332 1448 3015 3723 858 804 2501 1961 331 54 2177 4223 4569 4515 364 2693 4914 2912 345 1571 4688 848 4409 3963 4381 1930 2198 604 1886 3533 3665 1895 1570 2724 3494 4827 3457 3483 3799 3877 3027 3753 1166 186 963 4178 2413 4172 1216 3577 2015 3520 2413 3888 4805 2906 1059 2127 4347 2396
871 3752 2092 3587 804 1657 3538 1450 3081 1291 2335 4575 1506 769 2330 4518 4801 905 2779 189 4851 2150 2664 2722 539 271 1524 2844 3310 642 2927 3938 1211 3956 1352 1678 2613 1381 3240 2375 2920 3989 2283 4756 2661 1237 2225 3321 745 162 3146 2326 2933 4843 1337 4315 651 3674 278 3923 4078 2076 612 4324 4126 4031 2712 2517 1132 1806 2808 3025 131 3792 3256 2548 2981 3538 2034 1271 1389 164 2627 162 1897 1031 2648 380 1947 4474 2913 3368 2769 491 942 2807 548 3902 4773 2873 1364 2058 2963 215 789 4693 3763 3028 4378 4298 3354 2680 1912 2736 537 3945 1340 2501 4759 824 3561 2121 4046 2798 3006 852 3596 2521 3203 4110 4972 364 2403 2282 3962 3741 3140 2205 160 132 937 386 2470 990 2505 4558 2182 3958 376 4946 31 1176 1240 4817 2462 1514 3913 2340 4318 3736 3044 134 122 1982 4493 3841 4255 1682 2248 1654 2170 2972 4368 3590 1467 2746 4732 1361 2819 1099 1083 1658 2966 2634 3927 3381 2914 1907 2837 1865 2980 4786 2355 3470 4995 4850 3344 2424 3009 2927
432 2092 2172 2323 3201 2130 1197 2415 2026 976 3530 3273 2813 316 1842 826 2280 1792 3908 3449 4571 2078 181 2767 494 4274 4897 1751 1370 4885 3287 3560 938 3469 1315 2555 4972 4808 3014 1975 1994 650 1247 2172 212 607 2960 4615 4077 504 3569 3252 524 3297 2734 3612 2801 1360 2071 2078 2191 2790 4452 1002 11 4293 2382 3536 3588 4232 788 4859 2171 1446 3396 3538 1494 3414 3952 1698 4375 118 3266 1453 4285 4754 1668 1908 542 4395 4218 1421 3329 3573 3079 3740 2905 3526 1993 3506 212 2844 2500 878 3149 308 447 2358 109 1676 605 2589 3256 1344 670 3337 413 1159 3086 4935 2006 4491 4876 1683 2248 1470 2668 1855 3771 1162 833 2912 3129 293 1472 2907 2773 4680 2003 4235 1025 4666 1725 1605 2527 4970 2120 4595 1362 4478 2278 298 1857 1446 945 1226 4984 3205 2343 2245 4475 4130 4428 1785 3266 19 2694 50 2571 4860 732 3590 1979 483 360 4676 2381 3736 4217 3089 1283 4143 4013 301 685 349 483 713 4228 3962 4326 2145 1482 2606 1585 27 835 410 2919 4496
66 3587 2323 3382 869 889 1913 968 1564 3826 333 2081 120 1883 638 2265 3992 2475 4253 3336 709 3148 2585 157 1767 4275 1711 2131 1971 3092 2406 785 105 4319 4667 1026 2014 2344 4475 389 1275 3289 2987 2882 3420 4630 3761 2225 3220 1859 3801 3110 1445 1863 3947 3795 322 425 1012 3556 894 4873 3001 1555 1805 4089 2233 3514 1698 1296 2237 3237 4597 3834 4943 3059 1809 295 3744 1160 4532 2356 2168 1657 1579 2837 1301 1822 2115 1824 1205 4961 1387 1344 987 3097 4830 4580 4696 3824 1955 2905 1335 1738 1646 1140 2306 4551 828 3056 355 798 3780 592 3202 3118 338 3746 4228 1020 193 3429 1720 4512 232 4553 2800 3726 3444 3852 2165 3787 163 615 275 3201 2910 4002 254 3200 2137 4930 4733 1222 1816 690 373 896 4586 540 3162 4380 626 1259 4134 3049 4276 1399 1826 4951 2097 1649 2277 1740 1967 4577 2708 4625 4082 4418 285 2710 3614 4393 3094 2967 98 227 2297 2362 3764 1758 4448 2125 2976 4272 4262 537 635 697 1438 4828 3245 1314 617 885 2722 4069 2905 3473
4911 804 3201 869 4705 3027 844 67 4278 3341 3719 3185 1748 4133 3792 346 4360 94 2055 1964 41 389 1612 4474 2106 2940 312 3978 4672 209 4258 1315 2923 2787 3013 2084 2734 1978 1948 387 3943 894 2420 1741 2298 4849 159 4032 1733 417 3993 750 2224 2798 1684 2280 4141 1808 2332 4367 59 3758 3890 2681 850 903 1861 434 515 480 187 1042 873 762 4127 3412 2327 3987 1540 1803 2779 789 4482 2915 2667 154 4541 3486 1100 3766 4847 2444 4226 2298 607 2470 133 3092 1654 2599 965 4226 2960 1495 2959 4441 4450 2483 337 4784 1265 515 1925 4540 4036 3846 1555 2595 3448 2941 3674 2274 561 1823 4964 4440 1947 502 2601 4418 3858 2358 11 3227 3233 3687 2678 3571 1274 4660 2951 4277 703 3366 2487 1126 4029 2884 4962 4815 3771 47 3143 3371 2502 4445 1730 819 4538 2905 3292 3378 204 4890 333 2032 1108 1616 1164 4618 2506 1515 2388 4494 3265 4297 4413 1844 2143 3034 4907 3402 1844 4442 2103 1172 1508 4641 3173 575 2650 993 4555 3470 3456 4710 1735 356 769 2417
22 1657 2130 889 3027 801 4116 3071 976 4805 4844 4558 798 1052 511 380 2478 3536 1753 2389 2033 4649 1345 256 2083 4877 1118 3934 1298 2957 429 2530 2634 601 3469 1107 3771 2718 3003 1776 2361 3300 4085 2633 4691 2822 2941 2783 56 2202 1997 2305 3239 247 4444 3592 4359 861 4334 3613 2189 1960 3138 1287 331 1047 1385 1710 2224 3299 537 4236 1870 2347 1987 4099 3365 1137 35 1749 237 4571 1009 3180 4176 1788 1903 2746 1897 3127 478 952 2801 4197 2905 4416 3307 3871 3136 61 3551 1943 903 1844 1565 3966 3432 801 35 294 4314 3406 1832 1833 2341 2405 4316 1085 2822 184 4431 2611 4168 1149 1886 3167 4594 4052 486 4584 3962 2185 2600 699 3831 3873 172 2350 3109 2926 2617 4046 4745 3445 2165 2061 4626 2125 1060 2817 194 4426 4866 3944 2033 209 795 3404 3610 1874 1279 2272 1088 3339 260 1006 1243 3647 1377 466 1647 1657 453 779 1086 3270 4665 4191 3562 4924 4513 4973 2564 3346 4493 4515 3426 3498 2167 1428 4078 338 3499 4535 4148 4205 4319 4869 3764 4850
262 3538 1197 1913 844 4116 1357 4462 2830 3857 2156 4607 1223 3285 642 3837 269 1024 3118 1560 3972 1206 1860 1345 331 507 1028 4870 485 970 914 4429 24 3064 1585 2021 3765 4838 4067 692 3426 1883 3136 1174 3412 3188 689 2752 454 1391 2939 3482 3221 266 3230 1385 1084 1893 3286 3149 606 947 3944 4677 3309 1298 4181 4903 3105 2634 4661 3562 1368 1698 2724 2405 3425 4680 914 357 4385 4607 1957 3682 3899 1747 1668 3107 3326 3881 2880 67 1366 4713 1302 2599 3870 4446 2389 147 1875 3807 2917 3499 1075 881 1923 2542 3474 1451 1831 3477 4689 412 511 2891 3532 56 3335 3514 4415 3907 1344 4759 2579 3548 2997 435 732 3320 4242 3510 3556 3557 923 622 965 3216 3096 4202 2404 917 3029 2530 3916 4209 1707 3248 4812 1729 4403 2883 1561 1203 549 1710 2104 1319 4172 992 4831 2909 1751 2332 3532 3954 470 1453 2516 4760 2905 4570 1515 4125 1723 623 1240 3541 4223 1018 2794 4961 2699 3395 3221 662 4854 1286 400 440 433 4728 1659 539 857 2908 1372 915 294 519
2350 1450 2415 968 67 3071 4462 1071 3692 3172 4446 2186 1276 4422 116 2459 3279 4076 155 795 1019 2895 819 261 3444 2819 1407 3594 1165 4460 4091 4244 4217 181 2593 2931 4719 2149 4485 3858 4217 4881 599 4945 3590 1335 2475 3229 2099 3864 4921 3371 536 3500 1032 4267 813 4275 4469 2393 2128 2253 133 386 76 1736 477 2253 4970 2429 1279 4668 4999 745 2185 1230 1426 2998 1369 2706 234 4445 285 4797 4246 2537 4322 4863 2923 3828 44 4594 2104 3275 910 434 1462 2250 2399 4872 3711 1684 3470 1239 1348 3921 1521 3620 4675 1829 776 3460 1633 2992 83 259 4656 3194 497 763 1325 846 2174 1213 2929 2027 3335 3884 3907 4425 2083 3156 563 1459 3051 4762 1772 1458 35 269 4256 4134 2664 2471 3908 3529 975 425 3327 745 4400 3749 4820 4892 2176 2447 1609 1050 1439 623 4636 1603 3077 3661 157 4228 1427 4382 3998 1415 1737 1225 4271 4044 2187 3793 1673 1137 1219 1136 981 3642 952 4026 296 2895 1150 4959 4799 265 1699 4960 3273 56 442 3719 3725 1249 860 1758
4893 3081 2026 1564 4278 976 2830 3692 4425 3221 267 3297 1298 4780 3538 2325 992 2949 15 2968 1312 3021 3201 3654 4487 4482 1054 3215 2010 2001 3243 2241 3116 2829 1789 772 2840 2853 2247 950 1074 1448 2088 2153 2484 2035 3031 4640 3608 3080 1373 3600 2498 1727 900 2128 4477 4715 2767 1279 3344 3917 3625 2553 3777 2108 3540 3871 2963 4247 2060 4547 3554 1068 3085 2917 3141 1406 646 4969 3498 4200 3011 1876 137 1320 4012 2111 3565 2083 2106 3494 3285 3300 4557 2162 625 2993 534 2907 519 2070 3792 3291 267 1033 473 3455 3542 4612 2859 908 3648 1861 1657 1370 4704 329 4146 3918 1771 4535 4462 4203 963 3191 2390 531 100 151 388 2888 4254 4234 2635 2027 3673 2372 1535 4934 2963 4062 318 3424 2203 4481 3391 4025 1731 2466 734 326 3764 883 2195 1572 3483 4300 3755 2255 2183 1533 1887 4206 4216 4156 3081 2382 4848 1347 966 3379 4408 2654 946 4515 3416 3383 1394 3969 1656 3975 1762 2134 2854 2000 85 451 1205 4588 2394 2844 4316 3526 685 865 53 286 1924 2653
3736 1291 976 3826 3341 4805 3857 3172 3221 233 406 158 658 4884 2281 1695 4558 145 2161 3899 2938 1877 4120 4347 4788 4080 1813 4442 3159 925 4900 3547 4055 3585 2445 2697 1748 478 721 769 801 2678 887 57 4127 4865 4192 2879 3020 1228 1096 3014 198 625 4723 4446 2579 4047 1150 2563 38 2170 4888 1159 1549 1989 1016 1878 4016 2930 4093 3418 3729 1906 4669 1410 4273 1912 2805 4520 2531 339 2540 2178 2300 1664 4845 4081 496 3311 811 2676 3253 2111 4812 3011 3252 1036 1389 2859 3141 481 3804 3395 3483 3154 744 1548 2532 4712 234 2514 3943 4637 1678 765 719 3295 3119 4736 2584 834 1470 249 3996 3130 2728 4088 71 1226 2572 3696 156 899 3985 131 2177 4852 2678 4065 3639 2264 3534 2736 3457 624 3253 1533 580 4304 501 2508 3145 3477 344 2872 4607 1463 2706 4722 4943 524 20 1601 97 1119 2590 742 819 1125 4017 4744 4729 3068 4447 3789 1038 1270 1246 4722 1580 4744 695 4188 2034 928 2722 336 1867 2952 3314 3378 40 2776 3380 4563 3331 2431 2848 1607
1722 2335 3530 333 3719 4844 2156 4446 267 406 4441 300 3149 357 514 3354 1858 2266 1695 1788 2143 874 577 156 1887 1053 3099 1257 3799 1735 3487 4440 4682 4842 3902 3370 3609 3314 2825 3999 1601 974 3612 2404 2392 4720 4515 3057 518 2020 4891 3007 3399 517 1184 161 3297 4856 4966 690 3812 3679 223 2018 1872 3989 3390 3630 4310 3753 4224 3004 3632 2086 844 1464 3035 3930 2619 398 76 2429 1187 4311 3707 3786 3616 3667 4289 75 3803 4640 1875 770 3639 4298 567 2844 4802 4790 1629 2903 4406 1220 1510 3054 3473 765 1872 2367 313 4663 2499 3812 206 3084 4291 4391 2712 691 2325 2017 4190 467 1014 3767 4257 3534 447 3531 3009 2221 64 3831 3332 2205 3115 42 3202 262 991 1532 70 3580 3130 1515 2080 1818 4264 1075 3364 2274 2646 81 2223 3352 293 3859 3330 210 1657 2907 2108 4674 4727 3148 3322 2276 2681 1246 4995 3319 2896 3939 3020 2144 1291 10 908 3925 652 667 1999 2973 4680 2791 4578 343 3960 1754 2734 1923 30 4480 1577 2478 581 2095 3250 4501
3332 4575 3273 2081 3185 4558 4607 2186 3297 158 300 3302 1238 3675 3258 4739 3097 3014 1514 4766 557 2135 1382 4073 3132 2254 4593 4583 55 3675 3143 3468 4541 1711 942 4957 2205 4906 227 1422 319 4251 197 517 1051 1446 650 1613 1324 2077 3108 4649 1242 2919 4326 4855 3926 2856 1982 3503 3667 3729 2564 4651 4103 1730 2012 1262 2690 2414 2438 129 3546 1702 4083 4708 4726 2167 1618 4234 1951 4945 3190 1803 1229 1844 3622 2654 1578 1257 4388 2096 249 2566 2710 1174 3630 263 2903 4840 3121 4378 4061 48 4275 1741 17 2286 4883 4703 3773 1627 784 4978 4719 4292 1569 1461 689 2212 2591 4140 2120 4788 3866 3147 148 2937 3108 3316 3422 4187 421 3208 3971 1035 4566 2267 3120 4403 2451 3567 3178 2355 2181 3286 2327 4867 1245 4703 3141 280 1759 251 765 1084 379 595 4512 3900 364 4780 1479 2767 58 1302 4623 4740 2501 2027 335 1437 1752 182 1288 3556 55 2614 255 4216 1430 3769 1444 1230 1249 2216 3297 3291 3335 3904 1035 1740 2404 3235 2519 2794 3749 4934 4858 3217
63 1506 2813 120 1748 798 1223 1276 1298 658 3149 1238 4957 1768 3282 4378 1565 4330 3540 452 3915 31 3395 4613 3564 15 4325 1456 2922 3138 3087 1926 2269 4841 1537 2855 1294 1218 614 2397 1105 2004 2143 758 2938 3076 756 3269 1851 1452 3019 4768 1094 3287 3521 595 1696 3557 1135 2884 1112 4202 72 4241 946 1904 178 452 2208 1160 2167 3749 4717 64 2335 2800 4612 1742 4051 1769 233 3464 2200 1375 4053 1366 686 121 2978 3494 1532 3155 1395 3832 2160 1980 168 4909 4265 4058 1555 2165 1696 1879 4279 4338 4329 564 2755 4962 4589 3835 289 1317 3891 2783 684 1756 2852 78 3482 3367 1525 1844 4025 1184 4278 916 1421 4587 1955 4252 1478 1372 368 2444 4122 4335 1054 4870 297 932 1085 3768 2674 195 3235 840 3165 1336 3938 613 139 577 3346 4887 314 2689 4455 1738 4875 2886 312 3944 3833 3928 1323 3572 1423 2029 3428 4202 3584 1590 1365 849 3997 4403 3099 557 864 3188 3530 1211 4914 444 1008 3771 580 1570 3524 386 4572 729 3791 2066 3676 2294 4941 1728
4166 769 316 1883 4133 1052 3285 4422 4780 4884 357 3675 1768 2852 1346 2950 4771 1594 2591 19 1359 3103 2174 1810 4123 83 4452 4816 3286 2005 4896 4943 4955 402 93 2377 2889 4937 439 4145 559 4528 1151 213 2857 692 3833 2286 97 4811 453 3147 4417 2495 2672 1054 1770 1364 128 2244 2042 1973 582 3049 3921 4900 49 1087 2446 3633 2909 4392 1152 135 4771 3309 4206 4986 4425 4742 4274 1484 3434 4457 3811 4919 2839 4724 1464 4437 2877 1556 2407 2293 4402 1034 2137 1927 1803 296 657 752 2775 4448 248 2505 1875 481 390 1839 3902 2728 984 2558 1995 2834 898 4153 392 3465 1903 3440 4844 2379 3501 1223 2733 1461 4461 4246 55 151 4473 3075 565 3861 2971 2977 2017 3677 4695 1508 1192 4982 1138 1855 10 4454 2827 884 1593 3447 664 4484 3304 3688 668 1307 73 2709 1147 3932 1900 127 357 2050 598 2313 3653 4833 2451 1779 4725 4206 4115 937 4067 169 4810 2424 1241 2989 4830 545 4320 1973 2588 2641 2475 4726 320 1064 3981 3699 1951 1233 1162 906 3644 46
2739 2330 1842 638 3792 511 642 116 3538 2281 514 3258 3282 1346 2324 3576 1736 4221 3182 2664 2461 3532 1066 4750 1687 2256 3439 3012 251 1101 624 3057 2462 884 3641 3182 2396 3114 854 611 1525 2190 2320 3013 2510 1101 4857 1936 4412 1662 2067 206 704 4088 1390 2914 2788 2857 1929 386 2874 2066 2508 2192 2747 1135 19 3692 1002 4911 1162 3240 1554 1823 3475 4988 3575 1003 941 2129 4887 532 285 3324 1177 1193 4392 2617 4192 783 1480 2167 3413 1116 4963 2223 2857 3379 593 1779 1070 4927 2931 2081 343 4711 2993 4175 4026 3506 2812 4637 1171 4637 2479 122 3217 99 2746 3655 708 2634 4124 1583 952 441 4835 4389 159 3292 920 4573 4378 788 4118 192 2705 1704 205 3791 1788 223 661 1920 4550 1859 237 2303 2000 2964 1013 591 256 4066 4267 2585 275 2280 3658 1801 2710 2321 960 4389 3702 4894 390 4658 4293 4806 3775 4237 4361 4869 913 647 4819 1342 3656 1698 1367 320 3713 3512 726 1722 2162 2881 4284 2515 2326 458 1342 3380 384 2111 4372 330 3359 3621
2331 4518 826 2265 346 380 3837 2459 2325 1695 3354 4739 4378 2950 3576 2477 4077 3591 1355 1291 342 2328 3929 4561 1172 583 2770 3824 3085 2931 1985 1432 228 3524 627 2275 252 2224 357 1463 275 3307 949 3605 427 3111 2323 4802 2728 1388 1007 2927 2296 3555 166 3292 3109 1911 2854 4497 4919 697 1285 437 4756 194 4735 3243 4264 2903 4924 1223 4964 4537 4141 2942 1945 4317 4116 3120 3190 4117 737 3113 4100 3998 2339 2730 2404 3115 2920 4329 1274 478 1903 2551 4335 3316 3217 1847 1606 647 2349 2179 2332 189 2913 4200 1894 3991 3784 535 1905 1582 3704 515 4236 1702 2022 1329 325 2180 2619 2772 3001 4361 1250 2706 2428 1030 208 1685 3884 2046 3759 3377 1059 3377 308 4546 2320 1998 3893 1768 3213 1526 4846 4237 3028 3593 1199 4732 55 2523 4181 1067 2702 1441 2387 4621 4598 818 2545 439 609 1116 935 2196 1751 4480 1263 4328 3673 3735 1389 4962 1848 714 2139 4230 3983 2380 1806 2959 4672 419 1206 4812 2431 2111 4682 4855 2417 3413 1612 2150 2293 3575 1985 511
4065 4801 2280 3992 4360 2478 269 3279 992 4558 1858 3097 1565 4771 1736 4077 2309 2361 2096 1731 3870 2284 2823 3751 3597 2506 544 2363 2299 1420 2216 2923 3220 4075 2984 1027 900 4650 3332 2929 2520 681 2748 3949 245 215 4230 3121 3760 443 4154 4478 383 1713 127 3801 1706 339 2358 3079 2691 717 4496 3704 3257 1955 921 1964 1623 2237 4140 1495 3345 390 3536 2882 1653 320 764 1071 1046 2517 4225 792 957 3316 3562 3709 71 1429 1896 3852 2928 3202 2597 573 2945 950 1859 177 586 4580 4736 4398 3184 1404 2497 1515 3708 4282 3014 398 3337 3673 1437 1561 3150 2692 3529 1672 1138 2306 438 4881 4914 1046 1707 2826 532 467 1445 2981 4064 4419 4501 3580 3050 4671 63 2964 2259 1475 3794 2179 1812 3256 571 3806 3552 4374 2836 245 3611 4281 405 4814 1503 3676 1549 1307 3988 1564 1371 2974 3869 3953 4855 1149 3973 3755 593 3904 3314 1953 228 1632 3227 3101 4026 2068 4961 2838 2777 3482 3577 1950 4088 1619 4453 116 3485 2454 375 392 475 1036 2670 3040 4216 3588
756 905 1792 2475 94 3536 1024 4076 2949 145 2266 3014 4330 1594 4221 3591 2361 3941 1420 1054 1912 4805 355 4111 4474 1756 1464 725 4230 4968 1472 254 655 4678 4974 1971 3864 1823 534 2562 4732 1519 1768 2942 3922 3653 1891 899 4661 4265 778 436 1645 4385 731 43 4055 3180 3376 4833 2299 1779 2193 4030 2839 19 3421 1865 539 2553 2646 2709 3895 3959 4257 4423 105 3800 481 2533 3327 311 3626 1765 1085 3789 3482 2503 1993 4564 4686 3920 103 3088 1643 1218 986 526 2664 3043 1122 1795 3225 123 4330 1704 962 2473 1148 627 2018 2057 4661 386 3076 3543 3370 2633 4279 1636 3953 4627 2396 2674 639 3884 4924 608 1776 3006 1920 1747 4355 1810 3977 2023 3912 4155 3892 4245 2046 3771 461 3209 23 1149 2760 4827 3891 3219 2383 2881 2316 3800 1259 4490 774 2230 1491 2474 2723 1323 4858 1997 3009 4298 4915 1985 2196 4114 4684 965 2952 2619 2757 1438 3916 2670 1824 949 2637 3369 3799 3191 1143 4155 282 1303 3461 3775 4847 3349 2666 4074 1009 3168 947 3599 1265 1336
2571 2779 3908 4253 2055 1753 3118 155 15 2161 1695 1514 3540 2591 3182 1355 2096 1420 3311 481 4718 3707 199 808 535 1782 4270 1749 2795 3279 91 343 4470 360 3739 2978 4057 316 1903 2534 825 3467 582 1901 4602 1727 4782 4330 3515 4837 1815 1194 430 1514 2396 2718 600 226 4730 2336 2954 1477 2535 2569 4445 756 1985 3825 4620 1518 60 822 946 4125 4594 4289 4784 3056 3721 3493 3667 4096 4388 3531 404 414 244 1948 4495 3014 1229 2390 3224 4093 967 3983 323 836 1768 3145 1042 3978 3883 696 652 124 4826 937 738 1868 2718 3109 3224 229 436 925 3739 4579 126 2196 2896 3926 2715 516 4286 565 3092 198 1584 2923 4393 4363 3521 2962 697 3905 1479 1945 2801 99 2557 84 88 478 644 777 1825 1747 2123 1255 3914 4165 1231 4118 1979 3746 4249 442 4703 508 3673 234 1411 1571 1778 4630 2817 1278 3904 4083 3626 4838 76 3364 1546 4336 4060 1783 362 3121 2247 4510 4629 720 4776 3293 4133 2926 2246 4797 3118 2184 4089 2474 1862 1474 97 1677 3036 2382
127 189 3449 3336 1964 2389 1560 795 2968 3899 1788 4766 452 19 2664 1291 1731 1054 481 330 4162 1471 942 1398 1277 882 45 3286 1493 3174 4517 1773 3935 2187 1030 4528 852 4471 1405 4473 3482 2510 2365 2938 4828 1944 1730 1378 828 1903 744 3588 1979 4961 473 2384 3399 2240 676 4773 425 444 4202 2185 3259 4128 1867 3767 3624 375 2383 1661 1098 159 2944 4114 2146 4985 3149 4708 3037 1586 4298 186 489 1899 2851 4346 2229 1153 2585 3541 927 1209 3032 3810 3436 3382 3130 2032 3165 2876 1845 3344 292 4317 368 3647 3696 2635 1813 2946 1143 4484 1694 4982 1035 2576 1561 4625 1028 4266 2331 3669 1339 4768 2975 1628 2931 3965 771 2767 1876 3509 1798 364 4715 1770 3959 2119 1772 1681 2296 4778 430 4050 2475 2441 2436 3213 1161 2216 2577 3385 3196 3821 2588 4501 1580 2240 612 1992 973 3168 4693 2962 754 675 1145 3045 2179 503 4545 2088 1247 1070 438 172 3640 824 2300 1471 202 2765 907 4380 1653 1053 1124 265 1633 1714 4613 3310 1087 398 3670 3618 4276 100
2207 4851 4571 709 41 2033 3972 1019 1312 2938 2143 557 3915 1359 2461 342 3870 1912 4718 4162 594 4854 4676 3618 4572 688 1752 801 420 3486 4296 2982 2219 2584 1169 1242 1342 3234 2935 3542 835 3050 4303 908 2875 1714 589 4246 1038 2243 3377 1566 3679 2313 721 2884 1062 1856 4078 2238 4377 1872 4525 1888 4780 628 2158 136 2285 4565 1333 3801 3290 2751 92 991 58 1172 2474 2498 2161 2716 2386 1085 1936 1542 2774 4583 601 314 198 2551 2502 275 4920 95 1781 3470 2662 1030 2994 2788 3275 2678 1609 2728 2386 4561 3354 2190 4192 608 528 4685 2951 3941 1870 753 4246 1991 1773 3653 3304 740 4723 656 548 2103 4683 1454 1447 4434 4170 4690 302 1733 3300 4841 3560 3423 3870 2073 2591 3854 50 3180 950 2162 4046 4134 706 3951 4376 4055 3238 733 160 3514 846 782 4230 972 761 2444 1378 1771 1314 1351 307 1753 1910 3955 1989 4888 141 812 938 977 2512 262 2944 4118 2284 1691 1715 3396 307 2082 512 4328 4484 629 1931 2753 247 51 3859 103 2651 316
213 2150 2078 3148 389 4649 1206 2895 3021 1877 874 2135 31 3103 3532 2328 2284 4805 3707 1471 4854 4230 1344 4512 1570 4742 264 2975 2377 2977 4864 4894 2181 1667 4744 4337 3393 2010 1601 3974 3046 3660 4225 3055 4498 517 133 452 1236 2622 1867 347 487 65 2555 3751 3714 3929 83 1778 1863 2285 811 1064 1243 3377 2265 223 3686 482 1968 683 2579 3412 3286 4598 1177 2111 3761 4361 2151 3821 2689 4127 2483 3957 4855 686 1849 1653 1936 3294 1244 3238 1988 2243 1970 2548 735 4963 2063 4534 4826 4065 3158 868 1875 4357 2871 3990 2837 71 835 2400 2630 2584 3348 1740 4526 4683 2280 343 2024 3328 3216 2429 1240 4072 1912 2181 1774 1555 3599 3863 121 968 2777 4689 3021 639 1537 2420 1289 1954 977 1307 2442 3236 949 3294 4998 3165 3667 1602 2390 2671 4327 4705 4183 2875 1611 4329 1449 84 1856 1881 4009 2888 167 3217 1626 3185 2821 2526 3161 2729 4583 2707 1729 1563 3224 2521 3723 1034 2720 2721 3463 3156 1647 1026 1473 223 4297 608 4829 3902 3956 182 1009 171
44 2664 181 2585 1612 1345 1860 819 3201 4120 577 1382 3395 2174 1066 3929 2823 355 199 942 4676 1344 4848 4947 1543 1600 1049 4474 1320 2085 1785 3772 3948 3563 2571 2087 4646 2424 398 3469 4951 4531 1484 4790 1891 861 1549 714 1896 2751 642 2445 3664 2902 429 974 456 2806 817 3605 1590 2478 3935 1451 530 4547 4214 305 3261 3314 4048 921 1951 431 472 809 3215 2544 1188 4386 2713 3142 3800 3482 3935 1828 3047 4871 4336 342 1679 265 4376 2398 2285 4883 1521 2869 4263 1459 4807 2630 3937 876 4579 1018 4423 2580 3963 1204 2386 1779 3657 4844 4177 593 568 4971 99 3056 2642 4764 3578 316 4865 3110 147 4706 3215 1271 4515 4093 2145 2109 116 907 3710 41 2107 479 1104 1375 1347 2232 3550 1620 3080 3892 581 4047 1821 322 1576 2848 1975 2349 1701 288 4426 4945 430 4938 2547 1284 4129 151 4205 1771 3634 3853 1961 3714 487 4639 290 4410 4821 4189 195 3126 2505 366 3982 1105 217 770 1806 3227 4063 3108 4772 4204 2300 3310 1184 1617 2135 2522 2742 3363
4261 2722 2767 157 4474 256 1345 261 3654 4347 156 4073 4613 1810 4750 4561 3751 4111 808 1398 3618 4512 4947 2692 4757 957 3053 342 2141 1679 4798 662 2402 2542 1266 2291 4352 71 1708 1138 2422 4741 4687 2994 99 214 313 4417 3283 3365 4619 4652 2400 1161 2546 1970 3136 4025 2743 3776 463 4412 1000 366 1364 3196 2563 364 570 4215 1231 1634 3845 2625 1445 4703 1596 1294 729 2256 345 4092 2266 3559 1068 3143 433 2322 1068 1268 1980 2335 2136 3742 2087 1934 1253 3418 575 3663 155 197 3852 2228 2185 1738 2459 4394 2651 801 4778 2070 1524 740 3006 1571 1403 977 584 149 4904 1272 1024 4238 2598 2464 901 1076 4195 2955 36 624 2881 975 3430 3877 2458 3835 3770 3336 2455 3665 3689 4934 2403 4491 1594 4379 3738 4360 1725 4393 4292 1246 1000 3446 2287 3643 226 4600 138 3145 3419 268 936 4267 1221 1255 4742 1595 2188 3127 1303 2830 736 3845 993 1627 3745 4804 1834 1907 2520 2226 3530 4349 1181 536 2472 402 1526 1699 4368 3646 2864 2628 356 4487 3575 3720
4030 539 494 1767 2106 2083 331 3444 4487 4788 1887 3132 3564 4123 1687 1172 3597 4474 535 1277 4572 1570 1543 4757 115 2738 3457 407 3745 3275 4815 195 876 2374 2878 482 4346 4097 4696 1342 1254 4891 865 2621 3584 2435 4311 1060 4104 781 2297 4384 4413 2586 3636 597 2528 4396 4088 1894 1818 3292 2015 1266 2793 2601 3894 2851 4069 2861 671 3405 103 2582 4199 4647 1882 1550 2494 4367 1190 758 1809 4756 3660 1945 4338 1414 251 931 2094 2740 4556 993 2849 973 1704 3546 3520 2332 3504 451 2573 3992 3998 3314 4226 2715 4050 1222 334 3810 3545 3579 3300 1947 1303 4696 2524 746 3256 3334 1875 3650 536 2247 2122 1183 3019 4430 3115 2225 926 2537 4993 3175 3829 2831 2122 4890 3888 1749 2695 4572 423 1370 1297 3121 59 874 3108 3169 2758 1012 2756 1947 4491 4251 4714 1528 3904 4314 4371 3717 3387 4494 1941 701 4753 4491 142 2819 3091 3575 4313 1144 637 2969 3161 3108 1839 4033 3030 577 4872 2461 1279 3466 3767 182 3245 1511 3718 2509 727 763 3651 916 2768 1245
1983 271 4274 4275 2940 4877 507 2819 4482 4080 1053 2254 15 83 2256 583 2506 1756 1782 882 688 4742 1600 957 2738 3553 1610 395 2869 1268 204 1499 202 2273 3418 2795 1923 1175 1663 476 3340 2205 4034 178 4260 53 4711 1744 2286 2023 4000 1332 4500 1785 1300 2199 2830 1639 2305 1930 3422 4456 225 118 3958 2922 425 2600 2505 3344 1442 2401 118 2624 3127 4207 1246 3844 3302 2634 2395 4291 2829 3788 1586 1318 1932 2370 3931 2912 4785 1651 4253 3966 2588 3283 2027 3997 1388 3192 4254 4389 850 4655 2973 237 3999 656 3077 2642 1189 2201 631 4419 2956 1837 2413 4285 3408 2209 4871 4686 2320 4791 2147 1702 2063 2072 3372 214 2396 560 515 491 1844 2612 3573 3898 3013 1348 4452 756 969 491 4332 391 4448 4505 208 836 2408 1124 268 3372 3545 4496 18 3890 3203 3882 2936 79 4562 1827 2681 3851 445 343 3184 3401 4953 3135 2514 4349 56 2274 44 2649 139 3192 4587 3191 2037 3544 185 2834 2966 4779 4002 1586 4984 3209 3362 968 4631 206 4779 1928 858 2580
3943 1524 4897 1711 312 1118 1028 1407 1054 1813 3099 4593 4325 4452 3439 2770 544 1464 4270 45 1752 264 1049 3053 3457 1610 4027 1638 4097 2327 3283 2984 421 426 2209 3128 4329 1090 892 1054 2375 4956 3487 460 2455 1051 4361 2775 4068 1560 140 2378 1062 498 3278 4862 4544 2443 3396 3364 3813 2897 391 2640 1662 4931 3560 1674 1824 2285 1715 4957 4065 1017 519 1921 623 4719 476 2586 2368 975 4115 2448 3395 1634 3281 4967 4777 4452 4102 4432 1366 1044 1154 1835 2161 1367 4531 1373 2890 2731 1093 181 2745 3647 3210 463 458 3382 1293 2736 4175 389 1266 3899 3655 1173 2223 90 1021 1031 610 848 3996 3391 1903 3104 2840 1564 3632 4370 830 4210 1251 1293 414 1178 4310 4075 3179 3924 1178 772 2504 2954 2849 4966 3290 4354 310 680 1330 3607 4293 698 397 347 1305 3605 2186 559 2622 279 1492 2350 3608 292 209 1742 4212 4782 2478 1911 3184 2562 3814 763 3574 749 163 1598 3858 210 1894 4337 4262 1752 2597 3558 777 2244 3030 3641 3755 4010 4331 964 4061 2339
1090 2844 1751 2131 3978 3934 4870 3594 3215 4442 1257 4583 1456 4816 3012 3824 2363 725 1749 3286 801 2975 4474 342 407 395 1638 1090 337 4803 3791 3861 672 3454 2741 3550 4213 4131 2147 4604 1154 2597 1049 4145 1661 3744 3167 2059 1239 2911 1161 1483 3187 1565 4592 2830 703 2800 4818 985 3625 4725 3514 1893 2042 1215 4445 3852 1908 3085 2838 4219 225 4976 342 1959 136 2183 4211 1988 854 4281 1179 4581 3177 832 165 2488 3751 1115 531 3073 4014 3229 1102 2168 489 4861 798 1820 293 2097 1650 1174 599 1857 1639 2923 1404 375 1757 1836 4707 365 290 995 3390 3759 2662 4908 2696 4997 1092 3514 801 1316 3209 496 2214 4443 54 396 1424 4087 4733 2468 1900 1008 2073 2279 3875 385 1411 3740 3385 4210 3556 2101 360 1122 3267 1547 4070 1039 2482 323 1844 2155 2576 879 373 1377 1715 401 1809 4093 4320 648 3118 1429 4194 975 2641 471 2250 1891 3438 942 3815 410 4849 2339 1221 491 4244 2347 3716 3349 557 1019 2343 4763 1679 2430 1959 1720 1553 2893 2025 4753
2612 3310 1370 1971 4672 1298 485 1165 2010 3159 3799 55 2922 3286 251 3085 2299 4230 2795 1493 420 2377 1320 2141 3745 2869 4097 337 3637 2302 1902 4069 685 4168 2775 2660 1808 3531 803 1775 2629 3942 2745 211 2082 2473 2233 34 634 4712 2169 962 4010 4807 4614 2218 3750 3685 2419 309 1029 1582 1412 1400 2311 1829 235 1000 4103 534 3168 2595 4912 1628 1808 2109 637 3279 1176 922 231 4846 3641 452 525 118 4732 503 4033 3724 3199 168 1355 4639 3841 2867 2602 3544 3157 3647 2126 2428 2555 1119 34 434 43 2779 923 4935 4197 1827 1587 2384 2055 166 4684 4822 209 2617 4521 1361 1769 326 2241 4481 1727 1430 3402 2167 3828 3768 2732 1571 2102 3714 1207 4068 4128 3176 2169 82 1480 4140 3043 2969 465 3815 2760 3645 3993 63 1074 1138 312 4765 3670 585 2858 4372 1141 2628 989 3928 4987 1534 2899 1010 3768 4852 3707 582 3153 698 527 1766 26 474 351 476 3074 2101 2681 3161 894 3524 3357 2931 3419 155 812 2128 1545 2556 3094 4958 1592 4366 4672 4893
2743 642 4885 3092 209 2957 970 4460 2001 925 1735 3675 3138 2005 1101 2931 1420 4968 3279 3174 3486 2977 2085 1679 3275 1268 2327 4803 2302 4692 2405 3411 3710 3443 3952 2667 444 3596 4599 541 3324 2930 3332 419 4061 3160 3691 3259 1392 1635 3065 4112 1270 3821 237 4984 2943 492 1452 75 4669 4749 4827 493 2738 1960 4509 3142 1300 867 2808 2903 4015 1607 3609 1155 1960 2248 927 2108 785 3017 3073 4895 3206 361 1163 1749 865 4845 1203 725 3435 1135 3174 4392 2414 2744 1015 3555 971 1337 4452 2964 4980 3558 2936 3920 4169 654 4361 610 1151 1539 1606 3016 4754 2811 4303 4112 4187 1093 2252 3059 2667 211 4203 635 145 3240 3535 3394 1061 2964 4954 2805 4617 3731 2711 3032 4596 2434 2401 893 1534 2546 1593 1260 4120 3405 2130 1714 1271 4406 1372 3608 1522 470 928 4115 3524 1597 2848 758 1502 3855 2867 466 1769 631 2734 3826 3178 1314 40 3943 4403 2801 1878 4463 1847 3567 237 3779 3275 1803 1082 4827 44 27 2432 112 508 3810 3552 3589 407 862 1438 2650
3163 2927 3287 2406 4258 429 914 4091 3243 4900 3487 3143 3087 4896 624 1985 2216 1472 91 4517 4296 4864 1785 4798 4815 204 3283 3791 1902 2405 249 3075 3538 375 3885 1911 1336 202 1481 4587 2050 2432 3285 3015 540 1303 3204 1052 3556 3307 4129 2036 4783 518 3179 2651 473 2071 4922 3810 1966 4192 1144 2053 1477 600 1857 2813 3982 3960 4985 756 1678 1396 2207 4535 2739 4499 3681 3709 3108 4887 3847 244 702 709 2579 59 1653 3254 1934 3496 4536 3355 71 96 4388 318 3565 4182 1930 890 3975 3046 495 2565 927 3767 4093 4729 1127 2926 2766 3587 257 4676 2935 3862 1864 4325 1308 2864 2645 1782 1814 2695 3135 794 1275 4297 18 2055 2899 522 3402 3430 4486 3744 354 1451 2931 1606 2899 1009 4266 533 91 1000 3486 3972 805 588 857 503 567 4189 25 4604 394 2658 2012 3467 3856 2910 3135 1938 1375 3087 555 1608 4158 1650 2965 2342 4065 3484 3491 760 3903 693 2815 3671 1829 4647 1811 550 4727 3504 4825 459 717 3357 2590 4960 3345 825 2922 2654 424 2382
1167 3938 3560 785 1315 2530 4429 4244 2241 3547 4440 3468 1926 4943 3057 1432 2923 254 343 1773 2982 4894 3772 662 195 1499 2984 3861 4069 3411 3075 1478 4082 964 4826 4358 3798 3340 1446 480 578 2230 523 2813 4609 3042 3168 2641 179 115 3200 4839 4970 3573 1804 3018 851 3854 1654 1288 4392 4119 2471 2893 4462 4865 911 3157 2953 759 4696 4020 3712 605 1287 4335 4377 4409 4750 908 754 145 566 1539 62 3677 3018 1388 4501 3338 3185 3102 1395 4707 3346 3851 912 3742 4280 3894 4193 1885 1040 2566 3133 1659 2577 1385 2689 4205 3778 4440 4790 292 1367 4655 3309 4946 2048 4080 3512 1558 4569 4095 1740 2309 525 1817 2887 42 1729 3256 1249 924 1039 3465 3661 4250 3257 750 4412 4511 4512 1493 303 1569 1521 3458 4441 2921 3888 3993 3838 3136 1521 3691 3054 1839 1260 1690 249 2473 4775 3318 1756 4524 954 1801 663 1377 3109 3157 3153 3521 2890 538 4689 3334 1293 1269 1983 368 4867 3315 3210 4810 429 100 1169 3514 1578 4432 205 2223 4885 607 1940 3736 2066 2598
529 1211 938 105 2923 2634 24 4217 3116 4055 4682 4541 2269 4955 2462 228 3220 655 4470 3935 2219 2181 3948 2402 876 202 421 672 685 3710 3538 4082 3057 408 1580 544 3129 481 696 3048 983 3508 4019 3897 3207 4816 2817 1053 2115 4837 3137 1302 4646 3896 576 1448 3205 1114 1492 4368 1926 3938 3711 1244 3812 4625 1780 1600 4058 1887 1165 968 2791 4352 3367 1615 10 4729 3080 977 4535 3971 3509 3086 629 518 783 721 4471 3100 3841 719 335 2196 3215 2944 3249 4494 353 1288 1018 3719 4909 2130 1126 4166 139 2949 3046 349 1052 3026 202 3012 2483 4505 627 2569 4534 4442 2050 505 3492 801 1928 1000 3104 3385 2791 3811 4734 812 3030 1095 261 525 464 1936 3393 4080 4875 3844 3629 3743 1744 1968 200 4420 2745 3444 3991 2204 1337 936 4347 2915 4979 1363 1843 3831 4045 2658 2696 3108 4084 3236 1437 4516 4015 2714 3280 1700 3310 3423 2506 3097 572 4648 170 3559 3942 1912 4486 1231 1879 3290 3565 3002 2301 3043 1774 1152 3555 1338 4401 633 4143 4869 995 838
2574 3956 3469 4319 2787 601 3064 181 2829 3585 4842 1711 4841 402 884 3524 4075 4678 360 2187 2584 1667 3563 2542 2374 2273 426 3454 4168 3443 375 964 408 2410 1415 4187 2290 2142 3353 2684 2346 516 2964 4647 1620 4861 2175 2500 1364 36 2203 4255 1959 2597 1796 2902 872 3915 2935 2055 3495 2462 3609 3856 4328 3355 3670 76 4943 3910 2675 2952 373 1464 3373 3088 1126 4536 2766 250 3830 4004 3456 4374 1469 4400 70 4811 4127 3363 3158 4054 3733 921 3529 3466 1441 941 4357 4187 4731 2149 2005 343 433 2756 4711 2182 3504 2141 898 1888 2995 4242 964 2460 2219 4727 3321 2277 4065 4472 821 264 1642 4141 229 4263 4815 2131 276 4864 1753 4034 4359 947 3308 1271 359 4405 2852 3848 853 3915 228 1979 4892 3105 2599 618 4031 35 4862 2971 1357 633 50 530 1535 3041 2015 4969 899 146 3425 2407 2765 387 1288 4943 4201 1280 2531 3977 525 3589 1690 4411 4163 1744 693 4505 1160 2741 3065 185 3164 2913 54 3122 2949 879 4429 1246 3965 4344 449 2634 3031 1738
2461 1352 1315 4667 3013 3469 1585 2593 1789 2445 3902 942 1537 93 3641 627 2984 4974 3739 1030 1169 4744 2571 1266 2878 3418 2209 2741 2775 3952 3885 4826 1580 1415 3719 1765 1708 2483 2994 2264 1118 1810 4493 2594 2776 4897 830 159 801 592 3967 2504 1266 4585 3628 2814 3326 1388 3513 2968 1096 2447 4685 3416 1624 2693 2593 706 22 1345 2944 652 741 4504 3208 4612 1884 3718 3479 600 3048 3700 1372 2837 4840 2206 130 4088 112 4438 208 3922 4613 923 2137 2632 1102 908 2462 3004 1759 227 649 1798 3208 3022 341 3202 296 1622 3495 18 4040 3151 4754 3665 1926 3819 660 4767 998 1567 3594 1880 2605 659 763 3644 3695 2954 1814 741 4597 3095 3582 1708 1482 2429 2669 638 1811 1029 1254 2351 299 4987 2423 3991 336 4166 207 4820 4276 3325 3017 4297 1379 2508 129 2446 4606 1553 3954 2189 893 3720 2734 911 1344 2110 1001 824 968 3554 4198 3000 4696 819 237 3129 467 138 498 3297 4131 447 4116 3179 3985 3405 3906 4464 3972 2006 1095 4610 4878 148 4264 4804
1004 1678 2555 1026 2084 1107 2021 2931 772 2697 3370 4957 2855 2377 3182 2275 1027 1971 2978 4528 1242 4337 2087 2291 482 2795 3128 3550 2660 2667 1911 4358 544 4187 1765 4916 3682 2076 3939 1171 2608 1568 1169 3028 2540 285 4894 255 1468 4883 2940 2227 291 1375 2534 2813 2060 933 1629 3347 3977 3338 1319 3730 3328 1532 1900 2500 718 4117 801 376 4894 834 2465 2927 2544 3226 202 3009 2588 3044 841 2443 2705 1259 3506 1361 3561 4443 1019 1609 682 3664 3864 382 3199 3829 4393 1603 2444 2184 2146 2494 553 3342 4744 1568 2441 4706 4670 1025 4933 458 522 1557 1005 3779 4064 4349 4441 2651 1452 2273 4614 1813 3513 2366 130 3267 3854 1733 3098 4013 3975 1926 133 2808 4089 3770 2057 2966 1241 2200 2989 2342 1764 3201 3409 3832 2321 2879 2941 2460 311 3264 3674 2623 1716 1240 2789 3541 3347 2672 2740 4350 4317 4742 74 4212 144 4189 1004 2275 97 1744 4732 3189 199 3179 871 2347 1181 4210 4518 3908 898 317 2267 2158 2137 4211 2220 3174 2574 673 3570 2905 3653 3920
1679 2613 4972 2014 2734 3771 3765 4719 2840 1748 3609 2205 1294 2889 2396 252 900 3864 4057 852 1342 3393 4646 4352 4346 1923 4329 4213 1808 444 1336 3798 3129 2290 1708 3682 3233 1746 3023 1083 665 3226 1087 3155 3537 1067 3349 979 1741 4276 835 1436 1114 892 3585 2764 4296 4874 2374 3472 1297 3116 2293 1545 2623 4067 369 746 3533 3634 4410 2166 2595 1755 2600 3308 671 3751 3227 1637 4815 3835 403 1701 2191 1985 2063 4248 1287 1419 624 3594 2367 3823 514 1004 1350 2966 4441 2948 972 2641 4711 2478 1550 1868 397 2803 3216 949 2037 1903 1779 288 3646 941 4631 205 261 2069 915 2754 3167 4723 3176 1343 1100 1987 1035 3076 926 277 2458 1496 921 1063 2224 609 91 1521 1489 2739 1501 2614 3811 4549 3277 1121 731 1934 4758 2612 2916 2307 4783 2662 4489 2840 2325 3527 2705 1527 2624 1299 4539 617 4585 1283 1220 1971 1924 4544 984 2075 1016 268 2896 1004 4827 166 1079 3031 3969 3941 2437 3105 1701 4163 3187 4147 2507 2869 1475 2377 3697 3935 4027 4856 1037 3347
1313 1381 4808 2344 1978 2718 4838 2149 2853 478 3314 4906 1218 4937 3114 2224 4650 1823 316 4471 3234 2010 2424 71 4097 1175 1090 4131 3531 3596 202 3340 481 2142 2483 2076 1746 4255 1739 161 2111 1180 4761 3126 3915 415 2468 2709 370 3151 1503 3569 479 3671 329 2268 4917 4583 2766 3733 1293 102 602 1872 1757 3198 984 2109 2204 1883 938 2850 1837 1588 3567 4902 132 4096 1764 4585 1662 1063 890 4888 4272 4333 605 1163 3009 4805 1819 4727 1388 553 2014 4205 785 112 2678 1710 3635 3275 3081 4926 1142 398 3607 3477 2715 4259 1814 3036 2572 4440 313 4593 3732 368 1864 1853 1983 3535 4362 3086 3556 64 2772 801 4004 23 676 1391 196 509 572 848 2025 2260 2771 713 2577 3697 224 4920 1270 3040 315 1899 701 4661 1209 1304 2174 2444 1322 3623 4399 2857 1022 2624 1869 16 4474 1573 3698 4596 1821 168 4678 3771 4297 2315 3768 3432 1816 1555 4766 320 4276 493 1668 2617 2660 2615 3423 110 4263 4816 2610 447 3949 2885 690 2825 3077 3751 80 3666 2024 4915
3157 3240 3014 4475 1948 3003 4067 4485 2247 721 2825 227 614 439 854 357 3332 534 1903 1405 2935 1601 398 1708 4696 1663 892 2147 803 4599 1481 1446 696 3353 2994 3939 3023 1739 2010 2855 1520 4689 2075 1514 621 3785 4585 988 918 3864 2384 4256 4455 296 4322 1740 1566 1671 581 1754 2256 1389 858 3558 1648 3668 2354 958 3839 3985 467 714 2594 34 529 3860 3794 1596 4820 864 1778 3679 1613 277 2125 4087 2976 1815 2525 4175 3342 2095 4886 1422 2732 328 3032 1761 2251 2416 266 1817 1152 4004 741 1033 4997 903 3824 1964 4354 4746 2749 3183 1165 79 1168 3725 1137 3635 1141 3424 4309 4875 4215 3802 4616 3309 3197 3071 2722 3286 3012 2636 696 3842 2511 4708 669 3577 2795 4770 375 3083 4122 3973 1499 314 1288 1382 1652 943 3872 3029 3874 3341 233 3633 3135 2370 119 1591 989 2170 4003 2526 3222 3098 2532 383 4017 296 1769 1918 4587 2390 3127 3962 2746 608 1026 2365 2479 2828 3085 2254 359 4974 3235 1612 1586 1717 2219 4484 3719 4574 4936 3751 779 2782
1980 2375 1975 389 387 1776 692 3858 950 769 3999 1422 2397 4145 611 1463 2929 2562 2534 4473 3542 3974 3469 1138 1342 476 1054 4604 1775 541 4587 480 3048 2684 2264 1171 1083 161 2855 783 4309 619 4863 1553 4114 4611 1535 4118 4825 3120 172 4248 4614 445 2750 3121 3609 3342 2795 4329 2949 2843 123 49 4166 3569 4662 2063 2044 1102 3384 937 3224 3061 1098 4742 796 1480 991 3763 3803 3795 4742 1466 2640 841 3518 814 1235 3735 171 4984 1657 3163 1862 2258 1790 518 2655 1292 4021 502 3295 2993 2144 2364 2174 3197 831 475 1896 2105 1433 480 2724 371 4354 610 1550 3049 670 1455 2558 2335 1630 770 118 934 3075 1843 2409 2073 1688 4492 4155 441 4742 3235 4891 381 4185 3276 4267 3666 4000 1356 597 3822 4443 2680 1406 2398 2811 1077 1218 3474 4445 1109 1686 4757 2531 4250 2869 3314 4147 1203 1054 4516 4151 369 4387 3448 2330 2034 2979 2646 2565 3214 3918 3615 3179 159 3042 2021 4153 3289 3132 3532 3509 4416 4239 694 2388 1346 952 2303 3276 3962 2276 3840
