N: 200
M: 40
Symmetric: true
Triangle: false
7 162 155 95 186 61 10 125
4 60 65 52 38
10 164 13 115 142 197 40 131 100 32 191
3 87 187 200
3 108 190 117
4 56 42 16 185
7 76 31 136 196 79 103 107
4 154 179 157 194
5 21 78 49 175 89
5 132 178 88 92 111
6 139 46 122 198 98 75
5 101 22 64 66 58
4 4 71 143 12
4 47 114 165 177
4 82 80 134 147
6 55 29 19 7 28 144
7 6 141 37 168 50 146 158
5 121 68 167 51 54
8 192 45 133 184 57 63 126 149
5 5 180 3 25 74
5 152 118 93 153 43
3 67 116 112
5 173 15 97 106 174
3 53 195 36
5 59 127 148 11 70
3 110 41 81
6 39 1 181 172 159 73
4 91 99 171 163
7 123 24 199 94 119 104 160
4 124 170 169 85
6 77 128 30 188 166 102
2 151 189
4 84 34 193 150
7 156 2 33 48 18 86 90
4 113 109 8 176
7 14 135 9 35 161 182 72
4 96 120 105 83
4 129 23 27 140
3 145 62 183
8 26 130 69 20 137 44 138 17
1534 2606 1892 465 2721 3170 1173 2740 2521 1131 2623 2659 4232 2639 439 3238 3695 4974 2408 816 1434 3263 2075 1293 1477 3265 3905 2379 2894 4111 2381 392 4415 1172 1640 795 3579 4673 3558 2357 4941 2155 2555 3068 1406 4844 511 4533 3748 4300 75 2940 2058 1161 4988 3142 3740 2504 3172 4696 2161 4225 68 304 4684 88 3577 3885 1044 1195 4727 1242 381 2995 2072 4032 3806 1783 162 2183 418 321 4685 2093 2895 1723 2333 3243 3373 2579 2606 2971 1074 99 4046 947 3168 3939 2622 4457 3578 3620 4635 2350 3595 1633 119 659 396 1488 4075 1361 3988 2122 2535 2471 651 2778 644 493 374 2896 3348 495 4226 3091 2011 953 469 2011 3012 716 3388 1228 3983 285 2297 4507 4830 4585 3789 3961 4925 4545 1156 4615 231 1838 3820 2764 4174 4786 2573 2951 4750 3402 151 3893 3682 4568 2433 2614 2104 694 90 2507 1760 3406 3484 3210 652 2094 3485 3007 1053 2416 4509 1087 2394 1426 4965 1276 2510 4079 4014 1804 4697 1060 4094 3342 61 578 1862 2412 2473 423 3675 932 3281 707
2606 4131 668 4517 4756 1599 2095 4706 2554 825 228 521 4196 3704 3085 2936 4235 1942 1547 2884 4168 2197 4844 2417 4937 2820 4909 1148 2050 4194 1529 1031 1196 608 872 4759 4670 4113 4073 854 4243 734 1203 4588 2834 3304 2748 4218 1172 306 258 4800 244 2274 885 1810 91 2941 966 1001 4555 1511 4138 3675 1961 4613 2602 117 2364 2200 3676 3342 4322 2936 3511 1169 4738 4646 910 1830 4403 4358 132 4367 3861 4243 3611 2659 3181 1803 1008 2995 1304 4532 2707 1059 3426 3585 3161 22 4744 2915 1234 4764 2121 1068 3361 2306 1532 3004 101 4118 746 4769 4552 3308 3973 2340 4068 2749 451 4323 442 4972 1190 2876 3285 2879 3803 2768 3759 2153 2569 674 4183 890 4984 2066 756 2795 2217 3347 813 1345 1999 513 193 1399 533 2843 1215 2030 3985 887 2167 3602 293 1172 768 3596 3607 4011 3383 4424 4400 3933 1562 2474 1860 145 526 4960 3878 647 4360 4993 1687 956 410 4357 2390 365 2903 150 4951 578 3043 3990 804 533 4962 3351 282 2582 4065 879 1496 3132 1535 2535
1892 668 1304 1814 523 3172 4250 1717 347 2591 517 1185 4421 3613 1476 4554 4591 3506 3381 3073 4778 4119 2858 2097 3280 4920 1134 2103 3580 3082 1037 4596 1700 685 2868 3515 1159 1167 2243 117 3983 934 3855 1155 1190 2703 3568 4165 3341 2131 4657 680 1638 2363 966 2946 4384 4595 1330 16 341 4378 458 3614 2360 1338 2817 2481 4638 859 59 3703 4565 3946 1969 4049 1717 1042 131 968 72 1601 2683 4460 2667 2961 4703 1321 4596 3404 3991 242 1065 417 4528 2505 1093 3907 1329 674 4229 3876 2280 4793 2404 1675 1312 2743 1089 1300 4036 509 2544 1284 2448 3425 4859 1095 3472 1440 3279 81 530 4005 795 4998 1300 233 4678 4544 1020 19 4234 862 1337 3006 3579 3587 3032 659 257 815 1815 2782 1310 267 1151 2042 1507 3680 1836 4256 2677 2170 1166 4922 472 4955 4121 2772 2191 4994 4181 2098 4096 2668 3802 3017 4426 1463 4619 413 4379 1178 1142 3570 1487 1811 2238 1975 2517 1768 2095 644 4747 4042 4875 4909 4612 1820 2151 2333 2994 1935 4764 529 2623 3725 4992 767
465 4517 1814 3560 1904 258 2948 78 4747 2366 3798 274 830 1869 227 3590 887 4577 469 843 4743 4210 4132 2700 3207 1681 4598 3065 4188 207 638 710 1381 752 3524 3858 1186 2516 1341 4289 4231 4254 3340 2291 4344 3196 2815 2151 4382 4113 112 622 45 1914 3813 2923 757 4080 3057 2116 4229 38 4581 52 2276 2580 524 3867 2034 2603 1632 2179 1773 454 2123 4601 3508 3867 864 881 4637 2517 4936 646 173 708 1301 4710 2780 1820 132 2581 4442 1244 1024 316 389 1866 2838 306 1365 1177 1280 131 3395 1362 3154 1596 276 3139 3412 1036 1486 332 2368 4161 1279 3163 2154 4134 3103 4413 4106 3890 3970 2446 1982 1849 2425 2962 4902 4240 3165 4020 2175 4434 1426 258 2743 244 2041 3138 1998 918 3968 1524 4875 508 4346 2247 1143 3150 2808 2594 296 2401 2890 1448 1609 3836 4530 2215 3921 2487 1517 4763 2636 1271 1436 2003 827 4700 3401 1325 3093 4893 3219 4151 3346 274 1028 3178 4722 4811 3927 3899 3239 895 2530 2839 4976 2731 676 1343 1849 4010 4937 3781 826 314
2721 4756 523 1904 693 216 4414 4904 4643 2453 3057 2696 4277 342 2546 3083 4340 3533 2825 4940 2043 4318 2556 947 4802 4497 4085 1232 561 2791 4199 1755 800 4597 3823 2926 1822 836 2621 125 3414 992 1828 1482 1226 429 1171 975 1359 3676 4211 632 3272 3110 2069 4498 4017 2194 4540 2619 4319 896 3298 367 1119 1532 4678 2459 2756 748 1231 2137 3311 2376 269 2656 1854 4014 3318 4685 2590 1474 2405 3945 464 3296 422 527 1622 1325 96 3264 4614 4200 2873 870 1271 4531 1993 2734 4938 4088 3901 4783 3754 3974 3173 2125 1284 3438 1504 2319 3902 323 4676 1933 2214 1813 4730 2211 4624 3028 2815 4255 282 1582 208 1017 4381 598 1703 3449 3424 1757 2620 4769 4214 3622 1826 1440 2006 3945 4957 932 4959 1864 3246 1919 3663 3204 4205 1617 4643 4741 4421 4237 193 230 1032 2246 213 3656 823 3685 2365 4328 1245 3897 2485 231 4600 2757 349 2041 1976 2365 520 3480 706 1963 3280 1376 4751 1502 1018 3459 4191 3498 2300 2374 19 3065 1258 3340 4103 1422 570 1702 2160 3126
3170 1599 3172 258 216 4433 3588 2747 1634 2353 3517 4840 3023 3448 4543 3942 1246 1083 3398 3950 3041 2894 2589 4777 2466 4516 180 3719 2345 416 2766 1445 3610 2547 1780 3361 169 1697 1656 3029 4441 2056 2130 2716 4670 1437 1324 4738 495 3821 3519 4584 427 3577 642 366 794 1784 576 2797 4640 1188 4453 731 445 2587 4276 3120 4445 4080 2834 4648 918 696 4422 3416 379 1382 71 3502 4618 2271 554 3223 3430 3446 3567 4466 2202 3023 3295 692 1879 3575 2889 182 1619 3811 4235 757 2830 3905 1908 704 719 2865 83 4365 4767 963 422 2891 259 3065 1826 4196 1488 88 4764 3797 2976 4704 2874 4841 1427 12 942 2710 50 1254 444 4773 912 4827 1871 4190 3815 710 1691 3850 3487 854 1129 1130 3846 3192 4028 1158 1140 1137 3545 1878 2092 3434 642 3745 2046 915 2751 2476 4834 4014 872 89 3475 2937 4581 3438 4735 2318 4452 4033 1333 4014 380 1195 607 2880 4590 2883 2427 106 2136 3270 4345 3825 3495 3407 445 3265 728 2305 1938 4853 304 1916 4119 4493 3611 2389
1173 2095 4250 2948 4414 3588 624 3166 1416 154 2570 238 4658 619 2706 3450 753 1314 1522 3960 2050 76 4828 1697 3331 266 4123 4310 733 2189 1540 1903 1868 1611 1874 2586 596 2117 702 3521 3674 2759 2793 3623 715 4337 4739 3335 1566 3312 3113 1069 4552 2474 3624 2575 4879 1202 3959 1622 4470 3848 3545 2774 2160 171 3584 4773 3575 1338 1094 4716 1688 964 2138 4026 46 1929 4214 2265 3410 483 11 2840 2356 4164 3168 500 2672 3561 2678 4097 4283 897 77 2608 3316 279 3219 2584 1671 1320 2165 2201 3043 1029 4348 2855 2766 3371 4003 2656 3906 4489 1665 4915 587 1949 4152 1869 2054 3477 679 933 3511 891 616 4289 948 3457 47 1963 4834 4383 3761 2004 3694 4234 4672 1068 2948 1995 3238 2204 3560 4883 217 328 233 3857 4343 1973 4557 4197 2708 3308 3801 968 3137 2935 753 3132 3841 748 3842 4636 1361 1243 1609 2817 1993 3013 1228 1648 3424 634 4083 2698 721 11 1971 4176 3297 1430 1615 2473 1007 2433 2755 2578 3734 4412 2852 2748 913 4417 1987 1252 382 3677
2740 4706 1717 78 4904 2747 3166 1888 4445 4833 1277 1949 1428 1285 4395 2634 2169 1552 1645 3567 1567 302 4514 3230 4806 537 397 4537 4943 2127 2831 4179 1088 1713 442 1301 4224 659 3076 1073 1945 2421 3211 2437 4651 3231 1805 2270 2057 963 2703 433 4903 1888 4561 1855 3250 2655 4920 4278 4008 4674 2686 1592 3412 1391 1890 320 3001 3533 4247 567 4166 1232 2825 4724 1951 4849 2431 759 3831 4210 4478 2017 3661 2433 4189 1861 4071 1889 1497 3461 547 1226 2946 1102 2132 2345 2331 1253 1544 1334 1859 1812 1743 4772 2330 2773 4218 3267 2133 1701 4382 825 4680 4393 3796 2018 1866 659 3490 4708 744 3741 1045 2319 382 4343 1055 1340 3630 4845 1886 838 564 1403 3334 1004 4810 4665 1937 3699 4945 2722 2527 1804 590 1670 3197 1518 2779 4132 4635 3224 1679 294 3252 1746 1581 138 1852 734 1346 1039 2563 2451 879 2483 4528 421 847 4980 3649 1653 1114 2048 1208 2846 1175 4056 4863 4766 4928 697 3074 4976 1497 3829 1937 705 2327 317 333 507 3614 2199 4615 2204 3510 4580
2521 2554 347 4747 4643 1634 1416 4445 637 1300 1241 4019 3423 2475 4960 3566 3024 1017 3105 1586 3746 2149 2885 3523 600 608 4985 1581 4312 855 3812 1121 2646 2640 2303 2440 3057 355 3471 3503 408 2948 4804 1887 1183 3529 1123 3647 3854 848 1917 411 4842 4833 1656 4283 42 3621 1011 4923 1447 1408 2256 4543 4330 4016 123 4355 2810 1452 822 1167 2574 2002 4106 2219 1649 3344 466 4809 4603 3563 3916 454 3320 4342 2882 1180 4908 4859 1663 4840 1116 4307 357 2169 2838 4646 4941 4753 284 3325 2021 3662 297 1677 4242 4714 1778 2205 3749 2709 3782 4618 1916 2861 2525 3376 1085 1200 2395 4104 1148 910 462 1860 1439 4323 746 3358 680 3240 1307 1919 4274 1430 2687 2601 1379 233 4878 606 1330 4989 1198 2706 1868 3014 2899 658 16 988 4502 1009 4787 1399 1586 2041 4200 1411 4297 174 701 3019 2191 4530 3503 3092 787 2009 4748 1934 1389 71 331 649 809 3179 2362 4486 1938 1924 3545 4832 2668 4535 1726 4667 3237 241 4550 244 4985 362 4290 1717 4931 425 296 4330
1131 825 2591 2366 2453 2353 154 4833 1300 1047 1469 3020 4581 2280 3561 408 1812 986 4381 2883 2154 315 1226 3446 988 433 610 2328 3024 342 1444 4001 3902 450 1074 516 2152 4360 4968 2507 1813 2604 2591 2001 313 837 4954 472 1596 1954 4819 1737 1166 4379 1312 3686 1950 3153 1155 312 24 1778 3497 349 66 453 1479 1965 1820 250 74 3359 173 4470 3502 3031 4046 3206 3700 4954 3518 1372 3259 2063 329 3163 3644 2717 2888 432 2103 1537 817 2179 541 1079 702 1267 1887 1144 2289 3877 2403 301 2451 1873 559 2620 2809 2730 3232 4231 2627 204 1986 4430 1463 4467 267 1016 896 3692 2902 2118 1305 1652 4813 451 4300 1597 127 359 1744 3096 413 2048 2685 2608 2343 4212 2182 2156 4758 3518 1899 360 3153 3609 2902 2670 918 4043 2681 2020 4642 4650 3168 3875 3752 4961 4033 4320 65 134 3384 2220 4418 4158 4495 2278 1319 3380 1023 4667 1410 3026 886 1754 4618 1528 1222 1513 4247 3789 2409 942 3538 2496 2539 2072 3447 4279 614 1059 3121 1822 3951 4187 1874 3324
2623 228 517 3798 3057 3517 2570 1277 1241 1469 739 4599 4377 3074 1221 2302 382 1708 351 205 4987 2322 1851 3381 4943 3422 1246 2985 2765 1410 525 1991 3188 4664 2886 3879 3223 466 2128 4535 4239 4180 3645 829 3606 3775 2526 4895 3633 4805 2674 2846 4933 990 2326 1216 4530 1051 3287 103 4789 3834 1622 2789 4642 440 283 3527 2009 3795 3351 2354 1209 2022 3658 347 3518 1489 3386 2549 3187 3527 1200 3331 3719 2423 3504 2445 4535 3606 4232 1948 355 86 3395 1796 4528 1096 1886 2211 4253 1815 2296 1949 1492 3360 527 1858 1021 160 121 4840 2724 1068 2387 3500 3193 2788 642 871 362 726 2212 2715 813 821 1562 1196 813 4734 4558 4097 4805 236 1496 2238 345 2865 4328 3838 933 357 306 2928 1541 4225 1641 1416 4653 4808 1726 4570 424 3173 100 2063 1739 3434 2622 4498 4686 3401 2520 2841 4207 4747 285 4703 449 675 1495 4838 4669 3984 2581 2732 2046 4398 1323 3893 2444 3692 584 718 3188 1711 826 4579 4731 39 881 2930 2877 1800 3348 1928 3685 868 3787 3364
2659 521 1185 274 2696 4840 238 1949 4019 3020 4599 1203 4033 892 3899 4818 1038 593 288 3077 3630 213 4376 171 3073 4263 4513 675 1680 4012 363 2230 1713 1264 3130 1184 2620 950 1707 4038 123 3105 2337 4119 882 823 2266 2142 1620 4798 3543 752 2301 4659 2034 282 2801 2033 970 1411 19 4184 905 102 1776 1254 4110 2843 2154 2731 2943 3981 2213 4958 3738 527 3746 3068 4367 4566 2375 4643 3843 2720 1874 776 127 4599 4268 3903 600 4419 4365 1441 3844 3461 904 914 4432 1468 2869 2621 433 2542 2062 3802 2264 4462 3896 2063 3292 1751 2351 3185 4430 4314 1284 3765 901 4158 281 694 4996 1589 3748 4424 2162 3022 559 3423 4791 498 2900 4865 4974 291 2607 3094 2029 314 1357 367 2339 4422 4015 1767 2952 811 2917 675 1909 1847 2829 4617 3663 2490 4470 1351 3595 2541 4416 3329 3352 4361 855 3320 1875 3568 824 659 4309 2146 1553 1043 2682 1959 267 1948 1900 526 3061 2757 4731 2392 2155 41 3527 2375 2929 4873 31 2406 853 1649 2934 1045 1001 4680 4447 309
4232 4196 4421 830 4277 3023 4658 1428 3423 4581 4377 4033 4041 2327 1625 2798 601 3580 2661 949 1181 3464 4715 2091 4284 2614 4440 1187 4069 3709 3651 1339 465 3408 2546 2457 3293 3704 2079 1688 3317 1383 991 3465 3911 2150 128 27 2949 129 1235 1836 4329 1465 3443 4008 4063 4442 1559 2567 4164 2864 858 2576 2704 1003 1106 1930 2896 2850 519 4104 3943 215 3495 2806 3395 3256 3517 789 2320 3077 4215 1176 588 482 2984 3441 1837 2495 2701 1148 1702 1569 1455 164 862 2528 768 3283 1124 1336 2692 3968 807 4515 4676 4466 3846 1521 4076 1413 2904 1554 3488 4712 3520 2510 2806 3978 3330 1358 3166 4140 809 3181 4143 3466 562 2414 1091 3253 755 3543 185 413 243 726 4873 3330 4266 3053 1886 1053 3035 1630 2234 3215 4328 4525 4534 4309 349 2964 2577 2278 1854 4914 2894 4830 3285 400 4473 1437 787 1772 2612 626 1372 481 1409 1880 1878 848 2793 4417 453 2427 3201 4456 3731 2475 2029 3863 4049 2018 2462 1694 2113 3557 180 3369 3974 4988 2640 586 4045 3899 4167 2312
2639 3704 3613 1869 342 3448 619 1285 2475 2280 3074 892 2327 740 3015 3395 4762 4643 4132 4755 3742 2058 4843 3554 3627 3684 4442 2572 2518 3498 3388 2257 4098 2164 3927 1600 1021 4086 77 1571 510 3076 1054 2339 4756 25 974 540 4486 485 2882 4544 796 415 985 2922 3646 2623 4446 2231 3751 4507 1701 3558 3180 803 785 1161 1636 1055 2500 2241 4052 3880 2700 333 2700 2651 4559 3888 589 4799 4891 4404 4190 1939 3712 1632 1686 854 662 1444 893 4324 1987 1901 1645 3891 4303 4325 245 4530 3757 2210 154 3188 4107 3346 776 2905 3185 911 1611 4718 76 635 4779 327 2763 4672 1779 1719 2871 2567 2359 1878 4635 3079 1540 4430 2401 1179 4372 74 3888 658 1045 2950 706 28 2040 848 397 3362 1013 4605 1996 1437 995 2556 1987 4398 998 2014 3745 1140 2494 1106 2889 609 428 3308 3504 2997 920 1193 2285 4371 1757 3115 4698 1874 3520 2052 739 513 2950 4276 559 26 2667 4917 1282 3841 2227 2059 4719 1148 2675 4401 4154 1171 3063 3179 209 2685 3717 3353 3791 2417
439 3085 1476 227 2546 4543 2706 4395 4960 3561 1221 3899 1625 3015 3113 2771 3941 400 740 249 1335 242 3044 3308 573 2039 2416 704 2513 4203 3206 2552 4488 456 1149 3208 2077 344 1000 3090 3974 3821 4097 3083 4657 663 2301 256 3636 762 2217 2135 218 4579 3513 254 3805 2383 674 2687 4020 2126 1425 562 1349 3888 3527 1761 1073 871 3741 4231 482 4678 3634 4823 297 1295 3089 1724 1122 4429 3269 3551 1908 3691 90 1553 1697 169 2765 200 620 2746 1507 2159 3470 185 2122 642 320 3344 4695 4734 4160 4334 3807 3815 4372 1148 718 4520 3238 2017 3494 860 536 3779 3372 4462 222 977 311 2820 2327 2671 728 3559 3473 450 3628 1390 1949 2746 1045 1508 1204 3589 2157 2800 1830 1277 52 4114 2923 185 4293 719 983 1619 1217 811 26 949 1662 4581 3647 236 4220 2751 3477 2569 4617 745 276 637 3348 67 3766 1465 746 2810 3155 2778 1428 4275 3251 244 1877 4051 3456 136 199 3176 3420 1439 3685 67 1898 1343 3095 2317 1173 1158 258 3634 2657 4041 3978 4178
3238 2936 4554 3590 3083 3942 3450 2634 3566 408 2302 4818 2798 3395 2771 4722 297 2523 2229 4109 3080 82 3358 2796 1084 1904 3169 4174 3379 1495 4395 670 360 719 1735 1957 2545 2188 2499 45 1380 860 2805 3619 976 252 1059 4546 1864 1594 3321 4920 1001 2916 4909 1181 2190 3308 3425 287 248 3815 2765 2879 4682 2468 4496 3216 3749 3271 3473 632 683 2003 4521 4431 1723 1660 2821 4201 2835 3808 722 2530 2129 4827 1173 1086 1711 2873 4321 1535 1123 4625 3216 1403 4086 303 1511 2758 1104 4672 1338 3065 2356 665 274 4027 1519 4178 3194 999 1091 3137 825 673 1365 3984 1450 2583 1278 525 446 4334 273 2112 2844 3796 4306 2844 3677 1414 4004 686 2123 2281 3303 3366 337 3267 334 4527 2476 2011 1897 1965 3769 3610 2350 2367 3708 3508 3178 1600 1161 2880 1397 2405 1047 2960 4324 3300 2188 839 4116 3827 4645 3590 4529 3559 1600 2350 856 1703 4994 4364 859 308 213 688 1512 4598 4555 3862 2480 3298 4039 451 3475 4531 716 789 4400 1140 1362 1798 947 1809 4966 1096
3695 4235 4591 887 4340 1246 753 2169 3024 1812 382 1038 601 4762 3941 297 635 1572 1386 4965 2039 4533 44 4725 2653 2854 3588 1628 2519 903 3120 3878 2132 95 3174 4385 3293 3210 3861 491 3029 2137 670 4582 4419 493 3112 3702 134 1243 1253 4426 1208 93 4425 4143 4715 3880 262 1169 1588 2564 237 1768 2304 768 14 4722 1410 4687 2852 2246 1541 4697 3269 1003 207 1642 2876 3103 1741 3893 3042 1915 4268 1212 3256 252 2187 4958 2627 222 262 2785 4712 2855 4063 741 911 330 3967 1769 3270 3788 3524 3613 2562 1630 4763 802 2169 3155 1027 2913 2830 990 342 4740 4793 1037 3195 3296 941 505 2814 4975 3158 2232 128 1090 4032 3786 4450 1611 3763 3422 728 3576 1580 1101 3601 4125 79 4189 1460 1952 3683 4188 2656 1843 4700 3019 4252 3823 2751 1423 1765 3505 1872 2084 2728 4415 2977 4365 1562 1652 1370 2251 478 1509 1975 2568 3271 1616 3696 2328 3572 3617 312 4068 582 3843 4549 4597 1469 2380 3553 351 4153 1011 3831 2338 977 715 4936 1901 3284 3347 2094 4138
4974 1942 3506 4577 3533 1083 1314 1552 1017 986 1708 593 3580 4643 400 2523 1572 845 144 579 3681 1591 4446 4023 1149 4643 3714 1150 3816 791 3485 4482 2658 4240 2244 2737 2238 1124 366 3912 1129 773 4394 1727 2970 2998 2986 2917 2982 1465 1689 4633 2172 3795 3652 351 536 398 1414 618 2133 3866 2842 889 773 3668 2695 4963 3107 1425 4800 965 4717 2593 3325 4222 2635 3053 980 2327 886 3740 1043 2790 3421 1996 1397 1104 3873 3744 4024 796 1018 55 4319 3748 2512 3332 2874 3451 1094 3555 3715 2403 1526 3168 4031 4876 3740 3701 2898 3852 822 1979 4550 3799 3237 2448 2860 4135 3896 475 4927 2978 554 1459 4196 1385 1071 4168 2588 1005 4547 3544 4846 4436 4318 4497 3557 920 1106 2447 221 1924 979 4944 4616 1741 2373 3086 4132 4921 1595 3337 1025 1389 4140 809 1821 4103 4042 781 107 3181 4297 4946 1075 3948 3879 2382 3529 4113 219 1525 3445 130 1404 1177 4038 3935 1197 1166 4468 182 2972 4559 4118 2990 2874 2568 4412 2207 1301 3154 2146 4389 683 2604 1920 4412
2408 1547 3381 469 2825 3398 1522 1645 3105 4381 351 288 2661 4132 740 2229 1386 144 1427 4274 2829 1914 1265 646 3626 3695 3230 1556 4760 2627 4216 711 861 3542 4187 4695 2177 2163 763 2399 1068 4441 4093 2319 3510 3760 851 2567 2750 4359 3738 516 2868 2472 3546 1747 4820 997 895 4883 3187 4630 3354 83 3431 40 2871 772 3217 224 3814 1847 1427 4996 1385 3201 3771 4510 263 2490 4024 4018 2164 4249 1644 852 223 3947 1727 4430 3120 2640 868 4844 2301 1974 352 2700 1799 3768 4342 3762 3823 3669 3436 4574 1808 2495 3979 2741 4259 1058 1899 931 3347 962 3265 769 28 3485 3574 2844 767 2630 3885 1580 4525 4898 65 3820 3780 4022 3949 1652 2234 896 370 4331 281 725 2605 1854 3034 499 3014 621 1643 707 715 4658 3475 2393 2460 15 2590 2621 198 1215 3225 1111 250 3039 3969 3606 3353 1837 2626 2883 3874 804 3183 3526 4144 2356 4625 3267 24 155 2819 1251 2092 2709 1804 2348 2667 4515 711 2877 3082 2032 3572 3263 1898 2814 3985 712 726 3245 1510 2444
816 2884 3073 843 4940 3950 3960 3567 1586 2883 205 3077 949 4755 249 4109 4965 579 4274 2762 340 3639 850 2310 4150 2864 2122 276 2949 392 3738 4636 897 3055 1212 1591 1374 2064 3211 3867 3747 2239 40 4484 1449 352 842 187 298 4417 656 1450 1496 1877 2617 2514 1951 673 624 4823 2756 1270 2774 3100 865 456 2403 521 3228 65 1870 4146 4767 2038 714 1200 4304 3209 3448 317 1961 3729 3701 4123 1387 2915 1821 3270 3341 4454 2443 894 4725 3092 2223 3701 3672 161 2215 3408 1841 844 803 2997 1545 4427 2817 2314 3550 4073 4360 4043 325 1848 4211 2578 2795 347 384 1332 1828 552 1366 858 2719 850 3892 4203 937 906 4384 3697 2300 2302 312 4158 2930 1623 169 1724 4970 3891 698 3528 4397 3124 2365 998 4746 2846 887 3216 4213 2453 4305 1163 4219 1749 1554 4469 4735 1783 4549 2604 1675 4150 3813 1625 3784 1703 3200 3724 3084 3032 1251 3093 2321 1394 3877 4380 4241 2317 3956 4105 4833 4365 65 4915 982 438 3045 2825 553 4296 412 2820 1428 775 4633 2223
1434 4168 4778 4743 2043 3041 2050 1567 3746 2154 4987 3630 1181 3742 1335 3080 2039 3681 2829 340 4733 4053 2573 1412 425 3229 3863 757 3211 542 1369 1160 1203 4345 1714 990 555 3892 3954 1184 1573 4901 1495 2468 1849 2156 4692 3750 4283 1753 4186 911 123 4815 4628 247 496 2234 4422 607 2956 120 1328 4703 2897 3079 1039 3969 95 3112 3324 4048 3812 4436 3009 1095 698 366 2223 1179 1999 1916 2910 2909 991 176 4461 4954 2242 2896 3024 780 4698 907 1494 3070 1617 2448 2718 3973 2918 4334 4283 4072 2911 3526 3504 1574 2276 2468 3474 3753 4455 2138 1383 1008 1361 3119 1566 633 47 1283 166 3937 45 1433 1611 3665 2615 3249 2721 1879 972 3202 2299 94 3162 3098 3533 2433 1009 439 4601 541 3019 215 3613 2693 2073 330 352 617 4077 4109 4962 3059 401 4695 364 116 3096 1562 2142 3441 1915 2188 3351 4081 4046 1339 1729 4881 1526 663 1413 234 4254 3158 3026 806 3208 1664 4983 1796 298 752 1033 3486 4822 1102 2442 2795 4015 1520 2169 4203 1019 1921 303 2814
3263 2197 4119 4210 4318 2894 76 302 2149 315 2322 213 3464 2058 242 82 4533 1591 1914 3639 4053 4143 4223 3886 211 4747 3161 2224 2113 3233 2214 4598 1660 4584 3568 1949 4445 4395 3585 1149 3728 4662 1161 2930 3638 2290 3997 4629 4703 3985 3427 3264 441 2839 4479 2052 1390 4175 1359 4368 4379 2887 3361 3716 1919 1484 712 2582 3828 3356 4902 3290 1027 83 4423 750 2545 2899 4676 2148 4535 1166 4559 3625 2702 1721 1018 4229 208 1398 4700 4363 3361 3214 1744 106 1306 3755 4536 1440 1483 1640 2745 468 3792 1549 780 1898 641 3669 298 3585 4497 4024 3806 4880 3253 3123 3422 4584 646 4082 211 360 4005 3815 4361 755 3288 3176 4515 2829 3657 1560 3959 1042 2897 4130 2831 1265 928 4427 1398 3168 4439 1969 1769 2664 3659 523 3982 1367 1395 2522 918 1895 2769 2139 910 2745 3462 4949 3516 1227 1058 4019 1030 4279 1471 865 1534 1311 232 4563 2168 1095 3295 1498 1600 38 815 4277 1479 211 2347 1974 2669 1416 2580 4192 13 1201 3117 3079 605 676 1846 4033 615 1487
2075 4844 2858 4132 2556 2589 4828 4514 2885 1226 1851 4376 4715 4843 3044 3358 44 4446 1265 850 2573 4223 2511 2570 2692 2412 4085 3494 1341 4599 1649 1496 4163 3259 2552 2529 995 809 2987 4020 2016 3992 3678 1809 3755 3302 3631 3866 4852 2367 3684 4290 219 2663 2628 556 3227 2353 1135 70 4024 4816 2653 2460 689 4668 3784 2757 3922 2250 1864 1304 274 2696 4793 471 4592 2005 4284 405 3750 1614 676 4531 1091 1241 2303 3524 1597 4327 1089 534 2748 2242 4382 4820 4594 666 3320 923 278 1135 2739 229 2011 4764 1363 3169 3005 212 3254 866 3076 4628 565 4711 1400 4710 4553 4385 3115 2891 1249 3608 3195 3377 3185 714 3243 295 4345 1750 456 1831 1755 2711 1505 2966 648 2630 1938 526 342 1748 4622 3191 3200 1833 503 4268 4409 4420 1443 3314 2859 760 1237 2564 786 610 1855 3192 394 2908 196 3465 670 3573 941 2622 2296 3558 502 3423 4947 3759 4499 2987 3739 1841 4991 2328 1783 3968 488 2516 684 2441 4288 1373 2925 553 3955 4581 4350 2097 755 1705 208 4382
1293 2417 2097 2700 947 4777 1697 3230 3523 3446 3381 171 2091 3554 3308 2796 4725 4023 646 2310 1412 3886 2570 2961 122 1724 2945 3527 3629 428 1338 4707 4341 4663 2570 3143 4960 1437 566 34 745 2756 1940 2177 1017 4099 1521 1610 2422 4443 1760 3331 1137 1147 2950 2662 403 3279 1865 226 2021 2130 3697 1343 368 3649 2090 854 3863 1806 415 3633 3338 4344 4456 350 987 523 1486 4074 219 1440 491 4981 1984 1273 3241 4715 3343 3965 4830 4738 1607 4933 1615 4806 3773 2430 1901 1450 4154 3788 1074 2964 1240 3104 2690 2575 273 1053 1385 784 3840 215 3178 4122 660 380 188 455 3229 3388 4904 4665 1931 3839 2677 787 1221 734 1153 2788 4918 2366 3884 4416 923 3209 1439 4917 2298 3411 863 3095 2713 4896 4213 1826 4002 425 1569 3879 2321 3399 568 2053 4755 364 3715 318 2904 2420 698 1976 3059 2306 3652 235 4767 4575 2413 4122 1097 2975 2781 3291 4659 919 1514 1205 2854 4968 886 2377 2031 1487 986 80 2286 1520 3693 4293 1062 976 254 3946 3571 2295 2005 1497
1477 4937 3280 3207 4802 2466 3331 4806 600 988 4943 3073 4284 3627 573 1084 2653 1149 3626 4150 425 211 2692 122 4172 3189 1218 2936 1310 3712 715 4208 2166 1196 3121 963 571 269 4862 3946 899 3500 1075 4409 2743 3349 673 541 4136 3182 539 2477 4368 2027 3405 2500 1215 806 536 2225 4931 2770 547 4481 138 681 1511 3228 3970 1151 1437 859 3367 2017 191 1613 2924 1276 2482 1495 3776 2621 4700 15 4415 1607 3704 1908 3987 666 3810 1676 1030 1759 1237 3646 25 2202 811 2800 3862 3220 2498 3741 3900 2521 1915 1143 3407 4313 4976 4322 3892 4385 4433 1996 2587 1781 2841 1019 751 393 1114 3592 2370 4953 1271 4966 1529 352 2369 1684 1080 376 596 4538 2635 1045 4108 3859 1250 4222 3907 1446 1890 599 3120 378 2821 1324 3763 212 4046 4567 2279 4254 3821 469 934 4295 4266 2344 1335 3714 1636 734 2735 3135 4402 847 4945 3774 2066 470 3128 163 4147 1786 1739 4456 2766 655 2432 4486 2332 3810 2301 946 2929 4818 4560 2306 4116 3195 2264 833 2803 42 800 3537
3265 2820 4920 1681 4497 4516 266 537 608 433 3422 4263 2614 3684 2039 1904 2854 4643 3695 2864 3229 4747 2412 1724 3189 4242 789 2164 4498 4616 3743 342 2817 2468 2253 518 1007 3366 280 4016 1918 1060 4424 3243 3205 202 434 4695 3141 3797 782 3335 4215 2382 4937 2600 2706 3737 3754 2406 2121 548 2166 791 4318 4914 2708 4588 3057 1410 67 501 4868 2125 4502 909 2674 4293 2227 1433 424 4047 1862 1112 2359 564 938 1077 1793 2026 3379 3515 3282 2103 1944 1868 2627 2785 3851 3191 2242 37 327 3210 4354 1522 3079 2631 620 1222 4245 4500 4180 297 113 1772 910 3891 1741 421 4511 3098 800 2076 4134 3463 1553 1743 2938 2127 2843 246 3135 4017 3212 2929 787 2055 693 1668 2799 1441 4330 3360 3377 2756 3947 2621 170 808 101 751 3907 1291 2214 2017 2358 596 4441 4592 2952 975 3158 1081 633 309 3494 1732 1840 1955 3841 2359 1322 4489 1163 2903 553 3307 2165 179 4516 2893 690 4741 4114 3626 2957 1618 2887 2052 3805 336 4467 3920 3109 4823 3448 4144 1895 3234
3905 4909 1134 4598 4085 180 4123 397 4985 610 1246 4513 4440 4442 2416 3169 3588 3714 3230 2122 3863 3161 4085 2945 1218 789 4915 2555 671 322 715 95 577 3930 251 438 3399 845 1589 3044 1897 1198 1934 1011 2951 1434 2475 56 4256 2517 86 1872 3613 703 667 3815 3532 4635 2853 2334 4422 3062 4000 1363 3658 3835 4560 3087 3705 4979 4524 4622 2914 1539 1053 4491 150 1377 81 1426 4339 4849 4648 4411 3906 3843 3285 2145 238 2424 2718 522 641 1623 2479 772 760 2210 543 2356 176 3606 3379 2478 4881 1174 4753 1475 3041 2206 4135 3436 2905 87 3021 2685 1411 1294 764 3045 4811 2587 4160 4625 1602 984 4001 3110 4149 4964 1059 1806 2329 1870 2637 3289 4358 2467 4175 820 2074 4381 2184 1287 3760 2929 1567 3385 4938 1599 4009 2453 567 1491 3708 1191 1190 4910 439 990 4899 2682 3704 1302 2031 2726 3022 3571 4785 1221 732 3828 587 4400 2796 4625 2992 3141 2768 4647 2459 4803 2710 4472 161 172 775 2884 4608 2701 467 2585 4822 483 620 2651 2848 3003 305 3056
2379 1148 2103 3065 1232 3719 4310 4537 1581 2328 2985 675 1187 2572 704 4174 1628 1150 1556 276 757 2224 3494 3527 2936 2164 2555 2847 3565 3815 1908 2596 423 4550 4886 3894 3864 2446 2630 4748 2259 4820 1462 524 74 1699 153 4908 160 2999 2454 2911 4312 2414 1900 2701 4350 282 3039 1075 299 3355 4755 542 1305 2270 35 642 2255 2250 4958 2921 968 1054 3911 1762 4224 4217 4880 4534 4759 1468 2213 2450 671 2622 2074 3450 2973 1859 3652 3969 4816 436 3667 541 2800 4666 2344 2881 1661 1339 3133 1380 3563 4985 2507 3503 3758 1720 1695 3885 4906 4942 4117 2709 336 4816 3127 4228 3518 4639 2382 2310 1705 1448 3096 4444 4241 3194 3121 2586 3688 834 106 1059 3226 93 1778 2298 3820 899 4733 1153 1753 4867 1370 2349 776 1769 4397 527 2965 1703 4085 1775 739 4354 772 4699 2314 104 4426 4001 2143 3299 170 1775 3285 1946 3662 4125 2314 4043 2560 3867 3415 4922 2382 4259 1668 4219 2964 766 2028 1937 664 3050 2201 2081 2813 369 1389 4151 428 1587 2189 4504 1803 2090
2894 2050 3580 4188 561 2345 733 4943 4312 3024 2765 1680 4069 2518 2513 3379 2519 3816 4760 2949 3211 2113 1341 3629 1310 4498 671 3565 3184 1729 4615 3126 589 3098 2273 838 1978 2571 2757 3021 1963 840 3131 2446 3612 2746 3227 3578 1108 257 1016 1166 3085 1136 755 3484 4472 3952 4889 2999 3399 4731 3637 216 649 3626 4099 2408 3589 3398 3901 4532 2683 4505 372 4672 706 1079 357 3602 2210 4305 1115 3346 4309 769 1916 2771 4342 942 1146 3814 1316 3663 701 2592 2577 2827 4108 4360 4987 2200 2135 1203 4973 469 4065 3555 1908 3096 2387 2406 3798 1227 395 2938 402 1900 3414 4439 905 737 3307 4424 99 2702 1897 161 1272 4945 691 87 184 1987 2192 4422 2418 3840 4827 4856 2084 4468 1452 1281 2875 1071 682 2765 481 1362 4831 838 1461 1591 1434 1384 2354 3624 4120 1198 4366 245 3911 1156 1858 3157 2162 1349 1320 4242 3226 1235 805 4902 3696 3449 4711 3628 2396 2525 1530 2799 1272 4751 1692 616 2556 1306 824 1796 2937 1941 2156 1454 4541 1503 4903 3925 3081 2380
4111 4194 3082 207 2791 416 2189 2127 855 342 1410 4012 3709 3498 4203 1495 903 791 2627 392 542 3233 4599 428 3712 4616 322 3815 1729 3388 4401 654 1500 2116 4437 2932 510 2368 4436 2186 3777 3851 4914 29 709 4592 210 4655 1256 1660 2472 4557 1952 2936 277 689 4760 251 3998 1571 470 4368 1605 695 3156 1812 3941 3396 2961 2332 2217 2253 4672 3777 2840 983 3582 3106 322 4368 587 1313 2751 1065 4326 4407 1903 3268 4818 422 278 3748 1252 1292 687 1882 4424 4550 2696 3438 2638 2929 4792 4243 3164 1898 3174 3037 4192 941 1022 4534 44 1892 4494 1303 3965 31 944 3963 675 4022 344 4423 4535 1733 1960 3169 4764 1030 795 99 2561 4690 3611 2350 1640 2022 4205 1057 2001 704 1172 460 2520 2723 2739 4208 4685 4613 4385 2404 3039 2069 4572 2608 1993 534 544 943 2453 310 4232 3277 301 695 2249 1633 4306 3218 2509 77 631 3670 4205 4926 661 3569 3038 1070 816 1701 752 4263 1397 2687 343 2860 3325 4794 1584 2914 2835 375 4666 3444 2208 4918 3179 2083
2381 1529 1037 638 4199 2766 1540 2831 3812 1444 525 363 3651 3388 3206 4395 3120 3485 4216 3738 1369 2214 1649 1338 715 3743 715 1908 4615 4401 3339 1753 1115 1971 2985 1533 721 3730 2680 3691 3707 3938 2476 2651 1477 2265 1790 734 3178 3626 1046 1914 3520 4018 4462 1118 1994 1529 4148 2898 2897 3726 4419 739 3532 695 3680 3691 3257 1275 3572 933 3430 637 2421 4654 4531 4077 4078 209 2076 2934 321 239 4111 349 4585 4267 897 1554 2981 3992 1253 3663 735 4682 188 4714 2607 374 2321 1461 2929 3741 981 4311 127 4931 2549 883 1944 1880 3439 2544 3896 4019 4067 1974 4302 4241 1986 4355 1466 3018 1708 794 1344 2478 3951 3349 3797 3366 82 1008 4935 265 2950 4385 705 2145 3283 1796 3838 876 977 3355 2804 1074 2657 3191 1975 4078 2519 149 1839 2667 1524 3960 1408 1531 2101 4383 4599 4149 3869 90 4265 3785 1082 3022 2902 1070 3333 4561 830 63 2851 2002 2869 2609 1075 2738 819 4236 2970 1682 596 4934 4864 1950 428 168 1410 345 4000 981 2134 4390 4318 403
392 1031 4596 710 1755 1445 1903 4179 1121 4001 1991 2230 1339 2257 2552 670 3878 4482 711 4636 1160 4598 1496 4707 4208 342 95 2596 3126 654 1753 676 2287 2200 3205 2202 3605 2992 3229 2633 888 1023 3352 1539 4584 3044 3986 3020 2467 4303 3756 4244 121 397 3478 3283 1471 1397 1415 4733 486 2340 2710 3889 885 2833 722 3342 4826 1218 2728 1148 3331 4759 1136 1692 916 3287 4655 2930 4693 1698 3944 4630 771 2600 1631 1344 13 81 2530 587 4976 1084 1932 3945 2957 3275 4511 4315 1488 1894 2748 554 876 4144 3007 376 282 137 67 2672 387 4508 4150 1314 2162 4467 4559 3248 4839 2003 338 715 1336 3827 3395 1989 1016 1814 191 4560 4748 3306 2330 376 20 138 1306 2400 4850 1718 82 3790 3456 38 3810 4038 4021 4358 2034 472 3236 1975 2689 3381 4158 1528 1325 817 3815 3037 1793 3163 753 4452 4686 970 1124 4597 2625 4931 2242 744 4333 943 4254 98 2162 4355 1168 1484 172 270 4810 3853 1657 2236 754 4133 81 4760 3628 4534 2758 2235 935 4459 4648 223
4415 1196 1700 1381 800 3610 1868 1088 2646 3902 3188 1713 465 4098 4488 360 2132 2658 861 897 1203 1660 4163 4341 2166 2817 577 423 589 1500 1115 2287 4001 1559 99 4776 3729 330 1784 896 2980 4189 1595 173 4850 314 1247 3868 2431 3219 3327 4952 4511 2577 3507 3021 2803 1415 3530 2367 2781 3116 450 4294 3581 3978 3315 2799 4356 2090 810 3596 2308 3207 1324 4373 3334 361 4652 4580 3519 3908 3239 1677 4498 1958 1725 1984 4664 1721 1818 1051 595 4014 699 3777 1789 1326 2800 162 4479 1276 4676 4702 2648 477 3650 1930 4664 311 3716 2582 3218 506 3428 4501 2102 1036 4026 3824 1980 46 1594 173 962 2757 2480 1958 666 2233 551 478 4332 415 3314 4129 4749 3709 2563 1444 2994 487 582 2736 4999 3717 320 2734 833 2241 3788 107 2661 2078 4142 3168 1192 3987 3747 2398 2734 325 2802 748 151 2590 941 4071 2374 2800 1656 3049 448 2182 4781 4449 137 4185 4321 3755 3642 480 4577 3784 3691 1325 4875 1577 4100 4011 2798 653 4698 2524 118 165 3236 785 2245 1714
1172 608 685 752 4597 2547 1611 1713 2640 450 4664 1264 3408 2164 456 719 95 4240 3542 3055 4345 4584 3259 4663 1196 2468 3930 4550 3098 2116 1971 2200 1559 693 2932 2021 340 4737 4429 930 3230 1172 3835 3245 4796 1335 2487 1234 3446 3169 2310 3775 62 811 4572 1137 594 1916 1201 383 3925 479 4150 2174 2209 2367 2056 383 888 571 3956 1385 3945 4348 2773 4053 2325 845 4434 3300 2278 271 4368 3367 2877 1144 4038 1705 4427 302 3037 129 1876 273 877 4247 4265 1718 720 1362 180 1548 3475 2976 4480 2811 2676 3222 4148 2520 3445 3374 639 3931 1581 1144 422 4002 485 1959 1079 4224 210 35 155 3685 4611 2227 243 1957 2994 852 344 4249 84 3565 4105 928 4357 1630 3930 1964 2632 1436 553 1787 750 395 448 1574 4246 3493 3419 2023 3347 1632 2326 4120 4155 1071 2195 3110 238 385 643 4353 765 2845 4620 4713 4121 981 703 3602 729 2121 4740 3762 429 1266 1843 1018 2586 1118 457 4496 2401 4538 4289 804 3823 2084 1461 4046 3356 315 4165 3843 2376 3198
1640 872 2868 3524 3823 1780 1874 442 2303 1074 2886 3130 2546 3927 1149 1735 3174 2244 4187 1212 1714 3568 2552 2570 3121 2253 251 4886 2273 4437 2985 3205 99 2932 2431 928 446 4469 448 4709 3488 176 4429 1577 4125 2761 2586 1687 4872 4009 3146 3789 3026 4332 907 2778 3607 1493 398 2589 1704 569 1535 4857 1046 3276 711 4701 2233 4545 4709 1962 4498 3992 2801 1705 1863 4903 968 2158 970 2295 4287 3612 3534 1511 4006 12 3937 65 4307 945 710 2683 4100 3834 4418 4450 2340 3407 1989 3289 389 3310 4065 806 4097 1972 120 2516 3614 3149 1795 644 2768 1792 4059 1377 2001 3216 2599 1288 3861 4501 3850 346 4779 1510 2136 3476 3841 1777 3414 4653 3353 4690 2221 558 4064 4055 3232 1692 1052 1975 3304 4704 1997 521 2129 3993 1502 3804 2997 1306 1706 3784 3762 4891 4638 1955 2890 1785 3844 4913 1897 3304 3073 285 262 4371 3784 2971 1957 4726 320 4023 726 2861 4139 4647 1702 4374 3477 1161 4596 36 4293 2464 1237 3745 469 568 2502 537 2906 1504 1032 3858 1913 2086
795 4759 3515 3858 2926 3361 2586 1301 2440 516 3879 1184 2457 1600 3208 1957 4385 2737 4695 1591 990 1949 2529 3143 963 518 438 3894 838 2932 1533 2202 4776 2021 928 2170 4406 733 4729 645 1009 899 4640 1403 1140 1651 2113 3186 3908 2034 3223 1025 1386 3469 4926 575 1803 1967 3030 2282 4127 925 3539 1944 2857 1107 3757 3130 308 1956 3169 4115 2959 3094 4488 2005 2684 668 686 3878 4392 4266 2443 4179 2405 1408 4987 725 418 1715 97 495 1792 2864 3744 1969 4275 3371 4725 201 1059 3461 1691 1347 215 2470 1690 809 843 2455 1768 789 811 2197 2353 1553 2478 357 1039 1626 1482 3622 1486 2292 4387 4505 929 2718 4270 767 4856 386 2219 1574 2921 2878 860 1606 4405 4496 2125 1356 4141 365 2603 660 4383 757 4353 4666 2786 4424 4285 3047 3246 2677 772 131 1743 1678 2339 2986 102 3867 1152 4639 2205 4698 110 3818 2691 2718 778 544 3600 4023 3284 3858 2898 2206 2310 4554 3418 2767 41 3697 1209 3647 1080 4842 3851 2846 1890 2362 3737 872 4727 1898 3826 3940
3579 4670 1159 1186 1822 169 596 4224 3057 2152 3223 2620 3293 1021 2077 2545 3293 2238 2177 1374 555 4445 995 4960 571 1007 3399 3864 1978 510 721 3605 3729 340 446 4406 2922 3911 786 2934 4706 1675 1709 1939 961 977 417 1922 4128 1758 2383 2913 910 2389 370 3194 1276 3770 2679 2629 936 451 1156 1330 2737 2742 274 1313 1691 4082 1037 3192 1060 4368 3161 1197 4616 1734 4532 2921 1446 2173 4048 84 1711 4099 446 3116 1037 1020 4674 1882 3702 4340 4547 4122 352 1156 1902 1151 3040 763 994 3092 1443 3831 3083 1070 2908 4945 4781 4348 4120 3930 3024 1074 3180 414 696 139 2022 4864 2592 1845 3170 51 1435 4737 1752 1747 2085 1917 2783 2401 37 4255 1835 2378 371 4856 269 3635 67 4235 173 2661 2240 3273 4532 3190 4003 1762 2788 2889 4555 890 1782 4555 655 4707 1269 3806 4827 349 4142 1799 1763 2585 1069 2244 2823 3311 2433 3918 1674 1761 4634 2713 1766 3022 2820 2144 4170 103 4570 419 3662 1817 1238 431 2864 350 4593 2219 3305 2084 669 2844 3739 3041
4673 4113 1167 2516 836 1697 2117 659 355 4360 466 950 3704 4086 344 2188 3210 1124 2163 2064 3892 4395 809 1437 269 3366 845 2446 2571 2368 3730 2992 330 4737 4469 733 3911 1856 1750 1698 881 4807 523 1294 3013 2275 514 1241 1874 2634 611 2933 3065 1981 3934 2325 1863 1448 1545 3220 330 2382 3383 1309 4297 2521 4023 2915 966 1096 839 2551 896 3299 4465 1968 3289 898 2097 2844 3038 442 1418 1537 1249 4859 1243 4656 2522 3364 3043 3233 344 4422 4914 931 161 1717 860 3499 3257 2181 1234 2758 3364 3131 1998 434 1398 590 1386 451 1985 1982 2322 1733 3883 2987 1309 4528 2748 2687 2979 1484 4169 3174 2649 1645 2422 4441 4141 2904 535 1308 1589 3671 726 1093 2450 1258 1092 1527 4500 1023 3734 4685 662 2633 3195 1260 2973 4664 1330 1598 3576 2554 4840 3987 4197 370 2322 1730 3727 1052 4909 4523 2686 1691 3661 3227 356 2255 1456 2011 947 2571 937 36 4557 3071 4595 710 3127 1534 2189 3861 4909 4164 987 2911 3017 4564 1901 894 1188 1922 3444 2225 2389 4526
3558 4073 2243 1341 2621 1656 702 3076 3471 4968 2128 1707 2079 77 1000 2499 3861 366 763 3211 3954 3585 2987 566 4862 280 1589 2630 2757 4436 2680 3229 1784 4429 448 4729 786 1750 134 2264 636 3798 3307 382 3820 4457 1069 1314 2294 2602 2203 969 4477 659 4737 978 3855 3909 1599 3926 4944 15 1834 4838 684 2175 776 2053 1158 3393 1304 2865 4138 1318 1902 2343 2158 1368 3988 2455 2707 2144 1602 3342 313 2679 433 1834 831 3051 2651 1450 3291 82 1382 905 1668 492 4470 3295 3699 2360 677 4969 4060 2393 3970 577 4337 977 2272 586 4808 4740 2160 4099 1700 4793 1828 3780 4786 1623 1825 177 1995 1594 2702 1562 3497 1733 926 318 1063 2562 2610 1778 4975 2004 2326 4294 4315 4549 2837 2152 3886 382 4899 150 2318 3280 733 70 290 1699 4247 2519 3994 729 1397 4450 4300 3785 2365 291 4733 226 1208 2824 1615 4685 174 104 665 4528 360 2534 2897 3542 1879 237 1194 486 4736 1489 1061 1893 3829 2587 823 2950 3143 4973 53 1956 2950 4780 2118 3338 3650 1214
2357 854 117 4289 125 3029 3521 1073 3503 2507 4535 4038 1688 1571 3090 45 491 3912 2399 3867 1184 1149 4020 34 3946 4016 3044 4748 3021 2186 3691 2633 896 930 4709 645 2934 1698 2264 4930 901 4706 903 4698 3138 4983 1008 4609 90 3058 555 4201 1401 2173 2779 4757 4246 798 4566 1555 1724 3811 2583 3864 389 3647 3233 4129 1584 4102 615 653 4320 4328 1936 139 317 1281 3782 3086 3047 1201 2708 3277 3037 184 4054 3652 3794 1374 865 3671 1391 699 505 566 987 457 216 4393 653 1848 1177 3928 1123 3175 716 3001 4636 2752 2645 3356 3789 4995 3701 4340 1234 154 4685 490 3835 1204 2471 4217 1730 3774 1866 4800 2729 3264 2030 1369 4059 1904 446 3975 1279 3801 1236 3204 1149 1914 2587 1553 4529 1284 2967 3838 3725 665 2876 1851 3346 976 4589 4482 641 3230 4071 174 1666 3822 4179 850 4393 2240 2641 4459 4486 2846 1193 1251 437 543 4687 2742 2853 1898 1376 4303 444 2176 1321 98 1130 2041 4747 1177 2587 3518 2296 185 4942 3719 1147 2098 2904 1938 3409 301
