N: 200
M: 20
Symmetric: true
Triangle: false
13 142 51 141 116 50 52 170 198 165 9 200 120 154
8 163 99 42 3 60 182 122 15
7 166 111 187 63 133 192 128
7 173 56 140 62 160 100 53
6 8 69 26 74 27 176
12 143 20 45 193 129 66 137 2 90 146 64 17
10 194 19 10 82 78 152 57 181 190 12
18 65 28 32 158 4 101 97 83 75 174 39 103 47 85 186 41 183 168
7 72 1 94 108 167 34 79
8 70 136 7 172 35 156 139 191
6 37 43 29 155 11 114
12 16 149 23 118 153 80 40 117 107 95 77 102
7 106 49 119 6 105 144 115
9 46 151 134 33 36 125 127 31 145
7 179 38 73 199 197 30 124
18 67 131 169 121 68 86 130 91 164 87 171 180 150 123 61 185 162 93
11 147 157 184 126 71 58 104 178 81 54 109
11 112 110 188 113 14 175 44 18 48 22 5
9 98 84 159 135 88 138 148 161 96
14 196 92 89 24 55 76 21 189 132 59 25 195 13 177
2642 1116 2366 825 1991 2276 293 3443 4849 1103 500 3368 558 2828 4047 3443 3684 1039 4205 1578 4115 3618 4162 4818 343 3443 4881 2804 2317 13 4631 3620 2429 1845 2366 4633 3325 4955 2411 410 190 3068 1439 1875 1221 4877 1456 4649 86 4499 4049 2794 2716 3371 3315 3911 1534 201 3256 3872 719 1295 1585 3227 1873 3148 1259 4167 2544 3699 1316 2064 4833 736 1892 4729 572 4105 2413 3285 3386 399 3303 1547 171 971 1124 2259 1303 514 2320 785 3273 2153 1550 3244 1855 3015 2211 142 1041 3031 2964 3284 4149 338 600 1705 2501 4561 3583 3416 3295 216 2226 446 2744 789 1663 4182 1672 241 2010 3261 2857 140 914 3105 971 4959 744 730 4455 3455 4389 493 3958 2384 3082 515 3798 481 2588 1425 1625 4248 3585 4190 4557 3092 42 4981 4859 3394 827 2444 1299 1960 2097 4175 4302 480 1370 1686 4609 2651 540 4192 4397 4312 4232 4509 1985 4406 2670 213 99 2074 318 189 1056 741 2236 2626 1033 1289 216 4804 3259 272 76 2222 3388 920 755 922 2321 1160 3282 1595
1116 4346 4814 637 3957 2631 3518 223 4005 4442 1376 3566 2060 1495 3946 3300 1398 2595 751 994 251 2185 2905 2581 4709 1846 3767 4436 4407 4485 825 1886 1136 1384 2840 4987 90 472 2758 3884 3874 1990 1767 804 14 4493 297 2153 1071 800 719 1896 4555 2996 773 3858 2362 514 130 1648 686 1920 3752 4253 87 645 2406 3404 2756 3807 1372 1504 4612 3760 1540 1958 1537 3601 2009 3427 3853 1767 2556 792 4952 1061 4195 4192 2610 2151 1765 497 4603 96 472 4892 3824 4190 4276 1721 1968 4947 94 1562 1208 4933 3839 1586 1490 1709 4571 2742 2969 2242 3667 469 1602 3733 2781 2949 2997 2553 3378 2875 4442 1205 3381 2387 4556 296 2239 3917 2936 1187 4364 4588 2605 1483 235 2438 4005 3248 369 3284 4333 4061 232 3423 4279 1823 4000 3881 3357 698 2046 305 2819 1160 4592 4749 2295 3735 1967 4060 3988 3039 3847 4974 3228 2045 1523 4502 1350 514 1002 1126 669 1588 4346 3325 221 4412 4057 4652 446 903 114 2531 3118 3405 2114 4911 3658 1502 4701 297 1374 4923 1675 712
2366 4814 811 4068 4958 1064 2994 2156 2263 3729 1402 4595 2466 526 4205 3290 2395 2743 3556 476 2883 4063 1949 3359 3346 3439 1802 3372 1006 1840 2440 3481 4965 1990 3712 66 4825 3148 2715 2333 1657 4220 1342 2880 1039 3928 2044 638 3912 1905 1413 2666 711 1972 2781 360 2478 917 4614 311 3017 4062 990 2522 1398 2331 3664 361 4972 319 4329 114 2169 4603 778 4533 1421 3009 647 2668 609 670 891 4191 4174 2559 2884 4622 3002 4283 1021 2137 631 3272 2999 1316 873 4945 804 2301 4322 1863 3982 3917 3617 1259 419 2873 1454 1084 2105 4226 11 2238 2901 1088 3021 3718 782 2360 545 1751 2922 3917 166 2685 3710 2642 3021 1936 1112 4928 2475 686 2874 1167 3191 1405 888 4668 4844 4640 4345 4356 1277 2789 3860 683 4294 4920 4633 1498 2321 4028 511 179 2172 3523 1039 2261 3472 518 1629 89 817 3250 4878 52 1877 3377 4285 3773 3511 1373 3233 3605 149 3530 1115 1456 2208 2976 1910 441 2491 3797 1487 4884 362 4104 2184 2241 1925 2939 3589 607 4160 1222 1820 899
825 637 4068 4113 2078 4148 693 2920 2946 517 3916 3952 4025 823 1423 3778 78 3657 539 3004 4340 70 2734 3019 4102 1478 4625 2043 195 3932 2665 4446 3418 415 3424 286 4627 2706 914 287 1935 3075 3451 1162 2644 1809 1889 3223 1842 1702 4572 1799 1132 1950 2202 3931 4104 450 454 2169 936 1248 4736 3398 2049 136 1049 827 1340 1463 4292 2078 2270 2453 852 4065 2029 2294 2108 838 4052 2297 4875 1728 3958 1447 4643 2991 1158 4936 4961 3409 2093 3847 1786 2320 2450 3107 1156 2454 4114 1161 1027 676 4489 1615 1936 3187 4060 4163 1721 1188 2157 4400 4034 2608 2363 33 922 2500 3262 1587 1020 1171 1841 1561 1418 4650 3839 3678 4555 1948 753 2423 2264 3267 4087 3532 4220 3757 1152 1042 1819 1908 82 1312 1813 1528 1574 3076 3056 4453 3822 601 1499 4711 184 427 4445 3883 1613 3241 183 1369 4034 1684 830 3525 3817 110 3981 4641 2838 2731 1937 4202 1128 1121 301 571 1766 2053 2115 412 1948 4692 4231 1329 1619 2626 4771 4765 4746 962 3179 3721 3344 819 326 4283
1991 3957 4958 2078 2115 4004 1522 4884 4730 786 3605 2994 2689 1303 3957 2627 2526 1285 2559 1177 124 3636 842 324 2291 2195 1750 730 2977 437 3126 329 2760 4528 241 4778 2583 78 3668 4667 3339 4646 2649 2641 4201 4378 2541 4416 2482 3811 3092 1879 3345 1627 456 3233 2023 1802 1791 3609 714 4322 4573 4238 504 1339 618 3481 3677 173 1936 1043 4106 4591 3035 1742 3666 3559 3387 337 2465 758 1480 3021 789 4032 4199 958 871 1526 1304 2880 2801 3652 4573 2057 2332 1462 3673 4428 2150 1238 3918 3467 1232 3335 182 1733 4684 3033 2631 4710 686 4214 657 771 470 915 1693 3389 717 4638 4004 132 2103 307 528 722 2966 1977 4740 3373 4236 1207 2284 2096 2887 4261 4730 2989 872 106 2764 3745 2606 565 4864 3207 2333 1004 3609 355 1358 181 3264 4737 3367 4506 4504 626 3838 2739 1680 2998 781 1668 1599 4000 2315 2233 3474 369 4495 3872 3827 3144 4022 2643 1430 1505 1927 2369 4199 521 1365 3322 2113 3573 949 2732 463 4533 2700 4866 1783 4237 2553 2883 1098 2876
2276 2631 1064 4148 4004 785 4621 3707 1693 1191 4342 3950 1130 2049 3913 3182 2688 2260 3858 1863 1462 4603 4827 1964 4148 2677 4617 2934 3305 2553 2750 399 153 4499 3420 3325 3405 2996 4977 1595 857 378 728 126 149 332 3477 2044 3679 2163 4761 422 2458 4145 1912 1190 3979 929 1542 2176 4157 130 427 3598 4566 1847 1571 3098 1808 3247 3991 3592 2933 2896 4706 4614 241 1184 310 1221 4206 38 216 2584 4151 2265 1531 4681 4289 1513 4467 4315 605 642 2036 3419 453 4007 2486 1472 4188 682 3590 4199 1389 4114 3076 2423 4309 4258 2765 2914 4186 1392 4487 4859 3199 3769 3498 54 4820 3286 2730 4387 4766 3071 2290 1991 1450 4263 932 4721 257 2547 68 4807 761 758 4417 1925 1444 4193 2744 394 4428 4232 801 4292 534 1852 661 2280 52 4518 1856 3438 1992 3277 867 1586 701 3942 3430 961 1795 2680 1222 4802 3936 4106 587 4384 2108 4899 3252 3081 4605 2941 559 4295 1556 2197 3730 3844 4456 4103 4034 309 4124 110 152 4830 2609 764 4158 1052 4252 1215 865 4889
293 3518 2994 693 1522 4621 4356 1681 2698 2440 1247 1325 3432 4478 1085 4196 1888 871 1407 1515 2045 4162 51 608 4787 4697 1063 3001 1849 4682 1204 2684 1477 1559 4664 4695 281 773 238 1980 3811 4367 2972 2167 1939 2021 421 2960 63 3584 3812 2007 3818 3406 440 4463 387 1739 3946 1227 2191 2086 4375 2151 2380 3196 3229 670 494 2068 4264 3877 2319 1764 2719 485 1857 4876 3648 477 3047 4042 1906 4426 192 4249 1531 3301 1967 4023 1000 2071 2889 2922 1492 2606 1582 3910 4502 3019 1621 1165 2538 4938 3005 263 639 4953 3744 288 4209 2325 2352 4859 786 4174 3519 2120 3425 4368 2428 961 1901 733 1965 892 3466 4776 1894 1683 2391 424 562 1646 4723 3296 105 4723 3051 3047 184 3124 1231 3280 3001 2674 3259 4429 2728 1252 3598 2089 4871 4886 3757 909 4645 2288 2679 1442 629 4478 3406 2271 3356 1423 4923 1390 3135 4288 1714 1263 2688 2553 2605 2171 4287 183 3672 2542 891 16 1208 3288 1971 4431 1989 3221 948 3390 887 4268 1925 1001 2348 570 1726 4600 715 1700
3443 223 2156 2920 4884 3707 1681 701 1219 4984 161 4123 3739 259 1030 3044 2396 3262 2088 3746 2831 2516 4810 1033 2739 2585 3646 818 765 2790 1040 3556 4514 564 2814 695 2618 601 3350 654 2259 652 3206 4792 1441 4536 2406 3868 1192 3345 3250 3901 465 1240 2639 3858 3572 515 284 2892 3519 307 4094 3032 4497 4570 2310 1110 1947 3963 4666 984 3368 2984 652 4222 3164 3493 1127 3637 4291 1761 4815 1331 1053 1540 3596 860 4193 1873 1869 3105 1176 1208 484 2456 3330 3579 4619 1190 1241 4051 4112 3828 1170 3320 301 4800 2143 82 3068 38 3705 1084 4356 2702 777 899 3925 1921 3879 1293 4197 2696 4076 1025 1723 680 1887 3086 4697 1245 954 533 1303 569 3612 4897 963 3497 3457 4253 2019 2327 1976 1698 3720 2847 4675 1185 675 403 2080 579 3446 4919 2908 2082 922 294 2075 1170 445 3928 4863 2627 2073 2033 569 2372 3112 765 4502 2413 2584 2626 2354 4037 452 2454 211 81 3476 1947 2748 819 4364 4629 3322 4260 757 3019 3219 948 1381 2546 2469 3346 2344 3901
4849 4005 2263 2946 4730 1693 2698 1219 938 1261 4961 1410 2893 4283 3145 4493 3547 4263 4077 1934 4446 1316 1253 350 1871 3096 1938 4933 1278 1585 441 264 3004 678 2190 2619 1415 2323 1686 172 4666 4387 209 2441 4263 1088 4752 2124 899 1846 2186 2708 2373 3527 44 1682 4081 4530 1736 3750 3534 3754 1395 4260 4876 2554 445 4584 4093 2360 2920 3993 3730 3701 3850 2556 4122 506 4043 36 2505 4968 1310 2167 2765 463 1752 736 1488 2539 3264 4559 4409 3234 38 88 4360 1835 4452 2890 58 110 1163 539 3980 4403 4806 4746 4454 1265 771 1097 3663 4858 1908 2673 3655 3920 792 901 2260 3404 2603 2303 2896 2768 1583 1117 2457 20 686 1290 688 3950 1320 3507 4227 225 171 930 179 1237 4374 4452 4251 1998 1781 2733 1823 3076 1637 2564 4499 1450 828 4898 1424 1123 3075 228 1810 654 4691 4829 3512 31 1046 810 1265 2322 1331 80 1081 4731 3951 3443 2097 2388 4183 3917 2044 2599 1553 4875 1735 2793 3371 2902 1539 4217 2974 2552 3934 4213 1632 1252 1795 3108 1177 2311
1103 4442 3729 517 786 1191 2440 4984 1261 1855 3905 4281 2418 2866 3801 2845 3922 1006 443 4361 238 1873 1359 2689 41 1719 2103 3633 2987 2862 4593 398 157 838 606 4651 398 61 4004 1571 2852 3032 1410 4603 4944 2578 505 1426 1837 1544 882 4198 11 211 2131 1561 2567 521 2360 2177 1839 692 907 941 4927 834 1242 1302 963 4595 3198 3820 3082 3156 3975 4024 1534 1559 2166 3964 2890 2469 574 3082 2211 2231 2595 943 2443 3629 2422 234 3185 1610 236 462 4816 2693 369 1221 81 4086 1821 1832 1092 3160 4162 2239 1646 4938 825 4876 1627 95 3638 4551 4584 961 1403 763 247 2543 1140 1039 1641 1152 4627 2622 4335 1590 2559 692 629 3106 2939 55 3535 1603 3682 569 4118 915 4178 4765 2913 1668 2172 4950 137 2274 758 2613 669 2295 3727 19 1491 1875 4197 3220 3474 1228 4729 2816 2072 105 2472 892 3619 2586 4219 3832 3401 4355 2277 2464 887 613 4733 2678 1817 4164 3368 2886 4390 4884 4836 1610 1436 4657 131 401 3639 3333 4895 456 295 1797 4474 3102
500 1376 1402 3916 3605 4342 1247 161 4961 3905 2069 2223 409 3594 3973 2503 1302 439 333 24 38 1248 1713 3391 3100 3741 704 4869 1960 354 4562 451 835 1082 1508 4842 3328 551 2070 2386 4812 1211 1229 213 49 3806 2733 2690 764 4985 254 2846 1501 3816 2064 4059 3856 940 3727 2351 2389 2313 2667 4764 4052 939 648 3090 1830 3766 387 2882 4262 3879 2588 2087 3127 3266 3564 2405 2643 4269 3711 2363 418 3722 4508 2326 4816 4704 4345 2142 2760 3101 241 1807 3545 1761 403 769 1300 4203 3885 1531 985 2514 4494 1735 2443 2272 4620 1186 3732 370 4533 4385 681 4055 1518 1880 1958 2037 3972 1145 2217 647 2290 3973 3475 4608 2157 2661 745 669 1600 777 2063 2632 3132 70 2718 4074 4210 3069 2502 779 4785 2211 4061 1194 4881 4125 813 3957 817 2780 1737 4165 160 3015 4660 3769 3710 2714 1062 3209 86 263 2054 475 2170 3201 1409 1839 163 786 658 3446 4044 600 596 1115 1113 3727 2900 2189 2482 2216 4909 1492 3900 4786 2243 3926 2446 1699 3349 332 1678 1125
3368 3566 4595 3952 2994 3950 1325 4123 1410 4281 2223 4103 4719 3008 3398 1325 4255 3927 4128 3756 2532 2109 3766 535 1926 2351 3280 4047 3217 2815 910 2098 3307 1868 1740 3893 1903 68 1985 3630 2489 1088 760 2729 356 2570 2761 2706 1378 2602 1230 2143 1029 2817 4843 2493 4208 1287 2933 803 1917 2268 185 561 4036 1669 769 178 2905 1378 4527 2092 404 1064 119 23 2222 4904 2088 3317 583 1000 427 815 3844 4296 3093 4532 1348 4776 3374 2277 4303 4713 3516 1312 4578 2792 4101 2236 3958 50 4227 4032 4437 3699 4325 1730 533 244 2067 1319 4115 2910 1432 465 4798 1818 1427 1847 4468 525 4271 3851 2427 3231 17 4533 4788 1227 2682 4232 2900 119 3284 286 3622 3057 769 3102 122 2055 615 3566 2576 625 1528 3103 2715 4704 76 4338 2805 2435 3536 3848 616 469 2735 3280 2207 3938 2328 2286 2139 984 3743 2624 283 1216 3003 2579 3340 3072 811 4682 2202 2210 1101 3663 494 3727 4942 1171 2865 520 4869 2282 1609 511 434 837 671 1355 839 3096 1569 1644 3807 2020
558 2060 2466 4025 2689 1130 3432 3739 2893 2418 409 4719 452 3801 1091 1384 906 27 4614 4090 845 3082 118 659 1250 3219 1115 4953 2333 3997 154 3792 4006 221 1694 4516 4267 837 3038 81 3732 3311 706 4725 407 4835 3779 4566 335 3846 1810 4880 3720 1667 4293 2331 2162 88 3755 752 486 2839 4962 2824 4373 150 4645 48 692 1481 274 3797 563 559 4164 4548 879 3562 2339 1033 1260 4075 3555 117 1700 2298 3420 4522 3812 3650 907 4903 1990 2162 513 3372 3893 2525 682 2546 3882 271 4187 4615 2328 3615 1132 3376 3475 4519 2333 3185 4555 2179 3822 3048 533 3773 2795 4282 4178 1921 965 2495 88 251 1947 3625 1311 122 2464 2958 4336 1779 2851 3462 3673 2050 2573 1457 4522 1564 3037 4452 860 1575 1896 2644 2690 2101 2353 4225 3506 2657 4214 724 3265 1662 898 3532 4246 171 4624 1694 2270 3702 2250 1519 4917 180 1474 4525 4038 4147 70 3648 2336 3902 4766 3611 2802 1923 4724 1645 3500 901 4924 441 4835 2463 1491 3470 137 1891 1217 2168 74 1560 1912 1586
2828 1495 526 823 1303 2049 4478 259 4283 2866 3594 3008 3801 338 1090 3755 1145 1342 2388 1693 2387 2419 2451 1737 2326 610 2846 1523 2948 1466 1973 1814 2559 2884 1035 713 987 3100 4418 3188 2790 2030 3235 215 3788 2893 1767 3610 1892 4975 2690 3889 4173 4454 1112 942 1676 3676 3994 4424 2009 2601 1620 2391 4425 867 2188 1517 3384 466 4864 417 3019 55 1907 2708 2549 1868 1619 2582 3828 1012 1423 4921 4080 457 4112 3970 4430 2215 3411 1077 1499 2482 3190 960 772 59 900 2348 3600 2696 4754 2616 1446 1453 3907 4978 4363 80 1904 1797 3329 2053 4699 3715 3374 1301 3998 3394 1679 854 3384 1672 3445 66 3534 2798 2053 2640 1128 436 405 4197 2955 4468 4854 2701 4330 4327 2125 1151 4732 1511 1883 1789 3456 1214 1477 1085 1862 2646 408 1053 4910 3268 73 2885 1803 4913 1274 933 2944 789 16 4015 1260 1526 19 451 2694 3313 3062 2668 2723 3629 692 634 84 2859 4636 384 2289 691 2563 1820 565 4775 1472 3772 2567 854 3556 4337 2861 1107 2665 2158 3967 498
4047 3946 4205 1423 3957 3913 1085 1030 3145 3801 3973 3398 1091 1090 4670 3439 2110 4133 2991 1954 1851 4875 2619 4599 399 1257 909 909 3905 586 1456 2225 4462 3484 2626 2283 3235 3804 4883 2100 3561 4536 3959 4142 2479 559 1128 1982 2497 4992 222 1498 476 4782 2112 1366 3769 3221 2094 2740 3938 4613 2851 3145 4570 3647 3444 4666 3306 2389 403 4367 1484 2432 2025 143 3896 1679 1177 1899 699 3222 4392 4761 170 3501 117 2009 1392 1360 4628 2230 2658 2907 442 49 2074 1308 4851 1823 1287 2946 4948 2030 2422 4881 1036 1526 1002 2613 2878 4527 1795 1800 1800 1905 4158 3316 3504 4328 877 1174 2619 1645 3492 1761 3103 107 740 3773 4201 1762 2170 221 4767 2358 1371 1347 4239 2897 515 233 1195 1768 1235 291 454 1291 1290 304 996 472 1917 3569 1206 4308 268 4197 4859 2811 1177 4731 2570 183 2232 4406 3222 1783 1520 259 3628 3119 2726 374 3424 1439 2834 1705 2991 3962 855 1184 3533 1176 4681 3872 2839 982 378 3681 2580 2721 3402 4198 2005 59 4567 4799 2396 4608
3443 3300 3290 3778 2627 3182 4196 3044 4493 2845 2503 1325 1384 3755 3439 2581 1462 3789 3419 4468 4727 471 4023 4774 2363 2233 1052 986 2755 3356 246 3231 4495 1627 1157 591 849 3006 2433 1709 3538 620 1496 3606 2875 4677 4503 2220 1193 3434 1716 3248 2435 3623 193 766 252 2601 2385 2532 4978 353 4431 214 3907 4178 4994 2322 4309 1652 1138 2689 4723 2374 4775 3236 4748 3089 1897 4027 3708 3733 2808 1792 4412 494 2538 620 542 4929 598 625 4658 3558 1121 4228 920 4271 1741 247 4528 4672 3200 4799 4412 4176 2554 106 1581 2570 3720 4044 951 1292 99 705 256 3739 872 1722 4495 1494 2185 881 1598 4265 41 4017 4210 2534 3640 3938 1802 2065 4167 2978 4679 3082 2357 2098 763 3069 131 88 1551 2089 3410 4752 320 4673 1425 3218 507 525 1557 4042 703 3769 3717 2796 2290 4298 4958 25 329 154 2535 3971 3830 609 1959 3343 4464 2995 4136 1108 1748 750 778 4761 1664 1439 905 4644 770 2338 2390 806 4172 3803 2691 2303 2053 1511 3920 3759 3202 4208 3984 3307
3684 1398 2395 78 2526 2688 1888 2396 3547 3922 1302 4255 906 1145 2110 1462 4445 2638 2687 4676 3741 958 1842 2163 3259 3155 4081 3472 2206 3745 2516 4140 3918 2188 1235 4509 651 3745 1690 3799 1266 4005 3658 1412 102 1530 1323 3679 611 4269 1096 2316 1280 1348 2681 1970 551 1397 3592 2231 2997 3192 273 3734 1193 2018 3506 556 484 2688 1429 2775 1772 2369 4554 2082 666 2589 3570 117 57 262 777 259 1007 1384 99 4778 3954 2596 3359 4978 1116 4568 4846 907 4048 4011 4035 2493 278 2906 1679 1962 3309 1979 3812 2435 2235 1777 1253 4928 2558 3302 2828 242 2267 2381 1328 3412 395 2123 1449 2435 4898 537 916 3026 1069 2673 2473 2548 896 4236 3284 4273 3325 3499 1302 3661 2114 3930 1856 3528 3248 3183 3601 3593 1045 4183 4123 3523 3334 2579 2907 3662 2747 4062 3934 541 4424 2565 1389 2307 1528 2674 602 1370 342 4652 626 4584 4323 2357 1497 1594 2086 2519 1126 329 3208 4520 3735 3895 84 1219 1619 3091 3613 1699 3751 1064 3180 2666 1467 4608 2967 1035 2932 3741
1039 2595 2743 3657 1285 2260 871 3262 4263 1006 439 3927 27 1342 4133 3789 2638 2860 4513 815 2944 3806 650 4779 3646 508 1704 407 1665 1757 2258 2614 610 283 2416 2033 1470 1002 4904 1974 808 4508 4647 3068 3166 1299 1135 2439 515 1455 4530 2567 3216 4665 4072 4966 714 4754 3040 3669 3668 4709 4483 681 1006 2480 595 1558 2646 4749 3903 4263 1654 4692 2297 1614 3157 1441 3514 230 4753 1041 3624 3034 748 2212 3720 599 64 487 1442 1790 1492 1857 1926 4041 1174 1908 3288 3367 931 3775 1523 31 453 1813 2971 2199 2079 2368 2035 2423 4839 4073 2582 1436 3750 4959 3593 4276 4931 4144 2808 1205 2343 978 2442 3656 981 4823 2041 156 1365 1409 2790 4880 752 4503 3655 1416 4832 1949 3155 4756 460 3722 1875 1792 1897 3293 3238 2077 778 1369 236 4281 3921 2643 4218 2018 191 4046 239 2111 4615 3346 970 4421 3261 4951 3109 2895 593 4085 2466 1095 2961 4141 4542 1407 1121 3940 971 1861 2774 3202 3761 3279 3761 2078 955 3556 1245 2596 2461 1171 2334 3932 3467 1109
4205 751 3556 539 2559 3858 1407 2088 4077 443 333 4128 4614 2388 2991 3419 2687 4513 3897 2592 1985 2491 2155 3497 1789 2559 4007 4645 4836 4723 318 1398 3079 996 79 3210 1049 2553 3735 2945 4530 184 2668 4526 4553 410 548 3825 2435 2381 2183 3359 3624 3450 3919 1337 4752 1756 1283 1288 985 2176 1989 364 1157 851 4849 1830 98 4433 1946 4826 398 4507 3070 2214 2364 3464 2662 3454 1309 914 949 3124 2273 3548 3188 3197 4733 1708 1881 1385 2017 1734 3884 3933 2148 1683 1604 3670 3124 3232 612 3302 4924 1171 4518 4409 2832 268 2656 246 2232 225 3711 4717 2986 2200 2151 3046 3576 2291 4792 966 4759 38 4541 3434 1759 4858 4858 3617 27 1780 4520 3561 417 1541 4463 3259 2622 2929 1329 3483 3285 486 4746 745 4895 1033 150 3058 4721 1884 1862 2259 1829 1071 1864 4113 3280 3436 3482 3020 3570 3941 517 3025 2364 4290 1630 4771 3256 2881 2603 3495 629 1734 2757 2338 2529 86 1859 2519 1926 313 3680 2195 1552 251 2738 4484 263 2781 3181 4218 2405 2869 3890 3243
1578 994 476 3004 1177 1863 1515 3746 1934 4361 24 3756 4090 1693 1954 4468 4676 815 2592 4956 4342 3631 502 4963 2720 3920 1074 3276 2736 2119 3941 1182 3234 2049 4946 4351 1218 2400 1611 4806 1971 3032 3374 4451 3453 4273 1713 1704 2814 354 4852 4926 212 4322 3242 2285 1729 3041 4306 2955 3767 1413 2069 4064 2503 2980 1604 4271 78 4787 1343 2622 3921 4963 251 182 2717 3985 2848 3330 3083 3485 759 4814 1008 2312 2426 460 4795 3189 4781 3500 1473 4198 3344 2926 3256 1549 3317 1921 4270 444 3603 1090 2899 4926 2221 1851 527 4189 1370 2547 4396 2655 2442 206 4278 603 2385 3499 1901 4905 1471 1615 826 1107 4596 4874 1372 786 2041 4855 1747 4304 3931 1249 1928 2644 3337 183 4008 4931 2374 3820 4280 1074 3985 4171 2521 2155 3641 4247 3063 1693 1687 4153 448 4735 4647 3134 3287 485 851 1218 1520 2749 3473 1423 2622 1114 3002 1592 1909 2010 2050 906 1291 4332 2653 1235 4953 2094 966 4240 4881 227 2314 1060 2994 4557 4805 1300 2174 3824 2027 1506 2834 1974 4070 1992
4115 251 2883 4340 124 1462 2045 2831 4446 238 38 2532 845 2387 1851 4727 3741 2944 1985 4342 4291 1029 4967 1602 2721 4098 174 1094 1547 1415 2140 1070 1474 4836 3532 1891 3505 4361 2426 4967 2940 2955 1698 3394 1693 3529 4178 1175 2565 818 2276 4826 1270 4476 209 1455 1107 1551 4125 270 4742 1341 2333 3005 2621 1250 2990 2404 1036 4700 4543 3417 376 2312 2053 2711 4498 1497 3505 306 2593 2598 1398 2982 4751 2072 3907 3250 1007 3718 1769 321 58 2783 1519 163 3431 3855 4417 1959 2898 792 3393 2888 1692 1309 2906 1704 3505 1645 1514 2991 3423 3777 3072 1615 1344 2002 4264 4027 1931 3501 4054 4703 1040 4020 3711 2393 3626 971 552 93 123 1959 1480 1279 703 804 4883 232 483 3774 4274 1135 3372 3284 2619 306 2872 766 290 1350 4273 4219 4908 854 3416 4022 83 1202 704 3830 1898 256 2598 499 899 3113 4140 4344 3914 4312 2709 3374 1922 1694 3809 4022 855 532 3513 3613 4116 3605 779 944 161 3174 3953 3523 4599 3426 4568 583 2821 3721 1255 4713 4753 2342
3618 2185 4063 70 3636 4603 4162 2516 1316 1873 1248 2109 3082 2419 4875 471 958 3806 2491 3631 1029 179 569 3617 4866 4172 4319 580 214 3204 3326 1521 3809 3832 3509 2941 2596 4920 3211 2766 4207 3651 3863 3223 1513 3283 3278 1716 2899 3014 3732 3324 4184 1682 3951 177 373 4918 1769 747 2626 170 1250 3308 3086 1806 2835 1871 1727 2205 2762 4317 1201 4509 311 1758 3681 3886 165 2151 4999 85 3705 3782 1900 4628 2850 4978 2277 2780 3440 4831 3497 429 3848 885 585 3264 1684 2319 4352 3409 3408 1074 1600 2984 4031 4901 3124 291 2579 2423 4799 3344 3949 212 2341 1166 2512 1429 3842 2989 3271 1614 2353 3231 1578 3277 4367 3784 1863 2249 4496 1328 1119 3052 3781 896 1930 1281 29 1895 4387 4142 2969 2774 1245 2424 4833 2117 1476 3750 3655 3554 355 1557 2931 322 4591 1610 4120 938 697 3308 537 2752 2916 2619 3343 132 4228 3245 4243 257 340 3895 1049 1831 3397 4020 1865 4355 3527 2919 522 2618 280 1376 969 3511 1280 994 3893 4402 4235 1257 85 1982 642 2170
4162 2905 1949 2734 842 4827 51 4810 1253 1359 1713 3766 118 2451 2619 4023 1842 650 2155 502 4967 569 1683 4285 204 2807 366 3588 999 932 1315 3904 2803 2792 916 1487 4769 1192 251 3405 88 3774 2997 41 3422 444 1326 3318 1749 3813 2989 2648 4878 4000 930 2463 1809 3145 1026 554 2035 1114 2903 2073 2243 3089 2234 2763 2529 2658 1372 359 1630 4558 613 4316 1745 1888 3090 435 4369 226 3543 941 319 460 1190 1491 748 4710 521 341 1112 3853 2792 3345 1308 326 4034 4476 3913 1278 1051 4824 3119 898 2923 4896 1779 2905 3798 1831 1587 1613 749 4262 3041 3136 53 62 3466 284 2118 275 318 46 1459 3981 2492 1650 295 1590 3254 3935 2530 490 1308 4773 2917 1172 4959 4759 3432 4138 1326 259 2047 4411 4344 3852 3511 250 3333 4893 3237 1576 2531 2275 4098 3742 254 1668 4816 485 993 1757 2754 3189 3790 4195 3090 3601 4789 2644 2157 3952 3023 2846 3113 3751 534 3194 2365 3746 683 2015 902 4018 4445 2601 991 1909 522 1727 4196 4512 4535 3372 1251 3410
4818 2581 3359 3019 324 1964 608 1033 350 2689 3391 535 659 1737 4599 4774 2163 4779 3497 4963 1602 3617 4285 2825 4608 4846 3382 2991 4484 4968 540 2134 24 3234 1151 779 2718 104 1255 4927 939 3158 2861 3325 3969 2537 4780 3730 1121 1240 1329 231 344 3052 210 1489 2124 2824 1539 598 203 1511 3690 3352 670 2213 56 3011 4322 2762 1020 606 1576 1769 691 3609 4857 745 2218 918 2166 272 4985 2403 872 3827 4496 436 152 416 1879 3408 3079 869 1703 657 1509 473 1439 2417 1628 389 3777 1505 2078 2749 1945 3062 3963 4449 4098 4546 413 2413 255 4804 1102 365 478 4823 3828 4605 1428 1325 1342 4899 1364 3685 1819 3021 2572 2760 4294 2595 1238 1729 3158 1542 2810 183 2253 273 3340 867 3916 4747 4359 1249 3189 4614 2212 4706 454 3790 2789 2783 4019 3201 4353 2797 4344 4548 2918 713 4111 495 938 1687 2881 3278 469 2612 591 1364 4331 2773 4905 3682 4197 1007 2202 3381 4149 2087 1365 1973 322 262 2769 3652 521 3373 1905 3638 4557 3752 1984 433 3377 608
343 4709 3346 4102 2291 4148 4787 2739 1871 41 3100 1926 1250 2326 399 2363 3259 3646 1789 2720 2721 4866 204 4608 4924 2956 615 3770 3261 2194 2185 3360 1333 4526 3438 224 3234 3734 4739 267 3679 2117 2801 4127 1227 1480 4283 2731 480 1875 2812 4324 1070 4528 1020 1438 2269 1627 4654 1589 4531 1452 2925 4337 2815 2516 3499 3562 1708 343 1475 2353 4701 1797 2590 1399 1929 3234 943 2530 583 2640 578 2991 2879 2758 1381 3660 1959 4597 519 3481 4846 2288 1230 1859 4230 1931 4997 1858 21 4638 3774 584 3878 1644 1934 1240 2042 4389 2222 4122 2115 4683 3045 1285 1543 3007 1846 3872 3629 3722 2609 549 4627 1894 2279 2923 4482 560 3350 3831 4986 3151 2947 4708 4838 4026 4992 1867 4293 2991 2625 2841 913 2668 639 1839 4106 582 4408 93 4120 3811 701 2668 1611 2312 2752 1898 2652 4984 3296 2763 4892 2692 2166 4475 1753 1736 3314 638 4505 537 4969 2069 4693 4832 1928 350 3735 4797 1638 371 3873 3255 2447 4091 4458 2551 351 843 2672 1306 1380 3914 1758 3954 1255 3224
3443 1846 3439 1478 2195 2677 4697 2585 3096 1719 3741 2351 3219 610 1257 2233 3155 508 2559 3920 4098 4172 2807 4846 2956 1465 4940 3747 4408 1890 913 1473 4714 4490 1085 3431 2980 997 1212 3843 108 1212 4288 3435 2551 1005 373 4907 3553 2564 4503 35 2567 1661 2695 4661 2490 2974 2143 2270 1973 792 3034 4461 3146 4582 2595 1738 282 4706 424 2165 1630 3780 766 3757 1460 679 3014 2766 2542 3245 4222 3473 2442 2373 4055 2519 3973 1163 2977 1556 4036 1284 2247 1320 3667 4477 4580 1969 2477 4090 4233 3441 945 3346 3587 2380 1273 2232 3598 4720 3550 3806 4350 1348 196 274 1054 830 2267 3807 3454 3777 1493 1692 1387 957 1085 2867 2944 4328 1659 869 121 683 4055 2664 1813 3867 3492 4386 158 4817 1538 128 561 4765 2176 4242 3464 4603 2220 3561 2757 1590 1901 4859 2453 3997 1932 4508 4102 4773 1559 2017 2550 2209 1867 233 1297 1327 4658 2277 4058 3607 699 3942 861 4758 2249 1342 4774 4628 3441 2942 2563 2518 1237 3076 1738 4383 886 4018 4154 658 2062 3304 556 1362
4881 3767 1802 4625 1750 4617 1063 3646 1938 2103 704 3280 1115 2846 909 1052 4081 1704 4007 1074 174 4319 366 3382 615 4940 570 614 2360 2018 2975 2044 1548 339 1856 2764 408 1554 3021 4101 1981 1799 4602 2259 1751 3182 1197 433 2488 4424 165 4327 4693 595 1272 3367 4525 4850 3166 3454 3716 1427 3903 4890 2423 3749 3653 3401 2276 151 3428 3969 3763 3198 2830 4728 1423 3168 1395 1215 1930 1040 4323 2628 4469 1544 726 1860 3675 2062 3371 4593 2195 893 4992 4357 1626 399 286 3310 209 554 4308 3272 2002 2121 4051 2366 3550 1471 2230 1297 2353 4260 2256 3929 2625 1717 2619 1793 4817 2659 1387 1462 3490 1929 4524 2907 3986 343 3755 1920 660 67 399 736 4080 226 215 2437 2011 3511 1790 3005 3282 2192 3318 1642 2317 2383 3366 2643 1729 302 3756 489 2898 2361 934 3871 3751 418 4212 4808 1369 3783 4266 2060 3019 1978 3173 3140 1289 4749 4362 1231 2689 3608 4849 3411 4951 47 213 4502 2677 3474 3644 2556 3425 4479 977 3603 3535 2817 732 1827 4058 2337 2176 2147
2804 4436 3372 2043 730 2934 3001 818 4933 3633 4869 4047 4953 1523 909 986 3472 407 4645 3276 1094 580 3588 2991 3770 3747 614 3148 3660 1653 3560 4192 4580 2076 1902 1950 500 864 4996 4128 2910 1508 504 2323 2306 607 3177 1236 4510 4312 4922 4581 771 2107 3214 4463 760 1770 350 2798 737 64 341 1732 691 2795 1090 3272 1624 1416 3525 3411 3652 3160 2819 148 2335 4967 256 2000 1218 3767 1830 100 3770 932 1100 2564 4905 2725 4826 3238 1333 2864 2188 2711 609 3406 1687 3036 4073 879 2812 3772 731 4249 4038 4024 4341 975 854 4059 2416 4466 4439 1988 1824 2075 4007 1520 4159 3689 834 2318 4723 3278 2654 3452 4775 2873 4678 4622 2220 4238 2776 3524 212 1554 1877 1037 4250 2961 2196 1694 4873 785 3933 2259 4734 346 1882 1512 2463 544 17 1473 2370 884 4568 3004 4964 2446 705 409 4861 566 2961 743 1445 232 4708 2788 2931 2328 3464 1824 3647 3034 1946 495 4040 4476 1148 1121 3299 659 4960 4576 3524 121 4493 280 3894 2685 3777 1524 710 1151 60 251
2317 4407 1006 195 2977 3305 1849 765 1278 2987 1960 3217 2333 2948 3905 2755 2206 1665 4836 2736 1547 214 999 4484 3261 4408 2360 3660 62 555 1242 3981 915 3710 649 2806 1787 2694 1060 3042 1566 1427 2516 853 400 3382 3570 1469 391 4568 945 1128 1836 3923 2728 2633 4793 154 3639 611 805 1238 4969 4880 4325 1496 1860 3070 57 2209 4332 3753 3675 4259 739 3572 1887 4432 4722 4048 4902 1610 481 3962 784 1793 3596 340 2762 4380 851 55 459 4603 4796 1212 1057 1402 2017 1858 2396 74 1066 1141 4178 3867 3676 1079 833 619 3394 4976 118 2509 2541 4686 1554 1537 1675 3184 4370 3814 1827 2333 2781 4774 4505 1704 47 3854 546 3174 1711 862 2541 3228 2254 603 1193 1125 1553 3725 2495 2087 3307 4074 546 4420 1618 429 1176 2225 1657 3741 562 3006 1077 3397 4629 1076 1996 864 2587 787 4737 3880 97 2603 108 2354 4600 2786 4219 2281 2427 3588 1617 3005 1557 1358 778 358 2877 2101 2812 4668 1138 2988 2170 3370 3960 1248 4937 3679 646 4065 1043 2783 1272 4924
13 4485 1840 3932 437 2553 4682 2790 1585 2862 354 2815 3997 1466 586 3356 3745 1757 4723 2119 1415 3204 932 4968 2194 1890 2018 1653 555 2564 1942 4430 3058 3573 4282 141 2981 2137 958 2249 1006 3876 4555 1679 3338 3029 548 563 2282 4235 4042 2888 378 3052 1188 2903 1482 4858 1104 3154 1239 1384 4661 1696 3859 968 4550 711 3617 3030 2837 3022 888 1711 520 2178 2928 3573 4743 797 275 4206 2883 1067 1132 1202 1663 3257 2893 1405 4772 4994 2776 1617 3759 4262 913 724 1544 2023 3791 3928 68 353 1866 2519 4718 2224 2505 3928 2491 4718 4236 2324 465 4932 3107 3302 4962 3253 2595 1040 4591 4402 1420 2031 3949 600 4323 2598 1239 3211 326 4345 171 1979 1632 3328 3058 539 3404 4412 4477 1901 4581 3309 2028 3812 1267 337 4155 3332 3805 1610 1966 4172 1702 2774 2547 3758 974 4340 4241 4517 4283 537 3558 4452 245 2947 1853 4038 4979 3252 2436 4939 1759 3543 3510 267 3296 1396 4740 739 106 1347 479 1739 2689 144 2842 2881 114 1407 4999 770 4874 4087 789 1759
4631 825 2440 2665 3126 2750 1204 1040 441 4593 4562 910 154 1973 1456 246 2516 2258 318 3941 2140 3326 1315 540 2185 913 2975 3560 1242 1942 4682 522 4321 3503 2074 3793 4974 3940 4086 4257 91 415 1162 1867 4633 585 183 1193 1480 1364 2507 1170 258 3642 1573 1693 1286 391 4062 4926 1106 3260 4696 588 829 4311 1062 1008 2438 3454 4069 3669 2690 3793 652 355 2097 3099 4178 2559 259 2558 1121 998 4648 226 4749 4762 2013 2918 4953 3644 1506 4598 571 1460 60 2009 3056 826 934 3303 1730 4867 4804 1096 889 514 2834 2807 1055 4917 1813 4011 4249 2073 1089 4409 509 1195 2343 2515 4828 4254 1031 2553 2465 2717 4998 3802 1597 414 4802 2179 3869 1704 4595 3162 241 4464 1912 2415 2559 4839 91 3417 1690 4455 4208 1053 1765 3526 574 4312 2486 1117 1370 4644 699 2046 3806 3359 3315 4585 1707 4381 3943 4531 4940 1351 1893 601 3144 212 3676 1007 1814 721 655 1064 90 774 83 4041 377 1854 3128 1235 133 2151 2896 2260 4943 4696 326 2029 673 1875 2234 1412
3620 1886 3481 4446 329 399 2684 3556 264 398 451 2098 3792 1814 2225 3231 4140 2614 1398 1182 1070 1521 3904 2134 3360 1473 2044 4192 3981 4430 522 3682 2534 3171 2332 68 1226 1195 3133 1867 3985 4375 2567 1311 1181 854 2693 1714 3752 3447 2289 668 2638 4812 2794 1176 1609 1651 604 4345 1109 3493 2277 2934 3339 4761 453 377 4343 651 4736 4381 1143 3340 3541 1312 4728 4002 3697 1969 4021 4796 3960 2852 337 1889 4949 2693 2218 3227 1711 1887 3066 559 525 2078 1705 4045 4794 2901 88 4433 3300 3791 4011 2630 3776 4557 2259 4107 3611 3232 2504 3079 2311 4946 3323 3800 2506 2474 4959 1676 3247 2594 382 1799 64 883 427 864 2060 23 2033 1579 4637 1238 2494 197 3847 2275 4096 2373 3527 1741 3852 1101 1740 2665 3635 4350 1817 2475 3287 1519 120 4399 1836 2631 1789 4174 4735 4058 928 1021 732 2711 1114 1936 2016 4412 1458 2082 177 176 3944 3301 1176 4033 1691 3178 918 3962 295 1504 103 1887 1924 3505 1574 409 1280 3140 3554 1629 3640 850 1399 1919 2211 3186
2429 1136 4965 3418 2760 153 1477 4514 3004 157 835 3307 4006 2559 4462 4495 3918 610 3079 3234 1474 3809 2803 24 1333 4714 1548 4580 915 3058 4321 2534 2804 4844 3220 3420 1280 4776 477 3380 2794 3139 4244 1241 1547 1395 3891 2429 3353 3990 3804 420 560 4631 1563 1530 1452 371 3637 2670 1153 488 4297 486 560 1566 1389 4728 2859 4435 2377 1014 477 3150 169 985 1576 101 464 1887 172 4545 2171 3635 1720 1888 3616 666 350 1584 2163 2026 919 4305 1154 3110 4443 4716 3171 2144 1823 3837 1266 1426 1771 2523 664 2245 1297 2989 2087 3777 2502 2906 1808 3841 2766 1084 3900 3292 3923 1911 4260 2546 3555 588 1768 1360 1858 1050 4381 1484 3655 2094 783 3293 1757 4698 4952 4675 4560 3072 2144 4000 871 3728 2257 2069 1927 307 1379 2618 3290 4436 423 1293 3765 2078 175 4786 1103 4194 2509 2790 4443 4921 650 4555 497 4361 1327 4844 2541 4559 3359 1443 2933 1547 3925 4549 3322 4894 3824 63 701 339 254 76 4537 1079 1428 3720 428 2777 2607 1048 746 154 606 1894
1845 1384 1990 415 4528 4499 1559 564 678 838 1082 1868 221 2884 3484 1627 2188 283 996 2049 4836 3832 2792 3234 4526 4490 339 2076 3710 3573 3503 3171 4844 2106 2957 724 950 211 323 1917 2480 3932 1361 163 347 1798 2706 4133 2002 322 116 1731 1881 3426 95 4460 4946 3768 3693 2667 642 3263 528 4363 830 1242 2022 3702 955 1590 4968 2023 3343 4780 1417 2980 4530 2399 4091 3968 1357 3161 3011 670 688 3746 4091 331 4764 440 2210 2575 1189 3125 4938 128 3515 37 3892 210 417 4290 3116 1868 806 4720 4370 1002 4821 1835 130 780 4042 3856 2137 3503 1869 4721 1332 4955 1655 254 4655 759 754 2940 1971 2175 2716 2213 1923 1882 4702 2772 1042 3725 2365 4205 3782 337 3897 535 2592 4514 4083 625 37 4472 2802 2136 3921 4235 2168 462 2509 4593 1738 1954 4122 3325 4888 2719 4390 671 2007 4337 229 3573 3803 402 3040 4221 746 1349 4343 2133 3964 2780 1818 1506 1636 4689 3006 4815 1490 4783 857 4655 2527 2850 4612 1537 3871 764 155 3581 491 3871 2099 996
2366 2840 3712 3424 241 3420 4664 2814 2190 606 1508 1740 1694 1035 2626 1157 1235 2416 79 4946 3532 3509 916 1151 3438 1085 1856 1902 649 4282 2074 2332 3220 2957 2629 2867 2367 1137 1254 2031 2626 2914 1116 4459 3860 1374 4390 2278 3309 1963 2501 63 3400 2663 754 226 3240 3589 3510 4549 1406 4050 2395 1217 4418 229 4775 2486 2973 1501 4549 2263 430 2241 924 1596 287 3716 2024 14 927 3839 1188 1816 924 613 4505 266 207 2483 1427 2563 4307 3951 3803 1285 1729 4905 2169 3782 722 2526 3010 1073 298 3046 2582 1409 1225 3136 1904 4286 2883 928 490 4900 3506 2714 2713 2650 1850 298 1754 3974 874 3816 3672 3121 369 3376 3137 1564 2591 3815 1805 3461 3379 3518 1973 2688 2960 2956 4092 4011 2977 3860 4798 1513 1137 4086 872 3334 3432 707 3100 1812 3423 2341 4087 3854 2785 352 2715 3166 4678 250 1251 2575 4016 85 3737 3537 132 4909 3947 483 4201 919 327 1020 3241 635 3880 894 2017 2574 178 175 863 1496 3258 4451 2331 1234 4867 3355 2701 1494 3674 2888
4633 4987 66 286 4778 3325 4695 695 2619 4651 4842 3893 4516 713 2283 591 4509 2033 3210 4351 1891 2941 1487 779 224 3431 2764 1950 2806 141 3793 68 3420 724 2867 4077 339 2502 3306 4479 447 1875 2333 1124 2265 1808 1182 1725 3590 1180 3607 4858 699 3088 3976 4953 2400 4423 1207 439 1486 3305 3872 3758 4134 4826 3921 4823 4659 2740 3155 535 3947 4801 913 2253 4732 3861 3013 106 3224 3098 1889 3338 4145 3872 2671 310 406 3523 3900 455 4007 213 1013 2997 1631 4900 3791 4162 3368 3905 3616 4034 3677 3145 4703 3186 806 4807 2378 4778 1535 1367 590 1232 2709 67 3768 102 4830 3925 1261 1545 3987 4243 1990 4603 2435 4224 1878 1526 4895 3048 142 27 166 1644 4246 4414 234 1507 4035 2913 3356 3972 1606 1671 3901 1568 3757 2798 1776 3298 1258 4424 3212 2965 2792 1826 578 2532 1796 200 4395 3696 4749 1780 739 1354 2110 1443 3684 240 4059 4148 379 265 4607 2378 4141 1893 4905 825 2884 4976 3012 249 2829 439 3633 2869 3504 4692 215 2102 1306 3494 1160 3170
3325 90 4825 4627 2583 3405 281 2618 1415 398 3328 1903 4267 987 3235 849 651 1470 1049 1218 3505 2596 4769 2718 3234 2980 408 500 1787 2981 4974 1226 1280 950 2367 339 1767 2154 3191 3414 1809 181 3436 3672 2032 4370 3815 3905 1602 2854 2525 1317 361 3441 11 3281 3296 2109 4277 638 2721 2266 3517 4425 1542 698 3428 1190 3199 4963 3408 3098 579 3280 4281 3225 3890 3643 1635 250 4525 1065 3938 636 1240 3476 4728 710 1721 1334 2486 4932 2622 1218 3035 3321 3379 3009 2405 3554 2921 4211 4225 2301 128 4032 3121 4056 4301 354 620 4316 1631 2257 493 2832 3249 3156 2006 2756 4868 1099 4256 577 4265 1257 762 2367 3949 1207 4767 896 2372 4990 3058 4016 3545 615 2322 1937 3304 3765 1940 3169 4324 2334 4171 346 4642 4385 4163 1106 3645 3678 2490 3393 2846 2958 2861 4915 494 4225 3178 1886 3588 3114 2319 4889 4290 2999 79 1419 3198 412 3510 2645 4705 4722 2110 2422 753 958 3564 934 4953 917 4603 1601 4498 4689 1458 2813 1770 4163 3881 1788 3618 4237 1319 322
4955 472 3148 2706 78 2996 773 601 2323 61 551 68 837 3100 3804 3006 3745 1002 2553 2400 4361 4920 1192 104 3734 997 1554 864 2694 2137 3940 1195 4776 211 1137 2502 2154 1276 4282 770 4324 3954 822 2670 2083 1926 3350 3810 1463 3714 2488 3969 4468 310 1533 4558 4405 2950 4215 1528 3325 1439 2787 1839 1964 1535 741 2547 2506 1306 958 2737 3076 838 1896 3757 3300 1566 4234 1596 926 4240 3056 1321 3196 634 3327 2284 2837 4875 1427 196 3744 2360 2753 4680 1346 4274 785 825 2154 254 2192 1243 575 832 1515 4767 3747 3084 546 2479 626 2715 1495 3211 393 333 1645 1731 2777 1668 1756 3669 1791 1871 4022 2308 1551 345 999 642 2069 3850 17 4929 4538 1251 1670 3891 1619 1820 3331 588 1494 1033 1844 4555 4784 4369 3431 327 2850 4774 560 1290 3366 2607 4405 2268 2163 4577 3290 2799 3437 1042 4669 2903 3242 2166 2263 2328 1127 2955 4899 4308 125 308 508 1337 2763 4783 536 3557 1857 4779 4268 3539 3167 628 4425 2571 3565 2405 2852 2936 3640 282 3690 1504
2411 2758 2715 914 3668 4977 238 3350 1686 4004 2070 1985 3038 4418 4883 2433 1690 4904 3735 1611 2426 3211 251 1255 4739 1212 3021 4996 1060 958 4086 3133 477 323 1254 3306 3191 4282 999 175 1954 2885 3712 246 1528 1348 3899 3707 3878 3470 1293 4882 4143 4613 2998 3431 2776 4157 1409 3924 681 1680 217 1802 1409 4455 1906 4128 3457 4610 2023 357 4128 1643 4149 4832 4054 4264 925 1439 4985 670 1265 3782 2988 2326 3877 2114 3145 2537 4213 4755 4189 158 3437 789 2234 291 1275 2005 811 723 2177 4701 668 295 214 3878 2214 1236 3065 4605 843 339 3219 3343 3004 4589 3041 3222 781 3762 2183 1912 2396 304 1884 3995 1017 2488 886 1948 3371 450 3054 2282 4685 3657 1026 2995 928 4386 3274 4115 3935 39 4059 4830 3801 4839 1024 501 741 1201 33 4389 2019 2047 1036 4412 1642 2720 1135 1104 643 3435 3123 4039 231 229 4767 3234 606 3414 2171 1061 3433 1552 4960 4375 1069 1818 2707 4640 437 4698 2675 2655 574 3075 2140 1885 2067 926 3903 4798 4710 2648 1325 760
410 3884 2333 287 4667 1595 1980 654 172 1571 2386 3630 81 3188 2100 1709 3799 1974 2945 4806 4967 2766 3405 4927 267 3843 4101 4128 3042 2249 4257 1867 3380 1917 2031 4479 3414 770 175 4144 4234 2064 2872 824 4592 620 1567 3360 518 1192 176 4517 2642 3308 4006 3515 4333 2154 4095 4052 3948 3586 3393 1273 2294 1572 212 4684 56 4760 1058 573 4553 2168 919 998 3799 2290 1374 2760 256 3738 524 1038 3773 1833 3533 4319 4070 1996 2644 4838 3364 3272 2448 452 3492 2938 2268 3857 1156 633 3929 4732 3384 1810 2594 4525 822 4231 2203 1326 2251 4785 46 4293 1734 4542 120 4428 1836 4737 2377 4849 2644 3541 986 3391 1340 3460 2043 4468 1422 2312 2436 701 4089 2092 2235 2365 1908 929 4160 3976 226 2246 2116 2052 3654 3592 4518 2169 4402 1653 2940 1192 2941 1519 159 4858 3209 630 1080 4958 4561 1172 4839 537 457 3293 2931 1655 4825 4029 3917 3441 574 296 909 1947 457 1027 2038 2400 141 1947 4080 3520 1777 527 2473 2303 2137 4208 3548 4499 2300 4440 979 1124
