N: 200
M: 70
Symmetric: true
Triangle: false
1 7
2 28 116
4 170 187 29 79
1 80
4 163 148 43 21
3 107 174 200
2 38 15
3 141 175 184
2 31 60
1 182
4 190 105 13 137
2 197 3
3 56 153 35
1 112
1 62
5 125 68 169 2 179
2 195 27
4 154 64 71 134
6 186 185 33 168 119 159
1 188
3 58 114 120
1 149
6 72 75 132 162 147 45
3 115 41 160
4 161 93 22 61
5 157 189 65 40 85
4 94 95 66 77
4 139 124 176 178
4 57 86 130 67
5 73 59 88 198 24
4 191 172 156 98
3 96 152 171
3 104 117 166
2 19 81
2 109 110
5 30 103 39 140 142
2 78 165
4 1 16 52 128
4 121 111 144 44
2 87 17
3 14 48 196
5 25 155 5 135 12
2 173 32
3 194 49 193
2 145 50
2 47 90
3 55 69 136
3 199 143 53
1 131
4 97 74 118 108
1 8
3 83 146 102
3 126 164 91
4 129 4 46 123
4 23 70 99 183
4 127 36 51 100
2 180 106
4 84 192 167 158
2 133 89
2 10 122
4 34 151 37 76
2 82 177
2 181 6
1 138
4 42 20 11 150
1 63
1 26
2 113 18
2 9 54
2 92 101
2274 4974 4346 1003 574 863 4176 1426 1405 1002 3411 610 2057 4203 4158 3138 501 2230 2384 2252 1414 4318 2186 705 3988 2948 1397 786 768 4889 3821 3642 2147 869 3523 2136 2641 3670 1712 3096 2176 4164 1228 3888 4739 1573 4874 3953 3128 28 4594 3637 2737 4275 3252 3368 1498 2227 2005 4261 4382 2747 3565 781 3040 3155 4451 3395 800 1889 4969 3669 729 579 4546 1381 2739 1890 4631 1984 2132 1535 2690 4300 1024 4347 527 4839 2505 4113 2854 4298 3267 2995 599 4411 722 323 1842 149 3994 4820 920 960 226 357 3865 1290 2456 1537 2388 2295 1257 208 80 4019 2292 4079 1292 1779 548 3481 45 3075 2981 1965 887 2777 3608 1057 4283 2107 4386 34 4982 3397 1670 1446 1672 4095 2500 511 687 3925 3673 2044 475 544 1048 4476 1818 3382 4730 3510 4993 936 1097 4327 4604 2320 1470 3689 263 534 1964 4228 1785 4257 3519 4725 1501 4488 2478 1073 1576 813 2407 3075 2223 3202 4747 2291 1157 1575 3432 1915 2909 2084 1414 733 4756 90 2018 2314 1596 2324 1694 3621 2028 587
4974 4310 2452 409 1867 315 3267 1064 2278 2446 4513 926 2804 446 1146 3931 3870 2808 991 1664 4102 2407 2458 1625 1828 1509 3434 3080 924 1418 4584 760 2945 3932 3912 4921 778 2145 4681 3117 3632 2356 945 4547 1393 1692 3966 699 1941 2160 3324 360 1610 4129 3992 3810 1523 4813 731 4234 4222 2425 1070 2023 3366 3898 3874 2056 4524 3159 3177 4559 1573 3546 1309 2410 2799 4778 4524 2029 4854 2727 3337 1387 106 4267 192 3650 2747 1104 1674 2879 773 1552 2397 3714 694 4022 149 1712 4258 2801 1864 4761 2864 1128 1117 3065 4781 1104 133 4779 677 4865 67 1296 72 3702 3719 3489 1409 3551 4558 307 1265 3542 2660 4209 1348 4141 1750 72 422 1027 2007 2071 3694 1977 3525 2384 4147 4532 3127 1518 2044 716 4757 1874 3241 2060 4079 2766 4931 758 799 296 3106 3739 509 4633 1562 2804 4158 2353 2016 3136 4219 136 4167 4171 1240 4013 3076 4660 1375 1629 1254 4771 4739 4788 88 3148 223 4243 2868 3949 1874 4849 4734 757 822 1353 684 924 3683 1735 365 2408 3012 445
4346 2452 2594 1724 4835 3508 4250 3343 3608 4938 4095 1667 3604 1465 2200 3069 3279 2439 3481 90 2961 4861 370 4270 2934 437 2208 3251 4673 1636 2640 4325 1371 125 56 1491 2009 4381 1379 3340 1551 1425 1603 841 4573 2460 4939 2878 3766 994 3349 4631 3748 308 4350 964 210 2278 1194 3874 1866 1850 107 4637 1788 876 136 1889 1036 249 3656 2660 1451 1653 3183 3097 565 4099 2286 1672 59 4470 4713 67 1673 2628 1993 3713 2280 4894 2868 2322 3117 4299 3296 4838 4001 1624 3915 4055 3861 4201 2043 2598 4596 2239 2917 78 3673 3656 814 1863 3746 896 3051 4369 2270 1331 2112 4164 4571 1288 3386 3985 1918 3972 1757 1156 1691 3908 1119 3369 1252 3242 4103 950 961 162 170 2749 2588 3152 2831 4914 2297 4993 3919 2875 4962 3466 1597 2143 1177 4759 3618 2351 3314 3736 316 1751 2565 1566 1255 3163 1707 4532 3298 3820 167 4536 580 3432 2006 1650 616 1866 3156 1169 2682 3508 1887 4807 3477 4093 4288 1852 1528 978 218 1483 2254 1816 4945 2551 4156 1691 2656 3609 1487 4173
1003 409 1724 2201 920 1501 199 4167 4717 417 1343 389 1564 687 881 1019 766 4369 4161 1676 2012 1528 2259 2436 3108 3651 4237 2117 2992 520 2028 3199 3335 3343 4849 2523 1865 2098 4646 2813 1316 3415 423 3108 1419 3068 565 2595 1909 159 1041 541 3694 1067 3451 1268 1742 3482 4806 81 3467 2737 4284 4359 3520 1983 1094 3766 1614 3710 3912 3578 3941 4753 4371 2426 3083 3971 1755 4731 1809 2159 1141 4173 1355 2756 2558 2283 1231 2978 4958 4134 3716 516 2193 3053 4159 2405 4675 3257 3646 337 4685 3982 2392 3055 1739 3414 2826 1137 3636 825 4673 3490 602 2176 1408 4686 743 3925 1895 2728 3269 4045 4378 4011 384 135 1114 4922 3004 4683 4929 3240 1026 3556 1879 2925 3098 939 1976 1886 4311 1730 3978 3965 2455 173 3140 4666 3634 3328 1633 2879 752 2627 453 3871 3364 347 27 831 2006 3531 1952 1579 536 2774 3639 3565 550 1590 581 1754 4086 3221 49 2527 1499 4839 1332 1211 813 3513 2299 1417 918 2453 4770 1523 3657 4992 4414 708 502 2724 4271 1943 3095 4066
574 1867 4835 920 2512 814 1458 2203 3829 1203 829 838 766 3022 2733 4342 4067 2405 206 4996 1042 2383 4478 2332 2160 3180 4000 1989 4800 3732 2755 4759 189 2540 3713 4166 429 3927 3677 1775 2516 2058 3504 948 170 1047 239 256 1213 4677 2121 4151 1304 539 2751 487 4883 71 4434 4086 2141 4990 4423 2839 3174 2834 2943 763 3256 3658 4690 3757 2726 3415 880 1404 3189 2483 1427 2077 525 4222 1159 4666 438 100 2050 1346 129 845 327 1534 324 3475 3876 3430 2842 4792 3437 4310 1403 595 1040 3876 2698 4696 482 2081 160 576 747 3474 799 4137 1770 2518 3458 2570 3081 4508 198 4814 3187 4661 3360 104 4804 4690 2029 4775 357 3724 407 2063 653 2923 4129 4550 3443 4243 2151 929 2825 292 1144 1030 889 4602 857 1528 4430 3321 3030 3949 3335 206 961 2929 4064 4598 2833 1971 976 4415 927 1405 3907 4546 2788 2689 4312 2835 1952 1150 1039 346 204 4888 2333 2705 833 1561 113 3293 4898 666 84 2197 1310 3835 3691 729 4007 4507 1408 4829 4343 1936 2331 3817
863 315 3508 1501 814 518 3130 2555 3234 132 2411 2758 483 351 572 1889 2008 4540 3355 4351 4576 2923 4657 1485 4701 1210 55 1081 4962 4518 3885 1716 1607 750 3114 325 3223 4920 1088 1523 3145 1475 788 3592 3693 2197 2960 3225 2970 2771 687 3701 931 754 3790 2264 3178 427 4495 4009 936 2062 3042 1196 1483 990 4765 2447 3067 2655 989 3787 894 1475 4726 1678 3380 2130 1975 4049 3694 4406 812 865 3162 3548 4707 1964 912 249 4144 4955 1874 2435 1739 4000 1461 2676 2081 1614 3681 4202 362 3570 158 4844 2931 749 110 1621 4798 1085 2408 3468 3912 4359 2262 4883 1515 4546 4164 1798 1446 266 3940 699 2877 3584 262 1075 3285 198 4672 1854 4059 274 3514 3816 2325 1835 4644 3387 1146 1008 4788 4451 3621 2058 3189 1698 2462 996 4104 4479 1431 4012 4507 2071 2542 1257 2361 2843 471 3926 182 1120 1262 1241 1325 4458 2220 1714 4956 2034 4765 4451 52 1701 1935 3800 3136 114 1257 1519 3197 3342 4054 3920 4777 3763 459 4789 1996 3534 3681 2564 2096 4345 4940 1770
4176 3267 4250 199 1458 3130 82 1441 3756 119 804 826 3580 4960 3814 2740 362 1101 2869 2276 4676 3614 1847 4466 192 1446 634 1925 4594 2380 152 3202 2538 3212 1756 561 4399 13 3554 2975 1689 1672 2804 1174 2232 809 3047 2524 2480 3741 4008 2201 1954 4181 1477 3755 2890 4088 3195 4434 1587 3351 1217 4649 4695 1106 3942 3030 3889 892 1762 1137 4665 62 4718 4873 3209 2089 992 3383 3574 434 1618 126 575 3632 3889 3143 3902 1430 469 1320 3301 1513 3618 191 4067 2189 1725 2209 2025 670 4699 1767 3033 1467 789 3942 1506 3323 499 4905 4684 3429 1146 4632 2357 3877 3174 3738 2353 477 4333 4636 4641 1213 1773 1069 3552 2752 1212 1147 3432 2772 2865 3107 892 4054 1107 294 1604 2728 2554 4684 243 4371 4826 2438 3332 3090 4323 4576 197 4427 3362 1949 2565 2134 2649 86 3535 4906 4792 4971 3593 2338 4832 4088 2780 3435 810 3574 2649 1311 2561 1345 4746 3527 2602 1743 2084 4950 926 3720 1892 1471 2499 1980 1970 3643 2448 2795 4047 4594 4391 1568 964 3576 4113 4569
1426 1064 3343 4167 2203 2555 1441 115 4797 3594 4061 1228 1975 963 4131 334 2940 649 1664 1033 216 4301 4686 3697 3963 4453 3508 360 4322 3974 2198 3158 760 3111 3652 1762 926 1801 1360 4800 2815 2381 4876 3166 3845 1600 3330 1729 3234 748 4840 4099 3179 4834 4691 2150 3660 296 503 3863 1681 349 4209 2297 3955 4158 1968 1930 4641 3271 1930 2111 821 3916 1402 3575 4096 3747 2120 697 4266 4963 2531 4002 3514 1377 1415 516 1942 3711 464 2986 1337 4696 1588 3302 4978 2716 2253 4940 1152 2172 204 1050 4519 436 2610 30 4839 3052 1714 3028 4767 2723 3125 3299 2318 465 4308 1856 4735 2507 855 318 3983 4458 2625 695 620 4236 2295 3381 4529 952 4195 3750 1377 2333 4178 3738 4101 4070 1340 712 1420 1486 4458 690 4944 2660 4742 2921 1953 150 4928 4060 739 4176 418 658 134 3468 4547 3553 2367 126 3695 4205 1040 562 640 4065 804 4890 286 93 4935 1174 2605 1230 2721 856 82 4504 1411 785 4062 4231 3232 2101 3996 472 830 686 2041 881 2638 510 1008 1901
1405 2278 3608 4717 3829 3234 3756 4797 726 4761 4601 3977 1784 4428 3571 2438 2916 3087 2656 844 4914 1153 2445 3167 3253 2546 645 2745 3545 1390 655 4129 4175 4757 2533 427 1998 3410 219 724 279 556 1248 4056 3478 4336 4764 3755 3372 2482 4880 3595 2696 861 3452 3615 358 4945 1962 3629 4070 4798 3059 3855 2597 1696 1903 4762 3751 1785 1281 1691 615 3389 1017 4397 4541 2542 910 1389 3846 1012 1396 710 3036 2722 4221 4859 2216 919 1544 3807 2049 1000 4846 1529 4297 352 344 2725 1819 904 3625 1386 1676 1170 4827 2114 2975 405 3438 2332 4389 2779 3578 3913 561 4724 4608 1295 1064 3463 157 2840 2171 12 4009 4065 549 473 1356 3956 1415 4968 1461 2562 1890 2712 3058 4311 234 3344 3018 1140 4038 3130 669 253 1282 1615 1068 2879 4965 1260 937 2526 290 4176 2882 1690 3914 245 2278 4916 1173 2330 959 2169 4999 3608 4220 161 2812 3104 468 1040 4553 2906 3510 83 1618 3002 2154 4949 2468 3500 4030 4447 2723 1473 2920 1705 2588 1488 1998 317 2135 3151 2634 46
1002 2446 4938 417 1203 132 119 3594 4761 1810 4450 2495 1766 2610 26 1799 1052 3920 786 4388 4177 4139 2201 3175 1240 549 2930 2274 3901 1949 2700 895 2277 1446 1840 4655 766 1284 2022 2159 3601 3444 2097 3554 4951 4351 2046 1158 4052 2108 4077 2774 1683 249 3570 4568 2931 2536 3535 4413 2360 4230 2004 2033 1715 2786 4537 944 2706 3292 3124 1037 728 657 3111 3485 4462 3987 4344 4516 3148 2279 1296 4746 4771 3047 3058 3013 2652 4506 2523 2613 3310 3870 4390 3222 4233 786 4197 193 2469 3523 4939 4230 1360 3030 3818 1896 4519 3737 1847 4394 4891 1813 1509 997 3220 4380 2980 2495 1967 3146 4544 1598 3164 2859 4309 3629 4124 1370 4520 1661 297 3837 169 954 4695 1643 1832 2135 4732 3990 66 2763 257 4631 3838 1823 203 4697 437 1303 550 2395 1084 4326 2568 4659 3481 1058 2475 3904 186 2622 3544 113 816 1891 2795 913 3083 4882 12 1070 4586 2858 2619 3526 2120 1485 230 4176 2628 1211 72 4804 3074 2735 3869 2573 3615 4878 3013 1585 3195 3293 4108 1899 3289 3156
3411 4513 4095 1343 829 2411 804 4061 4601 4450 4150 3788 2978 2911 1269 3898 2253 4591 3084 4211 1169 4763 275 4692 2294 1124 2647 3517 3634 535 999 3109 1675 3280 335 2519 4176 158 281 2216 3688 915 49 874 3280 4461 3155 2388 4297 3660 912 3843 4557 1221 863 2072 2253 4533 1463 4739 1652 3076 3999 3337 842 1762 2714 3761 2561 3244 465 3007 3442 2894 3807 566 3008 4001 618 4240 2958 3777 4124 2857 1076 376 2660 3022 1116 3039 3402 3851 3499 4320 4157 1632 4032 3848 351 4864 4769 3704 70 1536 3436 4221 2034 1306 4911 4528 3905 1625 2343 1353 3432 1226 3860 4101 3933 2457 562 701 4193 2383 1937 4851 267 316 4358 3868 185 46 1625 4208 3296 2509 300 3528 1016 4574 2992 203 2313 3025 1013 2832 4085 231 3425 1600 1645 2789 4657 2390 1368 2352 1467 4153 2561 1838 4245 2651 3137 2172 608 1457 1329 259 3962 458 2227 446 52 3616 59 2865 42 867 3975 810 2174 2703 1720 1963 3922 895 4175 155 4095 594 86 4026 590 3071 3572 3231 4658 4965 1053 1083
610 926 1667 389 838 2758 826 1228 3977 2495 3788 2327 2873 1831 3652 2822 2564 3601 3972 3489 3375 4666 1542 405 1301 3948 2407 57 2311 645 4205 2532 576 583 4002 2072 1832 620 2251 835 2139 2218 2246 4016 540 2571 4121 4596 4424 2880 2780 3155 1406 1823 23 1320 2019 1917 3568 1651 390 3689 3956 2188 3567 2335 3897 3968 4494 1421 4329 2462 1713 3811 3693 1792 2057 1805 2759 1277 3085 691 2179 2749 2911 44 1711 1524 984 1779 2217 3194 2288 4057 4386 2806 2089 2318 2903 86 658 2773 4565 3438 3877 914 3385 46 3426 776 4390 795 138 753 103 875 1709 1959 2498 872 4932 3418 4926 79 449 4269 1943 1109 2782 4196 197 2498 3692 1872 1733 311 3899 1998 1822 2437 4647 2050 850 3362 4438 381 4285 4516 1416 916 919 4773 4230 1485 236 818 3321 3945 3250 1189 3736 623 3949 502 3773 897 3520 441 4201 2872 1422 464 3547 2625 750 2433 2911 804 2414 380 1523 2009 2646 329 4862 4360 1018 761 1180 4045 4892 1087 308 2927 2010 4665 1652 3174 4497 3080
2057 2804 3604 1564 766 483 3580 1975 1784 1766 2978 2873 1487 4387 26 249 4790 2158 184 2121 4305 1336 1204 1638 2047 2094 2429 652 3706 120 375 627 1777 2085 4715 103 2167 3327 3367 2948 1135 390 3678 3087 1738 4272 516 4520 3474 3957 4164 3047 460 504 838 3488 721 3314 4963 1693 3766 308 3799 3371 4516 3445 2534 1922 2402 73 800 1963 2052 3132 2830 1942 1308 1379 251 632 1647 2409 3108 1059 1070 1570 1003 2106 3539 4762 2933 4778 2637 1672 4940 3442 447 1506 3924 924 521 3304 2817 847 2008 812 62 2064 1482 3380 3105 1647 974 574 840 1391 2215 1905 2537 4605 261 593 1668 898 296 3969 1783 2007 4046 25 1989 4889 897 1406 153 2118 594 2995 438 1552 1693 4682 4357 3656 2933 4575 4644 29 3633 1282 2093 2968 850 1906 793 1650 4064 3494 4834 4083 404 4809 1785 665 1104 3813 425 3376 2540 179 2030 3046 220 253 3966 611 2276 3319 4704 471 90 4523 3590 4778 4352 4263 3380 4789 458 4876 3181 4620 2472 540 150 197 467 598 1995 2427
4203 446 1465 687 3022 351 4960 963 4428 2610 2911 1831 4387 482 774 385 2194 75 2089 1666 3260 4029 4423 510 3926 3795 1649 2006 425 811 658 1118 1893 3948 4633 854 1774 894 228 3565 120 876 4593 2184 3919 1989 2364 2245 702 2904 3177 4941 2494 4381 2232 3939 3148 2443 4601 41 3550 3477 3564 3169 2948 909 2716 3415 4805 136 4521 4486 2984 2631 4600 2460 1873 2983 1632 3319 2446 1624 3167 1129 3494 2578 2544 1036 1148 4022 2348 1104 4726 4899 635 4630 2985 498 910 4426 4868 1342 2220 1701 52 982 910 4503 602 4192 3947 737 4503 230 3929 2430 997 3603 1508 4357 2216 3045 4508 1214 4390 2884 11 675 4778 2790 2057 2813 3028 3771 4095 3658 45 1132 666 1942 1055 3060 1607 138 2647 1759 3418 3685 2200 876 4898 2197 27 3327 4761 985 4252 4661 1773 4544 999 70 898 43 3006 3323 2046 1921 1469 3964 2402 4315 1963 3715 2661 1222 2704 516 2334 2063 1176 482 2391 2288 881 3675 4488 3749 975 449 1361 4697 4954 3427 1129 4997 659 4227 4195 3512
4158 1146 2200 881 2733 572 3814 4131 3571 26 1269 3652 26 774 3846 652 1788 700 1872 504 3532 421 4648 4493 83 2730 3352 2714 1515 2666 3635 3891 4853 2014 810 958 3142 4973 4497 4940 1201 4226 1484 1219 3576 4764 1307 3967 3651 4835 1397 3500 3819 774 1124 4260 1080 2410 4883 4963 1324 4752 477 1154 2551 345 2364 739 341 898 4354 1327 2496 1210 4437 3615 2580 1229 4070 4172 1317 996 3446 1907 3235 1586 3356 4842 3235 1736 3821 1177 2909 765 1157 1412 2366 858 3235 4381 1991 3662 4978 4256 463 3051 3587 805 243 3685 3363 4091 313 2420 4963 3453 1579 2630 1360 2765 2867 760 1125 707 1035 3692 434 3607 3453 150 4638 1704 967 4706 4649 2089 3444 1329 4213 4224 3103 3536 638 1885 243 537 947 2400 3604 3958 4946 3164 1610 1011 2403 2015 4175 61 881 2754 901 2011 982 61 3309 288 1387 323 2103 2792 2146 4656 3732 4142 2312 3705 1915 4293 3050 4399 4095 4562 3329 4014 1588 3435 3793 2644 3611 644 2506 2624 215 159 4572 4675 170 107 120 960
3138 3931 3069 1019 4342 1889 2740 334 2438 1799 3898 2822 249 385 652 1827 377 213 2471 3236 2388 365 4325 1175 1269 109 4826 2964 3189 784 1507 4391 4549 3067 2175 3801 1064 1002 4980 2360 4815 2091 2479 2440 1429 1621 3278 4809 3093 3539 4176 2046 1287 1476 1324 440 3327 1700 1451 4350 2270 4125 3062 1594 4570 2852 4279 3524 4083 2532 1048 1349 731 1550 3693 2482 2806 1288 2512 1651 4089 1284 3903 28 4552 2869 2972 2009 3410 1138 3078 3029 1239 618 135 816 622 4025 4442 1218 3918 913 1945 1536 4533 1655 713 1531 1602 650 4114 1978 2429 3778 4087 4290 703 3385 3753 4191 3679 868 667 715 118 3758 875 3709 1139 4159 1513 4449 48 3700 4702 3052 3635 3219 2628 686 4479 1704 4711 4994 2676 3529 4054 84 510 3880 4335 4009 112 3934 2577 3683 2010 1643 20 285 3787 4720 4471 3110 3490 502 537 3176 2355 4025 4732 2527 88 181 1990 3873 2371 4509 4746 2266 1312 1290 3748 4318 3239 4736 2059 420 4036 2969 1962 2824 448 1385 3063 4860 34 2639 3987 3376
501 3870 3279 766 4067 2008 362 2940 2916 1052 2253 2564 4790 2194 1788 377 2838 4131 4244 3917 1532 1925 4109 2524 4689 1566 4188 330 2709 4139 4819 2478 2836 4559 3900 3358 1168 628 2464 458 1466 3731 2717 4313 1600 627 322 823 4910 3855 1967 3155 3550 3320 285 281 929 1126 1643 2945 407 3000 76 4886 504 870 3974 1020 334 731 2604 3174 1832 3702 1042 3279 1068 2801 951 4347 4722 252 2913 519 3228 4680 2957 4596 1369 4985 703 980 2342 1502 3222 2980 3717 3902 4179 4132 89 3524 3731 1897 3576 3411 3166 2846 3159 2741 3256 1626 2546 517 3914 4070 2446 1072 1605 3313 4234 1741 3260 1434 1843 4923 3609 1014 1610 1762 2361 3196 116 3610 1710 4612 583 3276 3261 4224 4938 3090 1230 1544 2098 3110 1746 1543 3728 1121 1191 3132 4238 3856 3727 1296 393 4776 356 3835 3496 4344 1565 2899 1383 897 439 2527 3186 4402 825 2546 1763 3030 4433 2012 3338 3277 2451 1765 4259 2102 2015 3044 3122 1842 536 2682 1266 2538 433 26 4874 4674 4968 1820 71 1233 4316 4671
2230 2808 2439 4369 2405 4540 1101 649 3087 3920 4591 3601 2158 75 700 213 4131 371 2828 3730 939 3621 4764 2850 3057 1020 1923 4869 4516 4472 1279 1505 1439 4727 415 2410 4271 2220 2667 376 2114 3639 4947 478 3885 1621 4562 1564 792 2480 2233 418 4301 163 250 3820 815 3818 3164 2467 79 1064 4680 3325 1259 1998 174 225 4109 2518 1978 2488 599 1843 3254 4240 4821 4862 2557 3318 1960 3022 3130 1248 4621 2375 454 4576 786 438 1031 4023 59 4928 2003 4106 2459 2999 1998 1851 4073 3851 2743 388 709 2434 2118 2918 4630 3674 4556 1728 4071 4321 1215 2790 3147 1304 1874 1059 29 1026 2104 4831 3021 2205 2275 3406 3355 4452 3313 2042 4440 1891 1767 1541 2447 3813 4283 1190 488 2172 1824 340 958 2000 3759 3549 789 3396 4905 613 470 326 4636 888 3536 2352 1070 4530 619 3627 4026 2222 4944 2991 2477 4696 520 2015 1992 3632 1258 792 1720 1521 3651 1495 292 1013 3025 4468 647 147 3468 2315 795 3802 2267 1568 544 1525 2543 4780 2695 344 669 2461 233 3964
2384 991 3481 4161 206 3355 2869 1664 2656 786 3084 3972 184 2089 1872 2471 4244 2828 1999 4760 1387 603 1177 4012 997 4995 2506 1131 1052 700 2946 3052 1872 3509 359 1017 2840 833 3688 1812 3036 4703 1941 4099 144 1460 4362 1821 3426 1784 2596 2322 866 3006 2299 832 3618 1454 4395 2412 4082 2310 1601 3457 3226 1663 1970 1655 4650 1907 2054 4911 3391 1641 2878 1568 482 2566 2287 1977 1667 262 4173 3939 3298 1055 2491 3603 1144 3406 22 3897 4461 4222 3908 4394 4895 1504 3568 4545 502 3981 2928 3791 948 2883 275 1058 2935 3116 1854 2739 4314 3937 291 3092 2563 3228 2134 2135 3396 4037 4144 1609 2372 1247 203 415 4257 4821 3690 547 804 4380 1484 2509 3146 1546 2475 4950 4430 1378 4881 4897 3896 3131 3610 3965 2034 1074 2201 3173 448 3177 674 3941 1417 3959 2675 1306 4169 976 2753 1255 3377 4311 1845 3592 4521 4799 2087 91 2461 1074 3484 4050 1429 2678 1206 513 490 4415 1628 4559 2999 4170 2478 4249 3422 4134 2477 240 4046 1018 1667 3558 4423 521 4993 4622
2252 1664 90 1676 4996 4351 2276 1033 844 4388 4211 3489 2121 1666 504 3236 3917 3730 4760 334 4035 3040 951 3431 400 470 1753 1926 48 4938 1570 3123 1416 3733 3803 796 2114 201 2278 3183 4481 4578 3043 3075 464 3041 870 2087 3609 1799 4144 708 3636 2179 1454 2369 2954 4746 565 2513 1346 734 2130 3515 4360 1364 1146 2896 4368 4477 2764 2610 635 1347 2949 4693 2901 1860 885 4059 3359 1026 4534 1321 1963 2790 2067 1123 2188 2687 400 4351 3236 4547 2093 1512 3717 1751 4848 4403 2738 4282 4210 2077 514 3000 2013 3292 1414 349 3109 2670 596 2081 1639 3366 944 2352 3301 4602 4046 1757 1882 4625 4359 3397 2986 447 3659 2959 44 2348 3913 1677 4299 2479 369 3806 1022 1635 975 1229 940 4929 3489 2042 3657 818 1164 3079 2828 2639 701 3471 503 427 371 4414 858 3421 4273 1363 2387 651 3189 4870 4374 2423 3415 3166 2032 3465 4192 3284 350 4942 2547 1740 2135 4773 2793 4755 903 1953 2988 1807 2756 2231 2485 2086 4383 1956 1872 3127 2142 1757 764 1142 951 4297
1414 4102 2961 2012 1042 4576 4676 216 4914 4177 1169 3375 4305 3260 3532 2388 1532 939 1387 4035 2903 1601 353 4897 3147 355 4995 3020 3445 4072 614 4956 3089 3014 3616 1078 2085 1371 2414 4084 1131 1933 3937 77 2300 1364 571 2008 1697 1775 3400 1163 734 1604 1799 1287 1164 4911 3007 837 3463 1939 4078 386 530 4510 2880 4973 1438 3270 2936 1519 3277 2667 4686 283 3852 3730 2074 1019 1173 2644 2249 2878 3273 525 4552 142 1229 3090 939 3048 1937 1574 1212 4832 4970 4919 1868 1275 3335 4880 2505 2144 3700 2244 827 3136 3762 4525 3270 4751 2196 875 1595 275 3155 401 3462 2140 2556 4288 3605 766 4862 1082 2222 533 1775 2334 3463 1993 3172 1940 4725 4234 3810 958 3972 2163 805 2458 409 3694 2069 62 4422 2640 2389 783 695 2470 1498 4332 1202 802 13 2996 1314 2429 2123 4592 3185 4072 247 4402 3691 3263 3475 1816 1228 3564 2839 14 3453 112 4601 4882 4575 1541 128 4200 1432 2217 2776 489 4991 234 3258 2201 3917 4061 2176 2558 4497 557 96 3130 4057 3284
4318 2407 4861 1528 2383 2923 3614 4301 1153 4139 4763 4666 1336 4029 421 365 1925 3621 603 3040 1601 2770 1064 3475 4603 2463 1673 301 922 1332 130 4614 31 4895 3902 3423 4315 709 321 2582 3066 3619 2659 711 559 742 995 1215 4517 2049 1133 2094 3012 1683 1383 3532 3810 52 1886 3264 4452 4744 1567 4812 3336 416 2460 3772 2164 4197 2655 3814 4254 664 990 4563 1906 4726 92 3885 4946 1263 3175 2882 1479 1276 2305 4415 655 1004 2217 1648 3249 3296 2237 423 334 1760 1381 1185 996 1173 1987 2750 920 2562 4196 4249 3957 496 2621 2319 2226 2547 277 3447 2053 272 3256 4534 1100 3739 1555 258 2808 3346 2272 2918 1333 371 173 864 4490 4221 4411 4684 4798 1669 2470 2439 1335 3641 1565 166 2373 1336 3788 2333 3021 1264 4509 91 454 2502 2130 3207 3607 4866 74 4009 3253 4643 3395 4316 4707 573 2069 3513 3981 3284 1919 258 469 3962 839 344 2083 1618 3509 3298 3430 1026 2240 781 2466 2225 2538 2474 3838 3885 1431 2946 755 4822 3303 840 822 269 2213 4067
2186 2458 370 2259 4478 4657 1847 4686 2445 2201 275 1542 1204 4423 4648 4325 4109 4764 1177 951 353 1064 2479 1010 387 4449 3961 1195 1529 3822 3670 3700 4344 240 797 2155 4069 1875 4646 3045 4686 230 1813 3290 3640 4108 4641 2452 4678 678 2867 4104 3492 4846 880 2282 4236 3440 4845 3378 1857 1790 4161 3806 4236 1431 2189 2284 933 4572 2609 3341 4956 4465 4744 701 2209 3823 168 343 846 717 1775 1452 4830 3679 625 2543 2396 2417 1388 2932 4901 4420 3923 3461 1446 574 3626 3667 2871 374 958 2004 1222 143 4363 1545 1142 3368 215 2061 4738 564 1555 225 3276 623 2406 1943 3078 547 1100 824 3079 2111 3778 68 2721 4529 2459 4481 3641 1113 2289 3369 623 545 689 146 3124 1636 834 1198 3526 1919 3287 3565 2857 3057 4286 4693 1968 1524 2869 1191 4695 4042 473 4654 1363 2266 495 377 1365 588 3643 3683 4019 3435 3723 1788 1413 1525 4259 4365 2592 59 349 4105 4691 4540 2566 4471 2751 4187 230 749 2557 4173 2340 1845 4454 2733 4728 3592 601 4255 769 2627
705 1625 4270 2436 2332 1485 4466 3697 3167 3175 4692 405 1638 510 4493 1175 2524 2850 4012 3431 4897 3475 1010 1329 4308 4417 389 3563 2603 1129 812 4513 349 2785 3456 2427 1561 1382 3919 3556 4668 4753 4999 4237 2629 211 2548 3342 3550 2535 4331 4891 203 99 4299 2358 963 3571 2605 1609 1609 2165 4731 4044 2505 4418 3963 4903 681 2617 4648 4750 3747 2579 3007 2638 221 2113 4651 546 3401 835 4398 619 2582 3176 4611 2815 4381 2143 3492 1635 4865 2378 2820 1838 4996 2071 4277 3059 1139 4910 4609 963 1033 654 2421 4918 1229 1205 4148 1604 3915 1777 2016 4523 4444 3531 4358 1982 4318 4569 29 3571 2991 2095 16 4726 4973 2367 3208 4600 2486 4719 1426 4578 932 4835 2173 1184 2266 2599 2659 1902 2174 328 451 819 3343 86 2358 1238 3784 1737 1911 3091 605 2917 2890 3360 4847 2340 3518 4586 2202 1569 4684 2167 3196 597 2827 2833 3609 1723 2372 156 3301 4806 632 2541 813 3360 912 4253 607 2787 424 2330 186 2414 1509 4898 2555 2295 1291 2547 2005 1061 1751 1005
3988 1828 2934 3108 2160 4701 192 3963 3253 1240 2294 1301 2047 3926 83 1269 4689 3057 997 400 3147 4603 387 4308 4286 2220 2425 4705 4822 2378 2769 4274 4859 3287 2997 732 783 1161 2808 382 2695 1694 4976 2226 4509 440 417 2074 542 3308 3859 4949 1658 60 4462 3220 3411 275 1017 4880 446 2779 25 2281 4097 3221 3252 4800 4233 3422 749 2744 2226 2752 1493 4971 2811 3032 1256 304 2756 2947 2667 1003 4081 4658 4396 1053 4669 1626 3022 3939 1745 493 652 145 190 2553 1519 3686 3419 480 3498 2811 2898 2648 2796 74 3672 1210 486 4781 3158 1354 4101 2231 2744 1371 1170 4055 1657 525 4817 2091 1167 3593 2726 1111 2454 2543 202 1836 1242 3160 1490 3416 1821 3049 972 2763 4520 3093 906 1269 3000 3708 2551 782 2467 2533 2018 648 3945 3962 3076 4062 2877 2259 132 2109 1987 1173 1692 413 2756 3123 2446 3779 1149 1755 1196 4006 1453 3461 2521 839 3631 3324 224 1143 2334 2759 691 3474 4903 2420 3023 1773 4015 860 3169 3966 250 3282 2736 262 4211 2073 1272 1567
2948 1509 437 3651 3180 1210 1446 4453 2546 549 1124 3948 2094 3795 2730 109 1566 1020 4995 470 355 2463 4449 4417 2220 4989 165 2409 1728 2886 1027 1919 4739 730 4164 3910 3898 1176 1520 2505 735 4082 4886 916 228 2230 3354 4584 1019 1797 1434 3835 2256 2936 887 3841 4303 1329 3462 4092 1931 3778 807 2143 3496 1012 3142 850 3931 2213 3014 3148 862 630 4587 917 1805 4985 4826 334 580 4372 3697 1423 2634 2655 2887 1831 1699 3400 3127 2186 2361 4300 3412 3185 4093 4279 4352 2493 2304 4991 1266 88 866 243 4186 4615 3315 4088 3641 1440 710 2986 1544 2527 2657 2802 1377 2556 3669 2787 4725 2962 4025 4607 4100 762 4652 2033 2503 2969 2573 4440 4493 2199 1294 1104 92 905 3752 4597 143 2374 2949 4767 603 412 436 943 1167 2122 1477 90 561 2775 881 418 4157 3163 1240 1625 4955 3405 1291 2362 3160 1306 2469 1993 4218 1161 827 852 193 3082 3467 1570 4711 3331 3787 1663 4296 2316 3347 1883 4860 3443 2415 1397 3808 4579 561 1519 416 1180 1946 1586 2503 3212
1397 3434 2208 4237 4000 55 634 3508 645 2930 2647 2407 2429 1649 3352 4826 4188 1923 2506 1753 4995 1673 3961 389 2425 165 1042 930 44 745 69 1857 1288 4735 2985 1614 1004 2450 2625 3140 2094 3229 885 163 4621 2134 4960 2411 2297 537 3198 1352 1935 2838 2963 3661 3523 4723 782 3248 4257 4055 2178 310 525 189 775 4468 810 4514 3566 4876 741 2830 2668 4844 3936 3052 3797 4173 1266 1567 342 2710 1089 4208 3232 4975 2089 831 3409 987 2815 4015 2236 2212 2597 4184 3190 1663 2874 752 4880 3041 625 24 2694 493 2412 2132 3304 3753 4151 4258 2858 3144 4282 1103 2220 4106 4660 3923 962 3091 1568 3964 4850 4220 4685 4543 2867 407 3704 3098 4412 1753 379 4488 3144 158 2578 2568 3846 4679 3448 3806 4254 4167 945 338 2759 1638 1428 4859 4939 772 1633 47 230 2073 286 783 4995 3406 1099 587 386 4732 520 3640 1520 3217 3871 1535 437 1196 1207 4960 3722 2945 3446 1322 2335 1458 2244 4464 2334 1722 4630 2873 3876 2241 3576 4089 4784 3307 3188 2838 1189 3076
786 3080 3251 2117 1989 1081 1925 360 2745 2274 3517 57 652 2006 2714 2964 330 4869 1131 1926 3020 301 1195 3563 4705 2409 930 4432 2017 3269 2498 4838 3284 4127 4219 2331 369 4036 4810 4970 1278 4458 2089 2072 4224 1163 1620 3047 1681 2492 3270 1557 1852 1060 4787 2475 194 2850 3049 3448 4349 1193 113 4464 1959 4606 413 624 2309 313 1536 2403 1149 1639 3859 457 33 3612 1607 3153 2150 560 4313 3283 130 3376 4495 4172 3712 4307 4670 3915 1718 3021 2388 3210 1383 2715 3823 174 2002 120 3586 579 4016 4255 758 884 2682 160 1889 44 269 1185 4400 4984 1377 1676 2049 4913 4818 1828 2188 420 988 694 1786 609 135 841 252 3319 2632 3853 4817 3876 1885 61 2713 1425 4872 1261 4554 1553 1310 3437 2231 4709 3390 4351 2102 3037 1257 110 2603 4432 4790 4435 2793 159 3827 969 3828 4874 1996 1676 654 3955 2002 268 2050 4225 2712 4472 3443 581 4861 2454 393 4702 823 4855 4838 4489 3261 11 593 2511 2448 2669 940 1927 2921 1876 2385 4812 1594 4451 4580 4803
768 924 4673 2992 4800 4962 4594 4322 3545 3901 3634 2311 3706 425 1515 3189 2709 4516 1052 48 3445 922 1529 2603 4822 1728 44 2017 642 2231 2259 693 2929 752 3109 2723 4868 2120 4118 4478 2676 3490 163 3079 2670 1507 1433 2764 4087 928 3657 4193 993 2021 1737 2804 3089 4351 3933 1164 2437 4309 1180 1984 560 855 1883 1613 2226 3021 3591 2392 3474 3684 1445 2863 4921 424 3734 3855 2334 685 3936 2954 4810 158 4754 2803 3317 4795 3521 2743 2015 15 169 1472 3352 483 844 4850 754 1943 1554 3563 2124 3430 1781 1227 13 3666 1370 2386 1531 3546 4882 3328 4129 1725 98 4047 2694 4300 3540 267 636 108 1834 3293 3409 3397 193 2484 2726 3599 2626 1305 3708 231 1324 3462 948 4727 2406 3783 2348 3731 412 2675 4391 1918 3933 2833 46 4038 2199 1312 2582 1115 4340 2527 4649 2819 3879 2548 1134 1974 1334 370 1534 2626 3588 1113 92 219 1136 1592 2355 50 1191 557 511 2893 1877 4948 1176 1604 1708 88 1379 2265 4239 3538 3346 3841 2662 274 1820 2363 759 2213
4889 1418 1636 520 3732 4518 2380 3974 1390 1949 535 645 120 811 2666 784 4139 4472 700 4938 4072 1332 3822 1129 2378 2886 745 3269 2231 531 1254 4858 3870 4028 3039 162 1681 4345 3481 4253 4275 1120 686 874 3227 1414 902 1148 2485 1947 3133 25 3423 170 2409 607 3275 2354 3870 4189 3006 2037 1327 1669 1271 1292 2470 4465 4578 3615 1575 3194 2077 1739 3383 3632 3022 621 1792 130 3803 4424 103 1052 2602 1222 1063 384 1984 111 2772 2554 2481 4902 865 3992 2618 405 302 4581 430 4282 4320 2279 1049 1804 3911 1226 405 3970 1359 1702 4676 4289 2972 1223 2295 3537 1354 4782 497 4056 634 1553 4169 625 2255 2662 4866 1480 3360 1851 3491 4520 2269 27 1015 2985 4703 1046 575 4608 3465 4747 1067 2357 4627 2023 4574 3724 3391 2435 1202 3584 4419 748 377 286 1633 4805 3140 1053 4127 1537 1437 986 3805 367 2678 2115 130 3180 675 250 2145 3433 4319 752 2815 1604 209 2849 1117 2307 1803 3198 4743 1998 270 500 119 4175 1859 2942 2213 332 3736 1335 1951 3509
3821 4584 2640 2028 2755 3885 152 2198 655 2700 999 4205 375 658 3635 1507 4819 1279 2946 1570 614 130 3670 812 2769 1027 69 2498 2259 1254 159 197 1434 3507 3017 321 4710 1483 2018 3252 1975 3312 1311 1746 4983 1209 3039 265 4457 1875 2420 4932 57 3927 3915 478 827 4309 1462 4246 4625 271 3418 2868 1116 2660 3110 451 4381 1076 3708 2209 4750 1511 663 428 310 737 2737 3001 656 1401 634 3803 3251 350 3985 315 3084 2588 273 2780 2308 2760 4226 473 4348 238 4099 4084 3166 1783 1735 2952 2705 238 3420 3588 1273 245 159 145 2532 2406 4618 1595 2654 240 3193 115 1436 1090 2209 3326 2925 931 3155 4277 4758 840 2473 2296 3397 2520 1282 4408 666 2872 999 1789 1522 1754 2740 246 1541 726 2600 4622 1034 475 3446 981 4216 1271 511 324 4094 2258 4929 4401 4762 3159 1085 1093 4064 1276 4334 4063 4711 510 31 870 1206 3895 618 4667 1194 394 243 4382 3492 1981 3093 1717 2440 3435 4237 4624 4658 4815 1898 203 2699 4120 4197 944 3481 3443 4954 4568
3642 760 4325 3199 4759 1716 3202 3158 4129 895 3109 2532 627 1118 3891 4391 2478 1505 3052 3123 4956 4614 3700 4513 4274 1919 1857 4838 693 4858 197 214 2536 4238 4657 1778 558 1424 4276 2966 4481 244 4721 603 4450 4285 2874 2789 4763 4542 1101 204 2539 2510 1543 1715 387 793 225 992 4792 4493 3007 2722 4296 1865 2736 1676 392 3006 134 1151 4604 3792 681 3379 779 2044 2992 2633 3411 3189 3590 3204 4482 957 4846 128 4876 505 4079 3320 3324 674 4379 4556 4781 4932 80 1492 542 3488 3111 687 4221 2393 1512 620 1649 4252 886 1100 1219 4171 1905 2509 3241 4207 312 2414 4598 1878 1686 4754 1621 2020 1974 1131 3291 370 4586 3346 2788 4120 2186 303 3685 2820 978 129 1264 2263 1443 4469 4876 4605 4236 2580 3520 2051 2710 4666 2243 4671 3547 4899 1966 1747 1711 1856 494 1521 1353 3236 4290 1551 1367 1049 1517 3773 4228 4647 1246 4282 490 4932 3459 4800 2322 1782 1329 4549 389 494 690 2368 4015 4100 3708 1022 771 4696 144 632 115 1796 870 2256 1345 3651
2147 2945 1371 3335 189 1607 2538 760 4175 2277 1675 576 1777 1893 4853 4549 2836 1439 1872 1416 3089 31 4344 349 4859 4739 1288 3284 2929 3870 1434 2536 3319 2654 2119 3261 2946 861 2244 286 1760 4523 2673 2099 212 395 1532 4508 3020 4740 4465 4326 3157 3374 887 4353 4515 2990 2379 653 448 349 1561 2988 1800 3093 1261 540 4420 4554 3189 4196 3087 1018 2605 1917 43 3340 1445 2877 1561 4111 2140 2121 2805 109 4875 394 1463 2462 4360 942 4085 4405 432 1517 539 1030 3878 4499 3834 112 2190 1023 229 3478 1749 4909 4024 2340 1039 1213 2400 2991 2389 3655 1534 4423 2412 2508 3955 938 1357 1967 4100 2059 4676 2112 3964 1732 4308 3238 2524 1924 135 621 1452 2502 2626 121 2509 4888 265 954 1935 1231 2267 1339 3758 1090 2668 841 3266 2110 23 3808 3077 968 1162 4171 205 3276 958 2058 790 3736 3754 1596 2023 4950 1599 3362 4503 1416 3746 1427 2227 3634 3635 2848 283 3521 206 2625 1207 1916 3825 1051 2970 4703 541 831 2572 3905 1576 1976 1814 2306 3938 37
869 3932 125 3343 2540 750 3212 3111 4757 1446 3280 583 2085 3948 2014 3067 4559 4727 3509 3733 3014 4895 240 2785 3287 730 4735 4127 752 4028 3507 4238 2654 2610 2140 2887 3926 869 2215 1090 4727 2386 1600 833 2300 3173 3543 1655 1291 3033 1996 1301 938 1545 2500 2794 4111 57 3607 2938 3197 623 4015 2971 1977 3555 2106 4739 3173 4813 1291 152 4908 4960 4599 3443 2201 2897 55 3519 4325 2690 1118 3522 730 4813 2191 883 4327 2163 2886 3372 3161 2773 443 2713 4440 3194 767 1563 149 4449 4864 4966 548 1457 2330 110 4689 4461 369 591 3521 1170 2288 4755 3564 3196 421 3836 4916 4986 2721 4647 550 677 1799 3912 2353 2455 558 357 3850 4371 928 3151 4451 2959 4291 533 1671 737 2979 4775 4148 4723 3383 1449 1810 1746 524 2634 3630 2627 2926 4921 441 573 1319 4147 474 2464 1694 4728 4241 2833 4051 4257 1153 2926 4309 367 686 1711 4964 3961 1586 1366 2061 3627 4811 1632 3564 4788 4103 4862 727 3497 2089 3908 4131 4120 1526 206 2254 710 3782 327 163 354
3523 3912 56 4849 3713 3114 1756 3652 2533 1840 335 4002 4715 4633 810 2175 3900 415 359 3803 3616 3902 797 3456 2997 4164 2985 4219 3109 3039 3017 4657 2119 2140 4277 1901 910 4079 3913 399 3450 3143 2985 2299 1625 4675 1377 3211 2663 3865 730 1254 2819 3117 2419 1985 4374 83 2045 1151 1535 3312 4586 380 462 4315 3179 1205 2816 2037 3278 3629 2494 1888 4199 2760 921 4849 1177 2519 2017 2249 1019 2241 720 4900 845 3519 2323 3168 3036 4270 4873 3871 4076 654 174 4141 2312 4823 4945 3534 1901 1241 3583 4586 4563 1832 4755 4034 4677 1630 4913 1456 2025 3239 2663 3764 1145 3225 2533 2253 4333 351 1670 1696 1392 4388 2597 1475 3875 4348 1822 1881 3427 1384 2879 4004 29 3254 4157 901 2880 4480 2136 2804 2837 3030 1060 955 102 1276 1931 3299 2543 2537 2972 2828 2726 4390 3610 3367 224 2724 1023 759 1176 2856 890 2157 1253 2226 4273 906 1719 4710 652 1303 3669 2108 4918 3044 256 4772 1197 3917 4657 2582 4698 3737 28 3344 2281 720 4842 4794 3895 2913 1556 4612
2136 4921 1491 2523 4166 325 561 1762 427 4655 2519 2072 103 854 958 3801 3358 2410 1017 796 1078 3423 2155 2427 732 3910 1614 2331 2723 162 321 1778 3261 2887 1901 688 287 1518 1804 2940 3800 4985 2423 66 4209 1126 3556 4991 2279 39 3845 264 1318 4608 2290 4496 2143 2734 2027 2628 3139 1117 4794 3110 2619 4667 968 1691 1833 933 404 2143 1237 3131 2516 4542 296 3378 375 528 4495 3218 3786 2747 2584 2726 4527 4138 1734 4115 1797 227 1671 2418 4623 4274 2296 3386 2466 1206 1244 4624 3968 1146 3489 4644 2029 3037 3904 2173 619 1144 2342 1637 1001 28 4990 2129 2083 3568 3491 2666 186 2206 1682 1853 4776 2607 4392 1101 3906 1598 195 1743 1435 3434 4219 1646 3303 2564 3164 2570 119 1220 289 4682 1430 86 3757 2527 43 277 53 1461 4962 4268 918 2136 1204 4677 4293 3280 499 2795 4720 147 2664 3346 308 4503 343 3878 2328 420 4833 850 2219 3749 923 3561 37 3573 1844 3795 2179 1146 4162 1509 4660 330 3197 1504 2893 1490 2377 3727 731 3980 4397 4773
2641 778 2009 1865 429 3223 4399 926 1998 766 4176 1832 2167 1774 3142 1064 1168 4271 2840 2114 2085 4315 4069 1561 783 3898 1004 369 4868 1681 4710 558 2946 3926 910 287 4281 3945 692 1481 2722 3862 3990 1336 2578 909 561 4916 504 2517 354 1155 1158 4119 2818 4810 4080 2346 4059 513 3388 397 2627 1108 3142 331 4953 435 2078 1107 3998 2412 4408 1013 695 2841 4024 1426 757 2390 4557 944 3420 238 2351 2298 4416 4053 1999 4293 1469 3128 3466 506 1741 3615 1114 2852 2228 1401 1679 3017 1736 4117 3622 3099 2893 3285 4810 1499 1341 733 2944 3766 2569 3531 1263 2981 2310 2433 2009 1060 4722 815 546 816 3907 625 1386 2795 4117 962 56 4588 2082 3958 2335 1874 2546 1664 2036 780 1194 3860 768 3792 62 3588 999 142 4240 1027 3852 3148 4346 2940 1598 2799 2005 368 2229 68 2550 879 1991 787 1040 2382 3772 4812 1580 276 1968 2805 1444 1962 3876 3241 577 2969 2242 3774 4297 3928 4120 58 1302 3033 3645 3199 4206 1692 3254 3074 1803 1208 2896 4412 3906 2696
3670 2145 4381 2098 3927 4920 13 1801 3410 1284 158 620 3327 894 4973 1002 628 2220 833 201 1371 709 1875 1382 1161 1176 2450 4036 2120 4345 1483 1424 861 869 4079 1518 3945 4007 2479 786 1982 1117 2003 1445 2946 4164 338 95 2728 2069 2166 2045 3930 679 1243 1077 4600 1050 1844 4636 4911 3759 62 2398 872 2001 1133 701 3807 4400 2761 3411 1372 1468 4327 4861 1900 3886 1609 1459 1629 2133 887 1650 2560 3968 1955 2172 1048 4408 1121 248 4198 1808 479 1137 3142 3370 3722 2381 4565 2785 3589 4001 4392 133 1587 4216 4324 146 4322 4265 1439 3794 1030 4967 4629 265 1559 1076 1846 954 3263 4843 2371 1804 4276 1247 3933 2509 708 1549 3386 183 3701 2708 297 3972 2459 1904 351 2021 169 1457 4592 1479 1746 218 960 2280 54 1278 3692 3911 4658 936 4953 1129 2990 269 2227 104 519 4270 1131 1060 585 1201 4396 3735 4272 4007 327 848 86 2306 4546 3020 3668 1682 2796 1247 2537 41 2900 1378 3855 1271 3147 4463 1452 57 2069 1201 1868 2237 3739 3757 4417 2128
1712 4681 1379 4646 3677 1088 3554 1360 219 2022 281 2251 3367 228 4497 4980 2464 2667 3688 2278 2414 321 4646 3919 2808 1520 2625 4810 4118 3481 2018 4276 2244 2215 3913 1804 692 2479 209 1599 4011 532 1663 2913 2887 133 1390 682 3484 2290 3913 1380 2477 860 2684 1481 3784 124 2874 2492 3278 3044 1135 4456 4435 1956 961 4623 2736 28 39 4011 2478 1846 3373 4348 4326 2929 2488 1792 568 4753 3572 488 3023 1864 3260 3285 1118 4108 4753 2722 407 4115 2928 4834 1425 4439 2033 3216 2486 1002 1164 2860 3687 385 3027 528 3747 2815 2175 3826 1023 1984 4502 1387 2824 2908 4498 1747 2716 495 1316 3125 3481 3491 1240 1621 4097 2893 1928 1084 988 2991 1467 3963 2149 962 1185 4372 2742 2932 19 221 59 4485 2828 224 3517 4548 2174 3927 787 1385 2278 2935 1559 3799 3734 4264 4717 857 1026 3191 2382 3014 666 737 3632 24 2007 3363 346 4823 4048 3476 2629 3758 1339 4463 1391 3250 176 3665 3563 3256 938 3628 554 3126 1210 3631 492 281 1166 2544 3100 4824 4386 388
3096 3117 3340 2813 1775 1523 2975 4800 724 2159 2216 835 2948 3565 4940 2360 458 376 1812 3183 4084 2582 3045 3556 382 2505 3140 4970 4478 4253 3252 2966 286 1090 399 2940 1481 786 1599 1444 2374 3498 875 4863 2395 3551 2745 495 1313 437 1943 2378 2255 2768 3429 4897 3690 2281 3460 2644 2990 4631 4061 972 1533 425 2940 3701 405 141 1081 2538 4590 1963 1862 3617 3222 2099 170 2084 3068 1192 3723 4119 3571 3389 2135 621 1186 219 707 3648 2761 220 3159 4525 422 4783 219 1450 1748 4074 1413 4703 592 332 2110 3196 893 938 4587 2176 3641 4787 483 3785 4899 961 4766 58 663 3074 1839 3506 876 663 2366 3427 4047 1623 4992 2216 3806 3658 1607 1975 3379 3263 4192 1200 1455 2990 4851 1049 1714 2354 2910 3692 645 4032 3983 3107 2100 346 1578 2511 4471 139 1078 4466 4865 864 3373 3445 4136 4900 2145 4027 2633 3109 3276 3367 952 2313 1449 2710 2061 4749 890 2804 4880 3675 73 3109 563 396 1650 1100 2656 1692 3064 2263 3208 333 786 2550 2703 2450 2940 1807
