N: 200
M: 80
Symmetric: true
Triangle: false
3 141 111 44
3 55 59 73
3 160 138 17
2 150 123
4 26 47 29 67
2 91 7
3 170 57 148
3 62 74 147
1 48
2 42 195
2 61 35
3 183 18 103
3 140 156 154
4 93 54 101 116
2 174 176
1 65
1 171
1 99
2 199 22
3 132 139 37
1 96
2 3 41
1 104
5 191 120 114 10 175
5 86 113 128 167 181
3 146 13 107
3 152 200 177
3 118 15 161
1 79
2 112 102
3 168 63 39
6 40 46 50 143 90 178
2 5 119
1 77
2 126 157
4 110 27 56 124
6 38 155 58 43 194 162
3 45 19 125
2 151 109
2 81 83
1 169
3 179 115 68
3 28 51 82
1 36
4 20 144 185 166
1 189
3 95 60 1
2 108 64
1 182
3 193 8 75
2 23 6
4 187 172 142 30
1 153
2 105 69
2 49 117
1 129
3 70 4 127
2 12 158
4 180 66 16 188
5 186 100 173 196 135
1 184
2 130 21
4 14 76 84 164
3 137 134 106
3 163 92 85
2 88 89
2 32 72
3 131 87 133
2 31 198
1 197
2 24 53
4 165 192 190 80
2 33 34
1 78
2 2 145
3 149 159 25
3 97 94 98
3 121 52 11
2 9 136
2 71 122
1282 1099 4163 1908 4943 384 4132 1691 3734 4432 2263 3524 3129 887 3968 1519 1381 4061 4373 610 2400 741 4949 99 1331 4230 1258 1558 3328 2731 861 4061 3700 4586 2094 2362 4602 813 1084 25 771 2470 3718 4310 2003 1491 4766 3011 2741 903 4466 2730 332 4755 4324 4492 4473 3130 3332 4412 108 3389 1087 1379 478 3769 1852 2919 704 2386 3534 4628 4984 3791 2673 4352 865 1159 3984 2366 2974 1944 3828 789 2277 4674 662 1115 259 4550 520 4245 3691 506 4329 3009 1643 4689 3085 1104 3802 4296 4863 710 1496 4676 186 419 3435 3213 36 903 1698 4868 3568 4398 4060 883 777 3788 4292 3848 1875 1518 1512 3969 3893 2286 3053 97 885 3641 1130 4282 2984 2685 4338 4224 1115 597 3882 3680 3966 2800 4578 1724 370 2664 414 584 1702 2052 4780 1978 2892 4450 569 4277 4482 1332 3070 2105 532 3461 3622 378 2688 823 355 3330 3502 349 33 2345 1321 2515 1348 2007 3455 2328 2008 4267 2522 2431 432 863 4752 3585 482 1709 4088 3225 2674 3724 3396 370 1938 3924 3041 4517
1099 208 2759 2242 4683 1379 2144 1975 1533 254 3230 2104 1604 437 3022 3037 3182 2397 4480 32 4466 4115 2873 3310 915 4371 4002 3261 1296 3319 148 4415 3286 1207 2836 4995 1627 4407 382 2769 1305 3784 499 942 4427 843 4578 3616 2898 2792 3896 4223 4859 981 1713 541 4766 3543 2779 1495 4554 1404 4922 3551 2249 127 2154 2806 3939 2670 3246 2711 3918 4511 2095 1231 2507 3333 2059 3013 1864 249 3385 4948 1303 3763 323 1125 2984 1689 2964 4132 3779 4286 1903 4956 493 3657 105 4729 2540 320 4991 647 4162 4198 3629 1488 4584 2886 3687 384 4293 4616 680 1117 3743 2129 2989 1809 1186 1798 3069 2784 2065 3707 949 496 1162 3044 3683 760 300 824 2221 2453 1906 595 457 3339 2378 4600 3705 907 462 4781 2668 4462 4732 3051 3829 1813 3005 2401 4402 3968 1447 4160 2870 4573 4230 4411 3580 3596 1705 815 151 109 3698 1322 868 1975 4053 883 4203 2731 2642 301 4194 2624 2493 1930 3115 4896 1551 1375 1615 4814 4208 2405 1849 4007 4556 3042 2225 3185 1941 3169 2785 4271
4163 2759 4099 2515 2499 886 495 874 4171 3604 2279 1081 3630 3407 999 3990 1126 1938 1125 4927 2312 154 3166 4472 1579 4130 1350 403 2516 3082 4576 2973 199 4348 1134 3857 274 102 4082 1145 3305 1204 654 610 819 3476 4968 1420 3959 3922 267 3325 4301 4454 4461 4968 793 3398 2234 676 4752 2013 3368 367 1495 2918 3435 3667 959 3482 2943 3721 4893 530 1319 3561 3107 2015 1409 3399 1627 1497 153 4963 3799 486 2745 3750 4871 4195 1037 3703 3672 3420 4757 927 4377 3989 1932 3143 3135 3166 3943 4088 1279 3308 553 1876 1164 3158 1200 3846 3651 4263 3872 1682 422 3869 3796 1040 763 4363 4962 3295 3386 1846 2094 1594 3480 4879 1667 1965 4055 524 4427 4168 229 4655 1898 863 1978 1782 919 760 3692 3385 667 482 1027 4402 3119 4311 3131 226 2576 28 4292 2399 2843 1101 3017 875 2616 3085 4065 653 446 1516 4758 92 219 3585 3620 3636 4756 3746 3284 1553 2558 478 4851 2679 214 2322 105 3355 4538 4098 4344 1038 3877 3545 44 1223 4253 1374 623 2284 2432 1505
1908 2242 2515 4687 718 42 4784 4907 3453 3257 2404 4637 905 3589 149 4012 1714 1053 620 62 2217 1569 982 3516 4957 2900 1944 2167 4871 20 1898 1624 2891 1929 1051 2875 1300 3592 2186 2626 2177 3580 3159 159 4537 1021 3780 239 1865 2497 4287 3893 459 4602 2613 2380 1114 2757 2662 4250 1399 4906 4181 773 4176 936 3057 1512 2226 2611 1461 2680 18 1995 3535 305 431 358 2654 4484 3124 1858 3288 2366 4810 2345 2629 574 2986 1943 2984 1774 2926 265 4761 2914 3591 4969 1507 104 576 1726 1555 1529 2757 1651 3277 2944 586 4148 3505 605 1433 3350 4650 3256 2773 4764 4987 4052 1108 1880 2687 3280 1405 2795 2436 855 1499 4701 4929 1841 998 515 1520 4943 1721 4045 3806 3271 354 2756 2203 3310 2435 933 3853 453 3174 1766 1210 4215 3565 2403 1993 1848 3651 2646 4294 1491 4841 2909 1502 2276 4617 4033 2312 3676 4151 650 2501 4743 254 1302 4704 3046 4829 59 3839 2501 3091 4803 2057 402 381 3206 802 3534 2080 3806 3395 1875 951 1844 2333 2107 682 1489 1989 2998
4943 4683 2499 718 554 3138 2322 3324 4034 2378 2313 987 3961 1733 556 857 4255 3895 1881 4321 3579 1577 1146 4501 3710 4295 3777 1295 1503 1284 4610 4997 3381 2700 1553 530 4646 144 82 1955 4528 4744 297 4028 4220 1407 1782 2039 3667 1994 1807 1318 1168 2430 4172 4038 951 4631 2747 3442 648 3202 1343 1008 1634 4464 1828 4092 2107 3920 4469 2725 852 2953 1443 417 536 283 16 3984 2200 51 3544 4206 310 3435 4333 2382 3057 4424 3616 4256 2167 1287 2671 3180 2281 4914 4638 2279 3152 2822 2109 2803 863 1284 2669 4953 2360 4242 54 1476 3567 4883 3960 1102 1529 1244 4701 4227 4466 2371 2607 3556 1681 2855 4859 2908 1308 3643 3764 3349 4482 4295 2843 2090 552 3719 2017 299 4194 3488 1998 900 590 4279 1044 359 1168 2960 3455 1781 4061 4147 1090 2878 4105 3226 2463 3825 1911 1359 2425 2623 2929 1795 3471 1260 3845 1668 2122 4003 2022 538 3982 3777 2111 2955 377 1168 2696 2230 4869 4498 3947 4944 4932 291 2064 1629 3313 3720 3627 3109 2696 3780 3272 4978 3784 2897
384 1379 886 42 3138 766 494 3610 791 4105 1453 4003 3438 3685 1432 3533 659 3255 1463 3300 2642 983 783 1451 3405 919 409 69 646 1428 1156 82 3240 2172 2197 3124 219 4751 3191 468 897 1108 2083 699 1412 2647 4752 2108 590 1428 4916 3838 913 4702 2998 4006 2014 1750 2151 217 4977 3000 1469 3602 303 853 3367 1101 1650 4662 1806 2999 4199 3733 1923 1572 2494 437 4049 2651 2139 665 2943 1516 2399 3358 3060 2913 1902 528 1897 945 772 1052 2956 673 1013 3012 654 2967 849 4360 1896 4959 4151 172 1339 4624 3569 4648 879 802 853 2156 1907 2618 2609 2854 1489 3311 1086 1845 2751 2584 3188 750 4484 2322 4599 1043 4174 3245 2355 4754 2090 2517 2045 397 2386 712 2712 4793 3588 1935 3076 4489 2867 4873 1123 876 3528 3121 1385 1092 2967 3761 3424 2072 3943 3826 1769 1110 2595 4879 4235 3562 2782 4160 881 2318 654 4616 311 3150 4244 3252 2029 1737 667 556 4621 43 3066 3489 2834 1864 2199 4395 3908 2707 63 4959 4911 655 2502 1410 1372 2751 4914 1693
4132 2144 495 4784 2322 494 4970 1344 846 4104 457 2408 4264 568 108 3753 3081 672 3814 820 2016 209 329 593 440 4113 3059 2012 1213 1333 114 722 262 2453 1451 4114 2513 1325 3364 4848 2168 4851 2810 3598 4810 2713 4588 2962 399 4654 507 1362 3567 1456 1065 4864 4617 2960 529 294 234 1363 4811 2691 3138 2524 812 32 3137 3157 671 654 4641 4152 4593 2061 475 1391 4101 3433 3700 335 1143 14 1561 4645 4297 1180 4973 4588 2328 1215 2063 3181 456 3605 3568 320 3924 3756 2279 2422 2155 4913 3186 3410 268 524 1955 2809 2285 1076 2117 3127 1437 4219 4184 2140 2105 3143 4957 1015 2937 809 3050 4679 140 4558 3408 2110 2796 3829 4835 4091 2643 352 4593 1601 771 208 3030 4143 1869 1086 3877 166 2082 1572 2594 685 1480 1382 1344 3336 427 4164 3107 2765 2374 3292 4018 645 183 929 1074 3003 4627 284 2023 487 2980 2031 164 2514 645 4888 2989 2873 2996 4305 1275 2732 1675 3793 2033 867 2844 1025 3610 4624 3905 513 3475 1425 3302 4400 4864 2275 1259 1801
1691 1975 874 4907 3324 3610 1344 3568 1414 103 2058 3419 3156 2639 910 4545 1475 1695 4907 2336 3712 1200 3950 3658 2970 1923 217 2474 180 2349 576 1393 2610 3351 3962 3975 1005 4073 758 552 1286 1987 2024 659 2047 4168 3205 1181 793 4089 4377 4184 2476 4482 3835 4918 3686 2489 742 3752 869 4015 1795 4357 3372 4762 1665 1552 2619 4237 3260 716 3835 243 3603 3082 944 4778 3226 3779 2434 2008 2365 2472 2504 1724 1640 4138 2724 293 1639 2319 4912 3307 4365 2499 4641 4343 3054 3078 977 4194 514 832 4349 685 1824 1566 3521 1185 2988 3164 290 1133 1105 1479 1562 4292 4314 132 665 2996 1581 743 3114 100 4791 3378 1167 2165 2455 4846 4444 2810 1367 808 4131 4467 3580 3175 589 165 2908 4624 748 245 1327 4417 4111 509 2437 934 2896 1945 2314 2531 2615 1817 4715 183 1823 1959 1502 3684 2049 1002 479 4991 3231 13 3947 2123 1151 3689 2283 1932 202 3434 1989 701 2615 4645 991 1625 3134 3699 3379 1731 2580 584 1228 236 952 2928 171 758 2917 3515 1387 2973
3734 1533 4171 3453 4034 791 846 1414 1578 1076 2746 3252 4186 1639 2355 188 1040 1466 1844 3446 815 1167 129 3484 2732 3332 3005 4276 4623 4996 1501 929 748 3739 829 2268 4414 4266 3979 3101 2863 3134 3846 3147 760 4900 1573 3550 4830 2674 4880 1018 863 2313 2328 1918 3138 3835 2829 1011 3692 4727 2329 1210 18 2766 3456 2027 514 2498 1196 3758 3089 4529 3034 2291 4968 2425 3933 501 1992 823 3777 2969 754 2108 2083 4059 1059 4736 4955 1860 2879 4858 4500 3619 740 2381 1639 1773 3643 3258 3072 1693 1473 2115 4563 170 1535 1186 4304 4444 1941 3318 4525 1780 937 4001 4536 1339 3500 3209 1532 4027 1155 3551 2476 2882 3015 4440 1593 4467 2139 2365 2824 787 4153 2700 2823 1652 4473 746 1151 257 2940 2665 3563 346 4584 4868 818 1363 1669 3116 1972 1093 790 697 2120 2859 3998 1863 24 168 2200 3846 1490 2154 677 1824 3216 2469 1799 510 1699 1343 2441 941 2198 2135 152 1140 3667 3894 4947 3682 2350 3546 525 3237 2207 4939 662 609 1640 4178 868 2876 4552 2182
4432 254 3604 3257 2378 4105 4104 103 1076 2596 3078 980 2075 4532 1464 1206 4369 3170 4853 1577 594 347 4384 4557 1587 2410 4898 2212 3191 103 2641 4547 4658 2166 4105 2604 2742 3664 1569 909 3184 1821 653 2667 4456 2623 3466 2934 729 2761 803 66 3471 2565 4975 4129 1265 380 1387 2174 4913 4643 977 1120 2477 784 1242 1988 4583 4593 1497 4451 1989 4475 1443 82 879 2956 4849 778 1781 2450 477 4356 933 3939 3619 383 1517 698 522 3788 2041 2675 4681 1140 2643 4386 2831 1826 698 1181 3000 1361 1619 858 1456 3102 3132 3860 2877 4410 2980 577 4391 980 1021 1867 2352 4682 995 4113 392 4037 4043 1236 2624 937 2486 177 1527 3662 2711 3733 2173 1255 3192 519 2845 1110 879 4839 2949 2149 1472 2517 1126 4020 4629 4997 1364 1415 4850 1617 1314 3849 2477 909 1374 2842 22 103 4111 3498 1168 1571 3125 2859 3440 572 2151 1355 3430 4141 343 4390 1597 646 4054 4419 2345 2015 516 1987 103 218 1508 286 1353 3417 1050 3101 329 1761 702 2462 2209 1946 4399 320
2263 3230 2279 2404 2313 1453 457 2058 2746 3078 4687 4424 3264 1668 4135 680 3606 4398 2060 1509 2133 1544 4445 3109 3425 3101 767 799 3466 563 3288 159 2202 2815 181 3652 1054 1741 4230 1870 3856 65 4407 4324 951 2123 2068 313 3532 1141 1152 2757 3507 4467 1564 3577 1033 4641 279 3966 3796 4743 1120 4495 367 4791 584 639 1578 3048 60 4904 355 3654 2216 4568 2471 4273 914 4861 4434 3938 2286 1757 4340 4826 499 3822 3220 3852 1478 3459 2397 2760 3501 4711 1929 2529 1216 2179 1694 3025 4552 1325 3001 831 2167 3246 3421 956 702 3736 4819 2935 3501 1354 1389 1922 3800 3104 890 4851 3533 3535 4364 3667 4350 176 1509 485 2556 3945 4992 682 2725 913 4529 2016 3849 328 3355 3095 3045 4419 1829 3356 2949 4176 3774 2078 826 908 2435 4881 4947 3557 1475 3890 2563 1983 1977 4334 867 4072 3083 1676 830 3194 4035 3495 520 414 3289 4277 2825 4481 298 1874 4014 1599 2050 4138 2085 3859 3548 4032 1356 3515 1409 121 4190 961 67 2330 1969 576 4216 3723 4806 1995
3524 2104 1081 4637 987 4003 2408 3419 3252 980 4424 2612 902 3240 2160 719 800 2955 1426 3606 4305 250 3477 4831 2623 2460 1549 1191 811 1868 4239 4900 4430 2826 1230 1811 3885 36 235 3199 4413 2736 149 585 843 3625 1597 956 2155 3843 4710 2377 4620 636 452 1823 3928 4291 2200 3222 2191 1530 1271 4677 4717 2192 1876 2874 207 2731 1441 956 3150 2205 2610 4222 1124 316 2700 31 364 283 2399 4999 1031 3829 1833 3223 3066 1220 1476 1402 2511 1881 3160 2492 4171 3088 1767 1327 3664 1887 4719 1925 4363 2502 410 4930 2158 4936 397 2979 1388 2171 3187 684 2845 445 1292 543 3942 4783 46 3077 3136 237 1073 4576 953 176 2885 295 4320 3236 1829 2526 2448 1356 3649 3734 1096 832 2891 2262 4624 1516 1635 4226 3311 4777 2144 2738 1951 826 907 3030 2223 405 153 141 4712 2817 3090 3418 2385 3302 4520 3066 537 864 1319 546 1658 4048 2146 2611 4236 3264 851 2010 1332 1246 2780 2583 909 3769 378 1373 819 3146 20 1656 238 2786 826 1187 682 3866 4915 3030
3129 1604 3630 905 3961 3438 4264 3156 4186 2075 3264 902 3988 2222 2403 510 705 1903 2434 4124 4227 4067 561 2867 3197 2416 2551 2214 2732 4415 175 3871 4290 731 3697 2959 1428 2240 776 2962 559 2591 3176 3232 2210 2407 4987 2891 2461 577 2355 3756 4884 620 831 628 3216 4795 2965 3695 3229 2881 2110 1446 671 795 2339 3688 4436 1352 111 1222 2756 3528 1275 4945 1843 4836 1744 1550 4840 1542 4382 1660 277 3799 3212 904 3715 2737 3259 2575 3114 3277 3073 649 4737 209 595 785 811 4823 4351 1599 4069 362 3135 235 1108 4062 1804 824 3820 1451 4036 2034 23 2611 2645 1957 4427 4865 3896 2598 893 4118 1633 2191 4646 2049 1325 2358 812 2716 725 3379 785 1908 725 1775 1138 2961 2911 4086 614 2300 1317 3126 2573 958 336 4627 1445 4734 3529 4597 4420 4050 1963 4180 611 4545 4370 1792 2951 361 4952 2664 3595 347 2495 4646 620 2142 398 3696 404 3493 4866 2542 4686 1576 49 2877 360 1433 1351 3271 4697 3958 4702 4038 2351 2161 2955 4898 4986 2490 2462 3395
887 437 3407 3589 1733 3685 568 2639 1639 4532 1668 3240 2222 1193 280 1357 2205 285 1633 184 629 2584 574 2271 1691 2902 4324 1010 4579 205 159 208 1150 1176 2691 1704 2413 4318 2539 4917 3513 3848 213 3149 2011 597 2927 3125 625 4028 3910 4380 3253 4678 1552 3844 4456 2954 4255 3305 4122 1717 2614 1387 3744 4381 785 4658 3290 3056 4953 2280 1764 2736 3405 2480 4903 1546 2500 4239 3842 761 1689 2118 4774 1578 858 1736 160 4683 1849 1496 3287 671 866 3016 1020 4461 464 2737 1830 3161 2473 1718 3341 4086 2724 1125 3353 1618 4152 3539 3743 1315 1925 3089 1191 175 3620 2741 720 2675 352 2693 3587 95 4512 2848 4181 2722 1996 3051 971 1646 858 475 2237 290 3721 4880 2177 1672 3930 4911 1386 319 4650 4217 3910 4784 363 3581 2905 704 1586 2373 4493 2004 325 279 560 37 3068 2981 4264 4633 3924 1060 1531 2732 4166 4319 3264 3875 4268 923 3410 1077 3325 133 4838 2698 961 3049 595 2255 4542 3809 3177 2987 2280 900 2513 3861 3938 816 4588 1935 2338 756
3968 3022 999 149 556 1432 108 910 2355 1464 4135 2160 2403 280 1618 1509 2244 3572 1451 3942 1718 2907 3296 2075 3800 2234 4751 1879 957 1490 2619 461 438 2192 1519 1704 4467 1680 470 3571 2613 3225 2045 3003 4408 3035 965 373 865 2948 2440 1528 4385 4140 2745 4940 4464 1114 2679 3680 4832 4617 2935 3726 3648 836 273 2672 2167 4823 121 2371 1946 4162 472 3111 1082 3717 4411 2571 3524 1846 3132 683 4867 228 4687 439 2109 107 3789 3396 3169 721 4075 4173 2245 4527 1550 421 2717 725 2227 3821 309 4599 3618 3527 86 43 3090 1897 3623 2841 2748 1539 1261 2874 2307 1702 363 519 510 1763 1227 974 3138 3302 2377 1930 1552 3737 4294 2929 1636 3605 1003 2258 1199 1579 2871 3933 1959 2196 4670 2874 3418 138 2931 4191 3048 4292 3754 4330 1203 2947 4814 1965 3950 1604 247 347 1440 4981 2827 3552 1338 413 3432 553 427 4967 3370 4971 3928 4482 502 3082 3808 3335 1940 4573 2282 3130 694 4624 2645 2233 3890 1640 1656 3751 336 4048 4907 929 22 2355 1167 2243
1519 3037 3990 4012 857 3533 3753 4545 188 1206 680 719 510 1357 1509 1111 3430 204 2728 1158 4330 2479 735 181 3404 1004 3933 4349 4464 4163 2872 2737 4510 3476 786 187 533 4346 3540 172 4286 4820 4991 1610 588 2068 3036 2279 863 914 4416 4280 1859 4125 2310 2129 2134 4721 3796 4883 1908 3263 135 4548 3531 2985 4412 2975 4549 2406 4074 2502 968 1840 1076 3579 4386 2418 2175 3713 974 779 727 3428 4225 2368 2659 3363 1853 1655 2636 3876 1389 708 1887 2211 3341 833 1600 3108 4612 623 4076 1700 4345 2327 2242 4866 4476 3293 777 1389 4867 4924 40 2383 4008 2019 2565 4216 2540 2818 764 3840 4480 518 2168 4400 4143 721 2614 4985 877 3878 822 3552 2612 1096 2821 4025 3754 1545 3296 875 4218 640 4162 86 4464 2338 4594 4465 361 4469 3831 4578 4802 4774 2452 2657 3385 1983 2816 1245 3156 3669 2837 1563 3097 3319 1610 2093 4849 4403 3898 4315 4017 2012 1329 3907 4685 4376 2351 2451 861 1961 4592 1182 1531 4319 3676 2693 2561 3595 1964 1887 2651 2714 280 1498
1381 3182 1126 1714 4255 659 3081 1475 1040 4369 3606 800 705 2205 2244 3430 2489 3370 627 4087 3153 4542 274 1571 3739 2004 3208 284 4202 4164 3710 2854 3798 1000 4058 4423 3454 2090 3083 75 2877 4434 627 2354 4061 4045 3924 4692 2758 2350 2380 3668 4639 635 3093 1014 2125 4056 3012 3353 3948 4112 2469 3199 757 625 3233 3692 523 4457 1219 1647 3456 1681 3785 4966 1611 349 1241 49 4338 4384 1803 4411 2274 1287 3795 4134 4458 672 4174 209 4577 1973 4710 1043 2126 1512 3640 607 1412 720 235 4479 454 1131 868 2398 4390 2723 4297 2732 1776 1495 519 653 113 2400 3995 476 30 4010 3720 917 1990 2977 4450 1111 978 2398 3002 2341 1634 577 2523 3306 3895 4126 1814 4169 2978 134 868 3104 4691 3162 1815 2965 519 2986 2548 3396 1722 224 3556 1584 4272 2277 4864 4329 309 2435 992 1074 4039 390 4427 376 11 4555 239 4754 196 3653 1748 3289 1102 1221 2539 882 2420 2248 2255 320 989 2868 3972 3007 4341 880 920 3088 1266 1432 4109 2203 453 468 3247 3035
4061 2397 1938 1053 3895 3255 672 1695 1466 3170 4398 2955 1903 285 3572 204 3370 871 2940 3895 2949 4680 4936 1796 4633 1984 2584 1565 3243 3048 4957 2951 4692 4473 3265 3001 3169 1495 375 353 3501 3081 4476 1612 2238 244 4671 2945 3554 3799 1915 4797 1127 17 652 4879 4795 4072 3237 2950 188 2326 2462 4126 3031 2667 3257 1563 1111 2782 1195 4141 4474 4393 506 4711 1695 2250 1953 1579 697 3390 3620 1737 1427 1056 1515 1096 4459 4499 1621 2644 461 4377 3958 1427 1613 3557 1901 3449 3630 2160 4505 2598 2489 2431 4021 1266 3713 2149 3615 725 3801 4277 1625 3738 2088 4388 1141 1032 1646 4176 3671 80 3557 4016 2343 3545 3810 2983 4660 4051 4527 2266 3429 1423 1451 831 4929 2527 3575 599 1138 1192 3837 371 4704 2851 582 390 3509 3685 1926 3597 1672 4612 830 3884 3412 717 752 4903 3363 4108 1327 1778 1409 3700 2262 1369 1884 2343 3937 2593 937 1965 2799 3801 887 291 4183 738 1577 4913 1616 1228 1898 765 106 298 4133 1858 736 3157 1494 3352 3984 468 1382 4607
4373 4480 1125 620 1881 1463 3814 4907 1844 4853 2060 1426 2434 1633 1451 2728 627 2940 2212 2319 2250 2609 622 1315 4812 639 2776 4684 283 4755 4612 1780 1788 3919 4586 4820 4809 1254 2185 3278 4517 3827 2245 1197 908 3838 428 4413 1715 1568 812 3105 3529 1178 2256 4554 18 4883 2351 2352 267 1070 1226 837 3647 3088 2374 2124 836 2116 529 4857 1350 1618 4584 535 396 3979 2781 3390 3066 4978 4942 2542 4198 4365 2307 1246 1481 2101 1195 2302 4635 1088 1566 302 1717 1774 3973 2110 1397 2096 4304 379 2715 2981 4265 1538 4430 4532 2374 3974 1990 2392 2612 393 1750 782 339 199 4111 1648 3448 1724 4160 3839 1155 3906 1150 3780 2459 3942 714 2432 778 4315 4642 3305 4045 32 3754 2256 1335 2310 2213 2096 2775 962 3493 3209 3785 817 3967 1278 555 810 2789 4462 563 3706 2865 1599 1920 425 286 2207 2972 4905 4511 4014 2833 970 2291 2988 1986 948 522 1601 2630 2650 529 3581 3857 4824 2433 3039 4659 1953 2074 1121 2932 2224 4745 1870 3376 2005 943 284 664 3028
610 32 4927 62 4321 3300 820 2336 3446 1577 1509 3606 4124 184 3942 1158 4087 3895 2319 1252 4844 1775 741 1326 2048 1480 937 780 2563 3399 2021 682 4501 4384 58 634 176 3529 1892 2132 3946 2197 4175 124 533 4046 2079 4033 1300 3054 121 446 4559 4198 4688 1200 39 2620 433 4466 3285 3514 2466 820 3536 716 3660 763 3732 3392 4393 4743 3954 3631 4092 2631 2680 1328 3693 351 4085 3442 2339 3369 123 3170 1068 1300 2604 1645 4669 4223 1193 477 774 2073 3410 4332 3585 2139 2694 597 626 3491 3556 3275 2572 1290 3617 2111 3674 701 2887 701 145 1251 4877 636 2648 412 1213 3746 334 4174 3558 121 167 4472 511 530 2124 3878 517 1636 2054 3584 2233 2122 3573 4008 4956 3647 3743 2806 4612 4066 2551 2701 2272 4412 675 684 573 4870 348 860 3914 2045 3062 2772 20 876 2480 127 4322 1751 92 4437 4758 2856 1879 680 867 3377 1959 2067 3203 4288 1989 4233 2346 4635 4358 217 2727 3443 4987 983 4157 2227 1307 3194 792 1459 2395 3599 3866 3585 49 1841
2400 4466 2312 2217 3579 2642 2016 3712 815 594 2133 4305 4227 629 1718 4330 3153 2949 2250 4844 2172 1908 4761 127 4072 237 2380 4133 226 1288 1634 3040 2496 3962 4757 1199 2735 721 2540 574 426 257 1839 1333 2920 271 1320 1411 3652 1609 4894 639 1909 1708 3593 3707 2087 1758 4593 794 2316 558 3978 566 2366 1837 2001 4269 4791 1041 558 1213 4975 4042 2928 327 410 3117 3525 3231 4912 126 4036 3405 2929 1037 2290 3301 2126 4819 2455 1665 4336 1724 3029 208 4917 4306 3498 2038 3876 470 4511 3896 1847 4457 2850 3572 4528 2333 3470 1754 3228 2984 2758 623 3515 3646 3587 2874 2449 122 1518 2804 3725 1394 1880 1147 792 2594 274 677 3074 526 2650 1011 3729 3616 3596 3574 1311 568 2101 3068 3678 2228 1186 3975 3213 3242 396 3011 2641 1067 2898 4426 1103 904 4431 1175 4791 905 3750 4469 3959 1434 4862 2151 2623 1771 3432 2635 1585 2407 2708 33 4048 940 2163 1914 2108 3488 2570 2525 1339 252 1561 4997 2826 2749 2396 2604 2141 4645 2245 3543 2242 1591 184 150
741 4115 154 1569 1577 983 209 1200 1167 347 1544 250 4067 2584 2907 2479 4542 4680 2609 1775 1908 2394 3763 947 3227 609 4002 2687 3282 3124 4682 4658 3615 2052 1079 2511 3619 2164 2613 1481 4849 4562 837 2266 4101 2796 3062 1077 3237 1815 2215 4943 3325 1634 2519 1638 384 1155 3537 3171 1356 481 3567 4686 1542 1546 1027 1185 4422 2565 3248 2862 3748 3163 1291 2215 1775 10 4415 2898 4932 1280 3458 2359 4442 2376 4764 1287 3085 903 1520 1855 3515 3998 695 2349 738 3215 851 877 1134 3277 2851 3746 933 1441 694 2877 2391 2981 3421 1374 1176 4450 1981 1465 1413 2056 3717 1603 3220 2533 40 1302 1716 4353 68 78 3516 32 2215 3831 1602 2689 3416 3779 4971 4139 4415 4478 1938 1936 1150 1758 2025 3595 292 639 3870 370 2472 4091 3899 4973 1021 778 4038 2476 3591 4183 2125 1772 1778 2896 975 3500 4993 2231 3655 1068 594 3693 4250 4295 4579 2855 2596 2556 294 3172 202 1178 247 480 1470 1778 2681 3881 3524 972 2394 3552 3539 3469 3422 2103 575 2422 1976 2783
4949 2873 3166 982 1146 783 329 3950 129 4384 4445 3477 561 574 3296 735 274 4936 622 741 4761 3763 3542 1920 2253 1411 4971 2891 4524 728 4765 2486 3965 3387 2187 3861 852 4098 3194 2119 2463 3395 2389 4909 3696 4101 4435 2320 1762 2462 4256 1696 964 3575 4379 882 3566 60 3441 2027 4726 2122 4467 922 4660 1518 1524 280 2382 440 460 241 3861 105 3392 3401 964 1534 3311 2531 4934 2204 2698 1776 716 3504 3952 103 4587 2295 1452 2675 1901 1878 4909 1117 3221 4052 1302 151 3282 328 2273 118 1189 4192 3172 2233 2306 2981 366 149 2434 4234 388 3832 4819 286 330 508 3026 2571 3787 2501 3233 1009 2901 434 3554 405 2852 12 3286 296 2118 3027 1665 3422 4735 4870 2437 4918 458 2518 1308 4512 49 411 4408 3765 99 719 1603 472 3494 2749 2565 2681 2548 2119 3771 2110 3748 1202 2265 378 2221 4405 1590 2999 4389 1425 1250 3575 1358 1673 2313 3018 4142 4589 3891 885 578 2356 2295 3653 499 2466 961 4799 3358 670 2301 4387 1079 1968 3702 1604 3513 4639
99 3310 4472 3516 4501 1451 593 3658 3484 4557 3109 4831 2867 2271 2075 181 1571 1796 1315 1326 127 947 1920 1841 750 2586 3410 2635 2598 1186 1675 3679 4244 342 1230 154 2273 4238 962 2361 2616 681 4091 4572 94 4893 3235 2047 4730 3994 1518 4917 2908 841 2394 3635 4035 1757 781 1793 3576 3094 749 1388 233 3024 2416 4422 4053 111 3134 3668 1171 1728 3714 4381 2916 4234 269 4467 2955 3468 3269 1744 4874 1169 2443 543 2268 2595 2759 3450 3687 4145 3442 1323 4610 2622 4231 3754 1146 32 3108 2535 3097 1344 1505 3986 2895 789 2559 2388 4638 569 3693 4294 1827 2932 4045 915 3427 3778 1685 919 4438 3260 4682 2952 1439 2619 2248 1830 3767 1911 4705 3254 2430 3599 3983 3387 2746 485 842 3923 277 4620 3621 4841 4719 1051 1237 1307 120 1611 1377 2338 1117 2571 1115 788 2165 3426 157 4389 60 264 1105 1246 2272 2505 2363 2431 708 1335 1503 111 4761 3925 1407 561 3096 289 4677 4067 2101 3364 4228 961 132 4776 1033 4003 2639 947 1291 4425 197 558 4440 1385
1331 915 1579 4957 3710 3405 440 2970 2732 1587 3425 2623 3197 1691 3800 3404 3739 4633 4812 2048 4072 3227 2253 750 1471 2971 4224 1839 4763 4236 2300 4309 1471 824 3073 4432 542 4609 3207 254 4407 2879 699 2157 3203 1375 3524 4263 1527 4403 4236 3422 1157 4521 2043 350 3488 988 3685 3068 2325 3282 1710 3459 2687 1111 4882 4073 1059 2763 623 1615 1275 1749 20 449 4924 1030 4853 3541 4431 3974 1212 2212 4214 1180 535 481 1273 1819 1153 3315 2780 3250 1211 790 3173 781 4541 4091 4291 2569 4202 3901 1410 3091 1101 193 3496 193 2959 1783 2237 4335 3479 4287 3070 887 1393 1692 4482 4421 2184 336 2442 3035 4293 3872 1852 1349 2090 3363 4992 2107 4059 415 1461 2150 3963 1549 824 4895 4106 2975 1360 83 774 2928 842 4630 1090 3275 1007 4689 3388 2694 4560 4785 1798 4084 4993 2011 3888 767 4118 2341 3354 3907 1467 2225 4819 3325 4120 4418 1666 1951 3982 985 3123 375 4077 97 1971 4765 651 2892 1890 2059 2466 305 3733 856 1953 418 3159 1329 398 684 148 4714
4230 4371 4130 2900 4295 919 4113 1923 3332 2410 3101 2460 2416 2902 2234 1004 2004 1984 639 1480 237 609 1411 2586 2971 1574 4931 1370 2001 143 3765 820 4206 1640 664 1120 1330 1154 1474 2295 1672 585 1075 3386 3035 577 1582 838 1911 2760 4005 4359 1989 2553 2218 4143 2246 4541 2266 99 798 693 4954 4424 3030 3272 1591 1831 1365 2511 2654 4755 4740 1481 378 1831 343 857 3630 829 4262 1580 1270 2152 1570 1764 4434 2773 1972 2144 1451 3200 3952 3810 2578 2804 4640 2603 3492 3237 2827 4279 4965 2735 3007 4072 2605 2217 4509 764 2866 4597 4665 2989 1294 635 3524 286 2325 333 3641 1059 65 4147 4556 1153 427 1925 895 2980 2986 2031 3420 1719 4348 224 2325 481 3261 4060 4255 2054 2386 2395 211 594 1822 609 4686 1733 1293 3108 1955 440 225 3145 1934 922 3814 3386 905 2315 4003 3204 2151 1153 4614 530 2896 1544 4558 1737 4915 1086 4962 3811 784 724 1789 2762 2450 1549 634 2405 1099 2746 4691 194 124 1323 4626 3616 3020 4353 718 1251 4133 2785 2304 3800
1258 4002 1350 1944 3777 409 3059 217 3005 4898 767 1549 2551 4324 4751 3933 3208 2584 2776 937 2380 4002 4971 3410 4224 4931 2020 2127 3052 4105 4063 937 1325 1589 3481 2985 2710 1049 3608 205 1746 4983 2717 905 2960 375 296 4096 2323 4009 765 3754 2850 2849 1704 500 1187 309 1144 2393 2883 1574 578 4854 4254 4604 1256 2466 1299 3284 2465 1093 4881 4046 3309 861 4483 3437 3603 3904 4045 1381 2267 2266 874 4905 2444 3088 3982 4807 4560 4583 2634 2024 4338 3322 662 1742 2488 1259 1895 286 1198 1866 74 4578 1192 1608 130 3705 4733 4258 3918 1048 4108 4415 2380 1871 2669 3677 4895 1882 3280 4820 1638 2046 3263 1916 746 3236 4418 4852 1319 239 3707 688 4337 1378 2603 1943 3207 147 2771 1549 3344 4737 1405 3202 2959 277 2397 2220 318 4749 2068 1992 3680 3362 1177 2380 1894 512 3840 4504 1517 314 1970 4762 977 1155 1381 3793 1648 3958 3353 1011 1123 234 1031 3711 1191 3592 4400 490 2061 3362 212 1031 3808 4969 4582 3661 4092 23 813 2179 124 1687 2548 19
1558 3261 403 2167 1295 69 2012 2474 4276 2212 799 1191 2214 1010 1879 4349 284 1565 4684 780 4133 2687 2891 2635 1839 1370 2127 1377 1247 2899 2354 2102 4499 3674 1177 3662 2653 656 3917 4166 1694 3681 4597 506 1629 920 2283 3071 2356 2338 1315 182 1864 1697 492 1732 3032 4315 2832 1584 2147 4195 823 1698 2526 2313 367 3407 3485 4533 4072 4780 524 1776 1746 3662 3637 1503 385 3338 1568 2693 1638 354 2093 1823 59 4556 3458 184 3534 2409 1829 3350 4177 4065 2360 3890 3105 223 4517 3418 1764 3364 3923 2582 3627 3600 547 640 4276 1136 3998 3630 4686 1346 4013 130 992 2204 847 691 541 1240 1931 1437 1326 2440 2546 3836 3753 372 562 2735 453 3568 3706 3613 550 4865 2026 3425 803 142 4179 3287 2800 4179 4990 3198 4191 3819 1879 540 2585 199 2096 3258 4586 2417 2518 2895 2646 508 695 4347 1501 2229 613 2396 797 2216 1329 4815 1769 3518 772 2449 714 1897 1531 2700 1797 33 4790 3146 4044 1194 2195 4568 2909 1421 2131 4611 933 2753 151 1190 4191 329
3328 1296 2516 4871 1503 646 1213 180 4623 3191 3466 811 2732 4579 957 4464 4202 3243 283 2563 226 3282 4524 2598 4763 2001 3052 1247 3651 4649 311 1515 4451 3976 4794 3543 2456 2298 2912 682 3278 3028 2832 3580 3476 450 2489 2232 2134 3328 73 155 1006 4896 1551 1351 2819 1396 534 1911 1482 3091 4939 4206 1525 3162 49 2140 4468 3159 305 3542 2492 257 4285 2604 3307 3928 3610 1661 1612 2377 2241 4723 3187 3213 2924 3698 2917 3895 517 4905 116 1424 2886 4535 4159 1948 889 3287 1159 4115 4226 1484 1918 4204 249 3684 2413 4282 3121 1991 2646 3854 3230 3807 138 2456 699 3006 1805 3988 3534 4469 3678 3420 4407 3229 1916 906 2675 1772 4571 4110 842 975 2505 2486 1004 4005 1984 1937 2563 2583 4221 1556 3467 2543 2068 609 4346 2271 3811 2700 3909 901 1100 937 4970 2085 1126 400 4016 4430 4158 1738 3943 69 222 4251 763 2161 3691 2743 2865 387 1475 515 2210 1041 1695 251 196 4954 4931 4234 4374 3138 4285 444 1570 4774 364 4831 2669 2519 3297 3162 1562 4481
2731 3319 3082 20 1284 1428 1333 2349 4996 103 563 1868 4415 205 1490 4163 4164 3048 4755 3399 1288 3124 728 1186 4236 143 4105 2899 4649 2079 1065 1013 1447 1169 4661 4573 3198 65 4228 2034 4067 3964 2777 1583 2551 660 1576 3169 3811 2366 95 1173 1490 4045 1547 4402 893 461 3128 3158 2895 3786 1408 4099 1100 2513 1754 832 4329 3574 56 3008 1945 3699 3808 3853 43 3484 289 295 706 4787 3518 67 4321 2119 3381 1457 662 2187 2971 3107 3191 3044 3308 4294 1888 573 3819 840 1810 3792 1499 3387 187 1879 1329 1194 2672 928 1811 3086 2547 4727 3740 1083 2019 3306 3586 2545 4366 546 1672 4652 2264 1832 1861 4384 263 4676 2406 808 3540 2550 4066 4579 4659 653 516 2395 591 1227 3795 1511 887 2874 1076 2297 2622 155 4425 338 2211 1302 776 2591 1212 3945 3407 4381 4168 2772 3895 2117 4151 2604 3941 545 1337 3323 4351 4706 1894 3341 2647 148 502 4562 2217 893 4002 4580 3884 3869 4928 660 3699 4898 1532 357 844 3737 3456 4987 2708 3753 4893 2547 778 3842
861 148 4576 1898 4610 1156 114 576 1501 2641 3288 4239 175 159 2619 2872 3710 4957 4612 2021 1634 4682 4765 1675 2300 3765 4063 2354 311 1065 1086 4185 1220 3321 3764 582 1791 362 1902 3238 3355 2476 2817 1965 3898 2661 2591 3907 4275 484 1532 489 3619 4691 576 3510 4999 662 3517 2548 4994 2452 1840 2885 3023 2201 4282 4155 3385 2828 1017 2261 1269 3853 3956 2704 836 4316 2644 1482 1357 688 4059 1240 4724 884 1938 2365 325 3223 523 3670 1026 3056 77 2817 1042 1335 1594 2839 4707 743 4357 1261 1806 4470 3911 2265 4457 4430 187 1022 2709 4193 2360 2395 4510 564 528 216 3092 3028 2894 4250 153 2935 3235 2196 2720 4321 3750 2636 3807 1160 143 2369 3466 3125 863 3821 2705 4618 127 3581 1545 2242 894 97 4394 4599 3735 4638 2968 3723 4150 890 3992 3377 3224 222 2324 994 4367 1052 2601 913 4855 3441 1526 2933 4357 1406 2633 4610 4836 636 2973 3709 308 4562 180 3422 3573 544 160 3698 4843 1548 1516 250 1721 3254 2657 2225 3465 4469 2683 3921 4869 414
4061 4415 2973 1624 4997 82 722 1393 929 4547 159 4900 3871 208 461 2737 2854 2951 1780 682 3040 4658 2486 3679 4309 820 937 2102 1515 1013 4185 28 2620 1896 4736 3216 2899 1705 810 657 2204 3821 4577 2087 1967 4559 1344 2223 4543 1411 1579 76 1213 3042 798 4421 4163 2117 661 4845 1119 3089 4075 2483 911 45 1607 370 699 4440 2546 4894 1577 3030 4475 926 250 1876 4388 3058 430 423 982 1227 490 3363 735 1868 576 4731 2678 1460 2752 91 4751 113 980 4887 3682 4168 2883 3851 2447 1309 475 3181 408 4180 2326 1215 2577 3749 2264 3313 4818 4648 2599 2195 2540 4908 296 2291 1796 1127 1854 4904 2276 4298 4147 3883 2582 1620 2308 4562 3571 1686 2970 940 751 2689 4708 1964 2898 722 234 2520 1630 3012 1757 4659 3357 4532 3671 4450 4930 2018 445 3835 4199 28 1983 1711 1477 3854 4140 2632 1328 3187 4821 1349 881 4823 4578 2877 1886 2380 1884 2868 3299 4910 1975 4363 757 2255 4462 3063 4743 74 3367 2286 2560 2858 2260 1127 2374 4043 2453 606 4575 2815
3700 3286 199 2891 3381 3240 262 2610 748 4658 2202 4430 4290 1150 438 4510 3798 4692 1788 4501 2496 3615 3965 4244 1471 4206 1325 4499 4451 1447 1220 2620 2984 1315 4429 1370 1448 1476 1527 4627 4228 2358 3289 354 1674 1452 1875 2166 3757 3773 3947 2068 2606 442 1649 1678 4866 696 1131 4382 4193 4995 4742 4996 326 1908 4958 1195 817 3820 4395 3056 2535 3163 4363 796 250 3056 3984 10 3664 4341 1971 649 2594 4530 4176 3721 4816 4597 4186 3616 2398 4248 3668 1483 3688 3496 57 4027 592 4683 4295 1124 225 4146 4359 4316 416 4540 3815 1676 4360 3454 402 4189 4189 2056 4488 3022 2790 4831 440 2371 1927 2963 3271 2158 2944 2490 569 4109 2180 670 4944 1679 39 1300 642 2675 1778 4275 1313 963 2749 1962 4849 2844 2088 4001 4026 1367 2711 4106 1153 210 125 1088 1680 4734 1666 4938 2511 634 199 773 974 3880 106 3672 1038 4820 229 4348 2170 3390 3602 1693 2057 4222 452 669 4083 72 2390 1183 2708 1348 1814 611 2363 611 3062 4064 1942 3849 2668 2660 1605 55
4586 1207 4348 1929 2700 2172 2453 3351 3739 2166 2815 2826 731 1176 2192 3476 1000 4473 3919 4384 3962 2052 3387 342 824 1640 1589 3674 3976 1169 3321 1896 1315 231 1182 531 1588 4746 4833 483 2750 4284 381 828 3953 3665 3012 3289 4822 4643 1813 3571 3486 1193 4179 2065 1218 3107 3773 4164 3096 3655 2151 4854 502 2652 126 639 3956 1980 4988 2794 2750 2484 1041 4251 3208 3502 4833 2882 4517 2933 3631 4769 2766 3777 1523 1938 3185 1212 871 4284 1704 232 3114 2147 302 2037 844 4424 538 834 2882 1921 4945 3521 1519 2883 4856 4194 4373 4889 364 2160 122 3474 1091 4137 496 509 4009 4908 1057 279 2829 3644 890 3978 917 2863 4755 3655 4958 1096 3811 3389 4317 1984 2355 3148 2717 1454 1749 1181 3653 2403 4645 1152 475 2758 4129 4308 654 4662 4516 3455 3114 1770 3939 736 469 1137 526 453 3437 1173 1225 2064 3797 2050 2154 2924 516 1368 829 3217 2373 963 364 532 1690 1439 287 221 1277 2527 2988 3814 3974 3771 1811 2011 4682 4240 335 737 2484 3412 1808 2402
2094 2836 1134 1051 1553 2197 1451 3962 829 4105 181 1230 3697 2691 1519 786 4058 3265 4586 58 4757 1079 2187 1230 3073 664 3481 1177 4794 4661 3764 4736 4429 1182 1960 733 3692 4450 1374 1241 120 3613 3172 3604 2961 2049 2559 1002 3604 536 2583 2488 525 466 704 3360 4849 3980 2424 4450 3484 510 273 4788 4646 3672 3801 4982 3710 4664 2381 4164 2203 853 1095 3117 1083 2332 2864 82 4462 4029 1551 346 1103 848 4150 3147 1925 4168 484 1114 1688 802 3581 3540 4241 4748 2680 2834 504 2004 3648 3399 4874 3447 1861 3601 303 3920 1406 2198 4903 290 1786 771 249 756 1368 21 2868 4532 4559 4259 1474 1397 4807 954 4082 2235 227 3889 142 3529 3693 3587 3996 3247 1623 3567 3852 3544 4566 4174 3625 3559 4540 4246 2121 2354 2958 407 1777 1418 3604 4478 1488 2210 4715 3800 3986 2999 4848 1372 3614 1273 3485 3505 2953 4480 4091 4880 2379 2653 1933 397 4585 279 4374 266 424 4616 2155 3580 3369 2018 805 1039 3147 2890 4226 434 1084 4619 4272 1346 4046 2547 1524 1963
2362 4995 3857 2875 530 3124 4114 3975 2268 2604 3652 1811 2959 1704 1704 187 4423 3001 4820 634 1199 2511 3861 154 4432 1120 2985 3662 3543 4573 582 3216 1370 531 733 2470 2865 3918 3274 2229 1607 4809 1474 1505 2281 548 4691 4123 3868 4218 2239 4937 4557 3696 2708 2118 3205 1558 170 3393 4758 2396 100 4151 1620 774 1042 4440 2260 2297 1795 4481 1616 2077 716 1136 721 3468 3320 4774 907 2860 1898 1254 1436 322 2589 2260 2730 2616 870 754 4606 1893 687 3982 4558 1774 2273 608 1391 4297 4640 1135 1524 2498 4949 398 4897 4080 901 668 3615 1002 312 2282 3525 4928 2115 2078 4440 2186 3781 3151 2296 1924 1817 4898 443 1944 3041 1620 2643 1470 1983 1893 3859 2545 457 4732 560 2747 3277 1775 3666 3113 2058 1905 3465 1060 90 1285 136 2862 1469 4354 472 1325 2792 4108 4850 2582 4801 4348 2855 1095 2281 825 2886 493 201 4225 610 3584 4937 3011 382 2258 3886 1238 4244 3574 2240 254 2701 1017 3811 4144 4513 2018 1975 178 3305 3371 2387 2659 4381 2066 4569 2513
4602 1627 274 1300 4646 219 2513 1005 4414 2742 1054 3885 1428 2413 4467 533 3454 3169 4809 176 2735 3619 852 2273 542 1330 2710 2653 2456 3198 1791 2899 1448 1588 3692 2865 4268 4526 4655 1076 1560 2038 2606 322 4651 2759 1829 196 3018 3271 4483 3642 3194 1224 1179 2503 2802 18 659 3359 440 1965 414 2986 61 4644 3461 4488 2673 2401 3833 2947 3961 3490 2482 3119 4206 544 2225 2454 3776 1703 4454 4397 868 3111 4649 2303 4254 4569 3988 4739 3542 2733 2525 1481 592 2396 2221 3351 2881 1872 2208 1480 3612 3108 312 4745 3703 1791 2672 3770 4495 2517 4131 4588 3155 189 3937 4871 2709 3662 4805 4422 2472 3983 2946 3228 128 661 4668 1282 835 2341 639 3983 2474 463 2815 140 1024 135 2576 3152 4370 1500 2182 3361 4887 1289 4137 580 4051 2009 3741 2350 2164 2385 4741 583 3553 1776 1765 4013 3375 4779 2738 578 2228 2236 2407 1576 4965 1060 4003 124 2525 4013 36 2840 2825 2017 3842 4676 2949 3794 2424 2697 3966 1833 3659 1580 717 25 4451 3700 3534 548 3157 1055
813 4407 102 3592 144 4751 1325 4073 4266 3664 1741 36 2240 4318 1680 4346 2090 1495 1254 3529 721 2164 4098 4238 4609 1154 1049 656 2298 65 362 1705 1476 4746 4450 3918 4526 766 590 3196 155 471 1860 4617 4652 148 3682 4750 2449 2054 3619 3668 4358 2729 3729 1245 1456 1074 3724 4218 2234 2294 72 2495 4143 4545 4409 4998 3568 10 1888 3931 3597 3786 2413 2645 2164 3168 3175 3591 3335 4274 3729 1551 1812 3899 2245 4219 189 1858 1526 2099 3352 1664 161 3098 1623 555 4928 4929 4845 4536 4495 3713 4126 4500 1113 12 587 450 1631 884 3802 1276 105 1107 3273 76 2536 24 919 170 3285 4424 1936 4921 1366 4521 4134 220 4855 4983 3940 3415 4743 1155 238 229 3741 3007 3385 2100 4054 2604 3775 2471 3467 3063 1254 2719 2025 191 2136 2795 4556 4693 4547 2580 2168 613 1837 2790 1325 4988 1741 2264 4079 2690 1164 3957 947 3515 4487 4674 2176 1553 1697 1842 2387 31 2775 3250 2446 3975 1567 2748 3987 632 1102 588 4291 4007 2580 258 2728 4101 1898 2027 4306 1782
1084 382 4082 2186 82 3191 3364 758 3979 1569 4230 235 776 2539 470 3540 3083 375 2185 1892 2540 2613 3194 962 3207 1474 3608 3917 2912 4228 1902 810 1527 4833 1374 3274 4655 590 2162 423 107 1279 1370 1432 3504 4697 1655 3196 4398 4309 4868 1337 4927 4400 2625 1243 3275 1088 809 1328 951 4065 1190 625 3372 1744 1406 1655 2969 4218 3275 964 3160 4143 815 3702 3211 2550 4244 1402 1179 76 2667 1781 2698 2772 283 3574 2995 723 2591 3882 4204 964 69 837 307 2334 1130 1697 1237 2226 3099 869 2248 2294 4525 655 2198 4961 2036 3938 420 3162 3157 55 2663 2052 2219 4407 4082 3077 2722 4250 2364 1633 485 3723 4015 3583 4297 4990 1343 15 2642 4238 2628 2857 1349 1179 3400 327 4960 579 4874 3611 945 1078 4930 3833 2380 2431 3374 3621 3521 2378 1055 1348 4606 2737 314 4979 2155 2705 2828 4315 4130 2095 3288 4858 4720 4617 693 3860 4771 4596 3050 2933 281 4204 378 1748 4081 3091 531 1750 3939 3921 3553 731 740 1491 1449 256 3304 3381 3250 4330 2658 3886
25 2769 1145 2626 1955 468 4848 552 3101 909 1870 3199 2962 4917 3571 172 75 353 3278 2132 574 1481 2119 2361 254 2295 205 4166 682 2034 3238 657 4627 483 1241 2229 1076 3196 423 276 2455 20 4986 2243 490 2061 989 4145 2896 1781 239 3522 874 15 1848 1688 1322 1243 2550 3763 2543 1693 868 4755 1594 4398 3510 4243 284 4758 2054 1547 2251 4849 4559 1206 4726 2247 2327 3626 3605 742 1157 1628 3365 4864 3595 1870 3047 2093 4486 4637 4668 3393 1256 753 4735 2335 2153 3410 3825 4891 1067 240 4132 3844 2068 2793 4628 801 2411 2097 1546 4125 4668 4264 4776 2683 3433 1137 3938 1457 2705 4808 1882 3325 3561 2336 1715 590 2463 2750 1176 2164 1463 3295 4566 2154 944 3179 93 2018 2132 10 2571 4015 4601 3036 2518 3105 3857 1342 3796 4100 360 2831 253 4063 3238 156 1539 3874 585 3951 2682 3696 4945 3348 971 3048 538 34 4407 2195 1311 719 2663 3546 1757 4335 363 3319 473 1499 2395 3573 1107 50 3954 4079 693 589 2443 929 3405 561 3533 1101 1609 3694
