N: 200
M: 10
Symmetric: true
Triangle: false
27 88 10 174 115 145 27 52 54 146 83 192 56 67 22 60 25 73 26 132 141 156 167 14 63 129 135 38
22 13 50 97 61 200 157 94 30 6 90 11 108 191 59 41 78 20 194 137 80 125 127
15 155 122 114 140 153 72 181 149 98 163 81 161 34 182 190
19 77 126 82 179 120 198 58 128 177 106 133 39 92 40 36 121 166 143 31
20 165 19 101 3 195 102 12 176 79 178 4 57 68 76 16 105 139 53 15 29
14 136 86 8 24 85 168 147 164 131 123 183 130 95 124
16 7 171 45 187 44 65 172 74 2 51 185 46 104 110 154 134
18 48 55 150 21 62 170 100 193 1 118 87 159 71 43 113 23 119 84
24 96 37 42 112 64 66 142 162 35 138 99 18 70 188 75 175 93 197 180 17 169 33 158 152
25 144 9 160 47 32 111 49 189 151 103 69 173 116 89 109 28 91 184 199 186 107 117 5 148 196
97 1911 3032 1489 2085 1497 1505 3289 1017 131 216 3694 2565 1704 4807 3471 3823 1844 4439 3046 3445 3017 4314 1678 2685 3482 2609 1146 1432 1694 4776 1108 844 4793 3435 909 2613 782 1532 4403 3707 4922 4576 4219 4777 1550 1265 3400 760 726 1341 4170 3597 4467 1687 4842 4313 4636 2377 2006 316 485 2920 2006 4823 3870 2283 1706 2666 101 4778 1809 3197 4799 734 2937 4736 155 4582 3299 3189 4970 508 4321 3463 251 4612 2617 1946 19 2980 3565 20 4135 3764 1904 2020 2515 1757 885 493 4650 2788 3429 3987 3451 4468 1884 2295 4956 1489 402 1244 1364 1823 4232 1402 1412 806 1685 2369 3702 1891 119 418 2232 2362 4132 936 2203 4746 2018 1100 2797 3294 1920 3695 1403 1102 934 4058 1327 3323 4996 1413 3042 4651 1748 4983 2336 4737 4558 4253 358 4809 3240 1503 4789 2824 180 3086 2016 3093 204 4504 3870 4487 3438 3325 2801 1610 3587 3305 2297 830 1859 1529 1959 4890 4658 362 3130 1947 1027 957 4345 1209 1989 1761 1560 1156 3418 2777 3799 3125 373 3319 3327 4410 1664
1911 105 4108 4015 3055 906 4836 1103 532 1673 2800 3287 350 1409 83 4566 2081 2858 3418 1430 3202 4739 4439 4780 1083 1978 4101 2960 814 3695 3684 2954 2341 584 2476 4801 1852 316 3180 4321 1737 1442 3337 2201 1882 3558 3417 3773 100 3064 322 2314 3831 1006 60 4231 3471 2760 4043 1647 2107 2615 3904 3091 880 54 357 2498 4288 544 3389 555 974 1114 1298 2057 4364 321 219 4229 1144 1704 485 1337 3861 3903 2673 3999 716 4310 2133 3290 4342 1245 4254 973 1232 2545 1940 1752 3975 2691 326 3835 4862 2002 3777 403 1937 2560 816 1381 793 2103 1843 2048 4408 1176 1875 3874 4499 3482 4579 1037 956 3251 310 3295 4441 864 3465 395 146 1168 2366 3573 2891 2948 2089 1443 1333 2576 3887 657 1677 4126 4881 982 1054 2264 2549 4248 3645 584 2542 3373 3527 1014 1965 3816 584 350 2753 2932 1619 2643 480 4793 4968 2933 4775 3510 1239 4993 4214 179 2528 4656 1073 2663 932 2831 1788 4654 3935 4839 2347 2663 3131 1203 2718 275 1112 1809 1906 4381 4634 4590 988 3595
3032 4108 143 4916 1715 914 1929 326 3439 3471 4463 3844 139 865 3374 1522 1039 314 511 1992 4416 1944 2558 1312 3995 2177 104 2213 4510 4817 2385 2607 1611 2944 1305 1051 279 3800 3402 3875 2777 1645 678 3076 4100 237 4981 2647 1466 3960 1987 3402 624 1839 1775 4376 3366 349 798 1691 2787 207 2234 1085 594 4109 634 3753 816 4425 1470 4269 828 4696 2017 4588 4097 2840 4141 4165 2955 1510 153 1823 4929 1566 390 2754 2943 4342 895 4742 374 1315 447 2759 4435 3520 478 3413 4872 4605 3644 3264 1077 1832 1049 798 4680 4775 1351 1636 113 4295 842 3348 1531 2710 637 476 4732 3949 212 4357 2201 2042 1662 2223 1243 1258 4074 2430 4172 2280 3351 551 3147 4892 4414 2811 4888 4683 4307 3720 28 1680 3610 1083 3047 4647 4272 4110 3098 3923 529 837 3037 2426 3041 10 3421 4593 3679 2841 785 279 2062 194 596 3050 425 3658 2203 2057 4982 2134 1923 1010 4534 4239 2340 960 1857 2574 759 4925 897 4276 3955 3903 2154 3009 15 1184 4509 2122 1970 153 2514 2541
1489 4015 4916 1070 3459 1949 2899 2845 223 805 3794 2470 1936 2111 2103 517 4296 4887 4071 4197 4810 4980 3448 3429 1575 3713 4668 744 3039 2365 952 3556 4220 888 2105 3263 917 2527 4071 1927 76 4576 4378 4050 1641 2037 4092 1244 2219 233 1678 4054 570 998 3488 2553 330 186 3035 1326 673 2714 1884 492 248 699 4648 4406 483 2854 2005 608 1668 731 2186 3910 3120 1230 1705 333 2100 4916 2765 2576 2200 1235 3193 399 2087 1751 3373 1390 778 184 2607 1510 2817 4514 3937 1388 1132 3620 2834 2511 1250 3549 4524 4648 2133 4116 3407 4080 2672 3258 4890 641 4814 1217 1459 4497 4003 189 2445 4064 3027 4428 3081 2364 2412 3489 38 3069 3159 3497 3994 805 3203 2871 4490 1905 4327 3223 2619 162 4582 2256 4392 1514 1744 4836 2477 4048 1774 3747 3590 448 3468 1851 4072 2774 2994 1039 1777 3187 1266 2558 4618 4233 3291 381 2709 2528 301 752 4269 1793 926 2216 1492 3366 175 4155 2613 2916 1691 3657 4640 290 4453 3986 539 3504 1935 3833 2250 1325 1346 518 2812 4017
2085 3055 1715 3459 2342 4858 2832 3617 3823 2698 3042 1496 4310 3563 3100 4193 3220 3416 545 2141 3073 590 1484 4696 2502 1405 2929 1399 4711 1870 353 2698 483 3978 3525 4685 12 678 2749 972 2237 1358 4319 2239 2695 2435 1835 1575 1997 1538 3431 35 2485 4516 1212 4274 198 284 233 4986 618 775 2158 4622 2878 3616 874 705 4476 1943 2121 1443 4164 4552 4029 1418 3566 1054 987 925 4192 2410 417 41 3248 4396 4198 3101 4960 4417 4109 4906 2411 3824 4239 65 1607 2587 718 4714 2748 4044 296 4972 2897 2962 3545 1648 2701 1324 1956 392 2343 2499 602 3711 2011 126 3871 3099 329 3238 4835 3489 111 4526 3622 1787 3047 1790 3681 435 2526 957 4326 3407 2009 2704 2929 1047 2020 3263 3001 777 75 900 4868 2815 3407 2433 3789 826 2792 4028 243 1563 3673 1096 261 579 4774 3358 932 3246 4951 2318 1920 3613 3635 2673 2248 825 1687 2264 4316 3346 2407 3695 1834 2929 2144 3605 1268 3518 4451 970 103 893 333 1067 2310 1115 313 3357 2679 2850 4636 4273 1589 536
1497 906 914 1949 4858 3005 2685 2965 2271 1221 607 4167 2394 802 4404 2998 2489 4031 202 447 4013 1245 4793 3665 4429 4290 3295 1687 3007 4914 1344 2823 899 669 1654 3451 4920 4241 746 4936 1514 4538 4393 2660 4024 4812 3288 1763 784 406 3516 4642 2264 1992 3823 4562 122 4288 3821 4165 1410 3189 3467 2151 4795 3841 3412 1728 2250 2392 1965 3611 3596 3039 4379 2812 3878 1584 2274 2008 3155 4842 3745 505 2946 4292 505 3919 4490 4032 1100 3383 469 3442 3968 1981 4155 1057 2947 3738 712 1755 2606 2588 3290 4319 570 646 4384 1660 4282 3994 3947 2911 3236 2918 4651 1205 3524 586 4798 3757 4939 4339 30 3018 4071 3032 2688 1762 3050 630 4121 2398 2209 4683 4265 3333 1535 3218 2883 3478 4008 3060 4209 1790 2572 3118 3025 1973 1469 2251 1424 4349 726 2296 2804 3317 1842 4223 1726 2753 3497 374 1663 1614 3437 2431 339 233 4598 3647 2903 33 4299 3778 3073 70 1920 684 1679 2920 3773 4459 133 2542 3311 1609 4494 3565 4828 458 350 602 4001 2965 602 4861 3161 2496
1505 4836 1929 2899 2832 2685 3160 2688 2452 467 4239 1362 3390 3157 809 3325 2378 3762 1476 2369 3636 4467 3430 1411 2021 59 1736 4796 4270 3224 1095 1998 3292 4309 3578 1345 1451 665 2790 2019 3644 4874 4190 3209 1560 1008 1382 3193 2732 2237 1194 2976 710 4134 1463 3749 3458 1500 3947 1301 2645 2864 4250 3954 2850 3955 3635 3625 4414 2208 3154 3530 2467 11 1379 1051 840 2789 3305 4678 4166 4972 2031 2619 3892 3192 465 359 4940 1849 2248 4608 2953 1785 4988 2215 309 2225 3917 2810 1707 2749 1999 1301 2345 944 3030 3716 2441 4579 2740 2060 501 399 525 3556 2041 2763 1656 2292 3941 3586 3963 1667 4534 1284 1033 2907 3900 3289 1745 4959 301 2594 2708 322 18 4632 4351 4265 1085 1484 1479 1655 1362 149 1708 4097 4009 3983 2888 715 3879 3749 562 3511 2107 4494 1310 3802 559 386 3666 2713 2027 636 2788 4716 1600 2243 4885 4517 711 4396 2519 389 3550 635 1883 3865 2983 527 2631 3728 2495 4555 3140 1233 323 3461 250 861 4590 3364 1489 4914 667 333 799 1669
3289 1103 326 2845 3617 2965 2688 3124 3258 4097 2515 3305 4406 3461 1060 1702 2793 4638 505 1278 2807 4300 4798 4533 2053 4746 4282 70 2147 3476 1953 3902 568 2499 1935 1395 4620 1741 2052 4815 2291 1868 1616 2899 26 949 4324 2816 2393 27 269 77 636 2915 1054 2298 947 540 4865 3109 3794 1185 1443 4374 4131 4626 3402 4972 2929 1329 4987 4813 1219 3358 2658 3702 2159 76 454 2755 133 2252 2018 833 47 3361 2253 1617 1618 2602 717 3664 4710 676 2069 660 1829 415 175 3406 2782 3202 1927 4116 2115 3059 4571 3976 2761 4374 3219 4932 1829 4445 2744 2541 861 1422 1963 3145 348 531 4366 3588 3146 2062 2250 2923 1457 832 4278 3026 2767 2083 1478 429 2879 1956 4544 2405 3535 948 2712 4502 524 3066 156 2071 3450 856 473 562 1714 3252 3396 738 4322 1441 470 2052 706 2239 4796 3379 4103 2947 135 3468 4687 1551 4358 1098 2413 4490 3621 724 1464 4485 4327 1981 1806 488 2632 2814 3694 3796 983 2798 1972 3303 2314 4028 4690 3022 3979 2529 1232 1210 2715 3784
1017 532 3439 223 3823 2271 2452 3258 296 3448 365 1900 1678 4837 1123 834 1224 355 2736 2533 4844 4394 4105 2656 2286 2670 899 2118 3858 4431 3947 107 650 767 3189 4355 2821 620 3429 485 3821 1507 153 2218 24 1937 1411 4718 4762 4879 3380 3373 3544 2934 4077 2432 3508 1837 2310 73 3954 3440 2637 1126 2781 1654 683 4868 1811 3010 4358 4883 1914 2598 3101 3778 1787 4711 3532 3440 1814 1252 3318 548 3107 3860 50 4736 973 953 1304 4674 1754 4613 4526 2005 4563 2335 3352 3693 4215 2225 4571 4518 4434 1710 946 3834 2598 4285 2468 4741 1813 3872 4291 1418 3433 4521 2103 857 2034 457 2690 1951 2036 1009 500 71 2623 18 3257 4663 3623 4847 4977 4689 2092 865 2823 1175 967 2559 4303 2934 4233 1536 1101 3279 3302 3311 996 1448 2139 1560 3248 4998 1104 2022 2235 4974 1479 4759 4743 2293 588 1749 245 101 611 3919 3320 2822 1128 3564 1983 918 773 463 1891 3595 3879 3363 3372 3087 2567 3704 4969 4395 2125 3406 4883 4517 4796 4620 3151 3012 559 2179 3011 2201
131 1673 3471 805 2698 1221 467 4097 3448 3779 1070 2488 4462 4328 399 1312 4706 1169 2379 4638 4772 3651 1101 1321 1251 3830 1261 4843 3071 4975 3258 1805 1072 1749 4851 2156 781 4592 4684 2581 2386 2532 2576 575 4875 50 3573 2692 3331 571 4800 3263 2727 2723 2917 1995 2077 1348 1767 2501 1308 3332 866 1141 574 971 739 1637 1364 2073 1157 349 3717 3960 3499 639 4076 2329 4609 4191 313 3488 4911 1981 3186 4968 2356 1610 629 3957 3319 2999 833 892 3791 2205 1070 155 3078 2077 4050 3159 4347 652 2697 1959 778 3533 2976 3880 106 17 4172 3580 1590 901 1885 1521 1585 4378 4978 4802 2127 4686 3292 4856 4622 361 2154 1332 2399 2125 537 2277 786 2420 2037 1746 1200 2977 4784 712 841 2415 3439 4092 235 3691 1436 2314 4882 4975 2115 3458 2503 4226 2050 1149 2244 4745 123 165 2636 1899 4184 4839 433 819 3801 1479 292 1375 1511 2979 3088 977 4327 4722 4982 3881 2199 2913 2187 337 3299 1502 2955 3131 2647 1337 770 4897 56 652 4576 258 4865 78 1977 2744
216 2800 4463 3794 3042 607 4239 2515 365 1070 2863 2804 2783 1059 1066 4515 1325 1992 2049 3763 833 2163 3740 302 1438 3478 4481 1598 1502 3226 1030 295 462 1676 2231 139 2791 3041 4024 747 513 3530 2518 4107 2010 3723 3843 2047 3916 3214 2795 1724 2574 3506 61 3304 4023 2215 4751 3749 157 46 2908 3626 676 4400 2152 3456 4486 1825 1003 4277 2850 2779 4405 803 522 4542 3539 3497 2697 2827 3227 306 3714 3967 3676 2046 2596 4299 2205 1536 4008 417 4090 123 3840 214 2366 4332 482 2609 2896 640 1709 462 3295 3207 98 1212 3972 3333 4600 2300 4526 2168 1776 1912 1791 208 1825 2164 4701 2634 1490 3141 4298 384 1728 2444 3170 2506 3540 4002 1869 4725 297 2868 3280 4597 3197 4443 3156 1442 113 3255 3342 162 4315 2749 616 1406 1997 3513 3004 3976 3088 4545 1014 4546 3437 4156 4923 240 788 4193 3214 2263 1353 3164 950 2865 587 1202 889 4269 3153 3894 2417 916 165 2524 1306 4598 4034 2935 3485 2169 4526 1102 3458 4501 1913 4776 2195 2353 74 1053 2023 4214
3694 3287 3844 2470 1496 4167 1362 3305 1900 2488 2804 3741 3364 356 4557 4341 3841 964 1765 468 4068 3062 1972 1505 4186 4552 1686 752 2014 4820 207 3553 701 3578 2765 4861 3366 951 3568 4901 2271 2137 4252 4804 2868 2223 3789 4551 1747 72 3015 1864 1846 1055 1666 3567 2077 2880 168 1642 2724 2930 4687 1711 1405 599 3323 961 3863 1219 2101 3423 4117 172 795 282 4359 2329 475 4865 623 3772 1117 2973 1931 2837 2002 3731 4711 3643 3141 479 1245 3583 3903 3747 414 3486 3128 3080 3807 1940 107 1260 4076 2621 3103 2373 3246 1127 2624 2625 2943 1668 472 4233 1508 4148 856 2257 3031 235 380 2670 4666 2559 1269 663 3460 1082 1921 2666 1500 544 4831 4770 2356 2912 3591 3135 1759 3097 3317 1239 1295 567 237 2725 1399 2872 4319 2933 604 4776 31 1752 678 4542 4849 1975 4205 4055 1899 3141 4294 714 4573 3752 4365 2124 4749 4541 1866 2064 505 4123 2854 703 4647 2973 2461 2396 196 554 3606 3836 3186 4021 87 1185 2220 3661 4968 874 545 3825 1061 3176 1795 2026
2565 350 139 1936 4310 2394 3390 4406 1678 4462 2783 3364 4558 4334 2288 4234 1244 4157 15 670 3473 4325 3134 336 2499 2149 2500 3677 4418 4113 1549 2699 2725 2498 3902 572 2633 829 3976 988 3836 2964 3386 684 3291 3312 4203 4495 4384 2722 4190 1551 4800 2351 1943 4980 3761 3825 3908 2880 1467 487 2918 1894 404 4073 1366 3912 4627 4877 4832 1449 375 1130 3273 4436 541 3642 3270 1754 2981 4799 3825 561 2456 2994 4277 3525 3223 2585 2551 716 3251 4168 2600 1686 268 2147 4250 110 189 4011 2493 990 919 2490 1152 3326 440 36 4366 2253 1467 2655 3124 2257 2804 4964 1937 3498 1252 3316 1776 3350 2924 400 2032 1612 1487 2255 1218 2124 4397 4956 2636 3161 924 1840 1518 2553 2956 2606 4037 189 4911 3970 4434 3295 1440 1910 1098 1613 3153 2224 4899 759 3727 1178 3190 2106 1728 697 4094 3238 4493 1417 1556 1481 2874 4493 445 4211 3855 2532 4698 3918 710 1130 1695 3880 4476 1724 1202 2907 35 676 1130 196 3856 4270 254 3149 4977 3757 624 956 4165 2053 1657 3502
1704 1409 865 2111 3563 802 3157 3461 4837 4328 1059 356 4334 4003 4464 806 1662 218 1751 725 1395 636 4037 3310 1813 4926 2823 1001 1408 1273 2090 645 2798 2390 1998 1963 104 1198 2707 4591 4160 3356 2804 3671 241 1586 3303 3678 4168 1968 3146 927 4573 198 3878 1979 2454 4587 1638 3951 4185 2887 4369 2601 2016 1050 4949 3348 4299 2295 4366 3065 39 2923 1023 2583 4850 2480 1068 2463 3318 3118 4452 4481 3809 4999 2352 4032 2879 1542 3147 4435 1969 2184 339 1923 1861 3971 2767 193 3540 341 820 3281 674 3672 1020 428 1350 1626 1759 3313 240 1399 3182 2206 3233 3401 2446 4550 132 1153 4323 4075 3703 2712 187 1504 1419 791 2222 4380 4704 811 4764 1317 3775 4073 4976 4821 393 202 3711 965 1063 2188 1826 722 203 3774 1237 451 351 2002 1257 2429 2956 1625 504 273 2463 4071 4019 4190 159 3469 1396 3357 3033 4208 2728 1706 2802 1903 3922 1280 1866 4038 1765 4598 2223 2276 1820 2174 4330 404 1831 1034 3487 1143 165 616 4830 3466 2202 1018 4583 926 1729 3943
4807 83 3374 2103 3100 4404 809 1060 1123 399 1066 4557 2288 4464 4574 2049 3697 3970 1669 3397 538 3696 3891 1922 315 4855 3022 1141 2199 502 530 2900 1785 4305 4600 1025 4378 1159 4924 3605 3088 4238 3881 3737 3894 383 436 2751 555 2147 1746 4404 983 979 4565 95 3987 3630 3534 3517 3782 2726 4326 93 1072 3841 782 4172 4763 4003 2024 2309 3452 113 1234 2902 4607 4427 3537 2218 3947 2787 4732 1637 582 2334 3025 4446 4925 2408 2096 4359 1997 4444 3810 3695 2601 585 4262 887 2373 2967 539 1630 3082 998 4374 4254 2720 4122 1090 2529 4886 77 2059 1054 4891 4253 1780 4429 49 2387 3211 4106 4108 288 528 3808 3200 1816 4257 2683 1582 555 2898 3732 146 2451 4384 1244 2487 4086 2639 3050 245 2405 3700 3797 3616 390 724 3148 2668 4554 3601 2777 3708 2091 1100 3683 1283 3037 450 4935 4138 444 792 2765 3499 2254 1854 2120 1869 3883 261 2401 95 2468 2779 1648 2746 1902 403 3593 3753 2573 2754 1252 3213 713 2517 1523 2131 4839 3150 3970 4731 1522 4372 3041
3471 4566 1522 517 4193 2998 3325 1702 834 1312 4515 4341 4234 806 2049 3646 3869 4996 2398 780 4656 2975 2814 1485 2392 2964 792 2730 685 2400 2380 3993 1065 4144 3550 4139 2452 730 4208 3983 2032 1020 1953 130 328 16 2321 1600 1732 1787 3503 4815 2826 1311 360 253 2237 3425 945 873 2163 928 3498 2950 4108 3908 4581 1993 1356 1785 4593 2330 2471 2339 432 3126 3667 2627 3155 4951 1949 2245 2029 2456 1827 1151 2995 3441 4979 954 4683 3842 117 1746 3214 3831 3051 3914 3657 4927 602 4804 4696 4652 2451 4740 520 3075 1734 1695 4520 4035 3906 2640 2132 1032 3108 3972 3935 3428 179 4351 690 4513 4877 2790 234 1714 1495 4247 4137 583 2123 3626 1334 742 1087 677 2240 2879 1094 2618 3237 3449 4591 3379 72 3964 1367 4369 1710 3193 564 3375 690 1107 1087 1969 489 1407 2502 3731 2754 3780 4544 2041 857 1307 567 4899 752 3366 202 2376 617 2361 4604 257 3763 2219 1875 3625 2083 3010 1434 1372 2311 3157 1732 1460 1676 3730 255 3968 1155 3186 1647 2484 2754 3066
3823 2081 1039 4296 3220 2489 2378 2793 1224 4706 1325 3841 1244 1662 3697 3869 3293 922 1977 214 3488 3830 2044 2906 3700 3574 936 4306 2352 1353 322 1709 1279 2833 4950 3258 1638 4117 140 943 739 2597 3868 1113 3542 3741 3866 480 3994 442 2871 3848 1466 3398 3195 4875 294 4405 50 2716 4067 1643 3546 848 2085 688 4618 1977 2405 3838 1687 1714 4910 227 1573 274 3432 60 155 488 1441 869 1003 3333 3505 4289 2262 4642 2370 3390 3766 2308 2456 3089 24 4382 670 4134 2243 693 943 4360 1346 1532 1307 1215 44 805 1660 4105 587 4632 552 344 1923 400 3222 3776 2226 4008 3387 38 4220 2994 2087 4078 2959 3636 800 1707 1367 2931 1805 2096 2362 1714 2373 950 1391 3230 4126 623 343 4131 1625 1716 4568 477 4086 3527 4170 665 648 971 656 319 1887 1211 2094 2569 3084 651 4949 2584 2018 4562 316 572 2605 4858 4482 3884 2986 1822 110 3869 924 3507 4773 1444 3710 1645 1307 404 4605 3966 3066 4552 4332 2981 4477 4055 4648 2789 3751 1054 1461 3252 2884 102
1844 2858 314 4887 3416 4031 3762 4638 355 1169 1992 964 4157 218 3970 4996 922 1694 3102 4634 4713 1240 383 4119 1695 2484 1157 4046 874 3143 4999 1982 4977 1716 1137 3681 3795 4127 3359 70 794 624 2517 568 2016 2938 3168 564 2515 3061 2043 1988 1026 4718 49 4034 618 2884 2026 287 3319 1261 3106 3274 1993 1829 2171 4676 422 4766 4185 324 2847 3190 4545 2225 140 3714 1176 3572 4463 1923 2927 328 2766 373 4576 3960 2722 301 847 1406 3312 3477 347 925 1267 212 2642 241 468 4196 2722 516 102 843 1327 2375 4287 1878 3770 2915 4922 1526 4043 3244 1147 331 2292 1340 740 3150 2640 4797 1341 193 432 2027 1970 3726 4007 421 4653 4181 849 3076 4449 4068 1691 1266 3806 4620 2485 3030 3203 1926 2481 3458 2994 3693 4409 2228 4154 193 4374 4418 2568 486 4751 3484 744 1995 2550 2509 3498 3764 4624 4159 530 1438 807 1215 3258 4446 817 4164 1249 4888 2184 59 4864 1235 304 702 1220 2881 846 3910 653 995 2474 902 4222 2583 1706 895 3843 4295 1547 2819
4439 3418 511 4071 545 202 1476 505 2736 2379 2049 1765 15 1751 1669 2398 1977 3102 2956 238 1445 3364 4810 992 391 1547 2299 224 1091 2349 286 4909 1706 914 3177 3200 252 3285 4160 3087 1589 4860 4299 1615 2181 1414 3387 1762 1890 2811 1432 1379 4153 1690 3046 1684 4539 4699 278 2127 2302 69 3197 3132 4918 3924 414 1115 2193 4785 4989 3556 3966 1350 1801 795 1030 625 4706 658 474 3408 4878 2439 1481 2909 3180 2489 2997 444 1287 1975 2973 4093 3096 4699 2295 3895 2078 3387 1987 2845 4489 4893 3503 4865 1597 4517 2247 2819 3892 1515 1888 3125 3894 4743 2298 3534 3746 2452 577 355 1817 1778 1332 4148 178 2238 928 2273 532 2994 1457 2895 19 3228 185 290 3941 2666 44 3678 4388 714 655 4015 3706 4442 242 383 1544 338 1604 1271 4929 3563 695 2529 3109 930 1390 3433 1606 3203 1954 2176 4025 490 3946 4984 2328 1159 2691 520 4799 4233 2663 1562 3618 3298 2367 1958 394 1029 3071 4920 3488 1393 1759 1750 2373 1645 2867 4717 3587 1428 467 4976 4767 123
3046 1430 1992 4197 2141 447 2369 1278 2533 4638 3763 468 670 725 3397 780 214 4634 238 4645 2350 4148 4554 1213 1326 1438 1381 2921 1294 162 3311 631 3724 784 3962 685 2934 2326 2127 3103 4504 3164 1389 4553 830 2401 3071 3827 4204 2155 1378 3677 528 1142 2086 3374 3022 50 352 4376 4797 1651 279 4725 753 1578 3399 1748 419 1963 2924 1561 955 2146 2792 4663 1213 1207 2364 1859 3553 4404 4694 3696 1782 263 133 1477 2865 1516 1193 2629 4479 4082 3179 1161 3641 187 3668 4270 1286 2283 1734 422 216 591 3888 31 4758 1472 1154 2711 2410 3869 2988 2257 100 1119 4785 3521 2601 1083 1870 4594 695 611 2994 770 2715 2756 4377 1223 2674 37 887 2370 2797 3033 707 62 1587 4485 1151 2497 2396 2327 4549 2140 3102 4669 210 1190 789 2387 772 2198 141 3218 4837 839 4928 3496 4500 2606 4967 3321 2066 92 468 3285 441 2044 4848 930 4994 2349 3970 4137 979 381 3158 2196 3237 1554 2067 527 4746 2710 1951 3830 1553 2371 3414 2345 4390 4225 1716 409 4603 4745
3445 3202 4416 4810 3073 4013 3636 2807 4844 4772 833 4068 3473 1395 538 4656 3488 4713 1445 2350 3872 3492 2373 1721 4980 3779 3005 699 364 2343 3040 2387 3629 1792 2175 3620 4277 66 2587 1884 4206 1526 955 4786 3459 3567 4013 3689 2785 1498 182 3064 672 2048 839 2525 3041 3722 3093 1415 1912 4797 2713 63 4641 2309 3166 3335 1194 2694 4255 2403 3466 3266 2548 393 2619 2170 3840 2440 3239 2339 3395 2609 883 1199 314 1521 874 1809 4568 2502 1379 359 3126 1715 1571 4427 289 3177 2745 2034 4262 1704 2327 812 4916 3685 1775 2788 2783 1239 102 958 3348 169 1569 3075 360 1306 535 2528 3590 3133 2029 4881 2519 4022 374 806 3431 1086 643 4512 1048 823 3153 2859 1511 1838 2183 2955 1061 3206 1356 1473 4228 2733 2408 1387 326 3284 1487 272 3423 4470 88 249 2504 2426 1455 3166 1800 1655 2700 4116 4526 3891 3458 1813 3514 1404 3823 1948 4728 907 4888 1012 116 739 300 3570 1630 1869 2592 1348 350 3784 1271 955 2995 2389 3254 4037 568 1236 1262 1124 4653 451
3017 4739 1944 4980 590 1245 4467 4300 4394 3651 2163 3062 4325 636 3696 2975 3830 1240 3364 4148 3492 4733 2365 3890 3531 1261 363 3358 1337 1284 584 1103 1377 861 2938 4277 799 348 2388 327 371 988 3771 4489 3488 4175 4324 1672 248 214 4752 4235 1612 4801 3209 2023 4136 4617 3024 3103 4472 1611 2316 1085 4261 3537 4640 3544 2930 1740 1816 1043 1473 2037 450 2226 727 2594 4872 4374 1514 3944 700 493 4875 1814 566 3871 574 2380 3834 4097 4591 4460 902 4932 4413 2465 2648 2635 1440 4228 2895 4174 734 2914 4471 4442 3639 1054 1830 1478 390 1858 921 3746 116 1827 617 3207 4794 4123 1727 4145 2356 272 1588 694 4462 1231 3145 4296 1845 1671 1142 76 4340 4863 999 2417 383 3010 2433 1538 4883 1003 2606 4331 3613 1453 836 3056 4843 3095 3642 4116 1637 4409 4466 2788 3194 1318 3058 1689 205 1077 976 2466 4933 97 1637 1242 4165 2407 4295 3281 790 758 1006 1029 1889 1271 2506 2180 1498 2157 2919 853 4745 647 993 3421 530 1570 4658 4979 1797 2810 1928 2628
4314 4439 2558 3448 1484 4793 3430 4798 4105 1101 3740 1972 3134 4037 3891 2814 2044 383 4810 4554 2373 2365 4544 590 429 4887 858 1017 533 4668 1978 4089 4068 2731 2112 856 4846 2551 1572 3487 2787 2988 327 1294 741 3133 3207 1468 4732 1738 2397 4765 3641 3702 2241 3990 757 1637 2548 3530 3649 336 1464 1893 718 1427 1761 4537 3897 1925 2139 3851 4878 4638 3663 4244 2292 2723 4613 4482 4864 2778 3766 20 1859 168 557 323 2733 3907 1169 3105 3427 3509 4722 1791 4036 4012 747 384 4583 804 4527 1239 858 404 4287 723 2540 1486 611 4154 2507 3912 987 304 3633 29 2305 3664 714 2807 4797 3613 1777 543 965 3635 4849 3173 3241 2622 369 4517 670 4320 3987 1423 2602 3799 3546 1492 2290 2086 4439 1592 280 1074 2353 1069 4161 257 4414 1419 3391 3756 4343 3641 1888 1362 447 2655 4598 3609 3812 2639 901 2869 1301 2893 3888 2236 3147 3694 4178 2228 114 592 2645 3719 1088 805 1784 151 2085 887 1246 3337 2920 1611 417 3587 3152 2765 2503 737 4226 1986 1365 4668
1678 4780 1312 3429 4696 3665 1411 4533 2656 1321 302 1505 336 3310 1922 1485 2906 4119 992 1213 1721 3890 590 4848 2895 433 4628 1149 1017 2002 1239 1648 4674 2112 993 871 3231 2088 1241 3885 1395 118 3007 4000 3489 4180 1766 2794 4510 1138 1669 3261 3815 2858 4269 3644 3355 3967 4540 975 2545 3799 3522 977 4855 536 1363 519 343 390 4730 3578 4017 3870 320 1382 1931 2885 474 3402 4681 3600 650 2867 1438 2173 4382 3423 4602 856 3870 2347 361 1160 3708 1031 2386 3167 3773 4107 3424 1555 1720 2655 1229 320 1011 765 3285 4165 471 2045 4098 3680 263 3667 2465 1212 1392 4451 610 3022 2662 1939 820 3160 2424 211 915 3651 4503 4186 4743 89 3231 660 3725 4672 124 802 2766 757 1906 2783 394 2168 4282 799 3144 2639 3721 3884 4901 3437 3079 3095 4873 26 4805 65 4074 4499 1296 223 2076 918 2393 1076 2018 4077 3351 1281 860 4968 2677 2229 2557 2905 131 447 955 2846 2220 1874 1455 2379 2277 4030 2158 1140 3678 4277 1967 2280 1763 74 2337 4991 3766 1168
2685 1083 3995 1575 2502 4429 2021 2053 2286 1251 1438 4186 2499 1813 315 2392 3700 1695 391 1326 4980 3531 429 2895 3517 1225 4764 1546 4114 3695 1748 1159 3817 4536 1798 1997 3617 1102 670 2125 996 4862 4231 3075 146 3002 3510 4548 3166 4690 239 1253 2581 4233 1705 395 4644 1819 117 2171 1817 3518 2533 2856 4226 2714 4605 4629 2139 534 4811 4207 4062 2490 3135 2712 789 3669 498 3625 1608 3441 3466 1538 3930 4484 3998 2241 4696 1466 3227 3894 3338 905 562 2976 3543 995 3172 1749 3143 4985 1538 290 920 3205 1487 4570 3857 2148 496 2697 460 4265 4175 4442 2365 919 4603 4954 4389 3774 4261 138 791 1831 1649 4323 2053 2786 4721 1556 881 3936 907 760 3437 4528 3264 3632 1997 3031 2199 4462 535 3074 2471 1305 2117 3456 4634 2786 946 3026 865 2149 3050 3610 956 2321 4110 3923 2534 436 1152 4415 3142 2767 4733 3393 3218 2144 637 705 734 1672 674 3739 2850 2335 71 1307 1203 2041 4960 2941 4893 116 845 4720 1285 4122 3030 1969 4785 4987 2622 4773 47 2600
3482 1978 2177 3713 1405 4290 59 4746 2670 3830 3478 4552 2149 4926 4855 2964 3574 2484 1547 1438 3779 1261 4887 433 1225 4511 1745 2251 599 2300 101 1062 4879 2421 3936 965 2465 3826 705 3193 2417 3775 2993 4065 4846 2382 1811 3429 3807 2385 528 4290 2390 3745 422 2968 3835 3029 3192 4636 3677 3606 1854 4632 917 1995 1467 2648 1933 4147 300 3454 3793 2901 1594 491 4479 1710 2746 243 723 1308 4239 411 2688 2177 1506 549 3728 132 490 2452 872 2545 142 1522 3995 2585 3449 2072 977 3954 4709 975 2655 3705 4214 4201 360 3357 1409 3570 207 3543 2953 3891 109 2531 4511 2366 2599 2748 4165 2021 1064 3358 4230 1172 2400 102 2471 1192 2835 3493 1255 4263 2002 2766 3591 3700 721 348 3578 3355 1263 3482 2763 417 4015 4945 1588 4655 2358 3017 1981 2091 1469 4709 1446 363 912 4137 322 3398 991 879 3884 504 1788 3481 1362 4590 2707 2574 4905 2986 1638 951 1869 4930 587 3858 1002 3983 2941 3427 4675 1676 4913 4174 2702 3807 4990 2630 2640 4020 509 1448 3593 4463
2609 4101 104 4668 2929 3295 1736 4282 899 1261 4481 1686 2500 2823 3022 792 936 1157 2299 1381 3005 363 858 4628 4764 1745 282 4475 151 1891 4766 4046 4595 1340 2603 3982 4840 2441 1054 3823 3823 4811 2604 1744 2471 1168 2909 4494 1848 3563 2597 4272 2737 1241 4646 4939 3004 2554 4960 2933 1972 2254 855 4080 589 252 2209 343 442 472 3025 1271 4040 449 1295 698 552 2272 378 1966 2513 4595 2321 4338 3994 3325 2777 3142 1668 150 4932 3106 1109 1476 717 3008 4134 2120 499 1507 74 757 3034 4360 4334 2611 3548 2658 914 2454 3163 1955 2764 1365 1325 2709 3778 3331 427 3413 438 1841 4909 750 2953 1993 4061 1343 2085 3628 2473 3561 1162 278 4505 2418 3355 2710 4178 3078 964 2542 583 2276 1508 1206 1553 2898 4576 3150 4572 184 4952 2442 1209 1483 4654 3290 2210 1398 2706 972 3546 4053 3623 3018 4788 2185 638 3928 1335 4473 384 1206 2245 93 2375 1892 1816 4288 4868 2703 44 3292 4228 180 1058 2806 524 3456 448 3365 1826 2218 4999 837 3065 209 4352 132
1146 2960 2213 744 1399 1687 4796 70 2118 4843 1598 752 3677 1001 1141 2730 4306 4046 224 2921 699 3358 1017 1149 1546 2251 4475 4003 3016 3978 3843 1978 347 3768 3373 4955 1142 1937 1463 1335 2494 978 1470 530 3464 1092 1410 4092 877 4026 4736 1474 1623 4535 2403 3999 1206 1304 1992 4024 4991 2701 1732 925 3817 866 619 2044 4868 4227 1436 895 714 2324 2305 3226 2465 138 1457 4024 328 3269 1115 4629 692 3865 2986 986 1921 3659 3336 3170 154 4562 929 2760 2309 3554 476 536 4949 3503 3353 2069 4050 3420 3972 2434 4668 441 2380 1370 1540 4864 2641 1251 2066 2841 4007 1099 2296 4931 2093 2057 4062 2323 4303 609 1184 4739 4595 1053 874 453 1297 4179 2772 3077 2001 4114 3834 710 2824 2856 303 3693 4040 3595 3065 4927 341 2372 486 4072 4156 3847 193 2908 2000 2567 193 3791 3451 3710 3812 4471 4536 3345 609 2588 3866 3612 4511 4512 490 129 520 3707 3393 1462 1521 2055 1013 2432 4531 4593 678 1388 1465 2497 278 4230 1677 2202 864 734 2145 3607 1326 1934
1432 814 4510 3039 4711 3007 4270 2147 3858 3071 1502 2014 4418 1408 2199 685 2352 874 1091 1294 364 1337 533 1017 4114 599 151 3016 4799 2162 434 2439 1171 1007 4572 4781 2697 3181 4692 2346 2311 3122 2912 3857 83 607 3934 2003 4570 2563 2237 3805 3352 3958 149 1317 3870 1445 1474 587 315 1667 1488 4168 4276 4827 3060 4964 3245 3697 2921 794 4248 3141 4784 2116 1696 585 4944 4210 2597 42 3952 313 311 482 1038 3238 1051 553 1517 2061 608 2936 4542 2235 3443 186 599 2405 4756 1340 618 3657 4098 157 3590 3707 4460 1180 1578 799 847 3944 4862 2145 512 1429 4225 4198 1040 1716 3816 4013 4816 2088 1735 1555 3572 2930 3780 2590 4030 1894 4219 4076 1780 4164 4218 4926 369 2724 1111 3873 3428 3841 4201 4899 3632 1522 3275 1101 1353 3996 3240 2087 3402 2203 2182 32 3226 1632 2113 2092 979 4046 1348 1052 2460 456 1131 622 1967 2544 1582 429 3151 4213 3008 3230 2171 1291 1483 1013 1325 2195 4928 2678 160 2505 3245 2542 2107 432 1128 236 3325 4208 571 1741
1694 3695 4817 2365 1870 4914 3224 3476 4431 4975 3226 4820 4113 1273 502 2400 1353 3143 2349 162 2343 1284 4668 2002 3695 2300 1891 3978 2162 2516 2486 4401 2475 4789 2722 188 2826 1268 2258 4713 1373 4102 4809 2721 2247 70 3624 1376 4847 917 1458 2177 2624 1474 4835 941 15 4453 4528 2901 2800 2320 4798 1712 4839 279 3685 2413 4273 4385 1670 1994 2923 4525 1095 300 2160 2716 4598 2656 2674 1543 1705 1987 3754 379 699 2894 1068 4234 2337 2738 1996 798 2339 304 525 2836 1616 4381 2867 4577 2706 578 2966 4803 1628 2055 207 4556 3728 4156 278 381 2974 4601 2677 3781 1588 109 4273 4261 3421 707 3071 1884 3281 3783 4247 1559 1636 2705 3577 4028 1199 1684 4429 2037 3604 1712 154 4862 3521 57 2625 4693 1462 4279 3662 2633 3194 2592 4064 1536 3221 4614 1739 3291 2219 162 4261 3446 2858 137 2109 3681 2613 2653 3052 3006 819 2251 521 1636 3942 3457 1080 2245 1600 4608 3791 838 885 2725 417 2324 684 3809 2857 883 1936 1297 1056 3702 1115 1513 2604 4648 667 362
4776 3684 2385 952 353 1344 1095 1953 3947 3258 1030 207 1549 2090 530 2380 322 4999 286 3311 3040 584 1978 1239 1748 101 4766 3843 434 2486 308 821 957 4520 1769 582 2088 1528 3120 945 1581 2846 2529 4679 2643 2538 2004 4217 2548 4740 890 3262 2701 1060 2307 3329 3454 3540 1873 2970 3279 3894 3200 3334 3489 4020 2135 1936 4399 328 2807 4588 1573 1814 1967 682 1760 4312 4659 3476 50 4459 3585 1495 1571 4853 1109 2204 1202 795 802 2531 4102 1376 1289 2565 409 3253 3091 2290 3407 804 2596 385 3103 869 3219 103 3534 1753 4779 260 133 2720 1616 4810 4468 1123 2314 4784 4579 3752 3365 2378 4318 236 2347 3702 1047 431 4408 1963 4956 322 4593 387 844 708 4827 3975 4816 4287 1497 159 3409 3862 2672 2674 3905 2239 3871 3286 380 1654 1343 4030 3386 2834 2096 2398 4744 3395 2046 971 502 393 3262 4783 3218 2020 2881 2252 2859 1962 1177 3147 1165 2945 1235 2357 1051 1294 1277 3707 4586 3011 786 3718 3734 1955 2624 845 4163 1065 4653 872 2963 1965 730 2697
1108 2954 2607 3556 2698 2823 1998 3902 107 1805 295 3553 2699 645 2900 3993 1709 1982 4909 631 2387 1103 4089 1648 1159 1062 4046 1978 2439 4401 821 1478 4119 3243 2705 4588 2044 4496 3162 211 2445 1374 3311 269 4402 1771 425 4695 4174 2575 3690 4928 1319 1468 2431 4153 3592 3207 2000 3038 1936 1302 771 1065 1390 823 1917 3151 2174 3752 1861 3004 675 407 160 1863 4319 4544 4353 2369 3045 432 1760 4542 3838 2915 3751 1881 1187 832 1906 649 3308 2903 2950 4500 3525 3972 4340 4257 4983 4655 2759 4615 4681 3226 4844 652 3818 4891 4537 584 4238 3461 2833 4572 800 661 2327 800 1113 3703 592 1777 2478 4393 4438 2722 3987 3606 3692 2827 309 3639 1537 252 2612 1055 1902 3302 4652 1362 46 3651 3455 3464 3210 3767 2303 1830 153 2240 3960 4691 3024 2598 3364 923 3792 998 4533 3738 3021 2026 625 1643 110 4685 144 2819 4816 1807 3936 153 604 3015 40 2368 4134 2763 3689 2380 2250 1469 1774 895 731 1961 4229 2150 1787 1639 4629 1156 2750 89 929 2896 293 506
844 2341 1611 4220 483 899 3292 568 650 1072 462 701 2725 2798 1785 1065 1279 4977 1706 3724 3629 1377 4068 4674 3817 4879 4595 347 1171 2475 957 4119 1616 4526 3895 4696 4993 233 1896 2552 2500 677 1466 4528 1417 4753 4001 400 2264 4822 1571 214 3557 2357 841 3322 2468 601 743 3727 3820 1584 2471 261 3068 1257 1620 4399 1812 2321 587 2081 2757 1298 1457 2755 3450 2336 2480 2737 3244 4935 3034 4811 2757 1587 4201 4992 1483 4962 2362 967 4793 1644 3314 4498 4137 1744 3298 3608 2885 4549 2427 3646 2337 4236 1190 2916 386 4929 1885 2989 517 2405 552 2470 4758 2508 1853 1529 2844 1681 3865 3539 3281 151 4815 2923 1703 1029 978 957 3370 4114 1239 1769 3140 1147 4268 4648 2450 4340 2155 1982 3736 3522 3509 458 3355 3986 4833 3187 1969 2551 2233 4545 4856 3880 598 1035 4003 105 4576 2363 3352 2417 161 1358 2708 4701 2373 3003 3780 1065 1956 487 3594 2925 2512 2713 1004 2093 4913 4073 307 694 4261 809 1596 3656 2497 1524 1994 4181 1520 4235 2213 4406 3060 156
4793 584 2944 888 3978 669 4309 2499 767 1749 1676 3578 2498 2390 4305 4144 2833 1716 914 784 1792 861 2731 2112 4536 2421 1340 3768 1007 4789 4520 3243 4526 4952 2280 3589 3659 4710 1268 3809 1457 2742 2555 3385 944 2445 3701 993 156 3305 920 2305 4851 4165 591 1257 3325 3395 1025 3868 2816 1777 294 2229 4596 740 3859 279 1121 2688 4522 3267 4256 3447 4704 1223 2811 4181 4946 1411 389 4214 328 288 1512 3743 1237 2153 1995 4186 4831 4954 3325 4713 376 2575 2128 2945 1631 853 1270 3944 4447 3629 3894 4230 2640 2385 1613 2584 574 4098 522 3595 4804 4666 4187 4317 2694 3555 120 741 3168 2944 3041 885 2967 4647 2108 3109 4956 1476 4511 4861 3831 2026 549 2141 4735 95 270 2506 2039 2092 4333 1974 4924 4766 2002 4890 3522 3975 3984 1656 458 2094 2269 3855 2121 4406 3795 2606 4173 4938 3383 1406 4056 234 1775 941 1306 2551 2175 4975 3335 2960 1725 4273 656 2198 3503 2303 1478 290 2107 4446 3672 4376 2583 882 1717 1551 1710 4391 1586 3669 4287 1448 1475 3348
3435 2476 1305 2105 3525 1654 3578 1935 3189 4851 2231 2765 3902 1998 4600 3550 4950 1137 3177 3962 2175 2938 2112 993 1798 3936 2603 3373 4572 2722 1769 2705 3895 2280 1737 4420 2641 4456 2083 2172 3750 1625 4067 618 3730 185 2519 2912 4239 4371 4019 2897 2116 3870 930 327 3777 2455 3860 4941 1196 3124 479 4341 397 1101 755 3616 3812 2784 4409 3487 4651 2787 1291 1738 3314 1597 3093 3230 2377 3594 2336 2746 3807 1301 205 778 136 2900 1010 4916 246 544 1214 3479 4575 2642 2072 1534 2583 916 3858 2559 2434 936 179 390 1955 1580 2979 4804 4920 465 926 56 4053 2489 223 3038 272 53 21 2827 512 4446 187 652 3263 3934 1650 1456 3022 2152 1313 3036 4786 2123 4221 472 2671 3199 4906 1425 27 1132 1295 4687 1378 2187 1022 2799 3993 2333 350 834 564 2398 789 3067 3109 1330 1449 1308 1580 4687 1013 1148 4991 652 2877 3970 1212 1742 4245 91 593 1804 3351 2094 2087 3332 2696 2646 4407 865 718 89 679 4856 2217 3723 1923 1523 1388 1275 4295 4253 670 4336
909 4801 1051 3263 4685 3451 1345 1395 4355 2156 139 4861 572 1963 1025 4139 3258 3681 3200 685 3620 4277 856 871 1997 965 3982 4955 4781 188 582 4588 4696 3589 4420 566 1992 2280 3178 1540 3776 1085 4496 1365 2715 1264 2821 3800 4668 2372 4431 1834 1779 3852 2958 3874 569 2291 3272 405 384 1720 4646 846 1741 1460 1292 297 1346 4390 2000 3552 2709 283 865 1307 2896 3679 454 1897 4030 3852 4937 2573 1765 1726 412 4375 1621 3576 4997 4474 871 4803 1327 2443 4810 3996 2301 953 1388 2128 2670 2836 3059 2185 3954 3090 2622 1324 1507 3635 4225 562 3765 4435 164 951 112 2504 391 4359 828 848 2517 3123 1945 1840 4800 2193 3500 2021 1972 1545 2824 3111 433 4925 3967 1460 1060 4630 3435 888 4087 4469 4465 3941 121 874 2611 3141 1605 3089 2303 2325 4085 2922 2557 4327 4308 696 741 4851 3067 4379 2400 47 2541 4510 400 2978 1475 3412 2426 671 685 4276 406 2906 3804 860 1557 1828 1454 1705 4976 710 2916 178 3553 1656 257 1772 4214 4610 3074 1573 587 3573
2613 1852 279 917 12 4920 1451 4620 2821 781 2791 3366 2633 104 4378 2452 1638 3795 252 2934 4277 799 4846 3231 3617 2465 4840 1142 2697 2826 2088 2044 4993 3659 2641 1992 2688 182 1925 3889 2611 127 3764 3008 300 480 330 1105 4262 2286 4032 3638 3933 2598 4648 4016 4644 4699 464 3725 3616 892 1209 690 3490 200 3904 116 257 3827 1120 3345 666 3581 4257 1025 1389 49 4444 2082 4534 2618 3734 1690 1521 293 456 4309 4883 2890 1869 605 4095 4723 3685 4998 3236 4640 3326 3322 3429 2741 1984 1700 3149 1372 1211 4917 782 77 4328 117 365 4888 3613 3743 2815 1495 138 1973 3067 4982 3736 2212 3818 2406 659 2000 4584 2858 283 4542 2198 414 1704 780 956 3535 40 1248 3576 1667 3214 1948 1969 1880 2654 1736 3779 2799 3639 4452 2194 980 1956 2746 1715 4017 298 3225 4993 3198 1649 3742 3808 4849 868 860 1080 883 4912 3827 2869 4533 966 1665 4595 1733 3758 1177 1435 1731 3901 2180 1774 220 3352 1818 2539 3380 2990 4413 1990 4957 3683 106 3691 812 2872 4606
782 316 3800 2527 678 4241 665 1741 620 4592 3041 951 829 1198 1159 730 4117 4127 3285 2326 66 348 2551 2088 1102 3826 2441 1937 3181 1268 1528 4496 233 4710 4456 2280 182 23 4521 4158 2593 4662 3547 121 61 1602 4521 3462 4185 2869 615 89 2264 4844 456 1431 563 366 4861 3209 4453 2267 1370 2742 674 4298 82 3799 2606 3533 2299 4621 4590 3167 2626 868 3294 1265 2213 718 2880 1651 1952 22 1554 1883 360 4464 4537 1190 2417 4387 1388 4028 2985 4852 2823 2855 2043 380 3563 55 2716 2825 2984 202 2491 4242 2991 160 4075 2692 4400 4960 3119 2591 4483 2433 69 3222 3314 4557 3134 723 4781 2606 1179 2140 1087 4228 1975 3635 4613 407 3590 1555 233 3385 3962 1673 4819 1143 2655 3165 57 4512 467 3460 1085 3352 3748 2821 4603 3816 2703 2986 3905 4705 1834 2565 1763 3177 4224 4817 3928 2607 1008 2766 959 2987 4978 3328 4744 2753 323 1574 4894 4703 1680 2245 1919 1504 3424 1452 2607 3696 557 4499 1676 784 695 3882 2199 1161 577 3973 1710 382 1573 188
1532 3180 3402 4071 2749 746 2790 2052 3429 4684 4024 3568 3976 2707 4924 4208 140 3359 4160 2127 2587 2388 1572 1241 670 705 1054 1463 4692 2258 3120 3162 1896 1268 2083 3178 1925 4521 3336 1836 2485 532 1678 787 4673 792 1810 365 3011 988 3551 1623 932 4652 3249 3308 1949 3941 1478 4535 4497 1292 1001 2464 4843 822 448 2856 2666 3861 1700 730 306 4105 957 2874 326 3131 4746 2013 3411 3795 2899 2472 4591 2348 3942 3025 4991 1233 3812 1699 983 4251 3534 2177 1135 4049 376 1991 4316 4950 4026 2061 274 4128 2718 3622 4479 1419 54 3344 4015 1374 202 3558 1297 608 561 4359 2518 1086 1443 878 1179 4262 2384 4746 1094 4914 2572 2471 3584 3792 4124 2963 719 4209 3794 634 3540 2860 694 3399 3285 4281 32 4646 1748 4391 3100 4316 358 3541 1472 338 4887 4330 4702 778 3494 383 1843 3542 2324 1801 2379 1201 3334 2633 904 2981 992 3032 2370 4143 2801 2565 4557 1439 2996 4092 483 4370 2878 1443 3673 3068 2401 2249 3521 199 3214 2972 2260 2421 3400 410 443 2335
4403 4321 3875 1927 972 4936 2019 4815 485 2581 747 4901 988 4591 3605 3983 943 70 3087 3103 1884 327 3487 3885 2125 3193 3823 1335 2346 4713 945 211 2552 3809 2172 1540 3889 4158 1836 1398 2470 327 407 1435 1330 283 3877 945 2809 4905 4690 3935 4826 1659 2400 2455 1021 1121 1728 1202 2952 917 1769 1680 422 1778 57 4799 1556 1919 3692 4757 3646 4581 549 590 1733 465 4960 4420 3552 4817 2992 464 2500 3998 1920 3777 2763 214 3500 3043 3561 1255 3902 3107 330 330 1995 489 1827 4717 738 3679 624 4575 4902 618 1364 1640 2220 4244 353 4315 2737 4767 3063 1346 2935 1215 4341 2296 1937 1640 2730 4926 4645 990 1585 406 718 1945 3805 1652 2365 2566 87 3280 3329 57 3342 2109 2986 1170 2524 4880 4685 898 4264 1899 2108 2459 384 775 4069 1390 3065 2189 1189 4756 1871 100 4655 2683 282 2210 3431 3015 1123 2028 2790 137 1680 2855 4312 2245 2151 91 188 2939 4799 4294 180 229 4227 3829 2011 3989 432 1407 1645 2457 3073 1697 1149 1300 3437 2977 2798 2162
