N: 200
M: 40
Symmetric: true
Triangle: false
2 176 136
4 105 62 74 171
5 121 107 103 13 158
5 20 137 108 80 22
6 82 1 88 199 78 58
5 123 185 167 181 60
4 134 70 64 24
6 100 130 135 141 31 155
6 8 23 127 156 66 114
11 73 183 178 160 52 65 124 117 115 95 122
6 21 98 151 6 92 7
5 128 68 35 71 56
5 166 150 172 154 197
3 90 200 184
4 38 17 120 42
8 43 187 94 132 169 111 28 126
6 89 104 179 119 177 164
7 149 139 96 33 99 163 44
2 153 61
3 175 84 168
2 195 30
6 170 67 93 10 118 11
4 9 109 192 45
3 16 87 36
8 125 138 26 144 5 147 193 131
5 173 102 91 54 19
7 159 148 75 15 180 85 145
4 152 59 4 49
3 12 86 162
6 146 188 25 97 116 18
6 29 196 57 198 191 39
2 106 76
6 3 14 174 55 77 129
2 112 81
4 32 37 186 50
7 190 51 110 34 194 53 40
7 165 142 101 27 182 46 161
5 41 48 63 157 143
3 189 79 140
7 47 2 69 113 83 72 133
4622 3796 1919 822 108 86 403 3203 3692 471 2463 4809 1388 1727 3419 3046 1321 2252 1491 3733 2218 2383 751 2035 4555 3030 1257 3471 2475 3902 677 182 653 1354 2491 3178 1536 4141 3902 4053 3168 1471 1464 2612 3517 1878 1600 913 3265 740 4157 2161 44 93 1171 4035 1758 2015 3338 658 3094 4669 4116 3577 2409 3407 176 1090 2034 1728 3086 1759 4278 3092 3342 1967 2526 66 3059 1501 2985 4772 401 1251 3946 3327 955 2603 3352 1225 3802 4058 4696 378 723 1028 133 4082 2563 4449 1253 4628 174 2629 3567 2554 4333 1317 4719 1883 983 2137 2832 2461 1201 3843 523 1165 3044 3881 3583 2928 1984 4675 1298 1919 1804 1764 796 4889 622 2217 4269 1475 3219 3626 2291 735 4162 3616 750 1313 3684 465 4464 3148 2556 677 1551 249 3596 480 2956 4229 4736 3302 1300 4392 3601 3208 1887 2289 4041 4923 4800 32 2062 412 3816 510 3388 3029 1805 4024 4865 4807 2728 213 3060 3881 2701 3745 3009 3151 3307 2123 4350 1570 3747 753 2667 2072 3393 4400 2042 2957 1760 1963 3256 4138
3796 118 1274 1211 3359 1446 3463 3222 1434 4762 1448 3495 404 4331 4539 4354 1460 4387 4203 4316 4151 1628 3508 1840 1606 1088 2638 3667 1625 3422 1940 3899 3316 325 2190 201 1726 2613 4039 3738 2940 2529 3606 2356 1742 4410 2628 140 3917 1763 1341 4879 4804 4575 944 901 962 354 1402 967 4061 4124 4656 2048 4868 3906 3993 1968 3577 152 2957 4331 2127 4775 2393 2982 2139 3133 917 379 3641 182 1359 346 2176 1458 4952 1565 1511 2879 1655 3895 3622 4467 1513 4057 4697 1421 285 117 4822 1140 1802 580 3641 1218 3505 3481 4916 3800 4722 3277 1928 2501 2914 2901 29 990 4467 94 438 3755 4337 2506 917 1878 1024 808 4550 4556 1144 4704 2706 4172 1114 1969 1527 1333 713 1799 3264 4894 3877 2529 1443 340 435 3498 1743 3343 119 3256 1548 2421 4843 3672 2584 2389 1870 2817 2937 1320 159 2905 3763 379 203 543 497 3205 2472 501 1028 1634 1450 1137 3689 2686 3156 96 1040 2745 1631 172 560 4937 4894 1740 4231 1608 2887 4474 4757 2828 879 1595 2831 1659 4131 307
1919 1274 3696 3785 4665 1796 2990 2544 4480 2536 1234 321 4654 666 4124 80 2109 3715 1444 1498 3184 167 3143 886 988 1426 2352 3842 3849 1126 807 4807 1606 1588 1440 1408 2512 1059 2956 3515 4926 1750 4455 4152 1724 4494 4077 1067 3321 3347 4676 136 4535 3507 4184 3173 2916 3045 4962 3250 1909 2186 2415 114 1077 1006 3685 2419 4856 1896 3761 349 2264 1641 2392 4397 2172 1312 4728 2038 988 4613 4141 3586 3199 4283 946 700 2200 2756 978 552 3029 4727 4118 2438 4923 83 3557 4563 1666 4259 125 172 476 3122 3169 657 453 17 1365 4359 3052 1425 3514 3849 2121 3286 3951 638 3954 62 398 3764 249 4933 3775 307 4972 4579 2044 1031 141 4108 1679 2541 2281 3256 2972 1808 4156 1125 3948 4246 4687 79 2067 749 3337 641 2752 714 2762 4883 1582 1552 4422 1050 2518 4180 4329 2811 2256 2315 1946 435 2769 3477 2829 3929 2601 2055 4964 1573 4263 4552 4317 4836 657 4032 1903 189 4419 3787 3450 3250 302 14 4812 1861 4228 582 1290 3191 555 3488 1585 1923 1323 2740
822 1211 3785 1945 1549 3008 1084 3963 317 1712 754 3463 2083 822 2870 713 4876 2547 4544 2547 1739 1365 3894 411 3707 2731 2041 3997 4465 1471 1584 3869 2191 4870 3795 4046 3014 2442 4507 2987 3801 1035 3271 14 286 3512 957 4552 4125 4575 722 2722 1492 3867 314 3772 2477 3992 1692 3039 4013 4238 1390 2001 815 675 2050 436 3555 1189 439 1391 664 2586 4068 1425 3348 160 137 1276 123 3588 3539 4784 4869 3209 2716 3726 4838 3126 1222 1127 294 177 2486 2298 2399 2890 1920 1167 2787 1503 1167 1393 4085 4927 4458 2505 3544 4018 3271 530 252 4132 4921 3360 4789 2300 2579 1039 4073 3501 2997 3480 3236 238 4272 3100 4339 4195 4142 4707 320 879 2896 421 3006 1721 1950 2900 2464 2218 1873 4781 4539 3915 3800 2609 3789 3229 800 1930 4348 2905 1274 2250 1756 3565 2515 4368 4038 4542 2356 1870 1540 3523 1618 1026 4495 4090 4359 1114 1953 1417 1927 4842 4417 1154 2988 2099 2162 4039 269 1604 3990 1078 4698 3504 3897 386 2837 723 924 606 155 2598 4539 3538 1925 862
108 3359 4665 1549 4225 4801 2896 223 1806 1029 4800 3051 4770 4107 280 4118 1488 4727 2853 2973 2332 3222 3744 4622 2837 2631 1027 87 4069 4587 3696 4964 4567 3101 1745 3259 3175 4898 4847 2247 3188 3718 3674 667 1077 4253 3872 3178 862 4627 2035 3001 2809 4915 972 2515 1901 4567 3275 4425 1612 4316 162 3193 2894 4262 1716 4804 4453 4031 1863 4334 2824 4280 2249 376 1390 2648 1244 2901 2234 4380 4343 3516 4190 690 1257 172 1069 2851 3198 3598 1611 4537 3539 2844 1101 2402 152 1148 843 4199 2623 3238 826 637 17 2231 923 4728 4445 4146 2646 435 4692 1124 528 841 2638 4784 339 1848 3732 4573 3375 1277 3086 3731 2104 1479 4771 1634 1515 535 3451 4981 2472 549 414 4946 4961 719 4633 512 3034 124 908 2363 915 4419 4887 686 4196 4728 4352 2999 1727 3178 4303 1306 4807 4417 2315 2709 3848 3719 1111 213 688 4718 3145 3249 4031 4324 2908 3032 3087 2278 3563 3426 3370 4955 3461 1855 2341 3517 3715 1274 2360 3133 2380 3498 4417 676 1647 1369 1807 4118 3653 2090
86 1446 1796 3008 4801 3870 4383 2403 4033 347 1141 2277 778 4120 2175 4269 3759 579 1704 115 4013 1481 4123 3794 4924 973 3810 4550 3620 2464 4030 1170 1425 1069 3987 4810 4925 2485 2182 3140 4088 695 4025 1099 4858 1260 2421 3915 4822 3600 3831 3291 4847 1102 4321 4980 4289 1480 1398 4840 4415 696 418 2067 4329 4152 4937 876 2346 2552 2577 454 1855 3614 4795 1918 2593 3653 3418 1415 1245 1085 3107 4348 38 617 3463 2537 259 3618 3732 4549 1195 4765 4328 3912 4118 4043 4744 463 768 99 3316 1873 1192 1093 1600 2405 4114 2294 4388 4043 3246 1603 2946 340 328 2448 560 3390 270 1186 1800 223 595 667 2764 659 2770 4599 3508 90 4243 4396 1941 3535 2435 2988 3006 3356 2210 4729 907 3018 3082 2133 1160 4743 4491 217 4284 2829 1849 2985 2489 4832 578 1477 4450 2296 3408 4336 4432 1419 1956 2552 1468 490 1792 1447 133 4121 4769 4373 4912 4893 2941 1938 3491 4851 4853 1345 3650 3114 2091 4423 3113 373 4077 310 2451 958 1550 1342 3973 1792 518 3383 4500 3003
403 3463 2990 1084 2896 4383 2659 2520 3523 3842 4018 2146 290 4717 3039 992 2669 19 2099 3746 1108 3858 1233 16 149 3322 4799 4741 2387 1586 2306 3965 390 3269 3530 4241 2337 3367 2996 96 3007 377 2008 3179 2817 2897 4960 1414 4937 3342 2906 2129 4254 3151 2966 2953 1916 1656 3159 2636 1119 539 3127 2118 3667 4565 4641 1967 4804 723 2274 730 884 3886 2086 3861 4746 2239 18 4569 3251 1502 321 1553 772 577 20 1895 1846 917 4506 341 3062 3503 1562 744 4069 3811 1443 4026 1546 1997 988 2345 1421 861 1406 1251 1716 3581 4502 4146 3157 3801 4848 4014 4739 2509 3648 4953 1520 534 4127 2426 1239 3349 3092 4990 1669 4068 2480 3146 1881 4875 4061 1825 1095 4430 1619 51 3977 969 1359 4955 3685 1415 599 4365 2324 3027 229 3832 1782 679 678 4805 969 2899 2175 4636 2318 280 4910 3615 4307 4307 1101 4355 3762 4381 276 2650 282 2141 3116 4457 2456 795 3217 4661 3388 4540 3011 3536 2669 565 1596 2123 2067 1654 3089 2734 3994 34 1155 4570 1681 1327 3003 1200
3203 3222 2544 3963 223 2403 2520 209 1456 1485 1638 1407 1847 4003 1424 4593 4233 3747 4722 3628 942 4847 1096 1867 3748 59 1469 4886 2360 3768 2701 3183 2352 4060 4911 241 234 2633 276 2652 2107 4737 2674 2027 3868 1126 515 249 4392 4931 448 1239 3714 3934 4962 4751 3225 4045 2307 2487 1919 42 4263 465 583 3542 507 4776 4767 4669 1410 2312 1734 4240 759 1248 536 1192 1139 2159 4979 4156 3649 1787 4328 2845 2373 3979 1910 3994 4970 1361 1626 1958 672 3571 4928 4766 3814 1214 2931 1254 737 1888 4645 4405 1831 1550 4717 949 1808 4517 3935 587 3721 1871 4693 1092 3734 1040 2977 4095 4966 1128 4143 1366 761 2697 4351 2958 418 4674 4241 2293 3254 4777 4553 1937 2501 1635 4323 3622 650 4965 4178 1557 3132 4920 3941 2198 2614 528 2256 1263 4724 3712 1180 4547 3046 3025 2979 75 3284 471 4145 554 1204 2334 3055 4882 3940 3462 3963 4591 1923 412 682 837 1670 3550 482 1831 2400 4202 3208 3180 3145 2297 1193 2997 1916 1619 907 1810 2569 1355 1700 3358 1813 368
3692 1434 4480 317 1806 4033 3523 1456 637 27 1608 4538 1944 2301 162 1047 1251 4608 2136 3541 4804 2675 4513 409 2541 1786 3465 417 1057 736 2991 3268 1403 4211 2415 2562 2915 2549 971 2357 3631 1098 1015 1347 2741 2716 4935 3479 4083 576 1091 119 1655 2912 689 2853 4510 2656 2581 835 908 1320 4461 468 2208 4792 4036 838 2911 2000 985 2955 3077 3038 564 4270 2842 4502 2923 912 642 782 895 1768 3259 4578 1817 3489 1889 4699 3187 4660 1123 659 55 2979 611 4317 14 3136 3244 2413 842 80 224 4838 2680 2646 4486 3506 2887 4009 2905 2160 2801 207 4686 1338 3312 2473 1248 1324 4492 736 2919 900 2074 752 1804 4409 636 1091 1224 2872 3512 3326 1258 3290 488 1584 1428 3884 2618 1314 683 2810 1321 4407 3573 3516 2865 3472 4503 3108 1136 2318 3445 1091 2048 2096 3420 2958 4012 4347 854 3962 1762 4089 3548 1842 4235 4296 3188 2779 4533 3659 2204 1432 185 2352 2067 4923 1879 81 4079 3628 4130 3770 3031 4627 3516 3601 1942 711 440 3760 772 3788 929 22
471 4762 2536 1712 1029 347 3842 1485 27 800 1165 2454 381 4067 3665 3474 1317 3139 2753 1789 2299 930 3337 4762 2139 955 3361 614 3268 4796 3366 320 3505 2477 1296 2282 1301 2918 3273 12 2293 2836 508 312 1546 3745 4679 1529 3166 3440 854 3854 4536 4232 3745 1172 684 4303 3485 463 111 2015 1892 1787 2713 1854 1577 1634 3327 2082 1073 4876 696 4481 3016 2567 3664 2051 3704 472 3937 4083 4165 1184 3711 1985 4216 3384 1911 2786 1847 3565 2316 3093 1928 3630 4323 1226 471 1583 900 1535 3203 3041 798 1698 1823 530 3927 4072 242 316 997 3737 3506 973 4613 2043 2465 3563 3049 4721 1680 4688 1089 1381 2209 2050 2486 3445 3960 2877 4885 4039 1051 3632 3324 1128 3467 1369 3640 1003 3802 352 46 256 1438 4316 3058 2287 2501 3408 4938 2186 476 3528 1623 3795 4010 3680 1977 3827 729 2485 292 1686 3639 3143 1606 887 4523 3170 4185 239 672 4182 2227 4920 815 3685 2557 2059 1536 1560 2016 764 3950 1701 2231 513 552 4989 282 1417 1284 1233 500 4482 4429 3621
2463 1448 1234 754 4800 1141 4018 1638 1608 1165 3424 998 4908 1105 501 3731 520 796 3934 4955 2161 3621 1869 1475 1082 3336 2865 1569 3131 3995 36 2069 2435 2171 925 4033 3043 936 4419 2247 2549 497 442 3449 3424 1688 1915 1296 3002 478 185 2282 3350 2719 4866 2402 1982 3611 2681 2356 2888 3080 304 4686 4895 37 3637 2577 4642 4176 1356 3310 18 1791 3800 2644 1127 2220 4290 4893 2329 2655 4548 1985 3973 1948 1412 189 374 1253 4389 650 2668 4958 4873 3465 3503 3542 1559 2912 4947 4563 4229 2471 831 1750 130 565 3550 4644 2812 1545 667 4109 2336 4066 1308 4270 1859 4910 1742 1865 4563 995 558 211 3546 2000 735 2192 27 2738 449 1696 855 3742 4429 4085 3818 2183 3904 1914 2121 1303 2769 3266 3418 169 4050 3680 2719 453 3268 2479 4463 2435 4204 3463 4082 2026 2062 2522 1664 2460 4227 168 4447 203 1278 3383 4424 2157 4016 3813 4682 3009 3079 1905 289 2770 3575 3324 415 661 2957 3262 1386 4522 507 3976 1971 1283 3805 4326 161 3313 1871 2380 164 25
4809 3495 321 3463 3051 2277 2146 1407 4538 2454 998 4399 1829 3045 3455 4400 3912 3588 1861 1157 427 3390 4692 679 3664 2028 954 3872 319 4997 4765 1350 4602 3702 141 272 4908 1175 514 3683 1511 3677 1056 1904 3988 501 3406 3537 1678 1320 754 1922 4007 4066 2484 4068 3563 1891 698 533 261 2845 2681 3298 568 1624 2556 2775 2472 953 2887 4753 3439 4699 2827 1954 3395 2510 994 1662 3999 2624 1584 140 1556 2859 2662 4461 3079 572 2260 3551 3384 1724 1155 1896 1206 4504 2451 4587 3035 4727 2558 2742 2465 264 2110 4210 3794 174 95 1247 1659 1606 180 3333 4802 4798 1121 270 1186 217 1426 636 4194 2026 2220 4447 1034 389 876 3598 811 1521 1099 2181 11 1543 3763 987 2481 3616 3356 2012 3768 3343 2060 1853 1442 4558 4765 1082 4448 4131 3548 931 2475 3315 2407 32 1676 1930 4366 391 2203 92 1281 1133 1267 435 4029 4795 1432 4506 2128 1538 3016 3996 2330 52 89 1278 839 3565 358 4422 4633 3212 2182 1068 428 2245 2309 2194 4174 3559 649 3104 3340 4840
1388 404 4654 2083 4770 778 290 1847 1944 381 4908 1829 2345 1974 3136 1064 1789 3423 3981 291 2812 4254 3318 3359 4071 2546 418 1272 2262 2473 2042 1672 4159 2465 3908 4746 1109 2873 2213 2954 571 3245 3782 3431 2200 628 4085 2230 4307 4741 1218 1724 1401 12 1005 3545 4584 2055 2113 1291 4949 632 540 3943 885 1747 3413 2009 4716 566 3687 2202 2882 2857 2752 3518 3137 179 2731 1765 675 2863 1915 1680 4949 2291 4211 1152 2913 1195 406 4305 2496 4777 1683 3386 3900 2557 816 1044 2235 4396 4142 1908 1974 4521 4201 3084 3834 4686 2066 578 3729 2436 4271 4341 2094 2120 3332 1187 3188 1906 2969 2405 3870 2655 4687 4198 3935 4697 863 4787 1078 767 1280 1029 4813 2378 48 4584 2515 903 2218 4344 464 84 1240 4801 1824 4550 1382 302 2044 3078 4186 787 352 615 1185 2173 1090 2593 1134 4915 922 1482 3852 3455 962 2786 180 2241 3601 4605 1113 2433 4424 3475 2015 1120 232 3683 1977 2751 4215 4197 2829 1598 3485 712 4084 4320 992 4727 2087 882 199 4842 4321 1394
1727 4331 666 822 4107 4120 4717 4003 2301 4067 1105 3045 1974 1813 2521 3934 4612 3761 106 980 4746 1699 2892 3666 2444 535 3342 260 2185 4618 2317 3245 1520 4037 4619 2467 1889 3197 4494 3465 1618 3951 2913 1049 2036 3508 2778 3403 4215 1553 210 2919 4613 2491 2770 783 3282 4518 4130 397 4121 2030 1386 2723 1823 4835 4905 1874 4357 2534 802 1949 2917 1341 685 800 3196 1117 2657 1703 1085 3565 4254 3737 280 3068 3161 2474 3201 2486 3576 4997 2422 2207 4122 848 1529 657 1673 2892 342 4132 4161 1345 1477 4987 1871 792 115 3629 2816 3330 1849 1990 2129 580 2086 1048 1882 3387 3243 3840 4251 1214 4483 3371 3543 1307 2299 3310 3650 4386 4367 4438 3428 3560 883 2400 4446 696 4585 4876 2630 2256 4108 4870 2898 4082 352 243 4475 302 4183 2090 3479 620 3507 3462 3229 985 1916 2130 883 1524 3995 4849 2481 797 3157 1755 1491 1523 1128 3455 3035 2820 2711 292 4360 3193 4948 3004 1844 2740 4334 617 618 1199 624 1103 4078 2592 4485 1607 2415 891 2880 2113 4029 3399
3419 4539 4124 2870 280 2175 3039 1424 162 3665 501 3455 3136 2521 1404 2587 4169 1495 4057 374 2521 323 3128 4614 2397 122 3252 996 2614 495 3893 2667 756 3796 3854 2920 4157 1692 1240 2029 569 3301 3860 4080 4609 4664 613 238 3006 4760 2435 4667 3743 4057 2127 2447 4269 1447 1042 3775 1580 1316 3704 2806 894 3847 3353 4156 3592 70 774 4978 3493 85 22 1472 3898 4753 1514 3459 1192 4924 2882 4991 4469 936 3551 1815 2909 3561 3010 114 2606 450 3668 4897 336 1249 2370 3591 2320 3023 3205 903 2775 444 1059 2879 844 127 552 2494 2483 342 2002 384 1293 1665 3938 4827 148 3177 2793 4654 486 4567 3616 303 3651 3278 682 4059 421 736 4751 3837 1168 3720 4132 1978 2949 4613 3745 4541 4136 1252 1888 53 3914 2458 668 4367 3608 1141 1504 4180 557 2128 1160 4297 989 384 4609 3577 3470 4499 3126 1418 2890 3250 4037 906 1858 1696 2348 2668 3388 2798 4054 3117 1638 526 3074 449 3717 4237 119 1732 1844 2114 3743 3855 371 166 25 3987 1773 3496 127 1322
3046 4354 80 713 4118 4269 992 4593 1047 3474 3731 4400 1064 3934 2587 2963 4836 1874 4432 1536 4599 2977 1203 4367 2692 3251 784 2856 3312 3910 2123 3053 2123 1716 279 3470 2857 2926 1096 871 767 858 1337 2353 1502 2220 471 1477 2578 1782 4120 950 1154 4460 3706 4684 2146 2210 2863 697 3265 4651 2284 4351 2859 2790 1815 2228 4570 4281 1256 2816 4885 3933 493 562 3335 3282 3053 3086 1664 4285 1517 4852 1585 3407 1647 341 663 4771 4223 4186 1983 3001 3526 298 1961 924 767 3886 4522 4428 1103 2102 3165 3450 1890 3852 2188 819 3289 4489 4796 1027 684 4121 3097 1898 2622 4924 2425 3581 4873 2428 3854 3280 1695 849 3498 2836 3450 4611 4340 1984 640 4819 722 2523 1970 201 391 1031 1676 386 3805 4598 1848 2344 2548 3991 2135 1057 1104 2497 651 4789 3087 3012 725 974 933 4697 1898 96 4923 2502 4227 15 210 1224 1378 1718 610 3151 2136 1874 2226 162 4566 4136 3740 4071 2172 3953 2527 640 1305 3430 1671 2194 1321 67 3318 2642 2076 3079 217 4664 2717 1031
1321 1460 2109 4876 1488 3759 2669 4233 1251 1317 520 3912 1789 4612 4169 4836 2303 2537 3507 2855 3826 4652 1746 2197 2874 1621 56 4403 3708 4103 2205 4528 319 485 990 2858 184 2915 1470 1422 3436 3558 1020 2034 3898 4512 3589 4606 4040 4675 1360 3297 1809 3840 1404 109 838 2977 1141 4871 3196 2924 194 3471 1548 11 2300 271 3788 952 1881 3854 2717 3169 4525 2558 4663 2818 2624 2912 1600 4344 2823 3524 4173 4183 439 3560 1853 3419 2282 3559 1404 3059 3280 1349 847 560 4533 2976 2527 3461 4223 4582 1520 1282 1072 1633 3570 4035 2060 97 1152 4592 3150 1873 4247 2754 3316 4251 4362 1905 4893 1978 1336 1605 4132 4385 858 2504 2978 3044 1721 3798 2341 743 1475 321 1385 2593 3154 2261 1937 4406 4532 3111 2679 2495 3920 3502 2880 435 2361 2188 3153 202 3435 572 345 3081 1013 501 660 4286 2490 1974 2847 3969 884 2223 2369 1552 823 2471 3424 4462 277 2984 740 3009 3414 4011 486 2845 2079 727 4349 349 2495 465 3917 3960 3384 1921 2040 4166 69 2101 3097 2715
2252 4387 3715 2547 4727 579 19 3747 4608 3139 796 3588 3423 3761 1495 1874 2537 4551 538 1229 1241 1110 147 3622 1037 2120 1221 1148 3094 446 4957 2746 249 2082 1264 78 2779 1866 3795 3091 4946 3184 732 4811 3289 4814 2260 989 3365 950 144 4076 126 4347 3968 1891 4727 4453 2320 2359 29 2080 1730 3382 2930 1521 257 963 2902 2941 1589 2790 3027 2512 792 4886 4620 198 542 3086 4655 3410 2322 2393 3555 1092 1914 387 3039 3333 2549 4809 28 2285 4035 3455 4329 2497 4304 1413 3868 4394 2444 1166 2261 2591 3766 1260 2150 4136 3767 3482 3019 3114 2051 2684 3346 4006 2651 1574 911 2385 4530 1985 2518 4450 2779 3800 4132 2152 864 3258 2228 1211 1231 459 1629 1488 1696 2909 4406 627 1458 2585 948 2886 4389 853 226 3769 4676 3426 4042 3806 4538 2075 98 2477 1265 2402 1614 913 92 22 3780 4150 2269 178 1055 3385 614 3820 3605 4375 2885 3837 3722 1418 2236 2755 720 2008 3934 1328 2082 1822 3841 4421 4743 3775 1963 2318 4050 4589 3522 2600 4771 1319 110 1313
1491 4203 1444 4544 2853 1704 2099 4722 2136 2753 3934 1861 3981 106 4057 4432 3507 538 4370 4225 3072 2178 213 3026 2511 2486 3999 1853 1986 2759 4682 2383 3565 2160 4870 4371 570 1109 4255 460 4674 2249 1754 2228 2523 2284 3626 4201 3227 2642 3420 3171 4744 497 897 4779 934 616 4406 4358 2265 1710 4181 4139 1993 105 410 1958 1462 4287 2415 4176 3474 2139 286 408 351 4145 4696 658 2875 1036 1866 3431 4305 4056 926 3933 4944 590 2225 1216 2956 943 3041 367 2826 3966 3785 1990 265 3512 3886 3228 4585 2205 4867 2985 4148 1076 1904 1831 3775 389 564 1853 3178 3587 442 2284 690 4596 3046 2370 797 4746 1158 1473 2906 2787 3244 2065 3499 3045 118 602 1668 4222 1210 586 4295 1459 1285 1712 2063 2891 3970 1495 1811 155 2868 1699 3241 1010 171 2457 2023 3489 2179 1268 2033 3710 4360 3488 1295 262 306 4067 277 1546 2755 3355 3418 982 2941 3180 1867 1530 262 4992 3236 1176 4155 4039 3786 2868 4944 727 901 2007 4664 4802 2838 1658 293 3074 1674 604 2268 948
3733 4316 1498 2547 2973 115 3746 3628 3541 1789 4955 1157 291 980 374 1536 2855 1229 4225 3364 1427 3111 3692 1257 1454 3290 716 1299 1109 1170 4706 1844 1891 1218 3693 4101 4713 738 2951 1515 1380 1120 1854 68 126 3180 4585 3853 2917 1639 2920 896 47 301 2835 2069 1924 4349 1399 1361 3560 441 2107 4469 1295 2462 2827 890 4633 2744 4895 751 3300 2558 4536 2574 663 4739 3410 4940 4199 3367 171 2764 4960 308 3406 675 2999 4276 550 1362 1068 2796 2702 3510 707 3418 1808 129 1035 3797 784 3315 3188 1226 2969 3722 1145 3056 4499 2066 1972 1057 2809 831 171 4353 4944 3370 2945 603 3363 4078 1380 3576 190 2143 1560 726 4566 3792 3032 4409 1189 1623 61 3415 2800 1061 1451 312 988 1408 1744 2957 2937 4865 2839 1339 3272 2758 543 2025 3800 218 1623 49 1771 1099 1136 133 553 4926 1263 3644 194 4710 3099 1403 107 4684 3180 3929 341 3425 4845 1614 834 4380 4522 1116 2323 2369 234 3662 2658 1120 1380 753 3458 594 1701 622 2173 989 1025 3197 38 1512
2218 4151 3184 1739 2332 4013 1108 942 4804 2299 2161 427 2812 4746 2521 4599 3826 1241 3072 1427 1812 3029 1034 2731 3001 4731 3590 4009 4678 4819 386 421 3839 3138 2712 4792 343 2042 3211 1357 890 2840 526 1332 779 3037 4318 1228 4372 2823 1504 1762 2206 3746 4608 826 3768 640 2927 4446 2142 1211 4974 419 3742 2114 1893 2483 3862 2048 2667 3350 1724 4386 1249 162 3012 121 1561 384 4874 2383 1110 2489 2799 468 2219 3062 4457 3718 272 4238 2761 3118 4330 3839 2319 2199 3972 671 4264 1185 3992 1592 1789 2687 3584 2904 2300 2534 4027 3553 3586 3008 572 1211 2723 4709 3422 1613 3600 877 1692 720 3733 1076 3577 994 1844 3173 1835 4973 871 1162 4140 1442 1962 2699 2870 3084 647 310 4300 2650 3087 2827 127 4644 1147 3358 3815 4176 4279 4488 3958 2715 3508 2768 126 2657 1907 4082 4774 515 4110 3621 4711 2195 3917 4841 3609 3641 1463 1239 1034 3174 1419 4677 4477 3596 3282 3827 971 2289 4640 4574 701 3882 989 1633 4977 4169 3889 2442 2127 1633 4709 4338 4275 2831
2383 1628 167 1365 3222 1481 3858 4847 2675 930 3621 3390 4254 1699 323 2977 4652 1110 2178 3111 3029 4484 1315 723 4844 4128 2643 582 825 2804 4934 2658 132 2437 1386 4677 2731 503 3191 1474 1110 4652 2680 2248 329 3913 2198 3470 2812 4785 353 1180 3856 4628 805 4162 1718 3522 2723 4691 3415 502 2830 1914 3655 4884 1981 657 2994 40 3485 3520 4791 3843 383 4234 663 789 2592 3677 4075 4681 427 1385 3370 3446 1033 1565 1325 4737 598 979 565 3727 1575 1321 3349 4265 4062 13 2888 47 1535 2868 818 4647 188 3195 3519 72 3533 2984 3067 2234 1664 2382 2921 3900 411 2884 1490 607 1774 2059 3663 1910 4549 240 3415 559 3568 3475 474 3739 538 107 4136 2309 518 1992 3451 3928 3155 4160 4732 576 100 1480 2054 3963 1905 859 1896 3925 4275 489 4886 1652 2770 1270 85 2333 3288 397 4071 4390 266 1619 1194 706 4776 3950 3647 226 4137 1681 4335 3092 1680 2006 3398 2542 297 1369 2126 4570 3104 4266 3337 835 3460 530 1055 2548 664 2195 2343 1129 1540 3235
751 3508 3143 3894 3744 4123 1233 1096 4513 3337 1869 4692 3318 2892 3128 1203 1746 147 213 3692 1034 1315 4573 3459 2683 2542 1662 4026 2391 3665 4760 1646 2439 4682 593 656 2240 3218 4449 4618 4983 742 3790 2990 3462 1708 2697 2657 1937 4400 443 2038 176 525 4961 3213 4683 3819 4174 2219 624 1678 2742 4001 3216 1053 2743 499 1983 903 4456 179 4691 3980 4975 149 4927 2411 2774 2118 633 585 4158 3391 2456 774 2432 2817 2456 1584 485 2919 956 3333 1374 736 2382 4512 1523 3151 576 3356 1419 344 3355 695 4790 871 3830 2255 1095 812 1913 1964 3973 4953 4528 4813 3965 4613 1719 2088 4956 2121 2125 1821 1430 887 4108 4580 2449 4536 3328 2884 2466 2618 4325 4901 4889 1553 4951 3609 3023 3973 2900 2428 3597 1191 427 1177 4350 538 4363 3274 3798 2977 3980 1057 2856 468 1943 4431 2626 268 3529 4337 757 3491 1556 3551 4562 2873 3361 4841 47 3952 4591 4071 4103 788 271 3755 3274 4161 2078 3972 1629 4221 1512 1660 1864 95 3104 3795 809 1680 518 1802 2179 4306
2035 1840 886 411 4622 3794 16 1867 409 4762 1475 679 3359 3666 4614 4367 2197 3622 3026 1257 2731 723 3459 437 3278 571 3536 842 3662 338 4019 3848 4928 4640 4585 763 608 380 2160 550 252 886 2310 2374 3803 4040 2551 2320 1247 3383 3571 2341 2094 2085 2114 891 2331 743 1908 428 38 2667 235 4414 3148 4032 4660 3546 3030 512 3861 3692 4644 4719 3193 2362 759 132 1837 4605 1646 1859 2673 1784 3223 663 1796 3647 101 1617 977 133 567 3993 4780 1596 4734 4155 4100 4847 2781 843 3625 4001 973 550 1676 4529 2364 3393 51 1504 3490 1574 3528 2595 78 4931 1476 1124 4827 4560 1032 3254 188 2332 1312 379 4105 310 1913 3396 2773 2074 4075 3424 3147 1082 4713 776 1657 3081 2567 3137 2258 2324 3605 4035 3816 492 2464 28 3739 3865 3240 4764 3224 4326 4581 3403 118 3659 1526 1128 1756 3115 2211 3222 1397 4468 3486 2424 67 3727 1883 4175 1553 3682 1866 1446 905 522 1992 2379 70 1226 3953 4925 4993 1526 1149 599 2364 777 2801 3820 2417 3986 1483 398
4555 1606 988 3707 2837 4924 149 3748 2541 2139 1082 3664 4071 2444 2397 2692 2874 1037 2511 1454 3001 4844 2683 3278 4413 4604 4821 317 1062 1589 539 2732 1907 4770 4940 2865 2912 2750 3869 2041 531 2240 3775 4273 3873 36 590 2868 3971 1883 4514 4468 1872 3234 3499 1446 2591 3416 2780 1150 1136 666 4251 3977 768 4023 3299 3581 298 4535 1156 558 847 4699 3697 513 2800 1922 3642 3799 3065 425 845 4608 2758 1824 4538 4732 4309 4519 518 1165 4415 2576 4476 1439 3471 4904 1378 1923 3941 2998 3196 4511 2556 315 2963 4209 3491 4308 1989 3584 3035 3441 4565 2262 3096 2810 2404 4077 3604 3740 2954 4741 4057 771 902 466 130 275 1325 2168 2205 3545 2807 2779 1117 94 2058 3732 4899 4794 848 4248 2062 1617 3338 3544 1901 463 3190 1713 1807 3285 2445 4532 2952 1945 1359 406 2419 2594 2216 307 3317 3417 3655 595 2357 2348 3535 4125 4344 736 294 4666 4386 4571 3902 942 393 4571 471 3848 3337 3094 3462 329 599 1094 471 3630 88 90 20 333 1667 1872 4176 1930
3030 1088 1426 2731 2631 973 3322 59 1786 955 3336 2028 2546 535 122 3251 1621 2120 2486 3290 4731 4128 2542 571 4604 526 3864 151 4219 1068 70 659 3999 1872 2218 3497 3506 1494 412 3218 798 2985 4354 4338 3253 121 2220 4984 3162 3048 3965 313 1427 326 3867 354 87 125 1226 4324 169 2172 4813 2858 4968 2345 806 424 3337 4840 2862 4321 2738 3549 3311 3101 4903 2216 2643 2667 2065 2959 1649 70 4344 2859 2000 1921 4964 3942 4730 1692 2457 521 2610 780 4060 2827 3281 4738 343 3759 477 2351 1549 4516 2333 2157 1407 3124 521 4040 4550 2357 2144 4893 4197 4630 848 2621 816 4183 3178 284 3839 3868 457 1482 2898 3423 2536 3528 3757 4611 772 1579 4020 1590 1644 1788 2082 3031 737 4900 1614 4140 3191 3131 4894 4829 2130 2819 1660 2922 4601 20 4594 4650 1639 991 1858 4965 1208 2807 3193 3403 222 1830 2596 2508 3637 4633 1511 1501 2460 211 1632 4620 2175 3424 3626 3666 4602 2669 3541 2285 2065 757 4834 3689 355 1149 868 4058 3487 793 3746 3531 1038 1760
1257 2638 2352 2041 1027 3810 4799 1469 3465 3361 2865 954 418 3342 3252 784 56 1221 3999 716 3590 2643 1662 3536 4821 3864 4742 287 3045 4153 4567 4121 825 4361 3559 450 4934 2093 4852 2882 4599 171 3507 1568 2001 3317 493 659 1756 1028 1330 3651 3041 682 240 2700 887 2466 986 4819 60 2221 2003 963 2164 2065 4090 2310 1117 188 2191 3985 1643 1567 4146 116 3131 1577 3021 3559 763 2285 1329 704 4829 3307 1240 3649 1001 4841 1689 1894 270 4653 4012 2389 4764 2801 1200 2086 857 4952 2109 701 2437 4085 1854 4335 2826 4030 1701 4083 2522 3050 2199 3714 2258 1285 3824 3973 3830 1379 1571 2274 3678 506 2870 4002 3717 4350 4740 212 4625 2209 3774 476 4484 1509 2070 2883 1436 561 272 180 3642 3347 3809 1550 868 3838 3706 1361 1992 1707 3625 3804 4798 2987 4960 805 121 3436 1585 4970 570 4737 488 3349 2351 1799 1049 1544 1146 3717 1176 3010 834 3507 2483 4981 1698 878 3377 3349 3454 2008 4549 4375 39 2214 4893 2405 2112 2219 3889 4119 2718 1414 768 1367
3471 3667 3842 3997 87 4550 4741 4886 417 614 1569 3872 1272 260 996 2856 4403 1148 1853 1299 4009 582 4026 842 317 151 287 1307 2635 1159 1546 4847 4485 2856 1263 2534 2508 937 3591 4015 2470 3203 1317 175 3635 263 2441 1677 4955 1554 1730 4186 4085 3922 1361 4800 3484 3792 1287 652 3052 101 57 2356 4480 2964 965 4644 57 1914 4923 2777 1181 3623 3946 3751 1641 500 1712 1272 1670 1166 1933 2931 1165 3131 2802 2776 2922 4650 2255 187 1727 842 364 729 84 1398 2981 1438 2889 1817 4114 4456 4805 2064 23 1384 4691 3072 774 1163 2984 4346 4264 42 4165 1006 4224 3986 138 1402 1467 2648 179 1561 2148 3120 3560 2157 463 4696 2966 3852 2829 1787 4605 2997 1972 4265 3100 740 3217 2647 1636 2012 3238 3627 3588 2026 4025 972 1356 2228 2075 3659 2217 3259 4773 3669 1427 2015 3371 377 4028 3075 2039 2036 2344 3154 3089 4290 201 4266 4616 3245 2761 816 2011 423 1727 1763 3235 2331 659 854 3150 3302 1814 2520 2293 3938 4730 4043 1855 61 1675 2474 3488 2762
2475 1625 3849 4465 4069 3620 2387 2360 1057 3268 3131 319 2262 2185 2614 3312 3708 3094 1986 1109 4678 825 2391 3662 1062 4219 3045 2635 3143 2335 2088 1531 3264 4481 1548 4845 3933 4926 2037 461 817 4927 521 748 4407 733 1802 4008 1219 2255 2785 3506 3295 209 3906 4610 3397 4066 4967 4509 3470 4182 322 3691 767 2398 4237 4657 1356 694 2488 1057 1102 20 1513 2500 1300 763 844 2149 3959 2633 2719 4082 4333 2451 2595 3905 2534 1206 1374 3576 426 3884 2078 1135 4137 1384 3930 1909 558 4562 1758 2809 4280 4068 1635 267 1429 4241 546 3369 3123 4908 3021 4676 567 4758 2982 596 894 584 3522 3470 3809 1517 3033 2581 2235 2307 1181 2862 712 3546 1293 2147 780 924 3200 417 4099 1207 2825 3601 808 3268 374 4765 862 3570 169 968 977 4284 3082 1149 443 3122 4500 3758 3716 1966 4647 2235 4953 2624 489 2675 485 1648 3972 287 4038 4416 3141 2282 4677 333 2966 3708 2105 641 1370 4490 1786 1048 2132 4295 4983 4727 1863 2768 3040 1383 4735 3861 1220 766 271 92
3902 3422 1126 1471 4587 2464 1586 3768 736 4796 3995 4997 2473 4618 495 3910 4103 446 2759 1170 4819 2804 3665 338 1589 1068 4153 1159 2335 1649 1241 2794 2824 3460 3169 1596 4998 2223 287 1789 4083 3152 3944 4123 2372 2586 4903 121 3436 3287 2625 2238 2728 3245 4401 1917 1251 3233 1332 2019 1645 2438 1897 2542 4687 4101 4138 60 4767 657 3419 2715 3394 3512 2659 4554 2730 3547 2807 970 4315 834 3905 485 4616 1451 4539 529 1411 3035 476 1570 4747 1730 4629 2689 3831 3796 3457 1922 171 627 160 2771 3462 992 1834 4380 3702 1060 4727 1552 2476 2856 2529 2377 1756 187 4625 1458 4337 455 2219 3586 1474 2826 2094 2701 4255 139 2546 4126 805 984 1565 4489 4387 1616 2459 2746 1201 2651 1721 4964 4748 1573 118 4498 1943 1994 4246 1062 2680 3079 810 2775 2357 236 91 1153 1333 1971 429 482 362 4277 2136 624 1209 1125 4529 1478 4066 2968 4667 1691 3734 355 4886 377 114 2682 1838 821 3545 1490 3432 2416 3768 2243 1360 2867 1820 4986 3642 2595 1144 2350 1671 3869
677 1940 807 1584 3696 4030 2306 2701 2991 3366 36 4765 2042 2317 3893 2123 2205 4957 4682 4706 386 4934 4760 4019 539 70 4567 1546 2088 1241 3434 2475 2122 2508 1110 2159 4347 3722 29 1484 3677 4327 4547 628 3543 4609 2457 59 3131 4491 588 692 2596 1458 117 4072 1815 2072 4653 1569 4816 3514 101 4896 4555 4268 4982 1281 1616 889 1859 4845 3241 350 129 236 2147 1701 2005 2297 1108 4901 2605 3081 439 4472 1316 921 1515 3664 3385 2093 4852 932 3574 4650 2033 4667 1646 3329 709 936 3242 2343 739 1226 4245 15 1462 901 474 3431 1508 1405 1242 1653 1298 293 4364 1551 3879 3806 1881 2193 1376 1761 3837 3081 1188 2982 4783 2309 4979 4538 4539 4367 4710 3767 952 844 3885 913 1427 4110 2987 2769 1277 1832 3956 2462 3982 4766 1057 3625 1907 2585 4152 3654 3391 2046 3671 3945 2095 3221 4045 2531 3938 2295 960 642 1055 4404 4143 1168 4014 3665 2600 2583 4624 2736 338 3805 1262 61 2643 4424 301 3922 3445 3530 1306 4550 4414 2730 3398 3518 555 2464 3273 533
182 3899 4807 3869 4964 1170 3965 3183 3268 320 2069 1350 1672 3245 2667 3053 4528 2746 2383 1844 421 2658 1646 3848 2732 659 4121 4847 1531 2794 2475 537 4289 3619 4165 100 1151 3212 2038 3634 1162 1860 1795 2886 3827 3727 74 170 3158 4178 971 4557 132 3057 3584 4674 923 2485 2407 3834 1517 4546 1956 3984 3822 3542 3230 3219 4566 3507 1909 4113 97 375 664 14 1578 417 1761 649 4873 3358 4404 4508 3337 3509 3192 2797 826 1678 1539 698 1815 2444 1004 2761 3183 3494 542 2242 3503 1450 4358 452 3355 4417 824 2244 93 3272 2396 3272 4463 4903 3463 76 2887 4492 3386 3094 2445 2054 2871 4144 2455 2259 2069 4698 1733 876 4736 1606 462 731 2585 1683 666 4603 1694 1617 750 3478 1046 1390 1327 1596 304 3517 1309 1672 52 4851 2293 806 669 1449 3899 3469 2678 655 30 4616 4565 3388 1463 2549 3859 1165 990 4861 2994 812 1824 4330 2040 3168 1084 1724 4193 4205 3820 971 724 3415 1605 1061 1477 4567 1322 4286 2025 1239 2263 464 1116 381 762 862 1561 4581
653 3316 1606 2191 4567 1425 390 2352 1403 3505 2435 4602 4159 1520 756 2123 319 249 3565 1891 3839 132 2439 4928 1907 3999 825 4485 3264 2824 2122 4289 3397 1117 1729 345 390 359 4033 1089 4108 3310 2276 1962 1137 4669 54 2203 970 731 1606 4620 2122 2057 4009 539 291 299 4514 1771 3114 4184 2278 2782 4387 3586 92 86 1716 4626 2868 4794 4391 1183 307 3496 1091 1862 4020 1469 930 88 3021 1457 1821 1164 4899 2291 433 1077 2234 2396 4689 4424 3405 4252 2968 1361 2377 994 3669 3607 4264 1856 1174 984 2967 4098 3401 4565 289 3954 1080 2488 1644 1273 4400 2371 2246 1926 1247 3554 1662 486 2972 172 611 1545 2535 3881 412 4499 454 102 1874 3401 1300 3055 1162 3332 383 2350 2106 1741 2683 4044 3919 609 480 2204 3766 4422 4415 4930 2603 2358 3559 1967 1203 695 511 4982 3898 1078 4073 4731 4930 1870 3244 1130 3642 3455 578 3610 1921 3480 4732 1153 4514 1693 3406 3753 2683 1107 1213 2746 148 1880 1697 3605 3434 4931 458 152 3721 3894 1133 4786 3468 907
1354 325 1588 4870 3101 1069 3269 4060 4211 2477 2171 3702 2465 4037 3796 1716 485 2082 2160 1218 3138 2437 4682 4640 4770 1872 4361 2856 4481 3460 2508 3619 1117 64 154 2142 3067 929 947 3947 142 2562 1208 1896 3415 2361 4693 4868 2640 2447 1124 932 3283 3655 1532 2706 4709 2631 2911 4758 929 4495 2943 1802 4622 1708 2742 2891 3705 835 2101 2745 390 2071 3169 4169 2166 2279 2667 3135 1845 3253 324 4128 3326 4630 4897 4055 2147 3191 1950 3125 583 1765 1544 3258 585 3512 634 4749 868 1359 812 2691 3043 1274 82 2914 810 2298 1585 4068 2832 3653 3401 2945 1252 3513 4423 2075 1658 3105 2628 3807 1652 2515 2006 282 517 4132 548 2126 2448 3995 4759 1221 942 1584 1468 211 3463 4999 3367 3132 476 2322 3388 680 3962 4441 4010 3670 2227 3081 3953 3641 867 498 2231 2370 3180 19 3669 1164 4472 1086 2161 4072 516 3319 3184 4905 638 601 2519 950 745 4472 1629 2493 3902 2814 540 4946 1059 2348 204 2372 2978 3413 2682 2024 2834 2417 4631 4413 4962 4893 3266 1070
2491 2190 1440 3795 1745 3987 3530 4911 2415 1296 925 141 3908 4619 3854 279 990 1264 4870 3693 2712 1386 593 4585 4940 2218 3559 1263 1548 3169 1110 4165 1729 154 2870 1413 1061 2425 2177 2762 4064 3577 1534 499 1085 2983 1816 4416 2884 1396 747 71 2365 3853 3152 4032 4816 2550 1329 2781 4817 2406 3997 1606 1273 3815 923 2505 3137 1195 2115 3753 3537 2540 4510 4125 2199 3347 3200 4861 771 126 2933 1992 3495 589 382 1646 2183 2608 506 841 4423 2587 2478 3431 871 3769 2814 623 1643 1315 1666 4431 726 4852 1264 3663 3175 4509 3806 2834 2981 942 1984 3663 3859 2202 3086 2112 4994 1508 1054 2226 1608 3830 4692 1310 2182 2554 4317 4164 1421 1512 956 2899 2244 3448 3479 1739 3760 4145 1044 2285 2225 44 4316 1261 4459 3481 4563 3267 2565 2087 367 4037 3654 3384 3946 3184 2101 3095 3857 4920 1152 3669 1080 4734 3509 4560 1463 1415 3501 1079 3419 647 3176 1538 2537 384 4822 2384 1403 3639 162 115 981 4662 3003 1470 4174 3492 3922 4547 3879 4444 4761 3563 920 4055
3178 201 1408 4046 3259 4810 4241 241 2562 2282 4033 272 4746 2467 2920 3470 2858 78 4371 4101 4792 4677 656 763 2865 3497 450 2534 4845 1596 2159 100 345 2142 1413 4202 4298 1372 1199 2535 2392 4552 3011 2597 4662 3216 3190 1319 1503 3093 969 1018 2004 1080 2121 3599 2424 1287 4985 4954 837 4204 1607 64 4538 4592 4387 1730 502 1968 2229 2748 2252 1716 138 538 2513 2614 360 1932 2848 4013 721 1756 3225 3660 728 3453 1981 2400 3850 2494 4672 3014 2120 490 1415 4234 1773 3178 3771 2955 2088 981 4244 2197 2535 2788 4301 4504 937 796 2447 1098 3826 2553 1931 321 962 2501 2449 2414 4676 1381 629 3135 3400 3927 1514 3408 3350 4382 3209 332 1426 415 4670 4944 1957 3266 2216 4676 2231 1356 3346 4342 2422 4002 4536 3563 3417 784 218 1918 2828 3462 2703 722 2487 4963 2691 840 4057 3958 982 1922 3522 4096 4369 272 65 890 477 2510 4837 1329 837 777 2037 868 2135 4365 650 106 4591 3214 2098 2559 61 626 131 4269 1558 2493 176 3709 2685 799 4778 4315
1536 1726 2512 3014 3175 4925 2337 234 2915 1301 3043 4908 1109 1889 4157 2857 184 2779 570 4713 343 2731 2240 608 2912 3506 4934 2508 3933 4998 4347 1151 390 3067 1061 4298 1285 153 3797 2255 734 2165 798 4507 4540 539 2504 2338 2050 2130 3153 3918 2952 4118 4466 3843 1551 3114 1019 531 314 2319 4732 111 4583 2570 4620 4117 4869 3741 1393 1262 1078 4728 4302 1797 4433 2432 4499 2917 669 3101 1348 3699 3922 3663 4197 1258 1335 4171 2880 4314 3504 3016 812 464 1009 1861 560 2408 3954 931 4670 281 2914 2800 3937 1355 1869 2254 1462 2032 4782 1506 572 2634 579 2876 944 580 609 3809 1165 170 1092 3929 3656 290 1502 2621 1762 1537 580 2282 4150 2789 4227 4078 1004 4452 4965 2333 3483 4801 2066 2256 3239 2680 3702 4738 3762 194 4028 4844 3975 4586 795 3332 495 708 2436 3406 4141 3436 824 2552 1209 4194 1810 1055 3978 1856 2958 2297 3502 3966 1940 3384 3130 2371 4178 3321 3699 3370 577 2763 3466 4581 2293 4055 4610 2287 3135 4736 2158 3406 3626 2744 1658 40
4141 2613 1059 2442 4898 2485 3367 2633 2549 2918 936 1175 2873 3197 1692 2926 2915 1866 1109 738 2042 503 3218 380 2750 1494 2093 937 4926 2223 3722 3212 359 929 2425 1372 153 464 827 79 3442 3966 583 1936 3645 4912 2374 804 526 984 2462 3201 2744 126 3456 3585 2424 1143 2749 1511 4575 1499 553 1553 2500 4327 3280 4449 4708 1298 1265 3898 1478 197 4782 4389 1534 2811 4554 2777 3324 1440 959 1737 1662 1736 332 4962 527 2953 3175 514 1616 2057 4498 2534 4985 2289 4122 382 2454 3341 2858 3096 867 2181 2128 4514 925 2648 1103 3868 4649 866 2534 1218 1392 2086 3412 2567 3969 1735 615 2558 3999 2000 2832 188 3487 2253 3184 4846 4184 3168 2347 1937 82 4127 1288 4581 4652 4885 533 2568 2103 4257 1322 3367 2835 3399 2780 1962 4276 4153 2132 2642 4531 642 4946 4114 4088 4884 2719 4191 663 2391 3443 4493 4409 4512 4594 4377 1893 3629 2699 4847 685 1500 4393 1115 3480 4013 505 304 1615 4755 4732 2821 2739 1166 1513 1147 2563 4243 3595 3884 2506 4653 2186 2490
3902 4039 2956 4507 4847 2182 2996 276 971 3273 4419 514 2213 4494 1240 1096 1470 3795 4255 2951 3211 3191 4449 2160 3869 412 4852 3591 2037 287 29 2038 4033 947 2177 1199 3797 827 3091 4514 4272 1965 4795 1155 3596 1994 3003 4730 2209 4370 117 4255 250 3601 3496 1198 2235 1192 1922 4404 3196 594 48 3058 1061 999 1716 200 3032 391 799 2714 3397 1070 4221 535 4501 1849 3324 3676 687 2951 4352 3837 1205 4739 3413 2445 4151 1901 1336 1970 4108 1114 4511 1989 597 245 4044 2031 1142 1886 3342 511 239 2106 2644 989 3861 3073 4119 4410 4194 2695 3672 642 1741 2626 2937 4126 2310 514 3054 1018 2136 3127 2902 399 2734 2518 35 4569 682 503 483 3860 2603 2128 1431 4025 23 2634 458 4052 3646 4036 3716 3397 4499 2682 2884 1386 1472 1304 1158 1717 1860 335 4131 1110 2844 1378 2887 269 4358 2299 1996 235 3096 4112 3486 3143 2141 1355 656 3496 2385 3790 79 4474 3832 3054 3299 4889 2050 819 922 430 4124 4998 2447 3466 981 3259 4342 4215 3278 4883 3796 4124
4053 3738 3515 2987 2247 3140 96 2652 2357 12 2247 3683 2954 3465 2029 871 1422 3091 460 1515 1357 1474 4618 550 2041 3218 2882 4015 461 1789 1484 3634 1089 3947 2762 2535 2255 79 4514 4793 683 4581 470 1605 693 2078 2672 3202 1698 3759 2736 2804 4646 3346 1229 3731 804 1338 2091 3367 2452 305 4502 907 559 1712 3553 4815 3822 4908 2429 4463 1440 4577 4296 4275 4742 2252 4069 4402 446 2017 4553 3145 3204 4857 3642 4852 4841 604 2933 1858 4915 2200 2219 4989 2612 3982 619 791 4398 1770 2471 3746 3233 3043 4799 864 2425 954 3147 289 3675 4717 3812 1577 3096 4473 2574 2986 3034 1534 3997 3584 4506 2293 2682 2807 4902 1338 3178 3750 2705 3907 4220 1286 1387 804 296 2486 2170 4088 4872 4142 2850 4620 2330 1000 134 4806 1671 812 2519 2544 4318 4211 2721 2731 2403 2284 4276 2917 2873 2254 3312 1748 4830 585 1051 1019 1192 1594 3005 4974 2332 4476 147 2315 3235 2748 359 1387 1986 3573 4273 4626 4689 990 2655 383 4064 1259 3735 1821 4628 1917 1401 2724 4014 2646
