N: 200
M: 80
Symmetric: true
Triangle: false
2 20 85
2 177 56
2 50 78
2 200 52
2 168 172
4 68 149 96 9
2 189 145
1 31
2 166 191
2 118 194
3 49 132 117
3 35 182 184
4 161 160 135 12
4 147 66 188 98
1 146
4 122 127 37 28
1 40
2 116 19
3 38 94 14
3 115 88 196
3 199 33 134
3 67 178 114
2 150 69
8 18 47 54 36 51 65 119 43
2 124 120
1 32
3 137 138 87
3 11 10 121
4 27 13 3 7
2 192 107
3 75 183 140
1 15
4 180 24 101 62
4 130 159 108 55
2 104 30
3 92 57 59
2 91 45
2 79 5
2 95 17
1 195
3 26 181 153
2 167 89
1 42
2 41 163
2 131 173
2 106 23
1 129
1 48
3 84 156 1
3 86 190 29
2 6 76
4 126 143 157 2
3 186 46 169
2 139 185
3 90 179 103
3 80 39 193
3 171 176 198
3 97 58 77
3 154 82 22
3 152 102 83
2 162 63
1 74
2 111 128
3 170 141 110
4 175 73 113 4
2 64 187
2 53 164
1 44
5 72 34 105 21 25
1 197
3 109 8 99
2 144 81
2 70 158
4 125 71 148 136
1 174
1 16
2 60 165
3 112 142 155
2 151 123
4 100 61 93 133
1471 285 2124 3608 4602 4216 3947 2979 4301 2194 4978 2018 1020 3106 973 2454 1056 2488 975 3390 2420 4528 3027 4786 235 2577 1010 2994 601 1283 129 258 1837 2649 957 4537 2181 4142 375 4227 3267 2347 4130 4957 4705 4655 37 253 289 2093 902 1014 3402 1380 696 3583 3788 4056 2544 4868 1732 3931 2537 3812 2796 598 1992 37 4324 281 4129 4682 2582 2730 1982 1822 871 436 1558 2970 1750 629 1848 2881 2139 1421 71 4049 1838 4671 1839 4968 859 4495 4908 114 3162 3128 3148 1382 2695 4553 1916 428 2419 4065 4558 104 4052 2481 763 4465 21 4033 3478 3755 4983 2377 368 1031 1016 3196 1421 2908 4680 4199 3217 507 1557 4347 4731 2888 2909 4711 3065 559 4464 2974 618 1146 1092 1821 1955 967 4512 388 3621 2480 1916 2181 2122 2548 4816 1606 2129 2656 2477 4913 3900 2553 3571 323 4588 87 2557 1277 2065 2280 4188 225 4370 1730 3530 793 3860 4456 4483 3246 2537 3878 3998 3466 2565 2719 1477 3593 4830 2428 4130 3283 2188 2614 3469 3759 676 3476 1609 1633 846 4198
285 379 3001 3940 2575 4273 30 2740 2454 3610 1010 4383 1158 393 14 3138 1179 1144 2881 706 1383 1130 2006 4400 3557 3286 1039 1263 1419 1487 2536 1424 3510 948 3891 488 1107 3059 2140 2964 3909 1145 4176 3126 2117 3158 3509 4826 2300 4886 3110 2126 3423 1596 1428 112 282 393 1203 3276 1635 1866 814 4451 4655 3491 533 2286 3462 3045 2456 1452 2107 3330 1083 4848 1295 3273 4372 4353 1765 965 1588 3647 2975 3949 4299 966 3451 508 677 735 1005 1268 3922 2835 2414 2171 1849 2405 4286 894 1565 4371 178 4710 590 4722 633 2268 3506 3960 3965 765 4427 528 2918 4669 1012 4537 1826 1806 4054 2377 706 2384 395 3922 207 956 3548 3818 168 4456 1415 1227 2499 646 4434 1067 2418 4345 210 1809 2431 1626 2763 3265 2569 642 3039 561 23 4809 1194 4605 3959 200 3525 766 1975 3762 1155 447 723 476 2990 4899 4333 1025 2386 3414 4850 4832 4469 2380 1685 1570 4701 4725 2199 2972 2234 2862 963 100 4781 624 3578 3520 2755 2858 3721 3650 3542 3108 727 4102 316 4390
2124 3001 1155 3994 3795 3996 3732 3118 1281 2997 1854 688 4216 1316 1430 507 3014 2894 4682 4255 4200 2759 2496 1827 3574 3061 4430 4572 3899 2489 4004 4004 1293 750 2649 3730 1526 2827 361 266 2007 4264 876 68 4005 2674 578 3385 2872 4615 4086 2761 4126 3506 2052 3289 2352 2337 2978 4242 2608 1745 689 2774 3706 980 2492 2515 1232 1853 1503 1592 3205 3877 4623 1825 2723 1232 3415 882 2020 2439 277 4229 1567 1004 2930 2847 1456 536 4825 3961 603 304 491 2112 2364 908 4288 430 2821 3876 480 4801 196 3029 3266 2209 2279 2135 3329 3234 3167 1599 2885 796 2957 2017 3788 3826 2662 4392 4669 2232 1383 3603 327 4628 4429 599 2443 2584 520 3047 1527 1418 4826 2065 3055 4690 3128 38 4841 2668 1129 3747 1836 3628 727 75 879 1912 2033 2870 1844 597 3809 2964 2969 4232 1677 164 4829 4862 1452 4665 2008 2864 2499 4812 3426 2088 2506 4656 3678 3198 864 352 4570 1393 3804 1857 2174 2594 2441 3311 1274 4336 4277 1379 1050 1166 45 4425 1827 3887 3929 1642 2387 4538
3608 3940 3994 4793 3259 2726 297 1104 1389 4141 3238 299 3726 4944 3246 146 2740 2559 485 3815 604 4904 1205 1439 1081 376 61 2543 1818 905 2464 2654 1113 1816 2042 4534 3982 717 1436 1096 1742 922 4204 4371 2981 516 1077 3233 4616 1827 1792 3770 19 4797 4908 1525 1779 4713 906 844 1409 4607 2897 503 717 1780 4372 2081 2082 2866 3881 4272 1908 4320 490 2248 4450 4411 3280 3096 4956 3135 1680 3304 685 2153 4429 567 3843 3609 4028 1913 1187 2292 4637 4691 4850 3119 4973 3019 61 350 526 4855 4050 181 2201 4834 4490 4042 726 565 363 4011 4393 2303 1434 133 3016 3449 4070 964 724 1709 4545 71 4848 3969 3985 1675 4022 1167 1530 2272 4734 3564 4241 71 3233 3606 4055 3955 816 4141 4218 2122 1902 4373 1272 890 3020 2711 3731 1651 3365 2445 1569 2771 1818 4235 3773 2826 1331 1353 4779 1522 2073 984 2059 410 1808 475 4180 4066 2123 3367 3919 2730 462 4101 2003 46 1391 4241 725 2483 3307 4057 1206 1833 2962 3563 1392 4968 1849 3872 2598 4453 1029 3914
4602 2575 3795 3259 3971 1541 1731 3327 2338 2073 1244 3845 2887 1388 3429 1185 963 4436 396 2757 519 1670 303 2219 4679 353 648 4095 566 3164 505 3269 3515 1718 72 3758 4096 4282 31 2569 3863 2144 2049 1810 4436 3886 859 4821 3986 1898 3283 4525 1187 854 464 4623 265 819 3437 3258 1110 304 1066 1947 2097 4073 3088 1679 293 1520 1037 4632 2269 4529 2528 2534 2864 723 4934 2227 2557 3881 3010 1565 34 3160 3687 721 2392 754 1586 2487 3146 1039 3990 3951 2420 4143 2988 1398 1276 3097 2850 4037 1281 2638 1269 4332 1923 916 77 476 3701 122 3558 2501 3498 672 1632 3611 740 4100 4059 3761 740 1820 4325 1360 1769 1351 2251 2863 1163 1009 970 4369 712 4617 2812 3170 2910 522 1370 3617 1313 3576 1679 2404 54 4875 4428 1831 4556 3320 4743 2876 4038 4897 1504 1029 3309 2085 4276 4035 1829 3108 1509 3496 4458 3385 1784 1432 716 4136 2550 2665 1242 3315 743 2475 2029 1766 1952 1006 4779 3645 3600 4260 3683 2974 3139 4533 1052 770 3024 3464 1497 4256 2820 4390
4216 4273 3996 2726 1541 3398 1440 2409 3272 584 1980 2843 2214 4873 2828 3127 1257 2433 4008 1276 3962 1726 3075 176 1098 4885 4216 606 4298 2365 3679 2919 3391 2067 4897 1064 3501 3149 835 4085 3117 2524 2964 4402 181 4997 3663 3917 3639 4314 4968 3277 3162 178 3256 2093 2201 2418 4831 1347 1566 4983 3034 2458 1142 3365 3220 3567 4250 2640 4537 4152 742 319 2093 2284 1815 3351 969 4844 44 4575 1580 1586 476 655 4230 524 4238 2167 3689 3005 1693 1694 1398 3434 1957 2202 2008 1640 221 2094 2090 2592 1819 3309 16 639 3750 1304 870 1881 4414 930 389 3764 137 3813 3165 3237 1822 1543 167 1534 1569 442 2387 4197 4695 1538 4269 1389 4049 749 1868 279 113 1353 2534 1976 3654 328 1991 330 4288 2574 3542 4194 4608 3011 2151 2236 30 3632 2286 3385 4777 778 4715 789 1993 181 1253 2769 1173 4003 718 4422 1365 4016 3194 3959 1048 2329 3373 2348 3915 3170 2715 928 3363 219 2692 1115 94 4071 34 4669 2775 984 3766 610 4186 1125 234 3514 2176 4235 1882 557
3947 30 3732 297 1731 1440 1572 3760 2519 2401 2959 1353 4423 4538 2273 1505 2384 3770 1770 2266 2035 4490 3879 3042 4648 2340 4044 122 2192 1701 3235 3258 3158 911 2709 288 3613 2473 4166 505 22 4034 196 409 1440 2015 1171 4992 2601 1222 1416 2252 3120 25 4649 965 821 978 2673 749 4173 2323 1399 3583 3743 3553 521 1051 2473 3385 415 1314 3662 732 3730 3147 1702 2515 684 4477 2616 3686 430 3291 3354 2720 4103 1137 3017 2248 184 4344 4627 3172 3734 3696 930 3251 1530 4591 3358 808 1372 2955 3318 4760 443 3555 1049 2656 3105 2195 2731 3410 2305 4647 3059 630 4298 352 3611 83 1676 1181 3887 1845 1044 2300 3080 3964 2644 3226 86 2565 3943 1000 3887 3624 945 1784 818 3987 1859 3230 425 2368 1923 3772 4515 4871 3158 2906 2573 2517 2668 375 2762 2304 3900 2281 1446 2558 3952 1424 1436 611 1996 1373 1728 3862 2923 1412 282 551 12 3395 2568 2755 2000 3750 1186 1055 4910 2768 3015 3226 4932 2759 3159 2614 352 2800 4382 1607 107 1410 288 675 3007 686
2979 2740 3118 1104 3327 2409 3760 852 4069 172 2257 562 4803 3432 4024 2762 3580 1779 182 4712 432 221 2119 2480 91 35 4587 2229 3112 158 1359 2678 970 3662 2773 1638 2196 1895 959 2831 643 2345 436 1126 1046 294 723 3369 1641 3475 1699 514 1178 2149 2645 3207 18 4139 910 2833 331 2009 161 4669 31 4598 4997 2469 4472 1022 2354 2405 4640 1005 758 568 4086 4568 1565 4189 3413 4218 3471 2442 3489 559 1620 1541 4563 388 4095 4571 1361 50 909 3704 1467 451 4728 864 1688 264 3786 3291 1357 997 3446 1307 2477 768 3782 1427 2066 1469 2357 1379 3569 1915 2380 2215 665 1968 4035 3844 2737 3825 117 2055 683 34 2666 945 1858 3488 4454 1556 1168 661 4229 2002 4806 3446 3524 304 177 861 4272 2456 884 3681 3026 3840 2078 1503 83 3946 1629 3193 4851 2573 3315 3864 4250 4211 4514 816 4446 3129 4064 1278 4772 4505 2370 989 1748 4319 995 2230 2636 586 3714 2762 4207 4024 766 628 3828 3986 2040 3717 2306 1831 3506 1357 3509 4123 1316 3856 2298 1895
4301 2454 1281 1389 2338 3272 2519 4069 2158 1067 2442 4817 4928 165 3508 3895 1942 4953 1502 1536 2140 2165 3204 1909 2124 2826 2296 702 2878 3909 2347 397 768 2749 902 747 4470 3740 2944 2927 3157 4076 4437 761 4822 1172 3821 4617 3951 3946 3350 4102 4505 4048 1345 3074 3191 1449 4188 2952 193 4571 1284 4426 2541 3762 3045 1118 866 2058 4564 4307 4686 2815 3633 468 2956 3412 581 3721 3572 4414 2204 2030 1718 921 3017 1010 616 3679 471 3424 4080 4537 2358 1770 417 4163 2025 2906 4528 1533 276 4477 1808 3260 2981 3977 1612 2262 4432 2442 3593 4422 3690 4755 1044 2887 1046 4440 4137 862 2577 1330 3752 2747 4101 3185 1254 2459 4147 3773 1483 75 997 264 2848 2007 346 336 775 360 1241 2558 1319 2520 2282 1698 2505 3879 327 3659 1156 1469 911 1728 3676 2307 1380 1095 759 670 620 2093 3044 197 2470 2413 4231 81 358 304 4675 747 761 3118 268 1348 1359 2178 3567 4557 2323 1502 2934 4145 3289 894 4712 37 813 3440 3299 4538 454 4812 3805 2519 2086 1089
2194 3610 2997 4141 2073 584 2401 172 1067 1526 4708 1011 76 4704 2704 30 415 2333 387 2283 2739 849 3267 1943 2844 763 4324 4938 335 4128 3806 4793 3198 4871 3833 1624 3313 3506 4574 2760 1162 4197 3249 4768 4398 1755 87 3076 3586 1590 3856 520 4468 646 1807 3824 1422 3579 503 1487 2878 950 3090 1121 4539 3054 2732 282 2802 721 4481 4009 1705 1463 1305 4716 960 4726 1577 530 665 1948 3717 3184 4378 2607 1846 4543 2916 3826 3482 3529 1567 2263 4876 4752 4553 402 4297 498 124 3609 2450 1169 3803 3820 4134 2824 2383 94 1860 1309 2005 4630 4037 3839 435 861 3396 4018 2093 1161 3273 3395 846 4562 1417 390 904 12 892 3966 438 534 1948 2349 4665 2825 180 1573 4062 3572 405 3822 1293 4439 2322 2544 1203 1708 2452 2983 4895 1564 4277 3829 2741 3643 3481 4893 922 4880 826 383 3117 3125 3239 2807 3956 1060 2308 1784 3990 3160 3990 356 2166 3176 4977 3248 443 2472 1114 503 1527 1994 2993 905 1411 237 950 1386 3074 3116 2930 2699 2706 798 4032 2172
4978 1010 1854 3238 1244 1980 2959 2257 2442 4708 1577 1463 3568 198 1577 3091 4965 2804 3063 302 4146 4863 3048 285 4736 245 3062 2527 3418 4194 1558 220 4303 2255 461 3879 916 788 16 4939 2631 3353 4188 1666 3508 509 3733 1343 1059 793 2243 2398 958 4195 3295 3489 4662 4676 3227 2546 1760 2523 1234 3956 1690 2151 3475 2688 4880 914 1042 2317 2436 2998 4473 1158 1975 4745 1230 1473 3799 3228 264 4917 3610 349 3093 229 4340 3806 2598 4884 3892 3049 2626 3597 4596 3612 4527 3877 807 2467 3809 2865 3629 4227 4163 4455 4375 3645 4630 145 1762 4116 4744 4699 384 2924 1441 3910 136 1585 96 1607 2254 1016 1426 833 3212 267 525 475 502 3372 1994 3558 1537 2316 4198 3514 1465 639 3863 2457 2517 2729 3829 2590 2669 2625 4164 1221 2346 4101 1098 3496 3443 1375 4524 3229 1966 926 4941 3237 169 2085 869 3894 94 3928 2309 1368 4843 191 3336 3329 4967 3482 1440 1968 4444 401 1681 2649 4017 3027 878 2151 458 4910 311 2144 2442 3265 1335 2997 896 1541 3954 3695
2018 4383 688 299 3845 2843 1353 562 4817 1011 1463 4352 2997 3063 2769 2522 4609 902 4804 3438 150 743 2195 2270 151 2765 793 965 4492 2316 641 3683 3009 4268 3265 2009 3164 4792 4704 714 3342 129 1790 3145 4943 4017 968 1378 3527 201 675 278 462 811 4190 2113 872 273 1624 4845 4409 3080 2143 3578 157 1139 566 2382 3672 3584 1657 2298 1317 2741 1172 3549 3151 2131 3392 731 2712 676 4047 894 2402 1615 1460 2782 865 2411 2495 1259 4774 4009 2022 2845 2198 923 1440 1472 3739 3013 1358 983 3822 336 3540 231 1502 806 2296 2928 120 1951 935 2412 2679 2309 1861 4736 253 3840 1974 3217 834 304 2147 1666 791 4147 2796 4271 2629 1564 2745 2826 4616 3113 3738 3969 1598 4244 3442 2179 4887 578 4589 894 837 4892 2974 1498 4006 3697 3101 2514 2209 318 4027 422 4107 3653 316 542 2620 956 979 433 4791 3407 2830 4529 1033 3505 719 3784 397 204 2320 4382 4953 2811 1377 2318 3142 1378 554 4004 1448 1514 25 533 2689 1107 1255 3865 1913 245 1514 4281
1020 1158 4216 3726 2887 2214 4423 4803 4928 76 3568 2997 899 1462 2944 799 4333 529 1558 3398 306 977 2201 227 3314 1740 1379 1309 3573 1551 1057 4348 4056 1629 999 4332 1338 3753 3213 196 4020 4015 1638 2716 3147 3337 3344 3174 3603 1992 2629 3108 2303 905 569 531 3152 608 4083 2412 2863 323 4990 1128 1005 1239 633 2513 922 1498 4328 2917 1962 4142 4658 4488 2982 854 1184 2954 1391 2440 2854 2213 4670 3836 205 227 1216 2471 803 4180 262 2240 1714 2268 4524 3210 3784 774 2056 3809 1428 4587 4676 3322 1204 4644 3625 4189 4968 226 3872 1113 3056 2020 3822 4790 626 2753 3417 4356 2618 4073 1240 1464 3901 329 4648 2220 1972 589 4033 2227 934 916 2504 4257 535 3277 302 2550 48 2260 4361 950 3233 3297 3461 3442 3238 572 4722 424 4360 1677 777 778 2720 4086 4977 2832 289 1574 3123 2948 955 1477 901 545 2840 2065 1942 4323 2639 1088 3037 2758 2320 4429 1002 96 3331 4094 3499 326 4552 547 1324 4367 2441 2518 4706 418 4435 1183 2915 4073 4246 3796
3106 393 1316 4944 1388 4873 4538 3432 165 4704 198 3063 1462 3107 2876 3336 167 3037 2151 1197 740 4763 4259 16 3109 3951 297 331 3355 4161 1458 2206 1910 370 2237 2244 2023 3875 289 2819 878 1116 1650 79 203 2522 2229 2449 1688 1388 3303 532 4331 2082 2387 770 3935 3891 4052 4276 4037 301 321 3360 3993 4402 738 4741 589 2670 3365 2346 2553 4252 3336 1896 2355 4614 1706 4320 949 1056 2926 231 404 1835 3386 1744 3481 351 803 4576 867 1081 3509 1739 598 3531 3098 3482 4818 3664 4457 4242 2372 397 2511 3523 4365 720 4596 2487 4764 279 3353 1024 2248 1091 690 251 1919 3523 3719 4041 4031 3436 2179 2720 2408 1637 4511 1685 2850 3796 3279 2106 1549 1094 4906 4528 4161 1350 4056 1113 434 2900 2178 1726 1643 1344 2102 721 2071 1853 347 580 4951 130 2129 3745 3987 623 2820 3375 1996 2960 1307 3387 4607 3052 2375 1705 2647 736 4279 3219 641 1565 4732 4524 3307 1565 4062 3435 2680 620 3180 2374 4669 3390 4883 1300 615 4430 2687 4218 269 2750 1852 1025
973 14 1430 3246 3429 2828 2273 4024 3508 2704 1577 2769 2944 2876 212 1396 3134 4619 3481 2461 1771 2455 2656 3896 2687 2655 3672 2339 728 654 3252 4907 2426 4410 3658 3590 334 4943 3747 2083 3094 4322 4241 574 3844 2807 981 3653 3711 3614 4940 4485 2628 3902 3818 19 4042 2750 3221 1742 360 1378 2174 1613 2610 1693 3431 4415 1816 3643 2476 2019 716 1053 4201 2056 4670 3526 583 633 1625 2731 4236 4520 4990 4244 1672 2820 3005 111 1595 3466 4469 2498 4694 1110 3527 1235 4877 2866 1305 2622 4506 3765 4868 2129 1323 2523 2363 135 3680 3952 3832 24 2195 2663 1154 1259 3528 3318 364 2474 2901 3912 1438 1044 3446 1678 1185 34 1535 2309 3631 2602 3122 2320 4249 4885 1144 3842 947 4397 632 4036 4920 837 4269 3804 1483 256 4806 3078 3518 3224 1554 4392 4967 601 3592 1417 782 1013 2633 3932 2361 794 1962 3974 1979 2861 3771 1354 3837 3216 4499 3031 3772 4541 3853 4855 1874 3762 3619 3030 736 3380 2393 2022 3549 639 2964 1142 3996 1019 2515 4465 1618 2353 3530 2324
2454 3138 507 146 1185 3127 1505 2762 3895 30 3091 2522 799 3336 1396 135 3074 1549 4000 2244 1076 4125 48 3198 1395 1152 2339 1533 3804 3881 1274 1158 2648 4937 710 4571 3649 877 3744 4784 1960 2409 1736 3827 3512 1653 2598 3187 3268 1081 2046 1137 3191 1801 658 758 3294 1857 788 3940 204 4403 633 1964 2997 2404 526 4218 4824 1018 4767 1173 1136 2747 351 4814 913 1914 1734 3063 2306 4407 76 1056 694 3578 1974 1064 4052 4135 3827 3230 3990 2825 2848 2312 2469 3945 1257 1622 927 3859 3972 209 2455 1615 4163 348 963 2891 4147 3807 1861 2261 1439 4816 2981 1919 4690 2024 4849 4791 3261 3406 3348 3514 20 4011 3675 1272 1869 343 183 3698 1162 1886 2198 742 2073 4861 1725 3941 3659 1514 2282 359 2559 1343 3170 2114 2837 2038 4593 4172 4501 894 4571 4165 4766 1839 3551 3498 3269 2985 755 4626 4122 2235 2486 57 2133 2142 82 4963 2778 68 1421 903 3240 2000 3975 1558 4086 3471 1637 3778 1543 2089 790 2666 3498 2904 1162 1088 634 1684 627 1246 3381 4386
1056 1179 3014 2740 963 1257 2384 3580 1942 415 4965 4609 4333 167 3134 3074 1903 1433 3143 3460 3487 2320 3330 4165 4063 515 2168 1850 4693 4744 1418 3588 1607 1830 778 1505 4295 4095 3942 2884 3755 2634 3660 4809 444 2797 1795 230 1090 2878 639 958 4932 4012 2028 4667 4238 738 1037 4983 4040 3418 1081 3771 275 4669 474 3483 4394 4023 4927 2272 3854 4483 4439 2935 162 3636 2320 132 3810 1729 1271 4796 1925 4537 4433 3104 2802 929 1494 1919 1747 1059 530 4727 3348 952 1887 506 1858 1559 3711 1450 61 4713 4448 793 1060 4499 2681 2986 1734 4859 1811 928 2385 2174 4820 781 4322 4876 1132 4773 3286 299 315 3245 3376 1624 4376 1968 907 3889 227 2325 3497 4399 4555 1339 2700 281 3908 1555 357 3597 2641 3059 3272 4067 1393 2905 3948 4585 1396 910 1361 1868 25 3045 4387 1107 2964 4526 2575 4613 4072 3402 4553 4327 2561 4041 2498 2901 3665 1855 702 2629 2628 1981 4754 1671 4945 1190 3968 965 4151 4092 1080 820 1820 1794 3870 3891 2638 3978 1640 3929 4015 1638
2488 1144 2894 2559 4436 2433 3770 1779 4953 2333 2804 902 529 3037 4619 1549 1433 4463 2283 4806 3746 39 3462 4992 2725 2677 4102 4598 4062 3243 427 849 602 190 2874 805 3939 2425 2669 352 4929 3041 2434 3136 2889 4710 2214 25 296 1763 4054 1504 1346 2929 4291 4992 4326 2239 2690 1133 330 2630 983 3239 1675 2003 4250 4660 286 3588 4057 112 2544 201 2569 3750 3500 2182 2851 4270 4545 330 1264 2844 4492 1854 757 2041 675 1647 1196 4259 4000 3601 3762 3932 2496 691 2828 1639 3075 1057 3264 65 416 4177 2662 1244 4952 1619 2463 3800 2053 2354 2468 4573 1798 1754 326 2135 3049 4746 4279 3749 3043 3552 1407 4854 177 1322 1402 3558 2128 1071 2514 1374 3378 2903 3025 4340 114 3217 535 1330 2217 4762 639 849 2980 2071 2051 2623 557 628 2925 1501 1418 2811 1428 3412 2496 2731 1188 1548 184 2917 381 4422 3817 4897 877 1229 4455 4513 4280 3646 160 1232 2891 2527 4544 140 3786 4763 3636 4376 2413 3198 2414 1024 377 833 2484 2273 2308 1023 2047 2467 2487 4022
975 2881 4682 485 396 4008 1770 182 1502 387 3063 4804 1558 2151 3481 4000 3143 2283 486 4709 1659 3698 658 1911 2720 3145 1310 2346 349 2858 4917 4282 3725 1284 3627 695 1924 2080 4366 4833 2541 4541 3871 236 1455 4648 3884 1941 2068 4575 4167 4861 4868 542 3641 3277 1667 204 4955 4964 1502 552 4019 4977 1638 3148 2639 147 392 3428 4182 3139 1402 58 3241 1768 2134 3908 2380 2537 4079 1828 4297 3941 1068 4846 250 3811 308 4099 2201 2482 3140 754 4090 3227 3910 4974 2015 1940 1593 3760 2332 3858 2189 3929 521 911 1935 1748 1201 2978 4310 2064 1541 4515 4116 3624 1450 1009 3601 2466 266 557 4159 3646 2264 615 4290 1345 1736 4029 3216 2454 4943 2921 2838 194 2499 3061 4879 3405 1691 2094 3697 531 4439 3553 641 2868 4806 2711 3259 4150 1655 2993 2689 666 4945 973 2373 491 2270 4611 3445 577 804 52 3586 1323 3981 1201 1095 1043 2600 1820 2369 3576 675 2559 4259 1413 2313 4318 2634 176 4794 4231 2411 2381 4989 3623 3452 259 2345 1561 1757 409 824 1511
3390 706 4255 3815 2757 1276 2266 4712 1536 2283 302 3438 3398 1197 2461 2244 3460 4806 4709 290 4761 29 4509 704 2670 1560 141 4549 4575 4675 4236 2401 4659 847 1549 1133 3829 3783 4720 572 4190 1007 3333 4171 4816 3654 3984 3745 2092 1030 4396 234 794 3045 2984 2459 2219 391 4250 503 3119 4219 4416 3745 2574 1654 2891 23 1650 2138 14 3072 1834 608 2737 4509 2719 111 4497 2007 4581 3307 569 3097 598 2660 3285 1031 3280 1169 1269 897 2007 3790 2026 907 3939 4222 4601 4145 3781 3821 2473 4697 178 3781 3592 871 2819 3338 2910 1409 2802 3928 1685 4457 2782 3084 4478 2597 2771 1320 1766 416 4406 4363 3345 3011 2574 468 4484 4395 3921 3561 3755 826 2703 1790 266 140 1030 324 2597 2662 96 4955 1428 4376 4720 4048 4988 3695 1341 748 1717 3888 168 877 1794 2784 775 4242 2176 2644 2885 3981 1020 4600 2669 2497 4539 2529 4350 3880 3403 3792 4700 4379 2105 2906 2438 258 1404 1278 2139 1184 4933 1816 4413 1314 788 2023 2016 2933 1247 4131 2446 2389 2716 50
2420 1383 4200 604 519 3962 2035 432 2140 2739 4146 150 306 740 1771 1076 3487 3746 1659 4761 315 3658 4337 3003 991 4883 2122 3182 3487 2065 659 137 2812 2111 812 4434 2939 2638 2237 904 3629 855 778 1528 4845 1000 329 1542 4135 1616 4180 323 3285 4905 858 98 3246 1683 3256 3531 2081 1749 4461 1827 285 3026 404 2246 3943 1608 2267 2794 1848 2621 897 1298 2148 413 570 2484 2975 3719 1418 2163 3368 1546 427 427 2432 3190 4376 2112 3070 760 1059 2925 1820 2588 3438 13 4485 4048 4316 1177 4118 1413 3941 3996 3322 4620 2248 749 3488 238 1296 3533 987 4794 3027 919 696 1190 3503 4116 1869 2583 3204 652 1785 4413 307 1304 3998 2088 2145 4563 3495 979 435 2420 1163 1107 1545 1528 233 1624 1930 2260 871 1266 837 4181 3660 85 1363 3935 2747 2879 2350 3495 3774 1968 1844 407 4472 4808 1186 1285 2611 1014 1464 1919 1808 127 696 3813 1898 3352 1527 3138 2418 3952 790 4387 1714 700 3437 2404 2924 86 2591 1049 3580 1666 1978 2916 3584 1877 3580 902
4528 1130 2759 4904 1670 1726 4490 221 2165 849 4863 743 977 4763 2455 4125 2320 39 3698 29 3658 2960 2470 1773 3013 2256 2754 4855 4498 3924 827 3374 351 3508 4517 1600 586 788 877 868 1540 3114 786 1052 2777 4437 1073 2255 3500 2718 658 4653 3418 3544 4152 4194 1547 4278 779 1643 2997 1543 2607 568 4849 1050 1120 48 4425 4157 238 3465 4297 787 1619 4458 4204 2405 4838 1024 627 4874 371 2128 2392 2414 4762 549 1373 3883 2884 2885 1551 3291 1720 1272 3112 252 2975 4334 2485 3044 1145 2602 4241 4128 2497 1315 729 2710 158 765 586 2833 3664 3422 2103 3672 3702 3229 1740 3939 784 3467 497 1469 2636 3747 4582 424 4082 2219 4136 391 2195 3660 4610 3687 3346 682 3717 4630 2348 3172 2729 484 4824 4362 1824 3670 377 1840 1954 2365 2591 17 771 1993 4860 4171 880 2327 4960 314 1100 2650 3865 455 3656 3531 2588 2211 3960 4644 4445 3883 1867 3153 1939 717 3347 4434 1103 2641 1488 1237 2085 1884 4559 1827 3865 4573 1688 3710 3047 3171 837 3089 2285 739
3027 2006 2496 1205 303 3075 3879 2119 3204 3267 3048 2195 2201 4259 2656 48 3330 3462 658 4509 4337 2470 4662 550 2525 4275 2819 1412 2844 2492 2204 1925 317 266 4163 3739 4880 3706 2445 3319 3946 1799 4613 1509 4157 4161 1312 524 486 1855 2008 2617 2303 3697 2221 2545 226 1892 1984 1435 4056 2761 1872 4879 2002 1878 453 1564 3767 4807 4576 1597 2494 3917 3956 3464 1320 4315 3146 4294 3244 3183 783 982 4386 831 1200 1108 3041 540 225 3141 844 1729 3921 1547 4624 2780 3521 3076 2290 1365 932 272 877 865 4602 4066 3606 3858 4322 155 1335 1543 2066 28 15 2154 1692 4140 3301 1831 3268 4169 270 399 66 4535 118 2420 942 1188 3854 26 3829 3114 888 2353 2011 1865 2282 2452 1231 1432 4077 1397 2849 2572 4164 1732 4146 229 2255 3237 3783 3943 1404 3752 1268 2854 2780 2591 3402 3672 4724 2620 4276 4868 3618 3031 4770 4233 2315 4972 810 976 3205 3085 1854 358 3986 924 623 4742 1366 4834 2293 965 3612 2228 3044 3339 4763 1408 2005 3310 208 2018 3052 517
4786 4400 1827 1439 2219 176 3042 2480 1909 1943 285 2270 227 16 3896 3198 4165 4992 1911 704 3003 1773 550 2174 10 4020 1162 111 3410 1899 457 3319 4232 1805 4632 1214 78 4871 2777 4433 117 3096 342 4530 4781 3139 2917 2395 922 734 3462 2492 2637 2580 3967 1516 3348 2772 4348 747 860 79 2298 880 214 1681 1234 3273 1071 4428 1809 3157 3746 4112 1767 124 3832 1124 4127 2387 2651 4924 4815 1140 1324 2354 2695 3929 1230 3461 3551 2104 3208 4219 2423 1728 1668 2121 1734 2975 178 3672 677 2765 15 4857 3990 4191 1946 4057 4863 908 2030 3349 4789 1853 2405 3369 1966 4830 2485 3137 3159 1073 1583 3490 2050 2375 3197 3151 20 4803 141 1449 686 1060 1812 4939 2969 1617 660 4941 2733 273 210 3984 3545 1693 808 1176 4491 1424 4363 3236 3321 4015 484 1543 2931 4865 3553 2885 4974 243 3133 1596 1353 779 4346 1334 3347 4314 2254 3472 2524 60 3933 3031 1490 1161 546 820 1705 1019 1048 4843 1951 3244 1933 2167 3166 3591 1661 4684 806 1082 4864 3996 4782 2833
235 3557 3574 1081 4679 1098 4648 91 2124 2844 4736 151 3314 3109 2687 1395 4063 2725 2720 2670 991 3013 2525 10 43 301 574 1303 4751 2752 907 4565 3992 3255 232 4697 3369 4764 446 3592 2566 555 1671 146 1916 1287 3888 4276 2659 1832 2640 4906 895 2257 3164 153 1311 1551 2834 912 447 809 1802 3082 2400 2052 3966 3633 3223 4414 3628 4705 3228 603 808 2144 312 4373 4310 1295 550 3984 2794 312 619 3987 860 1981 1662 650 815 3346 2837 3077 2986 4033 1685 3165 4318 4622 2316 2095 1501 1113 4677 4809 4561 731 4918 3550 4406 3893 1314 2596 4059 1055 4136 509 79 4419 3637 875 2109 844 282 1431 2884 2932 2109 3106 2914 185 2880 3316 838 692 4072 762 4711 46 438 909 820 955 4901 602 4394 1653 1804 2213 1532 1213 1166 2972 864 4789 2591 3228 678 4753 906 815 4788 1769 4673 2242 3912 486 3512 1026 2681 1346 4913 3305 2973 4995 290 4935 4536 3102 2693 600 501 1341 4194 4985 4824 1223 104 4263 1422 3423 988 2774 3476 1307 4617 3368 2987 2984
2577 3286 3061 376 353 4885 2340 35 2826 763 245 2765 1740 3951 2655 1152 515 2677 3145 1560 4883 2256 4275 4020 301 4285 4991 1659 1789 1740 4033 3177 3044 2927 1019 868 3449 1871 3441 2996 3821 3318 1981 1243 4416 2882 4173 692 4737 3500 3628 4576 1415 3019 1732 1664 2613 1803 3968 4541 1335 4605 1224 2849 610 4619 1756 774 898 1550 3186 2195 2476 492 4219 1569 3512 4604 1159 2977 4619 957 3147 4029 792 106 596 4833 2792 2418 506 1105 4511 2570 3948 1223 1755 454 3732 2959 3224 3543 3651 3659 907 2845 1542 546 1668 4367 4558 2206 1347 4441 1527 196 1478 2974 326 260 1741 4443 1175 298 4531 3366 60 1430 2454 1134 1846 4430 3523 3616 3071 2644 3140 12 731 3797 3974 3256 1909 4690 2797 1333 1581 3409 192 4519 235 2164 3241 2021 1998 282 98 360 4973 78 3858 931 678 2996 3840 3087 4551 4516 1928 4198 1764 3972 972 3983 1094 1892 1982 2840 3100 3803 3561 3261 1541 2165 4196 1911 1154 1969 2535 2734 2068 4567 1940 1236 3200 4968 4676 1481 834 3715
1010 1039 4430 61 648 4216 4044 4587 2296 4324 3062 793 1379 297 3672 2339 2168 4102 1310 141 2122 2754 2819 1162 574 4991 2823 1918 4155 2789 678 3765 3622 1420 3091 2560 4053 2690 4531 4358 3370 1936 2024 3871 3801 1585 1484 4044 2510 3457 3205 1473 1516 2200 519 2674 2443 4930 1989 4395 680 3809 2705 756 2640 938 1937 2092 2233 1905 4039 1521 2625 4611 1362 2824 3074 2454 3719 3596 70 3312 3663 3985 4038 833 1922 1135 1464 3331 946 3918 4303 2487 1170 808 3939 1796 2132 4324 49 4456 1483 2174 2048 2351 4208 4045 1901 4312 2927 868 2185 2284 3138 856 2078 3441 4556 1254 1818 4394 1521 4757 2779 2370 3492 310 2426 2551 35 4324 67 2035 934 4839 575 549 2608 4604 4341 762 3376 3656 611 1539 3118 680 2132 801 604 2195 4405 708 4697 499 600 4055 4107 1666 4311 1578 4391 295 2201 4265 2794 3915 3837 3386 1531 4812 4686 541 3977 4189 4554 2944 1516 3656 4842 3389 2754 2078 306 1976 2539 997 3480 2705 2047 745 1504 4063 3901 4356 1948 4715 3637 836
2994 1263 4572 2543 4095 606 122 2229 702 4938 2527 965 1309 331 2339 1533 1850 4598 2346 4549 3182 4855 1412 111 1303 1659 1918 4560 3139 2849 525 1412 3360 481 3273 1063 1741 299 2628 3114 2056 3882 40 940 3349 3057 261 1531 4983 2537 1952 3997 2333 3809 1269 3022 4424 527 377 875 2359 2387 565 1208 606 4027 573 4928 3526 947 1885 542 3441 2819 3427 3099 4604 4062 1089 3251 38 1729 4512 2498 814 2490 2016 3695 1051 764 1121 2031 4480 3505 2508 4681 4941 3160 1990 4867 4787 2202 2005 4938 2357 3815 777 4854 3805 4838 1819 1625 4118 726 878 4833 53 4618 1444 4936 3790 1030 3920 2282 3003 3678 3150 2815 2726 3821 671 3453 2831 1431 4282 2984 953 2418 2714 271 1140 4029 3637 873 2234 442 2061 830 1865 570 3856 3545 4008 425 4799 3318 1657 2755 4240 1639 152 2919 1329 22 919 1011 370 4712 1890 3033 3694 4209 2617 4336 1041 3809 1800 4410 3050 1081 1895 2272 2688 615 4393 2085 63 2873 1204 691 1102 791 1962 3189 4907 4870 1328 4277 2204 1883
601 1419 3899 1818 566 4298 2192 3112 2878 335 3418 4492 3573 3355 728 3804 4693 4062 349 4575 3487 4498 2844 3410 4751 1789 4155 3139 4532 802 249 3564 3177 2496 2985 1574 3528 4583 1479 3858 4130 4442 496 2331 2364 1668 3255 3287 704 749 3279 779 2852 963 942 1049 2872 3733 4556 3531 2752 3021 4420 2598 3865 2822 3106 1469 3609 4365 221 1090 1869 4758 1121 1826 784 1082 2360 4903 4303 1783 2868 4901 2913 4694 1183 4863 2579 1744 2654 4988 3913 3210 4117 155 57 1884 158 3301 3355 4385 3826 1474 1479 4250 611 887 615 3705 430 4213 3398 389 1969 4445 4655 1715 2587 3655 374 3439 3484 3771 1413 1733 2277 4867 4602 1661 3727 1945 2163 2167 2659 4008 3228 4778 330 3253 1988 583 1998 3691 1054 1034 2173 3661 157 3763 3925 1598 3031 3595 3446 2446 2669 1179 3277 15 1072 3801 3734 2837 2717 4782 3784 4155 2973 2890 4202 2442 1625 3656 3698 1731 4605 2036 1135 4363 25 2958 3634 2433 861 4714 2540 2657 4973 3332 3788 1024 2513 805 2676 102 1331 1601 534 2949
1283 1487 2489 905 3164 2365 1701 158 3909 4128 4194 2316 1551 4161 654 3881 4744 3243 2858 4675 2065 3924 2492 1899 2752 1740 2789 2849 802 687 661 3741 2401 688 1171 2168 4236 384 3676 676 754 2621 4823 458 48 625 4638 4816 2819 1536 1106 4182 2798 3210 4275 465 4916 2714 2420 2382 3992 3088 3776 4802 3687 922 1859 62 2643 2836 4949 916 3362 2198 1172 336 1571 1136 1834 915 3800 2495 93 4001 1360 3747 4644 2059 1409 1347 2872 1284 4156 2764 3280 3270 271 2708 2189 742 1915 3362 2979 76 2750 3921 2567 464 2190 3025 2286 3721 4620 434 2803 1015 2041 2140 1528 1454 37 4974 3206 602 1187 1097 1498 1298 2587 44 827 1349 491 3622 1212 1279 2070 3146 1621 2168 4070 3344 3278 3174 678 1470 1085 165 418 4246 3302 875 3105 1375 4166 2263 2452 4865 1826 3313 4941 652 2356 964 1193 2092 1464 1658 2915 2602 3198 2514 4101 1111 1178 3030 4265 4266 1464 3991 3679 2475 1178 3315 540 3035 1073 831 4554 1147 4409 3201 3358 2921 4168 1087 2645 296 3625 2169
129 2536 4004 2464 505 3679 3235 1359 2347 3806 1558 641 1057 1458 3252 1274 1418 427 4917 4236 659 827 2204 457 907 4033 678 525 249 661 4497 3684 1334 1944 3323 2283 3549 4762 1237 395 3732 3401 2600 4586 1971 2704 3370 3918 2180 1160 2014 797 1602 1582 1085 4385 309 4799 4062 4782 4954 2276 2597 131 3744 1608 1266 4436 408 1848 213 3759 4660 1830 3387 1777 1258 2563 2721 3440 349 2705 549 4881 1138 748 3020 3676 4430 967 3630 1927 2572 437 2763 1817 658 2868 4735 1010 2040 2215 1053 990 377 3147 4022 44 3405 1788 2574 3759 4088 340 630 4835 3797 1755 4448 487 2972 2077 1716 3606 3728 3941 1466 645 2317 3271 2692 1410 4765 4231 4891 1662 4901 4454 3182 777 1668 1172 1998 4829 3228 4794 617 2877 2902 3704 608 478 2204 2095 1042 1079 4034 4606 3854 4767 4699 3930 1009 3062 2081 84 3143 3991 1812 4641 1570 3655 3641 2884 281 2256 647 4993 4363 1791 2015 4370 1735 2003 1512 3738 4365 1334 4143 669 2328 135 611 3586 2104 2675 2591 4581 1973 1270
258 1424 4004 2654 3269 2919 3258 2678 397 4793 220 3683 4348 2206 4907 1158 3588 849 4282 2401 137 3374 1925 3319 4565 3177 3765 1412 3564 3741 3684 3841 122 2649 4808 4008 4888 4772 4353 1927 3771 4752 3801 4708 3871 3984 1367 3588 2588 4750 3666 2735 742 686 1855 3718 1529 1350 1673 2828 2624 284 4798 114 1006 1410 2655 441 359 3503 4059 4532 4655 1372 3033 4497 1102 4955 1172 3120 1642 2914 4200 2542 2244 1005 1762 2538 528 3615 3334 3085 3071 4844 740 2530 224 1643 2249 3883 2562 1884 717 4803 502 1070 1258 3696 321 611 801 1281 3823 104 2700 2058 3036 2272 1039 2554 3455 1870 743 3525 1516 3987 3515 2541 3147 2920 213 2340 2402 410 3769 1130 1233 3407 1258 808 2271 1552 117 3417 1591 3616 2759 3085 3121 2259 1546 1448 2553 4087 39 570 2527 3760 3364 4406 3751 327 264 1258 1254 423 1608 2395 4461 1069 3288 2494 2195 4834 743 1597 1497 1406 1101 3521 1032 2818 2535 1107 1158 1367 148 3724 4790 4894 658 37 4763 3934 2091 2688 3810 4334 4753 2920
1837 3510 1293 1113 3515 3391 3158 970 768 3198 4303 3009 4056 1910 2426 2648 1607 602 3725 4659 2812 351 317 4232 3992 3044 3622 3360 3177 2401 1334 122 2003 1246 2225 69 3154 3093 1208 3891 4375 3078 735 3878 3451 1350 4511 4000 2215 3746 1076 4860 2512 2433 3143 3779 2352 1644 396 800 276 2570 219 4436 4167 1014 121 310 3170 930 3134 431 4314 544 3596 3760 3810 3247 1644 4420 2107 4921 4471 4473 3627 4285 153 505 511 889 4776 1434 953 2598 2395 1505 3767 3043 2769 3051 3110 4218 1569 3074 1547 1525 2863 655 3943 4968 2127 3282 2489 1129 2883 570 1892 3608 4837 149 4820 1975 1670 1026 4470 3718 2565 4071 2928 3441 4704 267 3130 3344 2231 3817 2810 4735 3594 1995 3346 3469 3814 3617 4075 4815 4739 4530 686 3679 3415 1149 2630 4905 2224 3667 923 4589 225 613 3472 2777 3484 1901 3894 1594 1719 3994 3591 1760 61 1397 3747 4166 147 819 378 3134 947 522 1888 3258 435 338 4088 4948 4095 3801 411 4161 4867 4823 4583 1581 1246 309 1976 1433 4796 169
2649 948 750 1816 1718 2067 911 3662 2749 4871 2255 4268 1629 370 4410 4937 1830 190 1284 847 2111 3508 266 1805 3255 2927 1420 481 2496 688 1944 2649 1246 2041 461 3393 1877 4791 2353 4407 4426 179 3267 846 2068 4993 3997 2959 3399 4365 1932 3231 3331 3519 4468 3703 883 4177 3219 4398 2536 4509 190 1383 2832 4374 3013 1596 2382 3092 1230 4053 4871 540 4874 4319 1072 1715 1451 2640 2380 1513 929 4447 1832 4658 17 2728 2335 2751 3668 2365 4556 2051 1057 792 695 3258 2732 2746 4784 4826 88 2481 1580 3455 259 3876 198 243 3748 3024 4935 3178 2359 2399 1832 4249 976 3406 1660 603 4324 3416 3240 2600 4487 2705 4421 2060 2521 713 2780 3538 3720 277 3849 2607 4323 2734 425 2891 3814 4441 4472 3101 3804 2450 1694 4558 2500 3360 194 2268 4345 2893 3489 4292 4721 2743 4512 3663 1732 1223 4762 752 2417 3471 4967 1556 878 1657 3273 4403 116 2325 490 2594 786 2979 3996 3964 2810 4221 4667 2911 2539 4936 3122 2227 836 1105 1390 1439 698 4938 469 2019 2653 1786
957 3891 2649 2042 72 4897 2709 2773 902 3833 461 3265 999 2237 3658 710 778 2874 3627 1549 812 4517 4163 4632 232 1019 3091 3273 2985 1171 3323 4808 2225 461 4593 2286 4318 1382 2948 1505 4223 4137 2034 4679 3148 1683 4083 3683 196 3484 4243 3431 754 1023 4298 2547 705 45 3831 934 924 3206 2051 4175 4355 3394 4657 2478 4906 1049 4468 2587 165 4385 4935 664 1804 4676 3573 828 1027 4067 4480 4531 2957 288 2269 3641 44 1199 312 898 3616 165 4837 2524 868 925 778 241 752 1110 2055 4747 3309 4971 1580 1144 4180 1678 2624 2405 2575 2998 4679 414 4633 634 2729 4852 2859 3712 462 4285 3539 22 3795 3984 1731 2091 2412 3479 3871 3055 2004 4090 1031 249 2009 585 4213 94 1910 2512 4840 414 4199 239 981 930 3475 398 3366 2410 873 2920 867 1093 2489 1852 1307 2580 1839 4156 2676 2172 3657 4072 490 2615 2249 2977 864 3568 1425 3248 2853 4750 4478 3260 825 855 418 1284 2533 4630 2938 3942 608 3224 2653 4091 1415 589 4032 2139 2834 2068 3697 4983
4537 488 3730 4534 3758 1064 288 1638 747 1624 3879 2009 4332 2244 3590 4571 1505 805 695 1133 4434 1600 3739 1214 4697 868 2560 1063 1574 2168 2283 4008 69 3393 2286 2300 1893 3438 3316 3817 2560 1495 430 3848 90 1501 1764 3687 1487 3851 2579 716 2724 527 2133 788 4933 3434 4502 4337 3148 3654 2171 1123 3473 2243 2810 1115 2926 2156 4005 4331 1711 2531 865 1370 3450 3507 1675 3334 4719 2177 65 4018 868 739 908 4189 2653 933 4766 2443 2725 732 633 3199 411 1794 3295 4379 2333 4711 450 3036 3603 2718 2769 2295 2822 2480 3730 1130 4720 1009 2420 1723 965 4645 2209 890 1089 3271 880 1362 3699 1127 1886 2962 3920 1073 4663 4533 948 2826 1798 3677 4017 4370 2877 1548 1256 331 1867 423 1495 120 665 4184 2409 4588 2753 3746 2971 4055 2344 1533 721 2107 99 1044 209 2863 2165 1119 924 727 3267 3923 4818 3534 163 4364 3783 58 2649 4088 3357 2617 2857 2600 659 2520 285 315 2665 4525 75 790 1873 1919 2476 3093 739 2392 1777 4968 672 4021 3095 4813
2181 1107 1526 3982 4096 3501 3613 2196 4470 3313 916 3164 1338 2023 334 3649 4295 3939 1924 3829 2939 586 4880 78 3369 3449 4053 1741 3528 4236 3549 4888 3154 1877 4318 1893 4860 4361 3668 4996 1928 1693 4451 1799 3297 216 807 3601 1395 1427 567 1822 2901 130 1598 357 473 1704 4108 2607 3544 4680 3458 4807 3276 3107 26 3119 1499 799 598 4743 2262 3581 1036 4024 419 2139 2708 3322 4554 262 3850 683 1305 3562 3386 4220 1238 3956 1234 3854 1303 4234 2595 3152 2254 2222 3367 4018 2611 1518 2254 3143 3650 4110 4806 3415 502 496 2105 65 1290 4500 4173 379 1991 4812 4319 4322 3818 2515 855 4912 3627 4784 125 1809 57 242 1994 3485 2754 3069 3770 3920 3462 3900 4021 3864 3969 94 4747 4496 1972 4995 1204 580 2477 4483 3181 340 3587 2747 3594 4999 4052 4016 1074 3731 3711 1659 1405 10 1240 4033 4083 3559 1097 1368 4743 3223 2042 1966 3440 120 2614 2156 4527 864 2940 1132 94 1632 3923 4179 484 3269 760 3147 3498 2774 682 3844 284 2004 1373 1674 1091 594
4142 3059 2827 717 4282 3149 2473 1895 3740 3506 788 4792 3753 3875 4943 877 4095 2425 2080 3783 2638 788 3706 4871 4764 1871 2690 299 4583 384 4762 4772 3093 4791 1382 3438 4361 3494 4505 2311 57 4728 4409 132 4507 3451 3462 4446 4873 4409 3238 116 3514 2204 1270 3632 3188 3659 993 735 3022 1424 314 4484 3569 4256 1066 2236 4368 2269 2710 3294 2800 3761 3699 4065 2461 1018 4231 4926 4626 1136 3409 73 2118 2254 4517 421 3796 2342 4875 2492 4406 958 1024 4943 2453 2751 430 4770 3914 1121 1836 4546 2332 398 2458 1376 2437 1341 1169 1590 4351 2365 4388 1711 1499 1894 296 1355 1201 203 1622 4743 999 3912 1967 1173 2826 4664 4589 4787 453 3247 1134 3935 1949 44 4137 1500 4340 4705 3049 1420 2595 359 292 3998 3203 4382 3752 1256 1604 2581 2256 2041 4598 4604 4386 2985 2294 1196 1413 1753 3478 819 2479 3122 3942 809 611 2154 912 74 3731 2149 662 1974 474 2866 2733 4885 4900 165 3495 1980 2992 3774 1109 4345 1893 4430 4237 1927 4350 4523 1762 4921 3909 827
375 2140 361 1436 31 835 4166 959 2944 4574 16 4704 3213 289 3747 3744 3942 2669 4366 4720 2237 877 2445 2777 446 3441 4531 2628 1479 3676 1237 4353 1208 2353 2948 3316 3668 4505 4889 818 4495 1398 1800 2851 823 891 4149 3289 3017 2079 782 3406 3803 3470 3408 669 2803 905 2313 1098 1967 1006 3519 2715 3341 3593 3672 2380 4745 3087 1206 2370 1966 2342 1215 76 4103 4855 42 1855 435 187 286 595 845 2301 3554 25 3617 4917 1242 2262 1928 3495 3894 4931 301 4692 987 2202 916 2280 2127 1480 4425 225 575 3068 781 2838 4634 4113 3871 2629 1986 1368 4801 4999 2585 3670 3449 1612 1488 3521 4918 3716 4000 3677 1088 3998 2000 1199 3457 2732 3925 1946 3993 855 357 4943 898 3142 160 4095 1107 890 4045 3721 2229 4892 1931 809 4933 4329 3464 1749 2625 601 1571 1533 1657 1663 3465 2438 1504 4342 4205 2108 3902 4640 3164 1678 2303 1005 4262 4752 4090 3655 3315 1697 2399 1869 1251 1654 1322 2387 3248 4266 1059 281 4361 3009 4992 2168 3070 2229 2476 4266 4154 1715
4227 2964 266 1096 2569 4085 505 2831 2927 2760 4939 714 196 2819 2083 4784 2884 352 4833 572 904 868 3319 4433 3592 2996 4358 3114 3858 676 395 1927 3891 4407 1505 3817 4996 2311 818 357 262 4499 1256 4744 2954 3666 3611 285 413 900 2802 4198 882 872 3753 1526 220 4593 2057 3247 740 120 4350 4603 150 3007 2302 4855 3776 1221 3058 4523 918 369 4896 2662 3453 1804 1589 1138 4350 4386 3996 1895 2851 1243 1162 16 4379 574 1511 521 3498 3731 1167 4311 2435 2138 4366 1895 1934 1857 1708 4409 129 770 3669 4445 4994 4615 1079 2751 2733 4439 1826 466 60 3250 4238 3489 3712 206 2961 33 1799 1347 1662 2578 181 2848 4654 1549 3746 3509 4022 627 3548 2164 4972 4293 2129 1622 827 2309 4178 496 3933 1807 4778 2685 3365 1954 4225 4704 1555 3700 2592 2033 4239 1860 4632 1047 23 3634 903 477 3585 2501 1806 2551 3558 3285 2949 3263 2308 1102 3051 1986 3674 4594 1809 456 2175 3987 3963 1896 3840 3152 4381 3824 3353 1768 3788 517 4342 3741 2565 1776 2386 852
