N: 200
M: 100
Symmetric: true
Triangle: false
1 18
1 34
1 40
5 177 123 73 140 32
1 54
3 5 189 181
1 52
2 188 195
1 179
1 149
2 56 128
2 133 76
1 75
2 103 127
3 184 137 23
2 90 175
1 153
1 176
3 100 99 168
1 33
3 28 43 142
2 63 158
4 98 163 80 84
1 89
2 11 51
2 87 39
2 53 167
1 112
3 93 91 197
2 37 120
3 82 2 27
6 30 60 186 72 10 152
1 55
2 141 105
2 4 64
3 74 148 126
1 109
1 134
4 182 139 183 173
1 92
2 162 157
2 196 145
3 150 48 16
3 164 6 61
2 117 96
1 57
2 20 88
1 172
2 170 104
2 144 125
2 45 65
1 155
3 199 180 77
2 171 24
1 68
2 78 69
2 47 190
3 121 44 94
1 15
3 71 129 22
1 115
2 185 124
1 143
2 138 147
2 29 79
2 58 146
1 59
3 159 108 132
1 192
2 194 67
2 13 107
1 191
1 19
2 42 97
2 14 135
3 154 95 70
4 31 8 161 3
2 101 9
2 66 46
1 174
3 25 21 113
1 50
4 1 17 38 118
2 151 160
1 169
2 62 35
4 193 49 12 187
2 83 7
2 200 116
2 85 114
2 131 86
2 156 119
1 122
1 198
1 102
2 178 136
3 36 106 110
3 165 166 111
2 81 41
2 130 26
1326 628 2803 348 3690 4704 501 2958 2989 3251 2936 784 1283 3572 1734 3627 3350 4094 2859 1913 507 2635 1487 4517 1673 4623 3406 2695 2773 64 3197 1897 1739 1461 714 1886 4822 4385 1984 752 3264 3462 2207 4779 1766 1150 1375 916 3934 996 3689 2234 3310 1023 2917 2662 899 2867 3507 2843 4077 3434 2314 1193 2311 4165 869 2859 1855 3800 970 3463 3724 4640 607 197 3119 2531 4168 3490 2049 2124 1762 2179 2476 159 4868 4064 1095 692 4895 1550 4815 686 2361 1248 3372 4001 2690 4651 2710 3518 2961 3036 1672 2855 4257 3625 2936 3679 2774 4927 2621 3870 1210 2495 251 1732 3227 2673 3436 4218 4455 273 4688 4306 3928 3521 390 4595 262 635 2624 2574 4321 4050 2935 2434 637 685 4767 1934 1057 3096 2909 2125 3235 2532 2306 1043 692 1916 726 3784 3139 3688 3946 2372 3996 3448 2345 1719 4043 4157 229 4009 997 15 1776 100 389 3978 3633 2155 275 4444 3462 456 745 3518 677 1875 517 4791 1854 642 3726 940 2697 3997 4840 1568 2035 2004 4353 480 3834 2798 269 3092
628 2743 1370 4340 3330 4134 2372 2316 4675 2973 460 4619 498 4354 4967 2827 4567 2694 2151 4959 142 3561 1846 808 720 4909 863 166 2393 2401 4247 4004 1072 2602 2280 1755 265 3456 3047 1976 2431 1596 118 1197 4248 499 92 96 3368 1778 2332 160 4153 1893 1511 136 1216 587 2532 3015 2189 3340 4559 4376 4129 1382 4448 4336 4385 2221 522 2857 2955 822 3600 848 1876 2183 3787 1582 2884 529 1245 1299 2456 401 3571 2029 1859 2478 2195 777 842 3962 384 1520 3562 4215 214 2934 286 822 1757 4360 2731 2707 3627 4039 885 1120 2789 2141 1282 1477 11 3999 4318 1314 2207 1097 4010 4628 2905 4658 3493 2407 3286 554 3421 864 581 1868 4268 2092 2952 818 1943 1594 2194 1512 1991 966 2307 3415 2149 3752 4148 1361 1764 4047 3871 541 3614 4478 4284 2566 2793 3071 130 3610 4216 1508 4613 108 1794 3025 1479 3192 3825 697 4841 4067 3491 3646 2510 212 3573 812 4060 3442 50 423 4007 4032 1893 221 3409 2965 4662 2842 1547 245 1554 3777 1751 2273 2305 4377 2233 4586
2803 1370 4611 2539 114 3679 2488 3613 4192 2421 2811 596 804 2099 4444 3839 4544 2615 80 2888 914 510 4251 740 155 3866 3698 55 1465 1582 3959 4221 1946 3871 445 3830 2688 4934 3920 2232 1296 3059 518 1614 2954 2278 3433 4540 2760 938 936 3163 3644 937 2147 1296 1785 4543 2650 1276 3901 1738 4592 2272 4303 2674 4796 4644 2530 316 3702 2483 1486 4479 22 4559 1119 1037 1292 2878 278 3646 1278 2568 3322 1879 761 177 4633 4815 4110 1702 915 1906 1364 1240 3894 3967 2867 1986 4277 2609 2787 248 3229 1350 3225 3333 3718 4430 4198 3596 3684 2148 2202 961 2950 3426 2184 168 2928 4715 4805 3403 4327 4199 4443 1309 2197 1387 1597 511 4962 1018 4177 3295 4966 2265 2380 3735 2462 2162 3523 1248 1421 3538 464 3615 2167 1270 2901 3442 445 1843 568 1274 1928 1514 774 4569 4782 3083 3523 2929 3204 4072 2006 2116 1517 3065 2854 1645 2588 4016 2137 178 257 4781 1038 271 2273 385 245 4482 4576 217 1833 809 2888 3939 4679 1447 3900 502 4507 4739 3527 2985 2029 4945
348 4340 2539 481 3764 4140 4921 3240 3985 2547 484 4442 1226 4191 4811 3445 2136 430 1424 4740 907 1144 374 2697 3089 1896 120 3863 1139 2967 2750 3592 1990 3882 1118 4887 1807 4080 3435 4367 438 2567 1643 4212 1600 1109 4071 2070 218 344 4436 1635 3619 2502 4882 1671 1192 2803 941 2355 2397 1213 356 3202 4204 2886 4901 2647 3121 1053 470 3574 4048 368 1967 4227 4269 3094 137 1864 4360 4352 1723 412 2298 3514 2496 2654 2539 3554 3943 3836 241 3542 2202 3891 2500 1047 3674 4389 1495 3929 1191 571 4171 4869 4715 612 1871 2232 456 4832 461 3916 3821 3268 1212 2712 212 3721 3242 1481 4241 1524 3171 2597 2677 1005 164 1202 496 1299 1982 4262 133 4498 73 4987 2514 2135 4787 2303 3883 4310 1605 2952 4099 344 4123 4186 1491 4324 622 1848 1038 4973 1772 385 3899 449 3476 3176 369 2810 730 669 3917 1574 2092 1002 4408 3061 1885 2086 4901 221 3631 2707 3786 3641 172 3488 338 775 1537 1142 639 2607 2922 4385 3050 1406 3633 1447 1717 819 4293 1329 2145 629
3690 3330 114 3764 4870 537 3248 2042 858 117 2165 2333 372 3954 3544 3370 3324 1881 3221 4328 1487 2665 399 4786 3725 1806 4122 3858 812 4703 4175 2286 1707 1447 850 573 4608 884 4480 824 4540 3602 2078 543 433 4938 3322 4302 4040 3159 2207 3002 1598 1841 3499 2415 2758 3980 2255 1173 1157 3718 4450 3559 3457 4466 3002 584 1900 3545 105 3359 3676 567 3717 844 223 1111 2827 3632 1541 2573 4042 4942 1591 4988 1216 3334 492 1557 2922 3729 198 212 4635 2393 2913 1487 2914 2362 3501 977 3081 3893 2420 1987 3247 3734 3127 4504 288 4812 1747 3667 1535 1694 1314 2099 1809 4682 4677 1173 614 2805 1142 3111 1032 2161 2797 703 1335 255 3767 3270 4339 3864 308 542 3999 493 3584 105 3676 2178 840 4750 4947 2181 4667 573 3592 1884 739 218 469 1041 1934 3203 4880 3764 1510 800 4627 518 3043 1029 2520 3882 917 3096 58 3594 3943 3805 3530 623 458 2406 4281 4125 1188 4645 2561 2833 3070 1232 2355 4936 30 4380 2425 2626 734 4101 4497 3890 4121 272 1372 1686
4704 4134 3679 4140 537 1807 2610 383 4961 1359 3509 3561 2610 4215 1736 4258 3930 4864 2883 2267 4605 1991 4548 232 4588 2595 3953 1332 4813 4729 4258 4098 2004 1653 253 3541 2275 3358 4267 4524 760 4038 2891 268 4670 115 4630 3405 1490 4422 645 504 1381 3733 638 65 2554 1753 622 3045 3061 3714 3962 177 4839 3858 2135 1805 3161 482 169 4850 3595 4805 4434 1695 4462 2911 4325 4271 2711 4091 3917 1257 603 2365 3657 207 1592 1605 430 3941 2534 3478 4911 3382 2545 2359 695 3682 550 4775 3707 2920 2805 658 1363 3419 4585 3801 1355 2862 4408 849 3273 2618 1415 4210 596 4671 407 504 3285 754 73 4903 1620 595 1334 2171 2732 3337 573 3879 3382 4578 4382 3968 2914 2202 553 1982 1881 2066 4536 4970 2715 216 2387 4251 1815 272 2555 288 4363 141 428 225 267 4009 592 3218 1842 4929 85 4307 1217 2948 2943 1455 4301 1872 3666 883 4534 1193 2802 1052 3615 4632 1000 4356 2713 2114 2106 3967 802 4886 1126 3998 2919 733 3148 974 170 489 3077 663 4006 1181
501 2372 2488 4921 3248 2610 2962 808 4781 4653 3234 2731 374 3312 1149 423 2587 4922 461 3501 3974 475 3392 1864 4828 1471 4696 294 1347 3600 1867 1618 265 4307 3645 2533 106 535 4346 4681 3119 1910 3219 76 322 3540 2155 1356 895 2421 3348 1943 369 1225 3194 2660 35 3408 238 3148 2430 1001 672 491 4540 3747 1031 2799 3458 536 2289 2324 3943 153 810 1369 803 3352 29 1727 2520 4405 815 2167 2959 2238 861 939 3388 1268 3451 3230 1639 1311 2591 35 787 3741 2526 4673 1677 3883 47 3921 628 2015 1373 3329 81 2451 4785 1754 4407 3011 3168 1290 362 2482 504 4390 4210 4434 4065 1849 3025 1589 2296 3121 4119 3650 1252 3414 2627 4821 4746 3987 3230 2433 1832 4339 4925 4356 4689 59 4917 2982 966 1170 4361 2473 261 2590 794 3935 2412 3259 426 2224 539 3003 1367 479 4982 2099 3914 2503 984 2873 2432 943 2735 2453 1560 4686 4330 2355 617 776 4694 1509 3409 832 3978 1682 4087 3687 872 992 928 3603 1208 4584 1793 2767 14 4795 2902 2929 3213 267
2958 2316 3613 3240 2042 383 808 3200 2077 2119 2582 1635 178 3868 2756 2574 4117 2483 2900 4928 3558 2917 4384 732 1409 4364 1634 4576 4345 3175 4667 4920 4651 3421 4097 2005 1622 365 1368 35 3056 192 4749 1303 776 3043 2935 2598 3013 2538 623 3415 1179 757 3016 3816 1365 2084 884 2376 2702 4505 1597 3983 3364 758 665 1056 4540 582 4972 2296 1049 4348 3917 2289 509 548 3499 3243 736 4129 391 22 765 1965 4150 177 3643 80 3830 1320 170 1717 2914 3865 4252 841 4468 1909 2882 1140 928 167 2353 2238 1788 2770 61 3285 219 1809 4074 926 1994 3931 4295 2033 4376 3185 1289 4276 527 4215 4600 2493 1776 905 1715 3795 4756 4757 397 3961 1996 3078 684 3599 1342 1513 1237 215 3697 761 2567 2312 3376 3204 4066 3107 388 1503 3403 928 2259 1327 3681 1326 1911 4524 3362 4441 2357 1227 2686 1698 2806 145 844 1861 768 1210 2899 124 4142 4627 1247 1099 415 4302 4664 3189 3765 2984 2664 476 666 3377 2168 1969 230 3136 519 2438 3535 4554 3599 276 432 4137
2989 4675 4192 3985 858 4961 4781 2077 3268 1768 3060 2445 4010 4157 4833 2500 2754 4914 2267 1944 4334 1933 4357 4413 907 4473 470 757 2171 2017 4889 4477 2339 2454 3489 483 1724 2457 4128 3928 2594 1702 3666 2985 1888 2539 2250 1154 2447 3988 4250 4258 3944 4446 555 1737 4427 657 1428 4817 391 844 4598 872 483 3005 4959 588 1517 4514 1433 4825 1521 2607 990 4228 2337 633 3239 361 2459 3827 2669 223 4736 418 3225 2763 430 1205 3615 800 1327 3619 229 1347 1728 2741 3128 1432 4652 4707 544 802 2377 3417 3687 1984 806 4632 1801 4258 4492 1679 960 4361 1496 1723 1816 4949 2273 1596 2689 270 1922 3386 285 1071 4492 1806 878 647 825 2411 3630 1229 2739 2796 4045 3599 553 1673 868 4959 3704 3076 2150 2549 1070 4726 4686 1540 4503 3476 3023 2750 2242 1593 3852 4927 4364 3103 1058 4090 2285 2389 4432 4612 1729 3324 692 3179 2428 4866 3355 4305 2149 1366 2234 2847 3851 1265 1461 1511 2875 1508 3636 2952 3492 1452 4024 1316 589 2659 2205 2801 998 708 3129 2383
3251 2973 2421 2547 117 1359 4653 2119 1768 4697 1496 4373 3687 2785 4531 4981 3620 1813 3359 3533 2473 28 1469 1305 3882 1370 2315 1467 2187 3125 4471 2501 4474 4829 4766 791 1960 2302 166 4457 546 4341 77 3678 1931 1063 4020 3998 3217 4820 199 3631 3357 594 4498 2277 1688 3574 4393 3639 4963 2829 445 4196 1333 3003 1216 1432 947 2974 1212 4222 1243 541 2902 2026 4331 2644 2338 635 4449 4504 1063 4921 1691 1880 4160 1916 3012 2618 3465 2963 648 3624 2555 3379 272 2434 1348 3024 4810 4653 926 4143 3829 3790 2172 3738 2383 4887 3842 4514 3317 3681 4682 2076 1974 991 1277 3022 4813 1741 4329 626 2396 899 999 2060 3478 1611 2414 2598 2549 585 3177 947 1310 546 3339 1888 3687 4931 4569 3943 1929 2521 2674 4289 2661 1926 2658 1706 4182 1113 4013 4147 2979 360 600 1799 1518 3083 3137 2287 774 3618 920 1377 1786 1150 154 212 1473 2547 986 3079 1716 219 3915 2785 4135 231 82 166 4761 779 3080 3648 1018 1738 619 3472 2021 3070 3811 1680 2868 2388 3470 347
2936 460 2811 484 2165 3509 3234 2582 3060 1496 666 1202 3779 1841 3455 4204 4677 455 2214 2271 291 2877 3626 1243 2919 3541 3159 274 1485 1577 3609 1061 4509 3193 2508 527 567 333 2815 350 2121 1709 4348 2593 814 2036 740 4303 4038 3027 1974 3163 3289 3420 4799 2715 2325 1616 3165 100 4885 3568 389 1385 1659 3547 4866 3466 2255 415 4242 1804 4549 4455 1691 773 1027 1670 1461 3887 4053 1510 3787 931 3694 4096 994 4996 559 120 2641 1896 4652 3706 4694 3933 1531 4750 4708 3612 1306 2243 575 901 2057 372 2797 1668 4056 4373 1245 878 1613 3564 2406 356 4910 1039 1941 3528 1831 569 4482 180 1976 280 2244 4484 815 831 1758 4463 892 3160 4612 1699 1363 1857 2083 3047 4545 4877 1914 1683 3373 4301 3262 3351 2019 2046 533 4426 1189 3192 2913 877 478 4353 3687 1870 4632 1056 1564 1428 2381 3993 1614 1050 2716 2362 4703 2489 1735 3346 219 2578 2192 2984 1208 2555 3157 1041 3727 2634 1937 3317 837 4866 2806 4102 3277 1907 2814 4791 4478 470 2328 3450 1744 1066
784 4619 596 4442 2333 3561 2731 1635 2445 4373 1202 1521 3468 4142 3518 3797 2046 4939 1595 1253 1045 4721 2741 321 2200 458 1897 4174 3825 2337 4606 2853 1477 282 1210 4825 3093 3809 3722 4133 19 3227 4875 2963 2541 3712 1769 1472 2877 4911 4003 3906 3757 3581 3158 3057 3029 1247 35 1010 2157 3956 3132 651 2907 4169 1208 777 1633 2587 4712 726 1759 2154 4946 1794 3531 3642 2308 4977 4266 2399 2740 672 4144 2362 4585 2529 2836 1398 83 1392 3169 1302 3853 714 3206 4842 1739 1660 1291 1589 684 4106 4733 3684 3324 896 3292 2579 3252 1220 775 1257 1214 280 160 1064 4523 4313 944 2646 3181 3595 265 410 2202 1674 4540 3527 1030 2540 319 829 1076 1857 2356 2071 1717 4647 4898 3921 720 4878 3249 81 2347 3664 3074 1377 4349 534 2167 1756 2780 3296 297 3837 967 3005 439 2807 4943 31 409 1360 1322 429 2722 417 3733 1535 3840 555 3457 4203 1767 2974 3013 2845 2153 1591 2717 3946 975 2398 107 4098 3900 2653 3319 165 650 1140 776 1638 3741 381 2445 4013
1283 498 804 1226 372 2610 374 178 4010 3687 3779 3468 4152 3109 4686 638 1460 4466 1758 1976 1244 172 1601 2327 1657 216 175 192 3557 2698 2284 4281 865 425 3122 2347 3131 4003 2217 2702 2646 1745 542 2829 4672 4906 2371 3701 2965 364 2793 4480 1469 3448 1084 2142 4417 679 1634 810 3876 763 4018 1822 3771 1999 2447 2762 3879 3099 798 546 4385 4691 1221 4488 3808 1836 3831 2413 3248 3917 2985 19 1773 2175 2642 1081 3216 2534 3611 2937 962 3747 2208 4114 3818 2287 4140 3190 2317 4217 2023 2938 1191 2645 1932 75 525 3526 2928 2055 576 228 1617 1461 4669 137 4527 2882 456 3757 3268 3910 4912 2181 130 1407 4888 4222 2320 4630 3049 2857 3913 2675 877 2323 3576 1580 3039 4705 29 1553 122 4593 1806 841 1147 3009 1403 1027 2363 1974 4604 1070 3599 1353 3184 3576 2193 35 2351 1400 2951 3439 1746 915 4473 788 4227 3461 3282 4782 416 1783 417 2807 2739 3983 4424 2784 1455 572 3914 1959 3030 2358 2540 3141 3744 1089 3611 2963 638 1168 503 2060 2227 3313
3572 4354 2099 4191 3954 4215 3312 3868 4157 2785 1841 4142 3109 4852 2248 3903 3722 995 674 1156 1319 1417 2707 2363 4675 4101 3549 4370 2275 2916 2427 2300 261 344 1120 4343 4378 3029 343 1749 679 3260 1984 2200 434 4446 2916 1301 3042 4970 4460 982 2323 2466 2532 4300 1971 3668 578 4530 4666 602 1390 3026 323 2682 2193 3325 2453 2036 255 662 4557 1389 3245 537 3755 1840 1797 3461 2364 3314 2660 1530 4327 4825 3465 3451 3575 2019 4922 2912 1651 193 4145 2013 3430 27 3200 121 191 1746 3943 4089 3518 3540 576 1445 2057 3571 1732 2077 2930 3205 3857 605 2196 844 3168 2200 1442 166 2772 1240 2418 4767 3964 2193 1558 1083 4833 1254 4850 4951 4511 2948 2657 349 4011 837 435 2465 234 505 4427 2967 3597 1138 668 20 4279 4544 1141 2320 4563 4884 2786 4098 2508 2783 1464 3141 3272 2838 4180 2816 343 1427 2847 3551 4299 1982 218 2696 4047 1492 4864 2789 3651 3572 2707 3852 3470 3109 1033 4605 4511 4814 177 1502 1978 4279 3914 4291 1330 184 4184 3260 186 3540
1734 4967 4444 4811 3544 1736 1149 2756 4833 4531 3455 3518 4686 2248 3344 2325 2070 972 457 1848 2709 3447 4302 632 3738 4680 2922 2585 4721 397 3638 92 812 1347 142 2614 492 632 1294 1985 3401 807 3788 3138 858 4283 4118 2009 3944 527 4586 1798 1551 4582 525 3026 1273 73 929 374 1034 3236 4968 396 913 4617 1120 4086 669 3310 600 3221 1632 3331 3679 245 58 2285 877 1429 4471 1098 4629 4818 715 3043 928 2675 1122 1424 760 808 4706 1397 4828 2920 4846 1689 3121 2463 586 268 1920 3661 4963 4051 525 2241 966 3816 2661 3933 1487 4548 2327 4552 30 2268 2198 2341 4994 3809 1932 566 4832 3267 3952 2460 3403 1765 1917 4504 283 234 507 32 2867 2546 1820 3173 4401 2980 1850 3856 952 2937 1482 1269 701 1117 165 131 965 2054 4336 620 4495 4390 148 821 3880 2077 1995 2962 303 1265 3271 4781 277 2449 378 3070 2571 4965 3099 2052 1099 2410 634 4861 4370 3422 1375 4047 2297 2486 3213 1260 1697 1148 1821 1506 3674 4398 3728 4237 1814 3619 2247 594
3627 2827 3839 3445 3370 4258 423 2574 2500 4981 4204 3797 638 3903 2325 3614 4243 4646 2891 896 38 2595 4174 2988 1898 779 1857 4851 821 1974 3658 154 1487 1904 31 1270 1298 42 1690 598 3939 2685 4251 4271 1069 4359 2496 1740 2169 2536 4545 4600 1035 3502 4245 3734 4350 4944 1625 3810 4797 2635 4972 3361 4048 151 294 359 1410 1846 4496 2970 1917 3547 504 2743 4877 483 1325 680 3690 759 4623 537 2295 1793 1262 3333 4258 2523 3084 4386 4983 2459 2008 4168 4624 4578 3634 992 2064 2499 439 1854 575 999 4518 1257 2901 1422 4019 545 4284 1540 1361 3537 985 2918 3873 2093 2041 2549 1557 2164 1941 2223 666 2224 969 3969 4663 277 469 3172 579 1937 2979 4945 1330 1312 1527 1553 2509 4912 4065 4431 1535 1023 2129 1299 2158 4829 4965 2181 2416 1476 3848 2874 3855 920 4609 3067 4052 3303 4461 2058 1091 4432 3414 4687 2847 4880 2094 2519 1957 4971 81 4545 2726 2574 2471 1100 3700 2042 3818 2508 1370 4597 1117 1496 2452 3325 3758 3437 4302 2996 3874 2476 47 2358
3350 4567 4544 2136 3324 3930 2587 4117 2754 3620 4677 2046 1460 3722 2070 4243 699 1341 397 1766 2287 750 94 266 796 4072 662 2645 983 1788 4363 1792 3762 237 4127 2021 3464 1613 1479 2245 4256 1411 4604 962 868 2688 828 4170 3412 182 3791 4979 2316 3284 3456 3269 4646 4582 724 2073 38 1859 3593 2573 4220 3787 3073 4700 188 1809 733 4851 3831 2562 4316 513 1213 1689 4069 1980 737 1189 1493 1689 242 1318 644 1481 2109 2454 896 1632 1849 2118 174 3226 1796 4749 2758 1794 3558 3625 4633 3967 766 2783 4220 679 2037 167 1806 3667 527 1417 2854 1199 1880 3759 4452 1300 2934 2535 913 1567 3336 2284 3688 4503 2944 3394 2018 758 1401 3210 1211 4400 4971 4989 1405 4034 3654 289 4160 3488 3493 370 1721 1332 1823 2122 3244 4462 1799 725 2833 1398 3465 2783 39 3472 1006 4606 1756 4281 4168 880 3511 2665 1278 3416 4751 1683 2598 4082 2142 1311 120 4765 4560 3283 282 4601 339 4059 4664 1174 2913 1171 3362 4543 495 3043 2984 1840 3382 595 4426 3227 4594 811
4094 2694 2615 430 1881 4864 4922 2483 4914 1813 455 4939 4466 995 972 4646 1341 3970 3573 4723 4061 340 2148 4126 948 1775 4727 3199 4532 3544 4032 740 16 1803 1630 3824 3092 2386 2365 4854 4982 428 657 2263 1659 3812 2814 3749 1197 1065 4096 3798 3836 1798 1672 4812 3327 4628 1049 3935 1172 385 1803 469 4663 3913 1454 3417 270 3587 4734 83 4242 16 3700 3271 2701 2255 4719 1316 2891 2659 3725 4840 2042 1534 4283 106 761 2366 1336 3475 4039 4370 3267 4742 3147 4592 4606 2089 1156 1997 1292 4538 4474 1135 260 2570 1404 793 4973 941 3373 1782 4882 663 407 4583 1549 1806 1811 2939 496 2806 3604 1750 2756 3119 4366 3095 4953 267 4305 682 81 3977 4836 2461 2672 4802 2259 336 2046 4705 729 3585 4474 1112 4369 4727 4582 4554 4839 3621 2569 2345 3306 2973 67 1894 1626 3309 1308 2060 3812 1549 3804 4651 238 3463 2348 3105 2927 4402 283 4854 2576 4967 225 331 3082 1073 2918 1653 2475 342 4326 1923 4730 159 879 395 2891 44 3159 3940 1996 4267 2714 2200
2859 2151 80 1424 3221 2883 461 2900 2267 3359 2214 1595 1758 674 457 2891 397 3573 1021 2920 4433 12 2465 1846 2378 2128 3598 2106 3407 3247 555 1259 4324 2017 4425 3244 3663 2483 1652 2015 2996 824 4209 4350 728 3479 623 2796 4424 3452 4469 4085 3994 967 3457 1210 4173 3065 4321 2856 4821 785 1841 3013 2741 1113 2412 1263 648 2189 1939 1410 818 4260 4184 1407 4782 4004 1602 2500 2460 4493 3783 3785 3199 3512 3094 2956 3683 4719 2404 1878 4132 4588 1289 1569 3561 643 2569 1316 792 1376 773 3465 1071 907 3132 1510 4304 3690 697 2735 12 4838 3459 3937 1273 3644 1357 4023 1948 2173 973 1867 16 1154 2942 2768 2091 409 2732 716 1505 2260 1808 3489 4292 2812 475 780 3105 3268 2645 1764 2131 3300 2038 2229 3803 1411 3920 76 3953 4611 831 1973 410 1232 3231 2759 1662 4569 3873 1146 2467 4502 3093 1831 3908 3114 985 1306 3983 44 2772 4492 1515 2919 3362 4241 2796 4581 3798 4324 3834 1511 3687 2302 1930 1623 1146 185 619 4396 4028 2733 921 2185 2491 4210
1913 4959 2888 4740 4328 2267 3501 4928 1944 3533 2271 1253 1976 1156 1848 896 1766 4723 2920 3078 3236 884 3753 1697 1388 1790 4744 3086 747 4703 1903 1432 2231 3429 3615 1403 303 4588 4215 4910 293 170 1784 395 4686 4538 4716 3655 395 2739 4332 583 915 1947 3848 4588 3779 2268 1078 4842 3094 1455 1636 4593 239 3253 2717 3673 4287 620 2500 3473 4368 3476 2894 721 2353 3632 3836 1575 4381 1743 4261 1044 2135 201 2303 1599 3988 4223 3264 4199 4380 2510 1281 2271 1714 4271 4189 1460 1405 4338 3343 84 2234 3658 3279 1925 2160 4047 1944 4343 4223 2503 1997 3867 2003 1702 4603 3679 1280 910 4488 828 300 1605 1416 2142 1915 175 3106 2967 4320 416 4105 4744 4685 4401 1191 535 3799 3748 4517 2470 2422 1077 3490 4272 3754 4478 2888 4576 1600 1361 1937 641 856 1344 4074 4272 3190 18 74 759 3574 3760 1936 2262 3655 1618 1170 3785 222 806 1561 4581 2207 2522 4373 316 2758 2551 4942 374 3733 1589 2758 1303 2662 1857 1064 274 4680 3463 3828 417 4001 1819 3363 3590
507 142 914 907 1487 4605 3974 3558 4334 2473 291 1045 1244 1319 2709 38 2287 4061 4433 3236 1414 319 2884 3893 4580 3266 1027 1741 731 2590 2144 2220 2754 20 989 1309 3656 2345 322 3262 4640 2184 3514 4128 160 1074 3356 129 4743 4972 2479 4951 1753 3894 1149 1948 1873 1594 1166 3052 13 779 3347 4729 2714 3977 2152 3021 3637 4885 1976 2694 891 854 1135 1678 4999 1868 1314 2071 4358 3186 2354 1037 939 2149 1919 1404 1800 4399 2073 1142 4525 3830 1766 3533 3437 1619 863 2524 4206 3796 4019 3467 2600 314 4878 3161 705 1314 3653 2557 2634 977 4602 2930 3141 1177 2214 3282 1713 4157 2488 4015 2537 40 4394 3195 2877 1742 1450 2629 1571 4850 3602 2545 1392 1715 2753 465 1909 3874 4743 4316 4605 4637 2285 1633 836 1210 4178 3453 635 4071 637 358 3189 375 2598 3199 4190 4678 382 3766 4048 4896 3192 2119 529 4276 4675 230 471 3996 91 3898 4062 175 611 4401 4422 1670 3008 1846 4966 327 3228 2848 4595 4058 1561 3370 2312 4242 4987 4867 2872 2532 1384 748
2635 3561 510 1144 2665 1991 475 2917 1933 28 2877 4721 172 1417 3447 2595 750 340 12 884 319 2771 2953 544 3728 3118 1619 1344 3111 1581 443 3524 4793 3619 1573 359 4737 4938 4973 1420 1352 3605 164 382 3530 2491 2018 1566 4782 1502 124 4352 4369 594 721 2734 525 2041 4137 3313 3006 4441 537 2286 4165 44 2097 1700 980 1640 2673 4767 1157 236 3759 3730 2193 4889 2582 3435 2711 4728 1432 3832 2974 2065 272 58 1013 106 436 2995 448 2474 2604 1532 4760 4198 1657 4112 4378 2853 1749 1471 1563 4663 669 4749 2907 2848 549 4014 4044 3495 2493 1519 2381 1469 3685 2725 3634 4723 3503 4002 2308 2370 1267 1546 3746 1954 1390 4236 4721 1280 4978 772 3578 4934 1653 3708 3405 2506 3858 1580 4504 724 2700 2554 855 1347 639 2739 879 1541 4055 3923 4455 2002 4710 4299 4682 2939 709 2243 2144 2935 1359 4625 2999 3206 4203 362 4669 4050 1830 3874 1707 1638 2878 320 3739 4917 967 2504 2738 1258 3628 1445 3338 3599 4201 4622 4151 3089 4995 243 940 886 3081 4174
1487 1846 4251 374 399 4548 3392 4384 4357 1469 3626 2741 1601 2707 4302 4174 94 2148 2465 3753 2884 2953 638 2431 1969 1885 390 3337 4813 387 2840 700 1452 4178 1072 3609 2618 4903 3313 1344 4171 4231 3348 3741 4089 4166 2129 237 4746 4788 3210 2216 478 369 3833 4852 1342 4399 371 4213 4759 3793 3715 787 883 3302 4121 3954 1369 1433 3956 3153 2702 2765 3723 3273 1319 2222 1677 4107 3287 3725 1424 4387 2900 1758 2267 1464 4693 1720 3811 4273 4238 1737 1145 3536 4265 3551 2087 89 4355 1133 2220 45 4618 3512 4526 1838 4281 1458 2652 3486 1931 4922 1893 562 3352 4483 4541 4556 2884 2930 3786 1835 3666 3381 3925 2775 4439 2406 743 4534 1268 100 3238 2807 1637 926 2267 4934 2838 298 3285 2568 4775 3339 2592 4134 829 3579 1513 92 1888 4590 3239 247 3894 3397 4094 4727 2121 1862 4199 1094 3629 45 987 1903 233 2456 1674 4402 4243 1378 1674 1382 2388 768 4031 4898 1076 1852 3548 2368 3251 211 1919 4875 544 244 3878 1453 1449 3556 1010 1182 2341 4064 4712 4987
4517 808 740 2697 4786 232 1864 732 4413 1305 1243 321 2327 2363 632 2988 266 4126 1846 1697 3893 544 2431 1963 1753 3125 1455 922 2842 1205 783 1860 4259 4867 1839 179 2303 761 4415 2700 3290 959 2401 2039 182 1355 3327 232 1566 1921 1773 4779 555 2754 4121 613 1177 4013 1593 592 2766 1186 1795 3331 3936 832 4875 4366 2260 3375 1021 3457 1509 2121 944 119 3835 1762 1702 1818 1670 3124 2272 54 1488 3771 2055 3042 1036 3553 2866 2295 2604 153 3530 4723 78 572 4501 940 24 2305 3624 27 2623 1668 4031 2344 1383 4014 2595 4264 1950 3806 508 3300 1141 4012 4479 1131 116 258 1893 4037 4265 4486 463 3505 1865 2287 1627 596 3565 967 4197 989 3792 4732 3230 4512 3462 4516 248 4010 2999 3576 4429 2294 4107 1583 4455 4886 1851 1777 208 1149 1613 2409 2823 2700 3091 1872 467 4316 861 983 3284 3659 373 3553 626 831 3319 1849 149 4159 1376 2947 3084 1757 4604 4557 3407 842 3577 3218 760 3928 4261 745 1392 4281 1160 4990 653 3132 3404 483 4194 3781
1673 720 155 3089 3725 4588 4828 1409 907 3882 2919 2200 1657 4675 3738 1898 796 948 2378 1388 4580 3728 1969 1753 4212 3362 654 4434 2303 3903 3608 2350 1805 3572 2354 1318 3813 1834 2449 141 2725 4190 1930 3184 4516 1633 432 4517 3365 899 1111 2331 540 833 2530 4513 330 605 4573 1924 413 1499 1351 4272 4496 1829 4952 341 2553 4140 3142 911 966 2933 4197 1820 1932 3904 707 4709 681 2131 4585 2664 753 3510 4786 4854 3674 891 2180 1624 1682 3212 1510 3766 367 1602 1112 4088 1022 2272 4763 1392 1236 2174 4206 1404 1167 566 4519 3940 234 2594 3506 1864 2662 1576 4434 3221 2071 2492 1078 3037 4168 1267 1111 874 2650 2992 3564 460 3382 2583 2380 1782 2280 4108 1579 2957 4300 1736 3592 1597 1065 3500 1439 2413 1492 3290 3740 1000 2474 743 2965 3848 1282 1113 814 4601 1678 4688 1647 2122 1874 2322 3979 4347 1316 3037 3155 2505 583 3927 871 1657 771 4589 490 3613 2310 4762 145 4040 1013 871 752 4264 3463 2875 3549 2197 2238 208 2075 2510 2240 3806 3671 3103
4623 4909 3866 1896 1806 2595 1471 4364 4473 1370 3541 458 216 4101 4680 779 4072 1775 2128 1790 3266 3118 1885 3125 3362 440 562 760 1683 1520 4517 1578 4317 564 3199 3496 1483 449 1203 1906 1602 718 2798 3692 4412 1348 4274 4136 1958 843 139 4192 4221 849 1968 1469 4539 4789 3313 3759 1830 2999 4947 3565 3470 2133 1722 560 3075 3857 1036 242 2685 443 2030 186 1663 4825 2731 390 3940 3706 329 3685 228 681 3129 3991 2937 4125 119 2353 4879 4971 2897 4971 3161 2505 4188 926 517 4524 4569 1319 4174 3395 4228 1115 3195 2063 91 4434 963 2318 253 237 3354 1452 887 3176 3945 379 3706 3075 3852 3464 4867 2021 4322 2069 1660 2941 2369 4153 12 4987 2571 819 1654 1633 3523 1723 807 3067 3864 335 529 4168 1908 2845 2751 1990 2090 1070 4627 3077 1903 911 2480 1876 1660 3932 340 1663 2815 1216 4971 2477 3335 2502 4563 618 3906 3114 523 3449 4561 3088 39 2981 3820 3275 4595 2301 1011 644 1743 4713 1904 4506 3731 3705 1264 161 2044 1771 1999 243 4468 3102
3406 863 3698 120 4122 3953 4696 1634 470 2315 3159 1897 175 3549 2922 1857 662 4727 3598 4744 1027 1619 390 1455 654 562 2676 765 2918 2453 4804 173 208 1530 3809 2344 1516 4490 647 4957 2881 3846 2166 120 3956 179 1291 2393 2590 3466 2919 3678 4406 2045 917 2846 2072 3101 3300 3934 1537 2267 623 1881 4357 505 1246 4821 3466 3049 3844 4231 1568 4834 699 345 2483 920 4357 4729 3310 4422 1332 1883 3597 2541 4759 1302 2994 179 15 3881 3853 1916 4456 360 4024 58 4852 404 3245 4007 3908 4830 1758 1326 3240 4416 858 4675 4648 942 4589 2204 1587 1087 4722 2854 1807 336 1805 1100 4891 3253 1103 2206 2091 1859 4150 1098 3450 78 1450 4537 4883 2076 4872 3126 2665 998 1074 3412 4063 3174 2966 1380 1711 324 815 2620 1072 3400 4589 4517 1615 2088 1350 1171 3502 1596 2330 193 2445 752 395 1696 2705 2272 765 4994 4282 71 4981 2311 2514 744 2133 1543 184 1216 3968 2249 1205 3466 3757 147 2253 4756 2256 218 812 607 2531 2182 4754 4689 2510 2135 780 1496
2695 166 55 3863 3858 1332 294 4576 757 1467 274 4174 192 4370 2585 4851 2645 3199 2106 3086 1741 1344 3337 922 4434 760 765 3887 4842 3653 145 1352 3794 2976 1267 4751 4994 3989 1746 3452 678 4682 1928 971 3323 1903 1806 1599 1269 3647 3679 2488 4761 3498 4794 4168 1472 2684 3868 785 2453 102 2817 1533 3187 4694 4359 4301 996 3022 2747 4755 290 1876 446 2242 1354 4041 1040 2640 64 1045 1082 4508 1195 569 1631 3782 1459 1499 2743 2830 3286 3957 1590 2693 1787 2372 318 1458 4508 3986 3635 3532 3027 3463 3521 2276 2296 1974 4304 2717 2742 85 2082 1987 1526 1388 2364 4869 2024 1139 823 740 1459 180 1375 451 1149 1889 3432 4529 957 178 3472 839 963 1425 234 300 1065 2413 4724 421 3340 3145 2468 2242 3740 609 2544 543 3976 3590 585 1487 4910 2070 2292 3490 720 3946 711 2240 2743 2750 692 3690 1544 1309 594 57 3116 2474 4059 4771 727 3795 3446 2458 3071 2545 4803 1433 736 4570 242 2530 3662 4155 924 2901 758 231 4343 54 2282 956 2226 4775
2773 2393 1465 1139 812 4813 1347 4345 2171 2187 1485 3825 3557 2275 4721 821 983 4532 3407 747 731 3111 4813 2842 2303 1683 2918 4842 1948 3578 761 4439 339 4636 3911 3736 320 4185 2081 3331 4860 1133 3455 3627 341 4737 3237 3289 4309 278 4331 2107 1543 3687 2551 2515 2901 2957 343 4305 871 4969 922 3164 1440 3275 413 4533 4636 1342 4538 4339 1185 3977 3237 2136 1056 2467 1802 4560 4041 2075 1831 1064 2902 4949 4673 1801 4443 3777 391 20 2539 462 732 1326 3458 4294 58 2204 3999 1513 2485 2076 2936 2097 3393 1402 1893 3006 3501 470 2164 4714 3941 1795 4355 1965 917 2475 4961 3350 4221 4526 3372 4585 444 1047 1800 609 289 2524 1194 2719 2624 1027 3132 58 3748 1457 653 1301 29 802 4907 2679 2929 3888 1908 1774 109 3520 1122 2621 265 2796 3076 1484 2347 2094 2947 1815 2699 1381 536 4163 4673 2295 4305 3628 2087 2784 4284 1609 1149 2885 2777 3134 2975 1711 1282 4142 366 1698 1704 3342 3450 3051 3888 1356 4219 2648 1532 1971 931 1148 3173 1138 2818 2058
64 2401 1582 2967 4703 4729 3600 3175 2017 3125 1577 2337 2698 2916 397 1974 1788 3544 3247 4703 2590 1581 387 1205 3903 1520 2453 3653 3578 1744 1293 4572 3810 2423 57 2697 4399 3274 2661 1235 2650 3169 1628 825 2198 3441 1324 559 2823 2627 2674 2537 2181 2598 2538 1899 4382 4610 4863 1045 2067 2730 1614 3805 1100 492 3420 3328 151 201 494 535 2668 4177 2208 3854 1075 4806 423 3058 2281 4700 2629 2407 178 375 2868 4760 4515 3252 3246 3760 2067 601 2254 2358 1265 1272 3784 1032 4860 769 1734 3096 4960 4034 665 3189 2519 2318 2216 203 4612 700 3817 1482 1395 2607 471 3872 2998 4462 1152 4164 1970 3754 4662 2604 536 1206 890 131 2718 773 935 485 1998 2679 683 4335 3838 4861 763 1212 3818 2253 759 1907 1293 829 465 4120 3893 809 4158 4331 1437 1692 2213 833 1968 154 3197 3110 3693 103 2319 1977 1121 3332 2690 523 315 2419 4215 560 1238 3686 12 2735 3441 2305 539 1187 2612 2316 3825 3903 4897 4170 546 255 1076 2987 1600 827 55 4914 212 4538
3197 4247 3959 2750 4175 4258 1867 4667 4889 4471 3609 4606 2284 2427 3638 3658 4363 4032 555 1903 2144 443 2840 783 3608 4517 4804 145 761 1293 3364 1944 134 2660 1762 3712 3990 2123 1285 2824 4129 393 2573 1515 3373 1040 3530 3762 1634 3854 1385 2118 2770 441 2034 4878 2596 200 2013 4810 2777 3618 253 569 3486 1909 2327 1238 868 3803 1244 4629 4600 2251 498 2225 4702 4998 176 972 2338 1893 1472 3673 713 1590 3155 806 10 829 1255 1219 3652 1073 2617 2494 2599 1339 861 2359 2168 3278 2830 2522 728 4938 3413 4143 3022 3417 4996 1857 2229 448 4857 2474 4296 3662 1699 746 1560 4795 4639 4207 3711 1770 1362 1430 887 1382 317 3098 3205 1628 551 1480 1913 3532 3689 3121 4982 3715 2138 3210 4144 1206 969 406 4998 3025 3143 1345 849 1955 4409 415 3536 1587 857 3307 3804 280 3210 2015 1881 4745 2317 3459 2696 2765 848 715 792 2570 4972 2266 475 1806 4047 4067 4593 3134 2779 3541 159 4873 2344 2707 3889 2543 1676 1660 2807 1348 2905 3119 894 667 3488 3788
1897 4004 4221 3592 2286 4098 1618 4920 4477 2501 1061 2853 4281 2300 92 154 1792 740 1259 1432 2220 3524 700 1860 2350 1578 173 1352 4439 4572 1944 4988 3028 3390 3775 1850 3396 4132 4823 3766 996 3371 1892 2394 306 835 401 38 2299 1800 31 2682 1488 2252 2781 734 448 4576 3980 3036 2057 3026 4949 1058 3972 2823 4016 1850 2274 357 3651 4678 1310 524 3936 3505 1080 4874 2489 3080 4409 1684 1629 2834 2527 4450 1548 947 336 1481 4919 1968 1505 1894 1007 2037 2162 2290 3535 1666 2825 689 425 696 1105 4233 3160 3107 3077 1780 3603 2230 4693 3447 3726 3802 4431 1648 1271 4621 1914 2309 4604 3109 1327 4119 1160 3951 4152 3105 1059 1910 4010 880 4249 4784 1973 3558 44 4061 911 1310 1624 3753 3819 514 4004 2321 3507 3195 3864 580 4628 3478 3655 4260 2708 4658 820 1990 4540 1237 1529 4812 4496 102 3945 639 4988 720 1722 4960 3034 3824 4154 1328 3473 142 1477 3306 65 2984 4301 1433 3030 3317 1339 2306 2574 3838 4800 1259 4535 1668 2552 3901 1512 2098 4215 1863
1739 1072 1946 1990 1707 2004 265 4651 2339 4474 4509 1477 865 261 812 1487 3762 16 4324 2231 2754 4793 1452 4259 1805 4317 208 3794 339 3810 134 3028 4588 4591 71 783 1582 4939 3224 4941 4980 3419 3986 2531 3746 1942 1454 2735 3608 1695 2455 2290 3220 4803 2352 3611 3330 4757 1429 4847 4366 3168 1620 4937 355 526 4917 11 2325 3339 1452 1119 82 3841 185 1465 1997 4185 2784 3626 2722 1221 4393 855 329 4220 3348 2408 91 170 1272 446 743 4028 2823 2255 4096 996 2196 3901 3308 416 4417 1547 2008 1049 826 3408 938 2791 2937 1774 1703 3098 4192 4961 4961 1175 1963 3460 1352 4011 715 2264 2501 186 830 2122 4834 3212 1478 688 4426 4843 661 2945 3798 2472 1441 2122 2909 3208 4345 4373 1023 2008 4855 2778 1474 4201 919 4783 1040 3187 1878 1530 3031 4844 4427 1214 2718 3674 1502 4465 1724 4605 1553 3376 1581 3868 3515 3883 3207 1791 3795 4545 4965 3955 2374 2103 4735 4110 4329 1494 1987 1777 416 4144 3736 2094 2589 4973 2102 3375 2475 4030 2393 3427 1144 3920
1461 2602 3871 3882 1447 1653 4307 3421 2454 4829 3193 282 425 344 1347 1904 237 1803 2017 3429 20 3619 4178 4867 3572 564 1530 2976 4636 2423 2660 3390 4591 1176 3184 4909 1942 231 540 4398 1544 896 107 1497 2680 1617 1320 4601 443 3645 3739 2881 4410 200 1130 1819 4953 3811 459 1240 4969 686 2488 1963 3996 4345 2353 4256 4272 1858 1340 1305 2233 4242 3324 3819 220 4724 4606 1066 912 3081 4145 171 3413 4948 4450 1763 4881 4646 3931 4703 3334 3250 2752 776 3282 3078 971 3955 3907 417 1084 1477 4057 3667 805 1521 202 2113 1071 2740 2393 421 137 2993 3653 3768 1030 3577 3398 43 295 532 2665 1918 618 1405 4446 3841 952 495 3818 3927 402 2937 4736 544 3634 1125 4037 2189 298 4428 3221 3723 4236 3817 2945 3684 104 1085 1486 2483 2514 1765 126 1735 2416 4031 1871 896 3626 4749 4282 3079 3688 12 4725 2707 1881 2862 1691 4627 2145 4189 1840 4724 3020 4897 1735 1462 951 1318 366 1331 906 3641 3786 1951 188 3246 3916 3355 863 1880 3078 762 4348 3927
714 2280 445 1118 850 253 3645 4097 3489 4766 2508 1210 3122 1120 142 31 4127 1630 4425 3615 989 1573 1072 1839 2354 3199 3809 1267 3911 57 1762 3775 71 3184 1568 4625 4537 4900 2998 4935 3688 3395 3297 3498 852 1384 3758 1935 2842 836 2791 601 1660 2351 4235 150 4018 958 3051 4624 1456 593 1647 2800 1611 4699 3690 3336 3654 3295 2036 4150 177 955 2012 3330 1794 2365 1671 839 3700 4431 2667 2372 3302 3542 2205 3226 4089 3436 3721 4921 2592 3053 1678 550 1919 3417 3045 2550 172 1402 2153 464 1008 998 3105 2146 1507 1406 3117 3066 4676 1991 1561 3598 1583 4278 4090 4484 1407 4306 1305 4798 1515 2129 131 519 2441 4345 752 2681 1697 4932 1690 2334 1072 2740 3492 2978 2329 3450 82 200 4482 900 1868 1704 3030 1814 146 4565 2563 4477 240 3652 4723 1366 164 1805 1325 3806 3252 3699 1918 840 341 2584 2880 2967 340 1650 4664 1060 3543 1067 4913 449 1220 3455 4985 4421 1397 4630 208 1660 2426 4613 4866 452 3486 227 3946 1901 1007 4683 940 740 603 3489
1886 1755 3830 4887 573 3541 2533 2005 483 791 527 4825 2347 4343 2614 1270 2021 3824 3244 1403 1309 359 3609 179 1318 3496 2344 4751 3736 2697 3712 1850 783 4909 4625 2984 3120 1942 4108 4900 3781 4108 162 482 4319 820 3415 1568 3889 617 4108 1241 2046 4334 2073 928 1785 2667 4274 2852 3612 1348 1796 3918 1123 1739 4484 749 4625 4866 33 3677 2255 368 167 3012 513 1068 4642 2840 4332 2902 4043 398 2056 3841 4372 1443 3052 3029 2589 4618 1513 4746 4984 2125 610 2474 487 421 3945 1583 4323 647 2528 4677 1813 4040 1361 1932 3063 3695 3027 4747 4392 163 2449 177 2128 4707 3967 2688 1581 3245 2158 2677 124 2984 1763 3425 4336 3231 608 3791 4555 3296 2287 26 48 2081 2143 3835 4374 2899 2455 664 4553 2062 2965 1056 762 4073 3690 2634 829 1750 4417 4898 969 4894 638 801 2629 4950 2864 741 568 4195 617 2432 1491 2070 256 4537 2010 3621 272 2653 2320 2328 4876 3522 1410 3762 3356 482 3302 500 1922 4724 328 3043 4448 1514 1938 1359 4645 2298 3688 3329
4822 265 2688 1807 4608 2275 106 1622 1724 1960 567 3093 3131 4378 492 1298 3464 3092 3663 303 3656 4737 2618 2303 3813 1483 1516 4994 320 4399 3990 3396 1582 1942 4537 3120 1037 986 4263 3816 943 4104 1526 3814 4576 1868 2675 4271 4197 3662 4197 1131 3813 1385 1515 4063 69 3117 2983 3925 22 4204 4924 1982 2806 2867 1387 1533 2849 1559 2191 1069 461 4428 4223 1631 2491 3874 1105 2861 1069 2853 251 3970 1490 2808 1737 3846 1359 4987 1057 3087 4032 56 110 1165 1673 4192 3319 1494 2495 3969 1353 578 472 4068 445 922 1360 3412 2987 4760 2333 2752 4452 783 1210 1840 60 4675 4014 4204 1422 4911 454 564 2077 3296 752 207 4140 1699 2809 3053 4594 2486 951 2226 145 205 2686 774 822 4742 742 3226 3709 3347 695 2241 2165 880 4828 348 3909 1147 2493 3199 3996 1195 3445 4023 2306 1645 3347 3795 3982 3640 2079 2955 534 3581 4386 4414 149 4180 1949 3564 3224 3264 4999 2081 2972 3940 262 4901 2617 3620 2710 4643 947 4195 4804 171 1771 4011 3099 4520 3872 2740
4385 3456 4934 4080 884 3358 535 365 2457 2302 333 3809 4003 3029 632 42 1613 2386 2483 4588 2345 4938 4903 761 1834 449 4490 3989 4185 3274 2123 4132 4939 231 4900 1942 986 3220 2835 3446 4932 4979 2397 2451 4862 1402 4824 1137 4176 3242 2355 1874 2590 3567 4332 484 2195 299 2165 1378 3277 770 1407 3263 426 4226 3569 3493 4674 2136 592 507 1663 1131 1925 1554 2768 3618 4842 1870 422 3262 3867 3380 3314 1982 889 2580 4179 2845 4415 3671 2935 141 4745 4041 3460 2431 1062 990 4349 1297 4843 694 3895 1864 409 4501 4460 3887 1335 3989 4498 2161 4312 4249 969 4070 1829 4741 1695 3727 3464 1625 2159 3981 4251 3213 2370 3217 3854 305 826 108 1514 246 3927 2019 1838 4305 3220 3942 3007 3658 3363 252 2039 3535 926 2130 3773 2553 3390 1284 2129 1907 4038 2080 646 863 4501 35 2567 353 4837 2640 1038 4721 2124 4196 3422 826 303 1072 4391 2873 4622 83 862 2127 3482 1364 3045 1871 1323 1513 3805 4255 4604 1413 4007 887 4265 3915 4255 1996 306 1872 2531 4272
1984 3047 3920 3435 4480 4267 4346 1368 4128 166 2815 3722 2217 343 1294 1690 1479 2365 1652 4215 322 4973 3313 4415 2449 1203 647 1746 2081 2661 1285 4823 3224 540 2998 4108 4263 2835 2915 1942 2907 100 4281 3198 3399 3426 1645 3748 1003 2396 3626 1839 566 3211 245 3385 987 4157 934 2337 2855 271 4524 417 4360 3844 4175 3102 4973 4564 2986 944 2500 1809 3894 1155 2764 143 1016 2950 698 4132 4466 1007 3810 1748 2226 2468 4323 2791 3524 2814 4892 4566 1549 2193 1531 378 2024 4682 3918 3701 3050 1626 1342 3803 184 3887 3745 1583 2905 1430 1554 2809 1232 4723 3047 756 1381 1199 3694 3070 4700 4524 2265 1475 1809 1812 1784 659 1106 4118 921 4878 2984 784 1304 3510 996 1829 4042 205 16 415 4135 1084 2245 4288 4801 2276 1373 4237 1327 4132 1397 4633 217 2082 532 956 2021 2490 4634 2115 3228 2954 3477 1821 1719 1422 2405 3985 2788 2535 612 4217 3971 3670 4978 4539 3610 947 1080 2276 1549 1766 4031 24 2833 862 2012 2345 2740 4747 2583 3342 3090 3095 4129 998
752 1976 2232 4367 824 4524 4681 35 3928 4457 350 4133 2702 1749 1985 598 2245 4854 2015 4910 3262 1420 1344 2700 141 1906 4957 3452 3331 1235 2824 3766 4941 4398 4935 4900 3816 3446 1942 2726 3183 4837 2724 2618 3125 424 336 2929 2018 4988 4779 4657 3065 3957 2986 3642 3541 3008 3482 1828 2026 3184 555 2790 4366 3554 3739 2176 3013 2535 1535 3199 1691 3894 1618 4752 972 3664 636 4039 1666 3010 4476 4684 4667 2799 2171 4825 1395 295 1567 2014 3246 2533 1415 4016 3497 1703 2580 1077 2343 3930 1576 2763 3161 4236 1033 3760 4563 3306 3991 2229 102 952 2265 4993 3242 4450 2361 1007 1811 2096 898 1615 3107 479 4080 3263 719 1654 3910 1048 3338 2409 2585 2042 2276 1846 3255 1265 1175 1354 975 4886 866 1197 1532 2147 4169 4538 81 4681 3479 4666 2421 1922 3765 2267 4506 1210 1620 4109 4837 812 2331 1686 1538 4897 4653 1352 1134 3422 3412 4876 1202 892 1046 1393 2464 1435 2630 109 566 722 1335 4642 1968 2131 2127 355 4514 3981 2672 2618 4782 3491 4639 3161 4827 843
