N: 200
M: 40
Symmetric: true
Triangle: false
4 111 137 193 136
8 120 34 127 13 108 172 173 195
4 144 162 113 179
5 194 167 67 74 165
3 61 121 36
1 169
6 164 22 56 132 196 94
5 114 62 185 182 184
7 168 183 89 46 143 158 148
6 187 170 21 156 57 176
4 73 40 59 177
8 29 84 3 27 68 197 180 130
5 199 141 151 104 90
3 45 166 58
3 174 98 171
4 75 38 147 133
8 70 39 12 189 146 110 69 50
7 19 7 178 11 105 152 63
4 123 81 140 72
4 88 14 139 54
11 65 102 134 128 28 126 97 109 51 150 112
8 42 20 95 149 64 26 99 163
3 5 157 48
5 87 115 60 33 31
6 17 191 18 35 188 117
7 86 124 101 161 106 154 76
5 9 96 155 159 16
3 186 125 71
7 116 190 198 4 77 2 107
5 43 118 119 15 8
6 85 37 78 30 49 192
2 153 55
6 82 79 135 83 6 53
2 100 181
5 32 41 44 160 66
4 1 47 175 24
3 138 80 145
5 91 129 92 52 200
3 23 131 103
5 10 93 122 142 25
2284 2061 3402 1972 2165 4362 3787 4827 1274 3415 4083 2535 948 2871 1659 3281 1027 1038 1148 1015 4499 64 2895 2635 936 4592 1799 3821 1595 2794 1515 3059 1931 2010 48 118 2337 4253 1494 3188 4619 1065 2768 997 4720 240 604 1877 11 3088 2028 4171 4244 2074 1945 735 1154 259 1187 4922 344 4346 3421 487 2000 769 1075 2535 1491 474 4564 1529 1551 556 2018 1076 4772 3701 4732 1832 2723 34 1443 329 849 2820 1789 4852 4369 4936 1347 3146 1688 193 2222 4703 4595 1487 4343 3016 3733 742 510 2890 1993 2201 4586 2414 3855 935 1059 3430 4116 3646 3585 1729 2329 3897 2184 1882 2852 1422 4681 466 2140 2582 4539 3584 1810 2527 838 3999 4509 2016 219 4151 2142 4234 2864 4623 2489 234 793 4919 787 3597 4240 1088 678 567 2726 2032 2472 1972 3597 1506 2547 2557 4832 1076 2132 2387 994 1759 4988 3561 642 2429 4053 2037 2337 4304 4137 3192 1761 662 765 1047 1725 3545 3399 3995 2887 2156 3847 2134 1362 4607 1116 4733 449 4560 2697 4838 2724 135 4948 3045 911 3662
2061 384 4790 4718 571 4821 1551 855 543 2007 2372 371 3248 1369 4142 989 4187 2410 1056 316 885 4353 1602 3947 168 3930 4517 3035 1941 990 1401 1791 3230 461 3574 3477 1333 1327 4697 3845 1179 3324 4721 840 284 3001 3988 900 4413 629 1315 1157 1794 750 464 1845 4880 4334 1610 2526 3694 2687 1392 1144 816 3803 3134 4137 1663 162 3127 449 4208 2803 3409 2903 1041 4900 4069 1998 243 1625 1950 2999 1407 1226 1047 1045 350 555 2864 1937 2160 658 3330 3982 866 3226 614 3670 1125 3807 1871 4592 4715 4367 4439 2096 2550 1587 2835 564 2739 4566 3655 3559 4435 1525 4265 2979 44 418 3210 3985 871 2373 672 2250 706 2742 3282 3102 1388 3837 4727 3922 1265 1592 1889 2013 4992 4454 616 1172 4021 2710 1518 1652 1912 3051 933 3082 71 4998 3494 2961 2281 4619 1586 2825 3507 4637 2413 2580 3143 2796 3841 3303 669 4108 2465 2938 1345 3681 3560 3437 806 1253 413 2120 1210 3145 3431 1173 1450 1721 2510 1311 2686 4668 4302 2361 2949 174 4934 170 3099 3036 2173 2868
3402 4790 2212 2333 413 4851 617 866 2259 1782 4833 4451 2219 2448 1671 3821 163 1839 545 4433 3368 1551 3758 575 201 2064 3075 271 1670 1750 784 1150 3466 4475 1747 10 1647 3494 3748 1678 3785 189 3993 339 1089 1782 2666 3300 2142 1298 295 579 1395 3587 4714 3282 3363 2378 1422 247 2405 2111 1747 2256 190 1069 4484 2321 2517 3362 1952 3132 1483 626 2584 3622 1704 647 715 4785 2723 3775 2342 2853 390 393 2879 2110 1923 2584 1623 3122 4725 3478 3097 3453 3793 4670 458 460 1252 1986 1073 4454 4706 410 4694 4749 4627 4730 989 1006 3560 4451 3753 2456 1961 3920 1993 1082 4886 2460 93 2331 4589 1063 3791 1659 1852 2954 3240 2338 4431 264 150 2655 3493 914 4080 2834 1147 3087 2315 3223 1310 1558 3283 292 1534 3568 532 3107 2517 4322 1470 4603 1458 4105 551 1223 867 2218 1564 608 4424 4608 3088 2313 4746 3975 4542 1290 68 46 2932 632 1182 2633 3039 838 1319 3497 4660 1897 3899 183 301 3963 884 403 564 4952 4235 1525 3030 501 1318 4394 2605 4497
1972 4718 2333 4880 1199 885 173 38 2618 2603 857 3725 259 3873 2982 2394 1802 620 4212 804 2526 4401 3632 1636 1265 1381 1837 3257 4738 187 1778 2077 1532 3958 632 38 3956 15 229 3793 3258 2157 3545 4323 4810 3859 1383 2981 3343 949 2282 1590 2002 46 4602 4548 235 3207 4908 2193 307 4473 3517 3379 2972 899 3756 4903 1414 3363 1286 280 40 3669 4379 2798 2660 3603 2920 2930 4706 4165 2451 1669 1735 89 560 662 1063 507 2588 2176 3882 4395 1747 4913 854 3973 719 757 3505 3825 510 435 1187 4905 1175 3856 2777 2443 3244 3541 2113 1532 1968 195 2463 44 2371 2225 4378 104 3231 3786 1810 3622 3346 4733 4852 942 4160 3685 4314 635 3741 259 2113 1188 3066 838 3151 2550 3929 3350 4994 1972 1123 2231 3793 4970 3277 1937 4999 1679 3332 1512 160 3164 2098 4377 4727 849 3020 866 3260 671 4637 2722 1522 983 207 2841 2236 3246 279 2314 4309 269 3211 706 4623 2312 2370 906 3969 3945 589 3860 3409 299 3820 2668 857 2907 1480 409 1754 1164 4147 4531
2165 571 413 1199 448 4204 4550 3684 201 1395 76 2824 3141 4548 4470 639 3893 2912 4035 678 3042 1027 2551 396 1803 2883 15 1654 2010 1071 3390 4812 2116 1263 2349 3224 1071 4029 4364 4892 1659 2577 233 4254 445 2567 1748 478 3336 2626 438 4303 3655 4397 4833 3569 102 4702 4120 2591 4228 3526 2100 597 1687 4494 4821 1242 1341 2830 2040 2944 2463 1118 4411 4740 1141 3688 4053 524 1920 1787 2298 3045 2974 1965 2733 2861 2789 1751 2435 1452 732 2694 2393 1301 2517 1954 3720 2760 769 4594 1496 527 3989 3782 2415 4383 2663 1977 2310 2524 176 3390 4562 706 4281 360 1193 3198 1722 3077 2156 3617 4232 1189 3800 1712 1335 999 2210 408 3063 735 3294 3628 3887 4045 4168 3924 4438 3251 72 3795 4533 3943 1194 4433 4608 3335 2077 926 1867 2494 1112 1350 2537 888 4668 4413 2343 4877 1973 19 4730 4864 3593 3170 1418 82 2579 2279 960 3778 1341 99 4668 4338 1837 1411 656 1302 4850 1697 2704 4198 4731 4474 4542 4061 2449 2812 79 4994 1291 3047 2164 3209 911 2848
4362 4821 4851 885 4204 1585 1108 719 2780 3629 1004 4268 358 267 3805 3257 938 3794 2101 2243 3657 3261 4765 1255 2536 2636 13 3683 1065 3032 1868 3338 526 4571 2636 51 4293 602 4311 4939 4514 110 3195 4409 1474 930 2253 494 362 51 4759 1855 3081 1515 4812 4948 1752 2761 2633 3019 3122 2486 2285 4294 1443 1170 1760 536 4094 2869 4702 339 3334 937 2918 2290 157 2946 2202 4480 865 2142 3365 1345 3203 4043 4572 2666 4534 4259 2964 3910 1808 4375 3999 35 745 257 4442 3927 3086 1316 2579 59 4364 4873 816 3663 4661 4866 859 4549 277 372 1849 3011 2515 3242 3458 630 2653 56 2078 4851 1913 4775 2144 3074 2345 4315 4201 2298 2229 3704 2418 2047 822 4148 261 491 3325 3170 4562 2716 1407 3456 4965 4447 4489 1775 4960 4784 545 4729 4126 2581 4772 4584 1103 3535 857 354 4496 2553 683 4478 4740 614 884 1521 423 651 2347 3205 3721 4824 1800 3872 3141 2504 1343 3353 3460 3543 656 1442 4145 1050 2220 2124 1206 456 3529 4608 1641 1908 2684 1728 1265 4546
3787 1551 617 173 4550 1108 1485 2929 1676 111 787 1949 1339 201 2576 3517 4663 4204 1151 2626 78 1959 3739 2018 1338 2967 3042 1658 1065 1857 3871 1362 4955 4550 1675 2112 2071 930 1409 2185 1715 1242 3439 268 4256 2276 4602 3960 1903 4110 64 336 279 1746 963 1278 4139 2209 1810 2618 1115 2487 3861 1762 3766 1224 1102 766 1490 694 3600 4184 1775 4637 2892 3182 3277 2667 904 1792 4599 4045 3952 4820 3212 1206 94 1450 3351 3863 4050 3335 2886 2759 3130 2823 4133 1307 1261 4949 1876 1251 2970 1242 4421 4115 1284 3749 4996 1795 2340 4642 3091 2366 203 104 495 4719 964 3723 1484 1209 3351 2548 4721 95 2751 447 4312 1189 3071 1340 47 2401 4527 3589 4663 1835 3850 2866 1460 4998 1832 2115 1937 4033 2837 4130 2120 2938 4753 2574 4492 4181 4218 4721 4965 3871 727 2295 4344 508 662 913 2820 2300 183 4669 2044 1110 4449 2742 1298 1425 4049 3445 3077 3120 3520 1641 4223 4016 307 389 2515 4810 4491 1677 1360 4214 4036 975 4489 4126 3693 1462 3379 378 127 757
4827 855 866 38 3684 719 2929 1953 2524 87 2760 1322 766 936 3218 4141 4586 2614 1223 2539 541 541 4662 4640 3838 3901 1568 4818 4426 4658 2626 1082 4636 4194 688 1295 4978 3326 3110 2292 3640 3425 1675 3407 4310 3450 4269 4268 1093 2334 1556 86 2814 936 1496 1191 1521 1052 646 1159 139 1856 3196 1105 3977 1012 1599 4313 4288 4948 4412 1917 4951 4241 1819 2604 4953 61 3020 2676 2629 84 320 632 3824 2156 650 1219 2477 3963 4709 4549 4497 1341 487 1796 815 1438 3469 1226 1508 1485 1782 3531 1387 952 1278 1816 2922 3008 4048 3386 4661 997 4258 3567 637 4349 3719 3284 1949 3532 4004 4189 2804 3210 2041 938 60 3268 2565 3029 3012 3089 169 2432 901 3583 44 1907 610 4304 2136 2717 2741 4016 4742 4593 3212 1221 3456 1210 3911 1414 217 709 2938 3843 3847 2222 3001 163 4508 4131 2851 716 123 288 1207 3769 615 3983 2140 3212 2787 2124 2342 993 75 2929 1440 2469 2141 2839 2204 1248 164 4179 911 258 3806 4407 4785 227 1701 848 4190 2801 547 1129
1274 543 2259 2618 201 2780 1676 2524 3427 1206 3353 1792 3688 1713 4502 3686 2873 3492 4265 3071 4309 2143 4772 872 1028 3435 2768 3227 10 4972 1052 1293 4181 2008 2555 4235 4310 4955 2368 3569 2011 2869 4442 4368 314 2336 2610 1733 2812 3660 59 3042 1737 4816 2986 4397 2546 4244 851 3196 4509 542 4301 4850 2222 2416 2964 2262 2032 3755 3575 2771 4259 2978 2218 2479 3391 3540 1232 4582 3318 2184 1831 1258 368 1871 1306 2456 124 3750 841 3086 4330 1592 24 2392 3254 4752 1776 3163 4863 1165 2465 4750 4731 4210 921 3208 1913 3334 3314 4093 3791 732 4705 2042 959 2782 3321 4845 2987 4938 565 3510 397 810 1275 4204 2143 1124 2067 276 4376 3959 2656 1565 3863 454 4631 3528 4305 2896 1310 3081 3664 428 2867 3034 3691 2040 568 2351 600 2345 2385 3661 4618 2256 4467 22 4920 416 4313 368 2388 1070 4145 1972 107 4681 3510 291 4117 4937 321 733 1279 780 4523 2597 3843 104 4384 85 2915 1863 2404 3798 226 393 3448 328 2811 4804 2389 4909 1540 1798 4102 4322
3415 2007 1782 2603 1395 3629 111 87 1206 3852 211 3865 3596 560 1965 685 4845 4859 4197 1063 1280 3960 1584 2090 769 2957 265 806 4462 3231 2476 758 556 4260 57 2892 89 4477 2798 1606 4546 226 521 1067 3639 826 2041 278 4909 2367 583 2737 3615 135 964 701 4981 2726 4198 4848 466 4300 2545 3440 924 1593 2322 104 167 68 2692 797 2035 2242 3096 1647 4974 3299 3682 388 2879 3445 1615 4343 428 4970 1873 3287 4494 3982 203 1418 2649 1191 1055 4069 420 3846 4129 2799 3366 3953 1207 1354 3653 2030 187 3606 2224 2856 3299 4671 2384 1812 4976 3158 25 843 4403 4852 2652 2106 1131 208 962 4479 1358 4880 3261 2841 2959 618 1457 4199 183 2112 2335 369 3871 3003 4493 824 533 1455 1581 2845 3342 566 3453 1452 2780 3832 3514 3257 3200 1358 491 4288 2264 3391 2538 2544 4914 1521 2620 4775 863 1042 2572 696 285 1172 3472 4625 3575 3884 3294 4285 2374 1229 686 4600 3016 1970 2482 4118 2816 4577 2658 716 1073 443 286 4976 1975 1539 330 4754 3127 4991
4083 2372 4833 857 76 1004 787 2760 3353 211 68 3939 766 4916 4257 1430 3307 1454 2816 607 2256 3166 1810 1116 2692 4304 218 1327 1668 1712 695 3317 4849 3407 3869 1640 3073 4757 1908 2271 491 1029 3535 732 1135 2462 168 3063 2751 3758 3866 641 3274 2051 3537 2620 2690 3923 2558 4828 3634 2466 209 726 2590 2113 313 4010 1325 4266 3489 2043 707 539 4208 2100 2195 1843 622 216 4511 3351 214 3623 3977 2762 4047 1980 4014 3579 2883 1781 3523 3028 2857 3195 1142 1139 2097 2058 2761 147 3239 4132 4314 1996 260 3910 3422 3203 3604 2386 2514 2777 3023 4140 4134 4451 2671 4235 2162 4517 2739 4868 4275 4214 145 4304 2372 4426 22 2078 4879 406 4811 770 3948 552 1844 1179 1339 3039 4014 2218 178 3518 4619 441 2718 1768 3806 1206 4758 214 3647 497 2135 4330 3512 4498 4574 1094 3180 4349 3436 3803 3003 3365 2015 1160 1932 1642 683 1634 1711 639 289 1687 4444 857 335 724 4075 1303 3711 3223 4412 2691 1606 2802 3914 4672 463 2846 3132 822 832 142 4947 4562
2535 371 4451 3725 2824 4268 1949 1322 1792 3865 3939 1106 4734 4917 1826 1277 2828 2295 4266 749 2526 285 1921 1344 4399 3348 2124 4093 1208 1895 2703 4107 515 1314 2866 717 570 3007 1192 4506 1416 4497 2259 4941 3756 3248 1861 823 3641 4111 3445 1521 758 2917 4509 315 2362 4105 974 1803 4514 4897 988 835 2529 1893 4029 694 4991 508 971 220 2738 1919 903 3345 811 2101 2577 1355 4428 3860 2503 195 669 2149 2018 3856 432 3743 3075 440 2375 3737 952 3467 4472 558 3355 1105 3327 3614 82 456 3063 2945 3872 1313 2504 3963 3941 4852 1673 764 4493 355 2285 1112 1796 2000 1933 3042 1894 3090 4748 3570 1217 4371 12 1164 142 1815 3513 777 2459 2297 4815 470 4024 2104 2322 2323 4307 1726 1230 488 2450 3336 1327 2991 2263 3797 2862 4255 2022 3820 4003 2704 3729 1334 756 3037 2339 1323 2801 4371 2660 2836 3017 1866 4993 3242 4901 3649 4237 1494 2796 938 3831 3645 3934 1876 3379 4400 4683 1418 2793 1850 4969 2150 2345 3161 3469 1359 2236 4954 981 2604 336 4671
948 3248 2219 259 3141 358 1339 766 3688 3596 766 4734 4972 3684 4923 3871 1093 3475 1630 4717 1698 1180 3408 1382 3416 3881 4077 3193 4663 839 3199 2162 642 700 29 4804 1651 2029 3545 4826 2125 1405 3725 3039 363 4603 4910 4832 890 4256 4029 424 318 4618 2853 2930 3476 1413 1256 1358 4806 130 296 3372 1192 4304 324 2535 2578 3614 588 3068 2172 2228 480 3629 1917 3382 288 3199 3709 1420 1404 4389 4862 3167 1753 4406 1113 1788 1170 4346 1124 603 164 4642 3386 4985 377 2030 3294 179 3537 843 4240 4798 3473 2131 1787 1117 3429 4708 812 3207 4234 1036 348 2374 4879 3727 3228 3130 2028 2036 133 4402 657 3446 1665 3865 15 1439 3276 3920 2490 2614 3780 3428 391 565 4273 4333 860 3681 437 4293 3737 4946 3489 4219 4775 1979 1777 4432 2579 2282 4575 525 3981 4273 4533 1798 4770 863 3427 682 606 2533 3841 1292 3532 4491 1548 462 3322 1089 1506 1204 1085 3884 4189 587 2141 3841 4197 2463 1907 1330 631 837 4570 3757 3162 106 819 175 2420 2969 885 121
2871 1369 2448 3873 4548 267 201 936 1713 560 4916 4917 3684 4916 2662 3956 370 2838 2817 726 2223 3900 1977 4836 4424 733 4246 4538 4120 476 4267 3316 426 899 3088 3333 1379 3540 4762 2555 2833 118 3575 75 4559 4497 1739 4401 4764 584 3966 3743 537 309 4446 4302 696 869 2382 4740 2173 2696 1311 60 3278 482 1900 2071 1209 1256 868 1756 3998 4542 4529 4331 2872 4218 466 3919 688 1066 653 1131 2256 4015 1484 4354 2189 3414 2682 761 2591 1269 4761 1607 509 1420 730 504 663 3504 3101 497 1161 387 4211 4108 3455 2974 3290 141 4033 76 3321 3682 39 4470 4479 2746 933 593 824 1858 4567 2480 4698 2262 4870 882 2039 2714 646 2239 308 2669 4962 926 1906 3441 4063 406 2763 3390 4107 1311 2053 4097 3921 4541 2950 1633 1000 850 4417 4097 1007 2869 1876 3545 617 2798 4338 2661 4381 2323 355 3784 3954 336 2149 4176 2067 727 2318 4535 2644 4551 450 3040 3855 3790 1508 1062 4669 3403 4953 371 3168 4345 4360 3392 3028 4117 4654 879 1036 4426 4481 559
1659 4142 1671 2982 4470 3805 2576 3218 4502 1965 4257 1826 4923 2662 2054 218 298 1854 3514 1281 4096 2581 1105 651 1571 1769 1933 1624 1039 1922 4928 4075 3606 2321 1690 1344 1678 2873 2252 4318 543 722 4244 3255 3718 3895 4722 1567 2758 1687 4035 4309 1353 164 3327 1779 1715 3485 12 1266 273 3609 4762 4326 3656 1400 4612 736 4820 4866 35 1146 1221 2849 4279 304 705 2710 1633 57 4850 539 3497 3920 1532 1650 2911 3227 1393 1826 1008 1598 163 1709 3658 3933 2662 1958 1246 4188 4280 4491 1434 649 4019 2719 4203 4816 3152 4258 2500 4184 4834 2596 3358 2724 932 243 3813 2913 2295 1225 4332 2250 2176 1070 432 38 303 4306 3323 3626 1336 4107 3291 4730 4080 31 4900 4557 3401 2334 4416 4287 1796 1908 4930 3549 415 2324 1160 4617 757 3460 3311 610 882 3519 189 2239 3897 3802 908 3813 3546 3263 2217 1666 2853 4374 1646 4882 1331 979 4812 2432 4763 1689 2686 1754 1754 4209 3627 1245 2200 2691 1217 4323 2831 2838 2465 3554 1700 2064 2090 1556 1719 956 3111 3709
3281 989 3821 2394 639 3257 3517 4141 3686 685 1430 1277 3871 3956 218 3001 2521 3520 2763 1060 3101 126 3225 1019 1247 1481 3523 4671 2093 2852 3702 4238 2779 1425 4806 506 3470 748 4414 789 2705 1845 1684 3577 1075 2496 3769 457 98 102 4295 4431 2460 4911 1862 1878 2974 3051 3638 575 218 1050 3789 3287 4691 1725 4782 1786 3009 114 669 2002 4383 709 3728 4692 4428 4423 3137 2624 670 2546 10 2456 1608 920 2081 2534 982 2692 4400 1599 3428 2622 1628 1270 4580 4032 3396 923 449 3982 95 3809 2370 3730 2709 4256 2422 885 4386 3218 3239 2044 770 707 2664 3569 1760 3738 375 773 2980 3500 665 2337 2691 2278 621 3737 3496 2776 2730 2924 614 1368 3114 4570 500 2998 1106 916 233 624 3357 712 880 1441 2164 223 1829 3073 379 396 4636 3558 1430 1915 4053 4861 3224 1046 559 2991 858 2773 1695 1614 2883 4755 1162 276 1800 2168 2897 1239 3511 4961 4731 1767 919 4577 3558 2228 3098 1016 4517 3676 340 1401 2577 40 4948 4293 1698 1197 2519 1611 2967 141
1027 4187 163 1802 3893 938 4663 4586 2873 4845 3307 2828 1093 370 298 2521 4102 2964 641 4138 3734 4230 199 2469 525 209 4175 777 3245 4496 4675 3469 1344 825 4066 3157 3036 1156 4686 1219 4686 2708 845 2620 2394 4694 2730 4106 4396 2499 1149 4118 3583 1961 2606 3533 3499 1484 1903 3177 1076 4504 3020 4307 2459 716 1880 448 4137 3440 645 104 2861 3549 4645 1396 796 3602 4046 2191 2345 4009 423 1343 2572 860 4757 4987 2018 3174 1250 3388 4438 3089 1836 3432 3096 391 4472 1357 2110 1794 393 411 4320 936 2897 3214 2064 2096 3783 4642 2399 4158 3579 473 4112 2615 4613 462 108 4247 239 3293 4558 2988 622 230 4867 4355 4618 4091 432 3271 3281 306 2360 491 739 4034 3675 1846 396 904 4652 420 3848 2603 3573 1640 3855 3102 3043 4274 2972 2952 315 4446 3873 441 2039 2999 3581 4166 2555 2497 3979 489 4711 2227 4915 569 753 2661 2573 2021 4918 3875 292 808 3173 3426 2493 466 4878 952 243 2058 1516 4819 1217 1409 3673 2333 1139 2681 2325 2159 4518 4256
1038 2410 1839 620 2912 3794 4204 2614 3492 4859 1454 2295 3475 2838 1854 3520 2964 3631 3375 2332 1557 1775 3108 2361 4273 4520 1229 4836 2538 4241 573 1335 523 2405 1447 1177 464 2045 4864 2074 4091 3901 4421 1625 203 56 2334 2879 3617 4659 2018 2838 2181 698 1630 3224 2177 4858 4324 1051 3419 1663 4896 2734 2668 4424 2876 2622 3387 1005 2358 4857 1798 2709 1691 4858 3522 543 3753 3264 4594 416 660 4546 131 3250 3583 3774 2417 398 1969 3593 3429 4822 4800 3365 608 4808 3378 4292 3079 2506 1454 3062 3986 1675 222 393 1327 1540 4288 3031 4203 513 328 4505 4344 3129 4697 899 2855 3274 2670 448 4531 1614 974 3792 849 3378 3645 1780 2002 2326 3966 3897 2454 4859 1349 2310 1309 1824 974 860 3462 2498 340 1083 2659 1148 1470 3090 1737 885 3595 2458 4633 799 4784 3925 3534 4790 4361 1327 3742 4076 445 1891 1875 4810 3297 1799 2455 2828 312 1365 2707 40 1336 166 1031 2278 259 2100 2176 763 2731 2837 2218 4688 2767 3116 2029 2110 2130 2556 1195 429 3079 3485
1148 1056 545 4212 4035 2101 1151 1223 4265 4197 2816 4266 1630 2817 3514 2763 641 3375 4385 589 3329 3804 1709 2619 10 2775 3996 175 4571 3501 3943 2782 732 3991 376 4903 3190 3542 4337 4999 822 53 845 2209 4313 454 2181 505 3275 1309 672 2152 2428 4205 4061 762 4654 3254 306 2467 3766 395 2725 3528 4002 401 1336 1154 4697 3517 955 973 3803 4546 727 4420 1162 3428 1232 1399 4152 1647 4413 2254 3945 2332 1672 1620 2695 4725 3085 4826 1536 1550 3899 2698 1364 2458 2999 987 850 1049 4960 2615 2825 320 2742 898 2310 2992 4680 3855 3929 3465 1355 1033 1399 4429 3539 3213 3392 3115 4541 1794 2252 4386 3959 4186 4019 1579 3605 1528 4482 1174 4713 718 3229 1828 481 4220 635 107 944 1434 730 2976 248 592 1809 1554 4918 2517 4511 1236 2042 3032 3584 2148 3706 145 191 3746 1923 3641 293 2630 2695 4711 3829 3202 2589 3717 200 545 1688 231 1445 2891 464 3975 1399 3890 1800 4074 1102 4650 1154 1315 113 766 1062 4030 2577 1646 2931 2068 816 944 1158 3080
1015 316 4433 804 678 2243 2626 2539 3071 1063 607 749 4717 726 1281 1060 4138 2332 589 1800 3534 1522 3008 2163 2058 412 4780 2041 1719 2848 3349 397 4770 1765 2330 4316 1102 1875 1486 3923 183 3078 4022 4342 1145 4091 175 1194 1997 4586 3151 3344 2439 3646 765 179 1366 871 1293 1953 4185 2613 3939 2328 3476 4554 137 4821 4692 3110 3451 4612 3322 4249 1187 2263 3769 1973 4509 2774 3247 2828 2713 299 3961 2594 4873 2409 483 4218 4273 503 4575 4260 242 2495 700 3328 1209 492 3833 2331 4269 1315 2846 1224 1191 4124 4772 2127 1024 2108 212 3598 3350 4709 1538 49 3499 4369 1204 4261 327 3137 2777 2501 1042 4362 425 3215 916 3728 128 535 4889 782 460 969 2607 1624 1778 1932 722 3412 2731 3256 2498 4606 1312 3789 3285 1015 78 4494 502 3033 3763 277 150 1589 1791 490 635 330 1189 4109 2822 4925 2829 2262 2799 1517 833 2353 236 2365 1951 3445 4436 3661 2578 679 4215 54 4138 106 532 3858 4464 568 97 434 992 2206 756 3620 428 2990 2437 401
4499 885 3368 2526 3042 3657 78 541 4309 1280 2256 2526 1698 2223 4096 3101 3734 1557 3329 3534 3042 2656 598 2595 1731 1995 1729 4401 3371 2972 3810 3409 4814 2613 2162 640 2967 1193 294 2635 2527 4225 4522 93 3154 1206 666 2508 3269 4350 3935 2738 1870 4804 2578 3247 3204 3191 4917 3477 4208 1841 4436 1853 4843 3373 4704 210 87 2930 3993 2007 3764 3340 4297 823 4537 3371 1869 3574 3213 4248 288 2561 3333 498 336 4118 2385 2172 4284 4312 4626 671 3189 672 124 3963 3572 1992 3326 2728 2013 2052 3797 4123 4868 2538 2409 61 1175 131 2951 2048 1416 4958 2826 764 590 2986 1706 1345 1631 1292 3274 2848 3670 680 76 3205 3745 2714 340 4366 4869 2130 4719 3340 3380 2135 1744 3361 512 4611 3486 1598 2624 1516 2160 4267 3746 2841 4514 2849 2287 1352 4521 2053 3807 1226 2974 4750 406 1855 112 2962 4088 269 3363 3079 2267 4129 3932 1997 2152 1216 2729 274 3093 2963 1273 1833 1797 4534 4823 4748 3959 1497 1498 1370 3437 704 728 1631 4513 749 986 1136 551 3278
64 4353 1551 4401 1027 3261 1959 541 2143 3960 3166 285 1180 3900 2581 126 4230 1775 3804 1522 2656 3759 2632 1319 2113 2259 1532 3757 4772 641 1022 4356 2380 1610 2265 520 2043 4125 3158 1429 1844 134 3162 4202 4043 1724 1916 1963 909 1408 3443 2596 1402 3554 1499 1539 1492 947 83 4295 826 4383 4555 1083 4284 1562 4662 1451 3437 2433 4546 2959 2164 43 4214 4476 1822 2519 528 864 2385 3796 2818 3525 4604 421 394 728 4546 2373 4783 168 4144 1851 3983 3414 3018 2157 4172 1470 4133 3680 1732 1818 1169 3427 1531 2852 4194 3633 4833 4895 2694 3952 3927 770 1591 213 1151 803 2489 4668 2949 2884 2586 1648 729 4656 2608 3956 1694 1861 4387 4274 4168 2619 2166 38 1418 4915 1687 528 1567 1418 2923 2554 4535 4422 2620 3446 4931 3885 1119 4720 2154 2697 530 4224 4955 1407 974 3552 2500 2764 3025 214 2788 2753 2491 4964 1556 2413 2043 3727 2772 1468 3195 1328 596 2701 4458 1797 3344 145 1733 2443 3525 4269 2012 1898 3211 1895 436 1484 1231 79 1368 2367 2381 4177
2895 1602 3758 3632 2551 4765 3739 4662 4772 1584 1810 1921 3408 1977 1105 3225 199 3108 1709 3008 598 2632 732 1811 2158 10 1192 2179 2290 3599 1071 908 1548 4947 2693 1623 1274 2007 678 3136 4812 164 1793 2832 461 1660 4428 4691 4264 2414 3901 2487 4489 445 3600 3881 4495 199 4487 2211 348 456 3014 1206 2245 1148 4852 1493 3032 356 3214 4874 3861 2039 216 1666 3623 4268 1248 660 346 1172 4568 3006 1079 4641 4463 4847 4845 612 3292 440 4741 3934 1272 794 2278 2288 4064 1691 1432 2976 315 2757 3165 1713 1151 430 2940 4837 3499 4301 4783 1635 3850 3450 4254 3103 3612 4732 1481 4751 3836 4877 1735 2766 1562 4268 1710 2663 2102 3306 1343 826 3284 295 676 1704 2439 2293 220 2400 2085 3657 4467 4115 1264 4681 2874 2823 899 442 3649 468 898 4624 339 3524 4919 334 2263 1892 2947 3965 2802 3333 4626 4438 2740 2048 3983 2289 4059 4621 2976 3956 3708 2678 421 2229 157 1557 3984 376 2988 4396 2877 4305 91 1153 1576 4548 4766 4276 454 464 4253 2497 4961 4721
2635 3947 575 1636 396 1255 2018 4640 872 2090 1116 1344 1382 4836 651 1019 2469 2361 2619 2163 2595 1319 1811 2469 3811 2461 1540 4707 4401 4030 2774 3035 894 4172 4840 2579 497 709 4813 3301 2557 4215 243 4919 4139 1845 547 3013 995 51 1810 4036 3072 4296 2616 1570 4939 2252 3114 4074 3593 1712 2025 4382 2765 4201 3713 1483 551 4371 1418 317 854 1310 1939 1243 1008 3548 150 705 1849 3078 2281 1748 333 4933 3399 3858 4301 4833 3187 1893 3119 2325 3590 804 2077 1380 3189 122 1703 4598 1068 704 3441 3195 4660 3854 3476 3513 2172 3148 2932 4981 41 2856 2607 4278 3626 695 183 3000 2557 756 4660 3595 1398 560 1527 2269 3437 746 3262 2952 665 1437 3651 2585 4566 4438 1689 4696 2363 1996 2284 1394 122 4667 72 2188 3500 4948 3467 1656 2325 2458 2045 4684 447 2171 1223 336 307 1312 2755 4880 802 4234 2873 104 2294 1177 3816 4288 1350 1790 1891 3755 1259 3952 4907 1663 3448 2982 3966 377 2367 3267 2509 2320 960 1537 1340 4543 1512 917 819 621 1821 4186
936 168 201 1265 1803 2536 1338 3838 1028 769 2692 4399 3416 4424 1571 1247 525 4273 10 2058 1731 2113 2158 3811 896 3904 4262 521 992 4931 4322 1876 3609 4923 2626 93 1987 3014 3293 4496 1408 3400 3760 3806 3471 3058 4154 3731 2973 3331 3037 774 4150 761 713 580 1321 3245 827 4361 4715 803 4657 1899 1975 1074 3489 980 3380 929 2480 1936 4119 4629 1997 4098 4619 4731 4096 4156 3360 4413 2667 1259 2594 4486 3926 3158 2627 3810 1318 4345 3946 1650 4387 1666 4773 2815 949 3305 4961 3221 2337 962 761 2247 3185 3232 3242 1024 4174 4697 3267 4159 2747 518 1155 3091 3622 3231 2724 282 3730 3077 165 1102 152 4030 708 3665 2411 3540 4472 1711 1505 2236 3231 575 906 4391 3040 4135 4252 3994 674 1032 4310 3201 965 802 2793 1536 4424 1924 4347 2902 3951 3428 2968 3408 1448 831 1144 1815 2496 965 1467 1703 2947 539 3387 3002 3936 1631 1989 3594 2822 2019 4766 676 321 1172 1911 760 484 2951 2381 1814 2821 3632 2387 3336 3890 3340 772 3466 3556 3307 3655 2689
4592 3930 2064 1381 2883 2636 2967 3901 3435 2957 4304 3348 3881 733 1769 1481 209 4520 2775 412 1995 2259 10 2461 3904 3169 697 430 2435 3193 387 4615 4196 198 1913 2234 4850 645 305 3346 3636 1697 1210 3684 4903 4922 914 156 1890 1810 2726 4176 3669 2503 3662 2626 3635 1956 1141 689 3240 4243 2818 2873 3883 1703 2457 4700 3043 1822 3880 1801 3071 3767 3867 764 855 3243 3473 3737 1756 845 4945 1515 3044 3995 2030 3081 2838 1818 1947 1307 1094 566 103 1817 2082 3595 4199 1910 1022 2046 1158 2558 1112 1559 2152 1434 356 4344 2396 2629 4562 2663 2676 3342 3201 2904 3287 240 3906 96 2729 4162 1100 680 2264 4087 1649 227 260 2341 3127 2650 1306 4512 4597 3272 2005 3769 2246 4896 2679 3408 1081 738 2926 4804 1347 2166 865 1566 2142 2558 2029 3282 996 2563 136 1223 2495 1364 720 4450 1029 4770 3536 4053 555 3911 1645 1607 3912 541 2005 1244 2247 1221 299 2859 2252 1270 951 4301 838 602 3000 658 573 4639 3214 4933 2561 2650 2992 165 676 3749 3150 751
1799 4517 3075 1837 15 13 3042 1568 2768 265 218 2124 4077 4246 1933 3523 4175 1229 3996 4780 1729 1532 1192 1540 4262 697 366 434 3809 4598 866 4309 1751 3535 3563 447 1972 2831 3625 4145 4447 4593 1427 3716 4381 1200 1315 3559 3160 188 4557 3065 1394 986 148 121 4722 3454 4397 1800 2683 4431 4730 2537 3209 3127 786 2308 3385 1746 4544 4465 3962 3803 366 3930 4869 3677 1600 4786 4860 59 1579 1443 2710 250 298 2147 3201 3434 596 2949 3985 85 3594 4902 1420 3892 4232 539 3702 3629 417 4174 753 3025 2892 2652 2269 121 1104 1998 4552 1156 3384 4582 2010 1520 1248 2944 2659 4661 4728 843 4916 231 2073 3049 2285 1569 1469 316 1917 1181 3894 4053 4980 2084 4666 3064 2202 2715 2846 1442 4932 3195 1836 2485 592 1493 4219 4388 205 1814 1794 918 2521 716 540 1264 1516 4866 2092 4754 4303 2337 4402 4404 2074 2267 2946 1141 2656 386 4627 2912 4403 2590 1691 3832 957 2837 2470 165 3034 1266 4032 3217 1922 4235 1733 3728 975 3050 2352 1381 441 3082 4747 3145
3821 3035 271 3257 1654 3683 1658 4818 3227 806 1327 4093 3193 4538 1624 4671 777 4836 175 2041 4401 3757 2179 4707 521 430 434 3073 4170 807 3017 2892 147 1271 1776 4909 1703 3003 792 654 2392 4190 417 1546 581 2654 2474 506 4114 1453 2917 1067 165 1942 4553 4491 4636 843 4806 4942 13 664 2215 4176 278 3817 2153 1296 1476 4128 756 1854 2373 4733 2521 3708 1018 4896 1146 560 1665 2290 2165 2899 2833 4529 2165 1324 3062 249 3102 4920 355 2775 4845 2400 3255 1701 309 2796 4462 1241 4698 702 2433 1915 3513 354 33 1453 4646 1285 2601 3517 4457 2479 4757 210 486 4028 4864 115 1951 4400 1539 2521 2667 77 2788 2776 393 1221 1617 4590 3731 206 2443 3949 1851 3708 2618 4760 2394 2132 2226 986 1508 4078 1076 2751 4893 4638 3128 2670 2451 1608 1406 582 2225 4452 211 2376 4397 4356 1394 2736 3179 2304 2970 3619 1038 900 19 4281 4574 2043 1871 1048 3421 580 366 637 2504 2390 4499 2906 4234 1518 3229 3890 4419 3449 886 2112 2154 4835 2369 1681 3645 4220
1595 1941 1670 4738 2010 1065 1065 4426 10 4462 1668 1208 4663 4120 1039 2093 3245 2538 4571 1719 3371 4772 2290 4401 992 2435 3809 4170 2270 1631 1142 3627 3452 4522 2097 1652 2614 1300 3867 471 1653 1705 1996 4301 492 1912 1404 4686 689 4518 1380 352 3396 3226 4298 4012 299 356 1457 253 1485 1583 3171 3232 3313 149 4556 3681 730 228 481 3625 743 1977 836 980 3901 1467 4690 34 4376 482 474 3240 3471 4394 3592 3375 2098 1053 1398 4270 2648 3086 3794 1386 1731 1450 4727 3087 3322 1906 10 1476 2501 2632 1529 3013 1580 2283 1218 3704 188 4677 4621 185 2714 1062 1677 416 4774 3752 4334 296 2217 4912 1618 3833 408 2117 2101 1536 1695 4635 4342 3981 1778 3624 2564 1176 3222 3466 2144 2557 4556 847 4581 4230 3080 1600 1067 2646 4243 3693 655 2197 86 4502 1397 3197 1872 504 946 1948 903 1613 3721 4193 4335 1943 4395 2641 4442 567 4429 3030 4036 2125 2180 3219 2738 2519 1248 4885 4984 4059 2089 4103 711 3352 3201 4037 1801 374 3412 1929 326 4112 62 444
2794 990 1750 187 1071 3032 1857 4658 4972 3231 1712 1895 839 476 1922 2852 4496 4241 3501 2848 2972 641 3599 4030 4931 3193 4598 807 1631 629 4547 4142 1972 4739 3048 1064 2338 1992 3803 2628 641 3329 1460 3839 2734 1217 2813 3711 1959 598 1274 265 1959 1645 2411 1911 1337 1522 1189 74 4254 3928 4400 276 4448 1450 579 796 2305 3211 1592 3134 297 515 2247 4358 2781 2170 2916 1851 125 2546 3663 4022 3959 1129 1196 4537 3833 4771 518 2355 4543 4916 4650 4312 4306 3187 3671 4783 3360 3253 2061 432 2960 3269 4641 2211 4328 3169 1845 1807 2654 2913 3291 3502 678 3959 1638 3414 3125 1184 1624 4842 2329 4324 1589 4271 1348 4078 3988 522 2257 1120 4116 4560 4792 79 236 3868 3941 3753 3064 1536 4106 356 4477 821 2080 2040 1134 4727 3827 4067 778 2970 4907 415 3558 4557 728 306 4448 1134 2840 2534 3617 2447 2675 4821 23 4214 1655 983 1921 1789 2136 3939 3965 4534 4768 368 4567 3172 3884 3003 1873 1352 950 2645 3534 2783 3734 2787 2259 3492 2209 1894 443 4281
1515 1401 784 1778 3390 1868 3871 2626 1052 2476 695 2703 3199 4267 4928 3702 4675 573 3943 3349 3810 1022 1071 2774 4322 387 866 3017 1142 4547 3996 3318 1173 4723 4925 3117 2202 4743 3172 3792 1250 4487 3844 3263 488 3193 2434 4171 1360 2964 3391 1277 97 298 2423 1977 1492 1374 302 2507 4712 2591 1326 4336 1982 235 319 2015 903 2308 4911 710 3627 2741 4060 42 3760 4892 288 1457 4297 1067 1161 270 2762 3703 4419 1154 3338 4212 4507 3847 4678 3363 2902 1781 3621 3957 1734 3973 456 1022 3213 4700 3901 1269 3253 3183 4478 1391 4168 4832 4727 1265 1686 4044 3502 3414 3241 3768 1976 73 1614 4006 3956 4997 4063 4980 247 3261 2939 2398 3066 4013 2778 2891 1825 1388 3663 3608 545 4469 1837 3009 152 699 3205 2379 1892 4584 4740 2240 1119 4564 4224 469 4733 300 291 4825 1135 1639 4890 4494 497 2550 2111 2344 2076 3444 2070 1092 4940 479 1279 3593 2486 3678 799 4231 201 3735 3799 1008 2118 2998 561 3566 1874 1155 4923 4827 871 1511 3735 2467 3982 3727 3178 4516
3059 1791 1150 2077 4812 3338 1362 1082 1293 758 3317 4107 2162 3316 4075 4238 3469 1335 2782 397 3409 4356 908 3035 1876 4615 4309 2892 3627 4142 3318 3667 435 3039 2055 3642 2100 1729 3062 4421 2238 4879 2058 4124 337 396 1064 3042 3168 3309 2441 3600 706 2502 1928 2358 666 2673 2859 4654 3838 4017 3053 1983 2713 540 4738 4358 228 4474 1284 4894 2974 3189 4182 82 2601 2672 3664 4253 254 2297 4151 4349 2552 3505 1172 4873 1887 1417 1346 886 1757 4158 1570 583 1159 2571 2705 4955 2703 467 633 4692 3900 1647 343 2572 3993 2753 3345 965 3718 706 3870 1937 3640 1244 1334 3687 2177 582 4888 4663 3037 4341 2968 3877 1776 4471 3182 1473 2408 2877 1168 13 180 3773 4426 3997 4122 3258 4638 2542 2517 3677 4412 4604 1400 1645 4994 593 2495 4481 647 843 1797 2806 1106 2773 3111 2801 2169 1833 4658 1882 1911 4568 2694 2562 1119 3906 1735 4671 2096 2282 2110 2018 714 3412 3377 1067 2864 2618 1167 3259 3965 3616 3200 689 3590 2351 2255 1068 1330 233 1753 4173 2538 4624
1931 3230 3466 1532 2116 526 4955 4636 4181 556 4849 515 642 426 3606 2779 1344 523 732 4770 4814 2380 1548 894 3609 4196 1751 147 3452 1972 1173 435 1173 3345 3654 3443 1985 1341 3090 4828 1826 3063 2806 4614 2762 4743 2111 3177 124 3087 2545 4472 578 2383 3052 1762 95 2279 2222 496 4396 650 4190 2065 346 1849 1101 1849 92 481 1703 629 2083 4393 1112 3377 1245 4740 3290 454 4461 3757 2198 3160 756 807 2067 3234 4255 3921 3699 3806 2931 4466 3805 2007 2849 2665 84 2196 4612 4067 1657 3090 2502 985 2972 3138 250 3782 2749 3083 2881 1332 1383 843 4221 1944 2873 4427 1883 4833 4728 70 1828 350 3518 2152 2586 4747 4232 1595 172 4993 3246 1565 4091 4157 2580 2734 3328 3559 4704 3770 3814 800 4493 2012 734 2629 2542 1458 2608 240 3054 2110 1077 3245 3717 1411 4953 3934 483 1519 1375 4211 2209 367 2976 1934 2633 3779 3501 3533 2167 2587 2745 1168 2312 2334 2046 3284 249 4044 2071 4547 1669 2218 248 570 1688 1045 3066 2985 1781 4317 1625 4981 955 277
2010 461 4475 3958 1263 4571 4550 4194 2008 4260 3407 1314 700 899 2321 1425 825 2405 3991 1765 2613 1610 4947 4172 4923 198 3535 1271 4522 4739 4723 3039 3345 744 3160 2043 1415 2819 1806 3510 2489 2861 4688 3232 2598 1840 2645 4000 3726 322 1047 1692 3957 4433 3840 2862 1536 2180 4571 4258 2748 2239 4698 1932 2911 3483 3859 2910 2695 1877 2802 2658 4501 1191 315 2663 2286 2337 564 1490 2992 2402 1491 3893 2316 3902 3630 4069 1166 2610 4894 2153 1124 1054 1545 1188 836 3878 3476 2335 4257 3342 616 4038 4635 4373 1778 128 18 750 3866 255 1995 3936 411 4277 2302 2913 1499 3477 3816 2616 4821 3866 3565 4697 4729 1533 2595 658 4697 937 3087 3757 3946 4509 4097 4226 3788 142 1014 1465 513 2953 4987 3166 1817 3710 1229 4438 303 3986 1238 2366 1257 3326 1419 1089 3350 1291 2742 991 3743 4139 3416 2389 4737 618 4602 4805 1428 1950 208 1805 1656 4719 3925 1906 2406 2677 753 4882 2524 463 1447 4825 3617 2273 1806 460 4121 401 2746 804 3981 2669 878 2572 1524 2592
48 3574 1747 632 2349 2636 1675 688 2555 57 3869 2866 29 3088 1690 4806 4066 1447 376 2330 2162 2265 2693 4840 2626 1913 3563 1776 2097 3048 4925 2055 3654 3160 4157 4228 1547 3388 3562 992 1264 4001 1703 2038 4507 1948 239 3575 3553 2587 4329 3658 3137 4099 1357 4541 4066 3075 4595 2218 166 3542 1338 4028 4702 2376 2597 1207 965 4877 143 3650 3292 1233 3810 1543 2372 4202 1860 2731 1848 3334 3873 3286 42 3115 48 4418 197 1483 43 3399 4379 3340 1360 4907 4393 3755 1274 4578 71 4545 1875 1243 590 564 2032 2837 140 1369 1124 4566 2342 3537 1179 1111 354 995 2141 3174 313 2704 4726 4291 4215 4809 3859 3475 139 567 395 2227 182 4648 1846 1631 3361 632 1020 2943 1756 1699 3883 2802 1828 772 86 1253 4540 182 3907 2576 3009 2942 619 638 3835 811 996 3544 3387 247 4738 4268 4214 4762 1682 77 2165 1084 3337 1078 471 3845 2179 3622 2312 4393 2656 4647 247 3013 3274 1144 4234 2205 4546 1532 3510 3112 4544 514 3368 1495 723 1058 4997 377 3844 3329
118 3477 10 38 3224 51 2112 1295 4235 2892 1640 717 4804 3333 1344 506 3157 1177 4903 4316 640 520 1623 2579 93 2234 447 4909 1652 1064 3117 3642 3443 2043 4228 3817 2201 115 4959 1502 4378 1158 2404 453 670 3646 1795 3151 978 1081 510 517 1557 3102 1982 1902 4569 126 2361 3346 4202 2449 1246 2442 1931 2783 2602 2247 3257 2960 3423 3308 369 4989 3336 4527 987 2225 85 19 950 4810 1990 3202 3276 4442 4952 751 2688 479 470 590 1088 3673 3504 4211 2064 4628 3506 1224 2144 475 3436 1880 2957 3904 2718 4054 2505 2756 4190 3469 607 4020 584 3702 4078 2098 4387 425 947 2048 1046 3741 2499 752 2855 979 4673 2358 478 1030 215 508 3106 4356 2526 1570 2385 2849 3696 2084 3313 3241 4545 1421 1367 2696 3312 2641 3626 1242 1346 2942 2906 3785 133 3071 3550 203 329 1852 3015 1942 2126 1967 542 613 4336 2590 4089 194 280 2073 1308 237 1736 1134 3315 3979 3376 3116 1696 3417 916 4850 4110 3882 261 2520 254 4211 2137 4036 4803 71 1539 2650 370 580
2337 1333 1647 3956 1071 4293 2071 4978 4310 89 3073 570 1651 1379 1678 3470 3036 464 3190 1102 2967 2043 1274 497 1987 4850 1972 1703 2614 2338 2202 2100 1985 1415 1547 2201 879 2966 2835 2895 1823 3694 1960 2355 3888 686 3350 3984 1951 4961 3708 4516 3620 4104 4548 4242 2699 3316 292 459 3528 623 3884 4549 1031 4339 267 1093 4930 2436 1118 856 3808 4275 3405 2694 2923 1893 4360 1312 2043 2418 2043 3821 2537 3316 2062 1928 1480 3602 1915 4864 438 2992 1566 1019 72 1515 1499 2253 1164 2071 1547 4603 3049 3894 3193 2688 4140 1935 2657 1872 843 2088 2103 2870 3498 2776 3024 2392 3999 1374 4801 4233 921 879 1270 267 896 3410 4140 490 1032 4494 1859 4540 4184 4410 2386 2193 3112 3154 16 523 4721 1024 3395 3472 4200 2335 1104 4915 658 66 3916 1706 2079 668 3713 435 95 4402 150 1068 1498 3512 341 182 4727 282 3925 4995 3170 389 3515 850 269 2559 4220 1529 414 4208 2116 2365 2050 182 3242 2436 4036 4993 725 2946 2947 3919 1100 3751 4359 942 2055 316
4253 1327 3494 15 4029 602 930 3326 4955 4477 4757 3007 2029 3540 2873 748 1156 2045 3542 1875 1193 4125 2007 709 3014 645 2831 3003 1300 1992 4743 1729 1341 2819 3388 115 2966 4235 1240 861 1034 2479 2409 3181 2783 4262 3938 2727 3696 4633 4101 4775 3033 3212 993 149 2964 3025 2451 575 631 2236 2027 1194 1238 3368 3229 1624 1430 3491 2110 858 930 1253 4405 2153 566 1641 2909 4172 4177 1185 3341 2258 4780 3639 3642 2381 1547 4347 1535 1750 3053 726 3340 2389 4760 3261 1810 1494 3176 10 453 4315 3587 454 3853 1505 2627 3884 1045 4386 2592 1978 2677 3616 4411 2295 2003 793 3967 2594 2186 870 1056 4942 2499 2115 4878 46 3943 4569 896 2148 3290 2374 763 1672 1407 2373 97 1910 4774 3283 1871 202 1015 4002 801 1955 136 1354 898 2703 676 2244 230 2275 4193 2292 377 4699 141 3185 2450 869 234 2733 584 3365 39 4633 2402 4850 216 2808 3428 389 2952 1902 1103 2124 1560 3697 1115 1444 3170 4854 1063 4551 82 2368 805 2454 2619 4902 2490 181 2820 3532
1494 4697 3748 229 4364 4311 1409 3110 2368 2798 1908 1192 3545 4762 2252 4414 4686 4864 4337 1486 294 3158 678 4813 3293 305 3625 792 3867 3803 3172 3062 3090 1806 3562 4959 2835 1240 2570 3808 4540 1923 137 4453 93 4586 2785 898 3295 4369 4005 1217 2085 4646 651 2681 3632 2547 258 176 3206 2921 761 3612 733 1568 2844 3369 450 4323 873 1499 4373 56 1597 325 787 1922 4383 3235 1889 2760 3025 2787 1949 4950 2359 237 313 469 39 2532 4338 838 2685 2229 3975 4029 311 2933 1955 1459 4611 2341 907 1915 1360 480 558 4130 725 3494 461 1532 1854 4982 231 202 3138 820 2265 3103 4454 4824 1157 2375 2389 275 1053 1612 3070 1955 2177 3851 153 3623 3403 1857 1101 2696 1640 2643 1846 1089 617 2919 3627 768 1455 1208 219 763 1892 4475 3056 2165 501 549 1426 3699 4537 1928 1264 2454 1287 3994 2109 2396 2621 224 2845 876 3026 3824 276 21 4988 4090 3015 2686 1946 4911 3447 637 3829 2106 636 738 172 3580 4281 349 1109 903 4620 2001 1398 315 4636 2815
3188 3845 1678 3793 4892 4939 2185 2292 3569 1606 2271 4506 4826 2555 4318 789 1219 2074 4999 3923 2635 1429 3136 3301 4496 3346 4145 654 471 2628 3792 4421 4828 3510 992 1502 2895 861 3808 1695 3236 584 1731 1102 2427 4309 3004 568 2346 1320 3524 1018 3726 3435 452 140 1664 531 109 1144 1255 2431 2131 4848 2173 2430 2349 4721 4795 875 663 243 2318 2933 2618 1907 386 4217 1852 2656 2582 101 3082 620 4723 3933 1759 3275 3329 213 3895 1994 1166 4011 82 495 712 1018 996 24 4065 4237 4246 2455 1605 3702 923 680 4455 504 2811 4567 3851 1137 4807 1834 3723 3186 3906 2766 3095 3680 3075 3288 3574 3340 4627 1679 4461 1724 4175 3901 3119 455 2656 4776 84 4745 524 1148 3201 4636 516 3240 1345 2115 859 2950 2907 3143 3630 1560 2518 221 4502 891 4992 2209 3602 1952 393 2632 1689 4769 285 116 1544 285 4076 4107 3669 1824 3394 1908 2303 4874 4033 822 3355 850 3869 3962 339 251 3030 637 2585 2879 4215 2461 1494 3085 2547 456 1215 3459 986 2933 4143 4457
