N: 200
M: 100
Symmetric: true
Triangle: false
3 60 66 106
1 149
2 125 104
1 16
2 45 117
2 41 185
1 161
2 178 140
1 173
2 180 64
5 27 22 164 105 42
4 12 33 170 109
3 127 166 134
3 50 199 120
2 129 37
3 145 138 53
3 147 128 172
2 76 65
1 26
2 52 55
3 121 144 49
2 191 61
5 69 87 182 190 10
2 141 103
1 113
1 150
2 169 157
2 19 174
2 91 116
1 57
1 90
1 89
1 28
2 193 151
3 44 32 131
3 115 122 175
1 110
1 135
2 196 82
4 56 200 154 176
1 13
1 177
1 163
2 51 43
1 119
5 88 70 179 153 79
1 71
1 152
1 124
2 184 85
2 143 20
1 5
1 111
3 80 192 25
5 84 47 123 96 97
1 197
1 2
2 29 73
4 30 74 162 46
1 35
1 18
3 68 83 62
1 72
4 63 6 187 148
2 17 132
2 195 39
1 108
2 188 54
2 1 31
2 183 165
1 101
2 36 181
3 158 194 189
2 160 81
1 4
3 99 130 95
1 38
1 156
2 48 142
2 92 77
1 21
1 15
2 107 118
1 24
2 186 139
2 98 94
4 40 14 112 198
2 11 146
1 100
2 8 34
4 75 67 93 168
4 58 78 114 159
1 3
1 23
1 133
3 9 137 7
1 126
2 136 59
4 167 155 171 102
1 86
366 2045 3646 633 1756 302 3673 3180 4480 1673 1382 4145 3251 1592 4722 3506 1144 3426 2134 996 3473 750 1243 1458 871 2670 3752 4791 3951 1448 4309 2237 224 2791 4017 2696 4551 4876 3821 3863 2515 3840 2929 2998 4237 3880 4919 880 1761 1426 723 1714 2172 2666 1452 935 3624 131 4061 2489 2774 2817 850 1458 2662 1285 2487 920 4488 1023 4526 1080 2228 2712 2246 903 232 4738 3518 3257 121 147 4626 740 4450 3080 612 1633 1072 2742 2726 3692 4600 1008 2880 1372 1595 3942 3614 2420 3736 1819 3385 1903 2628 2989 626 1205 3850 3226 1767 737 3983 3612 3026 121 1157 2916 3744 1479 4219 1042 1057 2569 2720 1580 235 4904 2129 2691 3458 4978 179 1887 4397 4205 4891 1726 4948 4188 357 3566 2325 2955 4441 3152 1762 1068 1321 1267 1838 3237 205 940 4017 1483 4951 3009 4392 1986 3688 186 2655 1369 905 469 3562 2844 964 2202 2221 1837 4516 524 2794 3218 3221 4060 3023 985 3677 146 3925 1013 400 1737 4865 1281 4471 3539 3848 4714 1536 1035 746 1498 4433 527 3111 4973
2045 3410 844 88 2519 109 2726 2163 557 3552 3861 3107 3120 2347 1921 3509 3836 1281 1814 3973 2787 2225 3340 3388 3094 3781 2512 129 904 131 4311 2930 757 178 4516 2359 4456 4936 178 1725 1859 2183 2130 4665 513 2931 1655 3851 2910 642 2348 4464 3904 3294 3164 3912 2477 84 3136 2047 142 3199 3821 4729 3213 3341 1178 2890 3735 2105 1633 1814 574 2326 2182 3169 3659 3794 2998 486 1011 2892 3941 4899 838 1815 359 471 4764 4335 3850 296 644 4432 2798 3280 4241 3135 4545 1416 3680 24 1381 345 1207 4174 4542 2248 3344 2053 3661 705 383 1813 4096 363 109 727 4930 299 4540 249 1805 1577 3275 4352 2580 4522 2549 3089 4891 3312 4523 3322 336 2120 452 3642 2321 1786 558 69 165 1208 240 880 3246 1680 1557 4543 1487 3185 4787 2109 3728 412 2826 749 1895 3772 3163 791 1640 1409 776 4527 1364 1421 3367 4334 4809 262 2659 2364 3754 2074 621 1257 1811 1848 3556 4739 3831 2807 2199 4424 1871 4243 1487 4172 1627 1466 1373 478 953 777 2164 2774 1573 4533
3646 844 2377 3234 3297 3493 2993 2075 4605 2643 343 2595 2877 2960 3986 4919 726 3146 3354 3117 1987 4957 578 4248 3377 577 3722 980 3256 2715 3063 464 1408 4472 4163 522 4546 928 1837 4022 1371 3984 1497 1576 2342 4882 3123 4098 4174 1666 1231 1290 76 2660 3818 3051 3981 3249 31 1771 407 412 3354 1095 4565 2265 1292 625 2764 4204 4976 360 2643 2318 750 149 2214 1524 4771 3862 2320 964 38 1399 3927 2477 1870 230 2393 4693 461 4988 4302 1669 1095 3557 3311 2124 1412 4460 842 1437 1603 664 4799 257 4900 4395 2350 4899 2986 1324 217 663 1103 1093 4792 3602 3231 3422 2080 3761 1056 449 3703 2681 1914 3719 4250 1995 626 350 708 2630 2478 4708 3735 1883 2750 2368 2105 1067 3074 1351 4426 2194 4185 4714 3334 2996 3938 4370 3395 1580 3858 3711 3117 2206 4890 3975 1519 2291 4084 3703 1388 703 152 2421 3439 3239 3387 4975 432 595 1177 1461 3931 1595 597 2732 2500 3200 3172 4642 2274 3384 4123 3268 2908 940 3180 1223 3835 2730 2864 2296 2848 1428 3870 1576
633 88 3234 3546 3032 704 1515 1976 1322 325 3929 1191 3979 452 4351 4394 3091 2635 2567 2870 184 2690 1751 520 4469 3722 2645 1960 1862 729 902 745 662 3490 4533 1206 118 2486 4719 2544 2541 501 4170 603 577 4466 1965 1051 1269 2727 306 998 4995 2450 4732 1034 3843 1988 4198 1272 4903 3330 3309 4699 1341 2957 3619 3126 4566 3862 3856 4816 4208 1928 4248 3278 180 4971 3094 3616 3878 3585 59 4048 4164 1841 2614 1309 3169 2348 2100 3996 90 606 4285 2896 3856 1197 495 4884 1822 4068 3454 62 1498 3449 404 777 908 744 3513 2812 1864 2023 3056 2834 1351 317 3285 915 3188 662 1873 3566 497 3467 1972 1422 4091 3250 4110 713 4760 4151 599 663 854 4897 341 2444 3602 1101 4847 1237 2351 929 4754 1381 3904 670 2697 1329 2918 3320 3904 4440 3516 887 3480 4197 3822 1610 786 1303 847 257 623 1352 3957 4157 3699 850 3693 3747 4699 2022 1622 923 1030 2957 2786 830 487 704 3974 613 2225 3281 816 1169 2771 1515 4911 148 1547 4128 3843 1109 2663 4667
1756 2519 3297 3032 427 1644 1557 1502 4160 641 1731 3573 1648 57 70 3176 2554 1580 4766 2499 3958 3564 3030 2660 1237 3997 1951 2814 2022 4724 4500 2470 2245 4740 3963 713 980 2993 4676 2044 1279 1316 4540 2148 739 707 4772 634 4333 4702 30 2027 4940 609 3417 4429 1629 4878 2060 860 1794 2563 2510 2928 436 3153 1193 3201 3354 981 4080 1480 2158 1628 4808 2380 4969 3158 1736 3314 556 4122 1785 2071 2496 2268 2763 564 1783 4701 1038 3989 1291 3713 1567 1818 3237 3385 2409 4942 131 909 1653 382 228 294 454 4520 3013 2064 4846 1627 704 323 4900 4228 4919 3291 1250 4368 882 3166 990 3833 340 4538 4723 2726 1300 666 3690 4372 2706 2420 1654 1954 3030 2684 1842 1193 4047 863 3309 2629 4129 3897 3436 1025 545 3612 3017 3556 4900 3772 4721 1723 2350 4540 4181 3373 2472 517 434 2345 1632 676 1724 855 2574 4852 3866 4821 4763 2369 3134 1179 1680 276 4081 4143 4508 1875 1499 3600 2943 692 4885 4381 3230 2475 560 1217 964 2063 4079 2223 1045 762 2383 1312
302 109 3493 704 1644 2904 286 1939 4857 862 512 4993 2019 3044 2751 1382 1188 58 2247 4113 1464 431 3769 2830 2104 1443 3412 1570 3563 3230 2565 1251 1208 2570 135 4862 3763 219 3778 2601 2959 3436 3387 363 802 2300 3439 1209 3176 1465 4983 1166 3119 887 2085 2702 1953 3170 1556 3368 3620 1623 3266 591 4771 4364 2737 4888 1943 3990 1533 4172 3055 801 813 4017 4479 1663 3256 1520 4463 1782 3492 3578 1651 3141 203 2453 4463 2736 3406 3656 1230 2570 3567 508 3924 137 4119 2841 3985 4596 1025 2362 2908 4710 1283 831 631 2775 4671 772 4605 4473 3692 2296 472 3688 1356 1151 886 238 3315 3934 2730 2127 2819 3865 1360 1172 4686 4864 4705 3328 1026 4512 4441 3044 888 4012 1975 1721 1975 882 4037 1467 272 2159 3388 3658 4237 3584 1603 3121 4966 187 3196 547 694 33 2043 4963 218 4463 4937 827 1272 48 3594 3895 281 1229 1003 374 3705 4765 4630 4241 2341 4233 2146 3592 905 3574 3779 1259 3442 4174 100 1595 1853 219 358 4276 869 2400 1783 4821 868 2950
3673 2726 2993 1515 1557 286 2599 3723 3032 2281 51 4314 2708 1161 3730 971 23 4836 3348 2788 2531 1533 662 1313 3891 427 4694 4119 2469 3024 3558 3520 3941 4242 2289 435 2113 2946 3404 370 3262 2794 2260 3696 2642 4022 3512 4016 211 4965 289 1077 4225 1476 2534 3325 1066 43 2815 4560 1311 698 2218 4214 4729 4465 1779 4005 1014 3104 1470 980 1489 2502 2971 1858 2370 1554 1188 3258 3166 1428 4638 1885 1500 2694 4159 223 1195 2978 1283 355 3042 3341 4525 468 4983 4120 2362 4924 2480 2530 1125 4647 4162 3291 2796 102 3878 4827 4354 3569 4288 641 1525 1690 3935 1586 1763 3978 1942 1239 3000 2723 484 2469 3840 856 3325 3003 2718 3485 642 1290 2518 1636 2029 1877 2308 821 923 329 61 993 776 2442 3639 1486 4120 2185 390 481 409 2736 1825 3135 4057 4819 3679 1654 987 2303 4448 1793 926 31 2128 2618 4030 726 3024 2005 1877 2477 3348 3064 2734 4166 2974 1334 387 2529 1567 85 1582 3156 3404 164 3476 4907 2077 2709 4840 3894 2558 290 3554 281 3238 748
3180 2163 2075 1976 1502 1939 3723 2844 3455 85 1065 1687 4127 3989 1639 3644 3643 4621 3229 3000 2048 4692 3968 2575 2360 1429 1955 1428 3228 2755 4483 2363 4425 1497 2263 1987 4719 3990 3922 2664 1930 1817 3757 800 2318 74 459 1312 649 1450 4767 700 2822 373 3187 693 4609 1430 181 1028 4579 3702 1516 1247 2399 4404 178 3486 713 3728 601 1428 577 2748 1840 447 284 883 823 2227 4872 559 4541 3976 874 1137 2648 3912 1151 2119 3441 3322 14 2901 107 1768 4412 1397 2510 2924 478 3343 928 1904 4591 4173 678 809 1920 3314 3196 3049 3848 2056 1634 2570 2063 3972 2617 4123 3652 4054 4888 2059 1025 1236 3849 2014 582 2031 2592 3090 2306 880 694 2516 3755 1582 4383 2631 2281 2591 4411 4363 2595 3678 289 3361 3499 1720 4952 2611 2611 1945 4684 4470 1423 3188 321 163 3939 91 2072 39 3177 4413 1428 991 1628 2439 4784 3177 2359 1625 2211 552 1130 339 2497 161 368 1806 3991 1297 3365 3979 4809 2915 211 2961 1119 674 1877 575 1633 3887 3087 1313 2477 3280
4480 557 4605 1322 4160 4857 3032 3455 3287 4698 531 1340 1878 2458 2742 4432 1031 364 1148 3711 3321 1121 1770 4236 1090 1321 2452 1255 1827 1168 1199 3906 4334 3699 3295 2506 2446 4329 1878 1828 4636 1589 2948 2342 2030 4454 3340 3169 2522 4172 1447 2347 1601 4735 848 1418 317 1116 82 1523 3185 2649 2890 2420 1569 1425 3568 1663 504 948 2524 4670 1183 1761 4505 3968 4584 3385 3672 1231 1007 296 2677 1785 3205 2674 385 2538 2756 2559 4376 2570 1166 2364 2782 3860 3408 1475 4313 586 2010 2065 2803 1254 415 4937 4936 197 1556 2613 1216 906 4673 3136 752 2518 4824 339 4755 2748 2832 4499 987 3635 2490 4713 1511 3187 4975 88 4348 4002 2114 3853 3559 3317 3242 4917 283 1359 2235 4243 2792 1484 4696 1471 1906 479 330 1559 2883 2533 686 904 946 2040 521 2858 3648 2782 4089 4009 2378 930 148 1590 4549 3629 4787 389 3161 2588 562 4536 1618 1327 1225 4239 3540 1896 2390 2425 2050 3563 2613 1513 4979 1400 3877 4180 4457 131 2632 3905 798 3566 4598 2825 3789 2430
1673 3552 2643 325 641 862 2281 85 4698 609 1376 2557 3209 2143 3823 2930 1449 414 842 2384 1748 1804 2196 353 3383 1652 3240 1276 2201 426 4008 4711 2843 3023 575 1497 1559 3240 444 706 3927 4173 1747 2813 471 3246 37 1435 3371 3104 4366 2489 4510 3621 410 2897 1284 2160 3752 4859 721 4632 4339 4492 4175 1820 439 51 4787 1502 1826 2651 3689 1437 3434 464 430 2855 3567 2322 2313 417 1586 3163 4907 2456 3218 1390 2920 3576 4498 1578 3786 599 1070 3864 1010 3961 3258 486 3452 73 2725 119 4674 2720 2469 3721 1363 2285 2404 516 3298 2350 3052 2021 775 4636 1498 227 4046 987 4809 3934 2628 961 4735 3680 4024 1596 1601 1339 263 3412 4128 2754 528 1053 4552 1847 3279 4704 839 4990 3162 935 1646 686 1858 1007 2785 530 2976 2545 1119 1036 2898 1814 2701 4043 4940 3072 2691 4316 4794 741 3082 1185 3412 4815 2410 1347 2601 1878 1864 2569 1235 491 1413 3726 719 305 4713 1947 4352 2021 3481 4090 206 2256 3887 3977 1950 2870 3471 4202 4659 4885 1724 3726
1382 3861 343 3929 1731 512 51 1065 531 1376 4148 1177 3285 1272 856 1731 4976 3459 1613 3382 3611 3863 2428 1613 2161 4826 2360 3172 2085 173 4893 4448 3107 1407 200 1049 2078 2184 3953 2116 4856 610 2307 383 944 2901 2283 2999 717 339 4845 1952 4402 1241 1332 1346 4598 2214 672 557 373 4255 1174 4708 2699 1213 815 4362 4188 4278 103 1245 176 2433 1226 4801 449 435 2789 1527 3078 3097 3989 4164 3960 3097 800 4814 484 85 3662 1883 2132 4856 4055 952 1067 3695 765 1340 4620 4829 1893 3301 2909 4951 2061 2253 3667 461 1913 1958 884 2256 2814 4159 4375 441 4409 4299 260 4465 2837 1296 1564 4332 4406 4205 394 2052 4947 682 2359 4114 3533 3627 783 1280 4444 1051 2316 367 1491 4774 2691 1858 1013 1990 1782 3394 1677 127 4353 469 4369 236 2807 4489 2931 2843 665 3679 3514 2062 2952 4720 2696 3416 1400 268 4912 179 4352 1927 2306 1615 4378 1840 4680 3433 1490 4644 2200 3568 632 4127 4182 2674 699 3377 2319 2234 1810 2660 4645 2863 2786 1549 3973 3979
4145 3107 2595 1191 3573 4993 4314 1687 1340 2557 1177 3899 4982 3788 1237 3819 4983 2201 4957 1837 1517 3674 146 3440 3619 2853 3463 3954 1077 1706 1296 4077 720 3746 1232 1115 1607 4937 4814 4992 1405 2066 2976 3327 917 1180 3211 1820 4908 4312 3457 1540 150 3549 1534 958 2602 838 2768 912 4668 3802 4827 4757 2248 2193 2746 1150 1795 1836 504 1979 2860 1548 4624 3027 2459 1565 2174 2966 948 716 2418 4568 4138 691 350 3189 3911 3214 110 2370 4729 1322 1302 4297 3828 2001 2485 2366 2296 4594 1248 2932 1465 3231 1279 576 2679 2698 1176 3568 2959 2713 3020 1245 2110 1907 4197 4226 3047 1215 781 3206 2194 2134 4711 2241 2075 3291 859 3894 2409 4875 3799 769 2885 4374 971 2452 4972 4008 2844 640 2624 3582 4951 523 4084 1915 643 4118 1192 894 78 744 274 276 4007 55 1402 4447 3117 626 2565 3298 4380 2285 1156 2429 3645 44 4803 1795 2988 2234 2992 3632 4516 1855 695 1572 4850 1591 4902 4347 3596 4436 3946 3435 2627 1635 2364 3683 3673 1117 1925 2427 2759 3631
3251 3120 2877 3979 1648 2019 2708 4127 1878 3209 3285 4982 3147 1421 3490 2780 153 100 1358 3620 4205 3036 2828 2064 711 1580 209 820 2124 4059 1915 2320 4068 2684 4514 2745 3920 826 3031 216 2917 4369 1794 3846 4197 4807 1858 278 2004 3780 3675 87 4507 1250 1095 772 3617 2268 601 3412 1367 2133 4794 1714 2036 1942 3862 857 3958 3434 4352 4688 3891 2517 3530 767 1057 4966 1346 2785 3683 4557 366 640 2960 2623 1746 1280 3205 4293 4899 4969 4030 479 3806 3561 2880 4797 2119 205 4720 3755 1165 2333 3767 2309 3287 2980 1675 3130 4422 1774 1199 377 2267 196 2314 4812 3516 1309 4256 509 1603 1571 1409 2927 1499 4572 588 4675 3712 1520 2483 2326 1308 4520 4863 4804 1116 4603 4179 2023 4348 2919 3908 1488 2945 3393 51 409 717 1820 1273 4211 3805 3402 4045 193 2966 416 4047 4908 2061 4154 3230 1801 1374 2171 2510 602 306 1254 2986 299 2276 4503 2702 1288 4038 3059 1625 939 262 1986 4080 788 1370 2483 433 2057 2378 4646 3074 1014 4031 2278 3690 2862 1189 2006
1592 2347 2960 452 57 3044 1161 3989 2458 2143 1272 3788 1421 1729 4515 544 209 2973 4114 306 3368 173 3926 1893 555 2668 1676 2092 2075 4429 4197 1882 3420 1278 2013 4059 1265 1097 4047 1297 1482 2489 2188 3877 216 4402 74 3917 1089 2001 522 2183 2985 3829 653 4626 60 3511 590 16 2044 1373 4901 1676 581 4628 3681 3381 4446 3736 926 1756 3151 3790 4947 2219 757 288 4735 672 4030 419 924 1162 3023 192 4357 1199 4038 2509 4178 3682 3750 2595 1961 37 4493 3851 4551 1143 2669 1333 2236 3572 2817 1310 3916 4364 2951 4359 1367 1181 3988 125 1172 3028 4722 3776 2911 4164 4143 4285 1505 3002 4957 2895 2065 1009 3830 4584 3911 3060 4557 4627 1497 3142 3576 783 4669 3370 3041 959 3662 1838 3469 4185 3215 2223 1585 13 126 102 1180 746 2716 4276 2307 2016 2643 3308 2188 742 1383 4215 2371 2474 3068 1151 4676 3514 243 1553 2192 4922 1037 1924 633 4403 3611 292 1933 4817 3182 3067 382 1425 263 1501 4047 247 3718 900 4944 4289 2169 4271 2565 1078 957 4393
4722 1921 3986 4351 70 2751 3730 1639 2742 3823 856 1237 3490 4515 1306 3576 318 350 1434 4850 3609 92 4230 1580 1580 834 1252 3806 4638 1884 1158 3720 693 797 4880 553 3353 760 3752 3257 790 231 117 3060 2475 2298 4365 1142 4161 4986 4156 2496 4846 1850 4670 2350 4425 4333 4736 1361 2004 637 4966 4817 3657 2590 1077 4833 4091 3936 4437 1183 1420 4434 2173 4755 2064 2561 3980 1016 665 1643 4819 3138 234 3570 3736 1193 4452 2277 1067 318 3631 4824 3889 2900 437 3612 780 2293 3163 1036 529 3488 1607 1849 3078 3791 3678 1644 3098 2660 3253 1584 1701 355 2251 1915 2173 4972 215 3267 1985 1434 3815 432 3169 3127 2410 746 1387 1954 193 703 3026 2442 2006 3083 3011 4764 4171 1193 4158 333 2170 2541 2994 876 2587 232 3114 2806 4379 595 3301 2319 3118 1194 4922 2282 1712 1857 3655 4777 693 4007 3605 1524 4397 3834 3386 405 534 3433 1790 819 1236 3806 4794 2555 2756 4828 126 1040 3092 2748 504 2852 1098 4286 2498 1069 2500 1610 2878 3979 3692 74 2365 3400
3506 3509 4919 4394 3176 1382 971 3644 4432 2930 1731 3819 2780 544 3576 4653 2021 855 108 352 4843 2689 922 4003 3296 688 4844 62 2170 1912 3677 4773 1220 1932 3042 2424 4315 3863 377 4955 3352 2875 3063 2179 4177 859 3002 4200 1718 4528 85 4679 141 1658 830 1213 4014 172 2280 4270 3073 191 593 1181 3158 4820 4561 2888 1769 2624 1523 4569 2200 2383 4079 49 815 3926 2942 2223 3606 780 1700 4995 2769 501 4522 3952 2298 3175 1293 4583 3937 1608 2662 281 2649 4433 2976 4471 663 2738 3900 4671 493 103 1363 4383 1985 3834 2890 4841 1583 3740 2201 3339 4506 128 790 3878 3972 3917 72 976 4535 4883 4443 1323 4515 1283 993 4529 1073 3513 1797 4774 1582 2183 3393 1568 2655 565 3292 3796 879 3296 3365 3258 2744 682 3040 4855 1033 2098 995 1971 687 2859 723 2260 3702 432 44 294 4474 2651 1885 1437 3827 1290 1018 160 2630 1714 429 3753 2243 1534 431 2392 887 4578 4135 4123 725 3750 3189 2934 4333 2054 1472 3499 2974 4137 4005 3013 1246 4610 1688 2633
1144 3836 726 3091 2554 1188 23 3643 1031 1449 4976 4983 153 209 318 2021 3092 4584 1689 322 4854 2511 3544 3386 2020 2720 1323 203 3468 2824 2448 833 908 4665 3248 835 3755 554 2955 2187 759 4720 2855 4317 2690 2193 4524 1194 4841 2446 4850 580 1846 4878 1353 3510 3742 4035 2747 290 111 3132 2046 4222 1271 3494 3598 4765 2222 3626 3926 2908 3631 4195 2046 1430 4190 3386 3472 2614 3061 1303 3417 1178 3287 4113 2964 154 1927 3907 2528 4202 950 4217 4280 1781 105 3320 3476 735 169 1511 3262 4232 1805 1949 970 3951 3045 2169 4380 3316 1933 2687 248 2265 3820 1666 3354 1232 4412 1910 3308 725 3202 1226 3490 2522 1171 204 2917 2503 4609 1120 4937 947 4606 2386 3831 1745 1032 3872 2975 2643 396 2765 3618 2721 257 4977 3438 3839 1040 3079 3338 456 4811 4965 1093 3355 4373 1109 1341 3225 2270 2474 3790 129 2756 771 2886 4726 2331 2643 1430 2537 2058 4574 3502 3078 1184 1716 1019 917 106 3033 3134 4998 3480 1362 1922 587 2805 3304 697 1008 3484 876 2846 2108
3426 1281 3146 2635 1580 58 4836 4621 364 414 3459 2201 100 2973 350 855 4584 651 656 1270 1185 4849 3512 2889 3125 4159 2537 2773 748 2984 1023 2275 1149 2173 1575 331 422 1809 1691 4121 2106 1439 783 4504 3334 2615 1545 763 2831 2526 2473 1932 2486 2849 1247 4912 1842 4309 4681 3109 4893 1357 3616 68 2801 840 1462 90 2528 2744 58 1636 1483 1855 3118 574 169 1774 939 3492 3262 1151 1033 103 1999 4737 4989 683 3612 1394 50 3959 2712 1870 3906 2049 3385 381 4895 889 2221 3837 3773 2255 3447 4058 1764 1608 527 2918 2710 4760 3707 2108 2634 1713 4622 2730 2588 4575 2805 2867 1278 320 2230 3609 205 4159 4767 2657 1074 2747 758 4476 1053 4635 3663 33 3340 169 3663 3198 2404 420 3752 60 1635 2088 1930 1083 3570 3549 2474 555 983 2617 2256 1166 2945 4478 617 1118 664 1106 67 967 3101 3681 3478 2628 4026 4681 3555 3370 2433 3426 2851 2114 4879 501 428 2817 2023 1671 1855 2164 80 4886 529 1257 2937 525 4303 1796 3536 2783 1685 3207 3076 4685
2134 1814 3354 2567 4766 2247 3348 3229 1148 842 1613 4957 1358 4114 1434 108 1689 656 4789 4172 3851 3242 4046 3317 1862 148 4441 821 3559 2033 2286 2647 960 4621 4230 3467 517 2915 2514 4242 4593 352 2683 3715 2270 3191 2544 525 1610 3300 1470 3097 4969 2009 193 4767 4122 3886 3562 3520 4013 2138 2925 2784 2376 1203 437 4686 4517 1487 2928 258 589 1346 2088 1747 974 4890 1926 4169 2101 2887 3493 4724 2450 2652 2755 562 947 3040 542 2705 3594 2053 3595 1735 1305 3667 2931 3808 4992 2190 984 4097 2916 2493 4587 599 642 185 4221 2984 387 4809 4426 1674 85 3268 831 788 3237 1188 3011 3183 4926 639 500 4530 877 420 420 1464 3123 636 4889 4237 3173 635 4929 4332 3083 1348 4283 1002 1302 653 2541 1701 1198 4899 3469 1099 3067 3589 4327 4064 1411 3373 2565 379 4759 4264 4798 2005 1217 1114 4445 3206 1052 3780 3763 3484 1280 1096 4728 2453 801 3279 2865 100 3520 2599 221 4616 2574 3076 2856 3148 1667 4163 2602 1019 1494 1230 4381 4391 3530 2494 34 779
996 3973 3117 2870 2499 4113 2788 3000 3711 2384 3382 1837 3620 306 4850 352 322 1270 4172 2744 1166 1490 2052 1605 1109 2564 1271 562 3910 4555 3072 2125 3780 1790 2801 4214 4207 273 4324 4530 2312 221 2962 88 4379 1848 3716 4265 2761 2177 3913 2208 2612 1839 577 820 2875 1731 2850 2059 2978 2566 4146 3474 1038 2664 1957 4335 1583 3545 4646 1763 4933 2297 4675 2324 93 648 4951 526 2310 2595 4962 4397 3708 1255 40 4742 4031 505 4727 168 4943 2189 3412 3553 1959 880 3423 3145 1571 473 3392 3492 2061 4567 1799 3540 4716 2590 4596 2937 4925 2990 3776 3930 4270 1454 4122 95 4571 1303 4942 1790 2199 551 627 1082 534 604 3200 226 56 2118 4121 111 1014 920 3030 809 3038 2831 2353 626 4354 522 4385 3388 4552 3473 546 3376 2856 2024 2723 2860 2491 2970 1138 3700 4501 4510 2255 957 388 2915 3848 4049 3809 108 3251 2038 1550 2283 4810 3419 125 2911 4913 3150 3691 3042 4714 3827 414 414 1690 1161 1567 3371 970 770 3419 1499 2948 285 2605 909 57 408
3473 2787 1987 184 3958 1464 2531 2048 3321 1748 3611 1517 4205 3368 3609 4843 4854 1185 3851 1166 1942 4804 3702 2217 3101 3107 2872 2510 3437 2239 249 2608 4762 3930 1954 764 1148 437 1534 2422 584 2311 522 1503 788 2139 3114 16 1787 4576 1926 4241 2334 2430 1206 2022 2526 4048 3759 1909 4646 692 1410 3945 4402 3036 1864 3462 541 3322 2236 458 4790 919 4163 2668 1122 106 4838 321 4724 626 2251 2553 2544 4237 219 2344 4759 594 3097 825 1144 1269 813 1801 1153 2555 3626 345 1069 920 3652 798 4625 4287 4742 3027 4550 1566 1819 4723 3080 4044 2341 4320 3710 2175 2397 2657 4762 3997 1978 2199 2276 3279 3489 3654 4118 743 1117 208 3423 4748 644 3597 752 749 2182 2507 4017 320 2161 3515 3557 2258 3134 1413 2404 1150 2215 3836 1403 4647 3502 1297 3752 2887 1225 3127 1212 1583 2268 3819 2511 171 2644 1448 1085 1627 3641 1222 4830 965 4850 136 300 1801 1484 2482 509 4539 3186 583 3081 1653 4276 3300 1663 1952 4419 2744 70 393 394 1591 465 1645 1040 3517
750 2225 4957 2690 3564 431 1533 4692 1121 1804 3863 3674 3036 173 92 2689 2511 4849 3242 1490 4804 1433 4488 727 1123 1916 1701 2170 900 836 689 3653 2203 2489 2194 4068 2052 1210 758 2461 1372 3370 1244 4575 4090 2504 2478 2604 948 3442 1687 4611 660 1303 1826 1499 695 1505 42 3169 4510 910 535 1457 1451 4273 336 923 4020 166 4630 3259 4741 2878 1891 3413 4416 1914 3263 4634 2207 1478 330 3142 1365 1627 4399 2936 1732 740 4291 656 2158 1295 1152 2147 1522 1783 3773 1085 2166 1654 808 4415 3173 3162 4259 691 2325 1486 1738 778 3809 1994 1868 2762 3732 3530 3060 693 2506 334 668 4396 2053 4644 3478 1531 4783 4535 941 2740 4328 1564 3999 186 4913 4067 4735 593 1501 1196 3395 3823 2296 3191 80 1202 2071 1980 3363 1632 1720 3536 3481 3018 3264 864 354 3582 1789 511 2783 4813 4779 1673 2831 548 2237 3357 3325 368 4705 1628 353 3221 2135 2908 871 2894 2227 1715 1578 928 1527 1763 3970 337 2581 3281 1848 4089 3119 708 3432 411 1942 4065 4571 957
1243 3340 578 1751 3030 3769 662 3968 1770 2196 2428 146 2828 3926 4230 922 3544 3512 4046 2052 3702 4488 4047 2509 4070 1215 2128 1621 3206 3935 389 823 1252 1598 1379 3413 2504 2527 3324 3027 190 792 2120 1973 4718 842 203 4289 2992 531 4872 1148 1174 2894 3411 981 4857 4971 4935 1396 1402 652 4324 483 4676 3787 2145 1141 603 3284 2263 996 188 4433 3339 4973 3923 3680 1564 2501 2547 2261 2802 1050 1265 2128 4319 1760 3363 1168 2942 345 907 3074 2993 2884 3654 106 3398 2955 2498 2286 2470 1908 3363 3671 3240 3204 2159 266 2886 2747 470 476 1477 2674 3716 113 2067 3281 314 2586 1459 4530 2876 2265 3117 564 1918 4907 3197 1872 2375 2223 4948 3568 2373 3159 3867 2029 224 855 2118 1862 2113 3478 2646 4710 3353 2667 4314 2727 4809 3858 4165 2107 826 3890 3142 1595 1015 1702 2862 3154 2397 2703 1211 2254 1071 1639 4895 4941 1838 4003 141 3135 3974 4970 3032 4388 2128 853 2486 3860 4655 2951 2721 2094 2161 2085 3445 3317 1553 1064 2872 4284 2171 830 797 1280
1458 3388 4248 520 2660 2830 1313 2575 4236 353 1613 3440 2064 1893 1580 4003 3386 2889 3317 1605 2217 727 2509 4839 196 1651 3095 888 2704 4003 1884 527 2374 4989 94 2399 3993 26 3463 2557 1661 4887 813 4703 2625 2185 1590 1493 1710 2261 2569 2895 311 2303 3346 4041 3546 1703 3419 3055 2646 2526 4779 1388 4403 2714 4943 1058 4528 828 3598 3768 2786 4951 685 4669 4016 3026 4130 4214 3145 3916 158 3868 1801 345 1628 1342 4241 348 2403 4110 278 3167 3480 4868 4880 3852 4433 3684 3115 1871 685 1818 331 925 711 3021 829 4516 3729 3424 4969 1296 4256 2406 3296 1584 749 4420 1682 2842 870 1052 2032 126 2759 3617 4991 171 815 2857 4525 4590 2376 560 2658 2102 662 3378 2571 1790 4773 4858 2308 4448 3651 3219 3439 4180 284 4455 2407 509 939 4854 2385 2550 49 4636 4180 215 425 1921 3459 3446 252 4951 886 878 943 3916 496 249 4579 450 147 4870 2127 4316 719 2100 575 2212 2959 4168 3409 1229 2823 2236 3920 4564 4856 2478 2929 2262 3003 1306 1564 1860
871 3094 3377 4469 1237 2104 3891 2360 1090 3383 2161 3619 711 555 1580 3296 2020 3125 1862 1109 3101 1123 4070 196 3845 4371 462 4160 694 4258 539 154 1815 2062 1211 3915 3242 4066 440 2824 908 2131 1228 4464 3247 3660 4412 1306 2275 2620 1996 564 2863 3866 2395 1181 858 3859 1000 1777 43 2718 1547 4373 1205 4648 4793 3802 4723 4761 3659 3781 3755 910 2973 1578 2497 4451 464 1593 4351 4787 674 3652 450 3374 2983 3956 1778 1280 2176 3629 4333 3105 2000 637 2179 1872 4351 2692 2636 2399 245 4310 4828 4137 3662 3974 4442 4601 4180 4520 1043 2197 4190 3303 3838 66 4265 267 4907 2278 418 4620 4769 912 869 4710 3975 746 2461 1543 2516 1455 3536 3192 92 1937 3585 4353 4188 3326 1327 3339 1991 1648 3950 826 3856 336 3586 3795 3545 3698 2498 3998 2435 284 2250 2859 3438 3666 4887 134 4932 4385 4998 3853 1280 375 1435 1337 4051 2627 573 953 484 3619 564 1675 4188 1501 2128 1388 1828 2204 1847 205 1494 3928 52 407 2739 1842 430 715 2077 4173 1360 1140
2670 3781 577 3722 3997 1443 427 1429 1321 1652 4826 2853 1580 2668 834 688 2720 4159 148 2564 3107 1916 1215 1651 4371 4397 152 3191 3115 3649 1271 2341 3427 167 2675 3279 2096 1833 4374 589 3151 4331 939 4813 4606 1482 3825 1383 1796 530 16 2247 2852 4919 1274 1345 3530 4540 661 4575 4590 2723 1128 2041 1672 3594 4457 4762 2374 1369 3593 1415 3623 2708 1705 4206 2076 4409 2189 4023 2017 2043 861 3067 1688 3341 156 2693 3863 2507 560 3680 2872 2586 2507 2055 2837 4588 1249 3927 2825 4242 2922 3542 3753 591 3629 812 2090 2078 3340 2176 66 4283 480 677 4294 2823 914 2742 4953 651 3751 3822 4982 4450 4809 273 892 4412 4163 861 1789 1431 2551 3397 2236 2915 4774 152 2105 1906 4317 2018 4792 2938 4029 880 4189 4777 2458 2180 2799 3783 4420 4662 1571 1320 346 1389 4733 1981 3880 4673 1890 4751 3366 2333 2309 1245 182 4261 1304 4948 2383 2610 551 3231 3756 926 4827 4468 4710 4370 1473 479 2386 3801 3486 4355 2979 4695 724 3460 4397 2579 991 2238 3748 3615
3752 2512 3722 2645 1951 3412 4694 1955 2452 3240 2360 3463 209 1676 1252 4844 1323 2537 4441 1271 2872 1701 2128 3095 462 152 4594 4698 580 3852 2395 3669 858 1461 192 2832 4189 370 1510 535 1181 1297 2542 3197 1847 97 3263 2313 1868 3874 2620 1286 3640 3794 3894 1758 4527 934 3415 4669 3486 2488 3156 1315 1780 1687 4108 590 4454 3046 4257 1251 541 3171 2378 1291 2538 4196 2260 3577 3640 3835 2108 3854 3546 501 257 3832 2414 2531 3227 4781 190 3873 374 1665 4427 282 498 4264 72 1307 2470 1321 3438 849 1685 2017 159 1855 4234 830 573 1902 4550 3542 3725 413 3828 184 2876 2911 1735 2867 3781 3827 1933 1712 2585 3393 2729 1041 3376 1750 4955 4757 801 3298 3790 1575 4293 3381 1239 868 2847 3758 2895 4550 4498 1044 536 4050 226 2071 3342 219 1117 1296 2378 3496 2536 1405 2395 1437 2748 1301 2203 3878 132 3520 1006 21 1683 4431 2908 4401 3920 3829 1242 1453 2991 3983 1831 677 1023 2012 1546 3540 4745 1768 4416 127 4320 3139 2209 2302 2606 1603 3279 3820
4791 129 980 1960 2814 1570 4119 1428 1255 1276 3172 3954 820 2092 3806 62 203 2773 821 562 2510 2170 1621 888 4160 3191 4698 2814 4305 1425 2559 4770 1898 4055 3517 582 4193 1418 2679 2114 1604 3166 1815 2915 1528 1145 4040 3781 4821 4804 3854 427 2234 4405 4807 3042 3708 2202 2677 792 4245 3454 369 38 784 3470 3663 3325 1127 4006 951 4582 479 2831 3845 2695 212 746 2129 2899 2356 1472 2152 3614 3529 740 1144 3300 2419 4310 1215 3606 4730 3616 1674 1131 1199 2073 3247 991 4294 4804 2635 3528 134 734 676 1169 3442 3750 4153 3250 3617 2225 1649 1327 3501 4669 1853 4619 4403 697 4179 1341 2019 3922 3582 254 3442 4407 3059 3508 3238 2281 4155 2411 1393 4382 631 2530 4268 4908 3003 530 2648 4459 3361 3590 2379 2624 411 2334 2835 2929 2624 2112 4401 2152 4734 2663 2566 2764 681 2796 71 2376 2958 4991 2527 2795 3398 3333 1129 4311 4619 1218 4246 4820 4815 1536 2611 4349 4687 4906 1113 1737 3043 3459 69 3699 2827 3705 738 3791 2084 492 686 3394 683 1081
3951 904 3256 1862 2022 3563 2469 3228 1827 2201 2085 1077 2124 2075 4638 2170 3468 748 3559 3910 3437 900 3206 2704 694 3115 580 4305 1585 2655 4037 3557 4356 329 1422 4740 997 2352 2234 3246 2898 4283 2479 4482 2488 4317 1538 4516 760 4053 334 4802 4966 3765 2133 2859 2401 1661 4392 1595 2093 2602 4948 4715 1449 2330 1678 4173 4628 3133 675 4654 173 1864 1379 3238 306 4128 4563 3413 31 1762 1254 2934 2597 314 952 4847 2381 457 4454 872 627 4138 291 4535 1792 4487 1167 3879 4875 4913 132 3996 1166 3901 1896 2411 2824 1295 316 3841 700 4667 210 1224 3585 1157 1147 1561 2240 4655 3950 1193 77 1542 3093 4198 3153 3450 2420 1683 817 2327 1545 1269 2302 2966 2323 4525 3257 1601 4267 2627 59 2806 2738 3107 4438 468 922 267 3601 1388 3652 2514 4133 3754 4615 4451 3377 1676 2413 1864 4278 129 573 4388 3765 4079 4669 4438 3478 1052 3382 4462 2544 1195 3944 2757 1498 3705 1319 1247 3734 4696 1496 4362 3065 820 1781 1514 4749 372 94 645 207 3571 98 2566
1448 131 2715 729 4724 3230 3024 2755 1168 426 173 1706 4059 4429 1884 1912 2824 2984 2033 4555 2239 836 3935 4003 4258 3649 3852 1425 2655 118 3313 74 161 4918 3696 208 3946 3729 2843 1906 718 2830 1943 3215 4596 1952 1221 2805 485 1417 2480 2632 367 3385 2791 2046 991 1155 807 424 4702 3554 1303 3804 4311 4260 3293 2813 2192 1343 3078 4438 3400 4893 3249 539 1323 3152 2144 4422 4854 492 2821 2169 3052 4622 1581 1901 844 2767 1974 1299 743 454 2811 1354 4728 3493 2980 3007 3148 2182 1161 468 1126 4459 2009 230 1256 4675 3724 246 3709 1690 813 3046 3508 1029 3535 1868 4803 1898 4792 974 1302 330 2778 1760 732 387 3297 2050 1178 2737 2057 3297 2379 1555 3802 1563 4414 2888 2593 2409 4294 3782 4254 3120 254 4358 583 2832 460 4802 4840 1282 3496 4388 1725 4685 4762 1729 559 4823 1024 908 837 1617 120 4370 1242 3044 2239 1991 2481 490 3843 4821 1569 1069 77 238 339 4406 2138 3999 4446 2738 501 4110 4747 3076 4050 394 4787 4182 3593 4673 265 1474
4309 4311 3063 902 4500 2565 3558 4483 1199 4008 4893 1296 1915 4197 1158 3677 2448 1023 2286 3072 249 689 389 1884 539 1271 2395 2559 4037 3313 3385 4948 4804 432 4834 1631 113 2434 4880 169 4275 2079 3736 3524 3042 361 2791 3471 616 473 3671 2948 4909 594 3859 2976 1978 2923 2408 4185 617 2669 4179 1403 856 1993 897 1658 1863 3014 4523 1685 4858 2149 1497 4590 3083 1593 3425 2589 2541 1384 910 624 4772 3339 3851 2221 3408 906 2212 4815 97 972 2389 289 2942 2123 1148 4396 468 2889 1048 2191 3400 4737 485 1739 707 3835 1811 4613 2753 527 2570 439 1499 2704 1610 176 4644 2885 183 2670 3102 2785 2097 2873 4194 1323 3872 298 3737 3075 3413 2266 2254 3395 2901 2158 2699 2483 2693 4396 2646 2606 524 1161 4860 1642 1985 1678 182 4840 75 2334 60 4989 4231 1404 4028 1289 2119 1607 730 420 1115 2083 2799 4799 4782 1825 4718 3862 276 4174 1084 2457 4541 2166 3714 3366 3245 3346 2511 3011 1009 887 716 3109 2941 161 3652 4785 468 3881 66 1870 1534 3765
2237 2930 464 745 2470 1251 3520 2363 3906 4711 4448 4077 2320 1882 3720 4773 833 2275 2647 2125 2608 3653 823 527 154 2341 3669 4770 3557 74 4948 4590 3139 4328 983 4682 1187 4213 918 2056 3430 4958 2995 1735 2922 3009 932 2910 1942 3390 3014 2080 3229 2166 1936 645 55 300 784 534 1794 1452 2109 2796 4300 3579 3948 3460 2030 3338 3857 923 4873 3715 2900 2280 4338 1534 4372 4488 2987 548 4418 4472 4274 4579 3151 2357 478 2088 4224 2715 4970 2155 620 2979 150 1761 2681 4442 3360 3858 722 2069 4559 19 4676 3295 497 475 718 1038 3143 1843 4695 3305 837 367 818 4241 2630 530 4285 1895 2912 2802 4575 992 2931 1809 4725 4735 4909 264 4625 2044 3796 3500 980 3267 4987 3716 4887 4801 2883 3747 814 2947 2798 974 3268 163 4721 1601 4992 1675 3862 3284 31 556 2983 2512 4372 3867 4471 4560 1695 896 1602 665 1770 4912 2525 1793 949 4005 2812 332 2084 3610 4826 4967 3050 1123 1645 224 99 2485 4212 4457 663 835 424 2350 1551 3962 4199 3410 1069 326
224 757 1408 662 2245 1208 3941 4425 4334 2843 3107 720 4068 3420 693 1220 908 1149 960 3780 4762 2203 1252 2374 1815 3427 858 1898 4356 161 4804 3139 2614 56 574 2585 340 1653 1129 586 3612 3068 1123 4385 3540 4517 2592 565 1085 1327 1839 3755 3504 482 4423 2178 3695 4501 4192 3364 2393 1809 1662 3833 2936 4624 2760 1431 4089 2065 774 1089 1946 481 3001 642 4512 3204 4849 1630 504 3801 1345 4125 3091 3124 565 1955 1185 1510 2057 3758 1256 1670 3674 1602 3881 4328 1324 325 22 1086 3160 3257 3467 347 3720 1911 2782 4854 2104 3256 1899 2739 3075 4077 376 1609 3710 4357 1069 1680 3922 3624 2284 1142 623 2435 4850 2288 2620 46 2858 3161 4557 2311 3469 3756 2525 3353 974 3043 1839 398 4420 2907 1313 1175 3944 3167 800 397 4562 4460 4536 675 4648 2743 3918 3793 4895 3097 56 1563 490 4178 2315 1957 2395 4927 1286 1719 1518 3924 695 2926 3556 559 877 4154 2428 4756 4412 4969 2514 4508 860 2553 4910 2277 2215 171 1113 494 1619 1092 3896 4272 1224 3782
2791 178 4472 3490 4740 2570 4242 1497 3699 3023 1407 3746 2684 1278 797 1932 4665 2173 4621 1790 3930 2489 1598 4989 2062 167 1461 4055 329 4918 432 4328 56 1808 4965 3506 1055 922 1038 1127 395 3386 2816 870 3390 4137 4245 4984 4367 2256 2791 3294 836 2208 3718 1803 4632 2459 4314 94 2166 1488 1610 110 1218 2645 4313 579 4629 263 1183 4335 2361 456 2272 1441 2251 563 2362 864 4416 4776 2062 2278 2331 3343 3129 3599 197 1231 1938 4966 1927 1187 4856 3541 139 1439 523 2582 2315 3705 4259 1650 909 3575 684 4412 4867 682 955 1348 3699 2163 4340 2131 1324 2341 4530 2381 736 2256 4507 625 2429 2620 1507 1982 4709 2919 293 2078 2830 768 2411 1160 2841 1634 724 4717 2856 1571 2347 2332 188 1240 3042 1430 4107 4408 2084 3052 1932 2327 3644 4173 4274 4097 2810 1518 3378 2902 1624 3061 1966 2730 1605 2174 1234 3710 3129 3293 3409 4855 2428 1730 4390 2082 2928 142 1667 526 2665 1424 4230 4342 2149 2024 1456 1780 3157 4904 1404 2813 3610 2792 2103 2500 748 3476
4017 4516 4163 4533 3963 135 2289 2263 3295 575 200 1232 4514 2013 4880 3042 3248 1575 4230 2801 1954 2194 1379 94 1211 2675 192 3517 1422 3696 4834 983 574 4965 1879 674 3319 2266 1305 2701 1382 2057 885 1702 12 4428 3191 4545 3409 284 4389 2173 1250 631 3810 1573 3150 3329 2395 4989 545 4026 1804 3550 719 511 3209 1368 4496 1050 1914 2237 2318 1793 3604 1056 3786 1980 4320 2549 3226 4001 3636 2076 4151 819 3642 3940 87 2921 1226 173 752 4596 3515 2412 899 2962 4210 2320 1790 3339 3321 2632 120 404 1081 876 368 2348 807 2240 1521 2622 1758 4907 1616 438 4810 1334 4351 548 3139 1462 1347 990 4681 4370 1170 900 474 3618 2404 4608 3043 35 2936 454 2417 1617 3402 745 4796 3329 3391 558 998 2576 1000 2847 2328 141 4362 1498 1781 2695 1393 4224 3777 2540 4105 1193 4818 40 1064 1948 2679 2207 2263 817 2968 2203 4655 2646 3160 4191 2007 1136 2949 2705 180 4148 4961 4682 4843 1144 898 873 2995 3201 2839 4092 2416 478 249 2097 2784 1904 1980 4566
2696 2359 522 1206 713 4862 435 1987 2506 1497 1049 1115 2745 4059 553 2424 835 331 3467 4214 764 4068 3413 2399 3915 3279 2832 582 4740 208 1631 4682 2585 3506 674 4438 3128 4250 840 3955 551 4955 2679 4681 2455 4603 1292 2742 3904 2129 3787 2163 1469 2078 4130 2850 2883 445 553 3516 214 959 239 4482 652 3378 2116 35 1737 4976 2218 2600 683 4322 3984 872 3250 880 108 4376 2163 3039 4467 164 1787 1490 842 1955 2721 1461 278 3403 1380 805 671 1506 3895 2585 816 4952 100 4838 4085 3355 146 3267 172 4255 921 4055 2996 1170 61 1884 4650 3928 4025 1669 4084 309 366 3058 3977 641 4668 2343 1531 1024 2348 2821 990 1053 358 3735 2095 4768 80 2231 680 2725 4617 3608 3532 3709 3806 2316 3991 967 1137 3490 3791 229 819 1852 4172 729 1895 2264 4180 775 91 409 2938 2486 231 313 4060 280 2355 2909 4351 1460 4014 501 2441 2701 181 312 809 3769 3040 1311 821 367 845 2191 2449 1597 1604 4784 2943 890 4195 4136 156 85 614 934 4769 2977
4551 4456 4546 118 980 3763 2113 4719 2446 1559 2078 1607 3920 1265 3353 4315 3755 422 517 4207 1148 2052 2504 3993 3242 2096 4189 4193 997 3946 113 1187 340 1055 3319 3128 3843 1026 483 4014 3028 2535 1777 4769 2432 3779 1201 1986 1965 1566 4075 1920 3811 2210 1959 3062 3057 2871 4185 3967 128 3352 4714 2392 2384 2111 3866 1567 3013 1740 2420 88 3472 4302 4636 4325 3255 2035 4113 4487 3154 2384 2878 943 3186 4524 1954 1304 864 1221 703 587 1314 355 4138 4702 514 299 3456 2291 4514 3777 4211 1438 829 4674 2987 4341 1880 1646 1910 2127 1768 1808 4686 4728 4964 4422 4158 3481 1896 4558 4458 2691 2054 3571 952 3594 4406 4663 2272 1615 40 881 981 3631 2219 4917 4842 3349 729 603 4312 3968 4289 774 4123 3754 2213 1509 1667 3606 1276 1371 191 1649 1665 1081 4378 494 622 3025 3580 953 892 1097 2232 2344 1289 4867 3503 1043 3680 3768 2623 4395 3509 2621 4225 1809 243 1816 4787 988 1076 2461 4012 2762 4747 161 3834 2212 3658 4078 149 239 2988 1996 3089 4851
4876 4936 928 2486 2993 219 2946 3990 4329 3240 2184 4937 826 1097 760 3863 554 1809 2915 273 437 1210 2527 26 4066 1833 370 1418 2352 3729 2434 4213 1653 922 2266 4250 1026 909 2500 3249 2620 2316 1313 3489 4217 3966 2273 2124 3155 1113 1184 959 1358 2569 1878 1977 1029 3252 4341 315 4916 1109 273 2450 4839 2728 3033 46 1653 2827 1991 4897 4281 4263 1927 1243 2889 352 3376 1338 3921 3423 200 4013 3714 856 1320 3956 1546 95 2968 2019 1951 1692 2857 4566 781 341 4090 4261 3707 3719 4718 1229 1901 3232 275 1580 1005 4641 952 659 4087 3072 2032 677 3115 1769 2140 335 710 2230 3864 4293 312 543 3440 3918 4688 785 1996 2540 1398 2397 693 3569 2221 4244 11 824 426 2526 4209 3503 523 1971 26 1804 1015 4459 2993 1642 354 1501 4176 2769 4203 4506 3903 2579 456 1389 1230 4907 4353 2417 1790 1234 3943 2728 1968 785 1879 2928 100 3153 1010 4291 3360 3367 2412 1015 4423 1238 2564 1020 987 2577 2961 4945 4879 3955 2876 4046 3210 1542 205 2584 1391 2879
3821 178 1837 4719 4676 3778 3404 3922 1878 444 3953 4814 3031 4047 3752 377 2955 1691 2514 4324 1534 758 3324 3463 440 4374 1510 2679 2234 2843 4880 918 1129 1038 1305 840 483 2500 2102 3327 1904 2057 811 1920 2992 1586 4603 2467 3167 2747 1621 1547 516 4418 2411 4102 491 1050 4448 4817 2393 2082 1226 4845 4758 4222 3054 4128 4477 190 4585 645 2231 4196 4353 917 3358 4907 1820 4482 2213 674 2011 4097 705 602 3477 3555 1024 3109 3336 4256 1771 1029 695 3503 2750 1881 4099 4834 1505 1035 3198 2512 4492 110 3887 2998 4689 4203 2184 2668 4370 227 4140 3243 4723 1003 700 4513 4472 2491 231 786 2706 1243 877 2552 3180 133 1586 313 3560 3004 598 3332 1177 3620 3410 1124 397 3207 4205 3198 1660 3471 2540 3652 2073 4708 2318 476 2190 3302 2791 3420 2096 2847 1911 1530 1360 1267 1926 819 2319 4035 1806 2156 4182 4391 511 4155 2956 1075 2014 2253 429 3805 4216 248 3412 1599 1184 248 480 1714 3111 1642 2326 4601 1343 3911 1175 1581 4563 2592 2419 531 557 2659
3863 1725 4022 2544 2044 2601 370 2664 1828 706 2116 4992 216 1297 3257 4955 2187 4121 4242 4530 2422 2461 3027 2557 2824 589 535 2114 3246 1906 169 2056 586 1127 2701 3955 4014 3249 3327 1347 3734 2151 452 2842 1978 1475 2782 3665 446 4752 57 550 2619 4627 4597 3056 682 291 1590 822 2497 2031 4548 1651 40 1497 1464 698 647 1476 3263 878 2425 4972 21 1896 1883 1864 3882 340 4261 2830 4940 77 1658 4662 4700 2364 287 516 793 1980 3734 2132 4956 3014 2264 582 2199 2817 3632 412 1197 4895 656 1954 325 1736 843 4749 2820 4508 2714 4852 3868 4635 2427 133 2337 124 3417 384 406 1084 115 3386 899 1882 2127 3069 3700 4472 4143 2069 1824 4936 4774 1918 2340 920 4054 3341 3058 2994 4912 4139 2675 1848 221 2473 955 1865 91 4242 2364 3487 530 4859 90 1982 286 4603 3845 1667 1273 3138 196 1143 2149 3821 2379 4911 1590 1100 650 310 4178 3744 3116 3234 1104 2588 3797 2474 2754 3297 2401 2780 435 3791 1132 1962 3810 4595 187 4559 1303 2107 3728 2384
