N: 200
M: 90
Symmetric: true
Triangle: false
3 12 85 57
1 103
1 15
3 157 183 82
2 62 196
1 60
3 79 66 38
2 33 114
1 126
3 165 155 145
3 3 27 61
3 5 169 186
2 13 98
3 54 67 73
3 146 20 147
3 127 193 128
3 59 119 49
2 22 53
2 39 135
2 70 120
3 9 131 81
2 187 149
2 159 84
1 137
4 108 116 89 180
1 72
4 182 115 129 2
4 175 195 18 168
2 55 167
2 174 50
2 68 105
2 42 34
3 133 184 26
2 6 152
2 109 166
1 130
2 94 78
4 171 194 75 87
2 197 163
1 90
3 100 158 63
2 69 136
2 113 142
2 117 144
1 151
1 173
1 181
2 4 40
2 177 96
3 104 80 23
1 8
1 95
2 47 141
1 91
1 37
3 52 122 200
1 156
3 86 198 19
4 36 178 148 48
4 123 93 92 29
2 28 164
4 41 102 106 162
3 191 188 74
3 11 199 71
1 58
2 30 161
2 44 125
3 65 32 16
2 101 99
2 46 7
1 31
3 43 35 76
3 138 118 64
1 10
1 97
1 17
1 110
2 150 140
4 21 143 83 107
3 1 88 111
1 192
2 179 25
3 124 24 112
2 56 153
3 160 185 170
3 154 14 51
3 189 172 176
1 139
3 132 134 121
3 77 190 45
182 3432 3113 1060 3418 1096 1042 3281 3333 4865 491 2830 4466 3608 1578 585 3536 2317 407 4638 682 1328 339 1133 4259 655 1931 4568 4484 3992 2017 1410 3515 3657 4667 956 4654 3595 821 3414 841 3585 1693 1168 1617 1688 1963 867 229 1925 739 2588 707 705 388 2178 836 1016 4835 1683 4659 843 2405 2086 4576 4325 1542 2522 959 3845 1619 1467 1848 4692 3060 2762 3508 302 602 144 4491 2165 3963 694 3481 1474 2278 2742 1995 2872 2196 4787 4334 4684 2678 86 4511 2621 3184 305 2709 2494 356 38 3405 4741 4903 2451 3756 4337 440 3739 2162 4660 4147 3482 4654 1855 590 3545 4236 1302 4455 2716 3522 194 269 4562 2377 537 2375 3517 1520 1678 2540 1625 2307 3525 4834 643 812 1002 4564 1533 3154 4416 717 2337 3481 4910 1513 3308 4056 265 478 2605 4738 805 4856 515 2137 4204 2175 4296 1241 1347 1235 4280 3527 4343 166 4666 1934 1143 1872 1810 1851 4907 3599 292 4409 4103 2016 517 628 1120 3937 3289 226 1232 559 3925 466 751 2064 423 3600 392 3266 1700
3432 1074 1279 2561 108 1149 1046 472 2608 1126 1450 3315 1174 99 2452 3780 3042 1456 3337 2945 4233 413 4551 672 3054 656 4662 1130 1823 488 2471 3369 4428 4055 2591 4563 4559 2647 4036 3064 1778 4581 3334 2530 1855 4619 39 2684 1338 3663 3150 3374 1403 4232 2618 4770 66 3084 2399 846 299 4468 1842 299 2779 3530 1348 4295 2995 4486 177 3605 521 1601 2693 3942 342 3034 720 3238 3033 4250 982 4475 865 1059 329 4548 3221 1393 893 3579 1714 3582 1757 251 2532 1316 732 4687 3947 255 3813 2063 3396 3653 1301 1888 3625 1673 2144 2408 2482 797 4891 1289 4309 1750 1329 1780 1034 2260 1097 110 1070 516 2903 1244 2502 200 1100 221 4118 941 2985 3782 1440 774 1673 3505 4135 1917 2897 2054 3471 4357 1469 3312 704 879 2170 1809 4317 407 4797 3465 863 1725 4353 2157 349 2254 4006 4064 3113 612 4618 4444 4969 3233 2902 688 3994 3398 2289 1362 4955 2475 1747 4987 588 4353 3622 30 4081 3361 827 3023 4980 2167 4979 772 4148 3816 2620 4615 3754 2260 915 683
3113 1279 1468 4362 480 3739 1977 4311 987 4732 4936 3643 1902 312 3732 1607 1784 2117 1266 1305 1152 661 1992 559 1292 158 1364 1181 2230 3132 2806 2615 4644 3488 4123 3000 4369 3225 3829 4164 2920 3409 3515 4371 3335 665 408 3557 113 1409 397 1792 4043 1437 4654 4321 2946 1991 279 1847 3146 2164 2889 2357 754 1984 89 2227 1060 4197 4084 3030 1080 2064 2937 4789 3098 207 4879 1406 3474 1450 4025 2115 1613 3708 3441 2857 1063 3406 2185 3694 723 4237 4978 157 4659 1684 342 766 2229 830 1949 3436 2055 4546 1724 4871 2871 771 3689 922 1738 4745 2383 430 516 1901 3231 3921 1349 2584 865 314 745 1901 3595 2933 338 1769 3003 473 1305 3681 3998 2649 3085 3028 4665 2863 2107 4356 4452 1224 3945 2149 4639 3565 3005 591 1918 1974 1474 2510 1040 2026 285 4353 4437 4465 3197 413 3189 4167 2858 62 2064 3541 1258 3649 528 2508 17 4080 3539 1311 3857 723 566 3069 1751 2995 2081 1097 2554 3481 4763 1263 2508 791 2105 4888 1483 727 936 1233 1418 2397 4727 1887
1060 2561 4362 684 4865 2377 1618 4759 305 1709 937 2310 4865 2107 2278 796 1099 3772 1192 528 2517 3934 4107 4240 4596 4980 689 4214 2528 1666 4366 2251 630 18 2590 4737 3252 4720 490 846 2101 1348 1778 1957 3877 2060 2937 988 3721 2947 1144 87 4677 3874 2997 783 1492 1392 3791 3080 1523 2185 4812 1353 1666 3594 2949 3105 4330 226 3861 3659 2187 3242 2253 4090 3111 280 2705 133 1051 1921 764 1833 498 1538 3694 4723 3181 3551 1452 1210 965 797 1271 1135 1787 4721 1394 30 602 1713 2318 2490 1342 3337 776 1870 3096 551 4483 3271 1212 820 2100 2930 3744 4588 4445 2713 4346 814 2754 604 2950 4236 3386 2433 3090 1983 3824 3036 3542 3070 4553 1304 3510 3163 3226 4282 3086 2589 2220 1215 3694 3654 4149 4506 3684 3086 2655 4033 1958 4838 2791 1222 2004 4513 2118 1510 1298 1322 177 1220 1834 1332 768 4502 2469 1550 1055 2592 4303 1863 3822 1494 995 1110 3366 1316 4043 2778 3278 3917 2215 3601 1334 4110 1075 1128 3667 3404 3320 1119 3280 996 1356 1191 1335 2833
3418 108 480 4865 3394 697 1119 3988 1257 751 4085 2717 4810 4873 741 4003 2398 986 3706 2997 4308 2392 3811 2209 871 272 1669 3863 360 2550 3744 2609 3305 772 2459 4251 2717 1140 1583 4622 3354 23 4217 1235 296 3940 1480 4660 1737 2952 465 747 777 691 1877 2122 158 4109 162 4586 646 184 3297 1139 2201 2416 4421 3566 4233 380 2745 4604 961 407 404 1776 1582 4880 2518 2331 4212 2528 793 566 358 4020 4117 1138 3688 82 4728 1072 4444 4768 809 3692 4220 1122 152 2369 853 1509 331 1507 1552 852 3501 1492 3847 2988 3909 2029 2065 3257 867 2227 1160 2511 3209 2424 3199 767 2784 3248 599 4282 4831 1461 594 1702 4970 3235 4965 13 3170 4296 2035 4778 3525 1934 994 4225 677 1073 132 811 3529 2949 4452 225 1142 3825 4006 2459 3515 2646 2093 3051 2279 4916 2286 273 3714 2767 526 1331 2430 114 2963 834 3950 4656 3829 3429 2747 2844 1458 916 2297 2158 2522 3947 2736 654 4128 3056 3134 3476 3878 654 1956 2043 2506 2042 1517 3737 2245 4592 4109 2569
1096 1149 3739 2377 697 3910 2507 142 688 3119 1718 4256 2395 293 3565 2534 1836 4148 4114 3617 3475 2883 3764 4127 762 245 3948 1019 3161 2017 956 185 258 4622 3152 3125 4676 1776 4004 1948 615 2933 2644 4774 4094 2161 164 1511 3746 2932 4068 1852 109 877 940 1695 836 416 4870 1123 3370 3625 1002 914 3307 1088 2184 1010 2653 4483 2750 1411 195 3847 3218 2078 4248 2610 4365 4359 1195 2610 4911 983 208 1596 4512 4549 2179 2938 2255 2139 3676 945 1529 3407 1551 1111 4839 2224 4378 3963 4060 3648 433 20 2676 3219 265 2560 2524 4655 2952 3364 2278 1669 4483 879 3607 2313 662 1634 4182 111 2580 309 4163 349 1180 1711 4864 1784 1461 4747 4029 1840 3136 438 716 507 554 1311 1874 3277 171 4485 1081 2822 289 4249 267 1903 3530 4494 2480 2981 2140 1751 1555 4235 4774 256 781 2589 367 788 3857 4807 3992 4303 2665 911 2672 492 810 2930 1452 1955 3433 1022 2497 3042 2557 1875 2576 4589 3085 1756 2104 170 3343 3388 824 3954 3541 3289 2558 1191 835 1995
1042 1046 1977 1618 1119 2507 891 2645 2979 4293 605 3975 1816 2402 4110 3342 2520 2574 313 817 3707 953 4157 2658 1436 3010 1387 1758 774 4444 4853 3412 3522 996 314 3080 4301 2161 3104 4471 4067 3279 4072 1689 3006 2544 2625 3369 3190 3995 2025 1164 3292 2252 2609 1121 2003 1690 3983 3698 4660 3336 3622 2004 4340 4705 1377 4350 786 2434 2146 4009 4592 1082 1008 2653 528 1669 4307 1555 1227 1371 3107 2186 862 3702 1467 931 3725 4944 2185 2833 4779 577 747 892 180 137 1444 4352 820 930 3502 3807 1974 2256 2035 3309 4911 3551 2984 4182 524 4354 1381 837 4128 4610 4836 4786 4508 3931 2062 3523 179 3917 1027 2851 4477 4179 810 2416 1245 3121 528 4834 168 640 4750 3109 3779 272 530 1944 1920 3034 1182 1110 3139 443 673 3911 3402 4993 1712 2496 4126 4007 3144 1957 4646 3990 4768 2167 992 3946 2478 3529 3612 852 3232 3097 697 1780 418 4238 189 3673 2706 1360 4221 1624 2434 2368 4942 387 4653 3397 1844 4447 2320 2325 3572 2884 4553 96 1596 312 4749 949
3281 472 4311 4759 3988 142 2645 3964 3302 2521 4309 2085 4360 3329 4577 805 884 1661 4766 778 2230 2793 4924 2772 4583 511 3599 4293 613 543 1644 3838 1554 4135 984 3576 1565 1894 1073 1413 3869 2794 557 1464 3671 4902 3470 1745 297 1787 2889 3074 1393 52 722 4326 1936 3484 1176 2842 4610 3248 3896 3781 2586 2785 3450 2041 883 213 4158 1084 2385 608 4569 4081 3289 3156 4642 4066 1824 351 4517 3740 3200 1194 828 1128 1452 4692 1210 1106 4931 4138 4806 1716 511 4884 4681 4175 2755 1016 185 1996 2438 3531 4049 32 3946 2523 1962 3291 2199 443 2129 2503 2346 3808 487 4780 2463 4691 3806 3600 1817 815 2653 3838 122 1272 4498 857 4087 4731 1884 3750 217 3445 2378 3012 3901 4248 3044 161 4153 4909 2445 1004 274 4255 1621 187 3532 113 1470 1070 2477 2359 207 4557 2370 3264 3000 3727 2099 2316 3323 1923 4986 2327 3147 1311 2149 1149 1350 842 362 3460 475 2463 1725 913 3713 2540 865 424 2768 4053 2771 116 2217 4121 4904 2016 2285 1039 839 2770 1227 2192
3333 2608 987 305 1257 688 2979 3302 2619 3064 4082 2877 156 1749 2723 2717 4293 2343 3967 4751 2074 2407 3795 2607 189 1738 4502 4511 2571 1848 4407 1339 3065 805 3577 732 1122 797 3458 4914 4533 3636 3792 1061 4108 4222 4851 141 778 2100 2826 2907 1354 1470 40 4149 3483 3091 4679 4328 4947 1540 4629 4169 3987 3057 4927 1033 4279 403 3979 2661 4396 4141 1844 3152 3852 4248 4976 3885 4876 469 3815 3113 3925 1342 1248 347 2997 3923 3812 4385 4049 4105 2110 4067 463 961 71 1236 4503 1552 1831 2009 690 888 4619 2540 4738 3207 3745 689 3981 1221 4133 2351 356 2349 4687 4023 1271 3055 1578 2565 4079 4118 2086 163 2020 3853 297 1690 4419 4461 2867 1479 1779 2427 3859 2039 3853 116 624 2599 1408 324 2203 2672 4522 4733 2809 2532 1511 1107 1407 1566 3280 2331 2648 1107 3656 4118 4893 4371 421 336 2704 4319 3174 350 3714 2777 3103 2549 4990 3158 562 291 4440 4686 1361 2878 4165 705 1480 1864 473 199 784 3593 3587 2282 2135 3763 3423 256 2521 3730 735 2416
4865 1126 4732 1709 751 3119 4293 2521 3064 445 1217 2591 4683 33 2288 4277 1770 3235 2657 4770 2120 2820 2078 2139 2956 275 4727 1943 1658 1939 2974 1970 2651 188 3483 2777 1216 3850 2172 2424 3933 2295 4218 4275 3678 3686 2696 1784 2838 2145 1493 3500 3960 4268 1690 2070 1868 4502 2460 981 1324 2040 144 825 3782 1592 700 3760 1879 4806 2989 925 3380 3724 3232 115 2312 2811 3874 1731 1644 4461 3749 177 1581 2402 1069 561 829 2250 2904 4353 2461 3250 1819 2408 4424 3878 764 672 709 4358 562 399 1620 18 2625 4830 2908 3708 3631 746 2078 4827 2589 3367 3187 1954 3277 3605 2970 1386 3317 1907 4491 1840 4150 1770 26 3364 2527 4469 640 4140 1241 2846 3455 310 2649 1924 2117 4967 1239 3598 4031 2241 2942 2508 4899 1027 327 3991 4437 3831 1952 3528 3707 2677 4183 2624 3192 4620 3034 3013 837 1749 1534 4852 144 2310 4722 4172 1006 3231 1992 4892 994 867 2790 2754 780 4672 1161 2356 2865 4170 822 1633 2947 726 2155 508 1985 2259 4714 2939 2421 3139 985 3013
491 1450 4936 937 4085 1718 605 4309 4082 1217 3195 4771 171 2295 1008 4024 4710 2003 1679 738 984 1200 3776 2305 3855 3766 66 2848 757 2614 2788 1958 3828 2245 2733 241 2127 3537 606 1476 4059 321 493 2887 374 2677 3234 461 1089 4304 4347 2967 2463 3065 3236 873 430 3095 1345 1679 2262 3986 1302 334 2111 3592 442 2076 2165 4185 2393 2991 4536 1531 4000 2824 2410 263 1423 4285 2750 4786 4420 3537 3944 896 3853 376 735 1256 32 4823 1795 2511 1109 2967 986 2721 4420 4804 3096 192 966 4568 4909 3733 4547 1486 1932 2336 106 3536 3197 4299 697 997 3150 4676 2342 3333 3393 4298 3004 815 192 308 1494 41 4196 3238 3847 2529 3880 1991 3169 1073 4556 3015 2901 1657 1173 2915 999 3674 2040 2381 2217 3153 403 3203 1237 317 4900 2097 1875 257 1750 2667 3638 466 2182 1267 2026 3261 245 731 1815 4114 3235 4559 613 2621 1999 1990 316 1943 4708 2718 4716 2923 4566 340 738 1342 3677 1375 960 3936 2301 1356 4448 2729 3983 222 1064 4733 4180 1477 2100 2653
2830 3315 3643 2310 2717 4256 3975 2085 2877 2591 4771 2101 4956 3963 2078 4936 2441 2243 3244 1634 3187 4984 2055 1665 3305 4021 4293 2141 109 2285 1563 1198 4722 1205 3928 4762 505 98 404 3563 554 609 664 2521 1841 1844 1210 1123 3789 3566 51 4218 3519 2709 1936 4919 2201 4739 3491 1924 4294 148 684 2811 1174 2056 143 1313 2751 2462 3752 1336 59 2150 474 4455 2035 956 1330 4241 2436 1026 897 3798 3832 3823 859 4846 4201 3392 726 105 1648 3122 1081 2432 2322 1671 968 3664 370 3224 4411 4612 3115 223 3075 1684 4944 4288 1265 176 128 4824 2063 2581 4548 877 1269 4815 3578 3696 1634 1713 3426 3609 2626 3743 1319 332 1374 1526 366 4617 641 2766 845 1374 1606 1684 3789 2876 603 2650 3548 61 28 1416 2071 398 3502 3001 1203 1856 3816 3881 3906 4090 2733 386 4107 3542 3798 3583 3470 723 1573 1556 3068 2152 4632 1299 354 2919 4821 2685 442 1672 316 2186 3692 626 2071 1926 899 1454 2803 4142 3094 3367 1856 1909 4301 4930 4007 3198 3359 4772 166 2844
4466 1174 1902 4865 4810 2395 1816 4360 156 4683 171 4956 2350 743 1531 869 3046 1462 1369 576 3583 4451 1496 935 60 528 453 1928 248 667 2883 4993 3555 1544 1572 2421 2912 4375 2634 1011 1572 2477 763 2899 496 4083 1581 4110 1145 4213 690 4308 3616 162 858 3111 4171 1844 807 4628 4394 3472 4484 1713 4138 3095 3162 793 2714 4498 4103 2208 2728 917 2115 525 2480 1093 1906 2678 834 4919 2824 2435 4060 4553 4246 3486 3712 732 4901 2432 4578 1491 4444 3548 1021 3591 4416 1354 4176 430 3531 2176 3934 4216 1969 2346 2006 3260 4726 3983 4539 4247 3492 397 977 3361 2490 2061 3704 3538 3663 4354 468 1068 3765 1249 2815 4105 1708 4627 4830 2417 1787 2228 284 3786 3528 3736 1719 2236 1583 3048 4396 4588 3997 552 215 3819 3484 3158 921 2072 3640 1200 3779 201 3412 4033 1810 3716 3571 2296 3018 2293 845 4220 4995 4066 1486 3620 1762 458 839 355 1308 2297 3305 1050 2961 3629 142 2723 3669 2226 478 332 3662 3495 541 3005 980 778 1869 2875 4951 841 1694 4844
3608 99 312 2107 4873 293 2402 3329 1749 33 2295 3963 743 2055 668 517 3163 2131 2407 4949 3856 3947 3356 4948 4884 3524 3320 3021 638 4214 4607 538 4543 554 2403 2571 4619 349 4319 4462 533 836 2336 3668 143 2618 2132 1369 1588 3003 462 3477 21 3660 3756 635 50 4509 1560 4282 634 3299 4331 677 371 3899 4708 2685 1950 4788 3719 1700 1449 2137 4105 2535 2714 1029 1535 1874 3193 2435 3196 4950 4697 4564 1453 2795 3238 830 501 551 634 3929 4984 3753 3509 1206 2027 4828 146 1047 1299 3094 4070 3687 4562 1363 1638 4491 511 2005 996 89 2784 3946 2917 1456 3047 2533 1323 798 3177 1701 2330 2900 4488 3686 417 4121 1386 1374 4732 1598 4353 4752 4404 4770 3317 3942 1370 3579 2702 851 1388 1178 527 2506 3033 3470 1372 2940 3849 649 2005 3618 1241 3239 1961 1664 717 3131 438 4432 1824 3727 4703 2893 4387 1415 4778 2351 3311 4652 4518 1209 4463 4885 3415 3557 2069 1811 2628 350 2080 2401 3676 198 4889 2159 158 3185 4616 215 863 1417 1979 4048 3683 4052
1578 2452 3732 2278 741 3565 4110 4577 2723 2288 1008 2078 1531 668 4033 1503 3980 4424 2418 453 3960 4148 1605 3475 1762 3022 185 3327 2395 1427 1381 447 919 1742 2603 1640 339 1569 4515 3997 4065 4340 2243 1515 90 4772 80 2793 524 1432 1132 4086 593 2314 3933 4159 3325 2223 1133 2117 3907 2998 336 3718 2288 4773 4348 529 4764 2305 2099 1750 1965 3833 4736 291 1887 3675 4855 1554 4776 4971 1076 2542 2905 4599 3866 3815 2298 4503 2511 1097 4772 2326 4185 1735 2708 1577 4940 1426 1975 2000 4992 1184 2206 3188 2669 3893 3388 3290 782 2339 3203 4403 4399 1132 4023 21 4752 4716 483 3359 4854 3127 4494 2038 759 2888 3840 1689 4184 4316 674 2794 4250 2132 558 2801 2543 1437 1434 2003 4140 670 4990 2636 3980 4095 4314 2770 1898 2674 3946 3307 961 1836 1986 3618 1985 1772 1322 973 1944 1002 2923 2896 4898 1643 1623 2600 4742 1917 4006 3389 3695 1308 4658 2637 2607 2739 946 4456 2843 227 2983 2616 3745 1431 2527 678 1683 2483 377 3914 2553 3952 3760 4509 1237 2745
585 3780 1607 796 4003 2534 3342 805 2717 4277 4024 4936 869 517 1503 4646 688 846 3677 376 1466 3650 1288 3215 3706 724 3189 4969 1723 984 2194 2091 4196 3385 4137 4511 843 4679 3863 1690 3121 3924 3634 2756 2220 1788 2922 2446 225 4486 1534 48 861 1753 4538 3981 4898 1262 1327 4935 2720 1603 4071 3197 271 3005 3659 4397 3823 349 2410 1213 3379 3526 74 3436 4174 4163 94 2362 4431 3225 4497 1660 2888 2829 3139 4131 3352 2168 4330 1337 1558 999 1668 3370 4652 2229 4396 649 3863 4172 676 3253 163 4114 4796 1561 4054 4464 3645 1953 1350 230 551 478 3729 1689 80 1072 4120 3784 2144 3363 4917 2496 2799 2231 2240 109 1035 1454 4483 2355 2072 1603 4274 4642 3814 4535 2101 2964 4127 944 4190 2196 733 3820 271 1541 2310 3872 1866 389 167 582 3003 4898 3446 853 892 1576 3881 3576 4143 1624 4801 1946 4828 150 4055 111 779 3705 4937 4155 2956 1460 4358 492 895 1722 4388 4743 1668 495 893 694 3006 4171 895 1226 3080 4716 3778 777 240 641 1903 1222
3536 3042 1784 1099 2398 1836 2520 884 4293 1770 4710 2441 3046 3163 3980 688 3643 2558 2225 2121 1111 2764 550 2659 827 926 2901 3967 1760 366 4991 1571 4039 4115 2748 1817 2512 1562 1109 3074 2296 3622 3536 4475 2766 596 1893 3815 2499 514 3560 2548 1827 1076 155 3808 4399 892 616 4127 3674 409 4782 111 2756 3203 2741 2535 1343 1457 4462 1676 4249 1047 4111 1268 4536 3502 3255 491 2836 4098 4626 888 3302 207 2950 1788 1695 4304 4859 4428 381 2656 1165 267 1302 2582 3242 1465 3982 4604 1065 2758 3601 4732 3480 2523 1513 1041 2718 4107 2483 1449 124 643 3152 3205 4166 4807 1224 2924 320 1711 1077 4890 4843 4994 2258 4819 2237 4380 1492 1193 4633 678 1537 1608 4111 3833 2134 3132 1950 1638 3670 2865 4652 4224 669 4583 4412 2267 1091 3659 3068 3268 520 885 612 4620 780 190 1741 2711 4672 3003 386 2758 4761 3110 2520 2253 4554 3419 1074 1809 4522 2369 4626 727 24 164 566 779 2384 2551 4385 4723 175 194 1551 3055 3677 1954 3695 4776 2084 4138 4316 1147
2317 1456 2117 3772 986 4148 2574 1661 2343 3235 2003 2243 1462 2131 4424 846 2558 4106 3474 1612 318 4783 3407 2886 3411 2795 1131 4868 304 4266 3542 3704 965 2630 4075 2729 3429 4502 2288 2835 4801 3664 2960 2633 727 2992 1222 3330 3296 3980 3470 824 1039 2449 1643 583 523 1438 3468 3783 3414 2918 4706 827 4152 4623 781 4665 2840 2486 3510 3935 2813 986 3475 4504 3255 4273 644 4504 942 1358 1709 3477 1756 1773 653 3764 2980 3336 715 2703 4003 3400 1802 2828 4121 859 4205 2877 4546 4286 2770 1799 2448 2335 2413 994 4761 1732 3857 283 666 3771 4340 882 1675 3188 542 3829 4105 2850 38 1702 1275 2699 390 178 1096 1499 2609 3625 4593 769 1016 3843 4400 3594 1196 1978 2689 399 4201 3131 1835 1231 2631 1527 3179 873 3537 3520 4505 4041 1214 2309 4537 4306 2952 830 3318 2260 2419 1191 3932 1174 4766 2911 59 332 3238 4178 3964 2425 412 2454 542 3299 4431 4176 1518 2812 3412 2118 958 1389 804 1341 778 1644 645 2086 2304 2433 2212 1333 1631 779 3616 4334
407 3337 1266 1192 3706 4114 313 4766 3967 2657 1679 3244 1369 2407 2418 3677 2225 3474 49 1852 1857 3918 3481 4564 276 2339 1979 3021 2155 99 4475 357 2168 3738 3130 524 1105 2010 4709 1623 192 438 3821 4307 4614 3946 137 213 3349 623 314 3679 810 2461 3163 2746 2349 981 2961 4963 1004 1610 2335 3931 1221 460 35 3026 3417 540 713 3796 4646 4813 3928 38 2805 4424 658 3627 1356 940 4493 4392 3623 464 2819 2690 2874 2489 3417 2311 3548 2735 1459 4304 4837 4871 4339 2978 3384 675 383 4331 71 2957 2944 2399 4233 4326 1928 3572 1938 533 1772 4333 3629 4238 4570 1258 2344 1788 2510 2137 3816 2946 1136 1932 2996 408 3969 3471 174 3990 2889 4214 3822 1831 4471 4338 1520 373 1054 4985 2750 3351 1474 4429 4130 1201 3546 2460 3098 4764 1880 2238 383 2932 4054 4737 2288 3524 1720 140 3538 182 1772 2789 1166 4487 4340 874 2211 570 1691 1109 2778 1096 3017 1074 3868 910 3771 2226 2031 1895 244 874 2092 50 4183 4460 4001 879 3389 4806 4029 2114 3598 363
4638 2945 1305 528 2997 3617 817 778 4751 4770 738 1634 576 4949 453 376 2121 1612 1852 3256 2732 4156 1685 1547 4295 343 4197 1239 1054 3007 1193 4494 670 3282 716 3369 454 2698 3938 3269 1160 2001 1233 2395 2007 1158 3055 3049 2670 4926 4371 3494 2976 208 3535 3268 483 1096 167 2116 4368 3847 3761 2610 2506 1679 4156 3880 3109 3336 1597 2984 2397 4640 1392 2031 2559 2688 885 3051 2190 2177 4075 1504 1348 721 3760 3705 2974 2625 257 804 1170 4477 1473 1795 388 1355 4019 1905 4390 931 574 1255 1479 2880 2307 4197 773 2072 2416 3444 3310 2987 3621 2313 1373 3270 4317 4766 859 3348 731 4900 49 4819 1719 1600 2707 2142 2129 620 4541 3051 2640 4740 1573 1749 1849 1838 974 371 2026 3500 77 618 3470 3944 2118 3142 1849 888 4345 1909 2229 3234 2384 36 4263 4510 4639 2175 177 1565 3625 4665 1381 4821 4121 3500 291 3643 4279 2481 3683 4013 1283 3521 3881 155 1227 3635 4255 4111 2279 3856 2922 4830 968 282 3979 4897 947 3957 4349 3497 454 3516 439 125
682 4233 1152 2517 4308 3475 3707 2230 2074 2120 984 3187 3583 3856 3960 1466 1111 318 1857 2732 2770 220 2532 3497 270 4646 182 2532 2699 3170 464 4271 688 2908 356 4923 3183 524 3982 2554 1866 3184 2292 1980 1664 35 4154 2893 393 2227 1328 3637 2098 3026 4761 4175 763 2608 4714 757 1068 3476 3941 3106 4608 4886 1635 1665 1848 3845 4938 1547 1130 4170 3866 3812 2701 4389 99 1580 2274 942 3233 2543 104 4452 2602 1199 527 864 3844 3295 4698 2698 2827 4907 1881 2121 2514 1686 1619 4849 4570 496 1910 4343 4983 4576 4461 1554 4314 2443 3358 4970 2075 672 1395 4542 2863 4795 4550 3125 806 2176 4684 4121 4041 2941 4494 1780 590 3271 1891 3366 1893 3317 220 799 2950 3980 4813 3368 3123 4673 372 336 2373 2661 2798 3074 2310 769 3873 1671 3495 1635 3691 4636 4471 1204 4103 3804 390 2638 3814 3134 2008 2078 2788 3240 4846 4945 2845 2274 4410 4232 1278 784 1047 2412 4732 673 3029 736 4812 2992 682 2850 1975 2854 3071 14 1536 3385 1797 4512 1001 3394 3770 200
1328 413 661 3934 2392 2883 953 2793 2407 2820 1200 4984 4451 3947 4148 3650 2764 4783 3918 4156 220 4977 4320 719 757 4214 4449 1128 4158 2740 798 193 2130 2003 1929 4569 3377 3071 1079 1730 3354 1154 182 2660 3613 4166 2524 285 177 4096 1787 2600 4881 4692 3753 3444 645 4865 4776 4955 1970 1580 346 157 2823 3001 3769 4687 862 4362 4139 2483 724 456 677 4469 601 4765 696 2683 1611 2207 1155 3446 2959 3432 2039 1747 2567 2391 4100 2558 2127 4929 3714 3711 4579 3672 4109 4467 1949 3435 2246 33 4975 2264 477 772 1208 903 2067 3484 1895 2152 4726 3863 4806 3383 3400 1342 3720 937 1240 2030 3217 2117 4516 839 4075 3535 516 2012 3460 4796 172 1294 3081 1018 1901 3128 4057 298 4485 3389 524 3631 1233 3305 735 2303 2022 3935 4991 980 3614 4999 415 280 1754 1622 3498 4184 3975 832 3973 3190 4776 1564 4995 2313 574 228 1618 3718 2550 1802 2913 773 672 3006 2296 2444 3513 4247 79 805 1236 2988 2440 1304 3951 1452 678 1521 3898 2818 4971 1098 115 3628
339 4551 1992 4107 3811 3764 4157 4924 3795 2078 3776 2055 1496 3356 1605 1288 550 3407 3481 1685 2532 4320 2900 3151 3953 94 3218 2578 2925 3497 985 4081 431 3861 1467 66 1912 4956 2993 4037 2458 4736 3186 1674 4997 2638 2063 2937 2869 2849 98 3846 1578 60 1959 2475 881 2854 853 1550 2399 804 2267 2679 3778 3187 4168 3134 4926 3877 2697 276 2181 4512 488 89 1402 3425 53 3886 1331 4533 1382 4087 2842 1850 1544 446 584 2123 3885 2932 3133 4148 4702 2481 3007 728 3321 3956 564 4596 221 1093 3179 937 3483 1269 2871 1834 2734 1128 3825 1942 4734 1006 480 367 1387 877 1745 4690 475 326 688 3369 3251 2884 1673 4334 4025 2886 1999 1666 3120 1212 3519 1163 223 3368 2301 1095 1677 1191 658 4454 44 1437 2141 4899 1064 1654 1589 1366 3213 4638 2659 3643 4502 1204 1736 3134 3646 3485 3869 3499 3008 937 4607 2065 699 662 1189 1205 3987 3490 3432 259 3157 3103 1177 3887 1855 175 3657 689 1710 1502 3627 4451 4177 1728 3427 2728 2644 1913 4730 3510 3486 4541
1133 672 559 4240 2209 4127 2658 2772 2607 2139 2305 1665 935 4948 3475 3215 2659 2886 4564 1547 3497 719 3151 2848 219 2376 3566 60 174 4091 3693 949 1889 859 1925 2416 2410 3710 382 3356 27 3067 3749 3455 1595 2419 2429 257 188 1544 4876 1780 1271 2516 3491 4966 4943 1730 710 1856 4353 285 4963 4644 2125 156 4351 1477 4431 4251 2766 4750 3269 1451 4367 836 2947 1709 3098 1931 3895 3494 3329 1319 4256 4573 1154 4715 3670 1176 221 2334 2052 3292 1029 49 1200 4659 3935 2853 2861 4787 24 730 2972 653 2805 2818 1317 1527 2979 677 920 969 3085 73 384 3949 695 3108 2243 477 93 1632 4621 4202 1893 1468 3146 1957 4378 833 4240 223 2481 2862 1998 824 2001 2389 3231 3348 4144 471 4694 876 1999 1938 671 4847 3930 4375 488 4390 34 4047 610 2792 4081 807 154 1200 2996 3775 610 1902 2731 2053 2524 522 2611 1254 2273 1326 2342 3017 1028 1610 1804 4172 3401 2816 3664 3046 917 3659 1815 2998 105 3167 2683 1221 1091 3994 4780 4562 3672 4457 4433 4291
4259 3054 1292 4596 871 762 1436 4583 189 2956 3855 3305 60 4884 1762 3706 827 3411 276 4295 270 757 3953 219 2108 3652 3185 494 4549 2557 3813 1506 874 4848 4445 3260 1825 4638 983 1511 1177 1843 639 861 4520 3555 1033 45 3734 2511 534 1522 823 3568 4040 2780 2477 1975 4534 2024 2157 3741 1001 4546 2230 1700 3059 4736 4679 2765 3765 974 3372 1271 4096 950 1454 1219 599 3181 3893 3422 267 4590 4471 2487 3975 4105 4442 699 2118 403 114 85 2238 1324 2060 4117 4870 2106 1251 3419 4459 4956 3367 3613 919 1688 853 1617 3780 1336 3351 2388 2071 3231 1044 2959 3058 1767 4145 3004 1947 2296 3937 243 2632 4070 3604 3069 4030 2050 4061 568 1115 1855 3894 765 4731 4329 4017 4248 2037 247 1050 2512 4358 3547 790 509 2419 1675 341 4673 2245 4707 568 4488 2980 2005 3085 2962 3735 3152 2060 3379 3724 1283 1681 2617 4918 3788 4779 2371 353 3167 351 777 4923 2308 401 2427 1910 3654 3563 1633 3941 1197 4006 1586 759 4956 169 2927 3652 113 2410 2635 1219 4396
655 656 158 4980 272 245 3010 511 1738 275 3766 4021 528 3524 3022 724 926 2795 2339 343 4646 4214 94 2376 3652 4462 2102 2889 4593 598 3894 581 2062 2212 4609 480 2160 2434 4339 4546 614 4470 1922 1090 1989 1685 925 1386 3922 1674 1613 1862 1598 422 1118 1676 4402 4083 1538 4575 1372 3198 1788 1286 2556 3440 885 4669 4350 567 4491 3575 630 4900 4364 4617 1842 1755 3283 4598 4865 262 2441 395 3981 4330 1710 3354 3849 3416 926 628 2595 2896 1540 2328 3336 3273 725 1727 4428 668 3416 383 3438 2627 3926 4714 2331 3056 2777 1207 787 1832 4046 4195 148 1306 3592 3429 3839 2840 4336 4131 1279 2676 701 1024 877 4524 4338 726 314 3787 2346 3447 4791 3807 2002 287 1493 1033 4310 829 2969 1315 229 2765 4023 869 2687 2248 745 3050 4471 2140 4688 1590 2942 2639 2063 2735 1360 2635 1248 3767 705 21 248 1894 1499 2098 293 2510 4698 1903 110 4896 2044 4806 1346 466 316 1360 3666 1113 3010 176 4573 4799 3921 2851 159 4216 2531 4173 352 2999 148 628
1931 4662 1364 689 1669 3948 1387 3599 4502 4727 66 4293 453 3320 185 3189 2901 1131 1979 4197 182 4449 3218 3566 3185 2102 2178 48 17 138 1387 3333 1479 3062 836 4196 1423 1345 870 1986 2270 2450 4074 2929 4583 1879 1395 1130 2170 1834 2200 3288 1936 2135 956 4859 1732 497 3275 1349 981 2768 2138 498 4987 2166 2191 2257 1664 2357 2829 1890 3444 756 2299 642 4694 783 279 3376 2118 1224 2717 1606 2656 206 4824 1147 4121 4114 3563 3696 2969 4006 3786 2339 4238 4987 1322 207 225 637 1618 4798 4238 1863 2950 2313 938 4080 3018 2148 3991 3829 4348 160 1683 3600 1642 2319 2389 4075 1746 3098 2519 1732 1752 648 4541 2950 3489 4743 1085 3124 2721 2526 2752 3205 3830 4179 1110 3069 2907 2621 4744 2708 1668 894 582 1257 282 2982 207 1498 1831 3731 2490 1541 2806 1340 3861 321 2423 4481 1724 1717 2838 3124 4468 4858 3217 2593 381 2104 809 4185 1631 1653 1226 3871 3196 3648 3631 1303 1237 2142 1757 390 1943 4370 2324 3505 1126 1124 765 1701 772 3083 3121 4340
4568 1130 1181 4214 3863 1019 1758 4293 4511 1943 2848 2141 1928 3021 3327 4969 3967 4868 3021 1239 2532 1128 2578 60 494 2889 48 508 1117 2337 4850 3186 673 624 887 1845 873 1621 1217 1965 2124 2194 4593 218 3583 851 4655 2111 4389 1757 3736 1257 4941 665 882 1275 4278 2296 3284 1413 4452 1211 3529 4783 2459 3345 3928 4862 4821 1427 68 4065 216 480 3066 3118 235 2949 2537 3289 1383 4502 180 3331 1002 3560 4850 3913 1092 1316 2374 1342 2380 1213 1452 1175 438 1096 1782 4979 99 3423 3100 118 1212 2767 4943 1581 3271 3020 714 3671 2170 4771 285 3031 2582 1407 1189 3502 1936 3201 3732 101 4379 3491 2549 3342 773 3120 2604 4136 3998 33 4627 839 2727 1679 1387 1667 338 3689 464 1527 2350 384 395 690 1853 3135 1473 4542 4197 309 1301 1791 537 1723 62 2786 4002 915 4872 1663 2033 209 3815 3312 497 3376 2950 3701 4479 2973 4992 2214 1404 1603 1245 1762 856 3811 1722 4156 3105 3612 1533 830 3126 76 1555 2392 1516 3086 3222 1583 3640 3898 3242 2133
4484 1823 2230 2528 360 3161 774 613 2571 1658 757 109 248 638 2395 1723 1760 304 2155 1054 2699 4158 2925 174 4549 4593 17 1117 3848 2550 2621 1724 2767 398 1568 4765 576 4602 575 2479 1064 3879 4342 1723 1227 4605 3859 2502 3453 509 1196 983 1758 4387 436 3858 1196 1991 1998 1977 3838 3149 1402 2507 3294 4874 3244 2716 377 2978 4106 2542 1735 4344 108 2474 1550 3106 852 4898 1372 4056 1376 2718 1943 861 4607 4562 2643 130 282 490 780 4388 1954 1135 43 4222 3841 1570 965 1931 739 995 2647 4548 1994 2930 3265 3643 3456 1449 587 3787 2944 194 2915 4798 3875 4816 3411 3508 4254 1148 3974 4751 2148 419 4880 2455 2843 2554 357 743 114 3606 4464 154 4398 352 4620 382 2625 4231 2941 4476 3389 3700 2205 3073 514 2126 1999 2780 768 789 1566 2859 2346 4971 4629 4926 1343 1602 3726 4373 4673 3295 3024 4492 228 4041 2355 3347 652 4947 2308 4819 4700 4626 3060 51 2128 1997 2304 4343 3056 2204 2176 3772 128 99 4906 4387 4351 4222 2436 3656 1681 3316
3992 488 3132 1666 2550 2017 4444 543 1848 1939 2614 2285 667 4214 1427 984 366 4266 99 3007 3170 2740 3497 4091 2557 598 138 2337 2550 3868 4576 3024 2478 89 2986 4934 1310 4835 2066 911 3394 3925 2838 4967 1075 3673 1047 3608 1825 3755 1558 2406 3718 2693 3081 42 2726 764 2087 3941 919 625 256 3620 4616 2436 4944 777 2626 4344 697 3277 692 3596 3070 2532 2242 3673 3700 4710 3411 2774 1307 1315 2080 3425 493 4037 4835 1971 3723 1523 1027 2131 2616 1443 2247 333 3276 409 1476 1754 2155 1369 4263 550 3132 941 139 3413 114 532 4185 2330 4044 3357 3067 4077 2440 3133 853 4321 1528 2147 2439 4427 4410 4261 2462 1546 4143 3895 3823 1482 1396 3512 3771 1787 4063 2084 2827 4284 2402 92 2829 4980 1452 2637 143 4481 105 1424 664 469 2656 1202 3854 1867 4402 657 4452 4284 3826 50 683 1785 2493 1148 4799 2641 1013 2564 1754 3840 3675 2935 1771 1235 2563 2348 838 2432 497 3467 3283 3273 3646 2672 1675 3173 1306 1836 358 1270 2982 4906 3674 4273 766 4703
2017 2471 2806 4366 3744 956 4853 1644 4407 2974 2788 1563 2883 4607 1381 2194 4991 3542 4475 1193 464 798 985 3693 3813 3894 1387 4850 2621 4576 3394 2494 1193 4223 66 2247 2119 990 3540 3048 3479 1452 4905 1668 649 2239 4059 4634 4158 4930 3417 4639 435 943 3513 4725 1065 130 2441 4076 2617 4495 3918 3042 1899 1078 237 4068 2214 458 1861 4436 2236 4671 3584 1974 2093 3903 1172 1568 3241 3329 2096 3966 1566 4357 2204 3962 1206 2201 2675 1852 1166 4115 419 2035 1298 3715 1820 1228 2581 2989 135 3252 2366 3363 1627 1845 2462 1500 330 4296 2208 270 2188 2620 3503 1876 2794 3108 3880 2595 193 329 1779 2688 2609 475 4565 2010 2543 3734 994 1374 2235 1829 4276 4485 3404 4912 4114 2229 217 917 4000 721 1858 2784 2390 3170 4756 2368 4264 3628 1015 625 4601 1853 96 394 2986 1324 556 4946 4486 1172 4804 2517 4934 2731 3743 1151 1715 2695 4363 877 451 101 2902 1905 3537 1950 3391 796 2603 1180 2079 4656 2710 2009 4891 1531 2109 3464 816 3022 3973 2678 1898 1496
1410 3369 2615 2251 2609 185 3412 3838 1339 1970 1958 1198 4993 538 447 2091 1571 3704 357 4494 4271 193 4081 949 1506 581 3333 3186 1724 3024 2494 3980 4745 1648 2352 4044 3906 1915 1010 4265 4305 731 786 594 224 2285 3625 3546 854 3396 1023 893 925 2091 2476 3905 380 39 3063 2375 3691 4008 2184 188 503 2742 1597 3493 4157 3796 2403 4508 3217 250 1049 2056 3132 3744 4633 883 827 3600 4871 3813 4397 1307 461 495 4361 1664 3913 982 1781 3107 1718 2779 2543 3438 3261 1671 1384 4659 3856 117 2181 2022 1195 723 4620 3931 1596 1246 3700 1729 1123 4537 1111 1327 1076 3904 1615 3925 4001 1823 328 4326 4634 4285 1780 613 2241 542 4255 3549 1767 4308 4180 3196 3855 3066 4702 1150 982 531 2348 4203 2466 3266 1605 1405 4215 3491 263 3326 1245 3347 2875 3201 660 1236 3603 3300 3902 3303 2929 2622 3959 1879 1363 1080 396 1875 2870 2636 2117 1763 3531 916 4661 439 4790 1640 494 1792 3003 11 1295 935 2519 547 1775 2198 3323 215 391 1529 4599 4336 2098 2270
3515 4428 4644 630 3305 258 3522 1554 3065 2651 3828 4722 3555 4543 919 4196 4039 965 2168 670 688 2130 431 1889 874 2062 1479 673 2767 2478 1193 4745 168 4353 3905 175 3804 1158 3315 3296 2005 4656 4169 788 2570 2209 812 1534 2142 3757 151 3674 1410 4367 2071 4900 1386 670 4140 3521 1514 3754 4318 4689 3583 4924 3715 234 3711 4815 2844 4905 2279 1837 4833 1496 2045 2947 2466 1336 4967 4067 4573 1834 2590 3308 1578 2226 523 3488 4396 4336 616 4351 158 3682 3292 1819 904 1942 274 3330 3771 969 3178 2984 2355 1807 4774 3374 3740 3885 4299 3452 3052 3227 3662 1317 1894 1296 3666 2013 4867 2348 4070 2226 4093 1347 1147 4251 3368 1645 3731 2432 3420 3214 1856 1890 4887 1921 4485 1875 4749 2716 2680 560 195 1345 3568 1191 3433 3107 4928 4297 3797 3120 605 188 1987 377 696 3947 1252 456 719 2098 4756 992 99 1705 4185 4122 4745 4522 3357 1849 236 635 3747 1096 3137 926 4028 460 38 3054 1744 4678 2041 4468 1224 2657 1414 472 3296 1606 4987 4381 1719 1248
3657 4055 3488 18 772 4622 996 4135 805 188 2245 1205 1544 554 1742 3385 4115 2630 3738 3282 2908 2003 3861 859 4848 2212 3062 624 398 89 4223 1648 4353 4264 2870 719 3186 2264 1035 3402 2885 1367 1184 2991 4507 825 1249 1457 4664 229 1312 3444 4246 4636 3003 3458 2965 162 1619 3471 3817 1463 4341 2861 1687 2722 335 4253 4936 2880 1698 779 3612 944 3516 3189 1421 2109 3080 2527 580 1365 4319 1740 1664 640 4108 3800 768 973 2831 1432 681 759 607 2886 2175 490 262 384 4208 3474 4414 2720 270 4067 1875 1843 3477 4510 2366 2741 4411 2551 2255 3960 2456 4951 3770 3685 2001 761 1572 1904 2950 1820 4048 3945 1510 1363 1928 4472 1720 1953 977 2545 1077 478 2691 4136 2417 2890 793 3284 2042 1165 488 3124 4356 2992 4204 47 2120 4055 1706 1470 724 3655 3356 1692 3593 1249 3629 4639 3997 3274 1893 3493 708 2044 874 518 2922 595 4948 4426 4412 3699 2136 385 2682 3775 3245 3615 1650 925 4689 2149 3330 3886 4339 3029 189 2059 2155 2167 4676 4112 550 1316
4667 2591 4123 2590 2459 3152 314 984 3577 3483 2733 3928 1572 2403 2603 4137 2748 4075 3130 716 356 1929 1467 1925 4445 4609 836 887 1568 2986 66 2352 3905 2870 958 3597 1763 1713 2568 3395 2838 4822 1631 950 4205 3683 3248 315 629 4440 4106 4311 2261 4100 3753 4165 636 4415 4658 878 4683 4333 4946 1705 784 4559 4216 3520 368 3726 1740 3641 1417 1666 1623 1547 1004 2916 1212 1808 3995 2876 4271 2641 2708 3298 3568 3302 4672 2897 674 4097 148 2285 1427 624 4366 2555 1471 1597 306 742 70 2167 4623 408 2638 3511 2008 3266 1140 105 2544 4546 758 1872 4165 226 4009 3640 157 4391 3615 364 146 525 4647 2422 2220 3418 3338 3958 1654 704 3940 2666 4063 4012 1041 3408 4925 4356 1739 2584 1066 697 1160 2955 4287 1419 889 3270 4624 4536 1969 1303 2448 3887 3878 4371 3212 2074 259 3789 3382 130 1814 3881 265 717 4490 1567 10 514 2704 1730 2630 2966 1958 4888 2859 4026 1508 4445 4868 1248 597 2160 2370 1087 3280 2500 2080 912 206 1313 2724 3802 216 2080
956 4563 3000 4737 4251 3125 3080 3576 732 2777 241 4762 2421 2571 1640 4511 1817 2729 524 3369 4923 4569 66 2416 3260 480 4196 1845 4765 4934 2247 4044 175 719 3597 720 3337 733 1021 1567 2883 847 4030 1178 2468 3968 3315 1880 3129 316 3929 3970 4709 4994 2400 2671 3364 2016 25 4415 1950 3285 3863 2172 1435 4359 2553 4662 1438 2903 3991 2483 686 2409 3346 1742 4762 760 3857 3989 20 2167 2993 1340 2368 3885 4135 818 1336 152 1565 4473 676 2431 994 4652 3832 4987 742 4887 3023 3512 2271 4939 4869 2207 3752 2455 3640 4769 41 3450 3609 2132 4545 244 1280 1359 998 4385 1305 3518 1112 4274 2674 1604 3894 4379 2188 314 3742 3077 969 419 1136 3597 3612 2687 353 4707 3303 3020 3345 4762 4123 4825 2140 4646 3732 3163 741 476 2567 3059 3482 1048 3821 231 3374 1565 575 1869 2424 3401 4993 3832 1879 2986 4810 1406 1809 3401 3945 2709 1076 779 3181 4793 222 3230 1994 1976 1136 4867 4332 833 2501 921 1275 1060 4095 1171 3377 3938 2982 1854 4282 4921 1710 4529
4654 4559 4369 3252 2717 4676 4301 1565 1122 1216 2127 505 2912 4619 339 843 2512 3429 1105 454 3183 3377 1912 2410 1825 2160 1423 873 576 1310 2119 3906 3804 3186 1763 3337 1414 4089 3614 3134 3252 3537 3480 4892 308 3470 3810 4390 168 3970 3320 1471 332 4998 2541 2639 4598 1284 1779 4560 1662 621 370 4442 3297 862 343 2347 3432 1488 2418 236 3972 2080 3947 3060 3044 727 4411 249 1889 2721 1673 3071 1125 1178 206 2331 3008 1844 2701 3741 1060 3928 4201 4073 1564 2189 4623 4150 880 3437 1030 1596 4851 3672 3349 2486 3193 4027 3878 1369 2055 1421 4649 2138 2785 1718 245 4648 567 2292 4999 4951 3909 980 4882 389 3195 1173 2553 2467 451 4402 569 920 3511 4382 3862 4327 2103 3492 1978 4359 2248 502 2201 2671 2426 1450 4872 112 4057 3567 1422 3014 1643 476 3229 3205 682 1150 1982 2407 4629 3811 1000 416 1041 874 3628 1555 893 4812 4155 700 757 4287 2750 3880 2043 1662 1203 4469 1553 3717 3115 3493 3596 1608 2718 1056 3521 3772 3092 4410 3142 2564 4793 4176
3595 2647 3225 4720 1140 1776 2161 1894 797 3850 3537 98 4375 349 1569 4679 1562 4502 2010 2698 524 3071 4956 3710 4638 2434 1345 1621 4602 4835 990 1915 1158 2264 1713 733 4089 268 4425 1560 2695 4374 489 1131 46 4245 4275 4021 413 2386 4158 4872 2353 665 3562 14 2233 2007 1897 2446 450 1931 2715 431 525 3414 164 4639 3800 4311 4392 799 4421 3782 3353 1884 1277 3296 3631 1176 1090 1918 4567 865 3085 4603 2121 1545 4298 805 4070 4964 4316 1536 1445 4723 1172 3769 49 3406 762 1530 4365 3784 284 1896 3363 2929 3547 1862 3552 42 3576 4892 3037 340 1011 1703 4250 419 223 3341 4846 613 1975 3522 1856 707 70 4928 2748 3477 1518 738 1617 3738 4328 3561 98 3015 4745 399 1416 1717 1348 2253 708 3474 1783 4660 3706 2253 1409 3648 640 2519 4348 2370 3737 2417 4309 983 1550 2967 299 2388 1599 1677 4064 2804 4780 2245 4018 4456 4337 1256 4457 252 1204 2975 2819 2887 565 3987 2033 3741 2602 589 3210 2123 3060 3126 3801 3091 3702 2634 1292 3596 712 3896
821 4036 3829 490 1583 4004 3104 1073 3458 2172 606 404 2634 4319 4515 3863 1109 2288 4709 3938 3982 1079 2993 382 983 4339 870 1217 575 2066 3540 1010 3315 1035 2568 1021 3614 4425 4943 3116 30 2143 3554 3593 4867 3845 2766 2156 362 4572 4175 4507 4296 3600 2797 4479 3178 4121 1474 4610 1462 1824 3356 36 2248 3353 4392 239 879 3382 2848 2444 2472 3978 1671 3626 4993 2355 1488 2182 1266 3060 1743 1397 3767 3795 2553 930 1498 3664 2121 1641 4962 3638 262 4948 817 1166 4469 987 2690 4715 3802 4333 4442 146 4044 4277 3947 4973 806 925 2167 2153 2544 2247 3434 3084 4066 3008 2168 3394 66 4705 2782 288 4177 1432 3367 2023 2487 910 1277 2280 2695 1890 4905 3089 1788 4811 3182 4271 3001 807 4628 1228 3322 1252 3287 2631 1367 996 253 1055 3720 1055 3306 2450 453 3421 3388 3305 931 1447 3107 1345 3328 2940 3281 3875 941 4984 3472 282 2729 2827 3016 632 3660 4159 4170 15 2717 1930 377 345 2069 402 2433 255 868 934 4581 313 4152 1379 3348 3474 4167 673
3414 3064 4164 846 4622 1948 4471 1413 4914 2424 1476 3563 1011 4462 3997 1690 3074 2835 1623 3269 2554 1730 4037 3356 1511 4546 1986 1965 2479 911 3048 4265 3296 3402 3395 1567 3134 1560 3116 1175 715 3369 3451 3705 3347 4317 2463 1717 3782 965 2801 234 4244 1343 2448 2040 3476 2521 2203 2007 3881 4489 4013 3722 1141 4435 3322 2454 4199 4460 76 1781 470 2174 3759 4272 1203 3220 3222 2630 1011 2110 1292 4824 4458 3403 1849 3039 143 4690 2023 522 1545 1985 281 1303 574 1502 4210 2062 3108 4104 3701 4532 2584 3422 3626 4308 4964 768 1402 2377 3067 3121 2964 2405 4036 3936 3451 309 4801 2541 2478 1681 4787 4212 4301 3010 4324 353 2450 34 1051 4456 418 930 2718 684 1294 2705 605 3285 107 3989 2696 850 54 3658 666 3555 1971 4696 3106 927 4580 3386 125 4764 1817 4977 3580 667 3185 1237 4207 2352 1793 1377 3750 1869 2697 542 3552 1638 2026 1636 1763 1514 4802 94 3274 2162 3904 3711 433 1543 1703 2001 4805 4395 1013 1650 1289 3801 4539 811 4268 4440 4285 361
