N: 200
M: 30
Symmetric: true
Triangle: false
8 137 90 56 32 73 72 83 41
5 157 63 158 49 123
9 57 129 178 36 103 29 151 144 19
9 173 177 138 133 111 164 195 128 8
7 68 34 97 150 84 175 24
10 61 198 119 96 16 125 159 199 126 88
7 117 181 130 15 77 154 100
5 168 139 26 42 38
7 87 131 51 127 120 121 22
9 167 67 106 115 162 30 140 152 171
4 6 50 75 124
6 118 39 194 190 12 176
6 193 35 161 143 165 76
5 134 23 11 114 192
8 4 122 46 20 148 14 156 112
6 40 188 48 7 186 189
5 116 80 91 166 65
5 37 82 170 200 43
9 132 69 149 2 98 25 9 45 104
2 101 60
9 185 58 28 78 10 142 113 74 93
7 102 184 94 105 44 53 70
6 89 21 27 86 135 145
9 141 155 196 95 55 183 81 107 191
5 64 62 66 85 160
11 54 136 197 179 180 52 31 47 172 110 18
3 3 71 1
3 169 147 5
12 153 182 13 163 99 59 174 33 187 108 17 92
3 109 146 79
977 4359 3354 3754 4496 2283 655 933 2169 732 2764 3558 3692 4052 1312 1222 3998 3559 1487 2877 2468 3030 987 2538 1579 10 1387 2121 2586 4608 1044 4559 2605 2523 3872 2112 2664 3491 398 691 383 3668 3180 3818 443 2864 4256 1891 1966 2106 3721 138 1579 1290 71 4762 2615 3471 1656 4730 3634 4930 1455 1088 3978 4922 785 1027 3950 2932 2478 3717 2272 3748 1944 2049 1068 1240 3426 3870 3468 4345 4731 1199 288 4481 3140 3475 4701 202 2416 284 743 4850 1806 1758 924 4327 4217 2844 1315 1515 2651 3281 1578 2925 3809 1820 699 2266 4409 4796 831 129 4882 4661 3792 720 2917 2001 3152 3590 1094 4196 2120 50 3597 1004 2482 1775 2931 2124 3937 1723 1796 2484 2077 1615 3555 3172 2973 1703 2488 4577 3771 1006 1424 1606 2043 1178 1771 2422 3939 2930 2803 1049 3157 4765 2609 1624 701 1271 1876 4944 3206 2627 2132 1844 3927 3586 4963 3305 1786 3565 375 3504 1423 1816 4723 4577 2524 4554 3066 2781 212 3177 1393 4163 2686 4768 1594 2360 4575 3385 91 3212 140 3240 2199 774
4359 3197 3035 1057 3537 3800 3620 502 824 2686 4133 2329 2388 4620 86 2702 4084 4195 1643 2878 3074 3549 2848 1848 786 3891 3279 2564 2345 2042 4615 2272 3357 1901 3363 2621 309 2063 4878 496 4459 3407 338 1829 675 1257 3779 3825 1383 4803 999 4071 4711 2558 4356 2048 3016 1792 68 491 4225 3985 4318 2106 4302 112 1475 324 3602 2976 2142 3761 1410 4222 2000 1357 2058 2642 1336 673 534 4987 3402 4016 4738 3958 2653 1978 159 1898 1732 4505 2530 4539 4977 2358 3880 356 4859 4996 1391 837 4430 1641 3620 21 2855 3643 3215 2472 3780 153 3268 230 3346 3848 4192 3724 4063 3018 1865 3028 3704 2302 4181 4266 830 4456 3900 2406 2262 4759 3362 2987 952 1368 1108 3968 2022 3699 4733 2161 1731 623 245 3690 161 3415 754 810 4029 3818 126 802 1485 1676 2645 3992 1712 1538 2451 68 1747 116 991 1298 3941 358 315 2021 4014 569 1318 270 3480 91 3895 3318 142 358 3083 1969 3279 2850 457 4419 18 174 2318 3827 2890 2494 57 2982 4657 367 4078 4204 2819 418
3354 3035 1812 4045 463 3900 2929 3421 3979 2852 2389 1504 4030 3406 4208 3054 4285 4591 2388 2161 1964 2640 2609 1906 4270 555 2518 4877 2320 3290 226 167 1903 2412 4411 2407 3698 2134 4784 1472 4403 2924 4862 1525 3204 2693 3752 1460 2391 1382 1237 3369 408 3524 1613 3619 4072 2547 26 3382 2095 2846 2983 23 610 4621 4469 2965 1837 2806 3953 4990 2979 4240 3109 740 429 3890 4948 338 246 3501 1760 4058 488 4839 3773 3049 3083 4803 3516 3475 1491 4005 2906 2562 4217 3878 2420 13 628 1543 4949 3600 4459 1785 3698 3046 4163 2836 2719 779 2260 2494 4013 2437 2836 4074 401 1770 4973 4017 4750 4424 2974 1919 2296 2752 849 117 1719 593 1402 2454 2331 4129 3890 4120 211 1511 620 3907 4488 4318 2487 2327 186 2324 2410 1660 3845 574 512 701 1273 1704 3804 1209 3093 2611 349 2855 4228 1900 1314 2228 1357 4841 3306 115 1048 4356 1856 1550 1843 3623 3990 4988 445 718 546 350 663 3823 3828 439 3094 1833 1165 507 450 4137 1218 1453 4408 4456 3400 2280 1837 4165
3754 1057 4045 2283 2908 234 128 599 2331 411 2848 4727 2858 2088 210 4213 4027 770 3624 3215 2385 2034 2653 2940 373 3481 3526 2622 210 1228 3643 3371 4572 4378 1270 4676 4580 2926 2903 3815 4419 1806 4627 407 3813 4908 3692 2455 3206 4426 2904 1449 154 563 1721 3371 972 2760 2440 4497 4320 4136 560 3206 2763 4352 318 4321 3138 4477 2265 3076 1912 827 781 2114 3070 2795 970 4484 4402 4493 3457 4606 4200 2092 1732 4693 1436 1064 4585 106 53 1485 742 4291 3653 424 3130 3045 2291 1500 2453 1799 2641 3942 4901 2073 415 4594 3671 1871 3107 4310 1748 2814 163 1171 1152 2102 4464 1617 1217 113 54 2882 2241 3219 2500 1736 2047 3470 1717 2922 3245 2832 1117 1176 1560 4738 979 370 4627 1511 4532 1448 1223 1870 4738 849 3594 581 4706 418 2756 3823 2379 3708 607 4745 3019 3603 2892 1624 1977 2800 2320 2293 267 4074 4670 2114 866 1122 2265 4949 1800 3920 4121 4414 772 1508 2612 4310 2665 803 1801 1911 2713 3772 3390 3260 976 2174 3308 193 641 4324 2885 861
4496 3537 463 2908 4276 2497 3225 1607 3003 3187 2064 3294 608 367 922 2955 2180 2410 446 4240 360 1633 3941 763 3992 4880 1896 412 2661 4236 3020 1370 4233 3660 2747 1491 4890 2275 1194 4264 79 682 3092 3355 1517 3813 4820 1803 3351 3314 681 4039 22 1975 1434 162 1491 703 3529 4734 2467 188 4369 2571 342 3941 2366 4058 4363 2627 1197 2080 1254 4698 1609 117 3513 1130 4596 2319 1638 3809 3736 3375 4437 1140 3610 3272 4689 1448 2853 3176 2159 1558 4977 2816 4021 3749 1383 4881 913 1318 3196 2452 4754 868 1372 1588 661 2595 1988 1970 182 3618 716 994 2259 3025 1294 4336 525 480 179 808 4407 927 1441 888 4556 245 969 3969 4655 2402 893 12 4361 1756 1944 328 3032 864 4648 4817 3397 1230 4084 2235 432 3284 19 697 2690 2130 1510 292 4271 521 2292 3985 46 680 1020 1182 3318 2683 2883 860 3540 4977 259 668 3754 4479 2310 2055 3874 677 1875 11 2683 4856 4494 55 2046 3982 1131 59 2869 2923 424 2805 4757 2586 201 2828 171 4290 448 4379
2283 3800 3900 234 2497 2050 2741 361 2063 2932 1611 4321 814 3823 4719 3323 1228 3348 2760 2300 1239 4774 1075 104 2993 3165 2381 3426 3061 192 2713 189 585 1789 1050 3836 3937 4359 860 3000 1756 3652 514 955 2534 4020 2473 983 2610 2960 122 1174 1165 2840 4914 3053 2600 520 4048 1582 899 203 555 2750 2946 4294 637 2397 2343 3974 1400 469 1038 1543 2527 2847 3930 4540 3701 4892 3766 1637 1155 4844 2429 1291 4971 691 485 3812 2168 2675 2396 2400 1466 3055 3182 957 4440 976 3870 494 3746 3260 3759 4947 3587 2379 4548 4383 187 1797 4311 3904 2169 1855 1455 1525 2063 779 914 2494 2832 1518 3670 738 1091 1279 3726 3828 1701 3789 77 3567 1901 503 289 376 2518 539 3023 4834 1968 3203 782 620 2857 3230 610 2911 2206 2906 1385 3565 3690 274 2979 1861 3232 3452 2821 622 924 3741 1999 985 2255 2592 3177 3851 362 3440 1184 2648 4507 1815 3588 3568 2343 3252 2931 3011 4387 621 3882 1317 4305 4666 4962 1624 2906 1506 4545 1004 4131 3193 2016 3473 1213 1027
655 3620 2929 128 3225 2741 2317 2617 4887 2040 1825 3119 3741 2686 26 1175 3176 3127 1903 3752 638 460 1450 4933 942 1615 3139 4570 1271 492 2671 4746 3874 881 635 3902 4412 3297 4233 1917 2616 548 721 411 3416 2153 51 2536 2360 1067 515 4531 1200 3370 4979 4176 4071 4141 420 1149 2713 1702 3041 2372 4672 4354 2924 2843 2478 1132 2586 2863 2854 1573 3207 3786 2877 2593 2513 3555 1039 992 3508 1374 671 3216 4913 4287 2896 3551 2970 4513 198 342 4672 1728 3618 2206 3057 4356 3242 3531 4782 2239 1269 2483 4404 764 527 1885 462 4525 744 4829 4851 1014 4698 2137 3019 4425 3735 386 1585 1745 3341 836 2672 4752 2131 2630 3990 3146 2460 661 1785 4346 4764 4904 526 1273 3686 2523 311 3028 519 64 3786 738 21 3755 2677 4094 2653 1560 4252 885 659 4882 2528 1620 4226 1956 3855 397 1093 2134 438 4434 4291 4988 292 2662 1581 1572 4768 12 2590 3773 3248 2520 2991 3014 4372 146 2205 4570 3079 2683 2413 2442 4035 2274 3626 4312 1167 2742 2511 1222 2292 3308
933 502 3421 599 1607 361 2617 3543 2664 521 1239 2302 1064 232 1036 4060 1828 3294 3674 3435 3667 411 2755 1473 3770 4839 4635 4387 4623 2712 3838 4515 2919 2971 2227 1739 3922 511 2347 1409 1113 1747 233 4515 2861 2635 15 1363 4006 3590 811 4706 2305 3014 1799 4570 2640 1060 1192 1056 4535 4289 446 4934 1824 3509 43 4431 2939 2769 345 2125 2261 532 4249 3691 3657 1269 3278 474 4366 3557 1926 3529 4972 4496 1537 3369 3357 346 978 717 3385 1755 3535 2745 2195 4125 2233 3185 1545 4688 4524 1140 1270 1446 831 2900 3919 4493 3490 1395 1261 4893 3341 4122 1032 3721 1855 551 2884 4955 2833 2919 1033 1321 1221 3541 3798 3061 709 3757 4609 1888 799 2639 1216 1362 1283 660 2174 2523 3218 4549 3922 898 1216 1421 4027 1430 2259 1576 2202 3980 1102 93 1931 3319 1162 1418 4800 2966 4929 2282 3223 3540 1196 973 4642 4120 995 415 1272 3555 617 3075 408 600 3628 2690 1231 1443 4198 768 3352 1316 2811 4973 3190 4800 870 3047 3747 261 780 405 2492 14 496 513
2169 824 3979 2331 3003 2063 4887 2664 2366 4998 1064 4238 3351 256 1333 1354 2299 4207 2061 858 4810 2175 3210 3544 3081 3237 2504 4105 4818 3385 4565 1811 3016 3229 3918 4065 582 1851 1685 61 3674 949 2945 105 4830 3723 2254 4397 2173 73 3312 1255 312 3717 3987 3878 3092 4037 1416 3024 4447 1436 3650 4294 710 2743 2424 3284 75 3669 4659 583 2675 1724 2675 3490 536 4435 1594 1538 1795 3329 4622 3900 3303 4497 1932 1841 2183 4449 4644 4111 1691 3137 873 1213 4643 3489 2760 2639 3337 2728 2270 219 3503 4138 2672 1861 4841 927 709 1400 4706 1026 3142 222 2157 4902 1018 3537 3495 4783 1797 3137 2090 4451 101 4255 3522 2478 4624 3883 3654 1819 3313 3485 4866 1599 1175 1404 763 97 4995 630 4938 302 4428 4702 2323 1989 3650 1307 1977 151 3460 4483 937 783 987 1217 3136 3576 3031 4364 2952 748 1235 2450 4902 4852 2712 404 4195 74 4993 3479 2069 3626 2898 1237 4272 2184 3631 2130 1007 2744 2172 3000 3463 2949 2935 1586 383 1121 1235 1352 3748 2872 1716 515
732 2686 2852 411 3187 2932 2040 521 4998 3372 2322 357 1879 1900 3381 3017 1756 424 1150 1734 86 3402 2840 274 1508 1298 2403 1033 2008 2271 3100 1343 802 3040 4062 4480 1586 3773 2142 4352 3240 1886 1511 3866 2832 4271 1099 4966 1621 4524 1362 4887 4845 4280 922 4279 1649 2676 1460 1227 3676 1824 4212 2060 599 4281 4134 4190 922 1449 2507 4261 4389 1990 1192 3462 88 4779 3099 3157 3372 1041 4131 2372 156 3748 1484 4078 3469 1835 3914 1220 2771 2342 3673 1357 4878 849 1376 1889 486 3279 4528 1695 675 1700 1029 4752 2701 1280 1491 809 1250 3816 2279 3444 2547 4754 4472 2593 2114 291 744 2271 4393 3590 2449 2443 988 2833 4927 4683 1923 3351 2911 2245 616 281 1070 37 1445 2086 4726 4821 1616 1996 2436 4663 2362 2665 4763 626 1949 769 3492 4122 4185 1771 4714 3116 115 3064 1568 570 4197 2326 401 2055 1864 2725 1022 2692 1722 4796 2371 2317 940 4730 3283 4105 3457 1379 1289 1249 474 960 3564 388 650 599 2245 4291 1039 3823 3027 2626 1319 3564 1529 4815
2764 4133 2389 2848 2064 1611 1825 1239 1064 2322 4824 2105 693 1560 4979 4729 1294 138 3383 3885 3334 1510 4116 3232 1417 4107 3552 317 1640 2491 3540 2110 3198 2576 808 3875 1573 4360 3840 2929 4146 3901 692 349 3467 3102 3994 582 2899 3594 4572 388 3635 4658 687 3576 338 847 1145 2406 1461 2714 3375 2206 546 4077 4286 4145 3774 2932 3451 262 3087 4012 3867 2466 1843 1028 4601 1498 4017 2678 2732 2604 1093 2714 79 2124 4677 3793 1860 4898 1440 4173 853 2946 1059 2977 4307 114 3018 1780 3402 4812 3102 4310 3958 4047 3360 2965 3537 3112 3380 423 2106 930 3473 1269 3385 1914 4989 1232 959 2830 1409 1757 124 3931 3371 4659 4593 1314 2501 1991 3189 2083 110 4977 3917 736 2161 3637 1273 2595 4434 3433 868 1305 81 2107 4320 4222 4867 117 846 1810 4976 4384 4572 2616 867 1673 1359 3539 1125 4294 4816 1014 3780 4255 420 4771 2202 3033 3122 613 1924 3576 1946 2663 4439 468 3029 4408 1956 4574 3210 1248 1662 4273 3552 3631 4556 3960 3338 675 404 1860 3487 1928
3558 2329 1504 4727 3294 4321 3119 2302 4238 357 2105 3899 2614 2416 4770 1427 2049 4685 2876 2996 3719 4736 3336 2205 4052 4033 4365 4090 3513 3557 3261 1413 354 592 3386 648 1058 767 1112 2980 4751 2515 1002 4664 1372 3028 3814 1966 3014 2922 3156 4201 169 552 200 2923 1332 630 2004 1666 3611 4020 4009 4485 3359 1779 3151 2387 1625 4101 2310 2889 3827 1271 4801 646 3295 1677 3628 346 783 1152 3747 4730 586 1828 2601 1964 1197 4370 958 4083 4432 2928 3528 4185 96 295 4637 3128 822 1267 4235 4014 3302 694 942 2107 353 4978 1228 2340 842 4037 2864 1036 2743 532 3590 3548 264 738 4456 3016 3176 2738 2370 4217 1347 4406 538 1845 346 878 1832 1283 4065 3422 2881 4900 3262 3027 4939 3611 707 4145 70 2312 1202 172 4162 159 4992 4013 3670 2084 4324 2164 4562 4817 4889 1566 2615 2952 770 1366 2023 433 2292 2748 4060 1602 1195 1650 3508 3388 2748 2463 4936 1489 2509 3402 3382 979 2547 3106 3313 4612 4031 4536 941 4505 4895 822 1755 1546 2795 48 4885 2350
3692 2388 4030 2858 608 814 3741 1064 3351 1879 693 2614 746 2675 1012 2017 2160 4628 1038 4738 336 2035 2395 4566 4236 2677 3620 439 2834 1679 4090 2584 190 2482 3528 3834 3840 4807 1240 2410 4978 4208 3830 3474 4308 4693 680 1509 1704 3140 1982 4191 256 4145 3745 4759 4787 1417 1401 2093 2452 3250 331 2089 4692 3639 3498 2112 3937 1744 1591 616 1639 4415 169 1951 196 2857 2937 2155 1775 2106 2008 4659 4008 2435 705 557 1011 434 940 974 982 2861 1858 4124 2782 4792 1962 2360 1103 4742 74 2880 270 286 3561 2705 1377 711 2204 4991 3952 4915 4638 497 1783 4317 1076 3829 3199 1902 4757 3139 200 971 985 1444 2760 505 1174 83 4848 800 253 1371 2490 2489 2045 2242 4963 117 1511 2794 4665 3649 4185 4954 1259 992 1807 4490 1505 4904 3367 706 4786 3648 3540 3287 4016 3968 2662 1532 4991 3852 2511 4825 4983 2249 43 1989 3483 4170 3903 292 717 4790 3706 4976 1326 3287 1499 4550 499 4197 4361 4123 4271 1495 1959 181 4561 1955 1334 2112 1116 1448 213 2443
4052 4620 3406 2088 367 3823 2686 232 256 1900 1560 2416 2675 3314 2155 4403 699 1020 469 3295 1572 4582 3486 3105 4343 57 2996 2127 1338 458 4568 1336 4778 2539 2786 3274 4699 1736 851 4742 4824 2703 3863 2992 2979 527 4804 290 2240 2656 1898 4265 3140 613 3943 789 3989 807 273 4214 3633 4868 4298 4056 1377 849 1453 561 4948 3030 3089 3107 1593 4271 298 3790 1057 4832 1673 4726 2351 1498 3768 4422 4285 3456 3296 20 1614 327 2386 727 1369 4991 589 1647 623 3419 2750 2862 4365 2827 2625 4328 3746 2177 1711 2708 2552 4884 2208 4040 2624 4534 3404 3299 155 1022 774 3030 4057 3427 1018 4650 468 3778 2060 2698 202 1031 2756 3314 1169 1090 2370 2900 1666 2322 1391 408 3455 4735 908 3055 1194 455 4864 2667 3468 746 3578 4486 3600 1577 4599 1120 1159 25 2736 2795 842 557 782 2666 4339 1453 722 2565 3877 2315 3324 1573 4801 3793 2054 1913 3184 1162 404 3236 4945 3196 571 2933 2398 747 2131 4506 3236 1011 4675 4606 2286 4513 1018 367 2147 718 1088 620
1312 86 4208 210 922 4719 26 1036 1333 3381 4979 4770 1012 2155 1669 1147 1948 647 2278 3839 2373 4677 1054 1385 3865 4315 777 48 1392 763 3865 1807 2040 1523 3077 2530 1482 711 3011 1990 2079 1256 3217 4514 2254 3427 4705 4277 2012 1152 793 3649 891 1874 3845 3272 4740 1405 1206 2106 2581 342 3888 2155 2479 1470 2468 1534 3588 2305 3141 4659 133 954 11 2533 2714 1609 715 330 86 2214 3373 1760 3224 472 2569 2383 4636 536 4581 4712 1173 4872 2866 4320 2809 3464 2701 3218 4040 140 1517 541 1287 3939 931 3843 186 789 2430 4125 4608 2515 3307 1339 320 1364 2511 4268 1524 3089 4879 4043 3948 3056 1410 1204 3672 3223 742 50 1548 4721 1539 1611 1047 1279 4826 455 3096 2967 297 4299 2618 954 4983 3367 729 622 1373 3733 212 4542 1976 342 2339 207 2465 1755 2430 2511 525 3915 4367 3961 2154 4684 1433 4965 2227 2675 1795 2569 275 2729 4682 419 2004 218 1751 398 3520 2837 1702 1781 1887 798 4898 2254 887 4834 4689 155 2340 2750 3591 4414 2123 1987
1222 2702 3054 4213 2955 3323 1175 4060 1354 3017 4729 1427 2017 4403 1147 3065 4393 1938 3131 1415 577 1850 1712 3842 4325 959 846 93 461 1232 3972 525 2183 1156 21 1059 1059 4252 2696 3468 897 4533 140 4679 1065 2337 1451 1365 32 3823 2340 3101 1182 3068 4501 1630 4796 3595 2017 3504 1190 1111 1961 2900 1180 513 876 3128 812 4054 3649 1758 2162 3768 841 1892 3976 1431 4222 1683 1299 3264 3098 4532 4785 2794 2198 2920 200 466 4647 1575 1445 3129 3093 4543 507 1899 1081 4328 3461 1326 4808 2835 2530 3972 3020 1650 4894 3240 1957 250 2430 1791 1027 3792 238 2718 3923 3448 4190 2827 3536 745 4103 1638 3478 1650 1035 4842 2182 313 2103 896 3732 3411 3010 799 2728 1669 2695 1269 1907 2393 568 42 2519 4895 2427 1983 1791 4287 2540 3110 858 4603 4969 3761 3442 4468 301 1980 318 4574 2187 750 1138 4174 4385 918 2165 3063 3880 4810 4121 1654 2168 3129 1817 2535 1853 4872 3354 1226 3111 4213 2610 2115 246 3636 1550 2620 1853 4995 1171 4392 908 2251 3068 383
3998 4084 4285 4027 2180 1228 3176 1828 2299 1756 1294 2049 2160 699 1948 4393 2997 4912 1996 1579 2048 2041 2989 1899 3972 1133 3351 1453 3214 4578 1586 4796 4972 191 3492 3013 4352 4043 833 1273 4531 1401 3997 1121 830 4574 394 2906 4937 975 3508 4070 4268 120 3920 3630 2212 4783 3436 3897 2406 3272 4563 1704 1011 635 4480 82 2125 119 1714 1037 1067 1411 2436 4988 3145 4038 504 3271 4457 204 4521 3882 3334 4457 2483 424 4028 189 1356 3264 2049 1216 710 4679 4938 1467 2664 2959 4705 4595 2849 1013 202 11 4399 4626 180 744 3436 840 3373 1516 3267 3947 2979 3091 2799 1179 3165 1359 744 1927 1681 4210 859 4977 1628 796 3526 59 1025 1826 1096 836 2305 2027 4167 3337 4411 2808 3341 4178 3914 2851 731 3863 2850 4305 1256 3696 4465 1658 4584 1785 4038 2739 1353 2443 527 36 2696 1273 1346 4527 3018 4728 122 3606 882 4177 3167 467 3668 3515 3896 554 66 2822 1239 4360 3207 4190 4353 259 4694 1624 2681 2117 803 2274 189 2021 3889 642 735 3603 3699 4235
3559 4195 4591 770 2410 3348 3127 3294 4207 424 138 4685 4628 1020 647 1938 4912 2235 2698 4480 3171 1554 2480 1327 1322 671 759 4274 2521 813 3334 4632 2444 1110 2425 2815 3517 3170 4649 3733 3686 1502 377 2754 558 1197 1797 41 3939 558 2574 2559 4630 2547 4860 1261 4250 1802 954 442 1733 2679 2239 1861 1364 425 2457 1303 2188 2844 3382 3851 3300 416 2738 2338 3810 1643 3895 37 4397 2679 217 69 4044 1209 4515 78 3270 4385 212 4530 3255 1543 3009 4589 1198 4938 2440 2342 348 4435 3923 3457 430 494 1021 3236 2826 1546 1737 2572 2521 2265 4990 3738 3434 1463 2054 3816 2042 650 2557 540 1716 3904 328 3898 4769 2046 1591 4487 617 3061 2219 929 2802 184 2755 4582 467 1573 1165 4016 3747 2468 1612 2827 1739 3070 2168 3609 456 2489 4459 120 3254 346 3460 1243 1965 2484 903 3871 3152 1080 899 1602 3059 1205 4788 2967 3850 1422 3194 1702 4658 3922 660 3641 3360 1003 4526 4311 632 4587 638 2505 4715 2773 475 1101 4561 2074 1278 1777 1913 3794 4562 3063
1487 1643 2388 3624 446 2760 1903 3674 2061 1150 3383 2876 1038 469 2278 3131 1996 2698 4521 3214 4769 2683 1452 2193 4980 859 4740 2702 2943 2994 1716 2066 351 365 2787 2293 4705 360 1213 442 4002 471 3608 414 2369 4635 2155 3271 1633 4698 4433 3699 3244 483 4349 4034 4693 2056 3489 3346 2165 4208 2411 2942 963 3361 3210 4147 4221 4441 3135 3833 88 517 2459 2792 2847 1598 608 4782 3076 2922 4471 777 295 1400 3533 4558 4717 4023 4077 2215 4215 125 4774 441 284 1516 4984 1543 765 3990 397 1570 1573 4682 3848 4528 1282 1682 2871 1347 3708 241 1247 3767 3586 3485 357 2495 1508 3542 937 1848 2462 4561 2803 3401 4415 3345 1344 4410 4828 4567 1407 2277 63 3132 4692 2509 2622 1600 3752 2174 3360 3635 497 2824 2433 24 2615 3209 2479 289 4640 4498 2497 3306 2503 32 1539 1838 1992 3422 520 4569 3471 2941 4665 145 4850 2019 3932 1192 4323 1472 523 2046 1999 1197 3996 3592 1024 410 2645 2347 1927 532 4574 1489 457 2953 4712 3668 3119 1683 543 408 307 1753
2877 2878 2161 3215 4240 2300 3752 3435 858 1734 3885 2996 4738 3295 3839 1415 1579 4480 3214 940 2295 4190 4975 1088 383 4664 1417 2012 3892 3114 491 699 2719 1429 3647 1005 114 3723 2775 3635 4425 1415 1703 340 2714 787 4210 2725 4104 1233 1272 2453 3749 4608 1073 596 2201 4469 2497 3959 1230 3194 3169 1209 3601 4289 4036 1513 1918 3773 1563 1174 2169 3580 1999 1665 1641 1160 3729 4383 632 1913 1524 3156 2475 466 793 3224 4572 2075 2291 4218 3706 164 463 2036 2088 4803 4837 796 1782 4924 445 3900 1661 3934 2281 4484 3581 373 2675 3356 1477 1067 735 3025 4029 4552 3971 2760 735 4836 317 4773 380 787 2193 497 4725 4182 1659 369 1345 3713 4189 2602 4116 321 4704 1294 3292 4560 3330 3347 3829 4985 1522 249 1037 4105 4302 1167 1223 2237 1167 1628 3680 3545 2410 4785 3955 791 590 3933 2306 2814 2645 2112 2780 3297 3263 4388 1698 3207 1552 3294 2933 612 3481 4870 2247 2329 3870 2862 4801 2328 4499 688 3059 3647 4214 1593 3286 256 3335 1183 2794 3546 4548 1391
2468 3074 1964 2385 360 1239 638 3667 4810 86 3334 3719 336 1572 2373 577 2048 3171 4769 2295 3992 992 1288 1435 3408 3550 3503 1551 2911 2167 480 1374 4661 3818 1592 942 2180 1116 39 2707 3195 20 565 4915 1625 396 3038 3519 2582 4252 3116 2742 2496 4683 669 1934 2129 2145 858 4337 2952 3510 1613 3582 3030 3000 2030 621 4001 166 4053 1870 4905 539 3696 4916 3344 1052 4318 1630 2656 4381 1065 4739 950 4571 46 887 4086 609 784 4836 1728 2837 4846 3061 218 475 2372 271 2717 4815 2847 3124 1747 4151 2542 4181 3200 2842 3877 1550 4178 260 4798 497 1252 634 2252 647 2078 3847 3960 4796 1748 1623 1891 4636 2727 112 2467 4662 4805 4950 364 3937 1339 1537 1363 556 336 4201 2562 1374 696 3257 1584 3935 3657 183 2276 3452 2375 4027 3112 3467 2315 1850 1628 1569 4086 1980 2740 1044 1857 433 4547 4366 3891 1167 967 4780 887 41 466 3454 4461 4112 4517 3033 3348 398 192 3475 4479 4061 907 2850 2542 945 3194 2467 1943 1309 2124 318 4813 4072 1319 1195
3030 3549 2640 2034 1633 4774 460 411 2175 3402 1510 4736 2035 4582 4677 1850 2041 1554 2683 4190 992 2833 1187 645 2926 1876 3318 4611 4542 2763 871 2432 3924 2807 688 2415 4450 2399 1429 4832 1039 1113 1258 3379 4795 1643 102 1033 2257 1008 3279 411 2526 477 3557 1143 1197 4367 4068 3063 4110 4388 1709 1298 1718 207 3385 2283 2260 3602 982 2717 2739 2962 1799 830 2834 852 3774 1798 1922 4758 2116 645 3355 924 1337 639 511 3871 639 722 4473 3475 2732 700 1692 2704 137 4990 4205 3337 2858 837 1020 1597 1159 4553 2230 3935 4110 1452 3710 4421 3279 2835 1990 531 4919 774 2410 4071 635 2088 3742 1476 4799 2852 4273 232 4047 2313 3188 4212 821 2765 1300 4340 1312 3167 2606 4752 3015 4428 4632 4715 1877 4797 2371 3446 160 1901 3333 4216 2492 4688 1927 3960 1537 1646 1000 2354 2802 1619 4758 141 32 1745 1582 4783 2241 1765 472 1871 396 3986 4787 1376 3339 52 201 3011 4051 4898 3535 4511 829 4194 414 450 2753 136 1683 2743 2346 824 3455 1279 3926 3228
987 2848 2609 2653 3941 1075 1450 2755 3210 2840 4116 3336 2395 3486 1054 1712 2989 2480 1452 4975 1288 1187 4052 4421 1731 4707 1534 3350 3771 2426 4226 3038 2925 2532 2584 3479 2601 1789 4341 3301 4627 2363 1013 2630 1770 4641 2608 4170 915 2842 4288 3384 1644 1605 3127 2223 3326 560 1833 1121 2616 1279 4652 875 3867 1551 845 1609 309 1711 718 3418 830 969 268 1047 375 1066 4893 444 2309 3695 3957 3318 1226 4440 4452 1462 4393 4060 4410 4320 4628 3734 4274 4737 1463 4626 2701 3880 2249 1142 612 127 3990 4196 1169 649 2681 4105 2654 2453 2228 2683 3247 1514 1051 1624 2426 4002 181 4533 4181 2063 34 2713 3722 1414 449 193 2246 3006 2783 4090 4426 2873 210 2338 243 2334 2430 1328 4090 4749 1900 3698 4217 3389 498 1498 622 4931 2032 1648 4132 4480 2824 160 4641 30 870 4523 4242 3986 2752 2841 4189 631 4199 1116 4283 2373 2618 1777 813 2902 3490 1293 529 2814 156 4433 3268 281 398 4599 4387 547 2217 877 2796 27 509 1582 1378 3860 3834 3866 1352 2979
2538 1848 1906 2940 763 104 4933 1473 3544 274 3232 2205 4566 3105 1385 3842 1899 1327 2193 1088 1435 645 4421 2963 3486 3667 1944 2364 534 2949 2354 3039 1669 3337 57 2639 4248 4346 3318 4298 1908 2836 2268 627 4480 2194 3815 2675 2217 4117 2231 2843 3766 1695 4555 4301 162 3524 674 4054 3658 200 3993 346 1674 4726 1446 4580 4386 4694 4119 2537 2540 3034 4206 1516 4059 450 193 1246 951 4771 1033 3224 503 1244 4632 4163 842 1628 2515 3827 822 2701 1695 1546 4244 4163 679 253 2079 4647 2607 1936 2164 296 4709 1049 2112 619 1145 2052 926 1947 4409 2677 2342 4229 4438 871 3904 3900 4913 3788 237 968 850 4307 313 4366 3634 1754 4046 1400 4231 1447 4576 4205 4889 1467 4361 2878 3485 2906 461 3825 2448 4342 4577 3443 2281 4490 3854 4393 1954 182 4515 2893 696 666 2901 1459 3471 3344 2335 3666 1822 72 2458 2480 179 1201 1725 3636 4789 3825 2224 1834 3680 3195 2052 3773 420 1244 4482 768 4204 3092 1144 3896 1367 3566 2450 4317 2732 2172 2099 3974 3239 4922
1579 786 4270 373 3992 2993 942 3770 3081 1508 1417 4052 4236 4343 3865 4325 3972 1322 4980 383 3408 2926 1731 3486 334 2417 3537 2267 2981 4824 4838 4200 2462 3518 4892 2110 1007 1114 3159 2388 2819 3610 2864 84 937 4050 4036 4928 3783 337 3432 4315 4158 2577 1421 1324 4649 3718 2161 3350 2141 1171 3310 4670 3412 814 1526 1590 4509 3021 3369 168 2796 4545 905 2756 2508 4824 2503 114 899 918 4928 2287 175 3809 1328 3044 2970 333 1579 2237 2772 690 332 2172 2861 1023 1833 2785 4518 1455 120 4219 1669 3474 3339 3925 282 76 1467 3851 945 4791 848 1204 4936 2668 246 1660 2795 609 509 1215 4691 273 4586 3660 3541 2399 1401 3646 2458 2201 2798 2386 597 3432 4495 3887 4257 2469 4824 4486 2220 1777 3683 3885 458 4289 343 4867 2064 1926 2681 3023 3319 3791 871 913 3147 1203 1689 2290 138 32 1711 2074 812 2302 3917 980 321 3689 3281 488 161 409 1775 4789 3470 138 4894 3951 864 4391 31 2675 4791 1174 644 3640 575 2337 2319 1227 2568 4153 3405 2105
10 3891 555 3481 4880 3165 1615 4839 3237 1298 4107 4033 2677 57 4315 959 1133 671 859 4664 3550 1876 4707 3667 2417 1882 963 791 4576 395 1730 1688 3947 2972 2905 2884 4639 661 4537 235 3274 266 1987 4371 865 211 4922 4540 1226 2074 4690 2394 1152 3049 2844 2337 4674 4928 2724 3153 2124 3650 2127 504 4012 2621 1889 3318 786 675 114 137 699 1045 4561 4401 2230 1248 788 200 876 3269 289 1686 107 2389 221 1025 2150 2833 1294 1531 4831 4400 3024 289 192 4628 1644 2715 3546 2643 2660 2417 3497 345 3847 3069 1391 1706 2010 4458 1783 2299 4905 4965 4383 1941 3267 3119 4621 1869 1987 954 1752 4306 3578 3954 4105 1734 516 768 1303 1977 185 3710 4165 406 3623 3509 1550 1336 4403 4457 311 4574 4628 3646 956 4028 4552 2108 3235 1481 1706 2640 4323 4693 4110 3202 3098 2881 2706 1276 2437 2447 555 613 4405 4402 114 3968 4065 4476 1116 4612 3640 1077 2899 3169 4293 1853 322 4634 4447 4579 3652 2797 3895 1637 3983 3278 4060 3054 2061 4419 704 3181 4001 4865
1387 3279 2518 3526 1896 2381 3139 4635 2504 2403 3552 4365 3620 2996 777 846 3351 759 4740 1417 3503 3318 1534 1944 3537 963 136 3527 2784 3363 3380 3597 2325 1278 4241 3694 2893 4253 3125 4248 2834 102 4730 1114 3175 2891 3516 4916 304 3290 700 2685 2403 2863 823 1468 3251 3028 1860 211 1184 2232 1757 3378 4729 100 2682 3352 3942 255 740 2770 4480 616 2432 4267 3101 2006 2155 72 2359 4256 4889 1234 3885 2403 1592 4818 1899 649 1907 105 2039 610 2018 1299 1927 629 3019 3490 672 2200 242 2973 334 4752 2120 4801 2325 1769 4814 4461 1430 2856 3844 4161 2113 4930 2852 3351 3168 1266 4653 473 1838 3576 4782 4919 2625 3281 1706 2943 2747 1165 2508 3947 4086 386 1585 1537 1327 3904 2572 2083 4135 2934 1898 3395 3886 4282 4795 759 3190 2449 530 4645 1613 4683 4180 3381 1600 3161 2705 4878 3408 2908 2103 3551 1405 1419 4037 1401 4386 3616 2546 2412 1391 2102 4992 1876 322 4372 1192 582 4978 672 1086 3843 3025 1916 3154 617 2688 3537 355 1086 4282 3042 3944 1463
2121 2564 4877 2622 412 3426 4570 4387 4105 1033 317 4090 439 2127 48 93 1453 4274 2702 2012 1551 4611 3350 2364 2267 791 3527 4242 4417 3865 1925 3395 3143 3965 4085 3432 4350 3677 92 644 1864 4458 2759 3861 1280 1051 3689 2273 4524 3470 3126 3135 4203 275 1685 4403 3351 3249 4209 523 937 3523 4608 3783 164 1168 285 949 1074 3629 357 1248 1694 3283 179 4117 101 3376 4855 4145 2807 457 954 2603 1004 2862 707 806 1132 1024 930 3163 214 4947 645 2374 2798 1238 4053 1262 2134 2754 1858 2622 465 2497 1476 2266 1793 4705 455 3981 1981 1763 287 2293 4367 4990 890 1005 2160 3337 123 550 2785 4019 2921 1076 1785 1533 2741 263 2228 3944 4639 3718 2969 149 981 820 1879 3041 119 3023 3436 4599 858 1197 3937 2436 935 889 1115 4956 367 4016 4342 4862 4075 4744 2001 870 4643 573 3197 4439 2026 3812 48 827 1703 1081 2589 3782 4828 4128 2504 4023 429 4175 1156 4142 2483 529 4698 2866 1635 4414 485 4072 848 3870 3466 1129 693 4887 1078 888 3180 2857
2586 2345 2320 210 2661 3061 1271 4623 4818 2008 1640 3513 2834 1338 1392 461 3214 2521 2943 3892 2911 4542 3771 534 2981 4576 2784 4417 2080 3601 4358 4839 4883 1523 94 2824 24 1116 3253 3852 4131 2280 3633 4243 4807 1651 2688 4246 3813 1631 1595 3185 1537 2927 1546 4797 389 4344 3079 4181 4011 4869 4360 3200 4187 441 1398 4048 2778 675 2306 3988 34 4112 3894 479 2014 697 3512 2559 3066 3531 4909 962 4524 2479 2051 2723 1943 2632 3767 4006 3558 3532 873 1440 3979 4124 3151 2456 1660 2012 4139 1872 249 3327 4242 4236 2784 2207 2299 4616 1351 739 3426 2914 2217 483 4753 1234 167 74 1734 1367 237 1329 4384 4695 1429 4805 2513 4570 783 4141 4450 3011 1187 200 2443 4912 1212 2197 4058 1253 4639 1506 125 1733 4617 568 2073 4981 4772 4107 2958 726 1318 3676 1635 3896 3703 4641 300 1186 3119 4785 938 2767 3221 579 1827 4210 1912 2085 2997 1045 3544 4198 19 2113 3348 1377 618 74 482 648 2547 1521 392 2005 1975 4330 4375 4165 3242 3876 2056 3330 2333 1136
4608 2042 3290 1228 4236 192 492 2712 3385 2271 2491 3557 1679 458 763 1232 4578 813 2994 3114 2167 2763 2426 2949 4824 395 3363 3865 3601 2248 1751 1437 3753 1578 3823 1404 3876 3896 2616 1399 1755 4072 884 3216 1896 987 2938 2794 861 4464 2935 3183 3577 566 1077 1476 3554 4201 2241 1373 2657 3486 858 931 3201 1047 3581 3843 2599 423 1667 4262 3432 4402 3418 4590 1992 1947 1743 4330 1497 4122 2791 3709 3788 1682 4324 1595 790 4023 642 2789 3802 2418 645 1640 2021 1796 4774 2624 319 3174 313 1213 3001 2150 2874 864 4749 4001 2673 4678 4433 86 2448 3092 1220 3994 4236 2037 3504 3146 879 3014 2320 2160 1546 4911 1238 272 947 3559 4133 1321 1023 4113 2770 3788 3729 2548 654 4123 2399 2259 633 648 4529 3811 1650 4968 342 2467 2760 3112 2453 904 2461 4981 1374 3426 2900 4071 2928 1427 4094 1832 4815 3434 1328 4767 2847 1506 116 190 3546 452 2043 2307 3331 4864 1462 247 1982 4393 1868 3352 1180 4701 3244 3333 1107 4505 2447 521 1890 690 333 557 718 3583
1044 4615 226 3643 3020 2713 2671 3838 4565 3100 3540 3261 4090 4568 3865 3972 1586 3334 1716 491 480 871 4226 2354 4838 1730 3380 1925 4358 1751 795 2697 263 4731 2632 4002 4863 1199 2666 690 1386 437 773 1325 3660 1800 1767 725 4141 3808 3937 3511 2468 1476 1696 971 309 1747 4443 3278 2938 4905 1781 340 3818 2204 3599 565 4739 625 1578 2998 3478 1357 3922 4205 734 2484 191 840 3654 3773 3002 2835 1845 1331 3582 2843 2557 2413 1773 2659 1029 697 1910 1702 2335 1500 4213 1988 813 3836 1895 4130 3450 450 3675 1894 2453 216 3982 1585 1560 3652 4478 4298 418 2027 4115 3275 2424 2189 673 3346 177 3730 1917 2375 3416 1561 3808 1382 38 1667 2366 2012 2248 1196 2449 420 3576 3334 2076 224 907 4022 887 4465 1982 1896 4413 1269 4125 1232 1396 1624 2612 142 4489 4291 1470 4634 610 2429 3642 1431 4434 4382 1199 3304 140 3162 2715 4597 4265 1722 2211 858 4671 2562 3864 4252 1917 3285 3400 4808 3842 2309 4761 1788 1603 3101 2402 82 1218 4710 1136 2657 614 2633
4559 2272 167 3371 1370 189 4746 4515 1811 1343 2110 1413 2584 1336 1807 525 4796 4632 2066 699 1374 2432 3038 3039 4200 1688 3597 3395 4839 1437 2697 372 3169 4136 2765 2043 4389 3808 4829 3471 4885 4113 3640 2033 710 3089 1698 3863 4435 79 3654 2904 1414 51 686 3573 4567 892 460 731 1338 1624 3232 3890 918 4470 3867 612 2090 368 110 315 621 747 776 4275 120 262 256 1915 4731 1785 2053 3290 2438 2487 1249 4505 4782 1891 4533 4385 4182 4604 3084 3064 4360 4383 3224 2481 798 2447 1254 131 1241 3093 619 180 2294 1084 1993 2925 592 700 3173 2897 3340 1015 3810 1281 3242 1701 2088 3824 2379 4220 379 3994 4471 2724 382 1747 4412 336 364 3803 1122 1781 1091 1579 2672 891 1403 3432 4519 738 2759 3971 4003 4719 3493 132 4344 2059 206 1179 1425 2757 1755 2457 82 3980 2855 4400 4720 1972 4805 2436 1729 4946 2908 3723 2456 1800 1265 3755 29 3979 341 2252 912 2821 2161 2530 3532 1443 4838 3949 658 1823 2636 873 3217 2206 3444 2721 2806 1870 1878 4835
2605 3357 1903 4572 4233 585 3874 2919 3016 802 3198 354 190 4778 2040 2183 4972 2444 351 2719 4661 3924 2925 1669 2462 3947 2325 3143 4883 3753 263 3169 3155 787 3300 1004 2697 4851 2801 3113 1466 3031 2893 1381 2550 1019 38 3590 186 352 973 2823 3307 47 636 1902 1289 2723 3520 3547 4775 3026 3185 4016 4893 3329 1019 4055 2777 3622 2937 2864 1206 2906 1379 2022 3062 3005 4045 4432 1155 703 4213 791 41 3867 3836 603 2000 731 2620 4021 1486 4032 16 4540 2385 3880 3117 4913 3431 4942 4835 2054 3038 2317 3486 1995 2134 1189 850 645 2460 4437 4053 4093 3188 180 2311 3588 1654 4627 3258 4710 4780 4446 1124 1345 3680 1988 233 1424 3188 4257 1422 1121 1441 4929 2923 2898 4587 4920 2778 4147 4177 2085 1602 4198 1989 2922 1632 3733 4884 504 4413 4172 4660 2506 2913 310 1125 493 958 2092 629 4074 1621 4716 568 2338 3522 2083 2544 4567 4217 4038 1167 4355 1052 1481 229 375 309 953 3745 2324 4210 3936 880 4298 2625 50 2419 280 3204 4214 403 273 4756 3321
2523 1901 2412 4378 3660 1789 881 2971 3229 3040 2576 592 2482 2539 1523 1156 191 1110 365 1429 3818 2807 2532 3337 3518 2972 1278 3965 1523 1578 4731 4136 787 4627 2255 2598 1319 4785 3103 2645 3383 1313 1652 1298 1894 713 785 4557 2291 456 1865 554 3950 504 2569 1593 4368 1326 183 1905 1910 3895 3192 1527 4017 2085 2485 4761 3644 3981 2267 933 3752 377 4113 4672 4366 2437 590 4463 2086 696 3166 1717 3155 2869 3417 2334 4629 3948 4851 883 4671 1247 2185 353 2599 4754 578 2696 2375 4415 3525 1842 4848 2403 4091 2607 3680 472 3546 4294 1880 2827 4979 1243 252 2859 1470 3209 1291 2289 2596 4035 1868 3028 1631 356 1998 4721 1816 4405 2648 571 4920 3715 3425 3843 3636 546 645 365 4526 4121 3987 1603 1627 1739 1634 343 3551 1641 2531 3028 1770 157 595 3314 2626 1542 4010 4890 2317 2844 4031 4125 2643 2480 760 778 4806 2882 3566 2184 1262 654 1113 171 1667 3061 4734 2893 3082 431 2904 1951 3749 816 4435 4908 4772 3824 3893 1948 3492 3756 1206 1386 4585 2439
3872 3363 4411 1270 2747 1050 635 2227 3918 4062 808 3386 3528 2786 3077 21 3492 2425 2787 3647 1592 688 2584 57 4892 2905 4241 4085 94 3823 2632 2765 3300 2255 510 965 1447 4378 4088 4750 3813 2655 1835 2806 2688 3311 2631 2687 1534 249 3506 537 4618 1283 4820 3841 2295 3730 1344 4989 1049 4366 1207 3058 1632 3139 2271 3894 1147 4852 4398 3480 1859 2821 3657 71 3983 2022 2904 2064 337 445 995 3385 4392 4302 2253 1012 1653 2704 4003 2597 2231 2421 24 4512 4084 527 460 1950 2839 1625 4257 4391 1546 4041 4839 1007 119 3449 1983 617 2051 4688 1596 4851 3719 155 2113 4867 295 4180 323 3451 4454 2672 2686 515 3575 4932 2616 3789 3070 4665 1104 3778 659 4065 3412 4654 1473 1383 3938 3848 1480 3577 3085 603 196 149 2543 4240 580 263 2898 1378 1388 3995 4184 188 3065 3226 2376 3103 1475 1820 1588 179 1075 497 4457 1817 2971 4225 3154 1479 1974 1578 436 1319 3488 1600 2267 1876 1189 4163 3527 3457 184 2695 3431 1272 1834 2909 623 3995 3519 3125 609 194
2112 2621 2407 4676 1491 3836 3902 1739 4065 4480 3875 648 3834 3274 2530 1059 3013 2815 2293 1005 942 2415 3479 2639 2110 2884 3694 3432 2824 1404 4002 2043 1004 2598 965 2060 2872 390 4942 392 2117 3534 4418 4818 410 4669 2162 2011 1495 4780 2128 274 4395 881 1402 1208 2766 1876 1588 3742 3303 2441 4973 715 443 3253 2326 3509 161 2890 1341 955 452 1726 197 1688 2164 3580 4192 1466 3834 4110 3063 147 3768 1936 4177 4003 2366 1942 3330 1536 490 3616 728 1171 3190 4938 1383 1081 2045 2418 2194 1383 523 1709 2243 1014 2893 1746 1476 3164 1741 2962 2166 4594 2917 2467 1171 1050 4236 1656 3761 2368 3396 4530 2455 118 2312 198 2081 4999 145 4918 4452 3579 932 3408 1606 2265 4232 1428 1859 1442 1272 4262 3076 2555 4005 2692 1542 1399 841 2019 3497 1907 3599 3714 2867 3694 3199 1687 2908 3257 1018 590 688 4934 761 3589 3131 876 618 3972 3574 1955 861 3009 3716 3331 542 2815 358 2302 4052 2880 2045 2375 2717 249 2817 2053 2515 4949 4473 3157 1725 989 1791 3240
2664 309 3698 4580 4890 3937 4412 3922 582 1586 1573 1058 3840 4699 1482 1059 4352 3517 4705 114 2180 4450 2601 4248 1007 4639 2893 4350 24 3876 4863 4389 2697 1319 1447 2872 4907 873 1862 958 4624 163 815 58 3371 3424 3130 198 2823 814 4930 2025 809 4754 3196 2349 1373 4556 1556 3109 2355 108 1578 4217 2107 3671 1198 1843 2035 3583 4280 2989 2182 1279 3527 3413 3140 4611 3467 1010 3014 807 499 4087 2588 1847 2163 3444 1785 3354 1219 1964 1698 4816 3943 2753 1259 3272 2840 3992 2367 3080 96 4555 201 2082 4940 2941 4834 2792 4157 4218 2522 15 346 4699 2993 1001 1654 3955 1190 4329 3794 3883 3081 473 4121 3058 895 2729 4634 4896 1260 2001 2917 3277 1413 2647 4205 708 2994 3690 4601 3159 1451 3525 2501 3735 3159 2503 1411 4344 1254 4100 182 2165 4435 4055 2647 3792 4014 1786 4224 4661 3736 60 761 2705 895 4202 3400 2694 4573 2666 2057 2142 3195 2275 2596 3367 1115 952 2574 800 4975 1068 911 175 2572 1535 4151 1891 1123 3024 4836 3115 4909 765 3207 3050
3491 2063 2134 2926 2275 4359 3297 511 1851 3773 4360 767 4807 1736 711 4252 4043 3170 360 3723 1116 2399 1789 4346 1114 661 4253 3677 1116 3896 1199 3808 4851 4785 4378 390 873 3559 4694 2065 1049 188 3641 3223 2534 2876 698 1078 4564 2684 2615 67 1666 3982 4054 3597 4756 1902 4648 841 450 1009 1418 4563 3971 3496 2253 4898 4432 2869 1864 4711 997 4222 29 4258 2925 2892 4610 4741 4004 4039 84 2636 2711 151 1763 3674 1884 4316 2127 98 2970 4149 3328 4496 4769 4188 3880 4715 202 327 694 2402 4627 3671 4945 413 2957 3942 3550 1382 3022 3702 2175 2248 154 1239 1448 566 1827 3433 4451 3320 1941 1638 27 4402 268 4927 1758 4349 775 37 2971 1169 4266 142 1112 1156 2622 3079 1893 3350 2978 1041 3863 2886 4799 170 791 2116 3557 1040 266 4918 1893 3780 3066 845 224 4597 4178 2157 2420 3322 119 4101 3679 941 3754 2296 128 2612 1041 2799 3688 2735 1811 4303 4423 3874 4753 340 4497 3552 4788 3754 3661 4701 2462 1174 3036 1649 1625 1615 2728 3279 2139 3691
398 4878 4784 2903 1194 860 4233 2347 1685 2142 3840 1112 1240 851 3011 2696 833 4649 1213 2775 39 1429 4341 3318 3159 4537 3125 92 3253 2616 2666 4829 2801 3103 4088 4942 1862 4694 3223 898 2888 186 3975 2393 61 1188 3836 1098 3183 4386 4821 535 454 4102 3217 846 1251 4867 3450 3218 1575 1720 3095 910 2999 2147 2408 828 1703 3583 4919 4425 2668 1940 3633 111 3201 4057 2641 4626 1319 4677 1037 963 4907 1215 4324 2526 2191 3839 2928 4921 2368 2056 3662 2293 3480 1799 1245 1223 1540 3381 594 4311 2714 4194 690 3857 3511 4482 2347 575 1304 3356 3853 1927 3535 4779 4205 3428 2332 4610 2707 1640 3760 3536 3556 2694 203 851 4002 4290 158 2950 4128 4597 2996 348 1078 1977 3486 567 3426 4864 1486 3470 1296 1283 4573 3648 3700 4823 1119 3563 3911 362 2458 1366 478 2175 4036 1949 3061 4303 2173 4170 4080 1732 4562 2158 2664 3441 2004 3972 2674 1383 856 4530 4707 2441 157 2554 3796 3782 2059 3980 4013 2127 2180 2377 4411 1164 687 2857 1506 4697 1929 447 4046 3281
691 496 1472 3815 4264 3000 1917 1409 61 4352 2929 2980 2410 4742 1990 3468 1273 3733 442 3635 2707 4832 3301 4298 2388 235 4248 644 3852 1399 690 3471 3113 2645 4750 392 958 2065 898 4666 2245 3075 3607 3659 2088 3690 3696 2840 941 1810 1421 2034 2983 1375 802 2960 593 1345 4993 311 3415 318 2519 2084 882 1691 892 286 2104 2627 3694 4957 1684 3923 1647 2215 4710 2080 1403 4305 173 3384 3699 2331 3957 4123 1623 3844 1335 4615 222 4568 1850 2579 4071 4669 4299 2343 3681 4178 683 3651 4045 1084 689 3302 4109 3572 1399 2378 2291 4819 2390 907 149 1269 866 2555 4486 4065 2017 664 1031 2966 4203 3403 4192 471 3675 3720 3910 4781 2098 4727 2485 2212 1048 2860 4671 4528 4552 1025 717 1359 3746 1875 4410 4016 3690 2474 3499 2008 1293 133 565 11 142 2791 696 629 3637 2093 4786 1290 3395 1347 4906 1907 1564 3138 4888 3233 4913 2298 2340 4359 3913 479 2710 4755 2981 3117 3000 2381 3729 2799 337 4472 4636 3347 1636 1208 4492 620 1060 4648 316 4660 1845 2800
