N: 200
M: 70
Symmetric: true
Triangle: false
2 130 187
2 125 5
2 143 27
3 126 177 158
3 1 173 68
2 59 129
1 8
3 180 77 3
1 96
3 165 72 102
2 75 152
2 87 2
3 124 197 63
4 195 20 119 97
2 47 12
2 156 24
3 162 73 80
2 164 14
2 199 52
4 132 44 100 32
6 36 66 18 54 84 134
3 29 121 39
2 28 104
4 112 16 157 51
3 91 172 56
3 43 76 120
2 194 62
1 64
3 150 107 40
2 11 190
1 50
3 79 168 171
5 123 116 166 135 188
7 90 83 22 31 147 179 154
2 23 141
2 108 189
5 186 144 127 7 133
5 99 193 114 78 176
3 169 184 15
6 113 85 181 140 65 138
2 70 19
4 53 57 149 88
6 69 37 196 137 9 115
3 67 21 48
4 191 160 58 42
1 122
2 60 71
5 148 167 185 145 200
1 4
3 89 30 146
3 105 170 92
1 109
4 94 183 151 175
2 17 34
4 153 41 155 86
2 106 46
3 101 111 118
2 26 38
2 82 136
2 61 10
6 178 198 49 81 131 95
2 163 13
4 6 110 74 93
3 128 35 139
1 174
3 55 159 45
3 117 182 103
1 192
3 98 161 142
2 33 25
314 1267 4868 3824 1736 1072 1572 2158 1550 63 2786 3222 412 2464 12 280 3985 1369 2512 3334 3247 611 3617 1518 3919 3555 2345 3731 175 3336 1660 4174 549 3899 2530 1744 4062 81 2422 4218 2787 2701 4131 2770 2612 4262 3579 3459 2549 1224 4190 1116 2472 1876 4037 3592 2943 1315 2132 3331 4883 3829 1579 3842 2230 3293 2250 2289 1393 30 1812 248 3225 1615 2413 1436 847 2238 1531 373 2973 3507 14 4759 4450 1504 1699 4962 2054 4872 2871 2205 4763 2152 3620 2850 4355 4572 4108 2801 2364 2867 3513 2960 3034 3196 1139 719 2446 3976 1665 3669 4960 417 3412 1697 3769 2035 4806 2984 4620 1401 403 808 4291 3898 2822 1145 581 2678 3860 3654 2666 1355 3409 1911 2627 192 2940 3247 3868 4816 4269 3774 1791 3185 4954 4343 3409 2959 2488 2932 4099 702 2917 3255 1208 1615 591 2364 4732 3205 1876 2218 877 645 3467 4384 1821 3749 2737 1962 1474 1970 962 3813 3252 3113 1128 2020 1949 4794 3303 3457 1705 4034 3915 4696 3414 2144 882 1043 3771 2169 800 933 951 3344 1288 3840
1267 2257 4196 1042 3907 2430 4099 2263 777 3185 50 278 4692 3262 2422 1140 3426 837 4674 3400 3481 4413 1687 2757 3000 3758 2762 3331 4209 3105 50 1230 1570 1131 954 1474 149 1683 4173 834 1793 4611 982 1285 2064 2501 3240 4805 2307 928 1329 2989 318 4066 251 3453 2322 240 1013 2877 3944 1138 1445 4357 3898 757 2068 1345 3423 4336 3088 1560 136 3335 1405 2802 4626 1328 3307 2987 4969 27 3482 1262 4290 3330 1103 4229 3742 4945 400 3602 563 4033 563 2732 3720 3410 4985 335 4488 2858 2208 2667 3125 4633 392 3544 4233 1888 4018 598 1870 3441 3371 1984 1180 1518 2787 664 3743 3385 1473 2963 4197 1698 4579 3244 2512 1571 2748 488 1994 619 1800 1708 3062 163 808 1778 2065 4339 2472 1808 3068 1565 3101 2131 1164 1044 101 514 2578 4512 805 1173 1477 482 1091 606 2507 4227 3980 1531 4505 3423 1841 1764 2563 1774 1885 4199 716 281 2723 2633 4898 1049 2776 55 2389 2650 1459 2369 2531 2242 4059 591 4632 2499 2259 3772 104 3965 4930 2870 1321 2817 3724 4266
4868 4196 1026 2528 1653 134 3706 2427 4541 1412 3822 3905 245 2134 4522 2598 2932 2945 3986 4730 2817 2281 4153 1454 3198 2342 1551 1609 3573 2174 1326 4468 4906 755 950 4437 2269 313 2185 21 2888 4187 4033 3915 324 1268 3557 4015 1374 793 4554 1563 3321 4705 4459 504 2555 159 2298 3369 4592 1034 1264 764 1016 4086 1307 275 354 177 1695 4078 1197 1188 2990 209 4228 1372 75 4285 2286 3053 3380 64 2862 290 840 511 2786 129 3835 773 3450 1178 3813 2204 1888 3455 4899 3803 3905 1540 1262 3104 4142 2444 3824 2148 3240 93 3309 3989 4035 2270 4417 277 4959 2247 4082 1850 1714 4610 54 4915 3544 4755 4252 4217 2298 1638 2176 4514 1847 2690 4073 2529 4788 11 1174 2017 2066 873 3521 4769 4728 410 4228 3466 159 3034 3583 1973 399 2419 2304 3210 869 2899 2805 3465 106 1959 545 966 1823 1498 2461 437 4336 4000 4476 1191 845 354 947 4139 1711 1453 2827 2930 3079 4158 1270 3336 4055 695 4788 4290 3836 1164 498 2779 1200 2468 1976 2885 1022 75 1136 2577
3824 1042 2528 4501 4707 2860 4806 2397 1906 1508 3721 4335 3402 3350 837 2765 2269 2053 4422 67 4456 1740 3890 392 1829 3739 2197 4062 3996 4115 2823 3031 1243 4873 1540 4793 3091 2839 3268 1611 480 1928 4845 4356 2628 2530 4899 2435 24 4440 3701 870 305 3218 1615 148 4298 1203 4375 2063 1103 492 2942 3366 3830 3895 2676 1458 1711 3594 1554 2946 1089 334 1206 1438 3877 1612 1457 4905 87 1547 3943 4584 3217 155 3240 3972 1925 2278 2576 3137 4169 3877 2467 2403 4617 439 2803 213 1740 2162 3873 4168 1132 394 4359 3893 3016 3143 4180 4608 644 3017 4682 996 4783 1150 1378 2414 2787 1021 1799 1266 255 4734 3860 3002 3927 4765 1341 2988 3409 4502 4922 3169 283 1859 900 4662 3655 4937 1561 1053 4074 4590 4682 4570 4865 955 4326 35 381 2300 4772 446 1011 1457 939 372 1989 3774 586 122 2866 2005 4795 50 3844 1162 671 2567 2686 4138 1526 4753 1101 366 404 1553 82 4271 1183 1295 464 4701 3136 172 622 604 3905 4268 1666 2268 4360 1248 1033 2406 4318 2076
1736 3907 1653 4707 2185 1744 1955 4816 1908 4021 3162 1060 3574 4891 3270 4491 423 785 4536 4193 1539 55 4228 4262 4523 2643 4189 4892 4483 484 4242 1967 2093 1025 216 1288 2561 4946 223 224 2054 2084 3578 2148 2983 1655 76 3176 1652 1122 1671 2759 4028 392 2086 3486 2601 1141 164 2641 370 1474 2681 1629 270 3349 1951 4954 1762 4809 3618 4737 3977 342 2220 874 3718 1326 2276 3494 4364 71 1852 3775 894 1984 105 1033 2821 4190 966 976 1792 4847 726 431 2945 2154 3475 1529 56 4803 3376 1853 4972 1752 3519 2693 4800 4477 1393 4525 227 2055 2973 2287 3897 4376 707 140 1275 2062 1550 727 3800 3431 1649 1700 2155 1983 4682 4596 3921 698 4164 2730 730 2086 1701 1030 2862 4903 1526 594 556 576 1829 3610 2077 4982 4513 1612 4991 777 4216 1237 1099 1384 1172 1878 707 2822 3005 3778 875 246 4192 3296 1483 1683 2110 3718 2435 2621 162 4252 1761 1088 709 728 2505 1862 1551 3259 3516 274 4310 3063 4053 351 3652 2548 1329 2882 3596 4132 355 138 2433 1719
1072 2430 134 2860 1744 241 3669 2255 4592 3161 4450 2465 1997 290 3132 738 548 420 3287 1775 2397 3807 4834 4781 4982 1497 2118 4668 1260 180 539 3069 4102 2505 2854 1236 2685 48 988 3776 2422 4064 4800 3011 1429 599 2539 645 4722 3465 4901 2070 1255 4642 271 3321 1058 3890 2286 3391 3840 4481 4319 350 2323 1844 107 4435 4098 4778 76 2750 2882 2751 1478 3188 1089 4945 1731 2019 4106 1418 4627 2009 4884 2272 3936 1477 982 3144 1046 1087 2738 3906 412 2447 4274 1238 3682 2118 2648 2736 4646 3109 1834 1047 2343 3886 3513 640 357 166 1468 2898 1505 4100 3633 60 2883 4591 1787 4371 623 3063 288 4517 4402 440 118 785 4958 4997 4414 118 1742 3815 2848 866 3796 3671 750 2251 2201 3952 3772 2009 1648 3970 2337 1685 2349 3821 1885 4967 1283 3309 3932 2960 1679 4227 4231 224 2296 2460 2488 3403 4107 4014 3171 767 3296 357 4847 2428 4428 3223 278 386 3000 4875 2745 3984 1089 1113 284 1886 3973 3204 217 3232 2753 710 4401 222 20 2230 4361 2282 4652 2024
1572 4099 3706 4806 1955 3669 4989 1432 3661 4684 4864 1096 4166 877 1857 2310 2760 979 3153 3017 1645 1236 4833 3776 3862 2252 1317 749 4067 449 2361 443 2016 2593 42 3701 41 2998 3673 48 4280 3393 899 859 4992 4199 978 3611 4160 1483 1852 2991 4310 1675 3373 215 4797 1061 4684 4262 4987 2732 2958 1128 1508 943 1806 2863 2996 3012 3105 3692 393 2051 495 4859 1491 4222 4396 4089 3334 3271 881 4874 3163 4072 4167 257 1382 2648 1772 4906 2227 250 4814 4096 959 3878 4793 3741 1277 1161 2780 1346 2931 897 3888 4467 1549 1659 26 1704 3881 2863 3707 3130 4356 4931 12 1521 4928 4417 1511 1763 1173 212 3248 2309 4702 48 3035 3743 1269 4276 261 1810 4807 3381 3534 323 3089 3705 820 2461 1913 4564 4096 701 262 819 2166 3696 2449 3030 1258 4506 2071 1574 3189 4120 24 2996 1804 966 4412 1862 3816 1533 3677 4155 1269 3288 925 4240 3585 2439 792 907 1001 4835 4455 2792 3834 3039 2556 4389 1393 3507 4151 4993 1637 2405 2839 1523 1834 4334 4907 2220 4838 4238
2158 2263 2427 2397 4816 2255 1432 1747 4256 119 149 3339 3034 3670 3073 1411 627 720 3789 17 4134 1490 2302 3817 3386 3740 1580 673 4384 2000 2587 3711 1947 4269 3721 1561 4851 4716 1669 4239 224 1025 3787 2926 2248 2031 4040 1898 4551 1377 3226 1968 4480 3448 2666 619 2803 4128 3232 652 4476 4848 947 4902 3078 48 2145 2410 2657 274 1526 318 2046 1604 2988 4404 1979 3379 2119 1398 4863 1711 569 2511 4853 3786 3445 4147 1483 3616 692 4162 2602 1532 3689 3732 1330 593 3205 2808 4258 1190 4377 541 1786 2465 4242 4003 767 3980 3746 3756 4690 965 1178 4754 1596 2778 1299 4570 4458 1846 2899 4190 1377 1137 519 3546 1560 4287 58 2685 2222 919 4299 131 1974 2171 710 2180 4843 4944 2640 3152 2345 4606 2155 3428 2039 483 36 419 297 3027 3130 1868 4130 1855 3691 4181 3875 3902 31 2867 4264 3940 2509 2366 4711 3502 1132 949 3384 1923 1151 461 1899 1880 670 490 2655 1254 3063 4665 1246 3789 4785 915 3476 2733 2997 4258 4310 2546 4186 2875 324 4283 3759 4902
1550 777 4541 1906 1908 4592 3661 4256 3077 202 4517 4028 1872 2100 3927 222 2683 4037 798 3025 1015 2357 2699 1125 898 2085 987 1752 4130 985 2744 4586 1293 179 2773 1645 424 3216 2298 2390 132 2745 906 472 2202 4104 4311 1572 3763 1810 4367 2635 4632 929 1312 1126 2805 386 180 3064 1155 281 1496 4085 3635 3965 2912 456 1594 2107 1436 4024 4884 2224 4466 632 3150 813 2279 1275 463 4815 4285 3737 4737 4786 881 2151 249 2298 2310 1686 457 2558 3352 4182 4793 4066 1979 4043 4469 584 2464 1716 2041 3653 1239 1070 1431 4411 4466 4900 1897 3861 352 2370 250 2111 2894 2091 2882 2248 4991 2793 3718 673 2385 4160 3173 4160 2188 2245 2317 2994 4664 205 1199 1467 3104 4655 334 2272 3973 4195 4620 3553 3915 981 2239 2224 1716 2030 3135 2905 2882 1133 198 696 1069 1409 4687 3848 1052 2625 2976 1837 2332 3634 67 454 3883 2223 2913 2760 1211 581 3578 3140 3381 221 22 3198 3023 863 1126 3074 2313 102 3949 4668 2139 3223 105 2695 4127 3218 3240 661 701 2059
63 3185 1412 1508 4021 3161 4684 119 202 170 2759 4410 1269 1930 1877 4033 2438 3226 3025 3285 4689 2047 4043 2102 2860 3906 4162 3300 408 3437 648 4358 835 4754 4676 1075 195 1513 77 1061 1394 2146 3682 2513 4006 4007 3260 2661 257 2015 4804 3597 1911 1769 3697 2658 3136 2128 1759 1832 2382 2924 2882 2908 4334 1426 4422 4924 1283 3585 2399 1072 2525 128 3910 1561 1065 3432 2310 2987 3642 1353 4786 2882 3431 1986 467 3541 4602 1880 3672 4982 1335 1402 1474 3189 361 4986 113 1220 3192 2736 108 1820 992 2339 4294 1782 4966 3108 1664 2908 4563 2594 3140 3830 2612 4446 3283 4575 3487 3468 2827 4388 2194 1501 1870 3137 779 1348 3979 1549 1944 2588 2137 3931 3605 1026 1095 1901 3986 1714 1527 1261 1084 3901 1243 2608 1555 3397 3090 4989 234 22 2329 2794 3659 243 4513 706 2058 827 4310 302 2172 467 1224 3561 1001 2844 4912 3738 4160 2163 4651 3498 3983 2110 2533 692 2542 4233 842 91 1191 4482 4056 4832 596 3902 2482 4865 2608 3786 2861 4979 4366 4354 2858 689
2786 50 3822 3721 3162 4450 4864 149 4517 2759 3689 4693 1422 1809 725 2710 684 2323 4648 1960 4940 3688 4344 3201 2362 1465 4297 994 3216 4827 4424 1240 3391 1006 1933 1687 4737 553 861 2986 3563 4594 459 3061 3936 4987 1183 1084 1195 546 2386 2933 264 2498 1266 2318 1574 1671 3263 4512 1491 789 2958 4539 2696 3646 2758 2909 462 2494 1918 965 3546 3474 1378 4143 3581 2463 1981 123 691 1595 2524 1492 98 3263 2887 842 4200 3071 1410 687 1341 1329 1928 2248 2866 3196 188 100 316 617 1799 2880 1605 2524 1706 4724 727 2090 3925 167 225 3226 2304 4513 3871 3470 4626 2325 1176 187 4487 2945 476 1878 2711 1546 23 3064 3752 389 1196 4343 2432 1639 3721 2789 3062 2351 227 1277 2121 2562 1832 4256 815 4784 3001 4427 4835 4205 2293 2435 947 2873 1247 2264 4529 287 1432 4389 4049 3111 3113 4656 3150 2135 1303 4074 1834 2609 4651 443 787 3453 4548 4379 300 1632 2252 475 621 18 370 3070 2559 4009 2656 2225 475 4257 3748 1447 1656 3055 1370 2717 4072 4245
3222 278 3905 4335 1060 2465 1096 3339 4028 4410 4693 2180 430 3918 886 3263 4208 2308 3583 1285 1013 4610 976 2289 954 2356 4666 180 1084 4870 1821 395 4183 3950 4558 1232 311 28 2865 1775 2447 187 966 289 4618 530 1775 150 1001 3327 4004 1066 4398 1563 1748 3753 3584 3087 1421 3916 3222 4500 3148 808 1444 1199 4471 3849 4475 3163 1296 2127 1863 52 3753 4269 4415 2736 2080 791 243 2890 2283 163 1069 1869 922 4949 458 4214 1250 3124 2212 298 404 3761 4260 1966 1118 1080 2810 4433 49 394 1532 3790 2006 815 2943 2818 4279 1639 4870 3148 4668 2342 898 4652 3646 4197 4166 270 3411 2347 1480 4607 712 2131 2096 3145 2803 203 1991 561 4459 4501 2788 976 1913 1829 4383 1750 2319 4425 1074 320 234 272 2767 44 168 4197 4035 4228 4292 1826 993 4842 3871 3536 3096 2053 151 1241 3275 4075 4562 2250 3993 3947 1456 3677 3128 817 3516 1337 4668 4192 854 3047 10 578 4827 4184 3499 3988 4373 1244 2096 2756 525 3213 4902 480 519 3336 4835 988 776 149
412 4692 245 3402 3574 1997 4166 3034 1872 1269 1422 430 3685 4925 4206 4306 3804 2927 1217 4176 4679 821 798 4681 2458 4537 536 3039 2920 1286 3194 4855 2760 3130 4536 314 969 2856 2178 2764 3510 1145 4289 1954 3674 3789 4975 1477 903 4889 2857 2608 4094 4394 572 2723 839 3570 3092 2566 207 679 762 52 2764 3392 4856 2852 2685 2370 3924 2155 1512 2280 530 1242 391 4383 3648 4383 2069 3738 3525 1416 93 794 3519 4633 2878 570 4587 717 1430 180 1080 3172 4039 2808 330 934 4392 4653 3014 867 4112 4143 1065 2320 2825 1449 1274 4770 2485 1203 980 2817 568 376 3786 3363 3153 4139 857 2359 4038 3757 507 100 4327 2696 288 2092 2324 4243 4615 1200 738 2667 4867 3727 3660 3949 2319 4818 2584 1399 3363 874 580 2694 1609 1682 3459 2889 3343 3197 1266 51 3596 1935 527 476 2332 2060 4347 2402 1270 734 3466 845 309 4559 4518 407 1167 1671 2748 2174 2448 3775 140 1076 2599 2763 1504 853 22 432 513 1430 3542 3344 4046 3125 4443 4859 3031 3149 2153 2003
2464 3262 2134 3350 4891 290 877 3670 2100 1930 1809 3918 4925 3022 2355 221 4257 3906 3060 2370 2812 4550 4540 737 4632 4441 4853 2366 72 441 861 645 1994 765 1988 1684 2601 2844 1733 3184 1013 4261 246 2932 182 4010 1086 2294 3451 3889 3002 2627 1805 2078 1007 3053 2049 327 2632 378 770 4598 3821 3530 2319 113 176 782 2083 4183 4258 2498 4896 2773 602 825 2511 57 3283 1201 2982 1667 1073 3511 1975 1111 701 3663 37 4351 4742 1238 1481 3331 2009 2255 1567 60 4049 21 2756 278 4512 98 339 2613 92 3872 1078 3616 342 1250 396 1007 4905 3206 1083 3764 4267 4758 613 3767 4625 4485 4646 3598 2258 4674 3414 398 2968 384 3803 869 1487 621 4554 444 3004 744 1515 2998 1209 3271 3999 4628 3502 225 2942 3660 1656 3702 1079 999 4610 622 2232 1270 852 3196 1232 3098 2791 4975 4763 246 2998 676 1335 4794 3601 4329 1303 1275 1989 1813 3998 2141 4632 694 1140 3611 329 1138 3179 4352 638 1971 4577 927 3990 3752 4991 2122 2690 3821 1800 833 4014 4802
12 2422 4522 837 3270 3132 1857 3073 3927 1877 725 886 4206 2355 1968 1497 2925 1905 1313 3105 1656 1949 273 1969 3588 763 3625 2412 3754 3550 1337 213 4323 1673 796 1333 2282 3938 184 1082 392 3082 166 4370 731 4643 3442 2488 3534 3480 3878 2018 39 542 2712 2943 239 3610 3302 3159 2965 3236 4787 4948 1646 4387 775 4279 4928 293 2416 3737 3676 3552 730 1737 2570 2520 1165 2731 4560 1430 1825 2403 4675 1938 4394 2629 3119 2266 3902 2397 2366 2549 3069 146 3700 2421 940 2321 4508 1405 2873 3421 300 2538 652 1111 4790 4701 2954 911 1988 3600 587 4269 4132 573 2338 3749 4904 2660 4216 2433 2655 2714 4504 583 3739 4708 3044 4663 2890 2268 2207 1654 2925 3002 2902 4129 4787 2085 859 822 3342 2388 2693 2420 1639 2083 2930 4421 628 2358 1847 3067 4804 3125 2530 3893 15 360 4031 1455 240 1545 2643 2077 4046 1679 2472 4837 4931 3911 1452 1898 4541 22 700 2008 1437 146 1704 2657 501 1819 827 1619 1006 1417 807 650 4562 2538 640 2679 3667 827 3838 2943
280 1140 2598 2765 4491 738 2310 1411 222 4033 2710 3263 4306 221 1497 1024 3644 1975 822 256 3662 2905 2968 2053 3629 3266 1311 3403 2463 812 4141 123 302 3286 2462 330 1651 1586 4346 4390 2832 2401 1699 3431 680 584 3659 1421 1822 3800 2973 3279 1357 3538 1073 2020 930 4465 1217 4641 3326 1381 3272 3525 676 3839 4143 3159 2864 75 4684 4699 1127 2664 3215 2515 184 648 3295 4875 4356 3439 2310 4468 3865 4883 2889 830 1077 57 4877 1184 2389 4689 485 2811 98 892 2421 2253 1424 4689 3687 4429 825 2558 2163 623 4992 4365 877 3205 661 2715 3992 4510 4454 1206 4711 4541 2990 4065 1048 867 201 1036 2930 1147 4449 428 2854 4825 2873 2497 4623 485 602 3500 221 1702 3543 2250 4060 4640 790 707 3430 1483 71 4680 368 2579 2463 324 118 3213 1140 2271 4929 3934 4901 1073 2646 2723 4692 535 3295 1594 575 1516 2465 2847 2324 823 3163 3257 369 4739 850 4685 4481 1812 24 4648 4188 3901 3784 3383 2429 1548 2594 1421 3939 2414 44 1648 1640 3662 1088 1216
3985 3426 2932 2269 423 548 2760 627 2683 2438 684 4208 3804 4257 2925 3644 4329 3578 3264 761 2080 3805 724 1627 1790 2597 4531 1094 4981 513 4182 214 3899 733 3344 2459 3394 521 902 1056 4536 4567 3593 2401 3052 4032 267 4589 782 4835 708 2463 980 1162 4672 2408 4694 3148 2344 1581 4391 3083 59 3620 789 1255 1327 4341 2303 1442 3739 1696 1261 1307 2787 2375 1739 4434 4073 364 3055 3169 1943 1870 3348 1794 1222 1723 899 3073 522 4747 643 2716 400 3133 2723 3074 1672 2794 3378 3829 4153 1650 4831 4377 1907 4019 120 4090 4124 1698 89 105 4513 1254 1021 2819 2077 3558 4052 4194 4606 1519 1970 815 4991 1955 23 2200 2486 4929 1321 2762 1105 4576 1767 4787 74 4514 3418 4175 2185 4416 3280 856 2441 3159 3546 3165 391 3405 740 1306 3733 3339 4838 3134 4404 910 3163 2083 3693 1442 2878 4587 1170 2144 4448 1833 3251 1057 4049 1927 3338 1848 4104 4383 1158 733 235 2950 4330 2610 800 2704 3535 47 4969 3357 4360 522 2341 324 995 3858 3475 803 3707 2498
1369 837 2945 2053 785 420 979 720 4037 3226 2323 2308 2927 3906 1905 1975 3578 3723 2821 2777 1719 265 1092 977 3071 2046 772 4715 4400 2690 2026 1213 1800 3582 631 418 1161 3126 3465 2275 140 1707 1270 975 4007 2308 1887 2200 119 2760 4091 4240 3906 496 3089 4088 3881 2329 4100 1138 1011 4257 4669 3846 3382 2770 1078 428 2512 3749 2041 2379 4795 4140 4852 1803 2536 1540 1499 3633 1151 4740 2008 2023 2857 2142 2469 3524 1922 2111 4478 4929 1895 2230 4469 3430 4046 4968 3012 4737 4058 379 1900 885 4947 3497 1353 918 503 4935 3010 4033 2814 2744 4503 342 2373 230 3727 2121 542 3951 1529 4763 3436 16 3358 3831 931 2884 3343 3985 2653 2147 3126 1417 2380 2155 1286 4537 1215 4530 619 3138 4678 1463 113 2772 2594 4228 1139 3276 3469 4189 3962 1865 1021 3333 3382 2373 1160 1663 2178 292 949 1814 820 226 545 4235 869 2923 3241 2882 715 2703 1114 357 1667 2958 2190 970 4618 951 3048 4978 142 3787 2081 2706 209 264 3219 4561 733 4574 3124 2118 1187 1615
2512 4674 3986 4422 4536 3287 3153 3789 798 3025 4648 3583 1217 3060 1313 822 3264 2821 3813 2579 3937 483 935 1289 1044 4105 2633 763 2582 2665 3041 1920 135 3816 4099 4308 4262 2861 4851 654 3964 270 3093 4035 799 1927 2404 4359 11 2608 2700 2483 566 2942 384 1634 364 3132 2389 351 587 4400 1617 778 624 4235 3849 2432 1391 3313 2936 4965 4456 2753 755 2538 2319 846 4080 4164 1071 4135 4719 2015 1274 4623 2755 4847 2497 4578 1204 2479 104 3993 3691 4202 444 4528 4345 2743 3279 676 2399 715 2682 1365 3194 4643 3326 3152 2341 2842 2084 3621 4114 1526 255 798 1705 4485 3085 639 1657 4630 3593 4707 2108 1176 2807 360 2588 4640 4334 4810 3753 2744 1979 4277 4903 3775 2075 4024 1222 4172 1688 2820 3439 1403 2735 365 460 3184 1036 3080 4300 4964 2575 2142 3959 3420 2542 4963 4337 2608 2714 1891 2188 1966 1850 554 2170 3930 3149 1571 2729 4057 1156 4300 3667 2644 3058 1192 1791 2661 2193 829 1355 4271 3981 4668 3467 2482 3720 1106 4800 2704 3433 4096 3282 808
3334 3400 4730 67 4193 1775 3017 17 3025 3285 1960 1285 4176 2370 3105 256 761 2777 2579 4880 2987 4201 2352 420 3793 116 2976 821 3552 751 2826 3413 1841 2213 805 1910 3585 406 2490 4118 4613 1541 1161 4215 1685 4860 1239 3005 2535 4516 3248 4254 1238 2830 3690 2067 1479 3386 4855 1152 2984 3486 2317 1839 459 2332 2445 3784 178 3241 868 2340 3307 4903 3656 2467 1123 3872 2689 3392 2212 1022 294 1906 1589 2096 2667 3287 3381 2626 1619 715 257 4499 3769 245 2493 4350 3748 4805 48 2648 4109 1978 3765 3809 1968 55 785 3203 535 2900 456 3688 2054 4062 370 2346 1494 4940 1609 3485 1842 352 654 4734 4025 76 453 4667 105 1162 364 943 2093 1317 60 2542 281 3163 3164 67 967 1153 4643 3295 1842 3046 3643 3063 66 328 2270 700 3754 1471 3944 317 1377 4376 3799 878 4348 4837 136 779 46 4726 2042 2266 718 3955 1717 2977 4955 2338 4157 4574 391 109 496 2755 3856 4315 4946 4301 1654 2660 1311 4969 3224 3801 2383 3406 2366 4883 2135 914 2399 4898
3247 3481 2817 4456 1539 2397 1645 4134 1015 4689 4940 1013 4679 2812 1656 3662 2080 1719 3937 2987 4404 4855 89 853 2991 1140 4414 4103 2684 3466 4167 1397 643 4978 4857 4102 2785 579 585 4371 1897 1764 2340 1379 4470 3804 3408 2675 227 1499 3082 3532 3258 3066 4754 2063 2620 618 4012 3025 1978 3544 2198 2416 3689 4561 4555 3021 4573 4455 1960 618 4989 578 3398 1308 1980 2256 2294 3380 4121 441 1293 804 2894 1443 2493 1195 3827 3659 4118 222 4595 4698 2966 1629 725 2503 20 879 3366 4165 2130 2091 3410 1420 4697 2231 999 4890 194 1047 3795 4793 3583 355 3340 231 1609 4194 1973 3328 3177 3726 2386 3470 871 1297 2048 179 3390 323 1159 203 3139 4459 795 2237 4810 3255 3386 759 4837 3710 950 3594 1300 1197 983 3278 147 3816 4078 812 806 848 3696 4409 772 2931 1197 357 960 4876 1391 1041 4826 3409 2358 2719 32 1663 4150 553 1272 3616 2087 479 4520 2193 3045 2037 3939 1208 576 1139 1653 4711 1797 2066 3833 3354 808 3864 524 4650 1020 484 3923 2025
611 4413 2281 1740 55 3807 1236 1490 2357 2047 3688 4610 821 4550 1949 2905 3805 265 483 4201 4855 670 4223 1330 3853 893 1890 1172 522 1360 2316 4995 3818 1812 2211 2609 2803 4814 520 92 4574 2610 3481 4166 107 3836 3080 2468 3800 487 2886 105 3910 4857 1231 1599 4033 1984 2494 3912 1705 3289 4693 1108 898 3315 2807 2184 2101 3378 2595 4110 430 1221 3729 4670 1340 3762 3291 3837 1669 2841 4783 1004 2099 4555 3682 2261 3413 1985 4956 1383 3167 981 2440 4558 71 2930 645 4255 1458 4565 2975 4956 1652 1235 36 2349 3737 2641 1556 4534 1381 2457 4852 3416 4204 4233 1405 1903 3070 640 919 3676 4193 3234 2838 4400 1565 4745 1456 2257 1454 3322 1800 4167 2077 3155 4788 4414 14 1104 513 3420 4122 530 4762 2522 1562 1556 1698 4611 4015 1278 4765 492 854 4770 3543 389 3430 2150 4899 2335 3424 2662 2720 3170 298 2010 166 546 853 2139 1341 951 509 1064 3358 2245 636 4924 2428 3805 1728 1219 4989 3245 2219 3816 873 182 757 1308 4257 1973 1944 224 3581 3121
3617 1687 4153 3890 4228 4834 4833 2302 2699 4043 4344 976 798 4540 273 2968 724 1092 935 2352 89 4223 479 3744 1569 1227 2354 4414 1129 720 250 3942 4812 1086 2725 4941 4191 2706 1607 3868 4150 1256 3889 4419 3705 1747 1832 3578 3416 503 3556 332 3944 1309 4376 3969 2122 4792 1572 4563 4359 678 173 1892 4752 2401 4053 3486 743 2174 1286 128 3758 1773 1389 2340 2165 1106 3985 3995 4894 3558 1461 4555 821 4205 2420 4673 2721 1132 591 4347 1389 1625 1619 4599 4111 1920 1543 1351 2872 3702 1541 918 887 3390 1201 4588 1572 1828 1389 2896 4272 3918 1372 488 1928 2636 3807 2137 3961 2125 2681 3733 490 3662 1786 3565 3055 2418 152 3614 4648 3811 986 2559 4968 2754 2930 2810 4900 4654 1466 3481 2103 4727 4875 2394 3174 1482 1618 1412 4331 3888 3574 2563 844 1834 3746 3056 1869 4913 4069 82 4700 4703 2766 4721 3236 638 2599 2194 3063 4149 2610 3941 3035 903 2454 3126 646 3435 3914 1300 3012 936 1150 2528 1732 2823 2496 518 2864 2477 1649 375 3506 1378 833 2965
1518 2757 1454 392 4262 4781 3776 3817 1125 2102 3201 2289 4681 737 1969 2053 1627 977 1289 420 853 1330 3744 4592 4620 509 4679 2603 720 2553 4633 1006 3142 4950 3862 4133 558 2385 2098 2503 1635 557 535 3425 1166 3412 2976 4220 322 1273 3049 888 4321 3806 3225 3920 4527 980 3798 1485 3820 102 2259 1273 3674 2250 667 3565 1786 3350 1322 837 3864 2857 2639 4743 1714 1033 4225 990 1167 2397 1448 4544 1185 1167 1493 1832 1133 3022 2381 3413 4449 2936 29 1399 1710 2245 986 159 4489 1913 4579 1554 1007 665 2915 1688 2175 80 4610 2735 4433 2150 2785 4471 4279 364 4744 3628 4177 4437 4257 2327 3808 51 1208 3686 641 1927 4131 733 1518 569 4297 1671 255 2012 3129 3498 3473 2226 844 4952 86 2646 4519 687 3051 1411 3198 206 120 2590 681 4481 2652 1700 2395 3560 1519 4331 1123 2960 3780 2157 3099 479 1755 2917 2506 3045 167 1552 672 4698 123 2606 2350 1671 2166 4440 4967 1215 2848 1040 3186 4513 4086 1470 268 886 4436 2593 989 1083 1871 4052 2361 4087
3919 3000 3198 1829 4523 4982 3862 3386 898 2860 2362 954 2458 4632 3588 3629 1790 3071 1044 3793 2991 3853 1569 4620 2361 1815 4460 3637 4968 2101 1207 2959 1838 3248 3882 2857 4669 1026 4682 4374 492 1594 4959 2733 2106 1104 2080 3092 990 961 585 1170 1003 3263 2798 4550 1999 4248 3969 19 1062 4605 2293 4783 3926 4043 711 585 3387 3020 3586 2585 1098 4862 3450 3521 3789 213 3926 2596 4634 1413 1657 4185 4539 1565 2713 360 2123 3571 571 4611 2824 941 3814 2014 1762 2637 1947 4493 1490 3977 2265 4056 4645 636 292 2916 83 2975 576 1201 4457 1060 1266 3632 864 2812 4750 3796 3379 2048 4233 3954 3175 927 4916 991 4116 889 2696 4180 2882 3619 1066 217 2902 906 3234 445 4636 1933 2719 486 1026 2148 1808 4496 4668 925 3254 1407 4873 750 4229 4239 4815 1945 4654 266 1809 2614 701 740 4172 3917 4173 4102 4203 2582 4233 1963 2248 3812 2917 4834 3059 3682 3017 4274 2599 2101 4644 4610 2138 4279 2927 941 1947 2334 2190 4138 2520 4770 314 4170 3662 126 2725 2539
3555 3758 2342 3739 2643 1497 2252 3740 2085 3906 1465 2356 4537 4441 763 3266 2597 2046 4105 116 1140 893 1227 509 1815 4248 2407 1754 3612 345 2901 908 2869 3781 4694 422 2780 1896 1077 2172 2307 949 4236 4110 477 2914 671 3373 301 2342 1734 824 1533 575 1767 4377 4186 92 2655 4345 3580 1078 3540 1229 2571 1356 452 3768 400 701 3483 1514 4989 2129 4358 2823 4657 4210 1582 4475 2636 2481 4312 2199 1518 1987 3780 3454 735 1440 460 530 3930 3723 1438 2807 2305 1590 640 902 3337 4086 1024 301 1262 2670 3340 3309 3827 3029 1520 869 3711 1501 2032 2133 1279 145 2147 763 3338 620 4664 3406 3268 1710 609 2553 255 3822 1573 1381 1707 4315 3455 4959 1270 4791 748 2586 1065 3706 4096 3057 2076 3979 1443 4716 3038 600 3811 2995 4991 2194 1298 2226 2399 2649 1250 2658 4727 26 3415 3513 4488 3850 2587 2755 2233 900 1704 4505 2088 1315 2682 4968 797 4978 1415 3957 522 4320 778 1478 4109 64 4945 1424 562 529 4468 323 739 3693 4179 2998 567 2977 4550 37
2345 2762 1551 2197 4189 2118 1317 1580 987 4162 4297 4666 536 4853 3625 1311 4531 772 2633 2976 4414 1890 2354 4679 4460 2407 4860 2384 139 1853 4785 4114 2701 2297 3089 3770 954 440 230 455 2603 4282 4001 1721 3895 4231 1121 361 4107 647 1840 4232 3839 3193 3416 3270 2657 4367 3319 1796 4539 3549 2407 1549 3001 189 2921 1093 982 323 40 638 856 967 458 1684 4845 2994 3385 4272 2423 3447 4857 817 3382 3351 1320 270 133 867 1857 3207 1568 1078 2936 3497 4075 2387 1926 2696 2390 536 3566 3701 3159 4181 3150 1173 1203 4457 3762 2413 2538 1933 1103 3515 4049 2189 774 3576 3613 3651 121 3217 3780 787 1217 4961 700 1066 567 4797 1405 1167 1574 337 180 3313 832 2797 1987 1165 4422 668 4881 2226 4263 3607 72 2050 1009 4588 4270 4696 4031 1920 743 4535 1615 3673 2314 1005 238 4832 1929 3653 4956 4194 2826 533 1000 2838 3733 3295 3626 3921 2020 4880 4703 4599 3149 1078 3335 4717 628 4421 1234 3061 312 2912 3818 4983 4394 760 2250 1185 4543 3223 688 3210
3731 3331 1609 4062 4892 4668 749 673 1752 3300 994 180 3039 2366 2412 3403 1094 4715 763 821 4103 1172 4414 2603 3637 1754 2384 4525 3845 3636 3930 4190 3282 3668 2428 2344 3752 4359 353 4485 1385 3689 1062 3762 2542 1519 524 1104 4655 2254 2097 4352 2197 1173 4047 2828 352 3679 766 1331 4147 3696 4748 1272 4534 2243 2719 4492 4111 484 3250 2255 2361 171 4561 2438 1250 1065 1833 983 2220 894 4259 3296 2095 2144 1534 1568 1837 3662 317 3080 3218 4576 4299 2010 4147 2694 3831 4162 248 4322 215 2809 951 2874 1345 2162 2462 1149 1348 740 61 164 952 2652 401 3711 4754 3646 4928 432 3792 1776 4106 3082 3050 806 3316 206 2583 600 344 4404 838 1943 1218 4608 750 3856 3727 4313 3801 1914 3695 467 823 1191 1449 1824 4948 4194 371 4908 4304 3253 621 3390 3124 1264 809 3652 2406 1860 2750 2650 975 447 1984 3180 1725 4914 2107 1256 1983 1684 2146 3264 3502 1864 4494 4686 2139 1987 3600 3556 373 4306 545 1193 423 3536 3874 913 2341 1058 4035 1073 456 4053
175 4209 3573 3996 4483 1260 4067 4384 4130 408 3216 1084 2920 72 3754 2463 4981 4400 2582 3552 2684 522 1129 720 4968 3612 139 3845 1518 1943 1659 4331 4215 3268 192 3939 2676 903 4850 4562 590 1587 326 1648 2127 983 629 4864 3189 224 2971 3164 3402 2541 4205 3127 2248 4327 412 4405 4557 2099 1484 1353 4996 2132 2587 1072 2919 3295 3456 338 3391 2606 1153 4882 4674 4868 843 1282 2100 1595 2083 115 4368 2385 2075 1114 4266 2969 4390 1147 4749 3075 1877 1720 4112 3100 2606 3669 1046 434 1580 1314 3908 3250 3363 3354 2351 1811 100 2128 2620 1882 3400 961 4723 3067 1694 1618 1609 3501 4889 4030 4789 3254 4946 4374 4116 2573 2825 1520 1355 1660 1092 1948 4902 2375 4896 2252 3311 3380 1496 3432 3449 4950 1108 882 4379 398 4026 294 1368 3737 1566 2974 2509 3996 4960 3770 834 892 2036 158 3780 576 1642 2091 4680 4100 1658 3622 3125 1655 3661 3076 3115 1121 1411 3035 2651 863 844 4475 1113 4169 467 388 4855 4219 3137 2341 3798 143 954 3312 1373 2052 3821 4551
3336 3105 2174 4115 484 180 449 2000 985 3437 4827 4870 1286 441 3550 812 513 2690 2665 751 3466 1360 720 2553 2101 345 1853 3636 1943 4322 401 3739 592 2791 49 2197 1433 4781 3615 4270 3857 3701 4896 4555 4688 931 1247 4250 4070 515 1484 4441 2900 262 4359 154 4175 3624 384 353 2557 2630 2330 4265 1189 3703 3012 4813 597 4930 4398 1665 2131 2044 4567 3817 1656 360 1185 1789 4881 2918 130 166 1608 2341 2515 4618 833 3511 772 3130 2648 2658 3130 4829 4784 625 2580 3771 1298 3092 1050 4671 188 2846 4094 4251 3143 2378 2414 3820 63 3578 4326 3500 294 4837 4613 1264 1194 2982 4116 3959 3007 208 4386 1976 775 4780 235 2735 3310 3180 3638 3459 4503 1063 3102 1403 4639 1309 1672 468 2289 3921 1351 1679 3357 2719 4711 2673 4471 1236 3071 254 3672 977 1058 3587 57 926 3265 4584 1587 3995 4020 1813 2343 2650 2208 3611 809 1773 2384 4451 3725 4148 3421 433 3064 679 1542 1750 1215 3365 4460 144 117 2772 3347 4162 1337 1281 2565 3787 537 3551 997 143
1660 50 1326 2823 4242 539 2361 2587 2744 648 4424 1821 3194 861 1337 4141 4182 2026 3041 2826 4167 2316 250 4633 1207 2901 4785 3930 1659 401 3839 2441 4672 3781 4414 3967 1648 3456 4326 396 1865 3110 2302 4053 1720 855 4909 1658 2338 4368 3522 4542 3394 2763 3436 4422 1569 1324 2658 1967 1289 172 3165 4896 1043 4191 2144 2280 489 4831 2644 4331 4828 4616 1129 1759 654 557 3893 4697 3550 3820 4049 3217 629 4152 1881 3767 1230 2825 538 1288 2343 4344 2512 2613 1864 3379 4596 373 2037 146 2654 4502 3620 1881 2952 2040 2356 3403 3205 2166 3591 3596 4412 2457 456 3386 69 2046 4788 933 3425 1982 146 3589 619 3260 2864 3297 4877 1947 2612 1264 1071 872 3937 1428 187 950 3048 3140 3172 1309 3736 3307 1923 2704 4143 209 2275 4619 3700 4841 3752 4464 2290 3199 519 1342 1489 1749 3544 2669 2045 1303 11 842 52 3840 824 4766 3740 2707 34 536 4837 288 4292 2954 2308 4246 330 4286 3166 1360 3797 300 3090 2608 1855 1701 3317 760 3877 4414 796 809 3547 2617
4174 1230 4468 3031 1967 3069 443 3711 4586 4358 1240 395 4855 645 213 123 214 1213 1920 3413 1397 4995 3942 1006 2959 908 4114 4190 4331 3739 2441 4060 1359 703 1636 1798 3274 3746 4987 4266 3222 3471 3837 4332 348 547 1833 3944 1025 1894 1292 1383 4532 512 69 2356 151 1256 4010 350 4334 2023 2514 1214 4258 2917 2284 729 3777 1202 2402 3492 1536 376 224 4761 1229 3977 1835 3715 3212 3322 3767 3871 523 1257 3320 3619 991 2282 450 139 783 2998 4746 3751 2459 3448 3490 252 4268 1942 3184 568 4557 1780 1913 594 185 784 3669 3839 4287 2531 340 4009 1954 4893 1131 4453 4054 3432 1709 2876 4091 1782 4419 1372 1107 794 3773 10 2762 3829 2169 4097 3450 2430 320 4565 3534 2588 2992 4278 4832 4616 1989 3889 843 4179 4778 3088 1856 1386 3755 181 4957 1700 1266 2851 932 3585 837 4788 2276 207 2849 4017 1466 3938 2644 1501 4101 2141 2690 4264 2862 4936 3993 1964 4862 2660 3802 2774 3207 2672 934 1519 4774 4379 4908 1990 921 2177 1080 1978 3572 1492 1360 3178
549 1570 4906 1243 2093 4102 2016 1947 1293 835 3391 4183 2760 1994 4323 302 3899 1800 135 1841 643 3818 4812 3142 1838 2869 2701 3282 4215 592 4672 1359 1337 3687 412 3920 3565 2229 2909 3887 3041 2788 1873 1709 2408 531 1755 979 4555 3212 588 3818 2518 1905 1806 1950 1091 1988 3879 382 2821 2626 1909 4018 1217 1645 600 4079 3145 3472 1655 1628 4453 2955 4240 1106 2485 1700 805 3286 1218 4180 2058 4761 3005 1389 1385 3539 762 2258 1383 2416 476 2856 2956 2100 4203 2921 3616 1121 2498 3068 3034 4476 3944 3108 423 4852 4513 1729 3401 2425 24 1288 57 3632 1486 2628 343 4657 809 382 2550 4637 3581 2440 3084 1175 3802 1842 2153 1306 3716 1232 4177 3136 1358 4244 2462 3612 2963 14 2608 284 3414 3303 2617 2735 3920 1850 3710 2605 1353 3920 4473 4284 917 2685 1166 2824 4948 4237 2105 3075 4453 1517 3518 4960 31 3954 3764 3861 557 3876 4912 107 3978 2371 599 1550 2998 1465 611 508 453 91 343 1809 2902 1418 2299 4109 1519 3677 4816 3694 1579 480 1102 3533
3899 1131 755 4873 1025 2505 2593 4269 179 4754 1006 3950 3130 765 1673 3286 733 3582 3816 2213 4978 1812 1086 4950 3248 3781 2297 3668 3268 2791 3781 703 3687 1801 3682 1445 1821 2583 1152 3060 2061 2260 3700 2753 2586 3087 52 474 3616 4999 2854 2427 2958 4192 531 793 747 3057 791 2919 1958 4445 88 2071 1673 4506 150 3049 2700 57 3168 1358 4500 2682 3032 4071 4337 2987 3251 284 1337 1046 3835 1552 1419 2184 1179 1839 2772 4903 4310 398 1339 1626 4483 302 64 1604 541 632 2562 3719 637 1171 2083 339 1332 1021 1456 1524 2724 3695 2860 3260 3557 4796 3940 4787 1742 4564 59 2283 952 3109 3465 1848 120 3895 564 390 2652 3878 3293 2559 453 3664 3484 4684 745 4052 200 2870 371 3460 885 591 1149 2469 4883 2634 3314 3862 2240 1008 4468 2624 3739 3964 4804 32 2109 1097 1017 4188 4493 3087 3291 4094 3804 2245 1541 4418 2474 1218 4331 4334 2386 2383 771 324 4503 2433 655 4622 4605 4237 3476 4558 460 2962 3700 368 3844 1704 2826 4718 562 3979 713 3166
2530 954 950 1540 216 2854 42 3721 2773 4676 1933 4558 4536 1988 796 2462 3344 631 4099 805 4857 2211 2725 3862 3882 4694 3089 2428 192 49 4414 1636 412 3682 1363 380 909 2315 4176 2029 3028 1935 2523 637 1320 4177 4838 4845 3300 216 2422 4690 2894 3563 591 2228 911 4181 3600 4842 2162 3330 1873 4098 2460 2598 206 4565 2788 1123 4834 3760 4549 138 410 1356 1139 4862 3531 3187 3065 4401 2221 4151 1682 4300 4769 98 1721 2617 4627 3068 1744 3899 1077 4671 3613 4241 623 1535 3997 472 2113 4733 1160 1924 379 2171 539 2564 4524 4228 2291 1405 1423 1828 3539 3373 1972 3735 972 2085 312 1869 1628 2649 3828 2164 3482 1487 4990 2620 3053 4639 67 4994 4214 313 3574 885 4013 2764 729 2780 2326 4646 1807 4930 3728 4529 4415 3232 3757 3840 1782 4327 4665 2250 3924 1316 1682 3356 3229 2439 353 2971 1089 1880 1494 1826 1674 3394 4093 2407 2187 568 911 916 1525 108 3059 1532 1249 2113 4808 722 4876 1925 4070 2064 3082 4647 4058 3150 1466 4688 4493 4705 4989 4318
1744 1474 4437 4793 1288 1236 3701 1561 1645 1075 1687 1232 314 1684 1333 330 2459 418 4308 1910 4102 2609 4941 4133 2857 422 3770 2344 3939 2197 3967 1798 3920 1445 380 728 4679 1699 4876 2588 2721 3434 2559 3102 3929 3333 1703 311 1778 2384 3170 1353 3547 690 4377 943 4267 1506 2302 3235 1680 3879 2926 3655 2637 1905 3083 370 1561 1283 4761 774 2776 1849 3202 839 457 34 3444 2176 1059 395 799 4292 1472 3747 3364 3801 909 181 2937 4988 46 1318 1593 1458 1827 1255 1441 11 3610 1514 1689 1566 1133 2678 1435 2049 4002 1598 4215 1447 4868 3741 4563 3918 2021 4464 3850 33 284 106 4257 1578 983 3799 2526 1496 1401 522 3274 4031 3062 915 4658 147 3225 3337 2702 3229 3042 635 2643 4945 3652 2759 2715 927 4069 62 697 2132 1889 2156 907 3056 2468 4702 2952 2716 1802 1232 2348 3516 1668 1803 3325 1878 3207 2965 3913 1586 94 4602 4325 4649 3237 1386 1165 2885 4036 3454 4105 4231 1535 533 4193 4022 3196 1361 2565 2987 4760 158 3887 4893 4613 1726 4749 2495
4062 149 2269 3091 2561 2685 41 4851 424 195 4737 311 969 2601 2282 1651 3394 1161 4262 3585 2785 2803 4191 558 4669 2780 954 3752 2676 1433 1648 3274 3565 1821 909 4679 1445 3972 4818 507 706 2537 2006 3404 2197 4445 2878 594 1053 3184 380 2379 4794 1075 1508 1113 4351 3271 4490 3185 265 62 1872 1332 3337 3955 2162 4283 2986 3634 2257 4716 1143 2775 323 569 1469 1209 4997 4400 3407 436 778 1158 4023 1081 4526 1366 3359 1029 720 1118 1905 1671 1983 1476 3423 2655 4662 2918 4177 1842 4761 1998 3644 618 4800 1480 4889 4147 2368 302 1509 2212 1546 1137 2491 840 2734 4653 462 1180 941 3918 2360 3151 1044 1546 3971 717 1285 4733 1335 83 3100 2243 643 3718 4079 4073 2245 4960 3682 1336 1619 2450 2305 2926 3282 224 2071 1722 4548 1984 3324 750 2810 1416 2195 1369 1385 3737 866 2862 3006 2993 2079 2534 732 4476 4062 3184 4946 3129 2348 1897 2300 1338 2843 1407 137 3899 1422 1656 161 1639 1938 4880 2527 3964 3351 3524 2190 322 3728 781 1144 2464 611 223
81 1683 313 2839 4946 48 2998 4716 3216 1513 553 28 2856 2844 3938 1586 521 3126 2861 406 579 4814 2706 2385 1026 1896 440 4359 903 4781 3456 3746 2229 2583 2315 1699 3972 3055 1517 3075 3821 1523 2988 3909 850 1060 1848 4984 4530 4835 71 1969 4624 4915 2626 4951 4407 4698 1645 4896 1143 1011 2041 375 3021 3781 3746 3763 3285 3114 4178 2141 2489 1655 2134 2074 3022 1772 1820 4444 2581 3303 3162 1734 4520 382 2212 440 3129 506 2669 2444 856 3859 4120 4675 323 207 3648 3730 999 4901 1540 767 864 353 1146 3325 1141 1247 4449 1732 3210 1309 3092 990 4993 3069 4443 245 2274 2458 3647 4190 4808 1504 1546 3863 958 3492 494 1728 526 2683 3494 3962 1041 4993 1538 931 3299 185 3769 4988 185 3579 2042 4707 2017 1658 3120 1959 3225 116 2306 2917 4166 4492 2742 4969 1751 211 4960 593 4124 3341 4346 1283 884 4515 3219 4311 1972 3398 2158 336 4085 3591 2114 670 4095 3478 3545 3596 797 77 4481 2202 4317 2515 263 4693 4071 4304 1243 499 3006 633 2868 4407
2422 4173 2185 3268 223 988 3673 1669 2298 77 861 2865 2178 1733 184 4346 902 3465 4851 2490 585 520 1607 2098 4682 1077 230 353 4850 3615 4326 4987 2909 1152 4176 4876 4818 1517 3893 729 3925 1152 1861 3166 3805 1595 3533 3562 4913 1984 388 2164 4530 4071 2781 722 3398 2898 2637 2720 3631 1962 4873 307 1995 586 3401 2660 4190 510 1200 4589 2399 277 1151 3280 2843 4690 1115 4882 4034 2793 3700 1810 4001 1338 2062 2751 3907 1769 4816 4710 2090 796 2839 860 4653 2765 1862 3798 1947 2543 405 399 3486 4589 2629 2691 1393 253 3562 4933 3643 4106 505 1892 4880 1169 102 838 1252 4101 1150 4023 4361 4991 1690 2439 1675 2220 1934 620 3427 2422 2230 2978 3626 644 4041 4666 4892 404 2415 3514 2653 469 131 4199 271 746 3478 1300 444 2476 3502 3770 3837 3731 1338 444 1113 195 2466 209 4291 1117 1033 1977 971 3937 4055 1606 2840 1497 3933 2035 2312 52 1659 2957 154 308 11 2482 4870 1543 1466 137 792 559 1399 4116 3881 2616 3438 4237 1539 1941 616 1623
4218 834 21 1611 224 3776 48 4239 2390 1061 2986 1775 2764 3184 1082 4390 1056 2275 654 4118 4371 92 3868 2503 4374 2172 455 4485 4562 4270 396 4266 3887 3060 2029 2588 507 3075 729 1887 4226 4894 1068 753 208 3249 1087 2482 3125 882 2203 4861 1858 3731 1511 3174 4261 3824 3981 841 4053 4105 4086 3241 1585 3601 835 793 4280 446 539 4208 4270 4350 3931 755 1427 3967 69 3762 551 4401 225 4901 4848 2728 1046 2440 2828 2744 2292 2224 536 378 966 3878 2553 1663 4103 4513 2261 4972 383 619 3884 4563 4750 4610 3545 1192 635 4409 3527 2326 1575 3863 1878 706 4121 1366 3802 874 1520 750 1851 2950 1467 304 3764 1517 189 148 1972 3612 4853 4105 3420 1579 2021 181 2917 565 1573 2334 4785 3816 1072 3527 4027 3762 155 2895 4537 1563 2857 81 730 2120 2990 1253 3015 4381 1726 4096 3921 4828 3823 3376 86 36 2771 619 996 4175 461 1861 719 990 3972 4820 2141 2975 582 3298 682 4864 3845 756 2681 2654 3174 4899 1992 4881 1027 679 3987 4024 2938 1765
