N: 200
M: 100
Symmetric: true
Triangle: false
2 112 157
1 105
1 89
1 48
1 137
2 163 160
2 76 106
3 40 49 139
3 104 124 138
2 142 81
3 25 73 39
2 143 78
3 185 154 174
1 37
1 175
1 113
1 68
2 118 179
2 145 176
1 11
3 3 158 135
1 200
2 61 167
2 28 71
2 117 159
4 43 98 20 168
1 194
1 190
4 86 72 46 132
1 57
2 92 14
1 109
1 13
1 100
1 164
2 45 165
3 169 128 141
1 41
1 173
2 42 131
1 126
2 152 180
2 156 34
2 84 12
5 99 123 79 181 1
1 15
2 102 85
2 199 38
3 111 44 184
1 10
2 30 148
3 88 8 19
3 83 95 183
1 66
1 120
2 27 162
2 32 97
2 188 4
2 59 166
2 125 130
3 196 70 56
2 147 17
2 53 172
3 7 80 101
3 195 119 77
2 47 63
1 107
1 67
1 6
4 178 69 197 75
2 110 24
3 62 144 186
2 35 58
1 198
4 23 94 189 127
1 64
3 21 122 22
2 82 161
1 153
3 54 155 29
2 129 5
2 91 9
1 55
1 192
4 150 96 134 33
1 36
2 16 177
2 51 26
4 2 87 65 116
3 114 108 93
3 140 182 149
1 170
2 50 121
1 136
3 133 171 52
4 90 115 60 193
2 18 31
2 74 187
2 146 103
2 191 151
2455 2246 1779 81 1272 399 3799 632 2225 2850 4650 2565 826 1171 1557 4958 2774 3245 478 1033 142 3803 4763 4924 1817 3775 1673 2636 282 706 3266 3803 669 576 2959 1877 4620 749 3757 2949 4580 614 1331 1232 2134 32 3963 2948 3665 1817 421 1436 2556 3061 517 2654 676 89 479 4908 1027 4336 2260 935 597 1598 4308 4309 4206 4391 4087 2889 4495 356 3883 2513 4584 2596 4099 3664 952 2678 2428 1559 2616 3594 1255 1756 614 133 3321 2977 4290 2575 1268 1144 2823 742 2299 4262 4017 4853 3245 554 4884 2575 1087 2252 419 1180 578 247 246 4227 2710 918 3860 3938 1340 3545 945 4144 2439 4352 3263 1379 848 982 4192 3041 3647 2377 4105 3851 2298 1692 3731 111 1051 3032 2568 94 252 4751 3027 4279 1017 439 866 4121 1350 4469 3884 4388 578 33 1946 4964 4844 4916 3696 3446 780 2979 1952 4722 1230 2618 3335 4325 2999 2571 4695 4155 1645 2849 2158 61 4671 2523 3576 1888 1554 2943 335 2088 699 266 3313 502 4218 1397 2418 4084 1763 4244 3854 3139 4929 613
2246 93 2385 1275 2128 4396 3627 81 875 4958 2791 1708 917 4350 880 4442 2469 3382 4321 3221 4803 728 1038 2144 1061 2876 4806 4809 4407 4703 3253 2397 4764 909 1372 4519 3950 4389 1434 3918 364 1742 4902 2974 3727 3152 2846 4229 373 4883 2922 1129 645 1903 318 1239 3954 1655 710 3048 3361 387 3851 2017 1384 4711 2309 4676 263 4131 2310 1268 4080 2633 3691 2765 3938 4143 2948 4023 839 4275 3590 1821 2566 2799 3373 1039 2611 2702 962 2401 3476 2336 1282 116 2467 2610 2198 3810 4576 2097 4949 3517 2477 1551 138 3922 1333 717 2880 1406 2079 3704 4967 1263 2913 3758 1313 73 1044 265 3522 4866 3325 1030 664 3575 4070 3201 1742 4445 4755 616 1951 846 4939 1563 4035 1119 2746 2796 2784 121 1249 630 3155 1472 187 4542 1626 1305 3791 478 1832 685 1361 2638 671 3228 4923 4332 2395 453 3687 4874 3661 1552 4985 1999 2678 4461 451 278 2732 4246 4309 2319 4824 4851 2047 581 4444 3693 4617 1246 4153 2544 3420 476 3252 2205 1252 1669 1040 3091 4378 4604 2990 4275
1779 2385 1570 3952 3272 2366 4728 4292 3612 2807 1253 1359 217 2474 2935 3590 806 4747 2148 2971 2933 49 3338 2828 1638 1725 3274 3166 1178 2445 3914 3366 689 27 2747 4613 4157 2747 4174 3088 3064 2999 2859 4462 490 2387 2550 4709 488 1309 4243 3700 3279 2057 1254 184 392 3371 1957 1672 1558 1829 1136 4126 4700 530 4091 2187 1092 2030 3723 4190 2402 3781 1033 237 1969 3896 3866 4340 2293 4754 791 2523 4553 3683 1195 4302 731 2590 2980 2440 544 1588 991 3036 2275 3160 2434 1864 223 610 3862 4546 3203 213 3955 3515 3403 1138 1681 2602 1478 3676 3912 4188 3958 1535 4581 290 2525 1812 580 949 4389 4416 4317 2440 2344 2120 3950 3144 3881 2395 512 3057 490 1190 3764 4435 4928 2990 4351 96 4067 4253 585 1742 2446 505 3794 1186 714 4938 2541 1056 2371 1876 111 741 4644 106 569 966 4039 2077 117 4823 1583 2983 3142 3776 2708 4015 2031 514 4150 1042 1345 4740 4852 194 2965 2195 2271 4537 88 3147 1216 3090 4273 734 784 3128 1427 4442 4862 314 2005 30
81 1275 3952 900 3860 1417 4991 3575 1258 3073 4683 4390 361 2177 1433 608 1163 4982 2638 1876 3902 3549 4289 3798 3044 4000 4537 2422 4278 1491 1452 4878 1903 2811 4928 1804 1593 1579 2619 167 4021 4697 195 738 620 488 1620 953 4843 1324 2917 1039 3636 4683 159 2660 1262 3197 4866 3148 2948 1462 3436 422 3850 2132 607 1375 1965 3928 3484 3523 4167 4033 4968 4534 642 2122 3058 4688 4955 2317 3034 4980 4342 1429 1292 1582 4884 2847 944 3103 1695 2557 588 1229 4813 1885 1809 2361 2644 3851 4050 974 1392 4985 796 2656 1577 4851 4923 510 2545 299 2217 4017 987 3836 4016 1759 1359 1747 3589 2526 3134 1306 2994 2902 4181 1159 3653 804 2192 2166 675 3012 2610 97 4287 3277 1783 830 37 3520 3123 2150 3186 2373 2915 2551 1344 2702 4197 218 2129 4818 4088 1474 1349 4945 855 3673 1907 2888 3866 940 2844 4392 330 2571 1746 4469 4368 2867 3540 2921 2632 4547 665 483 2742 4991 2798 2402 2893 1493 1090 1558 3359 1383 430 2400 4476 3811 650 777 2596 3015 1153 565
1272 2128 3272 3860 439 837 2760 4866 2818 3341 2036 4940 257 927 2092 3607 1722 2978 4812 1636 3908 4246 445 32 4337 3230 2720 499 4648 2338 569 681 534 1443 3269 2155 1597 4007 4727 874 1737 1573 3410 1555 619 1834 2917 4847 2682 1997 1752 2156 1394 1890 3433 2793 2381 459 4872 33 3770 718 4046 1169 1379 3618 108 2587 3766 1436 4627 3284 2602 2208 4606 1175 4993 44 3589 32 1375 3332 3461 397 284 4069 443 1165 3514 3929 3967 2985 1040 801 1345 2691 4561 3866 2433 1857 4392 2171 3000 4242 2317 3112 569 1939 1077 3854 1837 682 4534 924 1726 1594 1800 710 3480 3901 555 2295 2501 1874 2097 1418 2291 2177 3364 2638 423 4073 4249 931 2724 2731 4281 3786 460 1073 1597 4286 2005 3002 2158 254 2021 542 1605 1059 923 3921 786 4414 1140 2468 3430 2655 909 2273 2895 3347 4282 1021 2206 328 2150 3650 1842 4389 4695 3122 3900 2694 143 1996 4788 2427 4491 69 3458 3643 1411 3905 3253 2018 4243 676 4380 2735 2254 4944 2296 14 2748 3089 3522 4934 520 2875
399 4396 2366 1417 837 3698 1631 1286 1750 4735 500 3433 243 2806 3805 604 4979 73 1672 1510 1184 4505 2426 1124 2635 3706 333 4107 4278 585 4852 3387 399 1110 1812 700 3933 2587 1334 1060 1741 3573 625 3060 1222 1899 4806 4046 2605 4770 3237 2114 1018 1797 1594 2062 1297 2509 4468 4399 22 18 273 871 1139 4955 2959 3156 1766 1802 3453 1373 1218 3732 783 1912 227 1597 2711 4723 2262 1519 1669 2613 820 2919 553 2773 190 1252 4138 4251 2853 4649 2625 3963 3080 3707 2472 4053 3539 4094 801 4570 1137 595 1010 727 2510 2114 2309 4383 2740 1469 4914 511 2098 1054 4661 2260 3082 4942 4479 669 4271 2807 3925 983 4289 2600 3950 347 1126 1534 4521 3609 4516 2951 2700 1674 3016 4344 4527 1024 3697 2243 3381 2267 512 205 4708 3508 1488 4514 1727 3098 1737 4607 550 697 1007 4334 2699 2712 905 277 2526 2685 2451 1561 1443 12 2167 1117 2595 2269 803 953 2243 429 4513 450 1619 2278 4883 3677 4082 3266 3089 3995 130 1036 4361 697 4904 3324 4319 4518 459 262
3799 3627 4728 4991 2760 1631 3424 1971 3996 3577 1585 272 2506 1583 1078 3469 786 1669 4571 297 4736 4266 1336 1586 4514 4040 891 4235 4361 1270 2824 402 756 2037 1832 1312 4919 280 4630 2723 1286 1491 4335 2016 206 4561 4132 75 3450 4280 4552 19 1877 1358 3214 2941 3910 2210 739 2009 2833 2942 276 3697 4121 3778 2678 3134 2231 4102 2761 3473 2573 2687 3350 3804 3557 3085 1692 2368 3798 3879 1393 10 4025 3030 4669 416 1017 4757 481 1500 1452 171 456 1838 3603 4375 770 365 2090 3174 831 2445 124 3848 1363 1118 2246 4523 4518 3671 4542 1658 472 867 3904 4564 1971 2649 2521 4323 2201 4183 4515 3490 519 1352 1351 1541 4379 609 2622 4507 4079 4290 2791 1670 4501 1700 2377 1825 1011 1935 720 532 2620 2376 3931 4095 1505 1823 2732 2782 4188 2037 2125 4467 4934 3194 938 1035 2644 2720 4224 602 3515 4965 786 1951 1518 3460 3911 4122 1107 2262 2875 1226 3374 1754 3380 2737 4307 3853 4942 2400 4133 488 2307 4778 3597 4175 238 3322 991 3318 2622 2188 2262 501
632 81 4292 3575 4866 1286 1971 2447 3382 2855 2080 501 431 1185 1111 2879 1706 1426 2011 4216 4496 1785 2241 4733 2469 3521 272 2695 3176 1498 609 3840 1247 1860 3564 4799 4735 2071 3884 2119 3707 3826 3694 1998 1406 816 2608 2050 1515 1435 4912 4741 1111 3549 240 2525 4092 1804 1979 807 41 1694 258 3521 584 3925 318 396 1794 1360 4504 2531 2955 2751 1099 872 459 89 3443 4647 348 2995 3307 78 78 2807 208 3937 220 3549 2869 666 2817 1550 2843 1122 1586 3460 60 4538 879 2735 1064 1218 1284 4163 3233 1744 1193 2058 2529 3801 4633 1502 4347 2429 4162 214 3001 3550 1862 4927 3991 3821 1274 2370 4384 2377 3324 1605 4109 4221 155 2503 4835 422 665 562 2304 4380 3716 2271 2629 201 164 2713 2211 486 4512 1932 1608 3555 2991 316 1008 313 872 3150 1483 3796 858 3938 3414 1249 3636 10 4178 334 3277 4351 787 4666 3260 3689 4264 1992 2803 2726 2306 2492 1993 155 2908 800 163 4940 1415 3437 1108 3580 1601 2596 3764 447 4571 2265 1775 4361 3337 997
2225 875 3612 1258 2818 1750 3996 3382 26 320 409 3796 3289 3318 4738 2329 814 872 577 4658 2307 4521 1783 3021 676 227 421 2269 2865 256 2401 4642 3361 4620 4699 834 2431 3608 4409 1041 2429 4018 1403 926 394 4336 3677 3489 3556 1375 853 500 2982 2237 1650 3374 144 2935 2922 3214 1056 2833 446 2559 2675 4107 2466 4981 2652 436 4838 2665 174 1498 1392 4491 3696 1569 4657 33 4208 1655 4872 3261 47 2254 3210 1432 4157 4431 1202 3408 4678 1064 716 2632 2922 4647 103 422 3304 53 2410 1324 1468 2323 4547 221 4592 4485 4189 3011 907 72 4952 4998 3425 1001 3427 2317 2678 1040 2537 3250 2202 301 2439 4976 4764 3287 3380 2067 2339 570 2864 1172 3263 2313 4575 240 2666 2747 533 3649 549 169 4083 2695 1754 4422 1003 1151 3599 3059 771 2713 4514 2702 1970 4376 3472 3505 569 3203 2008 2097 3692 994 2251 4763 903 4604 965 2667 797 2695 3383 1569 4266 599 3207 2195 3385 836 3584 316 2014 787 829 1780 545 533 3936 3573 4126 2594 878 1057 4449 2510
2850 4958 2807 3073 3341 4735 3577 2855 320 4005 2052 2549 64 1327 2943 3902 4038 3867 3499 86 3762 3013 2024 435 2375 3296 4596 4616 171 2320 84 1820 4643 4943 4066 4544 2354 3529 2979 25 3420 3019 2304 4749 1128 3173 3175 2207 3544 2214 4854 3827 1785 4465 4934 4984 3290 3045 3572 2009 1403 3873 2723 4043 3659 2202 3623 4243 228 2988 3549 2909 2883 4555 3062 2693 3174 1950 2205 3662 4728 414 4989 1534 2410 855 1139 3613 1609 971 4196 2113 581 287 3466 2871 1984 3833 4445 3108 47 4794 1310 3445 1607 4527 3372 1492 3751 3189 193 1915 4054 3255 217 532 2349 940 1986 516 3289 1104 2220 864 1302 1560 3956 3762 3220 3932 198 3364 810 1708 3012 1835 2254 4714 1258 2494 4651 195 3398 2229 1284 1376 2367 25 3429 4825 2762 1310 1078 4637 383 3548 2832 686 2069 4221 4624 3382 4303 4328 2661 3999 3434 2951 3822 2761 828 1930 2014 4817 739 128 1163 3165 4063 1405 2329 2123 583 219 4341 2166 4725 4121 2481 564 1108 1094 1348 1791 4070 4147 4082 4035 2896 2738
4650 2791 1253 4683 2036 500 1585 2080 409 2052 3382 3460 1948 2381 2703 561 2887 1726 31 3222 2726 4619 3916 626 3547 2832 4656 1444 2365 1000 972 2607 3725 146 250 1892 4986 1539 565 4144 2010 1568 3881 3323 1158 2970 1443 1607 1201 2408 3932 4696 1564 4133 1320 3741 2477 37 1662 4073 1746 1402 2604 1113 3817 278 4877 4816 1147 4061 2408 19 3704 4690 2989 2155 2269 651 1712 4446 1447 1158 1816 3466 3224 346 4786 2046 3649 2632 2137 2827 4851 3694 374 12 2739 66 1886 389 1893 3916 314 3600 1058 1890 1176 2785 200 4607 488 95 4097 2951 3492 1097 3037 3982 2472 4174 1725 3200 1293 4240 322 1230 4369 2618 2595 2407 3780 4213 2325 1113 4137 667 4418 99 1718 1546 25 217 3286 2812 3146 1366 3128 4231 337 3839 2242 2278 2446 968 4512 4665 329 1705 1979 1650 3709 2278 1147 2815 1101 531 862 4142 588 1753 932 441 3731 770 4243 4312 3328 2472 1474 3097 2299 3247 229 3952 4647 4696 1392 191 397 1614 3986 376 2541 4325 2337 2745 3652 4873 994 2870
2565 1708 1359 4390 4940 3433 272 501 3796 2549 3460 4775 4492 4755 3064 4559 4872 4574 56 593 2951 1834 1498 3343 1359 2946 1408 2686 2969 1882 1968 2908 2018 1030 2225 2149 3987 3459 2990 3102 2744 4742 3880 1710 1008 3088 1190 2484 3954 2925 4687 1730 2356 768 1457 3438 3009 498 989 4329 2074 4876 3289 4237 3560 752 2864 1933 1743 161 3868 2557 2430 1898 4213 1529 4784 3765 1087 2381 668 615 4151 2648 1497 3584 4911 373 806 1316 2606 1602 3112 706 3907 387 1437 2414 3874 1788 1967 3985 3152 4454 2815 1155 880 4497 1509 2711 4880 1078 2449 4420 3953 569 2026 454 1666 3758 3656 357 4665 1693 3886 1678 4697 624 4514 4867 4654 62 3807 3080 286 2587 3798 3220 4525 704 1125 4224 2865 2761 1959 3917 2284 4073 1425 2968 3197 582 1600 4375 3729 1390 4093 4164 109 1894 2080 2054 2377 2532 4318 545 639 1127 4028 2400 2352 3585 4910 2932 3699 553 490 3849 4725 781 3172 2056 1867 4622 3434 4847 839 4309 4195 4498 3160 2714 4568 1825 2363 4191 1252 1966 2608 1638
826 917 217 361 257 243 2506 431 3289 64 1948 4492 1251 4116 4007 142 1843 1097 2202 3418 3114 3857 1046 1863 72 4492 939 2438 706 3088 3425 4382 3717 1720 4651 4391 1710 701 4793 2178 2896 46 518 1502 3614 3422 657 3353 2135 160 998 305 389 4921 4877 1937 1771 4124 225 3455 4570 4049 3839 3364 3370 3716 4726 2409 1601 1480 4538 359 52 4731 371 3027 3703 335 2740 342 1346 1087 3141 3219 1853 2552 1786 1730 3678 2462 4012 1203 3039 2591 964 680 1864 43 1440 2028 1663 2222 2807 4641 4965 3189 291 4434 2294 4286 2874 1030 637 2773 500 4717 1325 4803 1887 1513 4786 1044 2048 312 3621 1110 968 2539 2137 3966 1952 1682 1590 4635 666 1928 2747 412 3529 3660 275 650 3823 3491 1252 2169 1170 2740 276 4557 4166 74 3645 634 2443 4921 1071 3241 1983 1403 272 1488 49 1108 4997 2752 4652 4666 1720 1451 1138 1180 4059 733 2865 4875 2615 4575 3511 2430 2504 4582 2244 2985 3883 4761 4527 4276 357 4213 1786 1157 2871 3972 1889 3674 2905 3587 503 2851
1171 4350 2474 2177 927 2806 1583 1185 3318 1327 2381 4755 4116 389 1939 4467 3185 2902 4494 3016 4262 4867 1076 2544 4322 2265 1498 3295 3442 1556 1430 3960 4506 3437 4558 695 4568 149 4051 2289 247 85 2876 2328 1496 2390 2663 1733 2614 2931 1024 2271 1049 1467 1295 3930 575 3030 4091 4961 1428 1285 3141 410 891 4160 2950 4334 3421 2059 3688 2372 1157 2776 2111 1223 4317 4350 2403 386 1740 2687 4033 2591 3588 782 510 3177 2309 665 3325 1176 1762 2705 1052 2384 3646 909 4384 3079 2894 4099 2315 4992 1985 4826 4519 711 4636 2703 3163 3860 3399 178 1496 4552 853 1373 2515 4816 2830 3343 2701 2844 3323 1000 2078 4055 4370 4611 2396 3424 3840 2387 739 3074 2114 4163 2595 2633 4611 2169 1563 4765 3465 2481 481 227 2780 2322 2042 183 1085 4015 957 1231 3251 1279 550 2109 4193 123 2803 3422 1564 3831 980 4760 3270 3932 2520 2052 1126 837 4116 1770 2933 4589 745 3284 681 463 4859 721 3442 3376 705 1454 1056 3684 636 3969 1640 1296 214 3751 2502 2909 4334 2955
1557 880 2935 1433 2092 3805 1078 1111 4738 2943 2703 3064 4007 1939 2976 2382 3731 3347 3063 2845 1881 2552 2823 868 3962 1307 267 2629 2931 3721 4209 3272 2843 192 2476 21 1031 4238 4328 3964 1947 3935 2038 3828 1241 2449 2966 2668 164 464 900 3277 1999 1481 3561 3089 4445 4669 2506 1401 3414 966 4861 2518 3940 3199 4217 2453 2244 3391 2344 995 1213 1614 4595 3807 1836 3810 3382 2690 149 4335 3524 4313 2603 3929 3368 3374 1277 515 3215 269 624 1322 3059 1036 1566 982 3819 3530 453 936 2521 4580 2247 2988 1522 3791 1458 1750 3423 883 4589 1236 4769 3005 2721 1234 2301 3755 4381 549 173 2308 85 3930 3372 1363 1609 3971 3267 2665 1860 16 4679 84 1008 2321 2978 2660 2794 2288 3793 2857 3000 3583 1625 1859 2262 3937 3316 2399 2617 685 3603 60 3608 3287 2218 2690 1102 3004 1994 3942 87 42 4168 14 1107 1065 4355 4028 2301 1917 1204 1188 4774 156 1061 3323 932 4208 325 3160 4583 4741 4994 1232 4015 3432 3439 1183 1018 596 889 3193 177 451 3423 732
4958 4442 3590 608 3607 604 3469 2879 2329 3902 561 4559 142 4467 2382 1265 3007 1630 3217 733 1216 705 3042 4057 4892 2731 4402 926 4152 915 1624 1994 3852 1709 1883 197 4627 878 4555 3588 2205 714 414 3688 4088 2861 2943 2185 3261 1844 4148 1287 201 298 3314 3333 3248 3131 1885 351 745 2725 3878 1383 2246 4402 646 3849 434 1902 2878 919 1026 3860 4167 2790 3947 2723 4199 1608 1540 1486 3301 4446 3097 2846 1269 4218 1142 969 4808 4878 3056 839 2537 3833 1554 412 649 2217 2946 339 3113 880 4502 778 4328 3252 99 1925 2800 2880 1294 1156 4832 257 3140 1868 1237 1340 596 3834 922 4419 599 4476 1797 398 2251 4528 2698 1129 733 2757 1376 1558 721 2974 1902 269 1757 3301 4488 2348 1558 4916 1700 2415 3507 4973 3307 4613 2483 1905 959 4854 1972 97 2706 2237 3505 2739 846 3377 888 3426 1816 24 3533 159 1895 762 4380 831 4232 2997 323 4299 3045 2628 2745 1859 291 4396 2911 1566 2485 4002 1821 4910 1295 2893 1657 3155 2598 1047 71 2622 2498 2795
2774 2469 806 1163 1722 4979 786 1706 814 4038 2887 4872 1843 3185 3731 3007 144 1171 381 3632 1439 3517 679 1175 1766 3539 73 4255 1620 2368 3877 2171 3868 346 2026 2671 1302 4873 1640 383 4134 4813 2088 3116 3935 4483 1406 4175 1131 3768 2037 395 2794 2772 424 1179 448 963 2061 1559 1761 4029 3016 1429 828 2862 3351 2798 4035 3128 3373 4821 3469 4456 3546 4559 4531 4867 255 2946 3196 2945 2063 1472 249 1636 2366 1936 2128 1146 3470 1299 3289 4476 2842 1785 3008 3541 50 2994 3811 1037 1549 945 234 4823 1861 284 3917 3201 3164 2878 221 2834 3390 4135 251 604 4834 1332 864 1632 218 777 2588 4523 2573 3834 4222 319 2402 4296 261 1987 3726 4733 4115 3473 1414 3842 2465 2590 2029 3001 1007 3601 3004 2519 3891 2242 4141 3455 518 2181 287 354 1753 2188 1123 2289 1576 4736 1517 3886 4453 1043 1005 3284 3075 1875 771 728 2841 306 3707 1634 1874 4044 4502 4840 2538 1463 1510 1796 4542 4136 2720 963 2066 4262 1802 3530 2102 3320 2287 2060 2010 3605 2428 3493
3245 3382 4747 4982 2978 73 1669 1426 872 3867 1726 4574 1097 2902 3347 1630 1171 4129 4282 2841 3004 1074 2586 45 2698 3384 2244 3496 3315 2624 4243 3953 3787 496 2388 1534 2096 1611 4976 130 1775 3107 2053 51 4094 3542 2503 1267 3572 1795 601 2111 231 1820 3336 3009 4851 3403 2054 4163 1762 1033 3827 153 4319 4905 4451 104 1340 2542 3239 2148 1562 3645 1555 253 2429 3136 4049 2586 3989 1389 344 391 4171 1461 2777 4441 2516 4284 1120 1117 4981 211 2159 4577 3536 2903 2116 196 708 902 3573 1645 69 1092 2763 361 1316 3934 3061 3297 4052 700 3797 381 2074 3217 2893 2481 3023 1530 3648 570 4423 2387 3726 2084 2378 2774 1041 3566 3353 4667 2875 2968 1491 108 4857 4565 1427 225 4605 2507 627 3320 2156 1636 2381 2008 4321 135 126 277 2306 4719 4168 1995 2146 1664 3057 3212 3472 4189 2187 3366 4765 2521 2075 1824 3774 361 1818 2467 4183 2446 3994 3861 4570 2012 227 1675 1220 258 4949 4764 1407 361 4735 1153 196 3683 983 4864 68 897 3987 4520 4920 4920
478 4321 2148 2638 4812 1672 4571 2011 577 3499 31 56 2202 4494 3063 3217 381 4282 711 4262 231 3051 1813 3494 4879 4204 2386 1069 990 1459 4034 4882 2619 1151 638 906 4551 797 2958 390 3237 110 2612 4511 2653 801 447 2177 972 2639 1656 2155 905 1848 1220 1208 4621 1797 1949 2967 3029 995 4280 725 2938 1427 1622 4695 1284 2017 607 2855 1631 3943 857 3521 1925 3925 4334 958 1306 1105 3552 3894 324 966 4848 1592 2599 541 2418 1664 1942 3034 4984 4179 871 3425 3912 4197 2486 2592 3898 55 1987 2520 1544 4060 4180 4132 2805 4257 4554 4817 349 2222 100 4431 4926 3408 3285 4502 162 2964 1132 1252 2937 693 95 120 4094 4334 692 1802 3840 2135 1353 4364 3522 355 3492 2366 572 1876 846 4128 4675 3775 4040 1003 2302 2834 1893 3856 1410 491 4598 226 1280 2340 3547 3306 3439 1238 3656 4891 4726 3174 829 3356 1268 61 113 3354 82 2488 166 285 664 3913 3745 3073 4306 3295 302 4724 898 1134 4665 779 2173 994 1775 1406 982 2249 489 4737 3838 4785
1033 3221 2971 1876 1636 1510 297 4216 4658 86 3222 593 3418 3016 2845 733 3632 2841 4262 2065 4350 1974 2995 1939 3471 1836 2514 4671 2800 3622 3969 834 1262 1006 3409 4228 388 4878 1731 3702 275 4159 1969 2742 4981 2611 4506 2003 235 1434 526 4814 1666 2792 3278 1165 3363 3617 4354 1958 3420 3839 2113 2396 1913 791 4131 1493 401 3311 135 2170 3484 3608 4472 2466 2510 4864 4956 781 1298 2810 2622 4325 984 4952 507 3574 362 3128 156 1195 2667 3199 1305 4373 2972 3691 2837 4350 489 685 2945 2663 4606 4265 2669 3270 4036 1771 3383 4003 3202 2514 2210 3593 2169 3839 2183 3459 1089 527 24 1419 528 1929 265 3390 2050 3018 1566 3033 429 1245 1887 4637 208 26 3940 3428 2107 2112 3304 1876 4717 399 1675 2187 293 1598 3771 1373 2913 4465 4672 3809 3311 16 3607 976 3722 1482 1068 23 758 1137 2347 3046 1193 4829 4868 1307 3267 225 2262 4542 3134 2315 1080 2592 803 2013 3480 3444 2081 3536 4896 4420 2075 2907 3691 4524 1399 3605 2139 3120 187 1983 2109 4693
142 4803 2933 3902 3908 1184 4736 4496 2307 3762 2726 2951 3114 4262 1881 1216 1439 3004 231 4350 3347 1652 24 2726 2335 3215 3186 1643 3873 1299 679 303 3455 2155 2032 1537 3994 2803 3995 3430 3583 3443 982 2562 4254 855 3594 2699 743 4685 745 2387 326 3397 3577 4600 2041 1613 1204 2978 3661 972 2160 4251 3479 1548 4796 1942 2794 2623 462 2700 2842 46 2502 2627 1522 2898 3884 2118 3046 3705 2071 4259 874 3930 2255 3172 283 3012 699 4450 4764 2781 3308 4602 4008 3734 4124 1945 3516 2636 3760 4862 4154 1092 3729 908 1136 4052 3432 308 3875 3629 2766 3135 1726 2875 1639 3945 4393 1896 4826 1301 3732 2401 2487 4961 1735 4905 4124 1085 872 212 1771 4190 3416 3254 3728 2966 3630 4003 3022 2089 3642 4071 136 4660 3220 3958 3928 4703 4425 1941 4501 423 3047 4145 4899 2233 3675 3296 3755 4893 379 2402 238 2976 2654 3482 3640 4559 4117 2932 4611 75 3183 616 3496 479 4196 1674 515 3086 2338 1403 19 3049 338 401 2834 2193 2822 4129 2111 1857 588 927 2522 4200
3803 728 49 3549 4246 4505 4266 1785 4521 3013 4619 1834 3857 4867 2552 705 3517 1074 3051 1974 1652 1757 1077 3116 4077 2799 2740 1618 2963 4058 519 684 865 1337 1721 920 3524 3522 3079 1436 367 2528 4391 3772 4674 2568 2392 4365 3702 1423 1412 4917 4562 4765 4890 3056 2067 2861 3728 2671 479 4496 757 4413 201 1421 738 4313 3910 4577 1466 4330 4849 4414 1046 460 3537 4865 1787 3396 2058 4508 4087 110 2126 2536 180 506 2697 3174 1808 4192 385 4876 2303 170 984 2654 631 1725 4842 682 2859 4655 1033 2185 1561 662 1203 3553 3227 2122 2678 4270 1030 2399 1037 1323 4749 1748 2672 236 2555 4181 2811 3443 1025 1596 4202 136 3258 4852 1105 1204 4274 783 3984 1430 353 181 467 1751 3268 4869 4193 1437 4846 2968 949 3545 3290 2114 4688 1089 4530 2550 1723 3185 4521 4789 821 2670 596 1106 2439 1138 290 284 1796 2207 2717 510 4336 4588 311 1989 2387 3233 418 105 2471 1348 4053 54 3311 1294 4446 3306 1594 2618 4889 3355 1064 2618 3173 3273 4979 1852 4218 2422
4763 1038 3338 4289 445 2426 1336 2241 1783 2024 3916 1498 1046 1076 2823 3042 679 2586 1813 2995 24 1077 320 886 1389 531 2058 3712 2226 2061 3172 249 4504 3911 2183 3335 841 1674 4879 618 1661 3968 1625 4819 2140 2907 2590 3505 3391 475 4641 1961 3237 4563 4347 1438 3715 2465 2104 1701 3966 1698 4271 4232 856 1968 3861 4532 2429 1257 3041 3058 1403 3445 3094 3699 4314 4875 987 313 1006 1817 917 4717 1992 910 2524 3867 1975 219 999 1142 3870 4985 1227 2465 1688 4282 2324 774 1415 2330 2850 375 3767 4765 1956 4550 642 4288 133 1536 4849 784 844 3625 2802 1541 3199 940 3036 4426 1845 4790 3830 2204 3544 2956 2254 578 2563 854 2014 2116 612 801 2660 1026 444 37 2617 611 4623 1899 2701 2583 4683 2979 4104 4520 1722 142 3284 4182 4991 2395 1504 3018 2365 2387 3152 320 1179 4770 3532 3149 4173 2559 4508 1976 1647 4031 1605 461 3805 214 1132 673 2724 4718 4923 2241 4433 1821 1070 1061 506 2044 4132 3138 728 1987 3427 708 4368 456 4155 1760 4227 190
4924 2144 2828 3798 32 1124 1586 4733 3021 435 626 3343 1863 2544 868 4057 1175 45 3494 1939 2726 3116 886 1194 2592 3141 1756 2255 31 4675 3945 3360 3427 33 4934 4756 2385 661 3437 4635 3770 3408 391 1360 834 245 2171 2989 1090 4440 834 4310 830 3753 1810 28 1250 3049 4414 2669 4556 3856 1514 4845 4386 4962 4119 1538 418 815 182 2157 1838 676 4065 528 1317 4307 4053 3481 2693 772 3193 394 3295 571 1557 2879 1739 2551 1127 1632 3122 557 3864 1485 4781 988 2550 136 874 1860 2313 1260 241 744 4387 3383 2661 3424 3131 1228 1828 4707 2491 2052 3120 3575 4392 2243 4725 4494 4547 3537 2830 3154 3865 2668 2894 1092 699 689 903 1455 476 2106 1208 1497 3401 4840 4865 2229 1477 2353 4419 2708 4379 815 3436 689 531 2158 2587 2486 4328 1846 1363 3094 2036 874 3811 4895 340 128 4406 1173 835 3602 1647 1439 395 4389 2162 595 2165 387 4631 3934 3576 1320 1405 227 4108 3093 701 4851 319 1175 525 3444 739 2034 3953 226 1821 474 1630 4682 3723 1340
1817 1061 1638 3044 4337 2635 4514 2469 676 2375 3547 1359 72 4322 3962 4892 1766 2698 4879 3471 2335 4077 1389 2592 4448 1590 680 3300 3802 4174 1419 4885 3086 647 4171 241 4609 74 691 374 4781 4780 524 1350 509 162 676 2107 332 1176 4841 2847 1792 4590 1623 4095 2437 3137 4338 1189 4376 313 1458 1746 2395 2218 3134 3157 4604 4540 1317 2486 3865 3812 3570 1746 1120 1361 4024 4464 3864 4139 4904 4193 318 4317 4365 2446 4270 309 1288 401 2886 4370 3592 591 3247 4119 3741 243 3023 2321 4171 4963 3987 3293 1317 1022 641 1301 4801 2456 4148 116 3951 2782 2977 855 1809 3644 4152 1107 2068 3527 4850 3729 3198 1841 2922 452 784 2524 2738 3363 4373 4504 4214 2079 1578 2458 4646 773 1140 893 600 4598 1590 3587 4499 2266 1572 2339 2166 2843 3281 285 2961 2036 4650 4551 4281 3421 2004 2722 2840 2990 2679 637 2691 4927 107 1433 2832 1018 4820 3228 1570 1932 4893 1357 3495 4448 1563 1419 4440 3899 3749 2127 525 4496 2521 1549 668 2614 4089 4404 2798 1020 4452 4383
3775 2876 1725 4000 3230 3706 4040 3521 227 3296 2832 2946 4492 2265 1307 2731 3539 3384 4204 1836 3215 2799 531 3141 1590 513 301 4932 1169 284 3278 1473 2178 928 469 2481 3207 4719 2563 2858 3094 3439 3192 3580 1091 1847 715 3840 606 1782 3265 1601 1034 2323 1121 4312 297 1112 879 3349 2306 2457 740 29 237 1859 4878 4530 1578 731 2677 3825 1601 376 2902 3090 219 3533 678 3166 2697 1911 2834 201 4745 2368 3124 4218 3065 4259 1088 1811 4590 2157 3896 2002 641 4935 1561 3806 1233 1753 4437 2226 1601 3337 2119 2515 654 560 1438 372 1852 1358 4744 3140 3388 2701 1447 4144 85 2670 387 1573 3727 1502 3675 351 3935 4269 1491 4679 144 628 3758 3008 2559 391 234 2550 772 4836 1029 1776 4342 1651 3487 4626 4075 4185 4482 4113 1691 4587 1569 4023 1414 3133 1820 306 1002 3665 4154 2700 2561 1689 2055 4761 4112 497 3249 2603 447 3359 3961 4074 3407 683 327 709 568 156 3935 3232 1558 4423 3459 2459 4074 4876 3880 1124 3493 2983 4228 4385 2319 3657 1533 328
1673 4806 3274 4537 2720 333 891 272 421 4596 4656 1408 939 1498 267 4402 73 2244 2386 2514 3186 2740 2058 1756 680 301 3251 4166 1762 1455 1891 2937 1126 147 2145 1126 3760 2189 1032 476 1891 3353 1602 2760 4319 1086 614 4943 1622 360 28 4868 3336 4483 1743 755 1442 3157 133 523 1608 4762 986 3427 1456 4623 4591 1100 2694 3690 2913 2013 1091 3033 3196 1649 1024 403 3481 471 4144 4529 2663 3541 355 1207 832 4947 1890 223 587 3217 3523 3267 4782 1409 4190 4535 2078 1188 4302 2966 701 4638 4084 4887 3412 1531 554 3361 1145 758 1818 1521 1630 2142 1798 2079 556 973 4964 1899 1498 1026 947 3371 3851 1644 1208 432 2970 4018 2203 3612 4305 15 3642 4940 1871 1747 4297 2219 1849 1734 1473 2289 2848 951 3398 460 3995 374 2411 3800 216 1303 576 1806 1030 4408 689 4060 246 1373 743 1133 4181 2366 3806 2234 4055 1027 3745 3374 3046 4025 3323 4738 1815 3353 1051 3122 1810 4326 1428 494 738 1988 2974 158 4210 540 10 4472 1476 3996 4437 1287 2047 2603
2636 4809 3166 2422 499 4107 4235 2695 2269 4616 1444 2686 2438 3295 2629 926 4255 3496 1069 4671 1643 1618 3712 2255 3300 4932 4166 4354 4964 1652 2031 4335 1056 500 3938 3090 2175 1437 4190 674 655 3135 1729 486 4651 3350 4991 2448 1784 634 2409 1574 4151 3643 3346 2416 2567 100 1706 3951 1895 2236 3935 2927 2346 2482 1915 2896 3806 2283 614 1849 1697 1164 3963 2303 442 3415 4249 1979 3355 3959 4088 2398 2461 2965 4899 121 1917 248 3733 2438 989 4287 2787 4212 4767 3498 1379 336 993 1838 3366 1329 1149 4241 2623 513 4558 1201 4016 1110 3456 756 341 148 2961 1865 2737 3682 3503 3745 3180 668 4582 2281 2323 1025 3641 3091 3614 3850 1828 2306 2425 888 943 1607 1429 3147 2880 4786 117 3653 548 4402 4952 3358 4225 2517 249 4104 1481 4964 1702 1696 902 3456 390 3643 3013 3331 2650 3396 1623 1005 3249 4602 3000 3810 1422 4928 353 4107 48 1613 1764 4948 1643 4647 475 4368 4518 1296 1529 3910 4866 2465 2800 1726 3911 1717 84 2487 607 4102 3813 223 1407 104
282 4407 1178 4278 4648 4278 4361 3176 2865 171 2365 2969 706 3442 2931 4152 1620 3315 990 2800 3873 2963 2226 31 3802 1169 1762 4964 1634 1986 1799 3152 436 3124 908 3130 912 1200 2180 2161 4158 2689 3102 4740 1258 3362 1729 4537 1764 1309 411 4718 2970 1980 4601 4937 2748 4062 3659 1709 293 3335 3235 2329 4407 2296 4266 1241 1448 2470 4202 2689 2246 446 4271 1716 676 1459 1662 3915 1557 2744 808 1509 2596 2484 3479 1348 3690 2283 20 1017 225 2108 3829 3828 2932 2932 1852 2434 4938 212 127 1235 1291 1827 3669 4803 1096 2010 291 2794 477 268 570 1268 4188 3881 150 4018 532 770 4200 1847 1507 4396 975 917 3399 2061 1022 3455 4950 1966 4457 3118 1266 4650 4501 3672 1077 4349 4031 2190 2745 2671 1990 2693 1125 3264 4366 524 1943 2618 2106 2698 1000 2129 1299 700 2105 1847 2881 1049 1746 75 989 1109 1859 2298 2030 4000 3337 3322 1273 2762 4666 964 3205 663 3117 4789 3738 4025 1920 1116 2236 3026 4934 1439 4186 4989 985 4392 883 1190 2726 1217 4865 154
706 4703 2445 1491 2338 585 1270 1498 256 2320 1000 1882 3088 1556 3721 915 2368 2624 1459 3622 1299 4058 2061 4675 4174 284 1455 1652 1986 1874 3537 756 1301 12 3521 751 478 2947 3196 2881 2584 1401 379 1764 3600 1481 969 2148 4561 1609 2096 4841 285 4696 3015 3394 1156 4061 4390 827 1552 3534 3770 4098 2385 1343 2690 1751 2442 833 3209 1234 4824 2172 2626 376 3314 2935 4845 4371 935 3291 56 3964 2889 1639 4908 2851 3140 266 4266 2622 968 4171 3832 4976 1901 479 3763 2678 4384 1165 2357 3732 3019 4201 845 632 3579 2856 1671 655 4158 3323 3196 4970 72 4839 4260 4432 169 1057 2131 1920 3467 4271 4792 576 1944 4206 3631 3144 1499 4507 2697 4978 3567 2677 1642 2439 851 102 3646 2329 2510 2099 2730 4023 3262 2307 4795 3653 27 3603 3899 3555 4229 3604 2091 1341 1016 2842 3098 486 2528 4567 1564 3479 2905 3249 1983 3277 3769 3825 3965 4447 2403 4892 4437 198 2932 4505 1119 4919 1990 2519 1136 1592 320 2893 4824 2085 123 1632 3710 701 636 3792 2197 3567
3266 3253 3914 1452 569 4852 2824 609 2401 84 972 1968 3425 1430 4209 1624 3877 4243 4034 3969 679 519 3172 3945 1419 3278 1891 2031 1799 3537 773 182 2445 2906 294 2404 701 1227 1436 3987 2410 20 832 2501 4367 864 2334 1330 4445 1160 3291 4923 1604 3530 800 3086 1815 2467 1655 1665 273 4759 4135 3114 2664 2514 706 1800 3837 2115 1523 42 2848 1786 845 4195 4551 4171 3165 372 3986 264 167 549 2307 2152 753 2131 2448 4054 4926 55 3733 31 4226 4016 892 2045 3290 2024 1996 1919 1493 839 2769 429 3631 2044 132 1120 2296 4089 4418 3313 779 1940 2197 1465 4228 3746 3259 3408 1942 1953 2607 692 2485 3535 4823 393 3708 3038 4898 782 1111 3530 1118 3556 4373 138 175 125 4770 2017 3991 3490 3700 955 976 3565 780 2458 2788 4587 1365 2939 2094 1353 4885 845 2252 748 68 1273 4979 709 2695 828 2621 238 2566 1383 599 3031 4240 1793 2120 1669 3162 4828 3771 1009 486 902 393 866 2951 267 1409 2048 3415 876 4205 4343 2480 2311 3695 2031 1159 4829
3803 2397 3366 4878 681 3387 402 3840 4642 1820 2607 2908 4382 3960 3272 1994 2171 3953 4882 834 303 684 249 3360 4885 1473 2937 4335 3152 756 182 2017 3654 716 459 2959 822 765 2070 1768 1400 1448 2132 3511 832 2551 1582 2445 3985 2902 1323 3759 1162 249 2463 720 187 3558 76 3370 1082 363 3361 2269 4706 556 1145 2438 1310 4648 2502 318 3129 3926 676 4723 256 1248 4259 3641 3455 713 1958 40 4368 973 359 2104 4850 871 2308 4890 1040 1095 1716 2036 303 2202 2921 1072 2010 3696 3150 3961 2395 2033 4139 4156 2295 111 3735 4150 3365 4941 269 2753 1182 161 322 2605 702 2854 1373 3285 1666 1938 4388 3553 3158 2619 2976 3613 1589 2126 1901 2945 1056 3642 3705 4975 733 3610 3529 2066 313 87 3363 4674 3962 4110 4327 4716 3000 1467 4861 1021 3219 598 1374 1205 602 4099 1299 4461 492 3015 4032 4689 2694 2916 197 4501 3886 4909 1906 4543 835 480 2441 49 3157 4434 3217 3106 1064 2684 4935 4266 1745 4092 4232 1587 4028 1851 3824 3302 3870 3250 273 23
669 4764 689 1903 534 399 756 1247 3361 4643 3725 2018 3717 4506 2843 3852 3868 3787 2619 1262 3455 865 4504 3427 3086 2178 1126 1056 436 1301 2445 3654 1982 2431 3021 4076 2964 731 2892 4898 1561 3748 1382 434 4667 4499 2869 934 2608 1966 3418 1378 3479 4742 1194 4355 2634 1626 4220 1326 4870 4557 2712 4450 3778 1484 3260 3941 3028 1921 3905 3355 110 4705 2729 3396 4619 4360 4077 1225 3802 2037 2335 3568 3666 421 3480 4957 934 683 3637 1220 804 4554 2167 244 3089 4363 727 2786 655 1318 2175 3313 4037 3388 3502 4607 4805 3655 3353 1699 2152 881 897 21 1803 3639 446 1428 569 4060 2910 565 3319 3286 1922 1535 4568 3641 2680 1227 833 133 1573 1322 3625 2171 1706 3329 600 2483 4335 4362 3411 1140 3776 29 1424 2737 585 3964 1521 3574 3437 2505 2837 1737 1303 2562 332 857 2949 1186 2042 3893 2397 1298 1278 2678 4687 672 4354 4699 4371 914 841 782 1423 4593 1171 3796 164 1939 2306 4945 3024 3403 4126 4475 556 1122 2625 2291 346 1689 1401 1669 4092 612
576 909 27 2811 1443 1110 2037 1860 4620 4943 146 1030 1720 3437 192 1709 346 496 1151 1006 2155 1337 3911 33 647 928 147 500 3124 12 2906 716 2431 4289 147 4633 2068 1390 4043 3277 1302 2965 3268 2662 82 3443 3962 2896 3029 150 3430 2830 3919 408 1799 3540 2616 4870 1233 1921 2868 3248 3787 4957 2066 3223 3363 1502 3796 1932 3147 655 4413 736 2471 666 3046 45 517 3627 4676 1955 3658 2113 2429 3964 1921 2605 3199 2026 3225 283 4876 228 564 2123 1169 3677 1011 4575 4905 2137 3533 4317 3693 4656 1994 2775 3883 4276 2637 512 3306 2729 4382 1416 1372 1465 461 210 4741 2217 1317 4254 3041 972 2638 3031 1574 3650 2080 965 2950 4044 3282 1724 2185 3454 3870 2515 2155 3956 876 3872 3072 1339 4742 3331 2032 1387 1429 967 786 3975 1084 3525 1893 720 839 2012 902 4842 3755 132 3783 2417 1952 4668 2462 3010 3800 1953 2217 4240 3332 2900 2324 2750 4562 3697 2045 2165 1174 4271 677 3613 1105 2581 4257 1121 2594 3160 592 4315 4733 3158 3243 3946 4261 1277
2959 1372 2747 4928 3269 1812 1832 3564 4699 4066 250 2225 4651 4558 2476 1883 2026 2388 638 3409 2032 1721 2183 4934 4171 469 2145 3938 908 3521 294 459 3021 147 3840 1716 3302 1598 1451 2443 725 3145 2870 1128 4447 2499 139 216 1795 4573 4017 1045 999 4309 931 4786 439 2388 3190 3287 4538 2085 3569 3398 3776 2455 4782 4091 1951 1516 3607 1552 1410 3392 964 3819 2051 2700 1738 3376 1941 2077 2091 4946 1979 1401 3965 1404 139 745 1410 3384 357 1531 3071 563 1630 3631 4410 3840 2249 4144 3104 4368 1811 593 325 1670 1543 1213 2247 1826 542 3623 1636 3246 2496 2063 3073 1759 2588 867 1601 3649 1655 272 1354 446 4669 4233 1720 442 4923 3485 2279 1543 2874 1884 4777 2089 3606 4114 637 68 2035 2756 2901 2652 1824 1680 3465 3745 2939 3342 1440 157 2201 2197 281 1317 1436 2652 1480 1180 1205 3116 624 3841 54 2279 4916 3926 3214 2807 2981 1816 1082 4778 2206 349 2550 2276 1469 2532 784 3384 313 4270 2542 3346 3096 4708 2518 4626 4896 1886 2447 478 4687 3968
1877 4519 4613 1804 2155 700 1312 4799 834 4544 1892 2149 4391 695 21 197 2671 1534 906 4228 1537 920 3335 4756 241 2481 1126 3090 3130 751 2404 2959 4076 4633 1716 3758 1928 3243 2750 3933 3600 3799 2343 563 2187 4565 794 2333 1851 2918 3032 1758 4878 248 572 4775 3735 1880 4065 1216 3759 1550 3176 1126 2502 2552 2579 2003 836 3566 2047 3583 2455 1129 2141 4194 66 2438 1191 3810 116 4874 2984 1152 3934 4120 2876 3511 1569 2629 837 2253 2003 1150 2924 2425 2095 4968 419 3422 1297 1760 772 3569 4341 283 985 4126 99 878 769 3252 1217 3555 864 3544 2982 3745 3489 3637 4339 2976 1409 4507 3748 1219 3972 739 3736 3218 118 3160 3774 2891 4700 3809 663 4588 2967 4083 480 1616 2795 2475 497 2906 28 2165 1502 3187 2659 463 4467 2909 1792 580 1940 2999 11 3179 3279 1409 1321 4978 3279 2054 2829 4342 3651 3002 4922 1519 373 3584 4372 228 4058 2068 1085 2213 3562 2188 972 2723 1806 192 666 3594 258 4492 4993 1466 370 1988 3447 4780 2401 4655 4507 169
4620 3950 4157 1593 1597 3933 4919 4735 2431 2354 4986 3987 1710 4568 1031 4627 1302 2096 4551 388 3994 3524 841 2385 4609 3207 3760 2175 912 478 701 822 2964 2068 3302 1928 3488 3768 30 2833 3055 61 3626 4323 2184 1764 325 1388 4496 1368 2831 3418 3991 2621 1483 1665 2442 2782 3478 2878 2283 4425 405 3632 3462 3300 153 1994 3808 4276 2859 4222 3570 3706 117 1711 3855 2550 3441 2562 3485 1748 1865 3095 1185 507 4034 3373 3939 3300 3515 304 1861 4103 3447 886 4251 3041 1969 1272 689 4960 1432 1286 4152 3857 2118 3521 3162 3774 2722 4972 3780 3716 4589 4054 1581 3335 707 67 3784 3612 2255 1085 3140 2664 2878 3500 149 1077 601 1932 603 1668 4170 1933 3885 1262 461 4484 3562 1862 3470 1217 1170 740 1872 3558 1949 3866 4231 585 3555 984 2954 76 3235 3309 2909 2094 4077 1064 2970 2878 3633 2888 3949 2904 374 4361 4254 712 3409 1716 1022 653 4961 680 3522 4413 4241 1963 79 3506 602 2485 1038 2428 1692 3323 2964 1510 3350 4339 411 2726 4750 1925 3669 4772
749 4389 2747 1579 4007 2587 280 2071 3608 3529 1539 3459 701 149 4238 878 4873 1611 797 4878 2803 3522 1674 661 74 4719 2189 1437 1200 2947 1227 765 731 1390 1598 3243 3768 1385 3129 233 1499 1920 3945 971 3542 3153 1272 4143 4333 3850 2241 493 87 1834 4158 3686 4539 2664 1105 2939 1885 4637 4047 519 3817 4460 907 3018 2936 2174 2306 4012 1807 310 2722 1645 2981 2055 660 4130 4474 2182 2176 2600 1499 2723 687 3618 1353 73 532 2463 3267 1223 3229 72 2930 1640 181 1252 813 4501 2938 2436 1661 4411 4901 4740 1399 344 2472 2410 3912 4439 309 350 1856 615 3795 2090 2947 860 1705 4676 2093 1566 3616 2386 2466 2491 1744 3770 3344 1362 730 3243 318 3800 737 1032 803 2406 2930 3436 568 128 2177 1737 1720 2586 2649 3941 4908 4736 3664 666 1175 862 3757 3004 2832 750 885 3354 384 3770 3080 580 3768 1452 4094 614 3176 946 2321 1064 2220 4631 1878 4254 4982 4426 2746 417 4505 2017 4726 1328 4854 2036 2855 141 237 1613 2514 1340 3641 3274 3968 2803
3757 1434 4174 2619 4727 1334 4630 3884 4409 2979 565 2990 4793 4051 4328 4555 1640 4976 2958 1731 3995 3079 4879 3437 691 2563 1032 4190 2180 3196 1436 2070 2892 4043 1451 2750 30 3129 1860 3596 98 2693 1228 4903 2597 1690 3018 4666 120 1785 2610 2750 855 1313 2711 2811 4602 1801 3652 4488 1881 1291 887 900 1459 3692 1751 489 1863 3251 3424 931 4581 1338 536 4841 1958 4434 1430 1604 3237 325 2626 2251 2767 2511 205 2222 2202 4763 692 3794 1802 2443 1372 2214 2790 1043 215 2969 4840 2919 4786 1948 3850 3765 2081 4025 2419 940 4416 1854 4613 4112 4644 246 1285 1329 2280 3453 3627 4920 4483 64 1196 2349 3827 786 2810 4425 2607 117 1063 414 732 427 1484 3313 563 743 4844 3794 3201 1580 4810 3437 3256 2042 3537 1646 2380 4147 713 923 1410 2917 4165 4258 3410 4243 1508 4380 4797 2379 2107 2657 162 2481 4828 2551 319 4060 4264 357 3990 551 4079 332 3784 4669 2010 4722 311 4689 2738 2333 47 1256 661 1464 1567 2360 570 3278 3832 3506 1699 387 1920 655
2949 3918 3088 167 874 1060 2723 2119 1041 25 4144 3102 2178 2289 3964 3588 383 130 390 3702 3430 1436 618 4635 374 2858 476 674 2161 2881 3987 1768 4898 3277 2443 3933 2833 233 3596 4564 3780 3549 1527 690 781 782 928 1605 153 1023 370 4309 551 2503 1461 4350 3546 3815 4286 2551 2169 2570 147 1716 675 4499 1214 4074 3905 2541 4943 1227 2917 2542 1920 2446 3403 4312 2022 855 3573 2073 3257 1155 1181 4779 3365 1106 4393 4337 4964 2279 4151 984 2487 2538 3151 4433 1456 3381 3584 131 1675 4790 1348 4862 937 123 1218 4742 849 154 536 623 73 2969 1327 3566 386 749 711 4098 1769 203 739 229 4143 2537 4631 752 4444 4748 4865 447 3828 1074 2850 3531 1947 1158 552 4767 4521 1612 3889 1424 3283 4806 2964 1973 869 3427 4012 3556 2105 2318 2804 2847 2611 4779 4467 3874 4039 2670 4022 3695 4949 1006 3364 4338 222 4656 1619 2098 1223 4982 4996 4226 2633 828 1355 3127 1670 2081 4565 936 1591 2872 2868 1191 3021 4487 554 2940 945 2337 1783 3340 4372 4994
