N: 200
M: 20
Symmetric: true
Triangle: false
12 35 108 146 196 40 189 102 136 79 31 112 5
8 23 9 138 84 181 18 121 65
13 103 154 195 6 148 110 75 78 33 160 180 12 37
9 131 46 29 4 183 1 91 66 142
7 63 94 127 166 95 3 30
13 139 114 83 67 119 92 50 19 145 85 172 42 43
4 153 10 45 53
7 25 173 86 192 171 49 56
10 36 197 96 32 22 167 52 72 28 62
9 97 157 188 175 143 7 77 149 48
14 47 185 39 100 199 76 124 113 34 118 13 27 70 198
9 125 128 21 104 123 165 11 137 44
12 87 88 61 194 184 150 174 73 107 132 155 15
6 186 16 193 60 163 17
12 80 93 187 58 26 130 69 182 82 8 68 176
15 179 169 129 89 105 156 162 71 111 99 90 24 140 164 117
11 177 191 38 134 54 64 190 135 98 20 51
9 57 170 200 115 141 41 158 81 159
12 151 161 74 147 106 101 55 14 2 178 59 120
8 122 168 109 144 133 126 116 152
4667 4286 3805 224 146 3817 2370 670 2743 2865 2095 1552 4657 4877 595 4415 3426 4393 2776 3697 82 2521 3158 320 1831 3794 3813 1550 1629 3623 4099 2179 4418 4104 1712 578 3961 3909 3033 3249 1801 2464 4231 689 1188 2614 4517 1371 725 3839 15 4600 3182 4072 696 981 3060 4456 1666 1932 4637 3280 747 1422 938 204 2720 637 4526 3277 4408 3822 896 1839 1118 641 2707 4325 1253 1172 588 1131 2758 2409 1294 3366 3492 3535 4700 1114 4223 4143 61 3587 3631 963 3420 3968 950 3723 4751 2115 1084 4756 1639 34 706 4592 25 593 838 850 4304 826 2531 3154 3331 3151 4486 1787 2476 399 852 3345 4035 4428 4494 2842 2937 3522 514 3063 3483 3505 1837 932 3078 1097 681 627 1215 600 4247 3448 4586 1923 2308 4781 3306 1825 568 102 837 1389 783 1136 2445 619 3535 4704 2152 1027 3835 907 3880 4579 1180 1028 110 1816 787 3832 4115 2587 1896 1482 342 436 4700 3036 184 2229 2364 71 4149 4613 4776 3936 4300 2999 2477 3370 3867 1230 4267 3169 541 572 4027 273
4286 4823 62 2608 2536 1355 1651 688 3366 3274 4663 3865 3849 3919 4958 1531 4625 725 2298 2872 2540 1723 2170 3293 2475 4826 2675 2006 4485 2100 1987 1487 799 3797 4148 602 3043 3608 572 4005 208 1873 2358 2909 1681 3406 541 1401 2085 2036 4707 1277 573 2157 1906 1312 3253 1962 1210 4699 2573 2241 3282 1852 958 2401 65 1449 4944 3036 4870 4290 3114 2238 2535 1420 755 751 1362 202 1053 3617 682 2939 3005 4327 2284 1794 125 1223 2166 4251 1621 4256 2604 3223 1266 2263 261 4921 923 2503 3605 284 1489 1843 3554 174 4226 2158 1201 3930 670 2703 2580 3988 780 2770 969 1066 402 1096 3072 4594 4060 4342 3050 668 3975 2111 1304 3347 3155 1935 1993 4333 4663 3889 2212 902 3044 1914 3107 2888 721 3403 512 419 2306 2126 4094 4369 2736 4190 822 2174 586 1008 2529 785 1820 1325 188 4227 1516 3955 3404 3746 517 547 842 2554 1429 1859 2244 3962 4711 3034 3706 1888 553 876 87 2162 1473 1866 174 3239 4656 1423 3721 2121 2883 1466 2710 130 321 2389 4686 938
3805 62 539 348 528 3828 1286 1881 4794 604 2797 3921 3199 2174 1315 3684 1003 1961 4098 2710 3032 538 3318 1421 2512 3068 1899 4882 2675 3931 2363 4056 333 1732 4351 103 4077 2017 441 996 3619 2229 3342 890 895 1400 2906 3124 4030 4959 298 4107 4051 4960 4493 4518 2759 2111 41 1467 3222 4017 4030 3995 1074 1542 1174 1619 3646 231 219 3934 590 2341 567 369 1782 2212 3885 656 2685 540 344 521 575 3173 3427 4104 2641 4801 863 2408 4819 2739 21 3665 1176 2275 1296 4773 4489 2509 4378 1176 3883 3082 937 1134 366 3776 777 3769 2904 1478 2230 1393 2465 1566 3779 3318 676 3903 2324 1040 786 3073 1229 4338 103 4442 27 2967 2181 243 1772 1807 1922 2801 741 201 4039 2112 3412 2460 257 4916 674 17 2214 1942 4990 902 957 1096 4225 2643 4929 96 2651 2798 3463 3857 1407 2497 520 3732 2824 3746 2740 4125 3707 2343 1520 4081 3916 1358 4330 2689 1873 3207 444 1910 3198 2990 3956 2067 2022 2135 4737 1470 2289 3255 4679 1969 3070 2366 3809 4639 61 3073
224 2608 348 99 2793 1969 713 1365 985 338 2767 3835 2893 966 1604 4809 4131 3237 145 1490 710 513 1976 941 4148 4838 2296 2898 783 4700 2768 561 4660 196 1040 270 255 4454 3818 611 3563 4327 2382 4647 908 4582 2579 1262 1247 2006 3835 2892 1336 2657 1570 4911 3510 395 4534 1262 3100 3948 1933 3889 2922 3350 1581 495 2123 1813 3626 4083 300 2856 4992 4782 4965 34 3211 4157 1308 4283 4140 1768 3808 4349 1017 4185 4640 2384 3304 570 680 2700 2985 527 2339 2863 1422 27 2672 2338 4041 334 3452 463 2913 1817 4466 2974 2198 543 1506 1268 3556 4192 1053 992 4455 1536 2286 2904 2791 4749 3244 1656 4455 273 1116 240 4275 3179 4699 4262 2547 3215 3858 4247 1639 4288 1044 2040 2640 3883 4657 1566 1206 2830 985 329 2585 658 1313 4621 214 3013 2184 4841 2923 2399 1904 4101 1239 2377 3426 1016 2121 3185 2390 3610 4749 2856 3696 3691 4168 2319 812 3365 2768 2175 4171 3451 1602 2014 3360 4510 1525 2281 4394 4161 154 4401 1961 2577 4653 17 2927 4566 4611 4099
146 2536 528 2793 374 2507 1418 4997 4818 1856 3005 3812 4912 4617 3755 2453 452 2344 3618 1362 4544 2773 885 3761 4860 2555 1545 201 1038 1909 1804 237 704 2637 3278 3706 3422 3985 633 688 43 1651 4943 787 1197 4941 4877 31 4275 1246 1702 994 1208 554 1440 41 2439 900 3328 2700 1956 4433 2501 2035 71 2151 748 4773 45 2914 766 3396 2964 3678 4697 1319 2812 1840 4129 2003 2421 2069 594 2590 3800 287 94 1418 4206 4020 1134 4470 4624 4796 2380 3727 4706 2260 2179 616 562 4069 1564 2839 3870 4439 1817 404 1599 906 523 2831 942 2063 3975 4640 604 2269 19 2326 1864 3578 4041 4164 3432 3701 3575 2359 3038 3792 3685 2683 2831 811 384 3918 2659 2766 4445 2982 4120 4478 760 86 3405 2643 3638 1172 464 463 2260 2349 3666 167 4400 4068 3522 241 1116 1362 3319 3048 3062 3283 1292 4018 1676 2171 4576 4787 2142 509 4813 125 2107 3864 2571 4031 1226 587 2652 4278 256 257 1221 4614 508 3965 3035 3639 4160 2811 3764 4557 3598 3493 4112 2614 1134 2503
3817 1355 3828 1969 2507 2948 4996 414 4049 2859 1307 3578 2487 4670 1241 2716 4657 4159 2580 194 4674 965 3979 1734 1987 2346 3620 3677 1247 2740 4139 3636 4402 830 2310 743 3231 3122 1622 3161 4673 10 1296 1804 1871 2872 1832 3385 4886 1228 1723 2400 3668 3211 4131 2244 698 2851 169 4435 1139 4214 2430 3186 3853 4435 3091 1892 1598 296 2590 3273 3545 4712 185 2980 3043 2607 1312 591 374 4990 399 4834 3712 1192 1921 1365 2251 3716 1804 2189 3910 2306 98 2158 2674 4734 1260 1915 3115 202 3298 1945 3212 3585 3874 4949 364 3760 720 4201 4255 2877 3124 2018 4025 4588 4864 3286 545 2408 4667 4691 1398 941 1652 2902 3977 2516 2538 3803 3657 2512 1826 552 2579 1129 1225 1792 1578 2676 3382 2476 1218 451 1385 2202 680 1204 3824 409 4467 4163 2671 3857 3349 632 4069 238 4774 2400 4097 2151 2109 2937 4230 4237 3589 238 2101 3470 971 3786 272 4100 59 2107 929 825 23 4394 4513 4183 1865 1004 640 3030 1232 3640 4061 3605 2990 956 723 3282 1938 2074 3708 1956
2370 1651 1286 713 1418 4996 979 468 4844 1388 3535 4721 4298 3098 700 1603 4490 4745 1392 1910 4525 2897 2631 2995 1096 163 3267 331 4056 1002 3650 3332 2460 4679 4043 4048 3886 2245 2114 356 1791 4907 2847 3014 2162 3199 4593 675 4847 2645 1497 4605 2429 4628 1098 3710 1976 835 670 3028 1493 3606 4719 4900 2059 2709 159 1582 1730 3672 4385 3938 2466 1710 477 935 2382 1163 4274 1805 382 3637 1992 984 1567 1382 1637 4512 3941 3430 1336 2607 3264 2367 2749 4380 334 2832 1424 1171 3856 4719 2754 3253 2479 2302 401 2654 1930 4860 3444 4120 313 2967 149 3073 1135 4409 4513 3767 3580 3961 4940 3776 4048 4440 1288 4535 4510 2312 2138 1271 3030 3170 389 2003 188 3191 578 4893 1667 4598 2382 956 3791 3873 2955 2391 2013 686 2803 3626 918 2431 4467 3199 992 4072 4746 458 3536 2650 3244 933 3631 678 1288 480 3313 2191 4267 1165 2274 895 3628 1339 2155 2836 2649 2662 1735 2550 4100 1797 988 2538 1214 3962 1393 4622 1232 394 1754 2613 4030 3063 4409 4709 1828 4509
670 688 1881 1365 4997 414 468 4787 3863 4985 1205 4771 1770 4356 1552 4040 587 2815 1808 2589 2004 604 3182 805 648 4961 4196 3793 666 3223 919 4909 4707 4734 369 290 2561 737 564 2164 3404 4561 3675 3769 2593 886 3744 4791 4624 3404 4828 2660 4580 4601 919 1512 1239 4772 2891 4719 1247 4724 4024 2793 2588 3103 2642 4700 2733 2243 2488 2662 2848 4571 3443 4487 439 3453 524 1868 4936 4850 2830 1934 2796 1593 4037 3931 3289 1323 1348 130 1790 481 444 4042 4968 1300 4765 4558 3242 3137 293 2771 4369 2414 3140 3457 728 1201 3002 2963 219 2124 4784 2705 4042 1027 4385 1073 4377 3673 4242 4737 1767 1736 4658 2124 975 4231 3088 4318 3553 4545 86 4719 1223 4694 1018 4041 1395 1511 3351 755 4562 1085 477 1808 4503 2433 2728 2485 306 3986 433 2736 1504 3538 231 4174 3346 102 2222 4063 4884 1237 2679 3748 2025 4001 2893 730 631 1351 2812 1154 487 4056 4001 270 3220 1803 1008 1886 798 1591 2844 39 578 1735 2909 1584 1057 109 2284 2351 2314 3706 3888 4049
2743 3366 4794 985 4818 4049 4844 3863 4475 1791 1956 300 3548 2836 2674 340 1032 2492 3527 2934 655 4660 2748 3287 3542 587 1082 4459 1013 1817 3369 3614 592 1317 911 3112 978 4884 100 4741 1798 2311 4576 4887 4080 3829 649 2533 216 2777 132 3129 4710 737 4390 2318 2739 3382 2516 3410 2205 2094 903 263 4521 609 4351 4501 3905 3337 1298 2814 4046 379 3497 4737 3636 455 3469 3458 3723 4144 1101 1609 637 1514 4997 2138 2698 4282 2485 1422 4033 3962 4711 1264 3275 884 3014 2831 1998 4650 3839 3681 1690 1518 2446 3997 4443 628 2262 78 2444 927 3382 1761 1784 4388 428 2415 956 4964 4413 2913 3032 3112 3509 57 3286 1537 79 4386 3196 3070 1735 3419 3523 3417 3646 2327 4222 588 4616 4635 4115 230 2498 4946 4726 4792 810 789 1746 3179 3555 4774 2665 1634 606 169 4018 4387 4425 2500 1500 514 1640 3748 439 2868 4513 1903 3445 861 4921 753 4906 110 1787 3547 4521 1550 1477 1356 2844 1364 4581 1901 86 2136 2840 1345 3441 1504 2746 4685 1992 3401 1147 3575
2865 3274 604 338 1856 2859 1388 4985 1791 1750 1183 934 2943 2514 1743 4651 678 1839 4623 1789 1390 416 1672 2764 4461 2499 1221 1505 925 2735 1185 2110 356 1966 468 394 3722 767 4284 1316 1053 3877 1571 4200 1405 615 2874 1860 2841 4817 4010 821 138 2085 1460 3330 3884 290 4991 387 1597 1489 4065 1008 2824 1207 1937 3727 2363 150 4449 1145 2039 3662 410 2251 4247 4648 1751 3325 4720 1946 2053 3922 4349 3586 4245 560 1532 539 3280 743 579 2431 3591 1208 1613 644 3166 2330 939 1249 2026 2000 24 1676 1391 1084 2875 824 4536 1472 2344 1496 3043 4737 3007 2112 2080 3309 1022 2211 311 2982 2528 2635 2440 1640 1047 3095 4403 2099 472 1609 4662 4373 2542 1746 2445 806 3434 1522 1338 2417 234 737 2769 1964 4386 3562 757 3648 4169 2503 4116 2434 2813 4981 3961 1746 1699 4567 4513 1067 3270 3458 1074 4806 1016 3110 122 3236 3006 4303 665 2989 4891 3392 1191 1843 4011 632 681 3632 4221 2095 1535 2823 3186 3857 198 4155 2536 1451 1413 3462 2912 4468 2825 353
2095 4663 2797 2767 3005 1307 3535 1205 1956 1183 2340 240 4153 2847 2510 2954 2448 1439 2329 4953 3726 1494 4126 4069 1809 2629 3279 489 3852 3320 2001 3997 1671 2949 3965 898 4777 4755 3769 1850 2954 4636 3364 1906 4542 72 4747 964 4249 1654 417 3732 4230 1013 860 4200 1639 2877 4475 1691 1970 3806 2858 2025 1463 1760 328 2938 950 1187 955 2580 2255 1906 2074 4503 4655 3331 1202 2989 696 3557 2828 1649 2473 1032 4901 3655 3310 2723 1044 1814 3333 4292 3864 1328 1455 3712 710 1902 4144 2835 568 631 1801 27 3803 629 3423 2332 1960 1043 2816 1296 620 1458 3600 2396 3096 1827 2786 3680 2340 1977 3688 3638 873 678 4792 4958 2910 2869 2665 515 2862 4356 1505 3099 91 4645 3995 2853 3794 325 715 4929 152 611 2504 2979 4677 3742 3331 518 4473 3226 397 4943 4579 241 1544 2348 1549 340 4137 4390 4656 3640 3874 2529 2119 3938 2546 940 2315 528 1141 2003 4619 665 2697 4019 1926 2722 261 1699 1179 1648 3501 2868 2436 4340 489 1208 4135 3559 806 3681 373 2198
1552 3865 3921 3835 3812 3578 4721 4771 300 934 240 3785 4587 3923 2917 1833 2639 308 143 2239 3869 3908 4699 943 2652 1026 2371 2128 1258 2321 3251 3770 502 1459 3644 2192 428 4064 897 4017 3218 3017 498 3300 650 771 1903 1638 2924 2259 2283 4407 3794 3547 4458 46 2628 2995 4557 1012 3935 2356 4419 2493 4784 3828 4230 2909 2030 4735 2656 912 3950 1316 2584 3110 3784 108 1196 1038 1966 3513 2015 3781 2713 955 4914 1118 1080 3037 1292 2072 4331 24 3661 3068 4893 2075 750 3233 382 4696 3476 2923 4421 3379 1609 2369 3383 2476 4495 2315 3075 1669 4528 4587 1276 2695 3078 3762 4417 602 761 1804 1551 3610 4770 3662 2825 3512 3809 3924 3937 3183 3205 1462 928 3153 1296 4005 2667 4242 220 1446 2426 3612 812 767 2668 1195 4850 3934 3225 3443 2008 1908 482 1499 2028 2998 3388 1381 4727 503 1542 2322 3567 4641 269 2947 3257 1377 3862 1807 3850 2002 136 3344 4295 4225 4469 335 272 2859 4234 543 2251 4031 1871 704 832 2973 3393 165 494 107 1836 4893 3481 1147
4657 3849 3199 2893 4912 2487 4298 1770 3548 2943 4153 4587 518 1711 4745 3296 3197 4423 3790 4613 3131 516 4853 4791 2119 1431 938 4621 3876 4153 3318 2367 1769 3605 4180 433 2032 212 4056 448 4548 206 3626 2396 3163 749 2678 4038 443 3411 1478 102 941 2063 249 2915 2364 3667 833 2924 77 1490 556 3260 571 3549 4615 87 1258 4956 1798 3162 4826 2212 2034 763 1877 973 1337 3693 603 4112 2457 4398 124 4000 261 264 2512 3980 3855 1838 3336 4394 1963 77 1080 1214 619 533 2193 4874 1458 2331 4788 1171 2374 4654 1752 3498 4410 595 2091 1479 477 1432 3258 2936 3365 1050 2062 3034 3197 4907 3042 1895 3101 1582 4508 1838 4380 2405 2288 2954 2450 2148 400 642 3017 4676 4434 628 3875 4033 3966 2959 4195 165 2996 99 881 1921 3643 22 2759 4066 310 3451 3062 1657 4263 727 568 3324 869 1771 2473 903 4148 4742 1175 3751 4048 2187 216 163 3216 1030 4009 1831 2039 3757 3726 3853 4596 2676 3013 89 2964 1090 3996 3664 682 3595 858 3729 3644 891 653 244
4877 3919 2174 966 4617 4670 3098 4356 2836 2514 2847 3923 1711 4382 1457 963 4999 3939 3334 1308 3253 2016 1789 2886 3837 1530 3173 2024 3438 906 2163 4284 1599 1039 2886 2662 614 1720 1071 219 2264 1220 869 4637 2272 1644 1847 3822 2470 1412 2295 1674 2193 2065 3725 2440 2172 3710 4395 2546 3379 4195 2767 2314 4475 816 3666 3099 2636 4408 3173 209 861 745 1583 3861 3973 3568 1348 110 4595 854 3131 3705 1800 1625 2834 3805 1073 895 3469 4692 3075 709 4918 1332 1751 3942 2295 447 3384 2487 4132 760 2173 1014 1415 2472 1086 4669 3928 408 2764 4658 3869 3749 4785 1100 183 898 2711 1369 4924 4266 608 3360 1038 2153 478 395 3272 1490 272 2490 3465 1020 3963 347 3039 2974 3196 1162 2598 1937 1226 4338 1553 666 3496 2164 4966 123 2187 1024 3555 1128 4519 4499 924 1762 2667 4827 2857 333 3415 2476 1889 674 2232 4898 119 1359 3720 2560 2112 1549 893 4776 3575 1532 1172 3725 479 4764 3446 935 3387 642 1580 1995 924 3821 1144 720 673 310 723 882 4179 2723
595 4958 1315 1604 3755 1241 700 1552 2674 1743 2510 2917 4745 1457 2906 3876 1533 3553 4876 3898 2232 2344 4764 732 2603 2017 3969 2226 1142 2123 648 4816 3855 1573 4627 58 4857 1762 3518 940 1923 3509 2425 4462 2190 4053 4246 4518 4149 913 2151 2157 1147 2271 4108 1801 4258 1413 891 4146 3372 3648 916 768 1876 2914 3005 156 1033 3622 1253 1040 3257 2435 3334 989 3622 864 3170 994 4280 4981 2161 577 2360 375 265 638 40 3577 1201 3230 4262 200 2536 1215 4556 4140 799 926 1906 2521 50 4465 636 2771 1225 4662 3598 3160 4114 2431 1389 3650 1056 721 30 174 3636 3484 3184 1612 3482 2216 1301 1482 4049 2344 2705 3314 2256 4802 3233 2382 1113 3318 4574 668 1081 646 992 2223 4961 4594 3432 916 2298 4779 223 4728 517 3327 1110 482 2372 2443 1465 14 1263 1920 314 1986 594 4994 2078 3236 4078 4791 3326 2049 4448 2388 4025 631 3787 4590 1553 1554 742 4206 1155 333 1886 513 2759 1946 4992 3625 4251 1352 2363 4089 860 1902 4395 412 3394 91 385 2348
4415 1531 3684 4809 2453 2716 1603 4040 340 4651 2954 1833 3296 963 3876 2030 4982 387 599 3850 1471 2002 810 77 562 686 2621 2877 4543 3632 2912 824 3741 3045 4269 3907 1199 4457 2178 2664 2177 4756 2820 3570 1184 4355 182 1024 4743 959 3834 4848 177 4439 795 4240 132 1441 202 2778 2856 4417 3476 3570 2122 2084 2739 4678 2106 114 3043 2653 27 4085 3011 4878 4908 4063 3925 2133 3551 1276 2438 4654 1377 3075 328 1095 3415 2604 773 1259 3240 3888 1397 1798 3648 2962 3077 2891 2722 1123 3833 2444 3294 1002 2216 3326 1770 3987 4211 2120 2607 715 456 3225 1028 2312 1201 3437 2919 4266 4836 1913 829 4220 1453 1158 4831 3162 503 4698 2505 3484 825 1782 461 209 1377 2606 3658 4984 3092 2623 1699 1451 3152 3420 2054 3163 4357 3065 914 2874 1264 4598 1025 3865 3345 3380 3081 1812 2563 669 507 1398 4796 1396 1345 4025 4717 2017 2006 4618 4853 1880 4970 1418 3811 344 3897 594 1922 3560 164 4024 3369 3497 1075 3021 1408 1990 840 1462 1218 189 1160 430 26 3244
3426 4625 1003 4131 452 4657 4490 587 1032 678 2448 2639 3197 4999 1533 4982 4255 3144 4414 25 4028 1510 4402 269 445 2430 1786 1714 3286 767 39 762 17 3972 1803 3329 3772 1961 3335 4821 3064 3292 492 4371 2851 4522 4207 2873 3422 4381 4436 990 2242 639 873 2226 2146 4128 2169 594 2377 2170 4035 4936 1397 990 828 4000 1949 984 2986 60 4316 1565 712 918 4853 3948 4782 2156 2768 1224 2221 4948 452 4753 4897 4020 2554 2487 4968 374 4280 2290 1770 3649 4451 792 4386 4733 2949 3356 3085 2517 2016 2284 2480 4517 935 4343 3300 4705 4482 4568 468 4117 1316 1750 3031 1580 593 3697 2910 3547 2652 4575 4993 59 2075 821 2826 4210 4002 1020 3996 1054 1060 1267 404 2279 2699 58 1271 1886 3142 1969 44 2312 2863 854 2632 609 4899 4209 875 1738 3641 673 2432 1363 4265 4497 2355 2583 4342 3064 3974 2130 417 1139 4291 914 3158 3759 3476 3335 4986 3729 4369 3347 1374 2986 3797 372 3739 2688 2236 2123 2890 1561 3582 4728 156 1864 2875 1452 4741 942 4602 4299
4393 725 1961 3237 2344 4159 4745 2815 2492 1839 1439 308 4423 3939 3553 387 3144 4131 315 3087 4856 455 1698 2418 3710 2883 4249 4162 2862 2129 3449 3530 1837 4606 4957 596 2124 993 918 4096 513 1772 1349 486 3946 4702 4866 3374 3543 3126 2158 1065 2337 2277 1995 1992 3316 2860 1276 2945 4125 2021 4618 747 2115 3652 446 3064 2406 3541 4536 4523 2735 58 3037 4877 2457 3838 433 4182 594 2466 1211 3828 3085 1145 4386 1481 233 3467 3134 4656 266 270 503 172 2958 4754 1546 3577 3292 47 3093 3739 927 4992 4999 3729 4746 2950 3183 1546 3681 1764 4870 1650 4393 942 1186 1085 439 1354 1484 2262 4184 1945 2742 3342 1346 2188 2109 863 2854 1666 2722 2949 905 872 648 3515 2842 4136 4784 3639 206 3406 3143 4349 4671 1428 3637 2431 4849 3962 3565 2605 1795 1051 714 222 4194 3427 2370 261 4842 1244 4610 2509 2087 3420 4566 4984 2430 4701 4224 3992 4360 2418 1326 1279 1390 4799 2253 2464 4708 3573 4543 2814 4639 3258 4903 533 1226 4612 3024 4696 677 454 2452 3674
2776 2298 4098 145 3618 2580 1392 1808 3527 4623 2329 143 3790 3334 4876 599 4414 315 1275 4056 4294 108 140 2787 4666 4063 701 3645 305 433 1260 4211 3553 3402 2796 2499 3646 2951 4615 2174 1104 273 4670 2775 2046 956 2926 2426 2463 11 2592 4696 3418 3480 3367 3937 2572 1414 955 2976 3552 4119 872 4869 1248 3354 2051 1747 72 1035 4091 2601 4874 4474 485 4578 3126 589 3197 1807 2495 1620 817 1945 2965 589 1193 3243 2955 371 3396 3555 95 3626 2150 4107 763 542 980 1959 836 4770 4851 2601 2956 1476 3606 1766 2364 1614 3308 3243 2514 1732 1190 695 4368 1454 4637 4138 1657 2208 1210 217 1515 4217 2118 1062 1121 442 4847 1756 1006 4191 3512 4449 2382 366 2345 3889 3520 2739 3348 251 2001 751 4955 4683 2022 2290 539 3902 2692 2774 3408 2897 69 2879 4843 2242 730 3203 3178 4552 586 2226 3461 2230 2577 3723 2854 4708 91 1613 4293 1095 2163 3629 997 2241 4467 428 370 2838 4746 2999 3931 187 1503 4626 1404 3748 2974 3114 4478 760 4004 1343 3232 2330
3697 2872 2710 1490 1362 194 1910 2589 2934 1789 4953 2239 4613 1308 3898 3850 25 3087 4056 4904 4922 719 600 322 2607 1189 3042 126 3933 4314 1335 700 4657 160 1061 518 2399 2972 970 747 1244 4570 4192 2601 4334 883 2782 2175 1797 3992 4079 3385 4700 4756 2964 2454 4626 2999 2453 2556 2922 3294 3139 1881 237 1660 739 255 2459 426 456 1978 2192 4929 2321 1569 1383 1028 2286 2029 3415 379 2669 3348 4973 3193 694 4289 1149 1755 1760 4593 3973 3992 1866 3881 2060 2526 4927 176 1456 2916 1183 3624 813 561 1667 140 4983 466 1119 2124 382 167 2114 4473 3455 2657 3432 4475 400 4082 920 1404 3286 952 1804 3639 420 755 4564 46 2590 3272 3255 4246 4860 2633 3225 4580 1068 1815 3652 1499 1182 3865 3442 3235 195 1102 4219 3877 535 3358 178 246 2346 3559 3891 81 292 238 653 2532 692 1134 1274 768 988 403 1848 2924 3256 1551 2927 282 4526 4335 2886 1618 773 2464 1763 2238 905 3214 865 2720 3442 4330 1269 4079 3229 248 4528 4943 618 3972 1670 2949
82 2540 3032 710 4544 4674 4525 2004 655 1390 3726 3869 3131 3253 2232 1471 4028 4856 4294 4922 4326 2786 1593 748 2843 3531 1527 3031 1068 1920 3384 2411 137 1102 4300 3259 4729 331 1221 3257 2207 4543 238 515 2705 3910 1883 947 297 989 4322 2988 475 1965 2066 2419 4456 4029 4465 4687 2838 572 2310 4653 2196 4767 4047 4835 541 1802 1402 172 436 4285 3053 4934 4984 3276 3721 2991 991 3632 3810 4887 122 2195 3573 405 1775 727 1891 1711 1178 405 879 3334 2819 2155 547 1633 30 3264 2771 272 189 1714 4760 1746 4142 1956 4107 3928 1619 3563 800 4106 3738 4419 2389 705 3661 4711 2012 3355 3140 2802 1872 1160 803 4108 435 656 631 4808 4560 1790 1261 4576 2865 3737 3378 145 3500 3596 3944 4932 3875 3158 2452 2774 3505 761 4172 1762 2035 2452 3115 2117 2166 3931 1396 3596 3337 2875 730 734 769 3709 4372 2718 3434 3920 4883 4803 4468 4655 4761 685 4360 69 2554 758 188 3717 3816 2773 3935 2000 3465 2858 24 2139 4962 1089 863 155 1240 2572 3868 507
2521 1723 538 513 2773 965 2897 604 4660 416 1494 3908 516 2016 2344 2002 1510 455 108 719 2786 25 4854 40 4238 3593 2865 4291 117 4899 3381 854 3980 3359 2455 2588 964 4891 4972 3644 137 1771 4915 4410 3738 587 4823 672 3877 1921 4825 3631 340 3955 4228 3553 2112 2614 4768 3105 3125 523 1077 1135 332 143 3879 3421 1949 4079 867 4622 237 3248 2034 2530 3939 1497 1741 4087 779 4334 155 4186 2612 2731 670 3110 429 3958 3639 3346 3163 4247 2409 2139 1236 3302 222 1622 2108 3486 1140 2739 2766 1948 4128 3623 3666 4041 3530 1918 1874 3354 1134 2676 4785 3886 2978 890 3625 898 2081 4399 3848 1406 4103 4507 2195 2100 4682 4056 1575 2904 3262 2187 4697 3711 1070 2861 4864 583 3653 4535 3999 2847 4132 4316 4924 1060 2902 3084 1202 3189 2689 3889 2551 835 1753 82 952 3681 3062 3380 1083 4891 1590 1233 4469 2552 3563 2288 2427 3431 3295 4244 1641 2750 2573 2349 3433 4621 453 4447 128 4533 3325 3139 1037 900 4132 4486 1947 4781 2427 3482 3926 4069 4880 373
3158 2170 3318 1976 885 3979 2631 3182 2748 1672 4126 4699 4853 1789 4764 810 4402 1698 140 600 1593 4854 1959 4397 62 3278 1855 1526 2093 3571 733 3843 4798 4318 4479 3038 1536 3315 1808 4131 1483 2360 4630 415 4698 1231 3299 4157 3728 1015 64 286 4900 1497 2457 755 1813 1911 2412 4868 913 1279 3612 2596 2795 2816 492 3403 4272 1460 2640 2405 4200 4407 1826 995 1437 75 550 3792 3452 788 174 66 3957 2471 4817 2907 366 424 4516 4760 1263 3321 2048 1785 3163 2906 1404 3045 3517 3162 1027 1510 2320 4641 528 1105 890 3538 1358 668 2565 1784 137 2925 2861 1684 4482 2023 1716 3997 3760 2477 1184 88 4051 121 2164 1868 2728 756 4282 868 1795 1231 2338 4861 179 2061 2071 4720 3952 1837 2513 2326 4034 4125 1533 2414 3251 2528 254 3935 2963 2501 2924 4067 245 1979 4387 3101 3072 3716 2145 1532 744 966 2180 1088 863 4211 4924 2184 2734 4992 3347 4957 3148 4397 3208 2194 4891 4036 1999 4372 3657 4922 4712 4816 2401 300 1398 4020 1053 3681 4226 591 1271 4729
320 3293 1421 941 3761 1734 2995 805 3287 2764 4069 943 4791 2886 732 77 269 2418 2787 322 748 40 4397 2581 1760 1478 4554 4276 4800 2946 926 2279 3441 3125 1985 2566 910 3834 1686 2987 643 3403 467 3620 2972 2718 2909 2967 4807 3808 4620 2160 1912 2364 2271 516 2498 3279 1848 1173 1264 1870 4530 1275 1354 541 4512 425 2144 3756 2107 2576 200 1682 2566 4608 2592 4052 1567 4419 1291 1429 2675 3075 1648 1083 4792 2551 4390 2554 2490 2433 1581 3417 1531 4457 1150 3455 4690 1589 4386 2586 2553 2339 2388 4326 3312 2834 4864 2009 2513 75 4552 4948 3000 1879 1188 2845 3224 3994 3276 3284 3510 3328 2090 651 1167 204 3210 3173 1575 4815 1468 3138 4836 4490 1342 2307 1880 2047 4947 3759 2320 2216 423 3347 676 2392 1330 3652 4226 4421 3160 4893 4784 3217 870 1298 605 1272 2522 2211 2015 3532 1162 2044 3472 3973 1758 4119 4197 1099 2704 3210 2940 1093 360 581 4178 2588 4511 951 747 1227 1325 1716 1399 2354 3111 3494 4210 804 4439 685 3557 963 2209 1840 4360 1294
1831 2475 2512 4148 4860 1987 1096 648 3542 4461 1809 2652 2119 3837 2603 562 445 3710 4666 2607 2843 4238 62 1760 2792 420 4754 752 1443 462 2679 606 2173 4552 3942 1630 1263 826 2249 1208 1769 2121 2991 2906 930 2742 4687 3497 3310 296 992 1033 1880 720 4141 4308 108 637 2698 4299 1242 3008 3353 2797 1408 2766 1335 359 1078 711 4909 2783 3510 1894 2076 1063 1016 616 829 1524 306 3985 2336 2018 1920 1423 3791 4532 3505 3205 1866 2658 2316 1954 4898 1066 4916 3056 4286 2629 3622 3696 3826 362 522 4048 1220 1696 3684 82 3793 4914 4664 2775 3677 4473 396 297 850 2530 3708 4290 1663 677 4475 241 4691 1334 3283 3572 1464 4956 495 3512 2062 3638 1564 802 1771 237 1822 2101 1655 2255 472 958 2187 302 2056 1994 3336 4535 1792 4362 435 2506 2031 2760 1365 3648 854 719 4401 4370 3759 2526 1720 584 3125 1126 4799 3423 4459 3827 2518 654 1558 4694 4919 481 1566 1148 693 2477 2356 3249 2508 3629 2666 3373 2433 2736 1408 422 2674 1557 2805 356 2239 2345
3794 4826 3068 4838 2555 2346 163 4961 587 2499 2629 1026 1431 1530 2017 686 2430 2883 4063 1189 3531 3593 3278 1478 420 4886 3159 4183 4635 1687 102 304 1660 1495 3404 1621 4167 2526 1117 1698 44 2152 1320 3995 3342 2447 1326 309 747 954 2561 4264 3062 2737 2122 2246 3674 4423 492 2774 21 1761 1713 703 4295 4829 3948 474 2365 4355 431 4211 618 495 2874 2069 285 1711 3853 2394 2125 4598 617 3320 3844 2298 1838 1408 1032 1965 56 2760 2937 1294 953 748 330 378 3912 1440 425 3606 3879 3684 322 3267 4183 3135 4824 2897 898 3022 33 3169 761 2114 3740 3576 310 2114 3070 3391 561 2458 2674 2831 1938 4248 1890 1564 2178 2333 3339 2975 4944 2212 3267 1316 1849 2217 4945 2111 2022 2552 3413 1761 3025 765 2848 1230 4778 892 3535 1188 2353 3417 4506 4205 4602 650 4814 3533 1670 2848 3018 3214 2806 3455 2416 1439 2390 2995 4754 4120 828 494 2755 3713 2823 900 705 1864 1255 795 1166 3376 4695 1515 3309 4150 1283 4654 3400 3627 212 1876 3653 4574 990 3091
3813 2675 1899 2296 1545 3620 3267 4196 1082 1221 3279 2371 938 3173 3969 2621 1786 4249 701 3042 1527 2865 1855 4554 4754 3159 4756 3297 1791 889 2352 2283 2310 534 3423 3657 3609 2738 478 3285 1390 413 42 149 3382 2902 3283 4725 689 2381 4286 4755 1397 1062 1229 3386 3502 4998 2957 4318 1962 736 589 456 4696 3588 3957 4434 940 448 3188 29 3488 47 557 556 66 247 1000 2623 619 3367 3152 1229 3957 1780 568 123 4936 1265 2794 2091 4877 3402 2788 2819 678 3763 3968 2681 3887 4690 367 3893 2171 3460 1488 4167 3646 4971 3194 3647 1855 803 4253 1370 3252 1380 3725 4321 1706 4550 641 1477 4041 4085 3682 1115 1768 4700 1661 2023 609 820 1097 4161 3619 4336 2550 1196 3829 2741 2167 4477 355 72 2406 2504 1886 71 2109 2067 400 1186 548 2821 3557 2789 1532 3184 415 4865 1911 4199 3668 1482 637 852 4958 1823 2189 2610 1174 1239 3486 3955 1642 66 4423 3120 3270 1537 3508 4978 1404 2744 3996 3623 1314 417 2847 1179 4610 1563 1924 4683 1958 4787 4871 4809
1550 2006 4882 2898 201 3677 331 3793 4459 1505 489 2128 4621 2024 2226 2877 1714 4162 3645 126 3031 4291 1526 4276 752 4183 3297 143 952 2917 2576 2888 1644 375 4362 4485 4935 326 811 4051 1916 4074 4084 3750 73 1976 4809 27 4638 589 1680 2786 4452 1445 574 64 3815 3438 2298 4926 1978 754 2746 3990 4944 2965 1489 1256 4193 4977 3491 828 615 4457 2026 3455 2417 4872 612 4116 1061 257 170 1476 1274 4793 4398 547 1511 1687 2401 3144 4973 2462 3373 550 4284 1018 3977 1055 2224 4768 4972 400 4897 4832 3659 4462 3753 3014 1508 4886 2587 507 2329 1448 2502 2536 3038 4688 4105 204 4591 1494 3037 3242 2139 501 3098 715 186 4317 876 1888 1135 4065 2700 903 1902 3558 833 1697 4466 1170 573 3562 3054 2285 799 4330 1040 2772 3229 3935 2156 3501 2204 2986 2068 2039 2758 2382 2966 2440 2233 2371 486 1467 1759 2956 746 2787 1898 4777 3781 1384 2389 4652 3698 2408 3454 740 2375 4007 1382 2859 1434 881 3119 451 2059 4796 2319 3536 4006 3943 2369 2406 2548 4254
1629 4485 2675 783 1038 1247 4056 666 1013 925 3852 1258 3876 3438 1142 4543 3286 2862 305 3933 1068 117 2093 4800 1443 4635 1791 952 3547 683 946 4607 1354 2715 2277 2650 659 4453 818 2609 1562 966 1548 675 1978 3723 650 3855 654 3708 3793 1879 4187 1998 1964 1716 4133 2325 4852 2954 375 2903 2021 3559 1947 2563 2512 4826 1515 3330 371 1307 4384 608 4343 2675 4752 3588 2736 4252 4092 364 3566 1488 1340 4067 2183 805 1125 1750 4859 1098 2484 2941 2589 953 3901 681 543 2878 24 318 2128 2844 4664 549 610 3676 897 1469 3314 2142 2930 629 2150 1551 2756 2142 772 2936 825 1377 2601 3562 1271 117 4960 147 2228 3165 4362 2479 2277 1769 3602 479 1686 3327 1321 2300 1844 2708 2688 2258 4302 1512 570 4287 2854 4498 911 715 3248 2654 4335 3174 1133 646 2520 1071 3971 1124 493 1974 3123 3978 771 2298 3617 161 228 2837 1441 1493 2570 3443 3794 3710 2699 422 2450 3831 2195 3306 676 836 3051 2459 1119 4426 184 753 4272 1759 4817 718 3962 2124 419 2811
3623 2100 3931 4700 1909 2740 1002 3223 1817 2735 3320 2321 4153 906 2123 3632 767 2129 433 4314 1920 4899 3571 2946 462 1687 889 2917 683 1082 91 3592 1198 1491 4435 191 3942 2597 1654 3601 1393 750 2077 4470 1657 3497 3770 2607 609 1665 4148 4162 4728 749 3541 1058 2548 2099 2147 4856 4671 4344 535 1789 4891 2580 1446 438 4717 4070 1664 3991 4302 3503 698 1454 1940 799 250 2174 2366 3975 721 2119 4187 4599 2919 202 3335 4546 1310 881 402 1072 4026 3006 3688 4246 4586 150 3148 1894 4916 870 2114 4431 4099 2896 3164 1943 535 3265 187 1828 836 4948 2913 81 2905 698 1477 2730 1204 806 777 4592 4997 317 3516 4847 2462 4459 2585 1306 2794 4892 1872 1129 4879 4237 918 1273 1032 2154 2464 1363 4894 3641 1503 4293 4861 2310 4310 796 2506 1128 2074 1823 3569 221 1378 721 3641 2301 4941 34 1706 3017 1587 3027 1136 667 2757 2464 1565 756 2324 1110 1131 2906 1133 672 657 444 4035 237 4999 4735 4298 4565 4490 279 422 4539 371 214 2400 585 256 3379
4099 1987 2363 2768 1804 4139 3650 919 3369 1185 2001 3251 3318 2163 648 2912 39 3449 1260 1335 3384 3381 733 926 2679 102 2352 2576 946 91 3026 2921 3032 2981 2773 3523 1860 2107 1725 1959 1350 2657 1531 3392 4094 3037 283 3357 4557 2231 805 327 1232 702 1051 3414 2514 805 4713 2005 1198 1581 4029 4318 2687 1290 1080 4179 4393 224 475 2347 1332 2739 313 1130 2571 2626 4213 676 2428 1427 1262 3925 4429 635 3071 4935 1793 4669 919 377 1390 4151 1701 4065 3004 3642 2611 4182 2571 1053 2905 1010 4122 19 3516 3288 2916 3098 766 721 1341 2080 110 4204 4655 2978 4848 3586 510 3985 3790 2160 3509 853 1403 3662 2867 1849 1870 740 3192 1365 2829 3366 3484 2167 447 3028 4437 614 4189 2415 4131 4419 4960 3680 4064 866 2863 1755 818 4524 2964 4617 4130 4338 929 3877 3671 2487 946 3603 2439 4235 726 3530 2488 1062 981 4259 4062 3662 82 2761 3253 1826 574 1746 366 4578 2879 3367 254 2753 1162 1921 2430 1327 4009 3659 1875 562 3388 96 4881 4093 1382 2075
2179 1487 4056 561 237 3636 3332 4909 3614 2110 3997 3770 2367 4284 4816 824 762 3530 4211 700 2411 854 3843 2279 606 304 2283 2888 4607 3592 2921 4580 1549 3938 3064 2413 2054 2715 860 3811 3173 3185 2240 1769 3102 4029 4647 1573 2102 2666 692 526 1032 2677 4929 1798 2762 2764 3970 2460 4334 3898 2129 615 4130 3497 4155 1119 2216 4650 2627 609 4615 1002 1688 2173 3921 2280 4594 3110 221 4095 3441 1052 386 2655 2128 2652 559 4290 4438 4081 1905 2619 4594 2344 3334 3227 4385 2932 3221 3938 2834 4642 4453 1419 801 2284 3487 992 376 2236 1217 4352 1381 94 2385 4434 78 3024 3689 2477 1920 374 2793 1551 391 4406 1852 1094 4959 2468 2229 2742 592 809 239 4169 4236 2253 3336 4603 907 3076 4806 1074 2896 4924 4059 730 1655 1744 1105 894 3960 4738 4299 1936 4100 2569 2329 4680 836 3300 4811 3544 221 1345 3023 431 652 811 2347 1145 665 2490 4112 4955 194 4526 3112 2596 2454 3226 4121 1532 3219 1921 636 3466 3155 2998 111 2720 424 4038 2879 2295 446 1738
4418 799 333 4660 704 4402 2460 4707 592 356 1671 502 1769 1599 3855 3741 17 1837 3553 4657 137 3980 4798 3441 2173 1660 2310 1644 1354 1198 3032 1549 3218 1641 3533 1706 2496 2035 653 2990 2796 2082 3646 3480 2942 2260 4692 4311 1859 3332 172 4463 1602 3759 3557 1084 1847 3857 1005 1612 2978 2824 2133 888 1450 3078 2910 3592 2036 531 2429 4644 927 2842 1583 3289 1538 455 539 2044 1572 4028 425 2148 284 3480 3260 3350 4863 3565 4398 1249 3962 1252 1528 3863 3093 1596 1138 2707 678 1707 426 2677 3987 4006 2841 856 275 1613 4382 723 804 1963 3157 2778 920 3977 506 654 4899 2275 321 3630 1450 4357 616 1571 4872 2283 3234 265 1117 3288 4404 3020 355 2339 2571 3585 3625 3780 4695 4070 1646 4245 4228 2410 3043 122 2239 3460 1224 4347 1224 2557 908 4550 1586 965 3876 4583 589 3523 1717 1538 2509 1755 4677 2270 3351 856 4017 2756 3492 4152 501 1011 687 2802 1737 2813 4238 1351 4394 4091 1848 2931 563 4331 429 4750 1875 265 3770 3770 4278 86 3561 1150
4104 3797 1732 196 2637 830 4679 4734 1317 1966 2949 1459 3605 1039 1573 3045 3972 4606 3402 160 1102 3359 4318 3125 4552 1495 534 375 2715 1491 2981 3938 1641 2414 4397 2420 4742 4201 4345 3365 3361 3454 2107 3646 4290 1102 1771 4710 1077 4794 2999 3863 3563 905 3459 1985 4127 3160 3486 3041 3716 3076 261 3412 4885 3889 1101 3040 1405 1512 4359 4355 3157 1135 2465 3876 2262 3675 4838 3606 409 1885 1096 3285 3995 1163 4728 3293 4451 3670 4741 678 4692 2219 1664 1994 241 3494 4069 2427 2820 1196 2590 2180 1436 4790 3066 4284 1919 4396 593 2408 925 1523 2042 530 4209 1433 1336 1056 439 1336 4770 1279 2642 3123 4623 2067 1864 751 4484 869 3746 1404 2243 3470 2594 3366 966 4480 4247 2686 985 4246 249 1881 184 1703 4043 4653 2806 1888 2790 4343 4502 3333 2474 2207 2329 1587 1526 499 1110 3900 1933 2689 1766 1329 2764 4209 2511 2970 4501 2121 4367 2386 1219 3138 3609 328 2903 2726 1408 4381 4322 2935 2331 4178 2937 4910 1430 949 3364 2029 4517 1437 497 3764 4650 3521
1712 4148 4351 1040 3278 2310 4043 369 911 468 3965 3644 4180 2886 4627 4269 1803 4957 2796 1061 4300 2455 4479 1985 3942 3404 3423 4362 2277 4435 2773 3064 3533 4397 3267 1779 2818 2255 2105 165 1257 3206 2505 322 838 3164 4847 478 174 2560 926 2114 4043 213 3576 731 3385 3335 3369 3837 2988 2313 3719 721 3194 2074 3487 75 252 4815 4625 366 1980 4331 3244 4324 970 4402 2170 3361 2372 3334 10 3207 3372 3591 3827 625 2995 2396 4849 3455 2070 4533 3169 4539 1167 1506 138 2326 278 1899 3875 4113 3454 4077 4244 4839 4821 4324 1543 2049 567 4946 3696 1118 1061 284 1993 3447 4414 1411 4971 105 1817 4536 4058 1557 2824 115 3292 3226 806 388 3082 1300 3626 1181 3478 2443 2493 227 4954 2658 1730 434 2068 181 2447 363 1994 550 3693 1224 2997 1331 1904 4938 2898 2854 857 962 4550 1826 578 4790 4561 133 3559 4033 2608 805 1081 4195 315 4186 3249 2268 3466 1166 4241 1547 654 4169 4648 2537 349 1654 2899 1626 73 734 805 3606 2324 4047 93 4160 2849 4035
578 602 103 270 3706 743 4048 290 3112 394 898 2192 433 2662 58 3907 3329 596 2499 518 3259 2588 3038 2566 1630 1621 3657 4485 2650 191 3523 2413 1706 2420 1779 4906 3726 3039 693 2672 2048 3990 3193 2771 2534 3968 1652 458 64 2507 1838 2885 4815 2328 1936 2360 2831 2515 1544 3248 3276 4509 1036 2090 715 3540 4678 4577 3989 4426 287 61 356 3600 2233 1282 2619 988 4392 17 2142 2340 135 4926 4716 3665 167 3713 1856 1483 2370 56 1828 519 2398 4845 3907 1511 2331 1482 1154 2886 2547 3272 4030 942 4889 1414 1491 4678 1543 4268 1559 4937 2876 2967 4270 3231 2179 3389 3587 2837 1823 2609 2840 3900 2437 1408 1922 4619 3371 3044 3011 263 2930 804 2081 1840 4650 4862 3392 1616 1124 164 1915 3685 2770 2122 3143 1423 3612 1766 4728 1846 2323 2047 220 2240 207 4866 123 914 3595 2972 2169 4464 2916 2274 995 1366 1467 2264 2692 2272 2191 4761 1792 538 1170 1251 1050 257 1402 2508 1499 3145 445 4820 565 3823 447 4499 3212 1673 61 286 2154 161 2147 1436
3961 3043 4077 255 3422 3231 3886 2561 978 3722 4777 428 2032 614 4857 1199 3772 2124 3646 2399 4729 964 1536 910 1263 4167 3609 4935 659 3942 1860 2054 2496 4742 2818 3726 1746 1511 2970 2973 1712 4584 3540 539 1372 4574 4018 1268 4314 1542 4104 4444 3478 4619 1850 3709 3330 2566 818 1294 1135 1910 4167 2006 789 4810 307 2304 4870 4794 2542 272 3430 450 151 2095 4756 4926 4126 1986 1148 699 172 594 1168 3270 4177 3297 2444 4286 1539 446 4904 1504 3097 4368 776 979 4674 1683 2392 3986 1959 2363 4413 259 3103 134 577 3869 427 2386 4589 1109 2285 2894 3528 2291 1921 563 3998 2244 1968 3659 1963 1939 2110 192 1747 945 3953 1786 1149 457 4232 3011 3608 4173 2662 1474 1805 3417 2218 4785 4427 2718 4303 4440 1643 3053 2001 2208 3901 4700 4734 2753 239 2092 2408 4521 3102 2336 4934 3199 4334 2984 3331 4084 4777 3367 4135 313 205 3278 3373 4199 4067 4570 3143 208 4952 3350 1653 1118 3377 1691 312 3091 2021 2864 3538 4103 4715 4291 2980 2383 3216 3497 3669 3302
3909 3608 2017 4454 3985 3122 2245 737 4884 767 4755 4064 212 1720 1762 4457 1961 993 2951 2972 331 4891 3315 3834 826 2526 2738 326 4453 2597 2107 2715 2035 4201 2255 3039 1511 1210 2779 914 4040 2116 82 2400 423 3338 3637 92 2957 1363 4051 1158 4611 2060 3448 1815 63 2908 1908 1541 3351 4380 497 1312 2956 2501 588 3638 891 369 3633 1180 3200 4310 2170 4123 921 3875 395 768 1094 159 2180 257 2541 1378 2208 463 3318 4057 303 3851 4827 4357 940 2232 603 3330 4763 787 2011 2572 4791 2121 328 1875 1854 2730 4666 3281 4589 109 2003 348 391 1123 523 4798 1827 733 2068 3424 4107 760 2392 4321 4872 3875 2500 427 3184 2238 1067 837 795 4602 1007 1411 603 2815 3956 1195 594 2420 4837 302 1163 2798 4926 2389 4795 2201 890 895 4216 3492 1935 2677 1656 3383 3915 543 3696 1714 1623 2049 3062 842 647 2095 3102 2294 4342 2127 1274 4799 1139 4492 2026 108 693 2167 3529 646 2365 2702 741 4452 975 4742 3316 3274 2214 1478 2886 4220 891 1083 3430 2279
3033 572 441 3818 633 1622 2114 564 100 4284 3769 897 4056 1071 3518 2178 3335 918 4615 970 1221 4972 1808 1686 2249 1117 478 811 818 1654 1725 860 653 4345 2105 693 2970 2779 1771 4330 4644 1382 2247 3475 1065 2594 3926 4712 1208 568 341 4239 3363 2062 1831 1833 816 926 2404 3173 1144 2704 1568 4561 2786 981 4969 4287 4710 1496 3630 1475 2875 4480 1861 3531 350 557 4075 3674 610 3805 3127 3889 634 2792 1130 3998 2745 1525 4923 10 975 2695 3167 4998 4732 3529 343 161 2417 3728 3379 464 79 2137 1063 2451 3265 3238 1111 4440 2901 997 468 3847 4193 3371 1120 340 3176 3410 2147 170 1639 3339 86 2690 3909 4309 1403 4470 3685 2224 4136 3927 4794 3302 885 3001 2183 4949 2759 156 3553 3550 565 2599 853 1468 4717 1907 4216 4602 1993 140 2595 2350 2610 1496 3341 1754 190 224 3902 4046 3200 4928 3759 1988 751 3658 3847 4175 4895 682 4208 3282 3372 1881 4069 2125 3127 2776 2870 3453 3682 2443 3594 3576 3149 1824 1411 2763 837 378 4512 3489 1370 297
3249 4005 996 611 688 3161 356 2164 4741 1316 1850 4017 448 219 940 2664 4821 4096 2174 747 3257 3644 4131 2987 1208 1698 3285 4051 2609 3601 1959 3811 2990 3365 165 2672 2973 914 4330 80 3999 2175 1301 3970 4986 927 241 4415 4574 3349 871 3996 739 2585 3908 3441 1780 4114 4050 4188 3820 4193 3961 3836 2069 3203 2085 2398 91 1060 4893 3765 3778 1921 4756 2572 853 3607 1744 1072 4308 3788 4014 2361 3532 1294 3948 738 4789 2611 2202 3135 833 4663 3096 3456 3508 4137 1842 2954 3406 960 3824 3992 2617 2092 3936 1814 340 4948 1205 4752 2179 1183 4044 4306 4617 139 3485 3775 3976 4789 4566 2092 472 4196 507 3295 4361 1920 2215 718 2849 2959 2578 1350 4285 3002 3024 2314 2327 3354 3790 4729 4395 159 4296 4457 1829 1905 2580 1681 944 1145 914 3356 4742 4425 1997 2310 3950 2516 3045 3156 740 2879 1490 203 909 165 4790 654 4735 3538 2399 4472 1435 1988 3091 4917 2961 1293 1013 1196 1609 4206 2120 2600 2099 4426 544 2917 772 2353 4029 3176 3943 3021 3847 1170
