N: 200
M: 90
Symmetric: true
Triangle: false
6 148 19 102 20 53 174
3 63 71 146
5 172 32 165 49 70
3 104 113 76
3 143 87 45
4 153 149 191 21
4 122 57 46 8
3 111 124 1
2 78 183
1 101
2 125 95
3 200 182 29
3 82 54 42
3 33 164 115
2 189 108
1 136
1 155
2 30 12
3 169 105 158
4 26 17 39 114
2 37 47
1 5
1 193
2 112 80
1 131
5 199 81 64 126 52
2 178 159
3 7 170 107
2 67 48
3 117 28 62
2 194 156
1 185
3 43 147 68
2 36 177
4 137 106 154 79
3 44 94 3
1 31
3 188 162 103
2 14 173
1 61
1 4
2 34 187
4 88 27 92 145
2 118 9
1 134
3 128 163 142
2 56 40
1 197
2 184 59
1 175
1 151
3 73 166 133
1 127
3 91 198 15
1 75
3 100 90 66
1 152
2 24 77
3 168 176 132
2 160 58
3 60 50 116
3 150 13 98
1 123
4 18 179 10 129
1 35
3 161 55 180
2 84 186
2 121 23
2 51 181
1 96
1 38
3 192 2 65
2 171 195
1 109
1 139
2 41 83
2 86 144
1 25
2 138 97
1 157
1 16
2 93 69
1 130
2 99 119
3 74 6 120
2 85 196
3 141 140 190
2 89 22
2 72 167
3 11 110 135
4938 139 3707 3817 2595 3336 4191 50 1869 427 480 3989 1701 263 641 424 221 1234 227 2728 4651 40 4422 4059 4446 92 566 4597 4335 4956 2251 1450 3965 2055 2574 3415 1945 1167 4218 3526 2156 3442 3944 1071 1400 2828 4806 3638 795 1359 2773 126 2606 3276 3907 2103 2378 1166 1440 3415 1713 1192 1339 3683 1203 3984 1961 3952 1346 2353 2732 3587 3235 2371 673 4290 2548 4092 3090 2045 1760 3909 646 4697 3196 969 356 854 2667 2906 802 1500 3385 4069 4067 1605 3075 3648 4577 517 2714 3513 2614 1863 1487 395 1249 1834 4230 530 2833 4924 1194 1314 996 4311 3606 584 2713 1420 4953 1565 4723 3931 1641 2313 3198 1723 4351 2963 2937 192 1788 4497 4973 2311 4368 4863 253 2436 489 4437 2513 4944 3250 3277 4721 601 3124 2217 4481 3854 863 413 2816 3644 3920 408 2967 2203 354 4272 851 909 3484 3564 492 3232 1809 2487 2217 1478 2266 2812 4440 4776 3733 1136 3603 3740 2998 3533 404 2107 948 2988 99 4024 4472 4507 916 1754 4591 1646 2553 1077 2146 1989 4988 2276
139 4500 3931 3136 1240 3174 779 2658 732 1385 4030 1610 1575 3179 1863 2265 4237 4386 2991 3818 1034 797 3529 2762 3496 2567 239 3695 1138 1523 2442 473 3317 965 1073 2122 317 3272 1336 744 4609 1577 4471 1306 2236 1356 3275 255 470 515 2529 99 2309 3765 1133 2419 2900 3971 1573 2346 2377 3194 1678 942 2509 3716 737 638 4439 1687 2376 362 1448 4201 4626 4494 3515 1905 237 3317 4786 2255 1280 1635 2721 753 4265 1494 1716 2491 1499 4267 3153 928 3701 140 3027 2043 4615 1817 3000 4771 4802 4902 3173 322 4386 584 4227 477 1495 2008 4571 4473 3832 1095 2308 410 32 2510 3747 4263 3951 489 2863 1560 379 797 3945 3475 3584 2453 109 2069 1105 3076 4242 2524 3931 326 1343 2262 2488 3773 2493 4189 1502 3822 4394 4429 80 3469 309 2464 1639 4974 2311 3881 1163 3721 1548 3054 1177 1621 4853 1175 2853 1788 4816 482 2961 1494 1009 2674 1253 3130 4009 56 2715 2917 4873 2364 11 1006 1003 1000 3503 4637 870 1850 2299 4004 4126 4091 1372 1329 2385 3116 1759 1275
3707 3931 4019 2985 3237 1867 2498 2237 2092 1213 3247 4948 3838 1014 4260 4760 3165 548 4351 2918 3602 4727 2821 728 739 434 20 3278 1624 254 2872 3105 4486 1319 1865 3526 4312 4116 3738 536 2472 4435 3361 4569 4420 2634 4057 1489 4304 2931 4346 2547 3810 2911 3079 2336 3539 696 260 2887 3506 4100 428 4138 3183 2263 1400 2035 1211 1290 4914 3330 1107 1381 1037 443 3494 4332 1422 793 4339 3955 1115 2607 1305 3679 3201 3767 3063 2428 2425 4085 496 2546 2183 2680 435 2362 284 1802 1164 2734 2834 999 4436 4500 3890 3573 2889 1266 4151 2098 2925 2105 3344 2438 2359 326 4346 1777 2068 2579 2130 4512 3063 2078 1865 3100 1178 2494 415 746 2823 2536 341 3829 252 2639 870 686 2422 3161 3403 208 4310 4680 3845 2607 4503 1972 1653 3074 4409 76 4644 1569 1315 2598 4248 1256 1375 1620 1110 1500 4930 981 2903 442 3594 1823 2505 1825 4962 3383 194 4301 4130 4376 1474 647 1442 3418 2337 250 1799 70 4129 3101 1688 3825 4501 1125 4985 1429 4232 288 3222 2376 1587 1370
3817 3136 2985 2308 714 2817 785 1867 3885 841 339 4171 3137 1324 3435 2679 4613 4995 3269 2775 3030 4116 3700 4375 691 1077 4010 3826 3172 3781 662 2035 3494 3590 4756 169 911 4615 1787 1773 416 3786 3737 201 1924 2192 2345 1150 274 3210 4616 299 1352 3811 2576 1855 877 359 1317 1087 303 2541 4999 4334 1433 4575 3106 2928 4664 1356 3558 3332 3699 1822 1042 2728 2005 4902 2442 760 4446 4830 3060 2268 2829 194 3329 2427 1885 134 3174 563 3098 3711 2037 844 659 2511 888 2443 2241 4136 4187 2819 3059 3347 4655 1036 1626 4801 3177 4597 2038 3995 4701 2084 2838 2596 1426 4786 1075 402 4773 537 3514 4018 3969 4806 4882 1365 3266 1606 193 4139 2000 4885 4978 3301 509 3325 3090 330 3372 3838 3631 3139 3212 4503 4006 1600 4120 4850 2121 1756 1312 1352 3160 531 2153 1620 1018 2230 1341 3382 4585 3432 3015 4162 4156 2685 2149 922 1122 3843 506 3510 2091 4220 4678 594 2037 1250 1423 3100 4582 1934 3927 2497 1737 3126 951 3196 4602 3234 4739 2360 2750 3712 1068 4501
2595 1240 3237 714 310 4690 49 4740 4542 3567 3612 775 867 4899 2577 4535 455 1403 1767 3633 719 1284 213 1681 2796 2469 1586 869 3684 3278 4449 4709 4551 3794 401 3530 2241 697 3470 3612 3742 452 408 4025 4726 104 1360 2963 1063 4330 659 2966 3842 2405 1490 4921 3918 901 2819 1591 2397 1329 2899 2357 2217 2151 3615 2437 3288 2471 717 1152 2016 1654 3974 1229 1653 2848 4121 2797 3825 2775 806 4332 386 2493 2930 544 3747 4049 4272 3756 4770 227 78 753 3896 4196 1163 1010 3727 2069 458 3152 32 3370 4158 4719 3047 3320 3967 2358 638 1762 1782 1729 4067 4574 1795 28 4914 3965 4037 4339 4592 4883 144 4294 1142 29 2081 3199 4722 1000 3906 819 3574 3456 371 2539 3270 2318 1031 2247 1671 406 3082 1177 4824 990 1064 175 4748 2065 538 3173 1249 1506 1317 4724 222 1399 2596 4639 3715 3025 2910 4405 4114 1933 3139 2299 197 2871 888 1344 273 1594 1594 3364 2275 2532 1618 3877 2288 1848 4371 3273 1412 3389 1680 1254 1194 2159 802 3856 850 2785 3523 4429
3336 3174 1867 2817 4690 49 4800 1010 2278 4081 2128 4691 3648 2082 2220 4606 4262 3862 3618 2628 4931 2138 658 3093 4244 3802 2364 2515 2465 4544 4514 2613 383 2623 202 2486 2028 3039 311 149 4512 1407 4438 2188 4668 1985 2447 1555 3649 3271 706 349 4109 3344 201 1173 2125 588 1534 1455 1716 4434 97 1302 4861 286 4305 1495 3410 2797 4369 813 3340 2826 2393 1206 2808 1095 2214 3698 2132 3539 1352 315 3504 1222 4871 1799 2725 4915 384 1269 3916 1482 481 2855 2866 2736 432 2742 4488 4826 849 4522 4657 2597 153 902 559 4005 2850 1164 2218 343 1610 4137 3701 1910 1504 3876 4896 1889 2915 2450 2093 3405 3784 2197 4540 596 1833 490 4527 2061 4753 1290 3471 389 4528 2393 3854 255 85 4132 4583 4528 334 1502 4747 4840 102 2949 2242 1499 4349 2553 1056 3030 2652 349 1445 1708 2907 196 2398 2497 4662 3802 3394 1644 4428 3145 4471 4242 1568 1400 1204 1983 1564 2688 4307 12 2520 3080 791 855 1373 3750 656 2730 309 4900 2913 1761 3405 1246 1924 3055 1514 3962
4191 779 2498 785 49 4800 2808 2777 2944 424 2755 4991 4032 2118 4624 1483 879 2223 854 2171 3363 3911 670 1883 267 127 4679 549 3638 180 1967 2190 193 2835 3750 3659 2857 1242 4597 2683 4024 1351 3528 4394 4001 1311 3585 3775 239 4352 2651 4642 3254 3373 2010 2387 1458 4925 1669 2727 3913 3743 3286 3364 4286 965 4765 3023 840 3177 2321 2439 4935 3757 2666 370 3995 3628 4882 3963 4008 2376 4583 4671 1526 645 4076 4059 1701 1306 3308 2342 2961 2511 2156 4511 4929 2944 3073 2873 504 484 2322 214 2663 3626 3326 1687 986 4345 3820 3725 4627 3106 1669 1458 3096 3145 2086 3598 3964 2949 4283 194 941 383 4682 3325 1511 3836 1211 1036 1287 4841 3723 4296 248 1723 2532 1462 1813 965 4195 4639 3721 2762 632 3701 883 1168 3983 1297 1213 1289 174 1795 3846 116 2594 478 970 4030 2231 2866 4699 717 144 3835 3779 4163 1775 521 3286 552 3239 1517 4501 349 1130 171 2611 3536 4629 3957 48 735 752 4361 4696 3692 782 4689 4996 1736 3475 1900 2447 3131 4277 737
50 2658 2237 1867 4740 1010 2777 1403 1493 300 1735 4219 1751 3672 2367 3490 2949 2103 468 2442 1897 1020 2383 2037 4542 2694 1974 383 3110 2637 3970 4419 390 1546 171 4773 2837 149 4639 4017 2936 3153 39 4058 3799 3504 4029 937 4517 884 3969 3211 4932 4768 3998 4255 4865 158 3357 4100 1537 4264 38 2896 3151 4570 1404 2465 953 1281 114 4212 2340 122 3453 2002 2550 20 1475 4150 1589 1850 1386 1431 3085 2650 4153 2428 4028 3424 2882 527 2537 4261 3550 2388 1137 1312 2991 3172 4770 220 4046 146 357 1608 4645 967 4147 942 3905 2249 1646 4293 1926 4479 2241 893 3368 4966 3828 2751 2787 4732 3498 761 215 3969 1386 3595 2713 2187 2036 57 4506 1334 3596 3813 2292 4300 799 1194 61 1122 1862 3610 1616 4971 4839 1331 1348 4918 4174 2764 993 690 4251 528 2709 2654 4195 272 4522 1596 1272 1062 4229 4268 2328 2242 2317 4427 1170 3521 4681 1161 2697 4352 2565 3249 506 1661 3927 424 2501 2185 1529 936 882 4162 4398 2598 3579 265 790 1519 3597 1803 229 4114
1869 732 2092 3885 4542 2278 2944 1493 3395 2323 921 3580 481 4786 1236 4448 2787 849 2051 952 627 3555 2333 3316 3380 3000 1107 686 485 1669 434 3858 4095 87 1700 2778 1472 2556 2154 2599 465 1070 813 3740 4536 1729 3404 807 2287 1895 2678 3541 2543 469 3220 4086 3903 698 155 3740 2891 2187 4895 1953 2175 2483 2607 2212 3344 3902 3765 1857 1357 1599 4581 663 1003 3530 2099 1355 4711 397 561 1922 288 3212 3837 3334 47 4512 1347 876 232 3564 3857 2775 1031 4323 1658 4659 2457 3204 2010 43 1443 119 1289 3446 4726 2121 3060 995 4522 897 683 810 2943 4234 4686 4412 1735 798 2428 4597 3235 4759 649 3059 1983 1608 3586 2656 3426 3728 4400 1343 4123 307 3296 306 1269 2288 2695 4467 1612 3385 1686 52 4837 3868 686 2000 3213 1640 2223 261 1325 2734 2030 4089 510 4556 2841 1632 4074 4527 4937 3184 1707 1755 986 792 1585 4532 2753 3166 3049 751 4666 1525 2228 42 4994 4510 4578 2918 522 4140 3619 1896 4041 3391 431 2498 1695 3245 4590 2354 3919 4059
427 1385 1213 841 3567 4081 424 300 2323 4127 414 2489 1567 3958 3692 1753 861 4968 200 3210 4253 2590 543 445 404 333 3097 2972 3306 2550 981 3874 3144 4387 885 4162 3985 3230 4620 1196 2374 117 2043 1680 4352 3029 4994 2241 1007 4096 2573 3236 2121 4251 4881 4168 591 3708 3063 3306 132 1790 4412 1774 781 1902 4821 450 1386 1355 1357 556 666 4165 4341 883 1528 4902 1964 4861 2331 3759 2934 2130 1645 3095 2074 179 135 3271 3721 1780 2791 2005 2354 2324 2156 4516 1330 1581 841 1201 4416 3443 2683 4052 1187 4007 3674 4310 440 1765 4512 1938 1370 126 2044 3351 3943 3082 1802 3116 1216 4953 12 1474 3203 1499 289 4397 1185 1654 4997 1032 209 304 2716 2003 4532 2137 4128 331 4390 4041 2036 4998 1049 4570 131 850 4879 3313 463 889 3562 3369 378 4607 2788 3943 328 1994 3033 1629 4896 2817 4756 848 3662 2532 4812 4532 1503 1861 4041 665 1051 3323 1875 1760 3108 1638 4221 1808 3227 3778 1899 2192 4660 4171 3799 630 1987 4083 1071 3629 1267 2279 2252 1323
480 4030 3247 339 3612 2128 2755 1735 921 414 94 2224 1086 399 2266 3131 1748 3221 279 1174 4546 1340 1531 1904 2934 3559 2050 2644 941 3349 3914 3610 3979 1551 3256 3112 2332 343 851 1847 3016 4112 4576 1403 3237 4872 2478 2805 2389 1173 2300 250 4240 2131 3212 4111 3702 534 3922 1201 993 4706 2064 241 4906 804 2770 2070 2895 1540 3849 3958 3935 2037 2848 1702 1185 112 2092 3495 4544 1848 1238 4187 3848 2779 4774 2742 3556 2062 1201 3581 3773 1400 10 2243 157 3260 3182 4577 3272 4847 2967 2419 193 2470 1743 1755 3574 153 2060 629 2047 4210 273 2578 4951 4723 77 948 1711 3595 123 4240 532 301 98 3942 3596 4457 4873 1958 4239 1522 2167 836 857 1158 264 2845 197 1378 392 4655 204 4787 754 1643 3798 4096 1123 2197 4468 3676 98 217 4287 4984 3919 2559 3097 4007 1818 4785 2072 2569 1352 677 911 1945 1962 4167 506 4839 4272 375 809 540 3503 777 1195 3860 3708 3267 2038 4996 883 611 117 2577 2402 3131 1353 932 3701 2337 1859 2854 1467 2134
3989 1610 4948 4171 775 4691 4991 4219 3580 2489 2224 1647 3057 1187 3309 4039 4032 1443 1075 1110 2834 68 1506 3445 3869 1060 3448 3508 2142 1801 105 3676 554 3635 4069 219 956 4061 2049 888 355 4526 117 1110 1931 1931 4585 1624 1865 131 4680 2862 866 2878 1278 4890 2032 474 2207 433 1010 4844 2142 3584 860 38 4902 4201 4578 489 746 2560 4450 2326 1578 728 2991 1520 681 3611 3020 230 1905 1577 2512 4660 2911 4388 2800 3398 303 988 1352 650 3391 686 3041 2559 3351 826 937 2393 4986 878 655 3376 2622 2775 1542 810 4342 213 3104 1003 2824 728 4313 1236 3476 3140 2359 1793 1586 1599 3879 4349 2724 3198 1470 566 4826 1356 2765 3343 2372 548 3914 4454 4556 4170 419 3657 1228 715 3763 2479 1024 797 326 2967 2477 1095 2747 581 3341 3483 1249 1427 2170 4348 1397 4080 4972 801 1327 1382 4687 714 3643 4907 3140 4467 620 311 4327 4113 2186 4993 2119 1818 2919 1708 3264 4086 3995 3106 2036 57 4365 1565 4418 3401 352 67 697 3607 1062 2721 4585 2433
1701 1575 3838 3137 867 3648 4032 1751 481 1567 1086 3057 4382 3291 3249 4622 4976 2720 4549 1380 927 3607 419 3406 4158 2650 1726 579 937 2563 1857 1811 1792 365 3600 2007 1270 4301 1412 1702 3934 1938 3482 2804 4117 3634 2583 1716 4927 4198 4857 1344 4243 1267 3163 183 1471 2447 495 3437 1763 3523 3050 739 3505 4648 1211 579 1901 2776 4044 4137 2490 3250 2649 572 4817 4611 644 3686 1127 1772 758 4530 4653 432 3354 340 4208 4240 598 4432 1259 2896 675 1664 3895 634 3998 202 729 4535 1809 4731 1439 3739 3802 625 3089 4034 4890 4340 3861 3003 3436 3482 2288 3842 4249 1348 668 3667 1301 1389 319 3279 1914 4345 1631 1033 324 281 2665 2830 2343 4834 2569 989 2942 3603 1153 3591 3589 802 4870 1001 2096 3580 2385 1698 49 4695 1222 4295 2293 4162 1866 1160 499 1264 2024 1442 3744 3106 539 3629 126 2948 818 2954 3297 1101 4351 4024 773 424 1455 203 2970 2146 4069 3776 4102 4433 4407 3284 3075 3910 4031 422 502 2740 1374 1505 2827 3700 2795 1281 1261 2918
263 3179 1014 1324 4899 2082 2118 3672 4786 3958 399 1187 3291 4665 4302 1173 1273 63 4574 3937 1329 4147 614 2091 89 1454 2024 2680 461 2221 4157 4550 3738 3590 2387 1841 2964 4659 938 3181 3161 3153 1498 1021 4617 1609 1942 2581 1904 4173 3439 3216 4983 2871 1910 3225 1229 1786 567 33 818 3608 957 200 2247 2246 4823 3067 1782 2705 4346 4949 2869 188 2267 3525 1315 547 2206 3470 164 4938 3880 4634 961 4553 3240 2826 4290 3685 3654 478 3659 267 1946 3133 130 1319 684 2966 2447 833 1434 1524 1991 2851 376 167 1712 484 3228 4449 773 1825 1631 925 4170 255 1066 1239 180 2695 4502 2596 2818 207 2244 588 3695 3534 2698 195 3434 1943 1066 4573 972 1222 1089 3643 100 4834 1551 4253 4615 3316 586 2671 3095 2032 2239 143 3352 4531 827 1182 261 3898 3950 4576 3834 2635 4702 4052 3899 2327 4623 3744 1200 2307 1584 3464 3541 1926 1615 4080 4247 4986 1437 144 2720 4279 1084 1909 1577 3124 2247 2784 2552 1166 1532 364 1859 4583 1106 1678 3748 4303 110 4215
641 1863 4260 3435 2577 2220 4624 2367 1236 3692 2266 3309 3249 4302 4713 1899 140 924 3269 426 1166 3122 1411 1165 3814 4035 2474 3417 4459 1077 4317 1567 1966 2351 2543 1276 1104 1282 3783 2976 849 3352 1249 2893 2461 265 2120 4073 2484 3374 3664 1719 4610 451 1045 3894 4923 139 1704 4962 2630 4624 1454 2698 3141 4518 4447 2919 2552 3599 1431 2727 964 3148 462 4510 4768 1975 3340 2435 464 4076 2056 4148 3495 3817 1672 2325 294 483 81 3488 2927 1352 4533 3265 3389 2158 2290 1612 4478 1150 4266 1175 4131 742 985 2457 4309 996 2153 4727 3817 4135 3949 3292 1218 697 4766 2623 4719 2619 4256 1306 1457 239 3310 1998 4098 4031 4466 729 633 1338 3003 3314 3501 718 2338 1674 3938 2594 33 1869 2759 2212 3574 4817 65 1418 4714 1465 1636 2860 3927 1674 1465 983 3093 3149 2692 2971 1035 3809 3152 2326 4899 78 2164 4020 2124 3631 658 616 409 1897 2496 1292 4887 4103 2900 4431 2120 4233 458 2477 4042 4702 3586 497 1424 1614 2773 1864 416 2563 2802 2089 3495 4355
424 2265 4760 2679 4535 4606 1483 3490 4448 1753 3131 4039 4622 1173 1899 2289 870 4218 1281 17 392 3956 2076 1601 1839 3879 2116 2746 1192 3986 60 906 66 534 3523 3633 3810 3059 4749 1338 369 4161 3485 110 3362 4256 646 1378 3910 3683 3945 2193 3806 1070 2200 1986 2748 472 4407 4633 1917 2974 1337 2850 4867 2725 2223 4357 3049 490 2280 4473 3628 81 2671 3215 4046 2619 4181 1320 4832 2087 1549 4350 2015 1241 3435 3968 3038 4244 2285 3303 3084 2725 3013 3721 2495 4051 4560 1577 713 1810 4110 2628 1134 3258 3592 3710 137 2853 72 514 2771 1111 4528 4828 1940 1847 3356 1932 1054 1449 1396 2417 299 1648 2207 795 937 2271 1232 3089 1314 1440 842 2572 1283 1270 982 2189 3548 2058 1567 3617 2760 42 2734 3884 3727 393 612 2201 4950 1533 798 367 1732 698 1247 3738 1140 1104 2258 4304 4663 4544 1143 2554 473 4570 559 1136 4782 4148 4357 1485 3553 1362 2301 2656 371 680 1843 3420 1586 4185 3026 932 4757 4182 4161 4059 1074 1917 1345 1628 310 2778 4168 4758
221 4237 3165 4613 455 4262 879 2949 2787 861 1748 4032 4976 1273 140 870 3551 4808 4652 37 608 3829 1177 3345 4720 4949 2152 663 4681 1806 711 3675 2149 766 2544 84 3725 4548 4213 3279 1694 4552 2003 3931 1973 4551 1963 3162 1822 582 2736 2052 149 1121 964 2352 4726 1871 3251 3794 4603 563 2623 4891 187 3231 3898 816 4567 1847 2850 3969 1239 3935 2136 2549 4031 2134 3808 3356 51 1710 4197 2202 431 4040 4028 4064 4698 2344 1695 2331 1946 2413 4969 4301 178 2240 2275 783 4253 2293 3559 775 3435 58 1502 3270 4284 4531 1920 4940 3935 3531 2435 2258 417 4885 3368 214 1978 4724 4604 604 4714 872 1801 3280 3659 747 4476 3169 4158 4983 485 4031 429 4719 916 4092 1540 2622 3221 4192 4638 1320 4589 1953 1541 2959 1194 1356 501 3460 111 3393 4699 923 2789 1278 619 3248 599 2392 843 2884 380 426 3782 2704 181 3154 2056 929 2013 1088 1239 275 63 2666 4349 1247 1153 542 717 1742 2574 2775 1558 796 2222 3059 3704 2495 703 138 1878 2923 276 684
1234 4386 548 4995 1403 3862 2223 2103 849 4968 3221 1443 2720 63 924 4218 4808 131 3989 1180 2769 1873 207 2142 4401 3353 234 3075 4076 3322 387 4563 1716 149 980 2697 3199 1893 1419 1801 3753 1644 402 430 674 4871 2625 483 3721 4961 3348 454 3192 3505 3532 845 2586 1386 2314 978 767 4180 646 2039 4694 2495 4996 4773 2595 4081 3635 430 2123 3312 1513 4563 2350 1470 4964 3543 1198 1632 3253 4768 106 3777 2586 4342 3966 2390 305 397 4231 3924 4575 310 3580 4952 2885 4708 1652 1417 4571 3455 3588 4316 2266 1166 3081 4418 2597 2318 1479 3067 3182 4711 407 4840 1204 4725 2247 829 476 4566 200 2222 2095 259 2634 481 1702 2853 254 1350 897 4533 208 2527 3449 2235 3740 4768 1253 2884 1946 912 3875 2389 1890 909 4021 1500 1239 726 2311 3098 443 645 1541 3804 443 395 3782 3651 2273 3319 3002 4571 1641 313 4532 1667 1889 1882 457 2355 1822 4737 4110 1792 3368 467 3224 1335 3724 511 2867 2263 2066 3806 4211 4278 3586 3331 200 4189 445 3829 3764 4627
227 2991 4351 3269 1767 3618 854 468 2051 200 279 1075 4549 4574 3269 1281 4652 3989 2973 3121 3443 4267 1900 27 4301 2815 3513 246 4158 574 3463 2412 1203 4542 989 767 4924 302 296 4335 76 4660 115 3599 3740 4530 4715 858 2537 2491 2208 2807 1808 2983 1854 4784 2559 4814 3067 1851 1367 4249 4649 3386 2364 3445 3591 1864 821 3209 582 3994 472 4207 1571 3479 4264 2340 3587 2478 3412 1989 4793 2759 3444 2500 308 2128 651 4258 3980 2281 1502 4888 2117 4196 1314 3506 2129 2895 2125 536 3133 3370 1767 4328 2869 705 4056 2409 40 4535 3925 4019 1924 3175 3389 1025 1814 2801 4595 4012 3442 4760 703 2003 1443 4300 943 2939 4510 2203 465 456 3073 821 3845 296 4850 3991 975 2447 627 1689 26 3875 2315 4941 4998 2517 2152 795 2890 2030 4065 210 100 3203 305 299 1393 916 695 1474 2764 3008 1426 1163 2343 2802 2523 302 2772 4500 616 1179 1769 2340 4812 643 2975 119 3195 4087 4741 4133 4299 1808 100 51 261 4465 4459 2817 1172 4655 3434 4916 2522 1555
2728 3818 2918 2775 3633 2628 2171 2442 952 3210 1174 1110 1380 3937 426 17 37 1180 3121 310 1666 1473 4642 3674 715 1689 1079 4167 1707 1118 3858 1129 1551 2787 2620 4254 498 3382 186 2775 4575 3461 261 311 3086 2825 3458 91 854 4074 2769 2572 3636 2359 772 199 3906 4093 1159 1227 4481 1742 2464 940 4209 1127 2859 2561 2860 1490 4182 2271 639 807 3060 4615 541 4819 590 946 769 1740 4782 2336 4707 48 4203 282 2979 4150 1031 3590 3555 167 2134 907 2253 4334 3492 656 1625 3229 3419 2008 1104 2271 61 3753 2204 4904 881 860 4997 1549 3811 4097 184 4089 4164 1026 991 2028 4090 4990 935 1467 3912 4726 4681 3045 132 1042 3062 455 2646 1473 4880 3940 2501 24 628 44 2156 126 3945 2038 4242 3202 3653 3931 1785 1036 2244 516 910 157 2962 1033 2460 2611 929 1657 4491 640 2305 3070 4666 1615 1461 793 2399 2485 3093 359 4117 4664 306 2724 1825 1536 4148 2823 2557 3363 624 463 4690 4568 4404 2661 3602 1996 3910 1471 3444 2201 2494 1234 3137 3109
4651 1034 3602 3030 719 4931 3363 1897 627 4253 4546 2834 927 1329 1166 392 608 2769 3443 1666 995 3543 1901 3420 23 1392 702 1103 3442 655 1766 578 3329 4865 3969 2219 843 4075 365 4059 552 2807 2072 180 345 1082 1418 1163 4358 1526 1244 4709 415 4518 4636 896 3584 1073 3326 464 3825 215 3278 130 902 1378 3459 1795 3036 2427 3636 4232 2643 2771 4705 1519 759 3402 3434 1035 2531 3559 3336 4217 2003 1613 2024 1945 3503 4149 2723 4539 4495 4674 4559 1010 2514 3124 2434 4117 3604 1801 4060 3154 4596 204 4926 680 356 4869 2839 3261 4649 1914 468 1507 4113 3034 1036 1183 725 136 3484 1906 3092 1647 1421 4198 2537 1414 3674 1905 4633 1459 1497 273 1125 284 3040 2674 3754 823 3837 4458 697 4143 374 4996 4640 2328 389 4390 1772 1386 4471 2733 2119 698 668 4982 1200 4269 3495 3613 123 964 2815 2405 4033 2864 3084 3708 837 3678 3978 730 3965 4742 1237 470 859 1152 4475 360 1132 4019 1433 2086 3946 3928 1225 729 342 72 2885 4101 61 4270 891 3475
40 797 4727 4116 1284 2138 3911 1020 3555 2590 1340 68 3607 4147 3122 3956 3829 1873 4267 1473 3543 71 3237 1747 2950 1324 764 2193 2793 4990 1699 1428 4184 2203 4983 2584 995 2288 3159 1602 4584 4387 4504 1999 3790 2816 2766 2983 4427 2451 4245 3547 3761 792 4942 3397 2649 124 1826 4145 3461 937 4025 669 1754 620 3737 346 3302 156 256 3912 3690 789 4267 986 1539 747 3663 2815 1981 1069 460 4023 132 4961 4886 790 1185 4186 1203 2291 2716 4400 4240 1252 4496 1974 2717 909 3980 943 1850 4539 4446 206 4233 2991 4635 2984 1829 3433 1290 2617 3905 3740 4327 734 262 4213 407 2395 3837 2000 2119 4167 3206 76 4246 1832 2631 2616 2895 1001 2660 3855 1968 231 2996 3451 1168 3549 3990 1104 2840 2684 3329 435 4431 1482 272 2900 4664 1388 3064 2353 2627 4342 2007 3778 1970 4783 4606 656 3205 1860 4641 3740 326 3249 4021 2811 3917 2267 4099 4160 315 2584 1751 2667 4266 4048 4981 4337 4767 3991 250 2850 915 1607 453 3961 2074 4117 2385 4381 911 873 3212 4444
4422 3529 2821 3700 213 658 670 2383 2333 543 1531 1506 419 614 1411 2076 1177 207 1900 4642 1901 3237 1690 1571 2165 3674 4943 2787 2003 3339 2681 3035 2612 3290 4894 2845 984 2467 4219 4836 3490 1622 2326 3552 3458 2246 3250 1600 4850 3600 4398 1402 3223 4540 374 2324 1053 3037 3842 3633 2655 939 4541 3798 62 607 2684 202 2135 906 3513 3557 1190 1049 1265 2829 1727 2049 1440 267 4403 1807 404 2835 3142 2798 620 2375 427 2363 415 441 2347 186 2694 2923 2945 4298 1728 2471 3194 3449 3390 316 1984 878 2718 3598 2403 3735 821 4913 1102 3625 4034 1656 1943 2734 1507 4897 3268 965 3372 416 3622 2630 3854 1185 4692 640 4478 4663 3720 4554 890 3848 1736 4915 2620 1440 3308 2804 3538 3446 3840 3029 4800 528 4725 4217 1028 3024 2544 1787 1828 1387 762 2834 3207 3099 1819 1155 29 1489 146 3014 382 4696 3113 2541 449 4569 1403 4372 3690 3351 1057 2079 3895 4346 2632 4260 1211 3245 4794 1282 169 4468 3577 1879 3183 3249 2937 3827 2309 2441 538 2837 3556 4474
4059 2762 728 4375 1681 3093 1883 2037 3316 445 1904 3445 3406 2091 1165 1601 3345 2142 27 3674 3420 1747 1571 1331 1269 1351 4706 3723 2898 1957 3700 1851 4702 2099 2943 1418 1048 4665 1637 1603 2310 4992 4927 1585 872 368 3246 484 1417 2933 3227 4624 412 2599 729 857 175 3763 3316 797 791 560 3228 13 3807 4744 2968 1931 4091 2571 1033 3610 1105 3504 462 2657 653 3055 4714 1777 1651 3826 3194 3451 3845 1463 971 1248 3104 3681 2401 869 4516 2554 4711 2116 1302 2146 4623 924 1063 2334 2982 579 3654 666 1032 4441 4998 4786 625 2457 2540 2574 425 4864 3220 2520 283 4651 1986 3057 4104 2532 4582 4372 4297 1759 2873 4948 3238 220 1067 4883 3398 3727 3097 3129 4191 2971 1697 2770 2127 63 516 667 282 3413 4908 862 1240 1145 4131 1548 3263 4095 4936 3337 4363 4578 3096 3294 670 4220 1951 958 4489 4643 4900 1434 962 4925 3395 3639 3227 1456 2139 695 68 2062 3245 120 1995 240 1522 760 622 4865 1722 4070 4407 3752 1025 4222 4952 4868 4824 1640 2254 2530
4446 3496 739 691 2796 4244 267 4542 3380 404 2934 3869 4158 89 3814 1839 4720 4401 4301 715 23 2950 2165 1269 1027 1698 1968 2473 3578 3396 3583 2786 1871 69 670 181 2318 2360 743 4049 599 3186 4589 402 2646 3907 3343 1286 1225 658 3915 3746 3945 3966 261 2082 4201 811 4139 2158 4377 3161 4321 3477 4050 3221 4484 3727 3614 1047 896 3405 2055 2689 2246 4191 645 2815 4575 2502 2225 569 2025 3812 3722 1882 4573 195 272 4451 3750 443 4256 3993 3404 1938 2079 1393 3393 1538 2943 4491 1324 3061 1774 3534 1226 1417 270 2831 2630 3738 1002 3087 4435 1039 3597 4858 1132 156 314 2815 547 2744 2032 3073 2205 4825 3251 2182 3785 2670 2944 3681 1364 85 3726 4046 828 1299 320 1445 4833 1121 3599 762 1595 3581 4250 4545 1956 1073 338 4050 1328 4650 2367 3641 4477 737 881 4634 1961 2039 495 934 1766 1213 3780 2840 4583 1745 2935 534 2367 133 73 2957 1040 409 4605 3134 1716 4964 3081 4441 3947 1000 1482 3718 2240 3522 245 3324 754 4276 2265 3129 4026 353
92 2567 434 1077 2469 3802 127 2694 3000 333 3559 1060 2650 1454 4035 3879 4949 3353 2815 1689 1392 1324 3674 1351 1698 4681 1251 3808 4855 3588 450 4505 1486 4900 2540 234 4868 1285 2321 4445 1208 2669 4703 2658 2248 3699 876 1898 4962 4571 1454 4437 2483 4364 4481 1790 4374 260 3301 1365 4755 1886 4245 4094 4499 2297 4240 3494 4382 735 4605 2330 2325 4183 2074 1356 3331 1835 2469 3873 4964 1916 2544 2854 3094 3107 1103 4242 4226 4590 19 4244 1521 1505 4568 1656 4892 4924 931 2397 49 1130 3591 1697 2927 3578 671 3989 2234 3234 4533 3796 2732 1803 2435 986 3030 1378 4654 2985 1783 3057 4913 4938 3655 2533 3653 3634 2859 3866 769 509 1585 4668 1302 607 2582 3807 2642 1708 3890 1934 54 4783 1819 3692 4316 4375 4175 1306 3783 1366 3569 722 4389 2206 2687 4015 779 4319 2712 2920 1257 3088 4965 2759 3951 2447 1701 1382 2568 539 3593 4068 4614 1288 4165 825 3232 3024 375 2464 1862 664 3123 1906 3706 1417 1197 2956 2554 3427 1062 4612 2786 4396 285 1791 4276 4073
566 239 20 4010 1586 2364 4679 1974 1107 3097 2050 3448 1726 2024 2474 2116 2152 234 3513 1079 702 764 4943 4706 1968 1251 4299 4986 3506 1984 2109 200 2915 4621 1118 709 1284 4547 3887 1939 2670 2644 3124 2801 104 1804 1607 4678 4903 4772 2719 3917 950 2718 2661 3569 3440 942 3475 2505 157 4481 2422 2974 1383 302 3038 1134 1272 603 2154 2606 4047 300 2083 4972 1506 3622 276 4856 4613 3459 714 585 2694 4144 1588 1683 3726 4789 3497 3316 3890 4487 3006 996 4777 3858 3498 727 381 1533 202 1479 2329 4960 3965 2895 3679 2296 2898 1100 2875 120 1060 2733 2064 4289 4448 522 3544 4808 1536 3648 331 3312 4844 1814 394 615 4735 1800 1423 4115 3752 2202 3330 2074 3004 829 1700 3302 1645 1548 99 3320 2410 35 2555 846 4036 2877 2622 4042 3306 3692 4205 4028 1830 2156 523 3831 4697 4598 2137 4681 759 3576 4671 4823 1861 1451 3344 2500 4201 2648 1469 2880 4055 1368 870 1847 3621 2757 2438 345 328 3592 1793 1881 1541 303 1964 3308 4615 1965 1289 2517 1267 4652
4597 3695 3278 3826 869 2515 549 383 686 2972 2644 3508 579 2680 3417 2746 663 3075 246 4167 1103 2193 2787 3723 2473 3808 4986 697 2615 259 1483 2693 1340 1055 4080 837 3217 933 4637 4686 1978 3276 3270 1482 4672 3271 4256 3246 4615 3116 4242 557 4732 4950 1055 3668 3048 88 3417 1574 4074 4861 4088 1008 4193 2990 3510 3591 4476 4645 4819 3287 2076 1073 3259 1011 1032 2849 1353 4079 2259 208 3129 3652 1294 710 2964 493 4534 1423 3908 3963 1368 4602 4214 389 1418 2898 397 4881 2523 3916 2649 2428 3931 4657 1374 3058 1230 3260 1893 4226 737 1115 1904 1794 4476 3651 1144 1600 247 122 4933 2181 2804 2119 3668 4640 1249 2918 2025 4567 1645 302 1044 3072 866 2440 3699 1310 3848 958 1625 2873 4653 4679 3374 3538 3185 2977 4925 510 4291 3862 2303 3088 4274 4081 3859 3131 2076 4635 3733 4519 4273 2060 1220 4432 4291 1269 754 4155 3042 1764 4731 1481 1206 1933 2226 4473 4642 2758 159 2179 2674 4526 3301 193 50 954 4847 1468 4890 2867 3664 411 534 532 2766 1884
4335 1138 1624 3172 3684 2465 3638 3110 485 3306 941 2142 937 461 4459 1192 4681 4076 4158 1707 3442 2793 2003 2898 3578 4855 3506 2615 955 1681 3850 4608 3072 3238 4802 4568 3287 4502 1812 2051 4031 168 2377 1961 1203 3770 3291 2382 1329 1831 4909 4550 3549 2394 1296 953 769 1346 481 1044 2509 2771 1812 3802 2716 11 1652 1565 474 78 1028 270 4500 3505 625 1165 4538 2733 1994 1943 3022 2282 1945 2451 3051 384 1663 4968 332 2079 2958 4187 3735 2894 1409 3200 4801 64 2403 2899 273 4093 4721 1447 575 939 1654 3291 2019 910 3247 3455 546 3929 1343 2993 469 514 4913 3002 927 2301 3341 3059 1819 1425 298 1597 3132 1466 203 3891 4862 4753 1957 4352 4681 3225 2156 4454 1063 2077 4440 4012 593 436 4870 427 500 2865 4925 998 1030 2987 2755 711 88 4795 1397 4270 1854 178 3088 1560 4479 1748 2502 1548 4553 4699 2272 4142 227 547 3336 2138 214 657 1584 857 4445 711 877 1691 2884 3543 179 1922 1175 885 1943 556 4309 3237 1539 3594 4615 1091 4401 1953
4956 1523 254 3781 3278 4544 180 2637 1669 2550 3349 1801 2563 2221 1077 3986 1806 3322 574 1118 655 4990 3339 1957 3396 3588 1984 259 1681 1264 3194 3808 2003 3071 2218 4798 3146 3310 1540 514 1989 2572 2028 3995 3558 688 198 175 3254 164 3348 821 1013 152 2783 315 4397 764 3258 742 4514 4495 957 4168 883 3673 769 4547 2150 4910 1765 2336 4008 4407 4456 3298 857 3664 4483 3950 4163 4430 4004 4137 4415 2465 2758 4576 594 2195 4456 3223 3776 3994 3749 1310 2933 445 44 2588 1892 4233 3741 1214 312 2844 4142 1882 3714 4858 2153 3901 3050 3148 3834 4979 4825 4506 2513 3743 4451 464 4963 1588 3667 122 3144 2511 1390 4090 2514 1147 1114 601 3884 2304 2988 2268 783 1756 4938 3123 4771 1471 1867 1666 2315 4672 4326 3849 2214 681 4884 2446 3627 2251 4868 3903 3583 1034 4411 286 1856 4705 1175 2868 2034 226 4260 1675 3074 2500 987 4175 3137 2979 4253 1671 4099 849 4051 4769 2134 2520 2883 3303 468 1970 4903 1441 2468 1771 2189 3560 2990 1542 1663 3610 915 211
2251 2442 2872 662 4449 4514 1967 3970 434 981 3914 105 1857 4157 4317 60 711 387 3463 3858 1766 1699 2681 3700 3583 450 2109 1483 3850 3194 4929 1028 706 3249 2509 3088 814 1021 1094 2326 111 520 3856 2971 4512 2474 581 4827 178 1668 202 1074 2279 1857 4023 1304 3420 3461 4041 712 1843 1307 1966 3964 114 3872 2281 2111 1479 735 3144 1654 4940 4547 652 1733 1554 4591 3360 2350 327 4773 4861 337 4170 1738 579 2230 132 1547 4678 2500 2482 2052 209 3338 1587 3102 4434 1710 2887 3222 3182 2407 4071 240 2591 4123 4115 2189 796 231 2008 1693 293 4898 765 4024 4774 3735 642 2080 4720 3268 1362 1542 4884 2527 3870 4311 253 1526 1061 1434 4146 3344 3865 1443 4097 1314 3753 1274 2280 1945 1137 3792 4278 4927 3667 805 1714 85 2458 3767 2256 3329 4467 2584 2674 2983 1318 1769 3104 2573 1721 3995 1935 3697 1024 719 4943 4965 4085 4063 4705 4553 1704 510 2589 4281 3000 2270 1129 1246 2432 3874 2131 3055 4573 581 4527 132 190 153 541 4092 2728 4407 2156 403
1450 473 3105 2035 4709 2613 2190 4419 3858 3874 3610 3676 1811 4550 1567 906 3675 4563 2412 1129 578 1428 3035 1851 2786 4505 200 2693 4608 3808 1028 3582 2963 2247 1321 1596 2403 1198 4656 3572 1275 3937 201 3342 2147 557 2570 3464 49 941 3363 455 822 3229 4078 3445 3803 906 416 1709 3054 141 968 1655 1000 4036 4357 3162 4127 2358 2937 2907 3148 1521 960 2643 1489 3792 344 1807 2224 1120 2741 3949 3767 2359 2890 1168 4350 4234 273 3602 2644 4604 3141 3866 3181 2099 601 4430 1338 3272 1999 2776 154 4273 3892 1986 4463 792 3851 3308 503 1725 3686 604 325 3205 139 90 2565 414 3309 1036 1926 666 3559 161 3250 3761 2506 1842 133 1690 1024 689 3145 2092 4621 765 414 4969 4416 403 3955 1578 1911 2346 3223 834 2689 3658 2894 4631 1759 2985 4049 2863 573 2938 4574 2516 3455 124 968 1822 896 3722 2840 103 2649 2756 4864 11 2623 3810 4172 565 485 1548 3806 1451 4399 125 1610 3303 4497 1060 1199 4375 3891 2893 2707 3482 606 4681 3291 3243 1665 2679
3965 3317 4486 3494 4551 383 193 390 4095 3144 3979 554 1792 3738 1966 66 2149 1716 1203 1551 3329 4184 2612 4702 1871 1486 2915 1340 3072 2003 706 2963 2701 273 1358 4409 4594 2270 2889 2385 4449 2317 1964 1004 4762 4927 271 4586 1369 1670 1583 3954 2994 1412 1178 2684 4221 3861 1425 1928 3303 254 2197 3881 1498 3688 1695 4331 1219 1946 2375 699 404 651 1886 480 2432 3501 3281 4147 692 1260 1403 1930 2150 4667 3254 693 3313 4864 769 259 4066 3932 2861 1318 4741 3060 1497 3788 1974 2493 2778 3710 3699 2055 3753 4887 2783 790 350 4213 4210 2509 3286 3237 1336 3405 1144 4795 3475 1940 4440 686 3777 154 2746 3069 4295 2161 3025 1015 1347 1178 2600 3566 1420 4055 4696 2367 1514 2407 1436 3922 3990 4589 2820 2313 2754 2969 2802 4501 2000 1619 2838 3306 879 1636 4855 238 3210 4166 1630 3091 3044 1070 2172 787 645 2229 3537 2505 2758 117 417 1472 1667 4878 1617 1544 4256 2623 1989 1467 1626 707 915 3700 1208 605 122 3146 1501 1161 727 1971 1790 3048 4198 4826
2055 965 1319 3590 3794 2623 2835 1546 87 4387 1551 3635 365 3590 2351 534 766 149 4542 2787 4865 2203 3290 2099 69 4900 4621 1055 3238 3071 3249 2247 273 3989 2218 4742 4121 4723 3836 942 2992 724 3867 3704 1814 2340 3939 4442 3148 1633 3751 3346 1396 1683 1561 1589 4700 2013 51 3776 2873 1660 915 2005 1638 223 1581 402 1685 1298 521 4743 3693 1975 2586 266 4092 3994 3634 2963 3855 1308 1856 3337 1638 1162 2155 4439 3686 4170 401 1794 43 4589 3164 2508 2149 2665 16 308 1083 1856 1636 2360 3029 166 365 588 2507 1083 1932 3088 2458 379 1550 1200 4059 3820 4408 3117 4359 2237 1289 237 4992 3361 4881 3060 709 1637 4874 3760 1793 1364 1245 1894 3566 2054 2738 3748 3827 2044 714 2672 315 3765 2847 2995 4548 1888 3579 2435 4873 623 1609 4440 3661 3446 4412 819 2112 322 2214 3655 4377 2910 2152 1391 2887 1780 4623 2312 4414 1999 592 770 799 949 3987 448 4625 4991 4396 3325 2218 2875 3569 1992 1771 4347 137 2248 1366 1339 209 112 3233 4594 1437 2869
2574 1073 1865 4756 401 202 3750 171 1700 885 3256 4069 3600 2387 2543 3523 2544 980 989 2620 3969 4983 4894 2943 670 2540 1118 4080 4802 2218 2509 1321 1358 2218 4948 1649 4171 3842 1774 297 459 189 2347 908 4037 2828 595 4017 4676 1648 3836 968 3457 4746 3298 4033 1344 2246 73 3766 4341 3580 4794 583 3929 2156 349 503 631 2870 4160 775 4971 4543 3105 389 4219 2957 4135 2553 4047 41 4369 3452 3310 119 3802 4070 3584 1230 4946 4450 4833 1193 2434 1513 732 4609 1040 237 3236 1603 3532 705 3902 3811 4506 120 458 2541 1753 4157 1191 4805 4929 1486 835 1878 2358 1384 3371 2019 3274 2426 2092 394 2619 4606 4725 4629 3160 4745 1363 4412 29 2814 1992 2551 2522 752 4309 2376 4359 4834 58 4298 2577 488 253 386 4809 1268 1230 2444 3826 3271 3538 121 1075 793 4029 2074 203 159 3669 170 2628 1295 4942 2643 870 2415 2746 2830 3020 3734 155 2578 2350 626 2115 3116 4267 771 2907 3938 34 1366 4500 1848 3316 3863 1291 2438 2986 2083 2964 3622 4486 897
3415 2122 3526 169 3530 2486 3659 4773 2778 4162 3112 219 2007 1841 1276 3633 84 2697 767 4254 2219 2584 2845 1418 181 234 709 837 4568 4798 3088 1596 4409 4742 1649 1454 2577 111 516 1305 2226 1314 894 375 976 3899 108 1163 326 1622 1593 4370 487 2258 2784 922 2717 94 135 3440 4956 2040 328 2178 2039 3846 3827 770 2467 528 3661 2143 2081 1333 3214 2533 1857 2817 2016 4181 2284 3693 455 2990 1784 2812 2240 3818 2677 4857 3211 3444 169 499 2795 2360 558 3484 2479 2087 14 662 4911 1780 3327 1154 385 1802 4101 3017 2643 1401 1908 3853 4400 3259 4158 447 3294 1237 1347 153 1259 2403 4316 1717 4178 2656 4041 4457 4034 1322 2471 634 3399 707 157 3238 3571 1687 3609 2958 4517 4579 2110 2543 3428 2103 3202 1785 3364 4823 1686 3383 4209 1716 2354 2603 3252 1411 2351 3322 623 3744 2118 179 2887 3570 1412 4706 3906 3653 3372 2538 3016 1293 3964 1685 151 1849 4970 2959 4061 3678 3964 2766 1803 481 1370 1387 556 1373 2216 2473 2634 2118 2798 3576 4027 3114
1945 317 4312 911 2241 2028 2857 2837 1472 3985 2332 956 1270 2964 1104 3810 3725 3199 4924 498 843 995 984 1048 2318 4868 1284 3217 3287 3146 814 2403 4594 4121 4171 2577 2467 1540 2320 4982 3040 3367 277 3246 2026 3595 1075 330 1384 955 781 2443 3068 3335 3064 3633 4863 4900 514 1594 3722 457 269 3554 4642 3344 1332 299 3346 2437 896 4549 1003 4412 3337 3249 2181 4999 2385 447 3940 4750 3150 342 3466 2982 2225 3302 496 2799 741 3719 327 3729 2158 1861 1061 2386 335 606 653 1665 955 3681 782 2000 3755 113 4642 2657 4454 979 4468 626 4218 303 3350 1714 661 3145 3137 3394 2431 1539 3562 254 306 3939 1661 1531 40 3485 2209 90 4117 97 3620 1692 315 3471 2519 3980 2085 4609 3484 3587 3386 2699 4108 4388 4357 2207 4795 206 1255 3886 1283 505 4421 4149 240 2357 4227 2765 3056 4892 3616 4365 671 3636 810 4590 2695 4221 4630 3383 1193 340 1856 296 235 1934 2994 1380 530 1406 872 736 3521 1116 716 3699 2792 1210 214 2835 853 2047 244 3166
1167 3272 4116 4615 697 3039 1242 149 2556 3230 343 4061 4301 4659 1282 3059 4548 1893 302 3382 4075 2288 2467 4665 2360 1285 4547 933 4502 3310 1021 1198 2270 4723 3842 111 1540 3492 1655 4837 3075 37 2996 4157 4381 3351 1138 2212 636 1160 508 3923 4296 3404 2095 42 121 2733 2855 2535 3097 2984 849 1918 2226 2277 4261 2153 3608 3070 3557 1062 3390 2005 67 3149 2174 733 808 3516 2975 1513 2174 2196 4700 773 4570 2913 778 4334 2748 427 2018 868 1466 2040 279 1633 891 4233 3129 2920 2102 4910 3661 261 3397 2399 2481 3883 2183 3150 316 3099 1855 2267 3237 1213 2380 3256 216 262 1069 690 4642 41 4188 443 1299 910 2616 490 382 1773 1431 722 4738 1512 3483 2296 4973 2366 1713 2106 3161 2811 4575 2127 2031 1150 2186 969 4237 758 729 2182 3049 57 449 593 3600 1874 2270 3617 3446 683 2429 628 4101 4456 2812 4335 152 1678 2685 3405 4262 1978 1784 4108 4285 790 4167 1076 2428 2444 4548 4820 2505 1804 220 4516 1767 4340 1444 3639 1893 2967 4003 4307
4218 1336 3738 1787 3470 311 4597 4639 2154 4620 851 2049 1412 938 3783 4749 4213 1419 296 186 365 3159 4219 1637 743 2321 3887 4637 1812 1540 1094 4656 2889 3836 1774 516 2320 1655 562 1696 3784 809 3704 3680 2676 4740 270 195 3472 1819 3211 2780 3642 340 3806 3882 2754 934 1521 1411 4676 860 3738 3857 712 1971 1705 3140 824 3849 3376 814 2551 147 2496 2390 3326 4207 2102 383 2603 2102 2661 1111 4350 775 388 4650 1180 608 1538 1781 680 1055 1951 4822 685 2637 1414 2257 3768 3313 688 3346 950 3089 309 1250 802 3100 3143 2362 1139 4462 4252 415 1110 3541 4133 3804 2233 616 4453 4307 2307 4916 3937 4772 553 2588 1535 1388 1032 511 3169 2183 4483 4919 4656 682 898 289 3467 870 4033 348 4416 35 4240 1443 3070 2595 755 4739 1211 4661 4787 13 3744 4961 512 2057 4007 798 1577 2402 420 1719 996 1586 2371 536 1836 308 3624 4022 3411 4770 2237 2285 2414 1160 149 2432 242 380 1413 3734 4353 4834 314 3141 3258 405 2838 903 1885 3016 1250 4578
3526 744 536 1773 3612 149 2683 4017 2599 1196 1847 888 1702 3181 2976 1338 3279 1801 4335 2775 4059 1602 4836 1603 4049 4445 1939 4686 2051 514 2326 3572 2385 942 297 1305 4982 4837 1696 1579 3084 740 4264 3831 3553 1370 638 3817 4186 3953 905 1434 2551 4029 3288 2178 4438 4762 2808 4941 1520 464 3538 2936 3806 1190 4762 3258 2463 2707 3235 1373 3168 3864 3743 338 3182 1339 458 271 4198 2504 724 4852 591 4209 329 784 468 2981 895 1063 3564 4685 2791 3359 2205 1641 4898 3628 3743 2106 4902 157 3309 10 988 4956 1933 3059 3997 121 1677 3119 4456 232 4389 2569 3262 769 3269 2540 4649 881 1975 2567 4443 3123 2842 3995 1207 2821 3639 1571 2799 1889 3624 527 3999 900 300 786 1748 264 2591 4578 111 4377 1705 2930 2681 4878 4204 4249 1190 621 1913 1379 971 3866 949 3784 886 109 4507 1924 4189 4069 2658 2710 4448 957 2867 568 2149 2163 2626 3645 1593 103 3445 3162 1961 2432 1968 4591 4441 4142 4963 1172 533 969 1014 4952 2190 892 403 2286 559 4990
