N: 200
M: 90
Symmetric: true
Triangle: false
1 25
2 177 189
2 44 2
1 165
2 111 94
3 144 70 120
2 150 7
1 161
4 156 140 149 76
2 28 4
3 85 71 121
2 89 41
3 158 135 11
1 103
2 182 197
4 114 15 32 26
2 171 198
3 1 35 45
1 170
2 20 55
2 196 139
3 147 65 53
1 175
2 39 109
3 5 185 104
4 63 127 113 13
2 30 188
3 9 193 60
2 190 123
3 91 51 101
1 27
4 122 98 124 151
2 128 17
3 186 152 67
1 66
1 64
3 81 75 12
2 38 133
2 77 61
1 49
2 153 59
2 52 37
4 125 115 199 148
1 23
1 154
2 179 79
3 48 86 73
3 166 36 95
2 132 136
2 138 99
1 102
4 134 24 181 159
2 130 141
3 142 93 143
1 106
1 173
3 97 110 92
1 164
2 200 83
1 129
2 72 192
6 145 126 195 42 46 117
2 146 178
2 80 21
1 131
3 105 116 3
2 108 68
2 96 160
3 84 34 6
4 56 22 33 172
1 10
2 40 187
3 18 118 58
2 167 78
2 31 194
3 180 88 176
2 168 155
3 14 43 107
1 157
3 90 183 163
6 54 162 184 8 74 191
1 174
3 16 29 137
2 119 50
3 47 112 87
3 57 62 82
1 169
1 69
1 19
1 100
4665 411 1526 2038 2130 1122 3088 4302 4693 3173 1641 2482 3140 801 188 328 3819 1127 3620 1027 1360 90 215 2786 3353 2744 1189 2169 1649 4696 1596 3276 3305 3146 4622 3763 4113 2375 2918 4185 4229 3323 1903 578 4654 1019 3492 4030 2418 540 19 1549 546 2644 1260 199 4749 3125 1106 1190 2393 3538 556 4773 2660 663 1926 4053 357 2500 3916 4396 2341 84 4281 4974 3020 2796 3305 2621 4478 4735 351 1836 1963 3288 4564 3075 423 4559 662 2716 4576 4749 210 3575 3175 2957 2614 3939 2909 1307 2007 3585 3231 4410 2450 1224 4993 272 3136 2680 1150 957 1867 2572 3406 3174 3358 3746 1456 3694 4894 1035 3954 4719 2015 2288 3878 4762 4965 1926 4243 614 3901 4946 282 3582 1442 2072 3396 1178 561 3935 1631 4923 2863 3475 3860 520 2124 538 3936 3608 99 1898 356 1573 666 586 3122 4795 281 1086 2874 1298 2391 1870 3581 1760 673 4706 3871 4722 4714 2270 157 2866 4011 103 2628 283 3814 306 758 1453 2663 1206 1540 3338 808 3976 131 1607 4145 1077 2743 3079 1967 2169
411 607 1220 513 635 2272 3368 4749 3854 2948 4585 1872 3019 2926 1044 1239 4608 2032 1145 4923 76 4535 592 347 411 3368 2374 713 1873 1748 2327 4222 2266 363 653 3913 3819 2361 4082 4930 312 4918 4325 407 4763 4785 3111 2938 3066 1209 4137 2122 1596 334 415 3014 3178 4406 4976 4241 2965 3635 2110 4299 3838 1457 3944 4536 3661 4992 923 1577 4977 637 1261 646 3061 1977 649 4411 869 2021 465 2986 190 2358 4887 1409 799 4090 3835 2968 1514 4286 1963 2937 352 1955 2481 4212 315 566 1440 1638 529 2606 406 2116 2906 2093 3648 1947 3739 4779 2936 3891 1041 3764 150 3158 3914 1888 713 869 1391 322 2481 4782 186 4332 2868 595 1112 3060 1980 3110 3152 4237 1035 4980 2039 3334 3012 961 659 2485 614 4562 831 1211 695 1373 1929 3815 290 2072 4555 981 735 1938 2385 2677 2157 1698 4054 3881 4256 293 4055 4590 18 1388 1178 1604 4103 598 4442 1048 698 81 2712 4072 377 4749 965 1144 4432 3313 4336 1589 4529 3468 2024 2102 3927 2685 2205 3942 4532 2409
1526 1220 4267 1099 2714 2175 3576 4349 4405 2104 3869 1405 2203 4664 3075 1959 115 3546 3412 3729 4887 2917 2383 18 1803 4849 2397 3383 350 4470 3285 2768 3828 4329 271 650 4992 1633 4190 3808 2601 2990 4739 3778 91 235 250 1986 831 4683 833 1374 2643 1246 2665 274 1921 4250 4068 1264 1803 4869 4434 1338 2495 534 1817 1149 3851 181 2937 4997 2668 12 1003 4620 630 2042 3314 1733 214 538 3713 2544 145 1009 2990 3785 1745 1457 4488 1844 602 1738 968 2502 2284 236 3468 3367 2208 2136 483 969 1755 789 591 1459 3879 4425 4692 3829 1450 4195 359 1321 1391 1248 1694 491 4093 1215 1707 4085 3495 566 1135 1486 1171 3314 4659 4854 4527 3630 3301 2315 1319 2922 3315 3999 4676 717 2351 4731 2082 934 4115 4636 1551 4019 4688 4965 412 2522 4155 360 3835 2231 4755 1909 4106 2075 3145 2435 2828 3740 360 2542 4340 2960 299 520 4722 4828 1367 206 894 4464 1002 1253 854 4314 2575 3978 2904 317 4626 1253 4567 3135 1969 3901 1440 1443 1275 4391 959 225 1060 3911
2038 513 1099 383 2013 1929 2254 4091 4221 2153 1688 3965 4984 325 492 4965 376 2748 2768 3042 173 3209 2615 3646 3339 4718 3602 749 4093 228 4672 3253 3072 520 1332 3918 2592 2201 3762 1192 2690 3578 4000 3968 3544 2034 1944 1149 4232 3403 2320 1867 2343 3681 4086 3145 2982 1911 916 3203 3535 3354 1374 1082 4337 231 3963 996 4884 2687 469 3223 4236 2222 1669 1483 4466 3534 2173 1492 3521 1439 1382 4721 1528 4868 1728 501 2571 931 4628 1810 389 1556 4604 4298 4646 3729 2887 3060 4652 4330 4551 4123 4820 3695 209 4157 4801 1190 1473 4472 2300 631 4540 4338 4410 2397 1255 3117 3448 3316 4098 325 3191 3174 2549 4136 840 4716 4052 3326 1963 4160 2528 4499 1326 1421 1936 2624 3753 4342 3011 4314 2172 2824 2909 4798 3895 2297 1588 4769 3928 463 4809 4142 4744 446 3687 1318 3753 1646 4552 1332 3190 3160 2199 1359 1477 856 4065 252 4172 4576 4226 704 1429 1126 2340 1141 783 3666 2069 2233 3398 126 330 3092 4727 1104 130 1477 1077 4460 2407 2777 4562 4665 2427 2852
2130 635 2714 2013 3692 2101 1456 1885 2684 1285 727 4052 14 4286 3041 15 2341 3466 875 4271 4526 3442 2328 4309 4953 3459 1588 2911 4228 772 2537 2463 1229 1854 1620 3500 2490 753 1948 1253 42 4045 228 3564 2566 1516 4715 4310 1933 3672 2926 2816 979 3971 2605 2516 4705 171 3689 2978 4098 2669 4805 2610 1151 1173 1402 4229 3575 2224 1321 1780 2575 4297 4392 4826 2797 3842 2207 570 3804 2801 3729 2039 497 4888 4763 2952 831 2869 1773 2614 2757 2870 1862 2189 1415 3128 4914 2378 1395 2577 3977 969 2958 651 4287 163 1048 1549 3003 309 2569 3773 1807 2704 2233 2816 1079 703 2078 2925 4862 2985 4658 3033 2389 745 2185 1772 1272 125 2855 1160 2438 3601 4010 3407 4024 4333 100 4186 3866 1182 3065 56 1768 3707 1293 53 3201 2042 1034 2511 2040 4224 4080 1597 3189 4233 1197 4015 4377 1774 3074 4467 3960 4165 1044 4629 2640 3454 3134 1603 4091 3237 3446 293 3865 3138 1610 3728 4254 3858 533 2265 1236 1681 1741 2432 4532 4096 1530 34 1023 3539 2565 941 2754 4464
1122 2272 2175 1929 2101 207 944 2852 588 268 241 1792 2452 2700 1333 116 4169 3054 391 683 4977 3175 2182 3278 3823 2452 3199 2687 1150 4309 2760 94 1602 3935 4101 2662 2482 2523 1772 851 942 823 4151 4855 2918 2174 4254 455 1764 3276 3589 1565 1005 1167 2693 4335 3249 1081 533 489 2728 3086 79 4220 1672 1791 101 3731 4454 3332 3575 3613 4138 3856 1360 2805 2285 2813 108 230 1034 71 4019 3191 2296 543 874 3645 1585 4635 2545 3236 1500 1567 613 57 4926 3690 303 1022 2406 4923 65 2836 1894 1419 4946 4114 3019 1841 2487 2318 801 536 127 425 1782 3395 4693 3453 4908 4631 1397 2304 203 2485 3219 3541 3928 2458 1792 846 2837 4772 3504 289 1653 4371 4679 2828 563 1263 2572 963 4130 2750 3322 4671 3177 1027 4439 629 1341 3056 2632 1251 1853 3928 2073 2768 384 3324 2980 2924 3265 2444 2234 1964 3782 2809 4312 2495 4342 828 2539 696 4750 2324 3118 3119 2943 2108 2689 3912 4319 3781 3524 4010 2929 341 256 4932 2461 2551 1685 4598 2015 2416 159 2254
3088 3368 3576 2254 1456 944 1504 4402 3112 644 3096 3003 551 462 2966 2101 937 1292 4789 1239 3123 2414 4775 4569 2766 825 4024 175 4115 1536 1176 422 1259 3051 2065 2374 2626 2327 306 587 2659 4973 3378 788 337 2863 3477 728 1307 3512 3298 233 3153 497 1536 893 3574 3874 483 1326 2425 4653 4447 429 532 2743 1807 3449 1162 1403 3261 3766 1047 3623 528 1182 2497 4583 3270 4526 1142 2892 1597 2398 1828 3104 1560 985 1144 878 2196 4153 810 940 1731 3555 3795 3250 1699 2561 3513 3901 1051 1166 4974 3111 1593 619 1590 3298 958 2591 2722 861 3654 369 613 4505 4475 995 1637 790 1104 1775 2524 3591 2159 3889 1607 514 1708 2238 2217 3674 686 2457 2521 4214 899 3655 3658 2806 905 4203 3393 3697 168 2314 3944 21 2557 4195 1473 3688 4271 1375 3534 2993 4369 3989 2637 3505 2201 3917 4390 4637 1378 178 4257 3358 2716 1533 2863 1206 2383 39 3328 2475 3406 4424 1002 1792 389 2581 2656 32 1404 1323 4958 3998 3892 425 653 1611 734 2607 4025 4570 312 1847
4302 4749 4349 4091 1885 2852 4402 2355 2463 3444 1681 185 4113 149 1479 1970 870 3452 2957 1855 474 2227 1930 2905 1215 4343 4020 1777 1026 4668 4204 2383 269 1349 1094 4661 1671 967 1841 840 1746 1425 1776 3554 1563 1204 3463 4353 415 2130 2010 3006 590 3545 1639 3935 1597 489 2963 3096 1451 580 2704 1868 566 3839 3263 2229 4198 3756 3539 3770 1126 1337 2742 3129 4823 3934 2989 707 4122 3612 3768 4481 951 1875 2843 717 1234 1097 302 234 441 1037 2987 2802 370 43 1831 3225 1634 121 2836 4946 3602 226 2803 2203 136 1804 1042 3352 1014 3995 2053 1992 4310 530 1127 3383 4926 1134 4295 1061 1712 678 215 2366 3000 256 833 2801 4630 1678 3327 4955 2437 4756 3149 3823 3295 1612 1464 3928 1547 1822 467 1433 1145 3639 3906 1273 3154 2039 2661 1523 2168 554 1142 2686 1485 1488 922 4902 1352 1662 3383 1232 2202 4858 4507 1583 3397 2440 2532 4252 2950 3084 3279 748 961 4220 987 1674 1178 1368 3882 1207 52 131 4131 224 17 2742 2163 2694 4840 347 1517 379
4693 3854 4405 4221 2684 588 3112 2463 935 3348 3040 1816 2353 2938 3460 1486 3921 3025 134 2090 369 4231 3256 453 3935 4898 1996 731 4314 779 4188 3342 4132 1536 548 911 2927 3770 2440 1583 2917 1690 1439 3311 4617 4190 3418 2685 4800 4790 3771 4732 1883 1814 794 1486 2031 3518 3117 4989 1564 3074 4729 389 2899 1348 262 630 3756 2438 356 2259 3225 656 1617 3017 1366 3670 3883 3742 227 876 91 887 1479 4406 4644 3105 1128 763 2947 2478 3454 3694 950 4521 2213 525 4874 2559 121 1597 2418 4004 1270 2794 1310 3975 2086 3736 174 2590 3944 4381 3467 4740 225 4629 2479 2639 4219 2353 2927 4586 2131 3861 2994 2261 1597 4791 4320 199 1670 2458 1889 3782 1726 4491 2801 1114 3927 3289 2846 880 4127 1166 2850 1511 2693 3609 3069 1236 4322 2943 1730 4796 922 3213 4999 1597 523 815 1334 3347 2565 2041 2891 1678 1091 3680 1924 4623 4125 4357 179 2197 1673 4386 3989 4549 3756 2182 4669 4319 4686 3720 2019 4947 2955 536 4113 1228 1183 2124 2649 4250 4306 1300 2885 380
3173 2948 2104 2153 1285 268 644 3444 3348 2978 827 3338 1005 442 4752 1993 303 3347 4756 4718 53 4990 1911 2002 2099 1259 1377 3789 2749 2049 1682 4592 3944 604 4097 3468 1392 885 2509 786 20 4388 2826 617 4495 2810 3753 3468 411 4058 4692 1753 2444 4271 115 2423 4015 4543 1750 161 908 3522 2139 4941 4967 1671 1744 3597 574 3167 4700 2202 623 2791 4037 3658 877 2642 685 3536 4466 4884 329 4629 2683 2635 960 4001 4417 1247 1487 4197 3212 4275 98 2099 1944 1685 1926 4989 450 4635 1386 1572 4697 3119 1923 4196 3403 2990 773 1926 4850 4830 4682 2975 898 413 2054 975 1535 4841 4505 4739 2915 2937 3936 3748 1092 441 4128 4543 4239 538 4338 478 2128 1688 4999 1377 596 3149 214 3529 77 3064 1848 3714 1783 4073 930 96 3943 3418 2243 4978 73 1863 4753 2485 4128 1197 1992 2717 2224 3850 3674 3710 212 1027 1568 3109 2057 4616 1563 1379 237 4666 2413 3447 642 3148 2791 1127 4207 3766 4638 1196 1287 3309 3511 1492 1160 3735 151 256 422 695 1946 444
1641 4585 3869 1688 727 241 3096 1681 3040 827 3333 3929 4089 1009 246 4381 1404 1893 46 4117 3123 2522 3975 260 75 4463 4077 2665 1874 4825 2513 2859 990 730 1118 2964 2752 2053 3933 349 2056 1723 2243 1138 1910 2923 3194 3979 931 2283 3299 2111 1237 4580 315 4045 471 3172 1113 1938 4168 4863 880 793 3930 2046 816 3040 2797 2597 3697 3813 2842 4126 310 3672 3364 2755 145 701 1810 475 803 4543 94 45 4533 787 1111 4536 451 1718 2334 1229 906 2466 3241 152 1372 3884 947 1907 2489 1887 1829 4184 3040 3993 1629 4565 3297 2208 474 2845 471 1205 3057 3531 4655 4631 4357 4307 3880 2530 1339 4071 904 4479 3277 2915 492 463 1418 3511 37 385 3333 4941 2295 698 1745 2515 3909 68 4865 4146 3688 3846 3076 3948 3394 2436 616 2469 4418 1058 4926 4248 1057 1864 1753 3348 3200 2770 3466 2647 4212 4756 2266 484 2263 1624 4071 4268 953 2118 120 4800 764 1441 3568 4355 4733 4532 2449 3148 1770 3684 2332 1800 3885 2368 4190 3656 3173 2919 2409 1437 1436 4143
2482 1872 1405 3965 4052 1792 3003 185 1816 3338 3929 699 3762 4348 1437 529 2014 1914 3743 3890 935 899 3217 519 690 2049 2236 1743 3477 1820 3897 2289 1722 3685 4782 3422 4688 4799 3252 4921 1992 255 2288 2900 590 3274 1279 3732 2255 2658 1072 1721 1850 2105 3161 352 2223 2529 1519 4017 3621 1599 367 2709 1904 4852 575 1740 3416 2522 4898 2344 1307 4788 4226 2793 4346 2999 1068 1738 4518 3827 31 1468 2360 1151 2037 4476 2505 2143 3395 4215 1254 3592 4492 1667 2419 3115 549 3599 4072 4086 3941 1732 873 2511 3443 1034 3433 2730 4767 1030 3459 108 2439 238 2121 4666 3293 3404 1799 4171 1205 3729 3526 1963 4207 2977 2363 4594 1847 4309 2237 888 533 4236 3521 3392 4944 4768 516 867 961 2087 4366 495 2401 1003 4828 3776 3507 577 2634 4137 320 1436 1367 1473 3542 4568 3656 3523 4990 3095 665 2519 4329 232 4809 2814 1798 354 3335 1999 1911 4586 1826 126 2925 4548 1359 4811 4884 2262 3385 2111 55 3934 1706 2477 2851 4481 550 3169 683 3374 3663 4081 2175 3534
3140 3019 2203 4984 14 2452 551 4113 2353 1005 4089 3762 4798 3487 389 4370 1187 4411 4685 2386 4028 3117 1917 4373 495 703 1257 2453 912 4149 4565 224 2083 3212 2507 4253 227 735 1203 177 263 1284 3297 1861 1520 1105 2260 4909 1462 2879 3653 3349 3107 1936 4391 4374 4366 1135 4009 3300 2546 3963 1588 2374 1362 2580 661 2265 2795 4845 2754 3574 4633 4649 3784 4079 4369 3685 2472 499 557 4304 2606 4897 2763 334 3892 3862 4673 4854 3267 642 956 3873 2989 997 622 543 2237 2780 3961 2242 1797 1646 2262 4811 3975 4851 3594 2979 366 1999 1954 3489 3755 1213 4907 2442 1598 1347 3952 4117 230 486 114 551 3910 2298 4381 4135 3517 3848 4078 1825 2521 4720 610 4088 4528 3169 2084 1796 2051 4134 849 793 600 2565 4165 1026 1767 3182 1767 4590 3803 417 569 239 1738 4430 4239 3593 1289 2952 3300 3857 3366 4226 1014 2065 1821 587 868 2066 2682 4280 4257 4874 1398 333 385 2714 3082 2146 3051 1266 149 1328 3996 681 4626 501 1819 3621 4047 4079 4193 2034 2685 3840
801 2926 4664 325 4286 2700 462 149 2938 442 1009 4348 3487 3620 2677 57 871 4774 1862 1759 4524 4504 4959 210 966 2285 4846 3348 2784 1079 1706 2182 985 3034 2887 3264 3050 1132 4992 2903 1983 3605 3295 357 2101 2019 1778 2847 909 4276 4401 1349 1804 1062 3015 725 4022 1014 2394 505 1596 3538 233 2855 780 3334 1393 2628 1251 4553 4100 2445 3400 707 2971 427 60 2048 1398 4655 823 4351 4729 2020 2403 788 1505 653 3121 4527 567 4382 199 3155 1526 202 3284 4736 3394 202 4094 2787 764 2853 615 2602 1903 470 3882 3726 2634 175 4088 886 2739 1912 4086 2092 3820 2385 3699 1041 1067 2816 2776 4121 3424 828 425 3648 2315 500 4554 4397 4092 4611 2628 1403 3610 2034 490 560 2161 3582 4794 2712 434 3726 2989 4769 1736 1945 3674 86 2742 809 2128 532 2831 2337 3292 3995 577 4210 168 4089 4983 4846 2139 3745 3131 3617 552 4300 2938 3986 3340 4230 4065 1401 82 1900 1819 385 2462 3488 1797 4076 3886 2048 4511 527 4781 4898 3288 2259 2776 523 163 246
188 1044 3075 492 3041 1333 2966 1479 3460 4752 246 1437 389 2677 1942 1225 4021 171 1634 2794 4532 1229 3543 4604 4050 4699 3241 3659 2044 571 491 4995 3772 1620 4306 2471 1960 2000 855 1606 3744 881 2250 593 699 3174 1064 1325 2390 2096 4262 2742 574 4759 895 1578 1353 3101 2867 4155 4213 665 4920 2287 3957 968 960 1981 4082 823 750 3930 4257 3848 4765 2087 51 1749 3544 2748 4612 3388 1199 2670 2331 3314 1794 2231 2303 679 2876 1773 419 3513 3352 2809 1871 4411 193 2721 974 2915 423 3395 986 4969 1142 1798 962 3539 3893 4853 4280 3704 2735 3896 3401 910 393 3508 1295 4219 1517 95 4492 1264 4775 4818 3827 3469 386 4767 2589 4683 2327 1817 1158 4640 3364 2811 635 3999 395 2131 2021 315 2293 1660 3025 4375 1305 3800 2357 4020 61 3574 4884 3021 1093 3095 1912 1965 2354 3080 898 1961 2194 4575 777 80 938 3703 3338 3751 3571 2178 772 4350 3539 3580 1910 1160 127 657 1607 3018 2268 615 3691 4958 150 3185 3656 2116 2116 3570 2967 1849 4534 713
328 1239 1959 4965 15 116 2101 1970 1486 1993 4381 529 4370 57 1225 2876 2247 695 4390 1819 2388 3644 4624 1780 3586 2953 862 2594 103 4263 665 1107 3660 3336 2482 3580 755 3923 981 2975 4705 4642 3906 4727 446 894 2932 4412 1876 3639 1805 4476 1058 791 2448 4006 3297 2806 4289 780 4054 711 3628 878 4987 3118 368 2637 198 2090 4280 2297 1379 4090 2581 2381 2918 4486 4302 3366 1052 3125 1690 2128 979 651 4905 3070 1598 3842 3112 3308 1409 1240 1327 421 4856 497 2316 3297 2875 3325 4006 713 2399 1801 744 2741 3240 1456 949 2391 3356 1138 4042 2435 3452 1854 1142 4678 571 4225 4012 3367 1372 874 4393 249 1904 2738 1430 2085 1891 3281 3732 1972 1158 1859 1067 2338 3108 2469 2408 4276 3822 1431 3552 2363 3320 2539 3157 3429 4394 3572 993 3199 2317 819 464 3240 233 691 2463 309 1337 3543 626 792 2974 744 4845 2690 394 713 2850 4324 4204 1744 1236 2096 143 3595 1676 3405 4644 3444 206 4998 452 425 4462 2751 4205 519 4430 1859 1614 1801 484 2097
3819 4608 115 376 2341 4169 937 870 3921 303 1404 2014 1187 871 4021 2247 2773 749 1046 2173 2775 1130 4444 1135 205 1305 3298 3820 3926 2002 3430 2323 3781 3210 1128 3767 1962 3638 819 1140 3088 2829 1474 1727 3031 1502 3770 2651 4272 3738 2538 1285 3810 1850 483 1926 4605 3476 3797 2004 2126 1350 4942 545 4436 4908 3012 4243 2561 4982 249 3249 3921 595 2644 2329 4695 4676 4818 1402 949 4726 2307 339 2628 2981 1007 4608 1818 229 3668 2168 1733 777 1129 813 3468 2539 365 2309 2053 197 1733 3297 4629 4921 3387 417 3609 1502 4128 845 4200 1982 3149 4306 882 4102 2404 920 1258 78 882 118 480 2952 2821 3611 1147 4421 4789 3412 3430 4332 4111 4601 592 3226 1997 126 3235 794 2606 4717 1892 992 4465 3443 4385 2133 1367 1257 1541 1686 4695 1632 3919 901 1302 777 4413 4643 1333 4023 2285 1040 2478 1125 716 3153 1607 1471 2321 1396 2917 4240 4848 278 1435 4659 2083 2497 4329 3205 1997 1097 545 2284 3818 564 1013 1426 2232 1311 894 1444 4661 848 4800 2047
1127 2032 3546 2748 3466 3054 1292 3452 3025 3347 1893 1914 4411 4774 171 695 749 771 1020 2899 4017 2595 1008 1791 1380 3475 2146 3209 3730 3237 2279 680 4929 4661 55 1099 4683 2482 1204 4127 2799 3263 2722 25 451 285 3226 2894 4420 1547 4545 4358 4848 4650 3452 1043 4616 2978 1073 1951 2400 3791 282 1024 3765 896 4602 4688 3530 3844 1449 1354 1223 3955 1817 3511 4377 4943 560 10 3262 2121 3291 2404 325 580 3955 4350 2570 1127 4461 4679 3772 4373 1522 4202 2629 2214 3955 2612 3384 4394 548 1590 2718 4085 4443 4371 3350 2605 4750 4205 3834 2899 3162 3231 1713 2828 4089 1624 4902 4551 1765 539 1245 1933 2540 4943 1567 2194 3661 4881 1307 4479 1473 3043 2428 2701 4546 4436 4039 2774 1679 774 2409 4891 48 4948 3145 554 2430 779 2757 30 3633 4901 1842 1980 4144 3521 2298 3128 828 1313 4817 679 2739 827 3210 892 1049 3115 2728 580 1243 1066 4702 3409 4290 1907 4709 680 2139 784 2502 441 429 1234 3699 2734 1286 3551 857 1237 2309 4487 985 552 82 777
3620 1145 3412 2768 875 391 4789 2957 134 4756 46 3743 4685 1862 1634 4390 1046 1020 708 3998 3241 56 1493 364 2642 2095 4943 3795 2943 1663 1391 961 4649 3816 4303 643 4491 4621 3272 2121 1707 2722 3430 1616 2923 4483 1484 2698 2259 286 1028 2852 2751 2514 698 1948 1402 781 2479 4859 4153 2611 2743 3721 3253 2542 1756 2688 1003 3418 4857 1274 4984 2192 3109 2933 2222 2182 4326 4136 3125 3374 4068 2968 2468 4521 3756 4376 2602 3006 1512 3555 3165 655 1145 3321 2517 3777 2161 1581 1274 4059 4226 121 3486 256 2673 2916 2356 634 1821 3588 2102 3561 3676 1305 4885 15 899 1811 3521 4454 1987 4895 4187 2142 98 1493 3251 2152 482 2752 3918 3030 1713 2082 1109 2240 2918 1555 3979 2712 925 1835 3333 3633 2195 4945 1628 4814 4485 806 1615 3967 216 3594 365 1673 1791 2401 4824 484 140 3511 1836 2951 1974 4382 63 2766 997 4381 2042 3445 2062 1552 1737 283 393 4698 3078 623 2936 935 715 4911 2729 2529 4862 3300 1771 3779 3611 2299 4944 1060 1548 2945 1129 2306
1027 4923 3729 3042 4271 683 1239 1855 2090 4718 4117 3890 2386 1759 2794 1819 2173 2899 3998 470 1254 2230 2377 2561 1651 1752 2732 1471 388 308 1938 902 3353 2816 3884 3241 4771 2434 1994 4540 2222 3711 381 2052 3928 4145 4612 3997 4371 4032 670 1082 3947 2952 3575 1513 2625 3213 3308 4403 1412 1325 1200 1054 3717 2917 4184 574 4709 682 1714 4200 3193 2914 2184 4425 1418 1926 308 1523 3081 2005 2908 2291 3090 2909 4318 532 4240 2149 878 4590 256 4092 80 3758 1592 1093 227 2077 4242 1560 4187 2212 756 744 543 996 1045 3227 1534 3748 1921 1579 687 1125 4135 1189 1949 2173 2748 1694 960 2362 3082 658 3570 1822 581 4938 871 2951 4810 2917 1672 2838 4561 187 3763 4876 387 3405 4777 4371 4226 1245 4690 332 1992 4305 2424 2425 4130 1983 4671 853 1280 1414 810 4154 4885 1287 1893 3496 3290 2873 1263 3507 210 4576 3464 1791 1130 4759 72 1158 1816 1226 4611 2757 4566 3943 4699 1321 2373 2585 1513 1300 4243 4866 2714 3723 1816 30 3076 1846 4499 3735 2113 708
1360 76 4887 173 4526 4977 3123 474 369 53 3123 935 4028 4524 4532 2388 2775 4017 3241 1254 1668 1209 653 1232 4542 1950 729 1485 424 1586 85 873 3033 113 3930 3899 712 2337 4006 4110 3532 590 1034 1950 4537 3333 885 391 3788 4456 3219 3752 4956 2533 667 2366 4883 2288 4370 2975 4191 3643 134 3370 4569 2732 1710 3654 654 2697 4896 3541 3691 924 1710 1012 4613 4662 4899 3357 1104 4315 1782 2173 1280 1889 3645 4640 824 3217 4577 2572 3519 791 1954 3550 214 1530 2971 1949 4357 377 1962 3301 2615 1179 4922 50 1280 4123 178 4933 1439 1971 4309 3692 3262 4014 2185 3548 2104 1666 1624 63 389 1008 4034 811 3894 881 4794 539 4232 85 1559 574 3801 541 2464 3890 81 2064 2517 3354 2744 1767 1041 2944 3330 582 1666 3808 4064 531 4310 1998 4075 194 2049 961 2947 1511 2466 1807 4259 3086 2380 3783 4647 965 3856 2608 3831 131 281 1844 4425 730 2428 3248 2458 938 3003 1877 4253 561 2758 2079 3517 4508 207 2753 2374 484 2182 1978 3137 2502 358 379
90 4535 2917 3209 3442 3175 2414 2227 4231 4990 2522 899 3117 4504 1229 3644 1130 2595 56 2230 1209 3628 3988 3523 2141 1054 4544 182 981 3593 1392 314 2600 1064 2167 4688 1209 1580 3918 645 2466 247 3990 2062 4131 791 367 4112 2520 2442 2484 1120 2250 1661 3732 631 2125 4140 101 3115 4604 4916 815 4090 3966 970 3055 2567 4579 2837 4842 2712 1861 4025 1701 1037 4621 4798 3862 4152 2727 4568 1419 1915 3569 2175 536 1555 516 1199 4402 4064 2792 4625 2917 76 2778 1809 4936 3301 1684 1732 3600 2690 3636 3405 4119 4442 2626 3102 2055 3733 2429 4271 3745 731 2224 525 2635 1007 12 325 1429 4564 4598 2755 4109 3850 307 4772 1322 2518 3087 2943 4015 3691 2425 1202 2035 4794 2083 882 4302 4928 3032 619 1681 2044 4448 4012 1810 4291 2914 2032 2830 2269 323 1406 4720 1305 3399 4497 1909 1023 2713 3853 447 2433 3029 1337 1219 4907 3713 2195 3921 4686 3801 2468 4684 2378 101 569 525 3690 2733 229 4025 4241 3268 2674 2100 4501 4520 4092 3063 848 2271 3934 4928 3736
215 592 2383 2615 2328 2182 4775 1930 3256 1911 3975 3217 1917 4959 3543 4624 4444 1008 1493 2377 653 3988 2569 1739 4971 3951 2576 2897 2958 2786 4909 177 636 1178 4632 3456 339 114 1646 319 4606 1092 3229 4168 3744 1397 3672 2430 3002 2201 1782 2853 2697 856 1182 4257 4096 4297 2059 3583 3087 4790 1488 3800 731 3240 4928 1644 3225 4871 1274 2136 192 2877 4769 3196 708 2191 3646 105 184 69 4508 3801 3622 591 377 970 167 1475 2610 941 3887 135 4066 3504 521 3982 365 2108 889 1205 835 4115 4670 3152 4867 1834 1758 3782 2582 730 1058 1748 3115 4912 2776 3379 1030 3466 3672 874 652 3101 2241 3533 2630 3769 2766 1501 953 2329 4901 4000 4702 2080 2394 2686 3983 4081 4590 2054 546 3366 3774 1916 197 3048 4934 4723 1151 2814 1787 1099 719 2573 3588 2792 1567 3685 78 3667 1364 3990 3340 1529 269 3748 4472 4456 4596 1056 2442 4780 1132 2707 2869 2654 4481 3787 1914 117 1283 503 419 1210 4618 4657 2311 136 3513 1744 3400 1914 727 290 3282 1402 1867 1296
2786 347 18 3646 4309 3278 4569 2905 453 2002 260 519 4373 210 4604 1780 1135 1791 364 2561 1232 3523 1739 1394 725 3054 3873 1798 4076 160 4037 480 4943 3801 1078 2571 3791 1905 1365 745 1332 1759 2512 797 2395 2408 642 715 2576 4310 1679 508 2862 106 1227 2489 3980 2852 3099 2378 2647 3971 2713 722 1708 3498 2138 1649 4931 1986 4071 375 3224 1756 668 4663 1318 2432 4365 1727 2048 1747 3031 192 4725 3809 4379 17 3978 4806 4037 1015 3289 3131 69 3535 1811 2204 1648 3848 4515 1412 3652 207 2450 1941 893 437 1810 4761 819 3754 1536 2983 3609 1602 2871 2567 1939 2756 4695 4004 4961 819 442 3055 727 4924 2734 1386 1092 2068 1437 1591 2630 3259 914 3730 922 1513 4781 1879 3634 4691 1943 3936 3597 4512 3384 784 1860 2638 2282 2617 3276 2681 1130 3279 4003 850 230 1422 3138 21 2563 368 1379 179 1227 3961 2839 3145 1645 3714 2711 2081 690 2111 1262 3762 4086 3240 4237 4685 2786 298 1756 3865 2544 4801 2035 2182 3099 4323 2732 4924 1887 2237 563 2249
3353 411 1803 3339 4953 3823 2766 1215 3935 2099 75 690 495 966 4050 3586 205 1380 2642 1651 4542 2141 4971 725 2306 4395 4386 4308 4178 2214 758 1108 4411 1521 3260 1056 3193 1509 3466 4010 112 370 4567 1321 2520 4936 566 3863 430 4405 891 3097 1401 452 4975 4624 1144 3153 4474 4788 3487 4126 918 2222 3009 3950 3575 2002 3981 1240 1271 2704 2181 791 954 2685 2510 3177 3826 3043 1852 1379 3023 3801 2562 4988 41 3853 598 1668 3079 3033 2104 2403 611 4177 909 1661 3533 4301 3129 2700 1479 4753 3022 3118 2852 183 84 4707 3806 2669 2180 1145 2742 315 724 623 4590 4794 3530 3393 984 4822 2779 1402 4339 432 3094 4152 4747 3076 23 3256 499 91 3746 2487 1831 3759 4031 2040 2026 2414 2282 1690 1407 3039 396 4905 2056 4122 3932 4142 2736 2010 1156 4260 3667 4381 2751 372 4112 4601 868 1773 432 4800 3140 4060 2528 3999 1377 2134 1759 2776 4468 4397 99 689 289 1470 4447 945 34 2094 1829 886 2008 1872 2769 2196 3667 4388 1998 1027 4675 3784 3870 2494
2744 3368 4849 4718 3459 2452 825 4343 4898 1259 4463 2049 703 2285 4699 2953 1305 3475 2095 1752 1950 1054 3951 3054 4395 4596 3458 1814 4639 1506 69 4135 4409 4582 1946 4612 3219 3012 4556 4559 164 2907 2646 3543 3803 3985 3364 2549 4016 4493 2505 680 1362 4375 2570 1000 66 4314 3217 487 2680 1792 2997 3020 4422 340 4766 755 3503 1316 2681 1554 200 3757 4495 719 1264 4871 4478 801 2709 4192 721 2613 2194 3923 4568 2973 3189 2601 4653 861 3447 326 1091 168 289 3287 1853 3533 2045 1054 3619 1462 502 630 1822 20 1438 1411 128 2667 436 3907 2076 4526 2555 638 2337 4411 2609 973 2812 1379 514 2538 2143 4127 2389 3051 3455 2756 51 1448 180 2745 2143 4246 4160 2007 4279 1629 4291 4611 4659 2142 4076 4678 3544 1206 69 4079 346 2566 1673 3396 4308 4487 2738 4267 799 353 1472 3594 892 4322 3348 4077 914 3235 1503 2779 915 728 2104 1371 3882 3566 3981 677 3120 1243 226 4050 1757 2290 4699 1668 4856 2095 3777 2668 3708 1804 4301 3504 3451 3129 3322 1427
1189 2374 2397 3602 1588 3199 4024 4020 1996 1377 4077 2236 1257 4846 3241 862 3298 2146 4943 2732 729 4544 2576 3873 4386 3458 2934 739 3121 648 4481 1483 889 3619 173 1688 1851 957 145 1434 669 862 719 2873 2079 1648 316 2879 1409 192 2104 3276 3523 2337 2155 1561 2250 2674 2271 3960 2576 829 2515 1185 2950 1763 430 2024 2928 2959 4662 4150 3748 3846 2738 578 2521 1015 1482 3381 1031 1186 3424 4294 709 4886 3388 22 4276 3098 4817 2968 1570 4393 4180 3721 3691 2160 2329 1476 1593 3118 610 2214 4544 4799 2374 402 4756 3902 2268 1217 3321 3217 1673 4173 3980 2878 2051 384 4149 3624 953 3718 517 2454 803 4420 2458 4416 3622 231 4716 3569 2923 411 824 1346 1044 3275 3965 2128 2425 498 2259 560 3225 240 1088 3640 591 221 4488 1680 2363 415 684 3708 2937 1858 2312 4046 121 2483 4100 3969 3936 1019 577 1772 1588 4367 250 4530 1114 3748 2923 2261 444 4624 1141 870 3080 469 4968 1532 4579 3137 600 28 3193 3855 514 4205 574 564 2958 4215 423 3919
2169 713 3383 749 2911 2687 175 1777 731 3789 2665 1743 2453 3348 3659 2594 3820 3209 3795 1471 1485 182 2897 1798 4308 1814 739 2394 4573 3713 142 4741 404 575 1170 1978 2333 2648 3548 4449 18 3287 2379 498 3612 1086 834 407 3856 552 4462 4359 2115 1719 197 1688 4069 1166 4271 4720 1240 3298 3635 3948 2142 4639 2158 615 4792 1224 2630 1935 4977 3485 551 1696 4088 3496 4738 1036 2818 2479 1537 206 2443 2117 2274 3104 1313 1127 2630 3647 1100 3124 1422 3985 115 3147 1606 2881 3939 4756 2179 1858 4907 1528 1118 169 389 1783 2206 3852 793 4027 4859 4780 1544 1121 3414 1921 1712 2909 3191 716 568 3594 416 361 2435 4674 4709 2565 3631 3354 2896 1780 663 592 3205 2525 1513 3350 3440 4441 1436 2457 253 2564 1672 3711 4710 543 2827 2747 2966 3128 4844 4789 1489 4734 1666 4110 1311 2744 3532 1647 2929 2904 2755 1808 4011 1396 2185 1459 3317 4114 1839 3583 2904 3123 2236 692 1071 2345 743 193 144 307 987 2783 2971 3366 4002 2837 4450 231 4469 4566 3884 2364
1649 1873 350 4093 4228 1150 4115 1026 4314 2749 1874 3477 912 2784 2044 103 3926 3730 2943 388 424 981 2958 4076 4178 4639 3121 4573 2164 975 673 653 1257 2705 217 2615 4796 2225 486 866 4304 2246 4007 3631 1096 1753 1301 4357 1396 233 3488 214 621 3846 2555 4283 4553 108 4087 3587 1536 1718 3328 1656 3692 3173 2102 2340 1281 1370 4780 1393 2864 2405 2612 1070 3643 3000 4463 569 1200 287 2919 2261 4187 3661 3532 4729 1173 1586 620 3723 1345 1209 4760 2532 545 4271 1634 2505 1789 2348 2276 219 70 524 2798 3802 3031 3992 2525 3098 4352 1782 4023 393 4195 2733 1679 3843 2021 4971 3441 1700 3022 4297 4170 274 4867 3153 1685 1227 3998 4241 2749 3412 3204 4790 1538 4448 398 4252 4898 3997 3192 3407 976 4951 2398 1679 1878 1654 2826 4307 4249 172 4700 1680 1611 2996 2452 1319 914 1071 2295 85 1186 3496 2448 3995 1042 3265 1870 2188 4457 4552 4580 1296 4071 4419 3481 1121 3906 1256 1963 3326 420 4452 4332 2401 1794 3864 3611 3848 674 3734 4436 1380 3241 65
4696 1748 4470 228 772 4309 1536 4668 779 2049 4825 1820 4149 1079 571 4263 2002 3237 1663 308 1586 3593 2786 160 2214 1506 648 3713 975 630 4945 598 3009 2595 1861 4199 301 238 4434 2941 1429 247 3733 4498 986 2724 1192 3886 3758 2216 627 1663 1644 2015 3566 4073 588 2398 1036 1251 1583 2768 1251 4041 835 3293 875 4393 2311 3573 1843 3016 264 3602 57 4251 3679 855 574 3505 2719 4071 3595 970 1177 638 264 2348 4128 812 1831 3693 1542 52 68 3443 3899 3852 1357 592 42 1753 1827 3835 3941 133 3296 3206 2437 1125 4055 4753 1234 2184 1657 153 2797 3657 4705 4839 1063 1991 3659 221 1646 4303 822 163 3731 4484 2963 62 4848 3385 1888 1814 1793 2581 1445 2328 4648 1808 871 4382 214 322 953 3043 559 1047 512 4051 4391 4018 4954 64 4937 952 3474 4024 703 43 2716 3606 1245 1968 43 1094 977 3949 425 2833 3006 4646 1620 148 1976 2084 2761 1963 2576 4168 2630 3831 924 3735 3781 4748 520 3917 194 241 1896 2247 2585 2884 2540 2146 4785 1803
1596 2327 3285 4672 2537 2760 1176 4204 4188 1682 2513 3897 4565 1706 491 665 3430 2279 1391 1938 85 1392 4909 4037 758 69 4481 142 673 4945 2727 2421 1137 2194 4043 4789 4852 4108 4250 791 3833 4012 1658 3461 62 3504 2657 4735 3690 4961 712 2218 1801 1382 2931 687 2048 347 487 4121 3811 831 2884 3158 3500 3755 2718 3892 4860 2467 3314 885 4933 3843 653 2122 3874 3589 4932 1117 4827 4648 131 1853 3290 2487 199 898 566 3891 3256 594 4575 3844 1346 3957 2155 188 3897 342 2810 49 3643 2448 3403 1173 2151 1301 3501 1769 2191 1339 2761 1165 4122 374 1573 2647 2985 4079 4774 2705 1727 2430 2447 2833 4922 437 3372 3494 2558 1558 4988 3236 4425 4849 3600 1434 1738 4176 845 2521 3593 63 2859 3168 4414 2283 2376 4150 30 4369 3285 4414 2813 3457 3845 2473 1021 1297 1654 2225 3493 2700 328 3614 3842 824 4531 3234 3553 2041 326 3702 2878 1489 1532 3819 1227 2749 2515 2998 1307 3648 1693 4677 3655 913 2817 4685 3141 2138 4176 2252 2496 3432 2841 4554 3822 1520
3276 4222 2768 3253 2463 94 422 2383 3342 4592 2859 2289 224 2182 4995 1107 2323 680 961 902 873 314 177 480 1108 4135 1483 4741 653 598 2421 1124 3038 929 3076 2150 2555 2565 739 4118 2398 4212 329 151 2780 2843 3953 125 2626 1287 1942 4531 1008 2129 2951 3691 2896 383 3018 2503 71 353 2410 2074 811 4836 2794 696 4638 416 1426 3913 4168 691 2602 4021 1644 4082 298 505 3682 966 1022 3379 105 3299 2463 3769 638 1951 2405 2180 2667 3885 465 4643 1496 2663 4869 4075 1084 4162 4239 4699 629 192 3582 4313 4475 2571 955 4171 3813 3320 635 2093 3946 2921 3569 4607 3743 3839 1340 2672 19 2180 567 3430 4676 1203 3116 3510 4594 2542 2062 2724 53 4665 4461 4249 73 161 4802 4741 3677 2156 2801 2795 1733 1903 4211 3427 3869 3176 4669 1195 793 2555 641 1800 1597 2837 4638 739 1361 3445 4696 1378 2082 4825 2409 4776 3472 754 1948 3328 4717 2335 4343 4290 2242 2957 482 3817 177 1321 105 392 2487 1823 270 3845 119 3845 1692 2004 4617 2785 2707 129
3305 2266 3828 3072 1229 1602 1259 269 4132 3944 990 1722 2083 985 3772 3660 3781 4929 4649 3353 3033 2600 636 4943 4411 4409 889 404 1257 3009 1137 3038 4591 818 2363 1907 2702 1228 4987 2355 174 3882 2251 1154 4154 4190 2444 332 4091 3821 3532 4388 3624 4739 1035 1604 4364 1384 2400 309 4411 2100 4530 1090 959 433 2210 422 2550 4944 1884 463 806 4330 1752 3973 4117 1160 658 4413 1036 3936 4365 4904 1504 143 255 820 2515 1853 1028 1252 3103 1046 2836 4226 2144 2685 1243 4558 1659 1175 1474 2204 3229 4465 4171 2768 4843 3946 1057 2812 3748 940 900 2820 255 2000 4193 1187 166 2376 4573 2627 3592 2745 4599 2752 996 4406 735 3842 4378 2340 2072 2055 1989 4753 1400 3326 4361 1185 4668 1272 2343 4430 4605 964 3417 134 715 907 1648 3684 3722 2684 3436 187 4435 3731 4762 4005 1615 3860 1020 1128 212 1799 3252 275 3571 3926 4317 967 383 736 2014 2524 3103 3182 2795 495 3421 1734 3437 3954 3748 4954 2234 3956 479 4030 432 3122 4675 2456 2749 88 4848 3911
3146 363 4329 520 1854 3935 3051 1349 1536 604 730 3685 3212 3034 1620 3336 3210 4661 3816 2816 113 1064 1178 3801 1521 4582 3619 575 2705 2595 2194 929 818 4232 4148 2953 2463 2947 1317 823 4484 2563 3044 1782 4503 2491 4044 2451 3498 140 1335 3896 3763 2674 4437 1426 1608 4729 3366 4755 2265 3993 587 3689 2362 4000 887 2280 2749 2592 754 3150 4762 4638 4956 135 2395 3231 4026 979 2254 4184 4398 1689 4288 750 3134 332 777 1817 834 2295 2033 2781 285 523 4204 4338 3854 4673 2184 3034 2998 375 2092 2548 732 4935 2939 222 1785 4434 1799 3698 806 551 3703 258 868 4699 411 1654 1368 2064 3937 4254 1890 1563 42 3593 401 546 4952 2695 1415 1750 2051 3631 4751 4271 3744 46 1143 1746 4470 197 2676 3688 1461 1089 1307 2976 2269 4474 1371 3815 4691 4528 3921 4085 4627 352 1939 3044 3338 2576 4410 2276 4580 3779 3625 141 546 2553 1047 1939 3389 2426 4756 1403 3687 523 3147 4659 2005 426 3960 2812 4723 1352 4662 2650 2494 2258 4716 3933 3963 3137 4458 3707
4622 653 271 1332 1620 4101 2065 1094 548 4097 1118 4782 2507 2887 4306 2482 1128 55 4303 3884 3930 2167 4632 1078 3260 1946 173 1170 217 1861 4043 3076 2363 4148 171 1062 4384 19 2303 4033 2348 234 558 2513 2878 69 2417 4855 1549 1001 2560 1500 4149 974 161 4238 1568 3123 733 3852 1863 1732 2793 2573 553 1082 4892 4833 3528 1527 2874 4203 2823 1815 296 694 2246 4646 914 4703 1691 506 1917 1735 4617 3246 1623 4231 3522 2177 4384 4859 1995 3841 3941 4918 4713 2961 1714 4916 318 3927 4821 829 2568 4718 3821 1787 317 3211 1734 3337 4031 1830 2887 2821 473 3019 4276 1201 2690 1131 4067 1513 2055 4769 1302 4276 1928 996 4361 2770 3403 3453 3246 3152 39 3894 1937 1699 3996 3071 359 3345 3230 876 2399 1964 4745 4739 1742 1512 3061 2998 1294 3811 692 3194 2751 4891 1214 3932 4693 4190 1620 2879 3868 158 1187 3031 739 3770 2772 848 1565 1170 4193 4839 4804 2873 3522 3791 1912 2487 1133 1732 2137 3636 2851 2055 1606 4499 2608 94 3837 2058 4382 3119 3647 3805
3763 3913 650 3918 3500 2662 2374 4661 911 3468 2964 3422 4253 3264 2471 3580 3767 1099 643 3241 3899 4688 3456 2571 1056 4612 1688 1978 2615 4199 4789 2150 1907 2953 1062 1702 2653 2767 2084 1909 1495 3057 1887 203 2356 1666 3825 4279 4291 3004 2460 4949 4107 4757 4998 4474 738 3833 2390 2016 35 4446 4629 3870 889 510 3936 4337 4360 3210 1756 1054 3700 2963 3967 2137 4408 2461 2344 3399 4136 3480 3830 886 2375 1692 1800 4660 3109 1165 245 4174 540 3860 3795 2863 1612 1549 445 781 2127 2587 948 4740 1563 988 3970 1773 288 3898 167 3143 1480 2016 1127 4508 4877 3384 210 1441 3566 3422 26 4581 945 534 790 2168 3415 4008 3241 4295 3668 1049 2433 2804 3732 2147 1185 956 3945 995 790 1497 3199 2450 4824 3825 2358 223 3431 211 747 4142 1716 4085 3204 4253 3374 604 655 1831 426 1199 2908 4413 795 609 2771 3929 4035 1101 854 2581 1921 1191 3831 4243 1035 2344 1562 3205 515 1718 1582 4557 1172 2617 802 2411 3860 3808 4529 1382 4339 635 4248 2103 2436 4448
4113 3819 4992 2592 2490 2482 2626 1671 2927 1392 2752 4688 227 3050 1960 755 1962 4683 4491 4771 712 1209 339 3791 3193 3219 1851 2333 4796 301 4852 2555 2702 2463 4384 2653 977 3225 279 171 1283 284 3683 1390 3642 2970 3479 3526 1453 3518 282 2005 632 2820 4578 3507 1362 630 3387 1327 4370 4449 347 4134 1730 1417 4528 755 3689 4023 3589 1549 2334 1045 2543 503 4367 262 3791 3977 3308 1117 822 1978 1880 306 1082 1960 2853 1511 390 3133 1577 3538 3624 1651 1116 358 1987 4440 1475 3653 468 1329 4440 3385 2636 4585 3372 4322 778 4138 218 4992 1834 55 3248 3836 3252 1842 866 190 1086 4960 4389 808 2536 665 2784 1635 2963 1239 2005 615 4846 3129 589 4298 909 3496 1764 4911 2949 281 1469 1923 1791 3571 2826 1974 313 816 521 596 3831 1776 2140 2068 1696 626 1393 3924 4978 4065 1562 652 4983 4198 3235 2965 2448 1433 4072 3220 3771 1758 4753 877 2946 2928 736 1958 4612 4825 2612 194 3882 2714 1721 1899 1802 3087 957 4917 1018 2495 3754 2322 2563 1078
2375 2361 1633 2201 753 2523 2327 967 3770 885 2053 4799 735 1132 2000 3923 3638 2482 4621 2434 2337 1580 114 1905 1509 3012 957 2648 2225 238 4108 2565 1228 2947 19 2767 3225 3362 2056 3427 2696 1002 3307 4470 4139 3486 4325 748 1773 3719 1141 3760 153 1337 1975 4028 1402 4901 4302 3164 677 4719 2815 2416 4805 660 3385 602 1470 3331 4817 1270 927 4191 3684 1814 2278 168 901 2258 4004 4948 3788 323 243 4522 1595 30 2560 3704 4589 2686 3032 2471 650 3465 582 3199 529 2165 2811 1599 4947 1737 2746 978 4110 3801 91 1329 1138 837 663 1222 1517 2385 3565 3603 2710 3010 2270 714 3948 3995 3000 2356 1792 1487 2836 1317 1637 1062 3867 3160 3871 1886 1685 3487 3648 3933 606 2893 2520 3779 3901 1079 29 4533 3090 196 616 660 60 1902 4622 1638 4375 633 165 2727 620 4707 2800 4099 4182 3042 809 115 3439 4879 936 1370 953 1245 4042 2703 1864 1039 3816 3792 4140 2693 1651 4515 960 2747 3388 101 4300 3151 4373 3697 3138 4388 3794 3578 3674 4342 4850 4288
2918 4082 4190 3762 1948 1772 306 1841 2440 2509 3933 3252 1203 4992 855 981 819 1204 3272 1994 4006 3918 1646 1365 3466 4556 145 3548 486 4434 4250 739 4987 1317 2303 2084 279 2056 912 3036 2836 2082 3940 1961 4405 4675 4804 3424 1044 4879 3115 551 4522 4907 4951 206 4874 3265 4443 1236 4256 2840 3754 2553 3042 1246 1687 3864 1750 537 4846 131 2154 3078 1754 1849 3259 3248 1749 1130 2847 4204 4276 4648 4763 4872 1112 88 4555 465 2039 1154 684 2754 1932 4095 946 3607 1153 3410 3662 1788 4706 4921 2716 2914 1300 2706 4247 1095 146 3558 780 2357 3697 3437 2902 3245 4260 4116 2020 3657 3638 1730 3249 4514 4950 4440 987 483 4204 2354 1576 4472 3515 3078 4098 1468 2471 437 1184 911 1426 329 3760 2033 2844 1443 185 2697 3172 177 2654 4697 4141 1579 3227 4292 3729 2028 4935 723 21 1555 3474 2984 4613 1185 2267 2641 1038 3303 2944 458 3466 3646 4883 3840 2590 1130 3726 705 1492 2129 4189 4244 4985 285 156 2792 4057 2306 430 3145 2931 3217 2487 511 117 416
4185 4930 3808 1192 1253 851 587 840 1583 786 349 4921 177 2903 1606 2975 1140 4127 2121 4540 4110 645 319 745 4010 4559 1434 4449 866 2941 791 4118 2355 823 4033 1909 171 3427 3036 1139 1858 1237 3851 2624 1780 1390 397 722 2928 4093 3967 3473 472 2988 4887 903 2321 3847 3614 3065 2588 4800 4265 3633 628 3527 246 1314 4300 4625 4256 280 692 4426 1408 4217 3071 2401 3079 1336 2634 4335 2654 2236 4434 1780 3093 1872 2363 1622 3493 2173 146 1531 2995 3347 2633 4777 4358 866 875 4035 786 2774 1311 3079 3396 1369 725 457 2983 4745 4842 4130 4507 3574 136 4333 314 3985 2130 1262 1441 721 1114 274 3074 1132 3327 478 1585 3808 3224 4397 710 997 1977 533 168 1686 655 1981 1210 1272 3651 4433 2410 4473 3417 2374 2235 4612 560 2328 2692 4343 295 2505 4496 659 1284 4611 964 3296 3079 3791 670 892 4816 1570 3792 4178 4870 1805 423 2684 37 1973 3773 2908 1724 3100 2541 3322 4990 2260 4208 1151 3277 2984 1469 2302 188 2493 4884 4198 1108 4287 3771 4655
