N: 200
M: 10
Symmetric: true
Triangle: false
20 178 63 160 72 169 96 45 10 38 183 93 155 25 54 69 102 166 31 197 32
14 172 88 67 48 200 191 35 56 175 133 111 121 145 34
19 187 199 149 148 53 13 180 127 12 120 16 95 17 78 7 138 50 129 3
15 66 91 116 101 14 2 196 192 46 144 84 39 70 80 61
19 20 42 125 117 28 97 98 171 65 83 15 152 27 22 21 57 132 86 164
24 181 59 190 167 52 189 158 44 104 107 184 137 1 157 124 103 73 130 112 151 173 147 179 36
23 123 114 9 113 109 185 71 193 141 87 49 60 108 198 55 8 139 30 100 40 142 122 161
23 154 51 11 68 186 64 99 94 5 153 126 6 106 140 159 146 4 79 128 194 136 134 118
20 119 131 92 81 195 168 85 135 37 143 182 75 188 33 47 174 29 43 41 58
23 19 162 62 18 165 156 23 90 150 89 177 170 105 176 163 110 24 77 115 26 74 76 82
3131 4917 3881 2862 3063 2559 924 1146 3731 761 3812 380 1969 3934 1258 4181 215 2420 3280 4115 554 917 4515 3695 1826 1666 1670 1505 530 3054 4857 2279 1947 300 2774 3726 2122 1451 2443 1289 4972 3520 361 4552 3177 4840 4179 3815 2418 776 3085 1943 1182 2759 3188 4657 3609 4175 1442 679 1926 4150 4440 2191 3608 2494 2783 4299 492 3093 1905 478 2126 4787 189 4520 1593 2738 3898 3996 582 3716 4404 722 32 756 3669 773 3979 1806 4623 4202 350 113 186 1290 1324 2234 2672 1944 1760 1641 273 4907 4994 2312 477 3145 2002 4732 2958 1325 3937 3216 4761 2453 1599 2845 1734 1679 3212 661 1579 3669 4533 436 286 2458 4711 906 1340 2463 1111 1835 4967 1524 1756 1260 1734 4915 4871 447 386 4539 59 962 1599 4686 3409 704 1408 1778 4664 4864 4461 690 949 620 4606 2517 2879 3949 4232 4106 3924 2727 2185 1361 2172 739 1584 1641 3902 3641 4273 2884 2272 3627 1604 4990 3998 40 4259 3581 979 1815 4595 4087 4316 4715 3939 1286 4145 848 2756 4754 2476 2048 424 1420
4917 4184 4965 2722 876 3444 1162 4387 4033 1369 608 790 4336 1761 4746 147 3580 1155 2115 2322 4235 397 3134 3160 3231 3213 1804 2745 956 2404 3351 2484 2208 1505 3189 1602 881 2367 4770 869 1781 3711 3189 3411 4420 477 1022 2065 2655 3650 1738 2235 4720 3320 1641 3725 2855 4926 4408 3890 3319 3788 3339 2397 4097 3254 2512 2033 3738 2459 143 1813 4303 56 3960 4162 2394 719 934 2736 3494 3604 3974 1878 4297 4917 3941 2185 3381 4451 2054 972 3102 4996 4636 582 2160 3811 3688 464 2597 4471 2729 2462 1314 184 2619 715 3836 62 3679 1832 2433 4333 4748 202 4280 139 3747 2251 714 1489 2645 2378 4314 270 3999 1762 3847 1923 1437 1829 2699 1505 2460 4671 1139 299 3878 274 217 841 1607 2580 3115 1313 746 3487 1038 219 1921 3842 2160 3632 4856 671 3325 2923 4588 3866 2649 4707 1763 4337 4248 4267 4991 3343 4505 2690 823 2217 3687 425 2083 4795 4564 1121 522 2595 1912 1608 1276 841 608 1498 513 1455 949 4086 1818 3360 3679 1819 1865 1110 1451 4942 3975 984
3881 4965 212 4467 2101 4266 1467 4090 4099 2435 401 2744 3378 1026 2907 4244 1891 668 810 4957 3231 4682 3406 2716 3795 3828 1368 3297 3108 1510 3079 2248 77 4617 4844 3537 523 1630 2538 3799 4539 91 1670 2082 3216 4476 4704 4111 1281 2739 3687 85 4959 2436 3595 1064 2895 2333 1302 209 4102 2627 1165 2562 871 1535 1002 1248 4848 1061 1233 3408 1095 2294 1904 377 1029 1398 2663 3842 4220 1250 2730 647 3216 2807 231 931 3737 1207 3216 2979 775 1397 2778 684 878 1826 2675 4375 683 1756 2809 3408 3274 3458 4401 3403 529 1829 528 4841 489 418 4397 908 4055 4791 272 2567 2761 2725 3807 3268 4839 1043 2084 913 4344 4656 2971 3219 1447 1410 1793 4248 3130 1523 3596 1699 4626 163 3724 1464 3084 449 4888 1936 3290 4894 4309 2590 220 1826 1308 42 4819 1847 943 595 2489 574 3740 1554 1919 2776 4275 43 396 534 3928 3214 4312 4947 4860 2280 3443 3636 3655 2200 4389 4308 4975 2648 4473 930 3541 1051 1994 1456 3754 4650 1236 3220 4747 4469 141 506 13 3777
2862 2722 4467 3621 4221 120 2417 3965 2423 3886 738 1866 241 2695 1175 311 4872 278 2650 2618 2585 4869 3519 3309 4106 969 1383 1128 3219 4939 366 1459 3720 1123 527 3674 1875 1262 3074 3703 4327 2537 1691 1494 377 875 3818 1620 3674 3384 3766 3653 2199 2094 3329 1150 846 2358 4633 409 3344 1537 4980 1845 4643 3898 2289 2793 4252 4857 1760 3147 3532 1293 4704 1804 2138 4756 1911 4602 3048 17 4035 3615 4474 4729 671 1422 2965 19 3590 1767 4693 740 511 2092 4557 194 2952 4462 3732 3335 1196 4021 489 868 2036 3389 2217 2623 1855 4840 2920 3051 258 4128 1716 2086 599 1235 3805 2590 4949 798 2402 2345 4418 3186 4782 1718 3630 2101 10 1155 417 2279 4071 2102 4588 293 4514 3697 2373 3908 1637 4855 198 3389 2366 3658 939 4385 990 3353 1885 2122 1727 3566 4875 4286 2929 4786 4880 945 3797 1618 2031 151 3650 1349 4143 3006 3861 1023 4387 3551 2148 4128 4380 3573 818 1459 2905 4003 1466 3133 563 1412 1602 440 2557 4889 952 825 1396 4802 2458 1346 515 3602
3063 876 2101 4221 4555 1859 3489 90 345 468 822 2110 2853 2858 3823 2984 2541 772 3283 425 4813 1209 2864 2026 199 499 4266 2952 1937 3954 1133 717 4986 1041 3529 3403 3424 2309 850 18 1681 3956 3824 3197 3009 4021 2543 1539 2696 3233 1609 2074 3437 1167 4420 463 3488 1268 1807 3392 1832 2733 1096 3185 1552 4567 1691 2577 1906 1041 4418 3954 101 3220 1808 1270 327 214 457 4548 2353 1418 407 1748 759 4441 4932 1343 1692 3257 476 4865 4315 3356 671 3680 2034 3521 366 3529 4815 2184 1363 3618 220 1748 1143 3563 1881 1740 45 1755 1523 3371 4497 118 617 1727 2649 1817 2289 4349 2414 4762 1209 3736 1736 1747 2470 520 2590 4504 4109 3869 43 2605 734 2490 936 4001 310 1136 4476 1435 1361 4979 1252 3934 4991 3446 2682 837 1199 3565 4549 2528 824 4198 836 3164 3715 3773 3240 3149 60 4207 1637 4235 1344 4161 4836 387 4192 4218 1181 3662 3165 2612 3066 1462 1901 2838 1728 3935 4047 3003 2315 1502 4124 2483 3837 762 3652 4665 2203 2156 365 2988 858 4954
2559 3444 4266 120 1859 4375 130 4679 1422 948 2243 3086 2369 4778 3895 3711 633 2772 3611 2929 3570 1267 4539 3799 3637 1111 1302 124 3808 1264 3052 282 1707 4453 505 4963 4250 3479 3956 1734 2499 4472 4993 1242 900 2799 1428 4302 1185 1093 4341 460 2136 2815 691 649 4914 3565 397 351 277 1115 3772 1698 778 4518 4194 2919 3888 2973 2516 3678 1591 2583 3074 3187 1752 1896 1460 4315 3348 479 4940 1688 4258 4269 4849 4746 3414 133 2750 601 1742 1933 2186 4037 3037 3559 2398 778 386 2156 763 3833 4803 1899 2666 3171 4277 4021 4211 4527 1214 795 2810 2663 603 903 1272 4293 383 3359 1129 3895 187 4114 806 4251 4119 4292 3961 3996 2807 2059 3933 142 4941 552 2089 4238 3583 3175 2652 4939 4451 1667 1212 779 3071 4719 2817 31 3244 4255 2641 1080 2388 615 630 4344 3262 3383 347 2954 3290 1795 4578 2369 3882 3219 4364 1826 734 1833 1663 3889 3569 3633 1896 1761 3744 3056 2407 2099 190 257 1024 4462 2375 3933 2301 1154 1129 913 48 2152 4484 454 3883 2314
924 1162 1467 2417 3489 130 4150 1845 4594 2737 4146 26 3870 3607 1696 1833 4927 4981 2917 640 1314 1417 1894 1400 4829 2479 3698 1448 1843 2592 4630 1775 2410 1346 1182 778 4285 3689 1888 4087 2193 2041 4946 905 852 3172 1428 225 3002 556 4137 116 1467 150 2415 4276 3605 2033 1986 4970 787 4413 1170 2412 3018 2166 1275 1353 2465 1298 822 426 474 1812 3279 3725 4935 3435 948 4354 2892 1449 2071 3664 3576 2163 4444 1071 1298 1533 2583 1757 4100 2878 1687 1439 2130 913 4985 1701 1062 4625 1271 4513 2127 2603 445 583 3546 1504 1710 2302 708 3856 1368 2301 3575 3440 4410 3828 1554 4916 2280 653 639 4797 265 3243 4610 416 3141 2177 916 18 1043 3444 4435 1773 4055 4148 1981 2040 3643 349 2761 286 290 3740 94 983 1996 3766 1656 2988 29 1512 4778 659 61 4179 4887 2687 4318 610 511 2070 2065 101 1490 2908 166 4625 2787 1524 2258 3966 1954 4892 4444 1832 1082 529 235 1613 347 2117 3289 3901 2420 2220 4651 365 365 1325 1312 1632 3629 2330 4859 4885
1146 4387 4090 3965 90 4679 1845 3879 1059 3591 3023 4841 3585 234 804 3835 1965 1568 2712 1201 113 715 694 4685 3162 1324 907 4696 3382 490 3860 756 99 1336 3716 1052 3146 729 2655 4171 3173 2546 4981 4924 3975 3445 2696 3807 3971 2897 2111 3633 4612 1729 2428 2736 1741 531 3844 1944 581 4683 900 4584 307 3009 2188 1745 2553 2107 3223 281 4333 29 60 4889 4806 1512 4950 4964 678 3278 3395 76 638 3562 3461 1861 2159 480 3462 440 2405 2453 4821 2510 2006 2307 537 1448 2957 801 290 357 2751 3726 4662 4046 1295 630 745 2852 635 2007 4115 4704 2373 1390 155 3729 1736 3637 390 1346 1979 3734 3036 552 3358 3856 3618 1288 3646 556 3769 2053 628 2481 3062 1558 319 2182 1983 2144 1780 2205 2833 1603 2297 2915 1976 238 29 3283 793 1265 2159 4835 4764 506 2366 2630 903 3355 2813 4756 4926 753 832 1063 3333 747 3427 3520 4751 4822 3334 3264 1537 608 2939 2139 1946 3918 3978 4040 797 1543 3117 3139 2417 2231 2021 1083 1216 2970 2791 4967 743 3180
3731 4033 4099 2423 345 1422 4594 1059 542 851 4194 2592 1621 2149 4737 1478 1790 3342 3038 557 678 316 4322 1422 4174 4494 3188 1441 1481 4195 1714 4152 1981 4076 3494 2705 459 842 4214 3193 1816 4649 3543 336 562 711 3736 942 1567 4204 4144 4835 4948 2898 4118 118 1279 2947 438 1231 1214 3865 1042 3044 3589 625 4108 1226 3089 2483 3960 1663 434 2358 4583 3207 2830 4902 4487 414 4864 1822 4192 408 1802 1904 4062 1846 1301 3022 1570 3389 1183 1731 1301 2494 2363 2322 1853 514 1088 3274 2048 4959 4130 822 12 714 1737 4750 4828 2369 4079 3894 4060 2734 1343 375 1577 3176 4121 1540 4113 3458 379 4778 3592 4858 2714 2882 329 3520 3929 672 4060 1393 1485 2279 3471 1969 2913 529 3710 3747 1682 3599 2644 1274 2250 4564 3313 4814 4911 1654 119 4825 1508 306 3022 3488 3219 2677 3471 1742 2791 3032 1393 4708 3092 4486 1031 1195 428 1197 595 895 191 3621 1350 341 1209 3511 2694 3938 1857 931 517 170 2070 1382 627 1735 1507 2103 925 2511 4771 4846 2234 3508
761 1369 2435 3886 468 948 2737 3591 851 2485 1434 235 2140 2305 2515 487 4197 3135 2703 4559 1613 4974 1427 4808 4697 4640 969 462 4766 4729 672 4845 158 4080 2589 3909 2521 532 3245 4814 1783 3516 2938 3796 1680 955 619 3641 4644 2524 880 1628 3285 12 1208 329 698 201 318 3038 3647 1084 341 1675 473 237 4202 1750 4559 3474 969 2144 3373 2430 2003 1802 2604 2278 4216 3199 677 1107 3682 783 3985 576 29 3185 1951 2218 4768 4523 33 191 1010 2523 431 330 1961 2757 419 4824 1856 4707 2409 775 1725 3522 4127 3139 2894 4963 2831 520 1454 2517 2594 3837 2687 3655 4241 1735 3768 856 959 4044 871 2727 2985 4282 982 3925 1319 799 2082 1860 4268 4016 1368 4957 291 285 4703 3029 4174 3760 217 2759 2454 1895 2803 3787 2697 1943 4464 580 1095 3669 4267 1990 3676 4320 4363 1402 2598 2406 2954 3079 4457 1467 249 4403 2166 792 3605 3056 1880 3980 1346 3615 4698 4881 3230 2103 2609 4003 2188 2292 2995 1869 3661 4224 1405 3138 4194 4813 2149 44 3225 3600
3812 608 401 738 822 2243 4146 3023 4194 1434 3693 4357 3183 4538 3145 1060 631 3626 4067 4457 1591 1973 165 1796 1696 2311 4721 4641 4247 3459 4628 4620 3978 4801 3825 2556 3359 768 2987 1012 1857 2047 328 1078 1985 3574 923 1814 1344 2124 1155 3247 608 400 1496 2104 497 4603 889 4921 4620 1734 4590 4533 3205 4495 4623 4628 764 796 2135 1760 1074 2961 3173 2086 2608 986 4636 2724 1815 2913 302 3980 852 725 1906 735 4456 4772 600 705 4804 3485 1086 29 2600 2243 4845 1472 1285 2061 1142 2776 3688 1472 889 4469 4189 4953 4358 4340 3991 2956 4087 798 4394 4173 1226 3058 3574 3984 3870 3289 622 3455 2625 4261 4367 2680 202 2367 3211 4461 2066 3004 3091 4716 2986 3893 4666 4187 3251 763 4309 284 4822 1353 4648 452 1328 3452 4341 4982 2162 560 120 78 286 1983 4926 4182 3612 1253 3146 4671 3232 4985 3224 2145 1104 2183 3077 2062 4413 310 1139 2040 4816 2033 4673 2504 1555 4662 4576 2954 470 3147 3890 3582 39 4717 2370 4148 2727 1058 1697 2246 2951 1703
380 790 2744 1866 2110 3086 26 4841 2592 235 4357 3876 3150 792 2216 4104 1894 2887 4341 40 1696 2679 3550 3156 1390 3151 3448 4191 700 855 2191 550 713 950 4379 2549 3047 89 500 3463 2642 1281 991 1794 981 63 3905 1114 3260 1699 3267 934 159 4954 3757 1127 3469 3735 1309 3815 4015 3055 4208 4522 526 2208 2436 648 1217 4527 3784 587 1847 451 3218 1930 508 2549 1374 1710 4586 4627 1427 3700 2285 4066 4968 3899 2539 2441 1678 3552 75 4881 4351 3414 4864 4063 476 3475 3109 1666 3432 3767 2190 2573 3403 2939 411 144 3882 1046 4568 2482 1054 3004 2003 2896 3953 1800 1279 834 285 963 2998 1890 377 507 522 4678 3430 3576 1114 2781 1884 2250 4014 4834 4698 4254 329 479 2439 1486 1297 4960 485 356 1402 3592 553 2948 513 3246 2978 2534 1903 2933 2240 4514 2968 2713 4102 3245 2408 3276 2745 2235 393 3112 2810 2300 2755 44 2147 105 369 4990 3173 2210 873 1433 400 1396 4450 3516 4819 1252 2575 3614 4233 1035 1938 2219 4690 186 1240 3199 1710 526
1969 4336 3378 241 2853 2369 3870 3585 1621 2140 3183 3150 1349 2534 4739 4016 3648 3663 3195 599 2044 3794 932 963 2363 3099 4149 4142 4033 4073 1664 653 610 2878 1161 2999 1276 2524 1608 3993 1418 4780 1238 968 1900 1249 2763 2226 2467 1838 4223 4992 2166 3207 2259 1881 3957 425 3704 4062 3763 4519 1786 4138 3929 295 1081 1850 2991 2826 1177 2701 3279 4177 604 3631 4993 1517 855 2260 371 4749 1006 3971 4131 3632 2916 2935 994 1301 4991 1292 356 3119 4983 4573 1325 1878 2069 519 4693 2706 4087 2172 3247 3166 623 2152 3303 567 3177 612 2838 2832 2897 3770 611 4078 2056 2206 3764 4784 3914 3931 1203 2692 2337 4992 4945 1634 4777 3551 1353 4376 4486 554 152 661 157 633 3055 2376 3602 1950 51 3956 3544 2835 4624 281 2521 4233 3465 3947 1207 4665 2126 1291 4770 40 4646 645 2768 1322 438 1601 4772 3902 925 4923 134 1443 82 1432 532 4610 2672 2217 2481 3894 3661 3148 108 385 1711 2685 3731 383 4479 3074 4293 2109 3530 4819 2617 1314 1823 2447 3452 751
3934 1761 1026 2695 2858 4778 3607 234 2149 2305 4538 792 2534 2043 1188 4802 1281 1950 2582 4166 4053 4429 1734 3939 1522 4900 2287 2542 1044 3445 3399 4483 3938 3633 3505 263 1919 1957 385 1119 3889 4459 3796 4649 4325 3707 803 1141 2391 1263 4806 3595 796 965 314 3443 230 4097 2634 1511 2035 3376 3945 1164 3422 2246 590 4971 353 984 214 3964 3389 1584 852 1404 383 2981 3728 2384 783 4128 3357 3168 3703 1528 2838 874 4077 1192 1855 161 1330 3526 2098 1975 2385 4472 1539 2590 1949 1400 2334 3447 2260 1234 4476 4972 4323 4031 2348 2479 2831 2325 4461 479 2850 3851 2313 3148 565 1679 4672 409 423 2335 1568 3305 3978 3792 911 3896 717 3925 3074 1385 270 2089 360 2791 522 4629 1579 4124 4743 4302 3035 3085 4547 606 1422 1648 3603 4658 3206 1356 1844 4167 2496 714 3637 3919 3780 4391 1191 1423 2221 84 3684 4228 2760 3761 4078 4337 4966 4345 2408 4572 3374 3393 390 2783 3289 1742 1408 292 453 2025 1298 3131 4654 4229 1130 4445 881 2674 1310 1728 4547 4236
1258 4746 2907 1175 3823 3895 1696 804 4737 2515 3145 2216 4739 1188 2149 1543 495 4973 2059 2575 476 4709 3792 4676 1054 1768 4458 1567 2385 3483 1324 461 129 4553 3456 380 1880 3564 866 2036 3706 4786 3602 2054 490 1242 2566 1470 4050 1226 2313 4853 2999 2417 495 2876 2892 3083 3929 937 3183 2690 1454 619 75 1327 4219 3488 349 3265 1952 4922 1962 2393 3484 2116 2314 1491 203 3874 1483 2840 1424 366 2435 2885 4097 532 2768 2944 2157 390 434 3919 1019 3079 4120 3366 3071 963 2242 3434 1939 3856 1874 4334 2126 2068 3588 4069 4867 116 3192 607 3967 1724 955 910 369 2537 274 3036 2232 2053 4066 3248 3566 870 3457 1737 4957 2014 2074 4584 3490 4836 441 4402 353 1145 2887 2603 2968 3510 4348 3356 2438 360 4219 3375 3242 2146 4532 1146 828 3526 1838 2112 1586 1198 503 2000 744 4851 1788 4367 2346 2087 4803 3567 1093 3537 823 3017 1327 1894 3261 4153 2307 1703 4140 3226 715 3636 3964 3756 932 3444 1777 4784 1775 3888 3454 1014 1743 856 1063 2538 3152 4105
4181 147 4244 311 2984 3711 1833 3835 1478 487 1060 4104 4016 4802 1543 2961 1356 802 3676 2220 3107 2476 179 4088 4486 2956 1418 2411 4694 830 2020 4357 3751 700 3684 4306 1711 3486 3599 1854 1326 3314 3726 786 4939 3082 4896 4669 3106 2754 11 4725 1129 210 922 3345 1929 3894 1244 495 4186 3664 106 1239 721 1695 2565 2822 3860 4270 2025 644 1465 2397 1322 3933 3147 1192 4965 2873 1308 2000 2944 792 3447 1050 2480 189 4626 4704 785 1468 1511 2555 3300 4759 2489 4256 3669 1463 597 4597 4789 4501 4373 2153 1389 1735 3876 4814 4643 4993 2192 2954 1717 4855 1802 2904 2011 910 740 4947 4707 4525 4017 3812 4690 4094 1594 4661 285 1984 2121 4799 2236 4794 3820 3787 3082 3495 3079 4901 40 4651 2814 1102 44 4085 1750 4600 849 1881 936 1962 4039 914 2091 2252 143 965 4521 1004 275 1705 1460 2040 2969 3606 1381 4149 1977 1073 1306 2064 3378 3017 2828 3023 1658 1910 4678 246 1831 2124 1091 3150 4955 2141 3005 2229 220 4252 4599 1633 4285 3427 273 456 3933 511
215 3580 1891 4872 2541 633 4927 1965 1790 4197 631 1894 3648 1281 495 1356 2130 4831 4704 4638 491 1568 1967 2908 1854 1221 2749 3587 1733 503 3151 774 177 4383 2943 724 348 1051 2527 2511 368 346 116 2264 4172 877 1320 1701 1222 4766 338 1600 3699 4774 201 2109 228 2196 568 751 3048 288 4982 979 1444 1508 4949 2597 3706 128 4503 316 2883 151 4532 3206 1907 1460 4815 3527 3068 3996 3311 3266 2970 3091 4106 3281 1606 631 425 4081 2023 2699 1984 1445 3249 3251 4413 4117 3078 266 4707 4085 3007 4263 337 2876 1168 2786 4785 505 2623 316 1868 507 3432 2759 3069 4911 590 519 2073 204 913 1006 4654 708 3578 3631 1550 3836 766 2851 3965 4999 2210 671 1176 3379 1749 3863 3934 1817 1000 4323 3530 3274 4412 1389 4337 2239 2164 3605 1060 4442 2001 3716 3386 2235 794 3503 287 1434 1264 3017 1835 1153 1691 1789 539 1792 4809 3089 4835 2467 920 3121 3468 479 1116 1640 11 1945 4268 4650 4301 385 2899 1109 3206 3717 435 3403 3746 83 4312 2624 3122 3273
2420 1155 668 278 772 2772 4981 1568 3342 3135 3626 2887 3663 1950 4973 802 4831 1400 1122 4109 1027 4138 2248 704 4403 4382 1158 272 193 3408 2836 3090 3447 4535 4198 2753 4645 4014 3284 2383 1118 1423 2835 2116 3001 2687 3736 569 3470 4617 747 2130 3228 3627 2229 2535 1964 755 1358 1919 1281 3777 1641 1113 2388 1628 4583 4737 2435 206 3978 4707 2100 693 1722 847 3090 3141 133 1675 1391 4428 1537 4434 4111 1111 3692 2164 3309 412 2241 4338 14 883 1005 278 2431 4767 4783 2302 2372 4224 681 3487 3394 4578 4989 4674 1284 1179 3450 3360 4896 2458 1430 2439 3854 4645 2968 2150 4991 1496 354 3756 4100 1276 3236 95 3608 1137 4972 3335 354 2525 3229 574 3181 135 3580 1453 3328 4739 4724 4241 1290 3251 448 1236 3474 1258 4099 4703 3989 3726 597 302 3433 864 3768 3513 3583 4781 1918 2356 4549 3027 61 3796 2894 809 2519 2145 4878 1539 127 1275 754 3166 3392 1067 702 4776 976 3210 2550 2745 3961 1026 661 2716 453 333 233 1124 2784 4573 3467 353 1345 3896
3280 2115 810 2650 3283 3611 2917 2712 3038 2703 4067 4341 3195 2582 2059 3676 4704 1122 549 4348 4672 2870 579 1258 942 4787 126 72 3480 4253 3987 4848 3751 462 4595 237 3995 3573 1026 2694 2465 3920 4397 4900 1496 69 2824 3270 470 811 965 2215 1974 4167 2046 3323 2380 1796 3982 2788 2831 3400 2390 2982 4062 152 837 3548 2606 1575 1607 4379 3757 260 4106 149 3398 2761 4788 4398 2528 1376 3198 1968 3882 819 4837 4686 919 2936 1190 1005 392 329 2868 1921 3915 1449 4252 4262 255 1402 2764 3697 2040 3850 4682 57 1538 1727 2638 3224 4300 267 3690 3597 1854 1378 1250 4426 4866 446 283 1173 2366 3935 4936 2335 4003 516 3829 1567 4758 2364 86 2083 4386 1186 1106 1539 4693 1668 3176 3638 2633 2361 2550 4649 4101 3704 1032 2316 3791 4945 237 4822 4541 2640 4060 2635 1927 2766 2350 2487 457 4196 1210 4622 1558 1839 3757 647 2249 4572 497 2906 2197 2587 1732 4129 4925 1351 4835 3212 2413 3000 1537 3118 4854 1434 3457 1789 2503 1860 2042 3454 2346 1110 3923 134
4115 2322 4957 2618 425 2929 640 1201 557 4559 4457 40 599 4166 2575 2220 4638 4109 4348 1029 1734 463 2667 1889 4872 186 1966 1367 3528 1400 801 4304 4731 1912 1172 2355 3030 2629 2963 1024 916 2751 2874 4077 4184 1280 2208 3481 57 3545 4453 2979 157 3046 3829 2613 3463 1683 4928 612 4114 2928 88 1883 3858 1794 4996 3973 3189 4743 4930 3350 3836 1131 3407 2218 1588 1716 1929 4477 2961 2343 3122 4442 3584 2605 4844 3652 3118 790 2143 2448 1939 376 664 2404 91 1294 244 4881 4753 187 4423 4242 2649 1192 2419 2605 2128 4135 4784 4292 4574 1149 951 738 2195 4900 3982 2729 4078 323 3614 1422 1176 541 1230 846 3185 4033 1036 2183 4759 4570 1205 1224 4917 4890 1928 3573 4839 818 4417 1995 4650 4547 331 11 4950 235 485 881 1878 4575 650 1210 1436 2506 3520 361 73 2167 4490 4264 3300 1581 3802 144 4516 2023 4586 1381 448 3920 4548 2873 3776 3020 1321 3891 1561 1831 2156 2317 3924 1984 4228 2668 820 4391 1006 3000 3172 332 1492 3751 1443 1388 584 3122
554 4235 3231 2585 4813 3570 1314 113 678 1613 1591 1696 2044 4053 476 3107 491 1027 4672 1734 218 2938 3074 3824 4388 4040 1314 3011 1657 85 2310 1269 4522 4375 1885 3055 1232 3392 2407 18 278 416 1291 2171 2949 2479 3496 2645 648 836 4002 2384 4087 4346 114 698 3320 1722 2995 3647 2856 3631 817 4981 2613 1685 1748 4908 531 1621 3705 1524 630 4689 375 4092 2736 4982 1697 386 3327 4929 2438 2495 4221 131 175 1795 2843 4888 4739 1172 2419 2921 1354 1857 318 2223 2797 2372 3236 4244 1662 1681 628 4315 1503 1210 357 1184 873 3428 1355 3545 1536 4116 948 2450 4662 880 2477 1068 1112 3276 912 168 3011 3335 3279 4717 2716 4275 869 4901 1586 3288 4928 2299 3234 1791 1830 4440 1523 2264 761 2273 2002 1553 3018 1666 4059 2321 173 1157 910 2282 2210 923 3213 4552 780 2804 3537 3654 3335 4831 3698 4438 3428 802 1641 4143 65 464 3221 2226 1544 3081 3726 707 2292 556 1457 1370 1748 585 1316 3055 1744 3772 1661 2494 1699 3325 1178 4358 2062 1614 2885 586
917 397 4682 4869 1209 1267 1417 715 316 4974 1973 2679 3794 4429 4709 2476 1568 4138 2870 463 2938 383 182 4875 4327 2569 2073 488 1950 1357 88 2307 2815 3201 4368 3380 204 297 2501 1463 1463 2599 2888 4725 1457 2738 3377 4143 2358 1013 1494 4099 621 3541 2783 4537 4132 4192 4826 1722 3182 4568 586 955 684 481 848 1064 1417 2427 1484 4235 38 3324 2532 3296 625 1920 1629 1231 2842 3752 1546 1757 1977 3989 2465 2933 1186 2615 3443 784 1692 4237 1936 2077 1040 3219 4625 4023 1286 3191 2203 2612 809 4700 1348 2953 949 4900 3217 2370 271 1766 626 1615 1043 4999 4913 4221 2231 2000 2815 3765 854 41 3825 3789 3555 1853 243 4812 347 1636 3893 1501 4850 2198 1085 1979 1710 704 3079 74 2918 1388 1484 1547 2145 3803 4412 2631 3056 2656 1163 3405 2601 4586 2092 1239 1731 710 853 2634 440 3840 4753 111 1846 2127 1516 463 595 3559 2196 1964 3206 796 4216 2819 750 3951 604 1258 4979 1649 2949 4415 3924 1262 4940 4217 367 2439 1329 4868 2523 4475 4039 1524
4515 3134 3406 3519 2864 4539 1894 694 4322 1427 165 3550 932 1734 3792 179 1967 2248 579 2667 3074 182 3693 4197 4190 849 4872 3867 4892 2037 3388 2933 4093 1586 4778 1430 4420 2503 99 942 492 4763 4790 3956 55 3790 576 1516 332 254 2495 1027 2667 1466 1145 3040 2544 4431 2921 2449 4611 780 4015 4875 3138 2714 4658 2301 1008 2492 4580 3179 4842 1073 1427 3586 358 1229 1143 429 1385 347 4665 2068 348 3783 1967 2269 1502 3479 1340 1148 2148 912 2138 4111 476 4412 2808 3516 3589 2428 2413 2839 1099 1645 1956 297 611 231 1459 2847 1146 4224 4390 896 846 264 2087 60 607 3732 4636 2347 120 4413 304 4075 4504 3631 2621 2092 2128 739 1217 124 914 663 1329 3178 2102 1199 955 3263 2440 3753 270 4209 2771 1853 795 4376 1933 3857 850 1926 1483 888 245 1740 2594 1345 4680 3157 1194 4984 2925 2074 1382 2500 4749 3954 2989 3551 1900 4860 3014 4222 452 4395 1453 1531 4294 2414 3508 3276 3716 612 2416 4970 4319 4429 3649 2611 4828 1460 4816 2599 505 369
3695 3160 2716 3309 2026 3799 1400 4685 1422 4808 1796 3156 963 3939 4676 4088 2908 704 1258 1889 3824 4875 4197 2473 3765 1535 459 1729 1086 2109 3932 3751 517 37 1049 4624 1596 2951 2194 3034 505 502 4401 1057 2737 3135 4965 3444 3547 4437 4553 1699 1712 72 1585 91 2478 54 2027 1375 699 4268 4185 3444 1048 1736 268 2995 645 178 225 2874 1901 1568 2095 401 4390 4635 1361 1932 1485 1800 2001 3436 1170 2473 1261 2218 4442 4661 3580 3110 3669 2487 4492 2011 2812 237 2104 3058 1005 1671 1845 3703 2034 4747 3886 4667 232 4991 31 1415 3518 116 2001 2949 4134 3896 2449 3145 511 1782 2943 3333 1905 4962 3694 170 3278 2892 2955 3806 819 632 1006 4956 4718 3927 2562 3591 4260 1608 4819 3964 3097 1063 950 2584 3813 1252 1367 1634 3034 4875 4981 1963 826 4313 4613 513 3032 4134 4263 958 3321 73 1192 4299 4389 3684 3591 3509 109 3690 1362 386 335 3068 759 4173 3224 2852 2527 2060 1379 3231 1603 1996 1937 2457 1930 4901 1103 4097 2331 596 4549 4045 3296 2233
1826 3231 3795 4106 199 3637 4829 3162 4174 4697 1696 1390 2363 1522 1054 4486 1854 4403 942 4872 4388 4327 4190 3765 1385 3095 3946 1209 178 4613 2439 968 1400 778 2196 740 1291 1291 336 236 1454 1405 1512 3261 1316 4907 869 1513 822 4231 4899 1104 3057 1215 4193 523 1442 2095 2632 2088 594 1530 215 3392 3261 124 4779 3501 4623 876 3492 2620 1330 2897 2950 4160 641 289 2268 3738 2734 4042 903 3387 828 2219 112 4552 2576 3532 4306 2343 819 2077 4078 2608 4349 2474 3020 1526 1276 1887 3692 14 499 3927 1246 4339 826 2413 2048 3895 1225 3306 2325 4440 836 1154 1395 2868 1681 4027 2673 3202 335 3147 3861 1356 1439 554 4661 3428 1768 4627 4026 2250 3864 473 745 1045 3728 1956 3629 394 155 2830 4997 2989 2073 3319 3552 1995 3986 2091 2683 1021 4409 1922 2714 851 1896 4209 4462 1189 456 1972 2088 33 1568 1693 2394 4499 1808 860 166 1111 115 2040 163 2064 537 4558 1743 4238 807 115 4882 2938 1059 209 2678 2751 1751 4631 1736 98 2241 4781 2957 487
1666 3213 3828 969 499 1111 2479 1324 4494 4640 2311 3151 3099 4900 1768 2956 1221 4382 4787 186 4040 2569 849 1535 3095 1342 1594 3910 3686 2499 1170 1683 1605 4044 3825 388 940 2605 3860 635 4592 1647 4346 1219 4056 570 4143 4242 315 3599 4205 1688 458 194 4380 3498 672 4583 1455 2739 4994 4662 1376 3796 554 1302 1267 183 4679 2034 3761 1761 3302 122 808 1960 3066 4961 4147 4115 1956 4546 1760 3585 3731 1462 1667 1262 4254 2598 1317 75 1207 577 4599 2328 2951 1233 1872 2128 1012 247 834 1068 3509 1335 3178 2125 1613 1994 2731 3323 1099 2124 2602 2237 4607 4599 4421 4182 4013 3672 2812 3747 4111 566 1965 4345 1193 4332 4749 4078 4429 2173 1260 3428 3380 3270 675 1471 478 4068 395 605 723 2343 1370 80 3250 11 2592 1558 4215 3511 422 2986 475 2734 4042 1714 398 3231 628 1202 4513 2445 3684 2335 1518 743 2486 4615 4657 3201 221 3476 4600 2355 44 2899 2892 1484 3108 2334 118 552 4979 716 2504 2226 1960 2548 3558 2346 2086 1143 1073 4242 898 4244
1670 1804 1368 1383 4266 1302 3698 907 3188 969 4721 3448 4149 2287 4458 1418 2749 1158 126 1966 1314 2073 4872 459 3946 1594 4596 1398 2726 3625 3658 1981 962 2868 919 1464 2540 3982 4311 4664 821 703 669 2261 2955 1656 4993 4444 1364 4275 4316 682 105 1189 1256 4429 3666 2832 1536 1112 2640 3430 1739 3093 3181 3421 4686 4479 978 2329 1323 988 311 160 4923 4104 840 2679 4701 899 4955 2797 2239 1872 4764 4609 1276 3170 3200 2248 277 695 4050 2826 4860 1304 2738 1156 329 4495 3895 1153 3436 2388 3453 2603 620 2457 1159 67 4420 3651 3508 1488 3240 4768 4551 845 4475 3982 2453 1878 4146 2002 3055 4566 4924 1033 3344 3503 3940 562 678 3956 378 1145 4582 3332 2861 1948 557 970 672 2782 4166 4220 518 4478 4003 1674 1357 4525 4821 4358 1372 1516 4376 1320 4956 833 3560 2611 545 4100 1165 2132 2790 2862 3442 4332 4346 1937 879 4489 2579 2087 4295 3519 979 2683 3514 3760 2531 2825 24 2413 3756 4743 226 3938 651 3803 1162 722 1400 3224 887 1091 2250 4771
1505 2745 3297 1128 2952 124 1448 4696 1441 462 4641 4191 4142 2542 1567 2411 3587 272 72 1367 3011 488 3867 1729 1209 3910 1398 3627 3462 1692 1416 2265 2084 2907 3487 3322 1194 920 576 1184 930 2383 1865 4379 349 364 3802 1718 3534 4588 4507 1260 3188 1306 3256 1963 3117 4653 3722 1618 747 3581 3480 4773 1345 713 2282 3585 4730 261 4322 2298 4371 4564 2258 4595 424 818 4865 4227 2593 92 2225 3149 2391 4554 814 2391 2015 3726 1477 4143 2934 2465 62 1879 68 3732 664 690 4180 1836 657 1875 4754 3027 2517 4839 4115 4543 3442 4982 2047 2057 3911 4199 1570 79 2325 387 4925 672 1767 4774 4616 2890 4501 4663 1397 835 3720 2863 66 3676 408 3070 3955 4025 3440 2020 2585 689 1535 4814 1374 776 3137 1314 2597 595 4209 4695 2960 2378 159 4372 4501 3341 2163 4711 1219 3662 4630 3880 364 2412 2613 977 930 348 2605 3565 3569 1761 3443 625 2563 2360 4989 4181 3926 457 1990 3977 1437 2401 3988 4044 4220 716 2625 1330 3122 483 3201 670 2758 4342 4230 4651
530 956 3108 3219 1937 3808 1843 3382 1481 4766 4247 700 4033 1044 2385 4694 1733 193 3480 3528 1657 1950 4892 1086 178 3686 2726 3462 3575 4673 4715 1121 3019 865 453 3143 2229 4648 2063 4865 1249 980 4940 3653 2334 1443 961 711 3335 2722 4305 249 3224 2500 4308 2614 4081 4259 3981 2445 1601 4252 2991 2652 2305 3131 389 4763 3535 492 2848 1682 2047 450 684 695 104 795 4558 4372 161 43 1382 1444 975 3720 4008 4704 2964 4120 1375 1533 3398 2598 3730 3386 2149 416 4318 3143 3848 577 1104 1071 1101 3806 1800 2409 2262 3835 4406 1732 2019 2458 3031 3250 3502 1214 4197 3943 3367 2367 416 884 4738 1676 571 703 4715 2987 840 1558 3013 1551 4417 3004 2533 3164 1701 2405 1428 3717 202 1675 2387 765 2440 2015 2749 4396 897 1270 1163 3314 202 4336 2830 3879 2559 2919 3306 3952 809 4970 3391 3078 406 4561 2349 1682 233 2200 932 327 2203 228 52 3299 2515 3456 3665 4351 2809 2372 2409 3310 827 4257 1288 4303 3244 1456 2004 2306 4770 1712 2957 1099 3119 2410
3054 2404 1510 4939 3954 1264 2592 490 4195 4729 3459 855 4073 3445 3483 830 503 3408 4253 1400 85 1357 2037 2109 4613 2499 3625 1692 4673 4191 1354 4647 1972 849 2577 3095 881 1664 1761 391 1365 4819 744 3845 4943 660 836 3416 2078 4378 70 1337 3791 2375 1899 511 1810 547 3956 3523 518 3716 2397 2757 1580 164 2752 756 4900 525 1802 2821 4351 2788 2918 3955 4974 4064 1956 4440 684 2439 1665 484 1795 2943 675 1993 1844 2520 4428 3302 3901 314 3016 2398 2423 2446 1131 4603 3550 4973 308 2693 4111 252 3740 4783 489 3344 4618 3483 205 4831 790 3269 4699 4161 142 3314 2598 4307 3947 2968 1410 795 809 1124 4193 2154 2473 4237 3249 2228 1375 4048 1934 858 4206 98 3253 3922 332 4079 3701 1016 2976 14 4486 2567 3143 2543 4206 309 4567 3969 2253 2516 2077 2275 2576 2753 4486 3652 2911 75 836 3370 3121 4513 1003 357 3958 3202 332 1261 4226 502 4383 2546 3697 2811 1372 3231 2308 2541 538 1390 1234 2015 2711 4173 162 4306 2345 475 3417 2202 2621 598
4857 3351 3079 366 1133 3052 4630 3860 1714 672 4628 2191 1664 3399 1324 2020 3151 2836 3987 801 2310 88 3388 3932 2439 1170 3658 1416 4715 1354 875 2585 669 1414 198 1164 1467 2884 67 2470 4197 1248 3819 1187 465 4438 536 4589 2127 4960 259 152 4417 3561 4415 1332 1185 3726 3116 4420 2493 2135 1985 4254 3819 4672 1587 2279 2351 1019 463 3774 4933 3133 1660 1237 444 3926 4431 573 1441 2799 4074 2255 2377 3566 902 4256 1235 2279 318 3745 3388 1163 3641 4667 3540 2627 571 3992 2860 1638 743 4724 4285 2376 3464 2034 2632 829 781 4531 3562 2690 1871 2214 660 3651 2707 4010 922 3706 304 4860 2086 4915 124 2117 2452 3474 2708 3728 1607 4101 3261 2136 4769 669 3789 2751 3440 3042 2238 4174 4162 529 603 4440 4298 1877 806 3221 660 3344 1887 4171 1494 4478 3930 1498 4580 1578 600 2641 952 3330 811 4256 1022 3456 4994 96 3906 3754 3490 836 1318 1162 2493 662 2414 4521 2061 54 729 3914 1651 804 3393 2081 4049 131 3660 771 2035 4248 1162 2214 801 4684
2279 2484 2248 1459 717 282 1775 756 4152 4845 4620 550 653 4483 461 4357 774 3090 4848 4304 1269 2307 2933 3751 968 1683 1981 2265 1121 4647 2585 2243 2631 3677 4090 2705 736 1472 4026 3864 3409 548 1200 3368 1920 4777 2442 4716 2535 1079 3456 3139 1268 3634 2093 3515 4850 973 4628 4071 929 4668 3665 252 1853 4921 2104 3816 231 3236 2947 4009 1667 2200 1081 4571 3705 1703 1530 3949 2097 259 1059 2708 2282 828 289 3874 4403 2419 1262 2930 1111 1416 951 475 403 630 1805 151 3948 863 357 2314 1506 1452 3213 4361 1053 2300 1133 4477 3019 1454 2878 3428 3680 965 4085 322 1728 1758 2138 1659 4411 3982 705 4651 4834 3050 3513 4883 4488 4226 3179 3118 100 4042 145 4860 1386 4133 1458 1416 508 2030 1676 4065 711 4024 2674 275 2692 4747 1125 3426 2965 1451 1447 3917 224 2433 1935 1260 3802 363 3454 1749 4679 734 2067 4288 2146 3873 1352 216 1360 2945 4224 2333 3640 4747 693 1561 4777 1294 249 3945 53 1340 1448 706 3103 3631 4061 754 1229 4605 1562 3568
1947 2208 77 3720 4986 1707 2410 99 1981 158 3978 713 610 3938 129 3751 177 3447 3751 4731 4522 2815 4093 517 1400 1605 962 2084 3019 1972 669 2631 3717 2531 2092 3704 151 1512 2477 2676 3014 2276 179 1583 1875 2741 3730 2586 3008 3033 291 4959 1815 1483 3539 2025 3224 783 2966 3556 1658 1963 3479 2156 3080 1733 2436 4614 2701 1290 3649 2443 3402 553 2067 4451 4814 776 3308 3539 4425 3384 2847 3267 4451 682 4239 4055 144 1036 621 429 1976 3858 800 4277 2751 888 3519 2112 597 1251 443 2200 225 3460 3229 4468 3032 1815 4440 621 3682 4446 328 3613 4793 1628 74 2108 4370 4726 1917 2227 281 2714 2994 3549 1791 2570 231 939 608 3323 4832 4202 4252 3738 4706 764 773 3159 652 3898 2807 4498 3170 804 4144 3979 3963 1033 982 2203 763 3834 1666 2530 443 3785 2959 4030 243 4984 4827 1446 3120 1400 4392 2602 2261 2353 4764 1519 559 24 3943 1537 1293 4364 4688 3212 3826 2523 4482 2084 1800 2547 2348 213 105 651 3416 2766 973 1487 1476 1414 1475 3477
300 1505 4617 1123 1041 4453 1346 1336 4076 4080 4801 950 2878 3633 4553 700 4383 4535 462 1912 4375 3201 1586 37 778 4044 2868 2907 865 849 1414 3677 2531 2249 3878 352 4691 1376 2392 4738 1828 4526 2185 1519 3752 970 3241 3775 1426 4535 1046 2713 2618 1717 1647 4459 1923 3009 4412 3944 4342 3916 1807 3224 4312 553 73 85 186 4194 684 438 3900 2459 4588 1813 2738 880 3275 1406 4216 4515 1657 3859 91 217 1044 4416 4338 4440 2387 1252 2562 2463 2641 571 4062 2985 1605 2711 1742 122 680 853 771 4440 2561 3299 2257 2941 4501 3532 2948 1345 4219 2156 2343 2845 3110 3250 471 1230 4276 3030 3552 343 2710 3017 998 1882 1786 2315 2341 1488 4934 4644 1617 3259 3968 1456 276 3979 1290 729 1763 4317 1920 4310 694 1890 3984 1558 168 4343 3294 3209 4218 994 2510 2325 155 1102 2549 2083 2724 3679 996 3394 4261 3795 938 2217 2714 4391 2739 1995 3006 401 3420 2110 627 778 2697 511 970 4486 690 549 4793 162 4654 1588 2388 2701 3064 1787 3671 2891 3382 2883
2774 3189 4844 527 3529 505 1182 3716 3494 2589 3825 4379 1161 3505 3456 3684 2943 4198 4595 1172 1885 4368 4778 1049 2196 3825 919 3487 453 2577 198 4090 2092 3878 165 1072 491 3025 392 1262 4550 2136 3454 1367 4482 344 2878 4077 3690 4906 3833 2668 191 516 4540 1494 2801 1540 2090 2750 1787 4055 1969 4124 3575 654 453 2449 2177 4322 4871 1928 965 2855 3229 4870 1603 3174 3567 3626 1403 924 3842 2694 762 1328 4895 4006 4998 3764 3802 3504 3937 3985 1635 3109 3267 439 1853 4567 3491 4452 3988 4681 249 4510 350 675 2856 11 2738 1830 4362 3067 4485 2453 3626 3330 4810 3519 1103 4749 3442 3266 2172 3019 1443 3990 4064 4375 2182 1814 3419 4269 2884 1823 3590 4112 1480 669 1396 3049 3305 662 723 3658 892 3695 194 799 2492 715 3566 3218 3764 2050 1894 4544 4533 3012 4957 926 3206 4600 3104 1373 4947 3029 4129 4980 3928 3027 246 1223 4526 2012 2777 3946 2436 4748 42 2698 2876 4329 34 2173 3165 3150 230 2238 4608 4831 4920 4718 129 2199 1035 1915 627 1996
3726 1602 3537 3674 3403 4963 778 1052 2705 3909 2556 2549 2999 263 380 4306 724 2753 237 2355 3055 3380 1430 4624 740 388 1464 3322 3143 3095 1164 2705 3704 352 1072 3859 4914 722 601 1717 922 4978 48 771 89 2990 1027 4443 2166 4303 3581 1920 3923 3562 3643 1284 2800 2854 4904 3321 4769 220 2513 1256 1529 1655 3949 2611 2882 4979 3972 1130 1007 2825 4806 447 282 4521 1516 1422 1647 2971 2249 4082 23 2130 1549 159 4884 3863 2105 604 3880 2672 2520 1081 1965 3717 687 4800 4869 4543 4789 4291 4397 2160 642 508 3709 2303 199 1820 2542 3927 139 1182 3648 107 1321 1641 824 3137 1461 1308 4174 2725 2427 2258 97 1698 1862 2813 3080 807 1143 3293 1475 492 3289 154 278 4100 1674 4464 1278 3096 3082 1904 4882 1348 4301 1936 176 2165 1399 3450 4315 2017 2783 4370 799 485 313 3029 4154 1042 721 2851 1338 1898 1964 3706 400 1953 4202 2749 1122 2203 1410 3678 430 4776 2360 4697 2790 2483 3334 3720 4649 4359 2947 907 2160 1984 4584 1214 4981 122 631 584
2122 881 523 1875 3424 4250 4285 3146 459 2521 3359 3047 1276 1919 1880 1711 348 4645 3995 3030 1232 204 4420 1596 1291 940 2540 1194 2229 881 1467 736 151 4691 491 4914 2356 412 981 1769 3893 2220 3895 3480 2928 2078 3167 4546 4870 4141 4799 2677 455 1543 1037 2394 4965 2577 4229 3718 783 4375 4689 3533 2766 48 4257 160 4501 1342 1082 3741 1674 4901 1018 1196 4997 2628 2551 2991 3598 3441 2578 2755 2764 4781 3448 2479 2829 2827 2850 4459 2662 239 4401 2057 624 3864 4130 3989 2305 3759 3406 2167 3748 4602 4821 2730 785 1593 911 4649 3747 194 4242 3558 2442 145 2225 1523 2812 1757 1696 3684 3647 1366 2686 582 293 4737 3084 2646 910 646 194 4942 4369 2356 3553 2317 4382 4147 1463 4482 3174 898 3726 2360 3211 2293 1853 1043 2338 2224 3730 895 135 2323 614 1180 1779 546 3265 2971 4232 3422 3787 1513 3596 1586 3455 659 3023 3401 1856 1453 2105 4521 1535 3257 4043 4087 1754 3525 3785 1152 4164 1924 4919 2384 1946 3099 3216 877 4411 3588 4676 4857 1102 741
1451 2367 1630 1262 2309 3479 3689 729 842 532 768 89 2524 1957 3564 3486 1051 4014 3573 2629 3392 297 2503 2951 1291 2605 3982 920 4648 1664 2884 1472 1512 1376 3025 722 412 1564 76 2246 4586 3804 2881 4976 3481 4168 1562 2679 4538 3382 816 2829 2944 2483 3771 4700 1166 224 971 4432 369 4237 231 113 1806 687 3243 3900 278 2145 318 2804 387 2399 1737 1160 3372 721 4682 4359 3501 2291 3647 472 4342 1057 4302 902 2755 577 3971 416 1813 1900 3261 1763 2759 2031 4061 2953 1736 3030 2497 1811 761 463 496 3881 2864 41 991 2261 4502 1724 4598 4977 2366 760 3743 4007 554 3932 4004 1406 2672 1486 3912 4445 261 4418 676 413 2255 3846 3670 996 989 3604 2390 3246 845 2340 332 2963 4621 1137 2767 4968 4607 2156 4900 854 750 2015 3478 3114 3176 2347 3943 3600 41 925 4845 324 4472 1716 4825 1493 1697 1970 1914 509 2040 1263 83 2779 4906 1671 1871 1879 2605 3412 921 4161 2274 4870 2240 4422 4516 2381 206 3084 4669 1433 3481 679 2630 4032 3648 4134
2443 4770 2538 3074 850 3956 1888 2655 4214 3245 2987 500 1608 385 866 3599 2527 3284 1026 2963 2407 2501 99 2194 336 3860 4311 576 2063 1761 67 4026 2477 2392 392 601 981 76 4150 1691 1679 3260 4160 2813 1467 2813 354 44 2876 2933 1202 3952 918 4399 4978 4811 2149 4509 3822 187 159 2429 3390 3654 918 2330 4035 2484 1625 3658 3026 2918 2218 1575 3802 2545 2099 1331 630 1720 2894 2979 1358 3205 1093 2044 1138 3464 4323 1596 2443 2905 3968 3963 1476 4847 3509 152 932 1300 4129 1880 1529 3132 1289 2110 525 4750 2122 2528 4675 2543 1604 1810 3843 1972 4453 3339 4873 815 4561 4166 2011 3598 1219 3239 3296 3756 4281 1472 3549 3523 3198 153 3246 790 1218 1399 211 1764 1383 4152 2903 4843 470 4587 1755 547 843 1666 2227 4508 1104 2719 3625 3317 1807 3112 3945 3792 3954 4472 4344 1750 2892 1123 1800 1739 2919 1438 4803 4215 1094 4023 3582 2322 2775 4704 4920 2724 862 1628 1921 738 1628 4200 2892 3433 1703 1651 2094 923 2384 1046 64 943 3423 2727 3735 423
1289 869 3799 3703 18 1734 4087 4171 3193 4814 1012 3463 3993 1119 2036 1854 2511 2383 2694 1024 18 1463 942 3034 236 635 4664 1184 4865 391 2470 3864 2676 4738 1262 1717 1769 2246 1691 1137 2815 4339 282 3467 1193 1750 536 3306 1207 4395 1967 477 588 1916 1078 1757 303 2885 3955 4108 1709 3299 384 744 2851 2279 4297 1471 3798 3075 4778 3510 2451 2978 4002 1626 1475 4563 2172 1641 2686 4416 2970 2181 3849 2528 3492 3092 34 2345 1054 665 1215 1708 2619 3201 96 3951 3275 861 2973 133 1629 2102 3309 948 3674 2250 3127 79 3899 4310 176 2411 1412 4096 4513 2379 3561 2355 656 4212 531 4303 4941 3792 3517 191 432 3987 2292 3929 267 1308 3175 3423 148 3677 4266 3748 4324 2865 1126 3263 2238 3148 3791 1440 4132 4454 973 1321 3817 2634 3097 3117 2651 398 4671 1091 928 4673 1727 1263 1869 3726 2756 2260 551 4111 15 1315 2823 4380 139 4534 827 3836 3713 2868 4848 1795 3652 909 4464 527 2157 1424 2510 925 4823 2250 4052 526 2495 1757 2295 3196 2401 3202
