N: 200
M: 20
Symmetric: true
Triangle: false
9 120 58 147 102 108 173 67 50 36
12 146 45 55 143 8 19 47 105 97 24 26 64
9 43 49 136 170 128 71 62 174 111
10 15 32 31 122 79 11 52 63 188 13
10 171 178 140 65 33 59 183 75 181 165
17 154 110 193 126 60 10 89 96 144 54 177 82 68 23 94 192 161
14 137 22 29 88 20 145 2 39 159 44 167 7 90 199
10 200 27 168 189 197 17 30 179 101 172
7 133 116 157 51 141 134 69
8 84 85 3 149 121 77 198 92
9 152 114 40 109 119 73 34 175 25
11 9 100 95 93 163 184 156 123 196 78 150
8 176 160 124 48 70 138 153 57
8 130 166 21 164 194 14 112 127
7 118 132 74 42 46 125 187
5 139 148 182 81 35
15 103 117 162 53 83 180 135 191 28 106 186 185 169 4 98
8 195 16 115 72 142 104 99 56
14 91 76 86 66 107 1 158 80 129 5 155 41 113 38
9 151 190 87 12 6 18 61 131 37
1277 1511 4425 1733 4146 3022 2598 4601 1881 3542 4625 2123 3450 3150 4398 1356 742 2607 2670 4083 3845 2619 1993 2415 694 768 463 2084 4716 292 2466 639 1873 1489 3902 533 2364 2432 1198 4998 4234 4155 3862 4732 1691 913 4048 931 3522 425 4918 2532 3448 3414 978 4050 1700 922 1123 2662 4331 2660 4074 958 4358 4336 3050 852 1703 3848 447 2104 4679 3613 2146 79 2603 2270 4627 1649 3787 1708 4166 473 4662 4427 3842 3669 2849 3548 1110 4558 2650 1202 4819 773 1215 4085 1414 1091 2847 2544 246 1424 1078 4328 3425 2512 2422 4761 2685 3734 59 1038 2722 617 2097 4627 4492 1174 1031 4251 240 900 4465 672 821 3189 4764 753 3716 2011 3716 3493 2325 3918 916 1068 4497 3653 3348 4201 287 549 1923 4390 1843 1125 998 626 1639 4393 4152 1532 2975 2998 4710 2879 407 3409 3568 645 4491 4587 2220 2593 399 1326 1787 4236 2803 521 3161 441 4949 2113 1413 803 413 3668 2557 1481 1470 4287 1465 3338 1969 1827 2958 2183 152 496 3597 3985 4314 2169 3994 1166 4006 2761
1511 4828 33 748 753 4332 2083 1636 726 2657 2017 4832 2807 3685 1492 4642 970 74 3392 1840 3310 44 3817 2354 2898 2975 4243 4141 1321 232 2171 1540 4551 4157 1991 475 1550 4430 1435 37 688 275 1677 2668 3102 2842 2933 2173 247 2822 4525 4548 2207 2487 475 2980 2318 557 3184 2340 1811 4819 1789 1670 2606 417 578 4443 2723 4011 2855 4978 1103 615 4473 4284 3187 4022 3428 323 2672 3884 3540 1462 4227 4455 1995 2189 3466 1352 3546 4798 4262 2031 4917 2307 4753 3514 3758 2537 3670 4334 150 2089 2709 114 1598 907 905 1354 3362 2197 787 538 331 976 1283 3017 777 861 4965 3608 1980 884 3031 3749 223 716 4221 2803 3352 1111 3879 3636 3407 1275 82 2550 972 1592 1080 4834 2665 2497 4909 1908 3921 4153 4341 4301 2911 3831 2906 458 3344 4730 294 2971 3062 3739 4592 4424 1407 4840 4284 1087 258 210 1850 4970 2903 2152 4013 228 3240 3729 1753 2760 3890 1111 4694 4911 296 3808 3462 423 1041 4259 558 1212 4291 1841 1052 384 1481 1761 3934 4669 1020 3659
4425 33 1981 3390 1976 1723 3930 4300 2881 1795 4944 4973 4011 4277 1243 1163 3805 4325 193 1826 4622 2427 237 4878 639 89 3559 1315 3338 1989 217 644 2785 3720 2841 2239 3492 2549 2812 1930 1208 3076 3344 1216 2729 2590 3850 3284 464 4361 4435 1923 4296 818 1082 3325 166 2541 2038 862 4064 1431 2835 4001 4903 1272 410 3915 3800 2966 4780 4901 4123 2906 3786 439 4511 2515 4144 2104 3027 3192 2303 911 4972 4750 2508 1254 1644 2891 4784 659 1544 3593 3018 698 4391 887 499 896 3330 3452 2848 1832 2516 1183 153 1777 2539 4909 2017 4542 2803 3650 3161 4505 4798 2794 2010 1745 1982 4202 1035 2230 2463 199 4688 3303 4175 2966 3161 2347 477 4620 3093 2410 4728 1712 4635 1329 1326 4449 4504 1148 1542 2031 1655 3441 4989 1908 3951 1600 1998 4999 3827 1586 3194 1894 2707 4738 2592 4652 2203 561 2427 4683 3308 4601 4605 3253 955 450 3844 2841 384 2170 2873 1905 864 3472 4606 1618 2177 1407 62 3332 1073 1909 1160 3923 3605 1700 583 2699 4904 4262 2944 2463 1371 4661
1733 748 3390 3955 4099 2128 3032 2201 2987 4393 3673 4089 4372 1119 1202 1261 3036 2970 2063 1360 4624 2440 2220 4256 4253 77 2508 667 166 4622 1993 3043 318 3680 1355 3916 4139 1646 1062 3914 3622 4837 1894 3977 2079 549 318 62 3395 4902 3519 2670 1339 4111 4953 3091 1774 1712 809 2521 4916 3677 1472 4087 2766 2716 3420 3431 1020 1750 2990 3010 455 3800 54 3240 378 703 4334 3810 3608 3062 3820 298 667 312 4897 2161 3330 667 520 3219 4627 4342 2020 4223 3948 3886 1089 3915 2725 252 4955 44 1924 4126 231 2995 2659 1478 4842 4777 360 1085 2593 1859 4743 484 956 548 2961 3547 794 1232 908 3062 2525 631 281 1689 1235 1491 877 1214 2375 2780 4686 3679 174 158 139 1751 4620 3053 1565 1104 335 2857 762 4537 2679 2163 4581 3685 294 1994 4719 3933 3415 2260 2592 1637 998 130 4644 1578 4563 3605 2414 187 380 2235 3954 1998 4032 4529 2797 1996 4658 4057 4941 1783 795 3638 3559 2237 2145 4773 3143 3663 920 2708 519 3371 3889 2514 1781 2244 1701 1442
4146 753 1976 4099 715 3259 1976 3788 4366 2598 749 3739 3895 1722 4818 2226 2225 80 319 130 3803 2665 3019 1053 2187 4553 1976 4245 4227 72 4379 3124 2731 98 20 4277 2599 1220 4978 514 2502 4713 167 2075 588 1529 110 1416 3727 3577 1204 4901 52 4247 4040 980 566 1195 590 1552 3576 2582 2588 481 1092 3418 3606 1098 2554 2554 1771 670 3628 3650 4811 3613 4176 2583 3522 1767 748 873 2796 1475 3015 4749 1727 2373 3939 2938 3897 2333 2743 1078 1917 4156 847 1167 4927 4797 645 2534 768 1636 1621 1731 4272 1956 2539 1082 3214 235 3871 4713 1153 2891 223 2728 1060 1020 4046 47 4206 4898 992 1998 3613 1668 3560 3464 2203 2176 662 2312 840 898 4274 3633 4104 1954 544 171 2163 1087 4231 4225 1475 3535 2822 4517 2535 1840 2214 3081 1568 4291 3871 901 2147 288 3825 3387 4356 3107 1201 1742 2843 1823 3259 4381 1738 2083 2636 4348 795 4703 266 3773 1866 2018 4187 2020 781 2275 2096 4489 232 1561 2482 3480 3943 1075 1573 3496 4525 868 107 103 1562 3227
3022 4332 1723 2128 3259 4132 3849 2648 436 484 2038 3927 4685 1256 4112 1219 4238 3157 4075 615 4613 2466 3205 1789 4769 4468 4257 2628 3034 594 3772 4954 1809 4632 2363 4012 1326 11 2242 1472 2084 1407 4294 1208 3520 1879 3646 767 3836 2879 1105 2584 3178 4625 636 3589 2509 4449 1872 4953 785 3719 685 233 2461 3858 2442 1480 621 2092 2220 238 2609 4012 720 1848 331 2407 1876 256 1475 4431 4060 2447 1635 4422 1754 4910 86 3212 2774 4419 4589 4920 1116 4998 3523 1752 1555 4785 4950 996 1042 3988 201 1715 3328 769 4534 4865 4624 3064 4983 2649 4528 3350 554 4818 3784 3407 3838 4904 367 979 2361 3229 3938 1646 2474 740 773 1149 3766 3417 4889 3873 4204 4878 38 3444 510 1074 382 325 877 4438 3021 1568 636 4707 173 319 1864 4664 3944 3075 3058 4850 929 2969 3769 3438 1983 4395 1996 3138 4383 4559 621 1292 3216 4867 999 2880 3377 4429 2195 3800 4525 2481 2754 616 2426 2012 4726 3533 1255 3210 4097 3223 2216 2139 128 3439 2084 4868 4643 3208 527 2688
2598 2083 3930 3032 1976 3849 1543 1159 649 1470 1015 4962 17 2608 4623 2010 4556 1844 1650 1296 1206 2611 696 1618 4848 932 2085 1997 3462 1598 267 3593 3396 3307 2771 836 3339 629 3959 4358 4537 938 1868 3955 2509 3386 979 3997 601 3753 4610 1251 2865 3704 3261 2477 4262 323 2113 3287 1300 2257 1005 3987 1118 1962 1920 2052 3343 4715 4576 2253 2077 157 615 2556 3774 3310 2329 2061 2186 538 2716 3331 267 1278 41 212 958 4560 1261 1596 1886 4691 2314 1485 3939 363 1791 2524 3204 1598 2912 3035 3444 3042 3458 2350 522 4556 4035 3867 897 3819 2129 1277 3831 4977 4531 3936 1255 309 1142 2391 1876 1085 1994 527 2949 3937 284 884 4197 1962 3004 2719 3444 3046 4624 4347 2794 63 4728 4708 2223 3333 4625 1848 3853 4486 3302 1184 608 58 3116 1475 2077 2707 3483 3066 959 2948 2160 2739 3905 1562 2542 3412 1259 3775 1245 4486 1246 3522 2872 2984 3620 2604 4816 3061 4484 4032 4279 3538 4347 3486 357 3333 1898 4392 3433 2380 2981 690 2455 2394 3252 1669 2665 1253
4601 1636 4300 2201 3788 2648 1159 1476 1631 2800 3445 3665 4739 4681 870 4459 1653 4242 1229 207 1840 2301 4478 1049 2876 4195 1326 48 3612 4925 1548 1582 3200 2246 2145 2313 2911 994 1524 651 707 2260 178 4790 2811 3646 2914 275 1280 2917 4831 450 3967 2563 474 1723 2103 93 1788 529 4421 2336 4171 3254 1711 1171 371 1183 2440 3520 3595 4725 1662 1806 1651 1659 2643 1860 2854 3615 3331 4040 3544 89 2322 4182 3095 158 2779 3238 1331 1035 3679 2155 2871 510 1822 1178 1816 4304 2132 2146 4416 4692 4716 273 217 4564 16 3619 709 1406 902 3712 3715 1768 3266 818 2892 1047 4711 199 460 2193 2413 3868 1645 887 1004 1542 4762 591 1049 524 327 3458 180 4372 27 4947 473 3191 989 3726 2483 3750 2453 2740 1174 818 514 4030 481 3416 1655 1857 1088 219 4041 1138 4325 4417 1100 3533 4786 3993 977 3609 3510 4407 1856 4529 3154 4153 4366 3384 2277 3830 2102 4738 1454 3203 3478 1142 2818 2073 3572 2889 942 3828 1668 1164 1737 2277 3030 498 1870 2596 4185 4140
1881 726 2881 2987 4366 436 649 1631 225 4202 2818 195 758 4637 1470 881 1365 4136 1709 46 1282 2353 2446 2960 2782 3593 2813 1993 1052 3966 3264 1950 1152 4086 4200 4195 1550 3015 4240 2509 1759 3259 770 380 140 2150 2419 1571 967 15 729 2496 3209 2709 250 1174 3205 3658 1395 4360 800 4254 360 146 2405 4537 744 189 1384 1308 4441 1220 1682 3997 2583 426 4409 4389 4279 1923 4641 528 111 3049 2638 2213 2788 205 253 1267 525 1010 503 939 2748 4650 1214 4569 124 3744 2801 4463 2552 4946 146 2197 1910 1519 27 4958 1296 1270 3604 1217 2761 2178 4223 3925 4077 3298 3045 144 1684 2055 4273 3718 4615 4174 3983 1974 2180 2666 655 1423 1610 2257 4543 2685 820 32 25 735 4878 1573 610 2469 2184 2177 272 2994 2796 3260 4578 3335 3317 520 3379 4971 2071 3919 1449 4811 3812 2455 4491 4933 751 3981 3559 884 4438 2588 4260 2818 1982 4441 1395 3741 807 985 2005 964 1667 3775 2765 3436 842 3915 1247 1817 4767 637 494 2083 281 1109 194 509 4116 962
3542 2657 1795 4393 2598 484 1470 2800 4202 3953 3165 1072 2302 1800 4212 2943 1254 933 3762 1242 2589 1936 3514 4982 2189 4091 2197 3950 4072 1743 1542 1450 1498 479 4130 3640 3853 2354 115 4498 3238 4491 1012 1661 862 966 1074 64 855 4006 2963 3659 4496 2472 3084 3863 950 3925 1222 2093 1084 371 4407 4788 4649 4835 1897 2381 1269 1387 619 3706 57 3113 2293 2361 1905 904 4339 323 2571 2483 1731 4014 1732 2137 3203 3609 315 4388 3434 3879 4592 1142 4376 4803 639 4390 4516 3207 4263 1058 3437 4401 4545 1211 1975 187 1173 4678 1980 561 2520 393 1978 4127 4763 4540 1308 1163 1526 365 2865 2188 355 93 4953 2784 3207 2006 1627 3546 2446 4256 1515 4198 247 4289 3807 738 377 962 1318 3071 3065 1032 4939 3160 2523 2746 1347 4995 1423 3948 1728 1719 2514 1993 1257 4797 4110 690 2617 3151 1637 4436 1007 4187 2634 2532 4899 1677 3162 2916 4984 3672 2802 3833 2310 3354 3683 4776 4117 3633 444 3274 1831 635 3164 1461 734 2894 3059 1776 367 4496 3200 3295 3523 297
4625 2017 4944 3673 749 2038 1015 3445 2818 3165 847 4448 1821 3052 26 696 1341 3690 1930 3914 2307 1619 592 3405 3476 551 1155 834 1282 4877 2349 4364 223 4121 2619 4563 521 3341 1084 2811 1575 1911 4442 700 3363 834 1190 3649 3165 4724 711 3306 2004 700 1610 1245 4514 2940 783 1764 4453 2173 3785 3982 298 46 2085 4771 2445 3710 4683 4047 298 3194 204 1008 4852 3290 624 2739 3833 4050 1708 192 3886 2264 1253 4316 1863 1190 3051 1731 2337 3329 3355 128 4950 4540 3008 3031 4018 3258 3525 2335 4014 560 4711 3388 259 424 4029 4577 836 3957 3972 3934 1326 3164 1260 1109 1706 163 4382 755 4361 3806 1065 1571 4460 4815 1978 171 721 1115 3002 1571 649 4805 1276 3429 230 341 2031 4834 4181 4787 1188 138 3718 2688 1267 3457 1663 3274 3161 4166 1432 3256 3445 363 1473 1039 1656 1454 2506 4663 4960 1196 2881 3028 2266 3289 1466 720 4147 3028 4375 4393 3935 4239 3066 3421 2822 113 4369 3023 2061 1064 4799 2944 4479 576 1746 4716 586 3718 1963 2766 1309 218
2123 4832 4973 4089 3739 3927 4962 3665 195 1072 4448 4089 4940 90 1257 2783 2961 3940 930 2971 3831 3945 3967 2850 4908 3119 3718 3145 4026 150 2864 1970 4730 3351 2400 892 2571 3713 1437 4188 2768 2631 613 2013 4048 2436 4953 1138 2597 3511 4717 4821 1578 4795 2736 2589 1016 3683 4148 2272 4005 3226 4871 4122 3095 2498 2652 4354 391 4135 144 2211 2678 2755 2600 4802 4011 2539 1264 118 3503 1186 2675 1805 3789 4643 1190 3986 1187 3135 601 2520 1236 4749 731 733 311 3155 4549 3445 2415 2709 4590 4904 1743 353 4892 2805 1589 212 1686 4236 1484 3973 1098 4894 4894 85 3052 2656 3759 2031 1038 4573 2381 1496 4270 4442 2642 1023 736 3490 1337 4823 1850 4632 241 3031 222 2355 1827 3743 4418 3282 4219 2729 2832 4685 389 1743 1400 126 957 1045 2049 1521 3809 370 2718 4992 576 1020 4898 4398 1016 4816 1541 4158 4069 4541 1868 83 308 679 4709 1169 3509 1506 2424 3972 3678 504 498 4695 796 1321 4762 3580 2275 4048 3094 3449 2608 127 890 4084 4114 1838 2546 2853
3450 2807 4011 4372 3895 4685 17 4739 758 2302 1821 4940 3763 1624 2578 4524 4270 2253 1794 926 1207 1069 2043 1110 3642 3349 1518 4207 1345 3934 150 120 4772 700 634 3327 1566 2067 3782 4761 1697 469 3148 1115 3023 3860 63 3405 1560 4393 747 874 1124 837 3727 2020 2265 54 4049 3068 2600 2550 4702 745 3513 54 823 450 977 2496 526 1555 3459 2599 4496 161 4262 2102 2610 4680 2203 4749 1495 1162 1872 43 1041 451 1902 3038 1168 589 2433 1801 2632 13 1578 917 732 4360 2997 3884 195 144 559 2670 4814 3163 2642 351 1302 2954 2936 1524 4670 444 704 2926 1959 1768 1971 3858 1638 3132 961 1103 4447 1955 246 2008 4981 276 2469 2876 3150 75 3468 501 4452 3594 2148 2384 599 1743 4228 4136 1728 2641 1947 3734 4691 353 1246 577 4898 2744 473 450 3478 2846 4804 678 1075 1619 90 2444 4358 3717 166 4632 4758 2547 1639 1952 3822 1817 2433 1954 1312 447 4304 4035 4776 2337 962 1827 3252 889 2105 4676 4378 4566 686 2936 3073 999 1023 4568 2344 1400
3150 3685 4277 1119 1722 1256 2608 4681 4637 1800 3052 90 1624 4234 3445 3345 4689 2756 1692 1763 3471 4149 1500 2049 1428 2226 578 73 4601 3247 2422 1183 4214 617 1597 3251 3865 553 321 2040 1016 1527 281 1730 1537 1019 358 1741 2364 2319 3592 3394 2567 2490 1935 3101 2302 4981 613 3811 4040 2008 167 1413 3749 1163 637 1723 1113 654 2511 2845 3909 2448 1262 781 2608 3833 2537 1783 4129 2785 3562 354 2348 656 373 3556 3162 1725 462 4788 2510 343 4980 391 2324 2583 315 4185 3961 3094 3228 4301 2883 354 3051 1374 1347 529 763 215 338 1367 4349 2860 992 2982 206 3396 3057 4027 687 2161 4201 782 4404 186 2027 1600 944 2664 3554 1158 3338 4537 1189 4228 2409 1313 2224 4630 57 3402 4053 3748 3088 381 4941 673 1438 4397 1574 1975 2686 2986 466 3689 4264 1838 675 881 62 3490 2974 4518 4767 2625 754 984 4041 192 2125 1829 2912 575 3277 1712 2108 740 3340 2590 3443 358 801 3064 853 3635 1798 2301 3256 17 3888 4955 1072 4903 100 2222 4937 3218
4398 1492 1243 1202 4818 4112 4623 870 1470 4212 26 1257 2578 3445 56 712 4522 4696 1558 3987 2952 169 3990 722 1349 4449 4651 3585 3287 3250 4422 4772 4026 495 1078 2129 2386 598 4044 503 3624 826 4796 2520 66 1175 3617 1746 2496 3551 1820 263 896 864 3310 3974 2266 4623 264 3657 4762 3044 4789 2334 2117 4501 3969 4157 1035 2541 4573 1785 1275 3634 4796 1191 265 2847 3570 1754 186 3899 3763 1816 935 401 1438 3634 874 2952 1681 1374 3573 3099 1955 4126 4819 2737 1236 4310 2197 4405 4909 3160 87 619 641 4975 623 428 295 4478 4147 4118 4905 2535 537 4114 611 1391 2703 2399 1781 289 1294 3925 2029 4218 2481 2243 3757 2105 1348 4157 3467 2929 299 1636 4664 4880 763 4341 1272 1995 2830 2099 2077 631 2074 1033 2564 3656 1295 3123 1173 447 1682 1209 3396 1140 2227 11 3978 2231 2939 3754 4597 1957 2033 554 927 3880 4521 3348 3061 93 3097 3544 2631 261 3473 1321 4567 1200 2587 2096 2832 4172 3072 1497 3455 4345 1268 2014 4850 682 3972 2795 2745 3278
1356 4642 1163 1261 2226 1219 2010 4459 881 2943 696 2783 4524 3345 712 1499 4873 1621 1039 4690 191 270 3220 154 4919 1511 4019 4694 612 2786 4871 4146 3742 339 570 1164 3005 2907 4776 92 4239 836 939 3195 3161 1853 3200 3857 3590 1191 115 1388 1405 1249 809 4860 3383 1517 2491 4758 2497 3473 2488 3262 1961 4332 4273 4391 816 1567 4841 3706 3975 2946 2224 3986 3884 3463 2461 4173 2967 655 2742 1164 3925 2952 2401 4658 1653 4811 4788 3848 1580 4332 1020 3866 93 3666 2405 2391 4807 81 951 2581 105 2740 1020 3286 1717 4019 2001 3373 2533 2900 4871 1535 3849 2291 4878 2670 1093 3362 2887 2443 1510 1820 2925 922 735 4988 401 3113 580 16 990 1369 4632 3886 1506 4120 2118 1859 3600 4967 812 4579 4104 197 4552 1745 2720 86 98 779 2891 87 387 4302 3712 4487 74 1532 4330 4413 4854 3522 2099 885 2260 2196 2729 596 2776 4264 428 1536 4310 1281 2892 3913 451 1589 4681 2233 3846 4490 3416 4567 3484 4436 1320 2733 3255 3587 1075 3710 1126 3735 3363 4254
742 970 3805 3036 2225 4238 4556 1653 1365 1254 1341 2961 4270 4689 4522 4873 894 4764 3642 3997 2421 659 4530 679 4784 4411 1705 2061 360 761 1115 101 637 1945 1799 35 4697 2216 11 1316 4633 2319 2318 4121 200 3982 982 2408 1157 544 3685 406 1658 2504 911 872 2842 511 4701 4346 2760 3896 1320 2731 3152 3152 1257 1858 1220 2822 2888 113 2569 669 896 127 1455 2639 167 3867 1964 3041 4479 104 3170 2966 3544 817 249 4357 3740 1466 1193 2364 4855 3737 4640 3343 4812 86 1090 451 4265 451 4520 1362 880 1683 2506 3554 328 1069 3438 3251 3523 2104 2856 3954 3470 837 4752 3295 4793 4881 3410 2119 540 920 2250 3777 1400 4396 3363 4015 1453 303 3897 1935 3841 4250 3018 4515 446 438 1508 1669 3671 1714 728 1460 4358 3029 3756 1920 1434 1904 2921 815 318 252 3408 625 2840 2703 2549 4558 1646 2061 130 517 2644 4128 233 2752 288 1203 4658 3805 69 3908 409 3931 304 3416 3707 2529 2189 3111 1144 3336 2951 1150 3226 4917 2045 4697 101 1922 4206 2309
2607 74 4325 2970 80 3157 1844 4242 4136 933 3690 3940 2253 2756 4696 1621 4764 1086 1153 4343 1503 3267 2094 698 3866 4756 3351 4242 2377 3622 4644 3071 1765 2689 1340 3166 574 1859 3158 4585 1278 1780 999 738 3928 4429 1843 441 2132 3565 2080 1667 1360 1882 3155 4764 3760 1504 19 4434 572 2742 1425 2719 3654 551 3523 1091 4128 4184 3956 888 4345 1473 2365 1377 1092 3405 4575 762 2150 650 759 2438 2357 4557 3911 4559 3770 3986 1265 3698 1510 2884 1424 727 3550 1738 1825 4577 1821 2599 1868 1755 3603 418 3741 43 4675 4919 2812 1386 4834 114 1690 1980 2214 1626 1184 3630 3798 3619 3159 2160 2588 3991 2772 4191 3363 2990 1318 4388 2358 4734 1137 482 1964 3292 1660 715 296 637 4975 2139 2983 1743 4410 1231 4113 4937 2568 2815 4730 2181 2100 2593 2088 599 1093 1529 537 3387 4797 3228 3296 4040 2276 1558 3459 2724 3964 1038 2567 98 3850 4402 2002 2879 3540 1895 3916 467 2299 2646 989 3146 2209 3757 3203 2134 4210 4627 4837 2746 2854 4899 1467 2755 3153 2555
2670 3392 193 2063 319 4075 1650 1229 1709 3762 1930 930 1794 1692 1558 1039 3642 1153 749 4863 1994 2133 4887 2333 3170 3571 3838 1835 2960 3977 4655 4095 771 486 2090 3168 1547 4338 4775 4613 280 3996 1469 12 126 3361 2554 1866 729 2155 3823 3522 730 2786 1336 2839 3697 4289 562 329 1454 2844 2737 4613 580 3910 1351 2285 3903 4874 798 2717 2457 4841 118 39 1518 1103 1158 900 2739 3976 3158 3731 2949 4654 4900 220 3832 4912 2565 4273 162 2591 3952 604 1916 1029 757 1743 2812 4047 1180 816 4149 4871 3194 4362 4815 846 2549 857 1060 2308 1968 3210 4167 3091 2941 4182 1003 3616 3163 2763 4790 1336 4865 2349 2509 1637 866 3656 4175 1424 1701 731 2433 1810 293 650 2809 575 19 4973 3012 4775 2806 2436 55 66 849 2617 915 2589 4040 1374 2750 2603 2926 3044 2267 4149 1701 3352 3288 3782 4128 4164 3725 3097 4340 170 4704 3393 4753 561 4430 2358 2364 2497 4875 1525 211 102 1475 3205 4159 3179 1307 97 3525 2512 4773 378 1434 1918 1079 487 3416 493
4083 1840 1826 1360 130 615 1296 207 46 1242 3914 2971 926 1763 3987 4690 3997 4343 4863 2550 4197 768 201 4191 2037 1611 4849 4983 4739 743 222 2880 2500 1591 4895 1974 4339 3787 4283 488 398 710 4451 1211 3295 2455 329 1739 471 1159 2284 1156 2724 187 1626 843 2382 3842 3212 3123 2016 421 3684 4879 1570 4030 3170 2761 250 1420 3357 1665 3752 1982 787 690 1861 1448 3940 1165 689 4238 758 4717 250 1380 1537 2016 3488 1835 4867 3891 884 2645 2384 462 689 4799 4436 4943 2686 1286 1814 4454 346 1050 3061 1232 3702 3120 2068 10 1469 1453 2856 2899 4156 1018 4261 705 573 1275 432 740 3636 3839 2525 4165 2275 4485 1329 1583 569 3306 4127 2933 3466 882 3280 1628 3272 2927 4850 1960 45 3068 3503 2011 2728 3794 4417 4136 2630 4670 2417 715 2839 1523 1709 2510 565 4315 4039 4745 3263 559 3933 4962 3573 2094 3582 910 4470 3240 955 4472 3076 1767 218 1758 3575 1349 1254 685 1448 4617 206 4375 697 2247 1752 1497 1780 3015 2187 1591 1222 3381 1767 2554
3845 3310 4622 4624 3803 4613 1206 1840 1282 2589 2307 3831 1207 3471 2952 191 2421 1503 1994 4197 2916 57 1186 3858 937 3464 1914 1023 1784 2395 4140 176 1397 2964 3053 1255 71 1003 4881 1909 1601 2076 343 1816 1684 92 4163 1495 4929 1165 131 2401 2286 3474 4286 2839 2369 3502 1385 636 3528 4349 4444 2628 1528 1970 1412 1866 540 2209 4778 60 4443 1207 3952 2317 3759 3574 710 1074 1405 603 3796 3194 818 2271 831 854 3216 1932 523 911 3599 4147 1807 2130 494 3715 1100 1535 1185 3290 107 2761 2221 2361 1105 1205 3340 1744 2688 2738 3938 3659 4649 3940 2061 3182 2132 1200 4732 1568 3739 769 2058 58 325 1089 3831 883 3437 3550 3127 1215 1751 2551 2233 1838 3228 4211 4740 3924 3052 3040 457 2913 2265 2350 1337 3165 459 3028 4849 2284 258 2776 4104 1343 4063 2111 1063 3435 3333 4549 2650 699 2986 920 1075 2958 2220 2198 3616 3063 4113 4329 1592 153 1444 2526 176 656 3425 4170 1758 558 3638 324 2223 4599 43 2198 3296 1563 1789 1473 1735 2786 3295 3282
2619 44 2427 2440 2665 2466 2611 2301 2353 1936 1619 3945 1069 4149 169 270 659 3267 2133 768 57 3257 4079 1364 669 1257 2936 2825 2137 3579 1523 4438 974 1615 1913 2611 2856 444 1165 1003 4626 3196 2118 4673 1681 1296 1360 692 166 2796 1697 1020 4211 2175 3557 1319 739 4687 4602 4705 2182 1835 930 578 3154 2996 1985 599 2351 1172 684 2091 639 4687 552 4463 4320 4635 2212 4188 2116 3970 4265 1175 4629 3831 3729 2831 1182 3783 3294 1384 3283 291 75 2639 619 2325 2746 2228 3537 3052 3925 4576 1622 1091 973 2872 1795 4492 2252 4041 833 1576 4358 1146 1172 326 4102 1776 2801 2204 2459 96 4157 4402 2035 3456 3154 4303 1221 2402 3132 100 4408 3340 2680 2458 464 2337 3892 1517 579 3454 1681 1006 1245 255 752 3378 1035 2784 2433 4781 51 2958 2220 1155 1088 1871 4947 1729 2522 2125 2704 3717 3897 4266 2025 3445 454 1936 2405 2089 2899 953 3716 1434 1631 4061 4557 2473 4395 851 200 3520 4532 2485 3551 4766 3131 2335 3891 3920 677 2615 2871 3294 3497 1518
1993 3817 237 2220 3019 3205 696 4478 2446 3514 592 3967 2043 1500 3990 3220 4530 2094 4887 201 1186 4079 969 3987 2172 368 1478 1304 4373 4054 1741 4944 974 2518 3308 4163 369 4041 4917 3548 607 1951 2961 2840 1828 198 1512 3763 1134 953 223 1483 3068 4407 2348 4612 2919 309 192 565 2518 4152 1838 784 3526 1803 4431 1238 1973 2205 1710 4746 3488 4448 2444 3087 984 1249 2243 708 4497 3525 2317 4227 1543 1707 4573 334 4587 2764 1891 4241 3802 2356 2813 3476 2002 4616 2451 4740 1040 4549 1931 2029 3010 637 4929 404 2257 4281 2036 2814 4101 184 4652 1035 4564 4049 523 4175 693 311 1341 4951 751 1635 1462 1925 3409 1460 4622 3648 2014 2627 80 341 173 1903 3428 2699 1530 2588 3874 1295 185 3307 1599 4619 1843 62 1860 1270 214 4107 4258 2888 837 4016 3246 1952 780 1494 1517 2661 4217 4525 4868 1487 2317 4932 768 3270 691 3009 135 2733 4947 3034 3995 1644 3930 901 3224 4991 2555 39 482 714 4293 244 1508 2888 1553 947 2512 184 1988 2583 1173 4950
2415 2354 4878 4256 1053 1789 1618 1049 2960 4982 3405 2850 1110 2049 722 154 679 698 2333 4191 3858 1364 3987 42 4496 3881 4657 1302 4681 1552 4354 3680 775 831 4575 4960 865 3713 2753 573 2035 1629 1758 2816 2658 3953 1263 3293 1611 4767 2235 449 1705 3622 980 4097 1089 3335 4129 2105 14 4583 475 4325 4761 2643 4767 2893 3873 4229 348 2960 2780 791 4814 754 1015 3002 4991 3443 1241 1406 3465 1918 2168 3944 2882 132 1829 3491 2640 3099 113 164 2398 4256 337 3838 4862 2065 2139 4586 354 4637 3762 3264 2839 2167 2367 1115 4356 4489 2029 3297 107 4400 1690 4253 364 4480 614 1095 2402 4222 1964 3803 1191 2797 290 536 2310 1146 224 598 3500 1646 2323 2943 3522 3119 1281 2342 3449 4344 1349 786 4276 3016 554 3163 4631 4452 2493 3091 1622 652 1377 1191 3247 2162 179 2892 600 4222 2702 4668 620 3789 3538 2297 695 1697 3984 3965 1963 3352 2316 832 2238 3130 4583 3423 4415 2172 594 3333 2634 4021 2055 1748 424 1355 1590 934 1310 1506 75 250 4671 4870
694 2898 639 4253 2187 4769 4848 2876 2782 2189 3476 4908 3642 1428 1349 4919 4784 3866 3170 2037 937 669 2172 4496 4770 4861 1972 3059 3668 4148 739 3433 2498 3578 3903 2163 543 2966 2323 4257 3017 2499 2245 1995 3686 1833 4509 415 1031 2035 3718 4695 2363 4028 2641 1583 749 4327 2284 2358 3137 1763 1545 4912 1219 1849 793 4654 1454 139 3579 627 4435 4752 636 450 4511 1727 369 2954 31 4496 3364 3883 1764 4293 3506 593 4826 3421 2077 1918 1672 2011 4644 3899 2880 631 2620 1393 1596 2948 2190 4311 2314 4499 4177 2073 4718 2052 2850 1291 3359 2655 4151 3276 1915 3180 3929 4771 1249 3920 3551 816 774 1008 1532 726 2417 1591 2312 1062 2712 302 2857 96 2766 4110 2036 1722 1607 4461 4550 2660 1089 4170 2423 1839 4021 1959 4437 2430 1072 987 1158 2758 3735 1712 2348 297 3158 4070 2151 1124 4771 837 3700 1643 4480 3921 4270 4513 4728 4406 1929 31 3587 593 1915 3894 1737 509 3734 828 2231 3558 54 401 1163 3420 4336 4441 1812 3729 964 551 1402 450 3641 3855
768 2975 89 77 4553 4468 932 4195 3593 4091 551 3119 3349 2226 4449 1511 4411 4756 3571 1611 3464 1257 368 3881 4861 4227 3301 2056 4851 3599 3817 3678 3598 2658 3425 1982 4306 495 4534 3541 3989 114 1984 1957 359 4514 2020 4980 4371 3336 4334 3271 2176 367 1015 3540 23 2889 3095 4181 4972 532 2289 108 2215 1464 572 2055 2335 1789 2841 2229 3016 156 3470 2035 4366 1291 2910 999 3199 4737 2906 2550 2857 3621 948 74 2051 601 2422 4640 1641 2667 4799 1892 4064 4514 4324 343 3405 2178 219 1555 1180 4767 1473 1719 3957 4123 929 694 4242 1291 1958 299 1149 3018 2387 1146 2926 3401 3828 4012 4107 4678 691 2112 4013 2955 1743 2121 135 958 1220 2050 2486 4880 2244 1884 3626 3570 4813 2131 4711 1306 2361 4108 458 3603 237 4804 2690 513 2465 1278 2658 2788 1137 876 3289 2007 4697 4931 1822 4201 2260 3537 3516 1436 3951 4700 1352 3154 1564 2001 209 1351 4589 1747 719 774 2303 697 2747 3899 4712 420 2014 2205 3660 902 2004 2261 3891 4608 334 64 1698 4217
463 4243 3559 2508 1976 4257 2085 1326 2813 2197 1155 3718 1518 578 4651 4019 1705 3351 3838 4849 1914 2936 1478 4657 1972 3301 742 1917 3144 1477 2774 4094 1996 4825 102 2624 1690 1745 2861 4645 564 3730 3127 3065 2904 939 1624 24 2922 529 1530 3239 155 2113 1655 1185 1636 3065 4728 4267 2344 2733 2641 40 2966 3381 1273 1639 2785 1331 152 2336 4741 3815 119 4150 4491 354 1492 2609 4486 4841 2942 319 1864 4053 1147 3439 4102 3318 3339 4687 4767 4794 515 1364 2107 16 1742 2926 231 3214 2093 1339 91 2834 3668 381 4498 4160 3457 2036 3749 696 2666 491 1634 42 4898 4928 2183 1870 204 1295 1974 4927 2935 533 1568 1993 1146 2730 981 1851 1610 530 1587 4855 2525 1246 3217 3738 4207 3282 1655 3330 173 2459 1129 1833 933 1341 3222 1457 3215 4678 883 4381 3222 814 1480 429 3856 1091 2411 678 572 3470 1726 2247 3394 3222 3144 4144 2265 2834 3860 3650 4094 3599 708 3272 3593 4584 4706 4587 3571 2772 1710 2736 1979 109 3840 4101 3520 3304 871 4219 1071 2541
2084 4141 1315 667 4245 2628 1997 48 1993 3950 834 3145 4207 73 3585 4694 2061 4242 1835 4983 1023 2825 1304 1302 3059 2056 1917 1150 1465 3185 3041 2311 4627 2252 946 1631 667 561 4421 1595 2932 1677 4471 1569 2862 3835 3723 1715 1835 1793 4037 287 2174 4875 485 522 1748 163 1034 2135 2774 3792 1201 300 3222 2446 539 2045 2800 1105 1474 743 1320 3791 985 2786 2097 1696 4234 635 4697 2646 609 2052 1397 1357 1080 2267 3129 1380 17 227 452 3373 2259 3538 394 2245 710 4054 4553 1080 4818 1305 3982 890 932 795 2629 4900 4458 4668 1463 470 1498 4725 3805 3794 4597 1512 4508 2127 4485 959 910 3841 2012 1412 3677 1903 3460 527 114 1897 1179 4601 2211 3324 2811 1751 3246 3046 1875 873 365 4096 526 841 3224 1417 4211 3849 4531 3195 4581 1385 2517 1854 3130 723 2733 1428 3807 3445 2767 3624 3203 2182 496 2858 421 1902 3442 1082 1542 4496 54 790 1107 2428 3120 4005 3228 4540 4019 1181 1178 2291 3753 2295 638 3841 435 1916 4704 4699 4304 4343 904 3858
4716 1321 3338 166 4227 3034 3462 3612 1052 4072 1282 4026 1345 4601 3287 612 360 2377 2960 4739 1784 2137 4373 4681 3668 4851 3144 1465 4660 4717 840 2427 1195 1678 4751 859 971 1712 4914 4982 68 4790 1256 4822 4541 4988 1835 696 4620 2902 2880 1878 4999 845 4631 992 2991 115 3442 216 338 308 201 3436 3523 82 1582 1359 4385 2257 504 3993 867 3332 3115 4847 2586 890 2235 2633 1824 845 1271 1132 3233 3116 95 4788 552 3837 3838 1591 3501 3493 764 3385 2842 3567 2019 3565 1914 4694 2728 659 625 3318 1066 462 2729 3311 944 2548 3388 2802 4775 518 4322 243 1830 685 452 2657 4249 1362 3421 79 2411 1551 4016 1355 161 2011 684 2191 916 2769 4487 3847 2610 4689 1132 457 1504 183 2635 2701 4510 2386 4090 3433 3086 3010 28 2266 3107 456 239 2022 3208 1206 1047 4511 276 4373 300 2923 2970 3091 1353 71 2263 70 2706 3718 979 1267 3120 2134 1612 684 3807 4161 4677 19 4136 304 205 3518 2466 1082 2320 1080 3085 2604 2661 1714 854 3825 269 1229
292 232 1989 4622 72 594 1598 4925 3966 1743 4877 150 3934 3247 3250 2786 761 3622 3977 743 2395 3579 4054 1552 4148 3599 1477 3185 4717 628 306 4657 4132 1465 1786 506 78 437 403 1364 2904 1704 998 4091 906 3908 4099 2643 3861 3646 2694 4710 858 584 4594 4577 3636 3264 4250 405 2114 3198 3833 4595 3694 1473 4842 4727 2231 3512 4165 1959 2616 4433 727 4609 2137 1705 3208 3912 2495 1290 661 2411 2242 334 1445 4305 1761 4562 2743 1685 1728 1354 4168 3909 4126 516 2699 3011 528 3139 3709 37 4977 542 4947 939 4531 1323 2603 4764 3751 1516 1385 1751 2603 2101 1290 3218 1268 3794 96 116 417 4163 568 865 3544 451 3699 2536 2293 1271 3829 1421 2710 3159 4100 569 2898 300 4303 4243 2456 3514 798 3462 3653 976 4134 4773 3685 3016 3184 386 3287 3600 2917 1428 4278 4064 1616 3786 4136 2608 1032 2780 460 4612 3340 254 4378 1151 266 3542 3894 2443 1518 1765 4186 978 1560 231 4917 1019 4369 536 2216 201 3777 4269 4713 3188 1444 909 3087 4001 3774 715
2466 2171 217 1993 4379 3772 267 1548 3264 1542 2349 2864 150 2422 4422 4871 1115 4644 4655 222 4140 1523 1741 4354 739 3817 2774 3041 840 306 3605 2601 4806 605 4067 682 535 552 2412 4961 2899 4514 3588 4001 3363 4369 4380 2821 4552 2465 4530 1409 1895 3223 3750 4155 561 3669 2743 449 1565 2501 3025 1117 2922 2596 1058 986 188 1325 4462 569 308 4395 2930 2382 3722 1340 730 1640 89 2061 2814 2028 114 2136 3326 46 3416 290 2462 3681 2536 3355 1097 4592 848 310 499 1137 703 2832 3161 2458 4831 1046 1648 4633 1530 2361 1833 4891 3382 2516 2481 2704 385 1840 2323 4576 3401 3510 1151 1367 863 4022 2563 2844 3822 995 4059 2180 4095 3996 1200 386 121 753 2102 1186 1900 2737 447 135 2445 3320 3820 2093 3359 3828 1670 4634 344 2494 620 789 4539 32 4323 1411 3490 4118 3963 474 3637 1914 2465 2503 2952 1444 3241 2360 4925 2393 516 4232 2129 374 2319 2806 2420 4825 1544 3967 4285 3648 4953 109 4047 2055 1153 647 3477 805 1284 2177 2430 4988 4761 4950
639 1540 644 3043 3124 4954 3593 1582 1950 1450 4364 1970 120 1183 4772 4146 101 3071 4095 2880 176 4438 4944 3680 3433 3678 4094 2311 2427 4657 2601 2781 3076 1514 2997 1940 1067 4589 2422 3169 1327 2153 4341 3932 1940 4119 1140 2019 3776 4648 3299 2535 1475 4419 4313 3545 1831 1154 2751 3086 2927 1397 2398 3270 2588 4096 1315 905 4074 936 4418 802 3784 3825 4416 2677 168 2578 4362 2094 1418 3252 2315 1402 4761 2480 4966 3530 656 2452 645 2065 2050 3978 3235 3692 4474 1791 4494 4668 1914 351 1188 4834 2387 2375 576 3703 2929 102 4159 96 1915 372 919 1669 3926 2347 3125 877 2744 3214 4628 3645 4249 3402 4185 4419 447 1747 110 1930 3799 2609 3015 1899 3405 295 2012 1644 1159 1480 4121 3134 4187 3530 763 4465 1803 1323 1265 4398 633 3330 2544 2504 3260 1201 3938 1508 3609 1564 319 514 4116 4565 4471 2033 2215 3472 1558 364 1323 3507 3836 2681 2266 1262 163 4725 2753 160 2618 1221 333 728 3795 2589 2825 4744 699 4412 1050 4170 4084 4561 2245 395 3531 1578
1873 4551 2785 318 2731 1809 3396 3200 1152 1498 223 4730 4772 4214 4026 3742 637 1765 771 2500 1397 974 974 775 2498 3598 1996 4627 1195 4132 4806 3076 1166 4295 4001 3209 377 3880 2385 3704 4041 2139 1956 2348 2955 3965 3943 802 200 1420 2958 3641 4450 4666 3971 1350 893 2684 2756 1683 4098 4061 3817 2468 768 3332 620 759 12 109 3376 1871 244 3218 3189 4774 3249 626 221 690 4814 173 4940 2199 4137 3191 4331 968 1259 3394 242 659 1354 1433 1245 1378 924 4538 2270 3703 236 1647 2347 3272 636 469 3200 1769 4984 2318 4560 3854 3632 3520 4871 4504 179 2368 1553 2356 4215 3375 1546 3559 4027 4532 2616 910 2375 1564 4423 4477 1208 3898 2448 482 1867 4370 1632 836 1600 651 4121 1725 4281 2792 3048 4378 1256 2503 3398 448 935 2992 4043 3600 1845 2459 3386 3288 3892 4880 3891 3574 3028 4822 451 3410 847 3638 3321 4680 4988 3156 2733 2216 3775 1355 1945 1318 4758 689 4895 1768 3458 1325 2736 1628 540 3641 3849 1025 3054 2132 1389 3923 3117 4195 2038 4555
1489 4157 3720 3680 98 4632 3307 2246 4086 479 4121 3351 700 617 495 339 1945 2689 486 1591 2964 1615 2518 831 3578 2658 4825 2252 1678 1465 605 1514 4295 4157 423 210 417 1474 4473 2783 1455 2024 4114 3838 3111 3011 4094 3903 4211 4587 2661 4522 518 2944 3205 1598 3857 1287 1195 1485 944 4370 2244 2309 4758 1009 176 3362 3478 1793 1609 291 710 2259 1345 2759 2726 790 744 4108 118 3796 3762 4152 4978 3209 272 1724 3864 1049 1517 292 3611 169 3304 4820 2966 880 3912 4987 271 4902 3689 3834 3963 2397 2251 2240 4319 3380 3781 1455 3740 243 2539 4424 1931 3081 1479 2444 4728 3626 1064 4286 4550 1136 181 1722 1028 4158 1219 820 617 3261 3398 2168 1580 277 4348 3220 2254 2119 2417 176 1530 3612 498 2296 1647 3982 2371 448 3221 3266 3879 3755 1439 3298 4958 2738 2786 1821 881 3521 1986 409 976 2975 3116 3922 152 427 4394 4927 2335 291 3224 3693 2443 217 157 4432 1385 2491 3023 4299 984 988 3633 567 2145 4723 2857 4105 2263 3078 3346 4115 2616 37
3902 1991 2841 1355 20 2363 2771 2145 4200 4130 2619 2400 634 1597 1078 570 1799 1340 2090 4895 3053 1913 3308 4575 3903 3425 102 946 4751 1786 4067 2997 4001 423 1736 1190 3173 1278 1609 4866 564 1269 4991 1499 287 2272 3387 3836 1536 3711 2663 4335 2392 4219 3223 2372 3224 2760 893 698 356 753 1718 3522 4630 410 469 836 2287 2479 1157 1192 4656 770 2274 2105 3417 764 77 2063 879 4024 2753 2818 995 2163 421 1172 855 1866 2144 4147 283 3845 4362 2410 542 4823 4244 2706 4471 3068 3028 2802 1535 1763 495 742 4814 3784 839 2812 4345 1644 2876 401 2044 2861 2492 2188 226 607 2356 2915 2418 119 2368 3029 1056 2849 967 4485 973 1135 2615 472 4151 2726 4449 3344 2714 2779 4424 4307 775 1979 1718 919 1895 1034 3440 1879 3513 2357 2206 1888 4402 4078 3163 2631 4486 1514 3474 498 213 2094 3443 3387 429 1724 2745 1514 3652 1343 914 4389 2599 195 4058 3783 4106 3548 622 3202 838 4197 985 2390 4256 2276 3568 1744 2634 3164 578 3042 2082 748 2699 4898
533 475 2239 3916 4277 4012 836 2313 4195 3640 4563 892 3327 3251 2129 1164 35 3166 3168 1974 1255 2611 4163 4960 2163 1982 2624 1631 859 506 682 1940 3209 210 1190 4880 2424 4611 1163 4365 1650 1869 3509 1347 3732 237 1435 1672 2922 4931 3448 3319 4054 2938 2106 577 1962 3663 4540 2651 2007 882 3660 330 2848 3238 3446 4495 4209 3167 1178 429 4575 872 1176 2668 75 4303 4914 17 4143 4335 4192 1069 3240 3704 4534 1006 3464 2278 97 4134 1224 3107 2543 2370 2293 2496 458 2340 1287 4074 1493 3591 3526 4870 3841 2175 3588 4622 2435 4525 4912 2809 2058 973 3279 4911 4440 2443 4410 2436 1836 4833 3534 4620 589 2524 378 2032 2620 4428 4919 2083 4879 3867 1634 3457 139 2711 3417 1020 2238 4415 3150 1562 3870 2372 2330 4738 4609 724 1388 4339 2484 3219 3057 2377 1997 1207 4070 2967 1856 1070 436 1069 4875 2656 4025 1416 4571 3739 3576 4749 1774 242 3001 1751 3440 270 2108 3225 4750 3301 3174 3569 2339 2967 1432 3736 182 4977 4520 4421 174 2974 3049 4003 937 1714
2364 1550 3492 4139 2599 1326 3339 2911 1550 3853 521 2571 1566 3865 2386 3005 4697 574 1547 4339 71 2856 369 865 543 4306 1690 667 971 78 535 1067 377 417 3173 2424 3447 418 2105 2929 4005 4534 1074 4131 4316 3739 89 1035 652 114 388 28 1952 1831 2299 193 158 4157 3570 2054 1265 2695 159 2607 488 2395 2128 4229 2596 3546 738 3959 1168 39 4976 4314 1902 3537 469 4163 1407 1870 3372 1612 2281 1400 1003 1929 4521 4163 2408 1187 1547 260 851 806 20 3810 2008 528 1136 1019 1411 1372 4142 2710 3630 3977 461 2977 2305 1192 388 630 189 4567 2411 1548 1255 4481 315 192 1824 778 4839 3159 2640 4868 1735 312 1124 1320 595 4509 845 3162 479 631 2681 4161 2074 1289 3229 2950 1643 1409 4897 4434 738 3571 626 500 30 4961 1087 535 2406 1753 3361 1504 3820 1101 443 2372 588 3256 168 530 4066 3355 1888 1480 918 3920 4187 1128 1615 548 469 4064 1900 2682 2373 4013 4079 3838 4501 4060 3776 3832 1419 3726 3567 167 434 4733 4116 4554 977 1411
2432 4430 2549 1646 1220 11 629 994 3015 2354 3341 3713 2067 553 598 2907 2216 1859 4338 3787 1003 444 4041 3713 2966 495 1745 561 1712 437 552 4589 3880 1474 1278 4611 418 2774 711 1147 3543 763 2462 888 1505 463 1672 1197 652 4664 3136 2824 3570 4824 3608 2448 2691 4369 3792 1366 4480 3638 4618 2692 2390 2796 507 3738 611 229 3840 4594 4613 2132 602 374 1648 881 1427 4422 762 3035 3104 2056 568 3142 638 1854 3269 4515 1614 4655 1806 3328 301 1462 417 959 830 2744 4050 4946 4473 2934 2502 1923 1930 3799 2945 948 3449 4062 580 3684 976 3115 3268 4321 1348 1391 1451 717 634 3967 1329 1973 4761 1805 4926 2686 2561 4803 2226 4851 2337 2259 2851 3675 1847 1529 2446 2448 1064 3988 2379 3637 3740 823 320 2370 3631 1769 1033 3569 2890 1788 3063 3380 723 3844 4054 4001 3178 1615 580 4659 1280 3126 1225 4517 3035 4181 2211 1216 2415 804 267 3850 3812 3471 3523 3113 4405 2082 1143 4822 1378 460 2886 3376 3525 4900 112 3094 2028 236 3753 4365 2592 3690
1198 1435 2812 1062 4978 2242 3959 1524 4240 115 1084 1437 3782 321 4044 4776 11 3158 4775 4283 4881 1165 4917 2753 2323 4534 2861 4421 4914 403 2412 2422 2385 4473 1609 1163 2105 711 2198 4354 3819 4002 2828 723 4795 2997 3201 4768 658 3220 1324 3115 3960 4574 4666 1145 2439 1047 1056 1269 3906 3020 4402 2990 3216 4936 284 75 1979 4939 2405 3504 2128 3128 2655 876 2580 1740 2659 4717 3570 999 2333 1546 1257 1173 2365 1104 2395 1880 4845 2339 2333 963 73 568 3616 895 2189 4498 2930 4871 705 1324 4331 661 3497 4554 4457 2223 794 4574 2734 439 3235 4162 221 814 2571 4975 4831 163 587 1441 1226 4957 3754 4171 283 2352 3451 3660 829 1727 4546 3852 3235 3928 387 1626 993 31 1378 2152 4247 3939 3317 2534 474 4884 3648 408 2518 1174 912 4253 1864 3157 3834 3270 412 3607 3304 907 4057 896 1463 2928 3591 3756 1643 135 4655 1797 4916 2615 4957 751 2271 2555 2238 1450 3825 3615 1763 1830 691 2535 2234 2298 2964 767 2424 2602 1458 4925 4934 31 3966 4635
4998 37 1930 3914 514 1472 4358 651 2509 4498 2811 4188 4761 2040 503 92 1316 4585 4613 488 1909 1003 3548 573 4257 3541 4645 1595 4982 1364 4961 3169 3704 2783 4866 4365 2929 1147 4354 2053 3367 2355 3143 3309 1806 16 3119 3195 1891 1495 3303 1738 1172 2726 1858 3235 4537 729 3753 885 4158 251 3629 570 1425 4853 1916 696 3015 613 60 3378 1360 1376 3426 2479 4479 1314 2773 1993 2627 776 4292 3178 2063 4002 571 2481 293 1586 477 486 2737 1234 3442 438 2367 3406 4708 655 3236 2514 3624 3817 798 3150 443 1336 1838 3752 3028 776 880 3278 4991 2648 418 3656 3546 1489 1904 1488 2333 56 1856 1105 1207 4260 1071 306 3624 4995 798 756 1764 4887 4976 965 3103 1891 602 2585 4589 1524 3052 3548 729 1905 1932 4645 2452 3541 1327 1752 4313 4070 3430 3564 1777 568 2880 2750 576 167 2594 3579 1762 475 4414 4882 1186 862 4040 1446 911 3444 4730 2271 4029 1896 3871 785 3118 1505 4448 1295 369 1133 4674 3131 2075 4307 1977 1258 4406 3021 3217 2294 1156 4563
