N: 200
M: 80
Symmetric: true
Triangle: false
2 184 84
1 135
1 94
1 90
2 130 193
2 144 196
2 95 16
3 12 158 132
4 163 13 192 134
1 97
3 64 116 85
1 131
3 152 24 198
3 110 37 142
2 89 6
1 70
3 154 133 23
4 182 79 147 155
2 185 149
3 197 92 62
3 91 161 71
3 126 200 117
2 121 175
3 108 32 188
1 167
2 38 59
2 69 128
5 28 78 101 14 86
1 43
1 107
2 30 29
4 58 138 7 35
1 8
4 55 10 50 4
4 27 1 170 66
4 123 156 56 162
3 180 9 173
2 157 26
5 105 169 106 98 127
7 18 67 61 74 73 113 174
3 139 114 151
1 178
2 136 177
3 109 46 80
4 150 20 165 183
3 122 124 93
3 199 159 164
1 168
1 104
4 3 176 141 63
2 102 42
2 19 60
2 83 190
2 171 143
3 15 72 41
1 75
3 39 191 88
2 65 34
1 153
2 53 166
1 195
2 54 5
1 115
3 120 118 179
3 25 119 57
2 44 52
3 2 137 172
7 186 99 103 129 49 81 21
2 111 96
5 51 146 181 189 22
2 160 112
2 48 82
2 125 31
3 148 187 11
2 45 68
2 140 87
1 76
5 194 100 145 33 36
2 17 47
2 77 40
1578 4476 551 460 4849 1433 4949 4372 4599 4315 4990 2514 70 3405 2629 1023 1607 1181 3665 3304 160 4544 1918 1614 2871 613 197 1215 4314 4571 3376 4742 3315 858 1772 83 1666 1088 1636 3857 4565 810 4595 776 1807 219 3003 3918 2125 2058 3764 4468 2994 368 1166 1130 842 477 1177 2147 1677 4512 4889 957 945 4246 1331 4272 553 1380 561 1448 1485 365 1849 110 2833 4210 2236 2419 805 3616 4449 1999 3469 2544 4867 4428 1961 1268 3141 895 1638 3885 1153 1803 1774 1928 2548 3595 1618 1740 2158 523 2160 4343 4087 3903 3319 885 2386 2970 3237 4229 1900 2116 2463 3165 646 4779 3583 3243 436 4977 741 521 137 3821 4426 2289 458 3463 3506 1498 2769 2738 2134 1987 1488 729 1081 1685 147 2857 1699 2585 2422 2129 2094 4814 2803 610 1012 3197 4376 3437 404 4695 3264 4374 3858 676 2588 1810 2669 143 3958 146 4599 292 435 2181 4111 1498 4446 765 1193 2942 3878 1734 910 4725 464 1459 2257 2535 3625 3018 4092 1937 1863 3249 1266 1872 398 4400 1470 744 3627 4982
4476 140 26 2141 4493 4388 1793 2825 3197 3874 2470 2849 2350 533 3989 228 4920 2264 599 2777 4222 3241 1523 3296 3052 2300 50 2380 1906 2823 4616 694 3330 4796 4656 676 4541 4756 2793 3246 2434 14 3771 994 4256 3856 4993 2705 4497 3528 3183 1446 4129 3436 4444 2204 4799 1674 3252 3412 2727 2188 3607 2638 1722 4075 1625 4408 3239 1295 1396 1687 2256 3413 2979 2918 2759 1128 1286 282 1213 4281 372 2995 3227 4157 2472 246 3319 625 2145 4437 3221 4669 2810 125 1559 2768 4159 437 1002 1559 3751 1400 3825 2531 240 4210 1681 2755 4576 4753 2391 1080 4613 2966 2621 1065 4015 4693 215 2952 3082 831 1106 1536 2495 4937 1991 797 2440 4610 359 4472 4176 4217 3044 1041 4372 4569 1119 431 2318 1044 83 3864 4460 533 4898 1623 670 773 2620 3486 1443 382 1180 3879 2336 1347 4924 2750 728 2045 3297 227 4325 1542 2790 4235 2013 4093 1077 1483 4285 687 2053 2739 2506 2122 421 3343 1387 4075 356 4282 3799 1250 2021 629 4527 3123 4484 2287 699 2358 694 1272 2419 4350
551 26 4331 873 1723 4120 129 749 712 3670 3313 406 3624 2156 131 987 32 1174 2353 637 3761 1108 1684 1452 590 706 2568 1371 2886 3703 4815 1232 4043 4470 933 2528 4040 4393 1642 615 3045 4480 809 3719 3691 3999 4024 4350 2130 1835 3507 1729 1337 4855 4822 3120 2575 3743 4619 162 526 1143 4655 3151 1923 2227 2268 3740 4965 1569 3193 1287 852 2433 2341 313 304 3175 3052 4868 734 2775 1720 849 3362 4860 1556 2898 108 4904 322 195 3693 662 3065 227 3426 1049 4387 1522 4547 1765 4807 690 1519 561 4275 174 3904 3379 1345 1648 3029 2750 4400 4900 935 4882 1417 4927 3564 2847 427 2690 4405 2944 2350 851 4814 2667 562 3499 1529 2570 2538 1275 2378 394 1387 3920 3761 1749 4148 1774 3791 4225 4559 1598 3550 4263 217 4455 524 2968 104 1115 2268 3856 837 2360 1214 2573 2883 2350 2261 3334 2409 2862 2730 3706 4163 2914 152 836 4857 792 4084 2551 4360 4645 3444 3054 2558 3901 3142 4310 1746 2321 11 3726 3615 206 622 2073 928 586 1533 2804 978 4308
460 2141 873 3977 734 911 3062 609 1585 2029 4477 2541 4126 2133 2376 294 720 4265 3329 3806 4343 3283 292 3910 3510 3570 2655 1771 3742 1633 1587 3015 3784 3002 4310 1288 1727 2431 4469 1029 510 170 2150 4001 1686 4520 4428 3153 4575 394 1176 4766 1442 2777 825 990 1683 3177 1153 361 1239 4423 2502 829 3599 2268 4728 4899 4179 2698 393 2188 3563 4005 1285 3438 3039 1306 3943 3312 1509 2776 4949 3464 2884 2652 1346 3570 3405 2166 3785 1703 2862 1483 4933 3607 4346 4879 3388 3170 1574 3008 2513 3932 1568 2421 4912 1006 1778 3735 174 900 3752 2137 4370 2832 579 105 1941 1604 4394 909 514 1571 3488 75 233 2908 4616 1180 2972 1089 809 3921 1360 3195 3399 153 770 612 3843 3639 1065 4160 1772 4322 2647 3590 3462 4258 2553 2764 4693 2130 4722 4525 1354 990 373 601 3458 4298 2834 2658 2760 2695 1390 1095 3257 632 1577 2227 4824 2988 1193 3284 3339 542 4918 2441 1371 4523 4620 2192 2502 4593 146 3025 3468 2246 3450 3222 3476 800 91 3065 3900 2502 3036 2034
4849 4493 1723 734 1151 1462 3391 2883 1570 1475 2275 886 2025 1310 4633 4975 1898 3600 1948 3629 3345 4703 3553 4712 2804 4606 2664 4598 395 68 811 4404 3844 869 4204 1363 4339 247 1170 448 4477 885 4434 13 3754 1243 1184 1609 3891 1281 2867 4517 150 3463 2036 3603 4555 1363 3053 1756 1861 4776 4940 4684 2030 3762 3288 2191 4613 4257 3762 1780 4713 1020 4282 3650 3876 3042 1358 4584 1021 3001 2093 2655 2098 4046 4999 718 3314 3075 977 951 2284 996 1808 1988 962 1739 2929 3079 3734 3834 1176 4954 887 4398 3317 4154 4815 4377 1597 3915 4530 4865 4576 2449 1195 2283 2835 2881 361 2761 1075 2942 2108 1779 41 4103 1716 1082 1454 1796 1202 4778 3367 320 4803 2107 2942 3159 4206 4275 4807 3904 3355 4615 2231 1809 4901 44 1887 1912 741 2548 2910 938 637 1276 4499 4309 3035 2493 1032 3932 1451 1211 4236 4404 2649 1459 2833 2772 2411 2949 3780 3821 4984 1003 3835 3232 4672 1281 1284 141 424 917 2180 3125 4784 3472 4043 3890 2931 277 1658 1998 2488 2972 3318 477
1433 4388 4120 911 1462 4469 1479 3456 1221 1631 4878 2494 1909 2693 3442 4222 4237 2796 3070 2215 2820 3876 666 4512 1195 775 1434 3746 1308 4218 4380 3752 2313 4843 1212 1436 2088 3935 1387 694 912 4920 3422 3790 10 2115 4712 3481 4108 2888 1097 3006 2853 3119 774 4504 4342 447 239 1414 3619 2042 2954 3860 2999 2942 1515 218 4078 1462 2833 357 3999 2886 216 4276 3479 3528 4226 2850 3228 2273 3744 158 2565 1616 2945 4443 4212 1418 4323 1480 4296 1576 4964 4525 472 276 1302 1468 1688 761 3987 1520 725 1387 378 2418 1994 3911 1977 282 4057 450 4981 3950 2031 4342 3814 4637 4642 389 2274 1189 2100 432 2589 108 1457 1045 661 4669 4502 3009 2670 4011 3851 2498 979 2201 1097 3230 3900 3013 2263 2586 4765 4708 3723 4805 2595 4405 1313 4522 929 331 2108 3714 2579 141 3857 3323 1088 4211 4849 1287 4076 2538 380 2364 3119 123 4963 1658 3199 2421 3597 1160 3088 363 3606 2726 129 2685 2896 870 4187 715 2241 4869 4857 3818 4890 2287 4774 949 4297 3825 4536 1650
4949 1793 129 3062 3391 1479 1396 3986 4626 4163 4188 3065 1558 3756 1402 564 4974 629 1910 4099 744 285 1443 4547 487 1989 25 473 2658 1475 896 2408 3432 538 3283 2510 1144 4488 3895 341 3396 1437 3177 1866 4666 778 4457 345 4649 389 3054 4504 4243 2760 3254 1682 4981 4482 329 1615 725 43 300 684 1582 3999 552 2899 3555 4753 459 2726 654 3409 3875 3015 374 3984 1298 1616 2278 894 1989 4079 1283 1015 2358 1393 3534 4959 413 4524 3354 3545 1961 1877 207 3467 907 3784 3086 2519 2371 1696 1626 3462 3888 1906 2092 4930 805 1084 4881 1612 4569 2842 3492 1156 37 1594 565 829 4063 433 2509 2421 2535 254 3365 2583 2521 547 3108 4907 181 2654 520 2399 499 3508 3530 2024 2586 996 2327 485 2977 2351 43 3801 4537 3118 729 4808 1874 1317 4678 1005 1338 459 3386 725 4426 2394 2470 4363 3717 1515 4680 849 2100 561 3354 2992 3299 4169 3273 320 4480 3719 2659 157 3939 2245 3878 4443 4128 3308 1749 1234 2975 4347 3459 4948 3197 2242 471 2481 4824 2281
4372 2825 749 609 2883 3456 3986 2762 2981 3382 52 1442 1123 1483 1924 1439 4454 2425 4624 310 99 1873 4016 4973 3841 1844 2799 3657 3003 381 1019 2002 459 964 2989 4774 3499 3567 3355 4110 2164 2536 2440 268 4304 3835 4510 4135 500 4928 522 3381 3254 2954 2773 197 575 2850 387 3449 4832 3540 710 2045 3267 1753 2080 1687 4093 3565 4484 675 4765 3180 1110 1653 3944 997 4781 2119 1745 2258 226 1459 1448 4568 2729 3622 337 1070 3598 3514 2889 4667 1097 3436 1862 3478 3281 2147 1504 118 2188 724 1095 2820 1109 116 1948 1134 2222 4354 1390 2160 409 308 4347 1009 4496 2897 1122 1816 784 3277 1646 2294 1567 2433 445 3832 4787 3535 3407 3821 251 2853 1122 3658 876 3449 4361 687 4372 2530 3782 2866 4986 2371 461 4915 3256 1286 1602 3179 3989 3948 4052 583 72 350 4929 188 903 4514 2334 1529 1927 2567 4785 3775 617 4612 3713 4881 1741 3856 1806 789 4086 2194 3960 3712 2665 4594 1033 3222 3485 3371 1298 1163 251 1211 4144 1906 3006 528 269 231 2303 3425
4599 3197 712 1585 1570 1221 4626 2981 2998 146 1256 3901 2118 45 127 3579 2593 1741 323 3491 1700 1044 4397 1345 4742 2886 2252 4418 3713 1417 3970 1176 4387 3842 3356 723 1797 234 247 330 3259 2944 747 905 3529 2569 3376 600 1103 4473 1641 1191 936 936 4366 2564 3245 2236 3574 1763 3207 2287 4601 2653 2181 1356 2910 2756 4458 2842 3081 3299 1871 3737 168 3578 2130 3194 658 1769 1117 3257 2915 355 710 155 2598 3172 88 4314 937 114 3070 4124 2859 3280 481 3485 1185 3058 4852 3375 3970 1326 2325 1029 4038 997 2496 4163 466 122 4005 1826 4053 4756 1755 4361 1365 3776 1281 753 3871 2270 722 716 3010 3433 1450 1222 418 2334 4533 2169 473 4749 609 3809 157 4283 2638 1438 4671 1661 3918 4761 3459 1259 1486 3885 2609 4462 905 989 569 3499 3549 4282 1002 2613 1021 3001 881 2324 4191 1494 3033 504 1561 2570 3551 1525 944 3294 1222 14 3131 4329 1598 2484 949 4652 1146 4119 4398 1821 2251 3171 3208 3895 2297 4189 3630 4027 2059 4013 3659 2061 4965 4500
4315 3874 3670 2029 1475 1631 4163 3382 146 4711 4229 2873 1244 2357 2732 2543 3318 3146 1557 480 4615 1318 2973 2043 2850 815 2054 1639 1341 378 4279 3623 4227 3247 4520 4224 79 3616 2206 3877 3261 4971 1317 123 2615 3589 595 4312 1960 506 1110 4504 3821 4950 553 3506 3446 4031 200 2766 353 814 4943 1988 4655 3904 1227 4288 2869 3900 183 4481 3497 2743 3172 4625 4408 1309 4825 2722 745 2506 2178 4737 3517 2138 1915 4159 1530 2973 2358 4155 158 888 3877 386 697 2749 3056 508 2781 1096 3006 2959 3851 184 3890 3299 4023 4252 3154 4544 1107 4435 4055 4558 1760 4889 1127 200 1578 840 1526 1448 3756 3506 2465 836 38 3048 907 1181 2340 183 373 4898 1242 2768 538 4100 2566 4015 4901 589 4725 278 2767 489 2428 4383 4041 1872 705 3580 3024 1330 1763 260 401 1683 1581 3114 3303 3888 1641 537 3636 2728 4463 1986 475 4894 3093 4643 189 2458 3121 4432 3232 4724 2863 1673 1581 4691 2054 1084 4688 712 1503 1185 460 186 3814 4475 1605 1373 1363 152 1357 4460
4990 2470 3313 4477 2275 4878 4188 52 1256 4229 4435 2572 1055 1306 4593 306 1045 4708 1994 2322 1875 3160 188 158 3081 15 1661 666 144 3046 4978 1873 1383 4135 3855 4085 3792 4696 1620 3323 95 1871 4685 2096 2318 2624 3084 4980 776 3937 725 1924 1502 969 4501 2045 3562 4856 4290 1128 3230 2248 4264 2485 4358 4741 1323 2293 556 154 2640 619 44 3526 3927 1138 4467 4306 529 1051 3604 3830 2146 1388 2180 3495 2882 869 28 410 4131 595 4373 1154 3527 350 1677 4255 4433 4275 2835 514 63 4456 3021 883 3058 1532 1943 4754 1659 1550 2056 4887 3129 3202 1840 2872 1353 4610 972 1651 2383 2600 1816 3265 482 4065 1284 2052 3651 738 4055 4913 2324 1488 1434 4436 4009 382 4871 3707 4418 4228 4377 1507 2396 2161 4482 699 108 1061 853 1478 1791 845 3670 988 1131 4285 2476 3922 3321 459 3218 699 102 3947 4831 4219 2474 2799 2025 309 3158 2838 1122 278 1142 2639 1142 4028 1226 1315 2492 1138 378 4727 3537 4523 4177 2464 4543 2128 1691 4730 3588 2475 1577 3292
2514 2849 406 2541 886 2494 3065 1442 3901 2873 2572 139 502 3072 1096 871 1801 2584 1837 1027 929 3743 3939 3932 54 2936 3047 3849 2551 3664 944 4682 1564 2194 2906 4234 1806 1642 1232 3467 1738 3232 762 2155 2819 4401 1264 1301 2717 405 2362 4234 3027 3248 2629 2406 3557 2367 4727 2083 4331 4040 4029 4566 238 267 3734 2816 3004 3385 1945 969 3835 3009 2834 1644 4290 3899 870 1216 357 4534 2577 946 1000 1688 264 4383 1592 544 1568 2560 1504 849 213 4271 525 1177 1381 416 4338 1002 1983 550 3590 1755 1237 2003 3897 2599 3541 3500 456 419 4082 4942 2899 3990 2753 4698 2692 2020 3660 4820 4711 1813 4042 3867 884 3949 4259 553 2303 2812 625 379 2546 3334 4560 1590 3154 604 3497 490 272 4907 38 1645 1222 2352 4131 2034 4136 1521 1056 4610 2684 1833 2903 907 2870 58 2840 3709 929 3159 2908 593 2925 865 4093 1411 3797 193 2756 1565 4808 879 1772 4747 2982 3791 3472 2431 2548 1018 3201 585 10 1250 2834 1144 4268 2673 799 1102 1934 3056 86 1324
70 2350 3624 4126 2025 1909 1558 1123 2118 1244 1055 502 1997 1816 4697 237 3801 1055 2064 1590 715 135 3552 1011 2404 16 2175 1896 753 3852 355 1242 599 4187 1634 4513 795 2407 4881 2287 3848 326 2219 2895 1131 3761 1295 3080 4747 1351 4840 550 235 2221 4416 2667 3345 2608 401 2582 588 1074 3546 4818 250 4729 15 2393 2546 2517 3158 788 1793 4972 2971 744 1571 1478 3117 3809 560 3682 2626 4610 2824 2321 4271 4585 321 2404 1001 4601 4525 1049 1949 1585 579 656 2818 1138 4929 4588 2524 1114 4581 473 3116 724 4424 2072 2181 2676 2519 2965 1454 2302 1069 392 590 2264 2685 1943 1155 75 3165 2188 4799 4994 4225 604 3858 4047 228 3084 1624 1716 2666 4262 2003 4746 826 917 774 2481 1900 2679 3766 3691 3171 2756 4555 4322 381 4231 2131 1615 2641 3632 884 2439 344 3469 1034 779 4777 2167 620 631 4314 3563 4597 4989 1870 541 4600 1931 2844 1174 1857 4610 2979 4523 2241 2699 3755 206 3659 4374 3369 4970 3249 4242 1053 3766 3753 3046 829 2525 2069 4937
3405 533 2156 2133 1310 2693 3756 1483 45 2357 1306 3072 1816 2844 2164 282 1759 3923 4344 1077 1636 401 4821 3486 808 23 4525 2247 713 3827 4872 1477 1870 2556 666 2230 4873 702 4668 245 4404 2161 3504 2066 242 3182 2833 1117 3600 596 4335 1685 3853 3430 3982 2573 3493 3578 482 499 4559 4772 155 4884 4961 466 4866 1855 382 2142 1182 3971 886 219 2441 2731 3387 3403 4705 3668 97 3948 3018 2724 4973 4443 1291 2524 4940 848 1636 4822 1045 1846 2941 4638 4892 2433 757 2533 2810 2509 4444 2047 36 4101 3556 631 1051 577 1980 2962 3343 2736 1009 1239 176 4119 150 1321 2893 4547 688 1953 1433 81 2597 3269 1310 2487 1997 428 2525 4313 2859 2879 887 3381 1927 1621 129 4577 2435 1525 2995 2831 395 4838 828 3966 4748 4122 272 4587 2217 2987 212 3548 938 3623 3484 480 1821 1216 3574 620 1320 2854 4304 78 1500 1273 71 3472 528 1245 1835 929 438 3980 4975 810 149 3747 87 2391 4947 2917 1700 1212 1015 4222 1297 3688 955 883 4593 1555 1206 842
2629 3989 131 2376 4633 3442 1402 1924 127 2732 4593 1096 4697 2164 3321 2402 375 4900 39 1169 780 3067 2025 83 4857 2518 1869 3144 52 3895 4288 2020 2750 4979 3429 3348 2763 2024 4278 4597 1603 1630 1136 2274 1986 1465 89 4095 4477 2710 4582 4002 3010 455 1953 1456 558 916 3418 3949 3092 1998 3623 4604 4677 138 834 3404 4274 2306 647 2599 3477 1981 4353 2008 3892 2077 255 1891 254 1055 3751 216 1462 1470 1468 2309 1666 2059 4212 1472 2030 168 3895 1124 4027 3829 384 3911 696 2659 3896 1633 1489 545 4826 4498 2399 786 608 272 814 4885 2277 2891 2211 4864 490 2733 3304 4916 1568 574 194 1848 2446 3506 692 449 1236 3600 603 3576 3587 2360 3062 367 4711 2959 4785 1429 702 584 4561 668 1842 4359 2517 2216 3126 2111 4905 3474 3203 4691 444 4546 2044 1395 3629 282 38 364 4322 4246 563 4264 263 1615 1608 3227 2260 4572 3470 1692 3701 4279 2043 2547 4523 1268 2260 2814 4357 2965 199 2482 178 2688 3552 2840 868 4425 48 1296 2886 329 4656 1887
1023 228 987 294 4975 4222 564 1439 3579 2543 306 871 237 282 2402 975 4114 2364 4944 3698 4225 381 2748 2670 3406 1571 4339 2285 1489 4822 4526 439 3351 4208 1298 294 2414 3943 651 2749 1430 4282 3065 2938 3817 4746 4414 4651 3958 4863 3550 2518 3760 3565 2916 1363 3717 4641 2290 2883 684 2548 1329 2032 4194 3856 1131 2694 865 1370 829 2607 4562 1704 2157 3048 3003 1262 1900 3331 2676 1285 1049 3276 657 709 1268 960 495 630 3323 2611 2021 3530 1912 3215 522 556 2653 3256 1626 4231 4938 3238 2470 41 2803 1645 1098 539 3881 2010 1680 3674 3008 3303 3062 3236 2738 3777 3144 2290 4997 3861 2655 4743 1703 1859 4646 1666 2756 22 647 217 2183 4161 1643 4058 2455 2056 819 3055 988 4963 2788 3330 4579 423 4552 4304 1678 4600 777 2309 4414 3295 4790 3094 1708 4775 945 1683 4908 1334 2333 4330 1627 2422 579 4250 2402 432 3399 438 4179 3338 3555 544 669 2700 952 3198 3640 2098 3508 4427 2374 2717 524 1675 4086 4192 1327 4845 270 87 2066 251 1383 2621
1607 4920 32 720 1898 4237 4974 4454 2593 3318 1045 1801 3801 1759 375 4114 4393 1479 1294 2756 1112 3103 4989 3144 4083 4489 4589 3048 532 1352 3712 3619 1991 4539 2912 1328 786 2220 2838 2371 104 4649 3237 3262 2738 3537 3179 2792 2090 3886 4251 483 669 3100 4825 713 4010 3675 523 3968 674 2247 345 206 301 3285 812 4529 3249 4848 4459 4876 3894 711 4306 640 3252 4580 3977 376 3240 882 3115 3028 3012 687 803 1853 4903 1091 4679 4192 1901 732 4502 1322 555 459 1087 4783 1385 4148 4670 2083 3247 880 4349 2334 4224 2324 3302 4910 1662 2549 574 4262 2778 1548 1057 2831 1460 3328 4739 3579 3707 198 3681 1555 4134 2514 303 3231 3852 1181 4238 4475 2975 595 3125 1709 1763 3810 4296 4882 1572 276 1048 3445 3086 153 123 4553 2382 55 2162 4650 1680 402 3903 1863 636 2019 1214 4839 584 3055 2152 1377 2365 1608 2858 3798 2283 2237 2075 3140 1625 1326 3111 3005 3186 3047 1233 2289 4924 4522 4460 1483 4908 951 4039 2179 3363 2527 152 1656 2201 2917 2787 58
1181 2264 1174 4265 3600 2796 629 2425 1741 3146 4708 2584 1055 3923 4900 2364 1479 4665 4141 1761 555 3665 4347 905 304 2666 4479 4357 3976 3422 1503 3957 931 2535 619 1255 4072 4175 587 3725 3771 4167 4074 1408 673 3563 4814 2746 2340 3065 2519 649 2618 4960 2591 4917 2053 1860 2808 3866 537 4198 4302 1106 3999 3901 201 2573 691 3772 754 2258 4526 642 3746 3796 1758 4575 1582 1967 2787 4269 149 405 96 1285 3348 4084 1356 2973 651 1621 2366 607 2881 175 177 714 827 1705 2375 109 2665 732 294 4712 2710 3966 2312 1798 561 2617 1920 618 1597 671 3725 4567 527 62 1488 445 1773 2774 3644 582 3910 4141 3925 2883 3895 1027 1316 2623 485 4010 1218 4145 1598 4476 4452 2030 2735 3628 4826 4444 4410 2200 610 2886 466 2327 4012 3921 4933 957 1982 1952 3154 249 2753 3904 3043 501 2025 4945 263 1605 2182 3446 3150 4419 2515 1520 4269 4215 4594 2821 1785 819 1161 1842 1520 1328 2918 2866 2734 4611 2203 3168 1914 2086 4163 2390 3724 741 3313 980 275 3279
3665 599 2353 3329 1948 3070 1910 4624 323 1557 1994 1837 2064 4344 39 4944 1294 4141 2582 1830 3278 4660 1276 1824 3952 1185 135 1859 596 2425 180 4007 173 3630 1080 3413 1844 3048 1439 4193 1872 846 1389 3032 3875 3727 4382 94 3455 4257 4147 4922 1344 2405 3785 3026 425 3706 1891 4816 2566 3369 1880 1053 3020 1356 1357 264 721 1651 1591 3653 2670 1403 734 2916 2714 2667 3688 4143 3005 176 934 3616 314 4386 414 4002 2880 341 1529 3146 4511 4591 781 1426 1663 4782 1212 4191 1483 884 1237 4726 327 343 3438 1100 214 4337 3657 627 2574 1228 2431 3252 3907 2655 4477 3699 2230 728 4090 3204 2409 2947 1179 42 4585 2399 1194 3560 1171 575 160 4102 1895 3433 2337 4382 2314 4538 2628 3842 845 734 953 238 983 3335 3935 4697 4302 1646 1354 3763 498 2577 2187 4808 501 4689 1342 1978 258 2756 835 1793 3815 2937 2162 2330 4252 735 4998 3923 2490 4597 1227 4540 734 234 3100 3993 2692 4226 3437 1003 151 1580 4884 468 4928 2539 1458 1657 2648 801 1990 102
3304 2777 637 3806 3629 2215 4099 310 3491 480 2322 1027 1590 1077 1169 3698 2756 1761 1830 3245 2423 2188 4102 3095 4792 229 784 4449 2838 4420 2441 59 1230 4874 834 4366 1431 1399 2423 401 1770 446 941 3067 3395 1567 3125 41 4272 1330 109 703 3046 1662 4369 4343 1908 4614 3816 3290 1559 4857 4982 3527 2655 1669 1736 2299 3738 3750 585 2172 2737 1877 2150 2249 369 3190 1295 4731 2884 1966 4157 3710 4924 2928 731 1722 1513 1291 3565 356 4252 2131 2021 667 231 156 1717 4028 198 1326 4117 2785 1985 4809 3991 4955 4316 4677 3207 2138 4790 2438 357 467 2274 2372 4301 4682 145 3782 930 167 894 743 3627 4633 4603 4818 4584 968 3406 4830 4587 2141 1138 2924 2945 4947 4748 4855 2056 3694 546 1515 4771 1304 2553 2595 2826 2358 2222 1093 919 979 774 2907 2488 1470 154 916 1542 4772 3631 3111 4256 2632 2754 3757 2536 2532 3198 1600 3204 221 313 3281 4519 1157 3618 4365 1366 391 1062 4039 934 3468 268 902 1253 2625 870 2268 3437 591 4467 4528 3149 2248
160 4222 3761 4343 3345 2820 744 99 1700 4615 1875 929 715 1636 780 4225 1112 555 3278 2423 3846 3667 1480 627 363 2589 4980 4850 4833 4204 4710 52 3014 4394 4676 2280 3741 2537 2867 2398 3466 4002 2707 3189 4564 2948 660 209 1752 1417 2444 3706 742 4132 3082 3995 3921 4953 3819 4206 1176 4017 185 955 2219 3301 1586 3433 840 4092 2513 1642 2172 1072 2625 4208 2268 3829 4618 3945 3775 3243 4755 2561 1229 3876 2768 4854 3470 3334 939 4713 3037 1673 4798 4482 3749 4407 4845 4068 798 1679 3107 3510 2836 525 4055 1527 796 2271 1255 3869 1248 1690 2241 1247 1703 2741 3229 2969 602 3513 1214 3182 2650 3134 4271 4951 219 1345 3742 3173 3020 3598 4378 2707 564 2299 1366 3657 2493 1000 4085 3612 2763 3488 3107 3456 3449 2024 650 4477 2958 1227 4869 103 4449 2090 2776 3848 2510 2807 1661 1256 4425 1460 2150 74 3533 299 4692 501 2505 1922 1049 4547 2887 2359 4781 384 3540 1257 2858 162 3640 28 99 1536 4560 3683 3145 1094 59 4382 1958 2606 1088 2395 3183 2979
4544 3241 1108 3283 4703 3876 285 1873 1044 1318 3160 3743 135 401 3067 381 3103 3665 4660 2188 3667 810 512 1795 1714 1968 4969 4475 1227 1313 2987 2432 4921 2335 1596 4494 274 4235 2174 4249 3878 375 4075 759 484 576 519 4677 3197 3430 2525 1569 4541 1787 1849 4090 4586 1958 3807 4185 4970 4920 3074 2694 1709 4937 2220 4388 651 4093 3073 1177 4090 3531 892 1351 144 2608 4844 3061 3083 906 3112 3424 1640 2706 2845 100 1051 3490 142 2252 3959 3366 3468 276 4511 2083 2344 1121 295 3744 3075 3106 2123 1053 2388 1681 3276 3390 3249 2763 4544 637 2566 2274 2242 3211 1552 4787 2909 3184 225 3656 2609 618 1145 1174 65 2795 127 4813 4668 210 982 3191 3619 4793 1568 4629 1468 3227 1966 806 116 3477 3930 2307 327 246 197 2061 3782 2502 125 1130 1720 3000 338 3471 1684 1417 2448 1782 3195 1268 1977 4246 2176 1469 2499 4461 3069 2481 634 2195 3669 2755 735 4453 1089 2171 890 1443 1933 1577 3947 3361 3094 224 3955 3733 1240 729 755 981 3611 4860 3612 2994
1918 1523 1684 292 3553 666 1443 4016 4397 2973 188 3939 3552 4821 2025 2748 4989 4347 1276 4102 1480 512 1892 2909 1852 3641 1139 1353 857 1263 1819 2369 4616 3517 2649 3462 4486 1401 974 4257 2531 368 2332 2434 1381 1175 3167 4378 4736 1210 2862 655 3858 4912 984 2838 3153 4770 1025 4318 612 3420 4494 366 3434 314 1091 1773 320 348 4055 3560 3994 3268 691 4382 2668 3889 4401 1012 532 2528 4608 1418 3920 784 2552 4019 3318 3891 1558 2723 3385 4468 2087 1203 3496 690 2583 658 938 3482 39 1671 4274 3732 3647 4933 3234 716 3519 3846 216 2311 2682 3246 1533 271 3933 659 4391 1998 2078 3508 1852 4109 4049 4401 3908 1612 4709 2401 1348 2519 3928 1894 3376 4818 2950 98 4932 1374 3523 4097 2989 704 4908 742 4732 2977 4900 515 1241 1692 4916 567 3003 1663 4200 685 794 4747 665 2712 2863 255 3050 3148 462 3348 2362 596 70 4600 4183 3475 2349 3507 551 831 3470 3303 609 385 4100 2669 270 276 1009 361 2769 83 1611 2693 1480 2777 4196 4224 3771 807
1614 3296 1452 3910 4712 4512 4547 4973 1345 2043 158 3932 1011 3486 83 2670 3144 905 1824 3095 627 1795 2909 3837 2421 3749 2986 2173 2246 1433 1756 1620 1126 4542 899 3962 1149 345 893 4087 3405 534 3848 3213 4096 4326 1485 4074 4470 3717 2757 2871 851 1865 1706 430 759 1700 4765 2341 4827 3520 2879 3355 4168 1939 1955 1297 3938 290 3097 4407 2118 4965 2576 1307 1988 2321 494 2171 4606 785 4433 4121 4801 956 2623 2264 664 4109 1440 1078 285 4583 2422 4191 633 4138 2579 1447 4097 1463 2286 1271 3838 4032 2932 1972 2210 4677 4302 1292 1062 3730 4524 2652 3822 403 282 2188 1583 2914 4431 4164 4406 1117 967 517 370 4324 2230 4002 2228 2502 2324 4798 615 1871 1644 600 2977 404 1145 1167 3930 880 2066 2113 3561 2032 4623 1169 4031 1811 1782 4987 1403 4586 4306 585 3309 4602 2896 2601 609 2125 39 3837 1231 2241 2688 2048 548 1069 189 4749 4858 4088 4605 3190 1251 2806 1708 3830 4508 4152 1661 238 149 4960 2353 1794 2920 4083 627 458 4308 3614 3524 3743
2871 3052 590 3510 2804 1195 487 3841 4742 2850 3081 54 2404 808 4857 3406 4083 304 3952 4792 363 1714 1852 2421 2256 4865 552 870 1403 2390 1282 3177 276 3473 3230 1395 672 2267 3345 1098 4145 2643 4261 2084 2957 735 253 1994 1056 837 1374 130 2264 2025 1192 2350 1783 3879 1556 817 2169 3860 620 3120 3365 4948 4804 2023 4094 4454 1565 860 3004 826 863 3112 3281 4189 4592 2634 4259 1684 3227 2846 111 1467 569 4363 3214 973 4405 280 2835 2531 329 4952 3035 4660 226 3823 4663 3069 4467 2540 4865 4699 4748 2156 595 4890 286 3174 3203 464 3715 2844 4919 2045 1984 3690 3611 83 3973 49 2577 2904 122 4272 211 2568 4998 1371 3605 2315 2055 4271 3163 2926 3273 2251 4584 4872 3402 1828 4193 4085 2362 2225 1983 681 1385 2860 398 1133 26 582 3327 4012 4178 1111 3380 2722 2859 2718 248 908 3337 4222 1808 3450 667 1845 990 4981 2308 2989 4793 2424 3928 95 2070 1313 3092 2840 4867 2350 3986 2117 1641 2764 1448 2340 12 2497 265 4040 3698 2037 4793 3211
613 2300 706 3570 4606 775 1989 1844 2886 815 15 2936 16 23 2518 1571 4489 2666 1185 229 2589 1968 3641 3749 4865 2335 2988 2536 2244 1311 674 4614 3837 4500 1510 2173 3540 4425 3660 1243 2912 4492 3703 3085 68 1040 1519 547 3881 4449 2078 4745 3075 1908 2236 52 2111 2956 2752 1395 3897 4263 559 4963 665 3166 3558 2245 602 4740 4221 4050 1649 1852 3837 4127 1713 4012 365 3017 1852 696 92 3137 4248 2588 972 2040 2771 4661 4202 2603 1833 3617 3908 2729 463 4189 3429 2872 3989 3388 1258 3821 4840 2541 920 1464 978 4004 1545 2331 3329 4648 4068 4315 890 551 4180 3382 4520 4905 3772 912 4208 3381 3171 2309 710 342 117 2847 4034 2458 1907 472 2747 4450 3963 888 3491 1149 1782 1189 3242 471 1814 2206 4068 1684 1504 238 4682 2704 366 1311 1807 720 4733 1011 3922 3003 4153 1250 4045 2125 215 1444 2564 2843 3374 2306 460 1746 2674 1364 3549 605 3690 3726 3986 869 904 2252 2170 3429 2475 3693 2931 2228 1398 241 3206 730 3619 2644 3968 4786 1087 4614
197 50 2568 2655 2664 1434 25 2799 2252 2054 1661 3047 2175 4525 1869 4339 4589 4479 135 784 4980 4969 1139 2986 552 2988 1992 2116 4225 3901 3595 4423 3678 2778 127 3295 381 1030 3093 1460 4569 483 4681 2515 2129 4611 1749 226 1256 2903 87 1674 968 3864 1288 3933 3510 4280 3001 2447 1856 1360 4092 404 979 4652 4786 4236 4190 208 4628 1826 1531 337 3061 1308 2335 2626 2946 3241 3414 4623 1302 805 4711 4298 2550 3483 2397 992 1383 187 2487 3847 4475 1329 1598 903 4594 1883 4620 3990 3530 4125 3159 492 778 197 339 1622 2563 3854 1042 81 3999 4603 2443 3686 2994 592 1646 1725 2671 4028 2823 3727 2462 1466 940 2321 2943 4592 2720 3345 2249 2881 1987 1428 2493 1471 3065 902 4978 3811 178 4492 2726 547 492 1868 1397 3464 4526 2243 4752 4891 3507 3374 1591 3627 4746 3914 3803 1978 3290 3984 1029 4859 4373 1763 3630 3626 60 1131 2678 3787 2400 1048 213 4172 1121 4173 2082 4421 35 236 1922 4323 2939 723 662 1445 3141 4205 3917 3052 2062 2467 1756 2324
1215 2380 1371 1771 4598 3746 473 3657 4418 1639 666 3849 1896 2247 3144 2285 3048 4357 1859 4449 4850 4475 1353 2173 870 2536 2116 1420 455 2782 1534 43 2165 915 2360 1223 3287 3145 4101 4035 3266 4520 3818 299 3899 2547 1812 2006 1415 3878 399 378 3943 603 3414 591 115 3784 1719 4614 4057 285 3324 3352 159 2250 461 3596 1531 3428 2514 164 2962 2792 3568 3181 1196 2438 3130 2257 4114 376 139 1068 713 3574 3267 2014 697 2850 881 4413 883 2614 4803 3842 1302 2287 829 2775 1485 2127 4525 1204 4602 393 3613 3259 4559 2556 3399 4413 3269 1415 1815 1002 104 3598 2352 2629 4589 471 1084 3499 2533 2478 4179 3284 1349 4996 2531 768 682 4755 3140 3373 3923 2673 2093 150 3869 3729 654 3272 2882 2643 2336 3676 143 3076 1687 380 4254 1274 91 1022 2938 4680 4653 1222 3832 1831 4556 1340 4584 2018 4456 2220 1702 3474 2770 4809 2576 4857 2431 3011 1564 3059 4714 4385 4736 1440 3867 2719 4947 3931 1538 3346 1093 4545 342 61 4877 4611 971 4421 3615 3019 2741 3334
4314 1906 2886 3742 395 1308 2658 3003 3713 1341 144 2551 753 713 52 1489 532 3976 596 2838 4833 1227 857 2246 1403 2244 4225 455 4193 1286 3818 3969 4044 1137 1809 4616 4557 3751 3090 2074 313 1398 3933 3310 4878 3580 2005 1794 3720 2127 2968 1635 2932 2753 4112 61 2489 855 2011 1083 3632 3335 4196 325 437 3282 909 116 1561 4616 4227 3043 4538 2700 1151 2760 4978 2111 1571 1772 4529 3143 4880 944 3279 4277 2755 482 2704 3000 2353 2873 2852 4654 13 3632 1227 2359 2372 756 4659 2481 2312 1276 1391 3143 2258 3000 692 3420 1934 2030 2503 2344 4898 249 1047 2277 1311 4208 4264 889 475 991 3635 4920 148 2738 4083 4594 4648 3607 1026 1546 3000 887 3217 2371 1681 2910 2145 3344 3807 203 499 19 1801 2645 1247 578 1845 4910 234 4822 4686 267 1004 1635 2299 3941 3046 1366 1050 2145 3819 4670 690 1150 1439 1821 3027 2167 1218 2133 551 2731 2076 3952 2004 3667 2055 743 2815 3884 2138 244 3189 90 3586 2061 2748 1721 3989 3739 1840 969 636 3640 4016 4802
4571 2823 3703 1633 68 4218 1475 381 1417 378 3046 3664 3852 3827 3895 4822 1352 3422 2425 4420 4204 1313 1263 1433 2390 1311 3901 2782 1286 4756 3085 4937 1288 3878 2018 2954 1063 730 2799 3600 835 4361 1108 3527 4638 1787 2408 1418 3755 3425 4139 28 1302 84 1998 1218 4035 2201 235 1708 4136 1610 1739 2145 3982 4626 585 4733 4001 4568 4236 3187 2859 2442 1846 443 3359 3142 169 339 3171 166 3117 2447 420 1145 2852 244 1374 1785 3934 402 1097 4812 1053 322 1338 2256 750 3988 311 4236 3893 2266 1088 4774 1697 2859 2251 3752 4300 3394 404 196 2657 1126 1221 1888 3228 4064 802 4247 451 517 618 3068 3190 16 1884 2890 2203 1875 1577 2384 4264 2116 502 1544 4189 3123 4695 4016 1760 2510 1830 2688 979 3554 2718 230 223 2564 3662 1337 3305 4095 75 1285 1828 1567 257 3050 3117 1420 1229 3169 899 2025 3091 783 522 2491 1840 690 1796 1698 3968 891 1293 1363 734 387 3540 4498 1177 1139 2918 965 4879 153 4436 2109 2983 4570 4083 1196 2047 1795 4832 3081
3376 4616 4815 1587 811 4380 896 1019 3970 4279 4978 944 355 4872 4288 4526 3712 1503 180 2441 4710 2987 1819 1756 1282 674 3595 1534 3818 3085 2847 3719 4960 523 1106 285 655 4635 198 4540 4963 3878 3237 3265 2478 2306 4007 3596 2313 1853 3507 4064 984 1505 4519 4837 1388 2428 4462 1434 1260 3947 2125 1457 2140 3726 3379 3897 4679 3448 3431 117 3659 3434 1517 3081 2466 4633 288 10 30 4211 1985 4446 4837 2561 4440 192 4086 144 4469 951 214 4214 3568 1855 2148 4147 2838 414 1932 775 4041 1420 1103 3500 3388 2782 4782 884 1770 4557 2088 3605 1260 2065 3357 2807 4364 2247 618 1560 2326 255 4595 1880 2134 3841 1825 2853 4439 1549 1745 2911 4479 2003 1381 1964 3461 3827 1845 2941 1351 2491 1462 84 3048 2438 3647 1644 3455 1137 3218 2210 1186 2153 2215 1846 2709 1613 998 3081 2389 2141 1405 746 1035 2168 3974 661 3525 348 799 1028 1625 3748 3218 1199 4074 4986 2828 328 3055 2619 3263 3938 1808 1176 214 731 26 1422 2769 3913 3995 3298 4589 2656 1767 4082
4742 694 1232 3015 4404 3752 2408 2002 1176 3623 1873 4682 1242 1477 2020 439 3619 3957 4007 59 52 2432 2369 1620 3177 4614 4423 43 3969 4937 3719 3244 25 2533 1491 4471 1483 432 2801 1666 3106 805 2361 2752 464 600 965 3669 3766 3361 858 849 1287 228 1788 2611 1687 1826 2025 2000 794 2924 770 2052 4403 4710 4685 3211 106 2885 3192 2172 3056 3945 3848 2484 2827 805 1570 389 2455 3954 4056 4385 1254 1303 3890 1424 1267 2364 2840 1510 4807 3336 4211 4014 4742 519 735 3391 1975 479 4359 4896 1972 1446 1973 1349 2177 1610 3292 1283 48 1461 725 1820 1988 27 3979 1377 23 4299 2792 3206 1783 984 4644 4736 2753 1112 1003 2145 1310 791 940 1463 1040 1783 321 2188 17 1770 2760 410 4385 2599 212 223 3379 4768 4384 3512 3712 553 1580 1178 3262 3622 2069 4283 1924 465 1864 4995 2315 3940 293 4392 2271 684 1101 1238 1262 3760 4974 4856 4271 342 3528 983 519 2018 4564 2529 4799 811 684 2329 1043 638 2688 1172 1779 1598 4297 296 597 1573 1356 2010
3315 3330 4043 3784 3844 2313 3432 459 4387 4227 1383 1564 599 1870 2750 3351 1991 931 173 1230 3014 4921 4616 1126 276 3837 3678 2165 4044 1288 4960 25 3580 3594 2095 4060 1637 3862 23 4034 4753 3534 787 3197 1067 4964 4855 2699 1252 3732 2972 4943 4415 442 3459 2649 39 3076 4675 1687 1191 1852 4222 3000 658 552 915 1038 2093 2419 1481 1891 4172 4678 255 598 2592 2645 682 729 730 4430 4373 428 1250 617 3971 661 3076 403 1287 4507 792 4868 2894 2610 3230 1853 4670 4565 3803 3657 3155 1075 4942 4588 2961 231 3542 1121 2681 4900 2010 1565 985 2699 116 1952 4310 1612 3785 4322 2657 4884 359 1901 2767 4631 2959 317 926 3996 1090 2741 2345 3622 2353 3781 1484 4248 2729 1542 1742 3949 2389 1631 4981 2627 4153 3164 3953 405 3968 2779 394 1821 1916 3839 1853 2055 1037 4849 4964 4021 3954 4304 4526 1068 1695 2369 3844 2270 1756 3471 4328 3308 476 1136 4313 12 2627 1641 3716 2915 1977 3998 4444 4876 185 702 1726 4901 4933 985 3104 4596 1460 3960 1029 1005
858 4796 4470 3002 869 4843 538 964 3842 3247 4135 2194 4187 2556 4979 4208 4539 2535 3630 4874 4394 2335 3517 4542 3473 4500 2778 915 1137 3878 523 2533 3594 1966 818 751 2482 743 2008 2300 4542 4721 3701 4569 2404 881 108 2698 2652 723 1947 2060 4082 868 1040 4374 165 1158 1723 175 4799 378 4424 16 1429 4588 1438 2133 3550 2569 3220 4808 3896 1130 1324 3617 543 4678 387 1508 4231 2973 4555 1446 4042 1231 369 3039 722 2910 1826 2772 4158 3692 323 1531 2996 1877 1178 2586 1064 569 2823 1227 1990 1800 3066 4605 1291 4425 821 4216 2380 2456 3095 451 2537 4902 1869 1312 1092 3899 4832 2089 161 1751 2977 649 3614 977 4582 2686 3614 309 3731 3486 4662 2679 2537 3171 694 3179 4163 3873 4231 4524 3072 661 4775 748 2233 1609 2813 4278 418 2715 4539 2894 1061 3269 16 674 4567 2249 4954 688 2209 819 4945 205 4563 1917 743 3140 1218 3963 4531 3621 4272 4384 4669 914 4699 3807 1774 3144 4385 1843 2357 927 1833 240 1455 2184 4219 2606 2091 1586 2874 446
1772 4656 933 4310 4204 1212 3283 2989 3356 4520 3855 2906 1634 666 3429 1298 2912 619 1080 834 4676 1596 2649 899 3230 1510 127 2360 1809 2018 1106 1491 2095 818 1049 211 2856 907 4329 2015 3058 4154 3167 2515 3274 2260 3307 384 1416 1396 613 4603 3199 2719 1534 4627 2714 3372 1474 2373 4365 1807 1230 2046 2051 1407 2119 75 3514 4239 422 2526 1337 4422 4793 420 4170 2017 801 2172 3859 679 3804 907 2626 2260 4895 181 3181 4726 3987 2643 102 2097 3555 2795 4968 2177 531 216 4443 3367 2568 4354 1178 1068 1315 1763 4360 4920 4671 4763 887 3092 1490 4632 1086 3328 1373 3496 1038 4470 4921 145 3600 1836 3417 4860 3256 2269 4674 4762 1431 92 389 2105 2006 1684 4375 963 2788 3225 1489 109 2571 2913 600 877 2817 806 2677 2074 3664 3045 1598 4180 2633 3368 4031 3868 556 3824 2478 1851 4994 1713 3916 319 493 4686 4242 4535 4183 668 4198 4844 2164 4167 2418 2311 1250 3125 3539 4589 617 1533 3645 1461 3068 1174 1831 1892 2756 1255 4870 356 3221 3195 4132 3947
83 676 2528 1288 1363 1436 2510 4774 723 4224 4085 4234 4513 2230 3348 294 1328 1255 3413 4366 2280 4494 3462 3962 1395 2173 3295 1223 4616 2954 285 4471 4060 751 211 1518 1396 1646 1643 1452 3049 3021 1641 3910 4922 2192 3464 1373 2602 3866 4552 1602 2611 2707 3272 2696 3537 4287 2070 2882 1048 1606 975 3569 4231 3562 3980 4851 1774 3140 1831 4418 2014 522 673 4285 2375 3864 726 465 3077 4706 3347 3459 4207 2488 2468 2637 1133 196 4469 2523 3629 2102 2700 516 2810 1739 805 4779 142 2266 4355 4107 329 216 442 3341 2691 2656 2589 2765 3859 4580 3111 1608 3584 1968 1404 2697 4077 1799 2275 3973 452 286 300 4775 3789 2191 4694 4969 3311 2492 4888 2089 1510 4384 361 4381 962 1382 844 4371 1031 766 2288 32 2777 4671 2031 2519 155 1419 1484 3354 2128 2923 365 872 2478 3919 2949 4637 1354 4124 860 1267 1090 2233 84 3125 2146 3526 1761 1006 3209 3040 4257 3891 1153 3194 1422 1149 243 3747 4461 2564 2868 459 4329 874 3163 3020 599 2308 2843 2101 2066 1478
1666 4541 4040 1727 4339 2088 1144 3499 1797 79 3792 1806 795 4873 2763 2414 786 4072 1844 1431 3741 274 4486 1149 672 3540 381 3287 4557 1063 655 1483 1637 2482 2856 1396 3659 4047 4401 4133 4055 4836 1289 3515 673 4473 4820 2081 1123 910 1905 1608 38 2313 1284 4695 4882 4244 2000 20 3229 3641 2136 1872 248 4794 1649 3620 526 15 2557 4661 2965 2957 1010 4578 2971 477 161 3310 1525 2927 4822 4999 764 4253 1554 773 408 170 2901 3014 1084 2515 133 2047 4187 3811 1127 1331 3170 2606 2463 3277 3244 2301 3440 3793 4155 632 4830 1731 2726 2334 2972 2315 4442 3873 2243 3163 2231 4176 877 1165 1405 4721 545 3904 1599 3103 958 557 1411 2937 2570 682 1871 70 2016 4290 4025 957 4855 4150 4204 3471 1049 4680 2161 365 1442 1393 2856 1602 3962 1381 852 1195 2027 3870 2056 3221 2817 3684 3504 116 4448 163 1573 4341 1234 4708 720 2353 322 2701 2660 3600 4384 837 683 462 417 198 4482 2308 3980 4686 4541 1973 928 1261 3387 2702 1785 3751 4402 3216 1854 4925
1088 4756 4393 2431 247 3935 4488 3567 234 3616 4696 1642 2407 702 2024 3943 2220 4175 3048 1399 2537 4235 1401 345 2267 4425 1030 3145 3751 730 4635 432 3862 743 907 1646 4047 3556 285 4887 2024 4789 833 50 3983 4224 468 2464 2033 134 2662 2040 3792 4509 4063 1516 2104 1757 1180 2283 3269 243 2200 1990 4371 140 1096 949 3654 424 2414 99 623 2685 2148 1413 1667 1373 4628 4564 1676 1021 4327 332 3298 1292 4203 840 4388 28 2777 4996 2070 1491 1201 4836 3605 3561 2575 3960 1323 4805 683 720 3237 4731 3557 578 2100 2554 3218 4328 3235 4307 2274 1317 4468 2831 61 1133 1054 863 4884 3527 3742 3759 2142 4411 3404 4121 353 4772 2098 35 3819 4428 2221 633 4348 3766 3999 2333 3323 3976 2966 3406 2679 2660 3752 2282 4551 4966 1106 4667 1164 1344 941 2216 4233 57 4903 105 4875 1067 921 4535 1903 3055 80 4465 3527 2435 4831 1560 4992 2072 4943 3458 1473 480 64 3572 17 1597 1040 193 3710 325 811 2367 1760 678 900 2425 3674 3914 1632 4931 2796 3058
1636 2793 1642 4469 1170 1387 3895 3355 247 2206 1620 1232 4881 4668 4278 651 2838 587 1439 2423 2867 2174 974 893 3345 3660 3093 4101 3090 2799 198 2801 23 2008 4329 1643 4401 285 322 975 592 3926 3248 2313 3129 2560 3200 2832 2545 1615 1819 2838 4468 449 3964 4404 1191 4799 924 336 3333 2562 658 3560 3112 1345 726 2296 933 3881 172 1383 26 2851 1912 1685 1125 4458 4729 1926 1457 3598 4473 2810 2396 314 4663 1627 4210 4265 1764 3796 2407 274 3223 473 500 2842 3726 4386 4674 4136 3977 1468 3560 2381 132 2177 1051 3332 2896 1482 128 713 1910 4327 1114 4898 3231 2290 4783 1760 3966 2972 3219 2378 2673 1934 2771 3031 4734 2508 1490 3387 373 4103 2858 2566 4108 1878 2634 1357 4378 1892 3230 1752 3248 1656 3990 2362 948 3169 4948 3370 2914 3664 4700 3698 407 2376 2168 4371 4993 1819 2863 2550 1903 1447 2509 2224 4031 2290 1724 4477 1083 4966 2657 4233 55 2779 945 2798 1041 3764 1359 4823 549 1137 1957 3185 861 4070 1363 4333 4160 2514 1810 4259 32 4077
3857 3246 615 1029 448 694 341 4110 330 3877 3323 3467 2287 245 4597 2749 2371 3725 4193 401 2398 4249 4257 4087 1098 1243 1460 4035 2074 3600 4540 1666 4034 2300 2015 1452 4133 4887 975 4555 633 3618 4339 2392 4890 2571 2664 3121 4637 3831 689 2073 1872 2178 4206 2858 4096 4623 2173 2493 486 2021 2607 602 4924 2652 4269 4625 618 3046 2972 605 228 3910 943 2351 4125 2186 4918 2215 4055 1091 2443 2986 1675 830 3472 862 1394 2170 3258 337 3627 911 489 4255 1426 1214 2022 2727 1066 4425 1099 651 4367 3385 4082 2047 638 570 1387 965 211 4445 2384 2123 867 4128 363 1912 671 4239 1022 93 4410 3878 4337 4408 4944 2418 4999 4666 3417 156 221 4676 3791 4484 1762 2142 433 528 3545 707 3388 814 2474 2018 1638 4363 3301 3018 4418 2834 2200 2728 578 4831 3565 4334 2161 3581 3252 275 2663 369 3255 4624 4275 4815 2371 1738 3500 4621 2236 4835 1970 2628 2141 2628 3599 2722 273 3789 1577 3323 1149 927 841 3678 2839 2010 3303 1668 1612 2131 1254 1067 3989 4584
