N: 200
M: 50
Symmetric: true
Triangle: false
8 190 81 13 186 198 197 90 161
6 27 79 112 136 138 195
3 77 116 162
4 80 2 165 167
5 44 49 54 28 137
5 184 6 129 180 177
7 96 104 31 158 3 120 134
1 187
3 40 172 142
6 188 17 75 18 101 122
4 53 181 130 36
3 128 176 151
5 175 95 45 72 63
2 88 97
4 111 15 73 4
3 20 149 10
6 65 82 74 30 200 139
2 199 50
7 148 62 150 171 70 67 160
3 141 103 164
2 126 168
5 170 71 152 189 196
2 99 147
2 11 133
3 24 166 57
6 121 194 29 22 98 39
3 21 102 43
5 1 105 61 55 131
2 140 37
2 87 191
5 64 14 174 183 143
1 85
4 173 51 107 59
3 156 125 182
1 106
5 47 69 19 32 8
6 93 38 157 115 108 169
2 56 9
6 192 179 52 16 68 163
5 123 60 193 78 132
3 135 91 92
4 34 146 94 35
4 86 118 100 76
1 89
2 46 12
6 185 145 124 7 178 119
6 110 33 25 58 109 48
4 83 23 154 153
5 113 42 41 155 117
8 5 127 114 26 159 144 84 66
3752 4762 4081 1526 62 729 3477 1354 3761 612 425 478 1648 3729 4432 2956 3776 2522 4782 96 1457 1545 1836 4285 1848 4881 149 2229 4404 679 3763 423 131 4349 2337 4211 976 2849 3164 4519 3703 484 2805 4295 4545 1238 2263 1176 2080 2251 1977 124 510 3096 2013 974 570 916 3913 4459 398 2082 2839 4809 3129 3698 4968 2300 2819 343 4131 969 558 4789 419 1907 1228 1556 3603 3207 3063 4028 2607 3486 1567 3882 2939 2507 2979 4544 525 1660 918 973 3796 1017 3278 2523 2964 1236 4134 2378 1639 1463 1335 4422 2383 382 2436 712 1723 3652 841 109 2353 3574 2704 1364 3101 2272 2849 1533 3441 2880 4111 1201 4905 2057 4910 4613 4552 130 2004 1748 1641 2778 746 3131 574 2560 1552 2469 1649 4180 986 1932 4873 1010 4671 1428 3386 3477 3983 1660 2382 1304 2335 2895 4379 4236 1669 4860 2515 2435 3490 2614 3617 416 4443 3781 4422 1563 760 3770 1598 4155 3517 2156 4507 40 4969 931 2344 2630 1413 2837 495 4144 2986 1621 2636 2776 1942 2745 1623 137 394 4422 1239 3469
4762 3860 2794 1777 3984 940 1378 460 693 4921 3424 1350 3604 3134 2856 4718 4972 25 3811 1721 40 2421 569 3112 315 3675 749 4816 170 2260 4748 1317 1540 427 3265 4964 66 4522 4421 3044 95 4270 495 4870 1491 3980 4502 1730 35 4273 1825 1520 2023 3548 1944 263 4784 1210 1689 3020 2873 440 4695 1698 1930 903 3600 652 4824 4450 3879 1981 2149 836 4395 3070 4395 2972 2468 2080 3883 360 2570 4362 3345 2851 968 598 250 3996 2804 1705 3656 3112 2246 4506 1235 3121 1208 950 3375 4384 1724 1251 547 3774 820 3005 2430 1374 993 1661 4349 1994 1902 4638 1497 2135 512 3612 4670 2872 1583 910 434 3379 825 2357 414 3846 4285 2483 733 4930 3688 2850 3147 986 3731 1025 926 2020 3435 843 1067 2881 1996 4048 4181 129 2304 3015 1476 2137 4354 1919 2138 3507 1134 4083 3669 2451 997 82 4020 2113 4765 4946 4031 1933 1896 1059 3400 1357 4391 2460 4860 37 1053 1148 3995 1761 1769 1662 170 1791 1520 3135 2003 2190 101 3908 2295 3651 4654 4392 2782 573 374 3559
4081 2794 29 3454 174 3951 1927 2901 725 373 2066 2539 4101 839 390 2480 712 2577 3696 4530 2258 3766 3529 3212 4212 1616 4399 2638 870 2528 3148 1070 1473 2601 4780 4967 200 2508 4638 1532 4600 3838 4011 2623 4901 770 4349 2842 790 3695 571 3043 388 1713 1274 4360 3447 1908 1005 4605 112 397 943 3929 3763 3206 1811 4954 1358 2458 4392 4602 2408 3749 2146 3758 1522 519 2190 2316 3419 1821 224 623 3383 4593 1185 2375 4577 1857 3136 801 1769 1038 3158 860 93 1246 4686 4876 1904 3160 3142 1649 1956 4454 4065 3429 3353 2359 386 838 2810 2599 2878 2421 317 4977 1217 1155 980 1488 2810 4161 4287 846 4742 664 855 897 717 553 3587 4123 17 932 4796 361 553 4559 1045 1501 1169 3329 3008 2242 946 1249 518 1207 3924 153 2926 2352 4509 3231 4972 1669 3654 1702 3933 776 1215 2509 3290 2604 2702 3359 1499 280 1928 4412 537 4729 2343 744 3321 832 76 4414 4357 3392 3226 3195 4745 2170 3785 1033 1636 2284 3680 2648 1317 4985 2986 2262 4855 4223 3073 78
1526 1777 3454 2352 414 3938 4551 4688 2425 1091 3798 3925 1447 4235 3261 1399 3581 482 1503 1367 3560 2936 1447 2885 3924 3005 1605 4180 2313 424 1338 611 4923 1183 4291 2574 3852 831 3738 4114 2010 1694 1579 4509 1263 4053 2026 4351 2359 4307 3676 518 436 4893 448 2511 4638 540 1680 4864 1097 547 1815 4463 1696 4133 3179 660 1709 4526 1713 3931 3106 964 3008 1270 532 4844 4853 3969 1568 4055 470 4156 4471 3452 449 3931 2753 3157 3262 197 251 3278 634 3370 4591 4178 1881 2169 546 1793 1528 2729 187 1493 863 2709 4603 461 220 3619 2304 3229 610 2446 4717 421 3026 367 4383 2365 396 3613 2134 3908 880 1137 3270 3895 3278 977 4684 3137 2925 163 3914 4559 3182 3753 3895 1899 4717 3830 2900 3894 606 3286 2855 3266 1594 4681 1837 3183 3025 2185 1955 4646 1597 170 357 3500 4428 2301 1665 256 3058 1155 2698 3022 1667 332 1915 2504 3584 919 3348 1698 3231 2057 4278 2161 458 4475 1576 1535 3629 3940 2832 4779 4377 2916 308 2528 4169 3393 2033 4316 4501 2439
62 3984 174 414 538 2709 2470 4811 3594 2603 1581 484 1071 3035 232 4271 30 681 1208 3299 4967 3196 2628 2740 4680 4051 2871 1483 1126 448 3830 2395 4361 4148 1267 3368 1012 1031 783 3794 138 4807 3886 2805 4494 4207 2546 2462 1869 4939 3997 3076 2845 3323 4679 710 1678 2972 3409 4329 992 4513 134 2459 3871 3069 2864 4324 4356 2686 1615 2654 4524 1579 402 556 3019 2083 1062 1338 2787 1744 1549 845 4732 3481 447 3635 1475 2858 1447 2360 3906 3265 1448 2503 3827 3462 3571 1301 686 617 4316 1605 2329 2121 2242 3149 1691 2850 3359 1124 2665 1111 943 4156 413 1950 1618 808 3715 3253 1639 3141 3833 3756 276 3838 3114 364 4404 4297 2981 3929 2316 3547 706 2981 1878 2030 3372 4547 3385 4101 3213 4231 3346 4297 4711 3867 3618 3840 4887 1041 55 1937 3527 2373 1882 1051 1177 3024 1638 4329 1275 4945 4732 229 4111 516 3960 3514 3520 4181 2876 3529 1704 3436 4813 1748 4034 2044 1272 1147 1348 2508 121 2984 111 1303 3948 2613 3155 2532 973 1796 3325 4679 4315 4151
729 940 3951 3938 2709 2507 534 2535 4022 3174 1133 2585 3914 1239 102 4646 1718 3581 663 2690 4953 4084 1041 3755 581 557 517 64 3162 736 2492 2874 337 1849 1075 3042 2997 1820 1957 2489 3114 224 915 151 2602 135 1097 1389 329 3283 3018 4770 2192 3822 2418 4381 2564 4507 153 4672 2369 4507 3896 3347 3629 3109 4982 3796 2088 1763 914 1647 2311 2159 2861 3318 3569 695 4427 1089 4903 4354 1355 1494 4237 262 2052 2805 246 1258 2357 827 1036 4615 1611 3720 2614 2309 1168 2613 3365 3156 3009 2455 4076 3934 4203 883 3441 2639 2537 3790 673 4778 227 2611 3730 2194 3761 3527 605 153 1455 315 4891 2825 3274 3881 3061 3545 3661 2574 4760 863 1658 2502 4426 1763 3130 67 526 2935 3399 2567 2872 278 2627 1535 3008 2298 2459 2006 2888 2502 266 3098 4875 2285 2670 4619 221 4088 3785 4300 3838 3730 780 1301 2604 3717 1394 1998 1624 4291 1263 725 3469 4158 992 4848 3049 2431 4199 2863 1434 350 1141 3990 2263 2741 494 2472 2724 766 1560 2331 4669 1478 1486 279
3477 1378 1927 4551 2470 534 4785 3235 1942 1037 949 2704 4377 4208 1735 3267 2767 2843 260 2844 4926 1977 782 11 58 3028 1951 612 1401 1758 332 2543 833 2572 517 1289 4355 3033 3208 2199 697 2049 3107 4215 797 1357 3012 1516 4037 2405 1593 2085 1410 803 2949 1561 4681 1148 2821 1415 635 2822 4998 3581 2210 1208 3323 1692 1152 462 3345 1044 577 3056 2607 1857 3404 4660 1836 4025 2887 4227 801 2415 2618 4071 516 4848 4904 1774 2107 2577 988 4429 3013 3405 4359 4736 4096 336 922 736 3943 695 2718 859 4033 111 4033 257 4360 661 3186 851 2039 4815 4468 1467 1184 621 3043 2693 671 3127 1243 519 2786 4982 1938 2147 1204 90 94 2241 123 746 3744 2446 2639 2915 4270 3151 1235 3157 3656 1039 3674 360 1626 3063 2932 3482 2025 1524 2537 4558 2641 720 12 1013 3638 4598 4199 2490 2589 2254 1794 1846 3542 1645 358 3158 1178 801 4433 90 1028 2853 4204 2568 1814 200 1528 4248 599 3800 3330 3352 3794 4048 2819 4213 1312 2874 4223 1397 3507 3150 3824 720
1354 460 2901 4688 4811 2535 3235 3902 1836 2642 4474 3424 4094 1767 3738 312 1598 180 2330 4098 3805 1503 786 3756 551 1508 4713 4935 2192 1518 3288 2719 3518 93 2327 2774 3509 1540 1458 1976 332 4786 4324 3840 981 4845 4126 4135 2003 1720 3061 291 89 78 3659 2615 4388 4868 4663 3681 307 1068 48 3177 3637 2821 2463 1782 3934 696 2761 3366 1892 3649 1919 4980 4321 4762 2996 2198 2125 3112 426 3537 542 1589 2454 1890 3334 3340 3420 3387 2422 670 2998 634 2243 1168 3710 580 3377 1267 2126 1014 1746 939 435 1975 4385 4251 1609 3295 3796 3733 2993 3831 4561 4050 1806 1927 915 205 1128 1864 2192 1953 4002 4646 1162 2250 3434 990 4710 3878 2691 3695 3426 2969 3636 2173 4283 323 1222 932 1809 2291 4013 456 1835 3110 102 4140 2167 2011 4682 2518 523 1716 545 4871 310 4341 2868 4060 1292 765 1867 1367 3175 277 1964 4075 2319 3760 1716 2951 3272 805 1763 4641 976 4203 976 3252 1629 850 4411 1041 2287 4407 181 1827 4807 2341 741 4935 2175 640 1076 4394
3761 693 725 2425 3594 4022 1942 1836 1302 3681 3141 4657 3163 2180 2699 4361 867 4967 3944 987 760 1091 2979 2861 4058 4271 1460 2842 4126 668 4468 3921 1448 4087 2794 2687 3902 4972 773 272 3777 2818 1052 2999 208 1866 2670 2428 1354 2499 349 4135 1967 650 4180 3636 982 3483 3185 534 4914 3474 2926 4268 958 3868 2520 1422 279 1498 2949 4621 4781 304 2790 3294 4094 636 4896 3739 1345 2025 3644 3846 2335 4568 3000 22 445 1847 2544 2304 770 2728 4027 4014 811 3866 598 792 138 2027 4058 4406 494 1867 4143 474 3982 2105 2584 2425 3367 2896 3539 1012 862 738 2505 2369 20 4275 361 2900 3466 2171 2721 589 4749 2760 4222 53 1247 1820 3174 4342 2719 2009 3561 1033 406 4005 3284 4843 2672 1190 3778 3855 3985 3048 3278 4552 1694 4474 2288 1515 996 3437 2364 900 4099 4428 291 3989 2538 1535 4016 3397 3418 3020 4628 3853 2908 2310 911 2779 1569 3162 1329 2098 463 4352 3924 967 2325 2051 3911 4954 4231 4597 1800 3926 66 3979 83 593 3473 1203 1586 2067
612 4921 373 1091 2603 3174 1037 2642 3681 1266 3087 263 1162 433 2889 3673 303 2744 3415 1741 4564 2011 4941 451 164 2917 2151 1602 4457 561 626 3629 3307 1246 1624 1811 47 777 4710 1323 2345 815 2222 140 4943 572 3014 3984 2704 451 1774 1763 3764 2821 1896 4199 2754 4508 425 2208 4680 35 1844 4289 726 3690 2323 2750 4659 1789 4742 3108 3284 2154 3038 4761 1842 4617 1460 2604 1660 2310 3693 3943 2100 2966 1127 4786 4021 4545 2259 1764 1318 2909 4438 3815 2281 1433 3049 4697 2309 754 518 26 1536 4761 3832 1715 640 713 1030 3920 546 3698 3538 3438 2533 4364 1920 4937 1447 1957 3351 4489 2956 4816 2924 3494 1857 1479 513 672 1022 3399 3192 1372 1502 2164 2143 3770 1937 2752 3907 113 47 818 4387 588 3072 1055 682 4793 2951 1716 2594 2410 3516 4646 465 985 2590 3988 1607 4947 976 1363 1789 3744 1308 2799 2666 4407 79 2784 762 4073 2249 1932 3188 988 4216 557 4126 3716 956 1901 2906 893 1209 4119 3425 241 705 2169 803 2744 2747 1548 39 3928
425 3424 2066 3798 1581 1133 949 4474 3141 3087 684 3888 1429 4877 3981 1451 48 239 3747 1243 255 694 4999 2958 119 3035 195 4404 585 4928 490 3884 4294 3086 4830 3482 1081 1135 1487 4820 2102 1454 2479 1944 1252 54 1911 4789 2870 4154 1566 1079 4837 1097 948 4871 1828 3476 1775 1987 1718 4025 3506 2055 4332 4853 4894 3198 141 589 4027 3650 794 4426 649 4261 1901 4463 2467 4567 3943 2351 1180 775 4157 88 2164 3544 4426 2505 2936 3280 203 1679 4883 2901 833 3691 3844 4758 4926 1570 3805 4071 1335 188 2646 344 2389 1377 2435 3239 4918 265 606 2607 4774 3707 1812 318 4623 1173 4755 4789 1873 1216 682 65 4126 3976 4606 3562 1815 1352 3030 3232 1445 81 2310 100 4567 4551 1526 1962 2280 4449 1605 1359 4568 1954 4959 4137 3809 2435 359 354 2012 1138 959 1146 4673 4302 2007 3718 142 4582 3273 4552 1494 2408 1032 4606 1899 3740 4337 4087 3918 4892 4085 1694 2270 4598 3655 95 23 4106 2906 2328 3489 878 306 376 2684 4253 3592 4498 2779 4574 552 2350
478 1350 2539 3925 484 2585 2704 3424 4657 263 3888 1574 737 2396 4283 1803 4204 4396 198 2813 3889 1737 4783 1245 1120 2638 4005 3805 1780 2516 4791 3986 524 3963 2714 1720 1273 4719 3607 2900 4114 3173 1411 4066 959 4231 4100 115 3217 1299 3576 4146 4261 1207 2053 835 4916 4387 2249 2190 3205 3488 3044 618 3935 2721 40 3486 4891 1629 1263 703 57 1712 33 872 3960 1572 3543 2211 2971 3438 2294 1228 2564 1634 3047 1956 1148 4586 1319 2419 1900 4332 2816 4542 162 1623 416 1256 729 3367 3297 2448 991 3766 2275 2850 3047 2120 3052 2191 3381 3895 536 2042 3476 3557 4482 2538 3152 2102 3439 4831 4947 4770 4447 1339 2299 3281 1242 2148 1436 27 3803 4307 4237 1249 1420 328 3506 2032 4308 2268 532 2041 4613 1538 1598 3547 499 3923 4198 977 506 594 3575 2562 1931 3867 43 2571 145 1540 2448 3630 3718 3676 3498 2707 519 4117 3079 435 3397 1891 1354 4445 2255 3213 3694 4933 22 3341 1692 2100 2623 2501 400 4766 3233 4163 755 910 3805 3486 1452 2943 4772 2908
1648 3604 4101 1447 1071 3914 4377 4094 3163 1162 1429 737 2124 4749 1897 1083 429 3313 625 2254 4785 1208 977 3517 4207 4876 2915 1295 2425 738 1412 790 3268 4934 3398 4077 3230 2503 26 1635 898 943 4795 774 2999 2476 1703 4249 3861 1204 1595 3592 95 4622 3083 2596 4319 1012 79 2421 2650 4821 3981 2235 3618 3078 3331 1048 815 327 578 967 435 1112 2389 768 998 2408 247 613 2784 2701 2436 1590 962 2051 3989 3455 1707 1161 4584 1723 939 1652 4005 4790 794 3338 3276 416 4746 173 3329 4209 2165 2058 3302 4668 1460 2965 2476 1089 331 680 2185 1121 4000 1276 3779 748 1802 471 3051 2772 2226 1775 1118 2531 2134 1978 527 4441 4837 2030 1249 346 1280 1295 2684 4184 4980 4446 816 3695 161 890 1091 3354 3892 1253 826 2858 1394 3409 2321 1422 2201 3068 232 4330 4645 1123 2426 3732 1116 1578 526 323 3372 3469 4641 3782 1416 1339 121 4913 532 2595 4860 2585 3689 2764 4821 3885 14 3659 3743 782 1041 657 1806 617 3702 2323 3969 4463 1224 85 4300 3110
3729 3134 839 4235 3035 1239 4208 1767 2180 433 4877 2396 4749 3102 2027 4533 4635 3112 2635 140 2211 4261 1212 418 3441 4484 4359 406 2753 2979 3361 517 1049 1920 3046 1841 3816 1592 3625 1906 2811 4455 1409 3558 319 2119 3137 2370 356 4910 2974 2766 201 3123 4107 103 4567 4392 4686 1817 4631 4483 3449 962 41 217 4908 780 615 4298 289 1726 132 4410 4258 2752 3208 4433 4970 1533 2901 1557 2587 4128 2744 583 2216 1518 2660 42 1830 4305 379 1549 1998 4762 1412 4561 991 2909 1704 3340 4565 751 1785 1188 4954 1151 1678 1400 108 149 1161 1633 1537 313 3430 1496 3596 4726 3624 2990 3797 2867 3243 2716 1919 2570 1834 3011 833 2635 1628 1513 3464 593 1962 1477 4182 3510 2747 2731 2493 4201 1005 4286 35 4143 3169 2542 1829 1508 4284 3220 1076 942 42 4926 1392 66 1302 2032 1961 2395 195 3620 3814 110 4455 3586 3867 3817 1685 2426 3645 4170 1736 2795 2528 4842 2146 3769 4564 3877 574 579 1039 3351 1401 1140 512 3449 2474 319 230 3463 4583 782 1524 3923
4432 2856 390 3261 232 102 1735 3738 2699 2889 3981 4283 1897 2027 2694 2767 4276 1393 3819 3691 4986 4188 4180 3541 2112 1190 3160 4682 4535 932 3651 4318 758 4883 263 4996 2134 1463 2604 325 3793 3803 2271 3327 2723 1817 4093 1755 876 4856 2172 2014 3906 3804 400 2661 3877 1928 2860 660 3009 833 2222 2544 4116 1605 1641 4583 4281 4451 4161 118 647 4466 614 4492 1091 3432 3685 1234 4283 1263 883 4117 2380 940 3078 3291 3001 1238 386 2377 2694 4541 2108 3903 880 1324 3633 4502 2408 4381 3833 464 642 372 996 4109 2618 1256 3116 3392 28 4593 4627 71 581 618 1768 175 2841 1532 4490 1873 2666 417 1215 3226 2458 1647 4124 766 4002 3608 379 2536 375 3061 4476 16 2188 4825 2252 4632 2463 2096 4322 3579 199 3241 267 1989 3527 4980 3275 4628 4409 4781 3482 378 3122 3993 1497 4031 4362 3714 1823 3950 1559 1855 3288 3294 1366 4904 570 3644 4671 3048 4370 3108 2289 4934 4382 2191 153 2362 1336 4008 2167 4585 3186 4923 4756 2605 4353 2512 3915 614 3816 334
2956 4718 2480 1399 4271 4646 3267 312 4361 3673 1451 1803 1083 4533 2767 2077 2408 850 2278 3036 2501 4999 1777 1981 955 2930 4804 1315 4600 2911 709 2421 3995 4213 495 2599 426 1587 1410 2618 797 2545 1933 3730 3010 3224 4419 1848 3286 1933 1517 19 3404 4791 4367 3324 2184 2519 2601 3382 3983 3398 1790 1356 1237 4150 2468 2725 2497 2093 1426 4963 3543 1973 250 2606 3259 3435 2287 4870 1410 1927 3605 2983 1816 1833 757 2964 3271 1874 3740 4845 3462 1347 3929 46 2797 2574 4488 794 1349 548 70 198 3621 3758 3248 4900 291 1594 491 3079 877 1083 984 4069 2247 2988 3242 1119 402 3008 4089 4231 912 4895 3988 3643 3204 126 3745 1212 646 2308 4425 4588 3005 4330 2874 1266 4874 4938 3792 3039 342 4433 1955 3967 3247 482 3973 2459 1722 2485 1160 1526 98 4356 2342 3718 2238 424 424 1714 1351 605 2815 4980 567 1687 31 2514 4402 374 1849 3811 4681 198 2090 4224 3775 2666 4714 912 2438 93 532 2411 4991 4824 4381 1977 632 878 4866 4442 3492 3892 2444 3142
3776 4972 712 3581 30 1718 2767 1598 867 303 48 4204 429 4635 4276 2408 3346 12 2091 3984 1580 3852 2943 3570 1831 329 3596 2796 2832 3020 298 3948 869 3414 1618 4002 2570 3428 2324 743 2452 1330 2320 782 2601 3226 1857 792 1663 3912 4767 572 1036 1258 814 4837 3791 3432 4441 3146 4933 3841 2335 4778 302 4290 3208 2694 3880 3036 454 2763 3145 1788 2494 4803 1585 1531 3989 1598 779 21 2694 1443 4687 4585 1879 2314 1372 3292 431 2316 4835 3121 2136 2903 4953 2820 4537 213 4099 2084 1110 3336 1506 2501 3294 3073 3829 3451 1269 4496 542 142 1799 42 1104 2121 4253 1600 3266 3556 4957 2022 4692 254 4210 3053 4383 4198 833 2414 4949 1002 1565 1829 1426 2560 787 3618 1749 1655 3412 1229 4494 742 2530 4236 2628 4750 2823 2457 4616 4192 1486 31 2972 2039 3395 88 2756 3319 2357 1857 1894 2826 1868 2593 2862 1325 4015 756 3561 3668 4611 4692 2055 4194 2983 4620 1557 1800 4789 4074 1378 1209 931 2357 1172 2431 25 2238 4448 2183 2296 3526 4327 577 2846 1303
2522 25 2577 482 681 3581 2843 180 4967 2744 239 4396 3313 3112 1393 850 12 2185 309 1281 1955 3489 786 4056 796 478 1823 1258 946 4873 1293 1391 1204 525 1252 1231 162 4919 1806 3466 3793 3880 2113 4840 1738 2687 48 139 1929 4695 967 2592 2442 650 4094 4434 861 3115 2381 3069 1202 56 1185 4545 846 2235 2785 2655 810 4669 2435 908 1255 1380 4070 3605 1034 2369 2571 2762 1044 2102 2026 3632 760 2661 4490 1064 2756 4406 1573 3055 4011 3065 364 3899 4378 3023 3802 2975 3040 1558 1417 1345 3817 3078 3390 3774 2809 3825 4769 1608 2228 1398 1815 833 3502 3966 2186 4622 2936 416 1946 3100 1609 3729 1036 4367 1440 954 2145 4479 1803 2222 616 4173 1040 1160 2572 3395 3441 2574 3552 1639 33 1726 42 1491 3856 4298 838 3704 2655 1878 4997 2335 3001 2384 453 2855 2339 4510 3612 3510 4080 1841 4771 4806 403 4077 3781 4432 3901 3462 319 4226 1540 4496 2343 2925 515 2388 4899 1268 1884 865 2881 3139 3874 4030 3560 4789 3920 1247 3571 4711 4586 4300 4236 3324
4782 3811 3696 1503 1208 663 260 2330 3944 3415 3747 198 625 2635 3819 2278 2091 309 2517 1501 791 4098 374 4567 1131 2292 723 3233 3812 720 2897 722 1389 1971 3039 1882 97 1475 2440 4514 728 1298 2898 1537 1142 2961 68 4314 1995 4081 12 1115 4542 4947 4261 4358 4015 2424 3303 2503 574 1331 2074 201 288 427 4350 2902 821 2242 3819 4109 3581 2883 4053 4873 297 1088 2649 50 91 2717 1275 2567 3876 1723 3325 326 2335 2537 2482 1913 3410 3812 4270 3370 3691 3072 3696 3632 4036 2116 1463 880 4561 4396 3581 4958 1567 182 966 4816 2069 1555 4596 4569 1048 2159 2781 3624 3278 4386 2302 3323 78 1370 2745 623 3910 1024 4680 746 3866 91 2023 181 2655 750 847 4895 1229 3161 4812 4182 189 1421 330 3673 2588 1462 3049 102 2537 3669 2736 2833 4641 4724 4780 654 1581 224 4583 1317 4406 4106 520 2858 45 234 4533 93 4378 464 3044 2445 2232 3913 3172 2309 4185 2157 1975 2824 1233 4531 2811 3251 2438 331 2310 4424 4613 3281 4553 3200 1461 832 995 925
96 1721 4530 1367 3299 2690 2844 4098 987 1741 1243 2813 2254 140 3691 3036 3984 1281 1501 4460 1994 514 2304 2017 3239 2400 1101 3694 1238 4483 2870 3359 4830 4587 127 2484 4110 2907 1551 2258 626 3649 3943 1765 4601 1039 725 2796 635 408 1910 2006 452 1957 2328 1460 472 3860 1687 4095 1299 1412 420 4817 4720 311 346 2130 2479 4442 3833 4102 2225 2619 472 372 2104 4240 401 1807 134 3826 435 827 3576 3814 2189 4915 1938 18 795 4343 3469 4189 677 3163 4931 576 4143 1278 2830 1084 3166 3267 2911 257 3219 4568 730 602 4050 3549 264 994 561 1380 926 2430 3100 4134 1236 957 314 4674 1707 2179 3734 949 545 4594 3071 1522 426 4872 1378 1557 292 3957 3769 2526 2535 4910 1641 3996 4761 3448 119 4244 3181 676 4249 4668 4947 3804 1953 1694 1177 1591 2720 4705 4133 1620 4627 1835 4632 933 2595 3802 2035 1329 2011 2234 3467 1345 1991 897 2390 3862 2859 248 3060 3118 3068 1469 3838 3078 2385 3902 1712 3761 4017 3605 2478 763 2148 395 1297 2395 2873 2500
1457 40 2258 3560 4967 4953 4926 3805 760 4564 255 3889 4785 2211 4986 2501 1580 1955 791 1994 3201 888 4065 918 1072 1735 1472 1060 805 2857 1941 4234 15 2877 2937 2349 2424 4292 1664 4583 286 4662 4338 3436 979 3544 2836 194 842 1547 1453 1853 174 904 3619 1433 3771 1000 14 4475 3132 1395 2062 3574 873 12 320 2116 2093 2712 4206 191 1578 1532 4813 4328 93 3023 1474 1157 4019 2589 4649 2734 2420 2540 293 3582 4719 2407 3202 4589 3968 2250 2546 4501 1133 4382 2620 486 3997 4139 3845 3098 3399 1290 1440 2760 594 565 1845 2808 1141 1038 3028 4584 3920 4219 1222 2411 4245 160 1688 3238 4193 3518 4316 1907 3876 4754 3829 1577 1729 379 3685 4024 477 2974 4011 1721 2875 1233 527 94 1651 377 1344 4882 4286 4461 1220 547 4951 849 2132 994 4119 2297 1401 1738 412 1423 4401 2916 4001 3116 2691 1770 3465 2149 2800 1359 1852 3138 4941 1362 3428 4447 4303 952 2752 390 3512 3668 2219 4534 1916 3198 2379 3577 1508 4155 1139 2162 3828 2913 4964 636 193 3873
1545 2421 3766 2936 3196 4084 1977 1503 1091 2011 694 1737 1208 4261 4188 4999 3852 3489 4098 514 888 1603 4366 1548 3457 3796 3034 523 673 2230 4135 3987 1612 2201 3710 1833 2755 1867 697 4962 3303 3354 2732 735 3193 4871 697 3510 4597 1286 3100 1604 403 2428 3647 2869 11 569 892 2795 3732 645 2023 1467 3718 2641 2686 473 2792 4216 4155 4149 3475 3345 1954 4403 668 2617 2776 2762 4861 3529 2453 2106 3696 422 3323 2907 1865 2166 4283 4353 2093 469 2445 481 91 1981 855 1123 2428 829 2181 3194 4541 3152 3861 1613 2563 3268 2664 4088 4342 722 4357 744 928 2264 2251 3382 357 3134 4379 425 3788 1762 2062 3510 2484 3768 513 2651 1380 2230 4496 3923 1990 1796 2468 3447 4558 2625 2321 4817 728 2213 3992 557 118 1844 3000 4182 200 3614 3384 1226 4604 4317 1682 4450 4883 1484 1056 3718 90 1176 863 1485 3633 970 1892 4773 2628 4382 2584 4600 1215 3601 3375 1263 3282 3363 1528 4439 2238 693 659 4990 28 774 1313 2237 2396 4569 3442 1309 1617 757 950 4513
1836 569 3529 1447 2628 1041 782 786 2979 4941 4999 4783 977 1212 4180 1777 2943 786 374 2304 4065 4366 649 4248 1716 587 3263 2437 596 3503 2521 54 2418 4314 3614 4872 777 3243 1872 2255 2285 4663 1883 2076 4391 2698 2274 4739 983 1057 1478 2881 540 773 4083 2898 249 3512 3969 4069 2126 2273 527 3834 4649 4789 752 564 4902 1515 1964 2113 4244 717 4660 3407 2680 439 1030 715 3900 4838 4290 238 3620 2497 4524 1164 4045 1006 893 4152 393 2081 3145 3845 1057 3840 2365 2986 2684 2067 3512 1794 2125 2268 747 4883 1436 1129 2427 1459 1511 2248 3366 4314 3243 1353 3500 3136 966 2748 40 3500 1925 879 1006 2255 1757 364 3724 2594 4603 4191 4892 3705 2320 3681 4065 3199 32 4999 4844 3970 4348 2209 809 1924 1495 4794 2974 1119 3379 421 4935 499 2064 2878 3406 4423 1609 4700 4124 532 2243 3098 1166 813 4885 3329 2795 1381 1655 217 1181 1794 2945 2905 318 395 2977 1244 2773 2493 202 765 3849 3656 987 206 3383 3056 2364 1016 3622 3670 4163 2522 1551 3952
4285 3112 3212 2885 2740 3755 11 3756 2861 451 2958 1245 3517 418 3541 1981 3570 4056 4567 2017 918 1548 4248 1428 289 300 883 2687 4255 4833 2815 865 4346 1875 2112 4285 3977 1328 2356 1744 2156 38 3814 1068 703 2676 1340 3812 4401 3694 3907 4158 2971 1183 1130 4936 627 1100 1390 1507 2314 2198 642 3355 3740 2931 379 1102 2698 4583 4461 1410 3819 4416 782 2196 570 2724 2463 127 848 1760 713 4270 1749 2034 4206 3141 593 3462 4890 146 4837 422 1877 3928 1102 653 4027 1260 969 4153 4342 441 4158 4332 4016 1794 4043 240 149 2618 2319 1675 1173 1364 287 4403 4355 2299 4215 4993 2182 4263 47 323 249 2531 1856 4674 3271 1835 3424 4313 3750 2142 1770 4860 4971 208 4215 3036 2022 2766 1013 3328 127 204 4676 2974 3534 801 1751 4888 4110 1970 4399 4293 3828 3025 2776 3815 4951 3287 1334 2631 2333 4251 2732 1671 2538 3165 1577 3916 1508 14 4532 3334 3702 500 3240 2095 4551 3036 472 1337 4476 1574 2684 1235 2302 4310 2110 1200 801 4367 766 694 2185 4200
1848 315 4212 3924 4680 581 58 551 4058 164 119 1120 4207 3441 2112 955 1831 796 1131 3239 1072 3457 1716 289 3846 248 871 4916 2591 4353 3130 2835 4675 1256 3073 3308 1364 2280 1909 1725 3567 2271 1317 3797 2263 819 2646 3151 1281 695 789 2112 755 2401 1225 2107 1584 3941 781 539 1402 3748 1925 1377 2311 4460 4452 381 4237 1659 403 4064 2882 3364 1785 2352 1972 1721 4274 1996 2352 263 2239 3225 4158 4837 485 4423 463 1230 70 538 2989 773 2053 4331 617 3090 3895 4309 4369 3283 2471 3473 4256 3844 2329 2431 2531 2813 921 3297 3867 810 3524 2713 2914 3626 4459 4553 3173 154 723 2315 1237 3268 4743 998 2218 1091 2144 1540 1817 4216 1006 2385 1142 4678 1434 2306 1910 478 4328 3400 4160 1284 4538 3436 3074 4000 2029 3934 3132 4096 3160 3946 1753 303 897 144 1632 4236 537 4552 2951 3992 4353 3013 3919 2189 3003 1370 804 915 2081 1312 2416 1830 3162 3245 4083 4765 4632 3461 4285 4346 106 2211 3260 2855 1903 4507 4212 3061 2818 1236 678 4869 689 151
4881 3675 1616 3005 4051 557 3028 1508 4271 2917 3035 2638 4876 4484 1190 2930 329 478 2292 2400 1735 3796 587 300 248 3516 3213 2011 4347 306 1906 767 4867 2204 918 4585 2061 247 3001 301 3950 1363 1588 2481 1218 2444 2993 4592 4114 4114 3336 1027 2983 735 3510 2383 2110 2600 2795 888 1498 2801 2001 3674 4027 2211 3361 4861 630 4140 1669 1182 622 3165 2280 1890 4423 121 575 2416 1886 1717 1492 3356 4173 3879 1671 207 1989 2478 3023 4956 1819 1348 4971 3410 2262 1668 140 4174 1816 4998 4475 3072 3030 397 1086 4726 1851 1428 3715 3332 1443 3686 1958 200 2427 3680 4627 2514 11 257 1651 4241 185 4076 1047 1484 3746 832 3073 1053 2215 1526 2928 1807 910 26 4769 270 245 1153 1357 3138 4849 2056 34 3473 2771 888 1528 2416 2214 466 3505 3091 743 1426 997 392 4919 1706 4655 1050 1345 2514 106 4831 4634 1817 1654 1595 4376 1840 4514 1465 77 4415 1599 970 3330 4663 2314 447 1457 2541 4495 1669 1020 4711 1506 4459 4464 354 3633 4512 1973 3692 2522 1791
149 749 4399 1605 2871 517 1951 4713 1460 2151 195 4005 2915 4359 3160 4804 3596 1823 723 1101 1472 3034 3263 883 871 3213 2542 4881 423 4357 4357 4847 4284 2409 4322 2405 3352 4597 1274 790 1157 2012 4053 1712 2174 4818 1171 4917 854 4272 4260 2993 343 3102 221 1721 2662 1734 4960 2741 3126 3258 651 1324 1606 3856 1280 376 4087 1755 892 3105 836 4373 2711 4153 404 972 3353 4555 4017 4419 1491 3930 2466 4900 1117 777 2005 3118 2519 4113 2935 2799 423 946 4705 567 1235 78 4556 2550 2947 389 4490 681 405 2025 569 2301 1524 3627 3095 3528 4188 351 3847 2559 4625 3489 392 841 1014 2156 2251 3567 4249 3501 3823 3957 2159 2682 4586 331 2428 3651 4844 1138 4481 3010 1903 1915 1587 3369 3629 2383 2880 2993 2280 2049 1062 4980 4956 1159 2956 3343 2586 1494 2711 1173 4541 1658 4099 1563 2167 3077 2072 4764 4626 2690 1952 1726 3013 3455 4690 3073 3357 3976 2965 1819 3967 3647 1616 2104 4349 3142 4698 1066 1515 4596 3604 3504 760 1760 1174 2074 943 3239 70 835
2229 4816 2638 4180 1483 64 612 4935 2842 1602 4404 3805 1295 406 4682 1315 2796 1258 3233 3694 1060 523 2437 2687 4916 2011 4881 1898 3617 2205 3927 2394 3998 2689 37 827 430 4565 4963 4946 4873 1567 1958 3580 4972 821 4831 1190 3430 1949 2751 3287 4700 2704 3134 2260 3217 3552 2697 993 554 2725 2559 1669 1071 2782 1281 906 2218 3052 3196 129 3023 3539 478 3528 4138 4734 4679 2136 1501 874 4754 2869 4949 3219 4985 2516 3672 2685 1195 964 2226 3384 270 3884 4242 2059 52 3932 598 825 3519 395 2177 4883 4358 2470 1592 284 2170 4436 2173 775 4355 939 2095 1321 142 2325 2237 2855 1680 1525 1097 4170 742 296 2046 4977 102 3605 1735 3315 3515 2256 2106 4377 237 1456 4735 153 4755 652 3247 2187 297 3568 667 3413 603 1874 2272 2314 4797 4093 3261 2505 4738 565 2833 3089 3239 3066 928 4385 598 396 1843 4012 35 2091 3216 3599 1296 2054 2554 4551 4523 4538 2225 4120 914 4146 2283 4577 2321 549 3842 4762 4864 3240 2322 2588 2245 1776 1267 2480 3649 507
4404 170 870 2313 1126 3162 1401 2192 4126 4457 585 1780 2425 2753 4535 4600 2832 946 3812 1238 805 673 596 4255 2591 4347 423 3617 3375 2800 2984 1609 3191 2256 4295 2286 2224 129 3159 2337 4424 949 264 4186 4418 2193 2876 3594 2736 3766 4531 335 2427 142 2284 3777 3716 1088 1971 1161 4750 3190 1648 46 2722 1044 3890 2759 564 4678 3683 1695 80 119 1428 1934 1188 3239 2057 2532 1607 4353 216 3844 959 2385 292 4860 3414 3336 2267 3315 1528 4555 3986 3726 1047 2655 2184 2463 2663 648 2389 635 286 2132 2358 2133 4478 4951 4433 161 3526 3594 264 1838 1030 658 770 3585 2051 2815 3630 3954 3508 4812 3479 3164 1272 880 3397 4593 3506 3538 294 4769 2697 2054 1526 2505 4969 4640 2224 4674 2797 4490 4154 4273 2650 2203 4404 705 368 3583 2740 3245 4239 1822 4772 756 84 1612 4501 1319 1271 3996 183 3617 288 487 3602 2055 3666 3382 4051 413 408 1993 1643 2811 282 4995 255 3322 4595 1128 2731 574 516 3401 2923 2012 3763 4160 4347 4684 1456 2499 912 921
679 2260 2528 424 448 736 1758 1518 668 561 4928 2516 738 2979 932 2911 3020 4873 720 4483 2857 2230 3503 4833 4353 306 4357 2205 2800 791 3326 2439 1371 4710 65 4662 2234 3191 4201 3928 2975 3100 735 1014 1881 46 665 1122 2911 4936 3848 3829 4139 2375 3844 3623 1544 4294 49 3843 2896 3309 772 4717 1487 4125 1346 645 4627 2960 4016 4064 2802 2713 151 1093 1728 3093 981 1800 2371 2189 1013 2373 4210 1712 4980 2729 3847 2766 68 690 621 2577 4407 4343 939 4226 3391 1913 2795 4641 1645 664 2902 248 3096 3080 1678 3368 3372 1121 2026 2447 3536 2144 3814 3146 25 3310 4731 995 4381 1513 4157 4899 2911 204 3573 2642 1574 1883 246 3439 4740 3830 4408 1064 3505 4614 882 4959 1317 1586 4904 2935 803 47 1613 4424 1516 1825 2571 4208 4087 3595 2925 1048 3685 349 3494 2751 769 41 4884 4914 2591 1236 4473 4602 1213 4072 2538 1911 292 762 2914 1374 4837 1634 720 1183 1930 36 3628 809 3034 3518 847 675 3858 3252 4589 1640 3502 1881 1232 3844 1034 3368
3763 4748 3148 1338 3830 2492 332 3288 4468 626 490 4791 1412 3361 3651 709 298 1293 2897 2870 1941 4135 2521 2815 3130 1906 4357 3927 2984 3326 2859 486 4313 1966 4332 1065 3489 973 3699 2353 3453 2195 4190 560 2816 2891 4983 4340 3021 3235 4807 2897 1866 1196 3120 1800 3891 2239 2191 1085 4731 3547 328 1980 2801 2029 4356 4681 1345 3382 872 2113 2234 1563 611 4459 4715 763 3900 4458 579 3981 4215 1541 4137 4434 3930 3190 2286 3317 4580 4526 3475 3335 528 4206 1716 3866 2382 1674 2169 1008 2224 1630 3671 1408 358 3057 2544 1868 510 4277 2440 824 653 2730 2828 3710 3165 626 3702 1849 4079 4728 4877 1969 4539 3497 4793 1840 2726 3749 2002 3186 4620 4327 2721 3231 3839 675 1636 2909 3940 1104 1096 2794 1595 4718 1753 3211 2159 1377 1399 1019 4856 1311 4852 1002 3327 1661 3983 4630 2098 1287 2903 1081 3802 2544 2315 4318 1218 4250 614 4111 788 3247 1727 2369 2907 2680 2602 912 2079 819 684 2760 4828 693 2598 4865 975 3528 3628 3660 629 769 3271 1276 4934 509
423 1317 1070 611 2395 2874 2543 2719 3921 3629 3884 3986 790 517 4318 2421 3948 1391 722 3359 4234 3987 54 865 2835 767 4847 2394 1609 2439 486 3686 1182 4297 4825 2733 4356 2214 1099 3317 1013 2796 4386 2819 2352 3979 2907 3748 3236 4919 708 4721 3254 3439 3320 902 4835 1652 3718 4170 1776 4237 682 463 2949 679 3828 4789 1323 675 4709 380 4387 4747 920 1043 4527 1790 2968 3243 3714 2739 701 4057 4207 1708 2177 2007 600 3931 517 3181 1913 1760 175 4472 1636 146 518 262 2982 1579 1409 1232 4140 3021 4148 527 3153 4595 1310 108 951 4492 2832 1704 345 3656 1461 2333 4945 4195 3076 702 3635 3140 2315 4116 4783 3834 316 693 344 4753 4166 4325 3833 325 3456 1707 3100 3971 3790 2484 1329 4495 1231 4477 4704 4551 193 1223 2467 2901 3991 882 1889 3303 2836 2710 4861 837 1457 1681 1035 3104 1767 3034 3120 4164 745 1079 1577 3730 4074 3402 3418 1583 3536 4093 1553 2688 2911 2269 644 1997 3129 664 3210 3606 4773 1455 2580 1839 116 1299 1904 939 2695 2193
131 1540 1473 4923 4361 337 833 3518 1448 3307 4294 524 3268 1049 758 3995 869 1204 1389 4830 15 1612 2418 4346 4675 4867 4284 3998 3191 1371 4313 1182 1046 1881 614 3576 583 3622 4569 3534 1779 236 167 1560 4176 3614 3087 3374 2924 3893 2794 235 2689 3938 424 733 3788 3696 3981 1682 1098 514 3007 2579 2314 2854 4205 2009 2356 2388 78 261 2910 2309 3165 958 2264 2710 2986 1135 3654 3464 4840 1981 1033 3235 4338 3609 3942 4694 1309 3189 84 4830 230 1325 3313 4222 4384 1407 4893 3403 1154 3665 481 4597 4997 3259 3137 632 2644 4554 3921 1047 2115 2786 82 1096 2573 3781 4778 3342 898 3453 789 4871 2655 1326 2433 4889 1098 2391 2155 904 3253 808 1049 1095 1854 4574 521 3094 3783 1045 1511 2453 2908 3364 4171 2445 937 4562 3020 151 1560 3763 2533 1031 3395 4747 4928 4167 2489 911 4921 224 3753 4709 2148 4044 784 3069 4352 3106 2566 2362 2461 2525 59 4353 2140 4012 2160 3037 3972 1447 4575 3519 1035 2524 234 4069 2403 1150 4982 2811 1806 1568 3352 1207
4349 427 2601 1183 4148 1849 2572 93 4087 1246 3086 3963 4934 1920 4883 4213 3414 525 1971 4587 2877 2201 4314 1875 1256 2204 2409 2689 2256 4710 1966 4297 1881 175 1017 2956 1115 4234 2704 3489 3657 1433 1579 1017 4135 4154 2821 838 4343 3825 4460 4711 1007 4307 2737 2305 4220 3783 2584 3528 2785 4861 305 4179 3054 317 2388 1737 2371 3937 357 1451 725 3206 4084 3578 4674 800 2612 161 3746 4058 1797 96 1624 2306 4098 3842 2955 4613 3797 2608 2146 919 2911 3174 1133 325 984 3248 240 4996 1769 4524 4178 4880 1118 739 1806 263 1166 4203 3192 2266 4973 2208 3614 3830 1435 777 823 2681 1759 4303 254 30 1759 4270 1093 450 3704 195 1154 4037 1894 2623 3517 3955 2080 4683 316 3397 3128 2445 658 4709 2548 1101 2656 1118 4167 2917 3405 1544 562 2862 4612 1054 20 3113 3094 2965 1594 3081 3510 2023 1568 3095 1650 2824 4190 3462 4055 2633 2440 2461 2834 2385 3810 46 1028 2806 2065 3239 1454 877 4856 2807 1558 3832 2915 1393 1958 1725 2019 1575 2371 3973 3491 3397
2337 3265 4780 4291 1267 1075 517 2327 2794 1624 4830 2714 3398 3046 263 495 1618 1252 3039 127 2937 3710 3614 2112 3073 918 4322 37 4295 65 4332 4825 614 1017 3771 1295 4962 2141 3240 1735 1767 843 2894 2913 138 2529 1473 3944 524 2361 580 470 1157 4724 4518 2974 457 1977 3352 3622 2711 4960 1797 3588 1290 3926 230 1514 3771 3868 448 3369 402 1028 2901 1699 4905 3880 4405 3731 3155 4211 2498 1813 718 2171 2577 660 2818 1121 2969 1977 250 80 3282 2874 2558 3471 1518 2398 2745 588 1004 1746 3152 4077 3990 3581 4840 4827 2409 204 3683 2134 4433 436 1673 4313 2057 1167 355 3806 2005 4690 167 2967 3791 490 3868 4826 913 431 2690 1055 266 375 968 1015 2251 418 2976 3706 1127 1096 243 332 4309 13 1846 1562 1231 1663 612 2715 3574 570 809 3186 3470 90 2082 2733 4656 994 3096 2568 948 2583 555 2565 4116 1315 4369 419 3793 2812 3849 3981 510 4520 2218 3145 1927 1218 4555 405 4982 4740 817 3068 3251 4863 796 1922 1114 269 3149 2689 3274 1764
4211 4964 4967 2574 3368 3042 1289 2774 2687 1811 3482 1720 4077 1841 4996 2599 4002 1231 1882 2484 2349 1833 4872 4285 3308 4585 2405 827 2286 4662 1065 2733 3576 2956 1295 1897 938 3110 2342 2440 2980 3132 2536 4663 3309 3310 678 4783 3169 4339 3045 1583 3381 3063 610 2826 3326 3909 189 2535 445 1217 256 2447 4471 4651 3166 1528 784 942 1852 1644 1792 3645 4041 289 17 3732 2983 623 3046 2532 4764 517 4039 319 1829 3096 14 2156 2296 4408 3646 4576 196 2883 2960 4910 2188 4670 2409 3203 1521 4085 1963 112 1832 4659 620 2002 104 4508 3709 550 1776 673 1241 3730 224 2462 59 4054 386 4604 28 1123 3334 1174 3517 1220 2153 3948 1560 3310 2829 1384 1220 4217 933 3993 284 1061 187 417 1229 4573 4321 2409 3305 4443 497 1806 2935 1841 1745 1040 4144 3122 379 2356 4637 2877 2097 1898 2299 249 467 2807 1126 298 4721 1812 4892 3689 1412 3405 4091 1256 461 1438 4515 2419 2954 2206 2721 1631 2624 3198 993 1239 720 1204 3355 1237 2982 1561 2999 4334 1153 2954
976 66 200 3852 1012 2997 4355 3509 3902 47 1081 1273 3230 3816 2134 426 2570 162 97 4110 2424 2755 777 3977 1364 2061 3352 430 2224 2234 3489 4356 583 1115 4962 938 1767 2284 4614 2437 4585 1885 1631 1266 3010 1565 2774 2661 1359 3588 1704 2588 2489 4751 4638 2984 970 227 3434 2554 806 3363 4253 3762 3618 4006 3731 147 1895 997 166 614 2759 4261 540 2397 1015 4591 2843 4581 2612 2261 3110 4978 3534 2251 1000 4954 1035 3003 1199 4640 674 1607 831 3227 4025 2773 2868 3153 3125 4656 1820 2634 4084 2116 3956 3236 3109 4155 2823 2250 4018 1472 1705 4902 798 1100 2527 4638 3886 3936 1857 3247 4855 1261 3019 299 4596 1204 1156 174 2938 438 3804 920 35 4286 3309 429 2837 2436 349 1111 439 1584 4125 797 4088 3438 2463 2784 461 1009 4205 3294 2741 4105 3844 2779 4875 4799 2670 2981 759 3825 3513 4657 2388 3165 2340 1430 2054 175 3222 3333 4487 2809 3867 1685 3317 1057 1270 4739 4214 4636 314 3818 20 1004 2419 2297 3905 3808 2564 3658 1225 536 661 846
2849 4522 2508 831 1031 1820 3033 1540 4972 777 1135 4719 2503 1592 1463 1587 3428 4919 1475 2907 4292 1867 3243 1328 2280 247 4597 4565 129 3191 973 2214 3622 4234 2141 3110 2284 409 947 2575 2887 1009 2962 1734 1853 1691 180 3654 1512 1938 1823 870 4172 2787 1337 3729 3297 647 3896 3689 4017 3590 1728 980 4468 4907 3547 1253 2605 573 1391 896 4897 2797 4490 3571 1351 3974 4081 2101 1016 280 3993 1049 4120 3882 1895 1158 263 730 2243 4412 4829 1035 3111 108 3989 75 197 4532 2511 1902 231 2417 4724 3337 1168 1782 4827 3362 2284 3294 957 3800 4553 3123 2394 293 1852 568 3091 288 792 86 4284 2121 4116 3803 1994 2063 1673 2132 1938 3386 759 1976 2805 3836 684 3504 1205 3974 3804 707 397 1353 1141 1866 4161 1281 3602 2284 3835 4657 3689 234 4255 2470 3575 2389 535 1927 2023 3233 1384 2671 4466 4711 2401 1587 2844 3764 2835 3045 1703 509 4262 1099 2117 3566 371 4503 2689 1067 1757 4807 152 392 4909 1324 1998 1566 990 993 2332 369 2496 4338 3750 3317
3164 4421 4638 3738 783 1957 3208 1458 773 4710 1487 3607 26 3625 2604 1410 2324 1806 2440 1551 1664 697 1872 2356 1909 3001 1274 4963 3159 4201 3699 1099 4569 2704 3240 2342 4614 947 2684 323 3134 1393 853 3920 2894 2740 780 270 3906 3739 3681 4445 3121 2969 2276 738 3889 2615 2870 1015 4272 3255 2483 2019 1593 2211 4300 2404 1248 4466 4404 982 3810 1148 2282 1261 2115 199 4420 486 3867 3511 4170 2456 4402 2338 2073 612 3949 881 1803 225 2663 3112 4420 4558 1653 1579 2587 513 4958 3021 3390 3317 4075 2982 1079 880 3572 2792 330 1890 527 2513 1722 263 875 2388 2186 2527 605 2646 2097 312 2244 4418 1355 1171 689 3344 4923 2616 3622 1710 2063 1740 990 1460 4487 23 4081 3351 2045 3213 4709 252 1534 191 1030 3633 4479 873 1165 3334 4290 904 3030 2515 1767 1691 2195 1101 849 1556 3112 999 1591 2755 620 3532 4757 2598 4118 1472 2638 23 269 3471 3030 1079 818 3907 2332 4669 2668 1538 4787 2779 2185 1195 4249 1968 2999 4626 1094 2769 3595 938 3931 2720
4519 3044 1532 4114 3794 2489 2199 1976 272 1323 4820 2900 1635 1906 325 2618 743 3466 4514 2258 4583 4962 2255 1744 1725 301 790 4946 2337 3928 2353 3317 3534 3489 1735 2440 2437 2575 323 2705 4602 4920 4899 4312 3232 2115 999 2378 2365 263 2072 1815 191 4704 549 1923 1546 4339 3332 2214 470 1280 2221 2161 4624 4431 1943 126 1476 2379 4527 1285 2813 749 3608 1332 288 4271 984 2061 1446 4198 2988 3185 1077 2037 1076 758 841 1436 389 1738 2664 3517 4197 4076 1989 3887 2287 3153 879 1875 3582 4880 722 1638 1822 536 4702 3499 1159 1596 1865 547 3556 4266 985 3102 2353 1167 2313 2860 1880 4666 2567 1680 1160 936 4814 4598 3313 2574 1069 2360 4074 357 763 1948 3883 993 2719 3445 4431 3673 34 2921 2288 1523 3766 4434 596 2681 4717 429 184 2235 3140 3911 1881 3701 2005 1118 885 1712 1565 3436 985 3160 3089 678 4114 4679 2728 3010 3543 2647 1554 769 1061 2944 3636 3338 4022 2561 2254 3596 274 2227 1713 2554 2917 4326 4801 3191 1049 238 2130 462 2538 2340
