N: 200
M: 50
Symmetric: true
Triangle: false
6 44 193 198 49 1 83
5 88 139 11 195 42
3 52 158 163
2 111 93
2 145 45
3 73 101 6
3 108 155 102
6 46 162 142 135 123 8
3 58 110 127
4 128 19 14 39
5 34 82 94 7 27
2 120 152
5 33 64 57 157 2
2 5 103
6 81 90 109 138 184 132
4 136 75 133 172
2 15 35
3 140 28 124
1 116
4 41 65 160 183
3 188 105 54
4 89 78 168 143
4 112 4 68 16
3 71 38 156
2 161 62
2 189 153
2 126 144
6 130 129 169 36 171 150
6 177 63 148 77 196 26
7 97 69 182 176 13 175 91
6 66 141 114 87 115 173
5 98 30 164 70 151
4 79 199 17 191
7 117 56 24 131 118 18 72
4 86 61 20 84
2 92 181
4 200 179 119 166
3 104 80 154
2 106 185
5 60 31 149 137 180
3 23 192 85
2 159 9
5 167 53 194 37 74
4 122 55 3 170
3 22 32 197
5 146 96 147 59 12
7 76 47 113 29 165 25 187
6 121 178 125 21 99 43
8 10 67 100 190 40 134 174 95
5 186 107 51 50 48
453 3805 705 2923 2370 615 3203 280 627 4741 304 2421 3881 81 1921 2668 3422 2659 4168 2960 2795 946 2171 4447 3946 2053 1132 3441 1617 2180 3943 4523 4355 4396 981 2453 3048 2842 3189 3352 3774 2160 4847 3327 4206 3523 4736 4826 374 2645 201 962 706 4114 4115 2416 567 4853 791 4069 2468 556 1610 1868 3286 2537 1263 1825 4581 4450 3319 3504 1414 682 4633 2193 4043 4755 539 363 2941 3319 2711 1196 957 146 2571 4750 459 3078 1116 175 4928 941 4312 1996 1388 199 4242 345 3717 1085 909 2163 4376 2445 4943 1542 468 2668 53 283 3566 2575 1587 1156 54 4106 1141 436 836 2733 2396 2459 3099 287 988 269 4351 904 2480 2778 3240 351 2784 1185 2804 2608 2680 2624 3500 3403 462 479 786 3582 2658 2298 4370 4221 2936 1251 4174 3689 840 814 4612 3018 30 2677 1383 1478 3253 2736 4138 1084 3489 786 3892 4386 1355 2143 843 3395 4493 4183 3100 3938 4110 3535 3798 2384 3388 2266 3743 2563 4744 872 810 523 1329 2363 3416 352 1782 4441 1487 1737 4449 612
3805 2642 1566 433 1238 2993 3280 1072 2484 2372 2882 3469 4788 1164 1589 4466 2329 3695 1010 2003 1069 1032 553 2686 431 716 578 3277 2361 3984 3645 4829 4380 4511 2925 3229 4513 2087 1913 2620 4136 2361 508 2988 1669 3977 3666 2937 151 749 48 4149 1078 1319 2051 1080 2862 2740 4458 4902 65 3190 1277 4462 2402 3359 158 2585 4896 798 4656 1745 2637 661 3038 3025 468 1767 782 4856 2586 1763 137 2448 3217 1581 3131 284 2906 4644 4974 2140 3960 2503 4795 416 1503 3612 3412 100 1634 3761 3549 1898 1394 79 575 3560 375 493 1626 1588 461 2359 266 3519 2996 2724 2751 3264 1769 3954 4954 1908 1074 3955 2785 78 3818 2880 1223 366 3089 3186 2424 3731 4436 297 3246 2589 2560 4289 3466 3725 2733 4396 3583 1136 62 2367 3582 1445 4242 3027 3176 3295 4246 4521 4792 2033 172 728 10 4072 2011 1829 3471 931 3908 2278 3497 29 4365 3083 3734 1355 3878 2481 2641 2445 97 3976 3757 4716 4893 1174 2464 2997 4609 2249 4825 1965 1606 1922 2555 2705 2431 4595 660 2728
705 1566 300 3685 84 1510 1309 1024 3822 3303 4956 201 174 3718 1789 1421 3056 2377 3150 3766 3820 3056 3437 4859 2611 2459 2962 427 2856 3027 1777 4940 3491 282 2461 3148 2966 324 2429 4513 914 2522 331 4438 3047 113 899 1229 3482 2180 1100 4781 1108 4337 2212 2624 1544 930 472 2417 4685 744 3837 3361 4091 4743 1577 4492 2250 4062 3277 1583 13 1858 2889 2054 4873 4353 2241 2201 4373 1593 933 3352 588 2495 4349 2627 3265 1112 4404 1138 4525 689 3578 2215 1985 4624 3187 3393 2501 4802 4220 3848 310 4412 1423 2420 3072 3600 4205 4327 1515 1850 2591 2490 841 2904 2980 2398 679 2682 1200 2549 4204 918 2837 3895 4483 2095 1309 3251 2404 653 4591 4346 496 2768 676 627 862 1832 3858 2846 3106 2130 3134 3612 3580 271 2957 1802 4627 4923 4113 4204 2192 332 418 3716 4405 1326 2209 2541 3040 4204 122 2880 4893 326 4433 4816 524 4241 2307 3715 185 610 2375 2858 4341 3104 4197 2449 4621 172 2376 2988 1397 3171 1008 4236 3012 1824 1481 230 440 2750 3562 2469
2923 433 3685 3500 3739 2366 1035 4595 987 1308 4859 4894 1748 1331 492 3358 4409 3107 1608 2742 1447 3464 1251 1107 3127 1584 3766 2887 2892 1730 550 4635 125 2618 4484 4401 4828 1537 3608 2579 450 164 102 208 3077 1214 514 1605 78 1222 2800 3323 468 1934 3212 3080 1412 1635 4280 4112 49 739 3447 3765 3201 3831 3802 4448 3239 1387 831 1148 1895 439 4264 2067 2596 117 2563 211 2991 3357 2022 967 4857 4004 2898 2403 4183 4179 2199 264 1808 625 326 752 3612 1794 1400 777 4470 4749 4725 3485 4854 2242 4112 2878 2685 1744 2003 2183 1980 1353 439 3027 3087 1867 735 739 48 2357 666 3140 1647 1696 2254 4311 4984 1736 4906 2520 3470 4797 2995 283 4248 1614 3451 2244 4290 3071 2657 4503 595 2204 1962 2295 1335 870 845 1284 2367 2906 255 4989 4715 3300 504 4820 3544 1456 171 4753 751 4691 4367 4225 4417 2643 3597 114 3462 2758 2903 252 4625 2875 1134 2130 3604 419 4860 2830 3981 3386 216 1599 163 2192 3883 2933 1575 2692 351 3819 2105 2345 3744 4977
2370 1238 84 3739 1690 1885 3014 1814 1896 4867 854 281 3512 2869 4265 2749 1586 1177 2020 2946 1928 399 3431 4097 4986 186 1148 4882 3255 3620 2508 2331 1090 381 1475 354 2977 2043 3090 2572 2578 3722 4426 2521 710 542 4257 2622 3025 4076 1653 2138 3305 2855 2621 1817 2253 4922 4277 2363 4106 3778 3691 3491 1493 3010 4509 742 3382 2868 3868 1820 3269 1718 3195 1697 2387 2649 3472 3138 3667 2014 1492 127 3038 2593 3374 1121 3849 2422 2733 883 3223 2802 2269 1113 2072 4032 1808 4623 1516 996 1438 4394 2022 3058 2254 3979 2884 671 284 1810 584 884 356 2330 4351 458 4381 2745 229 3717 2002 1610 427 4245 55 4467 32 3661 970 260 4919 2446 3554 4314 89 1696 2136 3478 1652 4980 4960 144 2945 178 3808 1289 283 4767 4705 2211 165 1155 1981 4128 2502 2391 4099 3797 3345 3081 4482 3093 3476 3510 4618 539 1946 1016 1461 966 4823 1252 3243 769 3413 1152 4785 4977 303 3802 3758 3582 2697 3135 2910 497 1266 2224 2552 3483 4158 3748 3898 3523 1713 3871 4402 1386
615 2993 1510 2366 1885 2158 3858 963 2437 878 3724 258 2767 385 2822 4697 2058 2105 3248 3031 3106 4077 4056 1139 807 2076 1095 1726 330 1550 3661 4813 878 4436 1764 478 1866 3935 2078 2046 4654 1749 2905 2135 1084 2201 4605 4368 4141 2793 3649 658 1219 2645 3587 2715 2140 103 3221 4836 3602 39 3533 4229 988 4384 3242 2713 2258 739 3665 3882 2873 2543 4883 314 1445 2257 940 3338 2646 4045 424 3195 2655 3153 3052 3893 4485 749 4263 3091 1787 1540 108 4971 3111 959 1036 1991 3663 765 1791 1733 2380 1575 1537 1047 3868 4643 4846 587 2948 4442 678 2230 4589 739 908 272 974 3150 1372 2367 2217 2985 836 1774 4674 4798 3230 1713 3054 3703 4983 415 1530 97 3952 4114 625 4755 18 1065 2181 4383 811 3712 323 1654 4218 4275 862 1131 1786 1238 4580 1493 148 3287 765 4569 2344 1247 2575 3737 2427 2581 2317 3171 4766 2225 3775 3959 4155 1040 3594 2536 3893 1359 1319 3505 3335 4340 3974 3057 1044 634 3676 2654 2656 3077 873 1501 4677 965 3580 3908 1170 2366
3203 3280 1309 1035 3014 3858 2635 1818 2859 2177 3990 4756 3680 944 3778 4144 3474 1562 3955 2899 4626 3965 3255 218 4897 3990 4673 4059 4890 1726 211 3648 1421 4589 1248 3316 876 2561 613 863 1177 2018 2933 161 4257 4548 2287 4627 4242 4656 1113 3463 4530 328 3283 3870 4032 2305 1099 1025 4919 1429 280 3975 2613 4478 1521 3149 3022 948 2073 3283 4065 1049 3180 339 2196 642 2881 73 4849 3425 4216 4910 3920 3788 2312 1223 2488 3220 3525 379 3534 279 4193 2594 4281 1143 1825 2926 2106 2984 2277 3481 4376 552 2919 2874 4981 3933 1406 4203 2728 4590 3639 3482 4328 2294 4827 4742 1204 2344 1246 159 2196 2537 4704 3495 4901 2602 1421 2644 2548 4273 4658 4952 1788 3570 4696 2622 3294 194 2408 2850 314 2006 978 4123 4116 4123 4932 3878 2022 1517 3026 2077 4881 2036 2194 988 2076 1715 1884 412 1095 3569 1517 4118 2754 1021 3139 553 204 303 2498 3447 1025 769 4402 544 4760 2880 1741 730 2150 2148 887 2246 581 3840 2977 679 4306 3778 1884 4333 840 4247 2153 4282
280 1072 1024 4595 1814 963 1818 1111 4946 1771 1990 1058 1604 1073 1043 1622 2198 2548 2895 4177 3199 2155 3862 2359 2520 437 2205 570 2011 1778 825 2111 4360 4507 3175 4807 1272 275 3295 3840 3745 1917 3047 3269 4105 1535 3089 2253 2409 267 2606 3095 2944 1264 975 423 1618 271 1987 2011 4559 3564 823 328 299 1796 2783 979 2389 3440 1123 4892 1324 4289 1895 3118 1906 1391 3614 3386 2912 2729 2148 4579 4721 2302 3241 84 2181 4753 255 3875 1776 4636 1011 1079 3003 2625 2791 259 352 1682 4178 1571 4352 1134 1886 567 879 3678 455 3124 1880 3658 622 4726 1934 655 3925 406 4325 437 1900 1667 4402 4351 74 695 840 4749 4895 3709 4394 3683 2173 4347 3580 3578 452 744 4637 1653 4399 134 506 425 4537 2593 4075 39 3649 2484 452 2324 4250 2262 1956 3269 2213 1046 1264 4160 2807 263 4721 1086 2452 3908 2105 759 3614 2117 1740 439 2198 4481 1111 364 1949 1023 619 3859 57 4012 880 2657 4797 4437 472 3460 3371 2709 3789 61 2282 1055 1988 2547 4984 1943
627 2484 3822 987 1896 2437 2859 4946 3529 85 1320 1659 399 4264 3032 4491 1940 3638 3559 3260 3509 3223 1860 39 4843 877 3901 1103 4324 4060 4389 2759 1758 4768 4015 2233 3055 2051 4620 671 2086 1196 1179 4777 361 3011 2499 2255 118 3398 2906 2364 4625 1342 4688 2295 4009 1194 212 3368 4928 4829 1444 1452 867 3542 2390 3125 1130 1897 1777 3330 56 3256 2664 2742 4022 2179 3265 2109 992 666 2154 2652 4773 168 1585 397 2126 4141 3439 3113 1607 3292 2170 345 1114 662 3184 732 1208 3211 250 4078 4284 1446 911 4374 1525 1183 4035 2407 3115 1015 1126 4208 3223 361 123 511 2261 3508 4279 3752 1177 4086 4690 3562 3210 2593 134 1334 3860 4562 2620 4387 919 3840 864 106 2796 580 4719 3594 2978 4106 2535 306 1670 1602 36 2544 3710 4304 1893 4757 2388 3507 3028 252 1758 3624 1170 3955 4304 4686 3922 3841 3766 3819 3949 2243 3240 4056 3511 4397 209 1402 2153 4903 3621 664 775 3009 2284 2261 1555 4299 4916 2764 3040 4025 141 121 1447 3878 4800 1331 317 3213
4741 2372 3303 1308 4867 878 2177 1771 85 2229 1522 4856 1840 4505 4764 145 3191 2133 1211 97 3346 1320 1140 1701 429 4657 4332 3550 1256 3713 1637 99 4248 4618 4692 1433 3359 1294 1955 2187 2960 4035 2036 4134 2056 521 4736 697 2271 4919 2818 916 2373 418 4759 938 1807 2631 1336 3288 2491 4054 4448 630 139 465 669 3441 3678 2921 265 1904 701 2423 3604 2450 2470 1590 3522 2827 1663 1157 995 830 4272 4555 4506 935 687 473 2339 2053 2443 2593 3057 360 3751 4381 1291 786 3901 3680 1918 4140 3439 3363 71 4477 4102 629 3449 1218 4801 3096 1024 1707 2142 888 3691 3619 2529 2028 2527 1721 3601 4776 2740 1785 4101 4759 2442 2301 3235 870 241 4645 2121 2938 1455 1486 4036 1205 1718 492 120 3097 71 811 2848 317 4814 1251 3260 4162 4763 4499 3145 3663 3519 2019 1436 2185 1729 1067 588 2643 1932 4199 4434 2127 3257 1150 947 4446 1836 4557 2431 1807 1598 4480 3989 3054 2122 4624 1260 4888 3835 329 1626 1115 2962 359 4484 831 293 2031 1632 731 2517 1542
304 2882 4956 4859 854 3724 3990 1990 1320 1522 2199 3599 3222 4865 2738 1732 4532 935 311 4311 1455 4519 2027 1505 3187 3681 3807 2327 3954 4580 1932 3652 2238 4047 2536 4444 3700 3961 4549 3162 1435 525 4224 4778 1962 2961 3350 1804 3910 1761 2798 4924 259 3552 4668 4445 1380 1296 3495 691 3434 4664 485 2943 1649 3370 2620 4949 4888 1358 2540 1815 148 4883 1363 4325 704 2050 4512 1600 4647 4750 2270 3180 4073 3130 1302 3299 3737 4550 3237 2835 1819 237 1563 2092 3675 3765 4962 3900 1551 1550 4496 558 1861 2763 453 705 2224 421 1597 1310 2220 4371 4803 3677 577 4469 1537 1135 671 4599 1555 1674 2191 1528 4364 2164 2492 3479 2832 2920 241 898 4818 4007 3306 3748 1007 1562 289 1898 3712 4123 3364 1391 2456 1142 2631 1271 1334 607 2647 1138 1600 4320 2909 3189 2389 3280 4623 46 318 2391 1034 3128 3833 4472 1920 636 378 2927 418 142 809 1413 3832 1247 3440 1354 4619 4667 4451 2591 4043 3702 3181 4074 407 3363 2577 2992 865 1452 4507 3511 4109 3958 3494 1953
2421 3469 201 4894 281 258 4756 1058 1659 4856 3599 2411 919 3592 4161 2508 1170 1118 168 3382 259 3133 1761 825 4631 4006 2339 1447 3360 4808 2763 4735 4910 565 4368 154 2138 2540 3068 3382 3632 2726 1499 3659 1067 1472 918 4492 4888 4070 4620 1413 4922 4330 2861 2753 1699 4028 1370 719 4723 1375 647 4436 710 242 2525 1733 1008 2075 3566 2634 3626 632 2311 1193 1606 1657 2945 2375 4503 2757 3358 4923 494 1389 3587 4954 3351 500 1880 1858 2240 378 3140 2456 4671 3897 3305 3714 1867 1765 4942 385 502 1663 3734 2852 1930 2089 4161 1532 1349 2971 3901 2061 3615 3566 4326 810 2119 3802 1897 2819 933 1791 1435 949 2866 3906 3310 4109 2613 4989 2296 898 1401 208 643 311 1881 2868 4415 1301 687 664 1855 4190 877 3844 1430 3154 2751 1595 4026 4510 3590 176 83 872 1249 4987 2738 1136 730 1997 2201 1391 1479 3776 4926 2880 570 2078 366 183 4113 194 2171 2674 2070 3165 3453 1472 3731 1488 1790 572 3368 2705 4333 4688 1843 232 2114 2523 3508 1725 3788 4369
3881 4788 174 1748 3512 2767 3680 1604 399 1840 3222 919 3648 1184 2226 1301 2637 4847 948 4991 2917 2659 4095 2828 3932 1443 2234 4483 4931 835 3718 1345 4577 4372 4828 4941 4081 2662 1282 2361 4655 2312 2058 1012 1068 2082 2170 3078 490 4917 1432 4244 4700 4680 3384 3367 4826 1732 3627 3319 3407 4482 3114 202 4610 1722 4003 1013 1746 3608 4906 2433 3700 1058 2962 3775 151 398 2666 3106 1904 603 1399 4883 1473 4895 1231 4199 632 2557 1034 4472 2901 1909 552 3674 1422 4160 4584 3698 2424 3556 1600 1785 1939 1157 3401 3636 2365 2071 819 1783 23 1039 4746 4639 3777 614 3331 966 2455 1409 4532 2147 929 680 872 3993 2601 3047 2568 4963 103 4348 3042 1887 4091 1052 4811 4748 3630 3680 1044 2426 394 3783 605 4863 247 1211 1812 1350 327 4282 1639 1558 2305 1126 909 3786 2303 1896 1045 2769 2160 37 3029 2858 2239 124 832 589 2685 3506 1195 2919 3551 1500 3670 929 215 2615 1302 3204 956 1886 1495 2877 2415 3948 149 3318 2162 339 4857 4414 3371 1646 249 3668
81 1164 3718 1331 2869 385 944 1073 4264 4505 4865 3592 1184 1675 3493 4420 3856 4374 1760 2278 4921 4393 458 1360 4502 4093 373 3403 1254 4148 3825 247 4587 3973 4994 4534 2996 2083 3371 4223 1447 1224 657 3180 2623 3155 3460 4090 1326 4577 3106 4130 4291 3977 1530 1345 1322 4524 503 2332 125 3402 344 3837 4206 2436 3559 4947 1355 3723 1544 3643 4408 2676 3946 4590 2405 4755 3399 4174 2581 1774 1514 3468 899 4868 1880 4942 84 4479 2857 3623 300 1933 3858 3984 4640 4697 542 1915 3253 2094 4868 431 1057 2537 2175 3084 1843 2312 3805 653 2689 1904 581 4341 4962 1920 1034 4157 3471 183 3227 3295 2468 3446 2221 4508 4271 2745 1751 1996 661 2869 2157 1097 4191 3327 4932 3020 1471 1605 4174 4801 2340 3749 2080 2217 2410 3920 1694 1201 4582 564 2182 2516 1223 2049 2249 4927 2589 1901 2325 1522 4847 1832 2866 454 4805 1193 382 4527 3082 1020 4698 1461 1123 344 2524 3566 2065 4709 3315 4012 957 2155 1566 3316 1713 2039 1557 147 4023 1050 3054 4473 4771 4976 2105 1349
1921 1589 1789 492 4265 2822 3778 1043 3032 4764 2738 4161 2226 3493 373 2105 4479 706 2321 4732 965 3235 396 1055 918 3958 2304 4918 1819 2735 2167 508 663 2479 1963 143 2734 917 3360 1373 1248 2125 3344 704 3944 3477 2839 3847 127 1665 646 2514 2891 2000 3750 4722 1245 840 3234 978 2408 2221 3600 2343 3929 2685 1508 1588 2662 322 4199 141 1140 3617 4286 2580 4223 1721 855 4871 3307 872 2492 1764 1888 3686 4802 424 3237 4829 860 994 4816 1902 4477 607 3311 1401 2006 4288 3612 4409 1959 3898 443 1768 1373 437 4061 2192 1259 1050 3943 2441 3754 1765 607 2527 209 3041 789 57 4281 3707 3992 2073 2826 2329 1516 2315 1414 3382 3556 4405 1357 3698 806 4163 3111 4555 4941 3227 4498 3650 4097 1224 1145 1831 145 4944 2606 1039 841 2858 1405 4151 4796 3687 509 2497 3599 525 3940 1954 2249 1340 3081 2548 1300 2253 3048 3273 3483 4183 4603 1144 2117 424 4476 1772 2329 3436 811 1952 4079 2711 76 2452 3610 3315 409 456 316 3876 285 4316 3035 1716 1711 2557
2668 4466 1421 3358 2749 4697 4144 1622 4491 145 1732 2508 1301 4420 2105 1694 3523 1590 2015 3531 1165 4796 4613 3226 2789 403 571 3479 4890 3527 2212 3025 4904 1692 2445 3534 693 3930 2955 4074 2623 3885 744 2324 1421 3647 1444 3852 1951 4105 2613 1132 3277 635 2452 3447 1883 3822 419 4710 4666 4358 2631 2506 873 3132 4600 2596 3871 860 2646 292 4693 2666 4341 2637 1542 3467 4915 4019 1133 1007 3869 993 2807 222 303 3307 4340 715 4890 543 4547 794 1791 1105 4756 426 1616 1231 1396 3785 1291 3834 4134 2354 4286 467 2425 3926 1345 1756 1498 777 630 1313 2876 576 3923 2544 2924 2949 3289 89 216 4607 2113 1452 152 239 1224 1764 3510 3144 1785 2692 742 4430 3216 4671 543 3405 3861 1039 1339 2529 2631 1546 876 4092 183 2784 4626 2978 3495 3916 4426 1750 391 3159 1695 4919 259 3854 1690 4716 398 244 1495 1339 3566 2847 3762 4049 3578 3872 4867 2835 1156 4847 4286 4820 3585 4936 4504 1321 3311 2828 1275 1613 2056 906 1235 2732 1853 4157 2518 973 3772 907
3422 2329 3056 4409 1586 2058 3474 2198 1940 3191 4532 1170 2637 3856 4479 3523 3637 1414 4255 3641 4965 1102 2682 1843 2766 4845 3010 4903 4630 4872 3339 62 1751 431 1217 79 1649 1795 1467 4260 2477 3249 2186 4692 3415 1837 1920 3660 613 2845 3652 3106 3813 257 1453 342 2840 2819 1993 1423 2261 3053 4228 1748 4553 167 2694 3751 2296 4231 4357 1762 3904 1864 1956 1917 940 781 2020 720 1987 1270 748 4326 2201 4595 1777 1215 3250 740 4833 1633 1893 4187 2391 1943 3511 3931 2102 587 4332 4815 2079 4871 2995 1414 1665 2163 4483 4081 2551 2877 1123 1619 2961 4754 1568 1934 778 1972 3569 879 1888 1364 4006 2460 3848 3549 764 132 798 3367 4253 1971 3505 959 2201 1793 4923 2609 4025 4268 1086 544 2459 2141 3155 2693 1304 4076 3758 4811 2804 2914 2467 365 462 4940 1923 4198 336 3688 897 2048 2369 703 2506 3813 280 2205 2941 2868 2500 4520 1419 290 4636 1795 4173 4555 888 1030 2548 2779 2044 101 2011 2925 2335 4687 2589 1597 975 2451 2913 3799 3813 4276 4286 2368
2659 3695 2377 3107 1177 2105 1562 2548 3638 2133 935 1118 4847 4374 706 1590 1414 4634 1957 935 1201 4634 4748 4253 1561 1223 362 690 1896 4250 4486 3908 2279 4775 1731 3678 505 1887 3550 308 3304 2451 2703 4870 4146 2427 43 1873 3012 2051 952 1143 3376 2267 4307 3393 1670 1624 182 1675 4287 4223 4087 1597 2176 2061 1284 1505 4927 4176 4596 1535 2639 636 912 2378 4779 516 3147 4199 1344 2634 3219 4502 2027 573 1815 4440 1150 20 4247 820 2705 2051 2620 653 3689 3743 3114 3119 3885 429 1889 3448 811 1395 2011 1893 2111 1965 414 1460 1412 4410 2019 890 4638 1185 3022 1209 2253 1442 2025 4286 283 1729 3647 1728 1922 1061 4518 196 3028 687 1132 2920 1882 4812 3855 1782 2329 3952 3107 4421 1312 2732 2987 4820 1092 2506 4760 3947 2489 3669 1098 2481 3683 2839 234 4424 1834 4677 711 3465 3596 4291 1009 303 842 372 476 4800 2962 3779 1586 3950 1849 1856 4976 3948 1161 2110 958 2466 3604 1814 3495 2719 4384 3341 2535 361 477 185 1979 4615 2489 3710 2491 3623
4168 1010 3150 1608 2020 3248 3955 2895 3559 1211 311 168 948 1760 2321 2015 4255 1957 3207 3701 698 4104 2947 3257 3560 767 1276 3324 4894 1340 1170 643 3852 4592 252 1082 591 3503 1687 3175 3103 2945 1592 1521 150 4290 399 1990 1392 3963 3582 4634 1462 1418 523 4940 503 4230 4788 670 2286 3052 1848 843 2219 3059 1886 69 4014 4360 3703 2145 4015 3309 3249 1443 829 2230 3218 3865 3626 1712 1341 4013 3598 1797 1400 2986 2158 4256 2197 4759 1351 1649 1023 108 2161 3903 395 2868 1210 2924 4786 2022 2433 376 4267 2783 37 2911 1850 4927 2047 3229 4117 4169 1432 3197 3757 2681 1287 983 4522 2187 3041 3733 2787 4775 1971 4271 4083 3394 2310 126 3981 602 2258 3936 713 1624 3883 1649 853 2260 3337 4044 1679 3460 174 2336 4778 2843 351 1239 886 3610 4631 1727 1667 4530 431 4307 1383 1760 2221 2293 1286 1214 4689 683 3107 3365 4298 4978 4845 884 4744 3001 4698 2391 3470 1658 143 1653 809 1488 1681 3924 4197 2545 1144 3944 3745 1048 4912 4621 4846 4877 3984 74
2960 2003 3766 2742 2946 3031 2899 4177 3260 97 4311 3382 4991 2278 4732 3531 3641 935 3701 3488 1618 989 1578 4187 4439 3180 4166 4806 200 4691 38 2693 210 2335 2458 103 479 1704 1213 1689 2155 573 3554 3213 3611 2456 2646 3562 3377 3102 3972 2015 1073 4077 4066 1912 1618 3729 2624 1740 2072 4344 1202 2867 559 2452 2222 1654 25 1788 2530 3409 1040 1621 4598 956 1623 4398 2352 4698 1117 2239 3115 2856 3625 783 1088 1542 4360 1240 2433 363 4047 4042 809 1607 911 1542 4239 234 1553 1056 64 155 4016 2313 2325 986 3202 934 1264 1536 3003 3006 782 3940 3622 1878 3791 1426 724 316 1469 4336 1163 305 1514 4843 4181 4441 2454 2571 913 3808 1536 4154 3074 2361 481 4259 3534 3258 2219 1622 3893 1214 1510 3382 2094 327 116 4997 2504 4718 1187 516 2036 1977 4176 1067 1353 1849 4868 821 999 1771 676 4626 4730 3836 123 3813 4490 520 2058 3395 474 2446 4773 2498 191 4198 3089 396 3588 2584 25 2795 119 801 93 4435 3700 4395 2121 1772 621 3315 4033 447
2795 1069 3820 1447 1928 3106 4626 3199 3509 3346 1455 259 2917 4921 965 1165 4965 1201 698 1618 548 1299 423 3085 2824 4135 4881 4152 422 3648 3394 2160 4094 1711 4060 1932 1607 3881 2835 2591 1526 4013 4649 1888 3753 4227 2698 196 3378 3364 4261 3759 4328 373 3989 2130 1833 4940 1289 970 2262 4487 3275 4127 2065 3397 551 2819 1475 2596 533 357 2497 4397 1611 4424 1535 2612 3806 1362 1378 3076 897 2641 1501 2767 2504 748 2116 3761 3809 3611 1955 33 207 859 4561 823 3859 68 366 3670 4434 1736 4903 4882 2234 3555 227 1135 913 3834 1579 2919 831 1651 498 4840 3655 3937 3144 4383 1318 440 3467 4009 1506 847 1429 1402 659 1027 3995 1730 2582 1686 1560 3737 2409 1608 593 2560 3278 659 1988 4108 3184 1332 1531 4536 2018 279 4014 1637 1767 2280 1363 3761 4581 705 3590 4889 1908 1627 2739 4072 2928 3515 3390 394 3057 1460 4274 4573 4227 2009 1012 2292 3842 198 4596 3109 680 4894 4991 2170 716 694 896 2823 904 2747 212 4299 2359 212 3531 4695 2839 3035
946 1032 3056 3464 399 4077 3965 2155 3223 1320 4519 3133 2659 4393 3235 4796 1102 4634 4104 989 1299 933 243 220 2044 1939 345 2748 1218 265 4725 458 1285 2235 2537 3110 755 654 4436 3020 1513 2068 2145 4419 2773 3051 3347 510 2360 1779 1876 3419 2347 3452 2852 3793 329 4503 4228 543 2280 389 2519 2238 992 4272 4803 1899 2532 3385 4518 1707 3224 971 3408 274 1820 2216 2560 323 3375 1033 2054 1567 4413 2067 4125 2476 4873 2128 2123 3705 1652 843 153 2953 484 2504 3215 3667 3600 3620 2975 1569 2781 596 81 1963 2981 4161 4805 689 4244 4560 4293 4300 2794 4056 1177 340 3111 2644 3051 786 2384 68 4909 51 1081 3439 303 4818 3434 2928 1659 98 2427 2922 2799 3798 2544 1647 1556 3903 2468 1631 581 3124 1242 760 1244 3928 4165 543 3697 4786 1273 230 830 2649 1034 2718 3076 1578 2439 931 3266 967 1114 2994 1771 3040 138 2554 3989 2067 554 3466 666 3790 4999 4965 303 1579 1070 1299 2901 147 3481 2805 780 4631 2073 3962 1159 2200 609 4151 4938 408
2171 553 3437 1251 3431 4056 3255 3862 1860 1140 2027 1761 4095 458 396 4613 2682 4748 2947 1578 423 243 4834 1115 4055 3763 3989 2408 4199 3539 1513 3677 1104 18 2964 3625 3184 2504 3580 1784 4679 4643 2331 2299 2670 4115 4531 716 489 2686 1464 3641 2011 1616 2066 979 2158 4171 1117 2022 328 2399 4911 3620 2087 3687 1984 4555 2650 227 729 1365 4367 2400 3101 1845 4352 2516 3763 3365 4526 3163 4746 1698 4698 2015 3208 4351 1162 4575 1065 1115 1576 2267 221 4947 3912 2661 2035 1548 807 2458 4634 1948 432 3061 1388 4043 4376 4233 1518 863 2674 2522 3829 3395 2635 1384 2206 1820 3742 478 1676 4410 254 3171 1541 4016 2606 3877 4847 2217 1044 2332 1733 478 3140 4431 3509 4173 517 3647 675 3648 2197 387 4191 3512 4402 4300 3543 3825 2149 4384 1842 1418 4125 4414 3047 3018 4492 545 198 1083 4968 685 1215 179 1863 988 3131 511 3300 1882 3111 650 2845 97 3200 4041 4608 997 4424 2249 3015 1834 2387 142 2713 4278 3903 1651 1243 2252 4438 4196 4925 4929 4273 27
4447 2686 4859 1107 4097 1139 218 2359 39 1701 1505 825 2828 1360 1055 3226 1843 4253 3257 4187 3085 220 1115 176 803 3811 4063 2370 3844 2894 4503 4290 1113 650 1275 2328 390 714 2976 517 2317 4957 4554 4090 911 249 1432 3886 4766 2225 952 1348 2447 3117 200 1729 1144 1438 3069 1219 2235 555 1441 884 4394 618 791 4815 4500 2150 280 1209 4709 4952 1837 3256 3620 70 4312 1159 3240 2122 2457 4859 4080 3991 1647 3895 1302 4009 3255 2414 2209 3728 4685 3928 4136 1856 1183 4382 2927 4963 4865 4795 1343 1059 4328 3823 433 3140 1373 4724 1538 604 62 199 1085 4055 3016 1275 3459 523 1044 4718 4627 2419 3589 3268 4704 969 4801 2609 2028 2010 800 465 977 225 745 2116 3215 2618 3413 4791 1690 1521 608 931 3075 162 873 2185 4079 4825 2077 788 1824 1269 4317 2985 2941 2346 4615 3600 3705 763 2189 4642 1341 29 3472 3610 2514 4354 1481 2244 3788 2622 4673 258 1954 655 89 1268 2919 3243 2997 2560 1282 1880 1981 4717 300 3463 1573 591 4118 1949 2046 2616
3946 431 2611 3127 4986 807 4897 2520 4843 429 3187 4631 3932 4502 918 2789 2766 1561 3560 4439 2824 2044 4055 803 4213 2810 1405 1582 3624 965 2850 2656 3952 3048 3597 1018 3743 1835 365 4997 648 3506 1141 573 4836 3660 2968 2263 4023 3763 2683 101 4199 4320 3248 1626 132 1962 2952 4998 366 17 1971 589 540 1084 3284 3422 971 3182 3652 2653 1697 1727 2861 997 1866 3236 955 589 2672 4996 1324 2653 2016 24 3478 721 4071 2746 320 3467 3361 4700 3486 4332 4358 3354 4847 4636 1499 2965 2940 3859 1481 2616 3149 2588 1492 3156 242 3526 3634 1911 2459 3761 1963 3442 3223 1321 1823 2666 334 4847 4501 1132 1862 3512 3627 1226 3549 2553 3115 2764 492 3280 341 4909 3167 2834 652 1520 837 642 58 628 1084 2218 3377 3050 392 4008 2574 2341 233 795 2328 1439 1193 3630 2456 758 2491 4761 2057 3760 2766 73 374 3414 3646 4732 1714 4075 2792 2624 1102 3673 4377 1180 2802 3241 3753 1007 1613 3915 1906 4483 29 3188 2709 1291 3989 2710 3786 2809 237 2848 3535 4577
2053 716 2459 1584 186 2076 3990 437 877 4657 3681 4006 1443 4093 3958 403 4845 1223 767 3180 4135 1939 3763 3811 2810 223 4213 294 2384 2654 66 2264 2735 119 2553 1594 4524 3323 3420 3420 1326 4628 3547 4793 4829 879 913 3828 4905 883 1646 4038 1483 435 1271 2833 3936 2534 2314 4904 1198 1015 3061 2603 2473 2014 1278 4693 3060 3283 4921 249 18 109 4511 1019 1385 2069 33 3599 4231 2669 676 573 1286 350 174 2473 4266 436 4303 4649 1741 4807 734 25 3090 2039 42 2049 2469 551 822 3458 1473 755 106 1750 243 4573 4685 3974 1938 2845 1356 610 579 2873 1285 4645 1272 4146 1658 1359 1803 2407 643 1899 1484 769 3800 633 3889 1542 3793 2208 1225 3240 2342 3059 4862 1203 55 2972 1215 3309 2243 63 3814 484 4368 3285 262 746 3172 4631 3925 3226 4231 3951 2711 3683 1167 1503 4381 2040 950 4982 2940 2287 379 2018 3690 486 2117 26 4521 4534 2779 4129 2751 1669 2130 2241 1251 1154 4008 1655 2357 2452 1130 4824 2998 2205 1422 4908 152 2255 1460 229
1132 578 2962 3766 1148 1095 4673 2205 3901 4332 3807 2339 2234 373 2304 571 3010 362 1276 4166 4881 345 3989 4063 1405 4213 1753 2425 4455 466 1016 1428 3343 2617 674 2812 2962 2135 4169 2655 4488 4450 3299 3579 4155 3509 2779 4364 1375 877 781 3362 2671 923 4826 1946 4086 1917 4288 3731 4261 539 2466 1953 3392 3733 599 1033 2398 2743 2400 4563 677 2475 3523 3073 4755 3889 2212 2809 1887 4124 3266 1696 4342 3650 4808 3886 4001 4089 3754 604 296 1184 3191 681 4315 1096 2580 2376 1040 1229 1840 980 3262 4033 262 3027 3551 4045 4362 2098 4884 3862 4045 1374 2888 1368 3547 4817 1259 2964 3648 2465 2477 268 2123 1961 898 3382 4821 810 3772 909 3173 3957 4135 3294 1431 2849 708 3192 147 2911 3658 2340 1385 713 1650 1525 3220 4056 727 1097 3673 3660 521 557 203 2440 2153 3885 1333 309 2428 359 4136 3902 468 4487 945 1093 2619 3791 349 3864 3538 3494 4788 1401 233 2145 3287 3981 1583 279 4212 4182 3896 2023 3793 47 3785 1645 4166 3199 3224 3325 4270 2788
3441 3277 427 2887 4882 1726 4059 570 1103 3550 2327 1447 4483 3403 4918 3479 4903 690 3324 4806 4152 2748 2408 2370 1582 294 2425 46 2187 3276 2412 4839 1669 52 115 4759 3747 2160 3014 1063 4585 2049 4320 4157 851 3013 3551 257 2297 4217 1660 3213 2141 1497 4896 1733 380 712 2965 3777 1348 231 2062 3174 2358 892 2716 2694 599 1681 2138 1085 2002 1277 3511 3541 4015 4192 2586 2960 308 2926 4105 4285 3292 3069 3565 2441 3387 2980 998 1491 72 4464 2919 4290 3034 873 4494 289 4651 2199 3040 4997 2962 3187 1128 825 56 1341 1366 2242 1417 3746 77 1990 346 2566 3894 1320 4188 4525 1349 2564 1333 4242 3018 4984 4092 1600 1068 3793 4359 3610 3237 3896 3624 1076 1912 2881 614 3317 3402 1892 4090 4028 3386 106 3268 4201 1604 1343 31 3485 4680 4408 1637 1154 4012 918 4207 3043 147 3835 872 2663 2523 1359 4660 3177 1305 4406 662 3150 4178 4377 3969 174 3010 3554 3397 4450 4121 371 708 948 4233 2326 4084 3016 2371 387 887 3069 2635 2780 115 3473 3783 4155
1617 2361 2856 2892 3255 330 4890 2011 4324 1256 3954 3360 4931 1254 1819 4890 4630 1896 4894 200 422 1218 4199 3844 3624 2384 4455 2187 2713 1081 2469 4193 2749 4040 3537 3538 2525 1107 812 1032 1648 2966 596 187 3286 1025 4740 1562 868 3336 226 4089 4096 4731 4774 3042 3470 1138 2731 4912 2578 4393 3591 2363 4771 2337 1373 4778 4109 4112 849 148 2957 3125 1336 2406 2072 1677 3649 1128 623 405 2747 2410 2916 1392 3189 4689 635 3948 105 1632 102 3874 1077 3199 1815 1820 3323 1049 1208 1688 4354 4391 4776 1239 2283 3478 521 225 633 815 4827 878 4625 3454 3975 4982 4614 2410 3422 4699 4203 2924 3235 519 4350 3274 1142 2803 3531 204 3723 3926 3965 1972 750 2234 3637 3137 4499 516 4062 1703 4569 3399 3653 3809 2522 3853 3709 4875 1064 3278 3318 1869 2680 2958 1194 2458 4669 3421 3197 1393 522 1993 4289 2607 1046 116 1059 75 2496 3633 4997 3997 4836 762 3205 643 3603 3531 4135 1096 4475 2861 2723 358 2212 501 4220 228 481 1073 4759 461 2500 4306 3126 1833
2180 3984 3027 1730 3620 1550 1726 1778 4060 3713 4580 4808 835 4148 2735 3527 4872 4250 1340 4691 3648 265 3539 2894 965 2654 466 3276 1081 4048 1032 4127 2278 2044 4369 678 4700 446 2404 4648 3119 3021 487 4615 2386 446 1848 1446 4234 3369 3637 4794 128 1712 2980 3057 2165 1818 344 3477 160 512 1527 2241 3217 3250 3530 48 4357 2360 4354 4043 1845 1499 1447 3038 4459 1936 4620 4162 1714 23 1622 4796 4127 1785 2874 2825 3187 2024 995 709 3676 3340 1683 4342 4279 4680 1286 3852 844 4404 3060 1067 1129 113 1341 4241 2788 993 645 422 1995 538 4087 3706 3182 2566 2448 3138 733 554 4535 1940 571 3187 4757 29 1363 436 3748 1167 2422 2340 3318 2922 2651 2532 3046 2068 2220 649 3757 3917 4510 1084 4001 4653 3766 3587 1382 753 4436 3340 257 1290 4475 4655 2576 3348 870 2182 1868 4325 828 4707 1134 1714 4250 656 4037 3131 1783 1667 2487 429 3794 4795 1291 2187 3257 2728 3078 1243 1291 4931 2551 2713 758 3203 4283 4033 1402 191 4056 3165 2673 4763 4414 2487
3943 3645 1777 550 2508 3661 211 825 4389 1637 1932 2763 3718 3825 2167 2212 3339 4486 1170 38 3394 4725 1513 4503 2850 66 1016 2412 2469 1032 4622 3110 3283 3917 2243 4006 4332 1786 1011 3756 3192 4580 1724 3717 948 3076 1476 2388 4457 3680 2971 4643 3329 2978 4668 4584 3650 3968 2392 3019 244 1496 942 4132 2374 13 4465 1784 1749 489 3656 2020 4552 978 3431 189 3872 4114 1750 4438 373 1977 3026 2309 2084 1485 1715 4290 584 3105 4216 2797 2140 422 130 3980 4569 2592 3028 3666 283 1948 511 637 2411 4270 419 2035 397 3529 2197 3794 1981 2348 959 3805 3513 744 3636 397 1010 3945 3820 2414 2165 2797 2029 530 552 998 4646 2957 849 1314 2772 2582 4559 3279 3577 941 2909 1170 2283 4247 1444 1590 2727 291 2623 489 1186 2261 2681 2360 2624 2480 2702 3494 111 3802 1229 3450 3338 3785 3136 4286 3413 1272 2516 3055 2086 879 3216 1142 953 3394 305 4534 3579 39 3220 1346 1584 2021 4186 3556 80 178 1237 3012 577 2302 2273 1546 4477 1952 822 2450 2716 2316
4523 4829 4940 4635 2331 4813 3648 2111 2759 99 3652 4735 1345 247 508 3025 62 3908 643 2693 2160 458 3677 4290 2656 2264 1428 4839 4193 4127 3110 644 4000 3724 3355 2101 4775 3735 4030 2189 2315 2854 4114 426 2318 4835 2253 47 4552 1675 208 3706 326 1726 3274 4111 2609 4332 2295 1308 3340 3830 2180 1490 3974 4349 3260 1895 271 4856 1187 765 389 4933 4789 2889 4064 2874 4466 3996 4372 4088 3121 1667 3819 1683 3693 1883 3141 1483 2233 3859 3825 2254 2837 596 1674 3593 2482 4219 3676 1098 1607 2597 540 3818 3176 3380 2647 1818 2193 1277 4692 447 242 4454 3106 4374 2775 3995 2303 4525 3040 294 698 4932 4616 3726 554 2197 2218 1418 162 4040 2788 3291 2078 4152 355 1943 4790 4636 3234 1756 1290 4838 4823 3707 3250 2970 2515 625 4585 2587 4256 1440 4117 1264 546 1434 603 4675 3806 1210 1333 1778 4698 1947 1630 2631 4760 4571 3607 1906 934 11 4656 2637 4052 2907 4308 460 632 1212 1543 263 2917 479 4203 1158 4230 2439 3110 712 3701 1784 3524 4425 2785 103
4355 4380 3491 125 1090 878 1421 4360 1758 4248 2238 4910 4577 4587 663 4904 1751 2279 3852 210 4094 1285 1104 1113 3952 2735 3343 1669 2749 2278 3283 4000 1115 3327 3146 21 1196 95 3482 4679 638 4176 4986 4699 2810 2741 2940 3575 4226 396 381 3728 4072 1890 4973 540 3870 3048 4565 598 1962 1360 662 1609 4697 2687 3812 1582 2333 3065 2943 2118 1904 2780 2744 538 2141 1261 4723 1411 1821 3701 4348 10 1585 3222 759 2140 4238 219 3396 2853 953 4782 4674 4762 437 11 508 1349 3974 1403 499 4186 2385 257 3944 4096 4094 4187 996 3341 1353 4600 2718 636 2685 4901 1986 800 44 4363 3955 4643 833 3532 4423 2772 1756 4028 2359 486 716 996 4832 1099 989 529 4872 2802 4765 664 3790 4288 656 2099 2073 4766 2312 4117 4130 4499 2067 4943 3465 846 3656 2124 2131 3265 3731 2177 100 4839 1637 2210 2514 1365 4592 3626 2249 2960 3005 24 4294 2036 2913 1990 1796 140 339 3485 651 678 2877 869 4152 2407 4241 2905 3169 2473 2515 197 3774 2330 1653 2409 368 4709
4396 4511 282 2618 381 4436 4589 4507 4768 4618 4047 565 4372 3973 2479 1692 431 4775 4592 2335 1711 2235 18 650 3048 119 2617 52 4040 2044 3917 3724 3327 3386 3668 1926 2293 4993 3094 3574 1338 270 3859 4733 1829 3732 3902 2347 642 4628 4105 4220 2971 3691 235 898 3236 3416 3316 1448 1400 4486 3608 4969 2425 392 680 1092 3551 4552 4041 1465 4990 948 3963 469 3273 1399 419 3329 3388 4246 262 2061 4748 4878 4142 1816 2041 2958 3408 2631 453 4869 3365 1424 3189 3495 143 2558 3695 2246 92 3966 2475 3889 531 4708 2810 4807 1934 1066 1715 2540 1879 3260 3189 3597 171 1067 4691 500 3382 1029 1648 2794 2436 2518 1121 1509 367 4864 2131 4401 2935 2683 1881 3469 4370 3249 3274 3750 4582 3790 1315 2089 3422 1743 4402 4010 2926 2332 4878 2805 2398 1705 3651 3463 2424 4966 77 1840 533 1300 4155 3357 481 1966 1036 2919 256 2064 2204 1786 620 2448 1919 3180 3429 618 4027 585 1959 588 4712 632 2785 4651 2586 854 4409 271 2410 1848 4319 4943 2127 4959 4395 344
981 2925 2461 4484 1475 1764 1248 3175 4015 4692 2536 4368 4828 4994 1963 2445 1217 1731 252 2458 4060 2537 2964 1275 3597 2553 674 115 3537 4369 2243 3355 3146 3668 3933 2846 4912 572 79 1548 4499 4088 1313 2183 206 2496 4638 4863 622 4117 4347 1538 2130 264 4123 2672 896 3283 3256 3270 457 4133 3667 798 1214 4464 3407 461 534 1834 360 4864 1163 3424 1195 866 4465 1460 920 1871 2318 1838 1540 1475 3166 720 1457 1353 4514 4587 1280 2346 562 3652 2562 4296 3707 4313 378 980 1541 3337 1250 3297 861 3226 724 152 1125 3141 4833 329 2699 3817 617 3509 1699 1742 125 3414 3861 2626 2223 3437 3563 3447 2431 4847 26 1381 4901 834 1185 3871 2918 2285 565 1935 3794 49 4207 3575 876 2086 3793 4335 1779 3630 3362 4116 2472 3949 892 917 775 3187 3517 1250 4497 4224 1022 2032 1219 1972 2779 1503 4745 2019 4662 979 3011 1591 2839 1285 2748 1918 322 1952 4765 2461 2457 4835 649 2107 4561 4712 2588 2735 2615 1269 1768 4930 2067 1025 1831 2748 996 3712 4215 2510
2453 3229 3148 4401 354 478 3316 4807 2233 1433 4444 154 4941 4534 143 3534 79 3678 1082 103 1932 3110 3625 2328 1018 1594 2812 4759 3538 678 4006 2101 21 1926 2846 2245 4794 900 891 1614 3180 1772 1003 937 804 1841 92 4469 3746 275 2701 4080 4725 3725 893 2172 4070 4957 301 2398 2174 548 3793 3604 3307 4951 4150 2161 3914 3150 665 3262 1204 3339 3284 4849 4917 4323 4760 751 402 4695 3257 4101 411 3155 209 2102 2864 4722 2689 1717 2908 4012 1243 861 1466 4654 148 1041 121 4530 2097 533 3427 3756 1303 2641 2179 3516 4929 3392 4093 2028 2964 4915 3374 807 3921 2340 1234 495 908 4702 3402 2121 2947 4744 3940 196 1577 4531 4078 4564 177 4919 3640 1026 2665 1163 4460 1903 194 2798 2534 1342 4826 1695 2329 4238 1074 565 2335 3106 3826 3385 3997 2524 4173 2501 4630 1853 739 990 342 3655 4784 477 3207 74 3231 1175 3096 4481 4223 4930 2811 2565 1022 2546 3465 2441 4027 1530 2536 87 1248 3658 829 4107 3323 4133 1259 4280 3074 1321 383 457 1714 1526
3048 4513 2966 4828 2977 1866 876 1272 3055 3359 3700 2138 4081 2996 2734 693 1649 505 591 479 1607 755 3184 390 3743 4524 2962 3747 2525 4700 4332 4775 1196 2293 4912 4794 1379 2912 3878 107 2857 3046 266 3035 2622 1630 3817 917 2590 3685 1539 2155 2146 1079 905 1330 2834 2367 4813 2962 58 3184 4874 2297 4069 91 301 3191 2967 1440 3597 4729 1496 4635 2666 1557 3246 842 4730 2750 4331 4305 1269 4102 708 2817 3519 4357 816 4143 4269 2576 4976 405 4729 847 2707 2055 3390 3708 290 646 1632 3579 475 1424 678 4862 4093 1813 2530 568 3260 3617 2894 4027 4510 2315 4527 3844 3578 24 4677 128 3751 2890 4725 18 1359 992 479 4042 3971 446 3451 263 3200 4866 4526 923 3919 335 4001 4843 231 1593 125 3958 2962 4020 1797 1997 972 4887 1513 3172 797 2563 4468 3867 4980 3085 3260 2871 4178 3181 4616 2009 2880 3891 2756 2916 1354 4328 91 2885 2213 4940 3178 3071 786 4763 4221 1591 641 2298 4837 1430 3659 2326 3331 2976 2687 968 20 2620 3767 3019 3733 155
2842 2087 324 1537 2043 3935 2561 275 2051 1294 3961 2540 2662 2083 917 3930 1795 1887 3503 1704 3881 654 2504 714 1835 3323 2135 2160 1107 446 1786 3735 95 4993 572 900 2912 695 3497 3328 88 2521 809 1202 4743 796 1149 3041 1328 2811 1331 4291 4493 3604 4800 441 469 93 4183 2078 1219 2954 4179 2509 4793 1514 3969 4660 468 4440 1079 2786 4444 1821 3578 4075 3077 1009 4598 95 1649 431 4481 946 966 2743 4263 3056 2053 2457 2833 4709 2623 3200 4803 402 1198 4368 4146 451 2838 115 3225 4602 4920 3793 4305 2089 3707 3958 1989 3527 2918 2880 535 4728 2127 4328 1590 967 2191 2769 1175 2879 4911 1770 4702 4118 214 1700 2162 2489 1110 4208 841 2598 3448 3443 2459 378 4133 796 1167 1302 3964 3906 1894 1738 1575 2623 1425 4923 2749 1599 2743 3458 3423 4730 3939 2840 2225 2624 1540 466 1545 642 2034 1175 1576 4553 3975 4994 2638 179 2112 4501 1262 4780 4094 1044 2580 3744 936 3411 2953 2991 1317 3606 3777 345 4630 2096 2979 3458 2128 749 2738 1668 1516 4179
3189 1913 2429 3608 3090 2078 613 3295 4620 1955 4549 3068 1282 3371 3360 2955 1467 3550 1687 1213 2835 4436 3580 2976 365 3420 4169 3014 812 2404 1011 4030 3482 3094 79 891 3878 3497 4209 2316 1147 4923 2361 3063 4204 3526 1189 2604 2275 2943 1209 930 3495 3940 226 4909 2828 1328 3014 1915 901 3574 4753 4820 1348 2806 3628 2481 4362 3594 3211 2147 1418 3091 4149 2814 1902 1271 1229 364 4487 449 4489 1189 3785 4696 2217 3916 4418 4731 1766 630 4851 2377 2354 1987 3364 1291 3605 4546 4055 3657 3079 3691 71 3852 656 108 2813 304 4603 870 4378 147 3236 210 4000 1886 4678 2280 3384 1008 4499 1876 1534 1096 3195 1067 3667 4670 1795 1042 789 3900 2180 767 4719 3456 1288 4636 2285 1548 3320 3726 4323 2537 2550 294 4372 3308 1290 2628 732 4120 1603 4730 3356 3049 4212 867 212 3786 4638 3525 3615 2607 3402 4902 1632 2855 1816 3540 2052 19 2575 3558 41 249 4645 490 1359 4364 1132 1612 3175 4982 4555 4127 1443 2262 1035 4645 238 264 3845 2783 1745 1809 4981 4582
3352 2620 4513 2579 2572 2046 863 3840 671 2187 3162 3382 2361 4223 1373 4074 4260 308 3175 1689 2591 3020 1784 517 4997 3420 2655 1063 1032 4648 3756 2189 4679 3574 1548 1614 107 3328 2316 1342 1437 1302 4457 2238 4643 357 1450 3253 2390 2546 983 4258 2845 3061 3840 4309 3895 1492 3346 1791 2951 4009 2165 160 175 539 832 242 1794 3016 2968 714 4120 3924 3225 2275 1531 4272 4888 3450 4489 4645 4710 3728 3909 3319 2389 485 1846 3016 839 1321 3759 2907 1808 412 1090 3991 4028 1602 3105 2088 813 926 3100 608 3700 2921 382 2516 1970 1351 978 3106 1871 1516 3728 3300 563 1018 3173 2094 4822 4745 4805 3602 4894 3435 3995 2298 1649 2525 2743 179 3208 2561 2893 4234 1495 4442 1586 76 2125 3382 1223 4919 2433 4300 2740 77 1932 3097 2873 3358 2426 2529 2433 394 2165 4540 2333 1232 3756 3435 4923 1372 481 252 4215 2071 3830 495 1840 516 3870 4472 3370 3006 3455 2317 2983 465 3505 4092 773 2292 159 2508 2723 2215 1043 3234 4086 4276 3699 4821 4750 850 1792 3118
