N: 200
M: 60
Symmetric: true
Triangle: false
3 56 180 157
1 137
4 32 53 171 152
5 77 12 60 75 146
4 25 92 29 144
3 130 82 102
5 163 95 11 17 186
3 176 24 151
3 116 85 58
2 93 44
3 164 46 170
1 106
2 115 117
5 41 141 81 6 91
3 135 98 129
2 62 183
2 179 90
8 76 196 161 22 27 10 94 5
4 143 128 48 23
4 197 119 133 195
5 178 160 69 191 52
2 13 96
4 51 189 36 177
1 149
4 61 139 105 150
5 182 134 35 84 156
2 114 104
7 20 167 7 28 107 16 112
2 148 30
2 66 122
3 198 110 47
4 31 124 79 97
2 14 188
3 74 9 136
4 88 2 126 166
2 193 120
4 192 101 103 99
2 121 89
3 123 185 34
2 86 43
1 154
5 8 72 15 125 184
6 59 70 162 57 26 108
4 68 3 100 113
5 55 1 4 174 39
2 168 71
3 132 169 127
2 42 37
3 153 181 190
1 142
3 158 199 80
5 87 18 40 67 175
2 200 63
4 118 147 187 194
3 172 165 45
5 109 19 173 64 49
3 21 54 111
6 138 73 131 140 159 78
4 83 145 38 65
3 50 155 33
2412 4085 1161 4010 352 3367 1693 1368 1467 3488 3252 4938 4080 142 2174 3755 1169 4937 381 1795 3244 997 3768 4485 2996 361 1574 4365 2313 3615 3371 3363 3029 3315 4787 1803 4347 2632 2865 3588 2336 2668 4583 2172 3543 861 3118 1531 2740 3176 4469 1677 1474 4372 2180 2712 1334 4788 795 2590 88 1752 3347 1092 4236 1194 2386 4398 696 1529 3710 4383 338 3271 4262 1470 4126 1158 113 3685 2591 153 1893 668 3119 1494 1234 1360 3054 4498 4701 2966 4000 2438 1201 2936 2930 3782 4264 156 1942 599 124 812 4846 2612 1621 2487 1159 1257 2646 12 3441 4025 4055 3285 1190 3415 2232 1118 2924 4358 384 1126 1763 2748 3313 823 3821 3524 905 1623 3129 653 3135 3126 1195 3991 2430 2412 3794 2284 665 858 4331 4440 48 627 4878 3607 3025 4688 911 4493 3527 1323 3477 3234 2847 3741 779 1753 3302 3042 3243 13 4341 2384 3634 2338 3411 4168 4297 1928 3921 1093 3137 1693 943 1098 635 4744 3850 2613 3703 2556 1956 3439 871 4800 1513 35 3925 4309 3001 2379 3817 3426 114 682
4085 2024 2389 2522 3813 4931 1722 1360 2680 2242 4590 2816 460 3013 4811 3396 4560 3718 4120 1018 1427 578 3082 3040 1960 841 1800 1876 3849 3151 1575 1460 2444 1239 3245 854 788 4457 2688 1979 4337 2127 321 3859 126 2925 4750 1616 819 2695 3249 968 3183 2806 631 2796 195 2819 4150 1339 1040 1872 3101 4664 3169 733 2707 746 39 4699 1984 88 4883 2240 2250 3371 4238 2554 4667 2208 1421 2883 773 3350 3185 2626 1712 1107 3833 3329 1553 817 1370 603 1896 3852 4729 1403 2780 261 2561 1551 4310 3939 3306 3426 2974 4745 1875 3347 846 2397 4858 3686 104 732 4147 4346 2954 2862 1738 3641 2513 2270 108 1016 1071 239 1334 2647 4501 3163 484 2673 3305 2068 1389 1981 3094 4683 4334 1294 1819 3891 2658 1213 630 1987 4513 1140 1895 1905 2413 2919 334 1004 2340 3131 2000 4305 3202 449 328 3225 4113 2474 748 3527 64 3897 2790 3996 1730 1904 2544 935 3597 2705 2825 1760 3363 2183 1595 3363 4527 1107 3403 2243 1091 332 4000 3934 3497 4175 2969 2139 4194 1409 1734 4027
1161 2389 4418 1030 3316 3934 3359 2422 1226 674 3802 1699 4464 402 4615 2014 2139 173 2698 1662 4215 2746 2234 2386 2913 128 56 4261 3960 839 2282 1450 1807 97 4563 4118 4930 2773 4386 685 976 1377 4026 3517 2022 857 217 3974 659 3126 3813 27 3435 1370 1537 3651 4450 1467 18 2374 1263 3229 4146 3571 3186 4189 2468 4017 1811 1791 4061 1113 1427 4509 2195 1200 2825 1204 3693 3558 2297 3764 2311 231 1987 1791 1046 2158 297 543 3114 2440 3029 2945 2418 3900 721 55 2915 3560 4399 2999 3236 3399 4214 3544 3952 4523 4124 1002 3677 2015 1611 4549 3260 4386 2356 4610 46 4122 1964 1573 1024 507 2307 255 4163 2697 4770 4561 4377 3462 3671 4859 3054 895 2487 1469 3712 3294 357 4507 3484 108 344 867 1913 3337 448 1845 3545 4603 647 3727 1702 2293 140 1685 2784 1288 2681 289 2874 1913 3622 1610 741 3940 1291 3763 3236 1791 2815 2428 113 237 3437 4566 842 4568 993 2907 3925 3405 1711 608 4646 34 120 2594 1339 1676 174 1635 3639 2613 4149 3393 1864 3646
4010 2522 1030 3018 2479 4640 2700 1212 4908 2812 319 3922 319 3088 4724 4514 1437 3288 2670 2007 675 4747 4543 2264 227 2882 4053 2804 2240 4698 3645 4262 2458 622 4668 4851 939 1104 4180 1594 3384 526 754 126 2274 3129 4777 783 3086 3393 2653 387 425 1794 3968 2478 4157 3030 2551 834 1545 3164 3941 2705 3694 4410 2928 2683 851 2508 364 1595 2273 2022 486 1096 4309 2764 1517 1749 3680 504 2534 1433 1568 4261 2934 4029 2337 582 1656 2635 3586 1078 4252 398 3566 3115 4838 4005 724 4563 2181 1385 2396 990 1108 672 2360 4345 1052 4748 3454 1454 4965 1053 2988 3901 1301 1884 294 621 2938 758 783 4058 3734 3308 340 3733 2950 1573 2816 2124 2330 4117 2710 3516 4929 2262 4908 135 1738 4274 4961 172 1190 2481 1280 1651 4757 831 2862 4581 2626 3346 636 3465 824 3088 3964 4619 3232 4222 3753 2326 3785 4335 3163 3231 4433 3196 233 3951 4572 1940 2378 1283 997 1921 1191 4670 2364 3601 1106 542 1982 2777 895 3278 2250 4438 4127 2994 3251 70 4526 928 3089 4372
352 3813 3316 2479 298 2196 2904 3289 102 229 4095 1476 4108 4989 2986 4447 1210 3483 2675 3586 3232 587 1543 1304 377 4039 4595 779 2819 1588 166 3806 4608 996 4051 2284 2253 1996 210 267 2145 2045 1504 2785 871 1718 566 1294 188 2157 3408 4020 2972 1397 1595 3688 633 4755 1845 1412 3180 4001 2568 4340 868 895 911 2834 2567 3820 4153 1005 783 564 2055 3510 3061 2044 3148 162 358 2923 3887 1890 2015 578 560 81 1658 4915 4593 4601 1389 4602 2031 275 3800 1841 2961 74 3538 4901 4260 1447 3583 2194 3022 512 2986 686 2475 849 4619 4007 264 3522 4263 4811 2434 1902 2162 1061 4184 1146 2500 84 3156 3148 4912 3665 1575 1636 1788 2414 3213 3086 2908 1206 3349 1228 3372 2784 3535 1687 324 4392 536 2419 1334 620 3959 374 4521 3201 3790 4115 902 3329 3075 2666 4437 1554 2334 883 2613 3505 3468 1572 2524 788 2506 1887 743 1190 4036 3926 2465 4674 3153 3977 4621 2771 793 531 1457 4569 3752 4554 2458 3323 4429 4152 1006 4084 1201 200 2538 1529 1654 608
3367 4931 3934 4640 2196 1796 3712 4328 2585 1702 1655 4423 3895 3059 2016 2498 2591 2645 4518 2961 3639 1958 3523 4557 4736 1576 1185 644 4159 2263 1688 3181 1976 1049 2203 2664 2189 2453 1437 1960 3358 4352 3595 3679 891 1670 2107 692 4715 1380 4183 4868 2788 2507 4098 1081 4932 3945 4798 4796 2444 4334 3503 4695 851 640 689 2285 3214 4813 2851 971 1797 956 3654 3043 796 1289 1796 857 1089 1041 1845 84 4373 4167 1027 2148 1959 1670 776 1526 1481 4738 16 4822 1141 681 2367 4886 2368 2731 2480 3291 2531 1054 4190 3294 844 3841 3311 4602 1222 4739 4667 4542 1361 1670 3575 3881 602 1687 2178 889 3294 1734 3568 2919 1671 283 4315 377 4840 2950 4383 3999 227 535 4503 921 164 2242 4358 1939 2905 1185 1441 3425 4858 1094 4974 490 174 3799 4684 1115 2618 4651 2728 4464 1763 1810 1591 383 3611 2201 1143 4579 3570 4981 856 1155 1356 1473 1907 958 814 3510 4478 2632 4202 3557 3996 1093 4023 4892 896 4489 4001 3889 3973 4705 3760 2329 2481 2217 1079 51 3293 1629
1693 1722 3359 2700 2904 3712 1514 4281 102 727 934 4007 4224 2251 594 4551 4935 4777 1484 3609 3716 3953 1037 1119 2311 3155 1938 4880 3558 3465 1387 398 3390 197 2446 480 1232 3174 742 4876 472 2511 4437 1279 3789 2885 4968 4946 2971 1740 149 844 2662 2666 3751 4425 3739 433 4339 4030 100 4015 3001 2495 1123 2813 3330 320 1867 2843 4655 2080 4966 2431 1544 4167 4893 3352 1847 2847 3942 3754 468 1980 2936 271 2909 2009 102 4316 3537 4206 322 3210 2368 2477 3140 1807 1962 1871 2257 760 1990 3945 3141 3515 3000 3378 2959 1525 1600 943 3682 179 3817 376 3491 1895 3208 1694 3644 4625 3711 737 4768 243 2695 561 3383 2842 12 1150 4783 1785 4047 3936 2022 2611 2652 1407 1439 4166 4728 2067 472 591 3930 3843 3307 1320 4509 4661 3926 1744 1575 1429 745 1682 4610 4885 4670 3759 1745 4562 3553 3908 4152 2302 618 2011 4643 3873 1766 3069 2314 2567 3177 907 1064 4890 1205 1192 2919 4802 3996 1799 734 1466 2211 1390 1453 1251 2252 111 2272 765 4556 483 3120 729
1368 1360 2422 1212 3289 4328 4281 3584 1161 305 2093 2682 4240 4281 1658 4934 1312 4754 4301 1445 3142 3287 898 3928 2493 4882 107 3448 1931 3809 114 2005 1122 4809 2222 3899 1232 1631 4394 4273 54 2441 1845 4295 1831 4332 2475 2631 4592 4782 1320 1991 3896 2225 4308 4533 802 251 228 1618 1707 20 2971 4061 1037 862 4439 2528 1113 1468 3708 4905 3629 4425 1622 4957 4367 2604 4910 2385 2251 4290 874 278 3320 1905 2203 3497 1689 2520 543 3274 3271 2031 4156 1083 4493 4454 3608 790 1857 724 2752 4993 1275 753 1032 2362 2776 740 1108 3624 1671 4975 2762 3339 3476 2167 956 3658 1990 1031 357 3452 1280 4972 3016 2263 3841 3834 1965 3621 83 1409 4812 347 3091 2467 4582 4716 3667 778 1070 2836 1435 4825 2516 503 4979 4650 4049 2125 871 4627 3807 1689 1025 848 3699 3232 2720 3778 203 2143 3574 439 2758 1397 2666 1884 2968 2572 724 4171 1046 2533 3973 1742 1653 2270 1326 3960 3114 3364 3321 645 841 1913 463 1649 1171 1001 2628 672 2191 2547 2817 3852 603 4060
1467 2680 1226 4908 102 2585 102 1161 4822 2531 784 4499 1702 1377 2104 1211 2675 3870 791 2243 319 1117 4926 3492 1771 4523 1147 733 2187 2566 4917 4797 1138 3176 1542 951 3155 3949 2697 3530 2991 2304 355 1232 4507 4518 3748 4735 1290 590 1710 63 3810 2160 948 4278 2992 2166 4811 2712 1257 1759 4761 4074 4344 1371 2635 4933 2349 337 4540 249 3332 2613 3166 3251 406 1618 2913 3429 3554 3626 1111 3943 2649 2690 1810 3336 3270 2110 4950 1553 2138 74 586 4840 1158 2192 307 2203 2586 3489 4972 1767 4690 4824 4784 3028 4099 1737 1275 3723 990 952 60 2029 3563 410 1380 4931 2003 1397 4500 1113 3578 4299 3990 308 1733 2604 233 4922 1312 3993 3723 2893 4469 1945 2925 3934 3531 2154 4965 2405 4963 3260 342 4093 1304 3865 4657 1548 2004 3542 3749 3832 617 2510 1949 1800 4196 4706 3893 4950 3977 1045 4693 3916 4466 550 1491 549 4343 2221 3423 3531 4519 4708 2830 3183 4476 1671 1207 2517 4023 2461 4020 4442 1842 4972 1076 4777 2071 1788 679 306 4256 1397 987 787
3488 2242 674 2812 229 1702 727 305 2531 491 581 3457 2665 1953 1820 456 2501 4514 3867 398 978 2490 412 4295 2326 1769 2826 2783 321 2382 4714 3018 2787 1539 4770 1065 353 1840 1818 3979 3321 3770 3374 4127 4679 4574 2350 3558 1096 3336 27 3499 1553 1067 1788 3981 4750 3094 2881 4847 545 349 4493 1815 3014 4262 3444 4973 3848 1626 546 4061 919 3579 367 1986 2524 690 2112 2034 2959 2619 580 2785 4232 4820 1435 2783 23 3467 359 2190 1105 4877 1925 1531 1291 4885 2913 758 3817 2723 3182 4997 3479 649 521 1119 4012 412 2853 4380 300 3862 1606 3037 2294 4729 4618 2123 3904 4200 3372 2924 2065 1088 4090 446 1850 1543 2452 1383 533 2522 3429 3679 4807 3973 683 2550 161 4448 3035 986 3508 2055 4768 773 1309 2546 2631 298 3250 2077 2074 4149 1239 3151 3598 2416 4744 1926 634 4961 102 4558 1048 2636 3148 475 2394 2194 4641 4763 3275 1178 621 1855 4506 2118 2351 3712 4015 179 3665 2453 4829 2399 3546 3602 2047 2133 2352 2718 4378 1633 2378 1993 3865 2663
3252 4590 3802 319 4095 1655 934 2093 784 581 2394 3096 883 3544 504 596 1511 4437 1647 1838 3566 2615 1641 2721 364 1715 1494 3348 1562 3785 1920 1570 2748 1981 3894 491 1681 2585 4542 893 2614 1444 3547 2080 1400 4539 2699 2161 821 3441 990 2051 1693 88 2708 1040 1931 3544 3933 1759 2966 1605 195 3537 2484 685 4184 722 3783 3245 3028 388 878 810 1619 4588 4420 2924 1363 4106 4139 1650 2931 3036 2651 4053 280 3743 20 3218 3702 2079 4374 4474 4785 1974 1346 4970 1800 1710 4704 2952 3294 2723 1434 3749 862 4949 1851 1305 203 585 3338 2128 1713 1658 4560 682 3185 1339 757 4339 3036 3859 1854 4015 1941 4084 3645 833 370 1819 2123 4783 2054 4139 3784 1786 4000 2060 714 4969 1522 1043 495 1021 4728 3918 2239 1391 1233 4138 330 2677 270 2933 1329 226 4018 3229 839 2677 2726 4604 2109 2408 3425 4330 140 4377 783 1282 4625 826 3748 4421 175 4762 1206 3050 4538 3262 1447 4815 3383 3523 3278 937 3253 1941 1213 1674 10 1652 745 1076 4027 1170 1350 1457
4938 2816 1699 3922 1476 4423 4007 2682 4499 3457 3096 2737 902 2311 561 2568 3490 221 4057 2624 164 3339 1740 2941 1244 4107 3258 2293 785 3589 1577 4395 1524 1701 544 1224 3372 1530 3796 630 3932 1246 4848 3895 3912 916 2066 1974 3083 2202 3941 4050 4005 2153 4257 323 394 644 1012 2365 1328 364 1959 1013 1401 3120 2915 3399 3472 2134 1981 1041 139 4987 531 1149 2867 4604 3967 261 1385 3872 3019 1568 1969 2772 3544 4605 2112 1794 2196 4778 1733 2246 235 1370 1488 1488 831 4514 2655 4101 2367 4786 4517 2765 3586 230 326 2893 3720 1403 4807 3798 2550 2064 2195 4751 3584 1490 37 2276 4833 570 3253 4499 3447 2094 691 2649 4840 160 476 4060 3491 2403 1450 1152 1587 961 2796 3937 4460 1098 1894 2555 4340 3083 4389 3783 3666 4449 1202 1235 3788 1936 3086 3967 3060 1435 1204 276 4750 1093 364 1335 1978 22 1509 338 3055 1811 3366 2523 181 2812 3197 353 589 1580 1241 3838 41 4471 4634 2880 2533 4196 1548 3028 4201 2741 1845 984 2301 2370 4575 2770 748 1237
4080 460 4464 319 4108 3895 4224 4240 1702 2665 883 902 2828 2026 4927 3049 1054 43 3568 454 1557 409 3724 3027 3323 776 4678 4303 560 673 90 2396 3934 2023 3460 3797 3753 3506 2711 4983 356 3392 1056 2624 2267 404 2482 4392 4152 1595 2033 309 3827 2837 3117 1619 1740 1231 3273 4121 2760 3596 2516 4658 3722 2727 1750 1252 4197 3275 4531 3410 2536 248 2794 2282 3693 1423 2216 4807 2208 2810 3451 2344 3416 3609 2749 2228 3478 3563 912 858 841 1782 435 1062 4715 2582 4628 2115 751 2644 1403 2295 2764 4621 4152 644 1910 4225 429 2509 1218 1661 4971 3436 2976 4377 2904 242 906 443 3935 2733 1998 4497 4364 2869 2100 1604 3871 4177 2911 3440 4112 4895 3189 3364 1735 994 2029 3914 2884 4673 4311 4462 4863 1692 2219 43 1003 4018 1546 1026 4197 3331 1538 1049 973 19 4824 3292 1560 1418 1234 1578 3019 3276 4195 3983 2919 3133 876 1099 3659 2860 3265 4837 3322 4963 3320 2494 3271 3494 2657 3722 909 2740 3723 998 4747 2110 2524 1493 4188 4493 2669 1922 2658 3863
142 3013 402 3088 4989 3059 2251 4281 1377 1953 3544 2311 2026 3885 2661 3570 1798 2201 540 267 1222 2811 1895 4061 3325 1549 833 3158 4178 4351 3486 728 2615 3125 3613 3631 3740 3214 1040 4277 2620 4199 1395 2969 2501 104 4610 1568 3355 2047 2277 2438 2971 1097 3282 1940 4631 553 2444 4029 542 1393 3797 361 720 181 4741 3381 1231 2945 2765 4167 4831 4934 1686 4700 1970 3171 1923 688 362 3725 282 2171 3067 4708 2954 1415 4684 2255 4103 910 590 3708 4192 610 2669 1695 1582 705 666 3285 248 1508 3769 2732 1818 3505 3575 1297 2217 4228 973 3693 342 2225 751 4114 2818 1627 4065 903 4625 2824 3529 3923 595 1946 1808 1926 327 2820 237 1371 1731 2151 20 312 4631 4575 1414 649 4296 2443 267 1142 1381 2145 210 4489 2448 592 4715 2805 1900 1088 577 647 1409 1414 4893 1873 2015 2946 4512 4283 3391 3059 3409 4063 4440 4367 4498 4735 1639 434 1719 1630 4896 1791 4296 2000 4397 871 4786 2732 3158 3004 2060 515 3209 2642 4139 3076 4985 737 2413 3809 494 3071
2174 4811 4615 4724 2986 2016 594 1658 2104 1820 504 561 4927 2661 1046 3468 4507 4240 1779 4934 3278 834 580 4760 1562 343 2797 3947 2545 2605 2708 4662 4380 4422 3359 2638 1855 3215 2772 4993 2475 1492 2679 3761 1944 4302 4535 1525 4962 1421 819 3726 1653 654 1722 3894 4901 1743 1948 666 3809 626 611 4921 4570 3086 4155 2472 1433 1417 4446 1293 3879 3178 3220 2526 1532 1384 4440 2938 2017 119 1194 4453 4083 3630 4046 4132 2825 2320 1391 166 2601 2971 2339 3975 478 1895 3947 97 1880 4577 4283 1153 2745 3203 164 497 541 2850 220 2955 3018 1021 1941 2378 408 3365 2324 137 820 1844 1371 2732 638 2758 728 4467 3693 3592 3064 392 4594 1159 2074 4213 219 2021 2402 1101 120 3796 619 4744 4489 1134 4495 4374 3147 1706 3172 1429 247 3011 4488 378 435 1019 3939 1233 1938 4850 1526 4400 1747 2695 2912 229 2427 1442 3408 4235 4629 4839 2071 1922 1372 1320 4977 2700 4196 2782 1096 3699 624 2743 692 2113 175 1822 759 3490 3783 1916 243 2076 2798 30 799 328
3755 3396 2014 4514 4447 2498 4551 4934 1211 456 596 2568 3049 3570 3468 1328 3559 3018 2425 4104 2925 4595 465 3387 2516 2911 1713 1995 2729 2180 442 3252 1214 3057 2085 2601 3197 4310 2366 1745 4255 4770 4455 3758 782 3062 4945 3112 2258 2997 2909 452 345 3015 2570 4054 2222 4000 1438 1449 3744 919 2097 1641 4293 4946 4624 3561 3165 1868 1994 3646 2965 2993 3004 1864 962 4597 3952 3354 227 709 3632 2586 1302 1934 2234 3728 3889 4950 2264 1817 4829 189 1090 1727 3595 986 306 1755 1544 917 1209 3086 715 1118 233 4902 4050 2664 1090 16 227 1201 198 399 1491 1787 57 1077 3634 4890 4032 4323 4962 4122 784 770 388 3237 3333 1797 3489 2985 71 1436 627 4543 377 3104 1060 4193 662 4493 1916 2971 2777 1415 3447 3984 1526 4202 466 4290 1244 2974 1223 2935 478 2746 1382 171 125 1831 3936 3330 1335 2164 4620 3306 2976 2830 2497 703 1201 2111 2654 3380 4010 2580 3681 853 3408 1359 702 2806 1409 3706 3293 1394 4281 3725 1400 2000 1039 4859 3681 2016 2368 3246
1169 4560 2139 1437 1210 2591 4935 1312 2675 2501 1511 3490 1054 1798 4507 3559 3228 4383 4260 544 3641 360 2488 1770 2710 3920 2007 2895 2027 1075 3517 1572 2686 1043 4375 3737 1567 4340 2875 1490 3256 1325 1849 2318 1916 2924 3848 3854 1185 1129 1206 1445 3807 3099 3950 3282 3306 4774 2253 1443 2833 4559 2972 4121 169 3693 3654 2758 2544 1548 802 3781 1516 1574 4669 3235 4916 2141 1211 1793 4290 271 1793 137 3067 628 2899 4077 32 354 1861 4054 3856 3854 3212 3551 1288 3128 4022 2352 2881 878 1768 4871 983 1641 668 3159 2585 2485 1200 4776 4533 1130 3627 3083 631 440 1715 3475 2328 395 3432 4461 1042 2682 450 835 759 116 231 4938 1182 2404 634 913 2944 822 3110 391 699 4796 4113 4609 3712 2110 3126 2191 3344 533 2302 4871 3519 57 1516 3983 274 185 3040 3022 12 1609 4413 563 3544 2014 2412 1171 3048 1819 140 2986 1615 4133 2033 3464 4118 849 4861 2027 4503 4014 4534 3553 4379 2126 1955 509 4667 3346 2260 3044 383 3161 744 3448 3534 2308 2904 3212
4937 3718 173 3288 3483 2645 4777 4754 3870 4514 4437 221 43 2201 4240 3018 4383 4169 4667 3793 3273 3827 852 3790 2711 2706 3402 1858 1682 3541 1898 573 1084 1980 413 1130 4916 44 2370 3335 3939 2935 2439 3541 3704 2196 3179 4320 404 1154 1169 3869 1218 3230 315 340 3618 1740 1746 3112 2598 3751 2437 314 4223 4151 2013 1169 1030 4955 3775 659 4586 3627 3432 4264 1587 749 741 1915 3825 2669 448 561 2366 4864 2478 2775 4417 1732 202 4948 4398 4338 2508 2654 3184 389 4712 3751 4168 2248 2928 3399 2828 1166 3197 451 1975 4558 2827 4600 3928 3337 1331 3895 3363 937 3110 4832 2035 4368 633 3062 1465 4499 33 629 2563 3738 1614 3516 1881 40 3063 3464 4309 689 1323 919 4175 3012 4019 4279 3224 248 1234 4796 959 3796 4550 4554 3223 3659 3046 1920 4182 2554 101 2863 2100 4552 3538 4621 31 4157 1303 2129 1557 1208 4226 4473 4096 162 1113 433 2870 4415 594 1325 223 2927 1446 2447 2283 4807 4300 1028 2633 3927 800 4038 3770 1035 2794 3206 352 2839 2619 752
381 4120 2698 2670 2675 4518 1484 4301 791 3867 1647 4057 3568 540 1779 2425 4260 4667 2729 786 1561 1465 2312 3778 1298 1862 205 4155 1185 2512 4810 2958 3696 602 1309 1122 616 3336 2287 20 1879 2839 1353 4738 4424 3363 3368 3135 2606 3882 3928 920 750 3654 4512 2884 2390 89 4842 3864 61 867 2694 2452 3402 3831 1187 2719 4603 1783 3868 3194 4469 3447 4192 2351 100 68 2812 3266 3157 2677 2515 3719 1930 2479 4982 3954 2311 3855 4540 4995 2590 2164 761 2404 1939 3578 354 2558 4645 4094 4880 148 1029 951 1540 4064 4383 1575 4090 4941 202 4508 4634 2539 4208 2984 1217 2466 4451 4569 46 2502 3466 3918 167 1074 1803 173 3126 3397 898 4854 948 522 690 4815 2598 995 3709 366 3683 1362 3479 2056 1161 4098 4980 2664 479 4556 1927 393 4849 3106 4273 3682 1308 1777 1063 3401 3559 987 2515 3464 2822 1745 437 662 768 4178 2297 3568 710 2067 1648 2109 4832 2903 1517 1894 1042 4176 174 4664 2393 3635 4489 1084 3396 1022 2505 4117 1028 299 4811 2558 1996 4627
1795 1018 1662 2007 3586 2961 3609 1445 2243 398 1838 2624 454 267 4934 4104 544 3793 786 1213 1872 4845 3896 1800 4297 4720 943 702 226 820 725 1258 2210 682 2627 3418 3886 1971 1989 2413 4701 3864 724 4634 1716 2764 2119 3433 2921 3577 4686 2734 2273 948 76 2209 3800 101 1181 122 1529 699 4719 3154 2817 4133 753 3550 2359 3898 2482 715 2305 855 1222 1799 2687 3185 1254 3981 1308 3161 2679 2499 4036 4707 837 944 2279 1217 4196 1868 2231 4181 2063 3698 1212 3010 1267 2910 3060 2918 4477 3621 4412 3544 2668 4683 2482 1942 2723 4005 4122 235 3414 1893 191 4465 3837 1878 692 1110 3216 1419 2930 977 4982 322 522 3595 333 901 3021 3163 3662 2350 4154 2054 2858 1239 482 3936 366 2911 4882 3338 3455 4453 1609 4623 4605 2041 383 2799 793 1966 2764 177 1770 1229 2134 873 830 3135 2591 2188 1371 3700 1937 3136 4277 3884 4232 3469 2060 347 803 2095 207 3210 3075 4624 2790 2435 1024 1591 450 193 2456 520 1127 2489 2217 2070 1406 4542 1114 798 3235 1138
3244 1427 4215 675 3232 3639 3716 3142 319 978 3566 164 1557 1222 3278 2925 3641 3273 1561 1872 927 3858 259 931 1080 2715 1892 547 2418 2791 4447 4840 2059 1270 1181 98 1551 1661 2455 904 3976 2561 4247 1076 842 4004 382 1380 4663 4250 3463 1392 3436 3545 1761 838 2011 3738 2688 3732 2388 1061 1660 2015 2145 778 4477 216 545 2249 1515 1510 3592 3249 2127 1069 4464 2429 1797 3161 2898 3933 315 896 2768 4436 4433 2496 2426 2268 620 32 3272 219 3867 1290 1890 3033 3377 3472 4367 1492 4306 1879 268 1093 3304 4178 2042 2973 3438 1659 3525 4845 111 3059 2401 3017 1401 1197 2326 2833 3960 2943 4019 2019 1824 4706 3584 48 3484 2774 1020 312 2903 4827 1017 55 787 1513 2127 276 1200 1835 723 1493 4669 4904 4958 1557 3654 4779 2902 3223 1091 327 774 3115 4538 4904 2508 1428 1780 2878 4009 3563 1050 2110 2068 4412 623 3608 3634 4896 1500 1149 489 1546 443 21 3790 3863 3916 4689 3765 200 1175 4975 192 1367 4147 2182 4078 2149 4992 4725 1396 2449 2820 496
997 578 2746 4747 587 1958 3953 3287 1117 2490 2615 3339 409 2811 834 4595 360 3827 1465 4845 3858 1307 1563 2134 396 1647 4202 1110 190 3435 2776 2957 4112 3173 1785 4334 3173 601 1898 2591 3842 1847 3912 3002 2948 334 2572 1004 4866 4318 2503 966 4576 3502 2927 643 1278 3591 4132 4303 2955 403 1395 4692 1511 4608 3966 4407 1178 2962 3851 400 2696 3697 17 533 3978 2351 2722 960 3848 363 812 561 4607 1739 519 3958 1634 584 1483 3426 3538 2707 2107 4113 1891 2716 1387 4965 123 2530 4199 1983 4732 1892 4496 3418 2271 4279 281 1902 2546 1789 1456 1899 562 10 3907 4232 1413 4296 3156 338 4370 3285 2553 1968 1609 3549 336 4958 586 4535 1367 1902 4431 4782 1937 3002 2780 2525 2390 2750 2693 2142 3589 4973 2350 3722 2536 2338 1167 4732 2640 58 3019 1636 2724 4148 2210 3152 3809 1267 1579 373 3476 4860 3974 2435 1230 2170 4300 3583 1368 4665 1271 3089 1463 3998 1728 4438 2638 4180 3591 4799 2164 785 1174 88 4070 1253 1458 2538 764 3110 451 732 2052 260
3768 3082 2234 4543 1543 3523 1037 898 4926 412 1641 1740 3724 1895 580 465 2488 852 2312 3896 259 1563 2134 723 4956 90 233 496 1727 4957 4096 2441 4801 4527 2794 1253 1375 2468 1302 2064 848 1432 3605 195 3682 654 1780 3323 4912 4455 4558 1661 4124 1619 2228 3611 1079 2561 1680 1320 925 3451 2126 3441 634 4229 1795 884 4015 226 1178 4650 2775 52 2271 3366 705 3890 3785 2643 3606 2745 1389 3313 475 3712 1007 4906 3904 2208 2713 3886 2226 4088 2517 4701 2161 108 946 4969 3697 813 2867 4359 895 4950 4459 4146 1634 2936 2415 3786 4464 3491 4652 334 1359 716 3130 4161 4712 3588 4186 285 436 3343 2509 3259 819 1394 1485 1299 4555 2339 3309 4290 139 1845 193 3813 3183 54 3324 3576 4317 768 3476 3690 3521 3627 2152 1782 3570 4814 3592 2863 487 2394 1847 4649 295 1324 759 3518 3034 216 1420 2707 542 4594 493 3909 4700 3901 3742 170 1401 4317 3766 3255 2380 2707 1897 1818 4333 1211 331 1168 2716 2308 2213 147 844 4553 4802 2654 932 2825 4151 2210
4485 3040 2386 2264 1304 4557 1119 3928 3492 4295 2721 2941 3027 4061 4760 3387 1770 3790 3778 1800 931 2134 723 3603 1299 1958 2665 3585 1367 2532 328 4247 4638 431 2912 726 1390 3251 666 3187 4653 35 818 4093 3300 4252 1871 1219 1352 3487 3366 3322 20 4376 1040 2714 1770 4249 1346 993 2511 4788 3378 3827 3875 1815 1861 1504 1412 4937 711 871 2375 974 627 463 3050 2617 3425 4756 4192 4534 2729 4813 1065 4722 3962 543 3221 2296 3637 4341 250 64 2901 617 4902 3361 4430 72 1308 4825 2043 1123 3191 4875 786 3004 236 4860 3212 1737 1986 4889 4536 1287 4003 2435 2776 2503 2964 4981 894 4216 768 4271 1607 1829 2474 4982 4008 1389 3206 3770 2096 4696 1742 2997 4140 3033 4797 1409 2019 4258 3300 4599 2647 508 1325 4759 4989 2710 2874 2165 2579 3277 1865 648 2350 1316 2497 3404 4629 4798 3372 3372 4373 4053 4854 807 3466 218 803 1566 2447 996 1418 3213 3381 3880 3460 729 3250 715 2231 4709 477 624 807 966 2957 1027 4537 4532 3142 871 4186 2581 4571 1108
2996 1960 2913 227 377 4736 2311 2493 1771 2326 364 1244 3323 3325 1562 2516 2710 2711 1298 4297 1080 396 4956 1299 3315 631 2682 354 2334 4916 3790 4919 3133 1968 3726 2176 1892 3596 2758 2028 3732 2599 578 2611 2066 300 2418 808 4962 1255 3407 183 1871 628 3889 2738 4714 3742 2174 466 4638 1541 244 2947 4038 634 2924 2500 4468 2814 376 2072 4678 4708 1828 2225 1329 649 3896 1236 2231 3524 4455 4060 592 4096 4115 1096 77 4287 2272 41 2636 3293 855 4883 3705 2193 1175 2139 110 4473 2273 950 4363 3305 2551 1848 3361 1927 847 2401 3190 1890 2504 598 2074 553 4633 2946 995 715 1373 3425 3184 170 674 1753 741 2560 4928 27 674 1372 3285 423 529 2456 679 2767 2543 3605 4437 4138 4456 1042 4749 1865 1851 3061 416 1534 3572 1131 3508 698 1945 3397 3237 691 3073 2835 199 1489 3792 2269 2134 125 538 4959 1039 2105 1818 2102 2568 4870 4431 3657 3253 3203 2503 4075 1146 2696 2204 53 3695 1445 2814 4303 694 3786 1990 3666 4928 2417 3739 265 3451 2334
361 841 128 2882 4039 1576 3155 4882 4523 1769 1715 4107 776 1549 343 2911 3920 2706 1862 4720 2715 1647 90 1958 631 823 968 674 3879 4090 4528 3107 4000 3183 1689 2473 2008 2337 1940 298 4388 3856 4063 2246 2893 1825 4959 2450 73 3017 576 2625 368 3422 3006 1646 1403 2865 3774 878 3277 3154 4406 2866 668 288 3887 978 436 2093 1224 888 3537 2313 3056 798 3426 3183 1516 4490 4461 3952 431 1737 1578 1261 242 1586 672 343 1064 3177 4404 982 2419 3989 2240 4327 79 436 3662 4007 495 780 2847 2989 4204 2767 1196 3924 1591 4382 4949 3966 3850 4039 3955 4414 1547 1394 2406 2924 2074 3609 1786 772 4697 2373 4927 3684 4438 1067 2525 4378 1733 4640 706 4509 3831 2187 1156 1365 2717 1123 4171 3728 4120 4889 1041 4185 752 1071 2791 598 1349 2011 4645 1338 3199 4964 2602 3083 1979 4616 4684 4666 615 1783 136 407 1917 1842 4003 3702 3089 4743 407 3907 3307 60 1477 2048 1278 2461 4819 4574 1933 3902 4164 1609 4290 102 1409 1853 1932 574 3702 4488 208 733
1574 1800 56 4053 4595 1185 1938 107 1147 2826 1494 3258 4678 833 2797 1713 2007 3402 205 943 1892 4202 233 2665 2682 968 1151 1713 163 834 3953 2551 2506 3615 160 1905 4954 4925 4322 2548 4494 4282 3599 1700 1842 4804 2755 2925 2780 3161 4223 893 405 3013 3155 2483 2772 2818 4268 280 509 3251 37 2116 1188 2041 2676 308 4217 4738 2148 2508 2778 302 549 1359 4131 1167 1933 4682 888 3468 316 3871 2583 1774 739 520 4511 1834 4261 3008 2450 4167 3577 1904 2103 3192 4948 3030 4734 1712 2123 2166 1254 2551 2479 370 2442 759 4909 660 3608 3425 1507 1843 1961 922 283 745 3047 2311 4002 204 1930 3921 3974 3072 2422 3385 3696 2918 1872 4232 3189 2920 2946 100 3547 2969 1126 542 4502 924 571 1459 2103 218 423 2192 2212 3485 1233 1984 113 4235 4488 1402 520 4120 4484 2550 3544 4331 3775 2732 1841 1167 4703 1426 3994 3748 2944 1708 297 1638 1190 3015 1642 1835 2357 3104 4813 2118 4184 3111 2127 1417 1853 1176 4215 79 800 2754 2524 3284 722 3281 621 3454
4365 1876 4261 2804 779 644 4880 3448 733 2783 3348 2293 4303 3158 3947 1995 2895 1858 4155 702 547 1110 496 3585 354 674 1713 4766 4657 1342 3807 3164 4236 4115 257 2300 3116 4309 3876 808 3633 1176 2433 308 4060 698 3865 4211 1397 772 3388 249 1708 1019 4295 4986 1910 892 4484 2732 481 3699 2487 3166 2434 2199 4344 2676 4353 4287 760 324 2442 4862 75 1371 1768 3179 4293 4756 1163 4522 1203 595 1026 162 4734 2860 4085 4341 3858 2569 3244 2595 700 2588 1570 3838 1976 4097 1892 82 4527 4060 3074 1101 2664 3250 3429 429 1785 3614 2963 3440 192 325 3735 4865 553 574 2328 1064 4018 3941 352 2091 1895 3735 4518 4215 1070 534 2352 845 2352 3902 1301 745 650 4946 4920 2932 2672 3925 415 2067 4289 1003 2408 948 877 4080 3531 2346 590 3166 4844 2146 4249 4038 3347 3989 732 102 2930 1269 4791 1937 2794 1398 489 922 3500 4537 3080 2219 4460 2429 2399 2297 3020 1966 395 72 3865 347 1775 4028 3839 3976 3571 424 2739 3051 4927 3392 1467 3941 4006 4912
2313 3849 3960 2240 2819 4159 3558 1931 2187 321 1562 785 560 4178 2545 2729 2027 1682 1185 226 2418 190 1727 1367 2334 3879 163 4657 2572 1505 3050 901 887 4523 2320 4522 3911 4231 1923 1236 1077 1909 3193 4146 1935 1717 3032 3318 3403 2368 4014 81 3365 1831 4058 1405 2659 187 582 1150 4622 2288 2299 784 4375 2507 4304 4073 4906 1384 273 1321 1293 1371 3540 237 1646 2838 1822 4847 2386 3688 4711 2396 2365 4173 1216 2093 1713 264 1938 520 4464 4761 2546 1872 141 57 4545 1168 1969 2635 1106 1901 2770 2717 4525 238 4946 3220 3798 1061 3717 3476 932 555 2630 2357 2391 1870 1374 4421 2491 4658 869 1420 35 3307 708 3854 311 4739 4974 4366 4493 4869 3593 4185 4364 4950 2519 305 240 4718 3688 1296 3561 4437 4668 491 1844 128 3471 2946 2248 2259 1283 3469 4130 2675 2958 4507 1110 2448 68 2122 2855 3814 1134 1196 3462 2251 1267 787 3178 3415 4728 1528 24 3801 2250 4114 2128 1134 300 4430 2756 3198 1483 216 2117 2091 2213 1079 4443 865 1941 272 2823 4554
3615 3151 839 4698 1588 2263 3465 3809 2566 2382 3785 3589 673 4351 2605 2180 1075 3541 2512 820 2791 3435 4957 2532 4916 4090 834 1342 1505 2667 1351 4380 4126 891 470 2423 4458 2000 3575 609 3573 2126 4881 810 2472 2694 2984 2183 4845 1059 3602 4347 4909 1174 1634 1331 4745 2890 390 1897 667 373 2353 3842 1456 1411 4476 3679 3760 526 2693 612 1649 3491 91 2763 2643 2973 24 2252 3482 3541 1096 4797 2535 1163 4892 2041 2154 1947 1199 3062 4468 1410 2899 3471 477 1001 4677 1153 4643 234 4702 1486 901 3078 2872 4761 1258 2515 486 2335 4407 4665 1335 2720 2562 2119 4154 2806 1192 1974 3855 1580 3836 1437 3383 3998 401 745 1034 626 3435 2769 1788 3582 4807 1187 3262 4328 2837 1023 4764 334 316 2156 4481 433 91 3656 1156 4885 4680 3154 3609 4568 1793 4881 3902 4433 146 757 3243 1201 1407 4042 2076 1325 4090 1115 2345 1972 177 2013 3193 579 2530 339 559 1979 4220 1375 495 1067 2448 1455 4419 4943 4984 3615 2424 3954 4338 335 2866 720 2593 198 3715 2545
3371 1575 2282 3645 166 1688 1387 114 4917 4714 1920 1577 90 3486 2708 442 3517 1898 4810 725 4447 2776 4096 328 3790 4528 3953 3807 3050 1351 3409 4852 2041 2335 736 1891 4014 4135 3278 4945 2238 2422 2095 3974 4986 2628 3641 2414 919 61 1679 1703 2372 532 498 3784 1234 4114 3292 646 1455 21 957 2437 775 2943 3675 2662 2621 1915 1197 4568 1396 4147 3138 3517 1336 1787 4575 444 1997 2613 604 4484 3950 3664 1774 3800 1548 4299 2118 4207 3244 4698 4381 2195 943 645 1309 118 4382 4782 2955 239 2410 2055 4957 3262 1521 1358 4268 850 658 4098 3704 2359 474 460 997 2528 3605 2933 4569 75 316 1514 1750 3874 3326 2737 2018 4838 2423 4769 2797 4078 749 1200 3185 1771 2258 806 778 905 1228 3987 4963 4118 2171 1714 3378 1153 2557 1982 2905 4494 2446 2911 3563 895 1961 616 2529 3977 926 3766 2351 1787 1897 3816 3015 3057 317 1716 10 734 3497 3789 1964 1986 1021 4469 4802 3534 3945 3758 1746 2734 1990 3374 3908 3091 1606 3256 3501 4618 886 1520 1310 138
3363 1460 1450 4262 3806 3181 398 2005 4797 3018 1570 4395 2396 728 4662 3252 1572 573 2958 1258 4840 2957 2441 4247 4919 3107 2551 3164 901 4380 4852 2826 4794 728 1106 2743 3807 4853 2722 2808 3807 4710 3678 3777 1503 2092 113 2229 2932 22 384 1974 2241 4549 2245 476 1860 1820 4182 226 2492 883 450 2059 3090 1054 2541 273 932 2053 2095 4816 3497 1513 2896 3271 3880 2537 4919 3488 4780 4401 2412 3592 781 3631 444 1002 2276 2547 4680 3137 2548 2990 1877 4472 3001 4710 4899 4335 723 698 4531 4905 486 4387 3323 1749 1871 3107 4044 3777 2793 794 2296 1757 4736 3979 180 2136 2471 3705 4815 4832 3078 365 1036 2610 801 1236 2834 3007 3054 4460 4976 1978 4046 3537 2997 2089 3936 4836 1020 4889 830 144 145 3217 1418 2882 3844 3074 2408 633 3156 2503 4691 4342 4271 4669 235 118 224 3606 4532 4498 1324 777 1531 1096 3101 2141 1504 1524 4436 3962 4552 503 755 4001 3882 642 3847 2287 1581 992 4496 3606 1387 258 4151 4603 1026 1830 3324 3682 1410 3904 3099 2823
3029 2444 1807 2458 4608 1976 3390 1122 1138 2787 2748 1524 3934 2615 4380 1214 2686 1084 3696 2210 2059 4112 4801 4638 3133 4000 2506 4236 887 4126 2041 4794 2190 448 1918 4535 435 4172 3199 635 803 3314 1878 3453 1289 1311 828 3388 2799 3068 1088 1540 3002 1339 4649 2968 4194 1120 2196 2479 4634 2621 20 3625 335 1646 2145 4752 1361 1383 2003 2725 817 2170 2656 2113 3453 4313 964 3560 4063 414 536 3679 593 4164 2240 1040 579 4424 3757 171 4774 1095 3172 1513 61 4761 2645 1394 4252 2609 1636 3403 2707 4178 145 4494 1325 3332 1842 2143 635 4475 3383 4058 2575 4439 3513 1111 4862 3384 2052 4162 267 48 4671 2947 4181 3579 4892 2642 518 14 3885 1825 4503 2721 3430 4584 2569 1751 1543 643 987 3376 3784 2618 2740 4648 548 3467 2738 3445 4601 2164 4122 1120 1878 3898 314 1808 1281 4905 4781 1443 3167 2009 3378 2661 4505 3820 1008 2158 395 2030 94 1374 355 51 2219 3914 4832 1119 3569 4831 1023 654 2088 839 2761 313 3419 1436 764 2343 2614 1278 1426 4517
3315 1239 97 622 996 1049 197 4809 3176 1539 1981 1701 2023 3125 4422 3057 1043 1980 602 682 1270 3173 4527 431 1968 3183 3615 4115 4523 891 2335 728 448 3127 1856 631 2506 749 2746 1514 2629 4260 599 685 4081 3744 2509 3402 3655 2942 2283 518 323 2264 1391 1742 394 453 3646 1584 627 1291 3551 2664 2982 2532 2141 2705 3198 317 881 1455 319 2533 2413 2404 4960 2224 336 4878 46 3162 2124 3439 4798 984 1703 2284 1028 56 4094 4842 3619 4272 3774 1350 1772 4325 4998 4683 4750 2138 4283 2758 4781 944 4098 2390 1918 2445 2919 4371 612 2104 2977 221 3978 4398 2449 3416 4057 1112 4637 2080 2841 4685 4551 4802 1727 1785 1175 1209 31 4771 2686 4479 3980 925 1401 80 2904 62 2256 3118 3679 2311 4617 1451 4863 1450 3559 1431 4059 2221 2272 3401 1335 2816 442 2626 2693 2695 1024 4901 2719 1337 2713 4755 2727 3261 2060 2957 3718 4337 4260 3885 1006 4881 1281 1254 2073 3335 3220 147 4171 1732 4462 2189 4792 412 639 108 12 525 902 3342 1596 1082 4174 3788
4787 3245 4563 4668 4051 2203 2446 2222 1542 4770 3894 544 3460 3613 3359 2085 4375 413 1309 2627 1181 1785 2794 2912 3726 1689 160 257 2320 470 736 1106 1918 1856 1563 1015 3925 2330 3040 1898 3520 853 1664 2572 359 1735 993 3501 510 596 4805 1835 1783 4732 3827 4897 509 3701 3558 885 2014 2621 369 1767 2405 2863 3980 2040 2871 2390 4877 3617 2888 2135 4667 15 1736 4747 3958 941 4939 1848 3879 3949 2346 3588 1855 4772 1356 4923 4060 3310 4070 2129 322 457 3160 4481 774 3446 1381 1530 1806 982 442 4466 356 436 2888 4701 3214 3115 81 1128 3581 1678 4661 1771 2743 15 2018 3222 2347 4419 3681 2754 4832 4925 2528 302 2611 2956 3436 4527 714 2814 753 1231 2310 884 4401 1228 2398 4822 1129 4191 1288 105 3798 637 819 1292 4471 409 737 2062 2576 4761 3820 2227 2015 439 233 3106 2522 3936 3684 165 2563 1345 951 1223 1836 4410 4967 4557 1237 4736 4052 197 374 2838 471 3807 4211 1475 883 1275 1910 940 643 4388 780 2949 3535 840 3211 3487 2392 1549
1803 854 4118 4851 2284 2664 480 3899 951 1065 491 1224 3797 3631 2638 2601 3737 1130 1122 3418 98 4334 1253 726 2176 2473 1905 2300 4522 2423 1891 2743 4535 631 1015 4899 3090 2844 3815 4556 411 546 530 3321 3536 4474 4468 4035 664 4142 2209 3317 2017 3100 1648 964 1321 4833 2913 4607 873 587 1234 3186 2746 3369 1570 1369 2893 4381 1620 4152 906 3477 4598 3381 1736 4208 4740 4716 3941 295 3037 1605 1774 2423 836 203 231 610 1621 4447 2644 477 3756 1908 2916 1718 4735 2000 1287 2315 1776 2483 828 3348 56 1857 4293 2492 655 463 3689 1316 782 249 862 3943 4590 314 3757 1179 2825 2207 4269 1074 2755 1118 3651 4593 2347 2982 4047 4385 2633 4116 540 2908 3613 2953 191 4237 4174 3018 3715 2781 145 652 4035 966 156 4193 4738 1531 2534 883 4590 669 1309 3371 1530 2615 3678 1181 1739 1472 1894 1123 2208 3987 513 494 4371 4991 779 3980 3310 2385 723 2121 1815 4902 2265 2082 4632 1993 4322 1115 2675 825 2306 1598 4098 1934 2434 2504 2935 311 3367 4150
4347 788 4930 939 2253 2189 1232 1232 3155 353 1681 3372 3753 3740 1855 3197 1567 4916 616 3886 1551 3173 1375 1390 1892 2008 4954 3116 3911 4458 4014 3807 435 2506 3925 3090 2925 3244 1069 1303 1684 2010 4678 2119 4490 155 211 4106 1195 2759 4564 1062 327 1696 170 4564 4350 1430 4918 3877 1052 2693 238 4567 2343 4690 3749 4453 2377 4966 1166 3283 1222 1873 1283 660 2552 2378 2908 4302 2253 3561 4848 2624 274 4186 337 2320 2178 3739 2311 369 2280 16 2837 1220 972 2418 1115 2916 887 72 3590 3346 3536 2671 2662 1362 1708 2227 3016 426 4286 2396 533 2750 526 1383 717 1533 2311 1608 2390 376 2943 344 1524 4216 4902 3222 1262 2561 4298 1728 36 3460 285 4245 496 2720 1612 4836 4067 1230 4043 3734 429 3842 1851 3105 4596 3266 3040 381 2102 2327 4793 322 1355 4361 473 1790 1056 2299 4755 3593 4856 1558 4642 1144 2829 706 169 1715 2288 3011 1682 3622 3713 3692 1639 2686 2801 1838 2897 717 1497 4861 3076 1087 2660 4534 3949 4719 4120 4367 4671 684 1260 2210
2632 4457 2773 1104 1996 2453 3174 1631 3949 1840 2585 1530 3506 3214 3215 4310 4340 44 3336 1971 1661 601 2468 3251 3596 2337 4925 4309 4231 2000 4135 4853 4172 749 2330 2844 3244 267 1999 1490 863 1389 3755 1081 2340 4050 3276 1630 2082 730 2860 4443 3048 3120 2624 401 1422 1116 1207 4892 4703 312 3681 2390 1258 1445 4591 3909 4352 2190 2915 1551 2919 2864 1077 3270 3395 2705 1392 323 1873 3770 1286 3941 2862 1434 3200 4711 3210 4541 4997 1261 4437 576 514 1782 120 1563 1562 2924 565 3496 3176 2544 2118 29 2518 3017 4171 1626 4657 448 3389 2812 755 3747 4857 2154 1102 4865 4418 1723 2780 3314 3026 4207 654 2396 882 2774 4096 4182 2265 3687 854 2845 1586 870 3589 2617 1652 4545 1405 4557 3804 3638 2025 2924 543 2482 953 1797 4480 3030 2848 3362 4226 1350 2918 698 2132 2157 4826 2681 509 3521 443 1121 3853 4986 2318 227 1410 3379 214 4062 2172 2598 4475 1329 4886 490 3036 1290 3872 1117 1329 2732 2832 3243 2736 3695 3203 3192 4098 4095 435 351 4678 1437
2865 2688 4386 4180 210 1437 742 4394 2697 1818 4542 3796 2711 1040 2772 2366 2875 2370 2287 1989 2455 1898 1302 666 2758 1940 4322 3876 1923 3575 3278 2722 3199 2746 3040 3815 1069 1999 4836 880 4119 825 4192 4715 1200 869 2426 441 2356 391 88 2069 815 2886 3431 3038 4153 4197 2849 3950 2745 2255 2142 4974 432 4224 3278 3249 681 1590 3749 4757 4512 3772 4602 4755 927 2914 1584 4999 4333 4409 2971 2182 3773 2137 4647 587 3044 564 4730 4848 2959 2833 4026 3664 3645 4697 3343 1559 2660 4294 2751 914 3434 212 943 1139 1345 4493 1033 3059 2762 4062 4072 3874 3817 1949 3431 3151 4779 976 1019 3709 1018 1561 3072 4939 2968 1131 3370 1283 697 3318 1617 864 3974 3767 396 2569 2701 3237 4347 1333 4523 2708 4639 174 2308 4286 760 810 662 4050 728 4189 4147 3794 1660 4014 3892 2351 1116 1776 1879 2679 2160 3598 1363 629 3606 2908 217 3948 2023 1936 2017 2982 4319 4169 4450 4383 4313 2848 4602 3248 2881 4823 4271 3104 166 478 2987 1633 2954 1205 4746 2453 53 943
3588 1979 685 1594 267 1960 4876 4273 3530 3979 893 630 4983 4277 4993 1745 1490 3335 20 2413 904 2591 2064 3187 2028 298 2548 808 1236 609 4945 2808 635 1514 1898 4556 1303 1490 880 3521 4934 2808 2813 1664 1269 1930 4875 1974 602 2954 3992 4135 1667 2525 1072 3903 4451 733 560 687 4769 465 4257 4713 628 4372 788 3846 4476 106 498 1746 2288 4588 3387 3542 2975 1821 4555 1774 1004 4145 3928 863 3873 4399 181 1402 856 4212 2482 1330 1843 4390 4681 119 1949 745 3360 1329 2006 4213 1704 68 4698 3328 3393 262 3795 1818 4736 3651 661 1460 4270 229 1264 661 4484 638 1205 1523 4722 3698 4700 1749 2112 4225 2529 3264 47 119 4391 325 294 1143 4873 3599 4566 2514 2938 3595 1058 2745 1684 4461 276 4893 1614 1060 4353 1261 3877 4495 1834 4598 3604 2641 4302 3258 4244 1383 428 3385 1291 1674 238 4494 2877 604 3233 2150 2539 3577 2046 3724 2875 4239 3765 1088 1565 2964 4166 3175 2549 4811 4424 1017 1508 4452 3445 3307 4268 3418 615 2024 3324 3151 1437 3632
