N: 200
M: 10
Symmetric: true
Triangle: false
22 21 147 129 47 137 76 62 28 20 25 104 86 184 141 69 7 132 64 85 185 107 18
18 163 10 157 57 131 29 30 105 14 174 60 91 4 144 164 135 8 134
16 42 37 95 179 100 160 96 24 127 133 169 6 40 195 115 175
22 97 77 177 117 111 99 155 27 193 191 183 108 116 192 101 120 122 5 84 75 22 118
18 154 200 70 171 188 73 83 123 186 161 128 93 2 54 114 38 78 198
23 172 187 143 79 44 170 178 125 102 165 109 33 53 138 98 110 142 51 16 194 189 173 190
21 48 167 23 136 65 81 151 156 153 71 32 140 176 50 168 52 74 11 139 146 49
23 39 61 150 1 15 3 55 45 182 34 72 59 149 88 90 12 31 35 13 121 41 26 66
17 103 80 113 124 19 46 63 94 145 162 196 67 199 92 56 112 197
20 180 166 148 9 126 130 159 82 106 119 17 43 58 87 152 181 158 68 36 89
603 4741 3389 2901 1275 925 3379 3350 2471 827 1143 1236 4829 1357 1005 766 3474 3700 4583 1432 1282 4819 4282 2471 4727 11 3967 4412 338 4165 3914 3295 1474 4159 2501 4739 2046 3838 3872 2911 2745 1295 3794 1443 2151 4343 4615 3260 3571 2181 3240 3691 1369 4702 1557 3026 1104 1246 1878 1752 650 4241 3772 421 4519 3405 2661 3975 3919 2517 1274 3873 2599 4668 3313 2530 2284 2482 1560 2261 581 577 2453 3349 2322 58 4502 696 1803 4188 2881 2357 14 4666 1057 1538 2112 4551 2917 1209 1353 383 1870 3262 3307 1908 2878 2091 793 3798 2651 2207 4346 3680 1287 3618 1329 1944 1492 1964 4487 1983 2168 2095 1737 3628 1039 3762 4817 3613 1499 4793 2961 3539 3899 3760 4467 1143 1152 3496 4252 2258 2374 255 2835 3531 565 3695 22 3257 562 4925 177 4716 4839 1543 1101 3525 3339 907 440 3864 3568 2069 4574 1334 4433 1568 1437 3022 2473 3812 3709 1989 3158 454 1869 1271 2787 1647 1751 1291 3899 4309 2068 1255 4433 3266 4566 4837 4107 4699 4503 3124 4002 2790 997 1707 376 3086
4741 1050 2834 1628 1546 864 2451 3715 3641 465 168 2219 2240 2293 690 3067 3294 3734 4779 813 840 3573 2017 3140 3311 4111 4693 3246 4957 4532 1879 2962 506 4568 3316 1965 4166 801 3710 4566 1764 3624 2399 620 1989 3634 3399 222 1774 1871 317 3287 4695 2759 2106 715 4049 4009 830 1349 2926 2248 201 1767 2658 2004 2298 557 852 639 3307 3828 2765 2808 264 3576 3317 139 2122 2286 1793 3352 4956 3968 4429 2228 2866 1317 357 1934 3769 557 208 2569 2105 312 4035 1222 3618 3744 389 3722 1133 658 3337 2282 910 1277 2977 1214 1474 2768 15 3844 1051 28 3811 2264 4041 4276 428 1840 4955 2413 4709 4288 2874 2655 2994 3539 2970 2209 4728 3283 3260 2676 2237 1621 3348 1454 3631 3236 4980 241 1344 149 3007 1221 1301 2333 1006 2619 1415 382 3599 3094 3458 4806 2333 2842 4799 2187 14 3289 3186 2919 538 2226 1059 3535 3442 2977 4013 4755 4655 111 4686 3843 479 1001 3677 426 4501 3678 2032 4855 4731 678 627 667 1445 887 2761 627 3033 3256 1622 1184 4029 825
3389 2834 480 2308 446 3544 1283 2621 1779 4845 4705 3407 696 3503 710 3312 1348 3275 434 4539 3114 1518 2253 4522 2199 4415 2925 3540 3631 2068 821 971 4117 3335 4007 4546 4612 1881 1676 4204 1125 343 1472 2714 2201 2130 4900 197 2334 4106 4804 795 2872 3022 2664 3339 3435 1805 2552 3847 3411 2419 4802 1506 2894 1278 442 4012 201 4917 4534 136 4737 979 498 3573 1028 1308 1402 1933 2724 4319 2397 4637 4096 1937 1908 4706 4729 2352 4173 393 2764 172 2133 2565 2980 2536 3403 810 3088 3098 1107 2069 4375 2387 2655 1494 2758 4040 329 3789 2273 1378 3707 3595 4123 1338 4262 1038 4985 1193 4270 3965 2462 2173 378 3310 2210 759 1605 2650 3199 651 3870 2285 1440 3259 3110 3872 2359 877 1799 2479 173 111 3309 965 2055 3312 1347 4734 4286 2312 3592 2182 2905 938 929 4354 4838 1307 813 3496 296 2387 1640 26 183 2628 2956 4082 22 1281 1817 57 3996 1225 3593 1263 3055 3840 1142 4500 4577 2560 244 700 3270 2223 1241 1111 1147 196 199 3212 4064 3177 2023 2494
2901 1628 2308 3061 1378 255 4421 517 2403 830 1284 554 4052 2838 914 1262 1935 1912 4932 2950 1261 2143 972 3770 3263 1399 1408 4180 3618 991 4601 2901 920 2573 949 397 69 943 3281 889 2944 1657 1170 1599 1175 4573 281 574 799 956 1490 1849 3530 2995 1225 4271 3810 3974 3887 4048 3168 4329 2293 4291 1260 4225 945 3938 854 3751 1610 798 3421 4530 2059 388 3358 2592 728 830 1904 2721 4828 2406 4154 4922 591 3208 1380 2151 1620 653 1920 1430 4351 2032 3321 2179 273 1954 2645 4047 3587 2955 924 2012 3242 1738 2805 1796 4946 4462 4115 2295 4162 4628 4807 1047 4587 1471 3657 2641 3172 4296 4756 525 186 3629 350 2685 2096 1759 3212 2226 1117 3136 2085 1306 1225 4672 2338 2814 1946 439 1872 270 2955 1685 245 123 3198 863 145 531 656 112 1358 12 1663 1497 2013 3538 3804 1474 862 570 1540 3755 3118 227 1423 3471 465 275 2531 1652 2030 4853 4522 3385 3246 1820 2707 1266 3641 1250 705 4672 2322 1869 754 419 2815 2720 4705 3673 3140 3182 3136 373
1275 1546 446 1378 3753 1424 1155 622 2807 1028 1239 2370 291 1946 1070 3846 1298 225 3900 1776 1130 4032 3509 2065 2650 3605 3285 2937 556 3435 2455 1505 1279 1388 2024 1486 4148 4526 387 1385 2926 4242 3415 2297 95 2129 3088 3552 768 719 1642 2728 4021 3557 3871 440 1449 3178 1813 2193 1464 4925 4201 1794 2478 832 1695 2601 869 4790 1249 4965 771 4961 4860 3420 1181 255 349 1599 2484 2168 4752 4818 237 534 1920 4317 4304 2106 4599 823 2358 321 4521 1855 4203 2005 3133 2484 3262 773 1203 1040 2574 2960 936 87 1814 3084 619 3288 253 4740 1699 2472 2779 897 2326 2933 863 1287 1230 3357 1436 4115 3251 3945 4718 422 1114 2722 2189 940 1465 2045 3059 1306 2141 1049 1993 3199 1850 3017 2614 1630 2234 4814 2829 3399 189 2791 1223 871 228 59 4427 1074 4476 2995 4276 404 67 1222 3628 516 94 187 1132 1416 2611 3021 184 4617 3176 3730 2466 4116 2051 3240 3056 1940 4027 20 4838 302 2175 3208 912 2256 4815 4482 2752 1627 4582 3180 4057 451 3877 1379
925 864 3544 255 1424 2361 1350 1104 4348 1190 4754 3996 2506 2269 3755 2009 2145 240 1587 2494 2555 1996 2336 121 4971 4069 2477 3905 316 4126 3125 3572 154 1113 3708 39 4460 3089 336 788 1761 2932 964 3823 4770 264 4686 2035 1330 2229 3124 3071 3846 2998 1076 4696 2288 2923 3593 2647 4835 4141 3232 3173 687 3841 3767 4128 3805 1237 3294 1208 243 2407 2730 2597 4062 320 738 1413 2694 4196 569 16 1004 2301 4147 2145 697 4298 3079 972 4271 3376 854 4741 1741 793 2265 4635 1692 4529 4800 4236 2270 1098 1573 1241 1791 2637 3708 1110 4765 3095 2247 1464 4587 1177 2818 1396 4421 3571 3814 2096 1800 1106 406 2536 4205 3358 1556 2159 3293 3503 1558 41 2686 254 58 55 911 2927 3345 2892 3857 4151 1817 2588 1519 178 3262 3932 1286 2411 4751 4150 4080 1411 4160 3054 3710 1660 1713 4616 1160 375 3806 3405 283 1036 4008 877 2185 3287 3092 2317 4925 1659 3967 2818 2211 2095 196 4046 1923 4274 4607 302 3462 1533 2062 4959 1383 3767 690 4239 1433 2439 1375 605
3379 2451 1283 4421 1155 1350 3148 1173 316 971 2369 567 3957 3245 3081 1027 2238 4560 4241 3563 1492 609 4081 2159 2624 4945 3123 440 3002 3226 3720 845 3249 1311 1011 3387 652 1565 1611 2144 1677 1912 2342 778 4964 778 3618 4820 2003 1779 4931 3054 2873 1343 2995 1109 71 860 354 1150 2875 1505 3915 3475 2447 598 4492 4534 2606 620 4626 4609 4433 4213 1263 321 1600 1922 4374 1589 3755 2530 2100 4724 2786 1348 706 849 1951 2500 3711 568 3613 274 2219 3201 1878 2610 55 1574 4950 1012 2861 678 1239 3396 4538 862 754 4026 3591 4482 3189 4875 3062 540 1422 50 4651 2011 3140 529 3678 4915 4561 1588 2118 579 2231 3866 3352 3847 321 86 2927 2458 3889 4470 4765 1098 4106 3944 2028 1536 4216 1853 437 659 1899 441 4562 2705 3357 604 2446 2830 854 2430 189 551 672 4659 3192 1628 2900 74 808 1610 3631 638 4551 3338 1571 4905 4364 4828 1667 3370 3150 2536 4730 1353 2295 3669 459 2451 2650 1363 29 4873 1030 2830 2058 2465 1049 1107 3484 3232 4496 2717
3350 3715 2621 517 622 1104 1173 1950 1233 3806 2636 826 3968 596 4483 768 4071 106 2680 1337 4886 1257 720 1385 2792 1601 1261 1292 4413 1531 2636 4792 2239 3149 3093 678 923 1110 1823 157 4203 3861 4804 341 2484 222 4898 958 1690 1562 2251 2754 4347 1430 4369 3815 2996 3293 329 3625 1822 385 446 2956 2024 4650 3924 2005 2630 3985 2389 1130 4634 487 2533 4689 4605 1643 3223 3917 2379 4717 2675 97 3039 4985 2586 3856 4904 297 881 816 404 2844 3327 2855 196 307 4811 1523 1757 2204 2460 1614 2074 235 1631 1520 1359 3961 2610 815 4728 28 3236 3772 20 176 3494 2516 2480 2419 599 2240 4480 945 3335 1983 4878 837 2113 1007 284 3790 1170 4428 1143 665 3858 920 4295 3975 4120 1300 1879 1087 607 2060 4603 3120 3107 2245 3394 2009 2010 2863 4658 2754 364 3817 4491 1309 3579 333 1480 2430 3016 4102 2590 1617 827 3379 3680 4320 3507 4090 2330 1441 1603 2016 1017 545 680 4081 1064 1555 81 4108 1961 2890 1085 87 2193 2585 4604 2982 1028 2832 2999 4001
2471 3641 1779 2403 2807 4348 316 1233 1407 2221 4712 1870 2486 2186 1120 1661 3451 3721 334 4447 4770 251 4794 2295 3171 226 2390 4759 946 4845 1728 4197 983 220 4121 3957 1662 405 2646 1853 1449 268 3681 2687 1820 543 3533 2664 820 3837 4618 1015 4096 3854 699 2879 4775 4810 3480 2787 3421 2009 3745 3809 435 4584 3007 2119 1523 1246 1750 4436 1158 1574 2476 2675 2781 3721 3237 4863 1323 3585 2453 1408 3990 4676 2640 4901 4077 1197 1592 1738 1368 2000 2663 1886 1475 2602 2547 2872 3614 343 3411 1708 3976 571 1919 3137 455 4987 2580 2185 1812 2299 1386 574 1265 2424 1257 1421 1733 1552 1723 4767 1214 4925 3474 261 2630 292 1556 704 1723 3774 1723 4974 3420 4554 3139 3100 601 546 1842 4552 2779 3158 3195 220 3733 1007 2173 3864 1848 1332 1144 4841 2414 4726 43 4629 1709 3656 4741 4026 838 1962 3037 4616 1193 1383 4586 718 3728 3701 442 3958 3551 3765 582 3742 3710 1610 4761 3464 1084 1138 3081 406 133 4672 4071 1235 3402 4360 242 3758 195 3259 615 1472
827 465 4845 830 1028 1190 971 3806 2221 4981 1690 2228 1392 1840 2559 1466 2950 3602 3592 873 769 3094 4977 3190 1480 2149 4348 1882 2140 156 3099 2760 1819 3409 425 140 1226 4913 4567 4765 3945 267 3496 3987 2446 270 3492 2600 4021 609 3572 760 4631 3018 4277 3063 2875 4266 357 536 4315 4810 4017 3506 438 4316 692 2606 315 3307 1753 3968 929 798 383 4595 1868 1709 476 2112 3557 3982 4716 1408 4700 4699 1884 427 196 1838 4534 4824 2665 810 142 2979 38 1072 3689 2624 120 3391 1268 3817 2637 3786 312 3370 2756 2279 4221 1223 3331 2233 4366 4920 2952 171 2958 4681 383 3728 2144 2772 532 1627 1256 228 2486 4958 2679 2612 1729 1248 4626 491 273 23 564 417 2373 780 4279 4055 2880 1586 478 224 3539 1855 2513 2059 3740 2372 1506 1761 1696 127 1267 4849 1295 1823 4446 62 3722 655 3993 641 1286 4510 1400 3902 4269 1440 834 2429 693 3677 461 3594 4846 2504 4561 3023 4339 2270 3986 993 2286 1632 1285 1348 4043 2145 359 544 1090 4018 4093 2888
1143 168 4705 1284 1239 4754 2369 2636 4712 1690 3234 1029 4406 4339 638 39 4353 2487 1329 1447 971 2382 2360 1524 700 2997 197 2649 628 293 4281 212 2333 2907 2363 4076 1099 3645 2501 2058 4186 1438 2831 3690 1665 2707 1401 4649 1851 676 1290 4546 2164 1459 3833 3035 3127 1861 259 2512 1486 1895 3365 1850 3031 2381 2121 4605 3148 2160 3968 456 1748 2576 4178 839 1132 4286 4211 2953 1857 1312 769 4676 4870 4476 1898 4474 1106 4701 1681 3433 810 3511 1511 4810 4197 2000 139 313 3568 3617 2721 3113 950 3426 2918 4515 1771 1705 2511 2844 2614 2424 1126 4021 1830 3637 54 1335 2814 3531 4910 2631 4899 1744 1014 2096 2970 3756 1970 4506 2258 1394 4102 247 948 1099 4364 4043 3408 1993 963 4513 2201 4550 4038 3743 2659 4989 3180 3851 944 1020 4336 3544 4635 915 3937 2787 4754 752 429 3831 2185 2265 74 2581 4914 4773 726 4099 4939 3839 566 308 4342 752 186 4390 4424 3828 672 3926 2941 3065 3366 4235 2771 3482 2567 3480 13 3061 4860 3983 709 3444 638 2171
1236 2219 3407 554 2370 3996 567 826 1870 2228 1029 919 1255 1096 1873 2462 304 2626 3034 155 15 3380 3684 4755 1053 254 3326 91 1296 2876 830 3622 4367 3781 876 2955 2527 4432 4405 4099 4068 3615 2273 3680 333 520 239 1706 1401 4783 3051 3190 3140 1998 3541 3292 4142 3523 4201 3403 4106 4007 4691 3024 4916 3623 3052 2005 4226 2280 2702 2252 475 1583 3438 2985 4073 3726 1024 1513 4578 3062 1167 3587 44 4181 3839 2676 2435 2263 3957 774 4618 3352 1130 3577 3922 2984 2064 3021 3603 1720 4685 2398 3376 1125 1019 4820 1229 2587 2355 3501 785 4201 4321 4246 1631 2121 3550 3509 3697 290 1351 2671 4152 169 3701 3314 4079 2172 2027 3603 750 4069 4772 271 4656 1943 4534 2822 3144 2455 3854 3026 4306 184 1708 2429 50 3684 1360 719 2998 308 3745 1972 1995 4527 1411 2702 705 4998 4727 3794 3114 940 2175 3264 1409 1798 707 3201 166 2876 3406 3937 1250 1983 578 3364 2078 1157 1970 3697 3532 4506 3530 2443 270 1039 4331 1465 4757 3972 4250 731 993 1215 3994 2222
4829 2240 696 4052 291 2506 3957 3968 2486 1392 4406 1255 1416 2471 2637 1617 3380 1602 744 4552 4440 2663 3159 2149 3379 1743 4438 2370 1968 2397 570 3111 4172 2670 3218 2167 359 1017 1002 2434 1239 3175 4099 895 1589 1805 2616 2466 256 2655 3150 930 691 1185 2759 1590 642 1874 4093 258 1629 4237 1922 1871 521 2514 3963 4798 3264 160 3575 4833 28 3473 1136 2308 2156 943 2268 1121 516 2016 3108 236 2681 835 248 3749 926 3124 709 198 371 3179 3253 1099 3086 3451 500 1588 3935 1987 2869 4978 3576 4713 2544 3806 4804 512 3803 96 1212 3073 3658 1833 1500 3510 2790 1742 4642 1605 213 2704 2979 3652 1778 4859 453 2273 2181 3902 2819 2501 4511 2763 3069 1033 3779 2307 4842 2211 829 2467 3960 1388 3794 116 545 2998 3900 198 1453 1403 4573 4167 3448 4470 731 1867 4099 4984 2300 4220 2212 2024 497 865 665 3284 4206 1340 1255 4688 781 1220 2096 4673 3776 2303 4697 1311 1159 3305 2850 276 940 3938 37 1606 205 2914 2997 106 4123 3775 585 4402 625 1994
1357 2293 3503 2838 1946 2269 3245 596 2186 1840 4339 1096 2471 3500 3609 968 2837 4763 3895 1780 2309 4077 4611 1941 1834 3823 1346 1760 1743 1528 933 1537 3435 3312 1059 1451 4073 4877 4615 2629 1891 2092 4978 4318 4114 2160 969 986 2699 1046 1004 4833 3293 2777 1413 3973 3567 4872 3193 3045 4319 2698 3532 943 4745 1884 1562 3143 2782 140 4140 2825 2775 4392 4033 1596 2730 883 237 479 869 1243 4019 1967 4388 1658 3821 2724 3695 4567 3756 4869 2880 4183 1532 4831 896 3831 681 725 4782 4263 2363 4552 2575 2273 4747 2715 3325 840 1209 288 2387 4159 2162 1669 659 3503 207 3691 2391 2381 1005 3591 1041 4760 2525 1892 2065 1283 2084 1881 2933 4792 2921 4342 2563 4935 3483 192 3015 2934 3275 3557 4294 2513 3892 2704 998 2856 686 4165 3538 4399 161 3974 2047 3601 3164 796 4743 486 2461 3504 3436 409 1362 832 1527 2576 3040 2795 1483 900 4766 254 2891 2922 2218 1980 3470 1478 1137 509 3950 3568 1408 4338 3457 2636 4217 130 75 1484 407 1835 971 2174 3564 4130
1005 690 710 914 1070 3755 3081 4483 1120 2559 638 1873 2637 3609 2206 144 2688 174 3624 154 2421 3202 3466 672 3019 2685 559 3653 1308 1519 3392 2826 4814 2572 387 1079 1186 3199 2216 3579 3695 2753 623 1936 807 1087 4247 78 780 825 956 457 2947 4203 2772 694 642 3658 4097 4380 25 4985 325 1363 1375 1792 2898 2851 2820 3067 1691 1205 315 4675 3105 4018 4623 1179 2149 2956 1176 3717 3375 980 1082 2753 3113 781 3038 3101 2687 316 3759 2603 2104 1389 2402 509 1984 4700 1191 4791 4409 3920 2176 3442 2382 4216 1497 3564 4697 918 4502 3068 4068 74 1875 2192 1755 3089 2426 3396 2517 906 4331 2046 2553 180 15 27 1884 1434 4176 3328 3004 4837 196 132 4714 599 481 3239 4949 3742 340 3965 994 768 4626 3811 4056 2867 3786 1613 3903 3505 3674 2281 2752 1457 3585 3556 4747 2829 1065 4439 154 2969 2980 3876 1950 1753 4789 1778 4094 4293 2624 3058 2182 2915 2387 4330 1738 3428 3509 2934 85 4761 3451 2366 1114 3248 1409 1289 909 3105 3963 3385 2153 3391
766 3067 3312 1262 3846 2009 1027 768 1661 1466 39 2462 1617 968 144 4876 4885 4378 3440 1310 732 1829 1169 1709 1294 127 2076 1291 2346 2062 1688 1018 4120 1692 1463 3775 4459 3103 2220 1778 2282 3720 1340 4297 29 1921 2263 1174 1062 1445 3099 4697 2398 1396 1705 3235 929 1577 1141 2248 2496 1450 3735 1510 4433 4259 2671 2601 2576 31 4436 4495 968 3355 3227 3513 4280 4921 1044 1019 2013 2774 4836 2981 1918 2310 4993 846 3038 2644 3956 501 332 461 2538 3342 3297 72 3223 4402 1194 3409 4878 1852 2558 3702 1379 3156 1991 2395 4305 3694 3035 4272 3337 2508 4715 2297 4523 4830 2527 3153 3811 1466 4284 3599 4635 3330 337 554 3623 3017 2923 4439 3788 4360 271 3043 2773 197 1219 4934 3152 3819 1696 3890 418 1007 563 264 504 259 4237 2107 2879 272 754 172 4017 3628 133 3446 150 628 113 3025 1453 771 1676 3382 1774 3028 3173 4272 4419 4772 828 2238 4170 3880 4513 607 785 3732 1060 3418 4793 577 4863 1600 1113 199 3231 3492 3983 2201 3088 836 2086 4346
3474 3294 1348 1935 1298 2145 2238 4071 3451 2950 4353 304 3380 2837 2688 4885 4022 4496 4009 4684 4611 2149 4853 4271 709 872 3340 3603 2876 625 132 1294 1115 1965 4717 4835 3656 1248 2313 3913 4158 4746 2388 3968 2680 1453 1552 2446 2262 408 4680 2000 2901 1792 2870 3545 4505 1244 4484 852 1508 3408 4239 709 704 1479 1858 4893 3756 3732 428 3092 4866 4750 4050 4337 4761 495 2581 563 409 2827 4988 1472 2732 1829 3852 2284 543 3448 2378 4065 3752 368 2240 1297 4320 3104 269 4156 4140 1526 2162 1590 4356 3262 3434 1464 2682 134 341 3685 1836 4040 2315 230 4612 3949 11 111 420 3768 2567 398 1137 4484 4934 3272 1770 2254 2743 3397 2653 3081 4682 2961 922 1095 3533 120 4589 2397 411 42 4302 2279 4176 3190 2080 3162 2574 1112 3900 3638 4572 205 4225 4684 2673 2672 863 2983 4115 1734 4835 2784 3047 1724 1113 4003 384 2667 3433 2160 383 1802 1853 949 1859 2412 4350 274 1701 3822 1478 2933 2610 3945 2791 503 643 30 555 4673 4197 1427 4761 2216 4166 3507
3700 3734 3275 1912 225 240 4560 106 3721 3602 2487 2626 1602 4763 174 4378 4496 79 1128 2509 1368 2805 572 3826 1233 3908 2185 1488 326 1476 1877 1327 4100 3031 3787 561 821 82 925 4041 388 4469 1708 2528 4735 1544 1714 2971 3690 3137 4601 123 4708 1318 918 2363 373 1662 1127 1549 3803 4417 2595 20 896 1980 961 3602 4934 2049 3593 1463 4645 3861 2031 3378 2057 2085 2603 3373 3691 4744 309 626 1576 43 1408 4237 960 577 222 1590 911 111 4578 4969 1919 155 1509 3859 884 607 3445 3414 256 4547 1699 881 1311 4988 2234 793 1461 696 3909 1769 2862 2351 3351 1027 3775 2222 3274 1354 3555 2591 4584 3395 2250 4854 3899 680 4228 2851 1420 4020 2179 3330 4334 3823 3966 296 1706 4156 477 4352 1858 64 1536 4889 1880 516 4698 622 4634 35 1786 2552 553 3500 1309 2622 2399 1797 4027 921 371 4962 568 162 2227 2224 449 1074 3391 2179 1104 4432 2138 1804 1679 608 2709 3675 3120 2370 4991 4572 3521 4847 4907 2104 2105 4561 3763 3253 3657 1855 3580 1019
4583 4779 434 4932 3900 1587 4241 2680 334 3592 1329 3034 744 3895 3624 3440 4009 1128 4871 4272 2990 4962 2219 4167 4955 230 4221 3779 3233 301 4396 661 4678 553 3511 1071 2258 1990 1768 2382 1324 1610 1233 3809 1433 1831 4212 1314 3803 3341 4149 4656 1176 4476 4967 2889 1261 951 2897 4754 919 3038 1377 2838 18 4700 3508 1530 2179 3705 480 3333 3898 2284 3118 1426 2810 2571 3890 4731 4830 1686 1130 4608 2455 2385 721 1129 283 3664 134 3570 2066 4682 214 984 1483 3220 771 4144 271 2867 3693 4700 2675 1808 1285 435 3968 1393 1857 4228 3271 3751 2685 1757 4549 4399 787 408 496 714 1468 2800 2078 502 1050 944 2438 2547 681 4102 4399 2953 3059 3430 2776 275 3076 2920 4110 510 3528 1942 4248 978 990 2330 1508 1333 1573 4926 1803 1280 4851 1930 2374 4941 4321 1832 2470 2872 1144 2610 1857 2772 4984 2616 2303 4786 358 4975 2057 3415 1630 110 2577 4680 3066 1658 65 2119 4520 53 2437 614 1674 2275 224 4633 1079 1973 2922 699 3420 2423 271 1989 1264 1157
1432 813 4539 2950 1776 2494 3563 1337 4447 873 1447 155 4552 1780 154 1310 4684 2509 4272 3455 2651 2346 107 2822 1863 3844 1341 4857 992 1225 1737 4295 4135 1995 4068 623 1379 725 2937 4733 4236 4846 4454 3127 1875 3387 4410 157 1264 2625 3525 4618 1890 2455 379 3562 708 1396 1191 1101 936 4966 3558 4219 1551 3946 1275 2325 3373 1901 1657 2654 3243 3010 841 2187 3145 2921 2944 4153 1118 1167 1011 2545 1550 3023 2668 1057 2273 4917 3249 3352 3617 2777 212 2973 4319 3253 3358 4580 2092 2219 4989 3989 2713 1333 4170 2335 1246 1218 288 4635 809 1481 4511 1419 46 2143 468 1546 2791 990 4001 1237 859 185 4929 3531 4433 1807 4819 1326 967 1387 1235 2284 3469 1883 1773 4328 4372 2289 184 4556 4906 295 2568 1665 1123 1267 1839 624 3323 4325 833 2047 2664 3888 1525 4726 3500 4265 1113 4997 2967 915 3708 3559 828 3923 4443 1762 1306 3374 3625 4392 2240 1214 3068 4084 1084 2549 295 4358 2167 4695 4615 1973 3106 3220 3683 3406 3679 4513 3263 3494 4237 4729 4864 3827
1282 840 3114 1261 1130 2555 1492 4886 4770 769 971 15 4440 2309 2421 732 4611 1368 2990 2651 2443 3163 2054 4693 2950 4922 3384 1137 1739 1541 4735 1928 1106 1064 3391 1315 2433 4773 2114 4581 4967 1505 288 3428 3346 3170 4457 764 1737 4576 2381 40 4685 2334 2071 197 2087 981 4639 3433 574 1769 3514 3269 4985 1257 2642 2817 1145 2067 1604 796 2350 1767 2837 4783 1430 789 3597 4951 2216 609 1568 3855 4416 718 3676 4949 2604 537 3714 4913 2052 705 4880 585 4637 3811 3552 557 2171 599 3677 2975 2936 273 1386 3375 2096 986 3596 1690 1748 423 2793 4593 4969 3547 3428 2658 1957 2632 781 2671 698 1367 4409 3144 1449 4461 3178 1740 514 1204 927 799 2353 4660 1449 848 3873 603 4590 3244 3995 994 2991 1405 1787 1423 3528 2476 244 1528 4420 2554 4642 1712 2034 4252 4490 39 2709 4787 3656 3250 4491 1158 4730 4093 938 3443 4549 653 296 636 1878 3147 927 404 745 4090 1111 2055 1658 4883 860 1687 2714 563 1358 1491 3642 464 3940 3434 149 470 207 2436
4819 3573 1518 2143 4032 1996 609 1257 251 3094 2382 3380 2663 4077 3202 1829 2149 2805 4962 2346 3163 3463 3818 1543 3659 303 363 624 4125 732 4119 2471 1554 2994 4507 3874 4458 1565 2018 3953 2298 2917 3628 2019 167 3204 3176 3187 1591 3095 2157 2911 2266 4529 2549 3733 4794 3393 2601 2990 4320 2502 4221 2162 1794 1957 4286 2723 2392 4180 398 3491 1663 2322 548 3316 3599 4979 3162 2220 2829 2653 3324 3677 4305 1628 1124 1686 2844 4328 4112 271 4245 1560 2362 3398 4721 4942 935 420 916 3801 2498 3074 1139 1129 3886 2820 896 3758 2675 3146 4736 263 612 2698 2502 4764 921 2318 1201 4215 474 1283 3523 529 783 2734 4054 2730 4477 4840 931 4725 604 1138 1937 638 3563 2322 577 2167 818 2813 73 3872 3428 1540 1066 1113 2974 770 3370 387 2565 3852 4320 597 3419 2938 387 233 3185 3774 4078 4899 4638 303 443 3497 4501 3943 2002 1245 1926 2679 4734 4172 1154 232 2216 1796 3739 4438 4444 3558 1884 4447 260 1891 1159 3482 298 4919 280 1722 4264 665 3686 3088
4282 2017 2253 972 3509 2336 4081 720 4794 4977 2360 3684 3159 4611 3466 1169 4853 572 2219 107 2054 3818 4483 3969 3527 3970 2047 2917 2397 2625 1069 4373 710 4001 3796 71 2031 3325 4627 1557 4805 3063 1866 3287 4686 4186 2197 1588 55 3880 1115 880 2045 2505 242 2593 4607 671 763 2541 148 2784 281 4257 1799 4632 942 1771 2415 4444 2709 1909 3247 3649 3361 949 3172 2265 3006 1614 4980 4199 409 1722 4852 1825 636 4083 3414 1463 4449 453 2258 2188 2317 3969 3766 2229 3440 3856 1335 1699 1739 3402 1955 165 2863 2694 2184 4976 3616 4914 3636 2764 1068 4717 3361 3788 4943 1025 2785 3395 2121 1855 3380 3010 775 1670 3822 1013 712 4255 4950 2857 3002 2667 984 435 1444 1061 4955 4969 3673 1600 3254 3960 3118 705 4643 4658 1819 3136 4291 4070 1754 896 1488 3772 4995 644 4022 67 3430 1586 1836 309 4277 1291 884 1559 2064 1905 2996 1342 3898 19 3879 4843 2831 1485 3791 4590 4143 212 3299 852 1202 1533 2949 872 1397 3520 2231 781 2684 1529 1162 412 921 490
2471 3140 4522 3770 2065 121 2159 1385 2295 3190 1524 4755 2149 1941 672 1709 4271 3826 4167 2822 4693 1543 3969 3822 3573 4761 3055 2301 1293 849 1254 4320 902 4751 1867 3057 3510 2348 371 4105 1255 3044 2889 4418 3195 3547 1388 4973 3129 1038 2497 246 3068 4357 2914 4153 3876 3333 4733 2713 4383 710 1129 16 3745 4883 48 1058 4100 3329 4601 971 3849 2380 833 2845 4466 2428 1844 761 4290 1596 3755 1804 2141 3147 3794 2765 1201 3059 4202 4298 1883 1208 3358 765 774 3725 1794 4483 3005 2492 1965 3387 4534 489 2981 2910 1931 2549 559 2538 255 989 4990 2054 3821 3614 598 4382 1520 2949 2426 1274 477 185 612 3584 2973 509 1829 3393 962 2091 3353 1118 2214 3027 2302 2107 1964 4279 4544 1627 298 898 190 2212 2122 4591 3597 3383 4911 4697 3724 2353 1110 1024 1796 4175 1035 4562 2010 302 1438 4808 1971 275 370 3736 811 2694 1732 2474 1469 1164 2652 2740 3036 162 3387 820 4437 4721 1118 162 4425 1675 2296 4879 834 2166 451 772 1817 4401 1686 2841 2511 4937
4727 3311 2199 3263 2650 4971 2624 2792 3171 1480 700 1053 3379 1834 3019 1294 709 1233 4955 1863 2950 3659 3527 3573 2576 1114 771 4525 3110 1764 3240 1026 501 699 3203 740 2778 3843 4832 1994 1550 1873 601 1433 3929 3492 2731 3010 1223 4072 4496 1112 4200 2437 869 972 1621 1564 2083 488 3915 1549 2962 3343 140 2519 265 821 373 2847 1817 4828 1646 4662 4034 1863 3540 257 3726 4961 2775 185 1982 2493 1867 4916 3923 4409 2422 2166 3797 1755 1796 1870 1591 2696 2352 4062 4128 1280 3649 4089 4563 1026 4513 4422 4050 2687 3850 1255 4411 4690 1417 3470 4365 523 4026 1903 877 4535 728 1648 481 2543 1002 1505 1983 62 3723 4252 250 1846 4254 2804 1042 4744 1235 4511 40 3629 1276 3664 887 2678 211 2926 2561 273 4383 3993 2330 1724 4185 3808 2122 3993 2786 816 660 3258 4305 2200 4610 3764 4870 1372 257 4012 1704 3308 1517 4347 717 312 1267 241 3572 4545 3202 2061 3213 225 1680 3290 4527 150 2339 4119 4158 4991 4411 3684 3817 1935 1638 4818 1639 1402 3692 1887
11 4111 4415 1399 3605 4069 4945 1601 226 2149 2997 254 1743 3823 2685 127 872 3908 230 3844 4922 303 3970 4761 1114 1069 3181 2187 4888 1673 2541 2614 1407 2419 2528 3679 308 287 4159 1142 1310 1672 2406 1515 3697 735 847 3722 3263 3420 1446 3791 3793 623 1517 2546 3847 1855 1962 1334 2033 2111 126 1450 4293 4770 1900 1291 1598 2264 2033 3447 410 2034 650 1032 4158 1644 2097 4521 703 2699 4900 4477 1558 3393 3765 1211 446 3441 2997 30 1286 1233 482 2781 2777 980 1433 2853 2677 1193 4903 962 3097 3587 4908 1905 216 161 424 3287 3956 3250 3563 4488 4449 1804 3655 231 1036 1877 1266 222 4386 2968 1618 4391 4696 4367 985 3781 946 3290 3784 4923 3253 3571 4422 2396 4335 909 4905 4141 514 4268 4986 2958 702 1856 3548 2735 3799 2003 977 4654 691 2598 4429 2449 2613 104 49 739 4811 2800 1766 85 466 3364 2695 1597 1819 2911 337 1466 758 3774 2532 2094 2235 4900 2437 4212 401 4893 3800 3596 2747 3099 224 4830 385 1412 344 3314 3163 2933 3520 570
3967 4693 2925 1408 3285 2477 3123 1261 2390 4348 197 3326 4438 1346 559 2076 3340 2185 4221 1341 3384 363 2047 3055 771 3181 3414 298 1406 1859 237 1920 410 4719 441 320 4945 2243 985 2052 1046 4371 2968 3359 2132 1834 3904 2538 2033 3227 3686 2123 3879 815 2234 538 2607 2831 2314 4626 3959 4060 3686 1553 539 1554 1593 1524 2872 1610 2478 1208 4636 1817 830 371 603 3396 2344 4947 1509 2273 3642 2382 544 2993 148 4676 17 4643 3980 2937 4218 3633 1708 2352 929 2344 995 3327 2958 3305 1485 1977 4058 1983 708 3037 1024 4825 355 4678 3462 3025 4577 1735 4342 517 550 2566 1017 812 530 4001 1933 3312 2237 2082 4821 2835 2078 1054 1824 2036 4125 1579 657 4277 703 4983 2519 537 1942 2380 3012 3676 859 629 3877 1101 2631 2817 3487 2860 2824 3701 3108 3007 1388 1974 2630 2210 904 2598 1973 2288 1368 1015 2692 4003 1587 3285 1648 508 3659 1208 2965 2870 1978 1582 3345 512 720 2019 335 2294 332 2208 1293 4211 795 1186 4701 1369 555 560 319 2980 3201 4726
4412 3246 3540 4180 2937 3905 440 1292 4759 1882 2649 91 2370 1760 3653 1291 3603 1488 3779 4857 1137 624 2917 2301 4525 2187 298 1379 2454 4477 2244 4505 1154 4464 702 4966 256 3441 1046 1618 2673 2142 1822 3395 4848 3658 1745 2081 1664 1827 3380 4856 1943 4433 4870 2780 785 3902 1530 948 1530 2073 4883 3827 3879 3023 2340 1000 4318 4498 4206 1041 317 1975 4680 1951 2561 4233 1059 3720 4422 4353 2913 1408 1228 4261 4393 1726 1249 3061 2561 1633 4434 3915 1889 1658 992 803 301 1575 1102 1839 116 3536 1853 2419 2541 1468 4890 3178 832 4599 3033 219 4092 429 3106 575 3566 3967 2050 2847 1006 4132 4273 1982 4052 1396 4219 858 1342 2376 3722 1093 1745 2994 665 2466 281 188 1496 1295 315 4095 1542 1337 1150 2893 1557 3737 4468 2894 4234 3420 4193 4450 3773 2250 3382 3061 2041 1336 88 3102 669 4245 1817 2110 210 928 486 2475 3325 4959 143 2513 2673 4435 1368 1967 1088 4999 508 4547 4092 2637 2272 259 3223 628 2264 3616 3160 2843 1597 2806 1774 1962 1234 3438
338 4957 3631 3618 556 316 3002 4413 946 2140 628 1296 1968 1743 1308 2346 2876 326 3233 992 1739 4125 2397 1293 3110 4888 1406 2454 3542 3017 2905 4213 3323 1595 2976 2402 228 2157 2701 374 177 4840 2098 2125 1274 1644 2402 4665 4037 147 791 3120 4703 1834 1970 3426 397 1583 1641 3942 1498 2722 1847 2023 4516 4436 16 1139 2125 2136 1876 328 1437 1662 1923 3065 3753 499 1362 3293 4330 4848 619 949 1192 4538 1527 1045 3735 1489 296 3521 4167 4195 3391 2888 749 3369 3217 4697 2517 2267 3789 3750 1269 1543 64 1526 2368 4603 627 2258 1948 1896 244 3799 3755 3931 4052 3384 2321 4333 461 1252 2010 1670 3123 4343 3510 1956 2763 1271 2927 1342 1959 360 3502 3154 3990 4036 2481 2816 2212 3413 3729 911 488 3074 3120 2444 4880 3276 3486 2355 2063 3192 4084 2665 4133 2904 4583 2499 3647 1407 3954 2887 3226 2255 2363 3563 2309 1106 3123 1318 4283 4921 852 635 3225 4234 4355 1421 435 860 2280 4286 4612 1528 4840 4884 2086 306 1270 1697 4978 213 2263 733 1002 4579
4165 4532 2068 991 3435 4126 3226 1531 4845 156 293 2876 2397 1528 1519 2062 625 1476 301 1225 1541 732 2625 849 1764 1673 1859 4477 3017 855 2927 1821 3718 3711 2533 4843 3678 2886 2556 1937 2096 2742 1056 1109 2674 1542 922 3451 4890 2360 3969 2497 1228 3250 36 4494 2094 2284 2810 1917 2536 71 2814 503 4560 205 3277 3942 3463 1292 2790 3322 4473 1390 1564 939 3885 2090 526 2143 3666 2308 446 4830 4208 967 2133 4746 2494 2124 4979 4127 2636 3664 4926 1447 1657 4050 4532 723 4175 1713 1638 1624 279 4371 4256 3964 4008 2903 913 2491 2564 1383 3664 2101 4149 4478 3241 3015 4721 3795 2534 1313 2680 373 470 1960 3288 4100 3119 576 1141 1369 83 2763 1829 3327 294 1307 1358 4899 1388 2197 3804 1264 1508 4667 2852 297 2517 851 3789 1944 3264 3091 1279 988 4151 1794 4447 1102 1503 3998 83 4154 2095 4111 2335 4739 3657 3386 1137 3759 612 2380 1549 4881 3049 2441 4345 2582 1676 619 2757 1534 2162 3100 2811 4101 4243 2677 4937 4166 2786 963 4554 2085 4561 4962
3914 1879 821 4601 2455 3125 3720 2636 1728 3099 4281 830 570 933 3392 1688 132 1877 4396 1737 4735 4119 1069 1254 3240 2541 237 2244 2905 2927 930 1772 4206 417 2874 2225 4468 602 2538 4830 1991 2701 2861 2873 4979 3266 2777 2745 4425 1957 2908 1155 1368 1460 721 3588 1486 2873 3698 4847 4820 1868 2912 3822 1071 782 3879 2973 1474 2803 4220 2029 1612 2862 1677 4873 3201 3110 451 4996 4149 4335 3764 3030 1102 4342 924 3585 2910 4091 1991 477 3206 3397 2217 1688 3938 1415 4714 4474 1116 52 4461 1241 3052 4255 3803 4352 2122 3645 1670 1966 4676 1509 102 3508 2712 3146 1884 1272 128 1252 4818 4706 940 3913 4909 2531 3201 3741 1522 493 4277 4817 3869 360 4355 4108 2045 2390 3972 142 1088 2501 4088 1633 2429 3603 2557 2560 4309 493 4735 108 4314 440 559 4758 445 1783 3539 1807 4771 912 1586 1003 4457 38 4441 625 3285 3860 2963 790 2303 1418 1228 3110 683 3020 2846 733 3159 3515 4809 1359 2543 3156 3183 1275 4418 1224 3034 4722 3228 2013 1709 4532 4940 4957
3295 2962 971 2901 1505 3572 845 4792 4197 2760 212 3622 3111 1537 2826 1018 1294 1327 661 4295 1928 2471 4373 4320 1026 2614 1920 4505 4213 1821 1772 2154 2274 2397 1554 297 584 378 3391 3946 3627 3476 3970 767 4858 4863 4790 4260 2716 4172 3084 4634 4321 3190 1129 3117 4093 1742 994 2644 3377 1136 339 1028 3569 3020 2875 4611 3485 2894 3367 1152 888 159 1880 10 80 2873 873 4841 4762 3632 378 4813 2686 35 4895 565 2149 4298 4040 3632 533 3805 2206 1228 2913 4145 1043 1743 4978 2896 1405 4462 942 4648 1598 4435 1655 2923 4129 156 2231 2364 3783 201 4471 4170 1089 4320 1228 1105 4727 2023 557 1294 4029 2244 3163 2064 838 1511 3640 2849 639 2268 1899 3492 1200 4869 3713 1503 1268 222 2558 2647 2198 3077 1563 4090 4781 2281 2611 1979 4223 2792 2177 879 1426 3262 156 1234 421 1471 687 1035 2338 372 2313 4226 1396 4415 165 248 4036 3277 4721 4566 2361 2252 1322 1791 1321 1237 4490 3744 372 2438 1552 2011 2556 2205 20 4794 1892 4691 3454 1725 2139 2829
1474 506 4117 920 1279 154 3249 2239 983 1819 2333 4367 4172 3435 4814 4120 1115 4100 4678 4135 1106 1554 710 902 501 1407 410 1154 3323 3718 4206 2274 77 4286 3528 4139 2847 414 12 4656 3895 4504 4258 3222 103 407 423 781 4115 4529 154 4455 1077 1211 4179 400 2616 2416 1957 1550 1731 2138 960 4835 1596 78 838 4223 2024 3866 2409 4646 1442 3833 3356 193 1036 3250 338 4887 1933 1893 3427 3115 4404 4399 3178 284 3903 103 963 4401 128 69 4662 4530 2383 4063 1237 2581 3036 3051 3504 1682 3195 4357 2069 3434 4500 2891 4990 1975 967 1044 4602 4386 4745 4067 1104 4187 3777 3712 503 1647 2263 3979 3391 1744 2363 3313 2060 922 3687 880 4609 4630 1683 1081 1039 4243 3384 1886 4828 3700 3408 4448 2452 294 2875 3765 3068 975 1598 4805 4448 4569 701 764 202 310 1862 2290 1832 3682 237 1239 501 173 2028 2774 914 1630 2614 1434 480 3437 4072 3014 2928 2324 2366 743 3896 4238 2153 2336 4486 2716 666 2110 1062 2657 2884 588 570 3695 1582 340 4693 67
4159 4568 3335 2573 1388 1113 1311 3149 220 3409 2907 3781 2670 3312 2572 1692 1965 3031 553 1995 1064 2994 4001 4751 699 2419 4719 4464 1595 3711 417 2397 4286 4333 3261 2727 4507 102 985 3129 4907 3719 3715 4629 274 4281 3424 3041 2960 159 757 3334 1227 1194 4216 1398 2596 4035 3569 1426 4793 3679 4202 134 3419 2359 2300 1077 2017 4925 118 1173 350 4707 814 4273 1407 1017 231 3092 1168 1609 1782 1873 3756 3957 2943 4741 3505 2176 3868 3601 1229 2351 1317 1825 1641 4582 91 2614 3035 2033 2799 3496 990 4869 735 1743 66 1297 4540 1741 1746 966 4833 1574 4806 2389 692 2945 4025 1355 1391 3749 883 2388 3652 3008 1458 4581 4547 3634 3044 160 2823 2777 1962 1342 4653 2927 4309 880 3789 3479 4586 2194 4222 671 46 3986 223 800 1606 3761 1011 2684 773 1135 3398 1062 403 364 4004 3591 2355 3780 639 1060 2409 938 2328 1717 2510 1146 4490 4828 4064 4454 2356 4023 3754 2600 4929 498 1690 4651 3466 4261 3360 4443 4847 4487 4803 1935 4111 4492 3512 1845 1825 2369
2501 3316 4007 949 2024 3708 1011 3093 4121 425 2363 876 3218 1059 387 1463 4717 3787 3511 4068 3391 4507 3796 1867 3203 2528 441 702 2976 2533 2874 1554 3528 3261 418 4785 759 2335 2720 3185 3904 4549 1799 4715 3012 1007 1957 2971 4537 149 491 2906 4576 4105 3238 647 2751 2019 740 1434 4026 351 4147 1228 1815 4439 4755 395 3498 2733 3028 1047 2212 4850 2578 4565 4398 2257 886 2584 1152 90 1851 2519 2135 585 4656 1402 3340 3607 2182 4983 4227 1011 598 1323 2322 1463 313 4409 4996 4550 808 703 2422 4056 3422 2974 1068 2711 4469 1823 509 832 3824 2068 4333 1238 3038 805 3889 4142 4143 3617 2817 4114 1525 2053 128 4279 3033 4501 3940 4694 3162 2426 2483 1551 1878 3154 37 1660 3443 1580 4150 3708 3247 2780 411 4533 3985 2580 3644 2135 2926 85 2502 2451 3544 994 906 1930 360 3069 4925 1324 1220 2861 2967 1161 2243 4001 1294 1866 220 4497 2175 3063 1718 4334 2327 2107 4988 214 3817 4829 1715 2869 1589 1304 3908 3214 3468 2488 2491 400 1501 324 3762 3961
4739 1965 4546 397 1486 39 3387 678 3957 140 4076 2955 2167 1451 1079 3775 4835 561 1071 623 1315 3874 71 3057 740 3679 320 4966 2402 4843 2225 297 4139 2727 4785 1164 4174 4880 2030 4338 1221 3755 2912 4973 1802 241 1629 3125 3743 52 801 524 4631 2003 1898 1407 42 3923 911 358 1163 30 1951 4974 1477 481 571 3126 1142 4383 508 1170 45 328 511 4647 2897 3548 1101 1127 2270 691 3946 224 4407 2127 2697 2281 1786 4342 1511 247 72 3887 2809 4769 2260 577 1918 3111 4965 2732 1027 1551 682 1535 1944 4715 1647 4160 747 4406 1736 10 3664 779 1159 153 174 3854 979 1494 26 3704 876 1122 1666 3432 4688 2451 1798 1402 4876 1261 4310 2529 503 4682 268 38 2387 3211 3993 2052 1578 4681 241 3270 4928 4521 728 1174 596 1062 1208 274 3725 2338 3793 3348 1667 3261 2057 4814 4012 3543 118 3499 1878 3530 3628 2025 621 803 4033 986 4348 1597 938 2968 4549 3051 4359 2390 2135 3884 3819 2304 325 1869 4486 4329 2357 3716 3284 633 880 240 4134 3183
2046 4166 4612 69 4148 4460 652 923 1662 1226 1099 2527 359 4073 1186 4459 3656 821 2258 1379 2433 4458 2031 3510 2778 308 4945 256 228 3678 4468 584 2847 4507 759 4174 2799 3661 2463 2313 1820 385 4036 2324 2239 2480 925 2963 464 2335 45 2560 1516 3966 2033 4774 3381 1959 3755 3463 948 331 848 2673 1667 3037 1821 246 1170 2626 1844 3539 2897 433 1399 3089 2002 3747 866 2042 4165 4990 828 968 900 3762 3789 4026 2163 4285 2467 664 3350 4476 4883 1990 4980 1592 894 87 4406 2240 3596 1963 4030 4687 1522 3261 3346 4831 3201 2961 3277 1030 2028 971 1659 1090 4697 494 3173 4236 4083 1035 2927 2229 541 180 3610 839 537 4553 2547 3360 1878 4180 4569 2726 2317 1517 2054 3537 108 1078 2635 713 3104 4526 4191 4873 2520 624 995 2726 1968 3946 3976 2003 4693 2135 3963 424 399 2387 2478 2746 2803 3015 767 2287 1477 375 2880 2289 3893 34 1643 561 4967 1155 1947 4877 1586 823 3689 4530 4950 4373 2202 1443 3901 4088 3729 780 110 4202 4565 1553 2690 451
3838 801 1881 943 4526 3089 1565 1110 405 4913 3645 4432 1017 4877 3199 3103 1248 82 1990 725 4773 1565 3325 2348 3843 287 2243 3441 2157 2886 602 378 414 102 2335 4880 3661 3343 3969 3265 3372 2519 1577 1183 561 2548 3049 2591 529 2719 1449 4661 1886 1960 3795 4783 3302 3373 3165 3575 2307 4895 1331 1980 658 4655 1563 567 1326 69 1153 1902 1416 2250 3801 4872 3231 3434 3986 347 1320 3466 295 3468 569 2744 3200 426 4371 1798 3331 1256 1013 1113 1080 3055 4487 3242 2312 1412 3255 4572 776 4970 3634 2735 2667 986 3808 411 493 424 3700 4655 2095 1228 332 3404 3189 81 4605 1339 1107 4692 594 4301 3487 119 134 3032 324 25 3444 3157 4999 2700 1000 2816 2580 3133 3792 3768 1035 4103 4748 3977 3880 2228 2885 68 4224 4671 4114 2976 3535 3771 4862 1257 4439 2175 2535 3923 1765 3933 1091 4057 3213 3987 1532 1922 411 4886 512 1609 2621 1261 701 3533 4249 230 4714 84 3855 65 346 2212 716 2535 3953 2758 4242 2398 64 3123 426 3331 846 1945 3993 3662
3872 3710 1676 3281 387 336 1611 1823 2646 4567 2501 4405 1002 4615 2216 2220 2313 925 1768 2937 2114 2018 4627 371 4832 4159 985 1046 2701 2556 2538 3391 12 985 2720 2030 2463 3969 555 2391 570 1833 2885 1259 2889 4842 1786 3215 983 223 1346 4478 2740 156 4791 868 3031 2937 2479 3237 4575 41 4811 1336 4130 4872 3018 4046 1375 2037 3385 4886 80 4348 299 1010 4253 896 2260 2737 3458 4464 1860 2493 1077 2141 2764 4970 3409 86 2966 582 2943 4623 4225 1483 1766 598 3987 463 2979 454 2438 4474 3331 4959 840 2316 1314 1767 2757 3072 3445 1246 324 235 623 3805 564 85 3036 4943 1828 3576 607 2309 3216 2348 2235 4035 2013 4815 4903 4978 3224 1299 829 1297 3316 2182 1641 2416 502 2569 1232 4588 2740 1911 1860 960 180 4185 465 1123 2172 3585 38 48 62 2160 208 4603 2335 1488 1929 3942 282 4595 4335 29 4233 2971 4215 352 283 1271 4056 3378 1756 3586 437 930 3756 1718 1402 4302 3568 1112 3715 4620 4458 1276 2158 1173 4336 4579 1091 2121 2757 1360
2911 4566 4204 889 1385 788 2144 157 1853 4765 2058 4099 2434 2629 3579 1778 3913 4041 2382 4733 4581 3953 1557 4105 1994 1142 2052 1618 374 1937 4830 3946 4656 3129 3185 4338 2313 3265 2391 1784 4364 3882 1993 3091 4923 4034 1474 637 1384 4824 4510 4655 3204 190 3902 445 3413 2490 2307 3811 181 1360 3187 79 2275 2671 666 4628 934 938 204 496 3770 526 638 4284 4503 4422 4769 1043 1068 3484 31 396 3467 2066 3288 135 701 1655 3285 3677 4662 4333 4098 432 3099 2013 4376 1940 4655 4917 2543 4432 3339 3147 4519 2104 3393 2012 949 4333 3194 1549 412 202 1069 1138 3071 2584 1132 1658 3748 3542 1350 1830 4339 2859 2505 958 1322 720 2457 3153 4342 695 755 2521 3640 2847 2544 398 2426 70 1853 4623 3590 4070 3455 3848 3434 2244 4992 500 1459 2068 733 3330 1114 854 4367 2381 3220 1392 4021 1897 2164 3664 3997 1885 3598 4085 3950 2767 1207 1224 3825 2153 1670 456 3783 2173 2663 4026 4023 2930 2447 858 4898 1984 2030 3400 4210 2324 501 2194 1871 1363 2296 1253
