N: 200
M: 100
Symmetric: true
Triangle: false
2 56 32
3 195 152 185
2 190 188
1 77
1 85
3 182 156 1
2 153 43
4 21 194 131 170
3 127 54 69
4 178 80 31 118
3 78 167 179
2 74 163
1 27
1 95
4 44 84 13 147
4 138 20 121 100
2 9 200
1 132
1 186
3 151 45 49
2 88 65
2 113 175
1 196
1 61
1 17
3 68 109 168
1 89
3 42 129 2
1 25
2 169 125
1 119
3 155 33 40
1 41
3 7 107 187
3 114 128 53
2 8 22
2 174 198
2 28 38
1 134
1 124
2 23 137
2 154 62
1 183
1 159
2 136 173
2 181 47
1 192
2 148 79
1 50
3 52 15 164
2 176 126
2 67 4
2 162 120
5 96 104 82 111 34
1 122
1 110
2 75 144
1 197
3 3 91 139
1 51
3 92 26 141
2 115 19
5 184 73 16 165 158
1 105
3 135 71 18
1 180
6 142 14 86 117 149 99
2 161 48
3 24 63 108
3 145 123 166
1 98
1 199
2 90 157
1 140
1 60
1 10
1 55
1 177
1 39
1 160
5 6 112 57 81 12
4 102 191 130 76
3 46 172 29
5 66 146 94 83 189
1 5
1 93
1 36
3 37 30 103
1 171
2 58 11
1 116
1 70
1 150
1 72
1 101
2 35 193
2 64 87
3 143 133 97
1 59
1 106
3599 2399 2710 3462 3741 570 4590 4475 1163 3787 1412 4359 913 246 4631 2246 2997 1653 4843 1126 1562 3665 1380 1160 835 1965 4042 727 2589 4020 86 1891 2182 2698 2180 796 1286 1000 4532 1128 4518 1888 535 2318 3530 1205 2646 3932 4379 176 2838 4398 1921 3810 1730 4670 55 1744 1602 2350 4015 4631 4107 1764 2335 586 1885 1919 4591 4857 3555 2714 3873 1908 939 2220 1109 526 2861 1934 3982 3755 4163 2308 1002 3779 4930 996 2785 2335 3122 3061 1211 233 1012 1417 4452 4106 2578 3614 1945 1539 3214 4041 2973 4749 868 4978 4892 4251 2631 331 2670 4663 1177 1563 3355 163 3004 1395 701 405 2421 4939 2140 1526 2908 3723 1435 3296 2730 1718 2752 374 4038 4473 4348 1424 4724 2937 3640 1851 4827 1787 1988 1441 4327 1027 4407 1306 3915 380 1140 2004 4425 3370 3093 3293 299 2443 1555 1024 259 2447 3151 1572 1101 2275 2043 2294 1034 4431 1712 4152 4228 1059 217 761 4874 1635 1570 2932 14 3103 1680 545 2659 2878 3587 3463 2701 542 1579 152 2045 81 4495 1265 2078 1280
2399 144 3211 2966 840 258 343 4668 3942 2755 1030 913 3463 821 1013 448 3620 2296 3808 3109 1649 1122 1624 1675 3199 2003 1998 4193 4466 1127 1667 4462 1295 4551 1938 1567 481 3314 3129 2943 3199 4828 3816 3805 3206 705 46 2436 3314 361 485 4572 572 1978 4373 4939 4800 4496 531 1381 3809 1729 4821 3621 3171 4326 3823 4057 2767 2574 1310 1069 4600 2627 3313 4506 372 2065 3444 3460 3216 4009 198 1998 4637 3459 1175 2702 1854 205 4887 2929 2677 2346 709 3906 3229 442 586 1425 1533 1479 1600 3431 2136 3576 4850 2236 331 4252 1766 4545 1031 3454 2699 1430 3091 2424 94 1433 2569 301 2984 4103 111 1752 3671 3013 3844 911 2335 4267 1747 2931 3081 477 548 3547 3011 2554 800 4326 1350 4250 410 2821 1756 3434 2263 1854 228 3883 2525 2030 2911 3677 2927 2305 2952 2119 4528 2475 3328 2616 278 1413 3528 4753 3432 933 548 1935 4076 3542 1410 1031 1092 3616 4018 1261 3514 4698 4715 905 593 4811 4832 485 3304 3850 229 4794 4177 2619 2433 845 1795 4187 2755 1059
2710 3211 1940 257 1608 931 2309 4220 4095 3850 243 1150 2565 4694 3555 4811 4360 1906 2407 18 3770 3020 4187 4748 2550 743 791 3931 4379 2908 1805 4602 2062 3747 3711 1932 149 1332 2720 4975 2528 4876 1391 1529 1236 3324 703 1072 710 3963 1849 1752 3194 4835 3432 4489 2446 4491 27 3781 422 3338 4554 479 3848 1818 2681 4130 4839 2790 2304 4213 4430 2763 3006 2758 2730 1096 3653 4579 1430 4234 4910 997 1874 173 2390 4528 1279 4611 3092 1271 2677 2767 3436 2055 3281 1081 200 1182 1277 614 2149 2467 1056 1434 2152 3840 4496 4074 4309 2208 4293 908 1538 2019 4646 4618 3797 3732 1760 1277 3501 2239 368 3759 465 4992 698 4588 1924 4168 3367 3297 3292 499 1444 4053 1570 500 1910 3015 2373 1248 1422 1227 277 4754 3981 3166 3129 4908 1218 2191 3287 2809 2101 717 4002 1401 1625 1887 2079 105 4985 2195 2024 1009 999 521 3078 4689 734 1440 520 3333 2363 575 1139 3266 4648 3248 2272 2448 1527 2599 444 4185 3579 4570 656 4381 3461 1238 3539 125 443 4079 1319 375
3462 2966 257 1545 250 1129 1705 3766 4823 2520 1464 2008 1517 1523 1715 3615 1783 2771 4232 3565 2537 4065 1543 1782 2733 2546 1141 1845 89 841 2663 3892 2286 4418 3182 2596 4374 1073 3959 3642 3766 3286 3318 4518 885 4716 1467 2344 3340 2504 4094 151 2057 1134 3513 4804 4654 3237 680 4934 3776 2324 362 471 2412 4792 2845 2303 4415 445 808 1107 4204 1737 492 3005 4952 2103 2973 2124 1029 3965 3261 276 3399 3326 2084 2196 3200 3561 3770 687 4262 2693 486 2971 2252 652 4162 4354 4767 1188 2904 1182 2967 1934 3423 3411 2761 4080 4528 4816 3591 3475 4709 2285 4706 1067 963 4806 4240 3548 2463 422 2276 1792 3894 2706 443 1043 3224 1452 4552 1671 1740 473 3658 2449 3353 3936 3355 3139 529 1197 2061 2278 3118 2106 4016 4275 3750 3260 4315 3675 895 1405 1241 700 1937 2027 4335 590 2173 1762 1164 2120 478 1157 954 204 192 3702 4474 3660 2304 756 1831 1652 560 2625 4984 583 1952 2247 1754 4427 2807 1923 2063 3796 695 3989 1093 392 654 1677 494 2718 2972 753
3741 840 1608 250 3365 964 3105 3101 3354 1493 4365 3302 3851 2522 2725 1980 2147 1717 43 4209 1505 1987 1250 4751 681 219 1706 222 4225 3122 3395 2979 2598 3423 4274 2557 372 4491 1066 2306 2183 2699 2989 4584 4126 3433 3264 917 2529 866 2918 3482 4018 2831 1395 4534 988 1618 4429 3210 1228 139 4958 1102 219 3585 3313 3427 3215 85 4328 449 3022 3902 3122 401 1562 282 1602 2321 738 156 3818 1944 55 1394 221 2775 188 2336 3923 3145 872 67 679 4772 3211 2080 3256 1735 3093 3108 890 4695 1596 4335 3038 42 2431 41 2514 65 3475 1834 4461 1324 1110 3185 413 2897 2515 1099 2223 1054 2604 4542 2303 2957 86 4499 2512 2621 4374 355 3704 3957 3926 1612 2876 1175 4732 2801 2643 3230 97 64 2091 1544 4087 4939 1295 4926 470 4175 2899 3402 2337 3539 2918 4800 4224 4888 3914 2249 4953 3201 2886 733 2316 1427 4148 358 3692 1394 4828 196 4866 155 3136 2168 1453 4831 2195 2926 4999 3772 3613 1513 973 1749 3623 4125 3619 82 666 1019 883 4408 3246 2156
570 258 931 1129 964 3558 2477 3166 2280 1472 1851 1994 435 3213 3195 3558 3220 3133 689 3971 3846 1675 142 4023 911 4438 2620 726 332 2071 4320 717 987 2043 2093 2400 4021 1537 1281 979 1449 1617 2336 2434 1721 2606 1435 2958 605 4925 1785 1913 4807 4370 4995 4951 359 1096 1121 4786 2032 4290 2831 4407 2861 4352 4181 1217 4148 2301 4744 2290 3478 3507 251 943 739 786 422 3243 3373 1443 4001 1654 368 1053 1417 2105 4000 4841 724 2980 3203 4406 4747 2428 1534 2833 4554 191 3475 4510 4651 1416 1641 2957 97 1554 1760 3709 3825 3373 752 2833 1663 3038 1422 1497 1173 1356 4522 3127 2003 489 1896 824 1036 3281 1306 4282 2316 3718 1476 821 2521 488 913 1801 2485 4797 3762 1699 4061 3712 897 1187 3348 744 1424 2659 1399 4450 2737 1524 969 4733 3136 1682 2535 3476 1109 152 2034 2831 2073 1024 3848 1838 4698 3645 3364 4496 3541 1271 801 1111 4217 551 4595 879 1498 530 4590 2656 1639 2523 1605 4170 4403 1630 3156 3095 1481 1593 4149 579 4012 2427 670 230
4590 343 2309 1705 3105 2477 3703 1850 4014 2120 2909 2948 2899 147 893 3593 4970 1361 696 712 1493 3002 2391 1531 351 3551 129 3985 1159 741 300 2812 38 2093 4877 4127 1175 466 464 1356 4739 14 3311 4170 4305 785 2265 1479 1961 4558 4699 2921 632 2358 3940 4270 4937 2020 1899 2052 301 3491 4938 353 4425 3756 1961 1400 4096 3988 1160 4674 2785 4616 238 616 1089 3124 618 3199 3058 4660 161 2115 2961 3533 370 1685 1272 2927 4465 1163 4853 2645 4322 3982 1648 2101 2668 1700 1326 828 4148 3952 1455 2988 2594 4058 1052 4909 3825 4860 470 1448 351 3885 4644 1657 273 908 4327 2810 1354 4497 541 4695 3629 3006 767 4109 2468 2089 4985 4855 3936 4941 423 509 1659 553 4318 4585 3756 3807 2330 1834 4623 234 2129 4333 779 1971 3057 4259 3270 2584 2333 1516 2730 4222 2933 1106 2659 614 669 3002 4617 1599 3869 1310 4593 2096 4646 2808 1293 1950 4978 4715 2756 2413 2392 4836 4646 90 2009 3130 1790 2972 2056 1677 1835 224 4816 725 1540 4995 4729 13 2653 4073
4475 4668 4220 3766 3101 3166 1850 4613 3385 2764 3663 4170 1324 279 4753 3669 2924 3190 1161 690 881 2862 4818 4932 3748 112 1119 3733 531 2301 356 2772 417 3557 3487 4051 2869 948 1462 922 1908 4554 1047 1960 4447 3179 2120 294 4501 323 185 2705 2348 1945 561 3406 2912 2789 134 3025 2749 2498 3633 3426 4844 1499 4653 3002 2873 4671 785 2973 3422 740 793 1505 4888 2195 4130 3553 2153 1173 943 3302 2462 4372 784 2374 3724 4394 2197 1622 3151 1500 3514 4650 60 4918 3992 1668 4532 3841 1095 464 2558 3361 1541 4832 254 2970 565 488 585 747 3245 4169 981 209 3840 4351 2755 2649 4100 1021 1661 2307 500 1243 2919 968 3876 200 1100 3081 2514 2750 1261 2437 3767 48 4761 3286 2240 469 4004 820 4821 2288 2380 1362 196 3951 3487 2676 714 1134 4910 2906 2645 2990 2367 1223 1839 4841 2100 2902 717 833 4107 4457 4088 3593 3316 501 3466 1725 1586 2842 3409 3076 4072 4209 2222 1431 1146 811 2615 2431 4808 1916 3950 364 1521 4219 4655 4316 4266 715 2131 4791
1163 3942 4095 4823 3354 2280 4014 3385 2622 4261 4338 1616 3597 3664 116 2867 2784 3780 88 306 4102 4457 1322 4455 411 1440 1375 2387 2945 2723 4843 2487 1031 2116 2619 3781 469 2520 727 325 2398 229 3686 4490 1944 1453 91 2245 4481 4936 167 4463 1454 3937 2142 3191 2137 3996 4927 3423 1369 1953 4089 3109 1824 3718 4000 2596 3044 4798 219 4717 4563 766 2832 4677 928 3230 4914 2625 1270 4867 239 2646 2160 1128 3073 2342 4922 1740 1451 3060 2445 868 3996 4832 4951 1089 4687 1692 3479 4674 844 2154 396 1439 616 1114 490 2227 452 882 950 2478 3424 166 1892 3496 2824 3558 206 1997 4349 3489 4348 3672 1757 15 4180 1863 165 2305 967 4451 2730 4687 1706 4422 3531 2169 3578 4345 806 4851 1629 1524 1829 637 3109 3601 1664 3308 4253 4529 3865 3698 939 3887 4100 572 3192 4301 3774 405 2216 125 1638 2957 953 1441 712 4735 2879 4459 4365 554 1400 1995 4036 4995 4935 380 2287 4695 1925 985 1815 2897 4175 1704 3021 2024 3547 2586 1033 705 3722 959 387 4389
3787 2755 3850 2520 1493 1472 2120 2764 4261 3587 4949 2140 3874 4412 2694 3340 4617 2509 527 943 1770 512 4897 1721 1466 4621 2356 1404 1285 3718 3096 1919 2325 2420 3578 4702 4664 1687 3977 259 4453 2642 4692 4058 797 1988 1808 1481 3858 4280 4595 902 1450 4378 2998 2198 2573 1579 2387 1032 4945 2395 2378 4227 4169 2109 2242 3794 1485 1807 1197 2684 2535 412 686 1903 2430 4163 4750 1714 2427 4284 4126 2181 2578 3349 4683 1600 2662 4865 350 838 853 385 400 532 1415 724 1486 794 4226 2146 2534 646 3703 2604 4817 4333 1466 2441 2931 2243 4091 3151 3368 3399 409 3981 2090 2310 3775 1171 402 989 4566 1796 1839 4450 870 1007 2770 4118 2402 920 635 3944 563 434 153 321 1915 2401 4421 3523 304 1341 4851 1589 3758 945 1125 3341 252 2208 2488 4930 3836 3825 1229 893 4650 1879 2911 2339 4869 1036 189 2921 2064 75 3049 630 1203 2778 885 4281 3988 1268 4918 3731 4748 1730 2367 457 2336 813 4940 4829 1150 2126 2008 3832 4914 3445 4159 701 2867 2651 2999 3415
1412 1030 243 1464 4365 1851 2909 3663 4338 4949 2620 2091 4049 1302 2305 3775 3521 3433 1394 3450 3177 1658 3299 4990 1495 3580 3357 2848 3110 766 136 1521 1812 2424 2828 4470 867 2733 3729 4679 1139 687 4958 2530 3947 4433 1891 2489 2053 3467 4849 4854 4447 2107 151 1506 2460 2246 2528 3307 4046 1418 3314 1487 2278 4337 89 2440 1219 4801 361 766 3789 854 2026 1437 1384 3737 1666 4794 3232 765 595 1335 1579 2389 2068 4153 2342 4022 1591 2322 878 1457 3116 4250 3665 1042 1389 419 1390 1273 305 1101 418 2360 3760 4252 4823 2787 2219 1289 4808 4406 1550 4771 2719 256 1575 2729 2452 2491 969 4649 4646 1229 4542 71 4811 4722 1959 4414 1426 2847 2384 2558 699 4010 1475 4952 2273 2622 163 1297 689 4873 4861 4386 1329 1433 4769 3554 223 1798 126 1686 1245 1245 3725 1888 908 4584 2776 1884 665 3690 272 2438 1923 1154 2513 1657 2296 2731 2913 1812 3889 2176 741 856 191 1988 3932 2579 4347 239 1369 4416 322 2153 4289 1586 1466 2688 3603 2392 287 4452 698 790
4359 913 1150 2008 3302 1994 2948 4170 1616 2140 2091 902 1192 850 4427 267 4130 981 2230 3474 550 2286 4686 4659 3954 1766 70 1732 4238 418 853 960 2567 1710 336 463 1975 306 4048 2064 692 4119 3639 814 3741 664 1750 23 4561 133 4701 742 3302 1650 557 3823 865 4005 4319 3471 978 4222 4147 1222 3219 3879 4165 2944 4407 2756 1301 1271 895 764 1068 4689 3239 182 1786 971 455 15 2847 822 2952 4910 1092 4147 491 251 4258 3535 1105 4223 2089 2786 3024 2375 3361 3091 3021 3286 535 2309 4441 2119 3813 4713 4421 2499 3629 4529 1271 521 413 3587 4019 2469 3506 4415 3428 741 4881 642 1246 3068 315 2869 916 3199 2462 3851 548 2467 4578 961 777 4513 40 1802 979 60 2116 1822 2796 2895 163 408 1452 4961 1688 150 4270 533 3943 3883 1116 4718 4081 3280 1042 3363 1110 551 1431 1516 2464 3197 460 3419 3462 246 4613 1654 445 335 4434 1917 3255 166 4068 2846 851 3486 2769 4012 119 1427 4650 4644 4228 1586 4205 3472 3967 92 1345 1460 4452 2701
913 3463 2565 1517 3851 435 2899 1324 3597 3874 4049 1192 512 4674 4592 683 425 841 2960 3934 1656 1160 3781 1991 2196 2152 70 2901 2279 1823 2724 2134 4457 3681 4155 1493 445 4608 2685 3757 3487 3850 628 1383 2054 2570 2548 4670 2980 4561 3865 3779 788 134 3820 3791 444 3027 4586 3128 2010 2742 3927 3115 4174 4531 1147 357 3370 1770 3820 3396 3635 1524 2434 2247 2831 4695 4338 607 2386 4231 1961 2054 2358 4968 3331 2691 1929 2826 3455 408 4173 3814 1098 3394 2639 2840 3856 4017 2980 38 636 914 903 3783 188 3635 334 1206 4969 582 3540 3685 4003 555 2404 3862 4161 4626 1341 1985 2888 400 2557 1639 152 4719 768 2781 2881 3324 2766 590 3521 4294 4671 254 2103 4018 769 1904 4992 1110 2616 956 2279 2214 1198 847 4019 4479 4052 4584 1617 2688 4051 594 3826 3496 4304 3387 4848 4944 3862 4054 3822 4301 102 2247 4863 3655 741 3578 1834 1177 3639 2332 1780 2099 1355 3427 1018 1998 4241 2246 508 940 607 4828 151 2072 48 4175 2644 4462 4627 2400 1499 1955
246 821 4694 1523 2522 3213 147 279 3664 4412 1302 850 4674 579 4352 108 1547 3570 2101 988 1282 923 1971 4939 1350 194 1921 2876 4727 3514 2243 483 1629 3984 1836 2788 2970 4485 555 275 1519 2245 1227 42 1050 4823 3025 4487 822 1021 83 1431 256 3712 4272 3285 4180 1092 4547 4986 2564 873 1663 659 1155 1434 346 2676 4986 4649 1722 686 4054 611 61 3809 232 4902 1178 3565 2678 2239 2905 2495 4396 2380 1486 1108 2110 4422 4864 3111 4041 1129 3457 430 4165 627 3188 1316 2443 807 242 971 2541 859 3520 2529 983 4020 4455 1835 4271 1479 2483 2953 751 1612 4393 2245 3961 2645 433 2989 3044 1739 4716 3760 1202 2629 686 2899 1111 1834 278 1656 2000 1372 4285 2540 2984 1148 4068 1423 4821 3346 4287 647 2054 1068 3366 149 1214 643 1103 4363 3478 1148 747 649 4775 4227 2626 2840 2018 3919 4365 1251 190 2933 4329 4887 3184 2363 1422 881 3606 2378 3002 2257 2722 3344 3432 275 2211 616 523 1013 4960 4013 4510 3798 4673 707 3753 1021 3975 4363 1463 207
4631 1013 3555 1715 2725 3195 893 4753 116 2694 2305 4427 4592 4352 4525 3063 1042 2025 2097 61 3394 4489 575 709 4278 4410 4401 1098 2467 4835 2830 423 1714 3389 3365 4171 3372 4041 2597 3737 1556 638 3815 3606 4822 3241 2813 1815 3320 1932 3347 4858 713 2234 2669 1987 1808 628 4949 4148 3022 568 2550 2881 4258 3444 2940 1739 3213 3059 1290 3304 2772 4640 246 4511 4539 2348 4371 1420 874 3005 1796 3104 1349 3918 2725 1967 2349 2118 1195 612 3050 1702 3280 4540 2988 2938 453 1795 1647 3547 387 1271 1027 4771 4617 3912 4645 2295 1403 3233 3526 3816 806 2089 3403 4256 1460 3208 16 1003 3048 4694 3372 4275 746 4365 2813 2772 1974 623 3404 1968 459 1848 2778 3481 1473 537 4813 4662 4521 3724 3677 665 1959 2777 1282 427 4844 3373 292 1580 4691 1975 936 654 1601 349 4249 4757 2166 2313 2458 19 4515 2815 4639 988 1613 235 2615 1232 310 1435 4168 3098 42 2405 2112 2692 4277 3349 3343 1100 4804 4232 1435 1381 1996 1056 3545 4310 385 2537 1246 4042 920 4219
2246 448 4811 3615 1980 3558 3593 3669 2867 3340 3775 267 683 108 3063 848 932 2373 1469 4755 4779 1298 3303 1316 1487 2026 2564 2496 4536 3297 4678 1415 1284 1605 301 2770 118 3956 4515 2026 2270 3757 168 3108 1419 1927 2952 1058 3952 2715 687 422 4956 4075 611 234 3887 2659 2737 3028 3895 789 4723 208 2731 4742 3408 690 1998 4873 395 4765 1318 4024 1567 996 2380 4729 2603 162 4008 2079 4857 4117 3964 2507 2755 4379 1218 3698 3208 3430 520 4991 500 1503 4838 4612 2002 1827 2996 975 726 372 155 4449 1502 1171 147 2922 4340 387 3416 351 4097 1878 4890 4790 4838 4496 2000 1397 911 1019 4594 4561 1626 543 4262 2793 3727 3977 4765 112 959 2499 4151 3707 2142 3708 4595 3679 2525 2811 2114 146 3225 829 2957 3788 3440 4891 4145 2595 1926 1825 1737 4450 473 3063 4359 4079 1625 4443 1211 1915 1965 1234 3234 2403 2638 1997 209 2610 307 1237 3570 2200 937 1527 1474 3136 3092 4911 3905 3668 2552 339 1179 3799 1859 3054 2091 92 873 4286 1291 2543 638 1023
2997 3620 4360 1783 2147 3220 4970 2924 2784 4617 3521 4130 425 1547 1042 932 1244 436 563 478 2617 4402 555 525 3192 3513 637 4218 4434 799 2738 4798 4549 3481 1031 1687 1710 2383 1105 447 1440 4867 2327 1472 1925 298 1224 3415 2752 1088 3513 2155 2112 2973 4256 4943 3644 4714 2868 2721 3690 2946 3907 2816 1947 845 2556 4550 2820 861 856 1584 3613 1413 1005 2495 12 1982 537 1517 1607 4156 2074 1632 585 2338 597 4744 3731 2803 187 1792 3803 50 2078 752 3049 1219 4201 2742 1901 1374 3532 1511 4228 4818 535 1051 4778 1219 943 4165 4107 1323 4639 968 2156 229 3634 1307 3243 1633 472 1073 2449 3693 4047 2617 2947 2172 55 4715 4770 3557 1219 1756 800 498 765 2669 4985 3688 2323 1237 4144 106 1343 2930 3761 388 3362 4436 4965 4433 1033 3100 1577 3524 796 70 979 3725 1968 4567 4329 627 1099 68 575 4295 4823 963 3382 1418 363 429 2092 2448 3626 3005 1994 929 2051 1763 3881 2358 4153 2820 1538 475 4214 4409 2729 1045 910 2786 1245 428 1913 4738
1653 2296 1906 2771 1717 3133 1361 3190 3780 2509 3433 981 841 3570 2025 2373 436 3346 3172 1980 2847 3234 2652 972 1007 446 345 2488 260 3252 1664 2138 1379 2886 2889 2522 4914 1243 2326 4406 4915 3504 3405 2841 4638 2604 3894 2907 3366 4555 3766 1040 1872 851 1638 1204 1398 2177 1508 2190 1137 1858 583 2521 3216 42 55 3061 4554 1286 2503 2682 980 2304 252 2305 3274 2756 165 1066 2039 1571 97 1854 3641 1855 2196 3054 2396 1860 2096 160 4988 3882 827 350 1897 320 4681 2458 3098 479 133 3044 1072 4192 798 2829 955 133 2522 276 3052 476 939 94 3454 1656 898 3649 1567 4552 1644 1616 385 2315 2135 3176 3917 4388 1922 1722 3083 4876 2635 4147 3314 1626 227 1531 4830 4176 3860 4260 3245 4258 1410 3528 439 2588 3685 2116 4361 684 1750 881 1296 332 4253 2010 2485 2441 3583 454 4989 940 3761 578 4871 1807 4181 35 3731 454 209 4595 4336 1682 3056 2379 2281 423 2059 4135 4607 4989 4967 3172 3761 3289 1300 778 1235 2689 3677 3241 613 749 1028 726
4843 3808 2407 4232 43 689 696 1161 88 527 1394 2230 2960 2101 2097 1469 563 3172 1740 4273 2277 1955 4036 3763 2154 328 4678 4729 3616 3101 1586 3313 1193 2870 1822 3016 4935 2943 3765 1298 201 2528 123 957 4980 1952 46 1233 2395 4959 1244 1332 3086 1924 183 4229 1387 2866 4598 2430 2221 841 740 791 1454 415 4232 1608 2063 2070 2364 4231 160 3133 1891 1725 2028 4803 1571 1567 2133 1309 3613 4188 1017 2781 3163 1055 3583 4416 535 4938 4377 3185 705 633 357 604 1046 3097 418 3770 2623 905 1796 625 1976 4451 601 3803 2447 4841 1290 3917 236 3215 1184 1960 4585 4535 536 4484 1258 217 696 2078 500 1446 2906 3805 4093 1414 2190 2901 848 3271 4880 1912 1758 3039 2966 3823 1967 1974 3619 1227 1545 432 3861 686 4848 3389 4573 1341 800 3032 4514 1073 1993 3316 543 4006 1080 333 2563 4392 2637 447 1642 758 1550 2064 4014 3982 710 4943 2400 1679 224 3947 3639 72 2326 4662 4497 3465 4855 610 2646 3349 454 4289 4451 3940 2555 673 1902 4352 2333 868
1126 3109 18 3565 4209 3971 712 690 306 943 3450 3474 3934 988 61 4755 478 1980 4273 762 3852 3121 413 739 2857 2985 2390 2227 327 1682 4639 2141 648 1419 2549 388 1065 3752 282 1845 2551 2867 1191 56 227 1391 1912 529 4888 4119 2759 3265 2641 2520 1940 3821 133 2441 1132 1895 4134 4731 2683 2324 977 1013 2620 2381 1173 2300 4942 615 1572 1552 4303 3362 2222 2888 1503 4542 478 4292 865 3759 2820 4825 3769 1253 2930 4543 1126 4848 4938 2928 3610 2040 392 3188 3753 76 4030 4646 4440 4709 1308 176 2608 1274 731 784 1192 3725 1798 3836 4626 4508 1023 880 1951 4714 693 3062 3084 4825 1728 3291 2162 4407 4520 1899 1321 474 1129 3233 3490 3441 304 3049 621 2570 4287 1821 1157 4134 627 3380 2248 3071 29 355 3567 3255 4715 2444 1648 579 994 3123 767 924 4397 2591 1133 1507 936 1062 2876 4059 954 3140 1905 3560 2395 2979 1258 1986 4566 2276 85 3902 414 4064 1605 4335 273 4658 4764 4625 35 236 4673 1649 3871 4632 436 120 1476 3986 3170 2288
1562 1649 3770 2537 1505 3846 1493 881 4102 1770 3177 550 1656 1282 3394 4779 2617 2847 2277 3852 4795 2028 2370 1985 361 2372 933 401 4264 69 1697 2913 181 3141 1078 4418 3413 800 1568 4692 1441 4105 3340 2330 4040 3453 1274 794 4136 2874 494 726 1591 389 2891 3136 446 4143 4596 3379 2223 3784 4672 4723 3324 239 4016 4415 4986 615 2754 1613 4652 2922 3301 1548 3421 1381 3319 2260 4933 1957 1010 4716 3749 579 1225 599 4191 2172 2202 3360 3543 820 3053 2047 3402 2721 4264 3366 998 4228 3569 4081 1144 4509 1945 2589 463 4635 756 4445 3502 4692 2803 3326 3323 920 3799 3355 142 2682 4208 3985 3134 588 4690 1145 3950 3619 4105 4866 14 837 1053 2638 4593 2826 3643 2975 2717 1785 1456 2937 2578 976 1672 3906 4081 1388 3833 2445 4319 1477 1196 1387 121 4991 2286 416 4914 4906 277 3479 3387 4710 1775 4915 2479 4410 2835 1103 3016 3354 4152 856 567 4636 1367 4348 3282 4413 2456 4464 1482 1911 3676 4795 2761 683 2139 2229 2588 4986 751 112 499 2189 880 2311
3665 1122 3020 4065 1987 1675 3002 2862 4457 512 1658 2286 1160 923 4489 1298 4402 3234 1955 3121 2028 235 1996 1353 4961 3428 2715 1815 1662 3058 3205 3340 2304 3770 3542 3304 2494 4190 327 3677 556 4781 1425 4178 1689 44 4041 3866 2198 3767 2108 2634 3342 3573 322 2030 1753 1355 1317 3737 2627 2008 3021 3791 448 2445 404 3843 4326 1620 4306 1148 3712 4825 4085 2940 3183 3899 4883 4630 4278 1872 2684 200 3704 4258 2537 4904 1410 1815 308 1206 3330 1405 53 2666 3253 2200 391 3172 2733 3581 1191 1838 3989 4335 4192 3457 4643 2287 438 1364 4247 31 4438 2857 1539 3863 3633 1439 1490 2139 3288 1081 4129 4058 4079 1078 4070 2890 3216 3640 4666 3412 4831 2839 3903 3084 1484 1591 2844 4128 1228 2324 4574 3827 4827 2204 2882 357 1271 94 731 2217 2613 2471 2406 2636 995 2492 4926 2496 3396 1555 880 2507 3350 1272 1341 1032 2327 1176 3585 3353 231 1341 2741 3826 4548 1765 2882 2552 30 4069 4211 4539 3418 1098 1057 1702 3911 3454 1818 4779 1975 1893 2187 1561 59 424
1380 1624 4187 1543 1250 142 2391 4818 1322 4897 3299 4686 3781 1971 575 3303 555 2652 4036 413 2370 1996 226 1622 3239 329 2524 2856 2329 448 1909 2750 4782 3104 141 4518 19 2819 3300 1803 95 2571 2767 3103 97 978 2843 165 4823 983 4418 4987 4901 2927 2409 2736 3362 2505 4689 1954 3794 795 1093 1306 4980 170 3854 3793 316 2879 2592 2753 3214 351 3862 3856 455 126 1776 4177 1834 1538 1049 4394 844 1267 266 4955 3736 2648 1305 768 4543 2328 1052 3584 4377 1721 4064 1560 2213 487 1806 4232 270 695 3643 4033 1417 1241 4350 2456 1994 3690 3925 4836 3968 4152 1406 1765 973 4583 2513 4029 4955 4931 4638 2030 4766 4508 4617 3191 712 2124 64 3201 4810 889 1728 4796 916 621 4670 1271 1774 3624 4468 3700 4354 1091 2020 589 358 2052 3828 1235 4062 4809 4728 2304 4255 2225 4207 1721 2789 3307 2334 4234 4276 4283 3292 273 2046 3068 3209 3578 1334 204 4065 3859 4067 4275 3061 2991 4160 713 1855 3373 3701 4222 4624 2578 1214 1363 3899 992 668 1284 1255 2408
1160 1675 4748 1782 4751 4023 1531 4932 4455 1721 4990 4659 1991 4939 709 1316 525 972 3763 739 1985 1353 1622 2228 1529 467 181 564 2940 579 2002 4191 4137 3532 1165 4587 3504 2160 2816 4524 3305 3481 56 1698 1293 409 64 2078 4117 2919 873 3851 771 1182 769 2122 756 200 1978 914 4149 2723 2457 1029 4268 642 2440 2680 1528 1625 1729 349 2743 2088 667 1598 4983 2877 3793 1577 2962 1857 4813 532 670 2296 2643 4226 857 3994 1739 1531 3604 3228 4517 2475 1180 379 2049 3540 2984 2842 3464 25 4456 1812 307 3417 1698 803 396 406 4963 1230 4871 4335 2462 1443 117 3797 1636 1048 294 2725 71 4518 4852 2036 2333 2529 469 4980 4699 2269 628 1196 4336 4791 766 2678 1502 4958 2909 949 3100 3147 2154 4627 2988 1484 936 829 269 1137 2426 4117 4643 2943 3001 605 1158 4114 3188 1716 2653 2721 4219 3324 401 1861 4087 375 3345 2600 4872 407 1611 3590 3246 3351 1110 4123 1720 2899 3727 1343 2386 896 3074 4008 3862 689 1207 183 4010 4516 3139 3690 1930 2045
835 3199 2550 2733 681 911 351 3748 411 1466 1495 3954 2196 1350 4278 1487 3192 1007 2154 2857 361 4961 3239 1529 605 2195 4455 3104 1980 4394 3431 4037 3308 3689 4956 1406 2529 3268 1300 3991 1060 1606 3934 2136 3558 3720 4501 3400 3858 1264 1140 500 2572 552 510 279 2076 4477 945 723 140 1591 1625 1357 4205 958 1131 3016 4433 1533 4590 645 2265 4930 658 1049 3847 1846 3286 3715 55 2624 3696 2093 3880 2875 1178 2780 4058 3118 3606 1934 712 996 545 764 3823 4790 2749 2160 92 2196 1082 2071 728 191 1042 1253 2348 1795 3099 43 3175 775 276 3449 4075 822 4423 2110 4239 1454 2004 4212 3088 3652 2006 169 1006 1149 1599 4414 988 1408 170 2273 2772 3752 2648 4319 1801 3974 317 4982 2322 3386 967 1648 3107 64 912 3106 2071 2228 2867 4330 4735 913 1139 300 2500 1037 41 4125 167 3166 783 3298 4716 4351 11 747 4125 3176 4783 934 4926 2263 4868 3895 4313 4634 3203 2042 874 1665 2791 3348 1256 558 2199 2243 796 1222 2375 4258 634 4217 18 2072
1965 2003 743 2546 219 4438 3551 112 1440 4621 3580 1766 2152 194 4410 2026 3513 446 328 2985 2372 3428 329 467 2195 557 1270 4786 2623 4913 388 2604 4868 536 4028 1504 704 4871 1764 1144 3354 4197 4877 1586 1512 1193 4917 3269 1299 3252 784 4099 1281 4996 2113 3682 3613 2990 993 2318 2158 3691 2646 4765 3631 3714 3640 3656 4381 657 2121 126 680 2851 3760 791 1986 202 4681 4721 902 3652 4365 2952 11 2073 1842 4862 202 4332 4712 811 2960 1897 1937 1772 2340 4986 767 3746 327 1348 2956 3504 2677 4882 3870 3362 1247 4006 3918 3704 2090 2685 4385 1941 1390 3859 1252 805 1070 4250 4627 4807 899 2734 2834 1816 1107 1053 4387 2390 802 4466 1270 4885 3179 4779 3543 3311 3995 3390 1473 1660 3164 2804 1499 4757 2903 3501 2607 3071 1697 197 217 2291 1417 197 2438 2114 2945 3956 4863 543 1602 2333 588 1267 1343 4874 2346 4681 3385 3417 4340 2920 2067 3113 3959 3921 1769 3426 4263 1724 3082 4677 2943 2375 2223 53 4190 4781 3650 1822 1482 1711 2239 2318 2163 546
4042 1998 791 1141 1706 2620 129 1119 1375 2356 3357 70 70 1921 4401 2564 637 345 4678 2390 933 2715 2524 181 4455 1270 2709 4364 3727 4158 3347 3115 1733 3495 103 65 3045 4965 787 958 1050 2176 829 3131 2561 2809 3666 1323 1753 4192 1307 675 575 4567 721 535 338 4834 762 4207 3467 3240 3418 4725 4778 856 2607 1695 2145 1500 1863 4214 3997 2341 1578 3099 2893 1758 3116 134 1976 2795 4258 3620 493 90 3608 3607 937 3160 761 3074 110 125 3119 511 4358 2032 3632 2906 2199 3023 4719 4743 2140 3258 3136 3056 3017 3254 1950 1150 1248 4630 1001 3473 4698 4358 1269 3693 1520 507 2990 4209 770 406 1213 25 110 2256 2360 3011 2754 1684 4105 3202 346 4123 2333 2440 1249 2738 546 3221 2589 101 3102 3013 4683 1272 580 1701 301 4411 2318 2719 3266 440 4332 513 1733 3082 135 1280 310 345 2599 751 2507 3848 3203 2261 3138 1343 1067 4061 2246 3713 48 2710 1153 1941 2537 1032 112 3402 4872 1268 2583 4849 4854 1438 2170 1861 1332 4848 4950 2871 3091 2345
727 4193 3931 1845 222 726 3985 3733 2387 1404 2848 1732 2901 2876 1098 2496 4218 2488 4729 2227 401 1815 2856 564 3104 4786 4364 1067 1562 93 2321 2981 3106 2819 483 2452 4317 2963 3096 4157 1642 2937 724 2346 2774 4504 1171 2237 2804 4758 1481 4691 1477 3613 3327 4611 798 1016 4824 531 525 3760 2868 3074 3260 4772 4960 4101 927 717 639 3499 4730 255 4783 2093 3135 3151 4129 3931 3984 2418 4549 3805 1268 1002 2597 2553 1656 4987 1827 315 135 459 600 2702 3706 4258 4452 1311 2614 2080 3763 770 3331 3445 2338 1127 2621 4333 4327 4291 2236 2581 1627 3509 4062 3267 253 3611 4003 2502 4283 3094 2084 3467 4281 2477 2410 2709 942 2092 3868 3951 4486 4953 24 1741 2909 2887 1605 4992 3861 1030 601 3161 2207 414 4636 67 4466 2107 4413 4509 926 4820 1789 679 311 4626 3163 4661 2932 18 1389 2764 1589 620 801 2561 1528 4419 477 2839 1388 4402 4842 2554 4722 2261 1466 211 2749 2408 3998 4257 858 4136 530 437 251 391 4847 4603 3681 2313 2699 1692 3562 834
2589 4466 4379 89 4225 332 1159 531 2945 1285 3110 4238 2279 4727 2467 4536 4434 260 3616 327 4264 1662 2329 2940 1980 2623 3727 1562 1991 2090 3708 1007 2291 3152 1810 4380 3725 523 1048 3182 428 2039 2050 4105 813 2470 4786 3219 3598 3431 365 1421 3116 1931 2888 2271 2904 905 1745 3345 1440 2568 1983 2627 1991 3685 1426 4361 2321 3583 2814 1234 3870 2717 2901 2504 2941 1071 2784 116 455 632 660 4365 1273 1918 2334 1982 925 1844 3240 805 4107 4886 4878 217 3151 1881 1602 2962 67 4359 2312 1475 168 2358 2121 659 1046 740 3670 1348 1208 4649 1942 227 99 4184 4501 726 2823 711 2014 3540 3992 2793 424 2562 1731 2156 572 3319 2699 4261 2805 1838 2408 3231 1693 4423 1930 3467 3012 3924 3110 537 3754 3733 4041 443 4216 1763 4187 882 3455 2806 1421 2347 317 4283 2229 357 3672 87 3278 3723 1647 852 274 2421 2022 3224 1285 1986 2682 3693 3942 3632 1537 1665 288 1761 1795 4146 4222 4858 1103 223 426 1674 2152 293 1922 1078 3398 2925 3341 3691 2306 1536
4020 1127 2908 841 3122 2071 741 2301 2723 3718 766 418 1823 3514 4835 3297 799 3252 3101 1682 69 3058 448 579 4394 4913 4158 93 2090 360 3569 2657 2651 925 3552 548 1488 2604 874 2864 3652 460 3397 1176 1861 273 2977 560 1796 3130 3609 154 1465 3282 2512 4687 4630 4287 3556 4667 4298 1098 1414 989 4587 3949 2787 2517 163 2886 172 3178 4658 4470 2954 2119 1601 3732 2259 1159 3105 4222 1584 4593 3669 3866 491 4537 4193 4368 4254 1914 1816 4975 1347 1435 1701 4001 4607 58 3033 885 3256 2161 3578 815 802 129 3386 1858 357 2880 1577 2349 4470 4021 2078 1275 4913 3770 2182 124 2602 595 3186 4549 693 4511 1534 1775 3386 4690 2641 2886 2359 190 2633 681 2196 1496 3210 3501 730 274 957 2346 3665 295 1755 1339 252 4432 2427 3500 4188 2030 4378 2118 840 1643 2728 4124 2839 147 3103 2637 4129 4623 3733 2761 783 1369 1947 568 3022 2634 2703 3426 1501 2339 3640 1983 3731 2560 3924 2249 4189 2137 2728 801 4943 729 1886 731 1303 4771 1144 1577 3191 2482
86 1667 1805 2663 3395 4320 300 356 4843 3096 136 853 2724 2243 2830 4678 2738 1664 1586 4639 1697 3205 1909 2002 3431 388 3347 2321 3708 3569 2853 732 4368 4980 4869 1688 292 36 2035 2616 1695 4893 3415 4082 1983 3244 2545 708 345 2866 4088 3120 3385 2767 779 1149 3223 4042 2505 3602 1187 2873 3237 851 380 3719 895 1544 2922 451 4986 1582 4531 4286 4080 2444 148 4169 649 1975 1306 78 407 4508 4223 2878 4996 703 873 589 4454 1550 2574 4174 1795 3504 3298 4369 4889 3445 206 115 786 510 2673 1708 1662 2046 3385 1126 440 390 1572 894 858 1746 3191 1357 766 4586 2826 3107 486 200 3172 3892 2629 855 2244 2819 2796 2972 4977 947 4240 3910 3972 2027 3581 3081 1970 1604 2384 4251 3772 1601 3656 595 4029 3697 1401 2637 4317 999 3962 2629 2587 1376 3741 675 3581 1588 4630 3242 1597 4533 3966 4913 3590 1107 4904 1616 733 1169 4094 3707 1756 1931 4183 3516 4706 2520 1388 4781 1985 1122 420 961 2518 4631 4241 2969 978 4529 288 4151 3233 4317 4261 609
1891 4462 4602 3892 2979 717 2812 2772 2487 1919 1521 960 2134 483 423 1415 4798 2138 3313 2141 2913 3340 2750 4191 4037 2604 3115 2981 1007 2657 732 4459 28 2786 4257 2931 2827 3462 704 1484 456 3682 492 3781 4315 4157 560 3922 3285 3584 3342 4390 372 2797 2665 4604 2574 185 2065 2245 359 4757 3945 3054 402 2135 1888 3380 4725 3186 1436 2921 4968 2083 1895 863 4254 349 1127 1457 2466 3861 546 4134 46 2869 909 3997 1818 1611 3835 4965 3711 3241 2774 3375 698 11 189 3681 3615 1587 4671 1062 506 1490 2079 1467 1291 2315 3609 4809 769 2361 1377 944 4249 3306 2517 264 295 777 4589 4853 3213 4619 608 2118 1642 2037 3831 1891 1134 4133 3270 2248 3989 3326 4033 2545 805 773 2162 4952 2905 1725 815 1095 4646 1892 3902 1235 1637 3308 350 1947 4378 1390 284 1119 2124 4565 3792 4320 2036 768 4388 1987 3365 4569 2556 3091 1167 1171 2233 1532 3274 681 3376 1538 4292 3007 2105 1243 2379 4449 937 529 4864 4929 3723 4564 2688 2335 2565 1880 3068 4805 3200 4776
2182 1295 2062 2286 2598 987 38 417 1031 2325 1812 2567 4457 1629 1714 1284 4549 1379 1193 648 181 2304 4782 4137 3308 4868 1733 3106 2291 2651 4368 28 1078 2012 561 880 2838 4576 670 150 416 3597 971 324 1453 4981 2170 3412 343 3211 2490 1482 3079 215 769 2538 1944 4565 2325 3421 558 2613 2087 4039 4201 3599 2967 350 1502 4805 1673 1743 2148 887 4131 3850 3424 4169 4754 3635 4026 4435 1963 891 494 1291 682 76 4990 4204 2301 1858 3060 3633 4028 806 2320 2472 994 2581 2675 3422 2756 1503 2230 4557 2073 4611 3227 4120 1737 2421 2444 4103 2813 105 1424 1147 769 1831 1356 3497 2167 4981 4427 1463 2821 2728 3382 3218 4795 3339 1174 1432 2943 4061 1538 3118 4943 1679 21 4857 3586 2951 2838 10 1451 4914 210 448 918 1042 3166 984 2824 3944 2614 448 3110 3641 4474 1374 2240 3901 213 4856 3461 472 4886 2656 2341 3614 4278 2760 2507 2903 3221 2565 2913 1451 971 1658 3100 2702 1857 2806 3264 4130 1934 1096 1712 2454 455 175 1349 4670 103 4249 3671 1913
2698 4551 3747 4418 3423 2043 2093 3557 2116 2420 2424 1710 3681 3984 3389 1605 3481 2886 2870 1419 3141 3770 3104 3532 3689 536 3495 2819 3152 925 4980 2786 2012 3341 2677 2496 2532 4733 2124 152 3403 1783 3697 4449 675 2423 1774 1313 3505 3147 3564 750 1983 3100 3826 3489 1599 4107 4268 1490 737 3587 829 4032 2463 2789 309 288 4903 4960 2474 2587 2737 4026 1111 1577 4995 2781 3397 3315 2770 301 2009 1205 4327 2791 3203 1989 2110 2059 4256 1633 1351 4456 2566 3203 4716 4520 2816 2878 755 1287 4884 228 4773 546 3052 1618 1586 1429 4799 3894 1412 4113 4983 2374 4316 1162 3712 3557 4088 4697 567 2902 2550 1464 305 4650 859 3632 4645 3786 1446 3607 2413 4333 3677 4990 1481 1036 3453 942 207 2755 4124 3575 1621 4770 4126 1312 388 991 3420 3093 1441 2916 2619 1378 2277 452 29 4487 4911 4613 1312 4851 464 2013 214 1019 40 24 2634 4528 680 2868 260 1972 3031 2830 1134 3455 2221 2189 527 2674 2995 3577 4336 3391 809 3249 1928 3835 2672 2380 1234 1997 591 4113
2180 1938 3711 3182 4274 2093 4877 3487 2619 3578 2828 336 4155 1836 3365 301 1031 2889 1822 2549 1078 3542 141 1165 4956 4028 103 483 1810 3552 4869 4257 561 2677 2326 1970 3077 181 833 604 573 2579 358 188 2262 3043 740 52 2156 3418 3890 3518 2900 3375 4662 465 995 3820 2824 2615 3691 1589 2105 1283 1117 3066 4101 244 2217 3702 3649 4261 3364 2243 1380 2537 4016 2600 3221 1350 1254 783 2077 444 457 2299 403 38 4158 3229 3652 4422 2836 4809 2001 2328 3570 1243 140 4531 2226 3725 220 2015 4866 2768 4189 4828 3871 2188 2726 1372 3399 3144 3622 2221 4974 4522 1081 2604 1074 2738 340 3638 1943 1810 2695 4678 1582 3583 3701 4749 4185 1614 3753 2344 985 2163 3559 3223 3020 457 4808 56 952 1719 3972 1188 2054 441 3563 2804 262 4482 1911 2581 2364 2147 561 681 1341 2849 2726 2840 3588 398 4775 4873 2291 479 3890 745 2248 1249 885 1130 4448 3824 3569 4461 2763 4165 4661 1283 3663 3885 2238 1752 3162 2009 3582 4996 721 2169 3243 2643 4228 2426 1419 106
796 1567 1932 2596 2557 2400 4127 4051 3781 4702 4470 463 1493 2788 4171 2770 1687 2522 3016 388 4418 3304 4518 4587 1406 1504 65 2452 4380 548 1688 2931 880 2496 1970 3963 2880 3080 782 2297 4673 4381 2366 4822 792 4008 2152 683 3798 2875 211 1876 2895 1396 2294 1633 4482 4117 1069 1736 4401 3501 925 1754 2486 2101 617 3998 1779 2336 3260 762 199 1450 4004 4651 2171 3840 2419 4665 1043 3336 4996 4866 3835 4443 4165 25 4560 963 4243 4689 4965 2961 3567 3915 4980 3510 4907 1775 4784 1647 1301 2023 1110 600 128 4460 2407 4173 2893 3927 4377 814 1676 3140 4083 1249 1555 60 4745 4654 853 2123 2509 2857 3335 3386 2493 3808 3242 1374 2446 3787 103 4830 3312 4500 1898 3283 959 2517 2115 1777 610 1918 3939 3226 1412 3074 4966 3993 2389 2855 2327 54 4172 4015 4186 2822 3763 1233 1923 1394 185 4190 2501 4648 4541 4302 3457 3016 3199 4117 1344 2355 4307 2737 2124 2603 2479 2155 2193 3370 2834 810 1415 3909 2131 2285 4258 3253 38 4937 4782 3658 3130 2576 2488 1687
1286 481 149 4374 372 4021 1175 2869 469 4664 867 1975 445 2970 3372 118 1710 4914 4935 1065 3413 2494 19 3504 2529 704 3045 4317 3725 1488 292 2827 2838 2532 3077 2880 366 4692 3159 4225 551 803 1532 1603 4135 3636 2791 2840 4541 3432 4688 3029 2270 3610 4260 412 3706 3184 306 3648 3518 3794 2748 280 4704 1902 1226 3997 52 229 547 3512 189 274 159 4970 4492 3020 1862 1362 3124 4956 984 3494 4460 1835 375 4916 4409 2591 840 3924 1163 3045 2392 1682 491 3273 2246 2614 100 4049 3646 2823 1614 4776 2265 2383 4559 4347 977 1770 4415 4025 3131 3643 2852 1806 169 4518 2116 2587 3774 4733 1809 2404 3288 4354 2593 1358 4099 2453 4842 4850 3177 4114 2261 606 2240 3818 2696 4182 1815 95 3437 3558 335 1625 379 4630 333 988 1863 86 2666 2631 1396 4853 3138 4817 4149 1152 1084 3303 2068 3560 1098 2329 3963 633 2760 4998 875 1089 991 1480 367 4303 3430 497 3928 2868 3713 2780 33 467 2847 3597 1466 1511 1729 2160 4135 1161 1817 1480 1131 3151 2556 3876
1000 3314 1332 1073 4491 1537 466 948 2520 1687 2733 306 4608 4485 4041 3956 2383 1243 2943 3752 800 4190 2819 2160 3268 4871 4965 2963 523 2604 36 3462 4576 4733 181 3080 4692 3582 3808 2008 1533 941 4067 2851 624 3110 2930 550 1372 1505 798 4313 3491 4393 3105 2476 803 1868 3016 1179 3483 610 1082 3335 3938 487 2451 1744 4853 3575 280 2996 3859 513 1930 2771 1925 597 2372 3298 364 4243 4893 4841 276 2314 254 2081 4400 2147 4655 872 3890 1281 2661 4516 4575 1953 3181 212 2972 821 4578 3847 2197 1515 3207 3713 3584 3292 4073 1417 2074 1793 3041 353 608 4028 974 2292 4562 4171 4958 3279 3493 3939 2045 1321 4793 866 4988 1285 1657 2457 4729 2820 1029 2067 4589 3222 1665 1109 713 2430 1849 4137 4507 4150 3719 1857 3226 3404 3070 4348 1106 150 1059 3416 2288 351 3038 471 2627 2749 648 2578 4354 4573 4969 2086 3635 408 4836 752 2694 1063 2181 4357 3472 3440 2159 2101 925 3683 2285 2797 3319 4339 1660 525 4391 1539 2461 939 709 598 275 1641 2243 4226
4532 3129 2720 3959 1066 1281 464 1462 727 3977 3729 4048 2685 555 2597 4515 1105 2326 3765 282 1568 327 3300 2816 1300 1764 787 3096 1048 874 2035 704 670 2124 833 782 3159 3808 2904 4723 1956 523 235 1922 3125 3784 1834 1917 1137 3971 1569 1053 3859 2942 3904 4102 4807 3470 2601 3144 2595 4647 3703 1137 3039 2638 3078 210 3448 4076 4158 1692 3847 2651 3095 68 119 1150 3428 1872 1200 3511 2699 1120 3653 4764 3639 2732 4518 1772 4270 4144 931 2007 1719 4735 903 719 4494 2162 1236 3392 3076 42 3786 3456 1467 3598 2735 4682 2115 333 4687 857 3918 4019 3078 2674 1884 489 143 3079 3607 1208 3637 3527 1546 2699 2027 2592 1410 2753 1864 2326 1698 2170 3852 2457 3430 3411 1076 1962 914 128 3752 3308 3729 4298 4827 1811 4340 4277 4447 2764 147 182 3209 4794 4921 526 3057 669 641 2318 4253 3476 910 712 1433 1808 2741 3361 2826 1562 465 1391 3012 236 4760 1110 3555 3786 4971 1442 4255 3910 4968 2895 2949 3684 925 4809 3251 3348 4727 1180 50 738 4163 4638
1128 2943 4975 3642 2306 979 1356 922 325 259 4679 2064 3757 275 3737 2026 447 4406 1298 1845 4692 3677 1803 4524 3991 1144 958 4157 3182 2864 2616 1484 150 152 604 2297 4225 2008 4723 2603 4484 1286 834 2668 4328 2765 3274 192 382 4186 4889 4216 2285 4124 1799 4851 2421 563 2127 1010 4470 3225 3540 3565 1184 3635 2657 2638 3877 2684 1268 1097 2872 1377 1018 2122 4133 1918 4693 2385 4388 3413 4404 2906 4884 1437 1782 3654 2525 1487 3765 4265 1309 4566 2171 3125 2892 1362 816 2035 2437 3234 384 4163 3465 3358 892 2753 2780 3044 2989 925 2638 2696 558 2329 4206 1608 1681 2696 1268 3545 300 2514 2620 4787 2591 577 3266 1084 985 2048 2673 3728 4240 4758 82 1721 3237 104 1748 2875 1080 491 3979 909 2792 1447 1192 2654 342 3367 963 2951 2556 3437 1706 3870 4550 3805 1070 4109 1958 594 35 3596 1955 299 1122 497 2032 3263 1960 2810 482 4441 296 4937 2195 68 2443 3895 4244 4880 3560 3000 3606 4403 4827 4062 476 2750 3621 1531 1521 1079 3085 1514 1344 2313
