N: 200
M: 20
Symmetric: true
Triangle: false
7 101 199 104 6 12 133 55
9 182 79 28 15 11 42 78 31 156
15 136 174 177 183 131 191 86 98 65 45 125 196 3 113 40
10 77 187 193 119 32 198 158 192 108 117
11 132 185 35 110 140 46 44 181 166 81 96
14 167 153 141 95 37 80 150 200 137 19 70 190 103 30
13 75 64 17 34 59 76 93 109 7 188 94 69 179
8 160 39 84 87 62 88 164 38
10 115 162 102 149 51 148 85 13 173 176
5 197 27 170 2 61
11 171 178 154 8 139 106 43 54 9 175 180
11 189 47 123 163 151 99 52 63 66 116 56
7 22 91 107 122 161 152 29
8 20 111 128 74 105 157 172 126
10 57 72 144 1 130 143 138 73 129 68
9 134 168 18 82 14 159 169 124 118
14 36 100 89 135 25 121 92 49 4 50 147 71 41 127
10 48 112 23 194 24 10 142 195 16 5
10 155 145 53 186 67 165 184 146 114 83
8 58 33 60 21 97 90 120 26
3984 1398 3803 906 4909 3324 4477 2165 2261 4159 4716 1479 1764 471 3906 1414 1998 3969 4142 348 1278 122 1636 3491 2148 4029 815 4737 503 1761 1964 606 1995 1866 4144 363 2297 2913 188 1963 4978 666 4252 206 82 4909 3664 3117 962 2655 3483 3433 2531 1495 4435 1251 1370 339 4860 184 377 4719 4228 3415 4485 3128 3444 3431 1532 3731 713 4564 3220 697 1711 4891 1714 3755 1946 526 248 595 2894 3615 2039 4881 2627 349 982 4003 3120 587 3213 4954 3631 1202 2807 3861 3097 3223 1499 969 2982 111 3083 2151 4195 657 308 3234 3699 2369 1458 2282 4666 3912 1492 3525 3830 3747 3472 4586 3082 1765 1312 154 2098 2424 4262 1874 4271 4627 3870 2684 2205 1582 306 838 4386 2287 947 2152 4326 3185 2423 1080 844 2764 2170 1275 2147 2424 2094 4296 3429 3869 3700 1695 309 464 137 4949 4337 346 1935 4035 495 3266 2011 2803 2993 1029 2053 963 1360 4528 141 89 228 994 3361 1084 2885 1928 2179 586 1405 224 788 539 3551 2914 3142 160 219 4775 1049 4976 2279 1380
1398 1341 4993 1161 2686 2025 2961 1702 3139 4762 3315 1967 1178 3051 578 3630 3064 2837 4496 3567 4223 1948 2571 1908 1243 2860 3060 2239 1133 1956 4503 542 2328 2350 539 2883 1422 2783 1671 2595 2449 2438 894 1818 966 3780 3259 371 4485 4519 4666 577 2008 3369 4285 1263 870 3214 4973 1349 3778 4499 2107 3647 3199 4209 176 3812 3360 2021 3670 1600 4493 4046 1311 1883 4049 2083 1543 2886 1514 1446 4697 801 2857 4481 3476 2104 359 3200 2916 4381 4848 4060 3160 1788 3313 3721 3140 3752 3800 1946 3556 2536 2791 4639 2681 388 2667 2862 2575 4976 1828 2944 1481 4186 2285 4865 3515 1796 2281 4997 4651 1463 4406 1583 1869 386 1322 4873 2843 4363 894 4636 227 4326 2474 1044 592 3438 4182 1557 4016 729 4423 4992 4046 3879 2634 4811 623 3764 1157 2826 764 1488 2898 1225 3407 2674 2597 1293 907 1876 4584 3875 1104 1946 2344 1416 769 4919 4882 2603 2011 1787 2929 3067 1508 396 3046 2878 3608 3220 1112 1807 3957 4858 1145 885 1674 3584 623 2117 189 115 3987 1055 3956 3068
3803 4993 3627 4312 3191 2474 2533 396 4381 3710 3108 769 1975 4844 4851 352 4766 3909 62 2465 513 1269 369 1955 4393 185 4637 1247 2757 1213 1112 2079 888 1366 2392 349 1830 3644 2184 3173 1114 180 4306 712 1494 2734 2489 1664 1496 2188 2906 1341 2616 4321 4149 4054 1670 1574 475 2701 3819 2568 4236 3295 931 1619 148 2979 3125 341 342 3698 1423 224 1738 2267 3538 3252 989 1618 2021 4851 4794 3535 1217 4953 2424 3345 4815 4856 2783 3943 4208 4129 124 3943 2433 1094 1589 727 1614 2577 2833 4494 3462 145 67 4841 1874 2575 3883 1889 1951 3245 2455 1286 263 4088 1017 4797 3135 2782 3668 768 1931 4363 4601 4647 4553 765 2603 2137 1984 711 2137 1325 4571 131 3997 2702 2510 2932 1076 3155 1607 2354 4011 120 1603 2222 3338 2632 1588 4666 367 4377 3743 3861 4461 4558 1503 2906 3317 4194 1105 2207 2386 4914 4674 14 3133 4985 4425 4805 2428 1851 2834 4220 3041 436 3139 2580 1989 241 2954 4908 2156 1661 958 1346 4445 2250 1568 2069 2002 4554 1038 3457 2752 4321
906 1161 4312 2689 3224 1087 3023 1567 1747 910 4644 832 334 2101 2576 196 2393 218 3876 746 4613 4510 2225 4825 33 563 1132 220 882 2580 2772 212 472 1279 2964 2876 4471 1054 801 3201 2861 2229 2897 472 3664 3941 1204 1924 2141 3590 2531 3071 3430 1504 2143 202 233 4272 283 4140 493 1223 3688 155 2797 531 448 3902 2858 573 4097 1220 4112 354 792 1156 560 4279 2085 4187 549 2979 1504 4460 4096 4593 2369 1969 2540 629 2697 3976 2446 1224 3481 2932 1409 3721 1067 3414 2174 2396 4502 1235 755 1912 4179 4679 2848 3204 1864 254 1034 438 3903 4861 1014 4752 849 4241 4656 1690 4900 2564 3166 2201 3586 1378 2903 3308 817 2540 4646 3989 884 847 4494 1195 3034 2703 3991 2759 2262 4918 1439 62 1441 4591 104 4176 2500 812 1441 1472 1785 2838 4541 2754 782 2012 4403 1633 1483 1787 171 1888 3696 1209 1130 1528 4533 1275 140 86 2835 4228 1042 2374 2609 2509 2249 2912 1306 2574 3578 1810 3742 1033 768 4448 26 987 4878 2089 2948 1856 3310 4345 4831 2979
4909 2686 3191 3224 2508 1776 3069 1464 2844 2771 4153 2666 3457 602 823 4920 1392 4738 429 3785 4375 2974 3321 1704 4333 3941 426 1642 1328 66 2410 3354 3674 4184 2885 4306 2562 1416 2190 1265 2194 654 1139 1455 4783 908 1380 4389 3533 1484 1960 4673 494 4601 2545 2571 2430 359 4732 4382 597 4913 1095 3519 3428 4680 3146 1177 4748 2221 3570 3081 2829 1235 3356 1884 4959 4652 1821 156 700 2889 3638 4157 1071 4458 1454 3564 3548 2392 2879 504 3978 1361 457 144 4402 2191 3559 591 1584 490 25 2957 910 43 3673 4201 3578 777 292 4279 2145 4986 3616 3131 456 4732 4621 4458 1545 1036 4209 214 1310 2209 1991 1403 1834 2577 4557 964 2857 4302 788 2112 269 4209 4512 3699 1704 4283 860 3928 3049 4752 1959 4445 2198 2722 177 1816 2020 2398 718 4372 2284 2351 747 4644 459 989 2026 4382 2235 689 3472 1194 4044 993 2945 2665 2862 1274 3970 2985 643 427 4540 931 32 1311 155 4644 4326 395 3112 3362 2752 171 2686 366 4884 849 3841 4513 928 2415 1512 4876
3324 2025 2474 1087 1776 3182 1843 4203 2847 1513 1045 1179 4444 1430 4893 3776 1728 293 3375 2349 1580 2178 1610 4380 4244 4798 2892 4796 4303 15 3861 2790 268 3669 255 1761 2665 510 4023 2896 3888 150 228 3886 1297 3334 1758 3816 2789 2483 883 1988 3032 3992 1574 3645 3564 4104 1720 3368 1424 1762 4833 4803 4067 2943 3502 4003 2225 4557 3165 2365 259 2239 3466 292 3343 2059 1779 2150 1905 4392 2639 4827 441 3240 373 1438 969 526 1198 38 3537 495 352 4239 2889 1635 192 1110 809 4544 3267 743 2257 1954 3528 3662 498 3638 3457 831 4930 2685 812 3773 4478 4299 4391 2944 744 2732 829 231 2962 3917 1859 3426 2806 1824 639 1567 3978 3602 2343 1927 1398 1013 4538 114 241 4609 984 3912 4986 4309 1551 2046 3533 4504 4919 4155 2716 1795 4581 4189 512 2889 2578 3692 182 1806 2538 1635 118 2186 1737 1896 893 3201 2171 3555 2397 4292 2337 706 4388 948 1032 3606 1659 2111 1790 2792 3986 3489 3893 257 2522 4474 1225 3190 4909 1164 2390 2797 2460 2387 3008 2721
4477 2961 2533 3023 3069 1843 3432 1218 4987 424 3641 3271 4408 848 958 3294 3288 2734 1181 1042 2210 4270 2063 2567 2173 1707 698 2098 819 953 23 4554 1065 456 3378 1383 4387 291 3914 2581 4465 398 1156 1353 4675 1116 2660 3431 4649 1775 1581 1325 1717 3530 4128 1355 3369 1728 4096 3311 896 742 2030 2631 701 1533 4753 4573 4121 4592 301 2080 308 630 4474 1311 1050 3200 4766 1221 4201 2904 3801 4187 3100 4853 2229 2709 1420 4547 1702 1052 61 4694 4242 3978 2957 3550 3886 3992 895 2537 3588 2589 3955 1792 1663 446 1283 2704 1492 3050 371 1149 1840 1203 4453 4833 1428 791 3299 355 4031 1866 4132 4123 2161 2495 3951 851 1809 642 4971 242 800 2166 3179 2014 902 3590 4992 1890 2891 4590 3359 1329 2688 2633 4200 3514 2261 4146 2690 4614 1409 3439 256 1253 2469 2709 4942 2652 561 3327 810 4629 2523 1285 1002 924 3161 606 2583 3321 2851 276 4889 3495 3751 3931 1804 1002 839 4113 3907 447 494 3151 4523 724 3774 2890 951 4280 1188 2985 999 2847 2309 1227
2165 1702 396 1567 1464 4203 1218 2991 1641 3778 3335 4131 15 2566 3637 1788 4595 4167 4696 2273 2481 3915 2796 2712 2160 4151 1841 1759 503 1600 1468 1063 1462 4134 806 3616 4349 168 2721 2693 3951 4138 173 590 4627 1701 3522 3643 2521 3120 962 1946 141 2341 3265 1156 4036 1867 1776 2831 3996 2324 3512 1955 4573 3746 1310 3646 454 1478 1411 3725 2123 1926 3227 4469 778 494 4096 3173 4114 2144 280 3009 1099 1651 1405 4639 4915 98 2949 2263 4646 1485 640 3995 2737 3897 4067 4218 3290 818 748 1782 2078 1628 3814 1571 665 1821 770 4262 959 4664 3083 52 4600 4210 149 2193 4355 3283 486 2835 2131 2355 3898 2377 2852 634 1701 709 1868 3608 266 4864 762 1320 3929 728 20 1103 3588 1075 4376 1921 550 2914 3063 790 4665 3907 3387 3124 2154 4522 1216 4297 4051 822 4481 1539 3764 1816 2079 2317 4522 2550 1661 616 2577 1852 3023 2151 4079 310 3837 64 4396 2465 3225 3828 3116 1001 3728 4778 2916 1991 4611 3430 4181 4821 3349 3183 2700 2117 2406 1629 852 1924
2261 3139 4381 1747 2844 2847 4987 1641 497 2675 1525 1361 3138 1754 2681 811 90 1437 3011 4925 2440 2033 2000 2512 4082 2131 3729 3634 2897 3439 1452 441 819 4628 883 4067 2527 1452 1037 3647 4090 1986 3067 1577 1884 4075 617 4002 1891 199 649 3234 3346 258 4939 4704 4803 4676 1467 3247 302 2787 1610 1396 4782 1128 494 2742 246 3726 2271 1333 4200 3987 1918 4464 1054 3351 4238 1373 1238 2220 3445 365 2260 2931 1151 4576 4548 1566 4191 4122 4138 2150 1702 986 3460 896 4397 3856 2346 3118 1504 609 1978 2674 2355 2926 1330 2788 1674 3906 4712 608 1474 1815 2412 2065 2091 3317 4751 2503 595 297 4303 2181 4756 2213 2607 441 145 3391 3812 255 3988 1195 4963 1861 3533 3579 3374 536 2279 4135 3366 2098 4827 240 2061 3450 1855 2366 1418 912 3444 3751 2595 1481 2438 2446 366 2122 3562 618 1768 1909 4733 544 825 638 4654 1642 4549 4550 4135 761 2863 3573 299 2972 2982 3490 4985 2921 940 2381 830 825 2717 1305 3791 310 3608 4310 4213 2462 4436 1917 2619 3304
4159 4762 3710 910 2771 1513 424 3778 2675 2029 2170 1115 1121 2331 4703 535 3705 370 2112 1334 446 4425 1988 862 1873 1363 4628 3569 396 2750 2740 1375 3327 1818 1909 3403 2328 1472 2332 1587 1835 2091 3506 4016 1621 3969 3240 3677 2581 538 3190 2749 3150 3555 952 2351 1195 3678 1383 1957 730 2909 1637 4792 157 1154 4970 1287 3772 2498 731 4810 2814 1861 2523 3499 4452 1308 2723 3667 573 3845 4565 2786 3173 2570 4057 832 3690 2730 3626 3218 1138 1521 268 55 1792 2377 2271 2571 4824 171 3421 843 1777 4628 784 108 4746 2511 1415 4406 2486 3132 3890 2754 2814 4634 4706 2336 693 2711 2631 4390 4299 1528 970 3390 2001 4347 1328 94 493 248 1793 1337 1017 504 4373 3367 842 3445 322 2297 2723 373 4888 4851 451 4140 2432 4653 294 4957 151 351 4527 923 4761 3330 2476 2557 900 2804 4740 3702 182 4794 2654 4256 143 2098 881 363 1074 1165 3937 3612 4830 3247 3028 4531 857 1340 3499 3548 3100 4200 1690 1442 1079 1673 620 4004 1346 1095 4923 1662 4405 57
4716 3315 3108 4644 4153 1045 3641 3335 1525 2170 811 1949 2569 3216 475 1124 4371 2689 276 1515 1291 992 294 1429 4477 4547 1025 318 556 4431 777 547 3013 1360 4984 4399 2700 3411 4118 3844 1667 4542 4323 1681 3542 2273 3708 4861 1588 3544 1074 801 456 4715 2933 3548 1754 3746 1738 3551 1358 4186 3096 2511 4857 3018 2182 3694 3033 4407 1587 4428 2242 3463 3284 1800 4286 3585 799 1673 1416 3532 69 282 2352 3809 2115 2395 868 433 337 393 3244 1195 3260 4611 4507 4914 2203 597 3418 525 2723 3391 2442 610 2864 4402 4305 617 257 1232 2032 1899 1526 4604 21 780 3286 3630 195 31 4135 4387 2991 1559 2895 1408 3941 900 3228 2351 646 3964 2714 1492 1793 4734 4523 3898 4345 115 3915 4038 3464 3125 1365 775 1730 1111 1457 2005 3726 1569 2337 3495 387 92 2320 4970 3573 132 90 2263 3671 3053 1448 1169 629 3927 1362 1294 4623 1905 1490 785 483 4608 3670 4266 1304 66 4066 3072 3535 1529 1569 1696 1735 4091 4598 3089 485 3009 1685 1987 4174 4734 3129 3153
1479 1967 769 832 2666 1179 3271 4131 1361 1115 1949 2843 3080 297 4838 2225 4242 2455 272 3844 1270 4995 1382 2472 770 4825 2085 4387 1960 3550 4750 683 1178 953 3440 3908 3480 1635 2017 2341 3648 4215 4877 1337 3802 3090 917 651 4047 1171 2406 1304 2907 2072 419 4917 2632 4031 38 1867 2643 1821 4282 4133 2893 4217 530 625 2066 2593 2351 1219 858 3055 1196 1709 874 1029 4263 2759 4103 266 4564 2645 1360 2533 3231 579 3153 604 372 942 38 3653 1886 2270 1125 1938 912 3161 1531 1615 3298 1750 1903 4524 1053 2974 2124 588 313 3081 4164 4559 4562 2773 140 1209 648 1662 3033 4580 2218 20 3161 68 4101 2926 3647 2993 1971 297 4659 413 68 4735 1829 3261 4452 394 988 2911 1016 4348 2218 1219 4598 1129 2351 3719 3212 2885 4996 1695 3477 4037 956 2756 3001 4275 2662 2054 1725 1321 105 4463 1219 1639 3370 3072 1552 3182 552 3440 2447 4808 2459 4986 410 2016 4065 167 3291 1074 4840 892 2368 2226 2218 2981 2200 1458 786 4927 2518 1773 1695 4025 1634 4134
1764 1178 1975 334 3457 4444 4408 15 3138 1121 2569 3080 2547 1531 383 3973 428 737 4585 169 4023 3799 255 2433 4936 2413 1646 3414 4981 3217 642 4514 2634 3802 2826 4862 3008 2305 3132 143 2262 1714 3705 4147 4043 2377 390 1861 2275 4751 712 4232 3540 3382 1575 1983 4213 1896 4482 2369 2751 1855 3135 668 1047 1739 4160 248 2351 4980 4562 2445 2776 1909 1328 3222 3363 391 2088 2593 119 3791 773 2687 3608 561 2803 2858 682 4402 4563 4136 746 2223 4677 2065 4855 2346 2562 1127 4851 3663 3750 1266 2538 583 3429 924 634 2918 4585 801 2687 285 2754 1864 839 1904 2192 3223 4672 1240 3428 2731 4008 2261 4054 3538 2623 4329 1232 4843 1050 779 3749 4518 4330 2773 1997 4772 3427 1253 1530 1627 2844 1962 1284 4825 3072 4727 4376 2068 2186 1898 4983 3549 492 4999 1602 1874 994 1956 4287 3712 1240 3808 3971 2315 661 4269 2498 2935 3978 4369 2785 1092 3026 3404 3193 3411 2977 2268 3727 4101 4358 892 1682 1207 56 3441 1432 1464 2582 1225 2148 3336 2936 914 4725 3441
471 3051 4844 2101 602 1430 848 2566 1754 2331 3216 297 1531 1728 2379 147 4292 2596 1122 2092 3869 2562 1148 4243 2580 2421 4972 3077 1877 2306 4057 725 3158 1997 3329 4165 4480 766 1147 681 4330 4823 2673 175 4111 1175 3380 2805 1842 4481 3744 4159 361 3443 3330 3399 3428 2485 3268 98 4819 4947 2684 246 4138 34 1337 3532 4798 1801 3047 3234 547 830 4749 4597 3886 916 1855 1286 3266 4730 1964 1451 3058 3325 1177 4038 856 4947 4791 2132 3884 2877 1206 915 345 3521 2335 2477 4085 4292 4739 3532 2847 2175 4021 2857 4018 3075 1682 4663 910 4210 4183 1713 4191 3957 4523 4140 1797 2356 1733 2568 1939 973 1366 557 1441 65 4728 4765 2165 4233 1547 4682 4082 2892 487 4569 3121 2868 4122 506 2155 2009 1171 4234 1137 3785 3499 2145 4032 2060 1394 4908 768 4054 4856 2406 4432 3789 1702 2715 2701 3094 153 3596 124 511 4694 1342 776 755 186 1689 330 556 4558 3302 1277 2546 547 4643 1740 3801 1881 2967 2997 1102 1138 2107 1086 1336 2592 754 3743 476 1834 4000
3906 578 4851 2576 823 4893 958 3637 2681 4703 475 4838 383 2379 3625 2451 1385 380 1427 773 2530 4178 472 2806 665 310 4088 4408 4252 1527 4632 1581 640 1984 4566 2664 4477 2292 4459 4501 948 2903 1136 1981 1444 209 2106 142 1852 4647 4298 2385 2060 668 3465 937 4982 3515 1366 1924 2894 1971 587 1474 533 4184 3729 1350 3001 3910 3827 3012 2727 4758 1234 2547 3937 4228 4123 282 1486 390 553 3287 4601 941 2048 1187 4546 3013 22 1791 2443 1133 813 594 1921 1015 1504 4769 4434 1815 3833 288 4507 4726 2736 2419 972 3651 2424 2863 2438 4299 2664 1534 141 3811 2318 337 2535 4302 1670 4709 3511 2216 414 909 649 3747 327 2284 2335 1529 3552 2726 1692 3282 3575 2169 4530 181 3856 139 738 1192 40 4491 170 3941 3915 3662 762 2596 646 4480 2820 4156 1665 4000 4974 4560 2625 2631 4735 1758 3603 1115 4149 405 3802 1073 613 2588 4128 855 2508 1092 2350 3881 3598 1694 3200 2447 83 2978 3268 2320 3091 2040 3263 875 3545 2881 3176 2647 2052 174 3985 4965
1414 3630 352 196 4920 3776 3294 1788 811 535 1124 2225 3973 147 2451 1608 468 4465 2147 2248 1564 1789 253 1330 4128 3058 3904 2480 4729 4516 1222 4305 4417 964 1122 143 77 4925 3782 1808 4378 1680 2891 4328 4761 1392 1234 3321 2655 2002 3821 2363 4846 1688 1751 2769 2003 1236 4510 889 327 623 346 4299 624 4527 907 4011 3663 1674 1450 2677 4675 2497 805 3262 2618 2214 2156 1460 2102 3972 860 455 4072 868 3161 3984 4971 3531 3759 4202 3772 2211 4602 3092 3085 1763 4446 866 687 1183 3810 4425 3852 4208 3064 2570 1783 1593 276 4066 459 3860 317 3989 2659 4878 2657 798 2959 4719 610 3494 2152 2131 2493 2936 3005 2523 2251 4805 693 4588 3298 3234 960 683 4622 3466 2246 4265 1875 902 3795 4199 1744 4523 2900 3379 1531 4225 1072 4448 2056 2992 1538 1601 2607 809 2491 722 3365 3130 3671 415 3578 2123 754 1097 3027 1324 1741 1513 1718 1026 3794 4377 3575 1939 1397 625 1869 2153 4764 1422 352 4903 4991 1717 1308 2716 744 4819 2456 748 4428 1122 1723 4155
1998 3064 4766 2393 1392 1728 3288 4595 90 3705 4371 4242 428 4292 1385 468 612 4292 1159 3578 3506 2864 3572 3762 4596 3403 1950 207 4781 1477 2773 4386 4520 4873 2604 1604 2959 4295 4544 330 1856 4718 1101 390 1686 620 1695 4158 3495 3810 2085 2346 3659 1114 4974 1085 4546 3319 598 423 3394 1859 1652 1236 344 3499 4468 2884 932 2904 381 3037 624 4079 2727 1650 2550 4461 421 1538 90 3827 731 1561 4655 673 818 2871 2482 3230 3615 4534 3401 1773 3111 4196 4901 353 523 4923 509 4628 4219 19 2604 1019 2802 3495 210 1130 583 3426 165 665 3298 1480 4517 230 3599 943 2372 3392 3419 3304 39 2059 2823 2906 408 4867 1880 4628 3465 1773 855 4943 3542 4921 1504 1718 807 3856 660 1074 2519 1915 3730 4581 65 239 4931 4187 1539 4582 2460 4868 4060 1493 706 1321 2593 116 4259 4815 48 3122 1744 2419 1287 3299 283 2453 2183 2152 3708 3516 2586 1130 3267 1902 3611 536 824 2472 162 3977 3443 4093 4250 255 3370 51 1996 3052 4945 3016 2816 3628 1646 1387
3969 2837 3909 218 4738 293 2734 4167 1437 370 2689 2455 737 2596 380 4465 4292 3800 742 1483 2752 1551 2824 3598 3670 1345 1664 1336 1026 1323 1527 1924 1707 2232 2761 4479 4250 4199 3580 1158 2070 4948 3437 2901 477 2857 3866 1055 4841 2996 2192 4817 707 2592 680 2022 3634 579 658 4110 716 1369 3161 148 568 791 4302 3596 2773 2803 12 4507 1798 2242 1557 1018 2226 719 1240 797 2040 2002 3641 3543 4433 2675 3136 794 3534 3536 1618 4304 1598 2776 1343 3628 285 386 2838 530 2341 1500 1225 2252 1131 2335 4772 2123 2115 1810 4029 2035 3670 3669 131 4776 3468 3072 640 4419 2540 1547 981 1301 416 442 719 136 360 1339 3157 1132 1246 1531 4789 4170 4751 666 1282 687 1728 4586 639 818 966 1719 1664 1748 3312 1855 2162 394 3767 1623 2472 1375 4187 1004 1864 1485 1960 4097 4828 3966 4118 3621 2890 3806 4711 2228 1511 3818 2851 2902 1987 768 4851 4826 2919 4828 622 2865 1695 1823 329 1830 1515 2997 3080 4946 2076 4768 4520 700 1289 54 3369 897 3183 4308
4142 4496 62 3876 429 3375 1181 4696 3011 2112 276 272 4585 1122 1427 2147 1159 742 3151 4409 3373 4615 1908 695 3789 4886 1652 2100 293 4452 747 1949 3856 2590 3504 840 2509 4826 2883 1303 1468 3608 636 735 2927 2043 4296 1054 2386 4360 4853 2535 3185 1850 4764 4258 467 4434 4867 2865 1350 3831 2578 451 1449 2812 157 894 930 1061 207 3640 1279 2368 1735 3243 1444 1644 3886 4456 2163 348 889 2433 3882 2722 3330 3485 3428 3376 1164 4585 4712 1282 704 218 4823 4696 2577 3846 822 4455 2474 3727 1194 2174 1057 3041 841 1521 4148 3077 4645 3509 43 4100 4361 1733 3995 2431 1925 2175 252 1479 2232 4146 713 4390 2188 1058 1406 1763 286 4125 2626 972 3572 2601 644 2089 1472 673 848 3008 3682 2406 1452 3124 2875 1891 4964 4439 2762 1078 2194 4882 1826 2040 2563 3834 4104 3364 3733 1609 4536 1368 3154 3898 4800 834 4153 2978 328 2210 1827 3555 519 3475 3167 3405 3845 1303 4636 1387 101 2684 3640 842 1054 2948 3442 2142 4583 4912 3067 2664 948 4322 1649 2800
348 3567 2465 746 3785 2349 1042 2273 4925 1334 1515 3844 169 2092 773 2248 3578 1483 4409 3411 4756 2990 676 1917 2117 61 4153 4115 2752 1557 3878 3054 4656 3710 4089 3747 4728 3608 281 174 3295 3742 229 4611 155 3367 94 1283 4976 1610 853 1592 2921 3133 2676 1119 3436 4623 3779 2465 4634 549 3410 1842 1748 1544 2770 2149 3746 1878 924 3853 3042 4903 4505 1979 2093 4591 4043 887 2370 3702 3504 4518 2387 950 3584 1671 1842 2980 2092 1422 3004 610 3319 4448 3541 561 123 2941 3691 3407 1487 655 3664 708 4501 1355 289 1776 1099 726 4584 811 3233 2240 12 4357 1708 4530 3498 3271 74 4179 1103 3891 4854 4278 4260 2564 2941 4090 615 3696 392 2127 2525 356 4713 3396 1842 2579 528 4100 4408 4276 327 2801 266 108 1429 1823 3173 4516 1125 3549 3830 3106 3892 1286 4756 791 3681 3271 1090 2143 4161 3975 750 3913 4515 2734 2424 3862 1472 4078 4898 4923 4150 4086 2858 17 2184 2519 1983 3805 1863 1416 2628 300 3539 1017 421 1241 2479 1981 2891 312 2964 1511
1278 4223 513 4613 4375 1580 2210 2481 2440 446 1291 1270 4023 3869 2530 1564 3506 2752 3373 4756 3435 4575 4116 157 2042 3352 1177 3629 454 127 3506 4782 2824 4797 4638 4815 861 606 3685 180 4576 1238 1229 4039 4136 2468 3224 1851 2784 1537 1632 4159 2620 429 799 1441 2466 2657 3685 3865 3173 4822 3742 2385 3431 4671 4126 3256 2735 2977 705 3627 2425 3705 1324 4286 2008 2094 101 4457 1836 4534 867 4610 2267 1475 2878 1840 175 4644 3564 287 2796 2745 2719 803 1650 2438 1437 530 3967 2008 3367 3757 3780 4322 4840 715 3771 4857 615 1848 2981 4519 230 143 1505 294 3994 531 64 769 403 2103 4338 4037 2555 4426 3045 209 379 850 3246 3301 2046 3748 3473 1347 3395 1225 1881 827 1058 4777 1436 1105 3797 1424 4623 4751 2165 140 4424 2821 2807 2926 879 574 2730 798 1183 3465 2023 3969 254 4073 3979 1302 1127 3794 141 4934 3748 992 4286 359 2623 3217 4925 1402 4167 2263 1442 113 1855 2233 2266 150 562 2938 326 917 339 3903 997 4997 2515 4909 2764 1588
122 1948 1269 4510 2974 2178 4270 3915 2033 4425 992 4995 3799 2562 4178 1789 2864 1551 4615 2990 4575 3309 4132 4978 1927 3091 141 3663 4708 3528 2329 1563 805 1959 624 4940 1193 577 2609 3356 952 4230 771 4857 2440 4309 1745 1965 1670 1939 1830 98 4864 1331 4949 1674 152 4495 514 4560 2391 3260 1865 2432 4655 2932 1076 4635 3560 4455 1237 3431 4808 3113 1416 69 2493 2131 340 735 1882 130 929 2532 1632 2069 1284 3848 81 1688 117 3947 464 431 2512 2547 1358 470 4247 1721 4285 369 4509 2723 3813 876 3059 3918 4317 4363 3964 2703 3233 2879 2936 3761 1683 2116 1673 861 1476 2796 4750 3940 3605 1690 2324 1635 2440 2342 4478 1673 3676 2128 4916 1865 765 1945 215 2975 1438 2157 763 4798 4240 3729 4701 963 4215 2022 4891 1525 1431 1280 3245 968 727 3105 4626 1813 1326 2555 2299 3089 744 1727 1190 964 1069 4857 2600 4282 2990 4747 816 1880 4530 3305 4303 2144 2564 3650 2018 3897 1310 1860 3230 144 1877 2601 4168 859 3520 2002 423 1460 2506 4476 221 3499
1636 2571 369 2225 3321 1610 2063 2796 2000 1988 294 1382 255 1148 472 253 3572 2824 1908 676 4116 4132 465 3982 4076 2998 2701 811 1804 3847 684 2558 1524 310 3239 239 3165 409 3587 655 3388 2526 89 3827 4819 651 1718 4109 2475 4923 4247 2269 1773 1931 2322 38 3812 1886 3387 799 2121 355 3890 1361 55 3342 1755 3097 4930 2738 180 2642 2121 3000 4999 1202 425 3572 546 1990 681 4200 3377 969 1812 99 3412 2106 744 2743 2272 1332 4373 4062 4620 3013 572 3487 1915 2044 4595 4536 4389 666 419 2970 2655 1866 3281 1200 2735 2396 2189 366 3025 4971 4641 2655 3647 2141 3177 917 2458 4048 750 3242 2251 544 2498 4635 513 1370 947 3916 2813 1235 4161 455 161 1871 536 1004 290 2936 1276 1931 3879 3669 2089 1641 2108 249 2038 3297 4343 2111 891 4163 23 4424 2054 4727 3263 246 267 75 4238 1994 2333 4050 2388 716 1360 4569 4193 2005 4850 2178 3442 743 4372 597 3221 2330 1778 3586 4295 2069 3775 3728 3795 4299 575 3463 2757 1136 3286 4060 3435 707
3491 1908 1955 4825 1704 4380 2567 2712 2512 862 1429 2472 2433 4243 2806 1330 3762 3598 695 1917 157 4978 3982 4426 364 3285 437 3613 743 4769 3557 1397 382 3373 1298 3226 3514 4772 3132 1604 4754 925 2948 1031 4793 485 2827 3364 4736 2389 4420 1444 1757 4608 3556 4027 3929 3144 2587 630 3382 141 2306 2023 1598 85 2307 703 3083 2930 1537 4529 3512 3382 4949 3427 574 174 1208 2385 50 4580 925 1961 2984 3161 4134 2794 4671 2442 3472 3749 1107 1339 1664 4338 2423 499 3995 240 817 1586 4998 4620 2408 3415 2565 3554 2509 2020 4277 4895 3513 4020 4582 3099 370 643 3251 1212 4608 2582 4763 4692 776 472 1015 3774 3120 3749 403 3544 4669 1045 2887 3961 1371 3250 1658 2342 1543 3187 2621 2068 213 3510 2543 4441 2555 3858 1151 4262 1187 3221 1395 2851 257 1897 4058 1330 2341 3867 2980 1490 4157 738 310 1878 1007 1580 1153 2142 811 2746 1583 3931 56 2411 1383 3189 601 4674 1327 1019 692 855 1584 2554 744 1620 2098 1239 4290 4996 1968 2719 1387 357 1230 1104
2148 1243 4393 33 4333 4244 2173 2160 4082 1873 4477 770 4936 2580 665 4128 4596 3670 3789 2117 2042 1927 4076 364 3478 3906 1944 4637 969 3014 2943 4175 982 1888 589 1457 305 67 1110 3769 4052 1178 1884 4499 842 3212 1471 3242 4861 2926 1659 61 3536 801 4360 3265 87 551 3555 1916 812 4807 3016 4771 1769 3556 539 565 1591 3476 4173 2894 4180 2357 4488 479 3038 2064 4886 1496 101 1127 419 914 519 2881 3627 2977 3875 4167 2404 17 2715 4796 2000 2983 1922 4694 4541 936 401 3434 1190 1443 4360 1709 4161 2789 183 3233 1852 3534 1278 3045 2858 3845 4002 1466 1780 4438 958 2582 452 2908 4899 4112 784 2203 4128 1398 3759 1872 3992 2720 3200 734 740 3860 321 1625 2981 3527 3593 161 156 4201 3123 4302 3357 3515 3678 3795 3228 4798 2993 1599 2838 644 1073 4750 2123 226 100 1626 3981 691 4642 2428 2461 1200 1902 361 4432 4574 4615 1622 3716 4261 3750 3222 220 4672 665 4724 217 1065 4140 2703 3960 520 4032 2889 1958 2664 2364 4129 245 4915 3167 2351
4029 2860 185 563 3941 4798 1707 4151 2131 1363 4547 4825 2413 2421 310 3058 3403 1345 4886 61 3352 3091 2998 3285 3906 3666 4952 87 3712 3994 4468 2038 1278 2089 1749 568 1193 3578 726 250 853 2729 931 4015 2700 970 291 4203 883 3925 2242 219 301 2702 2364 1730 3760 4947 751 3763 437 2221 4930 3618 2350 4568 2075 2228 2686 4891 4810 843 4481 3769 2973 520 3877 4258 4703 4052 56 4105 1076 1554 2377 970 1725 3398 1206 2979 2577 1006 3414 1318 518 4854 2098 3347 3053 4162 3139 4147 2380 3442 1069 4917 4043 3374 1954 4647 965 1368 3924 3278 1188 910 78 2020 1752 3677 949 3463 2551 4420 3022 4904 4731 3600 4622 2054 3491 1030 3898 2384 1977 4310 1855 153 1865 3845 1242 839 4237 539 2071 1356 3991 2193 897 212 3557 2946 1244 1478 1552 1402 3473 430 2736 4312 3145 4419 1473 1032 4744 4570 794 4177 3808 3440 3547 1627 2885 4672 3069 1160 2495 1778 4396 4955 525 953 2705 4950 1230 753 2690 3877 1589 774 259 2340 1266 767 2519 1867 1154 1000 2190 3407
815 3060 4637 1132 426 2892 698 1841 3729 4628 1025 2085 1646 4972 4088 3904 1950 1664 1652 4153 1177 141 2701 437 1944 4952 2190 3433 3455 546 3647 1539 2744 4757 3573 3914 713 2095 2535 134 1028 1757 868 1841 533 2833 3226 1231 4595 3094 973 2919 4787 3685 1681 1078 4117 1783 2619 3386 3348 478 648 3986 582 1401 1023 4079 2985 3605 4748 2737 241 2805 1375 4536 3930 888 4504 3376 187 4329 3300 2874 3873 1344 599 122 2967 2497 2023 4080 1682 935 1396 1142 3155 519 1063 403 3237 960 4615 943 1273 1775 3971 2396 1725 2727 2354 616 2621 2158 4633 3474 4212 3024 3810 479 4530 2398 3774 38 126 3466 2787 4948 64 3451 2109 3329 2685 1942 2537 619 3066 2571 1975 618 4900 1123 2818 4342 4994 2334 1736 4041 4455 3969 3958 3329 4239 296 334 3962 4076 4195 3249 4599 2893 2227 670 664 3552 1452 872 3774 78 3750 342 914 4460 1069 1040 398 825 2123 674 2519 797 3978 2871 4644 1298 2634 3695 2113 2423 107 1847 566 1528 2654 1153 2009 546 4969 2748 1097
4737 2239 1247 220 1642 4796 2098 1759 3634 3569 318 4387 3414 3077 4408 2480 207 1336 2100 4115 3629 3663 811 3613 4637 87 3433 1860 2221 2539 2285 810 2743 3705 615 4903 3421 3005 1530 3254 2056 1096 4303 3726 2192 1557 2896 4331 3433 3190 4974 4891 1816 4118 4981 3325 1882 3425 4476 4824 2800 1382 3299 1980 3942 135 346 2375 989 2166 1892 1987 4902 3519 780 4119 4171 4800 3674 1813 1350 4497 665 2107 2125 3324 2224 1359 691 1357 1643 3721 2550 358 2395 4832 41 908 4915 75 960 4284 3295 4058 2656 2311 139 3862 3221 3156 1900 142 3989 4619 3471 4679 2454 1811 4671 2313 3135 74 2263 3634 3667 2351 2028 3480 1850 310 655 1695 157 4354 1960 3689 736 1235 4967 3844 1491 2154 339 4034 2931 1748 3196 2683 541 2446 2071 836 508 3716 462 2116 2068 831 4668 1267 1016 2194 1314 1344 4551 4324 1638 4434 3314 4199 1194 4701 4233 4054 3133 432 2320 4344 541 4087 1497 2017 1921 4966 3932 4485 4369 4632 4238 3408 3865 2491 4864 1387 3250 1612 2975 1099 1706 1893
503 1133 2757 882 1328 4303 819 503 2897 396 556 1960 4981 1877 4252 4729 4781 1026 293 2752 454 4708 1804 743 969 3712 3455 2221 3898 4776 2217 647 4941 731 2669 4687 2530 3120 2422 303 45 4851 1492 3473 3958 2816 3047 2156 1952 4712 3907 3518 243 4145 346 3236 2824 126 3714 1993 669 3889 909 623 385 4843 1097 489 3339 1075 1253 1431 3824 3862 4920 4399 4814 552 1694 732 3794 4068 2482 4174 2224 1435 801 3845 1425 266 2950 2303 3331 2793 429 1645 727 2662 912 786 473 1460 589 3691 3349 4171 3126 575 532 772 4515 3402 3137 1642 473 1718 16 1544 2476 4730 292 1622 4993 4519 34 916 4303 2544 4547 537 3133 238 787 3503 1567 1490 3519 3677 3972 3021 1593 3810 2577 2192 1849 1338 4126 1179 4467 1817 3816 2581 2752 1896 1088 429 184 3330 3041 3451 3199 3622 2197 4480 3440 850 1936 3580 2053 3762 1819 3468 2683 3529 4932 1587 2231 2689 2163 2263 2955 1911 4139 1291 2248 4228 4866 4781 4551 3268 2826 3785 183 4881 1437 3196 406 2412 1970 2108
1761 1956 1213 2580 66 15 953 1600 3439 2750 4431 3550 3217 2306 1527 4516 1477 1323 4452 1557 127 3528 3847 4769 3014 3994 546 2539 4776 3436 3406 1996 724 2844 4830 3049 222 4305 1088 1499 2393 1241 3097 1855 3268 847 4181 1903 1183 4737 2801 855 446 1196 2282 1207 3392 2153 3330 2260 4142 1459 2171 861 2478 4253 411 1118 2797 3630 4445 3226 146 4859 954 2395 961 54 3226 4258 2202 3290 3355 929 1552 2340 1886 2802 870 1403 390 4356 1770 2693 4692 4289 3365 2194 2492 4896 4638 3009 2232 901 2200 176 3089 3906 3881 396 2630 2590 946 2609 3847 240 4011 4745 2543 2520 3617 3124 2227 2006 1159 294 4554 2928 2410 1802 3873 3537 3390 3362 2762 753 532 4026 2893 145 1566 4352 4468 341 2406 4434 1089 1491 306 4194 4184 2945 4236 1916 637 3636 1194 804 2036 4228 2306 4775 149 4008 3487 27 3092 3962 1567 1049 181 4510 2372 1648 3265 727 3776 1498 2481 3974 43 548 4576 1484 4747 1400 2713 434 3934 642 1193 2588 2225 1188 1579 1401 1490 3325 1021 373
1964 4503 1112 2772 2410 3861 23 1468 1452 2740 777 4750 642 4057 4632 1222 2773 1527 747 3878 3506 2329 684 3557 2943 4468 3647 2285 2217 3406 1286 2009 3463 2312 4371 979 323 1834 4294 4209 3778 2557 382 1576 4473 3282 3790 238 3262 2849 3783 3104 4552 4173 1666 674 437 2315 4066 1826 2185 3047 3428 492 1890 3033 856 4972 3161 1688 3523 2173 2268 31 3963 843 849 2790 573 940 1376 3044 2729 590 2651 4501 3398 4280 2537 886 129 4287 1996 4501 740 2849 3243 3215 1567 3022 2147 1062 1623 2582 2341 2170 4052 4279 638 739 3439 3155 3307 1036 619 4217 3293 4453 4566 3494 4508 447 3195 772 4003 4929 196 1417 400 3352 51 2530 2332 4887 1355 591 589 3109 3441 1552 4564 2817 4845 3064 4555 3836 2704 2150 1954 2063 782 3854 4974 4339 4421 3063 3911 1621 2854 4429 4667 4947 3623 491 232 3667 807 745 3546 708 3414 3897 4055 3858 3591 2237 4324 1134 4726 2871 3427 1037 163 2205 4063 911 2154 2729 2468 2553 2678 1196 3559 2511 3910 372 1794 3837 143 313
606 542 2079 212 3354 2790 4554 1063 441 1375 547 683 4514 725 1581 4305 4386 1924 1949 3054 4782 1563 2558 1397 4175 2038 1539 810 647 1996 2009 1327 2693 2493 2551 2125 4282 222 4680 57 2283 2537 2760 1854 2750 2195 894 3871 540 1191 1421 2896 3529 3686 1184 4332 4973 3710 2264 2609 2993 1261 534 3183 4070 4032 1686 194 3841 3636 583 3274 3427 62 4588 1682 2821 4249 3896 179 633 4897 2081 4269 1134 3586 2069 2005 2358 491 2173 1139 3750 2342 2711 1569 166 4855 3585 2372 1755 2088 1661 2188 2332 2907 893 3514 803 4089 2280 4981 3979 4335 3855 4734 3198 3232 4527 2915 2580 3223 2466 1660 328 3286 2675 4847 3315 1100 2820 481 1791 1132 2862 3670 28 2273 2369 763 1507 1804 3880 3760 1776 1532 561 4954 3575 1078 109 3725 3198 531 3053 3923 4710 501 524 1052 2642 3301 2042 192 4933 3530 675 1434 3984 1077 1449 4155 3879 3451 3175 2697 4655 1964 4200 1328 2805 2565 158 755 3170 3524 1929 2001 1871 2948 4063 3494 1321 2634 2441 2286 1156 959 133 4421
1995 2328 888 472 3674 268 1065 1462 819 3327 3013 1178 2634 3158 640 4417 4520 1707 3856 4656 2824 805 1524 382 982 1278 2744 2743 4941 724 3463 2693 2456 4369 1661 4521 2924 2629 152 1624 401 545 2200 529 244 2868 966 1901 4242 2977 3496 3296 4721 3213 674 1462 3593 4621 2332 727 2410 2683 3055 2864 2514 4328 1726 2676 4091 2824 1532 373 2108 2939 4692 469 4000 3221 1818 382 2080 3072 1156 4372 1551 2089 1660 1281 63 1277 1134 2290 10 4083 3507 2975 1829 1962 2069 283 4921 2842 223 2656 761 2887 662 4774 2014 2797 834 3406 3999 4513 403 2244 505 680 4490 3996 2991 2762 1075 3545 2589 4561 744 2057 159 908 3908 1890 1322 3553 1606 2906 1446 1610 1463 940 300 2825 404 513 3720 2549 1659 1013 2701 1171 4428 1451 571 2699 2334 4213 4142 973 3860 4370 3616 11 2716 3643 361 1644 2258 3135 782 3828 2592 1850 3207 2568 2473 397 2972 655 4466 4983 3646 2619 3487 963 4602 3136 344 4727 527 3956 1939 232 668 1003 1822 1138 1023 213 1404 4431
1866 2350 1366 1279 4184 3669 456 4134 4628 1818 1360 953 3802 1997 1984 964 4873 2232 2590 3710 4797 1959 310 3373 1888 2089 4757 3705 731 2844 2312 2493 4369 1465 1210 840 2999 4458 3880 3452 152 1215 1869 564 320 4765 3277 2966 2523 2534 3883 3105 1562 2947 2522 1452 506 4307 2832 912 375 149 1751 3998 208 337 3010 3021 2858 124 3215 3272 3008 1433 1366 3621 4575 505 3841 3315 1717 3747 4261 139 1974 3499 4215 4231 422 2952 130 1479 217 3609 2728 4549 1740 2311 2594 3368 3669 4517 3061 4937 1475 4462 1813 3950 1419 4465 3273 822 4426 1607 198 4633 3182 1254 375 3313 1420 2699 493 4079 2531 2208 2719 1871 480 3586 2064 420 1671 2795 588 1739 4670 3754 3879 415 4353 1452 184 3532 3014 47 4785 2292 3696 159 4302 1686 360 421 180 1514 3478 447 2396 1761 997 4972 1102 1156 3557 4798 4165 1155 632 4416 1948 3024 3135 201 3519 467 970 1533 4529 4662 3562 944 1316 1055 2736 2054 3614 1966 4618 2878 3234 1409 2118 769 3950 4276 4522 4937 2688 2873
4144 539 2392 2964 2885 255 3378 806 883 1909 4984 3440 2826 3329 4566 1122 2604 2761 3504 4089 4638 624 3239 1298 589 1749 3573 615 2669 4830 4371 2551 1661 1210 1385 1658 668 4894 4212 1171 120 2894 2735 998 2161 1462 614 2517 3830 1373 3986 3059 1963 1160 480 3159 899 4058 3773 2016 684 2783 622 2172 2477 1978 1609 1495 1559 548 1572 976 77 3046 3241 263 399 1883 4649 4945 2484 1065 4331 1660 4383 287 4755 2041 3021 4757 1198 3113 1614 1510 2264 3800 44 2268 4705 3710 1283 2727 4780 227 839 4535 3849 310 3839 4764 1223 924 4060 2112 786 2547 542 4628 1711 823 2483 1251 2470 4078 316 1472 902 3867 510 4196 3566 4608 569 3149 1033 1514 3881 2922 722 3286 4456 257 1903 539 1114 3513 4168 3845 4420 1619 3535 4923 1972 4962 1802 1725 1140 1731 986 4504 2473 74 3171 142 4719 888 1875 813 3429 341 1471 4004 1584 224 657 1471 3789 3756 761 2074 3737 1172 2303 4277 4681 4449 1379 3434 1108 2345 2163 1779 985 3358 2255 4658 1173 4103 3333 473
363 2883 349 2876 4306 1761 1383 3616 4067 3403 4399 3908 4862 4165 2664 143 1604 4479 840 3747 4815 4940 239 3226 1457 568 3914 4903 4687 3049 979 2125 4521 840 1658 72 3605 1891 1457 29 2820 3548 642 2930 2754 4528 2332 1103 1826 1485 3037 1292 1566 3879 2276 3067 3843 858 933 50 159 522 2569 2159 2593 3691 2128 1329 2394 2860 640 2011 4399 2309 3744 2290 1465 3272 4156 1677 4603 485 4737 745 4336 2297 1296 4861 1419 2439 2780 800 1124 3105 2953 938 3988 1885 1578 423 2031 1834 1502 1999 1965 65 1730 121 3062 2621 2883 908 1074 2342 3781 2226 1754 394 3706 161 2702 2908 1431 3785 373 3441 1044 4244 749 976 801 4312 3829 2379 1300 4462 4486 3523 1863 4872 3217 49 945 4500 3872 1474 2116 2732 422 3201 3620 81 2182 301 418 3559 4738 829 2964 925 2681 4573 1322 3054 1435 2427 4846 1001 3888 3367 3680 540 2048 3057 4180 2264 1288 280 1566 38 1803 292 638 1739 2096 846 3615 46 3599 2846 818 797 2188 151 4540 2656 3009 4385 3516 1743
2297 1422 1830 4471 2562 2665 4387 4349 2527 2328 2700 3480 3008 4480 4477 77 2959 4250 2509 4728 861 1193 3165 3514 305 1193 713 3421 2530 222 323 4282 2924 2999 668 3605 2596 2067 4056 107 1473 3015 3174 3778 550 3892 2909 2547 3527 1635 2253 3546 1468 1393 4687 228 117 4186 1893 999 2793 1128 177 335 4313 4840 1360 4401 590 593 878 1463 2130 1808 2314 3208 4120 539 3929 19 1229 567 4164 761 3728 1962 4097 3304 3534 1506 1445 3769 1647 3287 2420 2077 2392 212 3477 4839 406 2469 2238 3345 1810 107 2434 4574 328 3628 1462 341 4249 2333 58 2525 2467 4283 2053 1390 3063 4250 1767 3030 3941 3384 2911 3299 4766 2643 3605 199 520 3823 1413 2970 2524 853 4849 4857 949 938 4793 1200 2349 3135 101 2450 3901 3008 4521 2521 3447 73 1610 3142 2155 4307 4052 563 3361 1933 2308 496 2344 3527 45 2116 2434 3278 4605 3609 4552 2529 1139 4968 505 3445 1847 3786 164 296 2272 3285 3443 2693 956 2658 1115 3951 2739 4706 4519 3235 1358 1999 1348 2737 3078 307
2913 2783 3644 1054 1416 510 291 168 1452 1472 3411 1635 2305 766 2292 4925 4295 4199 4826 3608 606 577 409 4772 67 3578 2095 3005 3120 4305 1834 222 2629 4458 4894 1891 2067 272 3305 1704 2217 1694 4205 2544 1097 4597 1200 2504 2595 2458 3471 2514 877 855 1739 1329 3747 3620 3970 4945 2858 4393 2767 4193 2170 1647 4276 365 4077 3819 181 3085 4697 553 4338 3552 262 4042 3911 1368 3287 2217 4092 4423 4570 1095 4272 4181 2921 2190 3885 3268 1101 1084 2739 1461 3884 4021 1249 264 1655 3043 698 2856 4557 3303 4377 660 4969 1291 3019 597 114 4825 2157 787 929 1906 2517 4398 3710 1087 2476 4359 3563 3988 2408 624 2894 1964 3396 3454 4415 2874 2491 579 4589 4274 4308 1458 1634 4540 3774 446 2629 2062 1305 945 2421 1270 331 2936 10 1279 28 4806 4700 3584 1802 4833 119 2499 4530 123 2523 3141 2267 4166 10 3928 732 2539 323 4334 4715 254 3187 3535 1249 256 3122 2610 4653 2086 4631 3338 11 315 2088 1079 1224 1254 1846 3110 18 1160 88 3745 3910 2359
188 1671 2184 801 2190 4023 3914 2721 1037 2332 4118 2017 3132 1147 4459 3782 4544 3580 2883 281 3685 2609 3587 3132 1110 726 2535 1530 2422 1088 4294 4680 152 3880 4212 1457 4056 3305 472 3434 4216 3545 3583 915 2002 2226 602 418 4526 133 2075 4548 4261 2093 4656 1469 1037 3969 1356 1379 99 4010 4585 2481 2554 3509 4140 4887 1771 3360 3119 3697 3690 903 1302 944 26 1673 4827 4915 329 2994 4980 1621 2834 4004 3181 3010 4571 1340 3956 3675 962 3155 3358 3029 3753 3739 2892 3285 3800 1918 1711 2483 2700 1413 527 1398 2243 4829 1869 1926 1966 2913 994 4561 4173 1718 2034 1039 116 4046 2807 3766 2894 838 2113 1712 1269 2100 2730 4685 3545 4253 4780 3882 4381 4199 3968 216 2899 861 2263 3422 2405 1172 4839 1594 2554 1749 2247 975 2800 4992 3851 706 2532 1200 611 3447 1071 2631 2682 3948 3190 979 3272 534 3471 2951 3777 410 659 2970 3621 715 4252 3271 330 343 4527 1753 4398 3585 3893 3580 4000 4967 3683 4246 3691 3340 1573 2380 3135 1070 3199 1664 4664 2355
1963 2595 3173 3201 1265 2896 2581 2693 3647 1587 3844 2341 143 681 4501 1808 330 1158 1303 174 180 3356 655 1604 3769 250 134 3254 303 1499 4209 57 1624 3452 1171 29 107 1704 3434 1382 2150 935 431 2209 3496 3172 3120 3263 4035 3472 4155 3551 4452 4834 4830 176 4392 1146 623 4175 1432 405 3434 157 4344 913 3555 3839 2289 3966 2504 1640 122 2457 505 601 2918 4432 3168 2899 4888 2890 3670 857 368 4249 1935 1585 3510 2411 1584 3353 848 1793 3903 3676 3330 3684 2201 3197 452 2006 4992 4854 3715 4336 4410 3602 1813 4096 3193 4447 844 2670 2699 2567 1213 2260 3989 2535 2624 4651 4065 1982 916 3184 3904 607 4976 2859 4680 299 211 4243 4783 548 1142 824 3440 2351 3368 2423 2699 600 73 188 3552 4820 1186 3096 3803 2955 4944 2053 1571 869 4433 2856 3167 725 3235 64 4282 942 2378 2504 3549 3233 3743 4462 1036 3678 1740 2769 3545 3450 4747 4470 1743 3800 3250 4005 907 1411 4981 2590 494 877 4585 4108 442 3720 4946 4318 4578 2211 1706 2171 2359 3519
