N: 200
M: 80
Symmetric: true
Triangle: false
4 92 50 162 138
4 76 86 137 100
2 101 142
1 180
1 129
3 149 10 26
3 198 186 172
2 13 35
4 85 84 60 23
2 71 185
2 106 15
1 17
3 64 53 61
2 191 190
1 130
2 174 146
4 30 73 113 34
3 133 104 95
3 97 105 140
4 123 39 195 158
2 5 78
5 72 44 115 179 12
4 94 48 147 18
3 199 193 2
2 175 168
1 169
1 119
1 21
4 89 103 167 7
2 54 63
3 121 32 28
3 134 93 171
1 79
4 187 58 194 108
2 69 11
4 16 131 29 148
3 127 49 96
4 19 132 9 188
1 197
3 1 166 51
1 42
3 181 157 150
2 99 38
1 163
2 98 45
1 160
2 189 128
1 88
1 145
5 67 110 144 141 33
4 200 107 109 170
3 196 3 40
3 117 111 192
1 24
3 77 177 82
3 184 75 37
3 116 25 91
4 135 165 151 43
4 178 183 126 14
2 112 27
1 161
2 156 173
2 152 8
1 59
2 87 154
1 139
3 102 6 90
3 83 122 65
1 176
2 68 36
4 155 120 80 47
1 46
3 159 81 57
5 124 114 182 66 56
4 125 74 20 118
3 70 143 52
4 153 164 31 55
1 41
2 22 136
2 4 62
388 2583 376 3544 2739 4283 1519 867 4842 2304 3223 3027 2119 2154 1567 72 910 1574 2778 4058 3928 3317 1847 1528 3686 3963 83 740 2192 2244 3292 48 2756 3536 4347 2956 4342 130 1770 3601 4418 4209 3225 1328 114 3500 2573 4754 2723 145 408 1343 1010 1106 1881 4309 225 2092 2874 3714 213 4133 2652 2195 2617 4527 4428 3902 3134 2188 3201 3968 1650 1934 3348 2624 3419 138 2543 2610 529 4599 1501 1590 66 200 759 1182 1288 974 4370 1907 3968 3760 300 4045 1919 4804 2730 4632 202 1776 2422 3494 4519 1952 1065 2531 2005 2109 4582 4720 373 1161 1021 4968 2053 2318 2991 1739 2478 857 1999 3820 1758 2794 457 3560 4575 1885 1433 527 1577 1791 1591 3230 2059 2755 4544 1026 2067 4710 741 1923 1167 1992 1676 1043 3412 130 2071 3674 498 1311 2570 3183 2861 738 4205 2626 607 2643 4447 811 161 4034 2482 4926 776 2847 652 3543 1960 2089 4589 4875 2559 4718 3389 1446 4115 3431 2971 3285 439 1828 1113 997 2179 3461 4145 3120 754 4640 498 1485 4509 2685 3298 1977
2583 604 3602 2759 746 3422 426 3202 4962 2308 3485 505 3268 4486 3253 3280 2235 4226 340 4471 2921 547 2333 679 4979 1310 1078 1566 302 2018 1011 4409 3017 1858 289 4702 2930 2592 653 2709 523 1879 4907 1404 3072 4362 741 1389 731 438 1069 3267 2689 4915 4542 3990 578 2707 4698 1670 2850 4624 4413 4177 4317 1920 4317 323 2578 120 3714 3450 1912 2242 473 3074 4472 1157 2932 3027 4374 2516 4157 3149 3770 135 1503 2596 4151 2618 526 597 4074 326 643 4141 1151 2481 2474 212 1564 2514 503 2854 2183 4689 1307 953 3614 3586 2132 839 1640 3111 1846 2453 792 196 4935 4811 4727 1293 3761 1262 3068 3744 2803 1936 3101 1301 1551 2162 3170 4235 1130 2703 2080 4691 4029 4635 2822 1326 1526 2996 4263 2863 2563 2243 2612 2977 2004 2484 4731 1059 1900 2710 4370 970 4297 620 3456 1077 3551 27 2192 3050 1911 3759 2154 964 3259 1725 3963 3320 4086 4309 1295 4458 408 1452 276 2731 1215 440 1720 1798 3124 906 3918 4401 4158 4554 1837 475 2117 1385 3429 3119 2185 3429
376 3602 3748 3069 1905 742 1957 503 4853 1429 2406 3424 3087 2916 2176 31 3686 4043 2165 3810 3165 1603 3887 2465 1165 4321 3538 652 2846 962 4290 3718 729 3948 1000 1768 2447 3998 4231 1405 3066 196 1816 1461 2509 511 2887 464 1688 4613 4385 3001 1629 326 3469 4393 2802 1741 1710 56 641 4023 2619 4041 4244 1132 3688 2290 3538 4546 3338 2062 2287 2607 2958 2513 3283 747 780 4749 1470 2899 3003 872 1732 2909 3572 3205 1813 3477 4083 4604 4166 1304 162 2827 995 2755 4065 4562 4881 3073 1928 4541 3637 4583 690 303 3150 4078 1871 2821 3924 3635 4407 617 3176 4649 400 4467 1213 1697 308 3479 367 2055 109 3843 1333 430 3200 3048 3227 1356 4289 4192 2811 406 317 765 1641 2515 4442 2269 1525 978 1713 4748 843 1547 4438 3417 4612 4057 3243 1923 2848 3747 3755 4124 103 4599 2498 1492 206 2664 2661 741 476 1877 3097 1481 4489 174 3055 4813 1936 3461 791 2969 4294 2318 3583 380 1545 603 4990 723 3655 1077 4355 3139 815 1543 4232 3266 4285 1797 3491 4413
3544 2759 3069 278 188 1811 3418 177 155 4170 4850 2034 4574 323 4792 1861 4051 3055 821 2050 3965 4003 1658 1788 4484 2179 3060 507 4503 2245 3683 1264 188 190 3960 4818 4691 4272 1280 1645 4872 3320 4496 3751 412 2168 4930 2486 1761 1719 3583 4454 3587 1982 3139 4872 2270 3391 1604 2896 4868 1744 2621 3416 762 202 1436 1367 1035 3159 398 2646 3072 1609 2750 1787 517 2547 126 3333 1038 3252 337 3403 900 4537 29 1701 1145 1307 14 3391 594 4582 4690 1921 1294 2278 4292 4358 4412 3706 1112 648 2555 3192 4342 485 3866 3001 2721 2223 4927 1366 1602 1336 461 3553 526 3433 3313 2750 3832 501 2486 3267 3879 2174 508 85 1680 1462 3657 4105 297 4890 736 2254 3182 2195 2549 3361 1560 2386 4789 643 3296 1709 1078 1805 314 4040 2139 2297 1953 992 501 2169 1207 2737 1690 3266 4717 1802 1887 4386 1479 3591 1866 782 2954 2783 3397 1660 2775 2041 4584 2297 1288 884 3699 3443 1236 2588 4367 3822 2544 3388 1154 428 3166 1223 474 3042 491 3348 2936 3649 2703 3823
2739 746 1905 188 2397 4105 88 1714 365 4052 2651 1341 1498 351 2618 4430 4701 3937 649 1183 4249 1970 1163 4307 686 4667 4694 378 889 523 4001 2889 2372 3733 4588 1226 4158 4833 1753 2504 846 3788 1690 3919 3926 2752 4969 361 79 2282 195 1009 3888 647 1955 3591 567 2715 2388 4074 4175 2230 2329 2627 3027 4350 3929 3341 314 3623 4558 552 4854 4530 1942 2498 3381 696 4927 3188 2459 2087 2332 2311 3132 2079 2535 718 4629 1597 174 313 1940 2122 1287 2090 4947 2889 1391 1890 1372 269 4686 3970 2424 1192 1088 1955 326 2849 4936 2544 878 4496 332 2825 1625 798 3464 3919 1005 4463 1232 2027 3409 2625 2319 4133 1318 1777 2747 2070 245 2878 1856 1161 1916 3951 1385 1999 1301 1946 2677 1633 4058 642 3865 3496 3787 450 4299 4661 3752 4929 1705 3966 4415 2615 4569 407 3979 4638 2236 3094 1721 3856 4866 337 2018 1991 1609 3912 3555 2980 823 3076 182 3155 2117 2008 4928 3570 3255 2909 2139 4389 110 172 1898 956 3074 1955 55 3702 4394 3788 2488 3539 2333 247
4283 3422 742 1811 4105 3485 1463 1081 4237 2365 1950 675 312 669 4292 1239 3747 2114 1791 2988 2069 4771 1797 3688 3841 2508 525 2040 455 337 2747 1085 2919 3847 2331 4544 2233 3021 151 2757 4794 3566 2455 2477 87 710 2429 4758 1627 4695 1191 3827 2109 888 2843 550 2470 4544 3688 4384 1975 2468 696 3617 3652 3835 2936 4838 47 1825 1891 1830 208 4083 3379 955 1424 4102 3715 1011 4333 2239 2681 2067 4595 2701 3293 1556 4100 1366 4097 966 4565 3588 1143 2313 4001 4393 511 1767 4184 3918 3978 4140 1057 2904 4557 1168 3458 1478 4580 3255 1924 4686 3726 4303 4387 4545 2576 3480 4523 796 4773 3851 4805 588 835 4224 2384 1175 1441 2950 4062 319 1562 3522 4231 2798 2261 3849 2350 3870 586 4076 3830 453 2338 767 2549 4880 1355 827 3800 2571 2726 2102 4518 4710 4717 1998 3403 3859 740 2584 4550 432 1047 2987 4215 746 756 1064 3482 2163 4477 3403 50 1721 4729 3618 943 4636 2178 4734 3579 4233 2342 3027 2092 3653 2123 4243 4688 877 3774 3017 3507 1483 3725 3630
1519 426 1957 3418 88 1463 179 3298 3552 1601 1273 4320 306 2036 3543 1907 1834 2198 436 834 3827 1371 1227 3499 4361 2185 637 2444 377 2241 4914 1704 4595 1723 2495 2502 2442 1483 4442 2398 805 3445 615 2623 2661 548 1643 3099 341 4405 2306 344 911 2165 1499 4059 3678 1857 861 4212 3637 271 813 1390 4951 3940 4613 4026 3959 456 4487 2426 1122 2154 3235 1135 3446 1637 3590 4242 3985 2008 1302 1502 3142 613 4690 1024 3097 2652 2509 2541 4581 3650 2803 254 2494 3723 1310 267 4402 828 4185 2864 4568 1423 4687 194 924 4445 906 1442 4556 2341 1757 1433 98 2952 1528 3989 3162 1709 1517 4794 3191 3305 3637 400 3376 3596 2539 4733 1645 841 2431 2593 569 3691 478 1792 3108 4136 1611 3366 4812 38 1572 2073 985 3464 2635 3647 825 2615 2559 4293 2097 4789 1352 3499 2869 4686 3856 3250 756 2276 917 3740 1584 2979 317 4112 1117 1543 1500 2376 4405 3945 3735 4808 2554 2462 4787 3972 3023 473 626 899 2469 3675 2043 3796 1868 4379 4432 3101 1438 4795 2264 4779
867 3202 503 177 1714 1081 3298 529 2508 4217 391 179 1872 745 4800 4743 2485 2232 4408 3241 4549 3486 3405 3804 2229 1052 2412 3648 1616 810 4657 2940 465 1117 143 352 67 764 883 2226 4615 136 807 1173 3689 3462 4025 1380 1832 4493 2389 219 1652 1858 1843 1406 2810 1194 618 4789 2866 3132 4455 3311 141 2427 55 38 4105 1417 3993 4213 3597 838 2866 3337 4206 4158 4397 4989 3044 2785 2889 2979 960 2612 2842 386 4427 1829 2346 397 2638 272 4071 3464 3923 344 4305 76 1999 87 458 29 4192 3598 2993 2182 3144 3875 2318 3295 2230 783 4657 1505 3630 2100 2379 2463 4958 1787 4811 948 4777 2804 2847 4937 3282 1121 1946 3982 2840 1576 2161 553 3337 4277 2736 4947 3730 3612 3305 1496 2232 746 1352 3341 539 820 249 3881 2949 3208 2529 4327 1467 138 3279 4618 582 3101 4374 1927 4832 998 610 2555 2004 4901 3717 2281 919 4705 899 424 2901 4510 170 2257 2013 862 3956 600 1667 188 2944 4755 4808 494 3502 3774 4296 3974 4107 3659 595 4521 1660 2541
4842 4962 4853 155 365 4237 3552 2508 4143 1351 161 4866 856 4209 2225 1343 4395 116 2460 4874 2170 3583 4277 3933 3294 491 344 1923 3239 4138 1327 2884 727 2084 4881 3138 4552 2936 3377 1166 548 4020 2071 471 4316 3304 670 4130 105 1501 3583 861 4127 1870 4246 4883 2877 2005 502 4186 1039 4543 2745 4006 4272 4232 879 1401 1344 3844 1216 2249 3438 3596 972 1744 1750 3660 2250 2708 3039 2992 725 4089 1020 66 3749 765 3411 2143 1349 4515 3024 890 1787 2125 727 2136 2461 4402 3696 1451 2401 2109 3305 1428 3593 3199 3712 2305 3131 225 2257 2606 4526 2603 4613 114 2978 4371 1152 4579 524 428 1077 3424 593 2869 3401 888 3694 138 930 2547 4737 681 2053 2538 129 1594 3740 3551 914 1650 748 1613 4205 4743 4947 4392 3011 1415 474 3555 3280 3777 541 4675 113 1092 1983 4087 4329 1369 654 108 1168 3487 2801 4591 3488 4769 3408 4228 946 64 3070 2198 1942 3409 1560 753 3805 2417 3084 270 1708 2482 1127 3104 141 1287 3968 4461 3497 1994 126 4033 3467 843
2304 2308 1429 4170 4052 2365 1601 4217 1351 3487 4849 72 2642 508 3002 3687 2121 1604 64 474 4941 2861 1170 248 240 4198 468 3160 2445 3522 4699 360 905 1233 1270 1632 3976 4772 3763 3824 4318 1367 3840 1489 731 3684 437 1660 877 4978 1044 410 1990 1193 2084 1995 1688 2190 1424 3328 4379 276 2792 4258 4303 4964 304 4950 3766 3820 4204 4969 2174 2366 671 1519 4601 4874 4606 2270 2284 1505 1790 3497 2079 3470 2498 206 366 2290 3987 2766 2665 992 4998 3001 1252 58 4643 4997 3935 749 187 1221 824 3572 1192 360 2672 3190 3020 2401 727 45 1290 2362 4986 2173 3213 3027 4340 2028 1482 4480 438 1819 2027 2859 1778 4894 4973 1494 1909 1433 2576 383 358 2309 867 1504 3357 832 1389 3582 3442 1188 4206 223 1453 2965 765 3732 666 330 1933 3840 3831 3092 2297 4793 124 4414 4380 3176 2163 3260 406 4859 4982 3394 4114 2195 2475 2356 1751 4041 3916 1909 557 1148 2841 2991 2019 2094 4177 2204 3195 2348 874 4910 13 2134 1731 595 4198 225 4480 3099 614 1938
3223 3485 2406 4850 2651 1950 1273 391 161 4849 830 2316 3377 2106 4275 3516 1974 3729 1871 1076 72 1449 162 1581 2067 1550 991 3520 4897 3138 1717 693 603 2298 270 2608 2943 4869 2191 4520 4560 2181 496 1750 1323 3185 673 3832 4395 4871 469 4063 1092 3154 3286 4023 2491 2053 4322 3943 987 3925 3042 2281 1450 2510 1403 1147 4312 2428 1129 1955 2634 3609 2407 824 2283 2700 3324 3293 1736 351 2118 2439 1584 2216 1494 3723 186 4316 3160 449 1721 4983 3739 2497 3998 2162 4874 1255 222 1935 2226 323 2690 2360 723 1889 1197 3745 2057 2236 2811 3942 4359 4593 4666 3823 2817 360 4430 2689 1423 40 2157 4870 100 2616 2526 3329 3126 1227 2268 4253 3610 3221 3871 3619 1864 3738 1819 1734 1686 2972 4737 126 3968 282 1946 4090 1402 735 4234 2013 3897 714 3636 2717 1693 2650 2324 4801 2224 4045 1969 3465 3426 3775 3317 4683 3154 1021 1419 4866 2418 302 3754 1830 1532 2886 3340 3095 1162 2716 2965 2276 4293 1148 714 1299 3807 3352 2908 2325 991 4768 1704 2153 2174 309
3027 505 3424 2034 1341 675 4320 179 4866 72 2316 50 4104 1868 3012 4066 3548 1780 1034 1402 2794 1260 964 1904 1385 2246 266 1171 1287 890 240 3281 4263 3751 2467 2636 3997 2552 2638 1239 788 1773 3734 1270 52 4707 1807 2616 4002 3025 1110 856 63 3063 2391 2699 3534 2842 3342 3690 912 2755 3790 2401 2228 4697 3986 1726 2028 2097 2870 3952 4062 3492 4562 3345 4569 1027 902 1209 3844 2022 1581 1691 4147 3358 4538 1387 4446 4990 4450 3148 2136 4823 3153 3725 1163 347 2710 597 2180 4713 4780 2352 4065 1013 4726 4215 1219 2604 1911 3123 4648 1773 3052 2660 3649 2919 4876 3821 3459 2095 3374 4255 4977 3883 2635 2854 4042 344 527 64 4053 3124 2299 814 889 1893 3125 4057 1511 1326 1918 52 1027 4266 4898 3860 4636 2428 2732 2851 630 2573 401 4238 2815 2279 3689 3054 2954 4318 2215 4891 231 2627 3499 2510 1447 4612 4860 1792 3190 1592 2304 1742 4586 4267 3423 745 495 2523 3841 1766 3587 1345 890 3642 3106 4385 1542 411 3370 216 2060 2559 3946 1585 1444 1105
2119 3268 3087 4574 1498 312 306 1872 856 2642 3377 4104 4120 4517 4679 1861 4817 26 4193 443 3571 4926 4508 198 3893 508 740 3664 1581 333 28 1072 1156 4208 4106 2081 1296 4121 893 4687 3497 936 4185 1502 2652 3051 2637 3202 2896 2699 1441 4572 1917 663 2685 2611 545 1961 2932 2687 2747 837 4500 1213 1987 3012 3102 2925 3053 453 275 911 1367 894 4616 3619 2747 3536 1460 73 4872 3894 4931 1073 4705 2999 1866 3570 498 55 3970 3713 4342 4507 2660 1175 377 3600 4353 1576 639 1474 3663 3230 1430 1832 160 2070 1368 619 4359 617 4706 1741 2375 2691 4462 97 1057 3092 3151 1166 1115 2880 851 4660 4961 2963 3798 50 858 4839 4315 909 1957 4012 3412 3264 4167 2471 830 4467 2587 4271 4826 3631 2557 2783 3722 4799 544 2321 1288 2865 875 3519 2560 3765 3247 2336 1129 3240 593 1444 3401 4538 2664 902 4238 394 4037 1873 3613 392 2908 4452 653 4882 802 3547 1387 3832 1167 823 3568 1101 369 347 4859 781 1429 456 2527 521 1132 4087 1352 916 2249 2267
2154 4486 2916 323 351 669 2036 745 4209 508 2106 1868 4517 1498 3933 4509 1106 2841 3802 2129 559 1087 3326 2309 2894 1161 283 3920 649 2822 3433 2189 1499 4019 1501 1548 4818 3382 3415 1089 734 1200 452 2306 2968 4714 93 4450 1278 1488 1342 4804 4525 3776 2319 4819 486 2202 3079 4078 4975 936 1910 1115 2269 1053 4735 878 342 73 840 1021 3757 301 4149 2444 2828 4173 3937 2083 2594 3341 3689 2223 4372 3584 1722 2741 295 1509 543 2895 1512 776 80 1202 3357 1846 1986 1108 3890 943 2338 4703 888 4390 3219 704 4508 4618 247 1859 3966 4952 4276 2440 2995 996 4950 1396 4123 4653 3692 4330 3933 2897 3755 89 3392 1025 2696 3609 3985 441 688 1477 3152 4148 4872 4127 3176 619 145 1810 2704 3933 2521 3196 1695 4653 271 3750 4982 3288 100 4949 3645 577 2392 2848 4561 2600 178 2395 4446 2304 710 4185 976 4002 1224 3448 1569 1318 3565 296 4447 2233 4569 4839 2999 3203 1516 1285 2968 2671 645 4570 4114 433 165 4095 1667 1860 1971 4068 4819 2929 3438 3948
1567 3253 2176 4792 2618 4292 3543 4800 2225 3002 4275 3012 4679 3933 1613 792 3156 4018 1115 1631 863 1702 1617 2151 2504 1898 1641 1803 1367 4727 4105 2997 1271 129 4716 4549 60 3649 121 1556 72 3071 1002 1690 1671 2320 4505 2958 2302 1350 2382 2154 3779 2996 4304 2752 976 4843 2462 1826 4822 576 3465 1606 4443 1461 3574 3098 116 141 1425 1288 1275 2754 122 4532 3646 4671 4074 2931 2438 787 517 4717 4796 3557 1258 1088 1796 314 1574 4360 2542 3860 3873 4964 3441 1987 3446 2759 2939 915 4436 2076 3090 497 1216 2801 819 1470 3960 4323 4183 4140 247 1006 1425 4116 2114 2615 129 305 4113 1802 4981 976 724 4133 1886 355 134 1917 2070 24 1816 903 1351 3564 1109 2255 2405 1274 1469 515 1758 2318 1983 782 879 443 991 1892 121 628 4087 307 3433 1891 2840 1891 4955 556 954 4391 4570 336 4275 1294 2299 232 486 1925 4977 246 37 958 1808 1406 2850 1120 345 4289 1289 3171 884 13 4851 1762 1698 372 4886 4573 719 4658 2963 960 4856 2030 475 1079
72 3280 31 1861 4430 1239 1907 4743 1343 3687 3516 4066 1861 4509 792 4659 1150 2694 1093 3642 4615 3347 3053 4884 1517 3239 3839 1064 3051 445 1309 4771 3410 1256 3277 1321 2716 843 3838 4813 3143 4715 2684 1217 3916 1605 359 2195 2169 3288 4591 3767 3171 1306 1198 430 3904 1558 3619 1915 2919 4884 3677 2490 1669 2176 2192 4941 4773 1762 4405 253 3289 4151 3129 3811 4904 1615 1888 1965 1443 1544 450 20 1806 4467 4017 3866 1094 1866 2341 1625 3962 2071 4515 3704 668 291 1582 1136 709 3733 27 3603 2228 2852 4373 3252 3569 2909 2331 2907 1372 761 4701 293 2275 3223 3950 4616 4103 3905 3008 414 1773 3866 3306 3543 702 2141 1019 353 3896 4658 3488 4688 2928 412 141 292 1641 2520 529 4092 2831 242 1405 3913 2829 4323 421 4265 187 3268 1196 243 2448 1460 4233 2938 2225 3467 4592 916 1227 1764 4085 3346 3045 3316 1687 3578 3581 2201 3074 2436 4775 4627 2574 1480 2188 3679 3344 1910 4422 1190 285 2675 4407 4516 521 3771 2645 587 273 4186 695 3336 416 2062
910 2235 3686 4051 4701 3747 1834 2485 4395 2121 1974 3548 4817 1106 3156 1150 2491 570 2050 133 254 2844 134 4591 494 315 3277 3362 1717 3354 1447 3162 2955 2416 3280 4664 4627 2865 2956 2227 3527 316 3641 1938 4816 2028 1217 935 504 1281 3332 23 850 484 3566 3254 2138 3520 2460 79 4631 1712 3323 406 2333 3505 894 238 4858 1358 4884 919 2558 2474 1339 4975 3941 1225 4943 107 4428 4435 480 3944 795 2524 2146 1238 1899 3194 4439 2915 4651 2258 126 2629 1708 3152 1464 4645 2252 2191 765 3690 783 4217 1657 1650 4605 3006 711 1383 3599 441 2734 512 4678 2695 1432 182 1025 2060 1411 3393 2187 1597 3987 4228 227 3777 4037 1543 2400 2147 1303 2660 2744 4277 4906 2171 935 2068 2909 110 4141 4060 663 545 4606 2381 722 222 3251 2781 1069 1452 4275 3359 1036 430 969 2817 3882 556 3481 1148 1272 3803 3516 2542 75 947 1431 1624 1068 2919 4475 1829 2152 2827 3227 4725 4591 3394 4492 534 2587 3718 134 1986 2568 201 1736 1912 3663 3810 274 1782 2183 3553
1574 4226 4043 3055 3937 2114 2198 2232 116 1604 3729 1780 26 2841 4018 2694 570 3879 1373 4755 3438 3042 2978 2325 1874 4895 4489 4985 2783 4420 3459 4893 1125 4390 2609 1869 3096 1422 2230 3962 3448 2047 771 1407 388 1974 2287 2984 1753 4137 258 4281 1220 3552 3787 922 1271 2455 2836 3156 4588 1308 4053 3280 3698 1354 205 289 1893 4483 3887 2020 3276 2950 1851 3932 4801 572 2823 4071 4921 3585 4549 103 1263 138 1969 1347 307 4957 2399 1216 4527 2980 2199 671 2308 4487 693 3944 4091 1635 2664 1642 254 610 1530 4053 3521 2724 14 3143 4349 4097 4064 4004 3304 1617 3565 1683 2123 2813 1371 346 4439 3046 4586 626 661 3594 2744 367 1567 4487 1963 2051 469 278 1486 1703 3753 2728 955 878 789 2223 396 996 2760 3345 4268 332 4692 1150 3927 2690 1529 435 2126 1372 2908 4320 2621 67 4673 1354 1202 3764 127 760 2808 4039 2118 2847 4628 4579 1830 4212 2903 1459 4900 4249 2342 2464 2665 4375 294 485 2950 2488 1657 1740 4894 853 2135 1873 4173 1374 681 2533
2778 340 2165 821 649 1791 436 4408 2460 64 1871 1034 4193 3802 1115 1093 2050 1373 1879 3811 507 1981 3297 1765 3198 1289 4380 1128 2901 915 4556 424 4382 3110 2477 2844 3466 717 4505 4058 4550 2873 3401 4412 4525 4939 3602 2508 3682 406 1687 4073 263 4852 1473 3926 4763 4256 4527 633 3503 2379 4058 927 1065 2362 3190 277 2532 4616 2563 2067 1442 2706 4171 4884 4964 4649 3085 3230 1487 926 3279 2884 3037 972 4201 3605 631 2426 696 899 4696 959 2583 2865 955 3604 2995 4468 2978 1080 1087 1833 554 4136 1975 2289 3864 444 2247 4392 1782 1844 3399 1583 3726 2909 3991 3837 4771 683 3244 1356 680 3373 961 4964 931 3127 4845 4442 2870 3133 1982 670 395 513 3128 715 3037 95 3194 3984 4518 1024 418 2893 3970 864 3905 2341 3579 1018 1712 2493 3044 1713 2160 538 1537 2608 4975 3992 3559 4316 1046 3530 2540 4182 4011 504 4585 1028 1551 2071 1429 257 3606 3203 4433 3817 4398 2394 1042 525 1108 3044 2463 4502 769 1196 2387 2305 2278 3177 1260 264 4938 3337
4058 4471 3810 2050 1183 2988 834 3241 4874 474 1076 1402 443 2129 1631 3642 133 4755 3811 333 2120 300 1456 1079 75 2610 4850 721 811 2998 675 4479 1281 194 839 4715 2491 4915 3506 340 3702 4593 941 2789 1758 916 3595 4704 4440 2542 4785 4162 2543 2162 4032 1214 3233 3003 890 4734 3417 346 1894 2227 4199 570 2292 4182 1085 4669 4861 3171 1976 4675 4839 1694 954 3545 4788 1992 2961 406 1860 4883 1650 4675 3951 4261 4581 808 2036 2947 508 4651 2637 3853 2023 530 2190 1103 1899 4230 2270 624 448 4759 590 4638 3882 2254 703 3829 1848 2189 2459 1617 860 871 1161 293 2793 27 3222 1981 2486 616 3328 3426 4316 210 2893 4323 1286 2367 2086 4110 3490 1723 422 2573 4715 495 3220 1614 2194 2026 760 4740 422 2587 507 712 1632 1204 172 146 4605 4825 4518 1325 172 1764 374 21 1912 1717 2268 4374 357 2536 2313 3880 2483 1966 4286 2212 1932 1955 4193 3831 3109 1876 287 789 2901 1468 1089 2939 4256 2766 2119 4169 2664 20 723 1201 3355 2539 2669 1305
3928 2921 3165 3965 4249 2069 3827 4549 2170 4941 72 2794 3571 559 863 4615 254 3438 507 2120 2840 1380 1894 2138 2275 757 156 3986 2948 1327 600 4541 2607 3373 3563 4898 2704 2668 2964 811 4708 2532 1402 2339 3913 4095 3994 1415 1784 2178 2349 3331 407 2407 2904 3540 2199 1854 4631 3335 2534 2149 3553 2801 4369 2626 1367 1008 3469 1790 3897 3305 804 2136 553 3605 4882 1606 1825 2609 3988 582 3808 1221 316 4195 2530 4857 3707 998 1713 3826 4225 2269 3879 4848 1164 2685 863 2219 3446 231 1914 2395 439 726 4758 4965 1405 3129 4478 4123 3583 1498 3379 1134 876 2591 1889 2255 2101 978 1328 1912 402 3454 4784 726 4851 3121 2421 1097 1629 193 903 2784 4148 4792 84 3910 4495 2915 2337 1922 2629 2625 1225 4432 982 1198 1739 2438 206 3470 4140 2467 3697 2623 1832 2157 4002 4857 4106 375 707 1170 3631 1698 1971 1821 4087 1711 3695 544 2528 340 4984 4426 758 128 2639 49 3108 474 3322 3027 961 1263 2501 2213 1036 2854 2200 1623 1590 3209 3929 1829 2728 3054
3317 547 1603 4003 1970 4771 1371 3486 3583 2861 1449 1260 4926 1087 1702 3347 2844 3042 1981 300 1380 700 1086 2090 2475 3786 449 3851 3247 600 809 308 306 4868 4212 273 3544 4138 1257 2396 819 502 4040 3906 4340 2773 2868 3267 897 4027 1630 318 1138 301 4275 2151 4069 4280 3386 230 3531 832 2563 1683 1165 4417 3389 3300 556 424 2410 1920 3565 1899 1805 963 2616 2245 4813 4788 4940 237 2974 187 3555 274 488 2352 2011 3460 4336 223 1292 3980 4716 854 703 1667 2219 3008 4020 2032 1922 940 1963 1961 699 3975 3008 4662 2617 2467 2727 369 2488 3328 4303 443 3549 2086 590 2651 2175 337 917 361 1668 3319 3664 3448 1123 3936 1822 2230 2378 2868 1714 3258 4269 3114 4714 2152 3650 3531 4014 3183 1656 4510 3908 3695 1826 1344 4585 4618 3068 3867 822 3846 698 1955 3393 2783 3066 4409 3329 4040 4351 1687 2548 1812 436 3786 4276 1449 2670 4543 2368 876 1098 4529 3401 4762 2987 3635 1466 1154 2085 1691 1221 3023 3596 1592 1303 2003 3035 3949 567 3824 2190 2058
1847 2333 3887 1658 1163 1797 1227 3405 4277 1170 162 964 4508 3326 1617 3053 134 2978 3297 1456 1894 1086 1467 873 4932 1204 4510 2655 4966 3899 926 3719 2334 3453 2254 3933 4757 1747 3094 4334 1573 1078 136 2753 4682 3592 3583 1218 3079 1629 2210 774 934 1270 587 3955 584 1575 810 2941 1156 3462 1883 457 788 3795 2662 423 1314 1990 2262 4907 4002 3582 2626 2763 351 4200 2354 1024 3538 1991 946 2578 4094 3921 3957 4617 752 4140 3275 2417 4978 2877 1695 70 2498 1670 1447 2441 3592 4912 1277 1057 3466 1929 1373 3992 627 825 2511 4165 595 479 1677 669 4890 236 171 4720 1904 2035 4674 13 985 2117 2682 4048 3802 2561 2534 3905 1239 2209 3572 3777 2087 4981 811 1788 4440 3816 4524 2720 3152 1067 4866 952 3178 223 345 2825 3609 4497 615 245 4501 781 2220 887 1707 4459 2278 2227 88 292 1505 916 3825 1178 3323 2048 2925 1483 3022 1878 4094 4589 2398 2767 2314 65 1985 2126 1837 2874 1791 870 136 3883 763 4766 1982 41 3129 1847 4985 2262 2415 3968
1528 679 2465 1788 4307 3688 3499 3804 3933 248 1581 1904 198 2309 2151 4884 4591 2325 1765 1079 2138 2090 873 708 2113 3840 4071 4257 3182 4402 2651 4277 143 2729 947 627 4963 3082 2335 1097 1866 2484 3676 4653 3940 4735 4392 3209 3591 4872 216 3381 2381 176 33 326 3524 3299 2509 1143 4383 4683 2336 2630 4298 868 3798 4427 1735 667 2233 878 782 1655 4464 1144 2044 2172 2840 4958 2220 1820 3692 2013 1130 2872 791 323 1502 929 146 2813 894 4751 1184 78 1334 4597 3878 1680 2337 3358 2264 1950 3667 1966 395 1976 2084 2912 862 2131 570 2616 1455 3641 428 210 279 4439 1840 3928 3431 177 3780 70 976 2586 2139 4643 3982 609 3967 2007 2488 3098 4494 3737 2800 489 4316 3396 3416 4039 1874 431 1912 3909 4212 1600 2299 1251 4629 2551 2969 4433 1513 4199 2866 4056 3555 830 3618 4085 480 2343 3966 238 932 2359 807 1397 2211 1296 4738 1026 3320 291 2092 2552 3861 1926 2032 2367 1027 426 3515 1270 188 1788 4440 1648 1708 2561 1006 96 151 3829 1788 1507
3686 4979 1165 4484 686 3841 4361 2229 3294 240 2067 1385 3893 2894 2504 1517 494 1874 3198 75 2275 2475 4932 2113 1821 4879 1008 1934 2974 1575 1019 2322 3326 4798 4581 2122 547 1812 3583 4581 2078 4346 3575 1924 345 2538 3505 1204 2789 4947 3441 4098 37 3624 2915 2449 736 311 3011 460 4052 3783 1478 1175 3144 12 1832 1521 112 4168 3638 2917 2081 2085 935 4895 3877 3320 637 1607 2695 977 3715 2240 2946 4437 3819 1782 2163 4862 1786 4755 1807 1568 3845 1813 2510 2875 4575 2064 4301 1088 1327 2300 3312 2440 657 3917 1226 2106 760 894 374 1249 1500 3721 3525 4484 655 4753 4125 4949 4899 4722 1027 2547 2663 2225 4721 4406 2221 815 3247 4645 205 1808 2667 3804 1128 354 2873 3482 3117 4693 121 4577 4912 2876 2245 764 1493 2130 2208 374 2728 2116 346 1159 3647 3132 632 4075 571 292 4706 4485 4422 4819 2182 4275 3544 2245 3858 2698 3130 3834 799 1141 3263 3612 406 1982 3421 1559 2567 2403 1040 1034 1297 3588 3427 2414 2664 134 112 3936 3362 2623 4119 1543
3963 1310 4321 2179 4667 2508 2185 1052 491 4198 1550 2246 508 1161 1898 3239 315 4895 1289 2610 757 3786 1204 3840 4879 1926 2209 4882 603 3609 3256 1930 3865 137 746 3746 2983 3096 1749 3647 1124 1928 4219 1853 3097 1109 4351 2360 4177 4780 4369 2389 222 3672 4589 4125 1417 4467 344 2554 3899 806 1988 2831 3455 3494 44 2573 1159 3420 949 270 3950 3889 1328 1390 1067 106 3350 3204 3975 1332 2805 4146 1144 494 1878 3462 3832 1436 364 1025 4769 4884 2602 3548 4535 3488 4676 2292 12 3934 2144 830 4152 4817 179 1186 4904 3302 3244 664 1436 1052 1668 780 3400 3654 1135 1113 3913 4375 4984 4955 2366 2727 715 2939 3735 2341 1938 1781 1744 4506 4478 3843 4484 2477 289 2761 3726 3083 325 567 4194 2410 4766 1198 2546 3122 4119 2960 940 2189 1797 2319 3899 4810 3076 3883 1033 3194 2802 3853 3313 4840 191 105 4869 2587 2001 154 2811 3612 672 3437 4333 1590 3295 3961 367 2185 2922 3240 4213 1898 302 1689 3727 4009 3135 632 186 3611 2462 3008 3963 4350 612 2738
83 1078 3538 3060 4694 525 637 2412 344 468 991 266 740 283 1641 3839 3277 4489 4380 4850 156 449 4510 4071 1008 2209 1306 2269 4236 1073 4224 3145 3468 583 2664 3927 1735 1533 4978 2492 4127 3789 1656 2909 688 2053 4249 4943 1688 487 3914 202 933 4963 4087 2791 1513 4653 2179 3838 3630 2475 268 2448 1582 4226 3380 705 2985 4930 3507 986 1825 3416 3785 1427 3576 4679 2084 4325 4217 797 1344 2008 1205 545 862 1522 33 1895 4547 1232 2454 2060 69 4700 2588 901 3372 1147 3242 2854 4609 4663 2644 4154 366 1984 1365 468 4110 3149 3838 2524 1152 4332 3742 1727 4092 1231 4805 1790 1097 3084 187 3412 220 242 3195 750 596 921 4447 3686 2297 3905 3673 4590 596 1174 4911 1061 855 3655 1799 1929 1260 2266 3885 3029 642 2939 4524 2681 4399 1371 3403 4839 4520 212 1558 4807 4234 2340 3171 4148 863 2002 110 1250 2624 3757 53 1587 3057 3178 2190 997 4676 279 47 2139 1585 110 278 926 2098 2533 48 4639 3257 502 3110 2803 1052 889 1064 2069 1087 698
740 1566 652 507 378 2040 2444 3648 1923 3160 3520 1171 3664 3920 1803 1064 3362 4985 1128 721 3986 3851 2655 4257 1934 4882 2269 1165 1773 2433 3944 328 4665 881 4879 4228 138 1560 750 2434 2793 2104 2747 4513 4620 1035 4889 1982 4169 4367 1417 4744 1693 2170 1012 2824 1716 1886 4437 3803 4274 843 1491 2852 2042 2734 2929 1293 1426 2488 1517 3158 2559 2995 4335 1800 1892 1533 4061 3463 4765 848 99 3825 1053 394 259 3644 1831 1452 1491 606 433 439 1612 1295 2570 3447 3688 1395 3131 1417 4910 1849 2085 4013 4830 2920 897 1178 331 31 4514 2728 493 2849 3179 4227 902 4127 2368 4917 2724 3178 3679 424 2401 1898 1862 2484 4148 1160 4194 76 4748 4088 1132 911 2184 2234 2260 1359 4636 4659 2150 4839 2958 4390 4899 3353 740 4327 3637 3393 16 355 3694 4846 4721 4508 4342 3010 2051 280 4069 1646 3404 3678 3755 711 3574 3409 4149 3321 726 1059 1865 1669 4318 4244 2283 4850 4673 611 1542 3262 4969 1197 3619 4913 4961 1430 2511 2338 1634 2995 1653 1440 2862 370
2192 302 2846 4503 889 455 377 1616 3239 2445 4897 1287 1581 649 1367 3051 1717 2783 2901 811 2948 3247 4966 3182 2974 603 4236 1773 4539 201 4142 3933 970 3852 3981 4571 4884 4626 1717 4541 3916 1606 1745 1693 4192 2737 1812 1682 4130 113 383 3451 4807 4000 56 1747 2388 284 3941 4210 866 2638 1590 3564 1747 4826 4310 2402 586 2007 933 157 1463 1617 3714 3185 3459 1654 2751 1338 2200 699 33 3126 3470 4169 4200 4491 4847 743 2901 1139 4559 3827 2101 1983 244 752 3882 2735 1147 1517 4194 241 2059 4617 1150 833 3192 223 2608 3873 381 416 2430 1335 2755 1886 3355 1000 3672 3701 3903 2551 1537 4339 2577 3551 2595 218 2755 2602 1912 1059 1694 1025 1708 2000 1360 2861 4142 2044 416 1144 1320 1093 1905 2135 2375 1609 1008 4856 2137 2230 2059 1628 1622 307 4500 3629 1273 1406 306 2225 2419 2345 3483 2714 95 4812 3697 3585 3300 3581 2767 134 3888 2681 2135 1816 1101 4726 3568 488 4600 4035 383 418 3529 4361 3908 3278 493 3344 3415 926 2009 3188 120 1506
2244 2018 962 2245 523 337 2241 810 4138 3522 3138 890 333 2822 4727 445 3354 4420 915 2998 1327 600 3899 4402 1575 3609 1073 2433 201 3773 3897 3264 2230 705 929 954 3924 1926 1691 4965 204 2457 3701 481 1293 1740 4385 2120 304 1555 4166 3241 71 1049 4426 1221 4560 523 1718 2372 447 2221 15 46 1440 3753 3866 3409 1237 3825 2646 2271 4252 1702 3870 2976 134 2850 3836 4105 3396 2619 1620 1939 264 2994 4990 3132 978 3279 2269 4517 3362 3482 595 1895 803 1335 1576 1512 2204 1500 3091 4736 4670 4884 1794 2892 4821 2762 1502 4430 4922 977 99 4651 3030 2118 4031 2353 510 2210 4837 4969 1289 2238 3989 24 4581 2619 4522 2905 2221 1054 4813 3998 313 2106 1909 1802 1818 3978 4610 4046 2091 2687 4852 3824 3861 3556 1873 3650 3706 4618 4444 4023 359 1365 3090 2094 2849 3439 2404 1744 4542 1386 1629 4004 542 2975 2849 1080 1473 2502 1385 3410 3743 15 1794 3078 3109 3423 78 738 1946 4423 1374 2159 2847 4964 798 2737 2249 4680 4621 240 2435 1769 1922 3805
3292 1011 4290 3683 4001 2747 4914 4657 1327 4699 1717 240 28 3433 4105 1309 1447 3459 4556 675 600 809 926 2651 1019 3256 4224 3944 4142 3897 3409 4439 4490 4529 4876 3753 4854 536 1598 4062 2091 1537 2161 1646 400 3231 2892 3272 896 3648 4555 1310 1762 2302 868 1198 3939 509 935 2607 799 4245 2087 4402 1574 1605 2409 3640 2401 4526 3417 516 1671 4460 4585 1504 722 1774 3574 4331 1580 4847 1964 2856 206 4752 512 1710 2508 1968 1069 4662 1129 1470 2096 1756 2762 3797 4237 1685 1122 639 1425 3757 4463 2391 4283 118 3823 1135 3106 3368 4800 1153 2142 467 242 312 261 637 2501 115 3662 4031 1920 3727 3791 3147 269 2994 1308 3713 2016 1522 1041 254 2293 3056 1029 1418 986 4438 3395 1172 1185 1300 363 2019 2245 960 4054 1449 4287 2214 248 4393 1812 2428 121 2802 4489 1420 4911 3359 725 774 1263 4591 4905 35 4913 1210 405 3598 2715 670 3878 2869 109 1358 4486 2761 1847 1798 4689 4925 2096 2368 3117 1948 2534 412 815 1333 2965 249 375 3443 348 3823
48 4409 3718 1264 2889 1085 1704 2940 2884 360 693 3281 1072 2189 2997 4771 3162 4893 424 4479 4541 308 3719 4277 2322 1930 3145 328 3933 3264 4439 83 4410 1421 3558 727 4619 1245 712 576 1939 688 3060 4660 834 426 2139 2595 2753 4797 4647 1408 2614 1518 1050 2054 558 220 1630 4306 429 4582 1383 4852 548 3498 1826 1288 2763 3050 4609 1521 41 4441 865 1755 1450 3602 2506 4888 4935 3266 1698 622 763 2057 3733 4964 4036 372 2280 2956 2701 4427 4585 1058 2783 1581 807 4226 4827 3695 4079 3205 1734 2877 3309 2987 1097 907 2703 1367 4362 1883 1319 115 4856 2599 3688 4237 4549 4677 3500 2897 1139 3815 2884 3713 331 4422 4590 3361 159 2103 3904 4305 2301 690 3936 1351 1770 3564 3080 3634 4952 3793 4017 834 2152 4753 1033 4723 1250 3109 2205 1943 4679 1826 3398 307 4040 3786 4005 559 803 1855 1210 3092 2328 1551 2349 653 1264 4231 1034 1892 2141 3769 3847 1898 4445 3368 4639 3472 3621 279 4086 3582 1019 2927 4598 2724 846 101 2796 1542 37 2648 2034 2793
2756 3017 729 188 2372 2919 4595 465 727 905 603 4263 1156 1499 1271 3410 2955 1125 4382 1281 2607 306 2334 143 3326 3865 3468 4665 970 2230 4490 4410 3297 1298 1875 121 159 1200 746 4197 1964 1601 849 2074 2567 3936 907 26 1316 4038 3411 4887 3540 2694 1280 2913 174 1390 1183 2971 1886 2293 4806 144 3517 3865 304 1493 3765 463 3087 67 1828 1091 4697 3496 3234 4393 2000 372 3488 1499 3826 3074 1566 2932 3847 4165 987 298 2691 2377 1742 1772 4975 4857 4696 4883 1071 44 4411 2239 3856 362 179 1332 4242 613 879 1344 1498 1728 1687 1319 1076 518 508 1127 2375 731 3749 715 2846 4291 2406 3984 4633 2096 2029 2824 3002 1900 540 608 4136 1661 1295 4495 4239 1510 2267 1513 730 2371 4501 342 1898 2668 1122 420 3199 1286 1286 1860 1536 337 3735 4327 1076 2937 3618 669 3335 4648 3106 3648 4901 3043 2428 2168 682 4744 2495 1712 1079 310 2779 2229 2210 31 575 2721 1906 4250 1179 241 4879 3957 4832 1274 3958 786 556 2443 4210 4167 1304 1711 576 1415
3536 1858 3948 190 3733 3847 1723 1117 2084 1233 2298 3751 4208 4019 129 1256 2416 4390 3110 194 3373 4868 3453 2729 4798 137 583 881 3852 705 4529 1421 1298 1842 678 1367 1709 2328 3483 310 4387 335 2007 1667 2939 3927 4631 3091 4511 238 4112 2715 4618 4740 241 2922 3642 3428 2581 2140 2969 646 1468 1152 31 2792 2242 3017 1669 3565 1745 1211 4499 3873 4794 1013 2969 372 4208 1958 3965 2043 3140 3978 1072 179 1086 1502 2985 2095 1198 2273 2475 2327 1383 3127 913 2919 876 640 4559 2089 2383 189 2505 1241 792 1780 2420 4421 4549 2174 1415 4362 2433 3972 4517 3476 1151 1385 2081 3988 3166 1064 549 344 3361 2074 595 334 352 115 2042 4517 3815 4075 3819 1424 2598 4570 4425 2667 4341 3139 4543 1531 3594 2416 3809 2035 1966 405 4540 4022 1122 2502 4601 1297 849 4559 3932 3800 2625 3455 4250 4468 1481 4780 4245 3055 1616 4906 2285 3302 2770 2589 3758 1488 186 789 2411 3030 4942 4961 4324 893 3819 2385 1097 2891 4929 3055 2263 3282 4582 1476 58 2554 4463 237
4347 289 1000 3960 4588 2331 2495 143 4881 1270 270 2467 4106 1501 4716 3277 3280 2609 2477 839 3563 4212 2254 947 4581 746 2664 4879 3981 929 4876 3558 1875 678 3463 1118 28 1065 2150 1920 470 4973 4983 576 1775 2080 4368 4558 4771 2277 2928 2936 1789 4755 3625 3892 3010 2659 1546 4827 326 4859 2639 2505 1903 3149 1366 803 1566 4212 721 1746 2899 3663 418 698 632 2758 911 128 3273 1257 2671 740 1589 811 1729 1612 103 1058 2663 3349 2094 3056 4519 2588 3012 1165 4562 2071 1815 1048 1757 1540 1370 306 3489 2908 1795 1094 1226 537 4304 3858 2282 2639 2892 669 2358 1492 216 1117 1763 2527 4982 2316 2469 187 1625 412 4056 1370 4728 4766 1976 4009 3798 4668 3128 3076 1127 3801 3436 4633 1773 4988 730 1181 1679 4068 4998 1936 4994 3778 1663 638 1910 1625 670 1495 4283 1065 1681 3352 626 1909 4686 1535 2928 722 2855 4354 3458 1647 321 2249 1333 2438 2093 3908 2099 695 4624 3411 225 131 2633 4946 4574 3428 433 1990 3602 4633 1124 2366 4966 3862 3128 1111
2956 4702 1768 4818 1226 4544 2502 352 3138 1632 2608 2636 2081 1548 4549 1321 4664 1869 2844 4715 4898 273 3933 627 2122 3746 3927 4228 4571 954 3753 727 121 1367 1118 496 3168 3274 2359 4230 3447 2621 705 3639 954 4126 4891 2754 188 4506 1971 3981 113 4129 4366 2596 2916 3141 3000 3664 1025 4503 2259 4822 1130 2264 833 1879 1742 3942 2698 220 169 893 1981 3410 582 2369 932 3243 1644 2932 1195 4396 1902 2618 747 958 1173 3189 3537 213 4534 4054 966 1072 2107 1012 1729 4748 4999 4456 1017 1681 3990 2383 1282 2275 64 375 2861 3973 1716 4885 4207 4470 2498 392 482 3423 4007 4818 255 4103 4229 946 1177 119 1455 1202 2128 2911 4359 1956 4341 2667 2639 1876 4225 784 219 2678 375 4953 1055 1548 533 438 1364 2962 2737 2489 876 1968 2678 1987 1508 2066 1772 3048 585 4565 212 3574 3644 3649 2728 598 800 1453 1686 4397 2852 4641 3176 4222 2830 1099 4742 4412 1440 398 2001 2932 1540 1962 2129 87 1221 1466 859 1564 1157 3986 710 738 1091 2652 2782 1457
4342 2930 2447 4691 4158 2233 2442 67 4552 3976 2943 3997 1296 4818 60 2716 4627 3096 3466 2491 2704 3544 4757 4963 547 2983 1735 138 4884 3924 4854 4619 159 1709 28 3168 4614 2433 2089 3291 4820 1784 32 2035 2002 643 2271 2037 757 2315 3906 3966 2148 2492 2446 1207 2759 213 4035 2006 990 2094 4139 1826 4735 655 3786 2147 2989 3855 4593 3059 2271 3499 608 1220 4874 962 2732 1094 3767 1867 1416 2406 4005 4614 1622 2980 4609 499 4524 3846 2821 1590 2050 787 3347 3147 4418 1819 435 1603 1010 3446 1844 1738 3457 1054 2206 1507 2410 2343 108 2618 731 4854 3730 354 1849 2116 4718 4699 2818 4804 3513 1696 4228 2270 2098 711 453 2548 3928 4187 1835 3170 2406 3199 2876 1212 1493 3701 3784 1020 216 4593 1313 244 4359 972 2502 1757 973 553 2419 4921 616 3345 4081 2352 4462 1870 4519 3805 824 1778 4493 111 729 4664 666 977 3876 1011 2020 1190 1830 768 48 3690 323 3539 3703 2343 665 2370 3286 4197 3580 4399 2263 3341 3674 4368 2339 1604 1842 1781 3458 1423
130 2592 3998 4272 4833 3021 1483 764 2936 4772 4869 2552 4121 3382 3649 843 2865 1422 717 4915 2668 4138 1747 3082 1812 3096 1533 1560 4626 1926 536 1245 1200 2328 1065 3274 2433 2953 4106 1413 2872 4046 2502 2125 3809 2739 2671 250 4451 1366 1432 3072 3568 2320 1477 180 3386 1437 4142 2816 3855 512 3231 2407 1883 3916 4034 1362 2889 30 4918 2116 893 1848 4726 1223 96 1754 617 4376 643 1249 3970 2815 373 1008 3116 1307 725 1713 4331 1366 2829 4645 4460 1040 3352 1964 3025 4164 4936 2146 96 366 3961 1392 3819 621 1288 4169 444 326 2148 3666 3168 1872 3840 4207 3573 2774 3510 1647 3670 4528 1289 1376 4722 2201 80 911 1339 1441 1320 3369 1453 2220 4630 4738 2446 1875 625 1191 4609 39 4033 1919 3719 1186 1573 2529 4301 4726 1577 3410 4644 3957 2287 1916 875 906 2202 2113 2816 939 725 110 4393 1802 10 3849 2145 162 1824 831 1720 3120 18 765 3349 2043 1392 1991 2407 1393 3609 1338 1992 4780 3160 1195 110 710 2094 1207 2727 4209 1098 948 3578 2404
1770 653 4231 1280 1753 151 4442 883 3377 3763 2191 2638 893 3415 121 3838 2956 2230 4505 3506 2964 1257 3094 2335 3583 1749 4978 750 1717 1691 1598 712 746 3483 2150 2359 2089 4106 1713 2551 2072 311 2953 2591 780 647 2860 2340 1491 2289 4718 466 155 4484 1244 3232 2331 3248 1706 3539 1668 529 1805 1032 4407 2614 4049 4457 1658 4180 328 4324 4194 1986 4627 559 966 2369 109 3964 4818 2528 986 3520 3802 3629 1475 2040 2121 3867 4650 4445 1601 4580 2624 2469 1172 1394 1008 3924 1369 2243 2704 1866 2879 2262 553 2392 2196 332 4552 3249 545 4887 1555 332 3533 1628 3185 1061 1412 260 4491 271 4361 4480 4014 2262 3377 3816 1407 4681 269 4872 4341 3749 96 100 3833 958 152 488 2502 4413 3294 847 1555 152 2771 1889 3809 2321 2173 997 4066 3408 2488 590 1259 3878 4847 2962 2139 3153 1632 922 3526 1287 4555 3304 2184 515 1985 3937 2474 3148 3689 640 2671 3712 3214 693 2724 3604 171 512 4364 2700 2451 4138 3611 3594 2266 3511 4198 470 2154 3152 4999 4671
3601 2709 1405 1645 2504 2757 2398 2226 1166 3824 4520 1239 4687 1089 1556 4813 2227 3962 4058 340 811 2396 4334 1097 4581 3647 2492 2434 4541 4965 4062 576 4197 310 1920 4230 3291 1413 2551 3535 1897 2655 2645 2976 1956 4607 3695 3707 3108 1440 2212 2134 2161 1945 4059 701 4650 4855 1567 4806 2801 2839 3122 1924 268 2237 3690 1946 1680 3112 4915 1520 530 1612 4334 4051 60 3365 805 2969 2733 2704 2721 4801 1846 1003 1264 3794 894 1449 497 2997 2671 563 657 2766 1587 3524 1264 3981 4712 2997 3942 533 4121 1887 2010 3873 481 2872 4149 602 2607 3153 2079 1819 4512 3237 4143 3423 2419 1580 1451 1905 4802 1929 1055 1993 1435 2515 410 2663 3888 3404 1548 747 4240 48 744 2763 2252 4895 1955 3887 3038 1268 4324 1865 1628 197 1427 4442 4554 4997 371 807 4500 1211 754 3160 780 3429 107 2472 4384 4749 2685 3979 916 3275 578 4328 4356 1368 560 883 1361 354 4358 1638 3101 4231 3016 2480 469 1938 3767 1185 386 1338 57 3041 281 3047 1898 3957 4239 3156 3773 3629
