N: 200
M: 10
Symmetric: true
Triangle: false
29 20 134 199 136 45 4 85 18 180 186 33 32 110 46 123 86 34 6 183 161 120 157 15 148 119 92 78 198 196
18 73 166 9 149 57 182 191 41 130 52 111 72 87 64 156 125 68 117
18 126 96 146 74 3 177 36 17 82 16 83 10 107 167 13 94 59 155
23 23 5 31 165 80 90 54 43 25 44 39 173 61 116 76 70 100 147 164 48 159 89 139
12 102 109 75 106 11 14 35 40 142 97 29 185
26 2 103 190 184 200 77 1 98 127 55 154 193 93 129 192 162 101 60 88 8 150 58 132 84 144 171
21 145 66 108 69 137 24 79 95 115 81 104 121 138 21 53 27 113 158 181 114 65
15 28 7 141 42 135 118 169 47 163 188 153 168 160 56 49
19 51 91 140 194 131 179 122 112 143 189 175 19 178 151 152 12 187 50 62
19 99 38 170 37 174 197 30 63 22 176 128 71 133 105 124 67 195 172 26
653 3836 3373 3037 2265 4037 1562 3124 3119 3189 1883 1943 906 4085 567 3648 926 3854 3147 426 2322 1328 4255 4180 3135 3694 2585 4618 1536 2597 2443 2976 1618 4430 4802 4041 745 3109 4201 4223 677 4199 3110 1636 1783 3042 1219 1885 898 3455 3462 2389 3189 2636 2649 3345 3760 3341 4888 3557 3367 2909 3385 1721 2468 1126 2299 4929 4651 2952 2203 612 954 3306 4993 4348 599 3577 1357 3134 4693 743 4933 179 3591 1931 222 3095 1566 2613 2254 766 4207 2955 1349 4251 740 3305 2592 3501 4407 4204 4811 4540 239 2704 3589 575 1272 2662 3964 1751 4917 4334 4365 3867 3631 4342 3936 3190 4776 4126 3544 1135 413 2723 3060 3087 3216 4417 4464 1988 3447 1645 462 3853 916 1072 1462 3744 2676 644 4862 1762 3510 2372 1702 3649 3210 90 568 1881 1667 1279 4685 1629 3723 1347 2034 2691 686 1219 3501 3222 3900 707 222 2889 3428 3432 2701 1997 2242 4242 397 3540 1358 2417 1393 1614 4101 396 4358 4119 2577 2677 1036 1237 4607 3520 2657 4671 2281 4174 2456 3105 1814 403 2308 3259
3836 445 1989 397 3319 372 3343 2212 4257 1779 3589 1711 1395 4684 1042 1250 2140 4469 3716 3407 788 1322 191 4929 1548 2710 3478 3631 2799 2550 4607 3455 4018 4272 629 4051 1280 3001 3118 3008 1917 3149 1056 4994 826 3528 4058 2161 2690 4117 560 1283 4996 2674 2693 3877 2920 4619 945 2674 573 3604 1126 99 1038 4818 3114 3833 142 2737 4126 2686 1689 2230 2210 4507 1354 1479 2064 2685 4206 272 4053 2770 1443 2720 1159 4200 2245 4638 4399 3839 371 1605 1956 455 55 2129 2033 342 3878 3146 3147 2137 3993 1556 2346 2146 3445 3584 399 2098 4281 1387 2425 558 924 3251 1429 4143 361 3396 3982 2026 4643 4303 1699 4402 625 2717 4679 1033 393 3265 4286 3581 3869 1707 4303 4540 3447 3043 2943 3571 3769 2050 2586 151 4255 2509 447 56 2169 634 626 1462 446 4811 1557 4197 586 4737 2463 1466 2054 4792 4482 4834 62 1427 4176 4712 1890 91 639 2411 2877 678 2299 4421 89 2426 2869 212 3640 3220 3535 3628 2088 1208 2581 3641 3096 3935 71 4760 1031 4707 1474 3025
3373 1989 498 95 4167 1452 3708 2920 2026 4876 1462 4892 1039 4562 1394 3364 4312 1686 4427 1981 2062 1183 2332 1080 619 2345 3395 678 3368 1495 3401 308 2306 3478 2404 2473 1799 2142 4726 1738 2543 4490 2229 2587 1930 2840 4621 3954 4344 2784 1169 2344 777 2266 1340 1577 422 3972 2067 776 582 2045 2283 686 2797 3440 1404 4633 2905 130 3079 4833 2807 4903 427 1582 421 4238 3038 2942 825 2243 4054 4093 2000 3836 14 3727 3888 1071 4043 836 301 2080 3706 721 1650 4997 88 3728 1947 4766 4013 4328 1125 3918 3962 178 458 2012 1891 2620 2511 832 4016 471 4753 3958 3795 1571 644 914 63 545 4815 1731 3937 2662 929 1096 2912 1845 3043 2070 4060 3189 588 936 191 4796 3248 92 1964 2862 2282 813 1415 1374 275 1821 4345 2885 2446 1646 4626 3350 808 4021 3617 3000 81 4859 3107 1762 3766 1472 3293 271 3637 2252 3406 3708 661 276 1635 3990 1466 921 2752 1209 748 2670 868 2947 1269 2164 2223 3811 4611 1488 1001 3618 3603 213 2658 2847 1217 3103 2217 1515
3037 397 95 4722 110 81 2651 2644 2630 2779 1499 2194 2565 2727 2235 1301 896 1596 4531 588 4712 2461 1093 740 3812 3297 259 2490 2283 3892 1923 4160 1387 1436 3853 2337 4606 1428 4232 3011 3592 163 603 4865 4942 4436 2998 522 4678 2149 3319 1496 3038 3455 1326 623 2735 3994 4949 1450 4069 1955 3421 1812 3070 4250 1774 3419 3449 2413 4024 3835 4688 3118 3070 1280 987 4609 836 2087 4678 3400 239 3785 1999 1421 3051 315 4412 4525 658 3721 2474 3366 839 3331 3742 4340 4466 390 790 4934 546 2464 413 2104 1884 2538 3131 3780 2807 3059 4248 4092 2536 1170 133 4737 3015 3610 3699 3690 2171 4777 2420 4781 2438 4027 1678 3138 606 3657 1708 1129 2036 3258 2909 3397 1140 859 3209 725 3890 2525 4610 1915 3215 2265 222 1784 4792 2837 2317 1891 539 4306 2836 4173 2874 97 4105 4381 2332 4815 4842 61 2881 534 995 3293 3481 999 3501 4657 4569 814 3206 3145 3475 4688 1346 2476 3409 4361 4438 4021 1783 4611 227 1669 428 839 4887 3297 1476 787 1453 2831 2842 2061
2265 3319 4167 110 2567 4629 652 1515 4896 2132 2667 1433 1326 20 3416 707 64 2137 1964 4431 1314 1092 4659 2096 2596 1896 3006 1858 4816 2394 1743 3375 313 1169 3935 4494 4346 4123 4104 696 2550 1720 1132 231 775 943 3195 1903 2504 4852 198 1413 2962 3135 314 1529 4354 183 4977 3331 2408 4991 1499 4590 1167 3309 3636 4295 3367 3072 561 764 3128 1065 967 3750 3645 2673 357 871 58 4133 1521 2612 3956 4359 3917 329 4720 4127 2314 4356 3652 3876 2900 1320 865 4104 429 591 1155 1623 1454 2698 4590 4268 740 342 3986 88 993 4139 4222 4522 133 3397 1354 4905 3863 346 2685 3477 3795 1071 1592 1617 1939 893 1799 1219 2169 1455 4780 3182 2123 2281 4906 3720 589 1023 3201 1343 1391 1390 1272 3741 1900 727 4058 1264 819 3155 1474 3847 3315 4334 1210 1727 2219 2580 627 4324 4500 1207 4646 2536 3057 4086 2513 3826 314 1686 814 738 4141 4480 3652 786 830 3743 913 4269 4701 3983 465 3406 818 4751 88 187 2364 1784 110 1676 1543 3034 3146 4545 201 2817
4037 372 1452 81 4629 4242 2244 277 882 2764 3493 915 1296 3909 3839 326 21 4298 3257 3115 852 2574 2747 818 695 290 2618 2578 4843 4466 4912 3190 1728 2729 910 1327 1463 4215 2901 275 1865 4507 410 4141 2631 3071 2776 2042 608 633 3260 4021 4286 4300 4848 3313 3080 4726 3966 2469 372 3586 3722 3512 444 1803 2849 4318 1251 2601 3553 3268 783 2278 829 3680 2916 2261 2865 579 417 3654 3473 2281 3847 322 1892 2549 4936 1254 4986 3530 288 4495 1321 4073 72 3896 15 4684 4388 2721 35 2649 1091 4383 3570 894 3047 3101 812 2344 4215 457 2492 4481 746 3746 1171 1019 2900 1068 383 4694 231 36 864 1319 4243 4419 706 2586 4010 3969 372 1125 4847 4560 1037 3309 1526 1103 3897 1218 2682 3687 1711 265 4609 4537 655 3990 142 4249 4207 4500 3043 2137 4329 3180 4471 3880 4330 4197 754 166 3671 1078 4213 4539 3658 3145 1448 55 4834 1021 4736 4571 1595 1578 3883 782 4182 652 3570 4278 3634 4395 2213 4093 2517 4180 422 4163 824 401 1701 2152 3815 416
1562 3343 3708 2651 652 2244 2586 1310 1906 1257 567 351 766 3628 2949 1786 505 911 828 241 2242 493 2651 3658 1957 4899 1874 468 1620 4134 3070 2704 4091 1415 3783 2464 2606 1649 3352 4410 3444 2367 1114 4109 2369 669 3362 3181 962 2391 3367 541 153 1672 959 4763 1315 4922 4062 2125 3646 3905 4369 4210 4477 813 3019 4784 1476 2338 4415 3526 2737 1251 3888 2797 608 1263 4058 3687 2592 2039 620 3740 808 1833 4806 4180 2312 546 1688 2987 511 2049 1214 2754 254 492 3956 1158 523 3818 3265 1196 2200 709 734 1915 4715 1929 3724 4668 1872 3226 3085 3960 3283 172 2314 3615 4717 4812 4331 2161 4174 1803 1517 1560 3530 1736 147 1116 3723 3370 4397 2111 215 3731 2601 238 3001 4584 1542 2367 4447 1057 3290 3301 4083 4230 4459 1482 3840 3780 4929 87 476 4167 3328 1873 4718 639 4631 2024 691 360 3444 1831 3913 1553 1838 2520 3885 4114 1476 201 4150 2333 1103 2554 4509 3650 3648 1941 2136 712 2602 271 3865 84 121 1636 1246 1101 2551 3322 892 122 641 2612
3124 2212 2920 2644 1515 277 1310 2573 188 1588 4869 4048 4425 2339 3426 1207 2705 491 4492 809 734 2544 1692 3573 13 2101 4082 3840 3040 724 4477 2272 986 873 2388 3079 3139 4690 1436 3411 3968 1124 545 558 4346 4013 3261 657 2831 1637 99 3417 1648 4703 3391 4326 811 4537 377 4248 3591 741 695 4274 1397 2895 170 3024 788 2704 3167 2173 1168 3119 2874 4784 3898 3566 3340 962 1299 629 1832 3862 3925 4493 4067 4003 4136 4288 2496 2884 3648 1114 632 867 3431 407 4867 1873 903 1985 646 3193 2776 1695 3632 1667 4333 3245 4296 236 3030 3937 3105 3823 705 3568 925 4152 124 1373 3493 4174 3890 4726 3149 3788 4620 4958 1469 3850 4412 1740 633 4181 1109 949 148 672 4938 2224 1475 4273 755 1217 217 300 480 2713 531 2622 2188 220 3156 4198 1015 4518 3624 851 114 2686 4733 4932 4590 481 4726 1240 2948 4591 4216 3564 4143 351 50 1982 4231 2846 3409 2364 1389 2423 4599 779 1422 3796 177 2627 1700 461 4888 4673 771 4700 1291 4758 1505 2023 377 1522
3119 4257 2026 2630 4896 882 1906 188 2651 2593 2826 3691 4086 2964 4590 3153 2941 4131 1986 3226 2287 1399 1400 560 2276 3782 896 66 2420 1083 853 546 3962 4314 393 2436 4051 3483 3314 4793 1540 3714 495 821 2634 957 2914 1244 2752 1022 4390 610 2990 2211 3684 706 1665 4367 3247 396 973 3452 4754 494 4605 3530 1739 1358 1694 3514 2037 1881 4190 968 103 3509 1602 4976 248 2177 4215 1029 268 2278 906 4084 4802 509 2155 1846 1258 2369 3939 1540 2625 3569 2183 4625 3173 1960 532 3681 3763 4576 2372 1349 4013 2471 4442 152 350 2990 1986 840 669 3383 4346 1577 1316 4179 1369 1050 534 3817 2186 3801 1556 4955 2485 3344 4188 2312 772 4794 3686 4202 1409 1173 117 202 4612 2254 2141 2798 3747 1492 661 3806 2236 4804 1931 3200 3446 4998 1546 2430 1115 104 3983 3532 637 2509 2908 4597 4160 3259 4693 415 1837 2709 1110 520 936 2354 1325 4613 4657 4549 597 251 133 3677 1766 1935 2475 2434 1399 1200 3053 1468 3546 334 497 2914 449 1689 2522 1734 1408 3868
3189 1779 4876 2779 2132 2764 1257 1588 2593 95 2515 4590 2371 3311 2551 2074 1774 4173 1623 961 339 2332 4106 1665 1455 3548 1730 1989 4900 4580 4993 1824 2879 669 4587 3647 3376 4544 1581 2730 3417 2582 3422 2545 3860 992 3889 1560 3925 509 1630 1154 1347 4405 605 3270 2738 4598 1209 4578 3158 2878 2049 4303 4434 3302 2732 1318 518 2150 1653 2660 3105 834 4784 269 460 2974 4355 2150 3387 1757 520 3342 1694 1717 1391 2243 966 3302 4462 2706 402 2770 3162 1254 644 2107 2397 4317 1368 3098 3311 180 562 4492 238 2714 2806 3879 1055 2307 2103 3225 1095 1941 1553 4693 3115 2622 688 3382 3357 128 2262 632 3100 387 3852 4384 1134 4921 1143 3100 1947 4445 3702 575 3150 4043 737 3056 1516 2947 3067 1063 828 919 3279 4525 1571 1110 4125 1107 1194 2979 369 3401 3650 2234 682 1943 883 1921 4315 4070 2171 4602 154 4691 4949 2810 133 3510 4998 2971 4033 4171 4840 3669 601 1158 364 2960 4399 4548 2117 3733 3834 3785 194 4891 1319 1870 483 4860 1439 86 2348 1736
1883 3589 1462 1499 2667 3493 567 4869 2826 2515 3486 1700 2233 2434 4994 4917 3392 975 3210 4086 2073 3867 1486 1746 3015 2136 3789 1046 412 1708 1753 3978 36 413 4025 2025 2552 4055 1240 3294 3978 4216 4772 2873 2815 3962 791 1104 3493 939 782 1189 2572 2754 1983 426 446 2777 738 3164 4792 4556 2637 2218 933 3035 2057 2066 3932 1901 2014 3242 2852 1765 2833 4296 1829 1260 1281 1986 4097 3994 1061 2554 3275 4266 2471 2326 2320 186 4980 4652 2927 3817 714 4228 2164 4235 3905 3737 236 4552 695 1586 1599 2341 4679 1243 2452 3893 63 4459 3342 4026 295 4407 2398 3800 4896 2790 4881 2269 1880 1245 821 655 3233 4429 950 845 4162 2215 3070 3855 1032 1053 2486 4335 2473 4062 3542 4822 2150 2107 4283 4900 4061 2513 541 3871 1126 4099 4855 3666 3525 4373 3537 1790 2278 2546 1663 3172 425 199 184 2247 133 717 2254 264 4466 2782 689 1835 4791 4996 963 4130 946 370 2154 3141 1585 972 4684 2568 2420 2628 3437 2464 4981 2116 3232 4243 3083 2235 1308 2399 4801 4630
1943 1711 4892 2194 1433 915 351 4048 3691 4590 1700 2850 2942 46 957 1596 624 1109 3945 3650 3826 1899 4066 1326 2092 4244 3815 3829 802 2333 896 2552 2023 1044 133 2637 3482 2547 684 1296 1150 2121 944 2471 892 4547 3704 4962 3412 3080 4161 3980 1125 4798 3810 2092 2114 980 3046 4822 2147 2923 1409 4804 30 3157 3514 3004 4552 3907 3624 3251 2259 2691 3561 2800 1912 1088 344 988 68 3607 3943 3070 3862 4193 2633 4607 392 3185 3456 2181 4505 2487 890 3601 2877 2321 4540 16 2576 3385 1172 3124 916 1977 749 642 3890 685 1977 382 3330 1036 4768 4953 3665 4804 2356 1012 2511 4827 2199 4718 3024 2579 3788 2025 1312 417 1403 1342 626 1513 2053 2773 2192 2731 3483 3748 1369 1508 2012 3526 3801 3737 2164 3163 3572 4012 3104 3275 2525 716 1687 3820 455 2113 2185 612 115 1548 1585 3931 2269 1817 2610 2227 55 1974 4479 2374 2236 61 3642 833 2280 57 1010 3150 3117 3382 1605 4524 4308 205 15 4871 4993 2217 2259 1521 3140 2674 3009 2139 4219 369 2923 4079
906 1395 1039 2565 1326 1296 766 4425 4086 2371 2233 2942 2804 1955 2302 1434 989 300 3983 3896 4785 4711 1615 480 1117 2769 2113 1417 1557 1991 1465 2871 1030 921 4940 2497 2825 4047 597 4086 3800 2199 3941 343 1629 1073 2037 2054 4179 1039 2254 1406 1861 1924 3396 3780 4710 2478 953 3846 3504 3677 4238 3167 1328 1106 1553 3004 3131 4022 1262 1262 3783 821 2569 1570 2176 1724 2431 769 69 2337 473 4206 1203 2790 3130 2851 3800 1489 2549 2312 3040 3509 2857 4797 1184 3253 4023 3010 469 123 3394 4984 4334 1956 1485 4462 1791 301 3477 1485 1161 4141 3779 4996 2393 955 4326 701 1645 2768 3185 4677 1605 2874 4916 1772 1884 1355 3599 3236 2917 2899 2382 2759 4063 462 1832 4719 11 197 2340 4156 2606 754 2961 799 4682 3472 2789 3309 2849 821 2391 2176 1283 226 1371 2330 2569 3226 352 2388 462 682 4624 140 2536 3595 3603 4767 1733 1585 1527 176 1912 581 2136 977 322 2785 1664 3019 1927 1226 4329 4940 4660 1654 3361 4110 4444 2798 4284 380 4511 4212 2548 4798
4085 4684 4562 2727 20 3909 3628 2339 2964 3311 2434 46 1955 2297 208 1977 374 2867 1420 897 3020 313 1033 4833 3845 442 459 3217 1161 3165 3985 2453 860 2341 2909 1752 3782 2328 4047 2750 1698 1630 2160 3438 334 2733 2608 3650 2309 2344 472 149 3656 2472 1430 4500 44 3145 4389 856 2440 4820 4718 851 1835 838 1413 4531 2429 1413 1245 4844 401 2081 762 596 1508 2281 1266 3177 4598 1613 3220 2376 2208 4574 1184 3323 4383 1613 2925 1934 4354 3095 3842 778 1515 2070 1413 1275 3730 4011 4974 4099 3502 3450 636 329 3627 4993 139 4228 305 1389 4123 2473 1637 3760 3477 739 1190 1405 1961 3086 1862 3234 1396 3358 280 704 4372 2170 4291 4757 1476 2504 4551 1500 672 2422 2391 2618 808 4482 3527 2325 713 4718 162 3124 4122 3631 2103 435 1935 4932 1814 1210 1659 3151 4940 3516 1373 2270 235 4785 4395 3471 4313 1940 1080 3120 2005 1677 4599 1504 4585 4129 2513 1174 1341 1219 271 1046 3616 2991 4313 213 512 2073 373 2149 1458 1623 3746 644 1832 1306 626 832
567 1042 1394 2235 3416 3839 2949 3426 4590 2551 4994 957 2302 208 2463 386 2289 3653 1993 958 1012 1018 2243 278 2578 48 3456 1722 4463 3639 3361 1722 3308 1974 2253 1772 1880 1399 1179 3048 1565 811 3444 4520 2203 1278 71 674 3852 4675 1995 169 2976 325 228 1417 2621 1015 1838 3212 3467 4936 1179 233 4893 242 4758 4581 1834 443 1397 3243 2879 3985 4705 4062 2990 3999 3619 1036 3041 4930 3034 3544 126 4969 4763 1306 4792 4163 4350 4528 218 889 3651 1116 3196 1191 3045 187 4521 381 4735 2129 1995 2216 2758 4803 874 748 3151 2316 4793 4383 3813 3162 1010 1412 2334 172 3623 1069 259 3498 3010 865 2045 798 379 627 66 1734 3118 1823 4207 1662 570 3856 4445 2227 3535 1374 3921 2751 2751 1698 4561 2508 807 3043 1219 2890 2659 3778 1214 1495 2205 2624 2024 3051 4640 1566 2912 3032 84 1451 619 614 230 4318 4209 3443 1267 686 3662 1687 3405 2479 2997 92 1711 1357 2290 2027 2717 1004 3429 2021 1875 2020 1662 4744 2813 2390 4124 1571 3200 989 453 903
3648 1250 3364 1301 707 326 1786 1207 3153 2074 4917 1596 1434 1977 386 1562 1974 1448 3715 3649 918 2717 3361 555 3573 1752 4251 3417 4726 1602 4742 2895 4538 2073 4303 4312 2009 2980 3925 2732 4987 2127 4807 2957 4508 1518 2727 3352 93 4918 3935 2283 3691 1888 4559 2072 4930 3347 3580 1074 3079 4094 3311 4799 3966 1733 624 4194 250 632 2082 2060 4191 2686 3686 1884 1309 96 3651 954 4761 4667 1321 2901 802 3522 3401 4135 1169 2212 464 1413 4312 3533 3196 1800 2784 4418 3240 1718 1029 3474 4792 461 2545 130 2722 1051 3446 1291 2847 4688 4155 493 1873 4062 226 3271 1252 4421 608 3449 1747 2832 1743 3921 1601 4006 1765 3112 4738 3860 2166 2445 812 3545 1191 2048 3579 4307 4997 4025 484 1330 3238 3682 1015 11 2590 3626 4929 1612 4910 4520 3847 1192 675 2798 2074 3071 779 483 1731 404 4849 562 2935 4377 547 335 1806 1986 3358 4896 4698 2280 794 2548 3320 3907 2492 4916 4034 225 2155 462 13 2400 1939 1752 1797 4072 2793 4354 1318 661 187 3675 3615 1143
926 2140 4312 896 64 21 505 2705 2941 1774 3392 624 989 374 2289 1974 815 4406 471 385 1345 792 619 313 3444 2676 520 3413 3782 2955 3642 569 4604 4988 3180 2149 969 555 2395 2481 2962 391 3495 242 771 2449 2819 3650 3145 1830 490 2731 1336 3493 4767 1636 240 1379 3444 4953 2058 2830 1686 1971 3974 4297 1033 3038 157 3636 2423 2314 4474 717 87 3610 4660 1647 4628 4397 3838 3079 1672 906 1151 1746 1847 4609 4973 3802 2017 4443 3895 3300 1019 2110 1663 3363 4067 4005 2247 2937 2970 2498 3762 1842 3080 4562 89 4092 4214 3340 2943 3852 1483 3870 3351 4175 2676 502 1118 2334 3480 3571 2283 4863 120 2286 1667 2790 4957 1088 368 4733 4462 4062 4498 883 3692 4484 3343 3607 1320 3890 1943 3658 4889 4984 2263 1891 4433 3652 3291 2489 473 1526 428 3469 1650 795 117 3021 1747 2727 3062 2411 2708 283 4200 4946 300 4977 1580 4928 3894 2675 4009 1594 62 2622 784 502 1910 4715 4717 2468 2545 3102 4039 4082 2222 2800 1970 3546 3675 2991 2916 166 4165 2554
3854 4469 1686 1596 2137 4298 911 491 4131 4173 975 1109 300 2867 3653 1448 4406 2201 1488 4045 4905 909 826 3952 3014 1023 4593 2521 3815 3710 516 2198 2670 1111 2465 3217 3185 30 4920 2762 3442 4813 4433 2822 4055 2321 4414 194 4212 4003 4395 1877 3869 4630 1154 3570 2456 858 4576 1601 3388 4414 1228 1478 1122 4684 4482 1461 4642 4342 2252 2669 3497 4993 1948 1244 639 3888 1372 4148 2956 2640 2999 2298 1564 4804 3730 1457 3901 1469 1423 467 521 3844 1812 4868 2020 546 4566 4525 1630 1383 1956 845 158 3420 2879 904 685 4292 1950 4971 1082 3467 4414 1241 1841 4662 1251 3939 514 3382 542 175 2280 1210 2054 2923 4412 618 2555 802 1710 664 3975 692 1163 3021 3472 2487 28 3470 577 3532 739 863 3017 2833 263 2501 3332 2727 1756 443 255 2151 4492 3018 1706 602 4176 1757 4095 3057 618 4064 2344 4435 4958 66 3693 560 493 10 1733 2058 4519 1402 2751 3859 313 1753 54 3046 2950 3148 87 2719 4374 1669 3387 4900 2920 618 3390 1466 2539 2356 3219 2172
3147 3716 4427 4531 1964 3257 828 4492 1986 1623 3210 3945 3983 1420 1993 3715 471 1488 4552 4115 3428 3418 969 4473 3830 3157 2818 3657 2634 4320 904 1149 194 3682 2270 965 4415 945 1669 2739 3676 1215 1670 2685 2128 115 2383 358 3815 113 4065 707 1328 483 2908 4246 4538 3696 1010 3457 1025 3494 440 865 764 309 924 1964 3443 3478 4089 4543 551 4851 1475 1668 3994 554 1598 1059 308 2371 3783 488 1501 822 1713 4214 1206 1992 625 2646 4096 2034 790 742 859 952 2050 2856 2739 1697 3911 4304 3427 1665 1139 462 3717 2740 345 1232 978 2209 2166 371 1481 268 4796 4105 3469 1645 1922 1042 833 3153 4023 4859 4080 3474 1354 1447 85 3581 4442 3111 4271 1533 3623 4616 3506 79 2093 2089 4744 3525 2125 685 2468 1705 1765 2936 4117 2689 2004 3304 52 4296 4525 4117 4594 36 19 402 81 4989 3223 90 3114 1276 1821 1534 358 996 1451 3102 1614 1601 2416 39 2618 3830 2860 1527 3971 84 4578 3210 63 1875 1047 3249 2138 2753 651 291 4417 4394 2808 3304
426 3407 1981 588 4431 3115 241 809 3226 961 4086 3650 3896 897 958 3649 385 4045 4115 1620 192 1711 3055 1299 4432 4732 256 3159 1266 4357 1125 3482 4677 3367 3529 235 3138 4583 3622 1568 278 1246 1454 206 1048 1566 3444 1974 3416 4862 1096 1520 2270 515 796 1722 2299 2990 4725 470 2387 2070 654 1865 233 3946 3207 4428 4601 1037 460 2206 123 4450 2498 684 3037 2624 3882 2982 1516 3932 1274 4933 3563 4260 3426 549 4481 2966 3983 334 1080 2943 2105 3033 2914 1517 423 3071 66 3835 2291 2088 3007 3021 3214 1312 3961 3459 2807 106 3274 1241 4258 3220 3946 3801 3741 4166 2177 353 752 1231 4314 1584 1973 4662 35 95 2664 4364 3411 801 519 4721 4528 2172 4492 4273 2650 4756 3640 178 1269 4293 4508 161 4510 4734 3169 1489 3188 1673 4623 4264 3418 4533 1799 1979 1229 4414 382 908 3496 1873 2160 1799 165 3736 4201 4478 4037 3357 1156 968 2131 4031 576 1740 1568 3847 4995 1165 2897 429 3671 2352 593 1265 4415 1967 386 3066 4187 1582 4932 4238 773 3418
2322 788 2062 4712 1314 852 2242 734 2287 339 2073 3826 4785 3020 1012 918 1345 4905 3428 192 1988 4029 1172 31 2790 3969 2784 2643 4211 3129 1776 1459 4326 894 1031 1265 3209 1161 2717 2801 3314 3002 583 2978 1878 1533 634 4668 2616 3235 4377 1947 2836 1512 1596 30 4250 2560 3357 3671 797 4474 3158 965 3208 492 3741 3886 4554 834 2366 537 3125 3087 2032 113 1754 3306 2809 4817 4452 1350 2975 1364 3120 2846 3981 3881 935 2608 4790 1096 104 230 590 2885 2023 1328 1037 2196 1314 204 4147 4512 4685 4725 4678 2924 4290 2959 429 4344 2556 1992 4823 4863 4930 4900 3732 31 4876 2684 1005 2710 2738 2104 4811 3101 211 4676 2255 2058 3497 4662 933 2278 220 449 1798 411 3273 4874 1423 3790 2401 1883 2018 344 4919 167 2440 3493 4273 2441 4469 681 2204 2629 736 3142 2933 2825 42 1954 3411 3015 4520 3037 1413 718 2508 3539 374 4862 491 836 3102 802 643 2010 4713 2826 1238 2916 2365 1351 3506 1591 2595 3397 1469 4718 2584 2384 4252 2964 1428 3804 1036 435
1328 1322 1183 2461 1092 2574 493 2544 1399 2332 3867 1899 4711 313 1018 2717 792 909 3418 1711 4029 4852 1474 1290 2494 4673 48 3471 71 4905 4510 2636 4505 2853 3151 199 1942 4390 2695 524 2035 2831 2967 4334 3946 2894 1949 1964 976 1615 4340 2828 3663 1871 3235 2071 439 4875 640 619 3368 4740 395 4470 1190 2411 4672 3648 1604 1514 4081 4233 2823 725 1411 729 2088 3835 3395 2979 3934 4062 498 3743 744 747 2467 4843 3096 2737 2967 866 878 1379 1870 4007 3026 1907 4682 3152 149 4531 161 3044 2738 2093 3639 84 3210 485 2675 568 4690 2289 723 1882 4346 1452 2074 3261 2867 2653 2686 4976 4660 1936 1406 500 1660 3861 3311 3151 3185 2535 1607 552 1964 3718 4570 4694 629 1286 3628 3232 3170 3715 1477 22 4901 2824 2107 2158 535 4191 355 1373 2021 2431 1667 3476 1816 4768 1559 1790 750 4184 2123 3177 1255 480 3038 2307 4596 3344 3593 4170 2224 3659 3571 1477 3137 1135 1840 1586 3177 4580 4317 1798 2962 2875 665 4186 2537 1666 2151 2584 1650 200 1218 4412
4255 191 2332 1093 4659 2747 2651 1692 1400 4106 1486 4066 1615 1033 2243 3361 619 826 969 3055 1172 1474 4304 4057 761 3568 4082 1129 2258 4631 2735 3241 508 424 991 1276 385 3120 4301 3763 2231 964 1595 1900 4473 2770 4944 1950 241 1101 2923 2024 163 3096 1394 2185 4120 4454 4424 3971 828 794 4067 3589 3444 457 2363 3086 3518 1628 2241 1926 4356 3449 1570 4981 2941 2287 2781 2175 3723 4706 2786 666 1393 1286 4208 4280 1029 3098 2448 4294 3511 964 2226 4474 2041 2673 2154 236 3697 962 3097 846 4292 888 249 1476 3431 1282 4051 1484 1522 3669 170 4525 2053 2246 4634 681 2181 3746 2932 1149 3171 2867 1684 429 1181 3732 3046 4853 1409 4126 398 4432 3798 2787 3230 276 3962 36 1594 4751 4956 2483 1631 1830 4567 4100 41 3569 3088 1952 1039 2252 3616 2224 2406 1737 2331 896 3432 1054 942 1732 344 371 4159 3019 1853 147 637 1945 2179 1843 3836 1655 3454 1157 4115 2816 3785 1454 2251 2204 3198 3909 1810 2001 566 3771 3405 3959 4413 2186 4706 885 397 1313
4180 4929 1080 740 2096 818 3658 3573 560 1665 1746 1326 480 4833 278 555 313 3952 4473 1299 31 1290 4057 3491 2271 4226 3983 3264 1085 1556 3812 2010 3939 1499 2351 476 1382 3305 3985 3908 389 3017 3140 4442 3501 1390 2541 3379 3994 2943 1931 4927 822 2609 847 3172 4864 3086 338 1932 1653 3399 2326 4300 4420 2987 3789 2573 2509 81 471 1835 1231 1318 3297 2653 3104 4612 4925 3935 1007 2714 968 1387 2386 1058 4996 4226 4427 4272 2007 388 4222 1169 3799 2684 2057 1980 2877 1032 2634 3108 2339 137 3714 4348 2439 4548 1568 3988 3902 4698 4149 1302 3175 638 1729 1397 2578 2780 786 3921 3139 1358 4904 1733 1324 4673 3018 995 4033 376 3938 3190 2463 4987 131 470 4868 1066 3121 3876 1601 3014 2779 404 2113 2474 1502 783 1808 260 3767 2997 3417 283 2812 2090 2739 997 2717 3213 12 2625 1545 4073 3487 4563 2926 110 3467 4958 2618 4947 954 4526 2810 1303 4995 1304 1728 30 1363 2940 4206 2313 4818 4615 867 4315 2568 1761 2695 4499 4770 4656 4151 2568 508 3027
3135 1548 619 3812 2596 695 1957 13 2276 1455 3015 2092 1117 3845 2578 3573 3444 3014 3830 4432 2790 2494 761 2271 1453 3770 1973 550 4407 3987 2918 1324 1536 992 269 4575 3046 2681 3975 2208 4137 2299 2910 3341 3273 1188 294 2633 4565 2682 4492 1521 4739 877 4970 2041 135 4823 771 163 1340 4102 4538 2390 2203 2542 2776 3006 1880 3966 2694 4526 750 4794 1835 1456 1053 3084 4098 1112 2420 2070 3304 1678 2252 1600 3347 4807 3759 1877 4007 3531 4708 3693 458 1152 1100 4755 3528 1052 3750 1124 325 570 817 2676 1884 2926 3396 1298 193 567 3480 1147 4057 4597 2763 135 3792 3133 4402 4309 786 4661 999 1046 3124 4286 299 2727 569 518 2554 2756 4108 4064 294 4910 1562 3448 3719 1942 718 3494 281 713 2370 2281 44 4673 362 1519 1749 1279 4894 2322 77 4966 4236 529 1275 2743 1913 4956 4550 2460 2582 809 522 3322 601 1579 2716 4358 4174 2846 4235 2553 3804 4853 3442 2425 3568 3629 2829 244 3033 4414 2779 3390 711 4568 1715 2294 1133 2868 2669 4034 4321 1202
3694 2710 2345 3297 1896 290 4899 2101 3782 3548 2136 4244 2769 442 48 1752 2676 1023 3157 4732 3969 4673 3568 4226 3770 3238 4598 94 2158 2516 3366 2856 443 4376 4917 2147 933 202 1523 1112 3382 2147 3293 4442 2465 49 4709 4731 1545 2963 48 4091 3582 1378 1323 540 4297 3780 1603 187 2867 330 2667 3329 3353 3563 921 2147 1117 839 479 4908 3742 253 1859 1055 1119 2918 4418 1524 4699 3803 723 330 203 1120 1518 3741 3063 1403 4004 2375 408 2114 957 3492 3758 161 2614 2253 4275 474 2248 3190 4136 4528 4292 2922 3711 4464 1943 550 3318 4526 224 122 43 2532 3943 1866 3164 2335 1132 48 3986 4269 4415 546 3592 2333 276 2338 1382 1200 2069 1148 1119 103 975 2016 1292 3133 4182 2164 4746 4254 3893 2504 849 2914 2576 2897 3114 4746 470 2415 922 3933 1744 4249 587 1428 1981 3009 2822 4527 3488 3916 1298 1712 3508 2018 2121 3571 1938 1720 1551 4333 4031 2394 1701 3267 4376 3178 947 3474 4928 3401 1583 409 3808 2397 3759 1474 1760 2618 3877 1740 2184 596
2585 3478 3395 259 3006 2618 1874 4082 896 1730 3789 3815 2113 459 3456 4251 520 4593 2818 256 2784 48 4082 3983 1973 4598 4465 159 3658 1315 2968 4359 4170 3667 3905 3325 4429 3392 320 1495 2804 2482 938 3515 82 3331 2408 3650 595 4552 3256 2548 215 2690 2756 948 2576 4450 429 1552 1959 1058 3928 3310 2511 2753 228 4265 2364 3142 2731 2099 3815 2135 1766 501 3724 3947 4747 1962 3411 1467 2874 1019 370 514 3486 952 328 4675 4494 3118 3340 278 2928 44 1311 3700 3854 2585 2229 2284 4795 4289 4454 35 3279 2921 722 1533 1185 365 1945 2434 3154 1666 486 172 1973 3398 4033 1728 4259 1623 1229 3028 131 983 3670 3205 3484 4539 2668 1582 1902 1957 4759 1320 4790 4045 220 3290 3018 1311 705 1130 2425 1175 4862 2793 2538 4464 840 4980 4905 4717 2539 1479 645 3829 3454 1585 3445 2165 3992 4161 3009 2622 3107 4199 3520 2092 2738 1200 3595 4256 2441 2521 2356 2879 595 1342 21 1105 2762 1119 4388 2651 2131 3437 1416 417 2601 1152 2928 2273 4090 1067 1015 1394
4618 3631 678 2490 1858 2578 468 3840 66 1989 1046 3829 1417 3217 1722 3417 3413 2521 3657 3159 2643 3471 1129 3264 550 94 159 3197 1932 727 1336 4629 2003 2828 2531 4659 3215 2386 2948 4197 3693 3885 2144 4888 3325 3995 2046 1601 2388 2349 1414 2926 3583 3466 3482 1520 1443 524 164 3543 3119 4932 1983 3987 4525 3679 2665 2232 3345 974 1077 2016 3007 527 3754 357 1109 448 1099 2544 3108 1313 1975 4558 3538 3920 3768 1658 4859 2509 1574 1061 1315 1444 1625 1752 3442 632 4864 4125 610 3397 2069 4958 3381 430 2881 122 1274 1882 4595 1556 1390 2031 2660 2717 3123 1535 3687 2734 1746 429 565 2054 2677 235 723 2831 618 327 1330 3026 753 4137 3232 4903 1255 988 3215 1415 4521 2715 2946 1888 3447 2915 4647 4269 4950 2859 4630 1376 1181 4944 1651 1021 4675 4997 472 1388 1646 2850 3555 3902 1102 4249 4370 4056 3787 3918 3722 3109 734 710 993 3084 1650 883 3762 4323 2039 3633 4448 2897 1248 1140 2648 2925 2219 1895 2458 3405 2209 2566 362 3723 3834 4297 2105 837
1536 2799 3368 2283 4816 4843 1620 3040 2420 4900 412 802 1557 1161 4463 4726 3782 3815 2634 1266 4211 71 2258 1085 4407 2158 3658 1932 1030 787 3030 2218 1618 1725 1523 657 2205 2014 821 1454 1855 2166 662 344 831 4284 573 2954 3740 3663 1006 3709 1342 3390 1645 1869 231 1963 4655 2710 2447 1945 3274 490 4566 3250 1389 1295 2413 1861 1503 2685 193 570 2454 4393 3603 2322 2784 2216 1799 2993 1835 4644 4308 863 3005 1369 198 4496 1632 2391 4611 3111 1274 3342 2505 3724 3280 2973 930 3049 1640 32 4915 4947 4870 562 885 2443 2615 3198 2911 742 4760 4478 3811 2050 2984 4861 198 4875 1503 1075 4035 3238 2446 4708 1089 2991 4839 4882 2471 4708 982 382 2137 4299 1624 3039 1701 1500 4140 868 1202 3746 473 2150 959 2485 4100 4948 3009 1438 4246 1685 2446 2336 3464 4065 2848 1928 4709 540 2727 1165 2180 1466 3942 270 4074 4898 3687 2190 3168 3372 1762 288 3650 4707 973 2167 4198 1638 237 3312 785 1731 1626 1395 2409 1253 3990 1236 2112 332 2667 1302 3147 2638
2597 2550 1495 3892 2394 4466 4134 724 1083 4580 1708 2333 1991 3165 3639 1602 2955 3710 4320 4357 3129 4905 4631 1556 3987 2516 1315 727 787 4370 2420 1819 3087 3008 521 3171 521 2236 2320 2242 2434 1575 2774 4087 682 1197 3142 1833 2900 1206 330 4622 3961 1439 3494 3552 1417 1831 1429 238 4440 4392 1374 4792 3368 616 2971 2409 1427 3479 689 4401 2414 878 4976 4758 1266 217 121 2684 4683 3942 4157 264 897 1624 3738 3042 2408 2627 3727 2370 3088 1482 992 2200 3653 368 1789 276 2308 3919 916 4387 1229 4108 3991 3199 258 4035 2572 2176 2110 2638 1598 3614 654 3144 2548 2210 220 3874 2303 1760 4185 4122 3274 3743 2624 1722 1347 536 1493 4957 2781 4146 3063 4614 2633 3029 29 1526 3349 3274 1018 3944 230 1883 4110 1158 755 4870 3331 1395 4574 3384 1405 2035 4771 2856 4038 4188 2281 1257 4385 1433 1946 492 3155 4556 2528 4485 2795 3247 2525 1346 2870 3886 1648 1074 3392 4179 3984 3670 4593 1395 2472 868 2789 4572 4802 3180 2440 226 2955 1456 2670 1752 3532 57
2443 4607 3401 1923 1743 4912 3070 4477 853 4993 1753 896 1465 3985 3361 4742 3642 516 904 1125 1776 4510 2735 3812 2918 3366 2968 1336 3030 2420 3664 1494 4113 2886 4145 1952 2071 1548 3343 3778 433 3978 1137 4638 1104 4888 3445 4727 3596 3461 4866 3465 1023 2704 808 1616 4435 3620 2916 3993 2077 635 2845 1997 1877 2728 400 4894 2138 2296 2713 4836 441 3822 4816 2984 1658 3334 3523 60 742 2885 208 1449 3029 3208 43 3411 1933 3864 3068 609 4271 3801 3499 771 2665 4126 4035 1933 4457 3179 4129 3960 499 3823 108 4445 2411 3312 3161 639 3559 4523 3336 432 2389 824 357 1826 612 3470 1310 612 3222 1060 4302 4135 2010 1092 2938 3384 3658 3345 2482 4422 2218 4798 2763 3324 3749 4805 23 2392 1886 126 1282 471 372 4581 59 3526 2464 2761 3811 1713 2538 1874 3994 3230 4395 3109 750 2142 3715 4965 3225 971 4132 1552 4315 2038 1466 179 994 3424 2173 1820 463 4551 4304 2939 2606 1144 1849 56 1626 1014 199 3454 516 4912 2450 1647 4728 2462 838 3472 4865 3946
2976 3455 308 4160 3375 3190 2704 2272 546 1824 3978 2552 2871 2453 1722 2895 569 2198 1149 3482 1459 2636 3241 2010 1324 2856 4359 4629 2218 1819 1494 2944 4076 2862 3757 2541 1549 4738 1197 3398 4473 3942 4313 2551 2776 4744 4663 1267 1808 2132 2907 3113 139 2876 3683 122 4135 2120 2201 3031 3668 1240 484 4711 1220 4257 4507 2124 2948 3578 4740 2100 196 2265 320 1279 725 2329 2566 4341 3042 3197 3889 4439 972 477 3622 1451 3399 4201 3376 2333 10 2557 1665 3031 2391 1186 3150 1072 2627 3539 4739 1141 3848 1358 3757 2345 2291 4352 801 894 2749 2066 3431 424 2475 3185 4969 1573 1687 80 3657 2422 374 3404 1950 561 3940 1491 1697 1220 843 4015 3619 3619 2049 4193 534 4555 773 3906 1925 2855 768 3544 1735 4764 1079 3321 647 3791 3222 3046 272 2453 3113 4473 2314 4011 1279 1406 4120 1185 1585 4583 2314 3186 3579 3894 3023 4984 3801 2853 1155 2577 2754 4270 3841 3191 4236 1676 904 1744 2933 848 4226 179 4620 4705 3783 373 2664 4217 555 2123 2738 2093 318 2717
1618 4018 2306 1387 313 1728 4091 986 3962 2879 36 2023 1030 860 3308 4538 4604 2670 194 4677 4326 4505 508 3939 1536 443 4170 2003 1618 3087 4113 4076 40 3315 2752 2827 1090 3493 2243 2481 869 1930 2969 3284 2488 3467 2702 2402 3870 226 3287 2275 4753 1107 2900 1859 388 528 4740 4251 3702 4805 3782 2958 1463 1539 3692 2036 1216 870 3348 2926 2262 3596 1848 4921 874 2105 894 3861 1320 4383 786 1132 1482 2878 385 1991 3906 661 3480 3410 1944 3336 3003 882 176 2302 65 3963 2792 2413 1369 515 4880 2034 2292 2567 3492 901 2175 4116 607 1739 3622 325 1728 2741 4838 2596 1821 3825 750 4685 2413 4960 2830 1860 2593 4563 748 2249 3978 585 4130 1185 4271 2350 4765 4522 2789 4283 3836 3161 976 2936 713 840 2358 4459 3219 205 2595 3671 1674 2399 628 3020 4978 430 1096 2611 2378 2439 2265 439 4243 440 2001 3269 2758 4062 2142 2997 1240 694 931 4717 2139 2105 2551 2173 4349 1368 2924 2033 1182 2889 3123 4035 2602 1625 753 3187 445 4745 2441 4489 1078 104
4430 4272 3478 1436 1169 2729 1415 873 4314 669 413 1044 921 2341 1974 2073 4988 1111 3682 3367 894 2853 424 1499 992 4376 3667 2828 1725 3008 2886 2862 3315 115 2964 2835 904 867 3502 3658 3309 4369 632 3700 1903 1640 3463 3972 26 625 635 3085 3307 1134 1369 4198 2302 4874 2956 3785 4293 1535 3516 2493 3113 1256 4097 671 694 3928 76 1601 3282 601 4251 4657 566 3864 3868 2942 3025 4978 2859 3664 4025 286 4345 3163 2194 3348 4735 1706 1312 3958 953 361 727 3045 2442 4515 3383 373 3108 2382 261 4795 4923 4997 4012 637 3591 4586 4645 1260 1025 3951 1396 1539 1151 3629 4389 4391 3828 956 1252 2733 4094 1021 1884 4942 3722 3097 3203 1681 48 2961 851 773 3583 4196 541 501 3385 2187 4821 1484 1871 4211 3592 1571 3512 594 236 595 1706 374 1637 3116 2876 3080 250 3127 4789 1620 4814 2399 3128 1231 4662 103 2005 4403 425 3698 3359 253 2168 2121 1404 4892 1092 2571 3393 3785 3583 2208 1426 1450 1956 1190 3037 1967 417 1437 1546 4853 651 313 4342 2999
4802 629 2404 3853 3935 910 3783 2388 393 4587 4025 133 4940 2909 2253 4303 3180 2465 2270 3529 1031 3151 991 2351 269 4917 3905 2531 1523 521 4145 3757 2752 2964 1621 1259 4703 1703 4106 1569 3445 3260 3403 789 3986 3041 1686 3394 1505 2725 1621 4783 2326 1331 4701 4870 4417 2503 2811 1999 4325 4486 3490 3546 3254 985 1593 4086 501 614 3449 2317 3116 2895 1131 775 197 103 641 659 4602 2949 1726 368 2797 116 2418 4799 4107 3116 12 4917 3457 597 4675 4112 822 4631 3249 1654 3923 2972 2738 1258 1631 2670 697 599 4133 3389 3763 2782 2653 1147 4709 2353 1606 2392 484 625 3142 3912 1761 1144 1183 2323 554 872 1741 565 2336 1527 4387 4260 3018 2294 2886 1750 2971 1785 2414 2075 3067 242 1942 2969 4030 1552 2452 3943 1313 3071 3479 2517 1447 835 2379 2568 457 2110 3556 4817 4524 1592 772 1828 2823 2603 4031 2506 4639 1215 2674 2050 2991 3131 394 2058 3549 1163 2085 4008 553 4658 3948 1122 2160 2725 492 929 1359 419 3447 1846 882 3735 2453 4507 3878 3711
4041 4051 2473 2337 4494 1327 2464 3079 2436 3647 2025 2637 2497 1752 1772 4312 2149 3217 965 235 1265 199 1276 476 4575 2147 3325 4659 657 3171 1952 2541 2827 2835 1259 4129 614 1724 4694 1382 2983 3189 280 1610 1822 2403 3822 3511 3542 1932 3923 4138 4047 348 3835 2383 3998 2137 2732 453 2900 3286 3569 688 2913 4257 523 4551 1240 3208 2766 4036 2800 3026 2674 3717 3274 1727 3130 3026 4791 3634 3891 43 3492 2912 2267 4763 3430 4507 4971 2860 3483 1601 3558 2565 3139 1395 3770 780 2494 676 3145 3520 2729 1655 846 2560 4873 2014 3404 3361 3131 1862 491 2682 491 1109 4111 2997 4138 398 2800 4350 2429 3321 756 3888 190 4077 2133 77 187 3053 1745 3284 1550 978 2928 2772 3081 2385 1204 515 2346 2198 2206 1475 3524 588 4802 2109 4525 347 2916 2283 2766 998 3617 1210 632 733 4515 692 3689 3289 764 924 1430 4186 2068 4729 4660 3694 3514 1759 2747 2803 1547 1293 1015 2992 924 541 1910 3990 2769 764 2520 4087 4590 4254 960 4473 4835 1018 58 1251 3882 276
745 1280 1799 4606 4346 1463 2606 3139 4051 3376 2552 3482 2825 3782 1880 2009 969 3185 4415 3138 3209 1942 385 1382 3046 933 4429 3215 2205 521 2071 1549 1090 904 4703 614 2052 2185 2731 2750 4715 1889 3213 1216 4280 4993 2456 4431 1270 3597 4728 3434 159 2091 4818 35 1479 3731 658 2433 4924 1719 1512 2319 4532 1195 3842 594 389 4795 4795 515 2931 1804 4685 203 2137 3581 4930 1213 1912 3780 53 4949 774 4360 2110 1541 3549 4510 629 2568 4032 1343 365 4858 753 462 4501 3288 3490 2595 1421 2524 1782 2842 498 1821 3310 87 3422 857 3456 1689 4733 902 292 2563 1290 1625 3655 1883 4266 4074 1177 2854 4664 3361 1781 2042 849 3822 995 2534 2997 2524 832 896 3024 3911 4043 735 426 2827 3048 243 1936 3333 340 3504 3198 1687 3259 4466 3581 86 350 3664 1006 1270 3977 3232 2931 2860 4767 4053 317 1458 1180 2087 4566 3289 2464 736 973 1879 1088 1841 4154 4516 981 4942 2002 4379 3283 1911 2522 2427 4347 1706 2414 3794 1947 1543 41 4832 4665 3700 2978 971
3109 3001 2142 1428 4123 4215 1649 4690 3483 4544 4055 2547 4047 2328 1399 2980 555 30 945 4583 1161 4390 3120 3305 2681 202 3392 2386 2014 2236 1548 4738 3493 867 1703 1724 2185 1128 4902 2814 889 4047 4423 3225 3574 4157 4459 511 2350 900 4106 3517 3181 4007 2754 3562 4527 2983 207 168 3704 98 3549 1134 4080 2020 2779 3699 240 1014 2829 127 116 1878 4595 1023 2653 3808 4795 1266 1416 2825 3580 3307 2817 461 4968 1847 3175 670 915 4136 227 480 3443 1709 4938 2029 4884 2906 347 1437 652 4109 4733 4986 3635 1789 3959 3876 4635 2126 4955 2820 4674 3981 3107 4403 4631 3500 3598 4640 2056 907 2739 1873 235 4312 1409 3417 4068 2143 4156 138 1590 4860 2475 146 1205 1617 4805 500 4408 4712 512 181 4433 3034 1164 720 562 3609 4351 975 3461 2949 3376 4175 3346 1043 4447 4578 1723 4872 4971 2438 3707 2953 2170 1360 4314 2923 4856 1864 1439 2670 3963 3137 1216 3064 4569 116 1263 4702 3596 4905 3132 1990 1905 679 2998 281 278 3294 2013 4375 1600 4104 4201 1848
4201 3118 4726 4232 4104 2901 3352 1436 3314 1581 1240 684 597 4047 1179 3925 2395 4920 1669 3622 2717 2695 4301 3985 3975 1523 320 2948 821 2320 3343 1197 2243 3502 4106 4694 2731 4902 704 2054 392 4214 626 1172 2877 3889 979 351 2485 49 4184 2791 3791 1147 2934 1618 3681 4007 2425 1729 2079 97 4997 654 3356 1967 440 4867 1168 331 1950 783 190 2933 95 4996 3072 3179 1013 1200 35 254 888 4843 4092 3417 1687 4151 1199 4988 4575 2052 4764 4078 1386 1795 4167 1594 2505 4393 3470 4385 2401 2949 341 4288 3362 2795 4925 4851 4782 2603 473 4039 342 1394 3372 4503 3890 3816 344 2986 605 1267 973 2428 3874 1883 3023 3777 1167 4451 4938 202 3932 3609 157 2879 1473 4918 103 2460 1777 4465 3792 2115 3341 4098 167 3402 3044 213 2364 4689 1778 3773 262 1273 4883 206 1573 1844 1425 4342 1154 4471 261 716 2695 1859 468 2615 2831 329 1298 4463 4063 4913 3958 4833 674 3796 4700 3934 4949 118 3028 4882 699 1198 3145 589 610 2857 2837 4705 1948 3419 292 141
4223 3008 1738 3011 696 275 4410 3411 4793 2730 3294 1296 4086 2750 3048 2732 2481 2762 2739 1568 2801 524 3763 3908 2208 1112 1495 4197 1454 2242 3778 3398 2481 3658 1569 1382 2750 2814 2054 4375 3211 370 4251 2778 3520 860 2707 2105 2757 3697 2022 4633 2991 4989 1095 983 1025 2373 4386 4353 4412 1232 3453 488 1303 1540 4127 3924 4843 2441 2755 1669 1694 4865 3883 41 2825 4529 1836 4637 3889 808 1601 4638 3060 2066 2054 3059 2338 1567 4212 4494 4569 2511 1694 2480 4203 3310 2969 2899 913 620 1379 546 1405 983 3622 560 4149 503 4833 2042 2946 4081 1270 1406 3914 4862 1950 1396 1130 2290 1177 2430 275 1312 1386 2752 3559 2191 1876 3064 4108 2020 1285 3606 206 463 3571 3502 2433 794 1429 4174 961 215 3067 1150 1685 4053 803 4542 1213 634 127 4652 2960 4527 4842 3577 4719 814 1044 3966 3890 1580 760 1973 327 3589 1039 2895 3402 1997 1081 565 4523 161 1309 2854 4810 4082 979 4935 2834 4596 1790 26 3805 1041 4763 4167 3518 1801 3208 1018 1229 4358 2883 4026
