N: 200
M: 90
Symmetric: true
Triangle: false
3 96 171 177
4 145 99 13 60
2 148 10
2 17 18
2 111 153
2 175 159
2 74 90
1 180
2 35 25
2 97 94
1 174
2 33 196
3 198 39 138
2 162 47
2 52 14
1 189
2 117 55
1 71
1 137
1 1
3 185 95 62
4 92 44 192 200
1 68
2 166 67
1 181
1 5
4 112 87 28 199
2 163 118
2 15 116
1 56
3 70 178 77
3 7 167 4
4 53 64 131 58
2 86 100
2 65 36
3 34 6 104
4 140 154 37 57
2 188 66
3 165 122 19
4 141 101 156 82
3 121 29 43
2 147 133
2 157 49
2 85 126
1 176
4 16 197 114 164
3 61 110 183
2 80 169
1 72
2 168 11
6 125 134 149 12 160 32
1 123
2 193 113
2 59 81
4 186 83 23 124
1 98
2 190 151
2 173 48
2 31 127
3 109 93 119
2 41 106
1 158
4 195 40 120 84
2 136 129
1 54
3 143 142 9
1 2
2 8 194
3 182 30 128
2 75 79
3 135 103 42
1 50
2 144 46
4 73 22 132 51
4 187 184 63 38
2 20 105
1 69
3 107 45 170
1 150
3 78 102 115
4 139 161 26 27
1 91
1 3
2 179 24
2 21 172
3 88 155 89
1 146
2 76 152
2 108 191
1 130
2729 3844 4945 4802 419 4801 4466 1637 3950 3685 3942 3537 1312 4588 1490 3071 2793 4885 3816 1105 3397 4152 788 2193 1775 812 4297 2384 134 3341 3764 581 1507 4511 1919 1738 608 2918 3149 3078 4829 3003 2893 1894 1652 4470 1901 3629 965 991 1564 611 2700 4520 2469 1820 3390 1616 3075 4364 4120 1406 410 1374 3281 3680 2578 1331 1632 2047 4415 3018 1089 1844 1150 2431 1325 2631 2939 2763 4719 3188 387 2787 3075 562 3099 4965 2351 267 332 3255 1294 4630 4100 2637 4883 1802 3225 644 60 2276 4138 1533 4403 991 4818 538 3486 2738 4008 2012 2421 1566 839 4647 1629 4882 3636 2032 544 3535 4613 994 1408 1547 1116 3525 4563 2328 4186 120 1750 2246 3401 4571 805 1944 1321 2996 3630 1929 1972 1931 902 4820 747 4194 1328 2148 3497 4230 1894 1878 1661 4258 4659 721 4912 2186 1141 4560 3734 1358 4672 1101 2222 924 2099 22 4126 4540 897 2947 2181 2661 314 2160 555 2651 2936 643 4570 1392 362 3962 2099 1302 3529 3749 4101 4972 85 1292 1133 81 4750 2727 1218 3632
3844 865 1039 1196 4196 618 1008 218 4299 1179 3992 4452 3553 1154 3393 1946 1201 3027 1957 688 4288 1767 225 2735 1676 4812 2900 3391 1443 274 1022 344 1276 3568 1358 4377 3790 548 467 2168 2337 3089 4454 2282 1073 1821 2250 2437 1686 2984 3344 1100 497 883 3712 1984 4235 1825 158 1815 1053 1451 637 3904 1562 1945 175 1515 1184 1048 1395 3190 1929 531 64 588 387 2642 2012 1231 4039 3785 1718 226 2943 4534 1772 239 777 802 647 2634 4430 358 1268 4841 3094 591 827 1887 4642 4517 3477 4511 4480 1266 3014 3192 4290 1329 4452 211 3403 2978 4048 4372 852 202 2743 1806 1695 2777 3793 2105 3918 1407 339 4670 3537 1316 2308 3422 4316 926 609 2297 540 2941 4258 4972 2704 2721 1162 184 4408 4942 1924 4296 785 2530 561 3675 4194 1030 2354 38 4844 3471 4510 3365 4242 4746 1804 4413 4199 3025 3553 466 2713 2329 3940 3155 2773 186 3144 453 1079 4934 2353 1428 296 618 4233 4570 2149 3263 269 2818 3918 3330 780 4683 1926 4283 142 1640 1393 3856 1795 1043
4945 1039 1277 3921 2274 2995 4724 4575 3204 4403 1485 2560 4698 2229 111 3156 574 2749 2321 3020 2389 4247 1988 1973 1329 1363 2893 3458 3066 4805 4237 1483 4143 4621 1537 164 720 4856 3068 3667 4193 322 3644 4712 1278 3364 4827 2390 3803 2137 1695 2308 838 4143 4351 4225 2342 918 2369 1156 68 1000 4692 3884 4359 2479 4054 2290 516 2834 3839 4960 2578 4001 4616 499 788 2212 3757 3214 752 2838 2939 1474 1630 28 4653 3050 4265 4542 4906 1636 124 4758 908 795 2765 1215 846 2479 1559 4515 1516 477 3631 4574 2468 3301 993 1434 2532 4856 3399 1945 1612 3425 1866 2486 4790 436 3522 3384 4426 343 278 3268 4285 3826 106 4135 967 4797 2323 1225 4503 2342 995 4811 4533 396 4116 4156 2327 1402 4922 3209 680 1601 4556 4955 1034 1709 2850 2764 2081 344 3872 2254 3609 3657 1605 3028 2880 3305 1592 3740 944 2963 2847 2618 1685 1562 4600 1898 4342 4157 3605 4397 1861 2682 311 1246 2425 3094 3361 2035 1935 1668 3838 4979 2997 4701 1886 72 3014 3867 3270 661 1586 2283
4802 1196 3921 3511 971 1323 1276 4161 3974 4332 329 4442 4263 234 2072 231 1978 1702 1340 4210 36 2199 3142 1013 4233 3912 2549 1318 1928 3439 1790 3176 3824 1415 1381 2199 3617 4328 2050 3477 1286 2255 2614 2594 4950 575 2294 2354 3670 3610 2956 1656 1035 2975 1446 544 4070 3140 1978 3477 175 1801 4640 4374 1535 4299 349 302 1558 4192 1179 4986 1711 4074 3006 3249 3581 3068 2463 4128 473 4976 4464 557 982 1616 3895 2346 3385 19 1926 1865 1467 4361 2253 3665 2212 2260 1858 2093 1411 4795 4784 1634 2089 4398 1216 2494 4463 790 721 1164 4117 1096 2811 1628 2901 2869 389 3005 417 2430 4845 350 1134 2772 522 2120 3955 1290 2190 4803 2343 297 4447 4761 476 2936 3748 1211 727 3587 3546 2382 3640 413 1350 473 389 981 4281 2053 4755 2916 615 1340 283 722 2313 4043 379 2249 1544 221 1274 3701 3457 792 2395 249 3550 904 3998 3250 4218 3377 2640 3651 4487 3496 1959 101 3218 895 3813 3753 83 3589 921 3920 4963 4628 791 3309 3896 1916 2017 1341 3687 3430
419 4196 2274 971 2706 577 2604 1271 2221 709 3220 2567 409 4387 1996 4378 2173 4114 1772 2631 3234 3005 3408 1919 2131 1214 1550 2740 3554 349 1163 4439 2169 671 4649 4014 4209 3266 445 3005 4975 3534 1979 3090 4001 4339 2639 827 3139 230 3882 826 3834 2694 1367 2456 3956 1131 4433 3065 2991 4025 2374 3797 3049 2797 723 3365 3663 145 2934 4662 4755 4923 217 4440 4000 3912 251 217 1408 3989 44 3149 4936 3097 4804 4130 3920 1287 4665 3795 1880 647 4682 3705 4803 3688 915 1083 56 3107 2141 692 3209 1969 139 722 1654 4527 572 3269 3457 4882 3513 624 1550 797 2517 3284 2127 2208 206 2953 1638 3987 4548 3133 1922 1254 4530 2968 524 2480 4709 704 3653 3945 3426 700 1769 1188 1609 1116 2636 3244 4855 846 3192 1293 3827 3253 4823 4104 2871 2810 2082 4765 991 1506 2050 4682 1418 1780 4489 3085 432 3898 2720 4914 177 1587 687 4750 2818 3931 3584 2727 3186 2196 285 1890 628 1599 3512 3179 4981 67 2790 3200 4676 4002 1088 4933 1916 4343 4320 4484 2247 4841
4801 618 2995 1323 577 1207 2647 3142 3485 61 3039 2500 1083 4235 2556 4034 1724 1072 3851 3317 3813 1536 3569 1206 1188 4471 981 3708 1163 558 588 1167 1676 4650 3446 2488 4778 3243 1086 410 3283 780 1164 1477 327 3864 2378 1775 3281 322 97 334 961 1003 3636 293 1524 3256 4725 925 918 3728 4065 4975 3659 2046 4195 334 2733 4458 1468 1121 4331 1490 385 3797 1982 3783 3561 3392 2451 3290 3624 3544 3889 3148 1941 1267 2058 1414 1437 3573 4380 1081 3166 1005 3730 804 997 3218 3767 913 4446 2268 4046 3156 3760 40 3770 1223 3323 2067 2078 2662 3243 4888 4509 4273 4302 2491 1206 1463 2394 1937 2420 3431 108 2584 1532 1681 4218 3964 3758 3481 4337 3198 697 2560 2584 2758 1680 1692 1124 4952 4447 81 3992 829 737 2073 2416 3050 3646 1251 256 3589 660 2316 1234 2235 2578 3333 2235 4629 3011 3243 1147 1599 1248 4264 427 4348 2099 4889 59 1723 4578 2484 2658 1077 3690 4719 2492 4922 4224 1635 652 3106 3405 1274 4961 866 457 4898 2447 466 1559 2602 247 1707
4466 1008 4724 1276 2604 2647 4413 1835 2085 2392 4920 1562 4359 1473 1647 3462 1061 3573 902 4371 4826 763 4912 3510 361 1719 1437 2632 3843 2050 245 3945 4941 3050 2739 3010 4081 4958 299 4538 2552 4591 3908 4495 2583 3198 1599 1686 4983 389 462 599 747 2991 1099 2091 2408 3122 4640 3663 1029 4655 1382 3133 1705 4710 486 963 975 4627 4416 2615 694 2179 4410 3151 449 4655 819 4435 3255 3859 3455 3246 3162 2747 3966 1513 552 4142 536 24 2506 3985 23 3461 69 398 3241 2835 826 367 2939 260 1699 2699 358 3129 2878 4711 756 4987 1880 3870 131 4757 42 1449 414 241 3474 1527 3570 122 2254 2856 149 877 4962 1196 2668 1390 2207 760 2077 2695 88 1067 2381 1846 2300 2245 4406 3235 2182 2297 3646 883 3012 217 1235 4199 1937 1581 180 1789 3899 2155 2351 55 2659 1639 2920 3615 4969 2004 2767 4895 3351 4796 163 4890 2243 1079 2772 3169 646 3845 3074 919 2261 591 4632 2638 4622 1626 272 3264 225 4607 3870 4507 1779 1562 3277 1414 3801 1198 1939 4678
1637 218 4575 4161 1271 3142 1835 2227 4978 3302 3881 1431 416 3263 1112 340 1170 1212 2256 2610 2907 1768 2512 90 1181 4046 3419 869 4744 824 496 2606 2379 2581 1286 3387 236 1263 3390 3739 4929 840 3678 3710 3085 3681 3581 4772 4692 4505 4858 621 4269 2481 1585 2379 4756 549 817 3054 3831 4427 3617 1298 897 2860 1260 443 106 4242 4378 3024 2067 4902 4205 1990 3891 4450 3674 3309 2138 489 1014 172 3112 2023 2860 4868 33 4378 4825 164 3262 4510 985 2754 1865 1525 2554 299 360 3145 4416 1163 4661 2932 4968 533 1465 3197 1335 4760 1376 3732 841 1371 4066 4988 3074 4459 3822 1894 1596 1281 3567 2023 1773 2121 1219 2887 2572 4214 1794 792 479 1143 2084 4104 3198 3202 1706 1741 3608 329 1521 4047 1107 2488 1615 4513 1348 1926 3709 1149 1157 3149 1265 2492 324 3286 948 1079 2748 4568 3472 4331 1008 216 1689 2034 2471 3542 1326 4673 761 2951 1969 4400 4514 2273 1496 704 4990 1894 4103 4857 1251 2012 284 661 1619 4940 2302 1838 1838 1518 228 2521 180 3759
3950 4299 3204 3974 2221 3485 2085 4978 2121 1572 4764 2642 1173 49 1896 4909 3238 4133 36 2038 2036 3864 4091 3137 366 3386 3760 867 4981 2148 3830 1155 3564 4847 2753 2033 3304 376 1296 233 1561 2892 333 4846 4984 989 3068 23 2557 261 246 1315 979 303 824 2829 1291 1369 2997 2545 1117 1383 461 4834 4301 3345 1408 336 354 3658 3404 671 1572 1029 4127 2469 3485 2825 2619 3757 1486 1945 2511 232 1817 4900 3510 3533 1016 4269 891 4077 3950 1722 2567 1548 45 3630 804 1017 3395 3970 514 3457 4298 4506 599 3811 153 2904 44 3838 3295 3989 3489 1775 4624 1492 238 3215 4630 3488 756 3378 2155 4195 2002 4794 2564 650 1395 1732 1323 3998 1000 1073 2125 1602 2498 3256 4209 2009 3321 2568 3870 3450 1668 4957 4764 1490 2249 352 1980 4985 1410 1701 3844 1675 2060 1340 4952 384 2612 4075 3564 4884 1308 1909 1788 4463 251 4779 2944 3935 199 2438 401 1238 347 2639 1594 2565 4443 3815 1290 4659 946 1945 4983 575 3619 4615 1665 4677 3922 1401 3811 2745 1895 4281
3685 1179 4403 4332 709 61 2392 3302 1572 3334 1876 3708 756 4119 4679 3941 3232 4212 2705 961 2943 1755 1692 2295 2282 4008 4282 643 1514 2190 3346 3304 2658 4611 4408 1302 3067 3030 2705 4799 585 3883 2123 2681 3038 4246 1960 523 2161 3816 1729 739 2336 3981 3173 3704 4278 3118 656 3579 601 4491 856 2151 2604 4413 2005 3469 3594 974 425 1437 1745 143 4806 1673 3609 116 652 2761 1876 227 4411 3402 4324 900 2118 4496 2036 1144 96 2573 4307 2621 3147 1938 4169 1372 4249 105 2251 4671 4921 1317 652 645 2254 1718 2537 539 956 1296 4693 1696 1878 2832 2251 3836 3654 1931 64 1856 2236 77 3928 4257 4968 3412 2741 2480 3546 4556 1812 2460 4658 2773 3549 4867 2825 3101 4713 3502 4057 3267 901 3098 4011 2832 773 2162 416 1368 3763 2473 4083 1505 2325 3812 1876 316 330 3269 1108 1045 4502 3425 2792 3351 870 3536 4247 2636 1603 3757 1302 412 1826 3696 2622 4563 4591 2752 2254 4361 4502 2435 3473 4061 4001 760 1615 4489 62 3237 1908 429 1891 4890 1646 4871
3942 3992 1485 329 3220 3039 4920 3881 4764 1876 4987 1988 417 2621 4964 2918 266 4007 1961 2578 1105 1464 1190 2427 2066 3714 1177 4512 2339 1370 4419 4832 2183 1145 207 2356 574 1456 1015 2282 4030 141 4001 4061 1711 4338 1520 2966 2739 4449 1607 3984 1755 3507 4591 4701 551 2754 4635 4256 3807 4184 3848 89 1593 829 1681 2094 3110 1097 1797 118 3126 2153 680 1491 988 4687 2083 1074 1991 3683 970 2237 2529 1728 4213 2218 4892 667 250 295 3896 1092 1334 1944 498 98 289 3381 3740 4703 1930 861 2354 1673 3703 1942 4285 3103 2866 1422 4388 3954 1332 1065 1133 4650 1880 91 1033 1446 1904 753 4332 4439 1496 860 3413 4402 4552 114 2922 4077 3343 1003 2403 2755 1918 776 1098 1929 2324 254 2435 3360 869 2528 2426 3989 3106 4709 3769 647 4473 1212 4409 3970 1005 2719 3251 2086 2478 2654 2679 2484 603 4892 4689 2374 2466 1616 4701 1665 3011 2009 4578 1239 2065 3559 2197 3052 32 369 545 828 4148 2155 3712 4410 2682 1046 4092 4912 3550 4789 4319 4712 2870 1648
3537 4452 2560 4442 2567 2500 1562 1431 2642 3708 1988 2413 3389 3542 2553 2308 675 2614 3878 3144 2832 3765 3921 615 4841 195 381 1724 4507 1582 3033 470 1618 3940 673 4369 1265 1673 695 1608 2192 3160 2959 731 106 104 1846 2376 1842 231 4808 2194 3133 2319 1528 1159 1607 691 242 1454 414 1447 4173 4324 2304 2312 2875 2074 796 3388 4997 2328 3028 2313 1342 904 4313 1489 4999 121 1816 4384 2532 3863 4692 3320 2153 81 389 4821 272 1152 3688 381 2521 2967 2053 414 2417 4463 248 478 2737 973 356 634 290 4976 1916 3529 530 2942 4141 3426 3298 196 2773 461 1040 3985 3770 2003 4969 3392 3705 3639 1360 2218 1969 1380 342 1382 3323 4492 3498 1454 2146 1108 2760 3100 2200 3958 658 2599 633 234 4189 52 2414 4511 4916 2846 1877 3606 355 1479 1477 3299 1589 1380 3153 1578 3984 1591 4048 2177 1898 4329 4433 1843 2092 2531 3442 4041 86 205 248 4994 2216 3977 3541 3073 2835 4539 4844 1954 3128 4418 3293 2282 172 2191 3507 327 2703 1699 1730 2708 4874 4660
1312 3553 4698 4263 409 1083 4359 416 1173 756 417 3389 3707 2232 3933 1365 2079 4657 2817 591 3327 1573 1763 685 3473 193 4277 2260 2856 1651 4095 1025 4622 2289 447 164 3228 1606 2924 2111 2967 4731 2900 520 297 2170 2910 180 2403 4093 581 2748 3160 2783 984 161 1483 4215 120 294 1746 857 4299 1251 1448 1065 4853 634 1157 1963 417 4612 635 542 4514 3188 3430 2817 3218 123 2899 1759 1911 3957 596 4602 237 193 2242 613 2913 2570 3454 3138 3843 4807 3096 939 504 2782 433 4163 3154 1718 4616 1726 3106 4605 1682 2476 4736 1904 965 3204 2683 3981 38 4970 2618 3005 3268 408 2401 575 4236 32 4156 2810 3433 744 2098 1639 4586 1091 1489 4763 4154 3194 2924 437 3223 476 3310 2846 1301 3396 1322 422 2919 53 1775 2112 2965 4834 4268 4403 3191 2576 234 2000 2072 4364 3928 1531 4214 3277 4540 1318 4371 2672 923 4933 2990 746 3502 2775 1807 1690 1325 3936 3320 684 2117 1948 3941 4461 3724 1875 1100 4633 3285 3045 1491 2311 1000 1549 3451 1286 1142 2562
4588 1154 2229 234 4387 4235 1473 3263 49 4119 2621 3542 2232 998 2739 415 2686 4590 4815 2824 3642 432 630 2593 920 2816 2642 545 348 4419 2062 189 1773 766 2031 4314 655 3701 2154 4871 1986 4526 4405 2303 3407 1447 2271 3291 65 2695 2367 1545 4617 194 4231 3344 4885 4381 4225 2401 1198 3390 3165 2293 3835 720 753 2083 3579 332 3580 1894 1521 3173 4416 4446 3191 2042 1008 4483 270 3332 4359 4760 1825 3760 1391 2289 3221 3983 2878 760 912 3273 803 3056 2546 3518 4520 2907 1769 581 1946 1988 467 2920 4131 3097 4496 2982 4091 1358 1653 2783 689 3312 2287 3741 2099 2978 1054 4653 1864 4268 34 4036 4055 3762 1844 2180 2468 1783 1409 2973 2573 3000 2508 4120 2229 443 1528 2214 1562 2949 3044 1851 2172 4256 662 2256 4593 244 4446 245 1129 1048 1638 2561 652 3577 2264 2034 4012 3225 2980 1589 3218 2351 826 4242 3287 3247 2035 4533 4490 1865 275 652 4961 4195 1985 1755 2251 4981 2284 230 3125 4574 927 973 1145 533 3038 2047 927 1982 2870 3686 4211 797
1490 3393 111 2072 1996 2556 1647 1112 1896 4679 4964 2553 3933 2739 1576 438 3122 342 3172 4173 1216 891 3196 4181 3057 4648 613 1983 4331 2877 4012 4928 3611 4260 4809 4949 1040 575 1184 3267 4270 1334 2269 4225 126 4832 4898 3733 1499 2371 917 1985 4852 1902 4341 2927 4841 2372 4967 3038 1054 4624 4766 66 3180 2607 2680 2030 371 4478 4435 586 535 824 2519 1707 2661 4574 2858 1254 2960 4517 1260 3829 3866 928 2360 1476 2063 35 2559 2058 1758 1474 1153 1669 2751 87 1453 3364 1688 3045 2963 3605 4004 1908 4830 3707 1765 1660 2702 1416 1233 3301 4144 4141 1405 1850 3518 2283 3033 3920 1058 2990 240 1587 3840 1733 337 3175 1982 4110 1532 773 4571 880 1426 1528 4744 2351 1189 1846 3739 4770 4877 1899 4053 3117 1339 1278 4631 2353 2503 1453 1251 3379 318 2050 2716 488 736 2922 3896 958 3032 564 989 4936 2630 216 1673 4045 44 4315 1809 3504 1551 511 183 3258 3896 1927 71 4368 4919 1889 3271 1383 950 2454 2587 3751 134 964 123 2080 189 4059 1249 4786
3071 1946 3156 231 4378 4034 3462 340 4909 3941 2918 2308 1365 415 438 4005 2548 1337 4113 2190 3712 1393 194 1437 710 1199 1733 4612 4903 1164 1800 919 4478 354 2770 2405 2341 3006 2439 1114 508 948 4871 2670 1719 2509 3697 3923 1865 2430 2544 2477 3855 3083 2712 1152 4257 941 837 4130 784 2912 3194 2815 1208 1019 3385 1966 4897 1926 3970 2220 2274 4997 1007 1427 2748 3361 474 4372 1529 3650 1878 1257 4728 4805 2427 1860 1973 2946 3661 3333 3878 3800 2684 2105 3718 536 3000 2871 1273 166 4045 4093 2603 829 4555 4150 2317 4692 2031 4050 3808 1117 2922 835 4970 255 3935 3627 1319 577 55 4075 3517 3307 2647 3405 104 3116 2371 4490 4518 3463 327 1340 2423 3029 3022 4070 4421 150 4195 2325 3150 3137 4893 4985 4779 37 3679 1414 3774 1343 2622 2537 3160 4863 3327 2090 786 4282 1194 1976 4951 303 221 3101 1999 4333 4013 2618 2195 3055 4685 3900 2969 149 2134 3944 3178 3465 309 4914 3397 4745 3665 2875 4460 2133 208 571 73 2986 3759 4257 2256 2019 2268 4224
2793 1201 574 1978 2173 1724 1061 1170 3238 3232 266 675 2079 2686 3122 2548 3661 181 3504 4165 3865 3413 4254 3887 2015 2584 810 2813 2643 289 151 797 2406 4802 4453 3132 4916 3098 1081 250 1249 4186 3854 1874 734 1625 3283 1347 3350 4849 3747 3683 431 4485 1863 1444 3137 1883 1799 4809 1217 372 2378 965 528 4690 2090 1629 454 1324 2773 2084 3277 855 4402 4923 4180 3226 2877 4334 3798 275 4843 619 1778 1765 3957 1637 975 1264 1902 3897 4310 2385 2202 3768 1761 2501 555 3702 1151 483 1987 2025 511 1392 1182 78 1409 426 4812 2050 1947 3665 4857 2473 1275 3721 2754 2892 692 4501 746 3267 2529 1595 902 2696 4801 2480 4344 4623 3479 4824 3914 4711 3471 1396 4648 368 2064 4363 4784 2341 237 2051 3637 2105 2461 3510 983 2656 1885 3694 36 1731 3224 2749 1837 956 1144 1599 4762 4523 1875 2100 2050 616 227 1674 3229 3013 2431 3772 3380 4902 1840 1813 3830 1787 686 2807 1715 3144 1438 942 477 792 1127 3703 3999 4536 3128 4690 1801 1192 1239 2258 1586 137
4885 3027 2749 1702 4114 1072 3573 1212 4133 4212 4007 2614 4657 4590 342 1337 181 4079 2513 1650 436 4664 17 3477 4838 961 3514 3589 3524 1298 3951 230 2211 2558 4607 532 2939 1378 4413 3687 2570 1150 2489 4047 3825 2039 18 4154 2864 42 4930 2167 4836 3945 2671 2270 1612 2766 1361 4404 4015 911 3245 3942 1185 2242 956 2226 905 3523 4764 3890 3899 1308 2617 3801 581 504 3185 3245 1835 3008 4936 606 1016 751 2595 611 1781 3294 4844 1320 2600 3129 1615 3942 732 4503 2054 797 1140 4116 1815 4223 3936 225 1818 3703 452 4404 3724 2754 2986 4906 4123 3507 3068 1956 443 4511 3887 1385 4408 145 1394 146 112 4572 3759 2846 4466 725 2873 1960 673 1612 862 1474 395 4936 1728 506 2076 599 656 4695 3039 786 1221 2274 4796 1774 1282 1269 4607 1141 1278 1806 3690 4554 4227 3654 2461 4199 4467 2208 1609 4597 3957 3532 2635 808 1330 3787 4035 540 3862 1651 2850 4585 2549 3056 217 3165 169 3021 389 4222 264 2573 2216 2222 4392 4968 729 1090 4465 1543 801 203
3816 1957 2321 1340 1772 3851 902 2256 36 2705 1961 3878 2817 4815 3172 4113 3504 2513 4768 2863 201 3780 525 2680 697 1990 1299 2131 2348 4590 2751 2248 2645 1890 308 45 2383 1128 1059 3650 4408 4842 2201 3102 3623 180 2577 521 4440 4315 949 673 1977 3102 1951 3631 1905 2623 1560 922 220 4202 1461 4305 4464 618 3776 3400 2285 2110 3795 3918 3380 3163 537 674 1128 4941 2483 1640 362 1494 3229 748 846 3462 3936 558 658 4594 4921 4578 3922 2659 3137 2570 3203 4934 2079 1697 596 149 4614 3272 1447 2726 917 1998 1751 110 1563 4542 1941 4147 693 3465 1230 703 2728 297 4995 4996 2350 3444 3098 615 1291 311 2845 731 1666 3813 4475 1377 2263 4301 2523 1983 3153 4668 1369 4689 3088 4259 1595 229 3752 264 3431 1046 3815 3805 3658 4206 4710 4720 1072 2467 3593 3097 2215 4347 1440 2238 532 625 931 151 923 3080 3735 3495 1623 4794 3667 2202 4584 2580 1783 2628 4493 4847 455 2034 1742 368 4940 4451 903 888 1611 3090 4045 3692 1579 708 4233 3097 2488 2834
1105 688 3020 4210 2631 3317 4371 2610 2038 961 2578 3144 591 2824 4173 2190 4165 1650 2863 820 4758 3763 1778 125 277 3263 4606 4851 1056 2876 3933 2176 2379 2930 1641 2400 2518 3318 3017 2471 2069 4042 4671 4003 3193 501 1988 1300 1945 792 4825 1236 241 4468 4343 4997 2305 1187 2232 1653 1185 2025 1934 1216 681 261 2875 318 1464 3251 1686 4891 4066 2024 1461 3284 223 2907 4265 218 1311 1200 1225 27 571 1761 4109 1544 4709 775 1440 4592 4694 2005 146 541 4953 2590 4787 2830 3926 15 2555 827 258 4278 2509 2528 4321 2122 4528 2430 1281 2144 4771 3827 347 2170 2869 3114 4543 2879 1583 2697 1489 4857 1068 4947 2156 176 2425 2840 4685 171 3009 1993 1933 1186 4827 2543 3642 4764 619 3223 970 623 3661 4599 4642 3896 4289 2027 3937 3901 3970 4779 1492 1830 4820 805 1645 772 587 2702 3655 3264 2498 1881 966 2290 2725 2259 2936 307 225 3922 3371 1603 1256 939 4016 1004 1655 2484 3308 2791 1976 1160 2613 3530 3008 854 2677 4510 1112 4426 818 4264 4722 3118
3397 4288 2389 36 3234 3813 4826 2907 2036 2943 1105 2832 3327 3642 1216 3712 3865 436 201 4758 430 4152 4744 3086 3362 3912 1580 974 607 113 509 442 1905 2796 967 2160 1942 195 411 2256 2700 3448 3359 4976 4483 3588 2408 808 635 1057 3968 1746 546 549 4640 2951 4844 2622 384 3086 1829 1163 2532 475 4580 4335 4043 4353 2260 4279 3914 4753 896 359 4756 1663 4362 4318 3814 2238 4540 4452 805 2388 4553 337 4650 1864 332 2648 3444 2175 3288 2644 3483 4337 2861 2862 3814 1150 2007 2371 4453 3099 2443 14 2893 2662 574 3137 392 3256 2902 177 1851 126 3694 796 559 2436 2885 4370 1274 1067 3338 108 4490 3935 1871 4323 3635 1872 1612 2252 519 836 702 4669 77 3662 3617 2265 4340 3917 1364 2462 514 847 2623 620 913 2217 3968 1713 4725 2668 2234 4670 2715 2946 3012 3027 920 4187 2816 413 1312 1050 4253 1072 1382 1295 4518 65 2120 916 244 1040 3934 2165 1483 4360 61 1747 1332 89 1385 1129 3525 3936 1256 3088 742 4004 3625 652 1674 2656 4823 1447
4152 1767 4247 2199 3005 1536 763 1768 3864 1755 1464 3765 1573 432 891 1393 3413 4664 3780 3763 4152 2401 3552 353 2383 2866 1739 1138 4199 4959 4766 4722 2974 2197 1360 3687 2694 3741 1462 4780 2838 4809 1293 3552 2873 4839 1081 3362 1562 3410 1735 2336 2973 979 2321 3132 313 1713 2735 192 4809 492 3771 1427 4820 1291 515 766 1486 4465 713 3259 37 2519 3703 4381 1292 3559 945 2226 3186 1601 3852 2444 1678 2971 3482 2102 2048 2904 2040 3075 4647 3179 100 3744 1653 3734 2893 4543 477 1674 3612 632 3970 2391 4902 1912 3378 2158 998 1941 4803 4702 4935 2363 4548 2628 1640 3858 2555 4386 129 791 635 4067 3021 4863 858 2737 3535 2392 3568 3298 4564 3096 3900 4878 1517 3931 521 3968 941 2284 2637 806 3910 2978 941 889 635 2561 1451 2974 1628 1253 3376 2057 3935 3543 4338 4996 320 2107 3353 4400 271 2399 3929 241 3672 2754 2027 3084 1231 41 2853 2332 1383 482 4882 837 4979 489 4528 1448 2330 3672 1305 986 2111 1447 3178 2507 4645 4313 1125 2915 2950 1704
788 225 1988 3142 3408 3569 4912 2512 4091 1692 1190 3921 1763 630 3196 194 4254 17 525 1778 4744 3552 3457 3393 1254 2054 3454 499 1404 3232 1984 2410 2587 1193 274 4657 485 3971 2282 4466 1542 1335 1327 838 4791 2789 2276 3662 1636 665 1570 2170 1656 1009 747 4356 179 4749 3942 4979 4333 4124 3207 976 1210 2581 2578 4011 4075 185 3363 129 4729 17 519 897 346 114 1692 3747 4144 4990 1150 264 1915 3920 3492 4943 2862 4370 3618 3136 1339 2498 3768 770 3162 272 2080 2526 291 859 593 4121 635 3387 4027 3082 2994 3344 4514 2445 273 4975 1063 1909 1238 900 4540 3934 2451 2362 1214 3764 2068 1570 3423 3672 2343 1545 3694 3569 3563 1268 439 1778 1978 114 4235 4225 2958 3184 2070 4582 3486 1394 1673 2363 2717 2345 4991 3901 3719 4553 885 3173 591 2113 666 4456 4586 2146 3264 3382 2016 3842 571 1557 1242 4089 49 1644 4251 237 1637 3119 1001 4388 3161 3480 1809 310 2696 25 4442 4257 3401 1084 4458 200 1055 3980 697 1718 1934 575 4292 1355 2443 321
2193 2735 1973 1013 1919 1206 3510 90 3137 2295 2427 615 685 2593 4181 1437 3887 3477 2680 125 3086 353 3393 198 348 1713 2326 906 4751 1248 1028 1023 2933 4785 3135 1550 4590 2014 3375 3724 790 1055 3180 2624 4610 1119 2141 4257 4642 687 4253 4740 4580 3526 2592 2904 599 4951 4936 3177 3120 1349 2768 2391 2256 2643 537 2481 3079 1396 4500 363 2221 246 4818 3050 2301 1996 853 819 4267 4458 650 3263 2370 4382 1038 2189 4122 1316 4994 3601 1806 2650 192 4220 1950 451 3910 1618 264 682 4185 4034 282 2230 470 2816 2795 2578 2032 4179 4173 814 1650 1441 4362 3376 2895 1464 1648 3109 4313 1682 2472 1444 4906 3794 4658 3626 43 2174 1999 2155 4515 4579 1980 4270 4348 951 3348 3269 3814 1208 4397 4295 288 1005 309 3639 4728 648 3946 701 1270 4492 259 1939 878 357 808 4754 743 559 3803 1887 2105 4226 4131 3127 2746 3935 1731 2497 4506 826 2540 907 280 3152 2897 4379 3359 3136 697 4760 2301 2786 1348 265 382 1676 3086 4166 2807 1953 823 2210 4227 412
1775 1676 1329 4233 2131 1188 361 1181 366 2282 2066 4841 3473 920 3057 710 2015 4838 697 277 3362 2383 1254 348 1799 3447 2520 2058 4420 4541 183 903 1523 2671 2249 3055 29 3075 2874 368 4641 1015 3092 1653 1921 1030 2786 843 4443 1836 375 1163 4608 939 963 816 3986 4059 2608 1745 899 684 1922 4356 2885 1574 523 4713 3874 1917 1719 1097 3672 1505 1380 2290 2327 1774 3097 3125 2675 2912 4950 3770 1240 803 4190 1468 3988 1619 605 562 4682 3774 3640 372 383 688 3419 3602 2801 2202 1908 311 2473 4270 2676 616 3553 1572 829 307 720 3913 500 1478 1978 4952 1005 1989 3325 1154 3199 4363 4244 4695 532 4119 1693 1365 2141 3485 1539 4531 693 4003 649 4842 4291 3086 1442 3301 4036 3107 4651 1392 4662 1033 1829 3565 3409 3165 4247 2446 4565 4034 693 3013 4552 1025 2149 3484 1420 2607 3988 1877 2374 2675 2818 3522 4340 2942 3668 3103 2510 1591 3746 3767 2792 2323 2846 2658 920 2095 97 3555 3663 2550 635 1430 4674 4085 679 2003 17 4441 3395 2207 4878 2575
812 4812 1363 3912 1214 4471 1719 4046 3386 4008 3714 195 193 2816 4648 1199 2584 961 1990 3263 3912 2866 2054 1713 3447 3143 4791 1496 3662 202 1646 745 4298 72 2092 1776 3131 4919 3266 4786 3836 1387 2585 4202 3665 925 2198 1998 2783 1051 709 176 1605 4816 667 1989 1202 2183 2171 2095 3997 2957 429 1125 938 4246 897 688 2155 4742 3070 3436 2068 283 1215 4749 1908 4264 4570 4135 1579 1504 3212 2182 994 4660 4661 3597 1971 1935 3674 1613 4585 1208 2572 4058 3324 92 4266 4832 1302 376 3565 3265 3604 2794 4873 3990 654 3789 4050 4853 2953 3620 2195 2256 2423 2262 1488 3443 2318 3971 595 3975 4593 2861 2159 3381 4406 810 3829 3990 1194 717 2221 1760 654 1896 3145 1798 3940 1002 4836 4347 1077 2845 2961 1640 3148 865 1687 4051 616 1227 672 3549 1876 226 4387 3178 1015 4048 4381 2084 3940 3804 466 3250 4622 4329 2885 3062 4363 2696 420 3434 4796 2046 4651 2485 2290 4458 2412 2815 1821 2019 3739 2226 35 2273 1363 2333 4156 2061 4661 3349 4824 418 2570 295
4297 2900 2893 2549 1550 981 1437 3419 3760 4282 1177 381 4277 2642 613 1733 810 3514 1299 4606 1580 1739 3454 2326 2520 4791 2269 452 2081 4992 1188 1904 350 1571 4168 3174 4933 4317 2616 4241 2015 4458 2242 3929 3624 2046 4574 4585 1146 4030 2642 2089 3243 3441 100 4717 106 4624 1572 275 4772 4127 4929 3145 2111 1790 3117 3026 3513 638 3036 879 427 4390 3155 4566 3395 808 835 1485 4176 911 3988 1682 3578 4937 3453 2281 3320 1386 111 2970 4683 2793 4030 2362 1425 2233 383 4741 1606 4577 1988 4889 4884 1145 2216 2628 1867 557 2207 1247 1107 360 4262 4975 3626 2707 1981 2378 671 3943 1295 2702 1119 3141 1489 4051 1670 2782 279 3414 3461 1698 3918 1026 2080 2619 4472 4607 3150 1860 421 501 3775 282 1002 2571 2286 395 4131 3729 4838 1598 1835 2128 2985 3385 1534 2069 999 3203 4622 2924 4226 2380 2175 2361 2495 2861 14 384 3330 452 2774 4533 2908 1282 3126 3471 2494 4106 4488 4304 4389 1462 1447 3200 18 440 535 2639 4981 1851 4688 4735 1685 1740 1455 1541
2384 3391 3458 1318 2740 3708 2632 869 867 643 4512 1724 2260 545 1983 4612 2813 3589 2131 4851 974 1138 499 906 2058 1496 452 2168 2278 3423 4936 769 2910 2579 3125 1352 1467 3101 1499 1411 4804 1530 4096 4894 1740 2466 1668 230 4198 4840 715 3854 2108 3400 1660 796 857 2360 693 1397 4482 306 3710 2445 3871 4208 2122 1579 427 1343 2987 1752 1266 3937 2526 3431 3635 2531 2631 14 1868 4369 2497 1257 2074 2590 1811 2741 2978 1896 2378 561 4613 2211 2607 417 1025 720 2865 3590 4961 1119 577 3186 4927 1790 1375 4673 1359 3870 4591 1043 4712 4643 3111 2204 4143 318 2511 1383 4766 3087 2203 1067 250 1918 113 97 3472 2933 4702 1512 833 2076 4651 1348 4919 3985 1988 3218 2710 3821 544 3687 1832 2515 4226 3389 3057 99 2681 3450 3834 1453 3218 3693 3406 729 2884 1129 4224 2807 2266 447 4665 404 3713 2717 4732 4717 2532 1237 2202 1083 2516 2524 2643 2837 745 4210 10 2355 1435 4487 627 2667 1195 3062 1880 3728 2990 4032 491 1389 2250 1760 3712 3892 3792 3833
134 1443 3066 1928 3554 1163 3843 4744 4981 1514 2339 4507 2856 348 4331 4903 2643 3524 2348 1056 607 4199 1404 4751 4420 3662 2081 2278 4471 4421 1212 3258 4126 909 3722 3839 2803 1453 2851 2634 595 3564 3666 4747 2347 2267 2715 2759 3533 2775 3131 3442 1710 272 1339 1808 1716 393 2170 3874 4487 132 2259 2370 2716 846 3767 3814 1603 169 3544 3442 4590 2810 4681 27 3095 4039 3464 821 3414 1445 930 3374 3610 341 149 317 1212 4874 4890 4396 440 895 3523 898 2819 3076 1564 1695 3639 3988 3652 4007 4767 437 3187 1925 1631 2443 677 2354 3778 304 876 4458 2778 4775 3779 2410 3938 763 3389 1503 2490 2100 3819 238 641 14 948 1425 957 4667 2174 3118 392 2203 4026 1712 1220 2975 3560 1508 691 1331 135 297 2530 4708 11 4938 130 4645 305 3366 2036 258 2933 4158 1687 4117 1577 889 3897 3732 3531 2008 3589 3642 3962 3268 4618 3304 304 1162 607 3507 2517 4337 4976 1082 4852 3686 3371 1872 2510 4007 755 3753 766 3010 694 3420 4187 1490 4003 588 3528 858
3341 274 4805 3439 349 558 2050 824 2148 2190 1370 1582 1651 4419 2877 1164 289 1298 4590 2876 113 4959 3232 1248 4541 202 4992 3423 4421 3121 436 2650 2633 2542 4033 4826 551 2131 3506 3113 240 1082 4100 4046 3507 1771 3648 876 4591 524 46 517 3949 1982 4542 450 2851 2975 4617 1163 4218 2958 4338 576 3675 3851 2071 4710 1410 2730 2497 4083 2598 384 1775 675 4368 1359 3583 3550 3712 2910 2827 152 533 1432 1648 1142 2917 4596 3620 1256 4384 3372 3545 4968 33 4212 1143 2269 1792 71 407 397 25 552 250 47 1120 1309 3330 3609 1686 2596 1454 2558 225 754 347 553 1417 770 1847 4419 738 3377 2198 4612 694 1778 2799 4214 2354 1981 522 1286 4550 3823 784 1826 4457 3157 295 2564 840 2983 4072 4297 3643 1358 3371 1376 3861 2893 1476 3530 4583 2343 1958 2398 2303 964 310 842 2894 2077 2143 2035 4576 1958 2078 3613 1331 2432 3623 4208 880 956 2937 1772 2872 47 1240 2158 1966 4018 300 1714 2405 2954 2623 1114 4862 4204 3892 4204 4432 3746 4695 4847
3764 1022 4237 1790 1163 588 245 496 3830 3346 4419 3033 4095 2062 4012 1800 151 3951 2751 3933 509 4766 1984 1028 183 1646 1188 4936 1212 436 3358 321 4587 1708 2332 1088 3666 2882 1519 3272 2656 2660 2105 79 901 2431 4119 1846 3674 4274 843 4656 4823 64 4531 584 2671 1507 672 4440 4984 1009 4353 1496 495 1800 100 2023 1520 170 3703 3048 1142 4380 1351 4027 484 100 1499 4281 320 142 2462 1245 4172 4378 2640 1623 4792 1891 1249 1785 2847 830 3087 3850 2401 2731 2040 2307 4542 2675 3990 3925 1277 2736 441 4064 736 2257 3475 2906 2699 171 4739 1197 3511 4355 574 2965 4276 1148 2066 3007 3080 4571 1530 4893 2125 1985 2951 4539 1506 1241 4769 4433 4970 2867 1669 2650 4904 4059 4588 1743 2367 3626 354 1476 3077 3775 2991 4620 3662 3741 1972 3924 917 3311 2669 264 1733 4228 583 3698 569 385 673 2814 459 24 3584 3394 1426 3321 2172 3643 2647 2775 3922 976 447 998 4132 223 2130 4805 4308 2964 2126 770 2703 4964 825 2910 3607 16 4788 4983 796 2984
581 344 1483 3176 4439 1167 3945 2606 1155 3304 4832 470 1025 189 4928 919 797 230 2248 2176 442 4722 2410 1023 903 745 1904 769 3258 2650 321 1835 4406 4665 3957 3053 872 2770 2578 3964 3616 2180 583 921 1938 1541 2610 4309 619 2339 3462 4130 4605 227 4712 211 1270 1126 309 2279 3259 3083 559 1268 997 2398 1915 1253 1582 4581 906 4032 4278 1283 4966 3266 2164 2997 3471 372 1405 4760 3442 4929 2826 2306 3537 3543 2840 4849 4578 1844 2601 532 4751 3906 1363 683 3647 1030 1199 3559 3394 898 3593 1767 1210 4032 4266 3565 739 1886 4710 4652 89 2778 784 377 770 3156 3435 1584 1561 1769 4829 3035 2248 220 3251 3108 3751 1231 1637 936 1974 3119 2472 147 2911 285 4015 3004 4012 3482 4751 4761 4316 497 4338 4787 834 948 3493 4758 4150 497 4518 4083 4959 1370 465 266 1515 4765 4482 2606 99 1197 1038 2934 3178 2293 3343 2283 4513 46 2322 311 2329 4711 279 2924 3722 189 933 3904 1018 1242 978 435 4739 4103 3421 2258 1011 2161 3835 1500 4188 1680
1507 1276 4143 3824 2169 1676 4941 2379 3564 2658 2183 1618 4622 1773 3611 4478 2406 2211 2645 2379 1905 2974 2587 2933 1523 4298 350 2910 4126 2633 4587 4406 1222 3419 846 3676 3646 2449 4236 1342 1378 201 2834 2722 3829 1251 2722 1393 3985 4128 1569 2517 1751 1401 3458 4443 3339 4471 1999 2229 2759 4583 3143 3810 892 535 687 1760 3528 3651 3994 2086 1892 4215 4460 1816 4611 2961 3739 1566 3937 1305 2031 2349 648 1488 3602 3322 4590 1961 4044 1113 1056 693 2695 3516 4964 3118 4550 4744 2603 4521 3258 3436 32 1400 3916 1240 1544 443 2558 337 1780 1886 897 3526 2597 946 2679 1341 3560 3391 2968 4794 35 4830 4668 1290 4311 2162 3149 4167 3176 3391 561 3274 3727 1217 4731 2169 1926 3654 2296 945 2428 1724 4473 4565 133 4696 1730 334 2505 987 3417 882 3810 2922 4430 2304 3613 4258 483 194 2388 4770 4952 1684 2352 3090 3228 768 683 3126 4486 4160 2112 186 1882 3293 2875 4221 4818 4902 1624 3956 537 3656 3163 4239 3660 3917 1844 1683 4677 859 2973 4716 4189 3639
4511 3568 4621 1415 671 4650 3050 2581 4847 4611 1145 3940 2289 766 4260 354 4802 2558 1890 2930 2796 2197 1193 4785 2671 72 1571 2579 909 2542 1708 4665 3419 4513 95 885 102 1408 3748 4191 1621 3987 2009 1762 3018 490 419 3102 4583 3968 2308 3697 985 4897 4592 3458 1469 4078 596 1933 3374 1660 3010 162 4767 39 2801 4191 204 82 893 14 271 4308 1456 1100 4392 2180 2066 413 1901 4152 2767 1185 3939 2892 724 547 1235 4526 2622 2789 3139 323 1066 1320 686 133 867 2586 3854 4757 2142 923 495 4802 801 475 3387 2822 1666 2635 1883 3753 4190 4368 2334 1099 4017 348 2309 339 4849 769 38 4413 4305 4126 2769 3894 373 1000 1292 2738 3597 2211 2148 526 872 4073 4833 3065 3231 4787 1833 1787 928 1002 1893 1074 4325 960 790 2489 1060 1732 2691 2643 1312 1502 1398 2087 2536 303 2685 3051 275 756 4961 2942 3272 3896 2821 2871 3026 1440 4764 1221 2459 119 2718 4161 1150 3281 4602 4287 41 4926 4880 4619 3630 613 2476 2311 4524 230 2267 2972 3904 266
1919 1358 1537 1381 4649 3446 2739 1286 2753 4408 207 673 447 2031 4809 2770 4453 4607 308 1641 967 1360 274 3135 2249 2092 4168 3125 3722 4033 2332 3957 846 95 1486 3797 4783 2246 2029 409 3319 866 2250 1547 3904 3893 2515 3123 1493 3120 1284 4591 3011 185 1635 897 2200 430 2408 2681 2100 2098 4084 368 2213 3241 1957 3583 2012 2876 2302 3415 3134 789 4475 4606 2998 2649 3000 4887 3681 4966 4252 2558 3346 1221 1525 4615 2810 3978 2512 3250 454 4920 3658 636 2197 371 1033 752 4980 292 1375 3472 2318 4724 3735 1996 1580 4425 4006 697 4253 4203 1860 2662 3429 374 2269 1181 2265 1977 362 1929 285 94 4631 1588 4379 3380 3423 1258 2648 1380 3500 741 3093 2429 3976 4323 3529 1283 1089 437 1652 4351 1609 1910 4881 2050 4101 3982 4656 4699 1009 4860 2943 958 387 3148 914 1271 958 2130 1832 342 4432 1815 13 1581 3951 107 118 3568 3483 69 4319 892 2028 1162 3473 1890 388 3302 659 1249 3986 4812 281 1593 1495 2120 4876 3990 3903 521 757 141 2508 4621
1738 4377 164 2199 4014 2488 3010 3387 2033 1302 2356 4369 164 4314 4949 2405 3132 532 45 2400 2160 3687 4657 1550 3055 1776 3174 1352 3839 4826 1088 3053 3676 885 3797 1689 2075 2904 224 571 582 2629 1000 2324 4459 3669 2363 3508 2242 4703 1791 4614 4682 3211 1940 4109 3625 2137 1636 4519 407 1172 2383 2696 1581 826 163 2196 3032 2544 2872 658 1517 332 313 63 2398 3847 1205 3704 649 4997 4159 1870 2000 710 267 3173 3641 4614 1124 1725 3912 1681 3520 1634 2744 4068 2617 3723 2905 3033 2590 1151 216 1171 4956 470 3339 3843 4850 4002 2741 3568 4256 4569 2404 32 3922 4283 2960 3645 2166 992 385 2214 3544 3336 3724 701 1541 3742 2138 245 2012 3992 1904 3505 2709 2707 1074 3347 2409 3648 2270 521 3013 3104 2370 77 1174 4712 1307 343 1238 162 1065 2330 2155 4442 4344 4327 2280 1657 2230 1614 3300 4537 3630 4132 4905 1718 4770 194 600 2254 1741 2015 4110 1595 2223 172 2563 4664 2064 4204 4085 227 1801 2135 3477 3574 2847 4511 3150 3381 2368 2510 678 3646
608 3790 720 3617 4209 4778 4081 236 3304 3067 574 1265 3228 655 1040 2341 4916 2939 2383 2518 1942 2694 485 4590 29 3131 4933 1467 2803 551 3666 872 3646 102 4783 2075 1336 3344 4793 518 2889 2347 2222 1894 426 982 2015 1452 808 2732 979 1010 861 644 2869 354 3081 897 443 2989 1137 3933 2733 3439 2093 634 1838 1321 653 3779 511 778 3461 4406 2063 1724 4780 1267 181 845 4819 1207 1102 237 4765 3605 3416 3461 4864 2769 1722 1262 3143 3867 2103 4691 4906 3842 600 2541 736 3590 3937 4449 911 611 4736 3855 886 2816 407 4164 3156 1335 3919 2291 4680 1469 4356 4584 3186 1627 2575 390 1885 4783 325 1427 2322 4464 4670 3909 4251 814 2089 2521 3606 4823 1146 2554 419 1421 16 2156 1911 2231 2243 3107 2768 2339 1659 2316 2389 4078 4816 430 4626 105 4103 4693 3657 4730 3160 729 51 4818 245 1198 622 2399 3394 3199 755 3930 4647 3320 2404 924 2694 863 1011 3786 835 767 2376 371 3418 1490 4016 392 524 272 535 4375 4190 4953 2815 3280 2775 3979
2918 548 4856 4328 3266 3243 4958 1263 376 3030 1456 1673 1606 3701 575 3006 3098 1378 1128 3318 195 3741 3971 2014 3075 4919 4317 3101 1453 2131 2882 2770 2449 1408 2246 2904 3344 3505 2402 3967 3115 2163 3149 3310 4559 2434 1942 572 1038 2368 2978 2715 1844 2709 3839 1149 253 3134 637 3182 1149 786 3533 475 1598 4809 2843 824 4966 4791 3893 2628 4107 4309 2207 1432 3893 3700 1793 4883 2737 302 722 1478 4050 2793 881 4532 3762 4506 2897 1765 3077 4015 122 3004 4579 2556 3071 800 4970 3316 1256 111 3980 1368 643 398 4646 2669 3649 2081 4001 2832 4290 1080 4695 2707 4408 349 900 2871 4919 4963 2665 4596 2981 4337 1335 1394 2886 2244 3892 3612 3063 2887 1249 1464 1370 1808 4123 982 1832 4512 4198 1925 1582 2061 313 2749 3367 2345 3888 4091 3225 476 985 3432 4162 4076 667 391 3999 700 1725 2400 966 3137 1545 949 84 3317 3430 223 2689 2519 3423 1811 168 2191 3725 2893 1026 1256 4853 4229 377 4435 3170 1588 1441 3012 2425 2670 3009 838 184 394 4501 2810
3149 467 3068 2050 445 1086 299 3390 1296 2705 1015 695 2924 2154 1184 2439 1081 4413 1059 3017 411 1462 2282 3375 2874 3266 2616 1499 2851 3506 1519 2578 4236 3748 2029 224 4793 2402 1735 4081 897 3617 587 1379 833 2956 2398 2357 2633 2465 4350 1981 4649 3106 66 147 4568 1485 690 1082 2426 1010 1634 4777 2511 2672 1733 433 3998 4021 4914 4267 1668 3105 2612 4690 4764 3180 2699 4970 186 4042 3271 1046 2264 4206 2833 4855 3435 3950 2654 143 3667 2722 2902 4912 1917 1851 1791 2409 133 3574 4580 3016 3899 3443 1652 3025 1054 2939 1329 4641 4643 944 2149 4709 2705 1605 853 938 3593 1066 3453 266 1088 298 1748 3146 1462 3105 3545 3008 4994 1273 2213 3596 1997 1252 3868 451 1908 23 1987 4926 194 2655 4190 4669 4308 4595 631 580 3022 1567 68 3839 4429 1435 4468 4254 3016 4414 4458 936 922 1360 1239 3312 402 1631 3784 3866 1217 2978 1904 3272 1168 1517 541 466 3739 4897 1814 3117 4942 1233 4863 3409 486 4774 2826 794 1714 885 1179 4810 4431 4145 4596 4838
3078 2168 3667 3477 3005 410 4538 3739 233 4799 2282 1608 2111 4871 3267 1114 250 3687 3650 2471 2256 4780 4466 3724 368 4786 4241 1411 2634 3113 3272 3964 1342 4191 409 571 518 3967 4081 1188 4252 2298 3628 3486 3955 1708 4601 2070 1071 2683 588 1991 77 3689 3492 3278 4240 1860 2600 4254 2528 3238 3360 4656 4196 2612 2739 1054 3244 2656 3439 1252 37 1370 4604 1695 932 460 411 3615 867 460 3830 428 2382 701 1189 1536 2081 494 2070 562 2751 201 458 1792 4789 1440 2214 1984 4216 1886 3621 1497 3328 4737 2458 87 1615 2225 3108 993 2699 3900 2813 2873 97 212 2296 2060 970 4051 301 3734 741 1573 3478 2354 1454 3772 1782 4629 2344 1380 3240 3906 4295 3852 1034 1850 2836 1759 488 4268 4700 3866 1509 4245 4860 2944 4854 3134 1376 1093 121 2983 1717 3766 3374 3823 4463 1591 2571 2136 4131 3961 821 1600 598 3821 2636 3200 3037 4151 4689 185 3749 774 257 4117 1157 750 3012 3598 1548 2019 1336 2642 4888 4594 3045 832 2459 3962 1885 4004 1410 1234 3541 3180
