N: 200
M: 90
Symmetric: true
Triangle: false
4 170 195 90 114
3 181 116 84
5 106 37 189 183 70
3 178 48 140
5 22 91 107 157 23
4 128 105 134 146
2 32 36
2 87 15
1 44
3 187 25 137
3 7 176 142
3 163 62 103
1 148
1 59
2 29 109
2 182 9
2 143 193
1 2
4 117 12 127 121
4 125 185 71 172
1 150
3 129 81 19
1 194
4 192 27 92 159
2 161 151
1 43
1 158
2 11 38
2 24 141
1 18
2 132 80
1 56
1 164
3 46 45 184
2 76 79
1 64
2 188 82
3 95 65 10
1 68
4 58 168 113 35
3 66 139 3
4 120 61 156 200
3 97 54 173
4 135 198 96 42
2 149 191
3 100 34 13
1 154
3 162 174 115
1 196
3 69 130 144
1 111
1 55
1 153
1 31
2 52 166
4 171 102 118 5
2 40 104
1 190
1 47
3 165 86 197
1 41
3 57 78 160
3 145 17 147
1 53
1 138
2 122 199
1 73
4 74 131 33 126
3 21 1 180
1 108
2 124 39
4 110 175 6 63
3 8 133 98
2 88 4
3 20 51 155
2 169 26
2 99 14
1 30
2 49 28
2 179 123
1 75
1 67
1 101
2 112 72
3 186 177 16
2 152 119
4 50 136 60 77
2 94 93
2 167 85
2 83 89
3167 3058 4620 2729 2738 3201 367 2240 3306 4345 413 4856 3320 3280 2240 4372 4364 652 933 517 4589 2548 4490 479 4567 2956 4036 2759 2028 4986 2808 135 3463 1227 4683 3108 4592 3878 2291 2212 4129 794 4545 904 2690 329 1681 3994 2548 3244 276 703 1725 1712 132 4355 2877 769 2045 4143 2686 4259 1364 3358 3616 3441 1705 4260 2562 358 4541 473 4274 1278 2759 320 4818 275 3634 4089 498 584 1551 2276 2832 2763 1053 3315 2857 3307 4714 4493 3833 3642 4195 1905 1796 2605 939 4088 2311 2825 4065 1632 969 3241 808 3388 3696 4904 4494 3973 1632 4728 1084 4734 4740 1613 3239 3250 1315 4814 4291 2497 605 1743 1276 4371 3418 815 3762 3534 2301 1255 3506 3904 407 3705 128 1013 4731 1727 3001 4405 3610 80 316 2910 797 874 2856 4160 4113 1386 2382 4242 354 2921 645 4750 1635 4182 1681 4937 578 3168 2857 854 1645 2914 3895 2818 3112 3082 3172 1976 4827 1467 3684 1209 2104 2580 1790 4954 4226 4504 2758 2382 1766 2548 2700 2553 75 3210 3054 235 3186 3825 4884 1609
3058 3937 4857 4414 4826 1946 2674 3309 2128 3016 401 495 4969 4793 384 1321 4872 2241 1725 980 642 3493 759 767 4346 3459 3104 2812 1773 3846 745 2386 179 202 4208 704 860 4437 622 4420 3982 1946 658 4599 4088 3423 1996 4841 2357 892 561 944 253 1625 3831 4555 3630 4056 2978 3766 2276 4094 1207 512 3934 4436 4539 2693 1641 2054 3026 3405 1395 4780 1348 2339 3225 4386 1231 2136 2118 2432 4567 3782 3934 3702 3768 2635 3695 344 2611 2362 1124 4086 1585 2854 1392 4559 4736 3953 2009 1052 2007 1550 4183 556 1624 662 2117 310 2934 3003 702 902 2695 1329 4062 3987 2667 2705 4301 74 3626 31 1221 3924 2125 1526 2380 3961 2777 3869 121 1819 3251 3113 1231 1550 4880 3591 216 2919 1544 4063 1071 2560 3261 119 1639 361 2666 1371 1962 3999 4329 4993 4306 2151 337 2583 1909 2153 759 3235 1134 3947 1604 4957 3091 4257 3217 1088 3843 1780 2121 420 1529 2329 521 1448 4824 1503 1281 1492 2064 53 3677 4270 4851 1594 406 1785 525 2525 4162 1848 1858 3703 1963 3026
4620 4857 3895 1541 2941 658 2896 3189 971 1792 1510 605 3476 4144 2818 1683 270 2074 2600 2555 696 4339 4584 3914 3587 4751 3537 467 1353 2938 1166 371 2432 4696 91 3017 1954 1553 1710 990 180 1952 286 4321 3131 33 496 4893 4727 4933 673 779 604 3458 267 1618 798 3035 1928 2216 1256 3998 2842 3879 2365 4626 3989 2294 1652 400 2180 912 1118 1099 4075 4445 650 2624 4841 2404 3353 1866 4125 2853 2236 3950 4922 4544 3541 1306 4015 1329 4973 4912 1306 4370 2492 685 2766 607 2599 1452 1406 2536 3095 3991 1051 4953 4671 1741 4846 1690 4622 4531 4937 3389 2802 1612 2601 2249 2811 1580 4641 460 4315 1380 2558 3191 3443 3375 563 3735 4669 4324 4982 2191 4462 1882 354 46 2873 807 1450 3498 4146 423 2466 1661 1706 4479 4630 1944 4724 1192 1724 4653 1104 3113 4613 4073 1116 2089 2599 280 356 1276 482 1903 1141 2158 3958 202 2017 4317 1685 3674 4855 2061 2621 100 212 283 237 476 2381 1231 150 1089 2047 4563 2034 4440 77 2710 3503 2484 2041 2612 4734 3368
2729 4414 1541 176 2278 2956 3851 2921 15 2035 671 4894 4786 1587 534 752 1041 2807 2246 3942 2090 2914 468 1978 2602 1805 2989 2163 83 633 818 2885 3322 3359 1090 2827 3104 3019 1386 489 1264 1347 2236 3026 871 4433 1627 4866 1643 104 4547 3736 1391 3868 2808 4095 4957 3682 4050 469 3166 2286 3672 4777 494 2753 3671 3596 811 2210 3614 2542 2702 4497 4978 3030 44 15 3938 1202 612 3169 3156 1300 3617 4329 289 886 3650 4353 2870 232 2706 3418 2506 1704 4992 2854 910 3501 4827 146 1510 4205 4879 4237 1413 4483 2144 283 717 2394 3242 1948 3460 3579 1524 3498 2132 3862 1857 4584 3380 3377 56 554 1343 1217 4161 4480 3205 4352 2856 4294 927 4109 3302 3846 3990 4425 1630 2341 453 4853 1438 632 3627 4695 1909 1360 2264 3000 4193 767 643 2590 1517 1447 794 3917 3496 3208 383 3247 333 4206 2929 2477 1888 4580 2056 3265 3670 1229 3866 3530 2293 65 3401 3580 2256 3373 3503 316 3791 2541 78 3257 3532 49 1267 854 1060 3458 4421 1195 827 1118 1574 1136
2738 4826 2941 2278 1063 4775 4449 2472 4232 3061 4629 1187 467 1547 3283 4408 35 4544 512 110 3034 1693 3864 1692 578 3882 36 3207 4016 2363 3512 4941 1184 916 4554 3138 2184 2336 4457 2247 2489 4452 148 2651 2352 3558 3744 4319 3008 1923 3275 3424 3471 4784 451 3079 2601 310 2305 2588 1321 100 2851 4783 89 293 231 2384 267 2567 933 4646 3991 3430 2876 1174 1411 1765 2135 4007 2682 4872 2417 2459 4477 3661 569 3022 1239 1526 4736 111 2985 4349 4082 3084 284 4008 2166 84 817 4526 3545 1623 3174 3127 4030 1683 561 2941 4384 3444 3094 3713 2770 4853 2556 4102 1376 2965 982 636 1590 869 98 587 851 3828 493 3946 4963 348 444 3915 1943 1840 4433 3309 3242 2412 4249 61 4396 3700 2583 3289 4306 477 3487 3256 3634 1594 2307 3192 4831 406 1447 4416 3446 2438 2836 2625 2623 4390 2294 1282 2552 410 2481 372 47 4657 2520 3785 1793 700 2396 2559 2563 2941 3708 4111 3977 3232 4215 4684 3119 435 4977 4841 3076 2054 4811 3828 1582 4931 4472 2978 3822 4359
3201 1946 658 2956 4775 3555 3759 4076 2364 1326 2479 1955 784 963 1956 3294 3803 2670 2183 4776 2005 3309 3372 4935 4783 2353 3528 2741 1416 4543 1268 3574 2973 4554 907 3314 4246 2553 4818 891 594 3233 1163 4492 2184 845 2198 434 1468 1731 1607 2913 1006 4249 4176 1345 4876 307 248 1133 276 3315 2682 4395 51 2973 1047 1874 4997 1869 738 1129 4136 258 207 3371 3084 1353 3360 4462 1889 4958 1658 568 1134 3305 364 713 3961 2065 2056 4314 1703 1793 3413 3694 1913 2260 2217 2082 629 4363 4096 1279 3843 1060 2264 3433 2514 1135 1088 2710 1694 4432 4717 4323 2603 3138 3403 1419 1022 3893 3368 398 793 584 4641 4739 3461 4859 2460 1333 2066 1179 234 3391 3355 2951 2423 4265 1939 4444 751 319 1415 373 3442 2939 1407 1324 1586 1561 2896 2343 1581 1213 2935 2516 3193 999 516 4276 1298 810 3415 1236 4139 2250 3988 3261 361 3716 3013 3036 1640 1885 2888 2911 3964 4285 4770 475 2784 2781 2699 2125 874 2530 407 1891 208 1647 2172 2583 65 4086 2591 990 3949 2862
367 2674 2896 3851 4449 3759 3835 1799 1897 4575 791 4464 3530 4706 1062 3630 479 302 3261 4136 1564 4334 2438 4476 969 4052 4866 3170 2097 4940 3610 805 4422 173 124 2512 4642 4464 1234 2283 329 4953 4937 3614 874 87 2269 4301 4029 3206 4423 3560 2256 2445 1862 1947 757 2910 2786 2748 3620 3780 1553 2968 3006 4337 3508 4181 1541 4549 600 4679 4915 4923 2311 2200 688 989 2740 1193 4624 4280 4650 187 3414 3312 2572 1923 706 2099 4932 3024 4761 4666 1025 117 4334 15 1245 1385 417 883 3999 2434 4730 4195 2680 4496 776 4552 3335 4659 2551 4402 3023 4510 1050 4913 1301 2553 2539 3691 3923 778 1628 3669 217 4697 609 3103 266 2504 4376 4539 2479 4504 438 565 100 107 606 2412 3964 1449 1386 1886 1812 4146 1995 346 3777 891 222 3766 471 3337 928 2232 4173 133 1778 2970 4669 4210 1789 4714 2597 3515 2420 428 2416 525 2981 2613 51 3004 1762 3792 97 2686 4570 1933 3806 4049 3419 4923 2424 2756 1578 3842 1050 762 952 2143 1541 119 4472 254 392 902
2240 3309 3189 2921 2472 4076 1799 3702 4435 927 783 3368 3647 4149 4510 2695 4280 456 1430 37 1758 805 3011 1446 4832 256 3260 1315 3980 2832 4810 2852 342 3552 4476 1799 4238 4236 3271 2994 916 119 1103 4126 3905 3761 4464 4315 4981 433 1763 576 3541 4466 695 1097 197 1878 4005 3810 2472 2137 1248 2924 4463 2826 1862 3894 798 4670 3552 2074 155 4730 825 25 2413 1400 4617 3484 3890 1345 1672 4168 3478 493 394 2302 244 2717 1196 607 4267 4916 4573 3553 3060 3940 4557 994 1760 3540 4138 1049 4404 4065 154 3232 1673 1117 1150 2795 2006 2490 461 1717 2878 3563 4172 4281 3046 3733 2385 16 4415 3597 4429 4276 4336 2329 35 1545 896 1361 4435 4330 4594 449 2024 2198 1664 1843 3262 242 75 4109 2779 89 3247 178 586 968 2564 4280 2890 4624 390 571 1269 3203 2471 3352 2372 4513 3648 16 2678 2382 3952 810 3148 3235 4351 1040 2016 4894 2729 484 2409 4188 3818 39 3991 3741 2899 2882 3010 4981 4959 1895 806 4741 1794 232 2305 3934 4213 428 1678 4353
3306 2128 971 15 4232 2364 1897 4435 4722 1526 159 1370 1865 4042 3809 4793 625 799 4729 4867 4752 3558 2638 4561 653 889 4828 778 4980 2390 1628 534 2390 300 474 534 1118 4516 3966 145 1149 4131 1297 868 739 4122 1218 3232 2266 4132 4056 2752 1846 1106 1989 4782 2808 1605 2754 467 1429 3515 3779 2365 1080 4630 3155 773 4900 351 446 146 920 3187 956 4920 2478 3309 4825 1381 851 4523 3709 1861 4092 1372 3299 4943 797 3043 2741 2265 700 4376 2945 2934 403 1599 1423 2019 2545 2984 2014 4735 2190 2152 3049 45 3111 1353 326 2517 1032 3404 1402 1025 191 845 139 1772 175 248 65 2143 3485 736 3927 4076 575 4242 4035 3946 3875 131 1085 522 3417 849 1568 4214 1550 2151 1395 253 2453 4394 3643 4798 3388 2380 4130 3365 3718 251 1471 3558 4901 778 511 191 2681 2235 412 3009 1030 1621 1780 640 790 371 1587 2091 1675 1923 687 3792 2696 2442 4587 1094 2118 2402 4037 1076 2375 4767 3393 3696 2452 1891 4705 2690 769 4418 4580 3003 1918 1920 3449 102
4345 3016 1792 2035 3061 1326 4575 927 1526 1247 165 2502 1812 4961 4840 2366 3023 2001 452 284 1974 2051 3571 2323 627 4065 4963 2079 2443 3273 3611 4283 3237 281 1990 17 3578 1646 2794 3271 1156 732 2053 4997 1395 228 3978 2534 4604 3324 805 210 2304 4397 1183 2016 1665 1904 2408 3002 1263 3514 2809 2248 768 4023 1350 1416 178 4930 4422 4507 4424 2959 2067 3076 4243 1110 2803 3179 4794 1533 550 3926 379 2656 3535 1533 560 1285 3348 228 4340 2206 2484 3533 3936 4498 4207 3157 3799 3791 1552 4125 2613 4136 2367 3113 2783 2977 1674 4778 4610 2964 2061 1987 4188 1509 4031 3325 2444 4881 1209 4260 266 4059 2453 4792 2866 729 3272 2496 4915 2305 2269 314 4640 3259 4989 2182 1874 4726 2483 4311 3169 4998 928 4693 2818 1914 3078 3644 3363 2590 1105 2185 2369 2336 4526 1660 2491 3482 1307 459 3026 2345 339 48 2466 396 1602 3173 1202 2503 4956 4121 2556 4790 760 4651 4324 4343 4546 4761 3820 1467 2998 1762 3499 1847 1331 346 1942 1479 1993 4418 2495 1940 2145 714
413 401 1510 671 4629 2479 791 783 159 165 2707 4675 4338 4275 2533 1976 3033 935 449 3993 1439 3346 3263 3321 328 3661 4106 4375 1119 1039 1698 101 1750 2704 3108 3039 2417 140 934 2264 3498 255 4109 4776 3503 2050 1240 4452 4294 4486 4544 2452 4124 3309 3141 1927 2829 4652 353 1403 2655 4656 151 112 1094 4086 3160 2031 3461 1758 3283 2469 2325 2443 3047 1579 2221 1507 3255 4039 4483 4340 3986 3417 3106 4601 2317 910 2806 4716 4833 2269 1890 4692 1966 4369 2636 4619 2938 1903 3492 916 196 945 3379 3593 4165 265 4250 3777 4079 4707 1992 2029 2734 1968 4307 924 2002 997 2698 4892 646 390 2574 1297 2853 2904 569 4871 4041 4328 2292 1870 4171 3439 1357 4069 1690 1713 1975 2862 133 1035 767 532 898 4625 229 3661 183 28 2655 1203 200 1085 2516 1390 3636 1959 2608 3961 424 366 2831 4391 4479 4309 2583 3156 4602 89 3660 353 3824 50 3910 469 2221 4473 546 2903 2747 2750 1766 4080 1034 2739 3891 1190 2427 1495 3388 1352 4336 2595 1213 3551 4248 1348
4856 495 605 4894 1187 1955 4464 3368 1370 2502 4675 4100 484 3494 2078 3314 3193 3463 652 3899 2331 3676 4206 2861 156 1328 1050 2541 1108 148 1105 1483 1598 2554 3728 4555 3564 601 3974 156 79 2221 1365 2406 121 3028 4514 4022 4694 76 2878 4880 4158 952 3781 973 319 3528 4412 1696 3306 271 3507 1432 1291 2386 3759 621 2898 1806 943 4436 331 4541 2834 2388 2280 1162 1332 1446 4972 2758 834 3855 3041 2126 3205 3368 4795 522 4413 3363 138 413 128 1785 3475 2412 3905 4830 2184 4661 2600 3395 4169 4409 3947 3711 1276 2448 3475 1305 1478 210 2428 2558 2833 887 1924 3852 1287 4329 3435 2178 2331 3490 4347 3013 482 2306 2002 2932 3054 3866 1522 3896 3280 3258 371 1420 1561 3517 1364 2901 4783 3672 438 1775 1620 4698 299 823 277 2471 1919 1445 4774 1473 671 4848 4271 3350 2316 3640 835 4062 2599 2139 380 4835 954 4798 3144 1014 3439 518 43 1414 823 3854 4034 2490 2836 2710 3181 1660 1651 3738 1675 78 1218 1178 4209 711 2965 3362 3419 1717 4235 1024
3320 4969 3476 4786 467 784 3530 3647 1865 1812 4338 484 1932 1684 2943 2128 1230 548 277 1309 808 818 894 4617 593 4293 3940 1960 2678 1435 249 3556 339 2551 1322 831 2601 3044 3511 1153 2571 3609 2357 1513 2335 3367 1083 2437 2744 4484 1776 2942 189 2049 3499 2012 2835 3705 3642 3211 1922 1405 2430 3940 4474 4355 2831 4589 276 1097 4933 861 3004 3005 3869 4551 979 4231 1453 1553 2617 4432 893 2046 1739 2605 86 2707 3952 3191 1193 1085 1107 3498 1616 2615 4456 2931 1198 1464 4986 1837 2662 1275 4877 1876 1296 924 1339 422 1747 3317 2683 341 4665 3115 3259 64 1219 726 4035 2157 3896 2682 4841 4680 1182 2557 2274 2746 4873 4114 3790 4004 331 1737 146 1653 1654 2169 4049 4260 1648 813 3643 4792 4439 612 2775 1289 680 1380 1220 2032 4637 3864 3314 3619 1185 4758 2139 1077 4875 4195 2706 4250 3692 1386 4798 4763 3633 4161 3258 373 2425 3710 2896 1106 4054 3743 1744 1115 2446 1356 1567 4818 2645 591 4638 2355 67 3840 1780 45 1041 1657 4963 1616 23 82
3280 4793 4144 1587 1547 963 4706 4149 4042 4961 4275 3494 1684 4012 4064 2866 427 4297 3203 4905 2233 3309 3966 4062 3983 2829 2405 1440 1244 3805 3213 1150 1608 3034 617 4168 2363 2186 4120 829 2895 4603 1127 1008 1385 1464 2514 3585 2555 530 869 4612 2093 586 1720 1718 512 740 4788 4922 909 589 3875 599 2422 3918 3585 1394 2447 3047 3910 2800 2791 2134 1677 1443 276 3710 1087 1327 2891 2610 4602 1226 2978 4670 3490 2677 1611 3277 621 2367 4565 129 1786 2428 1357 2241 834 1767 1677 11 2546 881 1128 3074 4580 2836 4249 3297 2308 134 1320 3847 2746 2865 4922 2492 3209 399 2714 3777 3003 2849 3051 4192 3454 3397 2998 4988 810 4835 3266 699 1062 3149 4410 3838 2053 1802 641 173 1678 2058 323 2008 1034 1494 4576 4766 1750 3552 876 2551 4075 2630 2923 1788 1669 3589 2604 447 3766 4006 4514 2613 1056 1169 3671 4966 2238 3148 1613 729 4191 506 4668 2757 2420 3893 1079 2154 4403 4524 384 4716 4039 1278 669 3042 24 659 355 4751 427 411 805 4196 2259 3495
2240 384 2818 534 3283 1956 1062 4510 3809 4840 2533 2078 2943 4064 1621 3567 3630 2725 1687 1532 4885 4691 1660 4021 4096 866 334 718 2715 2296 3991 1728 3175 960 4113 4435 940 668 4778 3082 1241 3219 220 2180 2143 4141 1216 3922 1564 4455 639 3277 566 1639 3029 1595 3274 1510 4237 111 3221 2224 3922 4039 3019 1541 4465 3012 357 2381 3233 1452 2994 4872 3998 1427 571 3300 3031 329 343 651 4338 4077 4858 2010 3569 2481 4422 2578 1298 4699 3809 1808 2052 966 4318 2721 1612 2312 2118 896 1615 327 4750 3412 2229 2389 2884 3524 266 914 2270 1024 4281 4494 2808 420 4528 3906 543 29 4667 3117 711 1185 1312 350 1038 1875 65 1922 2826 1710 477 585 604 3871 2631 3024 36 1257 3038 4647 2500 1960 2101 3208 3713 1295 4342 4810 1085 4840 2347 4952 4691 4609 2108 975 674 4960 521 2598 3887 3117 2873 793 2717 1073 2498 940 793 2350 649 1553 2740 4299 4342 461 2985 2375 928 1829 1667 1522 3297 3215 3981 3796 2598 18 3886 4771 4637 630 3036 2267 4205 1820
4372 1321 1683 752 4408 3294 3630 2695 4793 2366 1976 3314 2128 2866 3567 2117 2332 4986 4567 333 2417 175 4594 2396 1716 615 55 85 4967 3449 1000 4885 3339 4435 1067 4224 720 3478 476 1494 2116 2449 1548 1347 1926 300 4662 1529 3020 3803 77 782 1978 401 1683 3784 1222 4852 3540 1131 980 510 4520 3235 2653 2496 19 3940 3144 3855 2165 4778 4514 3115 4645 3790 4886 324 2632 3123 3511 1425 3110 2510 295 1235 2914 3328 3707 3395 4459 1426 1512 4097 3522 4576 4595 1791 3584 2213 560 4949 2721 2616 827 3521 1499 737 540 4517 3989 4283 4011 2025 2602 363 976 1189 3609 1262 438 4901 4476 2284 4744 4190 2201 4859 598 2487 1200 2288 4352 844 155 3513 1588 502 1237 4180 794 4187 3875 1555 2491 4832 2141 4083 1350 3425 3358 4508 345 1423 2982 1323 1195 1010 4764 3330 2035 4489 4545 4543 2592 429 253 889 361 1877 2198 26 2164 3396 403 2734 4524 3181 3900 1447 2600 2111 4915 84 956 2497 1554 661 3749 3420 4511 130 2613 4901 3202 87 4624 293 3143 2382
4364 4872 270 1041 35 3803 479 4280 625 3023 3033 3193 1230 427 3630 2332 2192 1290 1434 1337 433 1018 3609 4705 1910 2777 221 3012 1248 1842 2497 3410 3244 4455 3170 2529 783 4008 3666 1556 623 2949 782 3785 4899 4884 1603 4256 1373 1239 598 4702 3936 1494 537 4522 257 4975 2854 697 1370 369 1742 4354 4940 159 4818 4226 1605 1518 2973 771 2405 3989 390 4915 3903 2894 225 2589 1883 4297 2650 4953 4549 2403 3477 3639 3706 3303 1328 4430 331 1912 4196 272 1460 1699 2089 4241 1118 2253 92 978 4766 989 4624 85 805 3210 3395 2369 1576 4150 3230 927 3129 1601 2935 403 3160 4931 110 3102 2106 1145 1036 4173 1567 3644 4850 465 382 4873 4896 2147 1995 2818 3529 824 3215 2485 3058 1139 2528 1685 4429 1940 3348 3586 103 265 1404 2543 4184 4951 43 3160 2349 784 1270 2250 3493 3203 3333 3107 53 1293 3425 3787 2404 4072 1933 3122 1267 3909 1373 1528 511 1888 3930 4484 4423 3861 4352 874 3011 4123 407 168 3205 2501 4303 4576 4276 4430 1071 3694 2902 3691
652 2241 2074 2807 4544 2670 302 456 799 2001 935 3463 548 4297 2725 4986 1290 4790 4832 4786 642 3903 1977 1095 4778 3685 546 1481 4310 907 3694 4172 4816 3297 2462 243 670 3320 4602 1464 3423 2281 2145 1000 3118 902 3017 1706 4157 4188 1691 3815 3229 1113 3028 3121 1111 2453 246 798 2084 3648 4639 2908 3739 33 3660 2750 1097 4079 4097 4591 3358 1527 1345 3448 1754 3064 3312 1667 388 3360 2647 1008 3343 583 2630 3011 644 1770 1774 4834 738 2543 4747 303 1704 1159 1384 4271 2967 2050 2975 3529 2898 2153 1897 4963 1442 450 2350 1557 962 4956 4751 3341 4247 2251 782 807 2338 4762 4139 1597 912 2774 859 29 3434 2499 340 118 131 3571 842 1695 4391 4026 2161 2948 257 586 389 3598 3656 4831 2725 1998 4948 3097 3935 106 2861 3724 4498 1951 2807 4906 4996 3635 4180 2799 4444 2266 476 1124 3321 2886 3586 4440 1655 4294 4358 628 4597 2225 3572 589 2915 4002 3171 3516 2529 1171 3247 2230 1402 318 4633 3955 379 3949 413 2379 3523 2243 3446 742 1865 2849
933 1725 2600 2246 512 2183 3261 1430 4729 452 449 652 277 3203 1687 4567 1434 4832 4561 3028 2774 1672 1082 3929 1617 2967 2055 2428 3597 957 2614 2159 3266 486 3085 4896 1671 1266 3455 1414 461 3116 4992 4980 1643 4415 1213 559 4554 61 1450 1285 3071 289 4306 4116 2313 3959 580 2084 4649 2655 3449 1256 4601 4511 2713 219 3176 4470 319 544 4250 488 875 90 4189 2982 2852 1613 3159 455 3353 4429 860 1754 2681 4615 3494 2495 2466 1497 2270 1101 4957 2186 4992 1911 3622 1889 4655 693 1310 2884 4630 42 3605 1836 4387 4990 1387 2859 2898 2290 299 4086 699 4635 2457 4514 1909 967 3459 3330 219 559 172 699 4668 3030 550 2226 2759 21 4674 2579 4732 4813 2478 2423 33 1885 1896 1837 218 1342 75 2801 4422 504 1641 3704 257 3730 942 1130 898 4313 2337 4445 3571 754 3733 3491 4753 3996 3917 4572 295 4578 4415 2455 538 4904 3213 2984 2493 1343 4570 3558 706 3055 2112 491 3667 822 70 403 549 3339 4943 3643 4126 2648 4618 3167 4492 197 312 3128
517 980 2555 3942 110 4776 4136 37 4867 284 3993 3899 1309 4905 1532 333 1337 4786 3028 2474 1366 4188 316 172 512 1900 870 4200 4806 507 2166 4529 4388 1888 4448 179 2569 4677 903 489 241 2297 175 1046 1392 3172 132 3669 972 2674 423 1902 2455 1762 1355 3450 4799 4443 2247 3323 3296 3820 1125 2706 366 982 242 3428 411 1327 374 3139 3217 496 3835 4735 2377 4240 4667 3084 1586 3939 296 1072 2888 3504 2790 3353 689 3162 273 1964 4641 2117 4052 2569 524 145 2759 2735 4330 3989 2983 209 3199 4824 1353 860 3040 1496 4603 3710 1331 1949 61 274 4300 2583 4179 2842 44 3949 1784 1299 4680 1219 149 875 2843 4551 3201 2670 4083 4224 242 4132 3211 2299 1136 3959 1566 1594 4244 471 2265 1253 4622 2401 4808 885 4671 808 2216 4185 4466 3923 2121 1437 746 851 2426 3163 329 3926 1949 4362 1883 590 2493 3619 3863 3505 4825 2166 1691 875 1877 4595 2200 697 4319 1963 1873 2127 4042 4573 1913 1570 4597 50 910 4495 4092 2465 2786 3178 2515 1528 349 2478
4589 642 696 2090 3034 2005 1564 1758 4752 1974 1439 2331 808 2233 4885 2417 433 642 2774 1366 2896 3191 4054 4276 3541 2717 3787 1433 3139 2249 1002 2830 3644 2490 2732 1151 4786 3557 731 481 4395 4052 2359 1641 2657 3663 3424 4319 4551 4206 3137 3458 2600 4402 3198 4993 3396 2445 759 4691 2716 2546 855 1065 2158 3204 4784 227 4008 3872 3542 784 3203 1436 869 2914 3224 793 1391 4865 1135 3202 2315 2317 3644 4465 4824 4760 2468 2117 1767 2476 2245 1724 479 2250 3904 4185 2443 3706 1144 2855 562 658 986 454 4586 2189 4111 3565 3329 2034 2555 4197 644 4399 480 1217 553 848 2798 4687 3328 2497 2356 675 4940 3300 1373 2685 1926 418 4148 2657 1727 1521 4938 1683 2464 3961 3318 4751 1754 3695 1454 2438 3953 1412 4460 32 3819 3362 209 476 4424 2093 1649 1402 1819 2022 4709 3892 167 128 1551 1552 4245 3068 3462 3508 1716 1215 4330 4488 360 3826 1799 4238 4924 4847 2217 3602 1683 333 2778 353 493 4925 1264 3144 1398 3188 4765 4603 3779 961 2508 302 2753 3173
2548 3493 4339 2914 1693 3309 4334 805 3558 2051 3346 3676 818 3309 4691 175 1018 3903 1672 4188 3191 4532 2470 3233 3193 3088 3431 4848 2307 2061 159 4161 3454 2758 614 3487 3327 1082 2952 2376 2687 3764 1281 2433 1728 2607 1280 3637 1770 3056 3832 315 3648 379 2018 1700 3176 2947 3581 1259 2085 4121 1540 4267 3045 3112 3952 517 476 1638 2478 4950 4402 141 2534 1596 1971 2676 3628 4784 3902 1875 4718 2549 4392 3911 3724 2776 4064 3400 31 1434 942 3398 3668 2742 2952 1282 2884 3753 850 1544 2170 3880 930 1191 1050 3177 3221 1806 4424 2227 637 238 2131 2481 1602 2918 3129 1249 1319 1878 726 3286 1736 981 747 4023 3461 3532 1079 2603 2618 658 3110 104 3970 958 99 2524 3983 429 4633 3953 655 2904 1681 815 2765 1408 2498 2892 42 1715 3518 4005 2377 4633 4958 2824 139 1835 2149 3401 4694 3136 3271 4629 1913 93 3230 4444 603 2013 4911 1110 1107 651 4103 2534 2921 1035 3535 4970 3804 332 1205 4303 3832 1497 4643 2950 1259 4570 857 299 1315 2751 2161 2234
4490 759 4584 468 3864 3372 2438 3011 2638 3571 3263 4206 894 3966 1660 4594 3609 1977 1082 316 4054 2470 1438 3220 724 4968 227 4617 4277 2700 4094 3161 4936 1483 1915 4130 630 3237 1896 476 143 2172 2557 1141 1365 243 2979 3235 2418 1169 1126 1623 1702 4007 2553 3959 564 790 1519 4810 2262 4759 2668 223 2155 1119 850 2729 205 60 4996 4669 1675 1755 3311 2002 2875 3510 1894 2769 2555 3625 3026 2368 646 1074 472 2401 4356 2413 3891 269 106 1115 2074 4372 3971 933 2528 1072 2102 4378 4524 1646 4125 3171 1068 173 4492 4368 4857 274 3526 2219 3645 324 3280 1982 385 1697 405 2481 2983 685 2419 40 3568 4901 2295 353 4273 4235 1586 1068 431 3103 3415 2233 4376 402 928 3623 676 2915 4005 2696 998 2498 423 3153 4658 4803 831 2465 4652 545 2310 575 2009 622 853 3042 1945 4172 4293 356 2848 3452 3938 708 4271 1681 1278 1761 4845 447 1762 1425 1437 4328 2985 1731 4261 4593 3972 623 1197 1877 2768 2589 406 3868 2657 1177 3850 1819 1695 2853 1102 1717
479 767 3914 1978 1692 4935 4476 1446 4561 2323 3321 2861 4617 4062 4021 2396 4705 1095 3929 172 4276 3233 3220 1207 2158 2086 4504 1836 2181 3985 1512 1307 4382 3024 28 3970 4638 752 3159 250 4091 3365 1028 545 868 4455 2066 1116 1067 1108 734 4569 2541 1616 2415 1931 3476 4266 3467 1098 3098 4121 4805 3036 4616 1195 1009 670 4369 1605 3423 3654 117 4373 4245 344 4162 4219 4309 99 2561 3745 577 3669 954 4724 3034 991 4183 1775 1091 4398 4068 4891 4048 4275 54 932 4467 797 3817 3746 831 666 816 3414 1313 2712 4926 2760 3359 2941 4464 3938 4902 3474 3166 1694 3091 594 4768 2445 2522 4265 3774 3319 4683 4692 789 1655 1425 2382 3063 1769 3768 2536 3525 3691 3884 4941 836 2660 1846 3865 192 360 861 3756 1427 1871 783 3297 4021 145 1366 4401 3745 1730 772 1887 4228 4936 189 3980 4899 3531 4693 832 2278 1634 1114 4000 4194 1850 126 201 1010 541 2875 3991 4486 1963 3323 458 4341 4837 3264 3323 10 259 4782 1461 2113 1210 3231 828 1243 2002 4469 2876
4567 4346 3587 2602 578 4783 969 4832 653 627 328 156 593 3983 4096 1716 1910 4778 1617 512 3541 3193 724 2158 2453 1065 3048 350 3530 2953 1183 925 1369 132 3331 652 134 2986 1051 3708 171 1131 2027 3053 3976 2076 2247 431 147 3024 4936 1811 3225 4143 4142 4508 857 3491 3846 967 3364 3414 2737 3583 3321 2059 624 1003 2757 696 4924 2412 3969 2462 2180 4383 1843 544 1516 3148 1248 2524 1373 4657 4440 4131 2294 2164 990 1961 887 260 1830 3400 1551 3990 1961 4952 1729 1108 2816 2357 742 3908 2388 747 2963 3952 3946 3221 4263 215 1773 3278 2205 4789 2742 2058 571 60 3548 1076 3148 4732 3726 4726 3721 4187 232 1019 1865 4205 261 394 4903 3342 920 4492 899 246 2674 4795 494 3249 3042 3788 1009 3181 1939 4116 3311 1886 2480 4274 572 4264 3843 1375 1903 2692 2201 426 4288 3767 2445 1668 2205 3293 768 1983 2063 4591 1730 459 108 3996 788 2037 2147 1670 1422 300 3675 3818 2327 4427 3458 3417 2440 3581 1879 1349 49 3028 2364 550 4257 4239 2238 2100
2956 3459 4751 1805 3882 2353 4052 256 889 4065 3661 1328 4293 2829 866 615 2777 3685 2967 1900 2717 3088 4968 2086 1065 3938 704 1081 4971 4776 3983 130 2829 2108 145 3133 4283 2830 4863 180 398 4979 4018 720 2312 2003 581 346 2987 3664 2704 1796 2329 317 1513 2085 4605 2882 4852 2419 3329 4133 4104 3227 4624 3400 4818 1828 2266 4168 1433 810 2028 2372 3994 2453 4329 3522 4680 4271 683 4756 880 2423 1161 4306 641 1816 1117 1451 281 212 85 3575 4667 1819 1320 4780 3932 672 37 1257 2287 986 3564 2278 2155 1305 2170 447 1200 4491 4731 1199 3483 2809 748 2647 3978 1069 3632 1623 3916 1822 1520 1112 3933 2564 2982 2751 2015 1483 502 60 3978 4197 1891 664 1204 906 1889 1242 3682 1596 1763 202 2386 3609 1404 1675 2149 2554 4431 4093 2076 4540 391 4385 1140 3793 2238 3576 3579 4565 3321 3680 2429 2941 3068 2206 1916 1403 212 4574 2286 2038 4006 2638 3379 4272 1165 3520 1708 1485 699 3767 3871 824 1061 230 4623 2599 2661 1867 4153 2357 3035 1124 2817 3301
4036 3104 3537 2989 36 3528 4866 3260 4828 4963 4106 1050 3940 2405 334 55 221 546 2055 870 3787 3431 227 4504 3048 704 714 3023 1443 1411 1814 333 3360 644 3283 4905 4606 2406 464 2568 2640 1288 4885 2767 924 4202 4962 2361 2773 3448 4009 1866 3703 471 4090 4346 1716 117 2241 4462 1641 1482 1029 3956 2948 3104 1286 1180 442 4945 1864 1114 1187 1618 2563 1702 2000 2193 4968 4350 1701 3666 1082 3797 578 3577 4529 502 1723 3227 3453 2205 4466 3745 465 3209 3909 177 430 3656 2658 3611 305 2860 1386 2158 4033 834 649 4906 2453 1601 3332 1440 4218 353 2238 1407 528 2274 3140 2914 3917 4153 2438 3143 1270 4810 3719 4031 970 1603 1860 2071 1050 3869 3144 2782 2224 1203 4236 93 2599 4100 2765 1855 177 1784 3061 1835 1404 1853 1994 3506 2452 4757 1650 3354 2733 3811 2223 1652 720 142 2712 2076 3247 1703 3330 806 644 2216 2646 1180 3890 2292 3997 4036 3455 3022 986 4228 947 3394 1464 3990 751 3704 3155 1592 2597 1467 3154 1931 4827 3260 977 4399 1316 4623
2759 2812 467 2163 3207 2741 3170 1315 778 2079 4375 2541 1960 1440 718 85 3012 1481 2428 4200 1433 4848 4617 1836 350 1081 3023 3128 2407 2246 2138 4024 1940 2580 1719 1720 4988 4468 1224 3615 4449 4067 3047 4492 1072 4603 160 1182 4841 2338 3590 4675 3228 452 3597 2653 719 4259 4270 2118 1244 514 2208 2826 1126 746 3295 4407 2298 4746 4708 647 4904 4163 3114 3105 2555 4672 3098 819 4446 4991 3052 2057 2850 4142 4978 2530 1811 4922 1214 1604 1086 639 3081 3180 2495 1572 259 1979 3820 3025 3315 1878 3926 1260 3513 116 3230 3376 3066 116 3596 1813 3511 206 4999 1746 3173 1262 4473 196 3745 1775 507 3200 2647 3206 3237 4077 3192 1128 873 3599 2004 1077 3480 2699 919 311 1320 3521 3847 2192 3814 2455 4626 2337 1777 2617 3763 2647 955 767 4192 3388 4828 593 2347 977 2075 76 1616 904 868 1282 2615 3436 1029 3383 1899 227 4698 519 1403 4245 750 4911 4796 4971 2969 3783 2914 2857 120 981 3441 2967 2282 3587 4922 1763 4923 4173 2021 4172 2321 2607 1328 3964
2028 1773 1353 83 4016 1416 2097 3980 4980 2443 1119 1108 2678 1244 2715 4967 1248 4310 3597 4806 3139 2307 4277 2181 3530 4971 1443 2407 997 3849 1787 4649 2035 330 206 3434 2953 595 721 4275 580 635 162 4427 1514 1535 385 2733 1957 3242 1218 2193 2738 3405 1840 4743 3892 223 1794 638 1709 1180 4319 1323 757 3317 3628 4840 584 3366 709 4810 1757 3739 1016 3441 934 3285 429 3040 3623 2011 980 1368 2385 4093 353 3605 3761 1644 1419 1450 4509 3321 3943 962 1396 1492 1962 211 4995 3852 4182 663 3307 1000 3272 3366 4124 3747 3061 3496 4331 2798 1897 3683 4022 3686 3321 2355 424 2432 3462 4991 3504 786 771 3408 2243 2902 4778 2554 994 4872 4025 3540 2617 560 4675 2481 281 514 4755 1549 1466 1101 4642 4343 1687 3416 2686 1370 1703 3162 3248 4086 753 897 3575 4186 1548 3551 3788 4375 2999 3780 1071 3795 1319 3796 3937 3642 3749 4365 3991 281 769 743 4012 2488 2418 811 4438 371 358 4719 2736 4823 4646 2596 188 195 3018 83 2045 4833 729 3499 520 3585
4986 3846 2938 633 2363 4543 4940 2832 2390 3273 1039 148 1435 3805 2296 3449 1842 907 957 507 2249 2061 2700 3985 2953 4776 1411 2246 3849 1562 305 3034 3050 4944 4463 2248 344 4245 2233 1770 4077 3881 1348 2666 3258 1012 1035 3271 3820 3652 869 4957 3932 4698 468 4527 3943 2585 1354 1930 2175 3102 1142 1026 2074 3547 3782 309 3399 3134 782 2762 1189 282 3746 2901 595 4336 1547 2223 1133 636 1326 542 3120 3370 2490 907 3157 4040 4499 3471 2953 134 4206 2644 4951 2928 241 2570 243 991 4056 3507 3585 752 458 1755 3259 2916 3191 2266 1215 1310 941 3449 4841 978 4009 4132 275 2308 2096 4162 4805 4917 1013 4661 4131 675 2300 1473 3600 747 665 2570 1323 2141 4191 4376 3768 906 411 260 463 3165 2724 1434 201 3942 487 1477 2571 1133 4322 544 1930 669 3877 1165 4938 64 864 382 1013 2283 2057 2538 2119 1453 1697 57 1323 2686 4563 801 2024 4308 4815 3910 3677 4142 725 1837 31 1502 402 1395 1261 2616 4320 1070 1208 425 283 1007 1638 3528 1203 4917
2808 745 1166 818 3512 1268 3610 4810 1628 3611 1698 1105 249 3213 3991 1000 2497 3694 2614 2166 1002 159 4094 1512 1183 3983 1814 2138 1787 305 1500 3675 4377 1684 2193 4915 243 3438 3040 4978 3713 1031 1842 2333 3510 339 995 3447 2354 609 1190 2592 2795 415 1702 4319 4376 1684 3054 2163 1120 1475 1046 4133 589 3999 2541 1723 4644 4930 1905 1368 1568 164 1969 4546 4896 2944 3830 1601 4363 1441 2009 4274 1459 2121 3562 2403 1194 1296 3471 297 1515 3749 2757 3548 3668 3714 637 1362 779 2162 3439 2914 2722 4285 1764 3309 4722 1069 3140 148 3238 995 2913 4967 3909 2428 1149 2447 704 3393 4973 299 528 744 3634 382 1685 3153 1853 1180 155 1462 984 2928 4760 3852 533 3211 3077 2323 4998 1565 2300 225 1661 520 4236 4658 143 2961 3945 3195 2841 2571 3065 1944 4758 2747 2286 3164 1390 4031 2331 996 159 2499 868 158 4041 1590 3848 155 2869 4782 3890 2248 2304 1293 4634 79 3809 4868 2275 976 4064 385 2058 4744 2592 2471 3132 1358 4420 1364 3490 4838 4467 3210
135 2386 371 2885 4941 3574 805 2852 534 4283 101 1483 3556 1150 1728 4885 3410 4172 2159 4529 2830 4161 3161 1307 925 130 333 4024 4649 3034 3675 901 1075 4165 1348 3238 2993 3815 1196 1758 1193 371 2760 4583 1215 2428 3779 2588 2104 3830 1246 3652 2713 4661 644 397 3192 581 3576 1327 2226 2267 2490 3379 228 2877 899 1844 286 2761 1882 612 4388 1322 4263 926 3630 3739 1503 1578 3427 2466 3503 4333 982 2745 778 2926 3590 2610 3382 73 4634 3390 3153 2401 2867 3439 4398 884 4507 483 4672 937 4516 288 427 919 1411 3507 4123 4435 3973 1236 1699 2849 2432 104 2504 4745 941 2949 4749 3870 1607 4519 4052 447 1795 1559 1981 4897 2577 480 3152 2903 4739 4978 4789 4611 4424 4537 976 59 4925 2294 658 3568 2318 1100 2797 1741 680 4257 735 3013 3259 111 3353 3416 2358 1379 4315 3767 2054 2872 4120 932 1221 1001 1873 4969 948 626 4105 416 1704 3641 441 3607 105 4349 3017 4176 1123 772 1024 4483 367 4088 242 1267 4145 3369 1690 1407 2733 4176 4188 1890
3463 179 2432 3322 1184 2973 4422 342 2390 3237 1750 1598 339 1608 3175 3339 3244 4816 3266 4388 3644 3454 4936 4382 1369 2829 3360 1940 2035 3050 4377 1075 2903 2901 1476 271 4156 3797 658 4333 4622 2394 403 861 1307 3395 90 1905 3965 3283 2869 1651 1389 937 4647 832 3128 130 743 600 3922 1406 2426 4350 3528 884 4595 2114 1015 2393 716 2730 4616 1204 421 4957 1309 1889 2069 1113 1055 4344 3947 4175 3716 3718 3426 4944 301 1243 3541 4003 2667 4291 4270 1891 1068 1358 3740 875 1541 2824 3232 4191 3850 1262 4168 4135 319 4550 1816 1839 3649 3591 2205 1251 2420 2757 4177 2819 3667 3388 2548 1789 143 4813 4697 1247 3031 3383 3701 2799 1553 3921 2991 2161 3895 4482 4721 3447 365 2217 3681 2576 2961 683 638 1157 3194 3014 2175 4310 2274 2144 664 1293 4538 1389 4399 3204 1570 827 1466 3108 2431 4812 4437 4938 2498 1925 4259 635 2058 512 2807 3647 4192 1060 444 3257 2483 3362 3601 3578 3737 358 2169 3761 4074 2181 2181 756 3213 3946 2734 2914 3571 4893 666 768
1227 202 4696 3359 916 4554 173 3552 300 281 2704 2554 2551 3034 960 4435 4455 3297 486 1888 2490 2758 1483 3024 132 2108 644 2580 330 4944 1684 4165 2901 4375 2739 3037 458 4436 1877 3366 4220 3758 1920 4891 3642 3106 3926 2415 1143 2331 4926 3591 3656 2464 3118 1828 3488 2017 2434 3455 931 4950 4805 3873 4262 3046 4911 3151 335 129 2409 2891 3593 4587 478 1978 726 2826 2243 829 3621 2034 854 3333 1507 2388 4568 4867 2482 1746 3879 2946 2309 2072 2038 1923 4510 2885 2081 722 3558 4475 3667 3747 4702 785 1654 3290 1234 1286 2840 2543 846 2919 4185 898 2699 1855 2317 1994 2207 1739 707 3692 781 1063 1660 739 2999 527 1447 1128 4240 1137 2846 3164 1003 3033 4716 4651 467 1814 52 2992 3491 2049 379 3948 4318 4087 88 2925 4364 306 1242 2722 1126 4612 4378 4316 4072 4054 4474 4183 1849 1888 2479 1496 4848 1543 4926 1666 1640 671 3453 2029 3820 169 1020 4316 2436 1654 4112 3176 330 1463 3847 4254 4271 3720 428 1253 1416 622 3408 3950 3491 1006 4314 798
4683 4208 91 1090 4554 907 124 4476 474 1990 3108 3728 1322 617 4113 1067 3170 2462 3085 4448 2732 614 1915 28 3331 145 3283 1719 206 4463 2193 1348 1476 2739 3635 3430 4521 300 663 1564 2052 4055 675 4410 2995 39 3499 1199 228 3612 979 2177 2228 2861 3402 3739 1378 2444 4494 3363 1798 157 2474 2646 1983 4779 1327 1497 3537 3036 914 3079 2950 1485 4843 4665 4687 4035 2843 185 4265 1041 2440 772 854 2737 2105 4658 622 3228 2860 2544 4819 3088 4659 4542 144 4754 404 3490 4374 3835 219 4430 4191 3615 641 3064 1408 985 1876 2939 2416 1872 4542 2614 2157 2462 4093 4389 2236 3542 1351 176 3042 1501 3519 1918 3315 2375 430 2417 2745 4551 4295 1322 3163 2225 4638 3874 1532 1427 1648 435 2583 3709 4789 3304 4052 444 1272 3252 2190 2619 3734 1490 2009 4933 3534 1168 4162 1715 3371 1714 1029 2938 1000 4418 4250 2734 1677 867 3884 1674 2368 3814 3087 1489 588 2303 2949 419 2000 4233 2413 1181 1897 3189 1048 3098 4517 3409 2347 1853 3179 43 4233 98 1770 3160
3108 704 3017 2827 3138 3314 2512 1799 534 17 3039 4555 831 4168 4435 4224 2529 243 4896 179 1151 3487 4130 3970 652 3133 4905 1720 3434 2248 4915 3238 271 3037 3430 1676 1209 212 3488 3363 765 73 2654 1503 2640 246 3181 1029 3470 4326 3111 4880 3958 2938 1959 415 4617 4936 4285 413 3978 2322 4646 1949 4702 3548 4879 361 3398 3978 2862 1761 1682 4632 3691 2708 305 1827 1357 1981 1695 1498 1797 4983 4769 2363 510 4812 785 3601 1694 4505 2207 3687 682 4599 2437 4756 268 1476 4904 1228 2763 3470 3867 1216 1031 3713 1057 3993 3590 2758 4938 3931 2273 1051 1108 3259 4776 2355 3097 4061 2284 4628 4605 2319 2070 3817 4940 1970 2907 1577 4170 4580 2511 1121 4355 4647 2614 4730 3875 2620 4210 717 786 2272 902 3783 174 2491 4020 2931 4749 732 264 1060 390 1428 707 1714 4972 3301 3906 1999 1644 2153 3647 2090 4316 3787 4218 2215 2833 2178 4650 340 2981 1203 2732 136 1324 3460 2217 1860 327 3276 3981 4480 4150 1664 3950 1495 1636 4601 2908 248 4291 780 279 31
4592 860 1954 3104 2184 4246 4642 4238 1118 3578 2417 3564 2601 2363 940 720 783 670 1671 2569 4786 3327 630 4638 134 4283 4606 4988 2953 344 243 2993 4156 458 4521 1209 2837 3678 4282 1235 1890 3302 2727 1812 443 4193 4527 150 3199 1234 4528 3027 4209 3049 508 3689 2380 4317 4077 3572 271 30 720 46 4646 1855 3921 3912 397 1143 1983 2606 2539 3249 650 3014 4107 3660 337 416 413 3606 368 665 1819 2540 3681 1695 37 4228 4160 4661 3360 4186 3747 3776 1754 1146 82 4841 1988 3260 804 1411 50 4847 2670 645 3741 2509 4907 240 2111 1153 2774 742 4211 2343 1939 2978 3470 178 2164 2879 3033 315 803 1360 3659 3283 4034 1634 634 2926 766 2066 2328 4101 4310 279 4743 4710 1339 2022 918 4805 2622 4268 4758 1623 2028 695 4532 1451 4020 3508 2585 4063 3183 3435 4891 2566 4247 521 280 1650 3060 123 486 679 1294 4270 1764 2043 759 2187 1577 2201 265 898 3749 589 1033 1888 1672 4662 1732 2144 3233 371 3668 2673 1651 2861 1019 2980 1239 2920 4480 2169
3878 4437 1553 3019 2336 2553 4464 4236 4516 1646 140 601 3044 2186 668 3478 4008 3320 1266 4677 3557 1082 3237 752 2986 2830 2406 4468 595 4245 3438 3815 3797 4436 300 212 3678 2126 165 3197 1358 1444 2109 345 1525 3576 1400 3185 4073 2535 2511 3290 2654 3398 1355 1093 601 3756 713 3552 1567 196 3795 902 424 97 2962 702 1252 531 4876 1360 1383 4778 1475 4737 10 2274 3483 2364 2826 2524 2122 2529 1018 2920 3905 2168 3475 3344 4887 4798 1953 703 4746 3104 2703 1663 3714 1116 4126 727 4842 2219 4489 4022 3420 524 639 1389 3542 2621 4777 2521 2241 3607 2751 3615 4216 1582 362 3145 4781 1677 2992 618 3781 3042 2025 4230 4026 1878 2385 55 1831 3371 2079 4785 556 3410 4579 797 4997 179 3532 4520 2215 2770 2168 4542 4215 4358 2858 4598 3639 535 3182 3286 685 4559 2367 576 2327 4427 4851 2618 4205 2948 2267 2338 1901 2481 2217 3905 1613 3113 4631 2958 4556 1076 461 1540 965 1191 1974 2664 203 3953 2250 567 3154 4258 960 3206 4694 687 247 1395 4332 4586
2291 622 1710 1386 4457 4818 1234 3271 3966 2794 934 3974 3511 4120 4778 476 3666 4602 3455 903 731 2952 1896 3159 1051 4863 464 1224 721 2233 3040 1196 658 1877 663 3488 4282 165 3544 2373 3010 468 528 1101 3661 3290 4252 3723 4361 4496 4597 1635 2155 985 3144 3065 3704 346 661 1733 2324 3339 4090 4454 934 3854 3934 2178 3141 2741 1515 4688 4948 4648 147 454 4462 1928 2005 3464 3014 3401 4684 2081 3802 4997 2343 2707 2776 4043 3229 2925 4860 3393 1652 3686 106 1406 4970 265 1529 2090 682 3225 402 872 2650 1124 4675 4971 3602 2301 3484 271 1610 1418 810 4537 1374 3333 3936 1019 1944 2225 2356 4064 2610 845 4870 2718 2573 3708 1456 730 2762 397 1111 1530 852 527 963 3313 2918 4553 2339 3737 3608 1889 3011 3666 3449 143 4536 3252 3094 4605 2810 1155 4625 2591 860 660 1155 4698 4383 2857 1545 3156 756 3568 1835 209 2909 1103 2230 2002 2901 2554 2426 1579 3342 4605 2938 4116 2632 3824 4584 1199 2792 1269 4958 836 957 3358 4856 2689 4649 4546 4839 3435
2212 4420 990 489 2247 891 2283 2994 145 3271 2264 156 1153 829 3082 1494 1556 1464 1414 489 481 2376 476 250 3708 180 2568 3615 4275 1770 4978 1758 4333 3366 1564 3363 1235 3197 2373 4266 2284 1331 4507 100 4646 3232 2096 1843 4438 3004 48 3061 2292 1766 2509 2495 1898 163 4809 1070 2741 3060 995 1627 2169 3308 4981 1591 4570 4785 3423 2594 3561 2912 3264 3583 1231 1775 4501 3868 4475 1505 2949 296 4283 3535 2445 2059 2458 1401 1833 3302 957 4562 590 4756 1434 3482 4496 4668 2744 99 1942 3531 4499 2766 2603 3991 4235 3017 2533 2330 3674 1734 1019 2475 1486 1422 555 2864 3535 62 315 1831 61 3200 3429 1278 891 713 2105 439 1459 437 2704 3482 4294 3720 2933 2880 78 619 3500 3488 2888 2499 1497 1336 1413 949 4698 2996 2660 3817 722 4448 2239 2294 1003 11 1573 418 4824 4739 2959 353 4359 226 1418 4114 1252 4028 3569 885 3711 3942 2457 3756 814 2521 1355 2862 3442 1436 490 2547 288 4450 1787 3826 879 708 739 1194 4274 4988 4562 2786 4977 3019
