N: 200
M: 20
Symmetric: true
Triangle: false
9 8 44 107 45 85 139 90 11 55
8 177 174 132 58 21 120 32 190
10 6 112 84 100 182 155 15 161 56 131
8 52 111 186 156 133 70 39 33
6 125 157 184 24 173 31
11 169 94 79 46 36 151 61 113 48 12 176
9 160 69 13 98 119 121 74 104 138
10 73 193 91 144 93 35 145 200 180 181
6 17 158 166 43 30 153
11 59 28 197 67 129 51 167 97 5 150 149
12 192 123 142 47 26 108 92 162 99 29 175 77
4 164 191 23 116
13 10 64 18 134 57 66 86 198 22 78 75 82 95
10 136 2 105 172 41 42 178 81 25 168
6 27 141 165 4 124 147
15 19 148 38 128 88 3 146 101 83 183 195 40 60 154 49
17 115 102 196 71 72 127 80 63 106 109 50 54 16 189 194 143 152
11 9 118 199 53 117 20 185 68 1 170 126
13 89 135 62 14 103 87 179 137 188 171 96 37 130
11 163 76 110 34 65 7 114 122 140 187 159
3777 143 1723 2812 3796 493 2179 3502 3137 1579 464 4855 2234 3189 1682 3559 3560 2451 67 589 1257 4257 3435 4358 4577 2432 2378 4863 2859 216 635 3713 3195 714 2940 2746 636 4227 2837 244 352 3674 2224 4860 1012 846 3045 991 1587 4804 2837 3083 4925 4512 3913 1757 4608 4009 2998 599 1843 1090 3611 752 3582 4239 3460 4194 1519 2225 2335 1647 2607 2515 3025 3827 586 2278 4594 3233 1556 1205 568 2347 2122 4738 4373 4490 1800 3284 4302 2154 2650 2974 442 2595 3394 2987 1105 1429 1493 4178 1807 4241 1765 4842 561 3240 104 4211 3518 2202 3145 2372 3009 352 2154 89 758 3866 4543 1175 2194 3511 321 3910 2083 4714 4647 3555 2490 4439 1575 2127 217 1128 1381 4491 4773 3440 2837 438 1540 118 2359 3986 320 1092 790 3723 619 3644 4511 2158 3985 431 247 2190 2005 169 3774 3247 4559 3873 626 4896 1942 1675 1935 2561 2672 3180 1976 1683 2524 3384 1300 3566 2989 701 1923 1717 3271 4540 1915 3196 1567 2763 4128 4690 4649 2108 2979 618 2971 252 3661 3748 4340 3557
143 4610 2137 3626 4770 168 4735 3784 3927 2959 610 174 1910 1625 4905 1462 4362 3190 2169 2793 1818 3752 3761 2655 646 1506 2730 1635 1082 3897 4562 4746 1690 4898 4328 470 4383 421 2625 3861 1557 1777 1939 405 4329 2493 285 728 1254 2252 38 1383 4612 3749 3836 2921 255 3237 2075 2820 774 2454 1554 833 4159 1434 740 404 51 1421 896 4769 2215 1728 4017 3709 4441 766 4458 2949 2444 2848 1102 93 4634 302 1066 862 3247 1623 1598 1243 708 2223 1969 3177 172 411 2006 4089 2258 898 87 2826 1175 3088 2257 4643 1385 2066 4254 1294 60 1838 1272 322 1547 3080 4636 2575 1624 664 4740 4758 834 1790 4760 2296 81 1341 1709 2153 4735 3991 222 326 3527 309 4299 1409 4114 3916 4651 4740 2654 3020 2102 3041 2979 1995 1716 3642 1399 3070 693 1821 1452 4219 3337 2197 1972 37 2883 626 1552 1431 1690 546 3791 1393 1935 4010 2930 2829 1018 1387 4508 4140 3182 4198 3624 4596 1584 1011 3099 3372 1299 4977 795 2266 2237 2947 4227 4122 4372 2793 169 2012 4796 117
1723 2137 1475 3274 4586 4969 1083 1541 1486 273 4177 2293 4720 596 117 4194 48 4821 1855 2175 977 2676 4802 3190 3653 1002 806 2016 2820 4365 4988 4711 202 2032 4230 4866 1287 4133 417 795 3502 1424 2978 440 1742 1425 3811 4570 430 3059 3180 3453 246 1862 1993 3576 4357 1379 2859 1074 3512 137 1317 669 1518 2802 2252 1968 2159 4867 2090 692 3443 4450 3493 4334 646 3013 3267 3038 2129 2208 3338 1621 3995 4292 3669 4157 4356 1968 545 1674 3524 589 2643 2971 1551 3186 4490 2240 4072 3827 177 1310 4249 2213 4612 802 3605 1131 2751 4838 1582 1054 3170 3823 2173 1096 637 2736 2211 998 4190 2255 1674 3863 2187 2698 651 3825 483 2784 882 2972 1193 3525 2220 1641 3803 1986 977 4199 110 3645 1774 2409 3527 581 1265 1345 4547 2467 2450 1790 2787 3721 1389 4364 1091 4335 1502 3283 1673 4947 3251 4623 2417 823 3254 4639 146 126 4275 2361 1992 1130 4038 2893 1972 1708 1673 2083 4381 1168 1259 2444 3659 4701 1413 361 1998 2654 4726 4330 169 4903 4520 3519 672 4425
2812 3626 3274 1495 3047 3529 1460 3060 2895 2462 3982 2000 2225 1168 3378 2491 1912 210 3506 2766 11 4633 1924 2285 1456 1275 4811 3720 3495 58 2109 688 4000 801 2590 2757 625 2955 4186 2257 3686 1584 3507 4663 727 4986 3467 1559 411 3294 2878 4335 1176 2200 3005 1682 2873 2210 4725 2662 2729 2048 24 2610 3908 2165 4815 2508 1635 4959 1809 3152 141 1801 3841 299 2506 1093 245 3756 4449 3554 440 78 1258 3305 1538 4437 1062 4967 4079 3328 3800 884 267 4307 4087 2168 2773 431 3607 3374 459 2409 670 4368 2747 3538 1272 2871 2940 1971 4593 4264 3901 4875 266 326 123 1347 2432 1477 3046 2777 3249 1678 4070 4292 2363 1637 1460 64 1704 766 1563 484 4728 3824 4761 4952 3641 217 936 3954 4543 4136 4008 4253 993 2412 2965 3364 2454 3980 2058 920 203 2937 3014 1948 2421 1192 3945 2707 4495 2858 299 2009 2680 145 3688 4002 4820 2186 2800 282 2822 4471 4840 4994 75 369 744 4412 4658 4979 815 3260 4244 4284 3492 2748 334 1463 4825 4324 2725 1753 233 2463
3796 4770 4586 3047 484 675 2354 1269 958 500 2485 444 2426 1883 2869 3703 3486 403 3985 3655 1388 608 4161 2114 4602 4200 1166 1484 4050 628 4732 2180 1919 2297 4406 1065 922 4580 4298 1697 2162 2375 4784 857 3642 4890 114 818 2109 1143 4463 1619 3120 315 722 2503 4078 105 474 2246 487 4995 4721 2565 636 2046 4902 3174 2469 4698 3945 3944 4455 1317 3217 4033 1028 4277 1093 4037 3349 1402 1177 301 2055 854 774 3786 2308 2304 3198 2988 1697 1785 327 2604 3227 1493 879 1336 166 2348 3955 264 2929 2790 1982 3127 3492 4263 1951 4071 1911 2418 2918 859 1404 4735 1336 865 2784 4454 3644 90 1768 4666 671 667 4088 573 875 1418 1210 2082 2943 1619 2792 4922 2115 435 1471 4119 3863 1959 1762 1426 1404 3008 2205 3842 2890 2241 2419 2050 3563 1777 3693 1269 4031 1369 3479 1103 3107 1680 4492 2945 2049 1837 957 2957 1190 1877 2531 3039 4840 4526 1318 2505 2282 94 2966 4051 3669 3492 4106 126 1497 4250 1729 3727 3088 1648 1879 1358 2333 4948 4460 2283 865 424
493 168 4969 3529 675 229 1669 1246 4904 3919 1977 4893 1976 3978 4901 1572 2231 2725 4495 786 3145 3510 1485 1356 2052 3370 2668 3191 4375 610 996 3480 4366 1875 1204 2857 1621 149 2074 2791 4239 3065 2874 916 989 3451 3518 3315 696 480 2712 2556 4877 310 960 716 772 2465 3427 482 2999 1265 2663 2895 1054 837 1422 2169 4740 4881 725 1434 1752 4588 4410 3460 2160 648 3174 2009 2983 193 1211 4934 110 1640 550 2429 2781 3957 2887 4361 1403 4563 495 2593 693 93 4279 3525 4531 3800 130 531 4423 1436 4763 2684 4752 2541 2592 4556 4384 3275 4262 3495 1072 4532 1590 4474 2125 2255 721 2795 3340 1832 2298 243 4035 4523 4848 2241 3923 1613 737 4968 4737 3742 4826 3201 1640 2497 1034 2035 510 4434 3130 4513 3527 2978 1662 2480 2739 1020 613 3158 4622 1168 2595 1809 1378 1813 4679 471 3751 2490 4499 4283 4976 241 3306 2186 4243 1432 2275 1058 4932 78 2798 593 2584 3842 2703 1363 4420 3604 244 4840 373 3179 4865 468 3862 4555 374 4539 3141 1925 606 3249
2179 4735 1083 1460 2354 1669 250 4252 195 2353 1673 2618 535 588 135 3268 1268 1531 3564 1420 2547 1916 3154 702 4556 1153 2738 4092 3360 1933 4908 3684 2736 2587 4375 680 3351 4140 3770 3335 840 2439 3815 1792 2326 4300 4864 130 309 4900 1803 3402 4102 4049 310 4064 440 1669 3973 2275 3098 4068 4353 4675 376 1251 1682 2808 1762 2748 1432 1801 4631 314 3577 747 535 4187 1816 4022 2117 788 4469 977 2744 918 4071 156 562 400 941 1946 840 2515 316 4268 1909 1830 1195 682 2492 4591 76 3522 1283 1209 3280 4173 1682 46 2621 3469 4080 1855 2387 386 4489 4073 4896 1217 2464 4222 4086 493 1194 1604 2430 2799 3835 1492 2019 942 1047 844 3299 2370 4618 67 851 4294 911 1391 2824 622 3360 4769 4567 4117 3642 3094 3698 2390 3785 265 1413 3792 913 4717 2307 4684 846 1556 4684 4936 2880 1635 25 3653 234 676 3725 834 1941 4347 2793 3031 3826 3849 384 749 1845 4633 2164 4337 542 4459 3855 722 3821 1594 942 1056 4342 2471 612 3288 4068 2803 3312 2338
3502 3784 1541 3060 1269 1246 4252 3337 1275 3529 2788 3109 4342 1492 744 2790 228 4981 1026 4530 1406 3433 4967 3097 1188 542 2304 460 2179 340 4270 2683 44 2724 1334 1153 2145 4372 3210 2815 2765 3229 3287 4437 4299 3087 2438 2922 4351 4731 510 3203 3317 4367 2243 1506 4226 3356 2707 2312 2359 1267 4747 1006 2293 1802 138 2324 2834 425 3748 4187 3701 1645 285 4867 3255 947 3669 963 3341 3929 2198 2274 1729 2222 4932 4365 1845 4231 2038 2481 896 3185 4364 4178 3078 4267 3100 895 746 2747 4785 2002 2533 585 4381 630 3247 3398 239 2991 3749 2944 1017 3964 3211 4979 4357 3419 737 1953 2050 3209 1774 1835 1136 3832 2484 1326 157 1715 3836 3609 3384 1716 4769 1476 1630 4314 925 4858 506 4613 579 1603 4502 1068 2550 1000 4789 1639 3803 1376 555 4283 543 2879 2971 3121 4417 514 311 518 3755 926 3135 3150 2344 1019 66 2856 1191 3412 4011 1935 3012 2542 2293 3678 4483 1872 2255 683 3194 922 1285 2647 2341 699 3089 2156 81 1285 2354 205 4240 1612 646 4305
3137 3927 1486 2895 958 4904 195 1275 4895 4982 1210 2655 4063 3125 4930 4587 1826 2539 2219 4678 913 368 4105 3273 2901 1807 4195 4689 2882 3112 2663 3346 1324 3777 4923 3824 4966 232 2604 1512 2139 400 1820 1825 847 3750 2271 28 3553 2650 1023 3769 4477 3057 847 2128 4935 3351 4259 71 3348 4844 1853 745 4943 4396 4048 454 174 828 2970 2755 3585 893 4970 4745 3924 750 4599 3047 2383 2293 1029 4689 1528 1273 1494 2475 4368 3784 1465 4492 4844 2705 4473 1483 3531 3060 1678 2921 1953 620 1184 1223 1929 4504 1340 4115 3464 3945 3494 398 4894 2852 2540 4753 2957 2228 3966 1872 294 4722 2569 3487 4643 2870 2415 4870 2403 3144 436 2698 3876 714 2832 1893 118 3435 1841 250 4573 932 4710 3741 2859 1510 1718 2044 339 1787 1657 1529 2809 2956 449 2138 900 3893 2778 2366 371 1356 3816 3184 4988 1058 4577 4095 4630 1859 3324 3654 371 3613 2979 231 3045 154 1395 2058 4119 2037 4798 2651 2252 3355 3980 3647 3582 1656 3047 4785 626 3554 98 3764 2540 2370 814 3797
1579 2959 273 2462 500 3919 2353 3529 4982 2164 2552 2171 535 799 1101 2143 4756 4141 1089 1661 3625 1626 613 3371 1408 454 4957 1716 3767 863 2930 767 3012 1632 2996 340 2742 2050 3689 4565 2206 4545 4035 2722 3841 3407 259 4575 4941 3310 948 1965 4274 2759 2584 3449 2206 4939 4430 2543 4160 4236 1768 4600 1896 1878 485 4074 4285 4198 3748 2862 3280 3961 421 1701 3876 1436 4978 4689 782 760 4142 2860 806 2552 2560 2559 527 3152 2425 956 557 3842 2802 864 4355 353 838 1991 1495 4525 2846 3582 406 2369 4766 479 1124 27 615 2284 238 1408 892 201 3168 4220 3834 3301 4202 4526 160 3833 180 3109 4226 2342 4169 4642 3015 2774 2689 4584 2496 2298 2976 2687 3440 2362 2405 4998 1719 4834 3993 4402 3382 4834 342 887 326 1896 496 3051 1871 2509 3950 116 1723 3643 1825 3565 3693 4357 2785 770 438 3628 1129 4935 1581 3897 507 3600 4533 203 3579 51 3834 2858 4282 3489 2123 4013 3901 3024 3428 4799 1914 4399 4898 4119 1495 299 1644 4230 3618 2122 4092 141
464 610 4177 3982 2485 1977 1673 2788 1210 2552 4134 3023 2589 427 3557 3093 1106 3786 2280 245 1796 1409 2084 2046 3299 3973 3085 1550 389 4142 3567 2633 121 3519 4419 2602 4522 2435 793 4741 3571 4582 4478 1388 865 2909 1015 904 3923 333 1360 3456 765 3976 752 1903 3390 3094 668 406 3162 3587 3342 3124 2817 2538 4237 1436 748 4307 3255 1126 4192 932 4414 620 1294 2582 3430 2790 2728 208 4758 1760 4053 1433 1830 378 4025 4715 4373 4209 4010 4032 2562 938 4040 4800 3730 4364 3447 4153 2616 3641 3645 1230 1499 15 3762 825 283 183 1307 4177 2197 3673 450 123 794 778 3812 4147 2717 1670 2839 4277 4889 4269 291 926 4591 4751 804 3016 4641 3463 1138 193 2266 2098 3028 4390 3143 2607 3852 2123 1302 1247 4109 2169 316 4937 3911 1162 477 3171 306 4862 1405 2048 3630 268 276 244 2769 4376 3000 3162 4253 1135 2629 2568 2460 1689 4423 4301 3557 2611 1701 1973 3301 2168 490 156 1325 526 1558 3107 218 1557 2221 3494 4240 3544 1878 3587 595 3538 3884 1786
4855 174 2293 2000 444 4893 2618 3109 2655 2171 3023 3534 3404 2654 304 4830 257 2128 4065 3065 4388 2893 628 4324 383 1084 2332 1655 3046 3280 3402 812 2395 1211 559 503 2269 2271 4877 3711 4203 1438 3717 224 356 1486 1867 4501 24 3805 3197 1779 3117 1940 4625 3769 4726 1913 1165 533 4292 541 4771 2020 2766 2734 2546 4909 3878 156 2984 1690 3274 3428 4572 3028 668 4182 656 2768 643 4757 1492 3841 452 1221 2621 601 2172 1730 3801 3860 487 2748 2662 2558 1479 1011 2273 1299 4346 4450 960 2555 1936 1958 991 838 1996 3592 767 1003 133 3158 1822 4715 4247 870 3155 4945 1612 4051 316 1661 2009 509 1200 1327 1908 3070 2224 1997 4415 4888 1722 1468 3962 2761 3001 259 1974 3759 3037 1137 4260 2219 4698 2276 3644 3491 1654 4268 667 3053 868 2748 2103 4083 4233 2452 2350 1324 3525 3652 793 530 1546 2443 35 15 4820 4104 2122 4018 2820 83 335 3598 3676 2931 1708 3362 944 4412 2477 768 3182 3822 1809 4770 2361 1133 458 1670 1538 3973 3027 4191 4732 3662
2234 1910 4720 2225 2426 1976 535 4342 4063 535 2589 3404 2946 248 1943 924 4106 4120 2955 284 2240 3246 805 2216 190 4077 3927 3411 3076 2177 3555 3129 2091 649 1721 2968 4255 3227 756 4801 2736 3367 4083 436 4828 4486 3266 2086 2573 978 2222 2137 2211 3617 1437 4246 2090 649 881 298 2653 722 1546 76 2183 1368 1760 4660 2322 739 1307 1058 2333 3834 4765 2709 2659 639 3581 1797 4068 1862 1935 2778 1814 1070 2592 1945 4427 1027 2602 4109 798 1619 2825 4824 2007 4147 3524 3412 4815 3080 2117 4196 4494 4952 2568 2403 3026 2060 4663 4241 2701 51 2683 1933 4715 2074 4018 2438 3569 1278 2372 2003 1662 1477 1696 938 2493 699 1689 947 4906 3837 920 4096 3141 3717 3224 3494 3103 4827 2353 3354 1155 2225 2265 4768 404 2373 4508 371 1976 3579 739 1141 1417 4922 688 4752 990 3156 3151 1923 1414 4732 4187 2897 3093 2834 498 753 4318 3974 1913 327 3599 4708 1908 699 3365 3499 4984 4373 3975 2478 4981 1311 4671 3519 4238 3441 4700 278 460 421 2358 4018 4893 4761
3189 1625 596 1168 1883 3978 588 1492 3125 799 427 2654 248 4682 2793 22 54 1511 925 2430 3881 3886 3818 220 4889 4946 1908 1005 4551 118 2999 2878 4717 1715 4548 3384 255 2120 3553 1375 4430 984 4817 3346 3671 3286 1853 2733 3354 3406 2755 4207 2591 1580 841 3987 331 4966 2679 898 1121 4080 2706 92 2558 121 2850 1767 1668 4692 1186 3539 3680 2853 1670 3925 4212 4360 988 3083 3110 4302 655 312 1581 107 4559 1143 2524 2638 2864 2874 3290 4819 2901 1795 3406 4019 4830 798 2963 2692 414 4632 4953 4555 2364 3722 219 2185 1912 3931 4365 3514 1078 4578 63 3468 2730 1719 934 249 3624 4719 4884 2179 2745 1190 2573 501 2810 1926 2921 2431 1540 3368 2241 2466 131 3714 2402 4237 1226 4977 3810 289 2413 4418 1587 3220 578 3679 4795 4353 2085 3708 4064 1236 2065 498 3103 3158 4139 669 2245 795 1069 1228 4816 2812 903 1820 3934 4701 3753 4282 4707 4953 3135 2243 1157 503 1586 1893 1554 3247 3901 3092 1399 1040 3383 335 4795 174 4526 3945 1284 3757 4414 174
1682 4905 117 3378 2869 4901 135 744 4930 1101 3557 304 1943 2793 4067 3065 4136 4560 4904 3896 3623 884 3948 805 3178 1799 304 4039 20 671 4629 669 1543 3024 2669 3910 270 883 2951 4276 3878 3797 2657 4806 3912 620 2840 1452 561 626 546 1062 4439 4064 3381 950 593 1069 495 4167 4329 4956 1376 4916 2437 1320 437 4405 1167 3354 2044 2537 1410 1985 949 1187 4663 4870 4461 3984 2800 1323 1098 3644 1118 1191 1849 3062 3134 2610 1090 3407 4807 171 4766 3149 4692 473 2010 3849 3172 3970 1025 3306 4837 1209 4099 1432 4016 1129 2452 4026 3516 4928 1074 1081 4316 3725 3577 3774 4072 4690 3105 1550 3020 3543 4348 2428 3092 191 2036 292 2313 1712 2557 4114 601 4609 841 3562 3489 4449 3257 485 3631 2922 232 2043 2490 2221 3285 3956 1853 4079 1595 507 95 1838 2259 2302 1052 3733 3469 2504 531 4478 2100 541 1024 699 4275 2129 3225 4811 1165 2582 2437 4336 873 4003 1419 4410 3315 4093 3074 2687 864 562 241 2591 769 1319 1863 4438 3327 4186 3294 643 1594 4386
3559 1462 4194 2491 3703 1572 3268 2790 4587 2143 3093 4830 924 22 3065 1810 1499 4616 99 4107 3654 2678 1621 4931 3978 4841 614 1222 3547 2999 1363 786 3518 4869 2632 3234 3501 3807 1422 2879 4295 1177 4742 2202 720 3989 3339 1412 1009 2788 1989 193 671 3986 483 4175 2056 255 4939 573 4007 4564 3190 1116 4403 4585 1611 4884 3419 368 4748 2599 381 4702 1407 2474 4597 4125 3851 34 4269 3415 3611 2049 4701 3610 1449 1814 1222 1252 2315 4872 4020 175 3419 643 2204 419 4159 1438 4127 1828 2661 3505 1190 80 168 1232 117 3452 1927 401 3381 1152 3460 1316 3888 2442 658 1958 1177 3410 1032 326 354 3951 2168 3236 59 2292 4567 1981 4483 4758 2767 3657 3331 455 1910 1378 582 4211 233 3062 30 3341 4812 3920 4403 4606 962 4972 4692 2736 1942 3857 4117 2106 4520 4891 3580 4667 992 2756 1962 2464 417 2374 3975 2855 3105 4840 703 668 2809 1996 1673 466 123 4625 3622 2004 1830 1448 1582 3814 3913 3148 795 2943 144 3595 3194 4469 3561 818 3077 854 1234 4307
3560 4362 48 1912 3486 2231 1268 228 1826 4756 1106 257 4106 54 4136 1499 476 651 3079 361 2436 2200 2690 3708 4515 3045 3287 1329 4765 3876 3438 700 3937 1890 2619 4200 959 900 3933 4320 3241 2840 3195 4193 4794 2086 3058 3647 1706 4035 3460 3858 751 185 2586 2062 2195 881 2005 77 39 3781 2928 1815 1365 77 4300 2080 2684 3276 3927 4182 1622 4937 2384 3614 1126 4659 4958 2799 186 3656 784 367 1679 4126 2877 828 1101 798 4361 1181 4600 2835 3939 3702 1082 470 2777 4000 83 1923 2335 2139 225 1056 362 4155 4425 2745 2331 2643 1020 1033 320 539 4314 3600 4726 207 2643 728 4177 1419 4940 4842 984 3709 4551 3736 4594 1394 312 502 1865 3183 745 4116 4065 46 1715 1244 4393 4951 1424 4066 4590 660 208 4459 2659 4957 4579 4264 2620 4156 2798 2941 4532 1861 3708 4941 902 2705 4409 180 4199 2130 2606 4650 641 4854 50 1240 1364 2322 1118 3400 3598 3349 960 2954 3537 4404 818 665 3375 652 3836 4641 1510 445 2929 460 332 4281 1282 736 2921 263
2451 3190 4821 210 403 2725 1531 4981 2539 4141 3786 2128 4120 1511 4560 4616 651 187 4829 2419 2886 3557 2932 3109 2632 2940 1130 243 2745 598 248 802 1639 4289 4066 4665 862 3543 3627 2551 2934 465 288 4370 4429 4998 430 1280 196 2131 2935 3381 4517 51 533 4696 3166 1196 1320 2534 407 2932 152 776 4309 2228 1401 1949 1014 2415 1931 47 1639 2474 4356 2424 4993 3886 1824 4927 2007 1479 3004 3232 881 4805 4129 2519 2034 2971 3166 797 1697 3178 1854 2783 1111 3559 2000 3752 1041 4415 334 3935 2532 4959 971 1206 1665 1287 1474 3793 3677 3026 2705 422 3614 4688 2378 3335 4133 2587 3818 4578 3165 4157 4371 2133 3487 3967 3413 3965 3550 2402 780 4264 770 4343 1526 3191 4093 2174 2357 920 2833 4189 2805 3902 2607 4054 1657 1124 4636 2905 4796 3174 1432 3013 518 2840 548 2926 906 3298 3113 663 3666 2207 1901 3416 108 4203 3040 3934 697 4578 1143 4593 1750 1333 2900 3592 1177 2327 4257 3095 4959 1201 4567 3161 4116 3638 431 1032 430 4318 3101 1754 1640 1297
67 2169 1855 3506 3985 4495 3564 1026 2219 1089 2280 4065 2955 925 4904 99 3079 4829 1648 1301 1018 3873 4366 4597 404 4868 4778 1106 3402 419 4817 1501 1019 3584 4634 61 533 751 4302 1165 2625 4846 1990 1172 4190 2047 4611 1804 4529 2726 4435 258 4704 3732 1051 221 1656 523 154 2509 4006 2423 2495 3416 990 4352 2812 1130 4948 1184 2951 1943 1532 4769 2442 1912 4432 4472 1306 3781 4513 1383 3741 1740 516 2358 3484 701 3755 4398 1293 4210 1724 3795 4953 258 2005 4264 419 932 637 321 4337 476 1572 1432 544 4104 2188 3680 3839 1825 1775 2713 4485 3903 2635 4291 4226 2096 2941 4716 4240 3387 3484 1150 4510 3478 4056 4992 1333 1736 1953 2945 2232 3172 3609 4077 2020 2226 3819 4580 1026 4365 4759 1530 2540 1052 4398 3053 4529 3485 696 4888 1221 2688 1488 3496 2143 4929 1921 3266 2317 755 466 4571 3984 4361 1629 2373 4867 4059 3528 3991 4965 1258 1523 1048 4623 742 2966 4850 1893 4016 3977 2558 137 4573 2835 2946 3972 1384 1130 3187 4623 3871 4005 2522 3876 2730
589 2793 2175 2766 3655 786 1420 4530 4678 1661 245 3065 284 2430 3896 4107 361 2419 1301 899 1981 821 4508 3142 2196 2818 4209 3737 4532 4576 4252 2583 2902 4164 3393 4882 4587 2351 2020 4065 4028 1546 3858 3868 3663 925 2605 1018 2651 608 1584 1752 1522 116 1849 4396 3315 4549 1020 4759 1784 3801 4099 2941 4328 3832 3156 4710 2873 2368 2682 3940 1436 4939 1644 1312 599 649 12 603 1504 1585 181 2024 685 2915 4940 1328 3451 1491 1374 4419 2369 3152 2024 2826 3933 1311 4920 829 2801 4492 2193 1366 2286 1037 2903 2435 1148 894 671 3511 4126 2357 1741 4068 3893 2135 4022 3964 1401 4567 4678 565 288 1367 1425 2061 2671 3155 3592 2354 295 4690 3778 2192 4819 3590 1510 4610 4848 3731 3486 2652 4268 570 4930 3290 125 78 295 2152 1375 2236 251 2300 626 182 2444 4461 3832 3744 1161 1306 101 3107 4430 1421 3256 2943 701 2193 624 2018 2937 3680 3497 2678 4308 109 1180 3821 399 2874 1989 2682 4653 2600 386 2145 2392 2387 1265 550 2864 3148 794 925 928 1717
1257 1818 977 11 1388 3145 2547 1406 913 3625 1796 4388 2240 3881 3623 3654 2436 2886 1018 1981 1722 1348 207 4129 1215 1892 994 3305 366 2231 121 3959 953 148 427 4070 170 1910 4914 4231 390 1124 4211 1218 200 4564 1490 3728 3035 361 4248 4856 3642 316 2281 529 4797 4181 4186 4585 4153 145 1977 3478 1392 4689 1265 3609 2244 3652 4242 4670 3480 3710 2757 960 237 4868 1826 4095 987 2816 3876 3124 1402 1808 3324 3331 2702 2760 18 3036 3566 1139 2902 175 2013 2454 266 3720 722 4981 3274 1068 38 4022 4055 3654 4670 1926 1851 2776 2286 1738 4243 2799 3789 993 1906 427 2303 4955 166 4926 3239 3523 3481 4826 4869 1947 3017 2373 3618 2675 4009 3594 2845 4539 1283 4001 1845 2217 1288 3778 1840 4785 593 821 4649 4943 1559 2771 3196 3958 3596 2431 1039 245 4389 834 354 740 2081 1731 3045 470 2445 3276 2501 4322 360 4481 2181 4659 4836 2210 1871 2311 2957 4082 4472 3239 810 2925 3070 627 3345 1281 371 1315 4149 186 2347 2644 1621 2123 4532 2446 2242 3990
4257 3752 2676 4633 608 3510 1916 3433 368 1626 1409 2893 3246 3886 884 2678 2200 3557 3873 821 1348 3209 407 4501 2259 2047 3730 2389 3903 1655 4625 2549 1967 814 338 1832 2265 294 3589 91 3505 1837 1963 1987 2848 4086 1625 4825 1805 2015 1536 3573 4676 997 106 1695 3917 871 1614 2846 3156 3929 1543 2913 3216 2557 4320 2393 1745 2067 370 4111 4983 1979 510 288 1842 4513 2522 3818 3097 404 3470 529 2606 987 3519 1211 911 1887 2141 4229 1874 3539 2828 3526 1210 3388 2529 3579 3590 4144 1992 509 759 2903 2765 4739 3624 3401 1080 4962 2798 4853 4126 3228 4477 3294 673 3307 2407 3595 3228 1774 1458 3571 1256 2129 3888 3011 2851 3947 3542 1718 3041 3230 1416 4482 1419 4303 3745 4983 3601 208 4972 1995 555 3405 128 3454 4188 4983 673 2092 787 4486 1560 3511 4861 3305 3440 4191 4787 1238 2028 2974 3220 3201 3415 2200 2579 2706 3836 3037 827 4709 4006 1132 581 3126 2134 4780 2211 1285 1393 2568 587 3965 964 4710 4856 3508 4720 4875 4711 4698 51 2962 1826 4504
3435 3761 4802 1924 4161 1485 3154 4967 4105 613 2084 628 805 3818 3948 1621 2690 2932 4366 4508 207 407 2947 3361 595 3500 4624 995 4264 3803 2950 1996 1310 1493 3979 970 3727 3918 2626 3180 3920 4669 693 928 3447 410 730 4540 474 2213 4708 2430 3094 4036 1913 1370 4652 3801 3828 4931 2353 3928 875 4937 4650 1345 2624 726 3514 4472 2075 1068 301 1209 3716 2203 4143 846 1986 2815 4023 2390 1557 1563 4975 4541 2812 4335 4685 4093 4152 3943 4727 3481 2489 559 1995 431 3891 4163 1039 1200 2722 3801 3261 4731 1645 2132 1589 4959 1673 2806 38 3732 1558 1731 615 1214 154 1249 2651 4188 1142 2235 2119 2905 4407 2026 4367 4688 2857 3541 1317 4984 4561 3929 2047 769 363 4830 1244 2601 1152 1067 3288 2771 1595 602 2070 3735 995 1139 2035 4792 768 4273 2761 241 4531 335 2311 272 4043 3326 4003 3840 4008 4716 4556 4694 3821 360 2121 1819 4201 3336 2159 3756 3230 2372 3006 4896 4651 55 2365 1981 610 2232 811 642 53 3313 1063 2001 586 1502 2351 4408 762 4837
4358 2655 3190 2285 2114 1356 702 3097 3273 3371 2046 4324 2216 220 805 4931 3708 3109 4597 3142 4129 4501 3361 3292 4070 200 745 1831 2164 4526 524 2896 4296 1227 3335 3460 4042 3711 2670 1329 2612 3354 305 2289 4452 2475 902 917 83 3381 680 37 185 2321 2386 542 3712 4222 4676 3951 139 842 2956 76 2148 630 307 3009 3029 2735 3219 831 4316 1051 4332 4782 4377 4330 2355 90 753 4436 1738 693 2916 867 1229 3254 1237 4909 4058 4161 1484 2061 2873 4342 2464 2875 4219 3947 945 3391 4390 4834 1498 1227 3946 2385 3032 3117 3944 47 2063 3179 1265 4121 4210 146 1670 2993 2454 2271 1697 2648 1735 2641 3620 4078 2518 1377 4846 179 3685 505 775 4621 3776 4373 534 516 1595 4408 550 600 4703 892 3800 4083 3753 4811 1036 4670 4991 3525 4939 743 4111 792 840 4843 200 4966 536 4757 4275 3021 2433 4637 1142 3128 4509 679 4795 882 2337 756 2571 1380 1740 136 1707 240 3183 2113 3928 216 2342 4618 4712 2391 4272 1842 1013 2127 2953 1387 1652 2706 1043 3522
4577 646 3653 1456 4602 2052 4556 1188 2901 1408 3299 383 190 4889 3178 3978 4515 2632 404 2196 1215 2259 595 4070 2415 339 2620 4223 420 3404 1028 2862 1121 2031 2991 2036 1506 1758 4833 2920 4666 4231 340 1245 3466 4737 1497 4354 757 2419 3007 4273 4621 4870 286 1353 1086 3399 1235 1253 4600 2138 2014 1024 1113 1965 538 4250 4841 2680 2697 4401 1114 1772 1259 1053 4115 2710 3692 4488 1245 4914 3903 2403 4679 1954 364 4327 2650 382 2392 1349 472 2474 4719 3549 2046 1073 2845 4564 789 3317 1451 3539 4885 3855 4111 706 3128 4808 2285 2568 3933 3129 1148 663 2222 3671 46 32 3261 610 3095 352 1150 1634 4130 4906 2756 3423 3703 1585 3206 3148 4685 2313 769 1976 994 1191 2970 4308 3032 1852 4643 2077 1503 429 1366 3067 3782 4591 3323 4269 412 4751 3866 3182 3463 104 4189 431 4197 2790 3531 1810 662 217 4158 2359 2853 3799 3329 1730 4196 240 1218 2229 977 2222 2709 3882 2552 3957 464 436 3269 4854 2217 2590 3830 3442 520 533 686 2382 2228 2016 1773 4579
2432 1506 1002 1275 4200 3370 1153 542 1807 454 3973 1084 4077 4946 1799 4841 3045 2940 4868 2818 1892 2047 3500 200 339 55 4317 3587 1459 1183 3294 3719 3142 213 1024 4350 1612 2240 3396 1468 1414 2840 3234 3016 4873 247 4222 1466 4286 3128 592 4906 1453 4868 4632 198 4859 193 822 4610 1532 2160 264 3323 1708 2373 2583 1132 3010 4560 3670 1558 4833 1156 1644 1105 1444 3862 4598 3897 4948 4894 2954 3361 1555 4989 2749 397 3229 1731 4649 3941 4316 3999 4939 2752 3202 3162 2490 316 4660 4389 2493 1741 4218 2807 2449 4818 4170 3365 3350 2408 3351 4865 4108 4747 2045 1693 2119 4997 3686 1780 4963 2728 599 3794 258 681 1851 3373 377 1356 1941 823 4015 762 139 4397 3502 2624 314 2243 4838 1314 726 598 4423 1247 3502 3923 1325 2597 3063 3828 2099 2570 246 1437 3009 2789 3658 1838 3632 2116 414 225 783 3027 4554 4320 4905 1496 2048 1779 3912 2637 147 4317 338 2079 1692 569 4639 785 1198 1100 1032 3779 1948 1620 1781 4940 2045 2164 116 3396 94 3079 3679 4564
2378 2730 806 4811 1166 2668 2738 2304 4195 4957 3085 2332 3927 1908 304 614 3287 1130 4778 4209 994 3730 4624 745 2620 4317 2564 127 894 2902 2120 458 2275 4100 3659 1521 2334 4512 3627 2116 3639 3433 3953 4599 2647 2785 2507 4515 98 3060 4282 4768 1961 936 4731 1274 2052 2826 378 4626 2849 4131 2892 592 3296 205 3410 1147 4580 2888 1642 1370 2317 2418 2115 1844 4034 4602 4431 2745 4449 1471 886 4115 3189 1342 1482 1311 1947 2676 1646 4587 816 3302 2422 2912 2575 2324 2968 4028 555 1719 3503 3854 3399 4590 3293 2419 4789 207 2666 1816 49 4436 3748 1151 4356 1194 767 4236 3000 755 2916 779 2465 57 3706 37 3034 3641 28 1211 803 3000 4634 3501 1402 177 53 4615 649 2422 537 3604 3821 1677 4953 1271 4770 2508 1436 4821 335 4838 2532 3847 338 4667 3603 4935 1402 4269 1900 1930 3209 1252 1115 1389 1755 3333 993 3515 3690 577 249 1359 2003 3027 917 4447 417 2490 3697 3405 499 4025 3884 1832 318 1726 4492 142 116 1086 4886 4634 3980 3644 1998 1607
4863 1635 2016 3720 1484 3191 4092 460 4689 1716 1550 1655 3411 1005 4039 1222 1329 243 1106 3737 3305 2389 995 1831 4223 3587 127 4312 3959 4451 615 1861 4182 3241 1059 678 1753 4014 3577 2613 638 4032 1473 3412 4563 4933 1180 3569 3275 1956 1736 2177 2372 3221 2961 3039 3986 3870 2991 2706 4107 4168 1221 2412 2653 3139 1518 4244 411 1606 2400 3810 2609 3476 3861 3036 2723 3794 2066 868 3753 2880 3714 3604 3255 2843 975 2829 3270 1872 3054 3616 397 3301 2272 4713 4044 307 2529 2990 3760 3853 1143 179 3218 1993 3026 278 3400 147 2534 2551 1339 2964 2103 3691 4501 1379 3301 4648 2352 1808 435 1300 3020 311 4380 2000 4735 3394 4052 3468 3475 4895 2929 2609 647 729 14 4716 1509 4361 1146 2273 2785 2435 1450 4984 865 3352 3801 2832 473 3471 3344 3188 3475 614 3949 2482 299 3972 1071 2227 4088 414 4984 4133 2105 2015 3057 1034 2690 3305 1275 526 3127 1993 4993 3264 4478 3748 3075 900 1166 4034 3550 3905 782 3514 12 4612 179 2602 2036 3099 771 4668 690 763
2859 1082 2820 3495 4050 4375 3360 2179 2882 3767 389 3046 3076 4551 20 3547 4765 2745 3402 4532 366 3903 4264 2164 420 1459 894 3959 3446 1227 3351 3179 4635 4930 4953 4991 2418 3692 2220 648 4008 1292 2079 903 4209 3922 2196 3426 2262 3652 404 468 4579 3172 799 1024 699 4223 1836 4771 3299 2580 1638 1828 67 3883 2036 908 2443 4666 4523 1641 1887 2892 1448 789 3691 1400 3704 4538 2276 1235 3332 363 2460 3448 4814 2865 2694 4666 328 2898 1398 3731 207 3234 4358 4167 4862 171 2703 1752 1342 1896 2162 822 638 4543 4143 3133 450 1837 3730 3737 1692 3264 687 397 112 1733 4070 2834 3349 3899 1990 2353 432 1330 4477 1316 4053 1116 1162 1469 987 2877 2975 3969 2038 54 3105 558 792 997 2533 3603 3044 4680 2316 3535 3281 3216 4173 2207 2274 870 482 528 554 3448 628 370 1481 4847 4527 441 768 2304 914 667 1388 3585 1248 94 1302 3291 3555 4943 648 2356 2578 421 1092 718 4951 1445 3649 4287 4844 2747 467 4601 1690 3165 698 4772 1653 1331 4863 4861
216 3897 4365 58 628 610 1933 340 3112 863 4142 3280 2177 118 671 2999 3876 598 419 4576 2231 1655 3803 4526 3404 1183 2902 4451 1227 1760 1389 4552 1659 438 2621 3913 4687 1751 4533 2568 2114 4146 2696 973 1391 2224 1440 1399 53 2309 3064 42 3895 1155 1532 1870 3749 61 3438 3104 1906 3005 3235 2415 3941 109 3427 1500 716 2550 3157 1492 471 4109 2730 3030 4866 4711 4371 845 1073 110 2966 3405 2026 2883 1873 1083 1055 2956 1529 2786 2718 2023 4513 329 1581 401 42 437 4282 4439 1174 1708 2701 2170 1477 2999 2122 3483 3920 1924 3155 12 1067 3247 3842 2771 655 631 3785 2484 940 1361 3237 2705 698 4087 3595 2199 55 2120 1437 3914 4821 1026 1002 1843 112 2045 3668 807 380 439 4521 1563 4351 1092 1144 4175 610 3708 1816 2005 3484 1405 2509 388 1710 2737 3811 3902 1705 2002 4404 591 3016 4236 1533 749 2794 2035 3924 3877 2495 1254 3322 4178 4329 1219 4299 1933 433 2495 579 3780 1379 91 1261 4084 1509 3622 3207 2524 2102 2344 4507 2587 610 206
635 4562 4988 2109 4732 996 4908 4270 2663 2930 3567 3402 3555 2999 4629 1363 3438 248 4817 4252 121 4625 2950 524 1028 3294 2120 615 3351 1389 4657 1700 61 205 3318 374 2686 3071 364 1327 3595 4425 3816 4961 4218 656 4517 3322 4654 380 4993 344 240 78 4710 2077 4662 1182 4794 2043 2771 1335 4235 4649 3677 3303 4688 3532 653 3204 1552 861 303 2272 2036 1014 3330 2574 4687 2020 4505 2440 3193 1101 4430 1639 1204 3355 989 1403 2852 4179 1657 1253 767 945 1033 429 2952 2375 4032 4284 1028 3938 1184 3870 15 1163 2289 1818 1448 450 512 3856 272 3551 3606 303 498 1511 2211 4587 2016 1965 2537 659 2548 1603 2038 1608 52 1415 1249 2806 2193 3725 2014 3697 1487 74 3944 4422 3775 2250 1799 2546 4932 1481 793 1527 3286 1754 2906 2174 4690 1615 1695 3220 1489 4407 1867 3064 2548 1375 2412 649 2940 4656 3201 1791 1666 3039 2686 2549 1554 828 1350 481 712 4644 133 1362 4388 294 2137 580 3316 4489 1100 272 1711 4176 2954 4885 3816 3011 137 269 837 1802
3713 4746 4711 688 2180 3480 3684 2683 3346 767 2633 812 3129 2878 669 786 700 802 1501 2583 3959 2549 1996 2896 2862 3719 458 1861 3179 4552 1700 2239 1792 3496 4710 4877 4124 3061 2772 2539 3147 4786 1972 2175 635 4599 4568 3870 2706 2504 4017 2140 3375 4871 82 1431 2649 4748 2343 75 331 3765 3150 4048 1259 3458 1700 212 1695 1153 2765 3804 4144 1150 3685 3148 2848 663 3614 2225 2749 2374 696 3743 3841 2220 1606 3256 1300 1232 3508 3309 2469 4049 4503 2675 3766 313 433 1480 1717 4808 3022 3287 527 4649 143 2980 427 4112 4353 4061 1796 607 323 2137 3972 4716 2441 110 3184 943 587 2280 4821 4885 2460 4678 3451 2438 2010 4909 601 4223 2149 2128 1054 2178 4117 4410 962 3400 3317 2126 182 2322 1446 2109 2004 4603 137 4559 1854 119 1394 4066 4796 2551 3510 39 3431 563 3656 3542 2923 3530 3144 2526 2637 773 3566 2334 4303 3519 3926 4555 2222 31 1206 3369 1028 4855 3789 578 4068 4905 2982 1181 1523 4238 4072 1699 4319 2154 661 2498 4893 1086 956 2016
3195 1690 202 4000 1919 4366 2736 44 1324 3012 121 2395 2091 4717 1543 3518 3937 1639 1019 2902 953 1967 1310 4296 1121 3142 2275 4182 4635 1659 61 1792 1054 4088 3684 3912 711 2913 3429 3072 2250 1876 769 964 800 3063 1592 1209 153 704 1938 4100 1724 3599 3966 3262 246 3351 2711 2208 4946 1186 4237 4898 4124 2032 4876 2883 1784 4383 4612 4645 3782 1687 2224 1379 1142 3770 1752 639 4238 3886 3799 2007 3392 1436 4003 3977 2760 1673 413 4105 713 244 1536 281 2350 2619 2284 3606 580 2912 1110 4605 4536 337 2919 3537 1447 3664 1132 3021 2772 1519 4869 3680 4117 1546 687 4948 798 2724 861 2821 3268 3319 3101 1137 3061 3116 4109 3588 1007 3304 4800 3084 4675 392 616 389 2872 3637 1847 2913 1404 474 33 3117 4909 1917 719 4092 920 3435 1747 2315 3126 251 4662 4556 4408 3457 4466 3652 1699 3278 134 2714 2327 3397 2847 392 367 2026 3171 3113 671 3237 2749 1047 3465 3845 3461 948 1143 2264 3161 1359 3648 924 887 2733 2850 1794 3199 1673 3751 789 974 1946
714 4898 2032 801 2297 1875 2587 2724 3777 1632 3519 1211 649 1715 3024 4869 1890 4289 3584 4164 148 814 1493 1227 2031 213 4100 3241 4930 438 205 3496 4088 73 2980 2324 3380 511 3042 3624 3161 3508 464 3707 3250 1452 3100 3247 525 4719 1472 2339 854 4882 4842 3477 861 294 1726 1555 1427 4782 4801 4443 4078 1402 581 157 2575 2231 3449 3560 3834 1090 4029 118 2497 4466 3109 2580 3687 2871 741 3386 785 3322 801 1259 2779 2522 3610 2202 370 1797 3490 1516 3868 3268 691 965 4640 4397 2013 4881 1456 2684 3242 4507 2235 4003 1220 1399 4058 2492 955 4935 39 4081 3440 2531 3689 2617 3880 754 4747 4130 1654 2959 2248 3898 12 1279 3065 3021 595 3221 3086 1723 2391 3950 3357 3379 2442 4403 4968 4034 1527 4188 3029 1935 4137 4049 1290 2749 1263 3384 2920 2027 1680 3678 841 4999 4842 3524 3406 4767 3753 2070 2582 1919 4492 2343 560 3309 2120 2440 304 391 3915 394 705 1395 2982 4907 1751 4676 4664 4691 86 173 2121 1800 3839 2958 769 4472 2430 4808 4791 3907
2940 4328 4230 2590 4406 1204 4375 1334 4923 2996 4419 559 1721 4548 2669 2632 2619 4066 4634 3393 427 338 3979 3335 2991 1024 3659 1059 4953 2621 3318 4710 3684 2980 3075 2793 4377 3930 2513 278 2936 1883 1248 709 1753 2540 4197 1187 2211 1145 1243 395 4572 2405 4201 221 3123 1168 3654 4376 2208 3965 590 2641 3661 477 2826 426 4967 661 311 4301 3356 2975 1358 842 3737 4194 4668 1341 4586 324 2668 4720 986 3351 4067 1120 3915 3034 4947 2101 1941 4376 3419 3130 2388 3323 675 4110 3668 718 4306 4609 1093 4221 4623 2883 3288 1591 4355 987 4540 79 4504 213 4931 4544 984 372 1344 801 1965 3080 2914 3392 752 4617 457 2825 714 148 1005 1762 3189 903 3877 4922 173 1265 497 3146 3152 2694 1914 4248 3811 3637 3027 214 4658 4600 2399 475 4956 4395 1023 1906 1077 1429 812 1362 983 1975 4783 894 2765 2561 2289 3087 576 3795 3429 4775 3976 3792 814 1418 3534 1201 1349 965 3623 788 4813 4912 1384 1082 362 2121 3102 4448 730 2593 859 1615 4094 4531 2131 3314
2746 470 4866 2757 1065 2857 680 1153 3824 340 2602 503 2968 3384 3910 3234 4200 4665 61 4882 4070 1832 970 3460 2036 4350 1521 678 4991 3913 374 4877 3912 2324 2793 1562 2473 3707 148 814 2973 4708 2573 483 1718 2896 2131 2096 2855 2228 4820 591 3444 2237 1963 4525 2832 4474 3313 4136 3730 3348 1905 3195 1732 1647 2260 4101 4493 655 2544 4540 542 222 3849 4259 2850 2356 1550 3031 3313 1667 2125 714 1222 708 4323 640 2623 1065 3457 3347 1699 3461 1131 4839 3345 4386 4851 1429 401 1767 4717 559 3323 4260 3648 2686 3507 3693 1643 1016 2510 2590 4942 1200 4675 379 2131 2965 301 2657 3854 3154 192 1561 4769 207 145 485 3376 2317 363 14 772 1358 3168 689 4652 1029 1931 1080 288 2521 3266 4855 4635 3930 3699 876 3511 2311 195 725 621 4734 2872 1195 1868 258 2206 4228 1603 2538 1561 1519 4720 3977 31 3547 3093 1390 1343 1588 769 3780 3161 983 637 1951 202 3334 4100 451 1347 3482 817 1066 4914 891 2991 3207 3634 2395 2134 1601 2479 4927 1497 658
636 4383 1287 625 922 1621 3351 2145 4966 2742 4522 2269 4255 255 270 3501 959 862 533 4587 170 2265 3727 4042 1506 1612 2334 1753 2418 4687 2686 4124 711 3380 4377 2473 1432 4889 4794 194 2015 4392 2472 2435 3239 4657 4753 1440 3686 4623 719 2151 3504 336 33 2026 1378 4954 1736 3888 1863 4089 1048 4402 86 595 3571 1742 3431 3967 3027 4695 2136 3636 1497 2395 3093 604 2770 2138 4515 3476 359 2196 1247 4175 3411 3009 4415 4788 3900 3292 137 2146 1269 2225 24 3108 4570 2826 627 209 1116 1994 552 738 3576 287 999 3805 4022 1628 1967 121 1469 3697 819 1333 1648 2872 299 160 3642 2254 1836 2308 423 2226 2410 2874 3420 1327 3275 3481 263 2511 1295 2502 61 4044 370 1422 4300 3417 3446 345 1636 4868 3930 2102 4407 3504 2805 827 3904 142 4554 120 2103 3716 370 3356 1279 2576 1284 1799 292 2973 2620 3313 1978 4627 4159 3422 3473 2699 2136 3880 3084 3391 2830 1553 3597 760 593 3221 1285 3092 4013 84 1224 3498 3809 3186 907 3451 1765 4502 3480 815
4227 421 4133 2955 4580 149 4140 4372 232 2050 2435 2271 3227 2120 883 3807 900 3543 751 2351 1910 294 3918 3711 1758 2240 4512 4014 3692 1751 3071 3061 2913 511 3930 3707 4889 1150 1039 1243 1429 3267 853 1577 4039 3980 2945 3305 38 3664 4469 278 2233 882 2372 1334 359 3202 1995 4173 1306 509 3970 3875 1235 4431 2887 2141 1549 4025 2153 942 3433 4775 4824 2209 4649 2824 4459 4188 4038 3317 2785 732 4571 4379 3528 406 3750 3853 2171 2421 2412 870 680 2309 3219 2180 2363 4614 1025 4753 536 4414 3313 3721 4869 518 425 2327 3394 450 4031 529 1518 2164 114 2475 741 4171 4173 1772 3793 3837 2655 262 190 2052 4329 4459 3878 393 1675 1795 4256 1416 2465 4594 2134 2641 2974 3129 1520 4286 752 4983 2142 1416 3922 3704 4960 1631 4724 2238 4476 2544 2558 1596 574 2950 244 2483 427 4600 2793 2727 3572 1750 2037 1243 4898 2342 3900 403 4587 3861 814 3735 2683 1779 2232 4538 3193 2135 3098 3341 2644 186 4585 2244 2407 3828 631 4103 4382 4473 2700 1325 2255 2671
2837 2625 417 4186 4298 2074 3770 3210 2604 3689 793 4877 756 3553 2951 1422 3933 3627 4302 2020 4914 3589 2626 2670 4833 3396 3627 3577 2220 4533 364 2772 3429 3042 2513 148 4794 1039 4420 4637 1697 4163 4717 4943 1371 4306 4196 933 1363 3524 1627 1936 1552 767 3394 3656 3953 2371 489 4448 1414 1943 828 4723 174 2233 2800 4692 14 4727 2738 2172 3467 4894 1707 368 2780 1492 4623 2584 2725 1190 366 2917 2857 2899 4003 3810 3369 3820 165 3560 1681 2182 2218 4667 31 4184 1294 2379 1211 3440 4490 3513 2005 3660 2111 1881 1846 2695 3988 4673 4033 1033 1409 3983 1194 1581 4425 963 3428 4709 219 4552 4120 4083 2508 2984 2812 1380 660 4167 1449 4220 3294 1403 4971 2574 3529 4567 4197 4815 4141 4671 4595 3520 4967 3440 823 1498 3967 2142 4835 3992 1715 4175 4266 1852 4753 910 3397 4554 1570 417 4810 4672 2311 3461 4014 4810 3304 3929 2416 2294 3886 2036 2317 4199 4257 2079 988 4614 692 4421 1980 224 1961 4949 865 1896 181 3862 3709 34 675 938 2504 3338 211 4493
244 3861 795 2257 1697 2791 3335 2815 1512 4565 4741 3711 4801 1375 4276 2879 4320 2551 1165 4065 4231 91 3180 1329 2920 1468 2116 2613 648 2568 1327 2539 3072 3624 278 814 194 1243 4637 3927 1229 4067 4341 825 4155 497 1061 1694 1133 3898 2528 784 2019 45 4031 1590 2726 4208 2668 3544 2338 4078 2256 3139 4866 2324 4428 1342 4868 2741 1975 491 2260 3608 219 1570 2960 1926 2102 2815 4151 4070 63 3805 3977 1949 2431 174 2467 403 2599 681 3693 3943 3044 713 3555 1960 688 1178 4767 113 2877 90 3160 2735 1660 202 908 2088 1894 677 322 3388 2192 4095 361 4349 4000 1571 2153 445 3729 3800 2532 3711 3751 2955 1337 1955 1955 4306 3376 2922 1466 1828 4524 1583 3023 724 3536 4051 968 2747 1236 2543 4949 2844 887 1554 4412 3892 4441 2355 2393 3420 3369 1563 4725 2247 609 251 1291 4926 2028 233 3137 4678 4917 2559 4006 4133 1688 1774 1647 594 2139 764 256 2057 2668 2616 1453 1040 1727 141 41 4355 3334 2177 4228 4208 280 690 4445 485 791 4924 736 1074
