N: 200
M: 60
Symmetric: true
Triangle: false
1 124
5 81 6 186 26 155
3 3 165 97
4 169 197 39 136
1 150
6 115 17 52 139 161 101
3 73 98 76
3 111 174 47
2 53 167
5 137 187 130 8 109
4 95 127 30 63
4 160 48 142 117
6 85 41 159 147 2 33
4 29 144 135 182
4 14 80 20 128
4 132 94 70 68
4 61 9 121 162
3 25 190 4
5 11 154 145 114 189
3 91 103 90
4 140 106 21 175
1 40
4 35 45 78 185
2 71 74
7 120 31 146 180 158 36 55
3 107 62 72
1 96
6 194 37 92 13 183 156
2 99 42
6 152 79 88 143 34 192
5 22 5 151 163 46
3 133 129 23
2 89 172
3 149 60 148
3 57 1 16
2 38 64
3 43 77 171
3 188 58 191
3 108 153 110
7 51 82 19 178 7 27 122
2 118 196
2 24 100
2 123 170
3 12 141 83
2 18 179
3 59 184 10
2 102 67
1 87
3 75 198 166
4 28 193 119 50
1 173
3 56 200 84
2 126 86
3 69 113 93
2 157 138
5 134 32 15 131 195
5 104 176 65 44 125
3 112 54 199
6 164 105 177 116 66 49
2 168 181
3656 3995 1173 137 2296 2501 1587 52 2331 4352 3954 266 3372 51 2553 3505 4293 4264 226 4652 973 1421 3285 22 827 4626 919 1121 1801 2109 607 3062 3861 1253 2554 3480 340 1273 4607 1809 4013 2782 1900 4935 1551 2729 2916 243 1741 2544 2271 3289 1978 3548 36 1415 359 3893 4596 2693 1703 2139 3577 2673 1516 996 1552 128 2725 2788 4474 1446 2440 262 1875 4795 2249 4451 2711 3212 3415 1464 1793 936 1153 3296 4101 445 1457 4147 165 1483 3679 3956 1782 2158 4714 3003 4202 4414 1755 4410 4589 2475 4705 2715 3574 743 4782 2095 2147 151 1031 2375 3412 2022 939 253 4739 4101 3972 3444 3320 3408 4665 729 4837 4098 1996 3407 446 2508 3769 347 2665 1499 927 703 4313 509 2976 4966 1327 1990 1653 3944 612 3784 4608 2249 2398 2277 4817 682 2655 941 3936 1679 2271 693 1496 3535 4445 3072 2326 3659 2067 2232 3166 983 3891 1671 801 121 1962 2858 3464 1305 965 1982 962 3136 3524 2273 3139 2933 4545 2947 1969 4641 1139 2232 2800 1596 2275 1510 2696 4998 1964 3664
3995 2600 3951 414 3581 2133 1416 1067 4218 2855 3340 480 3657 3121 1790 4665 2331 1402 384 3885 1405 2608 1557 4536 1191 1323 4149 3573 3348 3739 3821 1209 4584 4860 600 1010 1371 4338 2917 3230 4872 3334 4881 1928 4368 4253 1424 2294 125 1261 2706 4751 944 1210 1207 1230 4106 4410 397 126 982 2407 1649 2251 2940 2223 3324 4936 1666 3161 343 1642 2283 4417 305 3243 4669 2728 540 3489 4019 3401 2362 4455 4668 2409 3353 2228 3555 4874 3422 1630 3296 2828 1212 2443 217 4683 3101 1258 3053 376 3445 780 222 409 3506 1492 1529 1090 2587 4888 3010 2839 3463 1051 1535 2731 2818 2487 502 717 4430 2570 1945 3422 3491 1331 2933 4186 4334 1873 4692 924 3663 3453 4988 4402 2346 3767 1003 153 1667 417 623 1593 247 3860 3571 1382 2467 1946 4601 2732 1826 2406 2321 3344 3107 1935 2729 984 1100 31 4946 3280 3335 1147 3976 3689 4551 2505 1478 1519 3143 4155 1171 2612 4370 3822 3343 4414 4120 955 2017 972 2449 1849 2905 134 4819 3341 2719 4049 4498 868 1376 1699 4660 1869
1173 3951 4149 4776 4849 63 350 4350 4271 3582 4649 1549 3190 166 4246 26 2911 500 4483 2133 4497 4207 1109 4426 3213 4573 1964 3646 1318 4620 1786 4608 3654 710 806 3556 1786 1114 1419 522 724 3330 3780 2180 4960 1498 3024 3249 4668 1726 700 1579 914 131 4656 3911 4551 1395 3225 2929 443 1515 1224 1665 924 1370 16 4196 3634 3251 1486 2673 4147 169 3942 1160 427 1785 57 2481 3127 1295 3607 549 1999 1699 659 3049 2248 4016 837 1381 2327 251 3453 1587 68 501 2178 3893 1242 919 2472 4913 1599 3551 2896 3920 3020 1750 1595 1301 2132 200 4621 1106 1078 2342 653 4971 292 311 854 2702 4084 230 1352 2741 3044 738 1238 4116 3129 99 4827 2319 3585 1839 3874 381 3294 254 1212 1654 3505 2163 95 3303 3651 418 358 4486 2620 1368 4445 4372 4835 3468 3530 2722 606 4226 2670 4233 1113 419 4590 4621 2932 1909 2712 1382 3877 4511 1682 4110 1090 4857 4581 3694 1742 1194 4851 4223 3199 2562 1765 3171 4696 209 2187 2083 2337 1329 630 2900 873 2298 2207 2015
137 414 4776 1900 3752 2400 1538 4086 1146 2067 3246 3798 2253 1268 2160 2411 1627 4394 3286 1806 2988 4618 2240 4137 3109 412 1888 908 2241 4464 4318 3125 1464 4793 3381 1425 2244 2539 529 4248 2104 2849 771 3050 2241 3921 3059 4653 2000 3832 3420 3102 1098 82 4503 2928 521 1153 864 3581 1886 4100 4290 4452 3159 3974 3136 1824 1284 1188 3805 4551 391 3717 1733 2435 1115 4757 4768 4420 3678 3722 1413 852 672 4123 979 3999 4842 2789 3888 4869 3193 1768 2141 2167 1199 13 3115 618 136 472 1656 4216 4803 3713 4897 3515 4639 612 485 3637 3308 1684 3550 404 1944 2357 4592 2985 1402 2128 3787 2642 4326 4983 2630 128 2062 441 4253 1310 633 4356 1557 2792 583 1802 3196 2177 3655 2584 4233 3654 3801 4698 4041 1583 106 3121 4430 1030 1090 4093 3904 2426 1925 3523 3294 230 2224 3399 1270 3770 470 1492 1720 2578 4835 3278 1061 3897 2846 1161 3478 4141 4540 3444 4198 1739 451 2136 2508 4234 3409 3212 757 4690 4431 3528 2666 1853 440 1768 1738 1602 2135 3906 1952 3906
2296 3581 4849 3752 1361 63 3979 2284 3265 313 590 3299 4081 3030 1405 912 2453 983 4754 2633 3322 236 2184 1607 2801 80 96 1721 1216 1141 2019 2381 2539 2449 1315 554 835 1483 1353 3930 279 1744 2399 4222 885 1574 1460 4990 2496 4136 2243 1502 1852 2074 4450 2222 1658 4584 4652 375 2876 930 1444 2992 2183 1091 1100 4812 1244 1721 4561 2218 4911 668 2195 2655 1748 1017 3074 1868 1028 3921 4604 189 4712 4513 3682 1320 3428 3820 2696 4449 444 3886 850 4098 3019 63 3091 3410 221 742 4830 3325 2546 2379 3524 804 376 3682 2877 3792 3753 2686 3833 4782 4870 4964 2715 1274 431 4196 2796 1492 1809 4257 3410 4404 3420 1732 4143 3809 4322 3578 1963 3469 3381 1035 4150 877 1808 4864 2057 1298 4854 2608 119 3273 1180 3430 4433 4277 1375 1287 3323 4088 212 3349 427 3050 2900 4408 3150 4987 2733 3391 3755 3008 2624 4116 2056 3522 897 3782 395 4666 3119 3734 716 1261 4571 881 969 4319 2463 4171 963 3194 2790 1448 540 2686 1209 1375 2716 1864 509 1284 4951 3052
2501 2133 63 2400 63 342 3715 4577 3077 1099 412 4509 79 64 4635 2605 4196 1170 3373 2651 141 1495 73 4469 1345 3739 2445 4767 3379 2311 134 1984 427 3728 134 2784 1848 995 3337 1535 3361 740 1212 1533 3206 3290 2049 4710 4517 4195 3573 4323 2797 268 1993 3457 150 575 4444 3632 3594 3995 895 1090 1850 62 4365 292 3747 2352 517 638 1868 1989 1496 22 3977 549 967 2639 4079 1323 3924 1928 3648 1897 3427 1825 2625 3468 4717 1407 4808 2962 3903 3115 3545 1219 1484 1207 1087 4263 353 2210 4647 4123 3229 3621 1695 311 3818 4736 834 4113 2282 4850 3348 3690 2676 4400 1000 3077 2596 377 246 2449 2548 2799 3610 2674 3283 762 979 191 2596 573 1169 4820 1467 3372 3598 4030 3298 1568 2667 3421 31 241 28 73 4311 1576 2222 172 1932 209 4147 4887 4334 3146 1514 3049 3647 3315 4384 386 704 3426 4606 1932 1433 3141 3843 2901 3121 59 2594 3528 2254 2451 2634 1477 381 598 1418 3821 1110 48 1502 1176 3659 1366 3677 3354 2427 3904 616 2539 2535 4388
1587 1416 350 1538 3979 3715 4500 363 2534 1693 1259 1639 905 481 505 3356 4852 1269 42 4949 3643 3716 1482 2759 4026 4060 2657 946 2770 4880 4255 1988 1546 1342 1948 341 3195 3622 2834 1000 4008 2180 1821 1998 4543 4833 3613 1303 454 60 4475 3429 1275 361 3163 2656 4244 993 544 723 3071 2611 1657 3570 3112 3306 958 546 4007 4556 2133 1338 3841 2632 4041 720 3591 1407 2399 719 348 1842 3102 3325 1549 2947 3341 3537 424 1590 1408 1917 4012 604 4278 365 2525 4945 2118 1846 4259 2971 974 4125 1491 3584 2867 2591 4599 2204 3685 2862 1199 598 2279 3215 3265 933 1172 2929 1988 4347 2223 462 1970 2578 4761 1833 3034 3733 494 2810 2979 3845 4186 4994 3563 1120 2936 473 475 4554 796 3759 3829 1561 3240 3358 3689 3936 2413 3400 1552 4918 2666 4790 4667 1401 2319 2535 4464 4470 539 298 28 1403 2765 891 187 2518 1764 4222 3875 112 3802 3398 2433 4351 2238 4388 4194 341 4319 2390 1784 4848 1227 4153 775 160 4302 3977 53 3963 1923 4773 1053 1442 4474 1446
52 1067 4350 4086 2284 4577 363 2224 2023 113 3196 4559 4260 4709 4862 4481 555 4858 596 195 3239 381 4507 417 2065 4209 774 3239 2787 3165 1714 4741 2777 1792 2954 357 3112 3826 239 303 4338 2252 1130 3648 2950 2857 4879 3729 112 4479 1869 2822 3885 2094 2207 4993 3664 1526 4733 1577 4633 2514 1509 4213 3588 2374 2598 4082 2471 2222 3587 2691 605 29 1930 3156 4217 1439 1755 3554 2630 2774 1924 64 1082 2216 399 2770 403 4771 2276 2251 2175 343 1489 4616 3510 4488 4679 2442 3716 2316 1227 3025 4617 3790 3157 727 606 2906 2761 3939 1983 3272 2237 2429 924 1581 741 191 4374 4143 3013 3793 3000 4002 1196 1881 3749 971 2155 361 2754 3828 3986 79 507 3001 2489 2554 843 431 2417 2058 462 2723 1534 905 2691 209 1260 184 2196 3770 2433 3400 2328 3552 1626 2046 1826 3211 3555 4664 551 789 3909 4368 4527 3620 1219 3383 3840 120 4394 2864 3988 4096 1019 1739 3579 3048 1178 3004 1830 4115 2003 4654 1703 3233 2222 2931 93 2442 4579 3060 1792 3437 2519 2455
2331 4218 4271 1146 3265 3077 2534 2023 385 2471 4186 4900 1837 2224 1113 3842 4019 3592 2580 1932 662 4277 931 4991 599 4900 3794 364 1636 3633 4164 3730 383 4753 4006 4047 2672 3762 3875 4081 1073 2994 4695 2496 4209 2653 3580 4269 2385 3784 3316 3705 4250 753 4723 512 1019 4324 4570 1048 1131 3651 1303 2586 626 2537 1008 3129 4063 3834 1370 1840 1506 3846 3194 3966 1454 4350 4823 3851 2135 2588 4746 2036 3820 3649 3952 735 296 4060 1581 4877 1149 4780 3171 1897 2237 4998 3777 4321 3230 4918 2261 325 4083 4068 1905 2742 2946 321 345 4514 2987 565 2776 3668 2942 101 2120 3897 2133 4411 2532 4324 633 3568 3317 4209 990 3021 1029 3327 2265 4699 1163 555 1863 569 1787 3444 1206 1501 4984 2846 1381 2457 1751 1096 4887 4739 4637 2853 1071 2618 1694 1519 3326 2146 1879 2082 3355 90 906 2466 460 4659 4216 1588 2740 2483 4835 2718 3579 2264 191 3385 1769 2818 845 4042 1304 4721 2797 4161 905 769 2759 4954 4200 251 4888 3026 3584 69 3234 1759 2129 4132 596 4344
4352 2855 3582 2067 313 1099 1693 113 2471 1982 2798 237 3691 4628 4207 1968 1045 2414 2279 2519 837 327 3554 3383 3516 2121 675 895 4592 2236 2603 1060 860 4234 3823 1227 1486 1265 2495 122 4448 4023 810 792 4342 3004 951 4509 119 2691 578 4717 2229 2181 1033 1992 1677 2065 1160 837 3768 2588 2116 2006 189 1964 3011 1524 2278 4002 1409 535 874 905 3957 503 3673 358 993 2406 3221 701 4664 284 3125 4529 1954 123 894 110 4528 402 3008 3734 2950 4565 181 4569 4056 4680 2138 1540 1698 3471 2658 3379 4367 4876 2336 3277 4041 2981 3910 3124 2046 4636 3359 2808 3348 3387 3601 612 2723 4871 3883 2977 1214 2086 3608 4551 3232 2881 2684 2129 634 946 475 4560 3415 4661 4677 3846 1213 4411 3422 343 1221 3763 4271 3633 1216 747 3236 3965 3944 2583 1766 3112 4436 2430 2674 2603 3587 520 1767 1544 2867 452 1590 154 637 1429 514 2854 3502 3410 1848 3011 1505 4649 4881 4448 2578 2660 4591 167 1381 960 4235 3653 3083 3157 4843 1944 2210 2965 3235 1603 4853 2441
3954 3340 4649 3246 590 412 1259 3196 4186 2798 1017 3521 772 4697 3410 673 3860 193 4492 4555 3913 3511 4780 646 4538 3624 3216 694 4693 4633 3710 3146 3056 4991 2419 1509 790 3421 2656 297 1222 887 3180 3446 470 148 2238 4648 962 528 850 4498 4511 4215 3122 3651 3526 3534 1854 2832 4961 2246 2505 135 4749 1235 2090 4520 274 2093 1055 4681 3161 1669 2695 4455 1333 834 1470 3313 4674 788 4263 4496 1208 131 2896 273 4396 2497 3362 4822 1660 4290 4997 328 4629 4009 4867 4129 4923 2665 491 146 4487 3825 499 3359 529 1268 941 58 2045 1849 3915 3163 4630 1467 298 2807 3517 2831 4204 1923 1183 3551 907 3248 4478 361 3278 911 1982 1748 1402 3232 2812 3863 3859 3648 968 2835 288 1537 461 1707 1257 1846 594 689 96 3867 489 1049 3941 4309 4138 1366 2378 2722 1647 198 880 2722 4288 4965 4952 4487 374 3300 1270 4755 4209 2180 1139 456 466 1189 2246 4239 2651 2413 753 395 2943 3298 3743 567 4647 3002 2960 2552 2064 1597 611 1755 1901 1811 1910 247
266 480 1549 3798 3299 4509 1639 4559 4900 237 3521 4100 2435 4844 4570 1592 2440 3377 1315 4735 597 3850 829 4259 494 139 3060 2816 4642 724 3764 3211 3492 2898 3732 2970 250 107 499 3072 4815 939 170 4056 957 4501 3410 3086 3908 1917 1950 4445 4017 4489 4301 1715 2928 4000 1521 4358 3871 4819 1362 3855 4303 3990 4496 986 2832 416 1312 4010 20 908 4145 3001 4100 4672 4100 4871 2240 197 2093 3509 2008 2663 1898 4081 4636 2111 2358 237 1414 2488 3082 1479 754 1722 801 1894 4529 1022 1502 478 3125 970 3758 328 3613 4672 1675 986 1424 4633 672 1768 4404 4633 1849 3281 3271 1412 1036 4847 3019 2398 4443 629 1019 4060 2921 4979 3642 2062 3297 89 3541 2883 1249 1998 4732 4762 3933 2324 4430 4717 3576 4852 4555 3627 1745 4482 586 463 3855 3489 1236 3071 1721 3471 2429 2099 719 131 1072 104 2791 2702 3296 2216 2917 3857 4237 4890 4957 1799 4945 718 3724 4477 2348 2261 380 1648 2820 486 4849 3371 1253 4850 1140 1979 2846 22 1597 624 2084 520 309 191
3372 3657 3190 2253 4081 79 905 4260 1837 3691 772 2435 50 4491 2028 1171 3395 491 120 193 2425 1638 4951 54 36 4763 3384 198 3169 4061 1559 354 1222 3077 2896 1226 3646 360 3567 2161 4574 4558 1072 1278 4577 3310 971 2606 1942 3343 3268 4760 1903 366 3422 3032 3420 3256 4565 12 1862 1072 2871 404 1671 4076 98 1074 259 508 3768 4222 3642 2893 306 97 2172 848 4290 737 1390 4306 1144 2289 4785 164 2376 3136 4762 2684 2637 4828 785 3192 4595 3785 1179 2819 1726 4558 569 1276 1314 2577 4647 2717 2342 3841 4617 656 3981 4559 1921 1034 2892 3181 1569 2215 2166 3824 1013 1913 4399 3847 516 1231 3137 1449 1471 202 3140 208 3215 873 2087 4423 2529 1604 3492 154 142 2826 347 2720 2835 4233 4757 3917 2927 1330 1525 863 198 158 4281 2177 4741 495 2375 1971 2675 2202 3840 3212 886 4939 952 2533 3570 4095 1563 4698 2163 1992 2623 2828 2511 2299 889 2343 2513 1132 4171 3828 946 4159 3058 2617 4023 603 4020 2940 4161 2014 4103 2483 3150 2841 1763 1338
51 3121 166 1268 3030 64 481 4709 2224 4628 4697 4844 4491 3044 4488 2239 4514 806 4551 1951 2081 1914 2781 3415 3574 3537 4379 848 2560 1946 4937 1210 2014 2836 427 3154 3764 3300 1741 4087 2902 193 2159 2592 3630 893 166 2494 4487 3955 1712 4177 2930 351 3527 3666 2396 4386 647 1063 1034 4430 3230 3019 2884 3109 883 2615 655 4934 4295 1601 1295 1045 4554 2499 2062 2615 2252 1750 1090 2674 4535 2020 521 402 623 773 4236 2819 1510 3172 3294 3426 321 670 902 3027 232 3005 4840 2517 2446 4984 3158 3893 581 1674 2932 1596 3552 1661 4680 4262 3361 443 679 3437 625 547 4289 1942 1983 2570 3425 3413 1513 2954 4929 1329 3908 3722 4284 4666 2898 1699 4732 4392 1908 2103 3542 1946 539 1294 402 3705 1587 3081 1373 806 2720 2899 3418 2925 4914 207 1062 1831 3276 1894 2164 1581 4774 4150 3202 4483 3222 1086 172 1277 4268 1682 4162 403 1157 2701 3192 3194 210 136 3635 759 3288 4382 1501 3835 1245 1886 733 2566 4943 2508 4391 1268 528 491 4777 1245 3126 531
2553 1790 4246 2160 1405 4635 505 4862 1113 4207 3410 4570 2028 4488 3527 1496 2050 1757 2650 745 336 956 3429 2920 4396 472 2606 2823 4372 4104 4226 3649 1031 4014 4349 2232 614 3156 4055 201 4773 4520 2082 161 76 1468 242 2692 2715 1532 3739 3676 2814 953 4832 2695 1215 3786 1749 406 1079 4106 282 4060 1996 2949 4539 2415 4432 2568 2332 3230 3433 2024 432 2156 1583 3122 3738 4348 2765 223 3049 1512 4782 4276 4992 692 3661 2142 981 1237 4926 368 1006 424 4776 1942 2556 4040 2063 2777 4472 249 519 2106 1033 4871 2916 3598 3375 3189 2796 1292 4457 3390 2357 2179 286 1776 4458 74 1439 3636 4688 4350 4827 2054 1982 2878 1914 4691 3697 2866 1742 3914 1664 4363 4317 3132 852 3185 2523 4952 4877 2875 1206 457 2830 800 3542 1848 1805 2383 2220 1661 2966 400 2903 469 4889 437 4540 536 4282 1022 2314 1679 2992 1057 3624 2174 2609 2815 1355 2518 4372 1127 2612 1012 2997 4958 682 1167 3569 620 195 3167 4403 4858 3737 2806 510 780 506 1212 4100 3653 2807 2468
3505 4665 26 2411 912 2605 3356 4481 3842 1968 673 1592 1171 2239 1496 2870 472 4746 1144 1378 1385 1012 3555 432 571 2737 860 744 70 4454 2567 3788 1301 172 2753 2078 1412 652 218 3161 3994 4452 2144 2205 1793 2916 4782 4498 1514 1639 504 629 573 3117 2719 742 641 145 1708 4243 3032 2755 2066 1507 1164 3795 4046 1440 1469 4694 154 3359 3612 1778 528 2727 772 4585 2168 2481 1465 1620 2855 2857 2812 2200 917 2366 1723 2638 3468 3371 4339 4080 1790 3521 3060 782 1199 1163 2655 1158 1508 1189 3479 4095 3912 2527 707 3489 4308 373 1762 2002 1616 697 3828 1554 1918 1569 2312 1547 1007 1494 422 869 1821 4524 2913 2528 3880 2523 449 473 4448 3749 1795 4263 1807 2058 1673 4155 2249 3816 4923 675 3724 1887 3639 2819 4431 2600 4238 126 1944 4271 915 4206 4581 3656 4524 1516 1985 1765 3709 2966 1768 4450 167 1891 1685 4965 4868 650 4932 3688 660 2956 2078 4194 4674 3635 772 4761 1826 1975 160 4688 261 3384 3456 3033 3852 3147 873 4540 442 1007 490 1571
4293 2331 2911 1627 2453 4196 4852 555 4019 1045 3860 2440 3395 4514 2050 472 2967 4902 4851 926 4845 1194 3146 3499 4695 656 2231 4677 1955 2468 4958 3976 4626 1948 119 1066 2397 3901 4167 4929 1788 3859 499 997 710 1944 4610 3861 4872 508 1901 1047 3616 4115 3918 1762 1637 1462 876 2316 248 1051 431 1542 2469 1187 3341 2584 1112 3599 478 3410 3093 3216 4894 1847 174 3517 3681 1149 1128 2306 3634 1596 1447 1644 1429 879 4266 3344 2522 4232 3272 4217 2116 493 992 4205 4628 563 4351 174 2584 3356 2928 2833 3270 4925 1925 2040 4402 4280 4647 3408 3076 3903 4827 861 3811 264 1496 2983 732 2459 1189 1956 1324 27 113 3528 4121 3894 4020 1994 2701 2481 2139 1499 3184 2980 858 327 1954 1215 1007 4111 4876 3807 4083 4606 4700 1457 3610 543 1381 4164 4180 2872 1827 1781 3116 4044 3022 3896 1392 401 3070 3184 1126 4419 4964 3785 3200 4226 4200 4471 768 2558 3026 4077 1664 1649 1507 570 2910 4751 1523 4287 2253 3990 4117 743 1354 4090 1720 2551 4645 211 3770 2640
4264 1402 500 4394 983 1170 1269 4858 3592 2414 193 3377 491 806 1757 4746 4902 4171 519 2070 1161 920 4955 946 4276 4516 4648 1296 2669 94 2977 3186 389 2934 4083 3083 2147 2551 3398 1576 2597 3989 2459 831 550 1646 3525 3032 3889 3730 1237 1092 4771 3278 820 3015 2555 4106 995 2814 3550 2558 4886 1638 4250 127 4001 3957 1506 4693 498 1374 3185 3237 2092 433 1806 3279 2326 1396 3980 479 4802 3066 4081 1782 4226 1266 3141 1690 3524 2395 2172 806 282 379 938 4038 398 3068 4554 926 2665 2506 2528 2884 3380 1406 3656 433 3802 1993 2371 110 1668 3270 2131 2543 598 2615 581 4419 4242 1502 4745 1168 4833 4698 2452 3222 4438 2035 2936 664 3216 4074 3083 3122 156 3852 3916 3640 2589 4413 2465 1695 3228 938 4883 4134 2174 1648 2373 3970 2809 4337 17 3631 408 1204 3439 714 1642 4590 4472 1077 4285 1880 4486 1854 2271 4155 4511 566 3450 553 4818 2395 1015 3014 2039 1129 4246 195 3701 3352 1632 1283 1362 1066 4857 3088 1546 3180 4218 4388 2742 4660 3885 3787
226 384 4483 3286 4754 3373 42 596 2580 2279 4492 1315 120 4551 2650 1144 4851 519 4735 1694 3899 1727 2728 1211 2739 3549 3347 4791 1296 1831 3573 591 3859 3534 4964 3898 4226 759 3480 4444 1872 1671 2564 3395 607 4177 4960 32 2099 4903 2543 580 3642 4888 4194 2747 3396 1946 3932 4080 3354 929 3368 473 1433 2951 264 3494 4147 3528 3356 978 1014 2584 3562 3575 2357 1854 1513 1911 733 2060 116 1681 3695 4598 2837 2733 4694 2212 2388 3936 280 1459 3580 845 1391 1509 1765 45 2792 4392 1190 486 2019 4883 4257 668 3905 2394 3655 3228 1569 3924 2169 1686 2485 4372 974 2176 4155 2038 4310 1352 21 3788 4352 42 3305 1764 4679 3091 1805 4837 4840 3167 2667 3018 4037 4701 1923 830 658 219 4937 19 3148 3597 3488 4526 2964 146 1395 3100 2979 3606 4295 1594 4663 996 3016 41 2090 281 3126 4028 3126 4922 743 2083 1627 1920 4789 3928 3378 2105 3613 3600 513 389 3621 4272 170 2060 4827 345 1169 780 2994 2325 3786 1041 4341 494 482 392 4307 4153 4782 3038
4652 3885 2133 1806 2633 2651 4949 195 1932 2519 4555 4735 193 1951 745 1378 926 2070 1694 4312 710 1514 822 3662 2148 718 3153 753 2288 3877 3391 3997 487 4810 967 2488 2653 4563 3515 1401 4139 3178 2255 4968 4862 2021 2205 4421 249 2393 3261 4695 3193 227 4099 4127 1925 3727 2699 914 4105 1563 3664 3246 1793 4882 680 158 3900 2355 4415 3832 4826 3462 421 1906 279 4375 2817 1117 1369 3312 4071 4696 1406 2365 148 1262 1818 1879 2893 3900 4904 4964 1714 1816 4416 4128 2207 492 2555 1088 4512 2108 2834 2554 3592 1143 1375 746 445 4389 4687 3608 3689 3496 3520 1436 2525 3575 3289 3466 2263 2985 3356 480 918 2999 397 4543 1099 2187 2653 2332 410 2775 3829 2780 36 3753 1099 4719 3040 1200 861 4459 775 2832 338 567 4483 4410 3351 744 46 4980 4019 4492 2958 3870 4790 389 2716 286 1474 4590 3380 4784 208 1645 4458 1512 275 4804 3804 3121 1938 4385 3258 3568 3817 3669 4155 4696 598 4388 1020 1025 193 3756 3725 176 3246 4392 3646 4879 648 1717 3819 2359
973 1405 4497 2988 3322 141 3643 3239 662 837 3913 597 2425 2081 336 1385 4845 1161 3899 710 1725 731 3323 2437 2920 4181 1364 1950 4732 4701 418 3296 2229 2959 68 1119 2017 4348 246 4317 1388 2300 4194 3514 4448 3503 4390 4192 765 1744 581 452 2560 3438 1832 528 3429 126 4428 367 4669 4782 2118 4232 1777 2057 4696 1621 193 330 352 1975 4805 2424 3885 3190 1955 575 3126 4501 4325 4070 4756 894 1112 3740 4406 3242 186 4110 4836 1242 4990 1928 283 3891 4094 1163 1479 4745 4155 4913 3682 4265 4033 3797 4605 4564 4681 2375 4109 979 4585 4223 3739 3356 2520 550 4657 4841 3934 1393 842 768 239 2524 2946 1212 961 2655 224 2053 4409 3607 2043 1489 440 1116 4863 4741 143 1684 3784 3860 4597 688 1585 1666 3678 4843 2076 4682 2950 2321 4503 4195 1085 824 1338 4233 1677 2999 2049 2793 96 2501 2419 2062 2780 914 4536 4301 1850 4698 1601 1381 1205 1833 602 4023 4855 12 2626 3905 290 4177 532 4139 4280 445 3430 2087 1326 4469 3295 1406 289 3431 3886 3262
1421 2608 4207 4618 236 1495 3716 381 4277 327 3511 3850 1638 1914 956 1012 1194 920 1727 1514 731 4804 2481 981 4973 3136 2823 3117 1202 1755 2812 4067 193 1398 2022 4470 1289 3637 846 1703 2710 3263 130 4399 3890 3707 98 990 303 4624 803 1860 989 4997 3249 1776 3482 2324 78 2010 549 1361 932 3719 4702 4259 212 4121 4721 2969 2432 4207 4212 3660 4093 1335 1161 4799 4880 2383 3059 4986 4372 1591 1713 191 1992 706 4740 488 2652 726 79 4361 3310 357 2987 4527 74 4234 278 1262 4889 107 4341 1100 178 2871 1638 3441 1806 2068 3933 3646 4518 4932 4138 875 3298 1431 2866 104 4265 1963 719 3666 4337 2557 3536 3696 1638 1887 46 2945 688 2034 1775 3529 2551 3260 2953 4718 4888 4204 3044 3948 1359 1494 2142 3383 2715 2504 166 3822 2500 2906 398 2507 4330 2039 2002 3402 1306 1674 1936 1206 2271 124 587 3885 2988 3666 1430 3829 3382 4068 4474 2792 3531 4045 1417 3265 2405 3202 3780 4156 1992 75 3497 415 4827 1397 1958 829 4438 3847 3547 764 3026 4882
3285 1557 1109 2240 2184 73 1482 4507 931 3554 4780 829 4951 2781 3429 3555 3146 4955 2728 822 3323 2481 4228 1220 1511 1717 4785 4101 295 259 3636 2640 2070 80 77 1741 715 3988 62 3672 2848 2331 4551 1912 1872 3504 4039 930 1881 3489 2196 2409 3857 1357 3727 1989 4297 4522 3571 2930 3051 1233 4538 1995 2774 3598 1857 4344 3308 1027 1013 1581 3921 1088 136 2285 2771 2011 2570 2478 2568 4514 4372 2119 79 646 2545 2873 2344 1458 4706 4234 803 1022 3011 3541 3512 3069 4961 3596 943 2730 4643 4781 4501 4107 2381 4571 1512 4752 4143 3643 892 4665 4577 4354 20 2966 162 2601 206 94 3025 2816 1681 4197 3793 3274 255 1093 4258 4799 4289 2154 594 4991 1341 1343 2338 4334 12 498 1039 175 4623 2218 2912 2029 2940 1640 3661 2429 2943 4110 1244 2572 1778 4372 751 3324 4961 3815 4801 46 2893 4352 2199 2227 3985 2972 2868 3444 3227 1772 2623 3634 202 1205 3012 1515 1595 4910 2806 2571 385 482 1389 3154 3136 3965 766 2747 1580 4898 4675 1416 1843 505 2743 3836
22 4536 4426 4137 1607 4469 2759 417 4991 3383 646 4259 54 3415 2920 432 3499 946 1211 3662 2437 981 1220 4417 3672 1397 3790 2392 1476 4815 2867 3380 546 4046 2165 3905 4811 2110 1084 2937 1437 980 55 2836 21 96 710 67 3626 2774 1633 2816 4824 2012 3790 1418 983 2042 3808 2481 3845 481 275 1491 501 1826 2356 3966 4613 4442 1171 2177 2611 422 2925 385 3395 665 1178 991 4037 4971 1048 1438 2293 2009 1945 4541 3964 866 1798 536 162 1671 3580 1158 4678 1759 1012 4620 675 133 808 204 201 2126 3000 4399 3932 1830 3640 3781 4483 2259 2479 863 1433 3767 3464 2635 4836 2683 851 626 1891 622 4678 4209 4517 1306 2138 2359 2774 4574 3822 4817 326 4666 3311 2753 1850 1275 1122 4578 818 1922 1585 3127 151 3645 2735 2467 1783 4222 276 4331 4906 1169 3585 3422 4495 3092 29 4578 2850 3423 2018 226 2654 4869 1148 3901 1596 1155 4150 3378 1050 2684 288 1023 2313 1076 2215 2386 2507 676 2419 280 651 814 1346 2441 50 2064 4599 4180 2068 687 1862 1961
827 1191 3213 3109 2801 1345 4026 2065 599 3516 4538 494 36 3574 4396 571 4695 4276 2739 2148 2920 4973 1511 3672 3975 1656 2646 103 175 1436 2240 2376 4470 3716 1411 1467 3032 4067 956 2363 521 4739 4961 1665 86 3418 3662 4625 3398 369 2998 1619 3122 2760 1647 1489 1122 2267 3507 351 129 2581 3249 3136 4055 493 3840 4085 3431 638 1145 466 3978 368 581 757 3312 2666 1440 1174 3430 737 3311 989 2697 1490 4560 3290 2327 1984 2419 4212 2494 2439 1361 1801 2180 3536 3021 4996 2214 3310 3984 348 4829 2122 2187 4273 3528 3906 2748 2722 1616 3461 3952 4608 3042 1316 741 4859 3323 831 4171 4971 4191 1432 1116 2139 4051 2817 1124 1196 1316 4015 850 1333 4608 1777 2136 1969 2759 697 4740 1351 4155 143 2447 1359 2317 3174 480 3063 1536 394 2887 3055 3198 3155 4278 4320 1513 3883 1922 1234 1384 2167 3475 31 4201 1259 3639 2272 4974 3948 846 4716 2552 2344 2137 2246 1186 3204 1644 1970 2916 3046 1973 4273 165 1038 2234 4423 3777 2398 2700 428 4340 904 2031 1709
4626 1323 4573 412 80 3739 4060 4209 4900 2121 3624 139 4763 3537 472 2737 656 4516 3549 718 4181 3136 1717 1397 1656 4737 3822 3124 1693 2085 272 620 3841 1119 2150 176 1336 2689 3281 2883 161 875 1820 957 3148 870 3549 1947 3028 3746 3216 2678 579 425 258 1224 3136 3965 3538 2284 3810 2075 1404 1298 3342 4190 2941 1997 2492 4943 4750 3780 3111 1756 1616 2820 4632 1183 3038 583 1190 4479 4211 961 4499 4567 954 1423 2167 971 3167 2570 4625 4731 2243 786 4997 3269 1702 2476 3671 3469 2405 1550 3496 4631 3143 32 4892 3378 1973 917 4378 4183 4466 2890 1954 313 1591 2228 4445 878 3021 2720 2761 2297 3102 487 4263 4474 870 570 451 835 1331 4194 3601 493 2799 3116 1095 149 246 511 4147 248 1717 1394 2796 1989 572 511 2423 3610 4422 1423 1362 4095 3348 4883 2938 2380 3070 1159 589 1860 2773 4834 1776 1500 111 4441 4674 1787 2619 1269 4156 3082 3942 4703 3293 4677 685 2110 2451 1316 4056 1766 141 2313 3485 2029 284 2365 1796 1781 3577 4366 1261 2321
919 4149 1964 1888 96 2445 2657 774 3794 675 3216 3060 3384 4379 2606 860 2231 4648 3347 3153 1364 2823 4785 3790 2646 3822 4979 4621 4544 912 1617 4617 725 2018 3797 2406 3513 1532 1872 2813 3878 2547 2097 4000 3275 1742 2896 3866 2202 1795 1155 2357 2867 1158 4973 898 2864 173 1259 1485 387 2609 1526 3742 4011 3321 1402 3260 489 1217 562 3409 3170 266 1273 208 4097 1395 3472 2784 1913 4013 4975 4998 2068 4571 3538 3654 1417 3122 4432 3512 4207 4937 1466 4802 155 1379 3978 4773 4558 1294 267 3660 1911 1590 4984 2085 2038 4058 3431 1828 3821 3172 145 3211 1786 2222 2136 1009 2354 2006 4570 4637 4626 1460 348 1577 2416 4997 180 1145 3313 528 1477 2033 1898 4337 2383 961 4037 1317 4603 1948 3080 882 538 4502 4334 3686 4825 1441 2141 4622 2422 88 4788 2629 1405 3692 943 3305 217 2994 832 3561 3181 4464 308 4656 1477 2264 4066 3857 3925 3487 996 4065 2631 786 768 2300 4896 2733 2411 3088 1147 3804 528 4831 466 3312 3718 2053 963 3528 3721 3585 1063 4144
1121 3573 3646 908 1721 4767 946 3239 364 895 694 2816 198 848 2823 744 4677 1296 4791 753 1950 3117 4101 2392 103 3124 4621 3252 317 1787 4431 3931 4271 3438 394 1363 3266 3126 4714 3045 2435 1657 164 3414 2446 1530 1703 1905 3307 81 893 2035 4844 1839 3387 2941 1105 4105 231 2696 64 2674 998 1717 3230 1934 2901 3371 1341 4072 1480 1140 4562 3283 4783 394 4403 1649 1588 2397 178 377 2463 1587 4727 4315 1571 3558 1392 2291 2172 3321 2515 1411 319 1875 2406 4376 1818 764 642 3416 745 3642 2612 3047 4322 1921 1508 2953 1097 1867 396 3056 4219 653 576 3717 2417 1783 4892 2865 3700 989 1583 1389 3919 1840 3456 4563 1348 206 3007 112 2891 1455 4458 4234 4021 1971 3296 3135 2255 3996 4571 2167 4841 1050 4597 586 1237 1245 3847 3431 3279 3935 16 1924 4638 4124 2524 2793 2432 3443 4458 1634 3116 1602 977 1211 3216 4307 3493 2347 1579 3902 468 3783 3451 1045 4576 574 504 1468 3759 3283 1398 4657 1380 470 1295 1680 188 4321 1776 1487 1662 4154 2709 1827
1801 3348 1318 2241 1216 3379 2770 2787 1636 4592 4693 4642 3169 2560 4372 70 1955 2669 1296 2288 4732 1202 295 1476 175 1693 4544 317 929 3125 4796 1873 891 1062 3929 4598 3346 2553 1471 4153 3027 3763 3616 2811 2529 4059 581 2095 4123 827 4221 1598 3880 3682 1953 773 1274 1853 1465 960 1776 4920 3082 1219 2130 4353 3042 4096 2155 1136 162 2540 1550 4903 678 635 3571 2663 2216 532 3778 3301 4710 988 3040 777 42 3792 381 498 675 4616 4385 341 856 1462 3113 4265 2424 1982 3719 1619 1734 4190 3854 4492 4496 538 3298 3745 3159 3859 1865 4029 2122 738 337 2624 2673 1214 1264 1279 3141 241 2748 1267 1959 4820 4960 3589 1497 2146 1883 4603 769 4630 3745 3062 941 3692 4274 1289 4137 2250 3501 577 3344 2857 2919 1007 2212 4059 406 4208 243 1573 3999 968 3225 4425 222 1774 593 3902 1258 256 43 154 2136 2386 4512 1083 2461 1350 786 1935 3195 1412 2745 1011 3420 2166 1344 4489 4256 4254 858 4505 3688 4012 2183 4595 3704 13 2556 3417 3151 1484 2571 61
2109 3739 4620 4464 1141 2311 4880 3165 3633 2236 4633 724 4061 1946 4104 4454 2468 94 1831 3877 4701 1755 259 4815 1436 2085 912 1787 3125 1011 2721 606 4865 2733 2703 173 4012 2570 3156 3615 3768 2656 2674 4484 476 134 278 2619 1391 2407 1716 228 4574 1481 4014 1332 2280 1538 2371 4579 1204 3435 248 1634 582 349 653 1064 4778 3545 2017 2834 3907 3064 3830 3815 2636 4060 2806 216 1357 4128 1224 805 2226 1103 1376 3797 4843 1593 1795 659 1583 363 4822 1054 4833 825 2708 2974 4134 3943 4473 3344 2500 3935 4445 1868 1333 3704 3024 4466 4184 4568 2623 2400 2589 4908 1465 4810 4865 3440 4109 3680 2048 124 857 3851 4235 3817 1400 3205 1222 4441 4366 362 4638 2960 2096 261 539 3869 2656 1437 237 1147 1566 4484 3267 468 1567 3968 291 4262 2588 1146 4579 1328 3477 2873 3884 3855 2238 1759 4691 4203 980 4150 2344 2203 3242 213 1132 2047 3219 4631 4605 3309 882 1008 1461 3388 4219 4966 913 1506 403 683 2479 494 2947 1717 135 415 4290 848 582 468 2949 2212
607 3821 1786 4318 2019 134 4255 1714 4164 2603 3710 3764 1559 4937 4226 2567 4958 2977 3573 3391 418 2812 3636 2867 2240 272 1617 4431 4796 2721 2695 4636 120 2562 4534 2512 806 4339 4893 1674 1961 3697 131 2348 4377 1195 755 3856 3988 2970 1000 4145 4617 835 1072 3210 3197 1372 2831 3272 4079 4672 1130 2599 4786 1447 3653 2187 4320 1223 417 3443 3183 3933 1273 1024 3742 2876 557 3006 2781 3685 2459 2081 4912 2027 3720 98 1598 3630 3979 1279 1508 4180 1868 3250 1127 3396 2592 2229 3487 1847 3046 3936 1919 4879 4162 4489 2012 4804 2674 2161 4465 2572 1496 3592 864 4943 2406 545 1583 1787 811 531 4687 1254 4988 4874 1875 2725 205 2853 4056 2657 2670 2842 4386 603 37 1643 4754 4446 3289 2708 2738 112 36 2745 3766 4609 3025 3482 706 3230 4140 3258 500 2780 256 2478 2156 2321 2526 776 2367 3048 3037 204 2870 3351 4961 4915 2285 635 3371 3001 1157 408 513 4477 2901 4339 3738 2123 4927 2733 150 404 636 24 1100 3369 4827 3839 2421 2491 4245 4125 541 3638
3062 1209 4608 3125 2381 1984 1988 4741 3730 1060 3146 3211 354 1210 3649 3788 3976 3186 591 3997 3296 4067 2640 3380 2376 620 4617 3931 1873 606 4636 4635 1775 3995 205 4269 1252 1134 1911 4527 4861 1735 1271 1110 263 3531 108 4843 3890 375 476 2729 3860 2061 896 2493 1602 58 1340 1221 2760 159 3881 3693 3856 1938 4368 1703 692 4368 2016 3641 838 4440 258 2151 3174 149 2219 4988 1069 53 4077 4573 175 2732 25 3724 4613 46 1679 1727 2868 1839 2400 4853 2312 3569 1476 3377 3894 3541 2705 4286 3148 1642 4791 2787 4064 780 2810 1510 915 4076 4150 4224 1940 4551 3399 4067 1594 4057 2047 3443 778 1036 2372 2929 4616 3755 953 3109 995 439 4419 3955 3477 2243 4045 2086 4120 678 911 3945 878 1756 4481 3009 4145 4429 4577 2543 1981 4697 1778 1266 1520 1508 940 4061 3560 3152 146 2059 3099 1563 2771 3401 3375 2377 3247 2774 1898 4747 2264 4385 52 4416 3082 1797 1174 4772 3493 328 3458 2941 4989 4976 1250 3680 3344 4044 4791 1432 4422 3122 3152 3558 355 3495
3861 4584 3654 1464 2539 427 1546 2777 383 860 3056 3492 1222 2014 1031 1301 4626 389 3859 487 2229 193 2070 546 4470 3841 725 4271 891 4865 120 1775 1700 1620 3588 334 1173 657 399 1806 3846 4684 921 4871 2626 1572 2023 1684 3127 4145 3128 561 1419 4934 2132 3091 3077 3197 4118 1137 4993 2303 4910 3503 809 3278 473 1639 4104 100 873 877 3376 1551 4535 4050 1048 3072 1182 2169 1829 3705 69 4564 1681 4505 2939 4615 1253 1187 3777 559 4617 3892 4666 2264 2828 1285 443 4741 2750 3398 2407 2803 2354 4546 4103 2401 1076 2364 1127 1297 2073 4680 1764 1981 4697 3600 3768 3240 4709 1776 1551 523 713 506 2635 551 154 1300 1706 501 3762 4472 3504 988 1472 1083 877 1095 3426 2816 4168 254 3808 1236 1423 2311 1041 2995 3758 1958 4612 974 4023 3700 3327 3119 1463 981 4714 211 156 4598 4301 3494 2095 116 2647 108 2513 643 2532 4380 3699 1787 699 3032 1591 518 4689 2644 269 2281 4951 962 3360 4409 4136 4277 4430 3117 2541 1028 3731 249 3685 488 187 2276
1253 4860 710 4793 2449 3728 1342 1792 4753 4234 4991 2898 3077 2836 4014 172 1948 2934 3534 4810 2959 1398 80 4046 3716 1119 2018 3438 1062 2733 2562 3995 1620 1087 1154 1516 4357 3371 4210 1437 3590 2630 1407 2802 283 381 2630 2437 2538 572 2780 1302 3609 3988 1860 4680 779 601 4171 1946 2291 4833 2566 24 3315 1151 1320 2204 709 2106 3568 4060 102 3843 2737 695 361 303 1820 884 4754 4960 3270 159 4603 1980 801 4445 1547 456 1148 1354 2783 360 4732 3099 2265 347 4953 1541 4982 4275 4320 4849 772 2668 4627 279 3477 3521 4771 4197 2103 2670 4373 2165 3850 4140 3803 1955 2130 2983 3082 4759 4002 3176 1624 778 4418 1976 4923 3453 1235 806 198 307 1890 3399 1175 3837 2334 4946 3477 2200 3561 3877 2658 3727 179 1359 1234 1417 2968 1478 1340 217 2636 3165 505 758 4597 3557 608 754 3942 2480 1042 3439 3180 1436 4677 4718 2323 2014 3362 4216 1171 4328 2915 4273 34 4949 3606 2188 1229 3596 2907 4360 4533 2175 20 3401 3823 3305 2288 1489 2295 2567 319 4609
2554 600 806 3381 1315 134 1948 2954 4006 3823 2419 3732 2896 427 4349 2753 119 4083 4964 967 68 2022 77 2165 1411 2150 3797 394 3929 2703 4534 205 3588 1154 3195 4439 3569 1750 3671 2643 927 854 4499 4775 4766 2940 2985 2412 3539 3905 459 3061 4865 4529 4488 2392 4833 4888 3520 2010 3521 3722 319 1508 4368 3101 4516 1634 4401 1714 2762 2829 3055 2484 2569 2780 600 720 1074 23 507 282 3725 138 794 2690 3727 648 3957 2277 3820 3644 1899 4853 1185 2065 3415 1240 3278 1902 1440 4612 3969 3170 1248 2743 1113 2457 3192 229 240 1823 1457 3294 3252 826 2009 3243 4798 2846 3814 806 1375 3624 4162 4133 3624 777 4784 4429 3949 1610 1277 4735 3660 4810 1393 424 3081 4432 1952 2516 1524 3051 2517 3702 1764 1354 1087 4903 3360 1407 1246 1565 2507 3589 3398 1626 1918 4586 823 4334 1565 2494 372 3342 2780 3336 1350 2954 3431 1559 458 4989 1616 197 2979 4002 999 4185 4016 4585 1708 1738 4679 4090 2643 599 4068 3283 1804 4860 2427 3106 1216 3386 1580 758 2450 4039
3480 1010 3556 1425 554 2784 341 357 4047 1227 1509 2970 1226 3154 2232 2078 1066 3083 3898 2488 1119 4470 1741 3905 1467 176 2406 1363 4598 173 2512 4269 334 1516 4439 356 4252 3880 2494 172 3487 4107 627 3110 1614 2417 1270 3589 1663 23 753 3714 1536 1175 4547 4745 1100 2737 4707 1812 1386 4115 2505 3613 2011 2871 1762 481 2817 1954 3752 3078 947 937 3287 2011 832 4735 4857 2005 2623 4656 3562 4106 4863 3718 668 2536 2019 4298 1789 557 3392 3233 1043 817 2792 3740 2011 608 2746 148 1354 2699 1961 281 1912 154 3497 3944 4293 3610 2948 138 3173 2040 4004 4374 3896 4471 1345 292 3998 270 4895 4910 4762 4547 403 4178 3070 3768 1244 1530 4580 432 3598 1803 215 4802 16 1501 1245 4699 644 2027 402 2639 4563 3945 3670 1604 396 4035 2831 2325 4890 528 1061 2579 2365 1104 2747 764 2595 3499 3182 1840 1854 1112 2131 4307 2473 2697 948 2989 1021 1716 1544 749 2171 1346 2726 1156 1019 356 1074 3664 672 1059 3331 3725 209 504 625 2451 4530 1048 1379 4220
340 1371 1786 2244 835 1848 3195 3112 2672 1486 790 250 3646 3764 614 1412 2397 2147 4226 2653 2017 1289 715 4811 3032 1336 3513 3266 3346 4012 806 1252 1173 4357 3569 4252 4573 1179 247 3119 817 3834 993 2650 3509 1564 1217 3428 1863 2038 2379 3388 4194 2891 2009 4976 964 216 2963 725 724 2014 3905 2551 4787 4563 2867 3936 4377 3491 705 2548 1258 3732 4307 955 1547 4366 496 2599 406 1268 3420 1253 4036 1295 2949 4487 2229 4489 4547 3732 642 4954 4983 1643 1462 3049 1900 3383 2991 2033 4693 1474 3135 1797 3143 1802 4878 4185 3740 1144 782 1095 303 3179 68 4280 1826 3074 1668 4278 2625 537 4678 2925 617 2868 3045 389 3102 142 1003 3014 920 477 248 4342 1111 3427 4150 83 2584 2438 587 484 538 4292 1083 3342 245 1546 3776 3419 968 4210 3654 2686 3995 3401 343 1246 111 2013 3897 1746 4604 813 76 2755 1728 3668 4024 1521 2024 527 335 4415 4882 3492 2802 1658 1159 1138 1027 814 1006 1835 1953 2467 4437 4146 3995 4855 4289 847 4688 4846 394 1147
1273 4338 1114 2539 1483 995 3622 3826 3762 1265 3421 107 360 3300 3156 652 3901 2551 759 4563 4348 3637 3988 2110 4067 2689 1532 3126 2553 2570 4339 1134 657 3371 1750 3880 1179 1552 3444 1994 3738 2006 3513 511 1651 4054 1517 4159 3645 2845 3198 158 946 1288 4835 1756 1001 1454 1812 1496 457 3349 1160 4635 3547 2590 1009 2317 564 2918 4593 3487 4571 2061 1469 1072 1708 56 2704 2860 3901 4399 3022 48 1229 3480 3530 945 209 1081 2027 175 2761 3449 3153 2617 4696 1302 556 357 2547 375 4790 640 2516 4602 4156 2646 3494 2256 2299 2881 1519 2347 2281 3171 363 3578 303 1081 1693 3645 3830 1776 258 586 1508 4474 3581 1193 1083 3482 302 3511 4406 3805 833 4880 751 386 2805 2661 1060 4552 2865 4184 3817 2499 3578 3383 2023 2621 1936 4452 1361 2144 3591 2778 410 4348 154 4601 1023 2941 1168 4608 3936 709 281 3942 2729 2289 4005 324 2562 4323 2451 2533 3746 4767 1289 2878 2107 1024 67 3423 1456 928 4279 4416 3993 1888 867 4597 2974 1558 4209 4085 1437 2939
4607 2917 1419 529 1353 3337 2834 239 3875 2495 2656 499 3567 1741 4055 218 4167 3398 3480 3515 246 846 62 1084 956 3281 1872 4714 1471 3156 4893 1911 399 4210 3671 2494 247 3444 3054 560 207 2584 4406 3968 4606 2163 2398 3636 1334 1266 2795 3580 767 4636 2126 4888 2273 2978 2719 1078 2328 3834 2594 1979 1871 3523 1981 456 685 744 3214 2138 4139 3019 1929 1950 3480 589 547 927 4589 3170 4425 67 429 792 3453 3516 3241 4640 645 3373 4475 3720 4199 3456 3056 4800 1674 4983 4116 1214 607 1265 1320 4558 2315 3452 4993 4888 1996 348 1299 3083 2117 629 1084 3005 4150 1081 54 312 2595 132 662 1038 4841 2897 3773 3246 1235 4194 2244 1368 2990 3036 4966 4196 3360 538 4107 1158 3965 858 3518 4692 3581 2090 1839 2251 3407 315 3295 4092 187 4963 3911 2290 3478 842 809 1422 3291 2300 1420 2283 2882 2881 4485 928 359 3964 4142 4526 1585 4203 1490 3276 3161 809 3088 2627 3618 4373 881 4194 4746 4706 3711 1777 4055 1865 3427 48 947 984 4494 4032 3445 2928
1809 3230 522 4248 3930 1535 1000 303 4081 122 297 3072 2161 4087 201 3161 4929 1576 4444 1401 4317 1703 3672 2937 2363 2883 2813 3045 4153 3615 1674 4527 1806 1437 2643 172 3119 1994 560 4908 753 1357 2074 4700 2735 668 2993 1121 4512 4636 786 142 1593 424 3387 2798 2012 4851 3634 4066 711 1814 4034 4269 3260 3759 4442 3825 2076 2602 4921 1929 2101 428 3820 3455 1864 4810 3420 2157 1751 4451 57 2198 3042 698 3334 503 2664 545 4246 3443 2827 549 1062 3045 3296 1633 4107 2686 3137 175 3778 4997 674 145 1965 1250 1857 3692 3711 415 4244 843 4447 2079 2181 4866 4198 2737 2482 243 2428 4593 4967 1969 4851 2248 1970 3900 2963 2379 4125 4808 2404 441 2653 2855 3582 2357 2098 866 4566 4661 4187 4474 3341 3672 2701 485 740 704 3915 4831 203 166 4567 1566 4468 88 1845 2214 1027 1295 1483 3589 233 4869 2924 4920 4046 1745 369 3938 2339 4419 281 4910 1730 1442 4401 372 4611 70 1895 3644 3326 1537 124 1688 1152 3909 1654 4844 3225 4725 1503 3347 1002 2736
