N: 200
M: 90
Symmetric: true
Triangle: false
2 129 79
1 108
2 186 26
2 170 67
2 107 194
5 183 112 62 73 164
2 125 86
5 44 83 180 167 151
3 190 128 152
1 25
1 41
2 66 33
1 153
1 22
5 126 82 134 105 51
3 124 173 68
3 42 40 90
1 57
1 34
2 55 115
2 165 84
1 4
5 2 1 117 197 59
1 200
1 179
6 20 12 195 175 89 27
3 64 39 116
6 47 162 52 177 15 18
4 192 104 53 7
1 163
3 81 69 161
1 127
1 31
2 139 193
2 3 95
3 58 149 54
2 120 184
2 157 80
2 88 145
4 199 122 65 150
2 181 78
2 24 191
1 189
2 172 6
2 103 23
1 185
2 77 5
1 32
1 171
1 70
2 28 174
3 48 101 9
2 35 156
4 168 113 87 188
1 169
3 43 14 21
1 16
2 46 56
1 142
3 114 106 109
2 38 91
1 118
5 187 29 130 71 144
2 94 10
1 99
2 96 137
4 100 13 121 166
3 36 19 93
1 49
2 45 136
3 148 8 50
2 98 92
1 182
2 160 11
2 72 138
1 141
2 154 133
1 159
1 17
2 140 132
2 111 60
2 63 61
2 102 119
3 176 123 135
3 155 110 76
3 75 97 85
3 143 146 196
2 74 37
3 178 30 147
3 131 198 158
2035 4023 392 1084 1371 3357 3331 2971 4665 157 3407 2358 2285 32 3410 1492 3210 2393 1248 1503 2850 1615 1640 2140 1613 821 1328 2556 979 677 981 888 3657 2099 3931 1445 3941 2727 2163 1753 4689 2077 1044 3013 637 1673 531 1091 3294 874 3069 2284 3639 4480 2348 4555 4597 4866 2211 2980 4978 3071 2379 3065 4887 4432 2073 4744 1825 3646 1986 3628 1681 4960 4707 1373 974 4359 1421 3178 2248 4150 769 3379 4425 4476 3822 3397 904 2504 2901 1800 725 1282 3746 2929 186 3517 637 4604 30 1697 3515 2667 3770 2325 2835 3866 1599 4618 1101 1767 1367 4906 1658 3098 4656 2612 323 4336 2586 3643 25 4323 348 3311 1076 2417 3040 3996 543 2831 3661 2166 1104 1830 2485 1218 2153 3589 3602 3148 4282 3768 3313 405 970 4102 1621 1359 2814 455 59 3767 2187 2218 3768 3633 3556 3182 1432 4434 4404 1045 2305 1311 103 1963 142 4428 2492 3699 684 1493 4712 3686 2093 1453 2141 3950 1362 3296 246 950 251 3612 3042 3328 3529 3036 3630 985 319 4528 3663 1386 3103 1567 4520 1821
4023 573 4752 3357 1420 3201 3813 2118 3192 3616 4568 2161 2766 324 4592 3510 2084 3790 4683 2507 1851 2781 521 4404 3273 4891 806 244 3048 1718 1359 3834 2651 4637 4869 4171 1055 1074 2571 1474 3342 128 1046 661 3912 1054 1210 212 1451 1518 1562 4764 2500 4262 3579 361 4662 1366 4260 771 2912 4666 2772 401 537 2344 119 1999 4657 2791 3872 1733 276 1448 3253 3145 445 1053 3711 1875 2427 3721 4814 2145 2166 138 1781 2364 4935 2865 4582 3769 4964 830 4061 1434 4899 735 3771 2742 1650 1635 2309 895 554 2667 357 2264 1832 3142 3292 3274 4701 2830 1450 3712 731 3323 2794 4193 1580 1270 1123 4026 349 3161 2928 1281 4032 176 1709 798 4164 1059 3506 2216 3659 4992 4904 3325 2442 2891 1623 536 4717 2793 1677 3191 3427 1418 3123 1527 1944 2967 4588 2889 3809 923 2149 130 4839 1687 581 2046 3632 1367 2046 1547 4544 2088 4734 2187 4290 1048 1460 1985 2212 1076 1953 1112 2564 781 1149 3172 3841 2554 4969 4834 2926 342 1359 160 3347 1621 4764 3790 62 1964 4155 2054
392 4752 973 1721 141 1332 3286 2096 3918 342 2116 1597 2097 4097 280 1474 3822 4474 2889 4720 2519 1244 3017 3076 703 3461 4994 816 4937 2445 1069 4960 1184 2594 2782 3171 1738 233 4202 656 4372 1815 4624 1604 2163 4201 4346 1081 3733 422 2689 3712 3820 3265 1124 2196 1162 2500 3436 2689 2968 1340 458 3642 3773 3768 1197 1861 3105 4591 4377 2138 2475 3374 3658 3582 4015 2991 1198 4271 1227 3242 602 553 4684 568 1141 920 2816 1649 1164 1658 1068 1119 204 880 1857 1904 1428 3343 3694 1094 1596 282 4483 3648 3693 1931 2401 661 3544 1476 410 2143 3543 2830 2008 3186 2262 4808 3510 4628 1442 1041 3928 3695 663 552 798 3303 3237 467 2274 2389 452 248 2957 3356 3102 3966 3212 566 3454 1637 1719 4603 110 1698 1000 3753 3350 4313 2683 2196 1992 2536 1824 4853 540 4477 1176 3256 1781 2835 4347 569 137 4335 1759 2008 2723 4037 1663 2871 708 2331 2394 4597 2527 1344 1151 3005 2292 1983 3437 3948 3787 2124 2642 526 3980 1206 2123 4075 4168 223 767 1443 3313 373
1084 3357 1721 258 4682 3440 2342 985 1015 3590 627 4812 25 423 4855 3649 4482 3453 1309 1434 2276 4090 2597 1589 1991 4875 3388 3445 3370 2975 1074 563 4973 4354 332 103 14 4696 1204 187 4309 2436 3453 1839 2476 4126 4621 3708 2420 3436 1101 498 4461 4622 712 3295 1521 3946 1206 759 3911 3492 2008 696 3464 4962 284 4809 2138 4635 2603 481 647 1577 2650 1650 539 3887 4501 3982 1316 4777 2942 2858 40 4385 2045 4443 2517 2511 3587 4361 3317 3639 113 3169 538 3555 1099 2260 1840 768 1693 4789 3171 976 2999 4785 2191 1130 3021 828 4197 2748 1060 1421 4309 3544 788 2212 2862 3270 4478 535 498 2088 4694 1168 1555 3935 1296 1216 427 4084 2194 1836 875 1885 2309 4224 3330 3277 4187 2463 2936 4030 4197 3356 4034 2048 2007 88 2229 2056 1821 2454 699 2292 4748 2741 544 2745 1422 693 3519 1548 1753 1460 4353 4751 4934 2195 35 91 176 4815 666 1749 4985 181 3135 4232 1502 3003 1317 4220 3490 3169 955 2641 1003 883 1518 347 143 291 2450 3278 1236 455
1371 1420 141 4682 319 2871 893 3986 3885 2292 2549 219 2225 4731 438 2120 480 951 1864 3431 441 776 1438 1543 1210 3863 4170 3446 1918 4056 2299 1934 2310 1094 391 2183 1229 4840 4256 4716 2885 4054 312 3096 515 288 2375 43 812 1124 1388 873 3984 797 357 752 936 2737 1956 2360 2956 63 2163 2225 1375 2375 2783 166 4919 2997 782 3026 2955 1563 2354 1484 4761 2085 1747 2282 2835 3935 2694 4247 422 58 929 93 1058 212 787 596 774 2307 1194 4784 1825 2296 1805 3461 2220 3676 3959 797 936 1368 3337 49 1839 666 3187 135 4543 4046 246 4733 1014 3841 1081 4604 3360 329 4643 3432 3781 2925 3610 1840 4344 1224 4918 1370 1705 1064 4045 1296 2640 3333 2657 3001 2050 2134 33 1134 3441 1459 3129 160 2479 2280 4962 3696 1790 3020 3132 4449 3060 3136 1950 222 1295 800 4270 2276 1293 520 2359 674 4952 2506 1790 4293 3844 624 4202 3594 2876 3813 2163 2135 3097 771 3864 1455 4665 4204 2099 1045 2701 3061 945 571 1629 2264 1620 1640 4558 4086 986 4151
3357 3201 1332 3440 2871 1277 4695 2943 435 2816 1845 3183 2191 2800 4552 4822 2131 3371 4711 828 1077 4297 3265 2946 3254 3034 4673 1405 4188 4570 4122 1895 2497 790 1118 3793 1779 4417 1040 2955 2867 1874 4089 3260 356 4819 4350 930 2533 3010 4201 1405 1712 1582 4099 2925 983 1823 1236 2618 1624 3171 3705 4603 2830 776 2593 3206 3248 515 3847 2507 365 2035 340 838 3549 175 4123 4706 2174 158 367 350 2932 933 3574 3115 2276 4252 3749 3194 356 3616 3854 3952 99 2979 4578 4953 4198 1713 1368 1788 2782 2812 1768 494 1274 1467 4013 3822 925 1935 4592 1191 190 4354 349 4381 341 1274 1966 2887 4766 1121 3243 3121 456 2037 2509 1783 1171 2230 4197 480 4186 4905 3583 1010 1788 1103 286 268 3237 3606 66 2405 1585 4677 4516 2883 1101 3403 4320 4386 211 4075 4894 3148 3938 846 4407 2384 959 4952 2011 3669 322 1505 1073 3035 3795 2790 187 3544 4427 3897 2048 353 4421 3515 4889 2450 2677 1853 175 3366 2234 4813 2098 1281 1349 4537 1459 3158 2254 3002 1706 3640
3331 3813 3286 2342 893 4695 3951 1906 3035 2608 3157 3088 4510 4776 3338 2487 4169 3460 2438 1892 2559 2064 4873 2502 4148 3831 3419 4654 3235 4491 608 2962 4095 3316 323 2937 1130 1764 3146 3210 4226 445 2385 2412 1543 2231 3010 2792 4271 2447 927 85 983 3723 2787 3657 335 3782 1648 957 4388 862 3505 371 818 964 1631 2099 4981 1732 4130 4453 821 372 2967 2594 4916 2919 1291 1434 4936 4856 1880 4943 3857 3303 3221 688 4863 873 2487 785 809 4830 2694 1081 338 4382 3656 265 3251 1629 2980 47 4135 3864 4482 3712 3589 505 3712 4849 2831 379 4051 3884 3335 4182 4949 2453 3229 4328 2115 1508 2898 3861 1010 348 3166 824 4923 897 3278 2097 4062 3461 754 524 3048 1816 4144 3702 804 1898 3717 3267 1039 4781 2906 2137 2557 4686 2997 660 487 4338 4715 4134 4878 782 99 4746 2729 546 1838 2171 3878 1979 56 2387 3011 4566 1673 1382 2219 2027 4233 675 2388 380 2595 4304 2816 3623 2002 2729 3325 3297 4729 4143 270 2011 1403 3231 3281 2000 1186 1582 1833 1182
2971 2118 2096 985 3986 2943 1906 1511 356 2308 3407 2139 1976 3422 929 4008 1940 1085 3964 1678 2964 3845 478 4368 4331 1561 2776 3869 2252 3760 3652 2450 3798 3864 3691 4644 235 3410 3548 4664 2906 2682 4114 1079 99 4989 2960 4520 2992 475 2106 181 419 2933 1971 4159 1294 1819 342 3362 3452 2372 3745 3992 4469 2022 907 50 4565 3003 4327 1434 3924 2229 202 4179 183 4702 44 2145 4512 2688 1695 4229 4854 988 2598 1792 3135 2080 4126 3941 3297 1242 2359 3831 2524 2223 4556 2075 1175 3321 4749 3888 4496 4068 561 1447 4363 546 2497 4841 4795 2421 3380 3226 3459 3177 4819 3732 1381 2338 2577 2595 1650 3423 2928 1332 618 2298 3725 602 1710 3147 342 1518 644 4310 4997 3178 3216 4323 1045 2414 816 1157 766 3669 2422 4711 4953 4779 2865 486 2447 4687 1179 1347 2922 4864 4573 3558 832 724 392 1000 173 4029 3855 3325 1539 1688 934 1579 1053 177 3132 4387 4686 985 4812 4592 3643 619 3852 1790 1697 670 1203 2797 4128 629 2931 813 4255 1241 4892 3018 2819 2288
4665 3192 3918 1015 3885 435 3035 356 580 4878 4269 4545 3105 3255 282 1582 3192 2582 107 782 944 4049 3258 2668 1618 4118 864 3686 1057 3722 3949 3920 4864 1830 1308 4076 149 4060 2730 3825 2702 4444 229 2984 3702 379 2841 596 1193 780 1428 964 4973 349 3073 4383 1795 4888 3328 3114 346 4737 916 2573 3461 712 2622 3908 3166 615 873 4010 3441 1655 3203 3383 253 1775 1687 2272 349 4556 4860 3627 1531 4853 3966 4445 3990 3774 361 4471 3330 2902 2287 1073 1027 2857 340 2123 340 3941 3618 793 1332 4390 4447 3876 3924 2605 2678 2222 3894 3100 4043 4649 2210 4080 2578 1070 331 3097 4849 1075 2498 365 1844 773 3525 472 4758 3100 32 3988 3705 3943 2672 1951 758 574 490 3903 2877 4311 734 3438 2169 4267 1454 4873 4337 680 4981 748 3117 718 4367 577 3937 2195 1609 3811 1775 2609 3179 4062 1473 2645 4269 1946 1024 3209 589 1225 2927 1993 3311 4916 1205 3077 2949 2250 569 3789 4751 1168 603 4724 1374 567 4618 2266 3618 4384 1274 2981 3338 4953 3978 1724
157 3616 342 3590 2292 2816 2608 2308 4878 2543 345 33 313 1214 2368 4585 2531 4287 2342 1479 2084 1961 3147 1014 994 1531 4635 1787 2449 4502 4987 4494 1605 2328 1634 254 1066 4784 3602 26 4375 3845 1464 98 4647 476 4301 3062 3491 4272 3608 3345 2598 4717 890 700 2829 3834 2467 1154 4066 639 3105 4375 2579 4812 1951 3658 3775 3653 549 4069 1231 4702 4453 1399 2850 386 3754 1922 981 4251 2420 1007 2700 1843 4814 2394 223 891 3283 183 3258 2256 3409 4073 160 3768 1114 3382 3098 2832 3518 2888 3516 4043 4371 4346 3993 3286 3302 4124 1431 4537 814 4531 1671 1551 4130 3745 2015 4731 1864 4022 417 3425 1610 4685 4966 2299 365 260 3058 2960 3264 1036 1470 4528 1034 3196 4121 1910 207 3715 2628 3367 376 4424 263 396 3438 1626 232 4110 3024 2165 3402 3297 4687 2073 4979 316 1899 2952 4698 3764 1380 4881 292 193 3225 3224 397 127 492 131 1653 1469 3414 1270 263 1464 3618 2202 1596 2669 847 4797 4865 4348 4589 3523 3420 4671 1932 4037 1810 4185 4476 1349
3407 4568 2116 627 2549 1845 3157 3407 4269 345 2770 2185 2530 2271 3774 101 1555 4627 217 2046 996 4989 1348 4951 3741 1801 3390 1804 3711 3430 4151 1363 3737 1792 2760 231 2661 4102 2982 2183 548 3622 2550 1340 3912 464 227 523 299 721 172 1724 1286 1222 2026 3149 3317 3077 3158 1499 573 622 591 3820 4666 4661 1619 581 1551 4069 3093 459 827 1922 2162 3737 1889 3185 4477 4627 2228 4068 3482 4310 3375 4992 3670 3865 3354 105 2663 2686 21 2214 2443 466 2889 4103 1383 4815 1871 1611 3964 689 4757 422 1474 4052 4470 362 3617 3240 1657 3466 2236 2309 4237 4840 2087 4662 4627 3415 2092 2836 4655 1237 2386 3295 3713 2504 3306 4148 944 2396 3923 516 400 4252 2157 294 3020 1550 2180 3050 2714 1501 2726 4978 2996 848 201 645 1078 4394 4288 4976 4492 2047 1958 1414 4187 882 4745 712 2217 1239 150 2745 4773 2973 2520 848 3683 3241 2986 4121 2133 2288 2154 3694 679 4754 2032 3646 3460 871 4117 930 246 1140 4309 1227 2433 1345 2214 3350 3239 1589 2843 331
2358 2161 1597 4812 219 3183 3088 2139 4545 33 2185 472 2577 4780 1928 1463 777 3175 265 4881 4779 4361 3986 2333 2869 1667 4561 1286 831 2218 2058 1114 1728 2395 1098 4571 2483 490 1596 2010 1716 573 264 1540 2375 3064 822 3738 1948 2935 4150 2293 4210 313 2745 886 688 2860 1108 1984 68 1071 3779 284 1763 2501 571 4839 1968 4841 1978 1690 4064 4315 4871 4257 3461 2222 2678 1497 1397 4641 572 2165 4894 3889 1220 4646 3973 3013 3921 2711 732 2341 2545 2382 1905 4616 3494 338 225 3677 2712 684 3686 3309 4756 3396 470 1497 133 4197 39 1634 3439 2537 569 4250 3465 3193 3309 315 4058 2157 4660 1134 4090 2924 935 479 3948 4389 1082 2237 703 4910 3881 3015 738 1183 3865 447 4534 4043 306 621 2387 3911 1339 2277 2719 2134 1812 4506 4421 3842 534 3901 3626 4106 1220 2089 3535 539 4772 477 1872 4787 973 2140 4992 43 1810 1093 2746 1963 1519 4662 2168 2505 3416 1599 179 1034 4548 2580 99 4409 1623 113 3578 1212 1335 4754 3922 2555 4971 3796 785 4025
2285 2766 2097 25 2225 2191 4510 1976 3105 313 2530 2577 3917 2506 606 736 3271 1380 2408 701 1146 1316 1280 2372 679 280 1999 1553 1097 4052 2581 4915 341 1338 2684 4706 2320 1130 2556 3695 1992 3894 3069 1687 631 619 2674 2140 4014 1474 3697 3390 3371 4224 2335 192 264 4940 320 2198 2355 3690 191 2707 3759 3191 4530 319 231 2803 1131 3032 4606 1404 4035 2795 2460 266 4223 3668 2257 894 2078 81 1016 4875 4309 3235 3285 3230 3174 2949 2538 108 170 954 3481 1719 3977 2530 2494 4313 3738 295 2748 1551 822 1810 4200 2690 4228 657 1286 2413 2961 4571 1722 320 3128 1714 2040 4741 4353 1509 4400 1616 3299 1272 1294 166 3088 1370 126 1356 4844 2444 3954 2603 1202 338 3347 4535 2400 22 4684 1867 1461 4972 4226 1455 2066 3219 1871 482 3171 3410 3797 2864 1515 897 916 1753 1033 4494 3986 4259 4345 1716 392 3883 3920 4410 1659 2174 2187 4707 923 1020 3500 2734 297 178 2710 739 309 3295 1788 4296 4765 1988 2611 281 1079 3924 884 3339 1637 4166 1789 2194
32 324 4097 423 4731 2800 4776 3422 3255 1214 2271 4780 2506 4258 3326 2255 1369 4711 1753 2700 1963 1698 1107 2715 3137 2606 1068 2543 1656 2618 898 3238 3574 1784 1461 4589 3682 4341 3078 2378 2485 3672 4843 3965 4438 1506 4631 3697 2545 4830 4024 742 4346 846 4399 1025 833 3335 3561 1666 771 3155 142 4353 2603 2636 2059 2299 1498 3033 1319 172 1593 511 1641 3662 4210 83 4403 2776 4435 869 2568 3660 1005 1388 4465 3687 2637 3525 3675 2916 3340 2561 3614 3597 304 3172 4810 3275 3069 1405 992 1413 590 4289 2278 3376 3891 73 2221 4373 2366 244 3611 1598 1865 1620 3528 1149 2277 3488 3834 237 1056 25 3227 3103 4184 4214 4189 2485 3685 4574 1796 4222 4784 833 2119 645 2820 430 3233 1190 2017 3400 1531 3390 3510 669 1162 771 1890 1264 1262 695 2236 1225 3802 4717 2934 4572 3187 2352 4479 4629 2326 335 66 798 1683 3157 2281 3123 2470 4519 1919 3164 1698 569 612 2825 1911 4219 4111 3344 2129 1142 3169 1868 4062 381 2069 318 3658 1355 3662 916 245 2360
3410 4592 280 4855 438 4552 3338 929 282 2368 3774 1928 606 3326 774 2632 4819 4956 3766 2235 1810 1231 1998 4465 4753 3679 2551 3309 2267 1476 2659 686 2715 4159 3249 1742 861 4003 3560 714 1065 932 2795 4127 3210 1399 3316 2611 1651 374 4757 1373 584 691 1793 3426 4661 2079 4538 170 3876 2167 4312 1493 2043 3132 2301 4317 726 1751 331 4399 2466 3883 1841 2382 2986 1825 3473 2751 733 1601 739 1374 382 495 4918 2055 2537 2167 4673 4970 1206 3276 3640 2470 3896 1280 4641 3742 2735 2917 2293 586 2253 3355 533 1206 3794 3097 4435 3564 2522 3710 49 4999 4533 363 2983 3126 3738 4806 1096 4872 3175 1732 2874 514 3797 968 1844 951 1856 2010 4604 1427 4984 2507 353 147 2397 2506 3115 4862 3933 1005 3123 3790 60 936 3105 4629 4410 864 1161 1918 4343 3111 3062 3050 3178 1394 3187 3700 235 3939 2238 172 4139 3926 4776 4680 1741 2931 2821 2167 94 4434 3914 1641 1141 2387 109 4463 4427 3670 167 4362 604 914 1148 2696 4377 4319 4816 27 582 433 2812 3247
1492 3510 1474 3649 2120 4822 2487 4008 1582 4585 101 1463 736 2255 2632 1141 3151 1071 2574 1384 57 1857 2969 3857 4046 3485 1523 4934 1933 3599 4491 2227 3608 2403 140 3277 248 3689 557 3239 1103 1526 937 482 1600 3026 2568 3172 2315 2870 858 2809 4652 1969 3546 749 4204 3999 3531 3582 3271 386 4888 1915 1746 1482 3132 1587 676 1256 3396 3242 825 2025 458 1281 668 958 870 4951 4870 3974 1571 2319 4014 817 311 3211 853 2656 756 2545 3977 483 3545 2495 3067 4755 1917 2013 1019 230 3655 4274 2895 3232 3600 1531 3432 66 1365 930 4908 250 4878 3638 687 4083 2355 1705 4219 543 190 576 3989 4978 2130 1154 3052 1693 4381 2595 787 1391 4767 2475 4320 1387 4117 4376 3848 1017 2310 1231 3642 1589 832 2329 3602 4739 3365 1556 856 3181 2092 2461 2925 3246 1588 2208 2246 478 1315 4962 184 2403 905 1555 188 2724 229 1291 4705 367 66 2076 1828 3499 2754 4856 2749 2961 2215 565 1388 1489 760 1781 2552 2006 3883 3070 4256 4582 4817 2929 2467 1829 4697 4606
3210 2084 3822 4482 480 2131 4169 1940 3192 2531 1555 777 3271 1369 4819 3151 1798 4487 3573 4392 3716 4050 2337 850 3982 416 4070 3772 1292 4962 3122 237 2875 795 837 4102 1977 287 1738 4961 223 1438 1962 3936 4092 4523 4011 3053 3552 2424 888 1000 2819 892 621 3377 943 1348 847 1367 3507 4876 2458 3703 2062 294 503 1689 2156 1055 4143 1970 2005 161 3557 1558 2965 453 3603 1864 2422 2986 4224 4002 1131 957 2481 2054 1101 490 2260 3700 4409 599 357 1231 3080 2174 2192 2542 3249 169 2296 378 845 1015 1116 2436 456 1566 2971 387 4844 2312 2754 3209 2723 3371 4035 1360 1525 1381 1462 488 948 907 1040 4003 2733 231 3613 4501 899 4986 3202 4068 1373 458 137 2423 4308 1637 2983 4631 1033 4341 2842 761 4927 3151 610 78 1261 3511 3692 2956 900 3323 4765 3294 2677 3364 4158 2799 1984 4475 4460 3137 4975 2122 1707 4706 4807 3684 2559 1088 1764 1981 859 1887 473 3655 2124 121 4307 2161 1091 2680 1721 2360 1711 541 3996 709 3685 958 4884 1657 2078 3063
2393 3790 4474 3453 951 3371 3460 1085 2582 4287 4627 3175 1380 4711 4956 1071 4487 3687 1343 3275 2602 1288 2324 2343 2906 1301 1874 49 984 2823 2235 1840 343 1363 4103 4560 477 3230 982 2932 4879 3559 895 4105 723 3745 2915 4778 4334 728 4508 1741 810 2135 1345 3093 3746 1572 4482 2880 2340 2338 1753 2334 4329 1872 1544 1330 4926 3559 3953 630 482 742 3090 185 4191 739 583 4898 4968 4301 3388 1580 1190 3705 3034 1088 523 4635 3774 3262 2060 338 1640 2844 1460 3819 775 276 3892 1333 1907 3438 30 126 2001 2784 857 653 1098 3722 1561 3534 2541 4154 3869 671 3605 82 2694 1199 1136 2301 2619 373 1959 1878 4712 143 1061 3395 4250 1350 4095 3026 2946 426 4612 1158 1258 895 4082 2842 1204 2739 163 2530 4712 2435 2989 961 604 4492 535 2186 3117 4861 2590 4478 4349 690 1078 4790 2076 3524 1933 2366 3677 1256 1457 782 4166 995 1258 4368 443 4000 3731 4777 1305 1198 349 1444 165 3319 3749 1275 1568 3339 3021 2708 2802 1000 749 2520 4230 115 3606 1942
1248 4683 2889 1309 1864 4711 2438 3964 107 2342 217 265 2408 1753 3766 2574 3573 1343 1096 333 4152 541 4428 3748 4198 2917 49 412 2548 341 1317 4390 3270 1210 2907 2489 4910 1231 4835 1493 2834 3200 1673 380 685 4192 3749 4176 4482 1234 2131 2292 4680 3848 3820 666 677 3037 1334 1812 197 2047 2890 2249 3408 4490 4057 3317 3208 2858 4762 3399 586 4346 141 4284 1861 834 1604 3356 2958 276 589 2133 282 1450 4700 2902 2118 4246 1127 2411 2814 2811 1065 879 2808 4710 3536 3930 3357 4432 2642 3557 2101 447 4927 92 4537 1517 4171 2989 2540 1175 1256 1463 2848 148 1941 3507 1792 2126 50 1086 2387 1148 3746 554 4639 3147 2571 3612 2862 3176 138 3295 2167 4185 3923 4395 3064 3497 1852 1881 4348 1496 3235 1133 1222 416 3536 394 4893 4665 2331 3414 1950 4251 309 1343 4413 1175 2239 3736 3704 1282 1471 715 1589 3096 1177 1836 2055 2297 2242 1903 3732 4503 259 815 3577 3994 3134 1369 3268 2001 4895 1580 3276 4513 1225 4478 4043 4712 896 1660 4595 4746 483 4797
1503 2507 4720 1434 3431 828 1892 1678 782 1479 2046 4881 701 2700 2235 1384 4392 3275 333 1063 4288 4284 117 209 1170 4283 2233 2667 3397 4709 3033 1590 1743 1403 2557 4329 853 3269 3799 4349 4844 506 4172 2462 928 3649 2247 219 4428 4837 3578 2827 1640 2689 4113 1721 3652 801 1219 4037 3377 4903 2384 3310 3654 4230 1977 4547 655 4238 4531 2718 3277 4239 1576 412 4501 2059 2012 3660 4801 1411 2680 4826 4028 3791 1348 2600 28 2511 4499 243 48 2451 1100 636 2034 1843 1304 818 2219 3228 4576 2563 514 3722 2988 949 4432 4051 2061 1010 441 1723 983 93 4307 2402 783 1182 2904 2213 731 3195 874 179 2880 2770 1429 4075 724 724 762 3305 4523 2784 4890 2565 4105 4942 2733 3244 1874 2463 382 913 2121 3357 4676 50 4913 454 4376 4968 2241 2339 175 981 1125 3158 4052 1328 1830 2663 1877 4213 2399 1581 3960 3906 1493 892 550 2482 401 1174 1679 1788 1312 689 4216 507 344 4127 4128 2404 4423 2174 4927 4183 538 999 1603 2941 133 2789 4472 3387 2629 3982
2850 1851 2519 2276 441 1077 2559 2964 944 2084 996 4779 1146 1963 1810 57 3716 2602 4152 4288 4304 1240 4945 1571 3038 4737 619 927 1134 1892 751 4917 4923 3518 931 1573 2936 4653 414 1315 2614 4521 382 2741 550 3824 635 75 832 127 291 3029 4305 184 438 1443 3346 4500 1021 2788 3134 2567 573 1568 3848 3138 639 585 67 3430 863 2701 2778 588 90 1518 3028 3129 1930 4588 3706 386 2443 82 1727 4354 248 4132 222 1700 1881 4127 4866 3391 1520 3970 542 3165 3468 3339 1850 1482 1277 2546 2475 3650 203 3262 699 2743 3385 4252 4398 1251 4194 2160 240 931 4445 4667 3325 2763 3024 1469 1144 1447 406 510 3378 4171 1021 2222 622 4136 705 264 4169 4967 2828 2415 1228 4958 2930 1184 4345 258 4598 1762 4541 2623 1046 2778 1313 2683 3168 314 4642 1394 4926 1827 3236 3010 2302 2286 3743 3765 4683 4017 3114 1936 2049 173 1135 2937 983 3729 4498 1324 3728 2871 3914 4188 1816 293 2749 1714 3189 1727 3776 1323 3314 1985 547 3319 198 1909 2164 3294 2543 158
1615 2781 1244 4090 776 4297 2064 3845 4049 1961 4989 4361 1316 1698 1231 1857 4050 1288 541 4284 1240 1588 3137 2003 594 1128 3662 768 4356 2056 1711 2195 4410 4540 1265 4738 3824 4522 3315 4784 133 2156 2772 4289 3363 3081 3416 1284 4528 2539 4915 2042 685 4412 1553 2639 3793 3651 4049 1286 3009 3673 968 342 3742 3837 933 3302 985 928 2508 3110 3132 3817 388 1223 87 3785 2689 1287 1093 308 3627 3427 2711 4653 1134 3733 2193 1275 2952 1923 4078 1593 3582 2336 3983 3144 2778 4263 2895 991 12 2604 4716 207 35 1590 707 4614 290 4544 4127 4491 4079 3630 3023 4607 3999 3790 4359 1904 1637 435 4938 1658 4393 140 211 2157 504 3303 479 3283 2455 1240 3365 852 75 4492 2101 3571 2397 3799 2245 1323 1838 2723 2462 1472 2649 3173 4990 3200 3560 4970 2800 1225 1888 2156 3266 244 4696 165 4705 1993 2156 1225 2451 1322 2121 3127 2890 4147 4745 3329 3954 2298 228 2630 215 4611 1448 454 4693 1060 979 359 1118 4636 1329 919 4524 3445 160 3467 1503 3662 1100 4900
1640 521 3017 2597 1438 3265 4873 478 3258 3147 1348 3986 1280 1107 1998 2969 2337 2324 4428 117 4945 3137 3907 4592 4507 3832 1611 1385 1368 4619 1355 2245 4670 1152 1714 827 783 2777 1728 850 2616 1405 820 274 3119 1618 2723 652 1072 4244 4235 3605 4456 1686 4313 1816 2230 3963 2249 2880 1826 4635 251 2230 1832 822 1924 4545 3211 1634 1887 4384 249 4239 3309 2075 1951 2661 2164 2859 3278 489 742 1921 4370 3396 733 1115 1499 2377 1903 3497 2122 913 1442 3945 2393 1437 2047 1938 2169 1155 2060 2667 3927 1476 3014 1447 4929 2057 2792 4686 3238 3516 1090 2108 859 488 1196 3322 4728 898 4816 336 1701 3805 235 1619 3306 3709 81 716 3040 601 4375 2402 1045 1450 3438 2075 128 2591 1806 4457 4634 1405 3673 3089 2208 3364 836 874 1808 1407 4691 1417 4210 3872 540 16 1206 3905 693 2765 1979 314 3418 1240 4171 2672 4146 152 3572 578 14 3663 980 4190 2145 3984 4377 1065 1768 3391 3747 1881 4156 430 142 4381 4148 1377 1746 4776 4184 2486 2698 2673 3916 2114
2140 4404 3076 1589 1543 2946 2502 4368 2668 1014 4951 2333 2372 2715 4465 3857 850 2343 3748 209 1571 2003 4592 1919 57 3574 3885 4962 3588 115 3506 3725 721 2026 1526 1234 2164 1236 3606 1380 2286 2385 2938 93 3266 4836 4044 2214 4588 1112 1719 4656 2184 2871 2989 1249 1487 2222 2652 1827 3071 3963 4732 188 1189 396 3668 2625 129 3155 1298 2122 3281 3224 3502 1545 3659 778 3786 2175 967 78 766 1533 1475 2111 4548 2880 4901 1813 1547 2658 2541 3348 2875 4349 4430 3520 1171 1457 3956 4454 4802 1581 4080 3761 1015 188 2963 2755 1064 103 759 3238 2093 1999 1635 3619 2466 3794 4790 3948 3813 1535 3673 2978 3761 4611 3197 24 4405 2687 1391 1962 1205 1181 3027 1773 1837 1865 3847 4163 1480 1222 712 2021 2845 4030 1447 3380 2495 3731 3151 4396 512 3273 4591 3232 4475 4550 1902 4515 3463 63 3322 4735 123 4457 4105 734 622 2872 1971 1656 4243 122 117 903 2142 4596 273 682 3798 1314 3777 4560 2043 383 2308 1338 2823 494 568 1419 4727 307 1232 1426 1195 1794
1613 3273 703 1991 1210 3254 4148 4331 1618 994 3741 2869 679 3137 4753 4046 3982 2906 4198 1170 3038 594 4507 57 31 3342 607 1462 395 2063 3694 1628 3269 962 2758 898 2165 4077 361 1501 426 1005 1023 1718 4814 3977 2893 3114 2751 3838 1100 4703 1435 3142 4217 560 289 15 998 3629 846 2708 3433 3799 4821 2263 1726 3323 3885 4730 2584 1389 3980 3594 1708 4411 3272 4444 2420 2486 2934 2156 3132 1802 4943 416 285 1204 1294 3202 4681 4668 4912 3590 3833 2713 3268 2019 4538 2964 2385 1866 1441 1453 1813 4042 2518 85 3386 845 1485 453 579 1981 1829 4527 1340 2407 1533 3199 3477 56 1823 1073 4466 3737 118 4684 4140 3585 1323 3188 4906 1728 1790 1715 3859 3874 2708 2664 2458 94 2345 3563 1594 495 1920 3442 11 3212 587 2259 397 2562 3440 2328 969 292 1109 1727 1187 3050 4049 4284 4007 3522 3468 2985 4506 99 3319 197 4299 2323 1384 3748 2383 3691 4974 3366 295 3647 1495 3860 2170 4086 1622 499 2566 3904 2745 3622 1069 1887 1426 2846 377 4903 3141 2360
821 4891 3461 4875 3863 3034 3831 1561 4118 1531 1801 1667 280 2606 3679 3485 416 1301 2917 4283 4737 1128 3832 3574 3342 1830 632 781 3065 1043 1476 277 2700 3033 1404 258 4101 2756 641 1812 3769 1564 3268 1374 3592 222 3050 4860 4095 185 4891 181 1399 3742 3286 1927 3554 4191 17 2905 559 1257 3725 1280 4661 3193 1412 137 507 1804 3882 1656 1284 1042 2505 608 4575 3947 3017 226 1995 3621 3626 2598 119 1876 2822 2254 4273 734 1026 3738 2614 289 1812 4751 1527 2822 1414 4868 4886 1163 2137 1636 3061 3555 3404 2127 4143 4333 2483 2768 2689 3117 291 4831 1480 295 1442 2733 3803 2189 3357 2534 2471 4745 3136 1770 134 4222 1916 4024 1822 1547 4559 3792 1959 1995 3743 1436 2070 4325 4855 4900 1245 3733 2597 4091 4025 1260 3881 2127 4452 551 1593 4566 4932 3566 2440 13 1972 3936 60 2508 3323 348 1743 3907 3155 3297 1942 3108 275 643 1090 2174 1005 497 110 3965 1845 976 3459 779 3759 764 1507 993 2507 3071 770 2883 3372 2170 4482 44 3676 4722 1846 4170
1328 806 4994 3388 4170 4673 3419 2776 864 4635 3390 4561 1999 1068 2551 1523 4070 1874 49 2233 619 3662 1611 3885 607 632 2526 1079 4369 2577 4904 3007 299 1905 412 247 1367 2935 2375 1370 2306 3795 2829 3895 2880 3715 1325 3745 2752 1319 2963 728 4515 4560 1208 403 3542 3563 1171 3325 4081 890 934 4128 2903 4955 2132 4240 4978 3524 455 2399 828 2133 2565 65 463 2090 78 2760 2662 228 3822 488 2909 14 4675 3469 224 1006 4604 1909 3599 4872 1723 1463 1713 4155 1801 2631 890 875 756 2152 2880 4945 2865 3807 4826 800 1239 3933 1000 4072 3183 2020 1052 2579 3414 2432 4993 3751 942 1965 897 4053 2918 3608 1663 4366 2979 493 2077 39 3259 182 879 1844 3131 3901 2493 3759 4239 4510 2507 3029 2954 2825 4068 2897 2807 1222 3237 4598 895 1760 2395 2326 4848 440 1878 1801 4292 1990 3712 1427 2449 4717 3095 1329 4525 555 2169 1314 1058 58 4646 934 1937 324 1583 3936 1847 2960 4215 1378 538 4647 2624 3213 3899 2183 2386 1528 607 2746 3111 4568 2590 3864
2556 244 816 3445 3446 1405 4654 3869 3686 1787 1804 1286 1553 2543 3309 4934 3772 49 412 2667 927 768 1385 4962 1462 781 1079 463 1569 1972 4212 2193 4316 2501 4456 4967 2873 2007 403 2698 787 1337 1061 139 802 2270 131 4343 3963 1803 244 4905 736 4022 4022 667 2929 4845 3636 3724 3412 2463 4052 4109 4151 1156 2365 883 1437 4193 4495 823 3672 4320 3907 1196 4033 528 1242 1127 1929 1668 588 4973 1246 1549 342 4410 981 4127 4668 2798 1112 680 944 331 3733 141 2829 899 3874 2928 4782 3846 4124 2067 2273 2963 1233 4068 2396 11 20 4812 316 2226 2480 3865 4406 2062 4727 2033 4402 3174 3848 1253 4597 4144 794 4254 1320 4766 4803 2130 4639 3219 1653 3226 209 4820 2891 2564 750 4548 1152 2500 3081 1089 3677 3030 2157 1942 737 842 4724 1687 839 4699 2024 4432 1786 775 4190 1407 3325 3941 3881 924 2203 3006 610 3509 918 549 4383 1774 4917 2832 2805 2128 3389 2342 3941 1248 4946 520 37 4884 1254 2488 2384 2453 1776 4350 4668 2289 4842 3901 1176 4784
979 3048 4937 3370 1918 4188 3235 2252 1057 2449 3711 831 1097 1656 2267 1933 1292 984 2548 3397 1134 4356 1368 3588 395 3065 4369 1569 53 85 1028 4258 361 3585 3530 2760 4143 1547 4778 3078 280 2652 134 150 3985 4713 3449 1225 1666 2491 3383 1682 4821 2887 2258 3005 517 2223 2878 1568 1230 3728 831 2889 705 4131 697 3169 975 1369 982 1878 3538 4535 1999 2213 4731 4046 3683 635 948 1608 2924 2634 1633 2873 620 3672 2880 2349 1202 3685 1318 627 4206 2901 1740 4012 848 1906 3344 4144 2632 2753 4307 4691 4021 4555 1191 97 661 4576 1665 2584 3478 4186 398 2594 3122 4109 2950 2886 1252 4678 1307 2721 4047 3056 4810 4600 2667 3112 3718 4298 4024 1304 406 801 2734 3138 4776 3072 96 197 569 609 368 917 646 1930 4298 2631 1594 3646 4652 2160 3745 3513 10 2583 2200 2075 1175 67 38 4647 989 4332 2444 2171 1416 147 2474 3393 1422 3348 1406 624 2287 2884 4948 1662 2390 199 2610 2395 2957 958 875 104 2266 4001 3088 2613 1612 4047 1635 4031 3211 4522
677 1718 2445 2975 4056 4570 4491 3760 3722 4502 3430 2218 4052 2618 1476 3599 4962 2823 341 4709 1892 2056 4619 115 2063 1043 2577 1972 85 455 4060 2138 4961 727 2018 646 1676 4240 250 1644 3099 4568 2959 2490 612 516 4739 4070 3428 313 1577 3001 2125 1707 1708 3910 632 4276 2221 1668 1426 800 794 743 920 4622 1261 4463 1798 3737 1032 1565 4177 2999 1559 2271 3878 1956 621 1555 2704 1261 4325 4390 787 544 2267 2572 4826 4979 4191 2434 2535 2772 1370 1815 845 1275 4345 744 4650 4092 3218 1667 3554 4565 1018 1349 2905 4101 3605 1066 2757 4790 4869 3860 4810 193 1493 4055 1585 1754 120 4216 3232 953 1445 4087 3500 3290 1909 429 2009 610 4019 4115 2620 2643 1734 4513 4516 4246 1320 2392 1565 4388 397 4123 1688 2056 3509 545 1811 4550 3495 3422 1118 981 2764 1857 4874 2011 132 3649 2083 971 816 4005 1086 3259 2812 4197 3869 4058 4426 1397 4201 1743 2058 4474 2582 2834 4200 3664 1812 3068 2537 908 4908 2223 2159 2942 3061 3568 2053 1083 2785 1232 1372 4179
981 1359 1069 1074 2299 4122 608 3652 3949 4987 4151 2058 2581 898 2659 4491 3122 2235 1317 3033 751 1711 1355 3506 3694 1476 4904 4212 1028 4060 3146 1827 4671 4418 806 2497 643 2954 2072 4626 1270 469 4687 889 4769 1826 4367 3225 4997 3808 3995 2855 1158 1877 4733 1871 3169 1110 1018 4230 217 2705 2207 270 1321 2926 1595 4292 4568 1013 329 1023 2147 1443 3075 1602 4186 3714 3748 4744 4202 2207 3607 4690 2412 3130 4162 3764 145 3226 1906 3870 3580 2616 3775 532 4768 2762 840 2876 2484 1742 3342 310 754 667 3728 2324 1941 1379 955 2234 1372 3932 4292 111 1928 4283 1995 1095 2116 1483 1042 2682 2562 1986 3962 3821 3778 2193 2833 4339 1037 1313 2738 363 4754 3123 4255 1907 3155 4401 42 2622 3458 576 4965 3787 4330 224 2856 3426 3909 1936 284 786 3709 4515 1368 970 627 3913 132 1290 18 857 4143 647 2654 1658 1146 1137 2516 1900 1181 1512 557 3667 589 3163 233 4168 118 4501 2501 1972 891 2358 4890 598 2218 2390 1188 4768 2782 3034 144 1308 571 4271
888 3834 4960 563 1934 1895 2962 2450 3920 4494 1363 1114 4915 3238 686 2227 237 1840 4390 1590 4917 2195 2245 3725 1628 277 3007 2193 4258 2138 1827 539 4510 3933 625 3144 4460 656 11 2978 4443 1169 2626 2348 2016 3903 3940 2033 3888 3937 3070 4905 3096 1783 572 1937 2193 4211 1788 3365 3615 676 4703 4744 1238 3604 4155 3266 3550 4333 4257 3736 4245 1574 1589 3596 3451 4728 37 212 4726 923 2056 3955 1083 3527 3242 3920 3519 1858 3377 1175 2921 2934 865 1430 4877 3575 148 3182 2390 43 1714 1941 2656 356 449 4872 3022 3860 2806 2018 733 1256 631 3857 3937 2947 2861 240 2773 4402 2233 2215 568 2164 425 3435 3969 2595 1015 751 4838 3062 286 738 4838 4860 3290 4871 4870 1697 2772 2618 3753 3919 3478 3810 4471 1990 4522 199 3927 3271 2577 588 1843 2091 3214 2661 1521 488 1224 3093 1175 4119 2217 3443 2184 3654 2137 3180 3532 3770 177 2685 1790 865 1212 4719 962 235 4867 2527 2625 3846 4769 4628 191 2223 3821 129 2007 1835 4454 2976 2153 1338 138 3039
3657 2651 1184 4973 2310 2497 4095 3798 4864 1605 3737 1728 341 3574 2715 3608 2875 343 3270 1743 4923 4410 4670 721 3269 2700 299 4316 361 4961 4671 4510 1791 2148 2220 3721 2282 495 1592 918 4254 2608 2902 2817 1210 4917 2186 1563 1504 3214 1678 3795 4283 4370 994 1148 3415 3000 4003 1721 4770 2910 147 3557 3571 4427 216 956 1754 2683 4086 3108 3058 2571 391 1579 1258 2763 2316 36 3027 2330 3469 1250 662 3234 182 3297 2359 1312 1297 4162 243 848 4992 386 229 1763 260 4343 3258 3176 1912 3625 788 3615 569 64 3565 2448 4374 4659 2612 4924 2228 1456 651 1095 520 2585 245 3893 795 4389 798 2964 2263 1646 1161 4999 4410 734 469 1518 878 4185 107 2136 3710 653 2096 2600 1755 4161 4889 2596 4373 2170 3867 4699 586 2142 1217 1911 3907 3554 938 3380 398 2496 1682 1398 1558 3644 3099 4763 470 2618 4632 1179 2635 2058 4378 3355 3232 2524 1333 4557 4617 535 471 433 1671 2785 4787 1355 4723 960 4843 3154 1049 718 4397 2748 3048 535 3853 3404 2391 1898
2099 4637 2594 4354 1094 790 3316 3864 1830 2328 1792 2395 1338 1784 4159 2403 795 1363 1210 1403 3518 4540 1152 2026 962 3033 1905 2501 3585 727 4418 3933 2148 2461 4677 4685 2866 307 2759 2848 2279 1145 1005 2853 1616 4152 2763 825 3713 1887 729 4017 3503 4541 3847 1384 1529 86 2250 2667 424 4732 3604 1401 987 3699 983 4519 3489 444 674 1437 957 3942 2328 242 680 2378 667 913 1922 3857 4466 4052 775 1358 512 3560 3225 951 2854 3231 3414 4884 4266 333 4614 1762 3686 2039 3820 452 725 3999 466 3294 2360 3585 2455 1711 2191 3786 2935 1493 3756 122 2603 3574 2241 2651 2003 3410 4847 3285 3288 3820 2619 688 2155 4278 4208 437 4622 1940 1576 1178 3841 4465 1000 3829 3342 4030 922 345 1339 141 467 182 3424 3163 1953 3162 4749 2849 1168 2232 4605 3839 2580 3602 1335 4392 4104 1242 2799 1981 2878 4362 3235 3114 4171 2400 56 1290 2265 4160 3509 3620 4668 2947 4027 3564 3634 4796 72 3902 2725 3304 3369 4085 4977 1379 59 892 2035 1572 1026 1114 4643 4280
3931 4869 2782 332 391 1118 323 3691 1308 1634 2760 1098 2684 1461 3249 140 837 4103 2907 2557 931 1265 1714 1526 2758 1404 412 4456 3530 2018 806 625 2220 4677 4751 4467 4331 93 3993 2017 1791 438 3214 2954 4057 1075 2193 3805 2986 756 3722 2291 1209 1289 2385 1267 150 4731 1868 313 3812 3891 4745 1274 3278 4899 1547 922 1606 1053 2764 3199 3685 3707 3411 2022 3660 2603 152 4537 4347 3442 4913 3726 1413 1552 4872 3260 4337 1782 1457 614 2622 3302 3751 3815 2003 581 2781 2564 1400 433 3453 1265 3755 4050 1525 1864 3218 1663 1548 4957 851 2828 4821 1920 4627 801 1958 2253 3590 4367 1576 2072 45 3654 3420 2533 54 2677 633 1659 3095 1851 203 2797 4282 99 3632 3250 2283 3447 2450 62 2136 945 1317 2062 3748 3509 1747 1288 3923 2651 4567 3784 1743 3298 972 968 3215 3435 2603 1148 3556 1472 981 698 4886 11 3232 1656 3615 43 2627 1870 1440 2294 2712 3374 1474 791 4562 3158 1159 3266 132 4772 3448 4410 3719 3301 1230 1225 415 2907 379 210 3141 180
1445 4171 3171 103 2183 3793 2937 4644 4076 254 231 4571 4706 4589 1742 3277 4102 4560 2489 4329 1573 4738 827 1234 898 258 247 4967 2760 646 2497 3144 3721 4685 4467 2585 3879 4792 4631 1357 2926 2892 2387 3326 3681 264 3978 302 1860 2412 3456 1631 4929 3331 2604 2593 639 4245 3066 331 1210 3237 3486 66 2235 3893 2637 4041 1449 1219 1862 737 3253 2403 1464 1998 1153 1686 1918 398 4464 1874 971 3845 492 1732 4567 1531 160 3139 1781 3676 4223 25 1519 1587 4626 867 4292 1214 3353 4267 1078 4675 3371 700 3613 4466 1670 1156 1379 4259 229 1846 1752 1967 4958 666 545 1207 2941 201 481 87 3874 3281 4120 1433 771 2630 4511 3519 2122 3779 596 428 731 2069 818 1060 1742 4184 3066 2370 240 2593 2218 2943 2861 4928 1949 4073 4953 4878 201 1348 2016 4034 3847 2305 4377 2839 4844 4758 197 432 2269 3211 270 4329 2671 1832 3711 2313 4672 952 3848 2520 4610 3217 2944 597 2812 447 3492 4641 2809 4899 3240 4239 2670 358 3041 1319 4528 484 1042 3302 2704 3288
3941 1055 1738 14 1229 1779 1130 235 149 1066 2661 2483 2320 3682 861 248 1977 477 4910 853 2936 3824 783 2164 2165 4101 1367 2873 4143 1676 643 4460 2282 2866 4331 3879 539 2121 2195 3919 2773 1728 4067 462 2211 2732 3678 3843 1190 3140 951 2071 1309 3985 4179 3975 2913 4127 4239 2273 1524 233 3973 87 1590 3574 55 586 1724 2197 2989 2779 3869 2170 3012 3420 2355 1320 1935 614 1080 462 2131 1965 3253 4489 84 2973 4722 1359 1254 925 3972 1833 4497 4047 4517 474 2292 3634 3052 2028 3360 1106 2643 728 496 4800 745 2460 773 1124 1031 1755 4314 497 3717 3400 3157 1045 3257 3145 2960 3612 1004 3685 3626 666 3890 3337 679 4548 4270 3920 381 3601 1198 33 3818 1288 2070 3313 4179 3062 4764 3015 4334 3882 3888 2842 4892 895 1938 150 1823 2735 1134 4409 1024 4573 544 1558 3387 2096 4080 2272 1599 4864 2398 992 4059 1588 3557 1191 3692 3331 87 2043 4083 2401 3000 1286 3752 1343 1515 4499 1610 3335 3625 2976 3764 3997 909 189 157 1444 4447 1737 4405 3300
2727 1074 233 4696 4840 4417 1764 3410 4060 4784 4102 490 1130 4341 4003 3689 287 3230 1231 3269 4653 4522 2777 1236 4077 2756 2935 2007 1547 4240 2954 656 495 307 93 4792 2121 1314 4336 2540 1968 4431 3142 3946 2475 2830 4852 2451 511 179 86 2202 799 2212 911 1838 2083 3123 1628 3407 272 1111 4386 1892 4490 1869 1775 4865 44 615 1581 2137 1552 910 3434 4868 3833 4485 1253 2974 2572 3931 374 2974 1850 1255 2410 2447 885 49 1501 1815 1617 3373 2646 3719 1959 4885 4233 1826 3341 4785 2226 2626 3405 1520 803 4687 4559 432 282 1835 2355 4349 3617 407 161 3283 49 4627 581 568 4421 4289 1364 4818 1471 3080 4017 3232 2655 3274 718 2215 2458 4321 1230 2509 2453 1652 2366 3955 3994 1342 4499 4351 3224 1003 922 3577 4004 3288 1375 2708 3089 2309 64 3088 1250 4282 3677 521 1431 4498 3522 2814 262 3581 1934 4298 3857 3196 2776 2050 1749 1651 3310 2197 1161 4880 3788 828 1864 3510 2259 4486 3939 1150 3281 3610 4133 3215 2081 1743 4500 2792 3526 3562 949 2990
2163 2571 4202 1204 4256 1040 3146 3548 2730 3602 2982 1596 2556 3078 3560 557 1738 982 4835 3799 414 3315 1728 3606 361 641 2375 403 4778 250 2072 11 1592 2759 3993 4631 2195 4336 3595 1902 395 855 4524 2597 4014 1629 3681 899 1306 377 2651 4877 3518 33 3583 3577 1719 992 1803 3017 3277 2530 2057 1445 27 4270 2296 1549 2825 4302 4555 2998 3365 4568 4252 3602 837 4454 2949 3641 4767 3320 4085 489 2708 2016 3743 1916 843 1957 4999 974 1019 1743 3930 3188 1779 2044 4347 409 4822 4526 4464 2274 1576 253 4227 1308 1372 2429 1721 4679 951 2337 4250 906 868 1267 3516 1703 4945 3605 2894 4607 818 84 119 1811 4816 2316 102 3637 2973 3957 322 4518 3409 1188 717 1422 3516 4139 3761 693 3190 4943 2951 1881 3194 3196 1528 358 3312 403 2166 970 4508 4604 3007 303 251 3325 2731 3566 3987 849 3838 4153 1110 2548 3183 786 3732 2214 2335 1979 4112 4996 475 2116 4041 2000 4782 1661 4925 172 4890 862 4648 4744 4602 1653 467 83 2374 3818 1716 2984 4847 465
1753 1474 656 187 4716 2955 3210 4664 3825 26 2183 2010 3695 2378 714 3239 4961 2932 1493 4349 1315 4784 850 1380 1501 1812 1370 2698 3078 1644 4626 2978 918 2848 2017 1357 3919 2540 1902 3334 1599 3611 2116 4209 3966 432 3904 4714 4866 1708 1415 507 283 1391 319 2086 1472 4891 1186 2614 1979 4321 3028 4189 75 3174 2718 4173 877 4528 4136 2796 2522 2932 3204 193 1205 859 4018 4608 1060 3907 725 687 4507 682 2169 4234 2510 3263 1358 2938 2340 4073 2568 1650 1467 2165 3240 4240 144 160 2412 4441 513 2984 2274 4862 3032 2536 2066 1411 4191 1025 4446 3689 3377 2297 4388 574 185 981 3046 1399 509 3706 885 1700 953 2029 4344 1324 4860 614 3913 4214 38 4296 538 696 4273 4831 2140 2222 3635 952 3775 4690 3929 1104 4157 3792 858 4464 3710 3661 3590 1236 1708 2132 2350 1454 1722 4849 4110 2492 1398 3117 412 1187 2969 3287 2880 2577 412 3531 2697 3923 1461 1907 3315 4928 3924 3522 2575 3110 4802 2174 4366 1162 1767 4435 2494 4018 3597 2078 3367 3819 2192 1528
