N: 200
M: 30
Symmetric: true
Triangle: false
9 101 93 62 55 144 60 141 161 112
6 175 104 128 120 69 94
5 4 177 8 129 11
7 147 182 196 168 29 22 98
12 71 108 124 137 159 34 84 26 178 176 148 119
6 73 6 134 190 39 88
7 3 172 57 59 31 85 115
4 24 151 89 17
6 27 106 160 162 35 87
6 127 167 16 64 118 92
8 38 50 142 83 185 116 125 10
8 180 52 1 183 67 43 138 152
4 200 53 122 158
9 45 86 191 96 81 61 33 19 113
9 163 42 192 21 140 146 145 123 28
6 15 130 72 18 14 103
8 74 165 179 68 36 143 99 184
6 153 197 20 102 155 54
3 199 171 164
8 154 77 76 47 51 131 7 150
8 80 195 198 13 100 37 193 132
5 189 194 2 65 32
6 135 66 181 95 111 169
6 91 139 126 173 107 82
5 56 5 44 90 110
8 40 49 25 79 46 58 174 63
6 109 157 114 75 117 166
7 149 105 170 188 156 78 30
6 48 41 187 70 9 97
6 12 133 136 186 121 23
3049 1308 281 441 4635 4780 2060 4491 1320 2696 3794 2108 518 4276 4011 2203 1857 3005 2500 4388 3410 4206 4532 2470 1439 86 4908 542 2011 413 3188 188 3072 4372 3567 3191 4767 2131 2575 3627 217 3031 3343 4947 2760 12 3094 2440 3431 456 3858 4945 1291 4813 825 1424 2521 1829 2582 4404 3723 1145 314 1646 2054 40 301 3285 3711 3363 3440 977 45 3984 4331 507 2035 4263 1794 783 4112 433 1934 4242 4691 2578 1943 169 4977 2796 4767 2281 2861 1768 4438 1984 1132 4181 779 2679 689 2122 1839 1533 3765 2094 3289 4494 3852 1101 1177 1624 2514 1529 4695 1122 4228 4947 4946 1043 1956 4604 3729 2185 4859 4403 1795 4950 3471 2808 3888 1549 2310 3098 4319 4125 1743 4833 4372 4153 4943 4691 3481 629 2044 2054 1874 2623 275 3272 2982 4735 3764 45 1201 4476 2563 2093 309 1912 4590 2095 4492 89 1485 373 3837 535 3832 3852 3956 4334 911 4077 3919 375 819 503 4205 132 4556 1527 216 3832 4602 1536 2409 466 3150 2592 3772 3578 1152 802 635 3871 1485 3068 151 1907
1308 1949 157 1469 4056 1969 1628 407 4962 1789 3273 690 4539 3699 4900 3112 4596 1112 1477 321 4090 3833 3258 2257 3000 4316 3799 3886 4795 895 3379 4693 1805 4953 4516 4117 2526 4710 4005 1790 543 3019 2391 2424 702 3368 81 565 1392 898 1593 3452 917 2393 4344 979 1363 2959 4602 4681 2965 3887 2456 3155 4051 4021 4015 447 4323 2500 2354 4715 3620 2533 2613 2856 111 2647 2326 678 3121 4134 4699 1926 4700 4131 4597 964 410 2687 3486 4296 2308 492 4602 4698 4228 1813 2016 4288 3414 298 3665 412 3169 482 2332 1043 4542 3450 4238 1016 4960 2128 1010 4706 4929 2709 925 678 3625 3671 218 4722 2753 4675 1134 3889 4201 4052 4764 4518 3347 1334 1172 1997 1004 2833 754 3387 802 4491 3757 4138 3175 1152 4722 1444 3982 676 1009 291 4683 4660 978 3036 4289 2781 2045 4658 1322 1017 4626 2016 3064 3730 1520 4853 3920 3698 1018 1193 4599 3288 279 3863 4847 2945 846 4919 4708 3364 3397 56 4552 3233 1283 3584 4204 2394 4043 2407 1805 3743 161 1983 1316 753 11 1476
281 157 284 4041 1273 1054 4323 4958 3484 3943 2758 3806 3886 4023 3884 4215 4196 4925 4147 1022 2657 4920 3530 1510 2117 1191 787 1627 633 3291 4661 4208 251 3733 2827 4716 1335 2035 879 1866 3699 3348 1760 2308 3762 1192 270 2975 3490 717 508 4666 555 1754 2970 2118 3606 931 4287 2844 1453 4273 1224 721 4607 4911 869 2771 104 17 4104 3038 3368 2521 1800 2347 971 394 220 408 2863 2053 4443 4786 3750 2142 4304 2779 4623 4579 1475 4550 519 1217 591 3128 2679 509 1149 3806 137 1709 2832 4380 1955 3731 4421 17 940 2412 634 901 498 2102 2642 786 2790 368 4791 275 990 2334 1613 293 619 399 727 3195 2525 69 1232 1751 1723 4975 2838 2095 3169 2685 662 4248 918 266 4184 2277 4100 312 3695 2931 1937 715 3430 418 984 3734 1148 3952 4252 3474 3303 1479 1186 4222 502 2476 3812 4150 906 710 848 3445 865 4116 2990 487 2890 1833 2595 186 4737 3512 253 3106 3472 1139 466 3780 901 1993 2659 1129 4492 4904 2108 3810 3915 3503 470 3642 3726 2960
441 1469 4041 4129 4188 3140 1250 3541 3429 2441 4045 4510 1708 4192 3090 4646 14 616 1271 3244 2935 3900 1395 2462 2927 4523 3827 1452 758 551 4552 4907 2422 801 624 949 2707 4706 3724 3033 1615 3880 450 984 2112 3954 1148 2354 3988 3335 2654 3190 1934 3565 4603 3301 4746 294 842 2013 4134 2322 3327 1051 1384 68 597 4930 145 3841 243 2740 4066 2508 2412 3477 3681 2210 1437 3788 58 3686 4208 3026 1585 3977 84 1669 4254 4624 2704 1864 4426 831 540 2377 2311 4719 4263 1899 469 630 1201 3292 4326 2389 3800 874 1505 3256 2068 2922 744 2709 4745 3313 2670 103 3360 3967 1035 2841 611 1081 3663 3628 1522 2512 378 2826 2404 4288 1439 3396 4246 3875 1874 206 621 2162 3836 4047 1035 2305 1538 2806 723 3929 791 4915 1261 67 2963 4033 2630 4881 4604 4953 960 4136 3899 1841 4511 3645 3407 2931 1144 2397 3986 2829 4749 454 2229 3088 1286 312 665 1935 2098 2751 3392 4041 4467 2865 3340 4239 2440 70 2034 3733 4101 32 4103 74 2338 2808 1548 4498 4894 2753
4635 4056 1273 4188 4331 4661 3345 2438 746 593 1630 3586 1796 2156 2402 1821 4422 1535 4044 4984 1961 3671 3844 4682 1191 3690 1875 850 641 3891 109 4176 1481 2056 1825 4245 4635 1187 3257 4919 4296 4864 3379 1120 258 3631 2351 2139 2076 4220 329 929 1652 3149 346 895 955 233 3902 2359 4157 3698 4993 3551 4191 3213 2151 1939 4388 754 2557 11 1663 3247 902 1025 4900 3691 2399 683 1929 4464 1505 1746 1107 3115 4763 4432 3384 3945 4402 746 1488 4599 124 4710 144 2376 676 4251 3412 4195 2184 2547 4900 1475 4168 2520 23 454 2339 1786 4381 1707 904 1751 4196 3849 1170 2995 1273 1114 4830 4172 1164 4868 2651 1467 1567 2853 1492 4545 4749 1073 1213 213 4086 4584 1130 3432 3190 2492 4691 4230 4771 1680 1535 4650 114 4600 1802 1430 2181 661 1479 2650 3555 3937 214 455 2703 2316 1934 71 3301 956 3814 2174 2431 4460 1348 2282 1524 1185 4707 1942 2569 3389 18 4862 3129 4174 2254 3453 768 2464 1021 3311 3968 1869 2866 300 868 2609 4939 3786 746 1448 2515 2085
4780 1969 1054 3140 4661 3393 244 4367 4784 794 4416 2733 483 4702 4697 495 4972 3483 3398 3394 1537 1152 2244 1264 2278 4986 1980 549 4107 4083 4642 531 3976 3822 1521 2429 3795 1802 1998 2698 4943 2972 2275 707 4508 3086 2889 4964 190 966 3151 2871 1619 2554 4951 4120 3571 4590 1691 2813 4744 1574 2580 2031 1711 3380 222 1559 4751 2207 2907 118 1929 3504 1137 4473 4088 2974 922 3347 1191 662 3250 958 2979 3654 4172 3638 3770 2687 1194 401 900 37 2388 1007 3657 407 1291 869 2197 1153 3823 1333 981 2445 3902 181 2095 4244 4332 1820 1928 1437 4107 867 2535 3526 4710 2834 3443 3566 445 1225 1275 4315 1207 506 1983 1604 226 1568 3156 467 576 3180 2661 4691 116 2374 4718 4182 2408 3797 1986 764 3955 3031 992 4211 2683 4813 4032 3913 1161 194 2203 1104 2770 2618 4408 2100 3620 950 2705 4010 3722 2222 4748 957 4732 4552 3356 685 1351 4587 2340 4253 3835 3054 4507 3286 45 3840 3792 368 1578 500 4761 3775 193 767 2272 1654 1636 1264 4605 3496 4025 3943
2060 1628 4323 1250 3345 244 4257 2260 3643 4647 58 3707 4638 3455 3828 3988 1686 232 571 3469 2181 1163 739 331 4527 3373 2336 4819 4058 354 4801 3531 1056 2450 2075 3375 4813 2456 1814 3409 3974 4303 3808 4031 806 2653 4586 142 2839 1602 558 4206 49 2682 3207 3644 3014 2326 3638 4361 4386 3874 2108 3835 3567 438 2001 3161 246 3333 4093 864 2591 1912 2769 278 3196 390 382 4835 3755 1464 3221 3491 3406 4591 2919 4291 1548 2780 1978 3962 4653 3701 4260 4278 136 1648 3441 3586 1853 518 2754 4880 631 2655 116 1055 486 3735 72 689 376 101 3634 2606 1463 2627 10 2677 1829 1493 1385 124 1450 1530 1682 4948 3639 1608 537 1221 4036 2466 3876 4631 3303 2014 3645 3568 2036 1254 4166 3801 2317 2835 4543 2780 2807 4565 3516 2389 4439 4260 563 4722 4527 3178 2003 4070 196 591 3660 3223 1205 3505 383 1569 3168 3186 461 4099 1142 174 1073 1312 1580 2558 3263 2811 3608 2788 1497 534 3621 1649 1579 74 3940 4659 3831 3714 1221 2615 4441 1172 4960 3378 4438 2935
4491 407 4958 3541 2438 4367 2260 1147 4172 946 358 3362 2113 1221 3881 2260 4072 2981 4015 4534 2366 2710 3639 534 1857 613 729 1053 2742 1480 756 1356 3383 3271 1595 2721 4537 1190 2882 3379 1037 685 1922 2480 3792 1724 723 4261 806 3006 2088 3394 2566 2580 2199 1154 4315 1331 43 4381 480 3957 1558 1223 3414 233 3926 4481 4567 4724 737 37 76 2446 3828 606 4282 1706 4909 3838 2969 3665 3760 2636 3927 2162 1522 3142 98 1661 1445 2309 488 361 1375 449 462 3783 1602 4957 3641 4148 701 214 4956 3119 2646 4873 1637 3269 3416 2447 736 3789 3747 3094 2631 2362 2147 3495 3587 2723 3356 4511 770 4296 3645 1836 304 3018 1259 2220 2837 672 2942 2359 2413 2068 2317 4195 1723 1963 4170 3152 1178 2364 4564 767 1232 3002 4763 4483 1175 4307 1290 3543 3470 1759 3023 3379 3992 4794 777 3743 1484 1202 2318 3739 3550 1118 2209 4642 3969 1934 4961 1963 3567 4805 2229 3081 4879 4848 1123 2546 1284 3829 4583 2612 176 4687 1750 1887 2304 1426 3074 150 4703 3989 300 4539
1320 4962 3484 3429 746 4784 3643 4172 3417 1962 182 2476 1976 390 3894 2734 714 1530 3685 2138 3263 1241 3713 3499 2692 4640 2240 4558 269 4213 4011 3700 3528 4069 240 1482 1985 2036 3625 2950 1894 3147 3214 871 842 1943 1314 314 2686 1425 1730 1369 2712 1257 3347 575 3777 1825 2654 1166 4865 628 457 4293 1878 4970 1514 3622 2078 3436 780 1288 3487 3170 2357 4512 3972 837 3256 4199 534 198 4206 3471 3486 1967 1147 2840 2036 1479 3216 1222 2780 2920 1157 803 2681 1267 52 2657 514 2673 4832 2387 2930 841 1437 4908 1223 549 3827 331 1938 138 473 859 998 268 1029 3716 4469 4130 2446 4392 2501 4757 3919 3644 2909 4783 3083 2935 1465 1970 1318 2244 2865 3688 2436 3193 2201 644 3880 4518 4827 1982 4644 4284 4514 2252 53 608 791 3751 2702 263 670 900 2415 907 1055 278 2371 4225 664 1515 3310 3372 3737 2406 2884 734 3112 23 4113 962 633 1688 1930 1769 364 780 3395 4356 143 2984 3561 1250 2425 1389 2223 1419 1970 4403 3953 2249 2878 4568 3434 3610
2696 1789 3943 2441 593 794 4647 946 1962 4887 3951 4660 1605 2232 4547 4204 1514 1942 4972 4084 3445 497 74 3165 2209 4659 3577 253 3032 1634 40 4847 2018 1000 4170 3267 3025 3010 3560 3652 752 902 3614 1078 819 1836 3140 4921 4102 4143 3888 3765 4813 4140 2398 3997 348 3396 1258 3690 271 4458 4858 1976 4843 2538 2897 1102 4776 1332 799 3620 1454 2389 3678 867 3303 623 4114 4562 3089 879 3192 2276 450 537 4157 1968 4049 904 3356 4207 1300 736 2540 4118 252 1871 3068 303 489 38 3605 1291 71 1764 4067 2045 4713 2475 4309 1683 3937 1091 4698 598 4681 3903 4998 751 2604 1299 3476 4043 2361 798 4581 4993 394 2063 4980 1545 2975 331 3326 3105 4569 4114 2447 2338 655 612 1772 2331 228 51 4612 3962 3574 3621 2354 3198 2965 4248 1891 783 4824 862 2150 3467 2614 2181 2707 740 2713 1799 3417 301 1251 4867 2821 2483 331 629 4064 4225 2040 3719 3415 59 2018 588 3974 1721 2597 3426 1078 1691 643 4515 3525 1786 1490 3842 143 4740 3207 576 4383 1146
3794 3273 2758 4045 1630 4416 58 358 182 3951 780 422 3821 1870 3746 853 4989 3201 1899 4529 3403 873 791 1756 3276 397 3208 3719 1097 151 4651 149 4176 2322 571 4842 3929 2469 4485 4506 277 414 2894 3132 3599 3418 4296 571 2580 3762 3896 2972 1539 921 903 3968 3399 3183 631 2582 1782 4787 3549 1487 426 2607 3193 3382 3224 1880 2728 3004 4361 2019 1346 289 1718 3906 385 4323 3051 4597 2197 4201 682 2916 2646 467 4272 2286 2004 3770 3696 2388 2574 4868 663 4100 173 2359 4164 503 2212 2078 1898 1186 168 1123 416 2569 455 946 2797 2484 2419 220 171 4222 1260 1452 661 2025 2700 420 515 457 648 3554 230 358 4378 4382 1665 4439 378 2315 587 1862 2906 3373 1711 3869 4773 245 3170 3020 4421 1334 4814 724 301 2329 2609 1146 2568 885 1850 2457 4074 1534 4388 1410 2171 2741 2950 782 263 3194 3062 2324 3844 765 193 1681 798 4850 1096 2591 3912 2453 1372 1715 4710 2614 563 769 3588 464 600 4573 4904 2621 4426 1489 2603 4893 954 369 3136 835
2108 690 3806 4510 3586 2733 3707 3362 2476 4660 422 1360 1216 3587 1634 176 834 3864 1714 2191 4368 3694 88 2545 3993 1778 3015 975 2742 1092 1423 2020 4702 1521 4984 4178 1284 2649 4994 563 2852 4604 3447 3556 1194 2385 749 3855 1791 2579 1724 1057 4292 3466 4373 2917 844 4760 441 2903 2101 1383 3359 250 2283 2222 3503 3964 1374 4328 4315 4096 2336 4098 4847 24 1806 2456 4023 3945 2472 3944 4563 3787 3917 2375 3453 737 377 4280 1616 622 2598 1575 4943 668 171 1859 171 3837 3247 2495 2366 1257 1476 3354 4072 1154 3611 1774 2342 4975 1537 4323 2174 4842 697 1353 918 2677 1086 2522 955 1865 1856 3989 940 3314 3532 1054 4790 3233 4640 3610 4210 4393 3612 4737 2120 1560 3859 2425 3806 839 4087 4774 1362 3571 1765 3540 3888 1541 80 4942 3023 2320 1445 2300 745 4971 1475 4122 4567 4914 4668 1688 2864 2007 2321 2625 4680 537 1316 1061 3054 3487 4519 4809 4605 4403 4089 2795 2761 485 2141 401 961 2514 2736 4972 2843 3099 1193 4999 3821 3789 197 3521 3052 4257
518 4539 3886 1708 1796 483 4638 2113 1976 1605 3821 1216 3709 2919 4924 3940 282 3994 2749 1878 4679 2275 369 4144 1203 775 4981 3994 1791 1485 2588 1601 344 4855 1181 4884 4888 3591 4935 2018 618 1592 170 2462 2569 2846 1239 3329 2109 4093 3916 4327 1119 568 2311 1526 813 2845 3716 3506 1678 880 2924 1664 3695 1351 786 3148 1408 1424 3448 4443 3898 436 4181 2071 507 148 200 1438 1749 4093 2901 3406 2785 2236 1826 4285 2792 3193 964 4837 493 1126 3750 2266 4214 4167 2481 383 2447 4352 494 4027 2994 4108 2919 1047 4238 1634 4850 1306 4916 346 2436 3040 2252 4647 2720 4651 1778 4677 3674 647 1810 3117 2279 3443 1200 2554 3783 4606 2030 3528 853 2669 1566 3737 183 993 1691 1535 2311 1451 281 3482 1762 4276 760 2020 4153 3300 4248 525 3531 72 1633 2972 2142 743 3276 3757 1577 3426 2378 1090 2384 1413 38 2353 1192 1524 4503 628 1133 4082 1500 3725 4376 3348 1700 1278 2932 3050 682 358 955 83 3371 3714 4577 3857 1341 3742 3870 1460 183 329 3387 1724
4276 3699 4023 4192 2156 4702 3455 1221 390 2232 1870 3587 2919 1020 1403 1267 118 528 1120 4300 1903 3992 342 910 438 4745 2119 2691 4820 3630 298 191 4762 1180 1764 3263 3658 529 2173 1628 2841 2581 3729 2462 658 4800 355 2843 4032 3610 4476 2862 4533 635 1329 4583 560 2994 2517 1913 306 2083 3170 719 2056 1805 1632 3863 2215 4918 42 4572 581 3310 2172 560 2272 812 87 2421 186 502 3153 2913 656 1676 1016 2808 75 733 3618 3079 3515 4151 2653 4295 1656 4339 3129 2644 4620 1714 2994 414 1913 2915 2798 3511 2000 4226 184 4947 1106 2057 2019 591 514 4853 4363 702 920 3919 3130 1103 2823 1651 2526 3771 766 1285 1855 2510 3728 4645 1339 2840 4931 370 3670 3563 4646 1366 554 4189 2361 4368 4634 373 1601 3271 4645 2088 4353 1942 2258 978 4224 4334 1716 2612 966 3555 628 1673 1792 3239 37 4991 2784 784 3743 3407 1746 409 2433 2179 4538 1214 1202 3748 4756 4596 780 2021 3948 2449 1461 612 3367 2455 3063 2226 1810 2662 448 719 1220 1285 3894 215
4011 4900 3884 3090 2402 4697 3828 3881 3894 4547 3746 1634 4924 1403 4547 2026 3810 3737 4517 2275 509 1538 2656 2546 773 962 3463 2163 2225 2768 448 959 2102 1437 4611 458 3954 4876 959 2841 3202 1444 1860 260 1464 76 2646 3280 2586 1148 1982 4873 3785 1807 1275 2922 4187 2648 4172 4180 4585 406 2960 3862 4190 3698 238 1738 2311 111 1230 2127 2235 1321 2333 3185 793 1646 2076 4796 4957 3503 1125 4728 1309 2581 1764 4040 2796 4842 4781 3824 2109 38 3803 3180 1529 385 431 3561 4915 1218 1690 3510 1966 1839 1613 2929 3314 2209 3032 4272 2222 1381 700 2421 4693 2246 3056 4361 2345 3337 4299 1289 1126 2431 1198 1405 4902 2107 2438 1478 3894 1460 246 3610 289 4692 225 1510 3818 1090 811 595 456 112 1387 785 2323 3150 1896 2341 199 1651 2320 4542 3536 4742 2291 1054 4816 4485 1717 2284 3392 4755 1210 119 2424 4732 4841 2113 3281 2609 22 602 317 770 2421 4082 2183 3933 2804 2184 1725 2451 2253 2464 2314 1915 2005 705 4666 1939 3919 2235 3482 1831 3193 4710
2203 3112 4215 4646 1821 495 3988 2260 2734 4204 853 176 3940 1267 2026 2006 2522 3578 1726 479 4320 3891 2108 3011 2606 1116 2180 759 1940 245 70 3407 1776 273 4758 2788 749 4350 2035 1286 4863 2860 3282 2600 4755 3233 4644 948 4052 3255 1997 3355 514 1406 294 4260 4667 4236 964 3133 1556 2941 1356 4328 4835 538 284 4072 2440 535 3186 2169 3060 1604 1697 3801 1202 4009 4958 972 1753 2559 1473 3757 3937 656 4632 794 791 1666 4140 1720 4355 2934 2724 4355 2590 2160 2415 3718 1446 445 3319 4770 4582 4589 622 2863 2531 3833 4875 4088 2323 4008 1811 3619 918 2995 2601 2215 4849 4092 4791 2085 4941 4336 1083 4635 3388 860 1260 463 1447 1664 4713 561 1858 2951 2775 3370 1899 3642 3816 147 3183 4077 4942 4162 1431 3633 3244 3909 246 3594 705 1367 4263 3740 4400 975 3821 4654 2710 2006 2015 3595 486 2072 3766 803 1619 2356 4291 1412 4881 2592 32 2626 1109 3107 425 3998 2527 3936 2436 4492 4184 377 1001 1806 2139 4249 3958 524 3211 4351 2666 2418 4638 1031
1857 4596 4196 14 4422 4972 1686 4072 714 1514 4989 834 282 118 3810 2522 3683 2352 2091 1127 3711 1555 4466 3611 3812 3807 1701 432 4340 1721 2311 2840 2668 1794 842 1691 1793 1169 3516 1997 4786 3294 4758 1853 2001 3692 3526 1161 4139 1859 3586 4542 2199 3206 2366 1296 1136 4324 4210 3996 3700 656 4647 343 1018 977 1215 278 2904 566 4845 1063 1992 2520 3037 2291 2799 4723 3036 3772 475 3144 924 4369 3629 3865 37 3435 715 730 4391 4623 489 885 1366 4306 3933 3676 1615 4401 3895 689 2215 2211 250 4684 479 3203 2429 3285 2205 3524 2276 3178 3090 2067 4263 2663 79 3635 741 2963 3163 4761 3955 2668 3675 4878 3955 2050 4066 4823 3902 4983 2593 369 2577 2415 2150 2242 378 1311 3498 493 3157 2347 956 2004 4629 3929 1513 1086 2454 4521 2172 2804 781 882 2645 4769 297 2269 1939 4320 4961 4166 686 3134 1310 4676 2113 621 1121 3454 3756 2666 227 4535 2469 1627 4596 576 1337 3966 3126 1779 644 4199 1019 1793 2686 303 4529 3147 805 4004 579 1552 2170 2130
3005 1112 4925 616 1535 3483 232 2981 1530 1942 3201 3864 3994 528 3737 3578 2352 2212 1716 4556 2900 2954 2232 4116 3839 1705 3269 1116 4639 3507 3888 4551 880 2744 4738 723 1544 456 3348 4091 3414 2221 4396 3748 3780 3637 1839 311 3799 3104 3261 1137 4143 3759 4750 1844 1177 2087 4607 622 1425 3190 1362 2898 132 4339 2384 2741 2771 3601 2976 1389 1377 3750 3813 2678 3166 1239 3447 3565 2041 1429 2845 1038 2512 1787 1019 1756 3760 2495 3661 2526 2885 2814 3368 3393 881 4199 359 3591 2004 707 1786 91 4196 2823 1637 470 2449 3548 4979 764 4038 2373 671 4008 4380 1033 1430 2863 3844 102 305 1678 3215 3852 4894 1922 666 4254 2785 585 4991 1118 3081 1674 4030 2976 311 1761 2554 3463 1888 732 1336 4556 4462 2170 4705 1448 4593 3156 4783 4267 3620 1740 2852 3619 3408 4779 3191 1670 557 2521 4243 2377 3516 2940 3698 4912 4871 206 3848 2701 279 3408 4975 1010 2838 3371 1297 4685 3925 4700 326 3524 4764 393 3191 1040 454 3119 3630 2657 1539 2220 3525 3921 566 3545
2500 1477 4147 1271 4044 3398 571 4015 3685 4972 1899 1714 2749 1120 4517 1726 2091 1716 1148 2051 3967 3650 430 4090 4371 1803 1003 3504 4088 3301 370 1067 2121 1658 4648 169 2319 4334 3793 3581 1821 4196 126 1702 2206 4105 4894 3885 397 1249 3825 4365 1231 981 2300 448 3149 1282 2942 3475 432 2913 3737 846 4604 4895 2979 2211 3723 3707 1114 109 4162 705 3729 371 2740 87 415 2587 4093 4420 395 4603 4109 2948 3507 4737 691 2855 4143 609 1422 1987 4917 4502 4653 2934 3317 3118 632 4278 4451 3774 2870 4770 1558 1083 4626 2172 2196 77 1128 3550 2785 1202 189 2381 918 3794 4634 4918 1793 1523 3735 1923 2610 144 2422 2671 2320 1411 839 2778 1549 2627 1797 3286 1293 4804 107 1858 1295 2436 1171 4267 3789 920 2725 2614 228 2739 628 2230 2420 3534 2150 966 84 672 1893 762 4182 4351 2061 1197 547 3470 4156 1605 234 4529 4340 2662 2239 296 4186 690 4904 4478 1962 4661 121 2736 1153 4316 1376 732 4857 2954 1652 1562 4963 3206 2714 4698 4282 4153 31 2570
4388 321 1022 3244 4984 3394 3469 4534 2138 4084 4529 2191 1878 4300 2275 479 1127 4556 2051 1664 1698 3323 114 829 4688 3602 3798 4042 2890 1487 3925 2966 4117 1760 2114 4166 4408 1517 353 501 3157 1756 86 3973 879 1752 3455 1127 4998 3701 3396 2285 1161 2644 133 2913 4762 1158 1324 1799 3992 1853 2295 1580 866 1174 3677 4169 194 2540 3162 4218 1747 3572 1648 1108 3245 1589 3296 4403 2405 3319 3223 1932 2484 611 1020 370 3951 2960 386 4871 2272 2349 1114 862 1102 2665 3711 1570 3993 158 664 1889 3063 2601 667 1726 3706 2101 3996 4440 4292 3911 706 3002 2065 1241 3792 3766 4932 3924 2855 3606 1072 2302 3407 1780 2693 1329 4737 3255 2342 812 3863 3392 4482 3320 783 174 4967 4242 2444 1463 1837 3614 2051 1481 4188 3191 4183 2553 739 3279 1540 4199 4031 2925 2608 3317 819 4441 4547 3335 3634 2753 2403 1107 1131 2336 888 4517 4524 1115 1878 3915 3508 205 3704 1363 1881 2811 1545 2389 4970 687 2054 1174 3657 2467 1752 542 3574 1209 1242 1214 1174 3005 4295 50
3410 4090 2657 2935 1961 1537 2181 2366 3263 3445 3403 4368 4679 1903 509 4320 3711 2900 3967 1698 253 1726 1476 616 127 406 497 3481 1349 1381 4166 4112 4757 68 4882 1988 3659 387 4621 3313 2702 872 745 2377 4602 3367 988 4315 4255 1349 4592 658 4940 3625 4262 3752 2404 1007 4614 340 3063 2180 248 499 3552 2419 4011 3236 2042 3044 1033 765 4404 2461 3114 596 1869 4136 4235 2763 257 2925 3393 711 2777 4419 2639 4444 2682 4162 4857 663 277 4155 2682 1291 3393 4538 964 1496 1160 1159 2994 2712 4148 2253 2925 4261 2328 2432 779 4295 1118 2857 2012 2221 823 2815 1191 3164 4468 3871 4654 4292 3496 409 3784 4149 1846 2830 2493 1185 2374 3131 4345 183 4306 3561 4104 4207 3172 4066 2597 4127 4296 3691 3449 1308 3377 3237 3312 4463 2901 4580 3634 2403 4519 3424 4359 2419 4046 303 1015 1645 1656 3365 1581 2255 2685 1146 2762 3733 4552 3211 1860 4863 4836 305 4946 4820 3894 2028 2888 840 2271 370 3043 656 3559 4539 3829 4770 4560 305 3985 4067 2810 1138 3952 3958
4206 3833 4920 3900 3671 1152 1163 2710 1241 497 873 3694 2275 3992 1538 3891 1555 2954 3650 3323 1726 1464 2380 1888 2538 3161 4648 1807 3459 4426 258 3941 2614 3232 4762 1944 2253 442 424 2325 1482 4492 4414 4536 368 2356 2514 3209 3188 4259 416 4734 4589 3410 1717 1831 3465 1031 3939 4103 4984 2767 1343 338 4904 4315 143 1050 3474 2807 797 1793 1245 3280 3721 424 361 1328 2461 3826 409 188 2087 3559 70 4100 1344 3596 4312 3323 577 3705 3032 3176 4563 3815 1861 3425 1979 2663 3059 525 2851 2174 3922 2334 4118 2007 98 798 1942 4364 4892 4030 2018 1229 102 3923 263 2013 1333 2502 150 4791 2023 618 2779 1678 1654 2475 4836 4246 470 1165 3313 2887 3100 3225 3411 2719 227 2022 2448 4562 286 3191 2318 4637 4783 579 3594 2892 2998 1830 164 3356 3397 4938 1621 1619 4977 2307 2627 3018 4986 608 4818 77 1419 1164 821 3039 2778 4942 3971 2201 2092 119 213 3244 935 1550 896 10 1078 4835 4253 1857 1973 3058 2140 4464 1798 2349 2755 1971 1689 3894 3109 822
4532 3258 3530 1395 3844 2244 739 3639 3713 74 791 88 369 342 2656 2108 4466 2232 430 114 1476 2380 4681 4797 3489 1258 4076 1773 4679 3228 1676 553 2149 4247 4911 4412 1449 2116 1626 3510 2648 3408 1195 3593 2785 4449 2942 2014 3235 3754 4657 3784 57 549 70 10 4455 3990 2321 3391 4135 4838 3166 216 3496 1484 3731 2341 26 1901 4614 3674 1915 3734 3426 1482 1864 3927 1040 3756 732 110 376 3412 255 1909 3161 4970 4216 4428 2484 2124 951 3281 1981 3943 2844 36 769 2539 3544 2635 76 4074 950 4825 3324 2239 3487 2910 1029 2837 1099 897 4618 552 2971 3437 3578 2498 3362 4326 612 3062 1732 3769 1768 4795 4772 2435 3548 1349 4278 3245 2073 4564 1702 4871 1934 218 907 2061 3157 4115 4579 4680 2142 3488 2431 3920 3505 2173 65 380 625 3326 4091 1701 3614 684 4739 1521 2848 4387 3130 380 3540 3287 2832 2465 3751 1033 2610 1978 2909 3354 3073 4200 1691 3231 2836 1253 2677 2268 2956 1951 3157 3425 4420 1239 753 4770 1292 2823 4530 1374 725 401 194 2549
2470 2257 1510 2462 4682 1264 331 534 3499 3165 1756 2545 4144 910 2546 3011 3611 4116 4090 829 616 1888 4797 589 2570 47 4276 1058 3149 2500 4365 2270 4240 3885 4997 1273 2814 1156 4834 4218 4452 285 1953 2635 3692 2406 74 3432 2763 4359 3166 2421 1212 1346 3525 3510 1127 264 3903 4800 3118 154 3400 717 3143 4057 2033 1921 3172 2209 4852 1572 4400 3405 4987 100 2425 575 4382 1020 1737 3448 1792 137 4700 2481 2010 4294 311 3169 2095 4660 3978 3868 4374 3440 4732 2979 3505 3066 3818 4908 3798 2023 2249 3645 4414 3805 1748 2837 1541 4703 3614 3166 2707 359 846 3512 2849 438 3894 3528 4522 4365 3594 4966 1501 3432 679 2257 3259 3841 4153 1485 1481 1339 3611 3461 2337 3458 4344 2361 943 3601 1948 3691 2616 334 4946 1106 3898 1571 4496 1724 2619 3299 579 1138 3499 4986 1928 4144 862 1778 4958 4351 2630 4551 1027 4498 2076 2914 3373 338 4292 3741 1089 863 362 222 1753 28 647 1201 4710 836 3704 3937 786 3233 2772 3875 1915 2115 4292 2622 3752 3421 2250 2608
1439 3000 2117 2927 1191 2278 4527 1857 2692 2209 3276 3993 1203 438 773 2606 3812 3839 4371 4688 127 2538 3489 2570 105 3139 1093 2324 2071 4201 500 2020 690 1020 2178 3400 56 1723 1195 2846 4680 3881 71 2555 2275 1780 155 2398 3267 2890 1232 2044 1939 1349 4168 4308 3801 1731 4675 2730 2244 2663 3171 4088 3554 847 2698 299 1957 4955 2322 2106 1901 567 4737 585 259 696 2334 4259 4337 1661 4484 4627 672 2353 3148 3915 2222 1816 4911 4491 4626 3457 3195 4587 2015 227 126 2451 3921 1147 3200 902 3952 1201 2728 3629 4251 1102 3295 1202 324 4841 1119 3204 4564 4838 4264 4695 1014 3657 995 697 3906 1405 2511 1649 3267 729 3894 3809 3067 1357 2988 1911 4920 3318 4157 804 3965 1063 2111 1570 780 1319 901 3626 3767 2617 2394 4596 3747 4541 996 182 4557 3612 3580 4357 2540 4668 141 2835 2521 4243 3022 2827 134 4386 2326 3518 1885 825 4147 1470 644 1479 615 448 324 172 3676 4398 181 2907 1685 4389 1531 3516 1576 3518 4671 3685 2757 4746 3048 1779 208 2714
86 4316 1191 4523 3690 4986 3373 613 4640 4659 397 1778 775 4745 962 1116 3807 1705 1803 3602 406 3161 1258 47 3139 1468 54 763 82 4064 881 4233 1051 1507 1677 2855 1831 1986 249 238 3019 357 921 1008 3596 2935 3588 845 2118 3517 1742 4994 4108 4681 402 3675 89 1986 1486 2856 2167 3217 1332 2768 787 3163 3777 3345 1696 184 2755 1845 342 4667 3833 902 931 4751 2302 206 4320 32 1489 4368 4141 1609 2392 1028 1326 638 3974 1515 138 174 2094 1968 1424 3016 2396 1930 4661 3851 4378 2032 2568 2335 454 1973 3895 2442 4365 3237 4209 27 2483 3633 32 4861 3104 3295 1036 716 4999 2030 111 2759 433 1284 1424 1747 1719 1678 4964 2394 854 4860 2346 4475 2611 220 111 1977 3093 1897 2296 1993 3178 916 974 4595 1408 3365 2919 301 4979 1729 4487 3089 2883 4249 4238 4805 659 4723 3994 552 3700 3752 4890 2376 1004 3194 1803 2426 3494 1206 4599 3530 552 41 1622 3293 2190 1798 2547 1661 176 4627 337 347 630 2531 4500 3496 4058 298 900 4984 2279 2867
4908 3799 787 3827 1875 1980 2336 729 2240 3577 3208 3015 4981 2119 3463 2180 1701 3269 1003 3798 497 4648 4076 4276 1093 54 1358 2006 3203 1792 3747 454 2079 3968 4620 1390 1285 3580 724 4419 1140 3980 1380 1746 190 4874 1969 4023 2045 3435 4252 2932 925 3918 1307 2298 1443 4117 679 3144 3658 4930 4170 168 2187 3212 4672 2243 2648 1841 1211 3033 520 3032 4050 3007 4914 1510 3544 3503 806 4436 2187 3841 4147 342 818 1227 4663 689 3419 4975 2487 4376 579 405 4889 3478 1709 1210 3219 1836 2098 1253 1651 4904 243 3524 510 2603 780 916 4233 1853 826 1515 1315 4402 1781 1455 730 4926 1760 4167 3080 3883 659 4844 579 4776 3669 153 1798 4010 1422 2933 3173 128 649 1517 2272 1274 1681 3668 943 1730 1728 2333 4419 2667 475 216 2283 3780 3686 3065 4389 3707 127 3061 2796 3526 160 3978 4954 2309 2856 4668 3372 2794 1074 1688 1910 2996 3681 4532 1253 1571 4727 1263 3177 238 3527 4725 3133 928 3872 3579 3072 1791 4610 3363 3538 2852 2416 2691 3240 4406 635 593
542 3886 1627 1452 850 549 4819 1053 4558 253 3719 975 3994 2691 2163 759 432 1116 3504 4042 3481 1807 1773 1058 2324 763 2006 1097 2704 2234 4674 4313 555 3359 161 3385 2095 2911 4162 592 2370 1296 1202 774 1405 1969 2700 901 383 3765 3347 4714 4739 4642 72 230 3072 4563 2416 2407 3813 195 2514 4407 2827 4284 4959 4899 770 104 4463 2149 720 2171 2580 4616 1559 494 1903 4150 2704 3600 4203 3685 4483 2266 2036 227 2050 1893 3728 1051 4736 468 2388 3202 1115 4970 3770 2637 3386 4485 2700 2876 636 4942 1124 316 427 1796 1703 1247 1768 1302 2717 4058 945 4288 1778 4232 3662 3052 833 1083 1574 3963 4019 4645 3762 2374 1753 4376 2292 4559 1067 3425 2579 1944 4166 2085 4606 3528 43 3718 3287 1655 4395 4413 2702 306 4221 4970 207 2833 364 29 4485 4823 1614 3927 1957 2740 4342 4091 1691 1344 2285 2533 2385 1998 454 58 417 1360 2674 3429 3512 3393 2459 4408 1810 4340 3680 586 3099 2669 2568 3794 1133 789 720 2582 3491 876 335 4351 3042 842 2665 3608
2011 4795 633 758 641 4107 4058 2742 269 3032 1097 2742 1791 4820 2225 1940 4340 4639 4088 2890 1349 3459 4679 3149 2071 82 3203 2704 1294 162 227 4928 341 2945 2339 602 123 3376 340 2390 1388 603 3379 4333 985 4764 2439 2219 4375 231 1490 1836 595 3622 2728 754 4509 2695 3760 2626 340 1512 3720 4919 2132 1880 635 2523 971 365 1934 2611 2251 701 2171 1565 4168 2306 348 2052 2686 2154 2578 3656 1492 1496 2133 2381 1020 2444 918 1328 813 2766 1161 616 2147 3773 1565 1761 2236 4270 627 3667 2597 2632 1862 1583 3725 1981 775 689 3744 3272 2010 1646 1022 1608 3174 3187 4057 3510 4562 4749 4506 882 1416 1379 3112 2552 2591 1668 4050 4971 3572 2380 3771 41 3107 1273 4830 532 3686 2989 3468 59 4337 3336 495 3067 4315 4221 3098 3083 1654 4672 746 3147 4000 3747 4295 1720 390 4283 368 4644 4648 1541 3466 2508 750 3049 4761 2306 3848 2480 4840 2034 2572 3964 1721 3424 194 3227 4156 3542 4011 828 3106 887 292 4483 2740 1840 3871 3043 2500 463 372 4164
413 895 3291 551 3891 4083 354 1480 4213 1634 151 1092 1485 3630 2768 245 1721 3507 3301 1487 1381 4426 3228 2500 4201 4064 1792 2234 162 533 647 4797 785 2262 865 2062 1696 998 2626 818 4852 3754 2390 1865 3786 2701 860 2981 1622 922 300 2138 1861 1867 2228 2483 973 1014 4324 462 1474 1001 3883 4240 928 1938 3286 1793 3405 4721 854 1307 229 780 4750 404 2501 321 1605 2474 467 4162 3405 3117 2951 1319 2055 2420 4943 1836 2326 3101 2922 3109 3810 3703 874 1381 3265 1272 1175 4968 3696 1102 2494 1840 3177 3496 3029 4392 4482 1810 90 3177 4775 1384 2782 2754 2478 4525 1367 1120 3657 885 692 2422 3931 3892 1381 4820 4676 2493 4881 2405 465 2346 3833 2435 1836 1209 4255 3185 4784 2405 1526 4095 4740 1249 245 638 432 499 4438 4391 2308 2447 2577 917 2664 4144 4015 3435 1732 1278 3626 3105 2707 3212 1517 170 956 2898 1611 3514 269 494 3166 4401 1911 1819 3535 1002 1727 2021 954 1626 4576 926 1844 4908 883 3912 3653 587 4173 4586 3706 3571 2718 1164
3188 3379 4661 4552 109 4642 4801 756 4011 40 4651 1423 2588 298 448 70 2311 3888 370 3925 4166 258 1676 4365 500 881 3747 4674 227 647 177 3404 4376 4535 342 1988 373 3660 3131 4964 4113 507 2806 3166 2857 2200 4429 4235 2030 3136 3869 2772 4542 1686 1339 2030 144 3798 1270 3784 4129 1565 3044 294 4550 1975 4670 3674 222 322 3750 515 3480 4920 4273 4332 2782 2081 1317 1014 2154 3406 3387 2658 1250 4942 4923 2681 1142 3831 3266 593 2788 4234 124 3104 521 3832 1608 4737 1847 635 3916 4160 1777 1821 2711 4428 4915 4460 3861 750 308 1201 1596 1959 423 2573 2588 2580 3208 3941 1203 100 3764 2414 3302 3358 3609 3662 3795 2255 612 1568 612 154 2656 2057 4149 83 272 1044 4363 1456 1897 951 3571 1001 4364 1501 1440 4992 262 4666 4624 4392 1599 3592 1216 442 612 4420 3269 3680 1376 4439 3057 636 3604 4463 2967 2247 564 1657 3150 968 3585 1539 3050 4381 3276 2958 3099 2473 4857 979 4830 3256 4553 3254 1022 3039 3775 4607 3529 2973 4911 2378 1028 1857
188 4693 4208 4907 4176 531 3531 1356 3700 4847 149 2020 1601 191 959 3407 2840 4551 1067 2966 4112 3941 553 2270 2020 4233 454 4313 4928 4797 3404 2141 324 3365 2692 3553 1664 3186 1894 707 1986 3299 2802 907 4339 4248 4653 676 1641 4312 550 574 4778 527 1747 2648 1252 4103 1022 2057 870 4885 3025 4154 3473 1187 3823 4650 4429 2491 2784 1741 2027 1275 210 3587 2411 1053 3109 318 1439 996 2634 172 1598 2477 3336 2013 3429 341 3037 2584 1992 3177 4272 2534 1693 2588 2419 585 588 4204 4309 3044 989 495 4473 43 3137 2858 3538 1201 2112 900 1419 4102 1415 84 3251 1351 2534 3740 284 394 4935 2364 4386 1738 3681 1889 2274 3847 4430 4988 4629 3386 4765 4334 3146 1945 1715 1158 871 1373 2361 3929 1831 2641 1594 2542 795 1707 2176 1401 1142 222 2487 4865 4650 1240 4810 3266 659 2482 3162 193 1536 751 831 2591 988 3527 99 2769 1214 3130 4664 1172 2373 4899 4811 3339 1694 4816 1127 4328 1399 1180 3914 2930 4267 527 276 1476 4380 3484 2995 4690 3820 1294
3072 1805 251 2422 1481 3976 1056 3383 3528 2018 4176 4702 344 4762 2102 1776 2668 880 2121 4117 4757 2614 2149 4240 690 1051 2079 555 341 785 4376 324 2851 3270 4396 4518 2077 2334 4406 899 1319 1280 2977 3675 4000 1703 3505 1107 2597 3035 3430 390 1236 3509 1250 3527 1946 813 3199 2244 4276 4698 4122 1415 1257 2997 2799 2743 2028 3997 3368 3982 3704 3061 1633 4718 1629 2252 3463 4265 3880 4467 3671 3174 2401 2391 4535 3475 1969 2525 1414 2805 1858 3271 412 1946 2684 1981 4878 1350 2701 1479 3988 660 4197 2658 1566 4194 3677 3214 3055 1721 3821 295 2235 3982 4745 2924 3670 4854 2211 1298 1578 1148 3533 1811 440 151 2703 2914 4285 2455 1827 2666 4788 1459 1843 3265 1463 2673 809 1815 165 2235 1509 3937 3914 1119 4458 1057 542 1632 4864 3208 2441 1957 777 3795 4636 4853 4108 713 885 4054 239 1908 4622 2197 3847 792 1419 4244 531 4954 356 2827 3706 2919 2305 889 3059 810 4191 3811 1197 3740 1950 2016 3596 3910 1313 2025 2913 397 537 2374 12 2670 4680 4533
4372 4953 3733 801 2056 3822 2450 3271 4069 1000 2322 1521 4855 1180 1437 273 1794 2744 1658 1760 68 3232 4247 3885 1020 1507 3968 3359 2945 2262 4535 3365 3270 2937 4641 835 208 298 2805 3582 3977 3413 730 393 3842 3574 2095 225 2881 3174 2278 1041 31 133 245 4521 4961 3078 4263 2500 2150 4830 789 3343 4140 3100 3317 4683 1372 692 633 204 520 3268 4753 308 4860 3417 3572 320 2229 2366 4814 1972 1016 2927 1990 4331 1081 3807 1641 586 3796 1288 4017 3048 2283 3082 1570 145 1445 619 2985 1923 337 2125 3324 4007 1245 2735 2975 78 984 4735 2170 4351 4043 1898 4526 3229 2652 4340 2162 3602 4564 4362 3933 2414 3650 62 4885 2253 2568 2450 2995 4225 3113 4154 4907 309 821 1954 2726 4194 861 1480 4673 1026 1743 2444 2405 2055 1030 4955 4506 500 3161 3462 2766 2563 150 2080 1442 1717 75 3004 2153 2892 2608 998 2776 3183 862 3785 1106 2739 4021 1539 2033 2690 4725 2468 4958 3172 4250 134 4066 3149 298 4341 2678 2052 931 522 3185 2299 3350 3639 4688 3113
3567 4516 2827 624 1825 1521 2075 1595 240 4170 571 4984 1181 1764 4611 4758 842 4738 4648 2114 4882 4762 4911 4997 2178 1677 4620 161 2339 865 342 2692 4396 4641 726 4100 4278 3135 843 2084 2054 1441 687 4361 4350 3625 402 4247 2319 4936 645 669 129 845 3743 1310 3634 3996 2644 2980 2281 2105 1238 3554 4107 1673 3207 1267 4469 217 3665 4522 2978 4589 1856 1943 3437 2354 4155 158 2737 1944 122 1908 1501 72 2004 371 3155 1707 4379 3352 416 3222 2035 1547 1991 3563 661 2960 2328 3629 4564 1884 299 4700 639 2029 2798 1651 1047 4452 2641 443 1257 2514 3373 2080 2206 3472 3806 2792 2539 352 32 64 2739 1933 1977 1826 2930 2744 3985 2332 2368 1364 1837 2704 1479 4159 423 1672 1587 22 827 823 375 1558 1841 4715 4591 3837 4642 3894 1634 807 1634 319 2250 611 2929 2751 4264 3740 1808 313 3282 2068 4363 2856 4401 1761 272 1185 1411 1401 140 3346 445 214 2917 4050 4287 768 2290 1582 1811 577 1106 3979 900 572 1616 3040 3540 48 2585 2396 2287 1522
3191 4117 4716 949 4245 2429 3375 2721 1482 3267 4842 4178 4884 3263 458 2788 1691 723 169 4166 1988 1944 4412 1273 3400 2855 1390 3385 602 2062 1988 3553 4518 835 4100 4887 2892 2657 1085 3177 1560 3171 3291 4890 4173 4891 2153 3524 2146 2046 1218 4009 4846 3617 25 644 1207 2223 1562 570 808 3633 1416 824 3183 3760 4075 4125 3852 291 4004 2333 1391 4016 4691 736 1780 3991 3223 562 530 4524 2285 4124 2594 2214 4824 2539 3627 1817 2341 3647 4519 2866 1386 1351 1972 2955 4078 2005 644 2862 1554 1476 4015 4959 3132 4039 2925 1503 2638 859 3678 3599 963 4806 61 3548 923 2371 109 276 2633 349 3752 3768 445 615 4791 542 4578 3846 2261 2865 3230 1933 4821 278 657 38 2157 3618 714 2947 4653 1019 2763 2752 2027 2046 4967 1562 3492 4878 3396 555 2607 226 1270 2181 4139 983 987 188 1696 486 1325 2090 4035 4909 291 1166 4714 1973 1422 4848 31 4971 4600 3325 696 3155 1292 1654 480 1550 2379 4020 506 2910 181 2726 3245 3784 3924 3358 443 3794 930 4445
4767 2526 1335 2707 4635 3795 4813 4537 1985 3025 3929 1284 4888 3658 3954 749 1793 1544 2319 4408 3659 2253 1449 2814 56 1831 1285 2095 123 1696 373 1664 2077 208 4278 2892 619 1760 3106 1547 2913 650 4613 498 3716 3297 1391 3042 1489 3173 2832 1982 63 4524 1379 3928 1439 4697 4548 2589 1315 665 556 1620 1081 2899 626 478 2331 3915 3257 1873 647 2578 3556 2279 3008 3038 3946 4604 251 2669 2014 1860 4395 4363 1387 2554 3132 1666 3750 3634 768 3999 2490 1674 1686 1246 4471 4685 4933 2781 413 2818 2862 1258 4260 915 2903 2073 1705 1547 2205 3176 2268 2322 2624 2652 212 3040 4431 363 2105 3022 67 1037 1302 3400 1375 2951 219 4056 4072 4278 2858 4782 1077 4079 905 1560 1552 3296 165 4413 810 2217 1398 3117 1340 2558 4170 1470 1174 3784 3749 2515 3839 1250 2386 986 75 4664 34 4851 4360 2012 4647 1082 3251 1602 2309 3906 1455 2590 805 2328 1647 480 1189 2561 4319 1501 4643 2781 1184 2032 4849 4770 2672 1212 843 43 3993 4082 2186 3323 3229 2174 504 4997
2131 4710 2035 4706 1187 1802 2456 1190 2036 3010 2469 2649 3591 529 4876 4350 1169 456 4334 1517 387 442 2116 1156 1723 1986 3580 2911 3376 998 3660 3186 2334 298 3135 2657 1760 1990 2064 919 790 120 4576 1313 2458 2803 606 1440 1428 4451 987 2824 1612 3649 34 1014 346 1692 808 4678 1451 3629 3976 994 131 3500 168 2727 172 4963 977 285 1375 1225 3744 1315 862 1936 3464 1868 1487 1828 196 3275 3762 2558 3941 698 3900 870 984 343 460 187 1735 2970 1557 3346 3315 2928 3999 3221 2195 4540 4683 2299 3444 2676 4418 2929 3239 2672 3500 2682 2192 598 1005 3626 1857 961 3621 336 3478 4386 3331 1372 4462 1153 36 4182 4022 2993 3674 15 4022 4279 3876 1231 1204 1179 2426 4831 4208 3424 2691 3365 4125 712 4691 2356 3366 1822 829 4433 2263 1298 566 1948 1261 1501 4066 3229 4469 1629 673 2470 4145 4778 3869 3499 2264 4016 673 1669 3746 2298 176 146 650 2091 1796 1964 923 3256 2449 2422 611 4652 2195 1356 2408 4259 1948 4868 1841 1991 2546 469 4796 527
2575 4005 879 3724 3257 1998 1814 2882 3625 3560 4485 4994 4935 2173 959 2035 3516 3348 3793 353 4621 424 1626 4834 1195 249 724 4162 340 2626 3131 1894 4406 2805 843 1085 3106 2064 4920 1764 4098 4755 3596 4885 620 3678 1614 3311 4732 2328 2114 812 3453 1790 4364 929 2160 3797 4109 800 85 1858 4076 3287 738 3944 1640 921 442 742 428 2249 3272 1462 4810 4219 2467 4399 2463 3861 2983 1035 2662 3650 3002 3038 385 1283 2431 3009 4332 4061 4763 3535 3589 3739 3577 1434 316 2592 4560 2058 2955 3136 2421 4597 425 3769 2245 1202 1586 1214 4239 3370 4578 2339 503 1454 4682 4548 2966 1862 1091 562 4147 4334 524 2657 4325 4762 2210 3261 4674 2724 3946 930 671 2837 3878 431 1659 3168 2364 4055 4213 2820 3777 3974 234 2422 4638 3790 1629 390 1817 1733 2055 722 1224 803 1073 4268 3441 3752 4139 3701 3521 3600 4843 3994 1119 476 3276 406 3859 4593 139 4463 2032 3501 1651 894 4139 2348 367 960 466 641 3816 672 3322 4032 1966 2084 4353 1994 4093 4405 3176 4847
3627 1790 1866 3033 4919 2698 3409 3379 2950 3652 4506 563 2018 1628 2841 1286 1997 4091 3581 501 3313 2325 3510 4218 2846 238 4419 592 2390 818 4964 707 899 3582 2084 3177 1547 919 1764 2252 929 2382 3872 332 3738 1422 2731 432 4420 2253 3614 80 869 634 1486 84 3887 3042 665 3737 4085 1014 719 3539 141 2636 104 1905 303 2049 4869 483 4285 4835 1718 3351 1836 2587 1451 4577 992 1175 229 2699 3704 2707 3149 4132 2696 1268 964 2114 2940 2533 378 669 3246 2882 1063 2594 2356 4338 4864 899 3662 3931 2942 2426 3121 2929 1281 3251 4650 4186 4810 2008 1670 2773 3532 3506 1726 449 2063 1065 3062 2385 2766 907 3845 3912 3947 2676 2508 2118 2158 3298 2551 1047 600 4522 4082 3298 3472 1048 4474 1394 2862 2225 295 3215 1112 3075 1428 4827 4785 4962 1519 2579 2863 472 3060 2352 1832 3422 4575 1015 2552 2575 3595 1493 1615 4240 4467 4996 1282 1265 1023 871 2808 4316 504 2637 2766 2846 2480 17 2905 240 3109 3137 665 2190 795 4873 775 4782 2340 86 140 1433
