N: 200
M: 60
Symmetric: true
Triangle: false
2 51 61
3 7 49 54
4 100 123 74 180
2 59 176
4 171 109 93 60
3 4 43 6
5 67 115 35 44 184
3 113 92 40
6 132 120 177 170 146 48
3 172 101 157
4 160 168 36 13
2 181 20
4 41 134 70 105
4 183 1 167 63
5 45 178 191 188 10
3 162 169 179
4 23 95 34 55
2 81 12
3 72 129 32
3 198 39 182
3 66 83 69
5 130 42 77 163 158
6 87 175 152 11 135 118
2 46 194
5 73 199 30 121 15
2 9 89
4 122 107 196 112
3 186 18 165
2 31 174
3 119 197 193
4 131 57 108 8
5 144 126 91 114 99
3 90 62 53
4 153 24 82 71
6 29 58 127 141 28 25
5 106 52 139 173 56
2 84 125
3 14 17 64
2 137 79
4 27 21 128 111
3 19 187 192
4 38 50 78 80
2 76 88
4 22 85 104 148
2 97 124
2 16 133
3 164 102 150
3 155 98 5
1 189
1 154
3 86 116 75
3 65 117 140
5 143 156 96 147 37
3 33 166 26
2 185 145
6 161 190 94 68 136 103
3 2 195 47
4 149 110 151 138
3 159 142 3
1 200
4577 3535 2404 4252 2983 1070 915 4292 3697 1073 3105 2585 1175 2030 4790 2949 543 3626 2448 2474 333 277 4205 3437 800 3796 4646 4717 257 2288 1164 4898 3655 206 912 425 1415 1920 3706 1021 3643 694 647 3302 109 1340 802 2158 1781 496 4604 3992 4418 612 316 3198 4729 4957 1431 2538 3255 1724 1275 3084 3675 3058 2786 3962 3311 827 3996 2655 2951 4948 4881 837 952 3317 761 3201 2393 1216 2559 1642 390 4493 3301 4815 2792 2650 3978 1796 2828 3565 4251 3146 3821 3732 3374 438 4599 1927 779 4743 3837 1582 4170 2586 144 4663 3515 3225 4594 4190 1476 4598 3542 3471 985 3696 87 1777 2783 1845 4211 2165 3432 875 3164 949 910 3426 1076 150 1815 2216 1379 2547 2776 1804 3838 2240 3916 129 3531 4753 2916 887 2269 1955 4349 3602 3760 3091 1030 2672 542 699 3776 1926 1821 737 2839 2878 4858 3498 442 2790 863 2296 345 1285 4965 2993 2909 4092 1116 147 2428 101 4055 1720 253 1883 4250 3560 3052 4189 2090 1539 3504 4833 3773 4077 3588 199 4892 4241 4411 110
3535 3664 3463 1995 4043 907 2893 1141 1451 310 4998 1586 1565 4556 3050 1410 1697 304 1129 2260 3358 1700 2641 3266 2096 3660 3261 348 2700 3482 1168 762 1669 3641 3704 3125 389 4440 2290 1064 3942 3653 995 4324 3228 4771 201 2049 4907 2662 4454 940 2652 1585 3000 1391 3557 3409 4504 4609 111 3898 4819 4288 4215 2593 2470 2410 658 3344 3749 1646 4783 2075 4645 2095 764 1921 1541 657 1540 2805 1570 3524 3015 669 3702 3438 818 3522 3947 1392 1048 2907 4698 1470 3445 3727 4389 3588 3163 1404 1002 3964 2107 2589 2447 4587 4811 2515 1797 4573 4599 308 1258 1849 1740 4775 1748 1988 3448 195 4831 2332 3247 3653 4601 3258 4129 2650 4014 2406 4105 2172 4271 3677 2885 319 601 222 3231 1792 3034 4512 2025 2367 1523 1919 631 162 1865 2500 518 687 1220 3892 1218 560 2830 126 2588 1517 2302 2432 4697 3889 1192 4439 4882 1709 2676 3687 2088 1964 4360 4053 3243 1406 4270 2962 3428 1970 1201 2166 4326 582 1610 3894 4245 1052 4532 1878 2551 4093 3805 1710 1203 1565 603 1718
2404 3463 3826 1492 3555 2587 3607 2530 2448 1401 2791 2749 2463 2426 4020 3761 4187 3672 338 2581 927 3320 937 781 2041 625 4249 3433 3803 1448 2393 3023 133 1518 4468 3695 4374 2923 2400 4707 957 3530 3013 4574 531 2402 938 690 2810 1161 1933 1632 2341 234 1379 1305 1741 1883 574 3983 2394 708 1473 788 900 4001 4845 869 636 4040 655 1957 1411 2855 4503 723 3883 4518 2157 4896 3827 1905 1999 1984 1271 346 3840 3859 740 1532 2130 982 2660 3923 3447 1872 4040 1025 2511 4760 3252 4924 3531 1091 3067 3087 317 4834 2468 358 1116 4395 3869 1822 181 1705 4189 2244 1578 4138 4321 1647 3852 190 741 1007 4864 4589 674 3925 3057 4707 1312 1294 1387 3895 91 1991 1888 2089 1953 1059 331 697 3350 125 2003 4500 1090 3753 4489 4943 1158 241 3754 3632 276 4298 2602 1895 803 426 2544 2470 3115 3468 1264 1979 369 1902 3617 2322 4780 3897 2782 4380 3431 4727 521 3032 3485 328 3540 588 1394 1064 4972 4086 2535 1065 3526 4045 255 3256 363 1588 3571 4853 1817 339
4252 1995 1492 1380 2272 2167 1391 4235 3558 3859 998 1236 1092 4602 2537 180 737 1723 1352 1056 3612 4194 2383 4045 1639 2165 275 4283 4613 3130 4030 3156 4614 3776 2965 3582 1461 2104 2931 2432 1758 2458 937 1325 2280 3132 4249 4999 3822 1257 2649 2829 3899 1221 3975 1337 1648 4402 4472 3627 2958 2217 1459 1936 470 2663 518 4230 523 3352 3497 2578 1379 1575 2106 2895 1767 2118 2495 4838 3125 2089 4784 1732 1711 356 4386 1561 273 2180 296 4089 1043 4408 3745 2125 4042 4606 4102 1806 4670 276 1645 4299 537 3998 4395 2656 3845 255 1540 2329 385 2179 3224 4623 2213 39 1264 2118 1891 1561 50 2590 952 3374 457 1247 2861 3494 2979 2155 3954 632 134 3545 1432 4126 3283 787 1898 1698 1809 1411 4786 462 2522 2348 2047 226 4988 4351 4360 2662 3253 3090 3105 1135 731 44 647 4490 3025 106 3532 1331 396 4493 3420 4407 4640 152 4055 1598 4271 774 430 3810 1908 3355 2062 1838 884 4073 1186 3085 4734 2584 3928 4226 544 4307 1851 4470 4353 2585 4255 4039 374 1890
2983 4043 3555 2272 1069 3590 4130 3231 3172 4845 2944 3103 2113 4178 914 1352 631 4076 476 4008 4860 1685 2539 390 2503 3580 4814 1349 167 449 4933 1206 4721 38 4871 820 3834 888 1650 3484 4429 3799 2715 262 3575 3972 4724 83 3980 3139 1262 2171 2944 1782 2101 3609 4256 4062 654 777 1179 2143 4080 1313 459 352 432 2356 889 352 4380 1428 1070 4722 1406 2183 1043 4989 3277 2415 4433 1137 4560 2924 4984 2641 3166 3419 147 1878 1171 255 4303 2584 1708 3493 4943 3741 1642 1906 3061 3353 810 416 3811 2651 703 2187 36 11 4608 3256 4503 860 2930 3636 548 2522 1674 873 1285 2125 1453 2833 3402 1237 1618 691 1788 3163 1558 2072 1369 2885 1971 3669 4175 4320 3626 3219 2683 4847 3680 4337 4726 2301 2376 3805 1546 265 2537 3227 3830 3975 4922 1663 1402 954 1741 2284 1627 2317 3828 2904 3007 2465 2738 535 1612 4915 2001 4135 4157 3034 2889 2997 2734 3219 1466 4464 1831 4888 3196 3709 532 1119 3233 2507 4684 499 2780 3952 3542 4188 3049 3867 4738 851 1774 4958
1070 907 2587 2167 3590 2784 1727 890 3593 34 2940 2719 106 3200 3165 3512 3923 3219 1300 4954 1508 3766 2603 3549 224 3886 2538 2770 4694 1236 4044 1944 4833 4704 441 4936 4365 4122 3703 2870 2859 2834 2336 4317 889 2679 974 3060 3939 4139 2742 3181 4767 2346 586 3506 3015 1019 4225 2856 342 765 4859 3433 3019 4597 4633 3311 174 2507 1665 4008 2855 2409 764 2908 2557 2349 1767 4238 893 2572 1989 4627 1949 3715 4239 1817 272 1353 698 4439 329 3839 1266 2364 3192 1374 697 4826 152 1221 3361 2754 830 967 1171 1740 3417 3443 4611 1671 4159 375 1541 3798 3886 41 2373 4302 4573 2201 631 1197 3115 4594 401 1141 4676 4126 4369 3387 3969 4148 4433 1108 3328 3507 110 1102 4803 1697 4448 1401 1512 2590 2991 3093 4250 963 2174 2798 3135 867 33 1891 644 2533 1923 4428 3548 4337 4795 3081 680 640 3279 1400 4151 3135 1916 4817 293 668 3258 1333 557 2844 2752 1752 1264 4687 618 1508 2672 4892 2079 919 4640 308 961 721 2972 3623 3721 4410 2893 283 4579 3401
915 2893 3607 1391 4130 1727 3732 931 3998 1976 3692 4488 2213 4549 4036 120 1484 2432 4460 3430 838 2186 3078 4517 4516 3721 4319 2697 156 2405 4828 2783 1141 4110 1508 3915 2138 1605 494 2471 2247 3258 1598 2723 1741 2093 1523 569 237 3054 1460 1887 2440 3771 597 3574 622 4675 1273 4212 3105 962 1618 3885 813 2701 3964 731 1855 3330 4840 553 33 4776 3566 3150 2194 881 253 1749 842 4172 3458 1531 4957 78 4752 131 678 2534 2325 2504 3787 3230 3085 2598 3332 1304 2424 2070 4892 3380 4082 2497 3793 2411 820 3518 299 3461 1226 1217 805 1034 3339 400 1289 1796 2049 4274 1937 4704 1566 1315 981 3600 2306 1004 4669 699 4819 4406 3932 1966 2794 2887 4173 4941 1357 945 4271 3614 767 1159 3576 2660 415 4098 4413 1775 2142 2545 4791 1370 2505 1142 3591 3670 4091 3034 3164 1480 4567 2452 4957 478 26 3005 73 2087 1170 1196 4065 2192 2400 132 652 754 1074 2560 1157 454 1230 4867 3988 1300 2201 4975 408 4609 2630 3704 2223 1219 2994 1683 3087 3605 4749 686
4292 1141 2530 4235 3231 890 931 2561 3101 1937 4339 4574 1175 531 4977 2575 2469 1415 226 4883 3506 2291 2243 1117 1690 3034 2207 3331 4461 1757 728 2044 191 597 1184 621 2090 724 3756 2245 2911 2398 4267 4659 4874 1386 4865 488 4904 134 4557 979 3538 782 737 2506 4127 3978 1447 551 3093 3934 2499 2467 2610 3005 1803 1914 2874 3479 4404 3153 3454 2641 1879 3951 811 2432 2780 2734 3445 1854 2810 2633 4056 3863 708 3270 525 4281 4274 4025 3999 4418 4620 3398 615 1578 1598 1217 2829 4184 4898 2849 3642 176 1341 1449 1033 1640 3177 1597 4528 28 3716 1279 2391 2311 3257 785 4653 142 1507 4731 93 572 4455 1107 1663 732 2754 4110 3930 3139 1773 4136 3417 4088 2576 2533 1050 3666 2222 1897 2048 4316 1967 3981 2225 2462 2649 375 1498 4684 3819 4554 3118 3598 1582 1105 2328 1835 953 4648 3840 1571 1482 983 1375 4467 3475 3994 4587 178 624 3372 2344 3743 952 835 1116 2958 686 2686 3157 770 1130 4353 3497 576 2778 1770 3243 580 155 3870 1459 4577 3907 1678
3697 1451 2448 3558 3172 3593 3998 3101 1295 3851 1611 3942 4250 2810 2302 4047 527 1258 2085 2964 4290 3362 295 4092 2894 4530 484 3100 3144 4766 1589 1032 155 4571 1716 3663 3499 1305 409 387 1151 4705 1365 4511 888 3154 25 1574 3531 234 1572 3715 2855 3045 4703 4178 73 3429 2087 547 2504 4345 2212 1268 978 2723 3894 2108 2451 2713 1175 808 4529 2541 3404 889 3580 3870 1662 67 3947 249 4677 1787 2182 1781 3470 1918 729 4280 3387 3155 2737 2878 4878 2168 698 4717 4379 4978 2621 1004 1171 3850 3324 2736 812 798 4074 2996 464 2231 2279 643 1581 2167 2579 1598 527 3330 1261 4583 2790 796 4361 4589 3572 4300 272 3078 238 3697 2222 4072 2655 3771 4790 1773 816 4553 3607 1905 408 1281 2983 3709 861 4067 76 3369 2547 1923 4175 919 3865 2713 1309 3016 3042 782 430 3125 3483 4667 29 704 836 3569 1271 4909 4000 2203 2443 2528 3414 4439 3188 292 4545 296 90 1001 4275 3076 4148 2546 4723 504 125 1558 3577 4037 107 2816 2082 1424 911 3829 4021 3904
1073 310 1401 3859 4845 34 1976 1937 3851 2691 2341 3103 398 1222 3122 131 24 2047 1614 4062 527 1777 475 2796 315 2809 4685 3553 2470 1125 2668 1809 1464 1621 3782 1850 3677 3057 2468 804 3870 4815 2577 4207 4295 253 1754 3675 2422 4597 3974 4261 2712 14 976 364 64 4277 4188 380 1051 2751 1038 2709 1831 613 3063 3149 4747 4546 3467 1112 1958 1280 1198 2420 2906 578 3136 3725 3579 3346 2200 1648 3732 3612 131 4338 2941 836 3606 4316 1112 4136 4503 3033 585 601 1052 644 1100 1081 1796 3040 540 1812 551 1658 2524 571 2642 2754 1848 4847 1707 3725 1826 301 4517 4752 2710 2844 1794 4832 382 2466 1102 1152 175 3785 948 1219 991 845 4680 3041 2518 1738 3239 4332 291 1044 2968 2824 1183 27 1076 1109 4297 3229 2974 535 914 3391 4125 2067 1080 1769 3577 2946 4760 4738 2192 4900 4508 2307 4709 1871 2592 915 491 3344 4247 2875 2618 1347 3798 2339 2009 3347 2170 3464 1645 3801 1969 4797 1797 160 49 4243 3804 428 2310 2171 2872 3789 4942 4792 4186 325
3105 4998 2791 998 2944 2940 3692 4339 1611 2341 528 344 915 3388 3572 1222 2091 1549 1327 4684 205 1675 1044 1728 1703 1824 2964 3465 4760 2683 595 3592 4369 898 793 4222 42 3670 3115 2425 2149 1057 1382 3933 722 3892 1111 1000 3169 4555 308 2222 3317 4160 4311 4743 4049 266 3576 4671 4805 412 3525 989 1327 2133 3278 4146 2711 2446 2194 1734 4736 693 2397 2893 4164 384 3620 4819 977 3460 2249 4664 3015 2540 2969 3819 2665 4641 1611 4960 1833 1010 1033 1271 201 558 961 2799 2129 1035 3359 2088 2884 1348 876 4447 2603 4182 2982 1331 4119 2588 4730 4157 1058 2638 1784 4024 2393 3185 2221 1779 2732 4861 1889 405 3669 1195 1394 1361 1859 4486 3202 3899 2039 776 4898 3736 4477 4858 4575 3560 3156 3969 1998 728 2803 3573 583 3550 2592 2721 3563 4243 1440 4039 1220 4127 268 1388 1367 417 2005 557 957 3987 762 3724 858 1044 592 3775 2422 645 4838 212 1988 4534 1832 106 1440 227 787 2487 2661 148 1680 2434 2843 3880 4391 1850 1011 443 2815 3913 496 1088
2585 1586 2749 1236 3103 2719 4488 4574 3942 3103 344 984 2263 1551 4101 118 278 1671 4389 3722 3739 3393 4858 1554 4446 3028 4949 3168 3872 974 1947 4501 4771 4684 1216 2194 1976 1632 2708 1216 4672 4573 4842 4815 3433 2295 309 203 1550 4142 836 4026 1341 3148 3707 3192 470 3349 1120 2585 2952 4563 2480 1123 173 834 3659 3950 391 1460 4697 4789 2065 3981 3393 4239 3405 2779 902 3100 1448 2349 4974 3682 2561 4984 2737 1362 3164 1794 3419 4510 4485 3641 4596 371 941 4088 578 3829 547 1543 1073 657 2904 1532 2174 1677 1529 1538 4699 1314 981 585 2229 3459 1335 4991 256 75 2276 152 668 938 985 1736 602 3857 4804 805 2025 2749 2489 1335 432 2721 1275 2960 4950 4159 1718 2834 3186 2691 1353 3383 1899 2422 4993 3533 349 781 4270 347 2677 4781 4531 2966 3540 3424 1600 2347 4633 3588 1870 3031 1424 2905 3795 3395 4923 1427 3036 3044 3990 2592 1055 2725 4648 1123 3370 1623 2895 4883 2943 4563 2048 39 1506 1940 3403 4023 2329 2810 2220 3684 87 1391 2708 2209
1175 1565 2463 1092 2113 106 2213 1175 4250 398 915 2263 1627 728 4967 1427 2020 3844 2955 4430 4445 2185 1456 4416 4723 1845 995 1363 3782 3012 736 2877 4269 3479 811 2802 3778 3700 853 3297 2564 135 4009 1488 2651 110 636 2057 1184 1133 4518 870 2593 4448 4902 1585 3628 2314 1897 2060 2798 2525 4086 2304 2578 144 597 3668 1677 807 4811 74 911 4444 4323 750 4680 2091 303 562 4388 3881 2996 3403 4620 367 3168 3390 1931 3542 1587 108 3453 1813 1642 3557 3506 2390 585 4881 2718 469 2620 1871 1347 915 1470 52 4186 231 970 4821 2917 4608 1652 892 4399 3301 4733 429 2253 1817 4526 2939 3083 3192 4402 2979 757 3855 2931 51 1592 3105 1784 4442 2942 3013 3477 1777 1047 222 1638 2461 4398 2333 276 567 306 1850 4422 1263 970 395 1927 449 3799 4346 2720 2546 4911 2331 88 2366 1762 3299 3174 575 4631 2844 4976 299 660 332 2871 1205 2585 2439 1534 604 2926 4627 634 4984 631 4205 3580 3343 4232 1523 3598 2089 61 2642 1431 1777 1821 3982 3108 2875
2030 4556 2426 4602 4178 3200 4549 531 2810 1222 3388 1551 728 4319 3071 1910 1204 2374 4886 2373 4360 598 117 1470 4620 2648 3228 1093 1257 1867 4890 548 1916 2560 2503 4850 493 2475 2958 4199 2045 1742 1933 1643 1595 4128 4781 1126 486 3084 3035 2676 3250 2411 290 2206 4057 1972 2794 2266 1955 4482 378 4112 2355 4852 1617 3583 331 2267 688 1540 209 4428 654 2551 4212 383 1486 4742 3901 1938 1120 803 2208 682 3242 1347 2533 3633 4635 429 3197 4869 2746 2616 2055 2752 3346 2317 1089 1767 283 887 27 976 1656 1684 2119 906 1058 3221 2151 2286 2267 357 4329 3977 2651 2853 2044 4990 3038 244 2736 3672 337 1043 478 3537 2638 4594 605 375 3528 4896 3574 3588 1110 1697 2388 4675 1314 450 188 1305 1195 2771 3760 4426 169 4813 289 3526 3583 2729 1861 1539 2583 3725 1353 1875 1899 1432 1688 1550 3889 2082 2376 1184 890 1265 4353 3284 2956 4293 3558 1294 2328 2054 3557 2731 4816 558 839 3013 1666 761 3898 2902 3238 1767 3553 1545 329 2736 1332 1196 1744 1494
4790 3050 4020 2537 914 3165 4036 4977 2302 3122 3572 4101 4967 3071 3049 4070 3020 1866 3657 1898 2458 492 4048 2869 438 4627 1039 1805 3341 830 3896 1864 1878 3855 3760 4851 4751 2155 2183 2145 896 4020 2735 2058 4476 992 2384 4412 41 2648 1071 1170 341 4731 3748 2042 57 2932 1877 891 4576 104 1323 888 1429 2202 4442 398 2710 3733 224 3885 1885 950 4563 2401 282 2325 4631 3881 498 61 3136 4963 2214 2601 242 3611 2011 2930 4266 4463 3371 1873 4754 2855 320 4024 3579 2681 2605 1227 3887 3130 3331 1592 3410 1565 2926 3105 4865 3659 2341 3139 4274 3868 3335 360 2503 3546 4205 680 1159 1552 3498 2255 4158 2897 1900 3553 816 3331 1581 1095 3305 634 1178 3886 2568 300 1723 2890 2053 1456 1093 4118 1298 1832 4618 3463 3529 4964 1553 3656 1249 293 1250 2584 4036 992 2492 4934 271 1598 1604 4748 1470 662 2543 4109 4449 2913 1096 2174 2551 535 3056 796 3649 415 314 4953 969 443 798 707 4850 3549 476 4469 3850 1934 3785 373 2371 3531 4878 4699 3747 2481
2949 1410 3761 180 1352 3512 120 2575 4047 131 1222 118 1427 1910 4070 3611 903 2042 2871 281 1260 4080 1180 476 842 883 2822 1772 1636 1509 4348 2693 4771 3735 2337 2610 2308 2232 1944 2808 2828 1401 1957 2051 1898 3245 1147 1787 2491 1017 4223 3111 2895 4794 1709 2069 469 4890 2552 4222 3236 4846 656 1639 2783 857 1273 2638 3952 3320 1830 1914 4430 4444 4255 573 4429 4277 603 1575 1602 4614 1683 717 4747 916 341 120 972 1090 999 2417 2262 1203 683 2157 1064 2585 740 4247 3308 109 638 3530 3251 4179 4232 4904 4586 2118 2345 3442 756 2070 1073 1237 2493 4427 281 3332 3668 751 1977 1829 3869 4037 3082 1257 2348 990 2109 3343 4464 994 2538 2178 3177 877 4162 1762 504 4819 1263 3179 4504 4090 138 3520 974 3358 2665 2557 3219 4195 526 3725 3733 1376 3482 4644 4683 4496 4612 4014 1430 3951 315 2233 724 4453 3461 2429 2124 1523 1230 2988 2655 1190 2936 4087 2500 3797 1079 4094 3817 4358 2588 2447 2704 2921 1360 4559 20 3554 860 1739 4780 408 4868 50
543 1697 4187 737 631 3923 1484 2469 527 24 2091 278 2020 1204 3020 903 2287 4142 2518 3677 4047 4148 864 3823 3300 3332 2712 3088 2229 1132 3028 4599 4196 2220 924 2476 3676 2045 4125 827 292 4678 964 3088 4808 659 497 4114 235 1185 690 4533 1362 3341 4897 1244 429 3567 3073 2244 2174 895 4690 3721 2090 983 3884 717 2895 3142 1314 419 1008 2174 873 3019 3205 19 4129 4639 3282 2329 4811 2989 3026 2333 2222 1223 161 4457 468 4395 2096 3648 4540 2998 3012 3794 3923 2576 3145 3552 3163 4121 4186 1421 2535 4559 4692 1367 32 2278 3993 693 145 2303 798 2411 3904 3012 2961 1461 4636 2811 4909 3896 2386 47 2977 1404 4408 1458 2478 129 4710 4691 910 1157 2136 2214 1056 914 3127 2646 2075 2849 570 1499 1920 3133 1089 4694 4252 4920 2825 131 2490 4226 3345 3057 2906 321 4099 4575 2980 2173 794 2439 2124 440 4354 2800 1975 1047 2364 71 432 3664 358 3317 1481 2758 207 4027 3146 650 4521 2870 3321 1416 3084 503 4520 1509 3330 4852 2799 339 972 2182
3626 304 3672 1723 4076 3219 2432 1415 1258 2047 1549 1671 3844 2374 1866 2042 4142 1498 2801 2930 849 989 3221 1260 4968 2213 2610 323 2454 482 431 4453 1303 4153 1287 1178 4554 2479 2665 1548 3256 2073 810 2262 161 2076 2164 3693 3892 4363 477 4919 1040 2544 3404 3684 1509 4851 1463 652 1070 2170 198 4292 2902 684 615 497 20 1193 2865 820 3331 3125 2399 3914 3527 4896 977 4727 1469 1823 3953 4927 3466 2560 2561 2938 2945 4164 3291 1276 2972 3304 3460 2968 2387 2699 245 3116 4987 2870 355 3992 4858 4668 2217 3578 3516 3400 4817 186 1579 3651 1540 3223 4949 4979 2016 1545 3897 1621 150 1842 3856 3473 3816 4783 2217 1605 3674 2851 3217 3551 576 3673 2040 4909 816 2990 897 1214 972 3700 2359 3574 2952 4216 3255 4424 4761 1947 1017 1147 512 1073 790 2568 116 3477 251 1771 593 2941 1149 185 682 2992 4504 999 4705 1108 3590 3939 3183 673 1075 3181 3133 4482 4787 1107 3941 3475 1191 3908 2317 1915 4997 132 2895 4302 219 1757 660 957 2945 1579 3320 2277
2448 1129 338 1352 476 1300 4460 226 2085 1614 1327 4389 2955 4886 3657 2871 2518 2801 1187 4323 316 4899 3721 2539 701 1410 924 268 793 3190 2125 779 3281 2209 4326 2174 152 2666 2463 1140 3693 3215 1129 2336 3329 546 3146 630 4266 325 3305 3330 4269 1636 1014 3026 308 3937 4654 1713 3472 1136 2152 3570 2271 4464 3752 4812 3676 2360 461 3404 1978 4260 3567 2838 3575 1301 2781 2239 751 2809 770 2614 3770 3751 376 3315 3007 1839 1962 2867 89 2003 4417 1337 2025 3372 1400 2885 4776 2214 3890 675 1101 498 2620 4318 994 367 2005 2126 1345 1828 2134 3886 4046 3394 2184 1880 2530 3856 4530 2264 294 1424 3106 4814 1658 749 4206 1410 2035 3811 3031 4675 1577 1585 1518 4341 2764 3809 1468 102 2413 4710 3425 3553 1461 1800 1710 3691 3398 4692 735 4403 3937 3719 2904 2635 1818 1114 3104 3125 2825 1539 1612 3386 1673 249 2500 1390 1862 397 584 3087 2303 4762 4341 1624 1978 110 4163 2362 733 2661 919 2957 2190 2897 831 391 3206 959 1625 4170 129 723 4836 802
2474 2260 2581 1056 4008 4954 3430 4883 2964 4062 4684 3722 4430 2373 1898 281 3677 2930 4323 2035 1714 1214 1758 568 3524 2920 2693 709 4507 692 4770 3780 3382 1947 4773 4179 4907 3604 3551 2346 4218 2551 4110 1992 4867 1119 1121 888 4061 3785 4133 2821 3455 2295 3055 2387 1757 1728 4807 299 3999 3569 4734 3554 1738 3203 594 545 3086 3632 1727 305 4542 3564 670 441 1294 2684 1167 301 4182 3947 888 1330 1096 2461 2592 1584 3694 2447 4716 1283 1002 1093 2713 4999 1894 3243 2767 2977 4940 1368 1238 2558 4805 660 952 4844 1826 259 2344 28 3614 4373 4212 2915 3401 3257 3732 3881 1516 477 3980 3702 3618 3093 4400 2455 1288 3346 3115 4215 4835 837 1439 1340 971 246 2692 1936 1858 797 3160 1202 2563 4120 557 526 4822 2721 627 857 2144 1812 3009 255 455 2521 3866 571 309 3098 4689 599 2369 2272 1345 239 1686 2731 3813 135 2422 654 1218 2742 340 1795 159 1919 4159 4970 2039 3235 796 854 3726 800 996 4053 2176 787 4900 2086 3049 4903 3437 2745 1132 3364
333 3358 927 3612 4860 1508 838 3506 4290 527 205 3739 4445 4360 2458 1260 4047 849 316 1714 190 4948 1150 4756 310 1110 2683 2866 223 1155 3179 1023 372 3517 513 4195 505 712 4228 2625 853 11 2039 302 4450 369 3627 3432 2627 4790 590 2045 2890 1789 717 4155 3735 514 4113 3139 4481 172 317 2555 2244 4135 350 4246 3381 727 4300 1201 372 2471 2531 649 2442 1393 3462 2922 4408 1104 3088 3312 3943 1344 2673 1644 47 1517 4506 676 541 4987 2346 4592 486 364 184 688 3247 1670 4199 3809 3665 372 455 1021 3682 1925 822 4159 1648 1979 4935 4435 2591 2628 1084 1174 1729 4343 2790 3612 4135 838 2128 3897 878 3899 4637 3104 2470 1456 364 1294 497 4006 4698 2612 1459 2460 2547 2177 2644 1604 147 4213 961 1375 1848 983 2456 652 370 1805 2395 2911 2989 3386 1984 162 2658 3146 2413 1352 4053 4529 2791 3979 2815 1735 373 4358 4614 2233 2789 1076 658 2618 4812 4219 1475 2988 4828 2257 2593 870 2854 2983 4466 3302 4766 3033 987 2320 612 4191 54 219
277 1700 3320 4194 1685 3766 2186 2291 3362 1777 1675 3393 2185 598 492 4080 4148 989 4899 1214 4948 2676 1629 2000 119 3137 2788 2347 4858 2516 4887 1762 643 1127 78 4450 2290 4135 3259 3573 858 3739 705 3764 1981 1822 4398 3927 742 3584 2818 4622 1348 1330 1722 2722 4436 3116 3829 2327 3982 4092 3686 4982 4137 3430 788 149 2177 4320 1096 3578 3349 1770 213 611 4203 1216 2154 3863 1706 3556 1196 255 2960 3547 4981 946 3166 29 2065 1532 1555 1195 4042 4066 4232 2042 1644 1835 4044 3378 3909 2278 3422 2464 1574 2528 1770 2749 2048 2189 611 3361 1095 2784 1411 1953 2082 1242 198 3893 4203 4546 1490 3192 980 907 1537 578 1418 1039 1339 297 4571 515 1773 4139 3977 4159 1592 4017 1034 4182 1334 861 4560 1646 1534 1574 2115 790 1215 226 1760 420 2566 2490 4297 4609 468 1883 2530 2847 3370 3928 1374 3336 4732 3125 4474 3666 2754 3346 2753 4092 3165 1739 4873 3368 2299 4773 1488 2348 3752 691 300 1661 4330 4206 2899 4111 1779 1921 1622 3857 803 2010 4074 3351
4205 2641 937 2383 2539 2603 3078 2243 295 475 1044 4858 1456 117 4048 1180 864 3221 3721 1758 1150 1629 4018 4291 1112 2593 2149 2295 4901 3165 3459 2237 903 2718 1229 2995 3106 4060 1741 3919 2917 921 3154 3460 1840 1181 2354 2825 3924 1450 1468 4661 1233 704 1107 4906 1249 1054 1334 2738 63 2432 4531 3210 1755 4555 769 4349 3849 2173 1764 4711 3160 3141 3277 4755 1678 1196 1520 1042 3345 1513 608 2033 3625 3034 4900 2760 2945 4026 3888 2458 3402 2093 1840 1876 1222 2772 2976 3082 4359 1487 2446 2357 1001 978 2172 3996 2280 1255 2831 2014 1547 3520 2228 3552 3203 2823 1083 723 3760 1195 1938 424 1151 52 2238 4180 4042 4192 660 3829 822 557 934 3493 3676 4166 1004 1662 1942 1773 1351 3412 1119 1557 3349 4194 1045 924 3948 318 4866 2408 3861 3663 1376 2621 3025 4274 3733 1377 3531 4624 1454 2495 2143 238 4449 2398 1137 321 3380 2688 3886 4168 1641 697 4830 824 4405 4263 1791 1524 3983 4844 2770 4311 4133 1445 3141 3867 507 1421 1957 4096 4286 1399 4395 3827
3437 3266 781 4045 390 3549 4517 1117 4092 2796 1728 1554 4416 1470 2869 476 3823 1260 2539 568 4756 2000 4291 1433 866 3220 4147 2766 1420 3465 1213 3558 3172 1727 1030 1148 737 4602 3388 834 2343 2481 4890 223 2995 1834 2800 3202 681 3866 4235 229 2372 3484 1256 983 2094 4840 1777 3728 2836 4790 2372 942 4501 1700 1614 3667 869 3775 3193 3804 736 2153 3567 2233 4111 2678 2917 2361 3849 1450 192 4110 629 2464 2869 2133 1686 3097 410 192 4749 3617 274 4586 3909 3482 899 2759 4339 4042 879 649 2509 862 3938 2519 4589 3907 2533 2527 946 1489 1196 4579 555 4404 649 2964 4233 60 1762 2383 2514 4477 667 1176 1707 87 377 451 303 4420 4274 644 582 1963 3087 1663 4360 2081 4096 4922 918 97 4625 3981 3908 2859 1031 4551 649 2743 1290 4531 1124 536 4838 2735 206 4051 4332 479 1519 4771 4130 4300 4600 635 3434 1148 3455 483 2369 3334 1863 4495 2182 1169 2721 708 2606 4841 4039 2945 3883 779 1968 1249 2998 1131 3936 4828 1299 114 3585 770 1486 3294
800 2096 2041 1639 2503 224 4516 1690 2894 315 1703 4446 4723 4620 438 842 3300 4968 701 3524 310 119 1112 866 672 2650 2815 2985 2452 4357 4714 2134 1668 4097 663 2144 4011 3319 4278 1639 4796 4810 3559 411 2387 4885 1795 3421 3570 2543 4410 237 585 1646 1789 452 1983 162 3550 4880 3977 2852 755 4818 515 1070 4206 832 2471 897 2866 2940 1293 2169 1669 3050 4525 2764 1610 157 1154 1267 4549 1774 541 3166 1127 185 4333 1123 1082 3802 4083 3566 3821 989 4797 74 4471 4097 3829 2883 4678 3267 3749 2250 422 2794 4894 479 3511 105 1067 2962 2548 776 1991 1095 4945 3895 1996 3525 703 2227 293 4327 4342 4316 3875 896 3914 4792 3583 2357 1491 3578 4774 4019 4911 1234 4236 2061 4132 3002 281 2886 2185 3889 85 2316 1684 4199 537 2026 1826 1993 435 771 4821 2904 2346 1911 1316 1462 3318 3299 106 1207 1442 542 1865 2552 197 3236 3008 2164 3580 128 4304 3465 2722 2868 4868 4221 4791 4144 3868 886 2678 1980 3751 3478 2868 151 2190 559 699 4268 910 2970
3796 3660 625 2165 3580 3886 3721 3034 4530 2809 1824 3028 1845 2648 4627 883 3332 2213 1410 2920 1110 3137 2593 3220 2650 2987 1675 3484 3208 2453 1873 3016 2623 2208 4185 1752 4766 1769 4706 3265 2741 4671 2350 4943 1128 1459 2153 518 141 543 3276 1673 2516 2842 2682 4638 2416 711 1235 4426 4337 4843 3034 3778 3271 2171 4789 4576 203 1921 2875 1900 493 3774 2739 2834 2045 1055 740 2102 2218 1136 2865 721 3439 4973 3908 4864 523 3799 3191 1989 4792 4887 3271 351 909 1145 3598 4621 453 4052 850 3220 4045 3669 4774 1965 2482 3417 1233 4623 619 1930 3544 4774 4670 36 564 2705 3080 4848 2085 4385 3935 2768 4707 3457 3363 105 2140 3284 3229 1016 2663 2081 2819 682 211 4485 3496 1827 253 4023 1719 1085 1054 2092 3759 4078 2848 2012 2843 3015 1579 3267 4733 1145 4666 335 4294 394 2111 4503 812 3523 2421 971 2453 1614 830 4111 751 1647 2967 3989 4279 2416 1801 4296 10 2909 3140 143 3134 3502 3194 3633 843 1154 1491 1606 3018 1203 2718 606 1526 683 1722 2402
4646 3261 4249 275 4814 2538 4319 2207 484 4685 2964 4949 995 3228 1039 2822 2712 2610 924 2693 2683 2788 2149 4147 2815 1675 2032 93 4075 4966 1999 3331 821 2612 530 443 3500 4913 3646 773 4339 3291 3113 2953 2978 1734 4653 3750 284 917 1761 766 1442 1739 429 3850 2549 853 1660 1941 2991 1831 4816 1315 4865 1307 2234 3631 3457 1202 3131 4076 4177 4865 824 4475 1108 3505 4839 2143 3916 4081 387 4422 192 4816 1241 4858 3775 165 810 717 1094 2969 4070 3925 3207 884 1038 4768 1334 1876 2327 1047 3328 1813 4181 1177 461 2281 1835 945 3492 4994 4446 4304 1940 2457 4833 2854 4316 3746 1307 593 4220 725 3447 4054 2820 1561 521 2956 4185 3444 3665 1426 3297 1948 55 358 3965 4407 562 683 1679 1897 3975 2038 1579 2660 1897 2464 4596 2445 2508 3416 3563 490 1162 4111 4400 3106 556 3558 4195 4409 1776 4184 3383 4738 2265 3017 1343 734 1786 3105 1032 4423 4953 3958 3961 2871 2700 4622 4925 266 112 4490 1380 2750 1715 2959 1540 385 4571 43 2875 1378 1830 422
4717 348 3433 4283 1349 2770 2697 3331 3100 3553 3465 3168 1363 1093 1805 1772 3088 323 268 709 2866 2347 2295 2766 2985 3484 93 4018 2919 4706 4874 3682 4324 713 85 2414 4801 1317 3890 4591 2864 3759 383 1269 2302 4689 4470 4611 4141 1730 840 1224 2447 2859 1269 1811 4824 1203 1232 1753 620 1774 3516 1594 4490 726 158 2870 3972 4468 1973 1666 129 4436 3500 4755 2044 3164 4404 346 423 3474 1355 957 829 3410 2492 2379 4974 3190 1988 3824 154 1531 2440 1526 3512 4628 2022 2492 770 2884 581 3794 2111 3269 1874 1375 1972 2821 3455 4022 4757 4609 2893 615 1120 479 157 4669 4300 127 3965 167 4265 2922 3935 2811 2592 453 675 1222 578 948 4998 4648 3454 1085 4309 948 1844 394 2660 2101 1284 3432 1784 3081 4951 369 4865 460 1747 4555 958 2757 2280 2905 3610 1863 1048 3016 2683 1243 4957 3473 3538 717 4252 4850 580 2032 3877 4283 470 10 4893 4511 3488 630 63 3792 2249 3939 1474 2141 4189 1217 1391 4657 3173 104 2810 2886 377 776 4007 1919 4701 928
257 2700 3803 4613 167 4694 156 4461 3144 2470 4760 3872 3782 1257 3341 1636 2229 2454 793 4507 223 4858 4901 1420 2452 3208 4075 2919 3827 2034 2712 3958 195 3406 4973 321 2520 3569 1115 2696 3350 59 4816 1965 1633 178 4569 3763 3530 973 1939 4068 3739 3349 2623 4738 2161 4145 1512 3763 3771 2862 2942 4827 3473 4089 40 1856 56 1503 4446 3676 2516 193 4112 1335 2114 464 1614 1070 4976 3533 4152 2614 1008 2275 3465 1393 2145 1722 2341 4119 1099 3278 1618 1061 756 2869 674 1625 906 1697 3588 2882 4936 1054 3183 3536 3414 3454 1513 4022 2979 1330 3393 2481 1597 2839 4540 960 4170 4725 2496 790 1675 2019 3192 2675 1632 4774 1590 4684 3748 3051 4603 1070 2942 4944 257 3282 1948 765 2967 2321 3157 1591 1053 3116 944 3780 1844 2204 2436 4097 3465 1765 477 2491 2814 4816 1490 4295 164 2804 4547 2045 3813 825 549 17 1719 1965 4707 1350 4272 1249 3209 3467 4605 4789 4268 4996 2124 173 3527 919 2702 3202 3651 4891 581 3214 3116 3423 4370 2802 855 2868 3977 2519
2288 3482 1448 3130 449 1236 2405 1757 4766 1125 2683 974 3012 1867 830 1509 1132 482 3190 692 1155 2516 3165 3465 4357 2453 4966 4706 2034 138 1225 1385 1781 800 3704 2100 1736 1694 4383 2353 382 4987 204 4355 3408 2755 3093 3630 2515 4379 1831 1325 2613 1794 3715 1639 2454 3955 3427 2012 3250 860 998 4244 3596 2699 3854 1003 4903 4663 1443 4086 2131 685 4975 16 3452 2258 479 4925 3712 1342 1297 711 2686 3764 4647 1224 689 2962 2067 2780 2452 1258 3814 3430 4779 4613 378 2493 3812 39 2824 4619 512 4024 3462 665 1263 3863 1282 612 10 44 2326 3529 3142 2299 824 2783 4174 3966 3758 3024 4266 2974 1248 3698 1851 3039 4909 2439 2524 4241 409 1191 977 3682 4771 944 2949 1181 243 2242 4207 886 3245 3145 2353 1701 2587 1985 577 777 3755 3118 1256 2767 1673 415 4203 129 367 1893 908 3741 3818 3254 4229 2342 14 3040 2690 449 4298 2692 64 189 948 137 1063 4207 2981 4600 2773 4963 3885 2447 1464 3334 3456 4300 3313 2615 4419 470 163 663 4074 2715
1164 1168 2393 4030 4933 4044 4828 728 1589 2668 595 1947 736 4890 3896 4348 3028 431 2125 4770 3179 4887 3459 1213 4714 1873 1999 4874 2712 1225 4004 4490 1964 1718 2668 1082 2473 576 4951 4638 4253 1697 1407 1857 1679 394 4298 1652 687 3135 523 1221 1902 3517 3805 4796 323 463 3563 1494 3264 698 3453 4223 2953 2139 3187 2758 230 1175 969 1728 3533 2473 3904 3685 3921 1608 860 176 2527 3742 4432 1058 77 4880 3427 117 1135 199 2832 1787 365 2620 4492 3135 2467 2419 4355 2832 1260 4396 1811 3949 3614 2054 2746 4613 1043 3598 94 477 2026 3691 3783 3123 879 2113 4650 1154 2528 513 4373 2763 3984 4403 3753 2097 4262 2138 1793 487 3085 2371 1753 4444 152 915 3656 1920 1813 2304 231 281 2449 2765 356 3637 267 883 1116 1660 4971 4269 3330 2678 4468 1053 1575 4334 1205 4138 3523 58 3192 318 2810 3615 1673 1592 2578 4631 67 79 4889 220 1742 1042 544 1343 1387 2537 4922 2595 4953 1367 64 2489 3645 371 2369 2399 3120 3858 2885 4958 974 1365 3659 1281
4898 762 3023 3156 1206 1944 2783 2044 1032 1809 3592 4501 2877 548 1864 2693 4599 4453 779 3780 1023 1762 2237 3558 2134 3016 3331 3682 3958 1385 4490 1672 1162 3335 2490 4896 2649 4968 4177 1310 1001 3487 812 3506 2172 4583 1147 1346 661 873 2930 3749 473 160 4719 720 2642 1805 2104 647 2789 3634 1284 1085 2813 1932 3252 3517 3240 292 1201 1320 2619 3756 4469 409 4352 1543 100 3139 2060 2596 3413 4477 4529 1633 2893 4535 3222 3659 3741 4343 1186 4768 892 3702 3450 3205 3202 238 1971 3289 1045 4978 3422 2107 222 4914 4556 1150 3644 4934 872 2784 4936 2020 908 1300 3613 4355 1961 2520 3937 4414 4816 3489 2392 1879 1378 4508 2919 2715 3685 2548 3592 4681 4622 898 2657 3611 2812 1386 624 2234 1128 1254 287 1529 3145 296 3605 4128 1007 2140 1685 1770 3375 3568 1335 2160 4235 3079 1433 3406 4129 4499 593 464 2878 1650 664 3597 4998 389 868 1827 4291 2306 364 4477 1835 4750 1572 498 4602 881 2768 1935 3907 3485 811 767 2674 1345 19 4114 2850 4204 1189 1453
3655 1669 133 4614 4721 4833 1141 191 155 1464 4369 4771 4269 1916 1878 4771 4196 1303 3281 3382 372 643 903 3172 1668 2623 821 4324 195 1781 1964 1162 2382 1239 1549 931 1388 1631 4175 3522 2071 402 3115 71 2228 4767 336 1678 342 3203 3239 3525 4416 3740 4542 2613 1776 4027 3012 3588 2634 3238 2863 2098 3711 2730 2201 351 1314 232 4865 4551 2248 427 635 766 1369 1422 4762 3493 4952 1357 2181 249 34 2481 2071 1751 4698 4221 4226 3325 4874 4307 300 2742 2335 4144 4043 1187 4816 4024 4643 963 128 4383 1514 1157 2338 4769 4786 4715 1771 2694 2760 1748 705 1045 4980 932 3460 2726 3855 361 4585 2366 3904 1160 562 2758 2363 4712 3366 3050 722 81 4096 1605 1401 781 3729 2073 1729 3902 3843 4788 1194 2376 3991 3023 3528 3515 2191 2495 2294 3400 2493 214 2709 2175 1233 4814 3993 3519 2108 4234 811 252 2180 4340 3546 4262 1807 2498 4950 4176 713 4909 4237 1466 1057 4557 4235 819 4406 3026 4206 1601 3444 2784 2346 4588 1375 3595 1098 4842 3849 4303 4099 3628
206 3641 1518 3776 38 4704 4110 597 4571 1621 898 4684 3479 2560 3855 3735 2220 4153 2209 1947 3517 1127 2718 1727 4097 2208 2612 713 3406 800 1718 3335 1239 94 2815 771 1080 218 3865 927 2645 1114 215 2521 3844 4886 400 1642 2037 792 2257 3692 3757 3267 198 1795 2045 2792 2642 363 4527 133 3616 3199 4291 3603 870 4244 2921 4075 148 4106 2966 1531 3168 3840 243 2428 194 3855 4082 2743 1173 1553 844 881 2085 1555 2911 3962 3162 2719 3220 4933 3839 1495 3962 1099 509 1266 4382 1650 4986 3721 4025 3118 4822 538 3815 1414 4606 1214 322 1086 655 3600 4920 3748 4004 1462 326 3576 2220 1865 4662 2589 896 4984 2806 3076 1806 3054 2234 1119 3454 3160 3366 4872 4728 914 1570 3645 1478 1212 4619 2197 4023 4065 1861 43 2406 2171 3462 3613 751 436 1197 1869 3284 3459 3195 884 2318 465 3488 903 3594 2998 3536 3474 2696 643 3524 692 352 2223 3085 4569 1053 1282 1674 1406 4407 432 1942 2015 3647 3999 59 873 3324 1682 2630 4463 2468 650 1701 1338 2496 957
912 3704 4468 2965 4871 441 1508 1184 1716 3782 793 1216 811 2503 3760 2337 924 1287 4326 4773 513 78 1229 1030 663 4185 530 85 4973 3704 2668 2490 1549 2815 2080 1439 3819 1142 3746 3772 4040 1787 3461 284 2184 1332 4955 3298 4132 4236 521 4015 1904 3971 3431 2678 628 1972 176 1659 4502 2310 4634 4163 4677 743 360 1941 2562 1202 1132 2534 4686 1847 3715 506 2861 1058 3605 1313 4099 867 931 1795 3057 1409 3035 2787 1948 3936 2408 673 1743 4337 195 2379 1788 4469 1282 1298 3275 3703 1616 3403 4104 1247 3672 4783 4987 4814 2198 2685 3495 4579 1533 4039 4570 286 3364 3299 3494 3797 17 3871 3473 674 4189 286 2324 4374 578 2680 3790 1520 4500 1811 2728 2943 1390 1784 3570 4591 4843 3188 3839 2626 3318 2706 985 2625 784 4901 4080 1416 2166 4321 1210 2656 1842 4726 4280 4202 1948 3755 1786 3721 1214 89 11 4818 554 2889 3382 1976 1378 1534 1315 1510 678 4523 3927 4750 1454 4283 1277 2578 2643 4370 2801 3566 3071 376 1151 2251 4221 1491 110 900 1949 4465
425 3125 3695 3582 820 4936 3915 621 3663 1850 4222 2194 2802 4850 4851 2610 2476 1178 2174 4179 4195 4450 2995 1148 2144 1752 443 2414 321 2100 1082 4896 931 771 1439 3551 4108 2798 2636 2876 4004 4515 1104 1846 3484 4020 4543 1898 1713 4934 1274 3382 2177 1877 4437 4302 2385 3926 771 422 533 906 1908 3876 4381 2784 1577 462 4906 2851 188 918 1371 1628 2097 1521 3932 1118 4818 1663 2672 3323 3239 3969 561 3074 940 2662 2515 2734 1233 2759 4881 3770 814 4928 3842 3169 1153 1673 4775 3684 67 2960 788 3432 2421 4268 1001 787 1077 424 3289 4873 20 3890 770 3749 3356 1372 2392 2852 3103 4381 3119 1900 3241 3130 2597 1941 408 3516 2186 2109 3853 621 371 4971 3470 3915 986 3348 710 2802 2935 3715 3657 4242 716 3201 768 4466 2616 3365 383 819 2184 4660 4714 2352 321 3260 4150 4441 4068 931 647 2386 4276 116 2223 4708 1040 3849 4101 4271 3600 1494 609 2299 4473 4828 1286 1157 2958 1954 3142 268 3351 295 1915 1182 60 1730 3291 1603 2624 467 1811 3374
1415 389 4374 1461 3834 4365 2138 2090 3499 3677 42 1976 3778 493 4751 2308 3676 4554 152 4907 505 2290 3106 737 4011 4766 3500 4801 2520 1736 2473 2649 1388 1080 3819 4108 4497 2639 1441 604 4747 2592 3995 1974 1863 3836 2665 990 656 3589 1778 3907 1396 1808 2166 103 1213 737 4108 2683 852 4955 907 3770 3960 4466 2806 3296 3776 1815 2721 4808 1491 3122 641 2080 3496 647 1273 3396 1203 3756 4381 2020 4203 47 4496 1533 780 3623 2378 4292 1038 275 3682 2068 3162 2907 4893 1455 4415 4556 3237 819 1821 1288 4686 73 290 1476 4481 564 1993 3048 1020 36 3898 2556 4867 954 2554 4426 3592 2339 1142 2943 3137 551 4450 245 1549 3206 2705 3272 272 3190 3513 2252 605 1285 2410 2016 94 1037 206 4001 108 2365 924 277 2261 121 4938 1751 3024 1158 3678 1084 322 1228 2007 725 2210 4719 1458 2779 3062 947 3402 4055 2579 728 1133 2186 2015 994 883 1120 2932 3773 4386 1914 4679 4668 428 1583 2321 2488 2894 4744 428 848 2946 4367 4336 862 3207 719 4959 4430
1920 4440 2923 2104 888 4122 1605 724 1305 3057 3670 1632 3700 2475 2155 2232 2045 2479 2666 3604 712 4135 4060 4602 3319 1769 4913 1317 3569 1694 576 4968 1631 218 1142 2798 2639 2479 787 3595 2582 373 4685 3715 4675 1508 2207 4809 2187 2760 2199 2790 3340 2542 4156 171 698 2248 3652 4199 271 3821 3513 4960 2369 4961 4632 996 4953 1721 944 2707 1745 4048 1395 1605 2100 4435 404 1966 2290 86 3170 1982 236 1084 3776 2323 2515 1488 1046 1864 3502 788 4599 1344 1526 4007 890 555 4236 4722 119 2409 3486 2324 2485 1464 3623 3281 1982 3162 1570 2215 1661 3296 4701 636 1129 4055 900 4733 1315 4949 4833 3354 169 860 4379 1844 4100 908 525 119 1119 1382 3450 2696 21 1218 3315 1810 4100 3165 3719 347 932 2887 1511 4856 3763 3668 4123 1224 4889 4872 3075 1426 4095 4943 1334 1629 1234 3344 1065 3750 4356 4702 498 3966 4083 4115 186 797 4317 3514 4462 1968 1218 378 1947 729 1182 3880 3858 1089 2076 2104 4864 2236 4364 4026 1973 3466 1538 237 977 2402 1612 4336
3706 2290 2400 2931 1650 3703 494 3756 409 2468 3115 2708 853 2958 2183 1944 4125 2665 2463 3551 4228 3259 1741 3388 4278 4706 3646 3890 1115 4383 4951 4177 4175 3865 3746 2636 1441 787 1444 2131 421 1584 4235 2921 4780 655 3002 2343 1244 934 4272 153 4063 3130 621 1574 4559 4991 1023 3149 1320 1914 2670 3516 4787 4798 4305 2525 2616 507 3149 2245 1753 1291 4508 835 3285 4174 4830 1421 4708 1018 4774 4305 3102 1405 4126 1684 1348 11 826 308 2654 1962 749 2269 4101 3088 1196 178 4401 1624 2943 4875 794 3389 635 1800 3758 149 3392 403 1508 3587 2481 1572 2210 1302 3667 4881 673 4676 4622 3548 2868 1735 1637 1463 3379 1115 782 321 1903 1533 2097 4947 1045 938 754 106 3886 4493 2044 3089 2349 1843 4852 916 3907 68 3282 601 476 152 4945 1811 2023 34 2778 3403 4031 3246 3401 3172 2204 2878 2874 1397 3256 1680 4070 952 1484 49 1779 1295 106 1589 3376 2095 340 2026 4039 4850 4077 3660 1246 419 4471 1224 2439 2689 2274 3739 2341 1910 573 1887 288 4512
1021 1064 4707 2432 3484 2870 2471 2245 387 804 2425 1216 3297 4199 2145 2808 827 1548 1140 2346 2625 3573 3919 834 1639 3265 773 4591 2696 2353 4638 1310 3522 927 3772 2876 604 3595 2131 1163 1922 3511 230 2448 1364 2222 403 4934 4175 4180 4906 1928 3569 4538 2098 260 624 2500 3883 4948 770 3486 601 3074 226 1884 4624 3139 3285 2402 3824 3671 2582 3214 4972 3166 4206 1913 570 4046 1042 1958 3919 2713 1946 1205 3715 1743 476 4985 1013 261 3738 4952 71 1952 4329 872 1530 3683 3782 1142 1068 1667 4197 4631 4674 4646 4189 4156 1504 4240 3566 3235 2910 971 220 2294 1754 2670 4818 4625 244 2651 1445 1057 2047 3434 3991 275 4055 3417 1021 3900 2558 3236 3110 4008 664 1002 181 4327 1536 4719 2352 2031 4996 4243 3869 1836 1549 273 2479 630 511 543 4735 3565 4193 3755 798 1481 1426 3496 34 2627 3058 2350 3553 1316 2870 2011 231 452 2097 221 2298 4916 4427 2943 3698 1224 4232 2818 3372 2045 1516 229 1727 519 2908 3427 4750 3426 2056 390 435 1965 1330 2630
