N: 200
M: 90
Symmetric: true
Triangle: false
3 173 19 194
2 53 200
2 184 88
3 11 125 62
2 101 103
3 199 25 50
1 57
2 95 13
2 90 78
2 31 122
2 108 154
3 44 69 182
4 46 120 143 67
6 109 12 93 161 41 77
2 189 37
1 21
2 135 191
2 80 121
4 5 158 63 38
2 150 16
1 152
4 92 106 30 123
1 148
2 98 145
4 32 183 47 40
3 58 87 187
1 85
3 142 181 141
2 104 54
1 113
2 22 35
3 149 172 168
2 59 33
2 84 51
2 140 48
1 134
3 74 156 131
1 190
1 55
3 83 153 129
2 180 17
1 26
3 179 130 164
1 117
4 128 115 163 23
1 96
3 94 56 75
2 192 195
2 64 107
3 7 151 136
2 20 185
3 146 91 42
2 76 100
2 65 133
4 105 14 1 99
2 34 2
3 71 72 81
1 119
1 27
1 86
5 114 112 139 159 61
1 118
1 18
1 73
1 110
3 175 29 198
3 49 15 177
4 89 162 102 127
2 70 155
1 137
3 82 167 174
2 165 45
3 197 126 176
3 196 157 138
2 160 66
1 39
1 166
4 124 10 170 97
3 147 193 111
2 28 79
1 4
3 9 188 186
2 52 24
3 3 36 169
2 68 60
2 144 178
1 132
1 8
1 43
3 171 6 116
1057 2340 4934 1756 2179 2492 3089 4674 3712 3643 440 2987 1675 1025 1770 4950 3910 4826 3341 3102 711 4502 710 2826 4212 3276 4040 4263 503 267 2881 2557 2626 4261 3937 533 2646 1759 2917 635 1482 4449 4905 3971 2442 1208 471 1143 184 1010 2218 979 4521 4118 3647 2513 1730 4600 2175 2258 983 3321 4140 4749 2203 1019 1333 2346 915 2405 1411 1595 3393 2732 2804 4783 4313 1330 3957 2940 3461 591 1443 747 2532 87 3005 4333 4462 488 2598 4814 2419 2704 3896 403 2207 2656 1156 1809 566 2259 4061 3841 2853 2906 1404 2836 2892 3265 3230 3605 964 1461 19 3986 1943 4030 3102 1346 3372 3031 3904 19 1009 3885 50 990 4374 1711 4859 3231 2233 3248 125 4651 4352 1017 2916 3383 26 2679 523 4383 1805 2160 2505 379 3701 3561 390 102 1579 4921 4322 3881 679 4547 3510 4345 3210 644 2712 4358 862 2061 4799 3456 3965 1525 4233 3870 3349 4310 3220 715 3960 110 2343 535 335 2462 2246 4562 442 1434 3789 4603 27 957 4985 3854 714 1101 2818 3556 4258 1472 3235 3379
2340 2561 3280 3665 2681 1441 3593 3745 4247 4407 2335 4509 3099 2733 3707 548 3849 2966 3444 4626 3605 1972 949 2814 3499 3877 1803 224 3729 299 2333 351 4941 2864 2522 2161 4006 2111 1162 1116 2670 1349 3217 1438 4687 3685 1252 3084 1111 4956 314 4435 594 2917 845 492 4514 3573 3275 1205 2633 3846 2017 2507 1324 3390 704 918 1905 2842 3764 1698 4712 2697 2521 3520 4996 3829 1589 2125 3246 4244 1604 1474 11 3735 2657 4162 481 4846 3330 3954 1487 4975 1994 4007 4072 1964 2959 4210 1564 286 3413 423 4570 2608 3694 1890 3817 598 982 2655 4368 2508 3238 2251 3125 1526 440 2868 4866 2218 3822 3622 4482 3627 2052 4114 4467 903 581 2857 2688 3950 3314 3667 1595 4398 3310 898 4233 37 2745 4607 2748 2741 340 242 4063 4120 697 3173 3246 2779 4132 2314 959 1597 401 1348 736 4184 985 3272 539 2182 38 4406 2704 2995 3827 890 3557 4921 4347 1846 1411 3506 4527 2826 2836 3079 4365 1655 4335 4740 2441 1752 3326 1314 2683 3031 3553 3408 2861 815 1589 594 3760 3948
4934 3280 1869 4591 4899 2380 2831 3529 2435 1782 3358 4152 4027 4081 192 49 2847 4624 2496 512 2604 2114 2908 81 2431 637 3445 2466 1231 2138 1493 1569 2801 1684 64 2578 545 1061 1585 4734 706 4010 41 1409 2700 2050 2576 1714 4028 921 2795 700 1253 455 4295 4163 4356 1800 2841 711 375 3207 182 3141 2755 503 4303 2963 3140 701 1091 1303 1967 4048 1097 1540 1241 903 1335 2515 4112 1540 2612 2359 4670 1812 188 1734 3021 4434 4877 4640 775 4713 1630 3466 3248 1850 2966 2348 2978 433 371 2638 3480 931 1232 4402 769 928 2329 4208 2677 2249 993 4332 4950 450 765 1639 2652 3707 381 3106 4333 2033 3778 509 914 4664 2344 49 393 1911 561 2172 3954 1696 514 1069 3129 4060 3443 2978 3225 4913 4393 1359 942 2417 3526 4603 125 1951 2440 2257 2618 4430 4058 1348 4538 1354 1948 1563 2045 281 1346 503 19 4151 4696 4997 1098 167 462 2956 4636 4016 212 3862 3272 4946 1049 939 1751 3343 3349 454 2615 3600 4755 2129 2667 4664 55 1043 888 1042 4086 3156
1756 3665 4591 4755 4348 4674 2410 4858 1429 4034 2121 295 1690 2444 491 3356 3126 3287 2232 1025 4809 1745 579 4723 1271 3687 1875 235 13 2519 3330 2896 4450 1171 2531 2541 3286 3924 1007 778 2538 1999 4729 2937 2854 4028 4718 2692 3436 4830 973 592 178 2934 2174 1321 2954 1883 4981 2942 2866 536 789 1729 4555 2484 4800 3357 985 3426 2283 3698 3004 447 3988 3743 2173 4711 3569 3925 2863 3227 4298 4803 4085 2558 3837 1326 2841 1278 2823 969 852 4244 4949 4726 1743 2036 1965 1039 3172 3271 805 3723 4406 3435 2551 948 2333 186 2206 2269 728 1484 3189 4564 3124 1396 3843 2127 3987 850 3263 520 1492 2314 2757 1884 2436 1833 1812 2686 471 4429 4187 4521 2793 641 4136 4098 1605 1671 628 3134 1846 4761 534 1856 3613 3155 4022 2725 2594 1284 4517 3195 3966 3386 784 4065 2507 2146 1729 1082 3836 493 2580 2629 2072 3468 1358 4708 1612 1470 1122 994 2498 1513 744 922 4534 3303 2861 2213 70 4990 4153 764 4380 711 2449 3417 4075 3953 2067 869 3602 3412 1401 1414
2179 2681 4899 4348 1339 126 902 2075 3016 3206 1156 2419 172 2585 2873 1857 758 3226 254 1848 3108 1457 472 1452 1337 1186 789 4518 4217 687 638 1904 210 4657 3878 2842 2429 2318 1657 4442 2974 1866 3307 2346 2076 2335 660 461 1280 1453 4671 1427 453 3531 4110 128 3904 1261 263 1433 793 2691 1674 895 3480 1871 2142 3908 1208 241 2848 2262 2419 654 2999 520 3061 4988 268 1572 814 4570 2601 3985 4388 1361 1419 2560 1900 2446 2335 3829 2020 995 3125 3160 3024 2007 2529 1232 3681 3206 4230 4782 50 3381 4039 1844 515 1874 64 4297 519 656 2120 3588 1314 1797 642 3109 1748 4073 1000 4936 4153 438 2207 1008 1053 3224 2067 4041 3914 4306 770 1329 3667 2828 3970 567 2704 1589 4051 635 3290 658 2734 4361 3787 2601 3850 3065 155 61 3163 2353 1710 743 1414 509 148 1219 3766 810 2993 1190 678 2631 4159 4730 2437 1793 3289 3620 245 2657 1040 2036 4781 3753 2051 2019 4920 4115 1523 1428 1244 4753 4893 4002 1246 3294 1696 1723 901 2627 999 2769 4421 3267
2492 1441 2380 4674 126 3838 582 810 3514 4912 3323 1565 1108 2987 2385 4743 2906 1287 2038 1624 4726 3752 1483 2106 3030 2963 3071 2067 2438 2319 465 3132 3186 3009 4535 523 333 2136 3369 4037 282 670 1260 2527 2211 345 1728 945 3489 3452 2105 375 2153 3566 4755 1736 1805 4527 3032 4770 965 3981 2648 1313 1676 305 2181 1318 3343 142 2924 799 322 4272 3291 1547 4986 1261 357 2955 1729 4103 2090 164 416 4229 1754 1238 635 4788 4496 4490 2894 1401 1824 4420 4199 2319 3330 3993 4691 1715 4693 49 657 2773 2490 3569 2185 2940 2243 3550 874 83 2451 4662 1178 2133 4019 2751 1924 1584 741 4009 432 2813 4739 3974 3665 2940 2202 4252 80 1137 48 1273 2165 2325 1799 599 29 4258 1247 3353 1016 1458 242 1116 1708 2298 4359 2705 507 916 1015 3849 4904 252 3940 2666 1878 3696 2670 1180 4314 1380 1559 2042 1210 3091 1308 1399 464 2642 4542 4579 3515 4982 2356 4391 2710 3655 722 3805 2585 2337 4184 4835 3845 3551 3686 1489 2220 1944 1915 4427 524 4357 2222 1447
3089 3593 2831 2410 902 582 917 1117 2734 4279 1690 3736 1631 2339 2785 2210 2371 2534 4727 3503 4886 297 1054 3704 2987 3897 3328 3041 3425 3934 3398 3205 1088 2428 4400 2619 4640 4430 3369 1440 4966 2645 1919 2019 483 1197 2675 4100 4231 2828 662 3419 3637 2775 3270 356 627 2492 2203 4413 2748 3880 1786 1315 948 1676 1054 2778 4104 2938 3256 1784 3639 3227 1255 2437 126 3364 802 3697 4592 3619 966 2988 63 3899 216 539 997 2727 1835 3385 3470 4315 4969 3286 721 3568 1040 1769 1895 3525 2719 1101 2934 1483 3041 498 1777 3743 4854 4053 408 1711 625 2008 569 4137 3963 3139 3626 520 3297 4800 3933 675 2247 1661 1735 176 4977 2193 2377 4744 2914 1962 2789 1041 212 4133 1940 2221 273 940 3009 3487 2617 4409 3670 3771 4801 150 2551 3988 3495 870 3132 853 1297 2802 1268 2548 2412 3673 1151 4331 3892 2641 4581 3818 4090 1035 3275 719 168 1671 3636 2831 4670 4970 4799 3238 360 2598 3055 3205 4545 398 483 4004 1782 913 4073 1447 1675 2899 1329 342 4841 4172
4674 3745 3529 4858 2075 810 1117 4593 3692 2158 4795 3895 3126 2652 1787 409 2324 723 4177 3478 971 3210 288 3089 1913 3596 4220 1271 4265 855 2685 618 942 1721 882 4598 4732 454 12 1539 4288 687 1817 4982 3916 4220 3798 2668 707 514 2113 2055 3971 1225 4418 896 2905 3493 760 176 3610 575 429 1820 166 4224 2144 4448 171 3523 961 2022 3688 1123 1844 4014 2782 2865 177 1153 1285 2603 4842 193 3078 3337 1092 3350 2526 877 447 1149 3966 890 746 2321 3294 3261 3962 193 4336 564 1604 1887 864 810 474 3649 4753 3736 14 386 4997 1437 3801 1596 787 2057 1815 931 1997 2532 4041 4183 3400 1088 403 4075 1510 2283 431 629 69 3252 3225 4771 3569 2464 1483 1994 3509 3604 832 2303 4331 3251 2247 365 2594 1360 1544 1561 1140 3925 3473 2772 1038 4133 4231 2436 3170 949 4350 3222 2959 2113 43 1783 877 1822 3547 3806 3841 1522 1935 3802 1213 978 2293 4032 4511 2669 3600 4277 1611 3410 694 965 4512 4889 2283 622 2015 1787 4211 3706 4509 2268 4801 4504
3712 4247 2435 1429 3016 3514 2734 3692 1646 1435 645 940 3957 33 2959 1217 3991 748 3449 2563 4801 242 841 4460 2123 308 999 2312 613 1114 2926 211 4725 4692 2258 1673 3230 578 2099 4179 4860 1734 3594 4236 1039 1534 1890 4850 3752 1541 4812 1707 1113 4134 1413 1895 3588 3790 4248 4524 3476 2959 614 3319 4319 1509 2382 2444 4980 583 4893 4114 2470 2848 4133 3090 3823 2859 1866 3352 1648 3018 3735 3488 4275 449 2184 1854 1960 3215 319 2477 3697 2609 2846 553 2521 3515 2743 4258 1154 2210 4639 1562 1513 2389 4759 1956 3611 2766 3108 1576 1268 301 3548 3885 4972 1907 131 3853 584 1236 1196 1522 3312 513 3444 3640 4255 1203 98 1091 1724 781 3360 4043 4527 212 4509 3156 2573 2214 2166 3924 4831 3197 954 3334 2149 3810 2622 3532 602 863 4462 1127 786 1168 260 3115 4902 160 2393 225 227 2625 4572 4287 846 4966 708 2398 2269 3175 1541 2450 1656 3235 1995 404 1930 3779 988 4665 2845 709 1055 1755 4262 1754 529 1051 3244 1270 4387 2903 3312 3687 4910 329
3643 4407 1782 4034 3206 4912 4279 2158 1435 3677 1031 432 2297 954 260 4846 3465 639 3725 361 2815 4593 3058 3167 2542 2902 1219 1514 3383 4175 1660 3319 2403 215 4638 1328 3187 24 3415 4824 1565 3939 694 3527 728 1250 85 2258 2059 3199 3603 1335 4918 3557 3928 3061 890 3872 4888 4431 35 4438 2377 4102 1658 3396 1171 562 1911 4996 3579 4732 3280 81 1653 2475 3366 4303 1471 1344 632 3205 653 3687 4757 4008 1226 2752 1283 816 4583 975 1373 679 4176 1369 457 4117 505 2058 3581 2242 498 362 4959 1788 4704 233 4520 297 1154 1642 1178 3802 484 2571 933 4859 3032 2132 2598 2841 444 1626 1777 1556 657 1102 4947 2119 93 319 1210 4392 500 4055 3557 4702 3943 3895 4365 189 850 3090 2799 1231 1537 4238 1189 1404 2597 1523 1712 2798 283 4636 1371 1374 3733 4112 1102 983 90 3099 2882 4920 940 1905 3440 3038 4418 638 3048 2052 647 2508 4326 4344 4793 4951 4945 117 3473 4511 3215 276 1258 2602 3233 2823 2088 725 3425 143 2349 1416 3527 815 2162 340
440 2335 3358 2121 1156 3323 1690 4795 645 1031 1302 1763 297 2579 2662 3665 2781 773 4137 1975 3603 3920 3519 936 2270 4131 4261 2243 1920 1960 2917 535 2963 232 3561 4387 3290 4378 1561 2176 3400 3239 1020 3939 1478 1068 3741 2580 2218 2368 3040 4637 2550 2745 875 3774 1330 388 1870 1578 3341 3457 2327 4979 4412 1853 3780 2644 1329 2686 1229 639 392 1222 4494 1033 1426 1531 1219 362 4956 4302 4265 4136 3737 4180 4937 4467 2594 1352 4720 182 3023 3375 1902 3099 980 2080 3529 3731 3290 2623 2600 749 891 3554 4275 4905 2221 1308 2789 504 4040 693 1327 3142 3060 1796 1009 3462 3902 2472 2269 3364 530 423 2318 4044 4071 2331 1786 1827 1334 1681 2243 2411 1622 1983 1480 514 3237 1247 3380 3527 524 3662 1543 3892 3570 2219 3548 1663 864 268 4544 4737 661 547 1156 2489 2273 3825 1922 1027 670 3630 1433 366 3548 391 2158 438 4710 4964 2196 1857 3379 4846 1703 4068 4240 3957 1648 1649 3751 3052 1745 2314 2915 4179 112 4235 253 2707 4202 3925 3913 821 4771 2135
2987 4509 4152 295 2419 1565 3736 3895 940 432 1763 2884 201 2986 134 1981 3299 4805 142 3667 3909 4299 2514 492 589 486 2428 2200 1626 3185 1621 3420 4985 754 496 1800 641 140 2439 2775 4649 2594 432 290 2810 3701 4187 1897 606 3884 1602 78 1597 4392 4498 3043 3257 4576 4840 2648 3763 2300 228 3955 1635 366 4524 3000 3417 207 4812 2217 3452 4009 2170 4109 3047 1522 4677 4524 4821 4612 105 318 326 807 2557 661 4106 420 1581 4849 4999 4819 1255 4586 609 1813 4935 38 2218 1440 3356 1476 285 2415 576 3502 2811 1386 2051 1814 2809 324 4414 4477 2379 1291 567 2593 3399 2817 4836 3432 1198 4713 2030 2253 2328 2243 3427 1842 987 2246 4611 3891 470 4022 2709 3345 3025 1905 1038 4234 4945 2151 11 4673 373 4540 2859 4067 1692 4194 1053 2773 4063 529 2275 650 2311 3795 1162 2972 1194 345 4568 1491 2814 2061 2780 4605 4095 1025 3049 4261 1415 3037 3150 2867 2266 3076 4538 4614 1769 821 1748 916 2128 842 1859 4266 3684 817 278 135 2674 950 2376 2874
1675 3099 4027 1690 172 1108 1631 3126 3957 2297 297 201 3163 1213 3404 4573 546 4680 1117 2606 105 4215 3722 26 4425 1238 1866 1420 4142 2975 2192 95 2446 3313 2164 4853 4997 1413 1075 2700 2839 4621 2019 3024 3326 3470 3449 3253 4814 4987 1029 2941 1887 4739 2345 3367 4780 1841 3184 2794 2429 566 554 1943 2175 4803 2496 596 4447 1078 2660 240 4197 4498 4215 2759 2895 836 1396 3010 2803 4670 681 204 1163 2916 2489 1086 1305 3134 3436 595 2067 4036 4610 3257 1548 2570 136 2695 4575 1760 3466 734 425 1056 2753 3575 2728 235 2193 1351 4953 3303 4227 4511 3509 972 4411 3551 1630 557 1598 4219 3829 3183 4245 3897 1227 1925 4912 1600 4710 363 1889 4868 1054 551 944 407 3420 107 2518 4262 1907 1599 3283 2368 3800 4562 2273 206 1222 4416 3367 1152 3304 2600 977 466 4301 1740 4806 2224 3305 2561 2662 2472 1810 1225 2202 1929 46 4916 3154 3881 3865 4594 3828 2459 1654 1616 2545 384 3557 3023 4906 2667 1410 1215 779 2120 3619 412 1957 2689 2244 3107 3683 292
1025 2733 4081 2444 2585 2987 2339 2652 33 954 2579 2986 1213 1981 4626 3427 2496 4272 1075 3984 2058 4048 3104 1894 2594 4807 4856 977 2536 3641 692 4397 4390 2994 2864 948 1443 2204 1046 1163 4263 466 4759 2253 1777 1697 591 1553 1967 3360 3025 3817 4136 2874 2229 68 1042 1740 1399 760 318 2556 1495 2802 1518 3598 1744 3661 3108 679 2409 1667 649 1543 51 1247 166 4762 2569 850 3342 1841 4533 1660 1641 2949 4195 91 4234 884 4988 1439 105 332 2346 2621 4432 4937 4714 583 2524 777 3899 2060 3892 1128 3127 2691 3984 2134 1579 3097 1788 69 1224 2667 1443 1799 2774 956 4118 820 3366 3942 423 473 4956 1510 4249 4224 587 4965 1593 2328 1979 1174 15 2772 3615 1790 1204 2466 555 3082 4511 4791 2094 1623 4916 1586 165 1414 3072 4480 1552 4821 3493 1807 4372 4330 2518 480 4974 1593 2282 4912 3831 932 3462 558 3421 1005 2089 963 4642 4146 3074 3620 2769 2101 4993 3073 2676 186 4152 3681 1709 2149 3384 4461 1934 21 1207 892 574 937 1147 4050 868 2696
1770 3707 192 491 2873 2385 2785 1787 2959 260 2662 134 3404 4626 4057 84 1078 3473 3898 2158 1884 3812 3708 3145 2577 3618 3754 3605 1461 1367 2306 3387 4587 3385 3089 4650 4252 737 3436 4474 4502 493 1987 4076 664 586 4562 2377 2044 1121 2457 2748 4521 4312 3642 3256 2139 2407 1952 4189 3639 4631 3761 3523 746 1972 2972 686 1222 1856 2367 2398 1797 4735 1379 4204 1744 2517 4215 3023 3955 2871 601 1411 4493 2518 1712 3034 2046 1273 2688 3348 3722 4757 2954 4905 1042 4310 3125 520 2379 493 4150 1933 382 3283 3222 1467 541 1565 379 742 1794 4852 1151 2733 3565 1543 1285 1654 3150 542 4159 4246 3335 1452 678 2127 3111 4600 4652 1312 2194 29 4598 3764 4562 2671 2414 2374 3878 467 840 3846 123 2149 2031 2167 569 1440 1248 882 4033 4223 3185 4477 130 2512 443 2732 3413 2090 1427 939 1681 394 1793 1999 555 3389 4040 390 4701 1458 1003 4255 4852 1761 407 3311 2537 1806 1320 3624 4756 4001 4668 2774 1245 4151 4209 2805 3602 1546 4115 4904 4249 902 4702 4198
4950 548 49 3356 1857 4743 2210 409 1217 4846 3665 1981 4573 3427 84 85 633 2953 3211 407 1621 3220 2784 488 4265 2695 342 709 459 3216 2557 436 2631 2610 4248 2793 2348 4355 3137 3301 3846 224 2072 3029 1105 1092 4939 3535 2775 3381 2774 1684 2336 950 787 2495 3794 3977 647 1320 2080 3581 4151 2665 4218 111 941 1287 2166 364 3479 941 600 856 2420 1459 2787 4165 25 642 540 1711 497 1047 1674 2088 4354 2755 1999 3453 3128 993 1923 3865 2580 186 3215 1717 3851 130 4962 2492 1354 4146 2734 2902 33 1608 1108 1147 29 806 2179 1453 4216 3479 1339 2050 2152 1577 3075 1054 1150 1294 370 535 1415 3049 4572 158 962 1098 4546 1518 2989 396 82 3293 1342 2801 4615 786 3596 2311 289 1554 4513 623 2920 2343 3069 1840 1194 3173 2919 4149 1816 2020 2071 2810 1599 1626 1524 3419 4938 2415 2606 3807 3158 1085 2809 326 701 63 3893 2113 2542 202 2698 3515 4497 4120 2896 2601 3952 3211 2526 3616 3609 3309 4776 544 3283 969 1240 2508 1338 4912 1693 3328
3910 3849 2847 3126 758 2906 2371 2324 3991 3465 2781 3299 546 2496 1078 633 2052 4006 4566 304 1750 2921 551 4454 4069 3316 828 3305 1037 3481 801 1535 2206 842 1444 4764 2670 4426 201 806 2007 3402 3204 837 3922 833 1550 3604 3079 437 3800 4738 1403 624 2089 2928 2831 2491 1604 4896 4167 2732 1824 4186 4188 3654 2087 1372 403 227 1039 4476 1303 3091 4991 4350 4168 3015 4582 4073 377 3098 2598 3076 313 3445 251 1627 4444 132 2061 2730 4058 1962 3429 3371 2948 294 277 1648 392 479 1331 2830 1758 603 1601 242 4424 2808 2062 3167 263 2643 4717 268 4438 3764 1934 3825 3299 1958 350 1947 1517 2215 764 2997 1710 4749 4118 4892 959 3777 975 2142 404 2544 3258 4788 4458 4571 3721 760 402 2073 3438 1677 511 3257 2986 2545 758 4682 1803 1886 2165 2284 4045 2515 2355 76 1353 4680 4424 3672 1492 4309 272 2615 1828 2973 4937 634 3805 2422 1967 4395 2390 4529 4900 2971 3661 136 4448 1454 144 1019 913 4940 3133 2222 4566 4718 3852 1135 2989 4002 3099 1415
4826 2966 4624 3287 3226 1287 2534 723 748 639 773 4805 4680 4272 3473 2953 4006 4681 2917 3801 4673 3974 421 1237 4996 4442 3270 2666 4402 2006 4297 1763 4898 3553 4406 1205 2286 2191 2846 67 4351 4729 790 4284 4549 2520 4979 3042 929 1347 559 2829 3559 47 3602 707 3810 1147 312 4193 1561 2520 4432 4789 1609 2134 4287 2097 4519 3874 3584 889 1998 37 2790 2553 3113 4486 1597 3156 3970 1075 699 2785 2835 3688 2190 485 4479 4564 1490 3816 2008 3727 3696 4828 1758 4050 1412 1738 909 1047 1254 4292 530 1694 2009 3252 280 1144 4582 3173 21 1998 4324 689 4904 1268 3313 1906 4986 559 1901 3604 2781 3254 230 3494 4499 1117 616 1430 3371 686 1619 1077 2113 703 3203 3693 4469 4029 4798 1672 2744 4001 2779 1230 3889 2105 2181 4409 2547 2309 90 4686 3250 2702 2682 1422 1312 4355 2837 495 4859 3569 3102 4690 3226 1029 2596 1018 1227 2710 1753 1824 4584 82 2211 2982 3214 4740 423 981 288 4056 1582 1893 1370 3608 4430 4482 2015 1692 2967 4166 203 3172 2694 4557
3341 3444 2496 2232 254 2038 4727 4177 3449 3725 4137 142 1117 1075 3898 3211 4566 2917 1298 253 4332 2209 709 1090 1666 4508 3369 949 4743 3266 3324 312 353 3360 2255 2074 3344 4585 4384 908 1904 634 4171 2632 424 4299 1040 2500 4588 3993 2857 3935 1506 421 1013 1641 4342 104 3970 233 1219 3068 1653 4108 1069 4799 3745 4707 3960 3948 4600 4978 728 4277 174 3491 2733 3522 18 1198 522 756 2614 2598 3250 3900 2544 862 2773 3912 4716 2416 4352 3800 499 3644 1223 1749 2655 4767 24 2444 1034 4402 2392 3484 3511 3805 3339 1338 1145 4779 425 373 3554 2979 4989 1876 4772 4107 2468 646 2744 3152 4068 1560 4360 1575 447 1316 4449 1241 133 2613 83 4927 260 577 4913 3049 2222 914 977 3872 4956 582 4470 2002 951 3571 2015 394 2437 4190 3125 1278 4465 3888 2231 3841 697 581 2636 2854 4804 4044 414 4579 4290 3176 3458 2965 755 2354 1816 3820 775 412 705 1489 992 4431 198 1623 2461 3688 4038 2816 2458 4776 2193 392 4573 1451 1171 1238 2225 826 1959 3602
3102 4626 512 1025 1848 1624 3503 3478 2563 361 1975 3667 2606 3984 2158 407 304 3801 253 4879 1579 804 13 1394 2101 324 156 1654 2655 4334 1358 919 3138 3212 1356 1563 4745 4190 4463 2215 2910 437 3146 3832 4416 3613 2174 4054 4672 2810 4758 4208 2435 987 659 1479 1403 694 2447 3688 1173 671 888 17 519 501 2292 3765 1157 2614 851 4246 4212 1988 2901 4857 3012 3010 521 3298 4922 1588 3670 265 80 1299 2848 1671 4295 679 2075 3772 1011 4355 2420 2867 1603 3509 4134 2179 1882 2119 2371 3925 654 3875 45 3902 50 1300 1987 3352 3859 39 4728 2900 4451 2046 2219 3806 2599 1652 990 3428 1913 1252 2552 2949 728 3585 4251 3944 4828 4692 2258 3137 2590 4125 1937 2936 3125 646 236 4795 500 825 4617 4592 1191 604 3745 460 2980 3144 4172 1458 1309 4457 1786 4226 3971 4923 1796 3776 4422 1007 4143 403 3031 962 4300 753 519 3494 3273 4265 493 4527 4537 3689 2127 1552 419 1774 4193 1191 1102 3100 1054 4173 4714 4632 2648 203 1297 4951 1003 2710 4696 3640
711 3605 2604 4809 3108 4726 4886 971 4801 2815 3603 3909 105 2058 1884 1621 1750 4673 4332 1579 1923 133 1739 1826 43 4872 3570 3505 3408 2949 146 3090 2458 3475 2580 739 4492 4962 2620 1978 353 1835 1116 334 3635 4080 1315 3222 1632 2887 2905 1537 4031 2433 3831 4885 4615 208 2118 902 4268 1228 3908 2777 861 1387 2249 2149 716 4653 2525 2749 165 2133 4196 4400 4300 1587 2395 1313 2215 4190 3573 4169 1620 476 2291 4643 637 2441 3881 4355 1788 719 4099 3955 938 2356 1475 2544 1787 2761 31 563 4251 4720 4000 3515 3317 1246 3615 2471 3629 3164 1889 52 2643 4742 1410 952 3766 4580 1224 2112 1660 1163 1290 1320 1017 251 1485 1584 2243 1618 1888 3831 3715 2313 73 3346 3885 4103 1089 3253 599 3349 2422 1845 3096 2080 3395 2572 3123 225 1049 2726 1411 4646 4085 1754 2194 3926 1419 883 1069 4153 983 3176 3466 3465 104 2985 1474 2649 672 3727 3751 899 4701 874 4881 1859 2558 1746 21 293 3161 567 529 4041 1063 1548 1339 3002 1226 689 4067 1362 2533 3044
4502 1972 2114 1745 1457 3752 297 3210 242 4593 3920 4299 4215 4048 3812 3220 2921 3974 2209 804 133 4420 1991 4667 1536 1742 176 974 542 604 812 1934 953 965 3872 2459 4107 4230 4853 4860 2334 566 1088 1753 3950 1554 444 2387 3210 2865 2072 1070 3105 1794 4882 373 4794 4865 710 2557 1517 248 3553 4405 4028 3694 2512 3107 4519 4442 668 1548 3792 1273 214 1802 483 1006 1221 4081 3167 217 3442 3666 4402 4527 4208 2797 1582 2708 1696 4606 4074 343 2502 4709 670 1798 1281 4266 1481 36 4711 3676 752 4985 4392 706 3819 933 3964 451 1943 1031 2966 942 1917 2952 1009 72 1021 1217 1274 4444 98 3445 617 844 2361 609 2230 191 2903 3957 3079 2515 237 4003 2770 105 3484 3288 2928 3674 1533 1266 1743 2271 3983 1498 723 2817 265 414 4588 4902 437 4540 3896 672 3071 4257 415 2200 1041 2921 2319 3947 3830 489 866 1213 863 4829 3318 4688 2129 600 4420 599 2122 3880 4780 4724 969 2646 1483 2415 3653 2807 2473 4167 2410 4915 943 2185 1579 3735 245 4642
710 949 2908 579 472 1483 1054 288 841 3058 3519 2514 3722 3104 3708 2784 551 421 709 13 1739 1991 224 4548 1111 3477 1490 1717 4126 446 2651 1519 3290 890 811 1754 676 2984 1386 4510 2554 1067 2951 2760 240 4439 2113 1392 675 1968 3591 4904 2404 2984 2859 2181 2922 4583 646 3776 829 1582 2973 2270 2544 1431 4675 1375 4015 2027 2549 359 2724 4344 3113 2373 3057 3290 2492 4525 247 3383 4110 2607 881 4853 3447 416 3183 3419 3554 585 3051 2998 196 4077 383 344 274 3371 3355 4972 2822 2964 162 35 4389 3213 3767 4272 891 1172 3497 2384 4923 3362 3589 3564 1660 3703 253 4294 2895 1960 125 4712 2555 1239 3783 2789 1855 4241 1466 4660 4779 1163 198 3003 125 684 2685 2906 1056 3268 2261 1635 4995 3446 3084 2243 2506 134 1393 1960 748 594 1345 4170 3998 2055 4956 1820 4440 1603 296 2141 3047 3462 1816 3740 974 3384 2294 3986 2963 127 1442 3779 761 4823 949 4349 1885 4855 4069 320 3192 928 490 3618 23 1529 1001 3606 4649 3798 1492 1897 975 244
2826 2814 81 4723 1452 2106 3704 3089 4460 3167 936 492 26 1894 3145 488 4454 1237 1090 1394 1826 4667 4548 2132 4738 1012 2504 1368 2525 691 1631 1988 1347 3198 2516 4798 1501 3885 3828 240 4500 4311 29 4308 407 3264 3495 2438 3771 2618 3635 1931 3013 324 3602 183 3406 3108 13 1585 1447 1559 300 2764 276 473 25 3233 4047 2234 451 1578 4651 2491 554 3031 215 1701 1828 1873 1236 2222 3180 1161 980 1907 2838 1372 1833 1769 3207 3583 1106 1608 3139 465 1959 2892 3095 1445 3026 2820 3470 766 4582 2635 762 896 870 3000 3102 2504 3666 111 2428 1376 308 3485 4483 3442 4526 3288 4976 1158 2026 4170 3567 4743 1955 1729 3661 2258 2753 3363 2574 2935 2347 1590 4128 4181 3193 1751 2540 3393 2456 4495 381 2796 612 737 3945 326 4449 4179 1869 494 3023 3307 4515 2515 2720 3335 3107 1037 2099 2327 3243 3668 1983 2115 3800 2471 4505 714 142 4859 3371 4825 2109 269 4466 1172 21 4487 1035 3737 4693 3990 1404 129 3890 4219 2042 2746 1336 2482 404 4601 1515 2077
4212 3499 2431 1271 1337 3030 2987 1913 2123 2542 2270 589 4425 2594 2577 4265 4069 4996 1666 2101 43 1536 1111 4738 2525 661 2334 1960 2877 1094 2553 110 1609 3266 4745 524 1299 3838 309 2173 3574 4645 2752 220 2698 232 1721 1122 4725 4733 1871 3368 477 1992 3373 3402 3314 2743 4050 4517 4111 3420 4968 3022 4476 2223 4920 4904 3199 1068 1728 1619 1554 2937 2472 1507 3263 583 4410 1950 2948 2573 1643 3501 391 4847 4662 195 1557 4430 1473 4822 1521 4806 4760 4607 3377 4393 3118 4456 1435 3879 3304 2751 2552 4913 4566 189 3608 3161 2420 396 2614 639 4773 3481 2809 3848 3190 1730 2219 1145 2584 4502 151 3301 4516 1018 3695 4476 3038 3520 3611 781 2677 3473 2425 747 1005 1270 2649 1197 1222 3021 702 1340 4902 4788 3557 4168 2187 4266 4656 2367 4592 1022 3365 1822 4539 3215 454 115 1522 3046 1709 3175 2427 146 376 3438 1326 2404 2935 1987 2089 1337 3021 786 872 1868 3576 2519 908 2923 3057 2421 553 980 1464 4478 3015 4736 4322 3565 3384 457 1928 2275 3721 961
3276 3877 637 3687 1186 2963 3897 3596 308 2902 4131 486 1238 4807 3618 2695 3316 4442 4508 324 4872 1742 3477 1012 661 3083 1473 3146 1388 3972 1993 780 2436 4178 1173 4991 4821 4284 4301 334 4437 1438 4694 3231 1604 4289 3426 3082 723 4729 2549 4018 1807 1081 275 4299 580 231 1213 3376 4038 1018 2138 1144 2261 778 4818 148 2886 4708 131 3242 3342 1171 4044 457 3834 100 2650 3000 1155 2115 4321 3361 2462 2575 2603 2518 4936 3187 1732 4675 812 4225 544 4571 3266 659 2672 143 4971 3917 1105 988 1863 506 2378 4525 4629 1309 758 1845 2311 4395 574 4944 1845 847 212 1555 1025 2619 3757 3693 2174 1800 4749 4926 4898 368 1196 3720 2441 2055 2466 3805 1929 991 4490 3082 3417 3539 4702 2891 4186 1731 3035 1828 2749 1528 3409 4957 3861 365 2843 2927 3886 4976 3382 2376 4749 3221 834 3923 3262 4914 4006 1664 3103 2348 2308 3105 3439 1180 3242 4260 2529 1337 1442 3742 4359 702 120 1257 3756 160 443 3622 1992 134 1024 164 181 4814 3594 4074 4887 4322 1233 2665
4040 1803 3445 1875 789 3071 3328 4220 999 1219 4261 2428 1866 4856 3754 342 828 3270 3369 156 3570 176 1490 2504 2334 1473 4367 3731 1762 978 1262 3990 2552 2211 2555 199 2247 746 4666 284 230 3471 2234 463 2223 2509 3187 1573 2973 145 27 4982 4238 2937 4560 2068 2871 1327 1555 1110 2606 1083 2477 151 4413 4256 3636 4111 1034 4025 3949 1680 565 2674 3538 816 2516 456 1772 2031 1061 424 4099 331 1973 4434 4557 121 3911 2657 4410 2134 4096 2006 4758 4237 62 294 1783 1609 1653 385 1691 617 438 1546 3014 3730 2660 3662 2496 2027 1995 3647 1786 3026 3783 1317 731 261 2274 2819 4930 3651 1896 469 2551 1640 3620 550 2664 3162 1659 1273 756 793 4812 707 533 1808 4689 2356 2187 2218 557 3228 3847 4532 2988 1828 547 4685 2119 4901 4892 3408 4126 3851 382 1763 2349 332 1005 3724 1135 4001 1784 1384 1013 1432 3880 4183 4940 2428 4262 4224 4321 4908 630 2084 3479 4109 2775 1220 2470 3092 4884 3216 2818 2035 2429 4453 1701 1584 3721 1507 1707 4422 3752 163
4263 224 2466 235 4518 2067 3041 1271 2312 1514 2243 2200 1420 977 3605 709 3305 2666 949 1654 3505 974 1717 1368 1960 3146 3731 4560 4280 2661 3365 2532 2035 2207 461 3046 1506 1981 968 1494 2551 3603 4460 1652 334 873 3716 502 1731 615 2148 638 2234 1231 2164 4853 3961 1399 399 4850 1894 1072 3984 2861 4527 195 4219 1903 3690 4152 1057 769 2601 1816 539 901 2826 4177 475 1236 1228 2931 1629 1115 2673 4857 1427 4932 3773 2439 3997 2174 1026 3736 1100 39 1607 2190 2038 2135 2723 2830 1187 1770 3610 2310 2040 2081 341 143 2716 3796 682 1351 572 489 3835 4597 1925 4572 3215 546 4402 3899 1708 595 4166 1167 1638 2807 4932 3521 218 2825 166 630 861 789 3079 3253 556 4758 4294 203 4525 676 2013 1715 1104 2165 2924 4325 4991 265 2188 1790 2713 829 2014 4685 2840 2428 2733 4553 93 1618 2069 1947 2417 2161 4309 4742 594 984 2289 2280 2444 4480 2112 4942 3642 2643 1184 1060 3135 887 2915 4529 706 2843 3339 4841 1584 1286 399 2656 3110 22 2259 4395
503 3729 1231 13 4217 2438 3425 4265 613 3383 1920 1626 4142 2536 1461 459 1037 4402 4743 2655 3408 542 4126 2525 2877 1388 1762 4280 1422 2569 4109 4739 479 2167 406 2160 3179 3522 2545 2990 1284 4928 1048 4973 253 2921 4151 472 2511 4008 793 825 2548 4117 860 4071 915 142 373 2110 4111 737 3142 2725 483 1973 2880 2817 4847 823 1970 1437 2137 4469 2432 136 11 2784 4123 4364 2671 221 3127 4150 1555 3505 200 372 1791 3960 2901 2312 4959 4184 2095 445 1431 1289 124 3991 2782 1672 1889 4976 2222 4861 2014 2873 542 1282 1224 1322 2654 4889 3669 1100 3443 2479 554 1333 2235 238 3837 3791 706 4335 4440 1668 3549 1328 81 2141 2138 4656 2282 3661 3694 4889 3748 1035 1430 4463 1210 2660 2795 4088 3970 3225 1407 825 4967 2836 580 1966 4134 3155 3525 3000 982 3015 1644 1053 4254 2360 1770 299 4412 4197 2186 1733 2409 2334 3518 4180 4134 827 2165 2514 3823 2915 423 3152 2262 2492 4281 870 3191 514 1623 3546 1837 4605 699 2526 2336 1025 936 4218 2650 721
267 299 2138 2519 687 2319 3934 855 1114 4175 1960 3185 2975 3641 1367 3216 3481 2006 3266 4334 2949 604 446 691 1094 3972 978 2661 2569 4377 1056 2740 4810 1506 2594 3773 3593 3995 747 4285 2987 560 61 4216 2449 298 922 4454 3769 3785 4906 4743 381 242 1575 3661 4437 3998 1783 562 3405 2510 4508 524 1820 2438 385 3002 4854 1209 1402 3656 2078 4005 555 4751 2064 2909 4257 1109 1045 1059 4833 4765 301 4908 1684 1855 2432 2421 3775 2071 2373 3255 3561 1014 251 3504 4567 1171 2444 4828 2896 4144 1190 789 4571 3788 1003 155 3089 3148 988 563 1799 3608 2143 3364 2348 4750 4539 1487 1646 129 1428 191 445 4251 1673 1198 28 3749 379 1989 2640 3054 1220 4871 295 4563 234 156 4943 4345 1294 2454 2984 2040 1422 3938 4288 4552 182 533 1784 3283 2501 697 4301 1696 4445 4151 3889 2732 1082 2753 794 4400 3226 2998 4006 2851 3382 663 92 29 4594 727 23 3687 4386 4404 835 2702 1062 2925 2909 2097 299 1190 3831 1207 2524 3725 126 3883 789 3051 480 3179
2881 2333 1493 3330 638 465 3398 2685 2926 1660 2917 1621 2192 692 2306 2557 801 4297 3324 1358 146 812 2651 1631 2553 1993 1262 3365 4109 1056 4634 1131 2021 2899 4486 3758 1547 4115 2365 3216 1928 1293 1671 1669 2773 2247 3127 4140 2679 3146 3841 4442 4777 617 218 4210 28 4231 3310 3828 1410 4306 4314 1532 3645 2681 22 1304 4506 4165 4248 4465 3845 3611 2337 3388 3688 3400 2507 3273 3846 2316 596 835 103 54 4511 1314 1309 4607 626 2791 2099 228 1579 2883 3905 3608 3877 4684 4733 1069 4760 2520 2439 840 4985 1019 1767 2382 785 957 2057 4859 1163 3381 1144 1328 1022 2357 3965 4203 3024 3981 4829 559 2204 294 2262 2742 1157 1000 3267 819 2941 344 4034 3892 962 2064 3614 3291 3011 4544 1239 2548 3331 1488 1422 1018 3733 2184 1175 4858 1994 2590 1016 2551 958 519 3316 4081 4090 1900 2103 3894 3900 4816 3961 3148 2440 3378 3223 4724 1762 3742 3175 1826 2793 1880 3406 4813 2262 1000 3424 3149 3897 258 344 4679 4899 3373 1206 4242 2852 2388 1105 4432 4066 941
2557 351 1569 2896 1904 3132 3205 618 211 3319 535 3420 95 4397 3387 436 1535 1763 312 919 3090 1934 1519 1988 110 780 3990 2532 4739 2740 1131 4631 2930 3238 2920 1673 4106 3252 1060 4456 4037 1703 1951 2332 690 2292 4964 1341 3722 2498 3368 154 2963 2990 4643 856 3816 3966 4503 3410 1550 1220 4303 2152 2386 3433 336 1904 889 3067 2507 176 384 2308 4661 490 680 2135 4321 2005 660 2753 502 171 3370 353 721 1187 4750 1516 3444 1120 1971 705 745 259 2084 309 3426 2107 4698 4542 1786 1223 2884 257 1353 645 2505 4217 1557 3243 2805 4750 3087 946 1811 4221 4108 4813 1844 4267 4278 2027 1993 3784 2088 3668 2550 2283 2497 2394 435 1091 1893 857 277 3690 3563 3553 577 2283 4220 1086 2508 2226 1231 1563 2818 2733 3256 3918 1577 3353 4842 2236 538 2907 3842 1996 2386 800 3809 2322 4812 3279 3477 3049 3109 1476 3877 4337 2416 1434 3311 1163 3142 3782 56 762 3018 1318 3329 616 4901 3771 2462 3044 2956 2422 2354 3802 325 4965 1522 3234 2856 1129 888 2843
2626 4941 2801 4450 210 3186 1088 942 4725 2403 2963 4985 2446 4390 4587 2631 2206 4898 353 3138 2458 953 3290 1347 1609 2436 2552 2035 479 4810 2021 2930 2363 144 2151 1549 4741 641 3400 4765 1113 4414 1991 4323 1294 1721 4537 3774 1122 2423 3240 3439 439 3038 3136 273 1151 372 1552 567 1515 564 2918 536 1241 4755 4763 4842 349 1103 4007 4215 3835 2314 4551 1752 1883 1577 2668 2896 2541 2529 4538 3493 148 1320 4621 1927 3696 2156 2252 3648 1316 679 1890 117 3592 3944 2108 1193 1246 879 3180 3985 2956 2904 4686 1640 417 3400 3534 4784 2521 2108 3126 3151 4707 1373 3881 557 2409 125 2041 671 4167 1596 4160 3969 2521 4800 4331 4901 4359 2283 4032 1871 1141 806 2499 853 4087 3633 4056 1713 4482 1050 4546 4525 3950 1421 2049 4980 2148 2247 2646 2980 1370 4757 1391 3367 2330 30 1520 3747 2788 885 2917 615 1359 1450 4926 2652 2611 4319 3558 3896 304 3331 1968 3952 548 753 3961 1039 580 3126 1538 3565 3835 2768 1104 2177 3971 1857 3279 197 3517 4270 1080 1537
4261 2864 1684 1171 4657 3009 2428 1721 4692 215 232 754 3313 2994 3385 2610 842 3553 3360 3212 3475 965 890 3198 3266 4178 2211 2207 2167 1506 2899 3238 144 3745 3500 3058 578 4542 714 2417 1283 4517 2109 4650 4680 850 2128 209 1307 23 4248 4825 4390 4039 1563 1104 3589 1851 2427 4993 2623 2652 2816 2644 3095 3174 3555 3533 1738 4653 1387 1992 3251 1496 1648 3629 2843 1634 1536 4348 2763 2666 1993 1477 1734 153 3016 2689 1253 4367 4429 4740 2991 4345 3946 1977 1556 371 719 2270 604 2382 1253 1438 3768 2159 684 4597 4735 2050 3117 941 2045 1470 3997 2902 2775 4954 4135 1043 3252 1865 2464 321 2026 4228 386 4448 4345 3809 726 304 715 1059 4554 4357 3102 4406 3690 1524 1897 243 4163 2731 3726 4164 2526 1075 3633 1424 3632 2806 2488 2855 172 1114 4305 3571 1208 3072 4772 3256 3600 1735 2880 373 2587 3232 1535 443 3252 4173 4820 3806 3120 3264 173 3080 4707 1107 216 3170 4837 2699 4196 523 3589 3002 949 2272 2252 832 3383 3907 1718 4221 251 496 4283 4753
3937 2522 64 2531 3878 4535 4400 882 2258 4638 3561 496 2164 2864 3089 4248 1444 4406 2255 1356 2580 3872 811 2516 4745 1173 2555 461 406 2594 4486 2920 2151 3500 4455 2563 128 744 408 1028 1002 4684 2524 1439 3366 1757 2004 3968 1426 2338 592 4741 3252 624 751 1700 538 4933 439 1803 932 1217 825 3242 3305 593 3598 2925 639 4391 1816 2311 1851 1039 256 1529 3372 3423 2841 273 315 2768 3896 4994 877 320 4343 3706 4412 4078 402 2787 2919 3878 4165 617 4226 511 2196 3666 4273 284 4640 4176 4609 3160 4291 2550 643 4439 3057 711 2606 3882 3943 1973 808 1705 2086 4239 1282 1276 3068 3878 1731 2847 884 1570 4884 3793 1510 331 3912 3664 763 1313 1172 990 3491 2156 1133 3216 3522 3752 126 4323 1864 2187 1126 1664 4624 1134 1376 3289 1602 2366 4568 3336 2668 2961 4232 2482 382 226 471 2838 1276 1847 335 2270 3716 1711 3708 2297 1043 32 1443 4638 3712 1414 2131 3153 4998 1117 4543 709 4212 409 628 2099 1990 4653 4922 1672 1732 4974 4174 1249 3312 1471
533 2161 2578 2541 2842 523 2619 4598 1673 1328 4387 1800 4853 948 4650 2793 4764 1205 2074 1563 739 2459 1754 4798 524 4991 199 3046 2160 3773 3758 1673 1549 3058 2563 4574 630 4434 4069 1596 952 4545 3183 2881 1234 1743 1711 4026 4434 53 3564 4595 2769 835 4865 41 3498 2317 3637 426 2945 2250 3081 2486 2366 4217 785 1700 25 3836 4746 2476 170 4241 1248 2920 3802 1057 2357 67 1142 868 4392 2379 3190 633 2933 4285 1301 3900 3456 3260 1454 26 2660 2597 3580 706 367 2710 2172 2742 806 1200 3728 1765 37 2887 2443 2557 1612 2327 2560 3241 1424 3106 3189 1092 997 989 4661 4430 2522 2525 704 2513 2351 2598 3683 4131 1142 2780 3452 4989 864 4615 1934 1359 3432 396 3520 93 4488 3168 718 3821 4389 166 2226 3474 1919 3149 2507 4991 3927 4722 4542 3421 4739 526 3517 2061 2479 3840 2034 2136 1454 1011 4712 2223 614 963 3340 2667 4446 2163 4201 4059 3542 442 975 3414 2927 447 3486 1613 2863 4140 330 4976 257 3631 904 4452 3837 4971 3285 2673 580 938
2646 4006 545 3286 2429 333 4640 4732 3230 3187 3290 641 4997 1443 4252 2348 2670 2286 3344 4745 4492 4107 676 1501 1299 4821 2247 1506 3179 3593 1547 4106 4741 578 128 630 1183 4278 3501 2841 1615 2413 3097 911 3192 3644 2131 726 1084 3019 4812 3663 1490 1235 509 37 1015 4055 3294 3728 4858 1842 408 1562 374 2038 1672 2952 335 4266 69 1315 4706 2237 722 1130 3403 4543 1181 4823 2723 1444 3282 515 4026 3111 4538 983 4048 2097 4106 1862 157 1583 4937 3366 526 2154 4634 942 3579 3373 3139 4436 3809 103 1176 1856 232 2043 175 3205 1893 3145 526 694 1990 4179 1247 2895 2999 3495 633 2982 874 3876 4877 3015 3931 3658 2095 4906 3425 3873 493 23 4706 4888 1245 3945 163 2303 3614 4803 528 3500 1181 1312 2668 2336 2792 1144 345 1438 669 4597 2792 4253 2205 2757 1062 817 3844 3174 515 1891 4468 1423 601 1619 1664 218 2016 3056 3729 4552 4007 2037 4099 609 4826 2996 638 199 1710 2418 1476 1739 2605 1744 241 2845 2484 4316 4343 3965 983 2393 2494 2282
1759 2111 1061 3924 2318 2136 4430 454 578 24 4378 140 1413 2204 737 4355 4426 2191 4585 4190 4962 4230 2984 3885 3838 4284 746 1981 3522 3995 4115 3252 641 4542 744 4434 4278 3596 468 586 1631 3469 4583 2548 4316 4035 2824 2916 1033 2023 3609 2735 3603 4081 4307 4258 4883 354 2334 2159 2232 2445 3089 4802 2081 373 4222 1341 295 2124 437 1617 4462 3684 1289 3638 596 1575 708 4714 1457 2336 869 3414 4599 2739 956 4556 833 1989 2680 2491 415 4349 1352 2757 4912 4506 2378 4723 1017 4453 2714 2852 1879 1377 106 1413 702 1525 789 1826 1050 421 942 3523 4306 4074 3699 338 1656 4305 2786 3106 1789 298 2817 2799 4805 3749 746 3097 144 1428 1144 1399 3923 3388 1236 12 3383 3159 2694 1483 855 1943 427 3334 1071 2152 2076 3411 4646 1020 3331 1796 1250 1087 4469 908 1404 2718 3569 2651 2381 310 359 4220 4696 2499 2608 2947 4995 1115 1616 1585 4003 4191 1003 4153 885 4307 645 3610 2184 663 2235 3456 3839 3320 3635 2954 4270 4077 4605 1840 1742 2550 1961 2660
2917 1162 1585 1007 1657 3369 3369 12 2099 3415 1561 2439 1075 1046 3436 3137 201 2846 4384 4463 2620 4853 1386 3828 309 4301 4666 968 2545 747 2365 1060 3400 714 408 4069 3501 468 3270 4565 4866 3160 1028 2955 669 2481 2971 4694 1548 1718 373 2566 4294 2419 3077 4448 544 1636 345 2417 1078 289 3358 932 2259 1314 3912 4851 4780 1902 474 403 4244 2469 2161 2268 4149 3130 2716 4820 1595 706 4580 43 4953 4351 665 2002 146 2293 1478 1595 1572 4235 886 907 3676 1496 2180 2154 2008 2221 4265 1819 987 1840 4910 2111 3154 1861 3300 1955 2813 304 1370 316 3662 4253 1095 3875 2248 2478 4285 4042 2898 4224 1387 1470 1297 787 3715 739 68 4630 3267 4247 430 3546 4216 3435 1625 3306 4791 3956 1993 1094 4978 795 3022 465 141 791 4335 3530 3183 341 218 4561 32 3284 2699 3684 4806 1262 4791 655 3526 3658 1340 1041 1028 500 856 1700 3707 2233 3143 4924 345 1785 1334 4836 26 76 4094 1267 976 3432 3624 4313 2062 4402 3119 108 1357 3678 1894 1144 3960 2916
635 1116 4734 778 4442 4037 1440 1539 4179 4824 2176 2775 2700 1163 4474 3301 806 67 908 2215 1978 4860 4510 240 2173 334 284 1494 2990 4285 3216 4456 4765 2417 1028 1596 2841 586 4565 2701 3666 1498 3062 688 2710 2123 2190 2252 4006 4860 4282 3518 2878 2759 3681 2096 4648 491 956 3045 949 3154 3004 2531 2450 3209 1380 3493 2978 984 3427 1463 616 4953 797 1446 1161 1413 2400 4568 2152 3187 683 4029 3274 748 1479 4492 966 1906 2644 3826 1521 2461 1360 4891 18 2866 2051 4448 2343 3385 3155 4179 1244 3555 1321 1854 4788 4497 916 4678 90 1878 3947 3762 875 3421 89 1065 789 2639 524 1337 2080 2389 4041 1287 1113 3865 1411 4855 3213 3494 3070 570 2525 923 4833 1556 3886 3116 4349 4282 59 3990 4672 816 3679 1378 520 4061 3618 2998 881 802 3487 4119 3390 2730 713 2279 3515 3975 2118 1671 134 3606 4811 2312 4870 2347 4017 1531 4478 3182 4427 3641 3535 391 4404 4306 998 3647 2870 4579 1817 2809 2926 1431 3132 3530 2334 4717 4620 4358 3684 4989 1874 601
