N: 200
M: 20
Symmetric: true
Triangle: false
5 195 198 62 79 105
15 113 197 115 44 126 155 178 71 96 103 9 165 80 164 86
8 28 129 84 186 139 12 151 175
10 131 61 56 147 157 16 130 170 89 168
10 156 100 196 59 142 3 138 150 162 41
10 124 82 45 7 102 22 128 194 58 1
16 182 141 72 30 46 49 78 76 144 39 63 192 13 87 149 11
14 60 42 29 68 65 180 176 190 152 99 143 51 173 95
10 158 52 121 93 118 2 110 132 55 75
5 43 83 153 77 185
11 135 125 25 184 106 14 15 31 18 47 127
10 174 189 140 123 161 188 167 112 66 8
8 183 24 136 133 104 91 177 74
8 97 117 94 114 85 53 171 199
13 145 10 73 134 108 172 109 159 57 35 200 38 50
9 166 64 90 34 92 27 163 137 146
7 148 20 26 154 81 6 107
8 160 116 187 119 122 17 111 54
13 21 101 19 40 120 179 36 4 5 32 98 69 33
10 169 193 181 88 23 67 191 37 70 48
2205 1397 2089 4798 1269 1731 1534 3436 1861 2111 2073 4154 3501 43 4843 1938 2142 4628 1902 1417 4235 2723 1698 1094 1801 575 3883 4545 1837 2167 2150 1304 4670 4573 2304 4765 553 215 3298 764 2310 604 290 3424 2503 4586 811 2491 1460 2392 855 1018 3469 3145 4222 1175 1584 1183 3224 2317 1480 1565 2763 404 2532 1103 2496 1898 709 1452 654 4306 4599 3206 3134 1042 2361 141 172 257 4868 4752 561 4438 2000 4168 3168 1551 2116 4173 4018 4423 557 1756 1126 2410 2482 1455 4477 4208 1381 1734 125 3026 1403 4035 2237 3896 1717 2368 1108 2672 2568 817 2266 3036 1910 1584 1686 3497 4552 2051 235 3208 3111 2298 4778 132 2510 2864 1123 3639 4266 4109 3123 2581 3991 3444 244 2940 4911 3573 1243 1879 2712 2606 3678 4188 694 1895 1161 313 1902 4389 864 4080 3372 4096 2360 2538 786 4288 727 3920 662 4617 714 673 54 271 4699 4794 4463 2137 2799 2709 3663 2392 2900 3294 2026 4215 1541 3090 57 1060 2639 3360 1019 4626 483 3500 120 1799 1635 2021 354 2568 2708 3719
1397 859 3252 210 1275 1925 3321 3541 1137 2092 4299 3147 4022 4742 3082 1913 4859 240 4844 2760 2704 1219 1173 3032 1913 2375 4186 617 2284 1701 953 4483 550 1543 2465 1133 1114 576 4612 1671 1415 1258 4511 1213 1744 2809 2375 4191 802 2536 4684 4142 1318 2344 2070 1383 413 3532 2604 1242 1010 686 25 803 3819 2315 963 521 1597 2123 1991 3175 3633 1083 4063 1077 2008 3664 1002 3984 3483 3081 111 3406 789 2427 2127 4088 3960 265 4170 2266 2620 2704 2101 4386 658 2888 4616 595 1478 723 3471 1550 2428 4189 1151 4927 1607 1292 2281 3865 4995 2106 3840 604 2236 4224 637 131 3280 2661 3025 1954 1113 963 4385 2521 2568 3331 1588 4807 4790 3168 3984 3110 4457 3086 989 3388 67 4784 2917 2814 1897 692 3823 799 4994 2425 3996 1902 4892 2279 2064 703 3066 1817 4430 2709 804 2932 1037 2425 3349 4403 4837 705 4326 4506 575 1309 3496 2995 3967 3981 168 2064 801 2100 2850 705 159 3001 2094 2109 1094 3032 3739 314 2035 4394 2154 1745 1348 1658 16 195 3076 3905
2089 3252 3162 3687 493 41 4267 367 649 3708 2074 1701 383 2625 1117 4073 4983 1909 4555 3371 3683 2277 2823 2984 1025 665 1375 697 2523 2757 4599 1181 1379 4837 2017 2224 908 3112 4048 80 3729 3006 2459 2346 2313 3678 2032 4808 1437 599 1674 3198 670 4753 174 251 4480 4452 3436 2249 1288 2381 2042 4061 4307 2627 4230 429 2719 4250 1925 1042 2921 2497 4098 4914 988 2595 940 3402 752 3283 919 320 4090 1703 4694 742 1938 1586 2119 2286 1845 3451 632 676 2935 4492 2368 618 638 2127 1511 2289 4057 556 4731 2102 357 3717 3645 3977 2871 2464 3450 3374 3613 2525 252 998 468 1271 3573 1512 619 3421 2607 460 3203 2794 3610 828 931 4019 2897 113 1049 1777 355 190 3235 1210 3241 1246 4786 4253 3825 810 2696 112 2207 1263 769 1023 4636 4751 3396 932 3693 2369 2543 3897 1337 1671 1661 2130 4268 1862 2915 4648 2782 525 3494 3412 1814 778 3272 4451 4775 3277 3438 3358 1568 582 2995 331 2470 2542 821 2185 2938 850 2656 720 4685 1800 3392 3542 2864 11
4798 210 3687 3655 648 4534 3573 45 2147 2769 3413 1088 4611 4399 2060 4196 1996 2099 3543 1626 1885 884 3518 2755 4346 4383 2592 854 2625 227 1008 4090 4279 964 4267 63 1731 941 2760 153 1518 3409 643 1203 2032 1962 25 659 2808 2930 4181 2278 3764 4563 1885 1347 2760 357 921 4216 2989 4884 829 2973 4244 771 872 1854 2038 1233 1038 3417 227 4007 1367 850 2634 2406 1763 2925 410 3619 4509 4257 3295 2905 2377 4726 1940 663 1400 1671 4803 1337 1359 397 1605 476 555 3304 2970 3780 2913 1595 678 1430 1815 4600 842 1976 1720 3099 4408 1881 4881 3527 3080 1457 4472 871 2324 4363 2688 322 1444 2352 3639 1713 1193 3517 4530 2435 3086 2100 807 4595 929 4134 370 4335 1100 3195 2129 784 4982 1721 2203 1885 2230 4034 3607 3121 4390 1044 1612 2054 3941 4578 1076 3845 3112 3747 4742 1006 3139 86 860 1737 1269 1725 841 1770 4515 1538 588 3618 1673 562 4707 57 1350 2470 4310 270 100 300 588 2770 157 1524 2606 4953 2188 529 2783 4179 2643 4585 2568 1517
1269 1275 493 648 2546 1550 4014 4027 3477 1652 4095 661 2968 4975 4666 375 2239 2037 1750 1601 4019 3790 1570 4543 2257 1869 1729 4338 3654 405 3083 4426 1551 2731 947 2661 4609 4076 1594 680 3499 660 2433 4359 1533 1634 4986 4578 4721 924 1338 4921 2613 3210 4921 951 4944 4988 1601 2542 3604 1289 4254 4139 3332 2662 2581 775 2641 2778 1920 3818 1266 3533 3035 3617 2452 2702 244 3947 4353 1172 2443 813 219 1776 2600 4560 1177 4901 139 353 4649 327 3967 216 3552 4461 1391 3939 2424 2898 4336 540 428 407 2291 3445 141 3160 1981 4098 2788 449 4362 1806 1752 2761 3918 1372 693 2391 2602 4205 776 179 3107 566 1870 4632 4870 4856 1965 2726 3436 685 4753 3460 2141 190 1206 1851 3197 1407 3132 3310 2955 152 937 4834 3651 245 4685 1381 1512 3484 900 1494 577 2844 1144 1022 2824 296 3062 1712 1673 864 664 4230 2205 4968 237 3214 3462 4654 190 602 2906 832 1597 24 1761 4853 3681 4676 4955 75 3125 1303 3573 3525 1124 2965 873 3840 3555 4329 181 50
1731 1925 41 4534 1550 2644 4262 3119 3236 37 108 3352 3695 2476 4617 3869 4012 2500 3742 4410 2724 2357 934 701 3869 3413 398 4834 3548 4191 917 4341 3551 4641 997 468 248 2964 2460 3269 218 3878 3459 4129 4269 4191 576 3619 483 4164 4966 4297 4048 2359 3485 440 1360 1440 1544 3250 2591 3698 3612 2905 1757 685 1212 525 27 736 2748 1334 4920 1383 807 1656 3818 1842 1019 4320 4114 741 3374 3499 142 853 3281 4022 4441 2571 1907 1971 422 4469 760 858 456 4185 1992 4315 3579 4454 3044 1609 2092 1779 61 4962 313 1866 1017 1710 1657 859 2456 4215 251 757 913 3762 3131 192 4710 526 2484 3981 2191 4750 936 3401 2295 2220 1262 2457 4753 307 1612 2710 702 3181 1591 1026 2715 166 214 966 422 3021 2434 1930 4026 371 1003 4951 2747 4771 2221 2003 996 4556 2804 558 2957 1684 1316 989 4310 665 1921 3718 4355 754 2869 3969 3791 4868 2397 4880 1832 3799 1765 151 2222 684 4347 3279 622 4847 1466 1350 1074 3520 3165 3885 1375 2466 727 2222 1166 4987
1534 3321 4267 3573 4014 4262 2686 1218 4085 644 4716 3779 855 1181 3580 2169 2723 4042 2361 1580 1811 1003 4853 4930 2017 2826 1903 3400 2427 1788 100 2995 1561 4903 4243 1117 1261 1296 305 4815 4667 4900 2404 3224 978 3085 2939 632 3485 4788 667 1723 611 1315 3583 524 1532 4375 3393 3507 4881 1035 3240 1198 2145 1341 3558 4032 2377 3027 2331 947 3887 611 1871 931 3076 2966 4684 3002 2515 2047 4997 2507 4303 4422 981 2646 960 2328 1680 4241 2796 1499 1544 3028 4006 1654 1648 342 844 545 3054 1681 1168 4368 4269 29 713 4413 1046 2901 2983 4980 2904 4706 212 657 2081 333 3827 3199 1594 374 3931 2768 338 2021 259 609 1416 2005 2363 1641 3791 335 4732 4572 4138 995 282 2263 761 256 3002 3124 1233 4521 2720 2569 1889 4807 1155 808 3257 1350 3938 2017 1005 2937 351 399 3427 3839 1374 2362 4304 2701 3079 2606 4230 3942 603 1286 1666 1178 1395 3291 638 4962 4064 1874 4370 1575 2345 3140 1338 2948 3680 1995 3665 245 3163 4306 3049 4611 3611 2689 2643 1852
3436 3541 367 45 4027 3119 1218 420 1328 2067 4837 2268 3046 1797 2697 1514 4824 3647 1713 1674 1800 83 1903 2558 4210 27 2573 2938 2884 3660 1275 1636 3367 662 140 4641 831 3938 710 2688 1863 4340 1111 1828 2219 4848 2074 4757 3489 4689 3591 319 592 4578 4563 1381 4517 3682 2780 4914 3442 2352 4544 2106 2749 2873 3508 1389 2885 427 2792 2172 4764 4741 654 1106 2410 3885 2785 1463 4078 1194 2595 874 1592 4660 3728 2134 273 1080 160 2588 3511 2718 1357 3280 399 4926 3688 2798 3926 2386 1482 705 4547 337 1696 3873 4272 3128 1817 1225 801 731 3881 731 1297 1094 1517 4435 530 2955 720 1811 843 4565 2393 1150 3749 1118 3990 4373 523 3720 2805 699 320 3417 2057 794 4529 2961 4316 2359 3461 1984 2078 1727 4706 4019 1565 2623 3646 39 2858 3299 146 3538 161 3835 1163 1321 2916 4611 4284 1825 3535 3323 597 3157 4912 4736 3886 2928 2119 774 1661 64 4958 2709 121 2236 531 3252 1678 4860 429 3031 1199 3071 2627 3735 2102 542 4001 4263 2536 2987 4359 3377
1861 1137 649 2147 3477 3236 4085 1328 3885 4544 2877 2864 2897 471 2178 4732 3441 3538 1015 4809 3437 186 2707 2523 3175 4868 3251 1261 1473 2378 1355 4845 4813 885 3766 1271 409 556 1199 3129 578 2513 1670 4926 2143 4371 1679 1469 4047 666 2471 4043 3376 4671 3000 3039 2192 3862 1909 2389 2230 4692 1654 557 4955 3638 107 696 2372 4258 3414 182 1314 944 3283 3889 997 1818 2440 1845 2752 771 3699 1968 1649 596 4085 2727 3924 2477 3480 3441 2362 299 3793 3419 2637 698 205 2147 2838 3829 2424 1771 4252 854 269 4602 4809 1656 1154 2744 4103 611 2723 326 1009 1713 3906 4257 2773 3565 951 3800 2194 4522 1371 3682 3940 2446 4509 3490 2306 2406 2955 3279 4868 1107 2837 139 199 4861 3975 4847 4624 935 1875 1983 2273 4679 4708 2658 1594 1132 2099 3234 2778 762 2468 2991 329 1789 3598 3955 2919 994 2483 947 4244 3588 3707 2238 3000 3151 2629 1590 654 2963 1117 1135 1071 2323 1049 1226 4143 2823 3212 3344 3032 2281 2455 1016 1264 4566 4552 3581 661 2638 2010 4128
2111 2092 3708 2769 1652 37 644 2067 4544 2128 4821 4239 3573 3143 4149 3748 4244 3212 4705 2596 2647 2753 1026 4046 4384 122 1978 2032 2673 941 872 4491 1440 797 1437 788 4695 737 1291 3886 3071 2592 123 4374 1536 3563 860 838 1133 3398 3141 1554 1099 172 2716 4000 1097 4708 3603 43 1084 2028 2448 903 748 471 3019 4925 1386 667 2415 241 4371 4245 3572 3630 1838 750 1943 3164 1613 2407 4244 4462 2051 812 294 3277 4250 2919 1399 3592 4406 1507 1214 2208 1497 728 1418 145 2729 4027 458 3199 4845 1574 4165 189 3595 2616 13 3312 1453 4077 1687 971 1783 1408 1938 1001 528 2809 2478 384 4268 812 2334 1377 708 289 2420 1957 492 666 1583 584 2728 3682 900 581 1354 4807 4066 1202 1066 1815 4137 358 486 3529 2656 2257 614 938 2588 3870 189 3915 2455 4338 3540 3859 4873 3922 496 421 275 1661 4327 4311 2131 2842 1690 361 938 4087 2765 4164 887 1006 1611 2952 498 4203 1372 2354 1124 4999 3359 4341 1707 70 2058 1798 3325 1660 2360 2222 628 1960
2073 4299 2074 3413 4095 108 4716 4837 2877 4821 663 444 3622 2690 3129 3174 4445 1844 1641 4217 4478 2967 4720 1078 4416 3400 2705 3300 4635 1793 478 181 1673 3114 4109 2044 3481 4210 1514 348 3893 731 3703 3382 4366 2933 4620 4253 611 3158 1595 3432 4293 4372 2597 2315 2993 2871 3891 1312 4801 3936 4964 3847 2358 3504 3684 4007 1828 2486 556 2335 45 3423 3163 2463 4982 2368 4619 2421 4060 3035 1218 585 2785 676 3232 1176 3979 2776 503 387 3204 3654 4976 1120 1863 1390 3765 2330 1556 3302 1076 2739 2659 3039 1869 2060 4410 492 1935 3878 4821 2412 4872 3343 867 463 1266 2466 4892 4512 706 1992 825 616 2670 3301 2899 2747 1213 584 4578 4210 3893 513 2452 4606 878 497 2265 2629 1869 3291 2433 853 879 3212 4823 242 1823 4886 945 2561 2363 482 2602 462 3177 3085 1868 3581 2781 4343 2723 4373 2294 3054 2932 4149 1558 3166 1966 4562 4899 422 966 804 2534 1918 1519 1344 258 2624 4570 460 3926 2250 3932 4197 3957 2922 4870 15 2511 4343 3733 2219 4899 3321
4154 3147 1701 1088 661 3352 3779 2268 2864 4239 444 120 2072 2708 1160 3153 3343 793 363 1679 2679 909 958 3494 3545 4273 3666 1797 1400 3127 3974 4831 4282 2800 418 2852 736 4306 196 597 2571 1344 657 947 884 2935 2166 2462 4738 643 1713 203 1456 4554 2166 333 267 4820 3503 4802 977 406 1047 3885 2220 2385 957 2482 2303 3843 3833 1536 3424 3026 1607 4201 3721 4718 3137 2160 2817 3349 4661 2696 2838 1121 187 4365 3832 2043 1895 679 2299 3547 73 3310 3313 3981 2258 2209 2953 133 3012 4917 3034 1092 4888 3226 2642 4068 2556 1424 1260 2875 900 2053 1491 1114 2260 1075 3787 410 1106 23 1398 487 4421 2223 4446 4520 4563 4570 1689 912 305 2378 2565 149 2198 4540 2607 1776 1904 2667 1483 2949 4588 4240 2984 2378 1767 1455 2291 1924 3770 1350 2784 1747 1313 3041 3713 1233 990 2902 4984 3806 3009 748 2207 3079 2188 1708 2345 3475 2898 1130 4989 4055 4078 3388 3796 2161 4655 4504 443 4699 2919 3410 2618 601 1876 4751 816 2925 871 769 3156 3038 1079 1971
3501 4022 383 4611 2968 3695 855 3046 2897 3573 3622 2072 3621 2727 3484 1926 1383 3842 4178 1211 847 2323 2197 500 129 80 3728 3312 3605 195 640 4542 1875 2660 1871 1790 3522 4396 3590 261 1140 1259 2296 791 4295 2408 3400 3696 1033 3714 1476 640 1979 143 3943 433 749 2121 1828 4417 2655 2905 4637 125 3505 222 3771 4160 856 895 812 3626 1798 3096 557 2125 3696 2040 1154 4005 900 1017 3152 2070 12 1590 1943 765 4390 1486 1725 2642 2809 1867 3625 1504 1211 874 3156 566 2291 1380 3521 1831 4959 3646 1696 4348 3582 4535 1647 4146 1179 4404 3790 2523 1490 91 116 1922 844 4850 3685 3315 1323 4327 1152 3606 3209 3284 714 1192 884 4647 4683 4308 320 951 2646 1425 1333 2339 32 2946 1711 1955 1526 1153 1488 2929 2698 2279 4971 1785 4305 3743 2701 2041 3100 681 3050 2032 1270 1452 330 2100 125 1501 1537 2747 2472 1758 4930 728 3063 1091 661 3871 1422 2440 2774 1415 1486 1977 2808 4210 345 3570 1475 4107 3899 3043 4386 4084 4188 3024 2223 4365 2859 4775
43 4742 2625 4399 4975 2476 1181 1797 471 3143 2690 2708 2727 3911 638 350 4016 141 3588 485 2389 3389 4651 637 1418 519 1827 483 645 4620 4044 1022 3470 373 4328 278 1494 4857 1630 4815 142 3910 21 3790 4244 397 4940 559 1894 946 4959 4486 4623 3624 2969 3848 1809 164 2340 2524 3581 1791 2825 1653 1028 4517 3062 2127 1251 3978 4350 559 1821 4049 1685 921 1565 3867 2850 4351 1043 1463 1351 2932 4027 373 2532 659 37 4053 1522 4005 4240 4794 4676 655 4212 3914 2014 4204 2598 4880 3445 2695 2730 1027 1343 4786 3804 2082 973 4401 2193 1728 3908 1382 4513 3436 705 2623 3857 1865 4250 1448 4996 713 562 3843 4746 4956 3091 4164 4900 514 2261 2561 2906 1899 1977 4866 2468 2291 4513 3185 842 4122 2371 1847 4644 4990 2482 1140 1439 1819 4639 4028 573 4769 4638 2043 4063 1705 2379 4089 2854 2157 2798 4602 4066 2909 2535 3715 4555 3509 2382 2551 4304 623 344 1505 827 2258 1830 3899 2427 513 1207 666 4054 4333 1571 4379 1408 3244 981 4779 3886 3177 3726 1103
4843 3082 1117 2060 4666 4617 3580 2697 2178 4149 3129 1160 3484 638 3632 4067 1146 3085 3942 2223 1035 1042 2608 3429 640 510 84 4919 1648 356 3183 4843 3786 4473 3082 421 484 2267 1635 1555 1446 1549 2659 3280 597 3632 2127 3670 4023 3451 1946 4741 1746 4608 1432 538 1361 4881 3287 2024 4115 4131 4479 734 586 2958 2788 985 4121 2103 2493 1360 3737 4009 360 3977 3517 3926 3367 3867 3553 2170 4900 4763 1962 2506 3179 4653 3586 566 3578 2226 1557 4963 2044 3894 3879 1914 390 214 333 4805 781 1287 1050 1849 1851 1696 2401 1053 1826 3552 1635 1857 2772 2668 4587 4915 3773 3702 2986 1589 1782 2309 3329 2771 3192 4350 4439 3079 651 2060 1362 84 4346 3685 841 1095 4271 432 2861 2543 281 694 4493 4764 1950 512 3139 542 21 126 1762 208 2542 1379 4879 925 3978 92 2112 376 1269 507 3790 2878 4417 3993 1437 4222 3315 3026 4386 885 1814 2934 987 3762 3013 2779 618 2123 3523 3425 705 998 1102 4683 4956 668 4341 853 829 4403 2064 3640 2739 817 1978 3029
1938 1913 4073 4196 375 3869 2169 1514 4732 3748 3174 3153 1926 350 4067 4456 3668 3875 4340 1006 986 4792 4664 1810 871 3175 2654 1000 2901 4653 1257 245 2225 1875 3480 1592 67 1772 90 3250 759 2830 1610 1636 1947 4770 3230 3800 4838 2695 4383 2907 3145 3010 2498 4787 4178 2593 3092 4526 858 3538 3760 4304 4043 3202 4212 2515 1072 4712 2888 1969 1078 4548 2704 4728 4350 4051 4160 2998 3371 2845 1633 2815 3027 4888 1055 1107 4610 854 146 506 4075 744 3654 2090 208 4518 62 516 411 3430 760 1332 2563 2453 1742 2458 3593 4181 793 3245 4631 4466 4537 4127 4953 1528 317 920 4151 979 2149 4861 4295 1041 4976 1644 1219 2887 2340 1767 2543 1326 2537 2724 2826 3101 1414 2843 2101 1529 3838 2091 1840 4997 3702 2930 2973 2849 1838 4658 470 4377 2332 317 4704 2133 1650 3700 583 1167 4518 3167 1704 3164 4771 4406 2168 4715 4258 4760 2280 4484 1687 3897 1901 1376 4875 4022 292 4680 1421 1342 876 3100 3065 4298 2681 3664 1315 2228 1844 1380 3722 418 417 151 3192 3878
2142 4859 4983 1996 2239 4012 2723 4824 3441 4244 4445 3343 1383 4016 1146 3668 196 1733 2043 3350 4008 4568 1751 2617 816 4331 3575 3006 2614 410 541 2340 1940 4208 2851 1715 1821 1579 3586 3271 4150 3168 643 1305 896 2199 27 820 290 2358 2162 343 2140 3415 2064 2798 2018 2167 1759 421 4580 3190 606 4422 1752 4510 3494 3296 2560 3788 46 2633 4600 3822 3058 4041 1426 577 1672 4421 531 4774 2535 3317 3704 2199 4831 3348 839 4563 3772 3468 4863 3887 1863 2648 4280 4064 2667 1002 4972 150 3683 823 2513 1729 979 519 4726 4075 4321 1895 439 3271 130 3378 3978 2470 1538 1743 1096 2706 2204 2952 2745 2630 2454 2171 2570 3881 3309 3836 3248 2563 4397 577 2338 1215 1078 3775 504 2285 1344 471 1093 3285 2392 4898 474 1553 3253 3976 2456 4454 2797 2638 3351 2908 1783 2388 2611 2889 3575 1550 828 3892 2135 113 2840 1372 516 1671 3651 1255 3735 621 2102 1344 318 740 3268 3578 912 4339 2517 3876 4700 513 1950 4246 357 3761 3902 2871 3991 2877 629 3261 626 3764
4628 240 1909 2099 2037 2500 4042 3647 3538 3212 1844 793 3842 141 3085 3875 1733 1087 35 395 2190 1447 2488 3634 1244 1040 1633 4257 2878 1650 3770 1842 4369 364 825 745 1999 3563 256 1290 2574 1914 2709 202 4222 172 3297 4591 1671 2002 1576 3252 3621 616 2754 1839 2821 115 2736 695 206 4576 2908 4095 1050 2715 260 3047 125 4821 3057 4344 2713 4019 1010 4815 3861 3424 948 1425 2908 4727 2281 2665 4346 4469 3651 3539 3667 851 2487 4417 3714 348 3454 3953 2981 973 2882 3670 99 4594 1580 3673 4646 621 1208 2959 3487 1274 947 771 3671 2325 1680 2781 3059 1088 4256 1499 1068 1831 2143 685 3583 4137 1070 293 2133 860 2615 3581 348 3540 4017 201 1614 4406 995 4240 358 2537 4050 1459 3509 177 2468 1578 4285 3523 3060 822 1995 4064 4789 4113 4124 1153 1376 2497 2661 3247 2259 2753 2818 4622 2520 4716 4744 1984 3396 3309 3138 2187 2447 4919 161 1609 4768 1103 213 3648 150 425 869 3763 4063 3624 1390 36 200 4877 4267 2830 3187 783 3579 3302 1856 4847
1902 4844 4555 3543 1750 3742 2361 1713 1015 4705 1641 363 4178 3588 3942 4340 2043 35 2178 4173 2101 4873 1410 1375 1359 827 4504 1299 3377 3328 3321 464 1858 3284 2779 4967 695 883 753 1406 631 4182 1371 789 678 932 3912 1784 967 388 500 3131 3034 3845 160 2704 350 2640 4207 3821 405 812 2043 2261 2658 474 3055 3885 4791 725 1380 480 939 359 2303 1199 2017 4428 2682 3193 4524 4320 111 1594 2587 4960 837 4877 997 4742 3455 4561 1968 847 713 4933 3389 2194 476 2757 2060 2043 4535 4714 4302 4158 2116 820 586 128 4078 361 4588 3833 4156 317 1999 1400 1722 4536 2750 3850 3330 4226 819 2968 1710 365 1441 3647 2513 313 93 1031 914 2110 1601 1040 888 4881 2365 227 98 489 3059 320 3209 3390 1181 3120 4352 4397 3033 2783 2853 1982 4305 2600 4393 3307 4379 2891 3918 4408 131 4425 2760 2080 1461 1751 3886 2105 1473 2501 1583 2172 38 1750 4747 2322 460 2603 3425 1185 3202 3660 540 1299 3380 514 4881 3899 4477 814 1862 653 3831 1186 1882 3538
1417 2760 3371 1626 1601 4410 1580 1674 4809 2596 4217 1679 1211 485 2223 1006 3350 395 4173 1012 369 3580 4605 676 367 2993 4465 3506 1835 920 2830 4087 1662 1155 3185 3140 4546 4090 1515 4392 4252 4936 171 370 2071 365 3301 3222 982 3070 4716 2866 2506 3772 4028 809 3969 105 4640 69 4761 1003 813 599 300 4496 4780 1690 676 4855 3088 2715 492 4419 2396 1025 995 3989 3559 4191 789 3749 4726 3310 1976 2653 3147 1379 4091 360 3356 3755 4300 3209 231 4852 3454 3765 2366 1770 246 1196 1285 2878 3866 3712 1553 3314 4721 1197 3617 3430 2958 584 727 1516 4314 31 3760 2710 524 3710 738 4112 747 690 4001 2620 330 2308 2311 1551 151 349 3584 2155 3704 3934 4662 126 3475 1628 689 769 2368 1243 4450 140 4157 2158 4151 3659 4800 762 2795 2978 3396 1790 4357 3372 1482 2127 1452 3101 3177 1551 2763 3011 3460 3799 1547 4576 3777 4934 828 3223 4875 2885 533 2458 3147 1948 3217 3045 1216 1901 698 118 2099 3089 2629 4612 1717 3450 4288 1297 4679 4776 3973 2620
4235 2704 3683 1885 4019 2724 1811 1800 3437 2647 4478 2679 847 2389 1035 986 4008 2190 2101 369 1734 3644 508 1754 2444 3715 3333 3543 2079 34 164 3278 3600 4280 2950 63 2290 4284 4179 4058 1175 839 1254 479 4771 1308 1182 2702 1780 3783 1690 2612 2983 3868 2799 4001 3963 3117 4878 1756 1175 2216 4449 1916 2001 3953 4813 1381 1704 2163 2379 1984 731 785 3360 1630 591 1776 1804 979 2346 2014 2623 1220 1068 2041 3347 1154 780 3762 365 4937 1855 4924 564 2615 3419 3382 2830 3682 261 2414 1313 2972 815 2701 3988 2515 4730 4137 3013 1863 1880 1197 4882 3264 1001 1246 763 4773 4820 161 577 3901 895 1375 2802 904 3380 4877 2946 808 3087 3012 2182 1914 1318 3625 116 1273 2934 3154 2149 1573 3481 1745 1311 186 411 2605 910 4648 3814 540 4581 3694 2738 4479 3830 1905 1796 675 811 992 4359 2471 3436 3704 11 1374 2349 4201 4550 4852 4512 1844 4503 1205 3402 4701 1073 1872 2600 3209 824 2632 549 2515 1822 2943 4584 578 3840 2628 243 2606 1127 2687 4967 1028
2723 1219 2277 884 3790 2357 1003 83 186 2753 2967 909 2323 3389 1042 4792 4568 1447 4873 3580 3644 1297 3463 3526 1864 393 3492 450 4482 1309 600 3332 3331 1443 3262 3613 1538 3746 3625 2693 2556 3618 336 4223 2587 2996 55 4069 3864 2293 1992 937 3730 1463 2923 3865 3417 2507 491 4570 4492 1072 4898 3928 2869 1101 4640 2221 4977 3261 1105 2414 2023 4342 1197 3073 2661 3022 4750 4618 685 280 4006 42 417 4558 1368 213 801 4010 2760 1020 2515 4523 4309 1876 4271 390 814 2518 477 1041 595 3211 3890 3685 3454 4033 3601 1311 3265 1248 3369 3445 3511 144 3770 3637 3371 70 2077 258 2544 3664 3486 3245 4971 820 4861 2527 1490 545 3460 2996 2948 4254 3387 2095 1868 3006 2202 477 4583 319 3377 4479 3923 3248 4873 3285 1520 720 834 1456 1419 1024 1438 444 1253 1506 4924 3859 1718 4604 798 159 1905 1393 3049 2931 497 214 1615 4197 3381 3127 2244 2840 1851 4972 3016 588 3311 3406 1432 1947 1909 455 2412 3741 1492 4478 1481 715 3930 3670 3024 135 272 957
1698 1173 2823 3518 1570 934 4853 1903 2707 1026 4720 958 2197 4651 2608 4664 1751 2488 1410 4605 508 3463 3180 1764 852 1512 3383 4177 4275 1324 4901 4120 1130 3746 4894 4266 76 844 4917 3379 3649 2463 1880 3895 1738 184 850 3852 1183 697 1348 763 1908 1796 2698 2184 864 4169 1528 4970 4197 3818 2572 4107 3988 1070 1361 3601 2142 2391 38 3863 2964 1602 1846 1188 4340 3077 1361 1241 738 3415 4209 4932 3355 982 2822 3943 4150 3738 4165 3561 954 3897 119 654 4593 4567 4110 689 4424 276 2284 2110 921 111 3420 3410 4535 325 2323 755 3861 2496 4033 3583 3265 2037 3377 3744 3627 3100 1858 358 2530 162 1396 3347 1652 874 2581 2493 3597 2950 2543 3245 2022 1344 2153 319 1316 1964 4058 324 4446 2770 4605 1571 683 4874 4797 1557 761 1644 4908 2134 3735 1098 495 2561 4624 1480 1198 1445 2565 1921 3994 1731 237 1438 2620 4207 4853 3228 4784 3572 2874 4036 741 3959 1136 1397 3383 1762 4674 4493 1708 3937 1400 3325 3974 732 4665 3300 2106 2920 2500 4093 550 894
1094 3032 2984 2755 4543 701 4930 2558 2523 4046 1078 3494 500 637 3429 1810 2617 3634 1375 676 1754 3526 1764 2384 4739 3805 3744 3269 3369 1779 1511 1261 4048 4250 1733 442 2827 2355 2409 2742 1318 1337 1251 544 3161 4964 770 2171 1547 410 2127 419 4750 13 1159 3581 3329 4673 1115 2094 94 4147 3291 673 3307 1579 839 4447 2599 2296 234 2957 1863 689 189 180 2045 1926 3219 3281 1107 4121 2889 952 2221 1371 3096 3292 3947 3857 257 3959 2256 3498 2109 4107 4036 3107 4666 3997 3238 4045 4944 1390 3291 1049 4096 2517 1829 1382 4348 636 1416 4422 1801 3070 3939 1374 4610 4183 1902 4100 4894 562 2822 1245 3073 2137 3253 469 3976 4331 4980 4064 4584 81 3550 2616 1153 273 4341 1693 4512 1685 3618 4869 3131 837 628 650 3974 481 4321 862 2406 2031 3611 2746 3771 358 4476 4029 3545 475 4781 2744 3944 2152 4802 74 4247 505 3502 2976 998 39 2813 497 4731 4063 4593 4550 3606 507 3330 2445 1029 765 506 4570 1332 1069 1033 2917 1372 1468 2658 3126 335 1785
1801 1913 1025 4346 2257 3869 2017 4210 3175 4384 4416 3545 129 1418 640 871 816 1244 1359 367 2444 1864 852 4739 1685 3049 3181 279 386 4230 17 2592 2221 2566 1305 2049 3790 2054 1840 3964 160 3415 3312 3199 3289 2469 3686 633 3664 423 2714 3369 3950 4086 89 4285 858 52 2714 4655 1601 1465 1306 2845 2545 3388 3166 3690 1211 4280 2746 4012 1940 4374 3440 4183 2853 1111 1265 645 1999 1872 4183 4730 1846 4013 2187 1673 4246 288 2701 1645 852 1880 873 14 470 787 4401 4453 258 4852 1408 3090 1238 1759 2670 4639 3989 2343 761 3117 3674 4743 2360 4511 3005 1751 3056 1494 3046 3637 924 561 806 4808 4291 1011 3577 730 352 3073 3728 739 4558 2618 408 4762 265 2282 4105 2778 3230 3142 2890 4664 2284 400 3598 2532 564 1411 3874 517 4316 1612 3717 632 1808 3901 426 1010 212 1670 2138 1053 556 2462 3510 2784 2771 397 3242 2991 343 3090 2018 2920 235 4633 1195 2856 849 3896 1691 2220 1135 1875 1111 2436 964 2443 4408 2105 4294 38 666 4754 4546 2478
575 2375 665 4383 1869 3413 2826 27 4868 122 3400 4273 80 519 510 3175 4331 1040 827 2993 3715 393 1512 3805 3049 1444 2018 4413 4474 2104 1283 4074 3683 3230 2398 1629 958 4954 2381 1045 115 3364 3486 2017 4291 937 3490 1256 3869 3162 3692 1691 101 3980 3970 1583 168 1556 1573 853 4181 4920 1034 644 4086 3904 4390 2731 1249 4369 3113 322 121 1485 3434 2632 4422 1298 2833 4170 1765 4125 3235 514 3260 3050 368 4053 4265 4124 1743 4789 836 854 721 4819 1102 3146 4151 2578 4932 180 3641 4362 4447 4614 2241 3555 4799 3501 3297 17 3847 899 2315 4806 4196 2979 2978 767 4952 4549 1923 4308 3833 2904 4658 3951 4006 2376 3030 3244 1620 1188 1235 4752 2559 1653 1518 777 431 101 3844 4988 4977 2263 3620 2775 4955 2674 4234 1378 2902 2370 611 3237 3727 2012 946 430 916 399 1734 2455 962 157 2112 2937 2982 1475 3108 2382 4016 486 4262 2483 2515 4638 3069 2324 1219 4944 3438 4512 3171 4788 4885 2986 1888 555 3016 4064 908 2838 2057 3095 1891 2319 4677 4490
3883 4186 1375 2592 1729 398 1903 2573 3251 1978 2705 3666 3728 1827 84 2654 3575 1633 4504 4465 3333 3492 3383 3744 3181 2018 2871 3495 1762 1288 4362 1445 3209 2488 591 4837 4828 3064 1970 1619 164 4737 4949 2674 3326 1791 643 4619 4473 3459 3038 2922 3470 3882 2405 3813 697 907 1985 2279 2294 1164 2898 3058 542 344 2801 4113 495 3712 3228 2798 4740 2292 1806 4201 863 1775 3946 2152 4600 3159 2390 1407 2284 1329 1931 3045 3284 1226 4265 4959 1021 942 271 1643 3525 1607 1881 2314 4014 4047 1025 1971 796 628 4502 4961 536 2093 2536 2121 1347 35 1601 4748 1003 885 1139 2353 146 3846 3686 3511 851 3329 12 1663 3944 3909 2916 1579 3713 895 4677 245 1205 345 4870 123 671 3014 137 1472 2493 543 2190 3698 4407 3299 645 4423 2838 4435 770 3143 4458 155 202 432 696 3165 1023 1349 1449 4286 2292 2157 4618 1176 3717 2673 1694 4271 4118 4767 3001 3539 4502 366 4259 3669 3257 1825 2504 3595 2148 4011 3343 4984 84 2600 3390 3944 2741 3072 707 2718 1811 3750
4545 617 697 854 4338 4834 3400 2938 1261 2032 3300 1797 3312 483 4919 1000 3006 4257 1299 3506 3543 450 4177 3269 279 4413 3495 4588 3773 157 3031 3527 642 1164 4314 4148 1633 1603 4233 349 887 3977 2055 2193 1719 4846 2546 3417 2603 3218 1507 259 2643 3421 1430 2751 3705 4789 4424 3845 1313 1137 1724 2561 872 2761 73 4246 289 4785 2438 1023 2561 4641 4368 1169 4276 2586 1725 4674 3808 4865 1646 3383 4881 3380 1298 4596 2361 2484 4654 3600 3737 4141 2372 1523 2058 4105 4275 1657 560 4547 4637 4208 3281 1878 4723 2557 2670 4670 4867 1965 1010 946 3000 2890 3853 3432 4792 4638 514 1106 3162 1579 1087 190 210 4176 47 4069 2896 3438 2798 4472 4548 4212 2606 2735 479 1908 4901 641 4522 3092 4926 3943 3282 494 3803 3976 1525 1297 3335 2026 1095 3649 3332 620 1743 36 1947 3137 2326 2867 3382 4957 1659 1606 2135 2035 1996 1017 1031 4303 4829 4420 15 385 1991 4320 1058 982 3325 4219 4045 2169 1383 2965 3450 101 2339 3860 4525 381 944 3519 1085 4080 2681 2536
1837 2284 2523 2625 3654 3548 2427 2884 1473 2673 4635 1400 3605 645 1648 2901 2614 2878 3377 1835 2079 4482 4275 3369 386 4474 1762 3773 4366 3145 4548 3892 1019 4490 3691 4442 3092 1078 2329 4936 340 4151 3954 10 785 1321 4500 780 317 3372 4587 4006 1852 2187 4151 2053 1118 363 516 2552 1741 3989 1633 869 4770 3536 1058 542 1648 2948 3651 3997 2459 2157 3110 2852 4243 3933 1342 4759 1852 3031 1874 3540 2555 1533 3462 967 3434 767 3247 2100 4278 463 3865 644 3652 3321 1438 3789 448 4894 2135 508 608 2426 772 3981 3801 2489 1252 894 4396 755 4575 3506 1975 3290 2276 306 373 580 3037 2168 818 135 4508 4900 4382 4348 3403 535 2258 1960 3621 1629 255 2636 177 433 216 1408 4674 4662 2711 415 23 4367 2478 1106 3410 1666 4222 2028 3736 4522 499 528 361 639 1775 1834 2709 18 81 36 1027 4724 2280 4882 4601 2784 661 3405 2725 933 2380 4110 1793 505 1846 4829 3812 1317 3413 4673 844 4792 520 853 3397 2200 2725 3945 1349 1417 2547 4488 1741 2749
2167 1701 2757 227 405 4191 1788 3660 2378 941 1793 3127 195 4620 356 4653 410 1650 3328 920 34 1309 1324 1779 4230 2104 1288 157 3145 241 1929 4258 2192 1491 2289 3843 2204 4117 4634 2345 3160 2811 4154 1223 417 1292 4181 4436 4114 1151 3676 2710 400 4558 4117 3420 4027 1748 3492 1086 1674 494 2539 628 3075 975 476 2089 3807 2868 2121 718 3687 3441 3353 1122 1756 2395 4952 2811 2771 3979 1885 2725 3030 1578 808 2181 3824 575 3359 4095 2952 1528 4863 1795 2174 977 1558 4903 1577 969 3034 688 2274 4019 1832 41 1507 2395 1430 462 4151 299 2899 4739 2524 563 2560 2843 3452 2055 2934 3106 2118 2129 4152 1871 1928 2541 1008 4958 3169 2901 336 1606 2986 627 200 3513 1764 440 3956 937 4678 4404 1663 3551 3452 4422 399 4151 1712 1578 2478 879 96 3262 548 4400 3876 4368 1918 586 3337 2234 3986 4963 3878 4666 4445 1133 1388 4978 2983 1270 4765 876 309 264 2308 391 3747 1714 1402 2646 2673 2618 4069 2151 3565 194 2571 3251 2323 3800 2287 1068 3581 4314
2150 953 4599 1008 3083 917 100 1275 1355 872 478 3974 640 4044 3183 1257 541 3770 3321 2830 164 600 4901 1511 17 1283 4362 3031 4548 1929 1239 3873 2462 4666 436 1349 645 836 176 4716 4706 4713 4876 475 4654 3939 1391 1466 2102 824 1749 2479 4914 950 4458 4517 1191 314 4029 984 4566 4095 4001 4292 2553 2234 1329 353 3267 33 1993 4442 1604 2138 2770 586 3154 2949 1857 2223 3908 4160 1381 3970 4037 3128 858 2224 4880 3609 3107 680 3115 2795 2911 1944 4070 3726 2347 3889 2826 3759 3718 4330 2654 4986 1610 564 560 4304 4546 1752 184 3032 4832 3725 111 2487 4317 1246 2557 1861 2385 3855 4263 2385 1948 4725 4485 473 4218 138 756 3072 1034 519 175 2556 103 1798 1490 1258 608 3699 4044 4587 114 566 4447 1435 2589 3063 2742 130 4705 352 1089 3310 1885 4565 4356 1657 3701 3785 4404 2934 4250 889 2511 1818 3699 1962 759 3472 262 4459 4932 1363 977 4559 1298 1368 400 1993 2929 3495 3003 1445 1910 3548 4510 1999 1896 1384 162 3245 1144 4797 2605 751
1304 4483 1181 4090 4426 4341 2995 1636 4845 4491 181 4831 4542 1022 4843 245 2340 1842 464 4087 3278 3332 4120 1261 2592 4074 1445 3527 3892 4258 3873 1032 3180 3251 1015 1011 646 2280 914 2460 471 4598 4886 4535 4562 915 1087 699 4495 1873 4453 3382 1622 3170 3021 2528 2025 4934 4362 2809 3582 2042 2222 2021 4944 4602 2805 1331 64 219 968 700 1239 976 753 3920 3754 707 460 3290 4109 4112 519 2937 3330 2000 4839 4200 4363 3455 3556 3091 4645 3232 465 1178 2163 4989 1277 34 990 988 2470 325 3304 3333 4600 200 1958 1744 2098 1836 2674 4448 4622 2869 1889 2099 2089 439 1701 531 4454 2689 3522 3243 3992 1414 570 3913 1658 581 2030 60 60 287 2205 3368 4681 643 893 4787 3098 3572 1517 2520 272 2065 1257 1046 4976 2347 3395 2053 3421 1582 4017 3945 2737 1101 2186 4805 573 1967 4194 1723 679 3398 1569 4301 2436 3828 1580 3473 2258 4028 786 4823 1846 2379 1192 4293 3448 1248 2328 1202 367 4445 4704 2897 857 4902 2341 3540 1612 3672 1099 2956 3855 1955
4670 550 1379 4279 1551 3551 1561 3367 4813 1440 1673 4282 1875 3470 3786 2225 1940 4369 1858 1662 3600 3331 1130 4048 2221 3683 3209 642 1019 2192 2462 3180 321 1296 405 3269 149 2827 2901 2564 3213 4152 3855 591 4101 3785 1782 3790 222 115 1620 153 468 1775 1992 2614 3176 1743 2743 1393 248 2787 2298 3530 3912 4788 2546 4797 2191 3933 3540 3194 3911 4805 4761 3778 324 1904 2404 4531 1939 681 34 4066 4186 196 408 1188 155 4766 4535 3913 1490 2790 4396 1149 4360 4833 3875 409 2564 1770 3013 1243 2273 767 2977 376 427 4657 3466 3453 3185 430 1339 4362 3866 3283 905 950 1369 2336 4446 35 175 2741 279 4618 2031 3220 4873 279 2552 1258 1186 4922 3642 1120 4445 4098 4731 217 768 1347 3932 3075 4595 1366 3227 2887 291 2253 745 4295 1020 4988 567 3111 541 388 221 4263 465 2275 4979 1673 2246 654 1199 3008 999 4450 933 82 4085 2002 3204 2797 1639 1923 4889 624 905 3671 2580 1355 3185 842 4297 4902 3325 3245 1777 2847 2113 976 2078 1102 3884 2459
4573 1543 4837 964 2731 4641 4903 662 885 797 3114 2800 2660 373 4473 1875 4208 364 3284 1155 4280 1443 3746 4250 2566 3230 2488 1164 4490 1491 4666 3251 1296 2461 3068 4983 2836 1087 1335 2225 4668 3428 2208 3771 1776 4528 4788 3165 520 590 2257 1939 2908 4586 2482 124 290 2029 4640 1594 876 4538 4752 4756 4645 178 3113 4789 1687 892 3927 4014 4884 4327 4295 414 1238 1823 199 2985 417 4739 4054 1232 2461 2397 634 4274 3176 2182 3580 318 3968 279 868 4182 4435 3341 2527 2677 3567 2771 4585 3432 621 3662 2328 1909 2819 3342 4409 4872 2447 1238 1347 922 1649 3400 2114 3353 3105 479 4209 2200 2506 1619 349 4808 997 85 2581 4234 2554 884 2278 920 2505 2022 4302 3118 2495 4992 2797 2052 1594 4357 2602 2783 1998 3180 4975 1515 3110 777 1388 4881 41 4675 2364 1278 1257 4849 177 764 4555 1604 233 2937 152 3195 4334 1430 2999 3058 2609 1606 1112 2996 143 311 2420 4576 2764 3911 3492 2282 3429 131 2046 3181 4891 4427 1608 4282 1636 1793 4011 3103 3801 3618
2304 2465 2017 4267 947 997 4243 140 3766 1437 4109 418 1871 4328 3082 3480 2851 825 2779 3185 2950 3262 4894 1733 1305 2398 591 4314 3691 2289 436 1015 405 3068 473 2595 4556 4465 2387 268 2080 2609 4280 2825 3973 4218 1643 3022 1999 350 2171 1177 2842 1485 4989 3720 4382 2837 1288 2458 254 1210 3643 2063 502 1572 4266 470 2150 4053 1982 4158 702 3182 3368 1624 3520 2972 4530 2107 3443 1487 3183 152 4460 541 3840 3734 163 4545 4834 2754 1000 4341 599 4689 3815 3131 2675 331 4958 346 3865 4364 4269 241 1041 1894 2011 3355 4100 4750 3817 3788 3198 4589 1379 3692 3806 1853 354 451 1329 3189 2109 598 2823 797 2383 1112 2133 4418 2349 2962 559 4097 1743 139 4002 474 1855 3305 2957 1373 1817 2183 3786 1122 4150 3435 3106 147 973 2154 3138 740 859 3810 4798 4919 3437 2238 4917 1604 4903 1828 1953 3206 2412 3489 4300 40 2921 2926 159 3018 2511 4661 4821 2846 2127 889 1633 4298 881 1612 3480 4643 924 4018 1661 3467 1578 968 326 1869 3308 49 3127 2525
4765 1133 2224 63 2661 468 1117 4641 1271 788 2044 2852 1790 278 421 1592 1715 745 4967 3140 63 3613 4266 442 2049 1629 4837 4148 4442 3843 1349 1011 3269 4983 2595 3721 2519 3935 4455 2737 822 660 2480 3290 2048 320 1061 1397 323 1202 441 4024 3682 1699 2988 2917 3040 3421 3399 2636 2652 4021 3881 4257 2661 3682 3665 3310 4907 947 4286 4491 4272 862 3714 2412 422 820 250 4806 1460 4881 2801 3211 2609 3621 279 4128 1161 525 2897 3999 4474 2686 888 1297 534 2118 1409 3573 4834 3954 3112 98 3659 155 3771 3958 2752 4741 2157 993 3659 1949 1384 1186 3614 1885 4043 2026 1091 4798 4802 3553 3574 1368 1100 1972 1468 4397 1005 508 4275 2141 3787 237 4560 550 4560 2153 1830 2596 2892 498 2053 2918 1910 3350 4393 1618 4734 1920 3114 792 2157 4064 2075 994 4816 3679 3265 1060 4023 104 4542 2401 3758 668 3263 3555 1490 3250 1973 3666 128 3297 1831 3834 328 4386 3731 3687 3299 2858 160 1896 4434 2842 3887 2781 4558 2160 3202 413 3933 4537 2693 1502 1478 867
553 1114 908 1731 4609 248 1261 831 409 4695 3481 736 3522 1494 484 67 1821 1999 695 4546 2290 1538 76 2827 3790 958 4828 1633 3092 2204 645 646 149 2836 4556 2519 1973 4948 2971 1907 987 4176 4328 1729 1310 2299 1832 4252 1611 1563 2902 3123 2464 4879 887 2320 156 1387 1071 1985 4625 2456 967 797 2758 2604 3961 1337 1623 367 2945 4482 4596 3383 3713 65 4336 3424 1404 2145 170 3978 2895 1676 1713 993 2023 4303 1969 1532 3213 3021 2409 1045 1851 4433 1367 3976 1784 4705 2080 979 613 4783 2117 1078 2817 4744 2401 2173 365 1239 227 3165 2690 1998 1890 2195 793 1884 2768 734 2634 1289 3342 2667 2315 4024 1658 2072 3280 2574 1743 1432 3600 288 294 1822 1488 3028 4287 991 475 918 28 348 202 4076 3464 4906 2071 54 3694 3877 3803 4168 4625 1064 4296 284 4740 601 709 4497 3587 4536 655 2343 3742 3406 241 1301 1973 1077 2896 3036 3066 4874 699 4987 609 1384 3700 4509 2837 3346 4812 4858 3708 3208 2864 2599 3489 3358 2481 2825 2186 4290 3648 3491
215 576 3112 941 4076 2964 1296 3938 556 737 4210 4306 4396 4857 2267 1772 1579 3563 883 4090 4284 3746 844 2355 2054 4954 3064 1603 1078 4117 836 2280 2827 1087 4465 3935 4948 4407 3749 2338 2647 4221 775 4760 3126 2589 47 3016 1909 4886 4154 2585 139 1618 2302 1706 1068 1040 2245 4322 4346 2693 2144 3188 3735 616 3637 2596 3792 1683 4307 11 2935 4544 4896 1772 1958 4849 897 2676 688 3736 1722 4126 2456 2853 4547 1823 4446 4517 3681 4214 2578 581 3443 1350 2894 4670 1014 2576 4320 1749 523 3472 3274 1119 1936 2874 1368 3500 3669 2040 1296 185 754 473 2716 799 583 3365 70 2193 4497 3488 2924 3830 4750 689 320 4509 2248 1741 444 912 4468 4361 3437 1480 4896 4079 1323 3274 4361 966 2831 2867 4585 2903 4732 913 2854 4547 1636 2922 3697 50 2004 3750 4895 2087 2267 1126 3069 949 4028 2920 112 3760 4706 4357 1273 2382 3020 4769 4635 41 3228 3970 4532 207 861 207 3913 1067 4156 338 1126 2045 2524 2333 1522 3169 4275 3166 2687 4075 3037 819 2839 2664
3298 4612 4048 2760 1594 2460 305 710 1199 1291 1514 196 3590 1630 1635 90 3586 256 753 1515 4179 3625 4917 2409 1840 2381 1970 4233 2329 4634 176 914 2901 1335 2387 4455 2971 3749 3760 1962 896 1081 3764 1628 1690 4530 3955 2028 425 2697 288 734 475 971 2781 1934 3964 4608 2965 2198 1405 3702 2223 3106 1655 3764 3331 4064 1361 3013 1206 3375 895 2108 3492 3456 4197 3690 1887 1079 2380 1778 4905 1937 4589 831 932 1850 1777 3925 2682 2139 4498 1589 797 4221 687 2219 4905 2922 2540 894 2340 4793 3223 1347 545 4970 4165 2307 1034 273 4291 2483 4942 4926 3948 2990 3909 470 3518 1124 3460 796 1204 1368 2828 1510 3336 1140 2763 1640 4513 699 4041 807 4899 4732 2503 4132 2582 1660 3347 565 399 402 3314 4725 665 845 1752 2995 3782 2602 3408 1374 4026 4991 1871 3127 953 2456 3895 1523 95 4012 1105 952 3503 4611 3390 2268 2256 3421 1391 2540 878 3471 1250 1981 570 4925 4860 546 1386 457 106 2009 3275 1794 2927 3567 2726 581 1996 420 1289 4361 2431 911
764 1671 80 153 680 3269 4815 2688 3129 3886 348 597 261 4815 1555 3250 3271 1290 1406 4392 4058 2693 3379 2742 3964 1045 1619 349 4936 2345 4716 2460 2564 2225 268 2737 1907 2338 1962 2910 3746 3183 2516 1279 3928 778 2933 3459 3929 2997 1437 2848 3969 3356 4640 564 3379 4495 4181 434 4043 1538 41 2152 4412 3930 2213 2270 2058 3886 4090 693 2931 3322 4463 4427 1000 1578 2963 4684 3815 4676 1361 2184 2952 664 3829 2563 4072 1918 4153 3802 1753 512 2451 1374 1508 3699 1807 4794 3442 506 24 679 191 434 2826 599 855 4551 4869 3796 695 4676 1865 2424 2064 3793 3301 4207 2779 4135 1138 1200 3264 2806 929 2025 2694 4668 4541 682 3075 2170 2125 207 2135 2615 1535 1882 2820 3421 1668 3619 2643 4887 3814 1961 4824 283 2315 3759 4753 4638 395 1450 2718 38 4894 163 681 1041 549 1818 4071 1254 2992 3082 4475 4399 4051 3426 3479 1299 359 278 4058 4186 2078 3692 1631 2844 3694 212 4928 102 46 4862 2604 942 4783 2761 2457 17 3833 4522 3870 684 2698 4139
