N: 200
M: 20
Symmetric: true
Triangle: false
17 51 129 189 137 197 172 196 175 186 27 170 163 121 193 134 55 167
10 65 71 96 75 87 116 67 89 164 185
8 85 140 143 79 58 30 191 180
15 59 117 92 198 68 102 11 22 86 34 95 70 41 8 122
9 74 150 82 98 135 56 181 15 174
11 1 35 10 54 42 28 188 118 38 45 162
9 190 161 156 91 2 43 195 60 44
9 18 50 78 105 6 84 29 107 127
8 111 76 157 165 154 106 159 169
7 112 53 77 97 160 114 110
11 152 7 176 171 9 133 119 149 88 146 46
14 166 108 40 19 104 80 199 109 73 83 62 4 69 100
13 132 90 39 125 64 194 131 130 52 14 93 32 182
7 145 141 5 142 178 21 17
9 113 148 47 123 136 126 168 20 31
9 63 99 57 115 36 120 151 128 66
7 13 101 124 25 23 49 12
7 72 173 16 147 94 138 37
12 158 192 184 179 200 153 48 24 139 183 26 81
8 187 61 103 3 33 155 177 144
1029 402 3290 1686 601 3832 4291 4625 2702 3100 1566 211 460 668 4102 3809 3334 2123 3335 2508 428 3670 1416 2307 1554 190 1930 2087 4090 624 3738 4193 716 1721 2631 3461 3786 1318 1241 4435 4474 651 494 4112 901 4389 2054 2517 312 120 2852 2330 3658 2488 4650 4224 677 3040 819 81 2504 4216 4960 4332 3760 2988 1634 1899 787 2228 1698 4156 2180 2383 4678 4529 3914 2049 2300 604 4944 3508 1540 1556 4423 4597 4684 2651 3167 601 3533 3014 2527 3084 2820 3711 699 1385 2210 4948 1957 763 4634 3608 4217 4024 3325 4374 4910 804 1733 3960 452 79 2697 3972 4720 116 2930 4811 994 4452 2202 2982 4625 4782 2856 2930 3130 1582 3573 3632 1069 3633 1300 4765 2731 2688 1213 2362 749 4188 2411 160 1137 4187 3979 4120 1788 3704 4346 3699 4474 3398 342 3824 120 668 957 4188 3619 3269 2468 4519 3179 63 1571 4397 1231 2130 735 276 419 1401 2894 1178 4675 4590 3925 2421 726 1481 1257 2877 3123 2981 4889 4478 770 1699 2529 3928 459 1795 1381 2741 2646 433 4407 4981
402 4940 4160 1626 3426 1536 2712 2845 4256 4761 3507 83 336 2993 1100 3793 1977 2276 1367 4728 512 1901 2596 3004 1868 1178 3576 3801 537 1799 4743 4905 4461 2357 3490 1358 4145 3853 1291 2265 901 1578 1082 2696 662 4843 1386 2633 2250 3170 3842 2171 2942 2762 2359 4374 3054 1102 1128 3133 1142 1240 1445 1598 4638 3925 963 2933 3128 2138 2192 3744 163 4069 778 2248 3376 1562 3481 1630 450 2594 898 669 1226 4179 2262 2074 2097 4649 87 346 577 1918 4260 1054 976 2331 4129 352 2408 621 4366 3866 2497 3895 4732 1401 3658 1705 4018 2434 3998 4340 1435 2009 2718 1791 424 2980 2553 2318 13 509 2229 4167 766 870 3548 2465 3954 3401 4454 2217 274 255 2005 3800 1312 4879 2856 3081 2249 1994 2733 4573 3258 3051 3220 3338 3034 1177 738 2052 174 1954 4001 2923 243 2833 4096 4434 2844 3089 3715 4240 2853 4474 2888 3935 1891 2934 2560 2224 3618 4010 4590 918 4219 2092 2955 1314 4523 4206 3196 4004 2648 764 4368 4041 4873 4601 2046 3771 3314 3526 1128 2505 4029 2450
3290 4160 4187 1923 1991 1906 46 3607 3451 3241 772 3040 3021 4493 718 1006 325 788 3957 4996 4278 3714 2885 2642 4064 2107 2172 4896 3946 1227 3622 3316 4658 1400 398 860 1307 3892 4793 418 2609 1830 2180 4460 3104 3353 3043 4487 4662 1366 2144 1395 4802 1305 4309 1979 2758 4563 157 4871 1446 24 4002 2944 1580 1380 1854 4275 1702 2860 1967 3519 4613 4632 3568 366 1810 4903 3885 3892 1341 494 3651 2100 1231 4783 266 4413 2695 1811 110 2936 3420 2153 2965 723 4395 2746 4856 2210 1411 3458 2954 412 1384 89 3622 3761 2484 831 4354 3822 3992 4075 372 3626 2553 4093 4817 3801 3586 865 2927 2164 1099 2247 2115 4598 1614 3388 4353 2206 531 4649 1275 759 3229 2625 2559 3669 2595 1200 1055 1639 4242 3041 260 1729 2582 3066 1652 264 3910 206 2599 3401 2804 2495 2480 826 1350 2029 4616 3090 2988 654 3407 742 3356 2516 3641 3588 1406 4228 1030 3494 2281 3376 1532 4767 4383 2984 483 4905 323 1314 4010 2701 1815 3625 318 905 2206 1711 1024 4319 1597 2106 3160 4564
1686 1626 1923 1801 1674 946 1636 2712 4562 4441 3786 1435 402 1188 3668 708 474 1327 1558 1334 2833 3459 76 1710 2257 2343 1845 4097 198 16 1856 2700 1466 784 1562 3046 783 1043 237 193 4272 2757 2733 2133 3829 4722 3545 2901 4453 4872 1855 3683 4209 3013 958 1369 1173 1048 735 4392 3188 1754 3787 905 650 1175 2005 4888 3174 2163 1940 859 1894 4408 559 116 818 4823 133 2135 184 4040 4881 1303 3735 4980 815 1712 2474 3003 1584 1180 3824 4981 2533 2373 107 863 126 3409 377 2849 3054 3606 1379 3683 2198 1460 3178 622 1003 2676 1559 4338 2153 2997 885 1304 3906 1336 1896 134 4608 1141 3594 3490 4883 2166 1437 3471 3771 4701 196 1697 441 4304 2622 1704 1197 1662 2610 3829 2044 4919 106 4628 1907 3269 835 27 3912 3021 1981 4960 4740 2074 717 1660 1144 895 1945 1040 1500 1351 3379 3156 4766 2013 986 525 4444 3473 4612 380 4210 2351 961 2260 21 2027 1521 104 777 1147 1730 1334 1901 1799 1502 1976 3046 3408 3316 1986 4644 4957 1955 2919 2481 4349
601 3426 1991 1674 3753 620 1320 4520 1988 2232 2073 974 3548 158 224 3921 426 1316 4104 2159 2206 497 4579 3602 38 4076 3498 2967 4801 91 4302 4697 1940 698 487 2401 214 909 3546 2888 755 562 1785 4745 217 4357 487 307 4812 1928 3838 684 4282 3648 436 4489 3638 808 561 3952 4504 1612 3534 250 51 4105 3114 285 2058 2704 2062 2283 4105 486 3461 2985 1799 1770 2108 4291 1576 3935 3380 4103 4302 590 4097 2725 472 3966 2035 4645 4516 2124 3514 1902 2422 3812 4123 3843 3375 3340 157 4420 437 2276 454 3359 3504 3520 1398 4322 3686 1804 1121 1243 4292 3154 2882 980 2852 2947 2011 4818 95 1037 3907 903 3665 3255 1586 1031 4890 2323 1399 945 3816 4196 4343 464 2237 2135 4549 4554 1213 4705 912 4669 848 1333 2675 1941 4797 2133 1883 2790 1821 1917 4943 3791 506 4563 761 3998 286 3443 1060 1915 1798 4342 2487 1913 1625 4854 1643 394 4643 3484 4752 1655 1058 3745 1770 843 4706 4203 1498 3062 2806 4594 4218 1572 163 129 1798 4491 4868 2222 2117 1667
3832 1536 1906 946 620 3727 1185 1914 2535 1515 2515 1435 2170 1692 1762 676 2127 4584 3308 3797 2471 2426 185 3969 4929 2291 2888 1342 3816 41 1768 3561 4160 2934 3192 3579 3126 1495 2855 468 4962 2223 4873 56 3024 2145 3462 276 4090 2823 1280 506 2216 1002 1922 130 1462 3430 1340 1929 4293 1889 3658 3884 3857 911 4589 2877 973 81 189 190 798 3370 2344 1479 4300 4704 1766 1376 2359 1548 110 4660 2329 2373 3317 288 247 882 2855 1798 3612 2416 3961 631 2312 2099 1956 3076 2556 4535 1201 51 3520 1966 1768 928 3006 2153 1533 2629 4739 430 2186 4169 4755 1734 4222 4440 1935 4831 617 4518 459 2027 4832 947 4266 2753 2353 255 720 4916 874 4135 3105 3962 3071 526 4103 3929 2699 1798 3419 2922 4681 2462 4702 928 441 4246 1787 2085 223 4850 3193 4010 4541 2456 837 1726 4465 2863 4708 1797 2393 3169 1408 3606 335 2353 1777 1194 1410 938 1292 1864 4765 1952 2548 1686 1776 2690 62 2585 3704 3583 1552 4128 3244 1848 4659 3873 1867 2707 545 4049 2981 2568
4291 2712 46 1636 1320 1185 2630 1501 2615 1865 2415 3202 286 1969 4893 1764 352 2055 3325 4889 2448 2613 443 1160 3807 1005 3425 1509 1053 3812 4136 3551 4062 3763 2058 190 3988 4100 4987 125 2418 1877 4915 2659 1842 2454 4874 1110 3934 854 2984 2638 2284 31 4804 2525 791 2520 896 4888 4132 3645 4744 3051 1009 4940 757 4104 3809 24 2443 657 442 1244 2521 2440 2169 3496 262 2424 4258 4384 532 4536 4644 4029 2354 2781 1411 2818 2684 166 4427 2850 2240 3399 385 2378 2851 1438 3940 207 1385 4782 1605 3974 2108 4264 1534 4114 2918 1142 48 4103 3775 1736 4384 2282 2753 2912 4586 2357 517 4109 4098 3217 2750 1882 1535 4975 786 4184 2347 2322 2451 2413 2428 145 2799 3155 2975 2539 2782 3376 4378 2686 1928 2437 4559 3221 4540 211 2718 836 2767 510 1409 73 789 2033 2573 2851 961 1931 1676 4886 3156 891 4474 3420 2483 927 579 3753 14 4734 4577 212 3502 3365 2029 2549 526 1254 4834 127 3626 2316 2044 2249 194 1216 4983 850 4710 861 1331 1492 3472 695
4625 2845 3607 2712 4520 1914 1501 78 2380 2757 919 2222 4788 4243 934 4294 204 1521 931 189 1358 2942 4894 258 107 1796 1688 2620 72 3999 4833 1392 642 4947 3328 4004 2336 1822 1073 3650 2751 1210 3680 4981 4715 1779 2389 4751 2320 2357 1281 4400 1685 3845 3827 4625 1891 2401 1137 1873 1597 4960 2801 3318 2679 2571 4062 3489 577 2999 2903 4318 3081 1756 1128 2759 3425 1213 4339 1930 1187 2811 1045 3510 3768 2568 1291 830 732 1866 1439 3011 3024 4065 2096 2238 3426 3747 429 4878 2454 2937 4390 2383 4426 2619 1803 2152 900 971 4518 394 3660 1991 3806 3458 3197 2676 3137 4035 3465 3185 2136 382 557 3645 4508 4931 3787 799 708 1085 2150 1158 2178 4837 3326 1733 3090 1618 2004 3208 934 1699 3989 2019 386 3899 3243 2048 508 3627 4357 3382 382 752 3177 591 589 1460 4537 4416 3910 2929 1941 2334 3079 2064 1054 739 1828 3186 4268 3058 1633 1745 4633 4897 2718 2173 3185 1059 4915 1356 3160 3298 3031 4427 1510 559 3550 183 833 2404 4064 4840 121 2868 2608 4043
2702 4256 3451 4562 1988 2535 2615 2380 2516 2234 3930 2583 4615 2445 1197 2827 3086 2102 3501 2439 1774 2458 1598 2935 3553 1253 842 4970 2820 511 3477 3436 1427 1979 3816 1374 1818 4649 78 1738 2615 4158 4012 3285 164 1423 483 695 4613 2781 379 3174 21 4302 978 1553 1813 388 2989 1074 1897 3439 1143 3128 1319 381 4060 1178 2687 3670 3590 1011 2138 4688 4439 4612 991 2319 4883 2959 3372 4699 1595 3221 2862 486 4043 2804 3737 4674 3999 86 1269 2330 748 578 989 3356 4949 1282 4920 1151 3620 4406 284 2722 985 960 173 2044 3712 4004 71 1897 2550 1331 4779 2320 3931 643 1228 2517 3133 3768 4943 1003 4708 153 184 4086 1875 699 2488 4818 1088 3612 4165 1868 2695 3089 2001 3875 1447 4272 3532 3477 4351 4650 3789 703 4845 2173 3102 868 1482 1505 3907 320 4209 2570 4320 449 3513 4587 4018 2180 4834 1040 3215 1692 2506 3365 215 3356 1828 1046 108 4128 2692 4231 3180 763 3746 2822 4593 3991 2816 1469 1089 2608 499 137 1029 3032 1439 3447 1354 2177 835 2550
3100 4761 3241 4441 2232 1515 1865 2757 2234 4601 4213 4716 750 4512 2336 2363 1563 4783 2175 1879 2357 200 4332 1297 3642 4018 1275 4379 224 4625 46 385 3497 4083 1377 3058 1388 1773 3511 1720 3833 3011 2755 3940 396 4070 3375 4971 260 1901 3230 800 170 2299 3779 1812 4062 3792 489 3514 2893 2858 2206 408 2113 4950 411 4520 3379 1129 2838 2707 4868 324 493 2478 4790 354 2336 1889 2872 4389 4978 3116 127 4222 1278 1658 3346 3218 4301 94 3814 3784 4593 4205 240 1606 2448 481 2347 251 3599 1074 1116 358 2051 2353 1658 2110 1261 3688 3798 4087 886 549 4873 674 2025 3314 3820 1818 431 2152 2718 2546 4994 4235 3440 679 2457 2508 847 3203 2821 354 1142 3625 886 4190 2163 4292 4563 776 278 1104 4045 2656 2492 240 4914 3091 1618 4280 4183 3179 2626 2747 2254 1003 3304 1644 743 853 2068 185 2512 2505 3044 806 3796 2490 4392 4597 3107 1589 2776 1377 4487 4944 644 861 2501 1696 2674 4180 2162 639 4602 1029 1478 2052 107 868 3338 2195 1892 1811 1001 4361
1566 3507 772 3786 2073 2515 2415 919 3930 4213 3784 3075 3056 4560 1493 4551 1343 2448 2729 859 2090 1170 3366 1611 3593 1724 1911 4335 535 3326 722 213 3972 2118 129 2869 991 3877 2846 4763 3923 2626 1777 2494 2203 4243 941 476 1616 594 1485 3911 3868 164 4275 4665 1109 4547 4318 4014 3126 15 3686 1612 3142 3031 4378 4484 100 2816 3495 135 4662 467 1953 2202 892 3628 3663 1867 4266 389 2488 4013 525 4266 469 825 275 1708 1944 3181 3329 81 2370 2231 1186 2941 4123 2340 903 873 488 2089 3850 705 2970 1572 2022 3051 3566 4322 2977 1246 3579 2661 1983 2546 1851 2852 2959 3349 378 759 4786 2731 1577 1537 4164 4328 3710 3868 4895 2992 3575 3546 1716 3611 2093 2629 1929 3910 78 3219 4505 1830 2900 812 255 2709 3697 2763 248 14 4480 2787 87 2421 1430 1501 1528 3675 3541 3999 4470 552 1365 57 1709 3047 4093 2828 4161 2655 81 627 539 3506 3269 260 783 1391 2810 2939 638 3903 374 148 3122 2638 3332 1562 4469 4027 749 4343 4831 2598 3488 2087
211 83 3040 1435 974 1435 3202 2222 2583 4716 3075 2301 763 3439 4078 2583 527 955 1787 4196 4517 3549 1091 2371 776 4329 2309 3937 1015 3457 1985 1154 4811 1190 520 4306 1282 2312 753 2151 1141 4252 3833 64 1087 2620 124 3133 2487 300 951 1901 212 2243 4094 3138 3821 2661 1990 4499 4735 2455 1697 4744 1698 2998 1123 612 2203 4621 4777 1557 1762 2692 3389 2956 3268 316 1645 1147 1177 4076 1561 299 2996 606 1914 3164 2630 3695 975 4944 4533 1192 2869 2611 2253 1135 208 593 4781 3640 2039 3269 1726 2528 52 4322 4345 535 3949 1699 3575 807 3735 1426 1017 2265 2402 3861 1907 4659 3890 3376 4455 4732 3200 2488 2033 2726 190 3374 2413 1201 2547 4556 2177 4536 1273 1311 890 726 3350 3096 1153 259 252 1160 2850 3468 4211 2897 2185 544 4322 4351 4557 918 992 1481 1224 3845 2434 2183 4584 707 2963 3759 3573 2154 3887 1432 602 4717 1767 3684 208 1489 4315 859 3647 585 1732 1275 4424 2729 3129 4161 4010 2506 2182 3439 626 2954 1143 975 750 3004 691 1199
460 336 3021 402 3548 2170 286 4788 4615 750 3056 763 2766 1206 1444 3333 4892 3401 634 2027 2423 4287 3764 368 3639 4504 2766 952 2594 666 4871 4720 1939 2028 4409 3243 1098 1839 2547 1488 192 4748 580 4350 2906 1958 4741 3091 2230 2788 4746 2993 3571 4542 933 2505 2320 644 513 4694 626 3398 3588 2505 666 3876 4499 1447 377 4912 1442 3968 3846 2216 3032 210 2468 4732 4580 3696 1735 2729 1115 1116 2358 1676 1802 2566 2780 2452 2827 3255 2457 3875 1675 234 508 2390 2642 373 3609 2324 3446 1270 3830 1824 4680 2132 3544 3282 165 624 2488 4671 2540 512 3934 1304 3482 4135 4831 2380 855 3443 366 4912 4873 2994 108 4243 3236 2880 3926 1209 1712 667 1327 3920 752 4871 852 3297 495 4336 3946 494 2247 1816 1811 2660 3053 2438 356 3019 1214 581 332 22 3987 4070 2350 3386 710 1748 4103 3940 2900 904 4499 3366 2721 4268 2969 4167 703 4372 3575 305 2268 1174 2968 3729 1437 1210 265 468 172 2624 2200 2599 2978 4176 4834 256 379 4475 2443 2699 898 3296
668 2993 4493 1188 158 1692 1969 4243 2445 4512 4560 3439 1206 4235 2358 2024 524 3067 3179 1981 4598 4551 4092 1855 4740 2553 799 2256 4884 4436 2153 1759 4039 871 3324 2200 2777 1216 2544 1260 1935 4585 4532 3086 3439 4652 118 3673 1630 2345 2944 4336 3147 4052 3570 436 3138 1891 4224 2710 2456 1867 4244 1758 1548 114 4755 3026 2518 130 2096 3002 1873 4205 2798 117 911 696 3046 2705 2829 3378 4412 4771 555 1206 4914 1723 3509 4182 3009 2390 2769 4741 4672 409 3622 1925 3292 2168 4361 2158 2800 198 3753 2399 4403 3250 10 1013 4076 4238 1477 2715 3677 3846 3153 883 796 1031 558 2218 2099 3253 3120 2667 3616 1505 1876 3869 1450 3359 379 3542 859 2525 1780 2443 3854 3041 4192 2538 171 4191 721 3679 3320 3219 2255 4593 2380 203 3355 1338 456 1133 125 3233 1030 1817 1833 1603 3222 2083 2638 1104 1295 2758 215 1409 4686 1788 3760 546 3910 1235 606 4996 4431 1200 3195 1923 283 3934 1891 1506 3128 1866 4683 3565 1237 4546 4204 1450 2020 4761 2720 1656 290 2650
4102 1100 718 3668 224 1762 4893 934 1197 2336 1493 4078 1444 2358 4155 4656 576 2101 883 4573 2435 855 2165 1610 3261 3598 721 901 573 1849 929 4912 2812 1575 2477 1821 2713 1901 1518 2122 2399 2046 2635 4426 282 4384 2429 3152 4313 2936 1323 2355 2355 3300 1982 2631 793 3561 1271 2358 948 3744 341 364 2020 1235 4670 3669 1270 1617 409 4061 654 4570 4253 3503 4739 2449 674 515 4427 4555 2939 1196 305 2804 1071 2715 4937 3767 2651 4763 3243 3908 2494 627 700 2460 3637 4189 2632 976 4406 2767 4140 230 1423 4830 3608 374 3874 1044 2493 1988 3545 3445 3684 409 128 942 615 2808 3730 2863 1838 2606 3355 2060 1971 1349 1370 2485 4998 1226 597 1907 3795 2863 670 168 2870 608 2876 3552 328 212 4679 958 3455 681 334 3425 4976 21 2980 1043 2662 363 395 4950 2767 2918 1466 1272 2149 1617 898 3388 3842 1048 3247 4533 975 1425 471 3645 3139 3448 2924 1933 3880 1526 3191 3637 516 2994 4906 3112 3740 889 4381 2757 1033 4847 3147 1946 3431 1912 500 4673
3809 3793 1006 708 3921 676 1764 4294 2827 2363 4551 2583 3333 2024 4656 4083 1243 1401 2188 1375 536 1325 533 1714 3109 1937 298 1875 1827 2634 4246 4620 47 2287 1903 4245 4980 2029 332 475 1609 2651 3806 378 266 4397 2405 2913 3916 1905 4391 4769 521 1838 2200 1732 210 3376 2746 3543 1631 3696 3501 3701 3081 273 2269 4401 2832 3194 1858 1402 3221 2657 4988 239 767 1550 3446 1812 4913 645 4677 1931 3892 1340 3812 4376 1193 3297 223 4866 2456 2774 4811 401 4998 2076 238 3495 1598 4149 1356 4291 4845 1786 3013 3245 4476 832 804 4688 1143 3693 1170 498 4403 2993 1357 527 3260 3722 2931 4455 737 3758 4268 2459 245 1155 576 319 108 4143 4213 1961 1870 3965 685 983 1337 4985 3980 4731 3628 3824 1758 3879 3386 3978 2313 826 3238 4073 246 4300 1719 3456 4160 4474 4692 4508 2080 3687 4479 1722 4876 569 4068 674 95 2393 358 3116 325 1361 1748 3844 3472 611 1036 86 1412 3218 1556 2197 1362 459 567 558 2034 4169 1425 500 3645 4474 826 1789 3803 4635
3334 1977 325 474 426 2127 352 204 3086 1563 1343 527 4892 524 576 1243 1431 3869 1889 1392 986 4440 3128 1593 2886 2504 4201 1392 4469 1767 64 4198 76 4420 1872 2105 377 3386 4624 2222 1830 1709 4424 4746 3436 4287 3734 4354 2596 3657 3264 2885 694 3972 171 2915 4951 1526 946 1825 2994 3995 2570 3616 1771 4394 4565 3432 4145 2632 4571 125 483 3795 2921 3120 4090 2411 31 1041 3188 832 2422 2250 1744 2674 4250 4558 2521 717 562 1974 4149 4683 1400 2724 1869 4860 947 4930 3890 3760 1696 2360 1301 1406 797 3813 2525 3939 1101 1464 3974 1655 4579 3772 4472 588 3754 3008 1627 740 1196 4908 4318 2565 1259 4584 3748 2498 4838 1949 3773 4906 331 861 3526 3046 4795 1870 350 1577 3660 104 84 4307 4330 4337 3559 3894 3966 3033 768 4871 4102 4523 3743 1066 2275 4659 2453 3380 1815 4602 2603 959 4192 4865 37 4623 446 4830 2621 3845 3792 640 3887 1359 3793 3308 430 1744 2004 4811 1330 4320 1576 1852 2635 185 2078 3698 742 274 2387 1737 2350 4212 3523 369
2123 2276 788 1327 1316 4584 2055 1521 2102 4783 2448 955 3401 3067 2101 1401 3869 1278 2695 1082 1622 3677 1485 2422 2592 186 3469 611 2468 815 4966 1537 3246 616 2921 1895 4266 4834 3750 2679 1750 4162 4236 1629 4957 3524 2360 374 3390 3424 3675 2413 4363 1581 4052 2298 663 1648 1860 4845 4299 4015 1331 3520 415 435 4278 469 340 3117 3609 24 554 4363 2183 2096 2935 4003 1829 3503 3989 1304 2549 1469 2546 4073 1399 1739 1156 1572 3820 1678 68 2884 2720 4244 663 2231 950 3512 2841 1512 899 3941 3247 3983 4284 1757 1403 2413 2951 1153 227 927 1141 3663 786 2209 1620 3158 1132 2549 4363 1265 280 708 72 3204 2615 383 3573 3419 2201 1976 226 1398 2167 2697 552 4819 911 3947 761 59 2110 2844 2167 3800 66 366 1390 3369 4477 485 4850 4058 4876 3871 2138 3030 3511 4083 4285 3819 2910 1705 2181 2237 4569 3213 1904 2236 4461 1918 4765 2390 295 3519 3237 2763 2523 4335 3448 2873 2917 4642 239 3631 417 4763 849 2039 909 1847 3821 1483 156 1437 1136 2422
3335 1367 3957 1558 4104 3308 3325 931 3501 2175 2729 1787 634 3179 883 2188 1889 2695 3635 2595 2901 4592 783 1408 1977 3193 4044 1819 3237 723 3385 3937 1303 4861 4607 496 2663 4592 1734 4366 1699 287 3153 600 3606 3482 3613 4017 4907 1774 2252 1425 3024 2821 3873 2557 2685 2495 1444 566 3511 1516 2798 3235 1737 869 3554 2229 4469 3730 1958 4730 2870 1766 1521 4467 597 2359 3068 1167 935 3670 1379 290 1256 420 2746 1377 1625 820 1239 54 4573 3491 1831 4076 215 4979 55 4827 1080 1662 3552 3474 4313 2571 2987 253 2683 3701 1237 228 335 4518 1817 1649 442 1384 4978 208 2613 4675 4771 1359 4578 2924 3355 3844 1203 1735 3835 4494 4605 2458 2508 4689 2258 4249 3621 3746 2754 800 3114 2103 2165 4042 1057 4219 3815 982 1024 45 3429 4668 3134 4715 4157 1002 3563 2900 1576 4793 1203 4593 2089 670 3481 1551 1180 3411 4652 3601 1127 3666 4802 3099 4886 3570 2694 3392 3028 4583 4593 2002 2128 4625 2885 2053 4118 2971 496 4985 3864 1061 485 290 2554 402 3441 58
2508 4728 4996 1334 2159 3797 4889 189 2439 1879 859 4196 2027 1981 4573 1375 1392 1082 2595 223 2696 3205 1409 3314 695 580 4874 4243 1515 4918 3599 2438 329 2918 1551 4017 602 2882 122 3784 606 67 1891 4198 4825 1512 887 1308 1883 742 935 1124 1175 910 432 2967 560 3787 2309 703 1267 4824 4759 2335 1587 37 779 1988 2573 3679 3697 4804 3823 4802 4867 1933 450 1251 4513 402 1554 4801 4646 3058 944 3327 2034 3576 4481 1157 1356 1665 63 4338 4797 2411 891 1575 1370 1871 2802 3651 3926 3680 4008 4405 2293 820 2123 1145 1925 3584 724 1238 4129 1497 4569 856 3439 2313 4981 3555 4454 737 625 4676 1562 4320 3739 3171 3902 4808 1522 791 2894 1030 946 2663 4305 2452 1252 3296 2884 2283 3979 1177 2550 2624 2344 1671 4897 2888 2522 4240 4402 825 78 1140 2440 2460 4535 3968 1115 4545 93 4048 1077 3004 4182 4919 4163 4333 940 1699 3924 4439 3552 1794 3472 109 2292 4937 3242 4859 4312 2797 3801 639 4923 3661 2215 2833 1243 4525 3797 941 1592 4247 1697 4472
428 512 4278 2833 2206 2471 2448 1358 1774 2357 2090 4517 2423 4598 2435 536 986 1622 2901 2696 601 4058 3780 584 2228 1079 4479 4083 1262 3328 2169 1343 1679 3399 1148 2382 2406 3393 3480 4118 4460 4953 4918 2873 3011 2827 2916 2072 3252 4620 2272 2799 200 4057 3311 3416 3286 749 1857 1932 1106 2664 1736 4080 263 4639 2200 3749 4678 1333 2059 3949 3424 3148 780 4533 4472 1460 2908 1767 4205 3034 3786 3867 2435 523 2077 3642 1018 406 4331 1913 4545 1703 110 3371 1748 1923 4297 4069 2639 694 508 4345 3798 29 978 1668 205 1264 1600 3383 3194 2003 2259 234 3017 287 994 521 3440 4641 889 3577 3251 2103 2440 995 3124 2797 4573 3696 166 1558 3129 2514 2771 457 1446 4406 3884 3392 3010 2372 2585 4384 2745 652 2878 2346 3845 3161 2841 3799 1808 1022 3357 4222 427 1969 197 1863 3880 3746 3167 1539 1004 1446 3682 4669 3407 2046 530 2536 4153 803 3037 3373 1025 1065 1834 313 435 1437 2176 2335 771 2627 1382 4691 3009 1513 3426 4014 1591 1262 3774 1034 2968 954
3670 1901 3714 3459 497 2426 2613 2942 2458 200 1170 3549 4287 4551 855 1325 4440 3677 4592 3205 4058 2136 761 1862 737 1943 2330 4671 448 3660 4024 3206 2472 4986 3837 2837 4103 2686 4385 420 796 4145 594 4355 4803 474 3432 3687 611 602 3494 3441 2783 295 2093 1669 622 3873 3546 4923 4205 4208 1393 1012 4318 4020 2169 4742 2914 3290 3553 3211 4309 995 3609 3491 186 140 3264 2995 88 3659 540 1873 2052 906 2958 2047 3506 4523 4519 4930 793 4712 51 2219 1618 1288 1745 913 1399 4681 4230 1623 1395 1482 1094 927 4061 4678 620 722 2339 3846 3760 670 1211 2043 3527 4846 2368 4870 4104 2710 3056 876 114 4473 1224 3968 3630 2995 3356 3958 2806 591 618 4707 3240 4274 2608 73 1740 4451 475 4984 3209 1826 4748 249 2469 3812 1800 422 2418 3109 2553 3489 3954 32 397 2669 1238 3292 3091 3339 2037 254 1608 74 4049 1120 478 42 2594 4494 1297 4734 3776 1542 2059 3532 2139 3668 4880 3278 3071 14 4326 1658 2084 1709 2561 1003 1585 1009 2982 3228 1458 2356
1416 2596 2885 76 4579 185 443 4894 1598 4332 3366 1091 3764 4092 2165 533 3128 1485 783 1409 3780 761 1579 2483 2450 623 622 898 2232 2706 1370 2185 3323 2495 1864 3678 1786 3893 4664 4041 4931 1701 2046 1820 989 3492 1026 3886 610 4400 1991 2491 3966 733 1014 4597 2730 19 3942 3083 4578 3875 353 4186 460 770 4427 4025 3862 4983 3484 4108 4362 1162 4460 476 2487 3283 3844 1482 1958 82 4926 4456 1126 393 1498 1690 2034 2699 3682 1529 2238 3619 4045 3122 2724 1142 1518 539 4811 2292 2329 2828 2212 4485 2419 2955 1485 1076 3919 3483 392 4335 341 4947 2579 3958 2142 693 3973 3690 737 1455 1235 4757 285 4962 4792 3594 2852 4207 4712 88 3075 3774 568 687 2542 3641 900 2046 2059 4284 331 4234 2045 1886 2200 1393 4216 4016 3058 1787 2241 4496 216 413 4595 1892 3510 4452 3650 4260 658 3045 3908 1427 2776 410 3767 4603 884 4383 4673 2323 1559 4770 3297 4416 1738 1604 1994 4102 654 2952 4603 780 2086 3877 4818 1318 2697 558 373 4200 3399 46 2364 2055
2307 3004 2642 1710 3602 3969 1160 258 2935 1297 1611 2371 368 1855 1610 1714 1593 2422 1408 3314 584 1862 2483 2325 3635 919 2984 3059 3908 2822 3995 4828 1138 4559 2198 4567 2064 71 2684 2779 1064 4228 2508 1660 1962 1372 1430 213 4051 935 4162 3492 4395 1556 429 3395 2433 2384 2722 3090 4250 290 4624 4157 542 3884 2554 455 2073 4158 3133 3753 2538 943 3718 4942 1853 2512 2671 4967 1573 2475 4250 2030 2685 4343 4781 4154 545 4755 2268 3562 1650 4817 1440 3535 977 1960 4985 1898 469 1442 1386 1320 2308 2478 3938 2785 2387 4695 141 3895 120 3665 3611 2383 4554 2291 3417 17 4947 4363 3046 2488 4767 2508 3832 1775 3142 3094 2343 4264 4079 4396 4785 1032 907 2430 2163 4727 1660 4895 755 3170 3205 4344 3346 4017 3770 143 3321 4922 2012 1007 1462 3044 4544 3062 4899 128 3219 462 996 1174 3843 1684 4225 1889 781 1909 2739 1460 2542 2748 2084 2908 3443 2914 1537 2540 794 971 3835 3443 3753 3196 456 3317 1798 1198 977 2459 3777 4921 3873 2450 2123 1507 2719 475
1554 1868 4064 2257 38 4929 3807 107 3553 3642 3593 776 3639 4740 3261 3109 2886 2592 1977 695 2228 737 2450 3635 4483 2268 2258 4555 875 230 3923 2266 2109 4741 452 4840 4263 3975 4623 812 3836 1636 3224 4551 1599 3393 922 2767 1237 3861 598 2064 1810 1142 2840 4614 3869 2356 2896 584 1143 823 2111 158 4091 934 1357 2843 4743 148 2637 1195 4907 48 915 1690 3118 4517 3002 449 1194 397 1385 377 2026 1207 905 2103 1973 1462 1934 4304 3895 3369 1629 1021 4146 3820 4450 1242 3183 2741 2664 1431 2750 4220 3512 4805 1951 1140 3788 215 3571 1738 3049 354 2607 2506 578 727 240 959 988 1112 733 1946 4323 4008 4250 4280 550 3512 4376 2379 4479 3987 2810 1474 2404 4511 4817 682 2918 3275 1953 2687 3676 3129 1228 220 3158 1527 312 3648 3874 2326 2090 1017 2149 4411 4924 2584 3931 3166 1421 4798 1741 3783 2047 2175 321 850 838 1076 4142 853 2771 3020 3081 4207 2753 1808 180 3489 780 659 1263 4337 4266 3868 726 571 3544 1815 4014 2631 3821 3555 1485 2055
190 1178 2107 2343 4076 2291 1005 1796 1253 4018 1724 4329 4504 2553 3598 1937 2504 186 3193 580 1079 1943 623 919 2268 3072 2650 1426 612 3267 2880 833 3175 2252 2697 3617 1680 17 4572 4466 3276 2529 1353 1150 1392 4922 4962 4848 4512 4166 4698 1481 3402 993 452 3636 1691 1022 1482 1801 1827 4835 4016 1663 1711 4815 3576 4200 2342 415 4964 2955 3020 2988 4130 2509 676 4025 4096 4345 4940 2634 3725 1816 1125 198 3036 668 3274 1410 4719 3482 4106 158 3145 2695 296 4503 1211 3846 4118 2182 4645 32 703 15 2261 2275 869 3120 1930 1130 1596 2328 1523 3241 2642 770 838 4569 4848 1638 272 2117 1968 1922 4235 4235 1254 2083 691 3142 374 3664 3546 1570 2728 4989 883 1751 4242 639 4227 2118 694 2792 2154 634 115 861 4478 654 1935 1889 251 1427 4762 2854 1175 3220 1133 2342 4552 1371 3248 4090 293 3088 2136 2015 4176 4723 2026 1106 2665 1860 2149 4782 3518 2774 2828 3908 2359 1961 1014 839 3848 1064 1708 2015 2887 4540 1435 1409 914 163 2082 4296 4562 2877
1930 3576 2172 1845 3498 2888 3425 1688 842 1275 1911 2309 2766 799 721 298 4201 3469 4044 4874 4479 2330 622 2984 2258 2650 4103 135 2357 3269 4585 4854 4333 4081 2808 2753 2338 736 811 4637 1504 3781 4680 642 834 1469 523 4431 827 2409 4502 4120 2109 2002 3495 4088 2299 4579 2371 1324 4016 1744 2201 4737 296 1756 1718 642 3325 2286 2695 1647 1339 4388 812 437 3990 4067 3984 3713 960 1159 560 1394 1961 3580 2659 191 2371 511 4598 3702 3142 4934 3744 2759 3206 1548 3282 1558 290 2275 3186 4509 4137 2541 2293 4457 42 2669 160 2340 3912 472 1507 2849 3450 798 2835 3434 3793 3658 4688 2786 3316 3344 941 461 3886 1337 611 951 4396 372 3354 3754 3689 4627 4465 2128 2670 4925 1912 4053 3080 4735 1422 547 4328 2437 1325 418 3808 1201 3422 4776 1338 2000 1365 2928 4702 4744 2683 3827 3885 81 1765 229 2588 300 1382 3319 1110 1654 493 4546 2686 995 3901 4547 2540 4932 2418 3511 1734 3163 3751 4804 2823 3867 936 4857 4872 1047 3605 3183 3432 1590 2253 4295
2087 3801 4896 4097 2967 1342 1509 2620 4970 4379 4335 3937 952 2256 901 1875 1392 611 1819 4243 4083 4671 898 3059 4555 1426 135 1246 1021 3282 4842 1084 1750 3986 850 1507 1481 251 1801 1674 4255 4821 1493 4828 2224 1907 3494 3158 727 4596 2343 3668 2249 2936 4836 3259 512 3290 58 1143 4662 430 2099 1813 1903 2943 552 794 3618 3784 932 381 864 3844 1344 3792 1793 1261 3438 1985 3334 398 4499 2323 3732 2156 387 468 4559 795 4438 1007 1232 329 380 4294 910 2468 1857 3765 2263 1441 1023 3364 976 1665 4140 2379 3684 2093 4732 4169 3084 524 2182 1137 1424 3230 308 1881 1072 1052 3672 4745 1785 1450 1700 2318 2824 3358 4570 413 1290 2481 174 1252 1548 1128 1546 2506 4386 3123 1524 4257 4895 4963 2354 691 836 2890 4485 3610 4851 773 4518 2014 4627 2442 3871 4086 1996 321 951 2115 1420 265 3197 350 249 1240 3745 3779 2520 1833 496 3178 4697 2329 2185 3688 924 1980 1273 4613 954 990 3939 1778 1986 2493 276 4215 4913 2888 2304 3849 1097 4573 3242 800
4090 537 3946 198 4801 3816 1053 72 2820 224 535 1015 2594 4884 573 1827 4469 2468 3237 1515 1262 448 2232 3908 875 612 2357 1021 2361 4968 4449 2428 2782 784 653 4859 967 3104 1817 1828 1058 4336 3736 1568 1118 2957 1089 2302 3023 3502 4016 4376 3566 4692 2893 4041 2606 4079 4412 2418 4375 1815 3361 4619 1092 3452 4221 2371 3736 4013 2833 4474 3622 2011 744 451 2519 2326 363 3895 2149 4034 237 2851 566 1793 1252 3938 1710 1366 1290 4581 470 3762 393 4859 3661 3441 4007 3294 4629 1852 2978 4760 2043 3691 891 912 1433 2525 1964 2150 4436 657 2287 1507 503 4101 3517 2663 4779 3474 29 2676 259 2717 2546 4158 824 2738 1816 285 124 4323 39 695 4460 656 270 4495 319 4113 4118 4649 4500 1128 3059 1148 2576 1009 4476 3215 1696 4969 1749 1102 2524 49 2222 1605 4106 3151 2820 1985 3535 473 1233 3802 3590 3161 1544 931 1649 3457 2202 1980 660 2935 4619 781 3255 4057 2751 4345 2107 2611 3080 226 3628 4092 3451 4789 2669 966 1726 168 2880 4861 1184 583
624 1799 1227 16 91 41 3812 3999 511 4625 3326 3457 666 4436 1849 2634 1767 815 723 4918 3328 3660 2706 2822 230 3267 3269 3282 4968 3966 3378 1376 2237 1677 4383 759 4060 196 1915 1885 4046 3925 2115 3600 636 4634 1946 2849 1157 1771 3546 3270 4855 4568 1958 905 4692 2211 2381 2697 2217 1485 4747 1291 3269 3593 2363 268 1922 4691 1504 4911 2458 2082 4203 1185 2107 453 4921 956 2618 3348 3188 2556 4527 531 988 2960 182 4248 3206 4703 4997 1583 3145 2505 3440 4923 4295 584 1792 1732 132 1657 4563 1452 4532 3389 4378 1192 2570 4497 2517 4108 50 3941 2434 3089 2708 3142 4191 1323 3394 4869 1295 221 2163 113 580 1173 3290 816 1594 3065 1082 4970 1155 2952 1362 4217 2463 2904 579 3837 2744 2758 3901 774 1641 4696 2391 3481 3258 85 3657 3552 1147 4942 668 1175 783 2649 4520 1668 3940 4208 1822 427 1187 2360 3561 915 545 1730 1942 3866 4605 291 4808 2622 3099 1897 2655 1016 3872 1147 2692 1883 3355 1214 4673 87 1520 3512 3366 3402 4908 807 4216 1749
3738 4743 3622 1856 4302 1768 4136 4833 3477 46 722 1985 4871 2153 929 4246 64 4966 3385 3599 2169 4024 1370 3995 3923 2880 4585 4842 4449 3378 1214 3526 3417 428 2725 744 2493 1661 3694 1890 3009 1485 2187 1560 4413 2188 3683 3861 3268 4721 301 2574 1073 2486 1641 2536 468 4567 1882 4470 4467 4770 1134 3453 4077 1277 3051 28 1608 4056 1718 1006 1295 1476 1225 4685 562 1061 3242 4947 1424 459 3345 2715 1170 4154 3688 4648 269 392 1617 303 4910 3641 2142 3614 759 458 4710 4483 2267 689 4687 3169 3858 2340 4121 4650 4622 1152 4811 2831 4114 4324 2794 131 1286 1417 2144 899 3960 752 4359 1864 1401 3000 4171 2052 3890 2367 340 4016 181 325 4874 2877 4182 1304 3508 2515 4368 269 609 1847 479 1081 2566 652 3008 1630 4964 2190 2849 2532 4561 387 2456 2318 611 4334 4726 314 3528 4292 3348 370 134 22 19 4942 2237 4106 3187 1699 766 1095 1018 1519 604 3343 2510 4234 4214 951 3104 2883 4284 2939 710 2816 2751 2968 3145 600 1982 1171 2087 56 2595 3189
4193 4905 3316 2700 4697 3561 3551 1392 3436 385 213 1154 4720 1759 4912 4620 4198 1537 3937 2438 1343 3206 2185 4828 2266 833 4854 1084 2428 1376 3526 3105 1326 2965 976 1903 4714 2847 3161 4840 3793 1458 2240 2908 2278 3013 2802 4526 1122 497 1028 3318 371 576 2914 2701 4345 3668 1692 2799 2495 2687 2469 368 4293 4935 2084 233 660 4029 1962 3562 4806 3941 3024 2278 4479 4784 4378 4058 2823 1680 63 3365 4952 4471 103 4257 1362 4087 934 2582 1372 4858 4809 3142 3618 4541 1685 2542 1278 4497 1670 692 4449 2082 2924 2197 3718 2807 1583 3456 1225 929 3025 2340 1467 1052 2965 1185 2918 75 4940 2212 2201 2578 3562 3029 785 2155 1118 1598 12 3026 1134 113 1545 445 1589 3306 3097 265 2295 525 870 316 1960 761 3410 2607 829 1167 2112 2559 4121 3773 772 552 3077 106 1754 1899 3347 3801 1465 1024 698 4012 784 4704 4370 204 2139 1828 3421 950 2475 3796 3005 4089 2904 1889 2575 4055 669 3193 2877 4112 1640 1390 769 220 2791 3216 1532 2922 617 1015 1085 2886
716 4461 4658 1466 1940 4160 4062 642 1427 3497 3972 4811 1939 4039 2812 47 76 3246 1303 329 1679 2472 3323 1138 2109 3175 4333 1750 2782 2237 3417 1326 3050 4356 1152 3560 50 947 3049 2136 3316 1912 298 4373 805 2869 3427 4039 1398 1211 2906 2588 3687 3093 3821 749 1894 2748 4655 637 4041 2510 4240 3419 4912 222 4840 2108 3745 874 1039 1711 3880 292 3547 2355 720 528 4734 2967 223 579 688 682 946 1883 3941 273 513 4405 3433 4380 4883 1412 4492 859 2874 4008 4098 2449 2581 4538 919 4644 1596 4451 3850 224 4732 1335 1589 3342 2249 944 4594 1927 3813 4967 1856 543 342 3806 4184 527 1878 3323 544 2543 1525 191 1399 3966 1417 3492 1102 4500 2904 4652 2756 3490 3278 2541 4337 2388 4842 2313 2955 1088 179 3399 4376 2296 213 1176 4928 2386 569 597 1279 222 2663 1780 1873 509 2081 961 1612 4468 2596 4978 1194 1353 93 487 254 3501 2788 4617 3140 1523 3210 1464 100 4493 1673 4198 4069 3066 4311 499 3845 3612 2218 428 1850 3541 1899 3671 3871 860
1721 2357 1400 784 698 2934 3763 4947 1979 4083 2118 1190 2028 871 1575 2287 4420 616 4861 2918 3399 4986 2495 4559 4741 2252 4081 3986 784 1677 428 2965 4356 2328 442 2740 1273 952 1950 4932 1450 250 899 2812 1121 2391 2029 1158 1256 3956 4268 4864 4608 4279 2195 4047 4503 864 1523 3607 2144 3878 2104 3943 2614 2605 2346 2983 4269 2455 2035 850 1319 366 3005 3918 2007 1903 1184 137 2623 2921 1495 1322 516 593 236 1169 1142 1273 2336 1130 2083 630 2853 292 4790 2365 616 1875 2751 1368 2188 1083 89 1235 3417 3317 4865 2416 4947 4945 544 1495 3452 3247 3646 3313 3039 2807 833 3212 4873 1159 879 3306 1820 219 486 4885 2926 109 407 3847 2181 4940 2111 3198 354 2299 625 4048 2489 1635 2707 2689 670 3362 1764 2132 1877 3985 4926 3958 3363 4049 4849 1133 2990 2554 4184 3527 1795 3707 4940 953 338 520 3959 1210 3155 1719 2703 720 2288 3773 4649 3277 1078 1996 431 1660 1475 1229 2266 1041 581 4738 912 3660 2557 671 4145 495 2709 2176 3709 3789 3446 400
2631 3490 398 1562 487 3192 2058 3328 3816 1377 129 520 4409 3324 2477 1903 1872 2921 4607 1551 1148 3837 1864 2198 452 2697 2808 850 653 4383 2725 976 1152 442 4749 4546 134 4992 4981 2827 3486 2021 4243 1195 2275 1324 3536 4603 3233 2574 1905 1047 265 609 3297 616 1915 1858 274 4385 24 4608 1349 885 869 1808 3835 2106 1834 4152 3528 4724 234 3853 4730 2233 537 573 4099 1190 3035 1923 2097 458 443 4113 982 1216 3765 3691 4132 1778 4948 390 1364 39 3604 3140 1102 3817 2640 3758 3684 241 4645 1763 314 617 1628 4526 4002 689 603 2269 2873 2370 2811 1741 1553 3892 3219 3885 1209 3949 1358 1610 4112 300 2795 359 2645 339 4354 515 3148 3448 4344 2206 1782 4661 2078 3243 2958 2724 1270 3805 2976 4944 1233 2884 617 4979 2583 4303 3896 3251 1037 761 3723 2244 3733 4118 610 1720 4101 2102 2002 2815 1530 2370 4734 4417 250 2758 407 1034 4812 4511 436 2740 4755 2447 751 687 4934 1053 514 2423 4878 80 918 4750 2592 1925 1301 1574 4592 690 2334 2542
3461 1358 860 3046 2401 3579 190 4004 1374 3058 2869 4306 3243 2200 1821 4245 2105 1895 496 4017 2382 2837 3678 4567 4840 3617 2753 1507 4859 759 744 1903 3560 2740 4546 1474 1193 4069 4482 2647 4587 3571 3747 2874 3669 4405 3730 4980 169 1374 3719 770 2694 790 1149 4417 3293 176 526 3234 94 188 3984 1233 1762 2640 3496 4504 2745 3064 2293 3106 1665 2817 1615 4944 4219 1085 3050 3629 2722 2657 69 3034 281 4151 3993 685 1736 557 134 1959 237 247 3722 2695 226 1168 1069 4534 3725 4726 812 3505 2533 4455 3865 296 2694 4268 2857 2868 2952 2807 1470 4291 3099 4992 1008 625 4811 4472 642 1979 369 1425 2494 1675 1820 3986 1209 3010 1630 4890 2554 4020 52 3978 4275 2325 4600 303 480 3339 1706 2786 3273 4369 1265 4234 3328 1183 4466 2234 4522 4723 3061 3967 2152 1362 2418 1167 2855 4658 1576 3409 3725 2668 350 4675 4888 4514 2178 2863 3361 1725 4941 49 817 2629 3124 190 215 460 4130 3433 3340 3119 3518 3956 2441 2943 3407 2410 1812 1395 42 1805 4076 2695
3786 4145 1307 783 214 3126 3988 2336 1818 1388 991 1282 1098 2777 2713 4980 377 4266 2663 602 2406 4103 1786 2064 4263 1680 2338 1481 967 4060 2493 4714 50 1273 134 1193 1110 4673 331 4853 3580 692 4876 3232 3281 3703 2599 3685 1164 2628 1593 2664 3966 3631 2657 529 2035 2407 595 3064 3411 3112 4266 4486 1189 4677 2116 262 4046 2931 511 2181 267 205 4502 869 3778 4630 610 1151 2384 3781 2527 2629 2921 3086 880 3522 3431 345 3741 2502 1063 2797 4073 1113 4155 480 664 681 3334 3228 1180 4293 1546 3018 2802 104 1396 4521 4072 4382 1761 4918 2000 3902 4694 3887 4851 470 1053 4739 1167 2670 2139 1698 2618 890 1147 4839 4648 1251 1421 2109 3475 3327 2583 1932 1670 1209 4648 4376 929 3736 3096 3146 2389 49 4585 1190 1168 109 2719 350 61 4160 1822 1227 3708 841 1514 2144 2402 3398 761 631 4752 2773 3321 440 3580 3078 3282 104 3546 442 2114 930 50 4719 2781 723 2773 618 2521 2025 3216 4215 4209 4118 3087 2971 2013 3447 1011 1610 4444 4734 4502 4521
1318 3853 3892 1043 909 1495 4100 1822 4649 1773 3877 2312 1839 1216 1901 2029 3386 4834 4592 2882 3393 2686 3893 71 3975 17 736 251 3104 196 1661 2847 947 952 4992 4069 4673 510 3347 3115 1293 3162 2342 189 2565 4581 4806 1298 2937 3044 3517 3668 2741 914 2769 43 781 1686 3779 3770 4048 1239 1990 3997 385 1765 2228 2966 1033 1697 2143 1934 475 1379 4883 3963 3416 1815 487 4998 2988 4393 398 1096 3354 3950 2433 811 1604 4425 4131 1164 459 4230 2080 4172 1013 2874 3967 3050 2691 4372 4262 4526 3877 4400 596 1147 3038 2261 1956 1504 685 4436 2730 4599 1821 1912 273 1988 535 3504 325 3494 1316 438 209 762 3397 3115 1488 1789 3250 2239 2407 673 1522 80 3926 2573 1802 686 242 1647 720 3098 4833 1415 4327 4219 1485 367 239 1113 2469 562 2596 1967 1025 1517 2287 3067 3769 265 1264 4204 3556 3470 4255 4168 25 2003 2345 4632 1007 2379 381 531 4649 4752 34 239 4571 772 3520 2470 3691 4651 1934 2373 4651 153 1985 3609 2389 2285 4343 4616 49 4928
1241 1291 4793 237 3546 2855 4987 1073 78 3511 2846 753 2547 2544 1518 332 4624 3750 1734 122 3480 4385 4664 2684 4623 4572 811 1801 1817 1915 3694 3161 3049 1950 4981 4482 331 3347 1175 2534 4875 2817 481 3327 346 3162 4713 3414 4311 701 4144 3727 4321 103 2575 1023 4331 4759 3193 675 1718 595 1157 3037 1320 2029 3062 4918 2912 4075 481 4952 2965 111 4706 635 4680 2108 3576 3979 602 3842 4837 1382 3811 897 2477 1955 322 278 294 4340 1819 1472 932 3913 2291 1826 4495 2132 116 323 2644 2807 3434 2222 4521 397 235 522 2472 1087 347 3141 1784 4382 3146 2482 1465 3608 2545 3184 1393 3314 1006 1965 1020 739 2607 560 1548 4671 4947 240 4799 2623 180 163 3779 1007 1192 3511 863 651 1768 2012 4641 2183 4214 2843 1377 3037 2051 1042 1212 3575 3237 4994 3501 4398 4137 144 2446 2423 3554 4243 4368 3178 3190 4380 277 925 1471 2035 2934 1131 494 4265 511 4257 1193 1341 2089 821 2869 3528 2990 1276 635 3786 902 4066 3963 911 2719 2690 843 3417 4644 2495
4435 2265 418 193 2888 468 125 3650 1738 1720 4763 2151 1488 1260 2122 475 2222 2679 4366 3784 4118 420 4041 2779 812 4466 4637 1674 1828 1885 1890 4840 2136 4932 2827 2647 4853 3115 2534 462 3436 2187 3534 2510 2462 3174 2018 2534 2791 4523 4287 3657 2929 2760 1968 1894 1236 4196 1731 3743 3103 654 1880 636 4401 4233 4818 2197 3375 4766 2108 2967 3097 4196 1766 4381 3207 1777 2886 754 1582 676 2604 2915 1648 305 58 3699 813 3848 3271 623 3394 2943 4860 3391 2407 4070 4581 2860 834 70 4535 2447 1984 4157 844 3360 31 87 3368 4582 1379 3508 3394 4313 424 72 3498 1917 3114 4494 359 1786 2303 443 2111 1046 797 3735 4892 3961 3750 1770 3079 48 2439 2230 4109 2558 4191 910 3859 342 621 4253 4231 2430 4873 3604 3000 3361 952 3863 4434 2596 1694 3316 4656 1257 86 3127 1060 4303 4946 2592 2380 4529 4551 961 580 2768 3400 1226 4583 2615 2538 2348 3168 4300 3279 576 183 3312 1752 3962 4858 2488 3259 1931 1607 1101 2131 1468 3815 2727 3669 3213 729 158
