N: 200
M: 70
Symmetric: true
Triangle: false
4 71 26 195 178
2 16 160
5 7 79 96 107 92
2 48 22
2 37 123
3 20 189 17
4 172 179 149 156
4 99 116 126 100
2 124 120
2 104 146
3 68 136 198
2 173 51
4 170 144 53 36
1 145
2 56 196
3 90 114 27
5 73 25 81 33 75
4 177 69 183 57
3 169 162 54
4 87 192 58 80
1 45
3 185 110 103
1 129
3 134 102 86
2 140 164
1 176
2 8 74
7 18 157 1 190 70 55 85
2 200 113
3 78 42 62
3 3 105 199
1 76
3 109 158 91
3 131 112 155
1 44
2 118 194
3 184 153 49
2 10 188
3 121 163 40
3 98 4 135
3 29 77 130
3 72 23 108
5 132 60 148 63 174
4 125 11 94 142
3 12 150 43
2 47 13
2 141 83
3 93 165 61
4 180 41 151 59
3 171 35 166
1 119
6 32 15 65 138 38 128
4 106 95 19 88
5 159 175 115 152 6
2 187 167
1 122
2 143 147
3 133 101 34
2 182 21
6 84 97 67 9 28 31
2 39 117
2 186 197
2 82 111
4 193 52 5 64
4 89 139 50 191
3 154 46 168
2 24 137
2 161 66
4 30 127 14 2
1 181
520 476 3911 1149 2045 2202 2463 3103 2007 4627 3209 1569 3002 4976 1221 443 1402 856 1970 1101 4791 948 3206 4659 3356 2967 4927 3412 476 4323 2878 661 2025 2390 369 4737 4325 2650 2419 968 281 1688 969 782 1359 3101 1273 819 4112 169 2668 4417 785 1572 315 1265 1504 1914 1458 406 163 1964 4785 684 2861 1833 1932 66 2591 3185 3660 4721 986 303 1437 1880 3505 4801 2478 2033 2757 2208 3153 235 4731 1197 4242 1031 2920 4457 1376 2999 2639 2694 2591 1917 1629 1744 2829 192 158 3928 772 4768 913 3893 1727 3543 1089 2555 2778 1200 3761 3652 2865 36 3207 3531 4123 4785 4970 2288 154 2917 4518 3151 2248 33 2928 3896 4317 4916 1670 1353 1903 447 3473 959 3825 1843 2624 288 99 365 1029 2550 3861 3079 4346 2999 4327 4138 4404 325 475 4761 999 4812 1232 1933 4284 1676 3054 2685 58 4112 2834 1283 1444 4295 4116 212 1349 1434 471 3424 46 633 331 414 2994 1606 2259 3014 3831 4281 3279 2503 4399 3468 3011 2744 4038 3212 989 4487 1043 1427 2968 1252
476 2724 1243 658 836 1288 1252 2209 3749 948 2725 4490 4395 2549 3521 4549 3851 3128 4915 3676 2161 4869 4971 559 4818 3403 2367 1776 1212 4455 3169 1621 2383 637 3782 2095 4723 2075 1266 801 4631 2276 2719 4803 3455 842 849 390 1892 1360 3227 394 4678 4796 1918 1770 3877 3785 4978 2167 1327 4913 2543 4145 2082 4159 3279 818 3249 866 4238 3872 2796 4608 4434 837 3532 2936 871 3313 2519 3373 895 2813 4410 874 1998 1011 1247 2406 4356 479 2000 4789 3193 2830 2428 3532 4631 4019 1410 1373 306 3633 838 2535 989 1947 2884 3753 3566 1841 1317 3362 4265 2655 2020 995 566 4821 2476 233 2365 1112 2860 2236 239 4032 1852 1649 4165 2308 1428 1436 2856 4499 2733 862 1391 1916 283 985 3048 1930 471 4185 3047 4133 31 4977 2970 4261 2947 4054 4668 4563 3391 1784 609 4558 2069 369 797 3575 3045 4236 2174 4979 3709 66 1551 2932 87 2763 2062 3847 1550 4800 1793 785 3215 1498 1511 949 2430 2967 2541 2403 789 241 3679 2024 931 3976 4708 2997 855 2108 3838 2529
3911 1243 2246 1217 993 3380 4088 1832 3997 3031 4010 33 3962 137 2866 3932 2817 3022 4044 734 3693 3853 147 4496 3740 596 2476 2271 2446 3890 151 4838 3334 1876 1504 4690 348 1702 217 2327 973 20 4169 2699 4288 422 4910 4773 2290 1792 4641 4407 4064 1306 593 2819 19 4555 955 2346 578 1127 4902 2010 4613 4399 3750 3562 4412 3407 1719 2728 462 326 830 83 1994 4184 4915 1215 908 3612 3513 4127 4078 4505 3766 2797 1485 4095 4850 3567 4350 2243 3911 659 2273 2483 4833 1533 3029 3831 3114 2193 4811 1365 1496 1009 3221 3617 452 142 3826 424 2061 694 3757 404 1887 857 2439 3928 560 2620 4209 4947 2457 4647 1303 1037 4923 1888 2000 3846 4040 2047 481 614 1844 2386 4489 1851 3529 4429 2459 3599 4214 712 840 3650 1810 1728 2401 1416 3202 219 1899 4769 4597 4427 2355 2285 307 4123 1216 1192 3063 1367 648 3447 3749 2625 2484 4386 2036 1918 2274 1564 3438 3077 4916 1562 2093 2832 2131 4552 3222 3473 877 4105 2265 55 990 792 4820 3266 1969 2116 64 3864
1149 658 1217 3001 1969 1507 1101 3868 2670 3908 3038 3697 4732 418 4936 3761 4917 363 2101 2669 2855 2509 2621 3342 4898 846 1680 4974 2021 3198 3219 2596 2733 2441 3456 4248 1685 3448 187 3119 769 2174 3470 2624 2119 1302 1371 4614 70 2405 1724 4206 3342 1129 4973 4531 2252 1647 755 1128 3393 4029 743 2644 3497 1620 4831 4703 1993 2629 1173 1118 2523 1199 1119 4568 3356 2221 4922 1744 1322 4772 2643 1082 896 2968 1749 1455 1438 2793 1012 3886 1443 4299 3547 3016 4182 1128 2802 4046 4220 2991 152 706 3977 3825 4868 2985 2121 1941 4443 3460 2856 2964 4165 4371 383 1087 1419 1899 315 602 1638 588 3119 3683 3196 1608 574 2523 3781 1536 2565 2909 3890 943 3543 3947 4736 3845 2421 4746 3020 3414 1259 166 275 4953 2275 2851 1582 2394 2361 245 838 1592 4098 3575 3017 3753 1970 556 701 67 1107 1804 4831 4989 3682 4484 2730 1021 2558 113 1423 2063 1222 554 263 539 456 4497 3840 1458 4971 11 2788 98 994 608 73 1962 4861 1723 1977 976 1166 1125 1580 107
2045 836 993 1969 300 2483 341 641 2371 2600 2260 2146 1758 594 1431 4684 3021 4127 660 417 2406 1457 734 2842 2476 133 911 4830 3174 4447 1146 1722 4496 3443 3323 904 3066 3154 1691 2378 3904 4367 3647 1338 764 4401 4936 685 1039 2841 3752 1523 1338 1302 3222 641 2977 1100 1042 922 1241 4554 711 3583 956 814 523 132 3339 3665 4137 4740 3835 4404 4624 1318 918 3511 686 34 427 2466 3985 968 4336 1836 3391 3659 2851 2148 1467 2751 3891 421 1013 1755 3326 624 4398 3652 2114 4518 2065 2821 17 2085 4395 3923 3990 2221 3530 1413 1293 2008 716 3967 1592 4113 1325 1468 1239 2060 3050 1279 4812 645 1504 4148 3525 3965 2910 4163 467 795 1570 2522 1230 4317 4579 4359 3649 3862 4096 3939 4641 690 2556 4601 4195 2702 2580 3348 3034 3888 4676 2244 3045 2070 4720 1806 3681 1383 3547 4576 967 4341 2549 4841 684 1572 3883 4152 182 1706 1913 713 1749 3326 752 3344 1827 2496 2753 568 4329 111 1772 1984 2181 1115 3839 2883 3613 457 2026 1791 3125 1163 2419 2141
2202 1288 3380 1507 2483 948 2678 3211 4377 1845 4074 2498 156 14 3490 69 564 4741 4762 755 2702 2466 1931 3940 2692 3303 3052 1572 3871 4502 1873 3139 3090 3376 3432 269 2825 1859 2922 593 2426 155 287 3654 1622 15 4821 4395 909 3078 1425 2580 3733 3638 2150 2673 2521 4473 2299 648 749 4451 4789 3134 1450 1554 4099 3543 2711 2579 4675 3529 1770 3290 1082 248 4073 3449 355 62 2647 2804 1962 38 4412 1525 3673 87 4802 2325 3260 2687 1201 1407 4023 1848 2128 3331 4898 1771 2272 3105 1443 4537 1272 2741 4467 1626 2049 2806 4405 2185 2776 2037 2039 4244 2544 3862 939 1037 1739 4909 3313 1903 3751 2783 1813 689 948 1197 125 4762 900 3628 3157 1236 4786 1463 3220 4819 1800 3455 1544 1614 573 3068 3811 836 2950 1685 3402 360 1790 4957 3982 510 2898 169 603 3842 4592 2858 234 513 222 1598 2416 220 4610 488 2284 1883 495 1817 103 1226 3211 3236 918 4694 973 3261 4745 1507 1086 4667 4840 164 475 2169 3201 3667 4095 669 449 4313 3000 4213 1637 4323
2463 1252 4088 1101 341 2678 3801 2164 1231 2714 854 2672 3106 2022 4416 2535 257 3758 2253 3807 2107 847 944 2453 196 3533 1829 3896 2521 4892 1285 2377 3533 1674 1758 4958 2925 2107 3521 2030 1075 4023 176 33 4139 3655 4867 4589 1086 3714 207 4053 2316 2415 2583 2680 2465 2488 1487 3100 2532 2987 1784 3239 3340 2091 3562 2417 4114 2802 798 592 1684 1805 4980 4707 4135 4074 1929 4723 1050 3020 1276 1411 175 4259 4135 3780 1610 2230 1902 420 516 1207 4490 325 2162 4122 37 1962 864 2075 552 281 523 3694 4071 2517 4293 535 3535 4838 2031 1889 1584 1217 4389 2837 3281 2185 1769 4334 2199 2086 4592 3643 4257 2230 1575 4672 1764 1281 3590 4066 2265 4202 1513 1418 4383 1661 1381 3919 1428 673 1335 777 1105 2631 2318 485 3381 1750 1554 4919 4029 2180 998 2350 4509 3154 2806 2670 4923 3829 1440 3995 795 3969 3875 2990 3873 3956 1263 1395 3145 2299 3654 2751 2024 3482 3650 1667 1240 2240 1793 2353 3929 3801 4566 3815 2334 2730 1692 2283 3487 4784 4429 3161 992 1046
3103 2209 1832 3868 641 3211 2164 550 2932 3782 241 4723 3545 3106 3841 2886 2335 191 639 3737 1571 3940 3187 3545 4691 2065 1441 3595 3463 870 4750 2004 3966 2341 336 1821 1430 3439 2803 2491 2900 1998 2663 1703 3359 837 3421 2133 3916 1273 2190 1084 4869 3828 3352 3280 760 1644 773 3847 3981 4770 2876 3138 2702 2513 4062 3461 2103 1891 2377 4556 3437 2175 2289 1118 242 1892 2626 1867 2059 697 2741 1806 1055 4995 2834 3723 128 2413 3221 3761 3435 2266 2757 2460 2405 668 2348 1175 831 2556 2254 2973 242 1860 19 2897 1809 4794 1627 1397 2675 3936 1612 1599 653 1052 4326 3398 961 1504 4735 2234 3213 54 1605 3341 2993 764 1102 4226 4257 4695 1677 2532 1958 509 397 4833 145 3181 3862 2327 2027 4264 4991 4355 4237 312 3527 4415 1978 1378 4177 3968 2731 2716 4586 188 3874 2615 2522 1488 3708 2267 4391 2937 505 3672 4808 3703 3831 3879 2848 1920 3111 4573 90 1215 2610 354 3117 111 3415 3637 3604 1316 2327 363 4232 441 3642 3145 4536 4538 1012 2970 818 2943
2007 3749 3997 2670 2371 4377 1231 2932 625 3321 2201 215 3359 1362 1170 1672 3154 4345 664 1363 702 2205 1233 681 2570 1480 4830 1474 3601 2449 4829 4633 1888 4323 4089 3713 2243 1025 757 4083 2621 3381 1362 940 3458 4823 3910 259 2778 595 476 2724 3570 1970 2359 1399 1562 1594 3125 3124 2472 1168 2067 4479 870 4230 946 57 2382 1193 3085 1336 3081 4864 2411 1493 2191 1713 1102 4996 3502 4508 3615 2383 4255 4117 3508 1642 4635 4905 685 3865 1086 176 2105 2326 504 1220 11 1991 778 3860 352 2900 3095 2941 3179 554 4336 2466 80 476 4288 4268 4247 3676 4542 2601 1501 3823 2406 4707 4365 2997 3760 1941 3784 4087 315 721 1162 2303 1797 2285 4407 3755 4039 3774 238 1554 1987 2928 2365 3914 2561 1262 1173 4129 4850 654 425 1037 1439 2542 3381 326 3381 4902 1629 529 1405 2700 3775 4770 3739 3694 570 3110 65 133 1882 3204 3036 1987 2870 1381 705 356 1398 3446 1618 132 4780 164 1293 2912 3038 890 3347 3998 252 2580 207 240 3729 2028 2065 3896 2336 3460
4627 948 3031 3908 2600 1845 2714 3782 3321 3781 1234 796 2392 3687 4534 1260 4013 290 2237 2178 1224 4372 3312 2102 3069 621 4491 3154 2038 19 1357 2514 1508 3271 588 4071 1212 1765 2431 1547 3696 443 3751 3112 2250 2030 1507 2457 4567 335 3670 4908 4787 1552 2088 1247 4018 4376 4713 3392 2035 3361 2942 2861 4030 3650 559 2996 4732 1185 4613 3298 461 4732 1630 686 3909 4039 644 98 1121 4250 3385 4650 1497 576 4649 2217 1299 1201 2901 4078 275 785 1845 4398 3254 3954 3588 4093 1072 2917 1801 2532 3959 1225 1416 3646 1925 2243 2772 3863 520 2299 1585 3874 188 3187 88 4086 4356 2659 171 580 4974 2538 1070 4841 297 2368 1145 1838 4057 2742 1953 3408 408 2991 3913 4131 1883 1995 3986 1537 994 3962 3024 4687 2232 2668 4013 2049 346 2241 2116 2160 4989 741 2720 4726 3438 4865 3544 3949 203 1166 2360 1937 1034 401 431 2483 2988 2781 4552 1088 2215 923 3931 3137 577 3497 3699 2274 929 3299 1767 1620 2142 4052 1534 985 299 4124 4668 3505 2818 3645 2910 3662
3209 2725 4010 3038 2260 4074 854 241 2201 1234 3408 726 1169 4385 903 965 1171 1958 1091 3118 1277 3569 228 1794 2380 1907 1615 1441 1505 1209 3372 4516 2622 355 3471 2531 2617 1019 950 2321 4467 3433 684 3102 2544 3812 3879 2556 4714 4781 4826 794 2164 437 2771 167 3913 2885 700 1668 565 336 4061 760 3433 4171 4283 450 4864 2322 134 4042 2902 4047 11 4370 4109 4852 1890 3282 3416 4831 2878 3616 1053 988 3616 4749 41 1492 3733 2398 3026 2518 13 4808 1655 767 4116 3050 4050 361 1218 4117 4550 1580 728 1675 1344 2108 773 4591 4270 2827 2108 1106 4577 4119 2806 2839 4570 4396 3827 477 538 1354 4994 1035 518 1404 1078 3440 3905 1904 2679 874 3790 2656 3798 1722 3778 4434 120 2160 3451 1811 1369 2477 78 1196 1663 2264 4599 393 1944 4475 176 1430 290 2882 3115 2725 4564 574 4497 4455 2385 1731 3843 2299 3878 3495 2445 3344 1088 2813 250 3289 3374 1061 436 4720 1713 1021 3242 688 3912 1782 187 2806 2884 4593 2202 4214 4074 3618 954 74 4949 2473
1569 4490 33 3697 2146 2498 2672 4723 215 796 726 924 1776 1367 4512 4257 33 1143 3282 1638 2213 899 1626 4318 1456 1800 2256 4221 4365 1481 526 3522 3909 1076 3702 1820 2857 1744 3212 3931 2596 2917 1553 4671 3107 3999 629 3326 1377 1413 3562 3871 4266 2939 43 4459 4619 1628 4940 1359 4096 4884 2995 3150 447 1499 1252 2869 4188 3445 1099 1420 4557 3761 812 3085 2947 3881 3557 1211 2375 2118 3733 3346 2516 2616 624 4966 1466 4573 3920 900 67 4414 3957 3780 2386 2925 2775 338 4339 1072 2818 707 820 3858 2166 4352 4812 1683 3410 2405 4377 1387 1388 1446 486 461 1071 1362 4399 4665 1996 1548 2660 2599 1334 4253 2299 4010 4965 3787 2290 1067 4297 507 4680 4415 1657 4803 4696 3182 2651 1999 3888 3825 2397 2535 2055 1401 238 206 579 2287 600 4274 2967 631 2218 2511 3276 4733 255 4700 4399 3525 2021 322 1363 667 3855 891 376 4521 1164 562 2387 1025 508 3845 3208 3696 243 3234 3270 1404 3158 491 1705 3284 368 77 159 2939 1298 244 616 690 611 4234
3002 4395 3962 4732 1758 156 3106 3545 3359 2392 1169 1776 4354 1851 1808 102 1239 419 4496 1024 4495 2621 1323 1785 442 2747 1780 1771 4782 1108 139 468 3192 3740 1644 1695 4247 3726 943 1948 1595 3429 4213 4374 1830 4618 2352 836 4114 4272 269 4304 4900 1912 565 1729 1799 4268 2038 2729 2020 401 834 32 3272 4595 901 4328 1612 2722 4454 1176 1147 3882 745 673 3581 2885 3218 3364 4714 4925 3476 1028 31 4022 4586 3043 1772 449 271 1416 3560 1148 3476 2049 1641 4933 917 1350 518 4515 1008 290 4321 2063 504 4895 2584 2007 2742 1739 3963 622 4900 1139 1593 2598 2607 1819 4060 4721 1714 2409 1257 1526 893 1935 2781 1488 1828 3108 3179 4703 2113 1506 2074 4030 484 101 3921 3933 2667 2010 4261 4995 2556 350 194 4808 3967 4596 2593 4877 3460 29 3905 1264 1279 1470 1527 2920 1998 3500 4039 1114 1897 4647 542 915 1169 4448 1014 1656 677 40 3774 1787 3973 3852 2539 2926 907 2805 964 4370 1956 752 2390 2002 2307 3053 2002 162 943 4410 2170 50 2358 1211
4976 2549 137 418 594 14 2022 3106 1362 3687 4385 1367 1851 909 4645 3786 4384 782 3389 4482 4527 4829 745 3563 1251 1983 2131 3792 885 623 111 2324 4171 3638 1444 2809 61 4124 2916 2178 3358 1370 936 1821 488 1209 1739 4171 1308 1887 4787 4902 4498 2551 4970 4187 613 220 1622 4297 552 1846 2996 2761 3673 4930 3700 1904 4633 1077 1182 2381 3031 3682 2667 958 777 1932 946 2721 3397 1578 3317 2401 4705 2657 389 3896 602 90 1277 334 233 4761 3515 1562 141 91 2291 187 1710 2584 2971 2398 3221 2432 3815 847 1173 3218 2467 1788 4739 4576 2004 3367 892 4647 3481 2482 573 2496 3988 2836 3665 1860 2384 4751 4013 2507 2097 1465 3052 2006 1196 1130 112 1815 4311 4141 4327 2463 2293 895 1048 3455 126 1315 2745 1533 2373 536 1400 3176 435 4567 4579 3805 4798 3486 1183 2209 3849 1716 1564 21 1235 1831 4175 527 177 4071 3611 136 4983 4893 742 1211 3121 2562 1687 219 1479 466 1597 2919 2558 4361 4491 1203 2132 4532 2279 2479 3524 2811 3437 1541 1265 4641
1221 3521 2866 4936 1431 3490 4416 3841 1170 4534 903 4512 1808 4645 2246 1110 3028 1075 3382 3121 2994 576 1755 4942 1603 4375 363 2590 4368 3563 4445 4625 4995 879 3077 262 3286 2461 190 3463 2685 2351 3223 3032 3393 4834 2099 1152 1234 2095 2680 1244 1434 1694 766 3691 3177 4745 3074 1137 2935 4224 1874 3913 4387 4825 239 4248 2259 2258 741 1723 2294 3717 205 1527 621 1522 2169 4599 2708 4146 767 3286 1933 3588 59 4355 3814 3381 4912 2048 903 4897 1480 4309 749 4599 3215 1741 555 2336 2269 4389 3549 1050 4391 1358 4601 2453 4946 2755 1538 1008 455 3840 66 2899 2596 3367 2970 1376 3339 626 1402 715 304 2135 2710 4354 12 128 1821 681 2497 1744 2509 2915 4715 2721 1998 315 1197 2847 1004 152 4561 3324 3500 4256 1051 1518 722 1581 2597 1780 103 3207 2673 1973 2931 584 4934 1661 2254 1248 1774 4327 623 3467 2148 2817 216 2909 1959 4650 1617 936 1093 4715 593 1044 2461 1205 3777 1793 1028 1585 1557 1139 2077 2142 4912 4647 3806 1636 1460 4581 1308 3344
443 4549 3932 3761 4684 69 2535 2886 1672 1260 965 4257 102 3786 1110 1907 4478 3526 3023 446 4156 4735 796 2364 2823 2539 1882 2333 716 1934 1617 2143 3718 2569 3505 4903 858 3108 3855 3747 3016 3920 3891 3821 3082 3434 563 1775 3581 4799 146 4203 3174 1026 3263 3435 514 2159 1721 2324 4431 4760 1656 1802 4392 4035 563 3420 3583 1873 3786 1651 2321 1942 2703 1525 1523 3591 4622 743 721 861 2067 4674 4801 3545 3612 3131 770 4095 1764 3920 2982 4879 2657 1880 2996 4195 4338 2433 4464 4334 112 4133 2961 3319 891 843 911 1258 749 4028 1146 4008 4245 1473 2810 2593 3449 2992 668 4357 2181 2273 760 2775 3296 4281 981 4532 3207 2970 3775 2348 4992 256 1712 1360 4010 3173 479 3606 499 4008 1028 1143 1308 4841 2808 1452 2289 1077 1010 863 2423 859 2162 790 1345 1036 4078 2438 4539 656 987 594 2590 2559 2837 4460 1810 127 596 3019 3813 1498 672 295 1710 781 2636 1976 849 1067 775 1855 2504 3833 1101 4730 851 2762 4787 3558 1972 1049 4728 3984 1859 4006
1402 3851 2817 4917 3021 564 257 2335 3154 4013 1171 33 1239 4384 3028 4478 1001 2270 3796 4690 2996 1815 4787 309 2039 2129 222 1575 1789 2822 3204 239 4251 105 500 4765 1453 1557 1054 2269 1140 881 826 4801 2192 4004 4307 979 4510 326 1770 3294 506 37 992 4298 1234 1844 3806 794 1424 2335 4964 3569 472 4960 2794 2176 4684 3221 2996 3823 3807 3888 3894 1968 3387 104 1011 552 4643 2033 781 1580 3460 3271 3275 879 2716 4094 186 4199 3030 1830 3551 3718 4509 4745 4019 4937 549 3609 1565 641 1095 4245 4834 338 3408 3226 490 2332 1033 1623 2149 4781 3783 4888 1966 3429 3860 2660 2159 1744 3381 3825 4518 3056 2782 3210 3724 3666 4914 2893 313 3065 358 729 1054 2739 836 1366 3877 4137 209 3165 3466 1395 2954 916 2682 2594 887 4698 4252 823 2178 1549 3241 666 4929 1519 4790 2370 4993 3537 4327 3652 1431 1998 4125 4642 3983 2879 1164 3537 4638 4503 4812 58 3146 4031 393 4698 1368 3214 3229 212 795 4889 4616 4070 1892 4814 2684 3613 4299 3351 2956 1869
856 3128 3022 363 4127 4741 3758 191 4345 290 1958 1143 419 782 1075 3526 2270 3753 2542 4613 374 1212 4908 499 900 3907 1126 3866 4340 634 2168 2123 157 4188 4578 4017 614 4724 2638 1532 551 2731 4173 4074 2752 2772 1849 1111 2408 330 1602 4960 2203 4300 573 737 1072 3090 3089 846 1782 4731 376 217 3147 4397 3377 1496 2368 1124 4335 165 2774 1585 2001 2543 3955 4297 3852 3378 129 3805 1646 563 4015 2246 368 3447 696 2792 888 1311 1532 3742 3861 580 824 2236 2928 1037 3112 2523 3246 4570 404 3514 1916 1846 2269 3799 2563 93 2050 1399 468 1271 3236 3403 1609 1305 3144 4498 1033 646 1019 2782 4474 3398 1820 3179 163 2790 1276 2392 4666 4137 4014 3781 1170 642 4317 4950 1912 3848 4329 745 911 2366 757 3781 2686 2710 1160 1355 2453 3488 1755 733 2993 4314 1506 1524 911 787 643 61 2582 1462 3003 1269 1100 1847 2876 996 98 3599 4390 1789 1657 2589 485 1040 3729 4011 4361 707 3020 4895 4084 2660 4243 4708 3940 4882 4529 1370 4864 2870 2462 1949
1970 4915 4044 2101 660 4762 2253 639 664 2237 1091 3282 4496 3389 3382 3023 3796 2542 2238 2456 548 2262 3047 3174 3407 3061 3139 4877 2742 4106 1098 1059 887 421 4804 108 4036 79 3277 658 4501 1918 4256 2364 4206 4267 4319 2933 2411 2970 1307 4506 146 1315 3128 4660 3202 1772 1025 4269 2323 240 1719 3244 2649 4781 3299 2671 3549 1765 1619 3700 4489 2757 1112 4208 3197 1831 940 2161 4328 954 4466 2319 196 3061 2902 2397 2316 2723 3532 2401 534 1090 1849 3318 4328 1546 4690 3013 4698 197 4189 294 3486 3227 3157 4980 1549 991 2738 1650 4377 3397 3308 1784 3152 2747 3870 696 2957 4065 2732 219 1212 348 824 1549 3460 2479 3124 1308 2119 4237 3911 2693 17 768 3468 2132 1597 999 4195 152 1122 4006 1453 2543 454 4605 704 1285 4808 25 1798 2500 3229 3030 2693 1296 3318 3991 4134 1252 4941 739 1554 765 682 4922 2332 2551 4910 2349 2376 4225 4682 577 1036 2473 3554 331 4577 3259 577 4869 3990 2340 3498 4228 1144 468 2455 12 1963 4222 513 158 2171 1724
1101 3676 734 2669 417 755 3807 3737 1363 2178 3118 1638 1024 4482 3121 446 4690 4613 2456 4008 3981 2550 674 4305 4050 1876 760 2835 3161 804 3777 4079 315 3425 1429 265 3686 2476 4115 4650 1493 526 1708 3400 516 1088 3548 2572 690 418 91 3339 387 879 4912 4765 2985 4825 762 4498 627 968 620 555 1668 4624 228 3983 2178 4971 634 110 2855 476 641 4226 4808 711 4145 4452 2004 300 1733 1258 971 2604 747 1061 2441 651 3865 2899 2511 947 1393 4975 2050 325 590 2753 519 4440 428 1442 2164 1090 1602 4208 281 1326 2742 4665 2704 2605 3784 4630 1311 3797 1240 2704 2824 320 46 1590 3133 3904 3596 591 4696 3268 4918 3051 66 2425 3858 3626 4868 3491 509 4713 4336 1666 3114 4297 3786 1083 481 175 4822 4238 2667 1645 1820 3190 2372 1089 4097 1064 1612 3381 706 1203 3536 2118 2932 466 4434 568 1817 4643 4642 3726 4000 2516 3114 653 4125 4463 2960 2596 1516 4682 2233 4929 3045 2946 4822 1768 2917 2514 3717 217 3082 4673 4593 708 3885 2548 651 1108
4791 2161 3693 2855 2406 2702 2107 1571 702 1224 1277 2213 4495 4527 2994 4156 2996 374 548 3981 2852 2904 3743 1501 4865 2288 4720 1984 627 3491 4752 2510 4780 852 483 1489 2913 4726 3146 1478 2532 3431 2792 3134 2307 3825 4132 1977 647 2847 75 3454 2523 1595 4623 2257 340 1818 4622 4218 4587 1675 1215 1044 1053 4323 2451 1930 2030 3524 2469 213 3220 4295 3711 575 1464 674 3031 3740 3347 4661 1623 4631 1710 2270 1658 1809 1476 3962 1697 3961 857 962 3802 784 436 4345 3565 4687 59 4116 3070 2475 1615 4779 2732 3417 4556 2210 1602 1827 508 3242 2574 3777 3312 3323 2043 503 2649 152 2308 2976 344 2883 174 4907 314 2664 460 1789 3247 2400 1764 2555 1116 331 1687 1264 3002 2466 4114 2657 4191 1643 2459 4487 512 1146 4498 1282 3733 1842 2807 755 1319 1631 2321 2909 3254 1015 1851 4228 201 930 1326 3451 3104 553 1363 2998 1643 326 3852 2295 1970 4912 4000 2038 2012 4386 4536 2363 3027 2305 2325 755 1852 4003 3868 3308 2540 1991 4835 228 1068 727 2117 701
948 4869 3853 2509 1457 2466 847 3940 2205 4372 3569 899 2621 4829 576 4735 1815 1212 2262 2550 2904 3633 1874 3993 808 3605 1912 3142 4533 2369 843 3733 170 2553 1558 1418 281 474 1817 101 1519 3581 1368 2742 1908 3105 3563 961 1830 3388 4052 1716 3378 336 3182 4152 2358 1245 4568 1687 1703 1631 810 4328 272 3408 2872 96 52 1769 3331 841 1782 306 1019 1183 690 3657 3267 1022 1844 4474 3942 4480 4555 4478 871 532 753 171 4169 4186 649 2270 4687 751 4635 4339 3082 3532 1080 3885 3465 486 3935 3238 3146 2771 4681 1537 1799 1537 4229 439 1461 20 4465 2010 3436 70 2805 2395 1033 1263 2519 2089 2329 542 2180 1865 3153 2186 1922 1587 3823 1281 1334 1408 3844 159 2409 635 220 3899 4219 2852 209 2546 3294 3260 515 4850 468 2821 3348 1094 1772 3782 4674 420 536 2328 908 3298 2811 3595 2247 138 1680 4240 1802 3596 3558 3006 1192 3128 3093 210 561 4111 4240 1367 605 398 4600 2852 2514 776 1318 1833 108 2079 227 2529 4177 2061 2113 3566 2419 3840
3206 4971 147 2621 734 1931 944 3187 1233 3312 228 1626 1323 745 1755 796 4787 4908 3047 674 3743 1874 3085 3726 1901 2558 403 538 377 2570 3960 4824 4846 1558 447 965 4620 1462 4826 2744 3150 1795 2660 350 1489 3798 4668 2315 3089 4613 2473 4948 2249 4924 3301 4981 675 307 883 2971 1744 4829 2949 3398 1666 2313 3031 2537 3028 3124 434 293 467 2648 759 408 1748 1128 4853 4274 1864 4815 4924 4280 2048 514 3860 2650 3961 3793 478 3783 4714 1535 3397 2839 1697 272 4866 1066 4057 3995 343 3077 2867 3890 3043 3725 2902 4188 3645 3202 666 4982 3053 886 71 3249 1944 1856 1487 2872 3033 4746 4694 3530 3849 720 825 1976 2119 2652 909 1425 1180 2641 2600 45 3345 2683 471 1293 3945 415 2841 727 3344 274 1622 1605 4796 1473 1051 4716 1345 2012 95 1968 3177 4180 329 1032 897 1815 4569 959 2265 773 4923 1176 164 4842 2841 2551 4840 4401 2249 936 4205 138 2141 4139 3598 2067 4130 955 1946 1516 4190 496 2231 4554 979 577 3297 1676 1701 1917 2111 4431
4659 559 4496 3342 2842 3940 2453 3545 681 2102 1794 4318 1785 3563 4942 2364 309 499 3174 4305 1501 3993 3726 2913 1986 2086 814 3345 2187 3346 4710 4116 1460 2510 66 3844 4283 759 2845 531 4636 4760 1659 1003 356 443 1976 3137 2082 2960 2852 4101 541 3232 3221 387 3023 4941 1131 4951 2786 1931 3747 3021 679 2640 4145 1266 2916 1318 4146 1239 391 3883 688 2968 3912 3933 3366 4776 99 3563 3659 2120 1977 870 2269 2233 853 310 2409 4488 363 1854 3989 4131 2472 3416 2004 488 2782 4419 3389 1638 2519 3336 4682 715 4071 2000 1144 63 228 2153 2827 3684 4963 3886 4088 4997 1360 2290 3842 2440 3579 3760 2057 844 1450 119 693 3030 860 3530 955 509 1730 990 3929 1266 2094 812 869 853 2250 1743 3980 564 4792 2931 4974 73 960 1486 3941 4829 849 3530 2165 855 4220 4448 4657 372 3159 4662 4327 795 915 4696 4519 1954 3116 2885 4046 3678 4362 2661 3679 1748 1954 1983 968 4270 3569 2235 3244 855 1763 2990 437 381 1901 4056 2685 30 3051 4302 617 841
3356 4818 3740 4898 2476 2692 196 4691 2570 3069 2380 1456 442 1251 1603 2823 2039 900 3407 4050 4865 808 1901 1986 1462 4132 447 242 2473 4337 4015 3622 336 431 4915 334 2818 1660 1611 1017 58 1961 1060 2600 4998 1810 3154 3223 2625 2890 2397 4625 3406 1203 1826 2271 621 3293 2483 24 3257 2322 4327 3250 1319 1152 1785 3071 2499 75 779 4165 4151 3309 3524 3526 3573 2630 3564 77 1185 3744 2001 1298 2690 234 4523 4807 4954 777 3889 2896 4231 1076 1539 4135 2825 3031 2608 3821 3218 2906 3104 633 3387 4192 4399 4427 2473 4749 745 2350 1632 4693 282 2101 4330 1417 3284 3755 386 2863 3246 852 2349 140 977 4059 4620 622 4605 3908 4628 2392 78 2475 1491 2952 1985 2790 2939 1533 1269 4641 3870 4308 2707 2824 4633 2414 1950 3957 937 3741 3782 1268 3024 3362 2082 1822 2314 292 4942 2495 2964 282 4757 2254 3063 4093 3685 3468 1763 2526 3171 2112 199 2097 1675 445 214 2000 4031 2459 4538 1328 3457 4901 3929 4495 1223 3124 1044 2162 1644 1339 4547 4302 3498 1846
2967 3403 596 846 133 3303 3533 2065 1480 621 1907 1800 2747 1983 4375 2539 2129 3907 3061 1876 2288 3605 2558 2086 4132 1306 2047 2088 4240 3488 142 4220 1297 2921 4978 2286 4492 3180 1716 3742 1696 1394 812 1392 1834 4785 2315 981 3839 3031 2826 1672 2037 926 1929 3505 3567 3097 4960 2093 866 3652 3363 4218 1562 1287 2326 3114 1475 2947 894 3326 2407 3117 3265 3701 2119 4203 1374 2369 1292 3014 629 224 2054 4274 3734 2399 2934 4623 4178 2046 365 1023 1186 2239 1141 1755 1826 509 2911 1472 3317 170 230 1502 4329 2577 4506 3356 2864 3583 553 4634 2557 752 1549 1080 3598 4730 4739 3611 2882 3924 583 636 1514 1765 3137 466 3718 2588 2862 1186 4135 3266 2287 4456 1026 657 1254 1568 1488 4566 114 1172 645 444 70 1510 4213 1007 1405 4174 347 1512 579 1227 3610 261 3173 3314 999 4596 3687 1249 2860 4652 4957 3096 585 3284 2859 315 2156 1194 813 4668 4481 4661 4517 2521 3464 362 44 3240 3850 3764 1087 324 3626 4589 2896 992 4950 3544 4154 3179 3251 3918
4927 2367 2476 1680 911 3052 1829 1441 4830 4491 1615 2256 1780 2131 363 1882 222 1126 3139 760 4720 1912 403 814 447 2047 4785 41 2720 2883 112 2086 4510 4747 4661 1628 4235 4971 1192 4410 1803 1764 1338 2144 1495 3173 4827 214 327 4895 727 444 826 4379 3444 1889 80 4955 3336 4599 3005 2250 3354 2531 152 1752 4471 178 1222 742 2653 889 4374 4693 2883 54 1792 1489 1730 1955 1486 2851 173 3819 4293 2591 4110 845 3595 2093 778 4875 3966 1770 3943 4169 4211 1285 1325 1067 850 991 1045 4333 2514 2250 803 558 3168 233 3595 690 826 1881 2600 3636 507 1349 1870 4483 3575 1976 3738 798 2586 1501 960 3861 84 1477 2081 3074 656 2359 4817 4456 1191 903 85 425 3799 1333 2860 4899 2202 3924 3725 4774 3275 767 4984 3175 743 736 675 4490 4251 2666 2940 465 3672 3293 3641 2153 1492 268 4498 3252 3091 2477 2403 2603 776 929 1845 2055 4813 2960 3609 1222 3258 4715 213 56 3329 3896 3779 1371 1188 1111 3420 1785 2645 3546 351 1894 1877 838 1391 2243
3412 1776 2271 4974 4830 1572 3896 3595 1474 3154 1441 4221 1771 3792 2590 2333 1575 3866 4877 2835 1984 3142 538 3345 242 2088 41 3128 1649 4482 4058 4883 2033 87 650 2927 4801 712 3723 848 2286 2655 4906 4325 3475 3392 3045 940 2056 2961 3292 1303 555 4448 1676 4409 276 3599 584 3284 1767 4092 296 4285 3837 4045 1288 4830 2106 3645 872 4403 2959 3923 695 3351 4677 4592 2738 44 934 2571 88 1260 1407 3833 3396 3108 3696 859 335 1529 2804 310 1781 320 3006 861 658 3283 4961 3881 1584 3493 3993 1445 1677 2484 2532 3331 3089 323 4590 2508 3213 753 151 4716 2077 4340 1220 528 3890 2680 2890 3002 3915 4218 1879 3806 4020 3865 504 3780 704 4615 1138 3558 3142 2882 2789 3651 4335 4851 4570 2019 2314 1897 3470 1055 3723 3609 927 4499 4618 275 358 4620 432 2901 2776 3254 987 3094 4374 4447 611 3167 1619 1810 904 4050 2813 1050 2249 302 1551 713 2598 1651 3651 828 1869 4916 1137 1301 3505 1945 494 70 4197 4656 4661 4912 4719 1256 1962 1126 3206 4408
476 1212 2446 2021 3174 3871 2521 3463 3601 2038 1505 4365 4782 885 4368 716 1789 4340 2742 3161 627 4533 377 2187 2473 4240 2720 1649 4630 617 4985 4776 1438 663 3420 3387 2071 4912 1669 1978 510 2032 1202 1280 1019 3142 1114 4800 2982 2315 2069 3977 186 3756 457 3444 2216 1625 885 4775 176 2708 4102 454 122 974 4681 257 4080 3692 1884 1903 1399 851 4549 1353 3552 1472 2909 2623 65 4798 148 754 3625 3809 2782 3257 4302 1435 4901 3123 415 1424 4001 97 3825 4739 637 3176 3089 779 3357 505 2038 680 4767 1516 1524 3978 3446 3768 3914 1265 674 3336 778 2936 3977 4917 3813 135 1791 4344 1654 2708 1622 3243 537 1492 3288 989 2297 858 4799 411 672 596 4256 273 4169 1567 3708 3761 398 4254 2130 3265 1062 2311 1447 1891 3174 2734 1270 804 1500 1457 3639 3325 2160 1719 3490 4194 2095 681 917 1475 3940 1989 628 2534 3161 4881 2223 1498 3178 744 2738 4628 302 4123 3787 4647 4799 1494 1031 346 3586 2851 1003 511 4241 3655 1683 1759 1431 227 2899 4182
4323 4455 3890 3198 4447 4502 4892 870 2449 19 1209 1481 1108 623 3563 1934 2822 634 4106 804 3491 2369 2570 3346 4337 3488 2883 4482 617 2904 2058 4148 1039 2246 3163 3796 1823 2351 1287 2891 2234 4590 4350 2240 2144 3607 198 4564 4486 1312 188 3352 1596 3589 3332 4952 204 4897 1368 2566 1999 163 2183 2219 3457 229 2856 1943 4626 1456 3930 3538 4746 36 3776 3186 293 1870 1034 1062 2273 2550 1907 2321 3076 3159 1972 1488 1080 2426 663 1939 2352 2157 3247 4659 1704 1274 4820 4847 2859 4250 1627 3862 795 907 1222 3674 3650 494 4472 3910 4247 2976 4209 405 551 3319 1970 1302 3885 1787 462 885 2938 1845 4322 2269 461 845 3645 1417 3416 2441 4075 1967 1033 2117 4146 2769 2272 1581 4862 4056 4377 3018 4682 1962 3942 65 2173 1171 974 4469 1847 4108 3917 4605 955 321 368 3573 4905 2868 2016 3332 1102 1502 2673 1085 2787 3343 2292 154 569 3787 3077 2545 2827 1455 4576 3589 3278 3712 1412 2536 820 4805 1234 158 3577 3345 599 2520 3087 4428 4026 2024 104 4515
2878 3169 151 3219 1146 1873 1285 4750 4829 1357 3372 526 139 111 4445 1617 3204 2168 1098 3777 4752 843 3960 4710 4015 142 112 4058 4985 2058 2906 3180 4689 1735 2214 4245 2008 3064 1316 2951 427 544 1399 3763 1630 4716 961 3888 600 2111 518 2507 4013 2903 1715 3822 2960 3413 1055 2650 1934 366 4984 3996 3605 3464 967 338 479 3333 1943 4474 3358 4760 2018 3551 1083 4413 3161 4425 2246 337 2287 1634 4538 2017 867 4222 304 4683 3473 4460 458 653 1459 4859 153 3872 4010 2157 443 2188 2386 4366 4265 3588 769 3011 4069 4533 1543 119 1327 974 3108 231 4653 3109 2766 2648 2689 4993 4454 561 905 2033 4984 4506 2104 3044 3936 4737 2550 4761 2923 710 2633 4788 4643 219 4084 1640 378 4151 4847 1601 1596 2895 2618 3805 2154 2046 3846 4813 2840 4970 3383 1167 3827 2919 4449 1025 3706 1954 4632 1512 4126 4983 1101 2948 1241 249 3901 2135 3565 1352 3544 3366 3592 4352 2896 1391 3233 3108 871 3168 1476 4389 4998 3755 4662 4543 775 4042 4213 3072 4118 3745 2884 2387
661 1621 4838 2596 1722 3139 2377 2004 4633 2514 4516 3522 468 2324 4625 2143 239 2123 1059 4079 2510 3733 4824 4116 3622 4220 2086 4883 4776 4148 3180 746 4965 3086 22 1648 2580 250 3236 2485 218 12 1118 245 755 3932 3764 3149 442 1791 1677 358 4208 4729 3864 1043 2832 2675 1754 1251 1406 1345 4924 3097 2510 3631 630 1569 3692 4925 1439 3658 3010 2913 4322 571 1280 4930 3227 718 324 3640 3216 3169 3978 3389 4721 4328 835 3390 1978 4129 2663 3601 100 4802 2117 824 4932 66 870 1852 4539 3898 4795 4032 259 3216 3169 4183 1479 2026 1321 807 1262 4336 4525 3501 957 2866 3289 2836 4134 3188 1371 2511 3931 3551 1645 600 2602 1344 3391 3763 419 2433 4051 1834 1083 98 2438 3523 4966 3036 2410 609 1839 650 4665 418 218 3943 3867 4435 1814 2458 3629 2639 4677 1018 4483 4063 2931 2788 779 1148 3334 4364 1692 3490 2934 3983 147 1178 1579 4403 630 1560 179 447 4486 4751 1295 3777 4840 1685 1554 2336 1928 2298 3140 2441 4920 2001 3928 111 953 1445 1044 2721
2025 2383 3334 2733 4496 3090 3533 3966 1888 1508 2622 3909 3192 4171 4995 3718 4251 157 887 315 4780 170 4846 1460 336 1297 4510 2033 1438 1039 4689 4965 1493 1901 3769 2903 416 2770 1474 4589 4018 4702 1228 4047 3556 4012 496 3158 4515 2135 393 2307 3360 333 811 3263 4730 1896 3720 4773 4577 4716 96 3801 1889 233 3278 4640 3711 565 4639 777 4996 3049 2703 2959 3456 4745 4697 3853 140 4360 3386 4133 4532 4133 4133 316 2148 2207 1146 3292 1558 2162 1815 3059 4781 479 1213 4535 827 628 2724 565 215 2562 1509 3328 350 431 952 4376 2719 2985 4738 121 1150 2104 2721 2048 3570 2850 2015 722 1895 3022 2756 4090 1807 1667 1033 367 2574 3689 3682 669 992 4545 2486 588 1253 197 4747 2220 3010 2510 89 1090 1243 1883 977 1816 1254 542 2316 2855 1440 1266 289 882 2636 653 2004 1963 2849 4606 2932 2134 2135 521 4706 1269 1042 490 4241 319 3823 1665 1210 1664 2638 2980 1682 3584 4912 2545 144 3537 1076 4950 1074 984 1847 4132 4622 2913 4075 1860 4758 4828
2390 637 1876 2441 3443 3376 1674 2341 4323 3271 355 1076 3740 3638 879 2569 105 4188 421 3425 852 2553 1558 2510 431 2921 4747 87 663 2246 1735 3086 1901 3209 1025 3393 3273 4203 368 3468 3369 4631 3042 1400 2594 1123 3800 926 4388 1713 3930 1936 4144 3607 4261 2959 4247 3154 4750 143 462 1142 750 1874 683 231 1411 4338 4110 3034 3227 3947 1946 4617 197 4564 1707 3867 3812 3162 1147 19 93 2786 2682 2335 4758 3944 322 2252 1923 2321 3166 2931 2908 1420 2504 3518 757 697 2871 3537 2296 451 206 4732 3917 1550 3686 2987 897 3022 2705 1750 863 2600 4276 2737 4429 3893 4288 4075 3249 3239 3832 4185 756 4839 4427 2827 1983 3059 2652 4797 3150 3864 3130 2129 4761 2469 715 4261 2137 441 3042 176 3682 1985 1021 3864 397 3594 1069 1946 1711 3243 951 1960 2740 3274 4378 2689 3082 1477 1636 3004 379 2387 258 2329 959 2538 2361 2005 1556 3196 1340 2116 2846 3457 4218 1021 951 2864 255 1429 4839 3278 769 4571 3432 1292 643 2112 2207 3398 4174 1946 695 1526
369 3782 1504 3456 3323 3432 1758 336 4089 588 3471 3702 1644 1444 3077 3505 500 4578 4804 1429 483 1558 447 66 4915 4978 4661 650 3420 3163 2214 22 3769 1025 2368 2785 1395 3632 4490 676 2617 3740 224 1628 4534 4673 2077 1554 105 4870 1402 269 1529 2813 3220 1583 3981 1800 3467 2314 3367 3082 3190 2396 3195 1728 3248 2072 2095 2342 4659 2857 2739 3001 1784 1060 3516 4087 832 4291 1937 3798 4648 2453 4366 191 4649 3642 1461 2169 3441 4537 2713 4140 1856 2168 4707 4180 114 2373 4159 3247 4707 1406 2275 370 1880 682 4121 1926 187 190 1045 3620 4886 3849 1957 723 2667 4127 4933 35 2838 4847 4050 3171 3225 1330 2402 538 3350 4520 1159 3468 4884 4952 881 265 1786 3182 1736 2251 3386 434 4964 454 1216 2205 1366 606 4688 3724 42 1466 1152 1790 3069 2695 4889 4202 4942 4823 1163 4831 272 1484 4600 86 477 1880 3972 3797 3549 4060 3659 4973 3198 2673 2477 2905 2719 4248 308 4039 4639 1267 876 1337 3942 2055 1782 1019 4880 1343 1599 1461 1098 573 2311 4386
4737 2095 4690 4248 904 269 4958 1821 3713 4071 2531 1820 1695 2809 262 4903 4765 4017 108 265 1489 1418 965 3844 334 2286 1628 2927 3387 3796 4245 1648 2903 3393 2785 3279 2467 118 4524 2664 1030 1196 473 1422 3760 1320 2245 2290 1160 4410 623 3357 4792 1337 2797 3072 3002 277 2165 2996 3117 1144 4250 103 1879 530 1784 3285 4252 228 2496 4348 3759 1919 1081 3599 2013 881 3733 2243 3846 3647 295 594 1962 3659 810 4527 498 4798 1881 1584 2038 48 3066 1950 944 3815 1736 988 3187 1738 3449 4727 2290 1695 407 3800 1892 4449 4807 813 2430 3115 2276 3151 4805 3230 4249 4740 3817 3632 909 2620 191 2122 4273 4923 1909 2846 3226 1527 2693 3644 270 2550 432 547 2001 1457 4655 3916 4348 4671 1961 4157 1848 1105 1713 1534 225 4498 2982 4178 1892 2642 2086 2335 1263 4490 1415 769 1641 2225 2075 1701 3807 1986 3402 4614 1396 4470 3859 2251 841 1743 2330 1068 4967 4330 1340 2899 2475 2833 4884 268 918 3806 520 1073 1509 2927 545 3203 3949 2836 4010 2519 2940 1322
4325 4723 348 1685 3066 2825 2925 1430 2243 1212 2617 2857 4247 61 3286 858 1453 614 4036 3686 2913 281 4620 4283 2818 4492 4235 4801 2071 1823 2008 2580 416 3273 1395 2467 2402 894 1780 549 1501 4906 581 2925 1352 203 1648 1455 4243 2225 3566 2510 1864 4179 1542 1853 744 2993 584 2055 2031 3752 4653 2262 847 214 4627 4643 990 3202 829 4349 782 4492 4251 3316 226 3760 2487 4766 4514 4371 4329 4922 4613 3084 2922 1594 2470 4304 4859 2261 4997 2772 1027 2076 3156 386 3202 847 4747 630 4642 4673 1731 4198 871 170 4872 2827 4111 1211 914 3989 1357 2130 494 2136 3190 4615 389 4398 4105 1474 4058 135 1357 3470 316 539 519 3717 2061 1926 3195 1208 4422 2339 3049 4199 859 4092 2122 1275 4809 4089 584 577 309 276 2236 384 4352 1437 2232 3424 4234 1764 110 136 3748 1032 4978 4050 787 2712 2390 4119 3566 1034 1775 3013 3971 1791 4327 1700 2349 3798 2181 442 1602 1340 2495 2061 2417 619 2817 1542 307 1564 3916 3389 2528 3685 1522 3448 2766 4358 338 2800
2650 2075 1702 3448 3154 1859 2107 3439 1025 1765 1019 1744 3726 4124 2461 3108 1557 4724 79 2476 4726 474 1462 759 1660 3180 4971 712 4912 2351 3064 250 2770 4203 3632 118 894 218 115 4598 3594 3319 4782 3714 1386 4265 2168 608 1956 3503 3992 1294 2761 90 3068 278 4851 2944 2234 2271 2979 4868 3974 2225 2579 608 3189 906 821 1182 2665 3870 1731 2686 1792 4158 996 3671 368 2259 2640 868 3006 1004 83 453 13 555 390 4186 2505 3573 2491 3581 2577 2530 2370 3494 3201 4589 3722 3629 3049 4327 1519 1632 3764 916 1433 2106 3549 2176 2505 4081 3624 3009 1677 3290 2155 4465 3886 3327 703 2230 3531 1427 771 3680 2777 3487 1381 2490 1578 4798 4703 326 15 4769 4497 1377 342 2699 3704 4238 2030 889 2545 831 1377 1359 3473 4100 2709 1186 2660 2356 1240 3567 1498 1729 3087 396 1607 4018 253 2534 3604 1060 1570 1829 4401 4436 4871 4864 1157 1217 2989 3845 3282 49 1885 4686 1265 1492 1961 3782 361 2002 2263 1664 4503 4952 1733 1862 2688 1790 3563 1337 2380 1785
2419 1266 217 187 1691 2922 3521 2803 757 2431 950 3212 943 2916 190 3855 1054 2638 3277 4115 3146 1817 4826 2845 1611 1716 1192 3723 1669 1287 1316 3236 1474 368 4490 4524 1780 115 4221 2879 1595 1298 4872 4762 4054 58 2604 2639 1853 4115 2120 639 4841 631 4936 478 181 418 1723 2843 3033 2877 224 757 3617 4165 4905 4661 1298 4996 3590 1932 3647 2785 3680 4982 2516 4640 4653 4600 3083 3636 1671 4903 807 401 1212 1613 1494 3210 2437 2754 3561 1632 2974 4695 4652 777 205 3103 2521 4035 3709 4873 2956 1890 3686 4357 2751 1586 4562 2218 1718 2943 462 45 271 303 4596 377 1395 969 885 1583 1335 4800 779 4106 4334 1033 1646 147 1731 4752 4831 535 4470 4133 1924 3239 4277 467 922 2361 427 4755 3354 1091 1703 1031 2460 3262 640 1853 2867 492 4674 1284 2239 624 1820 4747 4214 935 3063 1526 776 3780 3248 2401 804 2197 2933 4513 2327 1446 445 2254 357 2671 2578 4086 3827 2309 2403 3592 3889 338 3704 4858 4327 3843 669 3143 1023 1339 1489 527 1179 3770
968 801 2327 3119 2378 593 2030 2491 4083 1547 2321 3931 1948 2178 3463 3747 2269 1532 658 4650 1478 101 2744 531 1017 3742 4410 848 1978 2891 2951 2485 4589 3468 676 2664 549 4598 2879 1928 293 3277 2284 2744 2586 2469 4367 1187 3333 705 1037 4549 1797 3817 15 4568 1858 2657 1178 1844 4320 1825 2421 4188 1064 3534 681 1568 3107 3718 100 4253 2957 3894 3925 2918 3666 3907 3012 2559 2387 3748 3553 3661 2214 55 807 3036 4602 1127 1948 597 1304 2106 3854 31 3607 673 679 3877 4171 3975 4271 864 3744 2677 2055 2089 1185 2502 3243 1626 3600 516 441 2394 3194 1289 3658 3060 3972 270 3363 4927 3444 2679 1978 2972 661 3934 3273 4183 3394 157 2348 251 717 3008 2736 3232 4851 3381 4941 4040 24 2815 4069 920 2761 1374 4660 1499 3873 1287 4345 3317 4747 4324 4213 3942 3970 578 4774 2101 4972 2643 3196 3133 1671 911 204 4663 4448 3319 3107 1072 4308 2543 3596 227 3325 702 1041 789 2540 4263 3914 2485 3551 4631 3336 2645 4642 3215 164 3541 2087 4678 1897 1535
