N: 200
M: 80
Symmetric: true
Triangle: false
2 171 182
4 47 106 43 200
2 152 63
5 73 56 90 70 48
2 142 44
2 31 101
3 144 8 147
4 107 116 139 180
2 82 93
5 79 193 195 129 40
4 198 42 141 168
2 22 184
3 162 135 53
5 126 163 85 179 114
2 54 167
1 12
2 110 133
1 108
3 20 117 50
5 150 166 7 36 88
2 35 59
4 72 3 161 66
4 97 34 23 158
2 9 28
2 81 170
2 165 160
1 149
5 37 192 155 99 78
3 172 194 173
1 130
1 178
4 45 159 188 39
3 186 151 57
1 104
2 1 153
2 55 32
3 136 30 17
2 80 175
2 60 11
4 26 25 196 46
2 115 84
1 68
3 6 62 128
5 137 164 58 185 83
2 67 132
2 181 176
2 100 27
1 199
1 77
5 102 33 15 125 96
1 19
2 187 118
1 112
2 51 21
3 24 157 95
3 145 89 177
2 87 86
4 105 124 5 123
1 197
1 138
2 131 143
1 191
2 76 190
4 189 4 69 156
3 119 61 121
3 169 94 74
2 127 183
1 140
3 52 98 10
2 174 71
1 103
3 16 122 65
1 2
4 113 148 154 75
3 92 111 29
1 14
6 41 64 146 109 134 18
3 13 38 91
1 120
1 49
1091 2604 4720 355 2787 528 1648 2292 718 3700 2350 1852 2001 920 468 3613 4146 2486 281 460 2732 1701 3626 2923 4151 3957 3451 1367 4715 1408 4798 2892 1508 513 4569 1789 4469 445 3480 4965 151 1606 4037 3402 3698 4038 4186 2554 2908 755 1554 2301 2205 4120 4207 3240 3543 4148 53 4255 4519 1480 3215 2899 4066 3555 2841 688 2078 1962 1141 1280 3053 3257 767 1606 2060 1578 2960 2674 2739 1409 4532 4693 638 1653 913 1818 4677 3412 1128 2433 1779 3907 3123 4955 2385 79 2729 1567 1270 1608 1648 4940 3179 4067 3423 3966 1578 4015 3825 1530 2875 4989 459 833 1308 1456 3215 2921 2416 1246 1525 4270 176 3501 4848 4985 4860 256 3042 2265 614 4965 1412 127 4204 4012 2109 3693 4622 3127 973 4763 1269 1571 598 2920 4018 49 1084 3944 2790 3880 1490 2470 1994 738 1602 1661 874 3583 2164 4684 181 752 3737 741 3980 2642 846 3284 3460 3831 1527 1354 988 1277 4996 2788 1085 4390 1940 4714 2354 2521 4381 3640 238 4425 114 4540 3019 3718 4453 3843 1763 3608 3552 4141
2604 3603 2674 1733 489 2030 861 1935 1780 3162 2503 242 532 3088 253 2674 1591 3018 984 3438 916 3095 1641 2648 1206 4011 1639 3126 1536 134 200 296 4278 3281 198 2654 973 1972 3543 1689 455 1274 1892 723 336 2602 2758 1420 269 3078 1045 1719 1941 2806 3980 3383 4612 4835 3991 792 4492 708 188 2327 125 4908 981 2341 3083 2639 1405 3570 2642 467 2864 4141 215 1568 708 1852 2360 3141 1604 657 3801 1261 2014 4562 4765 3866 4395 3641 3360 122 1244 3186 781 325 2460 1824 482 4141 4772 3867 2245 2427 746 4706 2315 4809 1376 1449 1749 4527 128 3022 3784 207 1174 3807 4910 4706 2031 2110 1868 4874 621 308 973 4619 1886 4405 187 2612 2338 4824 3271 4736 1256 4383 1935 1240 180 2181 2306 1112 4600 2775 3406 2560 979 607 3431 3082 1284 1351 1960 4128 3854 1417 3767 2969 817 4684 1035 2056 3409 3368 3739 4739 4398 1081 1542 4030 4376 82 1649 46 4624 1916 3266 233 2387 1565 4297 3297 2259 2780 3327 1648 2865 4217 3227 4292 1767 2421 1179 3042 2548 1402
4720 2674 1144 1991 4336 1794 2394 432 675 1465 3495 906 3975 4614 1362 2061 4032 3096 1263 3157 965 4609 3123 948 3236 2775 2033 236 1516 3190 126 869 4297 736 2183 4056 47 1237 256 4220 1506 4584 460 1243 402 3894 4702 3384 985 4882 3423 4295 195 1747 3336 691 1454 2181 4464 3296 3132 4688 3651 1291 3141 2442 3698 3317 1392 1869 3737 4856 4422 3129 2129 4544 3314 683 1084 4200 1386 1184 4703 2447 1865 3876 3794 2058 2973 379 1714 4686 1092 3088 2036 3765 2599 3010 2168 4182 1209 3532 1692 4038 12 515 1364 2632 222 4333 300 2857 926 2992 3146 548 3473 4462 3453 3931 3491 1898 1877 1586 947 105 1351 3844 3963 2152 1877 277 3959 3925 2486 1845 2842 1869 40 4243 1059 1427 3430 952 4236 3776 2399 2335 660 3284 860 4515 688 2867 1972 933 4222 3292 4531 3134 1486 3410 181 4126 2149 4365 616 2173 1804 2844 540 1189 3759 643 769 597 1747 669 2894 2636 850 2731 319 4254 1318 2688 3466 3619 1356 3976 2538 2522 3583 3102 2695 441 4503 1640 146 2055
355 1733 1991 3892 1475 2021 1391 2257 2068 49 211 4588 2684 4035 3060 2471 4329 1935 4380 3998 3314 3774 1358 1194 3566 1610 3911 3115 3851 195 1447 3216 4930 1195 30 4911 325 2443 3288 2388 2951 1285 4411 2296 2789 2217 608 2044 4734 192 2511 1135 1449 4833 1362 3726 584 3806 2043 320 4415 1146 3120 2573 33 4545 3082 2685 1461 3641 2055 2409 2083 2069 3284 3975 546 2746 591 1472 4105 4346 4017 4842 3691 3286 2626 2737 190 4787 3954 2520 943 3728 4108 2835 1850 71 2668 2026 4677 454 149 923 131 4323 1964 4975 1970 1015 2845 1414 3185 847 1978 3032 3230 4312 2352 2158 3696 3569 1836 4602 2936 326 3658 3139 4979 1315 4406 794 2093 3667 4945 2190 723 795 4773 1474 3345 2807 3935 2619 4163 4861 4238 1770 630 4798 1904 2451 4981 319 2216 2879 2992 4072 86 1838 3969 4738 3759 1417 744 316 3560 2200 1630 3459 4919 1184 1572 1086 2334 888 4150 423 4688 3400 4382 2341 4887 144 1668 31 538 1691 4408 4380 4782 3389 481 4606 3958 1041 1694 1491 415 1808
2787 489 4336 1475 530 4830 2019 2137 2949 4356 658 4289 4314 809 3965 755 2318 1273 1971 2882 4698 3254 1790 335 2199 1289 4721 196 4613 2787 4003 1261 3477 4837 1366 3880 2434 364 3711 1532 1904 2245 308 2342 3533 49 213 2543 1150 2366 1927 779 1691 2184 3956 3866 2686 1083 3953 1675 133 1680 1683 3515 2086 1454 448 610 4117 147 3472 3116 750 1209 77 3795 2208 4295 3880 4314 2959 3142 2963 370 2847 2052 4989 3798 2307 4408 738 1518 4467 460 319 1585 437 1230 742 4171 3785 3220 2445 4900 565 4052 1975 3689 4483 1448 2403 711 4483 4544 4118 4781 1856 2896 113 69 1066 2980 4499 2794 1499 218 4280 498 2449 2669 2933 2647 2886 3192 2169 1331 3553 1242 500 1785 1060 1534 498 59 2115 1290 395 2908 205 786 3375 2352 655 3717 4149 4583 3544 39 2331 1208 2523 3033 2293 1933 694 3365 2678 2082 3770 1396 1426 661 4182 3055 4041 616 3407 1073 4248 726 266 1382 3487 4594 2900 2939 3662 2134 2950 689 2461 2379 888 732 1979 179 4040 1468 2405 4450
528 2030 1794 2021 4830 2464 3135 4757 4007 1267 3403 2844 2979 165 1724 626 1296 4953 4413 2120 4641 2141 2557 4177 1039 3492 157 3028 1445 2777 4139 220 4688 2954 4657 1138 3403 1698 1829 3968 1568 3451 1264 1325 1958 4849 2105 3241 4445 4647 3092 4470 4904 1413 4977 4421 242 1548 2239 2243 2670 3834 3686 1241 4823 4785 3682 3575 3738 2032 1611 2735 3346 3135 4170 458 2047 4318 4610 3812 4139 4810 2319 2911 1638 197 830 2859 3660 4323 959 1467 1110 3859 595 1456 1433 2172 3270 4797 1363 3837 4664 1420 2454 3120 444 2658 4845 4155 4308 4438 1101 241 1605 1702 2373 2025 4874 2843 1844 704 1331 994 4907 1399 2893 1474 1724 4164 1800 1187 4913 2083 3608 2044 3325 765 4917 3068 1009 3728 4757 1641 3492 3380 2780 1194 531 4123 2920 3568 4434 2243 188 2882 3755 3642 2692 2030 1611 2961 1416 2545 1045 130 637 4873 1940 4432 1967 4169 264 1834 4360 561 3413 4101 638 3002 3976 2366 1921 3171 2348 1007 1732 3056 3173 2556 272 4370 2290 879 196 929 986 89 308 1952
1648 861 2394 1391 2019 3135 4000 1089 1718 3025 2267 2295 901 2194 1499 3559 2884 1591 1611 3860 2792 4679 3744 1305 4292 1136 3624 4599 4519 2453 3146 1981 799 3810 1278 4837 1127 4029 1629 1813 4978 1074 681 2054 1011 3224 1565 2992 4635 1652 1662 3802 3278 4762 3852 1404 573 3166 4171 2312 1390 554 3984 2926 2132 1378 2918 4166 1462 2471 723 474 3195 514 1811 26 4104 361 3680 4650 594 1778 251 4872 4317 99 771 2770 730 3896 468 1766 4804 140 3868 203 1378 2737 386 1813 4695 4063 2614 1773 4515 2395 3441 4402 1899 2521 2586 2568 4029 211 4569 2588 3144 3580 946 208 3889 2371 4318 531 920 2997 2843 4023 4982 4352 98 966 2182 2529 4373 3142 3834 2164 2662 484 4657 995 1443 4805 1798 1686 2238 564 4498 4861 2403 564 1504 3234 1541 4451 2368 2116 973 4327 698 2796 652 1089 2930 680 2259 4264 3993 55 1670 679 1453 3269 1831 459 4234 4880 3693 3775 2395 3005 1123 985 1494 1104 686 940 1136 1487 1986 3874 235 3288 2086 562 2935 4382 2145 1620
2292 1935 432 2257 2137 4757 1089 783 4811 1545 3234 3240 4852 2146 4668 836 4704 2446 3373 2265 1216 4675 4352 3720 746 3658 2512 955 3000 3241 1844 500 2879 3182 3226 881 4017 2394 2827 2162 616 4530 2882 1670 2813 4689 1551 28 1518 1400 2712 1554 4749 4986 1307 1988 2145 4199 4607 84 3147 217 1026 191 4501 1907 172 4780 2052 4840 4949 3672 3901 824 1694 1642 4230 940 2917 3032 3412 811 2001 1769 4792 4594 1518 3219 2084 1183 4344 3017 3533 4546 4161 4292 2031 4633 4404 4756 1277 2603 3797 3535 433 3336 3916 1815 1883 1004 4212 1492 2645 4393 3754 3603 1549 445 4092 1308 2781 913 1763 4497 899 3463 2670 467 2388 3299 1601 1135 2818 3724 4359 4825 2078 2434 3993 211 3071 1929 3204 3004 3994 2254 198 2291 1817 4731 2385 3054 3178 4170 1916 30 4532 860 2375 2613 302 939 2722 4744 2884 3449 3219 3262 3034 3585 22 4304 547 2386 930 4671 1810 1211 4385 187 4467 3058 2750 2411 2220 3664 2026 615 435 2285 2885 2378 4636 3164 3863 632 2114 3383 3989 2705
718 1780 675 2068 2949 4007 1718 4811 1471 685 4119 204 3636 2192 2795 3815 650 579 3523 1632 1578 232 3661 705 4553 3091 4591 4908 695 4431 2301 2660 4531 372 4020 1057 935 2984 4242 2916 2663 3847 4051 1484 2388 4079 2131 3679 1438 935 4253 3505 4665 1016 3759 4330 754 4815 2772 3144 1999 4503 4212 3332 2055 418 1553 394 4330 1447 1422 1872 2605 893 3379 4270 3219 1873 989 2155 2320 3591 831 4212 746 3484 899 3865 2373 259 3227 3567 4786 401 1090 2179 1047 4638 3892 800 879 951 3440 1723 518 2872 81 340 2647 4980 3975 3392 2882 2019 1229 4159 4507 3211 4215 3797 3374 3887 1270 4166 268 1088 762 700 1271 4056 4303 2484 40 4815 3861 3251 1296 3751 144 4281 2032 978 4918 1427 3006 3128 3226 1939 2583 2651 4560 4224 2594 2004 2775 3113 3787 1516 2067 2338 1437 1340 1590 4028 2252 165 1744 4930 3443 1016 2427 2170 45 2781 1479 2343 2275 2497 1867 21 4687 1570 4882 4630 1239 121 1728 4719 2761 1702 1324 2250 630 3837 4209 1248 2034 105 4783 2621
3700 3162 1465 49 4356 1267 3025 1545 685 3808 2598 4197 4376 1268 4498 4337 1889 4429 3544 4564 2925 3480 3675 2034 1835 2658 3343 315 3857 1679 2469 3701 3251 3222 3145 3259 2825 1127 750 4020 4311 1147 4313 1315 639 729 357 2570 4784 4890 4578 4063 134 2574 2132 1661 2076 3558 2888 4700 1110 331 1258 2989 1703 2475 4205 3746 2936 4293 3683 3461 1735 3962 659 2930 3114 2351 3843 787 1178 3710 2860 443 1479 3334 3198 199 983 4883 2072 1731 4527 2301 881 3840 3365 2112 2725 4969 1038 2376 3596 1505 2579 1114 3860 3793 2310 2334 786 4453 3935 280 692 4909 4748 3486 4647 2353 1393 3232 1103 669 3374 3337 2830 1585 1414 2021 2760 4150 1986 1236 2863 2366 4812 1394 4295 2887 1574 1780 4799 3222 1762 4923 240 2306 1779 3022 211 1029 1488 1563 456 2693 3409 3861 1662 4733 2317 3952 267 2628 1038 3298 674 730 1108 2485 2033 228 874 4440 253 2033 3082 73 4784 1972 2498 117 4122 4017 3756 4054 1216 761 1861 3458 2795 1329 4890 1134 3712 1695 3947 4298 327 4252
2350 2503 3495 211 658 3403 2267 3234 4119 2598 2113 2828 23 4686 4833 1310 3301 703 2054 4325 1719 2868 3850 4811 4394 1748 3056 4844 149 617 4359 3419 3857 2187 4606 3640 2945 688 4019 1974 1565 1481 3868 900 3031 3342 2945 31 2190 1130 2523 142 680 4622 398 3837 2741 312 2331 3762 1438 4776 910 1745 495 3723 4437 454 648 4516 3274 898 56 2663 136 4605 3839 3947 3242 2492 4724 2228 4972 1320 189 2712 3272 2957 3364 3257 778 3356 1326 3768 2562 3050 4533 414 931 1840 4977 4495 3162 1712 1056 4520 368 2684 277 3834 1966 839 4799 4107 1147 4924 3358 3356 847 2404 498 2853 4875 3025 1280 885 3146 1955 2514 3218 4927 2453 3827 1199 3525 3770 3342 3758 1072 2520 3758 3449 2131 4892 3372 163 1191 2554 1057 1855 4264 2637 1802 1594 2817 899 2034 3894 2546 3367 4812 558 3751 3261 143 3840 2519 3415 3210 2329 492 2254 3940 2626 1701 3637 3853 819 3375 3576 1250 3865 1111 3071 919 400 1550 1562 4875 2084 3826 4423 705 1088 1838 622 1910 451 751 4164
1852 242 906 4588 4289 2844 2295 3240 204 4197 2828 1789 685 3075 1364 3152 3296 3857 2180 2841 3348 2522 712 3445 793 2729 3378 1874 4951 1210 3761 2823 2575 1014 4106 2946 2913 4974 3948 2440 3207 2670 2844 280 2278 4262 4945 313 2727 852 4043 2358 3583 1581 4246 4968 902 513 3203 332 574 1280 4886 1915 2872 3109 739 4973 277 2072 789 2949 832 3080 4425 1108 27 386 2115 1993 4614 4835 716 4046 4601 2020 959 1006 4310 2146 1331 190 3423 2153 2528 2898 2542 3115 809 159 3048 3017 1934 2482 4116 3971 2614 2676 4824 536 2658 570 3506 4045 2771 1900 4905 3915 615 1159 3147 4894 88 446 1359 4394 4386 2347 4195 33 2261 3295 4734 1638 4834 3327 4759 1930 2404 4596 145 301 1305 2134 1615 2010 3193 3242 616 2661 4612 2317 2513 3364 3998 1502 1046 4209 4603 4162 4990 2444 3133 492 3295 2477 2395 2226 3642 1168 2794 1606 2686 1861 497 674 1088 4469 523 224 4633 2793 4790 883 1718 2441 352 324 3929 1776 3403 2678 4719 1495 1441 4699 514 4997 2009 3948
2001 532 3975 2684 4314 2979 901 4852 3636 4376 23 685 3472 1894 4335 1233 2568 4142 3454 3980 3453 682 1637 4664 2733 4083 4325 4620 3047 3875 3762 634 1960 2259 4860 4537 4167 1940 2066 1665 716 1097 701 604 4351 4637 3571 4475 39 816 4763 3231 2126 4596 4936 2609 3553 3330 3359 2887 4683 2264 3400 2829 3848 3447 2540 3656 2337 2640 4089 225 2085 1274 1797 3923 1020 4656 2516 2864 3458 1321 1894 4695 4114 3343 2367 3604 2739 296 648 3324 3034 2952 4195 3149 2467 573 4976 4521 4244 1550 696 3406 1104 1505 4320 2226 4884 555 2344 2977 1209 1592 510 1644 4403 2978 3992 4783 2466 681 317 888 4021 1350 809 4735 2759 2713 1353 3877 1228 2128 1745 3288 296 884 4143 1113 3747 2578 4014 4725 4448 1081 147 1418 538 338 1092 630 3143 562 1287 63 3798 971 300 3962 2869 4567 1438 1826 3753 997 1893 2049 4805 690 1056 2764 4885 4913 2921 2231 4877 2702 1507 3554 2542 4111 3205 3608 3664 2784 2269 106 1672 2951 4813 2978 1750 774 3780 4730 3472 1408 4850 2859
920 3088 4614 4035 809 165 2194 2146 2192 1268 4686 3075 1894 1396 1519 789 3872 4358 4636 1620 1459 1215 908 2084 3741 4960 44 4069 4674 2099 3832 1608 3882 3610 2002 662 4334 4510 258 4054 3576 3968 3679 4071 2891 2287 1501 984 4818 3806 3408 2748 2862 3674 916 3184 1189 785 1217 1580 4120 3707 2967 1385 1202 3104 3098 1913 2109 3915 2317 1826 557 3809 3913 2199 2884 3509 3177 1631 3195 1576 3309 2740 4287 4981 1887 4828 2253 848 4490 4409 2763 1746 2236 780 1891 3706 2277 2265 208 461 4582 3766 3056 1960 4211 2586 520 262 2411 2120 3677 4444 4828 4814 1837 3973 666 3822 2082 4868 3362 2433 3752 1240 1758 3265 4530 4485 2769 2723 73 1982 1408 4967 1296 3716 4885 2283 1264 51 2848 37 4525 2650 2931 1058 592 3641 3618 1287 474 547 1918 2414 833 3616 2990 1468 3423 3968 3391 617 1741 1099 211 2165 909 442 922 2809 1466 1929 1467 1188 2056 2232 3214 1154 2200 3838 553 1276 2824 1068 2144 4901 3374 502 2274 3736 4235 4675 4170 939 750 3112 2228 746
468 253 1362 3060 3965 1724 1499 4668 2795 4498 4833 1364 4335 1519 1102 149 236 1805 2552 617 753 3100 4286 2316 1808 812 3515 2665 1191 3200 2109 1851 1962 1212 3995 450 50 2513 2706 515 3424 4956 4955 161 667 1415 3500 4532 2855 3280 4769 2008 839 325 3329 364 3787 4536 4528 4516 4231 319 4862 4567 394 561 3549 2570 4119 1435 3804 55 2121 258 984 1009 4047 2738 4668 793 1753 765 4552 4329 2399 577 2183 630 4696 112 1019 2790 4795 730 3057 2835 4048 4176 3669 3251 4182 981 3347 2101 4977 4885 3786 442 1480 2269 3030 1721 319 856 1489 3675 2355 3366 62 4789 2184 2394 527 1502 4672 4163 2938 3685 4757 1626 1884 2083 3172 4147 3372 3882 447 1309 4516 2326 1605 843 3618 2123 3120 438 1402 545 1760 4692 1123 477 3704 4411 3331 2620 3365 2218 4689 1785 402 4444 3766 1913 2534 2538 1876 628 930 2577 1379 235 2181 2891 2587 1880 1240 1334 1343 2691 4873 716 2713 3560 1898 1074 4221 1455 237 4077 2856 1072 1280 3105 2476 1460 4432 1574 663 3953
3613 2674 2061 2471 755 626 3559 836 3815 4337 1310 3152 1233 789 149 4852 3074 4203 4507 3451 4358 4972 721 996 2494 4737 2206 2808 1061 1461 662 3767 101 1850 4949 2403 971 3138 4534 943 339 2596 1317 4160 4998 4833 1425 2951 2779 4462 2732 3084 2400 1565 557 3379 4737 4354 3741 3882 2149 3759 923 3169 3941 77 3177 2383 2360 406 1594 2406 459 3528 2061 2226 3239 2853 990 3878 2219 34 3675 4414 3481 464 2400 357 3594 4908 4477 856 3290 1620 3871 611 4190 2573 4978 3874 4481 1912 1906 4079 4398 4596 868 4918 181 458 867 2127 544 2873 2436 1221 1727 14 2491 4078 3225 559 3730 549 2403 1933 1093 756 2612 1222 3683 2376 4126 3810 2173 253 4577 2670 4515 1827 3536 3528 1416 4429 1559 3534 2428 588 192 736 406 1431 91 241 2807 879 1949 381 1198 4275 4443 1209 978 4554 1400 2162 2040 2364 4041 1091 4065 576 90 4780 4210 3991 1467 2516 2888 2828 473 4667 2392 3566 4365 4216 3130 3953 3780 1619 4614 3274 3479 1429 2483 295 531 3058 2702 3233
4146 1591 4032 4329 2318 1296 2884 4704 650 1889 3301 3296 2568 3872 236 3074 348 2941 4979 3466 4868 939 3652 4151 4169 3533 2948 1192 850 2747 4560 191 2144 647 3101 142 3980 3272 2085 3113 4254 1865 3079 522 439 4998 2204 2874 4413 1157 2985 1042 2004 4313 4030 4796 1230 1873 3060 4430 3196 2564 67 1507 1165 2164 3140 2526 2709 4876 4895 2474 4198 250 937 207 2815 3174 4506 872 4560 3714 2697 3472 2117 3227 2247 2789 2463 3040 1669 1231 3062 2287 1841 117 998 4182 2533 3963 3402 2524 4127 287 3083 3984 622 895 218 1728 3295 1607 4849 1027 2703 3798 4215 3869 1694 1059 3210 4557 3234 310 732 1490 302 1747 1764 2748 32 716 1415 992 274 1616 1432 2734 1209 4368 4260 2462 3843 3110 1521 4746 4048 4131 2809 3098 602 1919 3994 1193 705 3967 4405 1709 4456 2860 2117 2121 3090 1755 3340 1633 1741 232 3812 2832 658 898 2004 707 960 2397 1321 2403 4888 1722 154 2005 1220 1378 413 1336 1534 212 2807 2546 387 445 2780 1817 3234 2618 4120 152 4866 3725
2486 3018 3096 1935 1273 4953 1591 2446 579 4429 703 3857 4142 4358 1805 4203 2941 2671 3553 367 1782 2554 1541 2824 4220 4471 1297 1669 2660 19 3334 1054 4751 3562 1712 1883 558 1971 3440 3548 3304 27 2343 2650 2716 1633 1350 1921 1480 480 4996 4950 700 4660 2483 1083 2388 4893 1817 2309 1354 3019 3893 3951 1769 210 1052 3091 4907 2421 1055 1450 109 2046 822 1849 112 4808 4074 1606 430 3313 3270 843 3386 2143 2076 4071 3239 1076 4943 4852 2465 3813 4061 2428 3339 867 406 3462 415 3332 251 3127 2606 474 3991 3755 2375 829 512 2638 3944 456 3543 930 1254 230 4175 4149 2070 68 36 287 962 265 1037 1004 3884 674 2588 2983 3071 3379 3194 4793 2743 4125 4825 2367 771 723 2296 4820 2782 3179 537 4056 3276 369 518 2821 1050 1533 1624 4145 2801 2193 4432 57 4115 1531 2856 3896 3592 1762 3129 512 3943 4039 4800 2257 3892 3669 3992 406 374 1600 2383 4826 3340 1585 659 3623 4897 4966 407 1204 1925 3171 2145 2353 3680 2036 4875 2147 1410 1598 3650 4751
281 984 1263 4380 1971 4413 1611 3373 3523 3544 2054 2180 3454 4636 2552 4507 4979 3553 2406 427 2288 4329 2137 706 677 3260 3854 2912 2609 1791 2882 4311 1822 2586 2281 4685 4683 4687 3198 1903 366 3075 933 1225 1740 3068 1620 3010 2110 4167 4938 502 2513 2360 3240 4736 190 861 130 4369 1540 318 558 1566 2644 1097 4118 4108 1054 4617 258 3875 2188 2325 1222 124 4026 2916 3006 151 2780 2508 4162 931 4620 2038 605 2255 4984 4150 149 2100 4028 4299 2899 4391 3655 1986 506 2332 2008 3505 4833 1443 4338 1879 2825 2397 751 4650 1229 4290 2688 2889 4018 3838 1061 3309 3705 4565 4094 3174 3008 2018 144 410 1742 1707 2799 2063 939 241 3377 1112 4604 1394 2961 4232 2085 1458 1573 1866 1866 4334 4028 1102 1781 183 4966 4358 4843 1304 806 1997 4044 1225 2055 3685 4633 2635 2412 834 1256 713 2584 1944 3982 1344 3908 2792 273 1329 3324 205 2943 4185 3826 149 362 4270 439 4845 4025 425 1244 4337 577 4221 390 3725 3752 1896 1116 497 4699 3290 4943 2534 2233 891
460 3438 3157 3998 2882 2120 3860 2265 1632 4564 4325 2841 3980 1620 617 3451 3466 367 427 635 4841 2954 2224 2997 2861 4355 4340 4080 2405 1420 4830 2008 896 4924 4461 1084 938 2876 2681 4330 1325 3660 2874 949 4405 2114 1771 3328 4452 4075 572 1491 482 2003 1502 655 1777 4347 4913 3413 1373 1723 1883 2762 1589 4832 3941 1752 243 4505 3304 3422 2235 1497 390 4984 3295 1892 1410 2215 4946 3953 4574 4385 3724 49 3120 2864 4204 437 4128 4936 2076 1005 1462 2904 4885 1234 1527 4474 78 1504 390 798 2302 53 1972 1542 1135 1195 4252 2489 2880 2229 1442 3157 3808 4003 2655 2099 4816 908 409 3316 750 3030 4348 1940 4999 3684 3939 2749 57 2545 4939 3802 3272 480 1360 4178 2252 3201 751 1218 1782 4362 1705 385 3906 2862 1538 3418 3404 3202 352 1795 2165 3499 4872 4421 3390 4379 466 2037 877 3534 4577 4450 4434 2387 1184 1835 2039 400 4129 3962 1106 593 3280 149 1907 4436 1611 1181 4664 3633 4945 241 3403 452 366 4061 4470 3867 717 3927 950 392 2926 2581
2732 916 965 3314 4698 4641 2792 1216 1578 2925 1719 3348 3453 1459 753 4358 4868 1782 2288 4841 2614 1330 3831 2451 769 2440 1000 3292 4303 1045 3528 4687 1519 231 401 584 1059 2879 3468 4437 4079 2977 1732 3213 1034 4728 4700 4412 3840 1674 2288 1584 4017 1759 1284 2018 2819 1538 2341 3712 3891 2639 1613 4957 4037 4354 2891 127 662 293 1873 3208 1445 779 1867 842 4524 1420 4460 895 3667 3638 2534 2495 2341 2602 2902 3584 664 2645 3154 3719 740 4573 3773 3595 322 4993 2907 3671 1803 243 735 2753 255 853 3886 648 36 2904 676 2767 3113 2507 3417 4469 4559 1443 2113 4360 3979 2533 263 37 502 1239 520 4045 3953 4469 2548 3140 3232 1673 246 4117 4856 2728 840 571 3883 1711 1704 1357 3217 4326 1787 3438 319 3305 2097 4036 4126 2963 3207 725 4387 1863 3909 3646 2623 1529 947 1994 943 2528 4907 3517 1327 891 3677 2986 3673 903 4210 4368 2323 4959 2372 531 3193 4147 3529 1202 1033 910 744 3836 1428 1753 4929 4562 1068 1678 4215 2654 3177 1089 2012 3345
1701 3095 4609 3774 3254 2141 4679 4675 232 3480 2868 2522 682 1215 3100 4972 939 2554 4329 2954 1330 1775 871 4517 2504 183 4125 3925 3046 1253 2594 1311 124 1514 2639 2543 3654 2690 4658 1601 270 2333 2589 2827 3246 1435 2966 4588 3194 113 2295 4804 2943 3082 1167 4528 2274 88 3893 4921 1030 2991 3865 3802 2497 3921 255 1467 246 3702 2036 2731 4408 2823 4705 2620 3224 2577 572 1625 4969 417 4675 122 112 4928 1920 4285 4811 3397 22 3586 2967 1128 201 1109 700 4775 2754 4492 2760 4520 3397 4787 733 1076 2471 3285 2955 1288 1634 3790 1541 1590 3086 74 1439 3907 1600 4863 1962 3163 4760 4639 2471 1812 1675 81 4139 2875 4393 3927 1338 2802 2747 1395 1123 694 4053 2968 2436 2180 3209 1971 3879 2690 1609 2168 1959 1785 4856 466 2185 314 592 3596 35 1213 3880 1037 262 3129 4584 2239 4835 3174 4764 4234 4696 3955 4981 3670 174 3815 4341 1585 761 4914 2134 96 2814 3156 3957 2263 4761 1751 4146 2626 3990 104 2307 4390 3569 1414 4001 2875 2371 17 4420 2925
3626 1641 3123 1358 1790 2557 3744 4352 3661 3675 3850 712 1637 908 4286 721 3652 1541 2137 2224 3831 871 1548 3740 3209 3574 902 952 4125 4718 1325 2470 696 4049 2560 2884 33 1048 2928 4091 3806 3575 1124 3613 692 4312 1725 2831 4848 2753 729 2824 3567 1373 1526 4294 444 1188 3053 3315 3430 4633 424 4020 1549 2740 327 2687 4488 2029 719 1294 3669 2152 187 2526 2383 2194 787 4410 4342 2094 2748 4894 1626 469 2051 4426 2408 459 1907 3573 4557 339 2023 3194 700 768 4312 2919 4503 4005 1918 1683 3404 2699 1551 2659 4341 2953 4603 2073 2614 4415 4863 2612 1369 846 3440 4030 4293 3017 2708 3120 2605 1933 3332 958 4395 1269 1704 1410 3276 809 3531 3165 1215 1599 1196 4480 2052 392 2371 3735 224 95 4082 1842 4547 4969 462 752 4754 3670 2371 75 4518 2742 1262 2785 604 3760 1607 4735 950 3393 3727 3699 2230 274 3825 2926 197 4226 4272 3477 878 1576 2246 3462 3528 2244 3931 3313 4501 1231 982 1769 2146 4136 2426 1146 4873 4519 3265 2872 1463 3738 974 3940
2923 2648 948 1194 335 4177 1305 3720 705 2034 4811 3445 4664 2084 2316 996 4151 2824 706 2997 2451 4517 3740 4296 4247 4757 2504 4870 2039 4877 2675 1813 2994 1275 4834 2498 1990 3215 2617 4832 4922 2544 1731 1443 2367 1122 4183 4489 141 1367 598 2364 4875 3876 3471 49 3485 2627 3848 3466 646 45 4963 1900 1826 2683 3249 4699 944 1901 3055 4813 4945 1554 3608 345 3905 3724 1484 3271 2689 358 416 396 3918 318 4228 938 1729 3239 62 324 882 2182 4643 1466 1181 2234 2083 397 4971 4988 3610 751 1591 2475 4929 4502 434 2243 1145 2381 2748 927 2134 3022 2490 2766 4410 389 3200 3174 506 3523 4379 4234 4346 2071 3615 372 1831 3688 986 1881 607 1702 2483 419 1510 1387 4055 2906 1650 3193 3818 1428 1294 2972 2617 4035 4276 4829 1665 2933 3341 1743 4140 3705 1752 1184 1811 3750 4551 4722 3280 3228 4895 4348 4419 2928 473 1011 1267 2314 2730 1615 1119 566 1234 2440 842 4843 4289 4756 2339 1233 2392 3895 82 690 499 1268 3938 3242 475 617 2220 1696 4050 4890
4151 1206 3236 3566 2199 1039 4292 746 4553 1835 4394 793 2733 3741 1808 2494 4169 4220 677 2861 769 2504 3209 4247 387 568 3687 3084 4561 1121 1888 87 2436 553 4801 2015 423 996 658 974 807 319 4291 4708 4294 3880 4797 183 1049 3317 3327 2171 4674 1080 3946 4962 2246 2128 1193 2635 2594 3591 14 425 51 991 4894 349 349 635 2959 2451 1227 2219 4380 2305 2747 609 273 3827 4161 1786 3371 2382 2882 4084 4193 4182 3358 1163 3085 1426 1737 2165 2922 4349 825 1306 32 988 4936 2579 4019 1313 2474 2049 4530 1711 185 3413 2515 3501 1766 399 944 2456 199 728 34 3456 3344 1194 987 513 1671 1525 4766 2087 438 1654 3301 650 1618 2809 281 3312 1902 1147 701 824 4775 3816 1680 3777 341 4971 4204 782 1622 221 107 42 4752 916 3796 1497 3088 4694 3466 3692 1698 1096 2502 1951 3015 1713 2071 2721 383 1099 4422 242 2053 930 1416 1492 1676 2451 1215 2695 4325 1951 2198 717 3348 4092 3151 1498 2488 4521 738 3853 1792 1487 3954 4437 4948 3669 1048 3385
3957 4011 2775 1610 1289 3492 1136 3658 3091 2658 1748 2729 4083 4960 812 4737 3533 4471 3260 4355 2440 183 3574 4757 568 2824 175 155 2496 4160 953 344 983 486 2361 1868 1053 624 4718 2654 2937 1393 3600 4626 65 4565 278 4925 4747 4709 2726 2823 3217 1334 4820 4859 4418 2999 4693 4934 1098 3327 1993 2859 3894 3643 3720 1679 786 443 1765 594 471 2809 868 2402 697 391 1187 3883 3652 2266 73 1088 1013 836 1396 4702 4702 2526 1195 3829 471 1552 3505 3969 1026 4921 41 2739 56 2009 3603 271 916 3879 2704 3453 2848 709 2315 3234 412 2618 1385 3314 33 1884 3951 2153 1897 420 3163 187 3067 4897 1846 2125 3517 3028 4531 2292 985 1456 766 3219 959 114 3424 1054 2306 2939 754 1687 707 74 2391 1252 684 3235 948 3705 2918 4040 421 2175 4974 3540 52 1773 3217 2627 4045 429 1575 612 2740 2335 1578 1142 3713 2731 2366 3867 1473 1278 4099 4438 134 69 4058 1559 1452 3687 1689 630 1764 3648 2822 996 318 2618 3377 3463 1939 1937 4529 1763 1303 645
3451 1639 2033 3911 4721 157 3624 2512 4591 3343 3056 3378 4325 44 3515 2206 2948 1297 3854 4340 1000 4125 902 2504 3687 175 1877 779 953 4759 1500 1296 2766 2499 130 3724 1243 3903 3019 1144 349 3401 3031 496 1776 978 2508 2128 2318 1525 2895 1698 3581 4588 3869 3019 4724 2618 3942 272 702 840 2600 2396 373 4534 2283 2837 3236 4676 166 2780 1064 4842 1845 2561 4591 4466 3800 684 3566 2572 359 4242 3125 4263 916 986 2304 801 4373 3203 1616 1754 1548 568 4271 2918 555 1472 2312 1219 87 4045 387 731 2166 1576 1095 1948 2521 1994 1447 331 1482 469 507 3329 3110 4002 2277 1270 399 856 4382 620 4549 2822 77 3385 2147 512 2152 684 2082 3944 2173 3197 1468 473 25 1883 2718 4202 3151 2836 4769 1108 1115 3506 4680 2266 1538 2591 36 555 4432 3082 2952 792 4383 279 1430 4449 4080 1365 2910 979 3163 4754 4636 1136 469 2074 4608 3016 1285 4639 3612 4994 1876 2032 4732 3523 2395 3096 1028 2471 1820 402 847 2655 4719 4044 3639 1906 4019 4934 4555 1826
1367 3126 236 3115 196 3028 4599 955 4908 315 4844 1874 4620 4069 2665 2808 1192 1669 2912 4080 3292 3925 952 4870 3084 155 779 4133 1997 1657 361 271 3165 3021 2135 1953 2616 1416 65 3274 3567 1245 26 4189 4397 923 3435 4701 2868 3904 2042 1411 3811 2984 866 937 3296 4670 3063 4134 4313 4189 80 3316 3700 3372 211 740 30 1134 3839 2264 717 4887 4040 4408 3633 4734 1988 1011 548 4835 509 1396 592 3795 4826 4944 3486 3196 2552 3188 3601 3276 1921 3846 1012 2845 4620 2431 2579 1922 2386 1623 4405 3545 2284 83 4548 4381 1400 1835 2146 4410 4794 3786 2458 2576 3091 3267 1790 4922 1888 2947 4477 2480 4818 1514 4675 3333 1566 1266 3637 2716 1618 3110 3715 3628 3981 3673 663 1663 1693 1884 3420 1453 617 277 4239 4951 1505 3115 1086 4771 2424 1783 172 2103 3801 558 525 3007 2200 297 1590 2279 955 829 3857 2106 2806 3518 2883 2473 43 1483 2089 2899 721 4032 128 1033 4564 709 656 2219 3994 3601 2677 2166 3570 1333 1272 2488 1561 4512 88 1005 3506 2798
4715 1536 1516 3851 4613 1445 4519 3000 695 3857 149 4951 3047 4674 1191 1061 850 2660 2609 2405 4303 3046 4125 2039 4561 2496 953 1997 668 270 4040 2615 1714 1297 2459 2297 1324 1480 2993 2585 2596 4733 39 4007 4020 1777 524 3523 4125 2907 535 3810 1712 3162 523 4798 4298 3369 2928 412 3081 294 94 2987 524 4236 943 1683 4745 3141 2918 4455 967 1320 2421 2546 88 3387 3692 2026 4807 613 4657 1248 2126 3153 4523 4892 2461 2061 750 121 3207 3547 3407 3955 3797 3909 1085 4873 3619 907 4079 3261 3963 3655 3992 4018 1026 4271 4446 1949 1373 3029 848 177 4820 49 2330 4509 4198 3167 2313 3193 697 177 1204 2691 3231 392 1667 2315 4840 2284 1182 3330 1624 2795 1618 294 2500 3332 689 4079 4492 2991 445 888 2683 3797 2502 4335 713 2325 2815 706 4035 1553 3615 3761 4424 3178 4656 3844 141 3244 1694 2316 3018 528 4857 2282 3922 4092 4838 4556 4380 759 3464 1597 4422 397 3494 3450 4249 3568 1569 3820 4825 4799 2664 3128 1069 4097 2763 2092 3504 2400 815 3338
1408 134 3190 195 2787 2777 2453 3241 4431 1679 617 1210 3875 2099 3200 1461 2747 19 1791 1420 1045 1253 4718 4877 1121 4160 4759 1657 270 1710 1084 516 76 1503 3462 2967 1766 4077 659 3046 2968 4263 2583 2051 2135 1329 3968 2128 4052 1477 4603 210 4707 870 3624 291 716 2066 1943 614 4526 170 570 2898 1707 238 4434 4696 403 1468 4421 4404 1823 3080 4419 4109 4621 2808 2674 1299 2392 1654 4151 324 507 1841 4783 4409 2133 3539 4547 4925 25 2549 3252 2932 1801 4302 2958 3317 3154 2213 1366 4315 4724 499 2947 2377 1140 202 3489 3427 1566 3957 4799 186 3465 2414 1065 3983 1891 3110 3617 970 4580 1690 3623 3039 3123 4149 87 3430 2695 48 23 3571 2845 2353 3005 3897 4803 481 446 4146 1854 1775 14 1932 4560 1238 2275 2099 4824 2105 2081 2781 539 378 2565 2611 3829 4453 275 3611 165 4262 1649 1412 3467 3498 4207 4797 949 4746 3498 3504 2331 1094 304 4532 2812 3690 1417 850 699 1085 4301 4663 3681 2093 2897 453 4615 3935 3130 320 670 796 3486 1451
4798 200 126 1447 4003 4139 3146 1844 2301 2469 4359 3761 3762 3832 2109 662 4560 3334 2882 4830 3528 2594 1325 2675 1888 953 1500 361 4040 1084 1623 2087 3939 3546 1211 43 3092 3864 1818 2498 3116 3849 2466 4041 3648 171 2022 2417 2654 1562 2332 4903 4572 2958 3628 4085 605 2596 1414 1436 4463 1991 4094 1771 483 2629 4908 2644 3205 566 627 4790 1708 3028 4969 4722 2494 2937 986 2859 410 3716 4749 4062 3336 998 772 1423 2350 4805 1205 979 3861 647 3879 3723 766 3131 240 1435 1274 4261 4277 3594 51 2985 4360 66 2506 3780 4820 2522 142 540 2448 3800 3741 612 4996 3652 611 3683 2608 4982 484 4495 3819 1336 762 1379 2531 1306 4659 1852 1708 1677 4674 2413 843 2844 1380 2269 4045 2353 4041 2758 3182 4196 2161 498 3406 2125 911 2105 2272 1694 4156 4347 418 4163 1793 1805 3824 2817 3827 1508 4315 2579 1808 3488 3133 2499 4189 4211 84 1952 1687 2603 3698 1641 3554 3087 2881 2838 3232 4313 2917 2927 4271 3288 2776 750 149 4153 936 1018 1147 1447 3001 2038
2892 296 869 3216 1261 220 1981 500 2660 3701 3419 2823 634 1608 1851 3767 191 1054 4311 2008 4687 1311 2470 1813 87 344 1296 271 2615 516 2087 4500 4874 596 1386 4144 121 2087 676 4843 1369 4899 324 223 1239 3311 1885 3471 3027 2686 3264 238 1683 2374 83 3371 2733 2297 210 2483 1453 3629 2080 2869 890 102 3540 3620 3654 2298 228 4626 3172 907 3038 1355 3662 4773 1517 2773 3419 885 4080 725 3144 143 1392 4322 533 3981 1704 726 3429 3959 1711 1463 911 4950 2912 2787 782 783 417 2118 1048 1548 3129 160 477 293 2617 4316 2981 4822 2780 724 3898 2783 973 2860 3083 1592 4271 857 941 3575 4000 172 4668 2790 1614 59 2066 220 166 3159 4411 761 327 2234 2345 1543 2264 3977 4544 4264 1345 1058 2902 522 1430 4272 2720 1175 623 4944 2403 2001 4243 809 3237 1759 1652 4811 3917 187 2149 3487 2378 1483 2786 811 2151 51 4689 834 4945 4760 3695 1260 4948 3709 3226 1340 3131 1879 4762 2133 3124 1909 4787 60 3135 4929 4098 4889 4437 3594 4476 1948
1508 4278 4297 4930 3477 4688 799 2879 4531 3251 3857 2575 1960 3882 1962 101 2144 4751 1822 896 1519 124 696 2994 2436 983 2766 3165 1714 76 3939 4874 4416 3133 408 3429 3645 4139 2239 2297 4614 4852 4864 2091 4312 1655 2328 4047 3313 2534 3848 1161 4274 606 648 2713 2519 4514 4064 4700 729 4754 1954 1838 4809 4825 380 2103 3385 4713 4212 2237 3908 1441 2812 586 1432 353 2809 302 3189 345 2721 2290 646 3482 2206 2195 3940 3289 4798 1724 557 2843 1291 2462 4771 20 1629 3203 4882 2655 3011 157 407 374 2466 4554 1282 3105 4371 3091 2718 2676 708 848 2347 3252 4652 1490 1155 3757 2692 342 4152 3413 3218 3433 2560 307 1925 2871 1516 1371 2988 3923 828 4068 508 2310 2589 3946 2132 496 4564 1829 357 588 4094 1703 164 539 3033 74 197 2642 2294 3857 3898 3087 4058 4844 2891 514 4567 3266 2094 237 4975 3846 3396 4839 2492 1002 3945 4980 1166 614 2633 1847 2961 727 1580 2951 689 3655 2784 3773 1551 3174 2000 611 1249 397 3924 1961 4400 1361 1328 3012
513 3281 736 1195 4837 2954 3810 3182 372 3222 2187 1014 2259 3610 1212 1850 647 3562 2586 4924 231 1514 4049 1275 553 486 2499 3021 1297 1503 3546 596 3133 2501 4708 1603 4065 2757 1710 4961 4203 325 3443 4436 4562 528 2148 2114 3413 3418 2932 2855 3551 1068 4699 1367 1279 3217 3661 3201 1247 2380 1731 4090 2745 1011 307 4636 2885 4615 1015 2812 3192 2804 4373 3125 151 704 136 1511 2661 18 1082 4502 4586 720 4187 3607 907 1773 4785 952 1561 2002 1589 3012 4259 3311 808 4238 3741 3022 2088 3547 3608 1454 4977 2738 3843 1703 2222 3892 1452 617 1487 629 3296 3112 4077 2272 1842 59 170 4511 3755 58 3624 3492 4127 3847 3863 700 689 3914 4997 4495 2920 3222 980 4367 1997 3840 1801 3575 4384 3580 1758 3650 940 3667 4672 3406 2899 1883 1864 1617 483 3835 2058 1447 1858 1151 3180 3064 1369 3298 4856 94 3849 3693 317 4844 2997 4422 1782 2866 159 3957 2137 2180 3086 3848 3402 4935 2834 1519 1206 1569 3863 3318 4340 2156 1542 3769 698 4861 3803 2058 3492 1425
4569 198 2183 30 1366 4657 1278 3226 4020 3145 4606 4106 4860 2002 3995 4949 3101 1712 2281 4461 401 2639 2560 4834 4801 2361 130 2135 2459 3462 1211 1386 408 4708 3360 1756 3403 2270 3308 784 1552 2051 2412 4977 2734 2955 4232 4821 28 4586 292 3021 1875 123 3633 1440 3475 1385 4343 907 4063 4709 2016 4684 742 3469 2621 2257 2837 2059 1350 3389 1395 792 3539 4073 1357 4882 4035 3815 3919 4071 385 3601 1519 4240 603 1281 800 2516 1921 4963 556 4936 584 2197 2663 4507 485 3721 1206 4791 692 4784 4232 2166 4876 2276 52 643 2383 3849 2364 1794 2797 1945 2325 4230 1426 1376 1754 4769 1033 368 778 2297 2838 441 841 2625 1119 3473 305 2020 3787 2986 3084 1612 1078 3638 2002 927 4912 3131 3616 3239 117 4595 230 4308 2080 3068 4094 1286 3702 3406 982 1327 637 4010 1754 48 640 840 2103 599 1891 913 1908 2897 4321 519 2383 2944 4922 651 3668 2653 301 55 3618 3595 3780 3484 1404 3719 1493 1677 889 828 1511 688 3202 3320 1132 1858 2826 4872 653 1894
1789 2654 4056 4911 3880 1138 4837 881 1057 3259 3640 2946 4537 662 450 2403 142 1883 4685 1084 584 2543 2884 2498 2015 1868 3724 1953 2297 2967 43 4144 3429 1603 1756 120 2434 4554 4462 4685 4074 671 4916 4180 2368 3690 2622 1515 1044 214 1842 201 1881 3595 2918 3290 4185 2382 1434 4062 4039 3415 2738 2004 4946 678 2398 2001 4846 4958 3266 193 2360 3201 4927 2594 3012 814 2724 4837 3447 3354 368 4422 1327 1553 1177 1939 559 676 4617 3831 1050 2166 3543 1075 3789 3314 868 2821 2951 2373 859 2605 3740 414 4612 2457 2736 3424 4361 1384 4758 4998 946 1933 2041 369 3393 3698 4743 3245 2639 3624 1008 4801 1404 2325 2519 1084 3013 622 1623 2869 4581 4227 4982 2264 4835 132 286 4763 4569 2334 4348 1816 4620 264 3008 595 329 4516 4508 1718 3223 2210 1212 2047 1866 2913 4256 3217 4987 3878 253 3321 4986 4580 2118 1430 449 4259 3287 1448 4090 2035 4944 3826 638 3808 219 4006 816 3355 2905 4017 2302 3013 17 788 1328 3621 4911 681 131 2069 4413 4692 4313 1968
4469 973 47 325 2434 3403 1127 4017 935 2825 2945 2913 4167 4334 50 971 3980 558 4683 938 1059 3654 33 1990 423 1053 1243 2616 1324 1766 3092 121 3645 4065 3403 2434 3143 3917 764 4812 293 2049 1792 3020 4233 3950 1882 4581 3275 283 189 3449 3388 1144 2219 1662 1491 2017 1271 55 4222 4668 4983 3774 975 3149 836 4901 4788 2097 736 2193 2365 2362 4573 1063 1768 648 1048 2059 3772 1294 2067 4953 2258 104 78 2113 364 717 865 3462 651 3965 783 577 165 4087 3255 2482 4085 584 4683 1306 4571 1379 1933 3395 3997 1300 677 1218 3836 1876 2170 1035 2170 2473 3679 4299 1953 3164 2379 43 623 3894 655 4534 3735 675 556 1871 467 1200 4228 2716 3606 2616 1116 763 1486 1828 2037 1898 1748 649 3523 4845 4890 1880 1977 3618 4921 307 2470 2697 3409 1281 3790 3686 1066 4012 543 3230 3903 1500 3327 2684 4399 1778 914 3332 3044 877 457 4742 4252 3232 2354 2628 848 1821 712 837 4082 2489 2434 3360 4769 3234 1128 2228 2433 2758 2153 761 2889 3895 4830 2388
445 1972 1237 2443 364 1698 4029 2394 2984 1127 688 4974 1940 4510 2513 3138 3272 1971 4687 2876 2879 2690 1048 3215 996 624 3903 1416 1480 4077 3864 2087 4139 2757 2270 4554 3917 2700 36 241 1359 2311 4731 4932 1111 4695 2331 3512 1261 627 3530 2760 807 919 1586 4707 813 1746 57 1389 2657 3924 4981 1548 620 4930 48 2311 1693 2252 1797 432 1888 3389 108 3776 103 1004 577 4394 2179 2972 2734 4385 4861 4969 884 4864 2931 4033 1954 3416 1901 765 2364 3408 3781 4159 910 2253 4203 4018 2281 4973 4438 3409 2288 1539 142 620 1238 3924 3740 1652 4830 4671 4010 1965 3503 1433 2311 1869 4128 1237 2542 1364 4499 2762 4311 558 1389 4206 480 1853 2631 3331 2175 4340 2719 3586 4308 4629 4764 4773 630 274 3349 2382 308 3155 3973 1925 4061 122 4057 4482 3831 2351 731 4579 3345 3500 208 4646 1717 2160 4640 3958 3548 2070 2041 3158 2862 4507 1965 1019 698 3576 2202 4412 3865 2790 2630 3919 3047 2954 3652 2958 3253 996 2849 357 1017 3186 1484 3456 2908 1238 1018 1996
3480 3543 256 3288 3711 1829 1629 2827 4242 750 4019 3948 2066 258 2706 4534 2085 3440 3198 2681 3468 4658 2928 2617 658 4718 3019 65 2993 659 1818 676 2239 1710 3308 4462 764 36 4656 3935 2979 4522 4804 2923 573 2744 1118 4876 2026 1257 386 4989 82 3131 2477 1524 3438 2230 4405 3312 2581 648 1226 4762 3078 4323 1970 1090 1348 2352 965 4212 2201 3275 3571 99 4697 326 1237 696 2670 1352 2180 3903 3005 3234 4908 2237 821 15 1920 2561 2088 2940 1797 3407 4239 4023 578 2987 1939 2828 2189 3165 2335 2668 764 1167 3584 1893 1099 471 237 2824 1579 2101 4581 4553 2952 3107 3557 4132 3344 1341 1406 3892 4902 2746 3126 1019 1604 1165 3699 602 2809 1607 4419 2226 3083 783 1532 450 183 3575 781 787 1837 3154 4183 2671 3996 1180 2886 1688 1507 3392 3134 1172 1831 1858 2153 3129 660 4354 892 3142 3282 1678 4882 2160 3408 1945 4429 4670 2712 4327 2924 1743 3174 4891 61 227 40 1217 490 4168 1182 1347 3759 2492 2354 3432 169 3247 1512 211 1006 2237 392 558
4965 1689 4220 2388 1532 3968 1813 2162 2916 4020 1974 2440 1665 4054 515 943 3113 3548 1903 4330 4437 1601 4091 4832 974 2654 1144 3274 2585 3046 2498 4843 2297 4961 784 4685 4812 241 3935 2853 3162 2280 2238 2985 4177 1268 1475 1551 4580 3485 2022 1728 2419 3171 1457 3534 4061 2031 663 4627 1480 2977 45 3897 3673 4122 4168 4886 126 1624 1312 1381 2258 1062 3597 3342 4936 1688 3166 2830 1396 1146 3836 1956 3329 4869 4519 454 1141 1288 1448 2638 3635 4081 446 1370 2445 2590 3303 565 3279 4355 3937 759 316 1587 2386 117 3939 2276 2362 92 1285 4722 3256 3310 2975 984 3183 1714 4811 1996 1294 4686 1033 3666 1819 4661 2276 126 1367 3885 1201 1915 2409 4890 983 4873 2602 3073 3482 1101 577 325 818 3792 4537 1783 4289 4938 3474 1568 3479 4731 4501 4801 2995 1554 3465 4626 757 3219 4032 1414 4185 2652 3754 220 4579 4959 4412 3359 1327 1081 197 212 3810 4400 2893 2649 42 293 2819 1385 2635 4435 3570 1356 1463 421 4943 964 3536 2247 412 747 676 3391 1769 3368
