N: 200
M: 10
Symmetric: true
Triangle: false
14 86 3 25 189 85 166 43 83 180 75 76 190 163 40
19 61 111 174 185 93 134 14 142 20 125 169 110 150 112 68 171 176 183 137
26 35 147 132 90 32 114 21 22 12 186 27 11 41 121 7 126 5 181 138 127 60 196 52 151 113 149
21 162 92 128 173 139 33 191 9 192 18 197 101 130 10 81 160 133 100 129 141 37
18 123 13 16 157 175 184 199 94 118 170 97 77 179 115 165 146 96 188
15 107 30 28 106 178 88 70 194 102 124 172 143 50 195 148
22 42 91 54 62 56 84 80 53 116 45 31 34 2 4 23 159 198 135 71 104 79 98
22 108 99 158 154 131 74 29 24 109 168 161 59 95 167 105 69 57 39 8 1 144 46
17 87 47 193 38 17 72 66 82 89 55 63 19 136 156 36 177 48
26 122 200 103 6 58 65 67 26 64 140 51 153 120 15 152 49 119 78 145 44 182 73 117 164 155 187
3751 1462 4951 516 2381 4981 791 2144 4092 3280 3623 4836 2976 1035 319 4705 3980 4524 2434 749 3998 3624 2388 573 3549 3600 594 1562 2722 3929 2638 4560 1558 743 3141 3454 3396 3948 1794 4517 514 3226 479 2696 3560 1646 2102 3881 811 245 1224 3073 4395 2289 3610 1052 1535 2377 2148 3793 3188 723 3834 1223 174 1574 2262 4081 548 1401 1729 4525 2481 1043 3950 1225 4129 2132 3236 366 4216 3303 1381 2833 2178 3196 4451 3087 2338 1468 1074 791 110 3560 3109 2166 1774 577 341 1500 4311 1750 617 2750 1662 1455 2432 1246 2629 3358 2786 3571 4620 2766 2867 801 2381 2952 25 985 4807 3601 3027 2055 3242 2446 3080 170 4011 2874 4887 4593 494 59 2180 2777 4998 4174 3729 887 2756 3168 173 2364 3157 1618 2764 2801 917 4918 4982 1308 4820 2885 1101 1480 200 683 357 2003 4077 1493 2075 1151 4472 779 2128 4117 2985 3790 4255 419 4490 1880 4897 1341 1196 2037 3134 2910 2953 126 126 670 2875 27 3473 3046 1524 1047 2063 1587 340 2248 2377 2720 4826 4985 514 2692
1462 1552 4275 1843 968 4498 426 2809 1023 1104 2300 3523 4184 4968 3018 1441 3338 1334 474 3734 2632 1217 4154 1450 1957 3567 151 2882 2145 1277 1354 1468 4465 108 2639 1894 3396 1598 3631 2699 3105 4863 2303 2752 1761 840 680 4382 4125 2509 3453 1979 4665 282 3095 2795 1577 1777 3862 245 2572 3840 3352 3465 3404 1115 4721 4708 2334 2339 2811 1819 2175 3803 1618 1179 4440 3360 2178 1695 2720 2159 1216 2314 3268 1395 1245 1666 4012 1045 4913 4286 1227 4142 105 2204 4319 2943 2497 2106 3354 571 3073 2395 591 378 3711 1473 1602 505 3244 3212 1641 3239 1897 3133 1108 4164 731 923 3071 435 3717 3642 130 3101 990 4060 2670 2511 1237 2322 737 2859 2515 3409 1531 4922 3861 1088 3360 892 4586 2582 4013 4848 144 4827 2783 3886 1378 4778 3495 3791 749 2021 409 3627 4029 2521 4783 4157 1935 1731 2042 2285 65 1442 2308 2951 703 1419 2602 4520 3259 2095 2349 4793 1586 4903 4426 4631 1149 3679 3951 1896 3649 115 892 499 1379 1786 2279 368 3394 2872 2579 4524 3411 1679
4951 4275 273 1565 3409 4808 1360 4840 3739 234 3616 3592 865 324 1026 2945 3306 4766 3768 4020 4434 3766 4545 587 2575 1270 4882 3984 2944 821 4339 2590 4573 4157 4747 2387 2901 1506 4091 4733 837 3793 2932 3736 4596 4319 3630 3144 3063 1885 4194 3924 2104 2341 1482 2040 1861 76 3955 281 881 4126 2239 4379 1313 4807 2155 4671 219 1187 505 4880 3413 521 1203 2772 1608 3465 560 996 305 2410 4293 2745 2261 3840 2584 3602 1217 2287 736 3017 2936 2258 583 4528 3545 1649 2673 3767 3371 4280 2807 216 1270 4625 1618 412 4408 1909 1093 2089 2097 4664 3034 2701 2277 2886 4575 975 1200 4225 2004 3083 3203 3771 51 3573 1979 757 1997 2600 84 3811 352 3197 4926 1322 1167 604 3784 309 1813 1217 2145 3809 1693 204 4981 4990 4295 3165 879 256 4519 4257 4383 1062 4063 4113 160 2637 71 1445 412 235 1709 563 4512 2064 3067 330 2328 3062 747 431 2398 1755 3011 2766 2668 2270 1106 3417 1240 117 1710 10 3374 2359 1396 2765 1393 48 3588 1101 1103 3312 1098 4751
516 1843 1565 4136 4423 1521 964 1318 1919 4506 859 2037 263 559 4864 1901 4381 2753 4720 2158 2221 4089 4577 3027 2032 4532 3573 3527 203 1297 2372 2661 1587 435 4563 1893 1861 117 3405 4628 1527 4139 4821 4068 2851 1594 1282 3721 678 2483 4899 2969 386 1288 2448 2306 4565 3480 501 2060 4364 4181 3303 4540 251 2082 3132 3645 3969 573 1354 4135 2675 87 1800 1766 154 1634 3405 3933 4975 3230 4665 4191 1418 2844 51 3137 2600 2426 4516 138 740 4074 4097 721 4441 3424 3568 3943 328 3886 1106 229 343 2008 4312 266 3562 2677 4376 2065 274 339 307 504 3038 3420 1852 2312 245 728 1056 3026 3305 3056 45 2745 4459 754 1210 44 4125 892 4209 3876 4797 557 2328 2142 3016 2773 1182 202 889 2626 2030 1940 2842 57 4547 2176 1986 3667 4909 176 4176 1421 4844 3456 1899 4683 1926 2606 477 1012 1856 2625 1838 4394 46 4295 2516 4728 680 133 2767 2288 1560 4907 863 1511 949 695 4282 820 998 4020 2281 1166 1153 4700 2313 4003 997 4063 576 1353 92 3253
2381 968 3409 4423 2767 232 2520 4455 4377 3514 2843 3592 724 823 4435 4721 3733 4925 174 1247 3528 4185 4377 1570 4601 4538 2285 1375 3300 726 4340 3428 2947 2644 3805 1090 642 2528 3790 1219 3418 1287 4886 652 2331 76 1733 1176 4796 1313 3566 845 4718 2594 4511 2958 3763 3396 2566 3882 853 382 1671 4858 1438 634 1895 1958 3061 4189 645 3812 3657 3990 829 1045 1422 4482 2872 172 822 382 4470 4557 661 2253 2522 3589 2363 3175 128 1011 4604 1050 1214 3318 3571 4265 765 1840 2875 1306 4766 3312 3652 127 1336 2997 4249 429 2409 4554 4562 4168 4006 1977 1513 1983 3073 3532 3800 835 2626 785 4672 4983 964 764 2069 1347 188 4545 78 3514 1658 4418 3575 4981 1038 2408 3530 4953 2774 1978 1945 3462 1811 1412 4186 3629 3489 350 2577 2206 3307 3965 2547 1182 241 768 1322 4264 321 2802 1229 280 1486 2618 4171 2305 4458 3669 1280 379 33 373 67 4343 1314 2358 3670 176 3903 3331 525 4139 619 750 3226 1186 1998 1140 360 1671 4818 4762 3424 285 3943 2174
4981 4498 4808 1521 232 2995 511 3197 4595 3540 1172 3571 1265 1928 3506 4759 639 2740 1860 726 4365 3205 1548 3024 1978 3790 3116 1129 1500 1399 2849 3285 1695 2885 1332 536 2647 3976 3766 3919 3659 1213 2425 810 1563 15 1004 3365 4402 1709 3629 3926 4953 3511 3034 1892 3139 1864 2452 2313 2860 2225 2137 1152 2387 413 106 4645 285 4225 1688 4003 1198 1043 688 299 347 4799 275 4415 4492 3128 86 4501 3147 1547 3962 4308 911 3149 4545 3730 2620 4031 3716 652 496 3762 1011 1827 4212 639 4178 1689 1868 4711 1602 4701 1342 4871 3245 3495 290 2924 132 2961 3172 4077 4381 1499 388 4866 402 3478 1801 4902 758 4248 3006 2802 1923 1949 4279 2573 4677 3577 947 4141 4118 2462 2501 2591 953 96 2202 4171 3362 4652 1988 2387 1696 895 1810 3362 4168 4955 29 3708 4452 2046 4726 4770 4437 3094 817 4286 3499 4328 4360 211 4814 2918 4251 1701 726 4041 750 301 305 1194 1749 375 2457 4595 1635 1078 2812 98 3960 4042 4205 2155 3509 2766 192 902 116 2824 1032 1611
791 426 1360 964 2520 511 4573 4513 834 102 3814 124 3816 1421 128 1182 4149 4869 635 4674 2295 1056 2715 1120 4457 2738 2736 551 3657 4364 4907 3581 3599 439 3411 197 1988 4159 1362 2169 2678 1261 2182 3779 4468 1579 1058 1428 2603 3055 2419 3498 1483 2958 1049 2457 1956 2367 4385 730 1695 4675 4867 2141 1115 1064 2226 2347 3273 3100 1072 2687 1875 3774 3563 300 3948 3928 3249 421 3001 207 2150 2738 844 3811 3533 1169 1065 581 2122 3723 940 156 3861 736 4629 3208 3108 199 2500 2180 3011 2438 2945 2567 3329 1623 4833 2986 2237 3101 642 4827 2626 2616 1418 712 1675 4987 611 2872 2234 3244 4448 1527 1506 1515 96 2818 2591 3340 2554 1030 3858 3636 67 4679 4136 2736 3144 4995 3570 894 3632 1660 69 3628 3660 2978 4247 1797 2412 1357 2168 4827 1856 4346 2850 242 3265 1229 3251 2370 603 2839 477 1124 4004 792 1850 2972 4129 4060 4851 4864 199 1417 2620 4989 2050 4882 1373 3596 3279 2803 3726 3265 3309 4641 1868 669 487 1282 3736 3724 3913 3258 3694 1660
2144 2809 4840 1318 4455 3197 4513 3194 3013 4667 3892 3308 1422 3262 3164 4298 2240 4496 4193 2719 2539 2352 3885 2487 3306 251 1070 1694 4965 791 2042 3761 3116 1964 1418 3356 1938 3011 58 2451 4127 4818 917 3062 2495 4848 347 4326 3466 3742 3268 1858 3577 397 2952 1869 433 2558 4727 1102 1328 4401 456 1834 2580 93 4505 3760 1725 4958 3679 2067 3344 4688 4012 1020 4283 2480 1089 3312 3303 2981 1872 566 4465 1425 3906 2453 1507 4717 2558 3208 4499 2714 950 4300 2243 933 2485 1488 3229 4487 519 1371 2781 3268 2441 270 4209 4287 2310 2597 623 1464 3316 4361 689 1724 1775 1424 3479 3019 3166 3859 3009 795 4579 4460 1441 1641 705 3167 1882 2007 1846 492 3504 3459 1630 1975 2124 3975 2184 3608 1205 1045 1422 3505 1863 2732 3744 1222 1284 3462 2275 4477 502 321 2164 4519 3481 931 1973 2033 2238 3467 1024 3631 1169 4989 1909 3809 3615 3012 677 630 1578 892 1343 560 4664 559 436 1660 2806 3447 2481 1210 4043 4887 4518 753 523 1335 2608 68 4445 4440 3965 3004
4092 1023 3739 1919 4377 4595 834 3013 153 4497 3891 4915 1970 2071 1525 3099 3514 3884 3141 3737 4904 2974 4281 137 3498 2943 1071 3927 883 1328 35 4266 740 4679 672 3875 3902 1754 977 2513 2237 1781 4825 4781 847 2818 726 4780 1087 254 2031 2325 3166 3066 475 2977 222 1101 3312 1051 1168 33 4003 1384 652 1186 3112 246 243 4579 4615 4507 968 4168 3403 3151 2145 4242 4794 2723 2227 3220 819 1857 2597 1913 3630 2722 4896 2277 3444 4856 2787 4911 1143 3987 3816 2998 4626 2324 4789 3493 3764 2351 1032 3427 1659 145 3288 3729 2029 57 4295 1424 2815 4383 2973 447 2622 1737 3711 1302 15 1053 1212 806 4076 3927 3706 1871 3616 1142 70 4809 4905 1614 4052 75 4024 1996 805 1517 1708 2475 1769 608 3452 4673 3589 2994 1297 1067 3890 1269 3204 4610 4341 87 1462 4713 4820 3845 1238 79 461 499 2643 40 664 3278 656 3219 3441 4147 4382 379 4258 3430 122 203 1468 3487 3691 3565 92 1003 3795 2054 3372 2560 4828 1869 650 4833 2793 969 2537 1722 4889 695
3280 1104 234 4506 3514 3540 102 4667 4497 2824 784 4370 2567 1234 3366 3339 4948 3823 3389 1612 4969 946 3992 2164 389 1502 2385 237 721 2552 2816 180 1217 3572 2175 4362 3364 2186 1884 740 2843 2726 1451 4684 324 2047 1957 2049 4327 2712 4584 89 4493 489 4143 795 1941 4028 2157 13 3758 237 345 1346 3531 85 3164 2063 2894 3582 3998 4128 4484 4411 3587 4963 926 2862 569 4060 3447 944 1945 2679 2633 627 663 114 3827 4316 4973 1845 4801 2357 3957 3628 4749 1907 2991 4567 1679 3202 3804 2568 3418 4400 1425 3266 4787 3145 1250 4896 102 2214 2894 1026 929 654 3152 4522 4059 3238 2042 3066 3341 804 3253 4071 2661 4871 1810 4435 3950 3049 1558 4564 2386 4874 3145 695 3729 1297 4612 1365 3395 1723 1614 473 1371 1341 1198 4355 3034 1787 2596 3545 1410 1716 3213 3122 2827 3354 4147 1217 1801 4403 2120 1722 2119 2217 1686 3583 2075 1795 468 3547 1439 1458 2319 1144 3655 1529 723 2502 4177 4033 3562 2166 4546 1801 4388 2467 2127 3679 35 4834 3745 1172 4330 2140
3623 2300 3616 859 2843 1172 3814 3892 3891 784 2916 1343 2561 3458 4959 35 3523 3073 2604 1969 2822 745 1423 2505 2368 2308 3357 4827 2635 2383 1201 1482 4643 3310 1439 3927 2284 4578 4433 2480 2817 2500 3624 1695 769 4495 35 1361 4675 1674 429 1781 4301 1513 358 4728 537 747 1785 2683 256 640 2845 593 1933 4407 1789 4415 4377 1627 242 408 494 4800 1341 3156 2877 1846 1992 166 4817 2311 1103 3921 3387 379 2062 3763 1556 4978 1543 807 37 3359 898 2397 133 4142 1606 4562 1374 2351 2176 4901 2278 4899 533 4826 2562 3502 3435 480 4697 333 4510 1271 1821 1774 576 3714 4814 412 4923 2176 2798 1545 3448 1983 2183 4759 270 3456 1805 4445 4477 323 412 4407 2542 4666 2421 4955 4047 3631 247 4560 4784 4630 1015 1248 2430 1777 3306 430 655 4161 4808 1321 1721 212 3513 2735 1537 1131 1377 2209 1149 668 2859 2407 4160 1739 2458 4151 4495 228 1464 1256 3931 1299 2286 2211 129 2893 2878 886 1218 572 3175 4597 4783 745 2450 2414 1426 4286 4761 4088 4190 4748
4836 3523 3592 2037 3592 3571 124 3308 4915 4370 1343 3089 344 4660 4681 3332 3441 4885 1057 219 3888 713 2527 744 1280 438 1284 1033 1910 2642 2077 655 1530 521 4130 1979 3569 1054 2275 2958 2960 3757 3070 2782 3147 2015 4476 2996 4586 2367 4081 4035 4535 568 1478 3487 492 1270 3275 1608 2785 3853 285 2655 4186 380 3225 2456 3615 2438 2517 1663 296 453 4952 4983 1831 587 2290 1545 2193 1865 4400 3652 4391 2394 1952 3838 4066 564 2342 3501 1191 2369 2951 1023 466 1123 2868 2566 1475 3420 4786 4755 3884 3506 3062 2618 2152 645 1623 1952 2372 1748 802 1137 871 1011 2531 326 662 3662 1058 1639 3470 4811 1824 2983 4384 3656 4621 1081 2636 2689 1726 4613 2600 2961 4119 2772 42 2759 350 4404 4849 366 4220 40 4858 1872 4789 144 4789 2341 4028 3550 3494 1755 2944 3361 289 4039 4741 3115 1442 2327 597 4983 1208 4777 2212 3020 214 3404 2509 2357 968 2138 3300 3436 920 3536 1026 401 260 665 760 2274 3280 3988 1686 1842 1591 2985 4901 917 938 3344 3037 666
2976 4184 865 263 724 1265 3816 1422 1970 2567 2561 344 4230 3466 2752 1581 1379 320 4288 3089 1260 4657 4392 1835 2327 2111 4096 213 4048 125 4482 477 3006 305 3343 478 817 3225 4390 4230 923 2117 4646 4681 3558 2026 3134 1731 1260 4365 509 80 2427 4565 622 4632 4193 570 4534 2493 4763 3367 1279 2878 527 703 1037 1628 3418 2259 3024 1388 1418 556 3291 515 3270 2725 3080 612 1422 4840 1111 4021 4416 4443 4517 2794 4005 892 3041 3132 4328 492 751 2383 3683 4990 500 722 4528 3806 4475 2608 136 270 1391 607 286 223 4910 2243 4588 2930 2323 289 3879 3325 4150 1678 2670 4832 619 3652 407 3248 3301 3836 3222 4060 618 2852 4688 4915 2174 1027 906 2793 4446 3194 4130 4083 2738 445 1634 848 698 1211 2805 3922 2169 2933 4793 1802 3790 3018 1745 4483 3607 3446 634 4505 4807 4100 3670 4525 2179 4426 4349 77 2277 3420 2532 2212 1961 4529 4151 1305 4421 2011 2558 4993 4863 2683 3465 3132 471 4280 3107 1263 567 895 1309 428 4329 3479 2582 118 464 1692
1035 4968 324 559 823 1928 1421 3262 2071 1234 3458 4660 3466 2416 49 72 1961 4109 4874 1595 4133 335 1674 3462 4559 933 3046 1737 4392 2179 45 3266 4621 1713 737 994 2900 2183 3827 4101 3906 3508 4676 3157 3099 3512 1947 2234 4965 2075 2368 4863 1347 2909 1397 2796 4981 4933 3174 709 2172 1358 3359 4439 2139 3233 987 2096 581 2460 4122 3812 1362 4718 913 864 1814 2391 1625 1739 4174 1389 4357 4689 4380 44 3388 2007 602 3120 1652 3567 2348 1858 1342 422 759 3874 38 3282 1483 79 1252 2445 3547 1190 1656 2056 2602 4678 410 2533 245 1160 2173 451 4172 588 4322 1527 1781 2203 4525 3588 1573 1498 731 4831 4670 48 1649 2688 4032 2455 3758 164 955 4990 4933 4470 482 3145 3091 243 2433 1589 1398 3759 1014 4518 4651 2141 124 528 4356 1397 4009 666 4965 3936 2311 642 4747 2131 3437 2618 4742 4495 1202 1181 3143 1769 2209 4200 1171 440 3790 2068 2052 1902 3668 186 2821 4869 379 2128 2619 3368 1256 2672 3285 645 2041 4380 2709 1874 3531 1694 2016 81
319 3018 1026 4864 4435 3506 128 3164 1525 3366 4959 4681 2752 49 3051 739 3310 3997 606 4036 3789 995 3454 1405 4811 2128 4895 4060 806 1588 2765 414 2689 3935 1041 952 3923 4689 1021 257 4277 3514 4727 3783 4374 1377 3577 4364 1471 798 2960 3756 3772 683 3217 1166 1711 1662 4465 3715 3981 2835 1543 3311 4722 825 1153 603 4792 633 1404 4706 2418 4293 2852 2507 1215 27 2737 4473 2202 2095 3081 1325 4682 2266 200 4976 4751 3507 3409 663 1857 4204 1096 2806 3960 4199 2641 1112 1088 2305 4134 4119 1610 1501 2916 1368 1327 4771 666 3432 2824 2705 3784 897 3356 4495 3241 3787 1568 3917 1978 3890 927 1411 2972 1044 4471 3507 4005 2162 1841 441 4387 1365 1316 3306 4437 543 4203 1983 2614 1711 3126 1363 1922 4409 3378 543 101 562 4821 4871 4037 3918 4320 1358 361 4986 4141 2347 1787 3275 857 2475 930 2111 3580 4611 3438 2821 2833 1747 1173 4610 663 669 3200 2827 4648 1505 2754 4065 3859 1248 1553 598 1677 1430 4777 1672 598 2667 3277 273 2038 4580 2449 3070
4705 1441 2945 1901 4721 4759 1182 4298 3099 3339 35 3332 1581 72 739 1564 3622 2832 3969 3638 2393 2342 4666 946 3481 1594 3665 4485 1539 2350 1088 1682 3812 4867 3503 3345 3401 3055 4729 2032 407 3051 65 563 2487 4439 3041 1123 2078 2754 2160 4915 4549 1792 2983 3732 1785 1591 2935 2580 2431 2587 3415 4602 2201 2023 2045 4540 3774 4949 402 3245 4321 20 1774 3358 1070 3641 4796 2894 3020 4326 1185 3922 1843 2862 1409 630 3145 2391 709 2901 4094 1195 4508 2308 2400 296 4999 2019 682 4774 3586 3947 2925 3584 4090 843 84 895 3316 1355 4888 730 468 3734 4456 4672 3885 721 846 2182 4923 4453 3183 4330 2626 3338 4247 1907 58 4527 1122 595 512 3280 2383 4763 353 4777 2261 2157 1344 1390 3300 3022 580 1768 4282 2650 1119 2128 3432 4709 2459 3329 1104 2259 1600 3984 4650 305 1943 4006 1350 272 2846 374 2802 4969 770 2813 4857 4242 2263 1113 135 3488 63 2706 3278 1170 1840 1508 706 1656 1036 4653 67 959 4989 4018 2041 4640 1276 3079 4856 2883 3689 4346
3980 3338 3306 4381 3733 639 4149 2240 3514 4948 3523 3441 1379 1961 3310 3622 3676 2487 2696 2941 3571 4664 531 768 4876 1664 3750 1103 2146 4215 3493 156 3817 374 2534 1361 2034 1608 2502 123 746 3484 4015 1478 1910 3597 4799 1726 2743 3386 1852 2687 1322 1255 3472 3328 1734 4429 4422 295 781 3536 4485 4671 4564 2314 692 2035 214 150 4650 3047 2995 1402 4101 3727 870 4915 4684 4353 4000 2375 1263 1999 1163 4601 1324 4174 3167 1163 4614 2032 2016 4694 4000 2337 1049 1004 1581 3569 4046 597 966 1430 2504 3369 3029 357 3456 3736 764 1593 4048 3451 2506 3025 3330 50 2899 2692 2486 3039 1585 2751 4318 4264 1017 226 4382 1279 815 311 4189 3185 3511 1523 3882 2254 252 217 701 2949 3873 2445 1910 1379 2097 2583 1358 3715 309 2624 3340 335 4888 324 1024 2278 2643 572 4161 224 3591 888 1523 323 1087 1877 859 232 4904 393 2773 2411 3613 526 2894 56 3186 4030 3778 3670 1964 3379 2234 2657 3654 1971 2003 1932 1615 4575 2430 4400 3412 3727 2723 4039 2050 236
4524 1334 4766 2753 4925 2740 4869 4496 3884 3823 3073 4885 320 4109 3997 2832 2487 112 447 4879 161 4989 756 545 3586 3844 241 4635 814 3728 732 1873 2716 1214 403 2651 3877 2820 3270 861 2838 4838 4605 1678 211 1035 3359 3448 450 1585 3599 668 3483 3527 2620 180 461 1649 1603 488 4863 2272 88 2274 2259 1755 770 2386 2227 637 4247 4134 1605 269 1809 3948 4366 1351 4411 4508 4919 4915 1819 574 876 4553 1804 3453 1774 1927 397 4446 4167 4104 3347 3767 2364 3874 2121 322 3195 29 2377 1656 2899 647 1900 1355 2028 3747 3696 3831 1714 2180 2456 1590 1667 1663 1208 883 90 3734 4243 2593 3852 4772 3194 4442 4453 3052 380 396 2514 1507 1778 1207 1045 1140 2150 4515 2341 3594 1342 1133 3703 386 391 3767 1561 4233 3310 4622 2433 451 2571 767 981 4149 3646 832 3657 3391 3141 3179 3687 968 1134 3671 1605 2184 2269 2935 1884 872 3723 1479 1356 4193 765 2241 762 660 2257 4453 1576 3849 4833 1374 4211 1200 3655 1895 4535 1324 1654 129 461 438 1771 3342
2434 474 3768 4720 174 1860 635 4193 3141 3389 2604 1057 4288 4874 606 3969 2696 447 3780 2880 4520 1703 1788 1690 3846 195 212 946 977 3305 3271 1989 316 1622 1760 2924 4123 113 3016 4412 4186 3521 4356 2275 3138 3578 1069 4476 2352 4840 1041 415 4006 2408 4609 2266 2819 97 33 2610 4426 3296 572 958 1083 2979 1865 1062 2387 224 1757 3832 1368 1649 2394 4553 409 3264 610 4090 4762 2759 148 472 2646 4331 4035 4257 142 3295 2822 681 3954 4759 4495 482 259 1967 1853 781 715 4556 80 4815 2870 2163 4028 3430 4443 16 508 4805 1438 2112 4321 3136 2116 2850 4791 3696 1858 2410 2674 3242 3599 517 4273 4246 238 4325 1119 969 3318 3990 4216 1575 347 3964 3887 3260 4572 170 1338 2889 2593 1103 575 1291 4055 3949 4339 1470 4764 4698 1519 1523 2299 2973 3373 2967 2561 2058 3331 3085 1166 694 3719 4557 2584 985 1514 3428 4096 173 4151 4423 4049 3573 266 2925 1600 4472 2310 1338 4824 2870 2818 1546 3067 478 2710 4542 2903 3172 2429 2232 3409 1453 513 1229
749 3734 4020 2158 1247 726 4674 2719 3737 1612 1969 219 3089 1595 4036 3638 2941 4879 2880 3588 4044 527 3308 4251 2923 1621 97 2409 703 25 2526 509 2944 345 2117 2144 1413 2875 3390 4517 2013 3514 2185 68 903 4752 441 4010 1434 1029 3632 986 848 429 3784 1796 2689 1520 3995 3675 2109 3552 1643 3276 1398 1563 2441 3063 4478 2667 2782 3830 846 218 1690 4534 433 2964 2038 2338 1035 4195 1508 2419 2244 4722 48 337 4695 1467 3742 2495 1280 3755 1952 3604 4624 3223 1422 724 4009 698 1596 1968 662 168 4097 778 4961 608 3643 835 1287 3634 2923 3530 2834 4796 3248 1768 1841 4574 1207 3157 4185 1572 3421 887 3618 732 2905 2819 3561 3331 530 4535 309 741 1476 4758 2603 4147 3213 4368 2086 2476 1894 42 1390 1843 1058 4303 3680 1055 893 1134 4386 2342 1631 37 3279 2570 4142 4766 662 3712 1776 4794 95 2934 483 937 3866 3423 765 1710 1287 121 3042 4808 1269 829 1193 3666 773 4286 1625 4675 1393 2794 4850 499 3816 258 53 1518 4929 2191 1821 1662
3998 2632 4434 2221 3528 4365 2295 2539 4904 4969 2822 3888 1260 4133 3789 2393 3571 161 4520 4044 743 1983 1623 1645 4008 3479 3112 1667 4463 765 2366 3383 2232 2133 3139 513 3510 3974 1201 4617 1648 3078 2275 2209 438 2264 174 1635 1809 1957 4906 1186 1292 4991 2727 2547 3931 4014 154 4048 3165 1187 4290 2795 332 1965 4087 166 1058 2195 3263 3580 4349 3853 4173 2266 2137 3512 2393 2844 1031 4776 4275 22 4783 4732 840 1378 4075 1317 4325 488 3315 1984 2127 1908 3450 1081 155 4384 3230 3819 2438 2498 1556 1854 2333 850 2475 1994 1047 2609 4413 267 1470 4032 427 3827 2964 1241 1549 2540 4391 4996 1344 981 953 3771 497 2536 2854 3749 4860 3042 935 1802 4621 2454 561 3736 3168 4457 1980 882 2246 2127 2848 2420 3707 4185 2563 1461 3683 1251 1417 4687 3365 4047 3904 1252 1537 1627 4578 3155 4842 4046 2550 4537 4565 4401 1940 2054 4689 2618 3667 1784 3391 861 3122 2201 1466 4368 1336 698 4937 4871 1805 1722 4027 1693 3577 3603 3644 486 451 4835 3860 2159 4062 2727
3624 1217 3766 4089 4185 3205 1056 2352 2974 946 745 713 4657 335 995 2342 4664 4989 1703 527 1983 2127 3447 2426 2613 2930 3257 3671 3445 3541 1037 2806 3489 3082 627 1150 3604 3238 2577 2972 4951 4628 2056 2510 2906 1318 4038 175 722 1953 15 1045 4437 1802 2256 3316 210 1896 1577 2889 4216 2292 4822 4301 2425 1181 496 1042 410 3284 2712 467 209 1409 1954 3052 3574 3803 3255 297 1788 2288 2971 4660 2766 4538 503 1109 31 1317 804 3186 420 3193 2997 3846 1254 2185 1991 1091 1356 4575 1197 4062 4130 1752 1097 2237 1511 3116 548 4201 258 1872 4356 1287 1536 1571 2901 250 4138 4125 3005 2453 2275 2072 1175 4032 3677 1398 1724 4104 2031 1971 823 3372 2442 1418 4157 2896 4242 4614 127 1520 2446 1124 2519 2969 2979 2590 1908 4901 2450 3414 1323 4424 4174 3023 1831 3209 3369 2123 4013 3797 3020 1530 479 4686 2040 1730 826 2956 1599 2266 234 3154 2900 749 2014 3844 4883 3822 368 4591 2481 1501 2144 117 526 4237 4035 4263 283 1023 2725 4234 4104 4052 4736 2938
2388 4154 4545 4577 4377 1548 2715 3885 4281 3992 1423 2527 4392 1674 3454 4666 531 756 1788 3308 1623 3447 2266 4628 1354 2595 901 4782 115 3953 4831 4334 66 3184 1154 1369 1128 4448 463 2617 1218 2509 2324 4248 2480 3625 1173 2374 132 2207 2636 4684 2028 767 1476 770 445 1242 4480 4271 3591 85 4161 4543 4283 128 4348 1453 4087 4941 3640 2821 3833 3784 3075 545 1728 263 3863 3475 3894 4419 647 4341 3319 74 1406 4965 4213 2732 4926 2734 4546 4936 4392 545 3993 2696 673 470 4931 4118 4386 669 4404 424 3308 3152 1177 4855 2206 3154 141 1383 4566 3420 668 1643 4170 2034 1209 3740 4623 1300 3702 212 1320 4918 2605 3766 408 3108 4553 788 497 3542 171 2575 4938 25 2038 2653 4210 3891 1408 3728 3725 1033 3128 321 789 275 4682 3043 2069 4473 1771 2339 2609 2288 1888 2891 102 3736 945 1215 230 1652 3875 700 3184 2328 4098 1131 2983 3530 3521 1157 3793 3104 3872 4949 3991 4256 1745 3191 3723 1158 4518 2956 123 558 1560 1320 887 269 1105 4847 471 2423
573 1450 587 3027 1570 3024 1120 2487 137 2164 2505 744 1835 3462 1405 946 768 545 1690 4251 1645 2426 4628 1252 3624 365 13 4629 1214 3726 3124 3157 794 1595 4695 4573 1179 2614 1580 238 4883 3687 4072 3549 987 1168 2458 4626 1494 115 954 4666 4423 2122 4169 1859 1632 4059 3959 3681 612 2216 2274 3382 282 4791 3923 4630 446 620 2745 2298 2793 1061 2483 4860 3441 4454 1202 1656 321 4206 4564 3208 2367 291 3523 889 3069 4850 2904 3538 4014 4726 4927 3777 2240 2322 55 161 3700 857 1336 3188 2976 2456 1228 650 2252 1786 51 4729 1311 1864 2831 1631 4828 4885 3001 3451 3996 4739 679 985 1243 1957 4259 2154 1305 3576 1606 516 4457 2261 1995 3028 3729 4901 1207 73 1148 4564 4698 291 2356 1952 4355 1675 3725 4559 80 3003 1968 1899 4669 367 3819 2484 3365 2263 1631 1604 3900 2635 753 2795 971 1492 262 1733 4713 3860 2559 1706 4996 3834 1885 672 1921 3047 1042 3649 3083 2812 4998 4675 613 1648 3422 1141 2731 565 1126 3059 3729 2710 2548 707 141 3237
3549 1957 2575 2032 4601 1978 4457 3306 3498 389 2368 1280 2327 4559 4811 3481 4876 3586 3846 2923 4008 2613 1354 3624 1595 343 2144 3897 113 1330 4294 2827 4795 391 2514 1559 3801 535 762 252 467 4338 465 1189 1495 2822 1259 4929 2206 3914 563 336 3985 4492 1102 1162 2969 1937 1454 287 1808 4450 4771 2098 241 1457 4261 2150 1360 635 3374 4002 3423 2289 2752 4153 4674 4689 251 3409 2014 947 3817 1092 2355 851 913 1397 4924 311 1819 4775 4495 417 1031 4563 822 2142 66 4644 2369 3295 3968 3037 4700 4718 3004 41 893 4005 2760 4672 3447 1702 4458 4090 3893 3477 75 3206 3224 1898 1584 2967 2894 679 753 660 3511 1866 1849 3169 2629 2124 2144 1585 3962 3547 2263 523 4700 2236 171 138 1036 4741 1750 190 4383 1450 3333 3749 4650 2689 554 3334 3338 3629 2629 2571 3415 1240 4564 3511 922 3190 1196 3536 4109 422 1375 1895 1344 4183 800 576 2782 3623 1595 624 2219 1011 407 1451 3254 2067 4735 3410 1617 1749 18 680 1540 3849 40 602 3912 3963 2505 1532
3600 3567 1270 4532 4538 3790 2738 251 2943 1502 2308 438 2111 933 2128 1594 1664 3844 195 1621 3479 2930 2595 365 343 1701 3420 2842 4326 3040 2698 184 4159 1911 1079 1516 2150 3497 198 1973 447 2297 1048 2884 2647 2280 3798 4284 3962 4470 2726 4862 2923 2501 825 1347 1188 4065 4467 2200 736 4067 2474 3926 4685 3787 1001 425 2977 4823 553 4529 1449 2741 4207 2157 330 1953 211 4718 614 3848 361 1057 2730 333 4887 1573 3373 712 22 125 3080 1705 3457 3893 2105 1651 1485 3620 2117 340 2686 2266 1533 1181 1407 4802 477 603 3511 1590 266 2287 825 2031 2855 2777 1501 3337 229 4572 3206 3146 3906 2639 779 165 1593 1180 216 2141 2935 2934 172 4840 2155 859 68 917 2569 3237 1367 734 3194 3700 3009 3343 1070 4735 1540 3068 4566 1949 2236 4356 3124 1940 1593 2999 33 2896 214 1361 3376 4194 993 1653 4578 4541 4811 1045 3011 4597 4634 1449 1618 40 2065 4527 4038 308 407 2181 1852 3598 2461 4294 4957 3085 3649 3559 1174 1733 526 724 2076 3064 2261 4959
594 151 4882 3573 2285 3116 2736 1070 1071 2385 3357 1284 4096 3046 4895 3665 3750 241 212 97 3112 3257 901 13 2144 3420 2588 3540 4257 4621 2056 2641 4276 3523 3361 3816 266 3887 3373 453 2614 1439 3351 882 2161 1201 1069 4066 4732 51 4871 300 3666 2606 3637 959 3697 4777 2034 3716 1843 4815 4579 4327 1582 975 78 4022 2690 4436 1874 785 2293 2897 1072 2437 183 2713 2537 3886 1646 113 3605 1213 3295 2436 2379 3349 2787 1763 3407 4066 2805 194 528 4560 1244 983 2525 4502 2177 3824 3567 3288 611 718 1389 1210 119 1639 3066 215 4684 833 749 83 1491 2488 219 3841 1463 3552 2545 4414 785 409 919 410 3527 4505 2096 184 3287 278 757 207 1893 2637 287 1769 430 3076 307 1548 3991 3698 193 3473 4998 941 3952 3238 2557 2674 2726 1444 2671 1686 3011 3282 3054 1092 3986 766 42 1310 4584 3272 886 1498 1675 4834 1533 4004 4055 2159 3398 419 3252 3726 320 289 2693 2369 4349 942 1548 4348 598 512 3726 2359 18 3364 3617 2753 841 1766 1317 4418
1562 2882 3984 3527 1375 1129 551 1694 3927 237 4827 1033 213 1737 4060 4485 1103 4635 946 2409 1667 3671 4782 4629 3897 2842 3540 2614 4434 1420 3742 543 681 2723 633 3030 3521 3678 2482 2726 3985 4179 1840 2608 1189 3136 680 3418 15 1826 2149 3038 4301 1659 4543 3196 1796 1479 661 3304 2543 3364 695 3387 3916 4572 3060 2534 2302 2164 1381 2916 1770 4246 2411 2072 4546 1756 580 2604 1148 561 3671 2726 2981 1371 1070 3536 2028 4440 483 1089 455 2465 2057 1635 4684 684 2969 2663 2927 4001 514 166 1776 2825 4801 3321 915 4303 634 1041 4605 4997 3446 2411 3230 2504 4403 3568 3119 38 3318 60 773 2038 3903 4392 3588 1059 422 2087 872 1818 3048 651 2931 3400 1844 4060 469 3665 1125 769 3520 3675 3757 2104 2416 684 1187 3824 210 3392 4172 190 3966 4369 3106 477 729 709 2508 4903 284 1416 479 4500 3754 717 4164 2970 4011 4912 2800 2636 1977 818 1127 1701 2120 2734 1368 2736 4053 3220 4980 3563 1436 473 1509 4778 1597 3135 2025 1397 2503 2464 2852 3859
2722 2145 2944 203 3300 1500 3657 4965 883 721 2635 1910 4048 4392 806 1539 2146 814 977 703 4463 3445 115 1214 113 4326 4257 4434 1109 4913 2320 3776 4653 3322 1557 4201 2537 528 664 1981 355 4757 3104 1531 4790 800 3391 4882 2027 263 2056 1316 3907 3500 2041 2487 481 3859 1370 4503 1391 4584 3511 1820 2360 947 2328 3508 4346 2803 2323 1523 327 2451 1764 3720 4296 4434 480 237 1431 1640 3360 2164 3936 4643 1911 298 697 3534 1837 104 1507 361 414 2821 2273 140 2559 710 3106 3288 2717 120 2142 1050 3401 2320 2801 3193 2640 3141 4737 3105 2655 1645 4829 3704 2525 3432 4900 2737 2429 4555 880 2194 2900 1632 4765 3194 2868 702 3163 2642 2184 3197 1633 4604 166 3922 2000 4524 160 2223 4262 1561 2132 4840 1599 1985 66 1235 426 4631 2092 3280 3790 2530 1923 2144 3086 2109 149 850 10 3752 321 244 3829 1889 2858 3277 980 157 4205 1476 4679 3234 2907 2005 4683 635 724 2731 1639 1783 2117 3088 461 3822 2437 1128 4460 2354 3627 1057 1342 595 2177 3485
3929 1277 821 1297 726 1399 4364 791 1328 2552 2383 2642 125 2179 1588 2350 4215 3728 3305 25 765 3541 3953 3726 1330 3040 4621 1420 4913 1809 2673 1717 1339 1775 4709 1714 2042 3072 2174 2252 3237 3464 1389 1915 1786 2342 3141 250 2170 2975 4908 63 835 1601 2778 4209 1157 3471 3472 1407 2566 3310 1063 4400 4771 2314 4114 3872 548 4534 553 115 2410 1081 2860 1321 4457 2285 4649 4023 3403 3013 1691 797 3627 4498 3964 3998 1904 660 4581 527 3817 2003 2302 4437 2982 30 1550 4005 4790 3964 2423 2569 2521 52 3215 32 3310 3460 4637 2245 271 672 3695 550 1974 3942 3057 560 4381 4146 3063 382 3844 3961 4110 1679 3504 893 3258 707 3002 4087 804 2728 3850 2574 526 3489 4705 2474 570 4537 2770 4792 4397 2737 2986 138 594 409 1477 4376 2034 2561 2853 3638 2231 3366 2848 4582 2600 2161 2620 2617 4965 1861 2345 2825 4005 3070 4540 1881 1788 3122 1032 2562 4230 1363 318 1910 3537 1837 558 3337 2141 4437 3330 3139 2172 3265 1147 4867 2466 4271 2858 1817 3387 798
2638 1354 4339 2372 4340 2849 4907 2042 35 2816 1201 2077 4482 45 2765 1088 3493 732 3271 2526 2366 1037 4831 3124 4294 2698 2056 3742 2320 2673 4412 2677 1568 3425 4906 3549 2059 2046 3428 3469 4973 56 1690 2736 893 1802 2780 1637 1509 4126 3708 2329 1540 2227 3145 2064 4591 1813 423 2615 1437 1274 342 2772 1825 4448 2587 2614 1531 1200 2792 2148 2262 2428 53 4063 1872 237 3210 1195 1518 1441 1899 419 3378 452 3205 1623 101 4709 3669 11 4226 3518 4301 958 969 2577 1725 499 3331 1696 4388 4626 2768 583 4872 3501 3607 316 37 2333 2816 1291 825 2665 1194 272 2132 940 2983 3356 3623 4529 1488 2531 874 4555 895 4584 2250 299 635 3378 4618 4171 230 626 104 99 1697 3971 3559 2356 2370 1173 1386 138 2092 454 2657 1866 2944 2892 898 4367 738 4131 3432 596 3448 1717 4866 2908 553 4924 217 4962 2576 4314 4545 3371 3086 4033 1654 4098 4784 288 2616 805 3309 3141 4990 135 2499 1082 3672 2732 357 4806 1570 3219 3863 942 4783 1851 2489 1646 978 3172
4560 1468 2590 2661 3428 3285 3581 3761 4266 180 1482 655 477 3266 414 1682 156 1873 1989 509 3383 2806 4334 3157 2827 184 2641 543 3776 1717 2677 513 86 1830 3497 4421 1852 231 1037 93 448 709 4466 2854 2061 1298 4772 194 1219 1286 4997 3100 2370 1643 4361 621 2356 1448 3445 3758 2329 3867 209 3575 1058 3025 3260 3397 94 1177 1143 3045 2298 3575 1435 3578 1897 2018 1277 903 978 403 181 409 2975 670 2584 2784 458 875 719 1153 3370 2497 2449 4182 4256 1924 88 1774 171 3429 4118 4096 2736 654 1522 2643 167 4667 3569 3247 4642 528 1557 1037 4124 18 4406 3872 4414 3809 4415 344 720 848 420 399 3666 2060 2237 226 2111 1544 2663 552 4173 3988 4798 1121 1592 2317 1637 2671 2436 4379 319 4639 1784 2872 1163 3115 1058 770 2539 4133 158 1702 2852 2756 1810 2097 3806 2429 2906 4924 1516 4301 3253 4547 4618 4176 2170 3625 858 1834 3373 2097 179 1133 4415 4258 2696 3177 4717 4962 3999 3391 4041 461 3628 3556 2990 4083 4804 3682 582 1063 2226 32
1558 4465 4573 1587 2947 1695 3599 3116 740 1217 4643 1530 3006 4621 2689 3812 3817 2716 316 2944 2232 3489 66 794 4795 4159 4276 681 4653 1339 1568 86 3212 1640 1112 3932 1793 688 2010 1662 1614 255 1056 2163 2894 846 939 4675 4739 3406 3145 3514 451 2850 2863 3548 1147 1446 3232 4004 2562 1383 1806 832 288 3977 4387 1318 319 4017 3409 1706 54 1517 4759 3364 835 2913 2843 1835 2649 4620 305 1059 935 1439 4539 3017 2225 500 4246 1191 194 20 1085 1522 1144 1403 2330 2640 1793 471 386 4070 2503 1666 4474 2675 349 4987 2595 347 4590 1566 3610 2004 4965 3242 533 680 4223 1805 1321 129 3421 1204 4353 982 1511 2100 4884 2609 2614 3730 3444 3645 1645 2589 2023 235 4862 3692 137 2052 810 373 3596 1270 4712 1129 177 2930 1887 3825 1560 636 1991 3336 3467 1789 586 4294 2158 1737 3286 3065 4959 2347 1735 21 3344 3548 1136 1946 2512 727 4821 2048 525 2568 3857 2265 4847 4734 59 3594 3287 4917 2235 1609 4732 4565 1132 1358 3610 1446 139 4838 4890 1486
743 108 4157 435 2644 2885 439 1964 4679 3572 3310 521 305 1713 3935 4867 374 1214 1622 345 2133 3082 3184 1595 391 1911 3523 2723 3322 1775 3425 1830 1640 3629 2501 4427 4661 3620 132 2136 4690 3305 3958 4200 2003 1899 4803 826 274 1866 2229 4808 2201 3868 2967 1239 1333 337 725 85 329 1599 3403 2994 4452 3646 3779 4406 1672 321 3880 3124 1295 757 238 4660 2975 2849 167 2939 3948 195 2606 3936 1899 4443 3839 2465 1021 3664 185 2429 3844 4399 2501 4751 776 2508 566 4891 3809 636 3626 4968 1233 1387 3545 3510 117 3178 2195 3184 1352 4291 659 3094 897 3532 2112 4741 182 1038 4724 824 3603 4501 4005 1521 1973 443 2431 216 2861 509 4275 776 2861 127 1825 193 4018 1350 810 4487 3731 1346 693 4906 1462 1058 2379 400 408 3428 2548 3678 1412 678 1206 1032 1561 2146 1772 4465 3702 2961 3876 31 1344 2924 4572 3470 3784 4473 1081 4838 4395 2660 4259 3146 1116 4224 3158 3738 3947 564 3627 2291 3167 920 3435 3259 3759 2086 1354 1529 4377 1335 3706 2522
3141 2639 4747 4563 3805 1332 3411 1418 672 2175 1439 4130 3343 737 1041 3503 2534 403 1760 2117 3139 627 1154 4695 2514 1079 3361 633 1557 4709 4906 3497 1112 2501 479 2014 987 1841 3183 3195 4910 4134 2734 4279 28 2016 103 3322 2310 4025 201 3536 1213 1237 2139 4844 1423 871 3444 2831 3063 3287 24 3485 3525 1977 1264 4551 450 2133 932 3934 2876 3383 2201 1604 3312 3595 1747 4973 1351 1486 301 53 2868 3959 668 2746 3984 1378 513 4127 1080 2365 3334 1655 3504 2233 3255 4901 4595 4389 342 483 1234 4660 4153 1692 1018 4954 3689 3610 2381 2506 94 1990 4609 2427 313 3020 281 614 324 1233 2937 2967 2508 1064 3854 3312 4439 4075 4614 1612 2970 3915 4569 2707 4334 2371 3471 3351 4990 2765 1945 953 1231 2290 2035 3720 3391 4209 3478 2919 2100 3973 290 2050 2436 1918 1100 2089 2100 2887 363 2570 2889 4245 1336 1329 4802 3415 2479 3208 2562 855 2047 3021 2532 3975 474 233 3657 1819 159 3934 437 1915 1595 3843 1373 2423 3855 4757 3490 671 2624 981 2718 396
3454 1894 2387 1893 1090 536 197 3356 3875 4362 3927 1979 478 994 952 3345 1361 2651 2924 2144 513 1150 1369 4573 1559 1516 3816 3030 4201 1714 3549 4421 3932 4427 2014 4367 2886 2286 961 600 2916 1006 1652 2516 2569 3483 2607 19 2486 4697 1398 1683 1681 628 94 3205 2317 3031 3541 2780 1728 3055 184 4997 3071 443 4545 4440 1356 1843 3813 4834 3520 2047 2314 4911 3204 2980 2527 1004 4476 546 3515 3064 748 3662 4784 2278 1061 588 897 2360 4943 732 2919 1327 2413 2789 3237 1778 4787 2820 898 2886 1639 4584 158 1860 339 2791 4623 3706 2123 2021 2838 3265 4814 3347 944 2312 549 3600 118 3963 4227 2293 21 2455 2348 2793 321 4610 3549 4550 193 2340 2958 1631 3610 4259 2128 16 2729 2082 4195 1566 3557 1578 319 2772 1975 1777 2228 3249 651 4989 1463 4637 3942 4133 1803 4505 1694 2952 1365 4011 2757 2602 278 1378 1448 744 2556 661 1908 3638 3771 3570 559 3808 1666 2010 2489 1713 3761 2177 765 1229 3355 3174 2397 1736 4079 4227 1292 4814 4853 1401 3485 2142
3396 3396 2901 1861 642 2647 1988 1938 3902 3364 2284 3569 817 2900 3923 3401 2034 3877 4123 1413 3510 3604 1128 1179 3801 2150 266 3521 2537 2042 2059 1852 1793 4661 987 2886 4109 3053 3090 3633 4111 67 4470 1735 4505 1963 936 3670 1861 1045 3715 906 3030 1182 308 1230 646 4613 778 2482 91 1844 2311 389 3503 157 3021 2845 3993 4085 189 2132 4727 1947 870 2893 393 3240 3166 2082 2097 3231 474 135 489 4843 2551 687 265 4286 520 3896 1529 3668 1262 2006 2572 1798 3976 4114 4378 4273 4916 2843 2120 4817 964 3267 2676 957 2525 3288 4945 357 4219 2713 3511 4602 2507 4271 3829 1355 43 1237 3406 3958 120 4637 893 1976 4319 497 1755 2521 4308 3407 3695 4834 2701 4624 2348 3208 1054 3829 1816 1792 4492 4003 2830 3199 438 3912 1031 3481 2040 3278 1583 4079 4220 4694 3807 4035 1420 3762 4039 4871 216 1954 512 508 2513 23 467 4273 4249 2525 4465 742 2915 634 673 1885 3693 2106 3848 3653 1329 4260 3449 1479 4249 1701 115 3308 2467 278 2456 4171 3820 1379
3948 1598 1506 117 2528 3976 4159 3011 1754 2186 4578 1054 3225 2183 4689 3055 1608 2820 113 2875 3974 3238 4448 2614 535 3497 3887 3678 528 3072 2046 231 688 3620 1841 2286 3053 3995 85 3690 476 1785 1484 4894 1022 4830 866 3863 1717 1004 2951 346 2283 1678 998 2888 1676 1698 2048 155 2768 2643 2174 324 3140 3198 1169 2378 2975 4705 466 2809 559 3581 3698 2968 2953 2082 2413 4643 3489 2147 124 2450 4450 3816 2497 2365 3382 463 2215 2200 2057 4116 1899 268 2428 2577 2916 2684 3702 732 3991 293 4182 2367 4929 3162 2031 3692 2562 1193 1884 3151 2754 3411 2411 1091 4265 1287 3854 3791 1138 2785 4145 2092 3975 169 1181 4825 1118 1479 2603 2399 4103 3633 3310 4306 111 863 2352 1715 2536 1627 3326 3629 4307 3326 4939 4564 2110 195 3324 3080 4342 3051 2896 1669 3090 2525 1860 2835 1720 1238 540 4327 358 1371 2161 4113 995 2305 1816 2343 712 2138 1680 1039 877 3132 3882 3806 3745 3704 3641 4545 4329 3975 3634 2766 407 4635 1426 3498 1798 4760 100 3190 3440 1175
1794 3631 4091 3405 3790 3766 1362 58 977 1884 4433 2275 4390 3827 1021 4729 2502 3270 3016 3390 1201 2577 463 1580 762 198 3373 2482 664 2174 3428 1037 2010 132 3183 961 3090 85 3096 4442 569 872 1573 155 422 765 605 1278 4012 791 3935 1190 3124 4734 1023 4380 1557 666 1300 4206 2534 3468 4038 221 1888 85 1859 1749 4717 206 627 2169 3142 435 773 838 3382 3516 3814 1736 1354 4803 2963 792 3656 4153 2389 4568 3930 3310 1360 327 158 3875 2080 964 2381 2422 3344 469 4095 610 1475 4539 4397 2588 2056 1919 934 938 3158 2124 1168 4277 458 800 1720 2448 3044 4922 3893 4025 1408 1377 876 2965 4913 4064 1856 1079 3661 1191 1838 2806 1782 4260 2609 1831 3670 225 1480 4186 3346 4424 3634 2721 626 2709 1897 4750 1121 4683 1294 4593 1331 2892 1995 2421 2779 846 4895 3604 3700 3623 990 2133 3706 3556 4941 4106 4981 121 1128 3305 2639 366 2605 1407 2048 614 4462 4128 2539 1408 481 1197 1561 3450 4267 48 1069 4812 784 4622 4026 4265 1439 2500 3814 4842
4517 2699 4733 4628 1219 3919 2169 2451 2513 740 2480 2958 4230 4101 257 2032 123 861 4412 4517 4617 2972 2617 238 252 1973 453 2726 1981 2252 3469 93 1662 2136 3195 600 3633 3690 4442 1016 960 2886 4775 2554 3288 2365 952 4460 2761 384 557 3981 3968 1176 1444 3515 3836 2160 1244 1839 289 4789 4756 3992 40 3464 1042 4457 2055 4468 1606 1434 4037 190 374 1709 959 2852 1428 60 3282 2728 2775 807 2439 61 2687 494 234 2761 3484 3536 2344 3942 3457 2306 1255 3969 655 4709 754 4668 2633 3715 536 1176 1406 702 4179 429 3289 2576 3103 1501 2623 2101 415 3196 2124 313 559 84 4328 3697 2673 4257 3443 1003 3597 3850 4632 3669 1644 500 1216 2053 4265 2958 1673 651 3027 4599 3155 2943 4325 3500 1297 4730 1952 1463 553 1716 569 2826 2041 3160 1373 2494 4257 2235 4297 4501 3661 3125 3243 810 3464 3137 4423 3005 3442 1965 1861 1373 363 4495 4005 2835 4028 4210 2578 752 4051 1710 371 4563 2534 4978 3479 3347 4499 10 361 2273 518 4449 4565 3304 4726 3084
