N: 200
M: 60
Symmetric: true
Triangle: false
3 13 179 191
2 15 1
3 156 176 48
3 125 168 148
5 154 113 20 34 193
1 98
4 24 169 103 25
4 92 21 146 55
4 76 126 172 129
3 112 36 60
5 68 181 81 64 10
1 26
4 102 198 114 147
4 187 2 40 11
7 52 47 132 33 152 183 67
4 164 115 3 46
5 153 121 200 119 51
2 41 86
3 107 194 99
5 130 184 185 136 79
5 65 106 127 59 131
2 186 27
3 31 192 50
4 80 4 39 143
2 5 165
4 89 160 109 63
6 157 9 166 195 53 90
1 134
2 14 124
2 149 83
2 173 19
1 122
1 16
4 66 174 30 197
1 91
2 142 116
3 37 73 87
3 117 180 43
2 162 161
2 42 189
6 62 54 61 155 8 190
4 111 45 167 171
3 78 140 108
1 82
4 95 22 118 58
2 49 93
2 44 97
3 178 151 29
1 17
2 150 75
4 137 141 7 133
2 138 144
4 6 69 84 196
3 139 135 88
5 77 85 177 163 74
10 175 28 199 96 120 123 70 159 105 12
5 35 57 38 188 23
4 158 72 100 32
4 101 170 182 110
7 145 18 56 128 104 71 94
2892 2704 489 211 3076 1734 4262 3021 1385 260 2179 192 408 2110 3099 401 3056 4155 4587 2261 4834 3248 2244 251 4521 1767 581 4118 2501 2956 1428 3836 3921 3424 464 3442 20 1937 3416 4123 2416 140 4885 461 1147 4112 995 3217 202 1810 1295 2141 4904 4489 2672 296 644 2908 3904 3676 1015 564 2910 894 3759 2389 4311 4670 3993 4510 126 4199 2807 2028 2587 508 1137 785 3621 245 1250 4792 3186 2990 1784 4353 1115 498 3224 219 4230 3910 1240 3624 4702 3212 4445 1001 2952 2297 96 25 4830 2838 3829 495 4448 1791 1385 3157 539 1710 3251 2631 3599 4527 3677 2281 602 3101 3521 1230 3482 3505 2055 1892 1824 4104 2170 1262 1112 1573 1928 56 3133 2974 4227 4267 1470 1722 3848 4963 3576 585 1782 2863 2829 1568 603 2359 3224 4413 2738 4890 2536 2881 3445 3542 2914 4152 2495 2728 4588 4304 649 1163 2954 1144 2358 569 1847 1993 3672 4929 120 1443 3115 3585 4641 2426 2449 347 3867 1598 1204 2480 803 3053 3764 3835 4103 4310 3849 3068 3926 662 3715 991 566 3818
2704 2050 4278 1606 1777 1897 4086 1294 1156 2956 744 3557 3497 4218 787 84 4815 3353 1411 762 2603 4116 4851 4156 4375 2206 612 1972 3022 59 2487 1285 1437 4875 4449 3641 3130 3706 4855 4825 1504 583 477 2807 1846 2662 1045 4336 3334 3256 2446 4158 915 1999 1159 3989 1117 3592 634 4707 2560 3529 1983 3923 2083 865 2420 4194 1213 184 3380 4144 2496 1163 4991 270 4266 1030 2820 2842 3746 4695 2369 3535 4901 4870 4200 1064 3022 4278 3770 2687 2292 1048 1878 547 4135 1046 3090 2359 4144 3996 4169 1260 3863 463 4885 4750 2786 95 275 1872 3559 3035 651 4318 132 2968 2873 1769 3766 2498 68 36 4891 1704 1636 3029 959 2143 2022 1807 2979 819 1849 4367 1327 4250 460 3279 4941 3433 3364 2822 1046 913 2621 1817 1243 3281 1977 2295 801 1600 39 699 1892 4551 1420 3090 3691 2082 4900 2308 960 2827 3288 2357 323 4601 1255 205 2590 4348 4240 791 1794 1785 2073 1660 3571 2279 1014 3029 3132 3301 76 2109 127 4231 4179 3713 4573 1198 4229 3017 641 2348 1408 3073
489 4278 1292 1620 2482 30 3774 3431 2194 3009 4697 756 2566 746 4878 3382 248 4057 3758 2585 265 1666 4249 4037 2131 3902 1979 3711 4672 296 48 2010 3337 3997 3454 3329 1022 4375 216 2367 3823 2145 465 1223 4504 3069 1930 4615 3570 3880 2026 352 4388 3483 3407 23 1855 271 2288 3726 2298 4856 1556 3683 4135 1756 4011 2046 1124 1311 725 239 588 4586 611 407 3029 4172 2389 749 4806 646 4474 4067 1898 2770 2488 2868 760 4852 3089 1630 2771 2614 860 2131 3178 1384 1682 2825 1822 601 818 3560 1403 3241 3691 3966 1169 4350 231 1241 809 4367 3227 1737 3079 940 2311 1594 4699 1702 1106 218 3377 2794 4064 1619 1241 3745 732 2973 4292 4295 2314 2047 4260 2828 4013 3275 4641 3393 768 2869 2605 2278 544 3736 360 1772 289 4383 3892 228 1042 258 392 3670 3680 4239 1427 3238 2989 3245 4631 3856 2771 4741 943 3740 972 2588 3382 2169 3501 3322 4097 467 3913 3150 981 3761 1521 2964 3159 925 2001 1649 2562 3616 3366 4752 147 4253 216 1927 1694 4518 1629 181
211 1606 1620 2977 129 4584 2539 1591 3898 4341 377 1042 257 206 3918 3846 2128 3101 609 393 159 3828 4343 2373 2808 2130 622 4149 1694 4888 3611 2885 2943 872 1120 4960 3360 2718 3902 3458 2116 3241 4676 228 368 3679 653 3601 3437 823 792 1080 2687 101 4581 105 4569 1463 991 3656 2701 4305 1953 2554 1627 1257 1827 1378 354 2971 3445 1057 2020 1936 1791 4105 3631 1950 4742 4544 1741 611 3547 4077 3318 1662 3344 403 1577 2982 1113 3737 4964 211 2906 4750 3389 2603 1914 1634 2287 267 3654 3291 4511 71 2072 2941 2608 2211 4186 2677 159 4533 4355 4948 3799 3946 531 645 4326 1595 3957 470 4389 2372 2893 4496 4139 2423 4781 1764 3025 4398 1646 1608 4695 1575 4866 2873 4004 2701 2501 2325 145 1739 2545 2682 4994 1331 3640 2408 4693 3012 1971 4475 723 603 3233 3044 2767 3053 2041 3225 3671 1058 2274 4353 411 4911 4203 351 2316 4074 4583 4066 542 2565 4526 3586 3928 401 2903 1559 2499 168 1576 1275 1106 2484 4555 1762 1472 1683 616 1806 4024 4831 3288 3932
3076 1777 2482 129 2426 3867 2753 2926 3681 1012 3202 2056 2180 195 3777 2624 64 3045 3816 4053 2106 3039 881 3310 3992 1754 184 1318 1745 1492 1465 3774 41 1912 1875 2603 511 4473 1174 4098 4762 2339 379 2277 3695 4055 2760 4743 2749 4842 4521 3018 131 933 1751 514 1317 1416 3398 2991 3098 3535 4602 1773 1128 3675 944 4431 3408 1499 153 4238 1702 3702 536 840 1624 3406 4463 919 4813 2326 3713 4263 515 2176 703 959 2980 717 1970 994 1304 2661 3682 3349 1709 2361 1897 4375 3286 1111 967 3450 1916 2428 3938 3570 4786 3038 1902 4553 3590 4030 2475 2375 1174 1737 1072 1276 2410 3365 1427 3584 2667 1031 3584 3459 1548 4981 1259 3877 1412 3251 4484 4281 474 3481 4140 475 4752 375 2245 2006 2150 2535 1867 2457 584 2558 939 1232 2443 4266 878 4104 1078 4384 2360 2903 3654 2994 2398 2601 4349 1169 2028 189 3519 396 3233 4580 2950 3337 1390 4210 2340 2911 526 84 1388 345 649 1582 3654 874 12 1276 2335 2319 4409 676 2295 1462 496 3761 3038 11 1654 1570
1734 1897 30 4584 3867 3008 450 3014 3429 2003 2245 553 1803 1666 133 4045 2706 2963 2705 3559 1548 1298 2698 843 195 2051 3269 521 3730 3423 2763 2448 2680 3322 1229 1935 4258 2884 4855 602 1533 43 50 393 1014 4455 3724 2072 3091 1169 4966 3946 2637 1536 4314 3655 1366 2025 1007 1115 183 1187 85 2275 59 4965 2669 2228 524 2943 3604 4985 4088 46 370 1510 1261 439 2431 4513 1520 2136 673 4543 489 4969 4388 4825 761 628 1643 662 1055 847 4753 2718 4222 2236 3604 2683 2087 4500 3444 247 1001 2843 3229 1330 213 2032 38 4538 219 2737 2015 3904 501 1054 1073 4428 181 1015 2113 3302 4104 2560 386 89 1109 3979 409 1578 344 446 647 2082 4531 1815 2614 2253 4059 3369 1781 1875 2868 1324 1344 714 1576 15 4699 942 2381 751 383 4549 260 610 2464 1519 152 2807 4770 787 3987 2391 376 4810 2867 267 3733 2871 2283 3010 506 2013 2389 490 3591 4184 3562 2607 4979 3665 4844 1118 3920 3191 512 2210 1330 1108 4536 3693 3158 750 2766 834 704 4644
4262 4086 3774 2539 2753 450 3908 4648 2105 2148 1336 3677 2417 3893 708 4461 3473 1138 3397 708 1093 1181 3248 2441 2328 1578 122 718 3072 4746 1087 2089 437 4568 872 1794 2853 1827 4069 2347 1301 3084 2474 196 4485 4959 1398 2867 191 1857 1566 1661 2432 174 1822 555 790 4265 514 4382 3333 398 4874 2394 4936 4722 3561 2604 4234 1777 2090 1540 293 854 4389 322 4831 129 2269 4976 2881 3796 144 4752 3375 3774 1831 1587 2567 1553 1202 670 3903 4865 228 606 1273 4329 3412 4982 3223 4401 4868 1897 1154 3540 4739 999 1976 2847 2603 2695 378 2623 1453 3473 260 3655 1459 3498 1647 2723 3926 709 2023 549 627 949 642 4737 3350 3092 1000 1532 3063 422 530 3264 2038 4327 239 4280 2611 1738 2444 1237 4360 733 3587 3840 4423 888 1819 3979 4193 4390 4815 1823 4806 2829 2437 4726 4400 1532 2412 3370 2967 641 4185 3267 433 4031 2454 3075 518 3930 4330 2318 3521 58 3018 674 3898 797 546 4408 1137 2074 4642 962 4671 1994 2136 2147 1321 4328 1913 1500 589 1279
3021 1294 3431 1591 2926 3014 4648 3696 3202 1379 3937 2480 3160 2030 4103 3031 4414 4764 2056 3179 4974 2956 3505 3416 1193 1612 4679 2225 751 96 430 2419 2773 1398 1009 3599 461 3784 144 2844 301 2396 4065 2570 2959 845 3832 204 3345 4295 4437 719 4854 1632 4798 2921 4973 1269 1993 2360 1322 3087 1110 1280 4519 2318 4935 1025 3338 4271 2960 4786 83 4440 1649 3042 3141 2250 3069 2656 4612 3551 3761 3703 229 4900 3220 1835 4877 4793 1464 491 1634 3067 2478 2022 2033 3325 374 4477 2338 85 1773 4342 2248 1179 1260 265 2948 3230 4051 1015 1276 3302 4375 1248 703 3280 1550 2050 3615 4047 3833 662 733 3154 1393 2104 198 3853 2099 3556 3864 1357 3779 1273 715 1013 1081 1111 3835 4488 3152 4282 4585 4293 4579 1567 888 2162 648 1935 3490 1891 4526 4405 4988 282 427 4928 2552 329 1167 512 2812 3253 4784 4706 855 2935 2443 1622 1065 1685 3544 3125 1946 3241 2102 2638 1621 2313 1686 2105 3874 231 4044 4831 2428 3854 4172 692 2675 858 2346 3015 461 79 1312 2088
1385 1156 2194 3898 3681 3429 2105 3202 3600 3931 4528 3535 42 3140 2344 3524 1322 896 189 1512 1629 3133 590 974 1698 3580 1966 3199 2767 791 2342 511 1597 2144 2800 3392 1566 1524 4447 2142 2272 956 2588 2976 3064 4459 2528 2872 1964 4323 1935 352 1402 3603 3807 3463 1511 96 595 1371 4807 2742 1397 1494 1997 3758 2120 564 3006 3396 3202 3916 2323 4677 1874 1515 2199 2018 940 695 3652 2031 1384 2086 1038 402 3494 3456 3387 470 108 2189 2013 2876 4811 1495 584 2023 932 1561 3134 2753 505 3071 1918 2722 2643 4091 1949 2156 3456 3720 1110 2526 620 2751 2722 4433 1661 298 2371 27 99 1628 4711 863 1453 2232 3084 3380 2165 3531 4044 405 104 172 626 1105 1862 4056 3875 1511 3528 1643 2336 4846 2461 1786 2237 1962 155 3397 3861 4646 1445 1532 523 2619 2597 3297 3887 3774 3804 1901 2849 2897 277 3022 4797 2244 2312 1251 644 3118 3807 4567 3025 4189 3606 815 24 605 311 933 4514 469 4335 2405 2322 3618 1972 4192 3959 1971 793 1558 2257 3633 689 663
260 2956 3009 4341 1012 2003 2148 1379 3931 2522 125 3277 3552 2665 1114 784 458 3904 4896 3838 4346 2086 126 1985 1045 3147 1437 4296 1426 3490 352 4356 83 1545 1565 1574 4377 1321 2933 1872 812 735 4131 4232 1047 997 2017 436 3249 3092 916 4910 1261 3543 1939 2627 649 4926 4972 280 4405 403 3225 4330 939 4370 3148 3238 1180 824 4610 141 4669 3993 1912 3300 4992 1616 1047 645 4731 2597 811 3776 454 4958 2892 127 1998 3707 2872 3038 1766 3329 4302 2230 2796 3327 3154 3047 4625 1088 4138 833 1602 3100 2591 2949 4525 3133 4502 4055 2229 2231 4103 4664 2026 3848 109 1716 4544 90 3292 1351 3323 2399 3138 1266 4992 3239 4337 3040 149 1967 3946 3583 2169 4795 2311 2299 4341 2506 1411 1148 3007 383 1430 413 4854 402 3539 2703 4361 2579 4836 888 3813 3859 2176 2632 4623 4704 1459 2116 1679 2633 3401 3988 2566 1398 368 1687 2405 2148 2207 1107 2836 1938 4118 3827 832 797 4064 593 4839 1685 4826 1824 2055 3718 2549 929 1177 663 4772 3621 4394 736 1012 2250
2179 744 4697 377 3202 2245 1336 3937 4528 125 4228 2324 4088 3171 1382 356 3647 4882 4122 2730 607 2283 1878 4249 4453 3392 1224 995 3688 4990 2136 4230 4122 4593 4966 728 2597 24 339 3021 3631 769 141 1310 2455 4403 1575 2302 751 4418 3467 3386 3463 2034 4848 3176 4190 2420 4480 1407 2466 3826 1794 3919 1986 821 861 3393 4078 815 3936 2998 1630 4512 240 1403 746 1912 4773 3390 2597 2320 3069 4387 1874 4540 225 4222 4210 3773 1637 4955 3753 1275 2556 4611 2428 1147 2747 3526 1088 2746 3924 3964 4006 1250 3268 4310 2964 3617 2712 1453 908 158 285 2372 4167 1683 2385 4250 4946 3293 751 3026 1644 4878 4082 594 3758 395 596 2406 3409 2187 1033 1562 2052 4480 4666 143 1956 1250 1580 1590 3586 1553 1063 4542 709 4220 2610 2444 4827 3909 3530 2613 3946 2583 273 1029 4727 1800 2360 2237 4834 1230 1831 3669 3062 3528 1474 2073 2145 3848 4366 3793 3746 4606 1284 44 4930 213 1994 1655 1769 3592 2436 45 1876 3889 579 2519 4493 412 929 3294 4676 1191 1905 3285
192 3557 756 1042 2056 553 3677 2480 3535 3277 2324 911 2793 2871 3202 3570 1024 1240 119 4174 1526 1260 2297 167 3735 4120 2592 808 1491 1017 1180 4665 4376 3812 2981 4068 3687 3942 509 4449 4041 437 2653 2957 1241 161 2518 2428 186 2077 999 2490 4986 1339 1403 983 4630 4930 2179 4175 2588 448 4753 114 4705 4272 3720 4834 3309 4468 3994 4522 165 4134 2368 3978 668 3685 1721 2409 4884 3754 2928 4749 4100 3321 1802 2596 3785 2911 802 2774 4585 1552 785 1218 2536 164 427 2570 2163 779 674 1764 82 4825 831 2719 3639 2570 853 2585 1582 4181 520 3490 1807 4749 2477 4555 968 3348 3212 1496 2004 2151 1980 832 3391 3088 3588 4104 3305 4402 253 1135 1001 1113 4148 4263 3691 4703 1369 571 3798 4065 270 1603 1038 2668 2803 4974 3823 2795 1459 2729 2574 3631 4535 3337 4449 4342 3782 1746 1826 708 3105 112 2175 4955 2282 392 1238 2956 2053 2694 3376 1965 240 4920 577 2042 4132 2363 1841 3902 3305 1279 2909 4164 799 2005 4007 3248 862 3634 3149 4385 1404 3287
408 3497 2566 257 2180 1803 2417 3160 42 3552 4088 2793 2793 4410 4979 4565 2487 1315 3353 3195 1376 2246 4791 2276 521 2577 2255 2303 1053 2787 1719 677 2584 4798 1680 4267 284 4217 3188 4838 2449 3879 838 4902 4620 2562 2624 3081 3049 3359 1576 389 4632 4882 2553 1844 4987 1308 166 4638 1664 2359 969 2608 4488 3417 1649 616 2814 2536 4879 4765 4085 4494 2318 2343 4781 1576 3863 4869 4855 1803 2631 2341 289 152 3883 4872 399 1634 556 4500 1062 1297 1526 4852 1197 1358 3881 2754 42 1224 3525 2417 2331 2764 1141 4089 563 978 1880 381 2313 4828 2298 2497 2924 258 3375 1555 4157 4535 482 268 1109 291 252 3174 114 501 4906 20 3955 1372 4197 728 4155 2090 1528 241 3299 4118 328 3283 300 4835 933 624 1938 4850 3025 1946 2763 2492 3031 4075 4588 1525 1923 538 2090 2914 3282 3707 1067 1744 2105 4116 3209 4012 1761 2143 2636 3411 3802 1484 4279 3224 1633 4050 197 3817 1380 1705 2268 2948 3547 3289 562 3834 3246 4497 3629 4051 4016 2902 4152 675 375 2205
2110 4218 746 206 195 1666 3893 2030 3140 2665 3171 2871 4410 154 3457 3128 1964 21 3833 2951 4270 1755 1693 2524 223 515 1505 3816 4145 449 4555 2700 14 2034 2163 3471 3319 1803 4860 866 2951 1436 2132 3793 1885 1614 2720 3980 1405 1224 3920 172 1780 1439 1925 700 259 4434 1273 2022 2436 1669 1328 429 2092 2134 3057 1680 2651 4115 1790 4122 4094 595 1998 797 3090 444 2755 4477 136 2682 4541 79 227 682 4681 2023 778 3106 4526 3025 2405 98 2981 1801 1149 509 1600 868 1861 4047 4729 2546 1313 2246 2419 114 312 1426 18 2019 74 897 1934 2733 2446 2042 4693 3267 2541 1976 2660 100 882 4429 3892 3294 2324 142 2476 2378 2951 414 2047 223 3275 3156 938 344 4559 1305 3956 1315 4514 4767 4288 2333 3208 2758 2685 4754 3114 4628 4832 2476 2935 585 4648 2789 1926 3892 1180 1530 181 4169 3559 3390 361 1662 2886 3269 2899 3764 1092 919 2874 128 76 4790 3668 947 2900 3056 1464 2211 984 1950 1891 479 1717 3496 3763 2518 3734 3034 3437 4991 4627 2207
3099 787 4878 3918 3777 133 708 4103 2344 1114 1382 3202 4979 3457 954 311 3773 1911 505 1463 1735 3904 736 3128 4306 3391 2856 4008 1180 4169 2456 3981 3344 2739 3893 4127 2844 3401 336 235 2620 2995 4081 3954 3735 4352 3107 361 4554 4285 331 2279 2340 569 4952 320 3617 1969 1596 1799 625 3802 1335 2079 3419 2522 2222 3493 966 403 2856 930 4358 547 2593 4752 3576 4160 2997 2325 4653 1444 461 493 3171 4218 638 4120 3067 4450 87 2894 4367 3516 4033 4624 3051 3794 2266 4462 209 3372 4666 983 1997 414 880 2412 2681 2979 1924 1507 1779 1904 2926 2801 1906 1545 4114 1943 4578 872 1162 3574 569 3083 608 1663 1588 900 3929 825 3280 3779 755 1872 3992 3031 1327 1254 1719 2440 1057 4086 1223 3212 4284 3417 3354 898 1559 4803 582 4394 789 2698 2449 2012 2286 2654 2188 4475 1543 2377 4128 4946 1327 1206 3144 4613 1928 4518 3590 3027 2522 1873 2014 3576 1892 1806 1044 4057 1677 4552 4269 2176 721 3918 1757 1422 1106 2956 535 2237 297 2634 997 1817 4774 1039
401 84 3382 3846 2624 4045 4461 3031 3524 784 356 3570 4565 3128 311 4092 3591 4915 2147 56 1537 3284 2261 2579 1950 792 259 4517 2988 3362 1752 1211 3148 3900 1928 3160 4144 1883 44 3993 2231 1981 1423 1589 641 377 272 3451 1695 1992 4431 1264 2633 3375 3746 3335 2135 1472 4444 1029 1909 794 2101 4052 4918 215 359 3593 262 3141 3814 4803 3788 286 1478 1233 4784 4502 1659 3955 1751 4372 894 2680 2595 4398 766 3475 1128 618 4081 4452 594 2617 375 2698 1565 3311 3212 4887 4463 4374 553 2293 1851 4773 3108 356 255 3120 1204 2760 2077 4691 1623 3863 4870 71 3983 2076 797 408 1557 4910 373 102 4374 1757 604 3259 3978 4938 86 4194 68 3852 3808 3404 1349 2390 2740 738 3577 3192 3225 3216 1731 581 424 3733 3561 4018 2363 349 3589 2682 807 253 4148 2167 4366 962 1351 1618 1605 2847 1484 3618 526 2068 3159 2600 777 3912 1147 4312 2925 4798 3798 2796 714 1050 2940 718 2001 311 4954 4917 3698 789 1323 3770 3281 4100 4646 1966 2638 3028 2606 4294
3056 4815 248 2128 64 2706 3473 4414 1322 458 3647 1024 2487 1964 3773 3591 2670 2376 3241 4477 346 1338 1051 744 235 2840 3941 3063 3406 1708 1040 1765 3377 3022 2783 282 612 2593 331 2464 1375 4590 2860 1111 2370 3994 4953 2764 4420 671 2154 3487 3819 1932 194 4766 1485 4940 4672 896 2503 3949 4037 1783 2484 3578 4278 3957 4176 3641 4284 2962 4247 4085 551 832 416 3263 4006 3441 261 4619 1631 1231 3982 1261 4136 3566 104 3775 2913 371 177 891 1906 313 2744 1616 3862 4915 4637 1475 3131 4624 1443 4923 3334 3646 2560 3854 4223 504 2465 3863 1931 1622 4221 1550 979 270 1512 108 1980 1427 3090 153 4695 2913 2938 2759 1594 3515 748 880 212 2136 3015 2615 4659 3854 969 951 1240 1150 4489 3220 368 3594 522 4289 3760 4994 4603 224 2959 4977 944 1595 4096 1512 2224 505 4074 3095 3503 3302 630 3931 2566 2303 1070 2883 2084 793 808 2117 2058 1777 2316 2733 4325 1914 3637 80 1979 4695 79 4479 3139 3890 4862 135 4039 1192 1231 1140 3939 483 1159 2337
4155 3353 4057 3101 3045 2963 1138 4764 896 3904 4882 1240 1315 21 1911 4915 2376 4118 1894 2852 2783 194 505 4861 2657 3802 4952 4650 40 3213 4412 2730 2967 2782 288 1949 1295 3816 533 3951 4513 3613 2463 2813 4058 473 3352 2581 3266 3242 3198 581 2794 3451 3150 205 1046 3093 4966 1341 580 1668 4196 3059 2809 4182 2348 2928 1440 2211 4963 1650 1251 1938 4873 4320 4430 2685 1120 3336 3440 1322 3231 2507 2751 4338 1645 1898 912 1759 489 2539 582 3010 1460 2625 1323 1266 4866 3036 1724 2765 1198 2884 3269 3453 3098 1071 2883 2797 525 30 4400 46 2248 3072 4687 648 3482 3283 3918 2630 37 3897 3993 2087 1781 3524 3112 4492 4729 817 4214 349 3986 2664 2079 4092 4582 4354 4816 4079 1974 2292 2944 2955 1939 3979 4248 3054 2817 65 2450 233 3966 3987 1968 3181 3444 267 1023 1129 4780 1540 1951 1399 1341 3285 4828 808 2365 1762 111 980 2267 4914 1812 1399 4837 246 4648 176 2106 2150 2874 2501 1972 3436 4591 1128 2043 2025 246 1658 2364 3717 2606 2373 272 4885
4587 1411 3758 609 3816 2705 3397 2056 189 4896 4122 119 3353 3833 505 2147 3241 1894 4227 1837 1522 1110 4719 4811 792 1893 2913 3194 4779 3142 4581 3326 2398 629 513 2284 3413 2695 1756 3981 4240 2071 4595 1723 3720 4194 605 4186 716 1847 215 3227 1160 2079 1714 1161 3641 3017 4914 1504 3546 3511 2939 2571 1620 2026 3993 2925 1125 3289 2765 300 1934 1330 4380 2773 2734 2078 1310 2664 4420 4020 349 1206 330 549 2491 4340 3819 229 1758 3292 3871 4265 4061 2533 1068 4215 1635 3230 1942 1882 3949 2586 4792 926 1838 3070 1720 4087 3377 3065 715 531 1587 913 4680 4797 1451 572 90 2939 2538 2868 1703 923 3824 4683 2140 3204 4105 3140 1503 2441 535 2235 3128 1043 1731 2434 4708 2262 986 967 773 1760 2166 3488 4397 3138 1907 1691 3012 4697 2337 996 4558 3092 3491 155 22 3784 673 999 181 163 4553 53 2967 4525 2978 3074 2305 1743 4065 2384 1882 598 2092 1228 4100 4437 2684 475 2750 737 1808 2868 2815 1486 2727 976 3535 4613 4379 2363 2957 1480 3937 3973
2261 762 2585 393 4053 3559 708 3179 1512 3838 2730 4174 3195 2951 1463 56 4477 2852 1837 1768 1395 4088 1005 3957 4569 3787 3754 1209 2280 1303 1727 3066 2672 3989 3422 2531 1956 1387 3178 882 2886 4066 1182 311 888 692 3906 1417 4353 3458 1368 95 1512 1228 466 2947 3369 167 4020 3547 547 1906 563 890 1640 2925 3764 585 3217 3223 1543 2306 3679 106 2817 3868 1411 1573 2457 2935 614 1151 56 1482 1433 2758 2838 1724 1069 4879 3597 3977 4312 4982 299 3028 894 673 727 3607 1538 3297 736 1383 502 1707 4477 3886 1038 4779 2312 2619 3804 4093 3207 4541 931 1103 1245 4571 1782 667 3070 4411 3151 490 4174 926 3401 387 2841 944 220 4404 2712 4602 1656 1851 2850 3673 3223 3640 4857 212 4067 126 595 4732 3653 4558 1875 2091 4542 4905 1605 4632 4289 2865 103 4750 3563 4436 4691 4943 1212 1450 4668 3200 4316 1255 3887 1752 3599 4587 4038 4830 581 2692 489 3868 393 516 1079 931 4707 834 3610 2432 648 1963 2552 1178 759 1974 2585 1920 3843 3992 2233 1752
4834 2603 265 159 2106 1548 1093 4974 1629 4346 607 1526 1376 4270 1735 1537 346 2783 1522 1395 92 3494 3557 3606 4014 2664 2926 2733 1351 78 184 2991 2846 4834 3890 1577 4077 2033 4195 3426 4411 1482 3960 2179 4758 1555 4951 143 4110 3490 853 1959 1886 3712 2948 3227 2159 3389 4852 1657 2920 3288 437 455 2075 3647 3992 2557 4578 1928 3409 1929 4295 4790 532 1210 3629 2334 3936 3158 2164 301 4109 2743 4582 3480 284 1781 297 4921 3179 453 4472 3350 4940 1175 4803 1259 709 187 4966 3927 56 1656 1377 3551 4644 207 35 3507 797 518 3263 3887 153 2826 4344 2680 1913 3411 1115 2205 2851 4711 1563 2134 883 4800 3841 4171 3491 3989 4068 3843 3470 915 4797 3723 836 189 830 3630 471 3210 3845 1607 325 1048 3327 506 2621 1752 794 251 4318 4256 500 1735 1473 3548 4606 1560 3624 3548 3543 997 157 522 349 106 3334 4757 896 4248 4839 2700 2262 2212 837 4808 88 1361 3373 4589 1616 306 221 2233 1625 3771 791 106 4984 849 4234 1036 1571 4088 1003 4040
3248 4116 1666 3828 3039 1298 1181 2956 3133 2086 2283 1260 2246 1755 3904 3284 1338 194 1110 4088 3494 1563 4362 2071 3454 924 932 2908 2226 4543 2702 1455 2865 3205 3006 1680 4032 556 63 1346 1605 3764 1480 2103 2155 2375 2161 3420 1309 1378 147 2225 201 1642 4827 3373 811 1458 1029 1895 1146 3775 3203 4742 3985 946 3119 1257 1267 2302 2513 3182 600 1968 4239 4098 427 3031 3886 1098 2748 3972 919 3130 1368 1596 4920 4811 1009 3709 2012 512 1368 1902 4443 237 3970 1329 339 2609 1795 1533 3326 1896 119 3255 3166 1648 2346 626 4310 4235 2005 4905 2092 3490 246 2666 181 2236 4300 3030 4659 3855 4139 2450 2536 2068 4270 271 4548 3157 3137 3824 4808 1208 4449 1147 712 4505 4262 399 3463 1174 2784 687 4059 47 3821 3398 4630 772 3191 684 959 1571 2976 299 130 2094 1621 3666 2874 4732 4421 2437 4509 1966 1130 2640 2498 4075 3652 4932 3499 559 3257 4285 3563 3785 2645 2275 523 24 2350 3030 2636 3491 4989 1261 2066 4336 3666 4852 2049 1426 4319 1601 1579 4273
2244 4851 4249 4343 881 2698 3248 3505 590 126 1878 2297 4791 1693 736 2261 1051 505 4719 1005 3557 4362 3244 757 437 1234 1514 2417 1175 3725 2959 1949 947 4385 812 1961 2454 2621 3024 165 233 4299 2828 4866 2983 644 2591 992 4946 396 3136 3610 1740 894 312 4716 4844 2821 3413 2972 1922 1943 1910 3491 948 2514 4728 2508 2208 4326 2692 3818 1178 4942 4313 894 2617 1004 4512 1283 2271 4160 1703 2310 1475 545 4408 998 2180 861 4851 2996 3948 2405 2576 2545 716 2596 1281 3911 359 4152 427 2720 372 158 4120 2580 178 4195 4572 4783 4158 4409 3015 4775 1579 3536 193 4163 481 3798 835 1815 3481 1454 3136 204 3449 4001 4402 4327 3116 2094 254 1928 2490 2005 2901 4288 3674 890 4500 3531 4649 1864 3292 1396 1225 4616 2220 2181 1348 3053 3646 1223 1356 775 1257 2416 1907 324 3103 336 3163 3898 472 2039 2864 3714 2764 2545 1540 4981 3176 4476 3113 63 1096 2909 1611 10 3461 2534 748 828 4398 402 4197 760 1430 3426 4867 2156 480 164 3098 2389 2623 973
251 4156 4037 2373 3310 843 2441 3416 974 1985 4249 167 2276 2524 3128 2579 744 4861 4811 3957 3606 2071 757 3890 2250 3630 4481 71 4204 2821 234 3035 3782 1132 3314 3697 1343 4437 3623 2664 1051 2579 3335 2862 3364 428 3832 401 1188 3531 1586 2602 4263 4161 2520 1717 2698 572 2333 3449 3109 2126 4640 977 94 3549 219 903 4534 1712 330 3501 2931 4876 3957 1279 2834 39 3745 4846 3985 1913 3305 2798 4471 3312 4811 4819 973 2894 1891 1225 4966 3231 277 4927 3861 1221 134 424 2789 1529 2275 3362 2707 1714 119 4452 3459 391 1818 2269 3105 3366 3897 827 1569 2410 331 2543 2618 2059 732 2947 2228 2369 4460 2876 4237 2058 2808 203 1846 3276 3557 1878 4094 4551 4107 4529 4520 4257 507 4576 2313 3294 4822 3769 1919 2725 2768 1812 1511 2288 832 2901 3904 4801 2102 3688 2433 555 4792 3493 3040 2202 235 1236 4557 2472 4035 2705 1075 50 3070 845 781 3668 1741 4109 1385 2941 4298 3136 686 4801 2946 2726 2839 4345 708 3571 4247 1416 3510 1377 3046 3835 4570 2755
4521 4375 2131 2808 3992 195 2328 1193 1698 1045 4453 3735 521 223 4306 1950 235 2657 792 4569 4014 3454 437 2250 910 4504 2791 3011 2796 3278 3087 846 2000 634 3764 4033 484 186 2313 4912 576 4127 1558 3271 2966 3074 3263 3779 2726 906 420 2771 4261 2205 4610 2029 2240 432 3694 1026 1253 1267 3404 3704 2978 793 1713 64 2216 4472 1459 369 2338 1658 1291 1018 881 2503 1027 3404 1954 3374 2697 3970 4387 730 1133 2181 442 145 3904 4243 2492 2305 1181 2239 641 2357 3180 1419 847 1981 1212 4023 4908 4795 2589 3996 939 4227 178 4309 794 1854 2611 1720 2221 2846 1040 2033 2016 1336 2264 2070 2911 2236 2708 3677 2070 1341 1830 1146 879 3012 976 4945 242 609 4416 3789 2318 2855 4051 4424 3676 2546 216 1478 2636 4929 4524 1398 1149 3664 141 2113 4072 2793 4348 1276 40 548 422 457 4131 1933 1187 3216 2660 921 3414 4304 3811 3451 4934 4440 3189 2614 3940 4226 814 1745 2718 4720 32 2577 3630 3571 3288 1308 304 333 4866 4813 4353 4562 1200 13 3745 1963
1767 2206 3902 2130 1754 2051 1578 1612 3580 3147 3392 4120 2577 515 3391 792 2840 3802 1893 3787 2664 924 1234 3630 4504 3632 842 393 895 2422 442 1922 872 4027 4999 3783 791 1300 2963 641 1088 4708 1390 1593 4152 4872 4685 1709 2848 2790 2795 308 697 4075 1833 746 3552 1954 3749 2481 3048 3252 2538 1331 2782 948 4181 164 329 3452 1650 2729 4601 2273 4114 3377 1505 2247 3092 4532 3626 2426 474 508 4967 2600 4265 4920 4795 2793 2750 626 2702 3335 4691 4513 2497 2810 1230 2642 1220 1589 1556 2959 4526 2283 2990 4152 1625 3904 1537 3359 119 881 2195 3345 4897 662 1331 691 3679 2126 2500 991 38 3769 4665 2135 2322 466 3562 209 2645 1577 4956 4610 3543 3616 405 1913 392 424 2884 373 2528 3251 860 836 1861 3770 2748 1228 2807 2002 4159 154 2297 975 3242 4487 4915 2600 1274 1734 2405 499 4910 380 587 3104 567 956 551 2225 3395 674 3787 659 104 2705 3933 1301 341 2436 527 3104 3390 4414 4219 2541 759 1971 4623 4249 3197 4230 2810 4932 627 3507
581 612 1979 622 184 3269 122 4679 1966 1437 1224 2592 2255 1505 2856 259 3941 4952 2913 3754 2926 932 1514 4481 2791 842 477 2469 3543 2223 3166 3576 4285 2459 4541 3399 2318 1845 1667 1203 3859 3662 2274 3672 4883 685 851 264 1504 4754 3033 4168 4922 2292 1132 3714 3143 2766 4015 4430 543 1245 359 954 2733 4414 1921 3865 1404 1708 2646 1191 4504 3454 1582 1024 523 3330 2955 1598 809 2003 4171 2583 2962 3737 194 1443 4860 4550 3707 1624 909 838 67 11 3821 1772 2517 3331 2521 1943 3139 181 2157 842 1234 1418 2618 56 1756 3501 1950 750 2422 3994 57 2409 125 1007 4003 190 2705 2312 3223 48 4230 3440 2563 1659 146 1770 724 4761 3151 1877 1208 3835 131 452 2853 4914 3128 1871 1040 4232 1421 3369 1365 436 3785 1977 2433 3519 300 4206 3576 3175 2597 3833 3167 187 686 1395 3254 4527 620 2004 4557 1479 947 1887 1316 1824 4576 2134 69 1175 824 2250 4928 4882 54 130 156 2935 4688 1945 172 3146 1744 1730 2822 3001 4421 959 396 3177 66 2370
4118 1972 3711 4149 1318 521 718 2225 3199 4296 995 808 2303 3816 4008 4517 3063 4650 3194 1209 2733 2908 2417 71 3011 393 2469 4012 582 1802 3838 215 4268 3293 1962 4383 163 4083 3667 2922 1451 1943 2037 672 3657 1506 91 159 1743 2802 950 2515 3071 954 1379 2282 4457 1684 1859 3500 3453 2754 4491 773 2085 1973 880 1417 2289 2486 2318 1857 195 1118 3295 3131 391 3451 4337 2932 2181 445 2700 940 3292 1553 449 1557 4395 3651 3067 1218 4775 2693 1168 3975 2048 4697 3952 299 3920 4075 1190 1135 3019 4991 3669 1116 2642 375 344 3013 557 566 1284 3256 1156 2722 568 4038 525 3499 49 4261 4740 3375 308 4541 92 1075 4371 201 3481 1170 2323 4151 4616 241 2944 3074 4106 864 1876 2511 3860 4015 409 1197 2647 1885 2159 4781 1135 4487 4595 2715 719 1260 3396 454 2092 1155 175 1238 841 1835 2998 4486 4081 719 4014 566 4441 1830 1169 67 2146 4867 3379 1958 3731 2856 558 2757 1456 912 499 3059 1286 2521 369 1588 866 3541 785 290 2831 4291 3565 4207
2501 3022 4672 1694 1745 3730 3072 751 2767 1426 3688 1491 1053 4145 1180 2988 3406 40 4779 2280 1351 2226 1175 4204 2796 895 3543 582 3317 2230 4577 4901 3961 3188 3234 3873 1955 4360 1301 3001 1271 1649 2572 2763 925 1876 1120 554 169 696 3909 3308 321 1487 4204 1386 636 2569 86 4999 317 4304 3277 4295 2061 1908 3289 3546 493 308 3226 3691 1509 330 239 4022 2448 1711 484 3381 77 2238 1684 3832 4122 1964 3473 2699 2637 1378 1925 3094 49 3540 350 4134 914 3067 4354 4402 751 4000 2785 4566 3931 185 3381 159 3382 1529 1242 1778 4512 1782 39 2890 4354 3649 2285 3221 291 2183 2027 4217 2875 3836 386 3839 1321 402 2237 2513 1259 823 2515 4479 2547 2534 2028 270 1464 4112 3596 4478 2925 2687 2017 1879 2945 2691 4137 4136 3326 4440 4750 1700 2258 325 1235 3521 4036 2431 479 98 2708 2612 1987 1561 2031 1269 120 4778 2678 3663 4392 4418 3055 3714 2078 4545 308 673 3318 4582 3641 1931 4964 3225 2874 172 4126 4796 26 4129 2276 2300 334 543 4697 4751
2956 59 296 4888 1492 3423 4746 96 791 3490 4990 1017 2787 449 4169 3362 1708 3213 3142 1303 78 4543 3725 2821 3278 2422 2223 1802 2230 1303 3867 4985 1956 4665 2349 4493 3974 4854 2011 2637 985 4152 4692 1972 3500 622 3202 1934 1538 669 2062 2966 3557 4178 4778 4764 4437 3451 4969 3516 765 2666 1394 1556 1489 4732 2323 2721 2756 2636 3292 2725 1643 324 391 2802 4110 254 396 3498 3123 2225 970 204 2747 4896 1493 4375 1273 3578 943 385 3442 2974 218 2299 4469 268 101 2527 1550 2787 1845 2653 956 3296 1663 791 1772 3754 2444 3680 3611 1198 3250 3387 2740 4048 886 3568 4396 114 4876 921 3005 1161 3897 1848 3821 1366 1202 3264 4827 1241 4379 1329 1762 2885 2548 3449 4389 417 3574 1285 1675 3400 3039 2295 2433 391 3429 231 4843 3873 1574 1404 4246 3842 2214 4837 254 2370 992 2094 4423 3405 2608 4838 213 4062 857 839 2615 4226 1593 1224 4683 3363 4486 230 2843 4907 1504 4727 3718 1674 1851 4974 1320 3305 2985 3780 3078 1626 2699 2357 139 4129 4876 3281
1428 2487 48 3611 1465 2763 1087 430 2342 352 2136 1180 1719 4555 2456 1752 1040 4412 4581 1727 184 2702 2959 234 3087 442 3166 3838 4577 3867 17 4235 723 3168 1995 3660 689 3775 220 842 306 4180 3082 901 471 1026 2220 1687 4976 287 1063 4242 909 2865 3932 3276 1185 555 2631 4123 1974 4061 4030 133 2869 3871 961 2631 3106 3077 3203 4014 4865 2037 508 2695 1386 1003 1196 2625 2181 3358 3123 4224 4443 3455 772 3266 3604 2080 1426 341 4795 670 3294 1207 1859 4424 4117 2783 2772 2251 4353 1263 2834 4787 4894 4986 2333 1023 4654 838 283 1750 816 4474 256 4974 2710 738 963 1535 4713 1283 3214 646 1736 2356 544 843 71 1418 1675 2681 2498 4468 2328 881 1708 4118 3108 938 2063 531 3403 3295 2309 3903 4889 3797 2201 3258 3134 537 4527 1885 539 623 2420 3955 1166 970 632 2372 1816 1602 341 1957 1495 269 3723 4350 153 1260 3473 406 4700 3431 2718 4651 1147 3484 3266 1054 3352 3047 2637 2866 1294 2601 4204 3762 4786 3188 1404 1733 3683 1435 545 534
3836 1285 2010 2885 3774 2448 2089 2419 511 4356 4230 4665 677 2700 3981 1211 1765 2730 3326 3066 2991 1455 1949 3035 846 1922 3576 215 4901 4985 4235 2567 1600 4346 620 2445 2819 4298 4586 4553 1001 3302 3648 4099 3869 3249 3407 1106 1676 281 3762 2269 4289 3971 2029 3259 2018 3331 1855 4287 4129 2117 3853 3026 4414 3108 276 4908 2334 1204 1539 2533 4741 428 3114 1709 222 3809 1327 4164 639 2364 4704 3474 1229 1541 1952 265 2773 4681 4298 898 3696 4506 3774 4833 4664 3738 120 1405 334 2797 1588 4039 3792 2086 1685 3222 1028 1190 3097 3035 3255 1823 2631 4069 4976 355 431 3549 2589 4288 3346 3265 2375 4785 4053 4526 1651 687 332 3734 428 1548 4009 1400 881 4741 2124 4452 3862 2621 4855 4571 2008 3064 346 563 3047 3406 2600 498 1395 3894 1123 1641 1642 1992 3224 4573 4159 567 1692 1671 1591 1630 4130 4332 1070 4649 2342 1501 1143 316 4213 3905 3633 2511 2321 2110 1728 4152 2445 1105 3948 4412 3462 3750 3911 3720 197 2088 2524 421 3712 780 2647 891 3189 2556
3921 1437 3337 2943 41 2680 437 2773 1597 83 4122 4376 2584 14 3344 3148 3377 2967 2398 2672 2846 2865 947 3782 2000 872 4285 4268 3961 1956 723 1600 1885 253 1781 1481 3294 943 3902 559 1220 4248 3179 1165 4534 1761 4877 2572 1448 3028 1350 1598 4863 859 1566 2713 1233 2181 3147 3871 1302 552 1340 3408 2621 3451 4892 365 2344 4956 2828 3548 3636 4344 3915 4019 1012 3049 1064 978 3585 4876 3646 1633 485 1729 3773 4187 1262 997 4063 3344 2053 4509 1919 1861 2810 2304 3806 3791 4972 4624 2355 1496 3511 4292 515 4656 2709 823 4983 2708 268 521 3867 4794 1913 502 3551 3231 1970 2639 3648 583 2752 3333 3914 344 3822 4319 114 4075 2809 3007 3071 1820 3048 1772 4297 4257 700 750 2245 3957 171 2918 3365 4491 4492 1855 290 4276 860 3397 3559 4178 2217 518 444 4357 1033 4535 1688 2512 4759 1730 1254 317 1727 731 944 1552 4118 792 2490 1288 2046 3846 1146 711 2790 127 4786 923 727 2858 3809 3606 1177 4359 3326 4968 1968 2111 4699 2300 198 2630 3857 3932
3424 4875 3997 872 1912 3322 4568 1398 2144 1545 4593 3812 4798 2034 2739 3900 3022 2782 629 3989 4834 3205 4385 1132 634 4027 2459 3293 3188 4665 3168 4346 253 2173 4072 4424 599 3677 1282 2053 4158 4005 2642 1381 3719 679 4539 2892 285 373 4023 2044 3645 1283 3274 779 1309 128 77 3794 345 4440 1580 679 134 1806 3065 4677 1396 219 2548 149 844 2159 2841 2030 185 4630 1244 1770 823 2026 1219 323 887 1907 1370 634 1696 304 2529 3689 3365 4726 2441 1460 4454 2758 4320 4971 2353 2915 3706 2930 892 303 4909 4082 4765 2977 834 2632 2864 3716 93 256 794 725 3252 3265 3924 1229 653 4025 47 2892 2739 4083 759 671 1384 664 2425 4185 4484 1462 3418 2363 1251 3855 124 618 2296 934 3374 3879 1263 1788 2900 4204 2644 4221 4051 4444 159 4510 233 2239 1667 3885 1720 4608 3115 1672 798 1582 3265 4505 4776 3559 2122 4532 1840 1276 1738 4150 4201 3334 4268 1834 4198 1092 4244 2711 3040 2141 477 2451 1216 1743 4055 336 1076 370 963 2631 2211 1636 2184 2500
464 4449 3454 1120 1875 1229 872 1009 2800 1565 4966 2981 1680 2163 3893 1928 2783 288 513 3422 3890 3006 812 3314 3764 4999 4541 1962 3234 2349 1995 620 1781 4072 4405 4119 2067 1169 145 3782 661 2735 264 3995 1610 185 193 2740 829 1273 2886 2231 1320 793 2820 2421 172 4788 2488 4566 354 4969 237 4735 384 1823 2690 3522 1041 2755 271 1196 2448 4372 3301 468 2852 1533 4936 4789 363 1866 2680 594 4371 1560 2903 3739 588 1953 4790 1061 156 2652 2400 4097 3383 4856 4120 3948 2445 1781 3614 4822 689 3711 3377 2203 1542 4347 3169 1144 3411 2954 2316 2639 3728 3215 2708 230 173 3775 3354 4030 1547 1182 1779 1524 4341 4338 2842 1413 3396 2566 2992 1862 2510 1520 4845 975 2842 2648 4506 2302 85 4338 1567 2309 1195 178 32 4870 2768 308 2772 4387 1930 3660 564 3640 1681 3925 4116 786 3441 4617 1245 1207 3445 3447 188 1271 303 3701 3879 482 3593 268 204 2111 980 1829 2700 3693 931 4543 76 4890 1389 2558 115 850 1787 44 4515 2152 2892 1773 1611 2697
3442 3641 3329 4960 2603 1935 1794 3599 3392 1574 728 4068 4267 3471 4127 3160 282 1949 2284 2531 1577 1680 1961 3697 4033 3783 3399 4383 3873 4493 3660 2445 1481 4424 4119 1087 3589 3572 3154 1675 1601 2009 1025 1839 2348 3389 2171 794 3070 4133 3611 2295 281 2631 4237 515 3212 1911 3377 1475 657 3350 2573 63 3108 1626 91 2013 48 1410 3946 3321 1089 2936 4868 4588 2712 2202 4271 2038 1298 347 543 3398 4488 4604 1573 636 1919 591 3051 1037 398 856 735 1458 4416 4345 2714 3410 193 2101 1318 3579 4028 3590 4390 381 4636 4918 4079 3806 1415 3062 1801 2957 1794 207 3577 4447 3972 3915 464 1019 4523 4477 4426 2731 3523 708 3654 2510 3280 4043 4769 1499 344 4491 4084 3423 3320 2002 4773 1380 3292 4621 3701 1749 1348 692 4728 100 1386 1500 253 4637 4994 2104 949 3455 3271 658 4842 4923 151 1176 3979 1785 2032 3799 1079 3605 251 1235 3827 3780 3477 2004 2286 1588 3496 3134 4711 4075 2565 107 3085 926 4357 1885 2579 2107 4687 4536 621 461 4208 2662 3043 325
20 3130 1022 3360 511 4258 2853 461 1566 4377 2597 3687 284 3319 2844 4144 612 1295 3413 1956 4077 4032 2454 1343 484 791 2318 163 1955 3974 689 2819 3294 599 2067 3589 3757 2480 4999 2298 2510 2705 1406 3170 4261 502 4478 1310 891 4056 3678 3567 2736 2502 197 4417 326 3955 1071 1940 4316 672 1938 1244 2951 2497 3529 762 4021 2911 2502 626 2654 3360 3809 4844 4493 2224 2229 1285 1352 3461 1019 4905 4515 171 4706 2289 1092 1522 742 3131 2784 647 2669 3454 4014 565 3254 2220 1409 2927 4110 137 1443 1629 438 1663 4345 2845 2526 1751 769 2469 4109 1113 2989 3288 723 3927 2717 677 3523 3538 2784 2132 3025 414 4595 4653 1257 2765 2860 2275 1411 3373 1435 4291 4446 4962 2426 4756 1193 408 2753 2922 4067 3552 3256 913 2879 4169 4365 1744 1987 4433 3029 38 4239 533 3322 4577 575 3770 496 2013 1496 1713 1505 351 3908 2706 4785 2803 3626 2037 3660 1900 3910 932 2102 4853 882 3516 4903 4446 2497 2187 4501 1679 1159 4705 3252 3717 3127 947 3181 1835 665 999
1937 3706 4375 2718 4473 2884 1827 3784 1524 1321 24 3942 4217 1803 3401 1883 2593 3816 2695 1387 2033 556 2621 4437 186 1300 1845 4083 4360 4854 3775 4298 943 3677 1169 3572 2480 629 3526 1337 2275 627 4690 3510 4192 3001 4534 980 4845 1036 2152 2450 4263 1224 970 2704 3096 521 3633 745 1756 428 2042 554 2610 2781 829 3370 2248 994 2211 1565 1726 3680 2149 1432 4258 4308 2886 1476 4990 972 4968 1503 2906 103 4877 3662 4920 4912 2216 2193 4761 3256 2539 4868 4510 4857 426 2476 2054 37 1639 4510 4079 2575 2817 2344 4675 1605 3632 4583 2709 2113 227 3250 3626 2926 1039 3896 2637 2789 3925 1375 699 1566 1050 55 2065 2952 3177 1808 4021 3898 123 3409 4143 3527 3097 3497 4424 4857 4947 563 1086 3463 3119 1686 1995 1749 3475 2774 4155 4418 1818 3711 3309 2564 2505 3868 818 4426 3428 2058 4913 1061 2048 4730 393 4867 3583 4410 896 2546 920 314 1441 4133 930 3592 1631 1769 4932 4003 3639 3339 127 473 3612 3582 3421 2278 3433 329 1150 3081 4176 3864 496 4841
3416 4855 216 3902 1174 4855 4069 144 4447 2933 339 509 3188 4860 336 44 331 533 1756 3178 4195 63 3024 3623 2313 2963 1667 3667 1301 2011 220 4586 3902 1282 145 3154 4999 3526 4393 971 1548 2375 3998 658 3759 1250 2488 3515 1329 2349 2449 3258 2507 1605 700 3016 2424 3187 4906 4401 2024 1848 3917 1994 3178 4624 1544 3199 4404 4724 1905 4206 1393 352 3913 3987 3673 3275 2363 3209 2410 2185 147 1474 3530 3852 1472 3530 2695 4120 2731 2429 4788 3870 796 673 1080 2056 1413 2041 2289 4654 2054 4644 952 2047 2349 1455 4880 4295 4639 1292 890 2833 2014 4045 1295 4646 3320 674 274 1817 1727 3972 3591 1251 4055 966 3340 3599 1916 3850 1271 2890 1051 3034 3094 2638 3185 2922 798 1376 2629 4307 2026 1638 4738 519 1699 3872 1051 870 2098 318 2341 1715 1742 526 4096 3314 3420 972 1419 4025 3710 3485 158 1393 3246 3203 1795 2572 1205 346 633 1192 4323 2385 1792 2133 2356 4632 2176 2733 3314 1209 2804 349 1968 4534 305 2267 1947 589 4979 182 1587 4671 2691 337
4123 4825 2367 3458 4098 602 2347 2844 2142 1872 3021 4449 4838 866 235 3993 2464 3951 3981 882 3426 1346 165 2664 4912 641 1203 2922 3001 2637 842 4553 559 2053 3782 1675 2298 1337 971 196 554 2348 808 759 3099 57 347 3854 169 965 677 4333 3567 2144 2580 3611 279 2046 553 3110 455 3286 1196 2550 2917 1801 2367 4198 517 4336 3566 1665 615 2447 4347 336 2233 4247 3783 2297 2885 1100 1045 2798 1659 443 4372 1470 592 1586 3444 2710 1957 2930 1940 4913 842 2257 3455 1039 2487 342 3553 4487 4732 4951 1472 2571 3020 2449 1750 564 875 1137 2071 4648 3440 2110 756 4042 3513 19 3274 924 4904 3775 4118 4810 152 320 2273 4120 4383 1802 189 3386 4578 881 1366 1676 3801 4313 4873 1973 3287 4669 3627 2291 4338 351 3224 287 2153 72 1258 1786 877 1357 972 1788 1748 1347 4212 1020 1651 2695 3157 3901 2019 2560 162 408 4200 212 3954 590 4595 2027 1122 470 2124 4292 2580 3164 1445 2360 4929 2829 3830 1115 4450 4115 2964 4849 2206 1582 1836 1245 4598 4857
