N: 200
M: 100
Symmetric: true
Triangle: false
2 68 65
2 145 186
3 90 198 7
1 23
2 192 184
1 128
4 66 72 71 78
1 17
3 54 57 197
4 165 147 109 161
1 29
2 22 97
1 27
4 138 75 173 107
1 190
3 171 6 42
2 179 122
1 44
2 162 28
2 177 55
1 102
2 187 105
1 196
1 188
1 41
2 91 79
1 193
2 134 101
1 135
1 137
2 153 133
1 56
3 48 81 49
2 46 164
3 146 195 178
4 26 85 19 149
3 131 191 200
2 53 155
2 139 69
2 117 121
2 93 16
2 83 112
2 100 169
1 199
1 118
4 182 92 40 10
4 104 110 5 25
3 120 172 136
1 144
1 58
3 47 76 77
3 14 160 194
1 94
1 174
2 35 115
2 129 86
3 3 116 1
2 32 51
2 4 130
2 175 89
1 183
1 125
2 103 13
2 180 45
3 38 80 64
3 170 8 140
2 52 148
2 30 127
1 141
2 37 152
3 63 143 95
2 126 189
1 151
2 84 61
1 67
2 82 156
1 166
4 132 113 43 70
2 20 62
3 15 88 142
1 168
3 21 33 123
2 31 159
2 119 108
1 98
2 11 158
1 12
1 124
1 2
2 18 34
1 167
4 36 154 96 59
2 185 157
4 9 50 111 73
3 114 87 24
1 150
2 74 176
2 163 39
2 99 106
2 181 60
393 3931 3332 4165 1963 4878 297 709 1347 1680 278 2809 2747 957 4033 4283 4846 3819 2515 4525 2594 2143 1706 3380 1469 4558 4482 553 3189 2972 155 49 2190 1657 2068 3845 1048 1096 1164 1836 2203 3462 4111 3433 4476 379 4549 1402 2562 144 1717 4660 167 4948 3605 859 3223 1285 2576 4418 4918 4995 1660 3244 1517 4519 3309 2817 1764 758 4248 3702 4500 1015 4644 501 188 1192 3026 4025 1042 1240 207 3014 929 4645 738 4480 4719 2640 3607 4306 4282 3824 4538 186 1185 1998 2176 871 4864 238 1136 4311 4356 4896 3657 3695 2016 653 1824 4310 3128 1185 1943 591 4967 4212 3514 1035 494 1749 1195 779 1257 3718 4734 1966 3572 4411 295 2423 4523 4760 4475 549 3484 4677 345 4750 2873 994 2373 2527 4485 4719 3552 2124 2565 3034 4264 4731 4899 281 1441 3129 4835 1313 4969 2670 575 634 4880 1862 3980 641 4414 4675 2347 552 4832 3451 3086 2076 1675 4094 4258 2943 2035 2393 3842 2737 4813 348 2907 3536 2243 3446 2644 820 4199 3145 2443 397 1849 2927 2332 895 2416 3366
3931 638 2703 3026 1588 4566 3513 2736 589 4327 2095 1776 1596 748 3419 2986 1532 875 4883 3910 3194 4219 882 984 2018 4460 2096 2769 4450 2487 4656 2672 298 1793 1119 1528 1858 499 4402 2608 2202 4398 4465 2951 1861 822 4069 2299 2160 2648 3866 2494 3624 2673 3232 1987 3835 1089 3334 2028 3472 2792 3916 4667 333 3500 4810 1855 2482 367 3163 3808 1136 667 1561 1948 1320 252 845 209 2544 2141 4036 1502 4669 2798 581 4093 301 186 1673 4918 1029 2198 3585 4368 1508 4468 2132 2993 3493 3791 1783 145 187 1430 3051 1159 1136 239 3063 3064 2734 3518 2116 2543 235 1037 3294 4938 4861 792 1551 2596 4248 967 1740 1737 2718 3669 4035 502 2926 1700 1727 3420 186 62 4180 3751 3117 3478 3854 4358 3510 2218 3666 4097 4733 360 574 2776 4215 2860 4947 857 924 1274 1878 403 3849 3392 3546 2316 3483 4535 4071 1482 92 1909 4101 904 4343 3354 719 1415 2433 3277 748 2802 3462 3959 3385 4879 2004 3831 3638 486 874 879 1992 2132 4147 2084 3972 4075 3694 1266 2723 4569
3332 2703 3061 4889 4662 782 680 762 3561 4153 2579 791 3418 3511 3112 4931 4716 4921 207 3347 55 160 2670 1178 3760 2463 3876 977 1495 3746 3764 2336 4189 3009 846 751 1309 477 1975 1822 3420 1814 2384 3032 2677 837 2238 2967 4553 4591 1398 3721 1835 1742 1123 21 4005 4638 3611 1590 2778 4588 1983 4643 3486 426 3180 286 3910 4520 19 1521 4037 2962 2147 1632 3930 924 2691 613 3774 623 1901 2719 280 1968 4507 1634 2624 847 578 694 968 4844 1698 1086 3941 934 3280 3728 1431 1068 4248 474 1962 4665 908 4335 4386 18 4692 746 2088 2603 3922 2479 4281 2899 4551 3494 304 4203 3464 2137 165 3052 2336 1815 618 3749 301 85 3564 2576 1355 4751 2288 4720 2095 2961 935 1682 3455 4297 4057 2336 4231 3786 2316 4072 2347 2111 1142 3598 3756 2152 1856 3647 153 542 2175 733 4142 3982 897 241 2086 89 3198 291 432 2090 1882 2030 1934 4959 544 4550 4345 2792 2564 2605 4143 2014 4835 4297 1387 4327 1234 1363 2076 2169 1104 1174 3493 3653 3687 4757 1963 3678
4165 3026 4889 1422 4605 2433 2174 145 3259 4072 102 4969 921 4070 4129 1590 3451 1364 1099 927 1544 1845 109 2275 220 3780 4229 4964 2044 996 2539 3228 1726 2749 1225 2348 2001 3083 3220 4158 3732 1463 1816 4784 4557 4417 3420 4100 3431 1884 2931 2881 4235 3522 2248 3953 529 532 769 573 1449 389 4007 3869 1857 4293 505 4439 3466 4113 2137 3842 973 3873 1648 2088 1830 2574 17 939 795 1783 90 3392 3922 1544 3147 467 3549 3295 1251 4484 564 4204 2334 3464 197 1281 3174 2984 4314 541 1722 4467 2969 3273 3207 4879 2641 3938 4794 2829 121 1509 2552 750 4759 1009 4081 3779 379 1746 3561 1926 1056 360 404 3591 4943 217 2828 4080 1613 953 682 3743 3772 4577 4957 1059 1237 2178 1704 3830 1200 2495 825 3016 4518 1043 552 2612 3326 962 2182 2121 4239 2849 1918 3001 2370 268 4112 3643 3455 2917 23 1542 4339 2064 3383 4286 4107 1828 4856 2603 2256 4973 2201 627 1474 324 3628 4977 2564 4234 4354 2599 616 3671 2489 3787 4372 2340 1701 628 288 4174 4339 4748
1963 1588 4662 4605 672 742 3501 1680 2972 1945 2971 3828 4462 1832 1404 2713 3623 4430 1346 1210 3614 2993 1345 1815 1082 3138 4563 1790 3851 1025 353 37 796 1063 2321 2895 2824 3210 1610 432 639 540 1968 3430 3759 2144 2250 368 3670 2094 3911 2728 623 1919 1084 2029 942 973 2451 3606 1082 4178 4130 3788 1554 1252 1833 807 94 3072 840 4922 893 4888 2315 1315 1271 2555 993 3853 825 488 4108 4979 4633 1463 3931 1652 1907 420 2646 2694 2785 2761 1423 4207 592 212 1786 3500 4748 3960 3299 3511 1082 4038 2839 2796 99 3414 4113 2631 2924 550 2874 3389 4762 3958 91 4015 826 1767 4004 1897 1326 145 4464 4255 233 210 3589 1863 2776 1766 1102 3225 1954 1222 3697 3658 4140 2560 3542 4791 90 4611 1331 1109 957 1396 2680 1339 4719 934 4126 1118 998 4962 851 2810 370 4614 1780 190 2677 4718 1841 4702 165 2771 1845 1066 792 437 1056 1546 116 4291 4392 1930 3370 2308 1557 1903 3674 3948 332 2112 1044 1549 4559 3934 4374 2089 1671 1320 4136 2636 907 4317
4878 4566 782 2433 742 2560 754 4664 2919 1857 1924 442 1569 3065 2345 445 1574 2852 672 4593 4426 3015 4536 1538 4373 4963 2749 1254 3222 4735 150 2498 2662 4088 1857 1940 1332 3193 2354 327 4502 3708 327 4316 259 533 2420 2413 1636 4518 3878 2169 4006 469 1754 2294 2410 662 1414 2160 1509 2079 486 104 4206 2817 2308 2029 2045 3076 3791 3016 2171 3470 4826 486 561 143 1412 2486 164 148 3350 525 3997 4037 2036 2436 3630 1703 1822 4195 902 151 831 4146 2042 4901 2711 3550 4141 2881 1032 3559 4184 2158 4961 1047 3179 2112 1555 299 3877 2893 3284 781 3696 1248 4572 4723 3675 1889 1691 188 1978 1665 2812 2825 3960 1082 1977 3385 335 4051 97 1367 599 3559 4763 4517 1440 2963 3386 1883 3825 913 1169 3211 176 53 4848 3298 4261 3908 4707 3049 3360 2446 1390 1909 2401 2976 4887 152 2453 4472 1782 2158 2987 621 414 4759 1744 2514 3933 4940 4982 3095 393 3182 2147 3937 753 3529 593 2991 2042 3220 1900 1294 3239 1590 503 1878 4046 2068 3731 2739 3479 662
297 3513 680 2174 3501 754 270 1880 4094 4263 2030 1482 4182 3244 3706 3286 1442 1753 4848 4913 2330 3871 1342 2573 4319 917 4001 4395 4429 698 3294 4956 2034 2075 3016 2638 3553 372 4590 293 4943 4497 3402 3086 1351 1257 4727 3909 2653 60 4459 3252 3007 4792 4947 4234 1556 4233 1132 736 2487 2227 3186 1187 45 4956 1521 2793 4900 4050 1422 1953 174 393 3240 3427 1906 1457 1599 3838 2140 2006 618 2640 512 1995 4966 299 4941 397 3126 209 3313 4410 515 2478 2569 3776 2189 2219 966 427 4346 1760 967 4398 3682 1322 3241 42 3040 3658 3040 1154 2179 2317 3372 3023 3577 4859 855 4987 1946 1639 1413 844 2974 3037 2142 1639 618 3553 4249 2364 446 769 259 4191 2790 53 4974 3143 2844 3738 2614 2521 2358 1120 1642 808 4849 978 4548 3889 1539 997 2887 2346 2742 383 2397 229 4946 3363 2701 3058 2781 4128 258 2539 1215 4699 4927 3533 4305 2647 1743 4700 512 4492 2827 1061 2227 4501 34 1201 4001 3270 4434 3742 803 3166 567 1259 4831 4089 4330 458 2678 1823
709 2736 762 145 1680 4664 1880 1131 2109 3559 4637 1342 4178 479 159 1982 3602 2815 4633 577 3851 3033 1458 1768 957 1858 1586 1361 2557 1837 3575 2948 3415 1227 4558 2446 2739 3575 2523 3573 2347 1872 486 3918 1519 3807 3289 4780 504 1721 1632 3065 4680 2283 3933 3362 204 4368 4445 3395 4011 2456 652 4066 647 1483 1099 2142 498 4689 3893 1945 2176 1228 1617 2698 1142 4922 3163 2182 532 2799 2077 1106 4807 1301 1963 3355 3213 1045 4467 4027 4307 3284 4083 1246 4494 4975 4193 1771 811 647 1701 624 1644 2364 3783 1978 4354 329 2153 533 3823 4331 1344 3301 4396 4985 2688 1262 2588 4089 632 4008 2021 717 1812 999 2343 3057 2024 680 3048 2611 4598 4013 1553 1573 2923 477 443 955 2915 2054 425 3305 4620 4571 4453 1079 2527 3476 4384 1476 1148 2042 411 3376 3439 4647 4192 3694 1133 2899 2310 522 1543 2598 1435 1612 90 1004 4912 1387 4391 1852 1064 2859 2763 1698 4363 2423 2798 2372 1357 1664 388 1120 4335 3824 4864 906 4603 545 4465 848 1986 4691 2362 1108
1347 589 3561 3259 2972 2919 4094 2109 4534 115 1628 4618 3590 4317 2427 987 3646 431 2859 2370 3038 1354 3598 2613 441 4112 1321 112 318 3093 195 4386 3402 3352 605 362 3235 4942 2811 2671 2959 2141 4516 607 4137 1062 607 2079 1111 1608 1615 2466 2793 4193 2666 3251 4428 2268 4776 2554 3512 2615 4389 2922 4199 2268 1623 694 4959 2625 971 4314 3958 640 420 732 3173 1899 3877 3338 1246 1595 2109 4270 4245 4646 3230 3874 3049 1110 3899 2397 3563 18 2779 3411 4030 3772 3813 335 1762 4011 1946 1405 902 1041 2301 3483 1310 3145 1952 3989 2431 2295 2552 227 261 4606 3584 2591 823 3479 2740 2772 4551 1528 4798 3993 3076 2412 956 3340 4114 921 4522 3004 3795 533 2789 3506 2270 4193 2601 4441 1870 4871 4667 3735 1227 1399 81 3950 3198 1267 3319 3305 3899 4337 3292 2866 3457 734 2527 2725 309 1837 3650 2416 2654 1935 1086 3477 4725 3142 3081 3805 1932 3846 4871 3030 119 2794 2259 2159 175 1102 542 3456 2885 268 738 2510 1052 4556 668 2306 4819 3150 3996 4882
1680 4327 4153 4072 1945 1857 4263 3559 115 1473 1390 4063 3320 3949 2003 4933 1933 3973 2981 1274 3011 917 1362 3321 2662 548 3401 1375 3388 3245 2629 4897 3981 3886 4190 3095 4684 4060 411 4821 877 1555 1148 1375 1378 4769 1619 3333 792 1524 1923 4388 3017 1970 1539 1225 3594 2689 4873 1866 798 4078 4468 2831 776 3503 485 2897 3449 4065 4264 3499 1806 38 2025 2400 3569 4652 3977 2799 3559 4005 3248 2662 143 756 1922 101 3932 2043 3753 3541 1531 4865 3970 298 1703 3059 2590 3090 3244 3546 3621 1392 2345 1570 1668 3602 3401 1683 3963 3547 700 58 4382 2134 3661 453 383 1473 4295 2014 3213 2753 256 4301 800 2335 42 3347 1640 3551 612 1276 4016 1705 1683 2779 1996 4124 2067 1470 1537 295 2454 1677 2333 2576 1577 4914 3577 641 4380 293 3478 3943 857 927 2595 3772 490 2792 4556 1127 4440 947 676 4654 3447 906 345 307 4846 356 3878 4450 756 1226 1729 4296 3651 4477 492 963 3950 4440 259 1471 3625 3268 2045 4244 24 1656 752 4013 662 3871 3843 1376
278 2095 2579 102 2971 1924 2030 4637 1628 1390 2572 1203 2366 4589 2042 1340 2147 1733 1771 3252 1960 2345 3665 2280 4785 1699 208 538 742 247 1752 1667 4969 2344 146 4330 2531 1581 4641 3946 1729 2125 4671 1534 1616 377 4424 2818 2735 1739 98 3024 3611 1410 4648 4872 2554 2608 198 1209 4242 1442 1892 2943 1843 818 1051 1032 318 887 3249 1017 1310 3676 445 2155 398 953 4768 67 4785 2126 3678 3128 2400 2195 3514 2581 998 2122 1059 1908 1349 1131 2544 1175 2913 2329 4455 1836 2716 866 4877 4566 1211 2390 4864 1461 3782 1019 552 2034 2992 3651 1710 469 1155 4827 4615 1882 1652 1582 3245 2158 138 4586 4035 2414 1932 364 1120 28 3622 2024 736 299 1986 3216 2283 4044 3098 1916 570 2020 1922 704 2145 4868 2192 4420 444 2630 730 768 4602 4662 455 4352 3318 1836 1312 2060 2276 4383 472 3321 1183 4316 2069 3810 853 2827 3778 1219 1316 886 10 3014 2488 1894 492 1881 157 161 2831 2355 1101 2634 3087 4592 354 1179 556 1565 4971 1237 1115 2926 2511 3983
2809 1776 791 4969 3828 442 1482 1342 4618 4063 1203 554 3571 3030 654 4317 285 1209 3257 2674 2632 3969 2516 4759 2329 4594 2558 2534 4038 1146 1889 4524 3446 2944 1950 4970 4102 2137 4711 208 1772 2318 1229 4900 2872 627 1208 2446 342 2756 3646 491 3378 348 11 711 507 853 4688 1524 4849 1301 1781 3837 577 2840 380 2634 1570 4978 4979 869 3045 614 1944 530 1804 1516 884 4915 4476 2618 1107 2161 4481 3191 2812 2146 918 3485 4786 2036 2023 1238 961 4535 3263 664 2549 1146 4148 1306 381 3243 4442 963 2804 518 1896 1407 866 523 4443 1991 2483 3067 4596 4941 460 1946 4865 2083 145 2727 2465 2950 1998 4686 4702 1185 4067 3628 3391 3760 3397 1580 1476 550 1191 326 3654 4043 2912 2265 1881 4195 405 1812 446 891 4846 3113 1723 4783 3266 1159 1165 3010 1122 4427 553 2278 2306 4227 1148 4414 802 2546 2825 2888 4038 2759 571 3595 776 2639 422 365 3433 3408 2468 182 2787 1666 3276 4615 4534 4216 2363 4181 2062 2767 1950 395 2420 828 4968 2030 3045 1470
2747 1596 3418 921 4462 1569 4182 4178 3590 3320 2366 3571 1770 299 2320 3899 22 4475 162 2251 3508 4777 3709 4203 3194 2469 1287 3570 2656 4931 3824 185 4633 4764 4300 921 2873 2954 3414 854 4023 880 340 2893 109 3283 2545 835 2978 3045 2999 1670 4250 792 2486 986 718 2993 3539 1032 2280 802 1676 3814 1502 789 147 1096 4512 159 4888 1575 1431 970 4272 2669 472 2355 2204 648 2868 1743 1313 4421 2950 3543 4465 4938 1915 3635 59 4578 4627 4530 4917 2383 640 4343 1913 2966 1203 1055 524 1188 1787 2923 4715 3076 2278 27 3230 1471 654 3199 3321 3613 2996 270 4046 3861 3899 2744 3900 3792 1073 136 2175 174 4425 21 1183 1610 3554 2527 4351 2045 1645 826 691 409 2913 4965 3481 3900 4446 1816 2596 3545 1858 1383 4266 3116 2813 693 1003 2886 3238 16 3030 1656 184 4804 4472 2993 4248 2188 1847 27 3371 694 1729 4972 3085 4471 2525 2520 2828 1878 4647 2834 917 4838 3531 871 1272 2208 2124 2273 1793 1108 3707 4641 3162 2652 4137 3914 4007 2147 3919 1248
957 748 3511 4070 1832 3065 3244 479 4317 3949 4589 3030 299 4036 1107 2001 1056 1419 1226 1272 1636 2352 3226 3516 3459 1008 3465 3663 92 2483 4892 4588 452 4761 2998 2869 4010 199 3737 4442 1833 295 1849 1365 1966 3318 128 2859 4518 3673 4566 4842 293 3273 3396 3774 2725 4153 3073 2389 4033 1497 2074 1269 1163 4808 4486 3082 2209 3603 4852 2648 1561 706 2668 4373 4109 1188 2326 20 1816 1383 109 3317 985 4384 52 4029 2932 1373 4358 2229 3119 1827 1776 4707 3688 3703 2087 3681 1061 2510 220 1607 1579 1142 2026 2965 76 3602 1559 2308 2436 2287 2605 3010 4902 3561 4233 4672 4609 3191 18 1942 2124 3978 4436 4196 2322 4203 93 2452 589 1586 2934 2108 3032 427 4133 4137 3810 1108 3061 1209 2613 949 1508 1695 2766 992 1209 976 187 4064 4439 2554 292 31 2959 3902 851 2640 964 4861 2452 3321 3922 246 2684 3972 4835 4855 2964 4817 1241 3242 674 4889 3628 2437 1968 213 369 2441 3194 4284 3523 3257 1248 4343 1606 3673 2464 167 3446 4543 978 2259 3670 4178
4033 3419 3112 4129 1404 2345 3706 159 2427 2003 2042 654 2320 1107 51 2404 1873 2697 3443 322 4234 4241 447 917 668 4320 3307 228 1525 633 3927 4820 3431 4917 99 3891 4103 746 1037 1699 4135 2901 1407 3693 1342 3286 2132 3673 1717 1346 2030 3484 940 3875 1213 3418 4290 630 4814 3587 1589 4596 3518 468 1317 2319 4665 4329 870 2153 4502 4842 4487 1701 1586 309 346 4936 273 4778 1623 22 4981 149 710 1415 767 1194 141 1987 410 4212 1502 1437 948 3120 115 443 232 1234 3143 414 18 2441 2827 1948 4614 1768 3172 2937 1240 983 987 1116 3559 2976 3483 2586 816 2304 2415 3091 2523 2439 3074 722 4969 4820 3907 846 1980 3434 505 2065 2065 3910 2021 1533 4899 4877 185 889 3951 1444 2403 25 3641 1848 2747 4459 3157 3826 1475 3330 4565 3043 3853 2782 4687 1898 3011 2351 4365 777 781 222 4653 320 4228 4663 422 1691 2131 3093 945 4529 3791 1258 1146 116 1974 2578 3135 4326 4732 2556 3861 1192 3379 1057 4381 1755 4000 2833 4761 3084 4530 4721 2359 4568
4283 2986 4931 1590 2713 445 3286 1982 987 4933 1340 4317 3899 2001 2404 2442 539 3664 2564 3922 2977 1584 725 2717 4422 1026 904 3739 3808 3249 600 4123 2009 2949 4919 2254 2586 3132 1561 2658 4200 2100 3449 3711 3589 1425 2795 1126 1122 4724 213 778 1499 4835 1115 3955 3481 4410 1087 4230 537 1029 2847 2793 2438 3383 258 3061 40 2681 4116 4000 1634 2605 416 1564 3846 2881 3876 363 3018 3756 1115 3623 724 872 3291 4405 1299 27 3842 2550 2139 2586 1260 2714 2834 241 2799 272 1154 3032 3852 4145 4368 1161 2643 4812 1523 4660 3447 4170 3100 3666 4910 2020 2509 3100 2227 1752 598 75 4627 4679 2530 2154 606 2247 1262 2013 4251 762 846 1059 4823 777 3362 4153 4195 1759 3438 1940 2462 729 756 1230 2630 2778 4024 1965 1851 1220 1064 2652 4439 4811 1498 3387 975 1566 1534 4850 3832 272 3777 1193 2289 4086 4847 668 2348 4157 4304 1520 1122 4861 4100 3002 1964 1273 3036 3862 2065 2391 3399 3343 2154 1957 2167 1879 3496 2707 4909 4073 4277 898 4481 3920 3638 2428
4846 1532 4716 3451 3623 1574 1442 3602 3646 1933 2147 285 22 1056 1873 539 4021 2498 1644 1225 1975 2186 3998 690 4605 1292 2954 464 2075 187 176 544 3890 3634 1914 651 904 760 434 3329 4532 349 105 1604 2125 4901 1024 661 4844 873 3512 1210 22 3246 4965 3083 1213 1817 2888 2067 3418 651 3755 1713 3487 3621 1098 4507 3584 3721 159 4082 2742 3802 1788 1497 2738 1317 2055 4366 1113 3224 3556 3617 1764 2131 1116 2260 285 2310 115 1101 2922 3109 3750 963 763 2204 3845 376 3639 2886 747 1472 1916 1517 1503 881 669 4447 527 3973 4057 2174 2232 3981 2099 746 2587 3811 2421 2918 1793 1026 387 154 2949 1265 1825 1570 3984 2473 1983 4498 685 4766 1464 4333 488 2080 458 1779 2250 892 3756 2204 4347 4462 4704 2219 4270 4863 843 512 2795 3562 4457 2172 1326 807 4174 241 729 3175 482 3372 3027 2721 618 3630 2009 93 2351 1543 3316 3672 1367 2962 1515 2607 4530 4687 983 1051 4966 3377 4017 79 125 756 1692 2049 3199 4131 2998 543 2025 580 3576 2522
3819 875 4921 1364 4430 2852 1753 2815 431 3973 1733 1209 4475 1419 2697 3664 2498 4640 4082 664 2911 4163 3650 2201 4077 450 442 4060 2067 4044 1432 4889 2272 1265 3227 4531 2952 3876 810 3757 681 1007 3589 1516 4371 1217 2625 2859 284 1331 2709 2738 1467 4369 68 2967 3319 2763 2288 3734 4311 3703 18 4964 3600 2358 2018 2134 2032 4771 4862 1161 4257 197 3464 1893 772 4633 1349 4340 487 194 3365 1386 1944 247 1152 1996 216 851 2147 1692 4278 2779 1345 3659 4705 3228 4175 633 3581 2178 4867 3381 1293 3790 2168 960 1835 1469 2714 3767 4062 522 671 177 772 3060 728 3275 3505 1067 3547 1162 1614 2497 2607 1146 4051 3260 95 1410 3272 50 4953 2315 1265 3950 863 3632 4835 428 2934 4717 4341 1551 4928 559 3824 2815 3876 2591 3462 3170 3864 1143 3849 4798 4186 2971 1621 1566 3698 3118 3922 4083 1203 1719 4647 1793 3004 866 376 4504 3410 2828 4819 1627 2805 3938 1779 709 4286 2171 3060 4120 2737 517 1322 579 3481 3187 1490 4540 2523 1127 362 2732 1028 3632
2515 4883 207 1099 1346 672 4848 4633 2859 2981 1771 3257 162 1226 3443 2564 1644 4082 1504 581 696 2101 4442 383 2348 2222 512 754 2450 1426 135 1257 1504 4017 148 3759 1531 3902 1522 4961 4490 2595 4760 2880 1337 1094 3849 457 1210 1514 556 2904 743 3688 361 4522 2824 3436 2113 1143 4408 3044 845 2396 4910 4247 4615 1578 2486 2026 3392 2832 2295 2832 211 1663 1377 3313 3311 2662 3523 158 4566 4847 4188 970 55 4313 4609 3756 1849 4895 3054 1886 2723 125 413 3019 2244 961 325 2075 3217 4412 1610 3438 4981 2688 2193 4804 586 3918 3876 4553 3785 4328 3271 1279 2744 878 203 2252 3616 1106 2687 4223 1921 2436 423 2722 3369 4752 4713 2536 4379 202 234 4838 4460 2169 4130 1548 3463 3864 2353 2550 4115 2103 299 1594 2090 1115 4412 2783 3149 1881 2591 3025 4848 3667 2231 4036 1631 3764 784 2123 4309 144 3056 4882 2195 2021 3526 646 2994 4188 1962 3897 3140 2372 2365 2851 4035 1173 3883 2502 2599 1267 2147 3118 1927 2834 125 4961 2107 3885 1998 2250 1269 2372
4525 3910 3347 927 1210 4593 4913 577 2370 1274 3252 2674 2251 1272 322 3922 1225 664 581 1799 4619 2590 1929 4266 3561 417 1045 3233 3401 436 3730 523 3129 4415 2438 3965 4885 4179 954 3446 2933 2944 1066 2872 3450 2927 2153 100 1256 4411 3056 3734 4022 1775 3304 2589 1068 1118 720 1233 1381 4114 2606 4517 826 4309 2997 3740 2813 3423 1901 4811 581 1114 3108 635 2837 57 3799 4034 4347 2025 553 1012 4493 1328 219 3899 4549 4310 3125 3020 1808 4261 756 1640 527 4428 4179 4644 2794 632 1296 217 4469 2672 102 4543 3962 3895 138 816 3008 1042 3606 3493 341 4146 3159 2469 2804 2796 25 801 3007 2759 316 2940 1751 3790 3130 3459 2770 2740 2307 4894 871 3369 3718 2745 747 1295 1086 3865 1407 1989 4082 4997 743 573 1276 3737 1545 2135 3915 4196 2619 1437 3472 3851 2043 1890 3185 2271 1583 1934 3686 3305 4993 1353 462 1552 3803 539 4776 4570 3715 2896 170 3049 1965 903 3309 4976 4039 1787 2059 45 4421 408 369 4974 513 4205 4490 2322 3424 1372 3566 2810
2594 3194 55 1544 3614 4426 2330 3851 3038 3011 1960 2632 3508 1636 4234 2977 1975 2911 696 4619 2620 4229 994 2816 3646 2038 1803 2059 2432 1279 4245 1471 1488 3986 2896 1502 1763 2961 1936 1037 3636 3011 4275 4878 4061 3162 1636 180 3463 1706 2134 1291 936 4402 638 1922 4759 3956 3371 774 1195 4872 4681 1936 3258 2680 4255 4596 1666 2071 1860 2888 2638 1902 700 4675 2809 4692 301 175 2609 516 574 3985 1353 1359 4535 121 2451 4001 4663 2170 2006 3796 4554 2195 3372 2043 4670 3971 3848 756 3322 4825 482 2144 3172 4749 2591 1030 3371 4963 3403 1279 4450 2899 212 2087 870 114 807 3200 3955 1994 3250 694 1680 2244 4202 2279 1318 4210 3756 4682 913 426 4324 995 24 385 164 2483 972 629 1764 4379 583 4577 3594 367 2647 2778 90 706 1780 2153 3445 3018 4975 674 2424 3441 2007 3927 1540 1967 3451 639 4147 3230 4668 4538 740 2438 631 2859 2757 3963 1514 308 394 3650 2025 3006 3966 148 630 4486 3003 647 4383 3643 1453 1276 781 3784 2073 2788 4252 3869
2143 4219 160 1845 2993 3015 3871 3033 1354 917 2345 3969 4777 2352 4241 1584 2186 4163 2101 2590 4229 3421 3601 509 459 4073 2460 4354 1964 415 4724 2489 1480 3701 2283 2724 4244 15 1211 1249 2439 4219 1518 777 4392 3361 2440 2324 1086 917 948 224 2849 640 1364 1578 110 3682 2820 4337 4142 481 2302 2293 3074 4748 4164 44 2561 2797 1655 2781 4664 982 1022 381 39 734 3126 1610 3354 789 4099 1231 1058 3769 3339 4786 1964 2040 2994 1442 2429 3525 1472 2517 3896 4618 4229 3390 3054 881 2366 3240 399 2002 1692 2514 3494 1651 2067 60 2201 840 1656 4742 1253 370 46 2568 2671 3670 2158 1374 350 3605 344 2900 3325 1756 2080 1127 2818 4279 762 4015 2764 1703 4593 1785 3708 2166 25 1672 366 436 3424 3781 2363 3520 2300 4390 1928 4023 968 938 565 1095 4100 2904 2526 3153 3116 1563 3670 1698 4632 4748 4890 654 708 4034 4936 4446 3661 4429 3982 1122 3632 4950 2095 1476 2482 1260 4019 1867 171 4882 1973 1275 3451 557 1794 4290 878 1594 1438 4960 2279 3290
1706 882 2670 109 1345 4536 1342 1458 3598 1362 3665 2516 3709 3226 447 725 3998 3650 4442 1929 994 3601 2847 4713 2948 4595 1130 3537 3123 2256 1041 4280 1142 3474 4116 4025 189 4604 1124 4149 4419 2094 3986 665 1915 83 1629 1130 2776 2808 3135 2907 3279 3528 2844 2617 3355 4578 3577 42 182 3142 3812 3471 4850 3257 221 909 4446 564 4818 4385 3262 1585 2430 1627 2967 4977 4787 2475 1561 3779 32 1281 859 4192 928 2841 4266 4015 4679 4235 3926 1185 2958 864 715 2056 2509 4377 3487 2730 2125 2072 4726 104 128 3639 3726 1197 1928 4251 2799 1814 2101 2336 2447 4174 4236 2735 4144 2847 4669 3363 4233 2517 4570 4185 2051 3770 1905 2396 2469 165 2168 2078 59 4495 378 3387 3395 1189 2788 1514 1465 2715 978 3313 4126 1400 2147 1531 3892 833 2526 4562 1647 4778 1519 313 3070 1287 1871 1391 2675 3056 1251 3561 3011 266 2980 4150 4181 867 4462 2035 2798 431 3459 2127 2022 4321 1481 1607 2933 3526 2610 4593 1916 3229 213 81 4560 770 2185 4322 2685 1555 2772 3598
3380 984 1178 2275 1815 1538 2573 1768 2613 3321 2280 4759 4203 3516 917 2717 690 2201 383 4266 2816 509 4713 3575 2859 2931 1886 2147 4888 4248 3857 1422 3713 4864 3220 3658 3377 939 4292 4663 1230 1552 1119 3071 733 1633 2594 4115 3959 4851 1786 2025 4160 3489 1706 1956 2647 366 4686 122 1939 2488 4982 3769 2554 3520 4653 4177 4324 1619 2294 40 4839 3485 3988 4373 4857 3835 2515 1752 4116 462 4940 3309 2479 3512 3900 4274 172 643 2258 3974 1636 3729 838 797 420 4180 2185 3129 3144 3373 1707 4150 1199 4931 841 1980 4144 4046 4547 3880 1726 2866 3451 494 2402 499 3110 1068 3542 2899 158 2441 3468 844 1441 1951 1741 1802 4113 4386 1434 4281 1890 4611 4567 4503 4994 2279 264 2546 413 4693 1619 4046 1340 3635 2124 2980 1593 636 2671 2269 1353 1423 4143 2536 655 1440 1371 2381 1141 2831 3269 3007 250 2708 1870 1771 3897 1844 2645 70 900 3714 1126 855 326 4111 1550 1622 4836 1220 2923 4033 3279 2806 1778 4442 4450 871 4070 4153 3166 3587 3845 788 101 1794
1469 2018 3760 220 1082 4373 4319 957 441 2662 4785 2329 3194 3459 668 4422 4605 4077 2348 3561 3646 459 2948 2859 2420 4511 3989 1824 190 2185 3855 2909 1125 1737 1186 4552 4060 267 4408 2985 4416 2782 3068 1628 3040 3617 3865 4756 1175 4761 4551 3265 2602 3430 2869 2032 1618 3120 2560 521 274 4420 3827 4504 4609 1799 3377 2567 244 219 1761 1854 226 3603 4549 261 2004 3865 659 1217 1131 3448 3792 3702 1470 1748 62 4944 3274 791 494 1616 4396 2031 2377 3416 2948 2586 4547 3099 3086 1642 4142 1757 211 2073 611 390 4936 2718 3553 1768 4468 2905 2743 2569 504 2539 4222 4310 320 2204 722 4576 3154 2094 3107 1434 1721 4953 13 3458 711 212 2364 1038 3800 3482 1901 1248 1175 4678 1632 3550 51 2871 1026 435 4281 2244 2280 1026 3332 40 4402 33 3762 3698 3160 4040 270 4787 3198 486 2072 638 20 4908 1605 3880 1246 1094 3670 4493 938 786 3590 1380 3013 4339 2212 1999 2922 2436 1787 4098 1156 4199 98 4230 2773 3856 2802 2987 4466 4831 2196 3696 4912 1049
4558 4460 2463 3780 3138 4963 917 1858 4112 548 1699 4594 2469 1008 4320 1026 1292 450 2222 417 2038 4073 4595 2931 4511 3484 1432 4653 3399 3718 926 4305 1290 1494 4332 3793 4017 929 4037 1952 2841 971 4588 4736 81 3384 4903 949 4665 4231 1903 3387 2468 1166 58 1196 264 2463 359 4433 1085 3138 1050 2316 954 3431 4881 275 655 4621 110 132 1357 3203 4730 3230 2731 4701 3552 3036 1025 4292 3345 1302 4127 2970 1395 4300 3965 47 651 4157 1757 480 735 1714 3893 748 4420 3433 4881 3466 639 2022 4652 1583 4120 1077 4097 3656 3977 938 3315 310 1488 2070 1994 1047 4034 4924 58 3578 2715 714 1931 2404 2561 2730 260 1490 3429 3069 4137 1630 3159 674 2694 814 2538 2641 2475 2936 4542 2093 4594 525 1749 4671 602 3479 4711 719 2065 326 3718 207 453 1740 4981 2770 4798 3417 537 550 320 3235 2132 240 3117 2940 1269 1934 2673 2470 1070 3906 1219 1997 224 4300 3606 2335 2973 583 4882 61 4112 283 4218 1259 4676 1281 1570 297 2787 2040 3432 2616 3310 4534
4482 2096 3876 4229 4563 2749 4001 1586 1321 3401 208 2558 1287 3465 3307 904 2954 442 512 1045 1803 2460 1130 1886 3989 1432 721 2625 3301 1163 1385 1569 927 2812 3387 228 1670 4376 2969 2804 783 810 1783 4527 2391 446 1720 4016 2897 4134 1785 92 1926 2777 4062 2585 4428 3560 1001 2960 3087 1944 2855 4161 4283 4360 2197 1139 4749 1117 2795 4613 111 2073 3194 4377 2376 2419 1471 2142 2906 4897 2015 3219 3105 3465 1613 4394 1415 333 1179 688 1561 4588 2611 2285 2904 2153 1017 1025 4928 2615 2666 2850 1377 1574 2851 595 4517 354 4283 3566 4290 83 254 2133 3883 1130 3456 2033 3947 168 1828 3449 4961 4309 2901 1354 3947 382 3933 4809 3128 2157 2307 4822 831 4595 4029 3466 4834 1865 2707 3983 1826 1739 1157 3856 2752 1166 869 2199 124 1949 1946 3638 3894 559 88 4153 103 3284 3929 3616 4171 1770 1678 3180 4973 2120 4212 4338 4936 1111 402 1317 3491 3761 775 3492 4698 4938 2381 588 1330 1280 2929 2590 885 2148 4875 554 4240 2839 973 3400 4597 2658 4389 2649
553 2769 977 4964 1790 1254 4395 1361 112 1375 538 2534 3570 3663 228 3739 464 4060 754 3233 2059 4354 3537 2147 1824 4653 2625 4687 794 3587 564 2949 4971 2215 1887 1846 4479 2390 1442 3597 2776 1307 4361 911 3144 4949 4866 4734 1810 3431 1787 2105 2506 4520 3460 133 4052 819 1424 2251 1943 4992 1794 3014 2054 3031 3922 1434 2178 2735 1013 914 294 3973 964 2655 1072 1230 1099 4554 2968 4971 198 4989 420 3961 3939 2621 3346 4473 900 4436 2851 4901 3907 389 39 1971 1820 3581 995 4428 4059 4950 2579 251 1587 2194 690 3886 471 4700 3701 3201 2657 2525 1357 694 4260 2666 2116 2212 4480 344 1714 3819 46 225 601 1849 3179 4353 2226 1816 2068 3171 1349 192 491 3293 4801 3497 3140 1186 70 656 3632 80 906 3128 2852 4110 131 2910 3041 4915 354 3461 3804 2975 768 1214 1267 808 127 2783 4318 2244 4140 4906 2298 1274 2171 643 538 1889 1887 1249 4049 1653 4069 80 2741 2720 4531 1299 1607 2664 4814 3641 3131 215 2016 2714 3580 2829 412 4445 694 1885
3189 4450 1495 2044 3851 3222 4429 2557 318 3388 742 4038 2656 92 1525 3808 2075 2067 2450 3401 2432 1964 3123 4888 190 3399 3301 794 4084 4823 4928 2141 3659 2953 1633 3551 3748 4823 4810 4305 490 1262 1333 3832 4915 772 3307 2736 3335 1449 156 654 2354 433 1853 4409 3611 3202 1507 1810 4966 3281 2352 4272 3887 1762 2177 4306 2019 3326 2421 3549 4469 4831 884 270 4460 2508 4685 3034 1731 3387 2013 3710 1033 3221 414 1452 4720 3015 355 2956 238 546 2739 3412 4901 214 2524 4045 2664 1156 3184 2372 4023 2184 2768 3046 1972 4925 583 1857 2108 2162 893 698 4122 2306 2405 4068 3319 3342 3805 2981 4826 1107 4630 1891 1695 1492 2521 3917 3392 4529 1022 2395 2237 843 4404 39 2016 1998 1752 864 321 3019 538 4881 1421 1251 2313 850 992 909 1213 4965 3268 2069 1024 2231 3644 4011 2374 3841 1348 4188 826 2686 4808 4358 4742 3032 1124 318 4407 1256 716 1120 274 3822 1409 3677 1976 2944 253 1110 570 1317 377 4223 284 3353 372 651 845 4066 2722 3712 4720 3596
2972 2487 3746 996 1025 4735 698 1837 3093 3245 247 1146 4931 2483 633 3249 187 4044 1426 436 1279 415 2256 4248 2185 3718 1163 3587 4823 221 4984 2140 1623 3109 3024 154 4768 2557 4677 1959 500 4217 2557 812 276 3640 4703 3793 1028 2156 380 3074 2506 2181 3771 3017 2671 1846 3590 4377 4467 1325 3930 2802 4827 372 2715 4062 2514 1666 3982 4648 4076 4641 2802 34 3382 225 3721 3617 3500 1989 3367 2313 4410 4144 405 199 4861 3249 4204 3501 1598 3546 435 1588 4545 4197 3719 2061 3783 1347 4310 4150 4667 3337 4073 67 3902 4479 3518 2518 176 1207 2063 79 84 314 3941 1826 1038 3728 1912 162 1455 1997 4883 4484 2410 1810 2654 2688 2813 3217 4412 620 498 3108 4272 4294 807 1456 4232 3803 2024 4842 3959 3169 1851 2365 1778 4954 3068 3736 2388 3789 3194 2420 541 518 4792 3055 249 4252 4378 694 3331 3943 3610 3309 3265 2307 3374 1039 4416 3154 1183 2804 2087 2573 320 121 1029 96 2793 335 3716 3187 4345 2288 2613 4754 4700 3048 4413 1307 378 2706 4280 4563
155 4656 3764 2539 353 150 3294 3575 195 2629 1752 1889 3824 4892 3927 600 176 1432 135 3730 4245 4724 1041 3857 3855 926 1385 564 4928 4984 2428 2747 1268 2611 1978 1264 3008 1752 2779 3034 3180 1908 441 4769 2367 3692 1346 4749 4882 4271 4341 1845 2136 4039 3645 1841 4203 2927 210 3935 2178 3833 4639 3851 969 2273 735 700 654 4724 645 4619 3143 4012 3681 919 922 2573 2799 2224 3136 1528 4016 1653 933 4070 1002 4782 4714 812 1890 1998 240 3801 2784 3962 2802 4732 163 434 59 3578 395 4345 2628 4279 1585 4103 1278 4977 1629 673 1469 4221 4401 3423 2504 3103 362 2828 2081 2864 573 4851 4220 1766 2493 4511 730 3211 3918 899 3895 570 3106 3039 4849 2454 2343 4676 1967 140 2211 1436 4766 2724 700 3193 231 239 374 3342 3859 3341 3752 2441 4487 4330 4998 1236 1795 2864 4736 4201 2830 4553 1221 2242 1092 4472 1639 1629 2443 1201 4333 542 418 2775 2472 3094 2578 713 1791 88 1693 4677 4015 2752 1662 4753 2490 640 11 2886 3169 199 1512 241 4872 566
49 2672 2336 3228 37 2498 4956 2948 4386 4897 1667 4524 185 4588 4820 4123 544 4889 1257 523 1471 2489 4280 1422 2909 4305 1569 2949 2141 2140 2747 2167 3077 456 259 702 2626 3302 2907 3109 1032 655 4434 4890 1237 4032 204 1355 4439 756 4204 3011 2715 3617 3282 4262 4733 4696 4185 2719 163 186 3202 3207 848 3771 906 194 159 4220 2379 2362 4902 2560 3993 1335 209 4466 166 2726 2122 1776 1465 2616 2750 2493 2817 2595 424 409 1383 4405 3079 2796 3592 1177 4044 4996 2515 2474 2621 4537 312 4003 4498 658 4157 4028 3246 870 1875 3429 4115 556 3598 4837 652 3171 1413 4924 4941 4370 4060 2320 1267 4917 2771 4600 1040 2488 4125 1427 4878 961 2598 277 977 3823 668 1228 4078 3326 3809 1989 4865 4024 1417 3468 2442 335 3112 1777 563 2467 3731 3966 3740 530 1387 419 4772 3032 484 2051 1553 4419 3316 384 3878 514 2973 4283 3644 3948 2249 151 226 2616 3654 657 32 4370 4947 3119 4902 136 2136 4351 2255 2050 4454 3831 470 3370 2541 1129 3976 1283 11 2459
2190 298 4189 1726 796 2662 2034 3415 3402 3981 4969 3446 4633 452 3431 2009 3890 2272 1504 3129 1488 1480 1142 3713 1125 1290 927 4971 3659 1623 1268 3077 1002 1591 3916 2327 1729 115 4787 2050 3825 253 1067 1444 370 140 3420 4734 777 1713 2912 4765 3064 1204 1668 4449 1921 1925 1010 4804 66 2703 231 4390 2555 3255 4080 1850 1586 2781 4452 1976 315 4561 1111 2114 2940 952 278 2315 1299 3338 4553 2647 3437 4815 4409 3781 1160 3644 109 3819 570 4009 3244 3992 1723 3331 3236 1040 2371 2681 668 4669 1610 2111 2915 4727 1939 2727 694 3250 4196 2500 2463 1610 4950 1806 1583 2824 1441 842 1325 4119 2371 949 1183 1234 3931 3049 1084 1481 792 784 4734 3342 2313 2473 4571 592 1680 4318 4392 4486 3478 1250 289 1873 4951 3244 1626 3590 4870 1389 3581 2622 3425 515 978 1968 2109 2551 210 4532 2156 3480 4263 3915 1115 1949 1530 4750 1916 3214 4659 3227 3419 2303 3667 1481 1964 3348 143 854 4624 2874 24 636 2016 4012 4578 1454 4364 3717 2052 283 4534 1716 696 490
1657 1793 3009 2749 1063 4088 2075 1227 3352 3886 2344 2944 4764 4761 4917 2949 3634 1265 4017 4415 3986 3701 3474 4864 1737 1494 2812 2215 2953 3109 2611 456 1591 4372 4971 906 3261 3783 1368 2863 1236 3950 4016 3671 3307 2005 2468 1963 4232 345 995 4678 1377 3131 4657 303 3916 1571 2980 4628 4535 2592 2149 2077 1233 50 2861 1984 2903 4982 2799 2653 4931 2096 2747 4992 1137 4592 3694 14 2849 1240 2949 3345 1422 2284 4811 3605 4280 3352 1349 193 833 1203 2425 884 1486 636 574 4629 1105 3028 4257 956 1555 1538 4665 2511 3330 394 4107 1053 2855 2870 1720 4975 776 4632 4405 1243 2282 2778 4653 4047 3443 1920 381 1493 2215 3791 4311 206 2955 1629 439 1622 790 3356 904 2364 2892 4150 3916 3185 3715 4102 4254 4925 3939 992 4936 3054 2427 4366 1136 3160 1434 578 4964 1173 1001 2132 3175 526 3955 2679 1274 481 4182 151 1557 286 39 3968 2912 2135 1463 874 2770 2719 4288 3453 1175 111 4594 2759 4828 4526 4938 3337 874 684 4795 4519 2796 1951 1740 4468 2474 1854
2068 1119 846 1225 2321 1857 3016 4558 605 4190 146 1950 4300 2998 99 4919 1914 3227 148 2438 2896 2283 4116 3220 1186 4332 3387 1887 1633 3024 1978 259 3916 4971 2343 2510 4264 4194 4513 387 944 4021 2338 3780 3518 570 4593 4710 2099 655 4014 2644 842 2807 2528 4022 4889 2162 1558 807 1687 3245 1665 4538 3932 1056 1766 3971 2515 2400 4345 721 2777 4580 2318 3288 503 932 4086 274 3747 764 3613 4491 4698 4612 727 1041 4633 3055 1203 3371 2176 2111 1800 449 2246 1263 476 1358 4413 2093 786 4037 1725 4481 4765 1191 3772 3833 4732 2557 3706 3872 850 3942 349 1210 4858 4125 139 434 2247 2828 3813 4146 4548 2762 2083 4797 4622 2131 734 3983 3676 699 2107 4701 1047 550 150 1172 2778 1394 2173 3343 1702 642 4587 2246 1463 4981 1372 3849 3873 4370 4931 1222 3927 4103 4689 3770 3808 2898 3266 2817 1433 1563 3152 4100 4086 3072 4531 1230 866 2462 1868 3935 4143 3006 254 3901 2878 2988 4680 3970 3507 4787 1724 4153 4035 1601 1142 2382 182 3077 1903 4647 2680 2959
3845 1528 751 2348 2895 1940 2638 2446 362 3095 4330 4970 921 2869 3891 2254 651 4531 3759 3965 1502 2724 4025 3658 4552 3793 228 1846 3551 154 1264 702 2327 906 2510 4402 4464 2860 1819 221 2410 721 3202 4210 2203 867 4415 483 426 3373 4983 1812 2913 3967 276 4479 3049 4063 179 2496 56 1457 2389 2413 4192 1741 1650 1739 2296 3033 2114 2317 4689 1160 4726 4503 3624 4493 2234 2473 2365 3834 243 1666 732 2563 2284 4215 1858 1677 919 4996 541 3793 4415 971 3338 3559 2935 2182 2199 1716 4746 1231 2767 2886 4231 928 53 3480 149 239 1040 2284 386 2019 1564 3509 4211 4639 2649 4458 2792 4283 1331 3796 3716 1522 4429 2120 3596 4529 3404 1227 3270 4958 4662 3703 4516 370 4339 744 3299 1529 4890 1277 3819 2021 1044 774 2318 4548 1537 1679 3166 3611 245 2120 498 2219 4738 4748 798 2233 3546 1856 640 3714 1301 900 3355 4867 3949 1312 241 760 4621 1932 2521 2503 3300 3852 4514 780 4920 3275 4823 2204 2341 3205 2619 3244 153 71 415 144 2922 273 4265 3149
1048 1858 1309 2001 2824 1332 3553 2739 3235 4684 2531 4102 2873 4010 4103 2586 904 2952 1531 4885 1763 4244 189 3377 4060 4017 1670 4479 3748 4768 3008 2626 1729 3261 4264 4464 2101 2724 721 548 4569 3002 3570 4637 207 674 1945 4602 3371 128 4233 741 3473 1877 756 1770 2058 785 1582 4232 2059 4703 2245 1478 72 2870 1112 1256 456 2140 4611 1693 4332 153 1573 2406 3964 3320 2371 3736 374 810 1771 3624 2778 3591 4919 502 1979 3893 1882 4755 1522 1760 1096 1816 4776 2621 4753 3213 1589 414 3631 3217 674 2603 1166 4370 3085 2384 4817 604 2071 1712 991 4505 1565 3482 646 4349 2199 2981 3837 1983 4028 4724 2275 1946 3571 625 1243 4861 3647 1097 4789 2300 775 931 4994 2152 3123 4429 1735 3630 58 317 1927 4338 1270 691 1040 118 139 3781 3368 4720 4797 1473 2090 4926 3113 1614 801 4190 4415 1255 4065 391 1072 1443 3106 4108 3776 4504 4532 1296 575 823 3413 3448 2170 1179 1032 2000 3651 795 4151 1571 3860 3660 724 3390 4543 4775 358 2347 4063 3836 3011 4458
1096 499 477 3083 3210 3193 372 3575 4942 4060 1581 2137 2954 199 746 3132 760 3876 3902 4179 2961 15 4604 939 267 929 4376 2390 4823 2557 1752 3302 115 3783 4194 2860 2724 3066 1683 2473 2496 1221 1057 4355 4851 1004 4334 2218 2552 2477 1660 3612 4123 478 405 1128 4023 2481 1968 3791 3133 3976 680 3183 1484 1389 4134 1505 1589 106 2464 199 4016 951 1438 3519 4323 3061 1503 2613 4743 3319 1988 174 3983 4610 4674 3390 675 2096 2293 1830 840 1715 329 523 2435 1156 3588 3640 1980 2214 4093 191 3092 1810 331 1495 1460 3804 128 2367 2092 2314 2566 4362 1976 859 4782 733 397 4872 1059 915 3719 4009 424 384 259 2711 3373 1138 264 2318 4446 3190 2692 1738 3604 920 4361 1322 4190 3158 1157 1995 4342 3336 2982 4070 3675 1290 3561 4750 2656 2772 2088 2660 1069 2008 2677 1933 1859 2186 3794 2832 3778 3588 3007 2694 2114 2118 2647 2198 2874 805 2110 2503 3785 3977 1109 2982 1773 4709 4241 2655 3325 4788 1353 1068 531 716 656 4640 3935 3323 4120 2805 3674 431
1164 4402 1975 3220 1610 2354 4590 2523 2811 411 4641 4711 3414 3737 1037 1561 434 810 1522 954 1936 1211 1124 4292 4408 4037 2969 1442 4810 4677 2779 2907 4787 1368 4513 1819 721 1683 4400 2843 2044 3344 2666 2761 4682 997 1205 1295 3111 642 2208 3890 2290 296 2707 1650 4001 4858 3775 4455 3409 2922 162 733 2205 864 601 485 791 1788 2128 2196 1646 4448 1066 1348 4196 2697 4658 180 3055 47 1081 1348 4226 236 418 690 3569 158 998 1073 2353 425 3601 2202 660 2134 3522 2372 1931 3660 163 1059 3665 3320 1371 2046 599 4348 1565 3644 3211 3800 1857 393 2736 3080 4255 2866 1373 3539 3407 2235 4693 3427 1809 384 4689 1114 34 4004 415 2860 3204 3157 2304 4921 545 2133 3144 498 580 744 4800 4292 4252 977 649 790 1182 1431 4628 4941 1777 2015 20 709 1219 3631 4583 4512 24 1143 4247 4462 581 2835 4009 2534 2433 3537 1318 289 4887 4229 4965 2744 2662 3786 3123 2780 2573 686 2468 116 353 2972 4247 4094 1628 4711 1635 4519 36 186 883 1275 50 2492
1836 2608 1822 4158 432 327 293 3573 2671 4821 3946 208 854 4442 1699 2658 3329 3757 4961 3446 1037 1249 4149 4663 2985 1952 2804 3597 4305 1959 3034 3109 2050 2863 387 221 548 2473 2843 2611 4615 2982 3971 4006 792 2429 4167 3923 3901 1965 3273 4313 1674 4784 1970 4550 2437 3140 3534 4479 3584 3535 4639 4085 4079 4388 4359 3283 621 996 2608 1744 1475 3536 1432 675 1220 1504 1353 1329 640 1195 936 3241 1988 2259 1263 1572 2931 831 846 3009 4422 3206 1890 629 2164 4630 233 1848 1452 376 4511 2072 1353 2892 2282 2528 4469 475 3791 1365 2557 4275 74 4499 1221 2614 2160 1573 649 3334 878 433 2687 4216 2900 3110 4281 2753 2926 136 4320 3229 4569 1322 2736 865 824 4746 4500 368 1862 1618 2042 3398 3770 2277 4394 899 3659 4722 2119 1239 953 4484 3665 3379 3123 3251 2392 4027 2013 2929 235 4255 89 365 4402 1642 3145 4156 844 4139 603 1840 4777 4556 4433 3995 543 2803 3638 68 85 47 3583 4776 3700 2837 1438 4023 1162 3095 2078 783 4298 4603 4731 1061
