N: 200
M: 90
Symmetric: true
Triangle: false
2 88 200
1 102
2 48 136
3 175 165 5
1 194
2 141 99
3 115 16 22
3 137 84 67
3 56 125 86
2 23 129
3 92 66 29
4 98 122 161 153
3 104 24 164
2 123 97
3 41 78 190
2 168 54
2 140 62
1 180
3 156 83 148
1 39
1 157
3 30 90 52
2 108 132
3 87 28 191
3 7 113 3
3 36 20 18
4 93 118 94 193
3 135 71 199
3 196 162 184
3 189 91 68
3 171 182 10
3 21 176 26
3 61 27 170
2 79 167
2 1 4
2 95 116
3 15 14 177
1 112
2 179 64
2 58 178
1 57
2 121 143
2 183 119
2 127 33
2 120 192
3 160 197 144
2 130 40
2 80 154
1 149
2 128 31
2 159 59
2 75 8
2 9 101
2 82 172
3 163 76 185
4 158 73 124 96
1 44
1 173
4 46 109 110 6
2 131 198
2 188 142
2 166 146
1 107
3 181 106 25
3 138 187 43
2 42 70
3 49 134 13
1 53
3 152 60 186
1 155
2 55 74
2 51 126
1 147
3 17 139 35
1 2
2 34 45
3 114 11 69
4 174 89 195 19
2 81 12
2 105 65
1 72
3 145 47 63
2 50 77
1 103
2 133 38
3 32 100 117
1 151
1 169
1 37
3 85 111 150
875 4304 1955 2472 2077 904 458 1289 3900 3119 1340 316 4113 1287 1888 3978 850 620 632 4266 3325 1893 3393 80 476 2925 1544 1585 1804 2181 780 4290 2687 1133 864 1801 1958 2163 4932 2637 3013 4336 2213 4353 996 4169 933 1568 4561 4713 3804 2018 1621 739 3266 4508 3644 2504 4168 1379 3661 3719 697 2414 2544 682 2986 2042 2217 3960 111 2427 3010 4186 1225 1987 2073 1711 3695 3001 2637 3059 970 2645 3495 4661 4964 2077 535 3158 2844 2591 4727 363 2880 2902 4855 1389 3821 2953 4486 4873 1787 379 1203 4532 375 1139 2449 3854 2151 515 3548 1601 164 2073 1803 2487 4924 3098 4406 2012 3853 1239 673 1409 2522 2403 1378 1068 2831 3088 3156 4851 3544 4545 4213 3058 2549 28 2463 427 133 4979 3199 848 4441 3411 1545 2049 3356 4263 2040 3412 3906 561 1430 345 2333 587 3808 4296 3092 1734 3553 4654 744 709 3564 1233 110 4732 4088 1432 1290 314 3826 4219 751 2105 4100 96 3190 2315 3122 1670 4509 3779 3916 4501 1083 4428 577 3401 2133 1571 1731 4083 3870 178
4304 3791 583 2849 2916 2217 4803 1516 3586 2612 3441 4306 865 4516 4377 2335 2829 2558 3562 1067 1263 251 3345 809 3037 4000 2380 4313 1647 4326 1779 1657 90 1779 3794 183 3384 596 4162 4056 2332 2039 2427 252 2861 3866 3319 4734 2227 4331 1834 1526 3084 22 1603 4246 2681 2612 611 3946 4719 531 4223 2755 2862 215 4678 1611 4910 3997 1582 3265 2300 3588 2193 1501 3595 1316 3690 860 2700 2691 3573 4148 2950 3129 4090 676 3235 2115 4746 3757 4485 2008 3044 3717 4476 960 3628 4809 3002 1349 830 4796 3653 1462 497 4622 3465 3572 898 731 3700 3810 4239 3384 2476 2805 2363 3295 4398 2602 2994 2594 1819 3773 3087 4392 313 4881 4604 3216 1510 2324 2723 3396 190 4315 1026 3201 1072 4936 3774 2417 4732 3383 2167 2558 4322 337 897 4095 540 2617 4536 981 2239 839 797 2387 4831 390 4273 1145 32 2074 4326 1695 1535 4513 1405 4811 78 2952 1985 4600 4213 2827 2930 1144 2140 1117 2986 1987 2575 4911 2236 2559 801 535 2698 2434 3516 871 2850 1905 4005 4034 2738 2307
1955 583 4384 186 2692 1732 884 377 4135 805 4294 526 887 1451 4518 2448 1808 4284 4104 4768 3621 3945 4644 4985 2150 1266 3992 360 2962 354 4368 3987 4577 2013 1666 4684 996 961 1344 4494 2208 3608 2842 484 4786 1783 522 3716 1708 3096 2025 3996 346 4213 380 1457 2027 462 2828 4932 3189 838 4970 2219 3113 4608 2790 474 3036 4579 1864 3464 278 4199 2877 1852 689 2370 3435 1235 4326 1609 1385 3563 4113 4654 4939 2862 1959 1138 1921 4187 1871 1150 1374 4743 4228 447 1652 4159 4328 2837 3717 4949 596 2775 3950 3158 3446 2380 1780 4767 615 3115 2202 268 3107 3112 2453 63 1723 4881 4868 363 4876 530 2463 559 2186 2299 3204 4977 2926 4469 1574 2251 1902 2777 4532 4990 4829 318 1459 418 4301 4483 4231 1758 3121 1145 4240 3359 4007 3460 3702 2441 3376 3462 4307 1021 1526 1354 4363 859 4424 4602 4415 1973 3175 2419 2545 1984 3632 2018 3536 611 149 365 4058 2520 4982 40 3748 1049 608 779 1046 4748 508 3893 3678 262 1644 704 2903 1726 2830 3085 2075 639
2472 2849 186 3704 1566 707 1766 3911 4995 140 2027 2967 3972 3919 1011 2079 283 901 1658 136 3391 1113 2712 3155 88 3163 2405 4498 832 536 1669 3732 3896 2700 4059 4926 2959 1178 225 1839 4747 3297 107 4676 777 3323 3788 3054 863 2995 597 2990 4500 1255 1940 1485 1017 4934 330 3678 4217 2993 4619 1650 500 3898 3045 764 3074 3780 2794 4949 3778 2656 4480 4660 1625 701 3195 644 698 1708 2169 749 4879 2676 2841 1015 4171 4941 2584 2653 590 1794 4860 1232 4912 1488 3249 2734 1493 1271 560 2631 1291 3473 1736 3883 4916 2364 2090 301 2596 4338 117 3286 3765 250 1983 1015 2903 1746 1822 2784 3855 4256 4968 3514 488 4615 1757 313 3601 1351 4334 34 2618 3853 320 1823 3480 685 1668 1088 3651 932 4533 1409 4165 2713 3540 3543 3521 1420 1796 2931 396 1346 4216 2043 2633 4245 1168 921 3377 2475 4007 4571 3184 952 2709 2254 1466 4017 4155 1350 1871 3200 4129 1601 2438 490 4200 3905 80 1301 1238 1202 1149 2156 4160 4993 2534 3792 842 1690 595 1585 4114 2048
2077 2916 2692 1566 893 4118 4852 2347 2112 3931 3291 4180 564 4217 43 4790 4894 528 1645 3696 3318 2216 464 4455 392 546 4601 4116 39 592 2832 353 2992 670 2052 4810 4748 2863 2176 420 1547 316 2385 484 2274 3492 1226 4017 1343 2357 1116 2148 582 2588 1241 4429 4963 2169 1902 1823 1960 3726 767 216 2460 58 2552 2910 935 497 1069 1915 632 3144 4102 4757 4446 1149 4365 204 132 4155 4988 4497 3387 4330 289 3160 558 267 2497 4389 308 4356 4669 2767 3051 831 3655 2491 4425 223 126 3975 595 3598 4940 2092 3233 2770 1718 3577 4250 4986 3822 2651 3409 3796 3428 1362 1012 1742 3403 385 2276 3791 4413 2096 582 4895 846 992 367 4763 935 3831 2364 2867 264 4569 464 2668 4768 1911 1313 776 1513 1620 4403 918 864 1971 3589 4128 4524 413 4270 1146 443 2904 4111 3573 1436 1459 4855 2614 3694 3891 1006 3563 4906 4293 1709 499 3721 3917 4425 1705 3252 3397 822 1834 1011 1740 1415 1826 2851 1906 118 3781 2711 328 51 3026 4365 2012 747 1151 277 286
904 2217 1732 707 4118 206 3643 550 4820 1340 733 3712 1094 4428 2306 3366 685 4131 3176 3435 684 3062 800 272 2403 2750 4698 2657 2365 667 1253 4935 2714 672 4520 2762 4237 3087 2654 555 194 174 2792 4416 313 540 4167 877 4740 3910 3344 103 1556 142 2306 2290 573 4160 4845 2616 3081 3760 4056 2489 336 2986 542 4191 1772 2357 4686 4977 1643 3986 267 2695 2656 3389 1726 1140 1931 3849 3244 2424 1772 2236 1255 4135 1101 3990 4879 4495 1225 2976 3405 688 3851 2923 413 3395 2088 4537 640 2070 1659 4926 3579 248 2258 4811 1638 485 2606 2887 4378 4360 1168 1970 4397 435 4139 4052 3812 2779 2178 1994 1115 4764 2068 4092 3180 3723 2339 1759 4889 633 1110 4072 3100 2926 820 4721 3924 4710 2962 106 3296 175 4949 1397 2619 879 4189 4960 2921 2649 3832 4402 2935 1634 1301 501 4577 3210 391 2415 380 2176 4145 2409 302 3737 3538 4018 343 3768 4114 2540 551 3746 1499 377 706 659 2371 3919 3622 1446 4335 1596 2653 1542 1194 4783 3693 4449 1807 2964 4579 4635
458 4803 884 1766 4852 3643 2500 4918 4456 1903 450 1250 4970 2169 3172 231 1602 3043 2022 3659 403 1641 3716 2942 2748 2707 3491 3314 3361 1793 273 4770 4520 3991 3451 1533 1351 2679 4289 376 3102 1145 2432 3804 901 1876 2245 3758 1500 466 4654 2385 759 1149 2654 1263 4467 3321 4542 35 2670 3143 3441 3664 1349 1214 3556 2873 4130 3803 1534 4838 1574 4389 4442 2500 387 2407 942 4622 2439 3102 4976 3617 1977 4061 4785 2158 2576 3764 3565 3239 285 456 1802 1694 3596 4968 539 2442 4037 3514 3347 3843 1230 1288 385 4622 1450 340 1528 2613 4457 4448 584 3063 3675 4752 4353 3075 1839 2167 4395 4855 4473 1831 4261 1561 2437 4323 297 2505 2652 4151 2254 3547 496 3782 526 69 1405 3404 3420 915 3109 1699 4774 1087 2714 4769 1473 15 4254 68 124 662 249 2749 3564 546 1432 1707 4018 1224 4445 121 1574 2520 1065 3459 804 544 2519 4636 4522 2544 1891 1008 114 2364 59 182 3137 3348 2704 774 2858 1248 2598 1110 2617 4872 3472 87 2335 657 1261 1081 1001 4200
1289 1516 377 3911 2347 550 4918 1537 2012 4557 1319 276 3623 2426 1587 4133 1543 2909 1718 3525 3611 1662 322 3104 4016 3636 1839 4925 4374 4403 3276 1912 518 1686 801 2625 1208 1119 1271 2582 449 926 3187 1188 722 882 3570 2366 331 2586 1321 47 3803 3911 4251 4866 704 1161 4119 2218 2769 2890 4579 1446 550 4173 2561 3936 626 4420 2508 2430 991 4608 4007 3061 4443 365 1400 2379 4840 4623 3037 1891 3310 4682 2670 2360 2079 1420 2632 3256 4805 3374 3068 925 4514 1720 2676 348 989 2187 807 4394 3106 1935 3222 3403 577 3680 3973 519 4347 3095 2856 1714 1610 4468 1299 869 306 3046 4337 3862 187 4435 4528 3306 122 4372 3338 1401 4223 105 1554 106 3534 4548 2545 2029 1813 790 1646 2108 2461 3404 60 356 571 1452 2296 219 1206 623 3629 4739 787 643 3805 4691 4260 3822 3636 3954 4111 855 2680 4523 526 1629 710 488 4436 1350 35 3375 88 625 2350 4092 3545 4323 580 1337 1574 4300 4923 647 1769 4331 3180 2816 4396 4721 3439 291 462 2738 1203 2387
3900 3586 4135 4995 2112 4820 4456 2012 1582 4914 3797 544 4270 2693 3011 2227 2234 923 4419 3045 1746 2099 2107 3977 4520 3669 4124 4133 1333 2013 4480 1887 4477 955 4593 1957 498 2515 4372 259 3570 2998 524 3636 1262 1446 1510 3586 176 4884 1702 753 3404 2790 2996 104 2968 3496 3964 682 4948 2549 1768 3337 226 2659 2855 3533 3316 3865 3720 330 2067 2998 4205 1071 4759 3303 3629 96 1050 89 2283 442 3570 4795 4197 4848 534 285 170 817 3853 503 4906 3170 4677 3816 1313 1727 161 530 3091 1093 4745 4875 3567 2668 596 1044 3691 591 3203 3758 1414 3776 1216 166 405 3148 3966 3378 2121 3774 3312 4793 4638 4421 4573 1226 2796 317 74 4353 1120 3613 875 3621 1629 4374 882 836 1430 2319 4052 1241 1782 2444 3792 2109 3622 1877 3101 1962 4222 4374 4929 4149 3973 218 1527 4582 393 1999 885 601 1361 2118 1112 2985 3906 4154 725 3638 2626 175 2630 152 4574 3621 4938 4986 272 2903 2897 866 1501 1154 1085 3973 1247 665 4993 2679 298 3156 26 1652 1295 321
3119 2612 805 140 3931 1340 1903 4557 4914 4335 2571 2620 4498 873 2204 1244 4496 845 3256 4647 308 485 206 4152 4621 2341 1203 23 1197 2915 3443 3084 1239 1717 4561 2702 391 4602 4456 2421 2901 3664 2601 388 3804 841 4359 3992 4499 290 1255 184 1889 3251 355 2938 1164 3582 1991 278 4758 2460 4266 4709 424 2895 1068 1345 533 2828 462 275 949 1990 2825 3281 1796 4973 4142 1370 1176 721 1519 2588 2181 3830 1107 24 3375 1226 195 2906 1856 443 3219 2470 2665 973 4830 4028 2642 4565 3990 2494 2666 1487 1092 2507 3847 3327 4807 2234 4270 818 3617 510 3343 560 3801 4092 523 3263 2684 4675 4765 3032 2902 3784 1024 2716 980 3996 4724 3113 139 4017 2003 1030 2590 1436 73 42 4886 2280 1336 462 3059 2137 4251 431 1930 2776 3000 3969 1244 1598 732 4155 525 1692 4808 4834 1149 2792 4512 1231 131 4203 3313 105 4741 1913 3146 578 4416 1889 2934 4696 3535 2096 3103 1931 2168 2592 4089 2862 4226 3760 956 4090 2944 633 1113 1128 2387 1899 4694 888 1679 1829
1340 3441 4294 2027 3291 733 450 1319 3797 2571 855 4714 1254 3290 1103 4362 1508 411 334 1093 1978 4689 1024 3686 2319 890 4571 2469 4385 2789 4839 737 1918 3913 4391 4411 1989 2984 4403 2078 1236 2055 1124 4151 2521 2937 1950 3646 3536 857 4955 236 2166 4282 4454 2568 1589 1193 227 724 1968 297 2673 2938 2412 483 395 1083 807 658 1937 4861 3402 1311 142 3517 4383 62 3619 2069 864 3445 388 879 3586 4691 4572 2187 1381 2781 1705 887 2418 1106 2097 2701 2384 1266 1123 2004 4431 3771 1001 1486 1203 1405 3269 2576 1129 1337 4318 3828 351 2543 1147 3677 617 4236 4833 1180 2608 4905 1869 2429 1002 3716 3309 285 4864 255 2740 115 2880 1317 4585 3220 1155 1320 1963 4653 562 4041 890 2258 4610 1879 3380 2862 1500 1747 67 3137 1902 922 4384 4631 4661 4226 1053 2639 606 270 2451 417 1113 3591 3519 675 3708 3597 4666 3526 2369 2270 4523 60 4295 4966 1250 2687 3965 1750 2951 4166 3077 2546 581 226 3051 3635 1818 2802 2351 832 4437 3919 3245 4814 3293 3662
316 4306 526 2967 4180 3712 1250 276 544 2620 4714 533 2655 1325 2957 3253 3881 532 672 3860 503 1991 1375 4510 4898 2698 3004 727 1555 4155 3515 4347 4921 50 2269 2035 4798 2905 4983 2508 2444 1857 4102 606 1470 1312 1929 2657 2592 1257 1644 4778 4934 453 2536 3201 1640 4961 2612 277 4853 3456 3652 3863 4734 567 968 2812 2055 4923 4118 1577 4992 3263 1333 2481 1266 2400 303 1304 4314 4785 3627 94 3567 4051 1392 1665 4244 2846 2225 1365 2767 4754 4835 409 3706 778 4215 2348 1182 2020 3582 539 3937 4145 575 4743 4300 1484 3673 2474 2522 3947 3113 3646 410 2498 405 1133 4457 3751 4502 1817 4273 848 3062 4345 2749 755 385 2134 1928 3553 3461 3969 785 4305 1870 3384 4922 1001 2692 52 1649 4939 1691 1152 3099 4198 398 3070 4090 4362 2407 2500 3207 1925 2098 296 817 3170 3797 3728 546 4983 4942 3751 2113 1294 4445 1957 4983 3586 645 4981 3954 861 2478 1368 3065 1188 1748 2688 4003 105 3273 2693 3013 509 3219 4703 1770 1963 3458 4668 3750 4331 4257 4124
4113 865 887 3972 564 1094 4970 3623 4270 4498 1254 2655 708 1413 2651 2983 2301 1155 2885 2566 1311 1512 1293 3144 4634 290 2976 673 897 2947 1971 3479 2652 3138 2191 579 3239 4467 2680 4723 3537 2844 1717 2098 2184 2835 4030 2830 2905 2827 1329 746 2905 4852 2606 319 1232 1867 1104 2419 3476 4583 2683 1626 4974 3277 4783 4323 3435 3289 3742 3651 2521 2351 991 4431 4032 1448 1530 1769 2516 384 2738 3453 2203 252 2446 3777 1645 3188 1703 1206 3675 4070 380 3783 3309 2436 1002 2067 3170 4849 2038 4206 484 2135 1360 267 326 611 3656 2235 4668 957 2944 4146 2361 192 3701 422 2990 4017 950 2948 3214 3281 3347 1112 1267 2576 809 2741 2500 2658 2544 2013 2448 679 1300 4021 1086 1669 125 2488 906 2346 3950 3288 1112 2876 1316 4080 4061 3059 2889 4203 737 1547 1291 748 3236 3219 1534 3375 2436 3574 891 1935 4221 1110 4290 956 945 3153 2491 2025 1405 232 313 2024 3065 4892 2126 1895 1178 1201 384 2008 2304 1084 856 3927 1500 590 1870 4244 4232 2929 59 2637
1287 4516 1451 3919 4217 4428 2169 2426 2693 873 3290 1325 1413 1954 665 715 92 1645 73 2386 1035 1149 1230 3865 4354 3346 1855 4586 1141 2816 3952 2009 523 1487 3965 2901 133 395 2241 3679 824 332 682 3993 2867 1371 225 3643 4759 3506 3401 4918 4942 4448 2100 3188 3520 3764 800 4560 2273 1430 4819 2374 1512 1445 550 1059 4328 3978 1120 3280 1169 1908 4354 215 3114 29 159 96 2329 1046 2846 4182 2258 884 4503 163 4192 4999 3646 4572 2617 2091 3240 2644 3634 872 1341 1140 4979 1573 4161 4292 70 1303 2191 3685 3930 842 4485 4995 4100 2968 3248 3529 1792 2700 257 4367 3956 2366 2480 4107 387 954 2164 213 179 4835 1197 3895 3063 1930 881 827 513 575 3155 4220 1178 260 1359 3621 386 2262 2603 2141 3574 3141 17 195 1823 267 89 4408 4371 595 2175 1138 2400 3477 3464 3123 4546 4506 728 3816 13 1053 2496 4893 2215 4676 257 1673 436 4376 227 4383 4022 3866 3574 294 866 3031 1729 1174 2116 3123 3468 145 1967 877 2966 4957 2567 207 1275 4675
1888 4377 4518 1011 43 2306 3172 1587 3011 2204 1103 2957 2651 665 1367 2807 1547 3787 3305 1719 4564 2539 1237 1632 3509 4434 2005 1360 1257 2701 1208 3584 587 4469 3162 731 1842 1800 3198 3033 2412 1847 4932 76 926 3566 1786 312 4078 994 4659 4961 2687 2369 995 1516 2272 2134 3202 3435 4183 4348 1041 2725 4393 1865 1693 4987 3701 1438 4659 3427 1154 3350 652 4869 4545 2620 2435 4302 4071 3721 4284 412 954 1044 2639 3529 846 4917 3366 3371 4966 1169 2977 3698 3022 1866 2729 4721 2767 2012 3342 4727 2303 4099 581 4160 1660 2682 561 1904 2813 3308 3675 2281 3508 1003 922 1569 743 229 2287 155 1686 3038 3082 2638 3781 906 1268 1359 2932 2960 536 3977 1006 121 1431 4101 4506 2418 4544 1440 4276 3802 2533 1075 4531 3059 4742 523 2217 384 4898 3504 2213 2078 385 4935 1905 3880 2223 1388 3546 2067 3003 3757 4437 842 2624 2579 508 1050 1890 1486 3680 4031 2622 1465 4227 1838 3792 1175 4142 4984 2436 3147 260 2356 4977 299 1118 1555 1999 1195 4389 2459 2918 3969
3978 2335 2448 2079 4790 3366 231 4133 2227 1244 4362 3253 2983 715 2807 4348 4046 2665 282 4265 2022 3898 1105 3979 3364 1591 4770 3360 689 3974 474 968 162 3389 2694 1554 860 1350 2980 213 1500 4896 1465 4260 1507 4314 2252 3293 2732 1836 1523 2464 170 16 4155 2142 2578 1718 4279 3366 4927 1755 449 4338 4123 3409 4754 1080 4652 620 794 764 2497 1913 2258 63 4550 1875 1669 1884 578 1585 2842 638 3024 567 4310 490 822 567 2474 4470 2830 4089 674 3662 2250 815 1576 2236 201 851 3308 4017 1236 4451 1294 3262 2132 3898 4349 1118 4637 4766 4800 4616 1468 4180 4335 1522 559 494 2664 3314 4041 2327 2974 745 530 4391 977 655 1520 3359 4720 1352 3589 1960 832 373 3846 4579 1388 2586 4782 935 3926 2611 1136 454 657 4531 2422 4807 1076 4929 3418 131 1010 2045 1185 1424 4667 3715 2337 1778 4460 4422 2070 3463 3453 920 1493 4986 3150 3332 1117 966 3682 1779 2119 2408 2029 2791 3799 2237 3572 4745 4385 1922 3188 4416 4395 82 4724 3596 4367 72 3465 4974
850 2829 1808 283 4894 685 1602 1543 2234 4496 1508 3881 2301 92 1547 4046 863 386 2232 261 1787 3518 865 1294 3639 2587 130 1337 1705 398 2936 4364 2068 2342 2444 1604 1249 660 3213 1344 1182 15 3950 2980 4333 1658 2722 4119 3225 4690 2873 1088 2940 4030 4238 485 1397 3741 4320 549 4627 2895 2713 1810 2424 1757 4956 2594 2203 3783 1173 1094 3027 3908 2769 4886 1481 4660 4517 1443 3055 3190 4358 2719 108 4818 75 831 3716 3555 2272 2801 4260 3824 2737 1244 2993 3318 2848 1290 550 2078 1324 1046 1604 4552 3377 1485 4866 117 87 3008 1867 4159 2889 526 4153 1220 1491 1154 2830 225 2209 311 3978 4446 4722 2789 1559 170 1930 2943 394 4362 4170 2058 4097 2208 4673 2027 4875 545 4613 4260 4349 4378 3546 4146 1938 1904 3654 2637 3226 1684 1084 1688 3007 2702 4039 891 254 2873 4941 831 4508 1582 1396 2041 1721 4626 2190 1453 1850 2562 2912 3565 1672 3632 1241 3225 719 1315 2336 4951 2237 468 3981 1892 206 4811 2491 3658 2127 1542 812 2819 3499 1411 3147 1550
620 2558 4284 901 528 4131 3043 2909 923 845 411 532 1155 1645 3787 2665 386 3330 4198 404 2414 206 3962 1261 4542 2143 1018 4055 3004 4055 1241 661 2629 4151 4813 2452 4377 4728 2379 3119 2752 1859 4270 1974 4451 3553 1998 4047 2959 1424 3215 3050 241 426 379 2066 2725 3606 3913 3476 4279 1536 4725 4642 807 3765 2619 4900 3284 3772 1445 2474 554 2029 1244 4607 1943 4189 1972 1254 2772 1689 4691 2338 3771 2022 1035 3250 2150 3850 4314 4411 4872 4227 1817 3462 4496 802 2713 2412 2522 1273 2413 2627 2887 4000 648 1577 510 3664 4519 2658 4793 312 925 3967 3363 4516 3833 1072 4222 1998 2419 4872 3969 2196 2092 3413 3379 1660 3360 574 235 224 4533 2955 2821 4861 3063 480 3144 86 2403 3144 3223 1656 320 1516 4758 2242 301 1877 3755 1962 2361 4211 1666 992 4716 1720 1364 4095 3166 1777 4131 2394 1984 1131 1537 2783 4424 3388 4751 2124 4313 1259 4575 3928 3088 4750 4883 2736 313 332 1976 1090 4494 1243 4721 350 4973 2204 4292 2781 4818 1680 2984 3488 4695 3476
632 3562 4104 1658 1645 3176 2022 1718 4419 3256 334 672 2885 73 3305 282 2232 4198 195 920 4808 1893 1413 4086 4980 800 2500 2091 2538 223 1192 2999 1605 2508 3825 2786 1401 1995 1750 2708 1755 4706 4162 2882 4135 2507 2192 590 679 907 2844 3497 4657 3272 226 2848 2157 2322 2111 1883 4984 4141 3169 2073 1250 4175 2000 158 2798 465 2148 1319 3881 4005 1554 982 516 2671 4898 2375 1164 2620 1503 3529 4959 3865 1561 2667 1221 4837 3407 3661 2776 4171 4500 3622 1758 4488 2737 4675 1322 2126 1882 3874 3075 4000 2338 2143 3440 2149 1988 1865 3576 255 2456 3231 141 4999 283 681 2497 3414 2871 3109 3417 3998 4441 4995 1877 3105 4133 1350 1307 732 472 3756 1329 1836 4051 4046 4511 4376 4657 2099 1784 3890 1507 4723 1307 4482 2698 3614 3912 4889 2523 4402 3895 857 2360 1371 3823 2768 3713 1976 954 885 1197 3369 3576 3382 1141 3579 129 3731 2973 569 859 1742 969 3566 767 2886 155 1964 1168 2899 1313 3631 3464 4688 2723 2805 4647 239 3933 1365 1550 2054 187 2063
4266 1067 4768 136 3696 3435 3659 3525 3045 4647 1093 3860 2566 2386 1719 4265 261 404 920 2786 2599 234 2321 4045 2212 1052 3426 122 3936 3871 1226 181 3889 4566 100 957 88 1937 936 1135 2311 324 1402 4900 3646 4081 2011 951 2958 2420 4289 2373 4065 4124 3114 988 3319 2276 4748 151 2835 73 2364 967 3626 2889 4290 3983 1088 2349 3084 2004 3652 1495 4072 2063 544 185 4902 1244 772 1144 169 1700 4895 909 2846 520 1498 1526 3822 1700 4845 1434 922 1499 662 3489 727 1050 1959 4616 1019 4441 2529 993 1665 2085 3345 1990 4130 1672 1633 3460 2907 1923 149 3193 1184 4113 2767 4142 3725 866 900 4274 1731 3642 2618 3965 825 3063 454 2315 3207 3354 853 1332 2703 4396 3892 1533 4667 730 3964 1674 4888 694 3151 150 3521 1086 3217 1908 2381 4838 4295 999 2817 1801 4202 1447 4936 3664 372 2484 3353 2347 326 2251 563 3323 2958 1457 2561 1412 2137 2599 3617 1026 3022 788 2301 1116 1630 4276 2461 1780 3497 540 2866 3641 2217 2499 675 1871 282 1695 54 2845
3325 1263 3621 3391 3318 684 403 3611 1746 308 1978 503 1311 1035 4564 2022 1787 2414 4808 2599 4903 2158 457 2858 1349 2754 1751 3477 1103 3842 4297 1366 1343 1172 1273 4416 4203 455 1634 84 282 4602 1560 4797 4815 469 1121 3338 4145 4134 515 4127 2032 1302 1141 2797 1498 334 401 4046 470 2318 1799 1993 4882 3048 298 2043 462 1925 4157 103 3186 1448 4803 4022 4978 787 2862 3370 3424 3429 945 2402 612 327 1606 432 17 4216 4576 2091 3443 4994 1682 4383 1776 3454 4993 3389 174 2127 370 1069 4505 172 2425 1908 4303 3250 2302 4248 1448 1446 4312 3703 1610 2472 3888 1771 3133 3433 3950 725 1092 4201 4504 3213 2612 2717 2413 964 2993 4564 764 4044 915 339 836 3038 4533 1966 602 564 2405 4970 828 2459 314 575 3948 285 4354 4258 3487 1999 1291 21 3905 2867 3059 3393 1487 616 4097 250 1474 4228 245 2632 3821 985 4721 2964 2780 1184 3628 4042 1082 282 3319 1346 3484 1600 3725 400 506 3465 1058 3367 2827 2563 3012 4233 1293 1759 454 2602 1953 2828
1893 251 3945 1113 2216 3062 1641 1662 2099 485 4689 1991 1512 1149 2539 3898 3518 206 1893 234 2158 776 2673 1960 3318 3481 4070 2194 981 3122 1542 353 3235 616 479 1810 4006 2987 4955 1659 2179 668 4492 3931 4926 420 75 2585 975 4142 4365 2495 3420 3041 302 4985 2195 4220 340 3173 1263 2207 576 1317 160 4665 1184 2630 2508 368 3417 929 4226 4818 328 2522 3084 3139 4943 477 147 2906 2464 1637 1146 4131 3323 4345 70 1948 3619 2572 4330 3978 2424 3456 3647 4498 1118 4667 4031 1979 3636 20 4418 1981 2751 1935 4012 2891 3720 407 2133 3327 2254 2887 2583 1156 506 1569 1882 2980 2357 1648 1050 3825 1363 3449 4691 1154 383 2840 1656 2373 4288 1805 3383 4328 4984 2981 1044 146 4938 998 662 4002 2004 4851 1652 4747 2013 1925 377 2303 3248 817 2006 3899 314 60 3175 3250 4412 4280 1624 2577 262 4513 4398 178 627 79 48 4768 4412 2613 4234 3818 34 1350 378 1160 56 2874 204 4784 2700 1509 263 4653 3206 1002 1908 3166 4007 3602 1626 1531 964 3559
3393 3345 4644 2712 464 800 3716 322 2107 206 1024 1375 1293 1230 1237 1105 865 3962 1413 2321 457 2673 2706 2977 2766 515 387 3706 3324 370 723 4704 2626 2475 1405 1168 3033 3902 1901 3259 1876 621 3623 2077 3722 2507 3600 4835 2862 3539 2401 3260 707 1063 2908 3121 1902 4007 2929 820 1807 1481 4331 2806 3590 4742 863 3780 1431 34 2202 256 3111 2817 526 3314 4520 2109 260 3065 1999 529 2655 4711 4855 3184 2486 3879 1306 4001 1727 101 3571 1738 2745 1995 3995 145 3045 1935 309 3778 2941 1413 3318 4333 1092 2944 2329 1125 2512 2563 2230 1372 401 2687 2445 625 3122 669 3056 2771 1939 1582 2564 3341 388 4245 2923 3569 870 558 2162 3505 1100 4180 4909 709 3986 2273 681 2292 1981 1624 1659 2741 1264 118 1761 3891 1136 4717 4092 1311 1155 1253 1087 4469 3855 587 4264 2610 3119 126 3346 3642 332 1943 1648 1109 4205 3411 4348 2214 316 1101 3768 459 3040 4554 3510 583 3474 3908 1687 2382 2610 3130 2653 3317 3197 3830 2852 2310 4548 4058 4570 1219 2904 4957
80 809 4985 3155 4455 272 2942 3104 3977 4152 3686 4510 3144 3865 1632 3979 1294 1261 4086 4045 2858 1960 2977 4139 3851 1617 1378 2355 4808 1850 2013 2230 388 4048 4725 2643 845 1939 796 1313 4594 2351 4600 4323 1591 3937 3735 1469 4316 913 383 1890 3562 3998 4505 2778 200 748 2246 3004 3464 4209 1125 1831 4075 2678 3778 2103 3845 2626 4660 727 1706 2962 3117 4805 3850 3091 2363 1020 4534 2680 4498 2325 981 4302 3908 1893 3637 217 2356 4253 4488 446 1961 3477 4634 153 4974 2552 3709 128 1524 4633 3257 2150 1614 4774 3662 4776 3711 3995 4057 3623 3143 2224 4307 2110 3909 985 3425 4768 3705 125 4278 2577 3690 578 4103 1155 4294 1639 2540 27 1540 609 3134 2996 4471 4898 1832 3685 1920 1303 1584 1847 2985 1847 247 3765 211 3572 2896 2111 4328 1765 1878 1898 2215 1374 3376 942 1034 1236 1775 3410 177 4674 3981 4638 3088 1351 2296 1802 704 779 4979 757 338 4105 4230 2504 1704 1317 2090 3064 4291 2095 2302 175 3438 2893 2510 2841 3688 2976 1371 3107 348 79
476 3037 2150 88 392 2403 2748 4016 4520 4621 2319 4898 4634 4354 3509 3364 3639 4542 4980 2212 1349 3318 2766 3851 1130 2382 855 2971 1253 4958 702 4959 4737 2894 1281 2534 4933 4973 4672 3725 4312 1476 3701 1436 3969 3640 3655 3241 2255 4481 3695 3341 4095 4572 4221 4100 4289 225 3120 2040 2463 1094 1537 803 4556 885 1810 3535 2812 2051 3540 1603 3438 4706 2957 3637 1715 4803 353 287 3993 62 3986 3478 1642 1708 1297 3819 3008 2641 301 1184 4275 4401 4478 992 1544 3737 4209 2823 4123 293 1185 1729 2379 695 1396 2025 4754 2034 216 3038 1593 3358 2979 1208 4965 2625 693 3760 3978 1298 3065 984 3286 242 1585 780 677 2679 2004 1817 4841 302 2328 2351 1459 4364 2610 2731 2394 599 794 624 1606 3682 562 1433 823 3299 2649 1346 4410 188 4774 2142 1837 3337 3601 2031 2520 1810 1205 4455 3767 410 1057 3034 898 4253 1010 3827 4310 4203 4296 2264 1827 1288 2873 3052 1733 4643 281 2151 2336 291 4473 4719 1744 2891 2050 2592 1040 4946 512 45 3937 2012 4398 2559
2925 4000 1266 3163 546 2750 2707 3636 3669 2341 890 2698 290 3346 4434 1591 2587 2143 800 1052 2754 3481 515 1617 2382 1824 3788 1481 652 3431 2911 957 3404 2717 4783 4652 2110 245 2018 4969 1092 809 4427 821 4509 941 3379 1469 2198 74 3266 4108 2474 4736 2734 2557 4329 3957 3923 1864 2046 3138 518 2023 4517 3908 4912 4036 859 3028 3118 3308 1396 903 3475 4333 3809 2344 802 4696 1975 372 2446 1521 4647 1269 2719 2968 2957 1374 2292 2214 2709 652 2079 1829 4284 4603 925 1257 4885 1435 3841 728 3469 4110 997 170 3425 2762 4327 1276 4154 4958 4952 1193 3838 1973 4855 2857 628 1022 4158 4359 3173 4604 3521 1246 3038 2312 2801 1995 1874 2185 2941 2391 3978 2509 4712 3396 3088 4559 4699 2875 1651 4980 4116 2725 2050 3807 960 3105 502 4831 3391 1425 4369 311 3802 4458 3574 2737 4694 4333 4747 3974 2350 2894 3297 777 435 2871 1203 2271 4321 3431 3697 1556 3084 4568 1047 333 2471 2673 1074 4080 1836 4788 3835 1551 1110 2882 888 3239 130 2557 4170 3009 1874 2383
1544 2380 3992 2405 4601 4698 3491 1839 4124 1203 4571 3004 2976 1855 2005 4770 130 1018 2500 3426 1751 4070 387 1378 855 3788 4263 1048 3335 3317 752 1754 2211 3505 4897 4360 2182 3895 1616 2662 2998 1889 3011 2949 565 2713 4027 3945 3282 770 3976 1087 272 858 1040 1943 2983 265 3481 639 2705 4950 1372 4094 4860 809 832 2012 4362 2286 1536 2899 2415 3832 4186 3116 3553 2034 2827 470 1912 4733 1514 4887 4986 1138 2861 2501 1456 698 2226 138 105 2607 405 3505 4646 2731 523 4957 2189 2023 4975 540 2978 4104 1461 821 1194 173 343 1340 2168 1171 3250 3770 675 3191 22 1054 3833 3650 2091 1843 3725 1636 1083 4354 350 606 28 1669 672 563 3461 755 1700 4195 3192 4968 2329 4827 524 1525 2892 3022 4187 1351 1632 1918 2513 4580 2751 767 3720 1183 2868 2872 3465 1193 2718 2178 4264 2039 282 4944 1085 3394 3249 4346 4011 2874 1573 4870 1257 3042 2239 2619 3109 4976 329 1373 3600 2449 542 950 3237 701 3094 519 3793 3826 3330 1484 2014 3115 197 3913 1968 1555
1585 4313 360 4498 4116 2657 3314 4925 4133 23 2469 727 673 4586 1360 3360 1337 4055 2091 122 3477 2194 3706 2355 2971 1481 1048 671 3265 2252 2835 3358 658 747 4976 1542 531 3671 4431 1268 1771 2483 2230 2885 1781 3887 4172 3264 51 4210 2573 3136 3826 3614 1932 4423 4572 13 228 4774 3778 2339 2664 3408 1025 4297 1068 2390 2776 3739 3220 4353 429 3304 4949 3843 2751 1151 855 4675 2961 690 2473 799 3936 634 196 3171 3531 4394 4375 1930 530 3380 604 4872 3907 815 3101 3609 3877 357 2908 4102 2901 4938 2944 3943 1896 3062 2678 4533 3975 1104 3346 3434 2320 3449 188 2748 3184 1250 1053 2719 2240 2923 3041 807 1370 3214 2108 3835 3133 1135 4738 2133 3848 2492 252 1638 4737 638 4431 3359 703 2205 2415 4800 568 439 3673 4744 1163 3284 2307 1885 302 1212 221 3852 3375 1231 2310 1865 1642 1575 3911 1988 2295 2554 4932 3037 4723 67 1659 2264 3199 4142 3198 3359 3480 1888 4176 4792 559 3327 2675 1443 446 3831 326 3076 2369 3828 4708 4809 856 3767 4292 4238
1804 1647 2962 832 39 2365 3361 4374 1333 1197 4385 1555 897 1141 1257 689 1705 3004 2538 3936 1103 981 3324 4808 1253 652 3335 3265 1801 1235 4939 4789 3704 3802 1674 2397 698 3759 4834 4884 3955 2866 670 4184 2386 3156 3894 4086 1707 1054 1284 4059 638 3516 3478 3368 4805 2925 2263 773 3253 2320 4737 2897 4730 309 2651 3846 4122 286 4882 4519 327 3644 2973 4353 3438 583 3108 1802 311 2104 876 1798 1190 1433 1122 266 4822 1303 2090 4305 255 3554 2631 742 2268 3263 4530 2192 1982 2508 975 2750 1255 4840 3563 953 3870 2952 1540 2430 4109 3845 1732 3267 1874 1677 2119 2809 1416 4123 2914 542 4062 3387 3907 2576 3443 3207 517 989 2824 4833 1303 467 1493 910 315 199 2829 4333 4166 1675 4955 1621 229 4497 1110 19 181 1218 4877 692 3712 2249 615 1739 2391 1584 2248 4801 3752 3071 2663 3741 29 509 600 1885 4813 4048 863 4518 452 4337 2150 652 3880 2680 4603 1378 2194 4883 4294 2279 1822 1450 2004 4939 927 4004 258 3349 4179 3403 623 3837 3909 3481
2181 4326 354 536 592 667 1793 4403 2013 2915 2789 4155 2947 2816 2701 3974 398 4055 223 3871 3842 3122 370 1850 4958 3431 3317 2252 1235 4680 3048 1194 2881 2697 4284 4628 2716 1236 140 877 3748 4418 3169 1038 3463 4562 2444 3960 74 415 1057 4973 2110 3675 4177 4864 2132 3428 4125 1408 4077 1788 2556 1374 3165 545 184 3369 4771 1935 208 1135 3998 1221 3201 4729 121 4085 3623 2354 1855 4185 1949 2806 4791 1347 4417 3164 3495 1056 3424 3114 542 660 2569 1159 3567 643 1105 1079 1365 528 4439 164 956 1681 1201 3477 4737 1533 4596 1421 858 3457 2291 1324 2630 4211 3458 1433 4716 2995 3954 4649 1681 1200 1327 372 2912 4508 3681 4858 208 1955 732 3364 3931 1814 2038 2493 3526 2482 2021 982 2494 1229 4079 3259 3342 2783 682 4223 2514 3491 3437 3585 4891 1192 2247 187 1997 1718 4046 3425 1995 4160 2122 2762 3386 1061 3353 3262 4461 3556 2385 2374 3202 3067 2330 3468 279 1732 2160 283 13 3244 2222 1393 1394 1672 2384 2294 2435 269 536 2268 4327 3085 4257 2082
780 1779 4368 1669 2832 1253 273 3276 4480 3443 4839 3515 1971 3952 1208 474 2936 1241 1192 1226 4297 1542 723 2013 702 2911 752 2835 4939 3048 3755 3118 1977 2032 4574 1458 4515 1661 3885 727 3689 1294 457 376 1466 4680 1906 495 2844 426 2652 1767 83 2722 1011 2377 167 3615 4161 275 4984 1468 3674 4043 900 3227 3866 4055 3086 4879 3137 2587 2598 4435 4776 3492 4745 2178 188 4266 2206 532 4374 4640 2894 4540 4832 1204 2121 4260 548 2950 3038 3572 383 1107 4872 3849 2280 735 2014 426 3875 1149 2104 3468 4170 3800 1977 4049 2600 296 1881 2040 1218 216 257 590 1352 4309 2987 1215 556 4523 4295 2728 3319 1564 1024 365 4827 2600 595 4310 1848 4988 1538 909 962 3561 3584 2600 1707 2965 4695 3113 2430 765 2266 2628 932 3021 4001 1565 1678 3687 1549 2070 2886 1187 4669 2608 949 1175 62 28 2679 3696 2741 1054 3473 277 4542 3117 457 556 1124 3880 4455 2882 4529 4457 964 2003 4726 2097 2459 4906 4429 2986 362 4175 921 1623 711 987 1543 3197 1580 4641
4290 1657 3987 3732 353 4935 4770 1912 1887 3084 737 4347 3479 2009 3584 968 4364 661 2999 181 1366 353 4704 2230 4959 957 1754 3358 4789 1194 3118 2417 1237 218 4496 1710 4571 2481 2553 30 1349 3516 3871 4465 4302 3310 1363 84 4761 3904 2648 386 199 1839 3016 2799 3324 3504 535 4174 4627 2572 3375 43 4241 1813 3700 644 4638 359 1708 2892 4812 3661 1693 2094 4610 4126 4228 2190 3416 1696 3315 636 300 475 456 3246 345 4096 4249 1312 4943 4415 1200 3216 3870 1604 3820 281 639 2594 545 134 2212 4584 3416 4860 3004 2760 3890 2912 3690 3955 3270 1700 714 1525 4762 3852 82 1940 3522 2715 3068 4080 4539 1569 4015 1299 2571 4093 1512 1862 4542 2755 4461 2115 4857 2971 4912 3314 4281 1386 541 903 2873 105 2930 3306 4348 4725 527 2047 726 970 4805 3546 4011 758 2605 2048 1656 2343 1225 1256 2751 301 2683 2932 665 3895 3639 2045 3488 1695 3196 1168 2414 2704 1936 2949 3448 1083 476 2772 2703 810 3121 4456 2077 248 2771 1825 798 4385 1321 4353 1800 449
2687 90 4577 3896 2992 2714 4520 518 4477 1239 1918 4921 2652 523 587 162 2068 2629 1605 3889 1343 3235 2626 388 4737 3404 2211 658 3704 2881 1977 1237 704 4720 4342 4287 3046 2589 952 3464 3174 3402 47 2221 1467 4284 635 1525 402 4497 2443 4541 44 2345 2714 1051 2900 1049 769 587 1524 536 4563 1329 4035 1676 4226 1080 4379 2718 1175 4277 2537 817 2288 733 3828 333 4770 3411 2218 4422 218 4503 3854 371 1477 2655 965 593 1190 422 673 1757 3250 1644 2811 3495 4404 3430 2842 2778 1875 1097 4107 4456 3675 511 4449 4431 1864 4472 3580 1343 2942 638 1232 2733 2985 346 2771 489 2266 480 600 3832 3256 601 1133 2123 1670 888 2395 4897 3325 171 2750 3396 3274 4539 4764 1224 1424 4191 2795 3723 3769 3160 3833 2910 1694 821 2417 2310 4003 1649 224 3056 3944 1706 619 2005 3582 1876 659 1030 2646 483 1267 3126 3423 2698 2977 3729 3077 4896 2636 36 736 3080 3563 3808 526 243 124 1963 1662 4231 1203 1003 4519 4078 4176 996 2844 4838 1360 2746 3443 4484
1133 1779 2013 2700 670 672 3991 1686 955 1717 3913 50 3138 1487 4469 3389 2342 4151 2508 4566 1172 616 2475 4048 2894 2717 3505 747 3802 2697 2032 218 4720 743 4954 750 1757 3397 4150 4433 253 3170 1784 3240 1757 1917 1016 1704 4747 640 3068 3332 1690 4683 1391 2149 1226 4291 930 3880 1891 919 939 1611 3139 2421 1428 1461 4622 4974 4924 1084 595 304 2075 4810 2732 4835 1798 2558 4966 1910 3713 4963 3785 220 3661 1968 3500 3398 844 4559 275 580 2389 3064 1413 3767 760 1679 962 2687 1931 4468 3732 1484 3856 1740 1785 44 4547 3898 3668 3124 2035 1369 1737 2800 489 2935 2447 3569 1722 3553 3536 2681 3546 4626 2716 2106 1336 4915 1254 1404 2477 3506 2282 3392 406 1256 4232 3088 3458 1229 4152 1082 3376 2432 1240 3283 379 724 560 4902 1186 4869 472 2649 2657 3664 4638 3577 4030 3084 1683 1991 4409 4827 4595 3715 4005 3279 4479 2649 2999 616 3092 3839 3143 2761 3406 2496 2680 1030 736 4494 1927 1937 4913 3994 1904 4351 1422 833 3367 4212 1402 1786 728 940
864 3794 1666 4059 2052 4520 3451 801 4593 4561 4391 2269 2191 3965 3162 2694 2444 4813 3825 100 1273 479 1405 4725 1281 4783 4897 4976 1674 4284 4574 4496 4342 4954 4227 2269 665 4080 2734 4008 235 3147 4232 1848 1419 3487 4254 3523 1348 3606 4955 2590 3428 3565 3362 2758 2199 1817 986 3996 4142 541 595 1547 2642 1562 3377 3701 3179 337 3125 2636 2030 547 61 2127 462 670 3736 4976 4275 2310 2963 1678 1298 1921 3326 4681 1260 2297 3888 113 1532 897 1336 4388 3207 4283 1700 2130 1490 1214 1946 1462 4373 2181 1516 4612 4296 2735 3495 671 3525 3419 4413 754 373 371 1421 3580 1803 1979 4006 4092 4806 3955 227 803 2983 3239 3181 1789 1425 3838 4534 1595 4239 3612 1073 1605 1842 4477 2893 926 2689 263 1165 2950 1909 1131 271 4580 1428 932 2825 2087 3032 4691 338 2577 2957 4550 3412 3395 1579 2637 257 1958 1391 3461 1766 2974 875 2709 1966 534 1853 3165 2850 2611 1461 3725 4332 3094 1867 4603 3065 3839 4310 4625 3399 3112 3685 4235 261 3169 556 4194 3413 4001
1801 183 4684 4926 4810 2762 1533 2625 1957 2702 4411 2035 579 2901 731 1554 1604 2452 2786 957 4416 1810 1168 2643 2534 4652 4360 1542 2397 4628 1458 1710 4287 750 2269 3029 1499 2379 3601 4291 3062 2110 2917 666 2636 4667 1794 1226 1931 614 4735 1669 3903 142 2227 200 2677 3266 433 2758 222 441 2667 4620 2610 4932 3338 2837 4641 4501 286 1831 1518 3483 723 1069 168 1732 827 1403 1348 3905 4287 3858 4041 1098 474 3810 4749 3609 4112 717 3702 2491 647 1846 4806 2217 529 3771 4512 3811 2894 1986 212 3962 4572 2612 4633 3771 3043 2053 4276 1013 2826 657 4192 1022 3937 3747 3602 62 4609 3557 3542 837 1462 2085 1300 3573 4685 3889 174 4370 956 1619 2261 4729 4621 3718 4362 3805 4557 183 2962 705 44 4431 2913 3526 846 897 239 1125 1122 2240 2597 2277 2655 418 158 721 1178 2247 3830 2135 960 2185 717 4873 3105 1851 3202 3974 3159 4799 1139 4322 2742 4949 3632 1054 2833 47 1049 3439 3428 4890 3201 1662 3356 2818 3213 1504 842 1261 727 1168 1344 2997
1958 3384 996 2959 4748 4237 1351 1208 498 391 1989 4798 3239 133 1842 860 1249 4377 1401 88 4203 4006 3033 845 4933 2110 2182 531 698 2716 4515 4571 3046 1757 665 1499 2802 3183 4323 2776 3809 2884 4625 1343 4802 2034 1250 3188 2466 1874 3402 1551 1687 2557 1870 1349 171 2897 3532 2566 2377 1468 329 1049 2128 594 4834 4473 2626 1128 2294 3665 4166 4772 31 4685 4343 3528 3287 3484 2994 2868 712 1138 1548 2344 4193 30 2948 3838 2666 1191 2957 2694 3344 385 1129 1859 2754 2348 2855 2717 2983 3865 4749 3188 2377 3390 4046 4293 4212 2300 2100 2073 4397 3909 3424 375 3631 221 56 2849 2607 4459 1971 4816 2975 1632 4358 1345 3394 4491 3993 3014 2470 1009 3164 3993 1158 2822 4102 2186 3285 1810 1955 4551 862 1857 82 1660 4122 282 4270 1383 3129 3529 4523 3630 2996 3851 668 339 2071 599 3049 3507 4170 831 312 4390 2094 2131 202 660 1584 3942 521 1502 3858 4186 36 1782 2129 4904 124 1805 4600 2858 2478 2244 73 521 2475 2178 2432 3821 3988 613 2605 4832
2163 596 961 1178 2863 3087 2679 1119 2515 4602 2984 2905 4467 395 1800 1350 660 4728 1995 1937 455 2987 3902 1939 4973 245 3895 3671 3759 1236 1661 2481 2589 3397 4080 2379 3183 3016 1149 1756 4593 1007 3025 3018 4082 2957 2763 3971 930 1953 3462 981 2434 2362 1232 3865 4169 398 1019 2638 4298 963 2643 4719 1463 1526 771 3876 2993 2273 4310 2121 504 4472 342 1786 612 890 519 1557 3650 4361 673 4539 4442 1522 2640 3528 1505 1408 2123 3596 3332 4563 92 4604 2764 2831 855 809 303 2489 2866 4476 4247 2387 4739 470 549 2288 4809 4341 3431 4710 4479 1346 158 2209 3920 803 2714 1596 3251 3891 2651 992 4483 4888 1158 4233 4165 2496 3062 1398 2305 2749 3364 520 944 1436 2292 3692 1253 454 4094 1538 1036 2140 189 2088 3110 2465 157 3124 3839 2653 3916 2916 1467 378 340 47 732 3134 310 3023 2773 2736 3506 3440 4935 4175 1684 1081 4390 1678 4293 3733 1950 4991 395 3796 1449 444 192 3342 2991 2963 1447 805 3808 2933 901 3694 4971 3770 2242 2110 3835 1716
4932 4162 1344 225 2176 2654 4289 1271 4372 4456 4403 4983 2680 2241 3198 2980 3213 2379 1750 936 1634 4955 1901 796 4672 2018 1616 4431 4834 140 3885 2553 952 4150 2734 3601 4323 1149 4404 1569 4253 2753 4389 1808 3856 2231 1517 1273 4730 1432 4653 1817 636 3169 3156 1807 1105 2200 4031 341 1062 2772 3061 4129 1143 3783 4392 2494 2180 780 2195 2283 1038 662 409 695 470 4891 2976 2687 986 4969 4155 173 4308 2507 1549 4771 4915 4348 33 1956 3316 153 4855 1304 2007 1753 156 4906 4697 2962 446 4662 2222 2868 4216 3477 4528 4815 3421 1509 2712 2482 3770 4998 3264 3284 3919 2881 2419 4752 3285 124 2127 2277 3984 378 3750 1756 4303 4203 4649 3330 1037 2028 3820 3017 1589 4701 4711 3605 3327 1282 1669 4008 3092 2604 3156 2013 2897 4564 3439 2440 713 4002 1603 1293 706 809 3465 1363 1130 2623 3275 3225 2922 886 3334 4346 541 615 1586 286 2982 2704 2680 4703 3161 2400 893 4962 2562 30 1695 523 1020 3000 296 4866 4596 2471 4248 1462 2388 1068 4327 3268 1400 228
2637 4056 4494 1839 420 555 376 2582 259 2421 2078 2508 4723 3679 3033 213 1344 3119 2708 1135 84 1659 3259 1313 3725 4969 2662 1268 4884 877 727 30 3464 4433 4008 4291 2776 1756 1569 64 1422 3399 2320 3043 2570 61 3193 2758 2366 1325 2291 335 3995 1605 2854 1876 464 3384 1799 4358 751 2812 1039 171 613 1031 4683 3082 2302 1547 3123 609 2931 3397 4093 1147 2918 199 2236 4183 21 4061 29 1185 1332 369 2695 4817 3704 282 3456 2964 45 497 4998 514 193 4214 1871 585 972 3276 927 476 1974 2031 2855 1020 3476 484 75 2475 1077 2957 2537 3003 2355 1843 2748 2946 4508 1855 2713 4163 4796 1381 4153 3667 3698 2583 4319 4725 2266 2364 1896 4682 1435 4487 775 3016 1099 3002 1590 364 4802 2273 3711 983 315 1478 3970 750 2490 563 4666 1607 3009 4364 4094 4830 1972 2026 4039 250 2482 1638 1368 1669 1914 3670 1417 4466 814 3271 733 4678 4103 3854 2547 4683 3883 2554 24 3130 614 2369 4470 4432 2667 1008 1537 3744 2699 4068 3785 776 1418 4863 2049 1867
