N: 200
M: 70
Symmetric: true
Triangle: false
2 76 119
3 8 184 74
3 135 173 94
2 129 45
3 90 152 136
1 83
3 51 35 200
1 190
4 63 146 171 108
4 34 185 162 124
3 37 19 2
2 179 120
3 192 178 117
4 199 14 159 17
2 144 110
2 85 27
1 68
7 12 64 88 175 91 105 58
6 112 149 15 176 186 182
3 3 84 60
3 138 157 79
2 114 156
1 180
1 39
3 187 73 125
2 62 133
3 118 196 170
4 113 97 48 77
2 177 55
2 16 168
4 1 161 46 22
5 9 7 82 100 132
7 11 86 158 123 195 33 126
3 66 99 141
3 52 109 183
6 166 191 130 65 29 116
5 172 198 10 42 81
1 21
2 54 53
2 101 72
3 155 98 194
2 127 87
2 147 169
3 160 92 32
2 150 121
5 189 78 106 44 139
4 80 140 40 20
3 193 131 24
4 151 143 26 13
3 28 107 43
2 38 69
3 154 71 145
3 30 163 75
1 111
1 167
3 70 104 57
2 95 102
3 67 50 115
6 49 153 5 96 128 148
6 47 165 89 93 6 103
2 56 164
2 41 197
1 25
1 137
1 188
4 23 59 174 4
2 36 18
3 61 181 122
1 31
2 142 134
3294 2939 4244 205 1276 87 4093 1490 4693 816 4630 3903 3482 2558 2311 2048 1024 1846 3337 2266 2808 2180 848 4867 3536 1172 1586 4535 3079 2893 1149 2758 4458 3007 332 461 559 1540 2899 3077 4296 1053 605 2343 1180 2337 4991 4613 220 2527 1749 3250 3876 1955 2616 1013 1592 3509 1171 1794 1115 4890 2418 1536 2355 1725 1366 1182 4935 4100 1846 181 3240 4759 4406 1948 1532 203 4564 1601 1303 3974 3111 4036 1182 4996 134 2391 3175 903 2641 3911 582 1473 322 1037 170 1234 2573 2576 2903 707 3093 4047 3053 4316 2509 3746 3961 1563 4680 1478 175 3116 2309 1170 3383 2998 3917 2131 3737 4687 385 2741 266 1856 914 4970 4354 32 3066 1404 3460 1239 1229 751 451 847 2079 177 3490 2497 1360 2978 1668 4095 994 1905 2668 1728 4995 3370 1685 3088 4490 3559 941 3848 3835 1674 3934 2713 1002 4117 79 4198 4277 4830 4062 3254 602 1935 4228 3306 3350 1558 2838 1884 1177 995 2071 3025 1620 4954 458 3095 3329 351 3551 4179 3104 4780 2010 4277 3818 2084 2658 12 1174 1844
2939 1781 1936 1176 4541 1588 3184 3420 614 3159 2323 3055 3286 3214 2718 1664 4608 1534 1283 1232 2933 1404 3800 1381 4557 4049 3558 803 1069 1546 4289 3070 3198 3057 1785 702 3920 3714 184 1499 2385 1614 201 2133 1810 2337 2118 1929 155 2361 1456 3647 969 1856 2539 1259 2734 606 1926 1539 1916 1993 3881 2107 1079 641 1788 86 3331 4693 2984 1912 4306 4097 3722 4612 2999 3267 1251 458 1429 2098 3902 414 2191 1282 4529 540 899 2774 645 1365 2293 3816 964 1596 3740 4245 894 415 1653 1479 1467 2589 2228 4217 4059 3634 865 4004 263 4099 315 4442 730 1639 4413 442 3974 203 3700 1130 1239 302 474 2202 3806 1554 4047 19 1210 3101 1037 2734 912 3361 1008 4285 4193 2622 4078 3866 232 4280 1293 1121 4563 3384 4516 2752 3270 3387 955 552 3687 824 2453 3110 3057 3611 4494 4108 3070 3480 517 3471 172 4539 266 3972 4410 4576 1817 4122 1945 4422 2322 4980 4681 2351 3913 1067 391 877 2795 2809 2025 3206 3105 3379 31 3037 4463 4117 581 4026 3651 3413 3302 539
4244 1936 2923 1484 4205 2677 4427 3505 1264 1044 1880 4388 502 4242 700 4695 1060 1406 4425 3828 3915 3609 3518 657 4555 4676 1166 2644 935 3416 1573 3071 4750 2909 3199 2557 3257 1017 827 2832 2509 4428 2374 1068 1735 74 2993 3444 572 2539 3081 495 837 350 4616 545 527 2301 4253 1348 3224 1257 4527 3846 4890 1330 270 1434 1373 1080 4696 4255 4575 2361 3182 2500 3015 3174 720 4031 3451 1378 4869 2454 3810 3906 4028 1545 4391 1678 4254 775 4288 1777 4876 3872 3765 4880 1707 2673 785 3160 2753 1845 4413 2798 3046 70 3451 95 439 3071 1415 643 1211 1537 2547 3201 2791 4074 3043 691 4372 4004 2693 1572 3773 1072 3940 638 4440 211 2702 4097 4567 1244 4142 4163 2405 3596 2355 4304 3110 4223 2094 2396 1207 2050 287 157 1803 2663 2939 3320 3749 4404 1226 227 3615 1710 2764 4374 3840 4118 4182 839 69 1206 3236 2038 4737 2664 1964 1274 3339 92 1018 4738 1842 3641 2153 147 3073 1410 685 2465 3901 3446 1570 4708 3887 1594 34 2507 2671 124 4340 4555 2375 4270
205 1176 1484 3165 3694 3003 941 3248 3971 3881 1151 1711 4050 39 4402 310 417 1571 3086 2342 1716 4043 4411 847 2102 1854 1141 32 2477 595 829 1401 2427 2499 2918 4133 774 443 3804 4028 2303 198 326 3125 2764 1114 2923 71 974 1242 4370 4585 2236 531 4745 3035 4391 137 3576 1326 4471 2794 1700 2508 2322 770 260 2896 1716 4535 4379 1327 3899 1227 2131 540 1143 780 4645 903 1707 4078 699 3138 1906 4166 2055 4952 4625 3326 1823 3378 4068 2990 2464 1357 296 2860 3823 4952 2274 156 4378 2104 2753 1911 2873 3874 3536 4744 4594 1313 1532 916 2560 4051 3571 1951 3755 1751 2991 1546 2373 2708 3212 1233 4886 3799 4662 2801 1653 4430 2574 1946 1420 108 4681 961 421 3098 2305 4677 2614 4397 292 1386 4776 3909 484 3712 3003 3728 517 1844 3360 4526 972 4720 2826 1194 2845 646 3461 1656 290 3315 1960 212 444 3736 1812 3865 296 1256 3738 3975 273 2675 895 87 3015 3252 2952 4842 3227 1124 55 4218 1322 2317 560 4504 2323 4058 564 1266 4842 3218 936 4679
1276 4541 4205 3694 790 2017 840 1693 1029 576 3372 59 77 1674 2107 3342 954 1044 466 531 3805 2187 3526 1412 1311 4552 4183 2763 3543 3340 355 1194 1895 2835 4233 3468 1428 2786 4980 2445 4237 2438 2363 1079 4910 421 4629 3725 1250 4813 848 4117 572 1551 4757 4355 3025 3974 1413 4652 4486 3305 1096 4820 309 4058 2529 4614 1154 2898 509 4790 369 4635 1641 2424 4096 179 2403 3117 2925 4880 525 40 471 448 1726 4188 3425 206 267 1210 1952 1807 1894 2596 3875 1824 882 4097 3088 117 2759 2868 4659 664 3123 2814 785 1753 3797 2794 2489 1029 67 4229 2651 1216 99 4202 1376 3226 1618 1791 3527 576 2784 2160 2843 449 3497 4603 1666 3016 2310 4242 1622 4245 1143 2041 430 4321 3124 3877 3160 4069 3128 2055 3506 842 1901 4745 2854 4590 1689 2281 2662 2449 3186 2935 2559 3435 3704 1218 774 4186 1859 4078 1916 2525 1321 2526 529 3707 1375 4548 311 2424 4741 177 1520 2539 2665 4271 3995 2725 1210 3233 2967 1806 941 3449 1546 2065 3124 4652 4034 771 4233 2756
87 1588 2677 3003 2017 4919 1734 413 2023 126 3981 2555 1375 4002 3786 1937 1521 1193 636 2122 4161 3631 647 3694 837 2298 1647 3389 2998 4077 2909 734 77 1415 4654 3354 82 2168 2591 4657 800 2217 105 1861 3915 807 1165 913 2403 539 2422 4938 3967 2312 3835 3131 4289 1294 4795 4566 1816 1732 3587 490 4507 4324 1094 872 2660 2061 3916 3714 1037 1976 1318 987 3315 697 2984 78 304 4381 698 2888 3381 4886 3170 1925 1869 3052 2236 604 453 170 3983 1709 149 2503 2301 542 1307 400 3916 3477 1743 1532 4582 3296 3057 4394 2174 4067 4210 417 2864 4821 3182 4069 1223 2240 4223 1602 344 2995 4501 3189 3492 3178 2901 4223 614 2490 707 1288 2796 3003 4000 2164 4160 4227 2056 867 3917 1495 1605 2006 536 2835 3691 987 1446 4945 3647 4572 1935 1742 331 411 3953 1629 2683 2993 2626 2744 1865 3094 4400 1896 4272 4593 1147 2252 4320 1463 2616 1659 3718 4990 4953 1599 2516 1792 1359 2489 1072 4006 3013 1048 4329 1647 4284 4069 4122 337 1029 1919 4418 4288 2606 1812
4093 3184 4427 941 840 1734 1686 1798 3583 2666 2555 2476 607 773 2747 152 3671 4987 4188 1543 1362 815 24 3536 656 3298 761 4136 4554 2104 2998 2673 2759 4014 2720 1913 4852 934 3477 3395 4078 1904 4278 2990 4377 1303 3076 1978 3607 172 3116 4055 4283 4445 300 1274 2977 801 64 377 2738 3869 4346 157 850 4498 4251 3524 4621 1981 909 4179 759 1768 3347 1746 4877 979 3410 4476 388 3979 508 975 2927 4533 2986 3551 3112 4115 739 2001 1307 1510 4705 4117 2958 1555 1038 4081 3790 89 1920 4384 4976 3656 33 3211 2350 1361 1657 4458 4694 4667 4607 1318 3804 763 270 2467 4401 3710 4403 1127 849 877 1863 1317 2005 1909 1348 2636 4530 4995 2319 1505 4779 1816 1292 4321 3665 1039 2395 1549 1655 2459 4126 3194 10 2117 2379 4174 4077 4935 3136 2515 4667 4229 486 3381 2544 1445 1220 3298 3773 1344 4822 1723 34 2481 1817 380 2542 4058 627 3049 2970 2218 388 834 3971 4512 4870 2806 152 2366 3669 356 2062 3310 4865 2670 4896 1027 4425 66 772 2419 881 4414
1490 3420 3505 3248 1693 413 1798 3840 933 1744 4734 1367 3271 1474 1841 2662 2110 271 4917 3030 2465 1067 946 4506 3066 1036 3131 2617 2251 2612 3585 3694 610 3444 1047 143 3764 2912 1836 2663 4757 1956 728 3089 245 3875 4192 100 1666 2273 40 78 1755 413 2506 4955 264 478 1999 4119 4020 2526 4546 929 4095 4476 3818 1118 4860 3435 4726 4912 967 752 4947 4144 1756 4259 569 2391 394 845 4561 3543 3396 2807 2165 1016 3196 3427 687 4235 3097 2928 866 3260 610 2999 2046 3530 2406 3680 3059 3975 4482 4466 3841 3707 4435 700 2478 4677 4744 3742 3489 2568 2982 139 3430 3831 2053 1798 909 4023 3538 3812 1873 1909 1732 3278 2477 2319 3749 2290 3341 4954 1126 979 3886 2083 2951 1802 3918 3626 230 1405 3491 3298 4940 1172 1302 1155 688 663 607 632 1064 4186 934 1404 3752 4109 3184 1257 4913 4772 4708 4698 3023 3700 3550 262 4572 1426 2958 3441 2094 2214 1595 4277 1539 1471 113 4579 3525 3676 1733 4302 2325 2681 4605 1286 4804 362 3526 50 47 877 4666 4103
4693 614 1264 3971 1029 2023 3583 933 4479 1707 1580 1519 2191 1683 3211 2007 243 1903 721 3312 3707 1543 4681 2358 4290 4076 1095 667 1123 2219 3870 1963 2037 223 4353 3076 4728 1928 292 4887 4990 1504 839 1578 3322 3496 1639 2283 4819 3305 586 4005 1405 4772 4797 4223 1013 2776 394 1665 206 4783 1054 4046 4404 4967 4909 1207 2123 533 242 2793 176 331 1828 4007 4261 4627 4132 3895 2258 4606 774 4652 3381 3836 2149 2514 950 4512 4475 4214 3871 2108 1392 4124 1950 4668 347 4619 4997 2728 1912 116 2822 1402 3525 348 1932 2674 3504 1984 3286 4989 486 4168 1057 3690 1526 3117 700 1473 3925 2734 391 1228 1808 2920 1221 1324 4668 4983 3502 342 4380 4424 2224 1240 1663 2960 934 2335 1674 4556 98 1850 1962 4507 1771 4104 3138 1160 4849 3943 1067 3793 2852 3514 3926 2890 2679 3345 2115 4334 2185 2248 41 126 4046 948 706 4193 2071 3777 283 3866 2642 4460 402 903 39 3011 4969 950 4547 739 4960 3138 4482 4048 1278 4614 3011 3451 3613 1402 4337 4298 714 2972
816 3159 1044 3881 576 126 2666 1744 1707 2058 1244 4484 2784 4534 2754 1311 2808 3727 4962 638 3122 3371 3165 4379 4269 451 2536 185 4186 500 762 3111 4441 2626 1640 2116 76 3515 4776 699 4007 4340 704 229 3335 3338 1783 2611 3072 1966 2295 984 4887 1381 4949 2750 818 1966 3658 2949 4779 723 4721 3052 871 2234 4092 4581 836 4226 530 488 2202 1350 2580 521 3203 3894 4104 1152 1514 983 1511 1447 4838 711 1723 2061 770 1940 3413 2040 530 4286 1069 441 3648 3745 3262 1551 4258 1742 2698 4041 1665 3481 4033 3370 4580 3132 2652 2682 3604 3450 1893 4357 2483 2993 4568 1207 3681 226 4373 4238 725 17 1297 616 2848 4792 180 1488 3007 165 292 213 2237 3872 2801 23 863 967 2921 1541 3161 428 123 3171 4886 1075 4500 4280 2575 3598 2317 4264 3453 3664 4809 1745 1425 4055 3256 3323 3674 2791 2834 563 1286 130 3179 1079 4411 3218 3473 616 4240 1954 686 4720 3192 4587 2364 3948 3704 227 1906 1072 3328 2408 2371 4786 3230 255 4460 608 2757 1547 3246 34
4630 2323 1880 1151 3372 3981 2555 4734 1580 1244 762 1260 4427 1582 3778 1908 2504 1925 186 3237 952 3213 771 2608 2132 2761 4634 1196 46 3267 1498 1712 4662 200 3528 3123 315 4775 2097 1012 2299 4390 822 752 4317 510 1941 2082 4744 332 3505 2124 4107 4003 3859 3680 4801 2988 4341 2967 2766 2475 3052 1846 3494 232 248 3758 1921 2589 2160 2990 1658 4422 4612 3207 1882 1239 3183 4956 4149 2697 4678 4172 4794 4155 1772 3561 2530 3837 1126 1415 4571 1914 654 4025 4062 2668 1221 1551 4710 4542 439 4683 2178 3351 1267 2521 691 2007 4288 1165 2122 1843 1363 2381 2937 4902 1098 633 2031 1365 1421 453 2508 818 533 190 4164 1459 3667 1140 4363 1641 1031 3274 3031 3424 4165 1676 3982 156 579 1536 1930 4636 4800 316 1676 1684 2377 3583 2874 3122 26 1970 3577 3449 1665 4734 1412 1976 4602 362 4040 1148 1425 3322 3010 2872 3224 3395 628 4810 475 4036 4239 232 1477 1021 3100 4171 3840 3218 1079 3253 2041 1043 4980 2330 467 1647 117 4767 2771 3924 4853 526 3678 1885
3903 3055 4388 1711 59 2555 2476 1367 1519 4484 1260 2943 3655 3384 4010 663 2844 2948 1826 4482 1806 979 2515 3817 4031 416 2498 421 2991 2434 1150 1433 3954 324 4503 4571 3317 3407 1842 577 341 4719 271 2652 2916 1417 1465 4797 4193 2491 133 1634 644 4348 3246 3637 2357 4286 2536 825 4517 3562 65 3919 2892 4723 2703 1174 3263 4476 2891 4705 669 4098 4753 3008 3104 1436 4270 2737 1148 1681 2752 4726 1699 370 1296 3746 4054 2997 2729 4355 733 670 830 2148 570 2434 4439 4136 4899 2133 2713 3909 2221 3310 1274 1622 1279 1803 4937 1177 3725 3801 1408 2488 4962 1540 4768 3542 1231 4637 4693 1372 2589 2790 65 2895 2666 4515 2709 3132 2948 1536 122 1650 804 3699 764 35 4701 2958 4503 4962 1752 3759 3069 4439 4294 1887 3604 368 4507 4188 519 3224 4428 23 3132 2234 4490 4298 3991 3405 402 4546 4327 186 423 3273 3594 2127 4554 3806 304 2945 4780 3159 866 1893 1158 2435 4019 999 2202 1109 525 428 4531 1019 4558 669 2477 882 169 710 3999 1721 1902 4899
3482 3286 502 4050 77 1375 607 3271 2191 2784 4427 3655 2826 3901 4225 3406 1569 4672 618 1385 908 330 3257 4981 4059 1473 1968 4520 1905 1178 3592 846 3202 2479 668 3090 32 3774 455 2727 2060 1356 2618 117 2899 89 3833 2186 3007 34 1734 404 553 1108 4529 1807 3756 4785 2598 2247 2432 402 149 2690 3407 4471 4274 2070 3670 3053 2924 185 312 2946 3035 2559 2123 3187 422 4935 667 835 4153 2906 1009 1602 4680 1837 4932 4084 1338 4163 3412 2574 827 3119 3378 723 3799 1694 3633 4349 1482 1861 2037 4485 1793 1322 2861 3143 2833 2572 4075 841 2651 4853 3603 2990 2104 725 2021 2809 2921 3440 4465 1201 3793 3277 47 3924 1846 1177 681 1425 3590 4333 908 2188 4695 4313 1230 4778 4761 4686 3452 2867 2055 2189 4994 2557 1273 3197 2488 1775 1241 612 3933 4850 2729 598 441 2605 3119 2574 2816 3842 2042 1126 3764 3318 4099 4887 4702 4550 2025 3021 3038 1322 4815 2610 3894 4304 4266 2822 3089 508 3907 3679 1235 585 974 4202 1851 2416 4209 907 3512 4742 3465 608
2558 3214 4242 39 1674 4002 773 1474 1683 4534 1582 3384 3901 1971 706 1888 1315 4255 2055 4892 3050 4377 866 3102 4228 2093 4583 2786 4716 2110 2710 3020 3283 1202 2788 2648 208 69 4769 222 2606 4346 557 581 4372 748 1289 4496 3739 487 972 3009 1026 160 2228 331 2237 3632 2130 1740 2831 4800 2699 1589 4946 4243 4942 3345 4203 3669 1326 548 1769 3858 181 751 3792 763 179 2874 1517 2025 3417 816 4582 760 1175 4556 1327 4381 2046 1197 3720 2309 4615 525 748 620 209 3339 4226 4155 3067 4372 4368 2229 2105 3296 4687 1347 1236 2335 1952 565 2994 3070 3397 3528 774 2986 1031 2911 4645 4963 2489 1439 3745 3593 4018 4642 361 2373 431 2479 867 3875 2159 4579 2782 4556 4325 3407 2831 148 4520 584 3451 663 2526 3061 1762 2750 4615 3151 287 2407 2335 4893 3995 1565 1677 1125 300 1740 4490 4522 472 4290 2708 3261 1555 1499 4608 1452 4210 3133 4233 2159 1967 3416 706 1841 811 4937 1135 2088 4162 2203 3517 3927 4381 646 3948 241 4037 4456 565 529 1988 1440
2311 2718 700 4402 2107 3786 2747 1841 3211 2754 3778 4010 4225 706 1463 1889 2049 51 2371 1579 1486 4842 1257 1065 1214 465 1553 1441 848 214 286 1601 3199 2677 4062 4481 210 4754 4123 984 3038 4196 3419 801 1272 1729 835 3706 1347 123 1082 788 1214 1152 4347 1938 680 3586 1339 3200 2928 4351 571 2248 3066 4584 1557 2940 1528 1167 3978 4566 1622 3933 1380 464 2564 1914 2662 1440 194 2183 4612 4225 3041 2439 4463 1569 3213 4081 1055 3574 4559 4045 1949 4990 1305 3502 59 4081 77 239 3290 2860 728 1496 2771 1916 4063 1260 719 4251 2594 2676 4553 1339 3387 2293 1284 2600 4995 1847 783 745 35 4213 1279 1734 3056 2102 2179 3287 3127 79 997 1896 280 4748 2553 2532 2988 1040 476 3954 697 2542 2641 1111 686 3979 3800 2822 1086 1785 3671 4446 2370 2615 731 1562 2975 2580 2706 47 1188 4677 2144 734 4392 3973 3833 1849 1924 2605 2697 4157 3134 3948 4745 187 114 1862 4036 2561 4038 758 3716 290 1407 2970 4690 2308 1514 1433 4984 4838 2969 2939 105 2231
2048 1664 4695 310 3342 1937 152 2662 2007 1311 1908 663 3406 1888 1889 1876 134 3174 3241 3706 1218 2277 3874 2394 2681 3302 3552 4978 1043 4812 4935 2270 2263 3040 4602 2081 1422 333 2425 4336 714 584 1869 3605 1349 1886 3260 1843 1586 4913 1475 139 3665 202 727 4718 1849 929 852 185 3174 1621 3439 3355 4912 2077 3649 4814 3318 4944 4573 33 4767 843 3280 1697 2972 1601 2085 3232 704 321 782 2066 2111 4860 124 1867 2892 4748 528 697 4982 405 2000 451 3736 1103 2075 4106 4876 728 1708 1288 4659 202 1033 2073 1981 2403 4679 1995 1872 1774 4396 423 3945 88 4410 3620 2293 431 1683 715 4814 396 2691 3984 204 4117 4373 1932 2729 4199 3132 3577 4665 1697 1079 4901 1706 558 412 690 3542 4735 493 4008 909 3876 785 3582 2776 2296 728 3000 386 3817 4709 3179 2172 250 86 700 2775 3021 3347 4851 4812 1034 4067 4469 733 2943 3804 938 791 3369 4371 1590 1456 4300 2468 2362 4335 4363 3386 251 4889 3549 193 196 4601 904 2127 2281 4976 2912 4191 1014
1024 4608 1060 417 954 1521 3671 2110 243 2808 2504 2844 1569 1315 2049 134 4325 1335 1689 4759 1957 4847 1890 4302 3021 129 563 4759 4343 947 2827 670 796 3882 4343 1705 4435 3696 771 2940 689 2251 2067 2032 2437 2048 2612 839 3878 2312 950 3147 4757 1131 3426 1055 2684 2247 4778 4225 4536 2363 1337 2487 3900 2151 1003 2871 1447 877 3072 710 3857 345 3583 3977 3296 694 1123 3689 979 3244 1549 2649 1447 3580 1185 4692 112 2145 4650 1030 772 1921 2838 1258 2171 1714 3662 3651 316 4472 4616 3427 3048 3976 2115 55 2263 2242 18 2514 1361 536 2839 868 1843 2774 3426 1113 609 3158 3502 3329 2683 1998 101 2474 341 3490 3656 2815 864 2474 3145 4804 1491 2032 3637 448 906 1724 3880 3439 1277 920 1750 3039 3661 1132 383 4085 4298 2445 4887 4805 4254 3228 3493 964 2578 2382 1641 3848 79 2765 3284 1548 683 1105 4953 2181 3144 4414 4764 210 4193 264 1920 2001 2411 496 1537 763 1388 142 2604 2326 3434 4604 2780 4767 3720 2435 2852 2497 1411 757 2352 1038
1846 1534 1406 1571 1044 1193 4987 271 1903 3727 1925 2948 4672 4255 51 3174 1335 4161 3999 1047 4617 1500 4046 1517 3852 2174 2265 3630 1795 1249 2110 2956 3057 4034 4142 4428 2163 27 4616 3300 76 1261 1777 3917 1347 1108 3827 1151 528 3222 3265 2187 4775 91 4355 830 4730 549 3059 4777 4253 2879 4535 2905 4349 3814 4857 1833 2921 1275 1265 1873 2326 2423 2810 4429 2131 2957 3996 573 2845 2653 3429 4371 487 1424 4738 4722 1018 4832 2084 2836 4008 1343 3057 2645 2352 228 294 2405 629 4460 1017 4277 4900 4498 2611 702 1350 3645 4678 1458 2833 506 2588 2656 2730 4872 2050 4940 4491 64 3659 3267 1482 2465 3402 49 2317 3190 3964 1303 716 3585 2414 2079 2867 332 342 4221 4909 1162 4824 1393 4880 4080 2382 4328 3785 1780 4272 3925 94 1381 4629 4731 2728 1633 3304 155 1774 4289 3561 3903 750 3748 3405 2525 4584 2514 3828 3796 3671 2796 4894 469 949 2034 3128 2200 1922 3037 4137 3213 2476 1609 4563 4618 4481 4805 3772 2659 1954 2023 1438 3060 851 1812 969 4361
3337 1283 4425 3086 466 636 4188 4917 721 4962 186 1826 618 2055 2371 3241 1689 3999 2447 2953 2234 1383 68 153 3907 2264 650 3692 3545 4986 492 114 1861 2059 655 454 4074 3427 3277 4703 115 4496 2724 3201 2825 3770 4589 2800 647 730 3254 2794 1679 2725 64 1217 737 4852 4306 1820 1379 3596 3858 919 2182 1111 1028 75 735 4119 897 2036 1943 2271 2897 1178 4261 982 133 312 4432 1167 4452 1775 1386 168 576 2050 4028 3478 2148 2135 994 756 2300 1352 2742 685 2721 1466 2177 524 1685 3220 2355 4168 2909 1942 2446 3924 2773 666 2646 4565 1092 3351 2776 1944 468 2603 2165 258 2514 3992 2465 646 389 206 1630 4264 2350 1934 2821 3043 31 2000 2872 3818 4322 4093 3606 961 4159 792 124 1368 31 1679 3685 2130 2049 958 2131 3361 570 945 4734 2308 3432 1099 3354 4593 3708 3249 325 4079 1798 4505 1652 3908 4425 223 3001 3994 4788 2324 1388 4644 229 717 1159 1907 3062 3508 3778 391 3560 3637 1572 3407 2467 2168 4658 3916 1479 959 4034 2789 1201 171
2266 1232 3828 2342 531 2122 1543 3030 3312 638 3237 4482 1385 4892 1579 3706 4759 1047 2953 1746 55 995 1033 729 263 4416 1685 3935 3032 3703 3672 3571 1068 1471 4486 3961 2332 611 3749 3154 1898 1412 3121 982 4323 829 3409 1296 2710 3272 3212 3153 1529 2345 4392 3898 975 4076 3198 433 4002 4998 3366 2492 2730 1453 4809 1631 1885 3300 61 2423 421 2270 2564 2464 1199 312 1124 2428 225 1965 938 1550 4975 3485 3472 2937 3768 412 2788 2994 2112 1922 2338 3662 1368 3150 1784 1632 942 4210 688 4857 3586 2460 3345 2056 1263 3935 1787 3109 29 1004 2196 1165 3733 4587 4247 4288 3494 2699 1117 1700 4753 3544 4339 3443 3652 4152 3611 3637 4160 4974 2001 2795 3199 923 2674 3856 2886 3358 3066 2057 4949 4381 2270 4136 587 3010 2050 4961 4157 2373 2142 1470 2889 4376 1507 344 1424 4418 2072 4679 4775 3445 765 98 1563 3149 4415 1204 986 3757 4565 2271 1093 2698 2520 3696 1310 2026 2133 4878 304 3379 4904 750 2524 847 591 2918 4218 416 3843 1404 2576 2465 3105 3387
2808 2933 3915 1716 3805 4161 1362 2465 3707 3122 952 1806 908 3050 1486 1218 1957 4617 2234 55 4171 3585 4426 111 2228 711 2252 985 1592 2018 2278 1890 228 490 2486 836 3352 1213 3736 2197 547 1840 2856 2215 383 372 4089 2901 2914 3945 3718 1208 4354 340 4074 3571 1023 347 2033 4898 1640 1610 62 3439 920 3118 3940 966 433 3253 4923 1964 1507 809 4620 351 4478 3749 1374 2050 1999 3945 1369 3570 1432 1624 200 2938 3276 4540 1782 1516 3996 1133 1388 3801 3462 4529 984 3911 508 877 1865 4452 4226 2779 2570 489 3955 1927 1674 2735 1908 1622 4090 4662 1851 3474 1795 1269 129 2927 4727 899 4107 3099 455 1327 1891 1114 4673 1080 3128 1547 4037 4414 3775 595 4635 4971 3118 3954 2262 4664 3312 1378 217 3947 2272 4405 2463 1014 4125 2406 1282 2959 1935 335 1107 1386 2869 425 1421 2283 777 923 74 3692 1178 2546 854 4830 2736 2737 1846 1943 784 1445 2310 4369 3207 2858 3495 2239 2252 4592 2855 4264 4238 1673 2851 3123 4910 1953 571 3659 1162 3423 2026 1432
2180 1404 3609 4043 2187 3631 815 1067 1543 3371 3213 979 330 4377 4842 2277 4847 1500 1383 995 3585 2288 1760 841 3814 1139 3030 180 4005 223 1275 1383 85 1415 4063 3766 2141 3278 1334 2981 291 2247 2339 2478 4169 2601 1778 4113 3202 2737 3052 784 2393 2994 2418 2601 778 675 18 4859 1243 1896 4322 4351 2391 720 4773 527 3196 356 4151 4691 1130 3120 2391 86 1622 3803 3045 2746 1467 3445 588 2806 1090 326 866 3872 2314 1899 2337 4706 4885 538 2852 4665 997 4296 1323 4927 3869 1587 2237 3791 2483 4957 4539 3112 1027 652 1655 1256 2998 1370 3313 287 1123 3012 826 1371 714 3919 2560 3871 3507 3920 3587 1197 4768 1737 3248 4466 4797 4495 4194 4569 4960 2256 2686 1254 1217 3405 4581 739 384 1017 2170 3255 3025 1237 2382 1859 2304 314 1051 1863 512 1373 3968 2322 978 2366 4787 1703 1397 1731 485 4341 3266 3865 1269 787 3031 1691 4794 1971 2230 1512 113 3419 2734 1636 126 1947 1307 774 2295 996 1803 2756 249 1117 2924 509 354 42 3646 1583 3296 4646
848 3800 3518 4411 3526 647 24 946 4681 3165 771 2515 3257 866 1257 3874 1890 4046 68 1033 4426 1760 1670 1330 2971 792 3964 1743 2495 2427 1507 3101 1638 2698 665 4110 2340 1498 325 4079 2224 4099 3944 4072 4734 3412 4697 540 4472 1684 1057 4252 2192 4507 2766 4934 1955 1997 777 2419 1941 3011 3634 4849 251 264 2627 1592 1517 1192 457 4591 1098 2899 4466 26 3853 4975 2815 3311 4996 4356 4376 37 2139 3471 3920 3244 4269 4823 3291 891 20 740 4701 3978 2953 2324 2954 27 3430 4363 2122 1520 2525 582 3475 3373 4740 2195 709 3327 4683 3313 1350 1108 4643 1240 2954 2102 1232 3595 4423 3568 2359 926 2349 4185 4062 946 812 3226 1663 4396 714 3245 1509 2034 2159 2624 4877 4185 2573 229 1513 4501 2363 1050 3910 889 1649 230 4351 3924 1310 1119 935 563 3760 1755 3161 4477 4412 2058 1744 1320 3985 2746 427 1491 4903 4438 2855 4024 3299 1600 4763 148 3594 1252 658 4261 460 2473 3960 331 3434 1430 3594 2285 677 1564 3006 1526 1833 2288 2770 2055 4345 2029
4867 1381 657 847 1412 3694 3536 4506 2358 4379 2608 3817 4981 3102 1065 2394 4302 1517 153 729 111 841 1330 2896 4329 4490 4495 228 2817 3275 2374 4017 4902 4379 2036 2474 1871 4836 1078 2002 4634 957 88 35 3630 748 2971 2319 1354 2597 1198 2899 1222 908 3454 453 3137 4311 2137 4880 1214 1720 2241 4477 2990 1952 2107 4071 1184 3184 4536 3174 53 168 546 2658 1393 1750 786 4137 4345 1647 3167 3768 687 538 290 1637 91 4494 63 2136 3065 4222 3250 2507 4963 1952 863 4813 1473 4634 3959 1394 815 1459 2797 4795 871 2418 2417 1427 95 1253 4316 288 3547 2847 817 411 2112 2499 2961 101 3477 3158 4221 1108 3550 1322 822 2171 1703 1703 4321 2233 120 4018 1540 744 4089 3264 1121 659 2463 2518 3208 1103 4060 3111 1420 855 1399 3407 801 4702 3025 1123 1656 3022 10 249 18 74 4196 2205 3175 1114 548 2739 4693 2002 2608 853 986 1997 2095 1620 2554 4652 36 3710 1475 1261 4278 4575 3629 4505 1788 1397 4872 2168 2226 1780 3304 1341 1803 1853 1877 2157
3536 4557 4555 2102 1311 837 656 3066 4290 4269 2132 4031 4059 4228 1214 2681 3021 3852 3907 263 2228 3814 2971 4329 1799 4596 1705 33 622 2030 3740 3152 3746 570 4325 1562 391 1967 2074 4753 4626 3970 1442 1968 2973 1915 2971 3739 2299 93 3336 3457 407 1537 4761 1163 942 3689 2360 4725 2228 1865 3660 1479 365 840 3583 2219 1962 4565 1195 3314 1449 2236 2204 3057 834 3389 3425 1426 1041 105 4283 4528 2252 2306 1694 1785 3780 3719 1114 4256 2677 3375 3930 4693 282 3123 11 1127 4312 1817 2045 4112 3952 3244 1118 4815 4694 1600 1648 1666 585 2933 3619 4612 1848 2758 4492 338 487 1836 4640 679 4396 4536 2416 3073 4410 2453 3499 281 83 345 801 1696 3577 139 1425 4940 2649 4693 4775 531 4025 4658 2319 2434 1751 1871 2351 4980 2024 3391 1606 563 4189 2610 2289 1863 44 4013 897 3047 413 4871 4827 371 491 2318 4041 1122 401 2452 930 4782 4274 4760 3957 1409 854 2486 3998 2055 3524 4286 4269 525 887 3485 168 4408 398 3625 456 2086 2959 1287 1765 1319
1172 4049 4676 1854 4552 2298 3298 1036 4076 451 2761 416 1473 2093 465 3302 129 2174 2264 4416 711 1139 792 4490 4596 1411 2610 2794 4543 2377 4738 3101 4763 3103 2430 3879 235 3089 100 2904 3901 3224 2064 3711 1673 2441 3144 1746 1139 2128 1586 2371 2153 2039 3807 641 855 2302 979 2785 2419 3657 4847 3708 2366 47 4626 637 1768 929 2321 4102 4504 3423 883 2022 4747 2798 2081 910 4109 21 1225 2395 4122 3272 3617 542 4221 3723 686 3811 184 385 2959 2873 567 2822 4165 2854 3269 191 3919 179 644 1695 3543 4030 450 108 100 4652 3478 2200 3323 3729 4331 2303 2998 3129 2385 4001 890 4621 3028 269 2118 1350 816 1384 4941 2293 3707 2379 24 4363 693 1528 1771 3985 3654 4043 1893 2818 691 847 4180 494 3195 2258 3703 764 4674 3492 4822 4881 4084 4512 293 3433 397 300 4274 3100 2089 3927 1071 2451 3204 3145 3236 4746 1497 2318 1662 3076 1496 1739 793 3778 2776 2399 520 1885 301 2033 4085 3584 2099 2588 1979 3867 2331 2650 2274 3001 2089 1208 4069 2763
1586 3558 1166 1141 4183 1647 761 3131 1095 2536 4634 2498 1968 4583 1553 3552 563 2265 650 1685 2252 3030 3964 4495 1705 2610 2655 2443 2251 3271 4282 335 285 1495 3270 1836 1711 3151 2654 3484 2200 4327 561 4902 4806 4291 1514 2185 1794 3845 1817 4648 2817 3762 1553 3300 1213 3510 4368 4207 179 2424 103 4965 3314 3403 2735 2887 2513 2416 2106 4605 238 4972 2270 87 2103 1722 4951 2781 1301 1943 3182 2469 1208 2059 407 3102 4797 1836 2624 3241 220 2078 977 340 228 3367 4149 1752 546 2527 3388 151 521 2613 2046 1704 3356 791 1217 4060 4662 4832 1484 2260 4557 1356 4703 4894 3567 2339 3079 4008 3685 2617 3117 3785 4286 686 2867 1044 1863 2837 273 2476 1992 581 2061 4717 491 3790 1475 3443 4955 1498 2874 4793 4921 2942 2475 736 172 2243 4108 2538 1777 1552 281 1561 4830 258 3185 3127 2638 64 318 1413 3235 3767 3959 2750 1210 4237 2738 4682 1379 200 3432 4331 1929 582 1617 3879 1131 3911 2510 3314 4639 885 1736 3602 2494 4001 3381 3296 4136 4305 2230 2413
4535 803 2644 32 2763 3389 4136 2617 667 185 1196 421 4520 2786 1441 4978 4759 3630 3692 3935 985 180 1743 228 33 2794 2443 1828 4053 983 4479 266 921 2820 3786 705 2180 2784 1096 684 4135 1119 1381 1847 4151 527 3788 2080 1253 2985 1904 2451 2162 1909 4771 2708 3042 3276 3517 2443 664 135 3668 1270 383 3985 1881 4311 2712 3869 4612 3902 2822 3543 411 2175 933 3106 2481 2709 4484 302 2455 1406 925 2455 4198 1455 4059 2740 3061 996 583 3382 1369 3468 216 152 1214 2288 3026 4652 3231 4053 2732 2504 3583 2161 3205 3612 3076 4560 599 3017 2144 2956 1193 1295 3418 4343 420 2405 4856 1489 2834 337 4643 4220 1610 80 1661 4708 252 468 3924 1611 291 2872 341 77 4714 4269 2287 1507 726 2066 3669 4548 244 1883 1780 3806 1306 3575 202 2225 4532 2905 3468 2118 2629 752 2272 4483 4592 4960 4634 2549 4337 1626 127 1846 1017 892 1065 3844 2010 1157 3377 988 1912 585 3579 2928 2542 3290 1994 3524 813 2305 2998 576 3890 3843 1595 2127 4815 805 1887 141
3079 1069 935 2477 3543 2998 4554 2251 1123 4186 46 2991 1905 4716 848 1043 4343 1795 3545 3032 1592 4005 2495 2817 622 4543 2251 4053 3428 487 4373 3326 3128 3919 1803 2922 2915 795 1529 1425 4364 1142 3776 469 1144 4461 1346 901 3645 3104 1754 4747 1585 197 2691 2272 377 1718 1190 837 2688 4604 1648 1041 1956 1896 397 772 4272 4926 1002 3689 212 3164 178 4233 620 2516 4599 3321 2973 4980 2477 4547 840 3143 934 4003 2948 2220 3260 2912 1954 1122 2570 1247 744 1929 1815 2582 795 1435 4104 4438 627 434 3222 1699 1001 1386 3599 542 3557 723 4825 1893 3196 3139 3972 407 883 1797 3868 4752 3574 1846 697 4888 3221 4678 2066 1972 2546 2174 3083 4695 991 4673 1117 3376 1367 3307 1774 22 1946 3801 805 4202 4590 2850 476 1311 3768 1197 3953 3213 3243 1956 1837 568 2619 31 120 579 554 1809 4716 1420 319 1496 3256 662 3379 2370 3302 2416 2230 1576 74 4208 1995 1990 3476 2329 3695 3435 2137 2972 2176 1598 2293 4790 3996 474 827 2728 4179 843 1775 4222
2893 1546 3416 595 3340 4077 2104 2612 2219 500 3267 2434 1178 2110 214 4812 947 1249 4986 3703 2018 223 2427 3275 2030 2377 3271 983 487 3668 28 4900 1668 2503 4309 3298 947 2385 2290 1181 4418 3928 1702 1076 3148 1535 2276 4157 1427 3536 2395 1771 3017 4420 1799 2071 559 4986 1888 3701 4009 2059 4923 2298 2246 1649 4385 2862 151 1111 1232 2415 167 32 2921 1550 2666 4849 4226 2416 2115 1820 4197 3329 2229 4852 1122 3574 4666 2849 3045 3851 2684 2255 2974 1200 3334 4992 3646 4632 2449 4378 1533 1396 4138 3595 4977 3732 3860 1281 1511 401 4403 1706 495 1151 2972 3331 1575 1476 1461 4740 1296 4897 3741 619 3380 1850 4908 2751 853 896 3717 1503 1276 1413 3073 4255 2303 942 3339 1055 4860 898 3630 4766 2849 2958 98 4837 3411 4487 477 516 1094 1666 1782 707 624 2782 2123 2494 4439 2021 2017 4525 1973 327 3711 1399 3242 2450 1594 4486 2110 1358 4101 4790 4019 635 1163 95 2616 3430 560 1456 68 2897 1656 492 2681 189 1297 2912 1283 2703 2780 4765 1785 1559
1149 4289 1573 829 355 2909 2998 3585 3870 762 1498 1150 3592 2710 286 4935 2827 2110 492 3672 2278 1275 1507 2374 3740 4738 4282 4479 4373 28 658 2146 3459 2662 1700 4912 4907 4022 4704 380 2150 2426 4304 3935 4832 4760 1937 4696 1029 4418 3681 4735 785 1165 2660 4205 3463 4380 1677 1752 1099 2847 2330 4905 453 856 3885 1841 1993 3479 1424 1868 4760 1221 3039 3645 2152 2697 4582 1377 3689 3001 2548 2050 1728 1970 1206 2278 4444 3088 4229 1654 3732 2736 2733 916 843 4430 4613 213 4020 346 42 1357 2980 2066 2932 25 4999 1210 4216 4340 1130 2614 3014 3656 2343 532 3324 3714 600 2794 1686 3990 3235 3660 253 3619 3024 3640 4041 1283 470 4025 1095 2608 4430 413 1095 2838 1144 2155 577 221 2273 4604 1042 3171 3111 693 2151 4633 1350 2159 4080 1672 1939 4957 4654 4806 1863 1198 4890 4480 4108 43 3214 3776 1958 4612 1833 2306 1944 3636 162 4413 1148 2941 4213 3660 533 1447 1984 500 287 1765 782 4904 956 178 2593 192 3675 3662 4504 1145 2331 4260 2758 3103
2758 3070 3071 1401 1194 734 2673 3694 1963 3111 1712 1433 846 3020 1601 2270 670 2956 114 3571 1890 1383 3101 4017 3152 3101 335 266 3326 4900 2146 2260 3521 1410 1873 2516 15 944 2872 4737 2066 4305 4063 2428 4331 2441 2573 1701 322 2435 3646 4519 1196 1453 3745 2981 4948 2656 4371 3062 4539 600 4797 466 2546 2112 40 4176 362 4114 167 255 4829 3599 2175 1233 4046 4607 2621 2835 1429 2222 3954 2953 3456 3600 3735 465 1717 1186 3267 1999 3871 1460 2287 2871 2562 673 251 3025 4284 4529 1107 1470 3686 1771 3504 1550 1359 3582 3720 3757 3675 4488 2538 4815 295 1592 4992 4598 519 1380 1549 1716 4574 2405 2294 786 2226 2924 2232 216 3702 566 4332 3703 2545 515 514 3045 2033 2199 2890 3393 1480 4370 490 1163 3138 468 4902 70 511 4586 4889 1738 1247 4162 1786 1704 2448 4407 2386 2292 4980 3539 2264 4283 571 1426 4262 4199 315 2642 3448 2284 3874 4555 3069 419 459 1329 1321 4570 1535 2193 1254 3890 1763 3950 2912 1956 4880 2651 888 36 1857 2633 2534 4279
4458 3198 4750 2427 1895 77 2759 610 2037 4441 4662 3954 3202 3283 3199 2263 796 3057 1861 1068 228 85 1638 4902 3746 4763 285 921 3128 1668 3459 3521 4093 1704 2248 4230 660 4891 2653 227 728 4532 522 742 3010 3364 2182 4859 2477 3392 4645 3168 814 868 4674 3713 1736 1956 1068 2572 2280 1679 4047 3098 1358 117 2234 3819 4305 1548 4887 1849 2068 3339 1349 1457 3498 266 129 2794 1410 3157 3582 546 111 292 4843 4473 4774 4026 2823 2855 486 1103 1045 758 1308 1005 3800 207 375 4242 2052 84 1039 1225 1077 3458 4954 1693 4688 561 4044 2132 2440 1886 4284 1742 2582 4737 903 2042 1462 3106 4879 821 2064 378 4915 433 3292 426 678 1161 4659 3068 407 4983 4265 4851 1031 4814 96 3801 1510 968 1479 430 4153 3940 2493 1639 1260 4808 3670 4012 3965 2182 4878 119 1115 437 1046 3021 3971 1002 3730 99 2919 2016 3807 2754 2090 570 2765 1809 3190 1552 3397 3981 3608 341 1461 2500 3913 3614 3066 401 3445 274 2636 153 93 2222 1729 4960 3944 3316 4505 2618
3007 3057 2909 2499 2835 1415 4014 3444 223 2626 200 324 2479 1202 2677 3040 3882 4034 2059 1471 490 1415 2698 4379 570 3103 1495 2820 3919 2503 2662 1410 1704 2311 344 1893 4930 3797 2562 3775 123 1898 476 3337 3018 1016 2474 2074 1625 462 2580 4377 3459 1818 2955 3618 983 1058 4204 2295 288 751 3519 4132 673 1288 1344 4989 3720 4715 2479 4807 3891 1801 91 1503 3430 1444 3991 4522 1957 4048 2183 371 673 3370 2812 2676 1337 4133 105 2535 1722 3677 2537 1794 2647 496 4737 509 1692 4075 3604 972 259 3082 927 4031 4892 2761 4687 4998 143 3705 318 4652 4944 749 3890 1624 4713 909 3060 4057 2876 4058 993 4156 3163 2746 224 3045 895 146 3060 4107 1922 4751 2063 2291 313 1402 939 122 19 1442 2198 2559 1559 1128 2230 3687 2574 3032 3338 1087 4067 651 1720 4320 4121 2099 4020 3291 1451 2473 4668 3773 1583 4278 4598 4459 489 2177 2371 2981 720 1840 1250 2176 3244 1506 4809 3979 938 4986 3157 707 1515 3068 2925 654 102 4662 4473 496 3117 416 563 1170
332 1785 3199 2918 4233 4654 2720 1047 4353 1640 3528 4503 668 2788 4062 4602 4343 4142 655 4486 2486 4063 665 2036 4325 2430 3270 3786 1803 4309 1700 1873 2248 344 1313 1681 2375 4753 707 1560 4499 3108 3519 1577 3791 3287 1812 632 4786 2474 3863 1948 3424 3769 4029 3324 3372 926 1483 397 4799 3619 4845 884 558 3523 797 380 4251 43 4555 1327 3054 1761 3252 4638 3072 273 4827 3940 594 2176 133 3766 1082 1837 4005 2275 4051 1853 2229 2020 4542 2161 1401 3467 3324 4072 197 83 1755 4223 363 3763 4586 3674 2028 1037 4379 3163 3381 1889 2812 4483 4759 4274 1372 2710 4309 1289 4243 3004 2046 3849 3867 601 671 1376 1298 3086 105 3260 246 4079 3698 4285 4362 1069 2353 4311 3422 1299 4666 1474 2300 2387 4010 553 3697 4620 1091 107 2992 272 12 4990 4149 2779 250 1039 2785 270 1582 4351 2490 4496 3127 2343 4637 508 137 2383 951 174 986 3606 3168 2592 4455 2298 2159 85 2453 3524 4931 3274 3663 2737 4750 3031 140 3396 726 1634 1672 4502 2376 65 538 3361
461 702 2557 4133 3468 3354 1913 143 3076 2116 3123 4571 3090 2648 4481 2081 1705 4428 454 3961 836 3766 4110 2474 1562 3879 1836 705 2922 3298 4912 2516 4230 1893 1681 2465 4125 274 552 2559 204 3921 1147 2282 3478 1830 1527 237 2790 2248 368 4553 4654 4282 4251 1414 3486 2792 2837 3453 4171 1472 2051 63 3229 4958 4698 4629 2211 4189 4300 3138 2944 1533 4820 2173 2846 3460 303 2040 3755 1110 3208 211 3159 3059 1614 2413 226 4994 1186 908 1563 4385 1975 1256 3541 2549 2641 581 4693 4352 189 3367 2779 4546 1345 3105 4533 3484 45 644 3569 2389 4127 4217 3046 3680 3274 3583 2365 2600 2165 496 3202 1407 2712 1522 1718 4971 2195 2287 4608 3434 1710 1889 4714 1971 1254 710 4826 3388 4436 1099 3787 1693 4769 318 1794 2595 4371 1991 405 3537 1483 582 4311 641 4914 2030 2882 4680 2079 1534 536 4506 2213 1139 4118 3860 3699 1463 315 1740 2929 3738 4835 1681 731 3925 1047 1130 1119 2116 1863 447 437 3971 4283 2602 2176 637 2682 58 1679 278 378 2838 2618 4872
559 3920 3257 774 1428 82 4852 3764 4728 76 315 3317 32 208 210 1422 4435 2163 4074 2332 3352 2141 2340 1871 391 235 1711 2180 2915 947 4907 15 660 4930 2375 4125 742 1582 4397 3577 1760 443 1351 3461 4185 2563 3476 2538 549 2143 1924 1425 4863 1626 2737 1082 2559 1810 574 4718 4900 2328 2562 1111 236 227 1296 1788 3989 2256 1390 2021 1762 4899 3438 3071 3268 2813 4966 994 923 4851 664 1632 215 2690 3140 4916 404 1027 4085 1506 4316 576 3882 2336 1461 3521 1619 4912 592 2214 2226 4128 1388 2789 2776 4745 2770 3447 4647 2724 1640 2172 4558 441 2675 2353 4653 463 3156 3225 769 2187 4429 1118 876 3978 4091 1679 3907 1088 4035 4990 4171 1189 973 1571 3947 751 3928 4976 618 3557 691 2300 1694 4887 4500 2594 1456 64 1457 4007 1538 1211 1413 2251 4764 3284 57 3937 2402 3162 1653 4332 4283 1067 3571 1292 165 4264 4099 4618 104 1674 4322 2831 100 3525 4823 1558 1645 738 3198 4826 1395 4948 3907 2428 4527 3509 4201 2991 2279 298 778 2822 347 3129
1540 3714 1017 443 2786 2168 934 2912 1928 3515 4775 3407 3774 69 4754 333 3696 27 3427 611 1213 3278 1498 4836 1967 3089 3151 2784 795 2385 4022 944 4891 3797 4753 274 1582 4938 4602 4713 2543 4534 1327 1434 4490 2873 952 129 3100 2886 2008 3115 1880 1386 1919 2389 2517 89 1225 3860 1758 393 753 4723 3790 1745 3135 3169 4919 421 4401 795 3687 2122 4623 2755 2388 1724 3059 2255 4407 4292 4229 2711 1437 1009 1800 441 1357 3455 181 1024 955 2042 1220 2252 967 4303 23 494 990 2683 1919 1825 3180 4696 3835 3471 2299 3097 490 2281 928 2284 4046 3318 1449 3839 1026 3637 4069 3959 1196 2847 3288 3034 1661 4679 1634 76 460 653 3742 4530 2856 1790 4124 2266 4856 4156 1081 1028 2521 3166 4263 390 3270 2150 1985 4024 457 2424 1973 1337 2562 1006 175 4095 4627 154 4029 1399 4029 4943 619 2673 4606 1865 3327 1532 452 587 2430 2060 1184 3398 2003 3035 4984 2214 4182 3366 2527 2215 549 3324 3874 359 2371 1196 962 3439 3331 788 414 1689 1490 4647 1365 435
2899 184 827 3804 4980 2591 3477 1836 292 4776 2097 1842 455 4769 4123 2425 771 4616 3277 3749 3736 1334 325 1078 2074 100 2654 1096 1529 2290 4704 2872 2653 2562 707 552 4397 4602 4133 4851 209 1835 1964 4873 749 1865 3280 4066 2834 3039 3819 2069 1624 3094 62 2596 1973 2293 3613 1888 3333 1879 903 881 2710 2486 4726 422 3417 4555 59 2749 3797 4435 2722 2014 3107 2542 1454 3107 3359 1796 2327 941 3717 2427 384 266 3174 2324 325 2014 801 3982 26 657 1175 4749 181 4521 67 4140 1516 2124 752 1249 593 4763 2729 3779 1567 2771 1685 3269 3853 4570 4638 4463 1906 3154 3925 455 4217 2432 2852 532 4767 592 4621 3616 2478 837 3963 2227 4873 3157 348 3481 2860 533 1727 1152 3118 4339 2286 3733 1471 1224 4817 2239 3806 3275 2685 4390 4952 4394 727 4372 951 49 1639 3810 228 1803 493 2397 3739 3374 1227 4326 4941 1072 2386 4930 4208 278 1249 1234 1031 3032 692 2343 2089 1660 3337 1664 2021 594 629 1447 1272 2619 1838 4016 855 1194 1595 1020 4508 1776
3077 1499 2832 4028 2445 4657 3395 2663 4887 699 1012 577 2727 222 984 4336 2940 3300 4703 3154 2197 2981 4079 2002 4753 2904 3484 684 1425 1181 380 4737 227 3775 1560 2559 3577 4713 4851 2065 774 4140 2329 867 424 2245 3269 119 2255 2072 4167 3765 2887 4697 808 4686 1209 1375 1612 1696 4482 4077 3144 3779 3948 2162 1791 1119 360 2786 2021 3532 296 400 4615 2620 3530 1553 4262 3863 1286 1710 1981 2919 560 286 4419 4220 804 1374 4542 1458 680 2185 3687 3512 1453 1395 1302 2672 2178 3180 1704 4273 3559 1282 1881 4298 475 79 1301 1862 1733 182 3931 4015 2988 4310 2691 2008 726 970 114 2260 759 4032 3559 3344 286 350 1696 3434 753 1971 1064 1066 369 46 1651 775 2720 4889 3072 1634 2711 4566 4267 2445 1671 411 2316 3285 1240 2924 565 4564 2496 2706 4470 3097 1484 311 4763 4866 2177 1785 1319 2680 2423 537 3389 1379 1397 3610 1496 4680 1151 3150 796 566 3615 307 1802 564 1881 3610 1486 2283 4093 2497 3489 3429 794 48 3769 1385 3345 3282 750 3375
