N: 200
M: 30
Symmetric: true
Triangle: false
8 198 4 167 191 44 163 84 80
8 145 99 96 118 124 178 119 67
5 48 130 162 140 188
5 134 142 126 3 114
7 40 61 55 117 86 17 63
5 133 93 90 184 111
9 33 43 197 148 186 65 36 20 150
5 15 132 71 35 200
3 192 160 115
8 97 173 26 5 179 47 144 166
3 139 128 125
7 121 10 29 50 42 74 146
12 18 92 172 176 170 83 73 112 52 62 38 182
8 102 91 22 171 64 143 1 185
10 153 157 152 187 122 32 123 106 101 12
6 88 16 19 76 41 103
8 30 23 154 39 28 81 110 159
5 127 131 49 21 27
8 85 66 120 104 156 135 199 13
8 57 54 189 37 14 78 113 183
5 141 138 177 158 56
4 89 181 34 196
6 108 129 149 87 68 137
6 45 7 2 69 51 193
5 58 147 194 105 60
8 190 109 136 77 72 70 180 53
9 116 195 59 155 100 46 31 95 175
4 164 168 6 82
8 165 79 151 107 75 98 9 174
7 169 11 161 25 8 94 24
4108 4382 4167 763 4344 2641 2856 2162 1784 2829 2953 2906 347 1040 2051 3764 2496 557 1103 2391 1509 3480 654 3966 3372 3957 2757 1665 83 1170 4283 3464 1003 3557 768 1985 4807 533 4309 1519 1188 3668 560 1707 1653 1314 301 750 41 2831 3229 4433 3492 859 3157 4794 1366 4552 1176 80 760 3377 733 4558 4441 4349 269 4390 768 4776 4052 2960 3502 1724 3817 2192 2529 2714 1576 4005 2612 531 33 2170 944 4521 2078 813 1922 4159 4922 144 4873 2434 3989 4042 4251 1450 3732 1583 1633 2757 4512 2611 2951 3326 4996 516 651 3167 3449 3559 4962 1729 4183 4177 3304 1404 1942 4719 848 2274 212 2812 1205 2594 4758 2521 2461 4772 3236 4183 2670 4425 794 2013 2014 932 2656 3193 420 1076 3952 3240 3166 1312 2337 3614 970 3639 775 1312 2515 594 453 4239 2559 1039 2400 724 1761 3650 1979 737 4682 4266 2317 1382 1250 3535 1428 3746 582 4736 1143 1275 1118 2032 919 567 4583 2788 3843 3659 4736 449 1848 903 2678 3800 3498 874 4244 3261 2774 65 493 3779 3260 883
4382 1744 879 4707 4836 159 2773 3532 625 2856 4881 1849 1994 1891 3797 2982 1406 1702 2045 806 2058 2713 3069 2577 1695 2290 1570 2210 1612 2631 3348 1482 113 2136 3621 2052 3987 2022 807 2459 58 1255 274 1719 3848 533 723 788 2005 2197 2323 4091 4297 3193 2965 4378 1486 2743 3502 836 3605 2264 352 619 1272 1769 1611 4282 1358 1486 1956 3382 3993 1001 4551 812 1020 211 2268 3444 3520 1198 1783 844 4063 425 4098 562 1673 20 2806 4218 395 1428 1262 518 844 3510 2383 4944 861 3978 3803 720 1203 4880 2567 1346 2201 3796 2528 2237 888 2110 1257 3249 79 37 2839 1676 1885 4238 2228 1489 1299 4160 3072 3334 960 1512 2012 3198 3263 2209 1825 1138 4135 1142 4037 3429 1914 55 1184 481 821 169 3124 2560 2241 3086 44 4755 3418 3925 2502 1122 1261 4538 2389 4401 4254 4676 2863 1451 4630 2024 881 4540 1343 4031 4289 3878 2528 2057 4689 4928 2245 1347 4560 13 3427 3439 4323 989 3637 4037 1745 4421 1974 2329 3946 1743 4398 1768 2710 4350 4377 2759 2401 3102
4167 879 4825 3922 1277 3876 1023 1572 4275 1575 788 881 105 2749 2560 10 4186 2260 669 4412 1888 581 576 4330 4008 2578 1647 3856 380 471 2019 4887 3795 4333 2400 2393 2244 1422 2163 4075 2307 2609 740 2456 895 3113 1106 3808 3857 721 4446 3864 2437 1287 688 1137 4194 2240 3839 3295 3170 3912 2184 650 751 4546 1109 4700 3103 2168 643 4653 2517 3645 358 314 2270 766 3452 1028 1115 814 4100 1663 3401 4052 223 3217 1813 3256 2190 3343 73 3269 46 2412 404 3842 1326 3621 656 4545 3692 4817 3515 1017 3903 2392 4904 705 1058 3042 54 2159 1777 1331 4010 2494 1008 4592 2075 3983 830 3165 1261 1474 4590 123 3616 2645 3200 1266 1763 3942 3830 1814 1628 2643 842 96 4372 4979 3871 3905 728 3076 2468 1009 2248 1630 32 2911 4720 4998 1007 1930 481 3869 3037 1957 3131 245 1312 837 1354 728 4342 4626 4602 1027 3542 3657 1929 2683 1387 2978 333 3851 3656 762 141 1362 2912 904 2687 2027 2070 377 502 686 1328 2257 1047 2432 4550 3091 3128 3140 4701 1245
763 4707 3922 1564 3835 4548 3378 1666 1662 97 1609 2468 4482 4917 3728 1768 4646 817 3228 3844 3057 171 4893 507 2249 1619 3922 1522 2781 3139 4715 347 3040 1448 16 2995 3759 3761 1898 4106 770 3597 2681 3691 4246 3243 2148 616 3210 4786 4216 3767 3581 2526 1609 3405 2332 841 172 817 3937 564 1594 4037 30 932 647 1719 1545 1700 909 1425 420 3658 2598 1529 2546 520 3277 4153 532 1530 330 3530 4199 355 2895 355 957 898 1952 2678 1294 1912 1391 1015 2173 3984 1194 1697 3745 3538 3166 2235 3309 296 1177 2984 966 515 833 2616 3859 2048 112 3639 34 2851 2786 358 1365 4465 2416 4597 1968 4779 632 3286 4585 4398 2047 3618 2415 3662 4955 1597 810 1445 386 3081 2046 927 1964 268 4317 4537 3579 3834 4069 3604 3442 1983 3915 3688 3676 3513 3852 4975 310 2530 469 2427 2752 1116 1788 2473 2029 4748 2849 2593 1679 1961 4655 4925 2782 998 2538 2658 127 1987 1115 3561 530 24 4767 879 1997 4865 3214 1828 4368 3858 343 2691 1874 4840 992 2023 1631 3176
4344 4836 1277 3835 932 1889 3418 4920 884 1147 4341 1990 4091 984 4019 2406 1057 1629 3169 4547 2013 4627 700 2661 4967 4715 2633 4061 4897 406 208 2897 1955 4340 1253 2180 605 891 4843 723 3814 1932 4713 4686 4027 1742 2668 1292 2798 2180 4258 2255 3811 2826 2835 2745 1629 4448 4291 3651 1165 4060 1749 4101 1453 1710 2971 1236 3384 4832 2447 1884 3924 3035 2515 4742 3817 1499 3696 2163 2336 2115 1132 2585 1033 41 341 392 4472 748 1471 3167 4093 3313 558 4392 3988 4771 235 2902 2147 1283 1518 376 3361 4234 3153 1557 3662 1133 2069 1704 1376 2204 3038 2165 427 3974 4136 2698 2596 1847 2847 1114 2224 1830 3283 1225 4925 1475 716 2518 4429 4341 1555 3219 3927 1403 4173 3839 1742 1115 4535 3847 2328 2411 4274 151 4009 196 1304 1846 548 273 4118 3249 1332 872 129 2528 110 2992 2032 4283 657 499 3624 4047 4505 2370 4669 4753 4869 2459 478 3190 2813 4622 2962 1521 1290 424 2851 694 370 3561 3015 4623 17 1016 1563 3989 4911 3740 3231 1331 2132 2545 4424 4707
2641 159 3876 4548 1889 602 3682 2860 762 4089 4371 4886 359 2254 2208 3114 4481 3414 1952 1537 4665 2496 2964 61 2300 2944 1411 3098 4121 58 4590 2323 1102 3837 3126 2602 406 4046 3981 4221 909 482 4192 1254 855 4932 2186 3274 1535 1014 2684 839 4797 4121 125 2849 4412 1356 1829 2505 2747 2671 1962 789 2682 2747 1078 806 4509 2011 331 4752 2610 365 75 1227 4100 3069 759 3580 3841 491 1728 1034 1938 1571 4024 2245 379 2128 3671 3717 3028 1824 2130 2406 3937 4901 2133 2684 1112 2688 3661 2696 1626 662 2845 1591 3597 2608 1677 1210 82 1532 2743 645 2991 1832 1421 1101 4676 460 4442 750 680 4468 1796 632 1458 4708 1231 956 2148 483 1430 4547 4785 3547 1237 4173 3805 3558 2312 3411 1567 498 2969 4950 1531 2954 11 2923 3471 3229 1908 3653 3616 2785 1951 2493 2679 1588 1532 4352 4569 346 1948 1136 3170 2539 4738 2075 4184 3423 2692 3487 1782 2693 2453 1652 4516 2072 4655 3826 2582 1827 585 4727 1983 1955 55 1075 1484 3259 4364 702 4597 4554 3138 319
2856 2773 1023 3378 3418 3682 1628 3345 2717 4960 4976 3516 4108 1469 3009 2858 3630 2150 4582 4859 208 3245 4825 3593 3329 4239 3046 3643 894 3841 4728 3767 3316 4188 556 1636 1539 2350 182 2064 1673 2091 151 712 3385 2049 1284 1920 4710 1477 2645 2785 215 4240 1334 3575 1403 3463 4761 2379 3348 645 1642 4625 1147 4498 3538 2482 3922 2550 1954 4587 1071 1236 1480 2065 3678 1082 3904 1761 1506 471 3696 963 3277 217 688 858 3460 2837 3632 4125 2689 501 2845 1698 3737 1909 89 1611 3820 3704 1026 3185 3953 840 4081 2169 1476 1849 4437 270 3461 2405 2444 2762 1547 735 1952 4962 3887 346 4071 2993 877 1114 4489 4773 3734 2261 576 4378 484 83 1655 59 2106 3182 1021 3819 2774 2564 4529 4317 4344 818 2213 1238 3791 3513 1056 2015 265 894 1663 3456 375 1813 3104 2775 1072 1668 1619 4500 3705 2780 3859 2194 147 3347 1723 4149 103 635 1727 4571 2923 1373 2215 3444 858 1450 3056 630 3129 1050 318 1686 4052 3791 2293 3607 4385 1911 4377 3358 2693 4223 1717 4292
2162 3532 1572 1666 4920 2860 3345 3162 1935 3673 3732 4820 2935 1715 1676 1731 1106 2808 4209 1407 4141 4431 1831 4370 3054 1965 3867 4809 2840 2539 4780 2730 2659 710 2384 1768 4903 418 2487 206 3172 2971 4203 4772 1496 526 2316 3356 3684 935 2984 3283 2911 342 1329 2734 2313 302 201 1202 4107 1242 3682 3080 3361 57 3908 157 1983 2541 4654 26 904 1534 2521 4361 3069 4547 92 4381 699 4423 2072 2607 4848 1528 1166 157 1826 2702 3754 2543 2982 2823 1288 66 3436 1981 325 841 1752 2383 315 2942 3610 2968 4662 1748 4761 2814 3498 2892 1309 1123 2652 260 1390 3966 1224 602 2144 691 4813 2427 1544 116 574 4841 525 1603 4330 2302 1978 2891 2675 2845 482 84 4126 1054 3946 3554 596 976 4038 794 1006 1033 1117 108 1684 499 4634 4880 3271 564 1866 501 2998 2003 2710 1000 546 4347 2202 747 2982 1663 3562 3708 1015 4503 1449 993 2015 1301 4026 4801 4095 1183 4166 4782 1584 1313 3462 3149 1841 2710 3938 3752 2665 3673 372 3712 251 81 1482 1152 2741 1310
1784 625 4275 1662 884 762 2717 1935 821 1038 2485 2081 3044 1481 2101 2919 4239 1482 412 1467 1989 1822 2099 3504 2552 2236 1150 2020 757 3806 262 2266 4765 1277 4217 4479 4699 1538 4059 2060 14 1374 3348 1835 3673 4097 4550 3077 1654 833 2399 2714 2270 3995 2102 715 2069 4245 1004 1543 2870 2839 4381 792 508 4582 2263 3703 714 1096 1812 1950 4541 1456 1245 1725 834 2895 4256 3831 4202 1189 312 688 2709 2216 3728 4676 2797 3595 818 311 1740 1403 2406 3139 1887 2860 841 4202 3717 234 2604 4197 4972 4057 4064 3234 2314 2082 3282 4944 3596 18 1826 3670 4376 3241 2620 4962 4501 2852 4631 4199 268 4118 1342 4820 4984 4170 3254 3751 1388 771 4620 1120 4844 255 3368 1740 2741 1628 4335 2416 3268 2120 2058 3106 806 3225 1793 319 4213 965 172 4762 2710 2690 976 555 1948 4534 448 4819 2071 2685 4924 4742 1536 2380 2917 2428 3518 4494 2412 3536 3907 1227 4626 3289 4061 639 4421 4033 3164 2581 4090 433 3679 1464 581 4051 4782 2762 3924 2235 2917 2541 482 4574
2829 2856 1575 97 1147 4089 4960 3673 1038 2509 4244 1454 1404 4120 2502 4934 2535 159 2670 1976 166 2857 2203 3101 1710 3626 3421 1156 3239 2193 3678 4655 3229 3531 17 2100 1848 1862 3193 4655 1039 3641 1886 3347 3951 415 1240 3529 2049 4652 1126 3664 3356 4904 4656 363 3837 1395 132 512 3868 1007 1690 1295 3294 734 871 4832 1490 4504 1478 800 4939 4177 401 4302 3946 744 4838 2345 4256 1607 3673 219 4426 409 3630 4857 4180 1308 1475 545 805 1144 1265 776 852 4023 3304 1998 3592 2345 2735 922 1779 2991 444 2437 794 3977 2052 1888 2640 4183 2835 4146 3065 1728 3520 539 4755 1973 772 416 710 861 3968 3289 4633 3578 3719 2243 4742 96 2732 640 247 4630 1209 4460 2660 4921 2576 3709 1805 4199 2258 2923 625 3747 4260 3341 4905 1136 2388 1442 4133 208 1340 1257 2497 2549 1679 2596 3208 1373 4927 4778 871 4336 1938 660 4560 3845 2711 4286 4513 2716 1195 4322 1654 1188 2257 3651 1012 4812 2500 4969 2853 3064 4599 2906 360 3497 2049 1720 1935 1707 762 844
2953 4881 788 1609 4341 4371 4976 3732 2485 4244 912 1376 4273 3802 4481 1101 3634 348 2480 4810 4790 48 1126 4856 2014 2009 912 3959 4461 782 4840 4673 671 2848 3126 4879 4741 1927 2535 1323 3778 1607 2044 1862 426 595 2576 4373 4708 229 1816 1550 2320 1045 2885 3284 3943 1918 2018 3491 3310 1088 3219 1454 415 4516 3692 3828 847 1760 2157 1926 4557 4900 1377 2732 507 411 2325 3929 2428 893 2264 192 4009 4772 1517 2671 1733 1692 1170 291 4758 3290 4456 3169 4943 2912 3700 3197 156 3408 463 3074 3946 2289 2983 4437 2253 3286 3960 849 2267 4510 1336 376 3775 1101 1651 3894 4918 3336 3110 4997 3130 588 2553 735 1239 1638 2994 461 2604 4750 1727 1576 1468 1753 1951 464 4836 1533 466 4005 1342 4031 4535 2825 3929 4774 3762 1043 2775 4251 2202 748 788 892 1399 570 3180 3544 4738 4955 978 2475 2257 3328 1276 1867 2867 463 807 2810 1679 1179 2793 353 4662 2281 4361 4739 77 4929 1593 3194 236 889 1652 4347 3911 2963 2059 1238 3329 3917 1981 381 1914 3853
2906 1849 881 2468 1990 4886 3516 4820 2081 1454 1376 4649 637 3087 3656 2001 4440 2571 271 3492 2715 4330 3288 3227 113 4639 1797 4384 1041 1746 1791 324 1803 4351 3987 1357 2208 2912 1673 4098 3670 4326 1192 1001 4540 2393 774 3980 4962 912 2498 1095 862 4586 100 3768 3687 3659 150 3153 2217 2468 4065 2355 3146 2485 4217 3303 4429 3840 4677 1900 3630 1079 2173 2270 4456 979 827 2652 2909 2509 3085 2065 2323 2324 1767 625 396 3260 3865 1167 3605 4948 1978 4996 1414 825 605 4775 1764 2385 2724 3326 53 2742 4830 2656 1844 4343 3913 527 4924 3785 786 2060 803 1409 1546 1833 1918 1459 1958 1763 3400 2459 2689 2589 3133 1914 1043 4560 3249 3095 2118 4471 154 298 3913 4438 1495 4240 891 3861 1079 2970 3393 1100 4772 3278 4548 2185 2822 4946 198 3647 1154 2932 1542 3560 1412 4864 1585 4957 1520 4146 2141 3306 4539 2167 1951 516 146 2821 1296 3215 2569 898 3773 4048 4315 2705 3954 1240 2706 1160 3688 4524 2542 3813 2512 4957 126 1250 1121 2908 4423 4089 3682 584
347 1994 105 4482 4091 359 4108 2935 3044 1404 4273 637 3943 1993 46 3667 773 2335 3753 839 999 2542 4159 3213 1220 2950 2944 3136 154 2513 570 588 665 3047 4835 2834 1784 2224 2517 2290 2895 367 3759 139 1217 3650 209 1037 1103 1106 2803 4734 608 4593 388 2544 4125 1319 1630 2715 4321 684 4393 1205 4362 3758 3556 3276 2375 4044 4875 477 956 1096 3528 3346 2126 1440 2686 439 3803 3077 19 1963 1364 1789 951 3044 4271 2476 3030 1156 3090 2684 1025 4358 2510 2378 3950 1363 2236 3819 4314 3641 835 4368 4845 2542 15 2400 2777 854 2102 2089 4878 711 2265 2930 1548 2723 668 2534 2140 193 2704 4473 4507 4371 3051 4188 277 1307 3991 980 3741 4742 694 4539 3316 2851 4923 2514 3163 2038 3386 2373 2175 4521 3854 2930 2402 4121 399 4094 2165 4089 4552 289 2274 4414 4070 471 1576 3549 2259 320 3104 4671 3826 2494 370 1816 1845 2844 610 2147 3589 4149 2992 2341 1096 3603 4989 2586 3274 3456 1762 4630 1303 1201 1012 968 2376 3507 4171 3056 2028 3197 1319 4132
1040 1891 2749 4917 984 2254 1469 1715 1481 4120 3802 3087 1993 2486 4939 1681 3003 1524 2682 4640 1659 2561 4177 4771 2357 306 3589 2563 2199 3935 670 428 1925 2630 1086 955 2707 1603 710 141 2704 373 1370 3345 4320 654 3209 3883 1088 176 1346 3321 3663 1237 3216 3884 326 265 2829 4553 1621 2241 3982 158 3081 2764 4906 4711 4203 1005 3538 3214 1798 4254 602 4478 4122 2013 2788 2094 589 2436 158 3880 4473 732 2044 134 2653 4355 1366 4126 1789 3407 249 902 1131 1330 2832 1474 1262 4984 4931 1135 602 2261 2963 618 2320 4159 3857 473 836 653 2968 2426 1700 4522 3971 3996 3039 1089 1181 1272 2094 2031 827 315 1951 3639 1345 925 589 4976 4327 884 409 2372 4339 2573 3870 1786 986 576 4352 2933 1936 4655 220 4871 4479 3853 2612 4040 2400 1357 2494 256 1070 2852 3003 114 1218 4408 4735 2395 3480 4380 2340 2551 1530 45 3162 686 1934 3478 3141 2459 3741 1896 2177 2622 4686 588 283 1627 4533 4055 313 3278 1201 1084 1234 1552 3553 2389 4403 471 1357 3617
2051 3797 2560 3728 4019 2208 3009 1676 2101 2502 4481 3656 46 4939 2126 4231 4734 2277 3117 4691 1514 2040 2958 767 2146 87 2155 2442 515 3671 388 3109 3681 4314 2689 4837 3395 4727 3435 826 1949 1332 2032 383 1966 2124 1837 4514 828 2013 736 773 4529 2324 4587 3982 2947 2983 4989 3388 1365 4988 831 2709 658 78 3254 3965 4442 4261 3976 1928 1357 3324 3858 3084 1572 4754 297 4611 298 2773 3911 4051 749 3153 3338 85 3832 2347 2249 2728 3758 881 1223 1266 697 2104 972 4194 2241 658 3502 2516 3590 4168 189 2913 2264 447 38 2451 3032 3378 1490 407 1801 82 4765 1444 63 4504 1993 2606 4226 4306 3515 996 1728 1694 1020 4619 3229 2227 2935 491 4361 4014 325 3806 4791 670 3455 2030 3251 1038 1961 3427 234 3718 3894 4387 4071 4796 1682 657 37 975 2757 1433 4971 4076 3311 693 4280 4694 3087 495 76 1514 2277 4489 3076 4056 4253 1231 2259 2592 1882 2270 568 2196 4331 849 3523 1418 1705 4023 2005 504 1320 2743 3811 4753 3959 3386 3124 3550 4719 3607
3764 2982 10 1768 2406 3114 2858 1731 2919 4934 1101 2001 3667 1681 4231 29 2678 137 4005 1059 2055 2310 665 2726 3667 3525 2472 161 4852 2450 2592 3057 2256 2515 1009 4839 2566 281 3953 2753 694 2343 1879 1081 2756 615 1909 2310 361 3756 2841 3215 1868 4743 3639 3672 3049 1030 2939 272 757 4109 3256 1324 2708 3008 3176 2469 3494 4678 3716 2402 1502 995 313 2236 2085 3224 4864 1237 3289 676 4428 125 4049 3245 1676 192 806 896 4701 4212 3781 1592 4794 1911 1548 122 2127 3010 1918 2382 2871 590 4765 4859 3954 4754 2832 1377 3675 700 234 602 3627 591 91 229 105 951 3324 1010 3998 4848 3950 4655 3956 2865 2732 4178 3586 4059 1780 4154 4122 2972 1547 3325 707 2556 61 591 1869 3869 3945 4519 3905 515 3602 2664 3966 4497 1121 2549 4339 4761 4334 2130 3158 3866 2974 2809 1143 3284 4455 4637 952 3571 4802 4964 1197 4063 1611 3814 3857 3589 2418 1615 1127 4665 489 2541 4922 3903 1253 2204 3021 3693 1518 4431 4607 3275 417 2484 3817 1144 2139 2837 3261 441
2496 1406 4186 4646 1057 4481 3630 1106 4239 2535 3634 4440 773 3003 4734 2678 36 177 4286 537 3884 2655 2325 117 2014 144 2742 2233 4656 3258 4021 527 718 1799 2806 2614 873 1653 4097 1998 1264 2680 2928 2618 1263 1298 4119 3383 4572 477 3653 3216 3676 3848 3601 4697 1361 4358 3222 3000 2581 4401 1198 3323 1786 4160 4473 1996 3860 3977 1614 3775 3809 4350 1006 4324 4894 662 1055 1055 4999 3028 3353 704 543 3176 165 95 3374 4897 1005 2700 979 4421 3451 808 1545 1369 866 3131 1312 4032 3692 4684 4980 4418 2747 4325 3421 4088 4463 2215 4345 4958 4905 3802 3673 655 4506 152 2763 144 3255 4778 1740 822 471 1223 3335 416 487 1058 3423 4485 1728 4792 2909 3155 2222 917 3937 1069 843 4609 2878 990 459 3388 1135 2208 3962 3256 2040 2840 824 2918 4581 1588 1605 311 4527 656 4347 4993 52 48 1174 192 1983 4969 124 4610 3695 2881 4718 3887 3109 4687 894 4341 2975 2069 4114 2616 1193 3861 1212 4159 4993 3708 4411 2449 1030 1180 2299 341 1550 1553 4386 4156
557 1702 2260 817 1629 3414 2150 2808 1482 159 348 2571 2335 1524 2277 137 177 1579 3027 1710 4934 4096 1550 3956 705 3763 1503 3391 3379 3638 3510 3644 4639 3988 1314 2497 1944 4718 765 665 3443 1371 1486 4307 4554 4286 4449 218 2425 2807 519 3121 1008 3329 4136 4383 432 1249 3009 4812 976 362 821 2567 4275 1629 2693 1326 3692 2885 3039 1711 3519 1715 4935 2554 2439 3524 4994 267 2239 4851 454 3696 1712 3670 4340 3768 2049 1829 1831 2146 3912 178 4223 3151 4526 936 2188 375 4835 4120 1983 4280 4308 3468 4254 3037 4626 146 4354 1631 121 2900 2202 2438 3705 2370 3900 132 2795 3843 2349 4774 2828 1540 4609 2427 1628 905 3303 2604 3408 183 471 1050 1129 4086 4738 4804 694 1639 2430 4350 3260 1341 1013 1868 1442 4563 2084 716 1168 48 3288 3515 1329 2632 4093 2784 4493 4744 4512 4811 4651 3156 2794 2101 3797 328 2164 258 3766 2045 3378 4603 3957 442 2342 359 3800 874 4159 4500 4481 1590 10 1939 812 1687 192 2433 3126 2623 2898 657 3936 4747 2201 950
1103 2045 669 3228 3169 1952 4582 4209 412 2670 2480 271 3753 2682 3117 4005 4286 3027 1505 3480 3064 434 2229 2936 10 3622 3290 2736 2244 2517 1462 118 1636 3698 2011 4325 4777 632 4062 3620 3983 1589 2683 2031 2904 4213 2421 3041 3444 2209 1964 2996 3042 2527 1375 3139 3398 4000 2662 391 524 1754 3878 948 1715 302 1813 223 1680 4389 1125 2857 4502 2842 936 601 2369 1088 2091 1628 1266 909 4870 2186 410 1159 2427 595 4029 3068 3561 3637 696 1485 2742 1601 4391 4055 2283 2585 3068 3009 3795 3094 2848 4611 1700 1474 1636 3135 1379 4397 425 3735 697 3515 1551 2086 4801 250 1383 3927 350 4741 4742 2133 798 1940 2572 4537 1606 1082 3521 2831 1390 2368 79 1512 1916 641 1879 4736 3116 1518 791 1773 4613 4309 1124 2971 60 1410 1692 1438 4717 3381 4106 295 2704 507 651 4676 3069 505 4222 142 4694 42 1346 924 3400 1488 1771 2003 4595 2184 4976 1938 4994 3999 4146 2376 572 4367 4577 4630 4257 1225 3439 3630 3892 4298 288 1465 2983 4184 4231 164 2539 4415
2391 806 4412 3844 4547 1537 4859 1407 1467 1976 4810 3492 839 4640 4691 1059 537 1710 3480 3449 4102 4549 3624 3230 633 2091 883 3720 3385 3619 3105 1879 3899 2810 3294 2809 1877 2885 986 1142 3233 3924 4664 1416 795 934 4012 4386 3016 322 2341 1378 3982 4237 4963 3269 1266 39 2198 1551 1602 1366 658 4815 1844 1409 4952 2937 1934 2564 4791 2518 109 3117 588 3284 4624 2400 833 3881 2651 3851 2522 661 4837 4505 1913 3133 4162 186 2449 4184 4894 693 436 2900 4183 775 4161 4966 3538 3835 2641 646 4330 2326 2188 4177 650 608 939 561 4492 3132 1158 4393 4509 2940 335 2269 3366 520 3678 630 1008 2455 3246 1392 1240 537 3263 621 2757 458 923 3369 1415 2695 603 1101 4027 1347 2894 1114 690 1858 1286 972 3701 4337 194 3245 2175 1776 1943 2436 4896 2748 4463 40 2353 4114 208 4736 3787 2547 932 2534 2472 1139 1070 2182 2680 3713 1996 4411 140 1825 224 4801 1004 4847 2927 1545 477 4759 4954 2292 1942 338 1432 3936 1982 2320 2714 4834 2305 4028 1644 555
1509 2058 1888 3057 2013 4665 208 4141 1989 166 4790 2715 999 1659 1514 2055 3884 4934 3064 4102 4192 2244 1329 2936 2787 4137 3131 453 3420 968 887 3935 1933 3115 71 2308 1894 833 1972 4759 2378 1182 3932 1877 1778 4461 4473 2597 4726 3511 3626 1976 4301 1807 2209 2456 941 1602 2620 1947 3522 4295 1952 4643 2732 1939 2588 2185 2305 262 755 4444 3458 73 1361 2594 1889 1509 195 407 392 113 571 3339 2222 4632 2571 1433 1447 353 2523 2885 2667 2533 2092 841 2116 3945 4869 1456 1477 1103 4735 4025 2305 2088 957 3664 4979 1181 2777 2288 4430 314 4865 181 4068 3235 2650 542 2688 2814 2566 978 3254 3557 2482 2903 2336 1203 1331 741 1946 52 1459 2453 876 1200 3686 1503 1601 2691 2268 518 2381 1799 840 2189 2823 1898 4308 1859 3187 4935 2156 3894 3913 2285 2045 1583 1239 1999 4405 4180 2436 536 3813 4902 4962 1279 3693 4306 1455 502 3138 4190 776 243 4095 2133 771 3937 3651 3154 3858 918 1683 4170 1420 3896 4166 4645 3872 4005 1679 502 696 3218 4712 2361
3480 2713 581 171 4627 2496 3245 4431 1822 2857 48 4330 2542 2561 2040 2310 2655 4096 434 4549 2244 4670 410 3936 4094 3017 1089 2950 674 4799 2627 1140 3465 19 1063 797 2352 4180 1346 2304 509 3908 4195 4547 3526 173 1163 4474 2553 4813 4884 2430 3607 4247 294 1992 81 2723 916 1732 649 3228 4152 397 461 4284 2506 4854 2101 4873 683 58 1333 2926 2354 4609 811 4307 270 3985 4322 4376 519 2172 2583 484 3892 1480 4989 67 1931 3356 449 1171 4352 473 858 797 4087 1392 1143 3027 3750 3203 4831 4477 56 1815 556 954 4601 2003 825 2953 4713 2045 2219 2102 4307 958 2729 2588 4250 1752 572 3918 4223 1139 1146 2997 3088 2601 1084 3426 956 599 1987 4723 1451 1106 3951 2024 3873 374 2260 2183 2045 2873 3873 1269 4764 95 3442 498 4681 3807 4890 4171 1044 2081 1943 2279 2156 4865 1423 2885 3181 4876 1870 1993 440 1574 3466 4143 4254 259 4727 2784 2271 3832 1260 1586 4444 212 1464 3102 1902 2358 3577 1880 3273 1746 49 344 4670 4663 4183 887 2883 1911
654 3069 576 4893 700 2964 4825 1831 2099 2203 1126 3288 4159 4177 2958 665 2325 1550 2229 3624 1329 410 1221 2397 4381 1497 1238 694 2234 4357 2874 2219 3483 2902 3024 584 2839 3932 3663 1961 4796 4675 4905 2172 4203 1939 3627 3514 4698 1796 2147 4992 651 1327 1208 2779 1513 3381 2137 1957 3401 1949 1783 395 2830 4961 2554 1416 3243 2883 1389 2973 3060 1367 2645 73 4281 2842 4829 2334 1980 4261 4782 2290 400 3981 3294 1003 849 4858 4551 3106 2333 3087 3756 1164 3746 2226 3242 41 4415 3441 2908 1935 169 3281 4349 1251 542 707 2256 4504 2095 1108 214 4141 3761 621 2236 2720 2588 147 2915 2886 3701 3664 2375 2938 2596 3482 36 352 4489 3038 316 255 67 338 1834 4809 47 1742 4348 3428 3805 2902 4705 2854 395 3535 2326 90 3123 4508 4130 3501 3477 3901 1393 2596 226 133 1216 60 339 2358 3513 2227 4150 4927 4110 4739 2971 3257 2189 2682 2286 1332 1911 2263 2552 328 3529 30 3486 2575 2689 4566 2224 2254 136 4420 2908 4700 718 584 2504 991 1662 3316
3966 2577 4330 507 2661 61 3593 4370 3504 3101 4856 3227 3213 4771 767 2726 117 3956 2936 3230 2936 3936 2397 3963 4916 4935 825 4582 4926 4108 1315 4992 56 285 3382 4305 4185 690 2883 397 2591 1245 747 3644 2764 709 3856 2606 2969 3775 814 2491 3572 3289 4825 1434 2345 2068 4251 1311 3101 2277 3483 2145 1946 946 4719 4134 2478 4203 4730 4479 875 3094 3969 712 1264 2011 3375 3793 3821 4993 4875 3858 3631 2642 2173 4307 3657 3572 4536 2235 4999 4088 4119 3908 774 3601 3957 2961 1504 871 3066 1783 1281 3157 1756 4231 649 4696 869 979 2347 1296 2735 2025 1150 2384 4804 558 4096 4201 352 3628 1726 2334 1676 3603 3045 2853 2507 4839 2340 2212 1859 4701 927 1109 1431 4838 3990 617 3434 826 708 3521 695 1282 3690 1886 4525 3697 990 4856 4769 3786 2722 4470 3357 3074 2487 2720 306 2673 323 3999 2973 1412 3396 4601 197 1897 2246 3701 2842 2789 455 1688 980 3394 1868 2439 2764 3742 647 2089 1087 4265 4849 1125 4275 4037 1390 456 3022 4709 2508 661 1302 4929
3372 1695 4008 2249 4967 2300 3329 3054 2552 1710 2014 113 1220 2357 2146 3667 2014 705 10 633 2787 4094 4381 4916 3855 778 4649 3946 1525 4899 1337 4472 3763 3223 1217 203 1843 18 3211 989 1514 3695 1679 2076 2068 3407 129 3646 1840 2378 1791 3241 578 4971 2928 3379 3347 1991 1129 2919 2840 1747 3302 2313 1605 1114 2105 4040 2655 4689 2771 3037 227 1831 1639 993 1596 2755 1703 1368 4867 1104 3320 2351 1111 2508 4085 1027 942 1036 2677 3241 379 761 120 2843 2607 2367 3352 870 2048 1563 4661 1697 1474 4267 2351 1890 2408 1652 2711 1073 1894 937 1937 4351 1792 2001 197 3312 1320 4120 927 4123 838 2900 2759 2114 3473 788 4908 1463 4368 4875 3668 4507 644 2484 4127 870 3360 257 293 1117 4315 4075 3635 2633 1453 2680 4824 917 3333 301 2975 3184 1550 2386 1673 4046 1363 284 4101 1308 339 3450 3331 745 3360 3592 3796 511 3696 3230 4823 726 2223 1837 1425 4641 4811 3665 4978 3102 1993 1309 948 3247 1213 2472 2637 3500 3481 2862 1987 4066 4466 3426 3059 755
3957 2290 2578 1619 4715 2944 4239 1965 2236 3626 2009 4639 2950 306 87 3525 144 3763 3622 2091 4137 3017 1497 4935 778 1800 4969 532 4338 3355 4045 241 355 4528 2464 1217 4370 4075 1181 4361 3299 3543 1171 1232 3752 2947 2101 47 4279 2330 3113 4956 4771 2483 2634 2401 1117 360 1052 2363 3898 2467 4659 1037 4402 25 4355 3265 3734 1458 4453 3890 1991 4947 1056 3470 3063 3528 2059 997 2684 3091 1384 4120 1742 4416 1433 3617 4073 2513 4295 4106 281 3171 2629 651 234 2380 1390 722 1149 1560 2977 966 3798 3017 1404 1980 1417 1623 894 3945 1709 249 2336 451 263 3665 3445 824 332 1794 4016 3060 214 2115 873 1386 4914 1462 2565 2492 930 3267 2955 1088 2642 347 801 558 2954 1559 2779 2377 2131 393 4913 2910 1333 3470 4826 909 982 20 3683 263 4685 966 4357 1729 4430 1730 4519 3657 4051 2848 3789 3861 4651 3265 341 1488 735 4348 2248 4416 664 842 1253 4605 2284 2164 1448 3587 3632 481 2680 2285 2387 3453 114 3828 4532 2174 2699 1672 3157 4259 3166 3432
2757 1570 1647 3922 2633 1411 3046 3867 1150 3421 912 1797 2944 3589 2155 2472 2742 1503 3290 883 3131 1089 1238 825 4649 4969 1587 329 2206 3036 2917 1966 3860 2833 4695 3727 1031 4666 2967 4546 1215 4713 850 1678 3951 4706 911 1075 4094 1342 1581 2975 3624 2364 972 4015 4615 4838 4992 234 4299 1389 1782 884 2915 2874 4344 488 462 1351 2015 2370 1846 2305 4825 2312 4585 110 1294 3416 1951 1613 4488 249 4163 4274 2189 2615 3989 1221 4429 2915 3428 1615 1837 2914 2784 2079 895 2855 60 779 4876 1571 1972 4727 2033 1489 3614 910 432 2489 4096 713 720 812 4269 4282 757 2489 2225 716 2996 4185 4242 2446 628 1821 2935 4041 1016 723 2379 4186 3250 1571 1004 274 3447 1233 1867 94 3814 3290 2241 2094 1137 4415 598 4731 1740 3945 1799 1902 4063 664 1414 706 2174 3012 1335 941 3626 2101 2720 3243 2879 391 3541 1413 1028 2706 928 1344 4469 4513 4608 4257 2183 133 2581 4128 2223 2552 2679 2884 990 967 4821 4636 4041 226 1025 1067 1950 4352 2299 2062 4139 4726
1665 2210 3856 1522 4061 3098 3643 4809 2020 1156 3959 4384 3136 2563 2442 161 2233 3391 2736 3720 453 2950 694 4582 3946 532 329 2960 1489 4221 3844 88 158 2856 2735 193 1884 2983 4162 2860 1074 2654 3387 981 4700 3065 4644 2073 4894 789 4950 3915 3823 869 2100 2264 867 1738 3565 4613 2948 649 2993 472 4740 4646 2598 3816 4007 4591 4570 3724 2519 495 3998 4655 2492 2367 4389 744 2769 666 1304 4837 2053 2324 3789 1482 49 1658 1439 1032 2581 1928 4164 778 4791 3164 1569 2262 100 1763 1685 2006 2407 1789 4971 1887 270 2444 597 4035 2059 727 4626 2684 4540 4443 2446 4200 175 825 3486 1693 2149 70 4630 1775 111 1346 4203 2481 4192 643 4740 209 470 2416 362 885 3426 3593 1314 1480 2479 965 4567 4684 554 4777 1658 677 2526 549 2651 2796 790 4310 3911 3416 1432 2613 129 3030 3780 3177 3690 424 1301 1906 3835 2254 3274 3776 696 4045 3913 371 1870 67 1079 4394 3691 1981 2255 3505 2920 2511 4830 893 412 1605 4824 4755 3923 3783 611 3612 2695 1280
83 1612 380 2781 4897 4121 894 2840 757 3239 4461 1041 154 2199 515 4852 4656 3379 2244 3385 3420 674 2234 4926 1525 4338 2206 1489 3888 3259 4765 339 2362 3453 1685 774 1152 923 2737 281 2516 1795 3310 4219 1387 362 624 4449 1569 2434 4290 1253 1909 2781 4153 3485 2933 4433 4384 1523 3601 4897 1162 1530 2948 4323 4532 2338 4324 110 3812 3244 3257 1630 655 245 43 248 4105 4700 3605 3164 1184 2311 318 3918 3322 2676 1272 3875 2446 3468 1399 2657 4418 4802 1830 3794 2830 2760 1921 491 3158 3347 4936 557 3024 234 2747 2543 34 4816 234 4313 417 72 95 4871 3551 4140 1755 1006 2128 483 173 1715 2200 2658 314 1124 2299 670 604 185 2645 3291 3890 4732 2093 259 2992 3495 4438 3272 869 1053 2691 2876 2487 1002 3293 2456 3405 413 4557 3993 3653 1014 1516 3324 3213 3457 3477 4669 1561 142 3190 3604 1365 895 2233 1313 4409 4681 3547 1258 4654 3630 1224 4956 3981 1736 3168 3607 795 4071 4134 608 1843 3292 533 511 4579 3916 2600 4417 4102 3231 4704 115
1170 2631 471 3139 406 58 3841 2539 3806 2193 782 1746 2513 3935 3671 2450 3258 3638 2517 3619 968 4799 4357 4108 4899 3355 3036 4221 3259 3238 2338 4232 2257 1119 161 4965 3485 1594 2185 2777 4141 4671 3888 2300 4506 4404 3172 4800 241 446 991 3343 4721 2123 4247 4795 1857 2695 3257 2612 164 3565 2210 1793 1018 503 2945 3257 4975 4070 4486 1327 1529 317 2822 595 1914 2993 3743 4392 2405 726 900 3631 4177 1728 68 4877 1239 4776 865 2724 1798 2454 4432 3961 1460 2601 3111 3777 1577 180 855 1277 1774 1196 73 4763 1422 3961 1911 237 20 2921 2737 3133 3274 3214 1803 4619 1790 4294 2925 1878 4901 850 1222 2732 2697 1593 2846 2440 4388 4832 3837 885 2752 1969 3562 3804 740 4163 2281 3492 2691 1250 3071 175 4184 1756 2008 2568 4083 1357 4352 4918 3511 1320 2180 3604 2776 2458 3327 491 4036 4535 4612 4206 1276 4539 2745 4763 3551 3146 3039 3966 540 4158 3616 4351 4216 292 88 3530 4644 1652 1040 2392 1348 256 4231 3595 1472 4946 2623 4396 3658 1147 4195 917
4283 3348 2019 4715 208 4590 4728 4780 262 3678 4840 1791 570 670 388 2592 4021 3510 1462 3105 887 2627 2874 1315 1337 4045 2917 3844 4765 2338 838 4115 1624 4557 671 1810 2181 4621 4452 3234 1079 1345 2017 2243 4141 930 3893 3885 3786 2779 2402 1899 3165 4983 2741 1902 1445 3263 780 384 1740 1876 876 715 4272 2278 462 3997 3256 3517 3493 765 2609 1834 3905 330 3457 774 1741 1557 3779 452 1228 4652 2053 4728 2932 3856 4485 3314 3519 3662 2305 1397 1250 3634 1314 3845 2814 3158 1971 1046 4805 2956 129 3543 402 4211 3981 2240 4591 3073 3286 2116 918 991 4337 1698 4281 2196 2155 1018 1200 3294 4648 3478 4309 708 3195 2269 2463 3978 2294 2598 4185 4361 4091 1486 3413 1694 749 3762 2367 3715 1144 2847 2521 3733 1378 4747 197 995 3621 263 1392 2849 3402 658 394 2367 3760 381 950 4197 4002 4806 2716 4910 4392 173 1906 2088 2832 4629 2817 4492 4040 88 84 4799 4801 3025 2989 4800 4618 1225 2557 3267 769 1048 3725 2007 422 2706 3001 969 1075 1606 217 4685
3464 1482 4887 347 2897 2323 3767 2730 2266 4655 4673 324 588 428 3109 3057 527 3644 118 1879 3935 1140 2219 4992 4472 241 1966 88 339 4232 4115 137 3315 2573 2219 3689 47 4451 1489 1902 4462 999 4348 2564 4056 421 4317 1830 4830 114 3367 3595 1528 509 3115 2268 531 3968 3087 1997 2110 1167 3676 3700 1245 4479 2923 487 1693 160 1230 1449 2682 3312 424 1381 448 3965 482 3628 3604 572 1805 2917 2231 1707 3939 3499 4400 926 2656 4671 375 361 2897 3373 2112 4090 729 4867 1220 3438 1505 3616 1788 1680 94 826 1722 4941 2990 4707 294 1707 2208 2768 4910 4255 2547 4965 2837 1519 390 2938 3869 4419 1724 291 3235 3417 3820 4141 1897 3217 1814 2421 3594 1736 1807 3474 54 3598 4947 2933 1992 2192 1000 2045 242 3078 1202 911 727 3293 4987 2835 3091 2697 194 2696 701 3548 1879 4786 2465 1778 3633 4667 1514 2462 4659 4321 527 4995 2557 4160 2788 875 957 1979 4444 2430 4202 1801 3752 1435 1349 2754 4930 1177 4306 2972 3935 3182 4877 1605 4308 1081 2430 1500
1003 113 3795 3040 1955 1102 3316 2659 4765 3229 671 1803 665 1925 3681 2256 718 4639 1636 3899 1933 3465 3483 56 3763 355 3860 158 2362 2257 1624 3315 4263 1389 2990 2421 1595 2087 3145 2819 4149 3291 3414 2663 3234 536 947 167 3635 1533 3217 1116 199 1690 568 2636 2761 2140 3530 1255 4655 4790 2818 3740 1065 1088 4132 2972 2484 3873 3906 1696 4696 4253 4609 3042 229 1706 381 2893 1593 3942 2595 452 4992 1135 41 618 409 2832 2724 2611 3284 3945 2189 3211 213 3086 3794 1343 1245 2404 1944 3508 3182 2032 441 1511 331 4247 312 581 4723 4551 345 2295 2690 1051 1011 3605 4322 503 3567 1800 1579 815 4038 1566 1582 3070 3089 1291 4301 3540 4616 4862 3711 4428 2653 1382 4571 885 1304 3584 1981 2735 1046 4756 3535 2190 1261 2479 3128 4275 3196 4823 3334 3275 3601 2316 2066 4842 4825 2640 1840 4933 3451 117 900 4415 2201 2412 3263 2667 1642 1487 3385 3661 2742 1537 1324 3183 3085 1818 2476 4648 4218 2455 252 790 2430 2179 812 3792 2898 4370 1828 4444 4386 3215
3557 2136 4333 1448 4340 3837 4188 710 1277 3531 2848 4351 3047 2630 4314 2515 1799 3988 3698 2810 3115 19 2902 285 3223 4528 2833 2856 3453 1119 4557 2573 1389 372 128 957 4138 1318 317 2602 776 3767 1571 2668 783 4954 4983 1602 4891 3001 1020 2986 3395 2741 770 3254 4150 3776 377 1904 472 3179 2165 4800 2525 4521 3867 4093 4209 4181 532 4022 1560 1807 2860 535 3820 3646 3265 2327 1297 2179 2353 2868 1970 134 2308 4293 4794 2714 3068 299 2128 4990 978 4966 4886 1755 4789 2517 1036 356 2884 4085 3314 2929 3929 2940 1757 1448 326 1216 2732 3526 4185 1434 2408 4465 2379 4420 1101 279 1209 4534 353 3216 541 297 1681 381 4446 2012 1541 465 657 2303 2245 4698 4238 3425 840 3536 4084 2709 2467 3530 3246 378 2010 4777 2407 2523 3959 4024 535 719 1341 1479 1249 4923 4959 4396 4157 1433 234 1923 4639 1470 4508 825 2823 1291 325 2003 3527 2946 2506 3740 4753 1991 3793 297 826 2699 3746 4500 1446 1054 4907 4402 1305 3463 2053 893 4898 627 635 2141 2133 4331
768 3621 2400 16 1253 3126 556 2384 4217 17 3126 3987 4835 1086 2689 1009 2806 1314 2011 3294 71 1063 3024 3382 1217 2464 4695 2735 1685 161 671 2219 2990 128 308 4797 2971 1648 2953 2757 4984 2686 1006 1415 1815 1032 376 4975 2378 2884 770 1197 1491 751 1590 4256 1235 4967 2847 1995 4123 1493 3940 2274 4171 3466 2574 841 957 1563 2940 2622 4303 4224 3593 4097 4647 2221 4579 2970 2672 3138 1544 3773 659 2892 2137 1338 2417 358 3335 2860 2842 2187 377 4427 641 494 3188 2933 26 2225 2485 2142 4048 137 3572 1212 4332 2474 2195 3325 756 485 1649 4854 2929 239 1506 4729 2885 4802 542 287 4423 2300 2625 4045 4414 157 4788 1213 246 1637 3131 2785 665 4107 2294 2583 3417 4952 3096 4215 4319 4474 2803 1406 2959 1597 4609 3813 125 1980 3399 2061 412 2761 2605 934 362 393 529 1875 4228 1796 1744 3868 1433 3651 4665 2820 2396 1406 4107 710 598 977 4197 1520 4130 1362 1368 1456 987 89 1121 2093 1793 2342 4608 1325 1789 268 3532 1142 2748 2574 3673 1529
1985 2052 2393 2995 2180 2602 1636 1768 4479 2100 4879 1357 2834 955 4837 4839 2614 2497 4325 2809 2308 797 584 4305 203 1217 3727 193 774 4965 1810 3689 2421 957 4797 1664 2823 756 2631 1216 4674 3373 831 2553 289 3500 2571 1738 458 4088 2955 532 3056 1686 322 1222 3711 2067 4061 3830 1760 4837 2761 2530 3635 318 2387 1474 3434 971 3361 1083 913 2264 3339 3640 2837 1195 658 3671 3461 1103 568 3745 517 1673 1516 3860 2998 3022 3849 2460 3942 4229 4941 2135 1196 1003 428 1119 4109 4306 394 2405 2109 2606 3311 4743 4022 2186 888 1610 4299 3529 3706 3697 4214 4303 3241 662 1504 2975 1250 922 4214 1903 2168 663 3947 2650 4744 164 2745 4313 3869 661 4628 2225 3899 3920 3411 4847 3312 361 2199 1248 580 60 978 3594 2916 4464 3775 1562 2876 1838 3013 70 1891 1039 3042 1570 367 370 1121 2870 566 3987 3070 4705 3950 2704 3675 683 1741 644 877 4706 1382 2670 4818 1168 2550 1879 4179 3517 134 3321 792 3203 1905 2764 4526 766 2634 2280 4779 3537 1802 1425
4807 3987 2244 3759 605 406 1539 4903 4699 1848 4741 2208 1784 2707 3395 2566 873 1944 4777 1877 1894 2352 2839 4185 1843 4370 1031 1884 1152 3485 2181 47 1595 4138 2971 2823 3060 1486 799 761 4551 3672 1270 1259 3922 546 94 2617 3845 142 2595 4932 2184 3422 3523 591 3697 1488 149 2137 3214 4590 2389 3943 3738 3995 961 546 1551 4516 134 3140 2433 661 1936 696 3227 1306 4240 3795 4135 3633 751 1330 1968 3198 2696 385 2581 2096 3224 3659 3337 502 2563 272 3743 545 3263 87 2775 594 4838 4980 4234 2943 3351 4366 3006 4126 2301 1263 137 1314 1841 1407 3013 4998 556 2713 3446 3744 2698 3142 1057 2222 1629 1348 1697 4411 1137 510 1706 3094 4093 4284 772 1303 4959 2904 1012 2058 4317 1010 1999 2339 3773 4018 2160 1674 4868 4198 1420 344 2254 1091 381 1133 1822 2785 4290 1922 575 263 1868 3696 2971 4296 2294 91 1276 4289 3531 886 2589 2677 2567 106 389 2470 2535 2217 4804 1475 614 2691 3297 1180 1575 60 3913 3600 3771 3088 2317 201 2652 398 3786 1353
533 2022 1422 3761 891 4046 2350 418 1538 1862 1927 2912 2224 1603 4727 281 1653 4718 632 2885 833 4180 3932 690 18 4075 4666 2983 923 1594 4621 4451 2087 1318 1648 756 1486 989 3706 4535 4363 3285 4007 4655 4207 2732 847 3601 60 382 3671 2223 948 2141 2049 2758 393 1327 4675 4162 2374 2585 766 3193 4715 654 4119 1855 2465 1790 989 3982 656 1807 2726 3793 3434 1437 1444 3214 4386 663 1173 248 2929 2653 2019 3905 3150 48 1850 588 155 3279 1860 1366 229 538 4320 4666 487 1785 4182 484 4274 2864 126 1242 1821 1849 4703 492 424 291 4397 456 93 955 991 2119 1233 3128 81 2183 3631 2033 3529 1046 4954 3610 4430 2577 4982 3548 4500 2686 3344 1208 3559 2877 4413 3077 1416 1334 3615 1083 3050 402 4789 2373 1401 3993 4494 4122 4274 4337 1132 1255 796 627 1472 4304 3107 898 1388 4086 1024 927 1768 3014 2796 854 1064 3647 1699 3038 2304 2990 4850 3272 2814 2470 4831 3315 4467 4157 1981 4342 3068 3343 1501 3478 2004 2316 2866 490 1381 645 4929 2987
4309 807 2163 1898 4843 3981 182 2487 4059 3193 2535 1673 2517 710 3435 3953 4097 765 4062 986 1972 1346 3663 2883 3211 1181 2967 4162 2737 2185 4452 1489 3145 317 2953 2631 799 3706 20 3783 4177 2878 3908 2501 2242 4292 4683 844 3955 2355 1250 1007 722 3599 2090 3736 3375 3410 2072 4547 1908 4534 2216 741 3098 4471 3337 2290 4801 3361 2747 4842 1682 4128 341 2103 2642 4705 4098 4140 2089 532 2190 2120 4079 1804 4541 4399 3008 1793 18 2340 1577 1422 4422 1283 765 1123 3712 963 3034 1219 4086 1350 3395 1194 315 1285 2618 3802 1825 2426 4093 1194 3784 4836 26 4447 1652 2854 4180 598 1502 2343 1202 4852 323 3348 792 2979 32 3864 2700 726 2869 4650 4990 4733 641 4107 1751 1650 1153 2802 207 827 1812 1291 16 1956 522 2169 2876 4258 3047 2771 3801 709 2310 277 3032 1346 1615 4042 560 767 389 3909 3170 1195 4976 627 4505 2732 3193 3598 2426 4933 2732 3070 3458 732 4697 3549 4187 1428 4088 3949 1036 3784 2787 902 4814 4346 1046 4597 1454 659 4507 3585
1519 2459 4075 4106 723 4221 2064 206 2060 4655 1323 4098 2290 141 826 2753 1998 665 3620 1142 4759 2304 1961 397 989 4361 4546 2860 281 2777 3234 1902 2819 2602 2757 1216 761 4535 3783 3681 2693 4936 3804 463 4922 2397 4711 1189 2317 3163 3276 4252 1646 1091 2618 4052 41 4011 4217 2309 3246 4253 4733 3014 1620 2033 1222 176 3608 4078 686 643 841 3351 4790 2517 959 3909 4648 1776 1138 3369 1897 4432 1102 3085 1157 2421 4244 4228 578 1972 3831 2168 65 4716 4268 4450 2296 986 4878 359 967 387 1295 523 4238 4570 1632 1494 4046 2887 70 3754 1750 171 571 4630 3669 2807 3668 4453 1771 3952 1271 4023 2825 3696 76 3056 3552 2350 3666 161 1870 782 915 2743 356 4413 2319 3796 3548 400 4592 2436 1149 3673 1508 753 687 911 3488 2562 2370 1925 224 1630 3594 3491 4483 4350 1467 3836 175 856 800 69 2772 506 3401 3338 2963 3875 3095 737 4438 2081 1958 4972 3138 803 221 2733 2523 4553 1802 1065 770 4934 1046 1951 3268 984 1505 2600 3181 3559 2564 2262
