N: 200
M: 30
Symmetric: true
Triangle: false
6 31 8 15 63 57 56
7 159 16 114 153 168 183 90
6 147 109 154 44 138 176
9 27 134 69 49 177 58 34 33 179
3 39 14 21
7 169 195 30 170 65 46 186
9 149 18 103 198 28 122 152 165 99
7 158 60 166 115 97 112 163
6 23 82 145 59 182 42
5 84 173 10 7 127
6 116 83 24 155 184 194
5 77 146 48 37 43
6 157 121 70 117 87 137
8 104 175 164 25 12 131 187 3
14 160 140 128 47 5 72 148 11 150 73 180 92 96 1
3 36 200 13
6 95 129 190 125 6 199
3 151 132 66
8 130 74 123 94 2 78 136 139
4 75 100 54 124
11 135 181 80 126 171 143 62 144 32 119 174
5 108 185 91 79 105
6 52 120 35 106 102 162
10 93 111 50 81 118 9 51 107 20 141
3 29 61 68
7 192 189 88 193 85 142 71
9 172 101 89 86 156 22 76 133 197
6 45 19 41 64 38 67
5 188 178 167 196 98
10 40 110 161 55 191 113 53 4 26 17
2677 2441 154 4735 4690 4603 2096 3116 4576 806 1149 4948 1703 1364 954 4536 315 3848 315 3692 4436 1707 3166 533 2750 2774 3095 2639 2737 2610 3314 2506 853 1033 4000 2204 2713 4533 1917 719 3922 2897 60 4821 3280 840 1962 2926 81 4808 4882 3979 4166 4977 2216 4533 1358 1674 1862 976 2315 1824 1550 4259 4542 1898 3463 2908 4874 2821 2621 1112 3976 2799 58 2283 2753 2347 1078 4202 4120 3505 119 1453 3285 1996 940 3816 2536 2068 2834 803 214 2406 1788 974 67 3809 3059 1231 3672 1966 3851 4250 3529 3346 476 494 802 4405 1453 1797 3275 1473 4052 991 337 2867 3451 1346 2334 2002 1578 2343 3592 2168 3140 2196 3048 4919 185 2212 716 1892 3981 3485 2418 742 2086 859 1921 4995 728 2530 3374 1744 813 1128 4525 3275 22 4258 3358 2760 3002 1963 280 2145 2159 4169 2194 2598 4418 2871 3383 439 2585 3066 3804 3453 3090 4892 1307 4201 3020 3035 4912 381 2912 626 2810 2600 4940 979 2945 664 848 2249 1021 2047 4148 61 712 3218 3939 3755 3824 4385 4723 828
2441 1863 2267 2358 264 744 919 2916 781 2668 2713 3503 2481 1425 2726 4658 2687 1336 2316 3197 854 3709 3257 1136 832 3814 4861 3336 3393 1883 1196 25 1846 4077 1297 3298 2200 474 1973 1659 4436 4303 1966 3968 2595 341 811 4337 4858 784 549 3071 4871 1011 3351 4617 2798 2022 1664 3444 2424 2796 2634 3469 1506 2377 898 3224 199 3172 4629 4830 969 3007 1689 4064 401 641 2257 4545 2019 4838 781 4994 3201 4261 1206 4268 347 3541 602 3198 2258 187 1809 3440 129 50 336 4843 395 2508 4643 417 196 3658 4984 2425 734 4514 2472 4965 248 1675 949 2797 4088 2237 4053 2341 3018 921 592 4013 2278 4747 3879 2466 4538 2323 3325 1383 3089 3227 2603 4509 3610 3132 2865 1741 132 1352 227 130 18 3897 138 1138 3485 3682 2498 4984 1084 127 4587 3631 4655 1385 3715 1528 1296 777 2204 3872 4079 3828 2381 4758 804 693 16 2731 925 4809 1344 4170 4276 366 3179 3619 1767 945 4087 2731 4243 2901 1708 879 4390 2116 699 1232 3816 100 2454 4129 383 4610 4187 1780
154 2267 1892 1729 1418 3539 3535 3427 1413 2937 2322 4616 2167 3694 607 2267 732 3761 1141 510 2054 3573 3859 4282 3789 4346 18 3081 1547 1346 597 2423 2832 4647 1302 2615 3009 2171 3348 2559 3022 2471 3186 549 3995 4416 2587 4137 3991 4921 4777 2746 2268 321 2637 648 1758 1400 4461 1568 2329 427 2648 4565 3392 3048 3546 4827 720 904 3957 4170 1976 175 3427 3960 4685 285 1047 3026 3435 1740 3482 4040 2492 2067 1821 616 4008 3384 2627 3164 1774 3399 942 225 4845 3057 3689 1807 459 3385 4382 2583 4122 2450 131 1467 3020 4654 3990 4575 1937 4286 1163 3678 3849 3497 3365 2399 1922 405 2412 2726 1633 2044 1562 4527 1251 4421 3826 4491 2790 4421 3467 2853 2433 4533 3426 4976 1331 4299 261 636 1333 1950 1375 4728 2687 2350 3792 2528 717 2224 1397 1173 1172 3115 3036 4826 1496 3227 3998 2684 2581 1723 3536 4468 1826 2164 2559 2577 2611 4265 1211 2115 1512 4115 4641 1432 3908 3008 4417 3756 4171 1863 1711 1254 3314 4515 2090 3835 3270 4540 3393 2272 297 4051 578 2067
4735 2358 1729 4534 4029 2486 1615 1324 4937 163 4840 2409 4892 4424 1093 3399 792 4795 947 3821 4733 703 3431 2803 1620 3267 2635 290 2958 2362 4825 4442 4368 4968 671 4666 61 284 525 3889 1708 3164 1526 2372 4782 600 3708 1401 28 3802 4974 4460 4985 1557 1630 4167 2974 4782 741 3374 1498 1034 702 4901 2481 1710 687 3026 2256 3664 1324 2207 1336 3994 1941 2600 2776 4604 3279 2083 780 1292 4519 4658 858 3181 1716 1415 4599 3181 3924 4428 2709 4311 773 3391 2149 2985 4787 1979 4174 1275 388 1247 4933 2525 2982 3613 261 1215 2405 4698 4626 2071 3854 3334 2736 1311 4036 3984 3346 24 1236 1838 21 4712 3708 2302 3839 1566 2496 796 4544 799 2521 3616 1914 3618 3155 4831 2458 2128 619 4889 455 2074 1444 1440 861 3370 918 3133 1151 4654 3092 172 2953 3176 4264 357 4355 1788 1214 668 4760 148 1119 885 2581 4350 2454 3085 3130 2410 2218 2019 4420 3524 1933 2992 4663 1720 2814 2194 2063 286 2360 3109 4559 4283 1275 209 4865 4659 3397 2395 2438 3530 1062 1373
4690 264 1418 4029 4534 3377 2011 2767 3113 4675 1062 3022 2464 845 569 2978 3464 3229 2222 979 956 2964 1321 3008 2329 4871 1200 2916 424 4181 3969 1202 3954 2220 2531 2393 3951 3533 4757 4098 571 411 1735 80 4843 4734 2816 444 2148 2481 4577 2076 4723 867 1536 951 2461 1896 1787 2503 4251 4810 4227 3285 4416 4481 545 533 796 2719 3985 1786 4749 4586 1622 2659 4671 2699 3679 3642 351 2502 2226 1004 2274 2171 4430 4295 3142 4386 3026 2363 2776 650 4743 744 206 854 178 4624 1059 2264 4696 2337 3561 3532 250 3849 1430 3381 4983 4440 1523 2542 4555 1600 528 95 2819 1395 661 3577 2739 4416 3933 462 45 163 1087 625 1324 2803 3039 4232 4235 3121 2968 505 4735 2105 2271 4931 3137 2291 2002 467 1622 3907 2410 3656 785 3809 2286 3566 1216 4129 2096 937 245 141 4713 4795 4514 3884 449 2276 4355 1524 905 3206 3587 3420 1687 3813 2691 638 3715 1423 1577 3150 4652 2034 4358 1911 4351 3846 2643 2113 686 1589 1986 1859 1314 570 4643 2147 1881 3350 3046 2703
4603 744 3539 2486 3377 2271 3991 2012 917 1524 1932 4500 3411 266 4262 1822 1632 4930 2591 1129 2026 3982 215 893 2010 404 2624 3485 34 1728 1752 4047 1284 3774 4460 3762 77 958 4747 484 749 1519 1986 4245 3694 4178 4537 2617 4619 3173 1353 4160 4627 313 2954 2421 397 137 2040 4851 2289 4426 3036 4982 2956 4806 511 3898 4136 4124 2075 2429 4141 118 4474 3753 213 2853 3796 3644 2982 4526 2361 4185 21 22 4687 3487 3250 3580 3678 1071 3050 440 3400 3056 3294 3515 1021 3916 1332 3757 4694 1604 4864 2721 48 4117 2117 4466 2125 4232 4868 4481 3264 4287 1287 650 2062 4145 4165 4327 694 3966 3966 954 1487 1657 4074 3625 631 4734 3583 793 1155 1561 2614 1716 4070 1434 4572 4124 3828 4590 1919 4009 3919 861 3374 1712 3324 4941 3183 4690 4748 2653 4904 2683 1884 3980 2512 3102 3235 3075 262 4943 2148 4973 1529 3797 2273 3762 4639 2520 4569 704 3591 4635 4708 2358 674 279 1471 1186 4157 1535 2548 1274 2351 4672 2712 1077 314 655 2280 3576 489 3635 541 4851
2096 919 3535 1615 2011 3991 4026 4733 2000 2106 4608 3826 169 1585 3987 867 1796 2461 4791 588 2996 946 570 3846 1664 3710 2155 4296 319 3644 4525 3593 3389 3989 4644 1909 677 636 4301 3722 1563 266 3307 487 4821 4731 472 3096 2870 3696 2889 453 280 4510 3723 2623 4744 2179 862 709 1696 1307 3428 1453 74 3871 3401 2106 1782 2734 1156 3294 3535 1107 534 1894 1978 3934 3631 3013 3193 3613 279 4511 1103 4065 2117 2667 4079 3722 2695 4002 3668 4928 1127 3949 4101 1717 4742 980 1903 3789 4906 3287 4727 3329 2772 1112 4004 2357 3459 750 2260 1439 3009 4944 896 1364 1261 2955 2246 1538 1923 1509 1806 237 2427 1770 4905 2772 4451 2344 2626 2460 906 2505 4971 72 3250 2612 2398 2876 766 499 1978 2124 4153 3579 3546 38 1087 4340 4992 1336 838 1385 2756 380 1822 1914 1809 897 3205 2535 3016 1294 3635 575 437 377 4154 1869 2229 3992 4830 3807 864 3593 2562 264 2580 209 2309 4540 2094 1032 708 4797 972 4694 4560 4766 4313 4172 876 70 2899 1024 2577 1389
3116 2916 3427 1324 2767 2012 4733 1047 4074 998 4272 1627 1469 3048 2662 3896 3540 4180 411 4734 3805 742 4945 3269 796 1249 2786 3897 2962 3670 3663 825 3899 3523 131 4078 3422 4958 4647 2670 2173 787 2022 4582 642 2327 3739 3451 2108 2772 195 2101 1914 3862 2955 2712 4429 383 159 3688 1057 2951 3453 1964 1607 1453 1381 4954 3344 2425 355 2203 503 4278 4236 4859 827 332 715 294 2660 1310 3309 2836 1004 2286 183 2052 4445 2347 4055 1999 1630 3869 4455 727 2134 4128 3391 302 2876 56 4724 1600 4707 3882 833 854 3922 2972 4480 2472 272 352 4376 4761 2952 2467 1482 4095 50 1825 4129 3330 3246 1909 3707 1299 4436 2115 815 3064 4429 1144 1725 3225 2473 1707 2151 978 276 4356 3343 2827 2267 350 1136 4405 513 3325 1886 362 3337 2031 3266 1492 3763 296 3051 3146 114 4748 2476 3670 3160 3379 72 982 3151 1712 571 157 2856 3472 3116 3339 4189 1340 4702 2465 3078 1834 1757 118 2501 3402 3481 2481 1071 4941 412 198 4072 1317 3282 2170 3378 2744 1891 1029
4576 781 1413 4937 3113 917 2000 4074 2930 702 4430 1760 68 4935 3807 624 3803 1167 4404 3513 2455 812 4194 622 4768 2992 2313 1729 3148 4786 2392 3442 1649 3564 1143 3690 2132 2277 1674 3477 445 3063 3449 2751 3192 2816 1693 3715 4813 2206 1566 4122 2227 1470 1665 1226 894 1780 634 3281 2765 708 4958 2282 3526 742 2326 1430 1241 400 2425 3753 3109 2563 2934 1768 3949 3071 1717 1952 3461 1901 4314 1817 1735 618 3695 154 2040 4424 3435 2694 4999 3918 2619 4031 2078 4628 4538 1301 3002 3211 4093 4030 938 3038 3489 4154 3348 456 4164 4675 3967 4815 862 4861 4099 2445 91 3767 809 3928 4627 2793 1903 1161 4942 2215 100 426 3676 3080 614 1384 85 3830 1183 1152 3604 391 4955 3810 3206 1910 2893 3180 3755 1837 4403 2917 2199 471 813 3548 4925 3089 4132 749 639 2317 1528 1498 1571 1240 1360 1938 3557 176 838 457 3794 472 4621 1692 4464 2150 4637 4316 4871 4142 3300 2545 2250 4024 2547 1584 2866 1722 4298 904 865 4861 143 1945 1963 1922 3520 3471 4011 3968
806 2668 2937 163 4675 1524 2106 998 702 2700 4690 1310 10 2660 2451 211 1217 1224 471 4889 1681 3892 1910 966 3834 2380 1507 3769 3656 3028 2999 3255 4874 3021 971 833 1396 3700 4972 932 2540 3376 2519 3755 553 2740 4395 3551 3762 1163 345 2471 4495 2037 2099 688 664 1626 3472 1677 4039 2432 3916 1306 3227 2845 1734 2212 2527 3224 2628 2156 4210 878 3495 4184 2502 1976 2369 2808 1807 4935 1985 4609 3491 3600 3274 1173 1927 1574 788 3103 1124 3063 1482 4419 132 1282 2118 768 2597 2990 662 181 2754 1813 2040 2602 4007 3545 3140 413 3091 3021 3581 3881 1148 1734 1683 3182 3474 2307 3722 485 2021 2000 4781 881 2113 1978 2275 818 716 2399 3393 1843 3437 3540 2370 2200 1031 4717 4712 1575 3843 215 2914 4297 1539 2003 2198 3605 4905 3945 4579 1026 621 774 1522 2069 1107 1663 1649 2539 593 2020 3535 2277 1405 2064 480 374 4517 3152 109 3000 2736 2595 1794 331 1853 3121 4162 1273 1299 4967 1177 3998 1384 3640 172 2535 3907 910 1615 667 321 3739 3893 3844
1149 2713 2322 4840 1062 1932 4608 4272 4430 4690 2851 2499 1571 1367 2849 4794 325 3285 2580 2102 2453 2682 210 1669 706 3418 2134 119 741 2424 1645 2518 4197 3002 3465 4807 3396 3280 2925 1004 390 3593 4007 3947 4949 3633 2054 707 3647 3359 4382 3038 4053 2338 4902 347 4581 981 4665 3697 4305 4834 1756 2322 308 531 3775 4957 14 749 513 942 3139 2958 4547 1070 3022 4884 4000 930 1279 386 3963 3085 454 3201 552 1024 1151 53 566 2948 3275 4412 4101 4488 263 2575 795 3039 2995 2434 4747 3098 2193 3338 3409 3489 1543 412 2714 3329 336 4584 4752 101 1035 1100 3578 3476 1639 2382 606 510 4236 801 3126 52 1342 4943 1172 934 1916 1915 2380 885 3818 642 2116 2926 4886 2945 2824 3268 800 3672 4424 4120 1686 1191 3836 2278 3381 3426 1879 392 2423 3608 1043 422 2670 3787 3697 4804 4369 4893 3393 3931 2234 1006 3778 4910 1098 841 115 2839 3615 1208 2778 261 57 4096 3572 1633 2588 740 1506 4862 1681 4432 3893 4721 1909 3655 4183 2971 2863 2312 4732 4169
4948 3503 4616 2409 3022 4500 3826 1627 1760 1310 2499 3279 4421 2977 3511 1681 758 912 2897 1929 4270 893 1976 617 1971 3129 3440 2854 2413 3269 4187 2744 3984 2473 2298 3833 158 4691 3062 3955 3222 4211 3968 3968 1806 461 2324 194 4409 3075 3243 4203 858 2378 1788 296 2986 3669 2457 2369 4942 2546 2251 3189 2390 1649 1283 4135 4938 3015 680 4208 1510 206 4078 1889 1939 4439 3537 4013 425 823 1159 821 2920 139 2979 4272 1495 792 3366 1060 1748 3494 1242 3040 655 3339 1054 1079 3065 3212 149 3605 2213 1083 3265 3742 1635 1314 3262 2990 1436 2248 4219 2818 951 3645 870 2199 412 1302 199 3376 886 3360 495 157 966 623 4853 1592 3535 1299 3775 785 963 4720 1410 2779 2044 3369 2479 296 1043 4037 3307 3481 4856 1214 3251 1736 1108 3386 2997 3870 4278 3801 4139 521 2197 2433 4011 1806 2833 4458 4285 1600 2246 337 4314 4149 596 2863 927 4964 3218 2130 4635 3922 4182 3310 861 4064 633 2255 2127 4658 720 1166 4816 1452 1850 3305 1752 3918 2134 1114 1794 4225
1703 2481 2167 4892 2464 3411 169 1469 68 10 1571 4421 1728 672 910 1116 3527 1232 4621 3768 3006 2942 811 141 4651 2861 4952 2046 4720 86 1919 1732 426 733 985 4359 2941 4504 3994 487 1939 2443 3763 1073 4269 66 3496 3434 1101 1805 2022 251 1860 2571 4322 1736 4734 3856 297 3302 3416 1538 4196 3361 14 248 3921 4456 681 1817 1081 828 1890 518 1676 1813 4581 873 1706 928 176 3271 3620 2388 3249 3839 2020 3914 672 198 3383 1549 1248 3864 1509 413 889 1683 4668 1955 126 1302 798 1073 3404 4941 4813 3482 2089 2906 2247 650 349 1619 626 967 3399 4520 4714 3479 3115 3398 4124 2037 4568 350 4630 4215 802 3044 304 4690 4918 3679 309 4886 3558 4323 1610 3998 1729 2650 400 4277 4771 4917 3108 2668 2330 2107 2074 4765 1425 2908 489 2265 4231 3230 2353 4088 4184 1901 2943 134 3832 3966 4771 1641 3940 2269 405 2164 732 60 502 802 2888 2106 965 3396 955 3878 561 2376 1306 2565 2391 2160 646 3754 3454 169 892 1790 840 3161 780 1550 2759 3595
1364 1425 3694 4424 845 266 1585 3048 4935 2660 1367 2977 672 1477 2143 4360 1461 187 1913 4724 1835 1073 4151 2517 4396 3259 3740 4888 4310 3822 2599 548 2189 4280 250 4138 3547 4155 3266 3496 4780 3323 1479 181 4561 3805 975 3954 2558 1697 4191 1417 3551 3943 3711 2304 802 1038 3629 4058 1369 3109 2118 1594 3587 632 3158 2376 2252 3858 2177 501 3436 1867 982 3796 4477 115 3657 323 2030 1172 894 2561 447 2333 2761 3074 1725 3008 144 3279 1691 1184 2696 3264 2849 1234 207 2706 2604 1715 93 3072 1818 2942 3981 2371 3965 1651 3053 3571 3823 3339 2703 3478 3546 3260 1908 4295 2107 66 3193 4871 1903 2689 828 2722 1127 2312 3171 4234 820 4196 2617 2631 2003 346 3426 4043 691 3021 3878 2521 1904 1014 4213 4653 1270 4563 4011 869 2964 2949 1933 1638 2786 3325 1544 2656 682 2241 707 2872 964 1632 1402 3010 2997 3700 443 1105 3277 4029 4257 3450 2793 2850 2152 1418 754 378 2440 301 1322 3304 2653 3403 4995 3532 871 4249 4250 2291 4129 2469 4251 620 4816 2450
954 2726 607 1093 569 4262 3987 2662 3807 2451 2849 3511 910 2143 4954 2378 889 2540 1839 3576 747 4222 34 800 4691 4380 2249 1586 2340 394 2183 2269 3042 4005 1486 4550 1962 2560 271 3289 1011 4274 2095 4420 4198 1202 1874 3313 3372 1833 355 16 3401 2791 3681 2966 3114 4649 3621 2712 4229 656 265 4424 3435 772 4535 4873 1119 3253 3458 227 3570 4134 3512 2122 1116 1245 3182 469 2236 828 2344 163 3648 3423 1037 17 3519 1157 4149 1932 4335 2392 129 1415 2599 1272 1160 1492 2231 3131 314 1762 1790 1168 647 1363 3599 337 40 3616 4249 4677 946 654 4618 3732 3552 2250 141 1720 1452 4793 2239 720 1828 1520 55 2413 4270 1180 3363 4795 4272 2754 4220 1095 148 2609 667 1492 2108 3669 4940 1565 672 3334 3752 1272 629 4509 2324 2702 3207 2054 4749 4038 2312 3016 1436 1692 629 3521 3130 3783 2050 492 2822 2423 3220 1479 994 3995 3988 4628 1213 3788 2094 4986 184 686 1943 1552 1922 4190 3549 228 2851 1839 2807 2413 1243 557 1183 3208 687 391 4225 546
4536 4658 2267 3399 2978 1822 867 3896 624 211 4794 1681 1116 4360 2378 4154 2816 4149 2254 2920 2670 4667 2861 1281 722 4295 962 2740 2599 1535 528 4442 3902 2166 3671 1995 3030 3442 2024 3238 3953 3508 1290 1660 4217 4968 2642 1305 3306 1110 616 2998 3869 792 1282 209 3512 4539 1292 3566 2670 2030 1190 837 1604 3707 4981 2023 3040 3411 2226 4235 559 1533 4472 138 1430 359 2956 1717 3892 1808 1039 3737 1559 2539 2944 1787 4330 2558 4931 2747 719 1341 1292 2135 424 4380 1692 4888 4930 1165 1039 1622 3380 3944 4203 1269 2785 4689 3253 2184 2035 2388 1754 4313 3973 3052 3255 3636 4226 2543 2187 735 4661 4073 3407 4982 3849 394 3725 3308 3968 807 1347 4587 2855 3963 1948 3720 4858 2586 1607 4623 2841 2825 2177 4799 67 1693 2731 3205 794 1339 3629 669 4865 3493 3437 2175 2743 2700 4956 3872 3901 1741 2895 4205 4250 2335 742 2977 839 3692 2435 4528 973 2133 2816 1220 2619 4349 676 4552 2614 2271 1221 3643 1832 3945 556 1033 4698 1577 508 280 1685 1005 2782 4532
315 2687 732 792 3464 1632 1796 3540 3803 1217 325 758 3527 1461 889 2816 1224 1067 981 747 786 999 1298 4919 1490 3719 3619 1464 295 629 3629 4054 3491 144 4233 766 4622 788 113 4810 2868 2880 4214 2266 3063 3717 3592 4112 134 1436 4167 3590 515 2816 326 2430 2325 880 1268 4462 3045 4522 1861 4813 4058 4670 2933 3116 3096 3984 3649 1707 2630 1989 4244 4986 2487 551 2371 1157 2550 4623 335 672 4839 2004 1385 1142 4559 4722 2888 1813 3146 1894 4995 4049 4420 2190 3380 4561 4332 2582 1860 1732 4659 3862 4037 130 1685 2775 4208 3751 3358 2477 161 833 1048 815 4397 663 533 2971 277 2512 3757 4202 1557 4183 753 1289 2565 4206 466 4006 300 4436 4911 3458 144 751 2855 1621 1774 2695 4549 1956 1892 345 4870 4138 3302 463 3521 2242 2598 3745 1302 4548 3649 1509 1100 520 619 1293 207 2027 2139 3997 1396 3473 2092 332 2776 1506 2534 1664 4616 344 4502 1669 1106 4381 4264 203 4956 3433 3746 955 2728 1600 1852 1998 1271 2904 223 1222 457 4682 4989 4200
3848 1336 3761 4795 3229 4930 2461 4180 1167 1224 3285 912 1232 187 2540 4149 1067 3070 4547 1853 2400 2937 4384 2079 3231 2932 4609 1824 523 790 1088 2228 3443 1330 3702 2780 4518 2558 1544 4507 2762 4420 1147 3023 2635 2604 1232 3039 4391 4523 4111 392 2972 3174 160 4590 3350 1391 4800 391 2953 2250 2680 1990 1150 2692 3605 4388 1255 211 3443 2890 4735 886 2214 4188 606 1642 3899 95 4325 3017 2386 3506 3420 1190 256 3808 3363 658 4417 622 1721 2888 240 1404 4578 4775 2924 2486 2518 3361 3073 3778 317 3929 3749 4858 14 555 1962 2621 1755 586 3037 3733 2004 1980 4867 105 3562 4135 1071 219 2038 3773 3224 3200 3466 4063 507 1983 1997 150 2414 3308 4475 3710 567 3955 1924 3925 1213 4734 1239 2981 2858 1698 1643 228 2651 3630 551 45 1897 658 887 2190 3436 3081 1092 4061 797 2784 3040 1537 856 546 3253 2442 3263 2465 2267 4210 3663 4522 86 1086 2936 4255 2114 1367 4879 3545 2464 4357 2013 3783 1641 2576 2003 3464 4160 1756 4707 2232 3664 854 1492 4508
315 2316 1141 947 2222 2591 4791 411 4404 471 2580 2897 4621 1913 1839 2254 981 4547 4959 1337 4063 1709 3838 1315 3041 871 899 2283 4094 3845 3452 2392 1780 3165 2713 2233 4926 455 2981 692 2869 974 2848 2170 1536 3285 1944 3584 2978 3249 886 3387 2193 4468 4407 4708 475 3567 3275 4740 4172 1307 2547 4775 4372 1638 706 4668 4445 1632 3584 1833 2970 1410 1127 3880 808 2138 2933 2945 659 2521 3991 4458 2504 3941 866 3743 4803 3700 2183 505 4643 3515 385 2987 175 1255 1196 2867 4278 3732 2996 3866 2620 4039 3843 4424 3039 3423 2402 3662 516 384 1887 3324 4734 4027 502 3339 2475 4862 4793 3489 1729 2865 4129 3707 4935 4027 2974 4579 3059 968 4146 1475 4314 2314 569 84 2498 4336 3133 1766 1790 3542 2803 3695 4997 1411 1826 2559 903 3257 2876 3129 1686 2061 860 4118 4002 1119 3353 3130 1657 4685 3695 3182 705 807 2498 1190 4032 4020 3186 2083 561 3095 2523 428 1646 2987 4487 2659 1306 2616 366 88 2138 2707 2558 899 4004 1489 3390 4552 3649 1505 500 2886
3692 3197 510 3821 979 1129 588 4734 3513 4889 2102 1929 3768 4724 3576 2920 747 1853 1337 709 623 871 3881 1184 3405 4689 221 2511 3428 4685 2736 3658 180 1680 1115 4876 3997 4531 2129 4334 4531 4430 20 2961 153 4305 1400 3899 2435 2015 3660 2076 383 3827 1390 4666 1704 1246 1253 3743 3890 4660 2042 1744 1992 3176 3792 135 620 777 2452 191 2138 3131 3783 182 817 4554 513 2360 1260 3330 1857 3477 1274 593 4177 4780 662 4661 76 1874 1140 3836 3204 2975 4682 617 4237 1416 391 3064 860 3018 3015 1467 4008 4257 4681 2441 2744 3017 2577 2227 2646 4885 27 435 4200 4058 1964 329 548 4786 4140 2995 2955 4474 4011 2499 710 1584 3788 4473 1458 4103 3749 1751 2208 3089 3818 2628 4316 2365 642 2974 2403 462 4300 3171 4576 3728 416 3259 4916 4592 3378 2537 2866 261 3328 4683 3489 3132 1092 1508 2768 4641 2932 3747 805 2802 2786 3133 3691 1760 4478 1897 46 3620 4314 3846 1600 2105 2687 121 816 3642 1166 4964 932 76 93 3834 2077 4726 4141 2119 923 2175
4436 854 2054 4733 956 2026 2996 3805 2455 1681 2453 4270 3006 1835 747 2670 786 2400 4063 623 4318 2159 4124 2775 4222 3997 2364 3485 4424 2148 2945 2696 359 2455 4076 3131 1204 1968 270 4971 4749 4243 2132 1170 1751 3490 4251 2116 4633 4281 614 4068 3133 1939 458 4605 1773 3378 2723 2559 3840 1954 2984 2380 1059 3454 397 1124 4928 1568 2410 24 2133 22 1126 2725 2450 2723 893 1152 3825 64 535 3219 3307 3340 1153 3730 87 3272 1770 2125 1814 95 2558 358 1328 2241 3901 2325 4366 2485 1705 4046 2436 3354 3769 1667 3872 3053 2722 3749 4922 3737 931 2813 37 149 707 3769 192 4169 1573 4551 3998 2385 4219 2661 16 2911 4697 1863 4445 1154 2034 2686 4707 3768 2477 153 4119 1405 1610 3423 4995 3830 2902 289 4865 4370 678 2648 2922 3564 1699 718 405 3130 1536 4462 2914 697 3531 4982 4983 4358 3518 1858 4063 2277 1623 1900 842 2267 401 4376 557 1616 2763 4281 2079 4889 2614 2303 337 1347 2817 4140 4004 4470 1674 576 1127 3700 4588 4169 399 2855 185 4950
1707 3709 3573 703 2964 3982 946 742 812 3892 2682 893 2942 1073 4222 4667 999 2937 1709 871 2159 216 2263 2315 4153 3817 1569 674 4465 698 2561 1201 4850 3042 16 2450 4843 1201 4305 1181 3608 3033 2167 29 369 4234 670 1649 3811 2919 4680 4144 4195 83 4255 4344 4847 4882 4149 3954 2289 1130 1005 2965 3096 2577 4608 4409 1886 1359 3820 51 892 1638 2125 1628 4394 1835 2583 3996 3573 168 1436 1627 2492 614 1015 2076 4509 3459 3134 1520 1214 4412 937 4456 3647 338 592 500 1504 285 3225 2085 3811 2310 3444 3076 3605 4621 4283 3509 2380 3877 2284 2735 1565 4074 280 2256 1854 1920 72 2491 3296 684 3865 3579 3497 3867 4634 3563 3726 2595 989 2921 3634 3154 4021 707 3191 393 1147 3618 383 3935 2487 632 1658 2531 3621 2836 195 2351 3116 174 2254 3114 4002 1859 2128 3454 1664 1418 2893 3688 1875 2562 455 239 800 1237 1600 4685 4154 891 3715 2303 119 3434 2752 1193 3080 2965 2903 83 2948 3975 739 2311 1548 3746 2307 1738 4499 2266 2849 493 4109 100
3166 3257 3859 3431 1321 215 570 4945 4194 1910 210 1976 811 4151 34 2861 1298 4384 3838 3881 4124 2263 4156 2648 3886 2473 1071 4839 620 431 2800 735 1141 756 2250 4422 4237 160 3840 2250 3217 4735 1547 3756 2663 657 1971 4002 3045 1194 3237 2479 4427 1422 2875 4785 4367 4843 3130 1458 4276 1943 4601 4137 2538 535 1303 2016 2473 1729 2164 3314 3359 1160 2626 1583 974 2416 1752 2418 3553 3940 3448 3931 3849 3546 968 4912 4452 292 1696 3474 1520 2244 2074 4014 3725 554 816 3276 3418 897 559 3403 4463 2682 2708 2950 807 1766 1271 3170 3956 3385 4427 533 3689 1356 4432 259 4950 2163 372 1372 3636 4739 3729 3048 4785 4905 2200 15 4217 4290 2269 3115 4636 1326 2817 802 3941 3304 1636 1209 4981 555 1192 3617 320 3426 2708 261 1995 2866 459 4508 2023 3682 2690 1735 1584 1377 3570 1655 3148 2304 468 3982 4703 4738 2604 1054 2723 3948 2949 977 1958 3918 933 3816 2944 763 1005 2552 836 4172 3077 4505 1669 168 2483 712 2752 1676 1859 1187 2795 546 4024 3375
533 1136 4282 2803 3008 893 3846 3269 622 966 1669 617 141 2517 800 1281 4919 2079 1315 1184 2775 2315 2648 1134 4019 28 2896 4255 3728 4278 1642 3293 4444 3025 3570 2274 2531 2508 3197 4982 4420 4267 1896 1826 948 2032 2387 3528 3221 2391 2252 4007 1033 1891 1315 2477 820 2919 545 475 1480 2132 1741 3756 2977 4269 1276 2492 2773 3043 2942 3525 2473 2136 1524 2652 4709 4649 2684 356 2007 581 4637 3734 4062 2152 2149 1314 4412 2825 374 297 1174 3933 4385 3122 3809 930 4013 1250 3141 4774 2979 951 3117 1593 1426 859 4552 1841 578 3471 3997 2831 1474 2283 4998 4260 1653 1593 4009 1618 3482 305 357 1375 177 3206 3226 885 83 135 3306 3570 3673 2285 4869 422 2578 4622 2048 3664 458 2701 2855 2650 2451 2751 4271 2887 4218 4726 2853 2266 4930 122 1872 4372 53 4749 1083 3030 502 1835 1715 4324 3478 1534 777 4506 2258 3116 1651 1919 4538 3753 2615 4560 1832 2526 1443 2077 1253 4912 2788 610 4035 4206 776 3315 80 3477 2491 3145 4708 1604 1608 1935 1943 2201
2750 832 3789 1620 2329 2010 1664 796 4768 3834 706 1971 4651 4396 4691 722 1490 3231 3041 3405 4222 4153 3886 4019 2226 533 4254 4686 3322 2723 2717 2842 2158 2352 4689 3830 2377 4185 3244 653 1084 1587 2725 3966 1412 4931 3658 2513 3798 2459 3014 3528 274 2700 2708 3896 2104 753 4944 3953 1863 4060 4152 1947 342 4975 3676 4385 3339 3194 4201 960 2968 1518 2189 3808 3727 197 421 2676 827 3409 2449 1580 3024 2400 2483 1313 2930 1681 2715 1514 3094 2061 870 3760 112 511 604 3917 3638 1170 1094 856 4961 168 4007 411 4622 2117 4098 3583 530 855 1481 2652 4945 2955 155 4028 340 4040 440 1972 1803 4260 2209 4514 3694 4386 4279 71 407 4908 3443 2283 1245 3580 89 24 1690 2516 4345 1361 4304 2307 1582 4569 3516 1174 1382 2445 4947 2937 1519 2718 4629 4353 2300 4908 4070 3927 3581 2089 2408 2974 2839 537 4436 3976 4746 2434 2124 2093 4145 3953 920 3121 2918 489 2862 3075 1616 4193 859 2370 3608 1552 4485 1964 4115 264 2385 1878 3002 4052 4230 4436 374 4680
2774 3814 4346 3267 4871 404 3710 1249 2992 2380 3418 3129 2861 3259 4380 4295 3719 2932 871 4689 3997 3817 2473 28 533 2708 641 2324 2842 1231 536 2456 4418 1338 2889 1738 1076 2193 4501 113 3476 397 4927 924 1307 4496 12 2404 1874 2807 4187 3883 2758 228 1391 2292 1225 3404 414 3033 299 3401 345 3408 4187 1629 2167 4306 3580 3289 3040 706 2214 1404 2144 996 636 439 3491 416 4118 3861 936 2000 3552 482 2437 3088 792 3662 3448 3835 510 531 2622 4388 619 1692 3230 1097 2772 432 4344 2849 2252 2086 1986 4617 1865 283 3958 2456 4461 2600 1447 4240 1282 3840 1354 997 4515 2515 4433 3661 2543 3288 1353 2451 58 4134 4911 2492 3296 1182 2636 2788 1171 3821 89 483 1771 2850 1969 3097 2348 4978 1361 2302 3999 3716 693 1120 4131 4615 1387 119 1879 2071 431 2025 2749 183 1861 3042 1192 4779 2828 943 102 3253 4212 4340 4843 1966 1889 1969 1629 4753 3507 3905 2494 3196 3404 3224 2314 4977 2305 2999 2322 4173 1698 1904 666 4282 3371 1831 3570 185 1418 4964
3095 4861 18 2635 1200 2624 2155 2786 2313 1507 2134 3440 4952 3740 2249 962 3619 4609 899 221 2364 1569 1071 2896 4254 641 3521 3499 3775 3155 3922 3753 919 569 2020 2024 283 4738 1145 4995 2530 2276 2797 1114 1201 1456 289 2365 1842 3019 1609 1653 2565 3506 983 3509 4000 3138 1900 4893 3366 1233 3449 3216 1056 2988 4263 226 109 3737 2298 20 791 2145 3568 797 3793 2131 2123 1039 1898 2410 2888 3526 1860 4061 2111 4580 4138 1968 4208 3396 3023 2607 4340 2284 3293 1771 3682 4293 4717 444 4424 2139 2512 1791 2814 1614 1717 2909 2000 1120 2885 72 1712 1573 1924 1986 4061 490 4952 3929 2917 867 4577 3867 3062 2236 3489 2194 4374 2744 1654 2846 4598 1526 1907 1667 2029 3412 3807 4984 4642 3494 1933 4821 1938 3920 3538 673 1488 2446 878 1690 2409 2370 1947 864 4716 3640 851 3341 865 506 2993 1392 1809 2826 1180 2488 2176 4304 1857 550 1642 1899 270 3558 3056 1114 3649 144 3051 3870 4030 3555 274 4366 3229 657 1734 1769 315 111 332 174 2107 2319 3532 3582
2639 3336 3081 290 2916 3485 4296 3897 1729 3769 119 2854 2046 4888 1586 2740 1464 1824 2283 2511 3485 674 4839 4255 4686 2324 3499 2919 3953 1402 3163 3534 581 4474 762 3639 3410 2865 2792 992 2824 838 1230 3202 4909 3181 4804 3957 565 1414 1958 3211 4916 2522 1727 826 3856 263 1719 289 2985 3279 4874 588 108 284 1186 1131 3696 3399 4354 4430 196 4740 4957 4543 3680 95 1275 2569 1538 1779 4486 4581 2997 4190 3560 1633 696 244 2488 3753 4822 971 4874 1006 3363 1432 4584 1954 916 526 2289 2938 2292 442 585 4004 314 4086 2359 4102 3959 4882 191 4938 1712 2894 1078 3238 2902 3651 489 2402 3345 2248 425 189 420 4347 4578 880 690 3181 2893 454 3601 4359 1199 2153 212 1808 2792 3431 1515 2373 3609 2907 2043 1479 2479 1745 1864 142 459 4880 4642 3337 3073 4109 3509 3050 3645 3105 3303 1758 720 3887 505 3782 2662 479 2277 4595 3630 1223 392 1023 2079 2486 3982 393 3463 1149 3062 527 27 2371 877 3623 2646 4978 883 4652 417 2879 2827 1592 4120 2637
2737 3393 1547 2958 424 34 319 2962 3148 3656 741 2413 4720 4310 2340 2599 295 523 4094 3428 4424 4465 620 3728 3322 2842 3775 3953 82 3397 599 3314 3500 4781 3256 4570 986 457 1262 2165 1340 3835 3891 999 2724 4996 4780 2503 252 4807 1620 460 3844 3972 3890 2806 3110 2887 448 1133 3933 437 2454 2470 251 3193 2410 1952 4774 2935 43 3163 882 849 1508 2820 688 4718 755 2075 3868 1138 1625 4380 1282 3354 2452 184 4506 1783 3312 3624 1359 1486 2273 586 717 1897 3803 2202 3617 3390 1815 752 1428 3408 795 1906 1510 4557 395 446 1960 2094 56 354 2158 669 2981 4120 1736 3399 2260 2708 1251 3305 2805 4463 1401 4569 3588 2925 1723 4777 1254 3236 4903 1243 445 3563 1280 1675 300 2726 1713 644 4491 494 1908 3804 676 1361 2387 3171 3202 2150 3724 4972 2618 4540 1336 4856 502 4768 2121 4775 2556 485 2916 382 757 4301 1296 3558 349 3809 4313 1175 3700 1928 2822 894 2704 2209 3237 4188 1760 1414 3855 3357 3230 1420 819 4193 1228 101 1496 4118 4443 1656
2610 1883 1346 2362 4181 1728 3644 3670 4786 3028 2424 3269 86 3822 394 1535 629 790 3845 4685 2148 698 431 4278 2723 1231 3155 1402 3397 381 3587 1644 2494 3455 346 2374 3354 3414 3504 4644 874 3286 2407 2272 1266 1665 4924 3783 476 63 4444 2253 1279 523 1058 3072 3228 2249 688 3602 510 4475 3084 2404 4991 4724 138 2966 2729 2624 1621 2586 1200 151 3812 348 744 4377 2655 4478 4654 2051 1414 4752 4255 1067 3262 883 2488 81 3696 2784 261 4892 1943 2677 3616 4740 1290 2885 3893 4765 2678 2787 3168 3793 3999 815 1616 2792 1786 787 3876 649 1855 951 3380 3552 3800 4984 700 2826 1910 4032 3941 423 4759 4269 2175 716 2438 4467 91 1119 3092 467 1093 3691 1849 4999 4051 379 2721 1331 70 4041 3127 4205 4884 1010 346 4267 1142 2511 4320 933 477 2883 1105 2146 3903 4505 3450 4050 866 306 1318 1257 3892 3715 1786 280 3942 4934 2150 4826 1548 3380 145 2296 3536 3147 1227 627 417 4827 2057 3650 1562 2007 1609 959 1263 4692 4626 4153 1504 3307 3628 3822
3314 1196 597 4825 3969 1752 4525 3663 2392 2999 1645 4187 1919 2599 2183 528 3629 1088 3452 2736 2945 2561 2800 1642 2717 536 3922 3163 599 3587 712 4240 276 1476 4722 2891 4948 133 483 197 1543 533 4702 659 1702 1991 3758 248 2897 3032 4303 798 126 1552 3654 3360 4161 1588 2116 1181 867 1666 825 1592 4423 4380 612 964 2453 3842 1948 1380 1189 485 1937 432 1485 1528 4392 3459 463 2505 4576 1819 2394 2972 2248 4376 3266 3130 3369 1086 1649 2924 4928 3830 2407 4145 4280 3581 434 1151 247 2811 4901 1544 1970 4663 1997 2923 1897 116 1890 3021 1329 2794 3057 4886 4397 2220 2981 2785 1028 218 1895 3195 2008 1349 393 759 2285 4497 4637 1091 247 2819 854 313 2953 4963 4751 253 2483 804 2057 3934 3322 3155 2363 2446 4827 4643 4893 939 2674 1398 945 4842 1742 4093 1854 1089 4414 1169 3999 4645 3898 3081 2235 3134 727 2965 1008 1337 4655 810 3878 3475 3202 3060 3909 2316 2940 1007 283 1708 438 4739 151 4401 1969 4885 4122 1344 1362 1555 3413 2687 495 2538
2506 25 2423 4442 1202 4047 3593 825 3442 3255 2518 2744 1732 548 2269 4442 4054 2228 2392 3658 2696 1201 735 3293 2842 2456 3753 3534 3314 1644 4240 3715 2359 95 3976 540 3567 17 2059 3367 4838 949 4059 2625 873 1943 1540 3260 4152 1881 2434 4954 2883 4798 3818 1198 587 3811 2407 190 2173 4483 4586 4482 3765 3751 2713 1423 4380 79 525 2802 3881 3417 3217 4928 938 3749 882 4253 2640 3054 599 1275 4966 536 4993 4470 3690 3825 3956 3287 4620 124 1017 3188 1001 3619 227 4207 4411 3901 1921 4652 3952 1239 2759 4179 4172 4377 846 4490 3901 3446 297 293 4749 62 1246 577 3801 1983 73 3992 1706 2437 2663 177 462 277 923 3742 3954 1309 4069 4018 3179 1068 1240 717 4112 2814 2433 675 1312 825 3538 4100 4974 4779 1717 1754 1067 763 3321 2640 1697 1773 3097 3678 224 326 2647 3153 3711 2617 496 4410 2738 2174 3923 43 594 824 3452 269 610 2221 1781 3336 2908 4809 4701 1917 4575 2639 3751 2423 135 4506 2122 4490 4357 4847 892 510 3939 651 4930 414
853 1846 2832 4368 3954 1284 3389 3899 1649 4874 4197 3984 426 2189 3042 3902 3491 3443 1780 180 359 4850 1141 4444 2158 4418 919 581 3500 2494 276 2359 232 366 2559 1433 4943 547 302 2545 1657 653 530 2435 4131 1631 4916 3452 2027 4859 1285 2978 1467 2780 4507 2944 2970 301 349 1185 3475 964 3254 2894 13 4270 2653 2923 1040 3248 2179 4360 2598 4570 2905 1320 2934 3070 4362 2908 25 229 3366 1169 4396 926 2802 4320 453 4127 1195 731 3002 2294 4459 3894 312 4515 3669 4045 3896 3361 321 4396 311 2597 2702 368 1886 1498 2016 3407 2275 2144 2382 1587 3863 79 3681 2554 3082 4413 2410 3936 1633 4345 854 297 2771 3310 4074 3594 2873 1282 897 4939 3951 3901 1248 2914 464 2190 2525 4919 4261 1664 2077 2866 1202 2446 1586 976 4410 1339 2668 2335 4972 2202 1391 4937 1098 2626 967 2444 1207 763 1895 250 3846 598 2522 1804 3720 1130 2971 2811 1988 173 4722 3250 2700 1067 2505 3082 196 121 1719 4900 1762 1293 4028 1655 998 3143 2467 4305 2697 3512 3952 747
1033 4077 4647 4968 2220 3774 3989 3523 3564 3021 3002 2473 733 4280 4005 2166 144 1330 3165 1680 2455 3042 756 3025 2352 1338 569 4474 4781 3455 1476 95 366 1884 4291 2690 2613 1353 2566 4936 3883 1783 1342 1547 2194 4978 4736 1912 2850 1348 3978 293 496 1020 291 4711 2132 3895 634 2537 1227 3361 2950 4904 3479 4350 3879 1299 3686 1068 4763 1001 4459 3624 2627 3074 1082 3867 368 740 3823 2402 1089 4869 865 734 4397 443 3830 103 1004 2555 3656 1135 2570 4880 1677 801 2728 2331 86 2657 4409 4567 1468 2886 907 3188 1149 97 330 85 3697 2821 902 4434 3077 4051 3144 4534 2252 4449 2690 288 3293 225 2136 1529 4756 2467 1629 4653 1567 3952 2402 4167 236 143 4295 4522 3713 206 2916 485 1533 3991 4648 1839 1856 2115 2696 3252 3011 1429 4473 3506 18 2335 2852 3639 4014 984 2171 1555 3546 1788 1971 829 2632 740 1036 1482 2601 1300 807 2009 3375 364 402 4770 1467 885 4216 4094 1682 4742 3638 1647 594 2734 4467 4813 1802 4039 3408 4287 3165 3244 4132 1306
4000 1297 1302 671 2531 4460 4644 131 1143 971 3465 2298 985 250 1486 3671 4233 3702 2713 1115 4076 16 2250 3570 4689 2889 2020 762 3256 346 4722 3976 2559 4291 1993 4857 3327 2564 873 882 1624 562 1037 3978 3058 1697 2456 561 1841 1801 1245 3100 237 2301 3779 1283 4540 2555 1227 4561 38 1312 4391 465 3771 3789 831 60 4882 1232 1632 427 3272 4876 747 2694 1139 4763 4800 739 4160 2658 3254 2693 868 2643 4673 4051 978 3667 1840 4460 3799 1897 2917 1098 721 1597 107 1826 1272 1057 1915 4654 3986 1730 4499 699 564 3657 3292 2788 1076 2080 794 144 4939 1748 2747 1796 2525 4330 3280 1089 1690 4796 3351 2446 2847 1351 4983 1801 1450 344 446 3984 2378 3921 742 4209 950 618 439 3337 1824 908 3408 658 1994 4841 2009 4666 1960 4342 117 4456 2950 1638 643 1154 4916 747 528 1766 673 3429 2039 3469 4311 1620 249 2967 3673 4232 803 395 1944 4989 4016 3746 1882 4771 4113 1368 836 3914 4930 292 2114 3138 1056 1150 3479 4703 1349 1608 4470 1801 4091 2010
2204 3298 2615 4666 2393 3762 1909 4078 3690 833 4807 3833 4359 4138 4550 1995 766 2780 2233 4876 3131 2450 4422 2274 3830 1738 2024 3639 4570 2374 2891 540 1433 2690 4857 1165 3381 1793 535 115 3756 4503 761 1637 1621 77 3208 4662 3331 3776 4026 686 4694 1863 1768 1062 4937 2976 881 2592 2458 323 3636 858 3509 3559 1276 4662 3627 3218 4591 2473 1472 2680 1770 3786 4595 3011 4157 3490 3734 3280 4658 66 3111 2112 3762 2287 1564 1137 3634 2376 2950 2248 2654 1870 2791 1862 3080 1053 726 804 677 1544 3321 4123 3884 2952 667 50 4824 4776 4054 4366 1260 4260 4613 3608 1574 3117 1727 3928 2834 4325 854 1687 1059 2371 2196 3008 188 1761 962 976 734 3924 2372 4421 256 1923 3735 4241 123 4465 1225 4797 3774 1414 3957 1812 2576 4873 3596 1734 3774 2120 3339 3008 246 3381 1521 1270 3840 3908 621 1440 2949 3199 163 4272 2130 1729 1457 542 3449 2024 2994 2322 989 1299 233 2011 249 3474 2865 3841 729 4508 2447 694 2139 3119 3534 4963 3108 1243 1037 2671 3983 1231
2713 2200 3009 61 3951 77 677 3422 2132 1396 3396 158 2941 3547 1962 3030 4622 4518 4926 3997 1204 4843 4237 2531 2377 1076 283 3410 986 3354 4948 3567 4943 2613 3327 3381 3367 3576 4910 2641 1532 4033 4973 2613 4013 3274 4580 4453 623 3021 2857 21 587 4845 1358 2789 4695 390 4789 4294 3131 2150 422 2251 3723 645 4218 577 4714 104 4800 4586 3878 4807 1011 743 4624 3929 1436 3950 2481 2615 1520 3366 4786 705 201 2120 2441 3447 3102 4418 2749 268 3315 2149 473 2888 432 4157 1632 3387 2862 4902 2661 1656 3016 1218 2976 4318 893 3284 1920 1839 2861 4700 2841 1685 1379 3894 3946 4875 3260 3176 2846 4097 2914 3186 2487 4565 4022 81 2259 81 4941 337 648 1105 1678 3544 4710 3368 1352 3323 2923 3407 4862 562 4555 2191 231 888 1586 1232 1029 1880 2934 2254 409 1386 1098 1324 3240 589 1639 4184 2776 3172 775 4286 1102 4313 2999 4810 2639 1842 1988 710 190 1393 4724 3574 3195 4769 2066 481 4802 592 660 4903 1162 786 4677 3187 3406 4649 4128 2751 1384 2968
4533 474 2171 284 3533 958 636 4958 2277 3700 3280 4691 4504 4155 2560 3442 788 2558 455 4531 1968 1201 160 2508 4185 2193 4738 2865 457 3414 133 17 547 1353 2564 1793 3576 3525 3311 3433 1494 2841 349 1142 597 68 4828 3040 4271 3102 1993 283 4234 1200 3722 4453 4486 3409 3468 4867 3144 4815 1481 2820 1963 4893 4434 4318 4116 64 4752 4768 3950 447 4027 2835 760 3306 3194 3067 3290 4912 2282 2310 4798 1542 3856 1269 756 63 1271 3210 625 4322 3278 4648 4213 3919 2179 125 2976 15 3088 4056 310 1296 392 2148 1100 2613 665 100 2281 728 4652 2576 3222 2344 1265 516 1740 4981 1212 1371 3862 4120 4527 3734 3334 2619 4146 1379 1601 1142 447 3873 1093 598 61 3893 3729 2037 1399 4380 3826 3357 4847 182 4617 4998 2967 469 1554 2945 238 63 3981 4253 1952 2921 782 1207 887 4297 3312 96 4477 4240 3340 4586 585 2372 3315 3773 1848 4261 3995 2176 4549 1612 4451 2191 1019 438 631 373 3221 2041 921 3165 2766 128 3751 3392 1037 4928 3163 3635 1820 2052
1917 1973 3348 525 4757 4747 4301 4647 1674 4972 2925 3062 3994 3266 271 2024 113 1544 2981 2129 270 4305 3840 3197 3244 4501 1145 2792 1262 3504 483 2059 302 2566 873 535 4910 3311 4155 464 1443 2633 3143 1621 3223 3146 1657 2367 2271 3271 872 1005 3403 4083 14 2297 2464 4008 4904 3115 1555 2684 4204 1010 965 3442 1110 4581 2606 1016 4328 2012 85 4882 2061 4156 3311 541 4547 646 3102 3828 1101 4673 4521 79 3568 2707 1594 795 4912 4162 167 242 335 4153 4375 3402 1950 3540 2197 2146 367 491 4973 670 3670 2952 3960 262 2353 2612 3237 10 1875 1692 865 280 3916 3715 1629 3332 3509 4224 2476 2855 2787 3131 4682 1566 2884 131 1860 994 1577 3101 1641 3346 1538 4415 3225 1320 2560 1356 4383 2706 4575 1154 3424 4560 2449 4953 2311 4491 1583 1378 1299 155 2221 4055 4269 1342 3108 190 1208 3022 4483 3981 3162 4892 2784 2871 3384 839 2491 115 2286 2847 3098 3829 3304 2193 4501 3513 2777 2463 3077 1150 4722 2660 2395 518 4976 1641 1081 834 3779 3158 2140 2782
719 1659 2559 3889 4098 484 3722 2670 3477 932 1004 3955 487 3496 3289 3238 4810 4507 692 4334 4971 1181 2250 4982 653 113 4995 992 2165 4644 197 3367 2545 4936 882 115 2641 3433 464 2864 3800 2487 3472 2152 1109 689 4717 1903 2430 4064 2134 2027 3984 1784 3759 3137 3007 280 1953 4599 2031 703 1804 2499 3371 3838 2462 1439 4648 2367 3257 4222 3296 4176 2390 2963 4145 3182 1008 3919 1624 3229 3407 2513 1558 570 3294 2168 2067 4690 4116 2710 4767 2739 615 588 2870 363 1263 3144 2457 4246 2261 3815 4848 3923 4331 1846 4928 4599 217 2185 4348 501 2153 1120 4435 3365 878 1264 2385 3879 1022 4691 4256 2864 2247 424 391 679 4191 1299 4186 4012 1788 523 910 3096 946 4760 3952 1253 3732 4384 3063 3783 765 165 1814 2138 3398 497 2701 3508 1988 2554 2891 940 4002 2333 1576 564 571 687 4341 2757 2170 4917 2694 1021 1394 3454 264 3566 2167 1910 4380 3532 3444 689 637 1504 162 4208 3401 4225 4668 2981 4757 52 2214 1043 3098 460 2695 4435 464 499 3252 4858
