N: 200
M: 70
Symmetric: true
Triangle: false
3 35 150 103
2 98 154
3 121 52 166
5 23 168 67 4 41
3 152 62 149
2 64 115
6 132 96 89 63 184 26
3 46 155 183
4 77 93 38 129
3 21 175 197
3 174 171 126
6 159 118 3 40 45 177
1 134
3 193 165 101
3 137 85 6
1 32
4 37 68 36 56
3 170 8 31
4 92 109 144 194
2 53 86
2 27 190
2 164 82
4 87 185 79 158
3 20 182 128
3 172 127 84
3 173 60 12
5 169 167 178 112 102
6 48 25 157 153 54 95
2 70 163
2 135 138
5 196 76 145 14 141
3 19 97 188
3 34 186 160
2 116 78
3 181 125 39
1 108
2 156 71
2 18 142
2 28 15
1 131
2 140 120
1 59
5 176 189 13 57 65
2 33 200
1 107
2 99 11
2 42 191
2 1 104
2 43 123
2 113 192
3 117 162 195
2 2 105
3 122 198 114
3 9 90 5
3 130 88 61
4 81 55 139 148
2 199 75
1 133
4 147 7 29 51
2 74 66
2 180 22
1 110
3 83 136 58
6 17 72 100 50 73 146
5 94 44 187 111 16
2 30 10
3 151 179 161
2 106 47
6 24 69 80 119 91 49
2 143 124
4226 3639 157 1425 1280 4920 1320 641 3734 171 2742 3580 2713 4259 69 849 917 1230 3422 863 4886 3951 4488 4015 1583 439 3323 4297 2491 1671 662 3615 1544 99 475 4232 2289 1071 4476 2662 2909 3410 1141 3226 1467 4800 850 3176 4270 2566 4336 3223 4048 3140 595 4686 3179 1253 3465 4593 2069 565 4264 4337 3582 3888 2404 1382 3815 2540 3825 2005 1154 2565 579 228 1424 3421 3769 2124 854 1037 1727 3793 326 4424 3066 3138 2461 2949 2140 1672 919 1622 1147 3734 4857 1238 498 1750 2087 836 1810 4716 689 3992 592 3993 545 3687 4496 825 3518 1567 2419 3143 2826 4368 3512 1044 4444 3805 1226 717 647 3852 3946 1819 3506 329 4590 585 3386 3676 1237 4116 3198 968 3766 2404 1030 2156 3615 1664 3836 4160 2325 4212 1001 3208 1102 1104 414 2513 2043 1181 1658 530 3842 440 239 4789 1592 739 3745 1574 1062 348 351 4920 4013 3762 2328 13 3214 2304 1265 4495 1614 527 443 4339 852 1001 184 2201 2261 567 3159 1062 2242 3646 1631 237 3242 3749 4343 3470 1307 2467
3639 556 2782 3943 894 449 989 733 986 2476 2063 2800 1047 3407 2467 1975 3235 3192 4276 3476 2230 728 4734 44 3381 885 3036 2708 4015 2555 2656 1422 3847 3014 4477 2728 841 1597 4347 4073 3076 2317 4357 3185 3713 2416 2007 2290 1354 84 2290 646 151 4428 1305 4493 3399 3980 4974 4714 1128 3956 4810 2844 2848 1920 946 614 2145 2828 4409 2462 4942 1533 3420 3407 1406 4917 4591 159 2255 1721 2568 1579 783 2975 3394 4285 4077 4786 741 203 1322 90 812 2616 1856 3425 2943 4173 543 2967 2305 4157 700 2350 4092 4573 2518 4779 3592 2620 680 107 2269 2941 3369 4729 3542 3388 2315 3761 3999 4479 1441 1071 654 521 3337 296 2974 1865 1928 2426 1537 4445 2627 193 3866 4143 224 971 4030 822 3598 774 3925 4282 3824 1614 1219 584 3750 1084 4680 1133 2795 3686 278 435 2858 3401 4968 3769 2269 1509 879 1829 1147 1346 3040 1051 981 4791 1811 1157 1436 4413 2487 2475 4189 4748 4991 251 1184 1685 3615 2453 2062 231 2071 2779 2341 4850 1024 932 3909 49 1470 4219
157 2782 4757 1443 3079 2683 3491 514 4450 4291 1620 2022 3651 1703 1138 992 1752 3482 2349 2790 2275 4851 1771 2175 4769 3448 1389 1201 542 3996 4217 238 104 467 1531 2843 2852 4703 2973 2714 3838 4555 2776 2350 325 1068 4590 2594 1639 3341 2197 569 4888 2742 4677 1942 1239 723 351 172 107 2445 3368 1750 3798 3766 2399 1786 4525 4327 3513 3761 2051 3793 2037 1632 1924 4883 4420 299 1785 4400 4297 2356 4003 183 1130 827 4405 2900 3218 4274 4176 1661 3050 4123 2998 117 2851 2239 2978 876 3679 777 578 1315 3648 1101 106 2897 4023 1667 1778 4232 2178 3246 177 1848 3255 4986 1799 4972 4782 3404 1021 2926 372 2761 3957 3232 3988 4586 2596 1905 4028 2402 3026 4891 4026 1701 2534 1389 3102 2372 2367 4102 2096 729 525 647 977 4118 4389 66 2468 3073 2292 4218 2382 4027 4237 3893 4336 2466 1191 3066 934 867 640 1808 4384 1827 4296 957 3477 2774 3315 701 1243 690 1782 3407 3698 4498 2209 4461 2183 1776 2924 1951 327 1365 1325 2680 3175 4967 2691 3704 2607 4828
1425 3943 1443 500 3538 4315 1656 920 4090 4547 2727 2752 4615 1119 3627 1659 4472 260 4547 990 4569 490 341 4822 4453 1431 3220 1975 2401 3032 3647 4906 1464 927 1950 2905 3817 3248 1679 4351 4269 4580 2824 4423 4263 2620 2071 2254 4940 879 2195 4009 172 2054 81 3881 2253 3985 60 165 1922 1200 1623 2792 2720 1695 3017 338 3684 537 902 650 1259 4213 716 4839 3912 1254 2479 1490 4098 2675 3746 4622 2785 1727 2291 1421 307 1049 206 4730 179 3724 1029 1316 4869 2877 2627 793 4026 2887 1715 3984 3184 3549 1444 2005 1261 548 413 4480 725 3105 4218 1476 3667 2610 4350 164 2818 619 3044 1734 4525 4896 1193 4214 3876 1371 3151 3953 1935 1910 2523 2734 1334 4600 4514 3845 4662 3952 2741 992 3583 3594 898 53 4971 3359 3813 472 1457 4296 2425 664 881 1037 3106 841 2042 180 3075 2639 1468 4418 4178 3257 117 4363 3894 1120 1087 920 1055 2094 1965 4372 515 1506 3231 1639 4792 2153 3033 626 2649 167 4548 45 3197 1343 3650 4612 3177 2145 906 848 1328 4518
1280 894 3079 3538 681 1779 15 110 1904 1890 3066 1023 84 4373 449 902 1173 106 1588 2315 1210 3378 3898 1264 87 2618 3925 10 974 679 4836 3182 1109 4317 2009 4020 282 2489 2497 139 1582 26 3858 4266 244 1708 170 4750 467 2823 1180 187 351 1443 4598 2053 316 1207 763 3078 2053 4188 3603 4125 1828 1582 3541 2293 3346 104 2102 2223 4089 1455 2079 4656 1473 1317 4531 2294 3105 1306 3228 1621 1794 2069 4210 2530 2393 375 725 307 2912 3405 4027 1851 363 2653 2806 1066 4166 663 2464 3485 705 2883 2386 1620 1567 3634 1500 1583 4291 432 2368 1038 3638 2881 4044 3023 3600 3705 507 1597 1508 4143 2735 4223 3924 3501 4442 2649 232 4999 3113 4499 4354 3339 4237 3173 286 2032 1671 340 2272 4549 76 1937 4305 43 2847 3403 3658 4372 4521 238 2374 535 4938 255 1286 4025 1893 140 3012 2676 3467 4386 1379 831 4803 4568 2121 2388 2580 3307 1609 987 2238 2785 1986 2724 2130 585 963 4051 2939 4372 4975 2602 4138 1672 4005 2908 4138 3753 1457 3142 1114 4430
4920 449 2683 4315 1779 4623 3569 1185 2967 2119 4281 3357 2803 2513 4047 4840 4816 2446 4160 252 4567 3922 2214 1794 3633 4984 1298 2656 341 3604 2792 20 776 3057 3979 4021 3787 4990 3094 3621 1675 460 3916 4190 3396 1407 2203 4066 503 1724 2664 1267 1404 3470 4986 3198 4110 1224 3843 1709 3805 2328 27 3684 1361 461 4074 1275 1727 2781 2477 1100 4759 3136 2045 999 984 482 3810 4152 1356 829 2380 4546 301 1497 433 1993 929 3085 1367 774 2962 4782 906 3636 1304 821 1709 4376 3263 2390 1169 4800 4085 1737 2053 414 3849 4772 1461 4824 3632 4245 3446 166 4968 3707 2099 3483 1210 2936 2086 724 1755 1068 3014 3521 1396 3360 4224 3137 1793 35 90 4734 1436 4848 1969 4034 751 4825 3520 1900 4067 2757 2745 1005 4291 4120 3343 3748 2704 998 81 4620 1742 1966 2450 3675 3513 1407 3699 1701 1827 1560 2395 4180 701 3641 2679 4895 1833 2632 3437 1336 4936 228 2819 2370 4242 1071 2205 3815 3157 2079 3978 1528 726 4395 3007 1037 4994 466 4828 2155 3079 2265 4286 278
1320 989 3491 1656 15 3569 3137 2078 1461 1642 4855 4123 625 751 3236 2185 1550 3592 3877 2509 3019 4736 1814 4657 1371 985 1841 2332 3748 1363 454 3701 816 2320 1473 4379 795 2552 1222 2241 3477 3563 2289 3035 2740 776 945 2926 4506 4248 4518 43 4331 1471 4334 3316 540 2375 4968 1437 509 2587 3382 3462 663 3514 1465 1009 2523 262 4730 1658 4109 4663 1013 1823 226 1418 671 2542 3802 2786 2904 1411 3373 3737 3692 272 2117 1057 3086 2847 2956 137 2316 2951 3072 3724 706 4161 2766 2346 1542 3980 2707 386 4990 4826 2942 2360 3372 3597 4265 2535 1047 4876 683 3753 4984 302 1261 1139 3062 4208 2706 2849 4969 2513 2869 3702 2627 2733 3233 3515 1620 4942 1098 1381 925 1239 2270 2928 147 1583 2144 3174 4961 937 3455 3763 3217 4118 2969 383 4316 2218 894 1273 3981 3011 694 2699 4795 1032 4734 2383 1561 1298 3924 3589 1134 485 4659 4240 350 2102 1486 848 4376 1101 2634 3431 696 2704 3486 1619 1232 2457 2067 1588 463 4998 249 131 3151 1832 152 1532 1832 834
641 733 514 920 110 1185 2078 2165 114 671 1229 1792 881 2971 3864 4754 4158 3122 1753 1048 4593 1734 603 3933 2509 739 812 4728 2113 1575 4725 497 2857 3953 2788 3606 2582 853 1470 3326 3305 790 1008 1270 2106 1431 765 2558 2099 1925 2628 1029 2209 2973 2443 407 3135 4950 2629 1710 2600 3701 2826 4877 4894 2725 3246 3980 1725 2451 780 1202 145 475 2413 786 1289 2265 2713 1235 1183 3729 2068 1916 846 1073 3830 959 3068 3541 4657 4172 987 4360 2684 4061 611 3193 2880 1891 4283 3340 3407 523 3973 717 92 2473 2273 821 1907 4208 1274 4841 4098 2946 3538 272 3971 716 2267 3634 3074 1910 308 309 818 2551 4683 1857 2607 166 1391 722 3203 345 3798 1211 2978 3623 2839 4865 879 54 4722 3258 2755 399 4347 4162 3702 4696 4117 1686 330 1389 185 4468 4336 4530 478 4013 1550 791 4037 2810 1154 3311 2162 3054 2672 112 4454 311 4109 4993 2553 3439 2854 1830 907 4809 4103 3451 2042 3619 4706 897 2980 1761 3601 3180 4573 2300 2255 356 3000 4481 977 3288
3734 986 4450 4090 1904 2967 1461 114 1733 4061 3525 586 1188 1113 1016 1697 2515 1581 2579 3689 2644 3912 4843 1566 1582 938 4813 2149 3804 3563 4534 2966 3629 3477 2676 2318 3729 2995 1703 2013 3582 2170 3855 1345 1479 1534 72 3298 4958 2543 1376 3409 2245 4009 4931 164 2567 4115 20 1300 1247 1152 3061 3725 2076 1648 275 4989 4798 4506 4297 1583 4805 594 3767 535 1231 417 108 242 1357 2628 1404 304 4522 2265 157 1629 1693 1797 4334 2192 3687 3945 2838 3016 3236 1742 4285 1473 1596 4043 4015 3911 192 3983 3502 1805 1147 1229 1844 4236 294 2815 906 4945 317 2235 2033 4549 1230 705 3969 3693 2876 755 4983 2743 2338 306 3670 1652 1231 1211 2830 1736 870 2218 4418 4770 4977 3573 4968 1340 3174 4173 1839 2550 1225 4517 2965 4490 3411 4846 457 1228 384 75 2473 404 2859 1117 164 1908 3825 3333 3054 3285 279 3987 4513 1866 2698 1143 3155 4687 3856 2149 3659 1851 2113 1499 3373 1729 2877 2929 2931 599 3463 1187 3439 1248 1067 4755 3530 847 1160 1097 57 131
171 2476 4291 4547 1890 2119 1642 671 4061 3113 3262 1321 2530 2110 2031 2510 3712 2890 2250 220 264 898 2899 4485 2643 913 4052 1383 3952 3789 1637 4947 3144 3070 3224 3396 745 4233 1436 4345 3346 3883 4317 440 2005 3252 4784 3043 3081 1932 1678 4223 3011 2664 2209 490 2728 27 3985 635 4541 4975 2725 2927 2422 583 32 3328 2117 1748 3075 3084 1265 3060 699 3854 4263 3059 3624 806 3348 4194 893 1841 4772 2305 2790 2467 4548 2999 4207 908 2677 4305 1906 2710 12 2823 2300 4394 2892 1204 234 3502 1689 4552 3614 3778 498 2606 3132 2510 2915 1991 4453 2094 3687 2210 4927 171 3892 3472 1275 2365 1028 4367 1193 2268 4336 2325 867 2195 4214 2169 4421 3878 3659 802 2579 1162 117 2350 3929 3216 1411 4796 1885 4356 117 1314 3049 2060 1524 2864 4339 3320 2177 1074 3680 1899 98 3309 2306 2782 4914 956 4189 2655 2524 3236 3670 3676 3116 413 511 3438 1214 1297 4530 2026 3294 2792 2849 3425 2203 1559 4330 2341 456 1707 438 909 2228 190 3038 3262 13 4126 4740 3899
2742 2063 1620 2727 3066 4281 4855 1229 3525 3262 1176 2842 3664 45 769 3818 3032 4328 498 11 2115 1642 4311 4020 4930 4927 776 822 4913 2916 59 1391 2581 2205 4639 1064 3516 1820 1190 3717 1945 1586 1021 2086 4854 4413 3559 3077 1875 3342 2865 496 81 1859 1927 934 806 1181 4614 3056 413 156 1275 1946 4395 3415 483 4918 1536 566 844 217 2538 648 3994 4823 2795 4463 715 2824 4909 1369 1924 4994 2321 4960 2449 2427 324 2045 2911 3388 3794 41 1759 4930 959 4477 4849 559 1906 1115 3867 1447 942 2797 2549 2508 1646 4435 2896 4660 2156 184 143 3070 3769 1247 4317 3314 4756 4705 880 319 669 620 2586 2593 3048 865 4853 283 2223 562 4040 2583 3253 2388 4127 4329 3793 4341 85 587 1944 3255 2402 3363 1892 2837 962 2239 2283 1198 2436 4952 3451 2382 4317 1279 3159 252 1239 673 2860 3739 189 3062 1492 3594 2348 3693 1282 4287 2078 1308 3903 1442 3415 2546 539 4738 2680 3447 2893 3333 2782 3899 1673 1490 4148 730 3435 2887 3758 4600 592 4456 3419 3450
3580 2800 2022 2752 1023 3357 4123 1792 586 1321 2842 4108 2421 2016 4059 2968 552 3488 1626 1254 1495 1995 3760 3823 3892 753 609 131 805 2312 4927 4264 1908 1415 676 3755 3574 4873 1248 2929 4884 4232 2289 2460 4882 945 2071 3634 1329 440 3223 3120 1249 884 1271 88 281 1783 1298 53 2361 4919 3201 3418 4778 118 306 92 4062 1388 1392 4048 2104 4407 294 1252 3434 4707 4181 3165 1031 1693 3336 4858 2205 2764 219 945 40 3045 3768 1918 953 2653 3546 1787 1225 1364 4051 260 1944 1823 3869 3081 1350 3729 1389 1182 4347 1684 4165 3549 2655 1289 1255 2577 4127 1365 1463 3392 1512 1588 4196 4871 963 2731 4839 2957 598 4438 3318 1541 1612 3663 3375 1924 2250 3144 4478 971 3946 2504 4439 3472 3936 1941 1937 1690 3014 4129 378 673 3277 4776 2302 399 1812 3709 3204 786 1089 2455 2274 2363 1802 2731 2163 4906 1560 2291 3916 4815 2407 581 1292 2490 4641 799 2946 454 4499 647 2401 219 495 259 3440 3656 1922 3316 2363 188 239 3632 4669 2141 3808 4813 4108 1388
2713 1047 3651 4615 84 2803 625 881 1188 2530 3664 2421 4069 3211 4643 3650 3792 946 1707 2703 2889 2137 2930 3083 665 2270 3552 2751 4453 625 2479 4977 3430 2391 3656 4056 3332 1957 2966 1080 1049 4868 214 3740 765 4898 2303 2107 4856 3231 4879 74 1346 812 3897 4761 3533 818 1457 3815 3948 916 4274 1710 4483 2124 4057 2237 3195 1984 326 4632 2512 3789 1457 3449 92 4594 1527 2415 4823 327 32 565 938 4715 3795 1899 634 1090 2982 3870 1786 2420 4752 1726 3895 4774 2762 3374 1691 338 3103 4667 1435 1489 1699 1467 2126 3600 252 363 3181 90 3267 2722 806 234 1336 2613 2426 424 2392 2112 4593 2709 3924 4744 3933 2218 1590 3028 1826 2795 3950 202 4426 4390 1720 1647 1876 772 1072 2249 4086 560 1489 265 4337 2931 3232 2418 3583 2297 2489 394 3350 3709 307 957 912 4423 3096 3493 1139 110 2765 4372 2707 447 404 740 2709 4283 1184 4305 250 4666 932 281 2293 4959 4366 39 568 4877 4920 1964 2679 4571 1567 563 2601 2200 4822 1149 1655 1336 4673 3839
4259 3407 1703 1119 4373 2513 751 2971 1113 2110 45 2016 3211 2240 4853 1632 206 775 4025 657 372 2533 2560 1636 583 4300 3476 3783 2944 457 4522 1592 241 4928 3633 1932 4431 1562 4489 476 2558 901 4631 4983 467 2125 2448 695 1721 1195 3628 2645 2738 3576 4700 2145 3087 3316 3024 2162 4128 2245 4102 4543 2317 3178 1527 3229 720 3360 2096 3192 762 1086 4618 2632 3634 1468 3940 3198 2117 2617 4137 4338 1343 2882 3338 1388 416 2968 3698 458 3774 1755 2853 2595 4205 1456 3700 4376 1338 4297 4920 4682 4106 1081 1728 3350 4341 482 4767 3734 3934 3217 594 1846 4776 759 2917 1920 2938 1198 2667 3542 654 3524 3667 132 2554 2273 3348 1466 2557 3010 1609 4471 4082 2986 4640 2864 4762 4263 505 4333 3110 3552 3257 543 3972 3134 2766 4507 1218 2800 3632 1637 2711 1983 2549 4726 2103 3346 3349 4605 807 1448 1407 634 3263 1708 3393 613 3558 1300 735 2925 2792 1893 296 2998 3335 1385 2930 3844 3990 1139 4460 4425 3796 4372 4422 3018 4407 4855 2000 443 3091 4095 4665 2286
69 2467 1138 3627 449 4047 3236 3864 1016 2031 769 4059 4643 4853 1104 4368 3606 2275 1999 336 1185 4419 1848 124 4718 4750 3796 2361 906 3449 202 3208 2305 3242 2859 3784 2335 223 1998 116 2170 1847 2185 306 4788 3181 1269 125 2062 2992 1012 2012 1652 49 2529 451 4477 2545 4274 3342 1073 3616 1228 3085 1057 145 344 1830 3270 426 4914 3079 1674 197 2618 4317 2676 147 3417 4848 429 2475 4876 4996 1304 4329 40 755 3510 2371 1568 4498 4574 1993 830 1828 3545 4150 3885 1838 996 1430 1747 2527 1074 2627 4716 3306 2920 1638 3944 4379 1293 401 1419 4117 825 2657 1293 4158 793 2467 147 2517 4537 848 4203 2697 57 2296 2618 4183 4623 3584 74 4908 2223 611 1946 3297 3873 2559 2112 4806 430 4036 3343 2763 1863 4130 4704 4346 3529 2586 1556 3206 860 4174 315 3597 2795 2727 4831 3032 651 3688 777 3940 1270 2315 425 3022 4650 2401 2208 1280 3958 2871 1112 4895 2722 1222 4184 1471 1166 2951 992 535 1016 4492 2881 2924 1078 1614 2400 3818 2613 2086 2683 868
849 1975 992 1659 902 4840 2185 4754 1697 2510 3818 2968 3650 1632 4368 2746 3663 786 2548 1312 4209 2807 2334 1177 1052 3001 1777 2739 2426 2196 4593 3280 2835 172 1504 3495 963 3743 286 4009 4568 2691 605 1344 4482 3556 783 1064 2460 1878 2939 533 4234 2928 1203 4599 1048 4273 4101 1777 635 4285 1208 3227 4715 795 21 390 3348 3183 4024 734 4422 3141 465 2246 4982 2066 1297 3766 2613 2718 2495 477 4331 4413 4814 2296 2972 4472 2913 4207 1064 1801 4848 4118 4156 1781 1639 3158 994 4355 2265 2010 4403 2540 3900 4673 1859 1447 3344 1810 1776 3590 2999 3779 239 4379 1593 2032 198 2054 253 2896 2287 3657 1085 1107 1769 3481 1854 4222 3316 696 4716 3595 678 1348 1391 4293 2799 4626 3499 2949 2908 1258 3649 693 3832 3646 1652 327 3168 3776 4553 4173 1245 643 3312 3269 1479 1696 1298 4286 2904 2798 2556 1504 3087 4288 1627 4408 2110 1420 297 521 2055 3660 2714 4517 2401 3811 4987 249 606 1305 106 2747 4845 4983 2758 224 360 1840 185 4434 3350 2868 349 1778
917 3235 1752 4472 1173 4816 1550 4158 2515 3712 3032 552 3792 206 3606 3663 4879 2133 25 4373 1885 2805 3145 1920 634 502 857 2725 2043 3722 2762 298 3841 3787 2015 241 4686 3919 2579 1605 1081 866 2583 1973 998 2194 4424 749 2087 3330 2023 1184 2220 443 2447 4944 3849 3779 1397 599 1948 2770 4384 746 3812 1824 3271 4729 1103 3297 3693 4390 4026 4034 3479 1447 1157 2454 4821 4731 836 1103 1204 2921 3736 4760 1743 1250 4388 2235 1776 758 3330 2333 4549 63 1855 2556 3721 383 1060 3689 457 3993 899 3518 2669 3985 3135 3319 1527 3417 690 2005 1512 2553 3909 1930 4215 2599 2189 3902 2996 4768 1461 1026 1692 4047 2050 796 1873 3115 3693 4184 121 835 489 367 861 161 1003 2184 198 567 1239 3880 331 2891 4318 1294 952 2121 1439 146 2666 2038 2728 4937 2596 296 1987 2315 4815 487 1321 1911 3385 2170 887 643 4554 4339 4234 331 4893 4425 1968 3621 2321 2696 157 1318 3442 3856 4365 4399 185 512 3276 441 157 3717 1874 2491 2171 2384 4473 907 1726 1168
1230 3192 3482 260 106 2446 3592 3122 1581 2890 4328 3488 946 775 2275 786 2133 769 4785 2574 919 839 1340 4314 259 482 271 1840 1253 3297 4691 16 3879 2329 352 4007 2497 4170 2722 2108 1648 867 4544 3934 3849 769 835 24 2668 3069 4978 1584 765 4278 2886 1405 3602 2606 3174 2413 2887 3708 4516 3183 2281 2286 4012 3713 384 2161 3712 3095 4003 2532 2453 4477 589 3160 4656 2770 3416 4984 838 4836 3598 2896 3657 3399 2030 3389 2449 4574 4266 2285 4257 1089 4991 4484 4032 1553 4586 2085 1480 791 2188 3801 4556 1958 1152 663 2955 50 564 1632 255 3903 1616 2179 523 648 1160 1552 1996 2351 2461 1026 4729 2583 3943 3207 2845 4668 4755 689 3267 2620 4010 894 1674 3917 1464 1844 4466 4879 652 543 2060 1446 3886 1964 4322 636 976 2456 3845 3894 381 1360 4580 395 798 3670 1461 3755 4804 2954 773 3887 852 4939 1130 1431 3437 2495 3391 3983 2834 4662 304 1677 516 1133 3012 3348 4246 86 2807 4591 2010 280 4015 933 1366 2894 4158 1726 973 3765 4975 4994
3422 4276 2349 4547 1588 4160 3877 1753 2579 2250 498 1626 1707 4025 1999 2548 25 4785 4080 3795 4221 1630 1994 643 1148 2885 1994 2869 1143 4311 73 18 4040 2426 139 3992 4036 1332 3166 3263 3822 2744 3383 3419 1288 2350 1519 3229 3110 3146 2562 2843 2376 3742 2980 1417 4253 2525 1105 3222 174 2237 913 4509 2960 2871 4609 4847 3027 3393 293 2072 3676 253 1512 1039 291 144 3550 4286 3899 266 1385 1051 3192 3637 1660 1666 1010 1334 2979 1266 2341 4176 3753 505 2614 3354 4466 3395 3039 1719 2783 1133 772 2478 3830 4286 3795 1999 2176 3261 4062 342 680 2360 4503 3943 367 2564 1288 4515 1563 2043 4123 569 2371 3884 4932 2116 3226 2937 3034 3556 1757 2231 2776 3175 1350 3380 30 4176 1665 2308 1913 3887 600 3135 4750 3180 3134 3732 1234 3243 992 3468 4135 480 509 3626 3281 1009 3187 661 2891 115 3058 3398 2199 1279 2034 2231 4578 4964 3091 1314 1199 2392 3298 1918 4572 4960 4360 937 3154 1151 3277 4833 233 176 3784 1890 1500 3923 4440 4312 2672 704 843 2108
863 3476 2790 990 2315 252 2509 1048 3689 220 11 1254 2703 657 336 1312 4373 2574 3795 1438 714 3067 1784 899 690 810 1184 4235 1194 1652 3720 3979 2267 495 1835 4184 3260 1383 3799 3621 2134 648 4220 3684 3981 2073 1799 1957 3785 904 335 4949 1765 4901 2192 4821 4560 2756 10 2569 4937 115 3147 4187 1885 2375 4028 3685 3977 3177 2046 4746 4560 254 4781 2714 1750 3370 3354 1073 659 792 4195 4546 4572 3581 2544 4797 189 267 586 2050 4355 713 1425 3485 1581 3975 1422 4360 1854 1945 4164 455 3465 3162 205 1713 1909 2110 2772 1714 2478 2704 1231 1731 4287 4846 4407 449 2623 2348 1798 155 2937 4388 3709 3642 1763 1918 1763 4557 2195 695 1805 254 2544 3345 1259 3449 2703 1650 2761 1535 3595 2277 4474 923 3944 3508 319 2480 1609 3364 2553 2047 675 3312 4628 1644 2726 4602 3325 1154 2755 1529 3671 2711 3462 2482 4613 3065 726 1861 2501 865 4663 981 2086 2674 269 474 1034 3680 347 4369 4251 1011 1668 3465 2362 1057 2274 1101 3652 3356 4902 4206 1047 2575
4886 2230 2275 4569 1210 4567 3019 4593 2644 264 2115 1495 2889 372 1185 4209 1885 919 4221 714 2707 102 693 4821 3548 3678 3918 3955 897 3464 2822 875 831 286 1879 227 480 4598 1409 996 155 3779 199 4671 480 4656 1314 4273 2156 213 1714 2042 2244 4589 3585 1174 2201 2523 2290 882 1286 3528 3745 754 929 1577 2197 2610 3904 2050 3706 3975 3869 2882 3842 856 1755 1691 2690 4713 4464 1432 1322 2390 360 1437 2262 2351 1651 2975 939 3455 2484 4797 3446 4546 3929 1669 1264 105 1499 352 2090 4539 2690 4937 1341 1995 1154 4112 40 1695 2242 1601 2282 2978 946 539 2397 716 2378 4725 562 2340 3587 1200 807 1827 733 4368 3603 2477 279 1087 1697 1071 3641 3007 1557 1926 3164 4596 1114 4163 2448 3156 4338 4517 3022 2731 4024 3227 226 4485 409 2064 3266 2119 2749 4733 4326 1162 3232 341 4326 3614 4676 596 1420 2205 2503 1261 1932 2071 3521 1305 1817 3015 4498 1505 653 2391 102 3964 3195 3101 932 2093 1792 3231 3440 380 4079 733 4176 4306 1205 299 4773 4266
3951 728 4851 490 3378 3922 4736 1734 3912 898 1642 1995 2137 2533 4419 2807 2805 839 1630 3067 102 1957 1460 1879 1032 2314 17 3689 4132 679 1576 2877 2510 2273 4036 913 1405 1572 2406 566 4574 1234 3535 2134 1831 2130 3566 3203 3590 2580 3761 4485 4128 1004 3862 1409 2391 2269 4359 4820 2620 4830 134 1183 67 712 4876 166 706 1262 2183 4566 4283 4785 1934 2956 1653 2727 4183 1713 2064 4938 2230 1548 3978 2615 3164 708 4702 4164 3571 3303 1691 4238 3276 153 1927 1722 2953 1337 2392 1651 397 2308 521 408 3370 3050 3400 186 2593 3671 240 2367 3736 2399 4521 1964 3561 1332 1890 3875 4900 2486 3362 3990 3476 3348 4540 3521 3824 4227 3999 4243 1823 4113 1495 1977 1513 408 1363 3506 3125 3592 2126 4699 1080 934 3142 1245 4727 4486 4623 1203 3414 1940 3349 1824 2670 1919 751 2736 3154 2108 2178 699 3421 2122 4279 198 2596 2437 2797 2938 2580 479 3429 1119 4909 1289 3277 2136 2460 1610 2786 650 1835 482 2283 4987 3064 2879 3701 4149 2874 3698 2720 3533 3682 1587
4488 4734 1771 341 3898 2214 1814 603 4843 2899 4311 3760 2930 2560 1848 2334 3145 1340 1994 1784 693 1460 4315 763 587 2276 4840 4587 1670 482 4891 2621 1376 1765 861 3446 4459 2189 2824 3068 3906 429 1180 4046 2657 2156 4165 4620 2445 3647 2901 2840 1151 2458 78 4864 3510 4932 2546 2217 4877 1724 3119 1486 2066 1060 3259 2357 4106 3350 2276 1369 1888 4874 771 3122 4619 2619 1463 1780 1957 850 1188 138 1637 4770 1958 1655 2135 2128 1658 4499 3670 3780 1161 3035 2168 156 3456 1481 2831 2938 4130 2208 3214 3730 3352 1290 744 4166 3275 589 2907 2208 1585 1223 46 3870 2127 4335 2412 2590 4798 4863 3547 3759 4396 4857 4479 786 1709 580 1669 1941 212 433 1619 3642 1790 4989 840 3167 627 3577 2268 3764 4516 4532 3714 1242 1537 3269 2793 3669 863 4052 199 3791 4638 1753 3836 3493 4489 291 2603 4302 1589 3842 482 1221 4974 2645 2652 4231 4150 2452 1074 3621 2602 2418 2388 1928 1048 4805 254 678 1944 1622 4295 51 4071 3740 1770 2771 4131 4124 3808 646 2454 2221
4015 44 2175 4822 1264 1794 4657 3933 1566 4485 4020 3823 3083 1636 124 1177 1920 4314 643 899 4821 1879 763 1996 3036 4537 4987 2315 3738 1764 2658 109 2743 3740 3822 1027 1985 4704 3824 490 3673 3822 2113 1806 3833 206 4474 3165 4895 923 4579 2513 3336 1980 466 3235 4617 3261 1703 911 3631 2825 3427 3845 1511 231 1416 2390 2651 2761 1314 740 887 1983 2705 2157 3253 3930 2113 2763 1601 1984 2118 2893 1959 1500 753 3179 4553 4125 4787 3779 2161 1704 2576 3360 3554 1200 3066 2319 2689 3188 2827 2931 4413 1540 3379 4986 918 1268 1380 4369 2681 2893 1140 2489 4479 3781 2260 2538 184 1914 4898 1555 1346 2548 4960 2311 2013 2818 186 1223 2876 728 607 2706 4398 1429 173 3152 93 3409 4563 3465 4460 1930 2467 4029 753 951 48 1192 2120 833 4365 3556 1139 1447 4459 1559 1206 1935 4043 3427 2118 250 1043 280 3073 4029 4677 3009 618 1190 250 3908 3007 4595 3475 2906 3739 1092 2780 100 789 230 3828 125 2323 3612 2827 3176 3107 4490 711 1867 564 4954 505 2549
1583 3381 4769 4453 87 3633 1371 2509 1582 2643 4930 3892 665 583 4718 1052 634 259 1148 690 3548 1032 587 3036 3916 3322 4464 690 2574 2168 1899 1746 110 3110 1606 1732 111 4746 3465 685 52 2047 3688 3394 4256 256 2219 3713 4983 935 1194 1408 4871 4685 1429 3261 633 3650 1652 2858 4792 3550 525 350 4354 4406 4391 4755 3405 4242 620 2725 3650 4609 4380 4287 369 2378 3377 2711 1178 3537 1888 1247 2807 3539 397 865 4048 1685 2631 483 4567 1792 4333 694 3267 4931 3462 1762 257 3231 423 2351 4292 2435 1909 4960 4954 3357 2367 3091 1519 4332 2431 4028 3991 1639 1416 2763 64 882 4647 2338 2388 2148 2289 1620 3501 1897 1765 3653 4741 4889 1702 651 4268 4319 1528 3504 92 4695 598 1020 3773 989 3545 1008 4701 4513 12 1636 2768 801 2579 2795 2624 1496 2090 3920 186 1687 4617 275 3642 752 2430 43 2457 3310 4485 4643 1086 1717 1447 2012 3981 506 768 3098 3406 3591 1983 401 3803 733 1354 1135 2438 3683 2517 4197 2997 3856 2476 241 4629 1231 2030 919
439 885 3448 1431 2618 4984 985 739 938 913 4927 753 2270 4300 4750 3001 502 482 2885 810 3678 2314 2276 4537 3322 3023 2930 997 402 1901 1536 1592 3493 4217 1095 4519 2669 4713 4680 168 1350 752 2639 2418 2976 1705 223 30 1606 708 4062 1797 1795 910 4017 744 714 1479 568 3317 4537 2309 1484 2228 3111 3325 1407 3927 1988 2415 2342 4272 4087 1782 4108 2800 399 391 2920 967 985 77 4017 4391 4248 4285 2661 1550 158 3651 3498 1406 810 871 3943 4004 3932 1714 4482 502 4672 4075 4557 1968 1685 4073 4011 2456 3549 4331 1258 3074 4301 2798 2736 3375 2430 4895 3388 1771 1537 3335 4722 4846 4444 242 1407 4371 3944 245 265 435 237 3126 2639 3751 1307 3928 4047 2010 4258 1175 1058 4437 4243 4275 2269 3415 3664 1593 739 1460 1987 1410 4004 2614 4252 877 4637 2519 3850 2234 2724 386 4085 1892 2934 2079 403 689 4836 2871 750 3165 2840 4364 2138 75 4254 4950 1689 1518 495 3207 1716 3100 3390 1574 636 3965 3843 2727 4708 3533 3982 3250 1196 3006 469 3952
3323 3036 1389 3220 3925 1298 1841 812 4813 4052 776 609 3552 3476 3796 1777 857 271 1994 1184 3918 17 4840 4987 4464 2930 2025 2104 4144 2160 1986 2239 2349 1353 4600 2263 3816 1602 1783 1248 3666 4212 3544 4440 2347 3794 2748 780 4007 3724 3223 138 946 279 4729 4948 1721 1268 1412 127 3278 3084 1968 4395 3065 1091 4181 129 2890 1910 27 1327 4413 1595 1571 4768 530 2027 934 2744 691 3019 4909 1722 221 3673 2113 2986 1665 2407 4048 42 2949 4035 3624 2792 607 158 1029 597 1803 2111 3104 4998 2490 491 1577 1584 3815 4636 4823 703 2082 4809 1211 562 2768 4001 828 1569 3350 4313 4948 3850 1626 609 769 1111 2065 3080 4436 1211 1147 1866 4549 3219 4131 3098 691 1322 3343 388 3881 2594 4690 2607 3334 2824 4600 3061 892 835 81 481 4061 20 1305 3564 4472 1342 3950 3093 792 750 2579 542 4330 137 892 722 3697 4058 4568 1500 341 3777 3308 2435 4462 2527 3078 3143 1348 4384 3216 4513 4887 2485 4959 3076 602 1469 1929 3389 79 2948 4290 3392 3598 2823
4297 2708 1201 1975 10 2656 2332 4728 2149 1383 822 131 2751 3783 2361 2739 2725 1840 2869 4235 3955 3689 4587 2315 690 997 2104 4877 1441 854 2980 4192 4126 4107 1982 4433 2166 3921 11 3015 1154 4915 4413 1356 556 4049 4659 724 4857 4055 2345 3094 3122 1936 3239 4700 981 3712 1902 1086 4821 2350 498 1816 2224 2306 554 732 2882 1516 1930 2707 1333 4345 4774 1047 1535 256 2149 4689 2368 2188 1385 460 416 1946 3059 2265 789 384 231 2859 3927 2637 629 3398 3691 540 2929 1044 3785 2849 3568 4986 2165 175 2168 1823 1313 3811 4140 1749 1553 3486 4323 4196 423 3834 807 471 3537 2487 1551 2845 3835 4468 1005 1212 559 57 1243 348 4902 3548 3048 2599 128 2305 3229 3990 3225 4172 3246 4551 2243 1949 435 4784 4007 3239 3442 4161 4725 2609 2569 1064 4450 2256 2158 168 4177 378 1792 619 2316 3492 232 2692 2309 459 4513 651 1849 111 3629 2040 2920 2328 2160 1710 4557 3365 3967 3572 2665 4952 1334 3713 179 2297 1563 716 218 2041 1513 2653 606 4564 3586 2327
2491 4015 542 2401 974 341 3748 2113 3804 3952 4913 805 4453 2944 906 2426 2043 1253 1143 1194 897 4132 1670 3738 2574 402 4144 1441 4504 2367 3273 3642 861 2210 3262 2630 4165 3106 1460 1602 987 3606 3388 4478 4678 2794 699 3577 566 1282 738 1549 1789 105 635 2950 3069 2027 831 3565 1780 3857 2247 2871 2865 1188 201 1100 951 2144 4940 1654 1289 494 2706 3102 4801 507 4643 4071 799 2382 763 4925 1960 2551 2273 197 2956 602 2816 3101 2395 4984 386 2471 1553 3684 2001 2607 2832 211 1836 4436 4730 3694 379 3368 3483 1812 2940 199 1460 4088 205 3207 843 3711 3510 653 2599 3025 2052 3045 4876 3250 3380 1513 1895 1963 4331 1836 2283 4060 1219 957 2817 3893 2249 3556 2197 508 1825 1676 231 2712 2864 4312 4356 4092 2465 778 2284 4170 1213 263 1885 4398 2033 4341 2973 4128 4429 4123 4837 860 4327 209 1611 4640 562 3773 3977 835 3916 576 4778 2918 3049 4935 576 2897 4615 1686 1895 968 4154 4031 1554 653 3571 4631 1910 3815 1431 298 28 1025 4417 1047
1671 2555 3996 3032 679 3604 1363 1575 3563 3789 2916 2312 625 457 3449 2196 3722 3297 4311 1652 3464 679 482 1764 2168 1901 2160 854 2367 4608 4139 4341 3568 2048 3095 4514 936 2600 3762 881 2462 1596 2896 3796 232 2746 3660 79 4046 744 3684 4863 427 1539 1699 2863 545 4131 2968 1320 3095 1594 2071 3813 3072 2292 4505 751 1805 2629 4631 4306 3273 31 3834 2844 1094 872 3264 3035 3930 2485 3298 2649 2253 4959 3710 2691 4413 797 4526 4648 2022 3646 747 4527 961 320 53 4317 813 2786 3496 3578 3488 3292 3960 616 4880 1537 4087 3282 2965 1017 2938 1178 3435 2842 1466 1727 2269 2169 4235 286 1271 4612 4994 2909 3717 4706 2232 4066 1525 4033 2017 952 2851 2441 4677 3643 2683 3740 939 3750 1837 4702 448 626 4564 4519 1324 3439 2255 2155 4846 761 2657 1687 2037 3044 640 2683 202 2595 1047 3100 4172 4205 4883 4082 2359 3072 434 1763 2867 3827 3212 4287 2754 397 1471 4229 4219 660 4995 867 3514 2479 4358 3406 766 1109 56 1072 557 4122 4357 1283 3855 720
662 2656 4217 3647 4836 2792 454 4725 4534 1637 59 4927 2479 4522 202 4593 2762 4691 73 3720 2822 1576 4891 2658 1899 1536 1986 2980 3273 4139 2551 4806 428 414 4235 3881 4687 2970 2970 2074 905 4751 1279 1387 1765 1060 999 2021 1044 234 421 1276 2980 2228 2970 408 3146 3699 3819 2615 1148 4782 4859 1552 16 53 1546 562 1118 641 1489 4171 1861 3974 2346 4346 2446 3702 3680 1128 70 942 2347 4258 382 1869 3362 2734 1066 1803 4344 3596 2653 3199 1697 3895 3977 3688 4499 1252 2074 4627 502 4029 267 2146 4508 3607 3011 543 2136 3084 4422 646 2090 4881 3566 2979 3419 2217 4767 1968 2579 2129 1473 131 3871 3669 41 4504 2959 2591 4539 808 1389 4592 3159 1980 2533 4834 4209 2114 4769 166 888 74 4076 203 1432 1846 55 3846 4829 4576 113 2320 4760 4765 4093 2813 2816 3830 3720 853 3585 135 3574 2247 2198 3017 4489 1975 1157 3349 100 2611 3888 478 4302 417 2263 4723 1379 3533 339 1125 4662 2736 1713 2345 1262 4559 22 3093 734 1249 3070 421 3894 4219
3615 1422 238 4906 3182 20 3701 497 2966 4947 1391 4264 4977 1592 3208 3280 298 16 18 3979 875 2877 2621 109 1746 1592 2239 4192 3642 4341 4806 3519 4985 645 135 4071 4432 1122 2522 2033 46 2120 4929 4857 3518 255 335 915 4116 3956 2000 3823 4436 2231 284 2257 1871 3908 2757 979 1787 1139 2201 3602 4149 4036 295 3202 2267 993 4002 3592 4546 193 3894 2709 1000 3907 4719 1483 1824 1126 4458 1557 47 2491 3671 3758 3130 465 3667 2699 1868 3538 3149 3903 2564 47 4211 3453 3383 737 2684 3495 1115 1413 2940 2823 3417 2718 2495 2037 1989 2793 3194 3278 3095 3261 2552 4780 2959 1610 1520 2643 3040 3389 4834 83 3980 2775 2235 176 2413 2671 3929 1885 1397 3686 4238 2220 2444 1289 2002 1397 1607 3269 2059 2433 2286 215 367 977 4588 489 3050 843 4187 638 1775 640 3422 3263 1900 2997 1792 158 2201 1229 4079 3858 4383 847 4435 868 2798 282 1364 4495 411 3794 4830 3722 157 3553 998 1047 4049 558 2808 3962 2021 2763 2988 4715 173 3630 3707 4017 4138 291
1544 3847 104 1464 1109 776 816 2857 3629 3144 2581 1908 3430 241 2305 2835 3841 3879 4040 2267 831 2510 1376 2743 110 3493 2349 4126 861 3568 428 4985 4174 916 2535 3055 4676 2184 857 395 2400 1714 3008 2599 4454 4346 2280 1768 576 231 3178 439 2351 4999 1211 113 192 688 4347 4358 4322 3511 2363 3494 1087 345 949 505 193 4455 182 2083 1106 4949 333 4785 1753 356 357 4623 3674 977 1974 2946 748 1758 2514 1459 1549 4182 3850 918 876 3372 1909 4043 1633 3325 3126 2954 1152 537 1950 1392 3332 2059 1518 883 1334 3428 216 3739 4282 4073 34 2070 2438 3627 3659 2584 4691 3150 1943 1429 2141 2594 3164 2967 3536 2983 3797 3631 3942 281 845 4297 312 1979 225 2229 768 4302 2858 4585 708 3148 1660 1907 4079 2660 4159 3248 3150 1208 2273 2919 3609 1646 4657 2009 4375 1402 4955 3484 3487 2864 3627 2650 1256 1440 4557 4153 4998 4208 139 3877 1278 1507 24 3809 3534 1306 1747 1606 53 3325 3582 2060 1334 71 4123 2774 4832 1459 3082 2511 3346 4685 4073 3773
99 3014 467 927 4317 3057 2320 3953 3477 3070 2205 1415 2391 4928 3242 172 3787 2329 2426 495 286 2273 1765 3740 3110 4217 1353 4107 2210 2048 414 645 916 3278 1664 538 654 3467 3593 1286 2728 703 891 2330 4224 1430 4734 318 2277 3553 2853 3605 3009 205 1923 2237 1228 1643 4889 4889 1414 4723 332 3781 1461 1239 2006 1416 1403 4562 3322 3874 4300 2545 954 2860 3564 687 3422 2800 3398 4098 3415 1108 556 2823 4248 1357 2641 1407 1590 2351 500 750 2327 4429 3470 2490 1600 1060 2850 1083 4675 2283 155 2109 1695 656 227 215 4349 3409 1206 3617 434 2764 3689 4842 4862 4282 4654 1941 4207 4671 4400 4527 350 2187 2780 810 4982 3635 3296 4260 1195 2744 3265 1686 4221 1611 121 358 1411 1114 1556 3140 2065 3748 4020 1458 2754 3335 3082 4745 1457 3080 520 3149 3881 2601 3219 2076 3371 2867 2170 4416 2381 4154 4498 404 1471 3885 205 4932 309 2677 3333 3220 4935 4549 1112 449 2696 2720 570 2592 4793 3402 4279 2253 741 1756 4854 3661 3386 384 4087 3520 2297 2784
475 4477 1531 1950 2009 3979 1473 2788 2676 3224 4639 676 3656 3633 2859 1504 2015 352 139 1835 1879 4036 861 3822 1606 1095 4600 1982 3262 3095 4235 135 2535 1664 2818 4916 2308 4698 2017 1410 3903 1054 2714 2823 554 2948 4370 2524 3296 1773 3812 2010 4066 3954 3421 2881 1599 451 4647 1993 3178 4171 3803 2595 2627 3986 4128 979 3138 93 3107 4599 4917 243 609 780 3333 2462 1232 4836 2225 395 601 2199 3529 3430 3993 1978 1483 1484 1179 3617 1077 3194 3101 696 2690 2721 887 1153 3950 4269 4986 4732 625 425 2876 2405 4549 849 3242 789 854 1703 31 3720 2962 580 3745 4170 3276 1809 3950 3920 200 1832 2161 3878 1411 2742 2467 4600 4222 631 4764 1879 365 57 1470 3154 2417 2155 376 3383 2538 4000 3243 2713 2019 2106 391 4075 747 4255 2481 1916 2723 1122 305 2974 4395 1124 2973 290 1282 4202 4517 3044 1634 3074 4188 1594 4901 1936 1164 3155 3954 296 3351 316 3222 2868 3008 1041 3657 2181 4016 1680 4183 2549 238 1723 2724 1821 3218 2063 4256 4608 3102 832
4232 2728 2843 2905 4020 4021 4379 3606 2318 3396 1064 3755 4056 1932 3784 3495 241 4007 3992 4184 227 913 3446 1027 1732 4519 2263 4433 2630 4514 3881 4071 3055 538 4916 3854 4032 4227 2518 1917 995 3215 3472 2802 136 3218 3845 1885 3938 1258 2892 4786 2999 860 2825 3577 1330 4005 2610 1866 4950 1123 2035 120 319 1412 4955 3104 1647 1936 2378 4956 1323 4210 1743 610 4276 1220 1652 778 1466 4220 4625 3397 4430 1319 4620 3514 2005 1678 4840 1120 1261 3229 2875 3438 601 3936 3510 2329 1160 2448 910 1739 1970 26 2204 1051 434 353 4055 3443 3881 1659 2106 1396 4124 1551 4788 4643 3046 282 1947 1237 14 4136 3227 4492 3182 267 361 4602 3214 2551 4356 1669 429 4086 721 1589 1922 3807 1390 214 4633 2466 2652 2230 2754 2729 3157 4145 2402 3031 2730 1138 1333 3928 2094 2614 253 874 1945 4481 3010 4566 3230 2052 4288 2250 367 1999 4359 1088 4220 3301 2419 3449 1916 244 4802 468 3640 3265 40 233 1454 451 2826 2510 4188 2401 460 1671 1672 3097 2613 1840 2311 2612
2289 841 2852 3817 282 3787 795 2582 3729 745 3516 3574 3332 4431 2335 963 4686 2497 4036 3260 480 1405 4459 1985 111 2669 3816 2166 4165 936 4687 4432 4676 654 2308 4032 762 3471 4767 1773 843 849 4993 3226 4337 4744 79 1798 4999 123 2891 1441 4899 4517 914 1490 1839 1422 4247 3244 3477 1576 3700 1118 3504 3291 4536 3640 2469 4477 1005 527 1759 2396 4650 3109 1199 2939 4478 4402 4431 307 468 2275 3000 3368 1655 4933 1806 3168 192 4088 3447 4360 720 4158 1730 1057 4243 1906 2595 4170 2141 4900 4237 3369 2158 4931 1040 4100 189 494 128 2320 3064 4873 3306 201 63 3114 850 894 1023 2134 357 3228 285 3939 59 2580 3364 2552 3515 1478 3988 4114 1631 236 3934 234 153 2672 1622 4262 1909 4380 2662 1729 4913 1543 482 4907 235 3853 2814 3218 4863 101 4557 2480 1662 2435 4476 4942 4949 377 2784 4411 3885 2257 94 4250 382 499 4620 4128 2026 2710 3142 1922 2263 3771 3812 2593 2482 1721 4868 2291 4912 536 3657 4965 3284 195 1147 4448 3747 3286 1153 2500
1071 1597 4703 3248 2489 4990 2552 853 2995 4233 1820 4873 1957 1562 223 3743 3919 4170 1332 1383 4598 1572 2189 4704 4746 4713 1602 3921 3106 2600 2970 1122 2184 3467 4698 4227 3471 3942 631 24 4806 3360 1963 3405 4130 4857 1061 733 4327 991 3086 249 4511 4345 3580 3007 1499 4446 2431 1612 256 174 682 3332 2362 947 3872 168 4551 3849 4549 1385 265 2489 2630 4973 2125 2062 3109 2298 2194 1098 3938 1080 1337 4448 1026 483 2158 1386 1814 354 3656 4215 3970 4245 729 3693 1170 1252 3575 2498 1268 307 1135 3846 128 1728 1263 1979 2543 4209 4610 4033 1214 4484 942 4984 1008 4029 3674 4154 1619 4474 3353 216 746 2168 4993 4430 4118 986 1788 4573 1116 4517 4449 3347 2743 1867 1586 566 4823 551 3695 4547 4730 2036 989 833 3377 2109 2882 1326 1065 3137 353 2438 4435 4773 3142 2806 4960 1804 98 966 337 4329 2919 1334 112 4355 2657 3910 567 424 2190 3412 2513 2505 2651 3683 4909 3644 2700 2709 3266 3464 2963 1142 816 1703 1460 690 1565 2532 4338 1668 3374 4110
4476 4347 2973 1679 2497 3094 1222 1470 1703 1436 1190 1248 2966 4489 1998 286 2579 2722 3166 3799 1409 2406 2824 3824 3465 4680 1783 11 1460 3762 2970 2522 857 3593 2017 2518 4767 631 4961 1168 3796 1709 842 3386 4673 3695 1369 2933 2135 3595 3064 944 3735 2718 1027 3104 4564 4839 4358 629 2371 1798 2613 3562 2578 2603 1894 1568 180 3853 1000 371 3411 864 2095 2965 1120 3552 1666 616 1559 551 1558 3331 2315 44 3236 3979 3220 170 4940 2145 3043 3479 691 4826 1757 3268 4891 2694 583 4178 1265 694 896 2865 4019 4595 769 2127 3334 518 546 1914 2718 517 844 1492 3138 699 1898 4465 1350 839 3098 1560 3378 1159 4930 1103 1398 3926 3605 2136 4996 4232 4688 530 3096 1667 513 563 3530 4205 1080 1553 1757 2928 4061 1132 2224 1369 2236 378 3735 1360 1242 1171 2690 1590 3621 851 2840 2588 3807 2854 4247 3848 3101 3921 1360 4704 3370 3085 804 3902 2451 4450 140 2152 1762 3602 1046 4831 849 750 4569 3085 720 93 4482 4640 3833 1727 2589 2642 4782 416 1531 839
2662 4073 2714 4351 139 3621 2241 3326 2013 4345 3717 2929 1080 476 116 4009 1605 2108 3263 3621 996 566 3068 490 685 168 1248 3015 1602 881 2074 2033 395 1286 1410 1917 1773 24 1168 3320 1965 3411 163 175 322 877 3358 1024 3540 3970 226 227 1116 1401 1422 3455 87 4831 586 4793 402 4534 1591 4372 2420 3380 3027 3659 3774 4305 2001 3225 1022 442 3666 1904 229 530 4887 2946 3212 270 4093 4274 2030 4664 4192 57 1039 519 4180 4008 3132 4414 3998 1712 1785 788 3436 10 196 908 4296 1074 1688 1789 1551 543 2043 982 3498 2487 4011 1955 1634 1114 1152 4796 4478 53 2210 4199 4667 159 2882 916 121 1910 3105 1420 2994 4455 2301 4405 4786 1585 517 1535 362 870 1719 1519 2789 1093 441 2438 808 2593 2669 4615 863 1123 300 1408 337 3165 3721 2312 4254 3481 4236 4084 1630 1064 3090 3715 1752 1774 2456 3882 1042 14 1575 1551 1978 1794 4625 2460 58 1151 523 753 2937 759 3579 2745 4491 1229 411 1403 1254 3275 3035 2890 1756 1526 252 1233 4193 439
