N: 200
M: 70
Symmetric: true
Triangle: false
2 139 100
3 5 142 85
2 125 190
3 105 61 2
2 58 1
2 146 132
4 53 168 83 194
3 21 30 134
5 73 154 60 28 41
3 92 64 192
2 9 178
2 101 191
6 97 29 22 115 184 62
4 4 14 6 161
4 40 94 135 152
2 112 109
2 82 157
1 93
1 148
4 68 43 7 45
5 162 131 118 108 140
1 126
2 173 116
1 36
2 19 198
2 48 89
2 150 179
1 81
5 63 70 185 120 72
3 52 55 46
3 172 87 130
2 127 91
3 163 153 42
4 12 44 24 50
2 77 155
5 98 113 95 193 56
1 33
3 15 27 78
3 80 107 151
1 84
2 75 10
3 176 47 170
2 66 13
5 88 74 177 175 121
3 111 122 18
4 171 54 133 174
2 159 196
4 183 67 128 99
2 49 199
2 96 3
2 123 129
5 189 181 34 32 76
4 104 31 59 86
1 158
5 137 110 23 114 145
2 195 79
5 136 138 8 39 149
2 182 25
3 16 119 69
4 71 160 164 166
3 186 20 17
3 188 141 156
3 57 35 180
2 37 26
2 165 38
3 65 117 143
3 90 124 51
5 103 200 167 144 169
3 102 106 147
3 197 187 11
3449 355 2393 1709 4311 1720 1318 919 1608 860 4573 221 767 3958 1240 2176 1396 361 3481 939 46 4394 710 1044 1828 3436 1713 720 2791 1220 1087 1513 2642 4919 3995 1303 2651 1198 2329 3713 2595 333 3736 539 798 4002 3159 1298 13 4403 3176 977 377 1196 204 4127 3793 3721 720 1722 3225 178 1507 4734 481 2539 3692 3289 3602 1247 1568 2441 4749 4430 96 592 3360 1959 2709 3973 2651 3582 4168 2701 3115 3735 3506 3769 4351 3720 1927 3028 798 4313 3691 1687 2474 4243 4187 1966 3628 2877 1859 2946 3259 1875 2887 4700 1851 302 2383 4734 3165 4187 4120 4149 502 1398 2075 37 4129 1265 1712 4029 3606 1203 2774 4179 1856 894 4528 846 1505 367 1358 4258 2583 4080 994 4923 2986 4793 4220 2657 4783 2627 3350 1309 2394 2656 78 4690 790 822 901 3598 3480 2991 4525 2666 2470 1430 1684 2905 1776 994 2391 4167 3534 4555 2842 3516 2483 4943 3512 285 1859 2590 4806 40 4187 4416 3832 4336 2607 805 1985 774 4228 4738 162 2521 660 2622 1840 2552 135 2281 2527 2846
355 514 2955 3947 240 3690 494 3769 1133 3620 2386 745 2270 1797 387 1162 785 1999 2049 1620 3255 4612 1657 695 854 3754 639 815 3863 4558 4963 832 3872 2252 1543 951 2967 2714 3073 647 4271 2903 2822 929 2438 2872 4889 2462 4824 3744 1148 3905 3305 3542 4931 413 1642 1371 4134 1745 971 1796 1887 3109 2122 259 754 2983 2353 337 2996 1788 3664 4907 1263 1801 3863 3240 4562 981 2529 4225 3937 1817 2347 755 2448 1535 2775 3153 2277 104 692 1862 4112 4073 3270 4708 1171 1300 2756 3653 646 175 26 4034 3003 893 4729 4456 2871 2869 33 1975 1116 3425 385 1681 4193 1522 2149 4404 612 4483 3522 3894 3887 2187 4152 1941 4813 4480 4669 1165 3967 2323 4273 267 2057 3893 1399 741 4555 1154 1684 1860 3057 1616 1283 409 2580 201 4733 3631 755 2201 3667 3672 58 1937 528 4385 3378 1220 2440 2889 1879 3481 633 3458 1608 540 4768 2568 2581 714 2471 3361 4183 4991 2427 2788 3749 3144 2602 1281 3502 2262 3028 2689 2848 3491 39 2058 568 3747 4227 4726 2573 1616
2393 2955 3924 2174 4594 4416 3778 2596 3822 222 1627 1520 1200 3168 2381 1806 2174 2079 3273 1857 4554 477 320 3169 2781 4495 4528 439 4862 844 1427 4989 1841 3096 414 2170 400 4743 3461 3625 2068 1875 963 1879 4367 3994 2151 4314 777 4894 2161 4057 482 675 4493 1663 1923 1129 1616 1257 4787 4008 3182 1469 4631 4325 4825 802 696 4387 847 1434 3701 3756 726 2643 3491 3881 1632 1988 3516 4593 236 2486 603 1917 1872 1593 2901 3433 1293 3328 449 2473 4496 4633 2413 2582 4381 2538 2632 3065 3414 1343 1196 4237 1064 1176 950 4538 1805 4551 1444 3324 3012 3039 3403 1104 4402 1437 3091 765 314 1884 523 129 356 2750 3059 3286 331 2412 4661 16 1002 205 3009 2678 3605 4971 3071 530 4764 4632 107 3420 4238 2116 4657 3366 4910 2150 444 1228 3660 3473 3546 1492 1343 4716 1790 1550 4840 476 2860 4659 3855 3448 4099 4279 2546 1485 4618 4475 3507 326 3450 3446 442 3914 996 1528 2112 1517 4482 244 1278 3395 2406 2454 2805 2075 3892 3063 348 3235 3751 2968 2630 3417
1709 3947 2174 2722 2201 4406 2317 1110 4635 1357 3618 1800 4148 1982 4195 1805 1536 2353 4197 3349 1957 3675 1198 2798 3440 4485 2441 2368 3793 1310 2415 896 1036 4063 958 4317 1025 1397 4000 819 3869 4459 2069 3859 3484 2995 4420 3971 4006 1140 3342 4479 4411 4830 3661 2607 3363 1983 1465 191 4173 615 2943 286 107 300 3690 3390 1691 4504 108 2686 1869 3671 4336 1127 1485 4058 3799 1844 1548 4775 1031 1878 3827 1785 1682 3170 159 3311 3778 988 2923 2245 3556 2236 4357 629 2214 209 1267 92 123 1701 4009 2242 4554 3861 1170 835 3698 715 1289 2954 309 4900 489 2183 4714 2430 3961 4039 1949 1103 3560 1104 1202 403 2894 4404 4261 60 3399 4613 2481 366 942 2858 2001 3990 2273 3670 4520 1880 517 1267 4562 3907 2870 2489 2657 4711 2556 400 177 3560 2940 367 2446 4701 2349 3053 2571 1633 2948 909 743 2514 4893 4757 2153 4703 1423 223 3432 1896 2946 4399 4243 2384 1411 4494 4825 4700 1548 795 4258 4515 2324 3104 4854 3584 2305 486 3982 1210 3300 2807 2814 165
4311 240 4594 2201 216 2138 4480 4007 4717 18 1682 3197 4515 4842 4770 1338 2165 3715 2294 4375 4662 676 3977 1886 3820 1877 3769 3024 3026 3303 4545 442 4691 3510 1190 516 2824 1491 676 320 2402 3153 2944 4333 4121 1038 4549 3960 4789 1438 1433 3609 1567 4277 2879 2290 1458 951 2678 1091 2741 4939 4572 4306 2547 2522 4269 4724 4657 4738 3476 4537 4307 2875 2950 4020 706 1557 3282 2903 2778 4048 1888 3282 2438 4696 1219 4221 344 315 2641 1425 1366 2337 4851 1018 4941 4559 4070 1540 725 2829 4216 4717 4812 4305 169 2723 1278 4417 1893 3896 1409 4604 2065 3384 593 1644 2901 4562 3615 2338 2732 3912 1681 2289 2079 1587 2960 1163 1050 3396 2679 4551 2742 798 3366 2818 1358 1626 4883 4324 3304 4487 3488 2993 4859 2278 985 805 2227 4407 2662 886 4383 1332 496 923 2760 2445 3618 220 4338 389 3148 1179 1970 266 4511 3405 1182 4607 1686 239 1362 4364 3923 1625 3965 3569 4443 3985 1694 3079 869 3696 3541 1890 1001 4304 863 964 474 488 1371 4313 3040 3367 2281 280
1720 3690 4416 4406 2138 205 802 2789 799 1108 1031 1739 1099 995 4718 1554 3606 2988 2785 363 2709 2664 2904 3632 2849 2692 1149 2862 788 1061 4621 3574 4675 1169 802 4695 527 3452 2653 4306 3010 3971 1560 4734 2412 2054 3360 3896 1790 4326 493 597 2104 1079 4097 3763 4049 2887 1209 4735 1042 1256 1964 1467 135 2147 745 3262 1098 268 3493 1006 513 579 4886 2501 1158 1287 3947 4785 2052 4145 2454 323 2388 302 3550 245 4152 2972 1407 42 4330 3925 1041 2225 3524 1622 2323 3151 3985 1906 3722 3015 657 3753 2955 4405 2010 4888 947 3318 3237 2239 1180 2028 4810 3674 3641 3432 1088 1589 4316 4530 3504 846 1968 2579 4796 3806 2082 1306 2521 4984 4652 3489 4233 1198 2240 987 731 3517 1781 4249 1171 1280 4975 2017 2977 4980 4662 4213 646 2570 3676 2611 4828 3881 1952 770 395 4884 4955 4920 4877 17 3153 1316 1600 3702 1828 2422 2859 1454 1774 3360 3917 706 1433 1307 2395 2570 68 1119 3981 2294 4546 1474 4091 2126 570 3912 2337 3919 4321 2125 4386 117 1585 1694
1318 494 3778 2317 4480 802 1711 4342 2543 2640 143 2526 4057 1852 1731 2041 1622 1489 710 3803 2302 1261 2364 1573 1158 3019 696 4069 1337 66 4063 322 1859 4389 1171 4528 2941 525 2215 2666 4616 175 4223 3481 3309 4680 3264 3358 4016 4457 1979 4200 2038 4604 4496 3569 3348 3674 443 3769 1644 2000 2648 1291 2448 358 2049 1520 788 3405 967 1228 2063 697 1599 4051 2524 4022 4892 3133 1490 2330 4595 508 3677 3912 4938 4624 1300 3023 2138 3682 4466 4062 3773 4199 543 3029 3386 4209 3130 2155 526 4430 4022 1610 4599 298 1499 1191 4750 800 575 2885 4588 3580 908 3580 2538 3837 18 4690 1627 935 4635 3020 1024 4170 3611 4580 2631 2981 571 732 4736 4532 1773 1878 3712 2343 1339 1531 821 4862 4937 4699 989 3147 2089 637 1753 1660 652 488 2414 4880 1117 3748 652 676 698 580 346 4036 3997 428 1567 4650 221 2959 281 4228 2488 1929 4062 1308 4375 4187 915 912 1242 2231 408 4745 466 4851 2351 3149 3036 878 418 4163 4422 2098 775 2162 471 3131 390 2434
919 3769 2596 1110 4007 2789 4342 2442 4255 66 3009 1659 2879 1027 4125 2245 2024 1396 4209 2762 375 875 3855 2905 4428 1157 3902 4959 2155 950 4004 1391 2169 3056 2760 4576 4205 2271 3147 182 4146 3094 2677 3705 3412 4954 4800 4072 3397 4567 3948 959 4672 369 897 3924 4952 1701 924 1263 753 4449 3382 1438 4275 4138 498 274 2183 2709 3313 1717 2789 458 2480 2072 1894 2019 3824 2852 4748 1046 3109 2308 4396 4659 1045 827 1028 364 350 4092 388 3045 2673 953 1999 1974 1017 1106 4128 1142 2043 497 4203 4642 1771 3499 498 4583 1951 2788 1203 600 3448 4954 3628 453 416 2603 1942 524 3061 4858 453 1469 2355 4443 1559 3483 4986 493 1364 2418 3441 2734 1923 1430 191 4866 4799 3200 2645 1629 1930 2292 1004 2255 1999 517 1827 991 1786 1778 2516 2039 1798 1237 1754 4073 1220 3461 4039 4306 178 481 2944 590 4215 1318 4864 3282 2228 4262 708 3396 2970 2235 4308 2701 4574 1090 952 1511 4666 3393 3222 3103 1034 3612 4507 3203 1706 2806 866 3495 2836 3654 223 3438
1608 1133 3822 4635 4717 799 2543 4255 1838 2314 2915 2787 2329 4922 1775 975 1030 321 826 2063 1712 3116 4015 4239 708 4113 2334 3246 2443 4286 4782 4838 330 2328 589 800 1089 1285 526 830 921 1952 1569 154 626 1134 468 4033 1490 1475 1449 1099 3890 4751 2881 4223 1043 4634 4573 3451 325 961 1056 190 3788 3813 4876 2999 2032 3266 3211 4441 4022 1936 1089 4632 809 2664 3708 1093 1043 1333 2355 1697 1552 4220 67 3586 1834 1858 776 2300 1596 133 3562 1103 1054 4740 4997 4877 1627 4187 3259 2327 3568 3274 351 4829 3780 3242 53 3085 1930 4816 1812 1942 2908 4958 4556 4261 2930 4427 4594 4219 2488 1659 2895 715 3971 4284 2383 2777 522 4803 3665 3437 3677 3928 3578 4944 228 716 283 887 2265 1759 1843 3902 3113 4773 2348 2546 3233 4638 1336 1515 4543 4802 4228 1370 4013 619 4479 2427 1933 4646 3524 4910 1354 999 4281 3975 3337 1509 1979 611 2596 1185 565 2321 2106 3935 734 1752 2032 3776 4771 3737 3718 4746 1197 4295 835 481 3600 1657 1803 4313 963 2028
860 3620 222 1357 18 1108 2640 66 2314 3997 4494 3707 4669 4376 995 883 4827 170 3622 308 4321 3904 1511 4001 3958 2301 3669 4192 1259 3328 4219 3078 4868 3590 2336 3711 4000 1285 16 2505 1967 3558 2168 1147 979 631 4721 4159 2634 1553 4295 4948 3240 2086 3370 4061 1840 2292 1572 262 4832 3984 3233 1715 1953 1784 1376 2188 2006 4712 1245 18 716 2439 2678 1834 1787 2992 559 2975 52 1040 2667 906 424 1374 1247 3076 4878 1894 1899 1108 2951 1307 3030 3771 4759 240 1205 4828 3620 3833 2818 2558 1365 4394 4181 2875 241 4081 2340 3412 4703 2039 4271 278 1953 2308 2597 1178 2654 4093 2168 1496 2992 3593 951 4310 3991 4913 1161 3185 3745 670 350 511 3693 4420 4594 776 4859 2403 1073 4848 4804 1070 2274 1165 1470 3840 714 3827 4427 2492 1603 1725 722 2010 4790 1089 1233 4971 3408 4047 2018 2965 2881 1257 4605 633 4870 261 3788 4469 4938 229 1238 1516 414 3388 1258 316 2152 3376 3377 70 2193 1324 4939 3510 2306 379 3811 1534 1957 2375 661 572 742 1542
4573 2386 1627 3618 1682 1031 143 3009 2915 4494 3955 4315 1197 549 3194 3117 4188 1103 4282 1304 3801 3085 550 3075 1437 321 1059 3275 1025 1413 4923 4292 2075 2132 2649 2219 4173 903 131 2219 2818 1000 2779 4458 3484 2141 4903 4461 47 1668 303 4500 3074 2152 4636 3449 1980 68 4786 4466 1827 4651 99 3993 3709 946 4683 2301 1599 4643 856 2157 3223 433 4112 2675 1396 1890 4229 1393 164 1204 741 1427 4207 3899 4439 2910 560 2139 1536 4680 504 2704 1980 1098 3490 94 4626 3677 2350 1510 2289 182 2186 3273 4569 1404 1769 2139 4617 3752 892 3426 3758 3139 3593 1705 4782 3851 4277 2145 1854 3028 3600 3028 1834 2710 2144 4123 396 4097 738 3994 4549 4895 3945 1165 2856 3372 775 1742 3127 2292 549 2605 463 769 3659 4696 210 2148 1971 3768 4757 2302 1262 4673 2340 1619 4371 4380 760 2600 2373 1968 4363 941 4669 4136 1684 209 273 4740 4000 2909 140 1298 1365 4219 3484 4845 2767 2485 2934 2726 1754 4025 2940 1148 4542 1313 4115 4453 1543 1038 3880 4907 2869 3368
221 745 1520 1800 3197 1739 2526 1659 2787 3707 4315 1761 2445 2384 4266 3755 1483 3047 4761 58 647 2184 3698 1041 3480 94 4351 1978 2007 1627 2751 2762 2088 3091 2014 1190 183 4490 3385 2360 2482 4392 1884 4009 960 1107 2549 1742 2203 3007 4372 2389 2345 1877 1607 1452 3096 2782 638 2080 645 3199 3329 3662 2781 4018 4925 2383 2062 1342 1081 2168 930 95 2769 1014 755 930 4201 239 3322 374 892 4770 4339 632 588 2525 2020 475 1293 4904 2682 2317 4975 4284 635 4468 1546 1771 3226 3823 3377 763 3521 3613 1944 3608 2996 3416 330 4792 3347 3272 1490 561 3806 3409 4693 2603 4347 2634 1815 3054 887 3040 3082 2766 2677 2063 1860 3935 897 3496 414 398 2363 301 123 401 3453 4968 1849 1050 2897 3592 1923 4071 3365 2162 2388 2693 4833 3338 3520 3393 1440 641 4304 704 3651 565 1169 4621 4161 4179 1025 1342 1628 4007 1288 965 3835 2890 1877 2769 4061 2067 1685 2209 1060 3526 2994 1543 4803 3244 1425 868 2510 2192 4404 2568 1148 2546 1285 3827 4821 58 3805 3012
767 2270 1200 4148 4515 1099 4057 2879 2329 4669 1197 2445 2302 3205 1433 3972 2166 2147 2761 4796 4732 2172 2874 2573 2867 3804 2609 1717 4626 480 2514 3339 3676 2919 1091 3287 3881 1120 1348 2711 1685 1989 4708 3189 2680 3664 3596 1044 3816 1944 2918 1113 618 4027 28 4036 3344 923 3159 3850 548 3397 343 2907 1162 2330 2467 266 3881 3981 4328 1719 3835 2004 3461 580 3615 4535 3344 4166 2512 3194 2333 140 831 2542 3122 4768 293 4501 464 3094 3985 1712 1006 549 1005 1455 3198 3302 3778 2097 1822 399 1333 1179 1460 1673 3229 1690 3911 1128 291 2200 4750 4522 1953 522 1922 3262 4820 2286 1607 4826 4958 2494 3005 2935 3863 4769 1771 3558 1500 1468 1929 4165 2613 2110 2628 3198 1307 4756 1326 4404 1182 3890 818 567 2106 4285 1347 4676 1022 3847 4770 4402 4040 1474 4581 4470 327 4195 4206 2115 3971 3548 2126 2053 1990 2513 778 2408 364 3371 3288 4254 893 3029 4386 1774 2000 4113 4123 66 3310 683 2042 3597 2889 647 2854 4867 4557 3660 3492 1683 2375 4279 4571 247
3958 1797 3168 1982 4842 995 1852 1027 4922 4376 549 2384 3205 2185 4843 4796 4273 191 3325 446 1282 2576 3886 565 1856 2159 4933 128 865 1734 1266 655 1547 4263 3804 3143 1690 2489 1548 4481 3927 2968 3865 662 4707 4105 4478 3603 3808 1245 2412 3399 2781 875 3843 4387 2186 3685 2224 418 4126 4851 1924 2353 1207 3830 4805 1209 3167 1706 3045 4113 427 4534 3495 2176 190 2831 2249 1225 4460 4431 1534 3666 1083 2973 2762 204 1826 4055 3862 3855 324 3346 4185 694 3321 2625 4999 995 2011 271 152 3312 714 2859 1365 4853 4381 3185 2560 2351 195 482 2090 4929 2156 2013 1767 3772 1797 1748 2050 2209 1806 3359 4556 3903 2767 2981 4821 4882 2795 1980 766 3934 1275 1992 81 4946 1856 131 806 1248 3842 2491 872 4706 1306 4768 3848 264 1059 2721 4953 1841 3862 399 3106 163 3846 2440 2853 3093 200 4211 3943 3643 2637 3090 1545 1667 483 4221 428 1248 1098 1743 3408 426 2063 459 1531 2644 2454 840 4578 2247 746 698 4641 3291 3893 354 3749 1872 2061 168 273 1525
1240 387 2381 4195 4770 4718 1731 4125 1775 995 3194 4266 1433 4843 3545 4575 756 4942 1036 770 2104 1841 1235 660 1233 4608 607 2990 1810 827 415 4944 115 1787 159 907 3829 2277 1350 1122 2945 4217 971 4734 3868 2433 130 496 441 2776 2977 1789 1255 3844 3150 2542 4156 1869 2326 3090 132 4149 236 847 476 1697 4540 731 610 4625 3253 2737 1574 4809 4341 723 1020 211 1226 1845 823 4655 2476 2668 1742 4288 2989 2458 4227 597 2619 3479 34 1108 734 1766 3799 3753 2129 3477 3954 3117 3071 808 3266 1268 674 4237 2562 3503 2396 1016 4826 71 3478 4464 3643 2851 3606 3970 372 1752 2680 22 447 4644 2694 438 3509 4529 924 1773 4658 610 4919 1576 3009 3180 1635 1603 3452 303 2556 3574 922 4326 1231 4293 2067 4448 3704 4624 83 812 3967 260 3486 618 1603 4740 4320 3228 2468 361 2260 3481 4243 449 3926 3186 667 1636 3021 3843 1849 3967 323 4409 4104 1450 2931 969 3004 2673 1780 729 3980 71 432 995 2206 2248 2450 1806 2480 4514 3945 1617 2327 4881
2176 1162 1806 1805 1338 1554 2041 2245 975 883 3117 3755 3972 4796 4575 4778 3237 1294 1706 494 2924 1474 595 646 4263 4867 3787 1572 1996 2044 4460 965 3733 1046 2247 4636 2024 2899 4343 771 506 913 2291 1834 2551 1196 821 1555 3381 3125 4184 857 1587 3726 4191 375 4566 2793 41 2524 29 725 2411 1661 4340 4576 998 1579 4117 4767 2532 658 3216 1221 3308 4243 832 1091 3279 1728 4933 3916 4964 2494 3032 2076 1994 4781 2159 4220 4655 3578 2092 3639 1109 735 346 3846 3002 440 2661 2254 4246 4577 4359 891 1465 1819 1881 2031 3741 1407 4499 4847 1056 1048 1011 4312 4477 4909 4640 203 879 472 4665 1559 1289 1698 658 896 334 30 1079 1951 649 1151 2770 3954 255 296 4288 3751 4267 2061 97 4159 686 1603 3462 2278 639 4772 27 2167 3065 2476 552 2294 4922 1377 383 4224 392 4669 899 4003 1459 1774 3359 245 4688 1863 4628 3832 4422 3658 1442 3287 2246 4919 1440 3002 3241 1546 3530 306 631 3904 1072 98 2099 3373 542 1038 777 4672 1769 1319 1115 296
1396 785 2174 1536 2165 3606 1622 2024 1030 4827 4188 1483 2166 4273 756 3237 2432 3979 4289 3890 3674 684 1474 4491 3068 3432 215 712 2747 4568 234 1584 3130 571 4779 1857 3318 3524 1454 1642 354 565 1606 2066 3421 3599 903 733 808 3585 234 98 3403 2473 3714 2948 2127 1464 4737 3506 1034 931 3524 3816 303 2815 2561 3483 328 3625 728 2643 3168 2522 3031 3672 2094 4062 1118 1786 3262 3157 671 4666 2681 3519 2132 3377 4424 1595 2659 3879 691 3036 3344 1418 322 3296 332 4593 1285 3309 482 4866 408 2901 3092 2377 3019 961 4439 4036 2735 1926 949 1078 4728 3279 473 3852 827 2918 1145 222 4669 2246 3657 4416 1904 535 4650 4761 3529 1443 2668 1641 3645 2670 3313 2085 124 2298 3215 476 3047 4700 2144 580 2150 2092 2259 4536 2468 3660 4494 2408 250 1876 454 442 3243 2571 2164 2168 2255 1875 1355 4015 4899 2513 2490 773 2447 4370 3970 4851 1275 1444 4224 1049 3081 3935 917 3028 104 3652 3982 2097 129 1886 3804 2546 4416 1567 3004 2206 4697 325 1197 459
361 1999 2079 2353 3715 2988 1489 1396 321 170 1103 3047 2147 191 4942 1294 3979 2991 1486 2596 2282 1739 473 4370 3755 341 2523 4811 1537 636 3641 542 154 1718 3898 1475 4459 440 2812 3032 3722 3019 2794 2053 2455 2366 1190 4366 4299 2944 3592 4961 2396 4558 4817 4814 4348 1062 3253 3336 1004 348 1486 1274 4447 3144 821 2347 602 4201 3911 1995 973 1051 3641 1837 1153 2606 3236 4069 455 1727 4744 1101 1169 1888 3852 3606 998 757 251 4463 3117 4595 3934 142 4627 2836 3872 1803 716 3196 2807 440 1288 3030 4118 4838 1515 2675 1928 3774 2182 1232 2068 3247 4480 1610 4531 170 1719 4019 873 2904 2927 2813 3955 3997 4892 1897 3811 697 479 4662 3788 3365 1700 4987 769 2762 4404 1313 2480 232 3768 1326 953 3125 804 3111 1576 4739 4530 461 2507 1627 698 4039 4392 4419 3932 3491 4672 1024 1548 2344 678 4797 4928 2869 3744 785 3362 4414 4482 3092 4730 2719 351 2179 466 78 1415 2723 2907 3553 552 3909 4737 1402 4650 4528 2057 4418 4924 2709 111 2396 4393 4785
3481 2049 3273 4197 2294 2785 710 4209 826 3622 4282 4761 2761 3325 1036 1706 4289 1486 4722 4293 4514 1303 3402 2537 1357 2528 4799 2065 3705 2182 370 1739 4026 2310 2737 558 2093 3815 95 4623 892 1178 1206 3895 4544 3975 2520 4264 370 3280 2087 2110 3567 2427 4808 1623 704 3760 3604 53 1839 3290 4444 1713 4102 2887 1504 3233 225 109 2514 688 2638 2345 1270 451 3304 3702 4681 2764 2279 663 2483 3890 4237 2238 4077 342 4123 1692 117 695 2363 3725 2593 4733 3453 3286 3219 1579 291 531 4977 1879 3380 3948 723 1641 1180 4598 2852 1438 1315 4305 4186 3212 4419 4319 811 2250 2828 72 1748 3371 3463 3194 119 3867 745 3953 3041 2183 3021 2635 4212 3660 3628 2475 3177 1937 3907 2027 427 812 4289 1271 1379 1977 252 3487 4302 4160 2208 3009 44 2698 1536 3158 2542 4502 238 4790 4402 2848 3042 1716 262 1606 2882 1676 2009 1798 3038 443 656 1340 3150 826 3738 630 1426 4606 2306 4105 1341 1087 3329 3593 3681 4790 12 422 722 2482 4549 2103 1706 4446 2284 2385
939 1620 1857 3349 4375 363 3803 2762 2063 308 1304 58 4796 446 770 494 3890 2596 4293 704 74 3204 2789 2896 4294 2464 1610 1571 1355 1604 4306 3990 2521 3197 2889 2178 4555 367 2018 4321 3791 2690 3034 3559 622 2529 132 3169 4744 1437 2955 224 1241 60 3445 2539 2567 2036 810 1120 376 2853 1515 1544 1702 375 3200 3135 3320 4660 114 4866 234 187 3431 2821 3300 1537 2633 4393 1301 3726 4591 361 1960 1383 901 3875 4407 641 2003 4639 566 4197 3362 3635 3835 4868 4699 2187 4366 636 912 1404 3673 4561 369 1844 461 2478 3125 4327 4354 337 4265 2556 3693 1294 128 735 4814 3271 3094 114 3916 4449 3324 1034 1507 854 4838 3016 4528 4174 1705 450 3462 3705 2348 3652 780 3101 2792 3733 731 4259 4854 4420 4576 3048 1266 557 1705 4499 2238 4140 2191 4521 2028 4701 1173 3735 4559 1906 2033 897 2914 3922 4191 3842 3402 18 3242 2703 2814 2989 4972 3186 3040 3438 2878 1886 635 552 4921 1116 3986 291 4025 4837 2219 3841 3528 1721 4258 3208 3555 1082 3677 4789
46 3255 4554 1957 4662 2709 2302 375 1712 4321 3801 647 4732 1282 2104 2924 3674 2282 4514 74 3621 2045 2690 2386 262 3363 2179 512 3375 1371 4258 1246 2919 4380 3366 3612 28 4667 4035 3861 4259 3441 4316 954 4987 2163 784 4600 3684 923 1366 14 650 1679 1938 3601 748 2751 3554 2181 1989 567 2527 1039 1345 4050 3453 4950 3714 3837 1738 3261 2112 621 1888 1997 3443 4424 3902 363 2989 213 165 2539 4286 2286 3839 1249 1868 4592 2332 588 419 4167 2069 4362 4294 1157 834 2135 1276 1502 3298 1898 4183 2902 4964 1037 3196 3960 1432 2243 1895 1482 3294 3448 4159 2859 4005 920 4645 3035 2797 672 364 2193 2726 4065 2170 3802 972 1438 3793 1525 900 555 3604 3983 910 2266 1610 1525 2418 519 4620 2491 2515 3909 1066 885 1694 338 1423 3099 2618 3992 3301 2107 476 1546 2916 4547 1697 3080 1997 2633 1977 2386 1517 342 1981 3455 1411 2959 4813 543 4227 3464 3487 1663 57 1192 757 4966 3271 600 4341 3278 3688 953 4786 829 3154 153 2348 2605 4772 1320 2748 3810
4394 4612 477 3675 676 2664 1261 875 3116 3904 3085 2184 2172 2576 1841 1474 684 1739 1303 3204 2045 4517 4603 3383 1580 966 2104 3378 3545 2167 4851 169 2921 1615 1204 4923 1863 295 637 598 4234 4373 4085 4370 4959 1335 19 2694 2613 2477 1160 1787 1830 1878 2986 3788 56 1658 1672 3053 3766 999 1488 2567 2029 262 3614 1856 111 1736 1476 2006 2654 1924 1349 316 4259 4309 1857 556 736 438 2513 452 2219 787 4333 1428 3550 2894 2250 1362 16 191 2541 4634 4964 2711 111 992 1829 1621 2802 4927 3622 4051 1515 3241 3026 2535 3415 3043 3011 1380 4787 4459 227 1129 3416 487 1862 252 1513 1799 3637 2121 3644 2694 3524 2352 3195 105 4643 41 4984 2421 2609 4706 2050 4411 308 4124 4539 610 2714 3375 256 4698 4093 1631 3222 3320 2641 2336 2729 208 3530 1469 4862 4270 138 1110 507 2870 474 3009 1214 3453 2330 4982 1777 3615 937 3410 1796 1378 4355 2223 1357 711 1994 4758 837 2650 3368 2280 3072 4025 599 2932 3553 2591 646 3303 4345 939 2904 2260 3923 2104
710 1657 320 1198 3977 2904 2364 3855 4015 1511 550 3698 2874 3886 1235 595 1474 473 3402 2789 2690 4603 3477 1906 799 35 436 1158 2368 61 2674 77 4954 1050 2392 3511 1791 1771 4638 91 4742 4938 4191 1242 839 1537 3293 2446 2648 3364 3312 3666 4618 4014 4859 16 3890 3450 312 2048 143 4381 1147 4111 553 472 590 3021 4270 3040 3465 2257 3552 2627 1701 3845 157 4691 1164 646 1861 4426 3923 4238 3876 2905 2228 2812 1704 2930 129 3580 1828 4842 1164 2674 4761 2937 2770 4038 2639 1842 2324 3803 2466 4641 4107 4712 2979 792 1262 328 1667 605 2006 4728 1507 3366 725 3622 1852 2143 1558 1924 560 3534 4499 3426 3804 427 2931 1181 4045 1251 2650 4910 4848 4849 3860 1448 2604 3948 3491 3049 1049 128 1706 1909 4558 4074 88 4192 2212 2027 1302 1638 1812 3734 1265 369 1879 1571 3891 2810 507 3856 4999 3031 1560 2951 1831 884 143 2398 3090 1785 2174 504 4979 1842 2437 3051 3348 468 369 4156 4609 4069 2412 4945 4974 1608 140 709 4031 1261 1780 4501 4861 1890
1044 695 3169 2798 1886 3632 1573 2905 4239 4001 3075 1041 2573 565 660 646 4491 4370 2537 2896 2386 3383 1906 2345 4035 62 2223 2688 639 4836 756 3722 2877 1689 4893 450 4826 2124 3982 1291 2653 1258 3963 938 3650 3508 4888 1450 2426 665 2203 2592 3739 2819 1124 3756 2305 2031 1852 2802 4544 1428 752 3449 1734 3655 4880 4222 2653 2235 1423 1003 3117 1501 2112 3836 1160 3484 4838 1694 3658 1039 229 2155 3739 4501 541 3453 1824 3118 1695 1026 4858 1911 765 4391 2936 612 4551 3996 30 1544 525 2783 2921 885 4242 1743 4589 589 4698 1019 4171 4405 235 400 3833 405 2665 2647 3572 1422 2986 3185 2873 4135 254 844 3451 2205 4051 3057 3882 1863 3513 2100 459 1961 1832 3103 4067 1170 4467 4073 3255 1016 1307 79 4296 4736 1016 873 4133 992 350 2200 2811 2313 578 1839 939 2698 878 4058 1813 1742 1932 2563 2164 132 2687 3493 646 2824 777 1722 4279 3561 375 4237 4530 1332 4337 1425 3442 1223 2164 2474 4975 2167 3123 1624 4088 1062 4977 3932 4448 4637 4890 4411
1828 854 2781 3440 3820 2849 1158 4428 708 3958 1437 3480 2867 1856 1233 4263 3068 3755 1357 4294 262 1580 799 4035 3117 1007 3108 1536 2330 4854 807 1320 3207 3764 275 67 3730 1674 3277 2961 2534 2260 4524 1827 2670 4335 330 2083 3258 443 1611 2002 3182 1697 1189 4178 469 2276 816 2345 2218 4392 4915 2627 651 3754 1589 2083 3320 2039 1105 2408 450 3385 4280 3019 1265 3779 3811 889 4256 3861 3840 3520 3878 4096 4217 1477 4399 308 3485 502 2527 117 4251 54 3362 2073 4238 2322 363 176 801 817 4545 3953 3344 219 4326 513 3721 1691 4679 3018 187 1008 1840 4208 3559 3930 3567 3247 607 897 2879 4806 4810 298 3036 4185 3674 1644 1399 1033 1028 431 135 3735 271 358 2986 4094 2662 78 3548 1592 2155 2507 3892 3906 2501 1815 2656 301 3764 4163 2524 3879 797 4682 61 3980 4248 78 2632 1828 345 3228 3254 4115 3889 1176 2194 507 346 838 2033 582 3083 3406 4451 389 3476 600 2003 3563 3012 1692 2888 1702 869 557 740 3561 2250 1605 2163 1792 1544 630
3436 3754 4495 4485 1877 2692 3019 1157 4113 2301 321 94 3804 2159 4608 4867 3432 341 2528 2464 3363 966 35 62 1007 1792 2692 4728 4883 2768 2603 3033 1587 4493 1430 1547 4702 1463 4062 789 1065 4939 2947 1036 1216 755 4358 3456 4544 308 3350 846 4191 1562 965 2194 3984 4476 3927 2011 1291 2827 4360 4447 1344 763 419 4486 4470 693 3833 4706 4633 2432 4055 1130 219 4491 4216 3072 457 1589 4699 1610 1306 3507 1003 2317 28 2912 971 299 1683 995 1708 3644 4057 2466 905 4293 3453 3402 3827 3112 2314 2456 2855 379 2046 885 4085 2085 1108 4402 2196 1983 1438 4297 3844 1746 2510 2729 2411 2388 3283 3837 2735 755 1652 2350 3335 337 4605 3427 4265 456 3653 362 2800 186 1455 4656 3858 1083 2777 3422 4544 4416 1490 4880 3907 116 1242 2940 2234 1408 471 1413 1846 2816 3115 4081 2705 2092 1839 4387 4145 4123 916 150 3660 2309 427 4297 4142 4577 4236 4805 1512 1581 53 4991 3868 2470 309 4488 3692 4112 2508 509 639 600 3142 1020 836 259 434 2780 3934 3570
1713 639 4528 2441 3769 1149 696 3902 2334 3669 1059 4351 2609 4933 607 3787 215 2523 4799 1610 2179 2104 436 2223 3108 2692 1179 4900 4137 4247 3432 342 3002 930 1289 3180 158 3209 140 1517 1152 3187 2202 2825 2817 2346 2542 2073 1265 4730 1580 1114 1053 3732 1676 2358 3908 2339 4212 2103 1051 1485 1527 4965 919 1873 1457 4034 721 2454 2641 537 179 4963 4392 2509 2925 4812 3815 2040 3234 2566 2650 3426 1233 3725 4977 3270 2233 3608 1616 2950 1227 141 3724 2134 4084 1989 1045 4143 912 545 420 4401 2642 4246 1532 1719 3202 1507 79 1680 674 4591 955 4631 2535 4805 4403 30 2071 32 590 4059 764 3145 3621 341 3131 4813 1556 2174 2518 3268 2657 3743 3977 2751 110 1284 2366 960 1181 209 1693 1220 2025 3282 1853 2485 4421 932 1785 1832 649 981 695 2829 1451 4558 3758 4182 4178 3844 1603 1289 1880 2982 802 2785 4577 3326 1917 4698 1915 2843 2502 4747 2698 2417 348 1886 3590 1111 1334 1238 3658 3895 4349 4827 2595 1538 2379 4543 4742 2968 341 2622 1281 2584
720 815 439 2368 3024 2862 4069 4959 3246 4192 3275 1978 1717 128 2990 1572 712 4811 2065 1571 512 3378 1158 2688 1536 4728 4900 2562 1845 3934 3769 1269 4674 2303 2279 857 4533 2533 3366 3293 2073 1615 4022 1459 3978 304 4512 4434 2680 354 810 2498 1260 674 3197 1622 4012 422 3782 362 2207 1350 2060 3634 2381 4769 3348 1146 3017 3129 3881 972 2669 4475 3228 4883 4907 2104 942 4107 516 549 2227 3915 995 3695 2871 88 2406 4756 628 1589 2151 2456 212 910 1663 1268 440 4027 1974 4729 4515 1729 869 1627 4640 4759 1639 2652 75 3695 1400 2762 3426 3413 3462 3163 664 2366 4679 1272 2393 1620 1928 688 3970 44 502 180 1683 2090 3902 1084 3241 4458 3226 672 4400 2130 3176 2152 693 2933 463 3155 1082 22 3948 4732 2126 4068 4631 2428 4507 4947 839 3198 1165 4168 2082 3759 182 4479 160 4574 3059 3899 275 3002 3120 4859 1739 2828 4719 4203 1628 800 3113 4327 3408 2239 1985 4582 3258 1760 560 2242 4119 3597 2991 3627 4609 128 948 3890 3477 649 4969 4945
2791 3863 4862 3793 3026 788 1337 2155 2443 1259 1025 2007 4626 865 1810 1996 2747 1537 3705 1355 3375 3545 2368 639 2330 4883 4137 1845 2408 1060 479 4790 1676 202 2110 4921 1036 3755 1977 1171 3842 4004 2259 3415 2699 4687 2451 2843 1045 2490 2371 1386 4874 2355 3124 3462 4995 2116 226 4849 1079 2174 2004 3772 521 3313 736 51 99 4237 280 1198 4713 2735 2791 1793 3947 3429 2816 2543 4136 1160 487 3142 3007 4562 1671 4515 656 1001 4218 3101 3973 777 719 3764 1011 2236 1222 2448 181 1424 2136 3749 4391 2776 767 247 1938 3800 2949 1055 4423 1717 2707 2749 1992 2531 2911 1735 536 3457 2612 437 4078 2531 4526 609 226 3646 494 3287 2435 844 960 136 674 3462 485 90 4773 2819 1388 2652 2706 3571 378 742 2683 2418 761 1916 3286 1590 4465 1837 323 1229 4180 2481 4366 1879 952 248 3424 4945 3216 584 3869 1281 2093 4030 4433 3282 949 3348 506 4901 339 2620 3106 2512 1673 864 3121 4629 2311 564 2490 4370 139 1382 2001 4166 26 3311 3458 647 3741 1292
1220 4558 844 1310 3303 1061 66 950 4286 3328 1413 1627 480 1734 827 2044 4568 636 2182 1604 1371 2167 61 4836 4854 2768 4247 3934 1060 3118 3851 2336 2447 416 3128 67 4034 3829 2118 1265 707 3375 2616 1224 726 2789 3425 4325 803 2670 913 1522 427 3864 1545 4453 4640 1820 691 1873 1212 3603 2349 4797 3606 421 2044 1045 2031 4401 4597 3405 738 377 4804 3082 1972 3432 1926 1278 2121 281 4511 3143 4234 2052 235 4483 3139 146 2170 3396 271 699 4945 2667 336 268 3147 2189 4745 1722 1920 1864 2156 3693 4553 1658 4180 4955 4238 4113 1452 4628 4076 4613 1904 1128 4616 833 3208 499 3106 1238 3118 4774 544 2126 3444 1383 2612 2649 2056 4787 118 3792 4976 282 3326 2996 3786 3358 2588 4175 1740 1181 403 4683 3858 4318 3720 2268 706 3491 248 4441 1794 1050 2336 3745 1686 2304 1666 3073 3472 3685 1529 803 307 3876 4291 4161 4439 3591 2512 4534 1016 3721 4232 2251 705 3367 4968 940 1954 3487 4779 522 4654 4820 2995 2408 2120 1093 4739 2340 4472 1950 4989 289
1087 4963 1427 2415 4545 4621 4063 4004 4782 4219 4923 2751 2514 1266 415 4460 234 3641 370 4306 4258 4851 2674 756 807 2603 3432 3769 479 3851 703 512 4856 373 424 3718 1480 4789 3560 3831 4620 1667 2556 4243 2364 396 3601 4914 4308 2376 1203 1773 3537 150 1783 3602 347 4363 1093 2309 2538 3725 2464 1182 14 2913 2877 1868 2828 492 1882 452 224 3467 4585 4801 4817 2127 443 3197 335 3933 613 4134 1829 4045 281 4152 713 2706 3908 2313 4250 4620 3909 148 3259 346 1530 1829 3359 3634 1704 96 1329 1026 4644 1206 3308 15 1746 3580 2549 2966 865 4702 3877 770 3141 461 2169 2835 4513 4886 1773 379 3821 166 1043 2798 2799 1598 881 4051 721 2325 554 1265 692 4294 1337 1946 3267 3642 2196 4287 1950 4442 3389 580 2336 1314 2743 4432 467 279 2279 1203 671 2992 2997 1766 1626 2778 1147 4360 1025 2034 439 2016 2817 2239 1773 605 603 2729 3212 2913 878 4333 1187 1532 1131 2271 1151 3511 1073 2317 4471 2287 3566 1653 3754 648 2117 3790 3581 3371 2244 740
1513 832 4989 896 442 3574 322 1391 4838 3078 4292 2762 3339 655 4944 965 1584 542 1739 3990 1246 169 77 3722 1320 3033 342 1269 4790 2336 512 970 2038 492 1745 3851 2426 4451 3284 2331 3434 1004 1555 2598 4153 1210 3019 627 214 1167 2047 4353 2692 776 2024 3382 4532 2024 1203 4112 521 3751 2005 3530 4948 4393 3473 1497 4951 2683 1317 1661 1660 433 3201 2232 3834 2919 1622 3747 259 1176 1641 1397 752 2212 2986 1834 2760 1643 2397 2457 1118 4655 4239 1825 1147 1047 2332 2050 4921 2803 4108 916 3433 1938 1207 2432 4593 1094 2096 1490 3020 3360 4945 3462 399 397 1546 462 1827 3660 3675 3344 1745 4248 2955 4993 147 4558 3824 3874 4579 4201 997 4700 1485 2767 2485 3410 3622 2213 4845 4523 1828 4162 4637 4105 874 3549 4270 4834 1272 3150 92 1221 3473 2276 376 1350 2181 501 11 373 3992 284 3003 1266 2129 3980 1703 1890 864 613 3837 4826 1895 2865 82 3590 924 4167 893 4567 4667 3241 613 423 4402 3515 1804 3618 495 257 2631 2842 189 1802 4148 2359
2642 3872 1841 1036 4691 4675 1859 2169 330 4868 2075 2088 3676 1547 115 3733 3130 154 4026 2521 2919 2921 4954 2877 3207 1587 3002 4674 1676 2447 4856 2038 4360 3504 1272 3303 2697 4603 847 4020 3184 1462 2604 1468 2472 4264 3970 2022 3141 2882 3634 3035 3803 3426 1424 2842 3512 4838 1312 2585 4573 3413 3187 252 3655 3143 3202 4034 739 139 1441 3807 2554 3553 3155 822 781 3434 4052 2989 313 2312 3917 1212 3378 880 3936 2555 3683 4260 1640 4935 620 2630 3417 935 1888 434 2474 2306 841 1232 3665 3581 37 4708 4510 1151 3290 4611 3531 4286 2267 4569 2633 1270 2447 4685 4663 2810 487 3384 3513 1268 898 1215 2192 778 3060 975 2488 3151 4086 2365 1469 2402 3773 4956 1312 1067 4672 3858 2738 2305 3743 516 3779 3277 786 3790 4998 1166 2081 3359 4475 4771 2213 1882 4173 764 1676 421 2055 4160 1069 483 2649 4523 458 1550 4196 3057 715 1891 4129 4807 2019 3086 2434 656 964 2284 3787 4600 4527 4325 2132 3656 2726 3721 3649 558 186 1345 2192 3924 1307 136 2493 4729
4919 2252 3096 4063 3510 1169 4389 3056 2328 3590 2132 3091 2919 4263 1787 1046 571 1718 2310 3197 4380 1615 1050 1689 3764 4493 930 2303 202 416 373 492 3504 4943 4733 942 2258 3203 4228 2716 1540 3154 3830 3343 1696 4222 1789 3196 3275 3338 211 564 1009 2701 3769 4674 1685 1070 3970 1082 609 1682 4305 852 3407 992 1478 4098 3805 413 2413 1483 3836 4698 315 1260 4990 2455 3844 1686 4741 1023 2833 4556 2170 2229 3555 4621 4822 3417 3879 2817 3322 4963 2474 286 724 2241 1098 4678 2592 4451 3023 4227 3978 4720 1465 2305 1960 4192 3228 4655 4857 111 4788 2265 4448 3832 3980 4264 1877 1764 779 3716 4664 2171 170 1376 4727 2834 1384 3880 610 4882 1853 4502 1550 3849 4212 1988 308 578 2806 3917 1028 2517 4343 4492 1945 4415 2946 4384 4786 4355 186 3053 320 4238 1876 4656 1600 4687 4038 3760 3244 1552 2927 3051 2761 3983 3303 2240 1957 537 4484 3290 1492 4037 4864 4499 2382 1014 1647 1618 305 3916 301 4298 2629 2758 1689 3741 2306 476 4387 4405 2433 3162 3007 2208
3995 1543 414 958 1190 802 1171 2760 589 2336 2649 2014 1091 3804 159 2247 4779 3898 2737 2889 3366 1204 2392 4893 275 1430 1289 2279 2110 3128 424 1745 1272 4733 436 1030 4629 703 3200 2459 2003 752 2528 2337 778 1612 3118 266 2991 3548 1018 4953 4227 1938 873 2863 472 1518 1656 41 2901 36 2394 1805 2269 4879 1479 2709 1756 3587 2299 3342 441 473 522 2091 1558 1921 1767 2859 3781 806 3164 846 2609 1963 2922 1763 4475 56 675 2830 476 3657 1094 1247 4872 3700 3045 1129 540 393 4869 3071 4050 1829 1616 1265 1641 668 2970 4624 2654 228 4150 730 4624 1015 3926 2239 1797 1253 2230 418 2444 2275 2052 714 1239 3811 2938 644 3958 3331 1564 1031 321 1296 1783 662 3016 124 4671 4871 329 1082 4565 2235 2757 4320 1971 4455 193 3085 353 902 2814 2970 4138 1844 4624 243 2033 2202 4213 4811 1274 1710 2028 4727 3386 3145 3298 706 4974 4016 1601 605 3949 4683 547 2170 4187 1337 1840 2701 3556 428 3319 817 4311 4125 3570 739 4432 3986 2866 2837 3264 4930
1303 951 2170 4317 516 4695 4528 4576 800 3711 2219 1190 3287 3143 907 4636 1857 1475 558 2178 3612 4923 3511 450 67 1547 3180 857 4921 67 3718 3851 3303 942 1030 3480 3786 2451 1170 3103 2713 1114 3342 2776 3066 1247 4092 25 3154 4022 2461 3807 1860 3595 899 35 112 3706 1749 3323 1164 661 4787 1059 3335 2418 1522 4056 3005 454 271 4033 2700 1658 3127 4552 939 4824 4321 4722 3129 3308 1140 3696 1715 2518 3095 3265 2196 4323 867 2022 93 360 1229 470 915 200 1699 3029 3258 4390 2673 4135 304 834 1112 1906 1245 2481 1153 4889 652 3403 3096 1236 1895 1248 2090 4036 4022 1028 380 3011 205 4571 2791 1399 1553 669 596 1788 2635 1684 2938 733 731 4536 2593 1673 3699 2548 698 578 2626 3436 3116 3083 4858 3899 4536 360 4079 1066 4713 1676 4403 525 2505 4599 1268 3530 4146 1918 4886 67 1739 711 3418 3369 924 2084 3689 2776 885 2766 2673 4810 2524 2641 4032 1725 365 2663 1675 4118 2945 4642 3846 400 3076 2262 1379 3820 2465 4490 496 4383 3177 3680
2651 2967 400 1025 2824 527 2941 4205 1089 4000 4173 183 3881 1690 3829 2024 3318 4459 2093 4555 28 1863 1791 4826 3730 4702 158 4533 1036 4034 1480 2426 2697 2258 4629 3786 1663 3273 310 1606 1021 138 2686 813 1593 4214 1758 3639 643 1226 1119 1044 1008 804 1453 2799 3902 817 3172 1653 2388 2216 2226 2150 3136 4515 2368 1645 715 2793 4124 2075 3350 4241 3707 3489 3492 673 508 909 3205 1001 555 4405 598 3625 435 2917 3248 1025 2710 1385 2787 3982 1862 3654 4686 742 4344 1459 2503 4842 767 3890 4635 1512 67 1962 4272 3624 3742 1919 1301 1419 2071 2481 3396 1042 3393 3271 4908 3036 2707 1558 57 1427 3852 1561 2749 4220 109 2606 325 4435 4057 2544 1076 4597 1310 265 2818 4918 343 3152 3115 2989 3206 3376 4403 3104 3151 3511 1077 193 4649 3722 1789 2101 2618 2416 4048 4955 1029 2849 3711 4484 1885 4227 3860 1242 2670 2835 3925 4999 4602 712 2217 3911 1208 716 1655 3391 92 2947 1253 2833 3603 541 459 3408 1871 3244 2762 3766 3307 3490 1988 3166 1879 1513
1198 2714 4743 1397 1491 3452 525 2271 1285 1285 903 4490 1120 2489 2277 2899 3524 440 3815 367 4667 295 1771 2124 1674 1463 3209 2533 3755 3829 4789 4451 4603 3203 703 2451 3273 1994 3107 1723 1556 2613 374 4878 377 1834 2366 4559 3032 4869 882 458 3200 683 230 4460 999 4725 2759 2734 2756 132 4425 2840 3997 1124 3348 3275 2136 2759 3671 1113 2987 861 4914 546 1055 885 4867 2115 2664 821 2000 2208 4514 2818 756 3321 83 225 3064 2704 4510 3371 1926 1468 2029 3588 4323 3499 189 2655 102 3179 1325 149 3378 4624 3005 769 2209 1280 1820 1867 4693 3709 271 152 1730 2272 4444 2899 2298 1399 2232 1386 1469 2406 3177 3148 4367 4519 4379 304 1225 1012 930 2499 4562 1256 2045 375 4615 2147 1423 592 78 2535 1978 3272 1036 4006 1603 4528 1182 3221 1344 2829 1844 850 2584 3038 2224 545 839 196 4208 4428 4513 632 1695 3217 145 1394 3957 564 1963 4435 1043 1115 4455 2819 3246 1015 492 1061 3905 4304 1707 355 3078 3762 155 1683 204 3250 3566 4280 627 2935
2329 3073 3461 4000 676 2653 2215 3147 526 16 131 3385 1348 1548 1350 4343 1454 2812 95 2018 4035 637 4638 3982 3277 4062 140 3366 1977 2118 3560 3284 847 4228 3200 1170 310 3107 4304 3547 1658 1853 1155 2132 2475 2747 1772 3290 1087 1145 2231 2399 569 1214 2134 2429 317 2160 4633 2625 2216 2664 4747 2440 478 1763 2498 2737 2917 3673 1306 4717 4769 4009 3072 1267 1084 2764 3317 832 1008 1360 3521 266 636 4732 787 2331 3955 134 717 4022 1610 2062 3299 4387 856 739 3169 1440 12 4967 815 4102 122 2942 786 2575 713 1194 3891 1235 4262 794 1384 4104 4989 3758 4577 3332 156 1008 1633 2102 4977 315 779 2167 4487 2219 4824 1787 4312 2699 2289 1587 1522 4557 3275 2283 4508 3499 2510 3532 3518 3651 4162 1128 3018 3647 3342 3080 2846 1700 2038 3219 1038 3886 1816 221 4176 136 3572 1416 2120 3579 971 1749 4049 2057 4392 3191 4602 3848 106 4365 3837 4242 448 330 3765 2745 4631 822 2354 1358 310 2970 3856 2001 1345 1985 1440 2320 4088 949 3092 1700 1674 1857
3713 647 3625 819 320 4306 2666 182 830 2505 2219 2360 2711 4481 1122 771 1642 3032 4623 4321 3861 598 91 1291 2961 789 1517 3293 1171 1265 3831 2331 4020 2716 2459 3103 1606 1723 3547 2574 4757 3199 351 1168 2267 2229 59 3303 1433 3898 419 499 75 3047 4382 3450 2895 1408 721 3458 4422 2491 2168 3234 3001 1837 3882 685 3801 776 616 2194 2523 4831 4393 606 2926 3477 229 1912 3057 4187 1776 1188 2564 1952 4243 421 2588 521 3548 4302 1432 3922 4184 3544 334 3418 4746 188 2010 1708 2545 3364 687 1584 2353 3935 4012 4422 1657 4810 4100 4498 4886 2914 2619 1703 4042 3436 2653 336 827 4087 1729 675 4771 1580 1982 2146 3071 4303 1325 3119 4309 3881 3427 3031 2484 1630 1245 493 115 3377 4323 1398 1967 907 260 687 4033 1984 83 1141 1230 192 255 3928 919 2794 4656 1383 123 2775 2819 2312 122 3957 4552 1057 1936 4122 1250 1341 602 1799 3353 3720 4704 4166 4977 488 623 4701 2762 1314 856 2146 2895 2000 1861 3718 794 3104 865 1024 3737 4995 4268 4877
