N: 200
M: 100
Symmetric: true
Triangle: false
2 200 50
2 154 195
2 44 11
4 152 118 117 106
1 183
1 27
3 190 91 129
3 43 16 149
1 80
2 45 121
2 97 137
2 49 197
1 74
1 61
1 2
2 155 57
2 163 161
2 144 13
2 111 42
1 147
1 151
1 148
2 3 140
1 185
2 199 7
2 47 56
3 89 15 141
1 40
2 17 158
1 53
1 164
2 175 32
2 194 6
4 1 153 124 51
1 115
4 116 65 150 131
3 88 168 173
2 41 104
1 81
2 75 46
3 177 28 184
4 90 37 22 55
2 12 19
1 102
3 100 48 4
3 26 167 188
2 109 33
1 128
3 66 187 166
1 191
2 98 23
2 160 14
1 192
2 142 122
1 63
2 76 181
2 83 132
3 186 38 178
2 93 24
4 113 69 193 165
2 78 77
3 82 86 108
2 145 72
1 105
2 159 87
2 146 68
3 54 112 169
6 182 172 143 35 73 9
2 107 94
1 114
3 25 34 52
2 135 127
1 134
2 123 70
1 99
3 21 59 60
2 58 67
2 139 179
2 126 157
2 101 92
1 189
5 95 176 103 8 85
1 31
4 196 130 198 29
3 18 133 30
2 138 84
1 162
1 170
2 156 36
2 119 120
1 180
1 136
1 79
1 171
2 5 62
2 64 110
3 174 125 10
2 96 20
1 71
1 39
4712 2114 4394 395 1472 3706 2700 2539 3374 2795 2735 3722 3074 4761 2285 4127 1464 4504 989 1661 4395 470 2998 4625 2267 4287 3018 2911 607 3081 4712 1827 4342 1250 4697 2970 3931 845 2268 4699 695 1307 4504 14 2914 2803 3641 2795 258 573 4514 4151 2050 1183 3867 3746 2507 2788 3931 4416 1017 4288 98 3715 2570 4055 3723 2277 340 4263 4860 947 4903 297 1380 2674 3316 1947 4059 2390 4241 230 2324 929 2274 998 4964 4119 4530 4201 4453 1800 641 3015 3175 1422 3862 2011 2933 3466 4492 4965 505 3030 2541 1340 806 1412 4500 3128 4503 2464 2492 1274 3571 1745 2142 2799 563 2810 2146 4488 2108 3367 2763 2205 2193 3037 3337 3522 2588 511 4711 4872 4453 1041 251 1523 719 2544 2266 4514 4668 1448 4524 2666 208 3909 323 4647 3053 3614 2041 242 4511 3364 3267 4145 3499 2265 812 4626 2326 2796 351 4996 3223 3220 1619 4568 1668 909 284 3591 1399 185 4054 1333 1567 3623 2679 4511 18 3446 1526 595 4254 4415 3507 4824 4475 821 3436 1131 832 2575 3599 3098 3988 4145
2114 3945 2098 658 1624 1912 333 1738 42 559 1988 2119 1423 3446 3084 4874 2031 2953 4444 3082 3130 2568 2590 1977 4299 2416 4832 4134 4950 1725 4171 3650 4964 1616 150 738 4955 283 1077 2381 205 4178 4674 1710 3490 2025 1291 1589 67 2064 1099 2373 3213 1798 970 228 2698 2143 3050 2551 2628 4840 898 827 1306 3264 3645 4057 3472 217 918 2918 1653 4366 2137 2202 120 4219 2884 1705 498 3570 875 2073 3010 3447 1989 1102 4510 2220 2691 3752 3221 1727 2829 2421 2539 2616 864 3348 452 4213 3410 4761 4297 3766 4382 4251 868 2692 3340 2247 1832 1551 202 3334 2780 3019 3713 1344 1535 3804 1099 2925 3232 3116 3220 3412 3169 4507 1473 67 3643 2293 3878 198 4499 1656 569 1690 2881 2162 10 630 1522 1424 2570 1187 1168 1389 278 3701 380 2757 3439 2216 4446 4580 1124 2156 2201 1870 2753 1455 87 609 3997 3484 1744 4409 4420 338 1484 3496 1360 3884 1590 13 3808 1127 2219 3495 3232 1116 2622 4931 1728 3129 3186 2406 439 3751 3334 725 2675 1450 1129 3445 1962 4866
4394 2098 4432 4685 206 1009 3391 3077 2436 3351 4766 3256 3284 1242 1304 561 2783 3317 2367 1791 1704 4777 4660 202 3411 2601 2694 4612 4536 4979 388 1089 4423 3417 3580 235 843 2366 1461 3396 1934 4263 3172 517 3504 1504 4826 2554 4632 1853 4403 2873 1205 1073 3876 3418 1373 108 452 1138 2220 2932 541 3570 1373 772 1041 616 2312 3320 2359 4451 2760 4829 2981 2063 1249 309 1910 1260 859 4692 2541 3374 4152 4923 1561 1314 4612 1167 1886 3089 3533 627 2815 743 386 1865 3961 1157 3763 2315 3897 2431 63 4162 4061 4366 3683 1504 3338 2288 1287 3033 1385 31 282 1933 1902 3687 495 4592 1811 796 2469 3613 4481 1388 343 3760 2273 784 4904 1128 2488 148 2743 1908 1708 806 795 479 3754 3018 2655 3239 3137 4278 3887 3713 3362 2761 4064 3130 986 2263 2755 1414 2137 4823 422 1850 2490 1975 4994 338 4535 4057 3383 2039 4152 3559 3812 738 1989 2348 1942 4754 3250 2546 4397 4649 1924 3369 756 1951 2115 4205 312 2845 971 4713 1266 1232 2559 2173 3672 391 753 2498
395 658 4685 2810 4948 383 1784 4424 4067 3942 4149 2363 1283 1424 2700 3906 1423 688 4304 1499 4343 159 3630 2294 4394 4959 3976 2251 3594 2282 765 2721 595 4836 3399 233 3485 1723 3627 4445 3270 3342 1937 4359 1584 3592 817 3131 325 1168 4741 1908 3341 349 2019 1908 372 3400 4350 2646 160 3902 4388 1209 2377 1548 4464 4299 2495 3174 1077 3711 2309 4513 1295 3299 3965 4402 3322 4923 2870 3306 1813 664 3086 4891 2643 4615 3842 3973 4536 2376 1866 497 1380 2263 3987 1198 4892 416 1712 3649 952 4544 4650 4779 3043 2378 2160 3287 4490 2718 4820 3482 1513 4324 636 4639 1872 2460 1025 1366 2444 1023 3795 1367 947 2775 3036 1174 3421 2396 2629 4890 443 4516 3132 3984 4414 4230 3262 4220 2127 1324 982 1425 2750 2241 276 3930 4748 2053 919 2761 3137 3928 3978 3886 867 2786 2048 1236 3466 4694 1652 1324 3991 2119 1467 4101 1753 4460 4886 4972 2306 4881 1347 2614 3503 3314 3099 3460 3616 3866 2800 2163 3241 1137 3840 1958 2198 139 3609 1808 374 29 3066 3798 312 4091
1472 1624 206 4948 4171 3552 735 3709 291 3396 2020 4656 3379 938 4426 1316 1281 4639 4385 3316 171 727 2932 4398 904 3921 459 917 2021 2333 13 1144 3246 128 2609 2878 2866 3985 2812 3431 1008 2868 2613 4813 1966 778 1358 2249 1848 3376 3768 4209 2789 1287 607 1201 3750 3487 1378 1463 584 2289 1351 417 2148 1680 2191 4653 699 2841 3770 2898 232 3703 4252 3368 4143 887 1264 1597 2986 1520 3644 3702 1425 2733 4616 721 1401 1482 4636 2255 427 81 4500 4429 4226 4714 3137 1823 2513 2163 4137 577 1151 1201 2130 1989 920 2205 1392 1837 4030 2237 951 3357 2576 4511 2977 3465 1259 4383 2652 2209 1176 3085 1365 2605 1657 3641 1130 168 73 4891 1662 42 4005 4023 2499 2980 1611 3189 2672 2381 3925 4468 4712 3174 1508 3593 4787 3661 2134 3805 650 3228 2759 1503 2381 4611 338 4779 4181 478 1515 2883 1774 1897 1618 2288 3032 4311 3188 1765 3209 4160 3950 4624 4093 3130 3593 1420 3952 2436 1774 301 2292 3221 4005 261 12 2030 3406 2817 2207 2030 1182 1220 3225 2481
3706 1912 1009 383 3552 837 1307 4500 556 851 361 276 3411 339 2932 1847 1895 817 4867 1689 2744 284 2823 371 4426 73 2276 4350 4302 4785 3007 591 2206 2414 4630 1596 2572 3799 134 4010 2389 3190 4342 60 4882 3556 890 3917 1929 2678 1345 4855 2267 2089 4517 1947 3053 1972 1175 1914 4597 99 4974 3674 3369 1051 4573 996 87 2363 4937 3902 613 2753 3570 4498 3478 3774 848 4065 3398 786 4772 3494 1665 2408 4069 318 234 4594 17 2149 36 4559 769 1513 4416 36 2424 4400 4627 3380 4838 1631 3528 2166 2875 2226 1244 1645 4376 4855 629 2165 1279 4590 2644 3916 4211 4350 2062 2903 1056 4056 3479 1717 3309 826 1537 4171 2087 3145 4606 4439 340 288 4488 3418 3186 3595 1772 1466 3233 126 144 4189 3166 1960 1004 194 1585 2207 2752 4064 1335 1706 2252 2877 1573 1545 3513 3951 1851 687 1719 3053 4306 941 3291 2925 1921 630 2374 3818 4269 1516 3154 4066 2374 2350 3360 2804 3642 4348 4373 3752 2917 421 2824 985 1469 3902 2964 4023 2380 2358 4301 1482 2168 3574
2700 333 3391 1784 735 1307 2246 3478 2660 593 1517 1830 4797 1124 4422 3861 2796 1785 2779 2430 2437 4215 3858 2818 4541 1133 4519 1565 2349 323 4281 4278 2749 4202 2647 1085 2532 4625 4418 1969 140 3864 2032 3267 320 4875 720 2595 3218 1681 4988 1494 1582 366 587 567 3786 4499 505 2325 3981 2393 1591 11 1984 753 2181 821 803 1918 1528 408 2784 4133 1395 1709 95 572 4109 1395 2589 4606 3630 3007 1017 2348 3277 2518 4115 4001 4508 2578 1436 761 2850 3961 2098 4273 2511 1737 1532 3206 3182 642 1130 4045 1103 3685 1346 153 2000 3001 3604 3037 2719 3747 2529 21 382 2206 4417 1682 4528 2679 3866 1000 2246 4343 1181 2455 2159 4249 44 408 672 2960 4644 1593 2127 3434 1705 1205 698 4284 216 2405 713 3212 2211 3724 1861 3611 4056 4717 1548 1543 633 3125 3290 3049 2983 1952 3485 364 1215 1860 4414 431 893 4299 489 790 4978 4527 473 4120 1875 1890 3935 3762 4692 4710 3207 219 4421 4126 716 1485 467 2867 4793 4312 3192 2537 2482 1579 1911 2844 3603 4709
2539 1738 3077 4424 3709 4500 3478 1141 2957 2858 2415 1868 4236 4115 4403 917 2299 1510 2656 3628 3961 3592 1077 836 4515 58 602 4190 4736 4572 2799 4463 2803 4924 4171 758 3960 2344 3506 4802 2603 1859 1449 4143 186 737 4641 774 57 556 2630 2414 151 2558 59 1137 3897 1117 4311 974 3810 2768 1275 2111 1671 2874 4903 4025 334 214 4374 4240 1830 1353 3314 2521 2563 2744 1370 2873 36 3497 1508 1260 1892 691 2502 1899 1496 1825 3284 3910 2635 1935 2016 1355 2701 2862 987 3027 4991 549 4077 3700 3054 2509 541 4765 4203 468 971 4028 1831 342 3059 644 1215 299 279 1720 3772 2690 925 4066 1308 2770 1154 2731 2062 2548 1247 3875 2017 4310 3089 2508 1198 678 4674 1609 169 449 4398 3259 3475 4138 4286 2673 3572 2707 425 3644 3774 1671 1502 2087 4411 3990 287 3456 1696 1690 481 1972 3569 3232 2402 3691 4356 4211 2006 1059 4652 2630 928 3375 3408 2350 4398 1848 3616 1614 1596 4562 4913 2447 1721 3643 3592 4348 2659 413 703 1070 2666 1658 1495 4608 4437 1760
3374 42 2436 4067 291 556 2660 2957 1245 3169 1259 681 305 3444 1583 3268 3762 797 2658 1023 1484 845 2940 4871 4400 410 4335 3313 1175 151 3286 4366 2582 4218 724 4936 2601 200 902 848 4629 3248 1409 750 3130 4643 1833 2100 4662 3555 3932 2328 4002 4384 4953 1453 1372 2251 1265 4605 3717 3875 2653 3422 2546 3731 2221 782 4046 2550 30 2814 2324 1387 1104 160 874 162 855 750 3874 1920 1127 3753 2690 531 2663 2275 1293 4529 281 3609 2345 4366 2179 1954 735 3226 3133 2922 408 1780 4316 3033 2870 1629 4761 334 3132 1831 3547 890 1652 1492 4851 2947 2068 2446 3801 3885 2403 4940 3935 3389 2444 3864 4817 2497 1959 2296 2536 3092 3917 776 3176 4606 3434 122 4296 3579 3223 673 3940 2916 51 3069 870 4878 507 3463 3693 679 1616 2935 4354 3158 214 3732 2810 696 4009 988 4991 4550 4184 961 2303 3982 3632 2131 1019 4973 4541 2148 3058 4687 2983 4356 4210 1173 3495 3775 3043 370 837 4193 2932 3441 490 1000 3428 3325 4621 2902 859 3774 3085 4143 4056 2902
2795 559 3351 3942 3396 851 593 2858 3169 193 562 2097 3216 2947 1997 4595 1416 1024 3656 3331 2170 2572 1598 4259 2900 4082 4276 2456 2410 1126 2375 2868 2076 327 4230 130 224 1570 3384 2927 1911 3573 798 4162 1245 3893 3748 185 4456 1789 3321 4749 678 4178 375 2758 4269 3088 298 2011 4084 3973 2271 4953 4610 4513 562 1051 438 4259 4939 1349 3329 3124 4229 1959 4983 3846 849 1869 4184 1680 3068 4712 2800 1232 2766 2318 2984 1216 1221 443 2217 3553 1792 2857 705 66 3521 633 888 562 1036 980 2882 429 1213 1566 572 2424 2188 4282 1567 4870 3748 786 71 374 830 827 2407 269 109 3075 3582 1627 3168 487 670 4246 1362 2980 259 720 4418 2672 852 2292 1783 4617 1840 103 3827 1705 4344 3019 85 1707 1799 1530 4147 491 33 3870 4988 417 4452 2704 3103 1289 3334 3977 3036 1389 929 129 3573 2075 4220 1568 336 4204 1783 1820 4274 3444 1709 2462 120 299 61 4573 1270 2519 2140 2350 3197 992 1076 3459 2829 3138 123 3772 827 1133 693 1615 4374 39
2735 1988 4766 4149 2020 361 1517 2415 1259 562 2659 74 1262 1981 580 2689 2283 2674 130 1509 1859 3670 785 3524 3690 3765 3812 2248 3882 1350 2640 2074 1867 382 3990 1374 522 108 4653 2936 1790 951 2779 1569 2961 3777 668 2206 1915 2937 4581 4754 2594 651 2989 2746 1246 4240 400 1770 983 3191 2782 3861 1173 2606 2007 1036 516 4975 2274 2218 2692 4197 2640 1511 1736 3835 1858 40 791 4837 2135 1750 3808 4765 1751 1407 4753 4800 4300 3532 1765 2167 4332 4407 891 1526 532 3164 531 2379 1724 178 3377 1303 135 2450 1575 1418 3718 1285 3701 2707 1361 169 4385 4668 1770 3252 3235 1654 2203 3848 4057 394 982 530 2454 1699 2044 732 3438 1292 727 3943 3050 3360 2776 1068 2501 651 1786 2803 2592 2130 4331 377 4964 2931 1447 4278 4412 1882 3408 4095 1076 1299 3572 4042 2237 4850 2693 3097 3740 1800 964 4639 1287 3777 1242 759 4983 1655 3143 1294 1691 1546 3038 815 2300 929 3538 201 3306 4492 1866 3117 2892 747 949 3817 2034 2082 38 3875 321 4454 3931 1782
3722 2119 3256 2363 4656 276 1830 1868 681 2097 74 2899 4094 3499 3181 1005 2670 2487 1036 2381 4107 1430 2382 32 893 4065 144 1221 2916 1340 739 1635 4327 2837 2709 52 1125 3554 4356 4972 978 2615 2709 2350 3069 1111 4101 79 283 2232 4008 1463 4449 2557 900 3809 1490 3325 764 4388 4102 608 4879 4780 1943 975 4297 1528 2292 263 3538 252 1850 1293 3448 2338 1579 1678 4812 3976 4581 4262 163 2191 4703 3957 2501 1540 2705 3232 348 814 875 2396 1798 4264 4709 198 2376 899 3046 1183 2805 3543 1223 2281 2010 297 3785 1724 4563 3012 171 3883 438 63 2749 1913 2101 2883 2967 651 4207 3351 3645 3205 2504 2700 526 4807 520 3401 1211 284 3573 4856 2401 4337 100 1865 2349 2054 3473 3054 263 857 1523 3572 4908 2598 282 1119 256 3716 2818 4538 3976 3534 1503 3322 3298 1456 586 3966 1263 2466 706 1405 732 4581 1600 2625 3283 1304 735 4549 4452 4034 1180 3883 523 1333 3461 764 3343 3210 3535 772 2480 2633 3475 2864 3868 3285 4216 665 1429 2252 3025 2358
3074 1423 3284 1283 3379 3411 4797 4236 305 3216 1262 4094 2537 4013 724 2178 1267 2010 1821 1124 1402 1476 16 3738 2179 4394 3748 3971 4374 2074 3702 3908 2698 666 603 2287 1647 3024 3539 219 902 2439 2284 168 4182 2289 4036 2409 543 4363 1279 4612 326 976 1143 3174 1974 3911 1143 4510 1319 2693 4759 2908 3055 4256 1999 4848 4144 4465 4439 3291 3096 4067 3372 4614 4314 218 2567 4097 1821 4721 1296 1024 1471 4976 2679 2198 3299 3522 3333 899 867 1824 3346 2649 4472 1514 119 4838 1959 2207 4161 328 3476 3708 1809 1520 3416 1315 26 3452 4249 394 3311 4549 3149 97 220 2284 4979 2604 1120 3043 2611 302 4609 2315 973 4212 1411 244 567 4229 2340 2013 4641 3379 1018 778 26 796 639 1129 2662 206 4915 1190 2426 4208 1654 897 4984 79 1524 3890 3187 1465 1080 1775 2760 4368 2988 2807 1456 2607 4206 4619 311 1257 1755 1261 3378 1960 1085 4618 3122 202 2449 571 721 293 4617 4788 4029 4156 1721 1540 2280 193 614 3053 2214 4321 3802 180 3735 3177 854 597
4761 3446 1242 1424 938 339 1124 4115 3444 2947 1981 3499 4013 3210 4128 4411 1822 2165 4197 3982 858 4695 4908 2776 2235 2151 4337 638 392 4167 4122 3192 136 729 959 2290 697 4142 3819 4091 2937 3648 1106 3084 1364 4892 2570 1416 13 4292 336 1978 4779 575 4439 668 3106 1715 3072 2587 1991 369 1600 2705 1409 4884 1348 570 2089 3790 431 4525 3080 3606 3615 2175 3270 225 4386 3258 649 560 3371 2050 2101 3892 772 2680 241 1349 846 1612 3022 732 4630 3774 4726 904 3769 3896 563 2276 4322 273 802 4245 884 1408 2890 4532 341 3875 320 3839 4447 710 908 462 4981 3137 3098 4337 2851 2847 2671 407 4637 2897 1069 4000 722 2228 680 4209 4164 1079 1632 2490 3699 4866 3456 3122 4485 4038 757 2894 1375 4909 1517 158 865 4386 978 3535 487 2316 797 735 2521 922 1676 1095 438 2924 2824 2817 146 1117 3493 2282 2558 612 1358 305 2007 822 3523 2248 2731 4136 1956 87 1669 2743 4024 1644 2016 4846 4638 4775 2779 3812 4618 2943 3747 464 3939 1661 510 3365
2285 3084 1304 2700 4426 2932 4422 4403 1583 1997 580 3181 724 4128 159 1395 1336 4994 4857 2673 4567 3211 1719 2320 3452 3308 2123 704 1161 2577 4235 1730 2551 2677 4928 436 2505 739 4596 265 317 2714 3839 2540 4073 1858 76 1339 2006 1894 2816 3190 1964 3816 2061 2799 2972 260 1673 721 321 750 1768 1938 105 2890 3768 4374 2256 3020 716 161 2895 425 2010 4994 4551 906 4644 408 153 446 2597 3060 3895 3342 1388 1511 1255 2017 3067 122 3535 3015 4595 4217 2015 4384 2614 2558 3684 1688 4498 3802 4000 3575 1989 502 616 61 2932 4868 679 2931 39 3991 555 3626 4455 2107 2229 2632 1669 436 450 3988 3749 2766 215 2823 3736 4021 2723 265 2397 1478 4032 600 3219 4513 3975 4681 1416 144 3841 2488 1578 2429 3836 689 677 4332 856 2870 4945 1244 3018 4853 902 2826 1157 4785 4964 1862 2107 1437 2987 2152 283 2233 4135 4791 1598 2585 3283 4075 3419 4073 2470 885 445 3308 4939 4797 3560 3991 3041 4455 3808 3097 2330 3922 1237 3365 3040 3467 1671 707 4080 3226
4127 4874 561 3906 1316 1847 3861 917 3268 4595 2689 1005 2178 4411 1395 3908 2565 3400 998 1323 3926 309 4025 2679 881 3535 3072 1452 1166 1038 2228 1014 2809 3895 4261 631 3218 1557 1424 1641 4817 4073 3193 644 4347 1108 3190 2807 3441 1686 4462 4495 4090 164 4701 3053 4329 3876 2321 3431 347 982 1654 557 3991 4481 61 4013 581 3454 1380 46 1184 1298 3155 1376 3936 3147 539 748 575 3186 2904 1815 1119 428 3569 2320 2327 4177 4778 371 4338 3701 3571 3459 4675 755 2469 918 3552 149 1792 428 4288 3490 4433 2834 1377 1632 1265 2248 1592 3581 1387 1584 248 2183 3018 1285 4117 1170 1622 3739 3928 2651 3664 1633 4153 2772 1676 1081 4362 4844 4408 730 135 2786 3754 3175 1641 2919 2226 2356 3679 1599 1105 3795 3414 4085 142 2451 4888 3862 3693 616 1646 1454 4721 850 2599 1240 787 1077 893 1100 2188 2998 3453 16 1631 228 2158 2330 1391 3546 4186 1349 4173 1972 1844 3188 2159 2494 3150 3890 2239 537 3409 288 2189 4122 2252 779 774 358 2366 3801 3310 4369
1464 2031 2783 1423 1281 1895 2796 2299 3762 1416 2283 2670 1267 1822 1336 2565 2952 1060 4532 601 2288 4432 1363 3389 3455 3044 2468 4676 260 2522 2272 2127 3025 577 943 247 1327 4583 2496 2659 3027 3517 2765 3701 1809 637 2281 4426 2307 4832 752 1031 3568 4958 4448 3811 1975 4209 981 1371 1536 3974 769 3243 1506 4051 1059 4898 4711 193 4296 3839 153 4428 2025 138 1168 4633 3269 741 498 4466 4745 2112 3681 1616 3825 3344 4955 3087 3895 4632 4367 640 1473 3542 2268 4764 2689 2627 164 2466 3906 943 2485 2353 2009 4808 3486 420 841 4329 156 4548 1708 513 4485 1387 1410 4797 50 256 1648 2855 1140 345 3338 975 4714 2705 1501 3974 1892 99 4388 1601 1994 3664 1185 4148 2680 4832 3137 4465 538 4793 4475 3721 2566 1979 1014 1661 2636 2971 1316 4659 588 863 3933 3043 2557 3870 1098 115 4676 2784 4846 1220 3329 4470 4843 3830 4908 3261 610 2702 379 2123 1008 4637 2254 1993 2020 4808 1370 1748 1433 1464 4378 1142 3033 3572 551 2305 4935 562 4919 4774 2070 3720
4504 2953 3317 688 4639 817 1785 1510 797 1024 2674 2487 2010 2165 4994 3400 1060 2675 3906 4069 1326 4326 2904 3611 1407 3589 4090 4298 1212 4657 576 3095 653 3742 2593 1892 1545 4745 2294 1469 2365 3406 4601 522 1143 271 2447 3662 4824 4604 625 974 4764 1535 407 4941 3315 1032 635 755 4908 993 2110 1444 1707 4207 2166 3880 3325 4105 2411 195 2215 1948 1820 3252 764 1934 3545 3853 2683 3656 314 419 2031 4633 1047 792 2462 903 2003 2281 3162 310 3869 1222 4579 4148 197 1140 374 2505 3560 1270 1659 3766 3322 1367 855 2264 1864 4984 388 1509 1290 631 848 4148 1280 3756 3360 4723 2922 2886 3379 44 876 4751 2411 1364 2306 1492 4478 2386 4683 814 420 1106 3765 4748 1538 3441 832 2133 1444 27 3376 867 3278 1057 4245 4811 735 694 4991 294 1582 4934 216 17 2328 955 4726 2612 754 1801 1884 1692 3497 317 1558 2143 292 1564 513 2987 523 1542 1513 589 4681 3116 3149 2701 2379 2349 3764 3715 4272 1297 970 3605 172 1100 3160 1738 2660 4429 4546 4127
989 4444 2367 4304 4385 4867 2779 2656 2658 3656 130 1036 1821 4197 4857 998 4532 3906 4488 3898 1991 3824 4578 1901 4267 695 368 388 4314 3590 701 1453 2190 4473 4306 1728 3339 2756 4673 1315 3618 1862 932 4529 4706 3817 4921 976 2519 2573 4881 119 2162 3152 1240 2396 3659 3349 357 1465 4317 2796 1293 845 4674 3897 4906 1326 4345 478 2502 4290 3591 1823 4682 4565 2279 2665 2543 2525 2397 2890 3269 917 2192 3541 4693 3153 2215 1488 4688 3849 4095 3835 4637 4938 2843 2410 84 3729 480 2765 1535 3859 1176 2027 3586 3947 767 457 4525 3203 2540 3801 900 3532 3886 4295 36 3348 3054 3834 1871 1597 2656 4330 4961 1446 513 1753 826 1639 11 543 4614 4465 1465 276 3067 1478 606 1485 1927 4361 2967 2755 3592 2254 2583 3660 45 3776 3096 2466 3422 273 684 1102 2508 3401 3251 2313 1579 1992 1966 3043 972 3144 4482 985 3959 4261 4178 2203 3679 1407 1873 2418 168 2401 154 519 4827 2225 902 1294 2084 2575 3428 3623 2812 4209 4480 4138 1109 2019 3789 4891 2994 3943
1661 3082 1791 1499 3316 1689 2430 3628 1023 3331 1509 2381 1124 3982 2673 1323 601 4069 3898 2568 4017 3049 436 890 1602 3391 4052 4115 3538 4737 284 1345 4482 2026 1073 1563 3598 4746 4881 3653 3699 3679 1763 537 3541 2577 3512 3901 1167 4405 2802 582 2091 4065 1345 1849 4152 2919 3201 1300 3565 4665 1395 4980 839 3069 4949 4982 2070 1878 690 3988 1006 2048 852 2511 3554 2283 3069 2157 2960 743 1692 2067 748 3104 974 2337 4641 4561 207 972 2010 3289 3231 4737 4153 4405 4956 307 723 1004 4925 4337 1782 1908 2106 4396 2571 3092 2466 3553 2228 3951 4610 641 4838 2451 4950 995 171 4492 4993 3652 3841 3596 2227 1567 4068 4043 3675 4547 2602 1089 2845 2820 2080 4742 2897 4699 3537 4693 1728 3891 1313 39 1539 2349 1368 1764 1911 334 2458 4076 2127 3535 836 1244 4041 3973 2561 4657 3365 151 471 600 4506 563 1877 736 2631 2769 77 2343 2946 1544 3179 266 1868 1645 251 770 4707 3371 1214 158 3930 3931 1069 2811 3182 3515 708 707 522 977 1909 4509 3028 472
4395 3130 1704 4343 171 2744 2437 3961 1484 2170 1859 4107 1402 858 4567 3926 2288 1326 1991 4017 1449 4836 660 1055 1281 1526 863 3520 2474 1317 181 931 4864 2819 1979 1300 466 2193 2845 3509 3196 3806 2894 2329 3550 3885 3834 4349 1877 867 4940 3281 3865 3228 2062 4083 4378 4822 4527 1378 4457 3652 2046 3197 761 14 3965 4554 4486 4347 3821 506 4263 4943 2498 453 864 4189 1152 462 914 2388 2302 731 4466 19 2488 741 62 4901 64 3625 4085 925 855 2621 1162 2738 1880 1534 3970 3956 1168 2585 549 846 401 1413 2854 111 1182 3919 4217 1975 2797 1507 2471 1551 1779 834 2412 3237 3489 3888 1808 3381 4013 2983 888 3770 3031 1287 3682 154 835 4174 4155 2560 3344 4917 4719 1024 1832 1724 4320 4049 2693 2791 513 3319 2027 553 3384 1895 4739 977 2789 3789 3668 3908 1260 2159 3089 2239 3104 2934 1110 4762 45 3793 3972 1129 4832 4878 696 2320 2978 4520 2442 3408 4997 2180 1670 1591 4585 4958 1122 2783 3037 4802 4859 996 3451 385 1786 2466 3719 1090 2887 1445
470 2568 4777 159 727 284 4215 3592 845 2572 3670 1430 1476 4695 3211 309 4432 4326 3824 3049 4836 3935 3015 1089 382 3061 2263 1178 3723 3243 155 1216 2791 781 923 4627 4666 218 2177 2388 2296 184 3951 3742 3669 2707 3877 1339 325 2463 955 3351 2897 455 829 634 181 741 944 2270 4643 1045 1527 980 3958 2265 551 1566 2766 1326 1595 4584 3714 4455 687 3534 3457 2106 35 3905 4548 4191 1882 4325 2998 1310 2345 2980 909 2338 213 312 2996 4261 3350 4850 4640 1359 2008 4790 2991 4194 3545 26 1790 4311 111 1621 421 4518 33 4685 2028 4110 4628 870 2625 3331 4843 4017 758 3604 4430 4362 561 2916 4498 4359 4226 2569 1579 4151 2436 3964 4546 1664 3566 670 2407 2486 924 4858 1215 4416 3645 4563 1185 3838 1678 4334 4131 4059 2592 1710 1019 1905 120 1560 3361 3881 4145 4140 866 410 431 2419 4836 3403 776 3793 3610 218 4167 2264 2851 3584 4311 4123 2676 3283 2857 4027 3562 2913 2797 4370 2365 3690 3393 2365 2088 1339 2252 1947 2059 66 4621 1918 936 2224
2998 2590 4660 3630 2932 2823 3858 1077 2940 1598 785 2382 16 4908 1719 4025 1363 2904 4578 436 660 3015 4627 2639 2223 3565 2781 1344 4117 2881 3553 2887 893 4605 1171 3016 2687 856 3123 552 1675 1058 2979 4018 2614 592 3343 3414 2639 3629 3613 1517 4786 319 603 4192 144 3444 4841 4163 786 4325 4176 1262 1197 4268 1552 3879 3452 2116 2870 1362 3330 4789 4890 4563 1334 1913 836 269 435 3742 3074 3390 3618 3818 4718 2741 936 2676 3862 1902 560 88 3086 4419 1602 4480 2340 613 2847 2660 4525 3740 179 1521 1667 489 1716 666 4957 4866 327 2735 4733 209 4857 4668 119 943 1073 75 2534 2443 50 3391 4235 998 4452 2056 2136 1622 134 391 1179 56 1518 3494 2850 4055 270 2694 639 1429 2692 2665 1377 3862 3999 276 4657 3195 4735 3788 4298 2122 3743 1288 4752 4266 3271 3667 2797 4388 2786 3265 227 578 904 3272 4395 3759 841 3728 4968 593 3275 3129 640 2034 633 761 4331 4193 3726 3503 1638 2831 3223 1338 2146 3236 2522 883 183 4317 2696 2128 3674 3249
4625 1977 202 2294 4398 371 2818 836 4871 4259 3524 32 3738 2776 2320 2679 3389 3611 1901 890 1055 1089 2639 3524 3275 4199 1215 1414 4533 127 3173 647 4023 2917 78 4678 313 3721 3039 3011 3306 1518 548 4184 373 3694 3879 3052 4424 2894 737 1326 635 630 934 1096 4830 4868 3990 4460 2612 4994 559 656 260 1232 3341 1070 1070 2292 4480 4606 1518 124 1241 4579 3095 1623 2675 1462 993 1392 3913 1843 1466 3229 4515 517 1020 195 2513 3787 2260 4237 2562 3454 4050 838 1917 1792 1999 3847 3516 2753 327 517 3225 2393 358 1422 306 2120 4315 400 3421 370 4174 2049 2251 442 2756 4575 1086 629 3498 4244 1699 352 1611 1544 623 3740 1464 2615 4223 3991 2768 2564 1652 1753 4176 2947 1809 1343 3517 2875 4990 4668 4555 3525 3602 475 4333 1476 1272 1791 1616 548 4944 4087 4580 1150 3426 1398 4850 2151 4747 484 2638 3201 2006 2457 277 3265 576 4491 693 1422 3033 1560 70 3804 40 3448 870 3283 2460 802 1638 3206 1574 4487 3295 4290 675 2878 4856 948 3772 3229
2267 4299 3411 4394 904 4426 4541 4515 4400 2900 3690 893 2179 2235 3452 881 3455 1407 4267 1602 1281 382 2223 3275 4042 4611 1894 4191 2987 1544 1831 3355 1156 701 3028 2689 4257 554 1653 3013 1723 1582 1166 2165 4396 2233 3903 2502 3981 633 3092 2855 2475 4294 2047 413 3359 224 1314 1538 751 2309 3309 2514 4985 2363 612 2160 2109 827 3431 3850 4550 1625 1161 556 1088 2193 1848 4417 3998 3804 1038 219 4327 306 77 1911 727 1738 4709 3851 844 455 2379 1131 2486 3441 300 3686 954 2830 2389 3663 4253 550 957 2858 4707 2057 1055 1992 2916 440 1049 673 806 3240 49 4003 4363 1425 2825 2673 2771 3890 4370 4232 4524 3937 4234 167 2223 2767 2635 4139 2191 3301 970 1347 2552 602 4163 1659 2898 887 307 3825 1081 3651 170 2700 442 4168 830 2258 3786 1052 3468 2267 4460 566 3870 1470 3719 1208 419 1727 1022 2190 4319 758 2040 2825 4976 595 1161 2384 2748 3542 4340 239 1731 2385 1302 4545 2286 4917 927 3093 2677 1491 640 3060 1481 1218 4686 2725 3674 436
4287 2416 2601 4959 3921 73 1133 58 410 4082 3765 4065 4394 2151 3308 3535 3044 3589 695 3391 1526 3061 3565 4199 4611 4740 3592 4691 1336 4736 1286 1887 4479 57 3095 2717 1632 4255 2152 4839 1807 3251 1523 4872 4092 3271 4021 2840 1236 4291 2377 2641 1460 2196 381 4548 1637 4764 2230 1235 3689 1226 1593 1295 4922 918 2652 2964 484 2594 4177 183 3995 3030 3787 4262 4340 1181 2856 1532 503 1124 4320 3881 585 1444 4788 1826 2485 842 1728 1398 657 4430 4657 3006 2629 1035 4284 3925 2397 1890 370 4739 1717 704 661 2838 3962 4504 846 1194 4753 1697 1506 2971 2726 1428 3309 3771 1276 626 2644 62 3479 183 3838 4173 172 4175 3055 4292 3387 1392 770 1827 2141 2544 1497 4855 486 3617 3444 2255 987 149 3844 3681 1257 1591 4448 1800 4671 3939 437 3553 451 4004 4373 1460 2412 1641 4987 4769 4032 1282 3695 1000 2426 2383 635 4352 1427 3260 4229 4571 722 3844 38 2726 4658 398 1561 2629 557 1024 3573 737 1247 4742 2575 3169 664 3314 1491 1934 3953 3158 3587 3738
3018 4832 2694 3976 459 2276 4519 602 4335 4276 3812 144 3748 4337 2123 3072 2468 4090 368 4052 863 2263 2781 1215 1894 3592 2204 3548 4447 3548 2679 1893 4153 1226 3279 3928 1960 1969 3723 1909 364 3293 2676 1188 3816 1304 3154 3433 4781 1936 3004 2972 2945 4392 1152 4325 4883 2653 4883 47 559 4184 4798 3281 3440 3124 1424 1913 4569 3781 4418 299 2896 4175 1146 3561 3331 3518 2127 4700 4307 2543 3331 3956 1214 1718 3067 4902 4777 4003 2364 828 3510 4278 2084 4634 3672 1691 238 4263 458 3316 1887 3671 1525 2155 1965 4587 3899 965 2561 2296 353 1322 3428 54 1702 1015 4446 4333 2159 54 3730 1900 1972 1174 1290 1989 4989 206 3929 158 2695 611 4955 766 4101 329 2853 908 4242 2793 318 2591 3545 896 4198 3549 2821 3534 2931 339 1233 375 3418 4641 3415 743 2022 4409 604 2002 2294 4756 1509 3176 2854 3792 2066 1586 3704 4159 2998 1217 4987 1158 175 1050 3680 976 2243 3249 1158 3292 1436 1620 960 217 4858 4444 3144 1694 1870 380 3789 4760 2348 3539 3770 713
2911 4134 4612 2251 917 4350 1565 4190 3313 2456 2248 1221 3971 638 704 1452 4676 4298 388 4115 3520 1178 1344 1414 4191 4691 3548 85 1114 2570 1189 1363 4493 574 581 2856 4273 3966 2880 4190 3427 2919 1320 2579 1343 1796 1266 810 4671 2309 3371 650 26 175 613 4125 4719 1582 475 132 3783 892 3970 3697 4188 726 1526 3032 1123 345 4166 2872 1630 4904 4620 340 406 1490 650 475 2591 411 3894 1932 2294 1729 1507 2283 4329 1096 834 826 2970 3773 2120 55 1874 2383 657 4903 3319 1769 4560 1848 428 3996 191 4189 4292 1188 1715 1906 3046 3850 163 2155 4697 2149 2224 3160 4910 279 2226 3556 935 2500 850 3382 4949 1956 3787 4405 3309 4945 1381 2681 2102 3221 3674 2795 1985 425 3656 3542 821 3980 438 3162 3443 3549 3162 4044 2418 1432 3911 2864 2661 4162 1983 2833 3004 4025 4427 1226 3876 1498 260 3069 1564 1297 3071 2527 1347 1761 204 4662 355 2388 351 210 3929 3282 1175 4562 1653 1412 3166 724 4583 179 56 713 1382 1221 320 2167 4821 4789 4325 3245
607 4950 4536 3594 2021 4302 2349 4736 1175 2410 3882 2916 4374 392 1161 1166 260 1212 4314 3538 2474 3723 4117 4533 2987 1336 4447 1114 4998 155 2749 2271 4967 4299 73 4428 859 898 4055 3463 1284 2678 3003 4976 4915 3104 4927 1185 4142 1530 955 241 2324 4884 4668 4063 2029 4366 749 841 1928 4112 767 101 3933 1849 199 4598 2899 1367 4951 1917 2092 2352 4902 1583 3506 979 4759 4478 467 3874 2244 2406 494 39 3398 3504 2492 2443 908 305 2722 1830 4898 718 2886 1065 2148 80 3883 3265 2493 3059 926 3924 4786 1779 3688 3389 3431 3286 1027 3652 1991 3153 1406 3137 4697 517 4252 3772 4431 4856 4760 393 4198 4751 2691 4818 4263 3176 1942 562 74 4292 845 4821 145 647 1731 1482 294 3546 1957 2168 1065 1495 4435 4362 2780 850 3335 1760 3195 4547 2011 884 2218 1038 2503 1919 373 2836 928 3760 3184 3002 1868 984 632 1503 4926 4619 2792 4283 1534 868 2834 3281 147 843 4505 3600 2201 621 2154 4724 4711 3811 3502 3880 2676 2746 1048 2191 3414 2037 1169 3845
3081 1725 4979 2282 2333 4785 323 4572 151 1126 1350 1340 2074 4167 2577 1038 2522 4657 3590 4737 1317 3243 2881 127 1544 4736 3548 2570 155 883 3734 558 3419 2798 4588 4468 564 1975 2091 3225 462 4114 4478 919 3210 3100 4860 3035 1324 1254 369 2245 1235 2807 2889 548 801 3096 524 638 3242 3872 813 3448 809 4544 1187 3410 2798 4342 3130 604 2062 4410 3847 2848 4938 4289 1230 1581 2342 4787 1506 1381 2754 4971 4672 2693 4880 346 3716 2286 340 1913 3097 150 1626 3718 2012 254 2852 3567 2693 3711 342 65 2746 1292 1060 3797 3517 4338 1633 3321 1578 3730 4818 2904 466 1019 2688 351 2150 3929 4595 2827 3287 4983 2228 156 3676 1920 1274 120 4713 3778 4004 2634 610 3404 1864 2000 3776 952 1863 2556 3981 1278 1607 4874 820 182 1360 2934 2713 2629 3203 2159 858 1997 289 2753 3125 740 3978 961 1509 4458 4052 476 4326 2822 4889 3635 2376 146 2585 3359 2292 1526 4675 4551 1029 4995 860 3948 714 2629 3968 4957 1210 1001 164 3312 177 1650 2689 986 3938 2184
4712 4171 388 765 13 3007 4281 2799 3286 2375 2640 739 3702 4122 4235 2228 2272 576 701 284 181 155 3553 3173 1831 1286 2679 1189 2749 3734 2623 2432 2434 4228 4413 1959 2812 1695 3428 571 1987 715 3171 238 4836 2500 4144 608 3747 2360 2614 3593 3818 2753 3755 2278 1760 4302 851 561 469 2028 3282 2599 4201 1453 917 3143 173 2471 4015 1546 782 4492 3489 2614 4621 88 1287 1785 3481 2518 617 4521 1493 4336 3982 4093 489 3915 65 798 1526 2827 1286 1121 676 1172 782 1243 4856 4082 1156 2426 205 1588 3873 305 3899 2676 315 4894 1908 1143 4482 3152 526 2201 2735 4507 4542 1666 247 1729 37 839 1681 3854 203 345 2952 2021 320 1486 4464 4718 2303 3967 2709 1204 2693 972 4444 1253 2110 2176 4949 1775 1488 1756 1953 2183 3036 2928 669 2507 4215 3431 2677 3643 599 418 917 3655 2369 571 4833 3365 1841 940 4863 2503 2138 3274 2186 4073 4278 1576 4627 1604 3411 4377 1374 4594 2835 3994 573 497 4400 1581 3458 4537 4135 3218 1396 2276 322 2561 44 893
1827 3650 1089 2721 1144 591 4278 4463 4366 2868 2074 1635 3908 3192 1730 1014 2127 3095 1453 1345 931 1216 2887 647 3355 1887 1893 1363 2271 558 2432 4936 3533 3858 4039 1796 2435 1835 3556 3541 4888 1785 2707 2831 3135 3234 2670 4582 677 3998 4025 2726 2285 3511 4195 4089 1963 1754 4347 2052 342 1884 606 2828 3440 3054 3313 834 2750 670 3748 4050 4385 2219 2935 3627 496 2498 411 414 454 1088 945 4850 4193 1459 4113 1178 390 4636 302 2617 2497 2859 3270 571 1230 3243 1553 2055 4484 3457 4963 3463 4566 3188 3987 4501 2107 2271 1826 726 4648 2883 1028 3357 705 2448 878 55 4062 3723 3888 1661 2397 4540 3581 4588 2994 541 3241 4347 471 1026 3688 2619 3186 2320 1806 4255 88 299 4432 729 3090 2323 4043 4653 1830 2195 725 4012 4970 3682 4385 541 4808 1555 1503 4467 371 1736 842 2502 964 789 1694 1697 3372 4919 270 2854 4518 3928 465 4813 1652 607 4265 3395 2392 4513 2026 4091 4566 4678 3345 3721 4116 2244 4195 1547 3115 3759 827 2663 2772 3202 4503 83
4342 4964 4423 595 3246 2206 2749 2803 2582 2076 1867 4327 2698 136 2551 2809 3025 653 2190 4482 4864 2791 893 4023 1156 4479 4153 4493 4967 3419 2434 3533 1674 246 4953 766 1336 2670 3847 3433 3428 2662 3393 2039 2610 1172 651 1428 2977 4668 2676 2621 652 4992 2466 40 3173 1110 914 1192 37 1964 4486 584 3700 1024 933 4919 1442 2922 4141 4461 3384 4945 2680 4301 3578 1250 108 3204 10 2318 4222 1230 3726 3870 3483 32 2347 3364 1838 1156 3349 3655 980 1804 2404 4042 2668 1093 4505 3489 1859 3281 2712 1619 4612 723 842 2361 1868 366 3596 3811 460 4962 279 938 1300 2283 4658 4994 96 1249 4087 1251 2476 1730 4306 1468 4774 4875 259 1356 148 946 3936 765 1094 3367 2840 4292 2841 2871 4351 1273 645 1852 807 28 4037 317 3535 166 4213 4389 1857 1834 2625 4029 1638 3848 4139 2204 2723 1186 1485 4567 2455 299 948 4705 2927 174 2008 119 751 3068 168 3589 4328 4108 3811 4123 4491 3633 253 2518 90 3301 1871 4980 4238 10 1362 3318 2064 2480 962 3632
1250 1616 3417 4836 128 2414 4202 4924 4218 327 382 2837 666 729 2677 3895 577 3742 4473 2026 2819 781 4605 2917 701 57 1226 574 4299 2798 4228 3858 246 2824 1155 1383 4844 1244 138 2650 138 859 1635 948 1989 299 1541 4768 1405 2598 1714 4747 2357 3302 776 2047 3976 3491 439 1036 4945 4123 1170 1215 4730 555 2375 1807 3085 4192 3288 4049 1504 4597 2569 368 1928 4481 261 3536 2241 694 4106 2106 1883 428 617 4451 1042 2289 3653 3436 3362 4565 2613 4814 612 3056 1640 1023 2014 4069 4564 1294 2537 2978 1378 4600 538 1707 2811 4596 775 2110 2343 2623 4684 3339 4178 3635 3276 4704 2685 4995 367 4501 464 4868 3587 3151 2293 3287 3675 2981 4864 1290 1831 3147 3367 1899 2140 640 2041 1811 159 3603 111 3619 1902 635 2652 3529 4404 2371 212 2515 3925 1361 1776 2248 3843 1975 1884 90 2733 2157 2328 4775 1159 4962 2954 792 1467 558 3936 4792 3333 631 2861 4658 2961 3138 2353 4492 1850 4268 4809 360 309 3256 1255 2606 411 4355 3203 2870 3457 2345 2862 3439
4697 150 3580 3399 2609 4630 2647 4171 724 4230 3990 2709 603 959 4928 4261 943 2593 4306 1073 1979 923 1171 78 3028 3095 3279 581 73 4588 4413 4039 4953 1155 755 2779 2872 182 3262 4794 4038 1987 282 1900 3600 3679 3623 4509 3242 4098 206 3075 3758 3868 4728 148 3108 2892 47 2073 3133 1236 4353 4622 3464 4960 4810 2297 4803 2344 3004 3037 3591 3932 1367 38 4338 3511 2199 3267 289 216 4896 3566 2206 4596 475 957 158 3923 3447 952 429 3565 3336 3620 1836 4475 2052 4606 1243 1661 833 576 3825 578 3708 1423 4681 4414 206 2343 1180 2926 848 224 3043 3175 4572 4370 2394 1948 4658 286 2834 3600 1582 3690 973 931 3001 4843 3342 420 3785 40 4788 4119 1665 1897 4382 1253 632 207 3367 2624 2349 3168 282 2665 2138 2211 84 1763 1960 2259 627 1101 3985 3153 981 3442 2119 4332 399 4986 2659 3304 3775 1353 2970 2469 1162 2261 2353 2159 2320 2719 3741 1321 1270 1821 125 2392 2408 3619 2765 2225 2057 855 3687 208 3559 626 1779 3903 4086 3170 1160 3349
2970 738 235 233 2878 1596 1085 758 4936 130 1374 52 2287 2290 436 631 247 1892 1728 1563 1300 4627 3016 4678 2689 2717 3928 2856 4428 4468 1959 1796 766 1383 2779 2085 3041 2406 387 2721 3211 2997 1609 2557 2030 2912 822 1091 3507 4314 2833 1718 4412 2691 2649 4489 1637 270 4249 2257 1832 440 3547 2257 2580 2538 2138 3717 2850 942 2053 3033 3278 2598 3608 4481 4619 3477 506 907 4182 289 2305 2716 4033 4447 3336 964 3044 4756 191 2207 2704 3497 4899 3889 4050 1137 1268 54 1118 2098 1251 468 1132 2499 3078 3630 1089 482 3372 3981 1065 1254 2273 2555 4777 1328 4386 3578 3812 3206 731 4471 2519 1774 2946 4118 2435 3214 1132 4495 469 4468 1752 4093 4642 3371 3254 658 1092 3409 2202 3897 3753 2375 3319 3467 3586 3747 2945 538 3041 4198 4502 2588 4241 709 484 3233 3165 1261 1413 1786 4883 925 3484 3090 1692 2373 1459 4039 3124 1068 1648 3089 2480 930 4475 4151 2223 2503 505 4914 2134 4966 1203 4487 1800 1181 1505 3019 2518 3579 3875 2050 3654 2887 57 2598
3931 4955 843 3485 2866 2572 2532 3960 2601 224 522 1125 1647 697 2505 3218 1327 1545 3339 3598 466 4666 2687 313 4257 1632 1960 4273 859 564 2812 2435 1336 4844 2872 3041 3333 4576 2159 3418 742 1326 2838 4613 4810 2180 2290 1735 284 4750 1730 1549 3562 3479 1374 196 550 4361 2177 334 2752 4334 366 3090 1052 3691 719 1540 3294 4857 3341 3937 4012 42 2120 628 4712 2093 2738 1279 442 969 2266 2887 228 1508 3045 2410 4359 4869 775 1121 4063 2999 1246 1110 4301 1730 683 1141 438 1790 818 4454 1562 3194 1077 694 2632 1817 3425 1023 3406 3237 43 1312 3714 2136 4952 2573 529 3396 1551 4887 4021 3211 3379 174 2464 1329 3983 4403 4039 875 2845 872 1457 3394 446 1342 158 158 4359 4617 884 4586 3673 1649 46 1415 4346 3656 4864 2727 4079 2192 3358 569 1623 3211 2604 4305 1787 4724 1026 514 3452 3734 602 4415 922 3058 2465 4630 1187 1666 1561 370 2818 250 1325 70 1791 259 3933 1559 3896 2704 1358 4315 4307 3597 4963 300 620 2379 1509 1761 1053 4787
845 283 2366 1723 3985 3799 4625 2344 200 1570 108 3554 3024 4142 739 1557 4583 4745 2756 4746 2193 218 856 3721 554 4255 1969 3966 898 1975 1695 1835 2670 1244 182 2406 4576 2391 311 3031 2241 2143 939 967 1570 4362 4645 2662 4854 873 3743 1822 3364 4009 1080 442 4414 3766 3949 3534 656 2707 2376 398 469 950 4593 3392 2618 2093 2765 4698 3845 3672 2286 2850 3811 1944 3075 3301 4554 4187 669 527 4377 4458 2352 4697 3570 801 4332 288 2928 1668 3823 4292 2848 2502 3144 3918 2762 4269 632 3502 4028 350 2522 4089 3243 135 3444 2643 1874 1762 357 2440 1133 2412 1728 258 2120 3563 2423 3633 3487 3871 1176 2472 373 1661 3166 4790 270 2672 2453 1418 3219 4466 3343 3065 1703 2866 293 1265 1117 3677 4328 4352 315 703 4214 3726 1241 3661 1416 4090 177 998 1251 316 2503 4009 1486 4775 4492 4621 2361 1394 1545 709 3545 4993 1514 4055 2094 1795 1732 4217 2765 2114 2702 12 221 1078 1474 1044 824 1941 3639 3179 2271 1840 3076 242 4205 1591 3951 4598 3877 3339
2268 1077 1461 3627 2812 134 4418 3506 902 3384 4653 4356 3539 3819 4596 1424 2496 2294 4673 4881 2845 2177 3123 3039 1653 2152 3723 2880 4055 2091 3428 3556 3847 138 3262 387 2159 311 3925 146 1625 4804 1288 264 4391 3114 1130 1837 3025 3851 4811 2116 4566 145 3007 3239 2633 1647 4573 3547 843 4258 1215 4620 3766 2263 4186 4277 2850 4730 3008 2400 3498 2504 3534 2995 2893 1041 3225 3401 2679 3742 3010 739 3183 1405 3065 1513 1232 4215 352 2346 1189 4039 3134 2075 2957 2729 4417 4236 1781 3653 232 4425 4327 4590 1263 4952 2713 1879 362 4753 3734 2978 3157 1999 2282 3828 2896 1646 2703 3272 2358 3049 3092 2599 259 3981 3810 572 1011 248 919 3348 3332 3498 3346 580 1256 4735 624 1653 3372 3707 1350 4800 1825 1107 4741 1759 3099 4614 764 3284 1376 330 3074 4184 3118 3492 3562 3929 3464 4120 4720 993 1898 4844 2156 4660 3214 1100 2915 4332 416 4310 4865 256 1377 4690 3125 1643 2839 3601 2022 649 4952 4245 4906 942 387 4769 1772 4174 112 3735 4486 759 2932 2040
4699 2381 3396 4445 3431 4010 1969 4802 848 2927 2936 4972 219 4091 265 1641 2659 1469 1315 3653 3509 2388 552 3011 3013 4839 1909 4190 3463 3225 571 3541 3433 2650 4794 2721 3418 3031 146 264 3201 1455 4315 122 3295 2580 265 175 1391 748 4518 1280 3921 242 590 3256 1490 2106 601 4914 4825 3055 1176 931 4410 4276 1964 2917 1955 2732 969 3274 235 3138 2860 972 3884 4284 3002 1943 4951 4259 1142 882 4190 4689 169 288 453 1794 1723 1411 1020 2949 426 4048 2864 1432 404 3259 2976 1389 3837 2407 4696 858 1148 1463 825 4873 354 713 598 2352 484 4907 2037 4540 561 814 4340 2697 4422 2244 2442 2236 4039 287 2879 3009 488 4622 4520 4529 2873 228 2696 2975 1203 377 3530 1734 1746 4582 160 2987 2184 3307 1865 2489 353 3919 2795 4427 4484 2933 2123 3050 4818 3105 78 3401 926 4631 2037 734 931 523 1333 4262 2328 4939 4422 1838 3990 1280 2621 2135 2248 2468 136 3370 2734 2785 331 2182 12 702 3823 1911 2504 4988 2126 3926 4995 4042 4475 2020 2582 2674
