N: 200
M: 30
Symmetric: true
Triangle: false
10 107 20 92 34 79 22 32 150 195 156
9 39 138 33 59 21 169 69 187 164
5 196 189 137 153 94
6 177 194 97 2 31 129
4 118 114 130 40
5 139 167 8 105 93
9 148 165 67 143 47 25 144 132 125
8 12 163 68 87 86 110 36 181
7 123 23 131 27 126 180 5
12 182 121 60 147 73 146 72 199 74 71 7 191
3 111 54 175
5 95 100 64 108 113
7 9 3 154 55 45 16 102
4 193 46 17 133
4 44 171 134 170
6 66 142 184 172 198 99
7 48 18 157 84 178 174 26
4 88 19 10 98
11 41 1 70 96 38 51 50 185 128 6 29
5 151 161 57 82 149
7 168 53 166 49 135 11 104
4 141 116 145 115
7 76 28 63 140 162 101 85
6 89 119 14 4 176 136
7 35 65 117 197 160 56 192
7 106 37 61 103 124 81 90
9 155 15 158 62 183 42 77 52 13
5 120 78 30 186 159
10 109 80 152 83 43 190 173 75 200 112
7 24 179 127 188 122 58 91
647 3951 2229 4758 4008 1229 2783 4906 1184 1771 2451 2138 4569 420 3190 564 1267 1213 2263 755 3269 3513 4756 2225 4264 68 4818 242 2612 1729 4605 2051 1636 467 4122 3617 3702 2339 650 2076 3974 495 3305 3077 2813 2022 2059 1942 1104 967 4231 1706 2612 1382 1133 4990 4829 3826 3744 3731 2014 1397 16 232 3368 2671 1801 3427 1262 4431 1934 3659 1114 3451 4794 2085 3205 3350 2197 424 295 4968 1859 3037 851 4185 1934 73 377 3955 243 439 273 3083 502 2197 4744 1402 1992 555 2374 3126 4987 1774 972 4201 3185 3546 891 3295 4913 2008 4267 1139 4392 644 1474 3622 4839 4245 4983 602 3147 3237 3791 817 3089 4724 3839 799 2670 2405 3172 3692 1676 28 2560 1103 2903 3094 4367 2652 1680 1183 4204 3854 2161 4866 1117 4080 1985 4514 2069 3585 3164 620 4784 2368 3320 2763 3216 2285 235 2012 2861 2375 2159 2123 4163 1879 1667 1885 3733 277 1643 3822 2953 4190 4675 754 3064 1569 2431 3476 3377 4724 2653 4071 4132 4984 1124 3128 1221 313 2525 1626 3704 3202 1828 3939
3951 2596 1940 3766 4003 1068 1516 2836 1031 2494 4977 3402 1861 2597 855 4618 1780 2243 4494 3756 111 1981 1623 1298 4267 4820 3184 539 4008 2468 4605 3581 92 4678 636 1133 1679 4153 1996 2223 2841 4203 225 2669 3533 367 579 4904 371 1680 3612 210 3164 1931 3632 4016 4986 3943 2863 1690 2564 4876 1232 476 1643 1572 3847 3300 4606 2917 1173 1749 1826 2738 159 1054 2811 2296 2313 2679 2418 146 2231 70 2139 1051 1346 4720 3567 4619 535 1958 2741 458 2013 3738 1043 1008 1732 2707 4067 4738 4208 3364 3670 2677 4237 4201 3300 3037 3695 696 962 4791 3412 730 1022 214 4950 3965 44 2792 1911 3238 612 1209 84 1107 2199 2999 2377 2751 4406 3173 299 4297 375 2319 4384 2380 3726 1676 2961 1663 1162 4903 1279 4599 3180 3085 1233 2371 3288 3091 3047 2035 4362 2296 176 2946 614 2602 4755 2015 580 3773 776 3653 996 3247 4432 1650 4635 3158 4004 3244 2482 4704 4487 2447 950 1636 3914 4293 3208 1000 2803 2978 1893 2488 2987 2660 2153 3478 1818 1789 4436 4220 3903 320
2229 1940 1456 4621 2563 3004 2418 688 1248 263 3828 3825 4133 3878 1666 2512 4104 4818 3403 4640 895 1253 1814 470 1775 3001 1703 4943 2265 4304 3875 3317 3188 3302 1380 3373 4442 2154 442 698 748 4752 649 2895 590 324 3971 176 3455 1370 1735 2733 1060 1648 1298 2197 1435 1270 1467 3050 3525 1312 2247 3777 2509 742 2814 2673 3339 1607 263 1023 1058 4277 1959 1507 3588 2137 4096 3279 2305 1283 835 2849 1199 1990 2480 4999 943 1984 74 3774 712 1739 586 2706 1576 2913 3476 4133 245 716 4304 2749 552 3535 2792 1521 4020 3914 3306 3005 3825 2320 881 4644 1035 4002 4841 751 4370 2568 3133 468 1783 519 2409 2167 1485 3997 1424 2537 1289 674 4628 4280 4620 331 3669 160 420 774 3474 1007 1989 19 3388 3600 1147 3506 1225 440 2369 1984 4856 2277 4902 1230 3827 2370 4998 34 1821 4418 788 121 3544 460 3955 2239 3908 3357 4801 3780 2264 177 4008 2244 2079 2367 2092 167 623 4413 3674 1647 4388 3336 3806 658 1751 3587 3485 3976 3222 2349 1382 1804 627 316
4758 3766 4621 1032 2563 3239 4770 4838 959 1537 3003 3735 2661 2537 2920 4557 4899 3809 1445 2239 726 2732 4604 1035 1285 673 781 3697 3239 3198 3294 2186 644 2022 3911 2752 3284 1410 1113 4218 4906 4370 4097 3838 1748 4000 3499 899 3490 3827 2665 2265 1476 2383 1904 3400 2192 657 4332 4742 4339 2540 1379 4831 4349 730 2731 4883 1687 360 4909 2021 369 264 2429 555 2061 2104 1969 2734 4357 839 3227 303 908 4529 3105 474 461 4090 2189 2206 12 712 324 2981 2060 882 3896 1519 2108 1481 2287 2236 2504 4883 4007 3936 713 1019 3002 2560 1257 4642 4084 2674 2057 2626 4049 245 3294 2756 3549 1767 1309 3717 2909 272 638 1971 898 3993 2684 2575 4005 1880 3373 3580 4674 1419 3096 3896 4976 1020 2283 3186 4382 3414 4904 136 2018 778 2463 4519 193 3448 2508 2212 1321 3574 1303 4427 4804 2627 1401 891 2895 1175 364 4508 2437 4581 1508 4498 3650 2073 2277 1927 2442 2102 2158 624 4492 1891 828 1632 4739 669 4011 3387 3203 1586 3908 3335 604 3918 1135 1919 3681 709
4008 4003 2563 2563 4238 4119 1759 1889 1113 4269 96 171 1548 2054 4956 2150 3188 2426 3221 3176 2292 932 3317 2740 1765 2258 2996 4351 2547 3018 2679 4429 1832 1473 1290 4637 140 1494 1479 435 3706 3705 2738 4908 829 3336 4073 2826 359 3046 3722 433 2780 3866 2241 756 3550 1774 1196 4417 3530 1123 4840 2484 4196 51 2055 3795 3634 3999 4260 14 3243 4887 4975 704 18 367 525 1496 1868 4539 4787 3578 1021 1509 4319 1596 4252 3249 2304 1971 4061 4912 1095 618 1302 1120 4054 3927 1495 2761 2866 1106 840 714 2641 2139 1529 4752 811 2821 1928 4375 4438 766 3299 749 1724 4800 2113 3548 3510 2054 4935 2089 2951 2749 4263 4093 3299 3554 3015 4335 2450 732 66 638 4339 3164 4965 3618 2275 3184 491 3711 383 913 2148 1154 2954 3341 580 2478 2867 1671 4350 4042 2515 2140 773 441 4245 4392 212 4414 1121 1063 358 3273 388 578 4226 2266 3802 4076 4347 2499 4145 4161 1774 1843 2956 2662 4968 1196 4153 3543 2713 1809 3668 2898 4779 3283 4763 2863 3687 187 3238 2860
1229 1068 3004 3239 4119 4842 567 3210 4779 4028 1920 3575 4135 2103 3896 4618 1573 2598 2572 4097 301 3774 813 2753 2569 2994 645 1811 1729 1934 4672 3364 1617 4668 4199 2026 3935 4506 1122 1246 2175 1737 879 1791 1072 54 2037 3655 282 1987 2328 1196 4412 2301 1325 1915 4727 729 1370 1963 488 1114 1616 3518 1469 4443 4567 20 4301 3183 3149 1610 4084 732 1587 4665 4937 4075 1739 2172 3255 1360 3416 3120 4259 2845 1115 4844 3518 646 148 79 3785 1368 967 3194 2461 2672 3966 2085 4088 1564 956 3429 235 110 4215 955 2872 1766 686 1148 686 4526 4303 3018 1606 3977 235 821 3668 3930 4425 1213 1042 1593 682 4555 3133 1586 4037 1595 924 3596 1688 156 2544 4202 948 3987 4606 297 544 4169 746 4916 3646 4112 2361 1783 1347 955 516 476 76 3559 1127 4028 2379 2377 2679 4753 2769 4231 4546 3927 3023 3780 3404 618 555 2861 1899 1846 3924 3032 4982 4762 3430 4297 2903 1554 2601 2475 3261 4931 198 255 696 3065 1441 1203 4329 1667 4238 3436 2836 688 2173 4578
2783 1516 2418 4770 1759 567 3228 724 1125 2541 4627 52 4388 680 3236 3024 1206 1280 2946 1308 669 2862 4930 4561 975 898 2118 1709 4324 1385 2074 334 3196 2659 3118 3639 2203 94 1101 1419 1925 2285 1716 3596 282 4528 3005 1455 3461 186 4370 4402 1546 667 862 1166 4141 3516 2542 1351 168 789 3401 1240 628 3098 2866 343 4678 119 4211 2347 4513 831 4441 4161 1506 2849 3134 2320 2902 1007 3578 4355 2451 1772 4684 2449 4365 4440 4249 441 636 674 234 1394 1922 3680 4010 819 3260 3603 37 2372 4877 4225 4594 2618 4578 1035 2787 3495 3143 4154 4873 3768 3997 2555 2731 2985 796 2398 3244 2559 847 3024 137 4043 2406 4148 2114 2156 3463 2467 1038 113 1179 4659 206 4446 3902 3163 3639 4729 1286 81 2402 2640 1188 3672 2565 4687 2631 2860 481 3861 3644 2281 1593 2174 2703 1151 2850 3015 3053 2557 47 4153 1015 1291 3737 1414 456 2410 4890 4629 4693 2954 1458 4850 3718 1971 2663 511 512 3236 1684 2376 1677 4543 3842 3553 1591 2586 1308 3826 1955 2261 4556 3144
4906 2836 688 4838 1889 3210 724 2147 2736 1140 2605 2895 2363 3671 3673 4841 3005 1335 3085 1272 2240 3266 2752 4905 655 2041 1687 3706 3695 2796 1387 4223 2735 4923 1461 296 333 2988 1898 4519 3286 1869 4577 1125 4114 3819 859 1870 3131 1575 2884 3636 2047 3092 1004 3403 4503 4338 2276 3346 461 1396 4990 4833 3401 1161 1184 3022 1783 3689 3951 4706 3390 2506 4894 2867 4789 1570 2906 4733 3755 4648 2689 2811 459 2802 3147 3979 1324 4740 2479 4023 4794 1969 3267 3053 2408 3505 3701 704 3739 1501 1904 2126 4079 4850 3454 1367 828 1505 2748 805 914 4421 3476 3047 1614 1037 1504 2014 2017 4038 3899 2864 1990 3352 4905 2213 1209 27 347 447 3183 2371 1250 3602 2509 4489 2382 855 2425 2946 1556 4936 4334 1449 2273 546 3383 3982 2687 4059 2566 29 1983 3075 3390 2910 2585 4534 2382 212 1838 3598 895 3906 3366 819 1707 4409 1168 2050 4079 4395 1628 4593 3064 3199 2460 1209 3044 770 341 4458 1448 821 1814 1235 3968 3132 3954 2494 3359 3143 4523 1500 1376 4496 2070 2719
1184 1031 1248 959 1113 4779 1125 2736 4140 4783 992 314 1520 20 1382 1355 4196 4578 1466 4122 4626 1049 4378 4613 2494 157 3313 393 3817 4140 3057 3903 3454 3180 4322 1493 3294 126 4856 1025 2605 1373 3379 2286 1804 3715 2698 3022 3467 4514 1381 391 964 603 4064 2135 1017 2810 1514 3284 1573 4298 817 2114 2177 1075 4803 300 1204 4809 1719 2460 4089 3194 4559 1128 3218 2653 2850 592 2130 4508 3827 3390 4742 369 3791 4225 2216 1796 2787 1419 1718 4838 4101 538 4943 3254 2110 3378 360 1533 3427 1682 1577 3312 4583 145 3136 1705 3394 4556 223 2504 1591 1928 1300 3539 4973 1704 1505 670 2967 140 346 2541 2793 2215 3457 2372 4086 1316 4907 4316 2951 3088 2515 3118 4378 1275 296 1831 261 4354 3121 3841 3826 3245 3225 3798 1887 307 2506 2449 2724 1953 1004 561 1332 2521 3201 429 456 1400 4305 3737 3332 2335 2768 3425 1548 2183 4676 2382 339 2703 1237 3860 1452 3365 3808 568 4042 1339 2931 135 1869 1700 1745 4131 817 2364 2341 3002 2814 1256 10 4849 3979 1852
1771 2494 263 1537 4269 4028 2541 1140 4783 2750 3650 2029 3795 4115 1677 3365 2116 3783 4456 435 4552 542 2378 4038 1238 3302 2636 1236 2754 2387 2439 4940 3138 904 3114 505 2357 3251 732 436 876 401 3709 1142 3376 4257 186 4833 4572 2658 1295 1226 2192 3787 3361 3351 4536 1645 4563 1979 499 2186 4790 551 4667 678 3079 518 2970 1701 2611 1840 4876 456 95 4609 1860 156 1893 2738 4419 2290 2210 1278 2930 782 121 4210 2357 1734 127 2144 776 3926 2837 1734 4565 2152 3092 4004 3137 4408 636 488 2468 2125 4340 2639 4263 2608 3841 2328 4587 153 1648 4989 4231 4184 3813 859 3727 826 2434 1653 4713 2808 1373 3893 4890 1427 1766 221 4270 633 3964 4233 3987 3771 3469 3918 4443 2409 3822 488 699 4893 4529 174 2168 911 4156 3126 1958 1474 376 1049 2134 4064 4796 4301 1832 437 2840 216 3703 3006 1438 1235 3575 1650 1939 4402 740 587 4290 3121 3872 2912 1223 3433 1538 751 2668 2315 3131 4721 1536 3656 3118 3805 2208 4076 497 2787 1040 743 4045 2129 4162 3579
2451 4977 3828 3003 96 1920 4627 2605 992 3650 2085 2103 4582 1420 3889 4093 10 2470 2169 1052 2976 491 3812 3022 1570 1245 4909 606 2538 4369 2830 4650 2446 797 1919 264 276 4643 4676 4210 1170 4314 4922 1481 1388 4808 865 1915 3799 1823 1623 3050 1075 4240 2289 4951 607 2193 1823 3673 1312 2043 2395 4784 965 2860 2310 628 3161 4555 1168 4165 4055 77 1712 3054 144 1594 4018 1041 1217 3123 402 160 2842 29 1820 3034 342 4486 4481 3145 2730 1259 4422 3305 4794 1177 1890 1909 3996 2758 968 1900 4129 4914 4721 4168 2489 3691 2690 1462 2221 82 1557 1417 3213 2028 2249 4925 746 1278 1296 3932 1193 4783 3430 2454 3878 4132 300 149 227 4196 2341 4726 4546 2137 963 2841 583 3480 2220 3689 1602 1659 2889 4639 4789 416 1453 3379 4090 1553 2953 777 4114 2609 3704 3976 1463 1614 3223 531 3195 1504 1274 3605 4262 1046 1146 1787 1005 3757 2971 1390 4785 1703 1016 4895 659 3995 2181 4946 4057 4108 2123 1175 4779 2746 1924 3275 4754 1674 710 3908 257 3493 2390 1883
2138 3402 3825 3735 171 3575 52 2895 314 2029 2103 1165 4552 1083 3868 4961 4980 1052 4883 1488 2099 2007 4483 2676 1180 4475 228 3864 1450 1008 3701 1411 3671 3085 4742 97 78 1869 553 843 3820 4546 1885 2190 3703 1932 921 1985 1204 374 862 4473 2717 4307 4242 3620 4940 2797 1954 4666 3753 1924 4583 1308 4276 4753 4079 4740 4769 1152 1081 3015 4546 3264 1665 784 1676 3242 4529 4269 1083 789 1108 3585 4060 1035 2865 3534 1689 4239 3899 3280 1877 4722 3786 4915 4837 1252 2141 1421 1439 1986 2972 1198 1172 956 4669 1905 2698 3003 3407 3170 3300 3677 3335 3549 1942 3029 1020 2924 3580 1955 3622 344 4301 4925 4297 3154 3094 290 3426 2718 4798 1488 406 3781 4511 3364 1931 3945 1063 4676 4803 1488 3923 490 3670 1336 4305 859 3750 2518 4620 403 4127 4851 346 230 1472 4140 3859 861 3429 538 3488 1714 4296 2003 21 259 564 3943 3233 3601 1803 3033 3828 919 3539 588 2464 2219 1695 1633 4053 4399 1047 2705 1319 771 4571 4208 3040 3538 4415 1874 3638 2378 1315 648
4569 1861 4133 2661 1548 4135 4388 2363 1520 3795 4582 4552 1110 4105 4562 26 4282 3165 2674 2299 4543 848 71 821 1060 3752 3771 3005 4046 3621 3763 4331 4501 390 1421 810 2759 2017 1800 3822 4991 4494 2207 432 3412 3421 4084 1279 1512 4700 1631 3136 3407 3900 4390 828 2649 2690 3197 124 4748 3287 2119 4270 1367 4207 2036 4902 298 2186 4639 2022 4286 1175 4183 1768 1995 3536 3373 4924 4432 3430 3351 4555 536 3718 1768 4398 2408 1944 3598 4197 3211 1327 3351 4227 2819 2490 3424 2600 2345 2776 3922 1795 1035 164 725 4110 1735 1584 1603 1908 1512 3298 2349 2002 4208 1070 3964 717 1134 4936 156 2021 1053 4219 3656 4560 251 1861 1991 298 870 2890 1128 1021 4945 3965 3958 1259 4101 1477 2669 2571 734 2416 2015 2655 4684 1104 4594 442 734 4724 1406 562 2608 2516 4248 1572 1656 1662 2210 2513 814 577 1849 1590 222 3884 4241 4253 3395 1354 2675 4453 3565 4534 1564 111 1987 3708 4028 810 3564 3130 625 346 4506 2892 106 93 2019 867 546 1024 2096 2433 4703 3215
420 2597 3878 2537 2054 2103 680 3671 20 4115 1420 1083 4105 2426 1548 4098 486 2296 533 580 2142 4082 3286 467 933 2240 2601 2324 4642 3928 4250 4207 1466 4596 651 141 916 1260 957 1438 3306 2052 3861 1379 4547 598 3591 1005 3508 3781 2425 1571 226 3503 1387 3236 1050 2004 195 58 2943 2012 980 521 3048 2460 3200 3074 968 937 1776 3521 191 4761 3068 3188 974 3716 2204 2549 48 3332 1447 833 110 67 1837 3518 1331 4233 2706 2767 2692 2660 1292 4960 3360 2768 1121 3401 255 583 1540 4842 1224 154 2442 3099 634 2382 3969 2776 1170 219 2259 4251 2051 3989 4999 1842 1236 403 4780 3858 1916 4595 3125 2173 2684 1986 2650 1898 3223 3548 1081 1202 2086 4725 4199 2280 464 3468 4379 51 2272 2593 1166 1704 1774 744 2234 2449 2400 3040 3186 2687 4596 3578 192 359 4661 1611 3030 3285 2168 4366 2890 1725 4364 959 371 1202 2341 804 1754 1503 2315 1945 1680 91 3077 650 510 3020 3692 1266 2639 1432 4655 4390 3314 4537 3841 3353 4683 1394 3770 1534 3979 3608
3190 855 1666 2920 4956 3896 3236 3673 1382 1677 3889 3868 4562 1548 948 1941 4430 705 4832 2035 3209 1637 112 2008 4935 493 4591 3772 3519 1900 3969 640 1668 4590 398 2795 1515 1349 1431 378 2328 3754 531 713 4061 3994 149 3702 3604 858 1394 4645 2165 3217 1549 4254 2087 1689 522 573 4474 1249 4499 3038 2771 2638 4455 2704 3545 1622 4897 1364 1491 3782 319 517 1275 31 390 168 163 3348 3509 2979 2009 2415 2362 538 1948 3777 4739 438 4227 570 4024 3726 3877 4778 1152 552 2327 4329 4096 1008 1663 3987 3017 1669 3358 3810 2326 4283 2909 4348 3638 4259 2703 4075 3106 3305 3714 2015 1927 4583 364 1633 1025 2789 2594 4682 3221 1808 3981 540 2375 1557 4437 895 4753 4579 4831 2138 701 3588 1944 4835 1206 1960 2306 1406 4323 3502 108 4334 3675 272 2986 3285 1600 2911 886 1448 41 2575 429 1019 2569 3693 4143 4198 1756 579 2263 2991 4753 798 3628 650 2139 2055 4792 198 1524 1913 901 884 4519 2365 4265 3885 3176 3833 547 197 684 2998 2726 4050 3625 1946
564 4618 2512 4557 2150 4618 3024 4841 1355 3365 4093 4961 26 4098 1941 1588 4208 2856 1798 237 2332 889 3669 689 1691 3075 1235 1250 196 509 4300 3160 1982 3890 2381 3256 3706 2598 4197 358 2533 2167 165 2254 4822 1505 1457 3928 651 4643 359 3049 32 2939 4338 4651 1428 2228 4014 1897 3752 464 2510 4375 1817 982 2984 3388 3092 126 1605 4170 4112 2814 2022 1845 2242 2363 845 1216 3335 4717 4266 2707 4478 1858 433 1194 1018 3056 1628 62 1583 2643 3983 256 3085 4498 4517 3645 1080 4850 503 2295 4374 1260 1886 2332 4145 3924 3925 4078 3439 2754 2596 3254 1778 4822 1183 2855 3602 1372 1111 4687 3572 1037 4614 3143 1731 1453 4753 867 667 328 4320 3458 1316 4371 3746 3147 1332 2792 3460 2119 2267 444 1379 4118 2738 3039 3702 1006 952 3989 48 1778 3878 137 1036 3761 266 894 4055 2918 3494 3361 4519 1404 566 4563 2011 2188 1087 3375 3907 3218 2978 4903 4578 143 948 1360 4248 3009 4563 72 2815 3348 2752 332 474 3640 1477 4359 4396 938 204 3049 4557 3137
1267 1780 4104 4899 3188 1573 1206 3005 4196 2116 10 4980 4282 486 4430 4208 1775 3946 3475 3544 1203 921 4812 1405 1416 1330 2592 4891 2795 2523 3057 1462 994 2132 4118 2906 380 3795 42 1761 3493 4718 306 1664 3780 900 800 4011 941 828 839 1440 2080 4999 2709 1884 1883 3438 1095 4635 4429 3565 2397 2336 2948 1798 3202 2294 4378 1510 3568 2100 1114 4195 4646 2811 3493 2263 1808 121 4392 3260 2842 3366 1433 4364 2075 232 3165 1888 4583 4812 581 2454 3596 2649 498 4157 4953 3248 283 4965 4261 3237 1538 3370 2486 1425 2234 3959 2335 3792 4888 2489 1781 2259 3048 632 1975 385 1891 900 318 1245 1187 1704 3876 2672 3396 640 258 3114 2063 1861 4793 1492 3139 95 4889 3604 4633 4072 1051 1755 2951 1969 881 2766 4842 3436 2383 3848 3468 2000 4738 504 3660 809 1550 3397 379 437 4030 3220 1788 821 1000 2931 73 630 901 2709 1053 3332 2442 4310 3049 1944 2647 1774 3201 1295 94 384 1756 4239 1668 1731 842 738 2731 1121 2474 3659 2439 1280 1802 3542 866 1314
1213 2243 4818 3809 2426 2598 1280 1335 4578 3783 2470 1052 3165 2296 705 2856 3946 3129 3637 3375 3910 4762 4050 1623 4868 397 4206 4989 3080 3908 3084 4451 3372 897 3163 4620 1690 3304 1329 301 999 3760 4518 4823 1271 1217 3062 1246 3252 3064 4487 2185 644 1378 1908 3602 2298 281 4586 4889 3828 2099 194 3399 591 2189 2025 898 3755 1922 2026 1423 4557 1964 1148 427 3657 3615 730 4193 249 4575 3964 3147 3209 3143 3180 1749 2177 2423 313 2408 2981 1016 1824 2050 3342 2907 2044 207 1000 4501 36 3647 1380 2979 536 1992 210 199 4983 427 982 578 3289 1545 2283 3496 3610 3398 3094 626 1167 3477 461 4823 3096 3696 4437 880 4014 813 1860 4623 1496 3152 1844 1146 3847 4473 3525 2967 3952 3386 2808 447 3386 430 4966 1368 1127 4172 3744 754 1752 3231 4141 289 4237 4978 247 2611 978 3245 3399 2350 4600 1945 1005 3681 133 4963 4646 3120 3740 2787 2844 2324 3865 3808 1909 1097 3794 519 2774 2831 938 887 4375 2038 1631 1216 3411 697 634 2229 3859 966 3012 3309
2263 4494 3403 1445 3221 2572 2946 3085 1466 4456 2169 4883 2674 533 4832 1798 3475 3637 4294 4732 3689 4180 2615 4682 2233 2440 2007 1577 873 2728 877 1550 1992 1790 1543 585 3218 2341 3764 1636 4587 3170 4474 574 454 732 288 339 2150 3224 1429 1362 2580 3198 4172 2408 2197 4132 669 4794 1116 2101 4313 1961 679 3487 4449 2077 1795 4470 3660 1088 4009 4833 1332 2938 2944 3559 2085 1567 2553 3641 255 4848 1493 214 2439 3679 3535 2179 4009 4923 618 4655 2778 2343 4323 3714 2406 2065 2945 2075 3444 4941 2956 753 2183 2668 446 3779 1294 3967 2368 2611 685 4534 4770 4880 4092 2199 2240 261 4947 3198 2901 2811 998 811 2939 2274 4109 1315 1440 891 4624 970 727 61 2164 3098 955 1041 3095 782 1012 1442 4595 2880 3530 4325 764 3584 3522 1536 487 1093 1514 1221 1831 149 242 83 3524 966 820 1371 4133 571 1102 2756 3274 1864 581 4229 1374 3154 4898 3483 1351 2052 2489 4051 3039 806 3261 246 2354 4916 26 3599 3433 4118 235 2619 1319 3598 3421 677 616 4045
755 3756 4640 2239 3176 4097 1308 1272 4122 435 1052 1488 2299 580 2035 237 3544 3375 4732 3109 2550 2189 3400 4027 2853 3406 4735 1142 2153 41 2379 433 3142 3038 3159 549 2060 2743 4851 428 784 3924 1084 3040 1238 1938 889 622 3087 2858 714 2672 2750 2617 1642 2358 3234 2152 3150 4002 3230 3533 687 1372 4291 3386 2137 1022 2568 1100 65 4106 1378 4804 3586 1774 3506 1878 4422 1318 707 3105 4960 2839 3276 1188 4153 3542 1431 833 4576 4273 469 359 2577 4785 1916 3706 3096 2272 165 2755 728 1015 1702 3542 3154 465 2778 2226 3700 4373 4423 2368 199 4250 4464 3651 1835 2583 205 3283 1607 2585 2897 528 3418 2947 3744 664 1179 1330 3170 3482 4688 735 1320 358 4329 2638 2209 3954 543 4835 4851 2686 1000 1149 729 4056 1773 1967 2039 565 3330 4694 3602 3545 3367 2639 4555 3340 184 2967 2965 332 1577 2105 1638 4196 3849 1220 4654 2989 4617 1729 1426 3823 4302 4926 1802 837 4157 714 81 4329 687 1641 3349 3999 547 3907 4913 870 1175 3119 314 3245 2341 4291
3269 111 895 726 2292 301 669 2240 4626 4552 2976 2099 4543 2142 3209 2332 1203 3910 3689 2550 2885 1455 584 770 4581 1552 1821 1332 2212 4883 504 1982 1475 251 3231 2557 855 4757 4651 165 344 201 3341 3869 1992 4697 3129 154 347 1807 3704 3381 4606 2342 4982 992 4576 4745 320 4531 1652 4216 1711 277 2562 4252 1602 854 3338 2657 4478 2824 1317 2090 3201 3513 940 1729 515 2056 3275 3952 2975 1983 2642 4341 1093 1562 3848 4175 4663 3039 4453 2851 3017 4991 3298 2134 2960 528 3709 4643 2032 557 3542 3246 3929 1355 797 1075 502 1786 4147 4109 2761 4376 4461 2879 4248 1592 1378 4329 1851 3261 719 105 3009 2478 1858 3138 4984 537 4223 3975 2975 1570 198 3458 1160 1286 476 4239 4000 3231 2224 1382 2044 1087 3736 2991 1978 2607 2786 3133 4609 259 1584 2645 2194 4185 4579 3351 542 2749 3371 3505 3875 14 2672 3551 4634 824 1596 42 1798 2772 1554 1012 4311 1261 2564 991 1235 2447 3162 1062 473 1691 924 4522 2203 1970 343 2603 3709 786 1953 3721 1348 4086
3513 1981 1253 2732 932 3774 2862 3266 1049 542 491 2007 848 4082 1637 889 921 4762 4180 2189 1455 1213 1536 3784 1939 2135 4697 4340 102 1580 2213 4891 3441 312 1168 4635 255 1956 4596 3774 2155 1050 1722 312 1073 3314 3238 2116 803 1619 159 4101 753 2876 4858 225 3190 3516 3643 3763 4003 950 1857 3889 2872 4286 4355 4220 3716 3042 65 2110 3892 4883 3567 128 3537 585 2613 3188 3906 2366 3874 2204 605 3289 3779 1320 3478 793 2847 3008 809 193 841 3998 3848 1167 4080 4115 2453 4662 4002 1965 812 3684 4502 1971 4810 4214 3494 1412 2734 2789 704 4403 486 2102 4349 2163 4307 2690 1075 3646 3299 2484 406 3844 2749 4742 471 2868 1754 3684 130 2726 16 3483 2565 1192 1907 4215 949 2548 4090 3228 678 68 2133 680 2265 823 3442 4517 4191 1392 4327 1918 2278 1979 4708 1648 2778 812 3546 3550 1850 514 1478 3999 3159 3534 4922 3964 1689 1837 4054 2950 2680 4021 1748 1973 3840 960 2530 1809 2980 1137 2049 887 3565 529 1299 1391 37 245 4613 2038 4451 168
4756 1623 1814 4604 3317 813 4930 2752 4378 2378 3812 4483 71 3286 112 3669 4812 4050 2615 3400 584 1536 2665 992 1220 1177 3150 3836 2381 3775 4811 3864 1299 4351 212 2865 4728 1745 2123 550 71 4061 1669 3929 443 1919 2278 2060 4937 2522 879 4370 3774 1547 3608 1042 4518 1825 3192 3781 4366 459 787 4990 3930 4210 2073 994 4076 4516 3061 2099 4372 1667 174 4080 25 441 757 1538 1415 2535 2042 3290 4982 3840 367 2058 4990 551 3427 4638 3628 1718 2648 4559 2925 3875 2807 4164 4815 3924 4081 4444 3673 3410 4128 4744 172 3361 436 4757 1779 1647 3309 1276 2343 4625 1811 2779 2948 3730 4131 21 688 2437 4411 1641 139 1903 46 1063 1689 2907 119 4205 2833 4638 3777 3725 224 4508 318 4961 912 2011 2448 793 3961 584 332 3506 4612 2869 1258 921 62 433 2324 3237 110 3179 20 4287 3128 1887 2655 3998 3889 4447 3248 2501 2076 3355 2020 4140 4696 1013 161 611 4151 157 2823 2382 1300 3786 4196 526 2336 666 4953 4248 4533 1126 655 4312 3582 2762 2131 1358
2225 1298 470 1035 2740 2753 4561 4905 4613 4038 3022 2676 821 467 2008 689 1405 1623 4682 4027 770 3784 992 394 3762 2667 1224 892 734 2475 180 3392 338 4361 1443 3434 4870 169 290 4366 4369 2219 1402 2369 4086 1305 2890 3670 3650 2133 4418 2088 1584 1386 3972 4476 881 3402 892 406 4712 398 2448 1809 2422 1888 2721 3748 4306 173 765 2045 2337 1378 4014 4126 4675 1303 4642 421 4134 825 1101 575 3250 1467 4689 2660 4873 507 1482 2160 4094 2623 4015 3738 1834 3182 3940 3499 3892 3821 510 479 343 3959 712 2990 4018 540 4673 3755 154 3966 462 3481 2526 1742 3793 1250 4245 3714 2153 1600 3948 1348 2078 3879 3931 4411 508 560 4231 1735 3673 3212 1038 226 1431 310 2937 349 1884 3814 4795 3764 2168 2085 4409 717 1440 4948 2775 321 2487 3845 3307 4027 762 2633 2256 4955 196 364 1763 2967 3901 4835 4111 3235 3270 1079 3322 1362 499 4048 3328 4930 2252 2514 1121 1072 4005 3353 1902 2408 4740 1973 2481 900 1602 916 61 2601 4766 4630 4254 2973 1930 2209
4264 4267 1775 1285 1765 2569 975 655 2494 1238 1570 1180 1060 933 4935 1691 1416 4868 2233 2853 4581 1939 1220 3762 4394 3880 4146 2789 1277 640 3263 4612 605 3680 4824 2035 3313 1239 3107 2062 3825 1337 13 3101 4496 1325 3583 401 2106 3157 2282 407 289 2934 3594 239 3976 1337 1835 2529 1690 3160 3002 2953 4294 3625 3399 1143 732 3479 869 3167 3225 1078 2964 3697 2579 2392 2170 3281 4513 2823 2743 3284 2092 775 2137 4513 3063 2180 4002 3418 1278 4903 2924 2731 3678 4256 1690 349 1555 2541 885 4384 566 1990 4261 876 992 3083 1529 3701 2108 3777 1256 315 684 4909 1388 3551 2468 1468 1696 2520 1284 4605 2474 514 3028 1540 1191 60 1007 757 3631 833 3190 2183 1036 4651 2203 2134 455 1938 3435 2093 847 2390 1313 4472 4245 1019 21 1684 1935 1489 2573 3574 3306 2115 4881 3105 3165 1615 4108 392 1467 951 4898 2376 2971 849 3081 2911 4748 2935 4669 4017 4090 595 1466 1465 585 3953 2504 2779 93 3008 2638 2926 1402 2361 4621 3633 3299 1104 2389 468 2868 4403
68 4820 3001 673 2258 2994 898 2041 157 3302 1245 4475 3752 2240 493 3075 1330 397 2440 3406 1552 2135 1177 2667 3880 1110 2947 256 4438 2285 896 575 3169 578 1161 4576 3493 1029 4604 3305 2633 349 2953 4648 2149 926 4658 625 3938 4619 4553 622 630 2216 3252 2503 229 4470 3089 353 29 3644 1877 2673 4477 3652 570 4859 3443 4544 3903 268 900 33 1847 3615 4334 4881 1276 1689 950 4561 3362 3231 437 4792 396 3351 1368 949 2775 2600 4235 4092 2792 2765 2399 1639 590 2677 4573 2189 2611 3976 1646 2608 4024 549 3102 1967 1559 443 2097 3186 4230 3615 2860 3819 3045 1784 4629 3889 1046 4213 4323 3602 794 324 2431 1082 470 4564 244 1229 3922 4824 1919 410 634 1596 4261 4158 3354 1259 260 2685 3538 3510 4509 2530 3727 3512 2108 4392 4560 641 54 2688 4255 763 3468 2751 149 1533 4806 183 2856 3046 2829 3438 1126 4631 382 3123 4697 1159 4262 4872 2073 4585 3080 1096 3970 1027 663 3414 4059 2728 3115 2646 4454 2076 1776 1675 3450 4739 2010 396 722 1328
4818 3184 1703 781 2996 645 2118 1687 3313 2636 4909 228 3771 2601 4591 1235 2592 4206 2007 4735 1821 4697 3150 1224 4146 2947 662 1988 2249 255 265 2554 4130 905 3846 4485 213 1907 1783 171 1881 3415 2920 2810 2002 3851 1525 837 255 2137 639 2638 4077 657 1829 697 1753 3446 1935 1671 443 3478 3565 1002 3566 2291 1411 3752 4389 1067 4197 475 3053 3659 1105 513 2572 3470 1732 1734 2504 802 377 2997 3021 2908 2294 4527 1035 1253 806 4700 1441 3804 1272 761 1089 655 4917 1544 1655 1039 2284 705 3114 2839 660 3853 781 3629 2618 4583 2555 2476 324 3913 2880 1368 3838 519 460 3807 3191 4484 3628 2390 1885 643 4856 2834 1873 4571 2602 2423 3465 1135 479 1603 1471 4665 4174 692 4348 1707 3032 3216 4774 1937 1426 3129 581 3210 4306 840 3513 4412 1246 2695 1677 210 4293 3127 495 1028 2778 1737 3194 2161 4419 935 1071 522 222 209 3563 882 988 2937 2297 1752 238 3407 3661 3749 60 516 1591 3793 3972 3781 1431 4657 1976 3180 208 2153 4004 1208 4835 124
242 539 4943 3697 4351 1811 1709 3706 393 1236 606 3864 3005 2324 3772 1250 4891 4989 1577 1142 1332 4340 3836 892 2789 256 1988 4804 4900 3749 811 3964 2201 4524 2244 3667 1395 1332 1190 4301 3283 1410 3489 4267 1364 1266 3342 997 4030 2703 3412 773 912 4763 3946 1042 2157 3419 1620 4951 4788 1628 2495 134 317 4153 3834 2749 1016 3454 961 3487 1999 62 2192 759 1798 2700 4947 1315 1527 1523 1171 4280 2115 3202 2012 645 3299 647 3031 3403 1960 1679 4955 2340 1378 1260 2543 1808 4496 3162 1743 4370 4058 2150 216 4643 3250 1755 1049 2411 656 4784 2699 4020 1479 552 2892 2959 2958 3051 365 730 1945 192 4737 4491 1246 2614 3793 908 422 1605 909 3458 537 4037 637 3745 4418 831 1492 1130 4291 3902 3888 425 3846 767 1239 4264 4844 2688 3856 3321 591 836 2002 4835 1139 1748 1603 2493 1722 4106 365 2144 1117 3748 2335 2014 1609 2917 3425 1177 3687 2596 3373 2209 1898 2458 3050 490 2374 2453 51 3645 3177 1337 1799 2867 558 2962 1833 2007 184 3383 3317 3164
2612 4008 2265 3239 2547 1729 4324 3695 3817 2754 2538 1450 4046 4642 3519 196 2795 3080 873 2153 2212 102 2381 734 1277 4438 2249 4900 293 1221 4457 1416 2173 4531 2233 3286 3382 649 658 4280 1112 255 2950 2329 776 1339 3238 3373 446 2444 2135 2504 4111 578 2914 2945 1340 1034 1278 1959 3729 3654 3949 4714 569 3763 1850 375 648 1265 4246 3307 2855 864 1411 552 112 4416 4497 4785 2045 981 3150 2844 1162 295 84 3107 957 3835 4741 424 3942 4347 4274 2625 1916 1931 4669 2406 3525 630 510 1512 2112 4171 2564 1566 4333 1482 4448 4585 4237 2231 3338 1661 2582 4211 820 561 42 3821 4462 293 2372 4838 1195 3071 4618 2347 4087 1875 4760 843 3820 3040 2606 3161 732 81 358 251 4991 3105 4301 998 1467 1837 124 3647 414 3577 4189 575 4367 2057 3118 3070 4730 3281 3009 4718 3681 1950 2985 4731 2223 4543 4237 96 785 4584 2639 866 2352 898 431 579 463 2903 4249 266 2585 4719 2056 629 2315 3870 3741 2711 3092 4828 148 2061 3181 2347 2295 1569 2914 2873
1729 2468 4304 3198 3018 1934 1385 2796 4140 2387 4369 1008 3621 3928 1900 509 2523 3908 2728 41 4883 1580 3775 2475 640 2285 255 3749 1221 3503 4890 3390 3669 4156 1092 1971 1407 1635 2279 2108 504 692 2765 2276 4162 2309 1723 4217 4436 384 832 783 3935 2006 1478 3912 2361 2954 1089 701 851 2110 575 3948 2901 4280 3181 1841 2031 4939 3556 503 3929 1200 2780 121 1268 1746 1946 3716 2028 2834 2458 2197 1626 4735 4664 984 4990 3429 2281 1654 679 4626 1441 1952 4095 3062 2514 495 882 2652 384 4686 4237 2588 571 4522 1747 238 3770 4794 2203 3496 2335 3427 3926 3746 4429 2753 1964 2094 1237 3388 4338 2824 2133 4604 4233 2002 1819 4782 4503 1012 2234 28 1922 2845 4918 3260 2374 3729 2564 171 4087 4429 873 4400 658 482 235 183 3154 2922 3104 1399 3313 245 579 3774 4493 3387 4667 3340 3351 2282 607 2091 2139 2904 3176 1166 4479 1400 2396 872 4592 1715 2117 2275 2223 1023 4234 3850 161 3560 3376 3524 281 3390 1605 2187 4200 611 1944 107 770 4797 584 2496
4605 4605 3875 3294 2679 4672 2074 1387 3057 2439 2830 3701 3763 4250 3969 4300 3057 3084 877 2379 504 2213 4811 180 3263 896 265 811 4457 4890 2930 3151 4991 1102 2670 3285 2941 596 3892 4684 2305 3918 2729 1179 2691 3546 3335 160 1504 2488 4987 2768 3282 4246 3019 2015 4699 1114 1852 2895 2671 3028 4312 3568 3354 4414 2306 1310 4801 4563 2046 361 2313 4950 2514 4953 1954 3958 1771 4534 1714 1436 4154 2294 4220 2023 4374 2823 1731 2898 249 1507 2022 1274 3672 4208 1892 408 785 4802 2722 3148 2568 755 1600 3182 3393 246 116 3473 2022 2794 1148 247 2259 3085 1855 2067 265 3731 4440 4398 4470 2810 4624 3597 1003 2649 799 1545 1307 1789 2573 658 3732 576 4570 3516 95 4652 4680 4748 3689 4379 1325 712 4825 4542 341 210 997 1191 4911 578 3292 4208 891 4581 761 3667 4737 1425 4368 2679 4566 4036 1378 4557 2070 3155 343 1110 4684 4654 1418 2631 96 3341 1543 2605 4855 347 1276 3896 1708 964 3612 2458 3466 1638 4839 2711 2148 290 1953 4386 2174 278 2696 2664
2051 3581 3317 2186 4429 3364 334 4223 3903 4940 4650 1411 4331 4207 640 3160 1462 4451 1550 433 1982 4891 3864 3392 4612 575 2554 3964 1416 3390 3151 1344 1146 3447 4043 1706 2076 1051 2281 963 3442 2307 4806 4576 448 4412 3622 3202 4722 3191 4729 3555 1643 4603 4393 1418 2263 199 1153 4130 4784 3622 3785 2313 2041 3272 148 4403 3672 4441 3406 2907 4264 3350 3962 1049 2142 1314 130 2953 3393 161 2710 4790 866 2940 4175 4103 1301 4709 1432 2217 4313 1616 2594 1187 250 862 1529 2069 4971 83 1303 3508 4592 3976 267 3480 201 2068 3658 3005 993 2699 2134 4579 3225 2536 4917 1537 4496 59 1373 4604 445 1521 4516 690 1824 15 1720 2166 2018 2743 730 1246 1372 4193 2050 4871 4334 1841 1340 2522 1395 4395 3211 3131 3786 1144 2399 3026 1096 4433 4899 2215 826 1014 4344 1049 1390 2753 2040 1879 397 3835 4693 3976 1375 4542 1484 2401 1075 3133 3923 1056 2407 3391 3327 2510 4907 4049 4690 2773 4436 1575 408 2803 1860 3580 687 195 327 4404 2748 4043 4943 3197 101 3984
1636 92 3188 644 1832 1617 3196 2735 3454 3138 2446 3671 4501 1466 1668 1982 994 3372 1992 3142 1475 3441 1299 338 605 3169 4130 2201 2173 3669 4991 1146 1886 4282 2492 1129 4579 3275 3895 3415 214 2912 4747 2849 4271 293 2509 3532 1383 423 841 2464 3257 3871 2483 4901 839 3056 4320 3753 2928 4347 2850 2427 3944 883 2625 4948 1557 238 4850 529 856 3948 1693 1763 2886 1411 2910 598 3240 1997 2722 868 3569 3717 2531 3175 245 3368 2006 3476 1306 2101 4173 1178 4911 4242 4384 852 4010 4311 2788 811 785 2539 3132 1566 1723 1167 2398 54 1196 200 801 2167 2561 1857 3436 2740 4726 763 4127 3669 4998 134 760 679 3535 4930 4064 3599 4554 2759 1801 4782 4425 3467 1057 40 3955 287 794 3793 4303 4477 3520 2622 2982 4401 1372 3380 733 3662 947 1509 2265 3759 4522 2432 3878 4872 2876 4517 3373 3376 1412 1156 2002 3226 1759 1722 2220 4844 4121 3824 3345 149 3695 2514 4086 811 3658 1581 4053 4258 668 3623 4495 773 1698 3618 1114 2039 3567 561 866 3054 329 1696
467 4678 3302 2022 1473 4668 2659 4923 3180 904 797 3085 390 4596 4590 3890 2132 897 1790 3038 251 312 4351 4361 3680 578 905 4524 4531 4156 1102 3447 4282 2289 3168 723 2614 106 2464 1959 784 632 1955 3135 1000 1677 4656 3704 4517 3691 4010 3018 2728 2675 2313 3522 1753 4732 13 3490 4189 2500 326 1428 2989 4704 1098 3877 2294 1114 3560 371 2430 443 1162 743 1091 4739 4769 1361 897 1951 3340 3263 2314 415 1634 1209 3542 3919 4802 4184 4937 74 4364 4596 3409 4866 3497 278 1953 1277 1094 4793 1414 2453 1515 468 2369 3626 2007 2954 3090 4647 3589 4577 4637 3829 4557 1846 3564 4695 220 329 1633 2859 4027 2992 3099 3932 3841 2372 2011 3100 2584 702 213 2895 4542 354 3314 3568 3366 1719 459 1285 3937 194 199 4649 4010 4109 277 3492 1819 48 2289 4435 3449 3407 86 1207 3495 3480 4140 159 4523 2034 3777 4413 1309 4095 3066 2580 2239 871 1119 4556 3028 4858 281 3996 3726 4335 4700 485 4463 4238 1589 1578 623 4642 324 3084 4931 2019 874 2827 3830 4452
4122 636 1380 3911 1290 4199 3118 1461 4322 3114 1919 4742 1421 651 398 2381 4118 3163 1543 3159 3231 1168 212 1443 4824 1161 3846 2244 2233 1092 2670 4043 2492 3168 532 4808 2543 1325 2122 2083 220 2480 3951 3620 3390 481 2505 3256 2653 2839 1369 4493 2192 2581 3827 956 2673 2689 1388 858 10 922 4078 757 3349 686 379 4239 1481 4005 25 3816 535 1814 1382 2650 2022 1684 58 2432 3141 1150 415 2038 772 1169 3075 1498 887 1142 325 3146 3775 1515 4827 4232 2651 4165 1288 3607 3510 2322 573 963 3965 4397 185 3858 4936 149 4016 4864 3558 3043 4796 1008 4954 2766 2868 4541 1904 488 2726 583 2097 4797 2499 476 2723 4326 2362 3872 3702 475 4487 3071 3817 960 2003 681 2647 772 4482 2552 2775 2536 1001 2742 1715 158 4593 1318 493 901 1296 2750 3247 199 4563 1073 4845 531 1237 2425 2365 2457 841 1090 4113 705 4426 1225 1043 3574 1404 467 3048 4714 4142 192 374 345 4347 2321 3706 347 758 4733 1040 2497 3176 1848 2344 2353 297 2051 1874 2232 234 2068
3617 1133 3373 2752 4637 2026 3639 296 1493 505 264 97 810 141 2795 3256 2906 4620 585 549 2557 4635 2865 3434 2035 4576 4485 3667 3286 1971 3285 1706 1129 723 4808 2638 2802 327 3262 4713 2925 4946 3062 2838 4223 2994 4034 1855 4908 4418 3423 1163 2973 1040 2094 4110 1648 56 382 1489 1377 1302 978 3478 3700 231 1342 2399 3054 1425 2187 4200 3183 3157 2574 1724 1325 1440 1782 4756 2634 1059 2351 1223 3678 4443 1391 381 2959 2813 2870 3026 2738 1392 825 3651 1639 309 3192 3146 1923 2298 4520 649 2919 235 2535 2395 1773 3291 1818 346 2426 2795 1186 2671 566 1133 3940 910 694 2232 4920 1634 4695 4567 24 62 845 3187 1885 3467 2649 711 1285 4994 1291 4262 2214 2454 2755 2566 3442 4992 4779 4440 4602 2630 716 1137 4720 2951 3510 3737 487 4761 4159 627 1744 2091 2291 2972 4327 3361 1615 2972 4603 2038 1143 4377 4882 1356 3308 1365 3164 4208 1660 189 916 3479 1108 4621 3497 3527 4498 991 3122 2138 2891 3215 3195 3075 4802 712 3973 2048 4864 3842 1019 1563
3702 1679 4442 3284 140 3935 2203 333 3294 2357 276 78 2759 916 1515 3706 380 1690 3218 2060 855 255 4728 4870 3313 3493 213 1395 3382 1407 2941 2076 4579 2614 2543 2802 4269 2104 4023 4933 3229 1315 4923 2704 560 4849 3088 1922 766 1016 3059 2822 75 616 3564 2212 2425 3812 2266 3223 439 4927 4262 2962 1586 3974 558 184 2028 2008 2777 4595 3773 3417 2564 4083 786 1980 1806 4227 3044 776 4124 45 2204 1718 2605 3348 965 793 2548 3938 1498 4405 1568 4675 221 464 4078 1347 683 3182 3511 4533 1493 4374 4757 781 3202 4451 1089 4762 1374 4403 1538 1915 2724 2962 2938 3967 3055 212 4414 2676 3093 1488 1170 3929 4334 1983 1475 1588 2365 4538 1187 4398 4705 880 2127 172 1346 4829 1438 2341 146 274 3297 2876 2653 3320 3385 614 2648 1386 111 1420 2587 1735 2371 2606 3764 4220 1183 2508 537 388 910 3507 1952 4891 260 4137 2011 3756 4036 2065 1459 3619 1464 3537 1528 199 770 851 3793 664 3167 3424 2888 4587 2837 3602 3913 3241 3097 753 1172 2149 2997 3207
2339 4153 2154 1410 1494 4506 94 2988 126 3251 4643 1869 2017 1260 1349 2598 3795 3304 2341 2743 4757 1956 1745 169 1239 1029 1907 1332 649 1635 596 1051 3275 106 1325 327 2104 4248 4800 311 1655 2990 2681 3207 20 1259 3081 3011 2648 3238 1630 2483 1015 1211 2873 1185 4605 883 943 1796 4191 3260 4219 1600 752 4768 2509 1471 1649 109 3599 2972 4369 3096 2906 1760 1605 1316 1403 208 3093 1208 378 3205 1917 3532 4199 4591 3609 4817 4555 1519 530 3799 2299 4899 3920 700 4292 2531 2314 251 41 1064 1857 1685 2373 316 3437 2049 2321 609 71 1892 970 3819 3229 3823 2906 295 3328 1314 311 67 3454 2363 2494 1938 3031 354 2186 4257 3992 896 4620 3253 2976 2858 2493 491 4919 422 3949 444 4247 956 1172 1863 189 2472 135 1706 844 1340 12 2416 4214 4761 1598 2494 1356 1035 3730 682 1220 1788 4622 2624 1921 4977 4115 2675 1945 2165 1916 3063 1380 2731 1565 632 4075 4545 4120 3752 56 3347 2672 3324 2071 4215 1250 613 564 4814 3432 3253 3331 1576 792 1948
650 1996 442 1113 1479 1122 1101 1898 4856 732 4676 553 1800 957 1431 4197 42 1329 3764 4851 4651 4596 2123 290 3107 4604 1783 1190 658 2279 3892 2281 3895 2464 2122 3262 4023 4800 2573 540 4501 2895 4951 3470 1201 2428 4236 39 2338 33 1851 872 338 3610 1584 4671 474 4375 2377 2838 1463 1663 990 3334 1727 4221 1477 2728 3739 3099 3812 3784 810 15 1687 286 3941 3800 492 4672 1087 4562 4259 1490 2334 1525 1277 4986 3576 2735 4753 3811 1533 2363 2909 1173 851 3935 2173 4400 4153 3593 4152 2911 2037 3607 2686 3892 424 3074 2372 2506 695 4644 1139 4882 4065 1318 2230 2977 3876 396 3167 265 596 298 4940 533 402 3142 1022 2149 4884 4871 2608 4876 4079 140 973 4345 2635 1544 4182 4388 4199 1295 350 3439 3130 3945 3539 4776 3725 4850 4198 3214 891 2866 1388 3490 2525 1664 3346 2254 305 1747 225 1210 713 749 962 3002 2703 3983 3779 290 3325 550 1568 2021 1492 2302 461 3256 322 4584 3808 4326 1464 2537 4303 4644 315 649 2102 1231 833 491 2932 4330
2076 2223 698 4218 435 1246 1419 4519 1025 436 4210 843 3822 1438 378 358 1761 301 1636 428 165 3774 550 4366 2062 3305 171 4301 4280 2108 4684 963 3415 1959 2083 4713 4933 311 540 3960 1966 584 1596 4273 3645 3907 313 2431 4416 55 4517 4546 1965 368 251 1498 308 3501 4968 1411 2847 2476 2982 1157 1271 2800 3083 2667 3575 3543 3014 3150 1963 2662 794 1575 2591 3702 3321 4685 1028 4442 2547 2686 3295 2151 4083 3841 2208 1839 1174 4029 1243 4851 4000 768 1822 105 4452 902 2980 3559 2796 760 4436 3537 4765 4721 735 2600 1318 1766 2893 4705 4690 2032 2707 2368 2447 2197 1040 4894 448 1600 1791 1103 469 329 2739 3860 771 3152 943 4638 4413 2891 2149 4963 4966 3171 1209 1709 3392 734 1393 1703 1353 89 784 1098 1804 513 291 325 65 3059 4121 3604 295 1641 2845 2968 2813 177 1296 1495 3253 773 4613 2268 3964 2751 332 23 820 2466 4960 3772 1654 3334 1041 4970 108 4668 577 4768 3883 2963 4019 3376 3290 3618 1168 4400 1016 1860 3864 1868 3704 2115
