N: 200
M: 60
Symmetric: true
Triangle: false
2 98 193
1 191
3 35 62 149
4 186 110 27 164
6 50 126 196 142 58 147
5 146 183 192 86 95
1 152
2 33 49
1 198
2 117 137
2 47 6
2 111 109
1 68
7 77 112 20 166 25 45 90
3 70 154 56
3 197 23 10
6 64 180 5 52 195 172
2 122 46
1 150
5 118 1 155 60 36
3 171 15 34
7 140 74 71 48 55 102 134
3 103 187 39
5 2 125 84 19 61
3 24 3 144
6 79 8 133 7 145 174
1 87
3 181 200 121
4 165 156 123 53
5 65 89 106 163 120
1 82
3 139 37 107
2 138 135
1 168
4 92 91 128 83
3 66 29 158
5 190 81 40 22 130
3 43 59 11
3 177 127 42
3 26 32 143
5 69 100 105 12 151
3 161 44 131
2 159 114
6 199 189 119 99 113 75
1 153
3 63 97 14
6 175 184 179 17 141 16
3 188 4 182
3 18 57 93
3 88 101 162
4 108 160 80 13
1 169
5 185 116 132 170 148
3 194 28 54
3 96 115 85
2 167 104
7 129 73 51 41 178 157 30
3 38 31 136
6 94 9 72 173 176 21
4 78 67 124 76
2784 1248 1427 348 2426 3228 1085 2649 4348 2731 275 2085 2684 4447 606 1116 1957 1044 3903 1599 4592 1818 3173 4979 2160 3419 2396 396 4038 4489 1838 884 4246 1672 862 376 474 165 726 337 612 2811 4702 2608 4702 1705 4423 865 3350 621 391 3823 1180 4532 4705 1266 3516 3934 2118 3471 353 854 428 3235 4418 2247 294 2133 3545 894 2102 2377 3745 1499 2281 4798 1060 752 3007 2389 3544 2438 990 1750 17 624 3062 988 1527 1872 4281 441 576 248 2567 2121 1289 789 1452 532 1533 1562 2492 876 490 346 4616 1365 1606 3267 4608 4614 3029 4146 4877 4586 991 1518 4684 3903 1920 1007 1214 3472 2755 3329 3101 3683 3245 2180 2250 4707 3385 1267 1625 3194 1120 2866 664 694 4792 3342 3401 1299 1187 4584 4124 1603 131 4312 4074 2324 3587 2698 3505 512 2655 3596 1933 3491 1786 765 3680 4485 3347 2144 128 1334 54 4588 4905 1641 1073 1395 598 621 3058 2908 3928 4107 4659 2691 2488 1658 775 4176 4463 884 3627 1751 2973 889 1647 2139 949 2970 4371 4043 3887 979
1248 2854 78 3161 477 1932 3214 1682 4664 4082 2951 3963 3580 2885 1840 1350 3993 1617 1658 2424 308 1218 2552 583 2637 1193 1337 1866 3097 3032 2162 478 2902 2736 2307 4233 1149 217 678 61 3945 2268 965 1581 1392 659 4511 1214 2412 1238 1840 4551 1275 1443 4907 2630 531 4202 4771 173 1006 1901 4410 285 4502 4836 603 570 3568 1370 3150 902 3911 44 898 2808 535 4909 541 4193 3129 3557 2705 2904 1648 4386 4932 4738 770 527 2972 581 377 1179 913 677 3586 1853 4784 565 4639 3407 3597 1069 1920 261 3544 3782 4548 1766 4289 14 4768 1001 575 4787 2744 2874 756 2542 1590 3346 3521 1988 1307 2325 3318 1652 1788 2014 3124 802 1641 4250 4430 3725 4175 2181 1855 3058 3594 4660 3143 865 570 1884 1990 2250 4042 1824 4067 1753 4961 2925 4378 1209 3922 4104 1623 4051 1189 3733 3601 4714 3356 3301 2651 1032 2794 2097 4249 4798 2258 939 937 241 90 3437 4581 1136 2968 3409 2850 2122 2729 1256 4293 675 1367 386 2757 1269 4030 2867 368 643 4253 1788 1749 68
1427 78 169 4308 1747 2877 3593 4224 2172 2530 3888 2069 2121 3383 2168 4002 1472 1523 1396 564 2636 2999 2284 269 3744 4743 4367 2687 2341 1714 35 4823 4562 3198 1385 1070 626 1356 2005 3007 2823 3314 3490 945 1066 1695 1706 4512 134 1594 248 2396 2803 848 566 674 79 4454 2795 263 3303 2798 3793 352 1253 706 3510 4558 17 4304 1716 332 300 2456 1512 2710 2713 1334 754 4670 970 3413 4554 4631 3947 2230 3372 1607 1152 1758 1037 3567 2717 4954 4268 3934 2171 4020 3592 1928 999 913 4020 2691 4451 3614 2038 1025 2426 261 831 2896 3783 1818 3060 1717 4910 3449 4651 4977 3274 3272 2995 2197 4462 312 4970 4424 428 3048 3021 3645 1921 3456 2912 4376 1890 3430 1747 4836 3353 2431 2762 445 4454 1386 1436 724 3478 2310 4067 431 2202 3641 1600 3217 1223 2212 2439 4121 3913 373 3039 4874 4128 2897 1504 3371 146 2900 406 3115 2602 2864 2575 3318 2070 2289 4812 3313 4359 3324 72 2149 1602 3712 3538 3639 122 2745 4208 120 288 427 2679 4915 4431 4409 878 3299
348 3161 4308 447 3477 4055 4907 4428 3504 105 3709 1711 3125 885 1522 1538 3145 4339 2555 3464 1639 3529 2715 101 1649 378 4261 1684 1608 3398 3217 1558 904 2212 3736 368 1678 3234 4981 2127 2007 1009 1589 848 3300 4099 2249 370 4118 4919 4355 2098 581 2381 1073 273 4181 2523 4439 2460 4254 2780 3458 4055 1264 2075 523 1433 3719 4737 434 703 3786 3732 2885 2159 4238 110 2100 1928 2660 2881 3900 529 4352 662 419 218 3136 1019 455 390 632 4208 2791 3268 1136 2568 3830 1719 2643 2223 3248 4890 1833 3224 1797 4358 877 276 4178 3586 2675 1819 4310 945 671 1807 1094 4892 4779 653 1411 345 1324 3161 3813 3494 4757 2490 1598 3052 143 3623 2482 4156 1232 2574 2444 2919 3307 2959 2563 378 4860 1569 2126 51 3936 1846 303 865 2451 56 4044 4173 1147 3577 1360 3204 227 3492 4028 1222 1194 2867 2487 755 4018 2905 3309 729 1157 1025 4047 1111 4596 3583 2516 4141 2894 1230 4605 2173 2423 2512 3062 2751 1382 3817 4204 3736 3970 4729 296 2737 2475 666 3882 3040
2426 477 1747 3477 868 1378 104 4644 3439 2837 3026 2608 3123 1815 3400 4690 4059 1345 3194 2811 3237 4408 249 269 2472 4763 30 888 2728 338 4742 3346 2750 398 3991 2606 4618 3754 2783 4151 3555 4897 1695 3234 1626 20 21 1974 1225 38 117 1993 208 3712 1386 1641 610 3038 451 1124 2830 3946 3576 4280 1175 2331 928 91 2620 2603 1575 3745 3531 2533 3218 212 626 1727 2398 2197 2021 1474 4936 4955 3533 4365 4626 2804 3554 3333 4012 362 2037 1152 3071 2599 3082 3025 2758 1594 622 2561 4575 874 4226 3329 2819 649 4664 2142 22 1168 1362 4972 1096 3291 2475 785 2350 3953 4775 4918 3651 4450 192 4302 988 3356 3543 4064 2933 109 139 4176 627 3186 3908 3838 4921 2355 4988 4828 4752 1204 1909 2341 3786 1985 1327 1605 1563 4271 1086 466 773 1816 1065 4366 1938 2633 4536 3098 2671 4896 2800 4189 4235 575 2605 2081 2897 4014 3919 1032 4996 2447 1723 4840 432 1892 2722 2000 3917 1790 2024 2703 1759 2007 714 1356 2699 810 3849 1768 2382 2453 4836 2194 4085 2679
3228 1932 2877 4055 1378 2683 2678 3060 404 3684 1303 3653 2528 4411 1478 3262 3048 3788 294 3972 3822 4894 356 4144 2442 1453 128 4508 1865 21 606 4526 2472 3489 1357 4470 23 3971 239 4481 3246 3922 2108 1404 3992 2490 3818 4861 2022 4458 3726 3593 3804 283 4845 1049 4972 710 64 1107 4794 4451 4560 3903 2313 638 2527 4968 1918 327 1723 4187 205 216 1830 3966 1588 2153 4318 2221 2545 3676 867 1482 735 2349 2840 105 2356 1956 4971 2811 874 2946 1016 2664 815 2790 1135 1710 4823 3861 3225 1565 3196 2123 4809 2309 4047 3697 4664 2106 462 2251 1019 2821 4058 1800 1491 4889 1331 4599 670 3635 4442 3715 2144 4661 4016 4279 3230 55 3150 3095 1411 3195 3483 3034 813 454 3362 899 4624 2813 523 1163 1832 1316 4573 4882 3070 4644 2539 1053 3288 1682 4705 4560 2585 4001 2172 2919 329 118 4950 2220 593 647 4935 1800 1121 301 3918 4772 2184 2898 4180 167 3155 2528 692 1942 2266 4203 2150 4472 412 892 907 1302 1227 4062 883 2105 4716 4267 4702 2324 3171 923
1085 3214 3593 4907 104 2678 3350 973 1147 3795 2566 2955 532 4541 1329 2305 2771 3175 3221 4043 1365 3253 1960 4818 2237 3740 4750 948 370 1287 3642 188 2650 3979 3076 2312 3328 4163 3581 2834 3002 195 2797 2121 2756 1745 2595 1351 114 3155 828 2746 2818 4425 3588 3935 1525 4100 2212 4889 87 4199 1268 2977 4081 4688 2606 2691 4211 1198 1981 620 3271 4486 2148 591 3321 1245 1933 4606 3009 4849 3560 1065 4348 4514 2288 2745 388 1969 3301 2912 3537 1259 3947 1718 1001 813 4692 2908 4672 3629 3737 4558 3443 49 3402 4428 1853 4924 1105 1485 3968 2427 897 3202 2015 2495 4132 3964 4235 551 1792 4855 4062 1623 3918 481 2432 2702 112 1292 539 4136 4226 14 1680 2450 1076 2378 274 3365 1252 3934 4234 2003 25 2847 4840 2707 2157 2911 2477 2497 3769 3188 4749 1152 1268 1270 3309 2621 3839 1890 2411 2815 71 232 3273 3245 3599 3733 2703 3766 2253 808 3848 1433 665 2730 4083 40 2268 4854 3005 163 4884 3344 3638 195 491 4526 1478 2871 2005 2987 4917 3405 444 2317
2649 1682 4224 4428 4644 3060 973 458 2188 199 3317 3102 855 1595 1075 1802 1946 3521 325 3305 1217 184 2476 3661 4591 4429 3129 1035 4526 3447 1102 1994 3791 3336 588 4807 3911 3063 4792 2948 4426 3651 993 3107 4426 3868 4851 1114 1060 1764 2312 1867 4277 903 2869 2737 2584 3446 4856 3461 3500 2290 1812 1683 479 4841 2147 2442 4099 3405 3712 3222 3454 303 460 1882 1964 945 4793 878 3319 3988 1355 3306 2542 3642 3986 60 2260 4056 3190 3533 4447 2669 4107 1700 3220 1001 310 4272 3026 1617 2008 2723 4286 174 4495 2402 3289 4774 3389 2168 4666 382 3360 1394 247 2426 1249 4189 2685 2132 554 963 1074 574 4930 1854 74 1529 3126 1452 1320 1669 2324 743 1014 2853 3361 4393 4534 143 2531 4890 4139 2788 761 4383 1000 838 1409 3670 4425 1382 1664 2950 2070 1631 3217 4234 940 4420 3421 4290 4487 3593 3946 3228 4032 4577 4511 4824 4191 4718 812 4925 134 2633 2059 2925 1296 3726 273 1414 652 2607 3499 90 731 3429 3827 639 1538 4597 77 2197 3942 2929 4018 4187
4348 4664 2172 3504 3439 404 1147 2188 617 1284 4480 2826 4195 2073 50 2698 977 2350 357 286 235 1080 1769 3945 3215 2117 3789 4615 2142 3622 3637 884 779 3350 3150 1348 2625 1140 3659 3300 1596 1768 677 3929 1691 2787 4941 4711 973 2575 488 1200 1316 4214 4803 4081 3416 875 2264 3429 3003 3909 4052 2278 3508 941 2368 550 2480 1890 4678 3286 3878 698 1203 36 4952 44 4738 2971 4766 1338 1006 2359 1016 3709 2187 3753 3915 3734 2839 3794 3976 2920 1378 3502 4338 800 1733 3921 188 1730 3199 4051 4966 1368 4714 1307 4703 2261 3196 1262 2417 2402 1496 405 4894 1516 2424 3375 4870 4552 1130 3905 3434 1319 1813 201 2629 2199 2535 2255 1664 1999 2434 1951 1676 3603 1056 3852 2324 4015 995 116 3887 3889 2199 2646 2733 4417 2824 1333 3935 3086 3047 4249 1094 3576 1201 4784 1900 431 1581 4713 2258 3989 1669 2264 3464 1013 824 2629 2393 3202 1436 4781 3296 4594 1592 1455 2866 2322 3234 4815 1650 4010 2013 2502 3710 1921 1741 2634 3922 3046 4594 3431 1560 1925 796 982
2731 4082 2530 105 2837 3684 3795 199 1284 2016 2521 1583 2693 2455 438 1619 2350 1021 3104 4019 4632 4605 3620 1541 4495 711 3790 2594 1683 4607 3615 1691 217 417 4055 2686 527 3164 4816 4426 1892 4031 3879 2735 3984 4359 1183 520 4179 1217 655 1412 4673 524 3265 3890 2910 1460 3574 1524 1640 1092 2923 1966 3438 4742 304 596 1200 2862 4796 2776 985 2918 2894 3698 4097 1020 1427 1056 1722 2108 1907 715 2114 193 4907 1848 2148 262 3521 4603 3046 597 952 2398 4422 4879 2851 111 3171 4389 3876 1852 2509 776 3603 1346 1991 1068 4134 2926 4849 3793 544 2735 466 4409 4613 192 3726 3333 3394 4931 1777 3598 515 1445 4516 2423 4883 455 3449 4112 3241 1046 2048 3579 4032 3710 196 408 2200 4475 235 3201 3082 3525 1028 3752 3746 2691 2332 3488 3492 2271 459 2201 4069 312 783 2083 4757 1398 418 2578 1722 3835 3589 3795 792 4362 2108 3206 4418 650 1565 3307 4118 411 320 1356 2336 212 3638 3338 3749 4765 4893 140 1192 970 132 2990 4809 321 2010 2246 1546 4831
275 2951 3888 3709 3026 1303 2566 3317 4480 2521 1295 4292 4376 4615 3541 4253 2910 4584 4614 152 2190 1411 1639 2369 1233 1996 1034 3803 1905 3551 996 114 3004 3476 346 4326 117 4301 2677 1637 2453 2106 341 2953 2273 4444 4555 884 4619 4818 344 1724 3401 3559 2130 621 1814 1064 1395 3257 4263 1522 3944 388 1794 4002 1705 4002 2958 1102 2237 3948 1957 3270 3725 428 1184 4807 1073 951 158 2274 1538 2861 1841 2321 4801 419 2969 4701 1459 3585 1854 4741 1137 2074 188 2256 2062 3519 281 4430 302 1823 2234 578 1875 71 654 4948 2596 4584 3476 1376 3012 1401 87 2207 3457 885 947 565 4078 4469 2120 4280 3391 794 4351 1759 2044 1875 1633 1259 3193 1474 2929 3820 584 4216 765 2458 1140 1927 3738 1698 4695 1993 167 3004 4303 3422 4848 596 4441 1015 1709 2781 4003 3465 3606 3663 3951 3058 2321 3320 4552 4619 2372 1331 2573 2669 4377 1710 3333 601 4756 1728 172 1142 2567 4117 2500 1934 4203 781 2692 4141 1198 104 4610 4150 1279 1856 582 2638 309 510 3891 3692
2085 3963 2069 1711 2608 3653 2955 3102 2826 1583 4292 769 1556 2582 4792 554 174 3008 2779 3332 72 304 2907 4190 4659 4820 196 3977 4711 146 4662 1073 119 4909 3735 1379 871 4716 531 971 4548 1205 2135 2381 617 1022 819 1408 3095 3263 4601 1400 818 3609 1246 1414 711 1146 4254 2639 1645 3811 1935 3893 2336 2139 1368 1444 2797 2592 1109 272 2605 1046 2369 1324 2828 4433 4148 1893 1535 2378 1734 3999 3842 4055 2803 4127 4207 1247 2218 1497 3036 2758 2302 3688 1053 4705 823 4389 3544 3392 3725 4315 730 2222 4241 625 2761 333 718 391 4472 4232 3062 4697 4915 3980 4868 480 2399 2971 527 2794 4567 734 3150 4127 4882 4742 2059 2344 738 3785 1425 3477 1708 2908 821 86 328 202 4858 4883 1071 1535 2412 468 4564 4323 25 438 627 3653 2249 2796 2696 4622 4168 1139 2149 1139 1720 4780 279 2825 2251 3505 4854 388 1106 1540 2727 3832 1385 673 3330 1799 3893 2271 3264 2996 3324 4108 727 868 4011 3235 485 4712 245 1172 1097 29 4486 4119 1448 4946 687 2323
2684 3580 2121 3125 3123 2528 532 855 4195 2693 4376 1556 4078 1663 293 2878 1357 1669 4989 2426 183 3789 4632 4775 1256 620 2271 1793 3256 1148 1260 736 3726 2248 4751 4965 2223 2066 1327 227 552 2154 3532 3327 826 2049 824 1674 1895 2129 861 3526 1096 4154 159 863 4731 4829 4679 2735 2453 2309 4586 864 3644 3873 1522 727 3262 454 1139 2363 4151 2710 433 4741 203 3871 4475 2160 2589 2165 4580 2437 3825 2266 3136 439 3468 526 333 3480 2303 3870 3053 1080 3376 470 3834 3596 3301 1163 3184 4958 1967 4743 794 1249 4702 4046 907 1525 1143 4836 1670 101 4592 3794 4150 4325 2263 4741 4366 3486 2825 3131 140 3872 3328 2517 3362 1650 3052 2599 444 1305 3682 618 1759 3790 2760 2853 2134 1534 2343 4235 620 4605 2003 758 2364 1978 1332 540 4161 335 3680 1128 1114 2753 4752 4130 3338 2407 1505 4090 3779 1463 1618 10 1535 3051 2123 4846 4940 2484 3203 1317 3480 3674 2160 2133 3547 1683 2337 2221 3065 878 416 4045 1479 2845 1363 1615 4237 4162 1223 3827 4525 2985
4447 2885 3383 885 1815 4411 4541 1595 2073 2455 4615 2582 1663 3023 1416 3982 835 669 4939 951 1609 1159 3907 4541 3103 3341 3290 4102 3249 3712 3230 540 1758 2518 3100 268 2772 4777 4404 4599 817 3460 2913 945 814 4468 3665 1923 1230 4385 729 3309 2621 3349 2787 860 1256 4838 2404 2465 4901 4580 1136 2874 2504 4092 2758 1619 3736 1349 3020 4172 150 1555 1226 3894 3538 4787 4632 2624 4714 4606 705 4334 3115 3370 4047 1844 4251 1077 3095 321 2333 374 4503 3293 1112 4189 4356 4355 3831 4217 2853 4941 1052 3419 3932 4859 861 4563 363 48 4643 1002 1009 3922 1116 1679 4011 2356 264 951 2580 1591 3548 98 1242 2432 451 2856 2966 526 2711 2806 4031 206 3687 2399 4065 3922 4813 1308 3226 1471 1854 4820 1720 2073 4027 3492 2254 3308 2829 2052 3888 1870 2806 4497 3363 1450 182 1271 18 3917 3177 1280 1712 2711 1830 4258 27 1435 4461 1576 1185 4553 4558 1452 3266 425 981 4349 4804 4422 4861 472 3470 1616 3858 4926 4174 4839 2996 4925 4036 4529 3238 513 1109 1307
606 1840 2168 1522 3400 1478 1329 1075 50 438 3541 4792 293 1416 700 1859 4482 730 542 89 3879 4997 2859 3059 2052 2222 1972 2315 2794 3180 294 4255 2695 2976 697 1173 1082 4374 3919 3250 4048 204 2892 74 3717 4276 2834 4289 4717 4523 3441 1564 2233 3721 310 4247 3646 2098 2258 2713 1218 126 533 4972 4901 1420 4784 1435 4460 3645 4292 1687 3314 233 1644 1800 1024 4882 503 2921 3345 1636 3171 4364 4027 3455 4983 704 2621 3647 1291 4486 1540 3487 1454 3820 1693 1230 4352 1675 4352 1000 1330 2629 4104 432 141 2568 994 3274 3698 3430 156 1359 3319 3789 3605 2738 2599 1003 1555 3905 4030 371 3384 648 1297 835 3505 4313 3214 3030 1016 4787 879 1430 4258 2169 302 1283 19 4849 2570 3330 617 2229 482 1144 149 3752 3850 4007 2098 4395 1146 2567 473 2289 2681 2361 577 1202 2363 2864 2193 4821 4867 3556 2945 304 4545 3798 334 416 4299 1225 894 754 1031 1556 4522 2182 488 4324 2309 422 1520 4734 2267 1344 1683 914 807 4368 2816 2265 1261 1063 3188 1599
1116 1350 4002 1538 4690 3262 2305 1802 2698 1619 4253 554 2878 3982 1859 2716 3076 3842 4000 2270 291 977 479 201 1970 4364 3408 4480 922 1493 4405 4824 2494 175 1836 4058 3793 4019 3634 1504 802 2394 2310 2485 3322 526 3047 4993 3430 4406 4494 3118 4722 4728 2476 69 1470 2467 1050 120 4521 1893 3176 2835 432 1777 3462 3242 2001 3206 504 1074 1264 139 1038 3871 446 829 893 84 186 3912 407 2342 3144 4623 4176 3432 3641 4326 3519 449 2532 3429 4870 2302 449 392 1312 1938 1540 2230 573 2848 1579 2673 1998 286 2003 827 3258 1323 2534 116 3396 2823 810 3073 327 4854 3080 2864 1927 4372 953 4564 1646 228 4678 4627 2292 869 257 97 4967 1429 3373 557 2995 2529 503 2427 3178 2518 3393 4602 4708 2766 3646 2590 2000 1534 188 4283 1785 1872 1656 325 481 3823 2466 2974 1377 3803 1121 2213 3359 1841 3290 3757 2252 1063 3400 2121 4342 3438 4822 4833 2247 4038 2201 922 1654 121 615 4732 965 2414 2189 2429 1997 1010 3492 983 1382 4136 3387 621 1877 3746
1957 3993 1472 3145 4059 3048 2771 1946 977 2350 2910 174 1357 835 4482 3076 4486 724 415 3566 3518 3399 4129 2931 2394 2399 886 351 955 2145 4785 3637 889 475 146 2269 4056 3776 152 426 3251 3878 2362 2524 4952 4783 2702 1199 3032 356 24 659 1095 77 2344 4406 2570 517 2531 502 1826 1512 2339 4556 2505 4576 4576 1795 4811 3225 2913 4409 2081 4322 4448 169 528 1522 3492 2873 3874 2110 4743 1391 1660 1400 652 1080 4739 752 4857 1695 1072 4624 4296 3415 3821 3406 4726 3481 4532 1011 3566 328 3628 2371 4820 2242 1704 1331 938 3661 1594 4061 3690 1626 1708 4403 1748 3673 3262 2974 957 3442 2944 3548 566 834 4220 1953 4736 3682 2646 1855 3143 3199 540 4807 3553 2888 4384 3342 4327 2057 3467 2728 260 3584 2864 1866 3003 3201 3518 963 4869 4247 4378 1338 497 1982 4641 1034 3001 3127 1928 1286 1869 2463 266 4394 3645 800 447 4112 211 3050 33 4501 4613 3316 4980 4967 3183 1812 3742 640 4238 188 1870 4838 1504 4678 4245 575 4020 1586 1960 3875 294 182
1044 1617 1523 4339 1345 3788 3175 3521 2350 1021 4584 3008 1669 669 730 3842 724 1625 3843 2073 4345 290 4064 3114 81 981 1220 255 1769 1485 3817 765 3498 3596 3274 4833 2107 239 3893 4837 3126 4130 1429 3089 2679 3131 988 4415 4587 2127 3380 1578 3549 1885 4295 4246 3193 3238 1590 3653 4118 1678 3251 2103 65 1526 855 2454 2128 2643 3196 3949 1705 4264 643 3330 1992 768 2663 4629 4336 1945 1414 546 540 4167 897 3147 236 4951 2058 2250 923 2401 1498 3005 3031 102 402 1676 2607 2356 1996 2547 1775 2812 197 2578 2191 4016 1498 4514 4178 128 756 4396 2552 1666 1958 914 3382 1126 3885 3332 4616 1793 1812 2356 777 1132 66 1900 3818 2426 325 3166 3481 2167 1934 4514 2278 1860 547 1368 4208 3732 1517 2312 1312 3612 4481 3796 1128 488 3134 2767 4490 2525 2887 347 4897 1269 1209 189 4821 571 847 2801 2985 1579 400 2580 3523 4108 3051 4639 2684 4626 607 2909 3587 615 4875 2841 2935 438 698 2344 4546 3520 2506 4520 755 4315 2142 2165 1206 403 4544 1046
3903 1658 1396 2555 3194 294 3221 325 357 3104 4614 2779 4989 4939 542 4000 415 3843 4770 629 3616 767 4517 4044 4278 3523 2736 2645 4487 1831 3425 3069 2884 1595 653 966 657 4162 929 2698 4105 2722 1396 4992 1317 4885 1719 2860 735 4237 4677 3842 3273 202 3666 1323 4315 2383 1232 3911 3712 2770 1249 2655 1808 4774 1472 961 4304 4355 3855 3287 4876 367 4350 1456 3796 4998 4063 3409 2668 45 3646 348 736 492 2100 3818 2408 3641 4451 309 1358 775 2622 1859 3459 570 721 1745 882 2183 3576 3395 442 904 2570 1804 2145 279 1029 628 1463 4901 593 2330 4750 397 1812 2382 3375 1195 455 3246 2376 354 2301 4200 2127 75 2397 1917 4108 4139 4128 959 3450 3273 3541 4334 2807 1712 2715 3678 4153 4141 4440 3602 2410 3848 2382 1460 716 4526 182 4595 2109 1502 4607 4661 2828 1550 1318 1092 2535 432 1861 4458 2416 4016 2583 1911 2577 2552 4862 3770 1825 1025 4066 1792 2336 2250 2542 3342 4523 4593 3382 4222 4765 1845 730 3012 4226 3570 3263 2870 2197 3324 4026 636
1599 2424 564 3464 2811 3972 4043 3305 286 4019 152 3332 2426 951 89 2270 3566 2073 629 2368 3339 4967 2214 4430 4576 4881 4706 4677 2341 439 507 2542 1665 2299 2419 1431 215 427 3626 255 2074 160 1073 3276 810 3509 1374 3996 2020 3372 2925 4644 1465 322 893 4794 3994 1275 4650 4962 2778 3359 2391 1667 703 4573 1336 2996 2652 4246 299 4469 819 203 4630 1306 2630 337 2996 2133 3830 4292 108 1595 4777 2878 3751 2688 3497 180 4408 1858 4371 1957 1599 4300 470 1668 933 1915 2630 442 4159 62 4537 1099 4293 4110 1958 2327 220 1605 753 2630 4983 4437 1317 1397 125 2094 491 4915 4559 3303 1467 2143 1348 3572 3665 1537 4571 4699 3053 1172 204 403 4015 2980 3485 1181 810 209 51 2287 3731 817 13 2336 1498 1586 4243 188 4638 3296 1235 2302 2482 3638 3353 1552 4073 1771 61 441 765 670 551 1751 4897 4208 2374 2203 4348 1936 251 148 404 3621 1321 404 280 2713 3535 185 3153 3623 3124 635 330 852 4925 3850 670 1240 2866 1731 1160 4125 4067 4598
4592 308 2636 1639 3237 3822 1365 1217 235 4632 2190 72 183 1609 3879 291 3518 4345 3616 3339 4560 1210 2505 3197 2769 746 774 2561 256 4451 2295 3007 3760 3502 2677 1760 467 4716 900 2555 3053 4121 4876 821 2058 3148 3350 4632 4264 1957 52 3440 1414 4508 4399 2066 604 4281 2963 1170 1370 2909 3074 3172 1670 239 15 4342 4271 3691 1445 3239 3690 1771 1050 1778 1511 4196 3945 2803 3317 1691 1359 874 4307 1608 2050 543 3818 4644 32 154 629 4204 1862 3630 2072 3612 3510 749 2865 1233 4741 1745 1137 1541 4446 3582 4077 678 304 1854 4774 2686 3204 4469 2075 486 387 3913 2576 2997 3741 411 1192 2031 4814 3931 4614 4190 3313 849 1925 4340 705 634 3105 3666 3837 1668 4203 2750 890 3058 3191 864 273 3785 1199 3813 1724 3386 2714 1296 2364 2572 1615 1000 2989 4948 3092 313 4488 766 3106 2157 979 3134 774 494 3698 1213 2459 2498 3651 1227 1693 3559 2139 444 2087 4502 648 1201 2946 941 1733 4139 1722 2955 254 711 2419 3608 1431 2073 3245 1234 437 310
1818 1218 2999 3529 4408 4894 3253 184 1080 4605 1411 304 3789 1159 4997 977 3399 290 767 4967 1210 3127 4701 951 1796 4863 182 3726 1300 4115 698 4693 982 1412 3305 4962 297 1158 3320 1265 4055 2336 463 607 3813 2039 950 2366 4212 1411 758 1715 2617 4684 4471 2863 4197 4810 3334 1590 1157 1716 935 1396 3925 4262 3659 3036 1701 1613 3587 1624 2297 1100 652 966 2017 4220 4835 737 748 3990 4684 164 3207 852 2041 2427 3236 3573 4531 3992 1377 1300 4538 3234 1079 1703 1867 3328 1269 4016 141 2084 4500 4685 4077 495 4168 765 1409 3381 4535 2893 1962 3855 1992 503 3850 2389 4732 3838 2036 790 1458 4958 4836 4632 104 611 1500 2424 2083 1866 3970 2486 2155 4323 71 803 3086 1358 4835 4282 152 1743 2008 4939 2587 1228 380 2108 4081 4184 1131 1229 576 3625 3644 3364 626 4674 3094 4010 1313 3676 2889 2028 2763 1311 1108 3786 2918 2356 3874 1141 2991 1868 3958 2606 1918 1464 98 4942 3582 4149 3638 1928 2747 1884 3756 2897 1308 4906 2264 621 1619 2983 4897 2798
3173 2552 2284 2715 249 356 1960 2476 1769 3620 1639 2907 4632 3907 2859 479 4129 4064 4517 2214 2505 4701 179 519 2347 459 2708 799 3556 4590 2907 4215 1161 104 4377 4852 915 503 3253 2847 1520 3115 836 1509 819 2304 4834 4880 3973 2603 4578 478 1468 4185 1239 402 1983 3186 4176 4214 2765 3426 1737 979 3504 1453 3740 4796 4550 689 815 4949 4581 2723 959 121 2188 3385 2258 1412 1609 1249 4663 425 816 2645 3713 2236 4270 888 2755 4386 518 3489 4170 3327 1320 4816 489 1956 2016 3168 265 1383 2021 2013 2928 4282 2830 2893 2684 3803 2827 10 3440 2555 1502 2901 321 1989 3429 387 4513 2090 1272 60 2472 1566 1508 2119 3621 1104 437 3887 1564 2791 4487 2729 4364 835 4250 2290 1433 1209 3719 2086 2286 1222 3682 2245 2599 3349 4075 2087 4477 1564 4068 768 4313 3303 1981 1010 2667 3330 622 2356 362 1550 2437 2205 2403 667 235 829 4867 252 4990 474 3967 1796 4985 4297 3464 250 4455 3381 3786 4833 4270 4056 1390 2303 3981 2231 317 4074 572 334 4996 3391
4979 583 269 101 269 4144 4818 3661 3945 1541 2369 4190 4775 4541 3059 201 2931 3114 4044 4430 3197 951 519 1291 1222 3430 2534 160 1917 2412 2536 3959 4393 3511 4257 2594 1880 951 1062 589 2253 2406 2261 3440 2974 3520 1131 1524 1628 4548 1385 1880 2036 2972 3787 632 240 105 2675 4735 2946 704 2668 568 4263 1941 1268 3972 99 2220 1455 4161 4177 4844 1169 3468 177 3970 2705 2354 667 1970 4490 2777 1469 486 2103 298 1701 1871 3143 3272 1093 592 635 1457 113 2044 1148 20 510 3037 1367 342 1813 3509 2176 3395 2722 2868 1922 1105 3131 4332 2752 129 515 634 602 3841 4426 4296 4476 545 3947 628 2792 871 4045 246 4490 2586 1726 1656 4576 2456 4441 4213 3484 307 3856 41 3855 759 107 3809 2716 3611 4159 408 4382 2197 4327 4117 251 2639 1100 2709 3118 609 3090 460 2175 2338 1865 1915 1626 3156 293 2918 2817 4646 4952 1338 2941 1968 3605 4009 4718 3419 2681 1406 4786 774 2335 2779 3666 4494 1654 2377 4359 2325 3582 3818 3265 2972 2373 2410 2132 4908
2160 2637 3744 1649 2472 2442 2237 4591 3215 4495 1233 4659 1256 3103 2052 1970 2394 81 4278 4576 2769 1796 2347 1222 3837 467 4331 4569 19 2892 4287 4694 1070 2641 1273 3316 1755 2275 345 539 1205 2980 4257 3465 3014 4210 1153 2506 128 3743 4136 2022 2003 1673 2358 4481 2169 4420 3165 3552 3652 2214 14 2400 1143 2408 2520 2636 1122 3037 1022 590 4171 2407 3403 4219 4154 3369 3546 4897 3373 1980 427 4117 4275 2221 2025 572 2369 4373 2980 1788 961 4603 466 823 4449 2962 769 2077 2708 361 3774 4305 3741 1295 852 1427 3585 925 172 3530 658 1927 2069 2495 4780 3654 1352 2183 3535 3937 3844 1632 3754 4865 3817 2014 4446 1019 54 1512 2486 790 4238 37 1118 2240 2349 4924 2923 3323 4906 3303 878 3634 1734 3813 664 4374 2430 2641 3872 1922 90 1119 722 4559 24 515 2980 3162 283 3137 2719 4109 2579 3905 4094 2170 148 3398 1029 967 80 4017 2866 4047 2739 854 938 1543 3077 2717 3022 3553 2360 1726 3590 245 28 4627 1746 1762 360 3305 1829 3660 4721 1649
3419 1193 4743 378 4763 1453 3740 4429 2117 711 1996 4820 620 3341 2222 4364 2399 981 3523 4881 746 4863 459 3430 467 2821 2340 304 705 2320 629 1595 367 2022 1061 4057 4095 1390 3991 3416 4350 4327 4522 1608 1181 3090 3051 2016 3332 1364 3373 3665 1352 2436 1801 1947 1743 1111 2082 2825 2330 4369 608 399 4912 3826 3245 244 2113 3776 3935 3313 27 416 4510 3818 4093 3870 4285 3324 4670 3950 315 1399 4771 2941 1145 3701 3714 1524 3644 3582 3145 1467 4867 1526 4089 728 1422 1280 2875 4082 2595 3182 1732 422 4185 196 3313 1704 3688 4362 1168 2356 3810 3580 2106 4285 3763 3317 2124 4986 2366 4336 3077 3695 2828 4410 689 798 4660 2005 4383 805 3804 1430 4972 2799 2774 3236 129 3915 694 2093 2396 1209 4571 4925 4765 1371 2357 3957 4362 1601 1286 4401 3754 2401 2373 2609 3325 3044 4106 1801 3725 2858 993 3092 240 3936 4291 4501 4572 2015 219 1101 2673 114 1964 1135 2936 1209 1834 3207 3309 479 903 3091 1431 2923 4813 221 1732 3017 4998 697 221 4214 1249 2839
2396 1337 4367 4261 30 128 4750 3129 3789 3790 1034 196 2271 3290 1972 3408 886 1220 2736 4706 774 182 2708 2534 4331 2340 4699 4361 32 454 3843 4288 1622 3158 4328 1189 881 3191 4336 617 76 3956 2696 1972 1963 3746 4280 2175 2751 4245 1338 552 2720 3035 1589 2779 4384 1528 4482 4609 510 831 4994 704 2407 3910 1833 1705 879 3703 3391 2004 4151 3150 4524 3643 2522 4701 1333 782 1340 1165 3390 368 4574 4780 604 3118 4239 1094 414 2961 3320 1825 2602 2286 2230 480 1956 70 4287 3095 1852 100 1549 2940 3359 4353 4152 3760 1214 3603 3479 2506 1998 142 1917 2983 2369 2756 4305 2491 3456 1803 423 3291 256 1184 906 1243 981 4847 3464 3829 1201 1640 2328 983 875 1496 3715 2285 2134 1254 2001 2250 4504 4138 3175 1113 4492 3263 1029 3853 2010 3717 2124 2463 3815 1605 2265 3511 2197 1919 402 3971 4808 3823 264 3489 4774 2793 321 2743 2938 787 2040 3924 802 4484 4346 3883 598 3033 2704 2005 4540 4912 3313 2747 4336 2342 4629 4011 3701 4851 2937 3045 132 4798
396 1866 2687 1684 888 4508 948 1035 4615 2594 3803 3977 1793 4102 2315 4480 351 255 2645 4677 2561 3726 799 160 4569 304 4361 3779 1468 2519 3050 4686 2611 4089 2773 4033 400 2114 3220 903 4683 4860 1037 3756 4289 3592 3690 349 3173 2670 3288 2430 1133 4406 2674 3822 1883 1924 933 1322 2493 1579 3884 4702 42 1862 1183 3786 15 1972 592 3735 3488 2985 3514 3224 3649 873 324 3595 23 254 758 4521 3314 1510 3468 3463 3535 1890 1869 612 3432 1448 220 4619 2774 3824 4078 2410 1145 2559 2141 2622 1776 3124 2037 3199 4757 4319 2292 3241 677 827 325 2624 3147 178 1689 4608 2130 4204 4555 2376 1140 4154 1610 1741 3847 1357 665 3320 2723 3498 3581 3509 3958 2445 2891 1167 2473 2377 681 4811 257 1860 1033 4735 4082 4845 1925 3129 4704 4491 3058 773 4764 403 2837 251 1659 3554 1512 2914 2561 3754 603 401 2424 4206 4920 98 964 1986 58 1488 1685 2294 4106 4704 4345 1302 2336 1411 3518 3400 2839 795 955 4743 1142 1159 4872 3010 111 4231 3882 4278 3684 3934
4038 3097 2341 1608 2728 1865 370 4526 2142 1683 1905 4711 3256 3249 2794 922 955 1769 4487 2341 256 1300 3556 1917 19 705 32 1468 1993 3929 55 3493 2591 597 4125 1720 381 3127 642 923 4666 3339 4918 3210 4650 4124 2312 926 989 1927 2452 3722 1736 2732 2282 4164 840 3482 1208 3707 1277 3040 3753 941 2142 4332 2504 2177 1638 3689 2431 851 2150 516 3235 2531 4905 3629 256 2756 294 4924 1132 2187 3839 685 4730 676 3904 2898 410 957 3736 1110 2399 3059 1200 1298 1552 1723 1113 2169 2948 1374 1660 1375 3320 1485 4364 1744 1785 2028 462 1943 1291 3979 3275 3054 141 3696 262 1812 2582 2830 2577 1224 2724 3087 275 2988 4710 3939 1404 3466 4866 2774 4369 2008 4888 4469 2618 234 457 4445 3297 3541 2089 357 2353 3521 3399 2755 4722 4013 2690 969 3749 2460 3252 812 1905 1762 1477 3848 2893 2499 2983 2834 3035 3451 440 565 2503 4649 957 1608 2722 3298 4467 2868 336 4994 3933 1826 3629 1932 1713 951 510 3093 3030 3817 1535 1481 222 4242 1260 2557 4494 1205
4489 3032 1714 3398 338 21 1287 3447 3622 4607 3551 146 1148 3712 3180 1493 2145 1485 1831 439 4451 4115 4590 2412 2892 2320 454 2519 3929 581 1474 2376 2845 918 4760 550 824 1471 1588 2727 3539 1050 3179 4182 3394 3151 3791 3992 1888 92 948 259 3279 1134 4755 3499 1734 1936 3594 3951 4586 3674 970 3521 1411 4820 2381 1034 2850 811 840 3318 3880 63 4724 1401 4733 2741 212 3277 4538 4556 2685 3408 3826 838 3314 318 3747 210 624 4392 2084 2563 1416 1984 563 500 639 600 3990 4771 4432 966 2480 794 1618 2644 2846 4241 1560 4073 1120 4988 596 4713 1581 466 366 574 1818 3267 3938 2524 976 1096 486 2015 1614 4812 207 4887 4083 1866 1690 93 2908 2502 574 2195 2025 934 3634 3947 4281 2282 4457 2246 2856 4748 724 1016 3288 4692 4156 2656 4348 1298 4264 1149 3304 2356 272 704 4204 2990 3539 664 1086 1968 2629 4660 4070 89 4709 766 3862 800 1601 3770 1329 1208 3976 3835 2945 4032 1192 3630 1677 248 563 3167 4878 2954 3650 1410 4533 3379 3455 171
1838 2162 35 3217 4742 606 3642 1102 3637 3615 996 4662 1260 3230 294 4405 4785 3817 3425 507 2295 698 2907 2536 4287 629 3843 3050 55 1474 1445 2416 1397 4065 1027 2007 3250 1942 1426 3816 3750 4098 3517 635 1791 3784 217 3222 1831 4454 1793 4094 1283 3207 4637 3295 1114 960 2266 1281 4002 2023 2369 4321 297 1489 3709 1579 3545 4602 1904 3934 4422 23 1278 4151 3057 2467 2893 4326 909 457 3634 4654 3265 902 1552 135 3077 2673 3117 696 1566 3630 761 984 4581 3821 3975 3950 2849 3329 344 4192 695 1839 2753 564 1621 4826 3228 575 78 3733 2634 3788 2102 281 4382 2676 1876 348 3473 2916 2304 238 4739 169 3231 3018 4406 3534 2220 2669 3967 405 4883 2847 994 481 3336 805 308 1158 2202 4283 4010 2822 3322 1802 2461 3204 1791 2503 4958 2535 3600 1876 36 2602 3184 486 3701 2613 4946 3389 2164 4008 3549 2990 823 3074 4465 2742 1423 4541 1983 947 3744 3298 4426 4208 3148 1104 2577 1299 1719 4863 1103 1795 1989 4498 133 3481 1685 794 2284 3166 1579 1904
884 478 4823 1558 3346 4526 188 1994 884 1691 114 1073 736 540 4255 4824 3637 765 3069 2542 3007 4693 4215 3959 4694 1595 4288 4686 3493 2376 2416 2468 3557 3752 2362 3831 3778 4812 1525 4896 3698 4429 3085 4893 2663 1563 3420 4776 2647 1045 412 2759 4345 314 2616 3856 589 1562 2900 3410 733 4141 859 68 4740 4219 1218 262 2674 4705 4125 4428 1500 1062 4983 4522 688 2984 476 1580 1606 3866 4820 457 112 2982 1888 3546 3782 3243 3565 2063 1889 3101 4605 1229 387 494 1168 2392 3972 4927 607 2561 2627 1652 2010 3848 949 4997 1372 2160 3395 1478 4537 79 2831 4538 379 593 2047 1387 90 46 3931 4231 1395 1545 4031 4315 2077 2804 1270 2770 2845 365 983 4382 2003 4405 548 2995 1092 2464 2926 1195 1870 2936 69 2404 164 2071 2363 1449 338 1968 474 3095 4506 3109 4913 3728 4027 3252 3353 2128 2662 3225 233 176 262 4667 1851 1491 772 2925 4304 2222 1594 173 701 108 2648 3764 1020 4325 2128 2966 2684 2438 1694 4466 496 1405 3574 4386 789 1802 4084 3688
4246 2902 4562 904 2750 2472 2650 3791 779 217 3004 119 3726 1758 2695 2494 889 3498 2884 1665 3760 982 1161 4393 1070 367 1622 2611 2591 2845 1397 3557 3738 2908 2078 1170 182 3523 2868 4570 2422 790 4782 352 1398 2217 1825 3731 2512 2317 2146 195 280 350 2367 2491 2656 1770 605 1002 1575 1826 1750 832 1052 1757 3882 1192 2036 2453 4201 3337 1636 3934 103 594 3949 929 976 848 2775 3110 1923 477 3925 904 597 1353 923 2071 4352 2602 1057 550 4989 254 1836 4145 379 533 2776 1674 3850 183 2186 2292 3227 2552 4373 1658 710 4529 4287 4392 2416 128 1984 386 4085 832 1273 957 4371 4110 1062 2317 1542 3978 3228 3021 4217 4178 2441 1863 2155 4751 652 1867 1047 2823 4303 209 552 3882 3396 3961 2941 2018 1918 3314 957 4656 2213 2719 2150 2368 1458 794 3377 3843 2950 3361 735 4026 3255 3364 4908 43 2069 257 4344 3051 4467 4026 3927 4858 3501 3395 542 3999 1833 223 3821 2922 1476 4502 4206 293 4076 4286 2012 2171 3435 2828 412 4254 1934 4563 4481 3267
1672 2736 3198 2212 398 3489 3979 3336 3350 417 3476 4909 2248 2518 2976 175 475 3596 1595 2299 3502 1412 104 3511 2641 2022 3158 4089 597 918 4065 3752 2908 4349 3426 4794 3101 1734 1653 3988 480 325 3784 77 1624 4908 4602 1075 1786 2288 2415 3029 4366 2074 4780 1110 3384 4851 1673 4719 1043 233 2313 2323 4558 1983 1216 312 4007 1458 1985 4022 1115 3093 2676 589 2922 599 1064 3766 4846 675 4538 2802 3638 4983 791 1646 2877 907 2994 1042 4244 1116 2771 4878 4915 1972 3116 2618 1321 2444 3230 2414 1024 3529 3933 164 2486 1775 759 1680 2709 4336 2537 396 76 1421 4159 3301 557 4090 3754 4675 3090 1875 3577 3739 4699 427 4502 3273 1059 317 4140 4875 1096 1025 141 4831 4928 3777 780 3480 419 2406 249 3924 1660 1269 3409 3493 4307 242 99 4250 228 2069 4163 3235 2163 2900 3291 3029 1837 692 2575 2209 1388 3327 972 3489 590 4335 685 3352 181 297 1490 3577 2360 2538 3302 3661 2479 2570 2657 960 4060 4058 1053 3696 2890 1253 1598 1939 4766 3678 2664 133
862 2307 1385 3736 3991 1357 3076 588 3150 4055 346 3735 4751 3100 697 1836 146 3274 653 2419 2677 3305 4377 4257 1273 1061 4328 2773 4125 4760 1027 2362 2078 3426 3600 214 4138 533 3433 434 728 1626 4996 343 1155 562 3473 2302 1682 2602 3023 1042 2864 4565 4248 3321 4943 2405 4570 4653 4762 4485 955 460 4607 3624 2029 3343 3634 2357 3142 1409 4667 2738 3682 1411 3496 2073 4848 3584 2252 2744 2253 2539 1960 2024 4416 730 153 3161 177 1992 716 4240 234 4208 4903 3561 1739 3086 2351 1460 214 3484 4695 290 3998 4038 2126 814 4802 4434 420 3672 1179 2437 4546 1077 3586 4264 4201 1345 2263 3511 4335 4379 4617 4983 2041 4167 1144 1375 496 4320 4393 3841 2522 933 2983 2106 156 4576 3857 4265 1208 1326 1499 982 1938 587 311 4074 3359 73 273 1557 3188 2218 4328 631 4779 77 2013 4431 1610 2764 3247 2504 2325 2104 1810 1838 4558 3076 3960 4541 4664 1886 1159 1974 1608 785 2664 4915 3711 327 3149 4865 3273 929 1688 555 288 1763 4692 927 3512 3856 2568 1157
376 4233 1070 368 2606 4470 2312 4807 1348 2686 4326 1379 4965 268 1173 4058 2269 4833 966 1431 1760 4962 4852 2594 3316 4057 1189 4033 1720 550 2007 3831 1170 4794 214 4980 945 1211 765 1212 4380 2566 3888 1644 1549 4386 3115 1262 2150 141 508 3440 3378 2423 1383 1494 3746 691 4399 2955 4588 3459 1221 3345 345 1186 4872 3936 62 507 4655 4644 55 4244 4526 4936 2986 2474 3742 4283 4340 3909 555 1274 897 2961 4313 4537 3383 2850 3209 4149 4782 4639 2490 738 4735 3684 2789 4969 56 4357 3282 3388 3548 2052 2887 1225 3100 3491 156 4858 2223 91 283 4998 3734 421 4485 1831 1508 4735 3049 4720 3672 3117 1686 2555 4940 729 2269 3336 4936 3988 3998 1904 2208 891 2047 2656 3858 2477 3087 4048 2029 3075 4462 2847 3612 2124 3820 3068 890 3824 4110 4423 3439 1389 3137 2862 3772 4395 2832 2202 3075 1393 2686 2761 1605 2745 151 1992 2664 4761 3767 3489 2850 4449 1603 4629 2041 2274 2216 2555 1300 3106 3731 2036 3680 4586 3985 786 2930 4567 3445 3886 3816 454 1579 3198
474 1149 626 1678 4618 23 3328 3911 2625 527 117 871 2223 2772 1082 3793 4056 2107 657 215 467 297 915 1880 1755 4095 881 400 381 824 3250 3778 182 3101 4138 945 4281 954 25 2837 1125 3626 3372 580 208 4057 291 1216 4436 4544 2002 875 150 2240 2301 4773 2848 4997 2890 1971 4530 21 1563 558 3804 3325 1980 3635 3602 4640 4859 929 2168 2259 4465 4129 3710 3590 309 3932 1719 2732 4209 4748 3958 1737 1082 3365 4955 4452 4414 4580 4488 4462 433 3822 3943 1742 1667 4936 3908 2102 4908 1996 782 792 3251 3507 2697 571 2784 3035 2237 417 4826 4900 4761 2979 3692 4018 540 4830 4541 1496 821 4809 870 1868 3213 4646 4462 1551 1645 1852 2186 4063 4174 1677 4743 4367 1676 3776 2886 746 3959 1671 557 2078 1151 4351 3873 3139 1923 25 3744 3860 2197 198 3726 569 3155 2149 1736 800 4860 3753 4749 937 2194 4450 4153 125 3289 2742 2212 562 2028 3509 158 3402 3075 246 4292 505 3236 3183 466 3016 3312 2534 4838 3436 2783 2288 4202 4926 4826 702 499 916
165 217 1356 3234 3754 3971 4163 3063 1140 3164 4301 4716 2066 4777 4374 4019 3776 239 4162 427 4716 1158 503 951 2275 1390 3191 2114 3127 1471 1942 4812 3523 1734 533 1211 954 4696 3400 2850 4669 2610 112 1046 1545 981 90 4757 4443 4052 2723 3880 2472 1944 1224 4669 1905 3478 370 4382 1603 1334 1655 4899 3653 3348 714 3165 3856 1164 3792 212 2647 3862 4900 2776 4681 4622 4928 4367 1483 156 1235 4121 1450 3383 3415 1980 3094 4800 2846 4341 596 2233 275 2927 2257 4026 3392 591 2082 1094 1250 2917 3722 369 4033 3882 4795 3709 134 1917 182 4772 4652 2775 1343 1155 1164 556 1519 4526 4732 532 4243 3171 4444 2103 3302 969 4709 4905 4609 3914 3301 2366 4279 1097 167 3099 2294 3166 4152 1188 4444 1426 2537 1789 485 3749 3774 346 1462 2912 118 668 1754 401 3134 4735 1146 899 4656 4241 402 2991 4024 954 835 4030 2415 4081 3654 2820 4773 3185 1812 2662 4049 950 4496 3490 799 157 3897 3167 2920 3500 1081 559 4895 2953 3833 2475 3710 908 2862 3759 1086 4252
726 678 2005 4981 2783 239 3581 4792 3659 4816 2677 531 1327 4404 3919 3634 152 3893 929 3626 900 3320 3253 1062 345 3991 4336 3220 642 1588 1426 1525 2868 1653 3433 765 25 3400 3213 2963 511 4548 3372 4403 2712 2350 97 4950 2091 4653 2959 632 1235 2347 3788 2264 2453 4758 3639 768 3307 1782 2587 499 2324 3570 4097 4151 904 4737 1165 1766 3134 3671 2899 1767 401 1246 1113 1686 884 4888 1402 4631 4688 2029 821 4037 3556 144 3953 2061 1692 4673 750 888 1234 3816 1800 1959 3024 3089 987 3424 2673 220 4992 4476 448 769 1862 1253 3294 4967 815 713 1455 465 607 3580 2570 3600 1723 1336 2954 3325 4148 523 4766 621 67 1473 4280 1385 1725 3019 2666 2478 432 2439 3803 1926 2219 307 612 3729 3214 2747 4089 3746 1833 1043 1006 1418 208 4319 2469 2143 3821 3364 1244 1023 2783 2732 2514 2885 2574 2624 183 4517 678 1282 2061 3964 957 4117 1930 545 4651 1652 3665 268 1598 1696 3470 148 4542 304 2667 1696 744 4379 925 4576 594 3671 3281 4509 2520 3655
337 61 3007 2127 4151 4481 2834 2948 3300 4426 1637 971 227 4599 3250 1504 426 4837 2698 255 2555 1265 2847 589 539 3416 617 903 923 2727 3816 4896 4570 3988 434 1212 2837 2850 2963 4188 2414 2014 521 3079 1204 1734 2078 4317 4264 3902 4625 3563 949 2579 1090 2867 426 3407 2144 2360 1317 4639 2848 1809 2496 1211 4281 2875 60 1711 2696 826 560 2457 1704 3282 1099 1940 1979 3419 2142 2659 660 3314 1084 1945 67 2990 218 3845 3213 787 172 1022 1620 1006 2940 3149 1123 4770 188 2183 1549 2249 3407 2851 3531 2447 1427 910 2652 3710 2487 55 388 4023 1485 3816 3256 827 1070 2326 3107 1305 3979 3728 4103 3994 706 181 22 3615 142 2217 19 4192 4312 3531 230 157 4671 370 4458 4706 579 3717 3766 301 3179 426 1339 2074 1424 2369 3672 4841 702 709 4735 1079 600 153 2550 4896 2076 3640 2589 2336 2872 1032 1538 4003 1261 3864 3461 2364 353 2932 908 4648 913 1337 1792 4323 1095 3836 2940 276 61 155 4083 2499 4080 2052 2727 3427 300 1147 3983 2114
