N: 200
M: 40
Symmetric: true
Triangle: false
6 2 91 155 183 181 48
7 63 32 186 166 88 113 187
3 47 128 85
6 87 55 137 139 39 146
5 8 195 46 9 198
4 21 25 189 135
3 104 60 120
7 188 117 185 159 124 156 23
7 125 12 26 62 144 95 11
3 45 59 196
6 27 15 66 90 97 72
3 3 154 20
2 126 29
5 132 68 153 152 6
5 52 103 123 67 35
6 121 92 76 112 19 119
3 176 13 194
3 118 31 170
10 74 75 157 169 7 178 136 179 133 96
4 168 56 49 193
8 191 141 4 130 37 184 33 127
9 43 22 54 36 134 83 129 38 30
4 116 131 105 16
3 162 151 53
7 89 70 69 17 140 192 40
3 77 14 150
5 81 167 18 1 177
7 161 180 173 58 200 164 102
4 149 160 28 10
5 100 143 165 79 84
2 51 163
3 171 41 42
5 44 71 145 94 108
6 114 93 107 122 82 34
6 5 190 158 78 148 109
4 98 73 197 61
4 80 86 199 172
5 111 138 106 64 24
7 174 175 65 142 182 101 57
5 147 115 110 50 99
553 2374 4487 416 4621 2450 4367 2791 1269 1958 4088 1610 1166 1987 2256 2145 2329 3546 3767 363 2460 726 3499 3728 4852 566 3483 3151 3536 2916 1513 770 4753 2881 4182 1924 3953 1453 4753 2317 1298 4478 3891 3475 4966 2380 4534 1654 2348 4403 1390 797 731 191 4342 150 4118 4834 544 2860 4726 4174 1566 4720 266 2150 743 1588 835 1034 3584 3103 1799 3150 4800 3170 3497 2490 4531 4244 850 2030 3723 4991 2293 3059 4023 1844 4227 409 4254 905 2133 3117 1667 476 1076 1254 3336 55 4431 3429 4610 1698 1629 3172 2148 2058 1858 2412 454 471 360 3199 3325 1241 344 2283 2466 1531 1610 347 3554 4001 2833 628 993 1784 3890 4200 4829 2989 4138 3952 966 3690 3255 1724 3980 3320 2050 4019 2316 4712 4461 1710 2063 633 4484 2676 1474 4533 4205 3049 280 473 4596 1018 2979 1981 1186 3469 2794 595 269 4043 3142 1014 3743 839 4922 1301 3704 2276 4484 4686 3788 2912 4261 3100 3626 1747 67 3317 4213 101 3385 1966 3602 2486 4976 2360 1204 4755 3031 2697 402 1137 1673 129
2374 1293 2953 2840 2754 4001 318 3422 2746 3504 3666 4056 1654 1949 2827 4459 2799 1813 1316 3383 4810 2079 4032 3110 379 3982 1901 3133 2665 500 1704 1868 4524 4852 1491 2287 4257 158 3401 3444 4724 4541 1950 1251 2641 4852 2855 4304 811 3323 191 2712 475 4000 4867 43 4639 1138 3671 1996 3033 2660 2357 3536 2601 4045 2744 4886 228 1061 600 1186 4600 4688 1976 38 2833 4995 4492 4807 1405 583 3374 299 928 3764 1799 3166 203 810 4440 1971 88 3190 787 4269 625 3543 890 1704 1094 1074 3090 3963 3652 2550 4154 986 2039 2756 4170 3014 520 3031 505 652 4687 149 3698 2740 4914 2370 3616 2236 199 933 4861 1621 2218 2115 3176 3940 4750 437 576 2272 4976 1224 1435 980 2733 3036 1831 3837 3287 3774 2426 2191 4153 4413 4017 3371 2988 411 1571 878 453 2173 4599 2471 3788 2698 1514 1791 673 1187 4700 632 1598 4485 339 892 650 2247 2360 3064 2790 3123 4899 1381 2882 293 349 2365 3997 4600 3716 2138 2186 3681 4158 1342 3602 2601 1071 524 1148 1834 531 1056
4487 2953 4190 2658 2190 199 4613 3129 4953 870 1536 1320 3960 2990 3113 1120 3431 225 3986 1179 4194 4995 962 690 4473 1175 1530 652 2227 1978 456 1686 3344 935 2275 3996 2469 1529 3452 2734 388 1349 2181 2194 2291 3576 2605 3599 67 2971 4592 1568 4037 269 1122 2908 2824 655 26 512 2222 4066 4547 2698 625 1264 2749 2829 712 3810 2211 1680 1142 2854 1986 778 3627 4562 659 3760 4623 3229 3997 936 232 3605 2496 1193 3117 3274 3672 104 1609 3412 4037 3857 3297 112 4692 4454 2839 2022 691 49 1313 4535 4803 2854 559 3626 3692 4987 920 4596 4769 273 4876 3916 4884 77 851 1455 1987 2475 2553 1111 2538 127 2414 1305 1993 4764 1547 3955 117 1028 781 1664 3935 2134 1546 60 1671 87 4645 47 1611 767 223 202 1794 2499 2916 2215 4918 3368 353 1957 2385 494 186 2494 3245 813 193 4410 4019 2208 4631 265 604 3166 2798 2718 319 752 3487 1013 245 3575 3441 2569 3303 3212 1251 2713 4883 2866 217 465 2328 4933 1348 541 720 3401 139 2134 900 4637
416 2840 2658 2392 4715 3398 299 1515 3045 2889 1069 889 4911 3518 2097 1851 1656 1684 2060 4598 1800 124 1905 425 3908 3041 4925 2688 1526 3697 2287 4891 4434 4412 3149 3643 260 1982 4565 4899 4048 4561 4224 1032 3862 1937 4737 2288 852 2891 1379 2053 2457 2404 2434 3524 3292 1947 4270 1992 458 4712 2180 385 3745 1820 44 645 3819 930 3242 821 4618 761 4477 4745 4671 4850 2882 720 2416 4869 2796 3011 34 4796 4472 4611 635 2144 718 1215 3765 3146 3407 2477 4482 3372 2030 3429 4123 1594 2925 3099 2347 2743 2071 2108 3128 1582 966 812 3617 700 3024 4302 3764 2528 117 4288 4888 2828 2685 2608 2556 2738 852 1202 1087 1775 4935 4773 2766 2818 3766 1554 2874 2714 3288 4144 2939 2274 361 123 2360 99 3949 3856 1750 637 772 209 1865 4210 1693 3923 2810 3830 113 4969 27 2929 4831 1752 2056 2496 4616 1892 3426 976 483 2091 1685 2783 14 1495 3112 160 4751 454 1202 2162 4991 494 3254 1024 1537 1635 292 822 2902 4668 3710 3052 2486 4954 2797 1798 2895 4546
4621 2754 2190 4715 2664 2188 4222 1334 3297 3352 83 1800 374 3281 3541 1391 4604 2818 222 2958 3976 4727 3048 1782 1702 3403 3611 148 2369 3688 1051 3755 1939 4531 2615 4705 3156 4131 3561 4393 2741 3313 298 3470 2118 1326 1970 2308 4792 4204 1335 281 2539 3850 668 1722 953 269 2571 3651 1695 3196 252 3949 4416 2703 4838 289 2315 910 1937 2256 2205 3387 3633 2285 1216 2028 1881 2800 652 4074 4268 1939 4885 3565 3828 3371 4656 1128 2431 928 3340 1515 4862 1199 220 4506 885 442 1286 4652 1760 2808 1388 3138 4489 2262 2131 1995 354 2714 2854 919 1110 686 3319 697 4083 857 2341 4906 951 702 3255 842 138 198 2072 3378 1744 3583 3451 1538 4081 3899 2792 4670 3623 1315 4713 1449 773 4290 2455 1267 1918 4357 1158 1591 850 2068 2790 2634 1517 4431 2954 4485 963 1804 3438 2143 1211 2439 1079 541 3152 2039 4952 3951 205 2234 2368 1980 1376 4560 672 677 2112 3759 554 3454 3632 1612 2949 2724 3482 2298 573 2034 3456 165 2204 2144 1384 3349 3879 2074 958 3750
2450 4001 199 3398 2188 4120 1786 2598 2162 4633 4470 3627 1226 2184 1103 3642 4904 2475 4754 1028 3119 1564 4356 128 1223 2133 4937 2190 10 2983 705 3205 2494 3938 3428 1832 4713 4953 817 1015 4538 2125 3211 1834 1311 4466 362 3046 4265 2654 95 105 1274 759 1838 482 4076 2981 2180 1106 2012 1558 2565 2393 577 3620 1619 1335 3951 2930 1674 2878 235 3556 284 1710 4130 1345 3366 377 3566 2744 1731 4297 2360 1280 2591 4686 1449 4639 238 4548 81 1214 1702 2656 3569 4494 4113 1906 180 4294 4820 2271 1411 4340 1097 2891 473 2698 1541 640 1318 834 2818 1545 3972 679 4148 2907 1053 4637 1369 3377 2506 3585 3479 1658 996 1140 4369 2611 549 4393 4164 2851 1043 4114 93 361 628 3003 4105 46 171 692 4596 2542 1114 4867 4114 104 4831 3892 3556 4281 3038 2011 3193 643 3423 1641 4728 2793 4158 3497 1439 466 1991 4834 602 3800 3462 4583 2515 181 395 3432 1595 3273 1743 3452 3597 3491 4692 4020 3246 937 4402 3908 4764 3839 2646 872 2058 4915 1724 3293 4479 4569
4367 318 4613 299 4222 1786 3961 4134 3635 1575 498 4762 2530 1589 162 4112 4333 287 1412 114 2357 596 1577 2131 826 3043 4738 4961 2199 3941 1651 4706 2341 3974 2760 4060 4094 1628 2563 2741 4043 3022 2215 472 1004 2830 3621 3829 4898 2216 3438 3900 4311 4178 356 603 4119 4102 2722 1278 2439 1028 3064 1960 1143 3209 2929 3697 4897 2908 2738 4569 428 3193 2051 132 4861 3605 2317 3122 1649 582 993 4666 1280 2784 3635 4475 1528 3614 3829 3120 1526 4445 4929 2233 1875 560 1425 3557 2176 3553 4129 472 4831 500 2814 1512 431 1901 1740 4500 4399 3209 241 3552 3838 373 1243 4484 3460 1338 1537 4727 3356 3158 4688 4045 4545 3690 3983 531 2918 1674 2125 2689 2052 4042 798 1138 4412 810 4178 1888 277 155 3528 1695 552 602 1192 1099 741 1671 2531 1152 2221 2704 1073 2918 1448 2742 1291 1471 3471 3163 3745 1281 1597 3935 3686 3437 1423 2714 2710 813 4149 2377 2626 105 960 221 3790 671 3485 3083 3944 72 1756 2264 3269 1134 3461 3512 4079 4319 3302 3375 954 150
2791 3422 3129 1515 1334 2598 4134 3105 84 3976 2211 2046 4886 447 3773 4443 2953 1251 3021 3345 2112 174 3058 2780 4582 1976 66 3497 1560 2353 635 583 3321 201 3610 2293 2507 1662 135 3149 1436 1703 1767 1136 1361 1393 3251 946 3857 3913 1399 4119 1202 4619 2786 1353 3670 2713 2285 3813 2412 4253 422 3103 4460 1909 4710 3632 1618 2657 658 4729 4261 3416 3346 1402 653 654 3982 4968 1502 760 344 4277 3439 3372 3451 2711 3908 3505 4920 3641 3816 2585 3548 821 4349 1096 415 3205 372 3792 2820 1050 4019 3060 3660 2925 1690 3109 1503 2138 4359 4368 4937 2621 598 4895 3563 123 1510 379 1020 3144 3030 3257 550 1645 1335 4065 684 2062 256 2362 3897 3550 2600 3594 3391 2654 512 2150 571 4312 1763 3158 602 2528 1858 4457 2635 3854 4318 3113 1886 905 3586 467 1634 392 3691 1471 1451 2056 62 1675 2264 4899 3572 2183 1684 480 2875 973 67 1283 4135 3547 4394 2020 1286 4897 2344 1631 2070 1738 143 3007 1973 2562 4472 544 1630 2621 139 1741 441 62 2321 3231
1269 2746 4953 3045 3297 2162 3635 84 228 543 232 1337 3831 531 553 4851 432 2074 1993 2683 4281 3544 2061 4467 4475 2216 702 838 4487 2552 4960 276 2993 4598 782 1753 4879 1261 325 4125 1076 445 1928 1948 1128 538 4412 673 843 4820 1489 2415 4985 4304 211 3411 4241 4600 4505 4931 1507 2242 2481 4910 3480 470 1442 4273 2212 2315 750 3307 4587 4927 2999 951 3614 317 4599 3851 4585 227 3965 4985 2259 4063 1871 1949 1998 4914 2224 4988 2512 2509 2322 4481 3767 531 4007 2414 377 493 2046 2084 2237 2649 3632 3035 2841 4375 3458 2833 3764 1918 2327 3834 4035 4575 3126 4596 754 1168 4474 2104 4024 4826 2613 2447 1150 1220 4893 73 1822 4783 3793 1796 2135 3375 4679 2766 1098 1244 829 4717 1174 1562 766 2263 2933 2937 4037 3689 3577 2436 1574 543 1096 3372 1353 2917 4116 4376 1295 4466 3824 4986 1528 3022 3185 2524 1801 3125 2202 1037 2089 3009 1760 3797 1746 637 4529 340 4949 2670 2076 3514 1768 434 868 2793 3846 2736 4297 1108 1564 3166 773 690 1466 3783
1958 3504 870 2889 3352 4633 1575 3976 543 875 565 1355 1882 1748 3661 1618 3289 226 2998 4190 1785 441 3080 2052 1797 594 1564 2016 1073 891 2575 2343 1119 687 3770 4482 1826 2794 4656 1599 1434 4509 1312 2031 3969 1368 1332 3873 127 4828 154 476 4483 3533 1463 534 2753 1085 4067 4171 691 1454 3846 88 101 1346 1811 2616 1831 3110 3144 113 2155 4847 1191 931 1138 2316 1103 2104 2333 3994 1740 4227 4983 2424 4439 448 4269 3259 1811 2827 1285 2277 2828 1905 151 3909 269 4732 3195 4265 1935 2662 3278 1239 2843 2731 971 2177 2735 850 4907 1942 3504 1100 2913 3707 1825 2944 4428 1522 4959 3807 1804 461 3443 2619 1639 2289 3214 4728 675 1672 2407 1318 1183 1421 606 763 1587 4925 1957 1722 3599 503 1046 102 772 603 3394 4829 3389 2182 743 3998 1655 3710 187 3079 1200 4759 4463 2679 3877 3334 3364 4835 1541 4170 1877 1883 3215 3258 1609 3800 4638 4483 1600 4790 2152 3003 632 4672 3799 1577 2152 1277 1768 245 1821 1385 3312 1635 775 4481 2461 3733 1504 418
4088 3666 1536 1069 83 4470 498 2211 232 565 2046 2826 26 3137 109 2024 4983 1908 3557 1220 1237 3834 754 4701 4051 4245 1629 2552 4948 4972 2542 4351 205 3398 3827 2480 1524 1391 85 3179 1259 1497 2122 4578 3009 1071 3823 3525 107 3195 1630 198 3387 2538 2537 3309 2940 562 801 2932 1563 808 2186 3946 4538 2135 3318 2875 3394 1827 439 1072 1274 3638 4954 4091 401 2266 711 4128 4652 3081 637 1583 2571 4760 1699 433 44 4908 2248 1931 688 715 4595 3242 3201 2132 1853 3847 2679 3702 2777 4277 1554 3034 4820 1376 3835 2284 3997 709 2470 604 2702 4881 689 1656 3523 3846 1903 4015 2031 3809 2625 2357 4043 3801 1920 4870 2935 1740 4716 946 1333 1222 761 3446 2906 3562 1708 898 247 340 4037 1327 2568 438 4415 33 4493 3585 4193 4664 2449 2409 4565 3430 4513 2281 2314 456 2229 261 4282 189 4137 1564 1288 1401 4166 4252 1771 4127 4965 4750 2396 3600 1668 1540 41 107 226 1914 1530 1186 1563 3045 4628 2912 4229 4323 1179 618 4191 3687 2196 1464 83 4551
1610 4056 1320 889 1800 3627 4762 2046 1337 1355 2826 4121 1151 3553 564 4533 4078 1223 100 491 1943 4969 3457 906 4072 1776 119 4783 4111 4370 141 746 952 4357 2765 3549 4356 2094 1364 1909 2802 155 3747 2475 192 4501 3499 63 2652 1091 3826 1759 4564 871 3678 3903 2577 4143 704 189 1630 4764 208 2763 4880 572 4714 478 378 712 2944 3901 1111 3940 284 1430 4584 2027 1807 4121 570 514 1740 2354 1475 3776 3752 3343 2253 1355 2932 4018 176 778 4682 1322 729 3505 1781 3455 202 636 4299 303 4640 2812 997 2370 2216 3592 3783 473 1764 317 600 71 2753 4043 471 944 2019 1807 2019 4332 4641 3666 4783 178 2467 859 2886 2383 1339 4156 2161 4011 3801 3950 4123 4500 3910 1025 4458 4782 2862 4075 2661 418 4040 2356 1819 4763 2955 3216 2456 3976 4597 4971 2876 4502 1851 3537 63 3775 823 589 4361 330 3140 3392 1394 704 66 2961 3122 2946 3540 2508 2744 3202 139 1235 2907 842 1883 2126 1715 4826 2925 1335 1790 1229 3175 4986 2177 1784 557 4476 4382 1284
1166 1654 3960 4911 374 1226 2530 4886 3831 1882 26 1151 2906 2665 2457 340 2503 4613 596 3398 3524 4676 2378 3399 3826 1156 4252 571 759 2321 1531 1275 3406 2532 2164 295 1501 4794 433 4256 4916 1033 4057 3941 510 828 4094 75 2697 1519 4889 2561 4104 1541 524 670 1200 626 1606 3603 1298 1818 735 4088 2145 249 3336 3808 1342 3006 956 4503 3925 2337 679 1368 4381 3086 4942 1531 2782 1029 288 3278 4009 3603 317 1249 629 4304 3543 3649 3638 1951 1879 4458 2645 451 4181 3642 2428 4894 4628 3799 2809 4093 2096 335 1713 3908 2830 3012 830 295 1910 1593 1243 1879 3117 3758 3554 2700 181 3392 2556 4978 1389 256 1335 2374 4691 422 4797 1610 2628 501 3700 2730 3201 3068 1439 4769 2620 2189 2092 3845 830 752 3483 3019 1000 2424 1354 4655 47 4144 3317 1606 1488 3945 3442 2430 3728 3794 459 627 2310 1296 2988 2226 303 4037 4165 1489 4524 2136 4937 2244 3349 2852 2156 1153 110 672 3040 1345 1726 3701 2162 938 3612 4767 2894 1822 2157 954 233 3276 965 3268
1987 1949 2990 3518 3281 2184 1589 447 531 1748 3137 3553 2665 1315 1995 4743 3799 3112 1945 837 4114 1549 887 4006 4516 4634 1463 3379 3883 181 1795 4056 4540 2662 3685 2386 4342 1270 4814 2726 976 1641 2980 646 1157 934 559 837 1266 2494 1342 949 4987 1369 2511 1417 319 3372 1564 3756 1788 4707 2522 4546 1966 2124 2858 4425 2397 4261 1325 2866 2679 612 2673 987 2181 175 81 753 4791 1566 1789 2051 3290 4026 3415 2002 1343 3263 791 2831 1875 669 1884 1177 4267 2197 1257 1467 3784 4713 1105 1234 595 3469 2187 2123 4849 1852 2906 1402 3762 3978 4981 4673 3466 1255 1387 3438 4185 206 1130 3082 1069 1521 558 2221 3268 4038 844 2154 1191 2277 3414 3236 1430 3813 601 1461 77 3703 957 1856 680 4349 2708 1218 1249 1703 2326 585 4865 1443 1290 2588 4706 3040 3660 4233 4863 2621 3512 4149 922 48 4299 1489 2086 1369 4261 1419 1305 4544 2378 2592 3203 2465 299 1371 2840 2243 2332 440 4582 4315 409 3198 3885 2924 4709 2800 4474 789 4100 1194 397 3018 594 2544
2256 2827 3113 2097 3541 1103 162 3773 553 3661 109 564 2457 1995 2719 4687 2720 4070 3235 709 1713 1881 4803 1575 3854 2015 1039 4375 214 3108 4626 1507 2912 1592 758 3490 4665 2474 1427 976 1635 4336 708 4641 2013 3459 2384 713 4222 859 4557 3967 1693 3244 2631 2942 4396 3001 1893 4766 4872 99 186 2375 3780 1063 2900 4792 3812 4266 3009 607 2923 46 2596 4347 2512 3923 3901 1699 1474 4780 1095 4885 538 3042 671 776 298 4839 4699 1924 2200 1271 4532 4647 1539 2107 3348 3457 2656 3540 4403 77 4193 4032 4525 4125 2632 3888 3737 4053 3381 262 402 3139 1130 108 4165 3384 3429 2582 2695 1195 1352 4994 3455 3110 4338 1515 332 2439 4473 4599 3101 3050 4217 3098 4622 4215 4261 1720 1637 1220 2061 2408 3203 2184 536 2393 2001 4435 1191 1850 706 4190 4435 569 1489 1291 2111 4319 1144 3444 4926 2403 3730 3983 274 1937 1830 1087 3929 1061 3639 4259 3362 231 4414 3664 1054 3119 86 1073 1624 2799 2667 2836 4306 2480 2491 4550 4929 4609 4880 775 1334 4851 2269 3043
2145 4459 1120 1851 1391 3642 4112 4443 4851 1618 2024 4533 340 4743 4687 1780 4667 4695 4004 2976 3305 489 2054 3656 1166 2615 369 4136 4639 264 4726 2207 3697 2613 3010 2376 4685 1098 1357 4054 2853 4665 1240 4114 4230 3110 3508 505 3001 4018 4036 620 3119 1205 1621 4165 816 2746 348 3397 118 1489 3798 2711 70 2638 1261 4298 4688 2798 1194 801 3012 2440 2343 776 2497 4338 4604 992 2742 1888 1764 2725 1390 4611 686 4781 1455 1830 1090 2067 3310 2737 937 326 4246 3080 1063 1426 4141 1360 4368 2183 2774 3312 2607 1859 2044 1926 1877 3851 3447 1904 2921 601 2705 4760 4115 3557 1762 3886 2757 185 4152 2987 4842 4652 542 1712 1841 1194 2916 2906 4965 39 935 3584 3873 3942 795 2280 3434 1784 4231 2057 2136 4164 389 1214 2541 2023 3574 2588 1795 2518 4200 4848 2744 4251 3617 88 3070 1973 1368 1751 1814 37 4375 1607 1998 2946 2482 2268 3436 2332 1601 4473 1594 4448 991 4606 1700 4496 3177 1459 3684 4566 1972 361 1181 1491 264 2789 2458 664 3722 1940 4447 4141
2329 2799 3431 1656 4604 4904 4333 2953 432 3289 4983 4078 2503 3799 2720 4667 926 994 1537 2567 2343 3752 1684 3429 4815 1699 3942 3706 2355 4466 1041 3992 2380 2288 4296 2533 190 2639 242 2813 1380 2736 1158 1185 763 1895 4417 2450 4093 4359 582 4194 2309 2121 4972 971 3630 3447 1754 3692 4018 1958 2252 1765 3934 1793 3684 2354 402 4147 1071 1731 2644 1963 4842 1467 3383 4557 969 2157 3635 3946 4287 1702 1409 4597 1278 2231 800 1565 4573 4667 2138 2521 4824 31 2625 1471 679 3497 1363 951 3361 3005 3011 2559 1676 1484 3078 1526 4649 4826 2037 387 1758 2861 2780 2219 3542 2501 1038 2204 680 4774 4673 1180 4325 4687 1119 2262 4580 1252 4129 4248 4765 4005 4529 1975 4028 3175 4702 4087 4615 2185 4492 668 2635 1195 2375 3814 4974 3075 440 2019 450 4776 1928 1304 2407 836 370 2006 1707 2175 992 4784 1566 144 2531 2284 1226 937 252 2928 3118 3629 2638 2340 4045 4513 3458 1303 1904 2709 3862 677 375 1111 3593 3845 420 981 2919 4782 524 1093 1181 92 204 4121
3546 1813 225 1684 2818 2475 287 1251 2074 226 1908 1223 4613 3112 4070 4695 994 4094 3637 547 2222 2792 2045 1836 3869 1312 544 3449 1452 2057 3420 2765 1098 4824 4365 2647 2939 299 3266 293 2212 1782 3458 3491 3747 3804 1500 4909 2303 2128 4212 3369 1858 17 2028 2367 1748 3460 4261 3418 1031 1015 1518 2905 3598 3297 3352 4176 3125 2866 4282 673 1927 3365 1993 747 3443 517 4191 1747 18 1176 1124 858 1499 2861 276 113 1911 58 904 2254 787 76 937 3659 4956 189 1244 3004 1405 4059 4363 4247 4376 1293 198 4746 3754 4778 1664 2761 1491 4983 3857 2458 3578 1002 3373 1388 3124 129 4781 368 959 2619 2923 4077 2634 2329 4911 2819 1891 348 4089 1690 2237 1013 2279 3929 4350 1373 4863 37 3564 3774 903 2152 2477 3565 1947 4458 3035 275 783 2369 1996 3129 4745 3235 2084 1338 266 3759 642 2282 312 1031 592 1804 2905 263 1314 57 4708 701 4225 1546 4406 3121 3132 2650 3369 3095 2710 2018 803 4906 1149 4254 2648 3602 3488 2472 1602 3625 3139 3114 3063 800
3767 1316 3986 2060 222 4754 1412 3021 1993 2998 3557 100 596 1945 3235 4004 1537 3637 1784 1514 4308 1229 657 4979 51 2222 4327 1901 255 188 2019 2422 3061 2334 769 808 763 1879 500 2384 2342 2669 2565 1193 4039 626 2222 2106 4927 4551 782 4178 4135 1012 4919 4164 1676 2888 118 2787 2511 1220 4509 611 480 1503 2722 1184 1264 2667 1193 2074 2050 4665 1226 935 3006 1754 1187 2876 3897 1681 704 2278 549 1416 1193 1872 2586 1629 1046 2192 154 246 3589 4130 4367 4163 1836 2923 2849 1332 4931 4517 2187 984 2426 744 3036 3099 2469 4323 3224 3331 703 3164 3449 2451 248 379 1392 3266 1725 1369 4859 652 3803 4467 4733 3438 4795 4477 3975 1095 1179 1651 4891 4870 4874 1867 2697 2736 4156 4416 3668 4143 430 3511 2422 2357 3579 2746 3079 2817 2113 3373 125 167 1857 2972 4597 2852 3363 4702 3872 742 4323 4027 1561 75 4308 2216 3472 503 1532 1506 1729 3258 2605 2336 1349 1277 1741 668 2149 2982 2129 4811 558 2040 3725 1914 1481 463 4531 602 2706 467 143 2795
363 3383 1179 4598 2958 1028 114 3345 2683 4190 1220 491 3398 837 709 2976 2567 547 1514 297 3341 1548 799 3607 394 4788 4239 1227 2745 156 1219 3469 1383 1195 3357 3474 1226 3070 1018 1999 817 3073 3484 1675 218 792 750 2390 4075 4159 2639 3081 3945 4826 2498 2235 3304 3738 2167 885 3559 835 217 3581 62 3181 2040 1243 2493 2038 3258 4755 4524 3206 2822 2005 4063 3257 777 3382 650 570 214 54 1240 4535 4827 4722 4741 2176 590 735 3579 2947 784 968 4468 279 3846 4207 847 2188 665 614 2472 3880 2139 4628 3331 881 4029 3096 2303 4902 773 4582 1717 1388 3517 932 3430 977 4437 4902 4678 2230 3590 4945 382 493 2389 2950 2425 2684 4385 996 2535 3076 586 4863 4314 4134 560 297 471 2381 4050 946 4419 4277 2489 424 1423 3060 1199 1345 898 2323 2673 1032 787 1995 4764 804 399 4315 2211 1600 2610 510 211 2128 566 3298 3034 4965 2103 715 4780 3581 3123 1196 1119 2275 4697 1698 3941 3663 620 3246 879 3027 2853 3655 1398 916 3222 2935 3905 720
2460 4810 4194 1800 3976 3119 2357 2112 4281 1785 1237 1943 3524 4114 1713 3305 2343 2222 4308 3341 892 2187 2966 1815 506 1984 3008 4301 3454 1168 1524 3654 724 2211 1169 3995 541 4047 235 941 3404 3365 2701 2975 3180 3573 2024 1171 3717 3018 3744 2808 2174 1139 1135 3790 1299 3153 3899 4869 3501 665 2298 3966 1962 28 1942 1714 4528 3898 3889 3597 4264 808 3155 1653 4472 3574 2030 1088 120 1644 942 1752 2593 3223 1910 1021 1440 2573 4965 806 777 3364 3528 2762 4766 3411 4899 732 2085 2639 3348 4202 2188 947 479 2039 435 4942 295 3870 557 4801 1281 2522 1281 4603 2953 4085 43 2842 4502 1988 1672 1112 444 3173 374 922 1514 4939 2362 805 4660 4144 989 1259 2596 4177 3609 783 3006 3794 4557 1889 2262 2160 3618 165 4135 3229 1192 4039 4075 1279 3197 4722 1774 3925 1361 1758 675 2643 1300 3479 2124 329 3508 1491 313 1606 3075 1769 2519 1672 3360 754 2695 1368 1705 241 3117 3622 1940 3135 2122 1236 3394 3344 536 1967 3087 2096 1080 422 83 905 4364 167
726 2079 4995 124 4727 1564 596 174 3544 441 3834 4969 4676 1549 1881 489 3752 2792 1229 1548 2187 2958 3372 3887 592 1109 998 4787 2760 4160 2431 516 1507 3285 1234 787 2829 2537 2491 3838 4494 3775 1438 2553 4498 4743 529 2785 2268 2082 120 3716 4598 4794 491 2755 583 4215 1435 2549 816 2435 2589 902 1255 4014 2186 2008 1696 4048 3322 2296 475 2008 3237 1219 2478 1758 4000 3794 3424 3135 4359 3318 2109 4853 2028 562 2190 2410 1418 3951 2709 3730 4045 2275 2912 4879 127 4156 38 2169 3185 1885 3576 274 1530 3603 1164 1033 3385 2402 2244 1640 1809 667 1772 4602 2438 988 971 3125 4159 1615 4059 2658 4866 4101 269 4950 669 1944 3301 4652 3536 778 3380 1281 1512 3548 129 3095 1912 1851 857 1724 70 1886 45 2532 1115 2111 2407 2305 103 4479 1015 1024 1716 147 2371 4066 57 4168 1012 1739 1687 1310 1979 4246 4861 2999 2008 4205 2288 4518 4422 2923 791 1948 4173 3871 985 4480 757 4177 229 4738 1303 2293 1772 2429 1216 1017 80 4916 4472 2383 2883 2384
3499 4032 962 1905 3048 4356 1577 3058 2061 3080 754 3457 2378 887 4803 2054 1684 2045 657 799 2966 3372 3911 272 3138 4150 1991 4324 3070 3679 1047 4892 1007 2054 4492 451 3355 66 3316 197 2905 330 4772 3881 200 4963 4367 3340 365 4788 4537 264 4126 3075 1175 898 4496 4972 4180 4814 1941 1339 3206 2103 2524 2498 2169 398 1842 2480 601 2694 4617 4295 4379 3925 922 444 2015 1273 4609 1040 4151 4430 278 2204 724 605 1888 2961 2088 2519 856 2684 2312 2925 1267 4074 3889 3966 4165 2720 3077 134 3195 2662 4432 363 1991 1672 3100 808 4102 1210 265 4342 4267 362 2195 2314 2210 4499 3754 3331 1299 284 4040 1680 4193 4425 1530 4178 722 4313 4280 757 561 2914 2222 3428 586 1532 1409 3192 3678 3082 876 929 2778 2770 1860 2795 528 4875 4504 976 4635 3288 3666 3871 4477 4510 3645 1825 4040 4450 3809 239 1901 4351 4906 2881 4344 1208 1237 231 2478 1095 2392 148 2973 3528 3170 1322 2405 3464 1719 880 44 154 2965 2000 1748 3039 438 1253 4975 4765 2397 1275
3728 3110 690 425 1782 128 2131 2780 4467 2052 4701 906 3399 4006 1575 3656 3429 1836 4979 3607 1815 3887 272 2062 462 1556 307 2727 4537 1439 4498 950 914 1063 2758 2253 3066 1350 2590 1450 4001 2681 1047 1199 1521 2214 2259 4364 4927 2133 3845 2165 3777 2482 3467 4221 2056 1773 4579 1954 4237 3233 51 2763 4604 4746 3920 3067 542 1599 1955 1439 3249 145 1465 4665 4728 2110 602 2073 2500 4607 2344 1240 3756 1406 4937 4560 4994 4082 2839 4982 3493 1121 3004 1999 1724 3839 3637 1337 3960 2472 4933 3204 678 4805 1489 4769 2341 3482 3381 2986 1707 4816 4390 2299 283 2193 660 1340 3660 2570 103 192 204 2965 4772 1197 4993 172 4221 1985 4235 3656 3935 1140 4968 4107 3499 1321 757 2646 3080 4274 1828 4362 1800 2319 3598 1952 3592 1311 1683 2277 2837 3785 3555 1221 1463 1320 3353 966 3725 937 497 1999 3700 3968 3269 2543 3223 2558 4876 3475 1372 4620 504 4202 3894 744 2040 4635 971 109 1237 4415 4669 848 2636 2595 797 1800 3636 1735 2642 471 3047 3529 4210 3233
4852 379 4473 3908 1702 1223 826 4582 4475 1797 4051 4072 3826 4516 3854 1166 4815 3869 51 394 506 592 3138 462 1728 769 1328 1339 1810 1616 1339 3395 826 1362 477 811 1721 3747 3774 2627 2690 2269 3519 822 2421 3468 1521 2308 3602 4550 3859 4820 1928 2149 4441 4221 3763 4476 4654 36 718 4649 2335 4757 4930 2981 2668 2194 3520 2724 170 2410 2179 762 4380 1102 2200 2060 723 2923 3728 78 2542 3197 4354 2590 3198 3370 3217 1157 3893 241 2166 2772 1588 2145 3270 1885 2189 1902 2029 2928 2646 4662 4017 3831 3962 2975 4095 4459 2386 1785 793 240 2241 3250 1758 3396 4931 4789 381 4897 257 3509 3322 4399 1048 1459 15 3870 2800 2354 2428 4135 1637 1816 2852 4484 403 681 16 10 106 1670 1157 4865 4790 867 4620 4268 3082 2100 75 3163 852 3020 494 2415 2206 2952 4832 4848 3715 212 669 2436 2481 109 2128 3779 4797 4299 321 3777 4518 1557 1277 2914 4973 3047 4067 2865 4929 4708 3953 1292 2586 3529 187 1795 2629 548 4922 2106 692 2640 2570 3807 337 3168
566 3982 1175 3041 3403 2133 3043 1976 2216 594 4245 1776 1156 4634 2015 2615 1699 1312 2222 4788 1984 1109 4150 1556 769 1897 912 3294 4750 671 584 1526 2421 3879 4917 2137 248 1423 3570 774 4859 3254 152 1180 4303 3367 4893 4124 3626 4346 3967 1852 3500 738 3867 4776 2725 1856 1400 4011 2276 4888 2994 859 1797 3039 4237 2288 4384 4201 887 10 3686 2950 4612 2204 115 3961 3074 3268 3392 1069 3634 695 1912 2010 4750 3323 1739 181 3323 933 717 361 994 1663 4805 3827 3652 4473 1433 1715 4365 500 74 3957 3254 219 771 1347 928 1973 210 2597 1515 1027 1387 4143 4912 1192 2247 3448 268 695 2705 3077 2468 1256 1394 3306 4979 772 3608 3031 340 4634 405 4484 3143 2724 3939 4420 4617 631 2049 2929 2461 3725 1353 133 4402 866 1606 2759 369 4439 2727 233 2858 3626 2788 1215 2955 4020 4089 1416 3892 3478 115 1488 1996 1319 3333 1912 3954 4468 584 4646 1751 2731 3918 408 193 4852 44 413 516 617 3954 3903 2625 876 1376 4899 119 604 2738 3516 2465 1920
3483 1901 1530 4925 3611 4937 4738 66 702 1564 1629 119 4252 1463 1039 369 3942 544 4327 4239 3008 998 1991 307 1328 912 1083 1232 4537 2775 200 3591 260 1059 3154 531 4599 4144 2753 3025 2230 1896 2867 2002 2652 2257 466 4723 3944 4499 3728 4936 3170 4153 809 3844 2905 4103 3684 1328 3348 1600 1988 659 3176 2424 2356 647 1886 2147 1782 181 1851 2186 4609 4621 2584 3578 558 857 1052 231 1076 1134 295 3530 4562 3517 220 4466 4187 2109 2201 4958 30 3768 2308 3548 3911 3209 3435 81 1910 4590 253 1331 666 4217 4714 906 2022 2517 1433 3022 4413 2697 801 2662 2972 1919 746 141 1153 1574 899 1365 3465 4082 464 3425 894 2997 2132 2476 2155 87 137 2821 1926 1094 240 109 3823 1049 1508 2804 2253 2000 404 1655 3406 624 2853 1773 4288 3591 293 3946 3395 240 4051 1773 283 4134 4730 2566 537 3539 4648 4997 3438 925 4858 3280 427 1147 2906 3017 559 3457 2144 3708 1344 1680 1623 3819 3225 947 2970 4945 2882 3968 3707 79 847 2351 4754 2617 1618 4677
3151 3133 652 2688 148 2190 4961 3497 838 2016 2552 4783 571 3379 4375 4136 3706 3449 1901 1227 4301 4787 4324 2727 1339 3294 1232 1261 179 4385 1560 1403 4951 2635 758 4612 255 2757 116 277 1422 4232 4173 985 96 4202 2372 437 302 4559 4684 137 2775 4910 3949 3607 1666 2250 1344 3119 3770 688 2050 3961 4602 4180 1625 3047 2291 2466 230 3313 3776 27 4855 4652 892 4404 4185 4727 4816 3618 133 3579 3401 3931 1752 1806 1148 2209 573 938 715 1024 1769 1918 322 3612 1764 4810 1777 923 2885 3285 3805 4119 3052 3609 3463 869 873 1448 2347 4292 3926 3416 4623 3058 2371 1312 1956 1920 404 3065 1684 3275 1853 3098 866 31 4788 3475 167 1383 2939 520 4166 404 3340 144 1361 3469 4758 10 2546 3645 2288 451 1334 3715 1089 4933 304 2592 1370 3841 2471 1213 387 2414 585 3227 1393 2482 4811 4244 3377 4848 2408 4726 2126 4338 1118 2678 4574 2229 1706 1711 1521 94 1617 3785 4551 2218 2172 1873 2273 1722 2737 3753 1735 1821 2249 2978 4665 1182 3908 664 131 2538
3536 2665 2227 1526 2369 10 2199 1560 4487 1073 4948 4111 759 3883 214 4639 2355 1452 255 2745 3454 2760 3070 4537 1810 4750 4537 179 2544 4307 680 2021 1115 1507 2424 4854 3785 4455 1744 897 1462 526 1049 2375 763 3446 2957 1341 3852 1643 2990 1398 362 306 4626 1881 4242 489 3547 2632 4383 2320 2477 1255 1067 2993 1821 108 3917 171 1656 1089 4241 1962 2469 4231 452 3173 4309 1485 4120 1123 4385 4123 2412 1580 512 4142 1857 645 398 839 1714 2215 1337 1591 4329 4980 2722 3591 4997 4608 2892 2289 1825 3361 2949 3392 4241 3058 1918 3200 328 1886 1387 3661 3042 1457 3870 142 3995 4286 2699 304 2378 1219 763 357 525 2572 826 740 1140 1008 1597 2719 3355 2392 2814 1862 681 740 2501 1842 311 2462 4441 4586 474 1983 278 3586 4972 4094 3293 3975 738 2005 602 266 3288 1419 3215 645 2420 4081 3998 2355 202 1946 3610 4590 283 2223 790 3162 1840 4745 996 3317 608 2259 3243 2433 2036 4448 456 440 2203 1442 2569 3145 1655 4210 4756 4831 3172 4038 2091 2638
2916 500 1978 3697 3688 2983 3941 2353 2552 891 4972 4370 2321 181 3108 264 4466 2057 188 156 1168 4160 3679 1439 1616 671 2775 4385 4307 2034 274 25 1911 969 801 3273 172 2977 4131 2593 1891 656 2405 2522 3736 3897 1039 2619 4948 4501 1678 945 4515 2455 4516 1100 1672 3642 4042 3131 4110 2603 3548 3482 791 1602 2420 3625 561 2980 2887 293 4161 1625 2645 3745 4044 2444 865 4316 2938 3773 2862 4488 3267 2276 625 2228 2516 3988 3634 92 933 3612 4586 636 2951 212 2991 1824 3732 3752 1071 3608 605 3695 4289 2145 1660 2005 3724 2345 1979 3786 2075 4850 2818 4943 2238 4691 1496 3409 4707 2130 101 4110 4737 4263 939 2886 1878 3868 2136 1854 1284 636 2523 4191 1801 344 1223 3198 925 3822 4116 2954 2601 718 3652 3971 1539 3382 3064 578 3114 3680 4266 3388 3198 3266 1160 2563 751 3266 2853 4030 4147 362 4475 1246 4668 3026 3437 2955 1436 3206 4280 3718 1868 467 3038 1127 202 2520 199 4869 4525 217 4143 4468 1594 4736 3626 4765 4480 1353 713 4611 2161 4131
1513 1704 456 2287 1051 705 1651 635 4960 2575 2542 141 1531 1795 4626 4726 1041 3420 2019 1219 1524 2431 1047 4498 1339 584 200 1560 680 274 2799 4134 3883 438 1624 2855 1043 4607 289 431 2342 3399 2432 3743 1356 103 3373 2907 3033 3066 1764 293 593 4740 2311 1695 2102 4728 3088 2700 3643 2767 541 3306 4014 792 581 3052 4012 2833 4201 3123 2443 4945 4590 3754 796 988 2320 1107 3398 409 593 2453 3461 2639 4470 3666 2682 3336 3226 4953 4205 2949 2568 2478 1973 1146 1826 3211 1262 4940 673 4254 3566 1553 957 86 4583 3201 575 1860 880 1978 1365 852 4409 3719 2521 503 568 3412 4833 1137 979 4784 1915 453 3388 3192 2290 2214 2147 3137 1017 251 3328 2371 304 348 444 3068 1151 4816 3723 3523 407 4101 4956 1128 2548 1513 687 141 2388 3970 1482 1446 41 1586 1003 2662 3611 53 4431 4703 432 1090 238 4953 3808 1508 1270 1417 456 3690 1405 3858 1982 654 641 299 2236 4884 1110 4539 2412 132 517 299 17 90 1987 129 4308 1877 14 3541 631 498
770 1868 1686 4891 3755 3205 4706 583 276 2343 4351 746 1275 4056 1507 2207 3992 2765 2422 3469 3654 516 4892 950 3395 1526 3591 1403 2021 25 4134 4771 1296 4977 1248 3835 2945 226 3481 1264 3887 854 2848 3745 765 887 1374 62 3565 2208 1822 699 1965 1270 4807 1907 3680 4173 2086 3258 2540 2415 1571 2207 2772 3198 771 544 621 2537 634 2636 600 1048 1362 4361 1893 1567 2539 1660 832 3776 1502 3282 3012 4512 1382 2825 1250 4866 782 2340 2277 669 2500 603 1248 3911 1593 4220 2939 197 2988 3918 3936 441 3221 4515 4068 3703 4881 3500 318 1796 698 4842 1585 1168 4774 3441 2786 2463 1821 4481 269 2516 4400 4174 3380 3970 3966 4891 341 1013 4911 1931 2934 488 136 500 2401 4527 629 2463 37 3524 1725 4211 633 2040 893 2638 1513 367 839 957 3328 3946 1035 4669 3251 4100 662 4098 3440 2403 118 3735 4559 279 1216 3557 4285 2711 4370 2571 339 4879 3390 565 2350 3124 2201 2203 2165 2402 1036 2807 1740 1453 1697 846 4860 1054 1197 3490 2672 4852 4265 2537
4753 4524 3344 4434 1939 2494 2341 3321 2993 1119 205 952 3406 4540 2912 3697 2380 1098 3061 1383 724 1507 1007 914 826 2421 260 4951 1115 1911 3883 1296 303 3521 347 3570 173 3789 4225 1538 992 2564 329 3478 2011 812 1291 2989 1915 3709 2624 2671 4722 3399 1937 1919 1706 3728 3749 280 4381 2346 1093 3277 1938 4718 4363 2287 1746 2456 4636 253 4228 1247 307 3413 4715 1468 2613 1207 3249 2285 2598 2270 228 4517 4265 2147 831 960 4717 698 840 2517 2196 1231 2324 4150 1509 2862 2153 2010 4415 4543 910 3658 1932 4231 3713 1789 2161 3557 2887 876 2795 2041 1947 2281 2933 1051 2476 3476 1654 756 2190 2892 3033 1617 4329 3696 1251 4046 44 2491 496 2925 4658 4990 697 562 605 3625 372 4848 936 1183 283 3197 817 4804 2177 1066 4795 4814 3782 714 130 2413 2164 642 2039 4167 4733 1505 678 2057 3487 185 770 2821 463 2603 1317 2677 2578 2750 3461 2398 2692 58 611 2216 2289 1419 2313 3617 2236 3116 1985 1880 4502 2840 773 3437 588 2038 3289 2808 4274 1323
2881 4852 935 4412 4531 3938 3974 201 4598 687 3398 4357 2532 2662 1592 2613 2288 4824 2334 1195 2211 3285 2054 1063 1362 3879 1059 2635 1507 969 438 4977 3521 2791 364 3949 140 595 4402 2224 4455 1194 622 4309 4196 2594 3992 940 2733 3856 758 4907 2893 3265 1448 4305 796 737 801 1145 1830 4216 4988 913 2211 2439 3845 3182 4343 323 4025 387 4092 1163 2126 4476 139 430 2062 912 4710 4152 2715 4252 3391 2060 3015 3091 976 2478 1250 1526 4003 1859 3697 1787 779 352 2486 1768 1461 3886 4928 2529 4531 1398 82 2762 51 122 3836 3502 4147 1676 3453 3479 807 2963 2284 4277 1962 4999 482 1003 2935 3388 4418 1290 4553 555 1023 2379 967 2830 595 4192 974 639 4836 2278 3967 3977 3439 4192 4833 4722 1339 3185 1440 1976 374 2077 634 2801 941 1975 3326 512 4592 1300 4490 204 3504 2990 3756 2938 4555 4516 2299 4428 1514 4439 1798 2753 4702 2599 3825 738 3501 3103 992 3202 1458 2220 2585 4855 835 3436 2649 2612 1199 3403 1994 3560 3977 1253 2511 2885 1581 596
4182 1491 2275 3149 2615 3428 2760 3610 782 3770 3827 2765 2164 3685 758 3010 4296 4365 769 3357 1169 1234 4492 2758 477 4917 3154 758 2424 801 1624 1248 347 364 3402 3845 3031 201 4536 1176 2442 3197 852 82 2847 2213 4757 459 3292 2127 4844 4895 3986 3728 1964 2464 2339 1164 3456 508 1650 2714 281 1913 2941 3368 204 2451 1291 4939 4070 3239 3147 3933 638 812 4866 1234 2978 2676 4951 4483 1795 597 2804 2004 901 2993 2113 4907 3469 1129 2220 2093 2972 1709 2501 4326 1399 3252 3444 1832 1650 1179 3307 189 2225 877 4575 4101 2063 4056 4515 4411 726 2813 2765 4512 4498 551 2494 3663 4211 4341 2363 3666 1829 1260 4768 3367 2863 4018 1988 4715 450 946 2440 765 1271 209 3881 2673 3943 878 3264 1346 4589 2944 3653 3618 1005 3345 2743 1007 582 272 3105 2201 3839 3393 926 3362 4070 4603 4392 4369 4153 4246 4258 674 3331 1631 3113 4637 3186 4283 1406 4760 195 1134 4899 2771 1103 2788 4822 1949 3854 4498 2837 756 4168 2602 2599 3361 3361 4268 3631 1351 666 4765
1924 2287 3996 3643 4705 1832 4060 2293 1753 4482 2480 3549 295 2386 3490 2376 2533 2647 808 3474 3995 787 451 2253 811 2137 531 4612 4854 3273 2855 3835 3570 3949 3845 3163 2160 532 2072 4112 817 3485 4947 4586 2941 2582 3904 1180 1867 893 2103 2180 4682 4848 123 3129 4561 620 2753 4541 4072 2149 150 4929 2715 4133 2432 4944 486 111 1430 3350 800 1494 527 2650 1832 1406 2953 943 124 4376 4872 1508 51 1218 3212 1188 4048 1371 3479 2562 4809 4625 1146 4295 2091 3188 3553 2323 1309 11 3518 4511 3133 4930 4908 4186 1583 3241 2471 593 289 2282 770 582 4782 828 1238 4254 1681 4629 2855 430 3379 4519 4208 3217 1208 1646 1134 3492 3359 772 2089 1205 1557 3182 2737 1283 3872 3261 2439 2210 204 2408 2915 4411 2002 1677 4408 469 154 4306 1043 4502 2753 3074 3489 1928 4155 1946 140 423 2246 42 4490 52 2423 2834 1008 1205 4386 4322 2526 1311 4979 2809 1747 2530 1084 759 2887 4626 780 2156 1313 2483 1192 1940 3728 1668 4998 861 1687 4531 1585 3708 1127 4092
3953 4257 2469 260 3156 4713 4094 2507 4879 1826 1524 4356 1501 4342 4665 4685 190 2939 763 1226 541 2829 3355 3066 1721 248 4599 255 3785 172 1043 2945 173 140 3031 2160 4582 3526 618 4957 4823 4933 2213 759 2251 1324 1507 2945 266 2496 1032 796 558 2666 2439 1905 1035 539 2354 4444 4440 4386 3099 723 2602 2492 60 2035 4266 3248 2294 3997 2049 3454 2005 3700 3737 4011 2612 2875 420 627 2775 1277 2479 251 3651 41 3739 470 2209 3889 636 4965 20 1564 3544 852 4949 4320 4740 1638 4011 2943 3273 4828 4162 1981 1991 3834 3897 1411 326 3441 224 2827 4869 2119 3858 996 2250 1116 3488 3561 1007 1878 4974 1116 3375 1329 1760 4904 119 1099 948 4623 1018 4837 3677 1879 4771 1684 3459 1934 3354 901 4307 3432 2878 3406 2802 232 1335 1792 1953 3216 3514 4137 2483 4450 915 891 22 1105 4377 563 782 135 3538 3594 411 4746 2139 798 52 3746 2580 3461 643 1682 429 3647 2857 3479 4708 1969 1379 4801 1534 1691 1115 4478 4123 3240 3821 3724 1514 4369 3841 66
1453 158 1529 1982 4131 4953 1628 1662 1261 2794 1391 2094 4794 1270 2474 1098 2639 299 1879 3070 4047 2537 66 1350 3747 1423 4144 2757 4455 2977 4607 226 3789 595 201 532 3526 2651 4502 3042 494 3157 3299 3708 4433 1676 737 4071 2017 2207 4642 4280 3212 18 3457 1074 3018 1729 2274 1529 825 3372 297 3281 2326 4183 429 339 1519 1119 2687 649 669 3026 4536 1866 1121 1299 931 3537 3979 2743 2823 1195 939 1683 2918 3092 1946 2321 2750 1951 402 885 3247 4322 3872 4057 4715 1446 113 1194 1607 3827 1728 1972 3557 2780 3198 187 4981 1212 888 3277 2807 525 2145 2964 3079 4945 895 3214 230 3496 2147 4486 1313 2740 2247 4943 4066 4365 1487 4669 4144 1897 2305 13 723 1179 1789 4522 4553 506 4882 265 1108 2949 1640 3901 2805 2295 4197 952 3077 2466 4464 4203 741 1426 1251 1915 1251 841 1627 2106 4758 1434 759 2871 4101 1842 4331 1261 4286 1748 3921 3929 997 2552 4570 3774 1044 2826 1266 3606 4059 4244 3968 4039 4996 4237 1811 301 578 4678 4797 42 2035 2985
4753 3401 3452 4565 3561 817 2563 135 325 4656 85 1364 433 4814 1427 1357 242 3266 500 1018 235 2491 3316 2590 3774 3570 2753 116 1744 4131 289 3481 4225 4402 4536 2072 618 4502 437 1514 1412 2818 3971 1744 3418 2156 2642 1118 2483 4470 868 1057 2184 2236 817 2750 508 983 418 4456 1694 1100 2276 1196 4399 4864 2020 3293 4441 2060 1579 4112 3118 558 2526 4477 3440 705 652 4997 3300 4042 2372 147 1853 4865 1024 1125 4756 2261 1663 4414 4729 4790 1769 2115 884 3810 1888 95 124 788 2146 3137 3506 2326 2393 2927 760 2409 1974 413 3178 4448 1935 973 1908 1976 1146 1127 3611 3193 3457 4733 695 371 4293 2364 828 432 448 4524 620 263 3346 4275 1205 2872 673 4118 3892 3563 1387 2414 4227 2287 233 3455 3467 175 1287 2504 780 3169 4222 2053 3216 4546 887 4381 242 809 3348 3704 2796 3637 2314 4504 1307 1851 2732 4243 3257 4485 2710 3981 2989 1158 4962 4373 4702 3220 2889 3312 34 879 3994 346 516 1759 1721 175 3751 2889 4259 788 4872 1726 2635 1431
2317 3444 2734 4899 4393 1015 2741 3149 4125 1599 3179 1909 4256 2726 976 4054 2813 293 2384 1999 941 3838 197 1450 2627 774 3025 277 897 2593 431 1264 1538 2224 1176 4112 4957 3042 1514 128 2585 2199 4990 775 2828 2656 2628 4245 3681 4720 4622 1910 351 2819 2224 3118 62 1398 4108 3543 3751 4995 3799 3079 834 193 4636 1430 4399 3634 3628 1409 3033 1921 68 1058 708 3776 3634 3281 4797 4585 2543 3262 1804 4730 3940 4195 1672 3859 714 4660 3745 1265 4195 4898 4957 2967 4774 1723 3580 3227 609 2146 4327 1407 3485 3956 4214 4147 1172 2447 2901 3286 3175 369 4088 4635 1394 3072 4077 1623 2814 1541 3290 2815 4310 4951 2901 387 4881 2379 96 2815 2585 2548 753 3015 49 4620 250 627 1857 2428 1360 306 179 1020 3164 2483 1088 1770 2160 776 4124 161 689 3447 3202 3554 366 1686 4614 1690 4241 4606 2646 1126 2673 36 696 1595 3148 48 3584 125 4867 127 2749 2687 408 269 2980 262 4529 3568 4291 4340 4111 388 2042 4994 3767 1863 762 232 1104 1092 4447 4296
