N: 200
M: 60
Symmetric: true
Triangle: false
5 156 47 174 53 148
2 10 14
2 11 138
1 107
5 41 31 84 157 142
2 83 64
2 68 23
2 82 81
4 30 22 106 180
4 121 150 190 109
4 75 166 26 104
5 141 42 79 192 131
3 153 173 51
7 191 140 123 20 80 133 59
2 179 159
3 96 56 76
3 94 24 154
5 17 188 71 16 108
3 134 66 122
2 50 132
4 135 101 144 158
4 116 60 57 1
1 15
4 28 200 126 181
2 67 194
3 32 46 186
3 178 171 9
2 61 155
2 6 18
7 125 65 177 13 198 49 110
5 118 105 172 27 87
3 4 149 5
4 167 183 8 187
3 78 124 25
3 196 88 58
3 170 129 44
5 12 162 164 73 152
3 169 195 185
2 184 62
4 91 143 29 7
1 48
3 175 199 98
2 2 21
2 97 54
5 163 115 72 40 34
2 127 69
4 74 52 182 139
4 119 113 36 117
2 99 33
5 128 55 120 160 146
3 3 103 102
5 112 35 95 90 39
4 151 37 63 176
3 43 100 165
3 111 197 38
4 85 193 77 114
1 92
4 161 145 130 93
7 86 189 147 137 89 70 19
3 45 168 136
2566 4336 1511 3820 4319 2882 1687 4399 2624 321 3932 4418 753 303 3840 1376 4110 4228 1082 3412 2561 711 3205 2353 1607 4774 211 4761 485 3366 2324 1138 4217 1394 2721 4023 1075 3030 351 2916 4869 4732 864 161 1732 1267 2230 1793 2330 4910 4991 4601 621 4378 3152 1147 1886 2720 1788 4762 2773 673 4830 392 877 2737 1172 427 3351 200 4819 2203 1912 881 1204 1820 261 1225 3485 2695 3982 1218 2719 3262 1423 453 2065 2220 2888 4288 436 1758 3905 1078 774 3682 560 2714 4904 2466 2636 2148 4970 1778 427 1251 1132 3008 2891 1442 4395 110 1949 4809 3894 885 3260 2778 2093 100 1745 641 39 2745 1177 1456 1521 4563 2639 2625 4664 2838 687 4897 338 1581 1134 2906 955 4593 2175 3217 3291 2102 2708 4292 656 2012 2839 1182 3495 384 71 2565 77 2453 724 2369 2903 2090 2030 4272 522 2113 1306 4099 760 226 3288 2141 1158 2039 1653 3162 2267 69 3523 3337 1195 1349 3645 4200 4877 645 4543 735 1409 2379 4811 2357 4747 3913 3253 777 4598 4139 4518 1071 19 2213
4336 2585 2778 4914 1124 1129 3333 2869 4129 1794 4788 2392 4152 1258 4668 4184 3360 2362 2169 2676 1408 3306 1198 1101 1372 3496 4384 424 3111 1086 2137 48 4579 4533 4752 3543 1053 342 1485 4542 3375 2834 3872 2844 4162 1312 1133 4689 2023 3376 1767 4923 1570 2877 3591 2791 3699 2610 1129 1865 199 794 123 4937 1575 3825 110 4998 3587 649 1194 1757 1178 3888 2262 3092 3267 4861 2066 4880 2831 4055 2944 4522 3107 3957 458 4638 716 291 4893 2815 2592 1585 810 4503 1246 642 2558 340 4562 1074 166 3653 1641 2223 2734 573 565 1151 318 606 2004 2128 3335 3561 3663 2203 2855 1936 3834 313 4334 2200 1834 1785 1616 2595 4573 4936 2032 2806 4843 3482 1655 156 3758 704 4040 3494 640 2933 4904 2795 1950 153 2547 1644 3731 4040 1019 100 3163 4397 323 4402 4003 1339 3375 701 4982 2618 370 565 4712 1924 2130 3455 665 1392 2340 2791 1004 4665 3316 3926 3008 1094 4511 3021 1423 1182 3226 3014 2052 903 4709 2922 3998 4084 1408 3535 4448 648 2994 2631 1270 3187 3158 1212
1511 2778 2401 4219 3573 3795 3208 4578 3427 1075 2340 4220 3955 4555 2909 3707 3989 342 2904 4863 518 3491 971 2948 2678 4465 2140 4783 3324 1167 1149 1409 634 926 2089 3284 645 4836 783 2333 4728 913 1158 1857 245 4205 2779 890 3655 2226 2608 1670 893 4221 1414 3401 591 4011 3906 367 3853 3163 1428 1562 4487 4922 891 1238 3531 498 378 2061 2684 2273 1146 4255 1215 3285 4903 2960 1236 2900 3879 352 2012 825 1080 705 260 1645 4448 3184 1384 4101 2028 3283 1541 3856 4695 1589 662 2511 3578 916 1536 4987 2724 4435 2244 1033 3721 4474 1669 1111 1273 4175 1535 3621 4452 4246 3106 1304 718 3450 4767 1242 410 536 852 1780 3439 2961 727 1068 624 2730 4795 2547 4919 743 191 432 332 1364 2588 3854 4284 4296 815 2617 475 237 272 2541 4000 2375 4710 2561 544 4649 1491 2329 1455 3093 4339 3945 3929 3138 1353 2757 1747 3196 2534 1354 1388 4869 4115 810 1506 3466 121 2673 973 2456 4761 465 3041 1702 1029 2037 4726 4530 4190 2517 3030 793 1137 4123 475 4523
3820 4914 4219 4521 3432 4167 2204 3866 3435 2355 122 3250 81 268 141 4439 3343 4544 163 2408 4044 4435 4218 2921 1627 3934 4102 2738 2503 3388 2604 1857 4592 3759 2169 2050 4334 3843 4603 4028 1434 567 3712 1472 34 1312 1422 1721 3595 940 2954 3155 3862 4221 3628 1227 3502 2161 4267 1765 1959 1916 2511 1943 1050 1129 2019 4916 4653 345 3010 452 1118 2423 1021 1792 3391 1707 2704 2680 300 1222 1207 2470 834 2993 1192 963 2981 1056 2529 1894 2492 2031 3430 3495 967 1472 4396 4323 2594 1143 940 4885 2392 419 4764 2345 3318 2760 4851 2655 2972 958 2847 1940 1826 817 3792 4396 2641 2041 3771 1016 4388 4392 2443 1222 633 327 4461 501 894 2639 802 4232 4857 3649 2755 2685 3511 751 2524 4645 1627 862 1703 2936 4153 3744 3244 1791 3401 463 2451 3408 4290 4849 2796 2823 2737 4400 669 463 4986 2973 4783 2353 1337 566 1385 927 2526 2899 4638 3472 3888 664 2847 2473 3531 4035 350 4250 414 776 1545 3178 196 3871 2405 723 2402 4371 2839 2328 3065 3856 4106 1748
4319 1124 3573 3432 85 4603 4354 1423 3736 4233 2500 4606 2790 4222 709 4770 2335 2200 2533 3555 367 3531 2181 35 4526 311 565 2014 208 1457 3420 2051 3075 4218 2351 407 1797 1207 2662 1971 433 2398 2176 2742 2402 1794 2364 4813 2273 3008 678 1284 3291 3931 187 4641 3550 3082 3598 3799 4681 4009 4700 2873 146 3913 4893 227 4226 3456 2528 164 2672 102 4586 1945 1365 2839 4202 2219 2552 3713 1102 2531 3368 1362 2908 2971 2455 4393 3247 2673 2940 2491 2316 3667 4958 4895 1790 2815 1300 4992 3533 3214 2859 4804 1251 711 1060 3551 1834 4480 2489 4592 875 1135 2995 3421 4345 636 4383 1946 3473 4972 4157 4384 1451 161 108 1926 2545 4559 2069 1260 3605 1698 2235 3700 3513 516 1342 1669 4455 727 270 3077 2836 4238 4214 3484 1982 3791 861 3909 177 2750 155 2008 3559 4178 3400 2716 1747 105 495 4984 2123 4052 2933 3186 3744 2094 2623 2544 3785 2324 335 1603 2296 2222 3781 866 3000 3770 3869 517 1776 1819 1228 3870 4604 2105 1942 1496 851 3600 4589 475 2201 129
2882 1129 3795 4167 4603 3450 4180 2191 4261 1738 949 3067 2665 3896 3404 547 3812 3450 2857 2213 2646 1526 1752 4799 1958 502 1088 4311 4688 3617 679 645 704 4218 1006 4255 2720 3544 3111 867 3015 1955 721 439 361 3157 447 529 4901 4688 2019 3223 272 2385 41 2251 988 4536 1802 3238 1670 3374 4267 3563 4267 106 2521 3846 1558 922 3411 4573 2411 853 85 4330 365 2443 3771 2831 285 175 2144 2923 2420 4020 3717 1471 2345 4293 3489 2559 1884 793 4735 968 868 1066 3458 1499 3644 1121 1608 88 1070 485 2672 1734 39 3864 458 3508 4424 1961 3603 3621 780 1506 3682 3909 4830 1756 3999 4791 1262 2960 3259 3190 1987 688 848 313 282 1355 2842 3172 2041 939 3123 802 2890 3042 3713 3943 4117 2242 3034 863 140 519 541 4165 3344 1228 3580 3152 1278 4665 2823 2130 4736 3761 4121 4890 4940 3409 4631 4969 82 3529 2493 2341 821 2383 875 3861 224 1289 3934 252 461 483 3483 382 3575 1731 1382 4973 1941 4646 3281 3570 1643 2956 4877 3332 2128 2605 1334 904
1687 3333 3208 2204 4354 4180 1389 440 3030 1206 3307 3221 4007 1444 2956 1659 3633 3711 1043 2685 3042 1006 107 3167 3408 666 4155 4932 467 2380 3458 3556 824 136 1898 4908 4818 3509 1525 3015 1306 4893 1387 3672 1866 4712 939 3457 2024 1038 361 4784 1431 1069 1643 1838 1392 1978 216 276 4585 4181 1342 4748 3748 154 1624 2053 2182 4014 3894 464 3998 4276 1617 2389 2072 4581 523 3188 313 1439 2366 1743 3359 4152 3405 670 2515 3864 3479 3514 2037 3857 4133 104 3040 3387 3682 828 2797 1666 3261 2011 1186 2635 682 3704 210 4719 1599 2226 1427 3718 2285 1934 1724 2423 970 636 881 82 2489 581 2411 2976 33 3192 3049 1887 4545 3557 3723 745 4075 4492 4485 3054 3144 3055 155 3104 2224 2416 3752 2290 4779 1968 151 3068 3694 1032 4186 4114 1347 1910 3778 2584 615 4326 977 4447 108 3672 4199 3956 3972 2729 1402 474 2056 342 4034 1526 1870 1729 2688 1239 1876 161 3215 4311 20 1043 3407 3645 286 1782 4460 3741 4660 3437 2003 1184 1412 789 3711 4438 4824 1452
4399 2869 4578 3866 1423 2191 440 1084 4543 280 4119 3551 2979 395 2240 125 3014 4079 3313 100 2704 3597 1978 1074 3109 3498 977 1633 3920 2217 4628 1093 2834 137 4781 3694 1462 947 2856 1605 3161 1737 1457 51 4723 644 567 4089 1610 4261 1866 3082 3305 4431 2063 1221 3538 3722 1215 674 2920 4039 3359 2103 4260 223 343 4374 2243 3633 3226 4149 1223 2332 4276 2072 115 1629 1108 778 4828 2161 3250 3542 1778 1174 3076 2596 4319 3272 2920 1300 789 267 325 4549 1017 749 966 3522 1839 4608 3772 4364 3841 73 4998 4939 4280 3495 3896 2534 426 620 4985 2856 2587 4282 4026 395 3529 1004 1598 1935 4684 3466 4979 4366 1224 2937 1075 3628 4482 2606 404 399 3901 4310 805 2074 3251 899 1829 1604 2573 4492 768 502 4287 3629 3752 2256 3163 1091 1790 2911 3942 2520 4767 3270 2185 2901 1420 160 4101 2805 3806 2913 1290 3328 3705 2467 3746 2894 3783 3692 2072 1872 1009 1291 1146 2059 332 4263 4618 3123 270 3749 1802 1401 4322 4404 3226 2869 2404 3335 3738 3838 2934 2620
2624 4129 3427 3435 3736 4261 3030 4543 1763 4035 4208 183 1600 4748 702 4162 2291 678 625 1436 923 3051 4912 830 2461 2132 3999 1038 4789 4350 2609 1355 3539 2670 603 640 3138 1140 748 434 746 2384 4909 4141 1375 3319 486 316 4167 4786 2335 1591 1133 3706 4700 269 3494 2408 1676 1868 3872 2799 1540 1777 176 1523 2407 1363 2351 2394 1171 4227 1345 4416 4863 2495 3186 1911 3558 629 1332 2021 2889 1552 3511 4220 4154 570 2504 4790 4102 4151 1637 880 4764 3745 3265 1755 3431 65 522 1098 3315 1010 2233 277 623 2371 4715 4646 4972 2875 3600 4712 666 4399 977 2489 586 2032 3318 789 2381 1130 3152 3279 2564 4652 2495 357 2014 2251 4603 4794 2627 1994 1908 3900 1803 4683 1524 621 3122 1952 841 3750 2018 4161 1068 345 4210 2225 778 3707 1724 3111 3618 731 3933 4909 2713 4870 3585 3248 4878 1666 4187 4355 1804 234 3182 2164 319 2499 166 1722 3153 1760 4952 2146 4171 3656 1804 2659 651 3726 1675 2794 3927 3392 3701 3303 3207 1237 3145 1542 2744 944 4245 3735
321 1794 1075 2355 4233 1738 1206 280 4035 3564 698 2835 4175 4507 4412 618 1487 3932 4884 3174 479 3499 3677 1341 4495 4976 1262 1188 2676 3615 1695 377 2376 4234 320 1753 2151 1457 1171 3380 1864 3491 1265 2453 1294 743 679 2032 1015 1943 2360 4533 906 332 664 2655 2481 3201 4358 3287 4370 2821 3772 1763 4182 4331 1397 4107 2719 4331 2414 2824 2122 4376 1853 4239 3816 3741 1407 2738 1593 1877 2223 2689 3778 4515 1086 744 3001 3941 4926 3652 2103 3843 551 2008 2011 3993 4913 4910 3971 4160 3551 3572 673 1713 3828 2291 3292 986 3018 1241 2597 4792 374 2242 4272 3358 3186 3788 2395 2857 3791 1541 3687 2316 2852 2025 710 4338 2542 949 4485 2702 2399 3736 4828 2512 1350 972 155 2999 2723 3237 1774 3352 2381 481 3309 4571 1266 1798 2102 4862 2894 526 4522 979 2540 3431 1925 2067 267 3598 3207 1510 4823 3204 2337 2967 1288 1747 2858 989 1087 3826 2984 4183 4396 278 4529 2090 4044 2227 4060 2071 1646 1026 1789 1130 1142 887 446 2379 275 2868 755 303 1878 1687
3932 4788 2340 122 2500 949 3307 4119 4208 698 4499 3409 63 2708 4993 1453 3565 1661 1489 4150 743 1870 590 302 744 3040 102 1850 2522 4445 1321 116 3946 3045 2321 2027 2372 3050 903 45 4965 4781 4268 4663 4376 669 1528 3257 3713 3140 3994 4966 4851 1785 1195 3144 1504 3675 302 2410 1017 464 4488 4993 545 2120 2928 4813 1795 1492 628 1845 356 4401 4319 2392 328 3137 3462 707 4892 738 678 2858 869 836 2707 4808 4473 2076 4149 4110 1373 4670 314 3374 4194 4005 2975 1660 3237 3479 1461 1620 2530 2953 1500 32 4800 635 4366 3586 3275 4234 1552 2139 1460 1462 2643 3858 2704 1914 311 4612 4254 3160 2403 1861 2611 4092 2851 2146 3334 1864 4648 4226 2058 3558 1218 323 2612 1393 4388 1632 3914 3221 1021 3325 727 564 2989 567 1495 51 2102 372 156 150 1598 4796 2256 1199 3981 4464 3725 4336 2285 3193 1834 2409 4989 3372 2047 2149 4731 1220 4000 3752 1200 216 2503 4938 4589 1116 3103 134 3837 4074 2654 1279 4938 4022 606 3857 3900 3431 3186 1284 3295 362
4418 2392 4220 3250 4606 3067 3221 3551 183 2835 3409 4490 1218 1985 4197 3533 4712 2687 4836 830 3330 4109 44 2048 528 1818 4677 4991 28 4276 2984 2688 3911 3242 3358 2463 3895 4425 1689 2800 2465 4184 668 507 1089 1721 4618 3637 156 4479 3176 1476 3981 694 3084 3546 2265 4676 4495 3202 1867 53 4956 1753 3970 1275 3226 654 3781 1060 1867 3991 736 1210 4756 807 125 3624 2223 1408 356 3062 4470 1838 1166 1613 302 278 4086 1723 4771 516 2303 4389 583 3683 1527 3035 3835 549 809 3432 1367 1419 4431 1127 2095 2429 4835 2678 3760 2038 3423 1247 3051 2928 2255 408 4270 544 34 4229 4990 4038 2750 3906 3888 4985 1094 2492 4622 13 2245 2182 2048 448 4293 2749 4935 1728 4644 3260 331 2233 1307 2439 642 2769 4465 1624 4501 4457 1620 4215 3524 3613 1037 1959 4181 1604 1943 1689 4033 3402 4906 2083 2644 4892 2464 3961 3078 3308 3745 2017 3655 110 2500 1488 790 991 4214 4194 3671 3268 4571 3440 2261 489 3641 2682 4690 466 548 1232 3767 1723 1213 2990 2784 1336
753 4152 3955 81 2790 2665 4007 2979 1600 4175 63 1218 1060 2518 4227 2345 3067 1457 4398 1211 869 1290 4423 2949 3167 2449 3590 2105 3887 2393 738 1605 2360 2206 4789 4508 3828 4510 4087 3223 1087 3689 4915 360 3184 4170 4037 3248 2798 1225 1637 4463 4155 3573 1700 2303 1789 148 3950 37 2787 4988 515 1590 3741 2299 2019 4253 1196 3187 1421 37 4740 131 4620 2654 1247 523 1591 2176 490 4837 2566 3798 3245 3481 3003 2654 1471 2414 642 1549 1001 3814 3136 3318 4890 3989 4462 3182 2793 1297 4159 182 3773 2010 3373 3507 4486 2376 2816 4966 1261 4402 3611 4791 3007 4884 876 4371 528 3091 4009 2639 906 266 1902 718 4034 3492 2575 2379 4648 4182 3906 2878 219 53 1844 2888 4739 1313 31 2568 2010 2354 505 981 1422 3610 855 1237 1463 4533 4587 2201 1843 2024 4171 4138 3597 2851 3783 4093 3903 3639 3325 1435 2409 576 4580 4552 2287 2365 4892 4924 992 4056 4116 402 2054 4312 1124 795 3395 2674 2665 848 4722 4288 457 3200 3225 169 1500 2771 4708 1991 3320 1062
303 1258 4555 268 4222 3896 1444 395 4748 4507 2708 1985 2518 389 123 3306 3988 4329 971 3588 1517 3491 4726 2421 971 4443 943 1491 1416 3101 3945 1709 1483 2917 4680 4647 2857 4624 241 2400 4786 4454 4449 1627 3369 502 3104 3073 4788 550 122 1901 1673 4017 4692 3815 982 1851 4849 1312 416 3985 1695 1348 1309 3752 2722 4605 2267 3942 3421 575 2574 2029 2215 794 3957 4357 1984 2601 2130 3917 414 2493 3758 1090 3949 3006 684 3565 2499 3981 78 4564 2190 1231 543 2199 1364 94 2763 4707 1604 355 1652 1631 2899 2406 1808 1424 1341 1017 1176 3329 2438 1272 1574 2217 4857 2875 4014 2500 4925 1788 4011 607 3376 3640 3805 64 1940 1067 1399 1208 4350 4653 4782 1684 4256 3418 4666 3903 1523 3630 2819 4724 1779 2904 1269 526 4938 3282 4471 2415 2825 3558 873 3497 2902 1889 2894 3539 1072 4360 2829 3130 4340 229 3887 470 1169 4832 2277 2830 3474 3058 1897 3516 4568 1823 3524 761 4259 2981 645 1956 2246 112 4816 3700 89 4261 3728 2251 1168 3789 2483 2011 1246 2499
3840 4668 2909 141 709 3404 2956 2240 702 4412 4993 4197 4227 123 2663 3534 3294 4162 2577 230 529 4872 3589 2113 1459 2746 2221 3067 1183 2350 1856 589 3771 511 2521 2693 2852 567 453 1272 2688 2260 4808 4807 4068 4555 4646 1061 354 4545 69 3836 2002 4837 2655 4182 352 3714 3449 623 97 1242 1097 3729 2701 697 2541 381 1668 1047 283 1749 4490 796 2514 2525 1483 3069 1244 1008 1637 3468 759 3213 2246 2692 939 2098 4574 799 3196 1912 2519 4953 406 1302 4299 1978 4298 3238 4581 1876 531 1984 1741 205 3275 2629 2183 206 3886 3407 2166 2664 824 263 2906 1390 1333 280 2886 2466 3986 689 3372 3359 3498 4981 2453 4667 4408 4979 3349 3265 2129 1047 791 712 401 55 1921 1429 3729 3781 815 3590 2280 1137 1661 70 1262 3826 3654 3618 2708 4789 2695 2218 4810 1770 3091 1733 4459 2307 3991 3494 2144 3723 3118 3681 659 4880 3071 4961 2127 3042 4107 893 4337 4471 91 3898 4948 2385 929 2376 987 114 1221 1838 942 3978 1305 3375 4005 498 510 1233 3131 3368
1376 4184 3707 4439 4770 547 1659 125 4162 618 1453 3533 2345 3306 3534 344 1742 3477 2914 1327 4407 2053 2121 2851 353 997 3554 1413 643 2919 1960 1878 519 781 666 3565 2749 2116 191 1922 3267 2713 3406 2567 418 1335 4888 3485 1211 2344 2835 2503 3497 3631 479 4704 1836 2486 60 944 242 1319 3009 4915 438 976 1832 4225 2905 2198 3443 4549 2448 704 846 2008 4720 2716 2674 3357 4703 1696 1411 3613 3213 1805 1046 926 3636 735 25 179 3436 3307 4376 374 1653 3086 2812 3489 34 1546 1239 4637 153 1557 2000 1613 2257 1609 3338 1273 4210 51 813 4097 3062 1348 4602 786 3043 2005 798 2534 3844 1967 2147 2530 761 1676 737 3921 1051 4812 4941 1360 721 3821 2363 1776 2597 2889 1157 1550 4581 3105 4271 4263 1193 4923 1528 4453 2679 376 1703 980 4006 388 4707 3875 1826 4266 1749 1299 4810 308 1724 662 4642 419 3730 381 2477 866 4733 2647 934 3112 446 2265 4599 2583 4080 2321 3546 1860 852 2202 2193 4951 4958 802 1231 1712 947 2492 1212 2761 613 2045
4110 3360 3989 3343 2335 3812 3633 3014 2291 1487 3565 4712 3067 3988 3294 1742 3100 4298 222 2037 424 4491 2344 518 3292 2489 867 1152 4432 3032 285 4793 1959 4235 3372 3730 4101 1495 253 1225 4099 1317 1788 1527 2289 4242 31 669 4741 4891 790 2138 4163 2279 654 3960 2790 3750 4464 3244 428 1405 3406 4942 2670 1847 2876 3579 4117 4309 4169 4771 3198 4253 191 3324 4507 493 709 1293 2101 3565 234 2843 761 3534 3576 3369 4895 2630 813 653 4632 2750 697 2116 2817 931 2306 2180 4539 51 445 2913 1040 464 3468 2552 604 4642 1354 2396 3345 1553 3761 4641 978 805 2666 2465 2336 4348 1746 3911 4562 1691 1461 1538 4445 1174 4731 2615 4961 3983 1864 1836 2476 4039 933 1898 2578 3423 1731 3538 1886 4214 1450 1115 402 4822 378 4942 3334 69 1643 4418 1372 1194 2859 3528 2170 4995 612 508 4693 4821 3554 3338 613 407 1225 897 1806 4282 2159 1966 314 276 709 4635 777 1852 4489 30 2646 1391 2840 3959 4499 1150 3268 2229 3737 1640 864 781 4777 3963 3544 3237
4228 2362 342 4544 2200 3450 3711 4079 678 3932 1661 2687 1457 4329 4162 3477 4298 3700 4475 2999 3561 4418 3856 2871 4436 4658 2310 3708 4126 3459 3266 3722 2359 2696 762 2476 2309 4575 4468 3662 3236 2051 829 2614 2752 4161 3108 2244 2312 2568 1967 2878 848 4622 521 300 4917 2198 3659 54 1421 2490 1006 708 2003 4136 3152 1662 3448 3856 2449 271 3302 3183 1033 4727 3482 2704 1560 4336 4026 3832 1431 1339 2120 2889 3641 3147 3172 4393 2447 348 2310 2050 4553 306 1536 4603 3510 3670 3444 1912 1876 3501 3084 4765 3728 4187 2406 774 4422 4430 1170 1707 87 3815 4423 3050 3869 2081 2025 3155 3063 321 2832 4076 3275 2546 4667 2144 2828 1878 1481 259 4016 1128 4923 2222 885 1902 2582 831 3016 1739 4817 1886 3018 4868 2511 3690 1383 3253 2755 2910 3844 3115 1892 3326 2235 2052 1538 4958 684 3290 3945 4971 3091 3312 3524 1131 176 805 4946 2525 1866 2138 1083 4337 1064 237 2386 759 4373 2591 1962 1719 3875 4475 2302 4911 4464 4808 4410 1202 3807 1653 1465 2357 2476 4034
1082 2169 2904 163 2533 2857 1043 3313 625 4884 1489 4836 4398 971 2577 2914 222 4475 3540 1127 2910 117 805 1538 2315 2588 2840 3397 572 4713 1416 2715 2949 4771 2186 3918 489 4319 2597 3111 3340 1527 4752 4362 4954 947 4360 2730 753 2288 2066 1587 1215 331 1541 1081 4040 2383 3246 3900 2090 1532 2869 957 4696 3413 4102 2812 2179 3351 2314 2990 1598 2170 954 237 1069 36 4475 4397 1189 2712 100 4807 439 1045 4327 604 1385 4829 1429 176 1398 4046 1514 1310 2790 727 3112 4546 771 695 691 4401 4279 4823 322 4961 3118 3257 572 640 4765 3719 2437 1942 2697 1636 3338 1492 4883 3058 4490 752 3766 4175 4952 1319 4368 2086 3897 1755 2911 2044 1083 951 1348 3886 3302 2377 4593 3123 1063 4186 582 3276 1374 3526 1673 3650 1737 2775 3830 177 3526 2835 1028 2977 1093 4795 3484 1924 4404 4100 243 1658 4883 4486 1536 4328 919 1817 4076 1324 1806 4041 4696 4392 1819 2297 2970 4696 1179 3544 825 2647 3794 4147 3426 950 3295 3533 3437 4422 2682 1961 3389 3676 4275 2849
3412 2676 4863 2408 3555 2213 2685 100 1436 3174 4150 830 1211 3588 230 1327 2037 2999 1127 3455 1926 2881 3710 3870 4674 4880 105 1496 2575 767 358 1477 3346 4344 4390 2038 3521 3073 4915 4422 2468 2762 527 1616 2503 4753 4626 2958 57 1288 3261 942 2830 4625 4463 1741 3158 4691 3780 2261 722 3680 1067 2353 4907 2138 2083 2941 3440 4451 614 2994 148 620 1751 2711 4774 565 437 2635 889 1329 4645 1007 2380 1393 98 78 1672 1871 377 3864 2563 4842 4927 49 1919 1801 2460 1161 1917 573 2503 4555 2947 2644 4538 575 599 29 719 2843 1987 3844 2652 2102 1961 1175 1873 3623 412 1577 3180 669 3242 4702 2181 3517 3889 3763 1909 2545 525 812 1808 1290 2321 269 3889 4623 3680 762 2611 1767 4246 909 4610 111 4841 2078 1826 4112 1424 424 2242 3029 363 1043 1439 1024 4636 4817 24 4914 4547 1543 3477 2997 540 2855 1666 4050 3578 4736 316 1900 2137 2334 4013 2821 3028 3470 3262 1436 2039 3023 2016 3978 426 4618 771 1135 781 746 4795 3877 4078 865 1252 1470
2561 1408 518 4044 367 2646 3042 2704 923 479 743 3330 869 1517 529 4407 424 3561 2910 1926 3661 4145 731 3475 2424 1731 1783 3670 89 3725 4790 3553 2140 1828 2522 2216 2228 4583 1789 1615 1822 792 4699 903 4500 2780 3845 4435 4926 4456 2289 1846 1680 144 1055 4858 295 1455 1228 2376 4023 4909 393 3883 3473 3474 2223 4155 1281 3482 3470 35 2547 4829 4275 1585 1265 42 4785 2892 2672 3369 3720 29 4507 1466 1401 1169 1176 4179 1292 815 4091 3853 2388 1187 1447 2759 159 2022 3588 4788 2253 4124 772 1650 1710 774 2287 3016 2927 2334 464 2138 3003 3659 45 284 2417 2731 2084 2329 2980 411 4515 2295 2277 4514 2284 556 2617 1172 1436 4520 3148 2841 1450 797 2798 11 1184 2916 444 1128 2300 2089 4399 2662 439 3332 2327 3521 470 2245 1021 2248 1263 1783 1194 1035 788 1929 4393 728 772 2729 565 2125 2705 3073 2029 554 4476 669 1371 4812 3889 4591 2207 3040 4014 365 2325 494 1481 615 2268 3933 485 2385 728 1635 1618 1691 918 899 2485 4723 4693 263
711 3306 3491 4435 3531 1526 1006 3597 3051 3499 1870 4109 1290 3491 4872 2053 4491 4418 117 2881 4145 1063 2602 4875 1536 3064 3528 2489 2077 1128 2590 1598 3927 4500 1002 3273 690 1004 4932 1730 1254 3538 2228 3672 2815 3505 4681 1495 3386 4161 3888 79 2803 4333 2794 2407 1852 481 2122 2873 3774 1719 4195 3122 1369 247 732 4500 4597 223 833 1239 2612 1373 4538 975 4101 1024 2028 559 966 4882 2649 565 4310 4971 1120 1393 3110 4442 2624 3182 4516 719 619 1057 2718 2475 3862 457 1427 3192 430 2209 921 3346 177 1909 4148 2717 2760 1009 3775 369 1952 2613 827 1374 961 245 3773 3035 271 59 1746 240 1878 3592 3945 1934 2444 1638 2285 1255 4767 4313 2937 3813 1789 4658 4514 4641 2858 11 3647 4105 2734 2280 4421 3397 50 289 842 3013 1001 2553 3356 4956 4344 2450 3227 3016 4632 3366 1859 1303 4056 711 13 3058 4267 2355 1198 3178 4626 785 2766 2849 4338 3262 3807 2852 4808 4928 4997 3186 3430 3192 3368 2067 4188 4138 3089 4622 1531 3701 4015 1448 3610 1269
3205 1198 971 4218 2181 1752 107 1978 4912 3677 590 44 4423 4726 3589 2121 2344 3856 805 3710 731 2602 226 96 2510 3083 2666 1105 2481 305 1300 1189 1249 524 2595 2051 1024 713 4094 3361 3317 2250 934 4042 4646 4709 2675 3777 2776 1855 1628 2977 1125 965 1867 205 2268 752 3170 2561 619 3629 602 157 1389 4670 4604 3604 4271 3109 639 1635 3078 3076 289 3264 3371 4012 4406 3796 559 1577 4874 2596 18 3070 1308 2853 1394 1344 1388 4446 1189 2275 2532 3123 3471 628 3826 3563 960 2403 2963 2250 3582 4479 3976 2055 3322 3499 4775 615 879 2171 3537 4372 111 1358 1813 1646 2076 2008 4623 2583 4664 2621 3677 4270 769 1104 2532 2822 2104 3797 2473 2619 1545 2810 4780 4919 4040 4390 4360 1418 3901 4062 3825 1647 2392 3160 3213 3575 194 101 2506 594 1986 2880 2315 2556 3775 4908 3786 3327 4801 819 1453 3222 4792 2639 4525 3325 1675 1765 4903 4041 495 90 4483 625 2873 2268 2603 1563 4458 1738 3712 2674 4946 1647 883 4082 4862 3182 4485 4763 3141 4645 3993 2073
2353 1101 2948 2921 35 4799 3167 1074 830 1341 302 2048 2949 2421 2113 2851 518 2871 1538 3870 3475 4875 96 889 2896 1268 313 2513 3286 2913 1445 1357 146 661 4104 1548 1318 449 2903 732 1165 2073 3937 2818 1089 3201 447 1066 1657 3037 2610 1372 1647 2616 2182 2835 2899 2377 658 752 4233 3907 43 2650 4534 2681 297 3484 3292 1417 3101 2090 902 528 3700 1079 4601 2103 1300 4795 3658 179 489 96 724 542 419 3428 3909 2511 2794 1423 3859 107 3532 3884 4409 86 4203 1210 3688 395 4601 4418 2105 3592 2067 1028 2777 2232 2248 3204 4091 23 749 3049 2280 1103 1416 3717 4351 1656 1328 88 839 2301 4935 1639 1584 2664 190 3608 361 2250 343 304 2081 2941 3712 4619 4538 526 4050 2690 1533 1772 1964 1889 1941 3199 1426 4018 2444 3937 3616 2357 521 3927 1354 707 1917 3806 4597 4235 3964 3902 4574 96 2595 578 638 992 2293 661 1717 194 3178 2499 3736 1582 1796 336 538 3239 2782 4215 45 23 4291 3233 3967 2316 1340 1780 216 2020 956 3505 3437 1406
1607 1372 2678 1627 4526 1958 3408 3109 2461 4495 744 528 3167 971 1459 353 3292 4436 2315 4674 2424 1536 2510 2896 30 1668 1385 3378 675 2758 382 3056 3859 4503 4182 1633 3597 810 4252 4486 4371 30 3585 2274 863 2250 3428 2385 2176 533 421 3149 113 1592 1629 2470 4052 4865 1239 4788 1371 1149 3673 2530 3955 4097 2107 1423 1329 4404 2554 1973 2594 784 1810 4841 26 2205 4775 4614 4080 3440 3525 3471 734 603 1264 1875 1725 155 197 327 1288 650 2095 3783 1003 3782 4060 4889 3304 2514 481 3527 838 3623 861 4374 1066 545 4358 4675 1861 2051 4079 4412 1737 4838 823 3669 1066 437 1129 37 4088 4644 3717 452 1045 608 2825 3968 459 72 3656 4199 2594 1202 2652 1243 2319 1375 4260 3953 2854 3741 753 4975 423 274 144 4776 916 198 1437 4448 4545 3561 3693 1135 375 3690 4959 252 4396 4453 625 2442 2169 4134 538 3315 370 163 1301 4821 4518 275 2737 4508 3089 84 4378 2658 2755 766 673 607 615 4238 1502 4665 1637 4474 3029 3836 890 4931 3680 805
4774 3496 4465 3934 311 502 666 3498 2132 4976 3040 1818 2449 4443 2746 997 2489 4658 2588 4880 1731 3064 3083 1268 1668 1184 2022 1113 903 3682 4497 1405 399 754 211 1676 2247 4996 4898 3864 39 614 4702 3318 858 4351 399 498 718 4674 1002 1949 4875 2497 652 2938 1558 2311 3518 4044 366 1255 4481 1765 3923 4137 811 236 3446 413 2713 3547 4763 3399 2603 3130 3297 1863 4926 4473 3532 147 70 2111 1038 2390 2990 2544 3529 2195 4574 1840 1565 2420 748 1154 4370 4711 2522 2586 1625 2840 460 4555 1804 2177 1774 1065 3589 2012 957 2498 3881 4012 3673 567 2066 1411 3719 3483 697 4551 3307 2777 154 4602 798 3011 4286 2784 4845 254 3652 4981 4711 701 3244 4398 1672 2983 1834 2726 3717 964 1672 1765 3734 2095 817 3488 4143 3457 1978 3216 2462 2388 352 3416 4233 4821 3105 157 3937 2300 2687 4274 2215 2213 1884 3108 3077 2767 531 1305 4949 3519 776 2840 1975 365 2826 2778 2667 756 339 4310 4883 3396 2319 2926 1320 3657 1870 3923 3128 2868 4718 1903 4205 4010
211 4384 2140 4102 565 1088 4155 977 3999 1262 102 4677 3590 943 2221 3554 867 2310 2840 105 1783 3528 2666 313 1385 2022 455 1437 53 3375 997 3330 418 2616 4717 1872 3085 3503 723 1252 1950 3087 604 2384 4270 3503 1293 2904 4335 3398 2650 533 2529 2330 3153 1392 2326 2502 2922 3048 499 2064 4008 4553 4203 1774 4065 4215 3573 2207 870 1090 3163 3168 3167 2617 1049 2875 1085 1526 4347 3029 440 24 2545 1972 3610 1747 2047 4243 3271 4618 1532 2722 1385 4915 4650 518 2375 1288 4207 887 1072 1099 1913 4209 561 2062 1584 935 1265 4555 1582 3345 3126 3418 214 1317 1351 3806 4970 3565 1925 1111 3636 2373 2473 1981 1327 4630 420 1284 3317 3361 3913 877 1257 2520 3349 2948 1243 307 578 3298 3925 4098 3436 3346 327 4770 553 2457 3936 3325 785 1362 4249 4680 4154 432 3218 4319 306 4488 2581 4088 452 3718 1944 1353 4151 4048 2336 340 2662 1874 4555 4102 4365 3235 549 4444 3572 4181 3801 1395 766 320 4397 817 2962 714 1762 4892 3462 4509 4383 1547 4793 344
4761 424 4783 2738 2014 4311 4932 1633 1038 1188 1850 4991 2105 1491 3067 1413 1152 3708 3397 1496 3670 2489 1105 2513 3378 1113 1437 1841 2990 918 3979 4676 3116 4758 3629 3098 3069 1273 1503 2534 4364 3973 1284 182 3694 1049 1201 4801 160 119 888 1268 4529 83 3556 2042 4459 507 262 4902 1980 1114 2522 221 4785 3632 1416 1043 1558 2943 2895 1160 77 1369 2635 136 3150 1417 1246 1439 3476 2889 2359 4877 2999 2320 4899 1509 2366 3555 2626 1543 1681 4876 547 99 1144 3432 4677 1359 4514 1412 2970 2057 4760 2419 1261 1917 55 2869 4558 305 1844 3270 1973 4024 4717 1374 3554 640 4750 2533 3148 4669 1814 2902 3155 1676 881 4288 4007 4126 4370 3207 4472 3008 2822 261 133 3160 1223 3613 159 2004 2736 3204 4609 3639 1691 2021 3436 2476 620 4214 1124 1506 4772 2052 522 692 3698 3546 1640 2503 2413 672 267 137 796 2636 1689 3669 1019 3635 4964 4911 2678 4498 613 4132 2396 4606 2382 712 53 2235 1131 2281 2177 851 2874 3067 1345 3453 4257 1270 129 242 3505 2669
485 3111 3324 2503 208 4688 467 3920 4789 2676 2522 28 3887 1416 1183 643 4432 4126 572 2575 89 2077 2481 3286 675 903 53 2990 1945 3505 3251 4242 3358 2062 1314 1522 605 2006 32 4780 3242 2000 442 2792 27 748 838 1468 228 710 3259 3529 709 882 752 1749 3859 1198 1401 672 3714 2614 4077 3817 3461 1039 2952 197 3254 3658 4876 4171 384 2880 2502 1531 459 104 1967 4367 3043 85 696 849 2119 679 2939 2320 275 586 3831 3881 3307 2891 793 4761 4480 4709 4524 4506 1009 3339 3567 3480 2494 1176 638 3407 3488 1835 3283 1372 1704 4290 3521 2387 1931 2969 2834 1567 4319 398 2247 3284 4751 4683 2577 3850 4560 4205 2622 839 1797 2298 662 3542 280 2509 4997 1521 3335 2291 4750 981 923 238 3257 1788 2692 227 4972 40 4903 567 177 1662 3129 3273 489 3252 285 4516 3075 2886 284 1810 242 4235 2025 1468 4173 811 1529 2292 2892 3610 4029 3742 4371 3748 4503 4856 3323 832 2896 4140 3191 3321 719 1764 4721 1518 620 4312 4048 4441 1492 1182 4941 1560
3366 1086 1167 3388 1457 3617 2380 2217 4350 3615 4445 4276 2393 3101 2350 2919 3032 3459 4713 767 3725 1128 305 2913 2758 3682 3375 918 3505 855 1904 4737 3992 2934 2504 2345 2075 128 4098 4167 1027 1599 1171 3480 4818 1999 4561 2458 4672 3938 4017 39 1797 1183 4145 3394 589 3939 1817 1722 2771 3870 501 3926 2219 4536 4219 272 1068 4141 2092 4621 4504 2048 1461 1199 2188 2299 1988 1775 198 3383 1703 2215 387 566 3730 3000 1925 3783 1620 4125 3976 2831 4259 1448 4739 2201 4778 4988 1326 3880 3387 2316 3972 1993 2095 2691 3054 2303 2224 2808 2127 4719 561 1679 1291 224 3592 376 257 2195 4299 1215 4009 3466 387 4362 4652 4675 2572 3315 237 3095 1934 2235 3186 3093 4309 1078 1874 4323 3658 2779 2211 466 1442 1054 3009 4107 2245 2735 311 1393 4640 2816 560 2699 2817 127 3286 1780 4187 4488 3718 905 1933 1498 3072 4758 2255 4026 3289 4988 4001 1247 2509 2648 3791 2914 137 938 4761 4402 3558 1426 571 3972 2266 214 461 718 1536 2038 540 3570 750 1276 4540 2155
2324 2137 1149 2604 3420 679 3458 4628 2609 1695 1321 2984 738 3945 1856 1960 285 3266 1416 358 4790 2590 1300 1445 382 4497 997 3979 3251 1904 3886 1361 76 677 791 4447 2027 4905 1989 4874 4228 235 1378 3064 4266 1768 653 2806 704 4997 480 623 4225 1185 2709 4260 2413 2169 1227 1535 3324 112 4687 3935 3708 364 4241 3835 4875 443 4168 4076 717 3272 3904 1534 639 1187 1068 779 1130 2490 207 3591 3043 2984 2539 3276 3511 3746 338 3655 459 4220 1139 4234 4130 4463 4301 3230 283 2027 1608 4839 1903 3987 4686 3595 3927 1732 2041 1065 3733 75 4670 3495 416 3594 2864 519 1778 4890 2576 3914 2773 3381 3919 1913 464 2074 1365 3895 4775 2183 3439 3443 1428 2164 3755 734 4806 1224 833 977 4818 468 3872 3566 4394 1528 2859 757 4090 4756 1323 848 2561 2937 2996 2098 466 2017 4509 2240 4507 1728 3657 2530 647 3841 4763 586 4790 3334 1613 3467 897 4134 2301 2503 561 778 2990 2073 1361 4538 675 577 1675 775 689 3727 2155 3318 3966 2539 2132 1769 3011 899
1138 48 1409 1857 2051 645 3556 1093 1355 377 116 2688 1605 1709 589 1878 4793 3722 2715 1477 3553 1598 1189 1357 3056 1405 3330 4676 4242 4737 1361 2669 1762 705 4972 937 4291 56 135 4409 2583 1704 2298 18 3792 91 4827 3058 3919 579 3889 4228 3682 2272 1771 3185 2500 631 2409 4371 3991 3121 3103 2602 4110 2254 1390 3509 2170 4504 3998 4327 2996 1539 999 2697 2238 1775 2413 1093 4849 2470 871 4993 846 3613 2120 389 2351 644 4385 3552 4270 111 434 1785 546 1732 823 1899 1039 4498 2710 271 1302 1560 4555 4071 1540 3888 2632 568 3668 617 95 1027 299 3987 1966 2083 1976 4307 4630 2668 2014 4156 3682 3866 2151 2682 318 240 1330 4109 1917 439 301 4727 4067 306 3361 2358 2361 1181 429 1715 4578 1438 3285 1801 1908 2833 4660 439 4797 4900 4883 4353 4843 1291 2693 4205 515 4240 1366 3394 1050 719 2638 554 233 46 4136 3478 3954 3347 749 1394 2696 530 1346 2000 4401 555 3438 2442 2553 2122 2593 912 2813 1945 3727 4569 652 3118 4975 1686 441 3542
4217 4579 634 4592 3075 704 824 2834 3539 2376 3946 3911 2360 1483 3771 519 1959 2359 2949 3346 2140 3927 1249 146 3859 399 418 3116 3358 3992 76 1762 3838 423 4304 2492 1657 3177 2403 4918 570 3713 413 2272 715 146 2460 4679 1248 2219 1403 638 1845 2114 1296 3098 4989 2759 3221 3769 1021 1143 2260 3135 595 1269 2852 1927 1498 4329 2840 722 1251 2596 893 1400 1273 274 2172 4884 1146 4959 3267 1776 406 2360 1318 3192 524 2950 829 3872 4740 2049 4178 2890 2142 284 4146 3862 1670 4739 3893 3485 100 4659 1038 49 2941 2548 296 2138 2396 11 1531 800 2114 1821 1081 3444 4242 3755 4084 662 3118 2985 4812 1426 1034 708 4552 3206 4532 2142 1399 2717 2468 4441 396 3554 315 2715 1197 3699 2135 145 3074 4326 229 1166 756 898 4386 3114 3846 3521 934 4790 4649 534 91 4841 2175 710 2205 1771 3275 3088 4119 1950 969 783 3941 1210 4329 2623 4569 3038 2098 3418 1660 65 2612 4839 1765 214 3570 4218 2379 3500 1939 943 150 4639 1272 4164 236 2065 1495 3689
1394 4533 926 3759 4218 4218 136 137 2670 4234 3045 3242 2206 2917 511 781 4235 2696 4771 4344 1828 4500 524 661 4503 754 2616 4758 2062 2934 677 705 423 4821 3653 3782 4788 3807 2984 1175 1031 4000 4937 3195 1612 2030 1995 3347 4846 4373 270 2952 3477 654 1239 1825 2479 1131 3184 432 2967 4032 514 2890 1738 3947 3031 2443 3085 2352 2376 919 2295 2711 1669 3826 1898 3497 1296 505 3233 132 4036 1301 4101 4176 1069 4690 2584 3050 3006 1091 1756 4715 1441 958 1643 2603 3301 3076 907 2662 2114 2576 2986 3392 4977 2694 391 4226 2720 2967 1581 267 1840 3722 838 1198 1243 750 2254 4567 2448 1858 1206 4686 542 3302 1318 1830 316 520 2040 4031 731 350 3274 831 2707 1633 819 3729 3313 627 4808 3980 1631 3069 4129 1621 3674 4968 1288 1370 782 1893 3615 2785 1058 1350 3319 1354 3927 931 4978 3921 2079 1601 2939 4258 4611 4430 4675 120 3947 4210 3205 4470 4193 2083 3726 1316 3108 3218 4482 3678 295 4339 3838 1884 3206 4258 2707 2102 1655 3593 4273 3337 2188 4051
2721 4752 2089 2169 2351 1006 1898 4781 603 320 2321 3358 4789 4680 2521 666 3372 762 2186 4390 2522 1002 2595 4104 4182 211 4717 3629 1314 2504 791 4972 4304 3653 259 4476 2654 2599 4272 2391 2806 3601 4827 24 3446 1667 3687 2842 2529 3772 436 2286 4258 1368 358 1901 429 1118 1151 410 4936 3972 691 3611 1146 4506 2985 2232 3635 4696 3345 2008 2172 891 3410 756 1108 3470 4597 3363 3322 389 2320 467 4955 4141 1486 955 4241 3286 3106 4171 1561 362 682 4267 3016 2636 1005 896 997 1703 419 3361 884 4748 3645 4237 1098 4404 1468 94 1508 3134 4139 157 2980 652 3595 2111 2820 4710 4049 3131 2528 1880 3643 4375 1831 1676 4543 3405 4543 3739 3444 3685 2670 4937 42 4080 2170 902 4305 4772 4373 1129 2936 4825 4603 3701 4789 4793 3338 2717 84 4058 3565 4917 1726 2151 778 1737 4517 3961 3448 3509 328 2359 783 3648 4094 4048 2549 2658 347 2464 1809 2949 2417 128 2567 4613 422 1096 4095 4525 4576 3811 4614 28 4685 1277 3001 1413 2493 52 2971 3309 1682 1902
4023 3543 3284 2050 407 4255 4908 3694 640 1753 2027 2463 4508 4647 2693 3565 3730 2476 3918 2038 2216 3273 2051 1548 1633 1676 1872 3098 1522 2345 4447 937 2492 3782 4476 3631 4614 726 4144 2147 271 3327 4565 1979 1301 4984 2917 4859 1911 1856 4914 125 4624 1995 4300 860 3340 618 695 3010 343 78 2243 77 3533 2467 4613 1813 348 4853 694 2503 2276 4923 3799 4870 4975 1849 3521 2559 2283 1235 3460 2663 1931 1547 4233 3069 1528 4855 482 4485 2137 2305 4857 2295 3094 1411 3359 1522 3982 2346 4382 2478 1997 2089 151 3966 236 1855 4126 1201 4433 2140 1193 3591 1618 146 3490 3723 2431 1335 4374 1058 1460 3721 2587 4380 409 4728 4315 92 4763 1211 161 1678 1386 3596 471 4582 3899 4977 3275 1404 2185 367 2930 1732 1470 3422 1814 2565 4698 4711 3857 4223 4066 4346 4910 137 3493 2241 2897 489 931 258 3536 1039 405 2356 4633 2791 3469 2826 4690 1798 2213 4675 2343 976 3801 1604 402 4233 4180 4517 3560 3879 2719 4441 1703 422 411 1920 4018 1909 3831 2284 2018 3135
1075 1053 645 4334 1797 2720 4818 1462 3138 2151 2372 3895 3828 2857 2852 2749 4101 2309 489 3521 2228 690 1024 1318 3597 2247 3085 3069 605 2075 2027 4291 1657 4788 2654 4614 4527 829 1216 2339 168 3776 3386 3387 4825 1553 2103 181 2272 3893 2583 919 2594 2301 2288 2120 3354 4445 3903 229 1254 1236 1441 2182 410 4439 4532 2336 3110 4595 1664 2934 3080 841 1760 4465 2755 2723 4105 2838 496 4561 1394 2803 2573 2710 2162 4687 1110 3815 4712 4666 2517 2424 879 456 390 4148 1573 682 1253 4315 2359 222 1771 2487 2574 3484 3942 3335 938 3923 3955 594 3694 80 1785 4314 2647 3771 1404 2664 1415 501 3510 825 1243 750 4859 2415 3109 3751 1394 252 2344 1971 2489 2354 2235 3005 3439 1916 2920 2638 2330 2104 1101 4085 1761 1282 2525 4216 3375 1088 4301 2270 2813 1263 1681 2748 892 1041 1323 4358 2795 2212 4097 2601 4516 4738 1418 1223 1102 3890 2830 31 1864 192 3086 4911 719 3614 3451 3791 386 1722 4145 1040 455 4957 2300 2686 3490 1715 472 3330 4745 2239 4176 1182
3030 342 4836 3843 1207 3544 3509 947 1140 1457 3050 4425 4510 4624 567 2116 1495 4575 4319 3073 4583 1004 713 449 810 4996 3503 1273 2006 128 4905 56 3177 3807 2599 726 829 4367 3754 89 1201 1599 683 3871 1733 2590 651 4497 1831 4134 4496 3813 3766 577 989 3067 4677 4627 4428 1496 1258 1037 2134 636 3110 4064 3361 4740 2750 1302 1818 2581 582 3511 1005 2085 2235 1321 2006 4050 1395 3920 3177 2811 1309 863 331 2255 65 3980 4230 530 1964 3737 3354 340 132 1484 276 193 4841 3903 525 3546 1096 1967 246 3280 26 2629 234 2546 1016 4529 1687 946 1610 4748 1237 4628 3265 4373 4319 3061 283 4480 541 4057 4466 2675 3306 3169 1931 203 3419 2822 4676 108 4590 1648 670 3378 355 809 3625 3987 2158 1704 3931 1889 4969 4447 1596 3453 891 2391 4888 3532 4406 2585 4471 4575 3731 1818 4929 1429 1687 397 1224 919 340 561 2135 858 3165 3052 1253 2711 3254 3813 3686 3985 2230 2386 3213 4530 1913 2149 617 2766 3261 1095 3632 3355 2865 865 99 587 2175 1315
351 1485 783 4603 2662 3111 1525 2856 748 1171 903 1689 4087 241 453 191 253 4468 2597 4915 1789 4932 4094 2903 4252 4898 723 1503 32 4098 1989 135 2403 2984 4272 4144 1216 3754 4188 3935 993 3753 774 4159 3951 2440 3018 1461 2718 3946 1591 2912 923 1388 1135 1971 4926 3181 1081 973 2058 1758 1442 1911 4583 1233 805 4156 161 3862 3506 564 1803 2971 3830 2030 3523 159 2045 795 2815 3379 746 3468 1402 2200 1305 1943 247 3435 4297 3648 2425 145 816 2990 671 3278 2240 4770 3632 4571 2053 3895 289 4926 100 4546 2770 3954 596 4209 2947 1755 567 3226 4914 1248 2321 3762 2324 4905 2323 4313 54 2569 3911 2260 1303 3488 4437 3084 2834 4981 4427 288 18 2678 2784 2380 334 2689 3788 1098 2320 1748 2586 150 1923 2648 3184 3780 1615 3884 1594 1221 3395 1325 3947 3441 3851 1255 116 3058 1808 4329 622 1528 4116 3098 701 4838 4333 4694 738 1321 3614 129 4118 1873 529 353 2440 3748 4770 3284 3061 2679 1523 1285 2372 1597 500 1211 1772 4707 1119 1329 758 73
2916 4542 2333 4028 1971 867 3015 1605 434 3380 45 2800 3223 2400 1272 1922 1225 3662 3111 4422 1615 1730 3361 732 4486 3864 1252 2534 4780 4167 4874 4409 4918 1175 2391 2147 2339 89 3935 4082 2951 3589 3188 327 2655 1282 1324 4133 4887 3651 4586 815 820 2804 4153 1276 3366 2018 1201 3000 3142 4860 2730 1612 1759 122 3473 1079 783 2877 1059 1890 1216 2013 4365 2669 4563 1173 2752 4297 2908 3169 4301 3729 3234 92 4021 471 2638 2710 4694 525 3127 2521 525 4229 2708 3958 3679 4864 3052 1505 2369 3448 228 2666 2650 597 1474 1556 1124 1568 4053 1320 1759 3896 2351 3188 4012 1816 351 3986 33 92 1356 4975 1269 525 2146 2054 70 4645 949 2091 3067 4102 4438 4223 2822 2925 3945 341 3573 3216 926 3075 2150 2417 3384 3768 4165 4275 212 4704 4809 3749 3235 1994 2725 4018 759 3397 115 3296 816 3618 1909 2370 3737 198 4272 3112 496 1151 2474 4671 156 3898 3812 262 1770 1249 2168 2136 4016 2853 2920 2024 1389 827 1716 2575 2545 4200 4935 2949 2012 279 765 118
