N: 200
M: 30
Symmetric: true
Triangle: false
6 155 41 122 69 127 115
10 184 87 8 38 185 118 133 55 102 157
5 148 17 166 169 22
5 85 152 66 120 82
9 190 161 59 11 77 16 172 71 140
5 42 56 98 150 9
9 58 164 199 61 62 40 137 84 18
9 86 134 156 25 105 171 7 168 96
7 195 67 29 146 19 160 154
3 51 173 45
4 63 43 109 52
2 167 15
6 49 143 125 192 72 176
10 6 182 27 135 48 163 149 78 57 32
10 54 80 34 76 147 186 5 28 138 141
8 170 108 159 13 124 198 65 89
7 83 175 35 31 136 189 1
8 153 200 100 95 145 180 131 129
8 165 10 14 79 101 196 112 117
8 2 119 197 81 104 26 46 107
10 91 178 111 116 183 44 121 187 113 60
5 93 181 47 12 33
6 20 36 158 37 73 88
6 132 144 30 128 4 74
6 24 162 110 191 90 106
2 114 94
3 193 151 53
8 179 97 194 50 130 64 92 103
7 123 23 142 188 177 3 75
8 70 99 126 174 39 68 139 21
384 3966 1597 2881 1553 4113 4250 2036 2368 4836 1196 1722 728 477 2610 447 829 1631 240 3802 4742 10 4608 3783 4386 969 2513 2594 1921 4670 2580 4580 4471 4757 4887 3459 1829 4712 1837 656 3687 1020 3127 67 1234 4040 4469 1808 4749 1194 2106 2104 2468 4007 2702 2335 452 3640 4260 653 4930 1100 68 2980 2089 2075 2725 855 4183 1728 1082 2873 3532 1147 2335 682 1198 4184 868 3543 746 3754 2195 1793 1524 4168 4938 2226 2577 4966 4006 237 4033 3400 2125 4488 1826 58 382 1858 4228 1644 2371 3288 3072 4799 4010 886 4508 2577 3867 3611 654 2141 3608 2310 865 3591 3207 4784 1259 4230 3791 3117 732 1245 3555 874 3907 1861 3001 332 239 1422 2559 3361 329 4584 1264 743 147 4975 767 1377 553 2625 4952 2010 24 2794 4890 3751 1895 1664 2440 3233 4167 1287 2665 2498 856 2525 2496 511 3299 3739 3169 1915 2858 4563 2031 3758 2083 1445 672 2051 94 4173 2427 591 901 3983 3340 2493 3752 4442 1383 1035 4312 3863 4607 2318 3715 3317 3386 3661 3223 4689 823 3319
3966 3983 1183 3133 4947 1535 230 1753 4918 4194 3151 1875 3991 1597 3021 346 3950 458 3940 1531 153 4754 3351 2477 2163 1382 4094 177 228 1521 80 2084 4919 535 172 3487 2657 857 3390 709 4964 3002 3997 3102 4492 661 4842 451 4107 816 4316 1149 4220 3366 3945 1290 1321 4186 1971 1530 472 4002 4677 3670 836 3894 4589 706 3747 1306 4914 1852 1753 2532 549 3417 873 1470 1742 2928 4675 814 2226 1174 895 1761 2287 2748 751 1753 4305 216 2968 3465 2029 4380 1027 2330 2355 4332 2291 4397 3629 4943 670 1310 4656 1236 787 4889 4266 3030 4352 865 4322 41 532 4987 542 3716 2343 941 4561 3530 4039 4486 2191 4057 577 191 4644 3893 4275 2566 1025 2781 3621 2429 3561 2728 4894 3771 3841 4570 2615 194 2180 774 2356 2662 987 4178 1755 3410 3238 4267 3661 1915 3678 1132 3398 706 2994 1328 1312 4843 13 4189 395 3683 3446 411 229 2617 2838 2473 4300 1217 1576 2756 2920 2842 2470 4948 2271 4453 3539 1090 4893 324 4002 2014 288 4603 4674 3057 414 3520 2700 2573
1597 1183 3188 4035 2741 4428 723 2905 1707 4612 1795 627 2610 611 4887 1869 2902 3813 3728 4324 4088 2679 815 4469 3617 4761 3400 784 3040 3727 1555 187 3665 2348 2751 2514 3751 1139 1519 1702 2741 1445 707 3773 1489 4910 2181 1101 268 3911 860 56 4112 1680 4105 4469 806 4456 2698 1353 2464 2064 3668 1029 3070 2263 2789 1789 1587 2782 2654 3401 1366 3023 1669 1958 244 4469 107 107 3749 3242 4807 4577 4488 1968 2083 3173 2689 2842 2379 2518 2024 1659 1857 617 587 2314 2127 3812 3234 4841 2196 1117 1083 23 4734 2736 4246 710 2428 4997 4215 560 3168 4516 2096 4502 4954 4038 1990 1460 3915 1763 1981 695 3373 4306 23 1069 684 3533 3359 833 4142 3100 3365 2183 528 4228 1184 2571 2094 3960 261 10 4687 1497 3194 3056 928 382 4821 2349 3654 2443 3896 2742 1790 232 2642 4126 3180 4260 1174 3995 99 4582 4697 3733 3910 392 4387 4202 925 3112 3944 100 4683 4360 1743 1512 3492 485 3050 2064 385 3511 1529 4607 239 3385 1230 3463 1551 3448 1156 1482 702 2726
2881 3133 4035 499 3734 504 364 1888 350 1297 3217 1573 200 79 4804 4841 605 4442 1319 2413 4702 3708 412 3668 151 2450 1618 1868 1035 1014 587 1325 3701 113 4409 2176 1455 4515 562 30 3893 1873 4346 1376 2634 691 440 2460 746 1662 3450 2793 3199 480 2206 1229 3671 177 3216 510 4387 2694 972 493 3766 2994 340 492 186 4674 4912 2578 4588 1642 1523 2056 4480 2568 2495 1478 2952 1636 4858 4804 807 2037 196 4246 2241 3791 4382 480 983 996 2450 3036 3692 2830 2265 3068 3092 1282 455 2061 2302 592 3297 238 3775 3169 2985 2788 4865 1465 3932 2792 4348 2469 3684 3051 1549 4978 4254 4272 1772 1094 629 604 1652 4134 1572 3510 2755 4036 566 2171 4884 2067 3777 2089 562 817 655 2344 1614 4674 3797 2142 2196 2874 2583 3779 1288 1170 3702 599 3676 880 78 2593 2937 4227 1274 689 1492 543 3044 49 1457 4992 2076 1076 607 776 2556 4170 1765 323 3340 2635 548 3359 2939 708 3241 763 1768 1831 2378 3425 3951 740 1784 3283 4596 4742 924 1609 321 1464
1553 4947 2741 3734 4497 40 3729 3108 2477 786 479 1469 1656 1278 4830 706 1933 36 1438 2454 627 4407 4232 1930 4358 749 315 972 3723 3250 1191 1672 4486 2724 4427 396 4068 4801 51 556 1249 1272 2400 839 391 3036 4561 1275 3885 2262 1375 2295 958 2631 4305 4321 3323 4163 2506 1587 2179 4594 193 3568 3687 4693 25 1559 1232 2612 4388 4274 1759 461 3832 4667 3733 270 3815 3827 1613 981 2481 3836 1963 1972 2323 2171 3271 2562 740 2046 2534 3942 4520 87 4489 2006 4583 3424 2756 3920 1718 1781 3461 4554 711 2425 2108 3504 2861 3045 3235 1061 4729 3817 689 983 2609 417 2988 4535 2990 4075 1239 1714 4351 2988 609 3017 3684 1677 2939 4093 767 1281 4972 910 1239 551 1954 406 4398 809 2169 1625 826 1372 2196 902 1759 518 80 3271 2118 2698 2893 1600 4963 4325 4772 3177 1858 4400 1205 4063 3968 2796 3041 2267 507 3319 2903 4858 4671 1752 27 1529 3153 2535 3541 3005 1809 4059 2713 1297 201 4097 225 4660 3241 1680 85 1793 4344 30 253 3351 1010 2783
4113 1535 4428 504 40 1154 4121 43 4090 3016 2559 3820 4289 2083 1835 3333 4596 4894 3603 4438 3055 1374 3225 2166 1990 760 767 4430 4969 2451 4837 4113 3072 4334 2433 1245 2050 1113 1934 1851 845 355 2726 65 2980 3699 4561 4662 2031 4777 910 4456 3257 2584 2721 3322 1180 461 121 3136 4383 1653 3860 2032 1003 3113 1219 3420 2599 16 2819 1180 4751 3567 4760 2878 750 2993 2554 1826 2560 13 1253 437 4051 3764 4093 3811 2203 728 397 1882 1037 3345 2560 2683 3622 1489 2640 2323 3491 3381 2136 3532 4782 3831 2035 479 1406 966 4910 4006 1867 4270 4916 4511 4303 2026 961 4353 3603 1546 4393 4619 1558 2618 2423 1365 4680 1277 547 3852 2010 3778 1985 2392 3780 1527 1328 449 1733 2354 2870 4816 2570 1130 3340 3294 3957 4541 3051 3647 3645 2347 1664 4843 1396 484 785 651 4290 3615 39 2598 4327 1357 2997 540 3232 1688 3212 1624 1476 945 599 1004 1092 4395 3266 3393 513 4889 4953 452 1365 1251 1104 963 2171 3027 537 2398 4175 1006 4594 3858 3559 3205 3790 1545
4250 230 723 364 3729 4121 1500 1094 402 514 3857 3096 1174 4143 1934 2475 2173 1605 186 2153 3386 1586 650 2175 4396 3255 4825 1515 4912 751 4888 1877 4320 3385 2699 3732 3293 4379 2244 2208 1203 420 1531 2088 3353 3003 3181 4680 736 417 4326 3005 293 3522 384 1652 1478 2896 1893 154 4478 3150 4512 3098 4116 4312 2201 3916 4021 2084 2875 446 4377 4872 2407 4676 42 2840 4654 959 1114 1087 4811 4502 2982 611 138 2314 1243 3610 2254 2536 1402 3892 2555 4697 3797 233 4751 1496 347 4777 4340 1672 4435 85 1367 4147 4752 3941 3620 1074 809 815 2709 3846 2668 3535 698 3800 2815 142 1011 2478 1451 785 198 1207 995 2686 4300 1882 1429 3077 141 4595 2341 2156 434 2942 4332 1010 4300 3703 3410 1616 3316 576 1241 387 1128 2992 301 212 4594 4466 1507 4475 4436 4882 4212 2914 4103 560 645 1792 3601 3580 3932 4433 1651 4800 4779 339 1601 153 4359 1233 4793 3387 3699 2142 3362 525 1827 4091 4540 1767 3142 272 2543 2241 3938 4460 1163 2548 1527 614 327 3465
2036 1753 2905 1888 3108 43 1094 2202 1866 4977 4882 1712 4213 1317 872 4193 4203 4051 609 1634 3734 4773 3932 1605 1856 763 4304 2029 3622 3278 4361 835 4563 1736 2733 1315 552 2716 3795 3662 3294 2510 2811 73 2042 1457 3941 4462 648 4788 2298 1169 524 3004 2327 2954 1367 764 939 4692 4444 727 716 3113 3167 1429 3867 4289 3708 1621 4424 2709 1198 2412 4339 933 4678 2372 4984 782 4630 4458 3097 2244 4248 3632 3027 365 3516 3849 3350 361 685 1275 3225 2574 562 4405 4687 4497 4981 3715 3083 4518 4933 2941 4969 2119 443 3227 4808 861 4187 2008 4343 3030 1832 759 3406 262 3772 3236 1986 4684 3498 2358 799 3835 4447 2830 214 4923 4460 517 4485 671 1701 3428 3834 2977 4409 1866 3846 457 4617 1156 1801 424 3126 3165 3132 3871 2473 4541 3707 1867 4518 3338 2858 1909 3996 1296 1835 1111 2465 2566 4424 4500 4622 2739 2796 1279 453 4833 270 1264 3634 619 3160 2728 387 4030 3992 3430 4161 1694 1056 4613 3819 4101 1074 2581 1094 2610 2489 1211 3197 3057 4474 2153
2368 4918 1707 350 2477 4090 402 1866 4952 1365 891 3415 2872 3814 3451 1152 2351 2487 1847 2931 1765 3669 3887 3020 4810 1007 3883 2414 23 4320 1644 3140 654 1107 1127 4241 3372 4787 1937 947 3551 1636 4700 1135 1336 1662 820 1635 3262 1156 1592 4790 4587 2889 88 3837 2416 3110 2600 4249 2944 2749 3624 3760 3123 3156 2660 2812 3091 552 3976 1551 427 4136 4876 3804 1934 4051 4366 1596 3309 3182 662 1714 752 3080 2806 4131 1321 3016 4543 4273 2111 4770 423 971 4680 2068 2677 3146 2550 1115 2822 3440 4727 3579 249 924 1766 3292 960 3545 4154 4395 4830 4435 512 2418 4705 4353 445 4753 3458 2573 1509 1679 1992 195 1692 1293 2069 225 4813 2926 427 3227 2107 4349 3901 935 3437 4071 2472 319 4368 2603 3310 4584 1978 3162 1899 2871 1758 3302 1172 1908 1966 65 1906 1823 2353 2635 4682 1391 1104 998 2833 2512 2232 3541 49 2733 3851 1852 264 2665 944 3167 1320 2479 301 79 521 2526 4152 1700 1576 463 2730 954 3572 67 2284 3660 4790 2904 2145 4091 1254 84
4836 4194 4612 1297 786 3016 514 4977 1365 3228 2351 4469 359 1599 4770 1309 4545 1140 3816 2286 4023 4606 3109 2874 4494 3738 1070 3899 2971 2113 4930 4060 2043 4709 3833 385 166 4970 1622 3885 2546 3846 708 2856 4011 3908 1092 1837 3742 3587 2036 1461 2903 3393 4031 3457 1654 1492 1511 1499 722 620 4913 2155 2433 2163 2879 3247 321 3234 2361 2363 1684 1037 4799 2030 4376 3730 2131 649 2458 3138 19 4658 834 3819 3926 568 3746 4176 2999 2330 1250 295 1831 1980 189 936 4744 3523 403 2686 4745 2738 2918 2651 3026 3788 3614 3667 4224 3026 1627 332 2787 67 814 577 220 1401 4878 330 2461 4902 4662 2293 3131 2877 3254 1419 4164 233 4326 3287 1085 1657 168 3806 1805 4672 1469 3099 2473 4556 1388 3880 3891 2779 4512 4436 2999 3734 2496 1192 1978 965 4426 3424 2630 2590 4358 2872 1324 4878 4019 166 1607 3085 1155 1867 1903 2677 1144 4900 27 4555 1529 4294 878 2414 135 2291 3540 1663 1066 357 650 3314 3164 1376 2950 207 4427 1656 917 2006 4043 417 3788 3764
1196 3151 1795 3217 479 2559 3857 4882 891 2351 3670 3754 4676 555 3191 1510 1849 4724 1154 4338 3644 1059 1147 2586 430 1528 3485 2114 149 4092 1635 397 4412 4002 698 4750 854 359 4446 2088 2639 2174 4780 1451 458 2249 1617 2850 2951 2105 1432 4171 4669 713 1516 4071 3945 795 914 1045 1663 68 3068 2858 3945 4323 2284 4959 3557 1248 724 1146 954 3895 3446 114 3081 1549 4805 779 966 1990 2257 4828 3087 1754 2532 893 4276 2779 1989 2809 3022 1943 3949 578 4752 86 682 1279 2169 1976 1789 3414 3252 2725 4824 4351 2943 441 2466 993 986 4338 3438 185 2498 1944 2006 2386 1712 4333 277 1262 1945 2070 2289 586 4499 3232 1010 301 613 4899 2060 79 1254 4476 4713 976 409 1608 3460 3460 1332 3976 4930 4008 3066 1310 4693 1224 524 1054 1708 783 953 1814 2591 3152 3113 1591 3965 3971 2608 4060 1196 1855 1255 4471 3274 2389 234 164 1751 373 683 3726 1429 1454 4836 2372 455 4362 3576 2565 3282 984 454 2796 2619 4592 3719 4497 4232 4130 4421 4406 4689 1603
1722 1875 627 1573 1469 3820 3096 1712 3415 4469 3754 3739 1629 1406 3024 3921 3814 2000 4356 4745 1917 3246 1172 3995 4335 25 2515 3792 817 4486 2168 4123 3628 2052 4400 3624 1893 233 1092 1107 4504 222 4779 2576 3767 3012 4552 2095 1393 4359 4394 538 4779 1191 1107 3237 3041 3764 49 4062 309 4299 4711 256 912 1045 2128 2898 1831 3219 4712 1826 1359 4085 1270 2056 2133 2264 2190 4568 3680 4378 3558 4091 4346 3662 4760 2683 4818 4372 876 1690 1412 1004 4811 4976 1331 4537 4102 2625 4751 4503 498 767 4299 2369 1428 1532 3268 1591 4709 2349 3156 3350 3811 1953 262 1594 2472 3887 366 4957 2939 3861 1745 2330 1870 3689 2223 4383 2282 902 1886 4068 4206 1708 1708 1052 2031 2386 3575 1069 3102 3309 2408 3014 209 2685 70 2355 1129 3477 2535 4547 1018 2497 4653 2942 2593 373 1004 907 1902 2217 3668 351 3804 4403 514 1596 1757 873 594 3599 1210 4914 545 2235 1618 4289 4580 1071 4673 3395 1370 2476 2508 3494 236 4016 4751 1367 3568 4472 2396 3598 122 1615 2726 2332
728 3991 2610 200 1656 4289 1174 4213 2872 359 4676 1629 4808 1888 1150 3530 3043 1853 3407 3631 2160 4156 47 1268 207 387 1614 3044 2264 3096 712 4386 1351 474 4160 3034 4118 4108 1514 3831 4854 2706 3182 3001 2353 4074 2288 1698 2290 2006 4223 1605 4202 1917 4022 1835 1490 4692 3329 720 2725 3342 2906 3533 4715 1163 1312 1440 2012 610 3016 4581 4198 3033 4225 4363 1908 4358 2546 1784 1977 41 3346 4528 4345 4532 4051 502 1565 3864 342 238 2594 4876 4890 2354 2691 1418 959 2248 1439 218 58 4193 308 172 1069 268 362 3538 4561 4283 92 1812 1829 3617 1961 255 2852 4860 4745 656 4510 94 4735 1436 1450 1526 2556 2234 666 1085 2058 1181 1195 161 809 720 4483 1366 3645 1102 927 3863 2246 2543 3430 1342 2701 2649 4841 4385 3345 409 4007 755 2859 923 671 2047 651 3536 566 1349 3984 1548 1101 1451 709 1634 324 121 300 286 2268 3984 4227 3230 59 3641 3287 4789 968 3383 955 1596 4301 3410 1322 3179 4027 597 115 698 3469 460 744 1204 3219 4991
477 1597 611 79 1278 2083 4143 1317 3814 1599 555 1406 1888 3913 1909 1700 2414 4903 2678 4096 186 3590 3484 2978 3176 997 4437 261 234 3982 1359 1402 3680 2911 4647 375 1614 444 2048 1437 1159 2852 986 4992 4928 3641 4326 4018 3176 1158 3787 918 772 2447 1168 3869 3837 3576 2707 4360 4772 3976 2890 4895 2950 2876 3214 2976 3031 2685 2682 600 2287 4081 2698 2222 553 1795 4617 4398 3468 4275 4517 4323 3700 2762 1627 2178 3247 745 2328 2030 2899 3203 2356 2482 2273 225 1386 4518 1608 2985 3248 1411 3767 24 3851 3447 3912 3965 689 586 452 692 2065 3744 643 858 2356 2482 1506 377 955 2359 3592 424 689 786 2838 1921 4558 3787 1734 3924 2078 3581 4774 2734 1182 1896 4816 4440 2391 4348 1249 3243 105 1125 3198 614 3837 183 3598 4552 695 1759 604 917 4561 3011 2106 3744 2460 3189 4089 116 2863 4357 2415 2344 280 2026 3683 3638 4112 3524 807 92 3481 2890 2623 3433 3605 1437 3986 4736 1514 3774 4972 3425 2506 2178 3296 830 242 41 2033 1961 3545 2168
2610 3021 4887 4804 4830 1835 1934 872 3451 4770 3191 3024 1150 1909 1487 179 3385 3701 4595 287 2959 742 2520 150 537 2051 1673 1918 4640 4219 2915 3269 3653 1353 1571 3300 600 1058 4737 1795 3498 4855 3715 200 2689 2051 3960 67 4680 1746 2248 4796 3229 4092 1269 4490 2015 2461 385 1906 455 4634 808 36 2640 948 3407 2700 3896 812 1190 2526 4735 1966 2792 4436 4701 3007 413 1690 4927 3053 1514 617 288 4243 3563 244 3563 4070 3199 1167 207 2414 714 2969 1624 330 1709 2270 2687 4671 1734 4181 1212 3238 4341 3249 3337 2510 1700 357 3255 4191 3861 3468 402 3889 2133 4687 1577 1371 4674 2823 1543 352 847 1714 2145 3422 3534 2688 3258 3240 434 4586 1607 276 4502 4134 2512 4671 4333 2451 1845 3390 3103 3361 1043 2074 1657 610 682 4631 1072 4400 3987 2013 357 60 4576 2047 2743 3363 4114 3167 2053 716 3936 4840 905 2583 2036 3017 2542 1486 2166 2117 3178 3129 292 953 704 2129 3482 2412 2569 1091 1480 2897 1114 1164 1572 812 4847 1905 2939 1965 2700 3795
447 346 1869 4841 706 3333 2475 4193 1152 1309 1510 3921 3530 1700 179 2548 3927 632 2733 1917 3100 506 4082 2907 2127 1540 3958 4853 3218 3865 2900 2054 2140 871 4755 2402 164 3622 131 2679 4632 3873 2160 1209 3878 1278 4794 3294 2503 1950 4854 3253 4802 2671 4177 1100 1530 4954 4319 4279 2956 2415 4788 314 325 2113 1721 1847 3306 3364 4335 2455 2815 4782 4091 871 82 176 194 4323 3473 4860 4519 2065 1694 1930 2652 4915 3286 3906 4928 4826 540 1397 3000 2170 2762 2942 969 3432 95 1877 4831 1793 1586 2766 1749 1237 2984 1224 3806 4819 2438 4355 1501 4766 22 4839 587 2577 888 2311 1614 3198 2547 2542 1357 2635 1709 1539 1286 4715 3756 1983 4075 1900 491 1279 3426 4981 3602 4927 2815 2232 459 3770 2329 630 3246 2476 1020 2907 4211 4012 1953 389 4913 4851 296 1363 11 3869 901 3804 675 3734 3558 1051 4470 1334 4880 2712 142 836 2920 1212 37 301 1648 2625 1534 3776 1030 2695 29 4171 4734 2239 861 2205 3665 766 24 2579 3855 2141 1430 982 4266 3053
829 3950 2902 605 1933 4596 2173 4203 2351 4545 1849 3814 3043 2414 3385 3927 277 3372 1128 617 479 430 425 4634 3852 769 3443 1408 1581 28 2623 163 3034 3682 3002 3132 4084 301 4760 936 3208 3114 2961 3425 2482 2621 852 3792 2140 3939 2597 4576 1497 2996 755 3225 1241 1030 825 2303 1445 1581 4704 1180 4533 1148 443 4356 3765 4939 539 4122 992 2791 1131 3605 4830 3560 760 1735 662 2772 439 2916 2433 2742 3107 4036 4706 3310 1868 4650 1488 4217 2872 4209 3178 3458 1812 1461 1230 4058 1887 1832 1087 2307 827 952 559 2380 2841 208 2401 2495 1133 341 125 3442 1092 3892 4106 531 4662 681 3879 1168 14 3779 15 826 1310 3403 4424 1799 4778 412 3324 3137 1657 2560 4296 1144 3873 3761 941 3977 85 1104 3457 1245 1017 2645 3985 4897 1073 1769 1694 110 3873 1699 3441 1207 4087 916 3573 3342 296 1852 2487 1710 647 535 84 1170 2281 2681 836 3556 4072 2381 2224 3410 4626 183 1774 2096 125 390 1331 4374 3295 2500 4000 4783 1877 2610 1900 4937 1052 4143
1631 458 3813 4442 36 4894 1605 4051 2487 1140 4724 2000 1853 4903 3701 632 3372 4401 2678 3250 2846 2713 2835 3039 1644 2826 2919 3498 3738 3275 3971 88 2899 412 407 1053 2108 2358 4071 2342 1940 736 772 480 3519 4491 343 1107 1217 2130 1721 1365 4475 2271 1874 3348 518 3838 218 2280 2629 340 2598 3597 3323 2033 4460 4856 2446 1340 1030 4827 4623 718 1106 2148 2483 3604 3703 4841 2380 3392 2646 1620 599 103 4882 693 3850 1105 666 2457 1502 1309 3176 1953 2831 731 3028 3804 4953 4037 3853 1253 3299 2661 298 2968 2720 3001 4945 3206 1106 1574 19 354 4348 2615 1362 1162 4176 2429 1097 4139 1189 1449 2255 1173 3208 215 4584 2381 4392 4276 2855 718 4010 154 928 4492 1603 1029 756 2119 117 1249 3165 2089 4930 3849 1381 4320 494 718 4698 2618 4391 2309 2839 78 4878 2903 1204 2998 2939 757 918 4441 241 2672 1744 259 4010 4138 2685 4821 3367 2586 1349 3581 4516 3766 2486 1944 508 2441 3376 1291 3047 279 61 773 1135 4092 4874 3185 1261 2951 566 992
240 3940 3728 1319 1438 3603 186 609 1847 3816 1154 4356 3407 2678 4595 2733 1128 2678 2513 1061 2524 4980 3651 4121 3054 1395 1202 3124 1862 1798 1012 1572 192 3714 2407 3084 3546 2393 529 933 3463 135 2971 3059 4139 604 2880 3904 794 2691 3447 2396 2865 3658 556 977 3601 716 3788 3508 4552 46 752 2084 4208 2640 4741 2011 4114 2973 1719 1750 3712 576 1447 3127 4809 177 679 3736 4176 1708 2053 4061 4848 4965 980 4691 256 4497 3075 2765 1173 2572 497 3192 61 4932 3694 2995 1798 278 1059 3252 563 633 3270 4383 1670 4081 2651 1352 956 1422 4587 4482 4782 3892 3290 4875 1149 4004 3067 1914 964 2518 4251 653 3423 4844 2221 3128 4751 1715 4108 3912 2986 1643 1355 4260 2086 1151 2519 1048 437 2420 203 3146 231 2762 4675 3248 2558 3660 1579 3679 2558 2718 2381 280 4326 3508 2951 1950 726 2190 1543 625 2646 3052 4478 2901 773 3236 2433 4622 4308 802 1784 653 1996 2524 581 2618 721 2557 3511 2684 1681 587 3570 4479 4319 1438 1701 4129 1962 1717 3061 724
3802 1531 4324 2413 2454 4438 2153 1634 2931 2286 4338 4745 3631 4096 287 1917 617 3250 1061 1312 995 900 1234 2001 2602 1310 2602 1565 2966 881 314 85 4639 3154 1056 4209 4720 562 2573 3429 3205 638 1808 2090 4628 506 3751 3859 3402 4885 4174 911 1916 3234 661 2478 3084 2592 576 1305 3498 164 2623 4210 4695 4179 2966 4470 4116 3630 249 877 3526 613 3581 4566 3646 424 3535 1929 3548 4668 1716 3634 4893 3604 3785 1419 2275 613 4155 1508 979 4967 3480 1669 1232 696 4075 4068 812 1471 2821 3767 1483 1344 2682 738 4365 4802 2857 4512 733 2944 784 2182 4214 4079 3859 3376 2769 2026 3827 4070 4575 817 2856 4007 2416 690 66 20 4177 462 1811 1288 3246 1014 4417 1167 3706 2530 1250 4204 83 4718 4857 102 3356 1426 2409 836 1144 116 3558 3993 813 2221 104 3403 4584 4290 2833 342 4773 1429 164 3381 2881 2917 2677 2606 683 2950 2332 2507 153 423 1851 4591 1790 2857 4244 2772 703 1152 2709 2833 4196 3397 3524 3220 4134 59 1902 1509 2578 910 1915 4140
4742 153 4088 4702 627 3055 3386 3734 1765 4023 3644 1917 2160 186 2959 3100 479 2846 2524 995 1754 2382 2719 3050 4060 2288 3512 3423 4053 257 3058 4709 1879 4826 897 2399 2433 623 552 3063 4855 2790 2487 3325 2218 42 2983 401 1353 1357 2417 1984 4642 2341 319 3210 739 1441 4861 4716 3221 567 1783 4576 3665 2123 1709 2070 2459 4419 1596 2222 2061 396 4229 605 157 1301 4557 881 2957 3462 3347 1312 1416 1180 637 2801 4727 3669 3386 3195 4078 4154 3661 1559 817 1529 218 4482 380 59 4169 1915 2236 4317 3136 989 3398 4725 637 1290 4513 203 3974 3616 3617 4903 2642 1682 2582 1706 3725 2961 4167 4725 484 4263 2845 902 3587 2272 3006 498 824 4283 1536 3731 3573 2270 1168 4046 638 1915 876 4166 3047 491 2330 4931 4989 1919 1766 1418 1166 4982 430 4200 3574 3533 1288 4720 3906 804 2420 3386 3578 4030 2211 1034 1588 953 2300 3891 210 4884 2184 4652 4420 1873 2091 2475 3805 1916 661 4655 2638 3954 4857 1423 542 2477 3156 3960 1438 931 3624 4644 3527 3729
10 4754 2679 3708 4407 1374 1586 4773 3669 4606 1059 3246 4156 3590 742 506 430 2713 4980 900 2382 705 1051 2757 3724 3169 743 4636 2201 303 860 3905 3642 4837 244 2399 996 3220 4564 1861 352 497 4617 152 2816 3892 2542 992 1022 3522 2507 2938 322 4600 4521 3220 377 3018 223 3282 4028 497 4961 4506 4891 1232 2096 1486 570 1764 4872 2254 2514 4982 4627 4152 2690 1728 468 2719 3121 1165 2034 183 1837 4189 671 1505 1335 4853 1643 3525 3529 4901 1240 257 2380 433 2934 4134 2119 1824 3093 1709 2128 2151 945 777 1202 4008 952 128 1668 3181 1813 3728 534 4656 970 4019 2350 1516 2078 210 1539 3737 3775 1512 717 2244 2787 2095 3453 321 4787 3340 2229 4168 2194 3394 930 722 4502 636 4616 1490 296 3144 3870 1436 2818 2401 4805 3040 3728 3532 4057 4103 3507 4134 1499 1144 1683 3845 244 4014 2704 3575 1512 2105 3145 3021 3654 2816 4703 770 3578 2587 4846 4983 3644 4674 4616 3451 3148 3765 4022 2923 1279 3389 1443 4859 1536 235 1377 425 3132 202 1119 1906
4608 3351 815 412 4232 3225 650 3932 3887 3109 1147 1172 47 3484 2520 4082 425 2835 3651 1234 2719 1051 759 155 2350 2401 1337 4958 460 3654 4592 949 4540 641 4151 137 3131 374 2008 2851 474 4727 4072 1567 2198 573 3810 2989 3156 2502 3623 3380 777 4597 87 4752 702 2062 1471 1042 198 4763 419 2464 4629 1552 3157 1986 2345 3219 2541 140 134 302 2083 3508 2437 158 2447 4334 3807 2872 4921 4996 3928 2752 2813 2882 1759 3967 3660 3391 3865 4016 3174 3154 4852 1767 4210 1200 271 2844 422 2981 1951 4047 2286 1543 139 4588 4951 1745 2814 241 3283 589 2948 2359 4960 4804 3823 3437 13 3724 4319 2159 426 1722 2555 3664 479 2287 3044 1570 673 1556 2613 4720 4069 1286 4678 4800 1841 106 4504 2580 4000 4619 4219 151 957 3104 2234 2642 1064 2407 4917 3740 3375 3858 4593 3433 2528 2123 89 689 3673 1236 1477 2525 453 2475 4933 1543 3277 3432 1554 2289 1464 3429 4415 2780 1038 1016 1823 3659 1660 3740 4437 3135 4201 2944 991 4039 3410 3862 2079 3501 4321 4552
3783 2477 4469 3668 1930 2166 2175 1605 3020 2874 2586 3995 1268 2978 150 2907 4634 3039 4121 2001 3050 2757 155 862 3139 1704 1880 1847 1040 1252 420 4856 1864 4936 1095 3290 386 2947 1203 2474 1253 1782 4013 3743 4023 3097 2332 3528 400 1471 3317 3650 4146 2752 501 3209 1010 454 1058 2127 1308 1085 2875 4307 2301 4354 4381 3944 533 3886 3071 2877 2374 3810 4735 1769 4841 746 1712 1494 1442 4263 4504 4497 468 1651 739 505 753 371 4887 3267 600 3454 1113 646 413 1327 4136 222 2077 1775 728 4100 3660 2189 3275 3800 1803 4249 696 790 626 2873 2349 1005 2547 4064 3537 2482 1361 3362 923 3582 3953 4245 2008 2742 4006 516 3946 2463 3748 1287 3305 3706 2127 3046 4728 1589 2489 2038 1523 1553 730 254 4304 2610 2694 1598 2239 318 2373 2740 3429 25 2124 642 3869 4481 2703 2015 2760 3495 284 349 1790 4479 1560 3702 577 3746 2284 2521 1550 1833 4331 1329 88 2270 265 3745 2586 4011 1207 4474 3839 4624 3143 2915 225 1382 2817 4002 3613 85 2469 1222 3057 4537
4386 2163 3617 151 4358 1990 4396 1856 4810 4494 430 4335 207 3176 537 2127 3852 1644 3054 2602 4060 3724 2350 3139 1755 3831 2119 2798 3918 1841 168 3336 364 182 2373 3555 2160 2594 618 2054 2806 1109 46 816 4174 4956 1387 118 2842 114 2021 4338 3299 236 1350 3697 4376 3805 4096 4433 3173 4600 2781 1615 3852 1572 263 4050 2221 2486 4520 2171 2078 3404 4466 3181 2289 2583 4369 4105 1191 1970 1183 123 3299 53 4928 3038 4900 329 1579 468 865 2740 2274 3560 4835 3142 753 3919 2588 1037 3526 3147 2662 2887 3387 1102 4766 2023 210 969 1849 3417 4776 3050 1916 2957 3014 1685 40 1021 1287 4056 4689 975 996 1087 403 4051 2530 2241 4972 4898 629 473 2426 2207 3099 4336 945 3666 1409 978 557 3808 4611 1853 1146 1916 23 1610 2017 928 3044 1950 1962 986 1588 1489 767 3368 1943 4130 4708 1011 2135 3534 2299 4722 3817 3063 4536 1121 2505 2719 3218 4850 4266 839 4980 4412 3693 3444 4213 4444 4534 163 2173 183 2669 2997 1698 1017 452 4878 2428 1453 2141 260
969 1382 4761 2450 749 760 3255 763 1007 3738 1528 25 387 997 2051 1540 769 2826 1395 1310 2288 3169 2401 1704 3831 1296 216 2522 3647 2720 2823 3736 4400 620 553 3631 2178 334 877 3353 1739 3203 3792 2105 488 3179 3145 308 1158 1492 355 4893 2132 2383 3348 3490 4550 1421 1821 954 4095 2616 3989 4429 4467 4763 3041 2059 588 3980 2578 4102 1195 320 3680 1461 1889 2563 3955 3363 4743 294 3670 4614 3357 542 2271 4616 1209 4189 2995 760 2775 2798 4852 3493 1627 4289 4670 1506 1333 4068 1531 1717 3264 2942 1943 4171 3580 3971 1363 4597 290 758 1618 2127 2824 2303 4184 2546 3841 4046 2932 2510 402 4471 4376 4307 4013 3551 266 4772 2871 4687 4987 3081 31 1041 3210 1143 701 270 1667 3877 4679 4290 3842 2431 3570 3343 1165 3795 4518 220 3909 1072 1173 2244 2365 1098 3221 3345 751 4701 4233 3163 2571 3217 4632 245 2980 2474 3821 1346 901 2495 3168 656 4287 2355 2307 182 1602 3293 847 4261 481 2548 2963 1512 855 1639 4864 149 3718 4527 2062 3189 1994 4832
2513 4094 3400 1618 315 767 4825 4304 3883 1070 3485 2515 1614 4437 1673 3958 3443 2919 1202 2602 3512 743 1337 1880 2119 216 4971 119 3471 4279 263 4317 2801 2426 4640 311 2223 2815 2466 4789 166 1795 3250 1697 2920 4712 4922 296 3862 867 312 3261 4361 1896 3797 4634 3303 2092 2272 4373 1053 4059 2147 2122 1727 4396 2460 323 4743 1295 2617 2578 3716 4401 3962 733 941 450 4721 1595 1424 1391 325 1537 3420 2481 3666 1242 4759 4451 1765 1130 4805 58 3075 746 217 3674 4579 63 286 3929 2733 637 3912 1598 3195 4546 2604 1917 2183 1224 848 4960 2309 251 4092 2597 1149 4232 1041 3855 4599 2224 1194 566 1095 4775 1171 3535 2367 1505 4712 1608 4265 781 587 1527 1364 4079 2513 2275 588 1375 3232 1210 3863 4510 4516 1002 726 431 4495 3192 3155 318 2048 3954 732 1840 1993 1135 3424 4739 1979 2377 4054 427 4352 416 2241 1496 1794 668 4889 1179 4294 2675 1632 3094 3558 2278 740 1630 692 1670 1291 4275 1468 3491 1187 4188 2261 109 301 2274 2552 4367 1272 1182
2594 177 784 1868 972 4430 1515 2029 2414 3899 2114 3792 3044 261 1918 4853 1408 3498 3124 1565 3423 4636 4958 1847 2798 2522 119 3826 1392 138 500 3428 4585 1162 4254 351 2859 4244 3183 2035 1452 4280 2184 1340 4097 2717 4967 1704 3830 2934 949 1533 2377 4562 2987 1897 4048 3363 1684 2412 3919 4780 434 1966 3319 4540 3692 4795 2404 4787 4146 767 4773 695 2376 3505 3084 594 122 663 3579 4063 4442 2708 271 1814 2678 437 1696 4259 3744 360 2264 2761 442 3915 4203 2698 2535 3936 2538 2954 3293 2066 4144 346 3026 2886 4490 3664 453 2815 3941 2888 4204 2844 247 179 4490 2883 2065 4462 4365 3647 354 969 2356 3714 3391 788 354 2054 3366 1799 2379 1736 2425 1531 1218 2071 2877 2834 4547 2811 817 2045 1610 2881 488 2885 863 976 276 2744 2723 274 3068 4100 328 2795 3914 3414 1469 1926 4352 1132 1861 3346 724 2649 2230 1759 2594 4020 842 1160 4130 773 1504 2356 4984 3160 4174 3872 1760 2292 1887 1196 3415 1475 4386 2027 2177 1182 2047 1369 2575 1940 268 3262
1921 228 3040 1035 3723 4969 4912 3622 23 2971 149 817 2264 234 4640 3218 1581 3738 1862 2966 4053 2201 460 1040 3918 3647 3471 1392 2999 4092 835 2906 383 406 2193 3469 1746 3739 4601 3339 74 2361 829 4092 296 3618 4321 2657 3546 1489 276 4439 554 346 2973 2685 2943 2299 4786 282 4228 1680 4440 1692 2379 3698 1821 627 247 4788 4996 1155 3931 593 4401 967 4381 2185 3401 3950 4808 961 4712 391 4265 3588 3973 579 3293 3847 2698 372 641 1277 4465 4992 3225 4003 3305 597 4792 2455 648 67 1381 3100 2560 1806 2203 3907 4581 1530 1421 3688 4300 3391 3443 369 458 2906 4055 2935 4242 2892 4694 1620 688 1869 3933 966 3698 4026 935 974 1196 3780 4253 1209 721 597 3686 1387 4292 4826 2972 3468 1315 3507 2055 1378 2890 4377 452 2562 3662 656 1340 491 1894 285 4447 4954 3377 3021 1651 971 2320 4893 469 4002 3909 135 4406 499 4526 3553 2101 26 4220 1968 66 935 2690 1482 1105 2899 3407 3683 2146 4008 2252 3801 15 1716 2277 2181 2978 3956 4886 2665
4670 1521 3727 1014 3250 2451 751 3278 4320 2113 4092 4486 3096 3982 4219 3865 28 3275 1798 881 257 303 3654 1252 1841 2720 4279 138 4092 3012 4352 366 799 3015 840 115 564 488 4448 2698 2916 1552 1190 2126 3275 4801 144 3783 2062 2104 4174 3640 2078 3931 3914 3751 1918 4693 2964 337 3511 3792 4542 1450 202 2019 3706 1543 3050 2890 3079 2288 1072 2790 2441 2956 421 3829 1170 3123 827 215 127 3184 4440 726 3155 3446 36 3930 3390 2403 3479 2306 3238 4196 2607 3662 1484 339 4242 3892 581 1576 2448 475 4217 4808 2994 4373 4994 165 978 4110 4705 1702 4264 3936 295 4151 306 2432 2348 4237 3095 2140 4551 4610 958 3357 1082 4179 4169 4223 1388 3255 653 874 1854 2046 3096 1733 3962 4812 953 915 3868 1577 1092 1736 1657 3617 991 1209 113 2641 4328 2952 4636 1137 1127 948 2556 1592 3151 2252 4320 102 4995 267 390 1181 92 1410 4773 3462 1990 4759 2480 4241 4501 3994 2845 278 3542 684 557 4931 2155 449 3680 4698 2809 1237 4535 833 1408 219 2435 3494
2580 80 1555 587 1191 4837 4888 4361 1644 4930 1635 2168 712 1359 2915 2900 2623 3971 1012 314 3058 860 4592 420 168 2823 263 500 835 4352 2180 4595 2120 1309 2841 1447 2479 2481 4122 2526 4853 4155 4631 1378 4818 1618 4217 3070 1563 2550 4359 4955 2303 4383 21 656 4127 3398 2135 3986 1257 1247 3921 517 4580 2163 1299 4594 3130 3943 2090 3418 3417 1130 3076 3911 3742 2000 517 3987 3109 135 1582 3036 2487 828 2695 924 1751 86 2680 2436 4211 512 491 609 2548 4650 3083 601 2700 3469 416 402 3777 36 1302 1519 1803 2882 1998 1996 1399 4519 2239 4906 887 3161 1570 2855 2709 1410 2847 4079 2251 1209 4161 784 382 435 4060 1665 4724 109 4032 3471 2135 1629 1456 1670 544 4603 397 3899 3562 4319 4344 3535 446 2654 3232 3151 2040 2234 211 3483 1044 2019 2883 4476 3454 1639 2730 4490 418 3724 4797 3869 4619 54 3391 1417 855 25 1715 2784 341 3515 4369 2814 1439 242 2262 2517 4529 4874 3768 2156 3411 581 2055 4204 2137 3522 2445 299 2369 3303 3720 1639
4580 2084 187 1325 1672 4113 1877 835 3140 4060 397 4123 4386 1402 3269 2054 163 88 1572 85 4709 3905 949 4856 3336 3736 4317 3428 2906 366 4595 2250 2644 1660 2445 2897 3638 2316 1080 2499 4698 2338 765 1665 4950 3072 2496 4400 3508 4325 458 1040 3117 1013 3938 2067 2888 4514 1414 4087 1905 4724 2895 404 2491 2590 3920 1484 4608 2731 3374 4041 121 652 2227 51 4827 1067 567 2492 1333 2971 348 2134 1888 1615 3801 3026 4277 2145 2881 2003 1557 392 2551 1195 3427 1156 4590 2466 1726 2299 2578 3977 471 2409 3030 2495 2204 1549 4485 159 4117 426 1864 4657 1734 3458 140 3049 1045 3315 2242 4812 621 3795 4761 3414 2053 2986 45 1949 2929 3380 3121 200 664 4748 1413 2005 4705 617 2265 1739 4725 2287 1207 3439 3961 2108 715 4191 207 3972 1089 355 2968 193 886 2469 4613 3504 2302 698 1106 2490 1243 2174 4434 4134 2927 2795 1479 4766 2813 2100 1058 515 4783 3756 583 4028 3754 1366 1827 1446 4696 1871 2951 3813 1961 4058 4624 2171 2513 1654 2487 1279 2967 314
4471 4919 3665 3701 4486 3072 4320 4563 654 2043 4412 3628 1351 3680 3653 2140 3034 2899 192 4639 1879 3642 4540 1864 364 4400 2801 4585 383 799 2120 2644 4884 1608 3537 3422 2797 4558 4857 1782 1898 916 2320 4824 2819 2289 3148 4640 403 3148 1682 3850 444 3373 2047 3617 302 493 1265 1387 3907 2900 342 294 2290 4552 3852 4232 1929 2689 3572 4914 3837 4082 1100 1013 3078 3980 1437 1123 3345 2916 3022 212 1084 2094 2235 2459 3396 1739 2921 852 4618 638 2724 24 3647 1850 413 1792 477 3720 4388 1621 4502 523 3072 376 405 1594 2561 1917 3661 1253 307 4971 2701 3339 731 1660 4247 1285 880 751 4626 1171 2608 3584 728 3201 792 2855 3155 2873 377 3939 1085 3046 1766 636 3351 4696 3106 1669 496 2637 4257 1846 4312 3329 328 422 1419 939 1631 2038 305 3731 2382 2845 4034 3003 817 4073 879 340 1571 3807 4359 4270 4466 687 443 1571 2309 3889 3569 4949 3020 192 587 2532 2698 4652 1306 594 3706 3124 4736 2668 1307 3464 3384 3093 1079 2765 2725 3086 4404 4043
4757 535 2348 113 2724 4334 3385 1736 1107 4709 4002 2052 474 2911 1353 871 3682 412 3714 3154 4826 4837 641 4936 182 620 2426 1162 406 3015 1309 1660 1608 2892 4274 2451 1138 4162 946 4703 4340 1864 4592 581 3139 4802 3370 2148 2204 2998 13 314 3734 2405 1279 1779 3047 1944 3622 2926 369 289 4240 1601 1000 4326 1050 3341 2019 915 934 3785 4881 2601 4424 4855 2205 1763 4351 3960 1709 565 865 714 1377 3325 2298 3081 622 2239 3119 4569 4007 2812 1065 1918 2309 1223 3833 3737 481 2565 783 4444 968 4832 4439 4924 4951 3449 2178 2998 2409 1808 2408 4120 2704 4575 1405 46 186 3553 3053 2551 3162 3115 2921 2808 749 742 3554 3784 2739 3094 2551 1043 226 1901 425 765 3175 102 4762 274 683 3086 339 3880 4965 1435 215 1478 3398 3952 4242 4419 683 3884 3917 3637 3409 4956 3920 3204 4635 2425 4956 3529 4102 1098 2573 3856 1885 779 950 1005 392 39 3839 1535 60 3712 2737 2875 4782 2976 2779 3700 4104 71 4546 3377 2088 2324 4894 3133 2822 17 305 4829
4887 172 2751 4409 4427 2433 2699 2733 1127 3833 698 4400 4160 4647 1571 4755 3002 407 2407 1056 897 244 4151 1095 2373 553 4640 4254 2193 840 2841 2445 3537 4274 2232 2942 482 3363 3167 2975 524 2238 4985 4229 235 386 789 1287 1443 436 4636 1786 4537 1615 782 2477 1368 3754 542 1122 3857 766 2724 1111 4509 1083 4646 322 2939 715 3052 2099 1226 3437 3667 398 399 1492 3429 1272 3287 918 493 1601 1526 1814 2494 4828 2854 2807 551 104 2467 2550 3037 2998 2077 3583 1942 130 1357 2464 683 716 2795 3797 464 289 4812 293 2803 2505 3788 4426 1129 3878 714 660 2206 4711 2815 3156 104 2064 2756 2139 1709 908 3170 1871 4189 132 3384 4921 3075 3354 3394 2410 2121 2643 4790 2659 171 4534 3628 4271 4832 2581 4956 2338 2305 3155 973 4707 1847 106 363 3477 1560 3189 3574 904 4798 1682 273 4308 2227 1842 4502 1088 1607 4701 2473 240 4646 3469 1459 1469 3458 393 1241 654 1450 4374 1463 2327 3181 539 629 3586 3989 660 3255 3134 3316 2420 2810 430 2222 4371
3459 3487 2514 2176 396 1245 3732 1315 4241 385 4750 3624 3034 375 3300 2402 3132 1053 3084 4209 2399 2399 137 3290 3555 3631 311 351 3469 115 1447 2897 3422 2451 2942 850 2165 4881 2872 3144 2158 1684 4155 1105 1008 3858 2168 3765 1043 2328 1214 323 3528 2595 2792 2503 3084 3294 1146 4948 2033 3183 1187 2479 1358 4276 2789 2505 1466 549 198 1007 1690 668 2020 1222 467 1030 3124 3231 4717 4354 4476 655 3087 537 1419 2874 674 3281 3128 3945 4120 4584 1504 2622 4811 1334 1316 4471 4404 4392 1909 3550 4122 3449 1543 1556 2170 3718 1074 2556 223 2776 2906 4697 2089 1941 1535 3601 2850 1360 1525 3538 1077 1438 2424 1988 743 3246 3174 2464 1647 4140 4560 104 698 4424 1838 361 1267 4354 1023 331 800 4311 3743 2895 611 1445 3979 4375 3751 220 4434 1996 4297 4743 2243 2248 3785 887 3441 1240 2244 3080 3244 3441 4888 3312 1015 2327 2837 1579 4261 395 4770 3663 895 3046 1149 4180 4393 882 4105 4619 1320 4686 1822 3102 3515 3695 3875 4192 121 3131 1358 2388 2918 3686
1829 2657 3751 1455 4068 2050 3293 552 3372 166 854 1893 4118 1614 600 164 4084 2108 3546 4720 2433 996 3131 386 2160 2178 2223 2859 1746 564 2479 3638 2797 1138 482 2165 1191 2698 3530 780 3867 442 1818 1644 2590 2353 4064 969 4074 1296 3912 3200 2089 1681 3557 3808 1077 1246 993 4664 4290 972 814 3909 2931 2584 2049 3735 539 3382 1354 1938 3024 4259 1505 4393 2816 2559 3662 3020 3877 465 11 2077 3446 2908 3784 3251 3778 3936 1472 1995 218 3043 4586 4113 3014 1163 4964 3588 1485 1620 489 3429 3976 838 1707 3936 4844 788 622 308 508 50 2358 1912 603 1721 4832 596 284 2552 4453 3697 4740 2726 3800 1048 689 2808 1529 1515 1520 2169 4361 290 260 1608 2717 136 817 3150 3460 739 1528 1418 4023 4768 4599 3254 1328 3217 47 1885 4262 3435 2769 770 796 304 3636 4484 3639 2402 1447 4349 2856 961 2638 809 3245 1158 4777 4732 4354 3309 3196 1091 976 1980 866 3022 3919 2066 2103 4979 3664 3710 4728 4365 3909 2147 4978 602 793 2850 4921 421 3334 4843
4712 857 1139 4515 4801 1113 4379 2716 4787 4970 359 233 4108 444 1058 3622 301 2358 2393 562 623 3220 374 2947 2594 334 2815 4244 3739 488 2481 2316 4558 4162 3363 4881 2698 3128 2845 4279 4023 1193 590 1957 1940 3536 3145 467 1402 2058 497 3500 703 3636 1603 3258 611 339 4216 2860 4502 416 3118 490 4989 1450 3824 1024 320 2345 182 2816 3582 2585 1023 3165 2092 2020 1580 4599 1588 101 1053 2922 3299 4445 216 2792 4281 1118 574 649 1342 4157 3584 3211 1413 636 3459 3602 1193 3744 4466 3912 3598 4945 4792 4640 64 4571 1726 654 3633 150 1221 3309 2882 643 434 2825 2369 665 1046 4553 1177 3877 4791 3477 482 1194 1864 779 262 2587 921 1580 2549 161 481 1472 3781 548 1331 2422 4280 4339 2975 2721 2521 2408 712 3000 1565 2439 3545 3338 3152 4485 27 1445 1292 653 3068 4434 2943 4604 424 4695 4557 3744 1400 505 3436 4817 3646 190 4410 3182 4636 4292 1518 3548 4780 1062 1862 2695 4232 3839 1182 3207 2035 3417 308 4449 3664 4457 2247 2822 4225 1555
1837 3390 1519 562 51 1934 2244 3795 1937 1622 4446 1092 1514 2048 4737 131 4760 4071 529 2573 552 4564 2008 1203 618 877 2466 3183 4601 4448 4122 1080 4857 946 3167 2872 3530 2845 3699 4145 4250 4159 3690 1693 173 4156 3994 1742 595 3873 208 540 1672 3681 3111 2316 3852 2000 1409 4209 949 3211 4972 2519 662 2169 213 507 567 3684 1140 3547 4868 3754 2300 2232 4557 2719 363 3466 1559 17 3503 4421 3508 3228 3384 3444 741 1751 2700 385 2421 3284 1918 4980 135 1315 552 2099 2439 1058 2090 436 3991 4127 4280 1676 3194 4102 4436 4107 3304 3155 4437 583 2379 4218 3486 4108 1099 2950 1103 4987 4825 4240 1061 1442 2854 1731 3102 2106 2298 2953 4278 1207 1840 4870 4590 88 2139 4121 1770 3935 4200 1456 701 2201 1390 2712 3904 4988 2623 908 3643 3315 1368 1072 802 701 34 1027 2140 187 2888 917 1464 3523 4486 3710 4197 3819 2865 947 2270 2218 3058 2983 1985 3533 2748 773 4391 2120 3252 2989 562 1152 1520 2334 2989 1239 1862 3854 27 4105 518 798 3275 3256
656 709 1702 30 556 1851 2208 3662 947 3885 2088 1107 3831 1437 1795 2679 936 2342 933 3429 3063 1861 2851 2474 2054 3353 4789 2035 3339 2698 2526 2499 1782 4703 2975 3144 780 4279 4145 729 4144 936 4802 2792 3204 1909 588 1410 4497 1964 1062 3270 513 2314 3694 3751 2253 703 921 4656 2454 4744 349 592 1836 2444 892 3935 4591 3117 315 66 974 825 110 2490 56 4250 852 2157 3471 2005 13 669 4529 404 4963 2796 2995 3052 1033 932 2526 4030 704 972 2420 765 3910 3387 2399 539 1912 1674 1814 1033 389 2250 3517 2125 4479 4105 2685 3085 2635 720 4561 387 2532 1238 2106 2340 878 2465 2116 4000 3562 4766 4307 4210 2044 3118 176 4047 4919 2995 527 2854 221 173 631 2467 1620 2804 2153 1097 924 1867 836 1574 2785 4448 136 177 2295 1824 4490 339 862 2511 2521 3041 1526 909 4712 3877 3610 3833 2366 1190 4308 3163 3244 247 4375 484 1842 1818 3525 2802 2887 2092 2214 4657 4328 1347 360 1005 460 2247 325 3360 24 3448 2434 55 3489 1378 834 3923
