N: 200
M: 60
Symmetric: true
Triangle: false
7 59 74 107 137 85 132 108
4 157 7 92 131
3 96 17 38
5 182 162 139 29 188
4 120 57 123 30
2 153 54
3 150 69 154
6 122 49 145 67 106 159
4 72 56 114 149
3 152 18 23
1 110
5 25 163 24 119 51
3 191 171 124
3 192 63 146
3 77 161 195
2 165 41
3 148 130 87
4 194 125 95 2
1 196
2 116 104
3 158 35 151
5 90 6 164 187 84
2 168 1
7 20 141 197 52 99 78 101
1 88
6 105 31 177 143 81 118
2 64 111
3 113 12 103
4 184 175 167 79
1 28
3 133 80 50
3 26 190 170
7 199 46 37 93 53 180 83
3 156 91 178
5 48 185 173 65 21
2 98 4
2 155 10
4 138 73 8 58
3 44 45 176
2 183 42
4 60 27 172 94
2 11 174
5 144 129 128 135 134
2 82 70
5 179 112 186 9 136
3 32 39 193
2 16 13
3 86 160 109
5 140 166 76 40 200
2 62 127
1 19
2 55 89
3 189 75 115
5 34 33 169 198 3
3 68 71 121
2 102 147
6 15 61 100 117 36 181
4 66 14 142 97
3 5 43 47
2 126 22
62 2997 1046 1761 1234 600 1427 3618 4444 1874 227 3650 4193 343 4420 4960 4760 461 153 4898 2420 84 1147 807 4287 1348 2204 1547 1793 1078 3815 3647 4993 4931 2289 210 2342 1721 1240 607 4258 3702 3109 335 3838 2489 4527 210 3472 2241 4897 2720 1386 2068 4085 1107 1191 2660 3072 3234 4403 4387 3633 4309 4678 2448 728 3555 4514 3674 3014 1364 1236 2150 4646 748 279 3814 4984 3041 3606 3562 886 3283 1341 3503 3709 4283 4982 334 132 3764 1688 938 3953 4999 752 2143 331 2019 3449 3692 2898 4904 3407 2228 63 349 2363 1063 1231 4150 4803 302 3900 1985 4731 4565 3176 4809 3482 622 3037 3496 3537 682 1952 2987 2630 4933 3208 4673 4997 143 376 978 205 941 3944 4134 2233 2909 2719 2590 3463 2908 4045 1380 1079 2580 4218 4946 533 1723 4888 1580 1392 1181 2707 4128 3129 1906 1237 4626 2098 3264 2533 260 109 4356 2145 2794 888 3014 4279 3226 2161 1881 4022 4133 1250 706 2974 3012 1022 1068 4379 2037 1845 148 164 398 866 3441 664 4964 4211 4381 2301 1757
2997 1959 277 530 589 4139 2412 3819 432 3948 3081 1441 4391 3962 3520 3515 571 4503 4547 3603 2857 971 872 4359 3441 3539 3773 4273 1208 4898 4539 1215 2260 3418 1182 1895 4214 2794 2044 2613 3973 1444 3429 3875 2587 229 2110 4167 4992 3245 4682 1789 3585 1034 1780 3912 3979 3235 4435 3184 3542 4919 2182 584 1131 4975 3300 1003 4717 1570 3021 124 2509 4940 3227 108 4879 3454 599 665 68 3223 2884 1243 3999 3274 478 751 4210 4319 855 771 569 3842 3157 4953 1867 485 4341 4748 4156 11 3156 2245 3260 1964 4132 980 1649 4128 2665 744 1578 1187 4683 175 3069 3123 3216 407 232 1032 135 1104 2855 3475 1887 4138 3662 4580 3088 953 2595 216 3461 3577 2758 2617 1307 4604 1326 3825 4363 1920 2576 63 2827 3816 3499 919 4636 230 3669 201 3835 835 1965 887 4546 3239 1131 4033 1564 791 4490 3564 4248 4443 3588 2509 4067 26 2653 2576 4421 4764 3816 1147 1237 855 2513 3274 1745 3035 4426 3085 4965 2920 556 3126 1854 3690 840 4461 2426 1597 93 3100 4707 2457
1046 277 1374 4018 1901 2647 1254 2068 3174 4593 1200 4139 515 720 327 52 1052 773 4716 3847 2808 1966 1987 4729 1415 2955 2506 2670 2432 62 2961 4610 301 549 2315 114 4112 4419 2016 3617 455 1061 3944 2492 273 2127 1803 2195 1041 3010 842 224 3787 3972 3314 1478 2601 1094 2934 619 1538 2201 1662 2365 4920 1138 3965 904 3890 500 3130 727 1605 4065 3013 4357 304 263 1979 3885 2311 4053 3504 4350 1607 2084 3281 1321 3723 1740 4345 4790 2116 2168 1055 1448 4214 715 2607 1203 1769 2563 1243 4048 1309 273 1097 501 3820 1550 3306 876 1018 1040 2321 4318 1620 3292 3701 3222 3024 4885 3980 2987 3627 2887 3643 3507 4596 2322 2421 529 1000 4930 2458 2086 4210 2342 687 4645 1425 454 404 2743 2936 4206 3677 4649 3123 847 2439 520 2779 2770 4511 4400 817 814 1482 4861 837 3439 2113 1645 516 175 2008 2964 2441 2219 2127 488 333 1929 4563 3105 48 1470 1237 4868 425 2103 889 3980 4919 2702 2020 4370 1145 1388 1934 1921 1080 3010 4572 4993 2532 1185 3185 38
1761 530 4018 2060 3374 1584 3465 1369 1487 2461 3170 638 3310 3292 4971 4884 4561 236 3667 2135 3018 4336 1410 4751 2806 1378 4165 2755 706 2982 488 827 1518 4198 3775 3278 633 1735 4609 512 689 504 1130 4638 1506 3258 1937 2675 3213 2167 3986 2394 2511 1122 1761 547 587 3912 2733 1302 63 4014 1276 3050 2133 4104 1476 2799 3196 4782 686 2812 864 4286 959 4110 4197 930 2560 1247 1505 3735 76 935 1968 4413 2381 4235 3539 1348 304 1498 2115 548 151 2737 3473 2627 1585 4693 2522 2956 70 175 2585 1979 3023 4703 4537 2313 334 3915 3496 3294 3324 605 3915 780 4374 2363 2207 766 3882 3925 3695 2611 2102 1421 1303 2864 4958 3195 872 4554 2960 4607 1051 2595 2464 1849 1278 289 1770 439 4775 1636 4450 728 1713 830 1344 3042 1838 3209 1750 796 223 1626 3581 950 2436 168 4505 4293 725 4376 1326 4121 3371 716 1395 194 3430 2733 4650 184 2868 1014 2537 3161 2549 2122 3347 898 142 853 4349 176 4756 2451 4687 3358 2384 2839 3858 1328 2353 2277 4335 687
1234 589 1901 3374 1668 800 4784 1876 4155 2824 2214 4442 4631 4303 251 1587 2490 1814 76 3706 404 4650 914 593 967 4405 4392 3498 4183 2496 2645 1574 3361 3280 3109 1176 3461 3864 3898 397 674 746 3554 2837 1372 1969 1185 4348 3622 3948 4097 1389 969 4726 4883 807 2644 3052 585 4582 2817 4958 291 1765 4195 2240 2397 1897 1356 3858 1788 4828 3184 4148 2373 1383 1313 4070 623 2873 2846 1783 4289 4065 4591 3825 586 4375 2849 3228 4094 2846 1890 413 2185 4491 3149 2858 4161 4984 662 3190 2940 3937 4008 4424 2124 4114 1363 513 1111 364 4339 2554 1887 4371 2282 2766 1477 3816 1868 1391 4350 3102 1362 2793 3109 4730 1278 1458 4713 84 1531 473 4750 4045 3075 1755 4545 1634 1033 3634 3394 1566 4828 1075 1217 2167 2251 2633 3325 3482 1290 1239 2996 2910 2562 4009 3196 3318 1486 2304 4874 1761 1831 4593 4541 4403 3854 754 3503 824 1973 4726 4287 3685 2110 4094 348 4484 2534 468 670 1002 163 2225 4007 3114 2879 2332 1086 3355 1068 2462 2425 666 3569 2441 675 4692
600 4139 2647 1584 800 3795 813 969 1943 4185 1395 1141 734 2612 3385 3051 4343 872 575 3333 3682 3968 4699 4843 4866 1349 4379 1124 2845 525 3233 4043 555 4652 2006 4747 3200 246 1757 4708 1298 234 4229 1615 1856 1768 3536 3946 3429 730 3411 1175 4415 3342 1438 3821 246 4715 1862 560 1079 4253 2505 2233 4816 2934 2745 3079 1682 3204 3258 3353 2734 1253 3358 1999 467 4408 3982 1481 3851 4469 3132 2070 4394 1116 2836 2369 1663 4636 889 1348 596 2818 4407 504 829 865 4994 2287 2666 2720 2023 4808 453 4902 3880 3908 3919 3081 2070 40 1729 1521 1891 3171 3325 3047 746 56 695 481 4111 1297 444 3232 369 80 420 694 593 3988 3836 2056 469 1238 2231 4736 2697 1965 4384 4593 1307 1599 2700 1190 2390 934 3758 87 4582 2012 3453 2660 2512 243 1534 2699 4305 1652 1000 2462 1673 2985 2282 4116 2132 3076 4553 2927 2007 1046 3812 4695 3060 2441 3802 2045 2718 2795 3288 306 4736 4876 3806 504 3506 40 1918 1823 4224 4415 4291 1252 865 1707 1363 174 2853 4190
1427 2412 1254 3465 4784 813 1324 1683 2749 1933 101 4589 1859 1297 1974 3157 3066 663 4790 1454 646 4429 3442 911 1856 2585 1472 3853 1594 4129 2746 536 3035 1580 507 3127 955 2741 2793 484 2921 190 878 4118 4654 2410 452 115 996 3830 566 696 632 3913 2572 75 256 4071 4005 3821 1622 1579 869 972 3085 3809 2213 567 610 3277 2285 3110 20 4883 3486 216 592 1833 3759 2478 3071 62 4884 4855 720 4261 4787 1114 4979 3408 4526 4861 2514 873 1877 736 4218 3181 4814 4845 3603 4484 2853 1758 257 4388 2666 4539 1230 512 4876 1381 683 2261 2368 2085 1862 4441 392 3884 3862 4008 1821 153 3225 152 4417 2349 1518 4135 762 4181 193 3886 1172 3923 1174 1113 1590 4884 1126 2718 3945 1742 1762 2282 896 4007 284 4557 725 77 1810 3764 4046 3771 4881 4968 738 323 1204 4186 2609 783 1697 2010 3307 2048 1989 4606 337 3403 561 3815 3007 1840 2760 3972 4782 4123 1743 839 401 563 2644 3526 4940 1365 4523 1182 1867 1794 84 4867 3253 4429 503 1442 1558 132
3618 3819 2068 1369 1876 969 1683 2949 844 4887 4031 73 2164 203 655 3358 332 2897 3064 4799 3148 4474 1979 3003 3009 28 174 1736 1096 2411 3877 3353 106 2521 4445 312 1076 2361 2683 2568 663 2323 441 4660 2739 2734 2833 4061 1166 4739 2687 3643 4991 3788 1405 3554 3576 4005 2261 1001 3214 3963 1472 938 4049 492 3787 1893 4326 3139 589 2138 1463 2772 3764 901 567 3540 2788 4893 4819 4646 1693 1525 465 4196 2784 1100 3613 1672 2928 3049 2197 3404 4362 196 3587 1141 2012 2149 1127 3132 2585 761 1626 571 3405 4220 1180 3376 4234 3543 4034 4328 4043 1096 749 595 4912 2417 1916 1914 747 692 4844 3771 2682 4217 2359 911 847 852 616 1129 1017 4229 2144 1286 2525 1809 1187 1089 3323 1305 261 1033 88 639 1221 3765 2948 2239 511 1720 2615 223 240 100 3317 3461 1982 3467 1907 4784 3273 38 2245 260 3015 4370 3482 976 882 4523 3607 3635 1554 2759 1696 3430 955 4333 1232 1244 945 123 975 2090 1127 1752 2489 2932 1620 1010 4708 1545 1037 3868 2637 3461
4444 432 3174 1487 4155 1943 2749 844 2270 2007 1094 1562 2982 3684 1101 3421 2681 1383 677 3683 387 3629 890 4773 394 4446 3260 2459 1042 4656 2808 421 3132 4164 1141 3741 2667 1946 4506 1813 292 3405 4206 248 1137 2235 3251 1072 2490 2581 463 4143 3749 1759 1837 4648 4197 4836 3119 484 2914 1798 1256 1591 168 1746 2117 4229 244 457 3747 2192 2740 1082 4377 3337 1890 3382 3657 249 1259 4478 1197 1825 3223 326 2835 1289 153 1050 3274 2005 4428 417 1400 4838 1434 101 1867 4757 4675 756 3977 3663 1372 1686 3549 4948 4552 1953 4496 2922 4903 4614 2990 2830 3781 2723 3134 3540 2536 1748 4703 3152 3288 4921 1573 3236 284 4327 1694 437 2854 1767 955 2867 2657 4995 2132 684 3187 915 3067 746 3861 2098 3494 4101 3373 1470 2135 1715 3482 1890 4779 4451 4095 4745 4850 4765 4411 524 4680 1648 4028 4345 4772 1997 429 1521 4353 458 673 3597 1345 1460 2469 2219 1204 4610 4095 698 3059 4634 3348 2341 4319 4816 2291 670 1992 2412 3589 856 2196 4442 3573 4220 4294 892
1874 3948 4593 2461 2824 4185 1933 4887 2007 2714 2713 944 3584 21 2330 439 241 3258 2649 4895 264 1206 795 2275 2526 2825 1345 4614 2495 438 1300 2374 3685 1340 71 2816 794 2879 285 289 4905 218 3746 4353 1244 1592 4769 4814 3410 2596 3665 4716 653 1011 1772 1775 1257 2513 4975 4134 3736 3015 3677 3718 2007 3835 2820 692 1383 1513 4302 225 3344 591 2722 86 401 4378 3543 1036 3593 4981 2912 3926 2859 2195 3688 1143 4022 3359 1350 124 424 1665 245 1409 4077 1324 4364 2461 2850 4261 2613 4900 2660 129 2021 2086 1520 87 1780 1582 2222 1597 2492 152 1012 1213 1710 4264 1061 4856 4878 917 4674 3945 4771 4739 3262 768 1678 458 4677 4824 91 1406 29 721 823 2563 222 200 43 54 161 1762 2395 1904 2566 4731 3510 370 3454 2603 2097 4499 4053 4712 2431 1583 2965 3281 3467 4583 4145 3871 1322 4062 2806 1391 1427 1327 990 2940 155 3891 3140 1235 3059 1661 3290 1524 1127 3350 211 4911 1353 146 4760 4234 4045 4857 4839 3885 2849 2942 916 2311 2805 1421
227 3081 1200 3170 2214 1395 101 4031 1094 2713 1826 2162 440 966 4839 4747 3606 923 1117 676 4081 2390 3808 3525 1447 2796 2176 2581 2609 1299 486 2648 4139 328 268 279 4750 3430 3667 1858 1666 3128 543 803 4737 1010 2884 4972 139 2429 1898 1100 1698 1567 4155 1470 3449 1492 2355 1514 831 4213 3048 4785 2469 2784 507 2869 2060 3029 2113 2351 2771 4452 1198 3886 1945 2639 4903 1164 974 24 3105 2412 657 3370 2972 1958 473 4748 4339 3709 4746 1849 1063 3337 1761 660 3936 4523 1363 4890 2856 3394 4992 2421 4760 1967 3941 2659 1030 2434 1514 3545 3175 3577 4818 1745 964 2585 3739 1551 1057 982 2920 4271 331 1315 2152 2325 276 3217 3321 2555 3187 4893 2549 2524 551 3947 2356 4396 3279 3514 1450 4621 4143 374 4138 3035 852 2177 3994 935 3843 1839 3070 4767 3998 2191 2865 2918 2372 3032 3268 4179 522 4237 4362 4785 2202 4851 4718 706 4673 1261 3302 1607 1957 4611 3682 3889 2199 4772 3618 2007 2869 1339 792 2456 3907 39 1329 3158 2804 110 3826 1192 613 574
3650 1441 4139 638 4442 1141 4589 73 1562 944 2162 38 1633 3073 2137 3068 4397 4253 107 122 1502 353 3979 2601 2509 3703 3551 1650 917 1412 1369 3385 4175 770 1358 1351 664 3128 649 1989 2900 3736 553 1633 2575 1990 4123 4242 4813 2659 3202 250 1851 2731 114 4698 2409 3447 4629 406 2494 2037 3602 4435 3127 937 735 4326 866 4712 3905 3522 2852 3565 3332 2821 3583 1892 1537 1427 1372 14 2500 3359 924 73 3106 1618 3799 1020 3920 2960 2736 672 4480 3029 2616 1753 4751 1300 4114 3463 1071 661 2492 3970 861 3211 3897 2014 920 788 3776 571 34 2997 3076 2875 1532 1096 74 4647 1084 2986 2487 3767 4876 2314 4712 4320 3644 2971 1437 4970 4084 4877 906 2747 2945 3397 2288 1134 3051 4502 2832 387 645 3620 2704 2530 2124 3250 2706 321 1124 1888 4647 2119 2318 292 330 1286 2586 2252 1206 4886 4161 112 1201 4546 4672 2128 2675 857 4469 4431 1556 493 4156 4159 2244 1058 3176 4268 3005 1570 4354 2399 1543 1685 534 2756 4302 1056 2422 1585 4873 4556 708 4995
4193 4391 515 3310 4631 734 1859 2164 2982 3584 440 1633 2775 362 435 3592 4076 1718 4731 413 4632 199 3295 1831 2498 3256 2125 412 4593 2664 510 803 4247 262 4580 4314 1654 2615 567 2811 4020 1763 4451 1843 3449 4633 2995 4909 3782 3512 1169 4507 524 1976 2568 4371 775 4324 2619 1311 46 2154 3882 2875 1143 4175 3548 4823 2628 2918 4802 3647 1969 3307 4030 608 2338 2117 1934 1021 3813 120 2133 4704 3755 4498 4434 1244 2422 2022 3903 4301 568 4546 1842 3944 2878 2028 1590 3453 4485 1969 4706 4360 4648 3066 1201 1648 864 4456 1529 3572 2911 3882 2388 2078 4307 4729 3963 2909 2446 2502 2756 666 1741 3817 3973 1441 3880 99 2492 2341 1723 922 1847 1629 3733 2747 2163 3569 1278 2106 2209 3655 3435 1116 3562 3465 1532 69 3899 4321 3774 3407 4475 4693 3252 3509 4310 4924 3411 924 2609 4064 1973 3109 627 561 216 1363 4617 451 2612 3745 4712 560 370 3609 2123 1512 111 240 1407 4715 1369 1701 1245 2948 1458 2809 3478 581 214 3084 2745 2235 1577 1361 2437 2181
343 3962 720 3292 4303 2612 1297 203 3684 21 966 3073 362 4360 4845 2173 716 4006 3573 165 3930 3452 813 4593 4272 1534 1683 4634 4348 1402 3407 1448 3699 3236 1232 4665 3123 981 1387 3695 2659 2993 4134 2164 2649 4137 759 1385 318 607 4317 3247 878 1264 3637 952 3428 560 645 1094 4783 665 2282 4023 3547 1247 559 2591 1678 600 804 1869 2481 2834 1418 2834 4728 4802 4561 4588 3130 3533 4504 1032 2863 1105 3363 1865 2094 2321 3991 2969 4434 3600 4474 1633 447 211 3631 1702 813 1919 4981 1738 424 1552 1756 870 634 3877 2840 4269 3108 3588 2542 3490 1891 3615 896 534 2707 234 2567 2691 3559 901 246 4236 4934 1121 1263 4629 1000 351 3769 418 222 1086 2701 2267 1902 3444 420 2916 356 308 984 67 1590 2045 3981 496 3299 3665 3507 865 667 2763 1198 660 2151 286 1325 1331 3182 2694 1974 700 2247 3981 1203 1877 4551 2155 3033 3610 49 2813 3173 1537 4121 2667 2989 219 2899 4562 1033 536 1699 2197 2580 1184 2746 238 4690 4420 4742 752 2749 2776
4420 3520 327 4971 251 3385 1974 655 1101 2330 4839 2137 435 4845 1329 4114 351 3678 2302 4023 4186 2812 432 541 2705 1638 3223 2360 4542 3109 3577 265 4997 2143 2702 1698 2333 4988 4053 3975 3299 1653 4356 762 4076 1425 1556 2316 1907 3914 3472 934 4475 540 4054 4064 4623 779 3963 2610 4237 325 3714 4213 4126 1273 2531 760 165 1396 3852 3827 3811 3798 136 4606 2350 475 3163 1445 3231 798 1555 450 1168 2281 4398 3389 2511 1358 4072 1205 3516 83 1872 3050 2445 2192 4390 3161 3904 972 2986 3337 3737 2227 4758 3049 754 4519 3038 4856 4260 3725 3113 2944 4498 4125 2607 4790 3946 2195 494 295 503 3190 3363 4882 1440 4692 1616 985 3986 4161 4126 2034 187 3990 3396 1657 3383 690 2750 3630 3636 280 2818 3267 3561 1791 4136 4215 4409 986 648 1633 4758 1772 4915 1605 4474 1020 1475 1330 4947 2173 3163 4731 4659 3007 2213 144 1266 2652 823 2115 332 140 2767 2414 2737 3522 1486 182 280 3886 3272 2487 1154 201 1750 2432 1167 100 1332 2555 2204 2587 1942 2691
4960 3515 52 4884 1587 3051 3157 3358 3421 439 4747 3068 3592 2173 4114 2492 2596 4656 2703 3121 3910 172 3211 304 210 4346 2088 1771 437 2570 17 1876 376 3071 4862 1704 253 3210 3763 4260 555 4527 182 2049 2254 3664 3695 2151 1707 3910 1070 1981 2971 1097 2494 57 519 681 2100 1578 4855 4004 202 522 1253 494 3724 1572 1025 2598 1384 1620 1385 2021 3077 3874 1830 1250 439 3215 4454 4064 998 1029 613 3330 3021 2673 52 2684 3428 714 4620 4023 4869 4911 1409 588 3317 3339 2159 2322 1314 4635 1562 1048 3106 4816 4931 2481 154 1481 617 4299 1125 3650 3468 2712 1784 495 3053 3970 4157 1279 3891 398 4394 2349 116 1669 4170 379 1100 2164 1397 4243 3196 4361 567 4099 3527 1692 2621 1570 4009 2702 3286 4132 853 3726 1881 888 3944 53 361 191 1564 1722 3177 2492 4498 2270 1361 954 170 837 3560 703 1277 4541 272 3043 2021 919 790 2956 2060 4424 4184 416 3864 4360 20 2435 4742 857 965 2925 2200 2572 98 3050 4226 2330 1578 1077 4615 387 2206 1941
4760 571 1052 4561 2490 4343 3066 332 2681 241 3606 4397 4076 716 351 2596 1068 1138 4261 4746 1192 724 2613 3943 4676 2295 4695 4179 754 3384 2907 3327 2430 1326 183 3828 1288 2738 2553 3484 3435 2401 3883 2249 2712 690 668 3364 3847 4805 1688 2370 74 3412 614 4894 4450 3318 2985 973 936 3215 351 3521 3730 1262 910 3989 2644 3814 124 3339 1103 2832 1277 4377 2210 1640 3282 4516 2345 599 2457 4133 4034 3889 690 2991 2230 4253 4623 1421 973 3182 855 4787 4635 2660 3946 2055 2688 3639 2997 1455 3878 2985 2113 4031 1845 587 283 4796 4797 4909 1894 366 1697 2968 3815 1320 4715 333 4524 1872 3232 2141 4987 4352 275 4859 3934 1715 748 772 3512 3257 1090 1327 4070 4020 3305 2407 1213 1846 4277 98 3414 3914 4318 64 2392 2163 2567 2183 2989 995 1189 1348 4274 735 3624 4392 4197 3723 1086 4088 1641 1640 4906 4987 1044 578 2469 2158 1295 1321 1239 556 4150 3633 782 3063 2312 1956 3005 4486 3795 3739 91 941 1361 913 2010 2505 576 638 4389 865 143 1234
461 4503 773 236 1814 872 663 2897 1383 3258 923 4253 1718 4006 3678 4656 1138 3863 1461 3838 1019 2916 1358 1039 2959 2985 3274 3640 1575 3665 510 3122 1323 3350 2845 1462 108 996 4044 1957 3301 3206 1456 329 3975 3698 1436 3084 2964 2000 2028 3223 1837 1332 2357 1915 1589 89 3580 3191 107 968 4633 4717 401 212 4006 4271 3362 3512 4201 754 3281 2674 2005 1408 534 161 456 4094 3180 3417 548 4415 4722 592 1592 398 50 3313 1794 447 1656 4821 1610 490 3579 2724 115 1498 4588 3197 1174 825 4124 1946 4109 3716 2352 4453 2081 2450 2260 4600 4676 4380 3235 3250 3661 3062 180 1185 1098 2535 241 3872 3922 394 1022 2795 2280 1541 2406 340 4814 2041 1230 1538 3046 3797 702 3413 1101 2787 811 4591 3189 2425 3621 360 4801 1446 3909 2970 848 2483 2968 187 572 3210 80 684 2428 4532 888 3688 770 1867 4621 2367 3282 3309 562 999 1133 2244 289 3246 4664 2950 2839 2456 4841 3033 4782 387 2664 4755 2795 4790 77 1953 1059 2198 484 2646 1795 1369 271 4813
153 4547 4716 3667 76 575 4790 3064 677 2649 1117 107 4731 3573 2302 2703 4261 1461 3072 1007 4140 1828 4525 1269 2996 2695 3830 1591 1192 1069 1802 12 4873 3412 3423 707 2993 4166 104 1724 744 572 2358 2391 3902 3940 3532 673 3627 3011 3378 4922 3472 2665 1763 2247 2299 2610 1647 1607 4125 4932 1334 1041 681 3185 3668 4362 3205 941 4151 3615 3911 4161 1402 3351 3169 2110 2508 1757 2217 4772 4474 572 4208 3532 3848 3101 937 1241 3518 1708 3208 2109 3733 4622 2614 2953 1690 3535 3596 4778 4977 3372 2097 3553 2985 1094 2707 3279 4776 603 1842 1103 1847 3438 2882 1013 2780 2709 508 1248 1878 2530 1703 780 3612 4486 2928 2458 3101 3659 2322 3823 3228 1175 3021 2957 884 3425 410 1373 1771 3044 1532 2339 1346 2521 1311 424 1708 4548 4758 354 2443 4801 3334 1404 3397 3145 909 4987 862 2471 2140 2134 1067 400 1888 2273 1459 188 3557 402 2568 1117 1023 1127 2618 4694 1653 1534 4431 2146 925 2822 952 859 2454 3786 2049 26 3141 3436 1699 805 1055 4862 2778 25
4898 3603 3847 2135 3706 3333 1454 4799 3683 4895 676 122 413 165 4023 3121 4746 3838 1007 3395 542 4374 3248 2338 2990 4142 702 3025 4622 691 3676 2348 532 3019 3962 4326 2491 4869 1287 2411 1068 4319 535 857 3028 1822 3685 4662 1120 3827 1840 2155 2758 4323 3237 1133 3899 3078 3540 1568 807 3480 2999 2834 4427 3025 1563 4735 2377 3429 527 3100 116 4466 4284 2205 3695 2177 1791 2236 4326 2510 274 275 3273 805 1799 2176 4592 238 566 2255 4059 1237 1611 2240 1807 2629 4970 4598 2960 2612 3352 2764 3718 3221 1168 1203 3088 3728 935 52 2401 3734 4168 637 2995 4355 294 2236 930 3327 423 1143 2117 45 162 1935 4616 2379 3415 1223 825 1440 1279 3333 4147 2223 4069 647 4007 470 3924 1181 4048 2259 4050 2773 4485 1593 628 4767 1844 2675 1721 2014 2061 2268 1936 1094 4768 253 1566 3624 3371 1607 2679 3858 3855 1817 2674 2480 410 1138 1855 1574 598 3468 3160 2762 2345 2309 2976 3479 2743 2311 2453 2545 3408 1625 1191 4366 3043 1577 2486 4873 4291 998 601 3730
2420 2857 2808 3018 404 3682 646 3148 387 264 4081 1502 4632 3930 4186 3910 1192 1019 4140 542 4992 2433 4091 728 2591 2037 3158 2711 17 3517 317 916 3274 825 402 663 2986 3837 3848 857 211 4914 704 538 930 2242 1170 2813 415 4201 2538 2108 49 1325 3247 841 2984 1802 2121 1663 3556 2714 1320 2871 4075 4132 3410 390 975 3493 464 3373 3198 4377 4277 4785 4555 2697 2070 1329 2606 342 3209 4089 4983 294 2448 74 4875 2436 2554 551 1067 2679 4359 2741 3186 1620 4910 969 2003 3470 906 1926 3299 4541 259 4870 1726 1541 3626 4319 4741 2474 3334 2081 4907 2535 1901 1018 4400 1117 3479 558 4516 1388 3113 94 1780 619 112 3012 2082 1646 2980 4325 4960 3066 386 2598 211 3078 4808 2310 2195 1062 1515 1011 3710 913 1838 4296 2086 4331 3419 2195 2694 1627 2886 1018 2518 4378 1124 2779 2479 1928 846 3470 877 3979 3713 151 3907 1784 3899 2384 425 1693 4898 2417 1781 81 1898 3979 4405 198 52 4831 3727 2521 2202 3096 2328 111 2297 995 552 394 4019 2938
84 971 1966 4336 4650 3968 4429 4474 3629 1206 2390 353 199 3452 2812 172 724 2916 1828 4374 2433 1869 1504 3183 2834 4387 3422 2618 2047 4124 838 1200 4887 2930 1302 4552 4105 3334 3839 1122 2023 735 4787 3379 455 2444 1739 3652 576 331 3908 3903 684 118 1450 2266 3692 3947 4004 849 1535 2407 4937 2966 4267 3126 2712 1926 4946 3664 3467 2368 1227 483 1810 176 3914 1498 1890 3137 4486 1073 4104 4311 4994 2959 2390 2788 3292 3991 4501 4126 3871 284 1364 1610 3238 4251 1307 2618 3803 3930 73 3032 2920 2119 786 443 2410 2691 4757 3390 3914 2744 2002 3110 2254 2269 2580 4721 3733 1023 1270 4256 606 4997 1847 577 1142 4113 4526 1253 4140 4268 4219 2038 633 1485 4557 412 3606 3707 2201 399 4545 750 4892 2792 147 2438 3848 4572 4476 3580 2228 1148 4151 4381 1544 1602 2479 1209 2019 4857 1332 3625 4136 41 4606 4768 4700 917 1764 2511 1387 599 655 867 3216 333 1620 4027 4029 4214 470 678 1132 3595 4199 4027 1769 2417 3176 880 4789 2397 2468 3275 1314 3160
1147 872 1987 1410 914 4699 3442 1979 890 795 3808 3979 3295 813 432 3211 2613 1358 4525 3248 4091 1504 1540 4662 634 4354 3977 4653 4455 3968 4287 48 3283 2948 845 273 2215 3059 776 713 1322 4040 2258 1433 4030 4270 3291 2868 1744 546 4384 2467 1898 3556 277 1382 508 2178 405 4630 2253 4161 4867 3510 2888 4896 1439 1695 2730 1717 769 840 4364 170 2009 1131 2524 571 755 4267 3356 967 4990 3622 4466 945 783 2997 621 145 3107 4361 1088 4588 3046 845 1624 2064 383 2291 2216 2934 955 2004 3197 3602 1259 3495 4308 726 3108 536 2619 4900 4911 4182 2903 3102 2894 273 2058 2935 1283 4860 4819 4809 3618 822 2092 3436 2035 53 1836 3636 1957 3276 4991 676 4264 4710 139 1328 2982 412 221 107 1311 2463 406 4415 3193 1689 3360 4827 608 3366 4102 4904 2025 1411 1782 1131 3467 3760 1196 1480 3095 4164 779 3062 1643 320 1712 3071 2785 158 1724 4163 4034 1128 746 311 694 2201 3778 804 309 3435 573 4489 3476 1356 4551 2983 4749 2236 2264 4104 3548 3279
807 4359 4729 4751 593 4843 911 3003 4773 2275 3525 2601 1831 4593 541 304 3943 1039 1269 2338 728 3183 4662 1654 3768 4246 1959 416 804 749 710 3048 4368 3169 2542 3086 3051 1207 1554 4370 4520 604 3363 3345 723 2790 367 4535 2848 4457 3877 1665 189 1418 4404 4705 4679 3473 1032 1255 3759 976 4231 4960 1989 68 3548 1985 1364 3979 2307 1705 4955 1401 836 4325 2188 3638 3282 4683 331 44 447 732 4254 1765 4270 3566 2059 4976 1926 1260 2839 2446 4674 2149 2468 4200 1939 2637 761 3531 3895 1558 750 1769 4423 2825 4791 616 1357 4623 4109 4144 2751 2974 2329 144 428 367 11 1076 940 1569 755 4696 3706 2315 74 3856 253 2593 3828 1739 820 2064 4241 2518 3471 526 4325 2511 4503 4522 2520 1630 1234 329 2042 595 4121 4304 1847 2322 1875 4670 2245 2174 4873 2534 1232 4621 922 2112 4827 1210 1876 2669 3006 2680 967 4152 1619 4954 3587 364 3413 859 1585 4002 10 1311 3073 4424 3111 2366 3236 4519 96 4525 4179 1174 3152 1791 87 1234 798 369 2456 2019
4287 3441 1415 2806 967 4866 1856 3009 394 2526 1447 2509 2498 4272 2705 210 4676 2959 2996 2990 2591 2834 634 3768 238 2426 4218 2586 3993 3293 1803 1653 573 4272 1120 2712 3228 4213 1392 2232 1912 3748 2241 1500 1851 3506 2415 72 3090 4326 1482 3414 2873 822 3774 54 1194 1465 1164 2326 4176 3267 3942 3359 2836 46 210 4100 3148 2715 1572 1142 1648 3422 1123 1839 4832 1765 4702 4435 2212 4107 3920 3197 4937 1395 834 2611 2834 2565 4571 683 835 1020 2504 4207 4824 223 1967 3705 2537 350 4088 4773 636 68 1046 1991 4414 524 3842 4523 3485 1843 247 2186 1127 1520 1221 847 2871 407 3359 360 3594 2004 3895 1559 1331 1664 4858 647 2886 2631 1320 3781 466 479 3128 245 4782 3802 4436 4461 1632 56 34 2785 2736 1905 4148 85 3536 214 4213 3122 1400 1028 1563 4864 4090 4618 1232 3831 4990 1686 4198 3903 2687 1734 1099 2120 3118 3549 3294 3606 3039 4859 4551 1059 4634 3698 3444 2562 69 3646 638 4105 2175 2594 1154 3611 72 2236 4390 260 4655 4445 2204 2251
1348 3539 2955 1378 4405 1349 2585 28 4446 2825 2796 3703 3256 1534 1638 4346 2295 2985 2695 4142 2037 4387 4354 4246 2426 761 4090 474 2749 3858 90 814 2590 3771 1576 3165 3567 444 2130 2718 1227 4257 2011 1960 3174 449 2841 4520 4596 670 1059 3394 3529 2137 751 4193 1269 4782 2291 2376 710 725 2942 444 417 1034 1943 1229 1710 251 4576 4546 2576 3294 866 2252 3794 2348 4866 3003 1568 537 3785 4629 3597 4013 4395 1018 1083 3802 263 3506 3194 4831 3188 4823 1517 2370 2770 3665 914 1555 4299 4098 1542 832 212 4820 777 125 4398 1614 4686 615 4225 1595 4685 3843 106 3803 4700 2567 4063 1155 534 2553 4841 2744 1161 4271 2882 2767 1755 1304 3751 4023 1329 1568 3447 4067 4357 674 4737 4938 2121 1374 2101 1148 701 4617 910 4287 2717 2758 643 1082 2034 880 2158 183 1616 756 1753 1267 3297 3863 137 1258 3956 2343 3830 3201 563 2726 4717 421 552 4964 3396 411 704 107 298 1674 1179 1446 4466 4234 2874 737 438 3951 2445 3173 3920 2983 4922 2126 4594 717
2204 3773 2506 4165 4392 4379 1472 174 3260 1345 2176 3551 2125 1683 3223 2088 4695 3274 3830 702 3158 3422 3977 1959 4218 4090 3442 3506 1199 1222 3060 1730 3032 3078 4876 4629 3181 3094 534 1420 4385 4206 201 3984 2578 3934 3079 2637 4818 1486 1990 4826 3941 2228 4921 1045 1156 482 3286 3869 2681 3305 4987 1034 4890 271 75 1047 3358 4560 1996 4496 2661 1410 4856 4867 1889 2325 2435 279 3509 3082 4415 1603 3812 628 1871 934 1465 3712 1781 2701 3536 3502 1931 2710 4328 373 4787 2756 3704 4449 853 4435 3386 2198 1889 1489 797 4476 1721 2464 1211 2343 2636 914 2208 26 3705 2297 2182 4108 3239 1145 3914 3919 604 3737 3155 2300 3461 1528 3766 3568 2986 2845 2053 3024 1382 4662 4781 3897 3992 3611 3167 2559 1227 4885 3263 4542 4957 279 4853 1542 4198 1156 1226 2428 1046 988 700 1022 2463 653 3066 3591 3651 2631 145 2815 483 2416 569 1617 2189 1136 3416 1283 1738 2289 3463 3600 1824 1153 2499 2672 3695 3478 3189 2283 3300 701 506 2192 4503 2048 877 2424 3919 3644
1547 4273 2670 2755 3498 1124 3853 1736 2459 4614 2581 1650 412 4634 2360 1771 4179 3640 1591 3025 2711 2618 4653 416 2586 474 3506 645 1293 3281 1710 4199 3186 2007 341 3525 4903 1590 2699 3041 325 2608 598 4635 306 2707 154 847 1423 905 1703 1654 1737 789 2928 4149 2552 104 4937 643 2910 2137 3311 478 3861 3425 4498 2487 3823 2332 3695 4475 1542 2937 241 3124 2501 1817 4101 2894 791 1015 3512 2380 2391 2000 4344 1097 181 2379 1080 4076 588 2466 3117 4557 2343 980 1778 3279 149 4923 3679 3025 1494 661 1997 3796 2083 1318 1813 1843 4010 2292 3221 3660 3619 1891 4798 194 4564 4812 4797 4400 280 3923 2245 4861 2247 4785 4208 3657 929 4515 2302 1939 3371 1997 2200 4157 3170 4032 1700 341 752 1224 3837 3890 2222 756 325 2614 2979 376 2767 3894 2990 4059 1540 4453 2401 4540 3850 696 2950 1301 2209 1026 3627 1110 1360 1892 4594 4516 360 1633 1034 57 3996 3794 3944 2661 3370 3460 450 4353 227 2821 3688 2274 3035 1798 2212 2861 4350 224 3260 1740 4250 974
1793 1208 2432 706 4183 2845 1594 1096 1042 2495 2609 917 4593 4348 4542 437 754 1575 1192 4622 17 2047 4455 804 3993 2749 1199 1293 3074 3827 4149 4293 755 3856 1853 66 3595 3554 2670 4494 776 4042 1148 1816 2723 1839 3544 1703 4141 2801 2584 2387 1665 3747 1216 3692 4452 4032 235 4469 1282 83 4017 2575 3022 1600 3049 2085 3990 2460 3507 4379 3477 1915 1851 2991 4973 4132 3940 2195 4932 4818 3856 4187 259 1489 16 3407 675 2759 2063 2340 1612 3046 1371 522 884 1354 2314 1388 461 3061 3521 50 2372 3374 2885 3174 1609 3812 1591 2251 267 4423 1657 123 2067 4870 4343 2218 4133 3452 1425 2646 3920 3556 2302 18 4282 4514 646 2515 638 4455 4001 2464 1111 984 4552 1743 4842 4967 2678 3540 2158 1294 13 4561 3217 4234 1455 1657 1868 3872 546 3358 936 1977 4630 2451 1143 328 2466 309 3486 904 1297 4041 2626 911 3534 737 2902 4759 607 1681 1006 4917 2651 768 427 854 2499 3390 2179 173 3042 3794 2001 4424 4938 1257 4413 4372 4770 4719 2857 813 4870 4818
1078 4898 62 2982 2496 525 4129 2411 4656 438 1299 1412 2664 1402 3109 2570 3384 3665 1069 691 3517 4124 3968 749 3293 3858 1222 3281 3827 1881 2129 2894 2288 3150 218 186 1480 1306 1890 1552 3024 4961 1215 411 2179 4317 357 3158 3114 689 4096 3872 3035 2136 1222 3994 2502 3168 2228 2577 3977 3245 1822 3895 1879 114 2221 1304 4644 2013 4045 3023 249 2939 3862 1327 3233 3838 3455 3620 382 1288 3851 2611 2792 1521 2959 1770 3240 472 3245 1339 1418 1958 1282 2419 1715 279 3235 801 2685 4631 3123 4639 3321 4672 4857 1207 2828 3061 1308 1518 2979 602 3783 3588 1508 3566 2600 2750 1153 688 2063 724 3984 2198 4968 1925 2036 4310 2613 2338 1759 2363 2332 320 3158 4049 3255 775 4740 2193 2542 2314 1810 2848 1784 2053 3347 4680 252 4881 1894 1028 4367 3924 3436 1219 692 622 1003 1765 3246 3387 2838 2570 2539 597 4608 4901 4376 1336 2546 2433 1973 1936 4619 2741 3437 2853 274 4173 1018 3194 3795 2452 3845 3935 4766 2206 2650 738 1695 3627 4741 4322 2715 1321 3010 4647
3815 4539 2961 488 2645 3233 2746 3877 2808 1300 486 1369 510 3407 3577 17 2907 510 1802 3676 317 838 4287 710 1803 90 3060 1710 4149 2129 2448 2717 1833 4293 1613 2937 3963 4564 929 1314 4749 1562 4460 2045 3186 878 604 2626 3126 246 4023 1029 1801 4088 631 2090 296 557 3633 4088 4698 1755 96 1195 482 3311 694 2144 4437 1377 1290 1505 4979 3612 649 2836 3661 2795 2261 3371 515 4733 3802 4712 4815 3731 264 3881 2694 4110 678 3925 3683 826 4298 744 4382 4727 4575 2804 2930 4517 1717 19 3488 1317 2485 2215 2072 701 4398 3427 448 2271 1981 4518 4074 3444 396 4403 71 4556 3171 1036 4955 2271 2753 86 3581 3543 2632 2121 4952 4276 3912 2039 2335 2852 1733 868 2518 716 4465 4591 3888 97 2368 2871 29 1103 4091 1638 4169 3013 3761 394 2436 279 4079 1020 4859 2106 1299 4419 4835 3429 3462 343 2519 2891 4230 1736 364 2628 4123 1658 4070 1326 2735 2128 322 2828 3886 3405 217 14 4027 4597 1229 1492 2387 3125 1285 789 3978 355 615 538 4407 919
3647 1215 4610 827 1574 4043 536 3353 421 2374 2648 3385 803 1448 265 1876 3327 3122 12 2348 916 1200 48 3048 1653 814 1730 4199 4293 2894 2717 657 2307 3694 2898 1407 885 1791 184 3064 122 433 1461 4724 2963 2463 3654 4865 2017 4981 795 210 4763 1620 2575 1442 4436 2348 1571 3294 669 1039 2757 2471 83 3717 4149 4477 2959 2825 826 789 993 639 3510 2852 1253 1991 3761 3553 1949 984 3137 2702 891 1656 313 2808 71 336 2062 1018 2040 1240 2638 2334 1258 1762 2625 32 4121 978 1521 838 1978 4936 1079 4163 1864 4695 3251 4196 4121 4430 3495 540 4469 3742 1311 1834 3250 373 3908 2263 949 4315 4667 162 1787 3130 94 3607 3459 2309 1532 1537 4355 2461 4391 2854 4905 393 2616 635 688 3848 3341 4464 26 2365 823 2188 131 576 1923 3129 3932 2709 169 3538 2392 4548 1433 4070 403 3922 981 1122 4556 4980 3283 4725 4432 3166 3773 871 4296 4440 3391 206 1358 1424 364 4100 2533 2468 2597 604 4383 1560 727 3418 2409 4676 1899 555 2759 1067 4027 1515
4993 2260 301 1518 3361 555 3035 106 3132 3685 4139 4175 4247 3699 4997 376 2430 1323 4873 532 3274 4887 3283 4368 573 2590 3032 3186 755 2288 1833 2307 2830 1540 1695 1811 3486 4829 2399 4066 3605 550 3294 4006 2627 3083 2179 2967 21 3568 1183 501 3045 2600 475 1594 1323 2589 295 4768 3259 505 2570 3280 3089 1531 114 2652 2140 3919 413 3931 4282 474 3215 4109 4159 2759 1533 2335 2627 4831 1424 4144 4413 70 4213 3491 1538 3051 3989 1864 771 2692 3723 2830 4133 1274 3015 2989 4233 22 462 744 278 1109 578 4282 3882 1153 2930 3391 4350 2180 2592 4438 781 3326 4994 134 596 814 3468 4116 2675 428 4408 3604 2919 1014 3799 2612 1150 2513 1341 3190 4125 508 1136 570 3732 2554 3393 4785 3458 3751 3977 4550 3827 804 1363 2388 367 3914 494 1334 3117 4614 1760 3685 2131 3360 2433 2955 2175 3634 3025 825 14 2506 3766 171 33 4914 4567 3361 1089 3357 4053 2770 4960 1261 4524 4867 1523 2318 1087 3073 1459 19 4377 2246 1816 1575 739 109 4140 3066 3860 3474
4931 3418 549 4198 3280 4652 1580 2521 4164 1340 328 770 262 3236 2143 3071 1326 3350 3412 3019 825 2930 2948 3169 4272 3771 3078 2007 3856 3150 4293 3694 1540 905 636 4444 1332 2607 4740 4545 2088 3122 2639 654 2153 3782 4531 3208 4057 4818 1355 1802 1825 565 1646 2384 1101 4066 3098 4921 938 4726 359 590 2451 4861 3442 1221 552 288 3461 420 525 3039 4072 3836 549 2322 108 1101 4230 3966 3098 3606 1808 3000 2727 4032 4691 375 3590 623 2961 4841 3225 2294 653 4173 2535 2430 3806 1510 3557 1289 3695 2280 2947 3791 463 423 671 941 3843 4283 810 3398 727 4775 4464 1077 2624 3210 3528 2469 2681 1937 1943 1927 3311 2122 2449 2029 4375 983 25 4966 3688 2071 4542 1676 460 3486 3103 2244 1717 1354 2672 2223 3816 1724 4418 3294 2354 2524 1330 3133 809 4684 2964 596 313 3943 1107 4335 2318 217 4983 2825 3789 1949 3716 1413 3919 1683 1174 1979 2101 3843 1949 2734 271 3452 108 3488 2853 3981 3868 3033 1839 757 270 1828 1899 1957 4348 2624 3135 3925 163 3774
2289 1182 2315 3775 3109 2006 507 4445 1141 71 268 1358 4580 1232 2702 4862 183 2845 3423 3962 402 1302 845 2542 1120 1576 4876 341 1853 218 1613 2898 1695 636 4931 2039 872 4513 940 3727 3635 1611 853 1938 2784 4361 3614 4472 1569 4525 2118 1481 813 2258 1331 667 592 1987 3848 3519 2280 810 2628 1944 3185 3615 3509 2302 2035 1078 3274 3725 3770 1739 3607 3344 300 3985 635 468 4321 1429 3239 4330 2421 4912 3029 2467 3374 2905 4604 4434 4872 784 3047 3161 2983 2071 2388 764 2847 2341 2350 4563 2100 4063 576 4448 4837 288 4545 4788 2233 2803 4263 4364 1384 4379 3513 3100 2865 1873 2339 2745 2494 3915 675 4441 1704 1900 1855 1822 1848 3706 4266 2962 439 4341 4806 1993 3949 4501 1793 2416 1218 1116 1611 495 1768 3178 1531 2818 191 330 3070 3877 2054 3217 1885 2069 847 4186 2227 4234 3054 1023 750 4940 2851 3124 2001 217 3076 3301 3401 843 4554 4237 1100 3010 3587 2480 3149 461 3295 3414 1548 2772 1492 2528 4232 3224 2538 2685 1677 621 2325 2239 744 3466
210 1895 114 3278 1176 4747 3127 312 3741 2816 279 1351 4314 4665 1698 1704 3828 1462 707 4326 663 4552 273 3086 2712 3165 4629 3525 66 186 2937 1407 1811 4444 2039 4924 3903 2686 4477 77 1643 141 3578 4182 3757 1697 2098 1140 4806 4903 388 1260 1148 4115 3430 298 428 2771 4226 1313 3835 2089 180 2393 2951 3541 2946 3725 186 4436 405 682 4721 4074 1387 3288 346 1814 1804 3375 417 2959 4334 4788 3872 4704 3299 354 40 3872 4555 2320 4077 3199 4602 1723 992 4078 1125 2191 4029 1917 641 694 357 1586 2423 280 134 3809 3144 1247 2927 3031 1830 4137 28 3356 3799 3651 4968 3224 1895 2900 1977 2719 4365 1256 4028 1113 875 32 83 1556 994 724 3708 2354 2503 2901 631 1069 2908 4997 4737 4909 1795 3269 4388 89 3695 4180 319 604 4342 4278 246 619 217 686 2701 3216 1004 4813 2063 4319 3029 265 674 3127 1302 710 1997 3459 1579 370 1736 4305 4386 1162 3106 1248 3466 4123 1174 2136 1063 539 2507 1439 4704 1009 3747 2011 3903 654 4293 3270 439 2218
2342 4214 4112 633 3461 3200 955 1076 2667 794 4750 664 1654 3123 2333 253 1288 108 2993 2491 2986 4105 2215 3051 3228 3567 3181 4903 3595 1480 3963 885 3486 1332 872 3903 4036 1297 1865 2947 1618 613 1857 2585 4761 3466 4059 2775 759 2260 417 3772 4635 822 17 3671 1959 3016 1433 2790 471 2288 2863 3643 825 201 3656 779 863 1654 1685 2139 4648 4679 1900 3688 4408 3167 458 3244 1766 4460 128 3541 3411 2134 482 197 3291 1985 3770 1909 898 3601 2816 1639 1516 3441 2698 4131 825 1783 1164 3381 3388 4437 1321 3513 3696 1767 2373 2731 3788 2513 4158 2794 859 4730 1564 2349 3544 593 2961 3592 3171 4705 1617 2433 3413 1169 687 1477 3643 4223 970 4585 1759 4694 3265 3666 927 1287 2810 3567 239 584 4481 2181 222 2305 4123 933 1854 183 3693 2483 1478 1519 1027 2127 495 3759 1204 1538 577 2011 4435 4499 1624 950 2077 3185 3472 1263 2345 2774 3778 4965 3227 1526 3556 4651 2836 1943 1689 3478 974 4606 4516 2730 1554 2929 3072 4746 1643 3526 1764 1012 1799 1767
1721 2794 4419 1735 3864 246 2741 2361 1946 2879 3430 3128 2615 981 4988 3210 2738 996 4166 4869 3837 3334 3059 1207 4213 444 3094 1590 3554 1306 4564 1791 4829 2607 4513 2686 1297 3354 81 4416 4195 1080 1438 3617 969 310 1474 3970 1182 1224 1976 4286 1177 3481 147 692 3259 103 1372 3396 4376 2230 1041 1857 2157 1517 1292 4865 3621 3626 2610 4464 2213 4541 1228 4991 2146 3184 2515 866 3779 170 964 730 2667 2794 1742 3639 2247 4130 3795 1493 222 3816 2853 2181 2182 3482 2763 1890 1698 2623 2490 1809 599 3867 4637 4964 2806 503 3466 2369 4015 4147 4482 3283 2824 1686 1397 1397 1427 1861 4265 166 2685 3362 1844 3374 3143 1882 4817 705 1591 1603 1686 3081 1402 2973 1396 4350 1339 2341 1766 948 4399 342 2485 2796 3075 3243 2023 2090 2064 2838 358 4629 1394 1791 178 1859 223 4565 4321 2189 2809 2203 2089 320 3007 4366 1239 1646 2386 2121 4906 811 563 437 710 2927 2683 2591 122 630 469 1880 2462 3968 713 2100 2948 4338 2582 175 2627 3991 2403 3686 2555 4432
1240 2044 2016 4609 3898 1757 2793 2683 4506 285 3667 649 567 1387 4053 3763 2553 4044 104 1287 3848 3839 776 1554 1392 2130 534 2699 2670 1890 929 184 2399 4740 940 4477 1865 81 1146 1341 1957 3875 195 1291 566 3780 301 4074 4965 3279 289 3124 3797 3642 2676 4952 4428 140 1478 2086 562 1583 148 3098 1618 1946 1710 3224 4492 2513 4148 3558 4520 4227 3940 3599 3870 1255 4004 2580 2590 4912 4075 4692 705 2381 4296 2216 1634 3035 3873 2418 3005 1333 534 3952 4550 692 2372 4010 994 2864 3285 279 2040 3594 93 556 486 4237 1585 3806 2869 592 2205 1929 696 254 4142 1813 2614 2197 4001 358 3826 267 4499 2255 533 341 977 4303 3692 4796 1068 1200 4039 3039 1839 1731 909 3789 3671 4857 19 4532 4913 280 4484 681 742 4968 178 4457 4134 635 2599 955 506 4045 2937 4909 1999 1670 4611 3373 2798 2334 2472 223 4806 1382 2555 644 4701 1485 323 1109 1556 674 2930 1795 3307 2084 842 1374 4967 3654 3491 3778 249 3111 2976 642 4794 1615 3112 254 1058 3740
607 2613 3617 512 397 4708 484 2568 1813 289 1858 1989 2811 3695 3975 4260 3484 1957 1724 2411 857 1122 713 4370 2232 2718 1420 3041 4494 1552 1314 3064 4066 4545 3727 77 2947 4416 1341 1983 4443 4227 3331 1437 2832 1190 1831 1907 1977 2984 2765 2210 3220 4046 1495 246 1930 4088 1090 395 1622 281 3075 4487 2526 1728 3603 1425 3057 263 235 3757 880 197 4128 2193 2516 3558 4038 1932 3258 1491 228 2026 1554 2078 4983 2903 1599 1042 3286 4167 617 2938 1293 1684 4724 4475 3139 912 1389 1466 3199 1970 983 3706 1688 937 3886 2433 1621 388 4514 3638 2889 794 4423 1193 4752 2051 4115 1148 3980 4115 1382 35 99 1661 3289 1588 4343 415 3334 4017 2974 4880 3752 2567 2200 4219 3148 4289 1871 2928 849 40 2952 2516 1492 1516 3634 3156 3575 3498 1735 3648 1228 914 2145 2432 810 3925 1159 4627 4692 4376 1245 3025 2944 4954 1131 3674 471 2640 4860 928 3758 4252 100 1725 861 4667 1185 4816 397 3196 3846 2939 2609 4280 4403 1894 4584 1314 1714 3196 3533 3331 3754 2703
