N: 200
M: 10
Symmetric: true
Triangle: false
18 178 170 193 122 144 155 165 126 114 123 190 128 68 164 191 145 117 53
27 132 14 65 172 97 137 46 197 11 142 49 21 17 34 47 98 50 90 26 96 133 8 20 67 80 157 151
30 13 70 112 159 24 166 163 76 82 147 91 188 111 22 37 58 192 44 2 139 93 107 187 110 179 173 106 92 200 89
18 136 138 176 56 95 100 57 71 182 140 86 185 180 54 3 30 4 5
21 16 52 36 127 99 10 101 146 84 42 115 141 156 69 45 130 124 81 27 7 116
12 29 171 161 169 134 153 167 194 64 78 119 74
23 18 168 32 31 19 199 48 79 12 118 196 105 129 131 15 121 55 23 160 35 43 125 72
18 135 60 183 66 33 102 162 28 184 62 148 6 120 59 94 177 1 175
17 181 174 154 198 186 158 25 9 61 87 85 103 150 108 109 38 88
16 189 83 51 152 75 77 104 40 73 149 63 113 39 143 195 41
4175 1294 4806 1821 1060 3359 2591 2776 2061 1627 2946 987 933 1529 3458 998 370 4928 524 4630 2552 2019 1915 1148 1200 2861 2853 3786 97 2373 893 2191 826 4177 1667 986 2782 1146 1078 3650 3501 1471 4483 532 4045 2707 1459 1339 4990 4193 1223 712 3692 611 2414 2165 2593 2446 3470 357 2195 928 3180 3538 3218 4149 2827 480 3291 68 1639 3404 866 3726 4477 3374 338 4430 4759 2310 4991 2933 859 1503 2775 2895 3339 3646 4615 465 4989 2949 303 19 1669 1110 3501 178 46 3008 2660 270 2127 3696 1572 4584 4860 673 1211 2922 4553 1851 1262 4283 1120 2797 105 2985 1010 844 2103 4651 4385 1930 1690 2530 3443 4186 933 1515 1448 2228 841 4267 4909 2904 3195 3854 2205 3015 4456 426 2694 1809 3162 1398 1237 19 991 4615 4011 4135 4045 1320 4693 4603 822 1922 2209 3296 810 2555 2956 2743 192 1692 3403 1368 370 27 4941 4056 3771 3396 4082 4490 4722 377 3832 2036 2210 540 3476 10 1267 3177 207 3967 1334 4765 1984 777 187 2395 4944 4814 2133 3770 2896 1009
1294 1662 1761 3721 3098 3884 3938 1572 1124 3055 1432 2801 300 3712 4852 1905 3113 4268 4767 3758 3090 3187 485 4756 1905 727 4469 4495 2787 1160 3934 1316 620 4969 4213 1384 1017 2703 1699 3627 2435 4964 3855 3974 474 3398 3808 4942 4782 3216 2098 1398 1474 1302 4365 3671 1610 1425 3819 362 2604 3340 2058 2703 1915 2419 530 2987 3817 594 1512 114 4626 276 1802 1749 2391 2263 4021 3786 333 4942 1872 4734 3235 1423 4683 4587 2104 1200 499 2599 4544 558 1173 4899 1184 807 1399 4025 2057 1001 3366 4603 2317 3305 34 3537 4905 2318 1274 1870 1472 1316 4771 3314 4896 1606 1776 3241 4482 4965 1809 685 1094 3851 4867 3547 428 1180 1815 4695 1419 957 4851 4827 4534 1363 2715 2560 2915 4562 3500 3633 894 1658 2900 394 2344 597 930 1067 4859 2688 2181 3921 1391 2029 930 3139 3678 2332 2687 347 1189 1523 2704 4751 4692 798 2757 2506 4094 2064 4046 2167 2028 4408 391 2589 448 1033 3209 409 1261 4309 4658 3457 2338 2533 3877 2836 1772 2403 113 4936 3749 116 3097 2065
4806 1761 1870 2795 4148 896 3054 299 4389 4533 4834 4527 886 1534 414 1153 4114 1473 3942 626 4950 3092 1418 1391 1841 749 4756 3744 3916 2121 1484 3756 1868 4618 562 3626 1109 4557 4782 1185 1388 4318 462 3298 2853 4529 1137 3956 4456 3410 1560 4336 2710 4927 2479 1032 4946 2195 4581 3085 4608 2779 1969 2913 1660 2305 1421 1743 908 582 523 3542 1577 182 1303 4305 1569 943 4788 3864 4207 2918 2230 4883 1869 4227 181 3239 936 3287 404 86 3911 3560 2323 1078 2376 4780 4127 1383 374 2881 4956 532 2304 1405 1377 4511 1737 3970 3409 2792 2101 1249 4144 218 762 776 1822 2327 3347 3529 516 2175 355 1210 3075 4622 2646 297 2069 3390 2412 2752 2110 4001 4848 760 2020 2638 2520 2208 1635 955 1510 3160 4060 3423 4372 2701 4568 2048 1154 1760 4243 1125 3640 2655 4645 870 1789 3752 3993 2095 3254 4246 4556 1876 588 3555 4439 3453 4625 1754 1333 3946 1290 1379 4356 501 2310 1702 2420 3187 668 1606 1928 2521 1359 1865 4277 1036 961 2321 4131 856 3433 3100 3635 2150
1821 3721 2795 4457 3225 1162 2598 257 2431 1522 658 3887 4893 2821 2468 2674 3906 1560 2473 192 109 953 737 4933 4192 494 4167 2633 756 4164 869 305 342 4482 2310 3359 3802 1790 4336 460 2235 4667 4366 530 307 4559 333 2377 3299 4161 2518 522 2822 3433 4904 2891 766 357 1488 4437 1918 3189 3840 1556 3349 1678 2963 4004 1929 3340 3300 3981 1953 3359 138 595 3687 3780 472 3629 4239 538 1276 4551 4540 2485 2089 142 666 57 733 110 2183 2635 1195 2449 2845 25 3971 3507 848 3214 3614 1953 2111 1305 3999 148 1330 4990 4902 662 2173 167 2438 1759 1383 3175 3287 3175 240 1750 1952 3584 3602 393 4880 1721 4021 583 132 2506 589 1040 4771 2702 3610 1882 4772 456 2756 4140 1256 2542 1321 192 1838 1675 3363 2067 2329 783 4853 2714 247 2684 1736 880 1927 2206 4814 4202 502 4191 1246 2659 1175 554 3828 3799 1100 1091 3663 1155 2094 3717 2091 2317 288 603 1289 1644 3214 34 1866 3936 4729 4190 4552 1640 4157 443 3333 2664 4714 613 4278 3692 3903 2716
1060 3098 4148 3225 4427 751 3859 1890 1478 3910 3576 2354 1183 4208 3035 3325 1189 2925 596 4070 476 3481 4029 2656 1446 3851 323 1796 536 168 227 4856 4281 3086 3701 4766 2687 3256 1947 4721 3075 2385 1325 1918 4112 1745 212 2252 1674 4034 819 4960 3074 531 4078 4170 4335 1006 2006 4205 2814 2846 4606 4423 2514 722 2138 1221 2040 2669 3262 4704 2338 1924 1935 3389 2340 658 1873 3882 85 745 3349 4148 3762 1986 1648 3405 69 3688 223 4269 3448 430 292 1570 4607 1987 580 4168 459 4915 3566 4940 3849 4386 2208 289 3461 3567 1361 1547 1309 2255 136 1368 272 531 4860 1050 1080 716 314 3792 1452 4441 1658 3753 3398 972 3608 4238 897 1551 1759 2315 4871 393 1102 4303 564 4896 1991 2203 879 3235 1690 3546 1373 1921 2542 1770 569 4935 643 2100 2627 2044 1310 562 1940 696 1130 180 347 3397 3689 3836 720 119 3912 2161 4155 2613 1633 2705 2843 2925 3086 2202 3279 4369 1224 4389 2815 3925 1502 4649 4792 688 2370 1234 3142 2386 4314 4293 547 2918 2106 3819
3359 3884 896 1162 751 3093 1062 3175 2011 1140 1071 4718 1308 265 588 4202 3137 3771 2158 1316 2710 1502 868 3920 3138 821 356 1546 476 3840 719 171 4167 4655 3653 2634 1710 3327 2538 3007 115 2183 3324 347 4756 2230 3139 679 248 4111 1000 1084 2879 1846 4417 1184 3494 3406 2993 1353 3333 1685 3352 697 3437 2103 1631 3360 2734 1069 4589 2335 4403 4782 1219 4960 2490 1300 2811 698 3340 4087 633 1382 2885 1898 1697 2432 947 4849 3491 3099 2533 3028 2129 3932 1916 4425 1370 1585 3429 555 69 4497 2194 601 4744 2742 4404 2047 4867 3465 3820 976 2245 4596 1482 2434 4751 2605 2865 2079 213 312 4280 4691 1837 2244 456 2699 2539 1099 3015 2476 4485 3385 4364 2002 3428 2614 2559 421 3599 2546 4771 3204 2363 2391 4079 1531 1099 1921 4414 214 1342 225 2480 4851 3219 4299 2406 141 1846 2484 1205 4735 4852 963 3914 3742 101 1388 2402 2450 3522 3327 4583 1851 633 1582 3818 2196 2130 1069 2386 2932 2848 4582 4887 4861 2907 453 4300 1570 2450 2813 2643 4111 703 2038
2591 3938 3054 2598 3859 1062 758 4795 4851 893 684 2649 2497 3622 2379 2979 2337 2046 4577 4672 2328 1285 4497 838 2064 138 4214 2508 3258 955 2182 3549 445 2787 2220 133 4771 1431 3084 3937 2582 4799 3519 3341 1490 2838 4407 2009 2012 457 1906 670 3813 1599 3084 4815 4996 1883 763 4041 1232 3208 1923 204 2362 1015 3010 4622 467 187 3869 3542 4967 1311 485 616 1794 2937 4584 2762 2442 883 4231 442 1974 1677 876 2205 4719 1034 2135 3909 235 4007 4853 1006 841 1674 918 3134 3795 4531 17 2805 520 994 1336 50 4457 3910 3037 2708 2597 4812 2853 2299 2006 1468 3357 2181 431 920 4930 1271 1719 1526 2082 2117 664 619 4019 2952 635 2864 4729 2950 896 4560 4442 3626 1619 3705 1741 2912 3967 1157 3723 357 1805 2867 2976 4649 831 872 992 2382 4835 4767 4105 3424 169 3049 233 1403 3210 3356 3957 3598 1455 1282 4125 3528 2925 4686 2276 182 903 4419 3597 1100 1628 1386 1681 3971 4649 2717 192 4999 1397 3383 4568 2131 2449 4485 4081 920 1531 2967 616 4218
2776 1572 299 257 1890 3175 4795 3403 2121 1490 4990 2384 1586 983 53 2124 3600 2508 390 3863 3475 1250 3169 3642 2031 1052 2702 313 3637 3552 2767 2606 3682 274 1139 4342 2471 2263 2369 2347 508 3206 197 140 2588 4800 4908 3307 3003 4414 1237 3901 2592 3865 1672 873 4853 664 4088 1132 4753 3532 4334 3930 1013 1380 4428 90 2406 1877 4568 748 1818 3433 3522 2499 2971 3730 2276 4407 4753 1008 4941 2848 1604 4630 3310 3588 41 3340 3112 3640 602 3312 2601 4045 2161 1844 493 3332 1659 2292 3518 4660 3507 4067 3345 4327 4939 3658 1858 4969 400 1249 397 2645 534 1904 4197 3015 3019 2998 3289 4768 30 1249 4043 4946 810 487 1307 4000 1659 822 3739 846 4682 1559 2272 363 3942 3625 278 3677 1268 4310 4212 4442 2162 2397 3867 514 613 4723 4276 1137 641 820 4765 3522 1552 935 3213 2055 2410 724 4204 4824 2476 2022 2694 1763 3440 2817 4007 1412 397 172 2153 4366 4028 546 4263 407 1646 3956 4505 220 2419 4774 3122 4483 4203 111 4227 541 3755 1466 3388 1093
2061 1124 4389 2431 1478 2011 4851 2121 2811 2137 4442 3215 460 4050 2645 2211 1385 1763 1306 3779 976 2087 809 1445 3275 3495 4029 2429 355 4075 344 2646 527 4531 3712 1804 1642 2768 2241 3355 4520 2110 2293 3421 1876 687 689 2783 3379 1924 3788 3721 4807 1899 1987 1804 1140 2649 1406 1191 3830 689 1055 2759 3752 4061 2127 4395 2978 2271 3650 4566 1705 3777 1234 1445 1355 3615 3374 1938 4635 1672 1599 1770 3100 3837 189 1490 1967 3156 3078 4227 3327 77 1243 1795 2142 2668 384 378 1736 2916 1399 4114 2910 2224 1237 1789 3902 184 2957 155 1166 1436 4510 1696 4263 2004 20 877 831 1883 3776 1083 1253 288 4256 2170 3453 3020 4734 231 3807 2535 2720 3568 4122 3453 4832 4443 3079 4598 483 4220 2068 540 2744 4208 4277 2700 2244 752 1274 2331 707 1048 1024 3228 1828 3425 206 2533 4772 4883 3361 1159 2159 1829 3750 3326 257 733 740 4296 3326 2038 437 4337 2553 2869 1956 4095 3342 3712 947 2844 4250 371 4506 4111 527 3228 4386 1967 4498 4700 894 4441 1423 1955
1627 3055 4533 1522 3910 1140 893 1490 2137 4142 2492 3291 195 2708 4655 1182 3729 1879 1087 1621 3002 2453 1931 3752 3107 1513 2594 2361 545 1515 2570 4943 2782 3438 1169 4727 3619 21 302 2329 960 96 1771 2932 3792 829 4275 2682 4606 3030 4023 4159 2906 1527 2251 3278 4732 2904 254 2616 3243 4386 1213 4412 3224 4385 3993 864 2392 1146 614 2704 2367 2730 524 4910 2478 2888 4244 3201 2296 2568 3345 3480 3005 3964 2757 3949 2476 1558 1129 772 1261 80 2355 2664 489 3322 623 2138 878 2968 2804 1977 4379 4075 2680 1201 2178 1122 192 3522 2427 3830 1670 4547 3660 3878 4886 1296 3523 1023 16 3629 3657 2883 341 1475 349 4298 3951 3068 2816 2868 4776 3113 2701 4717 4847 1620 1676 3895 817 1361 3469 4927 88 4888 3530 1274 1536 3869 2253 1400 2159 4952 2969 4093 3788 4115 77 3147 1320 4084 1663 4509 3246 2743 2493 2032 2944 3837 3618 3027 4742 1714 4681 181 2022 3668 4898 2116 1498 1027 2085 1791 4033 4014 3804 1068 3523 1962 517 3616 4806 802 2011 4874 1740 3659
2946 1432 4834 658 3576 1071 684 4990 4442 2492 697 3423 4822 3347 2277 4454 1225 1056 2900 325 4283 4551 1459 200 990 3763 2468 722 1815 2594 1450 4767 1033 1573 4425 1447 3678 502 2740 2172 1893 964 3801 1079 2797 1815 1096 860 2067 685 2907 900 1654 2552 2939 2277 2435 3139 1071 4514 1432 2979 2592 3350 1673 1368 945 4449 3457 3443 1058 1806 3777 1168 3672 4243 968 2371 4874 4679 3502 2160 1691 2314 2376 4455 1583 3618 2948 1061 1823 2200 2110 4343 1151 4329 1012 4300 2126 1611 1156 4535 3814 663 531 4310 3032 3250 204 2836 4009 893 715 1446 1539 4123 313 3667 4847 1130 4971 2554 3864 2877 1859 329 4739 839 1755 4596 3812 1757 2209 2966 2685 2527 3523 4367 4582 3027 3808 373 1604 714 4597 882 880 4193 2957 3824 2236 1851 3685 2603 1138 4930 1705 2374 3035 4680 3762 2779 3889 2900 3567 466 3617 1319 303 725 1877 337 4912 2744 977 1406 2027 463 3017 1601 4286 4872 3428 3728 1919 4937 3471 3344 4184 3463 959 2412 3918 3746 3666 1141 1603 4798 210 290
987 2801 4527 3887 2354 4718 2649 2384 3215 3291 3423 4349 2218 2660 2900 4808 349 2039 1998 4931 664 4344 1754 3302 618 4610 364 3591 471 3797 4827 4416 2560 2198 1881 4322 1531 3094 492 3963 3649 3716 2545 867 2925 1236 1811 104 3762 1625 1870 2493 4959 4934 2051 4694 99 4612 1699 3095 2919 3051 2838 1760 330 1995 4316 3762 4238 709 3532 438 4259 909 931 2029 2286 2080 3525 1050 3484 1851 951 4353 897 4226 2931 2092 2530 4032 4748 2552 204 3796 119 1301 987 2327 3656 3600 3105 3011 969 2718 4827 73 547 3532 3429 4535 696 3650 1342 2112 1641 403 1061 4777 1683 237 452 4684 1804 1536 2381 3057 3069 2985 706 4438 3617 4428 3106 545 3357 1117 2511 512 3439 1317 3150 2916 3608 4896 4813 587 4659 743 68 1081 232 2178 2044 1824 3721 1556 3492 1573 2831 1307 221 2070 1375 1421 2146 1103 248 3221 1904 3379 3741 3686 2926 1947 3120 2677 2954 156 249 1958 2890 983 375 1089 2121 2817 3359 3082 3322 1469 3809 2957 4715 4605 405 2495 662 4273 4371 4981
933 300 886 4893 1183 1308 2497 1586 460 195 4822 2218 3479 929 1671 2948 3910 3549 2895 3933 3197 3031 966 134 976 278 2072 1012 4311 2910 3348 4512 2067 2406 376 4812 4783 3561 2880 4490 368 4814 4127 2808 4072 1770 3807 2662 353 623 1925 1170 4999 3443 1653 569 2144 65 1615 1462 4194 4066 480 3381 1372 4085 2580 2481 4084 4740 1011 788 1804 241 328 110 4594 2325 2358 2195 578 3386 2030 1526 1168 669 4734 3809 3729 3284 2839 1741 3345 499 3956 1696 2615 1934 594 553 601 167 37 343 4517 2535 917 1227 2568 2677 151 2942 2833 1140 4750 3315 481 3477 1640 4489 3998 417 1174 2335 2977 3768 4876 2229 12 2836 1714 60 1691 4570 4373 4054 3283 306 2190 2862 2551 3781 2450 313 83 4878 1456 1127 3566 1129 2341 14 112 4943 559 240 838 3053 662 1395 4981 2632 2481 2789 480 3251 3051 913 2628 4512 1778 1056 4313 3122 483 2210 4170 2709 329 4300 3578 1080 3919 2989 1306 3700 3661 4063 1608 553 4743 3414 1737 649 601 3721 1331 2775 606 1075
1529 3712 1534 2821 4208 265 3622 983 4050 2708 3347 2660 929 3007 3857 3468 71 3937 2983 120 3665 3101 4708 1601 4942 3372 521 4066 4879 4374 3415 1398 209 658 3807 2703 2627 3746 4249 4806 4846 4844 85 4042 1484 571 252 4919 2346 3557 1111 937 3827 3393 4413 3681 30 1724 4882 3439 2115 3499 2459 4667 3110 4789 2704 4775 3487 3899 3042 579 3091 4826 4854 4712 1664 1335 3343 2018 2990 129 4627 2391 2512 733 607 1760 828 160 1382 3393 4922 4716 3999 1288 773 3109 4329 3779 1583 2515 822 2544 2225 3400 4375 1511 3048 1590 4168 2747 697 3833 2889 2312 1147 2787 4100 4117 3921 2365 3475 1311 3568 906 890 19 4695 2844 374 1132 1666 3605 2606 1952 1504 3520 4432 4827 1201 447 4494 2682 4731 2043 2654 798 364 1464 3819 2336 199 1679 2413 755 1190 4342 1022 4485 54 3533 1869 3936 3862 1766 3829 1412 1665 2374 391 821 168 1076 2442 454 1185 3990 4045 943 2910 293 2071 3719 661 4937 2644 2146 2491 2847 1292 555 1249 1564 2323 1387 4166 3360 3240 3624
3458 4852 414 2468 3035 588 2379 53 2645 4655 2277 2900 1671 3857 2657 4605 2001 4289 1416 1185 3355 3361 1042 3312 4447 1951 2776 1234 1409 2988 2890 809 3163 3017 935 1512 4303 3166 1443 3746 1707 4875 931 1553 4952 3733 197 4212 4097 2781 3655 1387 2330 533 3760 1825 1932 1911 1702 2559 4330 3628 1180 1003 4483 2633 800 3750 4785 1551 2437 3512 2423 1710 4082 216 1536 498 1686 1757 2073 2578 3280 3048 2084 4931 4359 1563 4452 1973 1435 759 3885 3703 3022 3843 1817 4641 1316 3422 1218 3702 3040 727 388 3642 1757 1660 1613 1627 2702 3777 1727 3986 3556 2567 3393 529 2381 4067 767 4364 696 4867 3295 4279 3729 271 1452 915 3662 1296 3809 648 1907 107 1173 4602 29 3803 3140 4315 58 1119 2303 3195 3787 1085 621 4334 1451 1758 536 537 643 3255 3200 3636 3060 1805 97 3658 594 2102 1601 4530 1058 4513 2889 3694 4539 2767 487 3223 10 141 4974 251 4676 1531 1199 2565 2200 3711 731 4920 812 708 2134 2012 2642 4778 1266 3139 3016 1218 4019 1726 2146 4847
998 1905 1153 2674 3325 4202 2979 2124 2211 1182 4454 4808 2948 3468 4605 4788 2649 4183 2596 4768 2448 3771 3964 1471 1252 4548 4278 4035 4625 4164 1042 10 3509 2126 2289 2217 4426 3924 2588 1966 444 3473 617 2144 326 4127 2955 1518 3892 4846 1208 4835 2296 3430 501 131 1560 3142 3179 189 2409 4616 1564 3324 3014 2970 464 4513 4950 4513 2750 4952 3815 4362 2757 2571 1833 185 1578 53 2522 4307 110 3677 3038 3481 932 2973 1021 2406 984 786 2337 125 679 4796 1524 1899 2396 961 1372 2530 3533 2108 2644 1410 2559 2135 4201 4558 4810 2559 4779 2913 1242 4363 456 722 3806 1045 4265 4412 2733 3584 902 4271 3260 3448 1147 1739 3957 1222 4668 2763 1829 2684 1964 242 4005 224 2254 4888 3623 1229 3131 2548 352 334 4465 531 1936 4812 690 1387 4248 4543 807 3538 271 2925 3848 1123 3501 649 1842 1009 1742 1634 963 4885 1531 3161 364 835 4488 2687 1382 1383 1285 4146 87 3092 2842 354 1844 2765 1429 26 335 4920 4673 2711 2466 2083 2578 532 3125 3131 314 2360
370 3113 4114 3906 1189 3137 2337 3600 1385 3729 1225 349 3910 71 2001 2649 2221 2374 2689 3256 1995 3291 3440 4386 3530 4092 3077 913 3989 3987 4664 282 3042 3930 914 318 3011 2403 3902 4507 1107 3826 2270 2024 1835 668 287 453 1261 4759 3928 3589 2533 1145 4241 1707 3831 452 4684 3767 2639 3654 2437 3163 3539 947 779 2091 1612 1311 3758 2255 3566 1663 3179 242 2970 2702 4894 92 4292 872 2836 3372 3538 4090 3824 4094 2375 3901 2897 1105 2964 2601 254 3433 3616 1648 2018 1752 2165 413 470 4149 304 2019 1996 1792 4851 721 3846 2845 1356 2553 1743 2560 2401 1079 4941 4002 522 4525 2789 4776 400 798 2681 2260 1088 54 2703 1966 1935 2403 4718 928 980 4870 1135 2182 2514 58 3759 3490 4308 3161 3646 3737 3209 4898 3865 1322 3051 1442 1433 4048 357 4477 2255 206 3172 4909 4942 3902 4553 4273 810 4827 869 828 4354 1721 2515 2991 3288 3225 611 1365 725 3772 1106 4432 4147 3478 2766 435 1214 4386 56 1546 4024 381 4972 1741 3480 4492 3768 674 119 3264
4928 4268 1473 1560 2925 3771 2046 2508 1763 1879 1056 2039 3549 3937 4289 4183 2374 103 3530 4382 1397 248 1155 1656 1396 2532 1917 4163 1759 4801 2129 1614 917 1918 1942 4130 1613 4578 4820 4568 1335 189 4698 3261 1954 3870 418 3491 4404 3913 4006 4221 2759 4553 2738 3048 1020 3935 819 2957 2503 1286 1549 2038 2564 583 4749 606 2319 3559 414 3006 2433 2560 2765 554 4965 4838 2516 2328 2383 2087 788 4874 2338 2864 1984 4373 2013 216 2987 2627 2926 3377 2663 3276 2943 3291 2719 4395 1386 1093 1072 1010 1596 4396 149 4258 752 2151 2779 2292 1003 458 2393 501 3872 534 4804 2969 2032 431 2395 4142 344 3590 567 3384 3761 4225 1239 3099 4321 1268 1054 3150 351 2320 4196 4426 4415 4798 2151 540 3722 2509 4714 441 819 4272 30 652 445 3836 2232 1440 3905 3627 2198 2370 3758 2930 4147 276 3774 508 4365 4299 3541 4404 833 748 2421 2941 316 304 2945 1377 4741 1347 2288 3853 1148 3183 3498 3589 1165 1815 4473 4870 3599 1907 320 4783 3198 4368 3784 1735 3913 159
524 4767 3942 2473 596 2158 4577 390 1306 1087 2900 1998 2895 2983 1416 2596 2689 3530 406 2863 4507 1747 1391 2898 1441 4793 2564 3763 2956 554 2909 4392 2794 2306 2766 2023 2318 2823 1459 2235 2564 2557 498 2201 1411 523 912 2624 2799 349 3653 2308 2869 1151 4666 4467 242 2270 1869 3298 1798 2256 4819 4651 1120 4529 448 1970 2038 2929 921 3575 1265 979 3846 2733 2194 4859 1174 1056 4996 726 2098 640 4376 2706 4663 4946 555 4601 4640 3851 1502 2316 694 1560 3725 612 3598 1382 3649 2170 1854 1427 2947 3150 985 3451 721 556 4234 2902 3469 3907 80 3713 1954 4323 3775 1387 149 2907 2089 3622 3438 2449 3555 1237 1983 2748 1113 2876 4698 872 863 446 1192 3865 4605 4243 4568 321 3552 495 1471 1282 1105 37 4645 2248 3382 749 2609 743 2766 2105 2865 2724 4744 1245 1885 1515 719 3048 45 1952 1758 1920 656 2679 1989 3427 2255 129 1294 761 3804 4194 1114 490 3251 4968 3855 1453 3743 1602 2997 2048 3946 4983 22 4021 3764 1974 2361 2093 1127 3839 1229 3266
4630 3758 626 192 4070 1316 4672 3863 3779 1621 325 4931 3933 120 1185 4768 3256 4382 2863 2617 4280 1882 3520 266 46 2131 1523 1196 1315 1643 4915 4606 1590 3934 861 1171 385 1080 1182 3061 830 542 196 4135 1091 4576 3276 2453 3202 4176 642 2902 821 282 2245 2507 79 4378 2994 2462 3878 3709 2601 4344 2892 238 483 4780 1975 2894 750 2193 3934 1614 351 2737 4861 550 666 3902 3640 3465 1895 3103 3392 2543 1603 1252 2982 4300 4514 1168 1709 2669 4638 4924 185 4732 4598 3320 3171 3385 1160 1697 4340 505 555 4602 2007 4182 871 4286 813 791 2083 2944 3435 1415 840 1787 1472 3875 4187 3375 3643 4562 4949 101 3313 4217 3399 3847 3731 1696 3747 730 3855 2450 1596 578 1849 2542 4556 1258 3716 3781 2004 1630 2814 2522 732 3893 1434 955 188 2739 4130 1109 697 1614 479 2576 1387 1580 1530 4143 66 2499 2595 171 2223 2511 844 2556 2698 2022 4717 2808 3140 2756 3679 222 4724 2522 4392 4238 3981 1000 4142 591 1635 2018 1152 3265 2161 3429 1550 3797 2794 2459
2552 3090 4950 109 476 2710 2328 3475 976 3002 4283 664 3197 3665 3355 2448 1995 1397 4507 4280 4545 1127 3994 4864 2761 982 3988 4406 4560 3665 1935 4701 4672 3257 4345 1182 4618 859 2632 707 3166 4184 2311 2740 2176 46 3346 2980 2537 1839 321 4769 4144 1856 4007 2962 2934 1044 3528 249 898 4944 4899 409 2158 2155 4876 633 3090 1598 453 4702 1274 4973 2814 4556 4892 750 4005 4119 3650 2760 3600 3929 1593 4221 1350 2828 4941 4614 420 1661 1598 3811 2729 1938 3377 2350 3725 3292 2637 1709 4632 566 807 978 2730 1302 2803 4928 46 1254 4384 182 3542 1285 364 1213 3063 3700 716 1082 3650 41 724 2710 498 2971 264 1896 3982 3013 3957 1172 1604 4477 830 1054 379 38 2213 774 1830 1305 1164 3909 1817 497 3755 4020 3181 3540 913 2886 3088 4590 1357 4737 3165 3257 1707 2984 2101 1869 1890 2967 2377 3249 1980 4383 695 4439 2367 1320 3787 3750 3860 1686 3636 1735 3100 4669 446 4742 2081 2584 4075 210 688 1797 3538 4251 3720 1638 2324 1274 4122 3244 4539 1608
2019 3187 3092 953 3481 1502 1285 1250 2087 2453 4551 4344 3031 3101 3361 3771 3291 248 1747 1882 1127 1566 1156 366 1401 2848 436 1526 2351 1158 3530 728 2270 1057 3034 2863 1225 2995 4358 4403 2256 924 2118 2859 4128 1515 226 1129 1999 4772 409 2577 895 1732 3280 914 2039 1400 4056 3205 2377 1433 1250 4367 3169 432 3592 3536 501 4724 4421 3410 1397 2067 4671 4297 2295 3504 4174 922 4768 4481 4833 2447 398 665 761 1054 1603 2280 2812 1303 4678 982 384 468 1788 4534 68 2473 1250 3884 3906 1090 2390 1753 4768 3717 3412 4697 4060 3124 2223 3334 2227 1852 354 2422 3984 1913 754 4812 4681 358 2585 2883 1321 481 285 71 176 1792 4396 4046 1593 4369 1856 2444 2443 1410 698 2505 4460 2256 4079 2949 2989 2337 3043 4400 98 2390 2088 3199 3981 2222 697 903 1783 1737 198 905 1765 898 4634 27 3717 3921 99 3641 3725 4942 823 2926 2892 549 2291 3419 943 1878 3360 1412 3191 1531 2412 1570 3921 1454 994 4767 3160 987 2694 3055 4825 2212 554 4624 2219 3972
1915 485 1418 737 4029 868 4497 3169 809 1931 1459 1754 966 4708 1042 3964 3440 1155 1391 3520 3994 1156 1558 333 4412 4424 1914 3454 600 3357 675 4470 373 2138 482 4256 1477 2214 1530 1753 98 3143 4520 2202 4427 3467 1830 220 2896 4073 997 1368 213 3069 3513 4945 1350 3754 1999 1372 3670 4514 1639 1293 3484 4039 4787 1651 980 4785 3774 1762 3052 1189 2975 1250 2476 3128 1588 2246 2496 2961 1495 1246 514 2861 1791 210 4164 1688 1299 1724 3460 4489 38 47 2401 3343 549 3182 4289 2963 4734 2601 2039 3122 3336 1612 773 257 4547 2721 3389 875 4047 1343 2007 4040 2058 2355 2716 3186 4802 728 4600 3569 4610 3568 2107 3946 455 3964 3628 1500 1096 1926 2434 2384 4098 1615 509 987 4172 2744 4287 1835 1419 4877 542 62 3967 1381 4948 4834 4997 4139 4016 1482 660 2321 235 1054 2352 4253 2449 3354 2163 4685 4656 3618 1064 1810 3396 987 2762 2423 520 2135 112 2610 2603 2815 1380 2249 901 69 2285 2329 2178 203 2397 4009 762 3640 1545 3827 3620 4123 4352 83
1148 4756 1391 4933 2656 3920 838 3642 1445 3752 200 3302 134 1601 3312 1471 4386 1656 2898 266 4864 366 333 4874 95 2545 3110 3237 1269 3237 4758 371 1338 721 1844 78 3643 4402 2249 4935 4112 3576 2761 3637 708 282 2148 2907 1544 3240 2976 4519 3675 2096 2942 2711 1031 1624 4326 852 4232 4571 867 1485 2962 896 854 286 4153 222 467 595 2488 3330 4274 4299 326 2765 288 3156 3097 3207 1395 2899 817 1997 1703 2374 4763 4131 1370 3109 3017 2523 1696 2330 3773 1811 3855 3097 908 12 1858 4713 1864 4616 2577 3690 4535 333 3292 1463 3305 4546 3316 4710 3801 2786 348 1831 2242 1034 50 804 135 3013 2687 2982 1949 2780 1013 3385 2022 4196 2151 3194 4308 2697 3903 3375 2423 4003 3694 1717 4392 294 3377 2314 1222 751 3150 3198 2025 1099 2678 3028 2086 42 2418 413 1528 1152 1141 2307 4611 4972 4890 1385 1897 3680 4714 3318 4737 3494 4103 1983 2553 155 4982 3234 2226 299 272 3828 588 4440 282 4417 1451 2755 3803 122 4606 3746 4914 2693 2464 1575 4579 1749
1200 1905 1841 4192 1446 3138 2064 2031 3275 3107 990 618 976 4942 4447 1252 3530 1396 1441 46 2761 1401 4412 95 1047 227 3605 1896 639 2989 3626 3193 3610 194 100 1721 2563 2081 2433 3908 1200 72 1386 180 464 4181 3105 943 1455 120 2182 3731 1816 182 3429 4187 2916 3739 4199 2844 432 1293 1200 4199 441 1996 2143 1710 692 1241 2404 912 4454 3378 3541 1449 29 4750 652 673 4146 1189 2287 3658 1747 2642 4481 3796 3373 2774 3056 4110 1890 2892 3617 2404 2742 4340 2729 941 711 4249 2547 429 46 3862 376 1475 3333 507 1281 2684 3376 1864 4229 4981 2093 2849 523 2597 157 1221 2059 57 4843 3081 3113 892 4324 2201 696 3719 4770 566 687 3526 856 3023 1941 4155 1679 1780 2527 1660 397 4961 3205 3382 489 1750 1322 4324 1026 4320 1567 3172 4438 4822 3374 709 1989 3217 3970 3013 1935 434 4414 3741 3483 929 3321 148 2413 535 417 2847 1248 3115 313 1021 3961 4083 1038 3675 1766 4111 665 2854 1535 2028 3750 2545 4816 3411 735 4186 4661 4933 176 734
2861 727 749 494 3851 821 138 1052 3495 1513 3763 4610 278 3372 1951 4548 4092 2532 4793 2131 982 2848 4424 2545 227 3497 2915 770 3152 828 2138 4942 2184 4555 3588 2285 4436 4676 121 4084 3855 2538 4933 4684 3176 4766 831 2276 755 4775 1550 2025 4060 2011 138 1955 1019 413 4839 1289 4155 400 3576 2903 3995 2533 609 2705 4188 68 2309 3606 120 122 3643 10 3895 2076 4838 3261 4283 2780 3659 2972 4906 1054 4100 888 4007 1879 97 4494 1225 2240 94 4628 3458 4208 2217 4516 3154 1253 414 3994 559 1501 3168 3907 4523 1574 294 1601 1248 2665 4805 241 59 3344 277 2081 99 4132 1567 956 599 3781 3006 2061 664 2013 1251 1329 1841 2407 1681 2189 3791 4784 2153 4505 4871 1005 4228 4934 2235 2338 3148 3309 647 1274 1005 3016 1255 1593 1168 364 3448 2321 4755 1194 438 813 1503 831 1288 3572 4094 1711 3568 58 4532 19 1392 2691 3754 1316 4186 3788 321 2984 3048 4219 1836 2412 4978 1423 4858 1483 2160 3603 3645 2722 2421 973 677 2677 4136 1815 1297 4501
2853 4469 4756 4167 323 356 4214 2702 4029 2594 2468 364 2072 521 2776 4278 3077 1917 2564 1523 3988 436 1914 3110 3605 2915 3477 4759 4615 33 1576 3067 3855 2276 3702 3735 3980 4998 911 1641 3205 2547 4380 998 3418 1517 2161 2268 3434 3009 2955 1914 1462 4966 4263 4944 3264 110 3943 752 1569 2368 2198 697 704 1157 2799 2438 4107 2145 3058 4213 4974 1593 1430 241 4680 1768 267 4725 3498 245 4701 4490 4703 3401 3887 1046 1869 4250 2612 273 2498 3786 3482 3948 3465 3973 2864 1786 2128 4922 4513 4047 4349 3814 2886 4196 384 2100 847 2568 4407 2975 21 2916 3443 321 2108 921 15 2657 2131 4178 3771 1599 393 615 2390 3400 1266 3701 713 2356 4807 3898 4471 2670 3141 1506 1429 3157 4973 1183 2657 2910 4737 3889 140 4753 3836 396 1939 4989 2313 4426 2804 2824 623 4686 1427 824 2219 2028 960 3439 493 1532 574 4996 4461 2608 1668 3667 3918 4960 3544 456 4012 760 1662 2474 1964 1590 2818 445 2521 2494 4593 2436 271 766 1622 4754 957 1418 4307 1453 3671 3953
3786 4495 3744 2633 1796 1546 2508 313 2429 2361 722 3591 1012 4066 1234 4035 913 4163 3763 1196 4406 1526 3454 3237 1896 770 4759 1913 3941 549 3282 118 898 3914 680 2767 4055 1077 892 2606 3034 223 3778 3210 3026 553 503 3462 929 4599 2764 154 737 1027 962 3751 3561 982 978 1123 140 3377 164 467 1029 1683 324 4727 777 1264 4919 3262 347 485 3837 363 4709 3377 1827 2944 2006 78 24 1688 3166 1220 4486 2991 2827 538 3606 3443 4790 1593 4646 2810 2997 1892 4692 1702 3919 623 382 2616 4617 1039 3853 4540 4610 555 2553 672 869 94 4586 2176 4781 4187 1518 2938 1245 4299 1263 2293 3917 3105 4079 3821 4210 3528 1974 2081 3478 1800 2876 3527 839 429 601 1806 4502 3848 1133 4081 2998 4020 795 1702 60 2346 2350 4435 3424 674 1576 3749 4211 547 1049 532 3765 2711 1666 1356 1815 3250 4097 3035 1410 704 4371 3583 4375 4623 2598 733 454 204 257 4177 2013 4157 3288 3430 2920 511 2805 3773 2984 66 280 2877 3931 577 3753 1391 1081 4205 2104 3704
97 2787 3916 756 536 476 3258 3637 355 545 1815 471 4311 4879 1409 4625 3989 1759 2956 1315 4560 2351 600 1269 639 3152 4615 3941 2542 3437 1805 525 3529 3308 2826 3351 1739 3441 869 637 4518 3625 4613 1877 2064 3047 4752 2198 1403 3781 2886 479 3255 918 2590 270 825 1734 4586 4152 4332 1254 1071 1334 3033 1353 1538 1334 3669 851 3086 3369 3765 4526 4313 4120 658 1149 925 2928 2020 2777 2458 131 4961 3119 2933 1555 2188 3791 3191 4890 4086 1578 1570 2620 4463 1611 55 4096 3385 2313 270 2966 2917 4603 2428 1737 3894 2000 4604 2847 2070 1391 525 719 4140 4441 2397 358 2392 4970 4548 1977 2024 85 3661 1844 2037 1795 2183 2843 1551 3136 2824 1802 80 1568 809 2016 3287 3527 3158 3521 4907 2028 2561 181 3852 197 4874 3870 2123 3188 2497 1553 2042 986 1067 4870 1585 3400 1940 4157 2016 4589 4400 2434 3842 3772 784 4473 2285 2864 2115 4113 3216 1159 1009 129 3870 522 1437 2235 3434 1858 786 2141 2323 3734 3307 4041 4287 4774 1364 1576 3937 4316 2973 3895
2373 1160 2121 4164 168 3840 955 3552 4075 1515 2594 3797 2910 4374 2988 4164 3987 4801 554 1643 3665 1158 3357 3237 2989 828 33 549 3437 3016 1063 441 4271 3070 4738 2714 965 2982 151 2813 3547 2735 3897 249 4953 4322 2055 1860 1196 4104 2430 4121 814 3642 3170 3897 2230 4754 3116 410 1570 4806 915 2954 1505 3403 3361 410 4523 4499 3637 2502 4977 4022 2011 3216 3724 1683 159 246 252 161 1480 3012 3829 2549 2937 1529 348 4099 2701 2761 1974 1145 718 129 4641 3930 452 343 4188 4799 216 684 3749 674 1301 3178 3283 376 892 4586 3786 395 1080 3680 1803 1571 310 88 1643 1012 3837 4626 922 4185 1383 4108 3301 4365 2388 565 2190 558 131 260 3481 1581 4021 103 3286 4380 1145 1037 2448 1876 3833 1955 1215 2003 411 4805 3821 1616 1199 603 2299 2316 1277 4972 1999 1976 4467 412 798 1357 3011 2778 1037 2705 14 548 2811 1713 470 1796 4382 137 3320 3441 2856 2925 277 2910 4243 3417 3676 493 1523 3993 25 3762 4576 1978 3647 1344 4310 3495 1353 2704
893 3934 1484 869 227 719 2182 2767 344 2570 1450 4827 3348 3415 2890 1042 4664 2129 2909 4915 1935 3530 675 4758 3626 2138 1576 3282 1805 1063 1756 3651 953 3537 4393 1334 166 4470 302 578 1596 1169 4421 2708 3707 1940 3157 2708 57 3581 4770 2827 303 2216 3990 4234 4521 2897 1405 958 3326 1324 3126 56 2765 2696 1879 714 3987 284 1962 34 510 4621 3246 2330 186 3377 2340 809 148 3438 4240 4001 1912 4120 4282 1481 2528 4030 919 4133 2783 1064 3923 2071 512 1014 677 3713 3292 2130 244 1208 3057 1153 707 3223 4393 4094 4065 4777 809 3177 3670 648 4036 644 785 3874 3842 4307 4619 4858 642 508 2756 2243 3270 3304 1368 4169 4074 4708 3950 4887 3768 3625 4122 3160 1917 2208 3178 4479 4106 3799 2578 4151 2771 664 1379 757 4610 2951 818 167 3753 2501 3734 3475 1121 4513 148 4398 1258 1835 1435 401 2733 1617 4096 4136 740 488 528 866 2933 4543 4669 2145 2083 276 3037 1160 2026 4799 1404 966 1693 1654 1078 1779 1730 4416 395 4049 151 982 2715 2101
2191 1316 3756 305 4856 171 3549 2606 2646 4943 4767 4416 4512 1398 809 10 282 1614 4392 4606 4701 728 4470 371 3193 4942 3067 118 525 441 3651 330 4758 1652 679 3297 2273 1595 531 1513 4929 2642 3532 1179 74 3649 4149 3294 3452 1313 2433 4532 3279 4252 3747 3542 458 3910 4655 1797 4296 3623 1975 4097 3171 3357 836 2080 60 197 1992 2674 3213 734 2045 4445 208 860 3342 922 3639 2895 3351 4189 1048 571 1569 3932 1394 1811 637 102 3842 2038 2815 4401 356 843 4219 1109 2552 2380 4498 2690 1641 577 1432 2106 126 2997 4465 3854 2043 4592 826 434 1316 4748 877 4194 2934 206 1844 288 4928 3803 2155 1238 3591 2577 2180 2786 1906 4917 460 1780 631 4276 4949 809 1014 2604 4072 4712 1836 170 1494 1163 2232 3112 4821 4356 2372 1346 3151 1558 2937 2740 1993 826 580 2128 432 1412 2114 2009 3988 2161 208 4978 3805 1205 909 1664 1986 4001 3681 4806 4415 4511 864 1156 4510 3615 992 2196 1556 3275 2008 4932 4178 443 4027 1686 1223 4811 1966 1198 575 4720
826 620 1868 342 4281 4167 445 3682 527 2782 1033 2560 2067 209 3163 3509 3042 917 2794 1590 4672 2270 373 1338 3610 2184 3855 898 3529 4271 953 4758 4504 4150 4155 3034 3080 215 872 2422 1987 4270 4258 49 4384 1508 4359 2373 1631 1167 1454 3054 4976 3239 2483 3040 4058 650 1102 2723 2279 4056 2610 2023 413 2512 883 182 990 4039 1888 2499 1284 3420 618 3062 2806 4016 4681 1015 3748 3734 4269 298 4295 4351 2686 1077 2153 2195 785 1156 3107 4160 1383 2673 4633 4200 391 1713 2442 974 4054 4683 2010 1090 3733 3957 458 2087 3364 4383 4572 1469 625 4057 3551 1896 2280 3104 2133 4870 582 2325 928 2845 4770 3145 3542 1850 2349 1495 4115 4337 3528 48 4312 1586 4241 4979 3392 2984 2093 915 1412 1018 1967 3332 3601 1603 729 233 3122 4496 118 146 4625 883 4765 772 4865 4104 2560 2309 962 4167 2682 1156 1617 228 1510 184 4651 4988 4616 3157 1004 1528 4095 1491 877 4330 3748 2300 3476 2835 2899 1977 1990 1359 1381 4197 3723 992 12 1900 2826 901 1339 1105
4177 4969 4618 4482 3086 4655 2787 274 4531 3438 1573 2198 2406 658 3017 2126 3930 1918 2306 3934 3257 1057 2138 721 194 4555 2276 3914 3308 3070 3537 1652 4150 711 3214 2156 4497 3554 710 4482 2371 1275 2475 2657 907 1522 1401 2572 2980 3031 4599 891 2880 1222 1326 3583 1549 3033 2239 3688 3888 1776 4798 424 4067 979 691 2696 4608 4022 2038 4582 1094 4307 3361 615 2247 1651 2940 2776 4942 413 1828 1931 1787 3821 2285 1785 3564 1962 862 4952 580 1055 4641 4766 1978 2599 408 586 946 2786 4263 3192 4079 4287 4639 2704 4973 3344 2366 2137 1278 833 3876 3283 2773 1033 4457 1952 4711 332 4254 58 800 2161 834 3236 1153 3747 2358 4954 4079 192 4053 2766 645 887 3484 4706 2885 1151 369 4872 1422 896 3266 3095 2071 800 2467 4749 2363 288 1205 2073 4662 788 2125 3105 4277 1062 3889 4624 4779 1627 3722 1768 4795 2528 4718 2865 2751 2227 3387 4373 1044 1732 4776 261 3766 203 4849 4424 822 2062 3739 2912 566 2505 2600 2520 2213 212 1716 4943 1551 2011 3518 3494
1667 4213 562 2310 3701 3653 2220 1139 3712 1169 4425 1881 376 3807 935 2289 914 1942 2766 861 4345 3034 482 1844 100 3588 3702 680 2826 4738 4393 679 4155 3214 3872 1613 2532 3092 4070 1719 299 3734 1667 1212 3857 2369 2574 978 396 1687 2376 4614 4562 467 2556 874 4560 1192 673 171 1964 718 1871 3699 3924 2254 3992 1113 220 640 3838 1409 2293 1395 2086 1883 3142 3387 2939 3688 2561 22 3503 2334 1972 1996 2057 1222 2582 2352 4650 3475 4849 4586 473 4197 1649 3835 3212 1661 4721 4111 1969 4587 712 1587 2189 386 3000 1585 4463 4398 3061 4076 1472 3790 3006 4427 3891 2286 1286 1728 4598 1564 4390 484 4550 3030 1920 3779 1649 2594 2653 2833 1420 2159 2412 4268 447 195 4231 663 1133 3843 2654 2500 705 868 4152 3342 4549 2471 2839 1977 3951 1081 4005 962 4868 4931 660 2713 3214 4061 4109 2584 3533 3617 2648 954 917 2985 495 934 2915 3921 4247 4156 2451 1234 1420 2255 4352 3310 3574 2422 744 4106 3017 1032 3816 3860 1892 4839 1502 894 3997 3264 4555 2693
986 1384 3626 3359 4766 2634 133 4342 1804 4727 1447 4322 4812 2703 1512 2217 318 4130 2023 1171 1182 2863 4256 78 1721 2285 3735 2767 3351 2714 1334 3297 3034 2156 1613 4823 1966 1513 3771 1572 1919 3886 1999 1721 1091 1168 4045 3640 3479 1743 1062 2359 1562 4639 2159 2851 1476 2174 3861 2827 982 685 810 3862 2680 2847 1506 3510 3250 3949 911 4522 4712 3205 1333 1328 2296 4861 4747 3184 744 2201 3247 4697 2299 4768 422 769 297 3532 4023 2992 639 2680 2627 1171 283 646 3067 208 242 1621 4190 2901 4250 4077 520 94 192 1037 1628 3721 4474 3972 4268 3081 1598 4485 3432 3401 3770 2493 3930 229 3370 2035 2636 2143 819 642 1902 682 3292 283 514 4758 126 2888 4010 3885 4563 4778 1866 4094 284 3890 3390 1190 470 3756 4578 1136 1024 2915 4730 4982 2449 2100 312 70 4325 4993 826 2563 3734 2854 4203 1518 916 4626 3707 3700 4549 3854 2246 2861 653 3085 541 4086 1511 79 2175 4470 1948 2433 2576 4424 3616 858 4147 1024 910 1759 535 2515 4674 719 1938 660
2782 1017 1109 3802 2687 1710 4771 2471 1642 3619 3678 1531 4783 2627 4303 4426 3011 1613 2318 385 4618 1225 1477 3643 2563 4436 3980 4055 1739 965 166 2273 3080 4497 2532 1966 4030 571 3204 2945 1890 1902 4833 1448 4407 4843 2866 4814 3302 836 3787 3942 2234 3497 2029 573 362 4166 3021 2880 292 767 3998 1762 1712 4197 4754 3543 720 2228 3502 1243 1665 2726 1778 4493 3602 4892 827 4011 453 4064 1727 538 3121 3543 4797 3193 2192 2871 1409 4540 2796 1036 137 1892 2973 1303 495 40 1355 2168 4482 4737 1317 2646 1213 3673 92 254 42 38 4864 2625 1626 816 4816 1204 3590 525 1762 3729 231 2637 2663 2541 3972 4491 4781 1865 2504 4122 1747 570 3728 446 4100 4695 4282 2446 2651 2111 4626 4848 372 3889 1092 2567 2389 3372 3145 4903 3755 4324 858 2657 3673 4230 909 3744 3689 1911 658 4494 899 3382 2903 2193 2720 4962 403 134 4782 425 4553 3820 1877 1942 293 2080 1733 587 1466 3093 3916 994 615 1170 3668 69 1563 106 2260 2748 3826 1629 1408 953 4207 1381
1146 2703 4557 1790 3256 3327 1431 2263 2768 21 502 3094 3561 3746 3166 3924 2403 4578 2823 1080 859 2995 2214 4402 2081 4676 4998 1077 3441 2982 4470 1595 215 3554 3092 1513 571 2462 1732 3977 2223 2663 3184 3296 61 3084 1838 4868 4964 693 3555 4925 3867 1716 684 2095 3243 3406 3150 2943 1176 665 398 4797 4265 2230 2401 1001 2849 985 409 3169 3247 3987 681 982 4392 4020 1779 4282 131 1823 706 1584 691 4194 2263 679 2072 3604 2798 2243 2737 2866 1931 2544 77 3322 1701 565 4529 315 2784 3289 3978 3032 802 954 320 804 4358 3433 2033 1467 3022 4262 4458 3882 4877 833 377 4145 4630 2904 1817 3160 893 4439 783 3741 4021 3954 4767 264 3776 1915 2496 155 2448 2108 947 1611 863 4042 564 1857 3082 4454 1602 4263 3657 4873 3814 380 2875 2525 3547 1943 525 1910 2606 4782 2018 4011 4293 4510 2637 426 237 1613 2981 3772 1851 178 4118 3427 3293 2456 3596 3181 1945 2388 1349 2916 2476 164 77 4583 4201 3554 1219 4928 3992 3161 4870 950 3885 1544 2359 42
1078 1699 4782 4336 1947 2538 3084 2369 2241 302 2740 492 2880 4249 1443 2588 3902 4820 1459 1182 2632 4358 1530 2249 2433 121 911 892 869 151 302 531 872 710 4070 3771 3204 1732 3055 4905 4696 3801 1249 1749 127 959 741 2001 2282 1753 3749 4609 2192 3670 703 1720 3459 1795 2152 3075 4859 3068 1410 4649 607 4247 4907 879 720 4122 1955 4103 2005 2927 2604 2456 2263 3641 2516 1176 1268 4590 3047 402 1158 257 1021 4848 2225 2408 4551 2713 3442 2788 4892 2714 1050 3956 498 1056 2410 3989 3485 4920 2365 3663 3164 2020 3051 4554 4472 672 2955 3032 1110 4838 964 2320 2628 3142 4818 4723 4787 1513 2557 2553 4918 4363 4595 1570 3685 839 692 2005 1269 1860 3898 1429 2118 3799 530 1005 4771 1776 1184 1709 4131 2531 4405 534 4081 2007 4466 813 2605 340 3764 1280 4128 1236 4606 4403 3025 2787 3047 16 2082 1624 2999 1334 2607 1112 4265 4246 1033 2802 4527 3134 1002 1859 2832 3961 3484 162 852 2054 4042 4525 4934 3734 4846 4947 1277 3270 3115 67 3875 3343 2514 1944
3650 3627 1185 460 4721 3007 3937 2347 3355 2329 2172 3963 4490 4806 3746 1966 4507 4568 2235 3061 707 4403 1753 4935 3908 4084 1641 2606 637 2813 578 1513 2422 4482 1719 1572 2945 3977 4905 2642 4970 4376 1082 1799 360 2915 4977 64 3445 1687 2462 4962 696 3767 2902 2632 4020 4460 3558 1236 2786 370 4451 3786 2746 3690 442 2397 1530 1675 2613 1954 2845 4010 243 2904 4998 1284 4947 2041 1820 1724 2606 3392 4387 1111 2553 3585 873 4327 534 1790 1362 671 2627 158 211 560 910 4774 1793 461 3614 1601 4814 4428 4587 417 2123 2666 4637 4288 1196 1512 1840 4887 4390 3861 1126 1890 2389 2173 3049 1923 1402 3580 1453 4939 436 3937 1574 1241 3520 741 4735 1795 2537 2354 2882 859 1411 3100 4819 2432 3274 544 1789 935 1288 26 1902 4639 2948 3562 3094 3807 2119 3067 2089 1942 4235 838 3611 1403 1039 4347 2946 3513 2657 4900 719 3691 901 4170 3505 597 1198 2381 4663 931 392 3509 2837 4794 456 147 775 4938 582 1904 1833 520 2874 678 564 1575 1300 3454 1491 2902
