N: 200
M: 60
Symmetric: true
Triangle: false
5 46 166 133 88 94
1 182
5 127 21 196 22 154
5 47 161 104 29 124
4 54 180 176 192
4 144 58 28 6
3 193 156 86
3 110 129 194
4 5 8 78 68
4 11 153 169 70
2 27 150
1 95
4 79 2 80 139
4 71 171 185 92
6 101 142 42 184 100 120
4 163 82 14 85
4 36 51 20 63
4 111 102 114 183
3 75 155 164
4 106 147 134 131
1 72
4 108 122 165 172
4 109 126 174 178
2 52 12
1 175
5 91 87 199 3 24
6 157 123 99 90 113 167
3 200 49 125
5 43 146 98 18 119
3 162 60 179
1 105
2 197 137
3 89 181 32
7 35 188 158 195 141 4 15
4 1 53 190 69
3 135 152 62
2 37 97
2 148 16
3 145 118 170
5 159 10 56 168 67
3 73 116 40
1 48
3 55 17 61
3 39 26 38
2 136 45
3 128 191 25
4 59 93 96 84
2 77 64
4 76 130 66 143
4 50 34 57 7
2 33 177
2 112 117
2 173 81
1 187
5 44 23 19 13 65
1 151
4 31 198 83 103
4 132 30 149 74
5 115 160 138 41 189
5 107 9 121 140 186
4660 1027 830 1110 2175 2989 752 3910 3818 259 1908 2255 1607 3136 3358 3529 2529 1951 4667 2314 2402 2737 1670 2436 4677 4394 1478 2322 3076 2191 4409 2114 1930 1403 4234 3855 1497 329 3249 2764 3945 507 3843 3773 2500 4958 2947 1665 3514 2707 4940 4449 826 1746 2094 3354 1062 2472 4398 1517 3449 693 2679 3615 2122 4982 1057 10 1788 4813 726 469 1759 1978 4384 2424 232 3406 2255 151 1297 2312 1194 2954 1081 3992 746 4937 509 2673 3963 3587 2990 3030 608 2380 4101 797 2702 238 1077 4938 2914 1653 2899 610 970 3458 484 988 2882 2777 3446 4248 434 1447 3031 4382 2648 3555 688 4029 848 2514 4336 3900 1734 2345 3848 1999 2437 1754 3410 3578 3355 2989 4462 1269 1472 4297 3834 4367 2726 2962 1212 722 1933 3467 4251 4633 3241 741 4856 4210 3114 1977 3876 4359 1931 3616 2055 3968 3291 3049 3603 2644 4530 1585 1505 3541 4630 2093 3697 3027 4657 3253 1628 3871 2640 992 2633 2497 2948 3116 665 4138 3325 209 1215 2541 1243 2205 443 207 837 2741 3385 1806 1181 599
1027 1516 3648 2540 2171 1444 1348 1817 1630 1522 1070 742 4047 536 3221 1902 2629 3044 1448 4398 2354 3520 370 4017 1232 2691 3885 4372 3072 2567 1929 4339 854 316 2064 1805 2191 34 3113 1433 2761 4327 113 784 2520 2385 4444 2814 1718 3759 2268 2243 2415 615 4532 4153 4872 4730 3690 4862 2163 986 2894 4143 2247 3862 3827 4745 1970 2092 1086 4789 3526 1637 1699 4576 3077 3939 1716 3361 2226 3524 2399 1930 2891 451 4570 243 3730 4265 2125 2182 3512 615 4673 1631 1610 3563 1273 3318 3404 1751 2167 547 4507 577 3414 2090 1793 2369 29 139 3798 71 4175 2543 4450 2323 1999 1813 3460 873 4821 3494 1002 4010 4238 4351 2512 1822 1143 2213 2551 1944 2805 70 1848 1681 1069 4171 3049 2279 1649 2628 1241 3068 316 4473 1407 3581 3541 4478 2011 3618 771 3100 3848 2767 2518 3347 4806 3708 2696 2321 196 847 3865 4906 1999 3910 2880 3590 3374 273 1989 1724 2821 2399 656 697 3272 1116 3624 414 3052 2497 3925 1281 3766 391 4014 2168 1312 2826 1482 1386 1675 2277 2617 477
830 3648 3879 3048 1767 1733 1948 2130 2997 4035 3860 2143 957 898 4124 1522 4867 2957 4250 3642 182 4490 4785 2346 3781 2611 1615 355 2826 3124 2939 2711 1422 2109 4264 15 3902 514 4199 3743 3106 1150 2756 2067 3591 2603 796 4000 1708 2693 4482 4949 1428 4782 4112 3374 223 4564 2448 3150 4488 3597 4608 3184 4935 3359 4753 40 4275 1013 1212 4990 606 3893 801 4744 2035 4251 306 2452 3508 701 1471 2440 4189 1806 267 2605 1092 3442 2820 2143 1622 2610 3816 4361 3898 2375 4949 926 4351 523 1138 2680 754 4199 995 2054 3006 1131 403 4740 1645 2825 2281 1389 626 1922 3936 3849 2149 4271 1293 4075 1947 1314 1641 4188 1505 1139 3049 4212 283 4366 2019 2333 1684 484 763 4712 1503 414 3027 697 3294 4500 2532 3073 2688 4587 56 2433 2858 2937 4882 3361 4428 1433 4278 1368 3460 1718 3479 2623 653 2310 138 4055 3649 4266 2657 56 4842 1818 702 2154 978 3946 502 535 3726 4171 45 697 4020 4133 4099 1125 1764 74 1516 271 3818 1348 2468 1334 3265 510 3704 4373
1110 2540 3048 4849 329 3522 1313 2038 2431 2362 4767 765 1746 374 1042 4284 4157 3090 2870 2718 1721 3157 1536 3441 2394 3519 4951 1158 853 3923 592 3834 1535 3826 4663 3867 136 245 4256 1510 335 3845 1277 3534 3925 3377 270 2005 4399 1104 4521 1190 2667 3659 3667 4267 1625 1049 2296 954 1191 4943 4380 4033 4954 2219 4639 3807 2482 3921 2893 1746 3284 1972 2247 2699 3575 2440 1127 4374 1753 3007 2999 1448 1863 954 2745 860 4606 94 4625 4707 4363 3184 2864 4289 1350 4576 308 3109 649 996 2566 933 1753 3889 1406 2446 3557 2747 2951 3436 2134 2977 192 354 1175 4481 3875 1199 2167 410 4543 3660 3887 3223 1434 1435 2590 877 2109 389 1091 2268 3316 386 2311 4630 4983 2443 1777 405 2901 1110 4705 2174 3956 2052 2409 4551 1827 1037 2276 273 3576 4507 1920 359 1909 2989 1400 4013 4508 2892 2742 2712 2932 549 3008 1809 2111 523 3350 1656 1464 4409 206 242 460 2221 500 1794 3432 3649 1447 1254 3293 4570 4403 151 2885 2494 1796 3070 439 3116 350 2431 4904 850
2175 2171 1767 329 3181 2299 3439 4043 1305 4614 4478 2122 293 2714 1225 345 1711 320 1819 2115 2859 4027 120 4956 547 3998 1460 3693 2933 4013 1549 143 3219 3461 1210 4654 4742 413 4525 2285 3876 4414 4610 3350 3954 4105 1685 3925 4642 1847 2489 2505 2972 838 3683 2242 925 1924 3496 3390 2424 1361 1927 850 1184 3589 3087 2970 4871 774 4049 2681 752 3929 4202 1912 3092 2510 2455 2247 3254 447 286 2355 1268 4911 1369 4338 649 1658 4961 3255 3259 312 4194 2893 4481 4958 877 3940 3870 1012 43 2235 757 2122 3862 4428 4176 1431 4443 4651 323 4740 1325 4283 3007 132 2306 1796 1579 4489 4817 1310 3030 159 74 1417 4380 2664 532 3912 4686 2390 84 2029 1674 4103 2597 3003 669 1921 3183 3465 1665 1652 2761 4159 1787 3004 1879 2557 2896 330 3968 396 2143 1219 3085 4998 1114 4786 3897 602 2986 1182 2512 3052 639 364 4984 4361 3053 4125 3642 2775 1289 963 2156 3842 3404 2488 4002 2185 3065 4075 449 1193 527 2058 3411 2154 3444 359 1107 3378 680 14 2944 4339
2989 1444 1733 3522 2299 3879 842 3506 3447 14 278 4366 4896 4451 345 671 4305 4382 3244 135 4264 1258 1123 582 2760 3087 2170 2903 3126 428 3012 2629 855 746 2625 3233 2276 2185 2290 370 2697 2716 909 671 4514 4720 2060 398 307 2367 4154 93 2105 1488 2208 3176 3179 3220 644 379 3943 1646 3374 4026 4921 626 1815 2291 508 3652 1968 3152 2935 2535 2044 2838 1351 1301 476 3729 3692 1692 4199 453 773 798 3822 1484 4912 3603 3090 187 806 3837 2577 141 1244 2009 4222 2364 598 2398 141 2634 1457 4807 643 3103 3473 312 3654 2949 3926 4035 3219 813 4550 3549 2338 1646 3281 56 709 2813 3266 4667 1079 206 911 3635 203 4779 3673 1827 2738 1386 4170 681 3085 1638 1522 891 3192 1248 2175 2306 3002 2863 4088 1795 4830 2129 3552 2356 1683 2408 1721 4911 294 2193 4240 1759 2157 1226 3417 1753 1267 3970 4322 2611 3349 1676 1139 666 3885 493 4118 3197 2132 544 257 4794 1472 1587 3015 4713 1997 2819 4613 170 4547 1332 753 2175 554 2939 2178 2770 3372 3043
752 1348 1948 1313 3439 842 2257 150 4002 341 2688 2796 2855 3261 261 2494 513 1567 4826 4636 3231 3392 2172 1536 3564 225 676 4810 4715 4538 2175 1155 4987 352 3103 3592 2614 4347 2680 3990 1764 812 182 1351 4597 98 4767 3496 1586 3411 14 2972 1759 871 1973 3614 2733 2902 3084 1073 2212 264 3196 2474 2274 868 1725 850 1055 3381 4994 3525 4872 2214 4474 107 3013 3617 3435 4738 4197 1362 1651 425 1446 1513 4293 2206 4852 3594 835 428 4324 193 1341 2460 2913 2041 1076 1998 892 3256 3263 3852 1655 2447 2343 1856 3406 733 1055 2155 3813 1156 1436 3868 3254 1258 4920 3653 1772 931 983 3628 1933 2489 2945 2468 722 463 643 2558 1867 2035 4442 3523 102 4278 1911 1335 2666 1152 1148 4362 1843 2111 2819 1365 1164 322 2612 1666 4095 2170 1396 2687 1689 1273 1887 4984 1557 2703 323 3087 780 3844 4541 2756 116 3166 4465 2380 2947 1203 3841 1724 2563 271 4874 2191 1836 778 635 1406 2792 1177 4840 864 3192 2958 621 4189 1091 2041 4064 4764 1711 2061 421 598
3910 1817 2130 2038 4043 3506 150 4567 2863 2634 4188 1747 2270 970 1464 38 4143 995 2904 1454 4815 3577 383 3898 1157 792 4366 2605 1916 325 553 4280 4328 3750 3730 3840 4424 196 2963 3403 567 1292 4813 4631 1241 1453 607 1268 840 2444 3379 4389 962 1936 1690 4811 2608 3703 4076 4326 2651 1016 3583 4550 4771 1265 4778 4973 4832 3796 3310 409 1214 2076 1571 4305 844 285 3889 2725 719 3389 1255 1592 4492 1766 3542 4650 1082 3698 1942 4373 88 4327 1158 4268 1428 155 2637 2922 1914 4975 2872 413 2045 1310 3834 4073 1881 302 4578 1468 1637 1895 4642 843 3317 4706 1951 2568 1554 1310 1979 1662 1372 111 2001 3367 3935 263 1283 851 2012 3410 4895 3240 3776 195 3171 3228 4196 3965 143 2732 2502 1075 4560 407 974 926 2061 1885 1224 4429 1695 3738 4031 4897 2171 4041 1019 877 3719 4578 2993 4177 434 1839 1382 3751 4020 3469 4148 1813 2496 3954 4323 314 3315 1701 917 4951 3618 4023 3904 2890 675 4397 734 2469 1452 2851 1902 3952 1514 4379 3823 2522 2874 2737
3818 1630 2997 2431 1305 3447 4002 2863 3051 1101 3849 3539 578 1858 1809 4746 2419 3804 3184 2620 3558 3281 3562 602 4039 1315 2733 1921 134 1044 2168 4388 3070 2184 2198 2142 2891 2031 74 3272 4847 4290 2014 4317 3551 568 2852 2378 2282 4218 2256 1140 1699 3052 3387 1084 4220 1089 3182 2625 3479 2880 2249 3469 2322 116 324 2856 4294 411 3931 3599 3757 2074 1229 1326 4734 1590 2616 1591 4521 1496 3766 378 1829 4409 2275 314 3833 1596 1226 3527 58 2275 1702 728 184 4520 2319 2390 2021 2917 4590 4612 227 2286 912 940 2925 2918 1156 2654 1095 1021 4846 2116 3123 1092 2112 3843 3064 4172 3449 2872 3896 4852 2729 4479 1994 1729 4561 1926 4091 2413 2611 2065 1644 3682 1546 1073 787 1047 161 4045 3016 1112 2559 4171 4937 4176 181 2265 29 3872 2691 4423 349 3601 679 3695 1516 3897 4277 1781 932 3378 3330 3912 2014 1812 3322 1712 2964 4013 4646 4530 3969 1769 754 1426 4660 2883 3922 1819 1470 2459 659 2327 4279 4832 4102 915 1844 571 3647 2760 1535 487 3648 768
259 1522 4035 2362 4614 14 341 2634 1101 3378 1390 1794 4133 2875 3679 1267 2130 4232 1881 1624 4334 4550 879 2283 3962 4759 4554 2767 4464 1698 2481 330 3760 3701 4893 3865 98 1552 2989 2462 3761 1447 3280 4926 646 97 1198 4412 3490 867 2227 4006 215 2305 202 2971 1932 2136 369 1317 2563 4446 1416 4767 1826 1364 3484 521 2702 1121 2871 2920 4191 4243 1404 2367 1963 1694 2136 2786 503 2897 4368 1168 2692 2537 2388 408 3346 3294 3879 2018 1341 4926 4880 4697 2339 862 4252 1998 3299 1300 2169 2283 3267 3338 3596 2458 332 2935 4144 4369 1824 804 3221 3286 138 2200 3875 681 4798 2716 460 742 2220 1564 4159 4382 4702 3414 3354 3924 2683 1778 4317 1246 2315 4397 3177 3496 1574 4149 410 4034 3361 4646 2911 4528 2654 4048 1287 1127 1099 2853 211 3893 143 4398 2986 3840 4125 198 281 90 4814 4643 251 3701 1440 2226 1698 1975 2212 2367 2075 2178 2847 3661 1457 604 4424 3947 2310 1861 4894 2305 2824 60 2645 34 447 2193 1399 1983 4982 1588 4594 3532 2610 831
1908 1070 3860 4767 4478 278 2688 4188 3849 1390 4429 1459 2034 1053 1179 4885 1317 2552 4703 4456 58 2430 2028 187 3753 1957 2226 2653 43 3245 4816 3932 1677 3848 1553 897 4468 1860 4343 3466 1693 2037 1975 1753 2280 1828 2377 1987 2595 882 4345 643 3454 2591 4927 1540 2568 441 4614 1212 1425 2922 2575 1139 1799 1989 4875 1814 2855 4907 3246 2681 3299 3316 4395 3283 1866 2754 510 3933 3706 208 1117 4734 2451 3033 3614 3764 664 2352 896 666 658 2789 2600 666 3826 1252 2834 4734 3643 2839 4968 4912 1200 1544 48 470 1124 3151 343 71 717 2985 4817 3822 3332 1344 2308 3951 2605 3731 2626 4487 3905 10 3803 157 4692 1638 2840 3475 3017 3615 2926 4925 1062 928 2889 781 3934 4587 1392 1646 1348 4571 2055 3399 380 2200 2275 3749 3441 2572 1793 3746 670 205 1640 2794 1856 3863 4120 2547 3127 862 1038 3662 4041 4446 936 2958 4802 1816 3086 4017 4590 4987 3841 1317 4105 3929 3161 953 3217 891 2467 3799 645 2032 4896 483 2108 1395 3838 790 2290 2686 2629 3407
2255 742 2143 765 2122 4366 2796 1747 3539 1794 1459 4825 4446 1461 2792 3241 1455 3482 242 3587 875 1173 1056 3944 2980 2473 3590 2657 920 549 4781 1329 896 4144 1971 3448 2583 3698 238 955 2314 653 2188 925 4044 56 3505 571 4689 1023 4898 3209 4917 2543 3648 1937 2649 105 4079 3827 4568 4906 1614 2764 1993 3156 2206 4929 2687 2059 3364 4377 3086 4647 1222 2201 3598 2853 1299 3295 4251 882 3125 1007 4739 3906 2347 870 419 1085 3217 3084 1768 1184 1436 1407 4641 1369 1971 2755 1730 2076 3419 18 4670 749 1618 339 79 731 437 3143 1597 3617 574 354 4591 1290 3145 3232 1802 4589 3177 1708 3445 973 2210 2986 4886 3565 283 449 2603 205 3037 4410 1235 2081 1591 1547 1528 36 4016 1761 3963 2254 4444 3545 3126 4115 2119 2770 1877 1615 3424 315 2298 81 676 1645 2396 1416 3153 3101 1465 3558 4404 3794 3511 2668 4276 4415 528 468 3829 961 3221 2414 2955 1222 3603 3789 2246 661 1777 608 3602 4900 2568 253 4132 121 4498 491 3527 2764 2156 4498 4523 4706
1607 4047 957 1746 293 4896 2855 2270 578 4133 2034 4446 3254 64 1603 1570 446 949 1249 4974 4633 1479 4534 2664 716 4390 4038 2513 2970 4469 2405 4354 282 1022 3450 639 4029 1823 4175 1861 4555 223 4079 3865 920 3226 3372 1945 4528 516 3142 3049 4148 1256 326 632 1484 2594 3790 1367 4716 3376 4318 4954 2924 1181 2642 3163 3655 1035 3741 4466 4015 2810 2602 3272 3291 3544 2116 2252 4625 2228 149 2568 1676 4316 306 4624 1511 4048 308 3619 1233 1513 1036 4876 4560 4918 2451 444 2936 911 2642 4479 4211 2886 1126 1576 767 4021 4448 2333 2430 3408 2290 820 1800 4547 1450 2737 1107 2272 4634 1262 2077 3308 2365 320 3980 3952 2275 4991 1119 422 1842 4926 297 451 1840 3451 1160 4842 4274 2613 3240 272 4823 4161 4747 4104 3179 3865 1217 844 1044 4829 2884 302 1492 2505 4640 1031 4317 4475 898 2802 1656 909 3631 2660 2206 1643 18 1291 2844 4820 2671 2580 4533 3760 118 4451 1007 780 4075 2181 1965 523 1446 957 1967 3758 4512 566 3677 3767 4899 3942 3643 4332
3136 536 898 374 2714 4451 3261 970 1858 2875 1053 1461 64 3079 4337 494 924 568 2381 2667 2211 3524 3176 702 2729 2004 1447 1185 1445 1861 2389 3610 1237 2977 1926 829 3194 4903 3481 1238 1259 1919 377 4750 992 1572 2833 379 2543 1818 659 3879 848 4731 250 3826 4483 1981 3867 980 553 3663 3782 533 2742 3131 1737 2277 2708 266 4895 4718 2319 1642 4196 337 1653 2975 4730 4687 2581 4355 4463 3247 2450 186 2787 1416 3022 3107 2645 4937 3561 3352 1609 4174 1104 402 1343 4711 4861 816 3197 243 3756 1641 2076 2738 2794 2617 1552 609 3008 1201 2552 1877 2291 2285 1671 2573 2124 152 1011 747 907 3334 2899 468 4132 4121 3095 4096 2449 1203 794 34 254 3134 2595 2646 599 683 1080 234 2281 3230 957 3855 1266 1154 1472 4765 2252 1292 4683 723 370 2040 450 1743 4745 1841 123 4309 1951 535 1218 3348 2533 4219 1413 3325 22 3529 3508 2382 4959 3490 4655 1784 4171 4705 2768 2132 3395 1718 4922 4426 4128 1120 4566 4641 3542 4063 2700 4731 1853 3065 4123 4139
3358 3221 4124 1042 1225 345 261 1464 1809 3679 1179 2792 1603 4337 1258 3543 1528 2144 3493 3267 2982 2412 617 3961 819 321 2360 4222 4322 186 217 3070 4207 2756 1953 1091 2785 957 2549 2857 163 294 4594 2296 170 4506 4950 479 4716 4800 2272 3473 1600 834 3617 1088 111 4607 2956 639 4162 54 2776 2543 1353 1143 1781 1765 4084 1217 4051 2331 2150 1863 4346 2189 2670 4554 2525 2488 3716 3090 4072 1276 1803 428 2914 1843 2882 1745 3163 3054 3918 931 1190 977 3986 194 3916 4525 1200 3723 4147 3253 1290 3462 3370 3189 3829 1588 4296 4771 4955 4761 1392 465 28 3226 1931 1896 2381 4187 3615 3035 2016 3470 2901 1782 4687 2180 4085 1624 370 644 3110 3680 2760 991 3873 3224 808 3663 2902 4138 46 1370 2591 320 1894 4195 2202 826 4094 4398 3618 1808 1164 4419 1039 3219 4961 2243 3205 3947 3695 2604 1665 4220 4523 2379 3653 4929 2998 106 3374 1126 2576 3723 2075 2343 2326 792 3466 3208 4060 2027 166 1399 2761 853 901 4589 3017 1181 496 3925 3085 1498 3408 4623
3529 1902 1522 4284 345 671 2494 38 4746 1267 4885 3241 1570 494 3543 1936 3512 1233 2796 2957 411 2462 1886 3788 233 2370 3994 3086 563 3403 3676 4518 486 2092 529 1989 2458 4542 3526 4023 1484 632 4783 4962 4591 4419 2730 3078 4888 4435 3410 3223 2527 985 310 1106 592 2595 1206 1422 4023 4799 1175 525 1268 3982 1938 3145 4805 3613 1682 3261 2391 3635 595 2296 3494 2728 4068 3456 1773 4240 2268 1843 1551 3382 1665 434 4343 646 128 4396 1572 2063 3954 1310 3869 3612 856 559 1548 3517 3179 1952 3623 3548 2588 3978 3765 4208 4853 915 4645 205 3798 4845 3041 1012 259 1584 4550 1494 70 2637 264 3870 670 3571 3260 1015 1155 4548 399 1579 4305 4929 2535 74 4314 3380 983 3029 676 2159 2431 525 352 853 4385 2774 2243 4091 381 4475 1380 564 4759 4542 68 3752 611 614 2106 2676 3538 4233 4996 4097 805 1464 1952 1746 2378 4172 40 1898 764 357 1610 967 2324 1251 2754 4792 188 922 495 2267 1095 4513 4206 1262 634 4221 2609 3001 1189 4242 255 2832
2529 2629 4867 4157 1711 4305 513 4143 2419 2130 1317 1455 446 924 1528 3512 3477 2837 3292 475 1985 4040 4017 4381 3497 4585 875 760 1701 3436 2374 4162 3195 2165 3216 912 725 2397 840 1567 2836 713 2145 4642 2730 3518 4107 4243 2171 4864 1508 2120 4888 4436 1943 3419 60 2531 2145 4652 2259 4166 4090 4998 3155 2798 2116 332 2782 2131 4308 1663 2958 446 283 691 4954 2851 193 686 2277 1069 1110 2400 430 4575 4503 3985 965 3092 4030 3118 807 2089 4438 2132 983 645 542 3645 2956 170 4597 1366 898 412 1338 614 1426 3657 3260 3890 4569 4435 1155 2217 4771 3808 2771 1001 3210 2603 4260 4294 1120 2931 2069 3778 1261 2856 1736 3711 2647 1019 4229 3818 3216 4981 3398 4786 3947 2952 2884 1992 1726 3668 1863 3748 1435 1946 2309 3552 4660 3747 1126 3062 2074 4974 1976 2836 1388 1038 1676 2382 3305 3920 1570 1625 2676 1321 1725 476 2617 4792 1563 893 817 1235 2361 425 3909 1636 4136 4085 3457 4171 3851 1769 817 3644 2528 2722 2701 3385 4098 346 4100 3573 2207 4126
1951 3044 2957 3090 320 4382 1567 995 3804 4232 2552 3482 949 568 2144 1233 2837 2777 4495 1553 1646 4068 2205 1999 263 993 2591 4527 977 1187 3505 4082 478 2981 1624 3771 3885 2747 4019 4683 3667 4294 524 758 4421 2004 2304 4331 2186 4426 38 4573 754 4918 635 1153 3099 4551 994 187 4536 2690 858 2755 768 1118 947 3051 258 4079 1769 3446 2694 1598 3643 2709 4011 1834 4200 3008 4675 3689 4897 3940 164 4462 648 298 2510 879 487 4801 3560 4100 3381 388 4857 340 4962 473 3859 4456 792 1226 638 163 1201 1224 4676 2923 4800 1678 3927 3310 3949 1286 3199 2718 1812 269 23 4626 2463 1383 2372 527 4260 4611 3581 2260 1416 4389 413 1802 3672 2264 3464 4009 4853 1508 4622 1852 256 3908 1070 2312 4688 1751 4547 4708 1861 2889 2793 2069 1087 2252 2534 731 898 1812 2565 743 1432 1328 605 4241 3771 2791 1557 3969 3630 3133 3193 2372 990 4725 3439 519 1752 813 4496 1335 4685 4952 4238 1640 2628 513 2137 2454 2068 355 3442 2898 748 2713 2292 3559 3255 4121
4667 1448 4250 2870 1819 3244 4826 2904 3184 1881 4703 242 1249 2381 3493 2796 3292 4495 897 4142 4123 562 4908 2325 1461 4961 2403 786 1617 4088 578 741 1243 1591 2684 4023 3829 4040 2313 4664 2127 2315 2388 476 2824 2754 1996 155 3691 4709 4284 4964 3053 2844 2078 4299 3759 3192 4134 123 3533 2912 23 1778 3286 2072 3615 1291 4784 4731 2429 2672 3886 1075 4002 3530 2410 2955 3635 3230 823 2091 63 67 503 2593 590 529 3407 4061 765 984 4059 2817 940 317 591 402 3968 2341 4747 4862 3057 3840 803 4919 3436 2944 192 4576 903 2397 3452 59 1929 1071 4738 193 2159 629 4726 2047 4246 2023 2028 1949 2161 1608 3808 2995 2469 2066 2127 4979 2481 2327 4423 835 508 2283 1303 4512 3092 1312 604 282 1881 2360 412 833 1091 1165 2701 3138 599 2076 1223 21 1909 4297 4193 859 2036 930 1032 3716 2790 2420 2147 194 4935 2132 2938 4914 4976 2654 1734 3373 3247 3937 1288 713 3965 4834 4433 2652 858 1806 2467 2882 2336 671 4877 556 4811 1370 2804 555 2539 1620
2314 4398 3642 2718 2115 135 4636 1454 2620 1624 4456 3587 4974 2667 3267 2957 475 1553 4142 4393 439 1239 718 3093 3019 3148 1590 3463 985 2575 2412 2412 4630 1510 3025 2858 321 3799 3687 2841 78 1313 3734 3064 3627 4979 3470 2155 2155 692 3902 2782 3634 2806 1884 3998 4070 1616 13 629 1075 4949 349 3663 1743 1459 2530 4081 2630 760 4316 2841 4407 1829 2085 1041 2683 401 2829 3892 3246 2452 4501 460 165 2613 4958 1627 2002 432 2461 4158 2563 2930 2136 4146 3000 903 2642 2661 2186 4687 1354 1007 1087 4429 1033 4413 1114 3697 776 1289 1633 3303 1748 292 197 4384 974 1317 2457 3487 3539 841 4761 2162 4956 607 3070 3363 4229 2659 3491 4790 123 277 4711 652 4536 1524 3857 4179 1669 718 1982 381 1654 1903 1167 4705 3058 1496 1529 1621 3927 1698 4589 2774 830 1823 1543 4371 2656 3014 2207 472 2068 3295 3665 1465 1827 276 1611 3867 3834 2962 1892 2954 3365 939 1193 1838 4636 4355 4230 540 4381 215 1239 3336 247 2583 1351 3964 957 2267 3153 1334 578 1180
2402 2354 182 1721 2859 4264 3231 4815 3558 4334 58 875 4633 2211 2982 411 1985 1646 4123 439 1198 3737 1873 3882 193 3503 4867 1126 450 4284 3834 2143 2667 4338 698 29 2826 4210 1751 4077 2950 2235 166 4785 501 1293 3168 230 3263 3755 1477 3393 3195 3133 1765 903 1360 3859 2972 2804 1611 4881 2896 2189 1082 3966 3926 1022 970 2845 4013 1050 433 3982 1340 3131 854 366 1049 561 161 2363 4033 4194 2213 147 2272 4286 3280 2245 31 1336 2161 2789 4349 2695 4193 3000 2956 824 1208 570 4004 2847 488 1862 781 4353 4272 2967 2443 282 3168 2542 4677 3350 3396 4741 4854 806 4694 3509 1294 2077 3211 610 2808 1707 1289 2258 1134 2912 2235 481 1686 2112 1796 1715 2686 3881 4395 516 1996 507 3847 1961 1395 4648 2115 28 2884 4145 3534 640 2949 3539 4906 1426 683 3928 4388 2198 3535 3094 4903 2335 2095 4290 4987 4420 2700 1994 2049 4126 778 3283 2755 3721 4745 2945 4532 4514 457 484 1529 3485 1123 1209 3686 2936 1048 1211 2454 2716 4897 4934 3082 1330 1316 4813
2737 3520 4490 3157 4027 1258 3392 3577 3281 4550 2430 1173 1479 3524 2412 2462 4040 4068 562 1239 3737 1509 2267 4112 3629 3863 3739 2289 611 4292 4740 3042 807 3854 246 3620 441 1967 4316 3061 1271 398 2051 2084 1771 3673 1243 3639 2880 190 3135 2432 2109 1388 4660 656 3317 3875 988 2371 2501 2999 2791 1385 1203 1096 1527 3945 66 1634 1080 1293 4684 3136 3236 4521 2932 3442 2980 791 3253 1501 3798 2159 21 3364 1522 3791 3490 531 367 2327 2295 3070 2069 4963 208 3295 2894 1441 4971 1179 3760 4657 2927 585 3418 3306 3635 1900 623 1715 3716 4026 4803 4731 4100 3803 2505 1972 4779 3151 465 1137 3315 2606 2480 2015 3366 986 4769 4333 1545 4238 227 1231 4351 2910 1974 4171 3928 4395 2964 3248 3731 4426 4975 1224 4743 4400 1193 127 2074 1157 4324 2599 3187 26 3237 2729 2051 581 3947 4417 123 898 695 2003 4855 1218 1786 3510 455 3609 4832 3339 522 1132 3980 902 1114 3470 4559 3466 4913 4295 3242 3499 4523 4547 4928 2802 530 3647 2180 536 3413 3496 2472 2060
1670 370 4785 1536 120 1123 2172 383 3562 879 2028 1056 4534 3176 617 1886 4017 2205 4908 718 1873 2267 852 4318 3013 1618 4968 204 3501 3297 4844 883 1865 3724 1314 700 2389 2317 3320 2647 3656 2461 3646 3228 4594 3654 791 3296 1634 3244 3792 3399 4518 3903 2254 1882 1300 1078 170 2130 2571 164 4210 1015 2398 3778 220 2892 2822 1571 4632 2557 4837 4218 4750 4173 595 398 2137 2266 1316 2784 218 689 1235 3283 2458 4990 593 3424 3990 3414 1742 4396 4048 802 2874 3979 3746 3933 4169 3265 2727 3156 623 534 2458 3721 948 311 411 1926 687 4406 2697 1759 4764 4016 4804 1096 343 262 3012 131 35 2723 23 557 4917 4121 2747 4849 3078 2518 3710 3518 2475 1481 394 3159 4902 4162 1160 2939 4850 68 2531 329 4044 3253 3946 50 157 4620 3491 3434 1747 1183 4285 2816 655 2238 1853 4548 4498 3347 436 4906 2525 795 4303 4748 4749 3088 1536 1566 3738 3568 2936 3022 3663 4833 2263 1590 2051 444 3690 3714 2905 4412 278 4380 4334 2285 3480 1741 574 913 4141 744
2436 4017 2346 3441 4956 582 1536 3898 602 2283 187 3944 2664 702 3961 3788 4381 1999 2325 3093 3882 4112 4318 4301 3695 2137 2602 4015 4002 4985 391 2425 2179 4757 4453 4083 3555 2556 4041 3121 2830 3490 4103 2185 2011 4017 3444 3511 3553 3656 4565 2807 3682 2585 1650 4393 809 1254 1290 3600 1862 3568 2309 4134 1815 4886 4951 4263 2044 3877 927 4235 1620 4553 3699 3618 136 1599 164 22 3441 4471 3349 4127 3219 1807 4779 3148 1864 2104 2460 100 2570 2770 1749 1707 3364 2600 2129 290 3428 1593 3977 1561 1530 1734 4972 4553 494 157 4298 1395 4852 822 130 3970 2058 1302 368 3846 1108 3545 1637 2909 672 4440 2447 4540 274 2749 1109 3868 4360 3574 99 4260 4071 3038 401 4318 724 463 3419 3493 3113 4158 4457 1694 426 4074 3547 2232 996 2728 3603 1108 4855 2727 1273 2688 4338 1795 609 909 4144 2544 264 4818 4098 4225 2298 1409 3848 2430 4547 898 1334 2278 2824 1772 3240 1393 4225 3348 220 922 491 3992 395 1228 4532 72 813 3035 3826 696 4749 569 4358 1426
4677 1232 3781 2394 547 2760 3564 1157 4039 3962 3753 2980 716 2729 819 233 3497 263 1461 3019 193 3629 3013 3695 4459 626 1304 4934 2179 2384 2916 607 4901 3985 4451 2631 2080 2181 2992 1939 1894 4662 1418 1617 3287 2861 708 3900 4257 3444 2781 2453 679 3981 1050 1059 4905 4087 1970 1844 4386 1162 4584 2179 1534 2100 3506 2660 3816 3556 4356 709 2055 2264 1933 1295 3776 401 3486 955 722 4953 2577 3804 4401 2673 3339 4330 2208 4409 2555 232 3257 1503 3715 4587 1358 3857 10 4467 4983 4768 3383 1175 3336 4219 1510 4708 1928 3771 1153 2546 3318 3890 1197 2467 1557 3933 1767 293 120 1496 1420 599 4764 2525 4664 4345 4657 2929 1946 3416 3004 1301 1018 2266 4385 1423 3546 1444 1891 1662 4225 4391 4513 4231 2966 4041 3418 4713 4217 4479 72 2005 2449 310 4408 792 4694 740 372 2458 4310 348 4795 3045 114 3892 2041 2123 1471 3357 4111 446 94 2917 3966 221 2969 4282 1025 666 1559 2805 1360 4689 886 2527 3126 4151 2372 4755 4321 4136 61 2470 2333 227 2593 958
4394 2691 2611 3519 3998 3087 225 792 1315 4759 1957 2473 4390 2004 321 2370 4585 993 4961 3148 3503 3863 1618 2137 626 320 2092 4263 2012 1230 2520 3662 1545 3785 4488 1202 1970 1362 2492 2181 1194 4649 1989 2674 293 3862 1316 1636 4392 3587 3112 268 1854 1217 1953 57 1554 2488 2300 2694 1803 3759 205 717 3038 3721 4789 427 2900 1464 471 2480 417 2903 1326 4716 569 2885 4905 4068 1673 4282 2579 977 773 4716 3270 4910 2203 3109 4187 3224 4022 423 1642 3715 1661 2576 2056 1465 360 4142 1176 1290 277 4342 42 3145 1485 2506 3753 3977 855 3960 2922 4326 4130 3993 3286 4388 3748 4398 1863 793 642 648 2802 4719 4930 4836 2249 740 4271 60 3741 4901 1304 1070 3251 4206 648 2909 696 2049 4850 1773 2832 4541 4287 3086 2152 3480 2740 263 4126 3796 4908 2295 3545 350 1760 3793 32 759 3439 3490 2091 4087 2082 2451 3200 3487 3958 186 3267 2564 2253 2757 3670 4897 3883 1751 222 4044 648 4710 1689 1197 3165 4158 4874 3690 1666 164 2919 2322 2194 3149 4706 122
1478 3885 1615 4951 1460 2170 676 4366 2733 4554 2226 3590 4038 1447 2360 3994 875 2591 2403 1590 4867 3739 4968 2602 1304 2092 3939 112 1782 3487 2940 664 4535 4868 2104 3083 4118 4816 4298 4848 2668 2103 4127 4281 2839 4101 2326 1227 3219 4230 1011 2150 737 593 2394 2673 2644 4608 3752 1823 3289 2503 4576 1808 1607 292 3905 2666 4122 4754 399 4236 3088 965 3907 3054 3430 3378 2914 3465 1040 830 323 4299 2840 4558 2689 3012 2255 3261 1339 2136 4978 1765 3728 1592 2141 777 3888 4882 3982 1332 3738 2199 3177 1322 2590 4865 314 177 4835 2434 1477 556 3746 2581 3014 4013 3688 2252 1794 330 1603 2355 1595 2125 239 4945 4963 4943 1509 1537 2386 439 2937 1084 1813 889 720 1993 3407 4842 1555 4667 1498 4642 687 3493 2082 2098 1371 1086 3755 4511 4218 1008 1243 4769 3182 919 3461 3187 2303 3500 2734 1109 4432 4675 2171 3758 908 2812 2226 1984 1741 852 335 2256 640 4602 4284 3036 166 2380 4143 4093 2618 4349 1146 311 1279 3325 1687 198 1842 4585 3035 2495 2831 4862
2322 4372 355 1158 3693 2903 4810 2605 1921 2767 2653 2657 2513 1185 4222 3086 760 4527 786 3463 1126 2289 204 4015 4934 4263 112 1855 1078 1703 4132 1483 1601 1943 2274 4019 890 1252 4516 2952 3786 4421 4288 4477 4422 1491 3884 869 3341 3544 1936 1690 109 3985 4236 1691 1333 3055 4592 1989 1717 2330 955 545 1216 3997 823 524 135 1301 4515 3110 2630 4986 4959 372 4279 2867 2169 4213 3327 3393 1543 3106 3921 3226 4294 1357 1730 80 2505 4848 4656 4171 246 4016 2579 683 3899 1303 2555 3095 238 984 2840 4590 1022 3327 41 1468 868 3543 1621 1293 2521 653 561 85 2461 2877 3491 3539 150 2341 29 3442 2395 4686 3072 4155 4820 3591 4488 1670 1300 3763 519 2096 194 1861 574 4868 2187 1864 2033 330 4780 2445 318 4605 4036 1951 3984 1849 255 4384 4602 1062 801 3575 1640 1273 4992 959 900 443 4548 2172 4770 4848 3226 3632 4732 1707 531 3040 4420 3648 4032 3739 1228 2107 834 1364 2488 4475 2277 2552 110 4348 3206 3642 3198 2899 2801 3441 4872 925 612 4561
3076 3072 2826 853 2933 3126 4715 1916 134 4464 43 920 2970 1445 4322 563 1701 977 1617 985 450 611 3501 4002 2179 2012 1782 1078 2306 549 939 3994 3737 2604 4611 1657 1508 2163 841 4437 618 3377 4493 3493 236 2216 2126 3720 3683 3689 565 3610 4459 2935 4357 196 2371 3464 4894 4957 2540 3355 4931 4763 3322 2065 4596 1914 4232 2551 2432 4430 1171 1302 4978 1340 811 1224 433 910 1442 1688 3439 1946 663 3548 2130 3097 344 4526 307 3590 4755 670 2521 2465 2080 4840 3970 2381 4056 2231 1042 1331 787 2031 2376 2221 1148 2213 1219 560 3529 1374 4283 2810 3155 116 1269 2528 4704 2028 98 1937 4345 692 279 3741 907 2263 3997 4596 3516 4948 528 1910 1853 4157 4928 3367 2391 4009 1738 4133 1430 159 1604 1175 4834 590 4956 2677 2531 2224 4934 4583 4465 3228 3877 4381 1287 3546 2137 2216 4278 623 645 588 1507 417 4294 2744 865 3719 2835 3126 1231 1710 3203 808 2862 3811 485 1218 2093 4509 834 1578 4394 4064 552 799 2249 736 4898 563 33 58 2648 2935
2191 2567 3124 3923 4013 428 4538 325 1044 1698 3245 549 4469 1861 186 3403 3436 1187 4088 2575 4284 4292 3297 4985 2384 1230 3487 1703 549 4671 4250 2131 4846 1504 2736 482 1546 3283 3867 3915 2758 3949 4708 2625 1037 2339 3524 3278 1984 1292 2069 3204 548 3028 4943 369 2556 252 2094 1853 3674 1671 2596 1366 3602 1588 1901 3548 1589 3835 2735 2964 4784 718 4965 2398 3666 3479 4008 2813 3236 4278 3619 1364 2680 4170 3480 3141 4505 4334 1056 3670 2821 4097 825 4711 819 517 4250 4760 2522 2259 2794 1404 2794 1149 152 3618 2771 4643 3820 4170 701 257 347 1078 2165 2374 207 3820 3648 2542 4014 3931 2252 2454 3692 3096 2055 2589 1250 3483 926 4034 2621 4151 2022 3098 3832 3710 2105 1759 4284 1094 2181 4220 3534 456 3878 4102 3870 928 1037 901 1518 1433 1702 3154 1792 280 3933 1342 2282 4278 4188 3360 1658 2391 349 1381 4429 4946 2492 1325 868 4468 3287 2970 2834 2465 4725 3639 1080 1452 4547 79 3379 3732 3987 1608 3319 4886 798 545 3354 3286 3905 1515 341 4845
4409 1929 2939 592 1549 3012 2175 553 2168 2481 4816 4781 2405 2389 217 3676 2374 3505 578 2412 3834 4740 4844 391 2916 2520 2940 4132 939 4250 2632 3182 3753 540 1916 3408 4850 2864 1395 2514 1616 1497 452 3098 4996 2728 3303 4692 851 4030 1414 3013 1825 3386 3015 1998 931 4752 1816 2445 408 3891 1896 4095 414 2931 3894 489 4211 1636 506 264 2594 2845 3615 3236 3724 468 1107 1151 3629 3133 1633 4713 98 311 2437 1973 1917 1676 596 541 160 3924 4899 4833 421 2919 2126 2877 1589 1578 4071 3969 1599 3185 4719 23 3475 2189 373 4294 3516 1111 3067 3029 3120 2170 489 2886 3817 3243 1183 4528 4210 942 560 4766 2488 3651 698 1324 4794 3264 2244 2563 4813 3008 985 3985 3846 2047 500 395 4208 1768 1798 2728 1960 3405 1520 4502 4514 4938 956 1160 1870 547 882 3633 3184 4308 4323 4287 704 1550 2704 2620 1090 4766 2835 673 360 2914 3791 4779 878 4970 3594 3741 4590 4520 2891 2732 4614 2418 3601 3734 3396 3591 2369 3148 4549 142 2890 1046 2373 2196 2757 424
2114 4339 2711 3834 143 2629 1155 4280 4388 330 3932 1329 4354 3610 3070 4518 4162 4082 741 2412 2143 3042 883 2425 607 3662 664 1483 3994 2131 3182 3539 4535 4822 2950 1113 4193 3192 3103 627 1797 4677 4527 68 2994 1187 2373 1425 3208 1053 2389 4461 1187 4081 2996 2652 3499 1620 824 2373 3262 1976 852 956 1704 2882 1336 4586 2545 2593 4469 3468 81 639 1240 220 1846 1555 2732 2406 4090 4444 1490 2729 3412 3748 1392 2034 205 1119 4888 4325 2204 2830 181 4457 4133 302 845 794 3430 2410 3804 4211 2543 2026 2977 2900 886 4849 3349 3811 2480 1410 4762 2430 1513 3784 4082 26 2805 1668 1863 4360 1518 3151 3252 987 3965 2437 312 815 2950 1810 1737 809 2167 3365 3104 4685 1764 46 2056 2201 1527 3309 2196 4700 3838 3804 1141 3666 3799 4902 2337 4712 882 4439 813 2426 4107 1963 2725 4318 399 3711 2576 3788 117 4885 282 4406 1524 3015 1359 4878 2922 3038 4379 3323 3390 335 2023 4983 4265 1314 2689 358 56 4885 4490 143 1879 430 3158 1908 870 1197 4631 3529
1930 854 1422 1535 3219 855 4987 4328 3070 3760 1677 896 282 1237 4207 486 3195 478 1243 4630 2667 807 1865 2179 4901 1545 4535 1601 3737 4846 3753 4535 2795 4800 4982 4014 2164 1511 3506 1641 3345 2041 3501 376 3453 4781 4711 443 3573 3440 4951 4504 4546 723 1941 4390 462 2091 3336 3289 2707 3154 4005 2936 2326 1103 783 1989 32 1613 1360 1003 1201 1301 831 1616 46 4133 4540 4237 1971 2983 4558 1244 4494 2435 4296 2845 980 2246 4888 3918 4216 2835 1345 3183 405 1211 2518 1400 2229 4254 3454 1854 2207 3998 2009 4956 3022 4703 4253 2890 2480 3486 1321 3875 1506 1006 2187 702 3945 2041 1864 4096 4314 1708 4516 3006 1399 4857 4906 1882 630 1474 129 1420 2258 1367 2498 4039 4481 4818 1500 2882 1358 1208 3905 3596 3943 1562 2811 699 4379 3227 731 2391 3981 1130 3746 1807 3562 1332 704 1164 3665 1111 352 3863 803 2185 3011 3197 4120 678 1441 444 1026 2612 2149 2176 4552 2965 2226 1752 2819 3385 2446 4251 3326 760 2967 4407 2063 3216 358 3986 4608 4361 3593 613
1403 316 2109 3826 3461 746 352 3750 2184 3701 3848 4144 1022 2977 2756 2092 2165 2981 1591 1510 4338 3854 3724 4757 3985 3785 4868 1943 2604 1504 540 4822 4800 4565 2524 3573 2795 3850 2313 1861 975 2532 1987 2116 993 2841 4511 3806 1388 2282 2851 3579 4774 3964 165 416 3675 4046 2065 4739 1187 3745 3084 3914 4645 1810 512 4801 4936 1082 360 1872 1023 677 931 2847 4011 349 1138 1545 4496 53 758 1682 3355 2012 2796 1631 2723 1056 1147 323 4978 1511 1088 4602 1813 2876 3893 2136 3301 3477 714 4134 1190 309 4271 4909 4230 4810 2412 4340 250 3627 2795 3780 3167 238 3885 4943 2477 128 3228 343 152 344 4491 792 4768 1910 2605 4302 3933 3236 4981 2681 1341 2845 2735 3876 2245 2367 64 4614 41 3813 1444 3860 4914 3908 330 3023 4366 248 782 2445 672 2513 375 1067 163 4621 3948 1382 2704 2597 1189 1408 591 2744 4733 910 1006 1490 1923 1411 4986 1396 3118 2761 3792 3029 256 3245 352 750 882 253 4838 1462 2469 1397 211 465 1271 4855 1907 2780 3959 1256
4234 2064 4264 4663 1210 2625 3103 3730 2198 4893 1553 1971 3450 1926 1953 529 3216 1624 2684 3025 698 246 1314 4453 4451 4488 2104 2274 4611 2736 1916 2950 4982 2524 4840 2382 202 1514 2570 1390 1046 3976 3558 3549 3978 2940 427 3453 3011 120 1625 3209 1454 4078 276 2296 55 4036 1349 3021 4303 1524 3358 3205 186 3909 3616 4929 4970 2128 2336 1250 1532 714 3054 3271 480 4138 2877 4706 3121 1378 979 4917 3680 1459 3882 1863 2954 4357 3565 3715 2566 789 2845 1693 23 703 74 3588 1166 4417 2210 4432 3480 3051 4543 2577 3217 55 3183 4807 67 3209 4880 4668 4871 3369 4335 173 4136 3601 4343 1021 3429 1815 3965 1680 3156 4081 2132 3080 3476 4906 3910 646 1825 3107 1626 2364 1540 4021 2018 3589 4529 3743 4610 4122 4216 1077 2501 4521 2471 3717 4827 1471 31 1473 2780 874 1063 280 1087 4443 3955 4183 1015 2652 3150 3441 1463 3843 3395 3784 2512 1130 2955 786 806 514 2393 665 3903 3341 646 488 4585 2944 2669 1931 4654 2839 709 2501 977 857 2807 2898 4781 2001
3855 1805 15 3867 4654 3233 3592 3840 2142 3865 897 3448 639 829 1091 1989 912 3771 4023 2858 29 3620 700 4083 2631 1202 3083 4019 1657 482 3408 1113 4014 3573 2382 682 2322 2435 1895 2479 31 2790 459 2558 2912 1744 1183 1316 3381 2173 1162 2844 4583 3294 1573 2182 841 3579 2899 4946 4573 2040 2254 3930 3583 2935 528 889 4693 3315 4330 4648 1349 3315 1502 4306 960 352 3078 4583 3082 3223 4791 4588 1851 472 4723 815 3286 83 502 4240 2603 2693 3983 2255 4557 1168 3196 3053 3152 757 3785 1726 4765 960 3081 3720 496 2734 4001 4865 240 4709 1354 286 2089 688 4204 1731 3676 4181 902 2975 4251 1811 1680 1608 3249 2311 4334 4534 2047 2020 3401 2662 749 2212 4019 3377 4965 2173 4695 345 4990 2265 4157 2595 1334 315 1920 2135 4754 891 318 4569 2124 4123 4339 4148 4689 3416 4275 3763 1558 850 4253 1929 163 4313 3719 4427 3046 1577 790 4240 3131 932 1694 3160 2130 3351 3342 4830 247 2758 616 4526 3841 3603 997 2094 907 4453 3890 1710 2213 2966 3884 2064
1497 2191 3902 136 4742 2276 2614 4424 2891 98 4468 2583 4029 3194 2785 2458 725 3885 3829 321 2826 441 2389 3555 2080 1970 4118 890 1508 1546 4850 4193 2164 2795 202 2322 2343 3709 3841 3957 2638 1359 3394 3094 4653 170 2636 2854 1028 3078 3750 617 4827 673 695 3711 1255 3841 978 2795 4059 3924 829 4412 1242 1995 4003 4586 4761 2140 4737 4770 1341 2724 2788 1621 3728 4538 256 4607 701 2542 3519 4494 2787 1933 4504 723 441 514 788 2192 774 4441 4148 1091 1759 4576 401 4771 2461 4375 3113 1775 3896 3133 1677 2273 4387 661 4774 4295 1383 971 867 3769 4756 4376 1640 2776 2632 2853 423 3932 2157 3966 3367 2548 2366 3035 1524 1299 1969 3208 3225 2859 4856 4518 951 2317 1585 3113 2305 4694 1988 471 3966 2015 3774 2119 3006 1279 4090 1329 3321 1650 682 1670 4304 621 2898 2079 3662 3674 3263 3309 755 2442 1899 823 1570 1864 2773 4483 1884 3805 3947 2877 674 2578 2815 444 1172 3697 4281 4790 3339 4884 321 3562 1775 3241 3887 2886 1157 1166 3951 1755 3604 4805
329 34 514 245 413 2185 4347 196 2031 1552 1860 3698 1823 4903 957 4542 2397 2747 4040 3799 4210 1967 2317 2556 2181 1362 4816 1252 2163 3283 2864 3192 1511 3850 1514 2435 3709 1189 83 3960 2110 3309 1205 3832 3311 1223 4460 367 2936 4844 184 3206 4213 3010 4136 3827 4428 3658 2813 1640 3361 2572 789 79 4427 3531 1210 1455 1764 356 3679 4521 965 1047 576 2716 958 430 2818 1131 44 2256 2841 3910 365 820 581 4627 1560 2336 3591 1709 2587 534 3315 2769 3612 2180 1559 1037 3522 1068 3795 933 405 4763 1976 1000 100 1967 2064 1566 959 2300 1597 4463 2100 4299 3089 3363 3223 2689 2876 3346 290 3737 1219 1800 151 888 3103 2561 4121 4807 4872 952 2568 637 4188 4017 1712 4811 3118 3231 3389 1095 3761 1103 2006 3966 2366 1153 77 4218 2546 608 3190 3247 2302 2217 573 386 3664 4748 756 3124 4612 658 3473 3633 3650 4506 248 781 14 4520 1545 815 4769 1236 3327 4917 3704 2458 967 4850 1478 391 2438 4896 3195 1893 584 4619 3030 1786 1550 22 1013 2282
3249 3113 4199 4256 4525 2290 2680 2963 74 2989 4343 238 4175 3481 2549 3526 840 4019 2313 3687 1751 4316 3320 4041 2992 2492 4298 4516 841 3867 1395 3103 3506 2313 2570 1895 3841 83 2112 408 4732 4981 1373 1739 3544 4440 4525 2719 734 990 371 4000 2002 4208 1862 86 2825 687 2836 3512 3537 2936 1587 1659 3719 1161 1489 375 4488 105 3434 4283 1027 3552 2373 1535 2596 3954 1719 4351 4598 1321 3196 1837 3683 1761 4575 375 4638 1149 718 1633 3618 3181 142 1377 2410 538 4925 2625 4049 2330 4582 1341 1491 3613 449 2683 2967 1537 2378 3637 4007 4080 2535 2467 1022 3634 2931 773 98 996 3035 702 1869 2898 3488 84 3023 4841 2548 4145 190 250 771 1476 98 4214 1026 3740 2161 3101 1116 152 1185 219 4949 590 1112 4438 1321 3729 1134 2903 473 2221 4948 330 160 1050 2630 4660 880 3310 2441 2451 2402 2474 2792 4927 3724 3459 1277 2015 3331 2416 4476 571 4173 2806 1611 1152 729 2354 4726 4604 529 2748 80 3828 1310 3996 240 2945 4963 1124 1400 3994 2071 4636
2764 1433 3743 1510 2285 370 3990 3403 3272 2462 3466 955 1861 1238 2857 4023 1567 4683 4664 2841 4077 3061 2647 3121 1939 2181 4848 2952 4437 3915 2514 627 1641 1861 1390 2479 3957 3960 408 593 4707 4209 4477 2878 2921 456 195 2959 2540 827 3788 3487 1684 4716 774 2154 1276 2174 3287 4114 1446 4675 4115 2208 3838 4628 3680 3886 611 494 1338 2498 2311 4527 2241 2662 697 1082 3117 2842 111 1474 1376 23 3247 2800 1315 2584 260 4517 919 3542 517 630 3533 3317 2619 46 2510 558 655 1771 1166 3760 669 1936 3652 2354 3881 3320 4192 4736 2123 253 2475 3078 4314 332 3890 4212 979 2469 2041 1901 3324 1815 862 4324 3153 2332 2799 903 2522 4701 356 2374 1145 467 1387 2922 1084 190 448 4488 1165 154 3985 1067 4161 451 1372 175 1844 3235 3149 171 201 1307 1716 4630 3662 3218 487 1705 3155 2192 1728 1057 4353 3834 4749 3904 4366 4517 776 4016 1955 552 2612 533 4285 4262 3444 4770 1310 4221 2745 802 2546 2017 1699 2307 3649 1078 972 4952 578 1316 3882 2406
