N: 200
M: 50
Symmetric: true
Triangle: false
4 90 152 127 82
5 182 183 108 31 105
4 16 164 19 157
3 44 153 176
5 96 11 12 75 116
5 58 67 41 163 145
5 189 167 3 21 99
5 53 69 97 117 68
4 165 200 162 179
4 56 150 149 187
2 17 29
5 144 193 93 49 6
3 88 79 50
4 107 119 161 38
1 143
6 155 131 185 102 43 103
4 139 172 89 140
6 125 39 109 198 2 197
3 110 84 27
1 57
2 122 191
5 26 78 169 5 147
4 63 123 10 47
6 64 168 188 136 128 1
5 87 32 190 195 77
4 173 80 95 142
4 101 76 65 186
3 156 85 159
1 62
3 15 24 4
2 166 121
4 28 37 34 129
6 46 135 36 178 20 35
2 55 174
5 177 192 194 154 130
5 160 45 184 120 92
5 73 91 124 141 30
2 112 137
6 196 7 104 71 59 126
4 40 106 33 52
3 133 48 8
6 54 115 151 146 132 22
4 138 72 23 13
3 14 66 148
2 199 61
7 60 81 181 111 118 113 25
4 42 51 175 158
9 70 18 94 86 134 114 83 170 100
2 98 171
3 74 9 180
2015 4801 1525 1939 1432 4888 2368 4552 3098 3572 57 4647 394 2164 2145 1943 3945 3219 4405 4869 3766 1536 123 130 3638 2408 4533 1255 128 3884 1833 4272 1610 4365 4758 1779 764 1145 3014 4814 2958 2837 3275 4526 4698 2648 70 4959 1297 150 2074 990 410 2528 2039 1624 581 3784 987 1015 3606 4095 3828 165 3861 2055 3466 646 127 3677 3949 4450 3641 445 2250 1749 382 939 2474 2437 999 4930 4860 4985 560 3206 828 1682 298 4043 3971 339 362 1883 2343 1436 1539 1013 1770 4857 2104 4983 4380 168 2678 2638 2289 692 2290 3423 4489 2408 2645 2072 1998 4578 599 4021 2493 1947 852 1063 1541 3208 2711 1866 2218 831 282 3624 4227 2669 2203 4018 3046 214 4063 4043 3194 4617 1266 884 334 4550 4576 777 2125 4796 503 983 3618 4141 1573 129 2050 2417 739 3516 1647 4124 2398 3568 1724 4430 2238 3532 1681 4747 4853 637 428 4200 1317 4974 2620 39 818 3415 2534 3199 1919 2912 3885 1180 4262 2645 3598 3000 3143 3101 4926 1743 4678 1492 2769 54 299 1815 1136 2372
4801 3041 2642 1704 2877 3943 2438 3581 1320 1385 135 2909 17 3659 2433 1847 3573 882 4467 3199 4946 1581 1019 4836 4514 2611 4075 3424 1548 250 4355 712 167 572 1195 3439 1212 641 4108 1668 4836 171 4198 4125 2018 1507 1074 3880 1742 1610 255 2444 3159 3110 920 1067 519 1685 4952 2863 2947 4651 3485 2642 984 3846 3004 439 1811 2342 4656 1188 4224 942 262 616 4754 543 437 3837 2120 2331 1066 3359 3588 2087 974 4159 1486 360 71 2660 2502 2761 3216 1230 3894 550 308 665 2475 2738 685 1471 3908 2072 1598 210 2253 1901 4192 2887 3024 4970 834 1795 2842 3156 4224 786 3572 636 808 3828 2154 3667 1558 4585 1131 4741 2461 1666 708 1412 1184 1916 4111 4085 4066 693 1169 2584 3898 182 4396 1488 1302 2857 3260 3844 1560 3983 279 2126 2824 4701 390 4432 1154 3482 3938 2608 2050 1385 243 1943 1371 220 954 836 517 4315 252 1403 88 3247 1261 3665 2753 967 1781 1853 983 1367 54 1414 1241 309 2984 1507 2436 440 3794 3591 3527 1165 4245 3567 3443 993
1525 2642 1282 2825 1536 3006 422 2268 1912 481 1840 2072 2151 2344 3922 2801 4993 1181 3763 321 4577 2488 3874 138 3607 1894 2010 3562 458 2467 722 4639 1986 1856 4492 4994 4700 1193 3693 3007 4469 4364 3832 39 1609 154 1129 85 870 920 2897 1091 726 1033 2121 2816 2788 3458 4765 2145 2437 2052 1894 2464 1662 509 1526 3697 1647 3299 3483 3309 3529 585 1571 1234 2795 4833 4083 439 3059 2801 3173 2885 4075 3852 1373 4702 4583 4886 673 1292 2867 1564 3189 4805 4893 4682 4084 3255 2385 3313 996 3254 106 4038 1721 2719 4430 3581 602 2686 799 2737 432 4400 3400 898 1945 746 3856 4755 4804 3882 4236 907 4056 4521 3316 1542 295 4737 401 838 2366 2241 1021 2207 1336 2298 3643 4635 297 3572 3978 4400 1008 1905 3629 4845 205 2907 3536 2461 1861 1783 3078 1245 3315 4057 988 1355 3762 3662 2579 4580 2046 795 4312 4474 2946 176 1404 2975 1324 1896 1697 3217 1224 4309 2514 426 4693 4328 4185 2321 3481 2431 4847 225 428 2563 1226 3888 34 2764 1746 103 3548 2170
1939 1704 2825 610 3615 352 4557 4711 4632 861 3538 3255 492 3982 2341 1453 2533 3805 3834 4019 322 4624 135 2717 4523 2416 647 998 4922 3256 2041 871 4399 46 1090 2015 1770 3158 1024 908 109 3515 1154 4036 4463 3846 274 1434 3504 4997 1006 1501 2638 731 2299 4010 516 21 2857 2397 2423 4188 179 3544 1073 1360 3497 2694 2596 1319 4049 1704 1974 348 3162 2453 1066 1791 4099 2684 4197 365 2482 1705 1897 957 1939 3420 2866 4700 2522 1407 404 429 4986 2565 2302 3591 4646 4580 3603 4374 4985 4554 3606 3410 613 544 2866 1779 4079 2451 1717 4243 2940 4240 407 3482 1086 2958 4362 2066 516 2717 2465 4140 4745 520 1733 2315 58 3862 783 1052 4244 4524 765 2706 520 3953 3891 1036 358 2180 654 4213 1503 3420 4084 601 2343 1954 3408 897 3468 661 318 4872 3761 2139 943 4115 2150 2210 2695 477 1562 4288 1762 2749 2459 3495 2393 1981 1236 2685 1993 3735 4784 141 1236 3369 2909 3812 830 218 4098 3549 1624 1202 2680 380 3909 3620 1204 271 4159 1944 4981 1604
1432 2877 1536 3615 885 473 3148 2899 310 3673 112 1995 4758 2955 4930 4070 4718 808 1183 4532 3343 2374 4328 1613 988 1332 1192 2704 3903 2393 3207 1427 3835 2213 2392 2202 2021 3903 3305 4889 4372 1985 151 3311 4874 4093 1200 4987 3043 1889 4847 3967 2678 3943 3202 4689 534 2104 2559 1061 4927 745 877 2286 4963 4055 4829 1069 3580 136 2548 4114 4585 2839 2049 4570 3997 82 4454 4269 3292 4836 4272 3013 3458 2106 72 58 1902 1879 1900 805 1706 4778 3272 2700 3872 4804 899 4236 2692 3320 4272 498 24 4814 1893 3632 3245 1272 2141 2607 1761 3327 3360 4902 61 2037 157 1416 303 2542 3038 500 3850 4060 114 4947 3575 389 3691 4807 1016 1386 3165 2764 1469 2961 935 1236 3089 3817 2173 3255 4623 302 4321 3281 4873 2715 4833 794 2358 1365 2127 3144 4333 4003 2866 1172 4623 1317 4969 2888 755 2023 1221 1622 3449 1845 2231 4729 833 734 3343 3726 3976 4223 381 4400 3837 546 1657 4814 4117 4774 2483 4382 4734 1902 4396 1578 2256 439 3259 4470 584 3571 2181 3155
4888 3943 3006 352 473 3548 1173 1143 3966 2714 3200 4581 3178 594 304 4543 2464 3505 2093 2645 4523 423 2273 1460 4712 4291 120 1247 3899 3606 4961 1146 4100 834 2333 3824 4815 370 348 2813 3883 1107 1966 1816 2189 1629 1660 485 3298 1183 2884 3451 3250 2133 4495 4141 390 2431 3045 2871 3511 4788 3955 1812 4706 3408 2387 3374 3926 2494 1833 1217 3820 3203 4194 437 4028 641 4577 4815 3515 629 3816 2057 3520 2020 4877 4737 4399 886 4380 3500 1345 4264 3534 3629 1084 2546 4685 2699 4217 2438 3239 3145 2352 3066 4525 694 3749 3714 804 4584 4626 3534 3571 525 4996 3294 484 253 4318 4004 2420 2503 1916 3108 4861 1914 3781 4925 4113 2840 4969 3764 4231 290 2501 1285 2306 3365 849 280 3054 290 890 3599 3507 617 3254 3618 837 2750 4963 513 2975 1986 3507 1657 1007 4305 874 3863 271 4057 3867 845 3707 2983 3210 2880 4433 352 514 3607 3604 491 2672 1827 2768 3630 2919 1192 2717 1358 4907 2533 3289 2064 1807 1002 1562 945 1666 1119 3987 1262 440 192 4532 3037
2368 2438 422 4557 3148 1173 3240 3322 4682 4055 241 2827 2979 2315 33 3593 1735 3145 2935 822 1407 2953 78 3978 1364 503 3532 2427 2493 3229 4834 1341 3004 1465 4884 1310 3256 963 3428 2703 376 3908 3403 1605 448 2339 4256 2719 1809 800 131 694 4119 1987 2320 74 4695 4590 300 4946 1818 3785 258 415 694 402 3790 1651 435 2328 432 2417 3738 4647 2493 2613 419 2640 3827 4829 2520 162 4701 1013 2977 2165 622 196 3971 3633 4461 4011 2953 2945 731 4231 4784 3407 2580 856 4894 2021 171 4787 4249 1270 3151 4069 3613 1793 4399 1288 4130 2651 4967 420 2939 2384 2173 2780 3047 4962 1151 2204 1421 1610 3089 4073 4301 4965 2172 2244 1082 3771 697 92 2864 2453 103 2272 3581 1317 998 3962 3196 2516 4046 4959 816 692 4303 4813 476 3803 1002 770 1713 2638 4861 256 2391 2593 2739 587 2712 1065 4198 3256 1783 1878 4360 2266 3529 1060 4118 290 147 840 2857 4051 4573 2271 988 2187 3603 4673 3165 4613 515 1226 4477 1590 787 1653 535 2979 4807 1614 3011 2370
4552 3581 2268 4711 2899 1143 3322 3572 4243 4482 2574 4179 514 3567 31 1671 773 3200 263 4063 4214 773 4305 1649 4521 270 1096 2967 2970 3788 346 384 1860 1911 3868 610 4215 4456 4746 3702 647 1666 529 4078 629 2666 453 2670 2119 2096 691 4285 2564 769 2204 326 2549 3401 3432 3123 537 4260 3918 3852 2072 4840 3480 1554 1180 2749 3911 630 2331 2206 1453 377 4790 1264 1324 842 192 623 1479 4157 3092 764 2599 4133 4764 2064 3862 3408 3271 4639 810 3073 3347 116 1602 1733 1740 884 4589 2207 3839 3608 2393 3314 1380 3577 3989 4118 1494 4063 2466 878 2161 244 3564 3646 2193 3804 2330 4892 1006 4796 3439 3040 974 1169 1894 1501 1008 828 3557 2816 2608 3395 3765 749 4555 438 2256 4758 2712 3425 669 1873 2228 1648 918 4584 2491 1320 709 3955 3694 1088 836 228 183 3064 2164 4332 2657 1747 1785 4391 1872 776 2201 3208 2039 4966 3169 2633 2357 3163 2628 2613 2534 1486 4321 3692 228 4654 3993 2214 3898 2730 2464 2707 3816 3024 270 709 3879 2147 4683 895
3098 1320 1912 4632 310 3966 4682 4243 1477 3742 2892 4189 491 2998 3218 1434 798 2371 1049 3515 2812 846 2360 3088 2530 96 4757 1535 913 452 1880 352 2650 2887 3577 3305 1268 2813 1763 4353 1532 880 732 2219 3975 4406 2746 2014 875 2321 2802 3048 857 2922 2534 555 3126 1863 1187 181 2028 2463 813 2387 2868 3731 2211 2574 1655 641 2250 2222 565 1214 4810 1751 813 4433 3816 2659 2918 2920 241 2587 2798 4608 2377 3145 3283 137 2144 4280 2704 2055 1409 1546 4251 4805 4103 3469 1432 4593 2625 4197 1640 2746 2712 4050 4141 305 3992 2388 4301 4216 1302 637 542 4856 74 1471 2074 938 1345 840 525 4514 4045 4961 579 4849 136 2559 4991 975 2395 1807 3601 3849 1936 2386 2604 4880 286 295 3503 2908 1319 2493 2181 3530 3440 2808 4548 1947 4277 4912 734 1863 2409 1818 1523 2080 4254 2620 2343 3838 3491 4588 4018 2581 3749 4339 2360 2603 3275 1567 4758 3697 3524 4355 2887 632 1609 2885 921 261 1632 986 4192 3040 4129 2804 2824 1139 2956 352 3336 3350 1948 595
3572 1385 481 861 3673 2714 4055 4482 3742 3534 1419 3452 3400 2695 488 1190 1847 4565 3829 1368 207 3946 4580 4447 4441 792 3343 2951 3116 1151 2970 2556 2630 1408 4769 1182 3896 4801 3393 2555 748 4715 3952 4667 4210 2498 4706 2946 3501 3450 3459 3691 1057 3044 4692 1520 3111 1152 3769 2901 3696 3825 3332 1133 357 4383 3122 192 4000 3058 4802 1395 3638 2023 4826 510 3747 3244 2785 1376 2887 1849 3879 3273 1119 16 3200 4381 4761 1662 2112 866 1742 164 1703 641 2933 2143 739 1999 475 2537 1368 1751 4743 2597 1933 2035 3266 4689 1440 4396 1827 1117 986 4613 1440 1501 3470 4474 4136 4904 3017 4943 4700 1774 242 4890 1598 3050 4153 1778 890 1117 3382 1999 2724 4339 1012 2377 4402 1004 3994 1738 2200 285 1172 2327 2601 4216 1507 1825 2418 2967 880 2812 4611 516 2502 3485 2946 136 2107 813 4200 2186 325 3187 265 1315 3794 3855 2050 1721 406 1523 3808 3599 4988 530 4370 2515 2098 20 3604 2083 4799 1787 4256 3593 1728 3731 732 2566 3682 3487 3013 1977 1356 1921
57 135 1840 3538 112 3200 241 2574 2892 1419 594 4251 4931 294 3079 2503 820 1126 144 3556 3112 2147 3824 4879 1511 1137 1775 4814 3291 747 2476 3029 2994 3996 4319 39 648 4176 816 4754 1978 1507 2524 1229 63 3540 1264 4602 3694 765 4233 3801 1058 2945 1580 4380 3608 3309 4868 2129 3238 1570 1521 2328 1854 2894 2899 1264 28 4981 3534 3769 4251 359 4905 981 3346 4873 2725 3070 4288 988 4236 2653 2641 3040 3579 4927 1794 4132 3855 1779 1677 2099 1804 2369 562 2582 3959 2603 776 3633 4407 1101 4328 4849 2626 3482 2538 2270 1677 2930 1485 495 1983 4762 3734 3610 2874 4636 883 4055 711 3296 3433 1133 2358 3538 2982 2652 165 4307 2152 466 1854 1413 1048 3741 3154 4632 411 2609 4728 1136 2970 764 3620 4458 469 196 1895 3564 2042 906 126 2542 4600 2302 1309 2874 1993 3270 3876 1698 3439 3457 3792 1152 3027 1807 1793 1334 148 2136 3785 2559 4034 4454 3304 682 1868 871 3366 3084 137 757 4817 1516 2083 3297 1206 2562 3725 353 126 3136 4449 4629 3263 4144
4647 2909 2072 3255 1995 4581 2827 4179 4189 3452 4251 2878 2342 3889 4933 1611 4196 4564 666 2489 3631 2688 2237 4864 4804 2302 4870 4876 73 3567 89 3764 507 2542 1583 1586 4560 2711 641 841 4268 4381 2162 4129 829 2992 4600 4753 707 2153 4320 2281 4994 3836 3092 1667 203 3483 170 3150 1501 2364 4732 2133 3567 2883 4359 2765 4402 1836 2893 3922 2871 1849 4054 1829 63 3450 4510 4787 343 4354 4593 883 3631 3116 1855 2977 1270 2748 914 1354 4615 4982 1871 1894 2081 4226 3406 3588 4565 454 1937 991 1474 3659 1305 2620 541 3691 1021 4948 93 3303 4959 196 3023 3293 4909 3087 3905 4944 1023 1891 4413 1362 183 3680 2114 3314 1948 1976 1616 3835 428 3084 2824 3161 1110 483 1285 490 747 1067 1878 2632 4344 897 1435 4840 1376 2175 2235 4266 4696 42 2204 4871 4580 994 3416 2747 4543 1693 1052 947 3103 3730 2575 4101 1102 2458 3262 1674 2024 232 1825 3555 1710 4735 1181 1710 659 2735 1459 4932 3773 1662 1516 802 3144 3493 891 423 4822 3515 3716 690 2640 2181
394 17 2151 492 4758 3178 2979 514 491 3400 4931 2342 3036 404 832 4887 4525 1227 4760 182 2257 1612 2583 2781 4294 4669 1336 2732 3596 155 2431 1166 4073 4289 268 1048 1614 3463 2718 560 187 4906 3092 4548 2838 27 12 3214 2353 3424 4729 491 2478 1829 3449 1862 1594 3179 1286 4791 3275 130 1178 3023 2694 1354 4601 730 2422 734 3949 12 191 1784 2999 2512 4569 3646 2411 73 4306 1770 4911 4382 4109 1899 2031 357 2345 2782 3532 3036 3010 3155 4759 3790 2351 1101 4324 4341 2337 2536 2512 3504 3219 4418 3218 2563 2497 1276 3452 433 2198 1025 1262 817 2835 588 2625 437 1298 392 341 1997 2295 4137 2633 2854 4444 1395 1452 4947 1672 4049 2135 768 4040 259 4144 2660 3094 3922 3595 1975 2546 1722 3943 42 3883 3483 4240 2397 3213 1446 3420 720 3065 1893 2153 3962 83 1514 2624 92 3296 4926 3412 4812 1915 3540 3472 2543 3561 1886 3470 1526 655 2882 918 3135 3382 4165 409 4417 1973 211 1693 184 4607 3199 1451 108 1988 451 3131 368 4931 1944 1797 539
2164 3659 2344 3982 2955 594 2315 3567 2998 2695 294 3889 404 302 2672 497 4205 4477 297 3663 3475 2456 4422 4657 102 1214 235 549 3076 409 4448 226 1073 2575 4519 1167 1536 1164 838 4704 2730 2672 395 4673 4283 4431 4541 4821 3637 4423 1659 3869 3964 1198 3316 2854 873 38 4810 3621 2169 4465 98 450 3250 1492 3684 4679 1421 1639 3499 4428 3270 544 3389 1401 1206 3850 412 4251 1785 3125 3304 1809 1550 2998 411 1148 2985 2605 1130 2056 4702 124 800 4338 3131 2522 4771 2175 3543 3222 72 3674 2087 4913 4145 3135 2133 459 4391 3600 1606 1953 4831 4350 2065 3484 391 2179 4830 990 925 3712 1981 4445 3474 2261 2048 4110 3456 4828 4564 1851 3101 3541 4467 2431 3394 1792 285 509 3022 2840 4538 2249 3323 3242 2970 3861 2434 368 1656 2275 3551 938 2890 4828 348 3173 532 654 4241 1415 69 4384 3607 2005 3301 459 149 3442 4267 3204 1171 4097 913 3882 3269 4868 4766 242 1621 1015 2085 1026 4903 2444 4326 2727 178 4532 2664 1166 932 3931 4426 143 4804 2269
2145 2433 3922 2341 4930 304 33 31 3218 488 3079 4933 832 2672 1808 3577 2962 4469 2830 3787 12 4078 2903 4772 3633 2892 81 2830 3700 4594 787 1300 1258 506 3164 1780 3590 1093 4484 3852 588 814 3651 2943 25 3594 2078 2582 2222 392 2800 3925 639 296 4121 4151 3235 2789 2583 4178 3461 320 3491 4916 147 1391 3606 4544 3287 3743 1424 1059 286 3069 538 668 2062 4854 4783 4674 975 4597 48 1401 1155 2333 2831 2545 1528 1054 2759 3698 684 1948 444 920 3538 2447 4555 1915 3986 2863 3105 1423 900 1149 1382 4469 3235 4329 3850 2899 2655 2758 1028 4998 3373 11 1062 2391 4400 1090 2702 1717 2983 4266 2784 4082 3224 4885 2729 1097 1582 1763 128 4872 3605 3711 4167 175 1753 2825 2450 2178 1357 216 432 2415 2534 173 2057 3488 3430 3163 4679 3996 2690 1680 1355 4491 2054 690 1022 4869 4705 2583 3581 2477 499 4096 681 467 1183 3043 3850 1764 3250 2919 827 1199 682 1501 4273 4124 1175 1144 862 4860 3295 4530 4549 2921 2710 4247 868 1651 3601 3889 2164 68
1943 1847 2801 1453 4070 4543 3593 1671 1434 1190 2503 1611 4887 497 3577 2460 230 3624 3244 2270 272 2535 1484 4148 2615 2697 1415 4257 2981 3279 4293 989 2750 3823 2576 2339 3992 1980 2684 120 1474 589 829 3955 1037 2483 4381 3980 4405 2284 4513 1971 2740 1170 3302 4548 3401 1537 1799 2233 1506 4224 4041 3108 1028 3670 2248 3209 4294 4082 384 3598 3208 3624 648 3288 1508 2458 358 4713 929 4451 3167 1352 155 4373 861 4588 2567 2852 3614 2489 2500 2391 590 3746 485 3747 1453 2345 83 1660 2695 3182 1291 542 943 3387 1048 3058 209 2197 892 3521 2960 2154 1336 1261 1384 4995 115 1489 15 4315 3151 3221 4162 2425 596 2299 4333 701 2903 665 4752 4134 4647 2861 1535 3509 3481 3582 3423 2659 3136 2115 963 2689 2321 3729 3465 4845 3391 4317 2466 465 2864 223 4924 3092 4641 620 61 3561 3638 3440 2887 716 446 2377 2422 4755 2904 3379 1927 863 1506 1079 4627 3549 3504 3906 4857 3730 4109 3091 2701 1964 1872 2508 3039 3408 3022 232 3852 3289 312 1260 3662 2948
3945 3573 4993 2533 4718 2464 1735 773 798 1847 820 4196 4525 4205 2962 230 4495 1939 2382 543 2043 3987 94 3339 1101 2030 4037 2692 996 2318 2819 1682 1705 2482 4404 2698 1691 3819 4405 4705 2302 3208 3060 703 4203 1980 753 351 2682 2244 2179 1252 722 3128 3719 130 4661 1629 3628 1663 3103 3388 4004 1652 2072 1565 4165 2706 4316 3734 3093 3235 1206 4465 707 2215 2019 2843 4705 385 2982 1597 1573 4814 379 1309 131 4796 3378 4704 1093 4727 1883 1874 1253 810 4119 855 4615 580 4464 4013 4951 928 680 2861 784 723 1259 686 4748 4035 724 2117 3852 2871 2431 2042 2752 1626 4726 2768 3238 3577 3700 4909 3614 1478 4071 3757 4604 3412 3557 1473 2828 1141 4239 1648 2119 4150 2631 470 382 1042 2146 3294 1693 1172 164 679 4005 3018 3435 771 3345 768 2783 2884 666 1275 2162 4122 3018 4631 151 354 2610 2035 327 272 4708 2289 1422 3900 118 340 1341 2281 3459 3795 265 3979 1341 3642 3528 2111 1796 4420 121 2420 1339 2299 500 3780 2787 634 4562 2360 4592 4861
3219 882 1181 3805 808 3505 3145 3200 2371 4565 1126 4564 1227 4477 4469 3624 1939 1266 1130 538 1312 2528 4801 52 3765 1144 1672 298 2446 561 4882 2193 1057 3249 1479 1724 3457 4026 3792 3986 1933 534 1956 1764 4681 1692 3672 2417 1597 3944 1316 252 4411 4314 705 1860 4333 4648 4883 3571 1492 2944 1549 1818 3098 3962 1178 3153 1678 698 4928 4981 4210 1122 2048 1350 2514 423 3216 2247 662 3678 2681 4352 2205 391 3780 4855 321 2107 774 1277 4010 2731 3056 2643 1995 2487 2164 2523 1560 2310 1588 4675 3807 4188 2627 135 3698 105 3952 4493 2242 666 870 1408 395 2148 2270 3741 556 2734 1980 2210 642 2178 4979 371 768 1602 918 3630 1571 1447 4929 1439 1399 978 1400 3800 4144 1338 3403 3518 773 2976 2042 193 240 3538 3382 2049 896 3597 680 4722 3232 3614 1058 3443 2229 3096 3931 1271 2636 124 2672 2119 3388 312 1961 3928 4388 1256 2407 1389 3412 814 382 463 1783 2406 1614 2115 3832 2758 1957 2579 494 172 2400 2186 4729 2607 931 1493 4562 3631 2226 2629
4405 4467 3763 3834 1183 2093 2935 263 1049 3829 144 666 4760 297 2830 3244 2382 1130 193 2156 412 2336 128 2866 3920 2427 715 2693 80 1297 1809 456 167 1886 398 584 1370 2760 1517 2914 4504 1130 3488 3254 2142 1277 2179 1781 4243 1913 1208 3980 628 1322 16 861 4690 3559 2025 2304 295 1929 4372 4653 499 769 3001 2884 1317 3047 3854 1017 1019 315 2122 3103 1583 2328 2519 436 2212 3757 2324 969 1933 3719 4863 1390 2966 61 4882 2512 3673 3998 4516 2656 1378 3078 2871 169 2885 640 4957 2140 2741 1695 2254 397 2361 1898 2594 4912 569 386 1102 3779 1551 1454 2998 508 4126 130 1533 1734 2824 1373 1882 1441 1012 4715 2546 4092 4816 4870 1721 2494 4078 4984 3037 2590 4123 456 2607 4871 160 1409 2214 2766 4651 3192 1441 1817 2597 2030 1965 718 315 4796 252 4202 3594 3782 1337 4962 4690 2753 3491 4579 2337 3222 1052 1649 2057 4120 2076 3276 1324 4923 2054 3537 894 1223 4761 2203 2622 941 4861 3624 3917 1002 2018 1294 1690 2926 1493 1387 1848 1237 4350 2196
4869 3199 321 4019 4532 2645 822 4063 3515 1368 3556 2489 182 3663 3787 2270 543 538 2156 25 1421 2192 181 2673 4449 3795 122 462 2550 2893 3034 2747 3030 4008 4253 728 2066 1985 562 1119 3427 2879 1655 1977 2046 218 821 1352 3656 3576 1989 1473 4413 2007 2859 2630 1229 1284 2898 2063 4373 2488 1012 4585 246 2901 1944 3897 2531 4457 2439 3588 3894 4907 3867 2990 2200 162 3708 3087 2861 1335 2202 2920 3233 913 4444 74 1000 696 2195 1725 1434 166 592 2833 3234 4657 1548 749 1838 1833 3910 3944 124 3305 3358 1948 3954 2318 2338 2571 1694 2536 735 518 4756 1439 4536 4516 651 163 1689 1463 4208 2278 1274 3175 2235 2985 1672 2343 4215 1354 3255 2192 2979 3648 2241 542 1862 4063 4701 2194 3187 808 2982 848 3202 3843 3738 3293 2543 1266 1915 3736 1991 3191 653 4169 4185 561 4234 1827 384 1070 788 3779 956 52 4848 825 2681 1598 2364 4217 4434 3190 2464 725 4649 4765 3333 1816 3574 2575 624 3060 2246 4881 4747 1491 670 4886 4266 4623 4776 2768 525 606
3766 4946 4577 322 3343 4523 1407 4214 2812 207 3112 3631 2257 3475 12 272 2043 1312 412 1421 497 821 3452 3642 2218 2318 2226 1121 1772 3438 1034 38 2297 4445 3148 2652 2812 3709 3665 2510 1331 1311 2038 4727 3308 1897 419 4942 2090 807 388 1376 1347 570 4871 2630 956 1164 2788 4140 791 4478 1234 2829 4821 4403 4268 2922 4062 2511 4625 359 1783 1616 2097 831 4192 3580 4255 3225 329 1629 658 560 3182 2718 1981 3963 1357 665 805 4190 2118 845 1530 3603 114 2990 3155 4968 4741 1629 2510 1864 790 3498 2996 4075 4925 920 4264 3574 1355 1303 3218 1788 2974 811 2733 1044 2837 4464 4882 4309 3617 1797 1276 1672 2584 2525 4387 3767 1066 2317 4660 481 3831 2527 1274 4169 4375 1228 1414 4153 976 4406 2030 2655 4561 2217 3845 3841 3714 4010 3824 3191 159 3315 3948 117 2450 3058 3243 3700 3856 1625 1999 804 1264 281 686 3181 3242 3534 3509 1003 1491 3518 4329 26 1810 3788 425 2682 4231 2413 915 4839 1730 4243 3509 815 1987 4616 4795 4596 3449 772 3731 4460
1536 1581 2488 4624 2374 423 2953 773 846 3946 2147 2688 1612 2456 4078 2535 3987 2528 2336 2192 821 2324 3272 3522 3238 1976 2348 3758 1210 3213 209 4790 768 46 1218 1184 4280 489 2455 1587 1797 308 2299 1258 2986 2100 146 1915 2954 1078 3957 435 3196 3602 3452 4995 2062 845 4908 1578 3003 2755 2879 3556 3845 1903 1580 1661 3653 3342 3147 2325 1397 2089 2103 153 405 2136 1258 2701 355 2337 3649 4093 3008 3546 3390 4105 961 3576 1556 1439 2873 3965 1954 2910 1902 4983 2793 1369 3910 2760 3370 4937 677 2756 304 105 4244 3967 355 4363 4568 2376 745 4901 1335 553 4074 2482 4520 1764 1939 1143 2795 814 4277 3428 4376 1333 3499 4759 3128 2645 2023 2928 4169 3909 3903 179 2507 1125 2619 2408 4907 450 1462 2328 3104 3650 368 537 2269 4390 2236 3528 2452 1480 4712 1001 1978 4321 3212 4433 1576 1042 265 1028 1101 3197 2389 3537 2904 2046 2459 3808 4699 1943 31 670 4263 2538 2804 4388 1104 3535 1936 4663 4489 3455 1280 2295 2770 1723 3622 4274 652 4050 372 3608
123 1019 3874 135 4328 2273 78 4305 2360 4580 3824 2237 2583 4422 2903 1484 94 4801 128 181 3452 3272 1286 3609 1536 1697 3374 4655 2898 1687 4488 3630 3673 698 934 528 4643 174 3205 2692 3398 4747 1603 4719 754 2363 4666 533 3467 631 1338 3812 3620 4849 443 2372 3223 2119 4473 3071 3812 399 3935 3614 3425 667 1463 60 3485 3432 4192 2535 1339 232 2128 3589 2999 2849 3735 4835 971 4798 2251 3430 1197 1139 3087 986 2979 3643 1809 861 275 3751 3077 3767 2195 926 1846 1018 2655 3205 1463 1125 1729 3803 1757 3531 2916 3861 3748 2926 4682 4749 1420 4751 2254 688 2814 1028 1800 4937 4245 2425 4547 1068 1371 3991 3053 2112 39 887 2950 1413 4450 1727 1153 4853 1848 3334 1931 3678 423 2975 4636 4566 2100 2116 3987 631 4094 1762 2128 357 2552 2649 83 1681 2865 3024 156 2012 4136 3855 612 3863 1461 4548 2911 1942 3941 2446 2085 2148 468 4371 4086 3725 1461 1560 2869 3359 1116 2704 3777 2169 4838 2914 1004 1357 3192 2201 3103 335 246 1311 1086 1028 3725 4786
130 4836 138 2717 1613 1460 3978 1649 3088 4447 4879 4864 2781 4657 4772 4148 3339 52 2866 2673 3642 3522 3609 1973 3013 2331 197 1131 4224 4057 2535 143 2764 4835 2440 1446 4129 4351 3164 149 1681 3824 3456 989 1205 2161 3962 4858 1901 3885 3542 1848 2756 2459 4831 3238 2810 3609 603 504 4007 1232 603 3252 3569 831 846 1044 3131 1995 4312 4202 2561 614 1841 3504 2252 4059 2085 3816 1243 2439 2638 4681 2337 2805 159 70 3867 4929 3232 4944 1475 546 2622 4069 2029 2483 4213 4714 1803 1145 4610 1878 4065 76 2994 3696 2097 175 1131 2694 3714 3997 3093 747 3229 805 1085 1835 2980 1064 2087 518 760 2670 2325 2480 1244 1413 431 3641 1241 2446 4253 2383 2469 2551 4913 3803 3787 1673 1276 2618 2109 1065 2446 1090 195 3685 3637 3767 1422 54 3564 4125 39 3143 4235 3910 2469 737 364 3132 1940 419 4191 4174 2486 569 573 2492 3648 249 199 2794 3786 535 2524 4682 37 1876 2455 3122 3615 176 2718 849 781 1429 4400 2007 3644 3430 4617 283 4029 3454 393 76
3638 4514 3607 4523 988 4712 1364 4521 2530 4441 1511 4804 4294 102 3633 2615 1101 3765 3920 4449 2218 3238 1536 3013 3499 992 3844 3459 4368 1077 1314 4316 2605 4978 1571 3422 3688 4753 3174 734 4667 2881 1027 1091 4144 4472 900 723 1581 1513 921 4723 1884 2145 3952 4733 3974 3095 2185 2925 4837 1169 1156 3654 2947 1136 692 2340 1355 4242 2504 97 4937 3783 1673 4094 2641 2560 2894 3445 3241 2452 4522 4670 3971 601 2757 3354 2452 3004 4719 1762 663 1409 1903 4734 4699 4196 445 998 603 851 3458 111 4691 2719 1112 3207 1050 1640 4732 709 2553 556 2643 1637 2766 1359 602 2939 4441 3340 1192 966 1542 3417 1058 2439 130 2974 4422 2651 2965 2877 2690 3243 3140 524 4793 4303 4895 3309 2134 4921 2404 1381 2462 4161 3746 1603 3205 4485 3598 1869 210 3278 1352 1961 755 956 4634 2943 2336 4895 1850 3287 2659 563 29 175 663 4040 2884 3139 48 1662 4041 1362 2736 3995 1592 4864 4459 1554 2927 3602 53 4947 4448 4080 335 4606 4472 2821 1182 3132 261 4052 4878 234
2408 2611 1894 2416 1332 4291 503 270 96 792 1137 2302 4669 1214 2892 2697 2030 1144 2427 3795 2318 1976 1697 2331 992 4896 3015 204 2646 1072 1070 833 548 3392 475 1428 2089 3913 928 1396 1146 1392 904 4241 4220 3539 770 2348 577 2406 2538 2595 2937 4072 3042 3455 3982 1433 2282 1469 2578 4453 1578 4188 245 3611 4544 2145 4086 4409 479 2935 662 4802 3124 1975 4705 1745 3166 4696 2768 4899 1328 3363 653 2553 2563 2389 4157 3202 1667 4568 1027 2567 3267 3791 4902 2932 931 3189 1492 779 4515 2573 2920 438 1151 866 624 2056 981 4225 1110 2538 2336 2802 449 1990 1509 2769 4481 747 2124 1889 4390 3041 792 4755 4557 3631 3625 42 4679 1117 2771 1101 1598 2637 1644 1094 62 568 2834 4703 2156 4716 3486 4550 2989 2330 1591 1844 4018 2445 1302 4939 2156 844 3560 3160 1437 380 1333 4746 2127 4616 72 790 4599 512 1370 3751 3805 3561 4115 3712 380 4213 1740 995 375 694 1104 1711 2558 3785 1252 2594 3986 4217 141 4006 1687 3431 1905 3517 2699 2028 808 2920
4533 4075 2010 647 1192 120 3532 1096 4757 3343 1775 4870 1336 235 81 1415 4037 1672 715 122 2226 2348 3374 197 3844 3015 4550 2256 4354 1758 1090 873 1239 716 4481 1279 2450 111 561 3983 4471 57 980 2193 4633 1771 1742 2440 1473 1802 1279 4215 2691 792 2948 4565 4990 44 1060 3790 4616 577 4347 1715 2749 4100 1915 4743 4932 3969 766 1244 1135 4843 3273 4162 761 3967 4793 611 1052 608 1446 3289 2819 3677 1053 3036 512 2269 4131 1100 2539 2743 1461 2280 801 453 4741 931 1645 2810 2758 134 1431 4530 1398 1326 1444 1963 4999 3690 2582 3918 3780 3034 509 950 3961 1704 830 3541 4978 3732 1472 4905 4197 708 2623 2224 1946 4840 3647 1261 3426 2681 1468 4934 4658 3871 3214 2575 3642 4133 4496 3486 4541 1735 4887 4537 3275 4740 1793 2916 3767 4435 2771 2715 671 3627 2938 2502 2929 4686 257 4277 2078 3824 3636 4715 1685 1014 366 3645 784 1794 1192 3589 1690 674 3082 4569 2187 274 2549 758 1348 3275 1677 1062 1907 2968 1303 725 1905 4362 3774 4522 3239 4204
1255 3424 3562 998 2704 1247 2427 2967 1535 2951 4814 4876 2732 549 2830 4257 2692 298 2693 462 1121 3758 4655 1131 3459 204 2256 4821 2818 2720 4898 4859 3880 3212 2317 4455 1036 281 4684 242 263 16 146 1678 2845 4893 3162 4304 1708 2647 4294 2671 1114 2095 2962 4241 194 2510 3815 2089 2821 1171 2066 3755 3108 1111 107 4767 2997 2901 1650 4619 2797 4199 3263 4174 1580 1573 3430 3723 132 2746 206 716 1023 3452 4913 1214 3319 939 368 626 4341 4523 887 4409 3558 2774 1141 3358 3898 1941 4000 4356 2918 3624 2319 3282 3950 2342 564 2869 92 4672 2885 2132 2344 3936 3838 514 2239 3340 3793 446 2587 2631 1081 2647 4699 1156 2967 2991 1209 3922 4275 4088 3618 688 3175 752 3030 624 1779 4447 340 764 1154 2933 963 595 1630 4912 1915 2897 3668 1934 418 3615 3571 4850 683 402 4585 4438 1646 110 1412 230 4513 810 1589 4392 906 2341 3588 163 496 575 4442 3209 3903 2479 1004 1587 158 2761 2542 1183 4731 3148 1533 2916 3558 918 2042 4847 1145 3990 3764 1570
128 1548 458 4922 3903 3899 2493 2970 913 3116 3291 73 3596 3076 3700 2981 996 2446 80 2550 1772 1210 2898 4224 4368 2646 4354 2818 1857 1715 3986 4520 1326 2201 4776 196 1751 1934 1859 2375 1093 532 3519 1216 248 1491 3353 343 2191 199 2985 1188 4361 3678 3698 3229 4487 3480 2349 2771 4114 849 1108 578 747 4940 632 4328 1876 446 1698 201 606 3895 2842 1342 3749 4789 3748 3242 23 3522 2403 1568 1442 1010 4310 4634 3979 1241 41 1315 506 4147 2847 768 2601 580 1142 1936 2621 1919 253 2591 976 580 2405 2964 4263 314 92 3938 3564 1716 2473 1461 1457 2764 2260 4137 1963 3290 4497 545 404 1523 2607 1468 1862 3481 1496 1997 388 1948 2883 3117 4857 4426 1324 3581 806 4733 2736 1321 3817 3402 3125 1910 221 3095 2485 410 3324 962 3540 3442 2736 937 3945 4669 535 3391 4390 1256 2756 911 3271 1911 2577 4823 1315 182 3748 1096 2601 1319 447 4771 1114 1136 1726 2039 3106 2331 519 1587 1503 379 1015 3422 4272 905 4867 3862 2115 2120 2320 3944 1435 4195
3884 250 2467 3256 2393 3606 3229 3788 452 1151 747 3567 155 409 4594 3279 2318 561 1297 2893 3438 3213 1687 4057 1077 1072 1758 2720 1715 1564 2673 4287 116 3750 2887 2647 2816 2935 3975 322 4888 342 312 1553 3300 1379 4812 3543 2830 639 4647 256 165 1972 1286 1976 1533 1851 3065 1530 2750 615 2145 1653 305 3965 2187 171 4828 1284 4064 630 3967 886 144 3614 4006 4153 144 4926 272 1441 3268 4426 1648 4315 3588 3200 2581 4682 1082 1836 3277 280 2961 2959 4078 482 3046 2251 4817 4128 1838 4525 4452 799 1958 3241 1248 1033 511 1768 4368 1417 3694 2299 4926 1330 2595 1165 3600 183 2476 2663 2114 4318 1022 1325 1634 2114 448 539 2303 3404 922 1837 4756 1020 1458 4514 946 3459 3538 2322 4983 3087 272 3108 47 934 3122 4584 2952 1007 499 3691 2071 49 154 2563 1390 4843 4742 3406 613 547 2712 4919 1893 4387 1436 2241 4458 1128 1081 1628 4443 2138 4587 2774 4240 4808 4329 3337 1226 726 3248 3161 1787 560 722 3908 3349 4046 4144 4584 1801 4421 2353 4712
1833 4355 722 2041 3207 4961 4834 346 1880 2970 2476 89 2431 4448 787 4293 2819 4882 1809 3034 1034 209 4488 2535 1314 1070 1090 4898 3986 2673 3935 2971 3303 3553 3151 4021 1101 4621 2528 2280 4600 4709 1857 547 523 4972 1748 2112 1795 611 4208 585 1872 2013 597 2224 1350 4954 2675 1243 114 2325 2071 3890 4396 1089 3208 1185 2712 3750 454 3996 4508 108 2796 3487 2140 3657 2459 4216 23 3851 3687 1361 606 2174 2381 2991 4541 3710 513 568 137 4192 4897 3186 511 3609 624 1403 4607 2764 2111 4368 727 1178 52 83 56 4591 4457 4571 1045 4085 3087 2920 2043 3351 2949 4724 786 2587 2200 1866 1007 4980 1629 4162 897 3469 3622 4450 4927 1456 1172 2510 3425 4940 4548 3219 766 2695 1271 3536 2597 799 357 2804 2799 3342 3760 3526 3824 1473 4483 3219 4305 831 72 3316 2306 3703 2346 1005 305 4719 696 1774 303 1236 3687 3645 3692 1198 2059 3114 2921 4148 4382 2656 485 328 1794 4447 690 4449 2903 1721 4939 2881 3227 2415 2442 3921 2555 3874 1510 3787 3523 2332
4272 712 4639 871 1427 1146 1341 384 352 2556 3029 3764 1166 226 1300 989 1682 2193 456 2747 38 4790 3630 143 4316 833 873 4859 4520 4287 2971 4965 1900 4565 3042 3358 321 1339 3465 3208 1115 335 3825 576 1190 2478 3446 4286 4201 19 704 510 2885 2791 4331 1314 1763 3274 2522 3801 4664 4936 3285 2998 571 4079 2170 2273 2254 213 2055 4890 1335 3938 2570 2231 4120 3155 723 833 4499 3450 4482 2623 3024 2862 3049 4201 4429 4973 1262 3919 3723 3982 1546 957 2189 1200 4468 96 4250 2034 1887 2709 4508 4116 4859 3949 2333 3342 2402 4396 2892 276 2813 3385 3520 3125 1743 4972 3372 1071 2400 1525 1097 2379 282 1509 3954 2817 515 2093 105 1165 4293 1611 2124 4595 4530 631 4809 2136 345 1907 3787 3023 3327 4144 2385 2167 794 4004 3365 1984 3134 4169 4715 4832 4998 2134 990 3242 4065 500 2548 2354 403 3091 4733 350 1872 4248 2162 1519 4060 2489 1683 3131 392 2895 863 3822 4370 515 505 3920 2686 674 2661 2175 4112 1342 1332 1513 2581 3868 932 4207 4739 399
1610 167 1986 4399 3835 4100 3004 1860 2650 2630 2994 507 4073 1073 1258 2750 1705 1057 167 3030 2297 768 3673 2764 2605 548 1239 3880 1326 116 3303 1900 3826 3630 2502 864 1905 4636 1484 1372 2217 2964 1922 2259 2673 4785 1076 1362 1561 2936 2500 913 979 3464 2197 4621 2667 3837 1827 3420 1573 1206 4959 3275 1500 4810 2064 834 4046 2447 1578 769 4898 3234 4787 3067 3061 81 3618 1127 1011 4132 2589 4695 2732 693 1023 2013 1501 1153 3330 4034 3939 4474 3584 3467 1654 2760 2357 866 1082 2781 1170 3931 242 4194 2935 1332 1496 3635 2378 1400 4156 920 1354 190 4020 474 1323 3370 2478 4250 2438 3096 2852 3502 591 3380 1520 2106 2678 936 1595 2992 832 3448 4755 3681 1595 4451 2438 3381 2499 425 456 3225 552 2281 3181 2050 1621 4686 3118 1185 1456 2062 3154 253 3525 1704 2916 666 1333 1591 3815 1135 3868 2323 1474 4238 2318 3178 3935 2011 3156 75 4599 550 380 2430 4845 4225 3958 2322 4615 735 1246 3160 61 1697 4725 1258 3578 1475 2988 1829 3395 4351 511 3686
4365 572 1856 46 2213 834 1465 1911 2887 1408 3996 2542 4289 2575 506 3823 2482 3249 1886 4008 4445 46 698 4835 4978 3392 716 3212 2201 3750 3553 4565 3630 4273 2559 3552 1384 1425 3165 3396 2992 1351 3221 2026 4397 862 1596 712 248 4558 2099 4041 483 4311 4207 108 1849 4259 1231 2323 400 1026 105 140 2634 2449 4156 485 192 4836 4245 2230 3119 2603 3602 2777 4945 3701 3550 2612 4160 388 4496 832 3296 1541 1710 746 2812 4147 1516 692 122 3108 2377 3384 1490 664 1903 2984 4410 3942 4965 595 3449 751 3183 1428 4636 3330 450 242 3218 1194 1908 4910 1484 4353 2003 421 2589 2880 3027 3596 1953 4704 2847 2136 548 1962 3801 1470 816 1363 1874 3670 2350 4480 4855 2375 4729 204 4740 881 820 2003 2568 3793 3259 1379 4616 1167 4673 2639 3592 137 4212 2906 335 2721 4804 1286 2629 3706 164 2869 3944 2207 1063 2989 4127 3176 1715 819 4358 2403 153 2709 4396 2682 1379 3311 189 65 392 4179 1818 3492 3320 489 460 3773 1431 4682 2285 1315 4415 1864 1047 2674
4758 1195 4492 1090 2392 2333 4884 3868 3577 4769 4319 1583 268 4519 3164 2576 4404 1479 398 4253 3148 1218 934 2440 1571 475 4481 2317 4776 2887 3151 3042 2502 2559 372 822 422 217 941 2733 1021 2382 2238 937 632 2410 80 4322 1463 4561 3564 4424 3904 2993 2039 4422 4880 4648 3536 3078 2929 1366 3138 59 2888 1804 2228 3435 803 3085 966 1764 1342 4761 1841 3368 880 1826 2201 1951 2550 1432 3050 1909 3094 3777 4848 3909 424 1006 1539 679 1261 3131 3349 539 4563 538 463 3411 662 1313 3500 1513 2111 534 3967 3981 4910 1568 368 598 3553 2120 790 381 4175 1297 4662 1192 3354 3587 894 2758 584 4731 947 4095 1779 2036 4671 165 1606 3919 1206 2677 1600 162 928 3929 1703 3388 2295 3586 3246 960 2723 3647 4980 1731 2838 589 525 2402 2332 1347 4106 3825 2469 4927 1053 4935 2462 76 407 4127 3457 2523 817 3205 1831 365 1284 3526 3139 3810 570 4332 4176 1284 3816 889 418 564 3518 4623 2253 3215 3005 2433 1487 1300 536 3901 3743 78 4391 4362 1582 125
1779 3439 4994 2015 2202 3824 1310 610 3305 1182 39 1586 1048 1167 1780 2339 2698 1724 584 728 2652 1184 528 1446 3422 1428 1279 4455 196 2647 4021 3358 864 3552 822 1546 4334 1000 3699 2099 4618 3289 1947 3833 2406 2300 3349 1467 3328 4303 1952 4098 1509 4105 2113 598 1598 234 2074 1270 4057 3164 2170 4443 3723 3948 4286 1696 2141 945 999 1098 4498 4201 3105 2439 4263 4742 3756 3450 72 4785 639 1722 1863 1285 2539 4729 3306 3727 2307 4707 4750 1385 4547 3564 4430 523 2478 3681 1543 873 1686 3432 2758 316 2124 4438 4405 1338 3052 4422 2049 4293 1886 649 2859 4518 4266 2023 362 4622 2427 885 35 2489 4612 2323 4490 633 1048 1454 369 570 4471 1785 83 2404 690 2196 3746 576 1724 2169 4579 4273 483 3308 2839 1272 3942 4458 2230 1378 721 2526 4054 1940 3963 4686 914 894 4573 3918 1147 3513 1488 1838 2332 3297 2276 1554 4650 2139 2634 2540 920 1961 823 471 2904 2742 2804 1279 282 2808 2104 4680 2678 3983 1469 756 1186 1926 1867 2648 1480 3770 1937 888
764 1212 4700 1770 2021 4815 3256 4215 1268 3896 648 4560 1614 1536 3590 3992 1691 3457 1370 2066 2812 4280 4643 4129 3688 2089 2450 1036 1751 2816 1101 321 1905 1384 422 4334 2608 4677 1869 4496 2030 1950 850 2259 3049 4482 530 2876 282 1116 2666 135 4764 3799 4408 4026 1410 4459 684 2959 3738 1034 1458 975 605 4848 4218 4602 1413 3001 4061 3034 2579 4662 1339 272 623 2182 3293 328 197 3793 1256 4780 4658 4754 4408 1860 420 2736 2721 370 2842 2758 1876 3629 1034 323 2089 262 312 1868 4336 453 2490 756 4781 1208 4034 4071 2339 1336 709 4854 1023 516 3073 2715 4321 1585 548 3424 93 29 3676 83 785 1824 4270 1941 3712 2427 2765 133 2340 3398 1933 4739 449 1291 152 3684 3745 49 1778 3245 3784 1205 2150 2058 2278 2608 1847 4611 1667 3736 1206 3605 4603 2891 297 718 812 576 3358 2382 605 665 741 1346 4636 2052 1380 3639 2951 1245 2760 1327 1455 4624 4362 4450 599 246 1506 3320 4139 4724 1810 1681 4061 41 4873 4539 2501 305 21 577 3913 1530
1145 641 1193 3158 3903 370 963 4456 2813 4801 4176 2711 3463 1164 1093 1980 3819 4026 2760 1985 3709 489 174 4351 4753 3913 111 281 1934 2935 4621 1339 4636 1425 217 1000 4677 4759 336 3237 881 1979 4577 3549 4729 1034 1007 2221 3559 680 1145 178 956 4924 2549 4278 3968 2974 1237 1438 3632 4225 677 3604 4842 1259 3469 1197 1757 4534 4466 133 3804 2580 3877 1998 1104 3681 1470 88 4713 509 295 756 3665 4102 1933 3049 30 3739 4604 2692 3857 4534 4638 3281 2428 3154 1160 3424 4189 2185 3399 1944 957 2107 4980 1904 2766 1289 1262 462 3787 4525 603 4963 2574 2846 976 1844 3860 3153 687 4267 3482 2402 4966 845 3962 1631 3746 3905 3291 1038 2750 1927 4502 1981 2861 1037 921 3606 1725 214 792 904 453 2166 3964 3278 4328 24 4454 645 862 2261 1183 4009 2277 3505 3158 2562 4865 4967 1230 359 3862 4110 3593 2450 3841 3120 4457 276 2222 3916 3365 3154 4133 2173 3350 3835 3617 845 2966 3075 1441 4303 4986 4306 4928 3073 4742 1351 658 477 2080 2272 79 3839
3014 4108 3693 1024 3305 348 3428 4746 1763 3393 816 641 2718 838 4484 2684 4405 3792 1517 562 3665 2455 3205 3164 3174 928 561 4684 1859 3975 2528 3465 1484 3165 941 3699 1869 336 2879 4819 420 3640 660 1246 3164 1046 1726 2260 3528 403 1914 3368 4664 1047 2663 3999 3858 1320 1259 2052 99 1668 143 1400 338 556 1549 3893 3164 2531 2986 811 2900 2376 4170 2029 3130 4483 802 1523 3400 1270 1177 1595 2552 4831 2422 209 4545 1956 3572 3980 238 4665 4141 2041 3696 2192 4674 3151 1266 4389 1021 1319 4170 4784 4560 2832 3551 3016 1271 4163 4976 4576 2208 3369 592 4408 4678 4422 4737 3656 547 975 4706 1533 2714 3386 4095 1714 3038 2489 4820 2469 4974 3850 2463 1679 117 2324 2609 1007 795 3898 187 4927 641 3221 1378 3292 2107 3320 1901 4418 1251 3720 1486 3482 3850 2642 3001 3893 2140 3026 754 180 4943 3050 3122 868 3788 625 2933 1198 2196 2968 1214 3036 1264 658 2277 1981 3734 3282 1975 2549 3996 2413 4762 3308 3511 2825 58 460 2984 3701 549 1158 1852 574
4814 1668 3007 908 4889 2813 2703 3702 4353 2555 4754 841 560 4704 3852 120 4705 3986 2914 1119 2510 1587 2692 149 734 1396 3983 242 2375 322 2280 3208 1372 3396 2733 2099 4496 3237 4819 293 4095 504 3853 198 2982 2983 3160 4633 1413 493 1127 992 1839 3892 531 3174 3094 4907 2199 2349 2660 374 4870 1214 3169 2694 2007 2158 1567 2585 4355 2626 2538 3154 1787 2827 3681 3439 2301 3049 3214 1930 1261 4507 4864 2554 1672 4065 1400 47 3989 4100 4287 2293 1141 4884 1696 2085 3418 2905 3382 1212 691 2236 1967 4309 4503 3748 2581 4050 3394 991 3687 2772 2690 3335 3951 3119 3974 4156 4418 4005 470 4641 3194 2030 1863 1372 2459 2244 1311 475 2218 1780 111 1883 2908 4098 627 2745 4622 3054 2524 1780 3407 4513 1061 4357 2502 4936 4786 4647 2649 3646 2476 3037 1769 641 842 3924 3670 212 633 1402 1887 3416 3536 4982 2137 1979 267 413 4790 3987 4204 970 72 652 3731 2162 2715 4298 685 3754 282 1552 4308 921 437 452 4566 2083 2349 104 4292 1997 4316 2361 3495 1862
