N: 200
M: 60
Symmetric: true
Triangle: false
2 90 186
2 189 168
3 72 28 55
1 179
2 140 147
4 116 158 107 58
3 62 156 11
3 93 162 185
1 39
3 114 41 175
3 47 111 176
3 73 124 38
4 129 63 139 33
2 134 24
6 105 121 80 120 161 98
4 22 76 191 78
3 192 199 48
7 160 79 65 18 64 102 190
6 95 173 45 101 149 29
1 130
2 169 6
5 94 122 187 3 92
2 77 4
4 1 81 21 155
1 180
5 142 27 165 75 157
7 74 167 43 138 61 52 70
7 113 196 26 91 109 194 150
5 8 20 71 159 30
3 50 68 56
4 83 166 10 40
1 143
5 14 141 137 85 183
3 60 118 17
3 42 88 174
6 89 170 154 112 103 108
2 178 44
2 100 82
4 115 46 197 19
2 51 126
2 188 59
2 86 177
5 195 163 171 184 106
4 153 182 132 135
6 54 53 9 148 16 200
4 164 151 123 117
5 125 32 145 31 144
2 181 119
1 34
5 87 35 96 2 99
4 15 25 7 97
2 146 66
4 67 198 136 110
3 49 172 133
3 23 13 69
1 57
6 131 127 193 152 84 128
1 12
3 37 104 5
1 36
3214 3296 4390 3863 4862 4459 1081 3394 1951 4821 4716 2109 339 3992 4147 4899 270 3898 1711 4913 581 586 2867 348 2052 3422 3612 3701 2074 623 433 3690 3477 1971 1579 3732 4044 1803 4326 1652 3635 1256 4519 2816 317 3222 1407 2629 4087 4923 447 2948 4043 3023 2934 667 3796 2778 3519 4600 2182 849 4566 2506 2311 1392 4788 3049 3054 4897 702 3402 4147 1049 1230 1939 4205 1790 3344 150 2583 3388 1309 1797 915 2948 4717 1454 4183 228 2656 50 2104 991 120 1923 211 3890 1344 4357 845 237 4683 4352 858 2027 806 1659 1729 3955 1887 1976 2346 4453 1866 632 4144 4129 1980 2626 1113 2873 3897 2519 36 1471 2892 220 1657 3402 4848 869 2681 1178 706 1880 4949 1941 3746 1330 4312 3015 3670 3958 4093 3585 1102 4111 1254 988 428 4464 2173 4003 825 215 195 3289 932 4794 1114 2630 453 1464 1145 3115 3661 2183 1004 2344 3467 881 1675 2716 2030 2500 1657 1206 873 1835 4719 657 1022 1789 3726 278 2482 3075 2894 3329 3588 4993 1075 2219 4523 2927 1210 1315 2648 4997
3296 4982 4584 1710 3887 2519 1346 2760 1967 4886 896 4691 286 943 4222 4615 367 1804 4057 878 1809 2576 1017 4801 2668 1410 2638 4082 2608 1200 234 4566 824 1360 2073 2830 3310 1800 70 4875 1432 3630 4499 2534 1059 4455 2360 1117 608 1969 3059 317 3506 1175 3831 2616 4196 4130 90 2054 3761 1363 4362 3055 1427 3634 2389 3385 2199 4194 3979 3200 3732 3493 4673 2197 4207 1758 2289 3009 920 1052 3321 2061 3111 2009 1482 3528 1489 1003 2222 556 2731 1777 4407 3842 3782 1268 3975 476 1179 4308 946 1553 4737 3745 4664 2680 3331 4974 2088 1849 790 4657 4788 2719 1210 2884 3730 3630 4570 4011 2112 178 3542 772 962 4197 264 4496 1325 1530 3847 3733 3606 2574 3393 1114 2466 497 3375 2773 1399 273 2720 559 1191 4133 2489 3974 3572 1537 1552 3031 1770 493 1619 1129 1300 4106 3060 4396 1024 3774 3094 4265 4913 1772 4432 891 2011 195 776 560 2600 1126 314 2072 4868 1778 4676 428 1752 3096 3044 1529 3273 886 3304 4399 599 711 1506 3169 1151 4533 4780 3986 496 2292
4390 4584 562 149 2873 4211 995 1459 185 219 118 985 1779 3720 781 4910 2252 438 4996 310 100 4218 4271 752 550 3193 127 2395 2658 3089 455 3602 79 2175 1417 145 3836 3955 882 3260 2927 1261 4677 1707 1344 3099 2481 2860 3284 3624 2820 1130 3271 4944 4197 4596 1995 4574 4844 589 3880 1109 3003 2254 4978 4046 1023 4128 4106 564 2461 4317 1408 2490 1558 1368 4253 1576 4974 1022 1193 4236 2772 4213 2667 4256 571 1503 4869 3161 2969 2649 82 4270 2223 3212 4372 1124 212 3943 1530 1853 1378 4727 808 2141 2001 1732 3247 508 2936 2565 670 2884 3739 542 4276 3112 4896 3230 3305 1522 3581 136 1974 1151 3746 2644 2357 3415 2904 2947 676 4936 819 1586 1506 3150 4784 4089 4644 2401 2313 3025 1374 3851 2012 1086 4992 1742 2938 4308 405 4856 2494 1037 4369 226 1733 1410 4217 3972 2473 4289 3728 4944 4569 942 3189 2812 576 354 2861 2886 1535 4864 1083 1879 1898 510 1479 927 3966 876 3169 4148 4467 635 4947 4715 3096 1529 3446 3492 4550 2956 368 4381 4565 4207
3863 1710 149 3506 4291 3987 2761 937 1856 2840 3586 1302 782 1865 695 554 3543 2932 1954 2156 3803 358 1765 2867 895 2833 2223 3303 1260 3957 3508 4854 1068 4974 2150 17 4549 3244 3709 127 3946 4967 3787 1188 2329 2095 884 3482 2886 1070 3764 1798 4753 1807 1522 527 4665 729 1593 2859 1991 2715 530 4112 2300 2878 2708 1560 1492 3689 1095 1071 2562 2516 932 1408 4857 2056 2701 4334 1537 741 2925 1931 805 847 2545 3360 4712 2897 594 3837 437 1204 3171 3193 2871 3571 417 2072 4330 903 3373 2651 3363 405 4634 1770 1277 3829 3453 3749 291 3514 4255 771 4963 3415 3018 4151 2461 2588 1414 3891 3894 4303 277 3832 2215 1163 903 2285 1390 3727 826 4956 1897 915 4895 3005 1433 1185 4027 2230 2613 2255 4919 3877 2651 1874 2964 780 3140 2888 3619 2239 3347 2598 4044 2437 2001 267 2480 4529 2427 2225 3920 1345 4153 4400 4223 2038 2616 1947 4334 2799 1902 285 2598 3916 702 1271 3277 2385 1648 1678 3542 4448 2853 354 2565 487 4820 2496 3910 4173 3821 680 3413 2501
4862 3887 2873 4291 4465 2423 2670 4027 4508 3438 2009 2082 2931 495 3720 1277 3030 4139 144 2856 1965 3143 4641 3063 1810 466 4359 4045 901 2101 3984 1541 2909 1996 1930 2835 156 4808 3394 1136 367 477 2218 675 125 60 3229 4316 3107 3462 61 1427 3374 4840 2208 988 507 849 3790 188 4630 532 2774 3604 2646 4541 4859 4357 1475 3732 3954 2575 283 4625 621 1792 2282 2163 3223 1718 3546 2525 59 4124 1075 4076 535 3627 3075 790 3990 3090 4234 3117 693 2092 4431 2627 3466 92 4061 2298 1163 4005 86 4317 2592 1633 2563 1195 2024 1754 2617 4760 902 2294 1495 1762 471 1309 3168 3176 2324 2807 3914 1794 1249 2235 3741 2937 3636 1381 721 4628 761 1933 4309 2305 2253 3898 2821 1607 1578 4486 1843 2750 4556 4457 234 2496 1633 3330 3282 14 2630 1527 1985 3669 734 2124 1249 1827 1053 4320 4149 411 2138 1718 3514 2271 4941 303 2610 2436 2759 3790 1917 1858 4359 3993 2035 3117 2107 1055 2510 4257 2577 1473 4419 2246 1059 2622 1928 229 1182 131 2377 1860 4247 4807
4459 2519 4211 3987 2423 3992 3539 378 1289 3078 1176 359 2325 4780 2332 757 1285 2025 4473 4861 2123 4743 2408 3811 3455 1158 882 637 4697 3777 3031 339 1786 3435 649 4109 1427 1870 1228 4744 1676 1243 2551 1664 2783 4710 4260 4497 778 4709 3137 3576 1412 1466 3630 2652 1759 1986 3602 3764 980 1145 4367 727 3448 2863 3840 1258 3975 2683 1326 4074 1202 3475 3044 2985 4063 670 3373 3193 3894 1840 2341 1260 2283 469 1039 3457 4942 2025 865 1672 4695 1735 4468 3280 1710 1570 1049 474 980 4892 1697 3660 2938 3799 3679 854 3709 3207 1130 4945 4528 3703 3995 3755 501 567 3943 3950 1451 2945 862 470 2186 470 1627 2515 2904 2791 916 3947 2218 4426 811 94 4446 3732 3886 1393 544 2075 4228 486 1297 4093 4274 436 459 242 3513 649 694 4388 812 4226 3526 1042 1330 4712 1703 2671 4692 3050 4151 2546 1948 4665 1231 4489 3006 177 4359 1967 1507 4915 438 3901 1565 274 3198 10 2098 104 842 1664 3767 1730 2809 4480 1844 690 2631 2440 3997 3714 3016 1814 2395 2900
1081 1346 995 2761 2670 3539 1967 4574 1913 3524 1059 3305 2598 682 929 1514 1460 732 2716 4080 4879 3864 1676 2631 510 1288 961 483 1707 3971 3532 2140 3681 2311 4148 4806 4929 1181 1492 2043 2629 633 3414 766 3818 1627 1298 3029 1362 3995 3868 4797 2577 427 2091 3320 4556 754 4810 2850 2724 4480 1599 4345 4472 3313 3228 503 2977 3667 4927 4261 1821 4079 1330 3805 1935 3299 3102 1733 3422 2059 808 1601 286 4783 2886 4991 2788 1866 3828 4465 4317 3505 661 3839 3423 3101 3862 2420 4034 1643 2778 974 3862 1443 4352 814 3463 1896 3065 1947 725 1065 3204 3343 416 2202 4863 2411 58 1258 4824 376 2447 2466 2385 4294 1135 384 4937 3022 3630 248 1154 688 3387 3145 3879 3600 1484 4016 816 4963 3404 1464 4535 1205 1973 3300 3067 2771 1050 223 4169 3378 210 2701 4091 2699 4470 1527 4580 3938 3997 4824 2863 715 4120 2932 4464 2454 727 1469 349 2938 1846 717 686 1067 4244 4796 3313 2536 1693 378 3549 4850 136 4412 1006 2815 4175 1826 1723 2221 4588 3903 4963 314
3394 2760 1459 937 4027 378 4574 1860 3469 1127 1138 4770 577 501 2901 2465 4901 1922 4645 4451 811 58 3946 4649 1344 2860 3264 2463 2705 824 2924 4462 2840 370 4472 2812 449 4060 2715 3896 1999 4026 1008 539 774 408 2000 3588 1867 4059 3386 1487 2540 487 1638 2074 2130 4852 98 1675 3556 2591 4087 2445 2470 3028 1189 3094 2032 3251 2809 135 3905 1679 807 1020 3339 2015 2022 3979 3075 2192 950 3326 4122 3239 4351 977 269 702 3650 157 4482 1932 1939 1257 1536 1613 1161 4480 2473 2324 3982 3310 720 4019 2593 762 1797 2795 339 1379 1348 197 4583 4140 1953 842 458 4518 4932 4149 149 2000 3655 3040 2176 645 334 2836 764 402 2639 1847 4562 3043 3108 631 1405 665 2664 1632 1666 4102 2080 3776 4007 1555 2926 4446 252 3209 2254 3672 1256 2014 1080 3361 3871 4390 1769 747 4772 583 1764 3530 4929 2552 4492 1445 2526 1575 4224 3639 4368 971 2412 1028 1358 703 4825 4986 3777 1930 380 1815 4939 284 1684 3131 3316 442 140 251 3681 938 1436 290 1763 3220
1951 1967 185 1856 4508 1289 1913 3469 2524 842 2541 3274 3337 3582 1675 4368 4762 2780 4323 4416 640 4203 517 3996 1982 646 3058 3878 4646 1187 1631 1889 4052 2399 1429 492 1653 1744 2244 629 805 4192 3509 1814 2578 1225 2402 2736 2356 1761 2469 3573 3726 3455 3479 1692 2216 1052 2312 1564 2794 1082 1797 4245 25 4349 4619 4744 4551 2825 2414 4795 3360 1379 4218 4761 864 1631 1424 3694 4014 3526 3081 2710 2864 1133 1925 1913 3341 3873 3753 2776 889 4435 2140 1879 1532 876 4769 4459 4403 3847 2512 4668 4194 2109 1173 2011 2061 509 3514 1073 711 2503 685 2528 1598 1341 736 3169 495 449 808 4466 2236 2293 2112 1134 159 993 2100 1375 2567 4588 74 3755 4143 3288 2336 2113 2479 1124 3378 173 1523 616 521 722 399 2522 4563 1273 2207 3731 2234 1452 271 2262 2184 1518 552 3568 2457 984 229 1070 3811 4695 326 3022 4725 2493 4072 965 4508 1013 1938 2393 4560 115 4514 3118 2976 848 3747 1418 3493 3129 1173 50 68 2959 4955 329 3171 4274 2369 2979 1627 4213
4821 4886 219 2840 3438 3078 3524 1127 842 3347 262 4957 1974 2161 1902 2022 1097 4481 1864 805 4138 2716 3947 215 138 3991 1854 3400 1042 4218 4642 1484 1764 3009 1692 2141 4826 381 1668 3103 494 2759 2580 3750 1021 4109 833 3832 28 1282 1066 2510 528 1651 3727 433 4030 3307 56 4331 3997 4690 3249 2331 1419 1630 1986 2517 4054 3177 1928 4132 4181 641 2052 1399 4765 4423 2897 1213 2853 1192 506 2487 4624 69 3940 3454 60 1718 2704 3900 322 618 977 4864 2545 174 4403 4253 3795 664 3274 2812 572 920 3525 2360 1720 1776 1303 846 2854 1136 2620 3068 344 2795 295 4666 142 4567 3540 1308 2184 4626 283 3045 1235 607 497 3801 4801 4791 180 1589 4768 3027 2536 2541 3012 281 991 2120 1218 1097 1170 4584 4579 3676 1085 4302 2263 1340 3533 599 3876 4333 478 3055 642 2342 4375 2093 4710 3193 3480 4722 2152 1395 2088 596 3322 1549 1597 2492 2325 2898 3396 3861 1520 4992 769 3154 2566 614 3812 263 4394 4010 4323 4843 1033 519 1802 1981 716 4233 3544 2025
4716 896 118 3586 2009 1176 1059 1138 2541 262 4631 2703 1269 3713 3775 4468 2801 1925 4949 4068 3363 3716 2706 4590 1662 4501 2173 1683 4883 2674 1573 923 3245 4555 2824 3543 835 4963 1877 1431 2781 4892 204 1156 4933 4603 4060 2517 4571 797 2146 3761 2896 3794 625 1635 4425 580 4325 1432 3001 830 3438 395 2907 3555 1272 2668 3280 1484 553 22 672 1963 3568 1373 1652 1729 896 1543 4043 3923 4391 3087 2525 1573 3864 4041 3745 2282 4729 3722 3472 1662 4626 661 211 2354 1039 4834 4456 3417 2430 1781 66 2962 1727 2231 3776 1712 3720 599 3764 3119 4144 163 2767 1423 3179 1783 694 3140 1605 2811 1221 2969 2325 2556 2065 4760 1020 1564 1060 2969 2207 4676 3554 985 2257 1893 4956 530 4087 2915 694 4440 4451 2183 296 1430 2345 4339 3535 4204 4340 650 870 2082 138 4996 3689 3683 4916 4434 232 1350 770 4208 1304 2839 4980 4169 4050 1603 974 3571 1035 3204 1362 3457 4664 4700 1313 493 3395 4608 1651 950 4453 2894 250 3679 1025 234 1777 2363 4081 4937 2148 4903
2109 4691 985 1302 2082 359 3305 4770 3274 4957 2703 2005 3600 3768 1263 1876 2769 4749 688 3465 2564 264 2778 4764 2488 4171 270 96 792 678 512 4409 1807 2668 1501 1821 2142 3007 1441 3027 2533 1991 674 2634 2373 1188 20 419 1693 432 2951 4020 452 4333 4779 1003 4729 109 3646 2633 740 2284 1939 3469 1167 1432 4039 1063 2984 1589 4562 3717 2221 1900 3974 2218 3964 4907 565 1015 4974 2130 3420 1947 4444 2172 3474 1101 2630 2923 3183 876 2942 2863 4656 3359 4274 420 4266 3664 2327 1919 2647 20 2991 3237 196 2197 698 4570 128 2587 44 116 905 78 3008 3025 1280 172 2024 943 4686 63 4947 2258 1675 1436 3399 4354 3997 2553 1408 2532 2353 3702 279 1927 4904 2758 2770 4152 4832 3581 1516 2265 1861 3058 1323 3471 3963 3127 4988 4565 1990 691 1810 2032 3925 729 3285 3582 212 4552 4709 4291 1240 1067 2747 3612 3480 3637 769 1492 2373 4239 3886 1750 1880 2210 3211 4471 4040 4077 2705 3306 2818 3456 4186 1946 62 4113 1903 706 2406 1130 3994 120 4210 1842
339 286 1779 782 2931 2325 2598 577 3337 1974 1269 3600 4417 2142 1202 1372 2663 1631 218 1805 1869 1689 495 1425 3826 1701 759 1366 4651 495 2774 4231 3871 775 4821 4668 3333 3471 2015 2139 1676 2707 2413 3300 1676 371 2331 1097 2253 3246 527 4115 342 4777 3540 978 4637 703 4241 2340 1067 3175 3942 1154 2500 3008 4592 2925 3850 535 478 4030 2801 584 381 4398 2048 2062 4927 2510 3413 4987 1717 675 1172 1808 3972 2402 2702 3500 645 852 4964 78 45 258 597 4507 431 4490 3275 3933 1536 3594 2343 3999 4783 233 3616 314 4305 2182 1086 475 184 4188 3704 2184 2658 4523 1300 69 543 3126 4245 2938 2768 4839 3585 468 4641 4098 4885 1937 4720 4446 1080 4098 4036 3180 3530 4099 4526 1522 4539 2321 2542 3495 2112 3569 3431 2959 1639 4147 655 2283 2401 3924 2224 1765 1742 2660 3677 3624 4853 636 4245 528 4709 718 2372 2176 1842 4693 3119 4651 1077 2083 1066 4847 4681 2138 3043 2800 4626 1562 2440 4969 1768 2340 2135 3878 3935 1137 4374 3387 2417 2403 1326 953
3992 943 3720 1865 495 4780 682 501 3582 2161 3713 3768 2142 1051 1706 2733 954 2593 475 3955 3607 3579 4225 1622 3309 4738 2620 1259 4323 2989 1870 3569 661 4789 4207 245 1207 3073 2767 927 3325 1065 1321 3880 3005 4673 4657 58 2332 563 685 2503 3034 4082 1420 4130 2570 1054 1118 3966 659 2878 2252 88 2978 4059 3667 3307 3595 2983 1959 4031 3536 3910 4904 236 2175 2099 3971 4730 576 3451 3817 762 2859 3640 1941 1463 1693 2270 959 3765 227 3780 979 183 1996 867 3198 198 291 4580 1296 424 2350 75 4077 4353 4356 1650 4709 2060 2844 3579 1252 506 4026 4065 1628 162 3113 3313 4436 3355 2649 1523 2246 504 2781 910 3399 1274 4223 493 3493 4881 2768 3452 1507 4007 2598 1781 3763 113 2202 201 422 2187 3603 3765 250 2015 1830 1480 2413 4470 1927 1377 725 1145 1675 2100 247 4709 644 4503 3971 3528 777 2677 923 1006 2086 574 4455 2088 4757 1775 3290 766 643 1587 4656 2419 3343 759 3798 1472 701 4248 91 3023 3386 629 3756 1899 2938 2941 1266 1140
4147 4222 781 695 3720 2332 929 2901 1675 1902 3775 1263 1202 1706 2777 1462 1205 3792 1335 2864 4849 1212 4284 853 1124 3006 4868 438 3267 4367 1974 2045 4085 796 2240 1284 1389 3309 3496 4470 614 4261 4932 4511 3568 4712 1286 4465 4783 1289 4198 2139 1417 1968 3669 4272 3688 4938 2520 708 4090 3656 502 1886 579 3923 1915 4538 2669 299 395 360 3289 3812 607 4662 2450 3026 4835 1075 925 4879 2147 2944 4136 380 3790 2198 1887 649 4351 470 1093 4682 1798 2118 1056 1713 141 281 2940 751 2562 2916 1946 2580 1251 1266 2745 1536 4527 2899 2539 404 3986 956 1545 3506 4601 2302 2076 362 1207 4741 3280 4111 4831 4234 2306 1250 807 1159 1848 3069 1770 2166 1402 4903 920 4374 2677 2841 3597 4403 3614 4750 2839 3890 1852 4861 4797 4366 2311 125 202 4978 3281 3072 514 3323 4186 4756 622 2950 3712 1482 4964 2218 2851 1948 724 4176 671 3027 4903 1788 3803 1177 2532 2483 4618 4786 4984 1861 3549 4681 2689 996 278 1818 2776 3421 884 2054 197 4101 4479 3781 845 560
4899 4615 4910 554 1277 757 1514 2465 4368 2022 4468 1876 1372 2733 1462 3719 4931 1702 824 546 4901 1464 1656 2137 2028 2191 2821 1067 2963 2571 1058 1610 3313 3933 2106 1143 3066 109 777 4097 800 761 4118 4281 3244 1146 160 3229 3809 1796 2959 4576 3853 4850 1984 536 585 2437 4242 4048 3676 3789 1777 3516 3925 348 992 4986 1073 3960 1872 4752 1499 1876 478 903 2533 2429 1803 501 4677 3151 3477 3523 1891 1293 377 1289 3099 1192 960 108 3379 1460 1848 1468 4250 1201 3608 2354 2422 1635 1027 4870 11 1481 1799 1404 2857 1672 2478 60 3588 694 211 985 1746 819 3932 771 1400 4671 3271 1694 1996 3198 2239 4284 3230 4550 3003 776 4974 3110 4391 1075 3217 1745 2447 1526 4857 3849 3928 2190 915 4290 4443 3116 3971 2823 4764 1243 3627 4247 387 1632 4269 2655 3106 1230 59 3919 807 2914 4026 4556 3809 2777 594 1334 748 2179 1840 2449 4543 4591 4462 4812 2063 1438 2429 2289 3922 2690 1797 4953 2678 4165 523 1232 4455 4028 3390 4514 4406 2523 977 3695 1118 3849
270 367 2252 3543 3030 1285 1460 4901 4762 1097 2801 2769 2663 954 1205 4931 4841 839 3838 4897 648 305 4962 4154 4545 291 661 3193 4469 1885 4214 3162 2450 3903 2360 2580 1286 2642 3164 803 84 3714 3568 3880 2918 4413 1767 1624 623 1744 1346 2944 237 2793 3814 4253 4922 3209 4960 394 2663 2140 3970 895 734 1929 4008 2834 1499 2749 2095 2077 3510 674 2581 3368 4894 2100 4340 4188 2189 2853 1979 3363 532 4760 4050 605 1522 379 2353 1183 2410 2684 4345 4684 890 2345 2689 679 3141 4594 816 2285 3710 1282 4779 262 2092 903 1549 3371 2330 3635 2380 1708 1459 4021 495 2298 3145 1277 1966 242 3517 1226 2061 2576 4840 3892 4875 3807 3116 327 1462 25 208 1954 1844 4120 282 3534 1627 3268 1802 3152 3910 1985 315 2900 1363 3295 1806 980 1628 4276 3520 3398 1241 4230 3436 2655 3133 2594 3642 710 4679 167 3751 4358 4906 4377 583 1555 1213 1449 1483 2528 4676 4878 1075 95 1104 1941 4301 2464 639 4310 4035 3854 4186 2067 160 3547 2031 3422 38 1514 3675 828
3898 1804 438 2932 4139 2025 732 1922 2780 4481 1925 4749 1631 2593 3792 1702 839 3609 2393 1253 2779 1037 3279 1871 4545 771 351 1475 3157 1521 1057 4234 702 2094 4945 3827 2560 2809 4578 3072 3418 4829 2802 4889 1998 1739 529 2275 1165 3909 2087 3170 4182 4341 3187 1773 3448 2677 1480 611 3488 3096 1751 3688 1447 953 4799 1154 1169 4425 2753 1859 2148 1061 456 2167 4572 4422 3935 1997 1878 3716 2201 702 3767 3633 4792 2586 4120 4295 2015 3936 613 636 763 3794 3539 193 744 3715 4375 1796 2888 4275 4180 3648 3889 4840 795 767 1300 681 3462 4912 943 2418 1269 2237 3572 2788 2119 4708 4921 3737 2336 324 1664 4149 1765 3586 3598 4334 934 3571 1430 2645 4828 3953 4751 4788 2976 1887 328 2512 2630 2607 4338 2014 2640 287 341 3841 2003 4911 4589 3789 944 2232 393 2312 375 2053 4619 1756 4416 4391 523 3915 2978 3326 4117 2983 2342 2007 4888 768 1347 2279 1522 1915 2481 3347 523 4608 1483 1830 1776 2858 2788 4534 4297 3324 4951 1699 1442 114 3632 2610 3778 1319
1711 4057 4996 1954 144 4473 2716 4645 4323 1864 4949 688 218 475 1335 824 3838 2393 4661 2532 2745 2367 3677 1508 809 3964 2421 4924 1547 501 2017 4460 3911 4228 2326 1362 2279 465 2308 4091 4170 4502 1936 4511 1505 3177 4752 3270 2416 2910 1535 657 1089 1474 924 659 3321 4490 3624 1209 2622 106 3217 3501 2862 3578 2182 1294 335 4831 30 1115 3266 1950 1419 2548 1614 4725 551 4961 4038 3942 1526 3998 743 3944 599 4642 4331 4965 1603 2700 2746 3997 441 775 1612 2554 2561 2359 69 2274 2257 1162 3078 3508 4084 3964 682 3305 2737 1501 130 1493 1253 4785 1960 2752 2323 1045 128 811 1439 2707 4952 1655 1119 1679 300 4689 2711 2592 1253 1541 3969 2340 3089 4091 2201 2761 2374 4053 3133 4640 1101 642 4600 4493 788 1095 879 2439 3302 2072 4145 4359 3578 3289 4099 4884 2688 3133 890 1564 4705 4507 982 2473 4087 666 4679 2226 1071 3834 4906 4961 1516 3438 919 3262 2523 3301 3926 1570 459 3088 1606 674 4755 717 3667 3706 1668 1140 678 1059 1196 4731 2130 3677
4913 878 310 2156 2856 4861 4080 4451 4416 805 4068 3465 1805 3955 2864 546 4897 1253 2532 4474 3879 2082 343 945 4116 833 2292 1048 583 1176 4360 3841 916 2301 3152 464 2264 4795 132 4972 4512 4766 1684 2397 2440 728 4927 28 863 4394 2937 400 4152 3527 2022 439 1823 3636 4779 3524 1988 3539 877 2157 1153 4200 4464 2280 4226 688 2070 574 4936 4113 1793 2461 4886 1497 389 1359 1863 1277 3114 2418 1943 3904 2841 4043 3090 4690 2746 272 3877 2317 4847 1203 372 2034 4622 3783 3027 2303 3226 1694 4573 3877 1968 4366 3306 3772 1228 2019 3558 951 2125 3575 3811 1481 821 2315 899 4167 3690 4155 1103 392 2626 4411 4980 3334 2060 3351 934 1110 3822 560 4023 2668 1329 1428 1819 4342 4556 3797 1999 1335 2999 1479 667 3122 3575 4688 3356 2478 1837 591 2298 4370 860 1879 1715 413 2664 3223 982 1049 1554 3551 2459 2270 1089 2874 3889 4346 4970 2258 61 2837 1758 1931 1012 960 4642 473 3521 3636 274 4212 241 4412 1835 4566 4517 3971 4894 3554 533 4393 3309 793
581 1809 100 3803 1965 2123 4879 811 640 4138 3363 2564 1869 3607 4849 4901 648 2779 2745 3879 3320 3414 753 1261 417 965 4392 313 1916 98 14 4668 3490 4248 4456 2317 4453 1288 2038 1389 4829 4523 816 630 329 3416 2933 1224 2855 3698 1530 1818 4461 4564 1688 2084 4223 2692 3497 4830 254 985 4975 1795 4468 4900 2875 2599 1776 470 2520 259 29 1201 477 2444 300 369 1840 4659 3123 4309 3185 968 1193 1575 2789 1768 3936 2277 3442 4533 4241 3874 4322 2593 3486 2982 1507 3616 3948 1724 2394 4056 2856 4985 4352 2167 3859 979 4797 4206 2094 1933 4297 620 33 2136 4119 852 2430 3847 2442 3262 1161 1073 2517 1752 227 3030 4055 243 4835 4043 3608 3003 766 3358 3944 3984 4295 444 1024 2913 101 1832 4626 252 4554 2547 1718 2402 2444 3051 4357 3028 4712 1012 3734 1420 3473 1547 2256 1296 3754 4823 413 604 1979 263 4638 1658 2998 2425 248 1993 4544 4066 2491 557 879 4956 3530 2002 4039 4912 4726 2570 807 4115 1635 3234 4948 2940 3792 3907 3728 4923 2929 1183
586 2576 4218 358 3143 4743 3864 58 4203 2716 3716 264 1689 3579 1212 1464 305 1037 2367 2082 3414 1864 3174 4069 2350 4931 885 2841 2841 429 4910 1017 4182 158 3632 1656 1787 1813 2858 2915 2584 3648 986 4114 3182 1750 2144 2635 1586 4238 2952 3547 1466 2786 2759 3018 2244 2222 3002 78 222 1020 536 473 3098 2545 1922 1059 3486 3008 3775 2560 2999 544 161 3321 558 2521 1027 2944 4830 1476 1563 2771 2255 685 2120 214 1345 2017 4266 2927 940 4957 2186 1714 4460 4439 4328 3318 1117 3407 4780 2650 1785 1943 4564 1896 4902 555 2653 829 4187 4416 3819 2248 1486 1822 2154 268 3254 202 4670 262 1025 4253 1010 1870 1377 2566 318 533 563 2434 1151 4433 3060 611 240 578 1761 2717 627 1641 774 3811 508 4583 1064 2152 98 4850 2497 1900 3502 3717 4804 1957 4833 2522 1569 4539 4136 813 3244 1245 3099 721 18 747 3486 3750 3351 2299 2110 3393 2736 213 4116 4829 4494 702 1989 3021 2795 2772 2505 2977 1861 2567 1822 1763 1354 4664 4074 3237 4810 4226 4766 3802
2867 1017 4271 1765 4641 2408 1676 3946 517 3947 2706 2778 495 4225 4284 1656 4962 3279 3677 343 753 3174 597 4317 3077 2760 1837 3715 4504 1484 3168 3235 30 4126 4242 1931 1562 3555 4201 2562 392 4288 3892 4708 3668 4283 1981 237 2689 1304 656 4856 4420 2639 2478 3129 2407 1860 3201 1318 3174 2245 3787 602 4353 899 1381 1476 4459 1102 4092 3616 3828 4389 2092 1127 4113 3387 4687 229 3592 1679 2874 4631 866 2753 3327 4360 147 2588 2608 870 4292 2906 2616 828 3533 4394 1227 1296 410 2967 2418 4436 4897 3466 1647 4202 3239 4428 2758 2189 1250 3323 4738 3193 466 1185 3256 2065 3766 3048 2128 2193 2321 3870 4364 708 1984 164 1588 3695 2050 1444 4521 2949 3729 1040 3285 3976 76 1362 4016 1415 1844 1998 1445 3955 2212 1119 2583 453 4326 3753 3511 4216 2054 2470 3843 2573 3237 1188 3125 3386 4011 4576 1712 1958 91 4775 561 1729 4454 2387 4224 2968 1824 1437 989 1172 3444 3124 3566 3991 2054 2883 796 4755 3836 1872 4639 619 2683 2021 2848 3045 3281 1926 799 1048
348 4801 752 2867 3063 3811 2631 4649 3996 215 4590 4764 1425 1622 853 2137 4154 1871 1508 945 1261 4069 4317 4150 691 1186 2097 2747 14 287 3153 4762 2852 3494 2284 3747 990 4698 972 3458 3603 2614 1078 4097 2411 221 1751 567 2204 4745 4832 2878 2695 340 2033 4632 871 81 699 1359 636 803 2350 3937 156 2508 1360 765 4453 4223 4435 4126 2826 3300 203 3480 2869 103 4457 3676 1072 1089 3835 1694 2119 4415 3896 2475 3658 484 1207 4038 3117 862 115 3116 380 1234 1137 3698 1128 517 1583 1344 3423 823 525 1208 953 2954 2322 4673 4251 4801 4919 4225 3550 1358 2822 1417 4392 763 3949 3946 3931 317 1010 762 3691 1480 3096 4882 1422 4014 1441 4471 195 4382 2225 1080 2450 456 3193 1158 2077 2974 1440 2777 948 3055 1355 2291 4378 4885 518 3721 1438 4604 668 4731 1583 3607 4145 1166 3889 1639 4568 3791 4904 509 697 828 3517 3351 343 595 2657 3637 703 2982 1325 4525 1416 948 4485 4788 4083 2116 1641 4911 393 1559 3771 279 4653 1279 3903 3835 373 1272
2052 2668 550 895 1810 3455 510 1344 1982 138 1662 2488 3826 3309 1124 2028 4545 4545 809 4116 417 2350 3077 691 175 1042 4486 4303 4014 3735 720 1442 660 4563 2014 3383 969 208 2933 4587 4461 2738 4569 1863 4319 4154 897 1029 2897 1567 1015 1616 4637 2157 4334 625 2370 2491 3333 1012 982 1008 4363 827 986 3885 914 4428 4676 4788 2830 1388 4064 264 1793 2080 3941 1860 74 1999 343 4459 4973 3389 2256 2081 1680 1597 3005 4810 1776 4972 2655 1009 2040 3980 2010 2223 3079 786 2605 826 379 4035 860 2376 3592 3748 3417 849 4364 3568 829 2086 1121 776 4134 3183 4743 3713 232 3563 2881 4769 809 3695 614 2265 2186 3001 414 1603 2423 4533 3773 1665 4959 2150 2839 2513 3581 4472 923 3811 4376 3612 2049 3568 4255 4293 1905 1554 2182 3033 488 342 3111 1902 464 142 2949 2823 4833 312 820 3880 3650 2828 4616 2603 1395 528 2273 3138 3843 3192 216 2968 4273 39 2344 793 1924 4130 4924 3395 680 1945 4723 2489 1124 628 735 4837 1014 1542 3966 944 973 2655
3422 1410 3193 2833 466 1158 1288 2860 646 3991 4501 4171 1701 4738 3006 2191 291 771 3964 833 965 4931 2760 1186 1042 1506 1870 1048 3474 1600 939 2139 4637 3212 3292 4361 3413 560 2850 1357 3494 3595 1040 4902 1095 2903 1550 4222 1883 3781 4681 1087 56 2018 3330 4025 2324 1380 321 3645 4448 4489 359 4158 4773 203 3043 4544 657 426 4372 1685 1625 4777 4873 1135 1892 1477 4487 2664 2743 1305 4807 2589 4209 3477 448 4775 912 330 4464 3024 3740 1159 659 2650 2673 4921 1115 1658 3428 4566 1063 2577 609 1167 4371 733 4560 1497 1405 4230 4656 3431 4011 4169 2006 847 1886 1486 3232 2794 3673 4540 328 584 3211 1154 509 4009 407 3466 4131 3318 469 2421 4580 4360 4714 1816 3538 651 959 1569 1674 1746 4934 454 858 3608 4531 921 947 1977 2129 148 177 3262 2207 4341 1851 3926 4295 4630 4918 1091 1916 2593 2086 1231 819 4561 1103 3114 3789 4528 3081 3733 2307 3006 265 3634 4142 2121 1079 2512 1680 108 1901 1614 1871 3885 262 3304 2184 3489 1283 1730 4111 1859
3612 2638 127 2223 4359 882 961 3264 3058 1854 2173 270 759 2620 4868 2821 661 351 2421 2292 4392 885 1837 2097 4486 1870 2725 4589 2224 3066 3458 4891 1268 1072 290 3180 2528 3630 129 2473 2786 1036 677 1644 1548 371 1861 4852 1624 4233 1395 206 1534 4155 3541 1232 451 2913 3001 99 4922 3248 1772 1137 3120 1746 161 3776 2348 406 4973 691 1269 4116 2693 3279 3692 2964 1395 4509 3520 4313 4980 111 1001 3466 1737 4203 1101 4695 621 520 3373 2444 4673 46 4219 1213 3348 4070 4838 2866 2065 3649 264 2517 4729 663 1815 1434 3781 560 4811 2481 3815 1227 1841 23 3481 2169 2351 3179 311 3415 3868 489 968 2460 856 682 4255 1451 4287 3512 2930 2419 2957 1588 2266 2646 4275 579 1682 273 481 2636 2687 4517 4905 1405 1594 4381 3849 3060 3890 88 3173 4702 1532 2867 1714 4082 2625 2457 4403 3150 948 1908 399 77 4363 2184 1976 768 3218 3034 3933 1224 1227 1508 2165 825 4396 2341 3021 4228 4355 1121 2781 27 4082 4736 1456 4142 263 97 3460 3455 2328 1358
3701 4082 2395 3303 4045 637 483 2463 3878 3400 1683 96 1366 1259 438 1067 3193 1475 4924 1048 313 2841 3715 2747 4303 1048 4589 3156 2795 2670 4246 648 4152 1924 1869 305 997 2652 4619 2150 83 3859 4675 360 3040 2393 3806 734 442 810 114 938 1028 4866 1417 3229 2819 4072 4572 4113 4995 3356 4136 3684 779 1981 1477 2706 3568 2398 1192 4050 3775 2095 3713 3900 3359 4541 844 656 1983 3435 310 4171 1645 3483 1285 3958 2030 2950 427 2451 1904 86 3628 147 4614 4874 3175 1981 2717 3844 3731 4966 539 3319 2181 467 261 1385 2856 1799 4783 534 4413 3741 663 3808 4028 1740 3960 4795 2974 3471 977 474 1041 191 2604 4667 808 3746 2759 4346 1023 3867 4047 2743 4692 3920 3839 762 1598 4830 3991 1521 1139 1028 1628 2437 622 4772 1868 4993 2972 946 2579 2837 3457 2213 4728 1783 3994 4542 3979 4358 4330 4571 2522 4111 1781 1980 374 2935 4384 4704 709 606 2524 3582 679 764 1940 4608 3789 3434 414 625 3281 993 784 3504 3417 360 3310 1962 1128 3763 2114 2045
2074 2608 2658 1260 901 4697 1707 2705 4646 1042 4883 792 4651 4323 3267 2963 4469 3157 1547 583 1916 2841 4504 14 4014 3474 2224 2795 4691 2654 239 2286 173 4026 4693 3684 3573 2980 226 811 68 3362 843 728 4483 1733 1104 70 2596 1491 664 4047 3693 4297 582 4202 1285 428 98 3901 1874 4097 2033 4029 2912 333 2543 4617 4095 4343 4691 576 2647 4323 2973 2012 1623 870 1950 3617 4171 2422 3947 2721 4001 4274 2171 1217 3956 801 4557 2896 2884 2760 4634 3986 3040 2605 4285 2478 2082 3323 4739 593 1444 841 115 4572 288 3477 3042 1563 4201 1490 574 2153 4573 3745 3077 4118 1085 1632 3244 4370 1959 4051 4133 3105 4358 3436 2332 1797 3707 3289 4575 3987 2596 3010 1898 1044 2513 922 4876 2044 3005 4536 925 2796 376 2182 3514 3651 2683 101 4158 4193 2230 306 3788 4088 260 3796 2631 3870 1584 3062 2503 2635 3393 3939 4481 778 2881 4155 4332 4850 1326 694 3958 3399 2818 4190 428 4831 2299 4404 535 4854 2616 3201 795 1949 4108 4684 3136 1848 2281 4775 2209 2044
623 1200 3089 3957 2101 3777 3971 824 1187 4218 2674 678 495 2989 4367 2571 1885 1521 501 1176 98 429 1484 287 3735 1600 3066 2670 2654 2016 1360 349 1081 4575 596 1607 4147 3346 3440 3501 3716 3083 1764 3698 1153 1366 3912 2530 2163 2146 4814 4926 992 4541 1531 317 4764 2691 4336 2962 2670 663 1530 1321 2917 72 1661 2896 4283 3542 4466 2243 430 2905 3405 3863 2825 3593 2466 2969 273 2909 1284 2534 3839 3195 494 1377 568 3357 3708 1458 347 2333 1490 2698 2736 3029 2211 315 636 41 2102 1564 1524 2004 3716 1745 4340 1645 1603 4779 2765 3783 4739 4910 2598 3720 2239 3519 2326 2224 760 2351 3098 4090 3724 1518 725 4181 1072 967 1025 427 4451 18 2814 2477 3406 4348 2344 2108 3697 4186 4000 1991 3206 4666 3966 2794 3848 3770 2700 1211 435 407 145 1467 3021 2354 3658 4368 1740 2277 237 1852 2474 32 3953 3439 1476 3963 3598 2310 1308 473 4381 4653 4838 1605 2550 1195 4342 4164 505 3176 2968 4794 1216 532 1199 825 3042 4771 971 1498 1251 1088 3243 593
433 234 455 3508 3984 3031 3532 2924 1631 4642 1573 512 2774 1870 1974 1058 4214 1057 2017 4360 14 4910 3168 3153 720 939 3458 4246 239 1360 3427 135 548 1669 3529 2147 443 4096 4653 958 2334 2221 906 4193 1704 4807 3827 799 2397 3103 386 1171 1489 347 63 4313 1965 3775 2587 1166 4209 3101 3507 3441 2267 1103 836 2594 3590 1219 1676 1174 4424 501 500 2035 1756 311 3395 3417 3387 3609 2100 3176 3002 4647 2916 3193 479 4379 3333 620 2581 4820 2646 3526 3471 2915 4026 354 4496 812 2110 3358 2336 3839 1257 2703 2280 4166 809 951 187 3091 4765 2259 1734 4016 4900 2952 4990 4143 4061 4947 3902 789 1754 4351 53 247 4103 2770 4495 4948 1712 514 2339 3469 3981 2367 2784 115 3891 3205 4373 3873 4597 3985 3704 3560 245 3741 3750 4670 1907 373 123 650 4542 3547 447 3529 2015 2674 3350 4730 951 585 3803 1756 4536 1659 3515 3091 2639 2006 2048 3220 520 828 3707 4237 2874 3375 4630 4841 374 3213 1523 4227 2711 1743 3791 3356 2459 2782 3376 798 4418 788
3690 4566 3602 4854 1541 339 2140 4462 1889 1484 923 4409 4231 3569 2045 1610 3162 4234 4460 3841 4668 1017 3235 4762 1442 2139 4891 648 2286 349 135 3093 1700 2529 1520 2403 4314 4251 404 215 1460 85 2496 696 1165 325 358 3241 3434 4968 1064 492 483 1070 4383 3825 2885 153 2730 4205 2147 229 2552 407 2675 2248 1453 3214 4521 3691 2749 4649 2369 3682 1115 110 2633 3400 3866 213 2587 2719 2381 1858 4086 1283 931 2021 2769 1417 3839 231 405 2601 2315 3127 2498 511 2336 2330 296 1757 3705 1239 4833 2449 2072 3371 942 4570 2117 4008 4254 2762 3967 1985 3617 538 4612 306 2384 2675 1864 2787 1061 1654 2208 1479 3662 4521 3591 792 3674 1929 3796 1999 3148 1745 2564 4426 3171 2626 4709 558 1988 822 3630 1794 1848 2512 2258 4327 2436 4449 1862 307 989 4911 384 465 2809 3091 2014 614 3448 2376 2167 103 678 425 19 4151 212 496 2973 2312 2927 3019 4407 4985 3646 1364 3895 296 2067 1671 2514 1567 138 4557 490 3871 649 4160 1401 404 2896 685 4769 1269
3477 824 79 1068 2909 1786 3681 2840 4052 1764 3245 1807 3871 661 4085 3313 2450 702 3911 916 3490 4182 30 2852 660 4637 1268 4152 173 1081 548 1700 1466 2329 3630 125 3345 1778 4824 4600 1085 1134 608 568 3414 1978 1960 1987 3167 3420 2525 4706 4141 1188 4285 4400 4366 4191 1671 1047 2890 3463 196 2734 2943 1969 3491 2970 4888 4627 2756 4391 2762 3710 3346 4200 1896 970 2330 2103 2169 3570 2507 3727 3958 2705 2078 1261 4012 2967 1562 2959 4366 4149 4967 1936 2405 2659 3815 3903 1398 621 59 4694 2652 3662 164 2195 588 597 733 3161 4356 890 1602 4242 4426 1808 817 2212 4576 335 1958 751 3456 3402 1686 2323 4906 2196 4924 3407 2750 3467 2095 4543 1954 4058 2867 1405 1506 193 1707 2593 2657 401 4193 950 2091 721 3535 768 2700 1761 1703 1155 1239 2280 3716 2324 4354 816 4196 4986 4551 3393 3494 2166 3095 1642 4711 1746 4642 4507 4966 1629 1415 955 3067 2362 4586 1140 1542 4624 3522 4698 2691 2309 4294 1012 888 3774 3519 376 784 676 690 4957 1179 4891
1971 1360 2175 4974 1996 3435 2311 370 2399 3009 4555 2668 775 4789 796 3933 3903 2094 4228 2301 4248 158 4126 3494 4563 3212 1072 1924 4026 4575 1669 2529 2329 4049 1847 3408 4424 4592 3976 3525 885 4376 3471 3950 4283 1240 4217 3267 2665 4475 3947 4433 4110 2266 2765 2670 21 1322 561 1325 2284 2422 1383 1359 2703 3267 3635 597 332 1033 615 939 4532 2357 4496 1716 2145 851 2771 2949 765 305 1680 4801 1661 1346 2177 4103 2328 2448 3157 3079 1341 4274 3537 4523 4107 1682 2450 266 4162 2846 2426 283 3670 4005 559 2277 2088 2514 143 1432 3718 2107 4636 4524 679 149 1443 2731 1199 636 852 3477 2719 576 4364 2387 2053 851 2482 2460 3172 3069 373 3911 3235 39 4857 2206 3695 3601 1713 925 4194 4179 707 3867 2971 4654 2104 1116 877 3992 4510 2468 1569 3196 2534 4687 3597 2891 944 1170 2601 4907 2907 2188 1985 2975 2035 3513 1704 981 4094 3849 2850 3917 2914 1445 838 4423 4458 4035 4487 3314 2819 2871 2543 3738 4410 4976 4439 2829 1776 1722 4314 333 4736 4893
1579 2073 1417 2150 1930 649 4148 4472 1429 1692 2824 1501 4821 4207 2240 2106 2360 4945 2326 3152 4456 3632 4242 2284 2014 3292 290 1869 4693 596 3529 1520 3630 1847 3811 2278 1740 434 4324 2649 1965 3911 2619 1727 1194 4788 3638 3947 3708 2323 3809 4348 879 3140 2789 3510 4995 4347 2027 3455 2105 4193 4791 2369 378 3020 1723 907 4605 176 1100 4717 72 3375 1200 11 4043 355 1450 106 307 2912 4701 4975 3107 4740 3344 3637 800 4637 2078 2036 1605 1156 328 4974 1764 1218 2261 4162 2632 4662 2929 4736 3723 3686 2638 1474 4095 2416 147 3829 4334 4377 982 2835 3413 4340 3381 2006 4349 1610 2750 3504 2354 359 1782 1467 3250 3293 4521 3552 4053 4495 1346 2969 1083 1509 4425 642 3236 2364 2771 1124 235 1420 3007 2712 1201 3181 3803 318 149 2327 42 4194 3785 4945 866 91 3356 1141 1902 872 1177 1586 1281 1461 1173 3950 2358 184 3064 2067 3425 495 4603 3859 4831 2897 3840 4638 4287 1195 2303 1852 3654 4345 4727 3133 2317 1688 3837 1090 1763 1707 4411 1610 1196 3066
3732 2830 145 17 2835 4109 4806 2812 492 2141 3543 1821 4668 245 1284 1143 2580 3827 1362 464 2317 1656 1931 3747 3383 4361 3180 305 3684 1607 2147 2403 125 3408 2278 519 1112 1948 402 3148 4488 482 3103 923 73 1727 4429 4877 3397 4798 94 86 1419 4077 678 3209 1863 1601 298 2728 3572 3122 1852 3169 1288 4649 4832 2734 745 3928 4272 3570 1470 4665 1587 4361 3224 4684 2851 1328 1118 737 2567 59 2181 1200 1030 539 3584 123 548 2131 3785 822 4240 4370 4386 1792 1839 1409 2398 204 181 3704 515 2908 3815 1075 3025 2615 1698 1213 3005 4805 2844 909 1986 65 78 1606 3971 1647 4527 4835 1085 4646 4605 394 667 1908 391 3296 543 1537 478 2176 1561 1693 1173 4012 4418 4313 1813 4817 362 3145 4119 1875 1309 1218 3469 1646 1778 1682 2502 565 3203 589 1747 2476 145 4054 3741 1866 4709 10 1360 4513 4181 4590 3791 4619 2924 2371 2730 4720 445 924 172 2655 3073 2288 3408 4248 575 632 612 3054 3563 4183 4064 2837 4751 2523 3161 3632 2325 3784 2698 3861
4044 3310 3836 4549 156 1427 4929 449 1653 4826 835 2142 3333 1207 1389 3066 1286 2560 2279 2264 4453 1787 1562 990 969 3413 2528 997 3573 4147 443 4314 3345 4424 1740 1112 4611 2097 2685 1218 99 3355 4595 1516 4244 1675 173 1624 1180 1643 3910 2818 827 1649 3618 4111 1119 4915 636 1132 4682 632 1433 856 3996 519 2373 3095 1481 632 1726 2248 309 75 784 804 1638 1078 4440 3985 3550 2508 996 4277 4336 4920 1131 2983 419 232 2369 1843 491 778 4117 236 3244 3582 1305 4765 348 1285 556 453 4488 4279 2332 546 72 4597 856 1013 2226 1548 4366 741 2504 435 4080 680 2271 50 4783 2196 3816 4671 4658 4302 3652 3864 3138 3650 4795 4387 3986 4739 1566 3263 2460 2547 1717 1241 4707 798 4841 3502 2312 317 4116 2350 2140 4897 3998 1423 3031 2343 256 567 4291 3774 4788 989 1485 3234 839 4025 4509 2546 73 4661 4213 4735 3082 868 1297 934 4477 4361 3951 1025 2153 4585 4092 839 4142 535 718 4090 3488 4707 4651 2461 577 3098 1991 4563 812 2036 1648 3065
1803 1800 3955 3244 4808 1870 1181 4060 1744 381 4963 3007 3471 3073 3309 109 2642 2809 465 4795 1288 1813 3555 4698 208 560 3630 2652 2980 3346 4096 4251 1778 4592 434 1948 2097 4349 2740 1106 3812 701 2797 4936 2825 10 628 1533 2410 2368 3948 196 4231 4418 1400 2259 25 213 2512 2774 4886 766 2148 1716 805 4649 3398 1956 2845 870 3837 4993 173 420 3126 739 3761 3258 4183 1760 1791 218 4203 122 732 4758 4134 1655 4732 1918 4253 3026 1934 2759 1598 74 3531 2208 1942 1178 3882 627 2357 3676 4923 1823 2522 3127 3672 1229 62 2253 4470 1147 2785 1666 4316 4747 1466 2074 3536 909 4813 2943 802 981 2170 4916 2085 541 4489 480 1615 4434 3003 2937 1635 2801 1410 1198 3882 1278 3443 1392 770 4157 2898 3350 4525 2243 3164 3826 3359 4213 4759 3354 2536 877 3666 4074 455 4835 2338 4132 3175 1227 2769 994 4831 4750 951 4270 733 4072 901 1513 2145 839 2835 4978 4424 4146 4222 2673 4684 47 3091 4615 1431 4988 2078 1298 4151 3117 2901 3453 4277 629 2069 602
4326 70 882 3709 3394 1228 1492 2715 2244 1668 1877 1441 2015 2767 3496 777 3164 4578 2308 132 2038 2858 4201 972 2933 2850 129 4619 226 3440 4653 404 4824 3976 4324 402 2685 2740 2935 2475 2095 4398 4401 2758 4737 2215 1041 2249 1786 1247 3473 2068 534 2237 2768 3884 2733 2447 1024 3917 644 1983 4296 3311 2023 3758 425 4065 1100 1466 482 2490 2633 315 187 4044 4035 4120 2899 4372 1048 2737 1323 2742 3870 3220 3101 1955 1597 2156 853 1392 4354 4359 674 342 4671 3369 609 3730 2620 3985 1029 2324 1034 1895 1319 2018 233 1785 381 1066 1684 2656 2575 1933 880 3749 3986 1702 2093 1087 2457 2754 24 4841 4710 1976 2594 3458 2942 3126 2455 4745 4125 2321 2291 3328 2895 912 4001 4539 944 489 2737 3759 2221 4673 4519 2241 3342 3859 4147 4482 2870 1515 4074 1144 1483 3401 653 3327 1135 568 3620 4469 901 3289 4729 2614 3218 1961 4564 2369 1331 1068 2265 1575 4603 890 4780 1353 3986 693 2085 4609 1693 1571 4464 4114 1949 4193 2450 3367 4246 2978 4978 4105 2699 3569
1652 4875 3260 127 1136 4744 2043 3896 629 3103 1431 3027 2139 927 4470 4097 803 3072 4091 4972 1389 2915 2562 3458 4587 1357 2473 2150 811 3501 958 215 4600 3525 2649 3148 1218 1106 2475 2634 1747 727 480 1114 319 2376 1395 3830 4364 2638 567 4705 3118 2913 3950 2336 2670 2461 1024 2972 1965 3324 979 2165 263 1089 4878 1738 872 3419 4991 1287 2751 2816 2777 2508 4944 2712 2510 3062 2000 1817 203 1404 3574 3331 1816 2901 2437 166 650 2652 1476 2361 2024 598 4777 2463 4842 1922 648 3648 541 1481 1256 4188 168 3938 3110 2822 3142 461 3761 934 764 4060 2838 1077 2021 131 226 4053 1054 3601 4632 2068 748 928 564 1173 1230 4254 4613 3451 2393 4344 221 1131 4062 4301 4503 2152 3525 4114 4952 3023 218 1480 2350 947 4601 2502 55 1962 1476 2311 4029 2922 3654 3208 2742 3699 1774 2616 4583 2662 54 3445 156 163 2939 4767 1912 1810 2645 3390 2099 625 3484 33 1353 2792 4577 4361 4176 342 3770 1583 143 2592 32 2956 2653 2291 1383 4986 3166 4182 3086 1263
