N: 200
M: 100
Symmetric: true
Triangle: false
2 10 63
6 114 27 180 185 139 70
2 60 7
1 42
1 52
1 13
4 176 68 96 136
2 122 164
2 71 49
2 5 197
3 153 23 179
1 112
1 74
4 113 47 86 168
1 156
1 175
1 166
1 48
2 154 87
2 41 81
5 6 108 89 161 163
3 80 92 143
3 73 138 183
2 171 182
3 116 105 65
1 135
2 44 40
1 124
4 181 97 94 169
1 121
2 173 117
1 1
4 147 66 61 39
2 177 132
2 8 29
3 178 157 99
4 67 51 72 43
2 88 54
2 111 107
1 12
1 130
1 148
2 129 24
1 2
1 159
2 30 32
2 102 11
2 196 155
1 14
2 16 78
1 193
3 137 142 35
1 95
3 131 145 190
2 109 45
3 187 115 75
4 186 83 125 194
4 79 200 33 172
1 82
2 26 170
3 22 134 120
1 195
1 150
1 46
1 21
1 17
2 36 118
1 93
4 31 103 85 69
1 4
2 189 84
1 28
1 58
1 160
1 90
4 20 199 191 162
2 98 167
2 18 184
1 64
3 128 62 59
1 126
4 19 3 53 123
1 152
4 158 101 165 77
1 119
2 38 192
1 25
2 133 140
1 110
2 9 50
4 149 57 34 146
2 55 144
1 151
2 106 127
1 15
2 188 141
2 100 37
2 76 91
1 198
3 174 56 104
655 4082 3448 1293 196 3516 302 4264 3175 1159 4886 3283 1213 2281 4761 134 2746 3783 55 2969 1300 937 201 4504 4712 3079 3382 4866 2801 539 3450 3487 4410 4114 765 537 945 975 1838 3145 1285 3584 4814 4666 2053 1525 1091 2756 4223 3154 3817 2378 2071 437 2423 4030 892 319 4461 2781 54 42 4640 3639 1797 3397 2552 3443 798 1811 4271 2365 3694 1321 13 3474 3767 1212 1854 2072 4201 646 695 698 1005 242 62 3268 2225 3158 2434 2570 545 1702 4160 3541 2579 2452 4346 4036 4080 1153 2890 4605 840 2811 4617 2804 4904 2425 2196 3415 4908 992 2719 710 2457 2366 2508 578 3520 3251 3342 1454 980 4312 3273 3854 1053 2243 817 3467 1587 833 1265 2773 3107 2769 1201 3234 3431 4229 787 3826 972 4133 1323 661 3098 1341 3925 1471 3385 3602 147 150 3585 3474 334 2709 904 4944 2791 611 1591 2884 549 2338 2755 597 2050 4357 2417 2708 4662 4094 65 1351 3180 4076 2804 984 935 1541 3680 1119 743 3342 4000 4286 464 1325 399 4725 2631 426 3601 184 673 2278
4082 3748 2455 3585 1111 4927 2377 3792 2465 1023 86 2130 3158 464 3599 1129 4363 1549 4400 4973 2195 111 464 2681 4835 2609 3902 272 3689 1284 3473 71 1988 4895 4295 3733 2510 3869 806 3487 322 2870 4672 2427 586 4689 3257 2547 2602 4641 2436 1467 309 1291 465 28 4995 3858 40 4016 2331 3710 3025 3168 1343 4717 2438 3760 868 2608 4997 4866 1776 1246 4578 3363 1803 2356 4338 3720 460 1791 957 1049 1843 2164 2631 3239 1442 2213 4277 4728 1019 738 3896 4602 3140 2931 108 3713 1926 4682 2008 3179 1125 3946 2471 3191 3659 225 1057 2456 4056 991 3509 4427 3202 2952 2617 907 1056 276 2226 4622 4151 412 4358 4199 1337 643 4772 3193 104 4402 234 4622 908 3844 154 3138 2943 79 2931 1464 3068 3481 4688 3932 4865 1225 789 990 3923 1166 57 1883 4977 3776 2171 4132 3172 4943 4775 3143 222 2895 454 3269 1355 656 3405 2876 4809 1337 1133 2205 4383 4532 1994 900 74 3783 1724 927 2958 4005 4225 405 3687 3648 861 4135 4754 2241 3218 942 2410 642 3986 1428
3448 2455 4048 3675 3855 1893 1481 2309 2368 2917 547 4865 55 74 1011 2011 3415 3102 4663 3495 2750 901 2112 3686 2470 296 3270 4256 2672 4037 2154 1516 3466 4467 1723 3483 2131 427 1110 3277 2015 4618 4594 616 3949 345 3095 603 3776 1643 2622 1591 2027 2620 1501 765 3723 2055 3148 4152 1699 483 1650 1544 200 721 1453 179 4224 2862 3768 3626 4767 761 3077 2413 4388 4606 177 4514 444 3535 4304 1411 4076 4957 551 4913 224 977 502 4978 523 4537 4347 1143 2988 1509 1636 3046 3049 4296 2458 3055 1606 2157 4831 2508 293 1744 688 4810 1259 1937 3392 592 2959 4657 4874 2784 1502 3358 3940 2707 1521 2575 458 2054 3812 3878 1084 3098 1655 620 3763 2929 930 3765 3920 3765 1946 4161 851 3090 2571 4348 4979 4467 134 599 3697 2842 2920 2561 281 233 2932 666 2798 4266 4044 908 3362 130 681 1349 3335 4643 218 1884 880 3297 3918 2383 3803 1411 4411 4937 4076 3389 3525 155 408 2135 2668 3118 523 2911 832 372 3597 2734 4126 2935 3771 1057 616 799 1050 2567
1293 3585 3675 3822 479 2226 2523 119 3799 3283 4554 273 945 1998 1129 1883 1450 4536 2849 710 4845 3966 4287 3957 3652 1767 3254 3338 525 783 1139 729 3223 1547 3791 4845 338 423 4545 280 2584 4644 4389 2536 3189 4099 1071 1257 1547 1462 1530 3777 767 1747 2696 3364 1642 964 2540 3396 4210 4236 3209 3577 222 1987 416 4957 2913 454 2801 3279 3731 1883 2406 4310 4112 3564 3984 4499 380 811 4586 1242 592 2941 1650 2982 2071 37 4002 2242 1556 3206 511 3654 4084 776 4289 1951 3852 168 1290 56 3892 2173 4044 4574 2426 590 1613 3656 1519 2250 2710 901 2452 4062 4339 1561 351 4738 1883 280 893 4779 4386 4356 1554 2410 975 1522 1718 3143 1272 3141 4668 198 4701 3289 2975 3490 371 4753 4924 1285 432 3012 4855 356 4484 224 1696 1907 2992 765 2680 1311 3971 2986 988 3201 3369 756 3962 4705 4614 1262 2319 1439 4966 4013 3343 3457 3603 1347 3704 4996 4155 4798 562 3370 2605 4477 796 4937 57 2003 1139 4359 2224 3986 2969 1462 2712 1676 3511 1006 358 3534
196 1111 3855 479 3260 1104 1632 496 4471 1521 3182 4240 2188 4371 1502 951 4906 2488 2828 4145 2958 1010 4609 1482 2787 1807 1963 4332 485 2753 891 4343 673 2205 874 2572 3345 2133 3049 3615 2527 152 4957 4268 1512 102 1296 4286 551 580 3836 698 4433 561 4002 720 2167 3128 3945 1127 4084 985 1768 3679 2518 2681 3673 1073 1324 2243 2281 2997 1828 2506 2729 3703 200 1751 4015 154 1835 216 906 4608 1771 2283 1202 2918 403 4996 644 2860 3639 2386 750 2855 362 229 183 1035 4441 2987 2426 360 3167 2021 2327 4760 4873 4766 4083 3386 862 1310 1225 642 4920 3170 966 3431 4587 2906 666 3311 1233 470 1681 1092 3493 4620 2099 4594 123 1647 4634 1216 1730 4541 2729 1298 4335 2962 3558 4733 1812 1664 4777 3555 139 583 2251 4346 747 4219 3113 2427 2372 3132 47 3510 2923 4576 2738 4897 1193 4627 1727 51 4991 2656 324 4999 3740 4665 1654 596 3843 3012 2971 2438 713 2927 3410 3771 1062 1865 1372 4110 1300 4428 2705 2544 659 1340 1799 3779 4401 4899 226 3860
3516 4927 1893 2226 1104 1428 2489 2808 4365 1807 4658 2202 4200 880 1638 4309 3954 1348 4333 2626 1717 3060 3559 3650 3399 321 507 3079 2816 1434 353 4900 3748 4372 2079 3402 652 1646 1668 1666 2827 1004 3368 3950 4961 2254 312 4957 3036 2241 53 807 2402 430 3015 4297 2819 4933 3834 3235 2019 4085 3463 1177 3705 1399 4984 2805 3698 2903 1310 2285 3158 549 939 4833 4456 4801 2722 3977 2357 3272 3513 2883 4117 2889 155 2677 3359 4069 919 3117 1648 3284 3519 2102 1584 1510 2132 3611 2846 3164 1692 3085 331 3800 2743 4993 1494 1298 3939 1335 1607 3634 1984 2606 1749 786 1695 156 4633 4259 3393 2191 4136 3910 1810 4351 3187 975 3918 3972 2397 1606 4688 82 4205 4789 2259 597 914 4887 2105 322 3331 671 646 3768 3644 1403 3699 3168 1432 509 3683 3371 1289 4844 4626 3620 2118 3767 3843 4411 1320 2068 1707 3372 3787 4410 1697 4861 2864 176 3051 3038 4708 130 1308 2598 4402 165 3406 1545 4047 2784 3583 4680 193 3726 2014 3255 2992 1248 1035 1844 2955 3000 1992 566
302 2377 1481 2523 1632 2489 2992 245 461 436 134 4782 3822 4420 848 1541 3458 58 3179 822 1195 3184 4752 1914 2896 600 81 3428 646 1947 2763 2726 3366 2079 3383 4618 1275 4980 2776 18 948 4091 4967 4287 1605 203 3140 3716 3234 610 2432 4660 3865 1525 4154 2718 1922 2028 4333 3822 315 2768 1833 2160 395 2333 195 2531 1633 4802 3038 2169 2553 2805 441 1434 4676 2761 1220 2107 2537 4487 4998 3297 3545 1824 1536 1981 994 3252 3679 3486 2430 3178 677 3252 1043 671 4449 1813 1215 2330 3069 4537 3966 580 225 4998 511 4207 3446 276 4856 1037 4765 1040 1317 3226 3458 4303 1768 26 4248 3605 1257 132 2982 2539 2009 1107 860 4846 1865 1602 1458 290 709 3059 1889 259 849 3220 1771 72 1184 3982 4419 4088 1735 3011 3325 4395 1395 745 361 928 4927 3182 3611 4061 4242 1948 2753 1821 2570 4503 297 4763 4877 238 1403 341 2444 3589 3544 2229 4587 3427 87 1842 3431 1323 411 1494 4705 354 3830 851 2723 1236 1727 920 2998 1124 4949 3282 1653 882 14 1633
4264 3792 2309 119 496 2808 245 2827 127 1393 731 4739 1000 2967 4041 2215 1992 2000 435 3312 157 1226 1274 2216 2822 918 97 3635 1200 3781 4645 3576 1417 3098 4783 4569 2492 585 809 756 105 848 3004 1068 132 108 1925 1379 2053 2091 2463 3414 2277 2799 1574 785 3716 3377 2119 3149 2122 3633 3797 2521 4803 3007 3058 2523 1244 3774 187 3812 3409 3867 1217 3339 4366 1660 2791 3607 4153 1805 3498 3745 4130 3768 1727 3821 4426 1163 788 3612 231 3447 739 2349 2645 795 2178 3441 4982 3925 1454 1497 3524 2104 51 801 1082 3293 3656 4283 4235 38 1142 1253 4898 924 1509 3946 1689 3405 2357 3601 4621 1760 2217 3723 3843 2687 4851 1150 3450 1884 4389 4288 2126 1551 2899 183 2511 4000 1283 877 882 3150 1885 393 4441 1795 2561 4002 4117 2897 1302 3556 1502 1351 823 4705 4480 2684 3501 861 1834 2236 2280 3609 695 4994 4592 4896 2541 2748 805 137 1950 1930 294 410 4038 1864 2916 2308 1351 1142 3696 4715 3654 4796 4974 4994 3753 3870 4477 618 4882 3327 109 3069
3175 2465 2368 3799 4471 4365 461 127 3784 851 4398 4788 2066 3149 4399 1464 1602 4299 96 4203 4910 389 1450 729 172 417 1224 946 1358 1166 2808 4932 1176 842 1951 2808 4332 2318 814 3293 1099 4141 4312 2624 2373 2061 3282 1561 2491 4271 2948 1687 4393 3881 3343 2210 2495 2870 3029 4324 2909 3221 623 3061 670 1648 980 1549 2589 2600 2195 3151 1496 4989 3266 1348 2859 3101 15 1706 957 4873 1023 2418 946 806 4944 3573 14 4131 2494 142 1032 2702 1862 4999 3447 927 3050 2375 3478 4197 4288 679 4438 1105 1507 3459 692 3641 2795 2187 4623 599 3751 4577 3441 1279 2653 4458 2223 2488 597 2559 2030 1274 1406 973 2768 4849 1703 1715 3972 1705 4089 1454 3369 683 3799 2757 3666 1320 4121 4372 2200 2014 2700 3505 4129 3582 1579 748 674 3482 3641 2199 2689 64 144 1573 409 2049 4397 4794 3185 251 4805 3841 3605 4267 1533 2359 1846 429 852 4791 1841 2139 4905 605 4447 1178 2531 2231 2272 2848 1230 3559 4020 603 1426 4404 236 395 3459 974 4572 4304 4083 4032
1159 1023 2917 3283 1521 1807 436 1393 851 1369 2752 3640 4277 3456 1781 1655 2666 93 4995 3167 3580 1748 309 1412 3313 74 866 4706 476 4007 1156 1715 4146 2304 587 4563 807 308 3817 1198 4020 1545 1305 4997 1629 3346 3511 1455 3228 3535 2315 3191 3858 3147 1946 1380 27 1095 3059 4403 2630 3928 4678 2546 1533 1480 3665 1912 875 3380 2619 1856 349 2045 2411 1392 3901 4239 2252 4946 4747 3361 3502 946 1410 1964 3696 3407 2535 1116 2129 3030 3583 3924 4491 2949 3283 1006 706 580 261 1442 1170 2798 35 3280 825 4490 2096 1481 2230 2465 4580 3226 364 3363 1693 1578 111 570 4202 2571 2625 3235 434 1487 3621 1176 2036 2850 2433 2217 2237 424 2451 1218 3544 3707 4775 465 1031 780 3756 4564 4125 2022 569 2547 3666 1469 4503 2804 2331 4409 1756 4575 384 1364 2716 2567 2779 495 4585 2441 87 4026 3997 1110 2449 3628 91 113 1257 4888 1280 3307 4823 4841 672 1037 3767 3458 3720 2877 3931 1057 81 294 606 1255 3751 1293 2380 218 216 2857 4778 48 1904 4218
4886 86 547 4554 3182 4658 134 731 4398 2752 1842 4991 1635 443 4276 1899 1643 866 4034 3219 72 1728 4861 2869 2610 3448 3695 4642 1169 3145 3981 983 4159 1374 1109 4795 821 1832 1622 4415 4649 723 1393 1674 4783 2612 562 879 4257 367 2488 897 1642 2521 559 4441 958 2774 2618 1504 4381 1163 3174 747 3248 3448 1258 1963 2247 4771 2082 4497 869 1946 1954 2749 1298 1687 1691 460 4060 742 3832 4960 679 4953 4285 1300 527 2031 663 2770 1943 2158 2093 822 1208 2955 45 1166 3558 2937 269 430 3573 4803 4162 1868 313 4639 3824 4585 3586 3244 4342 2873 4878 42 2835 4937 4397 2422 3383 3355 643 739 2352 2775 3695 883 3216 402 2483 1686 3996 2187 4233 4453 288 999 1443 2595 4118 1149 678 1721 1578 3527 3964 2093 3341 3526 3237 2999 2613 4693 1571 628 2487 1716 479 1370 3279 1872 2699 2220 2208 449 3998 1070 4242 1715 1336 754 3290 36 1688 807 2186 1214 1712 1683 884 996 3046 2793 942 335 2778 1631 3818 3509 4257 3427 2607 1147 4255 152 3023 1640
3283 2130 4865 273 4240 2202 4782 4739 4788 3640 4991 955 150 212 4800 1642 1545 1384 2352 1064 2045 1830 1320 4798 2914 1403 1857 2699 4144 30 4081 855 1015 2330 2296 3358 1651 2589 507 3803 4340 3237 4266 3233 4828 1575 448 4730 446 314 1232 752 1286 22 3610 817 2947 3870 987 1001 1442 2335 1006 2414 1766 1172 23 2706 2582 2712 3667 3862 4834 4743 2725 427 1040 3034 2345 76 2631 2014 3836 649 709 4373 944 1992 2500 3200 3619 4753 1074 1397 465 3051 4692 1632 3222 946 2091 1097 2891 3566 583 3471 4035 1079 3384 4401 2846 2958 4271 2185 4496 316 2813 2155 2100 244 1623 551 3719 1900 1206 410 4149 4266 4091 2537 1774 4706 2178 1532 1475 2624 1997 4706 3219 854 3321 2743 3539 2473 1357 528 389 2558 422 1356 713 4426 4171 301 4435 264 4698 918 3321 2937 535 1802 3957 4816 4671 4463 1214 3823 4470 3155 2110 3228 3309 4265 4884 716 4301 3731 509 2899 2510 1698 2678 818 1253 3299 2377 1785 696 3577 2963 3234 578 111 4363 84 1857 416 3231 4588
1213 3158 55 945 2188 4200 3822 1000 2066 4277 1635 150 4481 2481 4231 2697 2509 3860 3150 3065 880 4752 556 1095 4679 243 4471 2681 905 2429 3031 336 4185 4472 2324 775 3944 3232 4592 576 1699 2745 4718 4688 3525 2733 1902 3464 3665 3826 4302 1108 2600 1419 3297 4772 4050 3015 2445 2684 2855 4762 807 61 205 3789 590 1983 1071 4381 3928 1158 1511 709 2381 4633 4065 2894 2431 4024 3026 2937 3558 948 1182 3780 3282 2647 1085 1576 4280 4178 1193 2891 2887 176 889 1833 4843 3282 2536 1040 4025 2209 2385 3203 831 513 3020 3693 115 4504 4986 1371 2787 3860 2548 4261 4970 598 4186 695 3168 2978 3703 4494 3505 4447 4904 1362 2054 1623 2044 3037 4841 4472 4213 642 3821 393 4942 2160 1218 4050 3003 2172 2442 569 2545 276 589 1182 3259 1674 964 3947 4831 186 3220 1136 3865 4696 16 56 396 3917 3589 1911 511 4694 4660 3976 4643 4645 1540 4119 3750 2293 4450 4066 3965 213 488 1669 668 2852 612 456 3487 489 4819 3002 207 1170 4398 484 2777 526 4049 1069
2281 464 74 1998 4371 880 4420 2967 3149 3456 443 212 2481 4835 3870 4159 3990 4884 3811 4560 4183 4372 3135 4848 84 2953 1473 3918 4886 4140 4315 4564 2036 4796 1664 3534 362 4196 4989 2395 3430 1008 2905 3186 282 1738 4469 4207 2272 4535 3651 653 2871 1495 3025 4781 3023 2079 4392 93 1742 2783 2510 1783 998 1828 4757 2527 608 3394 2232 1472 3021 2536 702 2511 3076 2413 732 2280 1048 4918 3912 2657 2550 2346 2965 762 2794 1352 4466 133 4753 4085 4455 620 4632 3252 326 2020 4280 3809 1879 4958 1096 2284 3723 3444 871 4730 3625 646 4999 3754 2059 3589 2754 2054 4357 4374 3096 2698 2177 3301 2605 2958 4353 3788 776 4467 1880 3634 4694 3779 4146 1504 1233 409 2781 3879 453 771 1253 1531 3338 1359 2945 4471 1770 1536 779 1449 2690 708 3959 304 4585 2807 2637 1811 1906 3938 4959 4108 633 3116 4138 2537 2935 4265 3896 4548 604 2590 2759 329 4473 2908 145 3545 3299 2195 3171 2292 3841 103 3477 981 3268 2397 4078 4589 2149 4995 991 3839 17 1537 2494 4520
4761 3599 1011 1129 1502 1638 848 4041 4399 1781 4276 4800 4231 3870 1357 2366 4606 4139 2313 3550 311 1827 3433 110 3351 890 2304 1631 2690 1569 1666 2320 1387 1757 2137 1595 4228 2363 2819 4902 3908 1966 3855 4999 3382 3165 4945 4635 1768 642 1513 3815 3550 4005 3088 4821 3014 1378 2534 2146 959 666 461 1182 359 447 2326 556 857 1543 4536 1434 772 1594 885 475 1685 4652 2184 1953 3526 536 810 182 4208 700 3964 593 912 3462 1674 1655 3732 2212 4158 3249 679 924 4281 1416 4101 2224 4885 3298 70 418 4979 4833 274 3787 4303 4451 4474 172 3058 1806 196 2553 562 3990 84 4343 3494 2066 1776 3225 733 2892 3700 2179 2516 1484 1299 137 1523 1557 4417 3780 3451 783 2940 4693 1018 2004 960 884 630 1297 2640 253 683 4091 2182 3615 1857 4088 1629 1522 3036 206 2047 3926 1136 2537 3874 1672 1475 3922 3388 2141 1090 2647 4903 1777 4253 2532 3609 3864 4378 3272 4001 3374 2318 3929 4602 3779 1703 4865 3950 4036 4648 1931 3293 2476 1677 407 153 2299 3127 3577
134 1129 2011 1883 951 4309 1541 2215 1464 1655 1899 1642 2697 4159 2366 996 4350 4630 3063 4438 3017 4064 2526 4180 3619 1364 2121 930 3125 2954 4220 3001 1234 1096 4061 2330 711 2980 841 4695 3746 2307 4704 1404 2113 984 112 3281 2481 1637 400 292 1067 4797 2064 1154 2069 1258 4909 2875 3255 4441 2584 1143 1067 3410 822 4390 2876 963 1033 3691 2862 1557 4621 2104 4762 1935 1947 228 1595 20 4560 3471 12 2878 3385 4376 4272 2763 413 2258 3196 724 3171 4658 1537 336 1111 4868 3909 3418 2825 1057 1055 4156 1460 3744 3962 4651 379 3268 3240 4948 2771 1916 206 1648 3860 3051 4361 1690 2313 3587 2991 143 1889 4488 847 2187 1493 223 65 3202 327 2704 2031 3396 4353 2256 3735 4506 1759 4081 3091 3020 179 2571 284 4685 4131 4281 1133 891 2497 3820 2894 893 1599 1011 4979 4327 4698 584 2113 3402 28 3799 645 3074 2909 1743 4535 4088 3580 936 4890 2631 3698 1613 4150 180 3317 3553 781 3909 2079 4254 3964 1176 86 1111 168 3627 2976 3451 3919 3173 328 1196
2746 4363 3415 1450 4906 3954 3458 1992 1602 2666 1643 1545 2509 3990 4606 4350 1580 1194 1323 2342 2385 4184 1801 2904 1252 2742 283 1630 2501 941 621 559 4915 2513 1386 1793 3813 453 3636 638 3823 2895 2483 2780 371 1298 1845 450 3352 833 1736 2244 719 4684 4873 1832 2598 4490 3945 2630 3795 1922 1283 620 2114 2815 4367 100 3993 1211 4133 2021 1430 20 4740 4923 2749 176 2053 2139 2591 2695 2615 1810 2047 3980 4881 2035 4123 4489 3191 3362 125 3879 3354 1482 4201 4329 4483 3032 2374 3985 982 4107 432 1860 4815 1747 2961 4013 4081 2583 3330 4279 1049 3760 715 3918 2473 4198 4119 1937 2740 4021 1469 4433 839 2369 150 3314 2158 1624 4023 3738 4329 2335 3791 721 1038 3016 268 3707 2700 1968 58 2475 3996 2485 1051 2435 2044 2232 2285 3455 908 4929 4288 3182 446 4572 3320 4740 4379 3262 2385 429 2757 628 2221 1598 4555 4605 1967 15 958 3782 3769 1330 2894 2785 280 1241 2043 1353 3037 2927 2338 4044 1501 2582 2911 3610 998 2669 2641 1814 4853 3238 3338 1649
3783 1549 3102 4536 2488 1348 58 2000 4299 93 866 1384 3860 4884 4139 4630 1194 1743 715 2574 4843 2312 3125 4021 4718 1662 1195 4928 4278 1231 1694 3493 352 3229 701 2955 3170 3321 689 440 3249 145 4205 1621 1059 648 3276 2675 1925 2040 3531 3485 2161 1209 2967 2205 1765 66 3483 4992 2576 3708 2689 4656 3284 4749 3650 76 4910 3289 355 786 1980 2514 944 2606 3786 759 200 4000 4412 2578 1582 3316 3866 4113 3990 1853 2116 1827 4504 3544 2773 4837 3344 3753 4672 1253 3931 3346 4958 1938 1080 2553 1136 4116 1766 4207 2556 2480 4546 4871 4354 4675 2482 4996 1374 2092 768 3937 4332 211 3323 3332 283 722 2739 2070 4921 4306 2493 2920 3837 4986 1507 2104 110 4731 4488 3750 4222 4976 3970 144 4315 3690 2999 2252 1138 4610 2117 4566 2610 3436 520 3293 3673 4783 527 2830 3021 1026 2231 30 2168 3108 4613 2627 4156 1655 1568 1661 3958 1810 3784 172 380 3464 168 1896 369 951 4305 1877 4576 1312 1111 2438 4488 4912 2411 2889 1975 321 3138 1580 3705 3589 489 3680
55 4400 4663 2849 2828 4333 3179 435 96 4995 4034 2352 3150 3811 2313 3063 1323 715 971 4862 3466 3593 2653 1270 4396 269 766 4260 3276 3849 4743 251 4048 491 65 130 578 2938 2579 3611 3511 1800 2803 1157 4474 4478 248 2185 4305 2671 4139 3814 4646 1506 2902 4612 461 1252 3108 2610 177 3696 2038 2616 4900 1229 4871 1232 4406 2808 331 2016 1661 4659 98 4106 3556 245 50 4772 4842 4401 337 941 1531 4623 1610 178 513 4600 4290 3791 2881 4006 3798 4185 3724 1555 4094 4799 3328 1283 571 2905 684 253 3365 3009 4180 850 3590 4388 667 4724 454 4611 2471 3223 4370 2266 4036 1105 2761 4017 86 71 92 3946 1439 139 118 2645 51 1114 3634 3549 4928 4511 578 1073 2117 1517 4196 668 3639 2531 3645 2396 4357 1307 1940 210 1133 801 3999 2334 511 1068 1672 268 3323 967 4344 1535 2093 3922 3521 2237 943 3735 2660 419 1663 1927 2567 2160 24 3113 2612 616 2123 1814 949 1480 1295 4092 1960 4338 2074 4272 1209 3252 1609 4756 2108 4349 1476 1563 3425 2552
2969 4973 3495 710 4145 2626 822 3312 4203 3167 3219 1064 3065 4560 3550 4438 2342 2574 4862 2782 4273 2652 1949 402 4223 3907 3741 1205 387 212 4811 1727 2442 2841 3260 2606 112 2067 1034 681 2905 2891 1310 2632 3258 1778 1961 809 3459 1028 1009 2631 1650 2419 605 2983 136 4760 1320 3588 507 2689 4700 4247 3031 1351 2237 3355 961 2563 4429 1661 1395 503 4022 2225 4287 766 1851 3375 2865 3333 1354 3953 3747 3761 4859 3344 4194 4785 2798 2167 2379 586 701 4795 1701 2940 2924 791 976 4699 1625 4494 1823 1077 3633 4010 3851 2093 2519 3624 3758 1521 183 3813 303 4584 1919 4860 4448 451 2494 3545 3721 3516 3981 594 2689 1213 1357 1498 4255 4535 2299 1439 3595 1478 4605 1328 3033 457 3855 3618 1402 4932 1865 3371 807 3760 2837 1161 3852 510 1953 949 4715 3860 4380 828 4824 374 681 1150 358 4020 2117 832 2494 1699 3054 4226 2112 2724 3359 1466 2851 2553 2166 1580 1982 1082 2525 2837 2769 1797 683 3459 4667 1382 4253 3726 3384 4697 287 1209 3060 725 3381 2796
1300 2195 2750 4845 2958 1717 1195 157 4910 3580 72 2045 880 4183 311 3017 2385 4843 3466 4273 1397 4156 2764 2072 4513 4058 327 3424 4915 3105 2139 4787 3552 2622 4548 2116 1305 1004 1570 1418 528 4297 1153 3364 3284 3619 3537 4781 4565 3849 1762 4297 4027 1446 4011 4488 1681 708 4132 2953 3117 1672 1209 2042 4210 3957 4452 3990 307 1419 772 3022 801 1941 4992 4105 4327 1955 1881 451 2515 1725 1184 4479 3353 171 999 2107 2456 2404 4861 1956 1355 2271 474 2863 1854 1535 2263 900 4261 1330 3000 4132 1393 1023 2847 1330 366 4296 1871 4654 206 4222 1989 954 3488 2898 3122 2931 906 1561 239 2617 1111 465 4212 1001 1009 19 983 2538 66 2720 1010 2810 3227 4584 2120 1331 2563 3509 3822 3338 3387 3094 3350 3608 1930 4662 1579 2132 2107 2233 2262 3054 2996 2060 3713 3246 1466 4606 2442 4059 2405 838 355 3323 4820 1029 4644 3268 2335 3474 3947 1256 163 3134 3277 1253 2655 2049 1825 681 2403 4862 1729 675 4210 745 4931 2530 3607 4155 3712 3687 3711 4271 2696 2449
937 111 901 3966 1010 3060 3184 1226 389 1748 1728 1830 4752 4372 1827 4064 4184 2312 3593 2652 4156 2606 2396 64 2083 4866 964 1861 2381 534 755 4097 4935 1067 126 2858 2347 819 1729 1353 979 3548 1344 3748 2202 690 1422 2801 4016 3056 1537 1659 3091 942 2311 4350 836 2217 1756 2710 1466 4748 3495 4688 4648 3425 2847 2389 2732 3950 3130 2733 2855 742 4700 4284 4574 1548 304 1206 3005 3917 2075 3215 2064 3237 4801 4004 3597 380 2934 612 3831 1561 4949 4222 2968 2541 2322 3217 4460 3807 431 554 120 2296 4376 681 3601 2774 1290 2496 2538 4829 137 4468 1419 3713 4797 4896 2944 3710 1021 2380 1437 3356 2948 4825 4925 3687 972 4926 3954 2355 4603 3588 2007 939 2025 4871 86 2657 300 3281 1263 2518 4473 603 3331 4770 2668 1151 955 2300 2275 4386 1277 3528 1974 1485 4647 14 4519 3598 1827 3848 4762 3617 3302 3566 4790 1531 4969 2585 1024 4680 1778 2501 4186 1195 4612 1203 100 2990 2056 4515 2654 3007 4176 64 605 4105 4737 2651 4181 1861 1124 3846 1528 2110
201 464 2112 4287 4609 3559 4752 1274 1450 309 4861 1320 556 3135 3433 2526 1801 3125 2653 1949 2764 2396 4449 68 412 933 828 76 4215 329 1316 1900 3125 4625 4359 513 304 2382 459 1728 1966 232 3203 1358 3080 2916 2068 3595 3470 615 1506 3131 4241 3794 403 4524 428 2331 2639 4969 3257 2348 2981 4648 2128 3749 1241 2278 1603 1964 1305 4302 4722 1306 3035 3152 1355 688 3651 166 1495 3905 4026 1478 4207 1557 2902 249 1026 1654 1077 262 4623 3124 78 4768 2892 4500 1478 2156 2604 661 3003 1216 58 2966 25 994 1867 2073 4544 4800 3429 4716 1707 460 3285 3994 205 1666 3932 4183 3448 1018 514 949 155 1854 1257 376 2756 4092 3607 4815 4340 908 4596 3252 4195 3110 3731 479 2159 4456 3519 2531 3311 4663 1403 2468 3986 1014 34 4679 1352 985 1484 1267 3847 2664 2451 2057 3920 2319 3719 3499 2811 593 2168 4262 3584 3199 4559 2524 4301 1838 3811 332 4558 2321 1589 4047 4471 26 2746 4355 3348 1024 2607 221 743 844 2063 3799 2075 2449 135 410 1086 3412
4504 2681 3686 3957 1482 3650 1914 2216 729 1412 2869 4798 1095 4848 110 4180 2904 4021 1270 402 2072 64 68 4148 2308 249 2295 4451 3445 429 4126 443 2003 646 3425 4505 1474 220 2564 4743 4371 2412 4878 2017 3372 1936 1672 2843 898 1459 715 3401 4841 141 160 373 323 1176 4312 2274 4956 3852 1576 3569 2665 800 4325 1295 2430 1587 2142 2105 2802 1661 4221 2217 606 1143 4009 2864 2883 2040 4482 1901 1336 3080 3973 4049 1218 135 4808 1203 1168 4074 3832 2527 1791 3007 4749 2376 3634 1169 2018 3012 4899 2828 3153 594 3618 883 1590 425 3816 1596 4844 321 2374 2828 3783 2548 4710 835 1352 528 3614 4825 1496 2764 4202 2568 742 4353 4461 3503 2051 600 2949 1985 1582 3399 3947 856 845 545 1688 3090 3552 272 4818 4100 4658 4017 3306 3076 4804 2867 4862 380 3951 4315 1207 12 995 3742 1758 135 2123 626 4332 3297 4881 444 932 3689 1944 1349 4690 776 4589 557 3314 4529 2213 1853 3096 1216 1386 1481 1935 723 380 4758 1701 1384 2071 2889 2388 1775 4617 118
4712 4835 2470 3652 2787 3399 2896 2822 172 3313 2610 2914 4679 84 3351 3619 1252 4718 4396 4223 4513 2083 412 2308 2964 3913 846 3202 3120 2017 779 4464 3589 743 1802 1455 3313 4879 3186 749 1459 4681 2883 317 1071 2125 1550 2504 621 3451 796 1392 1474 32 3178 1376 107 1407 779 2030 4071 3300 246 2643 728 3394 3596 1928 4678 2766 4311 1283 3618 3039 3699 1106 3413 617 4400 4334 1196 3855 2641 407 3013 4695 2926 2327 2910 3548 4207 283 714 2629 3857 1915 1433 1580 2498 2464 2010 2304 3125 2934 4413 2647 3795 43 3370 4419 2505 947 2102 4893 4066 707 2101 4540 1399 727 4173 1658 962 910 4966 4949 1908 2530 1752 4372 4040 2733 2545 4292 4504 2566 3128 861 1220 4445 1549 1296 1839 284 4600 2898 2077 2858 1395 390 1781 4670 2159 630 3510 1758 2745 503 2640 4118 1782 697 4858 3845 3888 3046 4708 4678 1876 1948 1408 1373 958 142 1084 2435 4849 462 4124 1160 37 693 4806 4184 3580 3593 1265 487 2807 4416 2898 2850 1506 3967 2759 1288 1424 4808 725 2183
3079 2609 296 1767 1807 321 600 918 417 74 3448 1403 243 2953 890 1364 2742 1662 269 3907 4058 4866 933 249 3913 1266 817 3648 1101 3982 4810 3115 1164 1737 4574 4768 2071 2848 3826 2998 1649 1742 453 3266 215 3847 2167 4988 3738 3324 3971 3726 4339 1219 3620 4829 928 403 4054 1359 819 4728 3267 577 1232 3184 2637 1313 3951 4153 4433 859 4710 2637 2955 1727 2385 4656 342 1033 1763 2328 3457 4564 1327 1903 4194 1024 1931 1942 4894 1903 4863 2513 3197 2142 1959 2288 2848 2171 1471 1840 2024 3342 2750 1995 893 4192 3774 3131 3108 2102 3705 751 1488 3389 3986 1195 467 3546 3617 1800 1319 2968 1024 2930 570 825 1819 2333 2785 3476 4898 4659 4743 4854 1790 4598 2481 3018 2976 2204 1859 1194 989 2296 4933 624 3254 995 804 3802 1460 902 2580 4096 4027 445 4113 3617 4669 419 2781 3760 1021 274 3235 2316 542 331 2041 1265 3055 3134 231 1956 2986 3443 3114 1552 3469 2884 3403 664 4738 4234 3357 1543 3179 3199 4663 3295 4035 4481 3599 2123 2362 2969 1110 1773
3382 3902 3270 3254 1963 507 81 97 1224 866 3695 1857 4471 1473 2304 2121 283 1195 766 3741 327 964 828 2295 846 817 913 2309 2514 1096 4300 1678 2031 2079 1787 1353 1236 3504 561 4764 2651 3854 835 264 3928 4210 2629 3636 2351 1088 2383 3567 1044 3010 3327 4374 2125 4553 2518 2479 505 4606 679 4554 2297 2748 1399 3140 4413 949 4388 3241 570 3317 1352 2441 2267 219 2333 2453 3200 1992 2617 1841 1869 4534 886 206 3377 1825 1680 1935 3129 1361 1858 837 1901 2505 2514 4360 424 4531 3993 2795 4955 4042 3716 2168 36 3182 3527 3615 1896 2565 113 1564 3323 690 4583 2605 2489 957 4355 298 502 4898 2593 2031 43 3528 4869 1402 686 3344 3491 1328 3888 3462 3483 143 3577 4328 1594 2700 2175 1817 1009 3891 4173 1175 4229 2610 2176 3329 1305 1575 1655 2228 3361 3057 2486 3099 3782 4495 4655 3505 1776 847 3694 719 3101 3467 1288 3845 1398 1862 2399 4492 3466 3823 1464 4932 1908 1588 3859 1888 3088 3386 3245 2081 1863 838 4005 2190 1763 4994 2931 4226 1066 1137
4866 272 4256 3338 4332 3079 3428 3635 946 4706 4642 2699 2681 3918 1631 930 1630 4928 4260 1205 3424 1861 76 4451 3202 3648 2309 4988 1304 10 2995 1302 192 806 3444 3748 608 1232 2025 1101 3387 303 263 3406 2246 1429 4445 4623 236 3734 4237 1526 1939 4997 1756 4234 4050 2647 3055 2241 597 1953 1947 3988 4747 3858 1617 4244 4730 1055 3245 1398 2538 3738 4497 2943 2493 1330 2945 1472 941 1272 2922 4407 3959 1283 2695 2719 4525 2196 3926 512 789 1728 3592 1443 226 1573 697 828 572 1075 2678 4543 3756 4844 3685 1831 2182 3931 3614 1038 2199 425 4617 2374 400 1195 4410 4215 3624 2324 455 2440 2537 4498 2554 147 3508 1539 1565 2773 4771 2691 934 3957 3602 1493 2439 2396 3677 3814 2454 746 2161 1980 1772 2175 1198 2911 4987 1162 2936 2214 284 1498 3062 2183 3757 1533 3476 3732 141 4540 1869 2044 1849 566 3484 4008 4368 2086 4180 4813 1803 587 1109 3481 915 3515 2549 536 1475 490 4366 3249 750 348 3922 1371 1554 500 3167 2015 244 3657 4211 1666 240 4798
2801 3689 2672 525 485 2816 646 1200 1358 476 1169 4144 905 4886 2690 3125 2501 4278 3276 387 4915 2381 4215 3445 3120 1101 2514 1304 2440 25 3752 877 2290 510 2303 3753 790 2641 269 304 3935 1414 3183 539 4252 2679 196 4129 963 982 2826 4303 4583 3052 3746 3941 2025 4373 2864 2055 3451 192 765 957 4128 3521 574 4352 4300 2485 1106 3834 1028 3260 2129 2304 1889 3242 4058 447 1336 154 2155 1753 4560 2749 3334 4366 3878 4787 4764 1394 882 2607 2465 2650 2948 2446 1625 1724 3957 2495 1370 2502 3528 2508 2155 3856 4231 3125 226 704 2158 2724 2064 4578 1903 4546 2238 227 3417 2999 2720 3137 908 851 4068 2542 2323 2576 3443 2457 1837 3487 1247 4825 3147 3425 4126 1665 3077 4625 3959 2372 4588 3586 4477 4911 3963 916 3927 1887 4724 3508 4453 3156 3630 4616 1475 885 3771 4774 3260 4308 4212 3782 2243 3731 3764 4562 1758 2240 1743 844 4982 2498 3584 111 211 3261 3796 264 1408 4494 3087 4343 1484 4076 4237 4288 3125 4770 1461 1947 43 3935 3930 40 2454 3380
539 1284 4037 783 2753 1434 1947 3781 1166 4007 3145 30 2429 4140 1569 2954 941 1231 3849 212 3105 534 329 429 2017 3982 1096 10 25 1273 1406 4706 4165 3635 3339 63 4930 4497 3781 429 121 2939 3606 3214 4261 1959 495 4909 4762 4285 3934 2720 2208 983 3944 1139 1925 123 1394 2220 2502 890 3195 1608 2717 2887 4891 4060 1683 1246 4601 4171 795 1650 463 1301 2943 4132 4373 4236 1454 3085 1997 1194 1763 4373 3879 4479 115 4029 4171 3849 2617 2620 2381 2253 4944 2618 1529 3149 2141 3797 1297 1779 4238 1238 412 1617 300 2882 1513 1610 3181 3113 642 1173 2192 297 2433 109 2705 4072 1838 2732 725 2713 1537 1575 1420 2736 3904 373 982 602 4276 4860 4493 4043 2818 3008 817 1058 4592 2499 105 363 4904 756 4078 686 2338 45 4960 1884 3009 2888 3600 443 341 740 4276 2054 4372 4097 3192 2239 4369 1840 4107 2111 2505 1083 1480 3135 872 2229 2426 1287 3350 3682 561 3872 4044 1840 2260 3705 1386 1571 4756 172 3176 666 146 2394 3009 2703 606 3261 2271 4855
3450 3473 2154 1139 891 353 2763 4645 2808 1156 3981 4081 3031 4315 1666 4220 621 1694 4743 4811 2139 755 1316 4126 779 4810 4300 2995 3752 1406 4234 3844 3556 4904 3983 4313 1954 3887 3672 4896 3246 4555 4863 4553 4054 3686 1842 2512 3633 4345 1813 3231 3323 4166 3143 4148 4918 2340 3835 2703 4106 1851 4165 2458 4877 3969 1828 530 4572 3362 2484 1370 917 460 3854 2395 4626 4127 1516 2792 782 90 151 1626 4075 348 1607 1362 3548 4009 3069 2587 277 1667 1948 1266 2918 2821 881 1664 3683 3699 3173 2929 1277 4946 1587 1515 3859 1397 571 562 1181 4264 1032 566 1270 4648 2146 1836 4910 3762 3616 798 4236 741 4693 365 2471 3669 4469 781 2849 3166 1507 826 3996 2098 2252 281 4935 1946 2567 1905 3638 419 2981 4631 1116 2516 293 1229 4100 4139 4331 1492 2610 656 1411 2904 4116 2322 4297 4965 1979 858 3115 2600 3181 4328 248 399 218 1975 4477 1591 1395 3962 3823 4545 4263 3545 1610 4024 908 2591 695 596 3352 2669 2846 2708 2437 979 2447 848 3456 2798 2003 4966
3487 71 1516 729 4343 4900 2726 3576 4932 1715 983 855 336 4564 2320 3001 559 3493 251 1727 4787 4097 1900 443 4464 3115 1678 1302 877 4706 3844 2812 1603 292 2583 1300 3928 2063 3808 66 2184 2116 1792 2926 824 3062 678 4073 769 4874 286 4154 2092 1619 220 3024 3787 429 3110 3154 3325 863 11 3499 548 166 4777 4892 1436 121 4512 1806 97 2769 1991 4425 668 4139 2368 3481 3140 2010 981 2704 233 3607 1011 686 2519 4633 598 4341 2165 2909 3097 1014 4615 4917 4181 1909 1282 1679 3030 775 280 318 4123 4934 253 2047 1366 3346 2642 2678 22 1522 472 2253 444 1652 216 1060 108 955 2231 946 4460 4515 4675 763 381 935 4542 2033 3287 639 2909 850 3816 173 2212 4798 1578 429 3926 3039 2149 4461 3469 2642 1996 2192 2962 2539 879 523 4794 1391 423 4264 1253 1829 922 2957 3142 3850 3055 4313 3528 4507 2611 3619 4819 878 1168 1791 2708 1699 2524 1596 331 823 3386 3233 3115 3639 720 2529 3102 3139 3907 2741 1196 712 2852 2302 86 272 4014 1393
4410 1988 3466 3223 673 3748 3366 1417 1176 4146 4159 1015 4185 2036 1387 1234 4915 352 4048 2442 3552 4935 3125 2003 3589 1164 2031 192 2290 4165 3556 1603 2313 2575 1455 3609 804 888 3303 1819 3143 780 3056 944 4738 4204 3396 1297 3616 956 1819 2589 1623 2695 3368 2923 4811 449 2819 2126 2730 3762 1158 3021 2734 2772 1482 2328 4174 165 1219 2091 4677 845 3690 4864 553 3494 4544 585 1959 259 1839 4357 2890 4028 2876 240 1540 1227 1487 4591 3087 1241 2919 276 4929 2648 1001 1838 410 4396 4207 3131 181 2179 2030 51 4290 1797 4991 275 821 910 1141 4582 1820 2804 3408 164 699 2005 3657 1431 3685 2000 3079 183 4114 3316 3213 3210 2273 3656 3615 3222 4755 4674 2459 942 4699 1489 243 2551 3860 4139 4396 4066 3303 4853 2716 3412 1788 1961 781 2764 4993 808 4945 4864 785 4222 3270 1988 4612 4149 4071 4311 1671 4338 3261 4216 4508 4247 283 4007 1052 2909 4002 625 4472 3856 1523 3160 2530 1884 1622 857 540 387 2035 3752 3572 636 2242 2243 4994 844 2238 1499
4114 4895 4467 1547 2205 4372 2079 3098 842 2304 1374 2330 4472 4796 1757 1096 2513 3229 491 2841 2622 1067 4625 646 743 1737 2079 806 510 3635 4904 292 2575 2522 3895 627 4783 4877 4933 1979 2287 1854 2203 742 1539 4619 1631 1354 1539 2564 4295 1853 2092 4439 994 2565 1035 1314 2030 3863 2980 3174 3836 4478 2046 3796 1294 1121 3001 3096 3307 1705 1936 2684 346 4688 2624 1837 718 4244 2586 68 53 4785 1305 3845 3202 4198 3068 4753 1583 1230 4584 3619 1210 2661 4464 4608 177 1381 1929 4917 2511 265 583 4041 4499 4797 3703 3241 1981 4857 3305 707 1919 3517 3429 2185 634 1125 359 532 2120 1916 3954 3724 1961 3337 1983 3202 2376 2749 222 174 2703 188 25 2149 3695 798 811 1022 704 2106 144 4559 1968 4705 4412 3225 3851 580 3721 4783 802 1428 2083 3535 2137 1113 4182 2114 4273 3020 292 54 1156 1436 941 2601 3448 3362 3745 2485 3650 4129 2582 274 2960 4727 4182 1826 648 3342 2521 3148 2129 399 1263 3276 1412 2317 2102 2187 4322 2448 598 249 4313 1803
765 4295 1723 3791 874 2079 3383 4783 1951 587 1109 2296 2324 1664 2137 4061 1386 701 65 3260 4548 126 4359 3425 1802 4574 1787 3444 2303 3339 3983 2583 1455 3895 4926 407 168 4695 1142 1375 4445 4619 2136 2361 4233 1765 2747 2653 4031 4755 3942 2907 3922 4166 3158 4299 247 1166 4150 2512 831 4845 2990 2746 3106 359 2016 2225 1224 2295 2943 4175 2990 4778 3846 2550 2554 4040 1904 1633 4973 2987 502 605 1177 2437 1243 1689 1927 4971 877 1780 3463 1040 1638 3786 3937 2248 2514 628 790 1149 4533 2449 1272 4807 3984 3218 4244 491 1545 3489 4878 4076 3300 1099 457 2962 2740 4371 4969 1441 4493 2722 1046 1156 3636 100 4132 2847 4016 1075 2564 1389 421 153 3894 2317 1897 1289 2458 3885 810 4938 4047 1391 2734 2632 369 4713 2759 1314 2278 2770 4602 4593 348 1316 4066 2058 2468 4224 4788 4481 287 3805 1138 1296 4930 4046 3138 2248 3288 2232 1185 3164 705 3755 4685 4644 4623 3316 2480 4097 1210 1783 2668 3051 1533 789 197 623 2059 825 2946 3113 4030 3238 547 1081
537 3733 3483 4845 2572 3402 4618 4569 2808 4563 4795 3358 775 3534 1595 2330 1793 2955 130 2606 2116 2858 513 4505 1455 4768 1353 3748 3753 63 4313 1300 3609 627 407 1468 2953 4239 929 4499 2138 766 954 664 2509 2486 395 1158 1976 3813 451 2567 1728 4766 1693 3485 2857 2759 2581 1069 2762 2415 4398 1475 3217 4624 169 1081 2119 116 3148 4349 104 3306 2502 4555 2722 1718 4469 4436 1766 1579 2704 2698 2925 3847 2363 3640 1415 2043 2821 436 2402 1140 3356 4107 3973 2033 1866 719 3811 502 453 3851 1270 1919 4545 2030 3865 1299 3769 1069 2903 4143 2413 4483 3221 1951 2245 1667 4688 768 685 4209 4409 3134 63 3368 3601 4200 4441 2793 805 744 2462 4466 3377 2619 1216 3441 1296 1908 3569 3127 1243 4410 4338 1139 4961 1622 2860 2351 4407 1207 287 2989 1305 1665 4225 1187 843 1859 2033 4307 3332 4295 4264 3864 2207 167 4887 54 306 10 4293 1676 1889 1028 1770 3729 2242 2980 3200 2515 3637 1941 1546 2424 4817 4567 2779 2958 717 2423 3449 1738 3086 707 2479 4216
945 2510 2131 338 3345 652 1275 2492 4332 807 821 1651 3944 362 4228 711 3813 3170 578 112 1305 2347 304 1474 3313 2071 1236 608 790 4930 1954 3928 804 4783 168 2953 3651 3192 4901 1970 1130 3143 913 2983 3549 3890 3300 2858 3291 4384 4999 188 4631 3841 1924 2506 1266 143 4867 2465 4897 1259 3353 1121 4978 2197 2745 1883 1307 2454 4308 310 1924 812 3890 3867 916 2335 4785 4824 2504 2957 1290 793 4814 13 1847 4950 1898 4291 295 1591 4480 1945 799 2806 3027 4193 3301 349 855 3484 427 4711 2917 289 4113 2390 1533 3246 1074 2301 3541 3575 1368 488 4037 4965 3545 12 1015 1661 4855 4742 36 2951 1366 3515 3519 859 3792 1399 2956 1769 3069 2599 3383 3464 1657 1824 1519 446 1582 4757 3351 4410 108 3598 2828 3007 1944 1365 3635 757 1585 647 2695 3340 75 1599 3893 4513 2603 183 2526 2769 4791 3812 2131 1288 2416 2770 3501 2802 4812 4732 3786 652 2375 2516 2992 3547 915 1118 2158 4936 2578 4927 741 2246 3277 34 3007 4822 1908 2741 4984 4737 4244 1297
975 3869 427 423 2133 1646 4980 585 2318 308 1832 2589 3232 4196 2363 2980 453 3321 2938 2067 1004 819 2382 220 4879 2848 3504 1232 2641 4497 3887 2063 888 4877 4695 4239 3192 2518 2179 101 46 2950 184 1068 2871 3172 2874 958 3820 1722 1439 3746 3735 968 1287 2283 61 754 1907 2416 3594 2805 1733 3288 369 4974 101 4119 4968 2120 4358 3736 2036 3414 1007 1617 1454 767 2431 781 4502 4454 3421 3160 2415 3653 3939 4699 2116 2120 2019 4277 3351 1176 2550 585 4294 3617 2200 3479 2191 2637 219 1233 822 2762 1724 4555 3524 4286 4864 1931 1841 1798 4294 4204 4022 3371 1035 1098 1298 3991 3174 682 4012 4867 3511 3193 3140 4048 2000 3487 3670 878 3420 897 2104 4527 2923 4352 750 2437 676 4236 3314 194 4732 3488 2008 2179 4692 298 1929 3772 417 4402 2284 1385 4089 3793 4858 4131 2773 3479 1408 1012 4535 2064 1274 1979 3043 3179 2866 1043 2423 1118 1915 1698 4393 430 4143 2501 4006 3343 708 3623 510 1183 3955 4135 4663 3461 4820 702 2581 1521 4795 875 1899 1657
1838 806 1110 4545 3049 1668 2776 809 814 3817 1622 507 4592 4989 2819 841 3636 689 2579 1034 1570 1729 459 2564 3186 3826 561 2025 269 3781 3672 3808 3303 4933 1142 929 4901 2179 714 3383 2178 4614 3172 4953 4660 1222 843 813 3185 2753 1936 4735 3071 216 3115 2460 3070 1646 4487 463 4595 3603 1942 115 2895 3632 4958 3373 4814 2108 2495 3405 2289 4962 20 4596 1273 4977 3422 1506 4103 1875 2651 3988 3938 4562 3447 3972 1521 3705 2416 4763 4393 547 3118 4922 2641 2419 4090 4777 845 302 703 4204 3753 1799 4984 2258 2594 1106 2811 1722 265 4160 4940 3541 2067 1950 3737 2819 3832 203 165 2150 1865 992 972 2232 2112 3808 1184 2826 1167 1072 1038 2353 3009 1908 1939 4485 3600 1807 108 145 482 210 1241 3049 1688 4234 4102 1770 4250 3749 4139 1581 4390 997 409 2182 935 3511 1253 1569 279 2692 1524 1582 1535 485 1342 1373 2127 616 4132 2565 1956 2839 1188 2701 3549 3860 1498 430 2030 255 1894 4420 1066 151 1273 3063 1583 2090 782 1815 2256 233 4672 3865
3145 3487 3277 280 3615 1666 18 756 3293 1198 4415 3803 576 2395 4902 4695 638 440 3611 681 1418 1353 1728 4743 749 2998 4764 1101 304 429 4896 66 1819 1979 1375 4499 1970 101 3383 1985 3048 3994 2089 3650 2201 2233 152 2576 4134 2587 132 2707 2762 3758 2590 3394 3250 4230 2988 2263 2042 1766 3048 4877 3941 2143 404 3519 590 312 4983 2154 4809 94 766 174 720 129 3875 2817 4430 2752 3469 2015 2318 3211 4741 495 2050 367 3098 1780 680 2501 2296 3697 2357 3251 2444 3039 4827 4931 340 1777 1805 445 3130 1565 2347 2889 4022 2412 632 163 3176 162 4086 3576 3707 938 996 2763 1501 1315 1861 3659 1032 2577 155 2368 660 1213 299 3697 2465 1356 3728 1308 2762 4229 3920 3079 3839 3502 4000 88 4121 797 1438 2997 497 2096 4322 2802 1377 3357 890 2611 4543 3178 1463 4542 3101 2268 1991 1367 4260 2057 561 2275 3318 903 3280 931 4772 1167 4203 726 3152 3315 1017 71 3569 1281 4513 364 3470 973 670 428 3014 2516 4706 4597 695 3169 4817 1880 2866 2538
