N: 200
M: 40
Symmetric: true
Triangle: false
1 31
6 5 40 65 87 104 120
4 154 35 98 179
5 188 164 184 81 24
3 194 200 43
5 85 47 119 86 84
9 56 167 29 139 89 97 76 70 46
4 101 149 140 62
8 162 95 107 26 108 92 21 30
5 54 131 1 192 198
4 37 143 110 82
4 137 3 121 157
5 126 64 14 195 74
4 16 19 90 102
3 181 100 9
6 10 135 124 80 8 53
3 117 111 60
8 106 156 125 176 133 127 114 59
4 18 112 79 6
4 115 118 28 113
4 45 55 23 169
5 136 144 170 96 190
5 193 142 187 61 66
3 50 186 4
5 72 116 109 67 161
11 174 175 11 12 152 36 41 160 166 151 146
7 71 123 73 103 38 138 159
5 105 122 134 88 132
2 183 165
7 39 163 51 83 94 2 93
3 168 15 33
6 17 130 172 13 178 99
6 78 77 49 182 75 196
4 20 63 199 148
7 189 141 185 68 177 128 42
3 57 69 155
4 7 191 150 147
5 22 173 52 34 197
6 180 145 153 32 48 58
7 129 25 171 158 91 27 44
4931 2581 953 3580 2967 2781 497 1045 2974 128 611 487 4177 882 4743 1141 2296 4996 4180 2013 4546 2941 4207 1403 1411 3257 4269 2777 1398 4483 4664 501 4263 208 1623 1695 4629 720 3407 2400 2397 64 3381 3591 2259 4711 3935 3553 3928 4940 2217 831 3466 3923 700 2484 1380 198 492 289 433 2668 711 4404 1427 3124 2968 3809 1050 54 4878 3233 4491 1374 2124 1853 3394 3137 987 4917 3670 325 4093 21 330 226 4834 2174 314 23 3595 4137 4044 4467 4645 478 2018 4216 4424 532 4792 3372 1096 4869 1892 471 391 1161 621 4507 450 770 3121 233 474 373 2122 245 3095 2365 3811 4982 3369 1722 2821 195 1535 2022 2510 3302 1362 2656 1109 4757 2582 773 3522 1860 3848 2637 866 1454 2364 2473 3319 2649 3344 3496 3927 4536 622 2061 3512 1735 1109 21 1795 1808 4569 2892 3510 4625 4607 4033 4226 4915 4497 4433 922 1532 1274 360 1033 1387 4926 2065 116 3119 3293 1220 3854 2551 3408 99 944 4448 184 4445 4936 1733 630 108 3199 622 4535 1357 4378 4407 4031 3666
2581 3234 4886 2217 12 2029 1611 2412 4745 3887 1710 4183 1757 2664 3273 445 1841 4420 1130 757 3082 54 1798 785 4229 3939 1240 960 1941 3810 858 3155 4843 2076 384 3563 3502 2302 2054 482 3905 4940 1675 3262 2015 742 3964 2162 458 137 986 1740 3588 1794 3123 1633 3318 4685 2690 1089 3952 2616 2000 56 2962 433 2406 800 31 2715 612 1446 3754 3188 1729 3956 4850 3206 2180 3398 1574 3127 3370 3549 2079 114 4476 1652 522 1400 2070 830 2136 1006 4556 613 423 4100 2238 2128 4359 3841 260 43 1990 2894 2716 115 2339 2813 74 1098 387 1628 2341 4598 338 4068 1855 1359 3268 2407 1074 1015 1337 3273 4337 1695 3531 158 4473 1164 3196 4473 2715 2021 4463 209 2733 4091 612 1751 3338 3042 221 4649 206 2377 4623 2583 2467 2355 2488 3903 347 34 778 3509 2684 1424 1996 1283 1852 4203 2266 1562 3233 1662 2841 1092 797 3893 3315 3576 2446 3376 1606 1497 3829 4531 52 3214 2440 1494 3254 2635 56 2741 2978 3012 2557 1377 4219 1549 1010 84 2219 3340 312 4231
953 4886 392 2727 4146 2968 2680 1529 1935 4372 3673 202 2073 1419 3955 2932 3372 3672 429 2179 4167 2708 2324 1311 4333 2027 1189 4996 1021 2874 2713 92 1839 1777 4331 1416 3404 2192 4034 3569 1251 4089 4747 1220 204 2347 1564 3552 663 4222 3682 1864 4831 1721 1356 1594 2131 3884 3744 3119 398 690 3001 3117 4640 2256 1603 1663 3140 1623 655 4661 2256 2269 2210 1035 856 3422 2357 3181 1522 568 1290 2274 2946 3442 3018 2034 1329 3749 4942 4770 2543 2303 4716 2220 3158 4155 4333 1714 4996 1504 1574 104 2875 3501 2079 4464 335 3236 2824 2064 4351 825 3031 1238 1939 2277 4394 2067 546 1328 660 2034 4713 3908 545 3208 3760 4637 2252 1961 2270 3572 774 3122 3174 4728 4944 3240 983 2156 701 2829 533 3680 4449 3428 335 3327 127 949 4123 2734 3836 686 3959 3248 422 950 3189 235 792 521 4997 365 843 1425 3920 910 253 2749 1530 2077 1999 3482 1445 2612 57 4354 2217 3337 2156 3637 1957 4967 1100 2079 777 829 3465 1736 2873 3391 3180 34 4683 3315 167 2247
3580 2217 2727 4575 4061 2365 3096 2632 1060 2773 3660 2661 2100 511 4227 295 3076 4301 352 673 316 4249 1895 507 1832 1504 314 604 478 4157 4545 3882 2498 3612 3092 3289 2292 756 2665 2282 2893 3349 2304 1169 3311 4154 1960 1443 1723 2343 3430 2578 3819 2765 4137 1114 3181 4441 2787 4839 3192 4537 4577 3205 3565 1555 4476 168 2119 2546 4901 3306 982 662 1502 2870 718 4818 1023 347 4985 3362 2645 1650 3140 4144 2851 2634 2609 1590 2569 3341 262 824 4661 3152 529 3783 1248 2102 4740 1195 4435 4050 4438 447 3625 1557 807 4334 3357 3775 1355 1423 760 1080 4294 2091 449 324 673 531 42 3208 2530 3982 3363 533 3604 548 4796 1523 430 3572 2141 4041 4790 2169 1301 4686 2948 3849 3926 2804 1286 1549 4883 3437 1337 2167 3821 1396 3667 2831 3544 2444 1328 4379 2872 2809 2119 1513 4480 2283 1714 4071 3494 1968 2849 3779 4540 3297 2561 3793 4524 2886 332 2839 3152 4238 3337 4709 4210 4315 2862 1313 751 3602 229 4943 1960 4836 4047 3921 4266 578 123 2601 2183 754
2967 12 4146 4061 2745 2259 2193 4810 3181 1295 3446 2914 1298 1719 3211 2055 2904 546 3350 1682 2758 1425 3911 248 1373 4807 3005 3106 3870 2558 923 3274 4152 3457 1204 1452 690 247 1220 2276 3366 4861 4323 3070 4975 561 4964 4316 685 2926 2850 576 4561 2208 779 966 2654 4170 985 2414 3992 1321 4713 4552 2941 4668 3048 3669 1090 1876 2348 3985 1553 794 1697 1158 494 3802 207 2717 2252 1877 1706 3972 4980 2390 1737 242 3276 2108 2338 2371 3156 2485 922 2721 789 4139 3945 1469 3560 1690 4923 537 352 32 646 4124 3807 3293 1764 2390 2737 4444 4614 685 3186 848 1909 1075 4249 2749 4650 1197 2621 4951 4225 75 3249 4892 3863 2682 4830 2870 1269 2644 1196 2713 2451 2926 1057 4202 3839 4422 193 4141 4738 2535 4313 4935 27 4173 2024 4132 40 4030 1602 2188 2888 4800 1163 3337 555 3955 3615 1592 1977 382 3478 4397 4443 4903 4402 1917 1308 955 1562 4028 625 4192 2736 1013 1738 719 3372 2663 4375 3236 4583 3605 1244 4090 141 4038 4090 1228 4495 13 1156 3661
2781 2029 2968 2365 2259 4107 4042 4327 2994 1421 778 832 3704 3540 2970 3466 2884 2507 2047 3203 856 4089 2040 916 2380 1609 3775 4829 3605 4000 4620 3359 2888 1353 2412 813 2278 612 1702 3734 3753 4175 3767 3101 507 2690 2322 619 11 4712 1290 4280 2762 4145 4963 3664 4675 875 4857 4757 1178 2767 1548 3304 1103 3331 2547 4699 473 757 3585 859 2614 1063 767 677 4360 3071 4748 4491 2417 3262 2688 4626 2375 3399 4406 176 3244 1197 2144 2717 1476 2934 4823 1114 1629 2220 4629 4228 2005 4524 3072 2967 4274 576 447 3457 4379 2811 4448 1280 2251 185 995 1955 1866 3714 4652 40 4525 4895 4339 3198 3898 4622 1862 3943 2771 4131 1213 232 116 4409 4357 3899 3575 1756 1112 1427 267 2521 3114 766 2259 4269 366 1688 2927 2002 1654 4180 4329 152 4330 3756 693 1326 2087 2732 797 2978 2606 2231 4465 4997 4283 2846 700 4815 889 933 788 3769 2245 2545 350 3038 3657 402 3657 4396 4634 1148 1732 1475 4986 3619 3201 1673 4907 2048 1497 676 4598 421 967 667 2739 138
497 1611 2680 3096 2193 4042 2441 1630 3533 434 4938 2876 3958 397 1283 56 1227 1147 237 4902 4647 2775 4997 3331 351 4815 2326 3068 1775 838 4449 497 1440 1697 2078 4660 1832 4082 2300 1711 4024 1302 4344 4771 1560 4697 2166 682 3503 3254 2208 834 1544 2489 2123 730 1748 4185 3918 1459 2856 767 3044 2708 681 1057 117 1537 3244 4412 2975 2089 3179 4826 4610 3596 987 3482 1194 852 3293 2183 4964 2450 1493 2252 3231 136 3268 2925 4773 989 4777 4145 3638 4986 1244 306 4172 4309 384 866 4095 1811 324 1110 4656 4436 3235 3566 2026 2379 2745 2108 4985 3798 2020 3104 4413 2132 2611 1277 681 4124 1152 3787 2060 1578 2506 547 1448 1658 2358 527 55 2147 596 389 501 2298 3905 1366 2974 1944 990 3970 4976 3333 3674 2956 4747 3614 3224 4349 161 2404 1041 3789 208 446 3038 2099 3810 3349 1652 1334 1959 1462 678 1530 3611 51 1126 263 2095 317 1934 292 3174 3895 4921 4209 3547 495 3498 4469 219 2978 3631 4124 1612 3259 3693 4226 851 571 2101 3236 3414 3078
1045 2412 1529 2632 4810 4327 1630 2676 2197 2264 1502 1111 3120 2340 2896 3750 2694 3342 1773 4084 3071 2429 3168 3273 455 1622 3532 305 902 1033 4123 336 1714 478 3324 2578 339 1504 4622 4619 2625 2127 1584 4997 4189 3227 1253 2182 2096 3183 2965 165 4370 3058 662 1497 1214 3917 1138 910 4416 1066 2213 911 4776 4495 3938 2194 847 1803 1131 316 330 4326 2075 4664 4772 1304 3939 2755 2149 1661 533 1976 1393 2670 1513 395 932 2559 4088 1471 2851 2466 2902 3040 2789 3763 4621 836 1878 3548 3890 1507 421 3872 2942 3673 4934 4058 4395 2084 490 2282 3573 4793 3633 3845 4831 4224 3263 1698 3601 4090 2057 2280 236 4299 407 4711 4559 495 2508 2007 2329 3982 2596 2139 4749 4874 1346 2277 411 4310 3294 2314 2149 1145 3975 2083 4296 2084 771 3331 3368 1942 4289 2976 2901 4817 1268 2758 24 3401 486 4013 1575 4845 1892 2450 4113 2285 2723 2998 495 4308 4396 1824 1404 1394 1533 1260 3701 3974 4725 3279 4598 1716 1627 3284 1503 2734 362 2248 1290 4678 672 480 176 3090
2974 4745 1935 1060 3181 2994 3533 2197 3875 2895 1009 4355 2010 627 4730 961 1057 4667 3334 2739 1118 4748 2153 1247 1411 4020 274 2555 2312 856 4388 445 2931 3894 629 1878 1087 4628 3147 1091 2324 281 2013 149 969 1373 3121 3557 2810 2358 3212 4001 4241 3353 775 2322 1710 2351 1025 4376 592 4026 3116 3914 1592 1036 4564 505 2884 1672 3744 813 4760 3703 2818 3400 1513 1808 4030 4981 2695 2647 782 1030 4908 3749 4747 90 1046 2659 2252 1781 2821 4822 2030 3779 1438 713 1338 3849 1592 1148 4717 4126 809 1287 1355 4390 2532 594 3472 55 2474 3971 3872 4549 3404 4534 2675 3909 1827 2405 1051 4379 3872 2831 100 21 3242 4946 1962 2989 156 953 3074 4554 4239 2868 320 945 1563 2254 3951 3301 4819 629 3985 3707 3214 1096 4738 4280 2205 799 1122 4647 21 4481 4958 928 707 4884 4307 2206 350 4173 992 1734 2513 3651 3575 315 4750 3556 4278 1424 4766 3973 2132 4060 3200 4558 2513 62 2607 2511 2335 2416 1040 1390 57 2452 951 1816 2579 4181 4298 2541 361 4404
128 3887 4372 2773 1295 1421 434 2264 2895 4215 3584 2769 3981 790 1414 2553 3186 4059 3732 1062 864 3214 609 3358 3138 3078 2458 270 1244 4374 928 1205 2980 93 1290 3600 2086 1292 2926 4610 4398 2266 3269 4254 2128 318 409 3991 198 3017 3926 4131 4902 603 1121 3002 4933 3423 2463 3151 1041 1039 2785 1876 2836 4719 2854 1314 226 2450 515 4929 2080 23 287 3648 2728 3049 2959 3733 1147 4775 4748 166 4238 3709 1877 4287 4240 2122 2982 3138 2368 3188 4065 1858 4019 440 3961 888 3899 1847 1263 309 683 4370 244 1543 598 712 844 2490 1767 1358 4742 4130 4359 731 747 392 179 4771 354 2808 463 1000 3877 2903 3216 2306 2203 4466 884 2393 4173 862 2221 4369 2680 2445 2553 4011 4978 1877 3966 4424 4007 98 1422 22 3470 2736 2977 4425 4095 4327 4609 3884 2334 4857 1914 163 1563 1470 2112 3959 2148 2502 2386 3079 327 4849 4070 739 2274 3171 309 861 4681 3802 3781 1967 4727 3855 734 4372 1960 2242 1268 2019 4421 3391 863 1024 2060 4859 4984 2999 4844 1823
611 1710 3673 3660 3446 778 4938 1502 1009 3584 2355 4585 4771 3598 4628 4835 1481 2826 4786 2051 1919 174 761 918 4627 219 578 4808 548 1050 1159 1131 1139 4600 42 1338 2414 4810 4340 668 1852 3003 4841 4292 3737 3616 2094 4876 4249 4534 4387 749 1185 131 4609 4180 4857 2117 802 4609 4895 4694 2310 236 3445 639 3062 590 1715 1198 4577 2502 683 4743 1951 873 819 3215 2454 3989 1934 2169 213 3458 585 1747 3368 638 3162 1981 2834 2852 3326 1092 3084 527 169 3466 1277 1289 3260 939 1806 1195 2644 3058 3620 1878 1304 1847 1177 1963 4465 4165 3356 3874 2089 1120 849 3118 3628 370 1938 824 4287 2172 4372 3469 2259 1507 720 2046 2021 3429 3141 620 2313 1135 4900 3476 3463 4398 3425 3538 2788 1628 1625 3969 4670 3610 1066 2589 2880 865 2988 829 2174 946 4399 2416 2494 2763 1951 3172 3281 3624 366 3775 3758 3954 4559 807 4470 2797 2978 1783 4122 3527 2132 2722 678 4717 3429 3876 681 3826 910 1595 591 485 4350 2519 1729 1489 802 3571 2674 2894 810 1293
487 4183 202 2661 2914 832 2876 1111 4355 2769 4585 1056 1667 372 4468 3158 3492 2707 149 2848 241 3711 4219 3683 507 3895 90 2685 1722 678 841 2232 3043 583 3270 897 3451 4133 1174 951 4162 95 3875 3768 1079 127 72 4214 4312 554 2371 4131 1901 4861 650 2691 2889 2904 2658 734 4538 623 2128 628 2843 3503 4066 421 1570 2456 2053 1315 1961 2611 2709 4773 4098 4035 1612 2266 1406 1366 3417 1149 4369 3278 1971 2241 4698 263 1543 2020 4974 3846 4862 2697 1087 1099 237 396 4842 3455 2051 1133 2830 3600 2394 3192 1323 3246 4506 4646 4983 104 42 1469 534 1573 3056 4811 3201 4851 3036 4800 1603 4918 3976 4799 2093 3097 1146 3180 785 4283 3507 4655 2437 1605 1562 1177 4540 713 2399 4627 3513 1426 3272 394 536 4718 2905 4265 2953 759 2673 4079 878 71 2884 774 4416 1141 395 2255 2112 828 919 1232 1671 2299 1314 724 431 1468 1810 980 80 4933 304 3654 1234 2692 232 2271 3123 1684 2248 4779 3175 900 4108 4432 3755 2224 1744 2054 4554 360 1957 3686
4177 1757 2073 2100 1298 3704 3958 3120 2010 3981 4771 1667 4299 1457 4206 1648 3909 2557 3443 936 4587 3729 1296 2503 2157 243 2554 1423 1156 4397 1452 4349 1729 1112 2878 941 2135 3017 225 2617 4094 328 661 2791 492 4614 2584 4757 1605 4097 2208 1422 4509 1944 1373 2428 1914 3734 1706 2723 1738 1002 2132 4249 2125 1204 1008 4933 4108 1651 3296 3590 4845 3255 1674 116 3700 3970 1252 1927 4862 99 3702 504 1489 2060 71 360 85 2808 103 2514 2540 2223 3442 4744 3559 1617 3464 3161 2634 4117 2165 1697 1132 776 4371 988 556 4040 4517 1633 2315 3556 2682 3629 3587 4880 717 4741 1075 295 4352 2160 4101 3178 698 1044 4849 4444 1790 4616 165 1208 474 4081 2541 3070 538 1265 4139 795 3398 3536 3653 4105 792 458 4379 2638 3638 419 256 3437 4907 2529 4455 1032 1834 2845 1737 4967 2702 96 2816 4401 1723 1710 4035 74 891 4098 4823 4466 3645 4160 33 1118 1937 3915 4559 755 1976 2530 4382 2651 4996 3842 3913 4803 2098 4105 4665 2197 2001 955 2292 2700 578 223
882 2664 1419 511 1719 3540 397 2340 627 790 3598 372 1457 2457 1923 400 1236 791 3571 1310 4386 3804 2785 3479 4241 2231 4960 330 419 4936 3604 4656 2546 590 2395 4486 3791 2750 640 3790 2940 2964 824 3651 3484 4663 3834 1844 603 2562 417 3078 4021 3808 3990 4904 583 1212 84 4101 2754 1388 336 4444 1215 4284 2401 4571 1416 4553 740 3375 332 1925 2449 4539 581 187 4646 1633 559 1626 1153 3472 2563 2947 606 4031 796 3125 42 2862 2911 2170 4530 4448 1421 3265 1644 4118 2505 3436 1538 1701 840 2514 1206 2099 3577 2828 4743 2540 2316 2636 3703 3578 4551 423 4555 1123 493 4242 1344 4396 3339 2060 4156 3602 4513 4242 4255 989 4429 2644 1874 2581 4096 3788 3737 3210 4345 2783 4313 2990 2771 3530 3297 1032 3387 25 3046 2849 4345 3232 4425 2855 1291 522 4660 4547 150 4541 449 837 4508 2391 4512 103 3185 2918 121 477 3057 4499 3219 3166 2964 785 4073 4964 1283 2313 2411 4421 3963 2646 3583 259 2260 2027 3704 478 1182 1553 4099 4415 2526 4371 3540 564
4743 3273 3955 4227 3211 2970 1283 2896 4730 1414 4628 4468 4206 1923 4164 3269 4136 4133 2866 2538 4582 2892 765 2570 3572 1029 2105 4320 663 1657 2268 1111 2897 2487 3608 2319 3302 2032 2560 3421 3812 4676 2265 481 1193 1055 582 4989 244 323 579 1726 4781 1654 3539 900 2404 255 2362 1167 3089 4117 1917 3802 760 4609 797 336 2598 903 1255 1200 1805 2251 4144 1490 1019 2746 1636 4951 474 1078 1220 242 2088 277 2178 3287 2789 2061 2100 168 2017 106 2755 1697 2881 819 989 4071 2615 463 4849 2946 371 4861 4113 1683 4347 4377 1182 2372 4840 1141 1475 3171 2098 1185 3340 4175 2332 1621 2203 2519 2746 587 4129 2017 4126 4738 1015 1821 4087 4367 519 4999 2369 4823 2852 3180 4053 410 2293 4574 130 720 2840 3763 3822 2779 163 1965 4927 1268 91 284 623 1610 3398 1956 1634 2121 68 241 367 4757 4834 1761 3351 2736 3490 3622 1702 376 1716 2542 2685 1427 2918 2275 4202 3952 3445 3079 3258 1023 340 3019 695 3066 3009 4089 156 4803 2539 1823 1522 2659 1976 1125
1141 445 2932 295 2055 3466 56 3750 961 2553 4835 3158 1648 400 3269 3908 2356 4503 1647 2096 1378 1515 4690 3153 2854 619 3834 1255 4544 4572 3582 3129 1406 374 3398 1659 546 3153 4372 3904 234 1081 1494 4565 4313 2834 919 1183 476 2363 3556 667 3172 455 3371 3090 439 2256 1848 4840 4118 3912 4798 606 3106 2924 39 4531 484 4731 1083 1157 4214 1580 2093 1977 4357 3094 3742 1480 4717 3429 4823 528 4444 841 756 3604 2536 1551 170 2312 1170 580 1922 1605 4153 2925 2628 510 2500 3320 547 633 3333 1055 1299 2475 3634 1062 1388 1316 4805 3386 2887 4138 3032 1729 3475 1306 3737 4919 411 92 1548 4144 4493 229 4037 1125 3597 2596 3200 2695 4539 1216 3674 3152 4825 3984 4802 1745 4666 3949 2889 1091 4266 1752 819 2175 743 1683 700 1299 172 4943 603 544 4255 4674 614 2807 2764 4683 2815 2873 884 81 2064 2622 3118 2864 141 619 4652 4825 4061 2571 4308 269 4430 4366 4583 4486 2564 1033 510 4122 1235 3016 1541 4265 4907 2056 787 2965 1834 4063 3854 3693
2296 1841 3372 3076 2904 2884 1227 2694 1057 3186 1481 3492 3909 1236 4136 2356 3002 4927 1650 1152 4286 2717 3471 3345 3035 3559 4464 3837 3598 1832 2891 571 2614 1041 4557 1240 2256 2519 859 4845 441 2692 3093 2929 3746 3428 3251 3143 1706 1421 1292 907 3825 4791 4630 2016 3038 1945 2257 1803 2323 1214 132 1741 1098 884 4966 4293 1529 1932 1487 1407 2377 2403 674 2985 3506 4601 2425 3221 1258 813 2653 4584 881 3290 565 3684 2175 1624 237 4851 2784 4192 2693 926 3783 2232 3844 368 2029 2300 3876 4289 2463 1086 2419 611 4450 1382 1769 4692 2554 1327 4385 3818 1333 4474 1992 989 3563 4083 3050 1014 1038 1651 4278 3433 1663 1506 3907 3428 3845 157 133 3041 1795 252 3807 3829 2626 95 1588 1286 4903 2024 525 2693 3909 3906 2172 4509 2253 3381 2781 981 1825 4762 1109 3475 2143 3656 4783 3702 293 1432 3489 2859 4297 2438 1525 3842 4351 3115 1281 2229 2089 771 4807 1798 2794 1541 1340 1641 1957 1251 957 504 4746 3348 3078 1965 2563 1446 3667 166 4840 3487 4863 3398
4996 4420 3672 4301 546 2507 1147 3342 4667 4059 2826 2707 2557 791 4133 4503 4927 2531 3505 3425 3505 1645 1334 2407 2165 2848 875 4300 4280 4980 2028 869 1484 231 1752 2764 4160 1383 1909 4639 2049 3215 4932 2401 4391 242 806 4301 2563 3204 195 3308 687 1716 1462 4672 4890 4862 2580 3682 1606 4220 1825 3895 2984 4154 102 4997 4628 3448 4924 2782 4304 3256 4025 4414 1777 3587 253 489 210 4681 1214 2330 1255 909 4070 2197 4444 3607 479 2846 2589 2655 785 2013 2449 4008 2286 1766 3459 1731 2743 2202 1702 1294 2275 357 1049 1053 3239 1680 689 2748 4374 510 2412 1338 1462 332 1123 3964 4010 3499 1255 2192 3730 3208 340 4652 1284 2891 337 2106 2596 370 3578 3659 4786 2893 2758 1295 662 4115 4587 988 22 839 3781 1065 3455 1160 4428 469 34 477 4313 1427 3319 1066 2766 4686 3874 2324 4449 2158 4245 4853 3812 1891 4238 4486 190 392 3194 1757 2235 2405 385 2959 744 4309 846 1024 3481 3367 4907 795 3208 4790 2338 287 2701 1676 2064 4085 3248 2670 1919 3600
4180 1130 429 352 3350 2047 237 1773 3334 3732 4786 149 3443 3571 2866 1647 1650 3505 4243 4057 392 4657 1614 3085 2129 1791 4125 2451 618 734 2715 602 1217 804 933 3839 1184 1198 4368 2312 4082 2302 3905 3062 4012 2481 748 3422 564 2290 3610 1818 2862 1932 4137 760 4906 1032 1745 3599 4227 3083 670 2269 2180 4715 4830 2846 4578 4084 2074 3044 3176 3926 1587 4281 4821 2341 4120 957 3005 647 1295 123 885 672 1913 2017 2160 3559 1632 3321 1082 112 896 4948 1466 3852 4776 3381 2142 771 3358 2081 3229 3716 1614 462 240 3579 4326 116 3448 766 760 2743 2392 4942 3701 2275 950 2291 422 1520 4437 813 2324 2570 4940 2794 4595 4561 751 628 3844 4406 2860 1186 4004 3066 131 1946 3608 1482 4098 3644 1302 1660 2103 1217 1510 861 525 2296 1423 256 3123 3881 1700 2766 88 981 1923 2085 4337 1076 2918 3222 40 1263 3170 3771 4017 4487 889 260 2084 3358 2628 2256 4051 4195 2042 1971 4282 1439 999 4393 3597 378 1392 4117 4241 4889 2476 478 3218 3994 2554 2091
2013 757 2179 673 1682 3203 4902 4084 2739 1062 2051 2848 936 1310 2538 2096 1152 3425 4057 711 1419 627 3424 23 4416 2624 3891 1290 1445 4276 4117 3631 2917 4072 1182 3521 1554 2839 4798 4558 13 169 3236 466 3980 4425 2936 1081 4835 1904 2197 2668 952 930 4226 199 2654 1986 530 1871 3519 4807 1169 1460 3009 4502 4875 551 1850 20 99 3861 4199 878 350 4345 1478 4042 430 762 1371 2894 2383 4886 4085 72 1928 4656 2253 759 4945 4855 3714 927 1256 977 4243 4393 3322 4056 354 4104 1062 3465 3373 2276 1065 362 54 2514 1321 2364 3697 4584 2696 1214 1038 2793 4395 2876 2044 3988 4323 376 2251 3669 4057 3393 2839 2423 2958 1474 4794 4371 4460 70 4242 3306 570 2782 4553 4004 3976 2456 1933 4064 4206 4097 1005 1662 1456 1501 4048 1238 2886 3592 2148 4720 690 2966 4942 2057 4482 1032 4542 400 625 1514 301 4432 291 430 541 1082 3596 759 3349 4797 2119 4616 4827 4461 822 4809 215 3330 3256 1875 1660 2966 1036 3617 2654 2344 1004 1946 2361 2414 2423 4595
4546 3082 4167 316 2758 856 4647 3071 1118 864 1919 241 4587 4386 4582 1378 4286 3505 392 1419 4821 2585 2431 1449 678 4660 1479 807 4389 17 122 1377 2432 1584 783 3501 2798 3768 840 1406 4087 4677 57 4125 4477 123 2886 2522 4982 4509 2833 293 4107 914 2450 1931 2811 3658 4668 2284 1103 2843 2194 3607 1928 533 284 2847 239 2598 3168 2806 3890 4751 248 2200 1036 2336 4897 3508 4717 3117 930 4421 3513 1486 4875 2560 3088 196 736 4241 3613 579 2113 525 1706 3882 1776 4286 1005 2354 541 4128 1965 3406 204 2893 2492 3112 2127 2855 270 2277 2246 3325 4996 1391 4734 4521 4787 658 4418 3903 1196 2514 4158 1755 391 4366 1891 1872 3725 4992 170 1054 1231 4118 2590 1120 257 2762 2578 770 2838 633 2379 4586 1595 4560 4487 3354 3567 290 3757 452 688 1183 2293 826 4311 4659 106 3423 1082 1226 3572 1985 2433 1146 2247 1984 3867 4420 1755 134 2267 3284 2367 4771 2150 4759 2023 1047 3128 2933 3376 1699 4853 2510 2934 1585 2696 1764 399 2461 1773 1332 2710 31
2941 54 2708 4249 1425 4089 2775 2429 4748 3214 174 3711 3729 3804 2892 1515 2717 1645 4657 627 2585 1674 2945 2000 239 1138 224 2165 4080 1138 4174 4346 3313 100 1661 1551 3896 4235 2893 1382 1100 4139 4704 4653 3128 3978 93 4506 4156 4582 845 216 4392 2520 3768 542 918 3978 3327 2216 1430 4662 1110 1137 3974 515 398 2995 220 1546 695 1602 676 778 2499 4326 793 4642 4106 520 3407 157 769 3859 4294 4109 126 33 583 3800 3399 4244 1838 3722 4068 809 4329 538 878 1198 3738 3053 3552 2648 4819 4912 2183 3822 2153 3890 345 1379 735 762 1088 4456 137 1542 1347 2411 1923 1372 2970 1177 3751 29 3938 3038 2679 3351 1084 4417 104 3784 518 1266 2801 2360 4815 4405 2851 3095 417 4977 2857 449 4913 4469 4171 114 4744 622 1354 4464 2178 3940 3046 4318 3754 3968 398 2945 3151 3716 500 3179 3554 43 1430 1105 1647 3028 463 197 3112 4367 4974 66 1136 554 1646 426 1654 344 1115 4615 1279 2818 150 2987 3512 356 4953 2658 23 3139 1616 973 3212 2527
4207 1798 2324 1895 3911 2040 4997 3168 2153 609 761 4219 1296 2785 765 4690 3471 1334 1614 3424 2431 2945 3367 1473 4139 1280 4495 395 3524 3381 920 1882 1768 1442 2151 2274 2240 2041 260 1329 1141 3063 724 3463 4326 3672 2926 4522 908 419 550 714 2376 2624 2214 2533 4786 564 3754 2348 807 3416 2730 3280 2238 1690 3913 2127 1225 3939 1854 17 2153 4767 2009 2891 1845 1902 1977 1754 4501 4099 3047 2772 1036 1778 4635 1309 897 4114 1560 916 2173 1641 4328 3103 2361 2099 1156 4607 3246 796 2639 1331 442 4760 2768 4557 3125 775 3500 3992 4861 141 868 1113 1129 3104 3820 2217 4081 4007 301 3355 1924 1035 3740 2492 960 3176 1491 4259 2449 3691 3930 3529 3824 2013 1563 2600 1795 571 3683 1106 3224 2680 3558 2769 2804 2474 2696 2816 4989 1027 2043 3502 3648 4280 2574 482 4479 3688 4000 3677 3446 1337 2749 4989 4796 1816 2360 221 896 2127 4427 2952 2600 67 1041 2069 4489 1788 4021 3875 2806 1748 2193 2336 3491 2705 1675 2437 4966 2705 4788 4796 3998 1190 3979 3024
1403 785 1311 507 248 916 3331 3273 1247 3358 918 3683 2503 3479 2570 3153 3345 2407 3085 23 1449 2000 1473 2680 4731 4895 2536 1087 1290 3323 3991 4229 1787 1008 3523 3615 324 3914 3565 4158 54 3979 3521 3430 2487 2087 3655 3724 1203 930 151 2896 3218 4521 3932 3387 882 583 3582 974 3447 1350 4973 1464 3189 2906 1571 1684 3783 1326 1769 3047 3269 1360 4095 213 1493 4813 1133 1052 811 3369 2468 2261 3646 3620 273 437 1603 4660 4803 3511 756 632 3642 950 2776 2150 2319 1995 631 1598 4273 2664 4036 2830 2428 2856 3971 1925 428 961 3271 1921 1590 2410 3974 799 1579 4710 4306 2735 1686 3626 573 2826 4473 317 914 1633 2558 4432 356 4007 150 4945 2471 4557 86 2690 4628 407 3765 160 2210 259 4426 4384 2299 1440 1937 4181 1099 3505 2029 1127 3697 3717 1675 2089 4780 2704 3974 1253 3664 74 4856 3865 3462 2218 3796 4309 619 3629 500 4157 3472 2533 542 1740 691 571 1206 2505 481 4808 3916 3888 682 3933 3037 3915 3153 1082 3159 521 3349 2927 21 3687
1411 4229 4333 1832 1373 2380 351 455 1411 3138 4627 507 2157 4241 3572 2854 3035 2165 2129 4416 678 239 4139 4731 1296 2153 2943 2736 3297 3744 4104 3959 4143 1455 724 3123 2396 2720 1249 1321 1985 1008 2866 3471 4342 338 4576 186 2857 2055 1574 1944 3631 232 810 3790 3694 1669 4536 3819 3793 3926 2118 4819 2507 303 1288 188 4711 362 4913 3201 2651 4135 4694 1066 1579 4580 373 4658 4842 3610 2393 1045 1844 267 4348 1782 2317 1876 440 2022 3547 422 2642 275 1466 3847 1760 4225 2851 4018 1566 4062 1115 3527 3784 3440 876 876 1252 552 959 2954 908 993 999 346 2926 2493 1778 3088 3742 393 2141 2492 1524 73 3593 2938 2718 3618 1730 576 1566 793 3726 1499 4567 4230 900 1979 3770 4013 4419 2066 2290 3917 4926 1292 2334 2835 4046 2681 4254 4807 4445 440 3351 1004 1343 3677 3187 1556 3081 4149 4468 2707 4622 879 2933 1683 3316 1685 1760 1598 933 3458 1583 3193 1090 4028 3063 3371 3055 4571 1662 160 2327 3081 1623 1828 3157 198 2073 4778 682 390 3218 4809
3257 3939 2027 1504 4807 1609 4815 1622 4020 3078 219 3895 243 2231 1029 619 3559 2848 1791 2624 4660 1138 1280 4895 2153 197 3061 1671 1065 2608 1311 4751 3255 1143 1818 567 2671 3001 4257 1639 3409 4853 2114 4389 4099 3582 4115 4185 1958 484 3013 4096 4459 2062 4274 1573 1906 558 2443 412 381 2827 459 1880 2845 1785 4548 4233 2997 1417 2305 245 2581 1318 3268 4572 3185 76 1633 601 4143 2324 3728 993 1539 4211 4336 2843 4556 3305 3003 3330 4082 4477 4269 4240 4549 124 2518 2178 2338 3187 643 373 3156 2324 3292 1249 757 4073 438 153 4676 30 3323 3593 3934 4933 1226 2066 2087 374 465 2932 4791 4457 2780 2271 346 91 3115 3352 2077 3889 2978 323 4806 4893 3066 4031 3787 1776 1425 3532 1152 653 2302 1503 2831 4970 3133 1959 4990 2707 4405 2640 1625 4705 797 1397 3214 2799 3370 1295 1288 4580 3317 610 3576 988 2033 3856 3869 2605 3913 4899 1103 1800 2323 786 3448 636 4839 2764 196 509 1191 3983 1156 3487 3699 1085 4287 4452 88 3973 2557 4643 2779 1592
4269 1240 1189 314 3005 3775 2326 3532 274 2458 578 90 2554 4960 2105 3834 4464 875 4125 3891 1479 224 4495 2536 2943 3061 3589 494 4108 1809 3518 4982 2440 4836 4641 752 607 4107 1959 4940 730 1117 4096 2851 1799 4863 3386 2390 3765 2702 2996 3985 960 3491 1790 1058 2281 3596 876 4757 110 4830 1249 164 2645 286 1268 2382 2907 2014 4944 178 4016 2425 2029 1098 4875 1467 3492 2442 1369 3885 4579 116 796 4844 4078 2553 2259 868 1655 1493 1150 532 2791 474 589 435 1695 2813 1135 1955 2718 1988 690 4625 2160 30 4070 1658 2620 258 3167 2642 1565 616 495 3934 4749 1602 3209 3444 4573 4926 1408 1219 4850 176 3069 2227 2955 890 4559 642 2407 890 1951 296 778 4841 2902 2916 2312 2042 4408 1316 2463 4152 707 1253 954 1144 3175 221 51 1685 4814 3721 3196 662 3168 1620 2772 1123 821 4774 4231 3438 2690 677 77 4232 2329 1367 3351 4607 4946 4102 2070 63 610 2705 1378 633 4282 3476 3450 563 2648 4680 4685 1368 3179 2006 947 1679 2071 1105 2520 1230
2777 960 4996 604 3106 4829 3068 305 2555 270 4808 2685 1423 330 4320 1255 3837 4300 2451 1290 807 2165 395 1087 2736 1671 494 3250 2777 3805 4412 1757 1101 3558 4589 730 17 3306 4773 4624 1940 2853 2154 3097 3164 4902 3313 4404 1272 4215 2666 406 205 2214 4640 3019 1560 1466 641 1315 1064 2892 1285 1853 3260 3131 2933 1980 757 4629 4796 2121 4153 2759 556 1145 129 2195 104 4730 1808 10 509 44 2951 4996 3278 4460 4960 4066 2906 4805 732 4793 41 100 4247 780 4776 1219 3099 3372 640 4562 2311 3747 108 743 2145 3231 1896 288 960 55 4088 985 3660 2323 645 761 2375 1730 2102 2504 4115 3916 2870 2687 3164 3980 3318 3468 1607 917 4388 3295 697 257 231 2256 3184 2127 2049 1502 2572 2572 631 1108 4122 2880 826 1987 670 541 3282 2289 1487 2153 4646 2289 3532 3914 4780 2176 1382 4862 4496 31 847 2131 995 4406 1271 2641 4548 263 1710 2926 3495 459 2456 4415 950 12 3035 3966 2151 157 420 4467 3355 2291 486 123 2065 270 3470 3150 951 4380
1398 1941 1021 478 3870 3605 1775 902 2312 1244 548 1722 1156 419 663 4544 3598 4280 618 1445 4389 4080 3524 1290 3297 1065 4108 2777 252 1416 4214 2889 3192 2379 4340 1075 1199 2094 2927 1512 735 3749 3608 2815 2911 4726 4641 3072 1827 4173 2464 2322 773 4626 1787 2453 796 4287 1173 840 2172 481 2638 4483 4701 44 4875 3602 3574 4096 2006 741 1592 3856 2843 3229 640 2234 1646 1921 4398 2940 2379 1693 3852 702 1271 4162 3390 4706 39 1860 984 3653 1217 577 2108 2008 4721 2590 2832 895 2420 4368 4246 230 3867 4750 4000 4542 4984 3406 1510 4556 3589 2472 1391 14 4360 1134 4319 3862 1969 4333 2010 3760 3689 2085 3778 3144 1464 2350 2417 2931 4741 3034 2031 1445 4720 3917 3727 1081 125 4495 4372 3295 4330 1201 3142 2230 2247 96 2063 1306 4948 4909 1768 2790 3234 2607 2648 3907 1028 1239 395 3264 1104 2911 1255 3649 4480 1831 2528 3734 3651 2457 3870 4536 2004 3431 941 1763 1507 2325 4917 2304 3293 3490 3779 1700 101 3176 2156 4503 175 3709 4204 2401 4017 2442
4483 3810 2874 4157 2558 4000 838 1033 856 4374 1050 678 4397 4936 1657 4572 1832 4980 734 4276 17 1138 3381 3323 3744 2608 1809 3805 1416 3311 3580 677 2782 500 822 3618 1797 4068 3603 4941 1152 2768 2751 1214 1651 249 1372 585 474 3459 990 1083 2353 1940 3735 2488 2274 4975 2432 415 3011 1499 15 537 4919 3899 295 3953 2702 304 2816 3264 3734 4856 4605 2198 90 4575 2089 3183 2181 1088 3661 2440 3195 4489 3818 1419 522 4197 1433 424 1041 3857 1193 1026 204 3306 2214 3515 4455 1151 324 4218 4460 2404 4781 818 1834 4764 4763 973 2787 709 2318 845 1026 2992 541 393 3829 2940 803 2538 3267 2261 4647 2548 2583 3889 1208 1519 4230 178 223 1432 3936 4971 2887 4917 395 3567 3641 445 3864 449 4770 3279 2018 316 3652 4400 1290 3989 182 799 3608 4734 4481 3346 3831 3815 920 3558 4807 576 3472 406 1862 1734 3568 4090 2139 3560 3776 4865 2523 2851 996 4309 1255 56 1625 2809 368 2164 2792 2227 3276 665 4614 166 2127 3418 4350 4780 3642 1501 2712 448
4664 858 2713 4545 923 4620 4449 4123 4388 928 1159 841 1452 3604 2268 3582 2891 2028 2715 4117 122 4174 920 3991 4104 1311 3518 4412 4214 3580 1698 3830 990 4700 4226 4178 2103 1772 2637 709 609 999 729 4015 2695 902 2907 3312 4414 3526 1666 4342 3581 137 2190 4884 3907 863 4910 4220 2406 2180 3237 2694 4331 1033 862 3390 228 318 3700 1862 2165 827 1916 4110 1674 4195 355 578 4517 3528 2868 2292 2595 4305 346 2013 1007 2284 3817 3551 2527 2084 446 3582 666 2495 2585 3906 2307 2386 3577 3730 4506 2853 1397 2255 2734 3226 3599 2736 1105 4839 3532 2408 2832 285 3043 2061 1506 141 4101 3058 4159 4318 3020 677 1159 1603 1334 908 2091 2059 3102 1302 3932 3186 685 4814 3693 2023 4519 3064 1005 1342 3964 2187 1529 608 3541 370 3501 1595 766 3099 4216 3315 2552 553 669 1736 4526 3747 323 3446 322 3028 724 666 303 1201 875 1341 2604 4411 3777 3021 2749 2499 160 1861 1592 1128 184 903 2080 3076 2778 1758 3403 4050 1562 859 2887 3355 1443 3844 4671 293
501 3155 92 3882 3274 3359 497 336 445 1205 1131 2232 4349 4656 1111 3129 571 869 602 3631 1377 4346 1882 4229 3959 4751 4982 1757 2889 677 3830 3302 4816 4587 587 4355 2957 1690 3469 2225 1413 4407 2888 745 3171 827 852 2151 3010 792 2229 4245 4093 2097 4864 2840 2921 4643 3117 4758 3237 2293 1173 939 2107 1534 3124 2312 2858 3520 2977 3832 4201 837 173 1115 731 4813 3879 1365 3743 4614 2373 201 3660 3006 2600 3253 3377 4986 563 4458 4816 4778 111 692 841 3024 1541 2019 366 358 1351 3767 2329 850 576 2537 933 4583 848 3183 1045 4799 648 3687 2062 3251 3517 4079 2651 2151 2442 3179 1280 790 671 4830 2487 902 1663 4166 293 2974 1630 979 1754 584 1540 865 2466 2950 352 4851 3368 2201 1027 4588 873 448 343 1120 2877 4564 570 4309 3370 2046 701 3682 3007 441 3700 1499 4141 1591 3715 1771 2657 4171 226 3065 1157 1809 2864 4839 1241 3802 4809 1026 3438 3822 821 555 3454 2456 4464 99 2805 1160 1897 1045 1761 4742 4452 4633 3952 4042 3163 4154
4263 4843 1839 2498 4152 2888 1440 1714 2931 2980 1139 3043 1729 2546 2897 1406 2614 1484 1217 2917 2432 3313 1768 1787 4143 3255 2440 1101 3192 2782 990 4816 2731 4786 4293 4938 1186 2741 4370 4458 2550 2392 3888 330 4043 1576 3698 1568 812 4087 4230 3158 3815 4502 478 3333 2321 1704 1658 1617 4117 2947 459 354 1823 387 1432 1501 3893 2139 2088 1520 2664 2339 1726 747 3060 4886 4925 301 874 507 1972 1193 1112 1907 3420 3380 1413 2729 3320 667 4625 2169 1500 1844 2139 1734 3512 3551 1489 1985 4797 4644 2868 350 2457 756 2254 3346 2088 412 1028 1957 4355 2860 2137 115 2627 3913 814 980 2149 98 2179 537 1694 2948 2042 2695 1673 4482 2926 1326 4103 4593 1082 2854 3133 2062 2319 85 3497 2666 4482 3056 4608 306 3592 1649 190 4459 3623 1198 139 148 291 1674 1251 4923 3599 3492 2678 147 3352 4464 1274 1560 3617 2266 4662 4691 341 825 517 3818 2130 3202 639 3332 3980 103 1752 2717 4992 3755 2773 3451 2024 4331 2410 4484 2243 1657 3321 4305 2537 4803 2453 4278
208 2076 1777 3612 3457 1353 1697 478 3894 93 4600 583 1112 590 2487 374 1041 231 804 4072 1584 100 1442 1008 1455 1143 4836 3558 2379 500 4700 4587 4786 4808 3095 1898 1369 1805 2678 1043 4791 3745 2212 2212 640 2545 15 122 2991 2075 951 1633 523 3301 2128 1206 4948 4993 1869 3913 2986 657 1120 3557 2205 2445 4635 2074 2881 1762 1854 1309 612 94 4684 2075 2896 1676 2998 2657 2993 4018 4295 269 4327 3818 4090 1659 3677 974 2943 3525 4402 930 2869 748 65 3486 4254 2300 435 2789 4736 2399 3875 3928 4104 1488 4723 1943 1498 3311 1178 4591 4483 4291 1635 1810 3192 2904 4881 3446 2715 2620 1056 2881 4601 3849 3620 3402 2307 4993 2869 2746 1305 3408 3879 3917 1441 1737 3930 2339 4486 2242 52 1940 523 72 848 2533 139 107 3999 240 2319 1245 2357 3316 438 139 3453 907 3892 2296 1442 4729 2068 1327 3542 3464 672 715 1119 4847 3075 3358 2110 3660 926 2277 899 2791 1389 970 1952 277 1019 4940 691 4016 2399 1138 373 3872 3261 2847 4167 4189 1334 2831
1623 384 4331 3092 1204 2412 2078 3324 629 1290 42 3270 2878 2395 3608 3398 4557 1752 933 1182 783 1661 2151 3523 724 1818 4641 4589 4340 822 4226 587 4293 3095 2353 1373 3782 4571 2884 4270 3929 4731 2396 507 4312 290 1564 202 4653 3456 4728 3487 558 435 180 3769 2977 3213 4971 1287 4969 3189 3224 847 1594 1380 4788 2567 2260 316 3328 4256 976 3440 4483 3944 3208 3514 4921 3818 349 3568 4692 4031 1611 1196 760 2654 720 3433 1553 1816 2772 1494 4229 1568 3066 4046 289 3397 600 879 3343 1897 4027 2479 4359 2064 371 2703 3232 2700 4402 1635 973 3085 4194 1375 190 4128 1142 26 4737 4204 4729 3911 1693 1805 2669 1977 2700 130 1998 947 3033 3218 3924 965 2106 2313 3375 4613 1076 4474 2454 4389 4326 892 4042 370 3884 4160 4579 522 3898 502 400 3300 2364 4369 4191 107 4994 2370 4320 2451 2319 4087 4307 2401 2199 2472 4362 287 106 2518 275 3753 1331 2640 1382 4516 3480 3049 3710 1257 2365 3604 1360 4188 1166 3914 3491 3547 2639 4094 987 964 3516 2463
1695 3563 1416 3289 1452 813 4660 2578 1878 3600 1338 897 941 4486 2319 1659 1240 2764 3839 3521 3501 1551 2274 3615 3123 567 752 730 1075 3618 4178 4355 4938 1898 1373 445 402 854 3428 1880 351 3335 2646 4261 110 4620 207 4992 2058 395 3274 2683 1430 4893 1071 4363 619 774 4402 529 1026 552 274 4093 1333 1586 3569 3236 1374 3350 103 2680 4947 1818 3487 113 13 2669 1938 648 3200 681 3383 525 1078 4242 1535 1250 2378 4392 4639 3068 1803 197 1781 2674 957 2363 4830 2030 3592 127 4973 1827 2119 3299 597 2225 1499 4936 2496 582 3074 4869 1543 2592 2571 2646 4571 3860 1675 3559 4217 2557 4468 3078 1841 918 1463 390 4866 89 2101 1504 4221 4984 4757 2865 3139 1587 4106 4560 3973 4564 272 319 2107 204 3618 2105 3840 4707 1475 4475 912 954 132 3088 1889 4119 391 758 4314 4187 469 4668 514 406 2130 4650 4054 155 2844 194 4160 3085 4540 2221 619 2663 3942 4339 507 4050 910 4931 1265 1925 2932 1657 1061 2267 3383 3869 3702 4823 3388 531 2789 1814
4629 3502 3404 2292 690 2278 1832 339 1087 2086 2414 3451 2135 3791 3302 546 2256 4160 1184 1554 2798 3896 2240 324 2396 2671 607 17 1199 1797 2103 2957 1186 1369 3782 402 2565 994 746 2245 1219 2196 2861 1107 2386 328 4008 4919 4764 4513 567 4207 3618 1908 4975 4034 3650 3079 1524 4598 4247 363 1034 4625 3866 4151 1110 2131 136 2962 2352 4132 1037 2569 2319 2926 4241 1602 3885 2506 297 2847 4072 2020 3344 668 1106 794 3397 3792 596 3824 4422 2177 1774 3412 188 2443 4263 924 1562 4750 4291 1601 2478 341 768 3237 3568 3745 3469 2353 1743 4159 4268 3780 51 4335 4355 3349 1150 1842 4172 794 2080 2915 2850 888 1834 4448 4938 4956 4807 937 746 2396 4757 2741 4129 4243 2573 2320 4672 2126 3909 3159 3631 2467 4235 3008 225 2157 4728 1519 408 2321 2320 1267 4642 830 2177 910 2259 3350 1002 474 1617 4908 3513 1759 818 209 715 2620 2933 3327 2298 1130 3241 3686 4250 2418 3743 2803 4300 977 597 2417 82 3472 1364 3047 489 1997 2019 871 4998 3962 3560 2572
720 2302 2192 756 247 612 4082 1504 4628 1292 4810 4133 3017 2750 2032 3153 2519 1383 1198 2839 3768 4235 2041 3914 2720 3001 4107 3306 2094 4068 1772 1690 2741 1805 4571 854 994 4098 411 3068 691 742 66 4112 550 4073 4224 643 1567 3986 3525 4549 3409 3436 2667 4841 1399 4431 1157 3182 4000 1435 1201 556 4073 917 2638 4334 3367 2977 1003 4590 901 4021 3991 4503 1187 3957 1571 3021 1900 988 3052 3673 1420 2601 4012 1971 2754 4785 4109 93 1515 4532 2250 2317 2425 1065 974 66 1988 3458 695 564 2972 407 350 1879 253 3608 616 4211 4140 418 4912 4989 3664 4627 2102 769 4047 1303 2394 2588 1207 304 2344 1631 1638 4880 793 292 1465 2649 1802 3513 988 4490 1266 4434 1079 2712 2210 3194 3940 3447 1051 2563 4061 4469 1669 2277 626 4902 4151 2603 3558 2357 258 1494 2716 4178 4449 1431 688 4386 2341 3460 1686 3053 945 4330 3993 3697 1730 3241 2467 3721 619 2068 688 2937 2052 4886 949 398 1718 4430 3026 3057 2273 26 437 2213 3257 4428 3903 1607 3120 4980
3407 2054 4034 2665 1220 1702 2300 4622 3147 2926 4340 1174 225 640 2560 4372 859 1909 4368 4798 840 2893 260 3565 1249 4257 1959 4773 2927 3603 2637 3469 4370 2678 2884 3428 746 411 1408 1197 4899 148 4501 4608 1335 4795 3904 3548 265 2444 3381 4043 1367 4485 3527 382 1418 3823 928 230 2915 2211 1520 2483 2689 2324 4554 2711 2260 2983 3033 3998 2055 3507 1944 4315 771 2614 1199 3785 3200 3457 2250 460 3558 462 1533 543 2074 3510 219 453 3224 1817 2953 1664 2724 3131 681 4665 1418 3702 2449 4356 4603 3435 1319 993 557 768 4101 865 3805 1616 3926 407 2158 2986 556 178 3489 729 4574 2641 2981 1526 4502 3734 602 3312 4325 218 742 4263 2957 2721 1639 3931 4843 4339 3142 4955 4395 2846 1937 1143 4682 4768 1494 3523 1957 3355 3978 401 3785 4763 500 2008 681 3222 2358 3562 3157 3848 4331 4071 4664 2608 1775 870 347 1383 2618 1905 4265 3335 3462 2112 1341 3201 64 3581 1566 51 4859 4218 926 4887 663 4730 323 2485 2446 1112 3094 1143 3299 830 2217 3526
2400 482 3569 2282 2276 3734 1711 4619 1091 4610 668 951 2617 3790 3421 3904 4845 4639 2312 4558 1406 1382 1329 4158 1321 1639 4940 4624 1512 4941 709 2225 4458 1043 4270 1880 2245 3068 1197 4889 3422 3913 2137 3350 4658 4192 2912 262 3771 644 2455 204 2998 1405 2998 3995 1893 4396 183 4003 4491 3419 2094 3368 4636 4003 1449 132 1088 3772 1335 1456 2622 2510 724 305 524 3356 167 3121 923 3070 2662 2334 3297 2109 2799 1381 463 3136 1517 2954 208 1089 2032 4309 4273 4213 3177 3325 403 2606 1094 1192 4911 1387 4163 1806 1949 1703 1830 2400 3555 1976 624 4319 4307 3230 4854 3449 446 4189 1548 431 1577 4843 1191 1963 2500 2970 3320 4176 1437 1908 858 1524 1832 4880 4547 2285 4233 2282 375 4976 4166 4317 3961 1256 556 4845 496 2741 1953 3048 2831 3337 819 1011 1835 1801 896 3080 3009 3294 88 4459 2226 2492 239 2607 1997 1023 3128 3027 184 3202 1465 4744 1994 3723 1659 1633 4253 30 4903 3496 559 2191 4598 2690 2535 4849 4681 3048 4193 3318 4167 4941 4022 2574
