N: 200
M: 100
Symmetric: true
Triangle: false
2 57 56
1 194
1 120
2 76 74
3 3 143 106
1 8
1 102
3 186 188 123
1 1
2 90 30
1 126
3 111 166 80
1 72
1 199
1 191
2 195 179
1 156
2 25 78
2 136 41
2 35 18
6 12 153 50 141 88 11
3 86 113 51
2 200 62
2 128 110
2 154 152
2 39 71
2 99 170
3 183 64 95
2 134 4
2 181 23
1 114
6 119 149 33 97 26 15
2 135 139
2 84 169
2 157 182
1 14
2 5 171
1 38
3 112 94 173
1 6
3 159 82 116
4 28 22 122 59
2 31 19
1 165
1 48
3 55 104 117
2 27 148
2 73 193
3 70 178 100
1 151
3 109 144 34
2 44 162
2 85 91
2 158 105
2 172 146
1 187
1 140
1 24
1 131
1 137
2 190 87
2 196 108
2 36 138
2 180 69
1 198
2 67 17
1 147
2 81 93
3 121 177 161
2 129 155
2 103 2
3 184 96 52
4 54 16 47 58
2 45 98
2 145 92
2 125 61
2 13 167
3 197 75 101
1 115
3 127 32 65
2 124 20
3 49 60 7
4 43 66 118 10
3 160 68 46
2 37 77
2 163 192
2 142 133
1 185
2 132 83
1 176
1 29
2 175 164
2 89 21
1 40
2 63 168
2 130 107
2 189 53
2 79 9
2 42 174
1 150
1699 3419 3937 1768 4675 2571 2243 3702 4811 3203 4899 4339 4740 2468 20 4660 4974 166 4000 88 1231 1377 3978 128 496 292 4773 3647 238 4302 3725 1916 4118 4976 4835 4165 3893 3792 4396 3561 1279 4565 536 518 3502 4515 3993 3602 3487 3390 4899 1741 4207 77 1206 4250 250 1296 2853 3616 4918 77 824 856 3928 1008 2273 1215 981 2932 3337 4563 3896 602 3697 1694 2006 1407 636 3332 1669 4527 2158 862 1078 2071 1276 4593 718 4131 3659 1741 2818 496 745 554 1958 2947 293 3153 4573 145 3616 4402 1953 1679 665 4079 4954 591 789 754 4122 4415 2128 3911 4451 1329 1498 2528 3558 707 4883 1509 3875 4496 4690 1485 1976 16 4018 3409 3993 3299 771 2128 1464 3331 1177 3067 4457 1918 4920 3962 3130 4314 2849 851 3172 4880 3825 2403 1415 2848 4442 2097 1671 3672 269 4363 4247 4974 194 2660 4364 2029 3058 1604 4593 4962 3127 475 2152 1575 214 3327 605 1722 3558 4546 199 168 4575 3582 2818 4442 4329 3098 2119 3579 2766 4737 3103 335 2960 3082 4646 4892 3642 4801
3419 509 3350 609 3280 1470 4843 1915 2353 2826 1642 2631 1666 1983 355 1877 2854 4937 22 3326 1750 2828 3134 2808 644 4274 2464 4202 4266 4824 4271 1270 1227 2881 446 4473 480 1840 4214 672 2282 860 4589 3700 542 2595 1464 3095 3138 84 2725 4044 2403 722 3910 3662 4930 469 1920 2285 2194 3643 4062 563 133 1975 693 1748 2500 2855 2949 1911 4381 4104 1125 1438 2168 4704 1651 2388 3284 3192 2489 609 610 920 3048 4556 1728 1195 3328 1929 4770 3307 4478 4672 2112 3899 4744 3165 2956 2006 3413 956 3384 886 109 4875 1807 2542 4550 697 2718 1955 2365 1444 1067 3202 403 2441 857 2893 4495 3963 305 3460 275 3574 4504 3545 3811 3283 2021 1720 3001 954 278 108 123 486 2574 3826 4231 2885 3768 1782 2970 4158 4971 1035 979 1418 429 4788 4043 2745 4865 155 461 3838 4076 1846 2747 2073 4391 2279 331 3467 4883 658 3413 3036 554 4528 3752 3127 1671 1722 343 2574 4286 2237 4076 3094 4322 3050 917 3468 232 574 4176 928 2007 3428 1908 2295 3146 2835 3627 4217
3937 3350 2562 2264 4080 1087 4102 3175 4942 1547 2592 4439 3047 3386 3787 4268 2222 4276 345 4856 4564 4561 1136 308 3985 191 1603 920 3195 1647 4802 36 2152 4805 3407 302 2049 655 2638 115 2315 458 1743 4629 3469 2143 2074 1391 4739 3842 4662 2740 1807 2253 4155 1601 4424 619 637 4949 3917 588 4359 3473 3071 269 1396 4076 3009 3221 4353 2958 4739 4262 1739 1480 639 1728 2438 4329 948 2020 2943 3344 3213 435 2478 2374 4042 4252 3944 992 3482 2058 1052 3645 1311 2847 513 3234 2707 291 2678 3630 3654 3806 2744 2326 3628 2569 2111 1388 1763 3198 1904 2196 3624 4546 4557 1242 4478 2011 3820 4016 1010 3061 763 1465 3097 4184 4161 2391 1063 1226 4193 4098 3578 2126 4825 2645 3527 4430 1007 2220 2897 4465 1962 1274 226 213 1283 4769 1166 2085 1757 471 3189 1451 3661 3211 1890 3819 2372 4425 1663 2683 3473 1813 2666 2458 1330 1520 2783 399 1706 3835 4013 3393 2934 2947 3287 1057 1189 1136 2441 2251 500 2241 2876 3774 1924 4842 2523 3364 3427 73 2883 4319 3911 537
1768 609 2264 1666 677 580 3989 3021 4030 867 3123 2311 1196 2193 1146 634 177 1203 1279 4661 1527 125 3887 4166 831 957 4361 4009 752 1783 3484 1782 1388 1321 44 4438 1756 397 3464 4237 742 3939 4643 3538 3743 3405 2192 378 4586 777 1971 2943 3567 2530 2213 1271 3081 2675 2265 4498 2482 843 2585 4540 3137 1907 1995 2552 4577 4425 1303 1648 3132 3126 3771 4867 1979 210 3793 3519 2182 657 4268 4258 3263 1705 1034 4770 4486 752 3541 2188 3392 3533 4979 751 849 2378 888 4738 911 3968 4381 3577 4622 2815 219 3662 343 1654 4533 2307 113 4529 3005 1827 2740 4991 1596 4623 1632 1679 1427 2682 4137 2526 2599 3888 1104 2470 2922 3166 3001 1674 1222 2218 3931 1290 2318 722 3629 2842 2666 1647 3412 1960 1192 2822 600 2289 22 279 2582 1721 3366 1882 819 112 2815 262 4939 2794 1887 4393 2883 1323 4650 1239 1917 4960 3608 446 1375 3935 3417 4950 4344 3434 726 1404 4082 4387 1899 3459 756 3068 4947 3993 420 753 170 3270 1483 3590 2293 2785 316 1706 1399 2356
4675 3280 4080 677 3158 4622 693 962 4293 3685 3640 770 2802 367 2383 3897 574 56 622 798 1257 3563 2021 2162 2588 390 288 3042 2246 574 3939 41 4971 2966 1518 2519 2470 373 4654 2721 2724 2658 3369 3754 4343 400 4319 2262 750 1760 62 3120 439 223 657 394 2681 4911 3665 2199 185 4304 137 330 4637 659 314 1642 4350 4467 4800 2738 3180 4758 491 2885 522 239 4474 3395 4059 4819 3975 4441 2918 3263 3358 4105 4034 1712 4582 1484 2727 1726 2473 2004 47 3514 2015 1154 2463 278 2565 3049 2186 1461 249 2434 1941 3105 2421 762 2475 1635 261 3802 2834 3759 813 3532 2248 920 4855 2285 1641 4164 2909 1210 3086 3114 4888 66 2271 4465 4875 3822 460 1750 4120 1838 4746 1967 4384 4843 4618 2897 3547 4765 869 2006 3478 2936 2806 401 1377 4087 150 631 4695 3886 3891 2441 4197 99 3134 2245 2835 1078 2690 69 1090 2075 1696 2993 3289 1416 3652 4811 3003 796 587 3304 2124 4911 1680 628 2637 2240 4785 3723 1909 4188 4796 1362 620 1741 4904 1567 349 4718
2571 1470 1087 580 4622 1275 4853 1854 195 362 4155 506 2236 1168 3197 1809 1278 173 1898 944 1524 2153 3291 4253 3641 2189 4586 1508 3411 2408 1264 3704 562 2664 2270 4973 2156 1368 2360 518 3273 1324 3239 1670 2579 4075 2873 2194 2223 268 4185 4706 4675 1696 3590 1229 3160 966 694 114 265 3210 3666 1053 4159 1867 2148 206 3487 4647 4110 2326 2814 3575 283 2574 2108 3749 235 3199 4082 1674 136 4661 4528 4523 2148 1327 709 3756 2458 2116 2803 3280 2857 4660 4709 4911 2392 4803 4251 3333 218 3564 2176 2629 2239 2016 957 1101 2011 3485 2304 922 1730 2260 4118 1529 440 4794 977 4050 2890 846 3994 2520 2720 3513 951 231 2703 3923 3136 2434 4627 1617 1958 359 3069 370 2102 3368 2055 1506 928 3590 4653 2587 3995 644 2148 4839 3560 1546 4565 3904 2870 240 3661 289 2327 1371 1690 3392 2720 793 800 3693 4598 2882 3943 747 1090 4744 389 657 520 1551 3776 1945 3234 2933 1717 3949 3709 1748 2628 4070 4443 4530 407 3864 1780 361 2415 1010 818 4577 743 3246
2243 4843 4102 3989 693 4853 440 1595 2926 1715 40 388 3908 1789 2241 3531 4677 3578 4645 415 3722 3631 941 1773 1379 2276 444 231 1135 1079 390 678 4544 2967 1921 2653 4177 1700 582 1446 332 1929 2713 850 2369 4050 1892 263 3990 3316 4179 806 2471 790 3478 2131 1641 1993 4404 614 826 3592 3627 1601 4691 3240 3286 2785 4721 824 4156 2561 4145 359 973 847 4671 3665 966 3180 3021 1662 4583 641 399 898 806 2272 2872 3711 537 4684 3716 1749 4867 4415 188 610 1485 1902 3914 4487 4896 3109 3118 1235 3849 3198 1655 1421 616 4928 1486 1819 2738 1697 2243 3451 3598 4222 846 4305 320 974 3806 369 4698 2744 374 1597 2896 3535 4045 3074 4020 1828 4915 2797 1075 770 933 2791 2743 1593 392 866 466 1584 2084 440 3155 3701 2223 3153 78 4307 2038 1456 3313 4829 947 14 4017 957 1122 1663 2403 540 4157 632 2339 803 607 618 1595 2969 954 1070 3645 3617 1249 1210 2761 515 228 2926 692 1788 4910 61 3636 561 3961 992 4764 2884 764 1451 3914 2814
3702 1915 3175 3021 962 1854 1595 993 429 902 842 2211 1153 316 416 375 4521 2171 3055 2923 3940 2566 914 2425 4653 2713 848 4574 3139 2335 3808 2428 632 3433 4944 3778 3733 1301 1811 1851 3356 2398 3250 1512 4258 321 4942 3461 2787 4594 3302 1512 4486 3719 2650 2599 4366 4636 3558 2836 3581 2991 1918 4348 2376 4867 1926 294 3087 2575 3863 2821 218 1596 4615 3278 1155 3412 3235 1731 1550 2437 2921 1406 476 2270 2243 4513 4360 4129 1630 3271 2122 580 4393 4791 4120 2238 3075 1217 721 1673 597 1525 1159 3520 4722 648 3628 304 2695 1466 2432 1904 2504 2576 1094 1692 4640 1087 1233 338 2866 1274 4839 4309 2940 1668 1631 2179 1897 4791 2042 3849 374 4198 3511 4703 3942 1818 2591 4685 3343 4186 1612 166 1953 308 3179 1839 3215 1284 3552 1528 4223 1482 656 2255 4578 2218 4649 1573 1505 3127 830 4780 4657 4827 3329 4054 2490 677 3623 271 4799 2110 4133 1334 1222 597 283 4909 814 4552 1689 1631 4699 711 1650 1194 3077 2701 675 787 4746 4273 2475 724 2046 1560
4811 2353 4942 4030 4293 195 2926 429 3410 1547 3550 2533 2974 412 4038 1503 4545 1981 4070 2265 4408 82 745 4354 4484 1964 2166 1431 371 784 459 2670 904 1689 3102 2709 2665 1043 3051 1551 4285 218 4508 259 4425 4528 149 3906 2866 3467 1154 410 1890 3059 4025 2607 2864 842 4473 3754 4244 67 4003 742 161 456 245 2123 1814 4776 313 1901 4401 1634 777 1496 3132 4423 1833 1739 1771 4655 3365 2073 1120 1006 2514 1500 3659 4990 4318 3291 2081 1964 2602 3505 1956 1375 2277 4045 3527 1415 1956 972 1586 1601 4041 4345 1455 858 2395 4992 3777 1903 4596 3876 2712 1863 3073 1601 1029 2787 2220 2678 970 1525 470 1922 1466 1737 255 3725 3175 2644 1756 2103 1392 3036 1623 1686 4131 1354 39 3376 2835 3810 1496 2019 462 3300 1911 2745 3404 884 4195 1335 3859 1358 267 2154 2719 601 1978 4986 4048 1715 1693 2520 1939 4136 19 4796 1038 1426 3738 2105 2167 1973 2407 4059 2794 4384 1224 3051 3868 2921 1761 2545 1489 679 4509 4555 4548 911 4621 1682 4856 42 3096 2323
3203 2826 1547 867 3685 362 1715 902 1547 573 4989 3509 4824 1777 788 4884 122 4706 4276 3550 2377 2143 178 937 994 3681 26 3698 3765 1279 3159 2225 4130 1073 966 1775 3741 2098 4001 1915 984 964 1674 221 3752 2773 973 3308 4374 2787 3450 624 1820 1273 4099 3191 4362 3337 2902 1448 2998 1771 1297 2940 3899 4188 2111 4759 2813 1835 2790 4506 4881 2446 4919 2721 3558 1561 3764 3867 793 4269 4290 1740 4143 4504 4277 4433 4318 2318 3704 2573 2292 953 3563 1421 2999 3811 1572 3261 2816 27 3018 1635 4444 2587 4134 2036 3234 734 126 2020 338 3765 3691 1857 4513 1708 2952 2584 1985 2691 4712 3403 3163 1841 2972 4507 3945 1012 1746 4332 3268 1721 3303 759 964 2396 2640 4113 603 2735 4332 4167 1903 1333 249 4730 820 4349 859 2902 4968 2998 721 1371 3466 668 3877 2352 1978 3334 3753 2587 4903 848 3416 3804 1772 656 4530 1105 3584 4479 1766 126 3905 4732 2501 4522 4745 2282 1483 3616 53 1078 2892 3791 903 403 645 4852 4230 2558 2084 2957 3997 4398 838 4623
4899 1642 2592 3123 3640 4155 40 842 3550 4989 3535 4259 3811 670 914 4696 3313 4301 1276 3167 1279 4369 653 1047 3576 48 764 2468 2473 4150 3116 852 2346 2497 917 1830 3089 4763 3716 2570 2363 626 1253 1748 1665 444 4798 4613 1748 3647 4702 1698 231 1695 197 3674 1333 179 1244 2530 4616 3617 1117 1839 4279 3461 4670 3886 2385 2313 967 2061 4288 2012 962 16 2628 3072 1685 625 766 4569 4469 2364 4697 4683 4119 2525 4685 4535 3907 3419 4336 4028 1208 4015 4521 1812 3821 4553 2280 581 3129 4905 1363 4553 3113 1927 2487 4367 1133 2004 631 976 4151 568 270 563 1482 341 1585 2927 2404 1507 2833 106 3046 4811 579 3543 3770 151 4836 94 1152 1764 544 4287 3027 4605 3210 3341 2120 2078 2511 2542 3456 4788 144 286 2230 3409 1354 277 4684 2535 2288 306 4246 4956 809 2848 2876 3308 402 3358 3185 4398 4042 1967 4459 697 859 4342 197 10 883 4382 1165 836 208 2841 444 3185 4473 718 2696 1629 4888 3409 1246 2871 1751 1551 171 591 628 2002 914 1873
4339 2631 4439 2311 770 506 388 2211 2533 3509 4259 1087 753 251 1814 3587 2994 1898 4594 3054 482 2827 4457 3240 1869 867 3506 1887 799 2698 1566 2834 4527 1597 765 691 395 1632 1936 4195 3593 2545 800 2168 1208 4773 2872 4225 531 3585 4676 4617 3459 2096 1220 894 360 2862 414 285 1336 4173 1080 1931 1154 604 3014 1758 3759 1568 3752 1589 340 3798 2344 4501 3145 3135 169 4441 2419 1984 1498 2484 2902 4451 3533 1722 860 14 4041 1218 1391 925 3733 4239 2563 1236 2827 3503 1667 2604 3415 2913 1678 1000 1370 2889 462 2488 774 843 4957 1679 4122 972 734 379 3998 768 3226 1814 3177 1651 3664 4823 3091 4164 4275 4712 3861 724 3571 2197 3782 2044 4980 554 3082 4427 2346 68 2916 821 840 981 1934 284 2930 636 54 4791 1062 226 2353 4888 3882 3716 4341 2428 267 2220 2702 2347 24 2278 3602 4216 1188 1319 377 1633 3240 1667 105 2935 2447 571 4888 4369 91 2068 288 778 3769 2968 4403 1647 2939 4324 62 338 3500 1715 472 4931 4284 256 441 1326
4740 1666 3047 1196 2802 2236 3908 1153 2974 4824 3811 753 3265 4716 2036 2834 3053 4383 1729 3083 152 82 4820 4205 2581 1119 2648 2376 391 4959 3106 2183 1746 2621 465 496 4341 4837 1537 2341 4506 1459 4868 2759 1058 4529 3577 326 4437 1402 227 3709 1744 2874 3109 3842 2545 348 4058 477 2032 3599 4323 723 2330 2332 4334 4797 815 669 4415 1443 1739 2183 2563 924 2059 4233 3022 4498 1140 1005 4287 2619 4806 2318 1519 663 2683 1806 4870 4621 3807 4876 351 1906 4518 4180 4298 119 167 959 2095 1129 2911 4325 412 525 1994 4720 1130 1934 2233 951 4521 4855 1563 191 4162 580 54 4018 3035 758 3151 4148 3364 4045 4176 4150 2497 4290 121 1559 1814 4719 3091 4794 4436 1144 1699 1880 2924 2080 1765 1440 4062 3400 3055 3663 3882 871 1095 1448 4075 1093 2789 2556 4170 2294 2491 1106 1478 4733 4567 3233 4167 1749 4962 1065 1997 3906 1358 310 3537 2871 3129 4167 111 4368 3626 2712 2022 48 1751 3703 1542 3534 4506 3039 665 1390 1622 4824 1305 2826 3677 1225 2816 491
2468 1983 3386 2193 367 1168 1789 316 412 1777 670 251 4716 3803 4577 3544 990 474 3657 2537 4927 226 2215 4370 2688 1350 3937 3604 568 3238 3416 508 350 2899 2744 469 178 1313 1925 3143 4525 4004 2523 1308 1351 4733 3134 3566 4243 989 1281 4113 2003 2879 2267 4582 3175 259 2714 2480 3059 4730 3280 3513 4561 4464 2272 2455 24 3786 2819 1576 2699 2208 3424 2626 3192 3963 1076 2373 3743 4781 499 172 2263 3177 2381 2317 4528 3653 3783 665 1378 2024 1515 126 3914 1199 4754 1437 4722 2102 3591 4224 1855 344 1807 3816 909 3609 2772 3519 1869 2860 333 3777 2287 2435 4107 3645 2693 4944 4928 2147 1459 925 3800 4002 74 2125 4962 613 3194 4463 3592 4354 4249 502 4636 4676 2311 4552 3996 629 244 3433 2984 1535 1082 1551 694 2245 2405 309 374 3300 3533 211 2463 529 1136 1970 826 4338 543 2279 1076 2452 730 2997 4001 2578 3507 2734 2783 4181 2567 4568 3470 3921 1054 1387 79 591 4864 3316 3890 1902 4373 999 497 4397 3694 4120 709 4286 3873 4809 1438 260
20 355 3787 1146 2383 3197 2241 416 4038 788 914 1814 2036 4577 2351 1610 3313 4328 873 3123 4732 1010 280 3498 4707 4190 3587 2703 3483 4226 2264 2315 1924 3315 266 4362 4472 321 3164 4792 3680 2409 4979 1585 1070 1078 4851 4730 3628 1345 2818 4048 3000 2979 2902 1652 2797 1981 4239 3430 3766 4401 4518 1588 3735 1669 4373 280 736 538 4418 1748 1136 104 3627 4097 2652 2682 2012 4008 4033 1024 2833 2521 4030 1075 1158 121 4751 2142 2311 3775 1171 4240 4351 2196 2882 4838 165 4668 577 1718 3064 3178 4858 754 4099 1207 974 3721 2360 4168 3508 3551 356 2622 1364 1688 3594 4346 590 1985 982 278 2374 4818 4087 841 918 3737 3933 1201 3570 1022 287 3068 4022 2260 2565 1249 3254 794 1023 1198 667 4147 2171 4202 421 2457 3542 1617 2700 1351 2494 3352 220 4688 3023 1333 662 4988 1914 1319 143 877 1234 465 3271 4414 2320 231 2516 3077 1734 3916 3701 4137 4003 3904 993 2074 524 2241 2702 3258 1956 1547 3802 3564 4772 1838 1809 4692 1537 2150 2550 4743 3006 3741
4660 1877 4268 634 3897 1809 3531 375 1503 4884 4696 3587 2834 3544 1610 4585 3137 2103 2768 3518 3552 220 4611 1484 895 2141 3904 3946 4755 728 3558 3094 2789 4328 448 3541 4144 2409 2335 3403 4661 1249 15 3773 2810 2438 172 1474 502 4665 2214 4896 962 2157 1750 4294 2247 4747 4753 3813 203 1996 3639 1319 1994 798 2501 4807 1012 193 4707 3327 1595 3799 2467 4796 3220 4947 102 2867 3130 1292 3146 1050 3777 4482 4757 2279 518 2222 3424 3259 4457 2425 372 3797 3589 331 4241 2786 3561 4327 1242 4225 4005 3601 3958 1650 1353 2796 887 2747 3452 3887 4332 1280 4182 3617 4592 288 3030 4354 481 1574 4640 1307 2739 3919 1218 4694 3608 1201 4923 3093 1070 4847 4731 2414 2024 729 2822 3584 4015 322 817 2399 2955 764 4531 970 1532 1006 254 2811 4228 631 918 2629 1675 3476 451 752 999 2189 4286 3467 4071 2202 4342 720 3420 290 3051 985 815 2796 1130 164 3698 3595 4877 4606 2606 1171 2561 806 3980 890 474 3518 2895 2755 4538 2035 2565 403 4659 2443 241 2196
4974 2854 2222 177 574 1278 4677 4521 4545 122 3313 2994 3053 990 3313 3137 898 3616 620 2464 3929 3955 1597 1690 1701 2233 4888 3429 751 4540 1064 909 4998 1131 2904 320 3970 4939 4342 1354 4796 1967 3296 2233 223 2710 842 4598 1052 1991 2619 2230 3420 11 4622 939 4164 4254 3724 3828 1272 435 3815 483 1296 4336 882 136 1239 681 3900 3107 2802 2008 2086 290 462 2021 278 2332 1586 4633 4913 4335 2476 4471 3605 678 3245 1291 2156 4798 795 4094 4254 302 3080 3424 4790 2195 2291 2485 2384 3235 4386 766 3382 3958 4408 4650 714 4155 3904 3681 70 107 1350 2649 4016 3735 3942 3859 851 3443 3624 221 1236 1164 1416 2300 3228 971 1844 4708 2589 4403 2781 3663 4179 3243 465 2814 902 452 2009 634 2994 4112 3547 2119 1753 2485 1935 455 4530 4761 4671 734 4277 3592 2918 4861 611 4552 1546 4804 1058 4603 3068 1289 4031 4958 1331 4035 4913 3219 55 76 381 1359 4545 796 2679 691 2732 1488 1388 480 4062 3733 4162 4611 4457 3795 2971 4007 4862 244 2727 4696
166 4937 4276 1203 56 173 3578 2171 1981 4706 4301 1898 4383 474 4328 2103 3616 424 2044 1799 2762 3011 1700 1187 4293 1568 3177 212 1456 561 109 522 172 1274 2389 343 3776 2762 3815 4731 3898 1502 686 719 991 2832 2128 4471 1358 2793 857 3270 3187 1155 297 3071 3039 1003 1643 1740 3597 732 1038 1006 3680 3217 2328 778 2583 4911 2039 3189 1251 426 1588 3849 3954 4541 2111 2945 2901 2702 2125 3883 4028 3121 2044 3072 4625 859 4001 822 4610 4796 4567 1284 943 3367 1113 1040 2981 4991 1498 4813 1024 4579 1187 2216 805 3148 3572 716 62 1452 1786 4382 2328 4725 2989 143 2981 1285 621 549 4957 1748 515 2372 452 3442 1508 3317 516 69 2919 910 2320 2849 1585 984 21 4221 1502 3786 566 4736 4580 2949 3236 3721 3527 2619 508 2649 1942 2202 3839 3117 1121 2558 2897 3979 1355 2210 3721 3943 107 1655 2573 4551 4103 3595 3393 2209 443 688 4693 1899 3850 2982 2031 64 2165 4863 1441 3031 303 82 3107 4270 771 2897 2084 4368 1410 3628 3726 1489 126 1047
4000 22 345 1279 622 1898 4645 3055 4070 4276 1276 4594 1729 3657 873 2768 620 2044 163 3906 4223 4959 621 115 1848 3623 4146 4427 319 2380 764 2137 1334 2412 2255 2369 271 1097 2825 60 562 4104 2015 172 2567 3821 563 4940 4926 2802 4219 898 725 2217 2673 359 3502 1874 4396 4088 3335 1655 2259 1949 4610 4848 3822 4974 4655 2049 826 821 947 400 3407 3266 4286 1179 2222 2582 2081 3223 313 4589 4638 3845 3821 648 2175 1293 2582 4020 1519 160 3788 3308 1304 2794 3499 4488 257 4169 4019 2647 2039 2104 3502 4553 2974 1158 4612 3449 217 1869 3564 89 4155 4582 2360 4696 4855 302 1236 1832 3497 1278 3252 889 3991 808 3632 2162 4404 4782 4931 1685 1450 4268 772 4896 2000 4319 3635 2811 2376 3117 2580 2292 4582 3048 4965 2263 2551 3731 2204 4409 3773 604 3073 2054 3443 2575 1442 849 4984 1713 1795 92 4508 743 3518 3686 2286 2440 924 1926 1669 2266 4432 3815 3140 1476 838 1451 130 2519 4854 2785 3919 654 195 725 4139 394 1391 1087 3790 4854 1123 4715
88 3326 4856 4661 798 944 415 2923 2265 3550 3167 3054 3083 2537 3123 3518 2464 1799 3906 2707 34 1410 1293 2574 3427 3164 3894 3627 4875 3528 2014 2110 2899 1267 3284 593 2904 643 3899 62 4241 2936 264 1608 1333 3554 4596 2278 2110 795 4875 1961 3998 2109 2747 1857 2171 1215 1457 502 2597 1844 988 4259 2043 3165 159 1346 2088 2231 208 622 940 2314 2565 2947 1186 4015 229 2751 3282 2773 1014 145 872 2197 259 3065 3859 1489 4794 4393 1315 4618 1969 2056 4171 3848 2310 1910 4579 1661 3437 443 3563 3694 1106 1959 1154 4077 897 4647 3135 239 3360 3898 912 2755 980 305 2953 1922 2606 1635 4391 705 4386 3684 3921 244 1664 2265 1901 2200 1034 1101 152 956 4480 4558 1410 2687 1887 3094 744 2591 4567 91 2927 513 4637 1195 412 4583 1960 639 2002 3894 3769 1327 483 2959 4762 2301 581 3001 557 4327 3761 4716 1768 991 1507 1964 466 2660 4301 1000 1389 1664 3937 2395 4194 208 3176 1479 411 3145 3525 4256 3432 625 892 1070 2727 4264 307 2057 4741 453
1231 1750 4564 1527 1257 1524 3722 3940 4408 2377 1279 482 152 4927 4732 3552 3929 2762 4223 34 4145 305 2744 1365 2674 2578 2430 1877 2359 2109 1753 1572 424 2865 3665 850 4752 1472 793 4888 1518 3607 4893 504 4036 3398 3007 544 4100 3308 89 528 1557 1980 3930 4644 2313 3141 1738 3730 648 1094 1112 2148 1072 542 2043 3787 3333 2108 827 4191 100 4995 4107 1245 4460 2578 1489 3770 577 4695 50 1055 765 330 3119 3147 492 69 1286 4816 2501 122 2014 2392 4316 1028 2231 1014 3285 2362 506 3611 4247 777 2039 4904 2929 2148 3919 222 3396 2617 4624 3943 510 3166 1924 4493 932 3403 4869 3709 2429 2012 4792 2727 1740 4831 3799 3169 3262 869 4181 210 4201 2090 1596 3744 4735 2189 4546 4223 2634 4932 1659 4021 1067 1608 1323 4603 1971 2757 4768 1391 792 3302 970 1381 4079 2090 4375 263 325 2104 967 3707 1693 2897 1863 977 474 3200 66 202 454 1220 4967 841 3593 834 3693 4846 4321 2652 3233 2305 4715 1134 922 850 915 3421 3455 307 3158 3521 908 4331
1377 2828 4561 125 3563 2153 3631 2566 82 2143 4369 2827 82 226 1010 220 3955 3011 4959 1410 305 2480 2175 15 1314 2479 185 863 4460 2456 842 236 960 1775 2395 197 3040 2602 3563 3973 1718 3910 4916 1140 4844 4384 565 4950 533 895 4071 4801 1734 3207 4823 4749 1371 4108 504 2241 2702 3369 2597 4255 1939 3382 95 3714 2200 1879 1062 3566 1046 3354 168 1387 2856 3634 1394 2188 1761 4224 1350 3569 492 4759 2739 4210 915 2692 2172 425 1234 1635 105 670 3331 3490 1835 82 2262 3848 1152 2705 4902 4808 1844 243 2529 3227 1906 3402 910 174 4731 4423 1060 477 2953 1752 4848 3486 3731 1699 1777 3908 1732 1243 4274 1024 4053 4868 1619 1447 677 4185 1826 3896 2535 1002 1192 76 3577 1230 4111 449 1731 1771 728 2367 2061 1749 4748 2037 1902 2897 717 4985 610 1447 4333 3076 825 4599 267 1518 272 4346 1608 2168 1220 1213 1875 2098 1414 2109 4671 2289 4126 4803 4735 1505 1638 4922 4668 3321 3864 3029 1962 1685 3362 4720 1917 2709 1490 1688 3032 3180 1447 823
3978 3134 1136 3887 2021 3291 941 914 745 178 653 4457 4820 2215 280 4611 1597 1700 621 1293 2744 2175 1110 4650 4065 248 3725 116 3460 3505 21 3243 1311 883 2844 2442 472 4189 1373 3246 3279 3402 2654 4566 3863 63 1288 3937 3285 130 1333 4270 4591 1253 4328 1050 389 2640 2398 995 3775 4836 4393 4058 3975 3809 3513 3712 4742 4622 1210 93 2357 4890 3779 3001 4166 4252 587 2562 2379 4923 2873 3560 3327 2227 1018 1509 601 4569 1646 2945 3464 4253 3130 3694 2709 3555 2408 3152 4733 1063 727 1768 4852 4873 4541 4933 610 1373 516 4176 4708 3975 3025 1131 23 2657 1450 4118 1650 1402 4229 2743 2373 14 3897 1838 4618 2444 1255 2193 828 3540 4060 2960 583 1201 1129 3800 849 4353 3874 2657 3372 2420 1184 1294 4340 360 1327 4546 2022 1991 1417 1515 3791 1893 4003 3334 2736 4738 2713 3784 475 2466 2083 1510 3487 2038 2641 1659 3008 390 4381 391 4255 624 4374 293 1257 1900 1287 4569 2612 3366 2385 1291 3329 4353 1861 2993 1309 2011 2033 2582 3458 1906 1477 4009
128 2808 308 4166 2162 4253 1773 2425 4354 937 1047 3240 4205 4370 3498 1484 1690 1187 115 2574 1365 15 4650 626 964 1630 1263 677 4101 3915 3767 4345 4222 3227 1880 261 2486 1885 4266 901 431 3131 1294 802 4394 3386 1205 1057 89 424 4125 2926 4660 4093 1806 72 86 2262 2888 1540 296 570 4727 4035 2291 2234 2232 1346 2273 2927 4260 4043 4555 267 3549 3733 3921 2602 3025 3540 1481 84 3928 4373 2561 3680 4191 4119 4723 41 828 3964 394 2398 468 526 1832 770 3100 473 2484 4852 4579 4237 2895 1267 4630 3071 4833 4280 1364 108 362 4877 4681 2614 638 832 2612 930 4702 1105 2369 147 520 2853 941 4045 2640 3936 2019 513 1467 4870 1545 3092 1303 3644 322 4547 3603 2964 294 218 3480 1396 2366 2374 2086 3588 1913 3365 1358 2438 2283 3367 2852 2500 1961 3714 4532 2490 3716 4414 3715 3208 805 383 3787 1428 4772 3932 1900 611 3666 4560 4746 3089 1468 2263 1917 2478 3695 3075 3984 1513 2519 3749 3810 3325 812 2710 187 1063 4728 4753 3965 2217 2481 1639
496 644 3985 831 2588 3641 1379 4653 4484 994 3576 1869 2581 2688 4707 895 1701 4293 1848 3427 2674 1314 4065 964 4132 1477 1421 2144 4483 1266 2030 1788 2109 576 4510 1468 2320 206 4860 2214 1534 1308 1878 1731 4636 4119 481 3832 691 4253 4806 1284 135 943 374 780 2260 160 1771 2756 2903 1402 1731 56 3701 934 99 3642 2304 3184 1508 1274 3190 412 555 4652 4172 4861 3148 3699 4524 909 1362 3321 4443 4916 2418 1392 2874 1909 2489 168 371 4315 4341 3053 4142 4604 213 1510 987 3424 2939 3725 1655 388 4788 3890 3192 1708 974 4411 2573 1872 3898 569 4218 1056 857 4833 4839 2722 2004 575 4033 2743 3414 1223 4631 2760 2256 3602 3878 4188 4451 2207 2078 143 1141 310 1649 856 3107 2947 769 1284 284 1482 4333 3291 3321 3612 710 2324 1204 2547 3259 3677 158 779 4727 2245 10 2881 1604 4965 699 3999 1120 4647 395 1767 1679 1986 2116 1223 4056 1752 2347 1813 4090 1708 4774 4246 59 2326 1909 3352 1021 2729 3913 1663 1891 3063 3254 4108 4147 2033 1116 3531
292 4274 191 957 390 2189 2276 2713 1964 3681 48 867 1119 1350 4190 2141 2233 1568 3623 3164 2578 2479 248 1630 1477 1486 1167 1663 1395 4424 1226 2588 3207 4187 1122 4751 1570 2047 3511 4713 1071 709 1709 36 4191 4337 258 1734 1129 2800 2640 3104 1729 3045 3816 859 2193 2629 887 4878 2459 698 4902 203 1884 3709 3166 3657 2589 2495 3368 4325 4740 4015 1009 980 1666 2342 458 3356 2418 3761 1271 4087 2202 4035 3806 4292 3284 4556 3233 664 2494 204 895 790 2244 3810 3531 2634 4752 760 1414 4901 1441 2227 2514 4381 3116 245 2255 1304 3468 1522 2193 2760 19 3843 483 1595 4262 2224 2498 4115 3086 2149 4365 3624 3209 3295 4701 1992 4493 1160 2802 1066 2961 1163 654 2267 2251 1900 3902 1243 3834 2960 817 22 1048 4352 3823 133 4113 3006 3806 1349 4391 4664 3219 1810 994 2922 2126 3570 2864 480 2395 4658 2393 2893 3513 3490 521 1695 2035 3969 2222 2007 643 1742 2818 1066 2381 1694 682 41 2268 2289 4048 4996 2859 278 554 3168 4971 2143 987 2833 4432 2323
4773 2464 1603 4361 288 4586 444 848 2166 26 764 3506 2648 3937 3587 3904 4888 3177 4146 3894 2430 185 3725 1263 1421 1167 491 4226 1611 1382 3968 3063 4651 3608 4571 4856 4162 2253 4213 4590 3138 699 1972 3279 2892 2746 313 3374 1706 4437 3319 3490 986 3573 792 569 3316 4260 3165 1410 170 4857 3347 2352 4147 4038 2503 1902 2434 41 3982 1643 3512 3423 4504 4334 530 3481 687 3347 4880 2030 2650 2852 1267 2119 4520 352 1991 284 3071 2033 1489 915 3005 3875 857 1875 372 3307 4463 213 913 3634 1359 3940 4757 4391 1262 40 2919 74 2105 4759 594 1364 4329 2340 1956 2697 2906 3770 3007 4809 4831 716 2522 919 34 3263 1913 2187 4378 4677 1144 2300 2955 3502 2422 2295 1815 4006 3135 279 408 4368 2291 4352 4766 2501 1448 4519 434 986 1848 708 2152 3256 3387 2796 1436 4250 1490 770 3834 3063 1009 233 904 2357 1205 2440 1353 3044 2901 2487 699 2661 4814 1502 2662 3076 3913 1559 2535 211 2668 1257 4480 2493 4251 3158 3525 1980 541 3220 4112 1850 1694 2552
3647 4202 920 4009 3042 1508 231 4574 1431 3698 2468 1887 2376 3604 2703 3946 3429 212 4427 3627 1877 863 116 677 2144 1663 4226 4705 2857 2390 4575 4497 3757 440 3574 1287 1115 3251 1726 467 2114 2339 3130 61 1072 2911 3559 3917 961 705 1223 3724 990 1930 3897 4582 434 1252 3298 4527 4598 4559 2473 4332 509 1121 2437 3840 1274 2978 2883 975 376 2106 1846 1822 4416 47 3780 2251 37 4168 1851 1069 4980 2117 2707 120 1005 753 301 3926 2022 524 1060 2362 2614 413 2104 137 27 680 1781 2883 3845 2184 89 4183 2272 1779 586 2596 3388 1743 4621 4741 813 3480 3478 3135 875 3711 752 1550 3498 2203 3368 180 1459 3590 1571 1283 3400 4599 4815 3084 966 951 2941 3913 800 1225 253 2961 3942 1383 902 80 4040 436 4107 4393 4026 928 3077 1897 2377 3962 3665 926 596 2781 1231 3671 318 3561 2365 4714 4695 2124 1214 3847 1531 2753 4318 4014 3511 1751 2813 3968 823 4989 2090 2938 4136 2394 3445 3977 3499 4114 4283 4128 780 4880 2400 2124 3812 1162 1025 1186
238 4266 3195 752 2246 3411 1135 3139 371 3765 2473 799 391 568 3483 4755 751 1456 319 4875 2359 4460 3460 4101 4483 1395 1611 2857 3988 3214 2101 2268 3519 3527 301 2692 3341 505 3493 4939 92 2681 2021 4795 2495 4663 3571 2125 463 1210 627 2577 4523 1128 3792 3862 4761 4318 1550 1020 914 4209 3323 1694 332 943 2173 3818 4816 4481 483 889 4689 119 4872 2989 4550 826 2779 4129 4708 4993 1035 3920 340 1748 4649 1239 4263 35 4800 3260 2537 34 2879 4763 351 4899 67 4251 3700 4785 2370 2950 4379 4015 4141 3536 4573 3491 3803 3860 4672 4781 4997 3533 365 509 2323 388 1669 3278 4550 3555 347 3557 3077 1727 4550 2069 1400 1268 3316 2232 4504 1430 4534 2405 2953 4946 20 2685 4766 450 4561 560 2014 3694 1902 25 2542 1014 2586 3027 4591 1328 1438 867 3085 1753 515 4538 2090 2489 4121 3938 4665 2480 798 1453 4946 2791 2019 2454 4763 3155 3931 2839 3647 2721 1239 1049 1726 1935 1721 2902 1953 4496 4994 3046 328 3972 1326 836 2060 4287 413 1339 2490 329
4302 4824 1647 1783 574 2408 1079 2335 784 1279 4150 2698 4959 3238 4226 728 4540 561 2380 3528 2109 2456 3505 3915 1266 4424 1382 2390 3214 1949 1042 1695 1213 4150 4653 4772 3163 4292 1334 3406 1704 2461 1518 3234 4044 437 3156 2195 4209 2876 4733 3332 1581 4201 633 4601 3243 4767 295 987 3727 1144 3091 4898 1433 1286 310 4478 823 1100 2821 1423 2892 4074 501 980 635 4618 2231 3518 4161 3402 4452 4119 3919 4395 1663 433 4038 3744 3779 2946 1048 1513 2750 499 1393 3850 3848 707 168 3153 4321 1193 265 3244 3947 3273 848 246 696 4971 4591 4950 3977 304 2784 3370 3055 4181 3548 2426 1700 2355 4544 3389 1615 1055 3643 4921 4944 2362 4005 3956 1879 3850 4104 1133 790 699 1655 2601 1643 463 3097 4610 47 3307 4309 1359 3224 3274 3233 4191 226 1460 4162 2582 2135 135 3339 472 1276 4253 278 1891 118 1462 4362 1693 1219 3394 2016 1723 599 1635 627 2683 4717 67 4818 472 4367 2369 2415 1619 2623 4488 4667 1875 641 2587 824 3897 3797 3378 3626 1041 4928 4322
3725 4271 4802 3484 3939 1264 390 3808 459 3159 3116 1566 3106 3416 2264 3558 1064 109 764 2014 1753 842 21 3767 2030 1226 3968 4575 2101 1042 1440 346 3508 1591 4377 1022 1973 131 2685 4953 4642 4987 3240 1633 3110 4769 327 3791 4632 992 3543 2053 3500 4222 42 1421 4892 383 3636 1928 1824 3765 1892 3877 1541 1293 4812 4373 1273 1267 328 1665 2977 2142 4428 2311 2017 4028 1702 2615 750 1923 1733 1127 950 1868 316 3750 2885 3917 4362 2966 1140 249 2596 4504 2053 2066 1851 780 2357 635 3133 1608 2970 4410 4351 4543 1663 2454 382 4653 970 3113 1752 1398 3702 4061 3458 2928 620 4481 3544 3656 2471 3539 4208 4516 2425 1706 151 1461 2223 3921 1143 1635 485 1893 700 3515 2654 1393 32 488 4563 4351 493 4851 1808 4090 3461 4485 242 4507 1114 3993 3928 2666 3435 3792 4361 1840 718 2398 1238 3560 3411 4550 1814 1545 1227 3419 2144 4518 3900 2534 3808 3901 4006 2688 1558 4194 761 3062 485 2261 1708 1867 390 333 101 2351 3677 1181 4638 1399 4723 2605 4843 717
1916 1270 36 1782 41 3704 678 2428 2670 2225 852 2834 2183 508 2315 3094 909 522 2137 2110 1572 236 3243 4345 1788 2588 3063 4497 2268 1695 346 4838 1492 982 3668 4604 371 2491 4978 4759 1722 2947 61 3847 1764 4516 2473 4964 4638 4129 1624 1707 3965 2485 1970 1167 14 3652 1498 4846 787 813 3478 2988 339 1609 1623 4116 2177 1010 1435 4904 242 862 4830 2850 1779 3434 2936 4401 4907 4319 4975 3043 4156 2399 261 2307 3942 1457 4306 522 2545 2732 1220 1364 3575 36 1918 4703 2957 2254 3217 376 4808 4341 3241 4959 4962 448 4479 346 2804 1682 1214 2307 813 3211 286 1255 4923 4635 4419 3507 4416 183 2242 1077 1742 4114 1255 1384 2716 906 4873 147 2244 2642 3801 1090 328 3853 2887 3223 1642 1984 802 4226 1270 3733 1014 4994 4746 2365 2047 1938 1360 4591 1673 4693 2697 245 1112 3787 3909 2220 538 969 1790 2683 4953 4817 4992 4460 2888 4011 4218 4924 2380 3917 2684 2223 2125 4288 4691 3662 59 4259 1718 1789 2503 4811 3531 4888 3996 3439 4242 224 1846 3015
4118 1227 2152 1388 4971 562 4544 632 904 4130 2346 4527 1746 350 1924 2789 4998 172 1334 2899 424 960 1311 4222 2109 3207 4651 3757 3519 1213 3508 1492 956 1532 4015 717 560 4403 334 1641 3440 2446 2041 151 3642 4264 3726 4901 3622 3523 3055 3382 4676 4702 4762 3488 162 1025 3397 2251 2607 2315 529 1663 1068 3737 3683 4838 1263 56 4252 1652 3326 2683 4288 1339 347 4918 3607 2945 2576 4736 105 135 4574 3201 1505 4301 4390 4777 2904 3812 1720 390 4093 760 4491 2016 3147 3690 4773 307 3735 4427 3210 2422 2592 4114 1499 142 4045 1940 3308 2176 899 4633 2886 278 1725 660 178 4615 831 583 811 4923 1266 4179 1830 4342 4856 1218 3170 1326 4379 3336 3219 3672 2217 1382 4946 659 2362 3416 4826 1260 1145 2730 2064 2236 334 2276 2681 4907 1491 1430 3110 3679 3445 2829 1179 479 549 3796 2259 2238 4653 4795 1029 3341 1930 4321 1906 2426 4984 2773 4843 3396 256 1622 4686 739 1939 899 4823 348 2581 4650 699 3121 46 2817 4954 3469 377 3309 638 483 190 3955
4976 2881 4805 1321 2966 2664 2967 3433 1689 1073 2497 1597 2621 2899 3315 4328 1131 1274 2412 1267 2865 1775 883 3227 576 4187 3608 440 3527 4150 1591 982 1532 4498 3175 3888 3402 2766 891 2808 3004 2115 3025 2754 3228 4527 4809 4884 1155 997 3632 45 2623 1823 4928 595 576 2991 2764 2935 3564 2821 562 4642 1883 4833 1711 404 3237 1698 3905 4714 1897 2701 2292 402 885 1278 3077 1556 3499 3002 1467 498 2696 2845 3018 1320 1790 2826 920 2790 464 4048 3607 4520 2739 1022 3183 3712 2401 2468 2489 48 4953 1746 4451 605 3293 2445 4525 2915 4840 787 3608 60 3212 1324 4815 3475 4502 4004 4137 316 4307 3555 3791 3661 2479 1807 4946 2008 1190 4995 1871 484 1498 2283 892 1471 803 4837 2407 2337 2178 2053 4341 1412 4271 4867 4186 2207 1609 1533 2564 3858 3001 1827 2477 3137 3593 3816 3905 2358 3097 95 1839 2359 3332 2981 2271 1624 3021 3257 646 1104 2099 3538 796 3550 594 3952 731 429 1803 2124 702 509 3377 462 2492 3347 527 1071 2699 4719 1322 1075 1010 1289
4835 446 3407 44 1518 2270 1921 4944 3102 966 917 765 465 2744 266 448 2904 2389 2255 3284 3665 2395 2844 1880 4510 1122 4571 3574 301 4653 4377 3668 4015 3175 1436 1255 4045 468 3452 325 1071 1186 3859 3172 1285 2235 3882 1558 4254 4782 3126 4958 749 3199 1253 708 3911 975 2612 1693 1997 897 3568 3941 3290 3028 1741 4536 4372 3197 1859 2079 1634 4673 1945 366 353 2759 612 4439 2214 3388 578 4401 1284 2467 2844 3475 2321 4547 1849 1421 4302 3408 423 4251 2141 3642 3340 3047 3624 660 4472 60 4029 3137 3553 1522 3968 3657 4230 1278 2853 965 4626 2554 2764 2642 1109 571 1650 1333 367 498 2987 2031 357 1992 336 2364 3209 513 2017 966 1719 4091 1681 4524 3441 1971 4123 3635 3586 4756 632 3558 1217 962 1122 1486 2686 1660 4197 3492 888 4559 4923 3548 2884 3040 327 2400 2203 2907 4449 2023 1096 3238 4115 2311 1681 461 4980 2982 4640 3256 17 1031 4330 300 3552 4632 1190 659 1310 905 3820 1308 271 3444 2677 1154 2938 392 2216 3941 759 567 4560 4710
4165 4473 302 4438 2519 4973 2653 3778 2709 1775 1830 691 496 469 4362 3541 320 343 2369 593 850 197 2442 261 1468 4751 4856 1287 2692 4772 1022 4604 717 3888 1255 3302 912 153 323 4485 3455 2873 4550 88 1798 785 1436 2119 269 4629 3926 1777 3330 414 188 3119 3216 4580 1449 3702 3568 1803 448 598 942 2820 377 2696 1695 2565 3800 947 3781 4282 1640 3510 2458 2278 2463 1406 2197 1560 3792 52 2055 3127 964 1696 2863 1265 2205 2333 1579 1839 4154 1663 1822 390 2256 2045 3140 3412 2089 4669 3172 2041 4641 1953 4320 150 2850 144 3320 738 4946 4028 1866 4970 4131 4371 4320 4684 1379 1370 4424 1776 4452 4315 1994 918 4866 1920 1276 2602 456 2166 4786 2543 2332 2297 4591 820 2861 1225 169 1829 1652 4596 4548 4123 3619 2450 1579 2465 742 1580 740 740 31 1915 2481 1374 2233 394 1357 3779 2477 2838 3833 1092 682 2970 1430 3725 4407 366 1877 4871 4244 3674 4330 4773 3759 3824 432 1086 3240 3413 2960 2182 754 2132 1812 4643 1566 402 4451 3326 2536 4759
3893 480 2049 1756 2470 2156 4177 3733 2665 3741 3089 395 4341 178 4472 4144 3970 3776 271 2904 4752 3040 472 2486 2320 1570 4162 1115 3341 3163 1973 371 560 3402 4045 912 624 3618 1465 3401 3481 4613 3024 1616 3250 4775 3424 693 1544 2411 2526 1233 3294 2597 963 2477 2478 2215 3830 1288 3449 2657 2663 3600 2772 171 2860 1940 2146 2158 2150 583 1029 3680 2919 2151 2253 1622 698 3032 4899 646 1925 3214 3341 3360 2118 4674 4323 3042 3035 4993 3357 1771 4789 923 1871 2010 2414 3629 3836 4323 2420 1355 399 3022 1575 516 901 4987 2938 2634 3455 856 2021 3961 4221 2816 2184 4054 119 3103 2880 2804 2747 4305 3115 1094 2797 1435 246 1896 2655 4643 3198 2461 1163 4458 671 92 2142 4173 2377 3645 764 306 3934 607 2972 369 276 4438 2338 2805 1235 504 782 3628 3533 1218 3552 3227 3258 3715 2378 838 2986 1878 4128 3871 1186 4155 4196 1279 3166 3285 3041 4983 2596 2090 395 2697 4818 4862 269 911 4162 1809 1932 4369 4737 1024 795 3331 4014 2310 4925 3594 4004 4070
3792 1840 655 397 373 1368 1700 1301 1043 2098 4763 1632 4837 1313 321 2409 4939 2762 1097 643 1472 2602 4189 1885 206 2047 2253 3251 505 4292 131 2491 4403 2766 468 153 3618 4628 1281 1896 1764 1974 3711 1385 2181 1397 2899 2815 3085 2483 2687 4810 4679 2356 1971 4636 3004 991 2618 4052 701 2726 4689 2667 3737 2223 1964 4038 1553 4779 4963 3994 678 88 4988 2986 26 1256 2122 3612 4827 3528 739 4748 816 3308 1170 274 2108 917 40 4666 2787 1427 2604 3591 4111 2590 1806 929 4485 2026 3693 1017 4143 4362 725 1287 2799 3540 4702 1718 303 2711 2238 832 1847 3967 3997 271 3810 1527 617 795 892 2657 3482 695 3828 158 129 3421 3742 2668 435 1997 2954 2687 1214 2404 3146 1384 2952 664 4417 2202 3745 1316 4147 65 1856 238 4201 2531 3032 1467 1400 224 4851 4233 4817 3186 4381 3188 4832 785 3709 2788 513 1635 2498 597 697 3306 4550 2217 634 731 127 2523 1048 3737 787 579 113 2619 2655 3924 1160 2762 2277 1393 2872 2088 1485 396 1805 1109 902 1437
4396 4214 2638 3464 4654 2360 582 1811 3051 4001 3716 1936 1537 1925 3164 2335 4342 3815 2825 3899 793 3563 1373 4266 4860 3511 4213 1726 3493 1334 2685 4978 334 891 3452 323 1465 1281 651 484 884 1822 801 603 4594 3912 3076 1739 4194 4512 1348 2776 1513 2183 185 2838 1565 2257 3203 4644 1170 1015 4379 515 1354 777 4125 2272 1568 1234 992 1330 2534 563 2527 4872 1067 4459 1758 1732 1094 11 3036 3193 192 4315 3425 1328 4235 499 3605 1000 544 1290 1066 422 1996 3168 2948 4329 4633 4743 4815 3304 3886 3559 500 563 2346 4512 2019 1040 4274 1443 1408 1182 3060 4581 3024 939 3099 1998 835 1755 3088 25 495 1455 4254 211 2019 4788 393 3197 844 4970 2028 2870 1943 1004 2072 4037 733 4809 3003 1247 4573 1482 496 2685 4538 3066 2413 1864 2532 3182 2358 2270 331 192 169 1831 2405 1115 3302 67 4015 1532 390 539 979 1691 807 88 3069 646 3846 676 4005 3288 3141 4607 2618 2567 941 953 3710 2233 113 4541 2394 4016 3223 2975 3002 1597 4622 3118 3823 4656
3561 672 115 4237 2721 518 1446 1851 1551 1915 2570 4195 2341 3143 4792 3403 1354 4731 60 62 4888 3973 3246 901 2214 4713 4590 467 4939 3406 4953 4759 1641 2808 325 4485 3401 1896 484 4117 815 2367 2279 1347 1920 4280 1836 4012 4116 951 2163 2170 1727 2625 4189 183 4610 4386 4637 4931 4778 2593 2649 2085 522 2399 3478 685 3920 2633 3818 4815 3350 4947 4959 797 4379 4223 1130 4405 1104 1679 762 2296 1803 1532 3050 453 809 1964 864 2132 3932 503 2878 862 2189 679 1766 3825 2306 2610 1448 3202 1923 3618 2735 669 2216 2046 2306 223 3587 1316 2059 4251 4199 3613 1751 1641 4617 760 4297 2694 4130 3740 2610 2400 1771 4016 663 3514 1162 3313 4226 4027 2500 411 341 2794 1106 1525 1530 3331 4394 474 4243 946 1990 1498 3865 246 921 610 3762 898 4889 2519 1382 1675 3663 2620 4663 455 4113 3444 2696 4990 1816 3667 806 3575 229 3806 1791 1900 4648 4129 4314 2905 3834 4292 1127 4070 1293 3938 765 1707 2250 168 4552 2782 3064 4557 3544 26 3620 4403 4176 4385
