N: 200
M: 20
Symmetric: true
Triangle: false
12 16 159 112 32 126 190 46 110 76 194 61 8
20 152 115 109 23 113 182 98 73 5 71 111 138 20 94 164 149 146 184 155 62
8 105 95 121 10 134 6 52 2
11 188 34 90 11 87 175 48 142 162 80 100
10 54 24 166 101 144 150 156 67 145 158
8 163 36 1 147 189 26 3 27
16 45 64 65 139 125 160 132 63 77 118 44 154 169 85 179 168
9 69 29 173 165 18 131 195 193 128
11 78 102 86 123 129 108 167 107 151 199 13
7 183 99 47 186 92 9 170
7 192 91 116 42 177 84 22
9 120 17 104 75 21 88 19 31 53
6 178 124 38 14 174 136
11 81 161 130 200 12 176 135 106 153 197 97
14 57 83 37 172 58 117 181 41 157 4 43 56 50 68
7 30 171 127 185 140 137 198
7 15 39 122 79 96 51 49
7 59 28 143 141 180 119 60
10 25 89 148 74 55 33 40 72 7 114
10 191 35 187 103 70 66 82 133 196 93
4019 3093 4404 4280 3848 2105 3619 4323 16 1512 1169 1040 2866 851 3755 693 2934 4754 1177 4852 2858 3616 4058 2226 871 4513 1502 241 2564 2422 2466 2887 694 809 929 3098 32 4752 3466 1988 3717 1965 671 2359 1499 1022 3929 891 4176 3135 2130 2624 3259 2513 2633 721 4764 800 121 3031 1280 1215 1186 2453 1571 4881 3252 3178 4087 500 4531 2579 4463 4440 3838 3679 4377 2001 1008 4122 2637 753 1253 3117 4244 2473 4040 2945 2341 2532 2036 4780 2813 2430 1120 413 2101 4292 1504 3365 130 3296 1161 2220 4655 4897 1022 443 1027 4906 2277 3846 4866 1347 301 817 1274 3193 419 2774 4398 4515 1088 3255 775 322 624 4702 2933 4029 157 3514 278 4203 785 2747 1545 2413 4946 874 194 1058 758 1017 3921 1547 1583 4272 702 1182 764 521 3576 3229 2738 441 4626 1568 2354 1546 1145 3201 516 3500 2369 4634 198 714 555 856 428 1007 2546 1183 3159 3552 4470 2763 4697 3586 4246 3049 4288 340 2552 3833 2905 2309 2422 3774 3020 1054 2831 129 2936 3709 88 3365 2002 2818
3093 1422 1046 3638 4751 3499 1605 2003 948 3872 2597 1758 4124 2022 3598 724 4174 4654 2309 3566 2493 2598 4236 4658 1337 2930 1933 2916 2337 1371 1698 3855 2546 4282 3257 2136 3019 2727 2503 1630 267 1291 3970 3897 3838 4848 4825 4381 3021 4050 2410 673 1959 1934 3251 4472 4536 1427 1101 2128 4875 2286 2829 4271 3575 1447 3465 261 1141 38 2652 2161 797 2559 4575 591 3279 4398 3650 1858 3899 3740 2792 2270 4920 3466 3180 4885 1351 2061 2278 15 3776 3262 1561 2399 4262 498 21 3223 3673 1371 4714 1186 375 1294 105 4693 127 2309 4617 4826 1174 4485 334 913 605 728 3597 4133 4402 28 210 68 786 4288 410 1812 1326 993 2902 3777 1189 1077 1302 280 233 2779 1903 225 3877 2648 1092 3711 4033 1783 1350 1939 2898 1735 1329 577 1303 2277 643 2761 1274 2667 134 4820 4977 244 610 2542 2361 1313 3482 4742 1046 3168 4302 2366 3291 1980 1362 2074 4254 4649 3299 1154 862 2037 1128 4811 984 1842 931 852 3951 1608 4087 2570 1141 4288 1658 2768 1389 3161 1519 3060
4404 1046 2080 1183 1075 3811 4683 1689 3959 3581 2597 3405 2588 3462 1252 3360 1311 26 1634 613 1699 1728 1936 665 1130 184 1768 4906 2262 1038 4355 3322 2938 271 4175 4818 2653 3505 4009 1026 516 3046 1791 4282 1924 573 3997 4163 320 1200 4374 3718 320 1546 3282 3890 3958 4745 1879 1752 4482 4334 1379 708 2535 238 4272 1795 2732 2445 4174 693 452 2494 4727 2249 350 1639 2075 1885 3767 2270 850 3001 4808 1601 380 2912 3470 250 2425 993 4988 2288 3432 2875 1543 2932 1556 2806 1749 89 388 3686 4722 1982 4338 3813 4241 2845 4582 3022 3188 4067 1871 4054 3646 1658 1541 3542 3505 1075 3044 1366 3653 1662 2390 3392 1622 858 4665 697 1903 3718 2641 2314 4884 695 1384 557 4942 151 2280 2807 1314 4900 845 2347 3198 1926 1965 4357 3569 3134 1930 4835 1950 1227 684 3531 2432 2723 4748 3909 1950 3857 4282 4429 3745 188 3503 2434 4801 4869 2634 3052 4857 1986 624 383 4405 2960 3401 1423 4619 3461 1640 891 1531 4290 1527 2380 2278 4635 1501 278 4932 4810 4946 2120
4280 3638 1183 4968 168 1302 1924 1084 3388 3786 578 2825 4014 1280 351 75 3886 3028 3093 3931 2452 3030 1208 2584 1181 558 1798 4859 4287 1174 3836 4930 135 1703 1762 2691 4764 2590 4970 472 428 46 656 3613 3284 1364 1968 4212 1240 4721 1291 1925 733 4388 267 1220 4794 2872 4735 2926 2717 3383 3281 4313 1880 2032 3985 1528 4234 347 4974 3698 2329 1868 2450 1859 1856 210 1780 4292 3028 1996 4830 4777 3316 3653 3601 4464 387 4896 3637 4358 4570 2601 2867 2938 2033 1908 687 2278 2661 413 1865 1536 3529 658 2209 1391 4489 1068 356 3601 4670 4444 4037 4374 4665 3577 4700 2820 3482 2630 768 4686 4386 2961 4589 3258 1766 2243 3671 3268 2972 2292 4656 2733 1461 2855 3931 259 2678 1793 869 3039 2941 357 1451 3376 3380 4045 1418 70 4143 4395 4178 1048 3264 4681 113 4681 2869 3200 2560 4675 1667 4293 168 2991 1711 4406 3916 3129 530 674 3444 955 4876 3990 4836 3044 507 1664 1964 3846 4557 3237 531 4611 187 1695 4852 2045 4824 3267 1310 4123 1331 2018 2928 2293
3848 4751 1075 168 1117 3726 848 944 3810 2549 963 1023 2187 980 2001 3554 1411 3257 4252 4354 2112 2216 2403 4595 513 3795 191 3093 4216 1369 3928 3667 2028 177 831 3654 616 4364 1477 629 1871 4219 1071 3842 2541 2043 1324 429 216 3966 1853 1946 4024 1365 840 1658 404 1667 4077 3577 2266 779 2037 4657 2339 2368 559 747 502 12 2157 177 1685 3043 3894 2014 958 2036 3314 1373 3072 3230 4418 3222 4852 678 4605 3227 4959 120 3727 467 177 1479 3832 3602 2747 3939 2244 1979 1129 829 2905 2886 1026 283 4515 2315 3892 947 3091 2694 3194 3769 690 2974 106 4677 3384 1221 760 2922 81 3652 2917 2455 4366 4341 195 1137 1806 3821 1560 4134 4500 4685 3064 2126 2131 198 199 924 3654 354 4186 2121 4362 1489 2689 1733 635 2767 1771 4003 1601 2499 4083 473 3792 4724 16 2575 4702 4598 3363 2388 2533 3796 647 4083 3677 837 2477 2673 4063 3442 2551 3056 2606 1242 2620 3973 823 1008 2176 2868 2943 4619 4372 4011 4206 4472 4502 1382 783 4484 4924 4221 2783 167
2105 3499 3811 1302 3726 4898 3707 347 742 242 2864 1448 2617 234 3705 4842 4037 2882 1665 1021 4110 879 2161 2096 2907 4715 572 4518 1348 1252 1080 2559 3599 2517 4322 2257 4865 850 4420 4511 741 2715 4318 1332 4363 3221 3632 1202 4008 2415 4954 4242 3483 953 2480 2763 1404 3378 2269 1950 18 4265 4052 3478 2778 4482 131 2886 3464 2958 2119 927 1011 4509 1705 713 3422 1037 702 3513 1277 2771 2410 4792 845 496 4590 3333 207 3410 3502 465 174 3998 4082 3138 4082 4186 1238 2785 3210 1601 445 4630 2385 215 277 3989 537 2728 4954 2344 3906 1721 1705 2219 1314 3677 957 827 1843 3044 4289 2896 1867 2687 826 1991 152 1885 3514 2511 484 653 2776 4413 4618 4360 4966 852 4589 3017 2565 441 4308 2908 346 2390 823 897 3334 3370 4605 389 4199 511 445 946 3668 1493 2938 1802 2004 1830 3238 3976 472 2971 184 4613 1769 4815 3031 1009 329 3351 4260 1941 2103 3429 2787 4323 4729 166 535 818 3146 4774 4568 4433 1450 695 4641 4415 697 618 1734 3705 2074 3452
3619 1605 4683 1924 848 3707 3223 2549 2081 424 1584 2683 1455 298 4603 3333 2441 2845 1919 3685 4846 299 726 4397 4963 3444 3413 4634 1481 1223 1844 2307 557 332 632 857 2266 2688 2573 430 439 4542 4514 4118 1464 3181 4500 4269 3382 1721 3091 91 4039 356 2249 2230 1131 3675 672 2048 4346 472 4858 3058 3203 3774 480 4445 2205 4152 2575 3889 1776 1851 3634 2547 3989 1402 901 3166 1815 1023 4973 2077 4504 3879 3606 44 1331 3352 1913 4784 2113 1833 4598 4296 4282 2161 1072 4248 2858 3504 38 4324 3499 2241 1140 3871 940 2094 4819 3612 3683 3192 1768 4421 1246 4517 2139 4032 2523 1110 4285 4543 2659 3575 2646 126 4459 2501 323 4581 4341 1984 1283 1447 2945 2693 1465 4528 4206 1591 971 1979 2441 1779 4481 151 4454 3243 3415 2337 922 933 4658 80 4415 338 3895 317 961 3558 2840 3311 594 977 4510 4763 1350 436 2161 2164 3857 3936 4529 2329 1740 2657 1929 262 2008 524 4180 3692 409 3204 397 3491 1126 2643 881 3309 4620 4123 4155 1291 3903 2365 3514 2936
4323 2003 1689 1084 944 347 2549 4657 1267 132 1210 3120 630 977 4627 554 2826 2238 1037 4209 1861 4042 2045 2318 35 372 894 3195 3427 2423 4274 3655 2690 1941 3893 1421 4561 2684 3066 1975 2600 1015 1440 1876 3959 2688 1450 1099 450 2744 4770 449 2820 3191 4941 4309 3526 680 1722 3337 519 593 38 3833 1130 2650 1773 1396 3050 3388 3944 3377 1185 4745 2544 3663 2362 1407 1798 3610 1275 1170 749 2356 698 4247 3480 1248 436 1264 3282 1757 2409 4151 823 3671 4283 4353 4815 1152 4860 2467 2933 3828 1384 2953 400 478 293 677 1408 778 1810 1779 3995 515 1550 870 2189 664 3453 2755 2583 2728 3418 1877 2453 2653 4295 1178 3853 2441 2600 732 2225 2864 4859 4079 2537 4354 544 929 1191 389 3205 2425 4800 2433 3112 2524 3896 2711 4880 3636 135 246 4778 3651 1187 1424 4490 4890 182 2886 940 1693 1341 416 2888 3466 4114 4057 1275 335 3076 3053 3884 2548 1786 2536 4196 4639 2257 4209 4379 4662 3827 2543 2959 4872 2103 2351 2896 3263 2160 11 4966 3849 3494 2267
16 948 3959 3388 3810 742 2081 1267 2009 2530 4465 1916 3360 1554 3239 4323 2624 4199 913 1873 1367 1049 1772 1100 46 3730 686 4360 2145 506 1184 2376 1653 4757 3483 4411 2271 480 3753 753 2009 827 4771 3389 2920 2659 2498 3173 2711 4088 3653 1187 407 1181 1234 3851 2789 3187 139 43 3607 1767 434 749 2653 3751 3779 2501 3885 1339 2094 1764 1198 1700 420 374 1619 4578 1197 1641 387 687 2278 2122 4829 3358 2119 2531 4462 2137 2658 3524 4385 2340 2496 4865 3292 2894 1776 4295 1114 2082 2330 2705 2031 2932 991 2446 4757 928 665 943 3040 668 1633 3295 2085 215 3594 3842 2242 387 2218 3612 2211 1096 1567 4142 3198 3242 2551 979 2167 4900 316 1340 4012 2566 479 3647 2601 3970 2613 767 1154 2058 3433 2382 4274 2619 3266 3506 4556 4466 3919 531 4007 4986 2055 3323 140 556 1524 4766 3732 839 4436 4356 2088 2959 4733 3411 452 1707 4623 129 4458 649 4659 4072 3969 3366 2845 4075 849 3474 571 2686 1669 4579 1428 749 141 2496 1125 3160 4631 2783 4276 1563
1512 3872 3581 3786 2549 242 424 132 2530 3498 4341 2770 723 4696 4586 1463 2945 2133 1758 4495 1853 1914 3571 2476 3269 3703 2155 1591 1642 1307 1284 4318 1347 3185 4149 3035 1939 2245 299 1671 412 1580 3631 557 3996 2940 421 2426 4755 3485 4628 2920 2824 3064 3574 467 1633 3567 998 1592 483 4731 1151 22 3757 2226 3749 1340 4814 4883 333 3047 954 3598 3433 632 1142 2887 1509 1320 2540 3076 1614 997 4762 3676 4502 3280 1204 3949 628 2037 4251 2660 4481 2413 3967 4145 4219 177 2747 3387 155 1067 4996 3506 4704 3228 4064 477 2718 1649 3548 2988 4025 2100 103 2399 2262 2531 3686 4365 3392 2140 3106 1506 1817 4957 1492 4410 3088 498 4134 3517 1841 1371 4324 2966 1960 2028 4384 3484 1630 3058 3697 505 200 1190 3583 3702 4089 3567 4585 3795 4117 4687 3147 4308 1188 2492 3466 3925 3698 3007 69 4513 1188 462 4453 463 1057 4219 4771 722 4350 4928 2081 2141 4533 4761 2952 3858 3211 3948 3286 2950 2341 2372 3486 4268 4069 1624 3572 947 586 787 990 4952 3886 1119
1169 2597 2597 578 963 2864 1584 1210 4465 4341 3464 1153 4363 2845 2950 2034 1155 723 4785 1017 1482 2561 3468 3421 1915 1927 1233 192 2173 1400 1270 3549 642 416 917 2519 1932 2696 4578 1869 2275 406 545 4584 2112 107 2721 993 2223 1483 2143 3089 2075 2350 231 3628 343 3116 2574 1138 3839 533 664 3157 258 71 198 1138 3081 3680 2336 4632 3471 4889 1174 3553 359 4263 3451 2705 3391 4060 2597 3637 2886 2558 2251 3107 70 4013 4674 234 2428 342 2419 3153 2259 254 4623 3912 3323 2121 2072 3378 622 2591 4086 3532 381 2301 980 1018 581 1269 4003 2874 1023 3018 273 686 4744 1854 4020 4235 671 4947 3011 4794 3705 2710 3195 2626 949 4674 4980 2374 421 3317 2264 4071 3262 2613 695 717 1389 387 1652 4161 4524 713 2796 4586 2624 4487 3050 191 3643 3881 2256 4700 3240 1537 1776 3134 3092 4998 4204 2175 4045 3252 4911 438 1827 4575 3960 3117 2582 2805 4982 4854 2803 2060 1490 1259 2189 2693 2060 3368 3273 1550 1838 2835 4192 2412 4813 4449 4373 460 1369 1754
1040 1758 3405 2825 1023 1448 2683 3120 1916 2770 1153 859 297 4502 2843 531 2612 1428 3709 4236 490 1263 2451 193 4327 3481 3955 595 378 2741 4780 4350 556 867 2938 1400 331 4977 3932 3496 4564 1997 1651 3561 4075 659 2541 1542 4182 143 3957 40 3485 4056 533 304 1705 783 1940 3832 2784 1324 3242 2522 2952 4460 4624 1156 1327 1922 44 4374 4875 288 1282 4429 1727 845 3349 2450 3132 1471 3257 1566 2932 4270 3646 3985 4741 754 4080 3456 1225 2870 3808 3830 4645 36 1004 2061 3612 1018 2303 4825 3053 2568 2827 2004 3006 427 2722 2173 4513 1186 1376 1275 4027 4373 4295 233 4000 877 4407 1031 3824 1131 60 2186 63 3635 748 2886 2596 1138 1218 4737 1343 3173 4327 544 923 516 2622 3720 938 2237 2656 274 2997 752 4541 356 4574 156 4492 4392 2884 1748 4670 3607 321 635 3282 3712 1054 1487 2293 3324 4221 982 4667 4207 2800 252 179 1897 2893 4950 4514 155 382 1044 765 3304 2688 4243 1661 3669 3771 3300 212 2990 515 3088 2517 4319 1528 4291 743 3388
2866 4124 2588 4014 2187 2617 1455 630 3360 723 4363 297 1812 2653 1967 2544 1589 4837 4490 2854 479 1788 2529 3605 3855 3112 2587 4317 4370 95 1866 4289 3472 3668 2054 2163 3726 328 2015 2904 3399 1360 271 4925 1511 4282 4819 405 2309 1805 4966 4972 3494 3413 2867 2108 175 889 3135 81 1461 2222 1875 2100 4559 3265 1850 2277 1735 3517 2367 3845 3930 4105 2594 2755 2134 363 2833 3901 3443 2296 4517 3886 1137 475 2027 2092 1063 3104 871 4136 1159 1771 4344 3615 20 4541 2441 1126 2488 1319 824 2295 524 380 3511 846 4489 4250 216 3807 3397 2140 1739 2736 4550 2731 4405 1029 3568 2090 1676 594 2800 4302 1826 3634 3705 3186 2201 67 1487 4026 1786 1193 4703 29 2054 189 4992 3083 2404 26 2680 2327 4945 3613 4597 3150 2598 2942 2694 682 1413 4211 1360 3732 2612 3363 3593 3650 3097 4866 3093 2593 404 4590 4311 2189 3707 1525 4550 2168 4947 4987 4673 617 2886 346 3973 2009 119 376 23 4633 2391 1262 1540 4725 3134 1199 739 602 3616 1608 545 1725 4522 3026
851 2022 3462 1280 980 234 298 977 1554 4696 2845 4502 2653 845 4464 649 322 2377 1437 2125 4660 1771 4386 2661 4630 73 3502 4279 2233 4231 3511 242 2605 741 1052 785 1486 4813 486 4769 4518 681 4457 4371 49 48 3210 3845 3700 2888 2779 1817 3858 127 3036 2472 3349 1097 1868 3478 3595 4586 4296 611 906 612 2083 3468 3089 1924 4525 604 2453 1326 102 741 4483 4914 1801 3040 3482 2557 2854 4258 190 3241 4019 2535 3526 368 2469 2254 4039 1040 170 243 1025 3639 4367 3204 858 4552 2105 1242 1188 4077 3707 1187 454 3482 2038 540 4133 2020 3789 2669 2503 3155 2142 136 3374 209 247 3931 694 4653 3448 2861 1185 3595 3860 799 3696 1294 3987 2863 2333 735 2296 231 3562 3235 4086 212 4386 751 4297 3932 3895 2394 2788 158 3932 4650 223 1314 4777 4880 2579 882 3753 1471 2319 2400 778 1638 4290 3285 3640 4697 559 3655 4900 4662 3677 2894 2005 3352 4124 3405 468 1587 724 1227 1467 2494 617 3343 1234 3309 1954 1061 3519 3329 1623 3305 4268 3895 4423 357
3755 3598 1252 351 2001 3705 4603 4627 3239 4586 2950 2843 1967 4464 3498 4178 2493 4735 2566 2564 438 3272 1339 1306 4444 4271 1918 2234 2396 1512 3981 533 3515 3481 1951 312 2580 77 280 2453 4899 2798 3964 2275 1256 1864 3379 64 4746 2480 1986 2900 4984 4063 3314 1673 1040 2692 149 558 450 2593 2639 2698 4569 3831 1872 2918 2529 1493 2870 3348 1799 494 2783 1244 3955 4150 1578 2519 4855 4816 3263 3243 1811 4281 1309 654 1843 2787 4744 3016 1096 439 517 4513 2515 725 131 718 2827 4289 3016 2793 790 2078 4917 3579 3914 319 1076 1886 215 3873 1207 2136 4685 426 226 4105 4926 4543 574 1118 3909 2215 901 1630 3272 4358 1741 875 3077 2699 2749 22 341 1420 3194 1842 3015 179 2418 2948 921 1042 2986 206 4316 1294 3472 4165 303 1613 2281 3895 4417 711 1560 3599 1505 3344 1170 3810 555 3250 1632 1402 3113 258 3025 154 4969 4499 2586 2703 1987 1904 1454 2776 4763 4293 584 4795 4862 2909 706 658 4672 2186 1524 1513 796 4043 4371 4938 3447 3641 3813 3474
693 724 3360 75 3554 4842 3333 554 4323 1463 2034 531 2544 649 4178 3590 3884 766 135 3270 3110 2766 1794 4063 100 998 1054 2938 4858 2918 393 266 2123 2877 3623 4920 3301 1531 504 4066 2031 2621 4707 4818 2901 3283 2101 3818 3212 4178 128 2873 1484 3184 341 191 537 3658 3973 2549 2776 392 342 2538 2835 3812 4756 2529 3610 2750 1059 4886 4400 401 2130 3777 3136 4490 2516 3209 4241 1659 847 831 398 2196 3591 1834 355 2504 4836 4190 4662 3233 3225 286 1288 2087 4958 3405 3853 350 4892 1541 1977 1671 3650 2466 1496 4499 2246 3178 826 1107 2733 1392 3847 263 4077 2199 3406 4910 4792 1797 358 486 205 513 939 4042 724 345 3496 2540 3992 2930 323 1679 4152 1483 4946 3315 4788 3852 1184 1596 1926 358 4730 3765 4700 3010 505 1477 3579 2255 3166 4145 1639 2577 1790 2799 2766 3391 94 1933 3041 546 3808 2958 4797 4692 2652 2975 3827 1662 128 2451 1198 3916 3928 3931 3191 2715 1317 948 2145 3079 2527 4748 2301 3394 4054 1719 3367 1789 3435 3588 1882 1671
2934 4174 1311 3886 1411 4037 2441 2826 2624 2945 1155 2612 1589 322 2493 3884 3070 690 1283 3415 288 2336 3165 1108 2107 4072 4649 1290 1261 4601 4410 174 4086 4050 4289 4431 4914 1174 4695 4840 1871 1401 1869 1398 4605 4272 863 2154 2402 955 2685 2366 4427 2833 4667 4057 1428 4445 4752 591 4714 926 2497 1058 169 1584 1315 1454 2511 4159 3250 2235 2669 3333 4609 2125 2982 688 811 1427 4982 4141 4488 4843 775 1869 2953 2609 887 4634 1377 3225 3054 2146 3797 2556 3504 1962 3699 2299 1988 2900 3166 4703 2663 2406 1998 2252 1458 4668 1586 2849 1036 823 950 4876 4300 4082 2231 2275 1450 2286 1182 3920 1888 4875 2557 1801 2341 3471 4131 881 2104 459 3571 4146 245 1987 3555 380 1542 3603 214 995 496 2385 1287 788 838 857 3632 24 2011 2202 3880 3754 3421 4797 3744 2442 3461 2550 4536 537 4729 1319 1312 2527 701 2185 3634 2436 802 3763 4804 2020 1720 3853 1489 3564 2212 3580 1668 2874 882 4120 3294 1588 2411 3834 3121 266 1570 1056 534 567 2434 4564 2545 1422
4754 4654 26 3028 3257 2882 2845 2238 4199 2133 723 1428 4837 2377 4735 766 690 3116 1462 4287 388 2895 497 880 1302 3355 1124 503 4783 4281 2894 392 4737 400 4632 4390 1100 4005 3158 383 989 1682 4813 3767 29 583 1404 2185 3984 3233 1058 1463 4718 3839 1549 3903 1142 3741 1238 3190 2234 354 1513 466 2923 4965 4584 1808 1478 166 4893 803 2175 2936 4812 2477 72 2130 3059 4585 2801 450 4903 2917 3821 4017 3288 2320 2146 1903 4873 679 2591 656 4389 33 2907 3260 1840 3924 1076 4632 3361 1039 2979 3391 345 2065 4009 1692 2682 999 2308 559 2828 4037 3907 4852 2744 3602 4887 3955 2132 3890 3927 529 520 1533 1877 4949 100 3484 2258 968 1239 2263 1104 4613 3818 1331 1068 717 4898 2463 3400 1574 2076 237 320 1634 2846 2357 4198 4589 890 3804 593 793 1494 4765 4457 2646 755 3629 447 1045 815 875 3898 75 3714 2139 4782 487 1738 1645 2800 2353 4000 4159 4872 3128 3243 4992 3075 2062 246 611 891 2530 4328 1040 285 449 3522 1254 870 1662 150 2943
1177 2309 1634 3093 4252 1665 1919 1037 913 1758 4785 3709 4490 1437 2566 135 1283 1462 2308 209 3718 1168 2943 3727 4831 2385 4492 4239 4869 2451 2276 1011 1604 4153 3034 4073 400 2216 1654 3145 3784 819 2690 82 2142 3679 1404 3159 4274 2881 4988 4761 1208 1394 1244 2879 3610 1866 2126 3463 2435 2782 4898 3452 2918 736 2400 2690 1950 3982 4024 964 2913 654 1736 998 3452 698 1193 2307 2006 897 2835 1617 3107 442 792 3072 2480 328 2453 4494 1528 3107 4762 502 3236 3852 3099 3375 1035 1665 3608 1906 2356 3108 550 1424 3459 62 2702 2020 2062 2281 3383 1713 616 3035 913 3259 555 2354 2035 935 1953 2981 2243 3538 2281 2945 3861 3051 177 327 1405 2516 482 1474 1914 4869 437 4038 3147 4188 4603 522 1030 3346 4020 1208 4675 3760 1609 2883 3985 3441 46 998 1049 3455 3603 1378 4353 167 4915 341 2701 2167 4391 3585 4184 2274 2376 2897 3657 4729 210 2924 4258 4622 217 2901 3766 2455 331 4697 2891 2974 3925 66 1769 3451 3492 3258 832 3051 4128 2649 3528 4481
4852 3566 613 3931 4354 1021 3685 4209 1873 4495 1017 4236 2854 2125 2564 3270 3415 4287 209 3025 3151 3164 817 2830 2849 4376 4550 2342 2049 123 3284 843 2135 1160 552 204 4427 104 2567 2162 4761 3487 3357 437 4985 2711 4094 4522 845 1845 4940 1320 4784 131 2962 4511 48 1085 1564 4051 1115 3074 306 744 1824 4800 2071 1364 2328 4662 3182 1045 2046 3250 3297 3236 1947 3350 104 4257 3177 289 651 2035 2079 3635 459 4456 4989 158 4459 3598 911 3028 4115 1191 4685 108 3554 1553 1162 3076 1497 4957 1234 4504 2660 3854 2984 233 1411 3988 1974 799 4635 4027 2925 1531 1178 3070 2890 4088 112 1035 4639 1269 2333 718 539 990 1325 517 4668 1858 3261 3800 2533 1458 1649 564 1184 1360 2051 3512 2225 3149 4217 1851 3798 4520 4324 1008 1681 4733 2783 2113 4167 1341 818 697 1868 1615 418 4226 4502 54 4716 201 1899 1142 3418 4178 4815 2477 3794 4769 917 1542 3040 2343 3119 4246 3070 559 607 1859 4105 3344 2596 1558 4119 4328 3005 236 3947 257 4952 4574 551 4392
2858 2493 1699 2452 2112 4110 4846 1861 1367 1853 1482 490 479 4660 438 3110 288 388 3718 3151 1196 3321 1069 1004 1355 1798 722 877 1570 4563 3338 3439 1300 1540 4206 759 1910 80 3997 3393 2885 2133 1248 4135 3172 39 2054 158 75 1707 1059 3889 1821 2154 1112 612 493 1339 2317 1534 3134 1229 4311 944 831 3340 2428 673 3977 3292 159 3776 291 893 2464 1536 2043 4112 2499 1884 3668 2750 4532 3263 4453 4756 1009 1481 830 878 727 862 3401 1257 4494 4173 1555 2498 1135 4049 1504 491 165 657 70 2502 127 2868 4988 4977 4899 3715 3553 648 1776 4360 4394 530 3966 3633 1013 3945 1841 4192 628 4597 2098 1526 1391 2677 1731 3217 535 1241 161 3101 3928 3730 3219 1726 926 2281 1784 3973 4405 3184 1453 176 895 1905 1641 1136 2049 4756 1757 3580 3227 2924 2538 1968 2471 3723 4984 3242 377 2209 796 2746 3995 3904 4101 905 1107 2801 3690 4850 4604 4187 4631 841 2301 3545 130 2348 4568 4486 2932 3858 3639 895 2238 3352 1712 2452 1799 737 3608 1240 4082 1924
3616 2598 1728 3030 2216 879 299 4042 1049 1914 2561 1263 1788 1771 3272 2766 2336 2895 1168 3164 3321 3089 2681 308 424 1661 1305 4570 3563 4895 4781 3131 4993 3646 3397 1333 1562 4079 1964 1666 1255 3481 4478 344 2940 2815 1020 1872 3388 4678 2954 559 2330 1251 934 1855 2229 1134 2817 835 1645 4827 3876 1677 3919 1491 2425 3351 1055 1808 2259 3757 2332 3019 4142 3585 520 4317 1079 1076 1497 1161 3316 2061 4006 3903 4662 298 4230 1421 4120 4480 4975 2768 2910 2505 3216 3776 3393 514 3045 4867 1745 4941 2996 2204 2425 2973 1611 3497 1654 4065 2760 1670 315 1453 3035 3976 1646 4187 3918 4232 1047 552 3087 3649 97 2221 1116 3480 409 1258 3631 682 3541 2045 477 3556 860 936 422 3003 4697 403 4855 4202 2545 516 4033 1813 1420 882 1260 4645 3708 3827 684 1226 1120 2510 1865 1405 3380 859 2466 1835 782 2107 1550 2792 2518 1493 3682 2601 1012 1851 4562 1455 1546 2197 3195 3977 497 3642 1388 1468 1132 1518 3260 853 2985 1710 1731 1486 3120 2254 2875 3866 2695 2423
4058 4236 1936 1208 2403 2161 726 2045 1772 3571 3468 2451 2529 4386 1339 1794 3165 497 2943 817 1069 2681 4834 3905 2394 1559 1564 862 4591 2174 3281 2554 4196 2583 408 215 4541 213 2351 2511 4999 4509 913 1441 2396 2575 3878 3289 4463 1137 177 2655 2379 2935 2892 2558 1261 14 2867 461 1833 3848 1936 1926 2337 266 667 766 2870 4615 1749 249 341 4974 1174 650 1024 2194 1605 1372 3747 560 1276 2303 3564 1483 232 1536 139 4357 4906 3036 1709 3604 2287 1862 4019 4216 3788 3459 3610 4423 2863 3144 4760 1339 3434 3518 2666 2408 404 3411 1831 3524 494 979 2639 1181 477 3466 3676 2117 3087 1138 3964 1241 2330 2923 1991 178 1088 2068 1052 3412 2526 2693 257 2426 2958 179 3401 2603 979 2930 748 4333 3649 4895 4960 875 1891 2838 4080 1398 2433 1564 3959 2283 3840 1265 3671 2559 22 3649 2061 1685 3222 3816 3616 3247 413 3367 3554 3347 3812 2702 459 1086 3729 1595 4533 4238 4912 1448 2608 1455 810 2958 3876 4139 1812 176 475 3575 525 4225 3857 1299 2015 1137
2226 4658 665 2584 4595 2096 4397 2318 1100 2476 3421 193 3605 2661 1306 4063 1108 880 3727 2830 1004 308 3905 858 2645 1412 2629 4796 1837 763 2979 198 2577 2428 4878 4879 1905 2296 2979 2531 3361 2626 3381 3727 3385 1810 352 2538 4739 29 1264 3004 22 4464 3186 2265 782 3074 349 4468 2278 3040 460 3906 2166 4015 4720 4299 2064 4968 3571 1411 403 4237 3133 971 2994 2458 2396 4268 3740 2850 1276 1254 2727 2890 3264 4864 4502 1867 2156 2264 1885 4474 4684 2535 1023 652 4967 617 1892 1403 2302 2843 2331 226 1407 4516 4433 451 118 434 242 3359 1838 1281 997 4701 102 3148 4850 3714 1347 3821 1428 1524 1309 3574 2660 985 3804 1518 4163 2843 2522 3083 2108 3199 282 3632 2293 4707 59 4490 2647 3664 4692 3028 4959 839 693 988 3410 1052 2942 4722 2540 2602 1705 2554 2805 3107 3425 114 4853 404 2087 145 4267 1320 2754 1241 3442 4478 660 2757 2181 177 4148 2988 4577 1791 4292 3541 877 4874 2196 4464 64 1999 4363 4659 1911 4058 1724 2407 644 4301 2971 3309
871 1337 1130 1181 513 2907 4963 35 46 3269 1915 4327 3855 4630 4444 100 2107 1302 4831 2849 1355 424 2394 2645 4102 3003 3929 1224 3768 1839 3237 2686 556 2472 2754 3936 831 2496 3560 1999 1771 1606 2239 2161 4613 4393 4495 2753 1154 2372 4208 1567 2973 4205 605 4437 3852 4235 1749 3241 419 149 2133 1813 1884 4317 1971 744 1435 33 3086 1454 3099 4755 2819 3635 1891 1748 3719 186 4099 4905 2271 3097 373 4349 1599 4985 2554 1235 4310 3935 4385 3900 1470 1383 2618 1651 3617 2803 3998 31 4517 3318 4247 249 112 2371 3289 4511 13 3596 4278 1664 3426 3404 4639 4881 4068 2180 1939 2634 3750 2982 1610 3262 1078 3800 3547 2305 4172 3908 397 1468 3144 2868 1305 1249 663 3145 3767 160 2121 579 2892 4174 1057 313 2956 3670 2567 215 1062 2002 406 2921 2533 3133 2514 1000 1635 4279 2080 3478 3556 2259 1569 3650 4320 1185 1395 1748 4119 2566 4733 2703 3264 568 4077 507 565 1471 284 443 3894 696 4442 389 3268 3713 2535 517 4929 4985 4419 4510 1809 3800 4981 4070
4513 2930 184 558 3795 4715 3444 372 3730 3703 1927 3481 3112 73 4271 998 4072 3355 2385 4376 1798 1661 1559 1412 3003 1081 2726 2357 2855 4979 4036 993 532 3261 853 2057 1574 2747 2329 3888 4080 1506 985 4777 1446 4012 2527 2234 564 2327 118 1271 2329 3650 1516 2990 223 2847 1227 773 4814 2943 4541 220 2439 4612 3327 3051 4248 743 3016 885 1368 2077 1819 2810 3920 707 4256 2215 1552 4461 2191 1755 1377 1321 4774 3645 3341 483 2800 3794 2078 3004 2562 431 66 4675 588 2077 1127 4396 728 3732 4035 2889 912 1142 1427 4171 4023 2841 4853 3227 4719 3583 4278 1479 4810 2361 1968 2489 2425 550 1417 1880 1861 749 3472 4550 3956 3501 923 1563 211 4802 3304 314 3125 4202 3208 3524 3857 2574 1534 4510 1498 2944 610 889 432 1943 2487 3648 1651 642 3113 4181 546 4794 4830 3121 780 75 1199 1713 1346 2719 298 2775 1193 1427 2569 2073 1237 2678 3664 2935 4337 3981 4040 4228 359 70 325 4379 14 1936 523 1952 251 799 4831 1050 1813 1555 4619 3973 249 2387
1502 1933 1768 1798 191 572 3413 894 686 2155 1233 3955 2587 3502 1918 1054 4649 1124 4492 4550 722 1305 1564 2629 3929 2726 3726 4325 4352 1047 1026 2124 4965 3191 3715 494 1867 1590 2542 1293 952 1276 69 3746 3712 4127 483 4332 3094 1264 2640 2166 2483 3390 1691 3151 4721 1987 2599 2972 944 1579 3829 1379 486 3154 3286 1437 818 2664 1019 3317 3207 1815 15 3326 4575 951 4595 2248 692 1657 2719 2734 549 1819 3957 2292 2235 1654 2557 649 3998 649 476 664 1854 1948 3299 2560 3596 15 4550 622 2673 2462 910 670 3445 1019 822 4434 4576 4735 4751 3045 11 3727 3783 4002 795 3159 367 71 3311 4570 4685 1585 2055 4903 3436 3928 1441 3757 1089 2479 351 3882 1988 4512 1194 2907 13 3671 3780 4524 3908 1698 910 3514 2302 2088 4146 3880 322 4574 2339 4699 4411 3478 1563 3345 4377 4215 1319 1180 2744 2904 2597 3523 3565 408 3378 1661 2348 2023 90 1246 2772 1988 978 54 1121 4906 4982 1581 3788 701 427 251 939 4240 1971 1951 456 4421 4025 4596 1804 837
241 2916 4906 4859 3093 4518 4634 3195 4360 1591 192 595 4317 4279 2234 2938 1290 503 4239 2342 877 4570 862 4796 1224 2357 4325 4938 3016 3946 3146 4479 4352 1398 2963 2934 4476 4244 3082 2999 4598 272 4764 1160 2970 2798 3123 592 3250 1313 4200 2494 2057 2759 3659 2000 788 2753 959 157 377 915 3779 3155 3669 3275 4268 343 2739 2608 3664 2406 3872 3114 2215 2859 1008 937 343 4415 4419 678 3953 3675 4027 982 2205 4099 1288 3886 1355 3315 1744 4134 1716 488 3507 1309 4677 4007 2196 1436 894 1417 1680 2395 223 4287 77 2076 4626 855 3417 1074 1702 3244 1802 2415 2654 2415 754 1217 1658 3872 322 3531 3034 26 1251 2690 4089 2245 2694 2183 992 3335 4826 894 2241 2087 1819 2400 1337 3003 1580 3081 1728 2626 1068 2095 4219 1546 216 2884 1350 3873 2168 3192 3664 4718 3763 2689 2889 3005 872 1244 3918 4418 909 3912 3933 2380 2046 854 1419 1614 898 2607 1775 957 4321 249 2398 3187 3299 3112 3519 1819 113 3152 2922 1425 2147 2705 441 76 2165 777 3815 3104
2564 2337 2262 4287 4216 1348 1481 3427 2145 1642 2173 378 4370 2233 2396 4858 1261 4783 4869 2049 1570 3563 4591 1837 3768 2855 4352 3016 2960 991 4326 4970 1432 4766 2003 4547 1720 571 3290 4858 4301 923 2196 931 2723 2104 2345 2440 3204 205 3590 4387 3061 4262 2261 3482 3880 3154 901 952 4520 773 226 4713 2967 3929 1593 3027 179 2194 464 3310 1354 4130 3909 3754 569 128 3048 1681 2634 3325 2580 83 112 1355 194 3339 1898 2489 850 4072 763 2430 3212 4625 3699 4450 2229 1819 4153 2620 4894 730 2830 4697 3640 475 3100 793 2035 3204 3027 2315 4161 2028 29 4553 422 788 1276 4189 496 1219 3878 2620 3223 3324 4469 2541 1975 2498 1872 3339 3096 1716 908 4810 1240 4988 2670 3618 2224 4037 2425 4129 4302 3382 697 3950 1201 2039 572 1404 3703 197 3435 1098 2001 450 656 2143 2380 518 211 2933 1340 1651 3005 155 1940 1456 2913 1814 3300 3780 1472 3622 2465 2006 1674 3353 4494 631 4442 163 1651 894 431 4366 2381 1670 3633 769 3068 1195 4321 470 148 876
2422 1371 1038 1174 1369 1252 1223 2423 506 1307 1400 2741 95 4231 1512 2918 4601 4281 2451 123 4563 4895 2174 763 1839 4979 1047 3946 991 3845 4772 609 1180 3217 521 1447 4076 3925 2080 3695 3172 1619 2789 2822 3917 1035 2164 4414 1540 1644 615 656 4189 3547 3576 1209 2480 690 1503 437 1895 271 4636 3318 2823 2388 4317 1909 3888 3201 2127 1471 1449 2955 1433 3600 2134 1904 1228 4781 884 3767 4980 541 152 1274 2035 712 4709 385 4512 817 2924 373 686 3688 546 4179 468 3401 3674 4306 1401 699 3091 1780 2080 2531 4136 164 4429 4609 536 613 31 4516 3940 4029 67 3017 2171 4643 4808 267 27 1600 878 4038 612 1549 4185 2218 4810 53 4966 4238 2593 1346 3527 2550 3159 4491 992 4296 3385 165 2090 541 4485 4868 640 717 2882 4235 4766 4252 4892 1991 1636 3706 2242 4504 4960 37 3876 1544 328 3065 2584 325 429 1487 4386 59 3330 4518 3396 3095 4773 3163 2305 1713 1423 2016 2621 1268 587 4504 2976 2596 3731 2684 2421 3941 2532 633 2761 4521 1151 2782
2466 1698 4355 3836 3928 1080 1844 4274 1184 1284 1270 4780 1866 3511 3981 393 4410 2894 2276 3284 3338 4781 3281 2979 3237 4036 1026 3146 4326 4772 228 2004 1717 4077 599 2523 2575 3416 2047 2162 2555 2806 4842 3465 1624 4714 1387 2574 2761 1575 4166 4616 720 1655 1571 1004 4655 1280 4639 1225 2505 4581 1772 3773 2595 237 2761 2593 1878 407 43 392 4578 4601 4230 3059 2699 1636 2252 1524 2030 1903 3785 1639 107 440 2860 2326 1985 4950 2755 2250 1698 2660 700 2355 3784 356 3175 2184 139 1758 329 660 1557 1169 4146 3274 563 1000 2685 4452 3613 1879 1265 460 3682 285 4164 325 694 699 4669 1421 3398 1843 3943 4216 2988 3902 4355 1587 3102 4694 1613 2515 3683 2108 3735 2052 4959 3474 1898 1138 2458 2105 2014 3815 1262 3910 2077 4230 955 3154 4158 2112 1031 1968 4849 2527 906 1597 2877 3136 3086 1973 3709 1150 4072 2126 4390 2444 4161 4192 3816 1581 4659 107 769 2934 379 3920 3741 1795 4199 1201 419 318 2920 1670 46 2017 978 789 2017 2913 354 3558 150 541
2887 3855 3322 4930 3667 2559 2307 3655 2376 4318 3549 4350 4289 242 533 266 174 392 1011 843 3439 3131 2554 198 2686 993 2124 4479 4970 609 2004 540 2086 2342 2731 4869 3881 2786 4994 2911 4870 3885 1929 2735 4402 4935 4006 1620 2125 1365 49 2849 2798 4672 840 4170 1110 39 4507 2585 3139 2522 1998 2118 991 3877 31 1303 849 1180 4534 82 2792 4408 3994 374 208 1377 2362 3378 4701 251 294 1978 1008 4307 4151 4440 352 3028 4547 4998 4827 4031 21 1875 2746 1462 2167 2382 4923 2334 749 3814 4329 1084 2254 3729 2490 1626 3728 3683 2162 1349 3612 4585 171 4152 2497 2040 4567 895 3466 4230 2657 3647 3791 4495 1246 2342 2552 3509 420 4146 4446 202 157 2037 4832 1951 3005 2792 3576 3152 4050 298 458 3737 1617 4497 1799 2313 3020 4740 3423 483 2415 2525 2292 2746 1665 752 4045 1319 3876 19 681 651 173 3664 4047 4284 960 1796 2006 2679 3885 4340 1450 2122 372 4841 4140 2775 2513 3741 1782 1216 575 4108 1280 239 1437 1374 1985 2234 4086 3821 3862 853
694 2546 2938 135 2028 3599 557 2690 1653 1347 642 556 3472 2605 3515 2123 4086 4737 1604 2135 1300 4993 4196 2577 556 532 4965 4352 1432 1180 1717 2086 1864 3362 1832 371 2314 4803 4379 4625 2065 2506 421 2707 391 2132 293 2370 2526 2434 952 2789 2517 1015 759 4545 3463 1254 4480 2499 4881 1920 2018 725 623 3861 1314 3303 1148 4502 4356 4521 3450 3927 194 1646 4563 1013 2042 3338 2762 1674 2355 1387 2892 4906 1770 842 4354 3964 2962 3168 4334 2502 3684 3120 420 3632 3540 1808 3199 4314 977 3913 451 2644 174 1539 4267 3957 1957 1686 711 1221 3940 4822 1825 3257 2106 1536 2416 4844 1617 3446 3012 3527 4994 2608 1507 4824 3117 43 1224 2718 4750 4357 3929 2227 3957 1453 2542 2762 4716 4564 3336 1938 4294 2838 2865 4830 1072 3256 3529 2083 3531 1684 3440 2582 4022 2097 2027 1532 322 3516 527 1187 4086 2565 1745 4442 3934 567 1075 874 4997 1445 4385 342 3477 3396 4250 1585 1726 1448 2418 216 3319 3660 4177 1502 2524 2222 3250 1557 4131 1575 814 1148 2970 2790
809 4282 271 1703 177 2517 332 1941 4757 3185 416 867 3668 741 3481 2877 4050 400 4153 1160 1540 3646 2583 2428 2472 3261 3191 1398 4766 3217 4077 2342 3362 2246 723 2643 2195 190 4981 3085 3869 1065 917 2018 2954 2636 1855 321 977 3922 1201 1428 1898 3799 4500 4849 1632 2047 2478 4182 1253 4292 235 4011 2717 1508 2642 535 2063 3938 4441 4417 4398 4730 1295 4693 4365 646 1705 154 4566 2592 4224 2834 4804 1329 863 4011 2986 4264 4385 1616 4878 2870 4266 3166 470 940 3654 1009 4524 4520 3142 1312 1200 1207 1581 3379 4608 4266 3110 424 1690 166 14 585 4185 3792 4389 3016 3991 871 4375 4692 1042 2850 4632 2890 4153 499 2590 3410 1624 2030 1474 3981 4171 204 3215 2831 3945 798 4598 1434 4306 833 2083 3145 4292 3650 4876 3724 2443 3538 2214 4008 1309 770 3403 1419 4879 4848 4977 3269 4917 1751 4375 3200 1488 140 3459 573 2356 1195 3658 1193 3844 280 526 379 1549 3868 2990 4562 671 1560 3819 4977 1008 3723 553 4810 2263 4999 985 3019 4400 3663 4192 3904
929 3257 4175 1762 831 4322 632 3893 3483 4149 917 2938 2054 1052 1951 3623 4289 4632 3034 552 4206 3397 408 4878 2754 853 3715 2963 2003 521 599 2731 1832 723 836 486 1282 4258 4069 1023 1771 3087 3665 483 3294 3377 662 4166 2034 2697 4590 4099 2404 4455 1264 1450 108 4678 965 2289 1666 3673 4743 893 1063 775 4835 3513 4542 876 2839 2425 2269 2306 4546 2918 4309 4536 2975 2009 3228 3626 1301 2651 4293 2168 1657 3656 930 3106 1568 2854 383 1574 4978 4380 2197 4000 935 3805 4143 2714 2943 4027 3722 2391 2529 963 2838 2309 3814 3536 1122 1998 3207 2322 510 2675 1872 31 1202 1392 2586 4495 3524 2792 4854 2653 3308 2565 3256 4436 4546 3068 541 2234 3434 4182 2043 835 4785 1473 3985 2799 1654 3033 3479 667 849 4862 2854 2141 2402 2243 905 529 3035 3346 4725 3292 375 900 1052 948 577 1569 2873 2955 2609 2048 3189 1825 4046 948 21 2796 1765 3056 399 4841 4484 1351 644 4897 2180 1659 1177 1069 1029 2549 1187 1418 4370 2211 1991 1424 1012 4400 1434 4656
3098 2136 4818 2691 3654 2257 857 1421 4411 3035 2519 1400 2163 785 312 4920 4431 4390 4073 204 759 1333 215 4879 3936 2057 494 2934 4547 1447 2523 4869 371 2643 486 3632 2947 2671 2210 4045 299 957 2478 300 3979 1156 4419 171 2978 1762 2558 344 2939 2361 4384 2960 354 2755 3109 1194 3535 1375 1191 1814 1437 1845 2353 218 3232 3269 943 4038 3669 4414 1475 3113 4576 414 1196 2567 4418 391 227 1987 385 3504 3212 511 1036 604 374 4929 4217 3806 3945 2032 1331 2915 1395 3948 2158 3120 3943 597 3015 3782 191 306 710 4531 1162 34 3823 2745 3502 4205 3347 2455 106 533 222 616 1572 4507 2386 3585 3084 4539 1123 368 3000 1299 2488 467 1919 137 3063 4787 2951 958 2652 1372 2085 1538 2341 2866 2408 493 909 371 1501 2080 3732 669 2078 4292 2100 1989 3312 1488 1492 2847 1391 1229 3321 1550 1537 3482 3596 1315 4081 1707 3551 3910 956 3585 1865 1216 1718 4326 26 4689 1170 583 4275 3079 4134 4123 3406 2997 484 1335 1906 401 1924 889 1020 4945 3793 3694
32 3019 2653 4764 616 4865 2266 4561 2271 1939 1932 331 3726 1486 2580 3301 4914 1100 400 4427 1910 1562 4541 1905 831 1574 1867 4476 1720 4076 2575 3881 2314 2195 1282 2947 571 1692 3586 4368 1006 1564 2703 2068 595 1593 4884 331 1413 3897 2152 3915 347 1435 156 2741 3403 2104 3589 903 836 1580 4781 1594 2861 4230 2426 2739 898 4732 3000 2758 4453 4351 987 1699 2987 957 3823 4277 1353 3684 4649 89 2451 245 4937 412 4172 29 2783 2253 1443 3753 3341 2443 3843 4558 2589 3928 2571 1994 3133 3529 3319 3810 2484 4806 3070 4987 4182 4704 368 4460 1141 2082 3854 46 1716 4270 4043 3400 4760 2506 4710 4671 731 2913 4754 1494 845 1050 4022 2659 3935 917 600 4157 3039 1073 212 1424 14 1379 3784 669 458 3127 2769 969 4344 3793 4094 3642 1102 4989 4710 3162 4487 3906 2727 1676 3350 3516 213 3220 3030 53 2589 3327 2805 322 1045 2688 3738 87 4214 2592 452 995 3147 1222 4451 319 2218 2994 558 1819 2299 929 1753 1994 4577 1204 4138 101 3126 2102 854 1258
4752 2727 3505 2590 4364 850 2688 2684 480 2245 2696 4977 328 4813 77 1531 1174 4005 2216 104 80 4079 213 2296 2496 2747 1590 4244 571 3925 3416 2786 4803 190 4258 2671 1692 2613 4666 4651 316 4892 219 3864 1982 1142 521 3281 3502 3598 2363 353 3332 2559 899 2445 2497 1995 3956 402 3057 461 822 197 1052 430 753 3612 1677 72 3644 475 4338 1077 2152 1883 3368 4179 1904 2345 3081 3526 963 3779 2879 4110 132 3233 3735 4902 1896 888 4038 1601 1158 2449 4662 316 1215 1377 3329 1399 1549 13 409 1354 4056 4224 2098 4672 1519 4598 4572 4975 414 1066 4103 2239 4966 921 4236 4509 4458 3506 1026 1549 3803 3751 4156 723 2662 2942 2797 416 2284 4719 3550 1213 3055 855 2502 4918 3492 613 418 1188 310 632 3710 613 579 974 1921 1587 4602 4213 3814 164 1674 3577 3127 4020 1796 961 3152 2369 2535 798 1203 2893 1754 4968 292 129 3829 1229 148 64 2888 2626 3199 1716 2880 184 425 3063 3620 1272 2441 3335 4185 1059 3319 1601 4980 928 3161 1036 2529 4282
3466 2503 4009 4970 1477 4420 2573 3066 3753 299 4578 3932 2015 486 280 504 4695 3158 1654 2567 3997 1964 2351 2979 3560 2329 2542 3082 3290 2080 2047 4994 4379 4981 4069 2210 3586 4666 3722 1315 3610 75 840 4517 4708 4900 728 1453 4945 392 2323 3334 2134 224 4711 4391 752 4948 580 4048 1835 3491 1713 3397 2375 866 1154 2012 3988 3935 3523 286 4547 199 1549 899 4929 1685 3129 1614 4507 2583 585 538 1102 20 1481 3049 3991 4275 3789 1088 1963 1509 3061 357 4124 2776 2119 208 1455 2327 3033 3275 3079 1199 3286 4528 169 2446 4207 3131 3463 3468 4577 1047 528 3078 3183 1091 1820 792 3064 818 1479 1675 4789 213 750 4183 2117 1932 1112 2613 3012 93 4691 2540 4007 761 2827 3550 1998 2862 4886 2892 4974 4742 428 4588 2694 1826 662 3209 1610 3168 2485 3962 4188 4401 1531 3715 4287 1502 2746 1007 2365 2379 4675 3987 1624 2763 4517 628 668 18 1721 4676 4845 1807 2963 2126 1241 1784 4756 1414 473 2955 339 1961 359 1828 4866 1906 3212 331 110 1792 3284 2886
1988 1630 1026 472 629 4511 430 1975 753 1671 1869 3496 2904 4769 2453 4066 4840 383 3145 2162 3393 1666 2511 2531 1999 3888 1293 2999 4858 3695 2162 2911 4625 3085 1023 4045 4368 4651 1315 705 4923 4963 477 205 4393 1961 2535 929 4769 3767 2799 4495 487 4739 2842 2026 4433 2158 565 2874 4067 2333 2416 3789 2053 4910 4015 3036 3212 2121 2845 2033 3347 1950 2139 3237 2262 3994 990 103 2438 1529 3737 3081 2237 4735 2016 3176 3734 1484 1708 1286 3763 2281 406 3935 2433 563 900 2573 1302 3150 4444 327 4460 4872 696 2535 4470 79 3670 1390 4984 4815 3581 1750 575 4166 2434 903 298 495 4963 1183 791 227 2792 4957 4109 1543 434 3392 1412 4158 1761 2946 2922 2442 1691 1199 53 1682 4483 1438 4846 907 4459 812 4963 4446 1442 4716 2512 4931 2699 3333 1185 3322 3999 2786 318 587 3453 2774 2384 712 2764 1124 426 2781 1415 2675 2254 3235 57 92 4534 4397 924 3598 2941 821 3352 1253 1104 3493 951 2585 2037 677 3608 4241 1810 490 4151 3577 1672 2654 3366 2556
