N: 200
M: 70
Symmetric: true
Triangle: false
2 195 146
4 77 187 11 172
3 160 13 76
4 79 37 4 14
3 1 35 176
3 86 115 185
2 134 105
2 199 3
2 114 42
3 19 103 38
5 75 108 141 131 191
3 15 48 107
2 182 25
3 98 84 145
2 59 169
2 120 101
1 70
3 173 164 45
2 196 163
2 6 29
2 144 28
2 83 20
2 56 99
1 150
2 65 130
6 7 91 2 168 46 123
2 137 124
2 112 94
1 27
1 128
1 53
3 156 90 67
3 151 170 119
2 81 89
4 126 153 125 157
2 198 159
3 64 109 186
4 88 135 18 200
1 113
3 73 132 106
3 139 190 175
2 93 54
3 167 24 87
4 110 31 158 41
4 116 16 62 78
4 51 34 17 63
1 74
5 96 149 12 60 61
1 184
3 32 36 181
4 44 166 22 140
3 155 9 180
1 152
2 100 118
5 49 57 72 85 5
6 33 52 177 194 111 97
4 142 121 10 39
5 183 127 40 174 122
4 95 68 102 143
7 66 26 50 197 161 165 192
2 171 58
2 148 147
1 133
10 162 104 69 21 55 43 154 179 47 189
2 178 136
2 30 80
1 8
4 71 193 92 138
2 82 188
3 117 23 129
3048 580 2510 33 1605 1495 3476 319 3736 3846 550 1995 4199 2035 3724 3112 3996 3493 1252 2835 632 871 991 3563 4087 546 3983 4062 4101 1808 3886 4318 3849 697 4569 1671 4146 4450 4829 1821 883 3200 4996 2941 3401 2981 360 4642 4253 3575 4675 737 1863 2042 1092 751 4719 4727 409 3998 2205 555 1888 3512 3436 2696 2348 4556 1022 1909 3913 3046 952 3117 303 3781 2378 942 4178 3088 4202 3786 1752 4417 50 1146 2664 1326 3487 985 2148 3738 3960 3929 3010 1515 4091 4555 4764 3473 3015 3233 621 2750 3078 4161 1387 4899 2579 4987 1436 2322 1235 4127 2345 2732 2703 1308 3610 1792 1215 1447 2668 645 2715 362 1696 673 3052 2615 3781 2415 1173 4354 3824 867 4216 1829 2184 119 3668 2090 2548 4518 1507 1528 4199 3114 4894 1592 1035 4406 1629 2124 459 4397 206 1724 4013 2768 3900 3876 2613 2362 1085 2364 352 1655 4736 4086 424 3164 1608 2842 3240 3094 2682 793 265 2495 2069 4841 1535 183 3883 1456 2683 3205 1194 4117 1530 2791 2602 2729 2316 3406 4920 278 4234 3953
580 123 1912 3273 4149 2620 3705 3567 918 2982 1997 3397 1507 3278 3455 833 36 1088 1656 4108 2874 992 3247 1690 2449 1674 3937 4923 541 4426 4354 184 3083 1373 2455 3113 4560 2508 1394 3907 4825 1915 964 4749 1786 559 4622 2493 2088 1840 4009 1029 1791 1926 1013 3632 2747 2016 375 1477 2697 365 885 3422 1564 2095 2654 3240 2945 899 970 4076 4120 3837 4191 950 506 3113 2942 2314 914 1405 1460 1562 2487 1456 1543 1217 2953 1240 2068 4816 2317 1036 4819 4381 3491 4617 2924 3595 4418 213 2472 1530 582 1690 4533 538 2601 3996 3427 908 1358 3501 2141 476 4829 4404 1708 3704 112 4349 4358 3623 4450 4181 1184 465 2088 642 4661 4874 3940 4266 627 4638 4462 2371 1233 3937 4413 4475 3268 4978 4795 3983 4768 1332 3891 3205 22 3063 1226 2034 3723 685 4144 2711 3277 4289 1733 4887 742 934 1433 3194 1923 3637 3496 4982 99 3287 3251 1086 4570 525 2290 175 1497 3255 1258 4143 4154 312 2921 3345 922 1587 3644 4576 3171 560 2159 2800 3842 4630 3582 3598 3134 4096
2510 1912 2437 4788 4247 4573 3226 3697 3137 1174 4094 3385 2592 4644 4515 1221 452 2310 3328 3441 1900 3073 4106 2892 4576 2746 3213 3545 1871 2998 1038 3488 1607 1096 2180 3338 4257 650 3048 3224 335 2046 271 4448 3933 1418 1569 4188 2371 1069 3500 1935 2499 782 4212 36 4647 4974 1778 2251 1655 698 3205 1242 1008 885 382 4731 3017 2247 4395 3315 1052 654 3231 14 3029 2543 1786 1880 4774 3849 2653 113 2219 4673 157 3006 338 2383 1231 773 180 4588 4430 3982 3092 610 787 840 3043 4250 1974 422 1873 1647 2407 441 2586 3915 1394 3432 4122 1070 3351 3768 4340 1944 1314 3853 560 3126 4777 1887 2416 4217 3927 3058 3428 1210 3798 2506 1756 2143 1489 999 414 4245 280 1700 2636 932 986 3408 3317 4836 3593 3088 1576 4854 4976 3496 2426 4219 708 4596 1538 842 3269 1446 3572 4002 4831 1036 3189 1133 4931 3859 4269 4171 4968 3572 1402 2156 4403 2813 1574 2367 2751 1310 4994 4606 194 2189 3453 2736 2684 1649 4223 4064 787 332 4344 2915 3419 2584 4853 4158 1240 437
33 3273 4788 2437 2011 3685 2580 741 4826 4260 2219 1329 3791 721 1936 844 3899 2232 2275 834 4446 2206 2556 196 1729 4228 871 2856 4711 4949 1240 2078 1508 2149 4627 683 3552 2070 2135 2224 52 4723 1956 3376 2704 4358 633 2710 171 2526 3889 960 643 1548 1240 4661 278 4546 3123 2879 2386 4248 469 746 2458 281 63 2543 4910 2686 411 4257 1372 1701 4269 4563 787 1610 3234 2242 2579 2638 295 216 2316 3131 615 3290 356 3519 4544 3585 171 250 3840 2467 341 1931 2339 2402 966 3405 701 4482 4123 2740 4918 827 4099 1419 3783 3671 764 4013 3685 3708 724 3638 4794 342 4985 478 2996 1423 1682 950 1986 4495 2972 1250 3686 670 2024 3913 513 1084 283 101 3084 3020 4878 576 2649 4795 2461 587 4247 3921 2648 3073 3762 3041 1475 1713 902 1035 3155 1097 2800 3694 3268 2739 1279 2141 3659 1102 2246 2341 1039 2788 2328 1497 2231 3139 811 1473 2145 4530 3294 447 852 2215 2134 3395 1258 2126 3778 3462 2086 2729 3151 2683 4596 2708 1619 2584 4547 27 4655 3882
1605 4149 4247 2011 4558 378 911 1921 4790 587 1921 379 4100 3134 2843 2889 1565 4005 584 947 3078 2749 4064 4460 2880 330 3850 2440 1318 4288 3054 101 2003 3151 4500 4269 77 2901 2299 2960 4645 701 893 4753 3622 4497 4701 4881 3617 1041 986 299 2463 4677 34 3826 697 571 4613 4230 1123 3813 3901 4472 1184 1716 1047 4023 4202 762 4486 652 942 4465 735 713 94 3676 3506 439 4635 1968 121 3855 1254 4383 1551 4055 1514 101 2969 2941 3730 22 574 1219 4056 1133 4749 3133 174 3014 4317 3548 3342 3800 2270 1478 202 3665 4638 422 3762 4689 1471 2901 3317 1736 1683 672 2194 3387 2427 1600 1229 3105 1842 3092 1447 265 3223 395 4598 3370 1794 2379 989 3444 2449 3491 1154 2521 3149 3141 2805 3371 2561 3565 3372 4429 1754 2139 1261 282 1748 1562 1457 1575 292 165 2389 1802 3643 4898 81 4461 2755 344 297 1776 2714 586 4256 1322 3642 3889 4954 4879 4112 1290 3241 3483 1954 3561 3923 4686 2629 437 2707 771 4055 3540 2045 621 492 464 3383 4198 4306 3947
1495 2620 4573 3685 378 3800 3604 3608 2701 3656 1062 2909 2978 1878 3159 2770 3896 4249 1559 890 2481 2059 2175 969 2346 402 2312 722 412 691 2342 439 1075 197 766 436 3885 4444 2575 4298 3417 3910 4648 3318 3978 4462 2842 3164 1032 940 2757 4256 1548 353 3657 2646 3940 3888 3878 4335 4418 2974 1157 668 1834 2913 1077 4708 4056 1789 3414 1405 1045 3942 4776 2256 3948 3301 2963 1089 2573 2821 591 2224 3986 299 1581 3914 1600 423 2292 463 4395 2538 3392 1026 999 2099 82 2248 1368 3567 1951 1328 3211 2058 576 4357 3481 2952 3659 1002 4688 4105 356 916 120 2693 3372 4999 1091 4490 4490 3275 1258 1189 404 3161 2644 1677 3794 1621 4512 1611 4461 4030 3142 3984 3808 3996 3202 4507 2665 829 4991 254 870 1380 3198 4528 4897 1915 3634 1009 4801 1460 4011 2769 2252 1482 3746 1260 379 1514 3377 3069 2569 2468 4224 248 3184 1403 603 468 398 123 4626 1670 3846 4177 3958 2912 4872 2647 4592 1190 4543 3858 959 1477 3476 2001 4870 1931 1385 1183 481 3640 4274 3235
3476 3705 3226 2580 911 3604 4590 2367 4969 4348 4101 551 2129 2492 1982 2459 3703 2134 2051 4440 3141 1594 681 4455 2347 4074 894 2999 440 2286 1776 4226 3820 72 4492 4617 602 1917 672 1155 1549 673 526 3806 4355 3314 715 2046 781 4427 3930 1241 3851 3130 4038 1585 2089 705 4873 3731 3470 4520 2331 1380 153 4503 4405 2214 2011 3637 3496 2135 1252 3277 4330 1095 1775 4871 2291 4917 3797 1585 1863 2428 2898 1011 979 1164 2113 4572 2206 1734 2216 3076 2328 2477 1755 2535 805 4631 627 4161 4138 3385 3208 3486 1518 4334 3054 4610 242 451 1279 927 697 4371 1861 4239 3936 1137 2803 1061 3602 13 3082 2443 1793 1327 3093 2439 579 1045 4744 2807 3719 327 2918 1637 2468 1993 3007 2447 4877 573 3744 1308 3890 3815 3065 132 1277 173 2042 2143 3787 2332 3657 3997 3185 2012 4634 4884 3699 1730 3049 2024 2238 1375 419 444 3331 4974 4779 778 2850 3729 3926 424 174 1442 2737 613 814 911 1214 3283 3697 1478 4313 992 3343 2941 3633 1959 4363 1018 1102 2591 3793 2710
319 3567 3697 741 1921 3608 2367 623 1702 4271 4953 4512 53 502 665 3922 4664 4618 26 4900 1781 3923 2225 1412 1941 1062 4161 2236 1816 1582 242 4733 4394 3127 2374 977 3100 2157 4884 293 2588 2281 552 1955 166 2792 3810 4016 3901 2655 2289 4580 1261 4535 3259 137 2393 1387 3087 2596 2374 1579 4823 1175 3395 4365 1215 1575 1949 3941 576 3431 3430 3415 4309 1616 1600 1712 3566 1569 1805 4276 265 1826 3527 4949 4692 115 2898 2161 604 4302 3035 2218 2946 2929 1970 3733 1877 347 1302 1998 86 2818 1976 302 461 509 1180 3798 4221 3170 1907 4657 1545 1237 642 3704 487 1606 2986 4977 2583 2682 4123 3813 2966 252 1639 3546 2869 2176 4089 494 158 1429 3950 746 4217 2187 1617 2448 4319 3884 31 269 3418 2123 3762 3927 443 4023 785 3304 2919 1760 2240 1943 538 4464 2644 4689 2912 2781 823 1413 3630 4309 4387 4181 561 4771 204 4417 4013 2848 2365 4303 3053 454 4543 354 2996 29 3929 2706 3022 1117 765 4799 1842 3336 992 1898 262 22 3639 2195 4806 4176
3736 918 3137 4826 4790 2701 4969 1702 3441 4925 675 4013 4151 1812 1092 1441 1064 3789 4576 3091 4588 4211 4565 4397 2056 4541 2493 1313 765 2112 660 2515 3784 762 4060 2143 3962 1331 4720 4702 835 1619 945 66 4807 4642 2121 2579 2667 1284 3283 3284 2978 4587 335 4126 4497 823 3393 41 2778 4344 2895 2941 3481 3467 1059 2412 2624 2587 1734 81 238 3804 3749 4747 3795 4459 325 4996 4303 4527 1994 3039 3894 892 661 366 1985 3620 2018 4878 1977 3826 3577 581 3636 1284 2889 3219 3140 3912 2948 4465 4106 2402 4958 1501 1810 1947 1390 406 4369 76 3460 3223 4906 1201 4136 1597 2540 3264 4951 25 1228 874 179 3103 4167 2237 766 3910 789 1374 2991 3210 1439 1625 753 3621 1843 3946 1739 2632 2579 1022 521 3008 2669 2628 618 4293 1220 664 3448 3885 2690 1464 1845 708 1257 1891 611 1810 594 4237 1413 2404 4279 4246 2167 1015 1701 4618 2387 4941 1901 2384 3753 2342 164 2129 4941 4928 2964 296 312 853 3994 4030 2826 1169 1161 4515 4480 1191 2080 3918 1836 3947
3846 2982 1174 4260 587 3656 4348 4271 4925 4968 1226 4834 2257 3482 4365 4012 398 3588 4883 2217 783 4539 4358 556 285 4042 1593 4682 1884 1498 3747 1834 3258 2090 2246 3743 2404 490 3034 4773 4950 3756 4835 4512 1054 2397 4608 1522 4164 3152 4127 743 2698 3301 989 3696 3895 4640 2527 1968 3931 1213 3291 307 852 4552 4535 1945 4776 3435 3775 4088 3969 2598 25 283 4439 4730 4892 876 4840 1246 3510 556 432 824 3417 2855 3113 1561 3114 3539 1438 2232 4555 2851 2480 1958 629 3557 3532 2921 3919 3708 3513 121 3728 3442 245 4466 1040 45 747 74 477 4408 344 4227 420 194 3799 1141 316 3407 4711 3749 3303 4104 812 4764 3943 82 2857 3379 1585 4783 4076 151 1898 1578 1090 3748 3553 4197 4995 3820 1457 4616 2094 2485 2959 3888 677 4821 3326 854 1890 348 3069 4926 4332 3000 3560 1401 445 2822 1768 1129 2508 4113 4154 1388 4110 2499 246 1689 4896 939 1703 338 3636 76 1895 2342 3043 1810 1169 726 2034 2659 3230 4141 4908 4540 2320 4829 4268 3216 4551 2446
550 1997 4094 2219 1921 1062 4101 4953 675 1226 696 1551 4011 416 537 4885 1696 3828 1442 340 2086 1363 2147 2314 1360 2358 2897 3335 3258 19 1436 2274 4820 1886 2978 808 1570 245 3385 3385 4495 3639 145 2869 2168 4225 4515 1239 4114 3289 4899 2728 1652 803 651 2212 1210 181 2812 3221 851 3371 2979 3497 4612 3846 2037 3380 1891 3853 4023 3324 2343 2396 2172 4009 4229 969 3915 405 4529 1762 2132 4641 4974 1472 3932 3416 2105 2089 1700 3337 3581 4669 990 3064 744 220 4181 3777 2079 91 2380 1052 2973 4786 3634 2410 1541 1687 1548 2889 4789 3345 444 2027 199 2037 302 2601 4382 3040 4137 3864 2535 3684 31 4549 4046 287 1345 4875 1010 1028 1469 4673 1928 3834 3955 4661 1110 4246 917 2893 337 2662 2479 908 475 4991 1261 1019 3099 2567 683 1493 2211 2021 3425 1890 2522 95 4617 1436 4541 4107 2067 2639 4853 705 2443 4132 3343 1480 4940 1215 4646 618 1113 1592 3078 3128 2992 2304 4687 991 395 4156 1201 565 2620 842 524 3152 3286 4989 646 303 3051 3016
1995 3397 3385 1329 379 2909 551 4512 4013 4834 1551 3101 279 2522 1475 4912 4692 1482 3559 4763 285 4135 3875 1005 3530 1739 4034 599 3505 3922 1282 4433 4504 3858 3770 1495 629 1567 2429 2663 3680 4534 3341 523 466 1283 2670 3713 4008 1233 4055 646 1259 269 4227 1333 4935 2183 873 155 2123 1463 2905 149 3783 1123 3426 3128 3642 4180 2157 1085 458 2459 2422 1263 2629 3534 1233 1461 979 3176 2617 4079 2596 1548 3349 2962 1257 1319 658 2909 404 4220 3808 4475 1487 2515 1732 414 4405 3908 1578 1028 3613 820 179 304 3608 3497 391 789 3857 3216 2866 261 2017 4287 1777 776 3735 632 137 3360 1368 213 2194 2053 4099 1117 2291 595 3740 10 3071 245 1190 1366 2701 3010 2418 2761 582 4959 3002 4628 4939 745 221 783 2537 285 1464 3852 285 4843 3477 4179 1178 1965 1005 4715 4544 209 4840 2353 1924 3750 1678 4761 4509 2192 3449 2995 4047 1328 1064 2777 4116 2082 940 1123 1611 4938 4205 1230 4759 4896 2507 4927 2039 3975 4806 2507 1690 3733 4496 71 1669 4847
4199 1507 2592 3791 4100 2978 2129 53 4151 2257 4011 279 3911 2141 1932 4370 2470 146 1642 943 4472 34 2957 1222 234 2309 2254 1764 4030 2836 1943 1878 4714 4959 2356 4594 218 947 3669 4045 3670 880 4764 893 58 4957 2670 4030 1653 1963 3605 2316 3301 1114 2816 2354 1949 925 4850 1207 3864 3763 4823 3129 3561 2703 2815 4232 4697 4955 3049 203 4684 916 4503 4276 880 1002 3355 2152 182 4702 2941 1058 4408 1944 1992 4357 2584 1996 4373 3825 4748 341 4784 2797 604 245 929 558 4351 3768 2239 3341 1060 1286 998 2920 4769 119 991 502 487 4113 802 902 4759 4214 290 3737 2951 691 1060 1206 2578 2314 2174 4589 364 4967 856 1717 865 1546 754 3600 223 3466 4187 3787 4506 4213 1262 2982 813 4777 3013 3065 2985 2463 3245 3216 4648 4048 3172 4949 2975 805 904 4593 3505 2319 568 4878 163 1083 3616 101 4297 3630 2100 1641 101 4174 2335 829 1131 1596 4813 3226 155 3332 3232 4682 1909 908 2524 3283 4868 1650 4345 425 2765 2268 465 434 4861 3980 3121 3240
2035 3278 4644 721 3134 1878 2492 502 1812 3482 416 2522 2141 889 3239 1853 2011 863 2938 4365 2430 745 3299 1620 2686 1469 2434 181 4359 4861 1485 2194 4733 1777 1811 3405 2725 1845 727 1696 4515 4183 4504 2644 588 1005 1242 2699 3591 4700 544 38 3690 293 3236 601 1439 534 2468 486 4012 360 1689 1261 275 4080 4903 1814 2642 1247 3299 25 536 1009 2929 1440 270 2488 2322 677 4789 2864 943 4329 445 3265 3315 3024 2161 658 4357 2724 2158 2267 922 1533 189 1433 1497 1785 4708 4122 2208 68 17 3261 518 1223 4069 1315 2978 2471 3814 2320 4196 1683 799 4012 1397 296 4614 1019 2055 3984 1641 323 930 3743 3006 3045 412 3199 2647 4424 4275 4524 2507 1903 2264 2124 861 2358 2675 59 3548 719 948 3419 495 2946 643 4692 3289 3468 2176 407 2788 3893 4190 391 3533 4831 3727 3256 4439 3447 800 1679 3415 633 1465 2453 460 825 2148 174 3956 944 2248 1126 468 2823 2728 1762 4834 4608 4212 728 4850 1125 365 1445 4282 3042 1921 516 1270 466 1183 4811
3724 3455 4515 1936 2843 3159 1982 665 1092 4365 537 1475 1932 3239 2857 3764 3658 1257 954 4974 1342 4977 3323 3706 2570 1766 4749 2680 4353 444 1282 1830 3589 3790 3877 3719 4028 2709 605 2133 3671 1126 2433 3955 1744 431 1123 2683 4607 639 33 855 2722 2475 1548 3107 3389 2862 1195 2594 4289 4572 4999 991 1151 4207 4856 4445 1832 2071 4294 1173 3742 2123 638 1778 1692 1782 1957 4611 1026 3765 3150 3523 4314 2958 440 1317 507 2636 95 1707 4861 516 4010 1590 2418 4774 1530 3152 2556 1648 2032 44 2845 2568 365 2731 3653 1238 4384 2310 1106 4269 4655 236 1309 2202 1103 1229 3998 4416 1782 2033 4325 3477 2636 4859 4585 3073 943 2340 3034 3412 3804 3474 4888 2075 3222 1222 2829 2551 1696 3200 4416 1127 4242 4555 2708 3602 3003 3567 1516 4702 1356 4793 3313 4948 899 3620 3668 3757 2125 3686 2709 4413 3227 1981 3621 1264 1764 2007 3478 4902 4413 4685 912 4965 1706 4704 2087 4256 1464 4707 539 4180 4493 403 4454 4351 3795 2771 2307 658 1681 4375 3438 3211 1488 1527
3112 833 1221 844 2889 2770 2459 3922 1441 4012 4885 4912 4370 1853 3764 53 549 3939 605 4110 1010 4093 3268 88 1165 3439 4804 1717 2241 2359 2984 280 1600 4138 328 2906 959 1861 1409 2569 3715 2343 4936 4112 2355 1688 4205 2291 861 1520 2184 3501 1564 1598 3328 1590 812 515 1727 3208 1864 3529 3250 3529 4116 3887 296 2998 540 843 1492 1473 3837 56 1563 4050 790 1042 2857 3265 3330 939 4340 4991 1399 1970 2435 4850 2153 1755 3174 2622 2951 4516 3998 2727 3142 4777 2712 3185 1348 2703 4416 555 4832 2857 3291 2641 4716 3946 473 4383 4202 3909 2327 1733 4175 3148 4656 2062 54 4749 1950 3983 3625 3460 149 4311 2485 201 2419 4494 1460 3983 3415 4260 1345 2289 2902 1431 3560 4883 2027 1178 935 801 586 2601 1397 4387 4359 1863 3189 995 2270 203 3313 3822 4937 2321 338 4988 2286 787 1285 1776 3486 3623 4526 3927 3537 3612 979 3946 69 4483 4066 492 1836 3521 1677 3121 1746 478 2510 4558 127 3651 575 1465 1555 2856 2045 1938 4209 3476 4628 1121 2703 4130
3996 36 452 3899 1565 3896 3703 4664 1064 398 1696 4692 2470 2011 3658 549 744 3474 2522 2235 3937 3603 4097 2063 2319 3122 714 84 3978 1043 2094 4106 3085 1691 1375 3317 4729 264 2224 2657 1590 1759 1114 3003 3122 4440 2868 3106 1893 328 638 607 1484 2163 2221 3219 2144 635 2417 1185 185 593 96 4375 466 2099 3642 740 3501 4805 1750 3233 2922 3804 798 2267 1893 515 4113 4554 2249 212 3601 2193 3047 3046 3709 1622 3829 808 2511 4567 3891 4043 3702 3375 3278 40 3326 3806 3547 2539 3948 1048 600 4528 2465 1567 2615 2666 870 154 3487 3854 4379 2148 56 2239 3731 4285 575 2459 2571 3917 2548 2519 2523 437 3648 1503 4749 1188 681 2220 4503 1434 3974 3469 3461 4423 4368 4467 2764 2535 572 2844 3826 869 1322 4998 1052 3518 4005 939 1502 4920 4018 2064 1428 1807 1069 4651 1915 1061 357 4744 83 1853 2387 1216 98 4359 4606 668 4547 1144 3938 3757 1109 4481 2253 4918 3798 2665 3987 4340 2345 778 4314 633 4565 986 1440 4980 1119 55 1108 388 1799 4330
3493 1088 2310 2232 4005 4249 2134 4618 3789 3588 3828 1482 146 863 1257 3939 3474 657 545 2247 794 2111 2706 1589 685 3225 4762 3809 1665 2744 667 3276 4789 3105 3106 3621 795 530 1829 1787 1014 4266 3341 2732 4873 2559 4691 1186 4411 3164 4116 780 1103 3774 2891 2178 261 1819 4931 1367 702 674 3916 3184 922 1896 3225 3960 3528 4942 3889 1254 2743 3316 1595 2698 2900 1129 1042 310 4949 1293 822 1654 694 3143 4490 485 3462 4989 734 1997 1772 1794 400 1881 3628 565 90 3514 4483 1692 1426 4098 765 4830 4288 261 1140 3722 4366 4988 2096 186 2996 1040 4254 1845 3128 4060 2046 3541 200 4978 2062 4975 2957 4467 748 4888 1336 1467 1924 360 3199 256 4901 1178 2502 791 2592 1796 441 4435 1933 4434 303 393 3674 1230 776 4972 2751 2024 3677 3331 4106 4407 1920 2848 581 979 721 3211 2925 2821 737 1353 3923 2999 2255 2816 1494 1086 1258 2010 2740 3407 4508 4415 3030 343 2416 2004 4953 1230 4490 4308 1515 1505 614 2762 2438 3276 3334 1573 3594 1130 4597 3618
1252 1656 3328 2275 584 1559 2051 26 4576 4883 1442 3559 1642 2938 954 605 2522 545 4571 3543 1644 4642 1871 2065 398 4907 2168 1520 3759 3562 169 1612 1848 203 1643 4247 1333 2454 2783 139 4297 4359 1007 1278 3188 3775 3104 1048 465 2526 4558 4821 4498 1165 4791 564 573 2049 3681 2873 4560 4959 223 4266 267 2208 2457 31 1993 1607 2294 4187 2689 1906 4298 3701 3689 3609 3300 4555 840 2797 4933 4002 2017 3395 3704 1985 2500 4176 2259 2867 3290 3295 2241 4333 2589 1089 1007 4562 3296 786 1637 1218 1285 244 1505 436 3970 3740 3792 3993 1082 538 3147 1115 931 924 4979 723 4048 802 4456 4298 4000 4505 2002 3109 1498 4979 224 3370 2317 3661 3907 314 1785 4351 2225 1000 2893 3157 3205 4468 1994 1516 215 1328 2133 315 435 1257 2559 74 1787 2134 3944 635 4978 2745 4832 1731 217 524 24 3210 3507 1732 3188 1410 2287 4350 52 3189 1666 692 4098 2510 3097 2484 788 2769 3990 3485 3888 2039 79 3716 1484 1043 2346 1320 2273 1484 325 3080 355 2998 2424 3571
2835 4108 3441 834 947 890 4440 4900 3091 2217 340 4763 943 4365 4974 4110 2235 2247 3543 4077 4665 1606 1703 4286 3971 31 1666 3261 2975 1185 3800 2797 1481 3950 1906 4992 2723 1385 3029 2910 4740 879 4102 1458 1112 2157 2470 1993 1369 294 2905 3788 2678 3110 2861 4092 263 4528 493 2547 3900 1658 1123 151 686 632 1525 1827 4410 2833 1344 4446 344 1397 4391 4572 2398 2239 212 3735 1264 4204 3831 1039 4237 2441 3451 219 4829 1711 1740 1061 692 2546 3625 1298 1406 1779 4523 4228 1478 4219 2554 1687 4579 1003 2183 2768 4539 3771 4398 491 488 57 1052 3282 3458 4321 541 2840 4193 3265 75 4423 1461 941 3295 2536 4848 4533 675 2312 140 1448 4278 345 3662 3902 1810 4347 2457 2033 211 316 442 3217 346 1140 1564 316 822 578 3065 3244 4793 3116 2788 3445 2741 2944 4704 4209 4098 4646 3417 4865 1615 2303 3533 3842 882 3502 1408 366 1432 4901 414 2573 3082 1499 1388 39 2896 3369 3823 159 2011 2492 1906 2454 4258 2202 271 4536 3483 4177 4864 312 266 2508
632 2874 1900 4446 3078 2481 3141 1781 4588 783 2086 285 4472 2430 1342 1010 3937 794 1644 4665 16 2086 2383 1417 253 1945 1991 3627 2272 3886 329 4499 207 3348 4739 4282 3455 4936 148 2029 4267 4711 4111 1186 866 2551 3848 1519 2489 386 3893 4175 709 4825 1089 4312 2066 277 4929 3933 2665 1907 2081 2687 4934 3687 3683 4138 1567 4447 2662 3629 2549 1916 4261 2360 513 3682 683 4683 3311 2040 3453 741 3871 4479 3159 3250 2738 4665 2328 4511 258 160 3760 3951 4028 2178 3013 3384 1789 1773 474 4638 4039 296 1394 4381 968 4667 4845 1379 1937 4604 1930 4619 367 1390 897 1825 1633 3620 2442 49 1083 3929 1635 1775 714 4669 296 2015 1786 4526 3900 394 2310 562 1505 299 4468 397 1624 4317 3105 4364 3363 2040 1328 4057 3647 3543 467 3634 1473 298 4171 871 2413 4570 1776 753 43 427 880 4625 1585 2117 1095 2653 1042 3093 4403 3867 3634 3078 3959 1999 798 2642 2456 4332 4839 3104 65 2789 925 4013 1536 788 4145 990 68 2375 2149 4489 4342 2671 4749 4564
871 992 3073 2206 2749 2059 1594 3923 4211 4539 1363 4135 34 745 4977 4093 3603 2111 4642 1606 2086 1636 3567 360 928 2410 3575 2013 3557 2512 1338 179 4557 608 2858 44 4183 4034 693 4816 3936 1930 4138 3355 4995 424 1225 221 3563 734 726 2331 1638 4131 2296 641 1059 1691 4100 3608 3680 3784 22 1520 421 834 3618 2729 877 1702 3521 3386 3341 3125 4297 1690 1780 1546 460 2948 4430 4580 2348 3104 2883 4755 4581 1917 1547 2638 756 410 4775 3840 1928 4391 1785 2486 1182 24 4684 342 3525 2272 4362 445 3081 3958 2953 1164 2805 1417 2862 4879 106 218 277 4898 275 309 1591 3826 46 2107 1521 820 1323 2282 876 3120 1207 3651 4883 3523 2387 653 3348 313 3359 3802 1044 1808 1449 1965 2456 1354 2959 3178 688 3568 706 2983 3514 1448 757 237 2476 1278 4850 1349 3530 4863 2025 3781 3878 4671 3327 1113 4417 1557 859 1598 986 4241 133 1099 2762 4218 2352 1200 4653 3060 847 3344 1934 3372 4884 2454 4778 4161 1192 2343 2234 4859 2947 3981 4195 3460 4470 1275
991 3247 4106 2556 4064 2175 681 2225 4565 4358 2147 3875 2957 3299 3323 3268 4097 2706 1871 1703 2383 3567 3970 4970 1777 4620 4046 3317 4845 3594 4413 4069 1755 542 4424 3361 3251 2582 4310 4194 2064 4997 2736 2112 2037 257 1150 4884 1713 171 367 80 1520 4874 2831 1783 752 3819 4986 3730 4261 4932 2131 161 3250 272 4545 2983 328 1669 1568 664 330 4025 4851 1026 200 3441 4041 1366 560 1308 3273 235 1996 2351 900 4063 4333 420 3902 130 3174 3064 1765 4839 165 3659 1434 1824 3407 963 228 3684 4802 4127 432 3447 3358 540 4514 1933 603 3969 3811 1912 1087 4260 929 1858 4742 803 3476 324 744 2527 2042 3160 2887 4996 4244 289 4718 2865 161 3594 2457 4964 2988 380 2369 408 1416 1504 1698 2762 331 926 3498 232 1809 3194 4722 193 2430 1013 2680 3876 4120 231 2296 3254 3576 819 3818 4023 2498 328 3742 4403 798 2767 4880 1940 4492 3432 4313 2045 3826 2101 4405 2172 3358 2134 700 2087 2823 3446 696 3271 2311 675 4579 3250 3597 1405 2083 4708 2523 2720
3563 1690 2892 196 4460 969 4455 1412 4397 556 2314 1005 1222 1620 3706 88 2063 1589 2065 4286 1417 360 4970 4575 3245 148 170 2781 30 1106 592 92 2602 452 840 1293 2278 1058 1204 2022 2327 1428 4873 2195 3703 658 4301 2914 2708 4244 1459 780 4368 1781 3063 2643 2232 371 2191 3307 3326 4182 2013 1051 4452 614 1252 2289 4995 4381 2397 763 3533 2460 1696 4484 4644 1652 1676 3650 1876 2536 4070 3497 1178 4753 1411 703 1798 3991 1463 1915 1346 182 2601 1522 3243 2044 497 4310 3118 281 3814 3170 3825 4158 1842 3348 1158 1528 619 2705 1067 943 4145 278 2876 1986 2040 2384 513 814 3096 2970 4881 70 4720 2093 935 4593 4046 2812 253 976 4231 3731 816 2035 1793 4980 3059 1213 1919 1728 2761 3456 2052 3005 87 3192 4764 1365 1140 559 2120 4771 897 258 134 3262 801 640 4480 4439 4354 1485 295 983 4306 4969 2211 4582 2825 107 2093 54 1957 39 2061 3050 3388 4646 1859 814 1322 3278 4506 2459 4749 144 2999 1476 3910 1158 2385 2144 1178 3155 3685 2677
4087 2449 4576 1729 2880 2346 2347 1941 2056 285 1360 3530 234 2686 2570 1165 2319 685 398 3971 253 928 1777 3245 4310 209 2870 59 1618 189 1058 376 4118 3973 2078 974 1524 408 2957 2570 3380 2046 2849 3427 1193 3476 3688 2158 3841 1202 4413 987 202 4937 1834 4047 2418 4152 2398 1877 1444 3965 2406 1670 4945 3376 3869 111 1694 1772 3258 2014 4070 169 2072 3453 2760 4970 3817 1269 3135 4358 3009 408 725 4735 747 4865 4545 3063 3278 3281 2375 4514 2858 574 862 255 4679 4556 4887 451 3991 4658 4587 2151 1498 2303 263 573 997 2710 2417 3009 1826 1125 1293 4712 1516 4831 4386 2191 650 4671 4090 2514 4526 4916 1417 3422 742 3204 4220 2969 1122 2772 4705 4521 2580 671 2507 25 4515 4128 1064 571 554 3192 166 2238 116 629 3483 4500 2656 1980 1167 2708 2220 814 1480 2117 1552 559 4774 1971 3405 303 1260 4013 2189 1389 3606 2925 4104 3521 4882 4183 3884 2605 1219 4913 4954 282 1364 802 3556 1240 254 4688 1355 4856 3261 1988 3802 3340 343 2163 3909 264
546 1674 2746 4228 330 402 4074 1062 4541 4042 2358 1739 2309 1469 1766 3439 3122 3225 4907 31 1945 2410 4620 148 209 3518 1121 4876 4960 2470 321 1156 4948 1075 2910 679 2087 239 2531 1829 2063 2812 2179 2595 797 312 3069 2206 4658 3009 1237 4633 2833 2058 4499 2686 4578 2908 4308 1422 963 388 4832 2683 4306 3461 1719 3334 3656 3603 4356 3981 4971 363 1026 2019 1346 3759 4196 1182 3528 1229 3231 4692 3074 462 3583 728 4541 1597 2766 3117 4217 2856 2263 2717 2385 1771 2942 1454 1894 4104 3501 2971 2528 2912 4669 2971 2980 791 3905 3683 2970 1738 3775 4415 1519 2494 3174 4852 3838 4338 1117 631 1139 4152 1967 2795 4876 4109 1148 4324 2215 1443 673 2013 3451 936 221 2282 4906 3042 3650 192 4647 1584 2390 1344 3340 4368 1783 1572 2184 1453 666 4336 3729 4363 1723 1097 2935 1471 2547 2744 2664 572 4445 346 1461 2214 2129 2245 717 2643 2552 584 1367 2417 4842 1943 1111 3544 1227 3861 603 4252 4375 3185 1988 3979 764 392 2721 1314 4222 3177 2287 4141 3821 3663
3983 3937 3213 871 3850 2312 894 4161 2493 1593 2897 4034 2254 2434 4749 4804 714 4762 2168 1666 1991 3575 4046 170 2870 1121 4263 4971 2138 3085 1569 1771 3749 4327 4260 4533 2100 906 888 177 3989 2909 3371 3845 2104 4601 4003 1413 1281 711 3291 1800 1210 2814 1294 4710 4156 2883 935 939 3218 3487 142 4559 2703 1963 1305 4570 4700 4442 2044 1405 4856 1481 3804 4728 2113 993 4926 4321 2374 1991 1005 2027 1128 4972 3813 811 4980 3724 1110 4800 944 2490 1649 4171 543 362 904 369 4494 3281 4544 4165 3325 4915 3906 3213 4401 1969 2278 455 412 67 2286 4267 3926 2496 1687 2958 2054 2113 138 3153 3229 3337 2821 4271 2563 1840 1915 1842 3493 1300 4184 768 1361 2016 1868 1962 2197 2066 452 4234 1834 4241 1931 4947 4838 4615 3398 2310 454 4798 1220 1773 4468 3352 3728 1930 1019 3202 3849 1985 165 2634 1764 1678 1427 4160 4331 3868 1000 3457 639 2668 4475 212 344 1729 3492 1595 4819 4992 673 2883 3437 929 97 2358 3245 4285 2261 1530 4862 3965 4130 358 1215 1665
4062 4923 3545 2856 2440 722 2999 2236 1313 4682 3335 599 1764 181 2680 1717 84 3809 1520 3261 3627 2013 3317 2781 59 4876 4971 3879 636 3281 2118 462 1301 2551 294 458 3588 4579 2700 4730 2500 1838 1532 3918 2608 3750 134 4234 1602 2402 3253 3651 2667 1451 3604 3316 4426 4377 1064 2832 3710 2936 240 4858 2556 4562 171 856 1965 3410 464 1544 4188 1416 3593 660 3995 4333 670 627 4217 3181 3477 351 3141 1641 190 2173 1158 4756 1175 2426 1469 1469 194 959 236 343 3239 2903 4369 4531 4342 2785 1035 1886 2297 1897 1320 963 4861 1924 3987 2244 2026 366 4953 3019 1567 4645 3876 530 2271 851 3827 387 4771 3547 3168 4023 2476 1246 1995 4361 143 2398 1077 1704 1079 4132 3727 246 4130 2473 4962 1619 2995 2512 2282 125 4875 3539 4207 4422 4797 4420 4544 1343 263 972 3337 4495 1854 1703 634 264 3379 4771 3834 4526 4393 3530 3652 129 4418 4842 4596 162 2845 2170 4139 2008 2760 4745 704 3411 4964 2015 570 4104 2014 3139 2440 3298 2826 4639 244 1302 1784 2775
4101 541 1871 4711 1318 412 440 1816 765 1884 3258 3505 4030 4359 4353 2241 3978 1665 3759 2975 2272 3557 4845 30 1618 4960 2138 636 1300 1621 2844 3181 4165 3504 4574 862 3324 4970 1597 3021 1305 3911 2645 855 3229 1181 19 1108 3178 114 4035 205 3819 1000 3891 4731 3608 2295 3624 1181 55 3333 2681 1628 3525 4916 2283 4080 4031 1762 815 485 4912 576 1307 920 1590 4466 331 1041 2006 1161 1957 2558 4217 4168 285 1093 3854 2475 3633 2705 2072 3900 1465 3874 4675 2617 231 710 3676 788 4591 3492 2290 4348 924 606 789 4816 239 2810 1407 1960 2767 3884 1600 3480 3429 111 1806 3119 4154 2449 625 4286 1462 2116 1816 49 1357 2563 528 824 2925 1405 373 2971 3237 31 1722 2827 1114 4875 1361 1295 4265 1641 278 4325 1813 2851 3963 1582 4142 1226 522 4035 3990 43 105 3826 2228 531 4937 1287 2994 2079 4320 1017 3066 2251 1887 3748 4550 3350 1172 3359 549 358 1196 3907 4515 320 1278 4164 309 1307 3610 1738 4754 1961 2342 2458 4222 3665 832 3643 1761 2457
1808 4426 2998 4949 4288 691 2286 1582 2112 1498 19 3922 2836 4861 444 2359 1043 2744 3562 1185 3886 2512 3594 1106 189 2470 3085 3281 1621 3217 2714 2950 634 1072 2912 4636 444 1834 515 2530 409 4573 3631 4508 1952 2885 2088 4153 480 114 4121 3387 997 4594 4718 163 3304 1677 3618 3509 3935 382 1183 3632 4696 3609 1581 1928 3279 3241 4208 4175 205 2173 4556 3310 3864 1967 11 1310 2049 4076 1055 2658 1362 2870 2987 987 3710 566 1133 2412 4947 3338 64 3388 4886 1789 3265 3265 398 1964 3846 269 2466 2894 885 4757 4138 2751 3326 3846 3349 4304 4666 4060 1263 1497 4844 2099 4726 958 3162 1057 3756 3495 1757 1808 3141 1550 3035 3375 4435 1748 3618 3662 871 3900 3278 3450 4322 584 3726 4933 44 453 3795 3589 2774 1684 2462 3671 3941 927 4806 809 3575 4288 925 970 458 2516 1795 4013 1494 4673 2959 437 180 207 1570 2123 1177 2181 3444 3787 1356 1410 239 3675 1585 2659 3975 484 3805 4577 1109 2157 3404 4186 2606 1808 2257 3639 1749 467 3135 326 2189 2279
3886 4354 1038 1240 3054 2342 1776 242 660 3747 1436 1282 1943 1485 1282 2984 2094 667 169 3800 329 1338 4413 592 1058 321 1569 2118 2844 2714 2688 2284 822 648 1297 4501 4547 37 3479 818 747 2232 2709 4984 1641 937 252 1372 384 1348 2168 3382 3622 1962 3936 4496 2424 1598 3634 4976 3272 3267 2648 182 2863 2185 3192 2900 432 957 1048 1689 1370 2185 1825 1033 4411 1080 2238 2584 3446 1647 1901 4886 2819 3102 956 1547 2528 217 2411 2151 3466 3720 4834 3082 1731 2223 3566 4995 2240 4350 671 3521 279 2311 2410 1096 2631 2695 2939 3409 1418 247 2672 1651 2971 1935 4453 1900 3407 1902 1736 3408 2460 4608 2422 3802 2255 4882 2560 4546 4830 2913 4982 1588 2090 132 3901 4453 3483 1662 2606 4543 1604 2635 1374 2994 2995 2904 3204 4904 3043 3267 448 3608 2690 2276 4493 3229 583 3313 1518 3827 4987 1827 1944 1931 461 3260 1585 3962 2400 2014 3318 1774 440 1319 931 3828 4866 3651 4118 4630 335 4344 4124 219 1982 1492 1708 4094 2471 610 1523 3363 2583 142 4450 1913
4318 184 3488 2078 101 439 4226 4733 2515 1834 2274 4433 1878 2194 1830 280 4106 3276 1612 2797 4499 179 4069 92 376 1156 1771 462 3181 2950 2284 4401 1740 4959 714 1852 1776 290 965 4036 1663 2834 2982 669 3079 2234 3858 3554 1700 1565 1300 486 467 4931 1810 2731 2312 613 3448 1406 3466 230 1640 3517 3508 3967 4330 2139 1451 2568 2754 2554 2369 2107 3693 3479 3485 2124 4089 2992 1126 4744 3393 1091 1327 3929 1786 673 1475 3259 358 227 2534 3480 3506 1459 2139 227 3266 1324 3305 3167 4039 4995 2387 2358 4102 880 3400 3131 4043 4419 3209 1468 2539 898 1573 1642 1616 4631 4843 1517 486 4501 705 1449 3016 4659 3699 4847 4503 3794 238 4188 23 865 3386 1603 4681 1607 3694 811 3228 173 3012 1406 4390 4062 2951 2190 4968 1628 3950 3601 1043 4394 3635 3540 4406 2936 977 3724 2297 2186 2431 4800 2293 1687 3998 2152 2027 417 1068 3736 3261 3996 3245 4270 1677 4381 13 3150 3876 3198 3346 1934 508 2745 696 1035 4866 1885 2949 4993 3826 2456 1577 4349 1970 1495
3849 3083 1607 1508 2003 1075 3820 4394 3784 3258 4820 4504 4714 4733 3589 1600 3085 4789 1848 1481 207 4557 1755 2602 4118 4948 3749 1301 4165 634 822 1740 2855 1010 45 3583 4143 3688 4960 631 2937 4115 470 4908 2448 3129 4624 522 1050 3622 1129 41 4698 2691 1513 3599 2879 3129 1591 2207 1600 3071 106 2131 2441 2248 4212 2507 3859 3923 4568 4853 1636 1309 4129 233 4929 2732 4855 724 1854 2849 4930 1633 4918 746 3755 3283 732 2112 3314 4602 1520 2847 1271 3187 4125 3180 1735 3278 3718 3007 1239 2506 2625 4835 2568 2062 2104 2790 540 1811 2285 184 2956 1576 1431 4625 600 4155 4046 4825 1223 954 3553 620 4235 898 1136 4028 2964 1353 3450 4843 3908 1149 1319 2114 4262 3161 4432 3465 775 3576 2309 3417 1583 2516 1590 1137 821 173 811 906 2437 1454 2401 594 3866 716 539 4876 1521 4813 1629 1177 3309 3637 4632 2790 933 208 2304 1458 4649 4898 2168 1795 1359 1500 4173 3591 4394 2772 2613 3012 1906 2163 4686 735 3944 3778 4682 4208 1525 673 1169 2976 1621 4779
697 1373 1096 2149 3151 197 72 3127 762 2090 1886 3858 4959 1777 3790 4138 1691 3105 203 3950 3348 608 542 452 3973 1075 4327 2551 3504 1072 648 4959 1010 2203 3025 2813 2064 683 4146 3630 4501 694 3085 2068 4500 3359 320 281 2198 2460 3664 3351 3862 4344 3867 4537 3822 2640 2495 3488 2818 2186 3221 4981 1185 375 3406 2992 2997 1910 3555 885 3322 740 3129 4261 3213 2070 4202 4895 1680 2399 1355 1013 3578 149 3292 4352 4922 3652 1109 2084 2968 1299 4303 4620 1469 3805 3291 3308 39 3834 1942 2458 3538 3429 2250 2900 529 4952 1809 3358 4207 4224 1224 2347 3906 2202 3695 4432 1724 1229 1004 3346 3931 3167 3476 1835 1096 4637 822 1064 3374 186 4037 4000 132 775 843 802 4017 3607 2575 3454 2474 4704 3651 1294 1458 1918 4904 1889 4975 397 3107 234 3959 1296 3323 3040 974 1657 3590 2805 1294 4938 4809 4514 157 3747 4857 2660 4146 3961 4338 1895 118 1331 816 2495 2768 3687 3918 1578 3385 2189 4681 1812 4211 153 2179 4574 174 307 4697 4000 362 1126 3690 1868
4569 2455 2180 4627 4500 766 4492 2374 4060 2246 2978 3770 2356 1811 3877 328 1375 3106 1643 1906 4739 2858 4424 840 2078 2910 4260 294 4574 2912 1297 714 45 3025 1323 2252 3274 2075 4077 3486 1470 2272 2342 4432 4345 3661 4549 2701 3187 4415 1912 237 2199 3377 4840 4312 3504 753 3449 1333 877 4935 3538 2058 939 281 4550 1256 652 2459 4355 3019 2297 1235 3893 1959 675 2837 3444 3156 3715 569 4307 3799 3961 19 858 2792 3179 2679 3132 1716 2775 3421 52 4586 3054 2394 294 663 1168 3687 836 4006 4826 2938 2679 1737 2252 1596 698 4133 741 868 148 2309 932 1728 1573 4399 640 1847 2493 326 2311 4950 720 449 3454 2623 3438 854 4722 4843 2418 4560 4388 1727 1464 2353 2226 3104 4980 658 3159 4303 4914 3438 2303 3309 776 4485 2799 3044 2496 3926 2181 837 2397 286 1616 4318 2236 2620 4540 1806 1974 708 2943 3045 3967 1608 3948 1294 305 3745 3028 576 3390 17 2301 272 3207 4352 3162 3073 1544 2434 4729 756 4017 1273 272 2676 2520 1602 316 4013 215 1151
1671 3113 3338 683 4269 436 4617 977 2143 3743 808 1495 4594 3405 3719 2906 3317 3621 4247 4992 4282 44 3361 1293 974 679 4533 458 862 4636 4501 1852 3583 2813 2252 652 4237 4185 3204 897 1190 3303 465 4509 4363 224 912 2699 1932 564 1987 2147 132 387 1756 497 1381 1778 1757 3063 4356 4693 2536 3190 2829 1433 4159 4695 1691 2043 4242 3190 1894 4319 265 1173 4403 3484 2785 92 2212 3100 4168 2039 2101 3692 1994 1994 301 1437 1428 1800 670 4065 715 3515 41 2183 1144 648 4507 2553 1085 2813 4585 3464 3868 3817 3514 329 192 414 654 4703 3433 1949 4754 203 4445 3517 2431 4922 4607 2951 4030 179 622 3958 3287 184 1268 56 2451 71 813 1332 4822 4041 2243 4754 3669 1356 2840 45 4042 1477 4896 2907 1428 3225 1783 4529 3368 1626 2768 1252 1598 4297 2082 2073 3664 2770 2931 430 1409 2916 1227 4205 4816 4979 4163 4149 4835 2113 1772 4924 4442 3449 825 3950 3880 3899 1336 4028 705 1709 3324 2774 959 4724 2165 2180 1949 2763 3257 3966 2990 377 416 1772
4146 4560 4257 3552 77 3885 602 3100 3962 2404 1570 629 218 2725 4028 959 4729 795 1333 2723 3455 4183 3251 2278 1524 2087 2100 3588 3324 444 4547 1776 4143 2064 3274 4237 3513 2093 493 4747 3212 1524 3108 3109 957 109 1317 2872 3304 2425 2770 2203 1853 821 4010 3845 2316 4531 1331 313 4685 722 3627 1416 4402 2232 1527 2743 2313 2829 578 2926 2803 2975 843 3064 2546 1412 4941 221 2623 4398 1126 2051 3963 4237 3566 2415 2981 1409 1427 1134 3491 3463 1970 3256 647 4890 4307 3423 1116 2951 3135 162 2103 4268 421 4526 2526 3129 2797 600 2477 669 2598 2850 4499 4044 4691 734 379 905 1224 940 1997 1193 1425 2508 3829 4583 4158 2332 889 4202 4945 1210 1151 704 502 2156 225 4466 1389 3388 1948 2594 3373 1516 476 1000 513 2748 4819 3544 300 3938 4331 1752 1126 1491 2561 2869 549 2521 1620 3494 1756 2521 4905 2336 4179 4435 3748 2751 1942 2340 473 3526 1638 2953 4299 1768 3215 3727 4271 4994 989 4987 4005 2927 3216 1749 3402 2985 4723 3974 1381 3807 2943 3898
4450 2508 650 2070 2901 4444 1917 2157 1331 490 245 1567 947 1845 2709 1861 264 530 2454 1385 4936 4034 2582 1058 408 239 906 4579 4970 1834 37 290 3688 683 2075 4185 2093 2993 1638 3299 777 1406 1982 2171 1208 2964 1286 1254 4026 4147 967 904 4382 3687 559 2026 4972 961 2002 1135 2544 4252 1467 1716 2886 3245 3111 4123 3208 4513 3709 4062 1041 2621 3485 839 3142 925 4044 2350 3921 694 4624 2689 2951 3994 4143 696 1143 4107 1821 2434 525 2662 4724 3281 4338 509 43 3215 660 1828 2525 3930 1148 710 2881 2736 4800 2911 4150 142 4885 990 4692 2511 3799 4539 923 1604 224 1691 586 4507 3290 2775 3968 1884 2554 966 1797 901 2447 193 3788 1729 2389 318 4015 1775 477 2856 1157 1574 3276 222 513 4989 3259 269 2412 2676 4571 2774 2347 4418 3466 2959 77 3272 2043 2018 60 1571 2790 57 3131 3335 624 1872 4004 1553 4977 3752 4617 1743 4947 3543 1302 4892 797 2139 2882 1862 885 2839 1517 3328 4017 4384 1696 4657 3156 1750 721 4273 3269 2083 2743 2796
4829 1394 3048 2135 2299 2575 672 4884 4720 3034 3385 2429 3669 727 605 1409 2224 1829 2783 3029 148 693 4310 1204 2957 2531 888 2700 1597 515 3479 965 4960 4146 4077 3204 493 1638 2625 166 1137 733 2597 2075 2876 1607 3800 3603 4817 218 2887 121 1233 3396 2295 898 2647 2198 3598 4960 4785 358 3282 4640 3326 3049 1406 355 1510 2513 2626 4717 2438 2694 3660 4008 904 403 1425 4368 2433 172 694 1463 633 1143 4290 3038 399 3182 1054 1592 4620 1011 1831 4616 2586 2184 3282 229 488 3890 13 4260 4387 252 1091 1374 4677 4702 3515 3880 1898 2013 3953 4669 2121 3622 3394 4009 754 58 882 4116 4374 2372 2374 943 1158 3964 3836 439 2992 4267 3852 4371 1750 1601 711 4685 643 2599 690 794 4038 3570 4082 4252 4681 4443 2584 855 2300 4178 3829 2628 3643 3755 2973 4580 4135 1876 4171 616 4019 3741 2006 2584 1472 2704 3455 3305 2924 4049 3587 4658 4410 531 4626 2098 1077 4531 2167 3705 1835 1275 1603 186 244 2675 1893 588 2423 1003 3221 2661 2664 360 4128 2901
1821 3907 3224 2224 2960 4298 1155 293 4702 4773 3385 2663 4045 1696 2133 2569 2657 1787 139 2910 2029 4816 4194 2022 2570 1829 177 4730 3021 2530 818 4036 631 3630 3486 897 4747 3299 166 1603 3978 4958 4813 2605 4746 2475 803 3472 1605 3961 2279 2832 1951 4009 2728 2059 904 797 1197 2486 2891 3703 4507 3337 2108 4419 4834 2003 1068 1223 2877 2131 770 965 4154 4335 623 2461 2319 3813 2948 4794 3729 4306 1362 413 2886 2572 4080 4328 2881 2898 2083 2481 1800 1164 1065 4973 1465 1692 1071 191 2801 459 594 2144 1334 4593 3028 2402 4495 3372 1904 1575 4264 1536 4351 2894 187 1740 4792 925 3252 1879 4837 157 706 3624 1722 3949 466 3188 1508 4803 4846 4988 315 1398 1515 3978 3984 2711 3760 2170 867 2799 1093 406 992 2462 4855 3992 3704 4855 1260 1111 3365 1128 2503 2554 1305 4884 2456 4295 3090 4113 3859 4064 3958 1651 4646 3008 4884 1112 1226 2638 2196 466 885 4901 779 2435 4356 3481 4420 406 15 2544 2336 3312 4435 608 4677 2030 4370 3108 2206 4967 2843 3266
