N: 200
M: 50
Symmetric: true
Triangle: false
2 182 183
5 184 127 129 66 81
6 128 45 71 47 54 12
3 39 100 80
5 176 46 198 79 52
6 121 167 24 119 148 144
10 50 165 164 114 143 97 3 88 195 63
2 48 122
5 10 178 188 101 102
4 60 28 70 153
5 191 159 93 64 124
6 177 139 91 16 173 116
5 189 193 92 5 40
3 89 120 131
4 141 134 96 170
5 41 149 194 17 44
3 98 169 69
2 117 115
7 68 199 155 49 6 22 36
1 15
5 32 67 62 166 154
5 94 111 65 99 126
5 26 34 130 59 138
2 179 43
2 58 190
5 18 113 7 19 158
3 162 75 146
2 185 74
4 35 106 14 11
7 83 95 73 137 156 107 108
3 133 4 125
4 123 200 8 142
2 172 109
4 33 23 76 112
4 105 168 152 37
3 56 86 192
2 135 175
4 53 30 161 140
3 55 27 163
4 21 38 157 61
4 187 77 31 82
5 20 174 103 87 118
3 57 171 78
5 13 180 84 145 25
4 110 51 2 196
3 136 147 90
3 72 150 132
6 9 151 104 186 1 160
3 197 85 42
2 181 29
2770 431 263 278 978 4228 327 1709 4395 4854 2306 806 1856 4520 4357 4026 1974 2801 1193 2909 1526 3649 2189 4782 2700 4673 2971 3508 778 4616 1005 1187 750 3913 4210 1291 2941 1984 3856 3213 1803 1075 4553 1162 2826 3881 3984 1468 3635 337 977 1144 2799 4130 655 4642 4498 855 2208 1149 4354 2514 2482 1833 1329 3664 3728 1894 1858 1341 1087 4419 3852 4132 851 4867 2607 3430 3899 2856 2601 1233 1597 1068 867 63 4987 297 2951 2255 1919 2227 3796 2836 29 1063 3832 4429 4594 834 3584 1137 3029 3883 2148 3904 3076 4477 1593 4969 1866 3017 3213 4381 1918 940 4546 1500 3440 124 2494 4442 2635 3530 804 1546 3374 3582 2038 3692 3077 944 897 2001 262 4947 3116 4123 928 2550 1445 2478 2614 4192 191 1574 4028 3723 4520 401 612 3518 323 705 3739 650 837 3169 3416 1054 557 4652 165 4268 2233 580 3309 444 3805 3821 4633 4407 1885 972 1379 1621 4955 1083 2778 2913 3102 2399 1413 1656 2377 3766 749 1679 4721 3207 2782 36 3251 357 2203 2701 1265 4211 2811 3439
431 4924 1330 4879 1560 4412 228 2611 3105 1450 2265 4131 3464 4032 2556 912 3211 4940 4049 284 4603 2331 1074 3951 4739 3790 3425 3321 3829 3853 2717 4873 4933 470 354 1297 2687 3723 1553 4654 904 3688 3024 533 371 2061 3054 2189 678 4194 978 3812 4430 1988 3807 1469 2852 3027 2631 1734 1556 4173 1293 384 2000 2494 1467 1169 1199 1535 4306 820 614 4283 1266 395 2851 3765 3718 100 1389 377 1626 213 2814 4198 3732 3922 4588 3812 2708 4174 1724 3697 1640 4013 83 130 1397 2037 1362 834 2890 4847 572 4451 157 2697 2853 3068 2500 2592 2938 2822 2942 462 3335 3032 2607 1911 1107 3477 922 591 311 3175 4213 2659 2380 3317 4349 4356 4106 648 451 181 1958 3329 3307 2961 500 83 482 2929 964 785 467 2425 4461 2468 3219 2591 86 3765 2538 4781 3154 2645 2532 4709 3886 4046 4610 2252 1632 4803 2558 2070 2412 2455 2262 2646 2121 3734 1887 3588 3159 673 3272 4766 1953 3488 3128 3324 4391 2524 4421 1978 3502 3107 1488 1136 3588 593 3933 2577 4822 3757 3171 2797
263 1330 4161 2490 2477 1606 4744 890 3794 3409 1712 947 3591 3976 4655 1858 4171 446 1902 2447 4472 4211 1958 3843 4494 387 3828 1753 3420 3791 2098 1739 2969 4324 2962 4187 1277 1095 302 596 2788 1827 4609 2432 1792 1449 620 3633 4846 2108 2277 4510 1032 2074 4135 3159 4587 2251 2243 1114 4117 2601 2727 3661 4086 2282 1880 704 4423 1648 4753 3846 648 2149 1173 1153 2419 4199 4035 3376 867 1372 2923 2397 4304 831 2994 3415 164 32 1086 3531 2648 3161 799 2080 914 2241 572 492 2506 1987 1051 918 615 616 4392 3538 625 2504 743 2680 3244 3151 4221 3604 2234 3611 4603 1871 3806 4084 4709 4289 278 4267 3603 3790 938 4683 1443 1747 487 1438 4965 3027 1786 2394 4385 4556 231 3147 691 4863 733 1426 2580 3243 1185 3949 1848 3240 377 4285 3725 4047 2856 4423 588 4304 4349 4301 1084 3143 1578 587 4688 4694 3111 4943 2930 888 1561 994 1813 3355 1655 116 693 1465 586 2821 3076 3583 4877 381 3858 1742 4494 2749 4231 3771 396 1071 1579 4738 4543 1755 2567 2619
278 4879 2490 1429 113 924 678 3583 505 569 4586 3929 1751 2881 366 3932 4862 3236 3695 4249 3951 3746 3935 1321 1203 4215 4338 1645 4347 2014 1674 4596 2767 3878 1940 3908 1036 2151 4503 4245 3310 3304 3502 4641 4686 3601 3816 2403 1390 1265 1593 4355 4795 2109 4773 4859 1606 3745 4329 1484 125 3417 3868 4147 3720 3000 2016 549 1096 390 117 3449 4276 2937 3570 844 4277 1355 2037 1309 1381 360 1175 4397 4729 2861 4319 208 1280 2939 3888 3988 958 1845 2373 244 4276 3617 3646 685 1690 2295 1996 668 2333 3742 609 2443 388 1838 748 3521 4256 2913 3178 668 1050 4368 712 711 1597 3492 2617 4935 4791 1414 2299 1319 1047 4000 3622 3207 1909 136 731 1099 4935 3526 772 1056 1359 839 653 2710 921 3904 2450 565 901 697 3357 4523 1034 4569 3074 1734 55 2782 626 2326 3017 2413 4542 3537 2113 4965 4707 1782 1587 42 2382 4799 3998 1608 2685 1385 3299 4831 4007 4909 970 1928 522 1415 2167 790 4155 4633 3508 3711 3902 855 984 2751 99 4082 500 2961 3355 2040
978 1560 2477 113 3219 3588 1965 847 4286 2865 1935 2205 674 2288 2865 2168 1972 2858 2113 4008 1362 4649 1582 4120 3211 3585 3924 269 3174 4391 3582 1314 4110 2208 4012 3077 1256 885 2936 296 1319 4678 475 1415 2136 4309 969 3536 822 353 1553 937 4081 633 3113 3033 254 3017 2024 3245 3059 809 425 4175 1022 3358 59 3693 261 1427 4312 1213 4680 437 4531 4889 574 580 3840 630 4210 157 4143 2240 1867 2500 4877 4838 1659 3726 3385 2144 3353 4178 3610 3313 3040 3394 3033 140 4028 3614 1469 1950 915 4365 1089 3138 1149 1079 2836 655 3928 387 3719 1037 2135 3669 4600 2022 893 2698 620 3618 3066 3084 4111 1098 296 1595 2271 362 1637 1686 4451 2000 3277 3609 1573 2479 2318 3498 2407 1509 4982 3863 3769 3985 3898 307 2269 4518 1674 847 2461 3012 1378 4308 4029 4061 3261 4920 62 903 3066 1063 2673 3137 4142 1302 1235 1458 3317 876 2202 642 2303 3427 3404 3302 376 1501 4188 4637 3143 3247 2364 3038 3334 2104 2938 2767 3899 4883 2574 482 2011 4051 1846 1135
4228 4412 1606 924 3588 3008 4571 2539 4277 2047 65 1551 323 2773 867 3366 1199 3259 445 4833 2892 418 3981 2104 3413 2251 3543 3569 1657 394 2127 4493 4021 3823 4077 2538 4731 1208 288 4394 70 4499 4643 3353 3574 231 1946 4757 1459 2156 4333 3657 2037 755 2252 1788 3831 3352 3079 4254 3838 847 3275 4636 1417 1353 3998 2979 2444 3040 454 4363 2654 1029 4175 3479 4279 3546 2692 1925 2013 1929 2087 2365 2160 3031 3779 1017 3689 2331 1917 4159 773 2852 1344 4584 3159 425 76 4737 3524 3399 2826 3925 4919 1181 1250 2526 4443 2297 4804 3664 4367 3939 2949 2610 1864 4227 2153 3876 148 2728 4226 195 2036 4604 3224 3761 4044 2408 2225 2672 3396 2869 1416 3851 4764 2546 914 2052 4028 1886 321 2979 2964 1881 3113 1352 3501 4123 1054 3689 3415 3929 1487 863 720 503 867 4526 4646 4057 699 847 2282 1015 110 3615 418 413 3616 3854 4392 2621 4110 2334 2096 947 4609 1823 1607 216 3091 1196 2715 2303 1954 1026 326 1657 3312 2282 456 2133 4381 889 4902 1518 3025 4052
327 228 4744 678 1965 4571 1751 1420 1015 3022 3650 2461 2918 1810 1066 3691 156 1509 3301 3323 4815 185 2457 520 3734 4257 1806 2878 266 1142 352 114 4306 2592 384 1326 1175 1042 2511 2862 435 4857 4956 1353 976 1102 1437 535 4738 2971 3096 471 4580 2739 3785 3602 1272 1960 201 4195 563 4557 4397 3494 1968 3492 2684 4457 1624 3393 2153 846 641 1351 1667 2912 225 835 2357 3522 3860 3785 4210 52 1022 3911 194 2490 1193 2844 2873 4712 4726 4379 1757 1535 2342 4161 4997 2421 2332 1858 2684 1971 2423 4729 922 1287 1568 2226 303 1149 859 656 690 915 4053 1419 2700 1847 1718 768 1296 4164 3373 4241 1547 1772 887 791 2071 198 2189 2770 840 993 1472 4308 4967 3281 4469 3462 1498 164 3888 4478 4399 4895 2375 3624 1523 3423 3302 926 3662 4101 1990 559 1157 2014 1889 2991 619 257 1156 1475 2785 4274 1743 2699 2886 4933 381 2634 4454 1478 1241 674 1704 795 4416 2524 86 1413 4594 2507 4546 4718 1070 4227 1315 771 3406 4501 3410 2448 162 1857 4854 3061
1709 2611 890 3583 847 2539 1420 4575 845 1788 2923 3156 4711 1494 3565 1028 466 3714 926 525 2586 3855 3222 2803 2154 3191 2352 1711 753 4913 1659 2492 2654 809 4979 1397 1257 167 2152 1253 2622 4835 3715 1426 273 3095 2408 4555 3452 3711 4663 2649 3202 1597 4070 306 1477 145 4056 1122 1252 347 2082 4876 461 283 4487 481 4222 1206 4018 4591 1624 332 1999 1406 4554 447 736 3390 2420 3868 4244 4339 1075 3724 3651 4201 3985 3275 4927 4304 780 2101 4589 3288 4594 1911 3416 3296 3827 554 894 4365 3087 1523 2430 1709 79 2067 4197 1865 645 3474 1372 3034 1985 4285 647 786 3400 3917 568 3928 3625 2339 3618 917 710 3505 1812 1604 3545 3592 1551 747 693 697 3885 2071 46 921 2778 2160 1464 1115 190 2702 471 2235 3075 4808 4748 4103 731 1741 4171 4691 3726 1145 3424 1583 4185 666 3836 1484 165 376 884 2424 3551 887 144 482 224 3567 2264 2396 1533 4993 2737 640 2777 197 2602 3336 580 1498 2183 3661 4412 693 4862 1121 2337 3916 1073 517 3235 505
4395 3105 3794 505 4286 4277 1015 845 3427 1784 2579 1362 4190 4512 2072 4943 3505 4845 922 1261 4001 3321 1394 1425 3569 3539 2268 4515 4592 497 3300 906 4196 1224 4176 4554 3714 710 403 101 1380 593 690 2069 4669 4615 2721 3844 4310 988 1860 4792 511 4238 3157 1572 63 1086 3185 2671 3774 2774 1352 4891 4589 4164 4804 3415 2731 3439 3960 4796 885 1202 2945 205 4457 4272 1474 4413 1387 3655 4467 697 1410 3604 3265 4510 2313 1647 4509 1399 267 4920 1386 1033 1342 1016 3114 900 819 4582 2621 2104 401 1628 3692 2452 1018 101 3729 2508 3701 2419 2667 4986 2139 1239 3407 2402 1667 1267 2445 2882 4675 2279 4530 4493 4108 4185 1131 1649 1596 2622 3541 2261 2941 4169 4798 2263 2574 1275 2585 2544 976 789 514 4989 4741 3601 4389 2692 2338 4538 3984 2102 2465 4159 1175 943 716 4134 1029 562 2062 4214 3791 1868 2409 3983 3668 1602 3070 2725 3236 796 1960 2991 2394 3357 1989 3915 1360 1414 4968 4345 1826 3495 2527 1315 4840 3651 4850 1315 2164 4236 2875 1514 593 252
4854 1450 3409 569 2865 2047 3022 1788 1784 1340 4706 4188 1703 1710 3424 4459 2010 3115 757 4203 4335 2933 918 2445 2314 2477 2008 2358 550 518 3525 4728 1736 1237 2499 3313 1407 3279 1935 4356 4591 1403 3200 2425 433 892 4714 19 2407 2001 2703 1929 3734 4239 1081 4031 169 4408 629 4000 1713 4556 4772 167 2901 3999 1077 120 3899 4559 620 4662 3189 12 1561 4088 102 4396 1885 3584 2530 2115 4019 345 118 896 358 3541 4682 421 867 562 4556 626 3257 130 3538 1041 889 4525 696 2656 2870 3469 1573 3351 4141 3505 3102 2688 2841 2216 1000 4736 1646 4633 3443 1232 4418 3844 1425 3295 233 2348 2262 4078 2685 711 3538 86 2152 655 2967 3871 4867 3528 1382 1385 4278 2357 2791 1254 1680 3421 2510 1539 2421 3034 2428 4041 2042 3057 3522 203 707 637 3885 4158 2109 2686 1919 997 1055 1754 4659 813 2130 2408 587 4359 4724 2762 3263 1795 4018 236 3398 837 443 3233 4654 2603 3925 431 3318 269 273 3964 496 2582 3377 2386 301 2246 786 2437 4232 4290 4447 990
2306 2265 1712 4586 1935 65 3650 2923 2579 4706 284 2993 4728 2394 2052 1214 4095 2495 2248 1288 4130 3136 4305 2687 1366 3970 4406 4825 2474 988 3566 2911 947 3672 4774 2589 3670 1488 1789 2075 1665 1756 3936 744 3045 1093 4839 178 4746 3181 3881 2137 4691 542 654 1607 389 1385 4380 402 2817 2592 2783 333 4384 3965 2620 1377 1370 3821 2548 1963 3808 279 3997 2722 1189 1941 775 4788 4751 4048 1696 4536 3651 1704 1365 4280 3049 1109 29 2202 3930 3440 1673 2005 374 3234 3356 3594 3268 2091 3709 510 762 226 2383 458 1394 1978 1472 4934 834 1012 2123 4668 750 2820 4702 86 125 2148 1716 3849 2942 3289 2653 3918 3866 2727 2872 3402 694 3614 4147 2414 1623 2019 1949 3211 4720 2691 659 4902 916 4438 4810 1555 4586 2066 2805 4483 2211 3848 4626 1565 4384 4279 1051 386 4168 2507 1784 1743 293 3846 2435 227 168 3364 2082 2389 1553 4095 382 4560 984 4851 4549 2794 653 3078 4029 4187 4202 4710 3075 212 3328 4661 1523 2969 3443 2517 2638 1393 3210 3627 872 4622
806 4131 947 3929 2205 1551 2461 3156 1362 4188 2993 4358 3760 4898 1002 247 3425 4233 4426 1514 2666 4561 3156 1405 2747 2690 3398 90 357 4078 2528 2744 388 4118 4789 2879 357 935 4929 2905 2080 3144 2977 293 1101 1924 613 3311 1074 3574 1503 723 2079 1444 1134 2742 3001 4356 891 4868 1882 2286 793 4722 407 1970 542 2250 2183 3647 4823 2616 4334 3509 4596 4295 397 3800 3645 1696 1826 3203 4215 4972 4272 1056 621 3718 4018 4326 4076 4390 970 997 2215 3583 1325 1487 302 2032 1234 3077 4009 1790 2565 1151 993 1284 357 1297 4412 802 3901 3038 2793 740 4730 1199 2374 2925 867 963 2592 1124 728 1406 3019 2941 2280 4739 2805 377 2344 4963 945 235 4128 1519 4808 2477 1929 403 4969 42 2752 362 4652 3897 1343 1360 2540 2454 4478 2859 985 1589 3820 459 103 579 2596 2061 3177 4341 3732 1765 4640 4991 4549 4420 1959 4365 4706 4600 3561 3796 36 1235 256 3073 1614 203 1813 4338 4577 2527 1451 1890 4548 1771 4148 4632 2332 4468 2402 568 4513 2840 132 307
1856 3464 3591 1751 674 323 2918 4711 4190 1703 4728 3760 4038 902 1693 3870 1698 2799 3877 2550 3335 1466 4276 4106 4862 569 1652 821 2511 825 3838 831 108 3609 4094 387 3409 930 1224 4192 340 1501 319 1706 4370 99 4437 320 3470 3367 1159 2452 3848 4270 4164 529 982 4809 321 358 860 1609 3100 1394 2089 1828 4547 1995 4381 2440 3249 1946 1543 3960 94 686 82 3611 1139 4389 3809 4032 412 4491 2101 3682 1564 4509 1507 4472 2240 2265 706 3412 584 2801 2580 527 2873 3421 888 1721 2056 2090 3454 3828 2009 1774 4721 2669 1435 3731 2166 3112 2812 4360 2560 454 2178 4042 4847 91 4175 4037 2984 4282 3935 2353 4349 928 3599 2307 4973 3293 1773 4492 4888 3167 3895 1119 3374 4318 690 3117 1873 180 3638 4570 534 4879 2818 2697 1387 811 1160 2098 2164 1089 3414 706 2264 16 41 1131 2156 573 4571 4678 276 2706 4669 1296 3680 4743 3615 4291 4684 3665 668 2519 1395 3460 1301 2246 1512 3908 417 4878 3439 293 813 4304 3877 4743 4306 969 2859 1195 3937 4306
4520 4032 3976 2881 2288 2773 1810 1494 4512 1710 2394 4898 902 3797 1948 4398 3445 966 346 2721 2738 2675 2743 320 1982 900 2814 2691 695 4204 901 4134 51 2150 733 2807 676 2118 4543 2371 4051 1544 1289 4913 2132 4568 2291 3206 4546 4754 2415 331 3287 3282 1901 1901 420 4676 4973 484 2244 1076 3028 158 3950 1777 4597 965 1282 3755 547 2484 2666 1904 1352 3205 3112 78 3255 1201 1669 1100 3938 3276 260 763 3634 4834 1931 2136 587 650 3699 4493 4226 3173 3958 3986 516 3149 1197 45 2617 3205 1003 3205 1145 4620 1212 31 3461 3550 2946 3611 4779 3653 1901 2941 654 4895 3287 3444 3785 640 4178 4985 281 2476 2779 3915 4018 3766 1256 3619 2430 3323 3181 1630 4748 3125 3001 4873 1935 2771 2798 3343 1828 1497 1209 2939 4495 3168 4253 1890 3749 3747 3582 311 3383 4745 3644 1627 3512 1125 3788 1377 858 1519 4649 3325 4400 2094 3709 4269 3988 1452 2232 218 803 2188 4303 1442 1843 3128 2155 1318 1328 3137 4558 4935 4008 3752 3617 109 2832 958 4980 3838 748 4970
4357 2556 4655 366 2865 867 1066 3565 2072 3424 2052 1002 1693 1948 4262 3352 3716 926 744 4302 1364 16 4014 583 4362 1568 1214 2228 4045 4958 1709 3472 4314 167 3115 4592 4148 4051 1605 860 283 1254 2137 1281 2308 1093 4030 4636 855 1376 3828 3827 4706 2136 2605 3185 1291 4405 4561 4342 2618 2300 1223 4983 4522 1387 1457 3470 1882 2169 2385 3501 2572 3693 1945 4951 610 2207 667 4416 1275 1486 2832 3610 165 4415 3201 1871 2564 1984 4661 3416 4090 1938 2525 4949 2459 2623 31 2246 3344 2855 4548 3733 3741 3783 969 4867 1640 1992 501 2922 172 3809 3255 4089 1606 2126 428 2147 2481 1603 3873 2036 3571 4237 3329 4626 850 1604 1333 1461 2808 2818 1195 2092 2407 4987 3683 371 4171 3963 3524 4805 4600 319 1361 2386 3577 183 4622 578 2197 2225 3573 1033 1886 2902 4087 4767 1220 4877 452 4017 2886 2108 2742 775 2417 164 2522 2405 754 1619 4223 1032 3941 1383 3488 150 4143 4373 4049 3530 1987 4073 3813 4917 2218 1077 1648 493 4757 929 894 667 4193 2797 3675 3120
4026 912 1858 3932 2168 3366 3691 1028 4943 4459 1214 247 3870 4398 3352 2628 3056 4082 3990 2263 4618 4140 4990 2740 3037 2826 4694 1256 2893 1555 3016 4785 40 253 719 2214 4415 3065 4223 2968 4715 1357 3507 321 4945 1074 4976 3779 3816 1971 1460 3953 288 1881 3774 3352 3681 4737 3994 4654 1403 2558 4350 1692 1087 4872 3072 4827 2649 1672 1511 898 873 1686 2248 4387 4647 300 3081 2120 634 979 570 2791 377 298 2740 519 1929 337 2219 4915 921 988 4420 3688 2313 987 3639 1327 3632 4295 4347 1033 2101 3433 2809 4953 1410 3662 138 4469 4161 2077 4255 1980 2655 596 1859 2331 1650 3700 94 3470 375 524 1552 3583 3302 4884 4589 3030 4767 3829 4906 4985 988 3459 3420 3950 514 4720 4743 2352 1298 4842 4029 1885 571 1198 3856 1741 463 316 4376 4094 1676 2452 3340 1855 3208 1554 2398 3198 3095 1787 2787 3983 479 3169 3428 3297 2719 2656 4300 2457 905 412 1335 3901 2986 1016 2726 4203 1824 3385 580 94 4836 2895 4712 565 262 2062 345 1990 2086 2958 3621 1700
1974 3211 4171 4862 1972 1199 156 466 3505 2010 4095 3425 1698 3445 3716 3056 4085 3020 3300 4302 2100 4474 1399 2254 4665 3258 2060 990 1820 4255 4372 3197 3315 4601 3882 870 4611 2694 3809 3700 4761 549 2475 1290 4485 3481 1616 2132 3704 4826 766 667 1555 3468 4992 4727 2843 4359 178 4016 3048 3962 3628 2261 2189 3814 4844 4993 2106 2139 1439 2968 2810 2666 60 2859 3763 4952 1733 1080 151 3097 2624 4786 915 1654 2484 3267 2480 4247 3032 2369 328 244 2551 86 2506 1763 4296 796 3718 2551 1954 3527 3998 2903 2725 348 2380 2755 1571 1744 3257 2540 276 407 4826 2798 443 2385 4503 4371 985 554 4794 4158 4200 812 2122 4008 3911 4853 469 2359 1317 3821 568 2926 2687 3339 2507 1757 2874 4405 2229 4555 229 3936 1568 2131 1468 3741 2579 1686 1257 4577 62 4186 3906 4378 4943 3513 4088 3083 3832 2142 266 1998 581 4805 2686 2837 3748 1091 2174 3509 3981 3018 2246 4455 4680 2743 783 2095 1857 1396 1667 3865 2979 888 275 2491 2334 1179 2904 3408 2416 2602 963 3836
2801 4940 446 3236 2858 3259 1509 3714 4845 3115 2495 4233 2799 966 926 4082 3020 4060 246 4903 2977 2018 2481 4864 3654 330 2354 1762 4143 1879 4987 1919 1070 3887 343 814 3065 4234 4618 2571 1682 4503 925 4382 1138 3310 672 4858 2143 3498 545 2765 3474 846 1052 10 321 957 1619 3261 4921 382 4156 4309 3556 4569 2061 1662 2484 1190 1397 4523 2325 1320 4458 807 2182 1862 1681 235 2597 2921 3248 4287 4541 1905 3466 2915 1747 2553 4856 877 1404 374 3655 2286 862 369 3116 3090 48 3774 2910 2779 2440 378 2691 2771 2125 1682 928 446 4380 3138 2104 2659 793 1678 3245 3871 1487 4632 3173 3700 3019 3499 19 4587 2220 1843 4457 2306 1469 2796 3305 4853 3496 670 3374 2053 2402 4177 2921 1773 951 4605 4014 16 1859 449 2477 1168 502 1897 615 1397 2375 4051 3592 1091 2353 2374 4162 299 3065 4591 3352 188 1629 2184 2940 4822 1381 4743 2836 2772 3358 2479 3241 3572 2742 1683 111 2307 1487 445 3893 4507 4345 430 2271 2345 4367 1017 1049 4292 4976 883 681 4027
1193 4049 1902 3695 2113 445 3301 926 922 757 2248 4426 3877 346 744 3990 3300 246 1626 852 4039 155 917 184 4896 1798 2221 1617 3946 1889 1760 3300 3679 1557 3794 3085 870 2501 1528 4182 1195 4536 1350 240 3863 2174 499 1251 3221 3063 3695 1837 4339 610 645 3299 4396 583 3611 2622 2439 2365 4176 2089 4874 104 3902 1650 1242 3114 4832 1006 1616 3821 260 3828 3053 3417 4515 2664 347 1096 4604 3032 4654 3780 509 1875 3522 4343 4988 3695 1508 1167 2634 4394 1511 2271 3363 3778 512 1021 3051 2547 4505 3068 801 1283 4921 770 4608 870 4517 4153 1228 2159 3031 2786 834 1236 3173 3104 1249 2003 4417 718 2180 2700 2919 4053 2688 3531 720 3328 3357 3433 153 4281 921 1627 3188 3369 3855 63 3771 1249 3661 3878 3567 4446 1681 2566 580 1060 1624 1346 49 4427 802 3119 488 311 1219 1169 2524 3623 1386 278 4761 538 3290 4536 4052 3013 2675 36 2006 1161 1782 1805 906 2758 1248 3409 1529 2761 105 1250 1603 4421 49 1267 397 1159 3071 3381 790 4569 4849 3554
2909 284 2447 4249 4008 4833 3323 525 1261 4203 1288 1514 2550 2721 4302 2263 4302 4903 852 2340 1080 1640 2058 3317 1684 2766 2460 1672 4885 2324 3312 3870 3141 4742 4550 4118 4885 1776 4103 2218 393 4685 79 1063 1538 584 764 2280 1519 1591 4990 4479 4900 4986 3277 2043 2207 3691 1710 3880 3096 3997 1752 866 2420 1053 1621 3473 3175 1335 823 1941 4234 3319 4845 984 3835 4417 1815 4009 1152 3808 2469 3748 1329 986 2718 760 3010 2107 1178 3804 3035 2667 3511 1836 31 4054 4309 4406 716 2811 3957 3672 3699 254 834 3466 1241 695 1834 3907 3186 2650 2529 793 3626 1490 2433 3941 1670 4135 187 1900 1862 1559 3568 2393 4982 391 4963 3523 1065 1360 1341 4169 4037 2242 3134 492 1514 4635 3912 2341 4230 2540 3841 1874 2130 502 4237 1329 4212 92 4637 4531 2399 1177 2575 3261 4760 1608 2758 355 1711 1453 2857 477 2046 1960 3652 2900 3430 1830 115 3145 1996 4133 821 981 3739 744 2316 3448 1969 3516 1115 1077 1810 944 4752 2614 4221 207 4129 1052 3542 1009 4503 4860
1526 4603 4472 3951 1362 2892 4815 2586 4001 4335 4130 2666 3335 2738 1364 4618 2100 2977 4039 1080 1803 3256 379 4788 3531 1466 356 1670 1811 3559 148 3141 3957 2532 967 42 640 4457 1345 3221 603 2964 1778 2919 2603 4182 302 622 4611 4214 3301 3386 4055 3721 2798 1047 4787 1124 3268 4658 1357 1515 1636 3275 3818 2968 50 4854 564 4592 771 298 2481 370 4374 4588 3225 1024 1948 3950 1390 4099 1351 4643 2456 4379 4992 2339 1918 4982 4670 1603 2560 267 1810 199 4941 3472 532 965 4973 907 1109 4086 3146 3778 2528 1699 1735 2236 4382 3226 216 2445 2331 1648 3951 708 455 834 2851 2734 4080 2650 4778 2082 3170 349 4341 1899 2310 1222 2764 2862 4716 3407 2386 2247 1249 2514 4211 2041 1228 2488 4241 774 3408 4329 2847 3057 1644 4589 3482 3621 141 2193 3541 1569 4829 81 3603 3064 4316 1610 1154 1676 1972 2715 301 4993 3168 3214 1231 2955 588 3162 1095 2855 888 3461 2312 1834 3041 2664 1582 3668 3560 1464 2395 4305 4139 120 4698 845 2954 3562 1292 3832 4520 760
3649 2331 4211 3746 4649 418 185 3855 3321 2933 3136 4561 1466 2675 16 4140 4474 2018 155 1640 3256 2881 4075 1006 2030 2264 3147 1747 3513 3913 2023 849 4953 211 4821 2373 106 3318 3152 2536 3662 260 3328 4662 4530 3753 4216 4002 1524 3294 3923 2821 3971 2623 4459 1449 3928 3571 108 4817 1901 525 3087 2454 2491 2427 3775 3493 1006 4554 1617 92 3299 2154 3846 1255 2050 4397 3907 4024 2305 790 3015 2528 2903 3189 1034 1247 366 473 593 681 111 2907 1834 2821 396 4194 1514 4356 3428 3425 2302 3787 4760 849 2837 2036 3829 1444 2085 289 904 4654 2872 1246 4079 2333 3571 4170 825 126 2749 656 4568 64 3425 3216 1216 1325 1326 1360 2304 2199 966 3353 4553 3504 3255 607 2312 3809 233 2176 872 3913 4798 4630 430 1983 338 4333 1993 2745 1907 387 3396 478 60 3667 337 1672 2144 2524 3948 1130 4778 2058 110 3117 1614 4420 4296 1543 1084 1404 691 3025 1644 1552 590 2240 1787 485 1236 3513 3844 4435 3099 4316 3904 4158 3530 592 3580 1926 3540 3700 407 1977
2189 1074 1958 3935 1582 3981 2457 3222 1394 918 4305 3156 4276 2743 4014 4990 1399 2481 917 2058 379 4075 3826 148 4642 4999 2063 2494 3631 1429 2756 3946 3848 4759 1104 3379 235 284 4633 2580 4567 2479 4199 4402 4073 1219 4778 4337 1616 2608 455 224 3444 4369 4259 1146 2535 3635 631 2262 1097 451 1035 3641 4400 716 3730 4086 4357 62 2749 2553 2134 772 1720 3086 1341 3138 3038 3366 622 905 3628 3497 4247 2580 1487 1151 733 3718 3995 276 2498 3604 1482 330 240 766 1424 3792 1267 2023 2403 672 3630 2650 1958 489 3098 2987 2176 3299 1387 281 4760 439 4828 3922 2236 2911 1204 1937 1031 3361 3959 59 4331 3026 3302 3592 4543 2246 1448 3180 1392 109 4898 3551 4864 1031 3272 2778 606 1179 3255 912 4525 2325 3171 1480 1511 838 3604 652 1724 2175 4244 4820 523 1447 2095 4756 395 2761 3288 4323 4341 4436 2375 1865 1360 4961 4197 4194 2176 4771 4618 4088 181 3653 2683 2854 4931 2054 1289 2116 2818 824 403 1815 1906 3752 3494 346 578 753 3317 2940 2027 4064
4782 3951 3843 1321 4120 2104 520 2803 1425 2445 2687 1405 4106 320 583 2740 2254 4864 184 3317 4788 1006 148 1315 4583 1804 1256 3747 4200 2988 1759 3144 3142 2561 4956 44 2825 3225 1071 2076 2345 1030 159 272 3852 2138 1780 3617 2388 3764 3637 4493 3666 4021 4393 4733 4612 2566 4965 656 4086 4650 4998 4417 2216 4153 1529 4714 3519 2604 351 1613 1819 4060 1888 2402 1302 4463 4983 2740 4342 4364 1703 3852 329 2828 1086 193 1441 411 3034 4835 3206 3856 4624 2316 488 2798 3168 1826 4644 3691 845 4612 3308 4027 3534 4346 2020 3102 2497 4199 1695 2136 1871 255 4572 4685 3428 641 2687 908 1067 3192 2943 3592 283 1449 4584 4992 4468 4529 2673 4045 2829 1599 1840 4895 4684 3385 616 858 1367 506 1800 926 928 3743 157 1078 1386 2103 1754 4585 4345 375 4080 4817 3151 3789 1341 3382 3048 4705 1844 1573 2481 821 882 3396 34 3279 1032 4487 4723 996 1574 1326 1572 2739 690 208 3715 3609 3190 4104 3615 3797 3071 3304 1526 487 497 2729 500 1996 2641 381 2146 3152
2700 4739 4494 1203 3211 3413 3734 2154 3569 2314 1366 2747 4862 1982 4362 3037 4665 3654 4896 1684 3531 2030 4642 4583 4890 79 4457 2804 2739 943 2789 3489 2566 3380 1417 4152 1439 491 2311 830 4334 477 1326 4562 1386 4539 1382 3144 4641 4177 71 1682 2717 2053 2225 1336 2412 4882 945 4789 4909 3943 3026 3008 2251 4692 751 2687 3096 2261 1590 3408 4144 298 235 3856 4266 1145 4403 2327 399 2442 21 4228 2004 622 332 623 149 1239 4341 4415 3021 3132 3373 2185 1688 52 1330 2957 3010 3005 71 4891 2581 4140 1150 719 4351 627 410 2263 3144 612 4318 3707 673 91 4590 848 1685 2841 2966 2794 2732 165 4767 2865 2233 2902 1495 4658 972 4713 2231 2954 698 2653 1543 1063 4598 2310 3957 4255 2535 3578 1937 4206 572 115 4183 2264 4156 4311 4662 4215 3499 1108 4315 30 3167 4626 4301 322 3233 3004 3945 4407 131 3708 613 2246 310 4522 208 1979 4376 3566 3225 1172 2915 3819 58 1722 2344 2103 2427 68 4733 4152 3277 380 2727 2597 870 3510 2179 3748 2295 24
4673 3790 387 4215 3585 2251 4257 3191 3539 2477 3970 2690 569 900 1568 2826 3258 330 1798 2766 1466 2264 4999 1804 79 2966 1353 3460 1365 265 576 1798 1887 86 4807 3431 3442 4588 191 56 1406 4980 3542 2882 2891 755 1913 351 504 3395 2140 4374 245 2448 2717 2568 2285 3049 4384 816 1279 2162 3117 4156 3853 2912 4930 1762 1344 2049 859 4098 4192 1300 281 2824 893 131 255 3902 3584 1418 1419 4481 1099 59 3161 2776 2957 1932 4417 3706 1233 2210 3146 1030 329 534 4675 1348 3405 2362 4640 2278 4685 1624 1398 4932 3836 152 3779 119 2413 3282 2322 1970 1899 881 3555 1509 4250 2363 4841 1376 1535 2142 4695 486 1919 4296 2303 3041 3068 2610 4680 2544 483 1103 3739 356 2870 492 3224 2615 3386 4474 4989 3755 2519 3527 4893 500 4906 3482 3581 4584 2402 268 4313 1213 2665 401 1527 4161 1546 1711 4072 3474 3279 4878 4071 1457 4999 1525 4744 4377 4879 2544 2706 2626 4100 1929 4757 362 4796 4488 277 198 1793 1693 1627 4218 4748 446 4393 2350 1773 4416 2367 3764
2971 3425 3828 4338 3924 3543 1806 2352 2268 2008 4406 3398 1652 2814 1214 4694 2060 2354 2221 2460 356 3147 2063 1256 4457 1353 3053 4347 58 3398 2224 3265 1059 2295 3909 1894 3488 3136 2846 1103 294 1883 2921 3946 552 4473 2382 3228 4934 573 4955 655 1013 2866 4954 551 881 3152 3921 2501 1896 3814 4214 2044 4897 782 2609 1662 4792 2178 3948 497 2349 4026 2765 3603 2458 4838 1824 3443 4713 4282 1803 4885 2393 4770 151 4420 971 200 3934 2193 2822 1820 3873 4778 789 3833 2127 4961 4792 1469 3961 4904 858 2019 1948 3714 4886 3216 3834 2262 388 4779 4031 4072 1937 1840 1521 624 2146 2122 4044 4423 3645 1722 54 4755 4382 3124 2864 3293 4714 2016 698 4319 3435 2793 4917 1969 2744 3315 94 644 4367 3072 3837 706 1020 2008 3698 2190 1560 734 2798 2124 4975 1526 941 2901 2155 3425 603 512 961 4224 1515 1913 4756 4483 1545 4107 4105 852 3059 3425 3029 4248 766 3602 986 608 1406 3404 1069 302 3853 4138 4084 3303 2208 1014 2697 4495 2526 428 470 4268 1304 3869
3508 3321 1753 1645 269 3569 2878 1711 4515 2358 4825 90 821 2691 2228 1256 990 1762 1617 1672 1670 1747 2494 3747 2804 3460 4347 479 3270 1402 576 3713 3304 1177 3155 3803 1338 1875 3028 2719 4693 2807 851 1357 534 2813 4894 3474 4068 4106 1235 2545 2459 2782 68 1953 4733 2661 2950 4377 1030 4134 699 4298 1810 1135 4707 2268 4947 3728 2366 3379 2987 4516 134 2034 2864 1860 1322 1872 4902 3702 1832 1977 3790 4301 368 4547 3324 24 4640 3008 4895 3913 92 2610 1873 311 1000 893 4861 1784 4106 4589 974 4529 251 125 443 1911 2186 3121 1771 3657 278 574 2059 125 1841 1055 511 3981 1067 84 3752 1050 4081 2338 3634 3231 1888 4559 1392 2281 4870 4323 52 3880 2737 3007 3800 3974 980 2823 4162 2533 3910 542 3069 781 775 2338 4799 1621 709 1125 1987 1965 1241 133 2552 35 1617 912 4633 832 901 3319 4543 4561 1034 2916 1180 240 3219 4479 4711 784 630 4244 3931 2875 2913 4490 761 4097 4497 3419 2044 762 4348 2164 2247 1557 2705 1638 1307 2494 1689 72
778 3829 3420 4347 3174 1657 266 753 4592 550 2474 357 2511 695 4045 2893 1820 4143 3946 4885 1811 3513 3631 4200 2739 1365 58 3270 1013 2362 2988 1988 4841 3349 2410 3483 1769 4099 1058 388 2864 696 1729 1308 2230 4245 4918 3322 1184 635 3885 743 1189 690 3882 3980 2538 1729 2864 2765 1014 4799 944 4262 582 3534 2446 1545 3329 1452 563 355 152 783 2499 4899 3105 2800 3947 2346 3430 3489 3786 4383 2566 167 3008 3919 4240 2431 1979 2718 3649 599 468 4170 59 2392 82 2556 4833 4454 73 1468 4430 99 468 4779 3646 1183 2558 502 1909 4523 2501 4856 2248 2503 2392 87 2216 3646 2252 2241 3222 3764 4091 2795 2707 3826 300 1823 18 3255 2252 570 3006 1992 1189 4725 4434 4658 3805 555 426 3227 4987 4309 4142 481 3607 48 1953 1389 68 3827 3407 3435 2759 4676 4437 3791 4690 2394 3394 4006 1758 1279 448 4703 1303 4446 4242 3965 793 2148 710 22 236 1056 4088 711 804 4382 3404 2476 2060 1929 1411 701 2881 1310 221 1801 4892 2791 1484 4505 3285 1412
4616 3853 3791 2014 4391 394 1142 4913 497 518 988 4078 825 4204 4958 1555 4255 1879 1889 2324 3559 3913 1429 2988 943 265 3398 1402 2362 4289 3943 1692 4362 1709 226 2269 3941 1713 2907 478 1911 1635 3699 364 1004 311 2902 4033 3824 993 471 3724 1118 3552 1440 3233 1055 2236 4450 906 1947 3936 3927 121 1326 3645 2106 300 13 473 3151 3271 1799 2746 2543 1953 4137 752 698 2380 2914 4079 1061 2618 977 4235 1723 2341 3784 3328 2546 637 2093 559 1983 3026 4017 3651 73 1790 1206 3777 1478 3111 672 2259 4565 4000 336 4718 2159 1642 3790 1243 3905 4191 4319 700 4065 3235 2952 4982 2003 3953 1483 1868 4197 1905 3212 3329 4999 2944 1559 1101 422 2221 4724 2835 2846 1177 4821 3611 154 4309 4008 1640 389 2867 2483 646 1233 2737 2145 589 3660 633 1088 1674 780 3157 4884 1211 3276 4554 1462 417 3460 4627 1277 3614 978 1014 1340 4042 2049 2601 2028 884 4570 2120 799 34 2279 3800 1802 694 215 2477 2905 2301 3625 2813 708 1121 4220 1692 795 2937 1321 2852
1005 2717 2098 1674 3582 2127 352 1659 3300 3525 3566 2528 3838 901 1709 3016 4372 4987 1760 3312 148 2023 2756 1759 2789 576 2224 576 2988 3943 1803 3481 4018 2477 2009 36 4098 3915 4654 3266 2436 3768 2971 3894 558 1520 2153 2520 21 2528 2945 55 4613 3301 1085 2844 2510 4661 4200 2266 3626 4799 2676 297 3386 325 1602 1278 2964 516 1015 3942 2324 3184 3060 4291 1068 1829 4545 484 4239 842 4275 1118 4811 4822 4400 1766 1428 2448 1208 4760 1629 203 3898 1774 1930 4224 2901 2491 3896 4201 610 4921 164 3326 997 965 1359 2690 3493 2048 104 3901 2815 2194 3195 1264 186 4900 4683 2805 1355 1435 4265 3644 2969 269 2504 318 3414 4374 3127 2557 1259 4611 2491 3201 3155 4341 4127 2141 3399 3283 4766 3918 1613 733 3070 3866 242 690 4267 3501 2387 4224 4995 631 4102 45 4244 3754 940 774 2086 1197 2383 914 3454 427 4738 3158 2322 2221 1009 3678 4360 683 1064 3949 416 4114 2458 4199 1000 4552 1991 1236 3636 2142 2428 2401 2798 1137 1292 1790 4967 3199 1378 2254
1187 4873 1739 4596 1314 4493 114 2492 906 4728 2911 2744 831 4134 3472 4785 3197 1919 3300 3870 3141 849 3946 3144 3489 1798 3265 3713 1988 1692 3481 1132 4778 2138 4151 2495 4281 2028 1941 1603 2711 1753 3282 2516 336 1360 658 4831 1213 1914 3812 2473 2310 4202 1449 2652 2236 1728 1776 4569 2118 1822 4956 811 2564 1927 97 2616 2479 2238 1803 4080 1862 4599 4574 4181 1312 3578 2918 4393 2917 2239 2094 2343 1383 3221 2020 2325 4443 3300 4238 617 815 1061 3800 3783 146 4187 1405 4462 1082 883 2987 4703 4499 1353 937 860 4820 524 1672 4160 383 2850 1140 4320 960 1087 2605 2163 1865 4743 510 2201 924 1537 1326 1386 2979 3738 2793 1817 3340 3367 2043 1293 4500 4050 3015 786 4266 1326 4675 4877 2219 1675 1100 2448 2400 4981 3180 3989 4550 4582 1922 292 1552 3786 1721 870 2414 34 3768 3231 3734 2115 2175 150 2560 3771 3787 409 1006 3724 1564 4999 596 2091 2372 3336 85 3165 3937 4907 2553 4845 3555 2559 1123 3222 344 2585 3762 4799 2410 3433 1841 2507 3918 3782
750 4933 2969 2767 4110 4021 4306 2654 4196 1736 947 388 108 51 4314 40 3315 1070 3679 3141 3957 4953 3848 3142 2566 1887 1059 3304 4841 4362 4018 4778 1728 3714 1756 3503 1832 2553 2820 1464 2539 2981 2469 531 1322 2082 3043 2701 466 2903 1773 4596 652 2571 1002 2162 42 4259 900 341 2838 1434 3532 587 622 2951 4521 519 4941 1020 4340 4753 3169 4501 4119 1574 1737 3682 1508 3098 120 4529 2791 4428 3329 1261 4103 3729 999 2809 1365 2574 3514 1239 793 350 3625 636 699 3361 2130 2858 305 2233 1611 61 2655 1145 2789 891 2898 3068 3469 4621 3924 2218 4267 4036 3944 1764 3378 3638 745 2876 3730 3251 1625 3143 355 1669 1085 1733 1084 3001 2797 4553 4798 2737 3753 4427 189 987 3397 458 1164 4462 4615 356 2748 3144 1215 378 1456 2429 3587 4644 1364 4202 1961 4008 2648 21 810 2239 4535 4937 3409 4561 1704 2526 530 229 3025 2230 2396 3110 872 2085 3600 1180 2096 4057 4725 3434 4166 4864 4756 1255 883 1045 1841 2435 3368 4424 32 1317 4309 3093 4967 2494
3913 470 4324 3878 2208 3823 2592 809 1224 1237 3672 4118 3609 2150 167 253 4601 3887 1557 4742 2532 211 4759 2561 3380 86 2295 1177 3349 1709 2477 2138 3714 4765 3045 174 2932 1272 2288 2321 4300 3246 3256 3827 991 4498 2899 1115 733 3208 3933 1253 839 4347 2656 3292 3560 4128 2967 3103 1424 2084 1014 756 2874 1765 4252 141 4912 277 4869 3658 1498 1650 2115 3865 3963 1576 1181 4244 3630 4690 4203 599 2325 4194 3055 1546 4351 2379 660 1195 2875 3291 2855 3538 50 284 3980 1757 1804 279 3685 4558 4946 818 2858 776 472 3725 2431 3771 2902 1201 3253 3657 1793 2068 838 853 3149 2800 748 4248 263 1535 3960 4896 537 3402 3666 1389 86 3487 1893 560 4722 74 4861 2318 3676 1670 3942 796 3723 4167 4305 1400 4908 1878 1908 4885 1252 4505 454 2954 4634 4067 3782 2251 858 1256 3929 248 4139 1022 569 4945 4464 3442 445 3293 1443 3418 477 3455 2677 4701 4135 2028 1867 1998 4844 192 924 2877 360 2022 2962 4597 3030 2361 1215 1076 2789 1696 1396 3651 2999 1155
4210 354 2962 1940 4012 4077 384 4979 4176 2499 4774 4789 4094 733 3115 719 3882 343 3794 4550 967 4821 1104 4956 1417 4807 3909 3155 2410 226 2009 4151 1756 3045 2541 2150 2093 2486 1207 3726 1280 2424 4348 3128 2680 3712 2544 1485 77 2616 2932 3356 1975 2932 3954 1491 3751 355 2617 2351 1358 2376 3198 4745 4493 4238 3714 1835 61 3272 1614 1399 4713 1556 3995 2878 4154 1626 703 351 2075 4184 1211 3724 1834 1843 2998 3864 4778 874 1515 4378 4911 1317 1705 2458 2153 2029 644 3846 2577 4833 1802 929 2933 1080 3220 3449 4351 4869 1739 391 2475 2880 476 10 1131 134 1846 2655 2910 893 4720 4122 2754 4926 3214 2905 782 1627 295 4337 3442 4021 4565 402 992 1016 1512 3688 4253 817 1069 2064 1671 4677 4878 2229 531 1084 3566 3913 3338 3441 1079 2249 1002 3249 1322 1984 3667 2103 3235 2232 1422 352 3917 3358 2338 729 4511 3916 158 1369 3014 938 4451 2211 1797 3278 368 3380 867 4008 1822 2488 3413 841 2286 3238 366 2859 4734 4629 4776 1382 3738 954 281 3578
1291 1297 4187 3908 3077 2538 1326 1397 4554 3313 2589 2879 387 2807 4592 2214 870 814 3085 4118 42 2373 3379 44 4152 3431 1894 3803 3483 2269 36 2495 3503 174 2150 2323 3539 4600 3210 4249 1076 2028 1310 1742 3219 699 3239 3563 3569 1139 4181 3056 1298 4915 3561 3618 3594 1531 4269 3880 4479 237 2376 3604 667 2832 4153 757 1111 3643 3081 1932 4280 168 369 1031 1042 1552 1366 274 4019 3831 443 1832 3043 219 4374 145 2240 3451 1869 291 540 2070 2341 4795 1631 1243 1259 3355 1460 1850 1327 1392 4481 4073 3391 3542 971 541 265 2121 4662 3288 2081 3667 1418 3313 458 3722 342 1885 1719 4067 3406 349 3057 4806 4036 2658 547 1940 827 300 381 67 1603 2813 4975 458 2805 1302 2106 682 2554 3487 949 3430 1522 506 4532 4424 2853 3714 3065 189 344 4244 3977 4813 1805 2704 2408 576 1374 3566 4820 515 4538 468 538 2337 1177 4284 1698 116 1560 2177 2377 4068 3754 4597 3113 1106 1406 4343 3823 4168 1305 2554 546 2979 3621 1209 1185 3809 4072 3165 1182 3414
2941 2687 1277 1036 1256 4731 1175 1257 3714 1407 3670 357 3409 676 4148 4415 4611 3065 870 4885 640 106 235 2825 1439 3442 3488 1338 1769 3941 4098 4281 1832 2932 2093 3539 4170 4059 3611 103 773 4281 1722 3281 2086 56 1811 646 2409 2332 1510 3592 1236 4241 2096 1702 3926 1040 3925 173 1937 319 4629 1207 2360 2467 4362 1337 1591 4468 2404 2530 839 424 1214 492 902 1248 2489 1508 3091 4995 2739 4666 4787 3367 4694 2464 509 3614 552 1315 4520 283 3640 750 2616 2866 2033 2064 3779 2956 1065 2074 3952 3250 283 169 3858 2241 4426 4277 2404 4532 3103 2001 2444 2895 822 3225 2269 3217 4631 4377 2533 564 4645 962 911 2277 2745 3080 2663 3197 4906 4807 1007 2000 260 2111 24 4312 1442 3017 2977 4309 3312 1724 1085 2688 444 4200 1528 1525 294 1573 3537 1812 4057 3411 1535 2119 3095 2158 888 2478 3305 4732 304 755 3365 2476 364 4157 125 4645 1070 4122 2625 966 2220 3497 1290 4399 3291 2899 1265 3027 229 3989 680 2844 2192 3990 1380 313 162 3412 1621 3365
1984 3723 1095 2151 885 1208 1042 167 710 3279 1488 935 930 2118 4051 3065 2694 4234 2501 1776 4457 3318 284 3225 491 4588 3136 1875 4099 1713 3915 2028 2553 1272 2486 4600 4059 1428 2212 2559 466 2422 732 1244 1350 1286 4882 3549 531 4854 4131 1230 2432 918 635 1718 4477 4469 4112 1071 1149 1132 3751 3436 922 782 3126 4938 3999 3191 4124 3995 3353 636 1702 2593 2641 4035 2403 681 960 3413 1185 3114 2716 3752 1540 3784 1699 1770 1903 811 2994 3637 1105 3950 3984 539 326 220 296 3813 4095 3756 409 332 2535 2376 1023 2719 2782 4671 4453 2273 2684 4140 2361 3515 1940 1940 4320 224 1467 4888 27 4233 1592 3800 4504 3633 1299 4078 1760 4159 3444 3733 872 13 4815 3236 1755 3083 1894 330 1662 3559 3334 3600 4985 320 4010 4051 2746 4486 3393 3917 61 3120 1892 798 2378 2332 4235 1185 4095 2016 718 1146 893 310 4243 1770 3199 1951 3901 1141 1089 3579 605 213 1421 4979 1657 3652 3091 3427 2609 3914 4407 3745 633 4336 2711 1608 118 3317 1151 569 1300 4066
3856 1553 302 4503 2936 288 2511 2152 403 1935 1789 4929 1224 4543 1605 4223 3809 4618 1528 4103 1345 3152 4633 1071 2311 191 2846 3028 1058 2907 4654 1941 2820 2288 1207 3210 3611 2212 859 2495 2968 500 4871 4127 686 2248 3331 3445 4870 3423 1776 278 2183 4078 2983 3356 4029 2046 4785 3034 4759 4341 3525 810 2780 3149 4426 2111 1848 4699 398 4197 30 1058 4524 2958 1250 1309 249 4517 1797 4376 2706 1588 4264 2375 3209 4489 3836 3088 3205 2891 224 682 1134 2384 92 1105 1751 3499 3820 1751 4703 3172 193 3826 2849 2259 3078 1650 324 3575 3470 4040 531 3622 3641 1590 4534 3441 626 4242 146 3014 200 1313 1838 2389 660 2505 1352 1357 4252 354 1089 893 2611 4804 1107 192 3895 461 4750 4809 2795 1159 3312 1773 1602 3423 831 2860 4627 4385 1869 2251 1989 2572 257 2975 2667 1691 81 2849 4412 2187 295 2056 1508 4465 4198 2998 3929 812 1135 696 1522 4622 1967 2735 2462 3197 3973 3528 350 3506 596 2033 1950 1343 572 3476 105 2447 3016 3577 3920 3070 2214 3030
3213 4654 596 4245 296 4394 2862 1253 101 4356 2075 2905 4192 2371 860 2968 3700 2571 4182 2218 3221 2536 2580 2076 830 56 1103 2719 388 478 3266 1603 1464 2321 3726 4249 103 2559 2495 4163 3835 4418 2653 1838 3896 78 563 2770 3131 1191 2412 133 2264 3752 1261 1339 2934 111 1685 229 2701 1916 3728 1556 1223 268 902 4567 666 3925 3370 308 237 3457 2408 1111 1330 2296 3188 2166 4451 1097 3206 4827 3852 3585 1772 1050 2940 439 4365 2202 4942 3626 121 1121 4939 2096 1742 3862 3006 3013 2897 1818 3903 3606 4003 807 2696 1865 2615 1692 1488 4242 3247 2475 4457 3981 2609 68 3813 1150 2884 1714 1253 3252 2692 3698 3153 4419 4632 1193 3806 3020 2868 1799 3005 1781 790 3376 1290 2507 848 2233 1321 4573 267 3844 199 3431 1599 865 3915 811 1770 2597 4677 1341 4439 189 1654 414 2043 756 355 4511 1892 4570 2699 4056 1127 3069 4596 4033 105 2707 458 1848 4766 1585 4393 142 1019 4091 2006 1071 1080 3174 3092 1885 2779 4990 1162 4533 814 1458 1547 54 4316 1160
