N: 200
M: 60
Symmetric: true
Triangle: false
2 189 40
3 150 39 25
1 115
5 17 90 126 75 137
2 13 183
5 22 74 178 55 148
2 181 87
3 48 170 190
1 138
5 11 36 147 69 151
4 167 104 132 84
7 6 128 105 96 12 199 109
3 7 154 34
1 66
2 29 117
5 53 135 68 194 71
5 31 143 65 78 185
5 26 146 4 70 187
3 133 158 64
3 122 85 100
2 163 35
4 49 60 192 161
4 184 8 155 43
2 121 76
4 21 95 124 92
5 101 107 37 131 112
4 136 140 28 186
3 160 46 94
5 54 30 188 88 57
4 81 175 18 127
4 196 58 179 20
2 162 86
4 24 177 118 61
4 145 1 123 139
3 89 166 51
7 14 44 200 50 5 114 62
3 27 193 77
1 102
2 172 125
3 168 19 195
2 91 111
2 16 191
4 180 157 129 2
4 176 41 52 93
2 134 9
2 59 83
1 56
7 164 23 153 165 173 197 15
2 156 72
5 110 108 47 73 144
5 130 67 182 159 97
1 119
4 103 198 116 33
3 82 99 38
4 141 120 152 98
1 106
5 32 171 10 142 79
4 113 42 45 149
2 169 3
3 63 174 80
3392 4803 4965 1554 4495 3450 4350 4979 1612 2973 1719 29 1113 4737 4670 3635 781 405 4040 239 4489 4738 2305 3161 3001 3672 205 2671 2981 4210 3152 4019 3360 2297 341 1379 2241 4366 4692 4686 4872 4846 1621 3104 3707 2197 1792 1484 3617 1062 1653 648 1922 1760 3518 1571 2592 145 3589 2875 1464 4879 3777 2900 4840 2128 4855 1455 2059 1033 3832 2753 523 4038 3644 743 4345 1807 4939 3085 4529 2053 4970 3998 1153 4377 4134 1769 4958 2210 3764 3196 4037 3755 3645 1055 2152 273 244 4054 2442 998 36 4465 1481 3630 4822 4093 1832 2292 3020 3458 2666 2852 2118 2290 1799 4545 347 1825 983 3121 1415 4338 2568 3079 3536 3412 4722 3934 607 2398 634 943 2462 4281 1799 3709 4185 4444 4854 4695 267 2350 4114 3727 700 3874 1047 281 765 4024 1351 470 2421 101 2287 4952 1969 909 2987 3725 1284 1012 1856 4234 4931 1815 242 363 1395 3490 2578 315 2223 3864 182 3857 3796 1479 320 4349 1674 169 2633 871 972 4774 780 3216 2245 220 2134 4806 1008 4264 894 957 3107 4460
4803 2753 602 489 3042 468 4627 1061 4978 2983 4583 4266 3135 3192 1011 774 3812 3197 968 2602 3469 228 2372 3792 1128 1809 2024 16 719 1933 687 4396 4547 2798 3503 4399 2454 1634 1930 3036 3584 4772 4079 33 331 1051 3555 2365 798 435 3764 1837 1185 2811 4710 749 3360 724 2544 3002 2825 3819 3456 1012 3227 4724 800 2576 560 1683 4631 4711 4540 762 3906 4908 2000 4729 2443 4014 1281 4876 1283 2193 2068 2979 3036 3395 4744 54 3999 2916 306 2389 1151 151 497 540 1872 2478 4291 4873 1750 3697 1958 2936 1209 1206 2166 688 2244 1600 3097 4211 4427 1907 4209 1013 2654 1581 339 4085 2502 3334 3697 3801 818 2893 2479 3747 3327 502 1949 302 550 1104 4245 3820 4311 3509 535 3968 3177 2085 4007 3460 3846 781 4604 2526 1993 1411 4472 1471 1277 4972 3945 3146 4113 3882 3518 1207 888 976 2748 65 1206 3745 2307 2881 2021 3569 3614 1423 1890 4259 354 3555 4982 1833 2236 404 2557 951 2068 4191 2532 3286 4846 1759 2640 368 4629 2308 2028 3973 95 945 1527 4672
4965 602 2512 1692 3994 3620 722 4003 4433 4105 1194 615 4957 1998 3530 591 2181 2852 2109 3599 4840 2448 634 4358 2975 3447 4494 1965 3996 4084 2797 883 3719 3613 596 4915 3904 2786 1099 2958 2055 301 2329 3665 2826 1960 433 2760 1275 1557 4654 3665 2471 4981 2270 1151 689 4768 3364 1231 1286 2573 4761 1797 3377 50 4489 1164 2396 1727 1006 1406 2586 417 316 1707 2983 4760 2488 690 2614 2183 2222 883 4083 2797 1508 3291 3876 578 1722 2841 1736 2726 1651 1495 331 1195 1825 2595 2214 3532 308 696 3741 560 3766 1178 1484 4664 1900 4854 3390 980 4105 748 3527 4227 3167 41 4612 2653 4374 877 2817 3534 1697 431 194 3909 3954 663 1822 2888 1920 3505 461 3466 1735 3710 1656 693 898 123 1548 4218 343 1401 3100 4242 2203 3899 2047 2501 4132 2916 3461 221 1501 2551 3691 2400 4363 227 2946 3779 821 2992 1098 2700 4357 3397 2447 3617 4615 4254 3643 872 569 4818 4140 3186 2739 102 856 1466 2164 3756 3493 3573 4586 925 4803 108 1895 1864 2333 569 295 4519
1554 489 1692 4469 3793 134 1347 4739 4488 1329 336 2385 4179 2257 4752 3812 2022 683 2055 2832 581 2558 2593 2086 3208 406 468 4705 1255 208 108 3667 1025 3886 340 3720 462 516 4326 2102 1636 2805 3663 3416 4661 2895 1993 3620 2191 1959 2663 2519 3643 2952 632 1100 1303 1338 1298 4477 2733 198 4186 3720 1031 3018 4725 4568 3498 4473 580 4719 457 2281 4683 2299 731 1854 1680 3779 4593 1153 3907 1835 2297 3037 1580 3563 1915 2213 4475 1827 149 777 345 4250 1703 3124 1539 2479 3813 2622 2349 2400 3306 2004 482 3468 4165 4045 1025 4834 3436 1707 4178 3974 2552 4455 620 1907 2906 4376 1144 119 1620 2975 2485 3323 3022 1274 3139 1426 4704 3121 3025 2513 1398 970 3679 1559 2607 1315 4488 273 2282 1343 3962 1536 3457 4879 2879 2236 1778 4316 95 3397 4536 770 1918 223 4045 3907 4519 2991 155 2178 3025 4772 4040 1279 510 4096 2674 1526 1079 2341 2272 1778 3093 4027 841 2495 3494 2357 559 4157 1905 4300 4660 1491 624 3207 2702 4787 4047 1572 1020 570 4624 2610
4495 3042 3994 3793 4588 437 741 3998 4492 1612 1541 3497 481 3809 1259 3914 972 2060 1294 506 789 840 4518 4909 929 2843 1141 1184 777 4288 1478 4030 4695 3117 412 2070 1659 2305 234 4344 4279 3574 4877 4881 1444 1752 1881 4886 4215 115 3827 2914 1342 1541 1312 2859 4532 2354 4979 4761 3036 3986 4835 4826 2754 2612 2229 3558 3423 3946 1797 1652 2332 937 612 2963 1593 1856 2173 2442 2488 2098 4653 992 2813 4175 1874 2636 2345 3502 1231 1785 3943 3358 4071 3045 4590 3753 3423 1905 386 1185 3411 3405 4656 1366 1398 4467 3484 4863 4003 298 4183 241 1785 2613 1768 3273 2245 380 2642 4311 4132 366 257 1589 4430 4963 3454 2228 860 3614 4243 3024 4641 1858 278 2039 3075 3584 2193 753 1848 2104 2710 4261 2736 1705 1522 612 3685 3110 2795 1737 4185 246 379 2006 915 4622 2900 2700 4467 728 1054 2420 4005 3219 4953 4949 1748 4477 3252 410 1751 4252 944 2880 1732 4011 1628 4760 3911 3410 2115 2948 3453 4590 3137 4534 1727 3030 604 4780 2724 1672 4199 4683 4118 2566
3450 468 3620 134 437 1119 44 1083 2909 2699 4985 346 2895 1795 3836 3198 290 4969 2082 3922 1396 271 1056 1512 3250 45 4964 3985 689 4529 2957 1279 452 1838 113 3024 957 3620 394 2179 2270 3047 4740 1905 2382 4450 1716 2602 2481 1217 1353 788 1739 4137 4597 3293 3940 2192 3000 988 928 3891 2943 1022 2918 1042 111 4601 1952 579 4780 3354 2967 710 2836 2288 845 1194 1937 635 4358 734 1079 3676 3725 1696 2614 250 4245 3845 2107 4906 2290 1137 3267 4412 4718 3398 4065 947 2271 1608 1329 4337 3540 4878 1903 3939 4433 3758 3771 857 4048 2664 4403 4399 704 465 4533 1761 111 3388 1527 3350 4419 620 1166 3973 4936 2752 1579 4869 1043 4092 2627 3521 4853 3556 2526 4678 3761 1968 2918 288 2027 4729 182 2104 463 2049 1618 1861 4868 3447 2357 4451 4322 2588 57 2548 4298 1258 1740 1559 2561 860 148 509 3199 1057 4253 3919 798 849 379 2301 2819 2186 140 3620 1930 3635 3103 2841 967 4414 352 4912 3929 1695 4558 4435 4388 385 4499 2471 956 4118 3190 1112
4350 4627 722 1347 741 44 111 349 4786 1553 4829 78 2318 588 2365 979 3011 2877 3633 3184 720 3194 3236 31 2056 2671 2581 4559 4600 2094 1469 976 1480 1230 856 4202 4063 4108 3750 602 2327 4441 348 3113 194 2323 421 3070 4601 3890 1915 880 3014 3484 1066 1106 1810 3576 3847 3224 3276 617 1415 2084 3704 4178 3648 4006 2652 2052 3551 77 234 3588 3819 449 3872 1613 349 1056 1601 2954 965 3269 2359 2422 3938 3053 1981 2454 676 242 4811 3988 3465 2578 2424 4191 3533 517 4292 4457 848 525 905 903 4536 1109 2568 1811 2705 1375 4283 4196 4287 738 2297 2490 1815 1192 1825 4396 1161 2898 3295 4496 626 1593 4119 218 2855 2483 2041 4977 4983 865 1021 3817 4163 1373 2246 458 4238 4722 1532 1661 2639 1701 1267 2693 806 2011 1466 447 1392 2390 1549 41 4600 4460 547 1503 3247 2211 3925 3754 2597 3112 3129 2494 1573 3900 2994 145 3316 1460 4582 3884 2431 1343 2897 4634 3469 1098 1851 2829 1068 76 3089 563 1014 1722 4831 3246 4869 2133 3645 1800 4852 4612
4979 1061 4003 4739 3998 1083 349 1947 1029 4720 2007 71 2172 3350 414 652 2509 3404 3164 3103 975 4299 836 3053 2833 1044 4984 4179 2927 3371 4282 4166 4593 4152 3800 931 426 4624 161 2636 4284 3017 2368 3411 2508 2229 68 1450 4795 2472 3713 2055 2988 1139 3588 2537 384 3141 4294 2975 651 336 1421 4897 2327 4644 3028 1234 3823 4471 2135 702 766 1281 2983 2957 1390 2442 715 212 1751 1029 2712 2602 3657 1132 2708 3625 4560 2713 4334 2098 2663 4494 1204 4338 205 4121 4161 4445 4072 847 2040 874 3177 2086 3413 1985 2392 3455 3009 344 3668 4871 4188 3297 3423 1926 3727 4851 332 1106 4954 3751 3210 2424 1369 1547 507 2125 4149 3849 819 1681 4323 3544 3508 3755 4768 1684 1415 4017 1062 3509 4308 814 218 2289 1304 2567 1348 4405 3027 108 2600 4839 1210 2997 4433 3524 1308 414 4570 3621 4574 106 3217 1474 4155 173 3557 518 1216 2781 26 3433 1364 1323 3650 1856 2834 3851 512 4560 63 592 1840 3288 1285 4207 1945 4465 487 681 4794 4970 4447 2308 1905 1206
1612 4978 4433 4488 4492 2909 4786 1029 1152 4109 55 2903 2040 4462 1865 4240 3175 1112 1319 3336 4134 410 3182 2455 4503 4262 206 3190 1137 779 4840 247 3850 1099 4311 4375 146 3548 3161 3593 2050 322 3415 2180 481 2184 4506 98 2564 2014 4998 3067 3406 711 92 2170 4582 1455 4188 4459 4123 1762 1920 124 967 1180 2648 2463 141 3389 200 3015 3285 3892 2005 219 4235 1343 922 4506 2685 237 1608 2717 2996 2679 1681 4237 3699 280 3381 867 2464 1009 1229 2736 4916 521 726 2107 1483 2011 1401 4942 1708 4035 3716 1094 657 3352 3192 3515 4384 4351 1332 1457 2511 3994 1911 375 3898 4746 811 4851 2170 2662 3217 4758 2481 830 3275 302 2925 726 175 3701 3076 3608 1723 4768 4635 4833 256 2279 4619 2247 1108 4154 2816 2471 4951 3294 3498 2724 4073 1641 4765 946 3727 4954 28 1395 1512 2820 3539 3274 2161 1034 4442 580 3575 2317 535 2987 2493 2309 1942 548 2903 4821 4399 2116 1229 1877 2374 552 4117 3764 3844 4793 1420 4420 4809 4015 1038 65 1194 3798 2587 610
2973 2983 4105 1329 1612 2699 1553 4720 4109 1255 4517 4407 1728 946 2931 1777 2789 2703 3412 4926 2353 1545 3051 386 4519 4686 1952 2068 4631 4585 3164 3459 2064 1671 4280 4816 792 2663 4705 1571 2543 683 746 4882 4648 4895 2880 246 620 516 423 1616 2756 3805 2609 3398 1759 4038 4049 1180 3063 3689 3287 1926 2094 1291 1969 69 2502 1537 3020 4692 3782 4183 4295 1198 936 425 595 22 306 4376 943 1723 3381 3632 1965 4988 4558 3858 3932 2782 2928 248 3408 4362 835 1486 119 741 2766 3242 370 4942 2243 3319 730 1874 531 3754 1750 2249 2754 818 3241 1662 4557 602 3412 4631 824 3377 2483 2625 2606 265 2753 923 1207 4937 3877 402 3707 466 2873 123 2754 2352 3457 3377 792 2104 2071 3993 4032 4329 1064 4093 2348 298 1068 707 1458 2523 4633 949 4608 75 2976 3145 2497 789 2348 1668 1146 2699 2156 4243 3974 1886 3855 991 4115 2265 3797 2992 1272 3465 3714 2224 1525 100 1623 4594 4808 4236 873 2227 900 36 264 1900 2978 3278 2577 4816 1372 3685 1473 106
1719 4583 1194 336 1541 4985 4829 2007 55 4517 2990 2613 354 4352 1674 47 2556 1504 4142 3191 2140 4187 4909 2232 1959 151 211 3270 2391 3486 4764 4347 4037 3193 3212 4140 3375 971 1307 1781 2308 1761 1883 1340 3838 254 298 1027 114 1940 569 2771 1927 815 2452 2389 3192 1925 2277 3866 3603 244 4135 26 3312 1136 1751 1979 904 3513 2511 849 148 3470 1987 2208 2962 4419 2074 391 4916 2792 3220 2752 314 186 4440 1734 2109 199 247 3215 1230 3177 2021 1195 3361 1577 4846 2667 693 4575 1950 4009 1942 2465 2859 2995 2512 2848 2094 1312 4564 546 3980 4820 3233 31 4517 2231 98 4831 4794 3026 1714 2266 2921 3483 4062 1652 3991 470 2843 2706 4388 2467 1172 3695 1242 3819 3127 316 1702 254 4777 3290 4682 4544 3462 4203 2097 2850 3541 2713 3801 722 484 1717 1767 351 779 4554 4225 2939 4169 4080 1256 4516 2314 3573 3143 1749 2249 4464 716 1314 1455 2210 2257 414 441 3116 4119 2474 4857 4110 3021 3326 894 1588 892 328 326 3299 4485 4673 2393 3134 2363 3293
29 4266 615 2385 3497 346 78 71 2903 4407 2613 3068 3852 2140 4489 3387 4712 303 4225 4601 4181 2717 2750 1016 2766 3994 1636 434 917 290 1421 1867 339 776 208 2203 1635 1914 2974 289 1317 2812 2245 594 1609 2795 3003 155 2266 1342 399 3189 4633 2200 2959 2477 1207 4295 3850 3551 861 4483 4518 806 3377 205 2535 2213 3322 4039 33 2189 2137 934 3583 638 2388 132 4257 301 4334 2166 261 1330 2309 3595 716 3872 79 650 2667 745 3572 227 1483 1451 4810 3015 4005 3951 4858 2375 3787 1244 2991 3871 1141 1137 756 1396 2647 4192 4980 4316 4237 356 2940 1459 1667 2713 3094 4623 2384 3256 2950 2011 2232 2359 628 3812 3976 4346 3653 1622 4215 4784 274 4017 3133 3614 2835 14 175 2154 3101 4735 2326 3486 538 612 1518 2432 828 41 4649 3464 3392 1649 4401 1082 33 110 4870 1637 4024 4600 3511 2505 2300 3729 4419 2062 2831 1625 405 708 4748 1185 2473 729 1982 4273 4058 840 4255 574 3431 1797 2524 3838 906 1180 3077 1610 2040 4421 854 4484 2261 4793
1113 3135 4957 4179 481 2895 2318 2172 2040 1728 354 3852 3674 3870 4545 66 4277 3194 2799 3578 2952 3659 4825 2532 1267 1216 898 1616 1349 4534 162 4685 3719 4172 3663 4108 2458 2762 1104 2522 854 984 3817 873 2274 4205 1266 1726 1570 2801 872 2353 2817 110 4285 931 751 1793 2231 2418 2295 2073 789 1361 375 340 957 206 3594 4192 4298 1527 1103 3980 2332 2103 3226 1507 1063 393 3338 3514 3421 1201 2861 2553 3754 2739 3089 139 1527 3371 2839 1993 1040 1960 4567 3600 4597 4736 3568 4005 222 357 2524 1876 2935 1729 499 3841 2139 3850 3885 2147 4076 636 4109 3157 4254 690 2517 2936 1474 3739 3739 756 249 3483 731 1564 4578 652 209 4689 775 2546 4316 4133 2881 4399 1841 4314 2813 1693 2742 1316 3231 1772 2242 3839 3799 3167 4040 1716 4148 3066 1269 504 4503 2900 4050 1140 3399 2244 3052 4314 3178 3377 1136 2021 4121 74 497 3696 2767 4934 2132 4402 1032 2412 3932 2719 4997 4815 1642 22 16 1601 793 923 2463 3903 1341 3443 4670 1267 4258 2055 3428 3909
4737 3192 1998 2257 3809 1795 588 3350 4462 946 4352 2140 3870 3624 1065 2625 821 4180 1378 3903 3805 213 914 4022 3879 1909 1675 1235 1834 4078 186 3370 2365 1256 4560 2226 1730 1370 1169 3483 2130 4912 4020 968 3500 29 2801 4421 2916 4839 187 2094 629 3299 1634 627 4714 1404 4328 1766 2849 4723 1255 2001 2574 4631 4455 2827 2373 3310 1897 3184 2088 3122 807 637 2102 3658 941 3129 1036 4677 4545 2095 3929 1320 4027 853 3482 3632 3339 783 2595 4620 1171 4997 810 1248 1278 3142 956 1809 363 64 4064 2445 4095 574 2852 2103 2313 1624 1876 2965 69 3416 243 3393 2971 4968 2711 1196 3438 2285 1549 710 1791 1165 884 1799 1974 2913 3535 411 2290 4116 2115 1896 1309 1975 2095 689 3802 3239 970 165 31 2333 48 4867 4305 3889 4086 3758 1712 3227 2433 2219 2164 4082 4716 1720 3418 490 4638 2763 4443 269 2846 2201 2271 2922 2898 954 4440 4655 4357 830 1683 97 549 1879 581 4952 536 1859 4425 222 355 3304 3745 4215 2350 2024 2680 1070 1786 4748 2873 1788
4670 1011 3530 4752 1259 3836 2365 414 1865 2931 1674 4489 4545 1065 2818 929 3309 1955 4461 4665 874 3987 2413 2236 824 2776 3382 2168 1049 285 981 4446 1845 4246 2192 639 3432 634 1154 3346 2849 4776 4097 1148 4351 1380 2764 3233 3085 860 3049 3995 3030 4063 2763 1494 4331 1637 2875 1468 3552 1940 3195 4241 3372 593 778 928 4163 882 2326 392 1676 3579 2642 2095 2035 772 4543 3741 319 698 1987 921 3121 4439 1612 2114 1249 347 346 4888 4749 2939 3144 459 4035 3078 855 1443 2576 1199 4267 2639 1269 2005 423 997 4069 1852 1209 1593 1234 1031 2763 2943 77 929 3197 554 1357 4272 4580 4439 1484 2533 2950 2521 4269 3780 1833 1394 267 214 875 744 2237 3767 435 3542 4875 3728 4705 770 2358 96 3182 1743 3148 1966 2058 3600 1679 1416 3904 1836 2231 2997 1783 3926 1864 1345 4190 3544 2943 4393 998 1049 601 3809 127 113 3324 950 1768 2719 607 357 1808 2110 4423 312 4092 4025 1789 804 1398 4645 2519 4819 872 1193 4978 1673 1391 2423 2135 1136 3737 3514
3635 774 591 3812 3914 3198 979 652 4240 1777 47 3387 66 2625 929 4282 1753 1990 660 4717 2073 4037 2699 358 2997 747 4799 824 2705 1143 2513 2295 3511 2739 722 3857 4203 465 1754 2356 323 4471 237 1330 2257 1519 349 3522 3962 543 2412 2627 4184 2376 3214 2436 831 3910 3474 3963 1648 406 604 4260 2347 3745 2076 4480 1369 1995 2004 374 4711 1250 3735 3175 2257 1348 453 1943 2105 4200 3406 4511 582 258 1301 4235 1493 422 4529 2081 2551 4416 1712 423 2831 781 1038 1076 392 2687 4134 4257 2879 242 2288 2143 2805 331 2826 2528 2112 4560 3769 4402 3021 511 2976 4579 2436 4960 2081 4241 662 4823 84 3248 370 3844 467 3345 2786 3804 401 1687 2097 1537 677 4660 4136 2341 3091 4599 4331 3126 4023 2831 1158 2153 327 4421 4124 145 4809 1158 1510 1127 1414 4279 3305 2564 4076 3541 2060 299 4797 4840 4251 4768 4079 247 2780 499 3462 499 4281 563 2796 90 4551 572 4129 2553 2247 3938 3715 435 195 266 544 2658 3533 3532 1418 2598 4904 3497 771 3197
781 3812 2181 2022 972 290 3011 2509 3175 2789 2556 4712 4277 821 3309 1753 526 2615 204 689 667 923 3866 505 2407 579 400 2268 2366 3392 4438 1595 2466 3602 4457 4166 3375 3850 958 2317 2540 3359 1154 4763 1182 4583 2858 918 815 1113 3808 4880 3938 791 437 1563 3524 34 3715 932 4891 4591 4546 2994 3121 2431 2927 2880 29 328 2420 1872 4805 3363 3914 1892 2757 4869 4833 2380 4868 1707 3950 1886 3389 4664 4591 4416 1402 3917 3095 3217 178 998 1241 774 394 3204 1901 4396 3420 517 4479 3116 3066 4743 4935 1050 1040 280 2976 2178 3284 139 1583 2393 2552 4026 3837 1132 4470 3514 302 2460 4521 2031 279 3382 2650 893 4747 3123 914 4336 4985 1788 2537 2543 1544 1785 4389 3086 4951 568 1618 3987 4234 369 4422 1306 1622 3517 1108 1108 1635 2789 1275 1420 2959 1946 3072 3877 2142 1336 4235 2138 1641 3973 3146 4060 1739 1081 959 2587 1523 1706 141 2383 261 4771 2597 4941 1652 1833 1871 1103 4152 251 3456 1741 2933 3551 844 3409 3606 1575 4390 2488 1380 3782
405 3197 2852 683 2060 4969 2877 3404 1112 2703 1504 303 3194 4180 1955 1990 2615 1260 1861 4231 3294 2051 2940 2818 3305 1492 995 2612 383 4673 1588 4137 530 309 4641 447 1040 3546 1647 813 1234 1270 90 2109 4702 2863 1269 609 1301 4047 2763 2142 3267 1121 4122 4096 2994 4927 3604 4939 4044 3166 4740 4400 1644 2638 1334 2014 2866 2615 2901 3498 990 447 4297 1822 19 2716 4562 4782 3461 1055 4618 2889 3455 120 4282 3532 4572 1254 2468 1017 4893 212 1670 2647 3061 1421 4558 4770 3973 744 4189 749 741 4926 3840 646 2413 4097 4223 2807 4878 565 2466 488 28 4346 1065 2877 2364 4657 1855 1605 3166 3487 398 4418 2513 775 1377 1760 3095 4559 2109 1722 2836 4351 2474 4842 4665 4777 409 617 2076 4029 2489 2295 3640 2572 4400 902 37 3956 3253 2122 4377 4817 202 447 1683 2301 3155 743 802 1015 4780 4141 497 3390 4311 1867 586 4791 388 1268 3089 4373 4053 2494 1910 777 2892 410 4690 1873 565 3255 2744 3351 3205 2898 4267 2600 3841 420 2415 3537 950 377
4040 968 2109 2055 1294 2082 3633 3164 1319 3412 4142 4225 2799 1378 4461 660 204 1861 1528 3145 1911 1848 477 2401 4746 3820 4196 865 2764 1983 1060 3500 2347 4001 4756 3379 769 4195 4852 1961 2158 4762 443 3467 2402 561 4434 4558 1861 973 2361 3427 1579 1165 906 2184 4018 3899 4292 2701 3656 1080 1275 4994 1433 1712 639 3069 4418 4023 1197 20 3900 4118 261 2836 524 4391 4870 4851 3416 2933 2050 1616 626 4480 4486 2803 2426 4860 3839 3484 4173 2855 1932 1915 3805 4549 4808 1118 132 2450 890 1873 2189 4834 1542 302 1747 4867 3028 3927 2277 2440 756 4274 3789 1898 1751 4213 3982 2570 3932 2678 561 4223 310 792 4402 4341 4814 916 2456 649 1752 2004 3406 3520 3023 1675 3912 326 1841 1581 4349 2965 657 3721 765 1158 986 1391 2148 3448 3801 1958 4128 4486 3464 3026 3389 3225 515 3754 3562 4804 758 420 405 665 3396 206 1241 1336 3033 3931 1782 2120 399 1316 4728 4938 39 756 1131 4629 3984 3896 4393 2900 2255 849 4396 1453 249 4268 2530 2318 3606 3134
239 2602 3599 2832 506 3922 3184 3103 3336 4926 3191 4601 3578 3903 4665 4717 689 4231 3145 214 333 3455 3300 4080 2371 579 3603 1782 3779 1809 3528 4302 4961 4436 534 4124 2152 4655 985 781 2562 4685 3152 3292 504 31 854 4833 2502 1470 3488 4951 1658 476 2924 288 594 2575 2211 4173 2044 3676 3984 3725 1134 3982 1866 3872 3915 4090 2158 4379 4107 3087 3179 2400 193 3676 454 1312 3800 4293 1001 2110 3722 3397 1122 2104 2800 3341 1377 1412 917 978 4051 4073 1864 4337 2139 113 1512 639 1360 4397 753 4136 3893 4572 2966 1538 126 964 2406 388 2559 2444 2385 2101 1746 71 2246 3808 3847 722 590 2738 2125 719 4536 4796 4560 1345 3378 3422 912 4861 71 2934 4455 1333 4373 4505 3267 3657 228 2217 1115 1887 3012 3148 2030 1088 1117 2166 2927 3835 2731 1752 3201 2682 4754 2955 1418 756 4973 2710 887 4617 4996 106 388 78 3947 856 1536 3736 3717 2386 3506 4371 2901 4826 2341 2449 1837 4160 4862 416 4499 1214 2344 1582 2776 4528 2173 2648 2395 2955 205 4200
4489 3469 4840 581 789 1396 720 975 4134 2353 2140 4181 2952 3805 874 2073 667 3294 1911 333 2648 2146 3693 4387 3416 4979 1629 4689 987 4478 3634 196 3431 2480 4028 4905 1124 334 1068 1406 4272 970 1936 1407 1725 3164 1730 1873 3663 3520 1806 4057 38 1521 3280 1398 1497 1808 4357 288 2911 431 4552 4823 1508 3869 713 671 18 195 3848 4099 2182 1620 3523 2272 1268 2799 1416 3989 1665 3346 3034 1863 741 4565 2174 4724 3131 429 4902 3576 272 4814 3614 273 1409 4719 3931 482 651 1497 4076 3994 3893 1237 3260 2674 2359 1788 1465 1170 1943 3478 2412 74 1368 287 3858 4402 1362 4120 3247 231 2826 4216 359 505 3544 3463 4804 130 958 4338 1018 3400 3169 4161 4349 1837 1881 2804 2445 248 2323 1471 951 988 1210 2952 4172 4809 4227 1697 3273 4923 1015 4233 4284 326 4906 3513 4914 3512 4572 4099 2068 1865 4746 4804 1082 3834 1639 4231 4330 4444 3010 228 2535 1015 4406 205 4820 1466 2685 2303 2341 77 2787 2509 2557 3897 294 2520 726 461 4615 1499 4444 3028
4738 228 2448 2558 840 271 3194 4299 410 1545 4187 2717 3659 213 3987 4037 923 2051 1848 3455 2146 390 2625 3246 3225 695 4262 1494 3432 357 1541 963 484 753 4979 2599 2609 1963 4498 1613 3410 3719 2096 4546 4184 4140 615 4146 4765 2175 3769 2784 1851 2240 31 3804 2204 2082 2449 2643 1239 1935 1570 3760 2719 3450 1885 2558 3982 1357 1773 1595 1600 580 3945 614 3227 4083 4859 4905 3811 4666 4862 903 3589 3811 4443 2328 1509 2938 1413 528 2543 3347 40 4138 3640 3758 3058 4576 381 3460 525 3135 839 4561 3084 353 1351 1363 473 534 3058 90 3285 2821 3303 2964 419 2847 4919 3235 1073 3033 2728 2959 4553 4580 3622 617 3381 494 1554 950 2283 3342 2757 3820 4699 2682 3321 2743 3169 2177 1690 1355 2710 711 1536 1472 1471 43 3589 314 4927 3964 3353 1914 2019 2085 2085 4556 3322 2213 4319 3644 2302 4541 2932 2119 4735 927 2726 1801 4890 4907 4504 1044 2647 2268 3109 3482 1406 2710 769 2294 1216 4207 4109 2163 4066 2025 3093 711 4161 3394 869 3897 1261 516
2305 2372 634 2593 4518 1056 3236 836 3182 3051 4909 2750 4825 914 2413 2699 3866 2940 477 3300 3693 2625 2081 3019 842 1559 2864 4445 1536 1856 2388 4157 2283 3702 4346 3989 2563 2327 3420 1891 150 4391 4158 2274 4472 2532 4215 4761 4581 1479 4453 64 3725 1983 2242 999 2707 4941 129 3632 546 2424 2645 3035 3516 1297 4845 685 2268 888 296 2041 1280 4122 1971 956 3564 4713 3740 3800 3048 65 1587 2196 3493 2658 3697 1888 235 677 4988 3277 299 3985 4751 1007 577 125 68 1458 3191 482 1316 48 274 1338 3608 2387 4545 3539 724 2534 852 315 3674 856 2738 2527 3517 3203 4731 3589 57 3657 3304 911 2711 442 778 296 4727 518 3422 1429 3151 4669 1932 248 155 3806 1214 2758 1045 1185 398 4377 3808 4165 1178 3163 3332 2973 733 4289 3943 3620 843 344 234 313 1018 2214 4089 2136 4379 189 1080 39 2681 3333 2967 2054 168 4404 2757 196 2203 1641 2168 3036 4344 3473 1886 390 4160 4119 3426 4024 129 909 2150 1946 2297 722 1348 2790 119 2748 3170 124
3161 3792 4358 2086 4909 1512 31 3053 2455 386 2232 1016 2532 4022 2236 358 505 2818 2401 4080 4387 3246 3019 2562 2236 1582 1863 1740 3994 1166 2765 1006 2948 149 3695 3667 4360 4670 3666 1373 2514 453 2578 3780 3606 1852 2608 2060 2458 2852 2556 3651 2757 1889 2116 3834 2373 986 886 2525 2121 4727 1139 2453 1803 4720 3259 2668 2981 3507 2121 389 2647 4743 2579 2523 2782 4637 2784 367 2782 4360 1246 1507 3334 3151 3542 448 2826 3167 3221 1536 699 4249 2665 1872 948 2551 758 2732 799 447 4979 1211 2657 3330 1377 3709 3012 3628 1483 2120 1966 1496 2726 4569 2965 4508 267 842 2154 42 3943 736 3506 1948 1109 3592 1064 744 3894 2001 124 2550 4525 3310 1604 3644 3605 4137 3174 809 4196 2779 3760 2423 553 4249 4130 4309 1601 1088 4017 3817 4036 218 286 4419 2870 271 2004 85 2032 1356 1953 4220 1746 2232 2275 1163 3019 1676 4382 1241 4710 3951 940 3856 4457 1890 818 1090 270 2979 1371 1416 3843 3328 938 2724 3786 3275 1121 3878 2182 795 3555 1488 2856 3929
3001 1128 2975 3208 929 3250 2056 2833 4503 4519 1959 2766 1267 3879 824 2997 2407 3305 4746 2371 3416 3225 842 2236 4550 3921 1894 645 4381 4036 2230 1740 799 2990 1220 3751 4902 3523 444 4308 4610 4596 1004 971 4395 4831 2009 1114 1160 3013 4567 1278 2237 2551 3775 3793 3821 3546 3226 1480 3035 82 1825 1617 4979 1715 3515 3400 3768 4233 3447 2297 1248 362 4668 2141 1152 4241 3277 2577 301 4912 2574 1628 653 4081 4995 2147 512 1517 3307 429 3226 1590 95 1720 2695 4070 2950 3397 2487 3835 669 662 4253 3137 3372 3915 4354 1514 32 1447 2459 2918 1320 369 4609 741 3501 3721 3706 1309 1992 2366 1852 2595 1399 739 3039 3952 4255 544 4198 4269 380 1997 3082 4899 2534 3267 2913 1537 2034 988 3990 4616 973 85 1484 2057 4558 2279 2012 590 2884 1145 3474 681 2835 4454 1745 3782 2377 905 622 3207 2379 4655 254 3726 2831 1930 4341 3837 3055 2245 3492 192 47 1177 96 4686 469 608 1302 4995 3497 4459 4717 3909 1083 2460 4169 1954 1310 1944 2226 2163 2945 2702
3672 1809 3447 406 2843 45 2671 1044 4262 4686 151 3994 1216 1909 2776 747 579 1492 3820 579 4979 695 1559 1582 3921 3353 2481 927 2732 2076 1439 2942 1187 2828 4565 4471 3453 4304 1398 2828 2645 2083 4309 1539 3460 2652 4351 2679 3482 2463 3646 4336 332 1309 3151 1354 1878 4048 2055 3014 1221 2529 1067 3625 1036 4061 1291 3067 4136 2218 4965 4506 4961 4661 1573 2458 3944 2222 2304 1199 2132 595 2472 4243 4341 994 3796 2192 2336 1528 545 2450 1041 3981 4160 2198 1670 2385 3033 2115 4804 1962 4747 4069 73 3401 2515 3627 2722 2037 350 4024 3266 489 1588 590 3663 3200 3185 1481 4884 183 3797 39 525 571 3467 2029 697 4848 113 3130 1383 3292 3982 4664 2005 2486 75 919 568 4958 3957 4048 2489 3888 3564 822 622 652 3898 4950 2124 2363 1304 1932 636 1826 4734 281 363 255 1608 2702 2541 2378 4464 2024 4954 2048 2326 2148 3722 2907 4990 2271 2590 4152 125 4674 4150 3918 959 3972 4324 2292 1991 4195 713 1504 155 3072 2247 2499 3695 837 2231 3117 802 2914
205 2024 4494 468 1141 4964 2581 4984 206 1952 211 1636 898 1675 3382 4799 400 995 4196 3603 1629 4262 2864 1863 1894 2481 2596 1740 4400 373 4907 2355 3079 844 3217 601 4088 753 4144 4604 2663 1717 438 3069 506 4189 255 4180 1394 2829 2106 3728 3324 3119 429 2008 640 102 1750 3844 3617 1842 4897 1123 1141 2284 2970 1513 1980 2637 4143 869 3899 4777 3016 1875 1501 3161 4212 1089 1755 2312 2669 2594 2235 1241 3035 990 245 2246 4754 384 4385 2935 751 235 2651 1824 4385 1781 1769 4771 4041 2943 4003 3456 2228 2137 4966 1285 4008 4365 3963 1709 1776 854 2732 2352 2024 4059 1083 640 4791 3811 1405 1259 2046 4091 4562 846 2628 4850 2511 746 41 1305 1470 1367 1239 499 3194 3175 2725 3501 3204 972 2767 4413 4143 3499 2957 2460 225 1184 3283 261 990 3788 2281 1442 894 3931 1404 4479 448 1984 3865 3473 2445 2518 1158 3698 3765 3913 3136 2593 2004 4387 3790 3817 4881 473 4319 2274 4065 3559 4209 3511 2044 1061 4434 847 127 4589 3727 1015 2641 759 1590 2478
2671 16 1965 4705 1184 3985 4559 4179 3190 2068 3270 434 1616 1235 2168 824 2268 2612 865 1782 4689 1494 4445 1740 645 927 1740 2378 3866 1880 2347 4976 294 4077 3007 1290 4193 4894 3897 2158 2952 50 4226 29 578 4931 1889 563 2138 3741 696 4387 408 3371 4627 3176 1790 2291 2825 1864 1814 404 3617 4471 3056 3290 1115 4507 73 3895 4027 4794 2702 2499 1088 2053 1912 2956 2396 4849 3352 1961 4758 3031 630 2640 4225 4270 1927 3183 602 936 3966 3061 2171 2323 2635 2815 2150 484 3081 719 233 4300 4326 3989 3325 4106 1054 3699 253 1411 143 2716 3685 2072 3393 4257 4558 832 432 3638 1677 3806 2534 851 99 4888 3419 4417 3866 4784 657 3153 1304 2490 3130 38 1022 461 3788 298 2807 4678 2743 2183 1761 3420 1913 3650 3870 873 172 4650 2000 2462 2757 547 95 2944 3625 567 3668 3771 4692 2382 2187 4077 1146 3666 3815 4568 1035 2336 4408 588 508 1032 4552 4825 1833 1931 4024 42 2778 1587 180 2388 2232 2435 4633 3022 4165 256 63 1974 4908 1603 1470 3132
2981 719 3996 1255 777 689 4600 2927 1137 4631 2391 917 1349 1834 1049 2705 2366 383 2764 3779 987 3432 1536 3994 4381 2732 4400 3866 272 4704 2837 724 1804 1059 262 4889 32 3984 2780 4827 1399 4610 1621 3071 4795 3399 1920 2619 4192 1472 1915 3138 4472 150 989 1296 3718 4595 2792 2408 684 1248 543 68 228 2660 3587 4806 3831 1535 2455 2864 4765 1790 4006 42 4855 839 3965 1846 846 3438 2733 1282 4653 3211 1124 2668 463 4669 4494 967 164 3977 2897 568 2543 1195 3318 4409 4303 3046 2168 4508 666 703 3870 3617 1888 1759 2978 2995 437 2318 1768 1173 1871 129 3718 4926 3958 1892 1858 2811 3392 736 2205 3820 4066 1131 4375 4562 2376 424 3543 3445 4379 2813 3570 1758 1799 2609 2095 377 1586 251 4381 3933 2497 3262 1371 3451 2489 1959 2437 2945 374 870 3256 4620 4721 879 1494 1826 3541 3798 4054 4884 3448 396 3822 1815 3325 1451 3822 682 2200 4483 3999 176 3439 2612 3308 3477 915 1348 4447 1757 4358 4244 3637 2789 1609 4132 2530 4768 1911 4838 35 1630
4210 1933 4084 208 4288 4529 2094 3371 779 4585 3486 290 4534 4078 285 1143 3392 4673 1983 1809 4478 357 1856 1166 4036 2076 373 1880 4704 2156 2817 1530 3736 4621 4033 2797 4536 3249 3180 2771 1685 3361 1943 1584 3636 2351 4160 1051 4093 1887 1516 3663 4703 3952 1915 2301 229 1982 4306 173 2874 2460 4713 318 2769 4349 2448 1805 20 3336 2239 2753 3259 3502 1156 2374 86 1635 3092 4796 2810 3275 1847 4648 1630 3709 1644 4361 4021 2688 2843 2722 3483 3794 1714 4690 894 2934 4958 2290 1746 2743 1257 557 4392 4925 2949 4334 484 2571 4269 1835 2202 528 2487 3027 3811 4669 3592 2775 2199 2526 962 4023 3061 1863 2072 4430 4379 1763 2658 4601 2380 4722 4768 4840 2226 2409 3212 3637 653 2481 2176 1095 1271 1125 1316 2808 3140 4608 948 494 3507 3536 4128 3816 511 1435 2083 503 4254 2630 215 1752 2021 4478 1070 1609 3184 1650 2566 3198 3222 1092 2628 2363 1558 71 2248 947 4141 1684 55 3198 1133 2038 3086 259 3123 3743 4108 2649 496 3853 177 1917 3529 1834 3463 2981
3152 687 2797 108 1478 2957 1469 4282 4840 3164 4764 1421 162 186 981 2513 4438 1588 1060 3528 3634 1541 2388 2765 2230 1439 4907 2347 2837 2817 703 291 2604 2192 941 2484 1059 4794 1505 1596 2850 4832 3338 3147 4215 1769 1308 2101 2910 2681 1633 4450 4651 3698 3177 2366 3257 2794 3503 3658 4222 3571 4945 2026 156 1773 1164 4492 2854 4398 95 2084 4633 3298 4247 745 2809 4187 4166 1050 3917 4888 3493 3333 1462 4502 2664 1822 4030 1772 338 3512 1427 3553 707 2169 3836 2399 937 3132 4786 3248 3662 4126 1629 2509 2638 984 3952 4999 1379 129 3835 79 688 2621 3177 180 1821 2182 1653 2811 3735 444 3133 4183 1970 778 4402 2203 1392 2058 1116 1477 412 2186 471 119 3421 2762 2775 914 932 4536 3702 383 4600 625 3119 2495 2914 4099 2127 1482 2282 3543 3513 3456 1395 1029 3300 3555 4952 660 908 901 2654 2742 569 691 3250 604 4039 351 3388 3344 1190 1392 775 4418 700 3893 1334 987 1983 1479 2887 2876 1953 3186 3038 2548 1073 3604 2612 3330 532 890 364 2833
4019 4396 883 3667 4030 1279 976 4166 247 3459 4347 1867 4685 3370 4446 2295 1595 4137 3500 4302 196 963 4157 1006 1740 2942 2355 4976 724 1530 291 1645 3277 4737 3494 564 4485 1578 3052 95 3599 1709 1959 3272 4848 2656 3328 1534 4020 1004 3942 4951 4552 4585 2299 2811 3630 2633 1710 1224 1239 1525 2896 4586 386 1893 632 2740 4099 4138 3235 1807 3921 927 30 1830 165 1505 295 752 2918 4596 3390 1704 4980 3410 392 74 737 2146 2592 1318 2005 1921 559 1770 3578 1979 355 4990 2809 1571 1651 983 2860 1058 957 1609 3540 1650 679 1108 2730 2940 652 231 2368 2259 3449 700 1602 3054 4655 776 4711 2210 1157 436 1802 3135 1008 1364 4172 4144 3544 416 4404 3519 4060 3616 2359 296 1527 3973 1517 1410 578 4546 689 846 1229 497 2872 540 326 4446 72 4356 1309 2030 1459 3702 4102 4298 113 4388 1730 760 4487 1212 2054 3139 1338 2935 4090 368 823 761 1241 1731 1303 1427 4666 3890 4037 1902 867 4771 187 3482 2815 3427 2525 4081 3017 2207 2494 410 4410 3461
3360 4547 3719 1025 4695 452 1480 4593 3850 2064 4037 339 3719 2365 1845 3511 2466 530 2347 4961 3431 484 2283 2948 799 1187 3079 294 1804 3736 2604 3277 1665 39 2424 3762 1042 1040 2302 3578 4019 2365 550 1705 4924 511 2949 1875 2680 3969 3152 4687 1244 3997 3113 4399 2653 4176 1365 4674 2158 3555 1176 1853 4424 3684 4230 2020 28 2462 1794 4254 3672 428 1622 2931 2601 4189 2385 1350 4854 4614 1347 2315 1908 647 2084 3956 3822 3359 4122 4340 1079 3247 2209 4440 4762 4383 3735 3396 4441 1705 1027 1135 1077 4327 4348 4906 3124 4917 4114 4616 2663 2193 546 4746 495 3582 2834 1474 398 3520 2003 979 919 4037 2553 580 1382 2219 2350 2153 511 2008 1350 671 4669 2611 49 2852 2973 1017 2743 4406 4887 2597 885 2825 3128 4078 4024 2234 304 409 3446 4834 4044 4310 154 4933 1987 337 2166 3844 1924 2258 4023 2607 4405 1765 4429 1916 790 121 3767 3207 2911 2480 4953 4936 2902 3844 2066 2349 4728 3820 3277 2670 3221 182 1620 2212 1071 2469 3753 2941 3592 3477 2021 2381
2297 2798 3613 3886 3117 1838 1230 4152 1099 1671 3193 776 4172 1256 4246 2739 3602 309 4001 4436 2480 753 3702 149 2990 2828 844 4077 1059 4621 2192 4737 39 4272 1186 3446 928 4215 2072 2345 1182 870 4497 1912 1750 2076 4535 2630 1191 3883 373 4165 462 3826 3470 3020 1376 611 4407 3904 2707 1758 4442 3250 498 1544 3175 169 1821 405 1950 1149 1498 1563 3229 4932 1969 2264 1747 857 1657 4741 2347 2286 3405 152 456 3837 3079 2883 4595 4217 445 3861 171 2999 1269 169 3856 4878 3510 2504 2123 1257 4517 4226 4286 2314 1097 1349 3864 1551 605 4523 3173 430 1311 3570 4010 2596 3133 3431 3042 1432 4938 1303 1202 1381 1763 28 1485 2268 4425 3759 1932 3139 4177 711 2933 4151 973 822 1053 502 1735 1607 3184 3852 652 2680 3627 3596 3536 3441 2254 65 2707 3577 2487 3400 2760 3057 3377 2024 4008 2703 4223 4939 277 1159 2510 4376 1726 787 4327 3972 4916 985 4808 1945 4616 3926 967 4837 4531 3765 345 3334 1413 4477 1962 2285 1753 1333 4187 3298 1103 4973 3594 3435
341 3503 596 340 412 113 856 3800 4311 4280 3212 208 3663 4560 2192 722 4457 4641 4756 534 4028 4979 4346 3695 1220 4565 3217 3007 262 4033 941 3494 2424 1186 350 311 209 4094 3212 89 1156 2966 2290 1073 1681 119 2601 2322 3914 4851 1492 2610 2134 3512 383 2762 4373 524 2187 3663 213 441 3359 1669 3811 3758 4907 3904 2989 4398 1061 4699 737 1027 1550 1171 263 1761 3187 2487 1148 1028 2551 3141 2521 4170 12 1678 211 4582 2180 4868 1099 2606 3385 4255 92 1748 4787 4779 2669 1914 2059 3711 1745 484 2024 3318 2919 859 4567 562 2401 3889 4119 1019 1003 2382 1674 3378 1722 2657 2211 891 1305 878 3940 555 1600 1897 2414 519 4445 3514 1008 1737 3675 3938 3962 2804 3005 612 2093 202 4888 2474 1762 1231 2195 2990 3375 4929 2713 2856 3998 3812 2243 2724 4172 1274 3606 4248 2477 4486 4728 2372 4062 4874 4556 40 2477 4588 3680 561 3066 1248 963 1394 3945 2922 1064 4033 4712 3330 2173 1623 1034 4695 2016 2560 2598 464 4765 4341 4976 3807 3958 1010 1810 1478
1379 4399 4915 3720 2070 3024 4202 931 4375 4816 4140 2203 4108 2226 639 3857 4166 447 3379 4124 4905 2599 3989 3667 3751 4471 601 1290 4889 2797 2484 564 3762 3446 311 782 1361 1761 1857 4357 831 2702 4048 4814 352 1801 3256 1377 2224 1376 1604 474 1470 3122 1155 4384 4018 4522 3771 1356 596 3721 355 2730 4201 4753 4875 1292 443 2858 435 2035 3156 2307 2812 446 2192 1659 1421 1374 1457 4184 320 3376 2811 822 610 2371 3076 641 124 3106 1422 1465 387 2212 472 1505 3062 4403 2143 2669 2074 2078 2232 2488 3532 1509 3045 2412 1935 1508 3203 3809 565 653 3164 1152 507 554 492 1743 128 1654 2182 3530 2657 4146 3040 4048 3724 396 3721 4862 4161 256 416 4245 4874 930 2819 2122 2637 1146 4309 1501 2510 3609 2946 1093 3561 744 3632 597 4875 4376 3161 2508 3359 4051 4896 93 3090 499 2643 1407 3545 4104 1710 37 4537 458 451 4654 2461 920 4221 4141 2904 4281 1408 3776 801 1202 40 4976 2777 1321 2421 4861 3831 1745 179 2186 3100 4332 3652 3235 3570 1463
2241 2454 3904 462 1659 957 4063 426 146 792 3375 1635 2458 1730 3432 4203 3375 1040 769 2152 1124 2609 2563 4360 4902 3453 4088 4193 32 4536 1059 4485 1042 928 209 1361 1017 617 1001 480 3947 3867 1631 1357 2247 4811 4805 1440 3489 4694 4659 2081 2915 3887 3831 4618 1586 613 962 4446 4159 185 4195 4741 101 335 490 917 4124 4761 2649 2673 353 1287 2169 2829 4459 4880 1890 1253 696 2966 2773 4392 1678 3627 4934 2880 890 4019 2741 1644 2391 365 256 770 1316 2558 4365 2964 3776 1021 118 2757 278 1173 2459 2044 3471 1853 1070 2214 2590 860 4175 488 798 2577 4061 1352 4266 1888 1774 1168 277 4316 4793 591 3229 1867 1160 217 3675 1496 975 693 796 4056 159 2634 4521 573 3727 3395 1052 4578 2933 566 430 2266 2305 3113 2513 997 3989 3170 2192 2497 2085 3812 1698 4943 4734 107 261 346 4505 2015 4982 1356 4062 754 1530 4178 3545 1326 1523 2393 1015 2539 1690 1855 1088 350 692 4913 3486 3171 2312 4841 787 2137 3063 3715 2660 820 1395 2610 3181 4678
4366 1634 2786 516 2305 3620 4108 4624 3548 2663 971 1914 2762 1370 634 465 3850 3546 4195 4655 334 1963 2327 4670 3523 4304 753 4894 3984 3249 4794 1578 1040 4215 4094 1761 617 3682 2932 2834 1080 1460 2171 3478 4292 1050 216 740 2468 451 2243 3493 1589 1727 3271 938 4697 4141 1973 1273 145 3540 1252 3832 1073 2502 2209 1858 3164 745 2613 3563 2060 4069 2173 509 2986 4257 4547 1032 2742 342 4910 2188 3667 2578 3984 176 2640 2378 2165 1349 1940 331 4050 568 3599 4031 3364 127 3724 3298 471 1225 4496 3719 2115 3185 3356 1825 1424 1778 3660 133 2340 1208 1512 874 4590 2131 2113 3917 2385 1792 4087 1794 2924 4532 2597 1384 98 4831 2924 3151 4638 2526 604 857 1358 3507 1143 1141 1884 317 1648 1784 1533 348 4188 2978 2566 1038 1064 45 1663 4446 4241 4567 4333 3823 3254 3024 163 1812 4975 231 3718 1934 1037 2181 1220 4549 1509 1553 3858 815 2305 4881 42 1510 4525 3182 3932 3231 2869 3288 3134 229 4554 1809 4369 2217 4634 3776 318 384 401 4805 1214 4391
4692 1930 1099 4326 234 394 3750 161 3161 4705 1307 2974 1104 1169 1154 1754 958 1647 4852 985 1068 4498 3420 3666 444 1398 4144 3897 2780 3180 1505 3052 2302 2072 3212 1857 1001 2932 3003 1809 1437 3328 2183 1800 1344 1225 4640 4330 4322 3870 3864 4525 4108 4636 3488 4188 2374 4812 4154 3198 4686 3622 4273 4292 3464 3324 3944 1431 4819 2768 1237 3928 3665 767 1032 728 4952 2477 471 1709 2965 4360 821 213 1239 1421 781 364 3148 66 2546 3379 2313 3499 4363 1444 3830 71 1595 4696 2157 2863 1144 2617 4368 2089 288 4635 572 4813 2139 4935 1031 3798 1203 976 2963 1697 3124 2426 724 4611 3502 4384 3236 134 3836 1849 331 1999 502 3882 4213 4059 1624 1805 672 1518 1196 2469 4938 3715 2703 4756 4864 190 4171 3464 1764 4110 4751 2073 620 1663 2178 3429 3376 1528 2753 3002 1113 1778 2661 4494 3566 3489 1593 3914 384 2142 2270 3230 3118 710 4573 2601 680 4535 4508 1237 2237 4298 1106 2505 1652 4380 4187 1560 2702 4734 1478 3713 3759 4545 4510 1097 3493 686 4696 98
4686 3036 2958 2102 4344 2179 602 2636 3593 1571 1781 289 2522 3483 3346 2356 2317 813 1961 781 1406 1613 1891 1373 4308 2828 4604 2158 4827 2771 1596 95 3578 2345 89 4357 480 2834 1809 2166 3644 3541 1037 635 536 3172 1066 3823 4973 150 3474 2835 110 3222 4425 1127 4038 3290 2790 1972 4731 4509 537 1007 2710 2690 4912 3576 588 2331 452 3328 1878 34 3584 2774 3676 1217 2808 1892 3310 3838 867 2070 21 934 3257 3864 2385 2024 3334 4943 4564 2100 248 189 272 67 2460 1216 825 1463 276 3398 2625 925 2375 1231 669 4086 239 4148 4544 4164 121 3116 2218 2697 2596 278 556 4588 1685 3982 683 358 3513 3154 2630 3922 1886 3062 1378 2954 87 2502 4101 4869 2333 3808 3899 922 1992 2657 1902 2598 3708 774 1085 4656 1653 940 1479 1221 4414 4259 1671 4109 3645 3347 4896 4901 998 1171 2764 4524 3139 3071 176 763 4243 3950 561 4416 3395 2172 4297 3569 2753 3872 4268 811 173 1871 3756 4888 1055 4567 2878 1131 3711 4150 71 2499 3644 3140 1109 464 2843 2042
