N: 200
M: 70
Symmetric: true
Triangle: false
3 50 49 26
4 88 35 164 69
2 153 28
4 133 63 116 127
2 76 15
2 39 34
4 128 71 121 65
4 41 52 140 122
2 190 21
2 11 17
6 96 154 124 7 181 106
5 51 100 198 179 2
2 78 95
2 144 115
4 188 12 57 22
4 90 105 138 147
4 185 85 20 45
1 19
2 38 5
4 178 74 37 67
4 141 46 176 196
3 42 36 125
3 72 3 168
2 139 166
3 9 150 62
3 160 61 80
2 83 151
2 59 112
2 162 27
2 134 156
4 126 193 14 137
2 81 60
2 103 120
2 157 73
2 30 148
2 94 182
2 93 13
4 172 68 135 107
3 114 98 158
3 1 191 161
7 86 66 180 186 79 189 132
2 200 43
4 143 44 25 155
3 75 184 183
1 187
2 117 4
2 89 119
2 170 146
1 174
2 84 197
3 101 18 111
1 110
3 102 165 6
1 173
2 70 32
2 192 167
2 123 55
4 109 91 152 194
7 177 24 77 171 48 99 108
4 97 82 29 163
2 104 149
3 40 145 31
3 16 64 169
2 54 33
3 10 8 92
2 159 118
1 136
5 113 195 130 131 142
6 199 53 47 129 175 58
3 56 87 23
4918 1179 141 2284 2675 1472 2316 294 4303 4358 2164 681 2444 3793 1529 973 2380 4147 3497 2341 3428 3630 4238 4327 1200 2592 4825 2323 2751 2809 4616 3058 300 2559 1900 3227 4657 1940 1567 19 1772 1099 2104 2943 1512 1256 3623 1642 1424 1384 4241 4418 1237 1730 2464 1443 338 1309 307 3251 1265 1615 1888 3599 3321 2342 3017 3937 194 3754 180 2223 1280 4353 3280 1247 4590 3255 2957 4699 2852 1285 4644 3614 1910 1833 2718 3876 1168 676 4601 1012 3259 2968 2919 3802 2460 2625 4618 1758 290 2070 3063 813 2791 4187 1617 1061 1255 1930 3858 1347 3811 4764 4814 526 2474 1263 4654 2145 4112 4136 1617 1855 1444 4079 4080 3527 3488 2460 4945 3427 3355 314 4897 3449 4868 1359 1809 3016 274 4122 2238 4843 3244 901 3192 1665 2204 2604 3323 2092 4371 3889 2890 2053 3441 1684 3601 3215 1397 1787 2514 3468 356 2655 3421 4310 117 2858 4709 1025 2299 2136 1869 2354 2120 3874 675 2302 932 3920 705 2549 3049 1141 4713 4246 1456 687 4257 168 1693 4856 3117 1120 1947 3278 49 2862
1179 3698 1926 1070 3031 2900 2590 3340 3309 109 2368 2896 960 2696 1321 1479 4011 1147 1819 3259 565 462 4949 2403 281 1893 4020 492 3240 549 4582 3522 997 1334 4466 4635 328 1315 3083 3052 1730 874 3834 3660 3090 2377 4015 3656 4661 3433 1646 2976 222 3258 1274 4459 1271 2760 2591 2166 2401 4285 633 1992 58 2086 3117 3754 1120 839 2714 1360 1088 4771 1550 2539 1701 854 1718 4594 294 1062 801 2979 1352 4161 4102 3886 3795 3278 1705 2050 4690 910 4914 1267 2493 1811 360 2461 3634 1983 738 79 2109 3910 2471 2850 2470 3656 2954 4708 464 3979 1660 3336 1146 88 3099 1686 2184 432 3883 1556 1228 459 3226 3668 2580 2430 2286 4431 4712 1595 2281 4628 853 2701 3256 3656 2958 722 1650 1313 4469 4432 4371 2955 63 878 323 1394 1878 34 3753 2274 2031 2153 4532 1490 826 4591 689 1929 3519 2288 2543 3612 2589 3575 4325 2891 694 1378 3034 3856 1847 4237 2641 3545 3104 4266 3282 2944 2257 1843 443 642 3427 4209 4754 2754 4829 620 1321 385 4092 272 3368 3658
141 1926 3763 4567 1989 2226 4111 2749 4373 3292 1014 1565 3510 222 2627 3052 4096 875 4168 929 4699 3590 142 4389 2711 76 3962 369 4811 3450 3490 1510 504 285 2767 4021 1358 2183 1581 1475 3642 2398 3703 2032 362 2409 3891 4388 3887 119 3967 4926 455 3674 855 4067 3702 898 4260 526 1131 148 2066 2837 4803 1132 305 2191 4421 885 3717 300 4884 4668 1129 2414 3091 3438 1577 1509 4477 2932 711 3118 1306 2626 670 4337 3296 4811 3494 3892 4441 2095 1338 3622 1894 4268 4227 199 1044 2280 334 1763 1247 2237 1238 513 3562 1545 1837 636 199 2423 691 2942 4029 1654 3298 3015 3081 867 97 1732 1818 1750 1065 2565 459 2535 3142 2602 3544 3605 1678 3109 3339 600 3664 1038 2625 577 1435 786 4829 4757 1696 3226 3218 936 1081 3066 3770 2087 2223 1112 1814 2846 2748 1982 4798 3630 4808 1420 877 4351 4806 893 1126 4063 2154 1052 2161 3840 4853 1244 4391 2684 1166 688 4696 4503 4881 4084 3970 41 4153 615 2929 3189 2833 3988 388 551 272 1779 3355 1861 4330 3122
2284 1070 4567 4253 714 2343 380 4921 4176 2618 2750 2755 1492 283 2712 1188 2005 3172 4648 1427 4925 2213 522 3125 604 152 2495 1012 333 1819 2672 4932 2857 2332 4432 2873 2536 1389 3399 144 581 739 371 2814 3719 3839 1719 1973 2888 4316 1626 4447 2484 2055 2414 1119 3041 1294 4150 1448 625 2273 586 2261 895 513 765 2748 4903 1117 2978 2678 3325 2622 1378 2433 2079 101 1665 437 1965 4523 3371 4030 1892 1772 2773 2991 3078 4546 2387 1893 2133 4549 1099 3615 2964 3110 4784 2993 1007 4413 3220 2855 2771 647 801 1742 3658 802 692 3239 2030 1856 4886 4381 4422 3637 3535 4986 364 4938 4020 2210 4992 3327 3824 1015 3270 786 4773 2765 4278 1453 350 3487 4444 1116 4297 1014 4774 1215 2402 234 4261 3965 2093 2047 2527 2042 309 4535 3242 1252 3212 1084 1970 3010 228 108 1769 254 4615 1912 4657 3185 3126 4139 3764 3349 3085 286 3761 50 1019 1128 4885 1957 3871 3802 1508 2505 3900 1824 331 4550 2553 2341 29 3817 1187 4198 329 32 482 4478 325 4873 1235 1156
2675 3031 1989 714 4443 3164 31 388 4792 2187 4402 4931 802 3297 1855 674 823 2496 374 2343 2736 2282 2867 1102 192 1119 2662 3174 3215 3942 3686 620 966 552 2807 1048 1668 2985 4542 2606 1861 18 1079 4135 3389 2522 3089 1878 726 1114 3455 4451 1717 640 1476 3165 2965 4576 3665 4522 375 4584 4183 2675 1120 277 4075 3326 625 3797 555 1792 2826 4251 357 4732 2972 2691 3994 232 955 301 1353 2985 2209 4538 806 4870 4805 3371 1119 4329 4276 338 2873 2103 1324 3910 2102 1235 296 112 485 346 4104 1374 147 496 4069 751 4337 4564 3965 1193 3167 2666 3686 1677 3933 1574 4707 4095 4038 1836 1193 4224 476 1044 3762 3753 3429 4071 2910 3634 3268 4560 619 1833 1033 1252 1260 3244 1717 1445 2928 2611 88 4752 4837 3759 1888 3102 4097 889 4405 4824 490 3327 19 2509 1738 3712 1122 3919 550 2128 4455 464 4242 2837 3641 3426 1280 329 3539 3483 1194 50 907 443 379 91 824 3428 3022 544 2463 2734 264 1479 2651 794 3268 4586 4130 2818 4598 178 2248 2923
1472 2900 2226 2343 3164 2619 2491 1530 3756 1794 2465 3999 3687 1886 3905 489 1538 356 4149 2453 3335 4651 3518 1397 2000 2262 611 366 2464 3666 625 1203 4237 4304 4410 731 4381 2173 756 1174 4447 3589 3099 4534 3383 3636 1093 2952 1394 569 3375 3616 3599 2170 206 2724 1434 2932 1759 3928 871 2490 1160 4832 4021 2926 1838 2547 1280 4717 1648 2325 4652 4308 3194 1834 113 2820 997 201 979 4813 602 4650 1609 1246 1859 1351 1422 2634 560 4857 215 3823 3087 3992 2367 100 2003 3419 1247 3022 32 2679 1049 4983 3768 3946 543 2657 2019 2007 2556 4156 1539 4393 2417 4646 3755 1421 892 2336 2445 439 571 1141 4123 61 4397 470 1253 2993 3165 3361 4544 2741 2927 4150 1969 529 1927 171 4435 4268 2304 1660 845 3512 16 670 4210 4349 4012 4308 248 1443 2659 1999 1733 4795 543 3937 3591 3090 1619 3228 2756 4876 2791 4116 4188 1977 1976 190 1568 4438 3733 1501 778 4469 4649 3099 2654 3673 2098 4387 1802 2835 4661 1042 1121 2681 482 12 1573 3500 3951 3617 3029 4555
2316 2590 4111 380 31 2491 4284 4646 3285 1344 4507 4039 453 3070 2801 4903 3201 3161 2970 80 4327 3106 2554 3241 3756 2622 1422 904 36 957 4998 103 1812 1148 4117 3113 2465 3676 1425 860 4519 88 4991 2397 4925 1773 3983 3394 1280 562 338 2470 3043 3871 4770 82 265 4402 996 2085 1483 4348 1696 2141 76 238 1625 3500 2651 3886 3871 533 4576 4874 2046 3535 4878 2869 4337 4525 1215 3306 4582 2152 771 3469 2690 1828 4041 2077 1051 3853 326 2364 147 2137 1384 3331 4759 4466 3946 4957 935 2869 157 4425 4348 1890 2881 2616 1743 2144 2305 2814 3534 276 2016 2797 3309 4614 986 4399 4034 2762 149 163 281 1286 130 4997 834 246 3240 2293 571 1126 2002 2906 1749 4071 4426 1375 632 4677 746 2018 3401 768 1974 2186 4664 3692 3053 1383 145 4848 4728 306 4178 1417 3934 2633 3604 3029 4737 3034 3596 1369 4197 1931 4579 4175 2086 4721 986 2373 1270 116 510 570 151 4237 4834 623 530 2246 452 3323 17 4290 314 3442 1364 1937 403 3474 172 288 1942 2605
294 3340 2749 4921 388 1530 4646 260 3225 4196 770 4421 786 1175 1250 874 4013 4840 2445 3127 999 3368 3830 1814 2573 2276 1930 4036 832 280 1810 1998 237 1867 2402 3298 1473 946 2856 2056 637 3807 630 4391 2818 863 4354 121 892 2760 4682 2326 2762 3474 1317 3677 1408 2307 4436 4895 3459 4311 790 3926 4151 1785 3074 1293 2801 1633 305 823 2325 2945 3946 1966 757 1951 2251 4296 3735 766 2118 3783 4640 3558 4311 4788 127 677 1451 1460 4563 2987 2767 3759 4187 3776 4879 161 2959 3166 2716 2878 2047 4290 2383 2573 3158 94 4754 3440 3263 2209 2793 4206 274 263 4748 1243 3871 1380 2120 420 4125 503 4185 4991 2170 3624 2251 2315 4301 1495 4309 2702 1805 4664 2691 837 2413 1571 738 640 1438 3586 3735 228 2102 930 532 540 4526 2354 1778 4709 3292 3458 2952 2000 4471 4488 1925 2252 177 1411 1667 874 336 2642 3637 441 3902 2010 3947 686 4140 2818 2410 1299 1529 2517 4080 2566 4793 129 4178 1013 2739 961 1354 237 3694 4313 4719 3621 1146 1012 3713 4883
4303 3309 4373 4176 4792 3756 3285 3225 2678 3173 4804 4685 3257 2484 3634 4623 3028 3522 163 4283 1684 544 3545 1245 1337 49 4900 280 2465 4980 207 4571 626 3523 636 1581 2377 4497 3514 3785 1340 2481 120 274 3857 4329 1103 3183 3306 1313 1780 2675 999 2132 3613 2397 2132 1921 4243 415 3881 1191 4751 761 1065 2802 3328 3478 3158 2677 1958 3782 4146 4547 733 3472 3692 3289 3442 1044 568 226 470 4636 4106 1851 658 3334 4246 2799 2457 1239 2124 1815 3235 1795 4469 2144 3333 4666 3272 572 590 1972 438 4408 728 1811 3350 3883 1390 3692 4033 798 2309 2193 4102 3567 3099 1524 1765 3086 2956 1303 4705 2409 270 2782 2513 3625 593 789 4626 762 873 4025 4721 123 2447 1273 1594 3463 1505 1778 4996 3592 645 2842 2436 409 1016 1299 1366 3221 647 71 1895 741 2398 4585 3563 2155 175 3667 2062 346 1639 4958 747 3670 1944 3709 1464 2334 1076 942 2552 1362 3922 2288 2982 3199 685 1556 3589 299 2626 1539 961 2321 1552 190 3644 2638 4331 3507 1026 4406 350 3347
4358 109 3292 2618 2187 1794 1344 4196 3173 1697 2922 559 1814 3373 1123 844 2510 2650 3461 2487 4516 3918 1725 944 1905 2980 2585 211 1215 4654 2184 3394 4795 2976 4841 4785 4525 3556 4097 4768 2539 762 608 4709 4356 2198 4808 3566 4286 2607 4135 3349 3568 3621 1500 2213 1401 1148 3580 2595 1997 2737 4915 1075 919 2448 12 1168 1340 3325 3253 3918 1455 3208 338 3951 342 698 2612 4161 1616 3950 3338 2425 3280 2078 4489 2007 1946 1946 2768 4057 4702 3896 489 3268 1300 1326 3894 4317 1811 3189 1703 564 4593 1599 3839 3394 1660 152 4418 4931 1003 4384 4755 2534 3960 3189 2337 4244 2668 1224 3948 562 2408 2230 2225 3065 4287 2567 283 960 4739 2026 188 362 3577 3926 74 54 2624 253 817 3887 2926 4853 4201 4608 4445 4143 2689 3816 2160 2456 1975 4939 4629 3560 2803 442 2377 3279 1829 4332 3048 1550 4142 4985 4714 4755 2876 1793 407 1195 3184 3877 1990 4130 3584 2406 4282 273 222 3198 2672 3861 3572 4322 4334 80 2773 1180 4239 3894 78 3440 3963 429 1434 1364
2164 2368 1014 2750 4402 2465 4507 770 4804 2922 47 1676 3809 4290 2992 2356 3292 860 4788 2253 4118 3952 2569 2769 3834 3824 2554 3829 3952 3367 2281 3691 3903 3664 1905 733 1245 3385 3606 4972 4439 2911 1203 1964 362 3256 2374 2502 3638 662 4791 3260 3167 408 410 298 3176 2432 4831 820 3457 1273 4922 1382 4884 2075 681 3878 1869 4830 1637 998 4286 139 3508 4703 4653 2243 4560 1160 1889 2598 4688 482 3067 2718 4257 4551 2848 4248 138 2995 1183 4018 4576 1184 4647 124 4760 1148 2321 4968 52 1333 4168 3787 3344 3314 966 3745 1985 4638 2616 12 3945 4251 4965 2447 790 4433 1231 2363 2129 4799 2782 1057 19 2766 1847 1080 1985 4918 2366 1760 906 497 1300 3891 4616 4399 3812 3985 4794 739 1391 3154 791 2229 2401 3846 3395 1437 2459 4025 1882 1609 3105 1779 4995 739 188 3091 2430 1167 2022 805 4379 1008 4899 1685 2939 374 587 2566 2828 1545 1225 4580 2149 3045 248 104 3213 456 1493 2612 4691 4085 3022 3892 1689 1522 3132 4512 2669 4791 4667 3832 2733 875
681 2896 1565 2755 4931 3999 4039 4421 4685 559 1676 1055 1099 2404 4838 1901 355 4507 3400 4577 2084 89 1898 1205 4964 37 2404 4671 3864 72 3889 1197 2634 1879 3818 4125 230 2524 409 4083 1334 297 618 898 2242 2080 4474 4194 1084 2795 1671 3743 3450 2842 3835 4203 2381 3812 2626 1447 3562 192 2242 3019 4130 719 4100 2100 1746 3288 4182 4601 1504 3924 513 4127 4578 4453 2191 1428 1649 2927 3404 4779 685 1760 667 406 3686 3637 591 3133 755 1408 188 4532 4496 2261 3059 3156 3798 3561 4292 390 2462 2577 2145 1487 903 2962 43 1005 1866 1449 4621 2721 3676 1435 1978 3039 1194 3349 4789 514 1459 3549 3691 4914 1686 3889 2532 2093 2703 2479 1318 3953 1166 2527 3499 4081 3787 34 3001 2684 1758 2837 99 800 1885 3619 2223 3307 3021 2245 65 3701 1747 1747 3941 1515 3124 2808 3969 3639 4578 344 473 898 2043 2879 1651 4237 4850 139 718 2790 4944 213 2821 4483 4168 1073 2242 1930 2897 378 238 467 2132 1007 356 3213 4668 2306 1297 3333 4187 1722 895 3741
2444 960 3510 1492 802 3687 453 786 3257 1814 3809 1099 2007 1372 3181 1531 4761 3716 2660 3795 868 1664 3773 3924 1397 1165 1133 4672 102 1307 2608 3438 50 2355 3513 3475 2664 798 2461 1186 4155 77 235 4880 4503 4791 1911 963 2798 377 1780 4876 1611 354 2075 4273 2905 3864 2390 1300 73 3681 1846 414 2556 4035 1247 4333 4011 4301 4105 2852 448 4891 2526 4048 1324 1100 2786 3184 3562 4975 3716 3638 1301 2714 3514 4741 3589 2802 2936 3499 708 2978 3657 4033 3418 4767 4159 513 2993 1796 794 2883 3574 809 1338 3519 1283 3042 4467 4920 25 2257 4492 1971 4944 694 879 2921 3210 4064 1733 2643 4021 2267 2872 1407 1151 3336 2287 31 2362 2243 2368 3151 1820 3635 1375 3849 4209 4092 1484 3454 2345 1738 3793 3898 4572 1344 2537 4475 1830 3461 248 97 1767 409 3770 2251 4657 311 256 4803 4860 4238 2315 2021 660 3783 3132 1426 1503 2796 4439 3918 1462 2906 2203 2257 593 1655 2940 22 2247 2424 4534 1065 2934 4851 1291 2590 4210 4919 363 3897 2979 450 4466 1048
3793 2696 222 283 3297 1886 3070 1175 2484 3373 4290 2404 1372 3851 2640 439 4500 3279 4992 3232 2650 4360 498 311 795 3511 1743 3136 1218 3013 768 2834 2518 4198 2986 2483 407 1445 971 3289 1084 2889 4362 4665 2759 3948 4154 2608 603 4102 4131 900 1059 4585 3423 3839 1062 2633 4840 2932 4576 2958 1827 3047 391 2591 3284 3450 2314 4313 4721 4780 4890 1204 230 3085 3826 3593 1458 3242 3716 3205 2972 2713 2602 1721 1924 2331 4079 284 938 4261 1816 4096 927 632 412 235 1898 4734 2930 2516 335 4718 3242 3771 494 1958 977 1179 1372 1248 1500 3439 3059 4553 4617 596 3064 416 3091 44 959 1472 608 3925 4075 4561 4651 775 3184 3450 1788 651 4054 1208 3227 2087 3243 3969 4086 3410 909 998 1508 4624 4627 2186 4074 4821 3963 4870 1958 281 4088 371 866 2766 1800 2407 4933 119 4420 1381 3505 2328 4027 4966 933 803 4658 2481 869 1504 4489 3258 1916 1672 990 1044 3897 2113 2310 1850 3694 4069 1166 4433 3763 1232 3624 530 2668 2368 749 391 3667 1139 3497 2366
1529 1321 2627 2712 1855 3905 2801 1250 3634 1123 2992 4838 3181 2640 2129 3651 4298 3049 1678 3582 3497 4027 813 530 4414 4467 1010 3445 1215 881 2809 1604 4206 3007 3703 328 2743 3244 3592 2192 2388 932 4604 1949 4735 249 328 2040 1374 2846 4216 1855 3851 1844 260 4414 2314 2776 2219 1308 4911 2452 2545 1986 2028 395 1796 973 1762 3079 1036 2562 3362 4747 4138 4462 943 2154 4517 41 614 296 3535 3177 2399 4304 3278 220 2237 1033 1050 3993 3102 113 3130 2720 4975 632 755 2372 238 3632 768 3695 4659 3493 802 4476 3451 1134 3258 2238 4731 1092 4095 3390 1467 4064 1367 2984 3444 1556 4098 2431 2517 2303 898 4970 1917 2467 2212 3642 34 1027 4581 2043 797 4005 4482 4666 977 3536 2721 587 1523 2868 433 3779 4547 2253 122 1030 4504 3652 206 3760 4714 1778 3309 992 3720 4358 4565 1294 2127 3046 4300 4366 287 1030 1340 827 292 3383 4242 2789 683 4453 2370 4820 499 1056 2691 2399 2759 3786 4473 4760 922 2221 3430 1564 4917 2894 3671 1033 1404 4537 2078 101
973 1479 3052 1188 674 489 4903 874 4623 844 2356 1901 1531 439 3651 3516 3277 2119 3090 4603 2188 3837 1583 1030 2468 4186 4516 2656 4846 1798 3579 2654 12 4733 4145 4165 3957 4284 3916 4553 4648 4809 3290 731 681 4417 3079 3161 1008 2771 1453 4645 195 3051 3288 1380 264 4118 2134 1933 4630 3940 1165 3075 2103 4314 631 2580 1513 605 3934 1616 3072 1792 4678 4345 2336 2190 4663 542 4467 1863 4459 2449 2260 1920 4326 3032 2446 4844 4414 4318 2389 1432 3498 85 4203 3346 2193 411 3338 1078 302 2499 3948 1243 1957 4780 1636 4198 4979 3711 2376 2294 4992 1675 4362 3487 1982 4451 825 3211 678 2552 850 1814 2737 2902 978 2114 221 1975 1321 3664 2060 2185 358 2282 2186 859 864 2822 152 1758 4663 2450 4703 1187 533 3483 4562 1233 277 4103 4279 4613 2738 4515 4351 4893 4365 124 1955 3958 3197 1683 2111 2505 2778 1100 671 2126 3675 1752 864 3528 4964 3655 4711 3997 973 3357 1235 754 3614 3182 1770 439 2432 4566 600 885 3727 3990 1820 739 3255 177 496 4498
2380 4011 4096 2005 823 1538 3201 4013 3028 2510 3292 355 4761 4500 4298 3277 1701 758 2025 4755 176 3666 839 3622 4367 3389 884 540 4461 4358 3369 692 2566 959 2024 160 2627 3049 2943 3749 1040 2762 4517 2469 1825 4139 4234 1393 2497 4221 3273 307 1693 2388 3434 4305 330 157 3343 2250 4806 2866 3117 208 4352 3018 160 4258 1904 4917 4955 968 2021 2694 1546 3199 1764 3958 2580 4163 4069 4747 145 35 1411 4203 105 1836 2244 1695 653 3156 3877 4604 4631 2044 2384 1488 577 4935 3282 4068 2790 59 2746 3741 2445 350 1559 2408 3008 4731 2675 1011 1420 3827 4432 1197 1638 3134 482 2799 3701 1120 4878 2837 2092 754 2614 428 4478 1976 3731 2438 945 3163 1032 1721 2033 623 1694 4293 776 199 1212 1986 4089 3516 1980 2557 2095 748 3731 4246 4595 14 4592 2703 1059 1642 4776 2652 803 2009 2448 677 883 107 3306 2755 973 4931 4226 4292 1878 1252 1304 1218 3437 3714 4597 2949 2387 3469 1888 2427 3787 4914 3946 2806 26 4724 904 1206 4500 279 465 1792 1785 3196
4147 1147 875 3172 2496 356 3161 4840 3522 2650 860 4507 3716 3279 3049 2119 758 1387 3408 138 4443 2330 268 2928 2349 3826 4234 165 1915 4880 2490 2124 1769 2517 605 3910 2804 2757 3619 2558 841 2346 4094 1190 3300 4843 1682 2801 2467 397 1344 2827 1087 1114 3472 1908 1557 1934 650 885 2832 4183 753 2542 2028 4392 4675 1235 1129 613 2551 2199 603 4448 2828 3602 4749 3996 185 4431 938 2655 4116 4895 3185 3346 3038 2432 3726 2137 2801 2634 3427 3688 3290 4139 2616 4083 3123 502 620 2174 1252 3201 1301 4098 629 3990 294 73 731 1153 796 4409 2153 404 3135 625 4385 766 1695 1160 2588 1300 4359 4377 3440 118 1441 1552 4642 4999 3684 4527 1997 989 1860 4375 4003 1560 1373 1708 4568 775 3827 1162 166 963 4750 4375 2365 4705 1184 2645 203 4658 4402 2028 3519 192 3396 2009 4146 4497 4646 900 291 1739 4514 533 2183 4642 4669 2408 1741 3482 1758 1877 4745 995 2618 1273 3467 1735 4377 4219 4077 3849 706 1248 1145 724 4251 828 4690 720 1497 3592 2949 319
3497 1819 4168 4648 374 4149 2970 2445 163 3461 4788 3400 2660 4992 1678 3090 2025 3408 4846 3543 2193 1918 1084 1797 3607 3469 3189 4223 4601 3143 3171 4867 2058 2599 533 2192 4157 1442 3841 1980 3591 2890 355 1557 4708 4785 412 827 1905 4625 4187 858 3765 3429 518 2974 1767 212 2698 4548 4319 215 3684 3497 3961 3489 3272 3482 2351 1206 1380 265 4296 4026 4472 4434 4771 3668 3378 1750 4912 1589 3169 4337 2540 1255 166 2474 3340 1688 2328 3697 1380 2454 3657 4254 4458 1157 1428 4581 706 3045 3015 2351 3840 2345 2554 4878 1461 2660 3436 4551 443 1332 1121 1750 837 4534 4020 2123 3095 1579 4416 3674 3579 1666 4334 1587 2045 4825 2432 3384 557 829 156 2237 1096 2761 2215 2746 632 415 1567 3310 4858 3712 179 1822 2456 2633 26 2932 95 3818 1367 3758 849 1942 3977 1686 4489 3332 759 4976 1847 2094 2304 2840 4175 1260 3842 2539 225 3894 3018 3060 680 1741 176 572 4742 625 3265 3190 1767 2882 3250 3936 1042 1702 1263 1240 118 3523 1541 102 2078 949 1048 4002
2341 3259 929 1427 2343 2453 80 3127 4283 2487 2253 4577 3795 3232 3582 4603 4755 138 3543 3110 1875 2452 4831 991 2247 3134 2387 1998 4121 3069 1335 3169 1672 4650 1073 4942 1152 4885 4315 2866 1542 1113 2693 217 408 887 2028 1037 4595 2681 504 3013 158 3769 1648 4080 3623 4500 3410 614 3455 1635 3904 3091 2590 4968 4714 3249 849 899 658 1219 628 3323 1137 3739 1970 1884 3615 3304 4816 4158 1886 4357 1411 2150 4311 1596 2773 4335 1896 4046 1277 2547 3805 3640 1284 1415 3800 1797 4477 1920 2062 4454 4655 1397 1309 820 4648 2931 3984 3640 58 4670 3753 1172 3891 632 3528 1328 467 3022 123 3443 3270 4445 3977 1454 3753 3414 3884 1970 4163 398 3926 3924 3882 2351 2463 4198 3786 2702 3216 1252 3740 2301 1603 4018 3296 2634 4275 4780 563 281 4194 1083 3297 806 108 999 3584 2332 4500 1078 2164 4186 1845 3298 3959 393 401 3653 3100 4275 624 1026 4933 1447 1385 99 655 2174 2522 3050 587 2055 4963 2962 4217 922 1986 2831 2812 3474 277 3243 911 3649 2027 682
3428 565 4699 4925 2736 3335 4327 999 1684 4516 4118 2084 868 2650 3497 2188 176 4443 2193 1875 655 1415 3127 4197 1113 1910 3098 3841 1641 337 2251 4412 1284 711 1701 2313 4583 761 2769 1256 4357 4204 954 830 1137 1383 3816 764 3700 2152 1320 2866 2683 1811 1208 4182 4243 1085 3354 1169 2498 4906 2931 100 4760 4328 1285 4241 1843 1482 1862 964 1836 2350 1268 2810 4495 30 3950 2316 3745 1453 3343 4574 4865 2586 314 1528 447 481 2962 1016 4227 1963 2090 3136 1381 577 286 2558 3445 3738 1493 3770 1421 2054 3889 90 3274 4383 2600 2313 932 1715 2764 1257 150 2239 3511 857 1054 1227 2289 1078 3025 81 94 2062 2593 1627 4353 88 2929 4874 2508 1139 2262 1786 354 1477 1764 299 817 4613 3149 2297 4529 4300 2117 10 2504 3631 504 3990 2324 2890 2382 85 4901 4003 1784 2845 3496 1897 4871 4069 2726 1253 68 2536 1400 4573 2153 4092 132 4870 3982 3621 510 54 168 3532 4917 3530 1050 191 3598 3527 2084 4547 19 4705 1893 1595 1007 739 4177 3503 1714 3733
3630 462 3590 2213 2282 4651 3106 3368 544 3918 3952 89 1664 4360 4027 3837 3666 2330 1918 2452 1415 491 2946 2294 4427 287 4493 2684 2075 2594 1672 1479 4771 4144 2159 3354 3771 2077 610 1731 2937 1708 3449 2872 1495 972 1464 3075 1462 400 3802 1447 1943 1291 4015 215 1828 4595 1838 3787 4779 3415 4171 2741 4204 4266 3532 254 25 4610 1167 2397 3904 41 2491 450 464 4788 3310 2159 2438 845 331 380 1388 304 4328 341 311 572 3335 640 4736 2380 3466 3793 4719 1280 4911 1836 3088 534 4403 4107 4638 2213 1368 652 2821 2694 4737 578 3128 4493 1434 130 3161 3267 4985 4758 486 4798 1575 1641 2494 2666 2031 3974 1387 4001 2104 2964 4386 1989 3196 4452 2618 2034 1009 2092 735 462 563 2038 1637 2893 2823 625 2061 3594 1386 3504 3233 1255 1050 321 2164 4346 3311 3069 226 914 727 3744 2761 1659 2741 4656 1389 3189 2654 4051 534 4181 1598 64 70 1988 3491 105 2909 1783 3331 945 1527 3663 3547 2033 1762 1066 3612 1667 2589 4959 4564 830 2953 3053 4137 3273
4238 4949 142 522 2867 3518 2554 3830 3545 1725 2569 1898 3773 498 813 1583 839 268 1084 4831 3127 2946 3364 4789 1572 267 3818 1056 3658 4373 2908 80 4795 192 2505 4003 3076 3295 2362 949 589 2701 1998 2132 936 4177 1882 3972 2172 1819 801 3834 3533 4094 1835 2373 3019 2068 363 1249 3147 1021 3512 1851 4935 1965 3180 758 3623 2593 2127 3675 4411 595 2256 3522 821 837 4642 4279 3050 2477 4791 2624 2989 1023 2995 204 2301 3014 3847 3789 654 2767 720 1664 2188 4796 4715 733 1653 37 3041 3721 613 3670 4103 1319 1782 4829 3955 2769 3647 2423 2003 3375 2378 2816 1547 1779 2678 3410 2326 2346 2561 1059 3769 3992 269 4456 2460 1071 698 1052 1059 3590 2715 1870 1011 2772 1091 3110 4379 4084 3173 3829 240 402 1964 1871 4055 3778 204 2711 3673 1340 4935 2680 4040 1915 3596 733 2874 3635 2270 3367 4451 4175 3960 3475 3533 823 4481 973 636 4082 4648 1018 4289 1434 2521 4609 291 2289 4730 1020 1287 1983 2999 3193 1035 1750 3616 4828 3654 3474 3718 1734 1737 4007
4327 2403 4389 3125 1102 1397 3241 1814 1245 944 2769 1205 3924 311 530 1030 3622 2928 1797 991 4197 2294 4789 4792 4493 920 842 4762 1693 443 2780 1826 1741 1561 386 4102 4952 3443 3153 2200 1762 4870 4721 3961 3978 2455 4313 318 1870 1781 2631 1033 1810 2202 4937 2343 103 3329 3629 1052 258 4308 721 2501 2585 4913 1442 3409 834 899 188 2372 3295 2496 4708 3168 1208 4152 2960 3955 2346 2673 2640 626 3440 1669 1289 1013 1593 3107 2209 4355 2628 1367 4647 1999 137 842 4033 3772 885 4574 2586 4487 4534 130 595 562 4838 3246 3489 4533 1295 3389 2330 2678 3298 228 231 3469 4436 2863 55 2082 4339 760 4147 2057 3617 1690 1732 4405 1439 4367 3928 3574 3421 3497 1407 3693 2427 919 4008 4025 2655 4693 1193 4821 336 1603 4231 2247 2941 3279 4354 3691 4317 1694 257 4969 109 98 4827 4865 3732 1704 2835 3110 2343 4192 3082 3605 3925 4313 3494 36 2128 271 1170 3859 4094 3143 3147 1402 721 405 60 3270 2721 2814 2851 3984 4745 2184 2196 1003 775 129 3628 2344
1200 281 2711 604 192 2000 3756 2573 1337 1905 3834 4964 1397 795 4414 2468 4367 2349 3607 2247 1113 4427 1572 4493 4351 2751 508 2146 3921 2909 3082 474 1837 1658 4981 3249 1778 637 3736 789 2608 505 3715 2985 1309 2074 3685 573 1936 159 3380 4738 851 519 292 4327 4220 2027 4397 4023 4208 1754 1743 2623 32 1197 3967 3532 414 3305 4553 1189 2969 1331 285 1973 4434 2735 1057 3208 3879 1321 4415 2157 580 1223 141 3373 2559 1007 2893 1485 3933 3747 3566 4279 4054 2169 2217 2593 4314 4693 1044 4278 1848 1409 2047 2665 2772 3161 112 2089 974 246 1799 977 2189 1426 692 4128 4017 1561 4940 1557 2417 468 2594 2475 2030 4601 2823 44 4162 688 1831 1863 1226 496 334 3384 770 1813 1518 3500 4958 531 1982 4420 884 39 3650 596 349 435 2900 2004 4717 4373 2222 2578 349 64 3189 4195 99 4593 1797 1867 2104 637 2248 3282 4157 773 4204 509 2178 3562 2335 698 650 612 187 1201 3431 50 345 910 2433 2598 1800 2659 2541 1794 4923 3734 631 916 4643 2660
2592 1893 76 152 1119 2262 2622 2276 49 2980 3824 37 1165 3511 4467 4186 3389 3826 3469 3134 1910 287 267 920 2751 1771 1253 1814 2496 3089 3813 4310 3188 15 190 791 2084 627 2356 1125 550 553 3021 1852 1002 2538 664 1065 2069 3112 231 1604 3724 1331 2827 1990 2020 3412 1747 1516 3883 2509 1826 576 4515 4977 2801 1495 756 3364 3972 218 1084 4758 2089 3481 4729 1351 4781 3317 158 4553 1876 2353 153 1385 774 1200 4230 4329 3082 3779 3579 290 1647 1207 4656 2275 3516 4679 2726 2403 2620 4855 3245 3548 2252 3389 2726 745 4307 70 846 522 4562 3440 3984 4746 3172 1125 3113 2006 4232 3530 3775 4766 2492 2639 3614 272 4167 1397 4572 890 2141 1907 2384 1764 1172 4113 265 2193 4905 1763 587 4912 3494 937 614 3720 2221 1910 1083 141 121 2890 4789 789 3965 1054 3096 1962 581 4546 2486 2239 1206 920 2356 4470 4088 2150 1145 2053 3909 2835 3356 2151 2011 4539 94 4369 1228 25 2721 3265 3536 3672 4390 3841 1113 546 1164 2296 965 4121 3031 4729 913 181
4825 4020 3962 2495 2662 611 1422 1930 4900 2585 2554 2404 1133 1743 1010 4516 884 4234 3189 2387 3098 4493 3818 842 508 1253 4238 3022 4155 1414 2596 2233 4943 128 3407 4781 3576 1535 667 3977 1561 1704 2124 4043 1615 4014 2350 1010 2126 443 4633 3074 3289 2131 3887 2450 3185 3273 344 4399 4732 3664 1738 4139 2983 581 4555 4027 2652 570 3813 4629 3258 2960 1793 2347 1479 4020 721 1072 432 3914 302 2019 1343 4983 2917 1681 4129 3817 2959 2193 2960 2859 3681 3657 2905 4715 4070 4339 4203 2688 1151 3004 1350 3024 380 2009 3337 1321 2430 1406 3292 1887 3091 2555 493 2966 81 3570 2676 318 1829 4612 4535 4188 186 839 4362 4138 4774 2430 3247 3760 1941 817 3717 3210 1974 3081 4039 2039 349 1364 3439 1854 466 1479 2438 1182 3341 2507 3438 3938 2582 4757 2219 4744 768 1897 3939 2540 1452 2610 3495 3846 2311 3319 2928 2825 547 4787 2541 2784 4504 613 2979 1795 1137 2996 356 20 2743 2895 2453 1752 1362 798 881 718 3939 1527 1687 2893 3055 944 1969 3028 488 4569
2323 492 369 1012 3174 366 904 4036 280 211 3829 4671 4672 3136 3445 2656 540 165 4223 1998 3841 2684 1056 4762 2146 1814 3022 3796 306 3247 2419 222 3400 1337 3508 1967 2061 458 63 2009 1002 1107 4491 3111 1718 1241 246 3551 3295 4185 4837 2045 74 3799 3783 859 4603 1463 2896 36 4431 3267 4709 2684 4018 2560 1633 3597 2720 2852 4843 819 909 2507 1506 1707 4788 4803 3707 4426 3227 1907 3194 3344 1671 4099 4668 2142 3588 4520 407 4301 3090 3998 2441 4168 2658 3488 349 740 3550 3148 1642 3662 4518 2158 4805 1837 947 4125 385 936 3781 3160 4828 3372 533 534 2057 2980 167 15 2988 99 2328 444 798 3483 1062 752 512 3520 2969 1649 1398 373 1251 3676 309 1335 4877 245 4773 1074 1618 4274 2417 2928 3530 1395 2653 1187 4452 164 1370 2918 2754 2561 2565 2156 1353 846 2094 543 3934 1760 3001 2377 3489 3959 4971 885 2131 3259 820 3638 3455 3636 109 115 3169 2163 4999 1912 3465 2396 4714 142 844 1749 2057 707 4949 2180 2006 2888 2831 3438 3673 2583
2751 3240 4811 333 3215 2464 36 832 2465 1215 3952 3864 102 1218 1215 4846 4461 1915 4601 4121 1641 2075 3658 1693 3921 2496 4155 306 1225 169 2203 1627 3193 3326 4575 2460 1891 220 3702 2380 2375 4224 1159 2346 2799 4568 3537 206 402 4282 1362 2699 3555 3300 2350 1850 902 134 189 931 3243 1885 3708 2219 2434 556 975 2484 4176 4848 3592 1274 4253 3152 3460 3499 236 698 4751 671 3418 4448 802 2489 2138 4964 4530 3895 89 4399 1219 233 1823 301 1208 4059 2080 663 3300 3063 329 2830 2651 1857 3761 2404 741 1719 3181 1898 4620 641 1384 4434 3040 1251 43 3255 535 4971 4374 3367 620 3885 4008 1924 3723 1329 2072 1184 371 273 1522 1592 1394 903 4160 1130 119 658 1369 4571 2679 2697 1585 3880 4394 3874 978 1664 2719 2254 2066 861 1382 1933 278 2845 63 365 2795 3544 3001 1878 2964 1687 1118 1728 4951 4318 2436 2555 3025 532 1283 1582 3199 3660 1272 2023 3041 2934 477 376 3904 452 162 3957 238 1327 2047 3101 2690 2238 3153 925 2491 2972 1950 3923
2809 549 3450 1819 3942 3666 957 280 4980 4654 3367 72 1307 3013 881 1798 4358 4880 3143 3069 337 2594 4373 443 2909 3089 1414 3247 169 1938 4399 3425 2852 3241 2331 3645 4833 1040 2187 3266 832 3678 4364 529 995 809 292 2849 840 920 2520 4421 677 4544 3594 1769 2296 154 3244 3538 1297 4439 1872 3993 1507 4962 3750 4939 3915 1423 4236 4918 4088 1829 2586 1336 817 4944 2675 2244 3734 2386 1183 3808 969 3954 1159 2002 4120 3893 3554 4229 2729 4602 1348 1463 3164 4490 3806 3338 1132 3135 1334 558 3397 3577 811 2821 4831 2794 4789 485 2550 28 577 598 2086 2953 2680 3237 1983 4971 1607 4968 2341 2894 1363 3369 3707 4815 3730 4316 468 417 3327 1785 1379 1908 1897 3323 468 1648 2532 3773 664 3060 3052 2168 3655 2475 4206 4277 2261 4953 1662 3128 4230 3638 4310 2525 3284 110 3112 3411 957 907 3436 1697 2670 4330 4440 852 4519 4693 3241 3596 3445 4384 1917 1341 2297 509 950 1762 3676 4017 4649 4053 3144 3518 201 3144 1699 2714 760 2468 2270 2575 151 2511
4616 4582 3490 2672 3686 625 4998 1810 207 2184 2281 3889 2608 768 2809 3579 3369 2490 3171 1335 2251 1672 2908 2780 3082 3813 2596 2419 2203 4399 4127 3936 1455 2995 1894 827 4719 1206 3382 3153 833 1677 686 3319 3552 2707 1112 1684 4832 1644 3811 4381 3593 1548 4796 1488 371 3967 3293 3598 2809 4188 741 2491 186 1522 326 1921 2723 1145 2987 2238 603 1464 2149 4911 4976 3260 991 2066 2763 4068 3955 113 4321 3724 3313 3836 542 385 340 3034 2843 4499 1680 4958 1962 2309 3604 2965 2378 3056 1424 4467 3800 3364 3898 4896 2949 1803 358 4659 4196 1802 4899 4731 1562 3555 73 2667 3666 788 3587 1143 1118 564 277 3405 4454 86 3381 3089 1464 2721 2479 1313 3380 3355 4315 3958 4939 1734 2842 4195 29 1658 383 412 246 2352 544 2160 878 4022 43 4324 3438 4351 2199 3419 4056 3100 3580 3495 2733 4022 223 4094 268 2872 1702 2871 2553 1613 1286 33 4880 2940 4600 4990 2116 992 1346 2481 1612 1348 412 523 332 4000 4837 4191 4657 4361 3242 1401 3398 2497 1461 1751
3058 3522 1510 4932 620 1203 103 1998 4571 3394 3691 1197 3438 2834 1604 2654 692 2124 4867 3169 4412 1479 80 1826 474 4310 2233 222 1627 3425 3936 4371 56 950 4842 3604 4010 3667 398 4962 3967 140 2918 102 1826 1675 4291 2284 2760 1939 1399 1456 4671 118 817 3177 1292 4130 2454 2726 1589 3264 4788 3291 4008 760 4457 599 3575 199 859 4020 1740 429 4302 1514 3272 998 716 3139 1978 4716 3171 1840 4223 3507 935 3140 4505 2088 4892 1346 1501 3389 2716 2824 3265 2858 3292 857 3842 3346 1252 4267 3476 4262 1685 2560 2818 3202 3012 3582 3098 461 193 2327 2040 1505 70 1340 2535 711 146 4119 1045 4672 1597 1045 1926 488 3862 3764 2311 2686 4308 3453 1657 273 2442 1834 3575 2664 2783 4912 1156 4761 1539 3517 2285 3644 4115 4380 1586 3383 3757 4556 943 2868 348 2191 515 1182 2629 2633 134 1287 3985 1124 4954 2211 4070 1970 4977 2249 4947 3854 2540 769 3217 4131 354 3287 669 1927 4203 27 250 2106 1763 1207 3512 3196 4893 1058 4321 1601 476 2167 2402 1999
300 997 504 2857 966 4237 1812 237 626 4795 3903 2634 50 2518 4206 12 2566 1769 2058 1672 1284 4771 4795 1741 1837 3188 4943 3400 3193 2852 1455 56 1228 3204 1951 2460 2325 2367 594 3765 1427 3878 72 3914 4422 753 3668 638 2809 4968 416 1601 3739 3828 4856 521 3608 1751 3904 4919 4164 2072 4312 695 797 4005 3907 2129 225 4269 3036 1916 2807 223 1291 3382 3631 1566 3953 4428 962 3963 3033 1249 2746 572 1903 1277 4011 909 3211 2562 2384 1130 1925 854 2191 3578 2547 4295 1926 3971 1049 234 2048 2669 1244 1629 3882 4882 4290 2254 4729 825 3887 4185 2719 1056 1119 4477 3370 4078 4039 1884 1769 1628 2423 1819 4504 3638 2653 3213 102 4319 3152 330 447 1704 1119 901 3934 1679 3347 700 2871 2422 952 765 1422 4204 250 3021 89 2367 4078 2552 2489 4322 2298 524 4506 4571 1762 4535 4706 1699 3181 1176 4370 2983 1750 333 4141 649 730 931 498 2324 4313 1261 2578 1530 3516 795 4950 2029 4331 1080 4469 3977 1340 439 4157 3945 38 2549 637 4581 3922 2204
2559 1334 285 2332 552 4304 1148 1867 3523 2976 3664 1879 2355 4198 3007 4733 959 2517 2599 4650 711 4144 192 1561 1658 15 128 1337 3326 3241 2995 950 3204 1837 3253 3694 3340 1073 3687 723 2086 3679 4969 494 1109 4489 815 2674 711 3785 4622 289 4886 4696 1275 2998 4073 2056 1489 1490 3498 4270 903 534 4837 4328 2137 1752 4509 476 1859 3207 1255 1401 2173 1957 4053 2557 3427 183 3917 992 2365 4789 4690 4163 1760 1363 3374 166 195 1925 1760 1982 4853 490 3989 1889 408 4679 2637 210 4316 1120 2263 1088 1578 157 1617 4950 564 2147 1118 128 606 4845 1126 3638 2588 1837 2851 3979 2696 3660 3895 3252 601 2822 4291 1765 3245 299 1025 3573 4074 712 769 4792 3671 2470 231 1618 4718 3013 189 2645 4713 2236 703 1990 3299 4885 203 2638 1921 558 3514 1762 3174 456 1720 636 3278 2539 1269 736 1732 3625 4679 2056 4852 2333 274 1123 1673 4354 604 1389 2602 2448 1674 2062 2887 181 3645 4613 400 2169 607 4788 1395 1348 4757 2784 2117 1038 3464 2432 1674 3427
1900 4466 2767 4432 2807 4410 4117 2402 636 4841 1905 3818 3513 2986 3703 4145 2024 605 533 1073 1701 2159 2505 386 4981 190 3407 3508 4575 2331 1894 4842 1951 3253 1552 3421 3438 412 2043 1801 1334 2138 241 3117 178 3620 3013 478 280 2124 3787 2446 4064 3871 2044 3188 3916 3660 302 2331 4921 4488 2351 2429 4152 2902 359 2217 3284 2031 885 3281 4982 4181 3747 1701 1161 3278 1463 398 2054 3628 2190 4576 3776 1082 345 4448 611 4239 4372 272 4336 981 4466 2912 4981 4716 802 4721 4061 4611 4186 4304 63 3477 176 2412 3458 2005 2011 2549 3012 2580 3902 4285 2261 2069 1225 2867 1065 4427 638 1428 2281 1721 4383 3940 728 422 2561 3277 1047 3187 2041 3079 3707 3549 1594 3305 4037 2920 548 1136 2057 346 90 3401 4958 1054 1970 3882 2050 3739 1810 2079 3934 2860 2171 1354 3038 902 2928 1317 2057 1965 4815 4485 3777 4138 4345 4316 2342 267 3924 4450 2631 1797 3247 4199 2036 221 3516 1845 3485 3655 1714 4018 1883 1345 4491 3636 1192 120 923 1578 4779 161 198 3225
3227 4635 4021 2873 1048 731 3113 3298 1581 4785 733 4125 3475 2483 328 4165 160 3910 2192 4942 2313 3354 4003 4102 3249 791 4781 1967 2460 3645 827 3604 2460 3694 3421 4018 1970 1193 4796 1768 241 2054 1575 806 2913 3110 4589 2339 1978 3313 1950 1016 2815 804 772 686 3643 3478 3259 3931 1202 4462 2416 4562 3062 1573 1619 4194 615 2000 601 1267 2291 4307 2090 4834 4588 3089 67 988 2306 838 1777 4032 3053 2424 1644 1126 3355 2396 3512 116 2087 872 4656 1294 283 2196 2512 4554 2173 3165 4435 937 1941 2978 4954 4612 1286 4611 2252 3907 2072 516 1620 108 2055 2903 2682 4153 1256 2786 4893 659 822 3792 186 1565 3028 2860 4726 4260 2394 2251 1926 2952 2215 2814 2628 4304 3452 3401 3915 3707 3614 314 2692 2900 3101 701 3969 2346 2504 3632 3702 74 4041 4157 4212 53 4263 525 389 4925 1451 4599 1571 621 1311 4437 4357 2442 4155 2605 769 1485 2519 4676 36 262 2395 1596 4369 4456 4027 3851 509 3454 4139 134 471 4865 2073 1266 2871 4678 896 2959 765 3645
4657 328 1358 2536 1668 4381 2465 1473 2377 4525 1245 230 2664 407 2743 3957 2627 2804 4157 1152 4583 3771 3076 4952 1778 2084 3576 2061 1891 4833 4719 4010 2325 3340 3438 1970 4323 3525 3093 4388 3064 789 1748 4536 3163 3177 3975 4484 2545 3644 2958 207 2424 325 3577 4450 1550 3937 362 2762 4152 2956 996 4160 2290 4628 2595 974 2197 4074 2591 875 1926 828 820 4757 1516 1858 3533 4709 4164 2283 3869 397 4463 4427 1365 337 73 906 1327 2128 2753 3969 4197 249 2265 2722 2373 2214 1653 1448 29 950 1949 3329 4997 3249 1870 4870 4008 1580 1341 3380 4254 3138 3647 4925 1381 4087 1931 3537 2546 1722 2634 936 1984 2995 2831 3541 922 571 1795 4595 4232 2716 3954 149 660 1793 500 2283 4489 603 2158 4055 400 3481 1649 837 4809 2485 1306 2965 1045 4857 2955 572 1114 1328 1695 4550 2237 3994 1784 3770 2373 2143 4452 4876 4887 2000 2305 1034 101 2174 389 4055 1697 2342 113 4453 3576 2825 1014 3720 4396 502 1367 1533 469 4580 3397 4481 4140 1653 1563 41 3531 4224
1940 1315 2183 1389 2985 2173 3676 946 4497 3556 3385 2524 798 1445 3244 4284 3049 2757 1442 4885 761 2077 3295 3443 637 627 1535 458 220 1040 1206 3667 2367 1073 412 1193 3525 2526 2814 2270 3979 978 924 3059 604 1137 3626 3711 1047 777 3681 4125 2898 4417 1197 3230 4279 3513 1857 3127 2720 4837 4642 2683 3985 2823 4833 4934 4751 2147 557 3881 703 1134 2297 1550 2308 1919 2226 1261 2167 2106 3556 3330 2070 3815 1028 768 2387 291 440 1008 327 71 4401 3984 248 4008 245 1077 4206 4818 1492 4416 4441 388 3658 3833 342 1244 4739 37 1995 801 1950 4122 2416 2659 1025 1027 4623 4011 498 4282 2641 263 2585 4768 3779 4767 1776 1832 1572 3096 4389 3229 1098 4661 4373 4899 166 1963 3146 2994 4668 4719 4230 2048 3319 4994 1040 464 2973 915 2888 694 4541 200 2473 4964 1353 4542 2797 2533 305 1226 2469 2433 704 4301 4746 300 4994 4523 1139 690 1503 1042 4681 334 2668 2485 314 1470 3588 3481 1603 579 2880 3976 4559 3777 3596 1060 3363 4440 3417 2866 3723 2175
1567 3083 1581 3399 4542 756 1425 2856 3514 4097 3606 409 2461 971 3592 3916 2943 3619 3841 4315 2769 610 2362 3153 3736 2356 667 63 3702 2187 3382 398 594 3687 2043 4796 3093 2814 328 2694 1797 2007 938 4024 2468 4581 3839 4037 516 1071 3494 2016 3153 180 1742 3807 2734 3210 3114 2327 743 4601 4221 4478 1327 2969 3310 455 3023 4248 4467 3060 4377 2294 4732 715 2483 3502 140 4837 2215 253 3957 565 1334 2400 3849 1290 2522 173 1278 4177 3309 4365 315 2661 3392 2645 3221 925 2418 2967 4687 4384 1288 1050 2215 3705 3460 59 1416 1143 1409 2259 1200 2193 1877 3111 3715 3185 277 4303 1277 14 3454 2168 3504 1469 3077 1424 3942 3593 4605 4159 3666 3965 4092 1068 1785 2503 3130 78 4038 3263 1300 397 4884 2187 2251 4698 1022 3383 4930 4322 4293 1447 1444 2927 4434 378 329 1613 3326 2405 562 783 3067 2439 459 253 2991 234 1435 2531 801 3029 2837 1334 1144 949 1824 3198 2710 4321 2162 4892 2105 3120 192 1343 2921 1818 3016 1123 4786 2714 4210 3427 4643 2803
19 3052 1475 144 2606 1174 860 2056 3785 4768 4972 4083 1186 3289 2192 4553 3749 2558 1980 2866 1256 1731 949 2200 789 1125 3977 2009 2380 3266 3153 4962 3765 723 1801 1768 4388 2270 2694 229 1835 3600 1336 3669 4349 4251 1348 4645 4810 2639 2428 3999 2709 2371 3196 3248 4619 1062 2944 1173 3774 539 1238 4477 353 4891 1836 3801 3622 113 3476 3334 4800 2684 1866 2755 3099 2500 4612 3775 120 3825 4180 3541 1573 249 806 2753 2388 4527 3999 1158 3893 2517 3047 3150 2110 4406 3202 4366 1910 3823 1993 3375 4583 2995 1664 2052 915 2782 3984 1909 702 2395 4305 4334 1496 1873 1503 2566 1845 1502 393 3802 4487 3321 2196 3986 1111 4150 1925 4058 1324 597 847 930 3347 4008 1871 2201 1085 823 1826 3781 4085 1789 3766 3459 876 4595 4564 1864 2745 3311 240 3316 896 1173 4574 4759 3408 3980 2246 1147 611 4272 163 3883 1032 268 3556 3926 867 220 4749 3711 3578 786 1964 454 1738 1680 3022 3862 621 551 2644 2470 2761 1259 4576 3539 2706 105 2761 3887 4909 4947 592 4532
