N: 200
M: 10
Symmetric: true
Triangle: false
8 81 96 33 6 52 128 69 147
21 58 36 73 79 198 68 184 97 134 111 101 27 17 62 199 178 117 49 9 150 87
20 125 8 66 139 194 57 197 115 44 129 107 102 45 89 4 114 138 55 104 165
19 28 18 60 51 103 67 177 65 76 14 168 26 80 174 5 109 84 131 130
19 108 46 2 191 94 145 120 56 106 15 195 53 185 37 155 140 63 141 121
18 137 23 72 126 47 38 99 181 193 70 22 13 88 41 118 77 133 196
18 74 61 176 144 166 132 127 161 158 86 189 183 192 91 112 82 162 92
21 169 100 154 179 146 75 113 182 190 200 29 64 123 16 1 90 164 175 171 95 170
22 3 142 153 135 160 148 21 39 149 105 143 40 122 48 7 12 119 156 11 98 43 20
34 187 124 93 35 163 172 167 173 180 32 151 157 116 19 30 78 83 59 34 71 24 10 31 42 54 85 50 110 186 188 136 159 152 25
4787 1036 188 1665 1458 2933 4096 3918 3289 896 3906 813 3551 3222 3065 4336 2672 2373 1236 1860 4952 3156 468 1535 4069 213 221 4873 2697 2135 2460 1850 1407 3036 1582 725 3766 3422 3808 1712 2034 486 2662 301 3866 4352 2485 3946 1206 3786 3861 4958 577 1870 2571 4219 2623 2664 2051 3124 4551 703 2706 522 637 1609 4709 2741 4712 1312 2787 3346 4859 216 792 4163 2288 3791 2132 4797 2795 3987 54 2779 1154 2741 4709 2417 2113 3316 3197 110 3312 4345 4409 890 632 616 4453 2593 3728 2301 2517 1351 4793 4087 3222 3410 3972 133 3647 4913 3289 4344 3071 180 4657 2332 3746 2761 3906 4923 2710 1627 944 3162 351 4149 4159 2751 1151 4359 2086 2636 3849 1235 1375 2218 557 2765 3195 3359 138 1609 390 2721 3397 3830 4092 4116 3648 242 1751 4049 2675 4693 2300 2579 3561 3760 2339 4888 1805 1401 1409 4533 1389 102 3728 1107 3999 1515 1412 4272 508 3775 2059 1351 2526 3073 1311 4755 2618 457 4402 2686 3500 1389 4484 3151 2886 1416 4436 660 2064 2004 577 111 4574 590
1036 216 2131 4965 16 1342 3950 4839 3687 1618 271 3777 2418 2836 1615 1359 1519 3557 491 741 4046 1270 2988 4410 3740 2784 795 1545 3431 3561 3907 512 294 922 3736 1467 2989 2267 1342 146 1092 3489 136 4239 1192 4984 4023 4420 4939 3696 4157 2059 872 536 1421 238 2843 3111 3861 594 1633 3764 1854 4709 1385 4942 3030 3953 4970 2955 2949 650 2160 1725 3133 4571 4480 2594 1678 3420 2230 3687 4080 4067 1770 590 2139 1416 4126 2778 3774 2470 3097 85 2742 325 4652 3967 248 1426 142 2703 3170 91 4235 4996 1224 701 3238 577 3318 2008 2590 431 3999 3772 2733 3490 2544 1853 1003 2765 4775 3486 56 643 963 364 1686 483 4415 4862 2705 1503 4920 2789 2582 2571 3833 4840 3380 624 3155 2296 4327 4589 3962 2797 2445 662 1088 630 2675 1602 331 864 17 3453 3633 1342 1394 1818 3178 3476 4624 3582 3440 4607 267 608 2199 4894 2098 3907 2990 1389 527 2491 933 3445 4543 3654 4339 2209 2406 1175 2764 4500 915 1300 150 2665 303 228 2312 4568 3136 4824 3740 4649
188 2131 3731 3688 1905 3388 4103 3084 1589 749 4037 2857 921 4829 1197 4559 4717 1002 2634 126 1029 3680 3273 2145 591 2894 4719 3906 3549 2205 2012 1650 3269 1694 1293 2466 2663 3377 2942 4006 338 4417 3363 4294 3239 1582 3163 4851 757 1969 4235 1197 713 1870 140 1566 3284 3620 3579 3332 220 3181 2074 3730 2810 1477 1144 1025 828 2035 1083 3793 2896 1637 4814 2284 1931 3986 2944 2932 1337 195 4546 1020 4348 3995 2477 2636 928 2675 2952 1634 2837 723 2115 3999 2688 1039 511 4720 1201 4670 4574 1190 1642 4669 3118 3707 954 2516 1727 3766 3693 3757 905 3532 2085 3159 260 4775 3002 4511 3444 4921 567 947 4479 1776 1939 1472 1161 1726 2697 2794 4510 2533 1359 3121 2353 4165 3858 1299 4506 2978 4475 2983 73 2258 4814 3287 2633 3875 148 4713 4642 1365 1493 4817 4039 2298 3438 4771 3281 3543 1506 4619 3864 3541 4343 1094 3189 429 4041 2965 3207 1947 2570 2210 4685 3948 2307 240 4463 278 658 4398 2816 3648 2389 4907 1429 1441 2256 1473 1571 541 295 618 4743 695
1665 4965 3688 361 2437 1558 2914 648 1138 4532 3754 1055 3597 366 227 2253 629 2037 2406 1418 142 1067 4658 2492 3195 642 3822 792 1960 3328 2877 677 1838 2917 3123 1883 958 432 4229 700 226 813 877 3851 1057 4601 3640 3314 2791 2219 2086 3255 543 4850 1703 3773 2554 3421 4110 4607 1485 2159 4656 4720 47 2302 218 3827 2756 1446 598 3548 3592 287 3098 181 3227 1600 2221 2367 3803 2760 2074 4151 4497 821 1483 2173 1809 3016 849 3001 4918 2631 707 3649 142 4488 1522 3909 1117 1412 3527 2775 2530 270 283 2527 4690 1708 4006 554 2451 1086 3978 3041 43 3864 3272 3068 1157 3135 1947 3968 3071 3332 3033 2288 1061 1690 4866 1818 4437 1224 2055 3132 4599 2342 758 3084 4378 3462 3557 4899 1648 834 2979 1255 4704 2978 4323 170 934 1084 2011 4806 68 4323 2181 1680 4802 2908 4822 1564 3973 318 644 918 4166 3444 4249 2881 506 2269 1330 3474 2430 1751 223 520 2263 4108 2541 2921 416 1673 2153 3571 4945 1068 4247 3140 4192 1465 3587 729 679 2203 1021 4408
1458 16 1905 2437 1691 4249 3676 4592 1407 677 1507 4703 40 2255 4750 2922 385 1446 1921 1603 858 1585 1932 2448 3047 2882 2257 774 4384 245 284 2112 4577 1591 3604 1989 4007 3115 2647 4318 3428 984 2809 4827 1308 1054 32 3283 1369 2782 3124 2408 1903 862 4535 1094 363 2972 3293 487 673 381 3605 3877 2294 4633 4537 627 3083 1567 801 4839 1920 3472 1796 95 4981 2008 246 2414 455 687 4523 3119 1138 2175 1412 2883 3936 3402 3362 162 4252 697 1631 4194 3053 3762 1091 502 3613 2937 4970 2765 4203 3718 1880 407 1271 431 1467 2205 2245 4458 4612 3765 3780 2257 3809 2713 4383 1045 927 1867 65 2764 4215 2140 2432 1305 2005 3107 856 2980 4642 3008 4309 3602 2616 3385 3066 98 1179 1954 298 782 1831 802 3267 2350 4718 42 316 3825 410 2760 2129 1103 3062 3451 542 118 959 819 4863 1797 4363 260 2204 4951 3491 4299 4592 3741 1351 4220 3012 927 1818 1896 266 2028 2555 4689 4119 2134 3574 513 3300 941 200 4188 1026 2647 3561 919 1990 4595 3051 2368
2933 1342 3388 1558 4249 3087 2187 4156 3631 2836 1236 4842 2501 528 4272 3357 608 669 4865 2275 980 3763 2713 1516 545 759 1842 4793 1305 1398 534 2874 3197 4117 4453 3410 472 2036 464 4704 1358 2572 3648 2116 1670 2059 2528 1856 2640 2478 983 3728 1300 2118 4131 3394 2078 4223 3364 1151 3850 4466 4968 570 4075 1897 3034 533 4564 1581 4709 4322 1056 505 1245 2631 56 916 4333 1270 3618 476 4145 3582 3843 3405 4840 2313 4157 1907 277 849 4124 31 2980 2886 4798 4537 2168 2163 3373 3031 113 979 4053 4258 1562 4677 1999 981 500 1638 3775 1919 140 2207 1583 4127 3173 646 3115 1973 3626 1427 969 2783 2141 2691 2868 1574 2883 2098 1694 1858 670 1160 124 2508 39 2851 441 4069 4722 4940 2356 4495 4306 4503 436 110 2797 1269 792 4003 396 4419 4878 214 3411 2171 4349 2731 21 789 727 1543 2990 4381 1654 2854 1962 833 4072 1744 2757 1176 2706 3204 1236 1190 3287 2307 1503 4087 1168 4175 2894 3504 2065 1450 4025 749 2398 2690 3925 990 18 4993 376 910
4096 3950 4103 2914 3676 2187 350 82 4246 3342 3601 4569 4823 4133 3521 1030 247 2474 2057 297 3464 1180 3715 3912 4913 195 352 2082 1219 3222 2217 4978 2324 2798 1097 2020 4249 1767 706 1400 145 3412 1184 251 4488 4232 350 3535 4388 4819 4520 3020 1654 1060 309 1558 2545 2364 539 1972 3235 4301 2476 1021 1414 2858 2167 3990 3789 2868 4212 3062 3429 3051 551 3247 3645 3565 959 1004 3546 105 4102 2306 2463 3228 3160 4102 1663 4907 4957 2365 4643 3582 1993 1354 3795 4676 2410 2804 1854 883 4779 2278 385 3949 4530 1179 4524 2042 2033 3273 247 3907 487 1432 2574 1227 601 1660 3371 668 2513 2798 3865 3069 4305 1596 1544 2350 3789 3336 378 2371 4401 419 3588 2625 471 749 3184 937 1054 982 1555 3146 2180 3526 139 245 4389 3217 273 1968 4958 4185 1394 2843 212 3103 2404 512 4921 4387 286 2014 795 4668 4980 4862 4037 3609 1327 581 852 1297 168 1950 2082 990 792 4669 4681 4240 1408 2732 1627 616 1189 4781 4379 3426 4524 4781 4207 684 3611 1339 3334 4271
3918 4839 3084 648 4592 4156 82 4471 4885 1121 4279 664 3196 3719 3651 3517 3748 3528 484 4115 807 1641 432 1298 691 2417 504 702 3747 4832 2787 4493 4881 875 714 3906 1013 3833 2748 3883 3614 4846 3667 3752 3705 4833 567 738 4929 892 929 352 3834 510 640 1288 2453 4559 1912 3817 3104 2055 1357 4912 1494 4125 2943 2111 192 1074 1000 4236 486 2691 2215 2552 4672 4471 4842 707 2322 273 3546 3840 3065 3904 651 3289 811 332 61 2672 4658 1239 4003 556 4076 528 207 897 3811 3768 1385 439 4314 3768 3449 4865 4269 2837 500 1113 2519 4078 1287 4199 3176 3066 4282 3776 1327 4627 828 4992 3191 3563 2528 4218 3252 4378 1157 2404 4991 1176 3662 2637 1263 4725 2530 237 3966 683 1929 1444 541 1191 4776 833 3207 997 1726 2498 934 1329 1093 738 4238 1722 2940 2806 3040 3015 3825 1476 1435 2477 3042 785 3134 210 4698 1963 1777 1079 1617 2134 1223 3752 4582 1738 3189 414 3431 3405 3558 4194 3231 2502 4660 1865 4978 3939 4312 3957 593 4845 3023 4142 4786 4108
3289 3687 1589 1138 1407 3631 4246 4885 2757 1121 293 1263 457 4991 3095 2262 623 719 2088 3653 1558 4350 4337 2401 760 582 3251 1047 2408 521 1827 4546 782 2172 2038 4856 3906 3117 4453 3939 117 2267 3244 3903 553 603 1829 4830 3914 2584 3584 1016 1483 474 1280 2993 1804 1226 1239 1592 3707 2850 4452 1810 2417 531 3535 1014 3177 1527 3465 3605 459 2612 297 1350 2982 571 4939 3053 3789 1720 4777 2374 3485 3348 416 1336 966 1342 4124 2328 132 1583 235 1048 3313 2903 2463 589 3072 3168 105 2380 1991 3921 1622 2987 4351 3862 3245 3039 2386 853 2374 599 4298 79 4309 153 4795 3936 627 787 2138 2178 4907 495 4124 1752 2663 4441 620 66 1468 4388 3885 4764 703 2107 3896 4964 3064 2693 71 1292 4692 2709 2171 3542 2117 4579 3613 2891 2274 1360 193 2125 2221 917 899 3504 4691 1734 3317 2813 2179 1474 3840 1098 1993 1847 897 4481 4610 1796 3015 2500 3014 192 2636 2342 443 2588 905 3165 1750 4274 4679 3346 4133 2647 616 3718 375 1965 4676 1819 4518 1350
896 1618 749 4532 677 2836 3342 1121 1121 2345 1011 1293 3107 604 3945 3221 634 1695 3448 3300 3270 1927 4401 3505 47 1400 1424 4627 800 2396 4185 1530 561 3272 575 2097 1239 3344 3628 2520 2790 2104 4811 73 4231 4885 3245 1292 4699 43 3766 4455 2942 1887 3347 1216 2098 1514 2871 3082 4142 626 392 1694 2794 1122 1841 1397 3759 3842 1370 881 3399 1222 3976 4840 297 2727 715 1344 2270 4330 2497 3936 101 13 1964 3136 1271 3587 4672 2420 3499 2271 1228 407 2533 814 2385 3354 304 2112 1365 3753 907 3433 21 4749 314 539 4896 3289 3762 1811 3232 235 3328 2843 1042 340 1166 1184 830 3975 3773 3116 3193 1501 2766 1828 1599 1898 964 4674 1013 3612 557 388 3402 1618 466 3201 1971 1140 510 4448 522 4992 2766 3914 1890 2881 4666 673 4390 1992 2395 2214 3580 1195 4986 2644 600 2899 2861 326 2536 4218 1348 4224 770 3215 2951 1031 4772 3996 2186 3601 2960 1957 3332 718 2304 1102 388 1492 1578 3710 330 3061 803 371 3759 3545 1897 678 4031 2857 2861 4069
3906 271 4037 3754 1507 1236 3601 4279 293 1011 2855 3752 3237 3407 3811 887 634 2058 3812 3603 1092 3036 4700 4727 4876 400 389 735 3150 4050 996 3251 852 4922 2147 2947 2891 652 4064 132 2225 91 2945 1690 497 3579 2273 2292 1845 1431 711 901 2527 4255 4719 4364 4986 3655 3276 3366 3553 1405 4747 3842 528 1181 369 3765 4374 3135 3853 1201 3148 4135 2958 160 2839 954 4928 1449 2644 2844 1602 2945 3825 1743 3362 1000 2474 2499 1072 4080 3255 2387 982 1416 3137 1574 2776 2906 1673 431 460 4736 3849 3076 4408 2732 3907 286 4563 3451 1078 3398 1513 4083 70 4247 2760 1266 2466 3105 1127 455 2954 369 4751 61 1608 439 476 680 919 81 2547 1526 4791 403 2627 4800 3403 440 782 3570 1347 1660 2174 163 2740 4120 3643 3107 16 4032 747 2703 4488 3423 3329 2818 138 3721 3972 4689 473 4215 490 1619 3440 26 3526 1173 4138 1659 1420 3421 4285 4367 2381 841 3175 4330 1177 2012 1817 4958 1570 3941 3352 2962 3980 3889 1181 1886 1982 2278 1606 3544 4777 4261
813 3777 2857 1055 4703 4842 4569 664 1263 1293 3752 1677 1695 2388 3495 529 680 4499 1729 1080 3751 3753 1215 1662 3580 3139 1820 1035 1721 1013 3389 2130 1550 4440 4816 4201 4151 4419 3429 2012 3215 4810 1326 633 1094 2909 4004 2010 4427 3906 3429 143 449 4154 4247 774 428 2613 1059 2027 2590 4545 3488 3319 3464 56 2255 404 4369 4410 3061 872 1203 3376 3248 3776 4037 3049 3162 3043 776 1266 3625 3348 2037 2837 3654 4082 2271 3927 3507 940 3966 3991 1015 1750 472 4139 2979 3896 1429 3439 752 4325 2420 2159 1375 2787 4725 684 2637 4192 4394 3560 1101 814 934 2653 3565 4819 4185 1402 4985 4550 4191 1017 2785 722 3854 1209 2083 1274 2288 3933 58 1770 2106 2282 882 1313 825 1651 285 3667 4484 1337 2144 2568 1216 3778 3997 2430 764 1955 2186 2614 3413 4857 844 1083 1727 2880 574 3521 3272 3841 628 3026 2976 3082 4638 2218 1331 505 3464 2224 3294 4227 4223 3128 3272 14 3781 2118 565 4678 1736 571 930 4614 49 2960 2595 3790 4981 3834 3318 2263 3346 1752
3551 2418 921 3597 40 2501 4823 3196 457 3107 3237 1695 972 3613 1220 3161 2921 2738 1061 4110 2228 4849 4041 590 3573 2762 2035 765 438 4403 4256 22 378 2165 1267 4142 4830 662 365 3485 4165 2892 4493 1015 3699 4764 3649 876 4460 1689 559 1544 3645 1315 2605 1311 1002 305 3659 2935 2950 1915 4975 3829 2034 3318 3552 2527 2756 2441 1982 2783 1915 932 1488 2544 1232 4507 4959 2085 4385 3644 3387 621 4927 243 2346 2141 1344 4881 1201 1511 529 4687 3600 358 4255 3381 1657 3214 3012 1414 1859 940 27 1591 1799 2597 4621 1702 3184 2575 3610 1773 3491 2754 3531 573 4004 4529 2602 2765 758 3431 3339 3853 4290 226 1909 2322 961 3643 3681 2109 2476 3717 4210 414 4289 3989 164 4158 67 4590 1974 4138 2085 1496 498 4105 3549 1666 4368 291 2284 3229 4772 2541 3659 1053 1268 2184 1089 4213 2073 4323 2752 3444 4785 3210 3821 1613 566 4260 1222 598 580 4182 164 2017 728 1143 61 1150 1764 2599 1642 2598 222 532 4560 4842 4751 4902 2992 3562 3755 511 2160 1417
3222 2836 4829 366 2255 528 4133 3719 4991 604 3407 2388 3613 487 3232 755 3339 1245 2433 1413 232 3963 2589 2632 3181 813 2731 925 3366 3225 3126 4610 4883 1473 4597 681 301 2803 1229 326 2946 3338 3623 2300 4535 1599 4872 4555 2148 3716 3806 2390 4324 3920 926 2942 164 4129 1238 1825 4049 3906 19 1337 532 988 253 1756 2919 316 4119 4307 2482 4481 3620 1418 2937 3983 4841 864 4802 2481 1752 2534 3704 798 4678 3969 4080 1233 417 1247 511 1541 1645 1358 415 877 576 3606 3842 1235 1352 2168 4703 658 4375 839 3552 920 1773 1945 3482 685 899 4093 4045 4119 764 4535 2489 126 2863 3963 4516 1041 2115 4146 545 3132 328 3777 2822 3050 1008 2146 2507 2564 3534 3979 4625 457 2971 1722 2843 528 888 105 3205 4530 4338 224 517 1473 3585 3715 4881 4904 466 4123 3142 1155 536 413 1303 4107 593 1159 2181 3642 4792 12 849 3758 4952 2304 3012 1440 699 1550 601 4273 2346 2726 726 3886 1903 3450 2662 642 4053 560 2790 2946 3744 2276 3576 2274 4433 172
3065 1615 1197 227 4750 4272 3521 3651 3095 3945 3811 3495 1220 3232 2515 2873 481 3300 3094 732 688 966 2185 2964 1687 3011 3928 3880 2031 192 965 1316 2480 4952 4519 738 1000 1447 2307 2497 3169 3524 4001 2054 4611 1383 3875 2428 4591 4695 134 4588 4311 353 1007 459 1351 3123 4588 1351 2445 671 1705 893 4092 1796 3199 1567 4966 1560 3556 4911 441 2933 3670 4548 2840 939 3914 4047 2477 1925 3901 4493 2957 3705 1404 1636 42 2068 3566 4439 4598 3142 2974 1823 1750 1625 836 362 812 615 3678 3064 2104 2349 2631 1658 4512 4192 2909 1296 4597 4482 2236 2767 2288 3826 2407 780 2056 1743 519 2257 3971 4480 3892 743 3820 432 2468 2848 3419 1361 2793 75 3363 2896 3685 1731 2474 4093 4604 54 3365 1330 2875 3956 4729 4918 2521 1998 486 1863 2356 3711 2518 4384 3918 2192 4636 2981 4952 1661 704 1329 3958 3521 3622 222 3179 2688 2264 744 3562 2414 2065 1182 4235 557 2616 168 513 3534 1140 2603 3755 580 3590 4011 832 132 2151 1711 599 1668 4252 1909 1843 3319
4336 1359 4559 2253 2922 3357 1030 3517 2262 3221 887 529 3161 755 2873 1982 4058 3350 2332 3109 4666 1356 3462 2896 1829 500 4675 3234 1490 469 4838 2416 432 3378 1318 2339 585 973 3892 3441 273 2703 3134 77 630 3129 1226 4959 3463 2190 4137 3999 4963 2190 3336 1551 1541 1123 4287 134 3753 1541 2415 1759 1434 3538 2877 1938 2648 1034 2918 3028 1577 496 1152 931 256 4075 1227 4928 2079 4244 2187 342 3629 4324 4116 3383 2691 2321 4794 3512 3233 4398 1028 1993 4054 1580 2628 2919 3655 3458 2435 2261 3021 2664 3417 3075 243 878 1350 3613 43 3653 238 2532 2871 1578 3472 958 223 2001 3865 3597 1665 273 2999 2131 1078 1546 3776 2931 637 1022 4515 1732 3438 4335 3772 3143 4696 3016 2511 2012 3148 119 4655 4633 200 4569 3449 458 2421 1205 595 1758 1749 1910 1172 4312 1791 1297 1226 3677 1696 300 2029 801 1773 4651 1614 63 1821 925 4921 3287 4186 147 2043 1536 3528 2029 1404 2763 1652 4953 4426 4133 3554 3287 1339 4759 2812 2626 1734 1823 3207 4946 1722 1498
2672 1519 4717 629 385 608 247 3748 623 634 634 680 2921 3339 481 4058 3713 590 2904 3735 1370 3433 596 909 4382 2076 236 1787 4703 3865 2727 4678 3639 1191 4691 4430 2167 702 2842 4060 1819 157 3150 68 2636 962 927 1583 2732 1339 2159 1280 1613 4545 3243 1633 2930 454 2468 1961 1973 2751 368 4797 1149 726 2411 586 4809 1945 701 4527 2882 1118 4768 2352 920 1515 3279 2009 4438 3511 3070 509 1285 601 307 652 890 611 218 78 2359 2288 3377 1355 4389 2951 3175 4436 2234 3459 110 621 1021 2303 2162 4094 2650 1264 2757 4927 3414 3957 1992 4784 4536 1025 1227 148 4736 708 447 1670 1886 4461 2621 473 1346 4634 1039 4864 3489 3396 4553 169 661 4090 4719 725 845 3276 4869 2578 4469 1335 512 3895 2625 4715 4098 4143 4232 1308 4895 455 4333 64 3388 1229 4448 3068 3250 4486 2409 718 4671 555 1664 2312 1367 2922 4431 4682 760 2979 2866 1275 1029 1046 3476 2880 4542 4289 1720 1543 512 453 2968 3030 3034 4484 4433 4731 4055 551 2366 4210 4832 4168
2373 3557 1002 2037 1446 669 2474 3528 719 1695 2058 4499 2738 1245 3300 3350 590 2528 1882 2365 3445 653 107 3635 65 1834 3885 3932 2476 2992 290 1239 1105 4699 3839 820 3061 165 2862 1219 4815 2530 3296 3014 2664 1082 4831 4334 840 4245 2702 444 2571 2637 4505 3717 1221 4917 1077 1016 4212 4169 2244 3426 3584 3176 2995 1214 3707 1744 4984 3673 4559 1814 4849 586 1615 1038 4296 2382 1284 2880 2151 3889 4318 1034 2917 4744 756 629 930 4237 1360 4759 468 4496 186 1248 1780 3428 3436 865 1695 1169 3304 2487 3002 2012 4036 2902 596 3557 4145 2718 2038 1110 1052 4572 3549 2972 2226 2749 520 4155 824 3464 356 1614 927 1069 436 3141 4115 1083 3169 2062 1141 1378 4472 1501 4091 314 4724 1695 3671 1603 3951 2018 964 929 2787 144 755 4407 2244 2482 2951 2252 3554 2054 4191 2792 4001 4098 2711 3186 3896 1361 3691 3125 1236 1930 3968 3220 2173 1305 2562 1019 1157 143 3937 317 2422 494 3763 4122 3723 129 2593 4916 3157 4012 1022 1078 1331 1316 1863 1864 3093 638
1236 491 2634 2406 1921 4865 2057 484 2088 3448 3812 1729 1061 2433 3094 2332 2904 1882 1734 2472 3765 1323 1483 1513 4548 4889 544 3963 2188 4227 3425 2114 1757 1361 1325 19 1607 4035 3755 733 4817 1237 3362 1932 639 1290 3856 4847 3205 91 2555 140 4648 2367 2080 1826 1288 2003 11 72 2574 1623 4628 2713 1855 3620 573 4166 2413 3759 2564 4169 18 369 2035 657 2715 1974 1212 2947 3581 697 2164 4203 4529 4639 110 900 4931 2828 3243 3024 2613 1548 3716 2136 4553 970 2408 4931 2538 4404 1548 2411 4168 208 1127 383 4222 1297 10 1026 3662 3591 4587 3276 1165 1708 310 4173 1129 2780 4748 3212 3314 2355 1741 2787 1578 699 2743 2843 2106 934 4467 703 2088 230 1207 2062 1344 4680 2288 3571 4552 2772 1499 3195 4039 375 228 2002 1972 3904 509 1898 1480 1762 3545 4717 2060 1710 2188 884 4972 4603 4169 1306 4779 1399 4138 4094 3107 2694 4669 1010 3677 2121 1608 2668 162 366 4283 4145 4974 2727 64 3188 1764 1270 2686 2325 688 3912 4169 191 717 2791 429 665
1860 741 126 1418 1603 2275 297 4115 3653 3300 3603 1080 4110 1413 732 3109 3735 2365 2472 2361 357 941 1857 839 1862 3474 4627 322 2090 1485 1131 1600 1378 1286 3873 4248 4143 3447 78 3949 1416 235 4722 250 1227 928 4838 1006 2539 908 2625 4190 1473 82 2972 168 3861 4348 2751 3107 3179 2550 4687 3192 3908 4026 944 4336 759 4232 3997 4656 1620 846 4657 855 57 3982 2558 3436 1711 2767 4117 164 2178 790 3297 4635 270 3241 2922 410 3700 3705 4394 1044 3859 1874 1786 1810 1099 1271 216 3026 198 184 3484 4848 4977 1571 1450 323 4689 4944 698 43 1098 1753 2414 3012 3022 2123 1156 1459 3166 3286 187 2806 1807 3962 3144 926 4535 2610 107 1929 1774 1922 2382 2537 4412 3286 2947 1151 2315 2211 3060 2034 3627 3445 2805 1053 4396 4977 4320 3214 2264 2296 2077 633 3002 4617 4499 218 2105 4386 803 2190 4538 1095 4170 3411 723 657 4318 3247 3914 1158 1630 3185 344 4443 3424 833 2554 4424 2702 2939 3209 180 308 3873 4556 2702 4110 2579 2762 3458 3905 3455
4952 4046 1029 142 858 980 3464 807 1558 3270 1092 3751 2228 232 688 4666 1370 3445 3765 357 397 1268 3113 586 31 3482 377 640 368 654 4057 931 1145 1110 3901 961 4825 1366 4731 3227 2865 1440 4702 623 1935 3536 4779 297 1939 3475 211 783 1829 2959 1603 1426 1666 2772 2444 4780 958 3974 1664 1225 2989 4700 2027 918 4783 3194 4555 1699 3650 1049 2058 3451 599 180 2571 2686 2379 4718 2360 2066 3567 4817 2987 1777 2631 631 204 3061 2889 4053 3620 4642 4041 1915 1361 4776 3454 4555 414 4258 235 2980 2000 2882 1622 4424 3199 4697 536 4979 3216 538 3329 3219 158 2128 4815 4025 2244 539 3857 3211 2947 4498 1539 1297 750 190 2219 74 3684 4974 3772 2075 2931 4289 4483 3042 3825 3426 3218 4240 3995 1663 3417 3778 2769 3950 1570 2794 4979 1662 1989 576 2938 4553 1649 1533 2339 1606 3524 3627 4646 4480 4853 1355 4899 491 222 2775 1709 2186 4244 826 4175 1557 325 1233 2849 1110 1427 423 363 4061 3745 1385 1040 2715 286 1575 871 1938 600 631 2814 1055
3156 1270 3680 1067 1585 3763 1180 1641 4350 1927 3036 3753 4849 3963 966 1356 3433 653 1323 941 1268 601 4263 4939 1327 4125 1305 1105 173 1543 1741 1996 3195 3153 1651 1848 139 1746 201 3063 1817 1415 4663 2498 113 1275 771 2163 4309 4359 596 810 2238 1371 4341 1132 3444 4223 2061 3349 3150 2839 304 4059 1257 4276 3075 4857 3082 2912 421 2749 1237 1731 1951 1100 938 2968 3337 4227 4031 4600 4025 1898 867 3189 4387 2896 3943 4043 4973 1672 44 1184 3089 197 4656 3208 2469 4330 3305 709 2953 4453 343 3083 2431 4621 1186 578 2580 267 2703 1011 2736 932 385 220 4638 1773 3461 1033 4366 3669 2204 4768 4037 4692 1559 3646 1065 2887 1444 4966 4352 2605 306 394 2071 4480 290 2621 2627 2405 1605 491 1151 2416 397 4670 4068 1589 3609 1944 2507 4024 2590 3493 4523 3568 2572 1568 2397 3862 2306 2007 4671 1359 3176 1753 958 2123 3649 3645 3126 3877 818 4504 749 1156 2808 1377 1696 46 1208 3429 4733 4585 4990 948 3609 991 239 1542 845 237 4728 1550 3922 1362
468 2988 3273 4658 1932 2713 3715 432 4337 4401 4700 1215 4041 2589 2185 3462 596 107 1483 1857 3113 4263 3118 1658 3108 1696 4753 1227 1365 4491 4038 2437 275 2238 2756 578 1877 4619 205 779 3900 2556 146 2990 3491 2998 3666 760 2376 3485 527 2062 372 632 200 1719 3861 3854 3763 1768 1106 1222 814 2623 784 3018 174 3418 159 2019 4662 3226 3626 1660 2819 4985 3398 3625 1106 577 1005 3908 2323 888 972 1979 311 4138 391 4417 3977 4947 3639 2653 1942 3695 195 186 3793 3165 260 3497 1712 3436 1531 4521 4506 1517 3513 3401 3056 3760 76 3720 3092 4397 3391 4206 4703 86 2585 4450 4797 699 3894 3537 1287 3584 1570 246 3082 3100 3870 76 4150 2056 2912 2149 910 3258 301 4295 730 3554 454 1875 1806 4615 259 3469 4415 652 1033 1767 1233 4820 3614 4814 4327 3080 2445 2585 2887 249 719 114 1224 1093 3329 231 2397 4249 360 934 4543 3123 1463 2024 1316 1664 1559 1520 2314 3319 4231 2809 4741 4322 1766 2082 4201 4138 1006 1192 3667 4195 3515 3487 2623 1954
1535 4410 2145 2492 2448 1516 3912 1298 2401 3505 4727 1662 590 2632 2964 2896 909 3635 1513 839 586 4939 1658 4687 3246 256 4260 1842 1597 1886 1528 601 892 1170 4479 60 920 3168 2060 761 3880 4392 897 1395 2555 3964 613 4543 4063 340 164 1635 1044 4674 2603 167 4205 2158 561 3809 4318 445 29 136 4617 1210 108 4649 2956 3767 1765 779 4455 469 4028 3438 4133 3869 1243 2102 4495 4812 204 3255 2192 4963 1755 1213 2082 2853 155 2946 2639 3582 2481 572 964 2632 4813 2440 3550 4334 3982 1997 2474 43 503 4447 2082 3696 2889 1162 4796 1026 3760 4086 4248 4535 2798 3059 3727 216 4688 931 1728 2902 3242 3310 1293 3660 1350 2610 2896 2467 1136 4861 1396 1816 1925 3185 2306 1734 773 1760 753 4288 3669 429 3222 1805 1399 3016 4046 478 1162 66 2195 1599 125 4854 1505 4686 892 1435 1137 2715 477 3788 716 1362 3604 4849 1577 426 1667 3458 3253 1080 3175 2287 717 229 2285 4944 3006 4873 585 768 4385 363 3454 1853 3822 3855 1213 2988 3743 3114 3460 958
4069 3740 591 3195 3047 545 4913 691 760 47 4876 3580 3573 3181 1687 1829 4382 65 4548 1862 31 1327 3108 3246 3768 2131 1640 910 143 842 3141 2656 4040 385 4195 3166 3828 753 4848 3705 4409 1074 4640 4908 3010 189 2645 4516 4877 1184 3476 1342 2472 1346 2209 447 1808 527 1715 1650 556 1712 4609 2635 3311 139 2215 4792 2978 1774 4704 2993 1620 1885 636 4730 978 4097 374 109 2005 4898 1895 2744 1380 1318 4136 2624 512 4615 706 1216 953 3995 1265 503 4648 3508 365 2704 524 3442 2777 4644 3167 1652 835 3747 1853 3583 4586 667 4789 2066 3427 4135 2629 4131 3641 1958 2900 1260 4071 2112 1503 4433 1501 985 51 3325 1310 4108 2152 3995 1359 3163 2958 1471 4705 499 2144 2887 2912 593 4920 1036 3064 2837 2225 3314 1013 579 570 1758 4310 1421 4559 2861 2126 1390 3757 2805 365 4805 1052 852 441 176 2628 1503 4972 1187 3120 3929 4383 1435 2850 3311 4658 4522 3336 645 2926 751 4384 4132 105 630 2393 2369 3916 2484 1338 1228 762 1012 2857 4327 779 1681
213 2784 2894 642 2882 759 195 2417 582 1400 400 3139 2762 813 3011 500 2076 1834 4889 3474 3482 4125 1696 256 2131 1265 3125 1201 3726 1642 3120 3704 1590 2714 4038 2288 1310 258 4303 1292 1730 662 3039 3975 156 3142 4971 1398 3159 4167 4989 1108 4965 952 1666 2183 3950 2175 4180 4797 2304 4923 2193 2780 2597 1051 418 3436 2056 1871 673 4417 982 2643 701 2300 2875 3431 3032 2154 4857 2653 3808 3725 2152 2652 2777 4987 2637 4866 4450 4315 169 99 479 883 1717 523 3510 3172 2691 919 4550 3698 2389 3152 311 1359 2554 3898 1259 194 3182 4983 4487 2480 2924 2081 1823 1069 4624 4365 3777 460 2014 4359 873 4097 912 2995 3326 1099 609 915 742 771 3990 926 3795 4015 83 2250 1172 35 4028 2498 3984 3811 1730 2557 2255 3931 2028 4237 3694 4041 2183 3170 4299 977 2934 3093 3236 643 2647 470 2947 3910 3420 4460 3681 696 3374 2253 3162 2236 2679 4541 1565 616 353 1874 1629 2189 1526 4638 430 64 4896 1600 672 3918 1297 3941 2938 1276 2960 4489 2214 4872
221 795 4719 3822 2257 1842 352 504 3251 1424 389 1820 2035 2731 3928 4675 236 3885 544 4627 377 1305 4753 4260 1640 3125 4310 4801 4749 3931 4803 1535 1810 3813 3798 4919 3567 4811 1189 4312 637 2541 3269 2998 1541 1245 1317 3820 436 2414 3133 2028 3687 4707 4848 3309 4182 3466 1377 1092 1183 1944 4216 2555 1063 3306 2107 3045 1102 78 1615 1713 1965 2914 2279 4718 3715 174 1113 4958 3168 791 1626 3588 1771 3110 348 940 1080 3161 2090 969 2545 1135 3869 3595 4753 4592 4048 2301 3569 121 4294 2863 658 1837 1790 2021 923 3022 446 3297 2341 863 673 2397 4187 561 918 3618 335 1594 1266 4051 266 419 1485 1196 961 4733 4105 3460 3271 3890 3102 2683 4075 4233 3454 1914 2292 660 3540 2661 4525 3883 4867 1805 3818 582 1864 4455 2312 1647 4768 1855 3056 4681 900 366 242 627 4670 4461 1429 3427 2157 3990 3677 1670 3220 2700 4399 3580 2108 182 4375 3355 2052 1150 1354 1707 2199 1096 4988 2443 294 252 3045 1414 2781 2819 1725 3673 2683 4620 2696 4669 4416 3408
4873 1545 3906 792 774 4793 2082 702 1047 4627 735 1035 765 925 3880 3234 1787 3932 3963 322 640 1105 1227 1842 910 1201 4801 3998 1336 4888 2829 4190 3612 3153 1521 596 1325 762 3867 4067 3120 394 3613 3450 3800 2140 3385 4729 1857 1332 1595 2053 2263 645 288 1423 3544 3483 60 3663 4129 1983 4279 3426 1488 3131 2545 3656 4948 1761 2529 4258 2811 1473 4513 3708 62 2419 1871 303 373 4970 2091 827 1822 1398 4104 2499 3489 3416 4164 2178 177 2648 1766 3963 3703 3035 2867 2146 4478 576 634 2064 4748 1303 1149 648 3322 4567 287 25 3183 3083 3534 1096 3311 483 2306 1530 3067 1064 4698 1844 2754 1847 3966 3573 4682 4351 982 388 4722 1946 1924 1058 1462 963 374 3266 2914 4268 531 1815 576 2211 3079 3517 1985 877 1709 2200 1834 1990 850 4470 2607 2674 4046 2206 4068 4465 192 788 2325 4415 2550 1364 2740 3967 4124 1741 4868 359 296 2947 1975 594 1424 4908 3906 2629 617 3982 3288 2910 3142 368 2520 1163 791 412 954 3682 1218 2643 2130 794 2714 1787
2697 3431 3549 1960 4384 1305 1219 3747 2408 800 3150 1721 438 3366 2031 1490 4703 2476 2188 2090 368 173 1365 1597 143 3726 4749 1336 2405 1738 2770 4933 713 4279 3575 911 972 1041 3444 305 2099 924 4565 4280 2536 1276 3388 3482 632 4282 1596 4990 2770 1740 3631 3157 2975 3515 99 1196 2007 4799 3758 3447 4462 1861 2062 3453 2872 3756 2746 4959 1841 2838 4280 3244 653 2739 4016 1363 4877 1287 2142 717 2114 4194 3384 1300 1273 224 2571 315 3790 895 125 639 512 1693 3869 958 25 4131 2006 832 3321 1320 1267 754 4449 347 3421 4024 3019 2409 3898 867 3979 2910 4846 2119 1216 2545 2789 348 4083 3635 184 1842 3301 3039 1609 2507 4516 4603 3096 2519 4413 1344 701 2045 3612 1257 4143 775 1557 4652 520 518 2002 1381 3396 178 3092 1627 2859 1155 2054 4595 3285 1894 853 256 875 4895 20 4599 3099 760 708 2309 771 3479 1757 3399 1429 3944 656 2039 4117 1229 2820 2751 3277 925 440 168 52 3553 1306 471 4551 1464 1253 961 3810 659 2111 567 3311 3424
2135 3561 2205 3328 245 1398 3222 4832 521 2396 4050 1013 4403 3225 192 469 3865 2992 4227 1485 654 1543 4491 1886 842 1642 3931 4888 1738 2682 2074 4155 181 4327 2427 325 4367 4350 2590 2350 2043 2098 316 699 3316 2701 3101 951 2289 1880 4905 3943 3713 239 1411 4623 785 2961 1769 1625 3769 4519 1561 1062 3529 2783 4806 3106 1230 2588 4534 866 2598 3537 298 772 4046 2314 2401 3239 2936 3569 1442 131 4225 4205 885 4370 2589 2401 3650 1326 2318 1636 1915 3113 3672 3286 1373 1644 1809 1581 11 3164 2918 3108 3776 4117 4305 2387 3272 4073 4757 636 1031 4142 4889 4288 369 1403 819 3892 3567 4835 2120 4805 2468 84 2416 4507 2007 341 3880 2305 1391 1330 397 3835 3316 3980 2243 946 4032 2863 1576 2740 1188 3984 2499 3828 4095 494 2467 575 4095 2970 1311 4958 2009 1817 3032 3274 236 4271 4531 120 4588 551 3057 2603 4828 327 2614 580 2195 1329 4067 1688 2320 554 1852 3363 3285 23 1608 1365 423 1717 1695 1451 3003 1978 2543 3946 4618 1887 3792 4545 625 4929
2460 3907 2012 2877 284 534 2217 2787 1827 4185 996 3389 4256 3126 965 4838 2727 290 3425 1131 4057 1741 4038 1528 3141 3120 4803 2829 2770 2074 938 139 3937 3146 1079 1361 682 1729 2401 166 3627 2110 3634 4731 2253 2173 1122 1549 877 3479 4959 2846 1148 1806 419 4824 3677 2223 4473 2052 2715 716 4168 3768 1312 429 1623 3362 4082 3861 3314 1437 1653 2986 810 3470 2011 3188 4299 2354 4959 4233 115 1183 1209 1476 2706 759 3840 3802 515 1937 3779 2602 1970 4198 1033 3453 4730 1067 1098 348 3901 1486 3160 4171 2701 2546 229 2803 3445 1277 590 1287 1612 321 1970 4459 1181 3678 904 4171 4484 3123 286 3479 1384 3534 4033 2859 4333 1131 4308 3339 1011 1601 4212 1820 3757 2472 25 2916 2861 3170 875 2029 3172 4607 3376 2790 3438 753 609 200 3610 3278 423 2266 2094 709 3228 4423 1501 3878 1779 3731 4423 1296 4570 2706 3559 3529 759 1306 2800 2859 678 4913 2922 687 4914 4427 4082 1158 1923 4452 4345 638 3805 1152 4815 345 2741 3531 3760 4196 234 3697 4820 1773
1850 512 1650 677 2112 2874 4978 4493 4546 1530 3251 2130 22 4610 1316 2416 4678 1239 2114 1600 931 1996 2437 601 2656 3704 1535 4190 4933 4155 139 645 2417 4398 180 3007 2236 4132 4995 3300 520 1076 725 1984 617 240 3937 3408 1525 4581 4766 2384 3996 1624 924 1074 4011 2226 2586 4909 2054 2851 1673 2195 4524 4715 535 1197 2076 529 1681 2115 1401 4115 753 1910 2298 1707 887 4795 481 2002 1081 425 2813 3251 2981 3350 1849 474 1768 4672 2078 4350 2311 4940 889 771 3405 2758 35 1806 2352 4577 4028 1883 3615 4628 1866 4560 2858 1507 3801 4697 4955 2811 4941 2349 3918 47 1859 1686 4532 3488 783 4522 247 4405 1841 1122 1093 4890 2313 2721 2371 181 4749 2042 3040 705 2187 3661 1837 4896 3455 1441 844 3774 1218 3445 894 1151 4880 2030 2653 3032 4466 627 4936 3422 1801 2709 1071 2803 4447 4581 4971 2038 2425 3820 4708 2763 854 3069 4935 1361 868 2532 3768 2365 3128 3005 4778 1750 2807 4005 4214 3928 4954 4911 4840 4201 71 1063 522 4080 3360 4113 126 190
1407 294 3269 1838 4577 3197 2324 4881 782 561 852 1550 378 4883 2480 432 3639 1105 1757 1378 1145 3195 275 892 4040 1590 1810 3612 713 181 3937 2417 3828 4832 4610 1222 1258 4606 2201 118 3715 792 887 3981 220 3017 2106 1526 1660 376 4214 2703 1987 1576 653 2924 1451 1977 1998 547 709 4524 381 2846 1473 1622 3507 4962 388 1330 4804 4172 550 4233 2660 3648 2987 3634 3845 1610 601 4632 4490 3655 1819 3065 3276 4729 2366 2308 2229 4675 1348 2897 4027 2609 885 3857 1830 3040 3372 1287 389 4968 2518 4181 1586 1275 3558 2341 1031 4451 2863 4851 1688 2276 3864 2450 859 1045 1433 3386 185 1471 3958 1717 2976 242 1858 1086 1009 971 4752 2184 4965 671 4041 2471 3984 1071 538 694 4474 1752 735 2891 2438 1949 4194 4838 2398 2268 719 677 2313 1859 3028 1904 2925 40 1868 1676 1402 3204 1973 1519 954 2077 528 3895 3041 3430 4901 3404 1472 4441 109 4217 218 2521 4588 2205 1142 4103 1324 2031 3324 1668 441 961 741 673 1098 1269 3592 2341 3097 2936 2407 2995
3036 922 1694 2917 1591 4117 2798 875 2172 3272 4922 4440 2165 1473 4952 3378 1191 4699 1361 1286 1110 3153 2238 1170 385 2714 3813 3153 4279 4327 3146 4398 4832 3607 3473 3381 2364 3545 3853 4995 3238 775 4499 879 3190 3007 4703 4772 1606 2330 285 1348 228 3435 4661 580 2519 2713 3692 3412 2605 737 1799 4943 3177 3392 4718 1524 2502 3417 1443 4921 1488 3661 1172 1623 4989 4556 1300 4576 3153 4566 2446 4122 558 1601 28 1607 539 1140 3836 4308 3172 189 4188 3428 4956 2722 3765 10 3724 123 1638 1816 3254 468 1621 2840 4162 2853 448 2455 3929 2738 2442 966 1416 2577 4020 1195 3570 3949 1433 2215 293 528 4535 930 4889 2477 3814 2662 4819 927 4293 4726 4139 274 4946 2903 1839 4053 4591 2919 2011 3605 1989 4641 2149 224 4449 1190 3029 4739 2175 1987 1346 2235 4120 3591 4883 4191 2708 3742 4150 1091 3976 1096 1314 1323 1747 3002 4615 277 3225 3058 274 4305 3210 3386 1091 4134 2052 1432 621 733 2769 4096 3850 4150 2496 507 950 1057 114 4601 2769 2650 3982 1951
1582 3736 1293 3123 3604 4453 1097 714 2038 575 2147 4816 1267 4597 4519 1318 4691 3839 1325 3873 3901 1651 2756 4479 4195 4038 3798 1521 3575 2427 1079 180 4610 3473 915 4765 543 2284 1588 227 802 1251 2503 1710 2053 1899 2771 1569 4118 243 4346 2684 1558 3227 4657 4492 3546 1342 4633 2492 622 2641 4346 1836 4415 2203 3217 632 2466 2873 2841 2637 3321 2746 4401 1430 2557 4432 3699 1339 2366 4953 3668 3650 3456 2894 1020 3118 3464 3842 4523 28 2956 1688 239 215 3556 1463 2371 3516 4392 2527 1482 1662 3613 2652 4647 1562 4277 191 900 3896 4397 3397 3709 3422 4173 1124 3150 221 2174 3478 3544 3070 816 4708 823 3824 3866 1486 1835 4779 4461 1892 2339 1665 86 3290 2387 3635 3705 4277 1718 2268 153 2373 921 676 4283 48 1090 2555 1682 3301 893 1036 795 4989 1176 4880 1881 1212 3805 1247 1518 1751 2381 1068 3682 4850 1737 877 1606 2140 4528 290 4061 3995 822 2615 4664 834 3395 959 3370 846 3420 386 2073 1651 4839 2931 1932 4624 1114 3803 2598 3431 1070 4461
725 1467 2466 1883 1989 3410 2020 3906 4856 2097 2947 4201 4142 681 738 2339 4430 820 19 4248 961 1848 578 60 3166 2288 4919 596 911 325 1361 3007 1222 3381 4765 4105 2679 2285 1616 2185 1500 2642 1248 2349 3264 1912 2090 2444 1279 3158 1681 3589 1651 4195 1158 64 2304 3812 501 125 1703 4298 2782 3065 3698 372 3193 1572 3976 2962 3599 4863 4806 124 1579 1896 4571 665 2371 3900 4155 458 4968 3606 2558 3507 4265 2282 3775 2511 4876 3688 3638 2501 1957 3195 4033 4965 2726 3593 1356 3439 2812 2715 1652 1039 4583 736 2591 1626 2242 3819 132 1928 2159 2866 3432 3310 4348 1402 2485 2181 477 316 4460 3014 3480 4211 3466 1720 844 3922 1044 977 4719 2063 4789 1986 4184 3975 4140 3087 3923 1741 2353 2309 129 4676 1273 1673 379 918 4908 1595 1463 1011 4422 3620 808 491 3186 2677 1470 3725 2253 2984 2833 2430 3853 3454 3476 4020 2231 1259 3261 634 1305 3195 2800 3169 643 2785 1332 4100 1157 1144 4041 4942 567 3285 4496 1303 2024 2921 2321 2872 612 1978 3567 636
3766 2989 2663 958 4007 472 4249 1013 3906 1239 2891 4151 4830 301 1000 585 2167 3061 1607 4143 4825 139 1877 920 3828 1310 3567 1325 972 4367 682 2236 1258 2364 543 2679 3254 3916 127 3900 1827 2758 159 4990 1438 50 2256 3171 3090 1702 3446 4651 3492 2995 893 4830 394 4488 1106 4305 4466 3260 3971 4666 694 1749 3955 4837 2309 3947 4992 2298 3298 1006 657 4103 2981 4562 1821 1689 226 4704 2207 1455 2967 3758 3506 190 1451 3003 2027 2036 1609 788 4588 2807 3860 752 2176 1738 2759 426 2183 1519 2723 2590 4566 4853 1120 1478 2439 3304 3816 297 809 2250 2593 19 1077 590 4124 2565 1654 1524 1308 4352 2925 3836 2567 711 3520 706 936 2970 2405 196 1917 4638 4405 1522 1186 617 3271 4018 3069 4403 2142 2994 1311 1892 2138 897 97 3158 254 4669 1771 4909 1691 1577 2207 1833 71 3770 4241 2876 410 2985 2096 2865 2798 338 2565 1117 241 3429 1229 3597 4345 2173 3935 1683 3467 4122 4287 2171 1478 3047 2204 2114 4703 312 1205 2598 2928 645 632 1923 4049 4284
3422 2267 3377 432 3115 2036 1767 3833 3117 3344 652 4419 662 2803 1447 973 702 165 4035 3447 1366 1746 4619 3168 753 258 4811 762 1041 4350 1729 4132 4606 3545 2284 2285 3916 3097 2855 2044 2199 4517 1549 2348 1430 3736 1069 1536 2049 3404 4883 4659 3518 2946 4828 1829 2933 1394 3764 435 826 1867 3508 2092 3468 4598 1601 1279 3816 244 4496 2199 347 2203 506 3045 2550 1049 3391 4441 679 1558 4156 3064 4104 35 4363 2363 835 4170 277 4053 2565 141 4454 1836 315 4515 2377 3878 3992 3843 2823 507 1027 867 2183 4264 4638 3979 4260 1499 4193 1764 2886 130 1266 4118 784 4136 2486 168 3655 2849 3443 3974 4136 4272 4949 1167 2383 4617 2859 1471 2275 3860 4213 1201 2160 4849 2221 4043 3609 1608 476 1763 4580 869 3042 1304 2481 1573 2374 389 1394 4000 803 364 1428 246 1482 1734 3562 4749 3744 3347 2479 1978 3535 1680 3637 339 1917 686 1263 1258 4997 3931 1065 2244 2039 363 565 442 4693 3499 1415 2833 4047 597 1395 4558 1619 4887 3740 4945 3014 3655 4514 225
3808 1342 2942 4229 2647 464 706 2748 4453 3628 4064 3429 365 1229 2307 3892 2842 2862 3755 78 4731 201 205 2060 4848 4303 1189 3867 3444 2590 2401 4995 2201 3853 1588 1616 127 2855 2966 3220 2128 1751 3110 4941 2580 1716 1784 2364 2425 3949 636 1736 3620 3124 4374 1213 3885 4945 341 4146 734 3733 4600 3706 3128 3806 702 3007 1506 4140 2125 3683 1064 4497 4957 1376 4506 760 2124 4557 3566 4886 3026 3671 3703 101 3409 573 2691 2476 132 4790 2653 517 3416 1572 40 1635 405 1449 4153 2696 4308 2943 3044 935 1885 3378 1752 2844 575 4172 4354 3275 2395 2958 2386 1896 2403 4991 2967 900 1386 1671 4059 4085 1048 1384 2363 335 1563 3205 4242 3823 2091 3392 3903 3091 601 3737 229 4111 1552 4263 3455 3674 4731 3849 1404 4434 128 1236 1608 376 4811 565 1167 2663 4533 1667 2159 1513 3931 2097 1673 3873 297 884 3540 3364 1193 3394 1361 2807 2724 4549 613 2665 1567 991 2092 2816 3528 2802 1460 4900 2901 3312 1406 4396 552 561 2160 3133 473 689 2951 2148 2348 3436
1712 146 4006 700 4318 4704 1400 3883 3939 2520 132 2012 3485 326 2497 3441 4060 1219 733 3949 3227 3063 779 761 3705 1292 4312 4067 305 2350 166 3300 118 4995 227 2185 3900 2044 3220 884 425 1031 3872 578 12 4003 1328 3498 3104 4627 572 4335 4260 4048 3707 4694 4638 3799 1483 110 2787 1918 2734 106 2755 2520 4485 4069 3693 4350 3618 1464 4089 3209 3983 490 2532 2323 3366 804 1733 884 2149 2390 1245 1738 3854 4367 3356 2333 4867 3110 527 4436 2815 2826 1495 3304 3057 165 2836 1517 1717 3978 685 1196 4488 1583 4432 2021 410 1483 4955 4191 1033 1118 1849 371 964 1270 4413 3441 3763 2804 2406 4941 880 1625 3961 68 4199 2930 4343 118 1633 4463 3375 2474 1831 1003 793 768 941 2027 1192 1596 3579 2168 333 2399 2258 137 1303 2152 4456 460 2528 1343 4165 1503 54 639 387 3038 3620 4040 2011 417 2822 250 3036 4121 1032 3521 4326 4635 3349 708 3464 4363 2476 1701 4901 1096 4416 920 3774 3246 775 121 1208 1287 3387 1637 2043 212 3391 3036 1226 4960
