N: 200
M: 40
Symmetric: true
Triangle: false
4 166 126 52 87
5 115 82 29 64 5
5 125 7 177 91 22
4 175 77 184 48
5 99 13 168 100 196
5 8 45 160 61 117
5 118 157 58 55 23
6 96 155 149 181 12 139
5 50 167 69 143 150
7 51 163 161 35 84 17 138
5 95 60 176 197 67
4 127 191 74 27
1 2
4 135 56 90 121
2 188 85
4 178 36 31 109
5 129 134 124 81 106
2 179 156
6 66 39 47 111 25 20
7 182 142 101 65 92 119 79
5 21 145 71 152 200
6 164 198 28 140 103 57
4 199 26 78 18
5 180 141 59 162 54
6 42 104 169 192 41 171
7 186 170 123 112 24 183 110
7 72 132 9 3 73 80 88
6 187 193 86 116 15 108
4 89 75 165 172
6 131 43 113 136 154 153
8 159 105 189 14 185 38 16 158
7 195 46 151 44 83 62 70
5 40 98 122 190 11
1 68
3 148 10 19
5 173 137 94 102 76
4 6 93 63 107
6 120 146 1 37 147 30
8 128 144 114 130 174 133 32 34
6 97 49 4 194 53 33
3373 1566 1295 361 3701 3787 3061 3931 3618 1827 4187 2309 2635 4925 3599 3848 3242 3876 92 2989 4783 4472 3356 921 1514 3996 1010 4540 728 4661 3714 4027 2403 1610 3026 1643 4849 2342 4050 1845 4371 2376 4932 4751 4201 4049 2667 1712 1335 2828 2543 618 2747 2762 4892 1454 3037 203 3859 3832 3747 2814 888 3936 4412 4607 1041 824 2081 4344 4990 1447 2565 1619 2041 4551 307 4267 228 1798 4643 1353 528 3124 3391 3795 4049 2766 1246 4437 2283 4644 512 1705 939 1806 2620 1559 4298 2824 2566 2816 2345 48 1927 4955 1658 1380 861 4193 4522 2157 314 3815 1124 3119 2386 4348 4409 4060 739 2047 4437 3140 144 4733 291 3087 1327 3261 4346 4454 683 852 45 980 31 539 2114 1809 4988 2818 1429 3318 4798 3050 4640 3403 3965 3585 3049 3546 4732 4445 1145 279 2621 1324 1246 1604 3691 3334 53 1224 282 1147 4985 2504 251 1322 379 3162 4490 252 1068 3626 851 4434 4886 2507 967 1003 3227 680 1445 2430 1856 2960 656 3885 4165 2731 3793 2223 4701 566 767 3770 2038 3344
1566 4270 4614 4312 4916 3113 2900 2249 3306 4321 884 4776 3093 2325 3198 1426 4383 3277 1701 4600 3423 4004 2219 4021 198 1380 2121 4009 1581 3271 578 3949 2720 2953 2280 3760 2690 1060 1696 4453 4592 2407 3204 3770 3786 1446 4444 4812 2515 4259 2630 4636 2536 3181 2460 2976 349 3623 3277 55 37 2121 3039 4831 2250 1551 1104 1738 4653 4953 1860 3072 34 2085 1730 4646 4286 347 3172 1877 3302 4868 4319 64 502 4576 4423 589 3427 505 655 1352 2911 1005 1130 2878 901 1338 1833 3043 1265 830 2142 1827 1156 1387 4944 4537 4820 4687 1591 2401 3233 26 1343 813 4982 3750 1397 1603 2045 50 248 3765 1834 1045 3669 4837 1852 2020 1458 823 116 416 857 2998 1209 1430 4539 2308 3039 2779 1852 851 4639 4859 398 4782 2671 1662 2165 2971 451 4380 711 4195 2225 4671 3041 2675 801 4016 2484 3016 3241 1372 215 1081 2334 1279 2291 480 3451 1892 4818 1507 2599 3811 1509 2950 3463 2662 2715 2816 1183 4698 3950 3842 4476 443 3803 2939 2408 4320 880 2583 3611 3591 3734 1646
1295 4614 1590 2267 4504 3982 4766 1704 2384 3131 3251 2154 3730 4370 1278 4368 1639 3270 3174 4091 4632 693 3128 3578 4767 690 4888 809 3221 4963 1980 2736 949 524 2188 3294 1406 224 3610 3181 3566 1004 4653 4486 4766 480 644 4806 1888 1612 4696 673 1014 1532 376 55 1686 3723 1683 650 3593 1748 3411 315 2898 211 668 3405 2927 1823 1690 3809 1662 4587 1288 4990 817 1670 88 869 4106 2555 2656 725 4943 4935 1359 2596 539 114 2427 830 1339 3008 4310 1607 2032 4723 3749 4893 2348 1434 2377 2562 307 746 2222 3949 1496 1802 1762 77 4807 1280 4636 3758 4707 4620 4162 3501 4014 2399 1360 1149 324 1777 3773 574 3380 1499 2688 2447 2233 143 494 2698 4974 1088 2476 3338 4379 689 3840 1231 2468 830 1734 1657 860 905 3919 3834 1874 591 909 1790 4588 2970 4413 1432 1804 2771 3329 4047 3316 4971 1409 2500 2065 2777 1127 3720 3548 4461 4180 4419 213 2174 674 3540 1928 4602 622 2479 3627 2224 848 2570 277 1168 3328 2158 1856 1937 3461 3172 1815 592 1463 3278
361 4312 2267 2235 4060 4892 2527 3536 1831 2250 1609 3074 2741 856 4959 2269 539 1106 1460 1614 4302 2045 4209 868 348 2423 788 2393 3365 474 4670 3179 2522 4223 4903 435 4330 887 2988 3784 4624 2951 4224 2135 1253 4577 2340 1839 4895 578 4883 1785 879 4680 1014 3353 4315 2769 1955 433 3797 29 2711 1834 4414 3140 3591 4730 3930 4452 3546 2262 3641 4705 528 4139 845 1210 313 4649 1523 2698 2199 4410 1050 3935 790 3294 104 23 2376 3660 266 737 3751 3181 2974 4027 2374 3605 1308 2319 4844 3750 3845 4050 21 599 1589 1935 3887 601 1160 1811 4596 1984 3656 915 543 3230 4530 4386 3449 1365 4598 4737 1475 961 3182 2982 4157 3959 862 2803 2392 3561 1780 3748 2098 3978 3705 3129 1716 4695 2204 1956 4845 2355 1419 4189 746 1117 1721 4335 4335 2026 3786 4455 935 159 312 4939 4022 1531 927 471 952 4605 1519 4249 1683 4827 3702 1905 4797 1910 2712 3360 4478 4434 1151 4615 2684 325 1526 962 766 413 1449 4034 525 3008 3131 4469 1235 2262 733 3084 4554 119
3701 4916 4504 4060 3109 807 4613 4275 1158 3743 461 4641 2111 2351 574 1570 3045 3300 855 1923 459 2284 4910 3623 1738 2139 1713 3013 4520 4302 3811 2736 4869 374 3190 316 2057 203 2920 2292 732 4956 4035 3867 394 2802 4324 4509 2691 4404 203 3324 707 4797 1751 3169 4776 1903 3657 4495 4631 3362 2587 3371 3549 751 3112 1427 2468 2556 2722 2269 382 2534 2033 2820 1332 4674 4088 1368 4604 198 3052 781 1932 3142 17 4139 857 2415 2703 2684 1357 989 1320 2453 4537 125 3525 2029 871 4182 3764 681 2135 100 4943 1379 4040 4168 3290 2049 4282 678 4407 695 1962 1633 4494 3912 106 2896 299 4713 584 3551 3018 831 2226 3498 3000 1749 3441 15 2998 4450 2496 3815 4800 3331 1024 3653 378 3356 2394 4660 1704 594 1597 2083 3167 3053 2625 2157 2662 4646 1609 1721 1033 1984 4139 3951 785 784 2992 2173 2460 212 3012 442 673 3488 1696 3995 1040 60 370 724 3161 1022 3539 1723 1885 2069 76 3980 1089 1985 1992 1863 3085 2960 183 1889 2642 2677 4061 4516 632 3774
3787 3113 3982 4892 807 2637 1105 1492 1239 1219 2045 3080 3475 2167 2763 3086 3226 4120 1291 4163 4824 484 3522 2465 1649 2545 2256 290 1940 3357 3655 1940 2895 2350 1614 4291 4576 1331 2746 549 2374 1819 3704 4456 1538 2951 2246 4139 3287 519 3824 109 1618 2630 425 417 1191 4334 645 3248 3233 2261 2703 956 1174 3128 2734 4949 105 3580 219 4201 4762 1097 984 2058 3980 2446 1607 2395 3968 479 2055 655 3607 100 2718 1298 4388 3500 4157 3412 850 1597 2221 760 1996 481 58 3454 2158 1688 2504 3734 2638 4506 2751 3958 4809 4567 4003 1687 3079 3507 2785 2444 1186 2037 1311 352 1165 4135 1822 2648 837 458 3042 393 693 3990 2063 1243 4853 2245 4139 4625 3491 565 2038 4094 80 4247 561 4603 549 1056 3137 1458 4292 236 460 2396 4450 3209 1087 4287 4998 434 2546 3263 4535 1275 3055 2994 3385 3485 1999 1262 2458 1168 1890 3734 3338 1578 3219 1327 4442 773 4695 4075 2361 1460 4241 2748 4023 3245 347 4486 1185 3356 4902 3571 577 2833 62 2759 1492 95 1771 4946
3061 2900 4766 2527 4613 1105 946 291 4226 945 1230 2103 1592 3542 1063 3718 2366 4028 3676 2195 2309 696 2387 2250 4967 4054 2862 4325 2905 4981 2007 2124 3646 2732 3619 3637 4129 2570 4106 608 2172 1396 333 3182 947 4282 535 4037 4795 692 3339 634 4655 1093 3559 2705 4803 1828 401 2032 3911 732 2796 1158 635 1379 3591 2831 388 4050 1831 331 281 4131 2165 1875 4456 1294 3538 1261 3269 550 877 2629 372 1627 1847 3985 1131 667 4557 1619 1893 1879 4595 1201 4700 2895 4564 1606 2401 1440 1592 4272 2110 4934 550 2200 4254 3705 4985 4403 1191 4032 2497 1707 4858 3396 3440 1322 837 1561 3612 2429 2930 760 349 3621 3589 2793 3009 3862 2252 346 2836 4183 1799 2032 3653 3887 788 1614 1056 4619 275 3987 2353 4884 2852 4156 2120 1976 4137 3473 1711 17 3541 1983 4121 1763 1579 966 4772 3223 3464 2708 2026 2677 4846 4135 1723 4591 624 2171 2578 2664 1795 1878 1491 3837 4716 608 1394 14 1721 3982 1405 2749 1009 1323 3534 4382 1286 1028 2738 3924 877 452 1306 3575
3931 2249 1704 3536 4275 1492 291 849 761 685 2485 115 3046 1500 3390 3928 2887 3117 4756 354 2993 1429 3211 4476 2364 3743 1506 3093 76 3043 1865 603 1622 4331 4809 2563 4314 2950 3074 396 3614 3602 82 822 2614 33 316 4448 3760 4045 3781 4732 1949 2129 3391 3639 3049 2643 694 963 4394 3082 1134 3265 3539 2641 2969 4585 4691 2386 3658 3733 4793 2247 1692 4167 2303 1424 2496 3207 4067 983 1986 3278 799 1148 4946 1152 3049 1451 4126 2851 2329 3565 4174 4306 3391 3140 3625 988 3845 248 4636 1070 1704 162 1645 2927 2600 3003 4514 3241 1468 1086 1197 4861 2296 409 3177 1459 4672 2349 4237 3865 3590 3476 3898 3606 3570 2758 1567 2557 4565 1836 3955 3266 3009 2832 90 3521 4450 4712 3489 1395 2021 4436 756 974 2066 484 4121 3459 3186 2311 506 3167 2317 3169 881 1269 1382 4936 3314 1759 1268 4583 3016 567 141 317 4354 1547 4520 2389 1171 2839 4715 3172 4774 3107 1738 4229 3401 519 553 2720 292 2360 2663 2766 3977 2889 655 3464 3341 4366 1874 3994 3976 684
3618 3306 2384 1831 1158 1239 4226 761 1423 2300 39 3508 856 3770 3604 903 2046 3781 2606 2219 2917 4119 2329 2525 2080 4047 2740 3320 2479 1312 3209 4136 506 2665 3729 720 4922 1689 3002 2654 614 3325 1642 2051 2475 196 3253 2446 4468 375 1251 2563 3775 1937 4899 1468 3124 3049 3518 958 3907 3137 2791 1556 1789 3294 2399 4863 2375 131 218 2695 3866 3872 2097 2476 952 3367 581 2301 833 3710 1834 1498 1429 2503 1917 628 898 3431 3686 1099 2640 965 4824 1165 972 3956 4606 2080 3016 3653 1064 2186 3470 3374 1518 2992 3278 1658 641 3992 1909 1916 51 2554 4033 1117 4368 1036 2293 513 3229 3035 2143 798 3096 812 2009 4930 3874 2336 354 2584 1407 1382 2448 2752 1839 3182 3118 3493 1828 2698 4828 1804 2847 4863 3317 4772 2008 1562 1930 1763 2264 576 2305 1524 4546 97 4603 3884 3585 2072 439 2143 3047 4451 736 1800 4188 2418 4185 938 2446 3718 1402 2552 1838 1897 1827 89 2712 2156 3650 3324 3797 3934 2771 4586 4222 534 769 1891 4678 2829 3341 3565 4745 4404
1827 4321 3131 2250 3743 1219 945 685 2300 2608 3533 2176 4269 4392 1406 4704 3028 3820 1345 1144 3970 4542 4046 1931 3745 4034 4291 940 64 4211 39 43 367 2410 2870 3984 1001 2559 4015 716 3373 2536 201 2778 912 1828 113 162 3716 4635 4812 3316 1386 1397 3587 2568 3132 551 2690 2731 2379 442 365 4712 518 4268 4855 3713 1406 3524 2033 4151 912 4067 3932 806 628 4738 3385 276 3235 150 163 1346 162 1264 3415 2887 3680 1395 770 2831 2409 4372 2560 4423 3531 4506 2700 1842 1236 2639 955 3604 1108 3448 459 3040 231 1544 583 812 2021 3223 3510 3439 3253 2585 3804 4576 4651 3112 18 3772 2988 3351 1995 3486 960 909 1455 1981 2416 254 1868 4000 4600 1149 865 4284 2685 486 585 3260 1367 4725 2056 1211 4080 3888 1225 2904 2286 181 813 1382 895 3911 4331 1249 2856 3828 662 272 3183 4396 237 2610 3726 4937 1397 4180 3057 3984 4755 405 1830 1289 3280 1194 4954 1995 2147 4574 3356 4940 1352 4661 1333 2000 1142 3157 4510 4415 3854 4852 4850 1560 3171 1794
4187 884 3251 1609 461 2045 1230 2485 39 3533 1271 4407 4852 1875 4528 4637 2994 1303 3259 2690 645 2750 3911 983 3914 4486 3256 2040 2014 4232 4237 3751 3320 2450 4785 2469 3028 215 4186 60 1258 4092 1593 2200 974 3357 681 3607 873 1034 1823 2913 3409 4167 1544 479 2301 4631 2638 1576 3351 2449 4154 544 1211 2679 288 2607 3376 2842 4061 4049 4160 1851 1817 756 4972 4137 4522 2363 1672 4709 1618 2348 2122 765 469 729 3579 4484 2288 1766 535 1347 249 191 1682 3238 3168 1318 4285 1047 1551 968 1640 4994 1164 4211 2374 3615 1186 468 3155 4705 3881 1486 2380 252 3568 3894 4110 4335 3212 1905 2488 3194 2503 4038 888 2572 2252 2575 625 2777 2576 478 2851 4104 4859 4503 2017 1736 553 1111 2219 636 788 1451 654 226 1559 2527 530 3196 2803 2550 1487 795 153 3473 966 1898 2202 2343 596 803 2729 1317 4372 4670 4731 3375 166 2823 1914 2358 199 4703 1717 3400 4581 4095 1665 2880 1118 2757 4828 434 4921 4817 3562 3137 1176 2478 1617 1641 980 2082 3926 2535
2309 4776 2154 3074 4641 3080 2103 115 3508 2176 4407 1822 1302 2871 3918 4878 413 2056 3634 736 4126 4068 955 4138 1022 4171 4377 3740 2093 4733 486 4395 892 2501 1900 749 4642 3853 3232 1456 985 3596 2110 2764 3720 87 2699 4896 1603 453 3391 2631 4083 3798 1545 395 4277 155 4556 4452 3076 1829 3677 1238 4676 3963 2645 1052 2810 1364 3682 3413 2186 1090 2950 540 2757 3416 3594 2088 2455 1990 1210 4655 3822 2565 3857 711 2466 2806 683 185 376 1138 3421 3391 2963 3704 696 3504 2414 3005 3357 4366 507 4815 3149 535 1450 575 3074 3019 1228 1413 1827 843 1237 41 3726 2333 4512 378 2058 1111 524 1161 1407 1658 2038 4740 1993 69 183 2686 3357 4649 3785 4605 1269 2710 3500 2649 2781 4601 662 248 4262 3881 2109 3186 2896 3904 125 602 1906 1983 2904 3714 32 938 4992 2412 1052 1722 88 4453 3342 329 4999 1988 266 2774 1637 1683 2948 3529 233 1973 2501 2922 41 1207 1150 2078 1991 2038 1217 1703 3749 2739 3793 2722 1710 4852 2174 4767 2196 340 4667 1454
2635 3093 3730 2741 2111 3475 1592 3046 856 4269 4852 1302 1804 1640 4571 3250 2357 4716 3781 2196 261 1077 3734 3694 3438 4694 844 962 4153 4743 1516 236 2973 307 2114 3577 2607 1510 2453 2500 4032 1475 3372 3684 2246 572 4988 740 1523 2980 3832 2150 4973 2201 4280 3757 2102 3365 4374 1169 319 4087 2134 263 4615 4035 2094 294 1525 2716 4392 436 1149 1168 3249 854 4889 1148 4053 4554 2015 2766 4959 4642 1597 539 1384 3308 820 3785 3464 93 1508 4340 910 2001 4965 1997 3004 70 1308 2530 1516 3882 626 746 3991 1579 4772 4209 166 3863 1519 26 1910 4168 2271 2687 4298 2698 239 567 2448 4552 2934 2875 1156 3178 3659 972 4897 4257 4358 3607 1492 1176 1080 98 2484 4303 4454 2158 4650 3122 2484 4081 2403 4979 369 1192 2369 1959 2712 2122 2902 3455 819 158 2575 803 3885 1631 321 4458 2067 1678 2737 778 4561 2628 2906 2025 1779 1034 114 768 647 3867 3505 707 4937 3057 4288 1556 2632 3135 2669 2093 3523 1485 1593 2300 3014 2466 740 4963 4094 2431 823 4973
4925 2325 4370 856 2351 2167 3542 1500 3770 4392 1875 2871 1640 2588 681 329 3433 2700 2867 2687 2694 3768 3603 4679 1524 454 206 2958 2147 4248 4991 1505 1082 910 621 3221 3879 2737 4631 3252 3216 4769 2968 196 3855 4674 1211 4638 3061 2564 2170 2240 1854 4580 1537 1661 1120 591 2007 4587 3425 2017 1493 3822 3519 845 2092 4944 903 2275 1181 4775 3329 4332 2283 1788 3252 377 1259 1903 3186 4900 2079 2966 1987 1138 936 2642 1054 4337 692 1265 3040 1235 1284 1259 2391 4161 4836 553 1266 2877 2202 3821 1034 4298 4723 1549 515 2729 4768 92 4823 2403 13 4136 951 4210 2134 797 2683 4604 4577 487 2289 4581 3384 4506 4172 241 4406 2349 2376 3006 363 3571 716 3837 3248 276 4738 149 4362 192 946 2613 2933 4126 1498 3942 4530 4920 3150 3940 4453 2201 3018 4121 56 2368 1845 4508 3179 489 803 339 2063 4696 1029 2645 4663 4104 3730 4543 1217 4597 3959 1545 1175 4246 3576 3058 4035 2503 2338 2660 4322 3004 4141 4320 1735 4887 1344 4094 677 734 2902 810 4831 708
3599 3198 1278 4959 574 2763 1063 3390 3604 1406 4528 3918 4571 681 2358 1588 1553 2100 4484 3758 4905 2778 2266 4621 518 1547 3331 4595 3231 2455 76 3237 2688 2879 929 2148 4178 1601 4888 1929 424 543 4069 2400 894 2234 3628 831 1995 4520 383 2301 3200 2258 897 2502 3959 1866 1075 4457 3486 4912 3016 1262 1013 2216 3157 1447 4387 1623 1194 653 3501 828 3957 1759 3826 2526 780 2306 2836 1517 2786 3005 1301 666 1200 301 3945 616 3626 4070 3533 525 1568 300 408 2031 1792 375 966 3194 4691 3823 624 2578 1817 2497 3677 1089 3707 4311 2887 3222 3266 2204 3260 2637 3423 4257 567 4826 3213 1438 1719 3826 223 3151 2606 971 2765 1028 4925 77 867 1823 2639 4774 1195 3978 1384 4801 1243 897 4263 2183 2229 1770 4278 3226 2553 1739 521 542 4030 2282 1070 1032 3567 1219 3424 1514 2274 603 3005 2456 4986 1715 4362 1936 4028 210 4218 2348 2639 3323 2131 737 3673 2363 2435 3553 4496 3062 671 2975 2468 11 3816 2102 696 3050 1250 2870 2100 1326 1186 939 2382 2705
3848 1426 4368 2269 1570 3086 3718 3928 903 4704 4637 4878 3250 329 1588 3180 2975 157 224 2539 365 2411 2080 4300 3076 3109 3548 1233 1131 977 1118 1924 1405 4147 438 11 621 3426 221 4560 3344 3135 977 895 2701 313 1294 3606 1689 3141 4889 2735 2445 3534 1573 4737 4389 793 2994 3669 2913 1921 2134 710 1727 780 614 4039 2194 4739 4913 4146 1747 3299 3996 2426 3521 233 325 960 3551 71 2842 2279 388 705 1553 1989 4646 1560 4173 1918 1236 2692 2739 385 2387 4653 816 1609 4876 3935 1562 4087 1338 4286 2886 3197 4375 331 2394 1711 468 2808 90 2987 3872 2880 299 800 384 838 1793 4974 1302 835 4442 2225 2773 2142 4028 1784 4654 188 993 4252 3313 543 3678 4476 4299 1076 2541 2016 3395 2442 451 4509 181 2249 2085 4648 3701 1052 1033 659 151 2601 26 1163 1406 1199 625 536 27 2524 4656 104 4824 4432 4311 941 294 1087 4998 4645 2626 4223 1617 800 4730 1863 3937 294 1294 3187 3946 1210 1000 975 1188 1340 3808 1197 176 448 3307 3285 1201 1202
3242 4383 1639 539 3045 3226 2366 2887 2046 3028 2994 413 2357 3433 1553 2975 4347 2522 4599 2400 2357 1102 3711 1333 3414 4700 1835 4203 3932 4608 948 529 3560 554 4668 401 4175 3390 4518 3570 1765 60 1258 1835 1595 2209 4992 1774 1953 3276 3485 3172 178 3041 4433 94 2069 1664 1333 3656 196 2806 2151 4318 61 3520 2674 3004 1508 741 3471 2921 3897 3759 3297 3631 4801 608 467 4748 4830 3022 4080 2094 923 3317 4891 1413 2726 2040 563 32 2393 4005 4345 121 3005 3123 4180 4005 2092 2800 3163 3222 95 3539 4053 1587 1415 4611 2956 348 635 2659 2681 2643 4755 2475 4749 271 3896 748 4029 244 85 1891 3115 1732 4820 4516 4244 2520 191 3598 1475 4417 880 4622 1767 3844 998 1490 2176 2824 4697 2715 1951 506 534 4871 4122 4037 1168 1116 3781 3204 2163 1359 4281 512 3198 2824 442 1086 3700 4522 1769 934 3519 392 4700 1824 1298 969 1129 707 986 2461 2457 4642 2304 2837 4289 3037 4545 2050 4676 1335 4499 540 631 2975 1112 2236 3317 2879 1535 2076 1760 3576
3876 3277 3270 1106 3300 4120 4028 3117 3781 3820 1303 2056 4716 2700 2100 157 2522 3646 1918 1098 1692 1235 3861 4241 3567 3667 796 4638 164 4703 3909 868 4473 3233 20 163 3088 2503 2420 2156 1261 4446 4901 2767 4843 4301 3264 1010 577 4010 4703 844 1099 336 4682 1126 608 3774 2101 3849 4206 1814 2744 3951 682 619 2020 4323 4219 3964 1972 704 4674 4032 1250 4701 1732 3135 834 2362 4016 3986 1488 2731 4404 1768 4053 3340 2421 2168 3636 2138 4413 3525 925 215 340 1976 3770 2599 4843 2677 3645 4303 406 4695 3867 1355 749 448 3261 2565 4915 302 1619 1695 3900 4380 1990 462 4145 2084 2173 1465 916 1142 921 4709 2891 2663 4506 2962 2067 4373 141 864 121 1106 48 4787 4534 2420 3578 760 1343 3236 1531 634 234 2244 1596 29 1089 541 1753 4626 452 3102 4024 2605 4411 4569 1340 4094 2761 3940 2593 1289 3514 2507 3014 2952 4947 2150 4562 781 3051 1776 1619 4376 37 621 4573 2075 2009 3129 540 3203 3952 1222 1104 3664 758 792 206 2015 4806 2893 3167 3380
92 1701 3174 1460 855 1291 3676 4756 2606 1345 3259 3634 3781 2867 4484 224 4599 1918 2260 762 108 3254 584 2863 2668 3641 4290 934 4025 1590 4538 2638 4884 104 624 4732 1859 3806 675 763 1874 3431 747 3199 4378 3941 2945 3180 3448 3965 2381 2904 4791 2420 2189 4679 4131 1797 4933 4400 124 1997 3653 2278 2252 4425 828 2750 2045 3769 1875 1641 687 3359 1120 1067 934 4911 3110 2770 2919 883 3080 4538 370 4024 1192 599 851 3190 2778 3692 1357 4101 4575 256 1873 3179 261 1706 1550 3696 1974 3111 3077 1276 1344 3564 3326 3507 2481 2579 2006 669 4288 1742 4487 219 1484 3162 1911 2496 3371 3220 1652 4170 3668 523 977 4243 1419 3081 99 3370 3398 3930 868 1891 4959 2038 3646 4462 3801 2108 4817 4126 2465 4695 4132 3438 3599 1424 159 1966 1296 3858 528 3117 2446 4558 4944 2894 2927 4679 2068 899 2261 144 3077 2752 4880 2521 4068 917 1828 4698 1509 4005 486 3059 2962 2056 1675 1428 1148 59 1561 1583 1364 4991 1360 4835 4886 516 2306 844 2293 1159 2112 1037
2989 4600 4091 1614 1923 4163 2195 354 2219 1144 2690 736 2196 2687 3758 2539 2400 1098 762 2745 4374 4218 1221 2690 3999 2365 1318 1520 2431 4061 3073 1674 566 1290 890 3907 2250 55 3584 1251 974 3173 1034 3493 950 2168 2084 1012 612 4669 4084 2404 4904 2089 1207 2535 233 3248 1488 2056 831 1833 1248 114 378 1759 4032 3229 3572 2719 447 2859 3685 2715 2484 2152 3311 4952 2078 2749 1349 1188 2145 4848 3280 575 1924 3807 243 3188 1757 1164 3958 3661 3915 624 324 3085 2838 4346 741 273 2705 2845 2716 3914 4769 852 3544 1563 2257 2242 249 3686 2780 3803 4070 2347 3077 3370 2256 3226 417 3953 4083 4168 3079 4065 4141 3815 2968 17 2624 2072 3715 3586 1075 777 95 1389 4768 2411 1669 1221 1542 1710 1430 3055 2757 3215 4200 728 4931 533 3327 4408 2006 4399 4220 4402 1326 3023 2935 1054 2165 3734 3487 2198 2753 1223 2154 4729 643 2849 3327 3305 2197 1137 1512 4991 3653 4611 2474 4203 701 1182 2816 1756 2624 1961 2919 2916 1790 46 3860 2756 2261 3929 3707 2348
4783 3423 4632 4302 459 4824 2309 2993 2917 3970 645 4126 261 2694 4905 365 2357 1692 108 4374 2896 407 1244 1423 29 1984 1211 430 447 663 1970 828 2416 3445 3750 1795 3813 2381 4668 3945 1624 132 3175 2346 3809 4346 174 2167 3433 3159 837 4899 37 408 3327 3454 2119 4911 2101 230 592 134 3110 2940 1978 3763 2072 2383 3677 1986 766 2751 4891 2739 2221 490 3136 4407 1613 4647 963 2362 316 1804 2495 3840 902 3794 2734 3718 286 1614 2589 4505 3747 720 4964 4159 4237 4693 4706 1158 3925 3267 3572 4819 872 2997 1053 2872 1888 2038 831 4909 3513 3684 1393 806 1455 4584 2004 3036 737 1276 2247 4988 4924 1359 1046 2080 1862 2044 4576 1951 1007 3913 3531 608 3941 4788 3261 2824 3602 2823 373 3011 3991 499 4164 2038 3878 4731 3878 4099 2080 766 454 3845 4693 910 1991 4815 1493 3431 753 406 4377 3954 4289 2903 823 4016 3122 4319 3400 1200 3064 4670 2687 3104 697 4570 348 4355 4501 3892 4827 3705 1064 1679 1040 3827 2774 533 3169 1023 2276 2752 914 4558
4472 4004 693 2045 2284 484 696 1429 4119 4542 2750 4068 1077 3768 2778 2411 1102 1235 3254 4218 407 212 4138 3174 4198 4815 3040 1508 1520 3673 3329 214 912 4356 845 3420 2821 2651 2793 3610 1845 1121 3016 1345 1698 1529 1596 1692 2711 3689 3735 3704 3931 2029 3308 3899 1287 3685 1279 897 3635 3912 834 2625 4308 4929 2715 1207 2285 2233 2291 3161 799 2398 1136 1134 175 2193 3928 3410 3191 3106 778 4858 1731 2466 450 3862 660 1256 2693 4589 1699 2809 1532 281 377 3729 4435 229 2926 4759 3814 2288 2647 410 4095 2134 4653 3205 3075 4960 2368 1227 4570 4990 880 897 3747 1025 2317 4725 3942 3131 2448 484 2119 1090 4251 834 3925 2167 388 2493 430 1410 1583 2943 3407 874 1910 2373 4540 4854 196 2282 783 1600 112 3144 3656 2934 4548 1271 3116 3255 3535 2776 415 4956 3106 1527 4725 3210 163 1814 4713 1443 1425 2111 232 846 321 3308 269 2517 1438 3472 2733 566 3250 3593 4295 3639 4249 1712 2557 1036 1204 999 3175 447 3567 1848 4238 1316 1707 1607 1906 3449
3356 2219 3128 4209 4910 3522 2387 3211 2329 4046 3911 955 3734 3603 2266 2080 3711 3861 584 1221 1244 4138 1361 1987 363 3064 4926 4878 4967 3421 169 3655 1512 4552 1594 1636 1753 4023 552 2377 719 3954 165 4265 1460 4170 291 2100 4217 4855 1672 571 980 3526 4285 4354 1279 2875 1113 1185 4728 2917 2171 954 2910 163 4494 3561 1736 4486 4498 150 1799 4357 2602 450 938 600 2227 2964 2276 343 3541 4726 277 4150 436 4569 2619 3879 3910 669 1363 1317 2620 4533 2212 4194 4386 4135 3805 4477 1181 1391 2485 4564 621 1813 1990 1580 1788 2526 1542 1972 3870 267 3862 4452 411 3916 372 4649 3565 4943 944 3340 2306 1309 3763 1273 3529 2380 2412 4636 2372 3837 2436 2939 4165 2370 4219 897 4532 4724 2264 2679 2230 41 1717 921 3316 948 1288 2467 1788 4246 2267 452 2101 4171 3450 848 542 607 676 546 2309 3109 4881 1967 108 2403 4557 301 1272 893 3511 1229 4260 180 207 2516 1224 3866 3605 1172 3727 409 433 1530 2693 2986 28 85 3228 2305 4161 3405 2255 2994
921 4021 3578 868 3623 2465 2250 4476 2525 1931 983 4138 3694 4679 4621 4300 1333 4241 2863 2690 1423 3174 1987 3410 2162 2876 3859 2056 2329 4597 1694 2908 2184 2425 235 1849 270 4670 105 2548 3009 2343 4047 2093 1900 70 2075 2058 2983 76 4912 1082 56 3660 455 3075 1470 4512 3724 4932 167 4265 3304 2146 2829 2381 162 1795 1140 1407 1361 4046 1061 391 3865 3318 1251 1703 4036 3326 3724 4013 1194 1224 1695 3417 4375 3495 3029 4402 3372 556 2153 3315 294 156 4861 4687 2701 960 2937 1624 2929 3587 2561 3235 4810 2184 2465 1296 1737 792 318 3447 3414 3402 4510 4444 4335 2454 1238 492 3856 1344 1605 4254 1546 4538 4155 379 4451 2621 3279 3551 2092 2571 230 2609 3439 497 2153 1169 2086 4546 4924 701 3412 1423 2152 60 3916 2612 3887 4782 2533 1782 4523 602 1219 3886 2945 2939 3457 4951 3385 2876 4556 2758 598 2957 1773 1044 499 568 2450 2969 3459 2124 1983 3295 600 48 3480 754 2152 3187 4731 1491 4659 3200 4423 2998 4187 2491 3404 3994 3681 1160 3193 2952
1514 198 4767 348 1738 1649 4967 2364 2080 3745 3914 1022 3438 1524 518 3076 3414 3567 2668 3999 29 4198 363 2162 4860 4309 3241 4593 3962 575 465 4438 3272 322 2293 3621 2625 2400 1332 4556 1038 3892 4402 3748 2393 469 3895 2788 1694 1599 2923 4355 3709 4196 1807 3633 4937 3133 1414 2652 58 2657 557 1522 3417 605 1577 1573 374 1501 77 2486 4967 1066 2077 4723 4997 1715 2160 4756 734 4385 2295 3874 3171 4833 2418 2562 2911 3813 3044 1338 2904 3759 2776 485 1628 783 3410 3288 3300 1716 1227 3815 4900 4125 512 416 3853 2617 315 2872 4455 110 147 2388 4304 250 3081 3790 3456 2274 2495 1539 1998 4468 1010 2202 2998 10 1364 1112 831 2372 847 309 3945 1597 1169 3405 4846 702 4893 3617 27 671 410 3885 4604 2917 3563 2182 4969 682 1457 2681 1449 3869 1822 3244 3061 1246 971 359 3631 2819 2722 3658 1282 1693 4449 3373 3771 838 3649 2411 4244 3263 2191 63 3712 4344 510 2445 2160 334 687 4009 3357 1124 1692 75 4513 4784 4149 2144 1938 86 1524 1629
3996 1380 690 2423 2139 2545 4054 3743 4047 4034 4486 4171 4694 454 1547 3109 4700 3667 3641 2365 1984 4815 3064 2876 4309 89 1630 3142 4900 2895 1159 4004 1365 4646 3703 279 2546 2622 4036 2710 2488 2277 4227 2254 2671 4135 3409 3345 4719 653 4040 2453 1743 1172 259 279 2340 921 3183 3632 2147 4551 451 699 4053 2603 1508 3230 264 1790 4244 3034 13 4493 230 3156 2197 4232 4198 260 3059 3716 1242 565 3362 1228 387 43 114 2351 4228 637 1270 2633 2715 151 4698 2830 2166 1273 1460 22 4394 4880 3749 3868 3252 4438 3337 3242 1151 1970 2946 1780 2435 1411 2802 4435 3329 3989 4660 1465 4521 4275 50 4651 3998 3695 2270 1692 37 1187 2200 1714 1266 1124 4396 1503 2094 3585 200 1245 4836 1717 4009 895 2424 2527 526 1045 3254 574 4942 2942 3270 4781 2451 4059 4358 3294 617 905 2468 536 3773 3779 807 1082 2740 3108 199 3029 4016 1782 3615 1484 1355 3045 4787 229 115 3234 1251 1445 788 1841 3936 993 2951 2790 3825 2162 2023 4917 2297 3504 3739 3579 1831 600
1010 2121 4888 788 1713 2256 2862 1506 2740 4291 3256 4377 844 206 3331 3548 1835 796 4290 1318 1211 3040 4926 3859 3241 1630 2347 4475 2695 1388 2067 3870 2078 1221 2784 1052 1350 1761 4040 4552 3480 1461 3240 2176 2940 4488 4087 1780 4711 956 286 4020 3409 4792 2989 3117 4470 886 1893 788 4800 1317 1448 4497 3196 1738 4083 4808 3677 1846 4439 1844 4269 4412 2530 848 1247 1137 4139 3371 1893 3700 1257 2794 3582 4934 2947 1385 326 4699 4073 1812 3377 1826 3928 4372 1829 2606 2459 3387 3306 185 1805 3963 2417 1720 1908 2854 3828 1637 878 4543 250 3073 1086 3393 703 4814 461 356 545 69 2175 567 1752 1683 3402 4404 1854 1447 4123 4963 3435 1224 4562 3426 3473 4622 417 702 1048 2775 2032 1444 4843 2479 1435 3141 1155 2175 4632 4540 1491 1708 1662 1865 2812 380 1891 1792 1967 355 4602 594 2567 592 3898 379 2681 4734 3485 2567 3561 3418 4729 1678 3911 676 198 3512 2001 1121 3385 1341 3083 3131 2503 275 86 4945 2607 4940 1030 3169 4724 4710 2686 4308 426 1556
4540 4009 809 2393 3013 290 4325 3093 3320 940 2040 3740 962 2958 4595 1233 4203 4638 934 1520 430 1508 4878 2056 4593 3142 4475 408 1027 3912 1804 4950 3167 1883 4691 381 3082 1041 440 869 2799 40 1550 2242 3372 1224 4025 129 2094 2748 3618 3685 897 740 2861 4287 134 2901 4872 1505 68 66 959 3389 4719 2457 4667 3522 471 4946 1932 2260 267 994 2614 2595 1996 407 4800 1661 936 2497 560 2293 1987 689 1319 2510 3865 2912 4530 2741 2610 4683 1580 4949 3367 120 2535 4767 4655 241 359 1459 1219 2851 1142 184 4491 2477 2672 180 1474 4574 1587 4084 4538 3329 1946 3645 1676 4842 4711 398 1137 508 1077 1035 4742 1422 4597 2286 3756 4703 642 949 4625 2795 2694 1775 575 1159 1833 3612 3172 4236 2299 4666 943 1502 3842 93 4388 3384 4633 4903 4484 3273 1438 4810 780 4260 2959 2116 3097 4686 2113 450 3401 1140 4249 1127 3620 3390 3256 1741 3824 4670 1660 3004 2594 2972 3717 89 1992 2016 4436 2338 2489 4746 458 4150 4646 3831 4815 1171 632 4489 1797 86
728 1581 3221 3365 4520 1940 2905 76 2479 64 2014 2093 4153 2147 3231 1131 3932 164 4025 2431 447 1520 4967 2329 3962 4900 2695 1027 178 736 121 1987 4648 1354 2437 2772 1138 2228 2921 954 973 4636 4372 1197 1988 3415 166 1509 2367 4853 3655 3427 2727 369 1045 1786 3550 1934 1078 1803 883 4835 2283 1880 1560 879 169 3950 1163 2755 1453 3102 1460 1980 4353 1978 1135 4821 1320 4975 111 1939 748 1732 4478 4985 1394 1994 2054 2595 3524 2526 3660 4774 1019 1200 4963 3189 534 71 3820 3234 3501 4558 992 597 1901 2163 1964 2440 2364 1750 4788 646 1483 2038 4650 3184 623 4156 4388 1975 2500 4527 1674 3687 2221 1585 2402 2372 2500 23 1403 3510 4891 1001 4076 1112 2420 1549 3888 1270 2053 1907 125 4522 2106 2179 4864 1750 3084 11 947 366 3027 3746 3684 3484 3571 4783 2001 2398 2197 2972 1582 1210 954 457 95 4107 4032 2239 3549 2592 3316 2947 3635 3910 4602 4331 1499 514 106 4993 3915 2276 32 4103 637 4449 1358 4579 2885 3028 3279 3377 359 372 1955 2130
4661 3271 4963 474 4302 3357 4981 3043 1312 4211 4232 4733 4743 4248 2455 977 4608 4703 1590 4061 663 3673 3421 4597 575 2895 1388 3912 736 1913 3029 4553 3701 1687 3754 2580 1200 4498 3712 1402 1369 2960 4614 2591 4156 1321 1308 2571 1745 3551 2094 841 1603 1609 3134 2188 4526 1061 4138 3695 3445 3991 460 4057 1935 4741 3491 1624 3924 4236 4014 990 4548 3287 4539 1903 850 617 1266 2887 1452 349 2004 1765 2269 2210 1864 1669 132 2018 2428 913 1939 4825 2372 4722 3880 2579 4009 4207 3887 3572 4416 854 3548 2184 285 2027 1658 4025 1134 3674 2429 691 2906 1560 3052 4229 3149 1126 340 4940 950 2030 4144 3381 4362 3235 4645 3641 3392 3107 1787 3360 1947 2370 4252 3477 2831 2562 4533 4788 4094 2195 368 2060 4497 1684 3136 1727 2331 4932 3248 26 2830 531 1669 3463 102 60 1253 3080 3057 2157 2642 2391 4385 1038 1955 3115 3855 3402 835 4413 1379 788 4953 3321 4742 926 2220 4698 4582 2763 4508 943 2049 901 2124 3619 3591 1811 1757 4145 750 4058 1539 121 4817 3015
3714 578 1980 4670 3811 3655 2007 1865 3209 39 4237 486 1516 4991 76 1118 948 3909 4538 3073 1970 3329 169 1694 465 1159 2067 1804 121 3029 3998 1604 2202 1882 2301 459 4500 3928 1877 4471 156 140 3946 655 2963 916 367 1206 3307 1200 2379 3448 831 396 1912 2512 958 3075 793 1749 2669 880 4538 3196 2915 2938 1728 866 1459 4448 1821 3521 3177 1409 1483 1855 4571 4344 4084 559 1694 2792 2133 2822 3252 893 2636 3711 1922 4384 2070 3701 375 4035 4767 434 4546 4756 3610 2571 2401 1212 2849 2748 407 4227 1598 4060 2568 2592 4678 2890 4327 3347 2855 4418 1776 1777 389 4680 3134 937 1226 2068 1619 687 2856 4647 3735 3473 2988 3593 219 3040 1295 3560 399 2002 2523 4815 1222 1460 2943 4270 3511 2319 4489 4968 415 337 2526 3360 1653 2964 1200 2515 4289 4011 2336 2832 3235 1141 2613 4530 3955 419 3602 4584 4886 2435 3531 379 1082 2171 497 2419 3234 28 1329 3467 3700 3829 2915 814 3709 3806 1259 3986 3639 4651 267 3903 4822 4635 273 2454 4652 4036 2557 4504
4027 3949 2736 3179 2736 1940 2124 603 4136 43 3751 4395 236 1505 3237 1924 529 868 2638 1674 828 214 3655 2908 4438 4004 3870 4950 1987 4553 1604 772 4057 1908 1085 3893 4361 1404 1723 4444 2012 4261 3893 219 3932 1849 3013 4718 3627 3182 897 3368 4575 1488 4528 1912 835 1975 4291 3821 2304 4276 2949 1594 977 3489 1926 4740 4176 741 4974 2372 2910 4943 146 4741 3061 4340 1542 269 638 128 3540 4315 2852 2941 3237 3648 3092 3070 2012 4102 686 195 1197 1521 2399 109 2205 1676 3374 1563 3134 3997 841 2258 54 4782 4473 1115 4474 504 1948 1338 2771 1765 3445 466 2875 1782 4927 3795 3987 2176 251 2373 4706 2608 3504 194 3743 1880 2555 1511 117 2044 247 2589 2040 1339 1640 4188 294 1792 670 2949 2602 3718 4959 2736 2914 3612 4055 988 4890 439 2527 4765 2768 1711 341 4265 4838 511 2210 3585 4834 4695 3336 1178 31 1569 3277 1054 2936 1312 4933 2145 4883 4441 3589 2359 3811 3775 1314 2734 3984 4499 2189 1549 4453 802 3354 4895 621 1423 4359 2061 208 3144
2403 2720 949 2522 4869 2895 3646 1622 506 367 3320 892 2973 1082 2688 1405 3560 4473 4884 566 2416 912 1512 2184 3272 1365 2078 3167 4648 3701 2202 4057 1477 872 1161 2859 3784 2794 3251 913 3106 1438 253 2459 442 2447 1217 4128 4006 1216 4822 1396 1794 4632 2953 4774 744 1177 1943 3344 3216 465 3101 2149 3790 4628 3274 3962 1886 1951 1812 3295 2137 3383 4975 1245 1998 2536 4530 4958 238 311 4221 3773 182 1864 1931 2112 744 4676 3079 4194 2089 79 1861 4454 454 990 780 1858 76 3647 1985 1688 298 3745 2631 3085 1595 341 1784 363 4295 2640 1647 1150 1930 3233 373 349 4525 2476 3897 1129 1569 971 3898 1490 1946 1746 933 3165 855 4897 3999 737 4642 3320 1681 945 2398 4738 2834 3432 2192 1870 1100 1489 2597 690 1015 3048 1683 273 2541 3667 2635 2426 4716 4554 4294 1976 4007 1429 3473 3775 1998 4008 1813 4277 4364 778 2571 4611 43 4776 2828 2558 807 4230 3868 518 4268 2696 3287 4103 2524 2189 193 3151 3270 4311 3232 1018 4793 3575 3691 1141 1718 2912
1610 2953 524 4223 374 2350 2732 4331 2665 2410 2450 2501 307 910 2879 4147 554 3233 104 1290 3445 4356 4552 2425 322 4646 1221 1883 1354 1687 1882 1908 872 4814 1324 4558 4777 32 2539 1188 1614 2568 3830 805 797 2295 4174 1941 2178 1200 4105 367 1148 878 4745 1834 1240 3550 4522 179 1226 4545 4470 1547 3713 2662 1164 3551 1800 1138 1420 3902 4658 2104 3403 3078 4882 231 53 275 1120 4141 402 1136 4669 634 616 345 363 4387 1696 4286 1194 4943 2396 2172 659 3412 1944 4374 993 1889 4096 2178 2980 133 832 1463 3046 1956 4074 3463 1123 11 2748 1599 3561 4961 1796 674 4106 3603 2651 2349 3183 4821 3857 3047 4422 4173 3352 937 3482 3587 3105 4596 2683 700 696 1486 3990 4680 897 3720 4463 2682 4020 456 3138 2002 4068 2733 3656 4193 4191 158 1782 3963 4474 587 2297 965 834 2630 778 3071 898 1085 664 1801 4627 3117 4491 4715 4935 3232 3766 2737 241 3494 2692 2181 1644 1240 606 3104 2325 2033 107 4657 1480 497 215 3835 3305 2684 4744 2725 747 465
3026 2280 2188 4903 3190 1614 3619 4809 3729 2870 4785 1900 2114 621 929 438 4668 20 624 890 3750 845 1594 235 2293 3703 2784 4691 2437 3754 2301 1085 1161 1324 3129 2560 1593 48 1432 3666 53 4081 1086 4329 4622 4320 205 2319 3596 4812 3478 3863 659 1173 327 240 4016 3657 2936 1259 1689 3606 373 98 3938 1642 2984 2204 4345 2156 4032 3031 1063 1930 4264 1092 500 3063 157 4832 4580 4664 2462 4725 4776 4478 4928 1766 4765 1934 4016 846 4252 3172 496 4962 3863 3828 2255 3942 975 1522 4640 4877 1281 2938 3520 18 4497 4473 2298 3020 3093 1546 1228 3587 3192 3825 1036 3330 2766 3798 2000 4424 2503 3235 4394 3718 1025 4582 4420 3525 4196 4923 1894 893 1285 3853 515 3593 2761 2982 4773 3291 1523 95 4855 857 4696 4999 2783 3327 4496 3013 2226 1287 363 4537 4979 2189 2449 4182 1076 510 581 761 4230 2663 407 3679 2945 1178 1684 3949 1858 4043 2470 3707 4094 3239 2958 4932 4036 3970 1439 4599 4233 4069 764 4999 1288 2044 2945 2687 2510 470 2490 4355 2643 222
1643 3760 3294 435 316 4291 3637 2563 720 3984 2469 749 3577 3221 2148 11 401 163 4732 3907 1795 3420 1636 1849 3621 279 1052 381 2772 2580 459 3893 2859 4558 2560 4763 1898 3369 1479 500 3670 4427 516 2056 588 4487 1458 4482 4345 1255 1289 418 54 362 3703 4799 2175 1429 2995 3194 2428 4451 272 4861 86 3078 1477 3491 3109 825 1389 2863 4941 352 748 3121 4258 1756 4127 3173 4737 3975 1731 2119 1178 1978 2562 2630 4010 1181 4104 1713 617 2540 1522 1358 2887 3709 1258 2251 3270 4921 1181 1288 2824 2635 3343 255 2130 2662 2771 3020 3735 3664 1155 2422 1467 390 4070 2786 2324 2238 61 2891 706 2907 2619 4500 3394 1971 1353 861 4584 2757 4398 2437 3107 3574 1340 1513 3631 387 4021 2530 4945 3034 288 1922 404 4600 1738 2915 4139 4820 3280 4379 3394 832 427 390 4028 2293 2933 1516 3771 259 3044 1451 1113 1999 680 992 4307 919 4703 2382 3484 2948 2521 4315 1668 3780 3122 1551 4035 3689 2385 1537 3844 732 1220 2440 985 4265 609 2931 4462 4259 1280 3985
4849 2690 1406 4330 2057 4576 4129 4314 4922 1001 3028 4642 2607 3879 4178 621 4175 3088 1859 2250 3813 2821 1753 270 2625 2546 1350 3082 1138 1200 4500 4361 3784 4777 1593 1898 1455 924 662 1509 2397 3226 2673 2065 4256 1679 143 2494 1816 994 1827 4439 1589 4671 1692 347 1450 1066 3085 800 3500 2656 1676 695 3079 4535 3681 3331 3424 3732 1600 4758 3375 2785 1034 76 1968 844 346 2152 653 4346 4030 2802 367 4363 1316 4531 4068 1762 1488 1324 3752 4059 2098 621 2592 1312 3245 1121 653 4583 2657 3339 1766 3741 2305 4058 2506 4889 734 1912 3302 4609 3918 3798 2293 4478 4771 638 2540 313 3233 619 633 4802 298 4338 1347 1217 3065 144 4210 2172 3344 233 4310 4616 4466 4548 1065 3220 2286 3345 1100 383 2316 3858 4713 4301 3914 468 3258 1920 96 4780 3308 234 447 3176 1371 2904 1349 4619 3280 2454 3779 3727 4153 285 2507 424 1606 4611 4328 3992 884 1734 4875 2688 2650 1507 1438 1171 3949 3208 2747 3617 4065 2207 1214 3320 4120 297 3301 1586 3205 4523 4674 4133
2342 1060 224 887 203 1331 2570 2950 1689 2559 215 3853 1510 2737 1601 3426 3390 2503 3806 55 2381 2651 4023 4670 2400 2622 1761 1041 2228 4498 3928 1404 2794 32 48 3369 924 2660 1451 1752 4560 2825 4610 1242 1103 2194 612 1881 3429 3485 2667 3062 1440 4885 3026 2332 656 4730 1162 4745 4954 3462 510 735 1871 1377 3872 4436 2038 1399 2493 1586 3427 2315 3724 4269 3880 1020 459 1919 1610 4550 151 3403 4122 2544 703 3520 2865 4144 3955 3147 3632 2855 2544 4571 2589 1994 3516 4278 1213 3888 3040 2771 1730 1808 4268 3415 4630 3358 325 1715 2217 2184 2009 217 1662 2690 2458 1894 2668 4973 2398 1655 802 2838 735 3611 1963 3813 3791 4518 691 3386 2571 2850 3495 4722 2567 2808 2733 3868 2021 1641 1364 3374 4129 1024 3195 3192 1462 1696 2608 3867 25 4185 709 614 4379 2306 398 2583 2881 4270 649 818 3161 706 4363 1304 2699 3966 2564 46 146 665 2365 1094 295 605 3421 2417 3403 4529 3111 2341 3500 3229 1115 4642 279 4084 2282 836 947 4473 664 4083 997 4084
4050 1696 3610 2988 2920 2746 4106 3074 3002 4015 4186 3232 2453 4631 4888 221 4518 2420 675 3584 4668 2793 552 105 1332 4036 4040 440 2921 3712 1877 1723 3251 2539 1432 1479 662 1451 2261 650 3676 3280 1780 4982 4087 3750 4812 1768 2896 3082 2718 2473 1313 86 1783 80 1691 117 120 3152 115 1114 1219 1673 2717 688 1692 4366 808 1365 1020 2460 4675 681 1084 1106 1703 276 592 766 525 262 2574 426 3453 4814 3593 4583 1684 988 1715 4439 656 88 3755 2549 2927 1770 1376 900 486 1909 3723 3083 2801 1546 3881 1772 2738 1900 3983 460 2554 592 881 913 4883 3108 689 3459 339 4190 2290 1349 3284 3969 4640 1478 3794 16 28 2335 404 1500 3324 4557 2395 3533 342 2998 1720 3291 3446 1817 555 702 4798 1524 2061 4171 631 4692 4543 4337 312 2646 2646 4881 181 1084 3287 1004 1547 562 820 4906 182 364 2357 3430 2080 655 1580 3366 4665 924 4432 4040 4808 444 4043 1489 2936 558 4637 1088 1498 2200 1110 4056 2106 4406 2744 2935 35 953 4613 4166 4720 61
1845 4453 3181 3784 2292 549 608 396 2654 716 60 1456 2500 3252 1929 4560 3570 2156 763 1251 3945 3610 2377 2548 4556 2710 4552 869 954 1402 4471 4444 913 1188 3666 500 1509 1752 650 13 2882 4303 329 3518 2984 3009 2738 2604 4963 1827 1131 4878 4023 49 3411 2020 4557 3461 4993 1880 1835 3953 1753 1849 3187 4079 3927 4934 2881 3507 2263 2130 937 4305 2579 533 3777 1661 1530 4292 1075 2071 1788 4477 1646 3973 4422 4839 1369 3326 91 654 2429 3316 3304 3315 4333 403 901 3315 4641 702 2470 973 1219 487 948 3203 4685 3006 3844 2391 382 698 4611 3336 3916 3858 988 4461 1634 2092 595 117 793 3640 1357 671 2892 3544 2099 2649 482 890 1463 1133 902 153 3786 1413 1933 1061 1923 2328 979 3485 1517 485 2041 1633 2986 2601 637 3559 851 2475 3084 2286 2266 3712 723 1648 1466 494 4743 4629 1621 4356 636 2292 4134 949 3356 276 4202 4370 3483 739 1295 314 4759 3333 464 1280 1046 262 4689 3736 4788 2649 1821 2792 2460 71 3871 3617 478 2146 1289 3970
