N: 200
M: 90
Symmetric: true
Triangle: false
1 90
2 161 59
1 10
3 68 96 117
1 26
2 194 154
2 139 39
1 30
3 165 101 33
3 113 146 143
2 176 144
1 120
2 67 36
2 13 81
3 157 142 149
3 85 73 44
2 49 102
2 166 192
1 153
1 6
3 40 114 89
2 88 80
3 162 75 195
1 91
2 23 170
2 94 141
2 182 199
1 155
2 134 156
4 38 72 34 106
3 1 57 185
1 112
6 121 8 100 136 35 138
1 163
3 31 9 107
3 19 177 175
2 61 42
5 2 27 187 14 37
3 178 3 164
1 174
5 5 171 21 188 79
2 183 168
3 147 7 87
2 92 158
3 181 103 108
2 118 140
2 20 110
3 74 127 98
1 133
3 123 71 116
2 12 160
2 45 104
1 135
2 32 60
3 119 11 145
2 137 169
3 76 47 82
3 115 173 46
3 122 179 78
2 111 56
2 52 150
2 105 83
3 53 167 62
4 18 132 17 189
1 48
1 124
3 58 126 152
1 198
1 43
2 128 22
3 51 24 25
2 172 130
1 186
1 86
2 196 70
2 190 197
2 109 77
2 15 50
1 125
2 200 4
2 29 151
4 64 69 131 16
2 99 97
1 93
4 41 28 184 95
3 180 54 55
2 159 65
2 66 191
2 63 193
3 129 148 84
283 33 2911 3955 2700 1299 2275 641 4547 3996 4751 439 952 3588 4498 1368 4982 1904 1199 3346 4357 1419 1516 3366 4070 1143 249 3090 3318 929 4041 2921 3367 2682 1451 1840 1090 3435 3571 4331 1721 4294 1123 4144 2722 1273 807 1982 4275 2101 1929 4014 1016 3543 3306 1884 2406 1136 2424 4886 802 2686 4698 1424 3733 293 1009 4320 4777 3988 3888 241 2684 702 1839 2893 84 1054 2399 1559 3942 4662 3375 441 2121 1279 2429 2593 2214 2125 954 2458 2202 3237 4484 359 984 4569 1877 1721 797 3867 218 4502 1331 4042 4687 1017 2250 3015 2851 230 2035 3706 3532 2856 633 2626 3835 2787 4360 1922 711 1356 4336 634 197 607 3920 4003 563 1780 769 2593 34 1278 3619 588 557 3550 1146 2997 1063 776 793 1865 2188 4187 3195 4863 4521 443 3515 173 3722 2922 3275 660 926 4765 53 3341 935 3657 1127 900 793 165 424 4889 4079 306 1658 3580 3532 3719 792 3982 2774 1622 43 4975 2887 1338 3858 618 428 699 142 3939 1609 1894 740 2313 289 3717 3084 3734 4278 2667
33 3602 2328 200 2733 790 3797 2700 4358 3648 4353 4677 2077 2689 442 557 384 717 1494 1336 4323 2882 2736 2682 4808 3564 3316 4902 1573 2630 4247 3794 3548 3384 3632 1073 3272 2279 3121 1241 1656 3235 3342 3549 4356 1494 3632 3775 1396 2491 1359 4603 2916 3431 2640 3388 3576 3707 1236 1403 1324 1854 2938 3551 1839 524 3020 4264 3030 841 4414 4489 4129 538 4010 3367 2909 3337 532 3040 3277 4192 4201 259 238 4142 2978 1882 292 3961 4769 347 1217 1910 4520 4056 3635 2018 3414 598 1681 4842 442 795 1460 2438 1211 3995 2064 3477 2758 1645 4176 1905 3911 1567 1639 416 3541 1758 151 436 1939 1884 3432 3350 2453 4443 2502 4753 4005 4490 326 2818 2302 2712 1975 4897 806 1734 3927 3530 506 4023 4497 1910 3759 614 1994 482 1239 75 1301 1206 4452 3783 1935 1387 533 2253 2212 4616 2964 2420 1934 4768 1883 1122 1807 2802 3965 4354 4117 2509 1320 852 4397 2493 3252 558 352 2509 2679 3966 2297 4319 3101 1465 1254 3855 2223 1073 1937 3287 3296 4086 3846 3245 2747 4725
2911 2328 3413 574 3308 4796 4316 4181 1310 668 3486 2758 4931 2868 1320 1329 4300 3905 4285 2742 2879 4717 1872 2059 4835 349 4659 3140 666 1069 4981 3323 4292 228 998 3246 4900 1897 3630 3675 1267 4838 3179 2216 31 1340 3936 1164 636 3076 2955 3938 396 3909 2774 861 4085 1267 4813 2312 651 2785 1483 4339 3352 79 3468 4768 377 1111 4843 1734 3003 3340 4180 549 1575 4150 3941 4483 4803 4080 3525 440 650 3429 1609 688 1536 377 2089 1218 1873 627 2467 2366 4186 1716 2608 4624 3257 1311 2073 1279 1049 2303 3598 3073 3914 3792 2541 2320 3880 3374 4545 2377 1959 521 3535 884 993 2979 244 3465 385 4978 379 3894 3507 3722 3019 1476 1309 3508 374 1090 501 1826 2347 2987 1961 1165 3581 2365 4753 1109 991 4115 1138 2264 178 2245 4977 2956 3302 3428 2668 889 22 724 2906 1013 3908 349 748 3279 41 2240 834 2232 3209 123 1610 537 2408 338 3447 1787 4464 1238 685 379 3341 4238 2668 3247 3493 1280 1462 1882 982 2379 2274 221 4868 4692 4697 1268 417 2577
3955 200 574 4999 4690 2310 3726 2000 729 4940 199 827 290 3161 1769 2757 1576 3163 892 1056 3711 3233 4465 1620 184 304 379 2882 3386 4478 4566 2958 2452 1661 4476 3791 948 707 2813 4790 2780 4762 138 1515 4846 2940 504 137 2246 1818 1458 92 363 4144 3876 227 1113 3141 1031 384 3141 2119 3453 3360 2493 1285 4344 4802 164 3640 3347 864 1580 1075 2484 3244 3602 721 768 4105 662 4794 714 2064 520 1403 3915 808 2656 327 1168 3440 1189 3872 426 2414 4271 889 4652 1964 210 872 3767 4917 837 1417 3227 1494 4375 4160 870 4621 3739 3220 317 1580 3729 484 3866 4063 2887 4460 4501 3919 463 3571 1249 1999 2216 225 3333 4576 4328 1336 4232 3858 4856 624 472 1458 3574 2700 2442 2043 3112 245 1950 1140 2295 1662 3929 1336 870 1938 611 4396 2909 2433 1649 4367 872 3008 4483 3534 983 538 1582 977 4384 4457 2037 258 3845 4022 693 77 70 4921 3686 1841 3759 3288 3611 1580 2510 1083 3664 2234 3640 2685 1719 1873 156 3330 4949 3773 3304 1299 584 2702
2700 2733 3308 4690 4277 3813 903 4620 893 3055 767 453 3277 4721 2390 4696 4549 430 1792 3670 149 1958 2188 233 232 31 1361 800 1675 984 4182 4580 2310 3706 1563 400 2114 4008 2510 182 407 3348 3588 126 2144 3152 1511 994 4723 4578 3685 4032 3331 3433 1780 50 3274 1998 165 3537 4155 1103 3284 1111 2510 2917 711 4922 3178 1078 2238 1717 2013 763 845 4602 811 3867 720 4542 2874 1876 916 555 988 2363 1072 3817 2399 525 3703 1472 3682 3587 2371 3191 3896 3635 397 981 2175 3788 2275 1245 4269 1797 379 2822 90 2877 4728 1977 582 1079 3563 2026 174 914 989 3689 4571 1817 3722 4264 3417 281 4699 4145 211 3845 1590 2236 489 4874 218 182 4674 1196 2321 4446 2843 665 2157 3355 116 816 3701 1654 3408 1093 4245 4482 2571 700 2214 4634 2673 3457 2725 3755 1608 4367 1887 1368 4102 1639 1492 2321 2840 4070 1693 793 4292 3909 2662 744 1255 4357 2216 3472 3924 3141 1981 4376 4850 1246 3044 4056 1122 495 966 242 4446 1229 97 4884 1058 3296 1758 3229
1299 790 4796 2310 3813 4344 3314 3129 3505 4682 1856 2773 2018 4836 1273 2425 1798 2173 4411 636 580 3690 875 2142 134 4697 1133 4553 4771 3873 1963 1788 723 4069 2173 3416 3692 4823 225 4141 114 110 2466 498 2492 1669 423 1619 3839 2567 2108 4699 524 3385 1473 1708 277 908 4456 305 759 2329 4385 4426 750 4541 2275 1885 4414 36 2669 962 1703 3561 1902 3186 4916 4770 82 3575 3902 853 1802 3002 2087 2968 2683 2719 4967 2572 600 237 3876 3956 2185 1561 3877 4520 2765 2368 2109 2792 855 309 211 299 1746 3358 2144 1004 1165 4072 2908 2747 2888 2313 4206 83 1795 1837 2416 3640 2604 1568 205 4731 3015 3242 2166 535 2024 3306 2931 1341 4955 4915 1019 4441 4614 4814 615 997 167 450 3186 4307 2012 2725 4057 1357 3829 305 4476 2927 901 4109 3376 452 4849 1031 2629 4452 1467 4087 594 2940 2915 4970 240 4472 2152 3766 3730 3603 1427 2155 4721 1667 1399 1036 3685 4286 3780 2022 4653 1268 4978 786 718 4989 2570 4407 2758 3100 779 3100 2527 3072 1675 4876
2275 3797 4316 3726 903 3314 2377 1166 4268 3191 2052 3756 3750 613 1155 3316 1252 3333 4238 681 3266 264 742 4024 1576 2772 269 2955 4001 2984 1860 757 160 3512 2648 3081 3353 2667 1970 3672 1064 2457 516 1562 3314 2251 3688 1571 1863 567 4195 3642 945 1364 3726 782 2204 4093 632 4600 4846 1537 262 3374 3064 4503 3210 1898 2775 1630 2887 2494 2195 2470 3433 1544 450 3857 845 1936 2282 3624 4182 1019 4936 1246 1480 4888 1144 2987 696 1288 4807 2735 4755 1038 389 3780 4560 2583 416 1563 2556 129 4177 383 1762 35 4719 24 4657 437 1105 4512 4441 2562 3051 3775 18 3159 3124 2800 3911 1505 3816 3306 4681 3630 2257 4819 609 1547 3218 1173 3400 892 85 2198 482 2852 2611 649 3807 3780 1598 4954 1283 4512 1007 1756 760 706 2656 1674 907 2830 4536 2099 3209 4029 2611 1979 1519 3511 4257 3059 1430 1712 178 715 1845 2071 4811 1656 2928 3421 1955 424 2758 3283 2015 2224 4410 3533 1954 1002 394 3155 1589 270 3514 2098 3353 2655 2041 4962 1656 461 4502 1624
641 2700 4181 2000 4620 3129 1166 2270 509 473 4590 3824 3894 1580 3827 3902 1838 435 142 3834 612 3095 390 2032 4358 3558 3740 1049 2841 1107 1644 1445 4304 589 3952 1395 2918 520 1111 3230 875 3714 2023 115 3233 3058 524 3023 1937 839 4583 2952 3723 1239 3579 2729 1780 2008 3710 3115 4492 2616 945 2213 2380 4989 4116 657 327 3498 515 953 4296 3125 1048 1785 2905 4026 3382 1266 1458 210 2959 205 4951 2400 447 2468 154 426 3483 1952 953 736 2520 1174 191 3156 4937 3592 701 3223 1780 1616 814 4663 281 3927 250 3539 219 3494 3094 746 3345 1205 513 149 4576 3090 2756 432 2865 2539 4921 1993 4920 748 2946 2715 4355 969 3242 693 1013 4621 2353 3306 3975 4859 1218 560 1960 3014 2551 2892 4371 381 3247 4278 4586 308 916 3971 2785 3124 3872 3992 699 3998 89 2221 4150 3007 2045 4079 2850 4006 3654 4242 1192 2058 2446 2688 395 232 2283 2675 4619 2572 55 2864 3558 4946 4179 446 1575 4761 1024 4980 521 4541 3358 2459 1901 1586 3173 3366 3321 4234
4547 4358 1310 729 893 3505 4268 509 2144 853 1994 4665 747 248 4087 2608 3780 2149 399 48 3839 3626 1282 4464 2623 2056 2696 3573 4791 4568 2343 2743 2553 1580 4549 1299 3561 3867 1226 610 96 547 2167 788 3663 4440 2116 1180 3725 3994 1820 3919 1768 1543 4809 4634 4758 4353 4528 1535 2382 4453 3258 1833 182 2095 2923 4431 4975 64 3715 1849 293 200 4086 332 2123 3836 481 1066 2887 4680 4464 3022 398 4890 3406 3827 2725 3578 2111 1953 3476 3134 3814 1681 1571 694 4986 1685 4256 1011 4317 1338 894 2103 1636 233 3747 2265 1547 1706 2053 3232 758 827 2417 4235 942 4010 102 528 4358 3639 2826 4663 2084 4144 624 2417 2985 1432 1427 4583 1874 997 3749 2110 2617 2363 4817 3771 4691 3066 4100 3636 369 1239 861 3246 3622 4776 2881 3029 1557 3596 4840 3441 2021 4225 4555 2864 487 2292 1236 1432 868 348 4140 3246 4881 913 418 4567 4462 2646 3184 2179 1335 27 2205 4438 721 4517 2498 2994 3556 1124 3947 120 1914 2726 1410 4276 3082 1665 4179 435 2464 1118
3996 3648 668 4940 3055 4682 3191 473 853 2614 3619 567 3558 3723 2779 928 45 39 1101 3481 1982 661 2204 679 2912 1153 416 2176 1676 1858 3501 643 2437 4589 656 890 1647 4801 3975 280 342 1459 2915 616 2662 1939 2957 539 4912 4477 566 3371 686 1465 620 325 1375 2266 4156 272 48 3873 3642 1160 36 1320 3117 2942 620 1768 2875 1080 4312 4413 1890 3616 1885 308 2576 2288 1173 1979 1860 479 103 1321 4019 4028 4603 195 2555 2690 4175 1204 3732 2238 461 2878 242 1448 3581 2451 3747 2689 523 211 393 883 1131 3631 2090 1847 46 1911 4076 286 2854 4761 4384 3763 4111 2904 31 3585 2442 2433 1531 1084 1006 3628 2375 512 1976 124 4476 4955 3751 1217 3097 490 2949 2008 1037 3302 1419 1243 4701 456 1513 3065 3068 1024 806 4725 4841 4377 3361 2591 2763 2062 3866 4911 3230 4405 4828 4117 409 4098 397 963 2565 3991 2585 850 4923 2996 156 481 3620 4422 3536 4170 2411 2115 1549 1521 2824 3346 2604 3395 4820 1306 1581 1022 2963 2042 4438 3686 3300 1665
4751 4353 3486 199 767 1856 2052 4590 1994 3619 1592 1357 4001 3643 1857 4179 167 1008 152 3236 4156 3254 2335 2814 1104 1880 843 4100 4676 1225 1499 3043 3117 997 2021 3476 3660 2985 3028 1501 3513 544 3400 2237 4552 2910 4243 2033 2518 2390 1072 4953 3625 4324 3925 3037 2638 4503 2598 2705 1310 412 2022 2724 907 2714 1803 3648 611 4140 3109 959 2917 2236 330 2489 4766 4183 168 2190 4408 4647 2455 1993 1969 4662 3811 4935 4752 3222 3722 3475 3763 2240 3699 636 3492 764 3933 2585 2234 2251 3572 2437 1660 1221 3058 448 740 2616 1914 4885 3467 3377 1349 2839 379 3468 184 4102 3630 3300 418 1291 2413 1869 3709 2864 838 4918 4937 4036 3349 3848 2063 521 60 2247 1108 1045 2686 4497 4840 4931 92 4311 4680 4233 2309 2480 826 4130 4114 2014 4576 2845 1041 2042 2224 1621 1033 285 3416 4581 4873 4465 926 4809 2379 1027 1844 1896 3797 3773 3403 3211 4457 3925 3804 386 3808 1066 174 991 1828 3515 1066 3577 4813 691 4263 2183 630 3272 2485 2989 3194 2743 1571 4408
439 4677 2758 827 453 2773 3756 3824 4665 567 1357 1360 3425 2471 1079 3351 2785 1879 92 2794 4570 1886 2622 1741 2837 4682 2739 4456 860 1410 2006 3694 1600 3387 1233 1651 370 4806 4126 2984 869 4835 70 396 3972 2771 830 1124 1878 2712 3025 2109 1338 1085 456 3019 395 2232 2210 4701 3340 1183 4644 2828 1477 4509 882 2426 4447 2323 1536 1795 1795 3358 3596 440 4113 3649 1161 1917 2135 2694 352 1662 474 139 2870 4853 678 4779 2097 1076 4846 1659 1680 3888 1683 1622 1974 2995 4395 2848 3541 2331 4788 3633 4784 3701 1763 569 4634 346 2410 317 4765 803 1334 3150 2747 3137 693 128 3149 2741 2222 4585 4962 820 4358 1920 16 443 1837 2305 3835 4093 3761 3005 2482 3817 254 2795 3039 4840 3317 4651 3790 2542 1740 3674 362 4292 1487 4962 22 1954 1538 4402 1104 443 2250 2147 4151 2443 3256 1781 609 4394 1386 4556 2048 3237 2647 596 4300 1119 2476 3748 3605 1341 1207 3011 4892 281 4306 85 4282 1413 1833 4255 3429 2979 2203 3214 2054 1273 56 952 1586 3419
952 2077 4931 290 3277 2018 3750 3894 747 3558 4001 3425 1209 2912 915 1830 3456 3477 4109 2208 2427 1093 4063 4831 1136 3185 1740 1796 1263 3816 1421 4395 1175 2258 4833 1130 2175 4649 2897 3094 1483 4659 4606 380 1159 1897 2461 2541 1564 3878 4032 1081 4148 1733 1668 398 1412 2153 2529 2804 997 4440 3772 33 1962 3366 3758 4708 2819 2084 977 2389 3507 2009 2588 3335 3659 369 2614 1589 1557 3912 2573 2138 1669 1770 2718 4027 4061 465 2382 3159 2892 3310 2850 3242 3669 4637 2541 3661 1144 3965 3089 1348 3628 2921 2667 2711 1470 4451 2160 4145 3052 1389 62 1852 672 1852 196 133 1210 1150 2737 2997 1731 2456 858 1846 120 4855 1187 3759 831 3188 1124 4489 4385 4346 3588 4801 1129 163 4335 255 1527 1440 400 878 1615 1867 1431 4390 1165 3265 1637 4687 1257 4896 850 2334 3995 3593 2132 2908 3758 2761 3866 461 3533 4192 4158 2046 189 1831 2849 2624 2944 1113 3138 4519 2265 2521 2685 1815 1078 1879 494 4797 193 3510 1692 98 2970 2216 4012 3016 3377 4317 3231 2093
3588 2689 2868 3161 4721 4836 613 1580 248 3723 3643 2471 2912 1814 2349 2567 4993 4793 1335 3687 4171 1610 3823 1538 2618 1028 1954 4071 2504 4931 3731 1772 719 4269 1166 341 1167 1345 2586 193 2446 2455 3371 3931 2163 4216 4730 3304 3448 495 221 1305 790 412 804 4582 967 214 3845 2836 3436 936 719 3234 1553 2806 963 1249 2966 1856 2605 1005 13 4272 2292 4634 1252 3699 4229 2293 1916 3086 2078 3555 4179 1291 3421 519 2725 2285 2208 4791 2621 4698 2002 906 4639 4451 2347 1406 2205 217 4897 1215 3885 4890 4477 604 3439 2690 411 4591 2267 1616 50 4185 4959 4501 1028 4632 4622 3024 4395 95 4345 3793 4847 4113 4750 2197 2226 3350 1296 511 1461 3263 2179 4220 4472 18 1549 3476 2436 3343 4492 1589 431 948 2778 888 4526 2516 1509 131 2400 1348 533 4542 3884 13 4307 1175 677 2311 3020 3706 4305 2661 1786 4292 1986 3291 3182 2163 3615 2395 2749 4446 1648 2322 4499 375 3082 421 2162 609 4959 2441 3124 2974 3301 2612 2586 4778 2487 3817 3802 1485 3553 1949
4498 442 1320 1769 2390 1273 1155 3827 4087 2779 1857 1079 915 2349 1523 2126 4886 2989 4462 840 701 2602 3261 4351 252 1402 182 3287 2900 4602 24 4047 636 3748 1349 4555 2935 4488 1274 1388 1379 2050 2998 2645 3360 1068 4949 560 3964 4846 554 4327 1387 3932 351 4395 3921 3958 2197 1073 4421 1141 3982 932 2314 3507 589 3157 3872 2221 2153 452 3219 2714 4970 1627 3425 2802 4565 3101 4140 3322 510 2154 1300 2991 1201 4638 2634 1025 3242 3759 3293 2806 4881 2967 3644 4026 3542 2932 1303 3305 3211 1421 3062 1668 426 1765 1127 1362 864 4879 1449 3275 1785 3911 4472 3592 2594 1668 1875 4521 4707 4978 88 644 95 2706 3930 2226 1448 4049 1505 2031 4824 1220 3409 40 3390 2020 2864 2088 1870 3098 3821 326 574 2688 3576 2154 2670 3764 1000 2273 4723 4977 826 804 4898 208 794 3856 2846 3058 707 2014 3995 1296 3542 2211 3800 1850 1553 4054 4708 1753 2141 2569 2114 4669 1864 3441 3953 101 2945 2278 2150 2948 1750 149 307 1167 3731 4159 3750 1102 2824 2916 1947 3304
1368 557 1329 2757 4696 2425 3316 3902 2608 928 4179 3351 1830 2567 2126 3769 2853 2619 1397 452 1077 4351 695 3294 2522 3299 429 963 1404 2533 1592 2409 3717 2058 3886 183 2657 2638 4144 837 2338 3518 1612 3768 2873 3513 3471 3574 1340 1182 1215 2778 2963 253 4440 4721 1706 3883 3309 3041 3031 4105 3049 3825 4679 1060 2771 1326 3126 3843 2186 1841 4368 3523 3693 2586 1286 3186 1783 3656 578 1222 1620 4392 4203 977 1655 1853 1103 3984 4463 425 3603 4131 4294 3586 70 4828 1076 2571 1694 474 1804 357 4359 2862 4094 4090 1348 2423 3268 2131 4728 3188 443 1377 266 3656 3893 2943 2134 2661 3420 3714 2603 3251 1067 3307 3964 2898 1923 2656 1657 2974 1483 2391 3730 4813 4719 3256 4793 3206 2751 4096 114 980 3698 2568 285 3951 3255 1421 3101 4514 4677 307 3844 198 2552 4279 1982 249 1754 2421 469 1265 4702 3370 4314 1519 2512 3884 3128 1673 143 1016 3690 61 1534 1864 1966 2599 2365 583 4831 1195 2543 3545 4979 4129 503 2265 3448 1078 1876 2950 44 703 672 1851
4982 384 4300 1576 4549 1798 1252 1838 3780 45 167 2785 3456 4993 4886 2853 3545 3721 4220 699 1093 3148 547 1960 802 2029 1670 233 4108 2758 2754 2084 3597 2963 3100 4931 4601 4722 707 629 1237 4288 4989 4921 2169 1197 4710 1169 3342 2265 1336 4004 2788 2278 316 3017 57 1280 2606 4374 1511 1762 2273 4822 2184 4663 4003 4358 3929 847 1377 2166 3654 329 4252 3796 1126 4037 1824 4811 1624 2651 2798 1271 4286 3886 4130 3986 1252 2141 1229 951 968 14 2568 4639 2204 1488 3293 2910 2661 4167 1610 3949 4776 3928 1691 1691 3581 2742 2838 163 590 4041 340 2890 4117 3684 4405 4759 715 4163 4787 622 613 1248 599 1986 3118 4725 1440 382 4674 4366 3917 1473 3143 4111 1955 1741 135 3452 1206 4793 4461 1222 2279 3925 936 2071 1205 3558 3551 1698 955 1913 250 923 32 3277 4517 3637 3828 273 205 3153 3282 80 208 1328 539 3871 3377 1254 4395 423 3602 2574 944 498 2003 3434 746 2979 3611 1279 2854 1696 1112 320 3001 226 2644 4962 4417 581 215 4922 4465 4788
1904 717 3905 3163 430 2173 3333 435 2149 39 1008 1879 3477 4793 2989 2619 3721 1909 1032 3474 1438 621 3902 956 1300 4920 2262 680 1649 314 4723 1770 1752 4521 4294 1567 3861 4694 1846 2806 302 4802 3846 2774 1068 2264 488 4862 3573 3037 2133 211 4857 1035 3752 280 4446 930 4334 2672 2615 1913 1582 2417 4148 3316 925 4165 3573 4193 669 4162 4212 388 928 4081 722 2101 3694 1132 3079 1839 4162 1450 3991 3028 461 1176 1711 3941 585 3771 3629 3897 1378 2582 4902 1664 910 3304 1896 4204 123 1812 4420 2487 2580 232 2586 571 4693 2514 841 661 1707 4771 408 101 4071 1230 122 1702 3227 1776 2887 4835 4017 1849 3205 2934 140 4692 1568 89 2948 484 788 2858 1482 3562 4808 2440 1100 1686 4192 4390 144 2958 1955 86 527 4091 1555 3399 1062 462 1857 2241 3800 3902 3702 4113 1892 2117 2502 2279 2375 143 3540 3695 891 3627 3816 1947 4628 689 4069 1460 3430 1447 649 3766 698 3177 2433 1034 2778 1572 2368 4590 899 4895 4511 3415 254 4436 278 2353 2770 3529
1199 1494 4285 892 1792 4411 4238 142 399 1101 152 92 4109 1335 4462 1397 4220 1032 190 1306 3857 3978 514 3494 1194 2761 4909 3492 2900 1826 2313 2935 3350 729 4813 2766 809 3502 1157 2113 415 4589 3901 3539 3917 4123 1720 4509 3562 4340 408 564 1647 4216 4772 25 4808 4369 488 2911 1106 1459 3836 714 4057 861 1756 2114 267 1106 1012 3156 2186 3970 2392 2821 33 572 38 4451 1338 3190 1390 2859 1393 4366 1457 2484 4705 3723 930 2337 3395 2912 137 1061 392 3863 4363 4196 316 2637 2486 1866 3061 3256 451 1959 3029 2492 4190 1673 1894 3159 2935 2596 4132 3038 2652 4902 2150 2491 3379 1127 779 838 1100 608 1000 2197 1495 1721 3748 46 3653 1057 2071 4007 3877 175 521 4620 870 1491 1242 4051 2689 4312 823 4009 3239 37 2856 1378 205 3912 4162 1491 4865 2246 3733 2631 1333 4495 2131 1866 3407 3341 4779 4889 2769 2620 2502 1340 904 3015 1557 2360 1925 3771 1201 3697 2475 119 1561 4598 261 685 4119 4700 1507 4945 1955 2796 1838 1110 3630 88 2270 4736
3346 1336 2742 1056 3670 636 681 3834 48 3481 3236 2794 2208 3687 840 452 699 3474 1306 3903 1467 2653 506 1508 1244 3807 3694 225 510 4031 248 38 266 4673 2198 4949 4403 2207 2238 2062 2186 3947 359 4487 1634 2739 1240 4851 1293 491 3024 691 36 2849 51 3712 231 938 4013 2615 4023 1296 3750 1927 461 2837 1956 2600 2176 3962 2017 3432 4610 3747 4108 1341 178 2479 288 3590 2370 2084 1431 1469 1017 4496 1426 987 4579 292 39 4637 2064 680 1042 4188 674 2479 226 3883 3960 1828 2612 685 2879 4994 2009 1787 2443 3795 1559 2904 2308 3269 4390 119 1423 4324 3427 574 453 867 4356 31 4054 2494 3812 2160 1559 518 2891 1025 1515 4358 1703 2459 3146 421 3556 1684 2542 4123 4922 4078 4807 4644 3484 4867 1069 4452 4232 1498 4465 367 3763 2702 2940 3703 1514 2871 319 3899 2836 2960 4484 1371 594 2906 2923 4037 1547 2371 3695 2331 597 2082 1779 2204 4292 4769 3699 1050 3457 4594 2452 4699 2437 4470 2636 4504 3636 4734 474 2635 981 3886 210 901 1809 1169
4357 4323 2879 3711 149 580 3266 612 3839 1982 4156 4570 2427 4171 701 1077 1093 1438 3857 1467 4195 1368 2607 1789 4658 180 3517 150 4440 2444 4358 2596 4037 4491 628 2488 3539 167 433 2094 1068 2293 2286 994 2085 2145 3612 220 400 355 2395 3346 670 4566 2421 3621 1868 1403 1976 646 2406 1087 3971 618 4126 3067 3527 236 3647 1060 2948 1041 2729 1230 215 539 507 1244 4926 99 2704 3872 701 1180 3482 949 4400 4682 2406 2857 1110 3178 4455 847 4093 1435 966 2010 3310 704 3851 814 4662 399 2215 233 1323 2916 1051 683 4724 3266 1427 1938 2708 3541 1094 170 773 1802 2844 1327 1694 4074 2054 3147 1087 398 813 4796 2420 3520 3433 953 4915 2853 3856 4570 3635 46 1571 1973 4145 239 3027 2487 700 3774 1401 1783 2153 3710 3368 3875 983 3133 782 3578 3660 4877 1110 4897 2319 1203 2343 233 655 13 4695 4824 1290 1332 3551 2386 449 3752 935 920 967 2991 4504 443 127 2458 4159 1915 4894 2398 2453 4562 513 214 943 4667 2232 3406 3946 3916 203 202
1419 2882 4717 3233 1958 3690 264 3095 3626 661 3254 1886 1093 1610 2602 4351 3148 621 3978 2653 1368 4324 2893 2170 3699 1197 4023 4812 4997 993 3967 2260 4443 2691 4583 4802 3175 1955 4957 114 4346 2565 3644 552 3352 4504 3007 2223 1696 1835 2015 3660 2777 2909 371 2753 3776 184 4170 4652 1368 4853 4855 2569 2127 41 3765 4384 225 2352 2102 4119 3335 3915 4285 3483 1611 599 2569 766 3651 880 4419 1278 3744 3383 1425 44 1080 4625 3372 649 968 2864 492 1768 3489 282 2780 1950 4581 1326 3813 1441 217 4632 975 1775 4068 1401 2970 1555 4790 2571 2234 3815 4079 4735 765 2073 4353 1268 944 2911 3203 2607 3128 4607 2824 3507 3497 2693 3870 1093 4008 2944 4441 1758 1030 212 3417 2244 4651 904 2181 878 1502 993 373 3821 2051 2021 3198 4092 2088 2283 2521 121 3364 404 1470 1675 1744 4469 1383 744 1700 3192 1762 2077 4250 2012 2756 4864 4579 3394 2366 3060 3085 3893 92 4093 3898 4057 2863 3166 4418 2727 2653 1599 729 4558 4853 1010 3496 2728 1874 1664 3047 2877
1516 2736 1872 4465 2188 875 742 390 1282 2204 2335 2622 4063 3823 3261 695 547 3902 514 506 2607 2893 2540 2375 3822 4622 247 379 4074 974 2219 1977 4662 87 539 4597 4530 2360 3439 882 4817 2981 4465 1850 3161 3574 1392 506 777 1762 2266 4325 588 3758 3996 3128 1990 735 4714 3901 4663 1607 3546 591 4303 1180 4513 3220 4639 2293 4223 4097 3532 1485 375 4681 4299 286 3642 4695 4760 2342 2314 4649 1477 3434 2134 1953 3652 3010 4543 3292 1452 3654 4342 1216 3235 297 3198 3024 2025 3463 4345 734 4581 4458 430 1877 530 4417 1109 3213 4170 1715 1151 658 1860 2898 984 441 4559 2076 55 2816 4096 719 1871 3233 4460 2745 820 3350 4155 4739 3456 2096 1764 1827 3879 3474 571 3914 939 3350 3181 2583 4537 4617 1919 3844 3472 1685 1617 3425 3719 2008 4501 1809 2357 432 3778 3889 845 3960 4816 2864 1047 2790 562 500 2040 3002 1835 176 236 1331 491 4496 3470 1417 2261 707 1722 3715 2946 3222 4735 4991 1262 1359 632 113 487 1949 3118 532 338 339 2773 1359
3366 2682 2059 1620 233 2142 4024 2032 4464 679 2814 1741 4831 1538 4351 3294 1960 956 3494 1508 1789 2170 2375 147 1894 3291 1320 4788 4945 2038 1338 4523 1805 2975 3742 1060 2168 2217 2498 2596 3847 2595 1522 695 4315 2926 4128 897 3235 2843 4170 3606 3397 927 4600 4199 4194 2396 1957 1300 4224 1846 3316 2905 4057 1821 3575 4102 1770 1756 2752 1936 4492 4212 3278 2301 4971 2287 2573 1470 313 2237 2938 794 4006 4270 2647 2283 4448 545 4917 1909 4576 1996 2304 509 4369 4218 2118 3053 612 1760 3399 4311 526 1271 1839 2641 459 3159 4040 1388 864 4802 1234 2453 1577 1668 1215 1133 524 2702 3060 4889 2937 4652 3642 955 776 4658 1863 2331 3269 1977 2434 2864 1481 4701 258 609 3224 1156 2135 1987 2884 916 641 2349 3687 1423 3054 750 1477 1754 45 4273 2736 1405 678 3348 2260 106 602 924 3434 733 3182 1938 4591 3879 4042 1157 2942 2161 2275 2425 463 4372 4975 4166 1181 1288 941 2319 3523 2563 420 2091 3334 1929 2230 3941 1245 2874 1550 1731 3067 650 279 1920
4070 4808 4835 184 232 134 1576 4358 2623 2912 1104 2837 1136 2618 252 2522 802 1300 1194 1244 4658 3699 3822 1894 2724 1358 2626 3557 2109 1740 899 967 3352 1456 4351 2388 3751 936 919 1947 4941 2440 2917 2756 3531 2391 4397 362 3745 1245 3100 1764 447 68 2410 430 532 1858 1326 4652 3403 1676 2781 4616 1777 3700 2564 3090 3615 792 2667 3974 3849 419 4663 3021 756 1624 3934 616 948 1269 1034 1496 1106 3818 4558 1532 3040 2135 822 3106 617 2787 1931 1290 731 2011 3277 470 2805 4365 3764 494 1958 3571 866 3087 4879 3109 2253 745 1438 2994 1520 4175 311 4838 1245 1187 675 3378 3039 2691 3965 3918 3264 2881 3326 4538 4105 2307 172 1037 2768 3482 1163 222 2679 3254 2652 526 2334 1751 3164 433 966 4276 3822 3752 42 2529 1320 3814 2386 4709 4856 3887 3674 2850 2493 3988 2714 4352 3401 4397 879 129 3887 3896 4894 2592 2964 4069 2168 4016 289 1005 314 2216 3090 2282 2320 2719 3541 563 1580 1928 3187 1406 3906 1014 1440 1217 3717 783 327 4986 4021 4035
1143 3564 349 304 31 4697 2772 3558 2056 1153 1880 4682 3185 1028 1402 3299 2029 4920 2761 3807 180 1197 4622 3291 1358 4187 513 643 4300 3153 3155 22 4362 2146 1655 2144 3695 1092 2200 4160 2470 1963 1306 3388 2124 102 1782 3075 2498 4685 2689 4230 4621 2383 1870 1911 1268 3708 3358 2373 645 1378 3840 346 2665 1985 1014 2510 1687 198 2959 4351 2028 2115 4702 1665 4239 4300 1113 2753 3192 1018 2100 2439 2942 4551 2276 1190 3636 2955 3926 4636 2428 4249 2790 2249 3188 4814 996 3125 3797 2120 65 277 2142 457 2037 3484 1734 3602 4733 3266 3603 1340 3477 2626 3068 3724 1546 1980 1523 3484 4334 3155 2740 3001 3544 1242 4942 2820 1074 1740 839 2439 2518 1807 3026 249 3095 1299 1904 2604 91 394 2914 2463 3425 1800 2368 3969 1256 2057 4328 3139 1696 2315 4298 1859 4721 1368 4059 192 749 2219 3369 532 2662 2991 2904 31 4515 3622 719 3733 4631 2770 3152 4409 1215 3039 3284 2487 1018 2553 285 1575 10 134 3744 3848 1058 2237 1225 503 2793 16 206 1181 60 4385
249 3316 4659 379 1361 1133 269 3740 2696 416 843 2739 1740 1954 182 429 1670 2262 4909 3694 3517 4023 247 1320 2626 513 4134 1724 2377 1304 4875 387 4518 1255 4412 1092 3402 2486 2420 2750 1266 3808 4487 1687 4043 2660 1606 3411 264 1645 1456 358 2897 3480 4461 692 1744 414 3548 2552 36 1855 3985 1492 4710 4447 1022 2642 4075 3331 4625 3212 4309 2158 2309 2696 2886 3105 4614 4695 1316 1001 509 739 539 4408 1679 4751 3109 2082 2600 3703 3181 148 3940 4514 4748 1291 2748 4160 4137 2379 3086 3175 2227 2228 1814 2056 2497 183 4932 119 1307 1720 3178 4839 2675 4316 736 4643 761 1692 756 2426 59 2771 1292 4344 1546 1360 4618 4075 3287 973 362 348 70 1279 2661 4689 2331 2086 4288 1476 1953 437 1284 4067 2777 3255 2668 2646 3677 1722 1224 730 2374 176 2847 3141 3330 3138 2420 978 1184 2095 4412 2714 201 2282 2951 1599 3891 4588 2420 3330 35 1947 1677 4185 3545 3765 2792 1232 3534 4370 3822 2594 1521 3578 2032 1232 3012 1081 174 2435 974 4863 2393 4347
3090 4902 3140 2882 800 4553 2955 1049 3573 2176 4100 4456 1796 4071 3287 963 233 680 3492 225 150 4812 379 4788 3557 643 1724 2646 1712 3657 1718 1267 146 64 2069 3698 3758 3440 597 824 3079 150 2685 3916 3595 4253 4986 798 3179 2184 2525 4059 3365 1327 3520 2995 4693 1556 2100 4592 1765 750 1032 771 1404 3785 4350 2856 3311 4152 214 2340 447 4499 385 417 1821 2512 4085 558 4539 1566 1296 699 1187 2296 3833 2906 1381 4773 3564 2035 3914 4393 3822 2439 735 4493 4246 3604 2632 2545 4181 2287 3032 2044 3933 627 433 519 799 1775 1986 2786 253 3538 1352 534 2217 2775 2157 3596 3350 335 1517 4024 2838 4562 2547 1624 4259 1416 166 1668 4558 3699 1399 560 588 4310 1108 3706 799 4906 1313 1771 3553 1185 3705 4248 1236 4854 4463 4163 1643 2365 3112 1053 426 443 1503 2996 2261 2769 4614 3340 1487 3688 3712 4087 864 240 3610 2232 892 3919 1691 4582 813 517 3053 1514 2461 265 4706 4600 3833 4098 222 3270 4130 2249 3680 1439 1505 1068 4378 1502 154 470
3318 1573 666 3386 1675 4771 4001 2841 4791 1676 4676 860 1263 2504 2900 1404 4108 1649 2900 510 4440 4997 4074 4945 2109 4300 2377 1712 4983 1081 4722 4213 3026 4110 410 98 1202 4913 1463 3203 556 4756 4287 4640 1544 1396 1818 3546 4526 4533 1664 4045 4297 2106 4504 3085 2450 268 1055 21 4914 1574 595 4368 375 643 1007 2242 3801 3753 268 196 4538 525 1642 483 2341 3956 3148 2897 960 3011 1337 732 4735 88 2387 1774 146 2439 1366 3319 596 4667 1217 2884 1024 121 4515 2848 4986 3086 4426 1400 4505 4564 4657 767 2781 1883 1098 4386 346 881 482 2453 1107 3377 3823 3218 2624 4401 4531 3521 444 3754 887 2792 1984 3771 3820 3034 1203 4521 1144 2594 3373 3302 934 3225 230 4398 2891 27 2741 2610 3511 2010 606 1739 2867 3740 3586 2772 2971 4019 3643 2203 1644 865 2192 1094 3622 94 3284 247 2898 2403 4738 4806 3183 4965 588 2537 3246 1487 1563 2143 504 3202 2169 45 2668 3247 135 1781 3748 3583 4385 2952 1374 2379 382 1710 1202 3780 3831 3279 4102 4376
929 2630 1069 4478 984 3873 2984 1107 4568 1858 1225 1410 3816 4931 4602 2533 2758 314 1826 4031 2444 993 974 2038 1740 3153 1304 3657 1081 1760 3515 2004 2950 2430 3303 3909 504 3089 772 4856 2772 3833 2575 997 478 2404 4387 3445 2428 1109 1867 3624 1980 1890 4135 3471 4139 4448 3800 3562 4776 4023 1969 4516 4920 4911 3869 4388 4806 1304 880 181 137 83 4547 1299 3434 3820 4306 2340 1620 4114 3344 2652 3885 3609 4137 842 3597 2240 4827 151 2913 2741 431 4035 1560 3892 4835 2703 2702 1077 3382 3969 4140 1894 2333 3957 2083 2735 1416 4803 4532 901 2535 4163 3190 1691 146 4407 806 1010 3484 3389 4195 2220 1289 481 4701 4881 980 2197 3911 449 1341 2975 2486 2078 1965 1737 3365 2531 1756 403 4820 492 1666 4395 2424 1805 3346 971 4099 4669 1001 2220 4396 3626 1802 3381 380 516 2054 3745 2330 3002 2051 1811 303 371 4926 4447 4603 2673 2949 4485 4258 3746 4170 893 2624 4448 4930 3860 1088 1679 3753 3838 4863 4342 1448 3899 506 4425 1762 2114 550 4217 454 1302
4041 4247 4981 4566 4182 1963 1860 1644 2343 3501 1499 2006 1421 3731 24 1592 2754 4723 2313 248 4358 3967 2219 1338 899 3155 4875 1718 4722 3515 1075 871 1622 763 1286 3157 622 96 2806 3588 4638 1520 4238 3619 1289 3035 712 4404 737 744 1918 2221 2953 2369 1905 1339 2547 3094 935 1482 1070 242 4193 1256 2329 4595 4823 1225 4371 3716 1515 3020 2666 478 2075 200 2580 307 2341 4112 2341 3310 1551 912 648 4565 41 3002 3317 3989 2485 3896 886 1870 2459 1882 4280 1416 1033 3564 718 2628 4517 3994 187 3923 906 1319 2038 4341 3787 4551 4539 507 4779 3412 2148 1580 2466 1620 619 1564 193 1168 4849 3839 2593 2323 585 3091 1373 4283 1082 3777 4509 1566 2556 533 974 1705 625 4235 870 2379 4853 2062 188 1481 2552 1081 4098 4368 1313 1464 1315 4988 1792 3856 3712 2453 1617 4852 147 3698 3911 2884 1757 1450 429 4187 4785 3682 3061 730 4304 4853 3613 3177 4829 1607 1628 1370 3468 2770 4647 2482 213 34 1649 627 4298 2336 1270 2996 1874 3900 2982 3987 2568 4969
2921 3794 3323 2958 4580 1788 757 1445 2743 643 3043 3694 4395 1772 4047 2409 2084 1770 2935 38 2596 2260 1977 4523 967 22 387 1267 4213 2004 871 422 3325 3229 1831 4063 1987 4371 3040 3820 2730 2284 2715 1594 2365 4813 3811 412 2458 700 190 644 3638 20 3109 2001 3652 1742 2997 2415 947 2744 115 2614 4866 4729 1056 2109 1206 2345 4105 1862 3478 4611 3602 4483 2842 3872 985 1740 1278 21 2515 3909 1602 4981 3489 1303 650 2430 909 4137 1879 1195 4918 678 3526 4805 655 4393 4689 3826 2153 1017 3083 886 2785 4258 3618 3524 3883 2268 3106 3870 3848 2002 578 397 2907 3047 4018 346 3990 2780 1721 964 4910 4174 4874 4495 2859 166 2177 2317 4857 2290 1426 3701 2890 3666 3206 965 305 2721 2838 4432 2539 2446 1303 1681 1270 3725 3315 3608 2588 3045 2662 4071 4572 4810 3357 3897 3478 3820 4036 719 4396 3370 4224 3046 3549 1052 3447 4450 4346 2884 1960 1342 4332 4257 4913 4754 918 220 1386 3865 2039 234 3485 4770 847 2635 4994 4119 4074 2233 4263 2975 3702 2062
3367 3548 4292 2452 2310 723 160 4304 2553 2437 3117 1600 1175 719 636 3717 3597 1752 3350 266 4037 4443 4662 1805 3352 4362 4518 146 3026 2950 1622 3325 1339 3966 3218 1644 1784 3385 3165 3420 1355 1223 3116 1707 4189 4701 3204 4664 4984 2823 1416 3657 4133 2609 1496 1206 1486 2781 1322 3072 791 55 1803 4397 2208 3984 1690 3773 2704 4901 1963 3935 2411 1171 2805 3046 3288 1903 2934 3949 1533 2072 3171 879 2880 210 1555 4870 3676 3287 2228 4752 4398 314 4328 1565 176 2157 2052 3736 2519 4830 1382 2607 3018 1747 4377 1353 3968 1607 2221 2092 120 1971 3895 265 4418 2150 1149 1245 1388 2440 1213 3298 780 220 2714 3289 1390 4620 2981 343 2124 4882 1630 4317 4931 2858 2914 1497 406 1471 709 297 216 4534 4374 1265 1168 2337 438 275 2519 4510 529 304 1101 116 1771 858 1897 3757 2622 714 677 3807 4267 3549 1850 2238 3625 1785 360 1241 4986 1112 1747 771 3144 4493 1061 941 1390 2180 3432 4655 3185 1986 3585 3642 2560 4669 2231 1635 2676 1285 4374 628 4421 978
2682 3384 228 1661 3706 4069 3512 589 1580 4589 997 3387 2258 4269 3748 2058 2963 4521 729 4673 4491 2691 87 2975 1456 2146 1255 64 4110 2430 763 3229 3966 2231 4075 3949 3729 1727 3752 1275 2131 3738 3360 162 280 3963 64 4331 1042 4708 3164 2626 3305 1873 1694 1218 546 1443 47 2910 4926 1186 1729 1529 1734 4142 4751 2143 2861 3964 2729 1716 852 33 2972 237 428 3676 321 3614 3663 4227 1853 2664 394 4202 4148 2651 194 4749 2999 4494 700 2942 3965 4369 3320 3719 2849 4409 4289 4328 3281 2917 3555 4510 284 3626 2396 4346 3646 449 2474 1479 2894 4349 135 263 4092 829 202 4292 4643 1163 1251 615 557 3930 3323 3411 4404 4577 2067 1469 1232 229 4328 3558 4329 3821 1808 2151 1460 4795 1771 4293 2176 4420 1354 588 1451 1276 1272 3875 93 4106 1311 1769 1379 254 3712 1228 1705 4881 864 2290 3410 3213 1676 2065 2857 2767 2244 2100 2950 3294 896 3677 58 2964 4152 4039 536 388 3001 1841 3362 1316 465 4315 2126 4152 2267 3379 1349 3400 2467 2395 4576 2934
1451 3632 998 4476 1563 2173 2648 3952 4549 656 2021 1233 4833 1166 1349 3886 3100 4294 4813 2198 628 4583 539 3742 4351 1655 4412 2069 410 3303 1286 1831 3218 4075 4549 2221 101 418 1391 4157 1786 743 4036 4279 3086 3311 1647 921 1400 239 3396 3766 4330 4313 719 1018 2925 885 1911 4005 4260 4672 1966 791 1136 1410 2230 1301 2437 3859 4016 203 4285 204 720 1023 4643 1470 4112 4123 4849 3334 2167 2329 2979 2263 703 131 4769 2986 3660 1663 170 4225 4755 3178 2478 3617 503 2852 2412 3413 4216 4711 3719 45 374 2868 2951 1152 1555 3083 153 3904 2018 4715 3599 1730 478 2651 2652 2658 3715 3732 2587 4149 352 2211 4796 3694 1693 4174 3168 218 1241 3962 3200 366 3072 3487 2490 3863 460 2332 4112 292 701 3150 2373 251 3661 3184 575 3853 1620 580 2653 4008 1132 2069 3595 3129 4672 1517 1232 4929 1500 4837 4218 2363 1236 2778 364 2915 1491 2329 2381 1766 1277 900 2144 2613 945 1398 2792 3657 2526 402 3982 2804 3732 1605 846 373 2811 712 3442 2306 2991 4571
1840 1073 3246 3791 400 3416 3081 1395 1299 890 3476 1651 1130 341 4555 183 4931 1567 2766 4949 2488 4802 4597 1060 2388 2144 1092 3698 98 3909 3157 4063 1644 3949 2221 507 1620 879 1980 4504 4404 251 3231 3659 3395 3375 3691 4043 1169 3074 776 2423 297 2673 1768 3417 4447 4296 3713 148 732 3419 1838 4614 4670 1267 2512 4346 4563 2573 79 2441 2713 2978 2825 3559 1293 2143 893 598 1108 3770 2267 641 325 811 1101 4307 1208 3482 3824 3922 3209 1266 4097 3835 4324 3139 436 723 4367 2697 2068 3597 1360 1672 2567 4437 1492 1722 2874 3505 3818 1043 347 2495 4122 925 3653 1201 3181 3464 4278 3871 824 479 1083 3865 1707 4384 1611 4696 2268 354 4037 4042 3301 4718 1693 4602 3829 1978 120 3352 556 4476 4721 961 3085 2445 1004 733 1647 3108 3132 2063 3363 2518 2978 2380 4701 2792 3770 3007 1532 560 2375 4990 1389 1602 1761 4781 2698 1800 4791 2474 4409 3309 3760 3190 1043 4517 1453 889 4293 269 689 3153 1374 4619 2902 2703 2282 3207 2410 2486 4132 4663 619 4621
1090 3272 4900 948 2114 3692 3353 2918 3561 1647 3660 370 2175 1167 2935 2657 4601 3861 809 4403 3539 3175 4530 2168 3751 3695 3402 3758 1202 504 622 1987 1784 3729 101 1620 3120 1012 2809 4293 2216 4057 2896 177 186 419 1325 3431 2033 2808 4077 1544 1721 1076 3761 4611 4416 472 1344 2177 787 4617 1029 329 2498 751 2775 4045 1739 4112 3126 3570 3521 4262 3973 4955 144 1551 1446 863 661 4376 68 3799 3461 1688 1920 2677 1640 4143 2531 3023 1109 4785 4042 2676 3367 3894 3990 55 3419 4990 3193 2385 3845 2480 2310 131 4346 1368 2683 3060 1213 798 3005 1668 3269 3872 3809 4593 776 1155 3295 1673 748 3417 1773 3188 883 2270 1957 3069 2409 3323 2567 3690 2381 3295 1785 1679 237 72 1349 2204 427 520 1874 4751 2495 2377 3204 3296 4193 521 3245 3048 342 3752 957 2138 2347 562 1860 3969 3187 4912 1356 4049 2426 1591 3197 3524 3500 3652 342 1738 3626 329 2636 1075 3086 4880 1459 591 414 3264 1745 4607 4828 267 2493 1068 2867 679 3080 1537 4902 3617 4966 4426
3435 2279 1897 707 4008 4823 2667 520 3867 4801 2985 4806 4649 1345 4488 2638 4722 4694 3502 2207 167 1955 2360 2217 936 1092 2486 3440 4913 3089 96 4371 3385 1727 418 879 1012 713 4278 1696 1040 2578 3080 3262 3536 848 1834 607 4984 2578 1648 803 4795 4946 2146 3318 1872 1155 164 2465 1011 3860 4575 1825 4373 2921 3497 549 3342 331 3550 2995 3145 4768 4980 1771 644 901 2026 254 1379 4079 2552 2412 4517 448 83 3249 3943 1542 1603 2035 4662 4629 2259 433 327 1583 3537 2424 3078 1552 818 506 448 1582 3008 4321 3852 1557 4717 269 4957 3229 4013 109 3620 3929 2597 3748 3473 1439 1275 2027 3558 3258 4605 3385 1341 4621 3491 3860 2846 184 4719 2387 2107 3011 2237 1580 266 2910 4777 4760 2139 847 2512 3878 3152 3788 4442 2894 4010 4994 4242 4975 2617 3885 550 4020 1466 3273 4927 4198 4332 1280 186 4422 745 2907 3197 2438 2959 3160 1930 4976 3812 3696 339 4914 2486 438 4575 4642 1982 4575 2718 2920 2403 1465 1592 3746 4876 3209 604 2770 4853 2044 949 3448
3571 3121 3630 2813 2510 225 1970 1111 1226 3975 3028 4126 2897 2586 1274 4144 707 1846 1157 2238 433 4957 3439 2498 919 2200 2420 597 1463 772 2806 3040 3165 3752 1391 1980 2809 4278 2220 3413 3998 3261 397 1620 3718 451 430 4877 3963 1149 307 1590 2083 3482 175 3671 4354 359 4735 3872 1931 155 4659 2210 3663 4533 4387 3183 3624 3497 4604 569 2075 1881 1100 3546 3788 258 4073 3720 3103 1693 2523 1508 3905 3242 4529 3068 3351 4300 1789 674 828 2996 4968 1662 192 342 4408 2981 3586 2020 3141 1756 4190 2158 275 2659 4978 1170 3904 1806 599 3322 3931 1550 1116 3398 1120 4959 707 4767 1662 2995 53 926 2258 946 2975 3779 3017 4335 3481 517 2209 2696 3763 2689 2865 2326 2130 4685 3995 1308 4819 3570 1352 2686 4353 4730 2664 1199 4848 4213 1540 3692 2131 558 2894 441 2057 1864 2497 66 3250 2908 3582 3721 1230 3667 12 2094 401 3401 1050 4580 3874 1446 3097 2806 3667 1976 3820 4858 2148 129 3967 2113 1275 4262 3478 2502 1167 3418 2418 2301 3771 4210 2421 3808
4331 1241 3675 4790 182 4141 3672 3230 610 280 1501 2984 3094 193 1388 837 629 2806 2113 2062 2094 114 882 2596 1947 4160 2750 824 3203 4856 3588 3820 3420 1275 4157 4504 4293 1696 3413 16 1419 4685 2553 1571 1789 3486 500 3846 3286 3447 4114 2339 2945 4301 3260 1746 1885 952 3625 3010 1100 241 246 3036 1990 3273 1251 1888 2994 4451 4387 1301 60 253 3243 3535 4710 1990 1526 4590 1534 1644 374 583 4750 4585 2380 3358 3142 4595 2228 603 642 2609 2932 2330 668 4623 693 3840 4564 1603 626 1221 4713 1174 3588 3176 1443 2267 1460 3901 793 4355 280 1676 418 4779 2388 1325 2166 3245 4114 3175 2170 2295 2640 2881 390 1726 2868 311 4455 3293 393 96 3631 3922 2128 2530 55 325 4584 3570 3604 883 4156 81 3132 1709 3419 881 4227 292 4241 2899 2398 1518 2609 1072 657 2411 4958 2866 1727 1089 2884 3467 1228 728 3873 3412 2696 4641 4476 888 3729 3329 343 3594 3600 3949 1757 4165 3486 3462 479 1171 100 4352 2900 223 99 4232 4535 2563 3086 4447 2403 4991
