N: 100
M: 20
Symmetric: true
Triangle: false
3 26 13 98
7 5 70 85 91 18 24 80
2 100 58
5 11 8 28 27 6
3 7 66 25
4 48 9 45 73
7 40 1 94 39 61 81 49
1 20
8 31 17 3 38 65 51 83 35
9 34 82 37 97 2 76 10 75 87
4 74 36 68 96
5 88 41 53 16 55
7 47 54 63 42 12 33 89
6 59 46 60 15 84 71
5 99 86 43 69 57
4 95 29 90 72
3 62 64 78
3 79 32 30
12 77 56 92 44 14 22 19 52 4 93 67 21
2 23 50
1146 283 1163 1522 4522 850 3933 4889 2665 950 448 537 2648 3334 4106 1199 2795 4503 959 1195 3694 1236 4925 4094 966 2647 1093 4265 1201 3522 236 1173 179 1328 692 1140 3709 4018 3458 2712 3894 603 2830 3203 2228 3637 2801 544 2054 3085 3675 3055 4704 4627 2066 592 200 4915 4465 3145 4221 4586 3277 1474 1495 1351 3751 668 4918 3742 2511 2728 4814 4995 1606 331 451 2495 1200 2032 2225 451 1504 4972 2433 1463 3232 4061 4426 265 2486 1231 2846 2101 2772 4003 2145 2419 1772 4333
283 1170 3388 1279 3665 2445 802 4654 1664 1454 486 804 774 1750 4251 1024 4364 1698 1310 2109 1878 1279 3964 3915 3513 3368 3818 2531 3265 88 1006 503 2916 903 191 1779 3861 2541 4759 4056 3286 4526 1178 3647 4816 4844 532 1960 2413 606 3283 2050 1761 1430 50 2071 3722 1595 3239 2729 4388 4912 2822 3030 1450 3723 2417 4564 4228 2232 956 1200 3326 1691 2365 2615 1537 3287 123 962 3153 3000 25 674 1339 4980 1751 3664 3762 236 1756 3939 644 464 917 2884 3676 498 4559 3695
1163 3388 248 826 3121 2797 721 2949 2259 4525 4645 529 30 115 3817 2928 574 4767 4477 1830 4534 4828 4276 2319 881 3980 3829 2532 1980 2860 1127 525 1120 1612 970 676 4129 3842 946 414 3610 119 3336 3751 2398 1784 4293 3302 1550 1010 263 2790 2546 966 3832 4805 1422 4931 4597 2036 2226 1758 4730 1710 4529 933 2459 4559 2206 2610 1689 4052 3686 1600 1572 1528 802 3118 1894 1454 4446 3137 2062 3302 4185 3663 243 4534 268 208 3375 4797 4414 2287 4436 1537 2514 3683 55 418
1522 1279 826 1980 2331 2687 4469 1461 1998 2898 4389 611 472 1566 2665 4133 3883 2085 2881 1198 886 1721 168 3830 1812 3830 2872 1240 921 4743 4871 4949 4048 3899 1858 2482 1099 2459 4644 1906 4213 1745 300 917 2929 2359 4974 3264 2185 1694 2259 1496 2003 3503 4105 1035 4593 1030 658 3519 4235 4439 2447 4825 3978 1926 3322 3210 2936 67 2581 1894 3873 455 2229 1522 3337 4663 2968 4414 4097 4268 2535 77 738 4379 2347 3091 824 2470 759 3863 1907 522 1094 247 292 1073 2288 3089
4522 3665 3121 2331 3239 3167 3416 1737 1974 968 2611 2007 2514 1910 4371 2035 3964 4223 38 4838 4873 4763 1178 1607 3597 3323 3131 4943 2838 2314 4079 4036 322 1343 153 3781 3023 2932 546 3309 2757 4116 4438 4198 1766 2016 4213 370 1263 4975 2275 285 2038 4121 2437 1009 1376 2750 831 4869 1818 2802 1637 1269 3496 4448 3220 4314 1863 449 3994 2323 3538 4024 900 2034 3368 3843 1335 3997 1586 1174 2086 396 3998 2771 189 3502 2452 4801 545 365 4803 2166 3554 616 639 4177 3715 2527
850 2445 2797 2687 3167 4606 4864 3949 153 2108 11 500 951 3888 2849 3482 2127 935 195 1077 2952 2749 2343 2294 3690 2134 3511 1979 860 2870 1741 4951 3563 2396 4737 886 3668 951 1170 1230 3138 4156 1880 2868 2578 4954 4960 3859 1574 1779 3305 3110 4750 1858 3395 4307 1502 920 128 1694 3086 647 1249 4904 1298 1784 942 3960 4689 4928 2463 4662 2622 923 562 1325 3937 4796 4014 279 671 2614 1403 915 4038 2596 1492 2965 4317 3425 4786 4403 1637 1583 4217 4043 2616 4637 2516 1885
3933 802 721 4469 3416 4864 227 3105 1174 1202 2981 2936 3002 663 4161 1056 2338 2013 3130 426 1705 4105 4058 486 4462 4387 324 4974 940 217 900 459 3251 4436 1316 662 4681 3066 4514 2367 4745 4887 1072 4123 1474 4568 4706 2636 4547 1835 862 1925 4635 3458 2291 2694 1588 1493 2035 2917 2020 3296 3009 4525 4023 111 3579 4473 3998 115 3528 3530 3853 3269 2810 592 4341 2762 2547 829 2242 1523 4408 4791 3971 1732 348 391 4145 4131 4742 3847 1004 3901 702 4030 2665 3593 4987 3294
4889 4654 2949 1461 1737 3949 3105 1249 4037 366 2655 4877 2612 3229 1698 3161 2129 4947 653 2045 137 2282 2411 63 3743 431 2748 1147 974 1161 2504 1648 1435 4557 2305 2481 3674 1457 2318 2366 852 4000 2356 4664 118 3979 2874 885 2910 2923 4558 3526 151 1436 4382 1851 1972 49 4480 3115 42 4074 2691 2075 2779 4262 2881 4559 3096 1583 1097 4729 2787 4531 4426 4897 27 1575 1144 2187 1311 1706 4812 4129 1696 4868 52 3361 1039 2277 4145 4087 2314 652 1823 874 2962 1122 3173 188
2665 1664 2259 1998 1974 153 1174 4037 2425 4961 3502 1465 711 2934 871 2105 1532 1737 445 289 2667 1668 2919 1477 2240 864 2584 1628 1538 4169 734 3575 563 4865 460 1805 3142 1543 208 3297 2477 3741 283 3869 926 1468 2522 1783 4348 4242 3849 3290 3576 3446 3544 606 713 1458 1743 821 3190 141 2898 2645 1199 1562 208 1386 3745 1933 3814 2130 3947 3295 4287 691 4545 981 2535 2389 401 1337 384 3383 1528 2250 1697 832 2973 3646 3973 193 535 3069 2747 952 1751 3510 46 4108
950 1454 4525 2898 968 2108 1202 366 4961 1688 1879 3955 1697 4735 1586 978 4178 1495 4411 4642 847 2127 58 280 4823 1837 1040 4479 4507 2400 4187 29 2309 4468 4599 416 3931 868 1553 1315 4250 1660 1772 2284 4358 4071 2115 2662 144 2046 2585 1213 3218 2982 2575 79 4326 1460 4223 911 1157 4868 3174 2798 314 3824 2147 4344 161 4908 1618 3653 4558 531 4427 2903 2438 2970 1848 1725 4735 2364 2674 952 1115 803 1166 1595 4551 1319 4235 217 3419 3831 646 2402 825 868 2217 2537
448 486 4645 4389 2611 11 2981 2655 3502 1879 2517 1920 3827 1240 2721 1226 1879 4704 3058 3798 2756 4713 1119 2456 4896 4450 4341 877 3819 1464 1331 1928 1173 4307 2757 4073 4101 4308 3579 1730 4072 2900 3422 4080 3756 1026 2103 2372 1438 1996 2292 2683 4331 3434 4160 1388 1177 1911 4785 762 4409 4310 4053 3840 1949 3109 3322 118 4391 383 638 608 1524 3380 3802 2469 4347 329 1768 2526 3230 1346 1725 3069 826 1079 3610 4742 3542 4536 3115 2720 2041 4769 4622 3473 1927 3748 2193 3382
537 804 529 611 2007 500 2936 4877 1465 3955 1920 4899 1318 75 302 4803 1039 4066 175 973 4900 4239 3886 3017 2697 3343 2400 2712 4874 4633 502 3210 3744 2955 2379 1270 4987 3806 3631 4435 3265 2762 109 718 3795 167 4038 1389 4247 3327 4206 59 4487 4361 4388 3346 1074 824 3493 270 4022 558 3597 452 2108 4045 3178 687 904 1495 1096 2809 4065 4133 4150 123 1336 4473 4596 1472 2759 2834 3760 4042 957 1740 4827 1738 1252 3183 4845 2048 445 1046 4198 4364 1492 1520 3773 1644
2648 774 30 472 2514 951 3002 2612 711 1697 3827 1318 4312 569 2667 1217 4308 3469 3096 4856 947 3149 3780 2043 637 369 2520 4016 1771 4482 1782 1674 1997 1674 602 4717 4583 3839 2401 2596 4725 132 3802 1298 3765 2796 4154 3420 3746 3610 4372 749 2710 1053 1856 4121 1861 3624 2125 1986 4145 3764 661 469 4746 2214 2698 639 4477 2365 127 4630 1155 2610 4336 4643 489 4293 3623 4622 3663 2871 3977 3791 2304 4598 3956 18 3547 762 1309 65 4774 86 2164 1107 3677 3946 4596 4970
3334 1750 115 1566 1910 3888 663 3229 2934 4735 1240 75 569 371 3308 4280 4633 4539 609 1987 2805 2107 3443 2239 4585 2038 3751 3125 2628 2156 3029 3009 2871 1069 4161 3254 1160 2040 3363 150 127 942 4518 4011 3838 3491 4276 216 3941 1095 929 4604 4624 242 1037 4241 2494 2208 4721 54 1410 3402 4405 234 3533 4619 3986 2460 973 4705 4155 2025 920 845 1440 4043 894 3188 757 2667 811 3953 2126 3751 595 601 903 2682 2125 3690 3154 1965 3154 4229 4886 1357 2638 3436 3429 2775
4106 4251 3817 2665 4371 2849 4161 1698 871 1586 2721 302 2667 3308 1190 2798 657 468 982 4669 3268 450 920 1843 567 2532 915 1478 2046 1732 4626 2264 897 1721 101 666 2954 3740 477 4043 80 2816 3808 1096 703 3195 4689 2474 1160 304 1453 431 2669 4168 1152 4877 614 116 4291 2976 1539 1943 952 4542 2256 2114 2896 2566 2469 3519 3688 3275 4092 4159 1792 363 3988 1446 3044 184 1682 4235 2831 4318 695 561 3701 3769 2868 4448 4825 410 1117 4253 3075 153 4415 2319 891 885
1199 1024 2928 4133 2035 3482 1056 3161 2105 978 1226 4803 1217 4280 2798 2928 4879 703 4196 4894 574 2079 3606 1607 894 4331 338 3792 2383 2340 4118 2838 267 844 4045 1807 1131 2556 1999 4042 895 3530 2965 1468 487 183 4064 65 366 1261 73 1664 1380 4867 4364 1693 1211 959 539 4499 396 2469 1398 1342 4659 3118 2951 4036 1460 365 3080 2568 4097 3106 589 1164 1111 2783 1935 3817 2342 3138 2190 289 1004 2085 3381 3308 4428 4417 258 2261 2994 1525 3928 189 3792 1867 4635 4534
2795 4364 574 3883 3964 2127 2338 2129 1532 4178 1879 1039 4308 4633 657 4879 1504 2065 3729 2640 2641 4441 3742 2364 1868 1876 647 4297 3375 4963 3197 2284 1827 1864 2143 714 3420 3373 637 2063 1507 3059 159 2281 2643 4793 4154 4078 1586 395 3360 3331 601 3617 1930 3375 1736 788 2875 4431 180 4111 1032 1403 4134 720 2867 3669 2613 810 669 1326 4259 2083 2504 2175 2350 4780 624 2090 1715 2433 3308 4690 4925 1306 443 1131 3831 1916 1174 1746 1618 2935 278 732 1002 2015 538 80
4503 1698 4767 2085 4223 935 2013 4947 1737 1495 4704 4066 3469 4539 468 703 2065 249 4800 4545 4007 2286 982 4337 1922 180 2955 4678 4769 2566 1814 3184 83 3013 3318 1404 2031 3851 1228 4293 2534 1836 1582 3724 3470 531 3416 1501 1066 2577 3630 3048 1955 3869 1403 1883 4416 908 4427 3049 86 4796 2352 3954 1934 3260 3883 4034 3005 2317 4873 4644 257 2697 2091 1187 3578 1113 379 1484 66 1506 855 3545 3035 2199 3394 3699 551 4197 562 351 2898 4160 2496 4265 3544 2428 3438 187
959 1310 4477 2881 38 195 3130 653 445 4411 3058 175 3096 609 982 4196 3729 4800 4976 3226 1558 1646 1315 1216 1367 4016 318 4372 3766 1524 1510 433 3205 3350 1919 3106 4103 2320 3423 1655 1671 2762 3680 4910 2403 640 3798 365 3479 2490 118 3467 382 4263 4864 524 1107 4945 2592 2492 2617 2002 2538 4236 2878 148 3050 107 393 2268 1077 689 4839 4162 3283 2595 2105 2213 3185 4400 1746 402 3933 603 2576 1893 178 2825 2110 4140 1340 1257 2653 2426 1008 2129 2018 1365 469 70
1195 2109 1830 1198 4838 1077 426 2045 289 4642 3798 973 4856 1987 4669 4894 2640 4545 3226 1773 32 3821 4061 1466 2328 290 1728 1075 1468 577 3615 786 3541 378 1943 779 654 1896 2665 317 4346 1998 2465 2764 3667 4371 2998 3197 4579 4551 2535 2667 2978 3988 4615 2738 2291 739 2532 4102 767 320 2389 935 4393 3332 814 2785 4102 2702 1053 2426 4124 1435 908 3257 4691 3214 1571 3678 4315 1830 1481 3081 4357 3213 245 2611 247 2659 2654 2132 440 3806 4144 807 3065 846 2316 2408
3694 1878 4534 886 4873 2952 1705 137 2667 847 2756 4900 947 2805 3268 574 2641 4007 1558 32 2707 1124 2888 2937 4928 1478 4940 2836 1282 2962 3003 4721 3184 560 2199 4791 1900 1366 2853 4970 4620 278 2510 404 1663 4358 4009 4349 1644 4539 281 3263 4155 3504 4185 2750 4302 3148 4091 2847 4145 1074 2436 1657 888 4585 4734 1863 993 2013 2581 4396 40 4595 2828 742 1121 1066 3374 1882 4162 516 332 3919 2936 303 4043 1241 1225 2669 4145 210 2627 3052 3191 2859 4729 2226 4636 4275
1236 1279 4828 1721 4763 2749 4105 2282 1668 2127 4713 4239 3149 2107 450 2079 4441 2286 1646 3821 1124 3361 820 1754 3159 2582 2687 3250 1418 3608 181 3211 905 4580 2973 4569 2032 4882 4725 3795 1410 1309 1369 1513 562 2419 3331 199 251 3951 431 4928 687 509 1428 2665 3701 161 3677 3934 3659 2863 2579 2704 4740 1537 65 2974 3612 3609 2698 1603 1625 3186 4206 4978 176 3732 3317 2996 1672 4502 2425 718 4218 3268 2817 702 1697 3915 3788 3084 4483 4950 3729 436 3672 1560 4079 1125
4925 3964 4276 168 1178 2343 4058 2411 2919 58 1119 3886 3780 3443 920 3606 3742 982 1315 4061 2888 820 4078 4237 66 1001 2730 2531 4015 46 2816 1874 3068 469 2404 3042 3092 665 746 4447 2846 642 223 2450 4130 1160 1419 3074 2912 4575 2056 2431 4497 2428 1439 1385 1353 1976 855 1460 4385 3903 274 2119 879 4995 2624 941 486 2006 672 4915 1163 288 2117 2796 1823 3804 2713 467 4002 2426 3929 976 2838 2694 606 4131 1981 2897 4973 3584 1433 123 1441 3620 923 1786 1684 1804
4094 3915 2319 3830 1607 2294 486 63 1477 280 2456 3017 2043 2239 1843 1607 2364 4337 1216 1466 2937 1754 4237 2500 4911 1397 4406 4200 339 1434 635 4768 4759 2374 2393 683 2909 631 2860 1614 4171 2665 4584 4808 3226 1154 377 3812 2027 2196 700 3118 4099 3405 3067 4112 293 2260 322 3921 4414 1362 4562 268 3276 1379 299 1260 4358 854 2468 3433 1742 1896 1535 3215 4084 296 4495 4477 4741 2378 2680 4082 1694 4341 4338 3920 3178 3715 1854 2522 1521 3873 3359 3727 3694 3520 3462 1483
966 3513 881 1812 3597 3690 4462 3743 2240 4823 4896 2697 637 4585 567 894 1868 1922 1367 2328 4928 3159 66 4911 3822 4658 1584 4137 3792 3334 4182 339 10 576 3897 2039 2606 3888 2009 4529 2558 1701 3428 1030 57 4572 2068 2292 2545 1434 1171 4388 1215 710 4486 515 2539 629 4737 998 1911 3600 3152 2352 1490 3261 332 3112 1670 2295 4713 1534 2861 1853 3856 992 2473 867 4216 1020 2921 2338 1537 1971 3123 2164 896 2022 2407 2797 1193 2589 1394 4765 2197 4587 2601 4365 810 1850
2647 3368 3980 3830 3323 2134 4387 431 864 1837 4450 3343 369 2038 2532 4331 1876 180 4016 290 1478 2582 1001 1397 4658 868 85 995 4535 3002 3400 262 1424 2721 4077 2918 2115 2146 1090 2227 3337 3336 4621 4059 841 3177 3428 2455 4491 3139 3331 1044 3983 143 4945 2321 3912 430 3363 1293 2668 4256 1655 2839 4635 3640 378 2250 4278 198 2201 2794 2747 2168 4857 812 532 2293 864 3702 2238 4151 458 3287 1687 4806 3837 4154 3490 3269 4548 4304 876 1094 883 1589 611 1921 634 524
1093 3818 3829 2872 3131 3511 324 2748 2584 1040 4341 2400 2520 3751 915 338 647 2955 318 1728 4940 2687 2730 4406 1584 85 4652 3301 4185 4341 4845 1708 3293 2722 1813 925 3869 1138 2306 1781 3574 1779 3770 4178 1196 2183 2235 3419 396 4312 4786 2811 3725 1731 3059 1764 329 4288 2864 4378 1133 3860 4758 2838 4675 1928 354 4920 2515 2056 4679 2949 3900 1992 1412 2006 2724 2366 4253 1771 1427 2290 4165 2611 4426 4845 401 2560 4168 599 3751 4848 2744 4841 668 1428 204 1608 650 2279
4265 2531 2532 1240 4943 1979 4974 1147 1628 4479 877 2712 4016 3125 1478 3792 4297 4678 4372 1075 2836 3250 2531 4200 4137 995 3301 4321 2065 577 3664 4506 4164 4122 4263 3627 4495 4484 1759 3071 4390 2023 3524 505 4753 4692 3246 1935 2531 3853 4902 2134 3274 791 1926 3628 1460 1628 2218 910 1398 3905 1982 2005 3496 4742 475 3771 1211 1453 3747 3503 1839 702 3452 2751 3779 2494 1957 2260 3733 4407 3114 1502 4633 1351 4590 3588 240 1064 4226 558 1286 1436 3350 744 673 887 1096 1221
1201 3265 1980 921 2838 860 940 974 1538 4507 3819 4874 1771 2628 2046 2383 3375 4769 3766 1468 1282 1418 4015 339 3792 4535 4185 2065 1338 3779 3817 4394 1788 1801 3524 1984 3409 2798 3869 695 2263 2190 2027 3649 1100 4825 978 2814 4906 3871 1697 2385 2789 4925 284 4945 362 1924 2769 4073 2322 4901 421 902 4849 1166 3101 3150 1591 4001 4050 2594 1107 4243 2854 4791 4115 1029 2464 1656 3712 2914 1677 420 1238 1403 3161 4925 542 889 1423 627 869 3360 2836 1803 1803 1680 63 2776
3522 88 2860 4743 2314 2870 217 1161 4169 2400 1464 4633 4482 2156 1732 2340 4963 2566 1524 577 2962 3608 46 1434 3334 3002 4341 577 3779 2581 4726 3143 3239 3945 2438 215 63 2472 4849 3525 596 807 466 4463 1735 782 556 3948 1941 135 4420 254 1255 2555 3464 1278 4463 1507 2387 1096 131 2011 2142 424 1835 186 1478 2883 3154 1055 585 4135 2458 2502 4779 3901 3684 2070 756 1303 2890 774 1477 2415 761 4486 1905 3091 567 2585 610 2882 969 2972 4809 2104 3744 1743 3420 2035
236 1006 1127 4871 4079 1741 900 2504 734 4187 1331 502 1782 3029 4626 4118 3197 1814 1510 3615 3003 181 2816 635 4182 3400 4845 3664 3817 4726 3138 2489 2407 4783 2234 4143 2741 4957 3179 250 1576 2629 3041 3055 1238 3142 308 4134 1526 4837 4930 3118 3400 4532 1088 4551 3969 4367 2683 192 1838 1368 1107 2865 262 386 3111 4693 3628 4563 128 2777 1489 1274 2982 2895 2579 467 595 220 2183 3971 4237 2122 4173 3493 3379 1777 1280 2970 2854 2237 3113 3546 4448 274 437 3355 1633 4217
1173 503 525 4949 4036 4951 459 1648 3575 29 1928 3210 1674 3009 2264 2838 2284 3184 433 786 4721 3211 1874 4768 339 262 1708 4506 4394 3143 2489 4273 1645 4874 4058 1390 2777 3902 1796 2268 4626 4852 1161 82 1561 3122 4790 3182 1554 4018 1270 1083 478 1658 1002 3282 3896 3876 2950 989 1813 2269 4825 1477 1808 294 2397 4949 27 2542 2005 1473 179 1308 2293 2516 2306 896 3116 4250 192 3966 4897 1271 4657 543 166 4732 2916 2222 3778 2421 1466 4842 1060 4415 454 481 1310 2979
179 2916 1120 4048 322 3563 3251 1435 563 2309 1173 3744 1997 2871 897 267 1827 83 3205 3541 3184 905 3068 4759 10 1424 3293 4164 1788 3239 2407 1645 1419 4344 2911 3068 4311 3280 126 4965 1162 2520 3286 3293 1211 4450 3493 3989 4906 2027 437 3172 3204 1611 4055 3760 360 422 3422 3714 405 1664 2136 1203 1909 3722 4104 3833 3841 493 2587 1004 1160 2241 3069 4473 4241 2834 4497 1285 2739 4199 1437 81 2495 96 364 1908 1441 4626 4123 3207 1901 43 4706 1611 2254 4195 4367 2139
1328 903 1612 3899 1343 2396 4436 4557 4865 4468 4307 2955 1674 1069 1721 844 1864 3013 3350 378 560 4580 469 2374 576 2721 2722 4122 1801 3945 4783 4874 4344 346 3016 4802 3026 4920 220 1333 2670 3984 1064 885 1787 685 1442 2142 1277 4078 1058 2698 2051 2299 2347 2556 4461 2188 3711 1378 482 1410 394 2260 4230 885 3279 2282 3449 2452 3072 3176 3943 3625 761 3980 4641 4607 4045 3492 3570 4879 2560 2350 1491 1353 1975 3507 3217 2275 593 3538 2906 4402 2419 134 3221 2593 4595 3947
692 191 970 1858 153 4737 1316 2305 460 4599 2757 2379 602 4161 101 4045 2143 3318 1919 1943 2199 2973 2404 2393 3897 4077 1813 4263 3524 2438 2234 4058 2911 3016 1986 735 993 491 2108 2473 4409 3254 4971 2200 329 610 2699 1912 2144 3765 3256 4041 2633 4585 521 2975 3490 4157 510 3201 2632 2816 2331 4820 3948 630 3531 2848 1106 3554 3004 4674 900 2064 2375 4760 1904 2422 2041 1190 2577 2167 4285 2013 3758 4593 3444 4811 2572 1505 2621 4994 3417 3815 2445 423 131 1776 3755 2523
1140 1779 676 2482 3781 886 662 2481 1805 416 4073 1270 4717 3254 666 1807 714 1404 3106 779 4791 4569 3042 683 2039 2918 925 3627 1984 215 4143 1390 3068 4802 735 2700 3558 4824 2305 4651 2921 2252 3384 922 1350 3668 3715 2783 3259 3584 3753 1671 4944 1316 1990 2106 4814 4949 4706 1122 544 2284 3002 1630 1298 2506 4477 2558 1626 2701 1674 3045 3896 416 1151 2858 575 26 1386 4329 3074 60 4333 2992 895 923 4489 4900 2140 1597 964 4784 4686 1972 2655 3488 3417 690 4212 4968
3709 3861 4129 1099 3023 3668 4681 3674 3142 3931 4101 4987 4583 1160 2954 1131 3420 2031 4103 654 1900 2032 3092 2909 2606 2115 3869 4495 3409 63 2741 2777 4311 3026 993 3558 3209 1713 4435 1550 3765 3084 4106 2889 3961 1549 1087 1462 2165 2839 4546 925 4483 4757 2096 4609 3071 2223 1361 323 2095 3069 3529 3218 1240 1817 4875 2188 2372 3839 4525 3379 23 3057 1863 1062 2428 973 1602 3941 338 2635 1268 800 1245 543 2675 3461 3450 4827 259 2444 1993 724 4527 1916 2471 1946 4711 2401
4018 2541 3842 2459 2932 951 3066 1457 1543 868 4308 3806 3839 2040 3740 2556 3373 3851 2320 1896 1366 4882 665 631 3888 2146 1138 4484 2798 2472 4957 3902 3280 4920 491 4824 1713 1061 2070 1883 520 2097 3549 4196 1540 3583 2496 4545 3149 2541 1278 2336 4836 1792 1019 3485 3558 2738 4014 1560 2763 2815 1255 4156 4744 2133 787 2749 3293 4662 4656 1071 523 2696 4264 4327 1324 1303 457 94 861 2037 4588 1749 879 4276 3650 2047 1847 3711 2547 3615 4136 4367 130 88 4465 2293 1023 1636
3458 4759 946 4644 546 1170 4514 2318 208 1553 3579 3631 2401 3363 477 1999 637 1228 3423 2665 2853 4725 746 2860 2009 1090 2306 1759 3869 4849 3179 1796 126 220 2108 2305 4435 2070 3499 1051 2776 4700 2765 4973 3815 722 1456 776 2272 4626 2903 4970 3567 2343 265 1268 4521 1105 1897 4120 4278 927 951 1655 2573 834 4391 1042 3709 568 4799 4303 4587 4942 4048 3873 2407 3507 3416 4372 2090 2897 2355 3888 1211 699 4104 4287 4115 3759 4298 1366 1454 4020 1255 2639 4963 3186 3904 4179
2712 4056 414 1906 3309 1230 2367 2366 3297 1315 1730 4435 2596 150 4043 4042 2063 4293 1655 317 4970 3795 4447 1614 4529 2227 1781 3071 695 3525 250 2268 4965 1333 2473 4651 1550 1883 1051 2912 4443 196 1861 4208 2325 3829 157 4768 4913 1821 2121 1355 2930 2927 1822 3092 2639 2050 3973 2548 2861 3550 1281 2242 3324 3066 4716 756 4529 4692 4719 4581 61 4051 2557 4294 4452 3843 847 4386 4645 2233 263 4694 4150 142 2658 4876 720 2127 4614 2244 368 562 3798 1696 3113 3897 2884 2395
3894 3286 3610 4213 2757 3138 4745 852 2477 4250 4072 3265 4725 127 80 895 1507 2534 1671 4346 4620 1410 2846 4171 2558 3337 3574 4390 2263 596 1576 4626 1162 2670 4409 2921 3765 520 2776 4443 1974 3610 2502 502 3476 1436 4616 1728 4736 4769 3909 1035 2281 1445 2533 2639 4964 3819 383 3173 2043 4707 4509 329 3800 2175 807 2212 4839 4582 633 2431 2503 1274 4391 1958 2857 714 2636 337 1601 3741 4052 1584 1118 695 2288 3239 1716 4906 1407 712 1033 474 280 2974 3226 4345 1862 4248
603 4526 119 1745 4116 4156 4887 4000 3741 1660 2900 2762 132 942 2816 3530 3059 1836 2762 1998 278 1309 642 2665 1701 3336 1779 2023 2190 807 2629 4852 2520 3984 3254 2252 3084 2097 4700 196 3610 4024 1592 4345 1553 2883 3288 2575 2761 14 1913 4667 3035 4799 2564 552 2752 2563 1884 159 1993 1445 2795 919 1146 3846 1939 697 372 1961 4489 3195 2503 3307 1693 4313 2659 1502 2471 28 4166 4512 800 3782 410 2165 281 3221 153 787 3675 3565 3491 574 4973 2496 3791 4488 2299 4429
2830 1178 3336 300 4438 1880 1072 2356 283 1772 3422 109 3802 4518 3808 2965 159 1582 3680 2465 2510 1369 223 4584 3428 4621 3770 3524 2027 466 3041 1161 3286 1064 4971 3384 4106 3549 2765 1861 2502 1592 2269 104 1601 1434 2717 907 4333 4785 3154 1853 4169 1579 4728 3622 1960 4658 588 2867 2925 1242 3867 3080 3314 59 1735 2458 1829 3879 1409 340 1517 4664 2583 4648 2892 4172 2011 2017 1425 3532 4250 4577 3550 3175 385 3132 4400 2609 4187 1247 854 280 4404 2428 1093 3177 1943 3362
3203 3647 3751 917 4198 2868 4123 4664 3869 2284 4080 718 1298 4011 1096 1468 2281 3724 4910 2764 404 1513 2450 4808 1030 4059 4178 505 3649 4463 3055 82 3293 885 2200 922 2889 4196 4973 4208 502 4345 104 1383 2485 1988 4626 678 2737 926 2565 623 2932 4318 4684 2149 4876 1341 3090 3742 294 3833 4170 3526 4986 2519 917 1783 2386 474 2663 1337 2548 1147 718 636 4022 2506 604 1075 4335 3965 37 4048 3846 3324 3360 4322 225 3391 3627 3812 3540 4600 977 2939 1922 3765 2160 1443
2228 4816 2398 2929 1766 2578 1474 118 926 4358 3756 3795 3765 3838 703 487 2643 3470 2403 3667 1663 562 4130 3226 57 841 1196 4753 1100 1735 1238 1561 1211 1787 329 1350 3961 1540 3815 2325 3476 1553 1601 2485 910 4235 3490 3883 3725 495 3988 4181 4116 4401 3061 1827 1455 1039 2556 2234 385 1945 1500 2082 1098 2497 4837 845 3352 2675 309 1572 1286 1018 4618 150 4115 2337 4912 3478 3662 988 1393 2072 344 4738 4853 3494 686 3780 208 1697 270 3298 1166 4376 1713 4195 4855 3663
3637 4844 1784 2359 2016 4954 4568 3979 1468 4071 1026 167 2796 3491 3195 183 4793 531 640 4371 4358 2419 1160 1154 4572 3177 2183 4692 4825 782 3142 3122 4450 685 610 3668 1549 3583 722 3829 1436 2883 1434 1988 4235 1345 1965 3325 3594 572 2751 594 4050 1765 4724 3165 3892 3906 4313 629 1638 813 1840 3289 3740 1929 705 553 2277 571 4945 2988 2050 4973 2141 1042 488 4041 590 2597 3907 2296 2702 4665 2836 2449 4086 4822 3633 1166 3389 3898 569 4697 2877 1796 3506 2078 4738 1979
2801 532 4293 4974 4213 4960 4706 2874 2522 2115 2103 4038 4154 4276 4689 4064 4154 3416 3798 2998 4009 3331 1419 377 2068 3428 2235 3246 978 556 308 4790 3493 1442 2699 3715 1087 2496 1456 157 4616 3288 2717 4626 3490 1965 4588 901 4688 4705 4582 404 562 3701 4213 1346 4846 1350 4259 2125 4848 2865 1845 2080 4848 3056 3839 646 3409 4117 2589 2934 4645 995 4940 1147 4071 2844 1797 3070 118 433 3425 167 4891 363 3340 733 4905 1243 3990 1808 1534 2968 2293 4437 4307 4795 171 2702
544 1960 3302 3264 370 3859 2636 885 1783 2662 2372 1389 3420 216 2474 65 4078 1501 365 3197 4349 199 3074 3812 2292 2455 3419 1935 2814 3948 4134 3182 3989 2142 1912 2783 1462 4545 776 4768 1728 2575 907 678 3883 3325 901 3502 2336 2817 4024 2567 1535 4620 4449 674 3312 2163 4647 3337 1977 4654 4159 3287 3564 2405 4890 3819 3657 4406 444 4740 4876 2399 4278 4051 493 562 2924 577 1734 4735 3936 842 4752 135 415 3709 2999 1178 4719 3243 253 3385 1755 1343 4692 3136 4249 451
2054 2413 1550 2185 1263 1574 4547 2910 4348 144 1438 4247 3746 3941 1160 366 1586 1066 3479 4579 1644 251 2912 2027 2545 4491 396 2531 4906 1941 1526 1554 4906 1277 2144 3259 2165 3149 2272 4913 4736 2761 4333 2737 3725 3594 4688 2336 2409 3678 4806 3540 2797 2831 3000 360 2990 3791 446 4389 913 2509 4674 3211 1523 234 2005 3132 786 2168 635 2747 3735 450 3747 4579 4322 2490 1456 2359 4893 4584 4880 4197 1567 1876 4798 1462 2238 1797 4393 613 4993 4757 1954 2284 1756 3333 4372 298
3085 606 1010 1694 4975 1779 1835 2923 4242 2046 1996 3327 3610 1095 304 1261 395 2577 2490 4551 4539 3951 4575 2196 1434 3139 4312 3853 3871 135 4837 4018 2027 4078 3765 3584 2839 2541 4626 1821 4769 14 4785 926 495 572 4705 2817 3678 4812 1869 4317 4611 2315 552 2264 2488 4641 2220 1185 4332 4799 3383 4610 1092 4191 150 4370 4047 1295 509 2270 3625 3397 3700 606 635 3476 1703 4943 3847 1411 538 2322 2952 1777 3774 4535 2458 459 3547 4208 1242 1980 4052 4968 1908 3906 94 2915
3675 3283 263 2259 2275 3305 862 4558 3849 2585 2292 4206 4372 929 1453 73 3360 3630 118 2535 281 431 2056 700 1171 3331 4786 4902 1697 4420 4930 1270 437 1058 3256 3753 4546 1278 2903 2121 3909 1913 3154 2565 3988 2751 4582 4024 4806 1869 1561 237 4991 2468 4134 3793 504 4268 3362 1437 4073 958 4497 1740 864 2903 4389 4109 2221 3772 3000 325 2237 2514 3124 592 3639 307 4524 3782 1572 4934 472 1269 1933 3173 2998 928 4901 1781 3723 2556 1468 4673 759 945 312 4485 62 1931
3055 2050 2790 1496 285 3110 1925 3526 3290 1213 2683 59 749 4604 431 1664 3331 3048 3467 2667 3263 4928 2431 3118 4388 1044 2811 2134 2385 254 3118 1083 3172 2698 4041 1671 925 2336 4970 1355 1035 4667 1853 623 4181 594 404 2567 3540 4317 237 2990 4910 552 2005 2683 2997 1332 4313 4473 2498 259 4910 3500 2810 4355 1872 2735 1241 4245 1610 2058 3522 624 1630 3045 4535 3456 965 2878 2686 1856 3807 1608 505 1277 335 4729 3955 1009 4629 2494 61 3343 4816 2073 1692 2251 3134 29
4704 1761 2546 2003 2038 4750 4635 151 3576 3218 4331 4487 2710 4624 2669 1380 601 1955 382 2978 4155 687 4497 4099 1215 3983 3725 3274 2789 1255 3400 478 3204 2051 2633 4944 4483 4836 3567 2930 2281 3035 4169 2932 4116 4050 562 1535 2797 4611 4991 4910 4022 4850 4912 2120 2316 3172 4951 2584 3060 2725 2339 86 2714 809 1887 2628 276 371 660 830 749 266 2293 1641 2183 1567 303 4306 1369 2087 2567 2243 805 1687 4287 4839 4387 450 3186 3073 3537 2178 1261 625 2358 981 3534 1590
4627 1430 966 3503 4121 1858 3458 1436 3446 2982 3434 4361 1053 242 4168 4867 3617 3869 4263 3988 3504 509 2428 3405 710 143 1731 791 4925 2555 4532 1658 1611 2299 4585 1316 4757 1792 2343 2927 1445 4799 1579 4318 4401 1765 3701 4620 2831 2315 2468 552 4850 2869 4802 4852 899 1561 19 4660 2969 773 253 2183 4178 1130 4720 4526 1711 4869 969 36 815 2932 4771 2672 243 4119 4674 2058 2300 1249 367 2094 4883 32 3221 4127 4334 1194 2087 1173 4162 780 593 3815 2970 1935 967 86
2066 50 3832 4105 2437 3395 2291 4382 3544 2575 4160 4388 1856 1037 1152 4364 1930 1403 4864 4615 4185 1428 1439 3067 4486 4945 3059 1926 284 3464 1088 1002 4055 2347 521 1990 2096 1019 265 1822 2533 2564 4728 4684 3061 4724 4213 4449 3000 552 4134 2005 4912 4802 1643 4878 2844 3466 1932 971 2127 3355 1211 3678 635 3236 4963 967 3902 172 3369 2810 4742 476 312 187 514 2390 3653 715 2611 924 1408 1007 4897 3566 3660 2917 819 3066 778 4936 1569 1019 1055 2095 2094 4283 4333 843
592 2071 4805 1035 1009 4307 2694 1851 606 79 1388 3346 4121 4241 4877 1693 3375 1883 524 2738 2750 2665 1385 4112 515 2321 1764 3628 4945 1278 4551 3282 3760 2556 2975 2106 4609 3485 1268 3092 2639 552 3622 2149 1827 3165 1346 674 360 2264 3793 2683 2120 4852 4878 1920 2874 2659 1727 2270 389 1556 3398 3995 2374 3886 1895 1838 3588 1861 307 4018 3822 3320 2383 4004 1447 2016 2198 4695 235 1909 1174 1269 3702 1882 4998 1819 2096 867 2268 2259 2181 961 63 1193 546 1122 658 488
200 3722 1422 4593 1376 1502 1588 1972 713 4326 1177 1074 1861 2494 614 1211 1736 4416 1107 2291 4302 3701 1353 293 2539 3912 329 1460 362 4463 3969 3896 360 4461 3490 4814 3071 3558 4521 2639 4964 2752 1960 4876 1455 3892 4846 3312 2990 2488 504 2997 2316 899 2844 2874 4132 1055 3811 1132 2082 3142 1318 2924 2983 880 2010 694 4304 2492 3870 265 1549 4517 3142 3813 933 979 152 940 838 4295 1497 4166 3944 632 2650 2264 3238 4305 3147 1019 3967 2006 1236 112 2689 4342 338 1640
4915 1595 4931 1030 2750 920 1493 49 1458 1460 1911 824 3624 2208 116 959 788 908 4945 739 3148 161 1976 2260 629 430 4288 1628 1924 1507 4367 3876 422 2188 4157 4949 2223 2738 1105 2050 3819 2563 4658 1341 1039 3906 1350 2163 3791 4641 4268 1332 3172 1561 3466 2659 1055 4614 2647 4862 3245 2499 3317 1740 849 318 4110 3635 3928 760 105 45 2572 3339 2580 3175 4174 3701 4184 3511 73 2632 4753 2307 4962 4423 1911 3339 4507 1884 1629 3536 397 403 4507 2075 4541 4127 2208 1968
4465 3239 4597 658 831 128 2035 4480 1743 4223 4785 3493 2125 4721 4291 539 2875 4427 2592 2532 4091 3677 855 322 4737 3363 2864 2218 2769 2387 2683 2950 3422 3711 510 4706 1361 4014 1897 3973 383 1884 588 3090 2556 4313 4259 4647 446 2220 3362 4313 4951 19 1932 1727 3811 2647 1742 335 3357 1983 2638 1515 3347 1742 2005 2979 2759 4350 79 661 190 4601 2761 3298 3586 2365 1083 4584 2462 2244 2163 1380 2217 3226 3074 786 1060 4806 1141 2971 1570 3476 3832 2690 413 2206 360 3170
3145 2729 2036 3519 4869 1694 2917 3115 821 911 762 270 1986 54 2976 4499 4431 3049 2492 4102 2847 3934 1460 3921 998 1293 4378 910 4073 1096 192 989 3714 1378 3201 1122 323 1560 4120 2548 3173 159 2867 3742 2234 629 2125 3337 4389 1185 1437 4473 2584 4660 971 2270 1132 4862 335 479 2455 4548 3111 1843 3069 1308 4773 361 1723 3354 1414 3751 2516 1188 1201 864 1781 4340 4456 3892 2936 758 2714 793 222 3791 924 2601 3022 1287 711 1748 485 4398 183 317 914 888 4683 632
4221 4388 2226 4235 1818 3086 2020 42 3190 1157 4409 4022 4145 1410 1539 396 180 86 2617 767 4145 3659 4385 4414 1911 2668 1133 1398 2322 131 1838 1813 405 482 2632 544 2095 2763 4278 2861 2043 1993 2925 294 385 1638 4848 1977 913 4332 4073 2498 3060 2969 2127 389 2082 3245 3357 2455 1357 168 1944 4334 2370 479 35 4100 636 4152 2132 2077 2122 3944 4011 1951 3440 4880 3395 4506 1704 4194 4200 987 91 1343 2605 2173 3385 3719 243 3217 3236 1020 3387 649 924 741 4515 4180
4586 4912 1758 4439 2802 647 3296 4074 141 4868 4310 558 3764 3402 1943 2469 4111 4796 2002 320 1074 2863 3903 1362 3600 4256 3860 3905 4901 2011 1368 2269 1664 1410 2816 2284 3069 2815 927 3550 4707 1445 1242 3833 1945 813 2865 4654 2509 4799 958 259 2725 773 3355 1556 3142 2499 1983 4548 168 4165 4633 4550 1521 2474 1190 3636 699 4629 4802 1110 594 4793 3560 3474 3128 2838 4741 3453 1616 742 918 2188 303 2406 3036 796 2439 3375 2335 586 4352 1432 4551 1441 2647 1205 4453 4332
3277 2822 4730 2447 1637 1249 3009 2691 2898 3174 4053 3597 661 4405 952 1398 1032 2352 2538 2389 2436 2579 274 4562 3152 1655 4758 1982 421 2142 1107 4825 2136 394 2331 3002 3529 1255 951 1281 4509 2795 3867 4170 1500 1840 1845 4159 4674 3383 4497 4910 2339 253 1211 3398 1318 3317 2638 3111 1944 4633 2437 3930 2612 3364 4440 4469 4282 283 1331 2015 1459 2849 2577 4624 1393 690 204 4032 4660 110 3218 3996 2666 4849 526 4543 2496 3709 1203 3084 4804 2897 414 371 4639 4046 586 20
1474 3030 1710 4825 1269 4904 4525 2075 2645 2798 3840 452 469 234 4542 1342 1403 3954 4236 935 1657 2704 2119 268 2352 2839 2838 2005 902 424 2865 1477 1203 2260 4820 1630 3218 4156 1655 2242 329 919 3080 3526 2082 3289 2080 3287 3211 4610 1740 3500 86 2183 3678 3995 2924 1740 1515 1843 4334 4550 3930 243 2706 4805 1709 2137 945 3842 2371 4392 2022 12 701 3352 4130 2735 2849 2893 1955 2500 1807 2141 3672 319 2688 3392 2750 1211 2762 4781 3532 429 3079 2198 1279 2242 3086 1769
1495 1450 4529 3978 3496 1298 4023 2779 1199 314 1949 2108 4746 3533 2256 4659 4134 1934 2878 4393 888 4740 879 3276 1490 4635 4675 3496 4849 1835 262 1808 1909 4230 3948 1298 1240 4744 2573 3324 3800 1146 3314 4986 1098 3740 4848 3564 1523 1092 864 2810 2714 4178 635 2374 2983 849 3347 3069 2370 1521 2612 2706 2240 794 3765 2407 1108 4202 4330 780 3558 3193 4986 33 4476 3387 1193 2312 2364 847 4614 1523 4775 1382 756 4355 248 1589 2910 4133 4167 254 4405 2471 4646 2100 464 3047
1351 3723 933 1926 4448 1784 111 4262 1562 3824 3109 4045 2214 4619 2114 3118 720 3260 148 3332 4585 1537 4995 1379 3261 3640 1928 4742 1166 186 386 294 3722 885 630 2506 1817 2133 834 3066 2175 3846 59 2519 2497 1929 3056 2405 234 4191 2903 4355 809 1130 3236 3886 880 318 1742 1308 479 2474 3364 4805 794 3090 4712 270 1797 2404 1320 3204 908 3743 2762 278 3177 906 3553 4415 2131 4134 4172 74 589 895 4069 1854 299 1546 3098 2216 3701 577 2577 2978 2552 4078 1339 2882
3751 2417 2459 3322 3220 942 3579 2881 208 2147 3322 3178 2698 3986 2896 2951 2867 3883 3050 814 4734 65 2624 299 332 378 354 475 3101 1478 3111 2397 4104 3279 3531 4477 4875 787 4391 4716 807 1939 1735 917 4837 705 3839 4890 2005 150 4389 1872 1887 4720 4963 1895 2010 4110 2005 4773 35 1190 4440 1709 3765 4712 4307 3002 3717 538 4740 1483 433 3142 1709 3165 1314 3377 2466 2731 2804 3027 4599 3147 1906 4399 418 1317 681 901 3834 1691 3404 1314 2440 716 4435 4556 1129 4055
668 4564 4559 3210 4314 3960 4473 4559 1386 4344 118 687 639 2460 2566 4036 3669 4034 107 2785 1863 2974 941 1260 3112 2250 4920 3771 3150 2883 4693 4949 3833 2282 2848 2558 2188 2749 1042 756 2212 697 2458 1783 845 553 646 3819 3132 4370 4109 2735 2628 4526 967 1838 694 3635 2979 361 4100 3636 4469 2137 2407 270 3002 2904 4381 4577 280 394 1531 3481 1119 1166 4766 3323 4569 4122 4595 1706 289 1971 1096 313 3949 2225 595 3711 951 1043 2235 1881 4488 4901 1228 1947 3177 2709
4918 4228 2206 2936 1863 4689 3998 3096 3745 161 4391 904 4477 973 2469 1460 2613 3005 393 4102 993 3612 486 4358 1670 4278 2515 1211 1591 3154 3628 27 3841 3449 1106 1626 2372 3293 3709 4529 4839 372 1829 2386 3352 2277 3409 3657 786 4047 2221 1241 276 1711 3902 3588 4304 3928 2759 1723 636 699 4282 945 1108 1797 3717 4381 2264 4130 582 4008 2273 2004 373 655 972 2421 3843 1110 4338 4192 3113 1920 651 1151 4429 1136 150 2790 4308 3596 3915 2571 1146 3642 4979 4782 665 2766
3742 2232 2610 67 449 4928 115 1583 1933 4908 383 1495 2365 4705 3519 365 810 2317 2268 2702 2013 3609 2006 854 2295 198 2056 1453 4001 1055 4563 2542 493 2452 3554 2701 3839 4662 568 4692 4582 1961 3879 474 2675 571 4117 4406 2168 1295 3772 4245 371 4869 172 1861 2492 760 4350 3354 4152 4629 283 3842 4202 2404 538 4577 4130 1077 670 1265 213 3875 121 2296 2580 879 4260 4344 4532 2976 4901 1402 4211 4286 2947 3410 2248 3851 4957 676 2603 3414 2067 2721 4951 3663 4586 4198
2511 956 1689 2581 3994 2463 3528 1097 3814 1618 638 1096 127 4155 3688 3080 669 4873 1077 1053 2581 2698 672 2468 4713 2201 4679 3747 4050 585 128 2005 2587 3072 3004 1674 4525 4656 4799 4719 633 4489 1409 2663 309 4945 2589 444 635 509 3000 1610 660 969 3369 307 3870 105 79 1414 2132 4802 1331 2371 4330 1320 4740 280 582 670 1102 1896 4584 1133 2416 3660 4691 1856 4369 4381 2827 4891 2940 3508 4970 304 1266 2678 1348 4460 4497 306 2437 1238 1645 1925 2351 3707 1014 898
2728 1200 4052 1894 2323 4662 3530 4729 2130 3653 608 2809 4630 2025 3275 2568 1326 4644 689 2426 4396 1603 4915 3433 1534 2794 2949 3503 2594 4135 2777 1473 1004 3176 4674 3045 3379 1071 4303 4581 2431 3195 340 1337 1572 2988 2934 4740 2747 2270 325 2058 830 36 2810 4018 265 45 661 3751 2077 1110 2015 4392 780 3204 1483 394 4008 1265 1896 2512 1064 2244 2272 2367 700 4251 4332 4501 2072 1678 4976 3614 4393 3284 3072 4677 1709 4877 1672 3502 25 4028 1746 131 4990 3918 3321 3763
4814 3326 3686 3873 3538 2622 3853 2787 3947 4558 1524 4065 1155 920 4092 4097 4259 257 4839 4124 40 1625 1163 1742 2861 2747 3900 1839 1107 2458 1489 179 1160 3943 900 3896 23 523 4587 61 2503 2503 1517 2548 1286 2050 4645 4876 3735 3625 2237 3522 749 815 4742 3822 1549 2572 190 2516 2122 594 1459 2022 3558 908 433 1531 2273 213 4584 1064 2023 3603 2167 1622 3315 2944 3656 3813 4428 4127 4885 1283 3731 867 216 3507 2373 468 1532 1791 2429 975 1256 4447 329 2888 1426 527
4995 1691 1600 455 4024 923 3269 4531 3295 531 3380 4133 2610 845 4159 3106 2083 2697 4162 1435 4595 3186 288 1896 1853 2168 1992 702 4243 2502 1274 1308 2241 3625 2064 416 3057 2696 4942 4051 1274 3307 4664 1147 1018 4973 995 2399 450 3397 2514 624 266 2932 476 3320 4517 3339 4601 1188 3944 4793 2849 12 3193 3743 3142 3481 2004 3875 1133 2244 3603 1560 1848 1420 898 2044 3499 3830 4290 2462 4159 4209 874 2012 4758 757 4750 4772 2157 992 4148 802 4839 853 2385 1749 1724 4328
1606 2365 1572 2229 900 562 2810 4426 4287 4427 3802 4150 4336 1440 1792 589 2504 2091 3283 908 2828 4206 2117 1535 3856 4857 1412 3452 2854 4779 2982 2293 3069 761 2375 1151 1863 4264 4048 2557 4391 1693 2583 718 4618 2141 4940 4278 3747 3700 3124 1630 2293 4771 312 2383 3142 2580 2761 1201 4011 3560 2577 701 4986 2762 1709 1119 373 121 2416 2272 2167 1848 3584 4903 391 3143 1947 1173 3891 3328 1562 3101 3388 3300 1579 2265 209 138 908 3558 4242 148 3753 2993 345 3194 2673 2282
331 2615 1528 1522 2034 1325 592 4897 691 2903 2469 123 4643 4043 363 1164 2175 1187 2595 3257 742 4978 2796 3215 992 812 2006 2751 4791 3901 2895 2516 4473 3980 4760 2858 1062 4327 3873 4294 1958 4313 4648 636 150 1042 1147 4051 4579 606 592 3045 1641 2672 187 4004 3813 3175 3298 864 1951 3474 4624 3352 33 278 3165 1166 655 2296 3660 2367 1622 1420 4903 1950 1591 3515 2042 2468 3236 1290 4443 4818 3209 2095 482 320 753 3022 4287 1856 1688 2472 4986 1535 3893 857 435 2443
451 1537 802 3337 3368 3937 4341 27 4545 2438 4347 1336 489 894 3988 1111 2350 3578 2105 4691 1121 176 1823 4084 2473 532 2724 3779 4115 3684 2579 2306 4241 4641 1904 575 2428 1324 2407 4452 2857 2659 2892 4022 4115 488 4071 493 4322 635 3639 4535 2183 243 514 1447 933 4174 3586 1781 3440 3128 1393 4130 4476 3177 1314 4766 972 2580 4691 700 3315 898 391 1591 2959 3045 4337 1045 1467 1097 2324 369 1890 2631 1802 4809 3167 923 2600 3215 1135 263 4657 3503 3661 2181 1070 1644
2495 3287 3118 4663 3843 4796 2762 1575 981 2970 329 4473 4293 3188 1446 2783 4780 1113 2213 3214 1066 3732 3804 296 867 2293 2366 2494 1029 2070 467 896 2834 4607 2422 26 973 1303 3507 3843 714 1502 4172 2506 2337 4041 2844 562 2490 3476 307 3456 1567 4119 2390 2016 979 3701 2365 4340 4880 2838 690 2735 3387 906 3377 3323 2421 879 1856 4251 2944 2044 3143 3515 3045 4993 2927 2694 110 2851 3706 3308 2942 4487 3311 3486 1520 3483 813 3509 3622 4102 3399 3793 2057 4788 562 1041
1200 123 1894 2968 1335 4014 2547 1144 2535 1848 1768 4596 3623 757 3044 1935 624 379 3185 1571 3374 3317 2713 4495 4216 864 4253 1957 2464 756 595 3116 4497 4045 2041 1386 1602 457 3416 847 2636 2471 2011 604 4912 590 1797 2924 1456 1703 4524 965 303 4674 3653 2198 152 4184 1083 4456 3395 4741 204 2849 1193 3553 2466 4569 3843 4260 4369 4332 3656 3499 1947 2042 4337 2927 2559 768 1840 3803 4900 4136 1277 3807 1243 3235 4769 472 964 4394 482 346 4886 592 464 3433 1732 693
2032 962 1454 4414 3997 279 829 2187 2389 1725 2526 1472 4622 2667 184 3817 2090 1484 4400 3678 1882 2996 467 4477 1020 3702 1771 2260 1656 1303 220 4250 1285 3492 1190 4329 3941 94 4372 4386 337 28 2017 1075 3478 2597 3070 577 2359 4943 3782 2878 4306 2058 715 4695 940 3511 4584 3892 4506 3453 4032 2893 2312 4415 2731 4122 1110 4344 4381 4501 3813 3830 1173 2468 1045 2694 768 4786 855 2987 4432 2162 748 325 1575 1766 1733 3514 1334 3767 2432 249 1522 4270 1692 3511 4574 792
2225 3153 4446 4097 1586 671 2242 1311 401 4735 3230 2759 3663 811 1682 2342 1715 66 1746 4315 4162 1672 4002 4741 2921 2238 1427 3733 3712 2890 2183 192 2739 3570 2577 3074 338 861 2090 4645 1601 4166 1425 4335 3662 3907 118 1734 4893 3847 1572 2686 1369 2300 2611 235 838 73 2462 2936 1704 1616 4660 1955 2364 2131 2804 4595 4338 4532 2827 2072 4428 4290 3891 3236 1467 110 1840 855 3133 2117 3837 2097 771 4052 4196 1555 283 3720 569 2310 4359 343 3769 1632 353 1128 4444 1265
451 3000 3137 4268 1174 2614 1523 1706 1337 2364 1346 2834 2871 3953 4235 3138 2433 1506 402 1830 516 4502 2426 2378 2338 4151 2290 4407 2914 774 3971 3966 4199 4879 2167 60 2635 2037 2897 2233 3741 4512 3532 3965 988 2296 433 4735 4584 1411 4934 1856 2087 1249 924 1909 4295 2632 2244 758 4194 742 110 2500 847 4134 3027 1706 4192 2976 4891 1678 4127 2462 3328 1290 1097 2851 3803 2987 2117 1438 4044 4455 3965 4544 867 2954 4163 4721 3907 4235 3622 1018 1392 1989 3804 2956 3496 3955
