N: 100
M: 20
Symmetric: true
Triangle: false
4 48 22 86 5
4 99 52 43 66
3 64 92 93
6 62 40 65 47 14 38
5 19 17 1 98 36
6 51 4 33 54 95 8
7 94 9 96 28 10 41 21
6 59 50 77 88 39 20
7 68 24 11 29 84 30 16
5 60 27 55 87 45
3 35 97 46
6 34 7 100 25 75 6
3 32 81 73
3 72 13 58
4 78 44 91 69
5 71 76 12 18 56
4 2 80 26 79
9 63 67 82 53 15 37 3 23 90
5 70 74 61 49 57
5 31 83 85 42 89
3546 178 4990 3591 1069 852 2003 443 4678 836 3819 1718 1033 3587 3447 2083 2767 882 3597 695 2903 308 2654 3065 2923 4333 4163 2230 1095 4567 4057 3365 285 4195 4566 2698 1020 223 2103 4556 2612 1699 4550 69 3361 3084 473 3643 2268 4137 3309 1396 1238 2958 4876 4997 3390 666 1805 4473 72 1112 2855 1104 1735 3649 3201 1081 273 3337 2129 4667 1573 292 3516 4032 4419 1106 3624 4320 3489 2254 1661 1118 2995 416 4158 1618 4729 403 1178 4062 3520 4927 1788 4902 4655 1544 2220 4699
178 3737 41 2893 2581 3976 2262 4850 2030 758 3074 4072 3202 3503 2213 3729 566 3871 4058 1730 2151 483 746 1752 1429 845 1168 2474 2804 3155 2352 2247 4229 3270 261 3757 4624 2294 3263 2663 4173 3095 75 3611 470 3962 4619 3796 3301 3689 3556 3368 1998 1175 1557 2591 2713 2144 1765 2499 522 3553 3678 3032 740 88 2564 2622 1466 3411 1172 3074 1193 4348 852 4137 2232 2753 4078 1893 3064 3522 3624 1142 4100 108 1035 168 2822 1727 3338 928 2460 4404 4172 1497 3834 778 4579 942
4990 41 2275 3766 706 2166 2734 2169 3255 528 366 3053 4709 3252 1180 4381 4861 4175 4283 4145 405 4850 2265 2415 1145 2394 2709 2027 1035 1934 3556 1140 4500 944 795 1954 2241 1874 1140 1606 2783 2052 417 2279 3296 4472 4169 1095 2403 3954 3289 2304 4403 2607 489 4560 2794 1636 3937 2894 4063 397 1788 4050 2067 4761 3422 2302 2107 4766 2494 3290 2365 854 437 4551 1656 281 310 2123 3631 1353 3847 2060 4039 688 3039 2312 1097 1875 962 3070 1845 3115 3411 301 4334 426 3753 2209
3591 2893 3766 1825 2438 2343 4504 3113 2694 2119 2444 4204 3225 3026 1141 3217 941 2167 157 2522 2428 2376 2785 4667 4226 1133 4643 2901 822 4105 4995 4078 3374 2954 2840 1899 4357 4273 1569 1672 3228 478 3625 3609 876 2968 2361 2233 2868 1458 2083 2421 2973 4634 2893 3161 3426 2797 2657 3329 3750 4961 4674 905 4166 1026 4188 4463 4469 2977 117 42 3007 1356 1399 695 3695 960 1949 4224 38 2173 3037 1465 2168 4333 3421 2602 4695 3001 4282 3326 2719 4042 3292 4210 2291 2513 2285 4766
1069 2581 706 2438 808 4896 3612 2118 4179 1240 1847 3048 550 1151 4455 1409 1798 2790 2659 3541 1882 3454 3545 1580 4888 371 3095 3754 1219 908 3244 978 3768 1664 1034 3874 498 4410 4386 4219 2628 4345 4031 3134 2307 3375 1072 4227 2680 3627 4970 4125 4265 3080 2030 2479 2737 645 2922 2352 4549 1773 534 3958 400 4341 4000 1193 1272 2276 2943 2868 4844 194 1213 3536 3361 2754 2823 3298 1572 60 2201 4491 2224 1415 2962 1256 3756 4867 3277 4611 505 3804 957 2466 3414 3496 2395 101
852 3976 2166 2343 4896 3721 1819 2327 4144 4864 2173 4736 2717 3359 4435 103 3407 4945 864 1187 3463 3397 1315 60 3241 2286 4044 4152 1922 811 945 1811 286 4110 2944 2770 2370 1871 2148 1252 3706 1733 4491 385 1483 3131 3831 4748 2636 3540 4278 1479 969 3277 4009 2866 2781 4762 2356 4912 3034 1247 4995 2116 2118 4210 3760 4248 4632 3040 2259 2901 554 211 166 1268 3408 4496 1661 4971 281 3280 4817 1844 1994 3169 3236 4802 2106 2770 2743 3729 3343 3934 1063 299 4663 2032 3802 2083
2003 2262 2734 4504 3612 1819 4750 3570 4772 4012 891 2365 684 2520 549 210 860 3211 4564 3620 1094 2386 712 4940 3315 3663 1758 2130 2970 249 516 2490 3694 3674 2054 1780 4736 4194 2197 4971 4675 966 3327 1892 73 4270 4247 1936 2771 2255 1270 2270 4007 2569 2215 524 1524 2202 4989 3727 1098 4915 1111 1978 3916 2935 2932 3473 4772 2660 1773 4244 100 3190 998 190 855 1522 3911 3347 1022 4734 2618 2304 4589 2737 307 3214 2825 2488 654 1564 4308 33 3361 1622 1748 675 4721 726
443 4850 2169 3113 2118 2327 3570 4207 4506 4495 1674 1329 3930 4485 4806 958 3453 3711 60 967 3736 510 2824 3271 1989 3030 1276 3135 3195 1582 795 1396 1591 4723 3772 535 1042 1969 3837 3107 3510 3529 4519 1940 2872 633 3989 4594 2292 2554 1397 4050 532 2480 4696 2589 2538 3073 3535 3790 2025 3974 4727 54 4929 4599 1736 4778 4159 4423 3689 1885 1715 303 3257 2146 3724 474 1219 4276 3152 1505 2905 2641 1666 1773 1980 4709 3694 3724 247 2518 4705 700 4325 519 1443 2260 2246 4272
4678 2030 3255 2694 4179 4144 4772 4506 810 4935 674 2118 3477 3924 2576 578 2674 3449 220 1424 2945 4553 2178 4471 4200 621 3522 1747 4863 4313 605 705 3360 4057 2507 1518 113 1280 1439 4326 1901 4477 3666 483 541 1428 4589 1961 2539 2476 384 225 2577 1246 1475 3437 4354 3657 3467 1301 4547 3070 1321 3018 1457 641 1446 4746 373 4998 2810 2842 4848 2316 1331 1368 1020 3597 1286 3891 1239 55 3923 1964 297 3580 227 357 3677 2849 3613 3822 1128 2974 4099 4017 427 3003 2108 1236
836 758 528 2119 1240 4864 4012 4495 4935 4556 1786 24 1021 4675 3785 4161 1529 989 1108 1459 1127 1043 3581 1731 926 2098 1184 101 4629 3040 1001 1907 4440 254 594 4426 2303 487 2557 1783 2131 1699 1745 2648 1115 2157 813 3385 400 4346 2226 3916 2463 98 1804 4629 4447 4519 826 3656 2533 2892 2347 4134 751 1689 4943 2935 2957 1488 983 3172 2083 3375 2341 3720 623 1687 3553 2901 3499 1731 1946 4687 24 4158 3782 1772 4954 3688 506 3365 345 4059 4398 112 3483 2546 2540 4108
3819 3074 366 2444 1847 2173 891 1674 674 1786 3300 1608 677 1435 4004 1855 1493 560 4357 4274 710 4851 3402 3209 4300 4268 4235 3395 1360 2505 3400 4696 688 3326 3229 2850 172 2389 2476 1912 3977 4872 677 3266 2467 1049 4430 761 1975 2054 3630 2010 4313 2620 2029 1499 4576 994 4390 1635 1123 1151 2670 4882 2765 2898 68 3293 1439 1837 1085 1964 3924 3541 4793 3685 2290 2999 455 3693 2262 2946 309 1841 4275 3760 2100 4367 4361 1470 3354 467 1738 514 1441 4312 2089 3385 1958 1320
1718 4072 3053 4204 3048 4736 2365 1329 2118 24 1608 3542 792 4980 3540 4011 4841 107 978 1111 153 4149 3105 1088 1918 3497 1682 822 3624 442 3354 4888 1274 3472 364 2444 1303 3740 2606 1741 964 1606 4550 502 3180 3095 616 2229 244 725 3659 996 1953 1750 3761 4298 4252 1301 3342 1911 3419 2167 3284 2297 3458 2895 3777 3602 4074 4749 1871 465 1242 4948 163 2935 4112 3122 1097 2753 3339 3788 1468 453 2904 4851 2320 316 2828 3028 991 3180 1352 1750 1428 1100 2123 270 3067 2992
1033 3202 4709 3225 550 2717 684 3930 3477 1021 677 792 793 2900 3004 4182 125 1594 2556 3016 97 444 2688 3590 479 4503 2048 4968 1314 3135 196 1721 4646 935 736 2613 1778 1455 1577 2724 4191 1754 1482 4877 2692 2697 4254 3092 1120 248 4843 4329 1691 222 3026 3601 3088 3789 2911 491 724 3073 3947 4349 3330 1248 131 3708 1219 4128 1317 320 4080 1367 3814 2087 1215 1136 2753 1503 615 1619 4306 3828 2912 2169 1543 1760 2986 84 497 4633 1941 1671 4473 1013 3485 3346 226 4760
3587 3503 3252 3026 1151 3359 2520 4485 3924 4675 1435 4980 2900 4536 2875 4921 4132 4691 2150 1907 4257 3208 974 1523 1666 1283 628 2602 3240 3862 2767 4746 3218 4383 2343 1007 2817 3061 3768 2780 3127 3804 538 4043 3594 2371 4030 3881 4291 4977 469 417 3372 1946 1262 4936 839 637 1277 66 803 3999 3443 1538 1453 1683 3273 1872 4112 1354 497 1833 4292 2671 663 4262 1835 1956 1254 4812 4518 487 1061 4703 3694 385 973 3697 1351 2400 4927 694 4146 3088 982 1938 4185 3893 4828 2290
3447 2213 1180 1141 4455 4435 549 4806 2576 3785 4004 3540 3004 2875 4797 3998 4652 2932 4460 463 2638 1015 3689 848 1310 684 2317 1431 1384 3655 1038 2179 3361 271 3715 1246 3879 526 2355 4830 1901 2931 4629 3562 117 166 2998 3458 3006 166 2796 3228 2842 886 4694 1528 4647 284 3948 4356 4722 2336 2433 1396 2388 1398 2341 4410 4668 341 2460 4056 2766 4334 107 3050 939 3361 3051 3768 1514 2436 4165 4523 442 4331 618 196 3395 3958 4278 4230 761 2907 1221 4889 1946 3081 3543 3956
2083 3729 4381 3217 1409 103 210 958 578 4161 1855 4011 4182 4921 3998 2713 2103 1725 3782 955 3126 1535 3341 1545 3309 1360 3206 2257 2174 3075 1707 1839 1861 4877 4775 2532 1928 2147 2208 1250 3078 1783 3639 2187 421 3510 1994 3080 3083 1470 1327 1024 3077 4018 3372 941 2668 511 2391 33 89 1253 3392 4581 2576 1871 2713 3637 3983 3533 1723 3143 2789 4406 4644 4629 4903 3127 2122 1147 4185 4683 4875 545 874 925 2275 4480 1754 409 1797 1277 1021 80 3795 4422 837 4797 1736 4073
2767 566 4861 941 1798 3407 860 3453 2674 1529 1493 4841 125 4132 4652 2103 3110 4892 770 499 1734 4581 1606 4620 1830 721 1127 3204 118 1106 1757 2348 3306 4732 2820 2932 825 2733 311 1425 901 856 1192 3554 2993 3618 4111 3912 1051 4764 836 2187 548 3944 726 3674 4004 2579 4227 3772 1353 1609 1306 333 4839 199 4393 3388 2020 4512 2450 3745 928 1939 3975 1535 474 1581 3182 3309 2612 1570 2819 1940 2651 2226 3896 4954 282 594 3328 1461 1525 2284 4490 780 2141 2401 3776 3841
882 3871 4175 2167 2790 4945 3211 3711 3449 989 560 107 1594 4691 2932 1725 4892 2933 409 1992 896 1007 508 4843 907 1109 4388 738 1378 2469 1508 2524 1130 624 4878 1069 2742 2454 4900 4295 665 4968 3455 947 557 1585 410 1312 2163 4375 3244 708 4469 3192 1863 1467 3019 3913 2712 2168 3898 818 3778 2294 1285 141 414 3040 1470 1090 2995 4828 56 23 2505 2845 3212 3790 657 3491 3925 548 4828 2910 657 4192 4650 3342 3161 2603 345 3903 2177 1577 450 3794 3551 648 3370 4803
3597 4058 4283 157 2659 864 4564 60 220 1108 4357 978 2556 2150 4460 3782 770 409 2015 110 4505 3931 481 2443 1407 1444 2142 347 4374 1167 3146 4661 2434 2428 1957 706 189 574 1337 1132 4222 4473 346 4966 4109 2166 3873 4806 962 2213 1960 156 3662 2597 2636 2378 1890 4763 4541 4473 3868 4816 3760 3984 429 4651 1538 4891 2803 2571 3557 42 2273 592 2656 3916 4858 154 889 864 3707 1674 2944 2827 2405 540 3148 2877 4392 916 4309 1530 423 4996 415 1112 1891 2868 1993 336
695 1730 4145 2522 3541 1187 3620 967 1424 1459 4274 1111 3016 1907 463 955 499 1992 110 4503 4541 1304 1003 337 3592 1690 4614 3115 4397 2134 4692 2382 2447 3794 2221 1363 1045 2369 3509 2692 1240 1048 4851 3537 1564 2286 3826 2143 4361 2607 1194 4072 3929 602 2238 4919 2111 1244 2541 1642 2293 731 4880 2745 1230 98 861 4092 4932 1236 1357 1749 99 3603 4036 4097 3730 4303 2595 3482 3631 4293 4140 3000 1498 819 3841 959 4081 3623 2590 3168 4324 2254 4482 4321 4891 4204 4623 2364
2903 2151 405 2428 1882 3463 1094 3736 2945 1127 710 153 97 4257 2638 3126 1734 896 4505 4541 1177 1190 3595 2758 4007 4668 4335 1719 306 4632 2594 2170 4496 1126 1797 1496 1435 1112 1324 3531 2998 279 18 1363 2530 2318 3801 2607 2186 3151 1155 257 3451 1587 3168 1471 965 1210 4714 1200 761 2337 4685 513 494 4698 2880 681 2299 4023 4227 3232 1071 1780 3569 2399 2655 2712 110 1521 824 1334 945 1379 3095 3201 3140 1097 3428 2566 4781 3282 1237 3154 629 4568 897 738 3764 2972
308 483 4850 2376 3454 3397 2386 510 4553 1043 4851 4149 444 3208 1015 1535 4581 1007 3931 1304 1190 270 2779 500 3261 3956 3611 2539 4771 908 787 4701 466 2147 1135 4851 371 3082 4284 3551 4880 2455 3147 3468 2552 3686 33 3259 1288 2120 2691 3306 4901 635 3631 4108 3469 663 2633 2302 1981 146 4377 4846 4776 2996 3338 4470 1898 4335 1411 1829 3151 3374 782 3974 4313 4464 3965 1378 4153 544 2812 4540 1627 4194 2709 4735 2395 4161 2382 1848 2997 1282 1973 1788 1474 1648 4724 557
2654 746 2265 2785 3545 1315 712 2824 2178 3581 3402 3105 2688 974 3689 3341 1606 508 481 1003 3595 2779 4441 3114 2645 4723 1172 2732 2220 1532 2699 796 374 4072 3742 3671 463 2672 2104 3857 4066 4100 3176 1050 269 4553 1682 929 338 4225 669 4040 984 1310 946 4469 3454 585 2578 3705 56 277 4084 1432 2580 1770 1456 2455 342 4180 2308 617 477 3869 537 4983 3828 2690 199 2590 2735 2759 3208 1586 4737 3858 2713 327 4941 4886 326 1371 2685 4469 4903 3938 4390 3177 2316 193
3065 1752 2415 4667 1580 60 4940 3271 4471 1731 3209 1088 3590 1523 848 1545 4620 4843 2443 337 2758 500 3114 2823 3467 4734 1824 386 2548 2719 2748 1807 679 2538 1461 2695 1286 2122 1155 538 3523 2404 4783 3469 838 3634 3599 953 584 3046 3495 742 4314 1469 1484 1522 1756 331 3851 3554 4286 4191 4297 387 3455 2122 4103 939 3606 3566 2236 4888 1544 3488 1316 554 3815 3662 1968 1932 1557 2548 951 1817 941 4677 3189 3975 4578 3456 3988 488 3692 2231 2617 4221 553 3337 1379 3614
2923 1429 1145 4226 4888 3241 3315 1989 4200 926 4300 1918 479 1666 1310 3309 1830 907 1407 3592 4007 3261 2645 3467 3394 2352 111 3313 3080 54 2554 2909 1966 3806 4467 465 494 1954 1321 4298 980 709 1090 2676 331 2609 99 2650 3590 4453 3830 3165 1425 584 1318 479 281 2750 2452 2115 1085 235 1118 4154 1181 3007 1055 3063 1368 1023 1734 4909 1812 4211 4963 228 2037 1207 2061 653 1759 4412 4691 709 4462 2309 3430 1100 203 1017 1341 898 3569 3679 651 2464 4723 1294 1929 1964
4333 845 2394 1133 371 2286 3663 3030 621 2098 4268 3497 4503 1283 684 1360 721 1109 1444 1690 4668 3956 4723 4734 2352 1301 3993 3931 436 3009 2684 3530 414 146 4376 410 3095 3664 1678 2581 1852 1793 2148 1540 209 4066 1628 1702 1772 44 1383 2933 3124 655 1087 1804 4081 1211 570 285 2007 54 4267 1362 2025 4802 566 2895 4484 1618 4584 3796 1874 2014 2090 267 4341 3650 3728 3797 3080 754 2253 4280 881 432 1989 2977 381 4005 1361 1705 3498 3537 1791 921 2417 2358 1936 2516
4163 1168 2709 4643 3095 4044 1758 1276 3522 1184 4235 1682 2048 628 2317 3206 1127 4388 2142 4614 4335 3611 1172 1824 111 3993 2937 3671 4741 3598 1599 440 3465 1323 729 2339 2238 636 731 3057 3123 1574 2831 2787 2976 3067 293 3225 4043 936 4068 1466 4137 1755 158 2733 372 4027 1552 3874 4345 2609 3454 2495 4243 2786 150 3271 1847 4242 273 220 1515 388 3386 1869 2659 462 3626 2372 2884 4234 2977 4379 4981 4624 2551 2962 3317 102 3500 4827 906 4558 1568 627 2835 2468 2395 2766
2230 2474 2027 2901 3754 4152 2130 3135 1747 101 3395 822 4968 2602 1431 2257 3204 738 347 3115 1719 2539 2732 386 3313 3931 3671 4832 2923 4148 3177 2628 2496 2331 1171 571 406 283 351 468 3373 3552 1677 47 3693 662 366 52 488 4897 260 210 1548 1285 4113 1554 323 240 3747 1259 3040 829 1213 2080 3862 1834 43 1080 2967 2272 3895 4602 3246 3330 1115 1477 1725 4956 1940 276 4341 1739 922 1987 2368 1515 402 4231 1244 4866 1689 4718 3313 3814 2215 2055 1038 3181 2875 4234
1095 2804 1035 822 1219 1922 2970 3195 4863 4629 1360 3624 1314 3240 1384 2174 118 1378 4374 4397 306 4771 2220 2548 3080 436 4741 2923 2748 742 3216 4751 1368 4009 909 2174 563 4273 967 2121 3941 1448 1914 539 4627 2973 3688 3448 3152 4097 3468 3621 1434 594 2343 1670 3039 4799 2656 4117 3776 731 4464 2560 2866 146 4153 3634 3607 618 4891 3253 891 2320 431 3591 1094 1723 1643 2158 2273 2831 1389 796 4005 3015 401 4190 2376 4306 48 4929 1873 3833 2546 3962 2447 1652 2855 2088
4567 3155 1934 4105 908 811 249 1582 4313 3040 2505 442 3135 3862 3655 3075 1106 2469 1167 2134 4632 908 1532 2719 54 3009 3598 4148 742 4983 1938 2719 1495 1932 2794 1298 3140 1122 3896 453 3908 2535 2457 2955 2750 780 2679 4330 183 242 2399 2313 2762 4289 377 4316 3210 1731 665 2086 1032 4704 2989 3054 2971 291 1914 1858 670 3804 1539 2187 651 4029 1467 807 3519 3164 4666 3490 984 445 3043 2392 1120 1229 2558 2432 1479 3674 4330 1907 2396 1561 3373 531 247 1375 4755 748
4057 2352 3556 4995 3244 945 516 795 605 1001 3400 3354 196 2767 1038 1707 1757 1508 3146 4692 2594 787 2699 2748 2554 2684 1599 3177 3216 1938 3351 1103 940 4950 2660 1297 4259 24 1491 2642 2637 4787 2365 880 4784 4672 3488 2481 1035 190 3546 3124 3490 2977 1303 4676 3847 3504 2615 2030 3911 4283 2019 2317 3871 1898 1893 445 2514 3999 2402 3388 2457 2045 1804 3268 1109 3144 3063 743 782 3093 3983 804 4154 2886 3199 1607 1795 3761 1109 3513 3931 2588 3117 3417 2740 367 3713 4005
3365 2247 1140 4078 978 1811 2490 1396 705 1907 4696 4888 1721 4746 2179 1839 2348 2524 4661 2382 2170 4701 796 1807 2909 3530 440 2628 4751 2719 1103 4621 1283 3156 4034 1698 2828 4103 3738 3014 4811 2112 1396 488 3826 1917 3015 208 1783 341 3204 2446 1870 785 3988 2372 3932 1769 2377 2882 4443 1126 4170 2662 3665 719 2950 4047 2583 4314 1768 4922 161 202 1574 2312 4981 1499 2744 3701 1843 2234 4796 1800 3470 1795 4705 3192 2469 4634 4639 3625 2813 570 1013 4473 912 4483 1071 2187
285 4229 4500 3374 3768 286 3694 1591 3360 4440 688 1274 4646 3218 3361 1861 3306 1130 2434 2447 4496 466 374 679 1966 414 3465 2496 1368 1495 940 1283 3143 3720 1566 725 1056 4502 693 1746 4089 4764 3338 1341 3802 4502 1300 4559 1755 305 3249 3711 65 4161 4069 77 2797 2061 2830 2381 197 3422 1430 3241 2363 3063 4724 4468 1112 3583 4491 3555 2248 1317 184 1487 2434 3626 1128 3251 2449 1048 3397 2249 317 3086 3005 687 3890 3886 4341 4907 3521 4798 2428 2517 4562 843 207 3040
4195 3270 944 2954 1664 4110 3674 4723 4057 254 3326 3472 935 4383 271 4877 4732 624 2428 3794 1126 2147 4072 2538 3806 146 1323 2331 4009 1932 4950 3156 3720 4200 312 1728 893 447 1742 360 4752 3861 204 864 3666 2389 3876 3014 4503 2363 3383 70 3921 1639 3640 818 556 4435 2152 3038 1330 1793 4411 2119 3534 2036 4439 3931 3335 1089 4625 4654 4583 1632 2080 3150 4824 2224 4725 2194 4485 3914 2217 889 2948 4801 4106 3643 2732 2466 2818 1962 3153 1802 13 4915 62 1562 3539 4811
4566 261 795 2840 1034 2944 2054 3772 2507 594 3229 364 736 2343 3715 4775 2820 4878 1957 2221 1797 1135 3742 1461 4467 4376 729 1171 909 2794 2660 4034 1566 312 4623 4375 2813 3886 64 3550 3277 4635 1747 4953 28 1636 3391 825 42 4839 2708 4797 2674 3526 3318 2534 2683 1468 3212 4948 1940 3217 1142 2472 765 2499 3515 2612 4723 2993 1655 466 4121 3980 1950 3719 4233 3079 2909 4075 3716 3489 3604 1852 917 3276 1826 4023 3014 2714 3421 1800 4669 4012 2738 314 1979 1940 3071 517
2698 3757 1954 1899 3874 2770 1780 535 1518 4426 2850 2444 2613 1007 1246 2532 2932 1069 706 1363 1496 4851 3671 2695 465 410 2339 571 2174 1298 1297 1698 725 1728 4375 1694 3005 747 1199 486 1385 3131 199 2813 2028 1122 4050 2990 2061 89 988 3926 4524 613 2648 3936 877 3894 2499 4370 1308 820 1499 326 4490 4379 935 4266 4000 1017 4759 2575 4837 1616 4075 517 2619 1208 469 585 4189 3088 911 3747 3791 3460 1753 1291 4609 2033 1429 1981 401 3666 857 2559 3366 3523 812 4658
1020 4624 2241 4357 498 2370 4736 1042 113 2303 172 1303 1778 2817 3879 1928 825 2742 189 1045 1435 371 463 1286 494 3095 2238 406 563 3140 4259 2828 1056 893 2813 3005 4663 1000 627 1319 605 1223 930 103 4485 3805 1131 1745 771 3518 2595 212 2554 2348 1821 4775 4701 1462 4633 1502 4302 1351 80 2192 2089 1764 3260 1281 2816 426 2565 4768 788 3720 4070 4056 3547 1763 4917 2755 1790 201 1553 930 548 2416 4043 4470 125 4650 1190 2406 585 4513 4450 4555 416 606 496 4219
223 2294 1874 4273 4410 1871 4194 1969 1280 487 2389 3740 1455 3061 526 2147 2733 2454 574 2369 1112 3082 2672 2122 1954 3664 636 283 4273 1122 24 4103 4502 447 3886 747 1000 2078 536 4480 4780 4430 1612 4911 3157 4488 1362 776 2117 2169 813 1049 1049 3059 3443 3854 3585 2236 374 4015 4598 2576 3629 452 1544 1501 3601 4659 3884 1414 381 2465 3746 3006 1348 2985 357 1374 1648 3298 4791 4821 3526 4170 2983 2062 435 3872 2632 3930 2915 1749 3230 4998 2391 4274 237 851 4263 1754
2103 3263 1140 1569 4386 2148 2197 3837 1439 2557 2476 2606 1577 3768 2355 2208 311 4900 1337 3509 1324 4284 2104 1155 1321 1678 731 351 967 3896 1491 3738 693 1742 64 1199 627 536 1268 3864 4406 3523 1875 2249 2199 2077 3573 4328 1067 29 947 3416 1116 3115 3657 4864 4766 3608 4701 2490 4423 4255 1315 2687 2947 82 4812 1461 1409 2844 819 949 3494 4168 3333 4520 1056 4207 564 3567 514 3231 4508 3863 2408 1623 4028 2802 3830 130 4036 3283 2096 2843 4666 2531 3669 2774 1454 1060
4556 2663 1606 1672 4219 1252 4971 3107 4326 1783 1912 1741 2724 2780 4830 1250 1425 4295 1132 2692 3531 3551 3857 538 4298 2581 3057 468 2121 453 2642 3014 1746 360 3550 486 1319 4480 3864 1885 361 4052 4421 3865 2953 343 157 493 899 2218 2385 4988 3350 662 2883 566 2712 701 4048 1583 3734 670 845 3025 4930 2847 1939 886 2566 4703 854 1444 3070 863 4626 2097 1747 647 2357 3092 1973 3660 963 4755 2830 4569 552 2606 1122 4978 1786 1732 4782 1937 1131 1028 1408 4595 3974 3488
2612 4173 2783 3228 2628 3706 4675 3510 1901 2131 3977 964 4191 3127 1901 3078 901 665 4222 1240 2998 4880 4066 3523 980 1852 3123 3373 3941 3908 2637 4811 4089 4752 3277 1385 605 4780 4406 361 3174 37 3723 1748 4700 4764 1999 2462 2996 1860 3938 1251 3038 2119 3372 4640 4166 2431 3813 2815 2088 858 4806 3800 997 4418 4775 2929 941 1442 1425 4696 1914 1968 4726 2843 3685 1456 2294 3400 1920 3670 4531 3854 3622 998 796 2122 1936 4342 3953 4152 776 1866 970 4316 1249 2682 4594 2169
1699 3095 2052 478 4345 1733 966 3529 4477 1699 4872 1606 1754 3804 2931 1783 856 4968 4473 1048 279 2455 4100 2404 709 1793 1574 3552 1448 2535 4787 2112 4764 3861 4635 3131 1223 4430 3523 4052 37 2622 3920 1376 4571 3285 476 3140 1870 1064 1060 3304 3171 36 700 774 172 1355 2552 856 503 3233 1793 3651 2814 4198 4495 2989 2257 4450 4417 4732 3012 2491 3646 1581 388 2138 178 3208 3921 3784 1142 1937 2322 4919 372 2989 526 827 3591 3067 3539 2622 3457 3041 4385 4417 2986 394
4550 75 417 3625 4031 4491 3327 4519 3666 1745 677 4550 1482 538 4629 3639 1192 3455 346 4851 18 3147 3176 4783 1090 2148 2831 1677 1914 2457 2365 1396 3338 204 1747 199 930 1612 1875 4421 3723 3920 2082 1034 1239 4939 771 828 1218 1626 2059 1591 2981 4857 176 1734 2567 155 2666 1335 1835 3727 874 3036 4853 2678 2551 3145 4575 2651 346 4351 4306 2688 3884 2346 4403 502 331 4304 4295 3213 4812 2049 1310 4646 219 564 1920 3664 1280 1641 2587 3209 3111 2988 507 1440 1533 4873
69 3611 2279 3609 3134 385 1892 1940 483 2648 3266 502 4877 4043 3562 2187 3554 947 4966 3537 1363 3468 1050 3469 2676 1540 2787 47 539 2955 880 488 1341 864 4953 2813 103 4911 2249 3865 1748 1376 1034 1331 2482 2320 3056 2437 749 3920 1079 2092 258 1091 3552 355 89 3127 2028 1386 3878 4820 1568 317 2824 3465 4025 3930 4858 1607 1080 811 2829 4282 3552 3092 1441 3130 1605 1000 2451 2509 3616 3017 3512 1747 3321 3838 171 884 3082 3311 108 3322 3995 618 2368 3455 705 2781
3361 470 3296 876 2307 1483 73 2872 541 1115 2467 3180 2692 3594 117 421 2993 557 4109 1564 2530 2552 269 838 331 209 2976 3693 4627 2750 4784 3826 3802 3666 28 2028 4485 3157 2199 2953 4700 4571 1239 2482 65 3564 3893 154 1472 1706 2442 1071 3274 2564 3361 2888 2457 4616 109 4604 1666 638 3643 2866 2695 1125 42 3333 727 822 661 2407 384 2252 15 4195 1868 1081 4890 2489 1943 1518 2499 2216 4088 2276 1572 4891 1151 650 2510 3214 1447 430 203 238 2206 2899 482 2150
3084 3962 4472 2968 3375 3131 4270 633 1428 2157 1049 3095 2697 2371 166 3510 3618 1585 2166 2286 2318 3686 4553 3634 2609 4066 3067 662 2973 780 4672 1917 4502 2389 1636 1122 3805 4488 2077 343 4764 3285 4939 2320 3564 3098 3970 1480 3094 3555 1420 1069 3844 2198 3832 930 2836 1768 4510 679 4068 4173 4177 4675 2754 2375 594 3518 3987 1455 427 1828 449 1892 3329 3223 279 432 3974 4244 3269 3711 598 1869 915 3543 1201 1240 285 1265 2659 4306 4846 4126 4814 4713 2051 1072 4766 3690
473 4619 4169 2361 1072 3831 4247 3989 4589 813 4430 616 4254 4030 2998 1994 4111 410 3873 3826 3801 33 1682 3599 99 1628 293 366 3688 2679 3488 3015 1300 3876 3391 4050 1131 1362 3573 157 1999 476 771 3056 3893 3970 2489 1990 747 546 2496 1533 2562 2969 901 2345 4360 4617 2680 3304 405 2744 4243 2808 4816 2793 645 2688 4546 1900 865 113 3434 4142 1507 848 61 2316 2383 2981 4108 1373 532 3514 3986 1013 2965 4803 4251 3551 52 3437 597 4104 3811 2882 4379 3065 2761 2000
3643 3796 1095 2233 4227 4748 1936 4594 1961 3385 761 2229 3092 3881 3458 3080 3912 1312 4806 2143 2607 3259 929 953 2650 1702 3225 52 3448 4330 2481 208 4559 3014 825 2990 1745 776 4328 493 2462 3140 828 2437 154 1480 1990 2989 2493 1478 3288 4179 3951 3681 1463 4108 4543 4473 3422 3461 99 4517 358 2148 4584 458 3897 1363 3242 3494 1374 1572 2311 28 2437 4684 4526 2580 1295 2673 1002 472 1854 4335 4394 4201 4699 992 3882 4093 4544 3046 4445 2683 3690 663 3214 4847 2273 3024
2268 3301 2403 2868 2680 2636 2771 2292 2539 400 1975 244 1120 4291 3006 3083 1051 2163 962 4361 2186 1288 338 584 3590 1772 4043 488 3152 183 1035 1783 1755 4503 42 2061 771 2117 1067 899 2996 1870 1218 749 1472 3094 747 2493 4770 3010 4252 2550 837 4669 993 1778 1713 229 4234 3617 3271 3165 3026 2941 1447 4941 1972 420 4987 4037 3724 687 2768 4446 4715 4124 4950 3902 208 2381 4674 2934 977 3786 953 2642 2179 55 856 76 2555 4334 3604 811 4927 1238 4062 3286 873 381
4137 3689 3954 1458 3627 3540 2255 2554 2476 4346 2054 725 248 4977 166 1470 4764 4375 2213 2607 3151 2120 4225 3046 4453 44 936 4897 4097 242 190 341 305 2363 4839 89 3518 2169 29 2218 1860 1064 1626 3920 1706 3555 546 1478 3010 3279 4434 2530 1548 3483 1387 4189 4003 3932 2353 156 2777 2751 4948 1931 840 2410 3575 1272 1047 1643 4586 4823 3801 2301 481 421 3396 861 3612 4454 1148 637 2379 2190 1239 1268 1790 47 3918 2387 1551 3535 2518 4171 4322 1075 3231 4480 1451 2684
3309 3556 3289 2083 4970 4278 1270 1397 384 2226 3630 3659 4843 469 2796 1327 836 3244 1960 1194 1155 2691 669 3495 3830 1383 4068 260 3468 2399 3546 3204 3249 3383 2708 988 2595 813 947 2385 3938 1060 2059 1079 2442 1420 2496 3288 4252 4434 2935 266 1136 4180 2118 2146 3701 2044 4248 2657 4330 1427 1394 1877 1537 3732 3204 1243 11 1249 2365 2520 2559 465 3858 3664 3114 2588 2285 264 3020 4816 1691 1268 3255 3063 2705 69 3938 2584 2815 3585 1850 2400 2237 4040 590 996 3230 1786
1396 3368 2304 2421 4125 1479 2270 4050 225 3916 2010 996 4329 417 3228 1024 2187 708 156 4072 257 3306 4040 742 3165 2933 1466 210 3621 2313 3124 2446 3711 70 4797 3926 212 1049 3416 4988 1251 3304 1591 2092 1071 1069 1533 4179 2550 2530 266 226 850 4897 1714 4838 1006 4704 3322 1155 4498 39 1511 4232 2505 2777 4143 1045 3807 525 1021 2576 4852 1178 4035 3794 2742 1812 3509 4184 4303 599 4335 4671 4489 197 1267 4892 1533 2610 4409 4532 4151 3421 1433 1194 729 2687 4673 2308
1238 1998 4403 2973 4265 969 4007 532 2577 2463 4313 1953 1691 3372 2842 3077 548 4469 3662 3929 3451 4901 984 4314 1425 3124 4137 1548 1434 2762 3490 1870 65 3921 2674 4524 2554 1049 1116 3350 3038 3171 2981 258 3274 3844 2562 3951 837 1548 1136 850 2648 907 3277 511 4201 450 160 3485 4281 4873 1101 1429 2995 1981 4076 797 3959 2311 428 238 2465 3827 4310 4975 3253 3761 389 3146 2135 2054 3383 4123 2321 4119 4570 2707 1612 4271 1032 4398 4168 3272 1583 418 4215 1541 2297 4354
2958 1175 2607 4634 3080 3277 2569 2480 1246 98 2620 1750 222 1946 886 4018 3944 3192 2597 602 1587 635 1310 1469 584 655 1755 1285 594 4289 2977 785 4161 1639 3526 613 2348 3059 3115 662 2119 36 4857 1091 2564 2198 2969 3681 4669 3483 4180 4897 907 768 2346 3461 4452 2694 2897 3044 3545 314 3805 1095 2397 2305 835 1205 1575 4403 645 1101 3968 293 837 2697 4338 1609 4853 3762 367 2573 1186 1250 1620 2897 378 1154 1511 1017 3665 816 307 2330 2890 292 3976 2752 2472 1142
4876 1557 489 2893 2030 4009 2215 4696 1475 1804 2029 3761 3026 1262 4694 3372 726 1863 2636 2238 3168 3631 946 1484 1318 1087 158 4113 2343 377 1303 3988 4069 3640 3318 2648 1821 3443 3657 2883 3372 700 176 3552 3361 3832 901 1463 993 1387 2118 1714 3277 2346 1557 873 3363 3205 207 4969 432 207 3820 1403 23 3518 3840 4605 3879 1214 3634 569 4778 3590 1949 2680 1436 4474 1607 1755 4136 1281 591 97 4340 841 2471 4397 4009 1926 446 3450 3252 2185 4518 2571 2559 2125 3054 15
4997 2591 4560 3161 2479 2866 524 2589 3437 4629 1499 4298 3601 4936 1528 941 3674 1467 2378 4919 1471 4108 4469 1522 479 1804 2733 1554 1670 4316 4676 2372 77 818 2534 3936 4775 3854 4864 566 4640 774 1734 355 2888 930 2345 4108 1778 4189 2146 4838 511 3461 873 4217 1046 3227 4188 2312 329 4019 739 3007 4631 4554 2655 982 1097 581 4824 836 3041 1259 4086 2275 1948 739 766 1860 4610 2317 2176 2628 1701 1208 4910 3454 2999 4848 846 3204 535 4954 3012 359 3909 1431 905 2275
3390 2713 2794 3426 2737 2781 1524 2538 4354 4447 4576 4252 3088 839 4647 2668 4004 3019 1890 2111 965 3469 3454 1756 281 4081 372 323 3039 3210 3847 3932 2797 556 2683 877 4701 3585 4766 2712 4166 172 2567 89 2457 2836 4360 4543 1713 4003 3701 1006 4201 4452 3363 1046 3793 3506 1718 1119 4419 4126 2285 1537 4066 915 3312 226 2538 4755 4613 945 3311 4045 4287 1594 2105 4764 1021 4519 241 3668 1064 2087 3508 1783 113 3703 4677 1477 3361 2965 4891 2079 424 1238 4620 900 1339 1423
666 2144 1636 2797 645 4762 2202 3073 3657 4519 994 1301 3789 637 284 511 2579 3913 4763 1244 1210 663 585 331 2750 1211 4027 240 4799 1731 3504 1769 2061 4435 1468 3894 1462 2236 3608 701 2431 1355 155 3127 4616 1768 4617 4473 229 3932 2044 4704 450 2694 3205 3227 3506 1534 2395 2470 4053 2912 2225 3879 2922 511 4468 75 67 4732 853 3700 3053 4190 3371 1969 823 2683 2769 4045 153 4156 4527 115 970 1303 3928 273 255 2585 4808 2586 1300 3070 2465 4003 2598 2551 468 4258
1805 1765 3937 2657 2922 2356 4989 3535 3467 826 4390 3342 2911 1277 3948 2391 4227 2712 4541 2541 4714 2633 2578 3851 2452 570 1552 3747 2656 665 2615 2377 2830 2152 3212 2499 4633 374 4701 4048 3813 2552 2666 2028 109 4510 2680 3422 4234 2353 4248 3322 160 2897 207 4188 1718 2395 290 4528 4192 1198 2619 1958 4231 1659 3793 4049 676 3143 1035 2786 205 3345 508 3553 2076 1074 4076 2808 3677 3393 1940 3541 1854 4659 2806 2374 774 1919 4859 1746 2375 1400 1442 4207 1088 1123 1053 3693
4473 2499 2894 3329 2352 4912 3727 3790 1301 3656 1635 1911 491 66 4356 33 3772 2168 4473 1642 1200 2302 3705 3554 2115 285 3874 1259 4117 2086 2030 2882 2381 3038 4948 4370 1502 4015 2490 1583 2815 856 1335 1386 4604 679 3304 3461 3617 156 2657 1155 3485 3044 4969 2312 1119 2470 4528 1926 3240 4038 2766 4919 3832 2531 1542 283 179 2809 3196 2817 579 2815 1423 2512 1971 1782 4523 3028 4393 2624 4583 1619 1040 4382 2944 3677 3804 1351 1953 2562 3073 430 1118 2365 772 2552 4867 3231
72 522 4063 3750 4549 3034 1098 2025 4547 2533 1123 3419 724 803 4722 89 1353 3898 3868 2293 761 1981 56 4286 1085 2007 4345 3040 3776 1032 3911 4443 197 1330 1940 1308 4302 4598 4423 3734 2088 503 1835 3878 1666 4068 405 99 3271 2777 4330 4498 4281 3545 432 329 4419 4053 4192 3240 1375 1381 1661 256 116 2171 1145 4393 2509 3657 414 3955 1092 3042 1608 109 2201 1314 4116 4517 1020 169 2975 2186 4245 3054 4863 2040 2210 3159 4973 2421 4427 2437 3276 4947 4893 2565 2134 4884
1112 3553 397 4961 1773 1247 4915 3974 3070 2892 1151 2167 3073 3999 2336 1253 1609 818 4816 731 2337 146 277 4191 235 54 2609 829 731 4704 4283 1126 3422 1793 3217 820 1351 2576 4255 670 858 3233 3727 4820 638 4173 2744 4517 3165 2751 1427 39 4873 314 207 4019 4126 2912 1198 4038 1381 4002 86 609 4889 4799 4803 265 1592 94 1071 849 863 185 3631 2816 4925 3376 821 1284 84 2771 2861 4135 2728 1372 4559 4381 4410 399 3928 4548 3555 1699 2562 966 2735 449 1951 1927
2855 3678 1788 4674 534 4995 1111 4727 1321 2347 2670 3284 3947 3443 2433 3392 1306 3778 3760 4880 4685 4377 4084 4297 1118 4267 3454 1213 4464 2989 2019 4170 1430 4411 1142 1499 80 3629 1315 845 4806 1793 874 1568 3643 4177 4243 358 3026 4948 1394 1511 1101 3805 3820 739 2285 2225 2619 2766 1661 86 430 1140 1957 2773 53 202 3555 2120 1205 1063 651 197 1247 1796 71 4769 2142 1507 4777 3889 875 324 2962 2683 1077 4959 1738 3930 3355 3558 3081 3481 92 2622 3367 4756 3735 1760
1104 3032 4050 905 3958 2116 1978 54 3018 4134 4882 2297 4349 1538 1396 4581 333 2294 3984 2745 513 4846 1432 387 4154 1362 2495 2080 2560 3054 2317 2662 3241 2119 2472 326 2192 452 2687 3025 3800 3651 3036 317 2866 4675 2808 2148 2941 1931 1877 4232 1429 1095 1403 3007 1537 3879 1958 4919 256 609 1140 2555 1562 1021 3164 2664 2281 3329 218 3882 4568 3469 1141 2913 805 3029 4957 4599 1065 3973 2497 1031 188 3674 4528 2780 3400 752 220 1609 1419 2164 2400 3184 2161 435 3465 4489
1735 740 2067 4166 400 2118 3916 4929 1457 751 2765 3458 3330 1453 2388 2576 4839 1285 429 1230 494 4776 2580 3455 1181 2025 4243 3862 2866 2971 3871 3665 2363 3534 765 4490 2089 1544 2947 4930 997 2814 4853 2824 2695 2754 4816 4584 1447 840 1537 2505 2995 2397 23 4631 4066 2922 4231 3832 116 4889 1957 1562 907 1885 1638 3219 1067 256 2220 4171 3614 3840 3162 2092 2573 2156 840 339 1474 1664 517 1029 153 3435 1404 4651 1816 1477 4572 3802 3935 440 1237 4065 1802 575 4322 1204
3649 88 4761 1026 4341 4210 2935 4599 641 1689 2898 2895 1248 1683 1398 1871 199 141 4651 98 4698 2996 1770 2122 3007 4802 2786 1834 146 291 1898 719 3063 2036 2499 4379 1764 1501 82 2847 4418 4198 2678 3465 1125 2375 2793 458 4941 2410 3732 2777 1981 2305 3518 4554 915 511 1659 2531 2171 4799 2773 1021 1885 3086 4944 4901 3370 1549 4011 4792 2872 846 1417 959 1029 4250 10 3160 4517 4760 2649 646 1135 4789 3267 1555 2945 80 2004 1706 1258 4442 4350 3971 679 379 2543 3353
3201 2564 3422 4188 4000 3760 2932 1736 1446 4943 68 3777 131 3273 2341 2713 4393 414 1538 861 2880 3338 1456 4103 1055 566 150 43 4153 1914 1893 2950 4724 4439 3515 935 3260 3601 4812 1939 4775 4495 2551 4025 42 594 645 3897 1972 3575 3204 4143 4076 835 3840 2655 3312 4468 3793 1542 1145 4803 53 3164 1638 4944 272 3493 3951 4600 23 243 1555 4974 453 1070 2229 4280 251 3836 2882 1701 4473 4093 3650 3012 3689 871 2489 3275 4377 2474 4693 1279 4802 2860 2566 2137 3061 3169
1081 2622 2302 4463 1193 4248 3473 4778 4746 2935 3293 3602 3708 1872 4410 3637 3388 3040 4891 4092 681 4470 2455 939 3063 2895 3271 1080 3634 1858 445 4047 4468 3931 2612 4266 1281 4659 1461 886 2929 2989 3145 3930 3333 3518 2688 1363 420 1272 1243 1045 797 1205 4605 982 226 75 4049 283 4393 265 202 2664 3219 4901 3493 4772 3146 632 687 598 4854 4839 1499 4189 2692 1202 2698 1195 370 3079 3885 1999 4100 2771 4167 2266 2792 232 4104 2771 4384 562 3558 3377 3733 3155 969 3764
273 1466 2107 4469 1272 4632 4772 4159 373 2957 1439 4074 1219 4112 4668 3983 2020 1470 2803 4932 2299 1898 342 3606 1368 4484 1847 2967 3607 670 2514 2583 1112 3335 4723 4000 2816 3884 1409 2566 941 2257 4575 4858 727 3987 4546 3242 4987 1047 11 3807 3959 1575 3879 1097 2538 67 676 179 2509 1592 3555 2281 1067 3370 3951 3146 3353 2171 1690 1774 298 4035 1413 3918 1074 358 4350 2157 2225 1275 3707 4645 3771 3298 4511 4914 1491 3957 2678 4295 3248 3125 3275 717 4890 1388 1695 911
3337 3411 4766 2977 2276 3040 2660 4423 4998 1488 1837 4749 4128 1354 341 3533 4512 1090 2571 1236 4023 4335 4180 3566 1023 1618 4242 2272 618 3804 3999 4314 3583 1089 2993 1017 426 1414 2844 4703 1442 4450 2651 1607 822 1455 1900 3494 4037 1643 1249 525 2311 4403 1214 581 4755 4732 3143 2809 3657 94 2120 3329 256 1549 4600 632 2171 432 4137 2539 4777 4422 4730 4295 2493 3690 4522 4295 717 181 3622 1536 1721 1011 4580 1922 1801 811 4920 4723 4307 573 1369 2489 2088 2332 2545 4216
2129 1172 2494 117 2943 2259 1773 3689 2810 983 1085 1871 1317 497 2460 1723 2450 2995 3557 1357 4227 1411 2308 2236 1734 4584 273 3895 4891 1539 2402 1768 4491 4625 1655 4759 2565 381 819 854 1425 4417 346 1080 661 427 865 1374 3724 4586 2365 1021 428 645 3634 4824 4613 853 1035 3196 414 1071 1205 218 2220 4011 23 687 1690 4137 639 2282 1202 2922 2229 743 2423 130 3462 1216 502 382 1689 1855 4688 4545 2554 2484 1069 1005 2926 2733 335 3510 1588 136 2022 3936 4133 1364
4667 3074 3290 42 2868 2901 4244 1885 2842 3172 1964 465 320 1833 4056 3143 3745 4828 42 1749 3232 1829 617 4888 4909 3796 220 4602 3253 2187 3388 4922 3555 4654 466 2575 4768 2465 949 1444 4696 4732 4351 811 2407 1828 113 1572 687 4823 2520 2576 238 1101 569 836 945 3700 2786 2817 3955 849 1063 3882 4171 4792 243 598 1774 2539 2282 1206 3784 2782 2574 2301 3167 803 3337 3402 2619 4391 2224 317 4794 2092 1908 1148 4984 2942 113 1790 1991 4934 4330 1266 1901 2573 1248 2816
1573 1193 2365 3007 4844 554 100 1715 4848 2083 3924 1242 4080 4292 2766 2789 928 56 2273 99 1071 3151 477 1544 1812 1874 1515 3246 891 651 2457 161 2248 4583 4121 4837 788 3746 3494 3070 1914 3012 4306 2829 384 449 3434 2311 2768 3801 2559 4852 2465 3968 4778 3041 3311 3053 205 579 1092 863 651 4568 3614 2872 1555 4854 298 4777 1202 3784 929 365 2982 788 4366 1810 2512 861 958 1914 3901 3375 4929 2173 435 2009 2587 2066 2769 640 1019 3712 4439 1440 1615 1435 1899 4632
292 4348 854 1356 194 211 3190 303 2316 3375 3541 4948 1367 2671 4334 4406 1939 23 592 3603 1780 3374 3869 3488 4211 2014 388 3330 2320 4029 2045 202 1317 1632 3980 1616 3720 3006 4168 863 1968 2491 2688 4282 2252 1892 4142 28 4446 2301 465 1178 3827 293 3590 1259 4045 4190 3345 2815 3042 185 197 3469 3840 846 4974 4839 4035 4422 2922 2782 365 4390 369 2368 239 1561 2940 3270 166 2776 4715 3308 3421 2921 1274 992 1471 1034 1436 2636 3524 4647 4086 500 440 541 3990 3114
3516 852 437 1399 1213 166 998 3257 1331 2341 4793 163 3814 663 107 4644 3975 2505 2656 4036 3569 782 537 1316 4963 2090 3386 1115 431 1467 1804 1574 184 2080 1950 4075 4070 1348 3333 4626 4726 3646 3884 3552 15 3329 1507 2437 4715 481 3858 4035 4310 837 1949 4086 4287 3371 508 1423 1608 3631 1247 1141 3162 1417 453 1499 1413 4730 2229 2574 2982 369 1877 1463 2783 1661 2324 2037 1905 53 1306 518 1150 1872 2787 4843 492 3047 2928 2425 1153 2119 1524 2660 3924 4870 1952 1813
4032 4137 4551 695 3536 1268 190 2146 1368 3720 3685 2935 2087 4262 3050 4629 1535 2845 3916 4097 2399 3974 4983 554 228 267 1869 1477 3591 807 3268 2312 1487 3150 3719 517 4056 2985 4520 2097 2843 1581 2346 3092 4195 3223 848 4684 4124 421 3664 3794 4975 2697 2680 2275 1594 1969 3553 2512 109 2816 1796 2913 2092 959 1070 4189 3918 4295 743 2301 788 2368 1463 3339 359 872 3719 452 1202 3985 1764 1945 1923 1614 1197 2379 198 1719 4764 3587 602 4667 2086 4770 2599 2095 1863 4339
4419 2232 1656 3695 3361 3408 855 3724 1020 623 2290 4112 1215 1835 939 4903 474 3212 4858 3730 2655 4313 3828 3815 2037 4341 2659 1725 1094 3519 1109 4981 2434 4824 4233 2619 3547 357 1056 1747 3685 388 4403 1441 1868 279 61 4526 4950 3396 3114 2742 3253 4338 1436 1948 2105 823 2076 1971 2201 4925 71 805 2573 1029 2229 2692 1074 2493 2423 3167 4366 239 2783 359 901 4322 3094 4346 1739 3273 3627 2185 2423 3939 82 4195 1343 1976 978 1136 3661 3290 1871 2646 3540 4668 678 1195
1106 2753 281 960 2754 4496 1522 474 3597 1687 2999 3122 1136 1956 3361 3127 1581 3790 154 4303 2712 4464 2690 3662 1207 3650 462 4956 1723 3164 3144 1499 3626 2224 3079 1208 1763 1374 4207 647 1456 2138 502 3130 1081 432 2316 2580 3902 861 2588 1812 3761 1609 4474 739 4764 2683 1074 1782 1314 3376 4769 3029 2156 4250 4280 1202 358 3690 130 803 1810 1561 1661 872 4322 3281 2327 4194 1594 4331 155 3892 704 3642 1220 4274 4079 2945 4922 3434 4872 2957 1990 1421 4220 3335 2669 4025
3624 4078 310 1949 2823 1661 3911 1219 1286 3553 455 1097 2753 1254 3051 2122 3182 657 889 2595 110 3965 199 1968 2061 3728 3626 1940 1643 4666 3063 2744 1128 4725 2909 469 4917 1648 564 2357 2294 178 331 1605 4890 3974 2383 1295 208 3612 2285 3509 389 4853 1607 766 1021 2769 4076 4523 4116 821 2142 4957 840 10 251 2698 4350 4522 3462 3337 2512 2940 2324 3719 3094 2327 2637 938 1525 1459 1386 1288 3919 214 74 998 1508 4284 4773 4276 2204 4517 4626 3010 1161 2296 1211 3740
4320 1893 2123 4224 3298 4971 3347 4276 3891 2901 3693 2753 1503 4812 3768 1147 3309 3491 864 3482 1521 1378 2590 1932 653 3797 2372 276 2158 3490 743 3701 3251 2194 4075 585 2755 3298 3567 3092 3400 3208 4304 1000 2489 4244 2981 2673 2381 4454 264 4184 3146 3762 1755 1860 4519 4045 2808 3028 4517 1284 1507 4599 339 3160 3836 1195 2157 4295 1216 3402 861 3270 2037 452 4346 4194 938 142 1309 4591 1789 4886 3498 1029 560 2629 4021 720 3910 296 1919 234 2406 2017 3270 2953 1129 3066
3489 3064 3631 38 1572 281 1022 3152 1239 3499 2262 3339 615 4518 1514 4185 2612 3925 3707 3631 824 4153 2735 1557 1759 3080 2884 4341 2273 984 782 1843 2449 4485 3716 4189 1790 4791 514 1973 1920 3921 4295 2451 1943 3269 4108 1002 4674 1148 3020 4303 2135 367 4136 4610 241 153 3677 4393 1020 84 4777 1065 1474 4517 2882 370 2225 717 502 2619 958 166 1905 1202 1739 1594 1525 1309 4103 2500 4238 1450 4525 4357 519 3858 915 618 2470 4855 3197 1708 3716 4243 4701 4626 344 2461
2254 3522 1353 2173 60 3280 4734 1505 55 1731 2946 3788 1619 487 2436 4683 1570 548 1674 4293 1334 544 2759 2548 4412 754 4234 1739 2831 445 3093 2234 1048 3914 3489 3088 201 4821 3231 3660 3670 3784 3213 2509 1518 3711 1373 472 2934 637 4816 599 2054 2573 1281 2317 3668 4156 3393 2624 169 2771 3889 3973 1664 4760 1701 3079 1275 181 382 4391 1914 2776 53 3985 3273 4331 1459 4591 2500 2335 484 4161 4481 1812 4787 4099 1786 4186 4250 2265 573 1901 3935 1705 3923 1159 151 298
