N: 100
M: 20
Symmetric: true
Triangle: false
6 81 90 52 92 85 80
7 72 46 44 48 49 67 73
6 25 51 62 6 18 76
6 43 84 21 17 23 83
2 28 70
6 13 16 1 5 82 36
5 69 56 58 39 45
4 42 26 54 19
3 63 30 14
6 7 88 66 41 71 91
3 33 68 87
7 4 96 3 24 75 77 47
4 79 35 22 50
6 31 53 100 11 27 57
7 8 74 95 32 60 97 93
6 34 20 38 2 61 65
6 12 37 29 64 40 98
2 55 78
4 86 99 94 15
4 89 59 10 9
4853 1981 1142 999 2551 3422 1495 2063 2591 4465 302 1035 2580 2924 42 905 4015 1279 3910 4162 4595 3983 2100 2423 2044 3151 3707 1187 2924 4080 1481 3514 1964 972 1518 667 3549 3668 2417 1949 4049 42 4414 778 1496 501 2285 4420 2735 4671 1043 4963 2949 306 2955 1324 1248 2231 4254 223 2289 2938 3116 2019 829 2976 456 3566 4787 3017 877 2635 3422 2308 444 1719 1414 2614 4032 2821 1002 146 2894 2583 1321 1245 3979 3050 2060 3008 101 1126 4299 525 2619 2393 725 682 4800 386
1981 1477 4295 1855 2246 2521 320 428 2212 4999 1648 297 613 2083 868 740 4401 4656 181 1982 4909 1984 1734 264 1522 1517 2641 4435 379 4548 570 2199 1012 3898 346 993 2221 4659 509 2902 2351 4585 4705 2415 3314 4415 1526 4897 4601 4244 4976 3372 454 4727 295 4874 4621 4074 1541 3957 1650 3018 3986 53 3739 2797 2313 1806 2648 764 378 2267 2088 1686 1586 2909 702 1496 4652 4282 3558 2508 4479 2057 4504 229 1834 3695 2825 2665 1620 4969 4763 195 2402 2856 3425 2685 932 2943
1142 4295 4881 882 849 891 2485 142 516 240 2674 3007 2668 4376 917 567 3077 864 4840 1312 1513 4140 335 750 4593 1445 727 4963 3064 1101 940 1682 3893 873 4430 4683 1065 256 2956 2676 3384 580 4010 4999 2991 174 462 2184 3944 98 4963 3715 1785 4237 4708 1071 399 4351 3592 4929 3197 3748 3494 3105 3605 2891 4188 3942 3811 3087 2616 424 2957 3451 1468 913 1227 4305 463 2109 2027 2492 1518 1221 3796 1761 3250 4926 4246 2971 1727 4924 4277 4526 4848 598 552 4664 200 3282
999 1855 882 1075 3689 1078 4313 2043 2670 4157 1197 2462 2120 4562 2909 4503 4341 4396 2664 4015 3656 2179 3246 3461 2762 4108 4489 3149 976 1128 3919 4720 983 4321 3601 1182 1751 207 3448 342 3797 4101 3586 3162 4883 2586 4288 2993 1732 3339 4069 1859 3499 1672 2639 833 3013 1041 2394 1332 3511 1355 3925 3122 2363 4385 512 805 444 2357 1186 835 630 3144 3289 4152 711 1360 3218 2207 4262 3474 3967 1159 3276 1926 4595 2558 2800 1720 3729 1756 1785 289 170 3547 1088 3726 3659 373
2551 2246 849 3689 992 3913 3942 894 2544 3815 1185 4073 3052 1833 3807 2102 2365 3458 3997 1340 4714 3039 4979 1489 128 2140 1871 4198 4202 327 1216 4741 1367 2724 4055 4208 2513 3300 3617 4805 4684 4196 2386 3094 3231 331 4653 3262 2270 4283 4237 4277 2100 3265 4191 2972 4477 220 948 1576 555 4379 933 692 1953 3418 81 2803 2232 3933 1032 104 3938 1413 159 2513 4133 111 2821 1548 917 4968 3750 2918 2258 3328 4603 2291 1904 4791 2231 4446 4606 1921 198 2947 1090 2205 551 3731
3422 2521 891 1078 3913 2128 4543 3095 822 4573 4674 723 1944 3707 2298 2025 4645 3954 4225 1264 369 4004 2098 2843 1456 4030 1188 4879 1128 701 2952 679 22 3035 418 1269 1948 2711 2224 2690 1440 3832 466 4205 3465 2818 44 4320 3168 1419 1422 585 1852 3754 2351 758 653 2364 2516 625 84 4509 3582 2321 80 4682 4589 1387 867 4681 4745 3711 4325 3405 4567 4754 1873 4465 4228 4764 2104 445 4739 3836 2700 4745 2081 4457 2204 1307 4895 3258 392 2224 4501 2801 3090 4844 3351 1832
1495 320 2485 4313 3942 4543 73 4941 4682 3798 3698 4805 2046 798 3589 3819 941 4617 4140 2407 2032 489 1663 2411 3669 1904 3082 4171 1045 892 526 1469 3577 232 4520 1974 4660 2540 3915 2430 3134 266 4201 2514 3430 2232 2132 2109 4593 2104 453 656 565 3546 423 2665 27 4711 3749 4058 35 2198 1392 1318 3956 1527 1977 1285 3671 2182 1043 2127 3959 3228 3602 4419 3268 1768 3339 1077 595 515 625 2365 4309 755 3144 1379 4238 2736 478 2776 3787 3186 3587 3455 65 3459 1573 4502
2063 428 142 2043 894 3095 4941 342 3398 2793 1560 2687 479 653 4004 4584 3451 215 2376 1903 1951 4224 4695 2832 2725 4909 3702 4014 3852 1429 3644 2416 4903 4891 2988 696 3109 3118 1927 3008 4304 3113 4200 3226 2833 1544 1080 4785 2922 3885 2864 3129 4411 756 3140 2470 4409 3596 314 3636 1039 3188 2531 4413 3562 686 1418 2895 1900 3508 2129 482 1664 1310 1195 4555 976 4193 1099 3907 4807 4486 1218 117 3706 3424 3373 307 907 1502 530 3008 2224 3184 2441 2049 573 1839 2849 3673
2591 2212 516 2670 2544 822 4682 3398 3031 4834 1205 3512 4639 1703 4684 2462 3194 2939 1261 2681 211 1729 2789 3367 429 306 4183 4956 3788 2173 248 1842 1896 1298 4524 1741 4526 172 370 4778 4469 4713 2109 1461 1528 3002 590 1904 3530 4133 1090 441 3715 2696 1621 985 1669 2971 2095 54 1522 82 1869 1906 4344 3315 3432 3081 626 1269 2459 4708 4208 145 1202 4986 4855 2405 2748 1558 1692 4099 1450 4424 765 1001 1461 4028 3158 2254 1717 584 2186 1501 1120 946 2325 3595 3110 776
4465 4999 240 4157 3815 4573 3798 2793 4834 3447 2292 108 1591 1866 3576 4169 950 3440 1273 3996 1949 1929 3561 3837 3354 2850 131 3495 1867 272 4890 2891 3490 2092 2448 1597 4685 1950 1562 1166 3957 2414 2073 33 3809 4484 3582 2877 371 4505 1817 4915 1408 2049 2112 3336 3871 794 3636 230 3642 2956 949 1135 4951 4206 4971 636 2257 4274 2392 946 4995 2081 231 1356 1588 878 1642 265 828 818 2411 4722 3772 890 2573 2898 4942 494 3477 949 3239 4980 4884 423 45 1314 3377 879
302 1648 2674 1197 1185 4674 3698 1560 1205 2292 2984 1580 3192 4791 4397 2647 4398 4796 2814 4681 1104 771 1273 1332 2961 3348 2010 3092 1147 3650 2067 2543 3892 19 806 3629 3794 3905 4475 3373 856 685 3100 840 881 1263 2234 1335 1293 3134 1251 1047 1363 4050 4715 1984 998 3122 1549 3515 2361 647 3986 4327 4712 2801 109 2050 136 4976 2843 4943 2183 1008 4569 2508 3600 4967 2855 2416 2820 3369 1634 2856 67 1527 3234 2799 3620 2970 2916 4210 4105 3567 3300 3289 1324 1287 2475 1179
1035 297 3007 2462 4073 723 4805 2687 3512 108 1580 4106 131 286 2256 3659 1792 3322 4868 4364 2965 593 266 1400 413 650 777 2466 1535 4803 3646 2766 4446 3664 1955 2614 4247 1141 3627 3681 234 1251 3341 2573 1805 4703 4990 1284 4180 972 4630 2491 3203 4939 2233 2213 1455 2251 3768 728 35 1046 166 4218 4862 1102 2460 1194 3182 3462 3524 4300 3631 3149 2638 1300 1639 4237 2476 275 4815 102 3289 3202 2889 3953 4003 4368 2147 2240 2554 572 940 571 978 952 1324 1747 4829 3286
2580 613 2668 2120 3052 1944 2046 479 4639 1591 3192 131 3069 319 1334 4416 4568 3982 730 4960 1055 1803 304 416 3125 3045 2031 1441 888 464 3602 3915 2675 4997 1872 926 1043 519 1084 2601 2812 179 3790 2352 617 2016 4421 551 2156 3389 793 4921 1568 1456 3548 3724 3159 683 1583 2291 3648 454 608 3873 3138 12 2982 719 4705 813 4004 1007 2553 198 12 2033 2419 106 1935 776 4655 4698 4274 513 388 2996 436 1208 3906 1838 152 562 781 3206 1535 15 871 4617 544 3454
2924 2083 4376 4562 1833 3707 798 653 1703 1866 4791 286 319 497 2093 4640 4185 4633 2375 1945 2728 3746 3533 3658 297 3099 3060 4189 1636 4265 1485 708 3889 1766 2269 3502 4903 1525 4131 3363 913 2088 3260 2162 1541 3592 3449 2389 4594 473 3226 2616 4308 2307 4034 3324 4133 1716 3608 3930 2149 2783 775 2737 4954 2245 3695 2058 1300 596 3263 1107 2027 2930 587 2876 3856 1573 1318 4243 4937 1061 3652 2707 3086 3504 3269 2148 3795 2399 3640 575 4615 1111 3005 3104 909 2574 3466 1215
42 868 917 2909 3807 2298 3589 4004 4684 3576 4397 2256 1334 2093 3694 2722 1625 3290 1265 2741 4707 4532 4410 1974 4347 3728 2854 1309 817 4664 599 1497 3089 4341 2181 3658 3335 1439 874 1796 1113 3946 274 1475 2126 3293 1249 2056 3582 2675 3544 276 1216 687 4333 3397 1431 1813 2714 3682 3378 1628 3452 351 1375 3273 578 307 4893 3949 2644 3856 2025 2145 1687 1529 2106 3085 936 2454 2650 2198 873 2095 1011 4458 2103 84 1878 2908 1253 4343 3221 4164 3731 2885 656 186 1833 4108
905 740 567 4503 2102 2025 3819 4584 2462 4169 2647 3659 4416 4640 2722 4597 28 2566 271 1090 2321 770 512 1335 761 2193 4383 782 2038 206 3002 2635 2563 3144 1593 4064 2049 1754 3582 3374 3813 3035 1305 4380 628 4439 2219 258 2879 430 2756 1375 920 2734 1078 4467 3375 1289 3476 2843 4674 1770 2060 4799 3686 249 517 4603 3305 3110 4489 1048 3611 3531 2597 4975 1012 3267 1493 4015 4249 402 2812 4332 1756 4670 342 941 3273 492 3373 988 946 262 3732 721 2922 949 3172 470
4015 4401 3077 4341 2365 4645 941 3451 3194 950 4398 1792 4568 4185 1625 28 565 2886 2198 2539 3575 1749 2611 3050 3676 3925 3981 3895 3250 4871 843 3515 2100 663 4491 3690 4994 4652 3772 3495 4398 3519 2108 1954 1794 1438 2532 1518 1562 4917 2855 864 1804 30 3635 1653 2437 1688 1866 4264 1158 2048 2152 4864 2612 43 4327 4042 31 2813 890 428 4609 1146 3709 1062 3877 27 3766 351 3589 1665 2520 4960 2127 739 3996 3335 1027 467 547 3840 4567 208 1196 2678 176 157 4484 2172
1279 4656 864 4396 3458 3954 4617 215 2939 3440 4796 3322 3982 4633 3290 2566 2886 2471 1207 1184 3536 1332 2625 3031 913 1491 159 3752 1785 1621 3446 4267 345 569 3940 2126 3658 4326 4035 4525 4875 4758 4995 2437 1519 2988 2853 3993 186 4262 3600 1346 4849 2303 1352 4423 1402 2229 2321 4961 146 3969 805 1497 2664 3415 4822 1522 3842 3877 2659 3577 1657 3112 3782 2489 1017 4791 3092 2011 3320 1055 57 4536 3566 474 737 1310 3678 2758 313 662 911 2929 2521 324 1301 979 2288 2727
3910 181 4840 2664 3997 4225 4140 2376 1261 1273 2814 4868 730 2375 1265 271 2198 1207 2965 3253 4466 1333 3399 2044 1641 4439 802 4771 1734 3992 2691 3977 1733 3197 85 854 1950 430 728 2249 1628 2978 538 1089 3192 1460 4979 2867 470 3472 4241 2192 1405 2241 1893 3608 853 751 3807 2812 3572 4128 3965 4740 768 1182 3927 548 1717 1204 4954 801 2590 1186 1677 3809 2175 2144 335 3197 785 1473 4677 366 2961 323 1392 2791 4870 111 2265 2862 2143 4128 3562 1709 3505 3803 3601 2191
4162 1982 1312 4015 1340 1264 2407 1903 2681 3996 4681 4364 4960 1945 2741 1090 2539 1184 3253 848 3493 3709 3701 4785 2076 4021 2058 2006 843 4623 4483 4048 3130 889 2959 738 2222 4746 3803 1408 1477 1863 3615 3363 3794 1638 4273 3256 2581 4889 2304 3664 1547 3790 3036 2574 1545 561 3319 2076 508 2040 1520 4768 1327 3072 2212 4740 1101 2429 2872 4144 1460 967 3516 4375 2761 4303 1967 4585 2348 1944 1475 3759 2599 2013 3527 2875 259 3293 4030 2695 2228 2909 3397 2000 3118 980 724 3546
4595 4909 1513 3656 4714 369 2032 1951 211 1949 1104 2965 1055 2728 4707 2321 3575 3536 4466 3493 3544 1706 706 1194 2288 1275 3945 3316 2255 4045 397 114 1396 649 1652 4753 4446 88 731 4002 67 429 2731 3157 4792 3055 3406 552 1903 3193 168 1902 3192 3106 988 1638 3410 2584 4513 2279 1420 325 4474 4093 4489 2823 2362 3594 4719 1631 4593 3305 2331 1743 3338 3125 1919 4404 3633 2037 1587 4009 1056 1131 2978 3746 496 3024 1504 2903 4098 1420 4514 3643 3488 1187 3479 332 1702 4974
3983 1984 4140 2179 3039 4004 489 4224 1729 1929 771 593 1803 3746 4532 770 1749 1332 1333 3709 1706 3964 1828 2207 4317 498 3167 628 4318 3858 1720 4208 4680 697 4637 850 4872 4938 4550 2544 2391 2619 4432 3405 1825 12 2994 69 2641 3100 1502 856 154 1762 3671 2487 4026 2879 2313 4582 3356 1132 1745 4385 3854 751 2115 1876 4199 2397 2204 4114 1202 544 4873 4663 3192 675 1737 4614 4703 2035 3585 1235 3094 4239 256 1196 2570 1220 4909 1988 636 4891 1337 3461 4313 3453 4281 1534
2100 1734 335 3246 4979 2098 1663 4695 2789 3561 1273 266 304 3533 4410 512 2611 2625 3399 3701 706 1828 959 2957 1427 1686 3966 4936 1903 4411 3551 2219 4312 4112 3547 3738 570 3882 2833 3041 1766 74 1238 1435 4880 4563 3014 4696 960 2622 2830 336 242 425 4980 1163 3209 46 4990 678 3202 3065 3258 363 1883 3560 3578 4054 1027 3927 1840 238 56 4111 4138 3090 3909 3380 3339 3127 1282 299 826 3490 4004 3591 3417 4392 4120 1033 627 631 4698 346 186 1321 1623 102 3216 3787
2423 264 750 3461 1489 2843 2411 2832 3367 3837 1332 1400 416 3658 1974 1335 3050 3031 2044 4785 1194 2207 2957 95 3700 3376 2004 2160 3211 3072 2204 3429 1673 4760 956 2102 4821 3894 3732 1283 627 2667 923 997 1522 4617 2921 3201 2484 2182 1715 4846 3251 799 1901 2502 4041 3985 3936 152 87 4985 2317 1064 2767 4497 2543 2578 2600 941 3371 735 993 436 2886 1111 382 4756 1773 3198 4195 673 970 1603 982 2576 717 2189 1434 4017 142 3207 4396 2907 23 3353 2620 346 4088 1208
2044 1522 4593 2762 128 1456 3669 2725 429 3354 2961 413 3125 297 4347 761 3676 913 1641 2076 2288 4317 1427 3700 543 4851 1275 3236 1654 3012 1968 3486 4707 3929 12 3206 502 1086 2036 700 2944 1867 549 2808 4630 2318 83 848 4571 1597 3080 4326 521 3239 2117 621 4665 4253 333 1708 2465 250 1946 3415 1312 3487 3852 2495 4398 3172 4301 3667 2809 3241 4791 1044 4306 4050 19 4276 3261 3026 2474 697 4964 863 2722 3004 2059 3057 3075 3588 4335 699 1546 4476 617 135 2007 3336
3151 1517 1445 4108 2140 4030 1904 4909 306 2850 3348 650 3045 3099 3728 2193 3925 1491 4439 4021 1275 498 1686 3376 4851 2722 1393 1610 1524 250 4971 4200 530 2643 187 431 1811 2582 3392 658 3130 3913 727 444 3476 294 4666 4146 4933 879 221 3120 2348 2608 2145 4153 4096 1441 1809 3937 505 1389 3554 2019 2893 3262 551 4227 2432 1617 4709 3136 2955 3092 999 3785 1237 2439 1969 169 4340 2895 3997 2767 2045 1196 344 2409 1231 1717 1467 2987 1297 2191 2026 651 3415 4763 1928 2772
3707 2641 727 4489 1871 1188 3082 3702 4183 131 2010 777 2031 3060 2854 4383 3981 159 802 2058 3945 3167 3966 2004 1275 1393 3830 4480 2863 2904 3069 268 461 259 3894 2808 218 2946 3913 3239 98 4182 933 1251 4381 3413 1930 994 1458 2289 2273 3105 1265 2348 3773 1949 3428 4498 4619 3170 1099 4452 1461 4087 4571 3788 3433 205 4617 940 1512 1098 1447 3395 295 2551 4894 3987 4735 2697 4604 3217 116 3711 4213 2205 377 4833 3999 4815 3031 1391 686 132 3149 1118 3468 1056 3749 503
1187 4435 4963 3149 4198 4879 4171 4014 4956 3495 3092 2466 1441 4189 1309 782 3895 3752 4771 2006 3316 628 4936 2160 3236 1610 4480 1279 2117 1089 2447 965 2288 4938 4257 777 2156 1703 1675 3343 3655 1409 4000 1691 2735 4057 3200 4300 1684 4412 501 2077 809 934 4187 302 3321 4765 4379 2516 3113 213 4264 3134 1916 1974 2303 3286 1055 3725 227 2817 2430 4203 4471 1312 4014 3943 3628 1521 3558 1375 862 687 4354 2450 645 3262 3602 3914 1482 3605 3670 3248 3787 2281 3038 1613 484 3019
2924 379 3064 976 4202 1128 1045 3852 3788 1867 1147 1535 888 1636 817 2038 3250 1785 1734 843 2255 4318 1903 3211 1654 1524 2863 2117 1078 119 3751 4337 2246 3585 678 4913 792 242 2716 3340 1891 2034 1685 750 1016 2452 3590 3040 2179 926 4770 3711 1318 4271 3327 627 4567 4024 3526 2867 4734 1448 3172 4664 1023 1815 1637 4168 2784 4360 1233 316 1254 4055 2127 477 809 4700 46 3296 1147 1799 2704 144 4621 3221 3323 4188 2126 2804 1845 3483 515 4170 2466 4361 145 3995 417 664
4080 4548 1101 1128 327 701 892 1429 2173 272 3650 4803 464 4265 4664 206 4871 1621 3992 4623 4045 3858 4411 3072 3012 250 2904 1089 119 1427 3496 3314 1518 2649 4492 3705 3667 257 1202 2545 2358 521 2308 3687 4185 4918 4034 2077 1891 4825 4883 1179 1718 757 289 2341 4967 1336 24 2131 1090 972 4331 4984 2051 2933 883 317 4152 4672 2661 1028 2077 4328 239 29 1779 3887 209 4767 1141 1510 2826 3149 4120 2650 1652 110 3206 755 317 775 2163 673 741 4026 3820 4368 2366 1593
1481 570 940 3919 1216 2952 526 3644 248 4890 2067 3646 3602 1485 599 3002 843 3446 2691 4483 397 1720 3551 2204 1968 4971 3069 2447 3751 3496 3245 2253 1658 3047 2246 1286 2901 1292 2619 4786 1698 2899 3597 117 2359 1740 3285 2603 4097 1201 3244 697 2664 3845 4802 1463 454 2346 2540 450 509 25 4682 3535 2556 1046 4907 3077 4928 1956 4621 3654 757 963 4584 4236 2012 2479 3578 4343 1500 4535 1508 1685 3391 1309 1711 212 1441 4316 2606 767 2595 938 1858 1179 1010 3813 3546 2897
3514 2199 1682 4720 4741 679 1469 2416 1842 2891 2543 2766 3915 708 1497 2635 3515 4267 3977 4048 114 4208 2219 3429 3486 4200 268 965 4337 3314 2253 4839 3716 2222 2917 2379 4486 1915 153 4420 1259 2144 1700 4064 4095 4780 1275 4611 1672 2354 3550 3207 3752 1732 4276 323 2315 4525 2116 3202 723 3372 2935 4446 4343 4801 3844 848 3049 3811 4661 3105 466 314 1770 2636 3734 4502 4016 2421 1267 3934 1102 2008 2808 1828 4758 4588 1287 3552 1998 2635 862 1098 2843 2855 3807 3249 1078 1127
1964 1012 3893 983 1367 22 3577 4903 1896 3490 3892 4446 2675 3889 3089 2563 2100 345 1733 3130 1396 4680 4312 1673 4707 530 461 2288 2246 1518 1658 3716 3356 3181 4403 4326 4681 1177 2614 2465 3746 2958 2465 3481 1866 3043 4314 755 3336 1491 2718 4896 1119 4436 2997 2591 3003 3022 4217 1663 1235 4931 3173 1423 2139 3651 2259 3698 1966 3510 2851 2051 2536 4507 1061 63 4983 2617 4783 1411 1358 3209 2813 2710 4352 597 4577 1192 3525 3432 4183 4685 3357 3038 2571 2441 232 3668 2489 3371
972 3898 873 4321 2724 3035 232 4891 1298 2092 19 3664 4997 1766 4341 3144 663 569 3197 889 649 697 4112 4760 3929 2643 259 4938 3585 2649 3047 2222 3181 2853 1817 3798 649 4831 672 901 4265 2972 2680 3846 3584 4953 2003 1190 1611 1556 1151 4583 2542 2399 2270 533 598 4096 3724 3259 2120 744 3693 235 639 4672 4779 1346 206 4481 3188 2957 229 2938 883 580 1146 4312 1796 4088 1384 2735 2771 1290 2699 2534 4159 2967 3899 1733 3737 519 453 4741 1202 1095 2381 4163 445 1019
1518 346 4430 3601 4055 418 4520 2988 4524 2448 806 1955 1872 2269 2181 1593 4491 3940 85 2959 1652 4637 3547 956 12 187 3894 4257 678 4492 2246 2917 4403 1817 2455 4026 2397 3824 1715 2528 711 3820 2519 1674 2073 4262 2559 4970 801 2751 1895 4508 3790 1077 2451 506 1618 3888 4663 348 4072 4029 4053 3353 1535 1552 1088 1170 2962 2013 827 996 832 1117 1894 4870 4255 1773 582 4658 784 2905 1461 4746 572 4425 4206 4195 41 3354 4131 4243 4531 4660 3731 4426 80 4263 3052 3737
667 993 4683 1182 4208 1269 1974 696 1741 1597 3629 2614 926 3502 3658 4064 3690 2126 854 738 4753 850 3738 2102 3206 431 2808 777 4913 3705 1286 2379 4326 3798 4026 4639 2403 909 4908 2870 4147 1318 1064 1373 4929 2097 2267 3356 536 623 2415 368 3505 4175 1569 2657 3704 3064 2173 4048 2500 1808 1831 1925 4640 1005 1104 2183 3227 2121 1125 2252 1193 2435 481 4885 4081 1596 2438 3822 2163 4620 241 4575 308 2490 4466 1929 2237 1452 2026 3284 302 1515 3081 2022 424 1568 828 4681
3549 2221 1065 1751 2513 1948 4660 3109 4526 4685 3794 4247 1043 4903 3335 2049 4994 3658 1950 2222 4446 4872 570 4821 502 1811 218 2156 792 3667 2901 4486 4681 649 2397 2403 283 1014 4480 206 1853 1321 3217 1209 2020 1860 2566 4564 4311 945 367 4886 2135 827 1929 2050 1665 2427 2422 854 2538 495 236 314 557 1486 1470 3201 3668 3365 2449 1826 464 4217 4925 3012 2685 4620 762 4504 1468 842 2020 3005 4887 3335 821 3461 4262 2994 2099 1188 3111 4360 3583 1077 442 4818 1667 3013
3668 4659 256 207 3300 2711 2540 3118 172 1950 3905 1141 519 1525 1439 1754 4652 4326 430 4746 88 4938 3882 3894 1086 2582 2946 1703 242 257 1292 1915 1177 4831 3824 909 1014 4113 4308 1154 887 303 2006 3790 3835 4423 2840 1969 3037 2924 2760 917 345 2485 3111 4396 1035 1449 2529 2460 2671 2528 1770 1702 661 4102 2162 4465 672 1440 3599 231 1081 2721 4435 3674 1483 1873 4428 4965 1671 1175 1120 1733 3441 1327 4199 3902 2450 129 4282 4129 3214 3184 1334 1677 335 3898 1114 1077
2417 509 2956 3448 3617 2224 3915 1927 370 1562 4475 3627 1084 4131 874 3582 3772 4035 728 3803 731 4550 2833 3732 2036 3392 3913 1675 2716 1202 2619 153 2614 672 1715 4908 4480 4308 1742 1204 3090 575 1740 4118 2056 1808 4636 3404 4568 3693 2599 4589 2371 3400 4946 2037 4108 2728 422 4211 2560 2741 3044 672 4580 4810 1890 2134 4596 2893 810 4102 3379 4487 4382 2609 460 4540 2340 3873 158 4935 2408 929 4506 2787 2754 3269 1007 1718 2227 1704 103 1623 755 2254 4337 85 2547 3181
1949 2902 2676 342 4805 2690 2430 3008 4778 1166 3373 3681 2601 3363 1796 3374 3495 4525 2249 1408 4002 2544 3041 1283 700 658 3239 3343 3340 2545 4786 4420 2465 901 2528 2870 206 1154 1204 2887 1978 3909 1005 1492 4807 4290 2592 3234 3048 1488 534 3817 3926 3104 3949 1351 4180 268 2762 2175 2876 1706 3390 4581 2332 2236 1744 3430 3081 836 4536 1810 4611 3092 2811 3747 3087 4880 4145 1679 3190 4787 3751 704 4422 808 4610 1615 3078 3859 2261 796 590 726 2089 895 3328 364 4320 1345
4049 2351 3384 3797 4684 1440 3134 4304 4469 3957 856 234 2812 913 1113 3813 4398 4875 1628 1477 67 2391 1766 627 2944 3130 98 3655 1891 2358 1698 1259 3746 4265 711 4147 1853 887 3090 1978 573 4888 4124 3685 2835 3700 2646 135 2807 1393 4014 2860 756 2330 3287 964 2801 588 279 2453 4671 103 209 1797 983 2694 478 1905 2025 393 2504 1460 4554 3651 1648 2995 4731 4535 1886 577 2701 1333 4994 908 1653 685 1258 4646 3834 4102 1366 3097 275 2473 2442 2601 3855 4868 2259 118
42 4585 580 4101 4196 3832 266 3113 4713 2414 685 1251 179 2088 3946 3035 3519 4758 2978 1863 429 2619 74 2667 1867 3913 4182 1409 2034 521 2899 2144 2958 2972 3820 1318 1321 303 575 3909 4888 3500 1238 529 3049 148 2916 1279 1586 3191 544 4963 3231 1453 2307 2912 1139 2906 4058 2305 3115 2257 1192 2534 3424 927 3302 3489 803 1525 4406 4729 3047 2994 3429 4793 2815 2645 4305 3306 445 2876 71 3975 971 2129 4806 3107 2955 125 4324 2887 1888 679 1048 1056 1369 492 432 1100
4414 4705 4010 3586 2386 466 4201 4200 2109 2073 3100 3341 3790 3260 274 1305 2108 4995 538 3615 2731 4432 1238 923 549 727 933 4000 1685 2308 3597 1700 2465 2680 2519 1064 3217 2006 1740 1005 4124 1238 634 329 1943 4619 1028 1153 3782 3948 1840 4649 766 3157 2203 263 2792 3733 2086 2122 3437 3087 3743 815 1104 2192 3411 1707 4397 472 917 251 4079 772 3790 3401 756 1850 3747 1979 4078 2874 430 4468 802 2955 4808 4961 4434 606 3991 496 1089 1709 2662 135 1671 3189 3002 2114
778 2415 4999 3162 3094 4205 2514 3226 1461 33 840 2573 2352 2162 1475 4380 1954 2437 1089 3363 3157 3405 1435 997 2808 444 1251 1691 750 3687 117 4064 3481 3846 1674 1373 1209 3790 4118 1492 3685 529 329 566 1620 354 1274 3944 3533 2800 2202 1555 4418 3360 846 4737 3206 842 3586 262 4971 3444 2384 1701 3184 2222 4931 2017 4188 1113 4858 4120 1792 1959 1542 1752 33 3876 2793 1512 3890 1536 3673 2925 3794 2251 462 1913 274 1931 4090 4534 524 1317 852 2688 3289 4252 4255 3759
1496 3314 2991 4883 3231 3465 3430 2833 1528 3809 881 1805 617 1541 2126 628 1794 1519 3192 3794 4792 1825 4880 1522 4630 3476 4381 2735 1016 4185 2359 4095 1866 3584 2073 4929 2020 3835 2056 4807 2835 3049 1943 1620 2905 1961 3011 3639 812 426 2408 4916 3948 1406 3905 2010 4123 3294 462 3092 1693 2292 874 2393 3864 1093 14 3712 3447 2890 4492 458 2202 3749 3496 4947 4272 873 1076 364 1369 1220 592 1799 561 1807 151 3903 3897 2042 1376 1260 1933 3464 4114 820 3594 1288 969 2416
501 4415 174 2586 331 2818 2232 1544 3002 4484 1263 4703 2016 3592 3293 4439 1438 2988 1460 1638 3055 12 4563 4617 2318 294 3413 4057 2452 4918 1740 4780 3043 4953 4262 2097 1860 4423 1808 4290 3700 148 4619 354 1961 4272 3074 1935 2322 3326 3107 4774 3782 3709 17 1542 4978 3270 1066 1261 1583 3758 1558 3322 1130 4609 456 1525 3600 2393 1337 2007 978 4266 4476 3676 2796 2956 1087 563 1960 3654 3030 4079 1620 2648 1145 4025 501 2393 1079 1747 1697 4469 2689 2053 1058 4651 1245 583
2285 1526 462 4288 4653 44 2132 1080 590 3582 2234 4990 4421 3449 1249 2219 2532 2853 4979 4273 3406 2994 3014 2921 83 4666 1930 3200 3590 4034 3285 1275 4314 2003 2559 2267 2566 2840 4636 2592 2646 2916 1028 1274 3011 3074 561 4213 2616 4648 357 2152 4762 2212 875 2355 4916 1913 2333 490 81 865 4480 4638 1590 1212 1786 4926 3472 4599 2882 664 2562 578 2262 2494 3495 4730 877 4026 1454 2460 2972 2896 1314 1027 3155 1305 3673 2390 1769 1213 270 1180 2761 3138 2384 2635 2656 4785
4420 4897 2184 2993 3262 4320 2109 4785 1904 2877 1335 1284 551 2389 2056 258 1518 3993 2867 3256 552 69 4696 3201 848 4146 994 4300 3040 2077 2603 4611 755 1190 4970 3356 4564 1969 3404 3234 135 1279 1153 3944 3639 1935 4213 1158 690 546 2251 4538 898 4701 2938 4647 3727 3391 488 1067 3278 2787 2190 4710 272 3115 274 658 4879 1153 3896 3461 4906 960 16 3011 1111 2360 2826 263 1978 4756 108 62 429 1498 2008 1256 2514 2668 3945 4954 1433 2103 4780 1667 2244 1769 4899 1422
2735 4601 3944 1732 2270 3168 4593 2922 3530 371 1293 4180 2156 4594 3582 2879 1562 186 470 2581 1903 2641 960 2484 4571 4933 1458 1684 2179 1891 4097 1672 3336 1611 801 536 4311 3037 4568 3048 2807 1586 3782 3533 812 2322 2616 690 3340 83 2690 4366 3340 2686 4555 964 4354 1655 226 1670 4742 1125 1665 3055 1513 4106 2794 1202 1432 2007 4638 2581 422 3937 3561 1607 4469 2210 3005 2267 1374 1084 1687 940 2577 1481 64 1596 2386 3394 2869 3043 2547 3871 882 3317 3404 3954 3270 4500
4671 4244 98 3339 4283 1419 2104 3885 4133 4505 3134 972 3389 473 2675 430 4917 4262 3472 4889 3193 3100 2622 2182 1597 879 2289 4412 926 4825 1201 2354 1491 1556 2751 623 945 2924 3693 1488 1393 3191 3948 2800 426 3326 4648 546 83 4857 2465 3834 3774 3371 383 3287 4981 2891 1437 664 3855 219 4537 504 945 1158 2778 1856 3060 629 2775 2719 1196 2185 2552 3663 4431 3091 4704 4695 4601 3961 2231 3350 4554 1401 2095 1553 3714 1237 2559 3012 3446 4522 4224 1959 897 3830 1157 4272
1043 4976 4963 4069 4237 1422 453 2864 1090 1817 1251 4630 793 3226 3544 2756 2855 3600 4241 2304 168 1502 2830 1715 3080 221 2273 501 4770 4883 3244 3550 2718 1151 1895 2415 367 2760 2599 534 4014 544 1840 2202 2408 3107 357 2251 2690 2465 598 2769 1383 4668 1104 2054 817 1708 2369 2904 2121 3122 1941 339 2623 3956 180 1093 1462 31 4837 2872 424 4115 4299 1765 4797 2797 3408 4547 517 4492 4711 571 1700 4443 1345 2242 3920 4814 1812 3281 4150 2382 663 3278 4127 1900 3530 279
4963 3372 3715 1859 4277 585 656 3129 441 4915 1047 2491 4921 2616 276 1375 864 1346 2192 3664 1902 856 336 4846 4326 3120 3105 2077 3711 1179 697 3207 4896 4583 4508 368 4886 917 4589 3817 2860 4963 4649 1555 4916 4774 2152 4538 4366 3834 2769 4470 125 911 3840 2414 605 2402 4900 3240 1088 4266 400 3791 3711 2413 2470 2162 1697 398 4739 1800 4403 523 260 691 4903 3507 1424 2869 1688 1180 456 1829 2164 3024 3823 1060 4017 358 2638 809 3419 4758 3557 196 874 3010 3354 781
2949 454 1785 3499 2100 1852 565 4411 3715 1408 1363 3203 1568 4308 1216 920 1804 4849 1405 1547 3192 154 242 3251 521 2348 1265 809 1318 1718 2664 3752 1119 2542 3790 3505 2135 345 2371 3926 756 3231 766 4418 3948 3782 4762 898 3340 3774 1383 125 1119 4974 316 3753 3546 2472 1384 3979 438 3276 969 530 4699 4069 1678 3304 2900 3405 3314 888 3690 2679 711 3697 4973 1186 3738 4670 4531 4279 3113 3334 1539 2852 4285 4846 2877 86 63 4144 314 2453 3107 2936 3520 126 3050 524
306 4727 4237 1672 3265 3754 3546 756 2696 2049 4050 4939 1456 2307 687 2734 30 2303 2241 3790 3106 1762 425 799 3239 2608 2348 934 4271 757 3845 1732 4436 2399 1077 4175 827 2485 3400 3104 2330 1453 3157 3360 1406 3709 2212 4701 2686 3371 4668 911 4974 1159 4372 520 4580 212 2422 1413 1462 1332 2558 2995 1624 194 4017 4589 3126 2913 741 3943 163 899 4201 2314 1560 1752 184 4715 531 2597 1165 2146 2582 1593 4319 1755 199 4518 461 662 604 3274 1132 1317 3276 1004 4855 665
2955 295 4708 2639 4191 2351 423 3140 1621 2112 4715 2233 3548 4034 4333 1078 3635 1352 1893 3036 988 3671 4980 1901 2117 2145 3773 4187 3327 289 4802 4276 2997 2270 2451 1569 1929 3111 4946 3949 3287 2307 2203 846 3905 17 875 2938 4555 383 1104 3840 316 4372 376 3018 4172 1594 2836 4209 1134 3973 2422 434 4900 4356 3481 3643 4318 3945 4540 2123 4204 3361 4694 4129 265 2738 3446 2671 2875 1814 4393 353 2596 3884 852 2925 4287 3727 1747 33 3518 2477 1681 3455 683 582 2873 1713
1324 4874 1071 833 2972 758 2665 2470 985 3336 1984 2213 3724 3324 3397 4467 1653 4423 3608 2574 1638 2487 1163 2502 621 4153 1949 302 627 2341 1463 323 2591 533 506 2657 2050 4396 2037 1351 964 2912 263 4737 2010 1542 2355 4647 964 3287 2054 2414 3753 520 3018 3900 964 3888 3703 4381 3167 4583 1129 2350 1087 3190 859 1725 4284 4760 2819 1204 4329 3767 443 1175 3568 3823 4390 2417 4584 2423 2615 1962 1575 810 4103 450 4090 747 991 4519 272 944 2560 690 1027 3976 3325 2450
1248 4621 399 3013 4477 653 27 4409 1669 3871 998 1455 3159 4133 1431 3375 2437 1402 853 1545 3410 4026 3209 4041 4665 4096 3428 3321 4567 4967 454 2315 3003 598 1618 3704 1665 1035 4108 4180 2801 1139 2792 3206 4123 4978 4916 3727 4354 4981 817 605 3546 4580 4172 964 2951 3567 1634 3255 1040 2318 2810 4134 1861 1685 3082 1729 3497 4128 1168 449 3855 466 2694 42 2898 446 1474 2692 1615 850 3472 114 1048 4986 4375 3156 893 1479 4922 18 1811 3248 2581 511 2351 4537 3416 1591
2231 4074 4351 1041 220 2364 4711 3596 2971 794 3122 2251 683 1716 1813 1289 1688 2229 751 561 2584 2879 46 3985 4253 1441 4498 4765 4024 1336 2346 4525 3022 4096 3888 3064 2427 1449 2728 268 588 2906 3733 842 3294 3270 1913 3391 1655 2891 1708 2402 2472 212 1594 3888 3567 1708 3883 4349 1036 4555 3921 4504 566 3725 1853 2284 2656 1623 1524 3774 518 136 4557 4338 1707 4938 2525 2097 3615 2692 4782 3075 741 244 2906 4604 4051 711 4193 1256 4002 3516 3517 270 3485 3317 4224 2193
4254 1541 3592 2394 948 2516 3749 314 2095 3636 1549 3768 1583 3608 2714 3476 1866 2321 3807 3319 4513 2313 4990 3936 333 1809 4619 4379 3526 24 2540 2116 4217 3724 4663 2173 2422 2529 422 2762 279 4058 2086 3586 462 1066 2333 488 226 1437 2369 4900 1384 2422 2836 3703 1634 3883 771 2262 2325 4538 1260 4318 1470 2525 2264 792 608 73 2062 132 1491 4132 4622 4558 2357 4503 2077 578 1069 3144 4167 1579 1220 2900 2309 1974 529 3342 3882 2073 3156 4905 1909 4800 4407 517 4559 1692
223 3957 4929 1332 1576 625 4058 3636 54 230 3515 728 2291 3930 3682 2843 4264 4961 2812 2076 2279 4582 678 152 1708 3937 3170 2516 2867 2131 450 3202 1663 3259 348 4048 854 2460 4211 2175 2453 2305 2122 262 3092 1261 490 1067 1670 664 2904 3240 3979 1413 4209 4381 3255 4349 2262 1113 3694 3748 169 4226 3510 2828 721 4631 4286 4922 2960 906 3551 4843 23 3591 4099 4893 3677 1869 2003 4274 4375 2759 3122 3143 266 3309 3452 3733 203 353 4526 1862 1533 1392 1378 1402 2802 4558
2289 1650 3197 3511 555 84 35 1039 1522 3642 2361 35 3648 2149 3378 4674 1158 146 3572 508 1420 3356 3202 87 2465 505 1099 3113 4734 1090 509 723 1235 2120 4072 2500 2538 2671 2560 2876 4671 3115 3437 4971 1693 1583 81 3278 4742 3855 2121 1088 438 1462 1134 3167 1040 1036 2325 3694 1136 4279 2129 3345 2064 422 2468 1578 647 1377 2090 1960 2914 716 1514 2022 3972 4525 3945 1478 3452 2479 3340 633 3341 1637 3122 3673 177 182 4437 3585 31 2997 3974 1089 75 699 1507 3374
2938 3018 3748 1355 4379 4509 2198 3188 82 2956 647 1046 454 2783 1628 1770 2048 3969 4128 2040 325 1132 3065 4985 250 1389 4452 213 1448 972 25 3372 4931 744 4029 1808 495 2528 2741 1706 103 2257 3087 3444 2292 3758 865 2787 1125 219 3122 4266 3276 1332 3973 4583 2318 4555 4538 3748 4279 4101 1646 553 1459 4156 2347 4779 3240 4570 870 413 4759 202 4111 4691 3101 4349 3254 2989 2949 3282 4343 4523 146 1878 3183 3807 1230 4940 196 3399 1941 2896 2926 710 4083 3784 3772 2794
3116 3986 3494 3925 933 3582 1392 2531 1869 949 3986 166 608 775 3452 2060 2152 805 3965 1520 4474 1745 3258 2317 1946 3554 1461 4264 3172 4331 4682 2935 3173 3693 4053 1831 236 1770 3044 3390 209 1192 3743 2384 874 1558 4480 2190 1665 4537 1941 400 969 2558 2422 1129 2810 3921 1260 169 2129 1646 676 771 552 212 4572 4482 793 2479 536 3145 3600 724 2042 4723 1440 351 345 3343 3652 1196 1384 3059 439 4578 3444 204 2257 2410 1670 1321 215 4129 192 2841 4055 162 1737 1459
2019 53 3105 3122 692 2321 1318 4413 1906 1135 4327 4218 3873 2737 351 4799 4864 1497 4740 4768 4093 4385 363 1064 3415 2019 4087 3134 4664 4984 3535 4446 1423 235 3353 1925 314 1702 672 4581 1797 2534 815 1701 2393 3322 4638 4710 3055 504 339 3791 530 2995 434 2350 4134 4504 4318 4226 3345 553 771 2539 2107 1583 4037 90 3788 2720 3388 3679 398 4581 3319 2314 1903 2515 4025 1066 280 4058 4671 3287 4045 78 1186 3980 188 4214 4346 3395 2019 1681 1253 237 1975 4875 643 4360
829 3739 3605 2363 1953 80 3956 3562 4344 4951 4712 4862 3138 4954 1375 3686 2612 2664 768 1327 4489 3854 1883 2767 1312 2893 4571 1916 1023 2051 2556 4343 2139 639 1535 4640 557 661 4580 2332 983 3424 1104 3184 3864 1130 1590 272 1513 945 2623 3711 4699 1624 4900 1087 1861 566 1470 3510 2064 1459 552 2107 3422 4285 3607 3364 1321 3990 1112 2419 593 4501 3891 904 1399 1237 2755 763 279 2494 3305 19 3522 4810 2948 2936 3703 3820 188 4074 3706 3325 621 3930 486 1945 329 3777
2976 2797 2891 4385 3418 4682 1527 686 3315 4206 2801 1102 12 2245 3273 249 43 3415 1182 3072 2823 751 3560 4497 3487 3262 3788 1974 1815 2933 1046 4801 3651 4672 1552 1005 1486 4102 4810 2236 2694 927 2192 2222 1093 4609 1212 3115 4106 1158 3956 2413 4069 194 4356 3190 1685 3725 2525 2828 422 4156 212 1583 4285 713 243 1724 3108 2628 518 1834 418 2472 4770 841 1807 3564 60 3729 4826 4320 3529 2816 4269 3900 1766 2797 3738 4649 126 2113 3861 4186 2191 713 3850 340 89 2689
456 2313 4188 512 81 4589 1977 1418 3432 4971 109 2460 2982 3695 578 517 4327 4822 3927 2212 2362 2115 3578 2543 3852 551 3433 2303 1637 883 4907 3844 2259 4779 1088 1104 1470 2162 1890 1744 478 3302 3411 4931 14 456 1786 274 2794 2778 180 2470 1678 4017 3481 859 3082 1853 2264 721 2468 2347 4572 4037 3607 243 3804 929 1997 4390 1764 3327 4958 3525 3867 2910 4289 2620 422 3510 4877 3266 1626 2540 2708 2756 2239 1207 2355 439 2152 1293 3064 1390 4919 3865 1238 1854 2156 704
3566 1806 3942 805 2803 1387 1285 2895 3081 636 2050 1194 719 2058 307 4603 4042 1522 548 4740 3594 1876 4054 2578 2495 4227 205 3286 4168 317 3077 848 3698 1346 1170 2183 3201 4465 2134 3430 1905 3489 1707 2017 3712 1525 4926 658 1202 1856 1093 2162 3304 4589 3643 1725 1729 2284 792 4631 1578 4779 4482 90 3364 1724 929 4415 467 4576 1177 3311 2523 1124 4654 3268 4559 3744 1350 4085 503 2031 2391 2652 2840 4100 3177 2930 3714 1158 3047 3526 804 1850 271 2480 3360 3805 4552 828
4787 2648 3811 444 2232 867 3671 1900 626 2257 136 3182 4705 1300 4893 3305 31 3842 1717 1101 4719 4199 1027 2600 4398 2432 4617 1055 2784 4152 4928 3049 1966 206 2962 3227 3668 672 4596 3081 2025 803 4397 4188 3447 3600 3472 4879 1432 3060 1462 1697 2900 3126 4318 4284 3497 2656 608 4286 647 3240 793 3788 1321 3108 1997 467 276 1249 2390 1641 952 416 357 1344 95 1634 4697 2636 3116 4836 1187 2577 2451 295 992 1510 1202 413 1801 4096 446 3872 3454 1326 4717 659 1259 2608
3017 764 3087 2357 3933 4681 2182 3508 1269 4274 4976 3462 813 596 3949 3110 2813 3877 1204 2429 1631 2397 3927 941 3172 1617 940 3725 4360 4672 1956 3811 3510 4481 2013 2121 3365 1440 2893 836 393 1525 472 1113 2890 2393 4599 1153 2007 629 31 398 3405 2913 3945 4760 4128 1623 73 4922 1377 4570 2479 2720 3990 2628 4390 4576 1249 2987 4598 2762 323 4572 1413 3786 3307 2676 3518 2777 1152 41 2676 1785 4464 2068 834 2495 700 4724 3962 1669 2320 3569 3003 3530 1555 2797 3575 3163
877 378 2616 1186 1032 4745 1043 2129 2459 2392 2843 3524 4004 3263 2644 4489 890 2659 4954 2872 4593 2204 1840 3371 4301 4709 1512 227 1233 2661 4621 4661 2851 3188 827 1125 2449 3599 810 4536 2504 4406 917 4858 4492 1337 2882 3896 4638 2775 4837 4739 3314 741 4540 2819 1168 1524 2062 2960 2090 870 536 3388 1112 518 1764 1177 2390 4598 4702 1674 109 1113 1399 169 195 3443 4501 1173 4142 1014 225 4155 2354 2827 3022 1276 3571 1215 3846 1957 3522 165 2341 4079 1662 1318 801 2997
2635 2267 424 835 104 3711 2127 482 4708 946 4943 4300 1007 1107 3856 1048 428 3577 801 4144 3305 4114 238 735 3667 3136 1098 2817 316 1028 3654 3105 2051 2957 996 2252 1826 231 4102 1810 1460 4729 251 4120 458 2007 664 3461 2581 2719 2872 1800 888 3943 2123 1204 449 3774 132 906 1960 413 3145 3679 2419 1834 3327 3311 1641 2762 1674 1057 1988 2931 3023 824 240 3724 1282 1258 580 484 2431 4851 1214 1438 1529 2079 2128 135 22 684 2174 1844 4459 3916 1452 2317 4631 1974
3422 2088 2957 630 3938 4325 3959 1664 4208 4995 2183 3631 2553 2027 2025 3611 4609 1657 2590 1460 2331 1202 56 993 2809 2955 1447 2430 1254 2077 757 466 2536 229 832 1193 464 1081 3379 4611 4554 3047 4079 1792 2202 978 2562 4906 422 1196 424 4403 3690 163 4204 4329 3855 518 1491 3551 2914 4759 3600 398 593 418 4958 2523 952 323 109 1988 2161 4117 4093 1553 864 4582 416 922 144 1480 3009 1282 920 3949 2604 2925 373 1994 750 3532 463 4844 1413 49 4034 2448 2366 1102
2308 1686 3451 3144 1413 3405 3228 1310 145 2081 1008 3149 198 2930 2145 3531 1146 3112 1186 967 1743 544 4111 436 3241 3092 3395 4203 4055 4328 963 314 4507 2938 1117 2435 4217 2721 4487 3092 3651 2994 772 1959 3749 4266 578 960 3937 2185 4115 523 2679 899 3361 3767 466 136 4132 4843 716 202 724 4581 4501 2472 3525 1124 416 4572 1113 2931 4117 4634 2960 4211 1139 2138 4867 3045 486 2419 1934 1623 1421 338 3401 2003 908 1623 3925 1411 3913 4655 44 208 3822 477 270 127
444 1586 1468 3289 159 4567 3602 1195 1202 231 4569 2638 12 587 1687 2597 3709 3782 1677 3516 3338 4873 4138 2886 4791 999 295 4471 2127 239 4584 1770 1061 883 1894 481 4925 4435 4382 2811 1648 3429 3790 1542 3496 4476 2262 16 3561 2552 4299 260 711 4201 4694 443 2694 4557 4622 23 1514 4111 2042 3319 3891 4770 3867 4654 357 1413 1399 3023 4093 2960 3762 2079 2785 3176 3722 810 1553 2437 2778 4893 2136 4706 3586 3118 751 2857 1116 4972 2618 1435 1494 3261 2648 3555 2684 691
1719 2909 913 4152 2513 4754 4419 4555 4986 1356 2508 1300 2033 2876 1529 4975 1062 2489 3809 4375 3125 4663 3090 1111 1044 3785 2551 1312 477 29 4236 2636 63 580 4870 4885 3012 3674 2609 3747 2995 4793 3401 1752 4947 3676 2494 3011 1607 3663 1765 691 3697 2314 4129 1175 42 4338 4558 3591 2022 4691 4723 2314 904 841 2910 3268 1344 3786 169 824 1553 4211 2079 3271 3884 431 967 1401 4142 864 1684 875 79 618 78 2806 1941 3366 2942 3404 826 4557 3380 3508 4377 2068 4812 4448
1414 702 1227 711 4133 1873 3268 976 4855 1588 3600 1639 2419 3856 2106 1012 3877 1017 2175 2761 1919 3192 3909 382 4306 1237 4894 4014 809 1779 2012 3734 4983 1146 4255 4081 2685 1483 460 3087 4731 2815 756 33 4272 2796 3495 1111 4469 4431 4797 4903 4973 1560 265 3568 2898 1707 2357 4099 3972 3101 1440 1903 1399 1807 4289 4559 95 3307 195 240 864 1139 2785 3884 255 3610 1800 3862 2295 505 3135 1247 3225 2794 2291 4335 646 3369 1952 1203 3690 4008 1260 3385 3148 4026 4145 4342
2614 1496 4305 1360 111 4465 1768 4193 2405 878 4967 4237 106 1573 3085 3267 27 4791 2144 4303 4404 675 3380 4756 4050 2439 3987 3943 4700 3887 2479 4502 2617 4312 1773 1596 4620 1873 4540 4880 4535 2645 1850 3876 873 2956 4730 2360 2210 3091 2797 3507 1186 1752 2738 3823 446 4938 4503 4893 4525 4349 351 2515 1237 3564 2620 3744 1634 2676 3443 3724 4582 2138 3176 431 3610 142 3862 1678 4645 291 291 2371 417 2712 2992 4376 670 1937 4358 2354 3437 2543 1797 756 2069 1234 3204 3316
4032 4652 463 3218 2821 4228 3339 1099 2748 1642 2855 2476 1935 1318 936 1493 3766 3092 335 1967 3633 1737 3339 1773 19 1969 4735 3628 46 209 3578 4016 4783 1796 582 2438 762 4428 2340 4145 1886 4305 3747 2793 1076 1087 877 2826 3005 4704 3408 1424 3738 184 3446 4390 1474 2525 2077 3677 3945 3254 345 4025 2755 60 422 1350 4697 3518 4501 1282 416 4867 3722 967 1800 3862 2640 3288 2175 1588 1757 1289 3769 792 111 2736 40 1414 1439 2466 3184 2753 4578 4001 2036 1325 3205 485
2821 4282 2109 2207 1548 4764 1077 3907 1558 265 2416 275 776 4243 2454 4015 351 2011 3197 4585 2037 4614 3127 3198 4276 169 2697 1521 3296 4767 4343 2421 1411 4088 4658 3822 4504 4965 3873 1679 577 3306 1979 1512 364 563 4026 263 2267 4695 4547 2869 4670 4715 2671 2417 2692 2097 578 1869 1478 2989 3343 1066 763 3729 3510 4085 2636 2777 1173 1258 922 3045 810 1401 3862 1678 3288 2130 1989 3536 832 867 697 3653 834 587 3698 4468 2617 2743 4048 744 2744 2306 4176 4093 3975 3372
1002 3558 2027 4262 917 2104 595 4807 1692 828 2820 4815 4655 4937 2650 4249 3589 3320 785 2348 1587 4703 1282 4195 3261 4340 4604 3558 1147 1141 1500 1267 1358 1384 784 2163 1468 1671 158 3190 2701 445 4078 3890 1369 1960 1454 1978 1374 4601 517 1688 4531 531 2875 4584 1615 3615 1069 2003 3452 2949 3652 280 279 4826 4877 503 3116 1152 4142 580 144 486 1553 4142 2295 4645 2175 1989 593 4733 340 1605 4790 442 2518 292 167 2114 1856 3129 2214 4399 3121 2802 751 3163 3982 4052
146 2508 2492 3474 4968 445 515 4486 4099 818 3369 102 4698 1061 2198 402 1665 1055 1473 1944 4009 2035 299 673 3026 2895 3217 1375 1799 1510 4535 3934 3209 2735 2905 4620 842 1175 4935 4787 1333 2876 2874 1536 1220 3654 2460 4756 1084 3961 4492 1180 4279 2597 1814 2423 850 2692 3144 4274 2479 3282 1196 4058 2494 4320 3266 2031 4836 41 1014 484 1480 2419 2437 864 505 291 1588 3536 4733 4403 220 3126 247 3684 4323 2967 4140 4553 3947 500 4137 246 2308 1048 3676 4490 3369 3215
