N: 100
M: 20
Symmetric: true
Triangle: false
2 42 55
4 46 93 58 57
4 88 61 83 75
6 56 40 99 96 63 98
3 85 45 38
5 91 20 64 2 54
4 33 95 26 19
7 22 39 4 77 44 53 15
4 17 72 78 51
9 27 12 13 9 5 50 32 1 23
8 66 97 92 89 29 37 43 31
3 18 67 30
6 36 59 65 81 48 86
4 100 49 24 47
5 6 8 80 11 16
8 94 73 3 25 7 76 84 82
3 41 52 35
2 10 74
6 71 21 28 34 79 87
7 14 69 68 60 62 90 70
3981 3229 4772 4064 4779 709 2840 4265 566 219 3175 2436 3343 4023 4584 4192 1262 657 2696 1518 831 4645 637 4575 2760 1053 4059 1520 2307 4499 3147 2296 1048 3894 2246 1792 2245 519 4323 864 3442 351 1648 1912 3145 2693 3046 1842 3763 4412 2290 2223 1666 4769 3355 322 442 2857 971 4437 321 2030 4600 3718 1959 3518 147 1270 4787 2260 2818 2678 549 2602 2491 3069 1225 4285 277 1824 2978 3475 4781 2870 2658 3302 1317 450 3111 4202 594 1364 4739 4919 814 4001 3984 153 2758 2059
3229 4184 2062 3661 1934 1117 761 102 3433 4972 302 1373 4008 1120 1642 3151 517 698 4763 3876 2725 1016 3886 4466 4222 2645 1461 1472 1451 3501 4780 3417 4429 4605 1720 856 4901 1237 3097 3779 240 763 37 2737 4056 210 33 4874 836 712 2805 2258 2028 2083 3254 541 4368 657 1066 538 3843 2709 2741 3733 2299 3681 2744 4929 1596 2914 2700 4098 4867 4789 3279 2034 2143 981 4999 4498 342 1640 4515 1792 1356 1873 4596 4637 2546 4327 3004 4980 4184 4338 1963 2489 388 4921 3387 2154
4772 2062 2109 696 4633 2380 1034 3358 4442 4464 2468 2596 2189 4229 287 3152 2152 2114 2134 1815 282 459 212 2870 2437 2213 372 1400 3180 337 3145 2120 2636 83 4644 3205 1012 3213 4671 3997 3648 3234 1365 3311 1956 162 138 2809 872 2842 3429 2785 4903 1628 2298 1860 4993 2820 4060 2991 685 1134 2613 1995 1239 3023 1411 3889 4549 2356 1375 4071 3967 4746 4482 1528 2548 3601 72 4423 1902 3771 3412 734 4756 1685 2106 277 3797 1630 4624 2426 2408 1261 597 4173 2820 2467 3911 4428
4064 3661 696 263 4502 753 3509 3856 3346 4167 1959 3745 4528 388 4297 4794 3190 443 2736 1106 2902 3258 231 2502 4516 763 4828 3269 2027 1408 2282 4337 617 1085 2670 1135 40 3531 4921 1685 4322 1934 2465 228 434 637 2913 3399 614 1957 206 1235 3037 1796 1418 1537 1678 1331 729 3625 923 2358 2711 792 4074 4500 4050 279 4016 1915 2072 1497 4583 2390 1054 3996 2564 3983 4557 1151 2193 4132 4646 114 1993 4264 4565 3950 4904 624 4746 1928 974 3763 1733 3666 4158 2352 2919 295
4779 1934 4633 4502 2346 4550 903 2119 3679 3341 4021 1984 419 2546 4064 704 3313 1942 4586 1338 1897 250 2159 3329 3230 3244 1817 3596 1363 2422 3946 2268 4917 2079 1357 4741 3765 3969 3605 728 1920 4710 4682 454 143 2510 1532 2031 2295 47 1048 2714 3314 2428 2126 1809 1916 2411 4337 1412 4824 1466 3476 1864 1233 1554 4522 2805 216 2952 1671 1074 3212 2641 731 31 2378 2028 401 1221 1986 2016 3221 2326 2697 496 2043 793 4853 314 2885 1638 3929 4986 778 1657 4042 4156 4704 4818
709 1117 2380 753 4550 2871 2957 2995 2542 1137 4313 2966 286 2628 841 4914 717 917 1264 3234 3667 420 2632 3442 1574 4074 4081 3640 620 1010 3996 1512 4833 1870 443 2095 1738 1040 3101 3783 453 2476 1391 4423 4941 2873 2084 858 1031 2807 3800 2210 4605 4990 529 3454 4397 4292 3959 198 2544 2888 1423 1499 4353 1642 3739 556 3524 1066 4481 4191 1294 3436 487 4695 313 4827 3328 2881 2876 472 4808 769 3644 1484 1723 4301 598 3707 3341 1490 1260 4313 1191 80 3251 3582 4280 1654
2840 761 1034 3509 903 2957 186 2765 1791 2015 3662 4523 807 4365 3399 333 3960 1572 4412 43 2532 1240 3836 1018 4075 570 1004 141 2976 434 4815 4481 586 1385 2447 4686 578 1889 2556 4365 4948 3879 744 3580 4971 4630 3625 3215 1400 3337 4293 1488 2725 2379 1562 1578 2815 2475 4137 3651 1142 1341 252 2456 4264 1393 2593 3561 4230 2394 4123 975 177 2889 4000 4182 3418 1538 2134 1155 4105 4772 250 2879 1020 976 1640 854 934 1790 738 633 3157 794 3353 1672 1341 573 2724 4136
4265 102 3358 3856 2119 2995 2765 3419 1289 2674 4485 3053 3916 1069 765 4031 3097 1025 502 1954 3568 4013 4816 911 3626 3443 3292 4717 3519 3258 1984 2947 971 4432 3670 4634 498 3367 3251 3922 3314 4668 2232 1539 3182 3794 1786 1672 759 1737 76 4487 1001 767 261 4280 734 2828 3353 757 2645 2085 1854 4255 1376 4936 2093 152 773 2807 3239 2761 3132 4635 3842 2587 4006 109 3103 2886 4860 3951 4308 1515 590 4358 4017 1901 531 4675 662 2983 4579 1602 2401 1112 3029 4109 771 3697
566 3433 4442 3346 3679 2542 1791 1289 3612 2555 2368 3122 4707 2350 1186 1665 496 811 810 2689 1919 3448 3398 3715 2594 1520 933 3273 4650 771 455 4778 3742 4313 2037 757 199 4256 2656 3758 639 4667 3164 2762 3941 2610 1890 2397 1300 1655 2147 834 1123 441 3856 436 1590 4984 3100 4918 2605 2771 4508 2405 1594 1604 135 85 1864 2588 615 3779 4906 1072 188 3077 2823 4328 4919 2179 552 3431 1467 3148 906 2844 1396 684 3515 640 4129 2248 1644 643 4435 3725 1439 1556 3811 2543
219 4972 4464 4167 3341 1137 2015 2674 2555 3584 3995 2429 935 3132 3460 1738 3748 876 2019 4513 259 3065 4083 1735 3482 51 2169 4187 722 2679 1429 837 1192 2870 2573 347 3020 3066 4158 261 4951 2885 516 427 477 4766 2658 3126 2455 4586 3196 1220 2142 241 1051 1358 2173 1373 327 873 4055 4323 2412 504 1563 2358 1231 4945 4414 3081 3416 4230 2319 1809 1556 3460 1880 2952 3137 1236 3827 4428 2744 4550 3921 3197 2122 3251 47 3618 4172 3380 63 4648 323 2584 1189 2590 4130 3003
3175 302 2468 1959 4021 4313 3662 4485 2368 3995 2314 1002 2097 239 4110 2512 384 3775 3562 307 1635 4665 4198 969 3883 3170 3140 1168 4265 2981 3563 3735 3885 1993 62 3212 2623 3207 2911 3318 891 3441 3780 2410 4191 751 527 4803 3353 1469 2429 4478 3921 435 485 1904 4308 4669 2050 993 374 744 3963 1882 3976 3372 2137 545 4144 3571 1801 409 1024 845 4950 1970 3761 82 1639 4926 4031 3496 3687 2143 1266 4637 4431 4872 1570 2270 1659 3979 3054 3791 40 2609 2500 879 188 4976
2436 1373 2596 3745 1984 2966 4523 3053 3122 2429 1002 3921 1843 1556 4099 214 4096 1972 1123 2293 1818 4634 3568 85 2521 721 1693 3493 4406 1826 3274 2421 1812 3388 2475 3546 79 848 2953 4091 4595 109 4037 4778 3829 4178 1966 3928 659 1879 4673 3875 3533 4304 4416 3532 4636 1091 274 4253 3052 1220 1764 4816 866 4747 3598 3896 4924 3399 550 1103 4448 1302 2920 4500 4938 1567 4089 376 401 4302 964 4726 2100 2908 3010 1533 2146 1050 694 785 2580 1781 3469 3288 1501 1925 2108 711
3343 4008 2189 4528 419 286 807 3916 4707 935 2097 1843 2534 1859 1734 4051 2066 3714 2856 4783 117 232 2605 1739 3946 892 2015 622 1540 1350 3931 572 2159 4419 1860 2781 4876 1297 2891 2093 880 4538 485 3800 97 965 1837 4502 3506 3782 2142 1253 2309 4503 2854 3933 3703 3616 1480 2938 4152 1396 4786 4895 2283 4969 3902 4916 2862 3670 2276 3519 1825 2718 1802 1229 3925 3786 4009 3238 4477 3721 4496 2847 4849 4087 118 1279 4366 942 2159 4016 4754 2988 1131 2900 4429 4630 1818 2587
4023 1120 4229 388 2546 2628 4365 1069 2350 3132 239 1556 1859 4382 200 4978 1904 3198 585 2409 3373 4644 1927 2668 3984 934 2423 2412 1691 2700 1254 2141 4159 3795 2995 3781 3479 858 287 3502 3756 3175 223 4891 3358 2986 1018 835 923 3112 3176 4610 527 2591 3332 1799 4358 4996 2747 2846 532 4729 516 4676 1292 4963 3382 1539 1646 550 675 3392 3745 1705 2410 39 324 4556 3401 3229 212 1049 2445 2369 4058 4854 4408 287 2301 4941 221 1029 2670 4977 2991 2168 4075 3420 2383 3866
4584 1642 287 4297 4064 841 3399 765 1186 3460 4110 4099 1734 200 4360 4268 4666 1976 4887 2510 112 1829 1490 1606 2697 628 735 3037 4406 2661 1750 927 3710 3070 4943 4102 957 1046 782 1021 3716 3208 2062 109 3213 1919 1727 2109 3077 856 844 506 1704 2114 1909 2487 3241 4152 731 1605 4948 1717 675 1684 4722 1094 1151 2746 827 2943 3993 2287 2347 19 2801 2911 1499 3042 2228 4420 3756 752 878 3873 1209 4756 1053 791 1409 3389 4314 750 4634 1768 4346 336 3567 1158 4341 468
4192 3151 3152 4794 704 4914 333 4031 1665 1738 2512 214 4051 4978 4268 677 3960 2087 1419 797 2026 2290 2676 1973 3299 4020 3896 1231 3884 3499 80 1779 1536 1311 1486 1023 4606 2167 129 3009 4744 4618 1451 345 3208 102 4219 1040 1897 1542 2838 1500 452 3186 4980 294 3408 4414 3381 2271 3010 38 4581 4505 3739 2379 3129 3705 950 4587 2314 2014 2227 3148 2489 990 4338 4424 2107 1977 929 4187 979 2635 523 3207 25 3446 134 2176 3650 288 3976 3846 2157 3719 1476 4447 1256 2256
1262 517 2152 3190 3313 717 3960 3097 496 3748 384 4096 2066 1904 4666 3960 1819 3466 4876 1232 669 3457 1568 4053 4283 3255 1796 3481 3916 1547 3938 1313 4443 4889 754 259 520 4064 3860 13 4463 686 150 798 2017 3335 3603 3502 1053 1163 4316 3719 4485 4421 4749 1978 3982 4200 3980 4844 4677 2553 1138 2772 697 2931 3252 3472 593 834 4226 2193 1683 4811 335 2121 390 2300 3044 4104 4031 1646 1607 2662 3949 711 2094 698 1200 4719 2317 3457 1824 645 1363 3842 593 2236 1317 1388
657 698 2114 443 1942 917 1572 1025 811 876 3775 1972 3714 3198 1976 2087 3466 3146 3466 2237 1392 4559 689 2122 4207 717 1065 1091 4158 2472 3720 4946 19 3125 2990 2752 198 2034 1048 1659 4827 1087 1426 2221 3294 1551 4963 921 2305 68 479 4581 4299 222 2622 3808 4942 907 1345 751 1238 2690 3338 4679 4491 934 49 1050 1848 3702 2531 2656 3653 2565 3600 2300 2787 3701 4650 2605 3009 1341 3872 1178 3334 4882 1242 4223 3722 3925 621 2663 4090 3885 2517 1631 4253 4924 802 337
2696 4763 2134 2736 4586 1264 4412 502 810 2019 3562 1123 2856 585 4887 1419 4876 3466 3717 947 4895 3698 450 1387 3461 3933 124 2355 4948 2563 1382 4472 801 1189 1440 961 2330 4128 3461 1766 876 4056 3148 1344 2527 4033 2735 2946 4530 757 1388 2805 1836 4445 4378 1508 43 3910 2100 4446 3914 92 543 800 1126 4663 1348 2823 3516 1821 2720 1511 2168 1941 1869 1259 1192 1234 1893 832 4408 4642 2484 2695 1899 190 3876 1977 2351 580 4719 4030 1878 1541 919 2160 1596 4247 2431 4648
1518 3876 1815 1106 1338 3234 43 1954 2689 4513 307 2293 4783 2409 2510 797 1232 2237 947 2794 501 2105 4583 3136 3070 2084 4552 348 721 1779 4151 641 2686 2380 3969 1779 2548 1126 1780 4166 2886 3440 1713 3676 56 2611 4976 1893 96 1097 3115 605 4377 2013 330 1110 1842 145 729 1384 1521 4475 2990 2942 3347 4675 322 4473 4840 2189 1846 4871 4855 3388 1201 3366 4837 4448 529 1911 257 3708 2144 1477 2761 3752 4410 1157 4177 4111 3663 3040 1840 3670 1283 1087 405 4055 2181 1985
831 2725 282 2902 1897 3667 2532 3568 1919 259 1635 1818 117 3373 112 2026 669 1392 4895 501 2359 4797 2389 4688 86 1201 4184 1774 283 3005 3014 973 650 1352 1750 3422 3885 1134 577 1060 1175 1085 2275 4431 4793 466 4988 629 4211 2436 4057 87 720 1603 1688 3240 1658 1418 3072 4273 605 342 3944 3786 3459 1595 1354 1214 4649 4075 1565 1619 2780 3278 4856 2886 1448 802 4279 2333 3586 4156 2238 3706 2799 1692 527 2843 4404 280 3705 3746 2171 407 4434 58 2608 1935 4854 3351
4645 1016 459 3258 250 420 1240 4013 3448 3065 4665 4634 232 4644 1829 2290 3457 4559 3698 2105 4797 1199 3136 814 3543 3722 2454 4900 686 3904 3948 1300 1073 443 4600 2366 797 2834 4100 2913 3631 1699 3051 3938 772 4062 3683 2335 755 3780 1379 2985 1360 303 1077 2515 2467 806 698 3442 2757 1639 314 3753 268 848 1038 4265 2165 4904 2074 4468 953 4161 736 3659 2338 2593 3138 2606 2986 1697 1447 4800 4615 3183 622 2786 1744 1374 3519 4352 1348 2108 682 1259 849 3382 4721 498
637 3886 212 231 2159 2632 3836 4816 3398 4083 4198 3568 2605 1927 1490 2676 1568 689 450 4583 2389 3136 2344 2402 4994 993 4968 2462 3585 534 3371 2288 176 3150 932 4591 370 118 2459 3552 434 1661 3596 4892 3973 942 1582 1092 1001 1391 1127 891 2733 3816 3837 1318 70 57 3904 4984 2501 1396 1974 105 717 1348 2174 1446 2464 164 2982 2833 4225 4319 4384 1755 3620 1398 2870 2275 1366 2900 1146 3652 4400 3267 2759 1494 201 3941 4693 1076 2919 1254 2396 988 1513 3781 4890 1575
4575 4466 2870 2502 3329 3442 1018 911 3715 1735 969 85 1739 2668 1606 1973 4053 2122 1387 3136 4688 814 2402 4538 454 3432 2849 2933 3319 1870 609 1212 3633 2301 3815 1112 2561 41 1595 4892 605 1629 2925 951 4135 3252 4913 496 3512 103 4293 451 4379 3660 4678 3634 3410 192 975 4734 410 4681 1637 3092 4025 1474 4233 808 3101 2902 1497 3366 1470 4101 1397 3940 4852 2833 4795 968 3886 4814 1319 715 963 303 2383 2818 3107 4337 4690 130 855 4940 3114 626 2511 4703 3562 3470
2760 4222 2437 4516 3230 1574 4075 3626 2594 3482 3883 2521 3946 3984 2697 3299 4283 4207 3461 3070 86 3543 4994 454 2466 764 695 4962 4813 422 1651 976 3331 1903 3666 1644 4989 3284 4361 1375 3412 3920 825 1041 2638 271 1789 3120 4457 4850 4371 2756 205 1134 2246 1275 2484 2735 2643 4370 2969 2988 4890 1259 4855 1302 4977 3083 4608 3514 3851 1879 4964 3554 1140 1098 4978 1894 1167 1909 960 4322 4536 722 421 3045 4358 776 565 1704 4252 3929 2382 4928 3822 4375 38 1248 788 4998
1053 2645 2213 763 3244 4074 570 3443 1520 51 3170 721 892 934 628 4020 3255 717 3933 2084 1201 3722 993 3432 764 3540 663 3626 4592 2968 2590 171 3610 1889 4659 3710 2482 920 1709 557 593 4251 2608 1143 3130 4727 4688 10 1036 3099 60 3906 860 3416 4279 4865 2286 885 348 3216 1048 2310 839 1996 3794 4333 3777 3491 690 72 2459 3898 2235 2795 1777 596 930 4060 3232 3685 97 69 4360 736 2774 1697 1083 3696 3871 124 2135 471 2273 630 4576 509 43 3070 4380 4607
4059 1461 372 4828 1817 4081 1004 3292 933 2169 3140 1693 2015 2423 735 3896 1796 1065 124 4552 4184 2454 4968 2849 695 663 4015 969 1479 4342 1470 4110 1760 3346 1784 1366 3613 4126 3600 2258 790 4848 4229 81 2140 4773 3202 199 2569 3895 150 4063 4322 232 4730 3861 4321 2673 70 3879 2123 853 1989 879 1217 366 2043 4523 4494 1048 3148 1922 1132 2934 1344 3378 2937 2465 2071 4470 1591 4916 1429 4815 1671 3368 4966 285 4573 4137 3393 2336 4307 1779 1372 1472 1893 2529 1347 2173
1520 1472 1400 3269 3596 3640 141 4717 3273 4187 1168 3493 622 2412 3037 1231 3481 1091 2355 348 1774 4900 2462 2933 4962 3626 969 547 423 4013 2247 3491 3265 3777 3972 2176 535 580 3993 2038 2047 4868 1079 3272 4019 4601 1878 2675 261 4994 162 2756 1045 899 1272 502 1973 405 1804 4351 1644 4060 1495 3503 4813 3357 3597 3597 165 1093 2609 1338 3925 545 4583 3505 1599 1594 2314 3359 3815 2575 4355 578 3134 1174 1246 4276 3861 3654 1476 412 55 1788 2621 999 3722 4345 4429 4611
2307 1451 3180 2027 1363 620 2976 3519 4650 722 4265 4406 1540 1691 4406 3884 3916 4158 4948 721 283 686 3585 3319 4813 4592 1479 423 3515 3427 1075 79 4168 1903 3865 3482 1258 1689 2766 3241 270 1180 1500 990 2732 4064 3361 1162 90 717 2659 46 3402 1094 682 3759 1243 631 2813 2044 4698 1572 204 2126 3801 4278 31 3373 1328 1251 1334 2424 1421 4112 2588 2907 4000 1831 3648 948 2117 3206 3288 3149 2600 1394 1317 2813 3364 2560 2421 2433 4543 273 701 415 780 898 1857 1374
4499 3501 337 1408 2422 1010 434 3258 771 2679 2981 1826 1350 2700 2661 3499 1547 2472 2563 1779 3005 3904 534 1870 422 2968 4342 4013 3427 1791 940 1543 3954 2623 3765 4225 4421 1051 2739 1960 1952 3347 3050 976 4476 3092 2476 707 3098 1617 427 1401 2465 524 3326 4665 4815 1460 741 3968 2286 1405 819 3409 418 2754 4966 3562 3097 2310 3592 2535 4552 4279 2699 3503 779 536 17 1698 2779 4357 3911 1375 2698 4675 1075 3333 2293 1027 1174 3394 3513 2907 1037 1746 1281 4574 795 3066
3147 4780 3145 2282 3946 3996 4815 1984 455 1429 3563 3274 3931 1254 1750 80 3938 3720 1382 4151 3014 3948 3371 609 1651 2590 1470 2247 1075 940 2219 4765 1249 4223 1375 2017 263 3848 702 3610 1238 2544 4644 1842 2890 1124 4309 2189 1548 2460 731 3125 2454 2573 2313 3924 4225 4877 3422 1729 2850 165 2985 2207 264 2896 635 4428 2069 4028 4166 4223 4854 2822 4875 4638 4662 4379 2371 4693 1692 1845 2675 2437 1795 1536 2269 3799 2149 345 562 2148 2750 415 2156 1717 127 3212 3271 3818
2296 3417 2120 4337 2268 1512 4481 2947 4778 837 3735 2421 572 2141 927 1779 1313 4946 4472 641 973 1300 2288 1212 976 171 4110 3491 79 1543 4765 1608 681 2533 4558 2195 1913 987 928 3363 4860 1862 4403 3744 4236 2089 3075 988 495 605 1913 2460 4292 4571 3590 4635 402 3673 4190 3630 4858 2356 1963 4043 178 821 4101 4656 3504 1695 2967 2219 3120 827 1345 3183 346 4315 4046 4111 470 2926 1973 3100 2539 3906 4123 4100 3003 3417 4246 4000 2005 3759 803 3895 3575 2222 945 2704
1048 4429 2636 617 4917 4833 586 971 3742 1192 3885 1812 2159 4159 3710 1536 4443 19 801 2686 650 1073 176 3633 3331 3610 1760 3265 4168 3954 1249 681 3901 69 1757 3200 3861 1589 4599 4600 4138 4033 117 1294 676 450 2484 1596 4996 3612 240 4255 423 447 3421 4336 303 4083 369 75 3249 2522 4107 2723 3428 821 4040 320 725 1091 4987 2578 1517 987 2050 387 984 2127 3415 2135 2428 3454 1098 3554 3722 3867 2701 963 2654 658 1301 1414 827 871 1389 4261 4133 357 4109 961
3894 4605 83 1085 2079 1870 1385 4432 4313 2870 1993 3388 4419 3795 3070 1311 4889 3125 1189 2380 1352 443 3150 2301 1903 1889 3346 3777 1903 2623 4223 2533 69 4252 725 3007 1379 3304 4717 2983 4613 450 2415 1987 1582 2861 4861 4045 3685 1452 1971 323 382 4681 2802 1359 3170 1155 4016 1643 764 4495 2359 106 1424 4241 1980 3566 4531 948 367 3632 1329 793 3125 60 1963 1674 2239 4277 2615 1736 847 2229 100 1331 2059 2096 3293 1143 2002 2461 3169 3648 1002 4651 662 1544 2396 4046
2246 1720 4644 2670 1357 443 2447 3670 2037 2573 62 2475 1860 2995 4943 1486 754 2990 1440 3969 1750 4600 932 3815 3666 4659 1784 3972 3865 3765 1375 4558 1757 725 4504 589 3133 1587 3841 2469 2476 4329 2166 4964 1170 3308 4537 1778 3999 4640 253 3451 4616 764 2163 4119 151 4319 3081 3045 3317 2013 985 3114 3587 165 246 3086 4848 2968 2390 4128 1624 1728 2537 3864 1753 672 2742 910 569 312 4463 3250 3221 2042 1652 1848 4337 4636 4152 2765 1395 2362 238 637 4767 4221 3069 4917
1792 856 3205 1135 4741 2095 4686 4634 757 347 3212 3546 2781 3781 4102 1023 259 2752 961 1779 3422 2366 4591 1112 1644 3710 1366 2176 3482 4225 2017 2195 3200 3007 589 4429 234 3519 4626 4295 4960 1824 1546 1418 1182 2164 3612 2430 4669 1881 3257 905 1926 2669 1401 2902 1684 2983 3048 4139 2112 3665 3885 2164 88 4113 4632 2019 1777 637 2854 3665 3531 370 214 1407 1832 3214 3260 2198 3686 75 1098 1882 2515 1339 4379 470 1376 3944 1995 569 3219 3743 3295 565 1884 4362 1144 4525
2245 4901 1012 40 3765 1738 578 498 199 3020 2623 79 4876 3479 957 4606 520 198 2330 2548 3885 797 370 2561 4989 2482 3613 535 1258 4421 263 1913 3861 1379 3133 234 2643 4380 2077 4480 4949 3512 1832 2663 4923 3436 1126 4042 2945 2480 190 1320 1532 3127 2675 1708 2859 1224 4201 1387 695 1162 64 2118 1911 4828 1920 500 2195 4248 1147 426 2106 2957 4864 4791 2050 4958 2500 907 2030 2635 3643 3355 603 4686 93 4361 1518 3062 694 895 4679 4439 4398 106 2210 3361 1475 527
519 1237 3213 3531 3969 1040 1889 3367 4256 3066 3207 848 1297 858 1046 2167 4064 2034 4128 1126 1134 2834 118 41 3284 920 4126 580 1689 1051 3848 987 1589 3304 1587 3519 4380 2495 3563 4839 47 2215 4893 2648 2159 373 1686 4623 1483 1070 2449 1419 2869 4779 1382 242 4922 719 4710 3626 535 1440 3399 2155 3870 1083 1399 775 3733 1814 2012 2100 4479 1293 1564 1080 3511 3505 2922 2895 4627 1956 2959 873 2163 879 1670 1677 4583 4618 2460 3634 4508 3669 4092 770 3185 498 184 4480
4323 3097 4671 4921 3605 3101 2556 3251 2656 4158 2911 2953 2891 287 782 129 3860 1048 3461 1780 577 4100 2459 1595 4361 1709 3600 3993 2766 2739 702 928 4599 4717 3841 4626 2077 3563 4878 2482 1242 76 2276 4980 2892 1522 3817 544 1752 4740 1345 4401 1329 1217 2316 243 2404 2545 1361 3694 3996 2052 4415 506 138 4122 1030 462 577 1227 42 4432 4580 3896 2526 1141 602 4698 625 3622 1977 2674 600 4860 4125 67 1767 784 706 196 2374 586 538 3367 657 883 3143 3925 4422 3133
864 3779 3997 1685 728 3783 4365 3922 3758 261 3318 4091 2093 3502 1021 3009 13 1659 1766 4166 1060 2913 3552 4892 1375 557 2258 2038 3241 1960 3610 3363 4600 2983 2469 4295 4480 4839 2482 2734 1647 801 985 2169 3888 2742 2828 4711 1101 3346 4330 2481 159 2269 146 33 1545 2578 1087 4589 3189 4169 3188 1953 3219 3250 1525 1859 3760 2651 1211 849 1001 2905 1111 2896 4927 2185 3502 488 2773 3939 4895 4881 1964 701 1953 3937 2640 4409 3806 597 315 3802 1139 2142 4392 4647 398 2267
3442 240 3648 4322 1920 453 4948 3314 639 4951 891 4595 880 3756 3716 4744 4463 4827 876 2886 1175 3631 434 605 3412 593 790 2047 270 1952 1238 4860 4138 4613 2476 4960 4949 47 1242 1647 4560 416 4709 748 25 3602 4820 3165 2935 1717 360 2376 121 3827 2781 4738 3494 553 3740 4310 984 3515 3052 3656 4208 2698 1879 993 2736 3261 3801 2147 380 4487 4664 4163 2867 4597 2452 4444 1905 2781 4433 2864 3766 4153 2687 1429 677 3340 752 1344 568 3102 4890 3443 3035 4136 2290 22
351 763 3234 1934 4710 2476 3879 4668 4667 2885 3441 109 4538 3175 3208 4618 686 1087 4056 3440 1085 1699 1661 1629 3920 4251 4848 4868 1180 3347 2544 1862 4033 450 4329 1824 3512 2215 76 801 416 3479 4544 133 3005 3051 775 668 297 1658 1881 3243 657 4980 812 68 3573 1052 1546 3884 1472 4406 857 4917 228 2141 4035 1381 4725 3076 3907 1756 190 1311 924 4190 3337 804 1985 1859 244 1095 4247 565 3857 1107 2222 3234 1917 1185 4321 677 2874 964 3106 4442 1692 3660 2879 4890
1648 37 1365 2465 4682 1391 744 2232 3164 516 3780 4037 485 223 2062 1451 150 1426 3148 1713 2275 3051 3596 2925 825 2608 4229 1079 1500 3050 4644 4403 117 2415 2166 1546 1832 4893 2276 985 4709 4544 1150 4566 1453 4948 814 2998 4473 1186 576 4234 352 4767 4774 934 3105 1561 4541 2830 3452 4378 4431 713 1299 822 1281 657 851 4438 1142 3340 2892 4276 3954 4339 399 3874 3069 2043 2155 2626 4197 170 4282 2372 4203 1995 3072 480 4278 749 366 1683 2680 4555 3944 4329 1380 4716
1912 2737 3311 228 454 4423 3580 1539 2762 427 2410 4778 3800 4891 109 345 798 2221 1344 3676 4431 3938 4892 951 1041 1143 81 3272 990 976 1842 3744 1294 1987 4964 1418 2663 2648 4980 2169 748 133 4566 3749 3327 437 2438 1356 3441 3101 2985 352 3206 310 4756 781 1765 625 836 2931 1360 1143 183 3429 412 4178 747 1722 1420 4170 1344 4004 4340 3559 2749 1058 4676 807 271 515 2569 485 192 4423 4431 2829 369 1944 2076 4668 751 2938 4729 4545 3874 3326 3889 629 3554 2537
3145 4056 1956 434 143 4941 4971 3182 3941 477 4191 3829 97 3358 3213 3208 2017 3294 2527 56 4793 772 3973 4135 2638 3130 2140 4019 2732 4476 2890 4236 676 1582 1170 1182 4923 2159 2892 3888 25 3005 1453 3327 1160 134 1228 4519 1957 4620 4073 3353 4705 838 1923 2497 4115 3065 4999 3891 4093 4056 856 2081 412 1071 2431 1018 4559 933 2057 2372 1937 817 4105 4563 3295 1304 138 2253 319 2212 2674 2698 514 1284 2802 3657 1921 1684 314 112 3060 3017 2685 2990 316 2052 2467 2400
2693 210 162 637 2510 2873 4630 3794 2610 4766 751 4178 965 2986 1919 102 3335 1551 4033 2611 466 4062 942 3252 271 4727 4773 4601 4064 3092 1124 2089 450 2861 3308 2164 3436 373 1522 2742 3602 3051 4948 437 134 572 3194 2025 3116 3139 4194 1611 1465 1898 2501 2477 2619 2626 4463 1703 4675 3773 2165 66 1836 226 1979 2087 2697 3979 179 2892 418 3484 1996 3121 4841 4748 3423 916 2576 3082 4100 1174 1027 2665 3985 1231 3736 3247 1410 3982 2567 758 4795 197 469 2980 4057 1149
3046 33 138 2913 1532 2084 3625 1786 1890 2658 527 1966 1837 1018 1727 4219 3603 4963 2735 4976 4988 3683 1582 4913 1789 4688 3202 1878 3361 2476 4309 3075 2484 4861 4537 3612 1126 1686 3817 2828 4820 775 814 2438 1228 3194 2900 4863 80 4960 1665 1732 676 872 370 4158 2196 2818 1324 1863 722 723 222 4577 3488 2679 812 434 2691 180 2602 618 2272 1502 3391 4877 4886 1602 2511 559 2810 4064 3214 3778 4423 664 882 1724 2027 908 1669 692 2219 3400 2290 965 3055 4042 2228 3443
1842 4874 2809 3399 2031 858 3215 1672 2397 3126 4803 3928 4502 835 2109 1040 3502 921 2946 1893 629 2335 1092 496 3120 10 199 2675 1162 707 2189 988 1596 4045 1778 2430 4042 4623 544 4711 3165 668 2998 1356 4519 2025 4863 4766 657 309 4079 2966 2583 4116 3482 4964 314 196 3058 3502 3104 3619 4372 2913 1089 1595 4446 3878 2280 205 1706 3295 2928 4044 1420 3027 4450 4039 3883 138 4137 1832 4986 301 4800 4675 3729 2236 2245 2289 45 3069 2063 245 174 2647 1029 3904 2418 520
3763 836 872 614 2295 1031 1400 759 1300 2455 3353 659 3506 923 3077 1897 1053 2305 4530 96 4211 755 1001 3512 4457 1036 2569 261 90 3098 1548 495 4996 3685 3999 4669 2945 1483 1752 1101 2935 297 4473 3441 1957 3116 80 657 3493 1821 546 2027 4519 980 1573 1715 2357 4992 530 3784 4130 799 756 2020 675 2414 3817 1771 3394 4562 1442 2498 4434 3781 2273 375 3250 1191 3533 1156 1524 4840 2022 569 4053 3155 3673 829 4384 4093 3826 3040 4417 1948 3307 4833 2769 4705 3316 2934
4412 712 2842 1957 47 2807 3337 1737 1655 4586 1469 1879 3782 3112 856 1542 1163 68 757 1097 2436 3780 1391 103 4850 3099 3895 4994 717 1617 2460 605 3612 1452 4640 1881 2480 1070 4740 3346 1717 1658 1186 3101 4620 3139 4960 309 1821 356 1465 1818 2294 58 3011 3294 2900 1063 2950 4341 1234 2603 1523 663 4469 2128 2207 3942 3474 859 3547 3974 4547 3340 3348 606 4466 4466 4322 2479 4356 214 3876 3956 1302 142 1761 1657 2623 1485 3262 3214 1173 4765 330 575 685 4876 1868 2645
2290 2805 3429 206 1048 3800 4293 76 2147 3196 2429 4673 2142 3176 844 2838 4316 479 1388 3115 4057 1379 1127 4293 4371 60 150 162 2659 427 731 1913 240 1971 253 3257 190 2449 1345 4330 360 1881 576 2985 4073 4194 1665 4079 546 1465 2395 4245 2722 4483 2302 4277 987 1738 1006 3285 2415 3747 2924 590 3248 4425 3554 4181 844 3751 2793 4251 2767 3550 2680 4865 759 4445 2850 4144 1687 53 438 1973 3104 756 2623 1180 4143 4207 4924 2921 1933 2157 2162 3554 1911 3018 2218 1244
2223 2258 2785 1235 2714 2210 1488 4487 834 1220 4478 3875 1253 4610 506 1500 3719 4581 2805 605 87 2985 891 451 2756 3906 4063 2756 46 1401 3125 2460 4255 323 3451 905 1320 1419 4401 2481 2376 3243 4234 352 3353 1611 1732 2966 2027 1818 4245 3441 1653 3852 4699 3380 4575 4327 3856 1176 1845 4288 885 4047 502 2291 1665 4483 4869 4038 4560 1888 4243 3868 4508 1861 2303 4499 665 1482 3945 142 4485 4801 693 263 4294 2614 3419 3649 1494 1362 3541 3374 3428 4828 820 4584 1435 3167
1666 2028 4903 3037 3314 4605 2725 1001 1123 2142 3921 3533 2309 527 1704 452 4485 4299 1836 4377 720 1360 2733 4379 205 860 4322 1045 3402 2465 2454 4292 423 382 4616 1926 1532 2869 1329 159 121 657 352 3206 4705 1465 676 2583 4519 2294 2722 1653 53 1443 3876 2027 3608 1670 2149 1702 2792 1745 2211 3833 2172 177 4828 1809 1020 2055 4689 209 2099 634 2383 3900 3274 4675 2174 2742 4286 3814 3195 3394 1790 520 3950 2754 2059 497 2935 560 3290 3569 696 3707 3247 4153 2144 668
4769 2083 1628 1796 2428 4990 2379 767 441 241 435 4304 4503 2591 2114 3186 4421 222 4445 2013 1603 303 3816 3660 1134 3416 232 899 1094 524 2573 4571 447 4681 764 2669 3127 4779 1217 2269 3827 4980 4767 310 838 1898 872 4116 980 58 4483 3852 1443 4486 3492 3749 4213 106 3858 1174 2409 4884 2850 1402 1544 523 413 4474 2820 4883 850 3884 255 3830 993 308 1190 4865 1415 3152 2347 2996 2340 2494 223 4020 1612 156 4463 2381 90 1419 3333 1802 2899 2275 3801 2422 3578 3432
3355 3254 2298 1418 2126 529 1562 261 3856 1051 485 4416 2854 3332 1909 4980 4749 2622 4378 330 1688 1077 3837 4678 2246 4279 4730 1272 682 3326 2313 3590 3421 2802 2163 1401 2675 1382 2316 146 2781 812 4774 4756 1923 2501 370 3482 1573 3011 2302 4699 3876 3492 2613 2596 4140 4902 3782 494 4358 1242 2227 3282 4511 898 839 3479 472 600 4022 4174 2067 3855 2847 2462 1778 4570 3562 2569 3076 4643 2678 1449 4121 3092 257 410 1972 3764 3635 4207 4905 572 4852 2928 1416 4783 121 966
322 541 1860 1537 1809 3454 1578 4280 436 1358 1904 3532 3933 1799 2487 294 1978 3808 1508 1110 3240 2515 1318 3634 1275 4865 3861 502 3759 4665 3924 4635 4336 1359 4119 2902 1708 242 243 33 4738 68 934 781 2497 2477 4158 4964 1715 3294 4277 3380 2027 3749 2596 4995 2152 480 371 4944 3545 977 3389 2475 4744 567 2367 4764 2746 1570 3932 88 704 1958 86 4599 4835 4159 654 2439 2571 2771 676 3614 3170 98 666 3981 1121 4396 4576 2690 1981 3154 865 4745 531 3471 2656 4237
442 4368 4993 1678 1916 4397 2815 734 1590 2173 4308 4636 3703 4358 3241 3408 3982 4942 43 1842 1658 2467 70 3410 2484 2286 4321 1973 1243 4815 4225 402 303 3170 151 1684 2859 4922 2404 1545 3494 3573 3105 1765 4115 2619 2196 314 2357 2900 987 4575 3608 4213 4140 2152 3243 4362 2471 4784 3554 3154 282 3625 4110 2000 4225 3359 3583 1526 110 1719 4828 2825 1864 1973 2528 930 1972 4371 3289 3098 4823 4010 1205 2412 4248 3407 895 551 3506 3888 1834 3014 3583 618 2943 2104 528 3072
2857 657 2820 1331 2411 4292 2475 2828 4984 1373 4669 1091 3616 4996 4152 4414 4200 907 3910 145 1418 806 57 192 2735 885 2673 405 631 1460 4877 3673 4083 1155 4319 2983 1224 719 2545 2578 553 1052 1561 625 3065 2626 2818 196 4992 1063 1738 4327 1670 106 4902 480 4362 995 4345 2253 1225 1048 2058 1923 3611 2856 3130 4182 4389 3028 4527 1157 2408 63 4067 847 1110 2765 20 404 4746 1304 3674 3345 2135 419 3387 4962 2596 2911 3226 2664 3302 714 2697 4655 3735 727 724 2135
971 1066 4060 729 4337 3959 4137 3353 3100 327 2050 274 1480 2747 731 3381 3980 1345 2100 729 3072 698 3904 975 2643 348 70 1804 2813 741 3422 4190 369 4016 3081 3048 4201 4710 1361 1087 3740 1546 4541 836 4999 4463 1324 3058 530 2950 1006 3856 2149 3858 3782 371 2471 4345 3451 2331 2865 2239 462 2624 2221 2398 2315 4382 3896 4213 3355 4252 4897 4410 4891 2235 1633 160 937 4814 81 4616 955 2441 1401 3132 3303 128 2923 4861 281 3076 2221 623 3249 545 419 4556 1736 1480
4437 538 2991 3625 1412 198 3651 757 4918 873 993 4253 2938 2846 1605 2271 4844 751 4446 1384 4273 3442 4984 4734 4370 3216 3879 4351 2044 3968 1729 3630 75 1643 3045 4139 1387 3626 3694 4589 4310 3884 2830 2931 3891 1703 1863 3502 3784 4341 3285 1176 1702 1174 494 4944 4784 2253 2331 1142 4136 3784 4158 1072 2833 4529 1899 1430 1380 3498 3894 3959 4246 2150 3198 4109 4027 2050 4807 3393 2547 1034 4269 78 3788 2118 105 1636 1398 4844 488 4640 4589 2823 532 4672 2622 1778 2924 1458
321 3843 685 923 4824 2544 1142 2645 2605 4055 374 3052 4152 532 4948 3010 4677 1238 3914 1521 605 2757 2501 410 2969 1048 2123 1644 4698 2286 2850 4858 3249 764 3317 2112 695 535 3996 3189 984 1472 3452 1360 4093 4675 722 3104 4130 1234 2415 1845 2792 2409 4358 3545 3554 1225 2865 4136 4214 4202 1556 4574 1509 807 2860 4145 198 4643 3659 3098 4378 134 632 3074 2053 3315 3417 3083 1761 2944 991 3879 1353 861 4058 1956 1655 703 3224 967 3515 4894 4045 1744 3961 2722 310 4949
2030 2709 1134 2358 1466 2888 1341 2085 2771 4323 744 1220 1396 4729 1717 38 2553 2690 92 4475 342 1639 1396 4681 2988 2310 853 4060 1572 1405 165 2356 2522 4495 2013 3665 1162 1440 2052 4169 3515 4406 4378 1143 4056 3773 723 3619 799 2603 3747 4288 1745 4884 1242 977 3154 1048 2239 3784 4202 681 2874 1800 153 4344 3904 813 471 967 2690 3801 617 4736 3017 3543 1952 4716 3736 4731 3044 3084 2652 447 1704 3983 1707 1142 2386 1851 4919 3088 1409 4219 3518 164 3156 1377 2555 1511
4600 2741 2613 2711 3476 1423 252 1854 4508 2412 3963 1764 4786 516 675 4581 1138 3338 543 2990 3944 314 1974 1637 4890 839 1989 1495 204 819 2985 1963 4107 2359 985 3885 64 3399 4415 3188 3052 857 4431 183 856 2165 222 4372 756 1523 2924 885 2211 2850 2227 3389 282 2058 462 4158 1556 2874 4762 2357 4007 1884 2369 1096 426 1565 741 2422 2285 4078 4301 3440 2551 1596 1391 4403 402 2596 2757 654 1693 175 3999 3888 295 4438 2223 2633 2290 3641 4267 809 3886 4405 365 1116
3718 3733 1995 792 1864 1499 2456 4255 2405 504 1882 4816 4895 4676 1684 4505 2772 4679 800 2942 3786 3753 105 3092 1259 1996 879 3503 2126 3409 2207 4043 2723 106 3114 2164 2118 2155 506 1953 3656 4917 713 3429 2081 66 4577 2913 2020 663 590 4047 3833 1402 3282 2475 3625 1923 2624 1072 4574 1800 2357 4296 4043 479 897 315 4017 1782 4313 612 2171 4530 2690 1457 1877 507 3279 1228 2831 2908 159 3257 2204 126 4682 3884 4307 3968 3027 1642 1516 4994 4882 4689 1848 2484 2020 1996
1959 2299 1239 4074 1233 4353 4264 1376 1594 1563 3976 866 2283 1292 4722 3739 697 4491 1126 3347 3459 268 717 4025 4855 3794 1217 4813 3801 418 264 178 3428 1424 3587 88 1911 3870 138 3219 4208 228 1299 412 412 1836 3488 1089 675 4469 3248 502 2172 1544 4511 4744 4110 3611 2221 2833 1509 153 4007 4043 2663 2205 3926 2974 4741 2486 4684 2548 3160 2214 4202 1353 4491 3447 4642 1769 141 4366 4565 2892 2682 4271 2985 3247 3420 205 886 2805 2781 1652 4511 1919 2913 3602 3977 4741
3518 3681 3023 4500 1554 1642 1393 4936 1604 2358 3372 4747 4969 4963 1094 2379 2931 934 4663 4675 1595 848 1348 1474 1302 4333 366 3357 4278 2754 2896 821 821 4241 165 4113 4828 1083 4122 3250 2698 2141 822 4178 1071 226 2679 1595 2414 2128 4425 2291 177 523 898 567 2000 2856 2398 4529 807 4344 1884 479 2205 4579 3854 3532 3461 406 2199 509 3668 4168 4321 4238 2577 2508 773 1312 3947 2981 1513 1308 3854 3417 280 1521 4179 1111 2354 3501 1973 984 4436 4144 312 4662 2595 3891
147 2744 1411 4050 4522 3739 2593 2093 135 1231 2137 3598 3902 3382 1151 3129 3252 49 1348 322 1354 1038 2174 4233 4977 3777 2043 3597 31 4966 635 4101 4040 1980 246 4632 1920 1399 1030 1525 1879 4035 1281 747 2431 1979 812 4446 3817 2207 3554 1665 4828 413 839 2367 4225 3130 2315 1899 2860 3904 2369 897 3926 3854 2032 523 65 3695 1278 784 3878 3076 2627 198 2133 2839 4273 1024 3207 4829 4390 1787 2931 586 2626 2830 653 1512 596 1683 4168 1941 4199 4409 2787 467 3091 2428
1270 4929 3889 279 2805 556 3561 152 85 4945 545 3896 4916 1539 2746 3705 3472 1050 2823 4473 1214 4265 1446 808 3083 3491 4523 3597 3373 3562 4428 4656 320 3566 3086 2019 500 775 462 1859 993 1381 657 1722 1018 2087 434 3878 1771 3942 4181 4483 1809 4474 3479 4764 3359 4182 4382 1430 4145 813 1096 315 2974 3532 523 404 3148 2808 3133 1149 320 2217 637 1216 718 2179 3854 4844 1511 4771 4946 2764 3537 3034 3389 3822 4405 3966 2198 2229 4959 4380 4931 3122 1043 1160 4578 3947
4787 1596 4549 4016 216 3524 4230 773 1864 4414 4144 4924 2862 1646 827 950 593 1848 3516 4840 4649 2165 2464 3101 4608 690 4494 165 1328 3097 2069 3504 725 4531 4848 1777 2195 3733 577 3760 2736 4725 851 1420 4559 2697 2691 2280 3394 3474 844 4869 1020 2820 472 2746 3583 4389 3896 1380 198 471 426 4017 4741 3461 65 3148 4280 2775 575 863 3301 3718 1065 2739 4142 568 3359 2689 2904 2022 943 3367 4019 568 4396 351 4035 2167 4872 3128 1281 4060 3943 1673 2267 3395 1091 4854
2260 2914 2356 1915 2952 1066 2394 2807 2588 3081 3571 3399 3670 550 2943 4587 834 3702 1821 2189 4075 4904 164 2902 3514 72 1048 1093 1251 2310 4028 1695 1091 948 2968 637 4248 1814 1227 2651 3261 3076 4438 4170 933 3979 180 205 4562 859 3751 4038 2055 4883 600 1570 1526 3028 4213 3498 4643 967 1565 1782 2486 406 3695 2808 2775 701 2810 795 4825 3505 4796 2115 3417 3138 4646 2874 2902 3265 3502 586 3156 2059 2681 2584 395 2908 4464 1112 3065 3885 4554 3197 3663 3423 2301 3349
2818 2700 1375 2072 1671 4481 4123 3239 615 3416 1801 550 2276 675 3993 2314 4226 2531 2720 1846 1565 2074 2982 1497 3851 2459 3148 2609 1334 3592 4166 2967 4987 367 2390 2854 1147 2012 42 1211 3801 3907 1142 1344 2057 179 2602 1706 1442 3547 2793 4560 4689 850 4022 3932 110 4527 3355 3894 3659 2690 741 4313 4684 2199 1278 3133 575 2810 3485 2374 4183 3796 4090 1863 3212 447 2628 701 4796 253 2720 2337 3022 3925 958 920 2047 1614 4708 1507 4403 2622 2655 3404 4108 4745 1825 2601
2678 4098 4071 1497 1074 4191 975 2761 3779 4230 409 1103 3519 3392 2287 2014 2193 2656 1511 4871 1619 4468 2833 3366 1879 3898 1922 1338 2424 2535 4223 2219 2578 3632 4128 3665 426 2100 4432 849 2147 1756 3340 4004 2372 2892 618 3295 2498 3974 4251 1888 209 3884 4174 88 1719 1157 4252 3959 3098 3801 2422 612 2548 509 784 1149 863 795 2374 2364 2575 2237 3379 1793 2293 4540 1155 1549 3966 1406 1270 2936 2691 1621 66 3988 3851 1531 3079 394 1118 2655 1460 232 1397 1762 1545 4123
549 4867 3967 4583 3212 1294 177 3132 4906 2319 1024 4448 1825 3745 2347 2227 1683 3653 2168 4855 2780 953 4225 1470 4964 2235 1132 3925 1421 4552 4854 3120 1517 1329 1624 3531 2106 4479 4580 1001 380 190 2892 4340 1937 418 2272 2928 4434 4547 2767 4243 2099 255 2067 704 4828 2408 4897 4246 4378 617 2285 2171 3160 3668 3878 320 3301 4825 4183 2575 198 2019 2917 355 1630 2491 1987 1089 2565 880 2987 1342 4309 2271 1241 4975 4286 2542 1736 3273 4258 695 3091 1648 3254 2752 1120 2933
2602 4789 4746 2390 2641 3436 2889 4635 1072 1809 845 1302 2718 1705 19 3148 4811 2565 1941 3388 3278 4161 4319 4101 3554 2795 2934 545 4112 4279 2822 827 987 793 1728 370 2957 1293 3896 2905 4487 1311 4276 3559 817 3484 1502 4044 3781 3340 3550 3868 634 3830 3855 1958 2825 63 4410 2150 134 4736 4078 4530 2214 4168 3076 2217 3718 3505 3796 2237 2019 4095 2654 3604 3239 3810 2368 1449 2920 1040 3927 4982 1686 4395 4685 3052 712 892 3297 248 3354 477 4333 3943 3351 4101 190 2980
2491 3279 4482 1054 731 487 4000 3842 188 1556 4950 2920 1802 2410 2801 2489 335 3600 1869 1201 4856 736 4384 1397 1140 1777 1344 4583 2588 2699 4875 1345 2050 3125 2537 214 4864 1564 2526 1111 4664 924 3954 2749 4105 1996 3391 1420 2273 3348 2680 4508 2383 993 2847 86 1864 4067 4891 3198 632 3017 4301 2690 4202 4321 2627 637 1065 4796 4090 3379 2917 2654 4484 1013 4235 3504 1393 2812 1286 4606 1081 4552 4467 794 4696 2000 850 3938 2089 4392 2739 3916 4072 2211 2418 2411 3779 1139
3069 2034 1528 3996 31 4695 4182 2587 3077 3460 1970 4500 1229 39 2911 990 2121 2300 1259 3366 2886 3659 1755 3940 1098 596 3378 3505 2907 3503 4638 3183 387 60 3864 1407 4791 1080 1141 2896 4163 4190 4339 1058 4563 3121 4877 3027 375 606 4865 1861 3900 308 2462 4599 1973 847 2235 4109 3074 3543 3440 1457 1353 4238 198 1216 2739 2115 1863 1793 355 3604 1013 1581 1011 4392 3912 1933 4053 473 3681 3252 3465 35 956 4880 232 1866 2092 1264 473 4659 2076 959 998 3414 2660 2084
1225 2143 2548 2564 2378 313 3418 4006 2823 1880 3761 4938 3925 324 1499 4338 390 2787 1192 4837 1448 2338 3620 4852 4978 930 2937 1599 4000 779 4662 346 984 1963 1753 1832 2050 3511 602 4927 2867 3337 399 4676 3295 4841 4886 4450 3250 4466 759 2303 3274 1190 1778 4835 2528 1110 1633 4027 2053 1952 2551 1877 4491 2577 2133 718 4142 3417 3212 2293 1630 3239 4235 1011 721 4920 4012 2244 598 3552 3032 1978 4063 1159 4126 3387 287 3518 3737 3353 3088 2671 1777 4362 3924 152 3176 753
4285 981 3601 3983 2028 4827 1538 109 4328 2952 82 1567 3786 4556 3042 4424 2300 3701 1234 4448 802 2593 1398 2833 1894 4060 2465 1594 1831 536 4379 4315 2127 1674 672 3214 4958 3505 4698 2185 4597 804 3874 807 1304 4748 1602 4039 1191 4466 4445 4499 4675 4865 4570 4159 930 2765 160 2050 3315 4716 1596 507 3447 2508 2839 2179 568 3138 447 4540 2491 3810 3504 4392 4920 406 4583 1368 1336 2792 2795 877 1234 1934 4228 1770 3042 1424 3668 1466 837 597 2079 423 3941 4497 2433 1513
277 4999 72 4557 401 3328 2134 3103 4919 3137 1639 4089 4009 3401 2228 2107 3044 4650 1893 529 4279 3138 2870 4795 1167 3232 2071 2314 3648 17 2371 4046 3415 2239 2742 3260 2500 2922 625 3502 2452 1985 3069 271 138 3423 2511 3883 3533 4322 2850 665 2174 1415 3562 654 1972 20 937 4807 3417 3736 1391 3279 4642 773 4273 3854 3359 4646 2628 1155 1987 2368 1393 3912 4012 4583 2335 1456 2418 2454 2947 16 143 4340 1642 1158 4822 587 2431 3374 2316 3081 3281 2299 1242 3913 1499 3225
1824 4498 4423 1151 1221 2881 1155 2886 2179 1236 4926 376 3238 3229 4420 1977 4104 2605 832 1911 2333 2606 2275 968 1909 3685 4470 3359 948 1698 4693 4111 2135 4277 910 2198 907 2895 3622 488 4444 1859 2043 515 2253 916 559 138 1156 2479 4144 1482 2742 3152 2569 2439 4371 404 4814 3393 3083 4731 4403 1228 1769 1312 1024 4844 2689 2874 701 1549 1089 1449 2812 1933 2244 1368 1456 4039 1393 3066 4388 4343 631 1779 450 3461 1496 4249 199 4717 3716 3731 655 1594 538 1205 1263 2910
2978 342 1902 2193 1986 2876 4105 4860 552 3827 4031 401 4477 212 3756 929 4031 3009 4408 257 3586 2986 1366 3886 960 97 1591 3815 2117 2779 1692 470 2428 2615 569 3686 2030 4627 1977 2773 1905 244 2155 2569 319 2576 2810 4137 1524 4356 1687 3945 4286 2347 3076 2571 3289 4746 81 2547 1761 3044 402 2831 141 3947 3207 1511 2904 2902 4796 3966 2565 2920 1286 4053 598 1336 2418 1393 3566 2855 1194 1404 464 2857 2898 2266 1939 2409 3047 1346 4843 2097 4737 1202 2571 4428 2872 4402
3475 1640 3771 4132 2016 472 4772 3951 3431 4428 3496 4302 3721 1049 752 4187 1646 1341 4642 3708 4156 1697 2900 4814 4322 69 4916 2575 3206 4357 1845 2926 3454 1736 312 75 2635 1956 2674 3939 2781 1095 2626 485 2212 3082 4064 1832 4840 214 53 142 3814 2996 4643 2771 3098 1304 4616 1034 2944 3084 2596 2908 4366 2981 4829 4771 2022 3265 253 1406 880 1040 4606 473 3552 2792 2454 3066 2855 477 419 4987 3828 1766 1216 2331 619 3009 3690 4263 1877 2109 3645 3378 4962 4046 2211 2439
