N: 100
M: 20
Symmetric: true
Triangle: false
6 70 11 2 31 85 53
7 3 94 91 80 64 66 43
4 26 55 92 83
3 45 61 47
3 93 62 9
4 38 33 87 76
8 49 72 82 22 34 19 20 59
4 99 74 56 12
6 6 65 90 13 42 25
4 75 29 36 84
7 67 69 89 27 60 50 21
5 98 100 78 7 30
8 54 4 97 18 24 57 41 71
3 63 16 23
4 81 88 52 46
6 10 17 28 44 73 48
4 1 58 40 14
2 96 51
4 8 39 37 86
8 95 35 15 5 79 32 68 77
4297 4332 2166 2251 473 1624 2642 4074 959 1457 1405 3477 3689 2948 3727 4114 2154 156 2487 4552 604 2397 4398 1210 230 3556 3521 1479 2531 4471 2934 2947 1257 2078 3532 747 1577 4270 3915 2104 4913 1140 1129 2851 1604 3724 2474 3959 4366 1976 969 4760 4773 4580 46 2738 1940 2578 984 2422 3186 1841 2493 3275 1176 397 3019 2661 66 3784 3327 2130 1403 2681 2820 2792 4158 1812 2616 185 4451 2418 2229 755 2358 199 3295 2655 3348 4197 3598 3315 3449 3508 4800 428 4382 164 2598 1651
4332 4383 4732 251 412 699 2667 4688 3434 3136 702 2027 3281 3147 1032 316 4043 2632 4976 3873 3544 67 2468 3377 103 1214 1557 3355 3525 2244 493 333 3661 3425 3969 4581 661 4446 474 2091 2877 1222 755 2285 1764 1617 940 4880 3247 1393 1591 4892 3230 1831 1650 4291 3138 2578 2384 4239 2659 1116 3078 4603 3117 4950 266 366 3873 1320 3379 2401 866 1841 647 3825 4336 3919 2594 3429 4623 4778 2311 2913 4352 3313 2050 378 1179 2330 2871 1708 405 4712 1397 4729 2999 611 1619 1801
2166 4732 4788 3946 2721 2054 2025 2301 1324 1335 1385 4888 47 4362 894 3401 2985 2993 390 2000 1177 2768 4647 381 1849 3564 267 1234 30 4736 1377 3076 1115 1083 4644 915 107 2255 3061 4191 3490 3176 2301 2002 2356 1829 1649 1132 3999 2027 586 1788 4205 4767 1063 273 3661 4984 2502 2861 2008 2639 2227 2781 2839 4209 2083 491 1802 3818 3802 4962 4228 2697 3461 2664 4211 4193 1213 4727 4490 2185 4492 3432 4638 2656 2628 1212 3524 2846 4470 2419 3013 1061 3476 803 1539 3641 3168 4540
2251 251 3946 2391 3049 4243 2130 4109 4598 561 2073 4270 1973 1095 89 1949 3460 4623 2382 3599 3539 1666 1020 2703 4396 983 383 4225 1439 2907 4631 3374 3262 2496 488 3245 1906 3087 3039 4180 723 4753 1028 3768 3104 1499 748 2341 3748 2842 1916 535 464 242 850 1545 1097 3190 140 132 3033 4142 369 1842 457 2981 855 1456 162 564 2433 2818 4985 621 2628 608 1631 1152 703 2593 1021 1136 4430 2382 4464 997 2741 3264 3227 2439 1424 1317 2891 1945 4009 1365 364 2597 4532 2291
473 412 2721 3049 1461 1868 1181 2011 4162 4334 3771 432 2714 3185 3924 4355 4853 107 3868 1757 4968 3598 3538 218 3512 850 3817 4298 4477 4612 695 2457 729 866 56 4793 4340 1436 3706 4029 2406 3114 1062 4021 4270 373 1965 887 580 43 2930 277 183 3251 3452 583 3088 4012 986 826 2188 2916 1846 4343 660 2318 110 4063 2049 307 2562 4517 285 2971 2370 3945 2306 4770 2095 553 1975 4660 3845 3224 1533 1765 2233 4449 3188 4800 2749 497 3636 4469 629 3905 2740 813 1677 1043
1624 699 2054 4243 1868 1209 1537 1504 299 433 4034 4962 1064 1286 2241 1433 524 3000 1710 3325 2347 1299 23 2162 1843 2917 12 842 3125 4997 2547 1864 2302 2920 4399 4997 4197 792 3767 2000 4078 3544 3675 4640 4003 3733 3051 3459 4565 1176 3985 2097 2681 3683 1022 4100 1731 2856 1773 1135 1909 2003 4019 2412 268 3072 18 320 1458 1591 3806 142 1210 193 3402 1456 1143 2514 1654 456 1564 3927 2809 1683 3529 2826 4939 4497 3436 3017 2531 1515 4414 4588 2751 1017 1819 346 3043 1283
2642 2667 2025 2130 1181 1537 30 2786 2685 4870 2962 586 1543 3901 2426 2927 1944 4318 3117 1036 3230 1212 2087 4127 2719 3174 927 496 1988 268 1839 4606 3226 3277 3714 1198 2456 4447 2486 3486 3038 2282 3643 1194 618 42 4099 39 2677 4637 1947 332 3519 3508 2466 3019 4572 4473 4617 2226 4966 4191 2441 4512 3658 3886 4706 3742 1511 3410 312 675 1714 1357 3668 2183 1281 3580 4490 4174 2866 4023 2950 1827 4686 4612 67 1322 4800 636 2205 2238 1488 4162 4734 295 1836 583 4231 825
4074 4688 2301 4109 2011 1504 2786 2398 4164 3613 3767 1900 2114 1698 2516 604 4477 1040 2991 4304 595 2019 1156 1300 504 1529 35 1034 3784 3738 3030 2136 3252 1741 3920 2038 3862 1852 2444 3317 3126 618 1446 654 1149 1967 3359 1566 219 1264 1211 322 824 1381 2952 2503 2555 2827 2543 2935 3349 1073 1554 2151 4019 833 689 2500 601 3167 1026 1932 4103 2762 4532 1813 2122 958 523 2061 4548 1711 4813 1436 2292 3548 1610 877 4547 2112 1211 2599 2623 1263 3513 1344 832 1399 3410 2258
959 3434 1324 4598 4162 299 2685 4164 1778 881 104 3482 4912 4603 1868 4710 3657 733 1256 1361 4184 2480 2522 3635 2488 2619 3555 4197 3602 1806 1259 4973 1531 2715 4419 4912 4083 1698 4193 924 326 2738 4087 3540 2439 1715 2250 4093 1311 1991 3465 4239 1465 219 4372 3673 3344 1047 3455 1510 451 3408 1602 4737 2541 2889 627 1637 3323 1779 3270 2376 112 681 2961 4187 2388 2589 3906 4127 4567 1553 3202 2257 4203 3898 2593 1228 4871 1765 1371 1367 88 3688 4732 1573 4989 4264 2406 3096
1457 3136 1335 561 4334 433 4870 3613 881 74 20 2630 1395 4950 1165 3838 1775 2437 231 229 4051 4675 2670 4819 4337 4105 3999 139 4934 2900 3119 2841 3089 401 1097 3923 4737 2772 1068 2962 1571 838 4545 746 4510 3142 4688 4701 3508 2302 502 943 4824 2338 1256 1405 4589 1642 2351 1471 2854 1797 621 3730 4458 3287 47 2858 3796 916 1554 837 1597 1619 980 606 3288 1622 708 4693 4704 747 3014 1249 2574 995 4379 1156 1934 1279 402 2643 3522 1005 3526 231 229 4658 4753 2151
1405 702 1385 2073 3771 4034 2962 3767 104 20 1911 4288 1570 4933 2475 982 3604 4795 3678 1367 2832 1943 4896 755 441 182 2828 4238 1849 2775 1422 4768 2336 4787 1561 3151 2724 2673 953 2332 1895 3242 4134 4956 1380 26 1241 399 4859 1690 2684 2040 2798 3539 3585 3687 1631 4777 3309 456 1074 691 2953 3933 4874 149 4006 4341 762 773 1589 4182 4464 3732 2366 4817 1078 1085 3050 4892 2685 216 150 3153 1642 4758 298 1650 410 4567 4315 1333 2093 1222 2086 3659 873 4363 3076 3054
3477 2027 4888 4270 432 4962 586 1900 3482 2630 4288 1814 2283 3299 4383 3923 683 219 2055 2534 3576 4585 180 751 2530 1396 4520 3619 1483 2499 1333 3959 773 4086 220 3869 4292 2809 1902 1737 587 1116 1719 679 3274 640 2212 2270 4449 2122 3462 805 2977 466 3991 2372 2058 4176 4808 4491 725 3562 4788 714 694 4246 4910 3805 203 3403 1236 4189 2070 380 2955 559 1114 807 1696 4417 3059 3859 1754 3761 1774 3873 2806 1266 4000 148 1452 4583 4162 4760 4078 901 187 2493 1241 1463
3689 3281 47 1973 2714 1064 1543 2114 4912 1395 1570 2283 3936 789 3513 4659 4634 1607 23 1668 3152 875 3798 2929 544 1962 656 3495 3161 4348 2139 4503 3536 4265 4258 3356 3017 2056 1235 2786 3963 4989 630 4757 4662 4389 3206 3898 512 1894 1237 3212 2328 1250 4721 3063 4802 2036 4597 3999 761 4991 3110 4171 3375 1052 191 3454 2046 4709 1980 2098 2530 4481 1084 1937 4604 1490 2627 882 118 1123 3354 3241 1482 2151 802 1858 4008 963 3217 1472 1062 2923 3958 1404 50 1869 2550 2361
2948 3147 4362 1095 3185 1286 3901 1698 4603 4950 4933 3299 789 885 4529 2928 3524 651 4682 3576 114 2745 2886 637 201 198 1816 2043 239 1804 1456 4714 2346 3323 2665 2756 4647 3238 4526 4811 1494 2584 3091 222 1575 3831 260 1185 311 2436 2103 4467 4680 3398 3791 4818 692 216 759 4341 3120 836 3775 3825 1411 4692 3598 4581 620 2502 3303 87 568 3715 2525 3533 3561 1908 4465 2974 3697 3380 849 2653 1308 1236 3670 1043 4269 1651 3027 713 985 47 468 1379 2028 1298 3913 3413
3727 1032 894 89 3924 2241 2426 2516 1868 1165 2475 4383 3513 4529 2827 2294 911 754 2644 3211 1098 3520 4644 192 2607 1795 3993 182 1337 3330 3899 582 186 1514 4276 1439 1729 3260 2879 579 4934 1838 4163 910 951 1022 399 2741 3745 2636 2877 1322 2968 3469 3969 4600 2298 3375 1886 1465 3056 4026 439 4512 4966 44 4247 2094 3053 2280 4840 337 697 4188 728 696 2242 667 2419 1673 3124 1266 1962 4067 4953 1904 2700 3019 4269 1335 2756 2800 2441 956 1138 2906 1451 4650 4275 2499
4114 316 3401 1949 4355 1433 2927 604 4710 3838 982 3923 4659 2928 2294 1605 3875 4680 4292 2548 4832 301 3008 4967 2207 802 2752 3123 2884 4086 1340 2652 4933 254 315 4733 1766 1510 2650 2030 3979 3023 2697 2784 2546 3855 1675 200 723 3475 2516 1500 807 1744 2843 356 3609 1176 2286 251 4729 681 554 4429 4316 3749 298 3894 1713 2763 4450 4641 2077 2421 4296 2386 3901 1833 1611 3745 2409 2104 1212 4030 2836 3002 1720 4078 3656 1691 2752 2544 3927 4913 2549 1701 2969 4548 2385 4510
2154 4043 2985 3460 4853 524 1944 4477 3657 1775 3604 683 4634 3524 911 3875 4506 1635 4889 319 2389 229 3783 2207 2680 4865 1364 2117 3962 403 1388 998 194 651 3454 3549 4594 85 2652 2271 4689 2845 828 1692 1341 1689 2025 924 3800 2232 1142 4201 1041 2476 2044 4125 4528 1779 2006 2257 4862 4602 2624 2879 4143 3372 3200 1903 1385 815 4535 3923 922 863 201 3925 4397 3536 2774 4673 496 1449 3796 1413 2099 1070 2220 2221 405 2125 4121 3145 3460 1732 4654 1257 1800 373 4669 3803
156 2632 2993 4623 107 3000 4318 1040 733 2437 4795 219 1607 651 754 4680 1635 4641 1060 1574 43 3861 2950 1922 3190 1108 3241 1863 2691 1140 2576 776 3437 4762 3980 730 1792 4254 1915 2762 1559 1339 1157 1982 2669 1574 2611 2992 4650 1446 756 2393 543 2907 3819 1627 3830 4292 1606 1707 3555 3241 2352 4938 1012 4468 973 3481 4370 3166 427 808 161 2673 1337 1647 555 2808 3677 1910 4692 4705 3396 3355 1103 1939 1185 1483 4821 3136 2659 491 4034 1692 2690 704 1822 837 1141 1258
2487 4976 390 2382 3868 1710 3117 2991 1256 231 3678 2055 23 4682 2644 4292 4889 1060 808 3502 4640 1352 1319 636 1975 2923 3517 26 1731 1256 382 1432 1928 2004 2608 2675 4038 1113 4460 4989 2783 3539 2926 3580 2001 2883 4543 930 1012 3622 3687 3961 4490 837 2415 3266 498 3593 3892 2232 4464 2305 3268 1270 3317 4354 497 821 4886 47 2783 3946 2075 1655 1555 1858 4032 4760 780 877 835 2147 165 4409 612 3791 3665 2548 1892 1401 4345 539 461 793 1880 1288 2035 715 2783 3220
4552 3873 2000 3599 1757 3325 1036 4304 1361 229 1367 2534 1668 3576 3211 2548 319 1574 3502 853 3627 655 3825 1957 2837 2149 119 1633 1510 4818 4006 4805 1221 4165 2580 3482 4519 3253 4566 3874 4607 3596 2893 2790 1854 2765 1801 3043 4091 4873 2271 1397 120 412 1693 1554 2741 2546 3355 477 275 774 248 310 2440 2520 3386 642 2890 4528 4954 4376 2956 1324 3268 3500 2366 1649 4834 120 1680 2468 3544 655 1590 4053 1752 3626 1495 825 991 3957 4068 1750 3289 1651 4342 4758 2046 4363
604 3544 1177 3539 4968 2347 3230 595 4184 4051 2832 3576 3152 114 1098 4832 2389 43 4640 3627 4731 4303 3159 4590 2598 2021 138 2306 586 2704 2625 4226 2716 3728 332 230 1044 1803 1173 4643 1444 2940 4727 453 1441 735 4197 4677 3137 4132 1057 3001 2416 3192 3915 468 1719 3243 4473 4770 2854 757 99 4092 4881 4336 786 4345 3890 4126 3056 2847 1101 2428 4717 859 2405 1719 2711 2837 2356 4433 4820 2834 4571 1999 3821 4999 4977 2625 4140 3295 1384 437 3031 3531 2262 4350 3993 973
2397 67 2768 1666 3598 1299 1212 2019 2480 4675 1943 4585 875 2745 3520 301 229 3861 1352 655 4303 4702 3755 3281 990 2361 3188 4221 2581 1206 1413 3129 2602 2367 3941 1455 4646 3893 4784 1774 1209 2640 3260 2161 3897 1555 281 820 4525 4139 2103 4681 3873 2740 3883 754 2221 1309 94 4414 1912 2258 3562 124 3123 4825 2339 2593 1362 1525 4490 4029 3732 2342 1955 4583 1887 833 336 714 3941 3662 628 2371 563 2384 1057 409 703 2221 444 2467 2730 4438 2782 2675 1968 435 3423 1902
4398 2468 4647 1020 3538 23 2087 1156 2522 2670 4896 180 3798 2886 4644 3008 3783 2950 1319 3825 3159 3755 987 2531 3653 884 4883 4479 2681 2093 2592 2908 835 852 2467 2542 640 4471 1665 372 3813 4061 2954 1176 550 2729 466 3806 1209 850 1881 3453 3668 3307 2902 4890 4201 3912 1399 1402 3273 4230 4596 3924 2529 2018 2060 167 2199 2489 4323 1956 4632 3799 2058 2475 3882 1880 4557 2129 506 63 2452 4775 1654 4543 3448 125 1027 2409 3941 3717 2521 3341 2520 3152 634 1913 542 4766
1210 3377 381 2703 218 2162 4127 1300 3635 4819 755 751 2929 637 192 4967 2207 1922 636 1957 4590 3281 2531 1285 479 2375 2238 1906 4267 1790 3998 1066 4486 4451 614 3709 1008 800 111 682 2456 988 3179 3073 1401 1684 3273 3885 535 4999 2806 214 480 3149 2460 4470 4645 2427 1085 605 1853 4128 436 3229 1595 2551 114 10 4919 1450 2213 1129 4356 4180 1227 2285 2936 224 4078 3609 495 1111 574 2240 3550 3674 674 3157 2132 1391 2265 1963 1776 1986 2321 2316 2076 3555 3585 1850
230 103 1849 4396 3512 1843 2719 504 2488 4337 441 2530 544 201 2607 2207 2680 3190 1975 2837 2598 990 3653 479 933 2649 4667 1665 2454 3328 1013 2476 4370 4142 4360 2313 4436 985 1977 3258 1831 1427 1070 2871 2037 3554 4661 1350 3016 2956 2547 3122 3785 517 278 3708 530 607 1583 336 2296 641 60 878 3504 3261 3933 2181 2353 2522 3675 1660 181 2340 1663 856 3030 3345 4169 4142 3727 3965 615 3502 4045 1350 3454 3806 4347 4977 1180 4200 3334 4254 3192 1891 1163 4002 3244 1936
3556 1214 3564 983 850 2917 3174 1529 2619 4105 182 1396 1962 198 1795 802 4865 1108 2923 2149 2021 2361 884 2375 2649 103 1381 4454 2724 3709 2060 432 3668 619 80 4020 2461 4408 2007 1596 850 1580 1792 1662 1336 1976 4383 3599 4240 1948 3385 2448 3973 3041 3039 4126 960 43 3088 173 1129 4239 139 640 3995 2541 3682 4446 3436 2928 4634 1096 2076 448 353 1682 2340 1829 4162 3575 1073 2874 1907 286 3066 4534 91 2804 219 4355 967 2689 1054 2189 130 3134 3785 85 3814 3429
3521 1557 267 383 3817 12 927 35 3555 3999 2828 4520 656 1816 3993 2752 1364 3241 3517 119 138 3188 4883 2238 4667 1381 273 3110 1217 4504 125 1255 1214 1366 1810 3304 2722 4352 4837 523 4927 3511 2976 3828 4297 1958 440 2578 722 1930 2435 2953 2418 3080 2072 1384 2232 930 822 934 2697 1230 2814 1935 3645 830 4188 844 3905 325 348 2235 4086 2668 1316 1647 510 3205 3903 742 2765 3355 3093 4142 4089 2270 1445 515 3778 1002 4992 2002 1151 210 2760 2955 512 1975 1647 3751
1479 3355 1234 4225 4298 842 496 1034 4197 139 4238 3619 3495 2043 182 3123 2117 1863 26 1633 2306 4221 4479 1906 1665 4454 3110 1110 3909 2548 3746 2594 644 1670 3999 4354 604 3195 3724 3730 3963 766 2822 4526 2522 1351 3420 2811 1951 3871 1915 86 2546 1244 2816 4493 498 2106 3876 4700 406 1722 4666 1716 2703 3233 2186 2643 110 1915 3095 1209 4791 735 4757 3661 1001 1972 4198 4920 502 905 153 1222 886 1539 3069 65 515 2515 1001 2889 2776 4613 1106 3206 1268 4245 1328 2926
2531 3525 30 1439 4477 3125 1988 3784 3602 4934 1849 1483 3161 239 1337 2884 3962 2691 1731 1510 586 2581 2681 4267 2454 2724 1217 3909 3696 4668 1780 859 2071 2464 168 1569 1044 829 842 1638 3287 2445 357 4183 2016 360 2795 2142 2555 4732 2321 2123 1480 390 847 1265 3793 4452 1187 1942 2495 2140 3842 2076 1071 3850 2481 4937 2507 3143 283 4574 1964 3843 3783 4509 1913 952 2300 3997 1700 653 1770 3631 1861 4368 2237 2829 1350 1488 2366 269 505 2266 2638 991 4266 4401 1870 2259
4471 2244 4736 2907 4612 4997 268 3738 1806 2900 2775 2499 4348 1804 3330 4086 403 1140 1256 4818 2704 1206 2093 1790 3328 3709 4504 2548 4668 3456 3702 4645 2107 51 3440 2267 276 1234 3489 4237 4013 2874 875 262 2447 2983 3747 1944 1896 1244 846 32 1490 3974 2541 932 2620 2177 1413 2373 4745 3337 1270 976 3852 2666 4017 4507 246 1990 303 3130 3678 1940 360 336 2616 636 3070 3268 4829 3497 4774 2391 3219 2990 876 139 1583 2258 2467 4313 3676 2938 3615 703 1520 2705 1813 3553
2934 493 1377 4631 695 2547 1839 3030 1259 3119 1422 1333 2139 1456 3899 1340 1388 2576 382 4006 2625 1413 2592 3998 1013 2060 125 3746 1780 3702 3741 627 1308 1913 3726 4371 2798 162 872 2768 4559 312 3425 3923 2708 4560 458 2939 2287 3143 4632 954 4672 3675 3344 4402 3869 3064 4524 2831 4535 399 3587 1004 4188 3281 3600 2944 1957 4245 2801 1343 720 558 718 2526 1135 935 2459 4847 4627 4650 2629 3201 1669 3881 3260 4449 1640 68 3149 1604 3469 3121 3278 4308 4775 946 4825 4487
2947 333 3076 3374 2457 1864 4606 2136 4973 2841 4768 3959 4503 4714 582 2652 998 776 1432 4805 4226 3129 2908 1066 2476 432 1255 2594 859 4645 627 3898 585 2294 3884 668 2516 3822 1197 1413 4328 700 4092 3570 1240 3742 3142 4700 485 599 716 1951 2170 749 1799 2803 2739 3453 680 3829 1504 3197 4371 3013 4456 3950 4361 506 1092 3906 2624 4321 3660 4808 157 4233 4316 3385 1014 3776 3098 3409 548 3597 749 388 4120 4760 1677 4950 2172 3830 1799 352 2592 479 4267 2050 4669 919
1257 3661 1115 3262 729 2302 3226 3252 1531 3089 2336 773 3536 2346 186 4933 194 3437 1928 1221 2716 2602 835 4486 4370 3668 1214 644 2071 2107 1308 585 4454 3132 4821 3797 4857 2010 2563 1230 56 1908 1700 4008 4273 4386 936 3826 1143 4677 4009 1408 2230 1764 734 1132 1784 993 3915 1790 513 3299 4292 137 2696 1285 419 184 2377 1487 2777 4637 1508 4065 3595 1094 1972 1365 2566 1390 969 367 3757 698 1066 3318 432 2436 4965 2837 4364 3528 2946 62 3755 3725 39 2983 2187 746
2078 3425 1083 2496 866 2920 3277 1741 2715 401 4787 4086 4265 3323 1514 254 651 4762 2004 4165 3728 2367 852 4451 4142 619 1366 1670 2464 51 1913 2294 3132 4455 4526 4552 1870 2580 2053 2332 907 165 1549 2043 2286 2373 723 1946 945 4643 4463 3557 3776 4003 2154 1516 4777 1347 1057 245 2527 3133 4325 4837 1928 379 3483 3376 915 4889 734 1804 22 3372 3812 4631 4642 2468 4646 782 4001 4973 3478 3174 3264 1035 4224 3014 4892 1483 4662 4771 1699 4634 3034 3870 518 4162 1553 1018
3532 3969 4644 488 56 4399 3714 3920 4419 1097 1561 220 4258 2665 4276 315 3454 3980 2608 2580 332 3941 2467 614 4360 80 1810 3999 168 3440 3726 3884 4821 4526 1892 2699 2817 547 263 2314 1568 1410 151 3471 3024 3362 2690 3286 4753 3221 4173 2223 4296 1155 1094 2276 395 2148 1045 4431 2018 3914 3362 4283 3212 2280 1249 4071 1341 626 1408 4628 3771 4870 69 3462 166 1766 2483 2008 3954 4437 1941 3660 503 1275 327 2749 1287 747 2574 14 1853 4898 3328 1674 3264 3259 75 2536
747 4581 915 3245 4793 4997 1198 2038 4912 3923 3151 3869 3356 2756 1439 4733 3549 730 2675 3482 230 1455 2542 3709 2313 4020 3304 4354 1569 2267 4371 668 3797 4552 2699 1104 863 1487 3811 171 3957 3901 1776 1339 4938 1114 2136 3363 2916 1261 3534 2137 1435 3098 2366 4176 2806 121 4141 4800 2225 3672 2280 4174 2521 993 2731 2410 3124 4649 4130 2457 3562 4257 4913 861 4777 197 964 1453 4035 519 3602 2992 2118 4920 3358 3407 770 1682 2552 3255 1044 4713 3416 4634 4619 4874 924 297
1577 661 107 1906 4340 4197 2456 3862 4083 4737 2724 4292 3017 4647 1729 1766 4594 1792 4038 4519 1044 4646 640 1008 4436 2461 2722 604 1044 276 2798 2516 4857 1870 2817 863 3933 355 615 740 2056 1739 3271 412 3699 3437 4200 3930 624 2292 4139 4582 4865 600 1590 2200 1171 1867 2764 128 1350 414 3725 2775 3950 801 3893 3500 4748 1263 1172 3329 4300 788 2966 1899 3738 856 861 4157 702 4343 1118 2605 32 868 4936 346 4510 1624 4253 4531 2850 3433 4458 3014 4749 1600 2865 1875
4270 4446 2255 3087 1436 792 4447 1852 1698 2772 2673 2809 2056 3238 3260 1510 85 4254 1113 3253 1803 3893 4471 800 985 4408 4352 3195 829 1234 162 3822 2010 2580 547 1487 355 1810 4624 170 4493 3236 1954 1087 2507 1181 4574 1572 1450 4087 1769 1348 1105 1313 4887 1634 3458 235 4079 2740 2461 4279 4529 3578 1233 431 4655 3489 1649 4619 488 1239 4269 3507 3556 3841 687 1807 1632 3147 3731 1009 1770 4434 1563 4665 2573 209 490 3598 4941 2651 3406 3795 1927 4456 997 4927 1688 4981
3915 474 3061 3039 3706 3767 2486 2444 4193 1068 953 1902 1235 4526 2879 2650 2652 1915 4460 4566 1173 4784 1665 111 1977 2007 4837 3724 842 3489 872 1197 2563 2053 263 3811 615 4624 1392 3346 4673 571 3309 4715 1737 1963 2302 3878 4597 423 2203 2049 956 2526 2642 3013 1074 4482 2625 2136 2776 2998 2950 75 1677 2123 4832 1122 102 4786 1095 1681 1572 1682 3302 4472 1122 3176 2129 4548 1456 2528 1697 4500 2379 2525 862 3989 4917 2170 3135 4714 3220 4790 2808 357 3301 1258 4076 4435
2104 2091 4191 4180 4029 2000 3486 3317 924 2962 2332 1737 2786 4811 579 2030 2271 2762 4989 3874 4643 1774 372 682 3258 1596 523 3730 1638 4237 2768 1413 1230 2332 2314 171 740 170 3346 4078 2609 1411 277 2006 2842 3928 488 3981 468 868 3394 2427 2667 4434 1141 4319 1615 3714 3010 504 3224 3241 654 3267 2847 1971 552 2779 3247 161 1331 2139 1353 3746 2666 646 2704 4147 157 3706 1341 257 1991 4017 547 94 3190 1867 3088 1463 2781 2441 785 4024 2149 3949 3925 1534 4864 1299
4913 2877 3490 723 2406 4078 3038 3126 326 1571 1895 587 3963 1494 4934 3979 4689 1559 2783 4607 1444 1209 3813 2456 1831 850 4927 3963 3287 4013 4559 4328 56 907 1568 3957 2056 4493 4673 2609 1229 2334 760 1995 2574 2312 1003 2657 2393 941 1389 428 785 3948 2688 4197 963 4726 2175 3406 4488 1166 71 885 664 2483 3834 3059 2897 2457 3205 4215 632 2589 3739 261 4777 3769 4176 2911 4071 865 2410 2253 271 1420 1089 751 1295 2798 3401 4211 1499 1668 4894 3503 2130 772 2056 4855
1140 1222 3176 4753 3114 3544 2282 618 2738 838 3242 1116 4989 2584 1838 3023 2845 1339 3539 3596 2940 2640 4061 988 1427 1580 3511 766 2445 2874 312 700 1908 165 1410 3901 1739 3236 571 1411 2334 3189 1078 231 2271 3415 1940 4439 4866 2259 844 1823 2281 3963 1716 4319 2066 3562 2666 372 1831 2196 280 2895 480 2956 1290 553 932 1336 4917 4770 937 4786 1689 4103 3699 1590 2324 4939 1070 1328 2253 3200 1331 413 3965 4655 810 932 3291 2051 1549 3299 131 4127 2965 4939 4348 4134
1129 755 2301 1028 1062 3675 3643 1446 4087 4545 4134 1719 630 3091 4163 2697 828 1157 2926 2893 4727 3260 2954 3179 1070 1792 2976 2822 357 875 3425 4092 1700 1549 151 1776 3271 1954 3309 277 760 1078 81 233 388 4302 2151 140 4708 2781 664 4091 3122 2567 408 4758 4194 2718 1810 388 1736 2892 1393 944 1626 3888 1620 3915 1574 4269 2477 3547 1595 3910 1376 3857 245 1135 3173 1772 4217 2907 4474 755 2367 4556 910 3840 1740 862 1111 1278 3175 3174 808 232 625 208 2174 111
2851 2285 2002 3768 4021 4640 1194 654 3540 746 4956 679 4757 222 910 2784 1692 1982 3580 2790 453 2161 1176 3073 2871 1662 3828 4526 4183 262 3923 3570 4008 2043 3471 1339 412 1087 4715 2006 1995 231 233 2716 4037 3725 1995 3260 643 4906 3215 491 502 633 1194 434 3983 3776 4084 1225 41 2983 2202 3865 2581 2507 1339 4769 1229 981 984 1456 731 2733 1177 1189 3986 4868 2520 2870 2151 1572 4339 4726 4176 4725 2187 2783 4160 773 745 3156 2737 81 1842 1889 2442 4146 2554 1659
1604 1764 2356 3104 4270 4003 618 1149 2439 4510 1380 3274 4662 1575 951 2546 1341 2669 2001 1854 1441 3897 550 1401 2037 1336 4297 2522 2016 2447 2708 1240 4273 2286 3024 4938 3699 2507 1737 2842 2574 2271 388 4037 3793 4743 1635 2623 3327 4371 3476 4785 1626 4437 3775 4147 1202 3733 2752 2151 1342 954 2030 797 4137 4481 1666 4507 1524 3506 3299 2850 1298 2689 1760 2047 3393 2859 3251 3098 339 1687 1874 1602 2990 4735 2475 844 855 2425 1433 1563 4751 2305 2299 915 4603 2256 4853 1524
3724 1617 1829 1499 373 3733 42 1967 1715 3142 26 640 4389 3831 1022 3855 1689 1574 2883 2765 735 1555 2729 1684 3554 1976 1958 1351 360 2983 4560 3742 4386 2373 3362 1114 3437 1181 1963 3928 2312 3415 4302 3725 4743 688 2118 68 2145 1479 89 824 2507 1958 1196 3986 1924 4057 4091 3844 961 2446 3789 4054 3699 3771 1091 4229 4181 1609 3445 3433 3263 3455 3840 2551 1205 4466 189 1790 4633 2169 1096 2994 2092 4917 1524 1679 4631 2889 903 1687 3589 4463 1728 3961 2845 4039 1091 1022
2474 940 1649 748 1965 3051 4099 3359 2250 4688 1241 2212 3206 260 399 1675 2025 2611 4543 1801 4197 281 466 3273 4661 4383 440 3420 2795 3747 458 3142 936 723 2690 2136 4200 4574 2302 488 1003 1940 2151 1995 1635 2118 1651 1401 1750 3755 1337 1888 2841 4227 3564 947 3345 2892 4101 1381 3445 861 387 4330 4506 3121 1916 4383 1705 201 1483 1978 2537 207 21 795 3303 3336 3057 3927 2794 1045 1697 4739 2828 986 231 4448 483 1334 827 1042 2005 4236 1814 2981 4890 1078 2362 1155
3959 4880 1132 2341 887 3459 39 1566 4093 4701 399 2270 3898 1185 2741 200 924 2992 930 3043 4677 820 3806 3885 1350 3599 2578 2811 2142 1944 2939 4700 3826 1946 3286 3363 3930 1572 3878 3981 2657 4439 140 3260 2623 68 1401 3025 329 4517 2637 313 448 4816 865 4583 1537 4704 1109 2644 3837 1396 4373 4450 2247 3630 807 2764 1571 3927 1608 564 119 4612 4336 4943 1538 2045 4782 4079 4693 3155 688 2920 666 4360 1127 4404 4010 4507 633 4682 2135 4528 4575 3132 1231 2979 4607 292
4366 3247 3999 3748 580 4565 2677 219 1311 3508 4859 4449 512 311 3745 723 3800 4650 1012 4091 3137 4525 1209 535 3016 4240 722 1951 2555 1896 2287 485 1143 945 4753 2916 624 1450 4597 468 2393 4866 4708 643 3327 2145 1750 329 2371 4886 1337 1860 2871 3276 3776 831 3899 722 806 2961 4121 2437 63 884 4908 2181 671 2074 4719 1608 3986 281 573 1994 3303 3694 3485 2322 4510 186 4986 2844 1758 354 2643 461 4803 2128 3342 1794 4697 4650 4087 3663 3402 1781 312 4586 3040 2236
1976 1393 2027 2842 43 1176 4637 1264 1991 2302 1690 2122 1894 2436 2636 3475 2232 1446 3622 4873 4132 4139 850 4999 2956 1948 1930 3871 4732 1244 3143 599 4677 4643 3221 1261 2292 4087 423 868 941 2259 2781 4906 4371 1479 3755 4517 4886 4794 4348 4533 3731 4290 4189 1811 1440 4605 1410 217 3444 522 3938 1373 4640 210 807 4093 1193 2885 339 751 193 3362 2612 1277 2753 3256 4592 584 1674 2913 2359 1858 3162 968 1125 3566 2858 4051 3598 737 1602 332 1098 2438 4812 4090 282 1070
969 1591 586 1916 2930 3985 1947 1211 3465 502 2684 3462 1237 2103 2877 2516 1142 756 3687 2271 1057 2103 1881 2806 2547 3385 2435 1915 2321 846 4632 716 4009 4463 4173 3534 4139 1769 2203 3394 1389 844 664 3215 3476 89 1337 2637 1337 4348 1835 4582 2719 3349 4081 4653 69 1391 366 986 1472 894 1421 3175 962 4958 1132 2279 3445 1269 193 2655 888 3200 1202 1273 2169 3400 4980 3469 2425 2369 2784 2197 2156 4209 2502 3069 4910 4729 557 753 4320 1620 4629 3780 1672 3892 4020 664
4760 4892 1788 535 277 2097 332 322 4239 943 2040 805 3212 4467 1322 1500 4201 2393 3961 1397 3001 4681 3453 214 3122 2448 2953 86 2123 32 954 1951 1408 3557 2223 2137 4582 1348 2049 2427 428 1823 4091 491 4785 824 1888 313 1860 4533 4582 2542 1081 3476 3945 4941 2112 2888 1097 1807 3777 2286 1238 1930 2917 3914 847 1284 3782 3602 2757 381 490 965 1374 2615 4428 836 1772 99 1811 2034 4632 1014 3170 2809 3593 3502 4085 3291 4258 1225 2164 2413 868 797 3184 2798 1902 4599
4773 3230 4205 464 183 2681 3519 824 1465 4824 2798 2977 2328 4680 2968 807 1041 543 4490 120 2416 3873 3668 480 3785 3973 2418 2546 1480 1490 4672 2170 2230 3776 4296 1435 4865 1105 956 2667 785 2281 3122 502 1626 2507 2841 448 2871 3731 2719 1081 779 3072 4613 4663 1165 2512 549 4789 4218 1638 3141 3079 3848 2239 2841 2688 4878 197 4340 4450 3850 3498 1795 943 875 4023 4873 3364 3604 4401 2567 1672 1441 3010 468 3573 2653 1982 3973 1761 2803 4433 3473 1459 3154 2736 1890 2515
4580 1831 4767 242 3251 3683 3508 1381 219 2338 3539 466 1250 3398 3469 1744 2476 2907 837 412 3192 2740 3307 3149 517 3041 3080 1244 390 3974 3675 749 1764 4003 1155 3098 600 1313 2526 4434 3948 3963 2567 633 4437 1958 4227 4816 3276 4290 3349 3476 3072 1240 4624 4280 4696 692 3059 156 3444 3899 697 1845 2261 2078 762 1811 2607 4837 1920 1019 3816 2034 807 1286 2719 3314 2128 1850 1308 2188 1426 2207 3673 557 3452 2029 3898 3179 4944 1863 2867 908 360 1556 288 3145 1154 2236
46 1650 1063 850 3452 1022 2466 2952 4372 1256 3585 3991 4721 3791 3969 2843 2044 3819 2415 1693 3915 3883 2902 2460 278 3039 2072 2816 847 2541 3344 1799 734 2154 1094 2366 1590 4887 2642 1141 2688 1716 408 1194 3775 1196 3564 865 3776 4189 4081 3945 4613 4624 4676 3643 122 4108 602 2295 3886 917 4971 1451 2591 1533 3906 3528 2023 1959 3481 678 4348 4633 3112 2493 1057 4610 3934 748 3682 3221 3773 4912 3870 1329 1402 4748 1891 952 785 2187 3516 1726 4739 1901 1275 3735 1950 2091
2738 4291 273 1545 583 4100 3019 2503 3673 1405 3687 2372 3063 4818 4600 356 4125 1627 3266 1554 468 754 4890 4470 3708 4126 1384 4493 1265 932 4402 2803 1132 1516 2276 4176 2200 1634 3013 4319 4197 4319 4758 434 4147 3986 947 4583 831 1811 4653 4941 4663 4280 3643 2319 4348 1340 526 3035 116 3264 1001 2923 245 662 724 3221 977 3671 2759 1414 623 4876 1687 851 1748 851 55 3826 1720 1846 2558 3251 3877 2060 3386 557 4899 1997 1001 4115 775 3351 138 3880 4750 3255 256 483
1940 3138 3661 1097 3088 1731 4572 2555 3344 4589 1631 2058 4802 692 2298 3609 4528 3830 498 2741 1719 2221 4201 4645 530 960 2232 498 3793 2620 3869 2739 1784 4777 395 2806 1171 3458 1074 1615 963 2066 4194 3983 1202 1924 3345 1537 3899 1440 69 2112 1165 4696 122 4348 1838 3307 842 3517 3898 1816 457 1870 1646 2889 4906 2321 1990 3487 2628 1444 2219 3836 34 619 4203 2555 3679 4400 3868 339 4331 4600 1328 1513 4349 4560 3729 4196 1797 730 3062 4886 3697 4080 3892 2763 1066 4046
2578 2578 4984 3190 4012 2856 4473 2827 1047 1642 4777 4176 2036 216 3375 1176 1779 4292 3593 2546 3243 1309 3912 2427 607 43 930 2106 4452 2177 3064 3453 993 1347 2148 121 1867 235 4482 3714 4726 3562 2718 3776 3733 4057 2892 4704 722 4605 1391 2888 2512 692 4108 1340 3307 812 4955 939 3006 3629 4031 1086 2869 1490 1015 2433 2750 2667 165 3624 1315 776 2216 3227 4799 4266 1479 576 2134 270 1223 4707 1742 3932 61 3885 1254 869 360 1699 2231 449 843 21 4617 3971 4392 3000
984 2384 2502 140 986 1773 4617 2543 3455 2351 3309 4808 4597 759 1886 2286 2006 1606 3892 3355 4473 94 1399 1085 1583 3088 822 3876 1187 1413 4524 680 3915 1057 1045 4141 2764 4079 2625 3010 2175 2666 1810 4084 2752 4091 4101 1109 806 1410 366 1097 549 3059 602 526 842 4955 3279 4936 3085 1384 3987 3508 303 217 3376 2173 1978 565 4242 1209 3003 770 535 3126 4834 1883 4069 3282 3409 1641 4201 276 1639 379 4929 2364 608 1734 4862 3347 4648 4065 1936 3835 3764 940 2036 3905
2422 4239 2861 132 826 1135 2226 2935 1510 1471 456 4491 3999 4341 1465 251 2257 1707 2232 477 4770 4414 1402 605 336 173 934 4700 1942 2373 2831 3829 1790 245 4431 4800 128 2740 2136 504 3406 372 388 1225 2151 3844 1381 2644 2961 217 986 1807 4789 156 2295 3035 3517 939 4936 2346 1186 89 1464 774 718 2215 1625 4673 2837 4499 1306 1412 3503 2621 149 626 3366 554 4680 1042 3037 394 4692 3945 2359 938 1185 2217 3677 727 4708 3388 1160 2560 3011 1517 4456 968 730 512
3186 2659 2008 3033 2188 1909 4966 3349 451 2854 1074 725 761 3120 3056 4729 4862 3555 4464 275 2854 1912 3273 1853 2296 1129 2697 406 2495 4745 4535 1504 513 2527 2018 2225 1350 2461 2776 3224 4488 1831 1736 41 1342 961 3445 3837 4121 3444 1472 3777 4218 3444 3886 116 3898 3006 3085 1186 2354 1112 1294 1221 366 905 47 3910 4030 3924 4448 2289 961 108 3162 1211 1441 934 4230 246 707 2000 3152 3434 4396 566 3424 2412 2726 3134 3636 1444 691 1208 3230 3463 800 599 304 3604
1841 1116 2639 4142 2916 2003 4191 1073 3408 1797 691 3562 4991 836 4026 681 4602 3241 2305 774 757 2258 4230 4128 641 4239 1230 1722 2140 3337 399 3197 3299 3133 3914 3672 414 4279 2998 3241 1166 2196 2892 2983 954 2446 861 1396 2437 522 894 2286 1638 3899 917 3264 1816 3629 1384 89 1112 1436 1823 4810 4901 2947 2991 3156 3930 1034 3989 3609 243 2399 1136 2869 3551 1762 3066 926 2046 3271 939 3718 4402 3880 2275 3596 3272 4922 2468 3961 3017 4715 4751 2526 4590 3404 811 2538
2493 3078 2227 369 1846 4019 2441 1554 1602 621 2953 4788 3110 3775 439 554 2624 2352 3268 248 99 3562 4596 436 60 139 2814 4666 3842 1270 3587 4371 4292 4325 3362 2280 3725 4529 2950 654 71 280 1393 2202 2030 3789 387 4373 63 3938 1421 1238 3141 697 4971 1001 457 4031 3987 1464 1294 1823 2979 2376 2074 3235 3319 1293 4914 4107 2261 1779 2671 1615 4141 3880 2470 3112 2403 4744 2231 4121 1555 4605 634 1711 3580 609 3414 1516 706 139 4483 2614 3167 383 3550 749 2364 1108
3275 4603 2781 1842 4343 2412 4512 2151 4737 3730 3933 714 4171 3825 4512 4429 2879 4938 1270 310 4092 124 3924 3229 878 640 1935 1716 2076 976 1004 3013 137 4837 4283 4174 2775 3578 75 3267 885 2895 944 3865 797 4054 4330 4450 884 1373 3175 1930 3079 1845 1451 2923 1870 1086 3508 774 1221 4810 2376 1001 4503 4088 240 2760 1710 4904 2484 1040 1935 19 1756 3964 3759 544 2370 3429 4468 195 4954 2055 3846 2474 3402 4896 4172 3290 626 4242 656 24 326 1410 4894 758 2886 3450
1176 3117 2839 457 660 268 3658 4019 2541 4458 4874 694 3375 1411 4966 4316 4143 1012 3317 2440 4881 3123 2529 1595 3504 3995 3645 2703 1071 3852 4188 4456 2696 1928 3212 2521 3950 1233 1677 2847 664 480 1626 2581 4137 3699 4506 2247 4908 4640 962 2917 3848 2261 2591 245 1646 2869 303 718 366 4901 2074 4503 1344 2305 4148 2885 4232 148 1917 450 2685 955 1981 2929 3995 3393 2270 3390 4607 2341 914 833 3940 809 2596 3850 3239 1373 572 4884 631 2110 626 411 1570 1051 4805 1496
397 4950 4209 2981 2318 3072 3886 833 2889 3287 149 4246 1052 4692 44 3749 3372 4468 4354 2520 4336 4825 2018 2551 3261 2541 830 3233 3850 2666 3281 3950 1285 379 2280 993 801 431 2123 1971 2483 2956 3888 2507 4481 3771 3121 3630 2181 210 4958 3914 2239 2078 1533 662 2889 1490 217 2215 905 2947 3235 4088 2305 4737 2017 3427 3606 3872 2910 1469 22 1639 4257 3383 256 1859 4569 1961 2859 1962 3161 4654 26 2319 1819 3049 1309 3791 1249 1882 1382 1323 4232 2718 357 4466 3432 874
3019 266 2083 855 110 18 4706 689 627 47 4006 4910 191 3598 4247 298 3200 973 497 3386 786 2339 2060 114 3933 3682 4188 2186 2481 4017 3600 4361 419 3483 1249 2731 3893 4655 4832 552 3834 1290 1620 1339 1666 1091 1916 807 671 807 1132 847 2841 762 3906 724 4906 1015 3376 1625 47 2991 3319 240 4148 2017 4749 3602 1947 2543 482 957 4021 1362 1417 4678 412 2352 4610 1863 4218 2689 876 206 4878 2972 1164 4435 3580 2704 4150 3729 4629 2952 571 910 1984 1937 3317 991
2661 366 491 1456 4063 320 3742 2500 1637 2858 4341 3805 3454 4581 2094 3894 1903 3481 821 642 4345 2593 167 10 2181 4446 844 2643 4937 4507 2944 506 184 3376 4071 2410 3500 3489 1122 2779 3059 553 3915 4769 4507 4229 4383 2764 2074 4093 2279 1284 2688 1811 3528 3221 2321 2433 2173 4673 3910 3156 1293 2760 2885 3427 3602 2960 2373 2299 4705 124 2189 562 1122 1821 892 2987 2912 4355 2995 4240 3705 4992 4678 3279 1366 4516 4639 113 2113 3426 3214 2080 2306 1975 4063 4909 400 3813
66 3873 1802 162 2049 1458 1511 601 3323 3796 762 203 2046 620 3053 1713 1385 4370 4886 2890 3890 1362 2199 4919 2353 3436 3905 110 2507 246 1957 1092 2377 915 1341 3124 4748 1649 102 3247 2897 932 1574 1229 1524 4181 1705 1571 4719 1193 3445 3782 4878 2607 2023 977 1990 2750 1978 2837 4030 3930 4914 1710 4232 3606 1947 2373 3357 1101 819 1804 2508 1827 2098 4371 4101 3010 1525 1028 1410 4931 4837 4950 3581 720 1630 2999 1789 788 738 4440 2930 2881 1348 2203 3364 1651 2415 2677
3784 1320 3818 564 307 1591 3410 3167 1779 916 773 3403 4709 2502 2280 2763 815 3166 47 4528 4126 1525 2489 1450 2522 2928 325 1915 3143 1990 4245 3906 1487 4889 626 4649 1263 4619 4786 161 2457 1336 4269 981 3506 1609 201 3927 1608 2885 1269 3602 197 4837 1959 3671 3487 2667 565 4499 3924 1034 4107 4904 148 3872 2543 2299 1101 248 4401 1487 4237 2967 1554 269 2016 31 454 2881 409 4443 3869 3836 4022 4272 3153 2553 4345 1410 1707 2814 1575 4963 3105 4878 2448 3742 78 2479
3327 3379 3802 2433 2562 3806 312 1026 3270 1554 1589 1236 1980 3303 4840 4450 4535 427 2783 4954 3056 4490 4323 2213 3675 4634 348 3095 283 303 2801 2624 2777 734 1408 4130 1172 488 1095 1331 3205 4917 2477 984 3299 3445 1483 1608 3986 339 193 2757 4340 1920 3481 2759 2628 165 4242 1306 4448 3989 2261 2484 1917 2910 482 4705 819 4401 4239 4519 3924 704 445 3382 4589 1162 1863 2326 486 3476 298 1072 4741 707 1761 3490 4690 603 2891 620 1353 1323 957 3962 3997 1983 1973 4154
2130 2401 4962 2818 4517 142 675 1932 2376 837 4182 4189 2098 87 337 4641 3923 808 3946 4376 2847 4029 1956 1129 1660 1096 2235 1209 4574 3130 1343 4321 4637 1804 4628 2457 3329 1239 1681 2139 4215 4770 3547 1456 2850 3433 1978 564 281 751 2655 381 4450 1019 678 1414 1444 3624 1209 1412 2289 3609 1779 1040 450 1469 957 124 1804 1487 4519 2361 4369 3984 4454 485 4237 1000 3919 1705 1562 66 1807 3864 3840 4089 3988 3625 1115 4132 2182 1981 2871 3179 1126 4050 624 653 4661 3787
1403 866 4228 4985 285 1210 1714 4103 112 1597 4464 2070 2530 568 697 2077 922 161 2075 2956 1101 3732 4632 4356 181 2076 4086 4791 1964 3678 720 3660 1508 22 3771 3562 4300 4269 1572 1353 632 937 1595 731 1298 3263 2537 119 573 193 888 490 3850 3816 4348 623 2219 1315 3003 3503 961 243 2671 1935 2685 22 4021 2189 2508 4237 3924 4369 3732 625 3449 4026 1216 2305 3973 3367 1945 906 421 3967 1714 610 3674 1775 3238 4054 3664 4812 4749 2143 4457 1528 118 871 1459 2870
2681 1841 2697 621 2971 193 1357 2762 681 1619 3732 380 4481 3715 4188 2421 863 2673 1655 1324 2428 2342 3799 4180 2340 448 2668 735 3843 1940 558 4808 4065 3372 4870 4257 788 3507 1682 3746 2589 4786 3910 2733 2689 3455 207 4612 1994 3362 3200 965 3498 2034 4633 4876 3836 776 770 2621 108 2399 1615 19 955 1639 1362 562 1827 2967 704 3984 625 2918 1269 4701 616 1444 1458 1989 719 3530 4849 4476 3241 4393 3497 4766 4320 3765 4547 3095 2717 2965 3821 4754 879 4533 4579 128
2820 647 3461 2628 2370 3402 3668 4532 2961 980 2366 2955 1084 2525 728 4296 201 1337 1555 3268 4717 1955 2058 1227 1663 353 1316 4757 3783 360 718 157 3595 3812 69 4913 2966 3556 3302 2666 3739 1689 1376 1177 1760 3840 21 4336 3303 2612 1202 1374 1795 807 3112 1687 34 2216 535 149 3162 1136 4141 1756 1981 4257 1417 1122 2098 1554 445 4454 3449 1269 2079 1905 4104 646 3161 389 2579 3855 3300 4050 4342 1663 1378 3304 3123 4447 660 4493 3076 253 4036 361 1211 4841 3456 2350
2792 3825 2664 608 3945 1456 2183 1813 4187 606 4817 559 1937 3533 696 2386 3925 1647 1858 3500 859 4583 2475 2285 856 1682 1647 3661 4509 336 2526 4233 1094 4631 3462 861 1899 3841 4472 646 261 4103 3857 1189 2047 2551 795 4943 3694 1277 1273 2615 943 1286 2493 851 619 3227 3126 626 1211 2869 3880 3964 2929 3383 4678 1821 4371 269 3382 485 4026 4701 1905 1327 494 3370 4369 1689 297 2208 1287 368 1238 1166 1494 823 1007 4230 4541 3481 167 1702 501 3128 977 178 4599 4660
4158 4336 4211 1631 2306 1143 1281 2122 2388 3288 1078 1114 4604 3561 2242 3901 4397 555 4032 2366 2405 1887 3882 2936 3030 2340 510 1001 1913 2616 1135 4316 1972 4642 166 4777 3738 687 1122 2704 4777 3699 245 3986 3393 1205 3303 1538 3485 2753 2169 4428 875 2719 1057 1748 4203 4799 4834 3366 1441 3551 2470 3759 3995 256 412 892 4101 2016 4589 4237 1216 616 4104 494 42 4998 2335 3891 2078 1250 145 4465 2950 815 3358 1120 785 4253 2397 1822 3873 2492 817 47 4679 4048 4365 40
1812 3919 4193 1152 4770 2514 3580 958 2589 1622 1085 807 1490 1908 667 1833 3536 2808 4760 1649 1719 833 1880 224 3345 1829 3205 1972 952 636 935 3385 1365 2468 1766 197 856 1807 3176 4147 3769 1590 1135 4868 2859 4466 3336 2045 2322 3256 3400 836 4023 3314 4610 851 2555 4266 1883 554 934 1762 3112 544 3393 1859 2352 2987 3010 31 1162 1000 2305 1444 646 3370 4998 281 1302 3337 1595 2223 2977 381 2363 51 1869 1520 11 4889 1640 1582 918 4130 2471 1282 1104 4845 3649 1842
2616 2594 1213 703 2095 1654 4490 523 3906 708 3050 1696 2627 4465 2419 1611 2774 3677 780 4834 2711 336 4557 4078 4169 4162 3903 4198 2300 3070 2459 1014 2566 4646 2483 964 861 1632 2129 157 4176 2324 3173 2520 3251 189 3057 4782 4510 4592 4980 1772 4873 2128 3934 55 3679 1479 4069 4680 4230 3066 2403 2370 2270 4569 4610 2912 1525 454 1863 3919 3973 1458 3161 4369 2335 1302 3132 3004 3032 3992 1393 4058 1006 2672 3236 404 2463 1546 2043 1492 4799 1102 1833 1324 2596 3544 329 2544
185 3429 4727 2593 553 456 4174 2061 4127 4693 4892 4417 882 2974 1673 3745 4673 1910 877 120 2837 714 2129 3609 4142 3575 742 4920 3997 3268 4847 3776 1390 782 2008 1453 4157 3147 4548 3706 2911 4939 1772 2870 3098 1790 3927 4079 186 584 3469 99 3364 1850 748 3826 4400 576 3282 1042 246 926 4744 3429 3390 1961 1863 4355 1028 2881 2326 1705 3367 1989 389 1689 3891 3337 3004 4629 1823 3402 4327 1470 1193 2635 2741 4383 2158 3241 4812 2597 3038 1158 2515 1928 2257 4956 4116 390
4451 4623 4490 1021 1975 1564 2866 4548 4567 4704 2685 3059 118 3697 3124 2409 496 4692 835 1680 2356 3941 506 495 3727 1073 2765 502 1700 4829 4627 3098 969 4001 3954 4035 702 3731 1456 1341 4071 1070 4217 2151 339 4633 2794 4693 4986 1674 2425 1811 3604 1308 3682 1720 3868 2134 3409 3037 707 2046 2231 4468 4607 2859 4218 2995 1410 409 486 1562 1945 719 2579 297 2078 1595 3032 1823 1086 1516 1210 1520 4000 4303 4122 2850 4651 3454 1234 3253 4828 4622 2026 1953 3466 4189 1172 3517
2418 4778 2185 1136 4660 3927 4023 1711 1553 747 216 3859 1123 3380 1266 2104 1449 4705 2147 2468 4433 3662 63 1111 3965 2874 3355 905 653 3497 4650 3409 367 4973 4437 519 4343 1009 2528 257 865 1328 2907 1572 1687 2169 1045 3155 2844 2913 2369 2034 4401 2188 3221 1846 339 270 1641 394 2000 3271 4121 195 2341 1962 2689 4240 4931 4443 3476 66 906 3530 3855 2208 1250 2223 3992 3402 1516 4113 1707 3386 4036 4277 425 2377 66 1944 1291 2371 325 4702 2183 3970 2439 4470 1775 3763
