N: 120
M: 24
Symmetric: true
Triangle: false
6 9 92 119 81 8 37
7 94 70 21 91 25 78 84
6 71 29 38 82 107 20
5 88 86 117 72 85
4 13 101 63 36
5 75 69 41 108 44
5 98 103 116 3 11
7 39 19 111 52 110 100 76
5 74 47 62 48 67
3 54 68 27
8 28 31 102 65 49 23 93 90
7 12 56 18 61 45 24 59
4 99 87 42 33
4 58 79 10 32
6 40 109 4 64 83 15
5 46 97 26 73 2
2 104 57
6 30 113 89 80 35 106
6 43 66 51 105 7 114
5 77 112 14 5 120
3 60 96 1
3 55 34 22
2 115 16
6 95 6 17 50 53 118
4884 2965 2844 811 3284 1739 1020 2879 1031 774 902 2877 2015 1199 954 2929 3146 2830 4744 4116 2533 2914 536 4355 3095 1269 3553 3983 355 1121 3007 150 1358 193 1290 34 2259 4593 3667 2394 2471 4671 2407 2741 1279 4017 2666 593 1165 4703 2191 2973 2648 1616 4428 4375 4300 801 4605 4944 4498 4378 3685 1675 1077 1371 783 4330 3751 171 1712 4623 1098 3041 122 577 3211 1450 537 1707 1834 480 3100 1399 2031 792 2372 4479 4946 2750 3843 2930 4763 2729 559 2540 1715 3210 593 3291 3292 3028 2838 1299 971 3311 3020 1553 727 2528 1511 2263 3469 3782 3032 831 3319 2517 4350 130
2965 2369 3834 1574 392 1098 2050 657 1324 355 775 468 3945 4715 1562 2161 4824 3438 4769 3364 3548 3622 3852 3275 4005 1337 4899 3533 3274 1619 3453 3766 4957 3199 772 3011 4011 342 3538 121 711 257 4164 465 344 1789 2980 893 697 503 2636 4098 3082 451 2475 2608 4368 4072 1711 1690 2040 634 2595 596 4500 1887 825 450 1662 421 4960 960 4822 4745 4995 3908 1721 2000 1876 1330 2556 958 1957 4439 2362 2789 4171 245 4709 1124 4482 3570 1768 1283 1320 2977 316 1371 2789 2986 2580 3660 169 1013 3167 158 4716 4590 4069 4484 4880 2170 3080 2579 1758 1717 1023 322 2662 1802
2844 3834 882 4848 3497 4699 2670 4473 2050 3744 4327 1292 4861 3036 1230 176 2669 3922 2111 4645 432 492 3068 4164 846 4063 1860 1543 1862 75 1619 3051 4398 4490 3208 1329 2798 54 2287 4006 4603 132 45 262 2033 3422 4515 2181 1558 4167 878 1295 4858 4420 1314 4443 3160 4577 966 1694 2676 1140 2020 2884 882 1775 3755 2446 653 1254 1555 1816 315 966 2101 2583 4923 1481 2141 1733 481 2928 2438 1376 3031 4313 629 956 4616 3336 2689 4084 4247 3797 50 4782 3594 4348 4606 4597 1808 3749 4186 4988 1177 494 2205 3462 233 1845 4499 3839 527 643 1405 2008 962 1636 1191 2130
811 1574 4848 3495 369 514 2756 627 3894 1400 909 3110 4548 257 2473 3978 3266 11 3013 1960 456 928 898 3217 2088 2004 493 2180 3181 2442 3715 4892 1685 229 4164 569 3910 1165 3511 3850 1914 643 2450 3661 369 3526 1348 3204 2421 634 1301 2680 169 3675 2023 1284 3085 551 911 1189 1056 3020 1587 2570 1159 2177 1620 1687 2717 2581 3059 411 4503 1317 4997 847 3616 1015 1560 2015 1915 3282 3079 882 2288 4259 4031 1554 1225 643 1138 87 4166 581 1176 712 815 2197 1354 837 2391 3909 2534 2712 229 721 4165 2880 1223 4164 1095 2605 317 2923 2961 2537 3102 1126 4961 3967
3284 392 3497 369 4834 1385 1063 2111 4717 595 4499 374 2391 4305 553 3619 1885 393 4857 583 2067 3930 2331 667 747 3125 3667 4232 1831 3322 4929 1971 411 3007 3091 4435 1337 2586 3595 3434 3173 2544 2517 729 1140 2210 370 2996 2337 4929 3399 1589 1307 826 3422 641 631 4945 1843 4210 3912 1757 2996 2211 2453 4842 2639 2113 233 3239 2057 4352 1861 2117 3063 2577 3061 3605 1201 2909 3453 3820 4971 963 3407 4929 3365 1072 4288 1826 294 1863 4777 3605 2462 4931 2441 3299 2322 1310 2637 4799 691 1567 4536 10 929 1125 3310 2831 4085 3233 3431 600 1205 4400 3383 3971 4094 3601
1739 1098 4699 514 1385 3474 2257 1944 1921 564 3753 797 3104 2554 3354 272 1478 4799 4875 3930 3560 3511 2518 4848 1001 215 1363 3386 167 3368 920 4769 3494 785 2034 4204 1662 3034 4915 1024 2884 4707 450 4386 1156 4689 3431 2041 4195 3669 3029 3103 430 957 3289 214 946 4121 2991 2847 2867 3798 1617 4589 2731 1271 2378 1971 2331 4689 624 3216 1208 2130 2973 799 2157 3469 4552 3945 2769 647 4596 2971 1036 4059 2777 1759 4232 2980 4953 1230 2563 2071 2750 4095 2677 1628 2148 4875 1465 4718 124 3078 629 2553 1084 261 3573 223 3957 410 1205 1738 2902 4571 4619 2983 4496 1184
1020 2050 2670 2756 1063 2257 3735 2907 2339 59 1027 4133 3394 4226 2942 3834 2418 3433 4772 3495 4626 3652 3813 1178 2297 1174 2529 137 1270 56 399 119 83 1016 2479 368 1413 2862 3647 3522 3640 3107 2488 2912 2105 2613 3780 2137 1483 1803 4550 1827 3815 2915 4146 4997 4566 473 969 2075 757 3205 2068 4795 3604 2941 2560 4497 3260 479 751 2038 2845 1013 2490 4181 4552 1443 3901 4176 4384 221 3586 1603 939 4088 3698 1812 3603 3576 641 3329 3337 3777 4465 4046 4754 3915 3764 345 518 1422 4327 4962 875 1686 4824 2756 15 2768 3280 4348 4258 1231 1396 1359 230 3182 4055 4355
2879 657 4473 627 2111 1944 2907 624 1571 3150 1126 4151 1430 2386 2845 900 1423 4484 1817 1125 4586 2540 553 991 4856 4007 3465 2787 3390 4406 4588 1880 2635 158 4956 3553 1704 3231 278 3862 2974 4923 1809 3582 24 1668 3886 4345 1845 3620 3096 2759 1062 1063 255 342 1755 2785 1553 3572 1340 945 4150 1738 1142 1978 883 986 3025 170 3958 4170 3025 486 4854 1791 591 4026 1249 4925 3917 323 2743 690 484 3334 3672 2798 4028 4148 4519 208 3245 354 4419 3104 4867 4169 2794 14 1273 3272 3351 1817 1272 2774 946 1958 2842 2962 645 456 2662 2048 1497 4132 763 269 1909 372
1031 1324 2050 3894 4717 1921 2339 1571 646 4278 850 134 1204 1437 4776 4791 4187 3813 1857 1987 2357 1921 3085 4925 445 2594 2291 1474 2120 326 1767 3791 2068 2109 2721 3367 3555 575 4777 2109 4850 1383 2147 1755 3551 2648 1322 1235 2027 4425 2928 3723 4910 1990 727 3056 1740 350 4669 1156 90 1137 3144 2201 78 2789 3527 1739 321 3776 1167 3258 3601 4991 3171 3064 3199 2173 4403 368 3087 3451 3257 2157 3997 831 3174 2467 1292 2880 351 4579 2479 251 1497 2632 3077 4004 26 1649 1634 4961 712 900 681 2933 988 4300 3557 291 920 1686 572 1153 4212 1864 2951 2818 1615 606
774 355 3744 1400 595 564 59 3150 4278 4940 3364 2717 4486 748 2860 935 4182 4044 2290 953 1661 4928 4813 902 547 2220 4597 2319 2246 1445 4221 4536 4514 2007 416 2171 970 395 229 296 1130 2058 902 995 2839 1585 907 1527 3689 1239 316 4959 2075 4792 935 388 3029 3368 2944 2807 1788 1468 4263 321 2621 4347 4178 3022 3379 4864 4811 4954 358 4303 982 448 4660 365 3228 4851 3355 4740 3078 4147 1944 4725 3907 1778 1274 2840 3126 2469 3432 1962 4106 462 1240 4234 1551 1745 4905 1013 2655 2309 4727 2019 2515 300 1360 4900 146 3421 847 3932 3372 4925 3322 1786 338 4014
902 775 4327 909 4499 3753 1027 1126 850 3364 2720 884 2626 1560 1997 4594 673 1577 2931 2557 1025 3647 723 2391 4232 904 3866 167 2589 4193 4139 1144 2013 2336 876 4729 1893 2252 1045 4720 434 1343 3655 1741 4083 4641 908 728 498 3900 2724 2187 2232 3010 381 1980 1596 1645 3504 2746 3044 3801 403 4027 34 3337 3937 439 1185 2503 2737 2882 3815 1583 4784 80 1261 3878 3841 3214 1034 1125 2072 3456 1694 4670 1939 3236 1539 800 2485 3663 4514 3689 921 473 601 2174 2589 3831 1239 2492 2678 1405 999 1818 72 3779 1996 451 1329 1459 3176 1545 4653 4897 4338 4947 3104 1024
2877 468 1292 3110 374 797 4133 4151 134 2717 884 4846 4453 2894 1794 783 4736 1732 348 1538 4475 4199 4913 1477 1784 3445 2192 362 2820 1073 1448 3536 3856 1829 4621 3776 2723 1143 4353 118 1888 2920 4976 4605 1683 3675 2644 710 4096 4184 1329 2681 1759 4828 4835 3496 3150 2363 3759 3737 4540 590 3952 1133 1286 713 242 845 2346 798 2993 101 3830 1806 2424 3686 1834 741 1024 419 1751 2375 4944 1140 1811 1423 3426 602 2884 184 2842 1265 547 3268 2431 4585 953 4021 2434 1436 940 4611 51 1120 1392 1599 1650 388 149 3845 3506 1578 2807 1378 3255 2132 1672 3313 328 1722
2015 3945 4861 4548 2391 3104 3394 1430 1204 4486 2626 4453 3037 3552 1376 3950 143 938 352 4625 2632 650 2296 43 3809 459 180 2329 4846 3539 676 2164 226 4227 2743 2159 1172 3207 43 1596 4317 739 2896 3155 1055 408 2647 3058 695 3069 4432 1165 2890 2354 129 251 1433 2032 771 4026 1934 3278 3838 4318 1555 1009 3972 2805 332 4954 783 450 4470 4301 4843 879 1123 3585 101 715 2210 731 1653 2504 1888 3650 1498 3182 339 3322 220 2028 3112 2261 679 1964 190 1688 1608 165 4885 4278 3468 3365 476 465 1876 3146 2285 357 3291 2037 2709 3003 3808 4606 796 3109 3032 3084
1199 4715 3036 257 4305 2554 4226 2386 1437 748 1560 2894 3552 595 3729 834 530 4981 4783 4111 3160 4841 1784 3959 533 1452 2757 1680 570 4425 4257 4089 786 1236 2566 3203 4707 3386 2259 3872 2877 4527 4093 35 3628 3249 3833 4375 1706 1006 1477 3392 4455 1799 789 4491 2860 3713 4165 77 4949 4532 956 782 4175 1768 775 2069 508 4078 4703 2445 3372 563 1945 243 390 1542 506 1804 3209 3693 2724 3708 1095 175 1762 1721 2067 4009 4341 4905 641 554 1144 470 4356 3590 4441 2832 851 2573 1025 1136 115 4389 3539 2310 3264 2057 4617 1217 2679 1485 3839 1564 1596 4944 1845 4113
954 1562 1230 2473 553 3354 2942 2845 4776 2860 1997 1794 1376 3729 1054 3920 4425 1366 3050 2031 459 4890 2710 1062 838 2416 1784 319 3630 1993 1932 653 2376 971 1993 3679 1580 2597 2231 4244 1705 3272 4992 4982 2468 1311 968 4021 1568 2421 3962 3857 1458 3093 575 1076 4088 2000 2280 4299 1426 1089 2977 3310 2037 4717 4607 867 1277 3608 4584 736 3277 3409 4504 158 225 3685 3276 787 2351 3629 915 3942 1595 648 257 3379 2711 2076 2138 2363 4776 2691 3888 2148 2092 1643 1284 3950 2179 3878 3475 3794 1671 2566 4500 3568 1915 4931 370 1529 3208 99 2101 3132 1869 1916 3196 1106
2929 2161 176 3978 3619 272 3834 900 4791 935 4594 783 3950 834 3920 986 4202 4493 886 771 932 2332 1245 643 3142 1312 4964 264 3488 4061 4424 3316 1658 1468 660 1327 1188 826 3276 4137 516 3671 1592 2986 1970 3067 4696 4956 2339 1409 630 2944 1535 3546 2851 4150 512 2675 2205 231 484 3820 3007 2773 4328 3147 4770 2471 300 4417 3311 4089 2005 67 3690 2396 4139 81 478 1325 2845 2966 3544 4574 3018 3643 2667 439 2261 3118 2088 3061 3928 828 2082 2951 4115 4977 4339 4467 1726 4053 4756 2735 1269 20 288 4587 497 4345 4141 789 917 4733 2630 1478 903 896 4488 670
3146 4824 2669 3266 1885 1478 2418 1423 4187 4182 673 4736 143 530 4425 4202 3287 2400 3730 2655 2517 699 1596 2917 240 4308 3991 2640 1899 4366 4312 4325 4902 3889 2402 766 2494 1777 353 1164 3680 3162 1782 3234 4112 178 1040 4872 285 1333 4881 1393 4549 3597 3880 3032 4729 996 35 3477 145 1285 3609 4945 648 2122 3818 953 4219 3120 4976 3020 4117 3252 3459 3523 4613 809 3635 4813 1744 4246 2130 368 3284 69 4504 3751 393 1928 2240 2684 3624 2258 2584 331 1296 2020 980 2830 1467 2416 2125 4921 1641 3341 2058 1677 3739 3560 1104 4018 1953 3191 3033 3245 2618 4062 3493 261
2830 3438 3922 11 393 4799 3433 4484 3813 4044 1577 1732 938 4981 1366 4493 2400 357 3508 305 942 3113 4318 2183 3407 1430 676 3989 2589 4334 4977 2677 2612 3258 401 3029 1728 1472 4164 4508 395 1771 2252 204 4576 4688 2188 3728 220 1551 3885 3581 3358 1510 1813 4538 1281 3942 1161 357 1513 1267 2536 4141 4405 3013 946 842 2194 327 3633 3008 1814 2790 4667 715 2099 1924 2689 84 1855 826 1036 4177 2248 4896 939 3185 3821 2866 2774 3811 1122 3278 2914 3204 3993 3448 1222 318 348 1029 2464 295 1899 2563 55 471 3748 4131 1472 2905 810 3374 3776 4883 1967 690 1376 4946
4744 4769 2111 3013 4857 4875 4772 1817 1857 2290 2931 348 352 4783 3050 886 3730 3508 1610 652 183 3963 1700 553 1495 2405 1943 3018 3693 1622 2719 4915 2248 2793 4903 3839 2270 3691 1123 2918 1503 3110 563 20 317 1042 3641 1120 1408 2147 2738 201 1295 1105 469 219 2782 3030 3286 510 392 1939 4915 3547 2149 1224 346 1763 1173 341 1636 1507 1427 779 3249 116 4678 3309 2271 2055 1105 995 613 4039 489 1246 4812 3958 3826 4534 3196 3705 553 568 554 1154 1187 3467 161 59 1939 334 2354 2271 3327 1091 1403 1951 196 40 218 2034 1000 3921 3307 369 4119 2298 1566 4880
4116 3364 4645 1960 583 3930 3495 1125 1987 953 2557 1538 4625 4111 2031 771 2655 305 652 1061 2133 174 2089 4710 4029 487 1943 1953 4774 519 4514 2098 2599 3792 4537 312 4728 3361 4279 3429 2996 4369 323 923 1594 3883 1085 3979 4334 4628 2986 1925 4802 2194 2651 3449 2650 2935 4364 2660 944 763 4851 1066 1316 1559 3055 2874 2320 1560 3015 1845 300 2763 483 752 2921 891 1719 2370 3063 4848 1211 4090 4230 143 4567 2715 635 4435 1435 1106 1614 2436 3995 2960 1492 1072 3143 4834 315 4626 3813 315 4634 4931 4318 1494 413 4901 4140 3258 4236 1391 2185 854 3790 659 329 2391
2533 3548 432 456 2067 3560 4626 4586 2357 1661 1025 4475 2632 3160 459 932 2517 942 183 2133 2191 4181 4248 301 1541 1577 4617 3559 1599 2795 396 1009 635 3821 4113 4758 2134 1845 761 4364 1354 4401 1408 3637 2740 4185 3273 1003 3153 2813 172 396 1102 565 3277 2244 3624 4689 4734 1279 2536 2611 2532 576 1286 1667 4802 1844 3251 2900 328 3699 4423 2051 1876 2447 3112 1014 4533 1843 1004 452 4996 3916 4961 195 4777 2112 3945 2645 3239 1255 2301 4350 2265 4220 3364 2048 1019 1480 175 270 977 4983 1243 1792 4533 437 422 424 4052 4148 870 634 559 4315 4847 1391 3713 2981
2914 3622 492 928 3930 3511 3652 2540 1921 4928 3647 4199 650 4841 4890 2332 699 3113 3963 174 4181 1589 3152 2325 1349 3551 3293 254 2463 3039 4269 2680 868 490 4142 2279 4156 221 3762 2025 575 3051 787 4535 290 1919 2666 487 2993 1150 2771 4440 1466 3371 2968 4215 1412 3800 4414 3170 1419 3646 4736 2177 3816 550 2949 2505 1371 4146 2851 112 2537 4675 4982 572 3321 3028 1341 3134 3865 298 1135 3725 2045 2297 2516 1410 1907 1680 1508 2094 1408 3873 2461 2384 4965 2514 4199 2582 1293 1628 3198 3000 252 2769 2064 2290 3615 634 3744 1263 3399 2723 1081 2078 1598 2822 973 4673
536 3852 3068 898 2331 2518 3813 553 3085 4813 723 4913 2296 1784 2710 1245 1596 4318 1700 2089 4248 3152 2139 4419 4415 3508 1199 2973 2405 3150 31 1577 888 3338 309 2372 2451 1828 4349 2901 2960 1325 3595 415 1905 4482 4814 2405 4387 279 3125 3664 1512 3690 1786 771 1941 2812 913 2317 4369 1733 666 4147 2054 3024 1230 4248 1689 3629 1966 1991 2382 3490 1478 4507 47 96 1057 95 4974 2427 1325 4119 1590 2441 4549 3747 1048 3116 1789 3362 943 3755 688 170 2167 2770 2578 542 1318 494 2291 1887 1414 4101 3342 2825 86 4132 3982 3636 2852 142 4143 3980 739 3273 4889 4306
4355 3275 4164 3217 667 4848 1178 991 4925 902 2391 1477 43 3959 1062 643 2917 2183 553 4710 301 2325 4419 3901 2752 2664 2306 2369 748 3451 4689 3950 1499 799 3757 3762 603 2705 764 2979 276 3619 2081 2651 4517 92 1765 3184 697 119 944 4833 4357 513 745 35 2978 2660 2571 1147 691 1618 1817 3614 2249 4982 580 2956 3341 3509 4773 4219 1760 778 1816 3456 4979 4597 2527 1128 3701 3754 2461 3731 1232 2263 905 2060 571 2166 2332 715 1739 1525 1160 3175 659 703 4029 1538 3761 612 510 1304 3705 2041 3940 2410 512 3082 1972 883 22 243 1511 2430 222 4685 2787 2632
3095 4005 846 2088 747 1001 2297 4856 445 547 4232 1784 3809 533 838 3142 240 3407 1495 4029 1541 1349 4415 2752 1002 750 349 4910 4367 612 4966 2535 4591 1087 2697 2812 1428 4587 1409 486 2907 163 3694 1292 4184 4133 95 4922 1410 2550 1840 2161 1791 4208 4834 3367 2184 113 3597 288 473 2435 1466 582 1043 4570 3236 4238 2092 4840 2574 4520 2517 3120 3637 4919 4792 881 4709 2727 1996 2766 1985 1796 2482 244 2930 1163 182 4764 453 4571 1330 823 2018 3561 1688 425 1607 4692 4140 2163 385 2189 2395 3793 3039 748 4377 2509 2120 4180 3953 499 270 4327 3664 2488 4663 4569
1269 1337 4063 2004 3125 215 1174 4007 2594 2220 904 3445 459 1452 2416 1312 4308 1430 2405 487 1577 3551 3508 2664 750 4779 1491 3375 3404 4527 4692 3471 3096 4272 951 3150 1559 1104 4329 4140 4868 1811 4979 3109 398 1587 636 2420 1825 1604 3021 3658 347 1445 2487 2959 1144 3794 1394 2055 639 3731 4156 3063 2178 590 3377 2485 4310 1657 1378 3488 4294 1196 1688 3721 3986 2194 3468 3153 715 3445 2539 1416 3483 4940 1667 1415 726 3762 3212 4925 3750 4422 1466 2987 1133 239 4817 3845 1501 4341 1763 3901 2034 4700 1145 2412 4927 315 1559 2680 4679 4374 753 2596 4214 2164 391 3569
3553 4899 1860 493 3667 1363 2529 3465 2291 4597 3866 2192 180 2757 1784 4964 3991 676 1943 1943 4617 3293 1199 2306 349 1491 4688 4191 4147 1710 1110 3125 3546 2917 569 4985 4038 4879 1257 1091 4846 3201 4835 4326 2043 970 3603 3051 2663 2505 734 585 3555 1874 1399 3749 4327 1675 2771 2679 3206 1024 3163 218 1256 141 2477 2743 4766 4332 3632 3724 3382 3299 439 959 393 2969 4232 3527 302 216 4873 1811 4190 3803 3651 206 4641 397 2985 4549 76 4490 2788 4934 4707 3176 2269 1237 298 2713 430 2686 827 2324 3189 2741 3339 2396 4319 795 331 275 4449 1080 2545 1105 4645 1897
3983 3533 1543 2180 4232 3386 137 2787 1474 2319 167 362 2329 1680 319 264 2640 3989 3018 1953 3559 254 2973 2369 4910 3375 4191 2132 147 4802 1952 1831 360 2187 2839 2794 2857 749 2814 3727 442 1908 4628 1876 3011 2294 95 574 4667 2370 4129 4806 88 1920 2659 3570 3142 1400 2817 3547 33 3494 2727 92 2760 3134 2954 2035 1821 3326 97 132 2694 1824 4211 2202 1718 4300 2986 4847 1737 3539 1925 1274 3921 2162 4162 2732 474 215 4430 183 145 473 3502 1609 2128 187 4844 1984 2896 1126 4287 1358 4254 915 476 3906 2083 2949 1479 580 1615 4894 2465 4907 1360 3665 2735 4709
355 3274 1862 3181 1831 167 1270 3390 2120 2246 2589 2820 4846 570 3630 3488 1899 2589 3693 4774 1599 2463 2405 748 4367 3404 4147 147 3298 2269 1304 4743 3182 3551 4213 1781 2417 3060 3566 3804 683 1856 4868 787 4344 310 888 1401 4496 1534 3627 4383 1948 872 715 3943 1058 2781 2849 3135 1351 4776 674 184 2416 2387 3461 961 2879 1173 3171 4878 1854 2533 158 3512 2197 2010 2588 1104 1540 2475 1381 1263 3836 3796 1679 4077 2180 3185 2187 3652 3824 4923 802 1800 1919 4758 2703 4167 4913 3408 3749 658 2370 1639 2548 1622 4785 3779 4613 2309 21 189 392 1273 3107 2438 3114 3558
1121 1619 75 2442 3322 3368 56 4406 326 1445 4193 1073 3539 4425 1993 4061 4366 4334 1622 519 2795 3039 3150 3451 612 4527 1710 4802 2269 4923 3180 1331 4551 2391 1456 3892 4279 3537 996 984 2287 4565 3324 3312 656 4566 899 3589 2550 1033 167 1729 3661 1831 4773 942 1908 958 177 3053 1529 3600 4429 2272 1145 4579 2605 4640 1930 3509 3352 1418 2819 3182 4342 3219 1905 2217 1319 1759 4971 273 4443 902 674 2685 2310 3922 2734 4169 1237 2203 4206 1269 655 2153 3873 1683 604 423 2360 1603 1402 2924 2840 566 3668 2235 2459 4700 276 3384 2440 1115 2942 2237 3813 3231 4131 476
3007 3453 1619 3715 4929 920 399 4588 1767 4221 4139 1448 676 4257 1932 4424 4312 4977 2719 4514 396 4269 31 4689 4966 4692 1110 1952 1304 3180 4178 3884 197 1399 4713 2440 44 213 1291 738 4851 3443 4068 3125 996 1068 317 1390 2397 712 2091 2125 2357 534 876 1347 3176 3405 3167 3835 772 2578 2528 1603 245 2561 1135 4027 4629 330 2370 2940 2806 1457 4991 2607 135 1668 2549 2371 214 1802 3276 4187 3351 2231 3215 935 3246 765 1271 1919 4424 3692 3382 1786 3546 2587 454 3772 2356 4357 2492 2976 2710 226 63 1265 1966 1949 4167 833 1955 3576 1001 1642 4748 1498 3565 2792
150 3766 3051 4892 1971 4769 119 1880 3791 4536 1144 3536 2164 4089 653 3316 4325 2677 4915 2098 1009 2680 1577 3950 2535 3471 3125 1831 4743 1331 3884 68 3745 3219 3685 4671 1387 2032 4376 358 4764 1981 4490 595 415 931 2232 1402 3578 803 4320 1802 2645 695 3829 4887 849 748 108 577 2587 3471 1364 2061 4550 4862 3217 4238 2600 542 3285 3089 767 376 4437 748 4321 3321 4566 4794 4486 3817 416 4904 4439 4083 3192 4124 3276 691 4780 1843 4674 4724 3602 3935 3496 1773 4121 4819 1696 543 2561 2114 726 3747 648 4801 1298 1950 26 4035 1512 395 1894 262 2952 472 649 2827
1358 4957 4398 1685 411 3494 83 2635 2068 4514 2013 3856 226 786 2376 1658 4902 2612 2248 2599 635 868 888 1499 4591 3096 3546 360 3182 4551 197 3745 4189 2191 2020 4507 4179 1509 498 2700 911 4143 3427 843 2825 339 221 1365 347 4924 1334 4931 2291 1035 4621 285 2693 4750 4267 414 2594 1225 4109 289 4415 1443 2198 1797 2091 2908 3257 1310 1796 2410 4393 3982 591 4669 236 742 1708 3794 1620 2241 4793 4943 180 651 1282 916 988 4125 4645 2742 2610 3731 4025 1568 3091 3670 350 784 3789 4266 404 4627 2840 4290 2604 756 2897 3468 904 2992 3442 1748 4997 4718 2719 4554
193 3199 4490 229 3007 785 1016 158 2109 2007 2336 1829 4227 1236 971 1468 3889 3258 2793 3792 3821 490 3338 799 1087 4272 2917 2187 3551 2391 1399 3219 2191 2172 595 1616 2144 166 3490 359 569 2508 1624 36 3876 502 4334 1481 3156 4379 3714 3337 3237 2075 3384 741 4112 472 1361 4700 2786 1882 326 3383 2443 2267 4218 1152 941 952 2187 807 1484 4955 3291 1140 1622 1027 1196 4222 130 565 1245 2046 469 3915 454 1770 3781 1492 4663 3791 3247 1153 1106 2127 566 2115 2904 4115 1948 4099 3241 2671 33 2723 1710 2040 2132 3240 1294 2729 3790 4922 1986 2856 2670 4474 1252 2784
1290 772 3208 4164 3091 2034 2479 4956 2721 416 876 4621 2743 2566 1993 660 2402 401 4903 4537 4113 4142 309 3757 2697 951 569 2839 4213 1456 4713 3685 2020 595 4945 1839 49 602 3900 4211 2379 1100 1897 4239 2674 2530 2952 1551 1556 3879 1040 3864 3989 948 4763 3415 4311 1038 814 3616 1890 529 843 3407 3809 1839 3643 730 3624 3920 4503 4888 4275 3133 3623 4966 1481 472 2220 2436 211 2560 4572 4236 3747 809 4809 1533 291 2163 4529 4789 2300 4830 2923 103 3543 1822 4497 4912 1170 1466 514 2135 1495 4727 3420 2376 4297 2141 227 1451 1160 1855 3172 221 2408 4063 4295 2002
34 3011 1329 569 4435 4204 368 3553 3367 2171 4729 3776 2159 3203 3679 1327 766 3029 3839 312 4758 2279 2372 3762 2812 3150 4985 2794 1781 3892 2440 4671 4507 1616 1839 2955 3822 127 4436 4574 3170 2453 851 2077 1928 3278 3965 4027 2394 1007 4916 3515 501 3660 156 4994 4891 2051 2928 2457 2513 3946 3589 470 3984 929 3311 1963 260 3524 1013 3741 759 2236 4367 3843 4653 4416 215 3409 1397 171 2346 1781 1095 2768 4800 215 201 418 4511 2156 2167 4938 813 153 3309 1720 2548 4346 1233 3503 3703 2957 882 918 3299 2171 4861 4594 1807 3312 1975 1553 2806 2490 1826 3738 938 4804
2259 4011 2798 3910 1337 1662 1413 1704 3555 970 1893 2723 1172 4707 1580 1188 2494 1728 2270 4728 2134 4156 2451 603 1428 1559 4038 2857 2417 4279 44 1387 4179 2144 49 3822 2062 4764 1666 1257 236 3564 1914 56 4408 435 733 41 2322 2431 2340 2507 4507 2768 3269 2021 1738 4666 1389 3705 4512 1575 3845 3662 1091 2954 2938 3253 2090 4338 4017 2921 2455 3624 370 3143 1192 1223 4647 893 632 1100 3162 1371 1725 3419 68 1159 4182 676 2121 1049 2698 1798 3611 843 2003 3662 4925 2339 1654 3932 3171 4141 728 2422 2488 3481 1456 2637 955 4583 4390 2149 2261 643 4346 3746 2146 1377
4593 342 54 1165 2586 3034 2862 3231 575 395 2252 1143 3207 3386 2597 826 1777 1472 3691 3361 1845 221 1828 2705 4587 1104 4879 749 3060 3537 213 2032 1509 166 602 127 4764 2465 2893 4747 3102 3084 3879 2383 3986 906 964 1309 2280 3269 273 3927 83 1013 2856 3560 2079 2646 4176 4285 1812 3590 3723 2224 1771 4860 2661 409 867 4944 696 2576 1347 2831 4612 457 4413 4411 4770 552 4082 1494 2919 4940 3074 4896 4398 3336 4003 723 1925 2309 4812 2991 1372 2392 3345 1744 4459 2133 44 4325 685 3046 2267 3841 3685 2239 3988 3431 2773 4381 110 1956 759 4382 1771 4768 994 3809
3667 3538 2287 3511 3595 4915 3647 278 4777 229 1045 4353 43 2259 2231 3276 353 4164 1123 4279 761 3762 4349 764 1409 4329 1257 2814 3566 996 1291 4376 498 3490 3900 4436 1666 2893 3232 1061 3055 1413 3746 1908 3119 4337 866 2830 3590 3356 3375 4096 4129 1661 1084 4246 3982 821 1218 3552 1568 2115 4537 2734 3763 4487 3948 3462 152 2377 3178 3202 1006 878 1912 3059 2197 2932 835 694 1998 909 137 3033 4670 1810 1557 716 1112 4713 3738 2118 2271 2178 1270 4262 2998 533 4372 787 3385 2498 4789 1362 1249 4766 1210 2581 1357 3133 285 4936 4506 3075 1352 1736 3217 358 4485 439
2394 121 4006 3850 3434 1024 3522 3862 2109 296 4720 118 1596 3872 4244 4137 1164 4508 2918 3429 4364 2025 2901 2979 486 4140 1091 3727 3804 984 738 358 2700 359 4211 4574 1257 4747 1061 911 4006 4674 2476 3816 3427 2100 2936 4494 3004 623 1356 213 526 3136 3992 2606 3418 853 2967 2325 325 4807 589 2875 1722 1680 3820 795 477 3801 4354 2737 3145 4233 1846 2241 337 1967 2830 1636 2480 2054 1664 2667 2493 4896 2570 3012 1984 3668 589 851 4200 4974 3789 450 129 414 3410 1545 3014 3064 333 668 4471 829 2285 2676 334 295 572 4984 3677 3316 2287 111 226 2303 3830 1709
2471 711 4603 1914 3173 2884 3640 2974 4850 1130 434 1888 4317 2877 1705 516 3680 395 1503 2996 1354 575 2960 276 2907 4868 4846 442 683 2287 4851 4764 911 569 2379 3170 236 3102 3055 4006 2529 120 1730 2395 2277 1864 4801 1950 4117 3145 1049 2387 218 3966 2099 3718 4876 1252 4684 1509 3624 3357 361 4997 4782 653 3732 2553 1683 4889 2674 79 1136 4693 1904 1217 2454 2726 3406 3468 1014 79 2103 909 168 2609 1766 4887 1815 3599 3690 676 4641 1533 1674 1110 4038 3167 3038 51 2362 1601 1621 2925 4599 3000 2035 1957 1491 3891 660 1127 411 2199 1171 235 377 4373 10 1730
4671 257 132 643 2544 4707 3107 4923 1383 2058 1343 2920 739 4527 3272 3671 3162 1771 3110 4369 4401 3051 1325 3619 163 1811 3201 1908 1856 4565 3443 1981 4143 2508 1100 2453 3564 3084 1413 4674 120 359 2225 4747 2149 3454 4367 3054 755 3469 3253 254 1357 892 3867 2091 2399 4556 923 3081 2650 2732 1972 3043 1381 2731 4013 2810 4217 201 1588 2607 4319 4864 1702 1551 373 1108 137 637 152 4756 1578 1382 360 2858 1024 2952 918 1622 1792 1761 4883 126 676 2779 3192 2068 4663 3294 963 3770 1585 3817 2233 546 2539 4894 4599 4294 4746 4096 1409 3752 1418 3499 3952 344 3782 2191
2407 4164 45 2450 2517 450 2488 1809 2147 902 3655 4976 2896 4093 4992 1592 1782 2252 563 323 1408 787 3595 2081 3694 4979 4835 4628 4868 3324 4068 4490 3427 1624 1897 851 1914 3879 3746 2476 1730 2225 4284 526 3493 1565 3749 2878 987 2583 2462 3386 3124 1317 2902 4360 1558 2564 3155 4215 3065 4807 3198 3493 683 682 4172 3215 2144 4165 3556 1481 2523 1632 3788 4124 727 3686 1845 59 2083 2181 4563 4365 4224 3828 1874 2930 2889 2900 1594 3144 4135 3594 2675 3735 1448 2828 1910 3093 2323 3868 367 4892 2192 2862 231 1712 2355 2546 982 2325 4539 2527 449 2019 3059 4449 1247 791
2741 465 262 3661 729 4386 2912 3582 1755 995 1741 4605 3155 35 4982 2986 3234 204 20 923 3637 4535 415 2651 1292 3109 4326 1876 787 3312 3125 595 843 36 4239 2077 56 2383 1908 3816 2395 4747 526 2991 2087 889 1646 4369 3471 602 1639 3571 3430 3354 328 3997 4733 2610 1427 3333 1635 4493 1422 1159 4860 1676 1614 1399 137 1200 4314 253 1418 1410 2028 684 1889 4994 413 4043 2267 4322 1077 4434 11 2622 734 2375 562 731 1231 2061 2805 1874 2828 3864 3727 1679 1503 3615 3197 1708 2253 4472 4198 4900 3541 4078 2651 1210 4166 421 613 1859 1258 15 2829 2036 338 412
1279 344 2033 369 1140 1156 2105 24 3551 2839 4083 1683 1055 3628 2468 1970 4112 4576 317 1594 2740 290 1905 4517 4184 398 2043 3011 4344 656 996 415 2825 3876 2674 1928 4408 3986 3119 3427 2277 2149 3493 2087 3120 1344 3381 1325 749 718 4505 1757 1846 3746 4164 1537 979 270 4710 4156 4406 4469 1325 3425 2682 4588 3525 4495 3942 1104 21 4513 2582 1300 4516 1272 2744 1054 2797 4222 2265 3595 3349 2963 2362 2469 3575 3057 4728 2670 1602 57 4781 4557 665 4492 4689 117 2230 4818 1055 971 3810 4173 4843 3659 3528 4214 1450 2326 1925 4480 1793 3815 4095 3120 3416 392 2465 2354
4017 1789 3422 3526 2210 4689 2613 1668 2648 1585 4641 3675 408 3249 1311 3067 178 4688 1042 3883 4185 1919 4482 92 4133 1587 970 2294 310 4566 1068 931 339 502 2530 3278 435 906 4337 2100 1864 3454 1565 889 1344 809 4801 2608 3626 4052 3905 4818 4890 2697 726 2365 3096 3414 4733 2198 1962 2709 1981 3510 3774 1405 1660 3336 1859 2006 849 284 1147 2411 521 841 2612 4386 635 3119 932 3967 2480 3048 2654 631 2962 1191 4302 3963 580 4009 2990 4998 1869 226 2838 4865 1647 2429 2240 4726 2040 1847 4675 1638 4434 3921 1510 3974 224 3223 4075 4236 2228 4271 3167 2270 289 4491
2666 2980 4515 1348 370 3431 3780 3886 1322 907 908 2644 2647 3833 968 4696 1040 2188 3641 1085 3273 2666 4814 1765 95 636 3603 95 888 899 317 2232 221 4334 2952 3965 733 964 866 2936 4801 4367 3749 1646 3381 4801 2012 883 4654 4201 281 769 3740 2305 4383 3532 4812 3324 3194 4464 433 4526 2715 1981 3096 236 4384 1325 2576 839 1015 4373 3961 571 2238 2581 2799 1736 664 2279 4546 1054 257 2276 392 1818 4403 258 1170 4173 4463 1202 271 4935 3183 2117 3924 17 3858 1379 452 2393 2787 1539 2722 244 3742 1862 981 1145 3476 3768 2020 2757 2705 1524 2639 2469 1677 2466
593 893 2181 3204 2996 2041 2137 4345 1235 1527 728 710 3058 4375 4021 4956 4872 3728 1120 3979 1003 487 2405 3184 4922 2420 3051 574 1401 3589 1390 1402 1365 1481 1551 4027 41 1309 2830 4494 1950 3054 2878 4369 1325 2608 883 1184 1401 1310 1183 370 1569 1728 3078 2403 3474 147 1802 373 4038 383 2597 3409 3867 3285 2713 3793 1822 3015 67 3429 4321 1491 415 119 475 3106 4837 4368 514 305 2666 3346 1652 3261 1484 3923 4521 745 2169 3543 4433 1786 1792 1853 3667 319 4911 132 3382 4003 4648 2624 4539 4048 3342 348 732 3343 1357 1075 3632 2935 4541 190 2334 4739 1228 3318
1165 697 1558 2421 2337 4195 1483 1845 2027 3689 498 4096 695 1706 1568 2339 285 220 1408 4334 3153 2993 4387 697 1410 1825 2663 4667 4496 2550 2397 3578 347 3156 1556 2394 2322 2280 3590 3004 4117 755 987 3471 749 3626 4654 1401 2542 4594 1159 2928 3904 127 3686 1879 2557 1434 2273 1515 1328 4805 1395 2928 2289 1585 318 4137 3796 1290 1619 2911 486 3176 1537 3581 1102 4793 2188 4980 4816 2298 1691 2895 1514 4519 4610 1716 3012 4461 4173 4195 1858 284 1930 606 4659 4894 1589 517 1710 4326 3985 2118 1525 1851 3894 1749 176 3383 3239 1689 3637 4411 139 4419 3311 1784 121 4248
4703 503 4167 634 4929 3669 1803 3620 4425 1239 3900 4184 3069 1006 2421 1409 1333 1551 2147 4628 2813 1150 279 119 2550 1604 2505 2370 1534 1033 712 803 4924 4379 3879 1007 2431 3269 3356 623 3145 3469 2583 602 718 4052 4201 1310 4594 1116 2463 996 4230 4040 2200 2583 2642 2392 2273 1833 922 2813 3035 1028 1054 2680 1377 2122 3331 832 3978 1925 1972 519 2917 1548 3379 1713 1390 3337 2300 4454 4796 4499 3329 165 3450 4916 964 4404 1533 965 841 1057 2314 4850 3079 2199 1892 380 2001 452 1364 2328 3756 2644 803 58 2086 3579 2491 621 2620 1607 1175 4494 4989 4102 4741 812
2191 2636 878 1301 3399 3029 4550 3096 2928 316 2724 1329 4432 1477 3962 630 4881 3885 2738 2986 172 2771 3125 944 1840 3021 734 4129 3627 167 2091 4320 1334 3714 1040 4916 2340 273 3375 1356 1049 3253 2462 1639 4505 3905 281 1183 1159 2463 1730 510 4675 2238 1727 4894 2080 2136 1168 4778 1934 4101 2844 2764 1683 4794 1942 4692 4949 4719 603 1687 1740 4653 4643 351 4647 1924 407 4900 4056 3535 429 303 4415 3056 1606 2380 800 2178 1171 149 400 3806 379 4485 3600 2493 2153 786 3496 4614 4727 1686 4665 4914 4250 4748 1423 2214 2250 197 1208 441 3748 2257 3947 3135 3233 4796
2973 4098 1295 2680 1589 3103 1827 2759 3723 4959 2187 2681 1165 3392 3857 2944 1393 3581 201 1925 396 4440 3664 4833 2161 3658 585 4806 4383 1729 2125 1802 4931 3337 3864 3515 2507 3927 4096 213 2387 254 3386 3571 1757 4818 769 370 2928 996 510 3592 882 778 3966 1458 1566 986 2067 2669 24 623 2005 3093 3493 3413 2492 2775 4038 1981 967 4941 2172 1175 1192 1506 1039 1374 4614 2553 4872 4987 953 844 3786 33 1412 241 3506 3327 747 1824 3088 2803 2821 64 3130 4878 265 2048 2674 1680 1729 1856 3687 146 37 1370 50 27 4259 1777 565 1148 2353 3467 780 3245 4555 1020
2648 3082 4858 169 1307 430 3815 1062 4910 2075 2232 1759 2890 4455 1458 1535 4549 3358 1295 4802 1102 1466 1512 4357 1791 347 3555 88 1948 3661 2357 2645 2291 3237 3989 501 4507 83 4129 526 218 1357 3124 3430 1846 4890 3740 1569 3904 4230 4675 882 2500 3502 2158 2408 30 1460 4317 4147 4823 1614 4892 4400 1970 2195 1534 143 2363 4594 3282 3922 4805 2087 3309 4473 978 4578 4077 3928 3863 4734 3517 1849 3175 104 1877 4821 484 4299 4809 4002 2071 2404 2847 4837 4773 2024 454 1753 2902 25 1239 2435 2158 4007 3216 4410 850 2907 4346 83 4952 424 3594 1939 1191 3525 3674 3371
1616 451 4420 3675 826 957 2915 1063 1990 4792 3010 4828 2354 1799 3093 3546 3597 1510 1105 2194 565 3371 3690 513 4208 1445 1874 1920 872 1831 534 695 1035 2075 948 3660 2768 1013 1661 3136 3966 892 1317 3354 3746 2697 2305 1728 127 4040 2238 778 3502 2911 4916 2668 2815 2629 2773 2259 967 4003 1501 3797 261 2587 3010 560 2872 376 654 998 638 1986 1030 474 1997 634 2211 852 2736 3194 4852 3948 4669 4087 1610 4367 1708 4758 3084 3845 4144 2246 2423 3829 1355 2470 230 2572 3012 4451 2685 1436 3206 2590 2476 3326 260 4070 921 1371 4859 1937 4746 3550 2987 4206 1180 1572
4428 2475 1314 2023 3422 3289 4146 255 727 935 381 4835 129 789 575 2851 3880 1813 469 2651 3277 2968 1786 745 4834 2487 1399 2659 715 4773 876 3829 4621 3384 4763 156 3269 2856 1084 3992 2099 3867 2902 328 4164 726 4383 3078 3686 2200 1727 3966 2158 4916 1373 3972 1134 4059 3930 3244 2862 1691 2125 4082 2099 2786 2052 2365 91 341 4635 2496 466 2039 2944 4759 1166 4686 3274 116 2000 3101 617 1737 2716 3442 3202 2811 1466 4779 3617 1680 4623 4646 4186 3331 1685 3562 403 2951 4430 975 1583 1973 2436 1673 3269 4671 1308 2051 3237 3883 3725 2982 3717 1552 1206 2685 1490 203
4375 2608 4443 1284 641 214 4997 342 3056 388 1980 3496 251 4491 1076 4150 3032 4538 219 3449 2244 4215 771 35 3367 2959 3749 3570 3943 942 1347 4887 285 741 3415 4994 2021 3560 4246 2606 3718 2091 4360 3997 1537 2365 3532 2403 1879 2583 4894 1458 2408 2668 3972 4732 1366 2355 1944 2022 1902 2638 2485 2442 3127 788 196 3282 4282 2340 4835 4414 3501 518 2205 2197 937 3455 2325 1485 4363 4614 2625 1735 4741 3947 946 2257 1429 4097 3366 993 1833 4392 2739 2674 1615 2898 4781 322 4528 1106 4249 2715 3667 1535 4921 2989 3704 1414 2637 1727 2538 4226 90 703 4516 3446 4110 1062
4300 4368 3160 3085 631 946 4566 1755 1740 3029 1596 3150 1433 2860 4088 512 4729 1281 2782 2650 3624 1412 1941 2978 2184 1144 4327 3142 1058 1908 3176 849 2693 4112 4311 4891 1738 2079 3982 3418 4876 2399 1558 4733 979 3096 4812 3474 2557 2642 2080 1566 30 2815 1134 1366 2045 2027 662 2084 2203 2461 4554 3812 3312 111 644 2412 1074 1840 660 3632 2854 3901 3381 1443 1902 741 4724 3733 3744 2566 1888 3361 2098 2299 832 4317 3100 2765 3210 2338 3924 180 3094 3397 760 2165 2740 2043 4094 4836 1110 2670 3759 554 127 912 2100 4032 202 2228 4097 1241 1589 1578 1553 360 3644 3595
801 4072 4577 551 4945 4121 473 2785 350 3368 1645 2363 2032 3713 2000 2675 996 3942 3030 2935 4689 3800 2812 2660 113 3794 1675 1400 2781 958 3405 748 4750 472 1038 2051 4666 2646 821 853 1252 4556 2564 2610 270 3414 3324 147 1434 2392 2136 986 1460 2629 4059 2355 2027 3855 931 4115 1751 2652 2893 2286 3420 1239 3151 4020 1065 4482 4989 3300 1916 4176 249 4796 2447 3345 34 4843 1075 128 820 1987 3191 3843 1008 3109 3081 3485 653 3123 631 1061 1937 1295 4706 389 2941 880 856 1302 3492 4683 1205 1827 724 1049 4550 584 4214 3974 2740 103 3571 1293 3396 390 3606 4573
4605 1711 966 911 1843 2991 969 1553 4669 2944 3504 3759 771 4165 2280 2205 35 1161 3286 4364 4734 4414 913 2571 3597 1394 2771 2817 2849 177 3167 108 4267 1361 814 2928 1389 4176 1218 2967 4684 923 3155 1427 4710 4733 3194 1802 2273 2273 1168 2067 4317 2773 3930 1944 662 931 2301 1249 3737 449 493 1656 1939 2794 1634 2948 915 1688 297 1776 4422 1883 3837 744 4304 810 1361 1114 2867 3421 3700 2873 1222 10 4997 4221 3680 2337 2154 4390 3282 3792 2112 627 1468 286 4862 2914 2020 1966 2556 4711 3065 1061 662 310 3031 457 4690 2181 4796 3350 3145 4512 410 3962 4767 793
4944 1690 1694 1189 4210 2847 2075 3572 1156 2807 2746 3737 4026 77 4299 231 3477 357 510 2660 1279 3170 2317 1147 288 2055 2679 3547 3135 3053 3835 577 414 4700 3616 2457 3705 4285 3552 2325 1509 3081 4215 3333 4156 2198 4464 373 1515 1833 4778 2669 4147 2259 3244 2022 2084 4115 1249 892 1688 3651 4668 1119 1162 3763 1396 363 2791 52 2768 924 4584 958 2540 4697 3595 3395 827 1236 4480 4743 2740 2729 1318 4116 1056 1079 4879 4723 1026 4465 20 3670 1021 740 4910 3927 4370 4210 2179 1520 4401 2872 3425 1793 1560 1700 4470 283 4013 4706 4723 1330 2450 215 1418 2721 1924 4890
4498 2040 2676 1056 3912 2867 757 1340 90 1788 3044 4540 1934 4949 1426 484 145 1513 392 944 2536 1419 4369 691 473 639 3206 33 1351 1529 772 2587 2594 2786 1890 2513 4512 1812 1568 325 3624 2650 3065 1635 4406 1962 433 4038 1328 922 1934 24 4823 967 2862 1902 2203 1751 3737 1688 3818 3586 4862 1093 2147 1421 3837 2865 1278 1350 4348 2980 4589 4957 2739 1823 1140 4681 3558 4681 2740 2643 1379 1255 2409 2888 1100 1012 4360 2588 505 1230 1985 4712 309 2219 384 2217 477 2367 4284 2173 277 2046 3854 103 4135 1733 3183 3460 426 3707 853 1988 3305 1527 3414 2337 4373 564
4378 634 1140 3020 1757 3798 3205 945 1137 1468 3801 590 3278 4532 1089 3820 1285 1267 1939 763 2611 3646 1733 1618 2435 3731 1024 3494 4776 3600 2578 3471 1225 1882 529 3946 1575 3590 2115 4807 3357 2732 4807 4493 4469 2709 4526 383 4805 2813 4101 623 1614 4003 1691 2638 2461 2652 449 3651 3586 3823 4049 3811 4734 3748 1352 2770 2901 1903 2482 3497 1077 3991 1392 2800 1368 1892 2768 3494 4694 2736 2453 888 165 3190 3205 1171 2505 2453 2369 38 495 841 2522 2701 1728 1478 3764 3641 3011 3996 4591 4155 4676 3943 2588 4088 1948 692 4307 1351 2378 4260 1563 2405 4219 799 2313 4604
3685 2595 2020 1587 2996 1617 2068 4150 3144 4263 403 3952 3838 956 2977 3007 3609 2536 4915 4851 2532 4736 666 1817 1466 4156 3163 2727 674 4429 2528 1364 4109 326 843 3589 3845 3723 4537 589 361 1972 3198 1422 1325 1981 2715 2597 1395 3035 2844 2005 4892 1501 2125 2485 4554 2893 493 4668 4862 4049 934 10 1618 1339 3735 1033 1743 4156 3165 2669 163 4155 4622 49 1628 737 2508 3685 2877 3962 3488 4463 4042 2661 645 1477 4459 4189 3991 2455 2349 3360 3609 1490 1444 4963 236 3740 3249 4347 4782 1278 3307 4513 3178 2403 591 3496 326 3619 4492 4291 1792 4360 184 1892 1701 566
1675 596 2884 2570 2211 4589 4795 1738 2201 321 4027 1133 4318 782 3310 2773 4945 4141 3547 1066 576 2177 4147 3614 582 3063 218 92 184 2272 1603 2061 289 3383 3407 470 3662 2224 2734 2875 4997 3043 3493 1159 3425 3510 1981 3409 2928 1028 2764 3093 4400 3797 4082 2442 3812 2286 1656 1119 1093 3811 10 4114 1237 2243 952 3943 3482 4427 3471 1016 449 3041 84 1552 2310 3592 2708 4763 1245 4456 3243 3944 2166 348 4374 2628 2548 907 468 1239 2621 3589 1257 2777 1810 158 259 2960 1920 806 4827 1018 3098 1396 419 3474 4136 2368 4490 2890 1105 2650 1462 662 1514 747 2403 1062
1077 4500 882 1159 2453 2731 3604 1142 78 2621 34 1286 1555 4175 2037 4328 648 4405 2149 1316 1286 3816 2054 2249 1043 2178 1256 2760 2416 1145 245 4550 4415 2443 3809 3984 1091 1771 3763 1722 4782 1381 683 4860 2682 3774 3096 3867 2289 1054 1683 3493 1970 261 2099 3127 3312 3420 1939 1162 2147 4734 1618 1237 1485 3629 3452 3902 3314 3073 4504 4936 3787 3007 4032 3511 1654 3779 2849 407 552 3250 212 2060 4641 3520 3860 3664 941 4064 1314 3099 2963 2938 4989 3358 4482 4400 2010 4052 3780 1629 3580 4321 2494 1838 596 865 1468 1645 2139 65 3930 578 3265 3214 4052 4486 4872 2921
1371 1887 1775 2177 4842 1271 2941 1978 2789 4347 3337 713 1009 1768 4717 3147 2122 3013 1224 1559 1667 550 3024 4982 4570 590 141 3134 2387 4579 2561 4862 1443 2267 1839 929 2954 4860 4487 1680 653 2731 682 1676 4588 1405 236 3285 1585 2680 4794 3413 2195 2587 2786 788 111 1239 2794 3763 1421 3748 1339 2243 3629 3735 3634 618 1296 1187 289 3839 4228 748 521 1623 2118 2927 4777 3054 4566 3130 1519 1990 4412 404 2282 2837 3752 559 1797 2414 779 3576 2948 3789 3672 3689 3247 1014 3452 3453 1958 2405 4996 461 847 1479 2080 4121 1899 2153 2970 4080 1583 3562 1824 2363 1952 329
783 825 3755 1620 2639 2378 2560 883 3527 4178 3937 242 3972 775 4607 4770 3818 946 346 3055 4802 2949 1230 580 3236 3377 2477 2954 3461 2605 1135 3217 2198 4218 3643 3311 2938 2661 3948 3820 3732 4013 4172 1614 3525 1660 4384 2713 318 1377 1942 2492 1534 3010 2052 196 644 3151 1634 1396 3837 1352 3735 952 3452 3634 3774 2549 1524 2949 1861 4936 1626 1228 3776 1490 4460 1638 1272 2975 4389 3085 3917 1126 4151 82 4131 862 3962 3912 381 2054 3160 4891 4313 4648 1427 2662 888 2631 1764 2665 2703 661 1764 177 2399 4301 1875 4174 2063 536 1931 1114 4101 1171 463 803 2022 3981
4330 450 2446 1687 2113 1971 4497 986 1739 3022 439 845 2805 2069 867 2471 953 842 1763 2874 1844 2505 4248 2956 4238 2485 2743 2035 961 4640 4027 4238 1797 1152 730 1963 3253 409 3462 795 2553 2810 3215 1399 4495 3336 1325 3793 4137 2122 4692 2775 143 560 2365 3282 2412 4020 2948 363 2865 2770 1033 3943 3902 618 2549 1114 789 683 2322 2160 3481 2527 2071 575 4484 606 3763 3701 882 258 4815 87 736 380 863 4374 1245 1318 211 3981 2291 81 1577 2827 1705 1889 477 3851 4598 4756 324 2781 439 325 4997 1886 1628 3383 1147 2375 4761 1650 123 3009 525 2135 24 1103
