N: 120
M: 24
Symmetric: true
Triangle: false
5 74 76 5 11 38
3 62 83 27
8 72 101 117 59 29 50 80 19
6 84 40 45 82 34 92
5 71 91 111 120 79
4 46 41 69 55
3 37 68 25
4 77 13 110 61
6 4 65 6 33 60 47
4 63 89 32 7
4 18 85 36 14
5 67 115 39 81 8
5 109 116 70 35 112
4 49 86 28 75
2 44 102
10 57 113 108 104 103 21 51 95 31 99
2 15 43
5 56 16 94 20 54
6 90 24 88 9 98 58
7 107 1 119 106 23 53 66
2 22 2
7 100 52 42 87 12 64 118
5 30 93 73 10 96
8 105 97 48 17 3 114 78 26
2372 738 1300 321 3909 4462 3934 3084 330 284 4475 1988 4849 1461 4107 614 3621 489 1965 3557 314 594 681 4590 3798 4248 2526 4158 1563 480 2865 2507 468 4190 3714 2340 296 4537 4209 2492 3403 849 2644 1404 1038 2519 871 4518 4211 4213 1699 2750 3097 3793 4409 3797 4882 473 2898 4684 335 715 4987 1688 438 1208 3083 296 4394 903 3710 3762 1506 3455 4631 4308 2451 4879 286 4839 3146 1364 3600 980 2290 1308 3763 17 4831 3178 3647 3723 2711 1616 4896 92 1669 4685 2617 2053 4226 1575 2736 139 4177 811 2487 542 1948 1429 4032 2091 2685 3573 4759 3151 3410 2039 587 1022
738 1953 2765 4746 1155 3282 1912 2780 4485 3842 552 1227 896 4486 315 962 4666 3239 1252 3180 4406 3368 4221 3960 2816 1573 792 1084 1573 395 1992 4020 2507 1356 4522 3681 1205 4369 4704 2781 1826 4130 4072 862 4559 2977 822 3323 587 2957 756 1266 1909 2088 697 2254 411 1886 2491 3747 2012 3601 1830 2029 4543 3910 2237 3832 4858 3863 1525 714 4731 4311 1275 4155 3280 4249 4846 1317 3295 1825 3654 2660 1675 3239 4498 1382 212 1411 94 1373 1069 4973 568 255 3734 4430 2751 937 3059 4232 584 3070 2173 1627 2447 3352 2775 3520 1504 2945 4540 3706 2895 2526 186 2039 3221 3362
1300 2765 1188 1485 665 1703 2483 2030 4357 3021 720 4010 2102 22 277 4091 2849 4508 3524 4709 2781 2830 4425 2596 3367 1189 4223 2592 4610 2855 719 3631 3483 819 1778 3072 1858 99 3823 2349 2447 32 2287 3198 77 4976 1662 1050 4912 3328 1491 4508 3380 1888 1896 3575 3347 4642 3165 4546 1039 2674 869 4829 2024 3202 2501 243 809 3732 859 3530 496 3086 1473 210 1229 1445 999 3684 869 1133 2771 3006 258 1703 2873 407 4139 837 107 2958 4377 3843 4854 1539 1520 3878 1475 4803 4731 388 2539 295 4202 149 3673 2271 492 492 4793 4150 2889 1503 1812 2946 4354 4655 297 1779
321 4746 1485 2579 2479 2086 222 1614 1887 4965 1487 3931 3752 4466 682 4406 4928 4750 1744 1135 3800 436 667 3854 2953 3817 4837 3343 1069 474 1133 154 348 4779 2394 2813 3723 2634 3507 3692 3265 3596 4433 4524 555 308 1765 4347 3735 180 888 2840 1318 4577 4271 1005 1088 2765 1638 2964 3903 877 2676 38 3222 2789 1289 1207 3120 308 473 1433 3250 4190 2353 4784 1775 2589 3909 2940 358 2908 872 2805 3155 189 3251 283 3386 724 4910 4819 1537 2675 1493 2456 4315 2315 3217 3336 2731 2938 3793 1338 1122 3623 4344 2487 1805 2918 3959 1240 648 1942 2192 829 2529 4479 3732 2753
3909 1155 665 2479 3319 4508 1689 4790 233 2721 4264 3927 3743 4827 1383 2837 3432 1265 1959 861 4401 2057 4671 3920 4321 3039 2688 2900 4014 2911 4554 368 4999 2492 2648 4718 2414 604 4084 1411 3878 4363 4577 2752 4036 3642 4607 2494 3216 573 2119 3331 628 422 3720 1191 3803 1629 4039 4713 3493 2856 3426 391 113 3431 3665 4840 4632 2591 2290 3312 4454 4336 607 4931 3577 3999 23 3505 333 991 4287 1750 1444 3368 4490 87 428 3954 1717 1300 808 914 3051 2517 29 1467 611 2675 682 4531 2553 1616 1605 2331 1071 935 2146 3862 2188 2558 2151 1214 661 3520 3370 3389 470 4911
4462 3282 1703 2086 4508 91 2645 1413 3775 4415 1462 2652 3429 2534 3961 4846 2789 4621 2152 1029 989 1110 2121 1146 4556 1378 2493 1993 1581 1465 3223 2882 3820 2631 3023 3750 3236 1028 3462 140 965 1317 3550 1821 3645 3476 669 4176 4718 597 3552 1713 1894 4117 2192 37 996 2870 2210 1163 1623 3811 3949 3942 3996 892 735 2756 2225 3489 4337 140 2716 511 419 3974 2407 2643 3812 3550 2779 2140 3489 3551 291 4440 2690 4485 2839 2731 4746 4531 64 4082 1709 4841 2291 3505 1225 4144 4946 1566 4511 4728 1116 326 1327 2424 1823 2705 4040 298 609 4237 4719 4142 4730 2036 717 3509
3934 1912 2483 222 1689 2645 2985 1195 3349 1259 3497 4711 28 4188 403 789 3502 3103 573 846 647 4626 3133 1705 1430 3129 4026 4763 3660 3338 4941 1072 3637 1818 3892 2790 723 708 4340 4666 3756 763 4317 2228 2608 153 4696 3643 3381 1650 4780 1923 3744 1213 3538 400 2768 4699 2294 4337 3809 3318 2297 179 1673 594 3229 373 612 1608 489 2799 1903 3013 4176 2923 1430 2415 3480 2028 846 490 3499 107 1189 358 4133 3275 2808 3735 4316 1825 2489 1785 537 175 604 2816 2601 3234 737 4311 2929 1525 3014 3936 2808 765 1614 2943 3412 1312 1510 2891 1875 3367 3831 4134 4788 779
3084 2780 2030 1614 4790 1413 1195 787 4752 4370 1587 3329 3453 4012 2910 1097 3030 3708 4378 13 1745 3826 4924 2147 4101 1854 2797 1560 4631 26 3308 3254 624 4927 37 1029 3414 2892 2402 4357 248 214 3428 251 4998 1153 1549 1731 2736 2917 1314 556 671 3902 1469 4698 3130 84 2504 3229 2256 513 2454 1471 2147 4183 2459 1617 3860 1456 1358 927 4482 1093 3588 4536 1483 1442 1723 3090 1530 3990 61 4941 4947 4891 3184 3040 4201 1054 2258 3021 1665 4368 80 3608 3495 423 2227 3663 805 4171 722 4307 2810 4775 3486 1840 1027 4048 1564 4233 1225 548 3196 2000 2893 428 1306 2576
330 4485 4357 1887 233 3775 3349 4752 3626 391 4489 4834 1477 3952 3976 3806 3802 1025 1948 3868 2101 3088 2361 1246 1036 2697 3439 1367 866 2253 3224 125 3709 3436 3164 1805 4590 537 2835 3097 793 711 534 178 519 4167 3049 2071 3873 106 1998 1059 226 2925 167 2468 1699 1603 4154 1060 4110 2837 3457 4152 506 3454 2760 3141 1585 4742 4484 4212 1384 1786 1997 766 4479 4204 2534 1824 1793 3461 3954 1228 1379 4312 321 3791 3744 868 4340 4060 4799 1723 2796 2227 600 2288 2699 2448 3301 910 1225 181 300 3963 2793 3978 2402 4529 1936 1638 817 3455 2292 4886 1562 3859 3846 3589
284 3842 3021 4965 2721 4415 1259 4370 391 2529 4814 274 3095 3842 1361 735 4271 1409 1266 924 3110 4104 2786 2213 3443 919 4585 3143 1413 4172 400 3769 340 696 4868 2388 55 1104 2751 4083 2700 1815 1509 280 263 1317 4165 2440 3764 228 3751 405 968 1144 428 106 1040 4602 3751 2856 1833 1421 4062 2222 2245 4158 3647 3802 1072 279 2439 3449 785 3189 4347 688 3441 1885 3379 1110 3053 1399 120 3913 2099 2463 2113 2140 1441 145 3047 426 997 1209 4749 3497 403 3952 2873 1888 3774 4173 2957 1010 4955 717 1271 4037 194 3164 4337 3182 4548 3739 4185 3611 4154 1135 4831 729
4475 552 720 1487 4264 1462 3497 1587 4489 4814 2514 1520 2981 2579 1851 2949 1087 546 4589 411 70 3606 4609 3743 2257 4460 16 4959 498 2281 4099 3519 4991 1856 4977 1909 2204 473 2979 926 1335 4716 2866 1156 3700 1580 2523 1544 4465 3676 2275 555 1950 4206 860 298 4362 2360 2645 502 3493 1253 3332 1084 1715 3691 2521 18 4016 3336 3416 455 326 3014 2796 1657 4428 3680 1066 1033 17 4058 4954 24 2907 4016 4084 3186 315 1529 1803 696 687 4266 3778 4142 1189 992 4864 4134 161 1982 3565 4910 98 4832 663 781 68 1511 2103 441 896 2979 1728 3215 1354 445 245 117
1988 1227 4010 3931 3927 2652 4711 3329 4834 274 1520 327 641 1087 2224 2079 4199 4763 2325 1411 1193 2975 331 3180 393 714 3034 4328 3199 2952 843 1858 4690 2777 1730 2941 4751 4730 2464 4217 80 742 3750 4533 3875 1190 3562 1100 2380 4620 3708 465 3109 4568 2852 982 2658 2566 4352 2341 796 1127 2163 1590 3329 3391 1235 4626 1356 4685 3327 519 4554 2098 3578 127 2341 3968 4491 1075 3262 3071 4353 432 1504 763 3573 3522 1350 777 4692 217 4773 4232 4399 1398 2445 1759 321 3193 4030 2054 2891 4204 4263 2723 3616 3752 223 3608 4509 1008 2406 4413 1703 2457 342 36 1712 3151
4849 896 2102 3752 3743 3429 28 3453 1477 3095 2981 641 2980 4283 1402 4575 364 3290 276 2341 2074 2801 2010 535 4092 2506 4330 2400 1824 3677 633 3513 4040 2114 2616 584 3464 1634 1628 2308 494 1684 2579 4687 887 3195 4826 4787 4832 4477 4213 681 1698 308 4968 4939 1427 4051 225 268 916 3835 2884 1711 3661 4953 1686 4489 535 3783 1191 3308 4496 1575 3206 727 4611 3390 4112 1429 610 3592 2604 1004 1820 4843 1527 3884 735 1364 1350 3129 3992 727 1641 3080 2513 2881 2110 2061 3655 1436 4570 400 4008 2348 962 1511 1741 4162 4614 2135 333 2811 4113 240 3318 4607 2982 506
1461 4486 22 4466 4827 2534 4188 4012 3952 3842 2579 1087 4283 963 3022 3524 2256 2588 3261 3368 3684 349 3094 117 4461 3229 4085 4782 1217 1123 3718 1038 1089 82 3230 518 2971 1380 1689 1317 4105 2270 2785 553 1261 1824 3000 2383 3128 4269 858 1271 4396 640 3070 1881 2433 3257 1155 2497 219 2579 3232 4877 4867 3452 1551 3445 1721 3501 4599 4883 2170 4444 4067 2667 497 2986 12 4767 4774 4421 2252 4804 1730 1500 3625 4874 1940 2905 74 2719 1247 508 1342 1438 1238 890 1352 4527 3845 4186 3862 3559 337 62 410 973 3770 744 76 4432 1150 2773 1181 1708 4868 2124 4476 386
4107 315 277 682 1383 3961 403 2910 3976 1361 1851 2224 1402 3022 4188 3721 1022 3683 2629 61 2460 3739 2662 590 649 4685 2918 315 3859 808 1121 4485 754 148 346 551 4452 2282 2885 4725 3554 437 4079 3138 2554 3886 4647 4841 582 4685 1062 4645 1596 213 3913 198 1796 4378 2701 1810 2833 1094 3377 505 3912 4312 4664 57 3429 3707 739 377 2786 2086 366 1627 1996 1772 1373 3706 2863 3317 3500 1829 1376 3702 176 2527 2709 2336 3613 1886 4320 2172 1071 1910 995 2840 1773 1776 2350 513 4941 4880 4662 1707 31 3303 1749 3501 981 3187 4455 3562 3999 4596 2106 2977 3279 4135
614 962 4091 4406 2837 4846 789 1097 3806 735 2949 2079 4575 3524 3721 3733 4348 4177 3272 923 4203 4650 3743 321 3370 1782 1718 137 4888 4193 2012 2281 2526 2742 3455 2583 3717 1097 4669 63 671 4645 2725 2166 1910 4940 3255 2006 1659 1524 611 3933 4358 3721 3288 2440 465 670 3121 1591 2624 4399 3045 2563 3922 3167 4771 3894 1461 2927 1053 774 732 1259 1949 1279 2118 2299 2928 2242 2556 3272 2289 4508 830 4104 806 4299 370 4198 2396 4146 3932 1158 3441 1127 3068 2220 1601 1812 1975 3715 4959 2551 2376 2617 4166 4369 3755 2698 3595 1607 2847 1027 413 1638 2581 3830 4566 4266
3621 4666 2849 4928 3432 2789 3502 3030 3802 4271 1087 4199 364 2256 1022 4348 4241 1190 4927 3628 4550 4630 3843 3689 1750 2842 2682 3177 4566 1264 1645 2794 1444 1422 2784 3065 2243 2855 2064 3381 4419 1102 4166 2994 689 1748 4224 3460 4365 1359 3839 1987 3193 1056 4199 164 4158 3844 2524 526 2875 4708 2589 583 3822 566 1912 4210 3525 3229 1491 2803 1046 1922 536 594 1572 4925 2759 286 3121 4839 998 2104 2525 67 3949 3425 2152 498 4579 2828 3220 3516 4794 1417 1617 2801 2679 4795 2195 819 3058 3543 1410 4014 1441 3242 2991 4245 349 836 2389 4482 635 255 1290 3460 3423 2594
489 3239 4508 4750 1265 4621 3103 3708 1025 1409 546 4763 3290 2588 3683 4177 1190 1132 2592 4369 4061 4046 2747 3455 2227 836 308 3000 3241 3139 1862 2224 4980 2818 4857 3456 3373 2368 2598 4144 1475 3632 2882 4073 3179 4510 999 2756 3333 1634 2290 1777 3909 4954 15 3206 1274 2877 1236 3319 2901 2194 1077 3723 3466 1535 933 2111 3097 3173 3323 4447 987 1749 52 3178 2901 1564 2042 4422 3356 1620 2955 94 4754 3307 3519 644 811 173 2749 4896 3680 680 4443 3130 1862 1944 1386 4827 3867 710 2501 414 3338 1373 1456 108 3135 3564 4465 2780 4439 2071 3058 1437 3781 4296 32 2849
1965 1252 3524 1744 1959 2152 573 4378 1948 1266 4589 2325 276 3261 2629 3272 4927 2592 1231 2920 4918 3501 3415 1498 1407 3520 1370 4524 4000 2570 2538 250 765 4258 4914 4130 1052 148 1076 4865 2568 1781 1553 1493 4054 1419 4416 273 3003 1464 3935 3704 2569 3877 4569 3084 2476 2651 255 2709 4360 1802 1458 2355 912 4894 3164 4831 1186 3341 3586 152 1042 1891 2361 1733 3382 89 3899 3860 2702 1196 4518 2479 4671 4364 3793 845 1849 118 391 3970 3492 3854 3645 752 291 3353 1998 2135 4453 4484 1303 4576 2242 2441 2410 1266 1955 374 4899 204 337 4813 280 2683 2601 4786 1342 780
3557 3180 4709 1135 861 1029 846 13 3868 924 411 1411 2341 3368 61 923 3628 4369 2920 4741 1415 3774 251 2076 2214 959 1540 4605 2643 2603 1905 4108 2231 2892 1844 2219 2994 3606 2067 4449 4966 4552 1870 4733 395 3004 675 1137 734 3753 4453 4917 461 677 3386 1729 4531 2039 2522 2202 3587 4843 3287 3136 2222 795 4471 4313 3064 1611 1115 4721 613 1671 4266 586 1941 2312 4536 2103 2985 2165 1807 4408 3688 4767 2917 57 736 1373 4536 3824 2784 4343 4537 2796 1673 475 87 1150 2475 2270 4948 1665 2924 4981 4533 635 2431 1461 3084 3928 2694 4665 1580 3202 2901 314 1711 3700
314 4406 2781 3800 4401 989 647 1745 2101 3110 70 1193 2074 3684 2460 4203 4550 4061 4918 1415 4664 2878 436 1429 817 541 1672 227 1762 2567 2288 1213 3151 2259 4869 1545 4202 4564 2420 2086 1195 2132 352 1937 2587 3891 4677 3747 1057 4364 3599 45 171 2052 652 4977 2338 2357 3361 3594 3455 460 1167 4067 1209 119 885 872 3846 2513 1662 4659 1868 3409 3120 980 2498 2614 821 2664 484 4588 3639 379 977 2586 894 4888 2701 2881 3016 2096 4534 360 2089 801 4812 1442 4990 699 1282 3204 2362 4385 4167 836 1616 2165 3578 3760 2296 4276 4838 2396 3895 2637 4855 3829 3788 2616
594 3368 2830 436 2057 1110 4626 3826 3088 4104 3606 2975 2801 349 3739 4650 4630 4046 3501 3774 2878 1857 1787 82 4397 447 2246 4476 3906 4837 3352 1695 1716 1878 1825 4455 2107 3610 1961 4031 4774 1436 2981 4822 460 3682 1450 3940 966 2400 4658 1893 3122 2696 2997 1585 3044 180 721 4949 2692 4946 3441 1117 1144 751 3122 2746 1311 4776 4275 2593 4342 2303 974 1483 2592 638 1857 2564 709 3380 1204 709 4594 1835 124 2417 3703 1844 4368 4992 2387 3009 2874 691 534 1430 4088 999 2335 3013 2670 3206 314 3364 4448 1683 4360 1847 2168 2220 1396 2616 1197 2687 3045 4730 978 3850
681 4221 4425 667 4671 2121 3133 4924 2361 2786 4609 331 2010 3094 2662 3743 3843 2747 3415 251 436 1787 1497 2527 4581 1855 257 897 1792 921 3795 2661 1860 1582 3007 1067 2156 3051 1547 1841 4603 3813 2105 3206 897 1068 1212 4215 4467 1514 4513 3556 1200 929 3764 2667 4249 2642 4648 3047 1202 2711 2731 109 1362 1039 2235 271 4273 1770 3181 2400 1123 2890 2615 2530 4420 1515 2472 4280 2189 1766 3122 427 530 3617 4720 4092 956 387 1150 3298 3090 2068 4945 2584 129 4873 2253 3782 2240 3097 1417 2135 3645 4221 2821 558 4406 4667 1867 2574 1101 3770 1954 4999 543 2874 2734 4432
4590 3960 2596 3854 3920 1146 1705 2147 1246 2213 3743 3180 535 117 590 321 3689 3455 1498 2076 1429 82 2527 3286 3503 4563 3513 4691 4204 778 4405 409 3796 671 4749 4778 4983 4160 3090 2690 1265 3600 607 2268 4812 549 3837 4706 1671 754 1564 2856 35 953 261 3583 1280 3740 3334 3378 4524 3517 2167 3347 3801 3138 1651 599 2709 2998 4032 2734 4624 4533 4105 4300 4486 130 62 3676 2410 4029 4143 544 2947 3147 3848 396 2115 4569 1123 4482 152 3847 656 2641 1741 741 2114 2409 4129 1111 1699 1204 1730 1374 1910 3291 4867 2825 883 2399 1407 712 2059 1905 4860 1865 228 4773
3798 2816 3367 2953 4321 4556 1430 4101 1036 3443 2257 393 4092 4461 649 3370 1750 2227 1407 2214 817 4397 4581 3503 3685 3487 2776 4022 3393 3545 3845 4845 3325 3328 4962 3165 4073 2666 1310 64 3796 2122 2147 1603 1301 3414 941 4015 4945 1263 1142 3919 2959 4931 3559 4494 4720 4844 4559 1162 4496 4502 893 3622 4427 4349 4986 4346 4287 901 3361 1597 1700 1702 1224 2541 2678 3412 4816 3438 2154 136 3369 3114 1971 2758 1987 4524 4357 1760 2119 4540 3046 4893 2565 4693 2561 2136 237 526 4531 2521 2239 3214 431 3233 1997 337 1224 3662 565 4696 4474 1420 875 4416 1382 186 4927 4773
4248 1573 1189 3817 3039 1378 3129 1854 2697 919 4460 714 2506 3229 4685 1782 2842 836 3520 959 541 447 1855 4563 3487 1700 4964 2591 3171 1525 3516 1845 1369 1646 843 4146 4267 4099 4510 1977 4642 3434 1296 1154 3507 3330 4240 4834 312 2632 3298 3364 1883 531 3810 3634 1326 4864 2745 1564 2233 1566 697 642 1055 3241 3533 3378 3177 3133 1958 1120 926 248 3215 122 3107 2782 427 1865 3627 683 2815 4370 3949 3034 4406 3521 1977 1533 1307 1983 2440 4567 1481 29 3368 1265 1798 2588 3157 4009 4892 1372 1395 1667 2985 3389 4779 3463 2180 3472 2900 1759 3939 2606 227 4030 3675 2337
2526 792 4223 4837 2688 2493 4026 2797 3439 4585 16 3034 4330 4085 2918 1718 2682 308 1370 1540 1672 2246 257 3513 2776 4964 2092 2219 2771 3973 4145 3679 4839 4385 3168 3131 3937 4530 2450 4728 905 2903 1203 1691 729 386 1288 1894 2971 938 3521 347 4848 3390 4888 1904 4779 4069 4687 2019 4696 4935 1054 2343 4021 2998 4245 4034 3079 4006 4016 4197 3297 1886 1257 2663 2847 2664 3020 1631 1664 2704 3877 1241 4576 2029 1603 3861 4564 2132 939 830 2835 256 4757 879 4757 1681 4393 1947 2985 3309 4857 798 2805 3354 4820 182 1214 4691 4760 874 242 2058 884 505 3826 2029 3102 35
4158 1084 2592 3343 2900 1993 4763 1560 1367 3143 4959 4328 2400 4782 315 137 3177 3000 4524 4605 227 4476 897 4691 4022 2591 2219 3346 2755 1305 1053 1730 4206 628 2295 4476 1217 1651 2905 1254 4890 4083 4912 4774 4742 1393 642 4200 1117 1434 4867 4758 2783 242 4031 2590 2082 3042 2509 954 1348 1571 4954 22 3826 3282 3419 2013 1590 1542 3710 4524 1151 4064 217 3239 1178 2207 2585 728 2606 2633 1679 1779 1207 4896 2996 3275 3404 2259 3040 1254 806 3369 3440 3619 3682 1280 3411 3156 4895 2993 3809 3747 1008 834 3190 2879 1066 2852 4164 2806 3438 3732 824 4485 242 538 3903 1786
1563 1573 4610 1069 4014 1581 3660 4631 866 1413 498 3199 1824 1217 3859 4888 4566 3241 4000 2643 1762 3906 1792 4204 3393 3171 2771 2755 3642 4506 2979 4184 521 395 734 2369 2563 2649 3188 2912 711 1039 824 4095 247 3612 3073 4150 2938 3926 3167 1313 3678 4796 3599 1394 3055 4240 130 480 4517 4692 4730 2984 3655 568 1020 3733 3609 4429 2713 56 1698 1304 4802 3710 561 4797 2084 433 1013 4498 442 2585 1002 4029 25 4710 575 156 208 250 269 942 2565 1040 3297 145 3105 497 4071 2287 1653 2546 541 3057 217 2543 3535 994 3467 1472 1635 3576 4173 3086 2436 1071 4704 2266
480 395 2855 474 2911 1465 3338 26 2253 4172 2281 2952 3677 1123 808 4193 1264 3139 2570 2603 2567 4837 921 778 3545 1525 3973 1305 4506 2999 1067 2166 1299 1252 644 952 159 3474 1162 3307 838 950 4279 896 4675 1057 495 4376 886 3197 3890 1293 4500 2208 1473 753 785 374 3838 2648 11 1234 2148 1334 2095 4353 4407 2179 1204 2136 971 4958 2526 852 1244 2125 555 251 4427 4921 110 3471 2020 3533 210 2301 1938 3057 3152 1677 4278 4618 3159 4207 840 2981 1130 4426 3056 3034 43 1478 1960 4302 3380 2374 4171 4470 4092 1174 4507 1513 4351 3377 2534 1224 2204 4342 4139 643
2865 1992 719 1133 4554 3223 4941 3308 3224 400 4099 843 633 3718 1121 2012 1645 1862 2538 1905 2288 3352 3795 4405 3845 3516 4145 1053 2979 1067 692 4849 4826 2088 863 3471 3783 3842 701 2157 1826 508 3381 1511 3258 3311 306 4127 1067 2255 1785 496 2762 1145 2794 262 4008 4515 2231 2869 1614 2258 716 3141 285 2536 1767 1841 1442 2850 3097 4732 4774 4750 690 427 1911 492 2868 366 4585 158 3852 940 1546 1412 2046 1588 1981 1832 1240 3496 2183 4512 1106 979 2257 4066 104 3645 4079 2253 3330 1545 4715 4897 4046 2606 764 4312 4539 2013 2645 147 1059 4751 1931 1182 4716 4015
2507 4020 3631 154 368 2882 1072 3254 125 3769 3519 1858 3513 1038 4485 2281 2794 2224 250 4108 1213 1695 2661 409 4845 1845 3679 1730 4184 2166 4849 2062 1839 1074 1064 4509 3691 4329 4749 850 4877 3729 2815 3898 4189 1452 1276 1351 646 813 1358 4432 1949 4799 546 3431 2446 2547 2743 2591 2637 2496 1592 3322 1296 250 993 250 2000 2713 1567 4531 4548 1585 2822 4687 2420 1881 315 239 4257 1537 982 1207 1529 4694 1356 1503 4426 3337 2601 428 302 4006 209 4752 1428 1096 3734 4994 4361 3674 3634 3374 2693 1507 2946 2076 942 3983 3967 4688 2296 3071 4561 3927 345 1067 3301 3196
468 2507 3483 348 4999 3820 3637 624 3709 340 4991 4690 4040 1089 754 2526 1444 4980 765 2231 3151 1716 1860 3796 3325 1369 4839 4206 521 1299 4826 1839 4373 2363 2121 4615 4736 72 51 4775 3875 2214 2322 2023 4627 4481 420 2561 4617 3277 1436 95 1294 2901 4644 2631 1970 4286 1272 2650 1980 2127 2018 4566 356 344 2592 2199 2112 2501 3657 3718 650 3466 3569 4316 4637 3874 4769 4508 1762 3216 3477 19 4538 3492 996 3571 1344 3676 3916 1509 705 860 101 4750 3278 182 454 3800 700 444 4516 377 3624 4990 2283 2764 2848 1522 772 3051 1981 2216 994 4224 1958 2713 3921 3080
4190 1356 819 4779 2492 2631 1818 4927 3436 696 1856 2777 2114 82 148 2742 1422 2818 4258 2892 2259 1878 1582 671 3328 1646 4385 628 395 1252 2088 1074 2363 4685 829 2320 1840 4465 4825 3263 1180 2648 4863 13 957 2115 4708 994 4515 4975 2309 2429 2013 3340 243 720 612 3305 498 3118 828 2267 4306 3098 3772 3220 887 3591 2400 1762 4466 3090 1751 3366 3579 4558 574 2184 2266 1309 3214 4295 2990 3930 3632 3719 3448 101 1340 773 2345 296 2047 3076 376 1647 2594 1800 1398 1783 3769 1895 4871 392 3629 3119 2357 4282 4776 3949 2461 2245 4570 771 1536 2640 1946 3793 2431 2067
3714 4522 1778 2394 2648 3023 3892 37 3164 4868 4977 1730 2616 3230 346 3455 2784 4857 4914 1844 4869 1825 3007 4749 4962 843 3168 2295 734 644 863 1064 2121 829 607 2994 3558 2439 3464 289 3334 4409 3495 3779 2921 4892 1203 3024 3765 3949 4438 3197 3850 1366 155 1284 505 4570 4250 4628 4093 856 347 4131 4012 1119 3781 1544 236 2727 3117 2597 3236 2075 1616 2018 428 4277 3433 2658 3875 803 348 1097 998 1571 68 4379 4006 110 1053 2559 3223 3210 2846 4645 97 4644 4134 590 4709 4040 1475 4694 3189 3198 683 1467 413 1172 4702 59 3949 3147 310 3073 4693 2133 4547 3274
2340 3681 3072 2813 4718 3750 2790 1029 1805 2388 1909 2941 584 518 551 2583 3065 3456 4130 2219 1545 4455 1067 4778 3165 4146 3131 4476 2369 952 3471 4509 4615 2320 2994 2551 2872 2735 2414 1954 145 4806 332 1824 812 3232 4422 4419 2285 2856 1096 3582 1004 95 1422 2330 179 2648 3295 3207 104 405 1380 3254 4747 3604 3491 2804 4471 1227 100 2831 4566 814 2175 4934 984 2504 1165 4251 802 508 2620 1058 766 4082 3924 3234 2857 1045 186 1003 4953 2345 1855 2273 4108 4611 1280 208 1553 2368 2453 1960 3894 1216 628 1591 1827 2611 3390 100 4480 2543 1433 1117 1531 2039 2908 1547
296 1205 1858 3723 2414 3236 723 3414 4590 55 2204 4751 3464 2971 4452 3717 2243 3373 1052 2994 4202 2107 2156 4983 4073 4267 3937 1217 2563 159 3783 3691 4736 1840 3558 2872 4039 1061 4467 1315 4474 4273 2096 2357 4424 3565 1959 1548 4378 3768 159 3341 944 3804 4053 2559 3550 1604 3506 2585 4083 3060 4866 2215 4560 2576 3333 4698 4608 809 3189 3917 4895 1603 3151 2011 4265 3720 3830 4750 3021 38 3555 2699 1693 891 4420 2180 4103 3319 4686 1562 2786 1160 879 3103 1552 110 2805 2597 210 307 253 1815 4441 2490 3694 1844 4547 3264 3368 68 1122 2307 3456 3597 2155 155 1346 4426
4537 4369 99 2634 604 1028 708 2892 537 1104 473 4730 1634 1380 2282 1097 2855 2368 148 3606 4564 3610 3051 4160 2666 4099 4530 1651 2649 3474 3842 4329 72 4465 2439 2735 1061 4794 1423 2292 3620 4878 82 467 2173 1959 4425 3515 3794 3903 4497 1409 3211 2129 3772 885 211 129 122 743 1358 1246 2518 3961 4210 1540 3210 326 4874 2753 4332 4980 1757 2867 1297 3217 2420 3545 167 3348 3472 927 2611 4895 1938 1069 1805 325 2975 2023 3822 2910 4762 295 100 2129 2507 1419 847 819 3711 1327 1720 1476 1504 1582 458 3433 4307 2334 1094 1633 4540 3371 4120 3148 3231 1130 1697 3191
4209 4704 3823 3507 4084 3462 4340 2402 2835 2751 2979 2464 1628 1689 2885 4669 2064 2598 1076 2067 2420 1961 1547 3090 1310 4510 2450 2905 3188 1162 701 4749 51 4825 3464 2414 4467 1423 3147 4782 4317 2598 1095 2193 2101 829 4803 1235 440 843 855 2637 4664 609 2912 3866 4985 2453 2993 850 966 4099 932 3970 4774 4028 4550 1818 4558 3954 3762 1815 1324 117 3629 3752 2172 3094 3699 701 3159 1905 2937 4727 384 3003 852 374 2195 3704 1438 2811 3727 1701 1149 2662 2416 1974 1479 291 3781 773 2190 4180 2566 4677 4431 109 1201 1408 3523 195 1087 1523 1187 4195 3510 3402 1101 3433
2492 2781 2349 3692 1411 140 4666 4357 3097 4083 926 4217 2308 1317 4725 63 3381 4144 4865 4449 2086 4031 1841 2690 64 1977 4728 1254 2912 3307 2157 850 4775 3263 289 1954 1315 2292 4782 4001 951 2866 3895 4898 4454 2398 4295 2922 4588 880 426 1833 3245 4728 69 1779 751 4231 1663 4357 1920 3526 1706 2708 4937 1502 2142 2302 2995 553 345 4779 4962 2820 3626 1143 4291 3962 2683 2793 3736 3196 3164 763 3319 798 3873 1471 4891 4809 3252 3058 4042 2121 2370 4960 2674 648 2798 4093 3185 4982 4049 1039 102 3736 808 4535 1721 3272 2759 3760 1446 1888 2135 2778 3437 2856 4628 585
3403 1826 2447 3265 3878 965 3756 248 793 2700 1335 80 494 4105 3554 671 4419 1475 2568 4966 1195 4774 4603 1265 3796 4642 905 4890 711 838 1826 4877 3875 1180 3334 145 4474 3620 4317 951 337 188 4212 4058 337 2065 3637 23 1385 268 374 3422 64 4290 2121 3860 3107 1719 3974 1674 1089 4608 4894 1144 2076 4296 4784 2288 171 2439 3901 3295 582 3579 1216 1443 1562 1352 4008 4602 2820 582 174 2628 2105 3066 3176 3840 860 4610 3608 2657 3719 2887 3042 2702 2389 3566 1275 376 4238 3137 805 4116 2348 1579 621 273 57 864 3917 2846 4865 1175 76 108 2987 4647 432 3311
849 4130 32 3596 4363 1317 763 214 711 1815 4716 742 1684 2270 437 4645 1102 3632 1781 4552 2132 1436 3813 3600 2122 3434 2903 4083 1039 950 508 3729 2214 2648 4409 4806 4273 4878 2598 2866 188 847 2732 2566 1493 144 1587 3968 2117 3466 1048 565 3769 292 3269 1876 2667 2543 4562 3381 2341 3645 4645 2216 245 2279 3386 1128 2083 1739 3010 1099 1518 1846 3102 2155 1742 1209 2215 1872 396 2084 290 1331 1088 42 1570 3669 584 1378 2114 1766 3941 2435 2586 13 934 3229 2573 3839 4239 108 3309 4630 2103 1386 4442 3591 857 808 2175 3978 2575 3072 2557 1178 4910 1911 4603 2384
2644 4072 2287 4433 4577 3550 4317 3428 534 1509 2866 3750 2579 2785 4079 2725 4166 2882 1553 1870 352 2981 2105 607 2147 1296 1203 4912 824 4279 3381 2815 2322 4863 3495 332 2096 82 1095 3895 4212 2732 4085 2080 1154 657 4973 3147 3470 10 3672 92 2848 2990 4336 835 3310 3834 1616 306 1379 2203 966 2768 338 2814 1314 2351 4518 3262 1889 2450 605 1192 1640 3169 4046 4663 2309 3562 623 4195 27 3227 3259 4616 2741 2069 3998 4606 4274 4536 1427 4399 671 4672 2974 2409 2733 4276 1616 4667 972 2024 1237 2933 2955 185 1043 17 4503 4281 518 1367 4871 4090 3672 4573 1017 3121
1404 862 3198 4524 2752 1821 2228 251 178 280 1156 4533 4687 553 3138 2166 2994 4073 1493 4733 1937 4822 3206 2268 1603 1154 1691 4774 4095 896 1511 3898 2023 13 3779 1824 2357 467 2193 4898 4058 2566 2080 167 3864 2542 2771 1895 2523 3933 251 1323 4061 769 3507 3264 1362 2523 1613 3080 4603 411 4361 897 1835 1423 116 4423 1926 4937 761 2675 739 2744 449 2568 3690 4371 478 4935 4545 1962 4249 2165 3688 2028 1076 1796 75 4873 2402 4769 723 3305 4914 2071 3065 1772 4791 3632 3793 73 787 4867 3676 4484 1453 4003 2437 4080 3175 1459 465 3517 2810 2153 2027 2279 498 2330
1038 4559 77 555 4036 3645 2608 4998 519 263 3700 3875 887 1261 2554 1910 689 3179 4054 395 2587 460 897 4812 1301 3507 729 4742 247 4675 3258 4189 4627 957 2921 812 4424 2173 2101 4454 337 1493 1154 3864 4157 117 2418 4730 3498 2839 2921 155 2481 3359 4303 4936 4565 247 375 1018 3886 79 3396 4390 2193 264 1514 2444 379 3489 1250 2676 2875 3874 1611 2734 1484 4666 2469 99 3360 2046 4064 4979 305 3776 1272 2336 2080 2163 1927 3294 1944 2395 3577 2911 1694 3316 4768 1946 1543 4850 172 4945 1261 810 550 1474 3956 4621 4255 1181 4658 188 325 3440 1377 3430 719 210
2519 2977 4976 308 3642 3476 153 1153 4167 1317 1580 1190 3195 1824 3886 4940 1748 4510 1419 3004 3891 3682 1068 549 3414 3330 386 1393 3612 1057 3311 1452 4481 2115 4892 3232 3565 1959 829 2398 2065 144 657 2542 117 3014 2656 3002 4351 1633 2883 963 2357 2327 4521 671 3303 2862 4538 62 3083 4723 4354 87 2521 489 1059 2217 4018 2456 4811 4626 2409 1738 1563 2086 178 3475 3245 3786 3274 64 1140 91 1813 1391 356 3311 3405 440 1714 3919 4737 972 945 2511 3199 2636 1071 3806 66 1126 110 2756 3994 1262 2613 4473 1207 2816 2201 2281 1531 4028 4407 1598 4475 4176 678 1899
871 822 1662 1765 4607 669 4696 1549 3049 4165 2523 3562 4826 3000 4647 3255 4224 999 4416 675 4677 1450 1212 3837 941 4240 1288 642 3073 495 306 1276 420 4708 1203 4422 1959 4425 4803 4295 3637 1587 4973 2771 2418 2656 2309 1793 1693 1186 3218 3219 548 43 1344 1853 984 1385 589 914 3014 36 2750 1649 4488 3521 642 4642 4392 3399 3814 1600 3019 4004 2086 910 3795 162 1818 644 2499 1102 3524 420 2467 4186 587 2186 2623 4638 3125 3745 3165 2437 4776 2342 3653 566 1664 424 2692 898 4335 425 918 1755 899 4443 1339 3283 2890 3541 4507 4611 786 1729 1474 4745 2271 408
4518 3323 1050 4347 2494 4176 3643 1731 2071 2440 1544 1100 4787 2383 4841 2006 3460 2756 273 1137 3747 3940 4215 4706 4015 4834 1894 4200 4150 4376 4127 1351 2561 994 3024 4419 1548 3515 1235 2922 23 3968 3147 1895 4730 3002 1793 214 4646 3661 1459 3976 2825 878 453 1930 4559 4073 4205 890 4581 2837 3586 1331 3065 1037 1692 4707 1215 2555 4153 1952 2532 1491 2403 3883 3855 3028 4640 2602 638 3859 1241 350 1026 4455 890 1478 1627 4337 572 688 3218 3254 1473 1208 3505 4288 4065 1393 3683 3068 2087 2668 2373 2403 4019 2256 3559 3993 2811 2225 2218 1477 2229 4390 4517 4820 2218 118
4211 587 4912 3735 3216 4718 3381 2736 3873 3764 4465 2380 4832 3128 582 1659 4365 3333 3003 734 1057 966 4467 1671 4945 312 2971 1117 2938 886 1067 646 4617 4515 3765 2285 4378 3794 440 4588 1385 2117 3470 2523 3498 4351 1693 4646 4011 2497 1929 2585 2799 3251 3176 930 4791 4737 1001 4744 707 3707 3020 3723 1830 3988 1711 4430 72 3322 482 1481 2894 992 4626 2851 284 1927 3766 1206 3746 3190 2697 2676 1635 573 1399 43 4810 1406 3199 1118 391 4784 110 2054 478 2387 3096 2477 2315 1619 103 1906 815 784 1944 4240 2127 4366 2243 1188 1926 2040 2620 1727 27 2977 4391 4810
4213 2957 3328 180 573 597 1650 2917 106 228 3676 4620 4477 4269 4685 1524 1359 1634 1464 3753 4364 2400 1514 754 1263 2632 938 1434 3926 3197 2255 813 3277 4975 3949 2856 3768 3903 843 880 268 3466 10 3933 2839 1633 1186 3661 2497 1055 1566 2679 4949 4801 4751 1336 2208 856 1351 3679 1276 2891 968 1153 333 1409 2556 3072 4206 3199 1056 2678 600 1192 1647 1251 1052 2370 2618 951 4814 866 379 1650 4351 4753 1487 3488 4596 2967 296 4132 4475 3902 1896 1640 3011 2854 309 38 123 2589 3625 1493 1647 664 4705 4754 2534 4434 2706 343 1877 1229 3523 2648 4946 4285 2768 3941
1699 756 1491 888 2119 3552 4780 1314 1998 3751 2275 3708 4213 858 1062 611 3839 2290 3935 4453 3599 4658 4513 1564 1142 3298 3521 4867 3167 3890 1785 1358 1436 2309 4438 1096 159 4497 855 426 374 1048 3672 251 2921 2883 3218 1459 1929 1566 4972 1052 2552 525 4020 2237 1579 2481 2261 4695 1318 1542 4742 2893 995 4867 559 991 3210 167 2004 2894 2828 4414 1420 2813 3728 1831 4297 3288 1533 1901 3066 3748 3328 440 492 1550 4079 2072 251 1578 3863 834 2731 3491 2235 1169 4113 2412 2411 3755 2051 2372 3646 4431 2881 2633 1576 3856 418 4442 2656 2520 4754 1414 4014 4724 4429 2584
2750 1266 4508 2840 3331 1713 1923 556 1059 405 555 465 681 1271 4645 3933 1987 1777 3704 4917 45 1893 3556 2856 3919 3364 347 4758 1313 1293 496 4432 95 2429 3197 3582 3341 1409 2637 1833 3422 565 92 1323 155 963 3219 3976 2585 2679 1052 949 1570 4943 790 4993 3572 4614 4630 1566 1603 4518 2909 4586 4020 3689 1284 1505 1305 836 1366 2355 3261 162 2473 3083 583 3036 2556 3591 2468 1309 820 986 293 3564 638 3332 923 562 2590 1982 3022 2167 690 537 3092 3983 558 1784 4177 4789 3861 2011 3503 560 3651 2239 4580 1006 3840 2922 3365 467 3434 1766 3728 140 574 494
3097 1909 3380 1318 628 1894 3744 671 226 968 1950 3109 1698 4396 1596 4358 3193 3909 2569 461 171 3122 1200 35 2959 1883 4848 2783 3678 4500 2762 1949 1294 2013 3850 1004 944 3211 4664 3245 64 3769 2848 4061 2481 2357 548 2825 2799 4949 2552 1570 4303 1771 304 4272 2142 1434 2709 286 4731 3472 3714 826 3868 1959 3179 3934 4332 3954 1355 658 4377 1306 4715 2950 2607 4183 4529 2697 4329 2714 1734 900 2070 2372 1107 3844 700 3701 4378 2050 2824 4936 1488 1445 671 3149 508 2008 2301 4720 3950 1273 3305 1658 3506 4438 1616 4678 541 2087 4361 3407 2669 441 2539 1536 4154 4056
3793 2088 1888 4577 422 4117 1213 3902 2925 1144 4206 4568 308 640 213 3721 1056 4954 3877 677 2052 2696 929 953 4931 531 3390 242 4796 2208 1145 4799 2901 3340 1366 95 3804 2129 609 4728 4290 292 2990 769 3359 2327 43 878 3251 4801 525 4943 1771 355 2378 2948 2737 50 2679 2320 2064 3512 1310 2024 2326 579 2829 1894 568 3718 1373 393 4080 572 4901 3920 360 1160 2555 1636 588 2729 3411 1456 2932 3693 3812 2878 4573 1848 2315 1832 3424 4928 612 120 1593 2724 4850 312 685 556 193 564 1657 3277 4124 734 4849 3602 3169 3932 2394 4265 2942 1411 465 322 3534 4831
4409 697 1896 4271 3720 2192 3538 1469 167 428 860 2852 4968 3070 3913 3288 4199 15 4569 3386 652 2997 3764 261 3559 3810 4888 4031 3599 1473 2794 546 4644 243 155 1422 4053 3772 2912 69 2121 3269 4336 3507 4303 4521 1344 453 3176 4751 4020 790 304 2378 4150 2415 2123 2493 3451 4352 590 2521 2547 749 4742 651 2312 2337 2545 2550 1719 580 1041 4934 482 2762 657 124 4526 2868 156 1125 2708 2514 4309 4426 3311 3307 762 4182 1907 2746 1942 4768 2849 4308 1360 1462 1207 4373 1270 50 3801 1678 1166 2905 1837 4069 199 796 326 3562 467 2655 4978 2781 555 1296 1020 3815
3797 2254 3575 1005 1191 37 400 4698 2468 106 298 982 4939 1881 198 2440 164 3206 3084 1729 4977 1585 2667 3583 4494 3634 1904 2590 1394 753 262 3431 2631 720 1284 2330 2559 885 3866 1779 3860 1876 835 3264 4936 671 1853 1930 930 1336 2237 4993 4272 2948 2415 2248 1328 4396 1457 1581 4510 498 2875 3520 3602 2937 3318 1132 2297 3975 4765 122 82 2705 1518 2326 605 2384 1469 617 4206 3790 3044 1885 2223 4849 968 1892 1614 1205 4095 4024 3538 3897 2206 2273 59 4991 2465 543 3444 3216 1417 2615 389 4016 2748 3200 131 2598 1374 4792 314 3864 3708 178 4143 1751 354 4406
4882 411 3347 1088 3803 996 2768 3130 1699 1040 4362 2658 1427 2433 1796 465 4158 1274 2476 4531 2338 3044 4249 1280 4720 1326 4779 2082 3055 785 4008 2446 1970 612 505 179 3550 211 4985 751 3107 2667 3310 1362 4565 3303 984 4559 4791 2208 1579 3572 2142 2737 2123 1328 592 2104 519 1958 2342 3116 1910 155 3148 463 852 1659 2473 1494 3544 3456 4230 862 4782 668 4926 1332 4560 4164 1268 2950 4202 3478 2932 407 1643 2678 4950 1165 3891 1726 2314 172 2234 3097 3544 1122 998 790 1162 2002 554 3335 4950 4787 2549 3006 3672 3736 1936 1987 2460 2071 4489 4495 3329 395 3247 775
473 1886 4642 2765 1629 2870 4699 84 1603 4602 2360 2566 4051 3257 4378 670 3844 2877 2651 2039 2357 180 2642 3740 4844 4864 4069 3042 4240 374 4515 2547 4286 3305 4570 2648 1604 129 2453 4231 1719 2543 3834 2523 247 2862 1385 4073 4737 856 2481 4614 1434 50 2493 4396 2104 375 2812 121 763 4014 3958 554 2489 3482 3460 2483 4906 2774 4643 2220 754 1896 4504 265 4686 4245 3347 4457 1148 4695 4548 2089 759 4066 131 256 4768 4543 869 4151 4694 1165 4469 2690 3367 2228 1116 2872 3925 3614 4023 208 1045 2302 2543 965 2679 386 1918 1852 2686 290 882 2617 282 3412 3211 417
2898 2491 3165 1638 4039 2210 2294 2504 4154 3751 2645 4352 225 1155 2701 3121 2524 1236 255 2522 3361 721 4648 3334 4559 2745 4687 2509 130 3838 2231 2743 1272 498 4250 3295 3506 122 2993 1663 3974 4562 1616 1613 375 4538 589 4205 1001 1351 2261 4630 2709 2679 3451 1457 519 2812 1258 2112 337 824 1664 1605 1395 2108 3436 4322 363 3784 2207 2205 525 339 4344 2948 54 403 2734 4095 532 1703 843 2694 3020 327 1383 4824 34 1011 2055 1404 1355 3106 4430 1794 1530 2024 2326 4808 4414 1409 1599 754 4066 96 4973 1508 884 4487 4022 1406 2500 1960 1347 2988 3182 1844 2642 2240
4684 3747 4546 2964 4713 1163 4337 3229 1060 2856 502 2341 268 2497 1810 1591 526 3319 2709 2202 3594 4949 3047 3378 1162 1564 2019 954 480 2648 2869 2591 2650 3118 4628 3207 2585 743 850 4357 1674 3381 306 3080 1018 62 914 890 4744 3679 4695 1566 286 2320 4352 1581 1958 121 2112 2696 551 1715 1789 2838 3596 2264 739 4848 1199 750 3430 1459 4066 53 2313 3498 4955 2913 1572 2779 445 856 703 1805 4638 1703 2792 411 3165 1263 3488 3428 3070 3998 1140 4947 1911 3951 2097 2188 686 2830 52 3892 4505 3629 2269 962 2152 4226 4825 2795 3458 1219 2591 600 3731 741 4213 2474
335 2012 1039 3903 3493 1623 3809 2256 4110 1833 3493 796 916 219 2833 2624 2875 2901 4360 3587 3455 2692 1202 4524 4496 2233 4696 1348 4517 11 1614 2637 1980 828 4093 104 4083 1358 966 1920 1089 2341 1379 4603 3886 3083 3014 4581 707 1276 1318 1603 4731 2064 590 4510 2342 763 337 551 3318 2959 660 1742 1684 4511 978 311 2036 1733 59 439 2650 1413 3884 2783 659 2974 3996 3070 4209 1453 3459 2013 2155 3023 3838 4602 1233 3871 4949 697 4390 1260 2217 1043 612 3530 3445 3434 4125 2465 4446 4005 2248 4171 4301 2010 4210 4742 741 437 1800 1096 2129 2153 862 912 3582 3768
715 3601 2674 877 2856 3811 3318 513 2837 1421 1253 1127 3835 2579 1094 4399 4708 2194 1802 4843 460 4946 2711 3517 4502 1566 4935 1571 4692 1234 2258 2496 2127 2267 856 405 3060 1246 4099 3526 4608 3645 2203 411 79 4723 36 2837 3707 2891 1542 4518 3472 3512 2521 498 3116 4014 824 1715 2959 25 62 1870 2890 3269 1736 3197 3314 3070 2839 1444 1736 2789 2463 2545 4001 4660 4523 3344 4264 4542 4153 247 4957 3072 2360 1710 1353 508 3357 3730 4515 4264 3072 1829 2485 1508 1238 1350 767 1083 2955 2141 4646 2547 3028 1014 1580 1826 1341 3766 3782 1319 3010 3535 1266 4274 3037 4327
4987 1830 869 2676 3426 3949 2297 2454 3457 4062 3332 2163 2884 3232 3377 3045 2589 1077 1458 3287 1167 3441 2731 2167 893 697 1054 4954 4730 2148 716 1592 2018 4306 347 1380 4866 2518 932 1706 4894 4645 966 4361 3396 4354 2750 3586 3020 968 4742 2909 3714 1310 2547 2875 1910 3958 1664 1789 660 62 1085 3542 4765 3728 3235 768 1633 2447 1646 2715 4345 534 3988 4600 477 4735 4128 2031 3132 514 2549 2962 1115 727 3977 3308 948 3151 3185 2814 533 4193 2631 772 704 3101 1550 1990 4320 3129 3101 1074 3367 4111 1364 4858 2129 3811 2625 4000 2572 86 3442 663 2954 3739 4939 2414
1688 2029 4829 38 391 3942 179 1471 4152 2222 1084 1590 1711 4877 505 2563 583 3723 2355 3136 4067 1117 109 3347 3622 642 2343 22 2984 1334 3141 3322 4566 3098 4131 3254 2215 3961 3970 2708 1144 2216 2768 897 4390 87 1649 1331 3723 1153 2893 4586 826 2024 749 3520 155 554 1605 2838 1742 1870 3542 1411 587 3347 2344 687 2588 1210 2796 3027 3207 4026 2826 3260 1726 4412 47 2494 1074 3367 2822 3115 4297 3937 1280 3257 3046 2724 2875 2794 201 1866 535 2821 2817 1476 3843 2864 4110 3997 2041 165 4034 1937 231 2884 3167 4013 926 3024 3213 3402 3272 1053 2429 3878 2416 709
438 4543 2024 3222 113 3996 1673 2147 506 2245 1715 3329 3661 4867 3912 3922 3822 3466 912 2222 1209 1144 1362 3801 4427 1055 4021 3826 3655 2095 285 1296 356 3772 4012 4747 4560 4210 4774 4937 2076 245 338 1835 2193 2521 4488 3065 1830 333 995 4020 3868 2326 4742 3602 3148 2489 1395 3596 1684 2890 4765 587 3447 2451 1304 1637 4610 4265 2804 2276 4865 1554 670 2305 282 723 4389 3636 1449 4186 4410 1021 190 1803 2782 3774 4475 3219 957 2300 2132 878 4649 4774 2371 1058 4842 2324 1041 3684 3212 2606 2024 2241 506 4710 3843 4182 1920 904 860 403 1313 1169 2069 1507 3352 3012
1208 3910 3202 2789 3431 892 594 4183 3454 4158 3691 3391 4953 3452 4312 3167 566 1535 4894 795 119 751 1039 3138 4349 3241 2998 3282 568 4353 2536 250 344 3220 1119 3604 2576 1540 4028 1502 4296 2279 2814 1423 264 489 3521 1037 3988 1409 4867 3689 1959 579 651 2937 463 3482 2108 2264 4511 3269 3728 3347 2451 607 2820 2605 93 1541 4967 1342 1084 1836 1340 3232 3068 4885 1501 2607 4719 1832 1326 2219 2362 3496 284 4348 4926 2503 937 2799 4179 2114 1672 2435 1996 4980 1923 2433 1183 3336 1524 604 4232 3478 110 3795 3327 2435 1736 1482 1776 4520 4365 331 4618 1260 1550 4306
3083 2237 2501 1289 3665 735 3229 2459 2760 3647 2521 1235 1686 1551 4664 4771 1912 933 3164 4471 885 3122 2235 1651 4986 3533 4245 3419 1020 4407 1767 993 2592 887 3781 3491 3333 3210 4550 2142 4784 3386 1314 116 1514 1059 642 1692 1711 2556 559 1284 3179 2829 2312 3318 852 3460 3436 739 978 1736 3235 2344 1304 2820 4364 1566 3625 3148 1033 3672 2101 4860 2811 1203 4261 2719 1414 2443 3732 2288 4376 1863 4158 3278 1755 4154 143 59 4564 2138 2571 4692 4350 4097 3364 4836 2153 2479 896 124 849 1945 4236 1309 1652 628 4162 4130 3904 1230 2629 33 2677 2044 1853 4089 2249 4198
296 3832 243 1207 4840 2756 373 1617 3141 3802 18 4626 4489 3445 57 3894 4210 2111 4831 4313 872 2746 271 599 4346 3378 4034 2013 3733 2179 1841 250 2199 3591 1544 2804 4698 326 1818 2302 2288 1128 2351 4423 2444 2217 4642 4707 4430 3072 991 1505 3934 1894 2337 1132 1659 2483 4322 4848 311 3197 768 687 1637 2605 1566 2915 1149 1791 2518 2852 4947 3516 2723 1239 118 3547 1663 251 2053 3420 365 3560 1029 3756 701 923 2286 851 2615 4045 4470 1488 3761 23 925 300 4830 1821 1733 326 3765 741 1595 2545 3335 1323 1820 2045 3661 4168 1040 4936 1828 3222 3073 4013 632 4034
