N: 150
M: 30
Symmetric: true
Triangle: false
5 121 98 133 71 21
2 26 45
8 29 27 85 124 38 89 60 78
4 47 94 31 150
7 64 92 146 7 48 20 57
6 79 67 147 111 35 129
8 13 28 4 123 80 61 137 30
5 54 84 131 145 19
4 12 104 122 3
7 88 34 82 135 116 107 97
5 139 72 70 37 87
2 81 83
8 58 115 113 90 17 125 77 76
6 75 52 140 46 36 24
7 1 32 119 100 149 16 118
3 132 128 130
3 138 91 66
3 101 112 41
7 109 68 141 23 99 120 136
2 127 56
4 53 51 42 9
5 69 25 55 103 62
7 144 110 8 49 15 96 40
9 22 105 39 2 50 63 114 73 14
2 117 148
4 134 10 143 18
6 5 6 74 95 59 106
3 11 65 126
2 142 93
6 43 102 44 86 33 108
3707 384 687 4183 4179 3249 150 2253 133 1169 3903 4921 2351 833 1734 1339 3216 740 2523 3878 1044 3989 395 1320 1581 1674 3879 1245 632 1957 2449 3746 3678 1876 2601 2382 133 1074 251 2792 732 176 789 4851 2705 2895 1250 1012 2967 4665 560 32 2454 4963 4251 4698 277 2983 1986 4670 2635 1718 252 2674 3627 2269 3744 250 789 2564 4082 898 4522 1352 3083 3580 2495 1043 2391 4620 1288 4556 3431 863 1808 4224 4117 3447 2190 1739 3278 914 4156 1404 1690 4157 1845 3239 4974 2510 187 4025 4289 1164 4296 481 379 4922 3652 3497 4024 3829 4747 3531 2541 1432 2341 847 2668 3954 4269 489 3977 2330 2092 1130 2127 3938 3774 1070 1740 2787 4940 1425 3913 401 3045 2032 4283 3761 4824 1727 4323 589 1433 4041 1087 562 3445 1341
384 4245 1283 2375 1179 2059 4047 4120 4646 170 547 3894 1179 1512 1181 1311 3960 1988 1061 4755 4066 2462 4826 1203 805 4399 4796 2926 806 3440 4491 3827 2501 3738 4486 1902 1296 2453 4490 3056 1366 505 180 3119 872 3912 1296 3440 2879 4738 1095 4852 1185 3805 3995 233 3467 3420 3696 859 2232 3787 639 2818 2356 3369 4920 3832 4846 2439 2397 3034 533 2952 1477 312 4285 1645 231 3598 4215 1016 406 84 3612 3638 1215 2493 2019 2126 2791 901 708 1488 1297 3823 2366 376 2755 527 1614 1472 1233 2697 612 2403 1999 4400 2165 2724 900 1563 2888 4971 2624 3335 3101 2643 1149 1311 1376 45 1039 313 2709 892 4458 4515 1727 81 3952 3887 3918 567 4723 3539 4543 4438 2437 321 4373 3559 4761 2518 249 3941 3561 4593 1679 4456
687 1283 2779 283 105 3276 4449 1625 1992 4362 2377 2804 2310 4681 38 96 1939 3656 4993 3656 4829 2152 2287 623 660 763 1451 1137 376 1454 4368 3660 664 4373 2218 1749 1119 3362 414 3858 2082 2907 3826 3277 1111 1920 2480 2985 4154 2327 2239 4204 757 1663 4012 3699 3322 1821 1755 2970 4639 4560 907 4261 4735 3747 4818 2760 955 3769 2279 4306 747 686 4767 3592 4105 4294 4981 4149 111 1348 4495 3884 4430 4079 3742 4690 2620 1637 1638 3054 1507 3094 642 4987 1696 4664 495 4742 340 2932 4860 3108 4677 4400 2254 1810 3475 2869 1234 2312 884 1430 1311 842 2845 2120 402 3834 1222 4811 219 2409 498 4505 3478 193 1247 3018 4323 4064 4700 3736 54 2896 4466 4392 2838 4051 2694 3138 4655 2675 2111 1015 3317 1482 3821 2449
4183 2375 283 2228 3744 3681 530 4762 3403 4712 1232 2301 2948 429 2216 1005 375 4288 758 910 3987 510 1989 1801 3581 3222 3107 4680 3214 4011 4545 3931 2499 4221 2915 1963 3666 3866 2346 2963 4642 4516 3204 256 3077 3499 3464 3660 3669 194 1611 1469 1930 4345 2001 3703 2738 2858 2665 4923 260 411 4664 3235 440 3461 787 1236 300 20 2263 435 2788 4214 4766 1621 2046 4210 218 3027 2825 1326 1058 4056 1965 4151 4260 2929 4074 3566 1876 1347 3861 767 2351 2246 2430 3806 3858 249 882 913 2028 2281 675 3744 4116 3697 2965 1331 492 4669 3874 246 733 1692 1329 2231 1321 2147 551 1199 2692 2397 1322 1654 2973 3202 3799 1730 1613 1779 1681 4969 2254 572 1007 4229 1149 1183 381 1199 716 1911 4543 3765 1058 2772 1272 809
4179 1179 105 3744 1106 1184 1316 3344 3145 1953 4239 3769 4785 1438 1988 4202 110 1802 2464 4519 2006 1597 1569 3471 333 1399 847 911 997 266 175 287 173 1790 4217 1004 3269 2495 4295 310 21 2770 679 3010 1858 556 3471 531 402 3061 4436 961 4706 467 4063 3576 1603 500 1205 4687 4455 399 4059 2752 4547 1860 506 4737 1616 3169 3378 2901 4517 3503 2559 2879 1543 269 857 1308 1573 531 1324 2777 1162 2537 596 4898 4075 752 3164 3226 1260 3986 2901 4882 3111 2403 509 1706 29 4427 2070 2116 4162 2435 4058 648 2237 2648 1991 693 1058 25 2684 2321 59 2225 3381 318 1433 3351 1789 1399 2155 262 3213 2902 1533 2440 4947 3997 280 3078 3477 4899 2259 4318 2117 1706 143 4921 1509 1796 842 357 4187 1884 2686 3070
3249 2059 3276 3681 1184 4392 2489 4983 2361 449 4086 2791 267 922 620 4127 3199 33 3365 3995 2818 2588 799 940 1496 101 2344 2918 1478 692 2940 1301 1098 3132 2693 2779 3151 2308 641 1569 903 4051 4208 4094 1723 2480 197 2010 2455 3350 4161 1660 808 3819 681 3294 3422 4732 3394 4783 2590 1839 917 3455 1055 1349 163 469 2791 4540 1212 4689 2647 4117 4196 4900 3279 4210 1528 3181 1493 4246 4770 1855 175 4452 308 4895 3522 861 3848 110 1218 1875 1114 1625 3301 4990 1993 1824 1036 357 1638 1048 3559 3929 511 498 1115 3275 1160 4238 4167 462 2856 868 106 3285 4081 296 2455 826 1817 4155 4194 1393 2233 2922 4836 3945 2847 2321 1255 4427 4051 1519 1003 1068 4503 2173 4291 3498 4336 4194 492 152 4887 353 26 1647
150 4047 4449 530 1316 2489 3263 394 1270 574 785 3903 3962 2900 4142 3137 4060 2119 2686 4063 4792 4706 3862 3752 3636 4332 931 2445 4396 1181 4990 2122 4099 3957 1376 2809 866 1458 4223 1307 1664 4161 790 4977 307 965 4545 969 1019 1340 1814 2967 3251 507 2034 3939 4844 1039 226 2997 4962 3304 1076 314 4011 4396 1924 52 3891 4203 2217 3194 581 2688 3480 1710 4698 4432 4367 3883 3819 3747 2273 3245 3373 2649 4369 1170 4838 20 3745 80 2773 608 4567 1107 4541 403 963 1394 3856 3928 801 3946 1491 2423 4064 3268 758 3626 898 2058 1993 2947 2697 529 1291 1093 1967 43 4029 3568 2373 4349 2905 708 4942 4569 2147 2680 1540 344 1042 2590 1192 2641 3357 2485 3435 2635 1567 4805 4110 4744 431 2542 669 4471 2711 4551
2253 4120 1625 4762 3344 4983 394 994 803 851 3244 2082 4734 902 117 2437 4376 3031 4367 4407 3894 3972 174 1445 2846 4723 2513 4841 3951 91 266 4024 2356 3045 1843 3502 3775 4399 1186 2921 374 1371 613 4364 4850 4308 3441 4007 601 730 4176 3006 752 1891 3908 4245 4619 2391 1782 1165 3730 1335 2839 633 408 3801 4769 3230 4729 4942 1803 828 4709 1532 4252 1678 2397 1419 4559 3515 2416 4410 4171 3673 4887 1664 4949 3934 4699 1731 924 1448 1199 2247 27 4197 735 199 2390 2098 4633 857 4795 4455 541 884 2703 2799 2038 469 3500 4208 4155 833 1286 2788 3519 1545 973 4164 3965 468 4344 3052 2880 1507 1869 3647 315 57 826 4326 2640 2076 1604 3763 4018 1161 215 2769 1422 2340 4770 4897 562 4347 1559 1164 1612 2900
133 4646 1992 3403 3145 2361 1270 803 4955 4264 1779 2099 3386 748 3055 916 2775 1658 3336 4793 2630 2659 3175 3272 3875 4847 3354 3643 3140 164 601 592 3561 3131 3060 1934 2761 3106 22 3610 931 1318 1802 393 484 3455 3246 953 4155 3973 2653 1618 2586 1786 193 2848 1562 826 3899 3119 4705 1450 4765 2493 3931 228 3259 1254 2581 821 4445 3714 3076 2258 2996 3528 1916 1958 3302 4715 4860 599 1374 3600 568 1038 4198 1693 3891 1376 4321 2958 2166 2113 3569 4214 1008 2082 4608 3149 4175 4172 1030 3675 2875 4947 2398 4672 4474 4692 2013 2876 3102 171 3766 174 634 3458 1288 528 4479 2072 3562 595 2965 1014 3103 1822 951 592 3640 4039 2207 2129 4210 1336 1268 3050 4082 476 2247 3081 1581 3264 1993 4104 1291 3636 2818 4847
1169 170 4362 4712 1953 449 574 851 4264 2586 2978 1776 4742 1235 227 4476 1888 1568 1264 4454 2068 3224 4586 2753 3169 3185 4639 2285 4802 3830 3356 3226 3015 289 1307 2060 1527 2604 4437 1269 3476 3799 2062 3572 4928 4563 3762 3147 4376 1669 141 1971 2844 3497 4711 4006 2531 1691 1322 3334 1113 1517 206 2773 1101 3797 4736 4850 457 4517 4136 573 4933 4507 4623 1244 4318 1480 2385 343 765 3271 4719 4588 451 3540 2956 3162 4684 1156 3003 4043 1920 178 1134 4950 4196 4776 573 2304 1765 4180 47 2044 2484 1566 1829 3180 3810 2266 4822 960 4212 4217 2195 4526 3440 2421 1614 2002 4288 1783 2916 1103 4511 3945 1384 2959 1620 961 3041 4722 1807 2283 4140 105 4026 156 2148 3190 4999 183 738 2263 383 3484 1207 1862 861 3009
3903 547 2377 1232 4239 4086 785 3244 1779 2978 1880 3823 2523 191 3789 3806 3099 434 2419 1846 3306 3556 1058 4571 1494 1759 1004 4484 2656 415 1543 1194 242 877 4839 1062 2195 943 4967 3869 332 4351 3338 79 1050 2629 4643 565 1286 1761 453 3302 4647 2079 4499 538 3937 2206 2003 4712 3622 2940 633 4642 2925 1317 163 783 919 3203 4807 4865 1692 2498 1732 4061 3893 4397 3578 1237 243 1248 2583 4493 292 4655 1089 4033 1330 988 1539 411 3755 892 1674 2111 4087 3498 1583 3662 777 2496 255 766 345 2970 3560 3300 2986 951 793 3654 1382 1795 4399 869 655 3962 786 4845 4979 1900 931 3020 670 1258 1509 58 2780 4233 2964 3922 763 2737 1723 3221 313 73 4237 4350 149 138 3934 1258 424 1974 3421 2122 1226 3042
4921 3894 2804 2301 3769 2791 3903 2082 2099 1776 3823 4092 625 1190 2106 3530 1848 2180 989 2444 711 2488 2212 2619 2348 3379 3518 1303 2916 3152 4847 949 780 1770 3963 3972 751 1814 1313 4763 3599 3112 4193 2927 4079 1243 3232 3797 1900 4776 4599 2645 533 1095 2529 3589 4397 4124 1190 3993 3954 4117 2032 4410 1053 3750 346 2575 3012 3052 1040 4724 1365 3551 3243 3844 4805 4015 4439 3950 790 912 988 702 80 352 2408 2144 2772 2356 2778 1740 1681 3140 3091 3566 3545 584 3494 1395 218 4726 820 1807 1338 4304 3125 996 3233 1312 2736 3444 1934 3460 129 217 172 3585 488 1589 802 3952 3016 4284 1151 4041 1271 4947 2409 4010 637 2948 1873 4708 187 1748 146 1597 4576 1904 4610 128 2462 3128 582 1422 2122 35 1811 4580
2351 1179 2310 2948 4785 267 3962 4734 3386 4742 2523 625 1234 861 555 4785 2382 3766 4502 4673 1833 188 18 1586 3771 250 437 1303 4383 2509 3779 4446 1914 153 327 3635 3434 3539 2725 1519 3054 2840 4187 3734 475 3562 533 1729 743 4813 433 2280 765 4561 4997 4622 1605 3610 1735 66 4809 2115 4014 1696 3218 3158 1695 832 1746 2356 3778 2971 3924 2099 4824 538 2094 355 501 921 2544 3585 3030 1839 4389 3387 4044 4972 2192 938 4754 4110 632 2051 4441 3461 1613 3316 3415 555 4961 2124 1874 1643 3675 776 1812 1269 2605 1330 94 4867 4692 4402 3225 3827 3254 3685 2916 4864 3672 3877 4426 1693 696 3192 1586 4603 4357 2053 2504 2296 4707 4593 2547 851 1781 2818 3329 919 4346 968 4653 1727 3559 3008 2348 2959 2787 3603
833 1512 4681 429 1438 922 2900 902 748 1235 191 1190 861 2978 2106 4867 2332 3687 1589 1334 4392 2904 2422 3990 2247 1865 163 2332 1847 4852 3193 2650 4832 4922 1615 948 2678 1908 799 2585 1342 3796 1077 4547 514 725 4180 983 433 3086 1747 4504 666 3763 1781 2999 1990 3545 3161 1972 359 168 4303 552 4787 3730 4463 1558 2820 1742 891 4776 4306 397 1844 1050 3940 3707 2549 4910 1001 1417 3476 1155 3078 2489 1049 4453 468 2810 2208 3573 1964 619 4080 3047 3257 4301 4914 1461 520 3653 1611 3636 3149 2387 4462 932 3145 2453 1616 4863 2029 3615 1855 2493 3857 4643 2234 2715 4770 800 513 4751 1720 968 3646 4630 3130 3639 1335 2746 4722 4272 3729 1408 441 2886 1105 3335 4913 4381 1447 451 3685 4444 1144 3071 1022 2582
1734 1181 38 2216 1988 620 4142 117 3055 227 3789 2106 555 2106 839 2779 3258 3450 2959 4058 2107 1241 4009 4669 4499 571 3947 502 2880 3293 2242 2072 4475 2305 3723 3275 2596 1535 382 2166 33 286 1247 2102 4078 2874 361 3180 1170 2597 3147 77 4919 2551 824 3043 2183 2507 3361 496 696 1067 1486 1806 1921 4920 1057 1931 4534 2193 2488 3150 3733 3118 3942 210 1865 3715 3046 3354 1438 2010 4540 2747 3917 4080 777 3212 2692 1308 4442 2037 2539 3645 420 4828 1744 1332 925 4730 1607 2289 1841 2994 4540 828 3182 4432 1572 2464 3761 476 1343 493 927 4437 308 3799 4917 4725 3533 2438 1455 952 2372 2208 3289 529 722 4755 3021 405 4055 2988 3447 3031 4059 1737 3733 3463 4261 3326 240 2661 273 3228 4230 3516 1931 1278
1339 1311 96 1005 4202 4127 3137 2437 916 4476 3806 3530 4785 4867 2779 1677 4908 3064 2392 1267 2428 3772 1563 355 1153 3239 1605 1278 3041 4399 4528 4080 4576 670 2786 2854 1406 996 332 1117 2276 1817 2399 227 490 2655 4698 2641 908 1216 4599 3776 3901 3978 4873 2253 1528 3328 1012 3613 3964 100 2715 2622 591 4663 2490 1141 4539 2646 1878 2686 1296 1810 2790 4416 987 1916 2431 1190 4754 230 4705 117 2510 4083 4509 1002 3688 2322 842 3682 4183 4925 1877 2601 2607 603 4026 123 4521 4849 2123 940 2350 3983 3682 68 1092 1587 2779 28 4782 967 3307 2880 4439 447 1550 3205 4694 3311 3069 524 3993 4203 1468 1480 2285 2473 4090 1540 2102 478 2506 4180 3671 1873 2954 4318 696 3656 317 489 4656 3161 3331 4590 1658 1968
3216 3960 1939 375 110 3199 4060 4376 2775 1888 3099 1848 2382 2332 3258 4908 1828 2845 3602 1069 3926 2128 2899 3589 2297 1097 1673 633 3014 3180 3590 520 3455 2206 3814 874 1240 4182 3978 2698 4267 3018 3605 3582 2418 4261 4322 4516 331 3183 3404 1744 3856 4053 3627 143 3549 210 3828 199 15 1548 73 3149 3840 3367 2536 3686 2892 3495 2338 407 1090 860 1316 1507 1116 865 2771 3035 3323 922 1934 2490 3290 3228 3695 1899 1557 1445 3522 487 4936 2959 1247 3329 1467 592 2946 2620 3065 2947 486 4613 107 2656 2393 4687 4632 2781 3300 2387 4670 251 2921 405 167 435 2389 1474 4489 3967 366 67 889 3189 2354 2948 4957 2837 1865 4006 3738 29 3381 2686 2278 2369 870 283 359 4463 4501 1422 3536 4080 4919 939 2762 2494
740 1988 3656 4288 1802 33 2119 3031 1658 1568 434 2180 3766 3687 3450 3064 2845 2228 4578 4722 1769 645 4178 4030 265 221 2475 1836 3608 4867 3791 2708 1404 3223 1798 802 3580 3374 4431 4216 1240 2720 4258 3034 4936 1594 453 4602 450 133 4010 3407 4696 4756 2816 64 4776 632 4858 1346 4838 2120 1803 3708 4944 4045 2809 500 4592 2362 3930 4779 1340 4255 3623 1340 3429 265 2880 4396 4487 2899 3246 4693 3687 2612 3151 289 3197 817 2094 491 4528 264 4312 2904 2349 3972 116 1601 4592 2540 347 3093 2334 384 4164 1524 566 1346 1625 3134 2160 4623 562 802 3667 2301 3331 2765 4448 3362 691 4193 4954 4518 4201 3464 1778 3958 3700 3171 1965 610 3297 3243 3909 839 1563 1843 1545 1282 1265 1842 2353 3140 1878 2839 498 2377
2523 1061 4993 758 2464 3365 2686 4367 3336 1264 2419 989 4502 1589 2959 2392 3602 4578 188 2007 4694 3896 187 36 3643 4442 3874 3518 1294 967 4570 585 4068 4640 2203 4690 1290 4478 4192 3418 2225 2449 2069 411 4710 2896 3215 2583 2114 668 382 3529 1953 4002 2670 747 1793 991 4722 1444 231 1678 4618 1279 3160 2351 4843 4690 2053 3598 529 825 4013 2177 4221 2219 4575 4689 3748 1205 2629 3179 3571 3131 286 718 3205 1733 1500 2217 3990 663 3255 1406 3231 522 2662 3752 2707 3103 791 4260 1174 1635 25 3576 3138 1441 3012 3903 1301 1088 2945 102 24 727 4143 4559 2656 2876 3353 1383 1654 1390 4085 1420 826 3584 4763 121 882 423 4092 864 1703 2150 3596 1170 4122 616 2038 3586 1426 2493 1559 1422 99 2231 1892 1514
3878 4755 3656 910 4519 3995 4063 4407 4793 4454 1846 2444 4673 1334 4058 1267 1069 4722 2007 1400 2786 217 2953 4765 671 329 1188 592 4085 4009 1493 2025 1493 2379 1991 1861 883 104 144 828 4755 4253 3642 4064 2350 4346 1769 208 866 1157 1841 774 3171 2967 1547 4939 1907 2953 2046 4112 10 3799 2863 4695 2698 2834 2452 4982 2001 327 3177 3617 1309 3308 1387 278 2070 2467 3579 2128 688 3030 832 1893 3183 1330 4978 3761 4127 4025 4255 4743 1343 4998 2015 3598 572 837 4370 3066 1447 3459 4117 3609 4146 4942 2121 3588 3371 429 3969 1412 1744 3126 3134 211 4449 2402 3192 4155 4701 2678 4091 3484 817 4584 3121 2298 2524 2399 2279 3581 2505 4012 3675 2508 129 4100 4986 3720 581 3768 2856 1921 895 2158 4490 3659 4027 2209
1044 4066 4829 3987 2006 2818 4792 3894 2630 2068 3306 711 1833 4392 2107 2428 3926 1769 4694 2786 2996 2316 3594 2384 3850 4033 881 2952 4851 4006 3725 2453 4287 4088 4090 1463 4341 1101 4136 4258 1567 1506 4365 56 3102 2942 3943 4885 4790 635 4145 663 4632 1880 2655 4840 795 4610 451 3843 4445 953 2333 3780 3203 1621 2140 3205 3031 1980 2477 1890 2317 3101 716 2141 1457 2378 1498 3724 1507 2738 4184 2751 2420 125 4455 1888 1610 1017 325 1373 397 4932 4011 4682 1561 1813 4308 150 4149 4239 4462 3692 3627 2153 2164 1192 2798 3003 4336 156 2312 1970 4493 730 1554 3701 3239 1621 2271 4064 2839 3249 3864 4097 4535 2023 4935 2667 3177 3515 2275 242 502 56 3972 181 1377 3493 1359 1042 2211 1150 1682 3101 3551 4403 1738 2608
3989 2462 2152 510 1597 2588 4706 3972 2659 3224 3556 2488 188 2904 1241 3772 2128 645 3896 217 2316 3362 3288 4262 685 478 2407 3466 4152 771 4041 1308 903 4138 2374 1484 2222 4023 2112 3143 4833 1208 13 935 2316 2347 2510 84 1102 1353 2013 2926 33 4911 1595 2877 4099 2117 1448 1166 2939 1787 2303 3394 2299 1803 740 4953 4788 1674 785 270 364 4115 1577 561 3361 3085 2213 3590 3621 477 2661 4972 4210 1362 2883 4419 1974 3022 2456 2865 884 613 1638 776 584 4559 2597 1650 1197 1601 2237 1404 1891 2460 687 3003 1009 4576 832 1692 3013 1035 4078 1276 379 4523 2112 1238 2937 672 213 2420 4115 1501 3859 2841 330 3809 785 2785 3281 4199 93 1805 4197 2183 2398 3469 417 1326 4165 4131 1835 2826 729 4654 4401 4767
395 4826 2287 1989 1569 799 3862 174 3175 4586 1058 2212 18 2422 4009 1563 2899 4178 187 2953 3594 3288 2052 1440 2561 3953 4564 3040 3515 3831 4162 3325 2088 1966 869 2227 4649 2835 3762 3031 4812 1798 3814 2133 283 4256 439 1170 2418 982 998 4004 3290 1440 4022 3511 3640 759 242 665 65 2095 3515 3510 1180 3684 3153 4691 1862 2675 720 3867 4048 2216 2657 4881 4062 1807 4600 58 3714 1503 3815 4482 4299 965 226 725 2733 4059 3961 306 1370 76 542 1891 4191 3284 3774 762 2804 2635 3053 2548 3252 2869 2621 4405 2742 3055 4511 3219 49 939 4791 394 1205 1265 2285 2206 2365 1815 1857 2489 4331 3795 97 89 615 4777 3722 3908 1289 3743 4476 3197 3149 1582 4690 585 3091 247 1526 4807 1232 110 2097 3630 3414 2452
1320 1203 623 1801 3471 940 3752 1445 3272 2753 4571 2619 1586 3990 4669 355 3589 4030 36 4765 2384 4262 1440 2551 3029 1140 2031 1181 4544 3956 938 767 1735 66 672 2990 1324 143 1688 907 945 3183 3502 3762 270 4936 2056 4326 1221 1137 3532 4533 545 3890 2527 4972 2795 2764 1106 3689 4417 1267 2182 1159 4218 260 4707 2233 937 32 4812 1638 4098 4159 2876 4954 2623 4819 4402 2876 2344 3033 3306 1412 2257 4122 1058 1714 3909 3765 4386 2789 1258 2855 1208 836 2668 161 3618 1609 4106 1445 1724 3682 4948 2785 906 4707 3072 3040 3758 2671 4340 2758 964 4498 450 2737 2678 1596 4808 582 533 4700 910 3620 4203 1516 3598 2207 3027 1782 208 2473 3748 2902 4808 2968 336 3832 1678 111 3534 191 1429 2606 1761 2829 4384 1493
1581 805 660 3581 333 1496 3636 2846 3875 3169 1494 2348 3771 2247 4499 1153 2297 265 3643 671 3850 685 2561 3029 1940 4532 1137 4193 2820 4891 1614 1817 2969 2244 2434 3577 4296 3342 870 2481 3318 2226 3339 2633 4363 1480 4064 1454 4673 2969 2327 2962 3497 31 159 3236 672 4639 930 84 4287 2243 134 2291 4331 2595 3858 4512 2925 2729 1226 4970 2755 4498 4072 4475 780 1584 2408 340 3237 1174 2847 4156 852 1960 621 2252 1569 1517 3581 3620 3156 3066 4442 1469 1956 2095 3891 3882 3375 2940 3335 2815 4065 4536 3587 3371 3792 4333 787 1664 2521 977 25 3429 4672 3595 723 4309 290 839 4719 1356 1612 4270 2857 4299 885 4581 1537 4427 2103 434 351 1554 2936 4429 688 3239 1709 3572 3540 62 3577 4885 3063 2245 3002 3281
1674 4399 763 3222 1399 101 4332 4723 4847 3185 1759 3379 250 1865 571 3239 1097 221 4442 329 4033 478 3953 1140 4532 3166 4949 1498 106 3867 4206 3748 2275 1833 536 3810 299 4144 4875 651 2916 379 691 4370 2803 1467 2945 4296 3865 1085 4375 3253 4602 4550 3686 4919 3269 4297 333 1923 783 2573 2180 2948 2828 2357 2254 3796 2649 2907 3410 641 4910 4062 4533 2007 4458 4373 1375 4062 403 620 303 2834 1537 3178 4838 1177 480 1533 1959 2481 1128 4213 2395 4213 2230 4321 741 1565 41 1803 2357 110 1876 1213 343 4310 1891 4247 506 4188 2542 1306 2798 39 1149 3514 4315 2309 396 422 440 609 2707 2318 1264 4694 267 713 104 4726 1914 3751 3220 334 3559 2909 2244 1184 1133 4849 3758 4180 2753 3416 2248 4964 2035 2136
3879 4796 1451 3107 847 2344 931 2513 3354 4639 1004 3518 437 163 3947 1605 1673 2475 3874 1188 881 2407 4564 2031 1137 4949 2367 3820 1319 1309 821 4564 778 2979 3816 2964 1655 2265 2416 3387 1309 3559 1413 628 4432 2756 2407 3182 3133 1507 604 1364 2287 1414 4889 1844 517 204 438 156 1283 2380 4554 2414 276 3384 4576 330 569 4885 2120 2800 663 2809 1892 2167 1121 4993 3096 4409 223 1362 1402 4043 838 4117 335 1506 1564 2543 3397 3302 3416 2825 2353 2469 1446 2271 1677 2676 3080 868 448 1736 4136 4945 161 3067 2090 358 4068 2996 2338 1332 966 1251 1977 435 116 2510 1994 3437 2669 1242 588 4694 1907 4216 604 1312 3011 92 2562 3551 4268 65 1448 3713 2766 2384 952 2454 4907 775 110 3320 1529 2972 798 1430
1245 2926 1137 4680 911 2918 2445 4841 3643 2285 4484 1303 1303 2332 502 1278 633 1836 3518 592 2952 3466 3040 1181 4193 1498 3820 3598 2933 2106 1457 484 3255 221 4365 2486 1785 3674 2390 1017 907 1710 1278 1994 229 2067 4584 1807 247 2289 1597 2662 1780 4459 3454 1706 794 2235 2601 3343 4725 4749 3857 4749 2680 2111 4806 4683 28 61 1414 982 3452 4605 290 1697 2724 3969 4996 723 674 3143 1125 4227 2493 3540 366 4579 4027 1659 436 1670 2892 3290 1212 1441 2082 1410 292 4913 2317 3944 3527 2717 2703 3773 2167 3085 4427 4493 738 2729 1847 4948 3699 4238 986 4075 506 2296 3041 2326 888 4586 2883 1780 1634 2942 3306 603 4694 3991 4935 3775 4891 3685 3841 532 4473 4459 3079 1001 2532 1418 1017 4435 4883 470 2732 3704
632 806 376 3214 997 1478 4396 3951 3140 4802 2656 2916 4383 1847 2880 3041 3014 3608 1294 4085 4851 4152 3515 4544 2820 106 1319 2933 535 4783 3884 4287 3068 4339 4030 231 2800 2272 591 2145 1348 776 4355 2720 4557 3716 2392 1767 2999 123 485 4957 1108 739 3934 4081 3622 2700 901 3510 3687 4633 1735 4964 1742 3547 4647 240 3317 3570 2312 2174 1510 1703 4015 3575 4473 1872 4191 4607 4392 2428 3201 4015 1539 124 3528 2095 4467 4709 2656 2225 608 3080 1376 4162 845 1497 2113 4905 4867 159 2267 3963 3829 1349 431 4345 2484 1068 2801 134 155 1459 4764 3480 4577 4491 2785 1487 3131 4364 707 1226 4692 510 189 112 3990 2935 3471 318 2149 4579 1138 1630 211 2013 3664 3519 4935 2030 3590 1423 3899 3045 2938 672 1632 1097
1957 3440 1454 4011 266 692 1181 91 164 3830 415 3152 2509 4852 3293 4399 3180 4867 967 4009 4006 771 3831 3956 4891 3867 1309 2106 4783 4459 539 2573 1951 3487 2772 3676 2630 4373 4513 4139 3175 2488 4330 1080 364 2623 2337 848 341 84 3953 819 679 3593 3239 4971 879 3154 36 4200 562 234 402 2122 2951 1909 2105 1864 2584 1088 4157 2700 516 2396 4060 3937 4836 2528 1480 4158 4351 1759 284 824 3332 1228 1316 3092 39 1196 1373 4982 986 3220 909 1560 1541 2783 2045 621 3261 3212 3406 452 1623 4152 3744 2284 3228 4600 2426 4642 1032 3080 511 545 2765 2050 615 2508 2845 478 668 419 698 100 1439 2087 3725 4097 3684 2028 11 366 1588 2213 4876 4995 1821 2574 1490 534 1088 1687 58 4031 3000 4620 2229 3662
2449 4491 4368 4545 175 2940 4990 266 601 3356 1543 4847 3779 3193 2242 4528 3590 3791 4570 1493 3725 4041 4162 938 1614 4206 821 1457 3884 539 2205 3992 1962 3756 463 1700 4561 4886 3624 3544 3626 930 1690 2463 3676 2181 1756 4029 259 4726 1596 2430 863 3012 3470 1567 3033 4544 1411 3417 1872 3884 1876 1508 2733 2789 649 3325 4789 3922 3605 623 393 4120 3041 4111 1930 3488 2788 2994 2705 3754 2498 2027 1283 3337 1824 4410 1340 1462 4420 3947 1548 4073 1776 2525 2657 1823 1825 3227 3249 556 2546 3060 137 1849 3264 4472 4970 2753 2077 4834 1702 3865 2317 3776 3911 824 2609 1032 896 3220 4603 2792 2400 2495 1769 3552 4735 1803 4656 1093 1957 3288 2523 547 2469 637 459 4379 2782 4604 3575 92 650 48 3720 2519 936 3528
3746 3827 3660 3931 287 1301 2122 4024 592 3226 1194 949 4446 2650 2072 4080 520 2708 585 2025 2453 1308 3325 767 1817 3748 4564 484 4287 2573 3992 149 3159 3005 2578 3369 3563 1536 2179 309 1457 1115 2287 3689 2074 2029 3634 1316 1995 3204 3165 1337 905 2983 1502 1815 426 4920 4776 743 2349 591 345 3879 111 3452 3229 4923 3334 447 2145 4822 4772 1990 539 4735 919 4351 836 2966 825 175 1389 3235 3338 180 2694 248 113 4723 313 2058 2480 2786 4140 4107 4238 4896 32 1589 440 4178 3742 3540 3716 1565 1399 2662 4804 2887 175 1415 1182 2952 4371 3522 1356 2479 1278 1832 3584 3302 4843 87 863 4971 4029 4262 3287 4832 2019 4691 3920 1367 3843 4562 2185 4469 3787 1696 2299 284 3730 3861 584 1189 3524 1889 500 1498
3678 2501 664 2499 173 1098 4099 2356 3561 3015 242 780 1914 4832 4475 4576 3455 1404 4068 1493 4287 903 2088 1735 2969 2275 778 3255 3068 1951 1962 3159 625 1077 4296 1479 434 2490 437 3781 4060 632 3043 2123 1349 1284 4581 2861 4785 30 362 1961 1349 4231 3341 4405 3068 72 4614 2196 2825 2658 2288 3642 176 2025 1188 1166 4553 2839 3110 1546 791 4750 520 919 3563 3261 2469 486 617 2762 1170 4652 288 2175 1856 466 994 4608 763 4806 112 4983 4997 3984 4968 4398 56 4120 1799 145 1957 312 139 2407 821 762 2702 1463 2075 1525 2617 3183 3755 2346 1796 1862 4137 1450 4854 534 2322 264 3438 641 4447 3954 2188 2307 698 2748 4800 2803 4085 3570 1491 1042 3698 1189 3895 917 1520 79 3332 4642 68 2547 2054 4543
1876 3738 4373 4221 1790 3132 3957 3045 3131 289 877 1770 153 4922 2305 670 2206 3223 4640 2379 4088 4138 1966 66 2244 1833 2979 221 4339 3487 3756 3005 1077 861 630 4068 989 594 233 23 4721 380 3745 866 1700 4355 4844 76 4221 3589 4595 4329 3260 956 4342 4310 803 42 4254 22 417 4114 928 2890 2893 2424 3311 1474 1262 61 4246 1776 4299 3262 3515 1765 278 2057 3351 1636 2612 831 1398 4020 3591 3877 3625 549 2364 3426 2538 4440 3457 305 4883 272 647 4981 4007 3625 3787 1420 427 2473 1063 563 1122 3723 2145 915 3895 2445 1079 1270 2136 2132 468 2299 409 3445 2386 4476 4760 2843 4907 4447 1993 3400 2749 3018 2577 2577 687 2670 1239 3119 4994 1231 2875 2725 4655 620 4945 663 1306 4171 2053 4894 4236 714
2601 4486 2218 2915 4217 2693 1376 1843 3060 1307 4839 3963 327 1615 3723 2786 3814 1798 2203 1991 4090 2374 869 672 2434 536 3816 4365 4030 2772 463 2578 4296 630 3848 549 2641 3599 3740 4446 4080 4201 1603 4310 4479 598 3206 4746 272 1490 2657 3550 1977 2392 3940 1676 289 4078 4826 3553 1617 4608 1204 803 2760 1181 3706 2628 66 311 4124 1714 2537 4992 2870 3271 2169 4021 4329 3224 1990 4495 324 1133 3661 1343 1341 2392 1864 4216 4044 1384 4216 3643 262 2189 3488 357 3706 798 637 2774 3949 3313 1502 1438 4004 577 4143 3698 1481 1744 1095 2683 3755 3602 3616 2291 1703 3291 2295 389 2084 4338 1654 2532 4133 3856 2718 2532 3727 2591 1759 352 4526 833 406 100 2277 2777 3901 1538 581 1638 1789 2671 1515 3608 2440 3230
2382 1902 1749 1963 1004 2779 2809 3502 1934 2060 1062 3972 3635 948 3275 2854 874 802 4690 1861 1463 1484 2227 2990 3577 3810 2964 2486 231 3676 1700 3369 1479 4068 549 1153 3698 1571 3917 1775 2591 4018 1561 1784 944 4582 2140 2102 195 3887 2088 1759 380 1581 378 44 4521 460 3937 2406 554 4357 1028 904 3121 1995 881 1418 3148 1312 2618 3337 2899 1717 3251 932 1753 1612 3679 4197 2713 4956 1258 3765 288 1608 4513 973 3133 2748 1672 106 425 2693 4813 4200 1454 4533 775 3559 3784 223 384 2901 1075 4008 2894 2087 879 1173 2361 2052 1166 2495 4359 238 319 860 4465 2153 2208 1869 2219 2946 1215 1014 1440 4648 2454 3997 2218 217 142 3656 2425 578 2917 2538 3392 661 3086 4182 4244 4087 2530 2519 577 3220 2596 1088
133 1296 1119 3666 3269 3151 866 3775 2761 1527 2195 751 3434 2678 2596 1406 1240 3580 1290 883 4341 2222 4649 1324 4296 299 1655 1785 2800 2630 4561 3563 434 989 2641 3698 2072 3024 334 1569 268 4464 4565 4015 1115 3408 427 2571 1061 3492 1589 4953 4394 4354 2073 884 4846 2295 4790 2188 4446 1488 901 1136 434 3845 1155 4338 3261 2690 2688 592 1089 4268 4270 3038 2681 4298 1189 28 761 4206 1369 564 3300 4688 989 590 4557 3831 2087 3148 3021 558 857 2984 211 653 4702 3305 4555 4485 2321 3901 2890 4313 161 3507 314 4779 4371 4396 4001 2587 693 4029 4036 4566 2007 2600 2609 478 2936 2511 4175 4294 4320 3040 3653 3693 4795 3009 2702 1771 2567 1393 4805 3223 2630 2761 541 2252 4751 4443 3651 2341 3636 3449 2484 814
1074 2453 3362 3866 2495 2308 1458 4399 3106 2604 943 1814 3539 1908 1535 996 4182 3374 4478 104 1101 4023 2835 143 3342 4144 2265 3674 2272 4373 4886 1536 2490 594 3599 1571 3024 4576 2688 4466 2466 3939 4638 1212 306 3899 3858 36 1912 3608 3967 2934 2085 624 846 2036 3377 4664 4516 4231 269 1474 995 2088 517 2221 4274 1648 1905 23 1148 3452 1594 1279 2662 4162 4654 1677 3661 2592 3316 11 3308 1915 3561 4380 1080 4085 4369 2598 2416 1360 3784 3241 2777 223 381 2269 2647 3708 3603 332 392 2156 4130 1259 720 4255 1140 2179 371 187 3375 816 4347 4057 3517 55 2894 2007 1644 2961 4423 4916 2287 3934 794 133 2595 3160 1783 2724 463 2067 3901 1675 1792 466 2145 1877 2805 2050 3095 2460 2595 1437 4488 2840 3892 4352
251 4490 414 2346 4295 641 4223 1186 22 4437 4967 1313 2725 799 382 332 3978 4431 4192 144 4136 2112 3762 1688 870 4875 2416 2390 591 4513 3624 2179 437 233 3740 3917 334 2688 1774 4252 3443 4114 4928 3908 989 1413 3621 1438 1816 1168 4195 1371 4305 3084 4645 233 4884 4888 58 2027 3120 3980 531 3008 1483 3844 2535 2255 276 511 3219 484 3555 3581 4993 2406 983 1624 327 947 1458 2640 731 3824 2509 3034 3041 234 4068 3270 1640 2070 1819 1120 4781 1496 1894 504 1518 4665 3709 3282 2686 3815 879 1805 2842 2533 1150 2768 2927 3140 1425 1041 4659 2837 68 3534 895 1145 4999 537 1592 3116 518 669 2294 3107 4738 4720 3329 3520 2975 4302 3051 1080 2442 1088 1238 4626 256 2387 2045 3112 4527 56 3767 3426 2060 1030
2792 3056 3858 2963 310 1569 1307 2921 3610 1269 3869 4763 1519 2585 2166 1117 2698 4216 3418 828 4258 3143 3031 907 2481 651 3387 1017 2145 4139 3544 309 3781 23 4446 1775 1569 4466 4252 1814 1659 1739 2880 4145 2576 762 2153 3731 3008 4663 829 723 2136 2352 1529 3797 835 233 3749 1671 3619 994 3926 3417 1720 424 3325 515 4772 381 1291 4628 3267 2948 16 3695 2830 1662 3200 4028 1234 2698 2658 2840 1290 4326 1845 1998 682 1992 3691 794 3381 4280 596 4824 3237 552 417 2744 4859 3535 540 4450 304 2671 2406 2252 1993 3983 2126 1816 1213 1699 382 4153 3024 3009 157 2404 2036 1511 2140 3576 2075 4240 366 269 2296 813 3514 1016 139 1665 913 722 1498 564 1735 11 111 1603 2110 297 3432 2414 806 2605 885 4313
732 1366 2082 4642 21 903 1664 374 931 3476 332 3599 3054 1342 33 2276 4267 1240 2225 4755 1567 4833 4812 945 3318 2916 1309 907 1348 3175 3626 1457 4060 4721 4080 2591 268 2466 3443 1659 90 2084 1929 3140 1842 1859 3452 1351 4045 2601 2912 2838 1802 631 374 4883 2888 843 3014 2394 1474 3537 994 4746 1762 4996 4840 1638 372 1613 2760 2540 1720 2001 1401 4825 2747 2031 4518 2577 4387 4263 3519 4518 166 3845 2410 1675 2319 2207 761 2378 1661 1152 901 2839 1705 1267 1174 3789 1368 172 446 4693 663 1847 23 644 2295 2425 4539 3137 4101 2149 4885 2036 2913 1810 1209 4351 4016 188 725 3942 4670 3562 1485 2395 315 549 4956 2471 4172 3442 192 828 24 2244 2866 4876 3918 410 4186 530 1510 252 3165 4476 423 2574
176 505 2907 4516 2770 4051 4161 1371 1318 3799 4351 3112 2840 3796 286 1817 3018 2720 2449 4253 1506 1208 1798 3183 2226 379 3559 1710 776 2488 930 1115 632 380 4201 4018 4464 3939 4114 1739 2084 302 1029 4103 4239 244 1064 4552 4168 3061 2078 733 3984 3620 501 2240 2549 2792 2743 2372 3919 4942 4600 2949 4684 4350 2365 4169 1753 838 1981 354 4100 151 2349 4531 749 330 2835 2985 60 3397 173 3269 335 928 1006 4049 1675 4835 4160 3377 1875 3421 1742 1854 1103 2508 1647 3867 4878 2198 1555 68 4541 3266 4265 3570 1329 1835 2869 2456 3404 1646 3419 1666 1137 4235 4841 1916 4537 496 1992 3187 2576 4043 3071 3863 825 3901 4885 552 940 3312 2679 1491 3569 2063 1806 2586 2420 4102 3627 2278 1550 627 1216 2968 2755 765
789 180 3826 3204 679 4208 790 613 1802 2062 3338 4193 4187 1077 1247 2399 3605 4258 2069 3642 4365 13 3814 3502 3339 691 1413 1278 4355 4330 1690 2287 3043 3745 1603 1561 4565 4638 4928 2880 1929 1029 1061 3081 4064 216 3301 2769 4787 1744 196 32 2305 2653 3214 4303 617 1340 4319 2016 500 3141 3000 1033 2887 1951 3890 4854 2359 2452 638 1677 2461 2242 3878 4421 1469 2472 2623 3887 4356 4738 60 1696 4187 2710 3565 4802 2917 1862 3701 3080 60 1999 2853 1682 225 4196 3037 1014 3073 64 3486 3139 820 4308 474 4246 3648 2167 909 1497 3993 3225 3719 1729 1714 1478 1694 75 238 2000 2825 1415 1424 2707 2827 3868 653 3274 2667 4546 4676 1364 1805 3520 1551 683 12 1395 3408 3021 1872 4568 3175 965 2394 1035 1622 3401
4851 3119 3277 256 3010 4094 4977 4364 393 3572 79 2927 3734 4547 2102 227 3582 3034 411 4064 56 935 2133 3762 2633 4370 628 1994 2720 1080 2463 3689 2123 866 4310 1784 4015 1212 3908 4145 3140 4103 3081 1664 3774 2853 3107 1012 1196 493 4645 2042 1177 2844 4412 4149 4776 2097 4497 248 552 785 3107 183 2860 1941 338 200 678 592 4271 4944 4392 4330 3894 2635 3652 3959 4861 2830 1331 3532 1136 3274 252 834 63 3776 4717 2594 262 1953 3467 2375 4052 2873 3337 282 34 2909 641 4936 1815 2576 3380 4402 3704 2022 1125 2317 1414 3550 1992 4777 2979 2087 4171 4720 3962 984 2192 1254 1463 3295 2332 1750 3362 4501 3376 3416 4147 4809 2372 4379 4402 1898 3642 2192 1926 4168 3612 2321 3048 4681 146 3420 359 859 3329 3092
2705 872 1111 3077 1858 1723 307 4850 484 4928 1050 4079 475 514 4078 490 2418 4936 4710 2350 3102 2316 283 270 4363 2803 4432 229 4557 364 3676 2074 1349 1700 4479 944 1115 306 989 2576 1842 4239 4064 3774 3889 81 2512 4385 914 3782 1319 1025 1365 4394 4319 4589 2371 2380 984 2981 4221 4140 3541 4766 460 3848 1091 135 2593 2888 1934 1221 1606 1921 1082 4617 1941 3519 3846 635 3047 2651 3987 1128 4276 4344 2994 1698 484 3601 3112 1753 4153 3986 3170 4145 978 3155 422 4483 319 4949 4720 4785 3888 1104 1708 2537 2533 57 628 2878 1402 1720 3096 2967 555 783 3963 2847 1166 1871 3847 920 3870 3378 4623 1315 2619 234 1353 206 3345 3837 4981 3493 4675 1271 3532 2885 583 1254 1121 3637 1882 1110 4939 2839 2047 427
2895 3912 1920 3499 556 2480 965 4308 3455 4563 2629 1243 3562 725 2874 2655 4261 1594 2896 4346 2942 2347 4256 4936 1480 1467 2756 2067 3716 2623 2181 2029 1284 4355 598 4582 3408 3899 1413 762 1859 244 216 2853 81 3732 1445 820 895 151 3017 3467 896 1854 1895 2037 574 222 3448 775 1009 4316 2274 4531 4809 4909 2647 323 4655 230 1076 4209 490 4826 2438 1019 2919 4491 4801 963 3182 1465 164 2338 3978 2621 1278 2659 645 2192 106 4773 1271 1904 1442 1045 1342 870 3247 1479 4196 3869 4957 3143 2310 1673 2346 2734 4894 1529 2152 1426 3648 4929 3712 2251 3455 3820 4829 3419 1880 1863 4506 2676 4448 3671 2399 4252 4937 2127 3539 1395 1439 2277 431 1499 151 2143 4774 1748 3930 4893 970 3945 4598 4081 2653 2789 909 3414
1250 1296 2480 3464 3471 197 4545 3441 3246 3762 4643 3232 533 4180 361 4698 4322 453 3215 1769 3943 2510 439 2056 4064 2945 2407 4584 2392 2337 1756 3634 4581 4844 3206 2140 427 3858 3621 2153 3452 1064 3301 3107 2512 1445 4096 199 66 3719 4304 3838 2436 2224 1248 1123 4565 3535 2797 2440 4027 1285 3506 3295 1092 2195 4621 3291 1392 2212 3940 2164 2271 753 2677 2236 4811 1070 1948 1273 738 3594 2427 2794 1237 3568 2934 2600 3136 4166 1179 3815 3223 2105 3916 375 3467 446 1675 1613 2600 4254 1895 4075 2819 3094 3692 4647 3049 3592 3195 520 4465 145 1539 4777 4826 3823 2753 4131 3388 4090 481 4831 4919 589 4803 1591 2101 2062 4575 3804 3603 4267 2296 2538 3673 2256 1123 92 4882 807 2806 2178 3976 1644 443 4971 3520 271
1012 3440 2985 3660 531 2010 969 4007 953 3147 565 3797 1729 983 3180 2641 4516 4602 2583 208 4885 84 1170 4326 1454 4296 3182 1807 1767 848 4029 1316 2861 76 4746 2102 2571 36 1438 3731 1351 4552 2769 1012 4385 820 199 962 1863 2675 3982 516 2493 1012 1907 668 1004 2326 53 2417 930 637 3210 1819 4358 1903 4058 4411 3578 461 423 3380 4603 1216 1077 3226 343 3667 2416 4388 4449 4359 2115 4863 833 3204 1281 4455 3598 3449 3573 302 48 1273 2859 4700 424 1702 4790 2978 2979 1286 4284 1626 1009 203 3133 1871 1649 338 762 3845 4417 2022 2930 1595 3134 1451 1312 1868 847 3714 3531 3261 4009 2978 3703 422 1518 3828 912 1628 2030 3507 4266 3297 333 316 4499 1010 1517 4791 191 3967 2618 3358 1485 984 51 1963
2967 2879 4154 3669 402 2455 1019 601 4155 4376 1286 1900 743 433 1170 908 331 450 2114 866 4790 1102 2418 1221 4673 3865 3133 247 2999 341 259 1995 4785 4221 272 195 1061 1912 1816 3008 4045 4168 4787 1196 914 895 66 1863 67 4592 2047 851 4599 1765 786 4233 4293 1499 3433 3684 2766 1615 2817 3492 2987 2082 4147 1255 4469 2487 380 3283 3706 3772 4159 1913 4025 863 3246 3929 119 1411 1418 2655 2533 4072 894 1257 4112 1159 1375 4454 4375 4417 1842 858 1395 817 3568 2050 1383 3878 4014 2652 3451 4346 377 3590 2906 649 4641 1009 4349 2547 3984 3671 4080 1979 3684 3806 4883 2805 3991 1762 4951 327 3503 3502 171 3831 4270 3095 113 1779 3967 2946 4843 1588 2370 61 3580 252 1463 4281 3562 1944 3174 1254 1292 2391
4665 4738 2327 194 3061 3350 1340 730 3973 1669 1761 4776 4813 3086 2597 1216 3183 133 668 1157 635 1353 982 1137 2969 1085 1507 2289 123 84 4726 3204 30 3589 1490 3887 3492 3608 1168 4663 2601 3061 1744 493 3782 151 3719 2675 4592 4485 2681 1095 239 3388 4868 3511 335 1659 1764 3685 1740 4816 3478 367 3756 4325 2062 2804 77 1522 479 1752 4323 4259 829 4539 3670 4340 4461 2678 2135 2748 4774 4832 4876 1175 1199 3051 2049 2490 2667 1373 3969 3998 3513 2633 1323 3427 3149 1737 1670 4256 155 849 552 2676 4744 1847 3706 2918 4259 3510 2908 1673 4057 2883 4845 1978 1422 3317 1609 979 1868 4824 1293 3858 2671 2571 2346 3659 4289 2476 1226 143 3314 2788 1291 4939 3064 3986 2459 2382 3745 1770 3039 3412 3970 2489 3214 3118
560 1095 2239 1611 4436 4161 1814 4176 2653 141 453 4599 433 1747 3147 4599 3404 4010 382 1841 4145 2013 998 3532 2327 4375 604 1597 485 3953 1596 3165 362 4595 2657 2088 1589 3967 4195 829 2912 2078 196 4645 1319 3017 4304 3982 2047 2681 783 2536 2886 264 3983 2971 4116 2203 3816 173 1948 4182 1990 233 433 301 2017 4781 1570 1059 1313 2254 2200 182 113 3879 2776 749 4224 200 2954 2606 1067 3417 2719 4928 1145 2569 3336 2290 2731 807 1732 3802 2434 973 4019 2505 3193 2352 4332 1292 585 4123 1841 1523 1131 1233 2781 2533 4620 1665 515 4035 3720 2554 3471 533 1402 3868 2642 1929 3407 365 40 131 4370 4532 3018 3681 2683 2029 2108 1549 3456 1023 3685 3185 4912 4291 3243 126 142 4328 477 641 858 4792 4364 2054
32 4852 4204 1469 961 1660 2967 3006 1618 1971 3302 2645 2280 4504 77 3776 1744 3407 3529 774 663 2926 4004 4533 2962 3253 1364 2662 4957 819 2430 1337 1961 4329 3550 1759 4953 2934 1371 723 2838 733 32 2042 1025 3467 3838 516 851 1095 2536 3880 4231 4237 3234 1934 4611 567 1095 4216 3358 1545 2084 2508 4730 1451 565 3673 2836 2947 3948 1508 495 1778 700 1502 3280 3238 2932 3332 4521 4366 2764 2515 2296 4452 4053 2381 3618 1362 1124 1462 2528 1836 1463 1751 4957 785 3993 2425 816 4783 2550 1464 411 616 4107 31 3139 3272 3862 4237 1442 4894 312 1589 2083 4289 3778 1162 1086 3068 555 3107 3147 3765 553 4295 3300 4114 2899 202 605 1891 41 3161 3768 2990 1184 4398 1293 2746 3386 1312 552 2000 28 559 3047 338
2454 1185 757 1930 4706 808 3251 752 2586 2844 4647 533 765 666 4919 3901 3856 4696 1953 3171 4632 33 3290 545 3497 4602 2287 1780 1108 679 863 905 1349 3260 1977 380 4394 2085 4305 2136 1802 3984 2305 1177 1365 896 2436 2493 4599 239 2886 4231 1960 2000 2991 2736 2130 778 4903 4481 316 3735 4716 866 3432 2487 1025 2613 936 4866 1306 2793 2316 1539 3790 3932 358 825 4548 1361 2615 4728 209 509 4982 4537 2138 2139 111 3415 3026 875 380 2098 1451 4852 1361 4739 4240 4190 925 865 4358 2246 4671 731 1907 3376 4645 2663 3937 715 3903 4266 3468 845 3252 3440 2122 1611 2739 91 246 1712 2274 2883 1674 2466 1115 3667 729 3898 2783 114 2373 197 1672 3058 4183 2236 3841 3061 287 3744 1205 2368 623 1546 2550 642
4963 3805 1663 4345 467 3819 507 1891 1786 3497 2079 1095 4561 3763 2551 3978 4053 4756 4002 2967 1880 4911 1440 3890 31 4550 1414 4459 739 3593 3012 2983 4231 956 2392 1581 4354 624 3084 2352 631 3620 2653 2844 4394 1854 2224 1012 1765 3388 264 4237 2000 4361 2719 3313 4266 3428 1653 1724 824 3431 4327 322 1789 1366 1772 1676 531 1651 2765 1529 2446 2184 3819 3846 2865 4226 343 1919 3829 4362 656 3157 4865 3017 1717 943 1163 3514 2502 3632 4617 3136 1171 2024 343 2121 164 2483 2198 65 2867 3383 239 4799 2328 4400 590 2005 1149 4917 2858 2590 2441 3453 3814 3097 419 1025 4613 1405 1433 4988 3553 2598 3902 3944 1570 1590 4060 2878 3581 1923 1617 4260 1828 2456 241 262 1681 401 3707 1765 278 4407 4830 2095 3180 2859
