N: 150
M: 30
Symmetric: true
Triangle: false
4 81 122 94 78
5 8 109 49 148 102
1 92
5 69 11 58 41 100
4 127 101 9 2
9 35 150 32 75 85 10 14 121 138
3 79 83 70
5 71 91 98 38 53
5 72 54 7 60 34
4 117 55 108 5
8 90 95 93 87 132 31 26 6
8 17 27 80 67 62 73 144 20
5 29 111 4 131 43
4 28 128 120 142
4 143 124 65 106
4 115 103 40 125
5 3 42 113 104 66
7 21 15 99 84 45 68 44
7 147 64 74 136 25 1 37
6 116 129 145 76 39 56
1 112
6 30 22 59 50 52 107
6 33 141 119 19 77 82
6 63 46 134 16 126 88
3 137 36 105
4 130 135 146 133
6 51 18 48 149 97 57
5 139 12 96 47 86
6 123 140 114 110 61 24
4 13 23 89 118
2559 4637 1414 4044 3733 1557 1694 2283 2998 4404 4611 4895 537 2624 2288 994 4247 2317 2691 526 1367 969 2299 4343 3553 1916 2200 1527 185 3912 3044 175 3200 4106 2885 3610 900 4892 3897 2563 557 252 4308 3967 24 4689 1410 3376 2128 4628 4806 1229 3694 418 428 3692 3626 2174 1189 297 1491 4236 858 1525 3033 1219 4487 627 2930 4712 979 3990 3962 3803 3584 3580 2769 2204 4267 1218 4639 4676 1208 2764 837 191 3630 3176 154 336 816 785 117 4515 4459 2860 4195 2782 1124 405 3892 4057 3669 3383 4021 3728 4993 2134 3063 1901 52 3529 2036 3775 4650 4399 3803 2127 1615 336 86 4230 3395 3308 539 15 1112 726 1397 4172 4167 765 2872 456 848 1988 2968 3499 4311 2397 4594 3576 1193 792 1597 39 1564 1405 2390 855
4637 2181 4855 3470 3504 1369 4236 4896 4981 2610 125 4491 4032 3064 3935 3341 3466 4703 1891 4999 2076 466 1269 1080 4280 4737 3689 4613 3066 3564 2253 1142 3996 876 4381 1850 2134 3513 3635 1000 3869 1372 1436 4918 750 3478 3660 3316 236 3528 4768 472 2434 4524 36 1688 2271 4885 4251 4706 700 2178 1088 4470 4385 3830 408 2100 4338 3081 1475 1284 647 300 4899 2712 1225 681 4967 4856 1035 4012 1572 4405 2584 3826 3564 2253 3929 3820 1174 1166 2912 3836 4631 3094 617 3576 323 4149 4956 1256 579 2751 4113 4452 3051 2242 882 2732 2143 4332 3529 4927 3841 948 3079 1983 2895 4917 2944 1640 181 2615 2305 1450 708 4700 2240 4652 4652 2281 599 2172 803 4519 2935 3412 613 3386 2397 366 3239 3628 4316 4319 3576 595 1286 4715
1414 4855 989 2924 3607 743 868 1098 3513 3745 2266 2829 1745 3896 4362 4410 532 832 4494 1963 1960 1348 4136 874 1108 3347 1093 2274 2499 4186 2892 3007 1184 636 4278 2840 4758 728 4638 598 1420 752 1055 294 3656 1902 925 3092 1007 3826 4347 336 2932 2421 4901 2959 4167 541 1635 4937 1317 316 4480 1969 280 1130 2562 3994 1279 711 401 1990 3330 2733 4988 891 72 4893 2089 3870 3892 1173 3120 4995 730 4942 1406 2759 733 908 3616 2841 2311 2465 2869 2680 76 2077 2390 1556 2312 1637 313 604 3432 1488 811 1719 2230 1888 2962 4843 2210 3259 149 2930 138 1519 1840 175 3246 1924 1600 2436 3482 3244 1198 4268 3067 386 1053 3196 4648 1966 4875 1063 2788 668 196 3230 3381 4884 2545 2441 1547 210 1573 2989 2259 76
4044 3470 2924 4962 1940 4878 552 4432 48 1303 1938 4733 4071 3280 350 2660 2675 1851 3614 2733 2094 1626 4203 300 1272 3812 4009 4412 3806 3540 655 4004 2022 1847 338 4590 510 1642 2634 3358 875 4960 3118 2003 4730 934 4628 216 1231 3857 200 706 3287 3149 2581 387 556 1900 4240 899 3767 1719 1552 813 2857 3431 313 3005 1704 4839 4176 2674 4331 17 796 193 3642 2654 3070 997 1573 2138 55 4608 3179 3209 4921 4955 4676 1815 1741 4375 1943 3717 1370 3741 2052 2001 1060 3729 133 2578 946 3933 4621 4862 3661 4552 3395 81 3330 2870 2973 3044 3452 4957 4488 4169 3175 1784 2237 1742 4667 879 4062 711 241 4479 4880 1373 2076 1599 1092 825 2857 3904 1322 1918 4738 930 2938 2520 1059 298 2337 1112 812 2077 3449 1457
3733 3504 3607 1940 4944 3788 1577 4221 1750 4271 2280 1772 4376 1989 1650 1572 2337 2839 4286 2858 3534 251 563 3606 3306 3557 1072 1383 1317 2081 206 3835 1208 3792 3790 457 686 2839 1892 1536 570 2641 4912 2544 3469 3542 945 189 789 1223 235 1123 2174 1515 2998 4320 3343 968 2895 2520 2668 643 3895 3263 2059 504 956 1749 643 4043 1051 4203 1021 2162 1512 3646 3146 568 4133 1173 4461 3649 3488 4470 4871 3148 3873 146 3529 2651 2550 2963 3307 2320 4790 4040 3278 2976 2400 2894 340 4766 3695 67 1036 1408 2694 1892 3428 4859 3436 2617 4141 2936 1938 3574 3956 394 2374 1834 2187 2971 1223 672 623 1440 2298 4626 1064 1595 3800 4838 4149 1912 3172 422 599 4981 2633 2682 1707 1770 969 1301 3388 2372 4975 545 2500 4483
1557 1369 743 4878 3788 3211 2450 3683 2353 663 4333 4942 4664 3925 213 4126 1047 3951 4462 1997 4953 241 3106 2518 3950 3731 2577 549 4729 2371 4452 351 3986 1798 1625 1037 440 3576 2177 4361 214 4007 4211 4111 2617 3870 923 2112 1194 671 3280 2651 4934 4437 3201 4558 237 2323 1797 2754 1182 100 1627 3960 1490 1387 1655 2248 455 3300 654 4825 2070 765 3684 3152 1586 1141 2964 2855 2565 4599 4125 3118 415 955 3327 4965 995 4730 199 4484 1496 2338 239 323 1938 3304 2906 4547 761 2167 2900 1148 2643 3546 3550 3389 3934 4306 90 4849 3447 2598 4686 1080 4868 1300 3273 3769 4401 470 1273 2510 3774 3421 3078 4287 2581 2112 1002 1527 339 2705 3266 3930 964 339 3325 4373 1330 4289 339 4230 890 307 2225 2931 2019 2624
1694 4236 868 552 1577 2450 459 1000 3700 4973 3113 792 1996 3501 1676 4167 4562 1812 2576 4553 3301 1073 4761 4611 1491 4121 2956 2291 4207 2423 60 2626 4814 4658 4626 4138 1800 1757 2538 1192 1663 284 1192 2158 3042 354 2634 629 3608 945 4147 2777 3143 1586 3915 21 785 2770 252 2377 1911 1346 2073 1009 1339 1739 4983 1081 2976 2903 1544 3881 2278 1145 4168 1512 1533 1515 672 4504 3861 4850 273 3307 498 4939 3536 3507 2592 87 3652 401 2457 830 3106 412 1147 2410 2469 3719 4727 3054 3177 3530 411 3606 2190 1975 4938 3995 2074 327 4978 1385 2650 4848 3842 3870 602 2772 813 2390 4848 4847 1904 4011 4337 1099 3931 4667 3974 1536 189 276 1491 4763 362 1675 2680 1408 2987 1614 2285 2205 2686 4806 4556 2651 3883 1796
2283 4896 1098 4432 4221 3683 1000 1018 3861 4104 3929 1429 4413 3786 3488 3404 1609 3633 3570 3392 3534 1088 4458 2140 4353 4462 554 4211 2472 4100 2110 4610 1150 4201 3220 792 610 4361 669 1599 1912 4315 963 3699 1929 4140 3278 1588 4886 2494 1631 3386 3504 3074 3218 3653 2727 2408 4668 920 840 2019 4254 4485 3023 3478 4930 352 2109 3240 647 2058 4567 1690 2395 4069 1844 4651 119 2144 1305 3735 1358 1198 4054 2557 770 4871 4069 3897 2619 4322 4116 1190 3785 2094 776 918 1741 1492 4110 1058 2726 4492 3691 4355 4171 2077 2263 2948 3811 370 3844 4128 3071 3277 2325 1856 165 2968 3270 3713 263 4984 4736 2589 1701 1164 4314 2097 3720 4067 4052 1199 69 1411 3447 3922 4463 2141 1228 596 330 4869 236 1395 3429 4461 3578 4887
2998 4981 3513 48 1750 2353 3700 3861 3290 3666 3598 2339 3048 3470 1984 1861 3954 159 4487 2789 4857 4440 2253 792 1330 4150 78 3463 3745 4083 3609 801 3506 2360 2095 3747 60 2567 3611 2273 1682 856 1290 4042 2885 4456 3126 4100 4616 4467 3988 545 2845 4062 1986 3471 884 4636 3893 3430 407 2354 1320 1838 4316 1149 4869 2254 71 4891 2163 2407 1861 709 4088 2010 3588 4016 1173 4514 292 2824 4164 2245 1354 3305 2087 1697 2589 3858 2938 4647 3220 852 2166 387 66 3973 3259 498 4722 625 3229 3558 3067 433 2519 3402 26 4418 4526 2797 347 3397 1049 1015 2730 302 510 1685 1844 2703 3233 703 4653 42 1809 145 1804 1446 741 2912 4125 3630 3006 2384 4367 2447 861 2730 1419 2423 3637 46 4677 3940 4426 4661 1491 913
4404 2610 3745 1303 4271 663 4973 4104 3666 2129 4625 2960 3653 1976 2303 4583 2971 93 2945 133 2046 3756 4413 2602 2077 3067 2957 2518 4098 108 444 1938 2743 2913 579 2882 1662 4237 1389 989 1526 4887 432 1306 3103 3868 3271 1144 2165 1685 3508 3210 1178 929 3721 4686 1012 2389 2450 4435 3618 3420 707 1849 891 1858 1112 2780 2692 2423 762 948 2198 1056 1076 3257 2179 2549 1622 3356 4757 427 1795 3334 506 4061 4413 3538 3682 482 867 4124 357 2695 3959 3791 2106 490 4500 2408 2887 2003 915 770 2702 3562 3776 3022 2772 2531 3275 2828 4857 988 3904 1739 11 710 2595 1972 2113 4909 1684 832 4344 3660 4546 2465 4056 4318 321 4013 1680 2053 234 4205 2238 2173 800 222 1042 1793 4589 3789 1979 3725 3988 3683 1391 1464
4611 125 2266 1938 2280 4333 3113 3929 3598 4625 1603 582 1232 3808 3961 97 3020 3458 913 3563 3167 4735 4477 3034 3626 3603 1429 2994 791 21 492 2880 848 2486 3963 3230 1856 2501 4849 3309 1148 1908 2439 411 3633 4780 1143 2395 4689 2022 1893 3002 2525 2648 3014 1052 784 4876 1721 4792 2401 4862 2342 2430 348 3100 3149 2570 641 176 2362 2943 4073 721 1184 1119 1929 4182 694 925 2646 2149 2211 1108 916 206 4799 4303 3521 3532 2827 333 250 4725 1784 1970 3378 4348 4571 4297 1369 398 4275 2994 3887 4585 4411 3767 2643 340 3334 4796 1194 3952 3060 3178 1511 1276 1854 2883 4517 3019 728 3403 1781 3426 3083 4632 1066 3162 3321 1202 3725 1089 1552 2409 4827 2671 1261 4704 2207 4449 2966 260 2169 2905 1727 320 68 2108
4895 4491 2829 4733 1772 4942 792 1429 2339 2960 582 2758 3530 2597 4883 3193 402 473 1040 1548 3919 4681 959 3957 4890 4106 2336 2126 4839 2569 2463 3568 2030 2182 2085 1658 3742 46 1446 4214 4442 762 723 1022 2951 1770 68 256 250 3414 4168 82 4979 3896 4343 2091 3958 3867 2758 4136 4445 1712 4866 726 2731 4721 43 3919 2230 4268 2026 3463 555 126 1847 1275 165 3254 1509 1566 926 2725 2446 4217 1758 3294 2296 1478 3828 1438 3033 2751 1940 3212 4814 522 1132 1558 4062 882 784 1181 228 4995 3373 1795 2447 2646 1906 1002 4945 4419 3139 4858 2443 1897 3536 329 62 2468 4943 4140 3203 2410 288 1841 3077 2038 960 3406 2098 608 1168 3392 3958 2315 4632 547 3525 2205 329 1391 984 3428 4186 741 2019 4479 1976 811
537 4032 1745 4071 4376 4664 1996 4413 3048 3653 1232 3530 1741 3753 4663 2573 2476 857 3857 779 3118 38 1246 2577 122 2926 3806 2506 4974 1093 3262 1703 2827 1142 3072 1555 1878 2698 3893 710 1133 4958 2693 151 3852 3336 871 786 2892 1882 2282 1455 2612 3580 2405 1790 1598 4639 3443 1853 976 1512 3972 174 2280 2224 1269 2960 4471 138 2063 4743 4847 1157 4104 677 4557 1499 2991 4902 3067 378 2028 2511 418 3185 4659 3541 2163 289 4786 2299 4653 1365 2181 2729 3883 3467 548 1826 4412 1806 2065 4717 49 860 3647 2700 3477 669 4335 1040 3600 2505 914 2431 965 1107 4265 70 2840 488 467 2574 3475 1452 4498 296 3404 2649 2274 1320 2095 4680 2558 4511 1450 2688 3181 4271 2578 552 3976 3880 3403 4358 4342 817 3326 1142
2624 3064 3896 3280 1989 3925 3501 3786 3470 1976 3808 2597 3753 2783 1781 2297 2030 2758 4042 2670 2577 905 3389 3100 4254 4322 3119 1353 3060 51 563 1746 3342 1093 2876 4357 1826 3858 2950 3642 2144 2492 1154 406 2640 984 1956 3158 1849 1236 2655 4270 355 4189 692 464 2112 4551 2236 945 895 4881 3576 1659 2898 2451 105 2566 4356 3585 1957 1348 4734 3754 4255 607 3614 3954 4931 4677 628 1624 4594 972 3502 3086 4288 4584 1578 1094 2443 489 1895 3737 4977 2348 2634 2510 2040 1387 2744 3691 1886 2945 3598 3320 2478 3166 3341 3416 4227 3524 2234 3537 1918 1414 1358 4888 3762 2634 34 4775 1856 255 4876 640 3499 3158 1677 1406 1686 4327 3737 542 2906 825 216 3956 2807 1950 3708 3997 1279 3034 1121 4124 4063 1733 1945 4364
2288 3935 4362 350 1650 213 1676 3488 1984 2303 3961 4883 4663 1781 2158 2495 3620 957 3881 4821 4281 4778 422 977 1295 1066 758 908 2329 2947 486 553 113 4818 138 3416 4495 3034 4547 4057 3092 3281 4807 4929 3638 712 4511 1595 80 1074 100 3521 939 4495 651 1169 3338 2620 3150 4182 4235 1363 3346 2784 154 67 3895 975 493 4909 1687 360 1212 4121 4674 4822 3455 2842 1591 4007 1415 4732 578 966 4242 409 801 501 269 1185 4802 329 4968 2919 1426 4018 2165 1727 1039 3871 3661 2866 3046 526 3663 4286 4807 2958 3905 3704 3974 536 2202 4046 97 1789 1091 1884 4563 1934 4664 4624 4795 4739 4387 4506 949 4237 4629 3151 4159 3038 3867 267 2028 2556 2766 4652 2301 4740 631 985 2013 1417 383 4244 985 419 442 2124
994 3341 4410 2660 1572 4126 4167 3404 1861 4583 97 3193 2573 2297 2495 3980 2293 3300 4917 1634 340 2890 995 2316 2992 4207 2719 83 861 2019 2036 260 755 96 3801 2942 2531 2919 24 4627 2259 3641 2676 2861 1975 2373 3025 2833 1207 2032 1720 2213 4411 203 4721 2594 3412 698 2959 2556 4803 55 1091 1578 4365 2775 2014 3456 1196 4696 1933 3352 3785 1710 4828 2569 3586 3278 3716 3602 2134 1498 3902 2661 3340 3324 2429 3856 3345 2003 1191 606 1954 836 1613 1317 4903 1915 3887 1514 4157 4940 3061 3212 1847 3745 4535 2654 4551 787 2338 737 208 4228 580 2346 2064 234 4743 4989 3837 1569 2751 770 182 1447 3248 4395 2750 4683 3578 3417 2563 3302 2010 774 947 216 520 3054 3271 276 4257 2141 847 1721 1724 316 2427 3947
4247 3466 532 2675 2337 1047 4562 1609 3954 2971 3020 402 2476 2030 3620 2293 3932 4202 4060 4891 2437 3410 4914 2868 1577 3990 2320 445 243 839 1383 3410 2389 559 2157 3070 4290 857 615 2952 673 3040 4218 3537 3096 777 4877 430 4847 120 4264 4872 1239 4987 2146 1803 1869 3865 2508 940 2189 4489 101 1659 3504 1347 1330 1630 4399 233 352 1914 3709 4051 3912 2162 4348 4756 4664 504 1848 742 2901 1166 1208 2816 3668 2859 3030 3727 959 374 2826 433 269 4585 2902 1948 1428 2799 1929 4910 262 2997 3660 3944 2023 1520 211 3733 824 3451 85 1216 269 18 526 593 4153 142 3085 1806 720 582 1177 2570 945 4125 1229 4259 277 2649 2063 1021 3118 2286 2995 2308 1989 4060 981 2781 4907 2042 1011 4817 1519 926 2569 4881
2317 4703 832 1851 2839 3951 1812 3633 159 93 3458 473 857 2758 957 3300 4202 1659 1060 659 2328 868 4746 4941 352 1094 3627 4190 2442 4797 811 1988 2455 4832 550 124 1428 4536 3187 188 321 4805 509 4769 4692 4368 2709 3958 3379 1877 2065 2597 3005 281 375 4014 2608 3971 2060 3809 359 1760 4221 4703 1462 1949 3608 1665 4396 4128 3717 4114 2253 3477 808 3801 1972 4881 3915 446 3174 2525 4961 321 4105 731 3786 4484 4114 1974 356 1698 2960 1733 4521 1027 3220 4654 854 150 993 2526 247 2846 4365 3285 4151 1870 3752 2186 3516 4709 2073 3784 3289 2142 3864 4895 4035 2985 1939 818 3193 4928 2240 148 2780 3922 1614 4402 1985 4681 730 4965 1988 3718 4000 3672 4154 3179 1895 3930 56 2020 2894 2053 3114 1725 1707 3412
2691 1891 4494 3614 4286 4462 2576 3570 4487 2945 913 1040 3857 4042 3881 4917 4060 1060 3533 4011 4633 4637 3220 2620 4296 2733 937 99 1555 1017 27 1118 4592 752 3183 1675 3617 4277 619 235 583 4824 1361 72 2906 4688 2288 4566 3606 101 4117 4890 2438 2908 1207 1724 508 4905 4960 3670 2396 3187 757 3618 619 3090 1250 4257 2338 4360 3057 4343 3939 1817 2679 2323 599 3794 3002 3320 4998 3792 4538 916 843 536 4273 2089 1009 3821 3307 3747 65 3031 3539 2907 4843 4626 4953 4877 16 873 2311 1751 1303 1114 3739 4815 1221 91 2134 2097 3002 4790 787 2440 3095 1292 3888 2584 1645 4297 1800 2736 2172 2725 2427 4348 1753 1369 2665 651 3025 1272 137 3178 3342 125 731 4429 4968 4481 2047 1366 4930 3341 1033 3080 4511 487
526 4999 1963 2733 2858 1997 4553 3392 2789 133 3563 1548 779 2670 4821 1634 4891 659 4011 2091 1863 2908 1881 1639 4808 3851 4800 2835 3773 2827 252 4973 652 2473 1718 4973 2080 4770 4415 57 462 3169 680 778 522 984 3329 2674 4872 4648 3454 756 1331 1375 1479 2468 3291 2325 2644 3539 1514 1056 1864 2820 1188 4199 2529 2723 3991 3579 1042 2661 4672 131 733 4746 1688 2335 2744 3083 2108 1063 1625 4252 4423 3527 3567 18 517 3733 4747 4151 4695 3939 4512 3736 439 149 4444 1222 1983 368 1434 4319 2616 70 1695 4405 1907 3833 1213 356 282 358 1827 3396 1348 296 805 4588 2158 4851 4762 4419 4687 4958 1250 3404 4807 1599 1231 2105 448 1410 1255 882 1117 3668 309 1083 2013 2251 2812 69 3301 4176 4351 4667 3103 1359
1367 2076 1960 2094 3534 4953 3301 3534 4857 2046 3167 3919 3118 2577 4281 340 2437 2328 4633 1863 4849 3408 4500 227 3605 648 1087 4283 263 1810 2040 1884 2209 2032 4408 2339 2122 2128 2854 2926 4352 2703 1436 2905 4703 1462 4504 2952 1433 1495 2048 4952 998 2580 4568 1464 4012 3525 3894 508 522 4633 1352 3584 102 2088 2067 2277 3812 4602 785 4064 1904 926 1065 1080 2045 3959 2882 2297 4672 4980 2398 3404 1270 3619 639 678 2991 4658 2465 3895 3967 1548 4212 2447 4257 3176 4840 2110 3115 2821 194 3836 1577 4225 2000 1853 1776 1472 862 91 3631 3637 4935 4433 2808 941 4542 2351 1594 1446 3334 2132 3312 4445 4939 1785 1619 1639 577 764 845 4142 4271 42 4746 4179 3275 1836 3271 135 3024 4095 4798 2348 3340 2122 1890 4509
969 466 1348 1626 251 241 1073 1088 4440 3756 4735 4681 38 905 4778 2890 3410 868 4637 2908 3408 3711 4603 2373 503 4022 3438 2534 2501 1262 2331 4832 4259 3161 1373 2010 3018 2840 356 4925 4752 1964 76 1748 1354 15 642 1780 2312 531 2101 4848 2456 3145 4558 4863 767 3040 464 1217 1583 3849 1472 1255 360 3088 3453 4603 2794 1783 3612 239 747 1115 3749 469 3793 4835 3726 3666 1658 2949 1035 3966 313 28 3397 3710 796 4099 3266 3092 4836 2429 3622 1315 3491 1276 4208 3144 1898 2765 1235 3113 3651 2241 180 4522 4365 181 1861 2302 1133 573 849 4355 4610 1235 1083 1166 2835 2992 215 834 1060 2660 2705 4225 4638 718 1223 170 2348 4122 2780 3982 4921 2665 4675 3080 246 4376 3611 3164 4294 1870 3619 2315 3340 4154
2299 1269 4136 4203 563 3106 4761 4458 2253 4413 4477 959 1246 3389 422 995 4914 4746 3220 1881 4500 4603 2948 483 2750 3434 2843 1906 2247 1460 1681 1711 3557 2239 4098 2348 4369 1198 2512 268 4221 472 2515 1898 624 4809 4063 4596 2337 3458 1858 1770 3406 427 3813 2393 215 994 373 2882 1372 1120 3910 272 4433 2144 2366 4036 607 1737 3163 4361 1148 3518 3996 742 3331 3187 4956 1819 2859 4231 3330 582 16 3942 2559 214 830 1921 3489 257 4736 4192 3974 1236 1011 4318 3408 3565 3357 4922 4403 2120 2802 2101 3034 803 2208 1560 2269 224 1875 4837 2674 4875 2655 3433 1544 4918 277 4586 2688 3997 2222 2236 4544 2296 1201 330 3146 4083 3867 1322 4542 462 2722 3119 2583 2689 569 1427 4608 2195 3003 4590 874 1349 4788 1687
4343 1080 874 300 3606 2518 4611 2140 792 2602 3034 3957 2577 3100 977 2316 2868 4941 2620 1639 227 2373 483 1953 4806 1203 1288 2520 2024 3194 3939 2111 1703 4788 2698 2354 3172 1685 1698 224 4427 1740 270 3518 666 3620 2162 2898 4787 31 2883 4634 4260 167 1061 1626 2852 2816 3938 3680 4823 3459 3192 569 2793 4814 3039 2461 4129 2169 3656 4989 3494 1529 1747 2727 285 2958 3610 1891 1478 1943 1657 1472 76 1000 4773 3964 4668 1461 2630 3015 3051 3455 2836 135 1133 2860 1678 4012 3779 2805 3888 3130 2910 2951 4761 2514 3964 3554 1125 4456 3887 2220 3958 3856 4253 1102 1333 1466 1263 785 1906 1849 3140 2364 3747 3059 3518 3054 3694 4414 2102 2484 1321 1752 3965 1006 2740 3140 3506 1449 2596 211 2909 3170 321 4506 1306 3067
3553 4280 1108 1272 3306 3950 1491 4353 1330 2077 3626 4890 122 4254 1295 2992 1577 352 4296 4808 3605 503 2750 4806 233 317 1570 2249 208 2295 2804 3127 2218 1458 2664 4004 2622 4009 189 1179 2109 4854 4734 4994 2618 3338 1113 2112 1074 2765 1001 746 888 2793 2805 3920 2687 3849 3705 374 2175 1780 3129 4356 92 2104 996 2075 1588 3475 4372 31 3536 2360 4074 1308 1116 4306 2487 3296 3824 1700 662 2764 3421 3924 4227 1738 1796 1519 4985 2589 4432 681 4242 744 696 2286 4554 2661 4445 3373 2979 693 3986 1612 4912 222 1197 160 4694 423 2551 437 3114 4069 2160 562 2727 3558 4575 4229 4737 3111 2248 4027 4580 1778 3827 2524 4425 124 4549 1472 1374 887 1399 1901 4633 2260 1505 4983 671 4036 578 3986 3014 499 3104 287
1916 4737 3347 3812 3557 3731 4121 4462 4150 3067 3603 4106 2926 4322 1066 4207 3990 1094 2733 3851 648 4022 3434 1203 317 3096 4218 2131 2125 786 4872 2326 3168 3135 4244 4549 4845 2859 3198 1287 775 3373 2180 465 1851 4593 2419 1168 642 4510 3056 3461 3849 189 1241 4259 1073 3668 913 3887 1827 237 1336 4362 1015 1470 2223 368 3337 1798 635 2497 1711 656 1635 4293 3307 4518 3497 63 1418 599 2524 2081 2279 568 3023 3379 1731 2203 3755 4430 2335 2782 4484 277 2534 3059 4057 949 1901 3267 627 1830 1708 1606 2214 3641 4716 4222 1048 3108 3537 940 3521 4375 4350 266 3629 4466 3973 3779 2124 4253 2330 3855 1991 2037 3600 4021 2924 2826 4485 2699 234 4099 62 2981 116 359 1128 3674 2871 1680 4043 75 2292 3800 4433 3859
2200 3689 1093 4009 1072 2577 2956 554 78 2957 1429 2336 3806 3119 758 2719 2320 3627 937 4800 1087 3438 2843 1288 1570 4218 4119 4167 365 1506 1760 3912 1595 2033 419 4032 2067 1643 3823 3402 2363 3993 3359 2149 1092 4689 2422 4293 3350 470 3516 4496 3984 946 1811 3712 964 4424 759 325 4115 4662 3248 2788 3281 1063 2827 4855 3985 2804 402 3760 2242 880 2101 3385 3521 790 1375 4132 1653 1587 1034 4408 2895 4066 3893 3451 4396 3328 4013 4463 2052 4417 1535 2687 4437 2894 4048 2669 4389 4407 3726 3267 3384 3151 4509 862 2924 3858 2446 4110 545 578 619 771 4206 3994 520 1560 1269 2077 1457 1238 1071 1944 447 3347 3770 989 2255 4871 4418 1764 1707 2008 4027 4674 4992 1177 3227 1231 4615 4153 2935 2794 831 3355 4282 145
1527 4613 2274 4412 1383 549 2291 4211 3463 2518 2994 2126 2506 1353 908 83 445 4190 99 2835 4283 2534 1906 2520 2249 2131 4167 1598 2849 686 853 4274 3282 2591 2487 2894 3147 1622 4971 3274 3561 2891 1272 1307 3588 1030 1843 3738 1084 2038 589 1827 3315 3858 3926 4606 4465 4398 1560 1875 1881 1944 4047 4533 4376 441 1261 849 1373 1952 3086 104 3048 1629 387 2263 4423 968 2707 2770 2725 3446 3249 836 2740 4724 122 4287 1100 4981 758 1819 283 1856 2028 3377 4760 1374 125 506 3825 736 4049 3821 1867 1690 1896 2739 307 4166 2514 163 2459 593 4597 3960 4997 3267 2318 1444 126 4391 3739 3818 4284 2123 503 4254 4071 2212 1011 1177 51 1048 4653 3931 1217 3288 2376 4065 3591 4806 1093 1476 2850 726 2777 2978 1058 3871
185 3066 2499 3806 1317 4729 4207 2472 3745 4098 791 4839 4974 3060 2329 861 243 2442 1555 3773 263 2501 2247 2024 208 2125 365 2849 2473 2111 1635 4492 2215 1558 1080 742 3908 2425 1240 1129 2203 474 1305 3126 1997 2170 440 931 1983 680 514 4399 4025 779 3242 1091 179 4751 663 3092 3210 4357 4405 1014 998 4472 3736 3960 2782 632 1309 3255 1398 3142 2389 3622 3483 1376 1412 595 1060 805 4595 4374 3901 4959 3735 2821 2057 2347 4586 2067 1187 582 4815 3563 3662 1831 4907 3072 496 2252 2110 2474 12 1423 4940 4910 1412 1128 4749 2759 3547 3233 3215 4855 3467 2729 2776 4031 1116 2809 1688 4978 4953 2520 3696 4553 145 3188 199 495 322 1126 4611 1226 3320 1953 2095 4598 1781 3560 3412 644 4889 2784 520 4994 4870 577
3912 3564 4186 3540 2081 2371 2423 4100 4083 108 21 2569 1093 51 2947 2019 839 4797 1017 2827 1810 1262 1460 3194 2295 786 1506 686 2111 2391 1798 1619 518 3526 2211 3942 1214 3529 4717 1129 2179 2865 3671 573 4364 4911 1144 1425 2913 1390 2123 2820 1400 1778 1662 1595 3650 494 2349 3679 1168 2916 3597 1966 3631 2197 1635 2640 4241 2059 756 2323 4811 38 3533 765 2019 1162 3502 2173 3984 4908 1527 4325 2689 2645 1629 501 1777 1436 4296 1005 748 4109 2608 4960 655 3446 2857 3164 311 30 4591 1126 690 3792 1078 692 4473 1088 2669 1235 4362 4677 236 614 3155 4027 2819 4929 1045 859 4962 2077 4203 347 4407 2834 3131 2428 2834 2555 1796 645 3833 2924 3352 2388 4698 4070 2881 1983 4414 727 574 631 3303 466 3235 2975
3044 2253 2892 655 206 4452 60 2110 3609 444 492 2463 3262 563 486 2036 1383 811 27 252 2040 2331 1681 3939 2804 4872 1760 853 1635 1798 3368 2640 4818 3107 1706 4417 2337 182 4262 2641 3583 1942 2214 4185 2975 3180 4961 242 1038 3978 286 2006 843 250 3149 496 2064 4702 2423 1990 1461 2726 1291 2697 1178 2983 1555 3390 762 4784 3431 2657 997 1042 2632 1557 3918 1729 848 1419 685 2118 1511 1566 2507 2398 3466 1527 2418 2062 1195 4953 1589 2910 1170 411 3421 2776 1688 430 3933 4656 3161 4927 312 4546 307 3565 3770 1269 3222 826 4104 2837 3355 1305 889 1627 4129 513 2836 1322 4017 3547 3519 3561 722 3973 262 1673 4219 1729 1116 387 3876 4008 4566 2616 2056 4557 190 1668 56 4883 4532 638 1221 931 969 1675
175 1142 3007 4004 3835 351 2626 4610 801 1938 2880 3568 1703 1746 553 260 3410 1988 1118 4973 1884 4832 1711 2111 3127 2326 3912 4274 4492 1619 2640 12 4697 2048 4249 3031 392 1477 949 1654 2983 3245 2185 2890 529 4417 4287 2535 2770 715 2434 2786 1671 728 4853 3167 1020 3732 365 3795 2821 4711 594 3758 4909 2555 4747 2503 1622 2269 467 4064 648 2972 3748 4131 520 578 410 4193 3222 2762 2214 2478 2422 3612 4494 2474 4547 406 2044 2330 1117 29 491 4094 1317 4323 4193 196 3956 3811 3301 1830 4530 4661 2164 3210 2889 858 2215 3869 4227 4430 2171 3088 2938 1316 4521 1793 982 3845 4773 538 4242 4075 1720 689 374 3850 3302 801 241 3162 329 1402 4879 372 3141 2594 2402 1175 2020 969 335 2579 4543 1324 4884 2929
3200 3996 1184 2022 1208 3986 4814 1150 3506 2743 848 2030 2827 3342 113 755 2389 2455 4592 652 2209 4259 3557 1703 2218 3168 1595 3282 2215 518 4818 4697 3156 2601 4256 1840 4481 1883 998 658 3867 1158 1323 2917 404 2705 3607 3834 3379 759 4698 3828 2456 2312 726 751 2481 425 3168 4954 865 1821 3283 427 3790 3805 3737 276 3159 3856 1850 2498 3230 2150 4381 2382 3199 206 1460 4017 4943 729 489 4450 1095 3554 325 4376 1562 2660 269 193 3547 1915 4325 3818 1699 3515 790 2263 3606 3343 1637 2283 3507 690 2816 1475 3681 3650 3374 1956 863 4899 2918 928 4331 2970 3187 3915 410 3984 999 511 2967 1504 3454 2196 825 2575 3401 1406 2656 973 2920 4210 39 2566 4268 4322 4298 3219 2485 2645 4421 608 4720 345 911 2355
4106 876 636 1847 3792 1798 4658 4201 2360 2913 2486 2182 1142 1093 4818 96 559 4832 752 2473 2032 3161 2239 4788 1458 3135 2033 2591 1558 3526 3107 2048 2601 649 3413 3314 1964 2851 1151 1425 386 103 4294 4536 1700 2227 38 1575 3145 37 3221 1272 2336 4121 893 4072 727 4569 2135 4620 4940 1223 4335 899 573 192 2885 4234 4184 2344 104 3051 4613 943 382 1628 575 3106 1305 3257 3056 16 4334 2352 3182 2925 4912 4924 756 4209 360 2439 4116 2248 2937 4137 3617 2177 4922 4006 1737 4244 2991 3828 3582 3777 4589 2043 350 2392 104 3606 1975 4504 807 3723 31 1626 4138 1903 4834 2916 3981 3244 918 4116 4066 4464 1259 1884 1474 3586 1524 509 2868 2253 2232 4538 1219 4982 4295 403 4048 4053 36 4621 2204 1588 482 3581
2885 4381 4278 338 3790 1625 4626 3220 2095 579 3963 2085 3072 2876 138 3801 2157 550 3183 1718 4408 1373 4098 2698 2664 4244 419 2487 1080 2211 1706 4249 4256 3413 3918 2731 954 4069 2029 3800 1841 4098 2800 4524 4585 2412 4661 2635 737 3056 4192 2527 2695 4786 3111 4760 3508 2680 4251 1475 1497 303 4840 1775 2267 2685 4813 3130 3552 4978 3670 1084 1601 1109 4859 2730 2585 592 689 592 3777 1235 682 1810 3660 1627 2403 4831 3634 644 1141 4546 3925 4851 534 3269 3997 433 3401 4044 582 3159 4077 2290 816 1676 1280 3639 3257 3596 1566 1674 3147 873 1899 3715 3745 2338 164 128 1529 2059 2148 2595 3484 1542 2752 2985 211 4455 3962 102 1808 3535 3067 556 200 3646 2192 4417 1970 4000 404 639 1204 4756 226 1682 3452 3665
3610 1850 2840 4590 457 1037 4138 792 3747 2882 3230 1658 1555 4357 3416 2942 3070 124 1675 4973 2339 2010 2348 2354 4004 4549 4032 2894 742 3942 4417 3031 1840 3314 2731 2438 4547 2655 4455 683 3350 2342 2746 2179 3451 735 2816 450 4931 297 1161 1151 2374 3331 104 2923 1557 2227 4598 794 983 4702 3981 3859 1209 3577 2842 1613 3915 1125 4977 4432 1817 2354 268 1612 2105 830 2792 1030 4988 2596 1066 3403 2447 1460 3956 4455 2998 3903 225 2272 134 1020 2204 2215 1086 1633 4343 4360 762 1624 2342 272 315 4086 552 2943 1642 2650 1878 1086 3439 373 4270 287 1079 1408 4356 4173 1210 4620 3414 3475 1996 3955 3329 4309 1796 4892 224 2796 323 436 3634 4693 2106 1743 1227 4076 2602 700 692 4359 4188 3873 4148 1228 1597 4928
900 2134 4758 510 686 440 1800 610 60 1662 1856 3742 1878 1826 4495 2531 4290 1428 3617 2080 2122 3018 4369 3172 2622 4845 2067 3147 3908 1214 2337 392 4481 1964 954 4547 2449 1148 2952 3500 4564 2258 458 3396 3038 4877 1324 4241 4441 3632 429 2946 2534 1049 2171 1153 4189 1912 1182 1936 1868 4665 1612 2345 4468 4145 3362 4577 4642 223 4351 3501 3517 2534 1912 1495 4664 1138 4408 4504 1160 2726 2742 3335 139 3201 1545 3396 2546 2610 3391 2586 3013 2019 1586 1647 165 3158 582 257 169 2004 1871 801 2863 3301 3720 3239 4358 2640 1679 1803 3878 272 1393 1839 2372 1115 4651 241 3059 3722 3682 197 4944 4136 4262 4826 2091 1514 995 1617 2995 4995 1511 4783 4348 2358 4874 367 4197 2279 3403 3386 1851 28 598 3157 4202 2623
4892 3513 728 1642 2839 3576 1757 4361 2567 4237 2501 46 2698 3858 3034 2919 857 4536 4277 4770 2128 2840 1198 1685 4009 2859 1643 1622 2425 3529 182 1477 1883 2851 4069 2655 1148 336 710 582 3137 1129 393 1284 144 3877 1644 3219 1198 1715 4413 3864 1864 3611 1226 4377 2067 2680 3543 2700 1593 3368 704 3372 832 1793 4365 4868 1291 1388 3373 2644 1984 3271 1094 1558 1834 4247 1317 4590 2193 3198 3003 3569 51 1507 1590 624 3830 1862 2512 989 3287 4171 989 2520 911 386 1637 4448 1062 3581 979 3450 1357 4765 2520 3469 841 1038 1750 4002 629 262 3980 379 3480 1528 249 1211 1284 4515 2757 2599 48 2079 1355 2396 993 2866 2527 1425 2466 2057 2175 3485 3657 4358 3660 4815 1383 646 1546 2833 4085 2854 936 892 1135 1717
3897 3635 4638 2634 1892 2177 2538 669 3611 1389 4849 1446 3893 2950 4547 24 615 3187 619 4415 2854 356 2512 1698 189 3198 3823 4971 1240 4717 4262 949 998 1151 2029 4455 2952 710 2759 128 2972 2116 1399 3411 395 3919 1162 3042 861 1490 2914 340 432 3522 4324 2509 2171 2571 3364 1740 1427 1372 731 3032 1780 3904 4643 3692 1524 3978 2655 4298 4722 715 2162 2390 4593 3625 2939 1828 2238 3040 1551 1053 4942 2823 4459 4101 4020 972 4648 4396 3634 473 4439 4547 1158 650 3302 4071 2903 1658 3349 2647 1860 37 4735 4831 1013 4709 4260 3056 1313 2598 3695 2098 3134 1827 4803 284 4494 4830 4937 2514 2303 3495 1127 3041 1567 1603 1787 4369 1707 204 4554 4468 4528 161 2179 2236 3455 3040 1247 4470 2252 1501 2720 2259 1769 281
2563 1000 598 3358 1536 4361 1192 1599 2273 989 3309 4214 710 3642 4057 4627 2952 188 235 57 2926 4925 268 224 1179 1287 3402 3274 1129 1129 2641 1654 658 1425 3800 683 3500 582 128 3488 2920 2161 454 2135 32 3290 2724 3663 3987 4371 1378 628 2854 2922 3222 2798 4053 4157 343 4748 706 867 1240 566 981 4680 2252 4909 357 3633 574 561 98 3789 1617 724 2451 1522 3331 2246 2190 1482 4151 3061 1214 470 3666 1894 4031 4865 4491 1789 506 3193 3086 2479 2452 4718 2355 3581 1585 3030 3411 3366 104 2445 3524 4329 4859 4660 250 2418 1523 885 4231 116 669 1460 963 3671 2254 1548 4967 3625 4665 4761 1426 3418 4389 2769 3226 778 1325 1142 1202 2113 3704 2771 2982 315 353 3753 2368 4678 3842 1099 1163 1650 4734 1738
557 3869 1420 875 570 214 1663 1912 1682 1526 1148 4442 1133 2144 3092 2259 673 321 583 462 4352 4752 4221 4427 2109 775 2363 3561 2203 2179 3583 2983 3867 386 1841 3350 4564 3137 2972 2920 3950 4849 3537 4405 317 1402 998 1652 4958 4186 378 1400 127 4808 2689 2533 1765 4885 1454 4874 2831 3815 1637 2150 2483 3031 3068 2315 4790 3115 3466 4941 3538 373 2764 3383 3953 611 2533 2033 1352 3669 620 849 3313 3980 4919 4997 1048 4260 1286 3750 1000 3841 952 2021 2559 3106 4899 1923 2980 1218 4805 4554 4289 4135 2969 3705 125 3201 819 694 1339 2394 3518 4281 4663 3101 4763 431 2397 4831 4082 1563 68 4598 3712 4202 976 3952 4969 1423 3174 1707 1739 93 2155 3331 1107 4948 2567 2872 89 2205 2003 1158 3066 2776 4659 1381
252 1372 752 4960 2641 4007 284 4315 856 4887 1908 762 4958 2492 3281 3641 3040 4805 4824 3169 2703 1964 472 1740 4854 3373 3993 2891 474 2865 1942 3245 1158 103 4098 2342 2258 1129 2116 2161 4849 4422 2038 4430 1659 1708 4805 3546 4917 1194 4461 1083 584 679 703 3754 2547 418 2203 229 1147 339 3678 1214 1906 541 1005 3966 2799 2340 3398 1219 1514 3043 4090 4820 2860 541 2363 3561 3737 2680 324 4312 2575 4029 1990 4687 532 3876 1224 143 4600 3087 4979 2468 2541 4307 4861 4174 686 4300 2436 2675 3343 1542 120 2178 4407 3938 1846 99 4298 1200 2250 2029 1737 4172 730 2972 3548 36 537 477 45 440 3136 1294 2740 3916 374 4922 4466 2696 2247 4390 16 3527 2828 270 1020 4049 4024 99 3713 3172 3756 4550 2950 1323
4308 1436 1055 3118 4912 4211 1192 963 1290 432 2439 723 2693 1154 4807 2676 4218 509 1361 680 1436 76 2515 270 4734 2180 3359 1272 1305 3671 2214 2185 1323 4294 2800 2746 458 393 1399 454 3537 2038 241 2965 3716 3204 2123 3957 743 865 3003 668 560 3585 2455 1964 1889 1671 2046 3120 2775 585 3846 3677 4718 646 4337 3479 3478 1285 3305 1724 481 3231 3811 2810 4159 3323 2499 4230 197 1049 1753 2224 627 3119 1300 2007 3827 4696 1266 2827 3458 4720 4966 3354 2383 4528 3542 1546 4926 1055 1279 1550 2829 2089 571 3168 3619 4166 2511 3805 2844 1110 867 1807 4736 2072 301 655 4763 3179 2282 2129 4006 945 3433 4643 3124 250 200 3368 1502 1161 4721 2186 1221 4523 2626 1454 501 4863 1585 4734 3872 603 1967 3527 211 2686
3967 4918 294 2003 2544 4111 2158 3699 4042 1306 411 1022 151 406 4929 2861 3537 4769 72 778 2905 1748 1898 3518 4994 465 2149 1307 3126 573 4185 2890 2917 4536 4524 2179 3396 1284 3411 2135 4405 4430 2965 52 4745 1121 3210 2914 2890 1822 2142 4195 4713 3629 4742 2359 3219 2186 4338 3524 4486 2873 972 3376 4660 3982 1622 940 2822 1060 2117 4157 2839 4135 2109 3804 2657 2004 4417 4306 854 1524 4276 4562 270 4620 2817 395 117 1611 3560 3318 4048 4151 4745 2962 654 3779 4913 1113 2345 3690 1389 754 788 3337 1487 1469 120 3225 4296 3119 314 1414 3980 471 2579 51 3352 1065 4954 3192 265 1168 4545 3621 3244 3945 3554 937 4305 1732 137 1665 4343 3121 2536 2646 4216 1876 2799 3228 1054 2229 2103 503 3718 2040 840 3784
24 750 3656 4730 3469 2617 3042 1929 2885 3103 3633 2951 3852 2640 3638 1975 3096 4692 2906 522 4703 1354 624 666 2618 1851 1092 3588 1997 4364 2975 529 404 1700 4585 3451 3038 144 395 32 317 1659 3716 4745 3924 3583 2076 4786 2860 4214 1698 598 1458 4849 1923 3243 2068 4215 991 4408 4862 4174 2885 1113 1206 1076 2697 1787 505 2268 974 1525 631 1290 3232 1522 2484 1759 4981 4036 617 2503 2235 2520 297 1987 2685 3890 4991 1870 717 4160 3647 4222 1527 4970 3800 4501 869 3123 2736 3072 788 2023 4522 1295 1968 4409 495 31 1099 1292 1174 636 4978 315 976 2889 2921 1406 1143 953 2236 2087 4557 2721 1409 4342 2127 331 4565 2590 2649 1271 4317 3522 1693 2447 3431 597 3845 4366 103 806 471 1366 1941 2607 663 4079
4689 3478 1902 934 3542 3870 354 4140 4456 3868 4780 1770 3336 984 712 2373 777 4368 4688 984 1462 15 4809 3620 3338 4593 4689 1030 2170 4911 3180 4417 2705 2227 2412 735 4877 3877 3919 3290 1402 1708 3204 1121 3583 946 1023 1014 1293 2670 3078 4474 258 4216 3624 138 744 302 2460 1739 2561 2801 3541 4457 931 2453 1978 138 385 4340 2211 2557 2340 2173 1440 3349 1957 2153 3605 1136 267 3131 2785 3440 3219 1402 3295 1469 4131 1778 4235 4306 4508 2653 949 4381 3138 1082 2780 3315 3683 4273 3786 4600 1892 1980 1700 4744 812 2457 3062 3869 3051 2703 3260 4749 955 2570 1883 3101 4993 3602 4867 3515 191 675 832 3162 4886 2280 1092 2902 854 2257 4851 3944 379 3976 1594 238 1397 4486 2708 4865 4824 4769 3467 3895 2028 1797
1410 3660 925 4628 945 923 2634 3278 3126 3271 1143 68 871 1956 4511 3025 4877 2709 2288 3329 4504 642 4063 2162 1113 2419 2422 1843 440 1144 4961 4287 3607 38 4661 2816 1324 1644 1162 2724 998 4805 2123 3210 2076 1023 4911 3406 3239 3805 4877 1201 180 3894 2783 3897 3269 644 1181 4053 3520 3527 46 1310 1358 1745 2202 1574 3963 3003 261 2299 1124 2714 997 2007 4975 3237 3539 3266 2840 3932 1512 2360 793 2024 1927 4348 4268 2209 2611 2477 1118 112 4148 707 68 1383 1913 2895 3406 2280 1195 4319 2420 1728 4782 687 4683 3071 4646 107 4907 3469 2519 3868 3057 3656 2303 4747 3332 4269 3973 4931 3135 1133 4291 400 4387 4693 3625 3249 1488 979 1052 178 1085 2833 2308 173 88 4359 978 2975 3733 1954 2016 4054 3506 1874
3376 3316 3092 216 189 2112 629 1588 4100 1144 2395 256 786 3158 1595 2833 430 3958 4566 2674 2952 1780 4596 2898 2112 1168 4293 3738 931 1425 242 2535 3834 1575 2635 450 4241 3219 3042 3663 1652 3546 3957 2914 4786 1014 3406 718 2388 4846 2864 581 3237 1015 1950 3493 4666 4226 1431 990 1355 4041 2776 1718 1718 3292 409 4951 732 3048 2042 3040 3891 2872 2251 209 3221 3802 1328 2158 3107 3290 30 216 3836 1238 681 2497 178 4234 462 1681 3922 4738 3642 4737 4209 1789 212 2147 4839 4601 1645 3206 2863 4105 1097 1556 904 1007 1652 4935 625 3740 918 4692 689 1981 708 2186 820 4311 2444 2884 3949 3773 4909 1006 1649 1013 3545 4974 4183 3666 4314 918 2733 836 3499 959 4493 3369 3080 4758 1799 2322 4008 4788 3132 4655
2128 236 1007 1231 789 1194 3608 4886 4616 2165 4689 250 2892 1849 80 1207 4847 3379 3606 4872 1433 2312 2337 4787 1074 642 3350 1084 1983 2913 1038 2770 3379 3145 737 4931 4441 1198 861 3987 4958 4917 743 2890 2860 1293 3239 2388 329 41 2247 1762 4876 648 4590 3577 1673 2558 966 1635 3886 22 3586 3817 1692 1400 4051 3150 3315 2747 1156 4636 1596 4332 4225 3998 827 1748 779 2060 572 2014 536 399 1062 4477 1303 4552 3276 379 2093 974 1911 3619 1654 2567 3731 2476 3155 4746 3002 4282 4568 4345 4591 342 3550 3453 2300 3359 3154 1811 4709 3784 3176 3327 3788 844 1073 2668 3380 2320 771 13 3072 3483 2197 1025 2653 999 2513 3999 1862 701 1711 1989 1883 273 759 753 3454 4918 3195 3155 299 2594 2597 1455 2433 2703
4628 3528 3826 3857 1223 671 945 2494 4467 1685 2022 3414 1882 1236 1074 2032 120 1877 101 4648 1495 531 3458 31 2765 4510 470 2038 680 1390 3978 715 759 37 3056 297 3632 1715 1490 4371 4186 1194 865 1822 4214 2670 3805 4846 41 995 3192 2002 447 3987 4681 2797 3699 4584 3504 3728 3509 4906 259 3110 508 679 2489 669 786 2781 327 3990 2085 3648 3448 2749 2103 2311 2548 1969 4976 559 2891 4845 4469 2359 82 1282 34 3198 4756 4049 4426 3804 29 4677 947 4580 3518 3472 4192 1137 1926 1553 4063 3677 409 3863 1473 11 2349 590 4917 240 2375 2893 4059 2495 748 3447 1556 4018 3630 482 847 1701 2281 1392 1866 1156 2627 3596 2220 1643 1783 971 1147 2309 1917 3689 4405 2712 4102 2978 1557 1822 57 1488 3653 3198
4806 4768 4347 200 235 3280 4147 1631 3988 3508 1893 4168 2282 2655 100 1720 4264 2065 4117 3454 2048 2101 1858 2883 1001 3056 3516 589 514 2123 286 2434 4698 3221 4192 1161 429 4413 2914 1378 378 4461 3003 2142 1698 3078 4877 2864 2247 3192 485 2014 3522 2492 4970 1433 225 2082 954 484 2466 3220 2916 4136 2700 2548 559 1919 3078 1036 2199 1019 3876 3334 1959 4590 3201 2039 4818 2954 71 1127 4953 4966 1997 3170 2907 2557 2187 773 505 2954 1109 2725 466 1235 3891 4781 1497 3726 3232 2664 3139 389 929 2360 1464 3700 3432 625 1771 2574 1828 2384 4720 2964 4597 1970 2852 2349 4544 4487 1637 1111 2856 1668 2066 332 4028 4454 539 1421 771 3920 4105 1550 2544 3444 2745 3244 659 336 3102 3727 460 215 3109 2727 2868 4452
1229 472 336 706 1123 2651 2777 3386 545 3210 3002 82 1455 4270 3521 2213 4872 2597 4890 756 4952 4848 1770 4634 746 3461 4496 1827 4399 2820 2006 2786 3828 1272 2527 1151 2946 3864 340 628 1400 1083 668 4195 598 4474 1201 581 1762 2002 2014 3050 3391 780 1986 2599 2761 1439 4813 4719 691 1897 4357 2192 380 3238 4404 2600 635 2693 4458 941 3025 4162 2752 3180 4555 707 2791 421 507 1130 3156 2218 4528 2643 685 341 4592 60 2132 2763 2283 3446 263 972 4467 1606 2918 1188 3463 4117 3238 2250 79 1045 1736 1261 1469 1615 4127 930 1458 4232 4117 3267 2376 2676 3698 166 2320 3143 1680 2455 1532 4174 2133 204 3992 3409 4430 1185 4917 4933 539 3731 201 3131 535 3475 4588 4653 4295 4481 1080 458 2877 3988 1672 1344
3694 2434 2932 3287 2174 4934 3143 3504 2845 1178 2525 4979 2612 355 939 4411 1239 3005 2438 1331 998 2456 3406 4260 888 3849 3984 3315 4025 1400 843 1671 2456 2336 2695 2374 2534 1864 432 2854 127 584 560 4713 1458 258 180 3237 4876 447 3522 3391 3167 2756 3828 3580 24 4129 1498 34 1417 4817 3806 240 285 2357 1488 4698 710 1601 2182 2614 1643 1065 3920 1528 4593 418 2411 4499 2089 3225 3157 723 3700 3837 4411 1218 3667 2022 526 3479 2304 2308 715 2521 3327 329 660 2409 3493 3077 3657 664 178 1400 3738 1783 4175 1921 4160 2665 4238 3633 4908 750 183 1032 4893 1287 4575 2984 3209 1518 2249 4190 4845 1213 2585 94 4095 1804 3951 3197 3496 3036 361 4675 3077 3320 4709 2475 3749 4526 578 4559 3811 3366 4062 38
418 4524 2421 3149 1515 4437 1586 3074 4062 929 2648 3896 3580 4189 4495 203 4987 281 2908 1375 2580 3145 427 167 2793 189 946 3858 779 1778 250 728 2312 4121 4786 3331 1049 3611 3522 2922 4808 679 3585 3629 4849 4216 3894 1015 648 3987 2492 780 2756 1008 413 3065 732 3671 2166 4170 33 3726 4789 4032 3278 3273 4403 1947 689 3723 2812 3272 680 1253 1725 2043 3189 4808 3233 4700 4168 262 4607 862 3713 2001 3364 2237 3819 4857 1247 2727 4594 1592 4765 3192 1138 2852 3002 3370 2474 329 4602 3232 4094 523 610 2180 774 3145 2567 4796 2408 3152 1401 4851 2776 513 4888 4375 4389 4003 292 2598 2231 4141 2489 3690 2945 788 3854 2218 4192 2979 1173 1950 3556 960 1242 4808 817 1322 1940 2146 2841 2586 595 530 1145 395
