N: 150
M: 30
Symmetric: true
Triangle: false
4 49 8 51 138
5 10 125 58 150 76
7 23 110 104 86 9 114 147
4 90 116 36 123
4 7 43 133 130
7 100 95 115 84 99 41 129
4 120 108 102 139
3 37 127 6
10 81 121 118 21 5 59 140 56 47 124
4 85 132 66 50
3 89 143 87
6 80 149 88 2 78 60
7 39 146 67 141 96 17 30
6 122 25 117 29 24 136
5 83 19 52 38 28
2 73 12
1 64
4 63 142 113 105
4 1 20 79 13
6 48 15 26 111 74 71
2 18 126
10 68 27 135 57 82 112 4 35 22 65
4 145 137 46 40
5 53 72 91 14 11
9 34 45 16 97 98 61 101 128 42
4 69 62 70 75
2 144 33
6 92 31 93 44 54 107
7 94 119 106 103 148 32 3
5 109 55 134 77 131
1900 779 1650 1312 14 935 2609 2948 534 4709 1036 1267 1803 2720 2260 1630 296 4101 2301 2215 2281 1810 2802 3266 3762 4405 4949 2798 805 3789 4084 3151 3290 3266 2232 3074 2743 3700 1043 2481 1628 658 778 2797 4947 1517 768 3794 4443 2931 4909 4530 3744 4746 4828 2474 874 4968 2418 4989 2441 3120 83 4193 4690 1318 707 2787 3183 4881 316 1177 2544 4970 1804 931 1932 2164 744 4332 65 3980 2045 2184 4280 164 4573 575 3306 186 3785 980 327 2636 4854 465 4221 1546 3173 3346 514 917 47 4276 3544 2115 4284 3867 1540 3609 2798 4281 3193 2151 930 870 2695 4025 1519 2440 2454 215 775 1603 1446 4107 3485 232 2915 4462 3671 1327 2646 516 3925 3335 4947 2620 2763 1556 1320 410 2747 1626 4349 1024 4440 1718 3939 2626
779 4034 2750 1643 316 1983 320 804 3885 1921 4956 2814 1740 2871 295 4011 4804 4054 551 3779 1556 1083 4338 2177 3096 865 3615 4110 4605 4998 3092 1045 4684 619 418 1213 3529 3391 2606 1012 3754 1614 805 1940 446 456 3679 3700 4945 4145 749 3042 1604 15 3271 3101 219 2101 4133 297 3884 1004 3590 3498 69 4220 3616 3964 535 155 1975 3879 4222 3903 4752 3006 3948 853 2658 417 4554 4542 1122 4008 2730 1184 3686 4196 2782 4270 1566 2024 4263 1118 2975 2199 269 49 1689 3213 3702 1294 2527 1156 1953 2724 4260 3553 4710 3886 2745 4510 2594 2734 49 1107 974 3878 3129 4697 1071 2986 4245 4733 2056 1514 340 2629 3489 3159 3634 333 2382 1950 4019 1100 1203 3584 1104 3928 45 4578 3659 4666 1296 2625 3956 4010 2897 1938
1650 2750 2934 4733 3605 1168 1762 2070 2639 4000 660 3385 1909 4609 2206 666 2191 2117 1111 662 4376 2774 816 3056 1338 3027 438 4667 1178 4629 942 190 2334 4949 4108 2829 247 3565 1538 2682 1923 2384 1592 607 2195 3094 656 3039 455 696 4743 4313 4638 4004 2701 3169 1011 438 3363 1045 4748 1763 4339 3719 2841 3614 757 774 3578 28 4601 263 588 4876 2690 1230 3841 615 2371 217 2655 2484 4916 2625 3407 1608 2484 4371 1079 443 2608 2666 1505 2612 4706 3686 26 404 1355 530 251 3870 4092 2424 667 2231 1875 777 1734 3503 2921 1993 4889 1604 4879 3379 2606 4318 4871 4590 4328 3004 236 1551 2862 1677 2755 3043 1702 496 1634 4739 4426 349 2330 2193 226 665 989 1957 1472 4430 2298 2656 4672 130 2795 1590 3566 3801
1312 1643 4733 165 2264 83 2996 2786 4733 1878 1418 924 4060 4423 820 4394 3582 1515 2693 748 2271 1163 3082 152 1821 222 4309 1882 3980 63 4211 549 2813 41 1082 4821 4438 318 4165 2656 3390 3909 31 2624 590 2535 1173 4577 4912 2156 2861 227 1705 1134 1205 4096 3244 1893 714 2624 1873 3858 2555 4942 1281 3475 4861 2394 3835 3792 2647 4606 3924 766 10 4874 3768 2319 4817 1582 2960 1440 1710 460 4338 39 851 282 2655 3957 3353 3297 466 3407 293 4562 1972 2727 4679 2460 4192 4825 447 3023 4769 4024 655 2008 4139 3423 536 1459 2018 3941 607 1245 2792 4239 3674 2911 747 4608 3323 857 688 2237 4592 3886 2107 1715 513 4239 3611 3327 3623 2274 2640 4660 2799 1384 3407 2088 4818 252 1144 802 2840 2651 4887 2278
14 316 3605 2264 4389 3112 1831 3191 1518 3808 3274 48 1264 1277 4113 49 4170 2153 3935 3876 1480 212 1727 3022 4996 718 2169 277 674 4114 986 4104 2663 2435 2087 1651 4471 2689 4844 3401 1729 4210 2966 3184 1466 3340 2278 4159 1488 2218 2113 1075 1517 489 914 2171 4048 2854 990 2313 3572 1029 1114 1578 2669 3226 888 214 3849 4200 3103 1363 4716 3648 302 2738 2761 4948 3408 4806 1188 4489 1360 1863 2984 3658 1423 2915 371 2857 113 2957 3087 4919 3258 983 3578 2563 200 396 4670 2664 2873 2199 3651 2406 4891 149 3653 4703 2037 3804 4536 3884 4357 2631 3219 2063 3489 3760 3419 4116 4726 1217 443 993 3654 3794 667 3997 1563 3482 1974 2023 3270 1706 3149 1946 3924 3293 1707 1544 3105 2701 1996 636 4476 3396 3845 3595
935 1983 1168 83 3112 47 2032 496 1261 1245 4691 555 2813 4358 2243 4048 131 4178 2960 62 2342 837 539 3266 3616 3462 4996 744 1579 3033 4179 3355 1326 1886 4358 1814 1711 279 2028 2832 3613 2111 1235 841 1188 4468 3643 2663 1803 4749 1268 380 1774 3838 3673 3965 2977 525 2341 2463 4956 3825 3102 2300 1314 3232 4830 4575 1114 4319 1072 1412 3397 503 4953 4509 41 1966 29 434 568 3126 1081 374 4627 166 1364 1716 2048 2998 4992 3536 4008 3923 1763 3684 3635 1092 762 3820 1593 758 2149 2316 1029 2945 4522 3034 3196 3487 2203 2892 3725 584 2035 3469 1602 1903 1728 1786 1723 2990 333 3160 3366 2129 1660 2082 1188 589 3277 40 307 3990 2121 974 3868 485 548 1438 1684 348 1091 10 3083 3106 4325 2452 4230 699
2609 320 1762 2996 1831 2032 4328 1895 4262 2000 481 427 4034 4329 2504 1698 2394 2522 1267 1841 2515 3106 2694 1079 2841 1095 2777 1050 2447 3136 337 2695 2063 3490 4387 4921 4290 3323 4453 3250 2882 2796 3692 3263 3221 614 4283 1327 1029 840 2127 2063 4927 3021 112 4020 272 1537 2988 3181 1952 3840 4688 650 652 1326 1009 4942 829 2209 1974 4969 3454 1825 3082 95 1804 314 733 2775 1774 4939 3390 1137 2847 4201 1030 3147 2938 3893 363 2836 2843 548 2240 975 1316 3470 1799 2637 3391 3329 2142 633 776 2656 2615 3545 180 3786 4839 673 1280 2416 196 4524 431 3184 2373 44 4182 2221 3136 1120 3677 3846 2996 1687 3625 2954 2346 4965 2147 1753 2176 89 3347 1681 4516 4870 1981 2875 1963 4391 4626 3861 1350 4593 1146 390
2948 804 2070 2786 3191 496 1895 2407 3444 32 1222 679 1279 74 3713 2856 4929 2563 1549 3903 332 1209 987 4809 3826 4413 1767 3106 3368 4935 899 3876 3840 4159 1708 440 4078 1686 3731 3607 2440 2289 1023 2100 3265 1965 1486 3265 2450 4706 3076 1850 3474 1510 1374 2276 2474 718 3366 3898 2429 4052 4870 3345 3257 1999 3424 1023 606 200 1215 2793 886 4849 4395 271 4567 2906 1395 2297 1455 1949 1426 3743 850 2790 4044 3004 1199 3671 3766 4472 3492 378 2190 2644 3589 14 4647 326 3420 2198 2384 3187 1186 3642 4113 60 3454 1134 2096 1749 4419 3993 3927 3566 2034 190 4017 2710 1238 1424 2328 4908 2402 2176 1383 72 2165 2072 2388 2976 3755 132 3823 3498 4481 4456 4223 2812 712 1500 488 1939 2845 4091 257 4891 806 3771
534 3885 2639 4733 1518 1261 4262 3444 4741 1320 20 3086 3787 825 3881 3638 2180 852 4211 4772 2652 2653 3264 353 4649 1940 1135 3549 2041 2426 816 4791 2341 1940 3678 36 4646 4699 1076 2936 593 4389 4138 520 3926 3367 1091 1689 89 1144 2155 4897 1338 3504 2709 943 4045 3556 4762 4856 2877 4720 4558 3073 2698 3632 2169 1465 3467 982 2306 2581 2687 957 2581 2404 4107 1249 4272 3735 4127 3987 415 2115 4928 11 4406 2493 3081 1079 4652 3399 2424 2567 2504 284 4175 2418 803 1543 4173 1775 2560 1799 3616 3908 4902 4493 3121 1350 1002 467 4304 2820 712 1343 2534 713 4016 798 4693 3381 2149 1392 3817 1744 1603 4791 2406 2966 4403 4559 3234 1746 4244 1564 4486 3131 1194 2704 1330 4105 2700 3532 3436 1546 4297 1942 4963 3187
4709 1921 4000 1878 3808 1245 2000 32 1320 4668 496 4327 3809 4393 3928 342 4751 4537 4343 3040 4787 3456 3261 175 3284 1101 4800 4583 1594 208 1169 2713 2164 1361 591 510 3511 1690 4235 4946 3523 1790 3448 3205 4419 3086 1115 4311 4234 254 4378 3672 1023 1334 1986 2232 4670 4280 1515 474 3699 4966 3090 712 4104 1937 1832 45 4913 837 1344 3649 1653 4415 769 1590 3926 450 359 388 540 893 4576 2248 4276 3012 1113 790 432 4539 310 34 2777 4086 3390 1749 4127 3104 4229 1074 84 4470 753 3850 3168 3327 3563 211 2783 3949 4901 173 3566 1512 4250 2483 1983 105 2303 447 3526 4622 111 1255 453 2786 716 456 2019 4950 1725 829 696 4468 1480 3734 2943 4461 4784 3909 1650 4891 3975 1339 151 3789 1183 799 1770 636
1036 4956 660 1418 3274 4691 481 1222 20 496 3743 1943 1472 374 3614 4201 2288 2461 2832 4831 4193 1741 2460 2207 3722 3769 2311 1516 331 1844 3229 826 628 2439 4041 1818 3717 4195 2897 86 1596 1916 4036 3392 2415 4275 3554 2324 1380 1812 2336 231 4461 59 231 3240 4729 1646 2516 2757 2350 781 419 3967 767 1899 311 1371 880 2318 739 2252 3530 2044 1385 3538 1815 2512 4578 3826 3645 4913 1647 3649 2266 1096 3890 357 1930 1723 4904 4211 231 3885 3207 4097 4018 4895 4306 1092 2392 2597 108 2018 3109 554 4610 1638 4621 851 517 4310 4751 4823 2593 851 674 1881 322 375 4309 4813 1977 3181 3360 3490 3650 431 1892 578 4576 1215 871 1262 1864 3056 1909 4727 2520 1763 2360 444 2688 1857 2124 4584 839 754 3732 4785
1267 2814 3385 924 48 555 427 679 3086 4327 1943 2693 2637 2291 2636 2770 3336 1362 3622 34 905 3730 421 4172 2497 4309 4297 3689 899 4347 2432 4117 2944 4174 2498 859 3560 2616 972 2202 3975 3596 2692 3127 175 2001 3636 2856 3544 3347 2253 856 3451 2277 2060 1836 739 3368 2140 1588 2432 1397 3001 706 1283 1908 568 2505 3233 1318 337 156 891 1153 4966 4596 4847 2899 2647 1981 783 3783 3579 1145 4670 500 2379 1456 1694 4371 631 36 3214 3282 255 834 2308 1120 2945 2117 370 2610 390 1436 542 4909 3648 3859 3560 4220 737 4890 3313 2590 2386 4924 1827 1541 252 3611 630 262 3147 598 101 3279 3725 1481 2050 2999 3895 3091 1750 2035 3770 4667 2729 3155 4586 1067 2259 977 667 1690 3998 109 2268 2488 457 1369
1803 1740 1909 4060 1264 2813 4034 1279 3787 3809 1472 2637 2315 2146 1994 873 2286 3084 3363 2670 609 3952 1326 91 4032 4873 2155 418 1296 612 991 783 4126 3473 4137 3400 4680 27 1932 2532 4570 4598 1789 3876 1841 361 4489 318 1860 3111 3301 640 4598 939 1159 4565 1223 2119 1561 1609 2973 1988 4962 3203 2426 473 997 2087 23 3174 1661 4235 2409 2341 346 689 1664 1248 1927 1744 1692 1090 23 4588 2311 3758 1894 3174 4247 1788 3767 3778 3439 1311 4718 3773 4760 2394 402 969 4653 3280 349 4431 2249 4710 2376 826 4262 3211 571 3076 2800 1555 2006 3566 646 2625 1231 1214 4561 679 834 4177 3389 577 647 3746 1052 3400 2382 1817 3451 2525 697 3126 2270 1327 380 206 1419 4867 2671 1466 831 2840 1128 567 4862 1045
2720 2871 4609 4423 1277 4358 4329 74 825 4393 374 2291 2146 2342 1164 3060 2011 3904 4414 4981 3826 869 3183 970 2195 4105 1610 2632 3221 200 2285 138 2026 2671 4663 4202 3644 2076 183 2413 1969 1461 496 114 917 4752 3877 3374 4396 4035 4734 1280 1675 4087 703 1484 1743 2180 2779 988 3669 2068 1172 925 1743 1415 2959 626 3966 4492 845 521 2730 4757 219 3423 1102 1401 599 2660 999 903 783 4407 3644 968 1139 4566 497 2362 3393 3430 1343 3140 3966 1905 220 941 3400 103 3103 2866 1407 2742 1664 4698 38 4051 2976 3519 2617 4720 3257 4554 2912 439 1773 4091 3683 4013 2615 880 3682 1982 3480 3656 3216 3781 4957 3039 1990 923 2504 97 4268 2189 1963 4767 2574 4032 532 1788 1113 501 4910 3449 4943 4911 967 4300
2260 295 2206 820 4113 2243 2504 3713 3881 3928 3614 2636 1994 1164 1444 1975 3839 530 3366 4433 3131 2627 4309 74 4881 4569 1005 1170 2221 4864 3114 1651 3730 1494 4188 3027 2909 1934 4008 2099 154 3770 4439 3177 1177 3207 1090 3095 4489 414 1402 2934 1643 3551 3994 2972 4542 1642 3133 2537 1639 3020 2668 2904 1669 3620 164 3468 531 3559 2774 4503 4261 3211 259 4870 1622 2005 2850 125 3099 220 333 1532 4059 3348 2284 1884 3846 2160 2895 4538 4026 2595 3724 1492 1984 2269 4641 1394 4250 743 1135 4634 3607 2225 1235 1206 119 651 787 2513 4096 1563 2508 2082 3885 4377 1942 126 3222 3633 3431 2740 4551 416 1758 857 2413 2739 4708 2808 1422 520 2396 4978 2062 2255 567 4566 4691 1752 1493 287 4030 1639 821 4241 34 4289
1630 4011 666 4394 49 4048 1698 2856 3638 342 4201 2770 873 3060 1975 2553 1883 348 327 2459 3317 4425 2018 2858 4410 1397 2223 1998 4867 2710 2901 2176 2112 795 4509 2874 3967 1384 3552 724 238 1373 1518 1252 1813 3263 1653 4977 3166 2322 1065 2693 1500 3078 2855 288 2710 99 4568 1159 2712 3331 1240 448 1052 3463 3879 4359 316 1352 4366 277 3445 1910 42 1929 2510 982 28 1503 4541 2328 580 4130 2804 64 119 2049 879 1226 2747 2963 2260 2195 1834 916 813 2653 4746 261 3428 2601 4063 3484 2981 3233 1044 1996 2321 2405 3086 3543 4389 321 976 3820 2481 620 4683 4316 4597 4380 1113 3046 154 4168 2672 3334 767 3318 2016 3582 3278 2941 1463 3684 639 2882 3754 2862 2914 2263 1795 3879 3043 741 665 1050 1713 84
296 4804 2191 3582 4170 131 2394 4929 2180 4751 2288 3336 2286 2011 3839 1883 1774 2547 1923 3636 1013 2750 2586 900 3926 843 1369 855 2511 4651 2261 4158 4940 635 3958 4652 4259 1612 4648 4943 1489 2381 2435 550 3902 4771 3464 2863 3211 174 3186 1457 2314 3949 4496 885 1157 4448 2353 3456 3497 1949 299 3161 2086 3959 1518 4067 4526 2099 3596 2289 2436 3276 3196 385 4415 3361 1922 1319 366 928 4945 2927 4710 2226 681 2800 4466 3003 20 847 2095 1128 2346 3679 4817 4829 3236 1513 2781 3801 1451 3443 2839 185 4849 4181 3893 2676 2402 1295 3580 2252 3537 2914 4369 327 4258 170 2148 1650 4573 3349 1376 4980 2352 4356 4061 2936 2321 3846 932 1183 4483 2234 2442 4193 252 1022 2430 964 3749 4388 4727 1446 1993 196 4468 2550
4101 4054 2117 1515 2153 4178 2522 2563 852 4537 2461 1362 3084 3904 530 348 2547 412 3982 4525 3629 4177 2182 3899 1410 2969 156 4911 1448 465 2937 1528 2435 2032 1381 1546 2772 438 1693 672 2672 3644 4888 710 1624 4709 1757 3502 4782 3389 4278 2065 2349 3450 4039 2903 3006 3586 2996 3480 4327 3864 124 1578 1640 1279 1248 4509 64 1630 2448 4536 1336 4818 3143 4763 3633 4222 4749 1660 2186 1929 3067 948 767 2441 364 205 2622 2504 348 4089 97 3561 3763 2306 2003 2735 2999 488 2676 815 579 1310 3461 989 3478 3447 2959 1809 4310 4815 4187 2819 1187 1514 1201 4550 3955 2344 2557 417 28 3085 3810 3796 3239 3901 4446 67 2614 262 876 345 3226 3040 4418 1959 1316 3094 450 412 2315 3063 4380 502 1189 4080 3597 2163
2301 551 1111 2693 3935 2960 1267 1549 4211 4343 2832 3622 3363 4414 3366 327 1923 3982 942 746 4038 3278 1146 3226 2052 3549 862 4651 3031 982 2738 1078 503 3410 544 1681 3788 1729 629 1958 3810 1982 2237 2871 3513 4958 3723 1309 3149 3589 324 483 1868 4540 2623 2554 1142 3270 4238 1009 4364 172 2084 4290 4224 2281 3301 2424 3284 2494 1694 720 950 926 2804 3528 3556 1260 753 945 1327 62 2568 727 1250 168 1618 2719 1909 1866 291 1769 2730 2249 74 2732 282 2040 4635 1125 4651 3333 4420 195 3332 3097 450 3493 4334 289 4087 3107 1206 2950 2337 221 4090 4495 4510 2901 2663 1336 3311 3329 2024 4924 2896 4623 584 4340 4975 4588 461 2841 1583 4548 2542 4356 223 2729 2502 4328 2582 3423 1170 1293 4855 4566 4232 533
2215 3779 662 748 3876 62 1841 3903 4772 3040 4831 34 2670 4981 4433 2459 3636 4525 746 3185 2483 1235 2125 3608 590 944 4854 2515 2431 736 3384 3268 389 2401 1324 610 3202 147 4449 2498 1176 3164 3569 1376 2581 1652 2249 3499 246 4412 3043 2110 2209 1528 1479 779 1630 4339 153 2557 4841 2804 4495 1729 4407 1801 1238 3989 500 518 160 278 3485 3067 1680 1910 4743 306 3718 2359 196 4885 56 2368 3651 3369 3584 171 4990 187 3771 3563 1260 1007 4857 4895 4095 1919 3375 3766 4082 3345 4762 204 3712 1895 3993 3187 1413 311 684 4693 613 3948 1474 2675 2053 4928 1907 3469 587 2149 2458 4247 2444 528 4588 4906 470 1786 2229 3054 3690 1959 4469 342 331 2924 4425 2970 3459 1025 216 4532 3588 2469 3321 2844 776 1905
2281 1556 4376 2271 1480 2342 2515 332 2652 4787 4193 905 609 3826 3131 3317 1013 3629 4038 2483 1679 1791 2490 3639 289 3053 4405 2436 3904 224 254 4185 1770 345 1433 4923 3680 1011 2609 3866 1096 4010 4571 2762 2057 3426 3181 360 4687 4458 650 3030 2855 3446 1624 3462 2164 2095 1796 2239 2564 2786 787 4972 3833 2877 1331 3256 1902 1667 2673 3756 4743 4762 1688 4449 3929 573 4636 88 460 2697 2843 2485 4493 230 1018 3357 3821 3409 648 222 1139 965 2201 4486 3147 3331 1422 4799 4136 951 4600 675 582 3326 3866 2484 413 1625 1316 3613 1884 3392 2485 397 4209 3437 1569 2689 2851 2409 2492 2753 4075 3601 154 3653 4064 1779 1244 4771 2735 3840 2800 794 3696 4268 2036 2792 1297 4612 2050 2157 1894 1160 1158 1520 3497 3924
1810 1083 2774 1163 212 837 3106 1209 2653 3456 1741 3730 3952 869 2627 4425 2750 4177 3278 1235 1791 1959 3847 1222 1250 2390 468 3636 2265 3606 1651 4728 4742 4704 4752 4958 3755 41 3601 1164 670 1385 1685 4299 68 1357 339 3959 777 4681 3549 818 3425 4098 188 3647 1249 4619 1867 2081 3585 237 924 4479 3726 54 1859 1788 4260 2496 1225 2694 1453 996 4291 42 4034 3782 1743 898 2129 2890 2670 3304 3055 2596 534 2872 3089 3630 2517 395 3146 1040 2900 2635 3298 356 486 4947 307 4202 3509 2197 1799 3518 988 1218 1188 12 2943 4741 3647 4494 918 1354 2730 2592 1286 2776 3603 1611 2174 554 1263 4837 570 1288 1966 2638 381 2040 342 3330 4338 4249 4223 413 384 1579 3834 3466 1356 538 504 1504 1301 744 1509 4093
2802 4338 816 3082 1727 539 2694 987 3264 3261 2460 421 1326 3183 4309 2018 2586 2182 1146 2125 2490 3847 2966 1932 3529 2962 3253 2316 2009 3455 1074 1643 1930 244 1703 1094 352 3110 2358 4409 2584 3658 855 4874 2950 1427 1752 771 1520 1510 902 885 3391 3734 673 2742 3179 2936 2116 1339 337 1949 1855 3686 327 3601 2367 3482 2046 2834 1699 1846 3437 1780 2180 3602 1651 1786 2493 455 1903 1741 3909 487 1590 31 1551 3065 2470 4445 410 4328 4916 73 2821 3118 3201 2886 3007 4062 2117 2508 805 2561 763 2451 4574 923 1903 2927 3576 821 3622 1091 147 4296 3850 2641 3360 1935 2129 4998 1841 4623 1078 3915 4678 906 4327 4997 2737 4168 2160 1812 1884 1955 1760 4227 2956 2431 950 1119 1629 2810 1126 3444 2475 519 1842 1520
3266 2177 3056 152 3022 3266 1079 4809 353 175 2207 4172 91 970 74 2858 900 3899 3226 3608 3639 1222 1932 611 1940 3646 95 2696 1673 1225 219 2619 1751 3560 1543 1031 222 2026 2381 2273 3050 1063 935 2150 2352 2391 603 2054 424 2190 1011 1426 2851 2815 4114 2872 2918 1955 1314 4052 2256 387 3565 3065 3894 4849 1433 524 3085 75 3448 4094 1021 4686 1989 4667 2296 2369 1222 3408 4837 527 3120 708 2362 4174 851 4972 3227 3206 3304 1050 3184 3930 3819 2140 4935 308 839 4026 4750 2640 4160 1101 3489 4508 2686 3400 208 470 2124 2797 1679 1090 3589 4474 2728 1631 3124 4680 3662 852 1508 3496 3690 786 4655 717 1133 559 791 4915 943 4715 786 1210 699 4193 3557 1580 1540 875 808 928 292 4527 2564 2379 1240 4879
3762 3096 1338 1821 4996 3616 2841 3826 4649 3284 3722 2497 4032 2195 4881 4410 3926 1410 2052 590 289 1250 3529 1940 2421 3632 2694 3730 1424 410 2895 924 2252 10 500 2129 304 2098 4782 3264 923 1560 3363 2122 3377 4415 493 3649 2008 1036 979 1867 933 1997 3503 157 273 508 2875 1342 4625 3511 2433 4342 4767 4099 2854 1026 3680 1763 2910 4029 2710 4234 2764 2531 82 213 4110 1181 1598 3792 1970 732 1888 2182 4542 2175 1674 4828 4577 2750 2287 3706 3432 1842 178 4446 1520 4330 763 4801 1901 3541 1576 986 3828 4843 2198 3210 2965 780 3417 695 2798 848 3720 3166 824 96 2583 1832 3510 3724 1005 1413 4708 614 54 4294 38 3321 704 4450 2945 1516 833 1177 644 4180 378 4500 4760 231 280 1466 4293 710 2864 2931
4405 865 3027 222 718 3462 1095 4413 1940 1101 3769 4309 4873 4105 4569 1397 843 2969 3549 944 3053 2390 2962 3646 3632 3937 2767 3310 2589 733 4278 605 1940 4484 4303 4789 2552 1146 3772 4017 4535 570 2121 3787 1539 3418 3544 3684 1413 4006 1078 4940 3329 3451 3623 1820 569 2900 4378 2915 2282 4722 3398 277 2795 1275 2811 3329 3107 3974 4595 977 3190 2082 3248 730 4863 3992 4075 2028 2201 3162 1165 2766 1491 4106 3546 1031 3608 945 1100 1042 619 623 1894 1010 720 939 4620 3538 2882 244 2488 4427 2296 368 4420 1475 2757 4583 4982 669 1851 1563 4039 2544 1045 4672 2538 1685 2083 1970 1894 2828 4273 4908 3833 3885 991 2416 1222 2688 616 1125 3117 3232 1288 3950 4227 2140 4314 4535 401 3948 3031 3908 1784 31 4388 4283
4949 3615 438 4309 2169 4996 2777 1767 1135 4800 2311 4297 2155 1610 1005 2223 1369 156 862 4854 4405 468 3253 95 2694 2767 4529 1040 60 802 2097 1754 4222 2680 4459 1137 4979 4117 574 48 4846 4877 4024 2749 918 2630 1334 2086 918 57 1536 633 739 2559 607 4796 2169 2250 3909 2702 3333 3489 3231 1123 1789 744 3146 2698 4100 4430 3801 656 3890 4003 1638 4539 1605 865 836 2050 3508 3566 862 3529 2611 4762 223 495 273 3138 733 4217 4334 1977 625 93 1223 1720 4991 283 2182 3461 1536 4491 4830 2844 4339 717 4214 1913 641 1232 3153 2745 1808 4657 4410 4701 1615 4886 551 1096 3131 4997 4618 279 1794 3835 4841 1341 1640 2641 3372 2429 4049 1394 2181 3248 2578 1167 4429 2285 558 1182 3620 2351 2220 3372 247 2613
2798 4110 4667 1882 277 744 1050 3106 3549 4583 1516 3689 418 2632 1170 1998 855 4911 4651 2515 2436 3636 2316 2696 3730 3310 1040 3864 546 2890 3128 2781 4544 1729 799 413 166 4874 1797 1593 629 3627 4945 1685 3070 4423 390 4798 1136 2606 2240 2728 1257 2045 4322 3721 4506 816 1589 2832 1910 851 4896 2869 3532 3094 3595 2123 2439 196 3977 2185 2273 4036 4595 2057 2513 2067 2522 712 4422 4007 1828 320 3044 1662 3468 525 3937 1798 3216 559 1417 488 766 2677 1421 133 3517 2874 1762 1321 807 2487 4314 440 1658 399 2843 2803 3454 4562 1266 4133 235 4765 4179 3193 4152 4778 1099 2702 4895 2809 2057 1418 4855 3399 2314 2189 4449 2415 773 3920 1535 4233 2078 2905 579 930 4142 458 527 1313 1901 3560 2638 1228 2203 1873
805 4605 1178 3980 674 1579 2447 3368 2041 1594 331 899 1296 3221 2221 4867 2511 1448 3031 2431 3904 2265 2009 1673 1424 2589 60 546 4023 3122 3836 198 2166 4679 2928 2716 191 2328 4918 2479 3863 3594 2286 2391 3818 2344 2957 3921 911 2218 1066 1937 3803 4957 1257 655 4918 24 2222 1709 399 1725 2093 4758 3939 3716 3344 4048 322 2577 3550 1576 4211 672 4328 100 536 4888 3006 4038 243 2714 247 2507 1156 4902 3616 4805 2075 571 2885 2230 4563 1939 1120 667 1742 4531 4451 4816 2957 2383 1275 2520 4674 3258 4910 3950 4614 1930 4092 2232 1095 3917 512 4721 2981 3578 2161 1333 1861 1566 3806 722 1897 1327 4873 3937 3167 4233 3868 1656 396 2362 3999 112 4971 4489 737 34 2864 1499 2576 1857 4987 2061 1205 2645 2970 2501
3789 4998 4629 63 4114 3033 3136 4935 2426 208 1844 4347 612 200 4864 2710 4651 465 982 736 224 3606 3455 1225 410 733 802 2890 3122 2394 2914 4277 860 660 1997 1536 1318 172 4117 1655 3617 807 1307 1779 4374 4766 4867 481 1208 3815 2889 2046 2806 940 4388 2281 1891 1254 1849 4431 976 4402 2177 3981 838 3007 2790 1092 3712 3268 1652 4771 1255 1035 2881 2140 2216 4015 4514 1177 1549 3045 849 2474 2683 1708 4334 4513 372 1791 939 4532 287 3678 3273 779 2392 1918 4419 4469 2139 525 2578 173 1020 3194 4149 272 165 4538 1262 3604 4636 3263 1168 1836 1822 3543 3550 4105 3324 1855 1488 4448 3522 241 3160 2292 1180 4950 2297 535 1127 3922 1670 1612 3850 1667 2936 3276 4819 267 3605 2492 263 3749 1307 1307 1503 1925
4084 3092 942 4211 986 4179 337 899 816 1169 3229 2432 991 2285 3114 2901 2261 2937 2738 3384 254 1651 1074 219 2895 4278 2097 3128 3836 2914 1494 2338 4764 2728 1362 4290 1260 1143 3147 4083 2278 4264 1226 3448 4333 3544 2278 3911 13 3943 1022 3056 1069 685 3098 4239 3858 1789 4612 337 2651 3019 1065 4114 1668 1159 311 705 676 1312 541 4625 4251 2325 2969 3989 521 657 1842 4668 3343 1073 1808 3057 1870 1474 4322 2104 2391 3841 4341 3382 2644 706 3743 4861 730 1553 3734 2443 1883 3557 1800 2924 2781 2562 1606 4815 3157 4925 4920 2637 349 4698 4327 1499 4725 999 1572 997 476 3199 3861 2450 4045 4406 2332 3839 1776 1877 2015 4391 738 4415 135 4081 2390 517 4475 1112 1121 2884 315 3432 4850 323 3571 2600 4838 4084
3151 1045 190 549 4104 3355 2695 3876 4791 2713 826 4117 783 138 1651 2176 4158 1528 1078 3268 4185 4728 1643 2619 924 605 1754 2781 198 4277 2338 4692 790 2887 2055 1189 4132 2750 3151 3842 3562 1432 2791 4039 4045 3338 2968 2820 797 3955 3283 1619 1899 4594 3159 994 1250 4992 3602 1069 2511 497 4691 3598 1714 3925 1694 3792 1930 2034 639 3052 953 1495 2663 72 868 1011 3342 2800 2991 2002 4588 2369 1713 4518 4817 2066 4761 1094 3734 1160 1672 3568 4707 4223 1719 364 4530 4240 3217 3833 1272 2844 4504 2579 1899 1016 4529 4931 3584 1942 32 3173 2782 2535 612 4922 3856 4772 4013 1542 4477 1849 1389 2273 2007 3271 768 1505 4324 4292 1273 971 4790 4886 4106 4774 1208 1694 265 4787 3520 2983 205 2388 2777 2449 2968 3994
3290 4684 2334 2813 2663 1326 2063 3840 2341 2164 628 2944 4126 2026 3730 2112 4940 2435 503 389 1770 4742 1930 1751 2252 1940 4222 4544 2166 860 4764 790 3487 4168 3958 3498 2131 4231 2261 3812 2964 3558 815 3719 436 2403 2538 197 3647 2637 1859 3257 312 640 39 1112 2253 2259 334 2286 543 4293 3603 382 1268 390 3157 2347 4782 2663 2740 1063 4952 2062 572 4585 1527 3066 3911 245 753 4689 3410 3349 1056 3070 3256 4663 502 2965 29 3811 3335 3737 2775 2557 4731 3923 3497 3159 1225 2620 3407 4831 1767 1800 4174 1713 2602 2215 3742 4330 1787 3115 2008 4176 125 23 1595 4099 2367 2078 3454 237 1640 661 1559 593 1035 3425 4524 2019 758 1084 443 840 2289 4498 4002 773 2644 4012 1431 2116 924 3532 4627 3991 3258 4152
3266 619 4949 41 2435 1886 3490 4159 1940 1361 2439 4174 3473 2671 1494 795 635 2032 3410 2401 345 4704 244 3560 10 4484 2680 1729 4679 660 2728 2887 4168 4349 623 2735 3384 1535 3213 3748 3521 1764 2357 2418 3430 1248 1680 4034 817 3868 4665 2686 2559 659 685 110 1083 2607 2677 241 4786 1753 3951 4671 599 2136 2876 2440 1939 2924 4331 1411 694 4584 4655 3150 2230 3843 2989 1584 1884 623 3116 3770 147 3445 2971 4274 2179 2305 198 3634 4391 3707 4698 307 4045 3151 2206 4619 3598 3322 3332 1591 926 3500 3565 1187 1625 3710 151 828 4694 2997 267 643 3780 3054 3030 3213 684 1250 879 1535 1807 1606 3484 2494 643 3356 2278 3396 1454 1692 318 812 2578 439 4643 4895 4459 1375 2072 3371 2652 877 1264 4710 166 1963
2232 418 4108 1082 2087 4358 4387 1708 3678 591 4041 2498 4137 4663 4188 4509 3958 1381 544 1324 1433 4752 1703 1543 500 4303 4459 799 2928 1997 1362 2055 3958 623 4045 3844 2739 3526 2661 4968 3348 2367 407 2300 3597 1803 4784 4394 3916 239 1849 1293 1738 355 1718 1331 622 874 4830 2230 1562 3114 172 791 3239 2871 3211 4975 1145 1421 1133 4730 754 3308 2725 3568 1709 3642 4831 1244 1825 1559 4964 1594 734 1460 2788 922 2352 2985 214 572 372 1689 4977 1757 148 2182 3932 4221 2788 2858 91 800 4603 4990 1006 1320 3801 1656 128 4666 2692 211 2235 1589 1691 3491 2685 1774 4904 1626 2021 2228 4207 2201 1583 2465 3539 1671 1232 1073 1398 2085 2675 4068 1957 3240 2383 3921 1186 4618 2350 3976 565 2480 1977 2529 83 3672
3074 1213 2829 4821 1651 1814 4921 440 36 510 1818 859 3400 4202 3027 2874 4652 1546 1681 610 4923 4958 1094 1031 2129 4789 1137 413 2716 1536 4290 1189 3498 2735 3844 1087 2163 478 4830 1683 3142 1309 2067 4546 3669 3718 2149 3374 4114 3412 1951 530 1492 3696 1430 2172 4284 2654 2645 3383 696 1513 2636 399 4762 47 3722 4717 2300 3583 2315 4851 3637 4961 533 1714 3638 4040 2845 4813 4338 1855 4984 39 1220 587 537 1671 4051 3802 1291 4701 4008 1118 694 1375 838 635 3364 1108 3594 3265 3388 38 998 973 3578 318 1031 3648 1735 1550 59 2340 2686 2533 4325 574 4228 82 2834 558 4096 3576 3970 2750 3770 208 2634 3650 1254 1229 4140 1755 2839 4723 3938 1742 417 4698 20 2063 405 1173 1551 860 1766 3816 3728 2906
2743 3529 247 4438 4471 1711 4290 4078 4646 3511 3717 3560 4680 3644 2909 3967 4259 2772 3788 3202 3680 3755 352 222 304 2552 4979 166 191 1318 1260 4132 2131 3384 2739 2163 2077 1060 3126 3034 3728 3790 4914 1663 2141 1089 1684 2367 4422 4715 3101 3483 4829 1535 750 1737 4441 4767 1070 3435 4041 2142 4814 2238 1455 155 4992 1020 3335 4702 2933 1543 3823 1754 251 1914 1124 4620 2611 1341 1094 4072 4470 1097 4014 4039 1198 4147 4137 971 3540 4290 1728 806 2534 2205 3791 101 206 1136 3948 315 4053 3967 1563 4386 1164 659 2700 2059 3445 1426 1159 4134 3346 4224 1584 3476 2943 3803 1146 496 222 832 2464 4670 3988 1011 3680 2862 4767 2814 488 3618 755 2630 616 2199 3714 179 3455 1269 1450 1080 3825 2042 2959 1449 3478 1916
3700 3391 3565 318 2689 279 3323 1686 4699 1690 4195 2616 27 2076 1934 1384 1612 438 1729 147 1011 41 3110 2026 2098 1146 4117 4874 2328 172 1143 2750 4231 1535 3526 478 1060 3868 2987 2803 3932 204 2083 428 4734 2804 616 185 21 3137 4103 3245 387 3039 223 1532 1587 4971 767 167 2892 1563 2405 2023 2702 1787 2216 4266 902 3692 525 3284 4672 89 2375 1860 2144 3534 25 385 550 3128 1340 4790 4735 4835 4328 2317 2559 717 1834 259 1869 3921 4968 3323 282 4636 2801 4622 2667 1931 1268 1418 632 1087 2926 1245 3935 756 1388 4973 4731 1856 766 596 4473 1690 2117 4292 3743 1632 4136 3542 3062 4691 2394 1275 1044 1699 4440 1267 3721 2742 2665 4631 4669 3059 2133 58 763 1704 1051 4872 3176 2738 4712 1898 1853 4772
1043 2606 1538 4165 4844 2028 4453 3731 1076 4235 2897 972 1932 183 4008 3552 4648 1693 629 4449 2609 3601 2358 2381 4782 3772 574 1797 4918 4117 3147 3151 2261 3213 2661 4830 3126 2987 4532 2116 4292 1833 4551 3151 225 4804 4197 1858 2940 2838 2746 557 2115 457 3764 3296 2566 2376 4379 1281 961 4516 1005 1032 2445 4845 4831 2816 2494 532 855 1237 4874 3582 3609 3566 221 1659 3878 678 4421 2353 3859 1956 563 3490 1424 502 3761 2202 3886 276 911 2835 1178 499 3121 1523 3099 3828 536 3777 1221 1251 1818 3373 3756 3495 2384 1342 2290 4859 2092 3399 143 869 3141 4781 2043 1631 3876 3281 2919 1817 4820 1546 2390 3020 3325 2061 4374 1661 2081 2179 1509 3529 595 3108 4094 1291 1332 3266 3775 1684 3480 4844 3513 3713 2510 761
2481 1012 2682 2656 3401 2832 3250 3607 2936 4946 86 2202 2532 2413 2099 724 4943 672 1958 2498 3866 1164 4409 2273 3264 4017 48 1593 2479 1655 4083 3842 3812 3748 4968 1683 3034 2803 2116 3273 3240 3162 4076 4079 2939 1803 584 490 1661 2839 903 2546 4040 1168 1394 2725 1828 2303 1002 1448 2040 3231 1221 4101 1164 88 1022 1080 2968 137 3263 1331 4078 4616 711 1441 2822 844 4408 1087 3218 3115 3152 1137 2107 4619 1183 595 1198 2303 218 4989 531 2462 836 1589 3063 1248 3504 1524 3809 1551 4612 1888 1911 4255 3169 821 333 650 1850 1930 3690 1308 2605 184 1278 4216 4291 4140 1718 2741 4716 3865 2084 1887 1899 46 1127 4593 3931 1540 1397 2862 4526 2115 4129 3466 4237 4265 94 2536 829 818 3616 1768 4717 2704 3654 2984
1628 3754 1923 3390 1729 3613 2882 2440 593 3523 1596 3975 4570 1969 154 238 1489 2672 3810 1176 1096 670 2584 3050 923 4535 4846 629 3863 3617 2278 3562 2964 3521 3348 3142 3728 3932 4292 3240 2911 3678 2058 165 4264 1116 3485 1069 4596 1584 3998 4942 1176 4282 2372 1325 2720 4102 3289 1372 3441 3470 4012 1582 400 2901 3258 3466 2758 2121 227 1216 151 4115 4260 2437 3790 2668 302 2301 1166 3983 868 91 2029 4594 1315 1948 2670 259 1709 2102 2351 4056 3904 959 2428 1521 4780 2047 3307 3744 1512 2327 113 2704 1617 987 1655 1120 3417 2235 422 2661 4926 2233 1335 1258 2943 1011 2360 3587 3645 732 310 2924 3017 4207 1590 3085 4506 3458 3924 229 2295 2888 1182 4279 709 2425 4981 4357 3508 2245 4294 4859 2955 1537 1346 3894
658 1614 2384 3909 4210 2111 2796 2289 4389 1790 1916 3596 4598 1461 3770 1373 2381 3644 1982 3164 4010 1385 3658 1063 1560 570 4877 3627 3594 807 4264 1432 3558 1764 2367 1309 3790 204 1833 3162 3678 2180 2023 1108 3641 184 4557 2167 1760 1077 1681 1579 3043 494 3004 2044 668 2134 4757 3790 947 3230 3340 918 3005 3412 1408 4224 906 3461 62 577 3103 3712 2619 2740 94 715 4069 4277 2832 2504 2195 4679 4813 3997 2692 3049 2538 1502 109 2269 2868 4233 3363 4033 305 3320 4379 3046 2447 763 779 1820 3313 3143 1627 1422 3699 3611 1463 3439 3255 526 74 3425 4569 90 4835 2720 3467 894 3982 1168 1564 4298 112 1941 861 4570 2538 69 461 3996 1251 561 4283 4264 1783 1440 3915 2274 2333 1016 3545 4978 783 840 3032 3475
778 805 1592 31 2966 1235 3692 1023 4138 3448 4036 2692 1789 496 4439 1518 2435 4888 2237 3569 4571 1685 855 935 3363 2121 4024 4945 2286 1307 1226 2791 815 2357 407 2067 4914 2083 4551 4076 2058 2023 1541 1276 4808 2340 4840 2445 175 3277 2633 4233 576 3971 257 4293 2931 431 1670 4683 4734 515 4537 4785 3240 2451 3125 1917 4789 4436 4045 1047 4509 4301 2065 2206 1144 3219 2344 249 4710 4758 4956 734 1943 3940 3690 3972 1635 4902 3847 3377 329 2445 1515 3134 3329 2761 152 1166 4634 3892 4917 4692 4403 1558 2556 3230 4003 461 1503 1710 2402 4755 2270 3622 3015 2613 230 4067 1481 2848 22 2235 2673 2747 4654 3586 586 3040 1970 2582 3719 1034 500 116 1173 941 2865 4061 1150 372 3003 3936 2663 4343 2052 1626 4151 2538
2797 1940 607 2624 3184 841 3263 2100 520 3205 3392 3127 3876 114 3177 1252 550 710 2871 1376 2762 4299 4874 2150 2122 3787 2749 1685 2391 1779 3448 4039 3719 2418 2300 4546 1663 428 3151 4079 165 1108 1276 3025 1115 1245 3219 4900 2794 1038 2001 4755 4960 1163 598 363 2151 601 203 84 4088 2615 4228 2570 404 4597 3491 726 4379 3976 3390 594 473 446 2691 3338 1709 1074 4974 955 134 2935 3310 51 4962 2372 1427 3844 2071 2154 4932 1408 2435 1899 2225 1831 2295 4664 4192 39 4117 1904 4027 4185 2045 367 858 4291 3908 4127 4719 3928 3101 2072 462 470 4463 2426 805 2554 3270 4552 1083 3119 2041 3442 4330 2531 980 292 4708 2399 3214 2551 1058 2771 2979 4739 2532 4322 2689 720 2324 3400 2312 3796 1376 3890 846 1566
4947 446 2195 590 1466 1188 3221 3265 3926 4419 2415 175 1841 917 1177 1813 3902 1624 3513 2581 2057 68 2950 2352 3377 1539 918 3070 3818 4374 4333 4045 436 3430 3597 3669 2141 4734 225 2939 4264 3641 4808 1115 137 4856 584 1806 129 2393 4463 4057 4567 2938 247 783 4590 1380 3919 3387 4085 827 4548 1810 3623 672 1394 2943 1973 2003 1600 2243 2453 257 4522 1007 2645 327 1518 686 4482 4654 3326 4601 4640 1996 1680 1722 3629 851 4396 4211 2553 3081 3555 3249 1360 3067 468 1787 2183 3910 2838 2484 329 1445 4971 87 451 2547 1579 522 2554 2099 255 2477 2064 4236 2854 3846 2389 186 157 600 474 2410 2847 516 1353 4310 3816 4980 4023 2807 2089 3426 3977 4532 3308 3774 1229 3643 575 2613 2701 2834 1970 4441 1436 2955
1517 456 3094 2535 3340 4468 614 1965 3367 3086 4275 2001 361 4752 3207 3263 4771 4709 4958 1652 3426 1357 1427 2391 4415 3418 2630 4423 2344 4766 3544 3338 2403 1248 1803 3718 1089 2804 4804 1803 1116 184 2340 1245 4856 3635 4151 1262 2906 654 4199 4588 4473 4881 1688 981 321 1820 4731 3900 461 650 104 2408 1615 355 2822 1515 4272 3516 4454 571 1736 3680 813 4690 1001 2822 3689 1928 2501 4966 4545 678 4288 4275 1411 537 3874 2562 4637 3134 2007 1987 4746 2984 1020 2593 166 1172 2846 3584 2773 1540 857 2641 1822 2785 4595 1024 488 4275 123 417 3582 3755 1492 4844 3879 4784 2495 1664 4265 3351 1488 1567 3490 796 3763 4944 2554 2964 4984 2720 946 1957 289 1281 3852 4984 4749 2108 3681 819 4391 1196 4287 2805 4794 3625
768 3679 656 1173 2278 3643 4283 1486 1091 1115 3554 3636 4489 3877 1090 1653 3464 1757 3723 2249 3181 339 1752 603 493 3544 1334 390 2957 4867 2278 2968 2538 1680 4784 2149 1684 616 4197 584 3485 4557 4840 3219 584 4151 2769 4254 835 4334 2612 1441 2082 2630 3513 4255 2035 1505 1617 1007 3265 4732 4474 3936 4840 2869 3423 4705 1228 3355 2898 1536 336 1002 4355 1967 1666 2458 2395 1528 136 2938 3986 2456 4194 2936 1806 2044 1620 3700 4262 4878 4016 2563 91 1427 3596 4835 4022 4999 2598 1825 4239 1808 877 1094 473 106 3185 303 245 4534 3657 2272 652 838 3460 4260 1895 3753 3768 590 3711 3208 3639 1571 2370 4518 1820 899 4045 3999 2581 1286 533 3306 3722 3182 3834 4238 154 2253 4679 121 4452 379 4741 1861 2658 598
3794 3700 3039 4577 4159 2663 1327 3265 1689 4311 2324 2856 318 3374 3095 4977 2863 3502 1309 3499 360 3959 771 2054 3649 3684 2086 4798 3921 481 3911 2820 197 4034 4394 3374 2367 185 1858 490 1069 2167 2445 4900 1806 1262 4254 147 2902 4903 1094 3579 1005 1830 3269 700 1052 2334 649 1347 3521 2064 1940 2111 2576 3183 1123 1366 3686 2517 1520 1754 53 1455 4517 3003 259 3437 4118 2537 3750 777 4967 2619 3132 4095 3874 2970 2818 2721 3482 1702 3790 3611 4624 4341 605 481 471 1188 2918 2309 1018 105 4952 1869 2156 3079 1802 3273 2499 3618 4938 664 3814 802 4921 3909 3441 2965 4088 1959 3192 562 4518 3579 4906 4124 1091 3589 62 3620 744 458 2169 4889 4765 1103 3597 388 3000 2874 1924 3329 1358 2074 1371 4961 2265 4483
4443 4945 455 4912 1488 1803 1029 2450 89 4234 1380 3544 1860 4396 4489 3166 3211 4782 3149 246 4687 777 1520 424 2008 1413 918 1136 911 1208 13 797 3647 817 3916 4114 4422 21 2940 1661 4596 1760 175 2794 129 2906 835 2902 4023 3832 501 4047 4450 1558 1982 4745 3324 2260 4882 4721 1522 1918 1028 4679 3340 968 2281 3158 1665 3121 1799 945 1497 1619 4584 3293 4687 2147 3158 638 3342 4128 3249 1233 4454 1806 74 4082 1645 1501 2076 1142 4585 3624 2278 906 3801 4109 3672 3030 4378 2065 986 2849 695 3708 4031 2723 2114 1844 833 1685 4013 4041 62 2345 2907 1834 2792 3152 202 2502 2743 1104 824 4282 172 703 2683 2627 2378 4347 733 4801 2137 812 932 219 205 3020 1147 3067 1669 2533 118 1501 202 630 3085 452
2931 4145 696 2156 2218 4749 840 4706 1144 254 1812 3347 3111 4035 414 2322 174 3389 3589 4412 4458 4681 1510 2190 1036 4006 57 2606 2218 3815 3943 3955 2637 3868 239 3412 4715 3137 2838 2839 1584 1077 3277 1038 2393 654 4334 4903 3832 4281 1195 2750 4108 2941 3386 2553 4376 4940 1999 4401 2053 2143 4060 2338 2643 1170 2512 1693 4756 605 820 1448 3356 811 2907 3625 2733 4268 1800 583 768 1390 1108 79 3827 3929 436 60 1394 4965 3390 2131 1868 1680 2884 617 1835 3885 2414 4554 4002 187 4480 832 85 4515 2943 2897 1727 3725 1547 3735 4064 2937 1723 1282 2549 394 3381 3777 4793 1817 4541 3542 2437 1800 3664 2307 1876 3987 4189 3938 809 1083 945 3958 4672 2574 2600 3902 3491 1471 3433 3287 2083 267 1402 4212 3530 4293
4909 749 4743 2861 2113 1268 2127 3076 2155 4378 2336 2253 3301 4734 1402 1065 3186 4278 324 3043 650 3549 902 1011 979 1078 1536 2240 1066 2889 1022 3283 1859 4665 1849 1951 3101 4103 2746 903 3998 1681 2633 2001 4463 4199 2612 1094 501 1195 809 718 1398 3836 1316 253 4062 2250 4514 3602 3431 4001 676 793 871 295 3064 571 4326 1577 3525 3444 4545 1213 2272 4718 3598 331 1088 3240 3641 4925 2337 2306 3002 537 627 3486 4696 865 3608 1709 3280 119 3659 1864 4802 4192 141 3037 2909 4086 2554 3124 144 1420 696 4779 2104 4447 4137 4930 3860 4180 4014 298 2095 4836 3125 2390 670 3939 944 1600 2180 3496 439 1911 598 3575 2276 2905 4142 573 526 851 1921 4285 2211 3014 1503 4882 1337 3654 4183 2352 2201 4305 181 2224
4530 3042 4313 227 1075 380 2063 1850 4897 3672 231 856 640 1280 2934 2693 1457 2065 483 2110 3030 818 885 1426 1867 4940 633 2728 1937 2046 3056 1619 3257 2686 1293 530 3483 3245 557 2546 4942 1579 4233 4755 4057 4588 1441 3579 4047 2750 718 2450 4323 4990 3165 4123 4527 3140 1248 2083 311 3117 2289 1170 1296 2602 859 4120 2267 4122 1364 743 4832 1143 4714 197 1294 313 411 3906 4703 1472 1847 2610 249 4632 1759 3323 3803 3096 1135 330 1707 2597 246 1566 3713 3285 4959 1216 3679 4481 2993 3383 667 3288 2527 3860 2182 4123 1346 941 1927 4220 269 2167 4154 570 2537 2700 354 900 4142 1246 4993 3529 3299 3350 1697 1969 69 3977 2285 734 2001 1135 622 4986 2569 967 10 4433 702 650 2800 3179 3746 2795 4021 583
3744 1604 4638 1705 1517 1774 4927 3474 1338 1023 4461 3451 4598 1675 1643 1500 2314 2349 1868 2209 2855 3425 3391 2851 933 3329 739 1257 3803 2806 1069 1899 312 2559 1738 1492 4829 387 2115 4040 1176 3043 576 4960 4567 4473 2082 1005 4450 4108 1398 4323 41 2285 3499 3248 2304 433 2036 4637 2842 853 1387 1803 2796 4862 4043 3543 2440 1096 1716 3417 2387 2312 2566 4221 547 509 3623 2319 445 3916 4179 2886 3091 2750 1202 1971 2576 2280 4448 1833 3023 3705 3595 1895 3174 2890 2543 4755 3909 2642 3849 4606 2219 4938 3859 4990 4083 3129 3457 2601 2327 1028 3631 670 4514 847 4311 763 304 4183 474 3019 2788 4941 502 2857 155 3815 739 622 2592 2706 4544 1387 2676 710 3552 4765 3640 1005 3416 4352 1039 2956 1519 3531 2055 969
4746 15 4004 1134 489 3838 3021 1510 3504 1334 59 2277 939 4087 3551 3078 3949 3450 4540 1528 3446 4098 3734 2815 1997 3451 2559 2045 4957 940 685 4594 640 659 355 3696 1535 3039 457 1168 4282 494 3971 1163 2938 4881 2630 1830 1558 2941 3836 4990 2285 611 3709 3129 2324 1409 2612 3919 387 3728 51 994 4988 3299 4514 1987 4986 3902 2052 4673 4191 4567 550 4073 1856 4273 4194 4001 3209 4513 1777 3469 4104 1601 1694 1791 4182 4600 2486 2140 1093 2247 716 800 3664 680 3355 2237 774 4341 4313 2364 1405 4843 3702 211 117 1760 736 3717 417 1133 4431 4444 2332 1557 1053 3650 1316 433 4954 1506 727 2212 3644 2748 1941 1432 3151 2231 752 4755 2521 2901 2382 1805 3267 4973 4545 4239 2373 3953 3094 385 2050 1758 2420 1840
