N: 150
M: 30
Symmetric: true
Triangle: false
4 77 45 35 108
5 60 148 92 49 44
3 2 134 129
6 145 80 9 61 114 30
2 6 139
5 136 22 115 26 149
6 132 64 116 126 131 56
4 86 88 75 21
6 19 113 142 70 58 105
7 124 5 23 111 25 91 10
5 27 42 106 107 112
6 93 81 110 102 83 66
6 12 104 130 51 4 79
6 72 31 18 125 16 119
3 33 37 59
5 17 74 41 40 13
8 73 127 24 34 94 117 120 146
6 69 150 135 65 87 133
3 71 11 137
8 122 101 36 47 141 63 53 68
5 90 103 138 82 32
4 14 55 84 121
5 8 1 20 3 57
2 43 50
5 96 109 7 147 100
3 123 85 128
7 52 144 97 99 54 28 62
4 118 15 95 143
3 78 67 89
8 39 76 98 48 46 140 29 38
156 3702 1851 2345 1215 4594 85 725 3769 3995 103 3522 4033 3903 4532 4292 4366 1413 2049 4661 3857 2596 4716 1202 139 3803 1354 4137 835 4381 3605 408 2019 2832 2141 1990 4644 4041 1428 690 438 265 4223 2827 1639 2412 1158 1799 4078 147 3726 3556 2414 834 482 213 3487 2445 1010 574 4247 2058 1540 3821 4914 2017 2236 2757 3738 289 569 27 4527 3388 740 3804 2039 2623 225 1282 2461 1851 623 604 3667 216 1674 896 4491 3684 3725 599 1305 2931 2313 3395 4472 346 4020 4843 4319 3710 4112 2489 813 2048 990 1460 4668 3369 4980 170 2089 992 3222 3383 3677 1873 4231 3926 3170 1269 1585 4552 4558 3288 3222 4843 955 304 4420 3162 1986 990 3728 4559 4940 86 4926 2801 3684 1225 4799 2011 4225 554 2243 988 4770 2213
3702 4893 1760 4629 2467 2927 2196 3167 175 2642 306 1407 2381 3064 2041 4159 4208 1810 36 3960 4968 2097 3369 80 210 3184 622 288 3418 4423 1884 4695 745 3883 2454 2632 2498 2611 3737 1143 1823 4316 2610 753 374 1779 3982 12 1127 3726 4673 3982 1042 674 765 1830 3178 4792 238 4403 1635 2995 4669 3132 90 3003 260 2378 2121 138 2130 4421 416 3560 1710 3518 3947 3571 1729 2406 4597 4438 2724 3564 957 4922 3505 1712 1904 1728 1684 324 1252 2758 3173 3728 3958 1360 4525 886 1009 2205 4816 1935 2867 3161 3348 4566 753 1255 1433 692 891 2171 516 2108 2988 4436 3192 1362 1978 2279 1394 2385 1018 356 4544 3798 4980 4407 3725 1889 2229 1713 3741 348 3337 3820 2474 3132 4934 4627 4389 3157 307 261 3451 198 1672 3770
1851 1760 2191 716 2285 4682 237 3692 2847 3570 2348 2439 2026 3498 4221 4452 4456 2918 2959 566 4466 2752 4694 4761 2796 3806 3592 2174 4735 2756 520 3243 590 2789 688 244 1424 402 3689 2319 1741 278 1360 4350 2296 1369 1650 2625 123 1107 2470 2052 4909 68 2645 195 2404 3424 380 1255 1649 4710 4311 3976 2811 2818 1088 4613 1723 2062 2935 2973 301 4637 1872 3248 3693 4211 4631 1965 3429 3033 4095 3112 2168 4297 4966 3158 4404 4694 2756 473 1517 1000 4566 2603 521 1349 3969 4843 3557 2134 2281 2850 2781 2328 1914 634 3613 1082 501 1277 588 4322 4012 59 2975 1333 2098 718 1178 1762 747 155 2518 3933 2675 2648 3862 2353 655 1684 4528 1245 179 1229 636 1870 1078 3854 1730 4009 3272 1548 1976 1681 1424 1832 968 3309
2345 4629 716 3786 4270 686 1445 3480 3813 439 2070 2391 4507 2529 4708 929 4311 429 4689 4029 3960 3751 4494 2868 2584 819 1097 491 2075 1472 751 1012 4068 1016 4375 3730 2102 4326 625 3743 2001 661 984 3513 2517 2243 3476 355 596 1486 3631 1570 4247 4875 2918 578 809 3076 93 224 1364 1404 4865 668 4444 650 4105 2729 3855 1416 3671 3726 264 4768 1836 3135 1360 4683 3667 4773 2155 4410 610 2117 1600 4172 3296 2607 2082 806 513 3420 2249 2181 994 1468 1159 619 3782 1677 1028 2053 1391 935 3916 970 3631 1524 4901 2727 2616 1844 4889 3909 2788 3703 1074 2638 1445 2764 4978 3734 1758 141 2917 2779 2857 3031 4997 49 2554 1952 1150 3870 3714 707 4367 3008 4159 1305 4296 1663 2781 345 4236 1488 2056 674 2560 3998
1215 2467 2285 4270 3747 608 2557 2028 2341 4481 2223 2081 493 2190 387 2836 1140 4757 893 4957 624 448 121 72 2609 3134 1570 2256 3876 3141 1240 1110 2424 4719 2661 3349 1073 4173 4895 2482 2960 2823 1979 574 4268 4337 4364 3924 2038 2644 4717 658 3236 1891 994 3550 1506 1913 3028 1426 1041 3335 2015 3524 2835 1708 1565 1146 2871 4399 674 2697 1744 3846 4824 421 803 506 4646 132 4507 2050 559 1648 4175 3231 3233 2740 2443 1963 1834 4221 2979 4660 4491 4319 2133 4566 3954 4370 2343 3329 1490 1178 2916 3004 4995 4920 2865 3639 3417 3446 2258 2141 1418 637 4652 3327 1857 1511 2175 2587 2286 4504 1824 650 3145 3232 472 3360 201 4639 254 2645 2745 2794 489 3750 926 2868 887 422 4643 3793 3115 4046 3904 389 4028 521
4594 2927 4682 686 608 3166 4600 448 4409 508 3025 1749 4085 924 3544 4117 855 1425 4796 1483 4494 2138 4765 2454 2341 1743 4927 2138 376 3874 2751 3449 2305 3584 519 2170 4730 205 28 3329 1754 2673 3718 899 2003 3365 2492 496 3885 2001 203 3945 691 4766 2142 568 3721 775 4762 4019 1354 1535 3410 1031 1957 712 2684 919 2016 2149 2689 2428 4852 2776 156 1692 613 3740 518 4859 1572 3754 1938 1855 2966 4552 1548 3340 2672 2164 2102 926 1952 2064 4688 3078 1860 2588 2308 4513 4763 1240 3914 4006 4384 4961 3998 2486 2324 411 14 1352 2114 1069 135 3967 2221 4164 2337 4543 4986 1343 1674 3729 4439 1213 3739 2120 3948 3564 4413 543 928 2488 3843 1622 1150 909 63 184 2315 3670 2268 2993 2839 1800 2741 2075 2036 1343
85 2196 237 1445 2557 4600 2062 843 1509 2442 1494 2793 2167 67 3697 230 491 695 92 2808 1795 1921 950 3161 2698 4666 4021 3794 3751 4263 4694 728 970 1889 3977 1258 4481 4162 3789 1754 2559 3114 415 307 20 3137 1536 2801 4441 4071 472 4049 2477 420 2481 1292 3407 1459 671 1325 4752 1676 4027 950 4226 3712 1587 4165 4132 4113 1657 1875 3022 3295 272 1130 4525 580 1257 2949 3017 4323 109 2976 828 3719 990 751 2275 1467 1165 340 3980 3075 1477 1660 1579 3135 493 2509 1154 3684 2793 3130 15 377 4977 985 3318 4098 3685 1890 3732 2344 4844 521 3613 94 2832 4874 2171 4408 3851 394 2052 4517 2344 4435 4708 1962 4972 211 885 1304 103 3968 709 1765 348 368 225 766 2371 2280 2617 3606 1151 3457 2664 691
725 3167 3692 3480 2028 448 843 1616 1785 2277 1712 4901 3424 2191 1409 4487 472 2300 1543 148 4876 498 3017 4693 1072 2738 3966 111 4785 2878 295 2473 4325 4776 4623 3548 3516 544 852 3994 4913 4067 3513 2069 173 3647 2739 893 703 4860 1314 1273 210 2108 3409 147 128 2814 466 1095 2986 4243 4316 753 1513 1497 2371 873 778 3633 1460 2402 2111 478 744 4465 1367 1227 1126 2937 3041 2577 1470 2990 378 635 2219 4617 4490 4050 3246 4705 2875 1074 996 4039 4267 3333 3752 1258 4735 65 329 4100 4002 3628 230 3470 1396 3032 3813 1783 728 4199 3842 4334 1914 848 2327 3078 501 2544 4549 857 4238 312 4238 3663 1134 302 3058 2351 4724 2512 2007 142 396 2064 3078 239 4077 4216 756 1295 3891 652 686 622 2973 2947
3769 175 2847 3813 2341 4409 1509 1785 1221 2778 4836 3277 3420 4517 365 766 2448 4624 2590 1342 706 567 2698 1739 663 1263 2399 799 1777 2683 4029 526 3337 4743 605 3599 1415 2808 4044 1896 2775 3856 3443 918 2227 4091 2481 3789 1253 815 4448 4575 2105 4211 1149 3208 2963 1415 4549 2067 1224 168 733 4872 54 3789 142 3279 598 1776 4952 2312 3436 1447 3324 4812 4837 1413 2008 4630 3518 364 636 2951 1854 495 3271 2781 1498 3103 4213 2372 144 3882 4479 33 3825 4940 709 2946 2781 2565 4176 4749 346 3590 331 3015 2164 2490 1482 1006 917 3047 3655 4392 2110 4409 3496 224 3360 695 4868 507 4727 3171 1032 3196 4869 1965 4564 4116 3780 2932 4756 66 3747 1304 2816 3486 3702 1023 4035 3012 3876 3067 2064 1460 4564 4989
3995 2642 3570 439 4481 508 2442 2277 2778 817 2743 1705 2591 4771 2997 1438 703 3631 4385 3661 1772 3878 4245 714 3000 4624 1215 2248 1494 4895 3522 293 4374 1237 2977 3985 1190 979 1085 4652 1058 987 2088 3633 1239 4720 1362 2051 1312 353 3320 2192 4825 346 1061 4604 1511 3197 4185 1226 969 4695 3627 3235 1025 948 4935 4056 1366 2416 1781 1768 1101 2744 1662 3853 4309 4330 4963 3266 4142 3932 4114 3121 4519 3405 3280 2925 4001 3201 2830 2293 1889 4997 3929 2217 1510 936 2659 21 4579 2003 4781 348 3396 4403 3691 2423 4152 2619 4766 1759 2113 4939 1348 3240 4251 2999 2122 1860 2273 3388 2477 269 1935 4038 3791 202 782 34 1552 1415 1676 591 1113 4407 2817 2227 118 1429 759 3274 846 3794 2686 426 1269 2258 3776 1966
103 306 2348 2070 2223 3025 1494 1712 4836 2743 3867 129 722 2600 603 1928 2651 3825 2564 3543 844 2928 473 3720 4998 2000 3042 666 1494 2489 2133 1283 3404 1822 3586 4339 247 2248 3415 1009 4308 3496 4660 432 2023 2578 1085 591 925 2315 256 4509 1515 1535 35 3736 1858 3547 1052 622 2187 1396 1948 1176 4129 4962 4861 3616 3133 2135 4817 523 4198 30 68 631 1675 2382 1913 936 975 4763 2792 4195 3134 4079 883 368 3690 4818 4568 800 2673 1771 2092 4918 1761 1280 3323 3366 3920 239 591 3559 4886 3828 1065 3192 3537 3271 2132 345 3798 4209 4012 2010 1843 387 4433 1415 1689 375 441 907 4827 221 1802 1324 3654 4442 320 227 4452 1943 4971 487 2823 4933 1499 747 4191 4357 2038 170 2016 3970 4513 3586 1690 4092
3522 1407 2439 2391 2081 1749 2793 4901 3277 1705 129 3611 1267 2237 1595 2307 3425 2318 4945 4140 820 56 2949 2626 1591 707 19 1705 1710 184 3031 2220 3139 4933 1453 2570 3112 785 3843 12 3664 877 580 4681 3513 4378 4792 895 1903 1045 2718 205 3916 4481 32 3611 933 890 162 4435 3354 3318 1634 4831 3997 2030 1803 204 375 598 4625 3859 1051 2050 3887 33 1306 460 1204 2625 2258 1931 1713 4592 3957 4088 1337 958 2657 1029 2531 3192 339 2449 4659 2756 3230 1859 2773 301 3780 660 4779 4013 1176 4558 4080 3381 3562 3160 4415 2487 3033 4985 4568 3025 1121 1234 4522 3679 2706 4873 1710 2004 3622 2556 3904 3087 4540 1040 635 4714 3909 611 4550 3982 3565 2466 4055 3334 4406 2263 4887 515 3422 2043 4292 3959 2790 830
4033 2381 2026 4507 493 4085 2167 3424 3420 2591 722 1267 200 3086 3620 2397 1504 1321 2405 697 1790 2008 726 2648 56 143 1594 3984 2853 3037 966 1855 3125 782 259 3300 2852 341 2545 2579 2779 2998 2751 2202 3546 1896 2422 844 3867 2104 4778 1032 1721 1346 1840 2460 1733 1788 308 1356 957 2540 3264 1952 2962 3088 2959 888 279 4323 725 3738 3115 3507 2239 4013 3450 227 886 3418 2944 3172 3232 3886 2033 3286 4584 2538 1678 1547 3411 3158 1009 1722 3654 355 3484 1759 3751 1326 202 2519 1862 3889 2143 4872 2594 575 3360 4691 4247 904 492 2767 1539 2487 4763 1192 2531 451 4447 661 71 1992 2787 416 4198 4477 2849 789 4162 4617 2574 2404 3610 1354 4024 2094 3984 4072 1742 3057 1983 1196 1617 3891 4672 1310 2675 4502
3903 3064 3498 2529 2190 924 67 2191 4517 4771 2600 2237 3086 4218 245 4727 1656 4740 4113 4807 941 4760 832 4649 2671 3580 2616 1351 1557 4162 341 119 3667 4057 1758 4147 2156 1066 899 4675 166 2803 137 2905 858 1229 632 527 3744 4413 4306 3526 2099 2172 1548 1607 3054 1266 4406 4349 710 3110 1369 437 1402 4602 3811 3234 826 4114 68 1374 2859 2314 4944 4113 131 3839 324 713 1293 203 3419 4202 2201 4896 2464 2917 834 2615 1495 3146 1310 4212 4447 421 4530 757 3831 3743 1768 2319 4166 1920 4324 2387 1783 4369 262 2210 1907 2184 2964 4509 2957 1156 4743 4239 3300 3860 135 1530 761 1161 1736 1280 341 473 4436 1122 3772 1375 848 1730 795 3646 3104 2405 1084 4686 1347 1172 102 814 4460 3538 777 1321 3288 1910
4532 2041 4221 4708 387 3544 3697 1409 365 2997 603 1595 3620 245 3301 4673 1297 1565 333 3302 2416 694 4753 2487 1999 2048 3084 151 2259 1854 521 2092 1946 3260 1719 3835 3441 3666 3489 4801 4933 20 977 372 800 4314 3834 4692 3041 1247 1644 1779 2010 4978 2189 3155 3151 3173 949 3248 616 1403 649 3951 3335 904 2011 4872 28 4776 4447 184 1776 2063 2685 1247 2930 3835 4171 889 859 4640 1813 2536 2709 1358 2138 1590 2738 2096 1756 2012 1135 3303 1253 2309 4261 4650 3514 1355 68 555 755 411 2313 4257 137 3239 342 198 1378 618 2111 4342 2008 1460 905 3911 972 4377 4436 1217 178 1186 4958 812 441 3590 2466 4391 4603 696 3482 1582 2010 3792 205 494 4338 1627 3935 4112 2732 4371 4882 3772 2119 2359 4817 270
4292 4159 4452 929 2836 4117 230 4487 766 1438 1928 2307 2397 4727 4673 2286 1554 1682 517 842 3153 315 1950 1516 2900 4066 3025 1492 216 3003 1967 4648 2783 2210 4450 4312 2300 4728 753 3633 4142 1787 4934 2794 2174 4308 634 4222 3185 2830 3553 3187 3952 993 3957 297 316 4467 4358 2090 3927 1993 1379 930 4019 4093 2211 4665 1839 4915 4060 2189 2147 2906 549 218 4793 3694 4045 849 1491 4976 1875 3995 2538 615 4845 4006 2297 3981 23 201 4422 4709 1186 1805 4276 360 4253 2201 1166 3684 4875 45 2487 2768 4073 4540 1140 4606 4491 4392 3944 2795 3220 3371 206 2598 726 629 954 768 4824 2997 4665 2408 4634 475 3644 1563 2996 3533 3601 4212 138 4993 1102 3464 758 1667 134 2471 2120 1494 147 4055 3724 1413 4814 1402
4366 4208 4456 4311 1140 855 491 472 2448 703 2651 3425 1504 1656 1297 1554 2046 3869 2774 1792 1732 2791 2285 757 2823 733 3138 2927 1528 617 3610 2840 1617 3066 1789 1260 3425 3558 2201 826 1278 94 527 1565 3846 2960 2269 2353 4230 3813 4402 1793 4702 901 1504 1618 3280 1881 2281 3545 3680 1765 4545 3730 3673 132 869 4625 824 2939 2539 4762 4436 536 4144 1998 1308 2040 4884 1146 3845 32 1817 2556 2035 2845 4366 4014 4120 838 974 2681 3855 3253 413 4035 3893 1607 1509 4868 2930 1069 1980 4244 4382 4970 2713 3525 3361 1672 152 3267 2965 2489 4582 607 3475 1786 4053 3614 222 4512 1087 2830 1601 1321 2534 3671 2405 1648 578 4671 1164 3204 2004 2273 2271 2885 4718 692 3507 779 4190 4033 1966 2081 4571 3511 1418 3047
1413 1810 2918 429 4757 1425 695 2300 4624 3631 3825 2318 1321 4740 1565 1682 3869 1221 799 223 4713 4151 1102 2049 1212 3456 1379 4223 1597 3520 3716 1585 2173 2044 1802 931 3846 4099 1421 2555 3966 2487 963 1801 39 4781 297 3096 580 4413 1330 1906 2981 2199 3042 1927 3158 4394 3680 3875 1850 4783 3068 3930 3554 1993 3314 4734 207 4205 3707 3104 594 3742 3409 269 2847 647 1578 3567 2544 3456 708 4791 4886 2983 4253 2137 2943 3561 2250 3505 4392 213 3481 3692 3642 1776 4410 2824 3322 2255 3251 1878 697 3813 871 2322 3271 2531 272 2428 4574 2441 4811 4297 2853 2909 2947 4319 249 3024 4985 1765 1072 1718 4107 2080 3299 179 4200 234 4216 2875 635 2830 3505 625 1233 4639 1854 1529 3011 844 4871 1261 4883 4942 1595 154
2049 36 2959 4689 893 4796 92 1543 2590 4385 2564 4945 2405 4113 333 517 2774 799 1941 3743 1275 1008 121 2433 3048 1912 28 2621 2791 244 3444 3318 4275 1820 393 4768 4131 2172 2890 2383 912 343 1044 3735 172 103 3537 1954 2805 2603 1368 2827 4995 688 2652 2081 4793 98 1243 831 1499 4361 2551 1724 1462 1715 3466 2736 1976 4304 1380 3702 4778 1945 178 4147 4237 3033 911 1214 182 634 3389 3569 1003 513 4942 3096 2886 897 1743 1601 1074 1502 3661 3476 3194 1178 4395 2357 2960 2358 2950 2861 2787 312 3147 3002 671 299 763 3009 4943 3512 2925 412 3923 2898 3780 526 2750 3249 351 2989 1356 2524 4976 1417 4431 1618 4159 390 4369 3336 4621 4902 3818 3232 3007 585 1762 3420 4966 1358 3368 4223 672 890 300 934
4661 3960 566 4029 4957 1483 2808 148 1342 3661 3543 4140 697 4807 3302 842 1792 223 3743 4536 2073 4827 2036 282 1306 945 686 1796 3014 2660 1380 3422 1439 3311 4106 3062 268 4252 1812 4714 1395 3268 2649 3725 2935 4891 2192 2803 4485 2189 987 1628 3570 1574 3355 3038 3262 3604 4967 2247 242 3379 975 1762 977 3848 2548 704 4641 3017 2155 4120 492 1468 4884 1160 4988 607 1855 1684 3000 2406 1539 2261 132 2729 2007 699 1023 3914 1100 4441 1672 3066 163 992 2855 4247 903 4187 1910 4038 4002 1761 2396 3352 4377 894 2852 2590 3995 2279 552 3711 980 2037 4361 389 3702 4340 1808 3517 3038 2597 4004 1542 4546 3320 2892 3522 4881 746 605 206 729 1776 3024 4237 340 3818 214 2900 1995 4821 4859 3604 545 1683 3286 392
3857 4968 4466 3960 624 4494 1795 4876 706 1772 844 820 1790 941 2416 3153 1732 4713 1275 2073 4418 405 749 2793 2630 228 2166 3533 929 3019 1765 3582 2073 3571 3122 3290 2147 2744 1172 658 4554 4726 3959 4133 1629 3551 3724 71 1790 4351 2880 4837 257 4330 1216 920 1300 4333 3370 2173 4031 1229 2582 2372 521 387 1631 1525 2542 4035 2927 1182 1595 766 626 2611 1192 2289 285 2017 1235 3356 4344 4622 4047 4216 2894 1192 3300 425 4885 3521 2757 3669 1900 4381 1295 1892 2941 2988 223 38 3366 1553 3535 2167 3661 944 146 4138 3929 2592 163 2241 1132 4128 2721 3465 3840 3667 457 2955 2440 3529 2644 4097 662 876 4893 1355 1674 4611 4803 589 4745 61 3072 3093 2781 2010 774 931 3119 3623 546 461 3682 3972 4911 4011
2596 2097 2752 3751 448 2138 1921 498 567 3878 2928 56 2008 4760 694 315 2791 4151 1008 4827 405 2040 3781 4506 726 3487 2072 1392 4574 2719 3751 1928 3089 1874 3704 4322 3329 3782 4349 3070 1263 2738 1989 1068 631 2371 1624 550 4357 4032 590 2234 1380 281 4085 1071 622 3975 2977 3735 2890 4542 3088 1062 2355 749 4966 2392 4576 2434 315 579 4796 2044 1802 2538 4142 797 2841 2673 1243 1889 4567 1978 4072 2855 1350 2171 1539 932 2589 2016 714 103 1182 1265 2497 2849 3791 4239 1501 4287 1825 1869 3040 4701 4144 15 2398 4818 1529 998 1205 1889 658 4144 4159 1401 4870 2226 390 1554 1921 478 868 2209 4321 693 2398 4107 4231 3474 471 57 1892 3023 2931 2614 2932 1701 4922 4578 4981 3704 4231 3025 3057 2276 93 3465
4716 3369 4694 4494 121 4765 950 3017 2698 4245 473 2949 726 832 4753 1950 2285 1102 121 2036 749 3781 2198 3150 4517 1276 384 1140 3904 413 4016 4833 837 3315 2902 1589 4128 3650 3263 1206 2506 888 4236 1152 631 3146 1643 3538 4648 3231 3322 1505 4191 2343 2291 3571 2672 2168 4948 4941 4395 4302 2747 154 3190 701 1326 4268 1948 455 959 1766 504 2527 923 2139 1786 662 4072 4533 4074 4395 680 2125 2158 1533 3743 2675 1318 1689 740 3866 4862 3092 582 1128 4074 3949 52 4445 3683 170 3880 3254 4921 3655 370 4700 3416 1926 2024 4387 325 4715 4584 4990 1022 3904 363 2095 4678 3798 2024 4812 1247 2954 4287 957 1221 4708 2238 1693 1442 192 4822 1528 1683 3600 230 2157 1440 4626 1068 4059 4069 3599 4999 2356 4530 3169
1202 80 4761 2868 72 2454 3161 4693 1739 714 3720 2626 2648 4649 2487 1516 757 2049 2433 282 2793 4506 3150 2970 4715 367 185 2269 2328 3168 1441 1525 4559 3878 3398 2780 2492 2323 2391 3098 1262 637 1955 798 477 3130 3259 630 641 1526 56 1498 4322 4299 2659 3956 350 2196 4223 4718 2031 4203 2925 403 4529 3343 914 3741 605 686 3981 2841 908 1336 86 4371 2922 3164 3112 2999 496 3402 1574 687 1156 4106 3385 926 4146 1302 4736 1614 1466 1968 1043 2199 785 1983 4030 4775 937 1639 4538 3387 1695 4598 1930 4214 1916 2075 2884 4751 4073 3508 909 1816 1443 2651 1397 3606 3243 3995 494 4580 1117 1096 3867 2187 79 3445 193 725 3277 3866 4817 3329 4162 233 4719 1732 4901 1062 4535 226 4221 4683 933 527 1539 3943
139 210 2796 2584 2609 2341 2698 1072 663 3000 4998 1591 56 2671 1999 2900 2823 1212 3048 1306 2630 726 4517 4715 4165 69 1578 1871 3687 2807 3511 4589 904 815 3470 4401 2425 119 3345 2950 1858 1465 135 1568 1664 4731 852 3372 3841 2425 1674 2173 410 923 4794 673 2036 372 360 446 1588 4680 3733 116 498 631 2684 1135 3230 3215 3696 2689 4795 639 1726 1559 797 4253 184 4151 3775 1539 531 3318 1365 840 816 4454 4143 96 814 4192 3324 4373 225 1163 4856 190 3212 4482 486 2930 3807 857 4753 2794 799 3051 593 1437 531 4389 3009 4648 4614 2590 4622 623 3155 800 3424 4630 4890 326 1044 2450 2870 3815 3978 2784 1866 4839 4661 2592 676 3666 273 2211 3269 4589 2638 2670 4272 211 310 2618 2543 1288 228 3383
3803 3184 3806 819 3134 1743 4666 2738 1263 4624 2000 707 143 3580 2048 4066 733 3456 1912 945 228 3487 1276 367 69 555 4539 2609 2476 4728 1780 4397 109 3692 4697 1487 852 2703 758 4677 3454 2080 1041 4878 3633 1537 3661 1730 2918 2183 3306 2445 2340 386 1653 1298 3110 2735 992 1753 2087 1975 303 3703 2165 2129 3778 3567 265 981 3642 2601 4263 2593 2786 2474 1476 4968 2854 1039 3845 469 1266 3243 4091 693 1819 1219 1183 1651 1259 3941 1593 2517 3966 1741 1785 898 4028 4336 4842 4313 4515 2963 3643 4227 4858 4482 199 543 1388 2162 3187 2862 4690 2857 4835 546 4624 3636 346 864 4566 603 87 3184 806 4538 3341 1770 2043 4196 2699 1033 1930 2469 2502 235 1579 765 4759 2521 1717 4589 971 3017 3773 4203 1093 4312
1354 622 3592 1097 1570 4927 4021 3966 2399 1215 3042 19 1594 2616 3084 3025 3138 1379 28 686 2166 2072 384 185 1578 4539 4895 1454 2011 2342 2240 2120 1565 2565 4976 4533 4163 3877 4209 1374 4164 2477 4354 4647 386 2633 3075 2504 4840 4162 4803 1852 4135 3738 178 4818 3335 4795 1059 3813 1131 2152 3913 963 4682 1184 51 87 3842 1260 4083 4305 3283 1955 1006 3930 789 2217 2437 2705 474 4356 3503 1164 1773 587 573 3669 114 1666 4701 1391 1212 2091 4742 2598 903 3417 4592 3432 3641 2752 2007 3030 827 3450 861 3479 439 190 845 4769 988 4437 475 1691 2956 2438 3645 2632 4275 4466 1137 1091 1544 4593 1772 2579 4195 2971 3975 1613 1317 2770 1438 3399 1839 673 1526 858 94 2148 1358 4677 2810 4653 4408 1899 53 1769
4137 288 2174 491 2256 2138 3794 111 799 2248 666 1705 3984 1351 151 1492 2927 4223 2621 1796 3533 1392 1140 2269 1871 2609 1454 4721 836 3333 580 343 823 2440 2754 4468 1137 815 1215 3422 329 4184 888 1612 3467 4536 284 4183 366 3841 4848 4791 330 1175 4978 2224 1488 638 3674 3893 123 3671 310 4181 407 1175 3332 4004 3759 4837 3531 3546 956 3389 437 3870 4341 2406 2280 309 2546 1881 2401 284 2589 2093 4116 3631 3433 3666 4471 2726 320 2918 2143 2825 3317 3067 1060 2457 467 597 3331 3523 4843 4813 970 1845 4664 4720 142 2894 118 2559 981 122 2197 2624 3943 2782 19 4750 53 1196 1373 2813 1364 817 347 2850 383 703 2356 1629 3046 3461 812 2399 4006 3213 1903 3573 1353 3443 3123 883 1880 1698 386 778
835 3418 4735 2075 3876 376 3751 4785 1777 1494 1494 1710 2853 1557 2259 216 1528 1597 2791 3014 929 4574 3904 2328 3687 2476 2011 836 2392 413 4917 153 134 2507 2056 1083 2113 436 3824 553 2205 1090 2702 3052 3051 1600 3660 2968 4581 1685 2380 2840 1200 3302 3962 3840 1185 3407 2171 133 2814 4726 4662 1733 4196 4604 3505 4614 857 947 4197 4788 3671 2102 1801 4198 4337 4515 4465 4958 3116 2986 2180 3164 476 4384 4068 4746 323 3859 3617 3346 3671 303 2229 1000 3176 1551 2772 2734 2622 3668 1426 2111 2554 908 2466 2175 1176 772 4311 3131 4338 2378 3704 1791 1686 2830 1699 1131 2702 1285 1697 4652 3728 1870 4566 3204 2792 2607 2287 1525 2028 3938 4045 1600 4341 2343 697 3805 4503 1156 4416 790 1852 3931 4648 4262 920 3611
4381 4423 2756 1472 3141 3874 4263 2878 2683 4895 2489 184 3037 4162 1854 3003 617 3520 244 2660 3019 2719 413 3168 2807 4728 2342 3333 413 4969 1524 2046 98 2593 4056 1833 4875 3985 309 2661 2037 776 684 936 2338 4619 4283 207 4765 143 4544 601 1681 3412 3463 4860 2918 4748 3630 4543 3586 1647 1178 452 1440 3850 1297 2968 4690 213 1045 2430 283 316 4809 4338 4225 2420 4402 1460 695 1780 4393 1153 4985 2023 1126 82 1647 4634 2275 1315 4511 2294 1779 1949 1959 2184 513 159 30 2540 4493 1289 4791 2384 1990 3888 4311 4582 1354 4514 1533 2694 3623 2162 3129 821 3422 2642 1881 928 4347 3599 376 4630 4523 3153 3586 2705 3576 1195 1121 3936 1483 2390 3519 727 1165 680 4729 1273 2584 2264 3331 1296 1295 3572 4940 4604
3605 1884 520 751 1240 2751 4694 295 4029 3522 2133 3031 966 341 521 1967 3610 3716 3444 1380 1765 3751 4016 1441 3511 1780 2240 580 4917 1524 4816 4779 281 1966 2875 1831 4925 1537 1046 2112 32 2182 370 3950 3284 3570 2682 4449 3496 4257 4264 1880 1215 722 231 4597 2391 4080 2305 2843 4954 4734 3140 2427 4352 37 2651 3288 3875 798 4987 2069 960 1667 3205 298 3298 4173 4099 4467 3141 18 3257 434 1615 2916 2931 3525 4332 1324 2887 159 4349 350 4473 1409 4444 2137 1811 2829 4584 1494 2084 3223 3775 4796 4384 1439 3304 3030 2689 1061 2262 2572 696 4854 1993 2137 2733 1254 874 3850 1922 1667 4262 3953 625 2380 1197 2556 3678 4125 721 2037 759 4215 332 4982 4721 1710 3437 235 148 4532 3051 4189 2929 4276 307 4827
408 4695 3243 1012 1110 3449 728 2473 526 293 1283 2220 1855 119 2092 4648 2840 1585 3318 3422 3582 1928 4833 1525 4589 4397 2120 343 153 2046 4779 1246 1335 1997 1647 4276 4600 1995 2149 1242 2953 159 2307 2566 4356 3161 4166 4035 2690 2450 168 2105 1593 2750 712 1183 2180 2189 431 2984 4302 4097 436 687 4419 440 1343 1506 439 3733 3087 2323 1522 4370 3381 3211 4733 3087 3700 286 2172 4159 1474 430 1840 2814 56 2878 3332 1628 458 2106 2580 582 1438 4649 4349 4649 2486 2091 726 904 3108 4201 1777 2937 4087 4433 2075 4076 560 3419 283 2106 2162 3608 4118 730 4416 1658 2450 3759 4039 1630 2156 622 689 904 4306 915 3127 1001 4952 3485 2330 4727 1228 4475 1436 4459 259 4477 1286 3891 4040 714 327 916 4890 177
2019 745 590 4068 2424 2305 970 4325 3337 4374 3404 3139 3125 3667 1946 2783 1617 2173 4275 1439 2073 3089 837 4559 904 109 1565 823 134 98 281 1335 4723 3632 609 1506 1615 3731 4399 4902 3551 93 770 387 1928 4920 1814 2302 471 3026 3400 647 2453 1969 2839 1262 3149 1718 3587 729 2810 1355 360 372 1322 1627 3911 3425 3863 2946 4268 4577 3350 1905 3860 95 1452 2802 459 1566 1408 3996 2949 851 4508 2817 288 2283 148 2416 167 1939 1563 2972 336 2247 2391 4777 3583 4034 1002 2910 4116 3245 302 170 227 1035 2259 1654 1162 2335 4368 4711 3537 3021 1085 4249 2840 4894 369 2921 4496 1436 3932 1260 821 2022 3300 258 4929 1671 16 162 745 3193 399 4194 3734 4058 3860 491 1118 4239 1601 1828 3541 2436 3664 1471
2832 3883 2789 1016 4719 3584 1889 4776 4743 1237 1822 4933 782 4057 3260 2210 3066 2044 1820 3311 3571 1874 3315 3878 815 3692 2565 2440 2507 2593 1966 1997 3632 3831 3390 333 3757 1415 4602 2895 2676 4318 2038 2142 1871 2723 3717 342 2911 186 1992 4771 4342 3109 2306 2555 2796 952 3581 1266 2242 3080 4423 4064 1376 255 3413 1024 1125 2217 3078 676 2491 4434 3701 2456 1687 2708 1715 1570 4308 2343 3065 177 4577 4604 1349 2553 2317 4316 516 1965 3541 2052 3492 3900 1243 3952 2448 1034 3983 2110 1207 2216 1284 4851 4043 2233 1769 860 1778 73 1006 4456 735 3175 4343 3641 4374 4131 2977 4114 1195 194 435 1493 4155 1175 3462 1670 3552 1925 1139 1765 2023 4590 1246 2705 3271 2098 2312 4219 390 2159 3174 4646 2572 2058 3418 4250
2141 2454 688 4375 2661 519 3977 4623 605 2977 3586 1453 259 1758 1719 4450 1789 1802 393 4106 3122 3704 2902 3398 3470 4697 4976 2754 2056 4056 2875 1647 609 3390 4836 775 1447 4684 4206 1456 138 4524 509 429 4383 1175 4868 2141 3625 3291 4016 2980 3806 4291 3292 757 4110 3864 2862 2115 2979 483 1230 3419 3694 4514 2629 1477 4636 246 544 3666 2020 2501 279 1786 1042 3577 2369 3903 573 3451 3201 3602 1681 719 1242 2506 3572 2592 4090 4077 4615 189 4656 688 1964 4379 2246 975 3473 2840 520 3758 2638 2025 2871 4986 2743 1655 2767 1851 1566 135 4149 2388 4208 228 2189 2048 1932 1742 1873 1684 2251 3984 3275 24 4618 3724 2544 4783 3412 2453 323 2645 4130 2646 4593 1093 1144 4060 2170 3980 2048 613 2995 2982 3660 2044
1990 2632 244 3730 3349 2170 1258 3548 3599 3985 4339 2570 3300 4147 3835 4312 1260 931 4768 3062 3290 4322 1589 2780 4401 1487 4533 4468 1083 1833 1831 4276 1506 333 775 3787 910 4207 971 1232 2969 4958 4903 4749 3919 3197 1093 567 2456 4864 2546 4843 1225 4079 1805 3666 585 457 3699 3632 100 4561 4726 2057 125 1143 4464 1418 4536 4451 2553 4259 1053 842 1175 1600 4457 1889 3840 3380 1902 109 2962 17 2459 2809 4949 2976 4906 4964 292 2991 3611 4022 2276 2062 1353 683 2415 2381 2484 4899 159 2593 1143 3193 893 3472 1951 3115 2589 2507 917 2073 2394 4456 670 4033 324 1603 2146 3499 2765 3968 1990 1565 1133 2108 1018 344 3621 4649 1535 1461 4220 1686 242 2709 145 2157 4476 279 3633 2645 2982 2441 1692 2092 3405 4319
4644 2498 1424 2102 1073 4730 4481 3516 1415 1190 247 3112 2852 2156 3441 2300 3425 3846 4131 268 2147 3329 4128 2492 2425 852 4163 1137 2113 4875 4925 4600 1615 3757 1447 910 4814 841 1323 2863 2620 3592 2963 4669 4834 2206 262 1812 4840 4465 4798 3149 730 4145 2859 3813 1489 1372 2225 71 2191 919 1484 1496 3285 4465 3870 2852 3772 4927 1092 4348 1547 819 1063 4915 1688 317 2890 850 3068 96 3543 4805 4063 4668 2095 2816 1854 4021 1706 3667 19 4051 1503 695 624 541 4320 935 4104 2517 1731 4474 4922 403 1975 1756 619 2159 2024 2348 517 1797 4469 385 4372 1441 1075 4717 1179 716 1101 670 1556 482 2102 589 4767 2964 1323 1489 2564 3500 1590 464 3762 3520 833 4003 1956 897 1064 1539 563 1541 4936 247 2767 4955
4041 2611 402 4326 4173 205 4162 544 2808 979 2248 785 341 1066 3666 4728 3558 4099 2172 4252 2744 3782 3650 2323 119 2703 3877 815 436 3985 1537 1995 3731 1415 4684 4207 841 3049 4876 2485 1386 2702 771 4408 2339 4963 4544 455 3669 2062 366 648 780 608 4738 1313 2261 216 255 2103 4058 60 3550 1984 1875 1729 3681 4492 534 1574 1725 2943 2934 1871 2500 1907 1876 4023 2930 1447 22 686 4925 2309 334 933 4156 4324 3618 4007 4233 175 1054 570 931 1859 2327 315 2758 3957 2040 1852 4593 722 4313 4128 4569 4913 1874 1471 1145 4928 3177 3667 720 4955 2503 1012 2531 1891 3645 3423 935 428 555 1016 4115 1577 3941 2064 1333 1637 3767 4908 4832 426 4611 408 1328 4325 3141 2645 4311 3776 4802 1467 4475 1732 2789 4717
1428 3737 3689 625 4895 28 3789 852 4044 1085 3415 3843 2545 899 3489 753 2201 1421 2890 1812 1172 4349 3263 2391 3345 758 4209 1215 3824 309 1046 2149 4399 4602 4206 971 1323 4876 2178 1494 135 3210 614 887 4406 1951 3345 4540 2703 2131 550 172 4317 4615 4057 339 1148 267 1467 2856 3659 1865 882 3281 2404 1175 4980 1798 2862 388 2752 2502 1899 1219 1334 3822 2813 3971 384 101 2187 3834 3455 3481 4770 1246 3226 55 1577 966 2967 1201 3466 1823 4458 2525 3144 2731 1759 1715 3759 3993 3456 2554 844 1518 1150 2170 3108 2923 4371 2573 2400 3135 4616 2279 4476 2301 2207 138 3845 4451 2395 826 2089 2864 4445 385 1214 1720 3846 1872 2790 223 2418 817 4676 2285 3853 3633 4762 2982 1282 1356 114 2074 3428 3114 4903 1943
690 1143 2319 3743 2482 3329 1754 3994 1896 4652 1009 12 2579 4675 4801 3633 826 2555 2383 4714 658 3070 1206 3098 2950 4677 1374 3422 553 2661 2112 1242 4902 2895 1456 1232 2863 2485 1494 1187 1244 1268 2703 569 3399 3660 2436 806 2966 260 4558 1014 1787 1769 206 1235 3812 3631 2242 2845 169 2852 2454 3718 307 3051 2064 2999 4726 2535 2302 1597 2091 4071 3368 3238 4879 3822 3828 4963 1976 4416 3101 4213 3076 4506 1145 1646 2132 1585 4941 4082 2791 2208 770 4982 575 682 3953 3653 498 1593 2924 2950 792 2947 2838 3710 1495 890 4262 2589 2275 3119 2431 2544 1284 1349 583 674 729 3854 350 3803 1481 2124 3164 1493 1398 632 3286 4558 4985 2255 1203 3682 146 3021 4519 2430 4276 1378 1021 671 2992 1468 4930 4995 4002 4675
438 1823 1741 2001 2960 1754 2559 4913 2775 1058 4308 3664 2779 166 4933 4142 1278 3966 912 1395 4554 1263 2506 1262 1858 3454 4164 329 2205 2037 32 2953 3551 2676 138 2969 2620 1386 135 1244 3073 1875 589 557 2309 606 3615 2212 896 3211 3369 4624 3378 1363 972 170 4019 4367 2731 93 1282 2697 1965 3767 1994 4174 2501 1393 3556 1580 1564 4817 3128 553 3957 1332 4207 1421 4290 715 212 4030 4370 3350 4090 1533 2601 2684 3434 3869 4655 634 1130 3807 302 4937 2940 652 3401 827 4544 3230 905 186 3828 394 3065 4359 1283 836 3580 4240 525 1364 4757 180 4136 1476 1575 2196 4465 200 2696 4481 3552 266 376 2860 4785 3674 158 4980 465 1599 3950 1212 3979 811 4466 2031 593 4273 1958 692 2515 578 4307 847 3730 3033
265 4316 278 661 2823 2673 3114 4067 3856 987 3496 877 2998 2803 20 1787 94 2487 343 3268 4726 2738 888 637 1465 2080 2477 4184 1090 776 2182 159 93 4318 4524 4958 3592 2702 3210 1268 1875 4149 2503 222 1895 4108 127 4542 2804 1276 316 4479 153 2633 1436 2934 3060 4984 3690 3453 3054 4092 4131 181 1231 2476 513 1559 2085 4242 3816 1043 2414 2901 1358 1930 922 1626 803 4375 4067 3807 4123 1210 1990 347 4933 1583 4285 1705 1152 2178 4010 1550 4501 922 1311 3752 3523 4835 3398 17 1166 525 2703 4710 2307 950 3349 3230 2280 3944 4131 4949 620 4098 968 4442 3507 1410 2095 2638 4878 4248 893 1219 1949 4894 2006 2641 633 767 2845 3999 2322 3108 2487 1795 625 3134 942 3100 1741 3144 186 914 1552 488 3311 4887
4223 2610 1360 984 1979 3718 415 3513 3443 2088 4660 580 2751 137 977 4934 527 963 1044 2649 3959 1989 4236 1955 135 1041 4354 888 2702 684 370 2307 770 2038 509 4903 2963 771 614 2703 589 2503 4747 1239 3698 3052 829 854 4657 4972 4454 1187 4470 436 2067 3434 4087 3725 594 3876 897 2289 1788 4035 790 4773 1719 3436 4883 4920 1917 2579 329 3517 4536 2787 4283 2481 3380 3766 3228 1853 4907 2781 2132 3306 2368 3169 3611 3967 4158 2455 4774 1545 1462 3146 892 1628 567 2577 1476 2723 3538 3465 1846 3938 549 2785 3836 2291 2612 183 4086 4998 1174 3696 1871 640 129 4985 1057 4433 374 675 2061 349 4411 1238 2662 803 4736 1022 4480 4852 967 1660 1497 2931 3274 2595 862 4775 4389 4458 1152 436 2963 469 2011 2570
2827 753 4350 3513 574 899 307 2069 918 3633 432 4681 2202 2905 372 2794 1565 1801 3735 3725 4133 1068 1152 798 1568 4878 4647 1612 3052 936 3950 2566 387 2142 429 4749 4669 4408 887 569 557 222 1239 2018 805 2427 286 3529 154 4327 4883 3932 4548 4088 4049 189 1508 2357 4270 2074 2936 2616 1889 22 3169 4473 4214 2327 2157 4751 1184 4501 13 2572 2713 2015 3693 501 711 3801 4404 1224 3906 3815 587 894 1152 3501 492 3051 2716 2654 1348 456 3156 2629 853 2753 2217 3692 2642 3312 3402 3047 986 4160 1522 964 1085 1616 1447 1519 3911 455 4441 1711 2413 703 3718 4609 778 4984 4713 1024 2937 1951 4488 2435 1262 2231 75 3590 4606 4117 1069 4806 442 85 231 4183 1022 23 3463 721 1338 2094 1040 3553 4896 2066
1639 374 2296 2517 4268 2003 20 173 2227 1239 2023 3513 3546 858 800 2174 3846 39 172 2935 1629 631 631 477 1664 3633 386 3467 3051 2338 3284 4356 1928 1871 4383 3919 4834 2339 4406 3399 2309 1895 3698 805 1711 1974 3804 4696 4610 4258 1636 69 1148 3264 4129 1749 4957 3088 3091 1539 2258 412 4283 2781 921 1599 356 4728 3674 237 183 600 2236 3741 3072 587 252 3697 2633 2518 4011 2618 1628 2683 4143 1692 4010 1026 1041 3255 1912 2871 2875 852 3864 4685 2338 2979 3501 696 4052 480 4034 3179 2911 1944 2762 1468 4332 1665 4184 1491 3646 1021 3568 588 2613 782 4293 3703 1833 4892 4598 4594 3757 3274 1415 2942 1803 1287 3342 1719 92 2403 929 2617 689 1538 737 2277 4538 555 2868 3102 3931 1455 2654 2003 2699 920
2412 1779 1369 2243 4337 3365 3137 3647 4091 4720 2578 4378 1896 1229 4314 4308 2960 4781 103 4891 3551 2371 3146 3130 4731 1537 2633 4536 1600 4619 3570 3161 4920 2723 1175 3197 2206 4963 1951 3660 606 4108 3052 2427 1974 1745 2004 1981 365 1385 4088 369 4691 4080 660 1077 2207 1285 1271 802 4943 3589 4722 1912 2269 1968 1264 2129 4492 1914 2441 2297 4487 3237 824 2807 3051 2699 3761 3366 1180 3261 3239 2630 3912 2379 865 2548 1880 4292 4196 982 2658 853 4899 3906 2353 3540 646 1101 2315 2426 4589 3150 2694 282 2996 1589 764 1326 1270 4166 2609 2760 4995 3759 584 4287 830 41 428 1040 1410 126 3866 2718 786 2287 3548 1633 4348 803 4989 4429 2215 69 1460 1019 4364 2968 3141 1008 2076 4656 4260 935 1738 519 2915 1408
1158 3982 1650 3476 4364 2492 1536 2739 2481 1362 1085 4792 2422 632 3834 634 2269 297 3537 2192 3724 1624 1643 3259 852 3661 3075 284 3660 4283 2682 4166 1814 3717 4868 1093 262 4544 3345 2436 3615 127 829 286 3804 2004 4579 624 2990 487 4886 3039 3331 783 2422 533 2683 4511 714 3724 3572 676 552 3243 1874 797 3128 3859 1506 3663 1208 1115 1749 3297 2710 1230 3275 2817 2649 4726 2341 2572 1669 4704 641 181 3856 940 3083 519 1115 2176 2315 2850 2166 746 4166 3412 2859 4688 795 1420 3667 2501 4274 658 1111 3389 3422 3763 4004 2097 1078 2209 1215 4462 3166 3116 510 2644 1868 2953 1833 4817 4632 1833 3569 2924 469 4956 217 370 2293 4611 3356 3226 1550 3811 442 1659 3909 2266 4290 3385 3950 1192 4790 1440 1522 2482
1799 12 2625 355 3924 496 2801 893 3789 2051 591 895 844 527 4692 4222 2353 3096 1954 2803 71 550 3538 630 3372 1730 2504 4183 2968 207 4449 4035 2302 342 2141 567 1812 455 4540 806 2212 4542 854 3529 4696 1981 624 2531 114 17 68 4560 525 778 1132 3429 1616 3072 3840 812 557 2843 135 3119 2260 2910 2168 86 28 3719 382 1788 1616 1014 3095 1680 440 1943 2482 2108 2564 3189 2615 4876 525 4202 870 4763 2532 4711 4271 924 2897 4256 3649 1510 4157 4679 4655 1531 1084 4595 2745 1338 1761 46 71 3991 4399 65 4218 608 196 2617 406 3775 4453 1458 3070 4134 2902 1309 1919 570 3320 3147 944 2568 769 4618 642 2489 3178 2518 3392 4680 1215 304 381 4110 1158 3005 2286 2352 1201 3721 4230 1118 1897 165
4078 1127 123 596 2038 3885 4441 703 1253 1312 925 1903 3867 3744 3041 3185 4230 580 2805 4485 1790 4357 4648 641 3841 2918 4840 366 4581 4765 3496 2690 471 2911 3625 2456 4840 3669 2703 2966 896 2804 4657 154 4610 365 2990 114 1103 1948 3356 4411 1739 3356 4184 3778 2718 4541 1223 4624 4604 37 4674 731 4962 258 446 3797 3482 3206 3848 4111 3635 4049 2504 136 4074 380 4163 741 335 821 259 514 401 2207 618 51 70 3139 4036 727 1856 1010 2390 2090 165 1323 666 4381 459 1553 2090 4343 4885 4506 1254 1165 3287 800 964 3182 3504 1588 2579 1023 2218 1755 4808 2766 4910 1689 139 456 4871 1440 3128 1612 327 3267 3328 263 4236 363 1748 4072 577 2355 2852 4612 3220 4028 2970 1402 1652 3864 2592 3571 4579 1914
147 3726 1107 1486 2644 2001 4071 4860 815 353 2315 1045 2104 4413 1247 2830 3813 4413 2603 2189 4351 4032 3231 1526 2425 2183 4162 3841 1685 143 4257 2450 3026 186 3291 4864 4465 2062 2131 260 3211 1276 4972 4327 4258 1385 487 17 1948 2882 4870 1256 90 1999 3333 2968 2799 3681 3618 3486 2203 1254 710 1012 2700 4800 2752 2534 3273 4502 870 1440 2014 35 222 1079 4459 2287 3807 619 1349 262 3383 479 4182 1418 497 3858 2199 1602 3426 1880 920 1671 1413 689 2232 2464 4229 4813 2286 4403 802 4663 700 3373 565 2385 2227 2903 3805 2576 4835 3374 1621 1456 3716 4575 1008 4417 1708 3707 3981 616 2445 2585 2826 2954 4149 2720 3404 1303 3583 4068 3805 1793 1284 3005 3780 3648 2009 1610 2531 179 2071 3842 4139 1937 3576 2005
3726 4673 2470 3631 4717 203 472 1314 4448 3320 256 2718 4778 4306 1644 3553 4402 1330 1368 987 2880 590 3322 56 1674 3306 4803 4848 2380 4544 4264 168 3400 1992 4016 2546 4798 366 550 4558 3369 316 4454 4883 1636 4088 4886 68 3356 4870 2863 1770 2337 4185 3812 4462 1935 4083 650 839 220 4287 4918 3923 4845 4625 811 4794 150 4377 1931 4478 3165 15 3012 1107 319 3740 3685 2870 3422 4832 3122 1487 679 4085 1451 854 1693 3947 4326 2216 3016 1165 1754 2052 616 197 445 4008 3574 1517 313 3837 2822 1001 4643 418 1721 3979 4390 4760 2897 2806 616 4216 1456 4638 2706 3066 3210 1582 3897 3529 654 651 4672 3384 120 451 4440 3115 2496 1334 1081 800 523 3307 1433 3720 1141 2116 184 836 1038 3270 1777 4371 4848 1485
3556 3982 2052 1570 658 3945 4049 1273 4575 2192 4509 205 1032 3526 1779 3187 1793 1906 2827 1628 4837 2234 1505 1498 2173 2445 1852 4791 2840 601 1880 2105 647 4771 2980 4843 3149 648 172 1014 4624 4479 1187 3932 69 369 3039 4560 4411 1256 1770 1968 2183 2904 278 2448 928 2108 4361 3537 4553 79 2687 4535 3181 4625 1719 2996 1210 4510 535 4641 613 477 1776 2892 2858 1849 3335 980 2906 4160 2951 50 1168 1194 3216 1613 3179 4290 3106 4326 1779 4069 3045 1182 640 1315 1104 293 4241 2608 4845 3075 4120 4404 1927 4678 4064 4671 229 4940 3343 3123 2451 635 1202 3406 1830 2455 2496 2419 3482 335 4447 1069 963 4636 4785 2318 509 2151 2002 1384 1148 236 1891 3799 1118 1329 4668 3621 1549 3552 1774 4870 851 655 366 1234
2414 1042 4909 4247 3236 691 2477 210 2105 4825 1515 3916 1721 2099 2010 3952 4702 2981 4995 3570 257 1380 4191 4322 410 2340 4135 330 1200 1681 1215 1593 2453 4342 3806 1225 730 780 4317 1787 3378 153 4470 4548 1148 4691 3331 525 1739 90 2337 2183 832 1994 2087 1302 3032 4650 3236 1632 305 4940 2275 1518 4364 181 524 2701 1463 1892 4494 288 1401 119 1933 186 3132 3702 1440 2476 311 3948 4615 1786 1054 4346 3088 4493 3371 2783 1027 171 4351 3643 4365 1303 222 114 3056 1327 851 659 4698 2099 1405 4975 4130 4164 214 686 1169 1393 1322 3238 1122 2295 2515 966 848 4993 4770 4450 4124 4533 4487 3021 3812 754 4271 4725 4178 2097 4516 1635 2786 3475 4221 3459 2158 4794 982 4492 1700 4496 2793 3447 4287 924 4392 1012
834 674 68 4875 1891 4766 420 2108 4211 346 1535 4481 1346 2172 4978 993 901 2199 688 1574 4330 281 2343 4299 923 386 3738 1175 3302 3412 722 2750 1969 3109 4291 4079 4145 608 4615 1769 1363 2633 436 4088 3264 4080 783 778 3356 1999 4185 2904 1994 780 2719 43 1087 3445 1057 1264 701 13 1305 2057 496 988 4699 150 4740 877 2220 766 1837 4728 1341 1757 54 1863 1491 521 1249 4996 3039 3368 1634 3855 1870 1950 2712 2020 1734 4490 3691 1883 268 448 2232 59 1102 1319 2891 1282 3923 92 990 681 105 2320 605 563 1756 4435 75 958 1559 3736 3735 1512 3617 855 855 506 2432 2304 2674 2524 308 3017 1240 4479 3447 1141 210 4582 2635 4070 4367 529 1399 2774 910 1524 2679 3119 2533 403 2011 3347 1037 4592
482 765 2645 2918 994 2142 2481 3409 1149 1061 35 32 1840 1548 2189 3957 1504 3042 2652 3355 1216 4085 2291 2659 4794 1653 178 4978 3962 3463 231 712 2839 2306 3292 1805 2859 4738 4057 206 972 1436 2067 4049 4129 660 2422 1132 4184 3333 3812 278 2087 2719 4001 1895 130 4694 4860 2943 4431 947 1057 1915 1162 570 2954 2253 4969 3460 3553 4815 515 1883 3128 3405 1399 3350 3670 507 2456 2411 156 2176 3750 3395 112 2302 4484 3711 3862 4091 84 235 4507 4994 3381 1192 4363 516 4113 1456 4951 4641 4544 4340 3117 4419 3346 1461 874 4287 2178 1480 4053 215 3023 3787 1157 4218 2856 4032 2678 187 1155 3710 2057 3000 4022 156 4021 4461 2954 3736 1186 4858 2146 185 4046 2080 4648 834 4712 3489 55 4251 4296 1409 4374 1130
