N: 160
M: 32
Symmetric: true
Triangle: false
2 125 71
6 96 59 115 38 37 24
4 151 12 97 106
7 51 90 119 154 94 89 70
3 124 103 127
10 15 32 148 158 86 121 130 83 9 72
3 75 26 160
9 43 138 42 61 113 122 110 156 123
2 111 27
4 16 91 30 36
3 108 146 22
7 80 153 13 112 145 139 20
3 100 147 99
4 60 155 114 132
3 92 33 85
3 101 93 141
5 144 1 4 74 105
3 134 136 19
4 46 63 118 66
6 82 109 77 64 68 25
4 128 104 49 28
5 143 29 62 126 57
7 84 129 6 10 5 39 35
7 48 44 53 131 102 137 79
7 3 152 69 14 87 56 8
6 31 2 98 54 117 157
4 76 149 34 150
4 65 81 116 23
7 40 73 120 58 55 88 95
5 135 67 17 18 159
6 47 11 142 50 45 140
7 21 78 107 52 7 133 41
3258 3110 130 3030 1173 2128 3861 1899 3513 2486 47 4442 2313 4509 303 1545 727 1452 2728 4374 4649 3862 3494 4927 2771 682 1801 2005 4425 658 3804 1494 3503 3116 3907 569 1812 1579 3900 4648 2586 4926 2214 2543 13 3688 4060 223 513 291 1546 301 841 975 3979 2674 183 2613 3994 1785 770 1291 2087 1728 477 4053 164 4041 486 2305 3875 2276 710 4682 1340 4142 1232 3655 2461 3927 3752 4402 4682 2811 4447 4398 2741 1755 3537 527 4713 2331 631 974 1353 1121 444 4059 4908 3750 2248 87 1097 3336 2300 1502 4000 3086 762 1234 4428 614 940 3911 238 4496 129 201 1584 3104 289 1619 715 1298 4004 3366 3381 1315 1041 1525 788 3542 4523 3016 1791 1444 766 987 1007 1012 4584 2625 1948 896 2696 208 2336 1279 3487 2370 4484 3230 3473 4198 2341 770 2166 4222 3951 3817
3110 1977 825 2955 1640 3243 4173 4953 3124 3966 879 1572 2528 4060 3646 1577 3563 448 2799 3714 4579 1140 2336 652 214 4165 4667 1703 4683 2550 2539 4503 514 636 3023 4473 4932 3379 800 742 1369 1883 4520 954 2424 4597 4041 378 3073 3198 4377 3053 20 1132 4366 988 3668 4691 2796 1590 4196 465 699 3742 3160 1565 2138 3934 4217 3810 3626 4541 3359 3906 2055 4948 1088 2083 2880 3630 1487 2362 25 2898 305 715 4276 1803 3645 3503 1248 4147 4640 2222 2408 3073 4452 3662 1619 144 103 1190 1358 17 2149 2344 2526 3254 1045 1834 2169 3110 636 285 911 4810 2341 1556 3265 2373 3150 4098 1779 45 256 1102 4246 1361 4938 1349 1258 1520 3822 2049 4271 3757 576 2627 3657 4392 4034 245 2788 1785 556 1373 2807 4787 164 2466 4800 743 271 3000 4557 201 4388 1073 4803 1891
130 825 4083 2318 97 627 3285 1977 2411 4912 2137 3073 3564 1359 539 4792 4668 3294 156 4685 4822 497 1184 2278 3676 2610 1955 212 4223 2905 3263 3543 4412 1512 4204 145 699 4525 2313 4980 3742 229 1559 4586 4457 3762 4766 790 1348 457 4562 1674 4667 900 1954 3352 4102 4540 1638 4550 1585 509 891 12 2741 4799 519 4390 193 2840 466 1126 4420 3335 2453 1342 1782 2783 2710 4837 1493 2230 1263 1916 3399 4346 4993 4947 2359 1848 4286 117 162 3740 282 3473 2824 4344 4041 128 3786 377 923 512 1711 2698 4227 1360 4423 54 170 1503 3966 2000 2396 1973 1254 3523 2184 1488 1927 2239 2149 773 3529 768 453 4910 4540 3416 3232 875 2745 485 1649 477 1824 1030 1285 369 2338 315 471 3468 4840 4009 1548 720 3117 147 4014 2433 4622 179 2151 754 2766 929 3472 2116
3030 2955 2318 3473 730 1218 4672 290 2530 2383 1220 1130 2544 4952 4166 4666 4552 1345 122 1594 1939 4088 1229 1271 3190 2711 4646 1244 1956 2140 4592 1941 3921 1572 396 3773 4731 2579 596 4040 2500 4980 2858 3678 818 1734 194 4033 924 1326 1615 657 2721 1429 2087 714 2140 645 4713 3130 1707 518 3608 3863 4619 4522 2433 1834 3103 2654 2366 707 1981 4672 1896 756 3701 1685 501 520 4568 2993 1504 3783 1092 1425 1267 643 2836 1063 773 850 1065 2319 1685 279 826 1830 865 4977 3181 703 1004 1720 490 4433 1617 527 3060 2547 86 4629 2265 2074 4149 3322 2201 4921 4174 1404 3815 1163 3995 1235 4710 1362 1113 400 3691 107 717 474 1324 4841 97 2163 1299 2343 4051 3384 2438 4808 161 2147 3134 3393 2748 1044 1011 1121 1807 4905 17 3671 4261 3261 2367 1464 3089 1282
1173 1640 97 730 1956 3690 2805 2869 1641 1615 3086 2086 1011 1787 972 3779 1884 1727 2859 2049 570 1127 2230 2441 4336 3320 1047 3794 2425 4855 3212 603 538 865 3709 3534 535 3488 2778 2506 1688 3404 4848 328 3149 1300 2858 2421 2723 1120 2823 2498 220 4901 3439 4366 2884 1344 799 1286 792 286 2338 653 1775 3769 2450 2321 4340 3381 1178 4480 1824 2186 3659 4066 1398 1624 4045 3032 3716 330 2571 2525 2575 943 943 3050 3578 3449 1488 2710 1188 4923 1559 1711 4783 1972 1252 4936 4228 781 4430 2353 4434 3900 939 2503 1462 874 3539 3550 1650 4957 1075 1580 629 3595 1228 4498 4857 1381 4260 2205 3893 3693 1681 1446 2480 1716 1994 4639 465 1889 2768 3151 2677 3658 2313 2859 2818 4843 36 3391 1468 2711 2449 79 4385 3400 1700 3873 114 1147 3359 139 2061 1270 57 2654
2128 3243 627 1218 3690 3304 3436 2147 1566 1900 615 4623 2740 2535 2956 255 3958 3872 2882 226 2391 198 2295 4233 2115 1353 1253 4605 2841 3882 556 2855 4663 1705 3807 4995 3388 1022 906 4037 2486 654 3021 806 1581 650 1814 589 326 1382 2136 337 2702 4934 3053 457 595 4640 3966 4184 208 2951 3132 1226 2246 2076 4296 4205 4258 400 1020 3047 109 2714 2708 4065 2336 3912 2951 1676 599 1244 2723 4776 511 3085 4976 1054 503 1612 1815 2605 888 1588 2467 1105 434 1060 2188 2659 3959 44 3877 3767 3198 846 881 2068 2984 2105 1255 3272 4463 4667 119 503 4002 2862 1324 4813 913 3228 2953 3597 3440 3330 2594 4655 4347 1434 733 632 1790 4063 3715 2022 1111 910 1052 164 1990 760 2463 3598 1148 500 4150 3194 3491 626 1057 2374 439 3041 4475 611 1606 3646 2441 1580
3861 4173 3285 4672 2805 3436 2009 270 4590 1776 3731 1072 654 3637 1182 4071 968 1700 4630 3768 241 1700 4228 2092 4921 2472 3127 2008 4831 2515 1283 4784 482 1183 254 2226 4550 2867 307 927 3212 265 2599 1326 953 950 1634 3151 1597 4706 3372 4430 1618 887 1467 2588 2214 2243 1668 3871 2757 1746 2761 1620 4139 1373 3295 2725 3749 3096 1891 2874 4168 3644 526 1275 3483 3310 1228 3667 2365 1503 4488 2846 1660 2204 2040 2434 2974 1824 2876 205 3277 4167 1409 4943 1879 2997 914 2096 4120 4350 1761 1698 707 3241 3185 456 4492 2162 4547 1737 616 3662 3911 241 4101 879 2125 1670 1230 3764 1397 444 2985 1985 2439 849 4432 2601 1363 3614 4087 38 4446 1760 710 686 2754 1017 1289 4060 4049 1933 2661 1163 314 4208 3467 2672 3440 3323 2955 1682 2748 3964 4755 1244 3417 3958
1899 4953 1977 290 2869 2147 270 1984 3245 2387 2583 777 1674 263 1838 1379 2985 1472 406 1231 1788 3910 4945 2128 3737 1952 4483 789 4664 1170 2551 4409 4893 4741 4282 3284 2057 3288 659 3008 1371 2006 4480 1661 3673 3722 2275 3532 1289 889 1426 1579 3136 1868 3132 2013 1287 3260 3350 1041 2499 223 509 4676 85 1889 4118 3931 3864 239 1590 2740 4794 4868 840 4259 4889 2741 4441 185 1996 1086 3906 3427 950 180 2712 643 4137 3137 704 4963 813 3208 4775 812 872 3089 3467 2746 2937 3444 4079 4639 3700 681 1886 4031 608 594 4104 3691 2208 2641 4446 3038 1916 291 4822 3742 1484 4708 1571 2393 3080 4720 2608 2774 2025 3382 715 3008 1286 3559 11 4914 2423 4484 3095 3936 4808 547 3822 4238 1314 4951 154 4662 3359 1366 25 570 3500 1479 3545 1469 2158 3219 2632 2169
3513 3124 2411 2530 1641 1566 4590 3245 934 1848 2633 353 2300 2312 1909 1751 474 2815 3420 2899 4723 402 1969 311 4330 4938 126 1696 4703 4641 4040 237 3479 254 2984 3687 738 1411 4232 466 2119 1983 2893 3615 3975 4377 1529 747 3880 2972 3544 558 4235 301 2667 3440 40 3901 3264 3715 3702 2665 2800 3457 4253 197 1254 1885 2290 1701 2167 2881 2098 2664 1332 2974 4217 4225 4575 3490 3196 2807 4621 1192 1088 1904 140 678 1078 1856 759 1791 4954 1639 4938 4531 4668 459 1147 4175 3861 1794 3671 3312 1000 2189 1206 4713 125 3711 3881 4569 2514 3356 1620 3106 75 3955 2646 1166 4447 438 794 1092 1996 1608 1112 4842 4196 3708 1594 4852 1772 2484 2130 4145 4405 1787 2043 2183 2079 1073 2317 1186 1717 3424 4733 1481 3082 1316 2375 3614 4493 4288 3172 663 644 2411 4126 4645
2486 3966 4912 2383 1615 1900 1776 2387 1848 4273 1001 2645 3231 1714 611 4566 324 4459 169 773 3996 1976 347 100 1476 2801 1681 2267 4244 232 3968 1685 3838 1860 2703 339 2024 39 936 105 4573 3980 4786 4072 569 3002 973 865 4596 3450 1453 4594 4816 240 566 4779 388 1485 3716 2352 3573 2912 2195 313 3116 3460 1299 4837 3618 4605 4664 336 477 1657 290 2498 1368 3100 4341 4434 1281 1378 3117 4492 2593 3469 2927 3019 3530 366 2974 3873 1799 638 1439 3716 676 1202 2125 1575 959 179 457 1971 4360 3404 1185 2179 837 3506 1948 3377 4172 1475 925 4743 3796 3451 808 1829 4019 1594 3858 1023 4723 4466 1886 3798 2894 305 3157 4208 4749 266 2369 4437 4774 2039 2198 1598 4477 1686 2148 1828 1154 84 4310 665 4108 2226 2829 2104 2597 4527 386 4871 1735 609 4712 1663
47 879 2137 1220 3086 615 3731 2583 2633 1001 368 1572 2516 4641 2615 56 2907 488 1883 4493 1507 4166 4795 347 4672 4415 3498 3685 1094 2033 314 2198 3808 3801 1422 2307 3986 4536 1645 3898 3102 3453 634 2550 2084 1581 3312 3109 2819 3082 1147 27 4234 2555 4024 1294 494 1722 4225 629 2278 4370 369 3888 4577 2121 2623 3150 4805 368 2102 3397 3979 686 2662 2751 639 2000 4494 1126 307 3027 2044 3355 3558 1861 1682 3678 3880 3342 4671 4076 4282 4883 3457 109 4116 2627 584 2198 1994 2530 2464 3396 2422 168 976 2134 2823 497 3261 3114 206 936 3269 3267 1414 966 2416 1814 4449 1959 3055 932 3506 2142 3315 1708 316 1929 2043 3918 923 1154 3779 1480 4298 2744 265 4668 4773 1697 2809 2626 2196 3815 3185 1720 4314 1312 678 3940 4806 3079 2198 51 112 2577 3002 922
4442 1572 3073 1130 2086 4623 1072 777 353 2645 1572 1178 3343 3651 1783 80 3972 2821 4027 1354 3176 4645 818 1384 1784 4434 2051 4532 1603 3963 4411 3038 1165 4615 1598 1763 3179 767 2510 2956 743 3881 2912 2711 1338 1690 1811 3982 3424 3247 3812 3010 4628 2585 4754 4249 4373 4360 2973 209 4641 823 1112 1746 4080 4177 1523 220 4378 1572 1457 2527 2885 617 1260 4740 3095 4562 673 4287 3884 2041 3762 2041 3624 766 69 2987 165 3507 4245 2013 533 4022 784 4631 1201 4894 27 3595 1855 4499 1370 809 4902 1359 306 2177 3006 1404 229 1317 1611 714 677 4975 1012 2112 1069 31 4970 1194 1662 1537 4025 4202 172 325 245 1053 3378 256 3828 2071 2800 3785 3027 3686 3759 87 4344 2537 4022 3277 355 3917 4532 277 1281 3268 3029 3262 1071 622 3138 1850 730 2596 1538 4152
2313 2528 3564 2544 1011 2740 654 1674 2300 3231 2516 3343 1669 4654 1447 4014 4104 2113 4974 3759 4024 622 4040 366 1913 3646 1218 3907 754 4274 4841 1673 17 474 3622 882 2780 2630 3740 1693 2486 2930 582 4902 4119 1750 1841 1700 3508 2435 2014 3589 2233 520 1121 4398 3637 3664 1011 3955 3601 2466 601 3354 2118 2104 1060 4186 4806 1350 3352 3065 3899 1343 1502 348 3102 1790 2444 4380 2571 536 467 4848 1479 1234 1436 3180 386 3581 1515 2035 3177 3451 2658 4648 4991 2100 4001 3684 1596 2135 3659 843 4898 1027 4308 4275 4766 1759 372 2622 4060 4849 2488 2498 2247 3134 3344 3491 4771 3128 4821 3983 3824 2529 1227 4207 1329 2872 2586 2543 2944 4909 957 480 54 821 946 2644 2694 2725 1242 4410 3379 103 1246 4421 659 4476 2836 2695 2385 3608 4420 3933 354 1914 3689 3080
4509 4060 1359 4952 1787 2535 3637 263 2312 1714 4641 3651 4654 603 555 927 3137 252 4593 981 2947 3264 2464 2599 287 3966 324 3019 927 1734 186 517 2251 1213 3076 1142 770 3387 900 3436 3358 4790 2103 1537 2217 313 1516 2872 449 2446 536 4151 40 2671 4560 521 2194 3953 70 3941 238 277 1759 1738 2014 3973 4911 905 2916 3774 4271 3702 3599 4365 3519 4416 3830 3109 4675 2960 4474 1538 1328 3799 2785 3685 1461 2470 3644 1558 1372 1750 3002 3948 2924 3703 3203 3512 3199 4065 1200 1998 3626 2116 3339 4453 1080 2336 2805 4205 2827 4605 2864 2994 4731 4961 2507 1337 3309 4179 203 2056 2649 814 1057 298 555 3489 4866 1021 1751 4831 3910 3816 2712 2157 3528 1041 1776 186 1630 2015 4898 3352 551 1570 3427 4386 2578 3014 1184 4370 507 392 4239 3911 4313 1137 1005 2260
303 3646 539 4166 972 2956 1182 1838 1909 611 2615 1783 1447 555 2270 2122 1287 4224 586 2568 477 819 3257 722 3053 2159 2122 707 276 1916 1059 1224 1226 350 3912 2433 3063 1287 4822 2054 1379 2997 3175 1073 3835 3536 1325 1929 2235 4283 1281 663 4958 4605 2852 2380 3316 4688 107 4098 4776 674 4859 3108 3383 3470 1663 2351 3404 1381 3177 399 4258 1037 409 1306 4596 1789 912 2898 29 1670 2292 2482 1103 535 4539 3470 4791 1189 717 3845 130 4581 2652 1878 2511 2540 3350 2662 1458 4632 3517 206 530 334 2992 3566 3001 906 487 2727 1030 2610 3154 4290 1433 942 3004 3404 714 1465 4159 681 244 887 2330 1731 420 4557 4711 1009 2722 1841 2365 935 3362 1250 1348 3162 706 278 1166 1339 76 2487 4737 2528 607 2530 888 1610 1870 844 1316 1005 3179 727 3685 4429
1545 1577 4792 4666 3779 255 4071 1379 1751 4566 56 80 4014 927 2122 4151 2946 3722 2101 2803 455 553 3979 2550 1405 831 2810 1216 2376 1884 4901 4221 2499 3467 2912 1323 1918 2488 3691 4773 2049 1511 416 2964 1596 4209 4354 3359 1739 296 321 2331 3981 3501 1868 4919 2939 1621 75 4943 1136 2446 3446 1108 2549 1460 3924 1362 196 796 4049 1360 4509 3450 3145 2441 2513 3750 2281 3355 4483 3772 1264 2993 4350 4326 2240 890 3021 4481 2434 379 3537 3999 1768 329 1428 2905 3813 3563 4352 3106 2940 1976 1734 475 435 2142 1017 3212 2978 939 687 237 2446 1167 1908 4812 1081 3956 3078 3745 301 2995 1567 112 2626 2377 2226 223 4019 1401 2582 805 2739 25 2287 690 1673 1655 1851 3791 4276 350 1035 4798 2701 4510 1093 4213 2583 4439 3883 1445 4796 1550 1687 4839 2290 4097
727 3563 4668 4552 1884 3958 968 2985 474 324 2907 3972 4104 3137 1287 2946 4360 4549 4688 2932 1123 1722 3846 4640 2554 1475 1422 3892 548 1867 1768 4385 353 526 4073 1332 4070 1524 1487 4672 320 68 1889 1579 316 2926 3907 2273 1920 1935 1140 4071 1089 3697 729 1513 777 2752 2749 3169 3515 564 747 3198 4030 780 4927 2828 3776 756 3641 4518 1953 4241 962 1101 3048 3294 832 219 3279 1047 3977 4235 2632 3748 2267 1655 4721 2536 3674 3114 4258 4933 691 2390 567 445 1868 2668 1075 662 3670 4464 217 3758 4858 4591 4167 3389 4378 3247 383 4378 2415 4538 2617 1919 555 1048 3874 4043 3362 2246 2863 1539 4688 638 1641 1563 249 3076 2218 2029 3528 1344 2822 1954 921 4394 3401 4114 3560 3996 208 4594 2465 4795 2348 1917 3524 1553 968 4968 2484 3744 4141 4056 834 3142
1452 448 3294 1345 1727 3872 1700 1472 2815 4459 488 2821 2113 252 4224 3722 4549 4141 2496 54 4767 3182 599 2998 621 543 259 860 767 3307 4560 1690 3122 793 1981 4872 2738 1269 4944 632 2905 3913 2776 962 4767 2500 3429 2827 2030 957 1657 1114 700 2175 1658 1417 1561 2937 3098 1740 3355 2373 2266 1958 4702 3992 4781 4061 2480 3684 2137 2980 1624 2282 3743 1499 3359 1436 3879 2017 3524 1467 374 978 1393 286 923 4055 3790 1860 2561 4693 1572 2536 3110 4311 2908 2031 416 3727 4139 1193 335 3025 3496 4774 1986 2686 3007 3987 3696 4775 513 891 1134 4944 1114 1673 4848 3748 2904 340 632 2976 675 910 3853 1019 1093 4938 2931 1651 2681 2787 2990 4105 357 1474 3550 1985 717 153 3732 1405 3759 3858 1435 1713 4229 3353 1753 1400 2509 47 4243 745 4439 4177 2900 50
2728 2799 156 122 2859 2882 4630 406 3420 169 1883 4027 4974 4593 586 2101 4688 2496 4888 844 4108 1386 3970 1623 1996 3361 391 3545 2242 1597 4932 1478 2288 4224 2525 2325 1264 337 4676 1563 783 1078 1918 2278 4362 1978 388 636 151 3038 3959 3284 134 1015 1037 2027 3975 4641 4171 4837 255 3097 3313 2559 4449 4462 2898 4244 1420 886 3236 4545 2779 1919 308 4668 675 1626 638 2490 3827 2638 3837 2490 4801 3686 2398 1180 1400 308 4523 807 3813 4970 2466 1327 3177 1911 4134 1118 2954 2318 4566 682 1444 1592 3502 3288 2553 4925 2930 3198 1466 4545 1393 4425 534 2018 1988 348 820 3762 3059 2944 4670 1343 1722 1600 2700 2530 1250 4292 665 2629 186 3969 3437 2099 1584 4841 3963 4505 2659 4669 2347 886 2607 2762 3388 1969 3330 618 2944 2823 3885 229 3676 3906 433 191
4374 3714 4685 1594 2049 226 3768 1231 2899 773 4493 1354 3759 981 2568 2803 2932 54 844 4821 4282 4638 3262 764 4500 2632 725 2271 4535 2659 1589 1572 1876 1574 3306 3800 732 2138 821 3903 2405 3076 745 3795 911 3815 3330 4568 1131 2882 3807 1067 2130 3685 4156 1040 3364 3899 4742 1249 2599 2370 1344 1222 4662 3904 1783 638 1456 3645 627 4797 1161 3243 4496 760 2916 3693 4736 880 1801 1976 3049 1778 66 4383 3788 2918 3299 2242 1228 445 2038 456 2769 3959 2919 3328 3083 928 791 1494 4216 2152 1519 1522 993 704 2947 4411 253 2555 4669 4062 345 2136 431 3908 2540 3295 4218 3738 1598 3307 3009 1731 2613 3649 716 4226 1386 94 4584 1983 3390 1206 2451 403 1398 4856 1598 807 3819 1702 210 3888 2617 1613 4822 3458 3559 2753 1159 3489 1273 1740 2846 1635 3779 555
4649 4579 4822 1939 570 2391 241 1788 4723 3996 1507 3176 4024 2947 477 455 1123 4767 4108 4282 220 2432 855 1884 3103 1425 907 1765 928 4025 166 4509 1443 3490 3549 3696 4940 1132 4894 2604 4641 3174 3672 1087 1045 727 1541 3763 1261 3430 4799 389 1843 2578 1394 3950 3658 4851 1297 881 2563 1643 1725 2517 4223 1355 1562 483 3034 3989 4910 724 4790 584 1899 2274 2401 3900 1418 4774 879 608 935 983 3233 1918 3790 1850 3769 1374 4732 2022 993 280 1505 4401 4341 2663 526 2451 740 997 2862 3104 2300 3379 1743 1746 3862 4169 627 1807 3733 2620 3119 1143 295 4472 2078 3055 831 2244 4121 1151 2127 1705 544 1576 4590 973 2265 654 2848 3644 3386 3711 653 1228 1507 1804 722 3207 88 567 1667 3171 816 565 2797 1191 35 289 2541 1680 4460 2805 4813 2658 2632 866
3862 1140 497 4088 1127 198 1700 3910 402 1976 4166 4645 622 3264 819 553 1722 3182 1386 4638 2432 1087 2034 1544 4163 4949 2751 4245 4295 2699 95 3546 4468 4370 931 703 4422 3280 4751 392 1182 4062 1636 2457 2895 2428 2805 64 2838 3241 735 4613 1581 4362 4502 2130 903 548 4984 2610 3955 262 4193 4863 4559 1681 2630 3133 2177 4646 3741 2456 3798 410 3302 1091 1334 941 483 1832 1247 4897 4290 4679 4530 2894 4510 3797 2998 3215 734 4322 1451 1264 2802 4808 4087 253 3860 2303 371 1510 3519 4592 4129 3865 3198 3591 2456 1385 3459 13 4821 3565 4729 507 787 1623 1979 3218 4462 122 2459 1498 503 1606 181 232 1726 4815 299 2685 2396 4127 4070 805 811 1529 4041 4634 4318 598 915 766 4196 3498 2057 3424 565 730 909 173 4310 742 3490 2002 4538 4205 3666 3116
3494 2336 1184 1229 2230 2295 4228 4945 1969 347 4795 818 4040 2464 3257 3979 3846 599 3970 3262 855 2034 327 4952 4716 2689 4448 1023 4003 2026 3879 3808 991 4497 1047 720 4528 1433 770 253 3287 2290 644 4170 4092 3014 876 4218 247 2403 4581 666 2867 1546 3154 1749 3200 4420 1810 2941 3488 4439 3933 152 4523 2200 31 3592 1104 363 3328 748 4680 2365 3685 1003 4367 903 3407 4626 3971 2148 2920 4487 3844 618 2787 2441 3174 1844 3012 4825 4039 4940 1331 3983 3556 2156 1404 615 67 2172 4029 2624 3305 2265 2045 556 1994 1588 3590 222 288 768 1035 3228 435 3604 3634 1339 4095 747 1138 2971 3827 372 180 3581 3136 4392 2921 2546 4072 306 2848 4190 3006 2701 3727 3691 2772 3819 3714 2388 1510 2644 3545 195 1526 2309 4798 3630 4608 2079 3405 497 3798 727 3852 4020
4927 652 2278 1271 2441 4233 2092 2128 311 100 347 1384 366 2599 722 2550 4640 2998 1623 764 1884 1544 4952 2641 3317 3092 2342 4072 2216 2034 3143 469 2202 1345 1625 773 632 1205 3154 428 2534 123 991 2702 4239 1457 3803 346 756 2473 3926 407 550 2379 1351 295 1612 1954 474 84 2457 2891 1873 1275 3249 4727 2838 536 3357 1221 503 4956 3648 3178 1128 2865 906 2867 4381 4566 681 2642 1778 1441 2544 4668 3267 2098 3858 2394 4954 4648 3997 3258 827 2277 322 453 1990 2866 3461 4967 2595 1775 4451 3178 4310 1486 1339 1609 3182 4697 3230 4049 3544 1358 1846 4391 1030 3524 147 2245 4735 379 1577 826 4037 908 1559 1779 4377 2894 1558 2558 4656 3298 4990 893 753 590 3318 253 1390 2140 691 3573 3926 434 63 1375 4863 1030 1321 671 1630 674 176 4786 3377 2129
2771 214 3676 3190 4336 2115 4921 3737 4330 1476 4672 1784 1913 287 3053 1405 2554 621 1996 4500 3103 4163 4716 3317 2915 3022 4034 1977 3921 3758 1163 3069 3155 1380 4638 2577 4000 2524 4967 4569 4761 2704 470 4982 4550 2014 4039 467 2457 4757 3420 4276 3302 3487 401 4145 4859 4729 3765 3243 2832 4188 1493 2047 2423 1844 12 3794 833 1598 4756 2028 848 545 4548 176 791 2246 2738 984 2629 842 1713 3996 4720 28 2497 2453 4931 3316 207 4893 2929 782 3209 4219 2731 450 2277 3885 3421 3491 3618 2220 2755 1088 4238 3505 658 2788 4351 1945 3046 2127 4963 79 1901 1015 3522 2404 401 101 3628 1487 3641 1288 3847 2407 4232 2993 3116 2236 2576 974 4152 1762 3578 1854 1257 3300 1467 2471 4331 1019 3303 3213 1494 3062 2294 4404 914 635 2664 3876 4501 4072 769 1014 4301 867
682 4165 2610 2711 3320 1353 2472 1952 4938 2801 4415 4434 3646 3966 2159 831 1475 543 3361 2632 1425 4949 2689 3092 3022 1562 1378 1442 1339 812 1378 3035 4364 4175 3877 3134 1879 4727 1879 2883 2418 4309 3864 2984 1222 190 746 2574 3897 3821 3040 2070 301 793 2443 2543 2545 1668 1638 1227 3442 1382 2385 516 384 921 3306 77 2657 2968 3126 4802 1928 277 1556 330 2439 2125 1909 2627 2944 2130 1453 379 325 1384 2522 1401 1114 502 4497 1622 2303 2187 2851 157 655 479 4347 447 3276 1168 3865 1988 2396 4220 2656 1691 2912 3615 1836 2217 3791 3655 1806 306 4197 3361 3110 4516 1576 2884 2061 1136 917 4903 2081 4162 4775 3582 1118 2997 4113 1628 937 2339 834 4607 1326 1839 4522 1624 4273 1499 2540 342 1376 3308 3928 2340 2170 2095 4842 2413 329 4939 2986 937 2092 3468
1801 4667 1955 4646 1047 1253 3127 4483 126 1681 3498 2051 1218 324 2122 2810 1422 259 391 725 907 2751 4448 2342 4034 1378 4033 2777 280 794 3128 4830 2294 3821 1740 509 3850 2441 3879 4766 790 4380 4871 3079 780 2121 1491 1643 3516 4247 4480 2974 3148 627 2144 1685 1026 3240 3852 3158 695 1848 2089 4625 1748 2516 3429 1683 4506 4559 2457 2987 3364 4009 2430 1100 470 279 1635 2819 2049 733 1344 707 1348 2826 456 2843 2380 2113 3312 2323 4319 2249 2162 4604 148 2451 4800 2641 2617 1751 3040 3642 4578 101 1798 3216 2067 2959 113 3769 4531 3659 4544 4746 77 2943 1168 3827 397 1158 4699 4696 1321 1865 4809 3917 3069 1408 4782 2387 1833 3628 447 197 18 2532 555 3476 1843 807 943 1606 2470 2256 2941 4214 1369 3232 3502 3285 4778 2307 1203 1879 372 2764 3506 4188
2005 1703 212 1244 3794 4605 2008 789 1696 2267 3685 4532 3907 3019 707 1216 3892 860 3545 2271 1765 4245 1023 4072 1977 1442 2777 1381 2034 3556 491 4928 806 4660 1979 4089 1419 2364 2669 4812 2623 1925 4880 654 2453 1645 2884 3134 567 2518 3319 2625 4445 2477 4883 4751 4879 2098 4118 453 2990 618 3890 4731 3377 2307 3885 3494 1694 2979 4947 2353 3388 1486 2990 4810 4092 3286 541 4975 3032 4348 286 4053 1871 4215 3479 2349 2228 3481 1927 2594 1239 3101 1259 3289 885 2299 4771 4753 1789 3449 4292 404 2239 3023 1437 2543 4856 701 678 2468 1711 4454 2158 3624 1123 4957 3934 776 728 615 2858 3668 1991 888 3119 1217 2483 1191 3461 418 2632 930 3578 3556 2095 3180 2138 4525 2089 16 601 4478 2166 4369 2621 4143 4478 4091 4995 1762 3237 596 4826 2846 2766 3585 442 1528
4425 4683 4223 1956 2425 2841 4831 4664 4703 4244 1094 1603 754 927 276 2376 548 767 2242 4535 928 4295 4003 2216 3921 1339 280 2034 4472 319 1638 754 2937 439 1335 630 3273 1596 3361 4678 686 1996 2927 2010 4792 3515 539 1676 3958 1737 1298 881 116 3335 1343 1946 2464 2850 1090 4715 1825 4365 2233 631 2269 2243 2841 4747 4290 2086 2187 1427 4221 2098 398 907 579 596 4487 1928 4380 2834 4240 3775 3661 4300 4747 423 1357 335 2277 797 2776 4569 3780 2118 2862 2619 4441 3237 293 2495 2626 3184 4196 2693 1519 505 2113 889 1804 3120 2812 3204 2436 3754 1860 4300 1851 3978 3419 3091 4067 1058 1941 4901 3779 3064 2086 3895 573 4364 3677 2975 3386 381 281 634 3042 1247 3916 2137 4535 4904 990 1995 2340 480 1409 1076 3979 1870 657 3638 3767 2769 2833 1357 3493 391
658 2550 2905 2140 4855 3882 2515 1170 4641 232 2033 3963 4274 1734 1916 1884 1867 3307 1597 2659 4025 2699 2026 2034 3758 812 794 3556 319 3687 614 885 4687 3145 3119 3655 1916 1639 2882 2270 1339 2692 1251 2584 3520 2429 609 3161 4682 999 2715 671 3905 1575 3583 4317 227 4299 4409 4154 2171 4585 2291 3743 3240 2575 2212 4643 28 481 1683 4888 3978 3914 4493 3961 4679 2212 3309 1065 628 3328 2892 1264 1253 4932 4915 4400 841 967 654 3478 4854 4938 3678 3086 2867 2431 878 381 4476 2039 2733 673 4033 937 1116 857 1679 1841 3173 2317 2774 2960 2244 2570 4943 830 2280 4793 4529 4626 2236 4013 1174 1571 2503 1154 2255 1270 1213 2466 3225 2652 1425 4204 4671 3958 3856 4164 1355 2560 4697 1498 863 553 4575 1803 1313 3843 2454 1322 3265 4164 2746 1938 4090 2584 1295 2517
3804 2539 3263 4592 3212 556 1283 2551 4040 3968 314 4411 4841 186 1059 4901 1768 4560 4932 1589 166 95 3879 3143 1163 1378 3128 491 1638 614 4124 3355 3839 767 1369 3299 2831 2989 1678 4310 3704 1589 684 868 2891 312 3735 1809 1008 4792 1007 374 1883 2865 972 1144 289 604 3740 2912 4492 886 2725 4901 3205 3002 2561 1570 47 512 3334 4687 3276 4935 4448 2901 4651 1445 3266 3898 2432 760 3066 4706 1634 3029 922 3891 3989 1935 3608 4248 2230 3408 3905 175 4863 1009 2395 4593 3350 3236 2458 3829 1499 847 1864 4961 961 1233 2867 1755 2482 3774 4884 3695 2343 3182 3356 4217 736 1599 215 3450 263 1238 4375 1812 4621 4125 3054 1917 1301 938 4105 270 1787 4816 2117 2933 2476 4028 2749 4290 4568 1762 4166 2585 4729 509 1434 3470 227 4238 4170 2165 3230 463 3386 423
1494 4503 3543 1941 603 2855 4784 4409 237 1685 2198 3038 1673 517 1224 4221 4385 1690 1478 1572 4509 3546 3808 469 3069 3035 4830 4928 754 885 3355 3172 2394 3428 1927 3697 1781 1092 2140 1335 350 1298 4271 569 3490 3014 4951 559 3217 2528 3011 2450 992 555 2074 2473 3554 1679 2323 95 4063 2926 775 1774 2692 18 1624 4926 3801 615 2059 3139 1027 1456 268 1059 1574 1940 2202 1725 1334 2592 4554 891 4203 1895 3039 2183 2949 2610 3945 1589 917 1696 4646 2802 470 2119 4414 188 2539 2208 1668 1516 1261 453 599 1524 4843 3112 4340 2071 4336 1966 767 636 4856 2517 198 250 3212 4362 2881 852 4903 3152 2890 2816 1370 4987 496 308 3156 732 1755 679 1811 3469 2216 2922 1082 3594 4240 1486 863 4065 4315 829 2340 2537 296 1644 625 2788 2879 751 3958 4465 56 4602
3503 514 4412 3921 538 4663 482 4893 3479 3838 3808 1165 17 2251 1226 2499 353 3122 2288 1876 1443 4468 991 2202 3155 4364 2294 806 2937 4687 3839 2394 1721 2684 1951 611 368 4992 1302 4416 4827 736 907 2436 834 693 2274 4357 370 2349 2930 1996 2829 3757 1117 2566 2288 3773 2834 781 132 1976 1747 431 2764 637 1673 4481 4924 284 696 483 1811 4296 4939 2163 313 720 1053 1923 217 1000 442 2881 1621 1398 4325 1137 1359 1466 4464 4363 4448 392 4374 3670 3978 1818 817 962 3378 2215 4441 1730 560 1079 4781 3144 1776 1268 369 272 3237 2105 1941 1898 435 3076 1367 3233 1588 210 1291 3456 4839 1307 4777 2389 48 2786 2300 3839 3332 2913 2717 3825 575 2527 1031 1841 2008 49 2561 147 1116 4591 3574 1682 2118 2270 4797 3280 3953 4567 183 2384 3064 2202 3578 4917
3116 636 1512 1572 865 1705 1183 4741 254 1860 3801 4615 474 1213 350 3467 526 793 4224 1574 3490 4370 4497 1345 1380 4175 3821 4660 439 3145 767 3428 2684 4035 2839 380 789 1171 1689 618 4547 937 3414 1120 458 523 4816 47 3840 3473 549 4091 2796 775 2436 3304 2682 506 237 4789 1772 4151 595 4204 2302 3658 3835 4798 2681 2935 398 783 4726 389 4819 1275 1184 1149 670 2685 4885 4401 2071 301 4370 3510 1796 3450 3933 4488 2747 4482 1691 3826 2132 3097 2997 2746 549 2970 1193 4095 842 862 1957 4261 603 3191 2092 1434 179 4946 2303 2926 4256 3183 848 464 3315 3304 1911 1016 2069 2200 3672 2995 756 1342 1043 201 1203 3682 1800 3899 1168 2953 2967 2746 2973 4081 575 2634 441 96 3394 1117 1081 2531 2655 1283 893 4140 1179 1472 4938 294 684 2488 4180 4281
3907 3023 4204 396 3709 3807 254 4282 2984 2703 1422 1598 3622 3076 3912 2912 4073 1981 2525 3306 3549 931 1047 1625 4638 3877 1740 1979 1335 3119 1369 1927 1951 2839 346 4250 1187 147 4137 113 578 3617 3186 4095 2574 3509 1669 4960 4694 1013 1941 18 2670 2822 494 2949 1332 2803 4148 891 4733 1771 4071 4707 4877 4027 3752 4428 2581 531 1319 4767 3368 4569 116 3853 3710 4854 1937 335 4091 3409 2881 4184 2431 2486 4903 3857 4272 4066 4162 545 1894 1130 4851 293 3819 2262 724 981 711 4374 2089 2543 437 2207 81 2761 1587 987 522 3219 28 403 4599 768 2738 614 2828 4278 894 644 659 2363 2160 2151 4577 4466 2020 2421 2147 1421 1241 2548 1500 4008 2344 1269 4912 2566 3696 2759 4351 3544 4055 1314 3485 4543 1572 4000 4021 4248 327 3584 4281 528 4674 4837 4878 696
569 4473 145 3773 3534 4995 2226 3284 3687 339 2307 1763 882 1142 2433 1323 1332 4872 2325 3800 3696 703 720 773 2577 3134 509 4089 630 3655 3299 3697 611 380 4250 3964 2785 3342 4302 4004 770 4255 2782 1341 3936 643 1375 260 2381 2458 3066 3411 1953 4535 4340 2539 2915 4672 2687 3343 2278 4981 2725 3279 448 1127 2634 4237 1599 2911 2954 1731 2734 1932 2799 4226 4851 491 3263 2996 80 647 12 4504 4467 3866 4970 3445 4022 999 229 1947 2197 1072 2028 2367 3657 351 1246 4629 1661 3430 4876 4983 4652 4761 313 3985 1748 1156 2577 4462 2250 2498 2002 3330 2911 902 2318 2037 4235 3204 1215 1107 2215 4827 2401 585 203 1098 285 1739 1016 1376 2213 1802 4239 4457 4531 1408 992 3302 1708 1286 2666 1307 3688 3860 817 1911 2146 800 3811 917 3491 555 2725 770 2033 4913
1812 4932 699 4731 535 3388 4550 2057 738 2024 3986 3179 2780 770 3063 1918 4070 2738 1264 732 4940 4422 4528 632 4000 1879 3850 1419 3273 1916 2831 1781 368 789 1187 2785 43 1789 2562 1427 1464 1225 3795 126 1280 4886 3472 4673 3341 4769 3871 4519 2933 3280 1290 1255 4528 3240 4408 3568 2004 3575 4180 4571 4218 2242 329 3683 2439 4039 982 3634 628 3793 1433 3619 950 4177 1240 4010 4661 434 3581 4312 1310 2813 2522 3932 2472 2061 2753 1832 4371 4048 2768 1979 1314 3804 4485 1637 2999 3352 307 1648 4013 2063 4759 1143 1998 3666 3986 2445 1578 4213 1413 4559 3111 4278 3611 2503 2704 895 4294 2339 364 1363 1156 4892 4558 548 1527 805 14 4633 1662 802 1530 4845 3454 3420 244 2899 986 4610 2590 3298 4100 471 910 3003 1574 2594 3138 2610 2893 3756 2005 4805 2816 2628
1579 3379 4525 2579 3488 1022 2867 3288 1411 39 4536 767 2630 3387 1287 2488 1524 1269 337 2138 1132 3280 1433 1205 2524 4727 2441 2364 1596 1639 2989 1092 4992 1171 147 3342 1789 1010 4625 404 3823 4008 4345 4400 2051 2770 2141 576 3155 1907 3042 3537 1413 110 1398 2968 4812 139 4106 3177 4719 733 1292 4910 488 4801 714 2250 1052 3565 103 825 1305 2046 1394 2058 4488 2905 923 707 4989 101 900 4838 3692 1276 3835 760 1071 1059 4834 2976 1815 3567 806 2461 740 2484 4828 4997 69 4529 1741 471 3109 644 2211 209 3976 523 1718 636 1890 4756 725 2322 2829 3689 19 1772 4300 2196 1431 3764 2367 4823 2100 3714 950 2902 3986 3331 1779 4265 2766 1253 1196 477 1700 2635 3113 2736 4533 801 4115 3992 1560 4352 2263 1592 613 1389 3560 297 3963 4173 2367 1118 4130 351
3900 800 2313 596 2778 906 307 659 4232 936 1645 2510 3740 900 4822 3691 1487 4944 4676 821 4894 4751 770 3154 4967 1879 3879 2669 3361 2882 1678 2140 1302 1689 4137 4302 2562 4625 1486 3054 4348 2513 395 2168 4015 1693 3354 2922 4343 4988 4840 2907 3538 3738 3042 2667 4194 1480 4894 4309 3400 1935 3542 3616 4916 3259 4540 2893 3356 4439 443 2253 991 4049 1289 1100 3238 4572 1539 2006 551 3453 4948 1925 4061 4499 4537 2020 4995 3741 4440 2197 2353 2335 1141 2492 4355 2764 1977 3245 1014 1318 3594 4489 628 906 4401 290 1950 1647 3917 3329 2611 1359 2661 143 2995 316 3056 398 3359 4598 771 3433 1395 2111 2175 3950 4049 641 753 4528 3364 1149 2003 65 4011 1169 4756 889 4684 22 3783 4533 4403 3989 3396 3307 4185 4090 1049 2086 946 2347 3261 819 706 1616 539 4108
4648 742 4980 4040 2506 4037 927 3008 466 105 3898 2956 1693 3436 2054 4773 4672 632 1563 3903 2604 392 253 428 4569 2883 4766 4812 4678 2270 4310 1335 4416 618 113 4004 1427 404 3054 2259 1316 1975 21 1999 2377 1206 4335 1437 435 3991 4687 1061 2102 3943 1706 3837 4482 1405 981 2708 2116 2863 2678 2756 1987 2663 106 2894 4910 4478 2732 3477 3200 1102 423 4100 4093 4333 3605 2325 1422 3964 2087 559 1286 3483 464 3283 4374 3434 3674 3046 3432 802 4751 4960 4863 1495 477 243 4131 1574 2816 4975 2897 4138 2683 289 195 1601 4450 481 3179 4095 1492 4136 2348 395 1128 998 3693 4565 2309 2391 3800 438 788 3767 4603 2172 3849 4157 615 1800 4804 1571 672 4657 31 3491 276 4051 2992 129 533 1105 3654 1853 3507 2707 421 437 1190 2643 875 1485 3138 3380 4736 2372
2586 1369 3742 2500 1688 2486 3212 1371 2119 4573 3102 743 2486 3358 1379 2049 320 2905 783 2405 4641 1182 3287 2534 4761 2418 790 2623 686 1339 3704 350 4827 4547 578 770 1464 3823 4348 1316 4161 4089 490 1251 2130 3597 2288 2178 2455 3966 3712 794 2075 1754 1094 1799 2831 4775 3931 1616 2645 4297 3080 4682 3226 2125 3452 1626 1445 1321 2271 2311 3757 3274 1595 4229 643 3434 3305 2081 4421 3704 1994 3105 494 3677 3011 662 2085 4131 2733 4917 4062 3033 315 3379 4324 2364 1582 2701 4939 4003 52 1270 4690 3290 117 4834 4456 2987 137 344 4553 624 2085 1074 4199 2424 3758 4950 994 3793 1232 2573 4026 3112 4531 563 3688 215 4365 1549 3657 4539 4550 3276 2651 499 4561 1945 1512 4778 2174 2912 1184 1460 3656 3381 4546 4438 74 3585 1956 3056 403 2869 1975 2948 3104 4204
4926 1883 229 4980 3404 654 265 2006 1983 3980 3453 3881 2930 4790 2997 1511 68 3913 1078 3076 3174 4062 2290 123 2704 4309 4380 1925 1996 2692 1589 1298 736 937 3617 4255 1225 4008 2513 1975 4089 3955 1983 3997 472 4587 1426 3781 3200 3323 2565 431 1609 4960 3328 955 244 2415 3826 4585 481 1080 2373 1272 1083 1288 2896 2402 255 4483 568 3151 3513 2385 2530 4223 4876 4693 4472 21 1570 1220 4342 3882 3875 79 1375 4317 4518 3678 3499 276 3212 670 915 27 1252 625 4410 1542 3317 4322 3670 1123 1752 501 3624 2379 4134 626 4357 326 3145 2683 3719 1834 806 880 4689 4987 1365 1908 1327 667 4983 2171 4710 2255 3616 3817 148 824 2649 4386 3588 977 448 2867 2355 949 3219 4410 3861 2830 1263 2366 2510 3605 3749 3619 372 2777 1550 2848 3703 1079 1224 2464 4862 2296
2214 4520 1559 2858 4848 3021 2599 4480 2893 4786 634 2912 582 2103 3175 416 1889 2776 1918 745 3672 1636 644 991 470 3864 4871 4880 2927 1251 684 4271 907 3414 3186 2782 3795 4345 395 21 490 1983 2727 2977 819 4638 1787 4156 3451 1555 221 523 2819 2864 1366 2941 4013 3235 4345 3503 4914 3017 2209 3113 4817 1760 1805 4760 4474 25 3302 2721 384 3033 765 3621 4779 2294 4435 124 2834 2909 2202 4922 1967 174 1486 1052 1145 2031 4641 1426 3611 901 4166 2603 2310 96 155 336 4216 3886 4023 3612 3845 122 2882 4090 2414 1013 914 2762 2862 2586 3659 4426 1893 1061 234 2649 1764 1695 4028 2304 4785 1302 524 3290 2425 2723 3468 513 4559 3455 3064 181 418 3823 2347 3161 4324 4285 4563 628 2186 4979 341 1096 1782 4684 4507 2633 2583 1558 2927 1769 4456 2218 3347 4068
2543 954 4586 3678 328 806 1326 1661 3615 4072 2550 2711 4902 1537 1073 2964 1579 962 2278 3795 1087 2457 4170 2702 4982 2984 3079 654 2010 2584 868 569 2436 1120 4095 1341 126 4400 2168 1999 1251 3997 2977 2563 3285 2454 3630 4451 3452 2051 2414 2272 1210 443 3673 4433 1747 608 1209 3401 4899 2302 2079 2144 4862 3062 1088 1091 4258 3607 4406 1350 1314 1937 3392 1820 3715 3079 764 2663 4181 3337 1571 3872 2671 3666 982 3262 3292 4731 2266 1671 4533 2248 4618 1907 4700 3864 4300 2349 545 562 4299 4687 2990 2424 544 3619 4991 3025 1396 4914 180 2517 208 1234 682 2949 3867 1594 1827 3514 1256 1644 4120 4666 3604 4725 4033 937 1514 4759 1732 4126 3976 1664 581 1877 2249 30 2609 4192 4484 1205 423 218 97 829 4111 4046 3622 3230 2234 3329 422 4261 2751 1141 4753 4841
13 2424 4457 818 3149 1581 953 3673 3975 569 2084 1338 4119 2217 3835 1596 316 4767 4362 911 1045 2895 4092 4239 4550 1222 780 2453 4792 3520 2891 3490 834 458 2574 3936 1280 2051 4015 2377 2130 472 819 3285 2522 2402 3466 3850 2392 1958 3637 4073 1409 116 3485 3385 2936 4077 64 23 4361 2770 32 3397 4101 3018 3652 702 4828 2671 61 3556 3910 4068 4862 4407 61 3724 3665 1681 3371 2698 1284 3603 2512 1614 911 3339 2328 3646 328 3408 4125 2221 3672 1000 4802 3831 1200 4691 1433 847 150 1734 3571 2639 1611 4441 1958 656 593 237 4816 565 2532 3110 1654 219 1704 2524 1588 598 2108 2356 2108 2264 1180 3423 4525 2630 3574 3182 2314 1592 157 3620 1021 2502 3965 4217 2056 2429 533 4736 3706 34 293 185 1602 2163 502 915 3396 4471 1771 1254 2555 357 3621 2592
3688 4597 3762 1734 1300 650 950 3722 4377 3002 1581 1690 1750 313 3536 4209 2926 2500 1978 3815 727 2428 3014 1457 2014 190 2121 1645 3515 2429 312 3014 693 523 3509 643 4886 2770 1693 1206 3597 4587 4638 2454 2402 2225 3434 1257 853 1502 1047 634 1329 815 184 1236 3712 2424 1538 1899 1940 3103 1039 3255 1313 4519 2408 4108 95 1314 4372 1098 4050 2229 3143 617 1544 320 2754 2955 3203 4305 2832 1801 3107 1486 3453 2222 4276 180 406 50 3071 2637 2221 2806 1481 1873 1692 3871 1279 2671 1375 3135 4418 29 1126 4865 1979 2017 2458 4749 3680 639 1260 4075 3814 4920 4726 1066 1917 1770 2431 2419 4208 1713 4453 4138 3555 1300 848 2440 413 722 752 318 2260 607 936 809 3479 2987 663 2388 3115 2171 3837 2129 225 980 4225 427 4076 1999 3515 1260 2733 2139 1894 1011
4060 4041 4766 194 2858 1814 1634 2275 1529 973 3312 1811 1841 1516 1325 4354 3907 3429 388 3330 1541 2805 876 3803 4039 746 1491 2884 539 609 3735 4951 2274 4816 1669 1375 3472 2141 3354 4335 2288 1426 1787 3630 3466 3434 4660 2064 3618 887 3710 539 688 180 1857 4795 2311 782 2708 3625 2519 77 4737 2262 2602 4525 734 224 2812 2406 1502 3672 3035 1500 4198 2637 2825 1597 3165 186 2861 325 3286 331 3602 4259 2941 3775 740 2011 4636 1328 3959 2253 386 2648 4124 2935 1285 4285 4106 4010 594 3439 4330 3803 3475 4531 921 3417 4956 3964 542 911 3377 4150 193 3883 3404 710 946 3647 1241 4998 4611 3707 1808 4831 2448 4591 4283 4044 3365 2787 1039 2692 3934 739 2401 662 2793 187 2202 2033 3624 854 2630 1126 4765 3486 4494 185 1441 197 3812 4630 1101 1670 4427 314
223 378 790 4033 2421 589 3151 3532 747 865 3109 3982 1700 2872 1929 3359 2273 2827 636 4568 3763 64 4218 346 467 2574 1643 3134 1676 3161 1809 559 4357 47 4960 260 4673 576 2922 1437 2178 3781 4156 4451 3850 1257 2064 2959 312 3282 2076 3699 1207 4300 3085 4265 2730 4772 2370 1394 2967 4709 4875 1302 1344 2233 4332 285 1874 3921 3764 2130 4644 2291 2398 3734 784 3945 4538 1952 4096 3764 1370 3952 984 1906 1250 2754 667 3676 659 2727 2952 2907 3366 1337 1426 4372 1222 3157 4056 4071 1657 962 2139 2884 2334 965 2377 4693 4782 457 2975 2893 1369 207 1093 4830 2192 353 3132 3564 3753 1677 208 4396 3998 853 3519 2744 4134 4166 2206 4337 3918 4467 624 1722 475 1032 1441 4676 1926 4641 3435 1629 2902 2107 1899 465 3351 1924 3137 4834 3676 772 143 1038 1237 4045
513 3073 1348 924 2723 326 1597 1289 3880 4596 2819 3424 3508 449 2235 1739 1920 2030 151 1131 1261 2838 247 756 2457 3897 3516 567 3958 4682 1008 3217 370 3840 4694 2381 3341 3155 4343 435 2455 3200 3451 3452 2392 853 3618 312 4569 2041 947 2030 2087 3417 2255 703 2090 3142 3660 4584 1398 936 4597 1770 3432 3082 4513 712 2128 2841 2595 841 3690 3302 2738 2221 4522 1947 1866 2253 792 249 2251 3590 3130 2827 1369 4798 4602 3226 4028 2554 3411 4632 4976 522 4829 3722 2322 3165 684 1517 1354 953 1568 3631 4309 4798 418 436 3912 3991 1503 2874 3522 264 4056 1724 3726 332 302 4834 3514 1097 4518 2341 2904 4726 4838 3055 750 1440 1226 3527 2422 2012 58 4497 1103 1698 1851 2282 2154 289 4441 2810 1386 1222 3776 2901 591 2632 1920 1167 1930 2654 2142 1751 2986 3988
291 3198 457 1326 1120 1382 4706 889 2972 3450 3082 3247 2435 2446 4283 296 1935 957 3038 2882 3430 3241 2403 2473 4757 3821 4247 2518 1737 999 4792 2528 2349 3473 1013 2458 4769 1907 4988 3991 3966 3323 1555 2051 1958 1502 887 3282 2041 1760 1435 2103 962 625 123 1921 1775 4154 3501 273 3451 4690 1194 4061 2663 575 3535 4209 281 2487 982 4727 1477 1897 4863 3863 1381 231 2978 648 3021 3084 792 2442 2828 2415 2620 212 2802 2134 4254 2966 1223 2649 1783 2877 2039 3022 2334 1441 2688 4299 4875 307 3211 4044 785 225 4613 3911 117 3037 1656 787 2623 1008 4956 308 1131 1383 2415 2764 517 3624 2554 3352 4139 3841 2486 507 3352 2221 4914 4839 3478 668 1590 4131 3622 1271 926 912 1343 2381 3762 2115 2721 428 3829 2215 2862 1354 2533 4670 502 2511 4793 2869 492 3389
1546 4377 4562 1615 2823 2136 3372 1426 3544 1453 1147 3812 2014 536 1281 321 1140 1657 3959 3807 4799 735 4581 3926 3420 3040 4480 3319 1298 2715 1007 3011 2930 549 1941 3066 3871 3042 4840 4687 3712 2565 221 2414 3637 1047 3710 2076 947 1435 1350 2753 662 3758 3472 2920 1137 3917 4175 2151 737 109 1211 4864 2275 174 3177 3039 237 4040 4261 4481 2353 4218 3114 1274 4402 1598 212 3377 4214 1142 1477 2024 2104 2895 4362 3365 2901 3975 194 2325 2904 1449 4114 4418 1607 2633 1672 553 136 3472 2602 1877 4726 441 4751 3816 603 4245 242 2896 2318 3367 1475 4732 2839 3897 956 431 1380 4398 1129 1656 2438 2985 2492 1518 2710 2253 1270 3825 3188 3754 1307 1734 2893 1929 4762 2549 78 1922 1209 236 3556 3411 4971 3428 1537 946 3292 4161 4422 480 4179 807 2434 927 4441 1855
