N: 160
M: 32
Symmetric: true
Triangle: false
5 113 36 59 97 156
4 73 12 57 147
2 104 42
6 138 122 53 9 62 7
5 109 139 44 87 124
5 141 85 1 31 86
4 66 129 10 45
4 3 107 99 50
6 140 11 15 127 63 58
7 145 157 74 26 148 46 40
2 160 30
2 106 146
4 149 137 14 80
8 41 8 94 134 20 60 98 159
5 78 152 61 90 18
4 96 56 84 43
6 150 111 72 48 105 112
7 118 93 35 68 115 136 103
6 38 25 126 79 100 125
5 75 13 142 77 114
7 83 123 89 95 27 37 6
4 70 16 55 33
4 110 108 117 143
5 151 76 4 133 82
5 119 69 121 131 130
5 49 21 128 29 5
8 51 52 102 158 17 32 116 39
3 22 91 34
3 71 101 153
7 47 154 135 23 67 65 155
6 54 92 2 28 132 88
6 120 24 81 19 144 64
240 3826 3668 287 3105 1845 1226 1129 351 2551 4375 648 3023 4619 427 4087 267 4844 2918 3285 2560 4942 601 4477 328 1571 1882 3055 2159 454 293 2929 2531 394 2395 3979 2891 2571 1889 517 1618 2493 2254 1855 1026 287 876 4199 4384 317 3807 4803 3596 2548 3256 4275 1307 3254 4592 3698 2588 3981 4957 4980 4609 3473 4148 3725 431 3659 3194 4710 2793 4538 1996 4184 1959 2050 4386 3658 2852 4777 143 497 2746 3680 3167 4148 544 1277 1429 3181 1951 2563 3235 4542 1315 2168 4707 1998 4581 1876 2455 4250 1680 1655 4162 1193 1341 1649 2118 2586 1728 2690 3301 4214 2736 720 3765 2676 1732 896 2130 909 1160 134 3082 1814 427 1494 159 4298 2119 4498 4897 2779 3601 972 103 1010 550 2295 2619 90 4486 4812 4388 80 1189 4127 856 4868 2353 4646 4408 962 2168 3683 1192 2538
3826 2804 4524 3962 2678 1137 4299 91 2809 1738 1299 1030 2071 3371 1823 3902 2908 3970 24 2521 830 4616 2154 2048 21 1775 1345 655 2099 3095 53 4737 687 3470 3671 3989 2651 450 4321 4283 1679 757 1248 2862 2834 3621 4339 3004 2169 1047 1781 3414 1761 4777 381 203 4181 4220 2488 16 1305 2873 443 3017 4326 1618 3324 4277 4366 1454 1101 1328 1065 1539 4788 2234 4359 3253 1121 783 1085 1838 877 4578 826 4515 2969 4295 1263 4045 2130 4180 727 1623 163 2729 4955 787 1112 2990 3176 10 818 3783 4706 24 2609 1781 2951 1042 303 3024 4738 3595 3324 4402 35 4764 2245 4002 2363 3918 1269 4842 1907 4727 1570 1524 3867 3566 2988 3323 1064 1542 3282 4443 311 4548 397 4210 3322 363 4531 3800 1351 4897 4373 4484 4713 1179 2263 4766 1567 4163 2578 3282 4433 3299 3185 218
3668 4524 3357 3381 4928 2872 3420 3806 2657 132 3934 3473 4374 668 2954 2615 4731 374 988 3829 4633 2063 490 1254 2814 2581 1687 48 560 141 3617 3576 3601 2839 1996 1732 3153 4630 1622 2092 1479 3422 2716 629 740 3384 1957 2360 2160 1432 614 3521 2915 2988 65 2044 3029 3275 2235 2693 3787 822 3065 334 4857 4376 2284 2957 2605 93 1559 3711 152 1989 2651 3732 1109 687 2018 674 3837 391 3029 813 185 1365 2748 561 2381 4309 3892 4957 4174 296 1974 18 803 49 629 4178 1402 890 3206 3946 4830 612 709 4507 3138 570 3491 997 1343 939 3133 93 2257 4387 2015 2249 4367 4585 4262 1925 2245 2708 4298 4295 3671 323 615 2342 3787 1518 2220 2422 709 3058 598 2968 4478 1019 3090 2613 26 1710 2145 3831 1446 2369 1435 1136 959 948 1410 1408 1405 2772 1285 2521
287 3962 3381 38 1294 738 4271 2826 4745 138 71 1167 2412 3424 4262 889 405 2137 593 1174 4689 306 2465 1162 670 4790 2352 1803 4331 1955 889 211 1705 1861 81 1694 726 2877 182 2043 1118 4281 4040 626 1434 2294 3703 2095 4839 1245 445 2202 850 1021 466 1007 3797 1118 3634 931 780 3075 4993 3256 2286 1529 861 1983 4899 3129 1254 89 3359 2670 3997 2292 1937 35 1774 145 4074 3596 1487 1559 3706 2272 315 4448 65 2593 3247 2244 1311 783 240 1365 2474 4520 4946 1407 4746 2287 1358 1152 910 246 543 4434 4567 4373 1951 3758 3462 1285 24 51 4511 3824 4787 1419 2167 966 3710 1839 4582 2127 4383 4563 4967 4686 4237 2011 18 2189 2424 4151 113 161 746 4749 899 2724 4503 4897 406 2548 2006 4110 4785 104 1299 4661 1568 3880 1250 248 2643 3052 2998 1007
3105 2678 4928 1294 3427 558 992 4606 2111 4948 769 4542 43 772 4962 1698 1156 249 936 2377 2499 3383 4034 1467 4659 952 395 681 3267 4687 3095 518 4079 3598 4574 291 1784 2969 4695 4642 1477 1199 2506 751 1248 3014 3697 3009 4166 146 3628 4583 2596 4356 619 4783 4582 3441 3493 1807 204 3384 3727 3500 1598 951 1537 818 934 4139 4063 4927 2665 1365 2752 3386 4324 1788 2645 3452 1134 1770 4726 1040 1227 1697 1404 4078 1903 2189 3626 4889 917 3794 2154 4669 4230 3784 441 4195 567 3092 3151 1268 2050 4687 2221 4618 4029 1031 2564 2012 2096 2860 296 470 4193 4511 3054 2688 1327 3692 1939 2351 2676 4815 4741 1296 1194 1977 3605 3670 1532 1790 1294 4386 1842 4968 591 4743 3639 4486 4516 2125 866 45 256 2645 4354 100 2247 4711 2156 642 4137 320 1147 1618 168 3395
1845 1137 2872 738 558 3985 4976 1333 1268 1500 2073 4134 4330 603 4859 1423 3802 2054 92 3610 3459 1584 741 4797 945 523 1290 1433 4445 585 1987 1136 3123 3628 1918 4640 1489 1283 3676 4221 2733 3226 57 176 1960 1142 4387 873 299 2090 2538 4801 3975 1500 1011 217 1074 3084 2951 1736 3400 2845 3512 1177 3154 3946 2514 2711 616 3278 4879 4063 2034 510 3518 3591 1571 2877 869 3142 1705 2670 1545 3420 4395 156 2596 3112 469 3276 1945 4190 1414 4889 2973 849 2194 418 4589 1986 2434 492 2829 3814 3762 2338 2901 1779 1045 3584 2441 1292 1465 2052 102 2582 3704 3089 4423 4108 4996 1858 4360 1418 2241 3738 2366 2315 4091 203 2348 2496 4191 1184 2497 907 492 4296 1203 1314 93 3345 3606 3845 4985 2256 1081 2039 2529 885 3411 1467 907 1553 1868 2468 3996 868 1783 1094
1226 4299 3420 4271 992 4976 1165 2878 4009 3330 1949 2787 1243 1109 1004 3103 393 1430 2482 1958 3407 1402 687 3584 2506 1366 396 2174 1046 4796 1611 1045 3761 2718 2966 1769 4517 2081 2124 1538 2080 1935 2227 3587 3902 4501 85 4266 1132 4650 795 4136 505 2924 541 4508 2900 2342 4012 2041 1329 4480 4075 1613 1101 1115 448 2038 53 124 899 4689 911 2775 2394 2749 230 3320 2381 3184 584 1374 4880 2251 1153 2469 1208 2751 952 1095 4611 2580 55 2881 1677 4993 3115 1301 3758 290 508 2813 3973 4406 1127 3867 2336 1901 1422 3023 2809 1383 4487 1896 1892 2615 600 2140 3498 959 2697 2271 3438 4386 3276 2325 387 742 3104 2183 803 1437 2807 2473 4919 1110 1965 4549 3283 2331 912 3143 4530 3795 3599 2843 2047 2914 4869 1666 724 3475 428 3434 4300 547 1290 2757 853 4683
1129 91 3806 2826 4606 1333 2878 1548 3108 2529 1494 1117 1005 1981 2380 4203 3196 796 482 269 1316 3358 430 605 2923 2009 3859 844 1364 4573 109 2194 3073 4027 1567 135 3643 4833 70 1572 845 550 4729 319 4262 3242 2395 1492 4951 1452 1142 268 4543 4167 306 3377 784 4529 36 49 641 719 2716 54 4382 243 2587 2316 1418 444 14 1023 2978 240 660 1309 3054 676 4908 832 4048 2546 4566 2852 852 3485 1166 2261 2985 610 1151 4778 2638 2219 4763 2054 2433 4677 1559 3757 2706 4809 957 2669 3072 1313 3792 3448 2015 1382 1598 4411 4921 727 3448 1028 2319 1894 4896 1684 396 2863 3424 3360 3186 935 3103 4132 1443 54 2997 2023 1509 948 1297 4465 4764 4528 3357 281 1872 3293 1941 2795 4857 2919 3527 2478 439 3433 3248 3036 1907 3965 135 976 3405 4335 3809 4773
351 2809 2657 4745 2111 1268 4009 3108 1124 281 293 2307 4912 4399 3410 3792 2463 736 3293 3679 4954 902 973 3820 1586 3057 4527 2180 91 4114 3495 2220 628 4110 1329 850 3334 2769 364 1736 3692 3315 4078 3779 4112 1268 1853 2511 2737 2271 3871 671 2966 3532 4239 3322 3460 1831 2942 3294 2517 1406 1984 2559 4853 3815 4389 2261 1995 3711 3515 2270 2185 3823 4507 306 4016 351 1410 2680 1800 756 2383 3530 3957 144 1349 3996 476 4220 4587 4148 1528 3024 1424 170 4084 1905 1886 798 1651 2064 2930 2608 1150 1615 3733 4347 4292 977 769 4378 1220 1988 1481 4252 4834 82 3828 1367 1621 1864 3322 2659 4100 4589 1631 1407 4105 4207 1363 403 2493 1777 2753 3841 2116 4713 4597 4850 1104 4663 4073 4238 2614 3475 4643 263 3803 4642 2205 1309 42 3564 3240 615 4159 4482 1431 833
2551 1738 132 138 4948 1500 3330 2529 281 3028 584 3297 719 3614 131 1638 2287 2823 3742 2100 1744 2993 409 4462 4468 4123 3299 3685 1367 3171 543 3197 3046 2948 4311 1461 3626 3578 1644 4662 3760 3735 2523 988 672 2879 4104 1417 3388 3323 4638 1992 4133 3777 3109 1266 3873 3237 1179 3291 4273 3327 1053 3656 1520 1222 1163 1061 1459 2939 1658 1986 4119 1215 833 3801 1900 1907 630 3396 3843 3832 621 1464 1927 4460 1453 2365 4838 3067 3975 3956 2671 1170 736 4886 857 4101 3118 421 1896 4336 1172 717 4530 1925 2518 1923 3070 3426 4434 3631 2323 945 3101 3430 4064 2924 581 3718 1926 600 3030 4144 1846 2173 2387 4814 1535 229 3953 1685 1004 4104 4318 3060 3282 628 2376 1396 4006 3006 1710 795 3669 1939 3275 3735 2678 2515 821 936 2122 725 565 862 1164 1455 4623 1023
4375 1299 3934 71 769 2073 1949 1494 293 584 3586 880 1454 4485 2053 3243 4765 1342 3606 4461 2827 1386 835 2839 3510 3743 1028 4812 3133 2012 4081 3394 2233 1742 984 2627 1650 723 2410 922 839 4185 4722 2304 277 288 1156 3866 3814 3829 2216 211 3235 864 2931 325 4006 609 4271 4267 4770 3247 2696 3351 2424 4857 1300 4695 2348 1551 3463 127 4206 3260 429 1777 434 4486 4807 4192 2542 1748 4572 1425 1544 2499 3713 4760 4940 4056 1074 3217 80 4959 1078 3082 3218 4831 1084 4784 4968 4994 2326 3584 1885 3500 4227 2042 3881 2144 619 1595 2950 450 1259 324 1409 407 229 282 4099 978 3028 2616 1681 1892 618 3135 3517 1904 4214 1328 2200 3340 469 1623 491 2254 3031 4516 1309 1358 669 3362 3315 1191 3113 3522 4104 2211 3167 2425 766 4809 2928 2872 625 162 4091 4569
648 1030 3473 1167 4542 4134 2787 1117 2307 3297 880 4641 1465 1864 1591 3485 2171 727 607 4781 4840 141 4531 4933 4027 2424 3990 2664 1802 1951 3128 690 3293 2130 2219 364 2432 1840 374 1151 2490 177 3405 1320 2233 744 2282 2768 1249 1043 2522 2281 4359 4766 1946 525 1131 1774 1731 157 4346 3008 2088 1386 3315 613 2287 1533 902 2376 427 1909 773 4450 2518 2591 93 300 4788 3598 2928 3896 3836 4293 1620 2946 4522 3517 4434 230 4660 4777 2843 2771 1702 2588 90 2159 2201 1349 3542 2458 857 4270 4922 181 3135 393 4017 209 31 4349 3647 3862 3781 4779 215 2192 3972 4381 309 3961 2614 2726 2919 1926 3949 3620 1475 2064 4322 4658 136 2517 2825 1168 4707 1119 831 2683 695 2433 3326 1404 4303 108 1259 883 1759 2742 4997 3534 2842 3147 3097 4530 2499 386 1251 432
3023 2071 4374 2412 43 4330 1243 1005 4912 719 1454 1465 2668 2171 2441 4022 883 1882 815 3643 3422 672 860 2787 3950 3078 4212 2486 1980 3911 2843 3070 163 2944 604 2919 4421 1806 1503 614 1302 3733 1244 3770 4008 2898 3805 3896 2592 2834 1801 4168 4838 818 4104 2242 2853 1163 577 3351 2151 1832 3268 210 1114 3685 3035 684 227 1198 3533 4583 1078 3670 369 4407 4214 4803 230 4811 2074 4851 4796 2357 4340 411 4694 762 2012 1684 4771 1818 3017 103 2029 4388 1250 233 2592 1866 1722 351 4938 1485 3165 2702 3132 314 2955 1965 2527 1773 4843 3563 644 2239 4726 1529 1241 1641 1083 4252 631 640 680 3326 3301 1783 2707 973 2858 2747 1217 3597 2325 848 1262 3327 1754 747 2022 2310 1124 1066 1727 1738 11 416 778 1109 3126 680 3621 2981 2270 3791 3274 2093 2270 461
4619 3371 668 3424 772 603 1109 1981 4399 3614 4485 1864 2171 2880 4771 2130 4975 425 612 4579 790 3863 4502 2890 3035 350 2697 2298 1556 2118 3104 677 636 3363 1657 4932 2391 1753 197 879 129 238 347 4148 3715 1726 4592 4519 826 866 13 4957 4801 2588 2432 975 2533 580 1277 1335 3480 1412 263 2728 4662 2839 1744 4299 2709 4233 240 355 1654 1828 3119 3862 1406 3619 2603 2387 1385 3485 1891 915 4772 3848 3676 865 1990 3672 2196 2958 3217 766 3057 1547 934 3917 496 4993 2141 2727 3212 2909 1057 2518 3780 4590 3876 3825 522 2707 2850 2741 341 4188 100 1427 4756 1335 1848 48 4400 1264 3667 927 1133 3454 2221 1301 3020 4502 4236 3513 1268 2226 4666 969 1090 3873 1316 4334 832 4681 1648 4689 726 4623 2505 4639 1632 1200 4364 654 3557 4196 4737 4084 2093 4448
427 1823 2954 4262 4962 4859 1004 2380 3410 131 2053 1591 2441 4771 2228 950 140 3267 2678 4905 3474 537 2081 106 4081 3478 3735 3485 75 497 738 4113 2452 2993 299 1869 2448 292 3884 2890 2178 4365 2162 4993 163 1218 3101 3136 1003 4213 4844 3613 538 3071 2346 1332 2273 2567 1846 2158 4674 4301 3827 3948 2069 70 1267 3245 4002 2812 2825 1331 2557 3447 2633 4370 3553 2722 3969 1331 2255 4228 2406 3350 4580 2114 2959 2529 2148 1511 336 4803 2824 576 909 317 2951 2475 1288 4875 4888 723 1543 2633 4356 1127 4392 3782 1153 2255 1368 4274 3421 4372 2870 2188 3556 3155 1711 4773 2124 3325 184 3454 961 4745 3268 2393 149 3244 575 2634 2714 2515 4901 661 4611 2867 2359 3430 3055 4454 1463 235 473 3329 1157 647 3061 3120 2489 2139 3655 1027 3800 1143 3338 3300 2646 1547
4087 3902 2615 889 1698 1423 3103 4203 3792 1638 3243 3485 4022 2130 950 1296 975 4549 2035 1372 3583 1588 4626 205 2650 2619 2743 4342 3720 3491 894 3978 374 2517 4377 3604 4257 4379 2124 956 1027 3299 764 2899 1475 2662 1098 2394 3807 710 1403 4570 197 3683 3174 2435 3229 2002 3087 2485 2374 3455 353 3983 3322 1637 4244 2623 2926 2072 1837 597 2755 1534 286 2207 1273 4811 911 4994 4960 796 4625 4836 4413 1273 727 2292 3054 1232 21 19 3131 4564 4564 2261 2826 4384 3417 2937 676 925 2673 3972 1937 1255 2059 4141 4401 4106 3032 2097 2422 3850 183 4703 1016 3756 4462 362 1022 1202 4085 3936 1725 4404 2430 1661 4585 3095 71 1144 1829 4199 2097 3678 710 3723 2794 57 2573 678 4861 3805 3748 1677 1019 3934 2922 777 2102 2546 4399 2259 2475 4361 16 128 4052 3566
267 2908 4731 405 1156 3802 393 3196 2463 2287 4765 2171 883 4975 140 975 1965 3397 2948 1024 4809 572 469 3560 4668 2859 3614 884 894 4049 943 4904 4857 3745 11 885 309 619 2273 3444 4610 1497 2071 2749 1223 1458 949 2293 2198 881 4694 4758 355 3371 2907 4829 4478 2112 4717 3153 4871 1027 4174 1811 538 3583 2759 247 1377 4435 2579 1078 1893 2112 3619 1276 817 1962 1434 2612 1139 4342 4599 1603 75 4466 2129 4742 4379 3827 1811 413 4149 3743 2743 2781 155 1100 2445 139 4626 243 3612 4290 1595 1057 985 3285 1615 575 3773 2962 2063 688 1316 977 915 2019 803 592 2422 2015 807 3711 982 3836 4895 4824 690 1042 1569 2626 3681 1154 2134 1566 2529 4934 1944 4782 2989 4438 1105 3400 3453 736 4008 2171 4360 3574 4839 2453 4409 766 4947 4330 2942 3109 2162 4644
4844 3970 374 2137 249 2054 1430 796 736 2823 1342 727 1882 425 3267 4549 3397 4919 2474 1071 4233 2181 3525 4225 3720 4272 2272 555 3168 455 3980 1497 4510 3893 4866 1697 3536 4597 1574 2625 1676 4734 1201 2557 169 4879 1236 4121 4893 4122 1820 3072 3318 1137 1791 3855 4962 3636 1429 2045 2961 953 4044 4009 4720 1173 1930 3284 563 3461 2241 1625 4491 716 165 3574 2559 1189 1064 105 2745 3212 3376 2607 3088 1530 4852 2575 2889 4274 3613 1563 1686 4890 2126 3638 1518 798 1740 3253 4423 1590 2184 3623 2398 4067 1806 1117 2863 277 1898 3108 22 4727 1233 4091 1494 3039 128 2455 4011 913 3406 3882 4794 484 2523 2598 4538 4268 377 858 3772 3284 2245 4415 589 4274 315 4393 1807 1211 2972 1262 2720 2857 1677 464 706 687 3921 2266 3441 2805 2776 4875 3481 789 278 2822
2918 24 988 593 936 92 2482 482 3293 3742 3606 607 815 612 2678 2035 2948 2474 2324 491 3208 3717 1688 2932 3223 1217 1581 323 3392 697 4781 2545 1264 3503 3954 1277 1430 1314 1605 4017 212 383 3764 691 2102 1338 2137 1138 2017 2056 4208 2173 1677 4989 4932 4925 3220 4087 1238 354 2211 4162 4265 2485 1315 108 859 3320 1630 1842 4168 594 1617 1283 542 287 3309 4536 3692 1373 2640 2011 3127 1361 1157 3881 3712 1809 1979 4988 2194 1643 1947 2345 2286 1234 146 152 2500 4775 2716 4569 1571 121 279 1363 2920 80 1422 2054 2670 1304 4597 855 4690 1537 4921 2479 2146 1841 1301 3683 4933 4749 3487 4618 4547 3825 837 4060 4681 2513 474 3798 628 2465 4204 3588 1156 4777 776 4809 942 2867 2706 1303 1160 4095 4444 4089 2727 2993 2386 3983 1656 1499 1320 4285 647 2272
3285 2521 3829 1174 2377 3610 1958 269 3679 2100 4461 4781 3643 4579 4905 1372 1024 1071 491 3536 1530 974 1014 951 1578 4766 834 705 1106 2610 4724 1770 4120 69 2597 4825 1090 1424 4884 3141 617 84 3656 866 3379 3597 666 551 1325 3325 952 2162 2101 3941 2261 221 2792 379 1895 4759 4993 3738 3982 3075 4428 3955 1781 3375 1919 2191 4800 1621 13 1363 206 2520 3384 4994 370 4737 1507 2595 309 4477 3321 3008 4208 2676 3059 497 2232 88 918 2846 4212 4810 1764 4979 2918 319 277 1977 2829 2810 1652 4168 3986 222 3018 2406 1042 1365 842 146 187 1887 3733 1545 2041 2726 936 1372 1740 4193 2202 4932 2634 2921 103 70 4107 3105 2266 3897 203 3143 2961 4932 1113 384 3949 1357 347 4483 574 4889 1296 1969 4515 2378 4989 4170 527 4545 1690 1208 3571 4321 1121 1763
2560 830 4633 4689 2499 3459 3407 1316 4954 1744 2827 4840 3422 790 3474 3583 4809 4233 3208 1530 4348 552 3788 1982 2344 3001 3580 4237 533 2244 274 2468 3030 446 262 2086 295 4958 4688 868 1787 1274 1266 3040 892 575 3552 255 2506 1141 4853 4022 4837 669 4010 732 2111 1457 1255 2494 2615 1603 4158 3125 4439 1490 805 601 1456 1233 3935 2900 1501 4490 4891 3379 4727 4380 757 2626 3308 1722 1224 4736 3612 4194 4601 144 875 4576 3115 4189 1716 326 4497 1675 361 2894 1934 3977 2382 3957 1924 3495 1595 4742 1083 927 4445 3939 1827 3026 4895 3165 1557 4934 3185 3253 1864 827 1098 2936 912 974 2088 4455 2184 937 444 1088 915 3102 2856 1386 2693 4566 4870 1516 4987 4421 3645 1593 4440 3108 696 3937 3264 3446 4084 3526 103 1108 3088 4809 934 3144 4885 3812 4852 2707
4942 4616 2063 306 3383 1584 1402 3358 902 2993 1386 141 672 3863 537 1588 572 2181 3717 974 552 4530 4818 2387 1883 4884 360 3434 1394 4699 1677 1274 4964 96 2318 428 3456 531 713 1791 957 4121 3208 4616 2260 331 1032 2640 3118 4785 2496 1151 3449 4764 3075 4370 3604 2855 2029 517 1677 78 3387 3031 3227 1240 1571 3567 4246 4829 3900 4464 4965 2145 3773 2906 4399 3514 4664 521 1853 4882 649 1460 1353 382 1207 4380 818 3848 2524 4199 1569 1273 824 4317 1558 3967 2538 1632 1423 959 2187 4098 4917 4495 1537 3613 2421 958 3690 1314 3819 1314 1183 4720 4312 257 2369 1902 2009 13 3772 461 1338 568 2777 2857 2152 55 3763 3774 2411 4203 3889 4456 2441 3905 3048 3148 3790 4400 504 2251 3188 4344 3091 1477 4815 2939 198 4535 588 794 2227 400 4034 1294 1845 2720
601 2154 490 2465 4034 741 687 430 973 409 835 4531 860 4502 2081 4626 469 3525 1688 1014 3788 4818 1001 4222 4504 1804 4703 366 3130 2651 2247 4726 3490 1095 2090 3887 4322 396 2996 3364 3732 2642 3230 3620 1116 330 2412 4989 1743 4802 1872 924 2551 1665 853 123 1129 154 4327 4748 2153 2677 2801 261 4268 2928 3765 2869 1492 4426 4063 1831 3433 4979 1768 558 2755 4999 3444 1052 1449 4789 432 296 269 3616 3944 1022 1471 4985 3835 100 1190 1140 3530 1018 3951 4457 1689 2915 3247 1692 562 1184 447 4499 4710 596 3709 2663 1886 4844 3216 2670 626 1367 4163 3954 2321 1063 3631 1366 897 1718 1691 3835 2873 716 2306 2724 2299 3058 305 3241 3205 84 354 2454 1961 4737 4359 667 3204 3775 1838 4458 444 831 3289 1025 1604 3256 1156 4298 25 4121 1803 2955 948 1780
4477 2048 1254 1162 1467 4797 3584 605 3820 4462 2839 4933 2787 2890 106 205 3560 4225 2932 951 1982 2387 4222 3610 1699 2404 4259 1771 2708 3923 2006 2216 4732 1684 1303 4390 1665 3292 734 725 1453 2918 3851 4066 589 1350 1878 1507 1011 1587 3970 4342 607 836 4655 4892 202 3868 2599 963 1387 2686 3667 4616 436 4217 2914 2296 3050 4835 3250 4217 3466 55 2748 1636 2164 1947 4296 2597 1713 3631 1241 1477 2195 909 1221 3164 3879 4205 1778 963 724 4639 1717 4594 2461 4715 2773 3987 1597 2884 906 4825 989 1045 2038 334 4933 2431 4276 2763 1014 678 2271 2229 2664 3802 1822 848 3183 4402 2448 2889 3940 4376 662 3190 4207 4800 2101 2465 1311 1650 4234 920 1835 154 3437 4406 3301 3008 1705 1257 743 426 2893 364 3517 4789 3470 878 2235 4449 512 3179 3898 2954 2003 4391
328 21 2814 670 4659 945 2506 2923 1586 4468 3510 4027 3950 3035 4081 2650 4668 3720 3223 1578 2344 1883 4504 1699 924 531 50 1574 3719 1111 331 3256 1105 3250 486 1096 2298 1399 1957 4142 4790 3523 4076 3911 1155 1552 1669 2687 3740 3136 3710 4811 1992 3527 1595 3032 275 2442 890 3945 1833 382 411 2863 3833 1376 2798 1026 3618 3326 612 2397 433 211 4754 3852 3992 3559 3064 4657 2130 994 4662 2876 4350 4946 4639 1868 3462 206 283 472 2650 2591 2300 808 2854 3844 3430 3568 3993 2514 2316 2829 4762 2377 121 2188 3677 1049 3424 3929 3852 275 4665 4968 1673 1835 3713 4759 1175 919 2620 4215 3088 910 4373 227 4824 3360 3848 2319 1347 2960 4844 4620 2534 1765 1098 3647 2123 3184 3708 2776 2243 3305 16 4316 260 4845 2953 2792 161 1109 3066 1154 4108 3735 3306 3605
1571 1775 2581 4790 952 523 1366 2009 3057 4123 3743 2424 3078 350 3478 2619 2859 4272 1217 4766 3001 4884 1804 2404 531 2010 3564 1303 1001 4262 4859 4127 3212 3776 4076 3489 4722 144 4410 1851 3465 1428 4910 2931 3703 1043 3738 2144 3616 2195 1856 575 2296 3811 2993 2519 4701 4911 2163 1560 221 346 1266 656 2437 1203 4515 3849 2796 2097 1228 3256 1855 722 2871 444 4758 1988 664 4954 4286 4340 588 1048 4117 486 1715 2086 199 4033 1002 4255 2416 2783 2768 467 1485 1090 4730 954 2922 2933 3720 4947 3173 4699 1331 1152 2337 1586 4301 1505 1244 1189 1030 4491 4505 4822 307 1670 2219 4767 1482 4131 2333 59 3476 4542 3808 293 4038 4697 1751 3332 4429 1794 2329 1585 3087 4749 3161 3001 4860 3032 215 819 1799 3657 4909 404 3515 1459 3205 1118 58 3789 3489 1663 383 2085
1882 1345 1687 2352 395 1290 396 3859 4527 3299 1028 3990 4212 2697 3735 2743 3614 2272 1581 834 3580 360 4703 4259 50 3564 3371 4334 899 4186 671 2112 3440 806 4731 1458 2283 377 3943 772 1187 1272 3042 1453 879 3500 3096 4187 3756 3593 507 2670 4474 2899 4636 1587 295 2567 2556 4272 2878 1709 3938 4256 2154 1733 3849 832 4065 4230 3743 4502 4284 4186 1424 2726 4568 2872 2427 366 3992 2121 3467 2161 3918 4646 1084 880 2204 3744 3860 3448 506 3649 3052 2344 720 4318 1853 708 3791 1934 71 1054 310 2776 37 2298 265 4207 863 2134 522 3619 2045 4156 2934 2515 1246 4683 84 488 1981 2317 2816 1374 3610 1243 2485 1943 345 1646 3240 4121 582 1834 4818 149 2632 4807 3696 787 4513 3404 4196 250 1488 1680 1805 2521 1017 4123 4120 2502 3305 872 1308 4124 1570 2862
3055 655 48 1803 681 1433 2174 844 2180 3685 4812 2664 2486 2298 3485 4342 884 555 323 705 4237 3434 366 1771 1574 1303 4334 2609 1230 2863 973 4696 1648 404 1200 1636 4408 3783 93 3271 3157 4929 4714 4770 2111 1280 3468 3906 1714 4051 1303 2376 1310 4280 4108 2644 2951 269 2735 441 4444 3526 4298 670 4945 4798 3234 2694 4683 2318 635 3922 92 3281 1416 3424 1558 3368 3020 4147 711 2612 4634 2618 3914 4104 2799 4736 2520 1108 618 3333 1641 574 1294 1701 4313 3865 4647 3833 1890 3086 4882 1185 107 1262 3443 3578 1760 1414 3867 3861 2541 1741 3776 1390 1145 2703 109 2505 1446 2338 1691 1190 4433 3877 1590 828 560 315 4765 3866 3384 1039 3432 454 4822 1757 198 3399 2476 4457 3950 3997 729 1720 2980 1997 2661 709 4442 85 1806 1242 4487 4220 3137 3427 4274 2741
2159 2099 560 4331 3267 4445 1046 1364 91 1367 3133 1802 1980 1556 75 3720 894 3168 3392 1106 533 1394 3130 2708 3719 1001 899 1230 361 2927 919 373 3570 1709 2738 1203 3662 4843 3726 4830 2814 4628 3306 11 1976 2367 2410 4292 82 3254 2349 2614 126 4286 4778 190 1647 800 2102 4094 655 2146 1303 4715 359 2419 4885 1512 1550 1768 1878 828 1045 340 2128 1758 2598 3900 174 4726 4485 3027 4688 3058 1493 1776 4632 2564 1732 3376 627 42 791 3148 559 71 4975 3869 4003 2178 2472 3480 2487 4354 4915 4407 3232 2156 2712 2637 3503 3320 4578 3266 1180 4865 2183 3490 4874 2959 3645 4222 3472 3579 1258 2438 4595 1247 4071 227 4441 4019 472 4257 2700 3365 973 4639 4548 3456 274 1093 3356 3603 499 2977 799 4477 713 785 1843 1563 2099 344 1367 2957 4417 89 156 189
454 3095 141 1955 4687 585 4796 4573 4114 3171 2012 1951 3911 2118 497 3491 4049 455 697 2610 2244 4699 2651 3923 1111 4262 4186 2863 2927 4491 3762 4179 2347 2485 306 4268 1368 1621 484 731 3264 3004 3735 1202 1514 797 2216 4480 2309 4435 1715 1155 4025 4234 1239 985 1512 1817 1332 32 3972 4958 4087 4469 376 4594 644 485 1952 573 4147 3617 4565 4592 3464 4316 2889 1800 2084 645 2978 3300 4107 3731 570 2150 155 3183 3532 4320 1428 1396 4257 2160 1653 2735 4108 4221 4362 3484 3852 662 678 322 1105 1827 2540 2770 1842 3017 3875 3842 1130 4940 1174 3365 2812 261 1239 3771 3516 517 3657 1176 3936 3272 2690 3724 1227 4263 1107 3698 3134 3257 1378 4288 493 2965 3953 35 2528 1706 4071 1278 1741 2597 3817 1702 2560 3098 2223 1263 277 1429 1216 3096 509 1420 325 447
293 53 3617 889 3095 1987 1611 109 3495 543 4081 3128 2843 3104 738 894 943 3980 4781 4724 274 1677 2247 2006 331 4859 671 973 919 3762 911 2015 2690 3904 1674 359 3939 2057 488 2287 2174 4215 2833 3183 4298 1097 1718 1678 1668 2895 476 1421 3509 3304 107 1919 4796 490 773 3191 1023 4866 4268 837 2066 1897 4263 581 3016 569 3968 313 2031 3299 4765 3319 4778 1328 1613 664 1781 4487 1894 753 3257 1752 4759 1575 2670 923 734 1068 2841 629 1422 1288 4832 2790 737 2081 453 1111 1940 4400 2050 1207 3406 4920 3025 257 3369 843 3443 3598 298 4286 3400 1513 2518 558 1895 2588 1718 1579 1992 3588 3103 2543 841 2639 3068 3844 3095 2895 698 2368 2198 1154 1678 880 4379 160 3577 3546 1448 1766 1698 2748 1975 486 192 3002 264 4952 2667 3768 4303 1690 2903 255
2929 4737 3576 211 518 1136 1045 2194 2220 3197 3394 690 3070 677 4113 3978 4904 1497 2545 1770 2468 1274 4726 2216 3256 4127 2112 4696 373 4179 2015 3009 3899 1697 1247 1291 3040 4608 1910 3682 310 1870 1869 1453 2667 3543 3733 1849 434 535 1696 2521 3851 2444 1981 2624 3324 2982 3510 1384 4552 2445 501 3915 3099 4826 553 4565 1674 4305 2635 2349 4332 691 872 3674 4448 2855 3214 2359 1313 2409 1925 3339 1415 3822 104 1179 4475 4936 4644 2416 3290 1058 319 4558 2361 570 4184 4226 312 2826 2107 146 1593 3552 1702 2069 4405 4507 3003 4926 4992 3104 3776 2017 4852 3674 3696 4356 3380 2242 2217 4321 2787 1943 4912 3852 4631 2328 2514 3649 491 2220 1944 3680 3757 3907 815 1752 1414 3623 3296 1380 2317 608 2480 4514 3038 4855 228 451 3503 3343 3819 4878 3491 101 2178 612
2531 687 3601 1705 4079 3123 3761 3073 628 3046 2233 3293 163 636 2452 374 4857 4510 1264 4120 3030 4964 3490 4732 1105 3212 3440 1648 3570 2347 2690 3899 793 2426 399 951 3925 3760 1901 3365 3922 4526 4123 3275 4706 3326 215 243 1409 1176 3849 2433 4013 1377 1001 4013 1197 4118 1535 4081 360 3376 4031 2328 1031 2122 719 2520 2634 4174 2953 2513 3024 1624 3192 4063 1330 3967 4953 3992 2335 4965 3727 4756 1877 3535 4633 2104 163 1001 2348 2296 705 4707 1057 4366 4326 279 1348 1413 3113 4137 4316 886 1983 1405 1706 1511 4788 3912 3862 3303 4122 3983 4279 194 707 2011 4169 213 1814 4674 121 4914 2763 658 3268 4643 4205 935 226 3483 2181 4831 1072 4340 4860 2643 3504 788 2965 1101 4763 2713 4056 4470 4831 752 4304 1489 4105 4018 3579 211 3255 4749 3274 2759 2322 3873
394 3470 2839 1861 3598 3628 2718 4027 4110 2948 1742 2130 2944 3363 2993 2517 3745 3893 3503 69 446 96 1095 1684 3250 3776 806 404 1709 2485 3904 1697 2426 4348 4847 2663 1374 2398 929 2984 4220 4903 1332 1012 3062 4785 1219 19 2745 4435 3924 4707 2186 205 2546 4841 3754 53 870 630 3550 1632 4709 1131 48 1206 3690 3925 140 712 71 3131 3526 3055 2883 3533 4620 3081 2360 3813 1861 3047 2372 2667 3008 4420 4468 1791 193 3877 4171 947 762 1861 2138 708 245 4102 3371 1465 4686 1392 1270 404 4564 107 2546 1692 2247 1311 4909 2565 3024 2005 2958 4308 2551 4025 410 4009 3259 281 1543 332 4038 114 4459 4074 1638 4967 1950 2670 465 3065 4279 4922 4317 4065 259 175 3580 227 1213 2343 1605 3978 2580 3091 1423 885 4237 4189 3525 1805 4701 3707 2677 1030 4341 3903
2395 3671 1996 81 4574 1918 2966 1567 1329 4311 984 2219 604 1657 299 4377 11 4866 3954 2597 262 2318 2090 1303 486 4076 4731 1200 2738 306 1674 1247 399 4847 4669 1385 2687 962 852 4761 4749 3847 2803 2822 1733 3888 1610 938 1381 3064 3267 2046 3418 3969 3587 3410 3258 3057 2341 3627 4774 4297 1850 4245 854 4844 2680 2407 1478 2844 1274 1688 1461 3015 4869 4790 4172 298 2829 3599 3171 2067 763 215 739 3866 1312 4223 398 3680 697 4850 3012 2271 2772 4106 2229 88 4047 524 4040 3708 4911 2175 2269 202 3745 3943 4127 19 2401 398 268 3934 3103 523 2966 2227 409 4122 3866 2258 2444 1799 1697 1915 2523 4307 4537 620 2055 1552 2059 1102 1616 439 4728 4286 1762 2126 2326 694 456 435 772 4097 2794 2470 926 3891 855 1138 92 890 4404 4568 895 403 895 22
3979 3989 1732 1694 291 4640 1769 135 850 1461 2627 364 2919 4932 1869 3604 885 1697 1277 4825 2086 428 3887 4390 1096 3489 1458 1636 1203 4268 359 1291 951 2663 1385 727 4385 3758 1242 3065 3043 3601 1398 4738 3994 3968 1995 1149 3931 847 1248 296 3210 66 114 3774 3659 1911 2826 1436 3883 1837 1907 4998 438 1383 2615 4903 979 3043 2187 2899 2111 3365 3912 4135 1973 4441 3804 1209 4399 2966 4972 1607 4661 1205 4055 4954 3043 1085 4155 283 4268 4686 590 1628 4163 4180 762 4732 1180 1964 1134 3092 331 3454 64 2805 233 4175 1993 1342 168 443 4620 3708 1559 656 167 3177 2048 2823 418 2222 2496 2709 2403 1743 62 2391 3913 931 785 236 2165 538 2333 334 4407 2442 4391 67 1281 1112 2933 515 954 4545 1183 3049 2115 1079 1136 2366 4935 1310 4310 3681 1803 2040
2891 2651 3153 726 1784 1489 4517 3643 3334 3626 1650 2432 4421 2391 2448 4257 309 3536 1430 1090 295 3456 4322 1665 2298 4722 2283 4408 3662 1368 3939 3040 3925 1374 2687 4385 791 2776 2245 1929 1484 3450 1066 2812 3077 4404 539 1177 353 4331 3879 1543 3523 1399 3395 3877 3959 1930 3957 1409 4795 3664 4938 1479 3569 1338 50 3780 2871 4184 2960 2064 2892 4107 1124 3922 300 3802 4218 2494 3389 4760 4584 1525 2466 2082 29 923 2553 4353 1293 4494 3320 1204 4170 1845 3257 4973 2333 4314 3114 4774 2874 34 2773 2702 2213 3346 4798 3551 3224 2743 282 176 3593 3557 1071 4687 2177 1559 1146 3986 3788 717 2644 2377 4873 916 4178 3575 756 942 1312 4096 4702 646 931 4388 1399 2614 489 1004 1061 1968 2158 3714 1957 831 4292 919 4341 1516 3244 1159 1721 1144 225 3586 3495 2103
2571 450 4630 2877 2969 1283 2081 4833 2769 3578 723 1840 1806 1753 292 4379 619 4597 1314 1424 4958 531 396 3292 1399 144 377 3783 4843 1621 2057 4608 3760 2398 962 3758 2776 1374 1059 3952 1679 1208 2629 4501 2148 4911 3362 3336 480 2237 3792 4039 1021 414 528 1004 4039 681 2892 2057 4366 3174 4438 3199 4147 4154 4483 1479 4464 821 2811 4350 4447 382 220 3561 4019 3551 2655 3265 4231 2676 2037 1288 812 2484 4419 4116 177 1505 3703 68 2276 1113 1564 1693 2221 4596 2682 3709 966 3750 4480 2578 3792 2625 1365 1425 452 4761 2386 2952 3954 2006 4719 1653 3822 3722 3553 1148 3005 3653 2696 2548 4911 419 4648 721 1162 1977 3375 2700 1110 872 2061 1014 4066 355 4195 141 2918 125 1757 3556 4112 1935 1335 4031 607 1324 1920 1884 1935 1543 892 2108 1460 792 2060 252
1889 4321 1622 182 4695 3676 2124 70 364 1644 2410 374 1503 197 3884 2124 2273 1574 1605 4884 4688 713 2996 734 1957 4410 3943 93 3726 484 488 1910 1901 929 852 1242 2245 1059 355 2821 4632 4763 968 3983 1513 3876 1292 3957 3584 944 2195 2630 4839 3638 999 3105 954 2471 4629 809 1676 3899 4004 2685 2574 4281 2065 272 1197 1007 3547 506 849 1171 3442 1093 4833 394 1536 528 923 2661 716 4470 198 3766 371 1963 2582 4503 413 3541 2223 1933 3184 2321 711 1457 3945 2070 4871 3464 1312 2826 3080 2632 1135 2486 2221 2120 4472 3255 1236 3402 2519 4208 354 809 4142 3509 3952 3192 2850 4722 1532 1721 2961 1135 3036 2379 1928 4993 1415 1571 3470 2445 1490 310 1951 2861 2315 2774 1611 381 3736 4060 3065 2533 4826 2994 2588 4254 2021 836 2775 1812 2159 3766 95 840
517 4283 2092 2043 4642 4221 1538 1572 1736 4662 922 1151 614 879 2890 956 3444 2625 4017 3141 868 1791 3364 725 4142 1851 772 3271 4830 731 2287 3682 3365 2984 4761 3065 1929 3952 2821 4022 442 3191 4150 986 3701 41 4599 3142 1358 1143 3923 2649 385 3602 2002 3944 3329 739 4969 3865 2942 721 2492 4005 3066 4944 2204 907 853 2405 4736 4378 3023 961 4974 197 4100 313 4670 56 197 1723 1971 2852 34 3339 3133 597 2992 1214 220 3002 4885 4859 875 736 1325 4988 108 4069 820 3937 3202 3691 4513 4505 2857 2759 1429 2209 1255 2693 3402 1704 1386 2938 2108 1789 959 4525 3952 3477 4021 2011 3335 79 1353 3289 1100 2053 1580 2784 164 1080 2466 4180 728 688 2952 4827 1796 4615 1433 3385 912 1207 3048 152 1590 2386 4277 1369 85 3223 2901 4898 4489 1830 4977 3747
1618 1679 1479 1118 1477 2733 2080 845 3692 3760 839 2490 1302 129 2178 1027 4610 1676 212 617 1787 957 3732 1453 4790 3465 1187 3157 2814 3264 2174 310 3922 4220 4749 3043 1484 1679 4632 442 2366 3040 4034 127 4195 2081 3646 4942 4867 4771 3724 3657 613 1519 4188 654 2504 1827 1208 904 2307 3396 2192 628 3859 2959 3836 843 4538 4370 4074 2651 1812 4356 3581 3681 4827 3973 3207 3989 1446 904 1111 4557 4693 388 4022 567 2666 3543 865 3810 294 4108 1382 4733 2691 1535 1692 2497 4960 3796 4624 1254 2419 2402 165 4565 4809 4835 3987 4435 355 3813 2614 1438 796 278 2513 4732 4798 2147 922 3549 444 1892 3600 624 1309 1252 3552 4603 2577 4224 4268 4217 2076 293 3423 3703 1686 597 3274 3763 1681 2218 4301 3795 1597 4740 2861 4195 1757 4364 977 2774 4448 997 1575 2998
2493 757 3422 4281 1199 3226 1935 550 3315 3735 4185 177 3733 238 4365 3299 1497 4734 383 84 1274 4121 2642 2918 3523 1428 1272 4929 4628 3004 4215 1870 4526 4903 3847 3601 3450 1208 4763 3191 3040 779 1446 1999 3975 3117 1112 4994 2368 4535 2136 3433 4888 323 912 3992 4172 3052 4301 4350 1359 4874 4257 4087 3152 3810 4982 117 1674 2248 2254 1248 2509 2778 2895 4722 1486 871 3544 785 2390 598 4125 1925 4218 1903 1170 1814 4296 4159 2586 3003 4703 222 950 4170 670 2616 4329 3400 3741 2378 541 4814 106 665 3528 60 368 2168 4449 375 4486 1690 2068 3259 1001 239 2031 1564 3613 515 2738 3700 475 4896 1714 679 4169 4018 2744 3839 4365 1396 3479 62 892 1837 276 1333 2029 2029 479 999 4083 1909 3303 3897 3971 2045 4791 3659 893 3392 4812 2978 43 1257 822 4812
2254 1248 2716 4040 2506 57 2227 4729 4078 2523 4722 3405 1244 347 2162 764 2071 1201 3764 3656 1266 3208 3230 3851 4076 4910 3042 4714 3306 3735 2833 1869 4123 1332 2803 1398 1066 2629 968 4150 4034 1446 1008 595 4936 1442 2975 1838 3791 780 4301 2357 1338 4898 572 3014 4836 1180 4851 3284 1391 3000 910 1751 1935 903 1277 1649 880 3099 156 3872 285 2395 2115 1800 3723 191 4250 3002 813 3583 1770 1935 4226 4045 520 613 4086 983 817 3986 414 2096 2187 978 2277 3757 1593 4690 718 1692 775 1966 2349 4165 3642 3001 1820 239 4617 4682 2048 4669 206 4680 3925 819 3198 425 3655 1408 4498 4108 3960 3272 1725 3337 1131 2318 3664 2409 331 940 4663 4573 3158 3201 1522 3358 4230 3062 513 1592 2598 3911 4020 380 1602 4569 899 4782 465 4863 4989 1698 664 4859 536 1720
1855 2862 629 626 751 176 3587 319 3779 988 2304 1320 3770 4148 4993 2899 2749 2557 691 866 3040 4616 3620 4066 3911 2931 1453 4770 11 1202 3183 1453 3275 1012 2822 4738 2812 4501 3983 986 127 1999 595 2519 3130 1115 2815 4426 2221 4259 2703 4220 4875 4318 4107 1445 999 2696 4637 2866 3923 1357 3772 790 2747 3447 2356 850 2317 2952 3818 441 2998 4850 3120 3449 2776 4926 4065 2683 590 3535 343 2137 4454 1413 2986 1829 1577 4839 3438 3635 4469 3472 4443 3882 1396 1386 2327 803 461 2630 4651 2711 2866 3999 3697 2012 2781 2346 1840 1622 1143 36 2673 2649 2903 3694 2199 361 92 4359 3164 2208 4587 917 4904 4466 480 3721 3537 722 3258 3398 4450 4393 2033 2343 1847 2854 2493 765 715 4249 2536 4003 4568 4152 4470 3017 3424 895 2374 2512 1972 3428 3756 1497 1262 445
1026 2834 740 1434 1248 1960 3902 4262 4112 672 277 2233 4008 3715 163 1475 1223 169 2102 3379 892 2260 1116 589 1155 3703 879 2111 1976 1514 4298 2667 4706 3062 1733 3994 3077 2148 1513 3701 4195 3975 4936 3130 2354 1989 1815 1702 1577 1221 4728 2066 492 3209 3132 4910 744 2432 1919 4294 1059 442 3661 181 1391 1303 4737 3433 2962 3245 4035 1634 4056 3358 3393 534 1714 4014 3270 373 4283 4169 3621 21 1289 4889 2388 3908 4231 3746 1050 2268 4541 633 3767 1381 1724 2149 3905 316 4277 4153 4641 4692 963 690 2963 4161 439 3637 2639 2116 1764 1382 3021 4910 1516 3352 3367 4790 1166 3005 2481 3248 3996 2126 672 4603 1102 2179 4184 2220 1462 1256 4818 671 3987 4626 488 2173 2833 3604 2962 1743 4589 4251 139 4226 3326 4380 1720 1188 454 4497 377 764 1062 4964 2366 1528
287 3621 3384 2294 3014 1142 4501 3242 1268 2879 288 744 2898 1726 1218 2662 1458 4879 1338 3597 575 331 330 1350 1552 1043 3500 1280 2367 797 1097 3543 3326 4785 3888 3968 4404 4911 3876 41 2081 3117 1442 1115 1989 4405 2754 628 2217 195 1300 2008 1475 604 3845 3124 1314 2054 4868 4077 3466 307 302 1427 3569 3870 3852 1081 1760 1606 3140 4436 481 3549 3580 2960 2965 1026 2599 3414 4459 3260 1316 3713 1961 4716 3474 4684 3936 2751 4359 338 326 4844 1092 4123 4547 4191 1517 3700 614 4802 93 1317 3854 2236 3507 4239 711 2005 2310 2756 362 1579 233 2183 909 1659 1513 4986 40 3939 3408 1871 779 2638 314 4342 4797 3082 2821 456 3357 2228 1361 4741 2273 4431 3502 4700 3602 283 2762 4416 1584 1309 315 3903 3345 4716 2918 200 2320 3406 3307 3414 2118 2275 3211 4899
876 4339 1957 3703 3697 4387 85 2395 1853 4104 1156 2282 3805 4592 3101 1098 949 1236 2137 666 3552 1032 2412 1878 1669 3738 3096 3468 2410 2216 1718 3733 215 1219 1610 1995 539 3362 1292 4599 3646 1112 2975 2815 1815 2754 3706 2042 1655 80 4870 4100 3291 4013 2763 3097 4850 1058 3022 2905 241 1293 321 3710 1651 2708 4522 2693 2904 893 2594 2108 1229 2710 3335 217 2439 2822 1958 2018 148 4605 4041 3743 3440 3861 1704 3916 162 3580 3293 405 4282 2083 4997 2910 794 4966 4943 3433 3516 2559 2019 3962 1479 949 240 1399 445 1596 1154 1950 1564 1275 2734 3648 374 2024 521 559 4448 1356 574 901 4593 2887 4359 1575 1828 4634 3435 4888 1446 1601 84 2476 892 4879 927 971 1212 4579 2944 3603 1331 3763 1976 2332 792 3835 762 1547 1776 1794 944 2023 2671 2673 2882 3705
4199 3004 2360 2095 3009 873 4266 1492 2511 1417 3866 2768 3896 4519 3136 2394 2293 4121 1138 551 255 2640 4989 1507 2687 2144 4187 3906 4292 4480 1678 1849 243 19 938 1149 1177 3336 3957 3142 4942 4994 1838 4426 1702 628 2042 1563 1565 2221 188 3432 3863 576 2041 4242 4488 1495 724 4939 944 4106 1258 4491 2272 3364 4049 4819 2069 2569 4153 823 3914 3306 3531 2430 3586 2999 1283 2209 1982 3068 646 4775 3591 4635 2944 1448 701 2900 766 802 1917 273 2627 1569 1172 3352 533 2599 1605 3299 2846 2025 4134 4582 314 3175 2272 1282 1777 994 3486 1903 4928 1491 2323 3436 2732 2419 565 4938 3139 687 42 3875 653 560 3520 36 2906 1212 967 4427 3629 4880 1644 4633 2300 1301 3220 2688 4127 2571 4909 4671 4119 684 4877 735 1398 1077 2285 1390 4581 1833 3900 453 1720 4161
4384 2169 2160 4839 4166 299 1132 4951 2737 3388 3814 1249 2592 826 1003 3807 2198 4893 2017 1325 2506 3118 1743 1011 3740 3616 3756 1714 82 2309 1668 434 1409 2745 1381 3931 353 480 3584 1358 4867 2368 3791 2221 1577 2217 1655 1565 1450 4858 1201 3056 3786 2680 1172 1401 2948 4946 825 4998 3811 1509 173 2640 4603 2968 4527 3810 1989 1108 4556 1291 1049 4423 4045 698 4157 827 1258 4400 3219 2893 3264 2864 4641 4030 3719 2308 2829 3308 2977 275 3830 3604 2039 4548 4042 2267 690 4466 4561 4658 4231 2935 2503 2784 4542 3556 4004 2868 4696 1899 925 2413 4973 2499 4822 692 3457 342 1903 311 4562 3135 852 2451 1671 4116 186 2099 984 689 2784 3949 3410 597 2343 4416 4151 2380 1472 1771 199 4005 1318 3774 860 698 605 2509 3211 4185 1820 3807 4699 2181 2669 3547 2314 4747
317 1047 1432 1245 146 2090 4650 1452 2271 3323 3829 1043 2834 866 4213 710 881 4122 2056 3325 1141 4785 4802 1587 3136 2195 3593 4051 3254 4435 2895 535 1176 4435 3064 847 4331 2237 944 1143 4771 4535 780 4259 1221 195 80 2221 4858 2574 3304 2458 3201 4677 4874 4010 485 3441 2144 4318 4635 568 1501 1758 3383 4675 3929 4158 1184 4359 236 4209 2126 183 60 3528 589 4108 1968 4611 319 2179 919 1337 342 1551 3609 4757 2433 1639 3299 850 4348 2305 3810 4463 4345 1295 4599 875 3149 2768 825 366 4837 1499 2472 2522 3907 1754 414 3378 3019 1582 2350 4112 2585 2861 4264 2449 1960 2224 440 4011 411 4630 663 1805 189 4415 4127 1278 2804 4335 1480 1460 3150 912 2409 3260 4031 11 3332 3371 3088 3970 3037 124 3077 2980 1958 180 4327 363 931 1310 3249 3376 3953 1990
3807 1781 614 445 3628 2538 795 1142 3871 4638 2216 2522 1801 13 4844 1403 4694 1820 4208 952 4853 2496 1872 3970 3710 1856 507 1303 2349 1715 476 1696 3849 3924 3267 1248 3879 3792 2195 3923 3724 2136 4301 2703 4728 1300 4870 188 1201 3304 203 1927 4462 435 456 2644 898 249 78 2964 648 4905 2654 2530 34 2398 4062 1561 3023 3185 1590 236 463 173 1947 772 4025 1851 4057 274 4397 1744 2605 1280 2470 3591 3141 4176 4802 1229 4675 1618 2284 1731 4921 937 2330 985 1287 437 1658 1104 4934 4941 4401 3331 4313 1629 3577 3879 534 2033 3719 1531 4705 3627 3060 3987 3002 3250 1465 4711 509 3210 1596 2661 4551 1269 1844 1879 1099 4532 3470 3886 2544 1170 2918 620 2933 4356 3007 3209 2857 4351 1518 3858 4790 2354 4019 4152 1602 1445 225 4400 2800 1691 3701 4365 2626 3135
