N: 160
M: 32
Symmetric: true
Triangle: false
4 81 74 108 117
8 160 6 158 1 78 101 35 23
7 65 102 62 98 91 153 106
6 47 127 10 112 94 17
6 129 71 14 142 103 107
4 16 55 135 36
2 59 110
8 151 87 155 32 148 13 145 116
4 72 4 79 54
4 5 49 90 128
6 77 57 52 64 60 154
4 68 132 111 143
10 150 22 97 70 67 25 3 80 84 37
6 39 58 33 134 76 69
3 120 31 156
4 53 122 99 96
1 19
3 61 8 15
5 131 82 146 73 86
9 85 20 88 100 83 118 43 149 7
3 21 95 133
2 115 46
8 12 92 147 138 75 26 38 50
7 63 137 139 140 141 42 105
2 104 66
2 24 114
7 48 34 29 119 11 113 30
3 18 9 56
5 159 51 121 152 136
5 40 2 27 157 130
5 93 28 41 125 109
7 44 89 123 144 45 126 124
3910 4174 4629 103 2344 1614 3614 1837 4384 3384 359 2057 2130 3990 2484 3023 680 4426 820 28 1996 1335 669 1937 3843 660 1526 2130 590 4555 4438 1595 2089 2292 4641 3456 1066 4535 4374 1191 1138 2060 1205 352 3347 505 3609 4564 2841 4844 2146 2792 2290 2897 1837 3019 1103 1149 3874 3216 4494 2183 4038 129 2886 1375 423 71 3021 2245 291 1650 2439 3619 3964 4638 1945 1589 844 100 2082 1001 1724 4534 2112 3127 666 2181 2975 433 4739 3272 4940 2099 3923 2694 1834 1442 1200 2470 1626 3471 52 3606 352 4395 2576 4253 4134 4894 4884 3742 312 3811 2256 806 844 4579 4003 952 1565 4863 4191 1241 2794 4146 3619 4706 4297 902 3578 1725 765 2964 1549 428 2224 3629 89 1040 1544 3452 4461 3129 42 3297 2953 1012 2122 2737 1466 4644 2649 3721 4736 1994 2114 4758 2818 306
4174 1242 2777 3721 330 2578 4288 4022 2089 4521 1531 1469 4849 332 2089 1955 2029 320 4548 1940 1113 1228 4770 1897 2633 2445 242 518 1259 2990 3377 4458 2399 2738 4820 420 2264 3683 2837 45 3901 630 197 4241 4184 2418 3854 2531 739 2873 2207 3129 697 3136 1788 4989 435 1219 3875 4476 3858 1975 4575 3553 1902 3891 53 4916 1848 1879 1066 1108 3166 2592 4731 608 852 4157 658 4294 2696 756 930 4017 316 3005 1530 3632 4052 975 4899 4065 334 1621 1965 2801 3615 3173 237 1863 720 380 1498 1153 2930 4140 3629 2511 2022 93 955 1444 3041 4155 950 3893 780 783 3776 419 609 1959 4099 2537 1093 3598 3820 3096 942 4054 2490 200 1140 923 1682 59 2270 2772 3414 1810 1285 4862 1522 3370 1143 4535 1578 3728 263 2004 942 2961 44 1646 3973 1710 1376 2825 1639 3457
4629 2777 4962 2626 3217 1310 2645 2057 538 4356 3486 1537 4156 4002 2871 1118 488 4571 4543 87 4770 1626 292 4036 2354 4881 3044 2923 2607 3069 4890 1155 529 3918 2836 232 4367 1353 4573 4029 1208 2007 3812 2919 3800 1495 3889 3906 2986 3227 3665 4980 3062 360 4854 1691 1237 2540 2039 1399 371 1829 1879 669 2088 3507 4370 4317 1993 4430 2501 80 1595 3309 1124 455 2051 3153 4905 3710 3910 601 4266 4051 2820 740 125 4233 4084 516 4908 4614 4642 701 778 603 549 195 396 1075 1543 3489 1538 4005 3056 2061 2405 4550 3879 513 3560 1479 3130 1191 3694 4496 2095 1403 2235 3201 1542 2509 3631 3235 275 322 2841 3441 4098 386 4097 1308 81 2895 4688 2152 276 4136 2739 2177 3141 4044 3041 2335 4175 673 1727 3055 3151 3224 1848 901 4521 2492 4951 4811 127 1374 3648 771
103 3721 2626 1672 688 4266 2889 275 1844 1253 1207 4254 4804 1039 360 2948 965 4899 873 3716 4132 4924 3039 941 2248 690 569 3480 1966 4255 3850 914 2737 2351 247 327 2993 3318 234 2308 3434 4862 2560 4215 4458 4044 3105 812 251 1418 3897 4390 1291 4760 3886 3959 2494 2384 2972 3778 3998 4896 724 205 2564 3034 4707 4966 2142 3280 51 633 284 4927 1530 3007 2023 1430 2322 3634 3931 4336 268 2437 3222 4765 978 3116 168 3691 2125 1632 871 1261 1953 2959 1405 2071 3376 3704 4555 2836 2141 2940 141 2027 3150 786 122 4378 1339 1374 2190 3618 639 1697 4906 520 2141 4633 4278 2939 1130 2021 4930 1333 1553 2477 3817 3729 427 1679 2080 1785 4276 4613 4106 4038 2136 4919 2191 4479 2200 127 3541 1460 1002 3555 2826 976 2588 4858 4987 4124 403 1848 1093 3997 4816 477
2344 330 3217 688 1684 28 4466 1943 1423 3262 2274 4906 3152 2286 2106 4678 118 2201 1814 1549 2474 3456 1828 1160 834 3304 4170 655 839 2820 4520 3128 207 2334 796 4523 4434 1970 2278 905 4420 2871 4260 1156 4304 901 164 4007 469 1416 3570 2238 3441 4485 1878 860 24 291 637 2122 4624 1419 4542 4146 1493 3446 225 3214 474 731 1337 949 1723 512 1394 1271 1034 409 4099 3190 3855 2570 4188 1970 1937 3036 4491 2153 2812 1843 4136 4114 3398 4397 1299 2389 4389 87 3737 4210 2136 4917 241 1405 1887 2455 3110 4116 949 3201 3991 4001 4531 3839 1918 4461 4285 2636 644 4344 1390 2210 3419 3580 848 1827 1078 630 880 2498 3561 1551 1421 4231 948 2206 126 4540 2047 1220 366 449 1470 4434 3876 2815 1844 2210 2516 4366 2900 4234 2180 4017 1341 372 886 1092 2325 3353
1614 2578 1310 4266 28 1137 1809 276 4182 3859 203 1621 4578 4013 618 2573 2713 4269 2116 915 2297 4004 2137 1065 1102 3117 4010 3970 1111 2003 3010 3254 923 3121 460 2558 780 2692 100 1664 2985 242 3776 2913 2897 4604 287 2813 4768 1431 1882 4630 4771 3553 614 46 3311 3025 3650 2952 390 4824 3358 4951 1915 3622 4865 555 1548 133 3676 3192 3034 4854 3405 2878 2110 373 2680 2250 1383 2924 2463 713 1884 1390 2357 880 1655 1999 121 4432 3530 1748 1984 343 2200 1828 3813 1552 2355 1583 2346 381 1389 4152 1372 742 407 3911 3168 1002 2472 3555 662 4747 284 4058 1668 2677 4294 929 565 1901 4609 1237 2953 3945 4250 3792 1326 1796 4317 1128 3367 4734 4699 3523 4156 1622 1531 3909 4679 1327 1752 2096 4519 2567 4947 4530 2349 697 2756 3406 4143 3377 726 3375 1705 1605
3614 4288 2645 2889 4466 1809 1244 4959 1489 2673 1901 329 4248 665 4649 3580 210 3193 4623 4285 4784 1069 961 3782 4259 4123 2301 178 887 3434 4812 3464 761 1896 100 1682 302 1459 1822 3426 1348 4127 2785 2359 939 968 4561 2300 389 266 2921 1206 4491 1160 1490 1408 514 3597 564 3275 1957 1829 4415 3176 4639 3273 2354 2584 3603 2671 4216 1567 524 2704 1865 4197 3765 4942 2238 4652 1071 2259 70 1607 1792 141 84 3185 3912 1847 2276 623 95 3234 822 2672 4055 2624 365 4860 2587 2337 2558 2727 3450 65 102 1493 4622 3478 1118 3728 3657 1836 4046 4658 1372 500 2753 794 81 2029 678 2687 67 4480 2349 3962 4647 3060 3880 1839 1914 478 4641 2388 1199 3829 2605 4388 2412 4793 4266 1703 4404 4513 4494 137 4324 891 1634 4994 4681 2796 2358 4513 1850 3038 1220 2671
1837 4022 2057 275 1943 276 4959 1958 3875 3550 763 1956 346 4930 3660 3292 135 3012 4175 3550 2961 3058 4723 4456 3050 2472 2853 2883 4662 3909 108 3891 4326 4241 3139 1126 468 2175 2664 1189 3488 3892 2278 4614 3991 4184 2619 3394 1385 1480 4619 4702 3617 2022 1902 1334 3248 1730 3448 4537 478 1045 4949 2977 4936 4061 2743 532 386 3194 807 3720 955 665 1185 1891 4458 914 1570 2114 1995 2696 3006 835 3358 4767 754 4815 3874 382 4316 494 3772 2246 4947 4440 4541 3455 3812 1860 4542 2065 1019 4602 3808 4365 582 1764 4815 2179 2611 361 451 1519 2842 2299 3023 4545 3161 4718 844 4985 676 1965 2184 3888 4922 3684 4488 14 2106 3378 4598 2246 4757 3440 879 409 642 2562 3409 170 1102 809 4510 629 2666 3104 2800 3045 427 1858 501 4647 2985 4221 4274 3262 3624 2538
4384 2089 538 1844 1423 4182 1489 3875 4744 1925 1310 4076 4691 703 3498 3094 2224 2025 1769 2918 535 3900 927 3875 1994 2602 2882 2346 4742 4643 2460 2326 2230 3297 1525 3510 4047 3836 533 2675 76 4250 851 2251 4015 3252 4187 605 1849 92 2161 2858 4661 4615 4127 3171 4277 3480 3957 1336 625 4521 2151 4457 4862 3895 846 1009 4126 3907 1742 554 4955 4768 4482 1020 2975 4180 2821 2982 4717 2408 3706 4613 2539 3214 3610 1778 2105 357 2945 1783 1452 4022 1336 2015 2566 2262 3790 1302 2806 2777 1579 4932 2950 2036 1117 3773 1148 4366 3459 364 3387 280 1167 1932 709 4015 15 1262 980 2618 4190 4111 1782 4707 770 1257 4518 1519 1941 4782 2142 749 4535 2039 1774 3179 710 210 2560 603 1141 3827 1594 572 354 143 1840 2612 2656 950 3877 2119 2487 885 2844 2268 4569 4838
3384 4521 4356 1253 3262 3859 2673 3550 1925 2278 4860 3067 861 4794 1923 3146 3263 3452 965 2692 4439 2576 4073 2558 1109 2468 3688 3175 4014 2201 2832 273 168 3910 1157 2160 639 629 2209 4522 2941 3583 4418 315 999 4161 945 4832 3639 1195 4757 3821 4328 3170 114 3834 3468 4320 4325 3721 4133 1769 3798 3565 1537 1281 1505 4946 124 1200 433 3656 1004 1427 2707 4858 175 1952 4105 45 141 4804 2953 1588 2627 3147 2487 3775 3482 4232 117 236 1506 4328 3322 2027 30 1118 1088 2041 3792 3857 2510 3409 2912 1222 4625 4080 1346 2396 3127 1230 2367 3236 199 969 4073 2301 4238 1078 4132 2166 1961 3620 2604 1945 3503 1486 2035 2959 563 1563 1098 2599 1125 3665 1828 834 4976 4876 98 1352 3811 1755 2231 1598 4109 3023 1970 3680 972 444 695 1941 1401 3898 2717 3751 4495 528
359 1531 3486 1207 2274 203 1901 763 1310 4860 2494 3877 3154 477 117 2543 3931 2329 3938 3468 952 237 3697 1877 1196 4846 4998 2436 2219 2669 4986 3023 3700 2092 873 1383 3462 774 875 949 2506 869 608 2470 4637 3973 1977 1102 3704 3128 1796 1122 410 3936 2263 1600 4038 3578 742 2764 31 2457 3650 1346 3563 1174 2988 1863 4152 1775 1691 1372 1261 673 4696 3096 2757 1763 3524 463 1896 2417 4785 731 725 4954 708 4831 2965 4203 1751 987 3845 3719 2753 1905 3429 4722 2908 3342 4537 4514 4998 1107 4973 1786 2974 4372 4739 4968 270 2851 4391 1933 110 4829 2140 1770 4378 1827 2289 4271 352 164 1160 4979 2804 3228 1387 4507 3823 160 2313 2085 2406 2182 4039 1298 4118 2550 1572 387 2059 782 2290 1879 1659 3157 2384 3393 3882 2181 3967 1073 3406 4541 1247 2440 1012 2165
2057 1469 1537 4254 4906 1621 329 1956 4076 3067 3877 534 2920 1967 4192 1256 488 2477 240 2524 1604 2702 1026 2139 2653 827 2061 1288 2270 610 1777 709 2428 1234 4426 1112 2216 1153 893 4788 2812 2897 952 905 4599 4481 967 4986 2370 1610 1102 825 2838 3008 487 4839 1699 1183 2762 3820 2651 2097 4752 4096 2040 2946 2569 297 1443 4375 3462 2467 4470 3483 526 3774 4585 2187 3522 4332 247 336 2438 4881 2372 1714 4281 4756 2689 1361 3560 157 2828 1616 3511 1513 3981 2788 3471 4957 1503 2047 3189 851 2958 3898 2665 4892 2870 2748 3087 2653 4347 2284 2337 375 1530 1723 4293 3984 389 1583 2382 4135 402 1176 1864 4257 4456 1254 1758 1329 2267 4456 2846 526 438 3915 1118 866 2992 915 3916 4144 4914 3209 2320 4193 805 3210 10 3305 2162 1927 3793 757 2290 1418 1069 792
2130 4849 4156 4804 3152 4578 4248 346 4691 861 3154 2920 3289 1330 571 772 397 3770 948 3583 318 3432 741 747 2083 2923 3761 3657 4821 3027 438 2799 105 4365 262 4982 2019 719 1325 1217 3884 3652 2252 4847 1006 66 735 3954 1399 2943 3197 132 3144 347 2526 4390 3386 3879 327 4279 4755 3123 1669 4119 2269 4768 3766 4942 2371 4933 2345 3275 1158 37 2216 4794 549 3527 1146 401 4718 1480 4458 1716 2937 2062 788 134 3974 1064 2997 3548 4606 1937 3165 2926 3453 3384 4169 1504 4247 687 1208 4172 2455 4735 3771 463 304 209 2405 327 2203 570 4645 2042 192 2828 896 1884 268 4879 352 3864 4247 48 4081 122 927 4524 511 4342 804 20 1439 2674 3865 4140 133 4571 1543 1826 4381 3333 1082 140 1059 784 2963 778 1482 3588 1583 3805 3400 2241 2789 1512 4972 80
3990 332 4002 1039 2286 4013 665 4930 703 4794 477 1967 1330 333 4533 3577 1868 1575 2266 4301 174 604 925 4084 2097 2359 2729 2873 779 3844 1256 220 4261 643 3959 618 1693 3167 4471 4835 2519 2476 1632 731 1668 4849 3172 4510 4654 4322 3196 3788 3883 3493 2612 2882 3853 340 1691 2820 2374 17 1828 4689 1702 2882 849 3565 3578 1106 4128 4597 726 4064 841 147 4041 1362 739 1857 3794 3460 2923 2713 2040 3839 432 2357 1333 145 2907 3394 1896 481 2590 839 4866 1796 1341 786 4098 658 151 1852 3175 4241 1797 2762 2819 4937 2762 2993 3425 2064 1581 3000 2821 4886 4411 3032 2463 3322 3533 3281 1629 2258 4089 4814 459 2936 3808 4286 1610 2753 1707 3890 4242 4839 2106 493 3058 692 1484 170 1516 4501 3983 2680 2952 908 506 191 2294 2070 28 4372 4769 4092 3522 594
2484 2089 2871 360 2106 618 4649 3660 3498 1923 117 4192 571 4533 4783 758 750 1677 1396 4927 2497 729 3760 2077 4862 3436 411 4705 3031 816 4280 3245 2233 4748 3658 2923 1579 4495 4138 4573 1757 970 4362 4832 2846 3475 333 4321 1570 172 248 2694 4539 3550 3380 2220 765 51 2893 2088 2932 3031 284 1390 4651 201 1704 3263 358 3763 4161 622 3020 4648 4563 656 3090 4239 4327 1717 3639 3123 2682 4347 1926 736 34 4507 1154 4864 1803 287 61 637 1755 4402 2030 2507 4881 2715 2602 3941 2832 1127 4174 1162 4267 3381 1223 4145 948 2690 3640 4369 3712 3994 3970 941 2324 4520 611 3436 1378 4343 595 4771 2530 1580 4478 1528 4964 3188 2951 1645 1354 977 2799 635 3103 3398 3416 1371 3526 673 371 2207 3705 843 2557 4415 3154 3233 878 1111 1206 1704 4604 351 609 1823
3023 1955 1118 2948 4678 2573 3580 3292 3094 3146 2543 1256 772 3577 758 1538 3561 4994 858 3706 188 2419 1030 3521 4601 3799 1621 1200 4832 1060 1810 2348 4480 4311 1472 1719 3852 3284 2037 107 2120 1491 1878 4059 1102 2628 4593 1914 2424 276 736 1439 1127 3292 1164 605 356 4678 746 366 4449 1281 1817 4291 154 27 988 3487 4821 2661 688 1817 2550 2179 305 1223 3520 3736 600 3115 3821 4758 145 3053 831 333 1044 2339 433 57 3930 34 1648 4086 4356 795 3073 2586 4811 473 1716 648 3560 2502 3252 2661 2190 1629 3145 4868 1510 4962 411 23 801 3001 1953 4895 2279 623 3389 2316 2156 4642 378 1888 1222 4484 513 4704 4245 4176 786 1407 863 91 1452 290 3640 883 3606 1279 1830 1766 81 984 4652 1801 2991 3364 3805 2185 834 3712 583 4956 1782 4918 1457 1958
680 2029 488 965 118 2713 210 135 2224 3263 3931 488 397 1868 750 3561 863 1928 4966 12 1591 2190 4241 2213 3239 4801 2711 3480 2811 2361 3215 4991 3071 2811 1559 1717 2800 4432 1215 4340 2775 3115 1342 2522 1538 1467 4268 773 817 4678 736 46 3348 282 4147 1222 1901 1998 1284 2974 973 3110 1226 3971 182 2855 205 1929 3645 317 4906 1026 1475 726 3626 3898 4214 3336 4288 1107 2863 4983 1758 2053 4628 4550 3739 4211 3972 4974 41 3168 2224 2778 2167 3585 3176 560 482 115 2220 642 3338 2001 3731 4511 4818 873 3371 3887 2489 4270 1450 633 3103 782 2766 3879 4629 426 1149 2462 4953 4409 4077 1617 4690 4487 2210 3772 4556 1849 3540 3789 4546 1225 3033 3322 1974 2400 3364 1074 1725 786 2198 1743 2708 2536 3682 985 4780 3617 1496 2063 701 4197 3333 2500 728 2154
4426 320 4571 4899 2201 4269 3193 3012 2025 3452 2329 2477 3770 1575 1677 4994 1928 3322 2760 55 393 122 4969 498 1466 2684 1941 850 612 971 3551 4994 284 4136 1415 4057 2861 3020 3282 2392 1207 3435 4988 1434 3787 1443 426 4701 3456 2791 294 1733 2784 199 682 2915 703 3509 731 3795 4103 2422 735 4759 405 4445 3724 3715 1891 566 3233 1318 3169 880 770 1985 986 424 2845 2782 4528 3148 3258 4495 2422 2542 4063 2437 1793 1528 4050 3006 213 651 1177 4818 4430 51 1080 3023 4615 2482 489 3135 3215 166 2338 4595 1460 2596 259 357 2301 2614 3222 4054 4302 3044 1072 4278 1786 742 585 4908 250 2079 1830 2535 2430 433 3171 4263 1692 2130 1146 4834 4279 2970 4275 3903 444 2464 4297 2828 3340 298 653 2121 749 1822 2865 3599 886 3805 1358 213 1996 813 117 4191
820 4548 4543 873 1814 2116 4623 4175 1769 965 3938 240 948 2266 1396 858 4966 2760 4824 2701 3925 3564 2576 3611 1400 462 3505 984 4977 1656 1981 4177 1521 3474 1233 3659 1704 3280 656 936 3409 4064 1237 3784 1564 4917 3110 3540 3593 248 2851 425 3776 4488 2283 1279 1658 630 980 2108 2508 2112 3595 1157 2273 2765 1392 275 1666 3522 4181 3076 809 3420 2723 3601 134 46 3410 4493 2586 629 3215 2686 1059 2477 1016 4851 1272 3198 901 3507 2375 2456 1716 2712 3611 4070 3233 2009 1024 2323 1832 2742 3195 2470 1292 3522 3935 2837 1832 2552 2190 759 4710 821 4528 1177 2612 972 4403 4854 756 1230 4551 3734 2207 2638 2318 2995 810 2941 3699 755 451 2003 4738 2931 763 201 3035 2028 89 4387 1773 4471 63 4286 477 4927 2109 3707 988 2930 4561 3293 2790 299 2526 3982
28 1940 87 3716 1549 915 4285 3550 2918 2692 3468 2524 3583 4301 4927 3706 12 55 2701 4012 2893 1649 3775 2022 1458 4319 2103 3844 1144 1877 4674 3608 2936 3930 3533 2972 1629 3759 978 670 1098 1814 2841 2229 3758 2929 4606 2659 850 2568 3638 975 2212 315 39 287 3563 3143 2404 1853 1300 4830 2636 851 361 978 586 3144 1840 4556 1893 4307 2622 3887 4637 694 4158 2630 3620 2966 3020 3425 490 4260 1622 4325 241 1822 4057 932 1868 957 1370 2383 1324 983 3967 4824 195 1023 2913 2094 2600 4757 2541 905 144 3651 3684 3789 1435 3539 866 114 4042 1162 2549 2215 4490 223 4268 3677 333 84 4489 4999 2810 4264 2298 2812 2006 1529 4914 2224 4487 1584 2795 294 1517 513 4986 774 4563 4475 2698 1324 2069 4735 1244 2022 3556 2109 4592 4046 3692 4668 1803 256 4323 667
1996 1113 4770 4132 2474 2297 4784 2961 535 4439 952 1604 318 174 2497 188 1591 393 3925 2893 1685 1529 2022 3466 231 377 4082 1782 4435 3427 1931 3784 1463 692 3903 4221 4275 4706 3252 2497 3686 594 483 4695 4455 2014 253 3750 315 1026 977 1877 1798 790 1947 1628 1566 3332 2904 1742 458 2024 4934 3074 2584 346 1252 4768 3709 1620 3331 4299 3739 4716 3553 4763 3541 4453 1663 2913 2974 2389 1075 2559 2917 1917 3060 1008 2276 436 1532 4826 854 663 1075 3747 1520 3187 4719 4905 4333 2554 1531 3086 242 3382 905 1929 3999 3596 3310 3122 3540 2126 892 4082 118 2297 4221 1718 895 4785 2055 643 3637 2632 2092 192 687 2217 3839 2175 3671 3974 1430 3904 1976 106 152 4601 4702 2091 692 678 2331 2285 4584 3058 818 2526 1124 1097 2831 2890 2865 1999 2518 1828 4391 4853
1335 1228 1626 4924 3456 4004 1069 3058 3900 2576 237 2702 3432 604 729 2419 2190 122 3564 1649 1529 2940 4687 2421 36 375 4854 2168 1057 4144 798 2148 217 2948 2234 449 2136 4340 3476 2533 3716 3494 1142 245 2466 366 2947 2723 103 1697 2659 30 1072 3277 3625 4738 4005 465 4727 4856 2293 4919 4951 3049 667 884 3098 3543 3104 1625 4167 3701 4056 3612 3237 2472 4485 4568 3524 3655 1249 1149 3212 4699 1525 2982 1518 3898 4199 4481 3812 4314 1516 3049 627 3859 2397 195 3791 2937 2357 4695 1914 1533 1579 1633 1573 4259 4732 352 3679 3753 2408 735 291 1498 3866 256 554 458 2223 3847 1292 764 872 2708 3936 578 2736 646 4282 1158 3476 1402 330 4181 4348 1219 385 454 1138 714 2499 4869 1601 1245 708 310 4121 2058 4218 4673 4848 4950 4453 3471 1386 1324 4819 3327
669 4770 292 3039 1828 2137 961 4723 927 4073 3697 1026 741 925 3760 1030 4241 4969 2576 3775 2022 4687 1915 1374 3450 1033 746 2287 307 3685 2492 466 668 4791 265 2072 4910 3182 2713 87 3370 1716 2675 3890 1842 321 4993 4922 646 2638 617 4403 3862 2266 3410 1648 3204 3743 1188 82 3774 356 3271 368 2048 2390 4469 869 2472 2218 594 4652 3935 2350 363 1248 635 2839 4294 1638 1135 449 3015 4278 662 4931 3540 2241 3799 3984 4154 100 2918 667 4719 48 4274 4990 3969 404 3099 3638 1562 2553 3587 771 2006 2990 44 1386 965 1939 4754 4756 1648 1683 1963 120 842 4652 1506 830 3836 389 3421 2685 4823 3724 649 4969 4217 1493 1374 3652 3620 4661 4791 743 2971 4357 3418 2880 3572 3204 509 4191 4028 805 3123 2761 2270 961 755 1888 4074 1811 1651 58 2760 2364
1937 1897 4036 941 1160 1065 3782 4456 3875 2558 1877 2139 747 4084 2077 3521 2213 498 3611 2022 3466 2421 1374 471 2001 4237 714 1443 1551 3859 2216 1208 4059 3820 4041 2149 1596 4022 4766 3567 2966 2335 1884 1899 3162 3310 3104 4023 1407 3464 1462 1937 3964 3597 3563 412 2654 1219 1682 2603 1756 1600 4920 4205 2404 574 3691 1821 4393 3835 4622 1651 3876 1426 3823 983 3649 4518 1967 3340 1220 1648 3538 2033 111 4124 1781 2675 3256 498 3290 2931 3811 2914 4326 1845 4942 4697 1070 50 1016 4060 59 3629 1980 2277 2839 2861 876 1436 1502 4097 3253 4124 2601 3647 1968 2871 1345 3195 4207 3181 2686 2744 2568 3313 3200 3489 1255 4211 3615 1869 2996 570 2848 2888 622 3316 525 3940 4032 4361 4116 639 654 3430 1481 3417 4845 3581 2439 4106 4505 996 3841 3568 1924 3740 1987 3760
3843 2633 2354 2248 834 1102 4259 3050 1994 1109 1196 2653 2083 2097 4862 4601 3239 1466 1400 1458 231 36 3450 2001 957 812 3962 932 3514 4005 1734 4309 1234 3396 764 2221 2281 1114 4931 680 246 668 2218 3716 4854 4461 868 194 2424 1373 2026 3260 2759 1144 4448 490 994 802 2102 275 1478 675 3937 2878 2132 4051 4819 2987 2185 3617 1843 3029 3467 715 4133 132 1633 3134 2091 4222 2443 24 4883 130 3460 3751 995 4337 138 2523 3581 138 365 816 3908 3240 659 4345 4318 3504 4648 2942 105 4734 4917 1386 4479 1611 3288 2776 1340 764 4741 1440 4882 3787 1812 111 4801 4797 3558 551 1678 1829 4539 3223 1331 1861 2115 4303 1076 3981 2936 18 425 4905 3281 4163 2229 2272 2587 1712 4666 769 3430 1801 1102 1241 1307 2201 522 2954 1464 4002 241 2417 1500 2398 3197 4821
660 2445 4881 690 3304 3117 4123 2472 2602 2468 4846 827 2923 2359 3436 3799 4801 2684 462 4319 377 375 1033 4237 812 3488 104 4160 4679 846 2136 441 1114 3864 3173 1381 2062 4764 4435 2054 2906 2834 3235 4782 1096 502 2948 4231 4547 3203 2821 1495 4670 4742 3665 1203 1559 2357 1748 2913 1566 3289 3606 517 4411 2027 613 1836 3694 4027 889 2342 1760 479 2104 646 4167 728 4668 4759 3728 4092 231 3230 2798 4592 2270 1668 3686 3437 3722 4043 1265 2768 4407 2475 4262 966 2327 2148 2476 3435 157 3386 254 4186 2254 827 641 88 638 4868 4462 980 4041 530 1294 336 540 2162 4880 3902 2127 1221 4956 496 1651 2396 3920 1211 2595 4576 2035 685 3434 2380 391 1168 3352 1367 3425 18 2622 3489 4428 1449 1482 1718 3276 4663 788 4569 4563 2447 38 4004 4024 1836 1648 2155
1526 242 3044 569 4170 4010 2301 2853 2882 3688 4998 2061 3761 2729 411 1621 2711 1941 3505 2103 4082 4854 746 714 3962 104 4318 2222 2002 2570 2409 786 4882 2574 156 3010 4693 2055 3805 415 3429 634 331 2047 4168 3565 1847 1588 1900 4396 2051 1275 51 1248 1135 2957 3615 2514 4257 720 4797 685 760 2388 4851 3923 2764 4588 4246 2803 1973 313 1316 3268 2960 3532 1161 2161 3335 953 468 713 3849 1244 3297 1878 967 3118 3414 648 4899 23 1566 287 2849 1537 2802 3200 983 4482 3370 714 2446 4555 1337 3782 250 1708 1629 3179 4333 3497 4133 513 1748 4769 4145 3572 3951 1853 714 3819 2674 696 2867 3360 4465 1880 386 635 1983 3734 1552 579 1753 3658 661 2633 4914 3614 1355 1590 1461 3768 3005 4089 2008 1413 3880 452 2744 613 3865 4806 1501 2741 4625 4417 1378 4044
2130 518 2923 3480 655 3970 178 2883 2346 3175 2436 1288 3657 2873 4705 1200 3480 850 984 3844 1782 2168 2287 1443 932 4160 2222 1666 4745 4806 3822 235 553 4139 4523 1468 2957 1742 4118 4302 2378 823 4797 3237 4009 4855 2471 1453 674 3850 2328 3625 4169 3335 330 2121 4849 2842 3289 3621 2220 591 3379 2903 467 4362 3592 3157 2106 3756 1461 2675 3598 142 465 812 4454 4615 627 3127 4926 840 2484 266 685 1479 1429 2342 2532 1615 849 3261 3128 4445 507 4984 2660 1715 2239 1659 4203 2383 2103 2583 1052 2756 2736 4327 2011 1196 1097 1189 2254 4889 583 425 2548 1419 3392 1342 3282 2253 1196 4525 171 122 4181 4367 616 2329 1796 1235 807 4014 4375 2041 2977 4768 4197 2497 99 3369 908 2872 2520 4605 2010 3411 2330 4661 1983 1858 728 3743 2689 2797 2332 2530 2067 1477
590 1259 2607 1966 839 1111 887 4662 4742 4014 2219 2270 4821 779 3031 4832 2811 612 4977 1144 4435 1057 307 1551 3514 4679 2002 4745 2968 4512 2259 2911 2869 397 1786 2338 2897 4237 536 677 4078 3103 3013 893 97 2652 2649 3354 2222 910 2508 4451 2183 2813 2766 4796 3300 4253 4790 1638 153 2089 3569 3681 1894 3477 341 2164 108 3878 763 3401 4196 1899 4499 1320 262 734 4297 2514 2386 3020 3705 2305 4766 2699 1262 2870 413 1649 3026 3959 1174 4987 3373 1103 1339 4607 3447 2247 3199 804 2173 932 3964 4155 320 2987 2783 2019 3256 3417 2570 3951 4857 4954 4891 65 1404 694 4217 4725 12 234 830 642 464 3091 2276 1194 659 1295 882 4320 414 3511 2952 4498 4269 1015 4891 436 4984 721 1477 2751 878 489 487 4944 3012 2247 2969 1287 2212 3113 3280 936 2060 3019
4555 2990 3069 4255 2820 2003 3434 3909 4643 2201 2669 610 3027 3844 816 1060 2361 971 1656 1877 3427 4144 3685 3859 4005 846 2570 4806 4512 470 4857 1886 4547 3432 2800 4751 1897 4444 4113 1827 4881 3690 1378 1880 4770 4943 3486 2540 2887 2256 1504 4095 102 1789 618 4903 2252 3143 945 3473 2092 685 1197 2829 4093 2174 1471 4647 2541 1168 2753 1895 4170 2909 3848 1788 3616 1168 596 2809 2874 1043 4852 3918 605 4403 4577 4395 3787 2776 139 3531 1737 1251 3372 2571 1248 1037 863 1831 2439 3302 4736 2217 4053 1960 1884 3753 592 2762 3466 3960 1743 2253 1774 1482 3490 2196 1891 4233 3888 176 4303 3344 2576 3169 2075 3552 1026 2431 1557 4428 1896 1822 2644 4663 2432 4358 2009 1277 3354 1760 1307 742 4463 1515 753 162 4016 3398 538 1262 3732 257 284 3691 323 803 4382 2029
4438 3377 4890 3850 4520 3010 4812 108 2460 2832 4986 1777 438 1256 4280 1810 3215 3551 1981 4674 1931 798 2492 2216 1734 2136 2409 3822 2259 4857 3277 488 1398 1644 701 1235 3571 1176 2692 4409 2032 1516 3918 393 1504 4400 673 1942 1495 2065 1345 2536 4020 2155 1608 3083 1042 2349 3020 2650 2106 2952 2075 755 4530 1620 4934 4842 1281 3870 1125 4201 3250 2436 2313 2324 2794 2633 2273 4131 3181 3084 2065 1722 4490 3502 2972 279 1852 2202 2697 1643 2722 3134 2781 2054 727 3965 4724 2273 4590 4378 291 4880 524 2523 1751 4856 740 4489 4399 3968 968 16 3637 1537 1159 4619 1806 2969 3847 781 4975 4916 3222 4895 1748 2659 3576 2884 3070 3941 4042 1397 4132 1869 1602 4274 3593 4927 753 721 125 529 4235 3144 649 4158 2095 2095 4261 3231 3959 3851 3632 1228 3525 3658 3638 4184
1595 4458 1155 914 3128 3254 3464 3891 2326 273 3023 709 2799 220 3245 2348 4991 4994 4177 3608 3784 2148 466 1208 4309 441 786 235 2911 1886 488 1785 2881 3879 1543 816 1891 4070 2955 3006 4588 1207 594 1655 677 3809 470 4539 3978 2207 1299 4739 3172 902 4254 2796 2236 622 2422 3864 2584 1500 1117 2956 4237 2975 4901 3320 4902 4171 4513 3327 2134 2905 1030 1355 4408 691 2542 1942 4439 4587 2844 2755 1616 418 4429 786 1432 2931 3199 3691 3862 3651 280 1191 4048 369 2785 759 23 4054 1138 2469 1453 3709 608 435 4662 640 149 2008 1855 3510 3369 2277 2840 3745 3245 4850 1517 780 3959 2605 4512 3552 1514 1389 1617 1426 2085 3666 3158 4947 3738 383 3118 3860 3248 2579 742 3002 3041 3519 4236 2887 2646 4299 1808 4370 2030 1015 924 2023 3905 93 2397 1897 4838 1447
2089 2399 529 2737 207 923 761 4326 2230 168 3700 2428 105 4261 2233 4480 3071 284 1521 2936 1463 217 668 4059 1234 1114 4882 553 2869 4547 1398 2881 3733 4785 1612 362 3563 1340 2731 2454 526 3988 2034 1218 1458 1010 2572 1088 1763 4222 2237 1349 3116 411 4838 1823 1259 3088 3840 1107 3320 2724 1553 1828 444 2313 1723 1052 1995 3727 3230 3718 2295 2066 1124 2975 4448 2432 4169 4555 609 4650 3164 103 2107 980 3288 550 3892 3669 1782 3618 2024 586 3685 910 4153 2031 162 1706 2267 323 4973 4898 289 875 2315 634 2155 2284 869 3640 2858 1436 3808 1530 803 3478 3661 2444 758 3401 111 3158 4241 767 4778 1382 2613 3288 2809 1348 2851 308 4828 1889 657 1535 4180 467 3422 2642 4460 2338 4378 4774 735 4053 4638 1222 1844 634 3742 1711 2408 3707 3385 64 3826 4034
2292 2738 3918 2351 2334 3121 1896 4241 3297 3910 2092 1234 4365 643 4748 4311 2811 4136 3474 3930 692 2948 4791 3820 3396 3864 2574 4139 397 3432 1644 3879 4785 2763 3574 237 2881 742 3958 4193 3337 4599 2985 733 3061 4785 3964 3516 2280 3545 2171 2266 3878 3864 2866 4045 478 2174 1127 2189 3926 910 1539 2655 2434 3349 1779 2706 2463 4056 2166 63 587 4758 2663 3104 3092 156 1760 2959 2115 1673 3959 596 1666 2623 2023 164 4475 3042 486 4517 3106 558 2331 731 3888 1439 118 685 693 3655 4004 616 113 2013 4183 3191 245 2220 3396 3668 3835 3772 1200 4873 3160 4239 1816 2765 3195 4685 508 4727 1361 3315 2221 191 3434 4980 3431 1704 587 1916 2323 4831 2525 4752 3804 1565 1854 434 3024 4613 1452 151 1881 3862 3502 1612 1766 1509 144 3888 620 2010 561 192 3870 1535
4641 4820 2836 247 796 460 100 3139 1525 1157 873 4426 262 3959 3658 1472 1559 1415 1233 3533 3903 2234 265 4041 764 3173 156 4523 1786 2800 701 1543 1612 3574 4759 2605 4917 4220 4292 126 4969 4269 3207 4299 3410 2792 4128 142 116 3230 1401 804 3276 934 2440 3103 4422 3973 2936 1577 3393 3682 2223 837 3843 2367 3487 1020 582 4979 3671 4838 2547 2416 2753 4906 4377 3168 3994 4603 1655 2579 2963 4176 1965 4284 4025 734 4608 1378 2987 3926 2446 4928 2918 4397 487 3566 2180 2564 1721 793 2875 4295 1668 3148 2105 1811 3932 3235 4445 1388 3859 673 2192 2051 3085 2863 1765 3247 3742 3577 1595 275 4663 695 1297 3316 506 2783 4844 4083 2499 2796 4946 1995 1063 3701 711 319 3137 2127 3778 2986 4125 4850 691 3191 3836 2120 489 4839 33 3557 1114 1681 3531 4508 1579 3207
3456 420 232 327 4523 2558 1682 1126 3510 2160 1383 1112 4982 618 2923 1719 1717 4057 3659 2972 4221 449 2072 2149 2221 1381 3010 1468 2338 4751 1235 816 362 237 2605 1501 1213 3473 4214 1244 3954 3235 3920 3715 4925 11 2557 183 2691 3620 2689 973 4044 3653 3772 968 2444 4542 2789 131 4816 4834 4612 3938 2581 285 1246 1976 506 1623 3989 1538 4976 1077 4967 3906 4002 3231 2422 4450 2725 1217 3978 4071 1080 3966 350 2440 4999 4656 4129 3169 4710 3877 1478 3769 2277 1717 4592 3262 3922 2024 3431 4415 1816 2447 4915 4054 4645 1062 1459 3458 2881 4867 87 3085 4198 2364 1093 75 3795 928 962 975 4428 684 4324 3134 284 2507 1518 3631 4260 537 470 1819 365 1330 1074 3089 1729 2704 691 11 2835 2288 2596 2713 561 408 3233 1509 1059 2899 184 1968 1510 4241 2882 3484
1066 2264 4367 2993 4434 780 302 468 4047 639 3462 2216 2019 1693 1579 3852 2800 2861 1704 1629 4275 2136 4910 1596 2281 2062 4693 2957 2897 1897 3571 1891 3563 2881 4917 1213 3608 4386 69 3202 3784 2197 172 719 4217 2508 4691 927 3315 2412 4717 2994 2389 932 789 2322 41 2128 3888 1455 3716 4551 1655 51 4557 61 1591 3041 2027 3489 1608 2249 3263 874 4089 4976 4570 1867 2583 1406 2287 4656 143 4640 4087 426 4775 235 2232 2106 2302 2332 4994 3026 589 367 1624 4303 2606 1324 1089 1935 4986 214 388 1620 2240 4171 4929 1550 833 4478 1064 2721 2141 1643 1478 2957 2805 2950 3555 682 2125 4469 737 3394 3730 3883 4007 2315 20 1623 2148 733 4112 2453 1077 2855 382 4389 4069 1563 2452 190 2548 2843 3939 720 2142 4646 51 4238 164 2385 1452 4392 1100 2389 4282 1720
4535 3683 1353 3318 1970 2692 1459 2175 3836 629 774 1153 719 3167 4495 3284 4432 3020 3280 3759 4706 4340 3182 4022 1114 4764 2055 1742 4237 4444 1176 4070 1340 742 4220 3473 4386 672 304 2852 2802 4386 1337 3867 2497 825 1635 1719 3801 2081 3945 2891 1049 3331 4221 2129 1595 4503 2331 1427 135 581 374 896 1574 4205 3799 3500 988 3923 2802 1070 3945 4058 2057 4284 3208 2656 4633 3253 4666 726 3476 3737 1868 643 2574 3598 4708 1350 1990 1948 2842 19 813 1710 4403 4344 28 1041 3660 2590 4846 2442 4220 1650 3800 4791 3570 977 1152 307 2314 1967 1018 2742 4352 3699 1965 212 2042 332 2929 1158 1513 287 4338 238 2566 340 4254 1622 3301 3492 752 1262 1054 4248 4515 893 2382 751 1711 4409 3892 4322 3765 4490 4640 307 3428 4937 1065 189 2040 469 881 2090 116 3149
4374 2837 4573 234 2278 100 1822 2664 533 2209 875 893 1325 4471 4138 2037 1215 3282 656 978 3252 3476 2713 4766 4931 4435 3805 4118 536 4113 2692 2955 2731 3958 4292 4214 69 304 3472 3629 3910 2449 2349 1452 4946 276 3326 4951 4785 625 3963 1778 2177 3019 80 1898 2223 471 1108 1406 1840 2177 3453 824 3093 1234 3849 2461 4530 3815 4219 747 2448 3002 4389 3719 2151 4344 3354 970 3721 2188 1210 3708 260 2506 2273 572 3542 846 4346 2306 138 703 325 4379 4813 4271 777 2807 262 3149 2537 2605 962 4266 969 4234 3828 3430 3885 1970 3059 1138 3381 3633 467 1982 1022 2318 266 3990 889 351 2462 3607 3044 3864 2110 672 2737 1139 1550 2533 569 73 746 1030 63 1836 2611 2180 4759 3145 1620 622 475 4889 73 4685 4921 3285 935 4985 129 670 392 2176 4622 4389
1191 45 4029 2308 905 1664 3426 1189 2675 4522 949 4788 1217 4835 4573 107 4340 2392 936 670 2497 2533 87 3567 680 2054 415 4302 677 1827 4409 3006 2454 4193 126 1244 3202 2852 3629 675 3426 1834 552 1069 1695 2208 1764 2165 639 286 3871 2358 398 1389 3897 1060 446 2855 4146 2226 3619 2788 3054 4555 632 4145 3187 31 1370 1357 1845 3714 4657 723 3112 367 1253 605 1469 2210 3035 885 1658 4023 3122 4591 4845 1131 2160 300 1826 2147 2561 2087 4542 4945 118 1666 3638 146 1670 3752 3820 4434 65 222 3056 4301 1432 3386 2595 3278 3505 603 1033 2796 3520 1167 775 2757 1806 2876 321 4641 4110 3255 1098 4570 3778 3115 4746 4473 2084 2893 460 2544 1861 2085 1605 3072 298 1501 4708 3370 2896 199 2130 1185 3724 4676 3591 4984 4676 2011 2210 1749 1795 3273 3815 367
1138 3901 1208 3434 4420 2985 1348 3488 76 2941 2506 2812 3884 2519 1757 2120 2775 1207 3409 1098 3686 3716 3370 2966 246 2906 3429 2378 4078 4881 2032 4588 526 3337 4969 3954 3784 2802 3910 3426 846 1745 3525 4869 448 2259 1248 2490 898 3175 930 3556 2192 3254 2349 472 1020 2927 207 3580 2997 725 1803 148 2205 2152 4900 1875 4005 1434 2290 1854 2352 3496 3290 3747 925 2202 456 245 744 1291 4583 4005 2315 3603 2076 1689 2458 4499 3457 2681 1537 3811 3144 1720 210 1425 597 109 2439 862 3262 2480 1122 3106 4211 719 2140 2588 4004 213 3693 1101 1228 930 3397 3603 1717 4173 1774 4755 2593 2725 3609 4513 3785 1076 1105 2618 4388 924 2940 4302 4717 3448 891 4617 2996 2132 953 4064 809 3183 579 4216 4552 4361 4099 2376 3659 2050 2978 3640 944 2647 2912 1783 4319 2487
2060 630 2007 4862 2871 242 4127 3892 4250 3583 869 2897 3652 2476 970 1491 3115 3435 4064 1814 594 3494 1716 2335 668 2834 634 823 3103 3690 1516 1207 3988 4599 4269 3235 2197 4386 2449 1834 1745 4013 4053 2536 1292 779 4070 2982 2422 4475 1974 1581 2367 1632 936 4627 3672 2395 4492 1457 3038 4123 1214 98 2482 4845 4023 2442 2337 2088 1564 2754 1901 1019 3302 1762 4598 3885 4231 188 713 3782 720 3056 878 2667 2653 1373 915 1456 4244 1773 3609 3508 1553 2881 4884 4794 4931 1643 4704 4190 1767 4642 3281 3108 825 4311 3790 674 506 4382 2483 4182 2684 4987 927 3264 4343 2171 723 2024 1219 1675 4405 2624 2224 3172 2001 3075 3260 2924 3438 2707 2942 963 4796 1037 2427 286 4061 4501 2399 4513 865 4996 4098 4254 4288 4815 3042 3102 3686 2731 703 1941 391 2077 531 2352
1205 197 3812 2560 4260 3776 2785 2278 851 4418 608 952 2252 1632 4362 1878 1342 4988 1237 2841 483 1142 2675 1884 2218 3235 331 4797 3013 1378 3918 594 2034 2985 3207 3920 172 1337 2349 552 3525 4053 4731 1017 41 3060 1974 1547 4814 1013 1050 2304 1107 2468 1754 4386 1956 3896 4437 3211 4543 4886 633 186 1241 2682 361 2343 2920 3019 188 3032 2723 3305 2304 1164 2338 4632 2804 3891 469 3253 1395 2297 750 4613 4087 131 4279 3399 2115 3297 4144 3986 1731 4453 4920 4780 252 1939 2139 595 2189 1550 4492 4627 998 2456 3171 4684 1840 709 3429 2371 1948 1137 1131 2012 2163 3496 2465 2211 1542 3699 138 4678 1372 4213 4164 2462 959 3809 2092 1576 282 1711 758 1325 4749 3015 2715 2337 482 231 460 990 234 3636 708 4499 2088 4272 3510 3805 4435 653 4415 2928 4679 3830
352 4241 2919 4215 1156 2913 2359 4614 2251 315 2470 905 4847 731 4832 4059 2522 1434 3784 2229 4695 245 3890 1899 3716 4782 2047 3237 893 1880 393 1655 1218 733 4299 3715 719 3867 1452 1069 4869 2536 1017 3192 336 1185 3839 902 3019 1845 3754 1510 1982 4390 1358 2454 1966 2101 3179 3365 2126 295 2500 2893 2384 1378 4299 1051 4270 4295 2077 3716 3316 312 1784 3105 4274 2488 4275 593 4008 4210 1404 2502 605 4978 3789 4823 4343 3072 757 569 2930 4550 3801 4095 2636 2700 630 4264 1847 3391 1489 80 3387 3694 1363 3481 1703 1815 3539 1168 3040 4952 711 3905 4432 4032 226 3575 2357 3430 1990 4117 2235 1129 2279 3396 2832 721 3257 2390 4965 390 3124 1721 2364 2137 1947 178 4506 1262 4009 4917 2383 1785 2164 2447 3211 2139 370 3408 951 1013 4549 1161 2808 2167 2776 4091
3347 4184 3800 4458 4304 2897 939 3991 4015 999 4637 4599 1006 1668 2846 1102 1538 3787 1564 3758 4455 2466 1842 3162 4854 1096 4168 4009 97 4770 1504 677 1458 3061 3410 4925 4217 2497 4946 1695 448 1292 41 336 1665 652 3048 4362 4875 802 3110 120 4503 150 1874 573 119 1172 1780 2618 2569 119 3400 1540 2160 2641 858 4948 2831 1542 4673 4382 3193 1134 1019 614 2849 3324 1610 2381 693 4037 2592 1422 4622 2175 4098 2070 146 2268 2780 1807 3453 939 2034 1009 3535 4627 4639 1545 4512 4040 3407 334 2699 2198 4798 1563 1581 3099 2466 4059 2203 4845 2309 2818 924 2887 4262 214 92 4019 229 777 3001 4871 390 1774 1284 1474 1538 1374 3926 304 3637 3484 316 3624 1229 1515 4210 3501 4167 2418 4350 4540 1116 4350 1483 1466 2490 1313 1733 692 847 1174 923 4190 318 2461
505 2418 1495 4044 901 4604 968 4184 3252 4161 3973 4481 66 4849 3475 2628 1467 1443 4917 2929 2014 366 321 3310 4461 502 3565 4855 2652 4943 4400 3809 1010 4785 2792 11 2508 825 276 2208 2259 779 3060 1185 652 4383 4476 1349 2654 2647 3097 658 3381 1513 2719 747 501 2319 3263 2212 3543 4385 1403 2343 2012 1385 3700 2996 2904 4388 3555 3184 3306 61 1080 1172 2525 4676 2410 2228 3028 3977 243 2949 3007 771 3373 3251 3725 449 28 220 681 2718 4585 99 688 4701 3376 2348 1081 2375 3141 2884 1001 2136 1105 4025 1415 3910 588 4590 578 1898 393 3171 2663 528 679 3540 3474 4607 1024 4306 4119 3810 1240 3097 816 2436 430 2441 4281 3766 2206 3559 1936 3824 4279 1126 4233 720 2114 2315 2318 4331 918 3166 4556 3036 1685 2647 1044 1185 1542 3796 969 3677 3680 3449
3609 3854 3889 3105 164 287 4561 2619 4187 945 1977 967 735 3172 333 4593 4268 426 3110 4606 253 2947 4993 3104 868 2948 1847 2471 2649 3486 673 470 2572 3964 4128 2557 4691 1635 3326 1764 1248 4070 1974 3839 3048 4476 3456 2327 807 2428 1837 2707 1441 3821 2160 246 4308 1428 2673 1128 518 2603 2993 4038 4095 3687 1681 829 3001 693 359 3804 590 530 2693 1933 1603 2232 721 4592 4149 4619 3124 2533 1536 4601 3895 3103 3762 2782 3924 2101 4100 2029 1333 3397 2133 1127 2487 2823 4155 1894 1858 4773 3832 3799 3494 1154 3950 703 661 1206 4478 4658 1398 4365 3449 2049 4145 2749 4814 2966 4412 3199 3804 1506 2764 1569 2082 929 3461 3157 2289 3813 1411 493 4026 2387 3749 4001 4366 2023 4771 3248 1935 3864 2210 2093 3871 1066 4651 2397 61 1186 3250 274 2187 3747 3331 3019
4564 2531 3906 812 4007 2813 2300 3394 605 4832 1102 4986 3954 4510 4321 1914 773 4701 3540 2659 3750 2723 4922 4023 194 4231 1588 1453 3354 2540 1942 4539 1088 3516 142 183 927 1719 4951 2165 2490 2982 1547 902 4362 1349 2327 34 2023 2456 2564 3361 4230 1455 4185 453 2150 834 3448 889 1672 1268 3267 3335 3111 581 958 1726 3024 4913 3210 3769 1764 4838 1149 4847 1235 4202 467 2257 1498 711 88 1308 4808 2976 1591 724 1674 868 1752 3602 2320 4242 1815 3381 4855 4287 29 1822 2443 774 4662 2215 336 2003 750 3315 3416 4226 4370 657 2938 283 4030 2609 4711 526 2369 4375 2632 4828 1464 3550 2447 1012 4426 4640 4788 2832 2900 3265 4290 4067 4556 4767 4002 4477 3349 1683 2217 3270 414 1883 331 1793 4222 645 1441 3279 1308 180 904 4918 2693 4309 3245 4187 3336 2204
2841 739 2986 251 469 4768 389 1385 1849 3639 3704 2370 1399 4654 1570 2424 817 3456 3593 850 315 103 646 1407 2424 4547 1900 674 2222 2887 1495 3978 1763 2280 116 2691 3315 3801 4785 639 898 2422 4814 3019 4875 2654 807 2023 3796 3279 1922 379 2063 1276 1131 1967 4604 641 456 4667 427 2725 384 185 648 3607 3410 1984 3763 3610 967 1941 156 2116 2904 4438 2287 3181 1910 3876 4683 2104 492 4287 2345 4674 4978 3733 4833 80 2857 2324 3885 2027 1186 3271 4072 704 801 3219 2981 4245 3554 3343 1654 4106 430 1173 451 1499 2451 649 2995 464 4116 2314 2123 1396 3936 606 16 4530 2941 3611 4442 2919 1496 2211 424 2193 1686 4920 2775 3351 2029 2878 1648 3582 4533 1308 795 4801 3885 2502 4485 2995 2173 1491 1580 2907 4975 2386 2244 4364 1645 2222 3742 619 770 1524
4844 2873 3227 1418 1416 1431 266 1480 92 1195 3128 1610 2943 4322 172 276 4678 2791 248 2568 1026 1697 2638 3464 1373 3203 4396 3850 910 2256 2065 2207 4222 3545 3230 3620 2412 2081 625 286 3175 4475 1013 1845 802 2647 2428 2456 3279 649 2478 3697 2689 4504 1429 1255 2102 1006 4119 1898 4563 2535 1041 3239 4405 162 4103 2503 4320 2965 2756 3345 2655 1700 2241 828 3620 1252 1752 4594 1525 2457 2532 1597 1712 1043 1126 462 4211 2986 2976 752 409 3028 200 2318 3284 1631 4061 2072 1290 1386 4911 3782 4799 1649 1617 240 2735 3278 2830 38 2318 3158 1465 1405 2700 3032 2304 995 3870 3652 2064 3157 1718 3375 2883 4159 4244 721 1529 3457 418 3995 2788 4374 1241 4530 2797 368 1273 1619 3141 2835 1378 4976 3622 1557 3789 1933 3578 1603 1636 2827 3450 3631 226 2674 895 1361
2146 2207 3665 3897 3570 1882 2921 4619 2161 4757 1796 1102 3197 3196 248 736 736 294 2851 3638 977 2659 617 1462 2026 2821 2051 2328 2508 1504 1345 1299 2237 2171 1401 2689 4717 3945 3963 3871 930 1974 1050 3754 3110 3097 1837 2564 1922 2478 2630 3929 4404 1810 311 144 4777 1839 3429 3682 1363 1416 3160 438 2229 752 2471 893 3932 3312 3799 4589 821 3898 4187 3802 4987 4411 1318 349 3149 2912 1680 3118 920 3511 4730 1848 4410 1702 2973 3661 3243 1006 3769 706 1362 954 157 236 2927 4652 4384 3633 4027 3604 3083 1986 4454 854 4406 3057 4195 1743 1439 326 927 4836 2178 1261 109 2695 4171 17 580 1435 134 4444 826 4647 3973 3759 2302 4867 1878 1449 2912 2614 3519 4634 3893 4080 2703 2827 3817 1305 2833 2309 2341 1813 3985 3100 2024 2330 2687 938 4048 194 1489 4351
