N: 160
M: 32
Symmetric: true
Triangle: false
3 138 112 141
7 5 148 12 119 28 147 3
3 106 136 40
4 4 154 146 70
5 64 19 60 127 26
5 73 37 94 155 87
5 38 71 72 75 145
4 68 17 61 97
2 92 66
2 6 65
3 69 149 95
4 24 74 20 100
7 151 160 39 91 14 22 82
6 53 44 137 143 2 51
3 110 132 25
8 1 99 150 41 118 122 31 29
6 107 16 80 157 120 111
6 57 33 142 153 55 13
3 50 144 45
8 93 32 48 104 21 96 11 7
3 133 105 130
8 36 158 88 42 135 49 76 126
4 124 54 90 8
5 59 47 86 81 67
8 113 152 159 114 58 30 63 18
5 129 121 9 128 77
6 134 109 15 84 35 62
7 156 116 85 139 131 23 34
6 56 52 83 43 79 10
2 103 108
6 78 115 125 101 89 27
6 140 123 117 98 102 46
2121 1625 3133 1555 4592 726 1489 1417 2085 446 3718 514 4895 522 352 2570 2430 4800 2072 3281 224 519 3164 944 2178 1331 2506 698 4971 2110 1267 2208 996 3721 795 3581 4210 481 4833 1355 678 2782 195 2000 4282 3237 809 4552 602 2340 220 851 2480 1432 4089 2786 4160 2280 1102 1581 1784 300 2031 4299 4764 4516 4650 3326 2704 1384 505 3448 4750 3492 3820 851 1700 3350 541 1494 3276 3900 88 4425 3817 1869 3406 1863 414 2367 3404 1715 3459 189 532 1830 2821 1293 368 1467 130 1574 2758 3288 3557 14 1262 2616 4230 1478 2508 4031 687 1215 4879 2059 2403 378 3604 4949 4218 4785 3098 3144 2532 1232 1960 3572 4749 2875 1857 2607 4462 1782 3787 2250 3961 2258 710 3260 756 848 4530 4456 2798 3380 1680 103 2176 387 1509 150 4709 3595 211 2173 2591 3097 12 4712
1625 4374 3572 863 4370 4203 712 2236 1336 959 581 845 4810 1686 3285 4233 1113 896 4885 1727 3006 577 4584 883 300 3819 331 3417 3724 1220 4360 4802 1479 1689 3407 2711 1287 4614 23 3211 3665 4685 124 1779 2879 4997 3640 2731 481 2055 3997 4642 2166 4084 1420 416 4572 4501 888 3516 1751 4061 1319 4090 2315 907 1845 2098 2446 4985 4296 905 3590 2416 3193 2829 4866 1024 4063 4764 3792 3574 11 4722 3556 69 3769 3819 1167 2306 4256 1861 1040 2843 301 3332 3280 1852 4286 1615 4536 819 3007 1809 4046 4688 373 3637 3413 648 2808 4283 2961 1883 4317 2140 1257 4429 4991 4796 4722 3970 1013 2140 3276 3784 1306 1200 1263 3784 1439 1815 787 4382 4128 3124 1041 1143 4262 274 3726 275 3623 3802 2901 1732 2399 1141 1622 447 792 234 372 2647 1053 4306 1603 4508 256 2818
3133 3572 1375 1243 4759 3016 4160 4083 4965 896 2148 4456 1129 3669 1671 3987 2659 3214 3140 2270 1385 1323 4740 2163 2542 2842 3580 2229 4881 1583 294 4135 654 3400 2044 882 4296 3630 816 1696 3211 301 3603 2058 4818 1905 3959 593 722 4124 1627 1430 1307 2192 3617 1414 2274 73 2875 3792 1472 3036 932 1596 3113 219 4749 2222 4270 4051 1869 1284 247 4305 105 1620 1040 3960 2528 1375 344 1736 3934 793 1368 846 176 1825 747 4880 4776 4103 560 998 4363 548 4440 1780 1071 539 4374 1576 4191 4733 2182 2724 1310 347 4816 654 3969 4444 2339 2236 2142 4994 3006 4208 636 4614 3539 4366 29 4459 3919 653 4427 3583 399 3451 479 1827 63 3872 1206 82 367 1227 4751 2148 2401 1522 1941 2389 4374 1794 2943 1942 4328 3993 1551 2677 2147 3815 3734 1760 4107 1160 1006 2384
1555 863 1243 3009 1501 4410 3296 3129 1752 3823 877 1352 915 2252 908 3042 2914 4619 1866 1401 2354 3809 3021 1317 3211 2198 726 3894 3459 173 2019 3548 3280 3319 2537 651 404 3403 3608 4576 1290 859 3642 3837 390 3157 2323 1310 4262 3973 436 1177 1974 1695 1366 3159 932 140 896 2079 3660 1829 3383 1461 4937 1457 4963 1010 4427 974 4824 3243 4965 1938 224 4593 193 3203 3641 1673 1757 4034 4265 2587 3540 2953 32 1127 2573 4510 2334 97 2844 224 1734 4721 4591 1652 242 4658 1087 1957 511 4517 4310 2267 177 3370 3376 1413 1141 597 4297 3140 65 1054 324 2349 4618 842 1337 1328 4262 2600 3122 2470 2845 3231 2904 4022 779 3589 3247 4976 4744 1039 893 3268 4147 600 4347 3165 2296 2121 2142 2133 3280 4196 1244 3791 2499 4438 3063 2844 3731 1152 2440 466 3707 4390
4592 4370 4759 1501 2426 1503 1510 924 4745 931 332 43 2394 3546 2638 4629 4599 1503 2653 81 1576 3087 523 4617 2021 2073 888 1017 1894 4526 64 1673 1480 70 3034 1707 3203 1169 4783 4292 901 3893 4437 3391 886 428 3260 203 3021 2829 2912 1846 3200 1493 2975 809 2753 4718 1718 4203 854 3817 2060 744 2236 1240 4409 4343 3472 3230 1028 3756 2991 2338 2110 2624 1145 1819 340 2821 3059 1472 1446 3265 2801 1536 334 958 2954 846 2043 2454 3041 3704 1600 2784 1759 3555 2100 1659 2612 925 3253 3009 3240 2615 4823 441 4406 3816 916 81 1950 992 1504 2275 2633 3791 3008 798 438 3518 3877 922 4340 1816 4335 1930 1147 1280 282 4637 2679 1441 1499 1658 521 4420 4866 1225 4122 997 203 781 1205 725 1320 1738 4758 4772 4461 3803 3797 4399 1524 1130 4027 4405 1795 1271
726 4203 3016 4410 1503 518 3068 3582 4074 4645 4065 405 4606 4217 632 159 3961 4288 1981 257 2989 3642 4778 1110 4910 4121 4028 404 56 1817 2898 2441 3932 955 3259 2201 207 1123 4330 1576 1244 1910 1939 3409 4610 3882 3264 3680 421 3284 4392 2164 4287 675 4034 4236 4897 394 576 2580 4407 4013 2485 2397 3020 1500 4720 4581 4436 1715 3026 3424 4061 1501 4215 1474 225 2245 4581 2182 826 1376 3545 3650 230 4209 2337 3691 1102 2465 2213 2431 3788 1749 3957 1009 1442 735 1118 1911 1231 3095 3909 4714 3044 3171 30 4222 1826 3091 1371 2935 693 3059 28 3374 4862 3807 4624 3568 1287 458 1012 479 156 597 3166 4375 1479 1147 102 1063 2712 4052 4222 4879 1262 4018 495 4786 1476 3889 2082 3066 860 2070 4734 4578 4179 3539 2492 2446 950 1694 4650 1907 2882 1111 2852 137
1489 712 4160 3296 1510 3068 4926 4560 779 3504 4214 3063 855 3989 1856 3061 3135 987 4380 1336 3469 1808 3406 3725 2106 2835 668 3316 2551 2850 4302 4986 3963 261 2201 4809 4574 2572 2674 3774 4591 2625 902 300 821 25 4673 1091 1371 1494 1817 3871 2322 1285 1339 2476 3833 2489 185 1795 3196 321 1236 1225 1988 4296 2618 2047 793 1084 76 4056 1870 683 4963 544 3352 3009 4312 376 3451 1129 3302 3629 1538 4854 970 1939 4342 249 3351 2728 284 4677 1228 3661 3061 4657 4298 2563 2112 793 2261 4228 1505 465 381 2908 4771 2591 3543 3419 4034 891 4159 373 4612 104 1892 1589 1910 3126 2749 4863 556 1191 1420 1496 4754 3323 2503 3751 1496 1763 2866 1069 604 1084 4839 2251 3430 2001 1011 3591 4949 2378 2330 4364 1211 2188 3224 1696 3311 1188 1545 649 2554 2049 146 2680
1417 2236 4083 3129 924 3582 4560 1908 1423 190 127 4763 4594 4072 1817 2042 867 4423 1409 4649 3323 3897 2280 1535 392 2680 359 405 3606 1918 1482 1920 2936 2224 2432 484 3706 3965 2424 742 4181 1145 4637 3283 2094 1203 1253 3238 3313 3592 412 1953 597 2305 3198 4571 4355 4619 2006 3926 403 2358 4470 2961 3588 4113 743 483 354 2102 1641 441 723 360 2906 783 3848 3097 3410 4259 3638 3998 4284 746 2406 1530 1283 803 1322 1789 385 2917 3799 2866 518 1027 4488 2624 3898 1396 3672 725 361 2087 1949 2443 250 4099 4446 3976 3712 4477 4438 2978 4332 741 664 4001 1995 2458 3461 3713 484 3144 4299 1470 2335 3708 4721 4905 2133 4507 3158 4578 11 1360 2262 209 2899 1053 3284 1836 4752 110 628 1892 256 714 3702 2054 1154 2994 4817 976 3056 1993 1899 4744 3068 557
2085 1336 4965 1752 4745 4074 779 1423 2650 2799 800 4493 2635 1903 944 974 2293 2408 908 842 1769 4157 1167 2581 4634 218 223 3868 4518 2780 3201 2434 1841 4576 478 2849 3191 2340 2347 4880 2050 3963 1989 1178 1818 328 3561 2124 310 2455 1642 1345 576 1940 639 269 3140 1907 4924 1610 1582 691 4249 3832 1195 138 411 2165 2329 2625 2161 2576 2414 1904 2838 2841 973 3678 708 3342 874 4380 997 4050 3069 509 2837 3862 4005 3096 4393 645 3537 2890 3035 1606 20 3263 2242 2685 4582 2127 2474 1671 2066 236 3782 2513 3889 3648 3954 4476 606 4722 3205 4627 117 4793 870 934 3927 1429 1984 471 2476 717 2431 416 4981 126 2679 2315 1408 2138 3983 1246 2264 922 4233 1162 2992 3860 3602 2843 3410 4518 3288 4593 424 3377 4107 2490 1351 395 3156 3153 729 1787 2247 4905
446 959 896 3823 931 4645 3504 190 2799 1498 2465 4891 1870 4361 4285 4879 4511 4840 2632 3242 3370 1205 3045 3232 2415 4773 2275 1854 2063 2525 401 327 2767 1112 519 735 2698 2393 3667 3517 963 4362 1892 3726 127 3672 1614 1050 2209 1677 2558 3940 727 4818 2746 2042 1959 3537 4001 408 4167 1211 2064 3820 181 3119 2747 3342 4876 1123 3673 3739 3176 3549 2359 1063 4539 4942 3987 345 4429 3616 3211 4794 4139 3058 2071 2449 3443 286 1956 861 4209 3393 3974 1742 173 4419 2506 1904 4487 1671 2673 4289 2727 1849 892 4217 4107 2494 3410 3060 2016 1113 2798 788 2169 3089 905 327 2440 1972 4104 4765 2040 3093 4651 969 2556 1516 2793 4375 3662 828 1630 232 645 4696 2562 1541 4387 2608 1608 4625 4630 2479 3857 1302 4988 499 1455 3347 678 1921 2095 852 2692 4104 2359 3691
3718 581 2148 877 332 4065 4214 127 800 2465 3115 4938 2111 3627 671 1581 3621 3747 3419 2052 2889 2059 4669 4756 1758 995 4181 3152 4544 99 2401 4229 65 2910 901 3763 2453 4062 1594 1471 1549 3207 353 1902 2402 648 2404 366 4507 2462 2635 3341 2675 1994 715 4429 4773 1029 4931 2929 1628 3615 3873 3741 4959 2184 424 2991 4407 3359 337 4919 2421 381 660 3448 2318 2064 2464 3976 1772 3253 548 3596 2471 1787 3945 2579 3618 1446 3189 1114 589 4785 3587 3217 3113 4694 1603 1786 3179 2958 1504 481 470 1931 2093 2049 2925 4271 1183 2852 2769 3768 4817 2455 3281 3581 4727 4825 3883 975 354 912 3397 3177 1591 3273 855 2405 1316 940 1019 3988 1910 901 3960 2773 4014 1708 3730 4613 2473 4062 4533 4500 3082 174 2388 4711 3415 2990 4715 3294 3080 240 4141 4762 1594 4104
514 845 4456 1352 43 405 3063 4763 4493 4891 4938 2109 4049 2118 4850 429 4261 1608 3209 2139 4157 4542 3243 4111 2027 4860 332 3000 2823 1605 3574 949 980 2968 4952 535 294 1381 3625 2978 2589 1116 1570 1601 3412 2452 3384 4321 1843 689 4928 1265 1787 2617 3034 3833 3570 4970 2066 265 2169 4881 2855 4452 3340 2325 1539 3563 626 42 908 1496 1470 2180 2876 1036 4757 4075 2569 1236 2729 1196 4829 1577 2673 2898 1702 3157 1012 467 4381 2946 4319 2473 3052 2117 572 2681 1732 3210 2594 4340 2099 1738 1805 1591 4009 4138 3353 4233 3393 3137 250 1122 4312 3460 1904 3060 2284 1013 3143 2689 4573 3254 3807 1409 4109 3548 2993 3820 2097 3641 4709 2827 461 3234 1045 332 905 4609 116 2857 4519 1682 1777 2455 755 3735 3459 4365 2590 4420 3530 1796 3989 130 610 703 357 370
4895 4810 1129 915 2394 4606 855 4594 2635 1870 2111 4049 568 206 2997 1390 1293 1838 2472 2695 1432 2600 3020 579 98 1762 4140 1356 4359 2380 1102 1709 451 3545 2526 2076 4186 1551 4109 793 1311 3915 2110 4802 4702 2592 2930 1570 3235 4962 335 1690 3034 3241 4587 3615 2833 2730 4668 4715 4151 4099 2781 3578 2352 2748 4064 256 3772 2273 2278 2068 1149 4385 4526 4455 1792 2030 891 4513 2802 542 2884 3916 1119 2483 567 4234 4639 752 442 2620 750 2102 3384 2373 2920 3700 1538 4611 2803 2972 4203 4904 3668 300 1546 4417 4417 4043 1633 4919 4180 1630 370 434 1228 3607 1862 63 2882 1615 274 3456 4154 1881 3389 616 858 2143 173 1329 2964 3812 2117 3163 1002 1850 408 1211 2347 4947 4782 4254 4885 2845 4189 3391 3628 1882 4030 4943 4449 3950 2423 3642 1395 1578 1428 3283
522 1686 3669 2252 3546 4217 3989 4072 1903 4361 3627 2118 206 4496 4521 760 1260 3869 1736 1791 270 4517 4611 2060 2342 3612 3944 3645 3927 613 668 4343 4287 1295 4883 4876 1400 3054 4823 2376 4350 232 4220 4658 3383 2679 531 1186 3861 3538 2855 3043 1570 36 4113 1162 4411 2590 1025 3446 4140 4586 2041 4766 684 699 4849 3044 749 1073 1972 3753 287 2131 4634 2429 3365 2393 3576 2299 3774 426 4045 2147 2313 655 2726 3074 4604 3036 1370 4508 891 1488 800 2544 4820 393 3203 968 2227 985 4932 732 1533 2500 4683 2536 4840 570 1716 3587 4732 3107 3325 624 1365 1229 1171 2472 464 3829 1223 4373 3871 3150 4039 4605 3814 2568 1899 2480 2621 1661 1449 589 1322 573 4768 3088 3290 4779 871 4330 648 3660 736 3626 2992 2176 526 470 1822 2840 4622 3380 493 2965 905 4042
352 3285 1671 908 2638 632 1856 1817 944 4285 671 4850 2997 4521 3462 2926 4410 2720 165 2672 2710 384 357 3946 1177 2746 4001 1497 2489 3550 101 3772 3528 3539 4250 42 2743 2030 4861 2518 1804 1969 1738 4936 181 2852 1254 756 1427 2876 4723 52 1915 4208 3305 1123 2691 2926 386 3679 1864 3860 3386 2276 3285 3082 4809 2132 2598 2774 256 349 3168 1452 2729 4567 2476 2331 4956 2383 2773 2406 707 2225 530 3352 1439 4449 4544 1336 4272 2977 1368 331 2955 3218 4065 3927 1067 2983 3983 628 757 921 3725 4149 1549 542 3439 1602 2633 30 49 4369 2134 1439 349 1175 3084 2028 4973 1528 2823 3202 248 4781 2995 3533 1677 3656 152 737 4449 3686 1222 3570 1831 3004 1854 1465 3748 210 254 4849 3344 4457 2615 277 1332 829 4330 1010 3871 3699 3392 2375 232 4116 4125 3518
2570 4233 3987 3042 4629 159 3061 2042 974 4879 1581 429 1390 760 2926 4571 3876 2721 1638 1443 1912 4318 2231 3722 1131 4025 3529 2690 4406 196 3262 1002 4856 3779 1047 172 4993 3164 1283 1011 3472 2879 1208 2729 2328 532 732 439 2340 4229 2172 257 3040 4104 2538 482 2330 2486 1814 1547 1466 2754 4008 3329 3374 3296 3563 4456 3795 4501 1768 3469 3619 2038 898 4272 3276 2912 768 4745 4940 2354 1863 267 4041 3360 2779 1039 2123 115 3379 2651 1650 107 1345 3528 2860 3415 1618 959 4267 1617 4996 2179 1621 1549 1583 772 193 4092 2634 3794 4267 4115 1651 4105 593 3200 11 2273 825 4802 1418 4934 3867 4175 4633 3090 1788 2531 15 3569 3798 2826 1833 3499 2143 1892 4149 1178 1525 2273 1320 3661 2086 4033 4467 1253 4975 3067 2434 258 4732 4208 1575 2338 619 1993 1491 289
2430 1113 2659 2914 4599 3961 3135 867 2293 4511 3621 4261 1293 1260 4410 3876 1576 1563 1048 496 3199 2483 768 4242 757 1400 4269 1934 704 2382 1869 2520 3965 4210 63 4311 839 4367 4912 3331 354 3166 2317 1511 454 4184 1278 4559 4076 1120 4727 3373 3032 1835 1528 4723 508 4016 2544 2233 236 2302 3838 4076 2813 3258 2295 587 2173 3027 4289 313 2076 2803 4167 4453 4397 2060 4282 3622 936 118 3111 4047 4083 4619 470 293 1458 953 4290 4375 3302 4908 1046 3016 4737 3955 2820 3555 2992 1508 1533 1847 1594 3189 1338 3656 4985 2671 2772 396 4912 3043 4384 323 4175 1481 2847 3030 2167 4800 3844 671 415 3059 3644 1872 4144 4073 140 1439 4720 1301 4239 416 1933 3897 4266 1102 1760 3497 1964 1016 975 2972 1801 2009 4087 168 3971 3438 4711 4862 1840 3887 4851 2888 4883 3975
4800 896 3214 4619 1503 4288 987 4423 2408 4840 3747 1608 1838 3869 2720 2721 1563 4765 4720 1028 4999 3788 4760 4913 3488 455 4318 1358 2332 577 1857 2488 1879 907 4357 3112 3229 1938 4612 1326 3292 238 2298 4058 3973 3062 4979 1335 2547 1136 3885 4116 612 1226 4567 1769 1958 1016 2829 1997 4820 2003 3231 195 1813 3044 4928 542 3911 2225 691 3488 284 659 371 4685 2153 1335 4360 2372 2899 1029 4829 235 1571 372 1668 2880 2581 1917 291 2724 1648 2169 1025 1612 2845 1037 4451 2189 4707 2013 4730 1624 4326 2870 4793 1891 1720 3275 4591 3739 790 1891 1281 4965 4119 3412 3310 2434 3858 4270 2842 1155 680 1999 4323 241 3543 1505 4110 4102 4350 587 674 4391 3580 718 711 1834 3464 837 4296 1538 2807 2712 984 4152 4330 4455 3524 3031 4263 425 3261 1425 4376 3805 4249 925
2072 4885 3140 1866 2653 1981 4380 1409 908 2632 3419 3209 2472 1736 165 1638 1048 4720 173 1527 1830 4671 3583 3217 2407 4858 3280 4676 936 2047 4891 828 3597 1228 3912 3347 1251 2403 4034 938 681 2533 108 3261 3551 3851 2906 643 743 445 4945 2639 2467 3507 2164 726 4355 4625 3414 4914 4507 2467 4260 3186 3811 4280 4967 4961 4007 731 3611 4367 359 2811 4155 745 4500 4523 3283 1748 4213 3935 1376 3057 4843 1236 4365 3819 4845 1714 4737 2569 2249 711 3150 3345 183 499 582 3652 3444 4472 4656 2861 4788 4122 56 2335 3156 655 958 1760 854 301 829 3461 3675 3495 3504 4302 4597 2232 4390 3031 4145 1405 3649 414 3839 2539 3014 4537 2416 4191 2526 4645 1148 2349 3038 4173 3112 641 1453 3540 4892 4762 249 3721 3439 1509 2250 4090 4245 3812 2037 2558 2707 4115 1699 857
3281 1727 2270 1401 81 257 1336 4649 842 3242 2052 2139 2695 1791 2672 1443 496 1028 1527 2841 4790 1938 401 683 2915 2526 358 2010 2361 675 3788 89 681 3810 3292 2355 4119 4816 49 416 3419 4437 4511 1802 370 1167 4275 4686 4763 213 1412 534 3709 4199 3449 183 3358 4786 1716 189 4370 3011 994 4324 4420 388 4941 4310 341 646 4957 4818 3684 3790 1777 724 3947 1927 1918 574 2151 3318 4650 1424 733 4351 1071 1926 1822 913 32 2840 1230 1550 614 4340 1437 738 4686 1427 3792 4095 1761 1521 3996 3621 994 161 2508 2677 4826 44 1541 3499 4724 4601 864 469 1210 905 67 2557 2535 313 4148 4571 1706 2715 729 3020 1944 3906 4401 3070 4511 4143 785 923 4535 4745 4386 2341 2913 892 1513 2417 3211 3205 1262 2696 2763 2832 3057 587 3960 575 1707 1429 815 3972
224 3006 1385 2354 1576 2989 3469 3323 1769 3370 2889 4157 1432 270 2710 1912 3199 4999 1830 4790 2604 2016 32 4892 3510 2402 2016 3979 1035 2245 2173 470 2669 3988 1206 2865 4128 4969 2441 4626 956 196 1424 633 365 4304 431 3472 4732 1045 565 3965 2011 2650 2563 1435 3539 1262 2312 3741 2597 2103 2299 4940 1529 4343 3187 4767 2698 4106 997 1782 1727 3133 4158 3959 1553 693 4195 4466 2252 1860 3676 3019 1692 4268 2456 1997 1707 373 2409 2814 3418 1755 2697 3377 1775 1757 440 3354 208 4588 3728 881 2724 1543 3867 4988 980 2615 1204 4755 196 4166 3908 658 1633 3421 501 4115 4216 1991 3277 4626 2894 2025 961 92 3675 1221 1735 4039 4756 3981 3775 4885 1935 2555 4714 4067 3652 4774 754 2662 1462 2344 1334 932 2807 3435 4466 3229 3359 1234 1902 4674 3251 713 4490 3121
519 577 1323 3809 3087 3642 1808 3897 4157 1205 2059 4542 2600 4517 384 4318 2483 3788 4671 1938 2016 3292 318 3852 1166 608 2196 191 2256 1301 1110 521 631 143 960 775 3476 4132 3313 985 4523 3244 1274 2600 3148 1020 776 2498 1920 597 403 3615 1183 3047 430 2598 3344 3642 4984 4189 4355 1941 2749 2400 2621 2828 2578 144 4683 2263 4162 909 228 889 4729 1483 3928 4442 991 544 3565 2155 2886 347 3730 1137 1809 2749 3371 3343 3415 1628 440 4051 4419 3920 4995 4736 1691 2231 987 2666 4886 2085 4038 673 1391 676 30 1721 2278 1003 4696 3115 2958 2906 3833 2980 2749 4072 4177 261 152 3317 4442 4004 77 1238 2865 4138 2269 4843 3717 1772 4890 1514 1497 657 1177 3979 315 2140 4200 3608 4898 2578 1795 2122 1379 1306 4989 1830 2185 634 4582 186 3380 3142 1759 3797
3164 4584 4740 3021 523 4778 3406 2280 1167 3045 4669 3243 3020 4611 357 2231 768 4760 3583 401 32 318 4932 2905 937 4542 156 2001 1861 3925 2804 603 2537 3719 1343 3031 4880 4541 3807 4912 1603 3836 232 2280 3811 2361 434 3085 2606 360 137 1393 1293 3573 1913 465 4412 2240 120 973 2480 1671 903 827 2126 1384 4295 4655 4475 3086 4978 2072 2931 3084 4348 2664 1347 524 1591 779 2712 2033 2840 3127 3103 463 1467 4936 4100 3350 2501 1988 3259 1253 4761 4742 3809 1455 4819 4404 1164 2028 810 940 4286 64 2544 892 3487 1380 3276 1750 1136 2749 2342 3573 948 1165 670 2541 482 4059 322 2480 944 2655 2330 3781 2151 1844 392 3236 2746 2320 1350 1140 4744 3944 2437 4431 2918 1421 3037 2248 4151 4553 2287 3106 4120 1535 2444 1193 1317 1094 4823 2208 3829 4453 489 1628
944 883 2163 1317 4617 1110 3725 1535 2581 3232 4756 4111 579 2060 3946 3722 4242 4913 3217 683 4892 3852 2905 429 2833 2992 468 2808 2330 2803 3411 3099 3284 33 2657 1387 2318 1853 1490 2515 4945 457 4569 717 228 2938 4713 3428 1005 1671 3462 2919 729 4099 475 4281 1311 1077 414 4190 1451 4273 4270 4308 1057 1028 2733 2307 3981 2867 1674 3316 3483 3921 3891 2026 4734 2436 2063 3232 428 878 3932 1465 533 3201 3099 805 1057 1731 3197 2023 1482 4221 3803 752 1920 76 2697 3598 4168 1151 800 86 2612 2778 4914 1024 878 689 1974 2036 207 1019 2500 828 4646 1831 3502 2362 1940 779 3122 3334 2538 1105 2184 3436 4904 4218 472 3636 1294 332 4698 1404 504 1832 2836 2156 1902 948 1417 2307 1061 4030 3316 1326 4994 2422 2984 4815 1532 4115 2469 524 883 3043 2279 1608
2178 300 2542 3211 2021 4910 2106 392 4634 2415 1758 2027 98 2342 1177 1131 757 3488 2407 2915 3510 1166 937 2833 107 2838 4076 1743 4772 3082 4764 4473 1091 3393 2041 2091 2852 28 3344 640 208 76 1475 4334 649 4691 2995 2635 3121 4269 1137 4191 4786 3477 2571 337 545 4724 722 342 3945 1352 979 2461 2824 20 2410 968 4965 2724 2046 3431 4224 3478 2232 2929 4972 1824 4620 4294 1993 4228 2678 451 247 3119 4560 3667 3875 429 3361 4413 3014 1927 3045 1291 4246 1892 1518 2863 829 1344 1218 3285 3620 2923 2170 1860 216 3686 2586 4039 3101 977 1803 1269 2542 1792 2900 1960 4721 3651 1413 4863 1464 2555 2365 4995 51 2338 455 167 199 3851 1036 953 4200 3451 83 1854 2093 2883 751 3341 3783 3640 1399 4060 2387 3149 3127 4303 853 1079 4617 4031 3677 1404 4842 2856
1331 3819 2842 2198 2073 4121 2835 2680 218 4773 995 4860 1762 3612 2746 4025 1400 455 4858 2526 2402 608 4542 2992 2838 2136 4002 3250 1579 2511 4468 4214 3917 1028 381 4963 4760 4411 893 4528 2077 354 78 2391 1772 1058 67 4507 2098 4749 3906 4969 701 1821 2905 4380 1450 4315 2464 2915 2374 4407 2568 3391 282 1728 4154 3561 2351 1390 1716 2263 3990 643 969 1756 1980 3162 1837 471 2427 3407 2001 44 596 2981 3989 2534 3410 3210 4123 849 2028 1701 2532 1168 2907 973 101 4028 2724 4382 4463 1569 4704 2892 4669 2156 2747 1209 3536 1371 1770 294 4789 1798 2090 1232 195 4144 3220 2319 3597 1350 4568 807 2564 1948 764 3360 3429 1002 2974 2062 241 4549 4441 2134 1398 3990 1069 1279 4894 1055 4184 3188 1584 3361 4385 2737 2047 4649 3852 3725 2729 2044 2417 693 1028 874
2506 331 3580 726 888 4028 668 359 223 2275 4181 332 4140 3944 4001 3529 4269 4318 3280 358 2016 2196 156 468 4076 4002 3300 1089 1147 3143 2515 2575 885 2329 1905 2147 415 4140 2634 4904 1558 2092 2795 3355 3657 4878 2439 3750 2797 4390 4452 4674 4359 4002 4827 715 3925 4122 2583 4448 2597 1211 949 365 3679 4439 874 4917 621 1060 647 3120 4645 621 2133 1115 654 4028 336 745 808 1660 2958 2045 26 2593 2961 4622 2139 849 3233 2412 811 1814 1532 154 492 751 4503 1254 3416 126 3328 1803 1122 1100 452 1771 2551 3794 942 4668 4327 4095 985 1308 893 855 3166 1480 2998 1095 3135 1836 3654 4042 2571 2015 300 3119 4865 1985 1454 3936 3304 1099 4041 2237 1426 3204 3115 1880 732 45 662 2708 1296 1167 1255 4361 893 4591 3565 2628 3800 923 2987 1268 1598 3224
698 3417 2229 3894 1017 404 3316 405 3868 1854 3152 3000 1356 3645 1497 2690 1934 1358 4676 2010 3979 191 2001 2808 1743 3250 1089 3462 4634 3406 229 2548 2133 4472 2135 2277 2349 771 2959 4590 1658 3462 4864 1288 4164 34 3842 1648 651 672 2981 3278 3180 4928 2369 1702 624 4069 1941 2563 2537 3428 1877 914 3327 2192 3820 411 4688 1671 4196 81 3785 414 771 4227 3778 2560 3464 4409 4849 1874 3799 4867 3014 3085 3208 1000 3936 849 191 559 4678 4377 3407 4522 3330 4236 1348 2413 944 2290 2690 2159 1330 187 3207 2448 2468 3168 4421 2964 3736 3875 4573 2802 2484 159 4652 2260 1065 1988 4140 207 4569 4165 4433 2496 4501 4129 4947 4260 4563 116 488 1884 552 4306 1888 2177 1407 4871 934 2421 2911 4509 3492 1503 459 3195 398 4018 4248 755 3745 2146 4866 3091 3209 3746
4971 3724 4881 3459 1894 56 2551 3606 4518 2063 4544 2823 4359 3927 2489 4406 704 2332 936 2361 1035 2256 1861 2330 4772 1579 1147 4634 4301 3246 3308 1871 2710 838 2814 695 2990 4562 181 2240 2106 381 2453 511 1223 1861 3678 567 2206 4727 2832 1361 2593 1050 2276 4734 2798 4568 1715 4950 1566 2723 4227 305 2817 4093 4133 2876 1461 3713 2650 447 1423 2058 816 3044 1566 2796 3627 4216 1765 2717 2032 1779 4021 1812 3670 1426 1463 2842 4968 2283 827 2487 562 2630 1318 1800 4855 3353 1029 2766 305 4999 19 164 341 4845 2037 1212 2529 1353 4647 4521 4351 4230 4526 3511 1684 1981 2561 4053 4090 2065 1638 1792 3907 1178 4830 4220 735 2288 2670 1819 3820 2406 4038 3883 783 2041 1080 1880 1816 878 4884 3758 652 1024 1259 4761 4770 4445 2391 4674 2783 3973 3975 60 2727 1118
2110 1220 1583 173 4526 1817 2850 1918 2780 2525 99 1605 2380 613 3550 196 2382 577 2047 675 2245 1301 3925 2803 3082 2511 3143 3406 3246 928 2820 1089 2191 787 4879 4876 4562 4790 4419 4060 4796 3235 4913 138 3604 1873 1343 3793 3385 2023 4064 1358 1420 1044 603 2646 376 107 4530 813 4892 3981 4343 1699 4923 2807 4467 4519 3990 4037 3603 3572 2063 4578 3088 4124 144 590 4690 1865 901 3017 2912 759 3249 1979 1349 2087 434 371 4057 3472 4414 1062 1823 1283 408 4411 2953 4358 2829 2327 2316 1633 2941 4269 4811 1291 1490 2031 413 4501 1137 4875 3526 4323 1587 1718 2027 481 4500 4575 3683 4455 307 670 3891 2970 323 205 3231 161 3159 804 2352 188 934 1469 4908 121 2130 3316 992 93 4710 1297 4928 1674 2171 3220 4941 2193 1195 2211 3917 2540 971 90 4088 4696
1267 4360 294 2019 64 2898 4302 1482 3201 401 2401 3574 1102 668 101 3262 1869 1857 4891 3788 2173 1110 2804 3411 4764 4468 2515 229 3308 2820 3673 4502 1150 1872 420 2218 67 2477 460 4556 279 1263 466 2091 1743 258 4858 3416 3948 3734 163 4435 633 127 3039 2499 3921 1991 1917 4296 4228 2193 3347 1637 3128 4427 3011 3167 864 2657 4207 3345 3358 1017 470 2289 176 1901 1853 965 4619 3683 2739 930 4680 3029 2879 1981 2932 1977 4046 1064 4694 3636 4852 2749 2908 1366 2271 666 4728 375 1678 1206 1619 4165 483 202 2007 494 2624 3415 2589 2525 4409 793 717 1569 4883 574 4060 2575 1565 601 3839 3453 1904 4759 2931 2914 1819 25 391 2703 1522 4215 4452 3206 4661 1246 553 487 2093 4518 2064 4231 1234 400 3056 3800 4266 1194 2602 39 2125 3280 4386 1183 3579 1119
2208 4802 4135 3548 1673 2441 4986 1920 2434 327 4229 949 1709 4343 3772 1002 2520 2488 828 89 470 521 603 3099 4473 4214 2575 2548 1871 1089 4502 3498 3252 4921 3469 3415 4463 3830 1021 4446 18 3636 4452 631 683 2585 1370 4097 2436 1788 416 320 2482 4450 101 2441 508 3367 508 2834 1105 4845 2495 3937 1974 149 1006 4379 4909 4785 3857 242 3982 3486 239 3907 2899 3274 4171 2331 3999 4295 193 743 1562 3385 4497 4355 4382 989 2818 2612 4891 4923 3548 1401 269 289 1918 310 587 3610 2065 2636 3174 673 1761 177 4242 4888 2001 2090 4841 60 1801 2182 746 311 4752 1869 3382 3314 3733 2129 3677 4212 2348 400 3166 4616 3212 2792 583 2781 326 1126 4702 1465 4910 2503 3588 241 2483 2166 3724 254 3368 2547 3661 2075 4919 1872 2319 661 3650 4764 2550 2715 3800 2083
996 1479 654 3280 1480 3932 3963 2936 1841 2767 65 980 451 4287 3528 4856 3965 1879 3597 681 2669 631 2537 3284 1091 3917 885 2133 2710 2191 1150 3252 2184 1102 3503 3310 853 157 3785 1443 3349 4259 2001 2664 2098 1482 3119 2609 2155 4130 4216 1734 4928 3589 1276 2217 4382 1667 878 3032 2319 3912 3143 600 4420 3207 4006 4363 2226 14 4858 3327 4876 2274 154 2999 4646 4096 2204 1720 2440 643 3381 642 1146 2831 3464 3004 2216 4314 1723 4174 868 3583 4048 3745 3309 4872 2740 911 4841 4755 1196 3044 2218 3248 1990 2730 1018 4960 651 2398 3270 1076 4156 2728 2379 480 251 1239 4342 3218 1530 1652 1746 2997 4259 1704 364 1939 3607 3348 3462 2496 2403 1398 2459 1147 3629 2755 2023 4110 2037 1242 1194 4352 911 4361 3009 2915 4568 2449 4680 4547 2206 3736 1897 3013 4416 2965
3721 1689 3400 3319 70 955 261 2224 4576 1112 2910 2968 3545 1295 3539 3779 4210 907 1228 3810 3988 143 3719 33 3393 1028 2329 4472 838 787 1872 4921 1102 281 2408 1765 3330 1734 2736 209 3228 621 4927 642 1747 2494 2604 1203 2712 253 1698 4884 349 752 4551 4604 2875 3450 4440 2686 2388 2489 909 4136 2077 3386 1448 779 601 24 1167 4486 2386 548 4227 2531 3305 3342 1597 1708 979 95 12 3497 2913 2150 1196 674 2833 3242 3745 1575 1718 521 1731 2567 3065 4616 860 3132 3953 177 4725 4056 4639 3892 2840 2683 3550 4038 1877 3696 3777 4864 3141 2315 4643 590 2170 4522 4118 2491 1571 4080 1856 2943 4731 1845 3526 2858 2012 3105 2626 2280 1091 1258 638 1431 950 1766 1541 4950 896 659 328 3011 4400 3228 3372 4958 527 2765 1234 1866 2531 639 2709 1592 4644 4017
795 3407 2044 2537 3034 3259 2201 2432 478 519 901 4952 2526 4883 4250 1047 63 4357 3912 3292 1206 960 1343 2657 2041 381 1905 2135 2814 4879 420 3469 3503 2408 3663 775 4815 426 4521 1020 1108 3660 472 4362 4813 547 3783 1523 860 4132 4126 2386 4335 2550 4595 1051 1562 164 4937 4599 2786 2861 4209 127 677 3102 1345 3274 3547 3500 1500 61 3712 1096 3369 953 1987 137 4763 84 2776 4403 3194 1672 1311 4021 4897 2001 228 1853 1357 4045 3047 1488 259 4028 111 4720 2539 2691 920 4817 3111 273 4123 4922 1197 228 2065 2286 2532 2123 1959 1314 312 1199 2483 1329 2304 304 237 4537 1881 713 681 4061 1171 4935 2007 2476 102 634 4918 2810 2781 1294 2664 384 331 4773 3196 1972 2085 992 4127 1766 283 20 1595 2654 2625 154 4093 2546 3477 2327 357 3720 2079 1058
3581 2711 882 651 1707 2201 4809 484 2849 735 3763 535 2076 4876 42 172 4311 3112 3347 2355 2865 775 3031 1387 2091 4963 2147 2277 695 4876 2218 3415 3310 1765 775 2063 3118 4539 1514 3997 4682 2402 345 4810 2196 1704 3381 3449 1330 4605 266 3089 1662 3770 4173 4198 4732 1114 2372 2302 1502 647 1490 1139 1310 4526 1718 94 4522 3323 4776 2726 4552 212 1752 779 47 416 1485 2462 2982 4845 970 1253 2190 2058 1245 4138 3941 564 2904 2117 2902 2822 886 2595 592 49 627 4248 1698 4947 3854 1924 3163 3043 1245 2447 3754 2895 4048 1544 3683 4542 1987 4913 628 4155 3573 1992 805 320 2663 1962 96 3362 2595 2642 1817 4497 546 1570 2349 925 3706 3497 2484 3215 369 1176 4948 272 3876 3379 2595 2946 1251 550 2696 4302 3730 4146 2751 1858 712 659 572 1240 164 2793
4210 1287 4296 404 3203 207 4574 3706 3191 2698 2453 294 4186 1400 2743 4993 839 3229 1251 4119 4128 3476 4880 2318 2852 4760 415 2349 2990 4562 67 4463 853 3330 4815 3118 1104 1497 1952 2062 1622 3069 724 1055 3519 587 1386 3790 233 61 383 540 3936 2857 1671 3261 2912 4053 471 2987 2224 4990 2969 1398 3554 753 3309 2766 806 3127 2236 4498 2484 3303 3731 2883 4762 2279 4100 341 3867 1700 3514 3817 175 3724 1460 4319 3967 3821 2187 2390 4834 4890 3926 1450 3787 83 4085 2455 297 410 1955 4037 2735 4216 2775 2151 2053 4896 3261 2593 3063 3411 1647 2442 3862 3978 4592 3262 3595 4657 3313 933 377 2335 1670 3369 2759 1886 3408 4698 1515 4814 931 1677 1529 1401 4573 3226 485 4496 4148 3137 3036 2010 776 73 2083 4368 4509 3649 3448 4244 287 3687 3169 2162 2710 850
481 4614 3630 3403 1169 1123 2572 3965 2340 2393 4062 1381 1551 3054 2030 3164 4367 1938 2403 4816 4969 4132 4541 1853 28 4411 4140 771 4562 4790 2477 3830 157 1734 426 4539 1497 419 176 4324 876 1525 3520 207 1636 2983 4771 4475 3316 4463 2274 227 3429 2461 324 1380 3724 4702 4391 1614 1974 2708 3056 4188 1297 2569 2006 3669 1768 3613 3902 3226 1038 3225 4373 2797 41 4702 1135 4925 4709 4104 4429 1542 1407 1289 250 4315 1805 1301 4621 2654 199 1238 2269 2052 226 4635 4612 3344 1356 3710 4981 139 2089 2076 4659 4357 3485 1525 4794 2815 2923 1737 969 2233 1154 3623 1387 1210 4867 4286 1565 3066 1779 22 1326 1204 4187 4542 536 186 4939 3285 671 4682 875 1946 179 4384 4029 4859 2996 3373 165 3226 389 4632 4059 4465 2794 3353 3792 4570 3763 1992 1413 4501 3685 3403
4833 23 816 3608 4783 4330 2674 2424 2347 3667 1594 3625 4109 4823 4861 1283 4912 4612 4034 49 2441 3313 3807 1490 3344 893 2634 2959 181 4419 460 1021 3785 2736 4521 1514 1952 176 4574 1466 4698 1240 46 2993 823 4605 3163 658 3186 2547 978 3416 3161 1541 2505 2720 3313 4097 1891 1655 4805 3162 4917 2011 3409 2629 606 4260 4333 2895 4731 4051 1655 4218 988 2601 1809 4754 2327 694 4944 2224 2598 2999 2380 131 2634 3872 2623 838 4893 1661 2436 3601 3448 2433 3281 3767 3242 1134 1723 2108 244 1713 1553 2431 4925 4359 2259 386 2510 4687 2120 2489 3397 2143 4186 3538 4758 1091 1375 3080 1609 1929 4645 1856 4427 2474 3219 913 2986 3579 1843 4564 4384 1228 3165 1719 654 4765 3831 2831 4693 3484 1734 564 642 1876 2643 2622 747 968 2642 4695 4137 784 3454 2413 2268 388
1355 3211 1696 4576 4292 1576 3774 742 4880 3517 1471 2978 793 2376 2518 1011 3331 1326 938 416 4626 985 4912 2515 640 4528 4904 4590 2240 4060 4556 4446 1443 209 1020 3997 2062 4324 1466 745 2599 76 3274 2554 2251 869 4871 4782 1419 2924 4020 2193 4259 1381 4431 289 2293 4807 1388 2309 4576 1969 304 4545 4539 190 4833 744 24 1177 4289 3480 3160 1888 1244 3136 1697 4000 3778 1267 850 1141 3235 2372 3345 3082 4053 2068 4482 344 3473 3346 2129 1478 1994 48 4693 4324 4281 4740 796 3480 3493 2042 3558 3324 1019 2966 1076 3237 2154 4115 4805 1533 4470 297 3428 2970 4470 4605 4770 4258 4415 3473 2974 866 4776 2199 4375 1574 3733 3988 4143 404 3105 4057 943 861 2370 4757 2080 3416 1962 3218 361 3813 3437 3590 2377 3512 4945 1217 3877 3951 2772 2371 2018 2986 2469 915
678 3665 3211 1290 901 1244 4591 4181 2050 963 1549 2589 1311 4350 1804 3472 354 3292 681 3419 956 4523 1603 4945 208 2077 1558 1658 2106 4796 279 18 3349 3228 1108 4682 1622 876 4698 2599 4774 904 283 4651 4219 2503 4119 4147 2007 1948 4972 3110 2379 3101 1198 4846 2961 3782 3311 2374 1287 633 2517 4921 2778 1213 1089 3060 3562 2730 3321 4278 3483 1763 3922 2414 3915 2824 4754 3451 1999 1899 158 3568 1759 3391 227 3202 753 3324 2948 4236 3623 2992 1771 3340 1067 2884 3398 4481 2005 3203 3383 1999 4255 1327 3114 2019 3605 2596 3769 2285 2601 1471 1143 379 1148 344 4914 2713 4942 4616 3312 801 3244 3690 1829 1699 4391 3536 1032 1025 4131 1288 4734 1641 2965 3982 758 3871 4285 4541 899 1790 1861 2712 1304 304 4339 1888 4617 1617 4289 2092 3697 4554 1233 2549 3146 4413
2782 4685 301 859 3893 1910 2625 1145 3963 4362 3207 1116 3915 232 1969 2879 3166 238 2533 4437 196 3244 3836 457 76 354 2092 3462 381 3235 1263 3636 4259 621 3660 2402 3069 1525 1240 76 904 2623 3648 3228 2695 1589 4983 1693 359 2323 2985 1572 4080 3018 3048 2563 3534 1380 4091 643 2358 962 3105 1700 2130 3089 1252 2394 4276 3259 1942 1484 913 1641 2094 489 3502 3612 3158 4279 2157 4429 1786 4598 1704 4100 54 784 2282 2829 3346 2715 4971 232 3553 4255 2026 3399 3883 1209 442 3345 1389 3032 1664 1712 1340 2762 4854 1574 3032 3078 1011 2759 4503 611 2462 4140 1397 2563 2590 1873 4886 1954 2264 1755 4166 2124 146 2202 4297 1144 2462 4341 464 3713 4105 1570 1647 1993 1582 1587 2495 396 2530 2790 2364 1536 1890 691 402 1997 1683 1479 4380 2398 4062 3443 2687 1995
195 124 3603 3642 4437 1939 902 4637 1989 1892 353 1570 2110 4220 1738 1208 2317 2298 108 4511 1424 1274 232 4569 1475 78 2795 4864 2453 4913 466 4452 2001 4927 472 345 724 3520 46 3274 283 3648 3671 365 4214 1837 2846 765 1810 2618 2970 3344 1056 2218 337 4170 583 322 2107 2591 2853 4458 2927 103 4216 4616 2787 41 1933 2444 912 2287 4186 2362 1599 809 3783 2861 3565 2983 4077 3185 1146 1272 1281 750 1451 2134 821 192 2034 2284 4812 757 669 823 3137 1971 2061 3321 3836 277 2940 4138 1487 3498 979 2285 4878 2381 146 3756 1544 2973 3090 1731 123 4009 4349 517 2464 2390 1574 1644 3702 3998 2748 3483 1488 1059 3849 3878 4718 3894 1003 1637 3071 396 3241 2617 2401 4055 1210 3165 886 2596 1360 1584 76 3156 1185 3858 4622 3634 1406 3422 3073 4362 572 1541
2000 1779 2058 3837 3391 3409 300 3283 1178 3726 1902 1601 4802 4658 4936 2729 1511 4058 3261 1802 633 2600 2280 717 4334 2391 3355 1288 511 138 2091 631 2664 642 4362 4810 1055 207 2993 2554 4651 3228 365 3058 1875 2438 2839 1351 3332 1552 509 3926 4575 3894 1829 2148 912 966 2794 3075 1930 4880 3528 457 1853 4349 1045 500 4745 1428 1503 3662 711 1726 2647 2192 4473 1304 962 2923 1895 2906 2494 3297 3209 1780 1107 996 3615 3042 3622 1241 3907 3856 737 1840 3070 3401 3113 759 1875 2138 2592 508 2027 381 4828 375 4599 4060 4465 3619 2299 2231 873 3423 3450 351 1327 925 1172 1000 3321 1560 4164 4687 533 2810 2899 1755 787 4465 1706 3200 3110 1941 291 2929 4639 2021 2778 2081 4480 973 1782 2770 4392 4292 4583 2090 2977 3039 2445 4416 3720 80 2837 1780 3948 146
4282 2879 4818 390 886 4610 821 2094 1818 127 2402 3412 4702 3383 181 2328 454 3973 3551 370 365 3148 3811 228 649 1772 3657 4164 1223 3604 1743 683 2098 1747 4813 2196 3519 1636 823 2251 4219 2695 4214 1875 1792 4775 617 2292 1577 1472 887 1327 4132 352 1894 3828 4177 2544 2147 4601 514 4698 89 1321 2275 4314 859 4571 525 588 1172 1277 4676 121 3352 1047 4347 3561 716 3566 814 929 3610 2198 1110 4415 66 3311 4039 4663 3547 2937 4096 4004 3244 4971 2724 3137 1724 3600 1493 2129 1655 909 4650 4354 4073 1200 3913 1139 4956 3971 2292 915 1207 4716 2110 38 3780 2988 238 2297 2749 1977 2301 3736 4314 944 297 1038 2310 4757 2307 3543 2006 2686 4865 1925 793 2451 3103 1469 3559 3202 2744 994 1825 2114 3274 1388 3428 2714 2150 3324 1463 4108 1392 4683 4335 1157
3237 4997 1905 3157 428 3882 25 1203 328 3672 648 2452 2592 2679 2852 532 4184 3062 3851 1167 4304 1020 2361 2938 4691 1058 4878 34 1861 1873 258 2585 1482 2494 547 1704 587 2983 4605 869 2503 1589 1837 2438 4775 2462 1928 4594 3901 1850 2139 2005 411 4079 4583 507 2223 2650 4655 25 1951 4101 548 1201 842 1962 2880 1657 3231 779 690 1033 2391 3878 1925 3323 162 1544 2750 4693 2386 1972 336 1525 964 1747 2376 1160 3293 4958 3447 2686 115 14 2227 2532 4195 101 4213 1210 1329 1153 4120 570 4484 1029 1246 3296 697 4771 3496 3692 1292 1191 2790 3059 4287 484 1916 4260 2945 2779 3239 2269 965 4174 1810 2262 417 880 1835 2977 4328 1219 4028 271 2562 2086 3966 2935 3226 728 4128 3212 3990 2711 2467 1497 2269 14 3288 100 3498 3076 1749 4043 128 789 3101 1798
809 3640 3959 2323 3260 3264 4673 1253 3561 1614 2404 3384 2930 531 1254 732 1278 4979 2906 4275 431 776 434 4713 2995 67 2439 3842 3678 1343 4858 1370 3119 2604 3783 3381 1386 4771 3163 4871 4119 4983 2846 2839 617 1928 1577 2236 4626 1337 4337 1674 2488 2834 1749 2552 4543 1665 2915 792 848 2892 2970 4980 2663 4503 4998 465 305 3392 1919 3142 3867 4806 3181 409 2120 3884 4871 904 4576 3369 1972 360 309 4293 151 3607 190 150 4656 271 44 2531 3922 1146 343 217 4792 1514 763 4627 4782 3756 4799 4798 4918 2406 2881 2636 3112 3797 1965 1948 1299 4625 617 4574 544 4358 4843 1009 2738 3053 4489 4611 1019 4738 1069 4678 4983 3998 1840 3044 4677 2609 3730 4144 1214 3066 4625 2632 3776 4705 42 3508 2684 1692 4884 1288 1514 3408 2236 3786 1379 2504 770 3382 4133 2055
4552 2731 593 1310 203 3680 1091 3238 2124 1050 366 4321 1570 1186 756 439 4559 1335 643 4686 3472 2498 3085 3428 2635 4507 3750 1648 567 3793 3416 4097 2609 1203 1523 3449 3790 4475 658 4782 4147 1693 765 1351 2292 4594 2236 4830 3364 4768 560 1422 3948 1454 542 2453 3787 546 3713 2532 2555 3521 21 27 2692 1938 2377 2460 233 1705 1104 1860 2793 3788 4212 1852 2818 2391 2081 3523 3820 4692 2755 392 712 2673 1121 731 3444 2218 1081 964 1576 4216 2101 1477 3825 3480 2405 4570 3730 2064 1670 3244 2505 1072 2483 3259 1174 302 2194 1460 1537 1644 269 111 1614 553 2217 1794 4090 1957 4165 4366 1197 1251 4762 2300 2060 942 1000 4757 3038 1112 950 2533 3198 1081 2767 4810 3290 2684 1839 2408 716 2294 4918 1347 4095 972 4077 3654 2850 4349 4581 4244 1485 3114 3345 1877
602 481 722 4262 3021 421 1371 3313 310 2209 4507 1843 3235 3861 1427 2340 4076 2547 743 4763 4732 1920 2606 1005 3121 2098 2797 651 2206 3385 3948 2436 2155 2712 860 1330 233 3316 3186 1419 2007 359 1810 3332 1577 3901 4626 3364 1973 679 1487 2302 2366 3957 3352 2728 3101 4166 3922 3443 3442 3864 2180 4349 563 262 3623 1307 2260 861 2507 36 4057 697 3367 3304 2073 3716 2069 4908 970 881 3496 1419 280 634 157 802 4649 1582 4450 1600 2238 1963 4402 4378 1203 4205 2895 3800 1935 1549 3704 524 3592 2845 4729 396 1467 2480 3003 4021 4390 3057 4722 4471 2956 185 1072 1604 689 2133 1849 4642 4432 4434 2492 419 3019 2944 1502 2345 2971 670 503 4731 1550 2185 3292 1621 1127 4644 4858 345 19 2255 4950 1952 1849 2673 1275 4550 315 373 3798 2876 3355 3852 1415 3974
2340 2055 4124 3973 2829 3284 1494 3592 2455 1677 2462 689 4962 3538 2876 4229 1120 1136 445 213 1045 597 360 1671 4269 4749 4390 672 4727 2023 3734 1788 4130 253 4132 4605 61 4463 2547 2924 1948 2323 2618 1552 1472 1850 1337 4768 679 3547 4593 4055 1948 2148 2475 3571 4338 3457 3393 1588 4219 860 458 564 1889 3952 1968 1708 1357 4271 1168 3601 3178 68 1605 300 3638 3673 2648 2363 3914 529 4293 4314 902 1283 764 1412 4994 1890 1739 1832 1867 1754 1298 2939 4853 3984 2310 4655 4229 1124 3210 2723 2279 3927 1508 964 1054 4481 845 2586 1208 274 2873 1541 2909 2749 4367 3348 4509 2492 2163 4086 4464 1149 3087 369 1391 223 749 4594 84 1897 1095 4290 3829 794 2037 712 2671 4245 81 2727 1493 3966 4564 2279 3946 2877 4969 935 774 2742 899 684 3750 1419 1732 704
220 3997 1627 436 2912 4392 1817 412 1642 2558 2635 4928 335 2855 4723 2172 4727 3885 4945 1412 565 403 137 3462 1137 3906 4452 2981 2832 4064 163 416 4216 1698 4126 266 383 2274 978 4020 4972 2985 2970 509 887 2139 4337 560 1487 4593 4340 2405 4691 719 531 2053 1938 524 989 2041 3747 1292 4768 4820 4326 1859 2198 3590 132 1397 1103 3481 4116 720 2629 3635 1544 4640 4506 1330 4598 2667 4066 662 997 4499 298 2741 3610 1103 4716 449 2364 1465 2929 1588 1648 2269 4975 1276 4669 1551 1934 889 4167 4717 2055 3807 450 1252 4789 4041 2087 4340 338 426 1115 3133 3462 4657 3489 318 514 4221 1837 4541 2812 901 4204 922 2700 4331 1676 2445 15 3505 2095 3478 2665 4925 3211 3569 3954 960 3750 1649 1603 3373 2798 3739 1518 1682 4170 2405 3090 3651 4021 2871 4129 2079
