N: 180
M: 36
Symmetric: true
Triangle: false
5 35 157 103 9 111
4 48 127 7 113
7 65 97 96 112 165 46 102
5 44 42 84 115 54
5 154 43 91 171 117
3 13 90 140
5 92 38 56 59 85
7 14 47 82 156 3 101 73
4 106 126 134 100
7 174 49 119 178 21 166 62
6 108 104 123 45 121 93
5 135 10 12 177 68
5 83 114 69 1 94
5 31 159 87 76 109
3 32 170 155
6 81 144 153 60 61 118
3 116 133 149
4 20 168 19 148
3 128 89 67
8 24 98 36 95 33 39 79 37
4 164 173 80 142
3 105 78 136
5 70 152 17 169 120
1 110
5 29 66 52 180 163
2 40 161
6 176 179 15 124 75 88
10 172 130 145 143 141 53 51 132 2 167
5 122 175 16 150 137
5 139 5 160 146 58
5 86 64 41 11 99
7 72 8 71 55 6 57 74
2 18 131
7 25 22 50 28 23 77 4
7 158 125 30 27 147 162 34
6 107 151 138 63 26 129
2568 1641 1744 742 749 3222 2126 1026 270 3771 4096 394 435 3999 1965 4693 1124 3371 3178 3432 4413 3416 737 4264 983 4912 2856 4370 2975 4633 1341 200 4672 4167 2648 4697 3493 2300 4109 2808 3362 800 375 3880 3763 663 4920 801 2873 3325 4891 4449 4809 980 622 327 3191 2784 147 4531 4423 3159 2726 966 3680 1452 3714 1996 3845 4798 2477 2418 3177 2312 560 1878 3808 1857 4345 3542 648 3262 3928 1200 4329 1945 609 2031 299 603 4835 496 3092 4511 2734 2197 490 1570 2685 2143 1022 3159 3136 49 3446 4092 4074 701 1499 362 3801 1319 4413 2187 4230 4384 162 3522 252 495 880 1927 2666 697 2046 4675 669 4116 1117 1920 2386 4541 3404 3866 2400 3752 3506 4318 238 4515 1086 4851 1879 4515 869 1314 2569 3256 1623 1927 978 4736 2350 183 4994 2868 2920 3128 2024 2451 4475 1720 915 2544 2787 57 759 2208 2226 3909 2365 831 3926 4580 577 4049 690 3676 3953 4000
1641 1675 4442 4400 2357 1236 2774 4940 601 1871 1910 4969 1507 4538 184 2498 494 1561 1226 2083 1525 2737 3862 3505 104 4858 4448 1633 3579 388 1948 2544 241 2505 2381 152 2972 4939 2186 2960 1270 3652 2817 3811 3897 4785 3725 760 4321 3982 1302 4065 217 1152 1240 3550 4372 1612 3918 2195 262 3085 519 4931 649 4152 4702 3674 3041 4566 2193 766 4310 2481 2368 3457 1350 1111 3165 4171 3465 2382 1114 3672 3627 3409 279 1660 2191 1028 3858 808 2158 286 2449 4796 4061 4791 13 3033 3479 2337 4246 4064 4167 3145 3596 2593 3268 262 3221 1757 3635 597 3931 4417 1910 4345 2744 1097 697 3457 4137 2486 4110 2033 4059 3094 3002 678 4394 3886 2385 1215 1301 1583 1199 523 3939 4299 4263 389 4127 1477 2617 4045 3606 155 4961 169 4022 4978 261 1471 462 2190 2770 204 3623 1704 1037 932 3290 3870 718 581 2291 1284 3596 1353 189 2846 418 2750 2823 1212 183 4453 2904 2458
1744 4442 1821 878 2887 2738 3640 1442 4771 365 239 347 2477 139 3804 4126 397 1746 2631 3073 141 349 4665 4232 2565 295 2395 574 1085 4064 782 2102 1648 1231 1772 2569 4578 4555 4227 4281 4077 3993 1412 1707 688 755 3558 1369 2288 1140 4028 406 1275 20 3905 1460 2548 2419 3088 4379 4355 1059 1966 1656 4901 492 2883 4353 3913 3848 3438 2394 1344 26 334 3094 3281 557 4487 997 4858 3331 4813 3223 3336 749 4679 3387 2298 1582 202 2900 2750 2019 3542 1130 2450 3766 470 3150 1226 757 3416 1139 2168 609 4971 378 2112 609 1590 2986 1036 1005 1782 1654 3006 3703 2747 3322 439 1385 3377 1189 2959 332 478 4640 4359 1772 1918 4578 30 2298 267 2143 3065 302 2004 4429 4806 2847 2862 804 3267 1799 3540 3618 4966 2175 4840 337 11 1510 3273 4334 2885 3649 2117 1318 3314 2260 201 3184 219 3354 4959 4169 2692 3397 1707 4298 1098 2680 331 3239 281 2712 1726 1340
742 4400 878 4357 3450 2911 1255 3289 4957 4765 2913 3637 3726 4012 4906 911 3862 285 668 3095 4674 3606 4834 161 505 1212 4675 3863 344 4467 1615 792 1555 869 2645 3435 81 340 4477 4433 3611 1522 1444 3795 3615 3959 2107 325 604 3138 3932 1798 3808 721 283 1068 4205 2348 980 4365 190 1002 567 3739 2930 365 4667 457 895 3565 2940 10 2649 4756 4127 4202 4058 3840 2135 3521 4881 2535 1983 4191 4983 4204 3215 1879 10 1098 482 2484 1956 2513 1397 460 3667 3155 2226 4707 3266 2698 578 360 500 4557 676 4481 4554 4606 4740 3768 4663 1858 719 691 4198 1635 778 3653 4966 4442 3913 4666 1260 4799 438 2333 1089 4739 3968 3034 3614 1019 4104 923 2953 4078 1267 1378 1342 1404 669 394 2992 3625 4772 1970 4307 398 1175 3783 363 4839 3110 3707 4037 852 398 4431 4565 3105 4804 4697 445 98 4493 1072 4853 1741 297 2816 994 1545 3962 3569 3892 532 3928 4092
749 2357 2887 3450 3377 562 4409 4606 2068 1042 2843 3440 60 1126 1225 1670 3356 656 2248 224 1280 1493 4700 2011 2459 4124 861 2561 1912 4473 1254 4457 4393 4159 1324 3832 3761 3246 1133 1512 4619 3413 3001 2627 3989 4009 643 2711 2283 4806 2717 1602 3372 3271 1338 4997 4651 3812 2737 1972 2326 2516 4197 831 910 4492 3772 2306 4361 2979 4617 4828 4858 3848 1435 1374 2222 1999 1410 3542 2270 1334 4875 1544 4701 3078 109 2753 2878 531 1521 4485 2732 214 2258 3063 2078 2776 2900 1762 2079 3820 2254 2729 1381 921 4673 4109 556 1191 3979 443 3239 3853 13 2969 3006 4232 2878 573 4612 1525 902 4742 4189 2320 432 3173 2532 3998 3555 3218 2949 2038 42 1906 3121 4604 826 2191 2219 1293 330 1244 3477 2723 242 2648 4379 3668 4809 1003 3548 3176 486 3192 633 279 3592 3585 4022 2412 2709 3078 1358 3293 2102 3579 3839 1255 4695 1647 2818 2049 429 3144 1613 3221 2391 2385
3222 1236 2738 2911 562 1247 4985 2765 4718 2509 3585 3217 2736 4576 2112 3902 2907 1558 355 1922 3038 419 3776 830 1277 744 4816 2818 2907 3235 3013 271 4414 4601 4929 4806 632 4526 4756 3064 1021 976 3202 3115 1171 3623 1175 334 3468 2674 4667 3988 3987 4605 546 471 1133 204 4654 2149 2846 2374 244 2528 1960 929 2554 4550 785 1629 2146 2375 927 3682 792 3070 4715 2336 2493 2869 3480 4357 4837 1740 1701 4250 2384 4851 3354 434 2141 4359 4190 3858 834 134 4942 1205 4182 648 3036 2286 3675 1024 3329 4392 2798 4218 3241 374 1762 1879 1731 4003 4220 1867 1238 1318 1942 2842 1108 2543 4259 3648 1913 787 4182 2668 4282 3475 3739 847 2381 2345 4997 659 4415 2616 103 1669 2333 1490 383 4836 2336 2471 1682 3456 713 1992 1749 334 2830 1005 2115 2865 2657 809 4368 3415 3186 1545 994 1365 4890 2963 120 925 2999 2823 2098 2221 4218 2884 4596 4830 546 4060 3477 3161
2126 2774 3640 1255 4409 4985 4996 3460 1598 467 147 658 3043 678 4617 838 4521 2137 501 2777 2301 2959 676 2863 4749 1218 1858 1254 3425 4756 3365 4182 999 2938 1017 1818 4144 2003 763 406 3967 3434 4178 4007 723 3309 4146 4143 3351 3965 2445 2543 4400 1847 4643 607 4730 4309 2885 4106 3773 2774 2114 3619 1065 3947 4844 1861 2782 3822 377 1017 3209 3255 808 3029 2814 2329 1333 21 4039 968 272 3864 3615 2211 3640 1998 733 1089 1076 772 2262 456 2583 3180 3916 3541 1261 3426 1643 402 2783 1580 4360 3928 333 3451 4973 4905 447 1154 3476 3661 142 4729 615 480 2114 3950 1353 3525 4762 3144 3356 848 4505 963 2838 1529 27 536 3529 2445 892 4400 1227 995 382 4205 48 982 4686 1011 1290 116 552 4822 3315 88 4671 455 4591 2572 2239 2627 17 1633 4206 486 1928 3606 4898 1860 2502 4123 2629 756 778 4435 708 199 3827 3158 1147 3197 2249 3811 18 3539
1026 4940 1442 3289 4606 2765 3460 1265 4226 1504 4009 2498 3901 4571 3677 4421 3981 4675 2510 3272 4907 4780 770 4214 3497 4247 57 1046 4465 1159 4752 1769 2258 3359 3293 473 4949 3719 677 720 1081 576 1351 701 3052 2716 2297 1319 850 665 1932 177 660 553 1845 1205 1773 3095 2829 2607 1579 765 2699 4273 260 575 2877 3234 3630 4299 2400 3115 1920 3120 2328 3114 436 649 4436 3968 3956 1154 1689 1296 944 2517 2945 1343 972 3432 662 3152 3468 77 1274 1630 1775 2270 4141 2434 3143 3279 2507 759 2343 723 3117 4783 4428 2414 1518 3100 2858 4185 1096 736 444 1213 487 3856 325 2160 4331 4192 3035 4153 1641 363 1616 4359 1937 3045 2972 216 1026 4963 3744 862 1554 291 3525 789 1005 1111 4849 3346 2405 4552 580 2792 4636 1943 725 3896 695 1090 4177 4220 2454 1415 3260 2881 4038 3239 1043 1281 3389 3342 1856 4205 3583 2890 3942 1911 1694 3842 723 3041 4374 2620
270 601 4771 4957 2068 4718 1598 4226 3565 4600 1430 4520 1119 1845 1601 1367 2455 1173 3568 2432 2664 2369 4972 420 2089 3188 2224 2087 1471 2269 2918 4212 1037 2228 1993 3261 326 3595 852 4282 3073 3486 2560 3188 3952 2896 494 254 4758 2285 4361 3142 3885 1305 290 687 1708 1846 3900 4355 3619 1193 3149 220 751 2864 2662 1693 563 608 1932 1390 3746 4912 3661 4616 2044 3279 3199 3919 3734 2712 1180 2451 826 2622 1041 878 1767 305 1754 4099 2321 3239 4162 1630 1193 4442 3120 173 4714 4800 2747 4108 3160 2320 2166 4468 3401 3336 289 2971 3121 3990 869 2935 563 4239 3241 4514 2510 4287 4702 699 205 4576 3928 1770 3037 237 519 2971 451 1944 2740 3468 1133 3107 3660 3450 1814 46 2800 4232 399 247 2470 4144 795 3873 1166 2712 4650 3310 526 1329 4332 2146 2143 4803 516 670 2316 2762 3086 3944 3060 804 1361 3814 2201 676 1421 700 2655 4716 2944 29 2832 1182
3771 1871 365 4765 1042 2509 467 1504 4600 4626 4366 4962 3544 4246 2788 590 4751 3352 1821 3867 4093 2015 2086 4703 233 4875 3021 3296 4869 300 3909 4701 1032 2744 2907 4586 3892 3453 4316 1364 148 4945 3542 3435 1163 3515 4352 1754 1488 783 3780 700 1067 723 4717 3080 1962 3705 873 338 3449 2251 4775 387 2961 2633 1485 3995 4277 2112 2969 1263 1546 4673 4780 2774 3480 64 3366 1365 4565 1607 735 301 63 1565 2725 3917 2676 301 2035 2801 2477 3736 998 4078 4367 2027 2290 586 3407 3292 4280 96 1054 4325 1997 4809 45 3426 2216 1259 3116 1873 830 4116 654 2358 3793 4899 1681 3420 3730 4691 4852 4398 4047 1498 3412 4811 3454 1870 1198 3245 4182 3941 4280 45 117 2596 4629 3207 1606 4587 1832 2878 4623 3824 2700 4311 956 108 2455 971 932 2040 1505 2576 1051 2041 3602 2814 172 3467 401 2502 3927 1502 327 3062 3249 2965 4990 4269 127 2553 1002 3486 951 803
4096 1910 239 2913 2843 3585 147 4009 1430 4366 709 1344 4345 1347 1853 1144 270 4253 2482 3082 4984 3087 2461 2773 550 728 1634 4639 3066 3009 194 136 2126 1545 4331 889 4960 729 423 2640 680 4153 360 812 1509 3406 246 3201 452 3493 2858 2883 1928 4832 1077 4290 1036 2722 1598 3073 1634 247 3960 4005 4783 4830 2651 2527 3787 3452 698 3429 4434 755 3117 4509 3173 3737 4165 3757 2861 1271 984 2534 3209 4195 2425 50 4243 213 4933 3889 1053 2704 1542 1239 373 1830 2187 1348 2982 4599 104 2509 4067 4277 905 2217 4355 2621 2670 962 152 1366 1660 1814 592 2124 474 4135 4157 136 437 2527 2040 1023 4612 3998 416 718 411 1527 277 3214 1843 1949 4524 4340 652 1072 3639 2724 2758 3372 2600 2405 4819 4114 2991 4149 2169 4898 2770 1371 3921 2472 3067 2137 1291 3431 2523 2706 3576 3122 3439 3383 890 1541 1447 2417 2593 4228 4875 2755 32 2048 3645 3312 2182 956
394 4969 347 3637 3440 3217 658 2498 4520 4962 1344 1744 1463 1247 1252 260 2002 2490 3353 2827 3082 2884 1277 2930 2351 3084 178 1138 4565 1344 2070 3130 945 1251 355 356 1436 3773 1940 2565 1980 1442 3104 1346 3610 4415 3123 2236 782 375 1479 2120 1615 4191 3472 3773 4701 4627 2190 2489 4280 3590 2291 2791 3150 3619 4375 4033 189 1569 2775 2593 1792 4248 1440 1035 3472 51 2778 1818 48 2079 789 465 1045 2095 1619 936 2099 766 4172 153 3805 1056 2618 4364 4030 2385 4527 2399 83 504 1899 2042 1288 2828 4397 3790 48 4159 3975 4197 2266 662 1581 4083 303 4286 4950 2074 3078 4160 4653 3828 1134 3029 1492 2742 3292 3777 2542 3008 1539 4067 2561 2463 2272 490 4704 2226 3067 4709 1026 980 2160 750 1883 681 2804 3627 440 1564 3566 1126 3107 1636 4941 1619 4906 2177 2167 70 4915 3865 874 4221 467 2064 4658 4178 392 1838 2188 2736 3848 1648 2754 1711 4368 974
435 1507 2477 3726 60 2736 3043 3901 1119 3544 4345 1463 1046 1327 683 885 1239 843 432 4648 2729 441 4978 2176 4324 2682 718 3949 3468 1969 4257 1117 3682 3647 2201 3233 3920 1958 4019 824 2095 4461 3256 1171 987 2150 2685 1556 561 2499 4725 4119 926 2206 1439 4751 4596 4009 3039 45 4085 3976 2198 1996 2258 2373 3264 4121 4576 1457 4367 1795 3567 1958 466 3254 2869 1551 3366 989 4131 4926 1217 3977 1735 3619 4376 3956 151 1925 131 4390 3555 195 1292 4542 251 219 984 1209 3153 1585 1966 745 3007 1378 4412 2550 1551 3126 4677 2809 2911 1197 1259 2375 1880 4751 1233 463 1502 2966 4765 3870 793 506 2130 4514 1576 3216 4714 374 2065 3534 1782 653 4061 206 1582 2071 1378 3861 2316 1934 1430 3486 1158 89 2264 302 3892 2486 1881 3955 268 2848 1345 3336 1265 3628 1753 4486 1184 4249 4935 319 3009 2924 465 299 2568 3584 1062 3582 1426 1872 2961 1311 1137 3291
3999 4538 139 4012 1126 4576 678 4571 1845 4246 1347 1247 1327 474 399 1207 1139 300 423 3110 1509 2311 4555 4748 3997 1517 4657 3588 923 716 1015 3901 4807 4549 4952 2687 3314 4326 3342 1264 4928 4291 4250 1512 707 4199 389 539 1279 53 530 89 1903 3511 428 42 2976 2371 3090 3556 3817 424 3601 2163 3605 2760 2995 4310 1054 2231 4758 4614 2151 3798 3431 4173 78 4500 1416 3472 326 1106 4708 707 951 1790 3873 77 956 3675 2022 2969 2046 2325 418 3942 2182 4598 3836 4020 1057 1433 4348 3262 2670 3857 2422 2666 3140 3400 790 578 1110 1516 2562 1325 2262 4594 4892 4104 4875 3349 1642 1570 3783 4745 1024 466 2782 4563 1546 3978 2814 900 2749 4579 4425 4951 2172 1088 454 3334 1315 1890 1553 2194 3221 4126 1024 1029 3051 1722 4256 1437 2153 674 3781 4443 4721 1215 510 1694 1098 4820 4533 2608 2337 772 594 1163 740 197 1813 2259 3989 4441 4769 1915 1834 989
1965 184 3804 4906 1225 2112 4617 3677 1601 2788 1853 1252 683 399 4656 119 227 421 4234 4291 2850 347 788 907 3037 1240 50 2868 1833 4053 4630 205 3717 736 2772 4625 770 4987 4872 4073 4724 2955 4924 110 1808 4105 2274 2667 4210 2745 3729 2057 932 1800 3814 820 622 2876 4325 4991 4158 4108 761 3529 1557 684 2720 1804 3225 427 4954 2917 4736 3053 3017 1717 1259 2531 1571 2476 443 3825 2255 1956 2431 4217 1367 4384 636 4297 574 1464 812 1125 4797 3629 733 1027 667 4816 2591 3113 2321 2354 4978 4931 3071 1127 2044 1782 240 2292 2459 1848 385 819 1292 4188 2078 116 4511 3294 3737 2358 4830 724 2616 3659 2933 3370 428 3534 3458 1941 2957 1621 4236 1182 3962 4334 2654 612 393 3259 4419 1907 2422 2683 3629 4796 431 4816 4496 1920 4098 4318 2987 292 1539 4919 2932 4268 442 208 1689 4518 1900 1329 4787 3700 3352 2466 4763 2079 1517 3092 3503 4117 3526 1178
4693 2498 4126 911 1670 3902 838 4421 1367 590 1144 260 885 1207 119 103 251 2919 3901 2243 1948 4959 2603 208 1306 4234 544 3800 486 1835 2949 4119 2174 2967 51 2816 4799 4429 1675 3310 4638 2133 1577 4437 1839 1617 3235 4130 2823 2560 2411 4058 562 4928 4302 3085 3978 2348 4434 4939 2483 4933 2892 2973 1365 976 2211 613 3631 1053 2042 1103 3565 1958 675 3680 37 2758 3412 41 1985 1007 4288 4443 4863 841 2602 4812 3630 4466 86 3105 2169 4079 3691 1666 537 3991 2397 636 534 4910 805 4566 2097 507 2395 2225 143 2226 3026 795 4682 3559 750 2291 4881 2492 597 176 3715 793 4890 2206 1487 4588 1142 3146 2151 1622 4312 3727 3380 2193 4170 2792 1185 3926 1921 3638 3463 2221 4013 1351 718 968 3095 2828 903 2405 1041 1622 3306 2113 2041 3852 1871 3413 2204 1928 1106 1451 4227 1501 79 4180 2468 509 4730 4256 3162 2601 2817 944 1738 3462 3415 3081 2570 4379
1124 494 397 3862 3356 2907 4521 3981 2455 4751 270 2002 1239 1139 227 251 2609 3052 3561 318 2252 3025 905 2171 4402 2033 1661 4801 4660 2245 498 763 1694 311 1030 157 695 4642 554 1101 810 2678 3769 2771 359 2384 1942 4061 3455 1032 1713 3997 4617 1411 4878 480 3087 2413 1965 346 2854 4983 1567 3933 481 2362 4921 227 527 3852 3594 709 2339 315 4225 4021 3419 4799 3488 4252 1498 2056 2029 344 1431 4030 3440 3747 862 149 96 4049 3917 2148 3169 2851 1747 3370 3466 2070 3282 262 3551 17 2766 3362 4950 3977 1650 4453 4320 3160 3520 2343 1422 4944 3740 3967 2719 1607 2889 4258 895 2968 2226 1973 1285 977 755 2985 4932 337 1342 4622 3748 4223 4046 2803 2530 2570 4195 524 2045 581 817 1801 283 4099 34 1340 1304 849 577 3631 2092 1944 818 3828 1456 3150 4426 4260 2808 4758 580 1084 3915 2040 1892 4053 4546 3783 1683 1064 308 2200 1451 2572 3434 356
3371 1561 1746 285 656 1558 2137 4675 1173 3352 4253 2490 843 300 421 2919 3052 1295 1627 4449 882 4992 625 38 3346 3133 4666 673 4470 4015 791 3882 3629 4763 2333 2554 2334 2588 2047 1660 2862 2916 3972 2527 3752 77 2888 77 161 2501 4201 3454 2817 3993 4963 4562 4160 3909 601 162 1851 1773 1251 1403 1915 2955 1035 1482 1356 1814 2733 717 4950 3475 1826 574 1399 3269 4613 2218 3929 354 2120 1597 4957 384 1305 1142 1527 2342 4895 3867 834 721 2058 4987 1154 3364 4981 1634 4642 4248 2482 3766 2270 4985 1313 3819 594 3340 4444 3581 364 3351 125 3388 3666 3835 3547 1840 3836 94 3266 1067 1248 1048 2134 4670 652 1437 976 1693 419 3230 2509 4925 3454 2697 4625 3915 4117 1815 2176 2504 239 2206 4907 1939 1590 1306 1125 4429 1268 2350 2456 109 259 495 1200 1629 155 40 12 1522 2960 2114 4673 1306 719 2834 2484 2787 3402 3480 3466 3568 2445 1979 2951 1780
3178 1226 2631 668 2248 355 501 2510 3568 1821 2482 3353 432 423 4234 3901 3561 1627 1222 2160 1070 4281 1172 3361 777 3399 2145 3554 4180 1252 20 4370 1840 1205 227 2584 1299 1992 4113 1184 637 3469 296 1841 1261 2579 4847 4042 914 2202 245 560 4088 4886 2884 4365 3353 2215 517 3645 487 3456 1587 4379 3190 1862 3547 3168 2636 3960 2381 43 4215 4409 2658 3438 958 1771 340 2369 1499 2799 4897 1050 893 667 4916 898 4351 2173 4888 2862 547 3884 1405 3875 2139 3894 4996 3469 582 1464 2303 1124 660 1380 2599 4793 2690 2247 21 118 135 3752 642 4379 4337 1148 4610 1120 1444 649 1073 2730 4477 1018 280 2062 2967 1452 2449 1410 2030 3295 2555 1673 1950 3154 2395 3528 2690 3624 3737 3074 216 820 4909 3985 1050 2922 349 592 3200 4074 640 2564 2040 1481 887 179 755 4295 1771 3789 1763 2613 2783 414 2200 3281 4449 4346 3468 2622 4158 4123 2052 1114 2997 3631
3432 2083 3073 3095 224 1922 2777 3272 2432 3867 3082 2827 4648 3110 4291 2243 318 4449 2160 3413 64 419 692 1851 1748 1335 3822 2356 2143 2136 695 3924 3089 4773 3938 2326 857 4514 2087 4850 2076 970 1055 4723 464 346 2475 981 1667 889 1675 874 193 2018 4975 3598 681 3900 3190 470 3119 3268 3204 3471 3009 3619 1358 2882 1587 1482 55 3339 2529 1362 3921 257 4009 3621 3585 3550 3926 1926 1347 554 3553 803 667 1854 3726 3913 1787 14 692 3385 1259 207 2063 3220 1005 2160 3616 4719 4130 2146 1265 276 3773 1763 257 2480 198 4157 4773 1360 572 758 1355 3795 827 489 3208 2350 2697 3961 4268 2933 1860 4729 3044 1616 1185 3901 787 4761 4236 4396 162 413 310 1256 4566 1784 3736 2619 391 3983 3672 166 2759 2327 2209 3185 979 3907 1532 186 2278 3371 3398 4416 3506 4332 2627 2559 1875 70 79 4692 719 4760 3788 2400 4444 59 1700 2190 1839 2645 2348 2972
4413 1525 141 4674 1280 3038 2301 4907 2664 4093 4984 3082 2729 1509 2850 1948 2252 882 1070 64 3493 4240 2377 3371 3188 669 2505 3643 2095 4590 918 1132 1195 112 3686 2300 2612 3685 2023 3814 4710 4138 2455 4609 4868 3034 4580 1867 925 2576 2144 408 3808 4417 2324 1640 2003 808 1654 4554 1017 1954 138 3340 1091 2851 1587 4842 755 705 4376 4560 2090 3366 4500 2329 1560 2052 2201 3050 616 687 2760 1150 3733 4392 135 4342 4382 2568 4577 4280 121 3292 1349 1330 1836 1679 288 538 4996 1751 4030 3515 516 2752 1421 1496 1445 3548 1711 1355 918 483 2440 1569 4433 726 4099 176 1441 763 1510 2651 3112 3514 671 2650 1534 2764 160 2169 554 2386 2776 3067 1596 561 4740 2835 776 3443 4268 2135 1896 1358 319 3550 934 2013 1189 2500 2660 2481 3283 387 556 3049 4271 3907 4058 4902 2318 1355 4823 1849 2410 1184 3804 3904 2302 1287 2742 4163 1549 720 4791 2933 619 2886
3416 2737 349 3606 1493 419 2959 4780 2369 2015 3087 2884 441 2311 347 4959 3025 4992 4281 419 4240 695 791 2988 4460 4145 521 2285 1520 2106 1150 1198 369 2456 1241 3398 1678 61 1405 4154 942 4041 2978 3078 4697 3731 4488 3040 1916 3078 1955 1144 3484 3240 2440 1958 3268 4476 2924 4994 1790 3798 2314 4616 4222 3643 964 4493 4986 897 685 2380 3912 2197 2921 683 3907 1819 3781 4862 3892 1086 3948 641 1845 398 2236 2610 484 985 3089 887 4508 468 3999 4190 4209 2026 2390 3775 1089 1459 306 55 134 2883 2805 1509 4900 1322 243 3974 1127 614 4926 127 938 3583 2926 1156 1920 1468 4269 4345 2872 3333 3358 2646 4266 2673 115 1746 282 1423 500 1520 2782 2382 1000 49 2995 3242 232 3932 1460 1582 1088 4946 2739 927 3368 2903 1220 4512 4676 555 91 116 3312 3161 4353 4739 3147 2004 3984 2174 1973 4147 3168 4488 2640 3619 1520 4836 4767 3029 1328 836 152 3638
737 3862 4665 4834 4700 3776 676 770 4972 2086 2461 1277 4978 4555 788 2603 905 625 1172 692 2377 791 1754 716 648 3177 69 322 4410 3418 396 1213 2793 2804 1409 2392 1876 3457 1299 516 3869 3531 1379 2968 489 4433 212 2012 4612 4759 3915 1922 3274 4843 383 1415 110 3548 1147 3510 1787 3733 1726 3501 1428 1804 1777 3921 3767 4676 3941 730 1065 1618 3204 750 2581 1192 616 1482 2796 2095 3131 1265 3301 4489 3236 2703 4554 2487 1594 2114 178 3185 2744 3612 748 991 4131 216 2529 1250 942 431 26 1526 1036 2657 4074 1812 1389 4269 503 771 757 4703 3892 4124 1570 1204 2563 1099 2765 1641 251 1493 4852 2982 1303 4889 307 3610 4444 1858 3782 1869 371 2598 978 4361 1575 1446 120 157 3429 3646 3678 4498 3407 2630 1044 2624 3016 3094 3430 1427 124 3415 3793 4196 1483 4343 1731 1050 1069 1189 3773 3874 4067 84 3677 1634 141 3998 4622 973 434 1486 1161 3096
4264 3505 4232 161 2011 830 2863 4214 420 4703 2773 2930 2176 4748 907 208 2171 38 3361 1851 3371 2988 716 909 1224 3922 3069 1700 1153 662 488 3981 4641 3276 1543 2491 411 1110 3025 433 4877 4533 3865 3921 2542 3897 543 4294 347 2294 4505 3435 4654 474 2119 1475 2574 2930 4140 1758 2468 4308 254 799 4777 4075 2567 927 3902 4220 2716 4227 3237 1870 4323 1021 3535 3512 669 297 3703 4970 1839 1882 3906 4794 4357 3908 4009 4921 3200 3704 4911 4484 3787 1717 4226 4990 4682 4151 2120 1886 2583 1678 3162 4967 4896 4157 922 2725 3653 4753 368 2876 2194 1223 1581 2244 1687 580 3585 4879 4127 2184 2958 1073 2864 3419 2833 3925 4058 1908 660 167 2192 4770 723 836 4342 3565 3917 289 569 3292 4326 3931 1655 353 1546 178 3947 112 1749 4106 4910 4444 829 1546 2768 194 3237 153 2882 3534 957 728 738 1889 3632 4533 2374 3743 1005 1617 1632 4260 1480 134 2346 1308
983 104 2565 505 2459 1277 4749 3497 2089 233 550 2351 4324 3997 3037 1306 4402 3346 777 1748 3188 4460 648 1224 2672 4358 1475 3178 1955 2803 2813 2779 2647 1992 2931 1643 282 519 2385 1520 3342 1130 439 1194 4473 3475 3075 712 2804 4558 1749 164 3108 184 419 3876 3007 3341 4220 210 748 1076 3542 2399 3727 912 3442 353 2768 2530 1488 3912 2368 4883 4975 4718 3719 2638 3592 782 385 3888 2300 4846 3729 4380 4837 661 4529 4607 4992 3528 3313 3810 4260 1953 3813 4527 2210 4715 507 878 4278 4710 933 4152 90 3148 2914 63 2378 3768 2645 4834 2483 2750 2451 166 3682 813 1568 199 1289 4133 629 573 4722 3842 3687 3867 3706 3957 1300 4821 3271 1534 2554 4665 1275 3921 3368 1726 1342 2424 292 3637 1334 2831 192 3127 4114 4962 4923 4603 4414 291 879 694 1388 1936 1767 1847 1703 1138 3170 1056 4537 4619 3431 3128 2261 4818 4310 1124 2430 4909 2563 943 3322 4425
4912 4858 295 1212 4124 744 1218 4247 3188 4875 728 3084 2682 1517 1240 4234 2033 3133 3399 1335 669 4145 3177 3922 4358 1973 3462 870 2817 1013 481 3276 1677 2029 3317 2084 1644 2257 1742 4220 1093 4791 1564 386 4130 4782 1921 3356 4846 1711 878 1997 2256 360 2532 4459 4086 4912 4741 1824 3726 3468 1690 4133 4893 1339 148 2135 507 4257 890 2682 4680 4955 1562 2863 3771 4187 3705 3076 549 1298 621 4345 4012 571 2221 1375 2683 1098 4353 4435 131 547 616 482 991 2774 4144 179 1485 629 1787 514 787 4205 487 2455 3685 2629 1122 1180 1994 3656 802 1327 3400 3479 1223 4263 3955 2741 2432 455 3632 2902 3891 344 2169 3805 2808 360 2166 599 3996 3018 1390 4721 4212 1204 3515 4913 2386 448 4354 4479 2023 4626 3329 1190 945 2053 4052 4774 1162 37 910 4978 602 1830 1825 135 3556 1692 952 4603 3915 1501 2483 781 3922 4307 3348 4525 3784 551 712 2026 4899 1770
2856 4448 2395 4675 861 4816 1858 57 2224 3021 1634 178 718 4657 50 544 1661 4666 2145 3822 2505 521 69 3069 1475 3462 3312 4449 1100 4749 2518 4364 464 2142 2563 852 4914 4376 3936 2614 713 3648 3996 854 2917 4605 1220 1855 4705 1321 115 4436 923 1489 186 1238 1975 4180 3088 3550 1046 2619 4323 1614 4317 2602 2021 1236 2958 1649 2794 4653 66 331 3301 3332 454 1657 173 888 2042 1990 633 960 1312 1780 975 2434 1685 2873 2823 505 4266 1830 3797 3901 4358 1889 2792 384 4817 2277 2094 2945 1925 4630 1982 4814 605 3595 2089 2339 256 2940 935 1436 1727 4910 4559 2618 1002 4974 4860 1518 2754 1928 4673 1659 4424 2422 1736 3001 1366 3547 3315 1773 1072 536 2489 2563 3296 2190 388 3592 390 513 4626 83 2146 919 4349 2923 4454 3757 4986 531 4952 2430 3772 711 606 2080 2548 2262 1821 2988 2613 216 2088 2399 1075 4979 4872 4592 4584 4000 4699 2520 2450 1839
4370 1633 574 3863 2561 2818 1254 1046 2087 3296 4639 1138 3949 3588 2868 3800 4801 673 3554 2356 3643 2285 322 1700 3178 870 4449 371 4480 393 1106 3157 220 3256 1080 2859 3865 1876 1559 3336 4464 4533 4220 4059 1912 2747 1517 4615 510 725 4703 3984 828 2958 812 4961 4298 2498 1119 211 4786 1193 1527 1293 1368 415 4305 172 612 2166 3207 3703 4811 2560 2418 4951 1976 2921 3218 550 1302 935 2880 4120 3517 4212 4184 1482 539 99 4700 1128 3213 4103 3034 2031 1698 2588 1123 1743 1831 762 2582 2745 1465 1604 1832 3682 3234 4050 160 110 4731 426 4825 2951 646 873 2853 4974 1855 2022 2311 2020 2592 2805 198 1796 2732 3123 4161 784 562 2878 4513 958 2779 4073 2750 1649 594 4942 3654 4664 2111 3473 1043 2065 4740 2879 754 1120 1716 3899 1467 1567 2654 4693 3633 4752 2914 1341 3075 1361 1978 4166 3732 2959 3191 2169 3872 3465 4359 311 2338 1725 3616 626 4255 4425
2975 3579 1085 344 1912 2907 3425 4465 1471 4869 3066 4565 3468 923 1833 486 4660 4470 4180 2143 2095 1520 4410 1153 1955 2817 1100 4480 632 859 1383 2901 4151 3440 3529 1718 962 1269 3290 506 4048 2649 558 1992 2283 4973 3170 4329 2950 4346 2374 3274 612 3500 2739 4984 2057 4414 694 2406 4065 3025 3890 3283 534 4304 3770 4233 1196 3199 1386 1576 3099 2573 2592 4990 120 492 560 1197 3844 2359 332 26 1344 2639 230 1673 3735 997 3964 1542 2159 215 2448 993 582 887 1404 3279 1457 2570 4273 1442 2450 2994 2795 3152 1236 1977 2120 3207 3648 2903 895 4678 3768 2574 3405 4209 3191 2342 1456 2747 1954 3996 781 1935 1655 614 4144 3697 1671 2561 1542 2326 2840 3146 1184 4440 1984 3581 4918 4029 4403 2919 2461 36 78 4228 528 1539 124 2274 3791 4171 3069 619 4810 1954 4248 313 3252 2989 366 3803 1560 4865 705 2960 3910 3347 964 4062 972 218 1516 1468 398 1588
4633 388 4064 4467 4473 3235 4756 1159 2269 300 3009 1344 1969 716 4053 1835 2245 4015 1252 2136 4590 2106 3418 662 2803 1013 4749 393 859 1025 2576 1078 1565 3160 740 2560 3540 2969 1393 916 39 3394 3248 301 1955 2051 923 1595 1955 3221 232 2669 2876 842 1005 4217 3058 2891 1839 3571 3817 2928 1594 362 3013 2654 2095 2622 3264 3427 4462 2614 3479 2755 1019 3718 1328 4252 1220 3969 1752 628 3160 1251 903 1749 4198 4181 2050 90 3868 4307 4903 3906 4230 2124 2288 4412 2799 50 3642 3099 4056 441 2410 2153 3446 655 1652 3678 3619 3684 3552 2190 2953 2054 1055 2581 574 3208 870 4980 2929 406 400 1980 4613 2269 1280 3975 1256 1784 29 3058 4563 461 3255 1782 993 1514 685 3671 297 114 2192 202 1765 775 2528 4950 1847 1764 728 356 379 448 4007 4483 3776 3608 4045 831 4626 4467 285 1774 4274 3927 893 44 1369 4998 2623 220 2178 4802 4179 4401 3109 61
1341 1948 782 1615 1254 3013 3365 4752 2918 3909 194 2070 4257 1015 4630 2949 498 791 20 695 918 1150 396 488 2813 481 2518 1106 1383 2576 2138 3169 1057 3849 1229 3026 2491 128 4730 3136 2387 489 1991 3821 758 3337 3202 205 4957 2646 4574 914 3242 3567 595 1658 3044 4522 4511 2480 4007 1762 1353 1756 3598 155 4062 563 703 2701 1326 2096 3485 595 1595 2246 1677 2747 3859 4583 1708 3358 3244 4113 680 4643 852 3514 3403 1943 1586 1496 1663 1254 2241 3894 4984 216 4951 3803 1392 553 75 4445 4799 357 2361 4783 290 2753 1843 2812 4434 1636 3337 3278 393 3282 4773 3222 504 4733 1312 1536 1152 3731 1954 1064 816 2796 3181 1191 3283 1294 2268 1932 2479 3277 1642 532 777 3855 4925 2851 1321 2556 126 690 2906 1816 4737 611 260 3076 3083 1095 3856 3676 3296 3105 3752 42 1588 3837 1168 2402 395 861 4466 443 3055 1234 3681 2367 792 3928 3520 860 3527 3327
200 2544 2102 792 4457 271 4182 1769 4212 4701 136 3130 1117 3901 205 4119 763 3882 4370 3924 1132 1198 1213 3981 2779 3276 4364 3157 2901 1078 3169 1384 3287 819 2857 4809 3803 4745 2852 618 899 4685 432 2365 4266 1579 446 3588 3497 844 3540 174 1028 2901 4535 3710 3732 617 1254 3783 4741 1042 3321 3621 4464 3292 2622 790 1463 3465 1479 2794 4051 1878 1940 2287 4637 3552 2374 951 1223 2472 1538 4944 3199 1721 984 3245 2335 3719 1232 78 1116 4478 139 2573 4899 2777 906 4929 2836 3362 4187 2771 680 156 4140 1997 4267 755 2254 4458 1154 2270 3986 4476 922 3372 3426 42 1357 1197 2658 1156 2578 1153 4138 3884 2016 3885 635 2112 1139 1314 963 2578 4665 4775 491 2465 1239 2562 1347 627 662 2509 1526 4032 2870 4455 3517 2012 2659 4821 1772 2397 4496 1454 3250 3699 3655 3799 4468 1312 4561 3960 3558 4764 1017 3826 1985 4904 2852 3104 3328 2097 3771 804 4039 3148
4672 241 1648 1555 4393 4414 999 2258 1037 1032 2126 945 3682 4807 3717 2174 1694 3629 1840 3089 1195 369 2793 4641 2647 1677 464 220 4151 1565 1057 3287 4861 1524 3492 1793 3294 3928 3058 3622 1851 643 4759 2003 4913 4140 1483 4056 2821 4678 1079 456 4988 1792 3436 2299 1804 1292 1262 2585 1203 2450 2845 4063 2946 1231 1742 1738 1605 3481 2068 4665 32 1369 4401 33 1690 1199 2291 1860 1548 1864 1854 1468 3738 3395 535 2755 539 1188 4582 3348 2698 2771 1497 3936 1606 280 4017 1920 2759 2269 467 1287 4994 4510 4178 1473 1339 1270 2442 3480 1088 4495 4076 4042 3031 4770 4525 4866 529 4740 1001 4801 653 4384 900 1288 2062 1470 4722 940 4032 4232 262 1668 456 774 1732 169 4455 3339 3433 1805 112 1593 4324 1247 1233 3535 4852 3470 2709 3121 868 2284 4423 278 2315 4882 2374 4776 275 3965 3216 3378 3897 1656 4387 4573 4607 1371 3120 4193 18 492 1350 4555 1935 4613
4167 2505 1231 869 4159 4601 2938 3359 2228 2744 1545 1251 3647 4549 736 2967 311 4763 1205 4773 112 2456 2804 3276 1992 2029 2142 3256 3440 3160 3849 819 1524 2517 2676 2371 1866 1748 4189 2286 2778 513 4724 1572 1211 1577 3470 262 3938 4072 3630 1798 1374 2447 1547 3359 4303 4934 1041 4759 849 3660 2861 4340 1684 1857 4056 3935 4413 3312 3329 1765 2664 1439 2976 4067 4387 4738 3867 2895 3916 1683 3494 3034 3560 120 1485 1361 3179 4489 933 240 1479 3953 2991 2180 117 1940 534 2935 1534 2524 2096 4293 4051 2331 4795 1012 3121 3133 1037 3037 129 367 3446 1117 3100 1856 252 3190 3618 3804 4989 1577 3249 4599 4066 884 1473 11 3813 4500 2644 2089 938 2610 2535 121 2618 1957 2636 991 1748 1687 2124 1949 2107 174 1565 2181 1418 40 119 4498 3009 2336 1295 4263 4306 933 1574 2798 4709 670 4468 4362 588 4142 612 151 2778 993 2256 1954 4669 3431 2254 349 523 2349
2648 2381 1772 2645 1324 4929 1017 3293 1993 2907 4331 355 2201 4952 2772 51 1030 2333 227 3938 3686 1241 1409 1543 2931 3317 2563 1080 3529 740 1229 2857 3492 2676 801 4151 3059 943 2110 4819 3961 2699 4981 3230 4035 3202 2713 1260 4568 3190 2692 2988 4666 4893 1073 2938 3956 1508 3134 2191 448 371 3237 2628 17 3056 2891 4904 155 419 4221 1045 2942 3524 4765 4691 3964 2849 3975 3012 186 1724 3467 1208 3520 4671 2378 551 1466 1977 4698 2012 4920 4767 3737 1079 2203 1791 1916 4986 1105 1400 641 3528 4746 1984 1332 3864 3524 593 4129 1521 3787 2506 3537 1171 117 1322 3055 1751 599 2249 2935 581 3473 4650 3640 3153 2964 2985 2849 3325 2389 3575 4354 4497 4374 586 3195 3830 4842 2436 2927 257 1588 1439 3506 285 1279 694 445 2025 2919 873 1415 2997 1228 3403 1999 1614 4824 2222 1270 1046 1279 2295 2824 4368 4676 3836 978 122 624 3504 3146 1650 2979 4947 2416 1100
4697 152 2569 3435 3832 4806 1818 473 3261 4586 889 356 3233 2687 4625 2816 157 2554 2584 2326 2300 3398 2392 2491 1643 2084 852 2859 1718 2560 3026 4809 1793 2371 4151 2808 4509 4679 4668 3061 3755 2415 437 1544 4941 2148 266 1681 3338 3783 2707 3617 3808 3620 1973 255 1898 4812 4075 2903 2002 1947 327 1425 967 1320 1927 4722 4906 3356 3248 2508 3209 4661 1169 4106 4792 3759 1316 528 4529 503 801 4946 1551 2965 3065 1017 4286 1194 1441 4089 2682 1830 180 2343 2780 587 1893 302 3645 4684 854 4737 2135 3948 4780 3622 4070 1517 4770 1460 3323 4252 2603 599 3178 1204 1583 1843 2257 1948 2947 436 4406 1975 4322 2465 4100 514 3403 2441 4053 1707 1237 2060 3476 370 4425 858 1168 3612 3929 4404 2546 1559 2902 1136 4839 3908 3626 2805 1178 1109 3752 612 3014 4826 3339 2795 4692 2382 3921 477 4620 3812 1593 581 2786 1663 395 3900 4997 1816 2029 4829 3183 1175 2811 3967
3493 2972 4578 81 3761 632 4144 4949 326 3892 4960 1436 3920 3314 770 4799 695 2334 1299 857 2612 1678 1876 411 282 1644 4914 3865 962 3540 2491 3803 3294 1866 3059 4509 3708 2713 647 1256 2105 3015 2021 4482 4818 128 4325 1715 2582 2703 745 4510 34 588 4093 69 776 3104 4078 2344 4302 954 50 3537 3100 2968 1793 1011 4007 4352 1108 2962 4065 2755 3147 35 2755 2623 3711 4920 1596 2392 3554 2507 144 469 3972 4486 876 2631 1654 2924 2434 3571 2007 1388 2593 1666 2582 241 3553 1431 3761 1138 476 4084 2656 788 1539 3312 105 1444 4134 167 1986 4092 837 1943 4693 600 441 314 1868 3087 501 2160 1304 515 3298 3422 4781 2818 2598 2959 1587 3212 866 2265 2022 4535 2350 3510 1970 2237 1100 440 3858 748 1215 3568 2166 3688 2269 1509 3075 3033 4263 3379 1063 1834 2681 4871 1770 2665 3462 3596 1647 3040 4873 4410 2685 2580 4421 2765 4049 1145 2748 4129 1818 4501
2300 4939 4555 340 3246 4526 2003 3719 3595 3453 729 3773 1958 4326 4987 4429 4642 2588 1992 4514 3685 61 3457 1110 519 2257 4376 1876 1269 2969 128 4745 3928 1748 943 4679 2713 4357 1458 604 4737 3014 3405 1727 4543 158 743 2607 4106 1756 3209 62 201 1121 3552 1939 2445 3944 3180 3754 868 625 4586 2596 535 423 4926 3972 516 3676 397 4640 3897 2670 3302 4203 2834 1869 3260 4951 2638 3801 4236 3900 3933 2281 1254 3016 317 3794 320 1393 2327 2326 1750 1919 3489 3645 2306 2659 3874 650 4683 1483 2240 880 4949 4409 4409 2096 82 4822 812 988 906 3952 640 4122 3905 3396 2596 4451 1718 3728 3925 3324 4836 2855 2386 1556 310 1999 4539 4908 2775 1060 4270 4634 1138 2937 4518 1252 4421 1205 3217 3385 47 2709 4954 4104 1212 2670 3447 4045 3791 244 907 3944 4711 486 4588 3116 1852 4868 4286 3939 3024 752 2861 3701 2549 3418 2146 2996 1552 3869 2251 901 316 2474
4109 2186 4227 4477 1133 4756 763 677 852 4316 423 1940 4019 3342 4872 1675 554 2047 4113 2087 2023 1405 1299 3025 2385 1742 3936 1559 3290 1393 4730 2852 3058 4189 2110 4668 647 1458 4935 2196 1474 311 3926 698 545 4638 1436 3088 3640 3123 4043 4704 3055 487 675 4042 2380 4601 839 3744 1026 4533 2895 3307 3944 4752 2506 1187 795 175 3396 2209 1475 66 4833 3112 3591 4942 3582 4443 1663 1867 4155 3564 4674 1243 3430 1834 1836 4953 4239 3837 132 3361 3339 656 2631 4474 960 550 1721 1959 4248 2693 113 795 3660 3810 4877 1651 2275 1643 3227 895 3984 2668 568 2071 2587 412 2819 4600 3803 45 3753 4139 3537 4399 306 4459 2978 274 1267 2567 4878 3992 3672 3734 456 3567 1377 2791 3682 2756 738 3316 4779 1038 2132 2291 927 4293 4674 4560 2664 2805 3370 835 2618 2287 1233 2193 1563 3294 2923 1313 2716 2716 1971 326 4210 2072 4880 503 2146 4969 834 2447 668 2989
2808 2960 4281 4433 1512 3064 406 720 4282 1364 2640 2565 824 1264 4073 3310 1101 1660 1184 4850 3814 4154 516 433 1520 4220 2614 3336 506 916 3136 618 3622 2286 4819 3061 1256 604 2196 349 1703 3314 4657 368 3070 2536 2723 4539 746 4282 848 185 4336 2887 3532 691 229 33 4827 4989 4438 315 3871 783 2785 4029 4807 4996 3315 3466 2812 3011 3362 4064 194 4014 4059 4424 572 338 3419 27 1638 4592 53 2430 2589 2812 1025 3199 3087 2490 1022 1772 2761 780 1997 1619 2003 1174 1975 232 4429 2236 4284 1618 1431 1548 779 2049 3493 2323 2839 4180 1850 3424 273 3532 1790 3801 905 3547 2091 1983 2338 4933 2210 956 4226 2458 3015 4721 1929 233 2740 2157 4474 2081 2311 3917 1459 4774 3443 4611 2666 1123 2924 2253 2402 2560 3219 259 4881 4960 2201 1069 745 4805 1390 3937 4768 3989 1507 1669 452 2203 824 4062 466 3887 3471 497 4929 525 2070 3594 4559 1972 2939 4306
3362 1270 4077 3611 4619 1021 3967 1081 3073 148 680 1980 2095 4928 4724 4638 810 2862 637 2076 4710 942 3869 4877 3342 1093 713 4464 4048 39 2387 899 1851 2778 3961 3755 2105 4737 1474 1703 908 3564 1387 282 4054 2860 1900 1448 1801 4034 4741 2932 2318 4919 951 4618 4499 235 4285 2634 2936 2086 3403 621 3269 2221 196 2122 887 1231 4959 1557 3403 1355 1330 2584 4910 3998 3374 4535 819 3268 2770 447 2128 2986 4549 1340 663 3457 1439 3517 440 109 2079 3996 113 3263 2770 3163 292 4365 1191 3193 3882 132 1588 4298 3327 2026 3222 3145 4736 1426 125 1681 1360 443 43 1528 1225 1982 4371 298 3447 2010 2178 4398 2946 1831 4040 409 2437 4153 1191 4613 836 415 4510 3793 4468 1743 3285 4526 3228 3936 269 2734 3418 3317 1514 1000 55 877 4473 738 554 3611 3006 3424 1209 1195 740 4178 99 2063 4061 2275 463 2010 2615 2649 4590 2530 3991 979 3095 3234 2555 3632
800 3652 3993 1522 3413 976 3434 576 3486 4945 4153 1442 4461 4291 2955 2133 2678 2916 3469 970 4138 4041 3531 4533 1130 4791 3648 4533 2649 3394 489 4685 643 513 2699 2415 3015 3014 311 3314 3564 3425 1769 987 828 2030 3906 81 2981 1894 251 3523 2257 4165 4394 1863 2587 2084 3175 4403 3966 950 4502 656 3931 1211 1283 3047 2019 1209 1136 2399 3358 3926 2334 1595 2648 4640 1946 17 4866 2233 4403 3825 245 1227 2059 1380 427 4152 2177 3883 297 2315 4518 3159 368 2942 4328 1024 1347 1651 1925 4508 2761 4219 1329 2408 1450 2360 144 4041 302 1750 4997 2229 4383 4071 3719 121 1214 1784 787 2101 4887 3142 4685 1983 2748 3778 692 763 4577 1449 4847 2296 97 3348 3546 1450 2268 3448 3650 1497 3286 4259 3946 2287 3233 2894 3353 3203 4719 2275 1547 4071 766 3939 650 4956 2814 2179 457 2309 1529 862 3025 4580 4547 4349 4933 3385 1094 952 2036 1655 1466 1164 3190 2285
375 2817 1412 1444 3001 3202 4178 1351 2560 3542 360 3104 3256 4250 4924 1577 3769 3972 296 1055 2455 2978 1379 3865 439 1564 3996 4220 558 3248 1991 432 4759 4724 4981 437 2021 3405 3926 4657 1387 1769 3233 1027 726 2493 3291 2210 3051 4892 4930 1131 2084 3098 1571 4056 3188 2651 3844 1953 3993 3718 1187 830 3218 2925 2656 4941 3463 2555 943 2076 3772 480 3352 1520 4899 2615 985 4259 3625 3462 4946 1746 2867 2277 3077 2238 4322 3242 4992 3753 424 2090 863 3235 1998 4705 2541 2551 4649 1538 4292 1157 1168 1710 2841 3589 1978 1066 805 2758 797 4474 2198 4320 978 80 3993 1218 2545 1099 2198 3786 1936 3019 3224 1611 1776 1627 2360 4126 4616 2982 762 1991 4699 239 1944 239 1634 1634 2793 1118 2538 3935 2297 914 2200 758 4141 1028 4515 3519 1380 457 1481 2765 4625 2893 4157 1343 3498 3500 4648 3975 307 758 2265 1627 3190 1427 4210 1432 399 1991 3130 782 2576 2921
3880 3811 1707 3795 2627 3115 4007 701 3188 3435 812 1346 1171 1512 110 4437 2771 2527 1841 4723 4609 3078 2968 3921 1194 386 854 4059 1992 301 3821 2365 2003 1572 3230 1544 4482 1727 698 368 282 987 1027 588 1895 3680 2120 1990 2946 876 2025 399 493 1311 3654 764 4984 276 185 1099 3414 462 4568 1562 1584 2034 363 1333 3945 684 3659 2756 1732 4866 2116 1421 2134 754 2607 1052 4123 695 1513 4080 3024 2825 2351 2761 487 1409 816 3385 4797 3176 3742 4422 586 839 3779 325 1539 1840 3731 2413 1472 193 2870 1301 1815 3891 1414 3816 4647 343 1747 905 1724 602 798 345 3891 2490 4281 4924 4867 3680 3317 4346 246 1951 2244 3183 588 1255 285 357 4732 4300 1348 1381 3289 1454 3635 4871 1317 1275 3669 1845 3506 4872 4723 4792 852 3086 2176 289 239 4303 1529 4167 2293 125 447 781 615 2003 1504 4591 643 551 4292 4680 4898 809 4430 1008 3546 560 1322 4542
3763 3897 688 3615 3989 1171 723 3052 3952 1163 1509 3610 987 707 1808 1839 359 3752 1261 464 4868 4697 489 2542 4473 4130 2917 1912 2283 1955 758 4266 4913 1211 4035 4941 4818 4543 545 3070 4054 828 726 1895 4868 2668 3643 1850 558 2506 2456 4721 2195 3383 4175 4134 4509 182 2570 3211 851 499 4094 2837 4799 2507 2296 4942 250 158 3977 2507 1814 571 2511 14 1776 4037 1308 3134 1836 1737 3410 3030 4520 2455 4436 1667 1604 4228 2093 3258 3259 4381 4593 4219 2529 2338 2615 3372 1949 4540 3365 194 2874 2289 4787 1398 973 160 1401 188 2988 4055 976 4791 3366 3097 1348 140 1709 1781 4888 3694 4735 1227 2369 1609 4060 3112 3072 2891 1806 1548 1113 4533 3209 217 4967 2236 2703 2698 2135 874 155 1998 1186 848 2615 2970 3949 2764 1974 1735 2911 3755 2716 4194 1230 4190 1100 1749 1575 3886 2909 1220 3007 4778 3484 1780 3527 1555 111 879 2639 571 4631 4593 2845 1733
