N: 180
M: 36
Symmetric: true
Triangle: false
9 175 143 127 48 180 112 25 68 8
6 150 146 28 171 83 47
7 20 74 166 159 94 173 118
4 123 167 106 14
6 115 63 39 54 2 124
8 125 41 103 155 176 21 58 31
3 153 140 11
1 18
5 126 178 99 66 97
5 93 104 122 177 76
5 152 57 130 110 164
7 7 71 168 133 26 151 56
4 163 82 42 121
7 53 70 172 147 98 4 154
5 88 3 144 135 35
3 105 13 158
2 30 29
5 33 43 62 109 67
4 132 19 37 149
3 165 162 45
5 85 129 64 12 102
10 81 49 116 134 128 50 61 44 89 51
2 145 120
3 79 1 156
7 84 77 86 32 27 111 117
4 15 9 10 174
7 80 161 95 141 131 179 108
5 6 138 5 91 107
2 52 119
3 139 170 78
5 23 137 114 22 113
4 96 16 142 38
7 160 46 73 169 100 136 34
8 87 72 92 148 40 36 101 59
5 17 65 24 55 157
4 90 69 75 60
4754 2631 1202 3212 1541 1890 2906 3790 4998 1347 1376 2550 4441 942 645 1861 3603 3755 2363 4162 2263 4456 4808 2984 580 1709 3795 1974 4940 988 1343 4411 1736 3874 2976 4101 4835 4352 3138 1744 1793 4727 1694 662 3374 4084 623 2947 2711 1062 1202 4197 2514 3831 1293 567 1820 2121 1356 3750 890 1093 2027 4457 2983 744 3894 1423 1364 2481 582 3886 704 3405 2128 3144 3314 3564 2176 4086 4095 493 1927 1426 2231 1373 4483 4017 4553 888 3854 433 4619 4314 3469 4627 3336 3761 847 247 4174 3018 2931 4956 1912 1331 4817 4684 1886 4874 740 2134 4063 2107 2913 4292 725 4026 4961 2517 4535 1907 3348 4645 1720 244 3750 4207 4664 3925 1760 4800 2800 771 770 554 840 3796 1530 2345 3744 111 2097 3294 4147 2545 4974 3554 3319 3652 4471 1916 2782 3488 4894 65 2733 1522 3875 2865 4086 1771 884 3452 2346 1339 2799 3165 1799 4386 1733 1814 3203 3895 2563 1923 764 3649 1453 4235
2631 1902 1100 4923 3414 733 3936 882 856 1555 384 1610 1015 315 26 717 4415 4000 1619 4084 1148 3908 2065 2546 1027 2044 3887 61 2575 1197 4007 1382 123 3035 4752 1461 4862 1853 2875 1755 1724 671 1589 1017 2628 4074 373 3791 1303 948 802 2074 4755 1448 3741 4887 813 920 2319 3215 4844 1794 3693 2338 3575 2167 643 3572 4697 4840 1371 420 1323 4516 1682 4926 2864 4340 4876 4213 688 326 276 856 1071 2004 929 788 2988 2287 4461 2149 3172 1309 3433 3423 2021 916 3440 4037 545 1812 2621 524 2876 206 3678 1827 1643 3957 595 4200 4709 2877 3947 1801 1495 1892 3252 4338 3735 3703 890 372 950 4585 27 4150 1196 3670 4986 4048 940 2975 2526 4021 3296 2231 1556 2081 4390 3755 729 944 4284 3492 3008 4306 778 227 1297 1081 714 2071 853 2233 3735 1729 3728 1724 3329 649 4897 1377 4780 3236 2053 3190 1190 3789 2990 389 679 4495 4954 2884 2655 811 634 2223
1202 1100 3636 3748 357 1448 4877 1975 4518 1430 4365 845 4972 1865 2276 3570 479 299 4132 3589 3495 3824 2899 3813 1354 2207 3271 805 1653 4539 3860 1264 2253 498 1369 3165 1972 2225 4954 2738 1814 1603 2365 3989 2386 798 2858 392 3204 2169 1381 2803 2816 1175 106 1491 2974 683 1185 3800 1743 3557 3536 170 1850 1373 3298 728 3731 2410 1175 886 1188 3713 3003 3109 1924 4381 2012 694 4338 1073 2284 727 1185 2882 198 2035 4130 2966 4013 4895 585 2857 853 3446 1484 3046 1404 4839 110 4471 3515 4774 3717 4572 1651 4000 2493 1385 3356 3171 4463 1381 4554 309 202 1558 4533 609 4078 4227 1649 4412 2598 1880 2634 2245 643 2499 1856 3438 4656 3186 220 1214 2393 1379 265 1074 2526 3565 4677 479 4191 4124 1074 2328 3648 584 4495 2504 58 4240 1468 2889 2873 3859 4089 4258 1123 946 4612 1033 2013 1335 4658 1870 4072 3271 1143 1940 2671 2177 2223 3978 4437 1491 4554 2549
3212 4923 3748 2071 4728 2621 3669 2602 129 3589 2140 2862 940 4757 3012 3106 4883 2117 4299 3843 3581 526 2058 3180 1454 4296 2798 805 171 1286 1967 4311 855 4951 2652 74 4141 4443 3411 1013 4068 2420 1605 474 2340 858 4113 159 793 2363 1818 520 964 4167 871 4507 2516 1384 2960 392 913 3074 4912 3784 513 4590 4393 4079 3267 3043 3484 178 1368 2383 3716 2191 339 2108 2986 4170 4502 4982 3006 624 3177 3789 2470 670 3019 2942 166 4075 1514 2858 3571 522 4203 3395 4516 3175 4146 3628 2878 4264 1302 1175 1198 999 1565 1264 1585 4786 126 3686 1206 3686 4967 2401 4260 1559 1664 4726 1427 2261 458 757 3479 901 2075 3685 4562 2981 1064 2861 4999 4333 2920 704 4707 81 3314 2750 3365 3706 3141 1082 794 4460 1982 2342 1551 907 2406 161 4205 2136 2663 763 2921 4871 1030 310 1498 4329 2987 4454 220 204 2734 4919 3837 378 950 78 614 3260 804 1969 664 3881
1541 3414 357 4728 346 677 3933 2879 4953 4133 3603 3469 2876 252 176 1242 4000 1650 199 1519 4771 1067 3667 1837 49 4605 2068 1018 4499 1172 4444 1627 426 3009 3088 4645 3253 2799 2112 3783 2880 2862 1081 628 3094 855 1216 4092 1057 1938 1714 4063 1341 620 2653 4939 56 4351 1186 651 2230 3925 4264 3345 1222 1350 3026 4695 3490 3222 1603 767 1964 4459 3792 3841 3198 124 4857 1917 970 4969 2037 513 1757 3258 4989 2907 4742 796 2132 3624 4140 4303 2538 2794 94 4036 2768 3728 596 2396 1345 4145 3839 133 4784 1167 3644 464 2787 2572 3276 4162 4425 3922 2988 3238 2916 1341 2850 1051 4554 2515 4758 214 3714 3299 4895 506 1261 3716 2399 4645 4595 244 488 2500 4069 2784 1435 3685 91 4100 635 3348 1156 689 4556 3790 2030 2470 2833 681 1234 409 2713 4249 803 3141 2268 584 3900 3639 3113 2101 1777 196 2558 3047 2249 1678 4715 165 1035 2627 2925 899 4011 1880
1890 733 1448 2621 677 3282 2049 726 2671 3325 3391 4168 4155 4915 2732 938 2364 3851 2910 3877 81 3035 1404 4335 579 4628 175 4486 476 346 1522 2935 3501 2313 2088 1940 1466 1670 4604 3827 3709 257 4006 1430 3387 3455 994 3373 3992 1886 723 2222 3038 2154 2175 1802 4111 3458 2468 3310 2680 4053 1104 1938 4440 883 1194 1243 1737 383 21 4898 3285 3350 3848 507 3002 284 4780 1639 4087 2927 90 691 227 3629 2888 2788 4209 4413 672 1228 3129 681 3458 4374 4107 4536 1959 1110 1221 3117 4183 3951 1965 3738 430 595 1988 228 3698 2087 670 4065 4759 1978 1952 1451 4827 4848 1110 2751 1838 3810 2508 3510 4564 1601 1870 2349 2623 447 649 3691 4390 617 2504 3780 1715 1122 3323 4207 3069 3910 2709 4981 322 4323 3873 371 4462 183 181 4498 83 163 3242 1485 719 1326 406 2880 1526 1098 1627 3967 82 2783 1939 1930 281 110 3478 4742 1011 3502 2560 3937 811 390
2906 3936 4877 3669 3933 2049 3630 1240 2748 4484 3685 2275 482 2091 2388 3904 1826 4782 833 499 197 1517 2672 1235 486 2156 3477 2728 4919 1430 3350 3041 1883 888 2240 4126 1791 3550 1403 2007 4313 1961 4273 3337 4273 2295 194 4515 1675 3751 985 3382 4470 2932 1453 3396 4990 164 1252 1785 3645 1085 1109 2363 3568 4063 2262 991 1207 3642 201 2693 3328 3476 3723 1517 3841 2121 92 1147 3642 1606 1520 4803 759 2662 1139 2802 4208 480 1015 3634 4945 996 3017 4816 866 3374 3880 867 677 3943 2530 1536 1725 1975 443 273 4042 1979 2252 3257 954 4669 2815 4963 4833 4972 3471 2954 2176 3375 1662 3718 1657 2702 1642 1164 2957 2811 4713 2868 167 3984 419 4342 4715 725 897 1929 3561 1066 3456 4501 895 4877 1585 4455 1057 1345 3643 4974 4642 4339 2667 3093 857 818 4443 2033 4039 4543 1288 4089 2651 3344 3378 2349 3082 2476 4141 3658 1804 203 2183 84 1391 1760 481 174
3790 882 1975 2602 2879 726 1240 1917 2384 1378 140 3355 1859 3360 1244 1075 423 816 112 3290 3292 418 549 3651 2408 4678 757 1702 3973 3834 411 562 3447 2957 1908 3131 3575 2597 4157 4543 4221 4598 90 4299 745 1740 1571 2795 2346 2633 2552 871 2776 3558 4144 4830 4021 137 415 4781 3448 2455 318 4856 2412 1705 3292 3496 2390 1415 4643 166 2274 455 4779 128 3219 4881 1025 3237 1410 3423 1165 2169 4330 1849 4443 4298 1734 1798 798 3613 1745 2483 2352 521 4338 243 2026 4074 3387 4801 2033 2536 3789 4851 872 3703 2719 3382 4003 1935 972 440 297 245 4220 1606 3014 896 2118 2872 3459 2821 926 330 3703 3612 1326 4589 1147 4937 2702 3904 3381 2217 1152 2720 1784 2028 390 2627 2688 2845 3292 4190 1803 952 4799 306 1840 595 3600 1192 855 2774 633 823 4804 1185 1698 4352 3022 4278 4769 3092 560 1530 816 1706 1113 201 914 1774 1309 3152 4556 3291 2615 1362
4998 856 4518 129 4953 2671 2748 2384 2618 4400 4704 2888 495 4216 4846 3939 1498 1166 80 2514 2451 2178 1179 657 1609 1773 4802 3641 3001 711 900 4174 2409 4623 2629 641 2112 4021 2012 1237 2376 4531 303 1875 2032 4997 2633 931 1644 156 4853 3230 1669 3717 2119 3107 4790 4077 1278 3224 1418 4027 1186 1690 1159 3984 4453 554 4467 4610 1756 4133 2212 3719 1915 654 2785 1483 3464 3137 1353 1848 2671 4112 2265 4528 3034 58 4437 2052 408 57 2158 4484 3147 681 74 462 4267 2045 766 3149 449 2927 3053 1933 1598 4103 2181 2209 4726 3627 1036 2869 2325 3910 2463 3471 196 403 17 4869 3049 3431 3323 4232 633 121 4606 4697 4928 2573 1439 2929 753 140 4468 3693 4340 1653 291 3428 3985 1962 3063 2198 2565 1095 839 3182 3415 2191 428 2187 1214 2025 2689 3316 1039 2665 4901 4106 1845 3379 3934 508 2698 2078 4217 1255 3578 1595 945 702 2808 3407 3055 3007 4752 992
1347 1555 1430 3589 4133 3325 4484 1378 4400 1684 1399 2887 383 2383 635 2396 1400 3227 1890 2351 2962 3382 542 3144 2379 1329 774 4179 4883 3406 1439 4032 4785 4935 474 1253 2751 4397 194 26 3295 1449 697 1622 1705 1937 4135 566 4405 1181 3749 585 3712 630 38 3637 1975 1149 4420 4520 721 4625 3201 1544 3181 2128 1236 108 973 2874 3552 446 4807 3661 2421 4684 3225 3188 2639 1873 3773 832 1445 4650 4824 2042 2690 3688 1068 4858 2916 866 39 2595 2860 1519 715 3302 317 237 4858 4436 1020 2901 736 2676 2129 3082 1019 1020 2001 3682 4707 4444 3081 1222 4689 2462 4516 657 4989 4928 2240 4864 1007 3852 1122 4784 1547 4195 3055 1427 1579 3344 2470 1457 4267 3499 1765 4705 400 1174 956 1710 2447 3124 4054 1235 1612 858 4613 3222 138 1208 2617 3591 1098 4750 243 4803 1874 2262 777 3170 1710 3794 3144 3898 2177 4518 928 1624 3292 4409 1341 4203 2844 2695 4878 1773
1376 384 4365 2140 3603 3391 3685 140 4704 1399 3978 1250 346 2707 4375 3492 1710 2293 3357 1634 3756 921 4773 2102 866 1441 4652 1350 13 3800 1668 355 3189 2628 3605 4565 3243 3433 4669 2795 4263 4527 1891 2085 3342 292 1336 255 148 61 3655 2141 338 1880 4315 4601 1601 2028 1872 1416 3740 525 1241 1560 1440 3566 426 2207 3297 1706 1420 213 1400 2745 226 2405 1090 2785 3798 3891 245 2022 1893 3012 2087 4890 494 1778 941 1047 129 2801 1157 61 2064 1892 3711 2877 4928 4922 4756 3804 4285 3534 3475 826 209 4167 3847 2852 3894 3488 299 3580 4563 893 1324 4232 634 4752 13 4389 712 1326 2782 4729 1406 1970 3082 4648 1235 3315 4974 3157 3209 2503 3606 3799 3724 1139 3901 3869 2108 1275 4638 1538 165 4417 4144 400 2092 4433 3887 1859 498 4185 2017 858 3913 3732 3799 1329 3334 4140 3080 1965 3660 3241 4593 3178 1405 876 3795 1750 1280 1117 3238 3390 1366 3305
2550 1610 845 2862 3469 4168 2275 3355 2888 2887 1250 3539 4216 4643 4469 4243 4225 3557 1265 3072 3110 4743 2167 4557 3639 3295 524 3955 3851 948 3955 1092 4052 2793 4736 1994 3254 631 3427 1961 751 2219 353 1213 742 3185 3281 2269 4511 2825 2579 4694 1680 3311 2540 3643 117 351 4106 55 3245 3151 2596 2964 2238 1155 1464 2068 3858 765 999 659 1027 1252 3038 3697 1968 3726 1550 283 1706 2946 2462 1986 2189 4644 1117 2055 3168 1266 1776 611 3725 879 448 3534 1850 2694 1121 2700 912 2738 4981 2538 963 3988 3607 1744 2294 4238 4641 2498 2978 539 3504 2014 2875 1673 2801 4740 1380 534 329 360 4988 3134 2810 348 2855 1752 3719 285 171 3942 1446 620 3392 4858 263 939 3635 543 3249 1094 4171 1810 1782 198 3263 2387 3697 3443 1401 612 481 2451 4718 2203 4340 2759 1450 410 952 4070 1019 2203 2661 489 2881 3690 731 1293 1109 4184 3556 769 3676 1020 1104 2286
4441 1015 4972 940 2876 4155 482 1859 495 383 346 4216 4792 1428 2074 3925 1088 1393 93 4058 1564 744 4126 2243 4576 442 1157 1609 2998 4365 2446 4651 844 124 160 2638 820 4960 3452 4949 1088 2375 2366 249 397 3919 4248 4035 3344 2257 2557 1085 2351 4582 3375 377 3340 4371 3674 2814 2249 369 2209 862 3318 2472 3136 796 2163 2763 2360 2662 4245 4348 857 4812 3056 1926 3143 2331 640 4597 1419 3231 4441 2208 1397 1110 178 2533 4330 144 2673 349 4732 1742 3858 214 572 599 752 964 1990 1960 2112 1887 2690 4685 2258 3040 419 1433 2894 2622 848 3313 4819 769 1769 3670 1631 4547 3781 2376 3466 1568 1956 706 1277 3547 570 3659 3980 2192 1922 217 2498 582 2320 4484 3674 1212 3090 3731 2546 4306 2170 1742 640 152 3373 3607 1519 3912 3196 3492 1348 3696 4354 3354 1145 2721 1747 4068 986 1812 3454 1399 583 1391 3686 4175 4894 2008 1236 468 3783 4833 3871 1605
942 315 1865 4757 252 4915 2091 3360 4216 2383 2707 4643 1428 1587 3380 2416 1088 1026 4812 3937 2410 1269 781 3340 98 837 1106 422 932 3151 2150 362 2550 686 4339 2956 654 2410 3290 3027 4886 365 1924 2224 2264 4774 175 3270 4955 4827 810 3046 4575 2070 4709 52 2115 592 3057 4325 189 4342 1353 4856 422 4448 1845 4055 3175 1660 1692 3000 4418 46 2832 243 660 99 4595 4604 77 502 3995 1174 800 483 62 4747 65 4024 1420 2556 886 417 752 3257 2922 3873 528 4676 3902 3556 4000 4698 4649 1071 2641 3004 2189 2083 2359 2655 3059 700 2571 2514 3816 1816 2957 925 2498 4802 1136 3361 3015 4600 73 4448 519 714 3636 4416 2228 4415 4325 3742 1356 1660 853 3634 1985 759 2285 4306 1166 2681 3421 2457 2327 646 739 3194 4440 1354 4413 4256 2944 13 4268 1189 2144 909 963 275 4981 3087 4144 3976 4237 2160 213 1615 3952 348 3672 60 3714 3873 2291 746
645 26 2276 3012 176 2732 2388 1244 4846 635 4375 4469 2074 3380 1683 786 3846 3499 2585 4452 904 340 2197 1014 3028 2292 3763 1153 2341 3746 1102 492 462 3829 2152 4926 575 1828 4303 1754 1655 2961 4955 3730 711 4376 300 305 1147 2765 4017 4740 1825 474 4237 4620 660 2277 4043 171 122 4518 1884 767 2606 1568 2941 1781 935 828 3642 216 1341 2375 4343 880 1805 3705 3343 4496 2769 489 3628 2188 3869 3848 2747 23 3667 2767 2504 3707 3224 1143 819 1669 4433 527 4298 4350 859 4953 4148 1076 1650 1642 1513 2907 3881 2479 2227 2057 88 1548 2665 3000 2220 4879 3447 3378 3230 1104 326 3037 2275 3570 3901 2594 3517 4585 1338 1346 2802 2285 35 3162 2553 2263 3626 2611 241 3496 2317 303 4480 46 4281 691 1085 3659 4058 3934 958 1526 3910 2375 4570 1448 528 2792 1949 3783 1436 50 2742 2527 4268 4869 540 522 4923 2131 3487 600 1516 3190 197 1961 739 1393
1861 717 3570 3106 1242 938 3904 1075 3939 2396 3492 4243 3925 2416 786 3451 1746 3970 74 2645 2301 4408 2274 4180 2252 3121 3678 938 4727 2246 3740 4233 1590 4605 153 2866 4103 1251 4412 4419 3616 4527 25 2250 2261 1916 1716 1485 3666 1111 2582 4016 171 3154 4290 4816 4875 2352 4298 3411 3568 1313 432 1370 2697 3909 2555 2449 4030 3510 4092 3830 3486 1739 14 1667 4121 2032 4579 3489 845 3225 3450 4557 2040 4374 1466 3503 1712 10 4164 2963 1579 2106 1441 4069 3122 2227 272 2867 4607 590 1103 3032 4367 1637 3711 302 1322 3647 1164 4620 3355 1581 4864 859 3684 749 3189 1330 1804 613 1734 3234 2195 907 4861 2128 283 4627 1788 530 4975 332 4093 559 1532 2959 1565 2564 3970 3416 4185 1827 4003 394 3855 2262 3197 3354 3286 2330 4210 4837 3333 2090 2699 4486 3379 19 1286 3517 3154 775 1223 4864 3181 17 2287 3093 2035 3964 2208 655 849 691 1626 2125 3147 113
3603 4415 479 4883 4000 2364 1826 423 1498 1400 1710 4225 1088 1088 3846 1746 3986 1678 1229 504 644 1591 4939 4755 3401 233 2947 2435 1228 121 4098 4622 4275 4069 3956 410 2395 1123 4450 3319 2485 3369 4969 1779 3243 2286 1577 201 4225 1172 2846 4032 1164 4683 2957 3180 4665 1528 4329 3523 3470 2225 4408 4436 4189 312 1322 4406 4606 2275 3227 1013 1077 1451 1884 3183 4297 1435 4293 1649 3757 1070 2246 554 2623 311 4369 2665 3577 1991 1864 1456 1174 236 4005 3390 652 911 4694 4795 2104 4347 3847 1027 2707 2329 3398 3934 1570 3147 3579 3243 2541 1624 4409 2221 3943 1488 3094 4974 4954 1385 3633 2957 4610 4100 2218 1806 2109 1871 2084 2251 2802 228 3443 137 3558 2497 1235 154 3991 3617 425 3592 2873 1196 1643 500 4588 4587 2342 2162 4043 2581 1787 2438 4075 4978 3037 1538 1055 2208 3743 671 3758 1346 3340 1956 3689 1010 4248 3949 2710 4947 2509 2759 1291 1047 2687 2792
3755 4000 299 2117 1650 3851 4782 816 1166 3227 2293 3557 1393 1026 3499 3970 1678 2462 2489 2913 2859 2884 4042 3638 2916 304 3093 638 4476 3469 3358 1115 2593 1669 2680 2009 1774 906 1125 1471 839 636 339 4204 1559 3295 878 240 2610 3119 1882 4965 163 1428 717 2868 3219 4765 833 2178 3069 2188 746 446 2994 221 542 4827 3871 2097 4422 4657 4108 4957 3971 373 3445 2410 431 536 3880 4695 2603 1504 3892 1188 3310 807 1068 2205 1198 1772 4387 3106 3716 3869 4258 3396 3745 105 3095 2818 1126 1470 4976 691 3913 1856 2738 3422 4666 4136 2154 2308 1899 398 347 123 149 2262 189 1136 4893 2225 1056 3068 2770 3304 374 3469 3310 892 1824 3216 4375 2115 2865 1121 1934 979 4398 823 4612 1459 3827 4067 1956 3917 4293 4148 2319 3353 2776 3271 4493 4233 652 2844 4104 795 2669 3697 3236 2880 346 3434 4509 411 2077 3018 891 3802 2957 2177 3678 3444 1684 2283 86 1359
2363 1619 4132 4299 199 2910 833 112 80 1890 3357 1265 93 4812 2585 74 1229 2489 3237 486 2292 2490 736 4628 2822 4468 4004 3297 531 2699 3970 4374 4122 2889 710 1857 984 1524 4144 2246 3392 53 1249 1394 1487 1280 3764 3642 3930 885 4997 4280 1445 2316 2895 2388 4074 4008 1139 3643 3061 1259 4789 923 90 1128 4031 916 3803 2361 3403 3951 2276 2359 3112 2343 3082 161 866 4155 184 3952 2742 2946 3439 719 813 3161 2980 1967 3740 3925 161 459 1535 4345 3533 526 3103 433 2735 4176 4524 1496 1008 4634 434 2869 815 320 3036 2959 4619 2786 4562 828 4012 564 2617 1624 691 3882 3978 4861 1158 2018 281 877 3978 1162 3882 952 2544 2211 4520 1751 3792 4660 4311 3988 890 2205 1927 120 3395 4234 3792 253 724 3537 1253 3640 2879 2901 3217 3304 958 2843 4695 2850 645 729 3870 2143 1763 4542 2717 2508 4772 251 3174 3777 1114 4421 1705 1633 4192 857 4989 4980
4162 4084 3589 3843 1519 3877 499 3290 2514 2351 1634 3072 4058 3937 4452 2645 504 2913 486 4595 294 931 1091 4662 1035 1729 2475 3184 4184 3639 3993 2952 4283 2161 3620 4384 2266 4791 3760 1490 1831 2126 3079 4037 4840 4944 4582 1048 1078 741 2631 2198 2548 4150 4050 738 2640 4006 455 3126 179 4473 127 4301 4299 4451 4780 2053 694 2969 4165 2478 2593 3653 1582 1573 3160 2070 4988 4384 2192 657 1390 2252 4547 1644 3453 4553 3969 3336 3200 3820 3717 3163 3069 4393 2875 4890 2081 4712 1969 2650 185 3706 1527 762 3093 3236 559 3592 2744 1611 4126 1212 536 653 1838 244 3784 1854 282 4382 438 3927 3292 2703 1431 2701 3049 1832 817 2293 3668 3966 1577 4471 699 2617 1166 3581 1541 88 541 3958 3765 3657 1799 4276 4439 2198 3395 595 4394 1749 4037 4242 4897 3414 3769 4106 1534 3486 3711 913 2806 3609 2993 4239 2677 644 2949 3502 730 2541 4094 4014 2526 4186 131 2288
2263 1148 3495 3581 4771 81 197 3292 2451 2962 3756 3110 1564 2410 904 2301 644 2859 2292 294 3055 351 2079 820 743 973 2000 3181 3833 2848 4856 2658 4065 70 3994 4966 2586 2000 2157 376 3719 4127 811 4787 2256 3927 370 1455 4759 1509 3475 1648 470 4277 13 3933 2595 4621 1617 10 2746 4024 4208 4271 464 1982 4202 2264 1478 1876 4776 2444 1403 617 710 581 1840 321 2097 1098 3383 1221 4850 2432 1850 2881 225 3654 2705 1303 1808 4639 2270 4172 2400 631 2134 1206 2018 3889 2772 4802 3704 2057 2945 2105 1815 587 1182 2845 2250 4276 2060 1909 2270 1878 485 3021 4215 3030 4328 930 1294 819 4478 1388 1335 1170 2508 4705 690 4586 4618 2636 2648 4510 4130 1416 4871 255 3113 4247 3399 817 2485 4412 4149 896 4648 1626 4829 859 236 1568 519 1854 572 3635 488 958 1268 4908 574 3998 3160 710 4214 753 3228 1517 3171 94 2122 125 4883 2857 1102 1324 4944 3060
4456 3908 3824 526 1067 3035 1517 418 2178 3382 921 4743 744 1269 340 4408 1591 2884 2490 931 351 3138 1351 4255 2343 2026 2348 433 2927 3343 2280 2579 4554 1906 3666 990 75 4786 2249 1061 4637 4650 4159 174 2150 4784 4918 315 4610 4543 11 60 387 1270 1910 633 3361 4592 3453 3367 4587 3217 579 1858 2434 3317 4379 4202 2403 352 1547 861 2838 2469 2412 309 1080 4896 4208 55 2126 4631 2502 232 736 2276 4044 2894 3660 2771 962 2352 520 1487 1873 3541 2351 3417 3582 3089 3027 4419 57 4554 4744 289 3821 2699 3061 3383 403 107 3928 2473 769 1585 3173 4620 613 2559 3701 4381 2442 1501 2940 1532 1108 4917 419 2841 4550 4532 1457 1236 3966 1586 3400 2655 1019 3197 4496 4969 3163 281 4358 3319 4833 4421 4353 2403 1219 2131 2822 3882 4919 2192 122 4989 2261 1510 714 4341 4233 758 809 4802 209 3325 4597 998 1839 3327 3563 699 1567 4636 2458 1331 4741 2880
4808 2065 2899 2058 3667 1404 2672 549 1179 542 4773 2167 4126 781 2197 2274 4939 4042 736 1091 2079 1351 1884 2439 1819 2685 3528 4277 678 2740 1039 2377 97 4338 570 1220 148 1797 1641 340 4725 254 1444 2835 3544 1450 3086 1981 1239 3755 3423 4436 496 666 909 4543 283 4244 4050 77 2503 3763 2496 630 3172 2548 2260 1689 4797 1141 2278 1150 3987 2422 469 3889 2370 3454 4406 1962 1891 1691 558 1121 2624 1289 4130 4940 3406 1295 1825 2124 3461 1510 1237 2133 4936 2684 701 2124 2923 4720 4646 4425 3764 2084 3267 4906 4200 2440 39 391 611 4614 536 4764 1009 3904 1476 3716 743 2494 3652 2375 4454 4003 1797 950 2603 2812 192 1624 1236 342 1711 2420 1114 738 800 4657 4741 4021 953 4224 3320 1160 3914 2974 645 507 4752 147 34 3830 2647 1322 1510 3625 4180 3120 1006 3521 2397 2913 4997 1029 1215 2881 3888 3593 2191 3111 1370 3636 1283 172 1993 3489 2157 3068
2984 2546 3813 3180 1837 4335 1235 3651 657 3144 2102 4557 2243 3340 1014 4180 4755 3638 4628 4662 820 4255 2439 3871 3444 4812 2436 1835 3059 2694 2580 1675 4868 2622 2020 365 4976 852 1014 2864 1755 2488 658 818 875 3173 1451 4860 3057 2087 1166 1074 1800 1380 879 2458 759 3614 2418 1494 876 928 1082 4338 3756 3703 2294 753 1509 4807 632 3493 4042 4368 1687 4100 4863 1057 2880 984 1825 2348 3481 3279 773 2213 4217 1719 4336 3158 2175 1040 3769 4291 484 2529 4193 2863 2892 3015 734 542 3633 933 3278 1514 4045 1764 3818 4602 3887 710 3794 4623 815 4072 2775 2492 2429 4284 2967 541 1728 2868 311 684 4969 2171 4496 1067 2862 1943 769 2054 1538 1112 4129 1412 2064 4206 2499 1672 4720 609 3868 431 3884 3540 150 4283 4068 238 2254 1193 483 268 2774 2085 1465 595 4379 3128 1989 3147 3972 1539 4002 2449 3622 1400 2613 4432 388 703 436 1870 1203 2567 786 1327
580 1027 1354 1454 49 579 486 2408 1609 2379 866 3639 4576 98 3028 2252 3401 2916 2822 1035 743 2343 1819 3444 1605 2177 4729 4725 4153 2784 890 903 4858 4823 259 2653 2874 2665 405 4057 1049 326 2282 3181 3857 3880 4752 191 2938 4150 259 1402 4384 291 209 2340 2757 2829 1564 2663 2267 1314 1905 832 3142 4334 4129 2635 1077 1846 1039 4486 2008 4108 936 1904 4947 253 269 2449 39 4023 3415 3289 2819 1254 4852 4529 1700 37 4774 3013 194 3856 1211 3299 4850 3509 2877 577 1050 4288 856 4669 4228 4786 4836 496 1488 1795 2143 1807 4651 1392 380 902 3736 2127 4663 4848 3824 3813 18 2739 3708 3968 2126 1348 3443 1220 270 1989 3955 3283 4713 49 2082 88 3300 4079 2029 4061 4837 691 344 3665 3885 1799 418 912 2923 4401 3936 4835 3498 3963 4130 4290 1932 830 1356 2473 4353 4975 4629 2315 4254 3750 3119 1441 4352 1775 3950 308 612 1582 108 3541 2901 1998
1709 2044 2207 4296 4605 4628 2156 4678 1773 1329 1441 3295 442 837 2292 3121 233 304 4468 1729 973 2026 2685 4812 2177 1569 3730 4553 2277 3205 2953 4076 1659 2985 3853 2142 4697 986 2647 4103 386 2942 922 176 4642 4662 4595 2895 1081 1116 3715 3604 566 878 1078 2152 1445 1424 593 1696 1129 4291 2639 1688 4026 4834 4712 2177 1855 3201 1760 1933 1348 116 4058 2680 1445 4086 1330 313 795 3676 3734 3924 2514 3853 1570 3001 2845 1353 118 4651 1164 3582 2728 2274 1752 2009 4240 504 4086 2294 3208 1597 2739 571 4931 1291 3025 4745 1493 167 3852 4132 2923 768 4893 2099 3137 3099 1663 1169 3409 2907 1033 4471 807 2590 4528 2702 4347 91 1767 4258 561 2209 4275 841 3322 1574 1875 197 1025 2128 4595 912 4474 4495 4632 3554 2661 588 1350 260 1291 2368 4322 2157 494 2576 3176 4524 4247 4661 83 1749 1906 4007 417 2806 3649 4185 2821 3682 1994 1818 4844 2436 2469 2207
3795 3887 3271 2798 2068 175 3477 757 4802 774 4652 524 1157 1106 3763 3678 2947 3093 4004 2475 2000 2348 3528 2436 4729 3730 4169 3843 2769 3989 3941 4839 2296 1686 1303 4081 1514 4874 4710 3491 4438 3941 1599 2947 2855 818 1175 155 4930 1822 3752 2400 2164 4157 1039 1998 1156 374 2964 3801 1869 4618 2303 4510 2861 2397 1730 1685 3133 1046 169 1084 975 1374 818 4653 1156 3166 3876 2055 4175 2672 3863 4886 2458 1360 4160 4925 995 4921 379 223 1563 3381 4000 3369 4150 3103 632 4311 2774 2809 2499 4652 1684 4467 1542 3723 4459 3864 796 2883 2343 4094 1990 4657 1494 4053 993 3115 1829 2112 4546 1057 2054 4851 4391 440 845 1251 2716 1705 320 3777 1525 3619 2154 2503 356 2913 1632 659 512 372 4115 4096 2411 478 913 2846 3409 3251 2453 753 2272 3833 2288 1811 2706 3836 2044 548 1832 2009 1079 514 2079 4062 4953 3919 125 4875 202 4088 1309 4684 4629 4290 3142 2146
1974 61 805 805 1018 4486 2728 1702 3641 4179 1350 3955 1609 422 1153 938 2435 638 3297 3184 3181 433 4277 1835 4725 4553 3843 3782 3168 1780 2043 835 2214 3513 4888 3257 1905 337 506 482 718 3710 700 2137 4705 3943 2437 2412 3785 159 927 2681 3282 4290 130 433 2550 1840 891 3388 3545 1964 847 3538 3542 1183 3383 1588 1346 1195 1333 168 4686 3052 166 2250 3801 3097 1198 2120 2392 2094 3397 2931 2916 1857 391 2037 2647 1343 4347 2888 2819 1658 1943 3994 4093 2947 648 3404 1426 1123 2026 3351 1167 3202 279 3789 1077 2073 1631 3327 2854 3240 1209 4726 959 552 2182 4519 3533 1807 4494 4064 2437 4918 2301 4748 1866 2478 4999 2417 3110 1308 3781 224 2701 3620 3483 4335 2654 4656 3249 2931 4663 4249 890 2934 1694 935 1989 2085 1279 1715 4294 489 2569 878 1533 4766 2538 2303 3985 4875 3432 839 4294 2847 750 3789 2305 2083 909 190 2961 2638 3611 4142 3358 1585
4940 2575 1653 171 4499 476 4919 3973 3001 4883 13 3851 2998 932 2341 4727 1228 4476 531 4184 3833 2927 678 3059 4153 2277 2769 3168 1746 2007 4640 3859 3193 2131 123 1854 685 4608 4192 122 2932 3124 114 4104 878 821 752 1875 1936 781 134 4856 3748 3806 962 4682 2837 3546 593 1894 1142 954 151 3291 3458 4989 4850 2194 2983 1711 3257 3576 3522 2177 1573 4470 1651 1926 1272 901 4723 2387 2844 566 700 4957 1061 3936 454 728 3265 4645 4505 909 3201 1115 712 453 3824 2924 1824 3378 4099 3245 443 2599 207 3620 4977 2609 2288 1371 2503 2287 1088 4973 171 1010 3402 3345 4053 3918 691 1315 34 2225 3901 2412 4243 2594 4004 215 2113 2331 1410 654 635 3883 83 2185 2306 4501 664 2529 3523 4786 3303 3320 731 2220 2082 2483 3100 718 3082 4321 3304 2690 2263 2542 3585 1401 3162 2059 912 3524 3750 3138 1593 2347 840 4457 4532 2290 2957 4973 2118 3608 2699 4943
988 1197 4539 1286 1172 346 1430 3834 711 3406 3800 948 4365 3151 3746 2246 121 3469 2699 3639 2848 3343 2740 2694 2784 3205 3989 1780 2007 2025 2490 4870 2982 3986 3765 2082 1608 3623 4530 2002 4687 1691 3378 783 1495 1543 436 1537 1340 3101 3507 3464 2905 469 35 607 1719 3123 4971 3498 4602 1573 310 1797 3156 1563 2587 3854 424 3449 1817 1019 4815 2241 3188 889 4476 3742 1131 2350 2511 2125 1694 3020 714 2113 2733 4843 544 3744 1931 3663 4684 1958 2401 1789 4091 770 3153 186 4367 980 1927 4114 1070 3116 3931 247 1431 4504 2841 2339 3826 681 2801 2064 4292 1987 30 1861 292 3916 799 2695 51 3122 275 4253 1675 732 577 4476 1696 4195 4322 2599 1450 626 1067 4325 4709 3107 96 3191 1873 4357 3075 1005 30 3457 2698 4536 665 3432 2163 3703 1449 4508 1829 3264 1480 4466 3205 1937 3926 2536 3693 189 546 3337 831 3861 4299 802 3706 1089 220 4805 108 4087
1343 4007 3860 1967 4444 1522 3350 411 900 1439 1668 3955 2446 2150 1102 3740 4098 3358 3970 3993 4856 2280 1039 2580 890 2953 3941 2043 4640 2490 2295 1935 2772 3129 3088 4177 3238 4089 724 3232 1183 853 2374 3890 4253 4202 4297 143 2017 4930 2701 3059 2740 2617 71 4689 1291 2037 2059 1471 27 327 1490 3953 1934 2818 708 994 20 792 3503 831 3345 1742 1793 1674 1534 2998 3861 961 943 735 652 724 2032 4576 2997 717 3871 2150 526 1236 3851 2938 3814 2648 3944 2796 2347 3291 4108 1587 1871 2153 2560 455 4878 4351 1776 2583 3540 1900 570 1114 2370 2368 3503 2800 3052 679 3107 2948 2274 3278 3889 2013 1746 1557 4483 2451 2304 3413 2438 993 4463 3210 1654 965 372 784 2621 4369 3169 10 2431 103 858 4689 3342 1694 4243 4489 1744 244 3679 3223 3151 3311 1581 1676 3989 2799 4110 3663 1267 2523 475 2379 3993 136 825 3992 4602 915 295 1032 4147 205 1928 172
4411 1382 1264 4311 1627 2935 3041 562 4174 4032 355 1092 4651 362 492 4233 4622 1115 4374 2952 2658 2579 2377 1675 903 4076 4839 835 3859 4870 1935 2919 4673 4842 431 3058 4646 4069 1426 1290 1247 2806 590 256 2968 1849 1145 1742 241 43 711 389 4436 3576 999 247 4632 2446 2179 1623 2004 1511 4113 3089 3134 3438 4595 3035 2503 4393 3900 1406 4301 185 2104 391 4261 1107 145 2661 727 4892 1984 3496 994 4088 356 3233 1335 4690 1843 4583 2738 1138 4975 506 1300 858 3129 4269 4091 3076 3999 3686 3379 3037 4726 4900 209 2064 2544 4024 1277 3044 1325 3645 3664 2617 3856 1408 4734 77 3371 1153 1712 2271 3473 901 2483 1835 2308 3169 4104 1289 3505 4269 2821 1759 60 4684 2605 380 3934 41 4141 50 4989 2831 4570 3795 767 1394 3649 899 599 4153 2501 2900 559 4714 1478 2488 51 4683 3286 4189 1906 178 2424 3870 221 1024 2348 4437 3899 4359 2666 47 748 3622
1736 123 2253 855 426 3501 1883 3447 2409 4785 3189 4052 844 2550 462 1590 4275 2593 4122 4283 4065 4554 97 4868 4858 1659 2296 2214 3193 2982 2772 4673 44 4202 1224 4423 4562 3264 1401 3362 515 2597 2067 3422 4101 2968 753 3565 3351 857 3699 3499 4636 407 674 1701 2830 3295 3749 351 2285 3202 3199 1335 3331 2237 4179 4194 400 2183 4827 3901 2739 1822 4436 2934 3426 736 1029 142 220 970 608 2256 3302 1309 3970 798 1798 2128 2358 4416 4548 2839 884 3867 1663 1422 2708 3190 1987 2401 1111 206 72 4670 4022 471 1153 45 661 220 21 3789 611 2705 4027 4178 1637 280 2285 2184 638 1341 3404 3550 1403 4848 4440 828 1522 688 4543 1761 721 4077 2037 3770 669 297 4221 1162 809 4277 1195 474 3523 3363 2027 1523 4628 3342 4496 3317 4069 1341 1269 4006 1023 4115 598 1255 2596 4708 332 1798 4830 2705 1928 4181 3828 3490 2992 4009 3746 796 4476 3029 1377 3112
3874 3035 498 4951 3009 2313 888 2957 4623 4935 2628 2793 124 686 3829 4605 4069 1669 2889 2161 70 1906 4338 2622 4823 2985 1686 3513 2131 3986 3129 4842 4202 2060 279 4671 890 2987 4993 4974 3668 2664 3112 4314 530 2683 2620 510 578 3189 320 2373 3492 648 2322 927 4530 598 2387 226 2386 4376 1956 3323 710 4251 4127 4004 4351 2725 3052 272 4050 572 3299 4865 2341 134 4813 2943 2095 1431 2501 2519 850 4328 1392 2482 1803 837 645 1993 857 3916 1360 3409 4580 1459 606 2063 2088 3416 3337 695 508 4580 2045 1316 3228 2810 1117 4987 1179 1000 2204 1056 3399 4734 1916 2070 3122 3055 776 2189 2277 1636 2173 3425 2747 4765 1601 3064 3634 579 3535 4507 19 219 4967 2723 2686 925 391 4907 451 533 4073 755 1978 4087 4880 4022 2528 2264 712 4868 643 180 3986 4466 377 733 124 2656 2726 4214 2065 4033 540 3847 62 4021 413 1404 3666 4561 92 455 2279 2993
2976 4752 1369 2652 3088 2088 2240 1908 2629 474 3605 4736 160 4339 2152 153 3956 2680 710 3620 3994 3666 570 2020 259 3853 1303 4888 123 3765 3088 431 1224 279 4816 2882 1656 4723 4458 986 3425 4763 3915 1416 1265 2967 4461 4362 1747 4941 1726 2164 1257 3044 1512 4361 365 665 1255 1546 22 3458 2526 3356 3427 2327 4481 4130 4557 777 1102 2956 2847 3221 1766 984 4505 257 3238 2130 3140 1012 1564 4511 770 3263 681 4665 1665 233 4487 964 2682 4927 3038 1045 473 1048 2765 97 1523 2544 4014 1827 2926 4581 3938 2464 3767 2062 4685 1777 3869 2808 224 3839 2143 4285 1564 2317 2063 4459 1055 1937 1476 2021 4957 1326 2308 554 2890 751 3521 3112 4686 1515 3135 1478 2041 655 995 1478 1460 2078 1084 1147 2765 3172 2374 2659 3927 2252 2639 4083 1304 3298 2724 3510 2205 1338 1875 2190 1549 706 3757 2254 2629 2087 1160 3012 861 359 1423 3327 409 4051 2088 827 701 4511
4101 1461 3165 74 4645 1940 4126 3131 641 1253 4565 1994 2638 2956 4926 2866 410 2009 1857 4384 4966 990 1220 365 2653 2142 4081 3257 1854 2082 4177 3058 4423 4671 2882 1821 879 2802 432 1038 2340 1337 3020 3991 2276 4273 1314 4371 4883 1834 2099 1493 4740 4390 2843 3640 168 1104 3780 1296 3701 1917 3160 4543 1871 4725 4488 555 826 2215 196 4079 2041 3710 1652 2645 2474 1050 2092 1301 897 335 2618 1450 299 2626 3901 1284 1781 518 3656 2010 2345 4041 119 3819 3236 4968 2843 1828 603 3387 4257 3278 4059 4036 1577 3170 1099 3460 2468 3493 2537 3402 4593 3412 124 785 3478 4222 1820 4318 2988 1166 4591 2582 270 3381 4035 2942 769 4435 773 4627 1593 1939 4147 1058 2425 93 4655 979 692 2969 997 582 1865 2963 3211 3283 727 4909 1010 4473 443 94 534 4492 515 717 3364 4036 3172 3975 1004 3459 1882 1135 4338 1796 2341 223 2057 4464 2195 649 3904 3005 2529 4676
4835 4862 1972 4141 3253 1466 1791 3575 2112 2751 3243 3254 820 654 575 4103 2395 1774 984 2266 2586 75 148 4976 2874 4697 1514 1905 685 1608 3238 4646 4562 890 1656 879 3690 1081 238 1843 1910 1034 1968 564 249 4829 1470 4628 3735 4675 2365 2493 4843 4446 1006 2209 4447 1500 3911 2350 2974 687 2909 3933 2548 3466 1288 2277 4463 3472 41 435 1808 1520 3077 4749 328 2146 888 2434 392 2795 1249 2271 1540 829 2212 4127 682 3754 48 3585 1407 627 1506 4580 1253 3528 2344 2604 4786 3078 3499 1925 2579 1565 2307 1421 862 3248 2575 198 1567 1995 2264 467 1224 944 1752 4490 2688 3728 2178 1517 2326 2619 151 1797 3340 1218 4500 4476 4292 2281 1198 2738 3554 665 4811 1816 321 3048 3479 1693 244 2376 357 4635 3067 4684 3878 3089 1088 4889 3041 1399 478 82 2407 935 4815 3974 4743 2289 2646 738 4109 2286 2616 2936 4919 3649 3571 4288 1563 3872 2656 4687 3665 1603
4352 1853 2225 4443 2799 1670 3550 2597 4021 4397 3433 631 4960 2410 1828 1251 1123 906 1524 4791 2000 4786 1797 852 2665 986 4874 337 4608 3623 4089 4069 3264 2987 4723 2802 1081 1064 1525 4911 314 587 941 3115 23 585 2368 3949 3583 1401 130 766 1629 1016 4998 1545 1126 266 555 2339 982 751 1674 1476 426 774 4144 2155 67 2415 2806 423 4713 85 1513 1279 4420 1191 3483 4412 618 3867 381 902 2679 2669 64 433 4829 3479 4795 2109 34 3429 2251 3401 170 1492 211 429 1386 4500 3509 3425 2481 688 3874 394 2582 4228 1720 1031 3631 3132 3893 2350 261 3318 3136 156 2721 3817 3023 3162 3031 3366 2121 4788 3155 4762 423 2436 3167 3046 3923 3159 1020 1433 1012 2494 4389 4787 160 2421 3346 1338 2712 2588 1592 1263 4377 4267 198 1964 1904 2071 3808 2479 451 3039 2642 3143 229 2411 3035 4323 1532 1935 1147 2406 2905 636 4725 2911 3214 3745 4746 2538 718 1019
3138 2875 4954 3411 2112 4604 1403 4157 2012 194 4669 3427 3452 3290 4303 4412 4450 1125 4144 3760 2157 2249 1641 1014 405 2647 4710 506 4192 4530 724 1426 1401 4993 4458 432 238 1525 812 994 2505 4721 3756 4782 747 83 1960 4617 1355 392 2619 4387 1274 3848 570 1698 842 4401 4514 4001 1941 1525 932 4427 4882 2229 3820 4686 3353 1382 1866 3197 720 3120 2304 3922 4363 2360 3216 4447 639 3707 3224 3730 3353 4616 683 3815 1204 3164 818 4703 518 811 1493 2860 3182 4851 4921 1981 4535 2268 2280 3084 2663 241 1956 2497 1477 350 3312 4826 4993 3482 4834 2097 3521 3575 2895 2997 305 1207 4998 1967 1670 3716 3930 1076 693 1818 2559 3209 4868 4122 2049 3094 1616 4690 3573 4711 2168 2634 4892 599 4275 4502 2818 2722 3329 4722 3552 468 4546 3252 861 4138 3869 1736 2293 1518 4161 998 1955 1743 4089 4636 4783 2686 3729 3937 4600 4751 3734 3625 1017 3937 3894 645 338 3817
1744 1755 2738 1013 3783 3827 2007 4543 1237 26 2795 1961 4949 3027 1754 4419 3319 1471 2246 1490 376 1061 340 2864 4057 4103 3491 482 122 2002 3232 1290 3362 4974 986 1038 1843 4911 994 1258 1527 1800 1753 3411 4626 2653 3039 2291 1795 4566 53 1996 2274 1174 421 1089 3180 1745 4366 3429 3791 93 1516 1427 4409 1875 2223 3776 1853 3865 2315 2524 3386 1553 2423 1744 3891 2793 2455 3436 3597 3917 4910 3730 4001 1080 2085 1641 2324 632 218 3060 3141 1077 1049 2381 3398 2019 783 4083 4869 1923 2691 4390 226 2224 968 3289 853 1663 4013 4453 4587 4721 3744 3446 1384 4556 1017 3199 1297 2043 3434 4453 3182 1666 2691 1304 2659 615 1441 2421 677 727 478 4701 220 385 1174 4520 1296 748 1911 853 2468 2176 3186 394 1530 4817 1992 1533 971 2699 4771 4557 2309 1645 2862 3319 3422 1383 2551 1542 1269 536 1064 4492 2654 2211 885 2090 4868 2066 2694 2968 1439 243 123 3541
1793 1724 1814 4068 2880 3709 4313 4221 2376 3295 4263 751 1088 4886 1655 3616 2485 839 3392 1831 3719 4637 4725 1755 1049 386 4438 718 2932 4687 1183 1247 515 3668 3425 2340 1910 314 2505 1527 4505 2565 1568 4325 4549 1050 3686 4569 737 4767 88 3084 2868 1041 3384 2009 4144 110 1779 3702 4398 2224 4085 4537 1065 2664 4702 3202 2639 88 3546 107 3948 1849 4119 705 4609 1899 3261 1745 224 1928 4568 2367 4904 2455 992 4130 3348 3575 2710 1444 2850 3431 1497 2049 1433 4554 3304 4979 2857 3670 4798 2391 4275 4108 4054 4674 769 555 519 1680 1200 2605 4055 2133 4276 1692 2770 2919 1048 390 413 3420 4954 398 625 3670 303 4343 1763 3126 1839 1014 3744 419 4629 727 522 2603 828 3434 4534 4663 955 1945 576 2829 3720 1457 3630 49 782 4586 3543 2556 2021 2738 4714 1388 2804 741 2578 1867 4912 4685 229 4101 240 437 4823 1602 2893 3584 2533 2076 384 4563 4001 2914
4727 671 1603 2420 2862 257 1961 4598 4531 1449 4527 2219 2375 365 2961 4527 3369 636 53 2126 4127 4650 254 2488 326 2942 3941 3710 3124 1691 853 2806 2597 2664 4763 1337 1034 587 4721 1800 2565 1125 796 694 210 1207 1890 4577 1197 51 2705 3250 1345 1928 2752 3215 3757 18 3024 1995 1424 3855 2784 3006 4627 3981 1747 3929 3959 3020 1705 17 4551 1406 519 2321 4543 1780 4391 2400 688 3329 2237 217 1969 3478 4367 3991 1184 3425 152 2421 3001 4999 4662 154 2853 1637 2385 1481 3740 2700 3984 4664 2834 4836 615 2304 742 2383 4939 880 1562 1724 665 2869 1764 1784 3967 4214 4852 1668 3951 2772 4964 2988 2023 2276 2226 2069 1023 2253 1474 862 150 214 3199 4562 4768 636 3786 3968 4797 1926 4536 455 1779 675 973 1071 240 3843 903 3598 523 218 402 4513 2987 2851 2795 3278 728 4572 2292 331 4282 3273 1990 900 1856 3018 3235 2909 277 3235 3332 3063 3129 4524
1694 1589 2365 1605 1081 4006 4273 90 303 697 1891 353 2366 1924 4955 25 4969 339 1249 3079 811 4159 1444 658 2282 922 1599 700 114 3378 2374 590 2067 3112 3915 3020 1968 941 3756 1753 1568 796 3342 393 626 2846 4977 3652 2565 2512 1245 1094 4832 1079 2066 2470 4897 557 4307 2985 2631 3103 1805 3306 2643 1771 2374 616 1509 271 373 2945 3411 4068 4309 1534 2615 1487 483 2545 1489 3272 3326 3636 4943 4347 1158 3186 1417 3027 1061 3599 118 3027 3306 4331 3943 4606 4222 2398 3841 3570 153 820 4530 990 2234 3230 3994 1005 69 2998 4974 1389 397 4897 3621 4564 648 3371 1908 4187 3739 3510 1196 3293 647 3251 2486 4254 3255 3298 3922 541 1308 367 2840 1324 3686 3310 2231 3144 2826 4978 3708 590 1417 4170 370 3522 3208 2173 4841 2561 3651 19 595 3136 3621 4834 1193 2323 387 3808 3508 2302 2735 4224 4589 30 3268 1886 3791 2280 3964 3088 2525 3186 2170 2432
662 1017 3989 474 628 1430 3337 4299 1875 1622 2085 1213 249 2224 3730 2250 1779 4204 1394 4037 4787 174 2835 818 3181 176 2947 2137 4104 783 3890 256 3422 4314 1416 3991 564 3115 4782 3411 4325 694 393 4258 4178 4200 730 110 2244 3121 606 4114 3103 3009 2204 1554 3716 4281 4233 4934 4166 1615 980 589 1418 1764 4663 808 255 3588 4953 3872 2657 16 2040 4072 1050 416 964 4276 4262 1198 4075 1170 3125 4597 2364 481 270 714 2837 4550 2279 4135 2462 4867 2690 2768 3666 1480 4087 3222 774 430 4575 1364 510 2722 3801 2518 3648 3437 3419 2194 2636 1551 778 908 3208 1407 541 4290 262 4160 3452 4298 3657 720 4757 2461 4873 2715 854 799 1091 3899 700 3648 139 1399 4608 1931 4659 4259 115 473 1662 3279 591 2628 1260 2580 4176 2093 3271 2358 3108 4399 4381 4382 1974 2752 352 3512 618 4993 4313 779 4075 1030 4265 4616 560 2738 2065 2374 4063 161 134 1559
3374 2628 2386 2340 3094 3387 4273 745 2032 1705 3342 742 397 2264 711 2261 3243 1559 1487 4840 2256 2150 3544 875 3857 4642 2855 4705 878 1495 4253 2968 4101 530 1265 2276 249 23 747 4626 4549 210 626 4178 991 2247 973 1449 4701 1210 1591 3967 3109 3425 917 2196 4513 4102 3058 1229 3973 2757 4984 4518 4886 1399 2960 2066 337 2404 1246 681 4344 4125 3439 4960 531 2902 183 1630 3848 2235 1775 3485 1508 4156 827 1060 2932 1835 201 1134 2479 4561 3845 4687 3958 790 3998 2442 3965 1583 269 315 3624 540 2280 4456 4517 1779 3297 2890 2566 1572 4732 551 4869 2596 2103 61 2781 2613 4183 2930 1146 1244 4468 1519 2840 2429 3038 1912 2476 1773 4264 3890 2205 2806 3752 3876 1221 743 4007 1917 2544 2550 1079 3115 4642 4121 3732 1916 2468 1663 1742 2212 1741 1286 4195 387 218 3893 3468 727 4047 4670 362 535 2665 912 56 1970 4841 1508 577 3756 1584 4658 4954 2816
