N: 180
M: 36
Symmetric: true
Triangle: false
4 71 52 68 40
5 4 177 170 153 104
3 101 138 168
3 18 117 81
6 2 161 67 11 73 23
2 122 148
6 139 79 21 102 178 133
3 171 131 35
3 20 121 49
4 96 100 37 38
11 89 156 164 26 1 146 152 130 128 91 54
5 175 103 124 45 58
6 173 47 57 160 42 61
5 115 70 132 39 33
4 78 98 10 95
5 60 92 106 84 167
4 127 116 90 162
5 74 165 28 179 149
4 75 32 155 154
2 12 80
3 53 141 56
3 51 13 31
5 108 44 27 82 86
3 143 94 43
6 142 22 19 159 46 41
4 123 9 109 17
5 25 66 176 69 144
7 29 65 59 157 83 48 126
4 36 145 166 97
6 147 30 85 15 16 50
10 93 163 111 113 158 99 24 110 8 112
10 140 107 6 76 151 34 169 119 3 137
6 118 63 77 134 172 88
7 7 62 105 125 135 150 55
2 114 72
9 5 14 120 64 136 129 174 87 180
4561 3232 3840 1102 3687 3830 4880 4706 177 3988 4065 3150 3208 3972 1762 1261 2210 854 4606 2517 2858 4225 3900 3208 3609 2490 2063 2530 4254 3376 3727 792 4113 223 3632 1109 2677 425 1095 2817 4630 1889 860 940 2325 1227 3863 4224 3269 1705 800 4567 534 3753 693 3900 1899 3723 1324 2258 177 3991 3831 4471 3658 1984 1611 3839 1818 2139 4026 4405 3257 2088 3825 2418 1768 2784 64 2841 3743 901 4039 3211 3742 1385 4089 3132 3986 2933 3012 3180 4601 1790 3113 4066 4558 123 949 4567 4737 2338 4905 3529 253 3704 2195 1981 839 4350 2391 4676 4645 1458 3953 4541 4651 4370 3787 1036 2098 1238 786 630 3629 4841 4857 3972 4985 3157 1981 4965 3114 1731 683 45 3819 1030 1215 3281 2189 929 1279 1643 267 3306 1914 223 1838 1815 3116 1859 2511 2651 936 1037 4466 2560 747 3479 4500 2335 898 2475 135 4177 3326 1909 3204 3172 4084 3129 2227 985 2515 905 4467 4581 161 1838
3232 1298 4408 3588 2619 4766 2556 4243 823 2451 4707 1001 117 718 4666 734 1705 2352 2741 4397 3398 436 4835 2434 1028 2600 3716 3302 1665 2736 1422 3376 2198 4115 2587 1451 3277 3272 2069 3983 459 2771 303 4717 2540 1525 2123 1310 4433 4507 3921 3996 4572 437 2422 2101 3210 4473 3016 527 1411 4012 2525 858 2413 3042 2780 47 3493 3300 1584 4507 1742 4341 1997 3206 1214 3453 2416 3794 735 2119 550 1012 2752 4089 478 4249 972 4485 3598 4358 1482 2296 4047 3714 4084 849 1123 1410 3862 4110 4654 737 3455 3434 4179 1546 759 805 211 2386 1593 4240 2698 4440 4517 1533 743 2243 2610 191 331 3331 2945 3514 2904 4516 3166 4838 3900 2419 4684 1726 3600 3304 3186 1784 3144 3533 2466 4374 4162 1702 3051 1370 338 3392 1789 1062 3202 4683 1783 3195 3512 306 195 332 2179 1416 1901 4967 1282 2209 3028 2047 2632 3724 2664 4815 4428 433 1895 3758 2944 1925 274 2844 4226 624
3840 4408 2779 4298 248 858 225 3762 1434 4616 122 2298 253 1514 1055 3215 1559 358 1823 2821 382 4540 798 1747 1519 2497 1319 1787 3481 3557 2375 4833 618 1693 3224 1432 1917 2564 2985 2106 878 3210 2432 3599 1942 4856 2895 944 940 3874 3335 4558 3362 3686 1402 548 2579 1484 3252 2799 4590 4027 944 2625 4298 3355 3872 4727 1415 4505 4591 4938 4365 2962 1582 4917 3534 4787 4935 1053 158 1883 4073 2658 3562 4435 3788 220 3184 4016 2028 3063 4798 216 2615 4487 1337 753 335 3902 1465 1454 1278 2783 898 4745 548 1147 793 1223 1751 192 4510 3477 2655 3848 4535 363 3180 4126 4847 2342 4174 65 4966 4264 4800 3152 3285 3793 2487 1717 2893 2567 2732 2123 4781 4510 3811 1316 3101 3823 1190 106 4286 4333 3856 374 3431 2192 2484 4377 4105 1533 1041 3624 4224 4490 4382 3509 1231 13 1813 4689 924 4477 3529 951 3080 4562 1314 3300 1724 3240 1242 523 4010 4199 3824 4505
1102 3588 4298 1656 883 2791 4598 4448 2917 4927 1449 4557 3680 3567 3835 473 814 2355 881 1199 4766 3976 2938 3894 4927 951 4010 1370 3058 1234 3941 675 2846 1460 3876 3187 868 729 1842 430 1338 4480 3420 3480 1699 4601 1592 3803 4448 2458 4145 4615 1451 4731 1882 2702 2221 4098 1298 472 221 1299 1885 4984 352 1719 2720 4483 2210 4502 4310 1295 1463 1818 514 3191 3783 2816 1776 2128 1364 4554 1777 833 2735 1329 56 2427 1027 4041 961 1733 1364 3092 2754 1673 2181 4871 3126 2483 3927 4524 2659 2474 1126 1718 4962 4523 842 4132 3056 1988 2248 1802 3178 3274 1988 4648 926 3203 3728 4890 2467 2050 276 4828 4851 4806 1184 3894 476 3559 4538 1904 126 1270 3807 4235 2202 2741 1826 4869 4437 3418 73 4743 2625 1952 297 2551 3668 382 1196 512 1710 3405 4423 4136 3994 1678 3168 3308 4261 597 171 1637 3796 565 4152 2302 3172 96 4733 2725 4142 4484 4419 1721 1474 2933
3687 2619 248 883 2627 2278 4300 4083 3408 250 3660 4061 4221 1713 4462 4172 1648 1527 4050 2471 3056 1509 4917 3240 4382 2389 247 2511 1808 2129 1282 2765 1897 3607 3837 4811 3809 3944 435 3875 1861 2276 1808 1950 3305 3632 2758 2204 1935 1253 381 3852 1507 3486 1082 132 1469 4122 438 4954 2827 519 4285 4443 1447 766 4379 4569 2838 445 1580 428 1391 3190 3012 320 4700 4830 2898 4136 3019 1946 1088 898 1767 3544 4491 3564 4512 4882 1581 1939 3090 1281 4147 39 2638 2959 667 1279 572 3533 2935 4581 939 1046 1950 3420 411 1851 4007 4469 4247 4989 274 3758 2132 1877 2725 1614 102 4832 431 469 2466 2631 3351 4418 4889 950 1971 2668 620 3657 2450 3697 3161 4820 4313 3545 3542 3646 4258 2745 1007 3472 2484 904 4667 2156 1525 1459 743 1670 3866 518 262 2902 2829 1576 1986 702 676 268 4057 2013 3804 1499 652 1858 482 3448 1944 3441 3073 4111 1371 4788 1446 865
3830 4766 858 2791 2278 841 3266 4142 2703 3863 3837 4052 1629 1561 62 1377 1786 4294 4168 3389 1811 1332 4636 737 4345 3029 2018 2960 3206 2522 2970 4567 4399 3720 4604 865 686 379 1350 4510 2629 657 1908 3105 1680 3371 1838 4297 284 2633 400 256 3012 876 1580 1885 2105 4240 2614 1770 1211 893 290 160 4599 4583 4871 1177 3592 2363 1715 3726 2248 3902 696 4703 4592 12 903 2387 4940 73 978 1192 4083 956 180 4327 3969 2492 1790 2986 3380 1511 1003 4680 2028 144 4809 4722 4577 3523 2473 3191 661 938 1942 997 4364 855 1351 4701 4994 2310 3918 1707 1153 4039 4639 1018 1777 3550 2084 2019 3918 4913 912 1213 261 4002 3646 1207 4687 222 4802 1367 2049 3281 4836 1042 863 3801 2853 85 3528 3843 3579 1574 3717 2199 3548 1777 4272 3005 1356 1668 4982 1111 4842 1298 3375 2301 871 1048 3927 3290 1296 664 2516 4702 3553 2366 4375 3352 2193 3804 3130 1301 3907 219
4880 2556 225 4598 4300 3266 4342 3042 2825 818 2914 3557 3495 1079 4809 1750 618 4494 1668 317 4807 1390 4742 3446 349 3697 1208 2674 1440 2218 4794 3264 2800 2429 3266 3015 173 3326 4506 3615 4551 2451 3553 1985 4445 1184 1218 508 1461 3898 2820 856 2047 3588 3211 2521 3556 1766 3518 1536 2545 4769 3198 3277 4315 4081 2353 2520 4674 1134 3824 2081 1093 3409 2308 751 2600 2740 4575 2637 1987 4543 2199 1027 3538 3964 4127 2451 3381 2877 1582 2600 4309 1118 1058 4906 3022 2575 3493 2433 241 2407 2059 3413 1546 3930 4116 4071 491 3875 421 1785 4294 3622 1284 3325 1474 4478 1153 2285 3043 2747 2786 1893 2192 4947 3061 4490 405 4429 2247 2762 3124 4351 3735 3792 1867 3865 3536 442 1918 1845 1675 1014 2750 942 4468 3118 805 365 4920 1532 680 2048 4012 834 3437 1739 2913 1019 3723 2048 1634 1869 2679 4630 1126 3375 4822 3269 1604 3923 2065 221 2124 1151 4007 3862 4439 4284
4706 4243 3762 4448 4083 4142 3042 3568 2427 1470 136 1981 3157 3737 1191 1106 169 2870 3565 4369 1283 1434 1111 3699 2625 4256 3552 2302 3520 4858 2790 3404 2381 4576 4845 3791 3962 2056 3160 1769 4954 4910 3307 3068 3690 2973 4732 4647 864 2874 306 18 2442 2763 3982 3119 1586 1511 4661 2079 2708 24 4188 4327 2792 4664 736 3201 2167 4864 1522 1790 3860 4632 4628 2178 4254 497 3366 2713 912 4598 4426 2534 872 596 2992 4135 1593 2227 727 1920 1506 2349 420 3717 3156 4347 3874 1744 3468 1745 110 2278 2783 3192 3281 456 1211 1308 1823 1690 3237 2301 2931 3285 3904 4549 3397 1293 4319 1216 414 4776 2837 4217 4701 3667 4511 2389 2855 3236 393 1617 3901 1618 2763 39 2687 339 4773 73 2849 1195 293 894 2347 1310 4192 2406 2067 4806 2645 792 2601 504 4611 3272 3357 1581 3603 340 1762 1229 244 3976 3710 2885 3442 1492 2441 2917 3842 2221 1930 4358 82 791 3930 2627
177 823 1434 2917 3408 2703 2825 2427 4679 4058 1890 1132 3853 21 3701 3858 1194 4588 2588 4894 1522 3397 2625 3092 3432 2406 1451 1591 2157 3243 3349 3861 1919 3077 1449 1988 1009 28 2927 331 4049 4167 2952 3212 681 989 1889 2868 4882 1045 4080 4615 946 3832 3721 4094 3324 1350 3822 1868 1623 408 910 33 3996 721 2825 2593 431 442 1304 1710 813 3978 368 84 3104 2346 3746 2584 363 2594 1792 2075 3505 684 547 264 3752 3635 3556 688 502 2344 1022 2296 2816 143 915 3538 3903 529 1874 4176 3636 2321 565 384 2650 2747 1381 1468 4790 4728 1834 2871 2535 251 2294 3133 1738 577 3555 2570 552 1751 986 3642 1541 3600 1455 1390 3203 4533 359 2874 2328 2323 2941 235 4631 337 2303 89 548 4323 2414 3306 88 2821 4632 2539 2895 531 4529 2004 1154 4205 2821 1953 3828 4333 3434 1826 3665 2149 2356 4382 1355 2223 4167 4710 2166 4726 1575 2000 2200 2987 1477 3861
3988 2451 4616 4927 250 3863 818 1470 4058 3214 2129 1095 1853 3562 1580 3449 3781 3686 4288 4776 4935 1594 1793 1173 2491 3307 2251 2678 2293 2850 4629 3441 1798 2302 2995 2232 3114 2573 2831 4877 2003 3180 3162 4759 642 4360 4064 996 1845 2153 1078 705 1935 835 1305 1285 3763 98 4810 1738 178 3699 23 190 241 266 1485 1700 190 973 614 463 4999 4517 4088 3493 4076 1103 2218 4155 1902 4756 4357 2053 3342 3207 4616 4148 844 4058 4651 2927 2360 153 3748 3190 92 4239 98 4612 1115 4185 43 1203 1651 4199 4557 4050 1097 1540 3051 4681 1939 1542 620 3660 2266 1059 3320 2508 4172 3059 3457 2707 4010 1330 124 89 697 3600 504 3348 3017 1626 1908 4589 143 3204 77 11 1524 4690 1129 3614 3271 1452 4795 2319 657 4531 3190 2741 4753 135 4488 396 2293 3799 1446 548 1549 1032 1300 4156 4245 3755 4304 4318 3669 23 3866 4823 4245 4237 415 3492 2326 4543 782 1945
4065 4707 122 1449 3660 3837 2914 136 1890 2129 2891 3347 3079 981 2863 2366 3549 4977 987 1407 4405 1240 3211 1618 2502 1083 4790 3066 4638 1229 467 4590 3475 3564 1847 2220 4058 2462 3158 560 2838 724 2639 1006 3996 1350 4476 2517 4928 1980 1301 620 4769 3390 1235 3257 17 4768 3555 4980 2689 2217 504 1768 1161 4524 1379 4875 474 435 4367 387 4496 4388 4486 3289 4153 2436 3391 2371 4283 261 1264 4362 4749 2650 3958 3152 95 4893 3736 1224 4683 3068 2695 1894 4491 2636 2379 3051 2726 4694 1633 4847 3577 2805 2388 1707 3681 3936 839 1049 201 779 2857 1958 4058 1837 3397 382 3596 2683 1780 3113 2050 2072 2895 1268 4068 2569 4382 3656 895 780 127 3070 1510 2610 3350 2509 2971 2863 240 753 3984 4251 4614 4096 4051 189 1563 384 4148 3486 4578 869 4154 4033 4146 4503 898 2950 443 4561 586 3202 3665 4483 662 2140 271 65 3026 3921 697 1937 3975 528 4828 4369
3150 1001 2298 4557 4061 4052 3557 1981 1132 1095 3347 4052 3575 3411 2404 4717 4690 4407 3659 1171 2005 355 1687 4577 4949 470 1737 3800 3309 4597 4938 4979 791 1140 1347 3263 4496 4420 1088 3281 4950 756 1532 2783 3682 2590 1865 2876 4254 546 327 727 3271 2242 4789 1591 1919 3898 2735 3362 2002 1781 4158 846 1743 1640 1016 2704 1670 2715 1322 4652 1497 2487 3457 3989 4093 2433 3946 1924 1618 112 477 1566 3052 2773 1269 1769 485 807 2424 4973 2491 2410 1355 2791 1986 1943 816 3086 2923 1806 616 4126 604 2850 2094 1355 3820 4392 3983 4518 3193 473 1081 4735 3879 107 629 3980 4843 905 268 2843 2237 2888 3312 967 2799 3537 3930 3372 2118 4691 2626 685 4048 2114 1943 1248 3061 4694 4170 4824 4268 1867 2191 2829 3717 3840 1884 1170 4470 1843 404 702 120 3380 209 708 3800 4184 2509 768 3493 1623 2082 2099 4792 2291 3758 960 450 1251 3600 953 2966 4204 4673 1681
3208 117 253 3680 4221 1629 3495 3157 3853 1853 3079 3575 4916 4465 319 3717 2465 2215 2518 3185 42 2388 1283 3567 850 1053 4960 3400 2608 1187 4042 2263 3076 1409 2830 3733 837 2285 513 2397 3322 4194 3726 4571 1469 1346 3673 3180 3967 3650 2094 3281 4190 2515 2450 547 4831 472 2028 4551 4248 1792 1700 551 3813 3126 3233 917 614 688 1454 1261 1956 4931 4963 590 788 4455 2112 2574 2646 3187 2426 266 4331 4603 781 2341 1605 4415 1414 779 2831 3643 325 613 2013 2298 4211 4304 4085 4284 430 967 1886 4411 3236 739 370 661 301 1658 4641 2519 183 3217 3797 1078 809 450 760 751 1300 2947 2004 4764 3222 3676 1464 2508 3568 4958 141 4887 1480 4768 4686 2465 289 999 739 4592 816 3747 3881 3582 4299 1388 2340 3813 763 4124 2810 971 3807 1756 3719 533 2690 1800 2630 1448 606 1733 2270 2641 2514 2345 2269 795 2583 1494 1673 3068 954 1523 1552 3126 2406 1738
3972 718 1514 3567 1713 1561 1079 3737 21 3562 981 3411 4465 2261 658 821 3035 3689 46 4861 3206 3820 1507 2276 1708 3568 3948 1764 680 2747 2878 24 3630 2394 843 2931 689 4893 4463 356 2495 3192 1288 2318 3476 3034 2658 1185 674 3468 1976 1466 1690 129 2887 533 44 4474 3273 2345 1312 3717 4294 1056 1582 4896 3500 3942 4657 2556 4816 2754 392 3087 3710 76 2065 3935 3154 4941 2068 2524 715 3528 806 2008 3227 1319 3469 4790 368 1769 3095 2797 2412 2628 957 1607 2436 513 3721 4852 3196 4862 2356 2983 4166 2701 1863 3280 3661 1121 2564 2816 1039 2412 1881 3943 4729 1342 1359 425 1962 4870 2037 3419 4856 708 631 2746 488 4584 4261 1978 844 3660 1250 3257 3771 122 3982 4373 4333 252 1542 4596 4682 1011 710 4383 2422 458 496 3990 545 601 1719 59 1172 4369 207 1683 2124 2359 474 1646 1860 4951 2242 4447 1846 726 1337 4159 1824 3911 4613 3284 3389 897
1762 4666 1055 3835 4462 62 4809 1191 3701 1580 2863 2404 319 658 3628 3349 199 4789 1139 2984 1375 448 2676 1826 1694 343 1687 1654 3612 2985 4926 848 3395 2971 3215 4320 4828 4703 4702 3254 1405 2796 1713 3689 3371 3192 3542 4212 761 3866 4663 2095 360 3321 650 2749 2314 4560 2927 2062 2458 3249 3406 3623 530 3251 788 1759 4219 43 192 4459 2840 458 2406 1995 4509 2666 4971 895 2843 2392 2478 2548 4670 4696 531 2612 2903 428 652 1904 1487 3744 80 2676 381 2095 4793 2440 3609 4775 3597 1333 1250 4297 4472 3217 1296 2108 1967 1682 667 191 1731 4948 2969 2727 1854 1419 2532 1964 3965 2479 4330 3901 2485 4710 2996 262 2037 1608 2039 2052 4808 3024 2282 2600 3242 4332 788 407 303 2972 3539 3394 647 4357 1870 3933 1675 1723 908 4660 140 4595 4943 971 2966 2568 2648 1171 3984 2823 2704 4952 1822 4329 103 1121 3241 1131 3550 59 2203 1705 96 2803 3859 4071
1261 734 3215 473 4172 1377 1750 1106 3858 3449 2366 4717 3717 821 3349 921 3779 2484 617 1641 1289 110 4131 4774 4414 4174 901 3153 3231 164 3395 4742 4445 120 3705 4812 138 778 2099 4003 578 209 769 4234 445 4392 2408 347 4154 4150 1754 4093 1172 1716 625 3357 884 2533 1698 98 1467 3183 3656 1274 2706 2375 360 3454 1634 3810 3451 856 1013 4643 3446 217 2707 3274 1757 2390 2919 847 2862 2512 3831 3695 2314 4624 1197 840 1665 3993 3457 4977 890 450 4837 3079 2670 1819 58 2717 2078 2706 1929 4801 2230 2849 4248 3854 699 314 2834 3044 3628 1730 1146 1704 4697 4808 3651 4357 3890 1552 832 4089 3277 1644 433 3054 2450 3726 25 2080 199 4621 27 3799 4088 1893 248 4099 4637 621 1695 3969 4313 3009 1752 1768 1528 3922 3180 338 3837 2451 3110 4812 1818 2765 3149 2965 2785 2398 3793 1086 809 2229 213 4847 4234 4238 797 4519 3202 4586 1529 4450 2173 54
2210 1705 1559 814 1648 1786 618 169 1194 3781 3549 4690 2465 3035 199 3779 2724 2614 3274 2559 2035 2075 3147 4989 923 4179 2588 4402 832 1843 3431 76 2675 787 2803 4431 899 4394 3538 222 443 2776 1596 1166 3928 1078 4001 4004 1026 3527 3312 234 602 3739 1351 4112 44 2209 2000 1405 68 546 4665 4930 3962 812 2143 2327 2009 3946 567 2958 3158 3852 2922 674 4914 2185 2394 4881 3163 4369 1934 3595 144 2404 4595 3777 960 2332 260 3857 3842 4861 3582 1302 2144 562 4820 1268 1052 3037 584 2827 3112 2521 2110 3168 3898 4065 3639 311 2888 1943 690 4833 3642 1336 396 2340 2017 4139 1741 3100 956 2701 2374 4835 3745 3740 4200 2246 2144 2348 3321 1906 932 3741 4267 413 649 4899 346 1241 4090 52 4392 4946 4598 2186 3326 2524 3178 4720 4490 3007 3792 1920 4285 611 3849 2641 3914 1949 2132 3682 356 2774 4500 3197 1481 3321 3073 89 4748 4792 3116 4687 2537 4457
854 2352 358 2355 1527 4294 4494 2870 4588 3686 4977 4407 2215 3689 4789 2484 2614 83 696 4822 2578 161 4256 2901 569 2865 2104 3601 3951 4281 793 3979 3894 1244 4763 2895 3589 4622 4823 3124 1485 3258 1375 2518 536 678 1382 1099 3793 924 397 897 3136 703 186 4828 3531 2871 1077 2644 1466 1238 974 1540 4272 3890 3427 3143 2368 4573 278 2076 4110 4003 3665 3862 3093 3249 2095 4624 4174 2444 4108 816 4047 3658 1639 2035 2701 3407 2084 3672 2356 482 1384 3940 3702 3518 3447 4766 1979 3647 2624 1058 3137 4016 4282 288 1375 3942 2969 364 941 2204 2285 3338 576 1533 1437 3126 2299 4496 4191 1257 244 4991 34 3020 754 1367 2397 3520 1801 2461 2940 2991 338 1333 3485 3668 2206 1005 616 417 2850 4285 1577 2984 3865 4050 4332 2020 2582 3507 1825 1439 3749 207 3076 110 2135 2660 2460 46 1260 4996 3906 3783 887 363 3590 313 2735 1956 1955 4085 2907 397 4389 1962
4606 2741 1823 881 4050 4168 1668 3565 2588 4288 987 3659 2518 46 1139 617 3274 696 4332 4950 1508 3655 433 2518 3832 1735 1823 657 4979 2449 4677 1829 1105 1727 307 2162 1120 4001 4201 2231 1674 1279 1174 3135 4409 2616 635 3017 2936 3533 1424 1960 4436 382 1038 2318 4321 1849 34 1336 1101 3287 782 4209 637 602 3873 4594 271 2101 2393 2324 3758 4481 2885 4029 3841 4521 454 3014 836 1939 580 4628 3370 4684 1583 2851 1078 317 1103 3297 1088 3392 574 985 2284 1343 777 2639 3143 2860 2430 3177 2111 451 604 936 3061 4416 3811 3384 2176 577 4284 2033 3638 2585 4779 3934 176 1074 1161 1263 3303 3841 335 488 836 1220 2094 517 3079 4470 455 2346 4867 3416 2897 1184 4619 4434 4614 1469 2741 1846 2768 4823 3417 1211 3096 464 1732 3156 2552 2424 3011 191 4702 1735 1746 2370 248 4237 249 1722 3910 2485 4958 1910 162 355 4233 3042 1902 2058 1410 3558 4632 2705
2517 4397 2821 1199 2471 3389 317 4369 4894 4776 1407 1171 3185 4861 2984 1641 2559 4822 4950 1202 2931 4755 4107 1500 1008 2806 4615 4949 3083 2370 4168 1965 2893 3705 4754 3547 1574 4275 509 1028 2000 2806 2419 2077 2622 3148 3021 614 4454 4647 4461 1240 4224 3051 464 1206 3745 3618 3043 724 3538 406 4099 4548 3685 1597 196 560 4864 3753 1464 4066 3643 2637 3686 4841 1433 1230 2652 1552 2990 2318 4512 1574 312 1710 4838 3077 406 715 2413 860 4159 2414 3735 248 508 808 83 4214 4681 1977 3937 1892 4741 4476 3758 1123 494 2244 4377 2855 370 2865 3482 3932 4926 2822 564 1336 3843 3514 2913 68 4723 4214 2546 720 4722 3484 2538 1649 1347 4533 617 3807 4451 2020 535 3484 4042 1865 4494 4235 4120 3214 4611 3739 2975 3247 3864 3833 4045 1760 3268 394 1601 4846 681 3540 4440 2523 1866 3954 1628 2567 3161 4431 2034 1380 3573 1517 1406 1245 3738 475 3615 1690 3507 827
2858 3398 382 4766 3056 1811 4807 1283 1522 4935 4405 2005 42 3206 1375 1289 2035 2578 1508 2931 3733 778 4985 3656 2404 937 3052 3492 2923 4679 3460 4240 3245 3074 2508 12 3008 3326 444 3143 4746 4378 4462 14 3254 2039 517 3273 4437 3019 4521 2294 4216 4722 1894 2707 3503 1104 1117 1213 4604 2034 1523 1374 401 791 4515 669 2295 3265 1012 1571 2919 2400 113 2234 126 2724 1922 2177 2015 4044 822 4566 2606 3556 4000 4378 3180 2960 4249 33 849 4069 4962 4522 2142 4934 3724 1611 1889 3692 1026 4211 2201 4562 3419 4601 186 4480 4785 4807 3815 1637 1404 934 1938 4504 1475 1520 3473 4532 3342 3023 2161 1382 470 2090 4979 4777 605 3289 2204 3150 1870 2238 4650 4910 2002 1271 4462 3549 2722 3833 4775 2707 3747 3238 3651 2556 1466 4900 3905 2781 4485 384 1977 2486 1159 4719 2578 1011 504 1114 2045 2808 2340 1513 3513 3961 109 514 4983 3715 1218 1904 4237 3369 3755 3689
4225 436 4540 3976 1509 1332 1390 1434 3397 1594 1240 355 2388 3820 448 110 2075 161 3655 4755 778 256 1123 4679 474 827 3611 2065 3564 1400 4709 4387 2213 2285 3728 3141 2146 3323 1746 1362 2013 4313 1905 263 4920 2731 3969 3000 2397 4042 3309 1548 3911 1105 1825 818 816 922 1252 4629 2019 4530 4559 1787 1292 2263 4715 3642 479 2305 3988 731 4714 4168 2522 1551 4979 2007 2730 2723 1282 1618 99 2037 4812 3575 3625 1643 76 1795 821 3220 2893 1299 1734 2802 3933 2193 2179 4717 4318 1209 436 366 3536 2594 430 668 1492 3581 1691 1774 4784 4907 4818 1469 1926 4034 2073 3107 4428 4756 3211 4340 1749 1662 2305 4167 298 2341 4811 3004 3291 2194 3893 4962 4653 1310 1845 1450 4811 2244 827 2667 3158 2946 1895 621 3180 2824 860 3469 1533 1382 4826 4952 4380 3154 3169 577 677 4186 4084 3598 4693 172 613 3226 3151 3241 2511 2960 3600 2505 1533 4502 3310 2219 4957 1876
3900 4835 798 2938 4917 4636 4742 1111 2625 1793 3211 1687 1283 1507 2676 4131 3147 4256 433 4107 4985 1123 2096 3268 998 4345 3412 2742 110 2673 4138 3691 2125 3864 3300 3434 4038 1984 3610 2246 877 531 4902 4495 1864 2520 2409 3399 4636 1230 3083 1036 2852 4528 1128 2170 4852 3241 3874 2799 2761 4958 2570 3413 704 4332 2066 4800 611 1674 4234 1129 1416 4148 3665 1819 480 1542 4944 4837 1599 2163 516 992 4638 4556 1530 2570 709 3721 562 2636 2332 162 966 526 4651 3807 4118 2808 3816 3941 3479 2131 1868 1377 2472 45 1143 4153 1848 552 4472 1824 2190 2169 1301 2960 3103 3337 2921 4048 523 3739 1144 1090 893 2937 1207 4306 4998 3924 3206 1079 3508 1129 3096 1810 2921 3489 1376 3119 2135 2897 4123 893 4993 308 3157 2800 510 2739 2188 93 2003 4655 772 956 2882 1111 4191 1900 892 1408 47 4252 3408 3902 3375 3295 624 142 3187 3530 414 2529 4351 800 1349 1597
3208 2434 1747 3894 3240 737 3446 3699 3092 1173 1618 4577 3567 2276 1826 4774 4989 2901 2518 1500 3656 4679 3268 2881 439 275 2232 3877 1195 2978 2419 563 2994 3661 1163 4333 550 2687 2848 3085 3270 1173 4079 4797 2994 1079 4033 2388 3893 3514 3116 4297 4607 960 4073 3677 3208 2992 2293 4295 1840 2563 4577 1450 1062 4536 3857 4981 1744 43 3171 2194 249 1577 2083 2719 4397 1837 242 2607 1608 4824 3892 1686 3574 2533 2814 1814 63 34 4741 31 4002 327 4445 3894 3443 1588 1953 3306 3946 389 1996 4662 1804 3766 2669 4188 394 3836 274 600 4285 3290 2647 2490 39 474 3731 1015 3289 661 1875 4358 4583 3170 3620 1402 1797 927 4646 304 855 1412 3797 1806 3138 4749 3517 4814 2019 3722 825 2027 4066 18 1809 1153 1301 354 911 4031 3688 3150 4485 1980 2761 1287 3747 2957 4097 3306 3292 1972 3033 3937 2100 1695 304 2404 4816 2165 4960 3009 406 4624 1499 229 1393 832
3609 1028 1519 4927 4382 4345 349 2625 3432 2491 2502 4949 850 1708 1694 4414 923 569 3832 1008 2404 474 998 439 656 1390 101 4748 1312 2088 2261 2017 121 4070 3858 4383 1059 4720 1168 48 2083 1299 4596 2952 4515 729 3688 28 318 121 630 1114 1403 1421 2326 4414 2281 1895 4621 4975 3835 3566 3057 2901 4759 185 1606 3559 2449 3774 3139 3101 3020 3130 4495 1809 2914 2915 3577 1459 916 4116 1533 4271 120 3655 45 152 2373 3324 2499 1510 3974 94 2042 2163 3166 4680 3241 2179 665 4650 2803 3581 4647 4561 430 3638 3958 2933 2453 2945 424 3938 1023 2938 27 833 1987 627 2296 4112 962 1784 3097 271 4324 3528 4512 330 4878 245 2018 3373 4662 2462 432 704 148 1896 4694 2043 1796 1178 3417 949 3471 92 1232 3541 2434 1417 4127 2721 736 3433 2872 2568 3352 409 3948 2341 3351 2548 3234 3363 1655 140 2140 3263 613 2341 4510 2041 2747 1928 2315 4544 3714 4325
2490 2600 2497 951 2389 3029 3697 4256 2406 3307 1083 470 1053 3568 343 4174 4179 2865 1735 2806 937 827 4345 275 1390 4137 1188 1840 994 1311 1802 2596 1321 2604 4108 3428 4408 1426 731 972 3409 3844 3954 3884 669 4383 4819 1001 1362 2861 2294 1598 4723 1032 4733 3084 3263 640 367 3773 1902 4868 435 3809 3133 1527 663 4986 3909 2741 4534 3604 113 3417 3168 3222 4657 4674 2370 1964 273 4763 3624 3661 3541 546 3312 4700 4002 688 2922 1034 4462 4801 3164 886 3491 1050 1879 502 4765 3404 2542 161 4687 1089 1414 4717 2047 4268 462 2142 3563 1855 2454 2563 1450 122 2966 1868 3506 2668 4966 4794 2413 3626 3963 2595 702 409 2654 2004 1008 2105 2112 1894 1584 4473 616 4279 3163 3678 2151 1638 593 2389 271 3858 3936 2146 2874 2762 4228 4757 1071 4873 1358 296 3022 2674 2605 4376 1884 1170 3708 3278 3452 199 1183 2069 2603 4101 3513 1483 1115 4813 1111 559 4857 528
2063 3716 1319 4010 247 2018 1208 3552 1451 2251 4790 1737 4960 3948 1687 901 2588 2104 1823 4615 3052 3611 3412 2232 101 1188 805 995 2145 3629 1819 2453 786 4208 1260 421 3393 2967 38 506 2777 3048 3467 4442 4355 3657 1060 57 1473 1577 2283 2886 620 2916 4280 1956 2315 2081 2988 1755 635 121 701 4876 149 710 408 1269 904 3510 1401 1020 2818 2035 846 3687 4240 2733 1291 1768 4282 2081 2938 3913 3886 4470 427 1854 4513 3405 4453 388 1518 1441 3266 298 4958 4337 4824 2448 3705 3680 3243 1227 4836 80 1963 1385 4319 4556 170 4973 421 3298 2071 3577 1513 963 2076 1698 3274 804 79 1565 451 2446 11 3991 1039 1783 2197 4836 4263 3405 2171 1643 1492 3929 1877 2547 2696 3768 1743 2984 3566 3964 195 851 629 169 436 4115 2302 469 4802 4100 1566 4705 4618 263 4202 4623 1672 4996 676 3439 998 3475 1962 3771 3173 1696 4497 1221 1415 311 2715 4559 1575 2045
2530 3302 1787 1370 2511 2960 2674 2302 1591 2678 3066 3800 3400 1764 1654 3153 4402 3601 657 4949 3492 2065 2742 3877 4748 1840 995 3742 2644 1191 3563 4321 4440 116 680 1817 4418 732 4237 4613 2491 3216 3149 1693 1050 3197 2490 3600 678 3842 4230 2979 2294 2381 4758 296 2202 4413 99 4326 1697 3566 3262 1825 3797 2499 2237 3463 4474 1715 2692 2717 4327 2067 704 2591 3550 3035 1504 232 4604 2328 3081 1294 154 1779 4900 531 217 2341 1818 3594 456 740 2089 807 1621 2168 2153 4500 3832 246 4918 4755 2553 1578 2387 4168 2204 3976 2351 3735 743 2568 4766 1827 4320 2255 2475 4810 50 2026 1968 3922 2294 4308 4775 4666 2018 957 3176 3752 2200 2436 4799 2284 1445 3028 1735 2091 285 3302 4830 2260 2256 109 1789 1350 4412 2429 3838 3412 3906 2252 1887 481 4137 3665 2252 673 3072 240 2955 4054 1819 2397 3573 2432 541 2794 1453 3874 3855 1092 4918 4483 4787 1054 1855 3354
4254 1665 3481 3058 1808 3206 1440 3520 2157 2293 4638 3309 2608 680 3612 3231 832 3951 4979 3083 2923 3564 110 1195 1312 994 2145 2644 4665 1606 4594 2658 3018 4420 2630 581 3995 1196 1236 986 623 1965 4107 4980 3848 1827 4257 1914 548 4789 3725 3611 1247 489 1995 4043 959 2463 2449 4872 1313 235 2337 1700 1762 1379 2852 2316 4985 2206 3062 573 4267 3852 4799 1524 4667 968 2581 812 4942 2184 238 799 2009 3535 2269 4146 3080 1162 3245 3902 1903 2479 3329 995 2211 4591 4878 181 1861 587 2058 3778 1152 4044 4213 909 3042 4406 4884 4149 320 1932 4684 3879 3626 3207 3519 1744 4438 2897 4736 1032 842 2708 4908 1296 534 3584 4959 620 2041 3034 3812 1278 2270 512 1054 880 2205 2979 3601 3000 707 3313 1733 1998 4913 1668 4377 4466 3593 89 52 4661 3983 1006 2387 2175 1450 299 943 3106 22 3438 1778 928 4071 2866 4729 1612 3842 2588 4481 3101 3843 4772 3145 214
3376 2736 3557 1234 2129 2522 2218 4858 3243 2850 1229 4597 1187 2747 2985 164 1843 4281 2449 2370 4679 1400 2673 2978 2088 1311 3629 1191 1606 1536 4984 4677 2785 2486 877 3783 272 2475 4450 1468 3549 287 2327 3920 1737 1127 1112 4646 4920 1545 567 1323 726 4147 1399 2674 4556 4649 2626 4725 1356 3237 2354 3974 1716 1155 4434 4412 4061 72 1722 2363 814 4939 4866 928 3220 4474 1088 2240 4594 4712 1390 705 444 4683 3977 3727 4693 1135 3939 4357 1903 2104 3790 1053 1594 3887 4833 4865 3051 3236 3847 410 3670 1476 3977 1070 1809 359 2907 2247 4566 847 3089 4375 1539 1654 3964 523 3008 2075 1729 4049 710 1188 1591 1547 654 389 3542 3209 3769 3061 134 3676 808 43 3068 4040 3408 3764 2465 3185 3758 226 2266 3580 3233 2010 4870 1899 2738 4769 3659 2620 2857 1513 3309 627 2590 4346 2853 649 2083 1428 336 1654 4594 4846 4874 675 3759 1242 3356 2891 3639 4478 4578 4361
3727 1422 2375 3941 1282 2970 4794 2790 3349 4629 467 4938 4042 2878 4926 3395 3431 793 4677 4168 3460 4709 4138 2419 2261 1802 1819 3563 4594 4984 1114 1824 2389 1862 1446 476 3629 3392 2911 1445 3454 4458 3314 1963 3785 1909 2014 3834 1366 2338 136 2505 2497 1790 2331 512 3754 4199 4719 4058 2866 2402 2818 4821 4368 3548 4222 14 829 2708 1005 3136 2101 1639 1155 4004 1212 4122 913 3141 2204 4762 4390 1623 3458 931 2307 1105 4744 2821 2247 4909 4620 4861 3910 2271 3829 15 532 1710 3560 207 513 2100 1692 1917 2064 3225 4520 2547 4521 1419 3304 3872 4667 4060 1759 660 3617 3645 3411 3505 51 556 569 445 1317 3323 2607 1765 2864 3512 3838 1874 2905 2971 3639 4293 1171 3957 2282 323 1959 1270 2755 151 3349 2087 2756 2177 1081 4552 376 4093 11 4987 2923 982 4822 3945 3431 2986 4813 3797 2263 2518 372 3085 3893 1226 592 4165 4256 3885 1090 3597 1361 429 2053 4603
792 3376 4833 675 2765 4567 3264 3404 3861 3441 4590 4979 2263 24 848 4742 76 3979 1829 1965 4240 4387 3691 563 2017 2596 2453 4321 2658 4677 1824 4817 3002 2439 1386 1671 532 3452 2432 2479 3656 58 1019 3112 3219 4950 694 3290 2472 4079 4016 4353 4118 803 3365 1115 2281 114 1820 212 4965 4502 3141 2896 3786 2020 4248 4532 1454 3739 4605 4826 2821 468 513 845 3232 3909 570 365 75 122 656 3401 2338 2830 2181 241 2958 3834 3747 4189 3731 484 4183 682 165 1558 2312 2133 4280 2944 4495 3605 3796 262 1070 3993 2499 2250 4610 3658 4672 4769 3303 454 3233 1278 1673 2177 369 1340 4417 2916 3556 2535 1763 372 2281 4694 4802 1335 4151 4692 2864 1920 2296 4160 2786 4709 3852 605 4543 1940 2860 2840 3126 2011 4887 1886 2728 3775 3252 3981 4111 286 2869 4487 3348 3463 2198 49 609 164 2686 4305 3824 4049 1351 4512 479 172 1012 2841 3328 4668 1865 986 714 4883
4113 2198 618 2846 1897 4399 2800 2381 1919 1798 3475 791 3076 3630 3395 4445 2675 3894 1105 2893 3245 2213 2125 2994 121 1321 786 4440 3018 2785 2389 3002 199 2959 3341 4877 941 1111 727 2671 1273 3928 4839 2870 2108 41 3888 4723 2847 1367 3748 3721 3367 3639 2564 3546 369 2866 3797 4615 3278 581 1885 4860 647 1172 4887 1975 1590 1502 3911 2187 4597 1012 439 2876 2300 1597 3603 2503 1828 1243 4733 523 4536 4255 2341 481 1054 4198 4252 3738 1613 3107 3195 3254 3240 3025 2426 4071 3497 694 4792 915 392 297 4835 1968 1083 2542 246 4061 3637 915 749 4221 1689 3305 388 3274 27 1620 3886 763 2736 2240 3862 596 4093 4885 803 2686 4738 1997 862 3842 1688 3335 1976 3970 2235 319 2538 1836 2597 4305 4739 4343 1592 1544 72 2033 4546 3002 2212 4269 4049 4351 2441 2426 385 2570 4161 4243 257 4621 2074 3041 3935 4617 2837 4382 648 610 2042 2928 3383 1951 2814 4934
223 4115 1693 1460 3607 3720 2429 4576 3077 2302 3564 1140 1409 2394 2971 120 787 1244 1727 3705 3074 2285 3864 3661 4070 2604 4208 116 4420 2486 1862 2439 2959 3559 4211 511 2675 4245 834 3280 3402 1251 225 4104 2700 470 1515 2764 3158 306 1058 102 4662 3962 365 2222 2700 561 4366 2029 1969 1732 1957 3422 366 1223 283 729 1884 4538 3876 2317 376 3157 1578 3714 44 4094 4708 631 1473 3419 3009 2704 4030 2416 3654 2990 3279 4847 3147 2118 4285 2029 690 1890 2836 2816 1989 907 3465 1868 1657 4926 4521 706 923 897 2364 3670 502 300 710 996 1090 2589 878 2813 1408 377 3390 2204 21 680 1925 1132 2606 4940 3224 888 4493 2596 2020 672 895 1056 2957 2530 4180 3917 2433 3607 2290 2588 19 1643 3631 4684 485 4892 4076 3483 1953 3205 3513 1073 1138 520 2083 3141 3443 1496 2806 2238 3218 2463 1592 1204 3224 4898 4635 836 4889 361 2590 3504 748 3075 4805 4817
3632 2587 3224 3876 3837 4604 3266 4845 1449 2995 1847 1347 2830 843 3215 3705 2803 4763 307 4754 2508 3728 3300 1163 3858 4108 1260 680 2630 877 1446 1386 3341 4211 1647 283 2014 847 1302 4887 4469 400 2145 2787 4680 4864 4648 3661 1178 540 493 2632 432 3527 2146 2746 2123 2110 2470 1684 4693 4051 2439 1603 960 1952 3560 4998 2903 2479 4607 3037 4286 3741 3529 3622 1242 4333 4347 4835 1076 363 4754 2202 278 4000 4291 3891 4890 1838 982 971 2137 590 3293 2536 4881 1226 1283 313 2802 4635 1280 158 727 2127 3994 981 3377 1083 2983 1758 3178 2390 4591 4733 985 1239 1907 1872 2739 3658 2680 901 2641 1257 4419 1886 1854 2278 424 1561 4775 4708 1101 3660 934 300 153 558 1546 646 4914 800 1274 3315 4420 3195 4006 3966 1402 4052 2414 626 4041 4501 3857 2540 1086 3458 864 1192 725 1789 2776 3885 691 4136 240 657 3053 3088 3086 4811 4278 1242 4217 318 2069 633
1109 1451 1432 3187 4811 865 3015 3791 1988 2232 2220 3263 3733 2931 4320 4812 4431 2895 2162 3547 12 3141 3434 4333 4383 3428 421 1817 581 3783 476 1671 4877 511 283 2628 2803 1482 4088 1374 2425 1188 1869 893 894 1967 513 1777 1007 137 3971 3894 3251 4994 4438 1463 1477 1021 151 791 3454 3327 3615 1485 1359 4403 2708 4135 3312 3426 149 4862 4497 4231 2332 3410 3596 954 4996 4324 3839 674 3775 112 2420 1259 2823 366 4979 1179 1835 4418 4746 4966 2242 490 3675 1133 2690 4471 2479 1825 262 4499 1612 4906 3079 64 2242 4606 483 2450 1258 2400 2191 538 4230 140 2055 974 2895 2942 3347 980 3128 1216 1645 3924 1272 880 1786 1964 3303 687 4831 3452 278 2785 721 295 2168 2965 160 340 876 3012 4527 774 1825 1871 3272 4414 3394 3561 4213 1554 4250 2926 1408 2583 2983 415 1734 1527 2365 3743 46 728 1932 3606 1460 3499 1913 3773 3108 2650 3418 2096 2136 2769
2677 3277 1917 868 3809 686 173 3962 1009 3114 4058 4496 837 689 4828 138 899 3589 1120 1574 3008 2146 4038 550 1059 4408 3393 4418 3995 272 3629 532 941 2675 2014 2803 4803 2077 2073 3477 2719 635 2074 2596 1087 4360 161 521 4973 3935 398 4236 931 4274 26 4053 3069 2740 1449 1154 3660 2408 3010 2308 4422 948 4736 1213 3103 3990 3539 738 1653 3970 1736 3607 1353 3698 1386 2124 919 371 3635 915 1971 4698 505 3759 73 3118 3260 2919 4062 1412 1182 3941 2934 2217 1258 3473 3497 1710 581 3137 59 4426 3214 4133 1729 178 1801 2866 3652 4495 3221 2564 3442 4421 2342 2827 2644 108 4876 2475 3135 452 1446 107 2796 4744 3685 4672 1631 4613 4299 3163 3953 1857 872 4432 4808 101 1085 2990 1728 3465 2227 3142 858 2713 4549 1922 757 577 1298 1721 1857 4178 1576 4273 557 3066 1359 2893 1571 1692 3555 1768 3238 2528 1364 2646 1770 4864 760 3694 2502 2965 1486 3957
425 3272 2564 729 3944 379 3326 2056 28 2573 2462 4420 2285 4893 4703 778 4394 4622 4001 4275 3326 3323 1984 2687 4720 1426 2967 732 1196 2475 3392 3452 1111 4245 847 1482 2077 2325 3171 4068 3816 612 91 1469 1369 1786 3743 70 351 850 1832 1389 2987 1578 2369 2691 609 1243 2151 1330 150 4001 447 4373 830 4575 3890 1679 4304 3131 1706 4319 1630 309 3280 4454 4206 4282 3154 1005 4966 2690 3353 3698 4031 2591 3334 3333 3722 1804 4880 2669 1932 2920 1459 388 61 1918 399 4384 2958 3887 1709 2834 87 1637 637 4825 1566 3750 4679 2596 1915 1725 4922 2318 3377 298 2721 2558 4940 1163 4463 4573 1022 3350 1402 4044 4640 3562 3483 3493 2183 4511 3432 2911 2086 3621 97 3283 1612 4768 3607 2552 997 3009 2361 1803 1474 415 1765 1281 1706 361 2965 4929 4052 3940 2605 2543 890 118 233 45 1886 704 432 2941 421 1124 1611 4746 4870 1132 2755 1900 4843 1544 3527 1469
1095 2069 2985 1842 435 1350 4506 3160 2927 2831 3158 1088 513 4463 4702 2099 3538 4823 4201 509 444 1746 3610 2848 1168 731 38 4237 1236 4450 2911 2432 727 834 1302 4088 2073 3171 2391 3678 1166 1473 3001 1014 4473 731 2157 2211 407 458 1132 596 2977 3696 4628 4195 2237 3493 3944 562 2626 4936 3734 1127 1440 1012 2419 4753 2253 4623 4484 260 3763 2393 3941 4018 3945 3933 4252 4670 2153 2996 4764 1967 1314 1285 2825 1003 802 2401 2277 3552 3757 1012 4361 2820 3791 2186 3727 1501 1171 2499 2284 4122 2288 2851 4566 2447 4221 2768 3925 3694 4227 947 2914 4497 1273 4224 2961 1326 2808 2666 3193 3913 3976 2048 2092 1833 245 1407 3262 3406 1694 2771 4823 692 3750 1959 3280 128 3013 898 181 1551 414 378 1899 1992 3793 2841 1721 1242 3841 2779 3464 4849 1811 770 1517 4522 4373 4824 823 2108 3139 4717 2594 443 481 4471 2497 3690 1453 4245 595 4286 2721 2653 575 1001
2817 3983 2106 430 3875 4510 3615 1769 331 4877 560 3281 2397 356 3254 4003 222 3124 2231 1028 3143 1362 2246 3085 48 972 506 4613 986 1468 1445 2479 2671 3280 4887 1374 3477 4068 3678 94 1544 3098 1241 3539 2688 1740 4127 2478 2425 2682 4993 3955 2474 4877 4402 2169 4637 142 3494 4286 512 1430 4073 1044 2010 3282 3360 2657 3494 3845 2816 1077 1982 1424 792 567 3460 1769 2623 2624 1287 3149 849 4494 1765 2614 2707 2570 2589 2237 1696 4166 353 2294 1398 2924 2338 3740 2868 3823 723 4722 2336 2726 2147 4657 1369 445 3574 1458 1269 2348 3881 4914 4359 2425 610 2080 2415 2387 3054 4105 2803 3067 409 1920 3883 908 595 667 4157 1996 1691 1967 4627 988 4789 4503 2030 4007 2946 3476 4369 2641 4212 791 3941 4030 3217 1496 730 2783 1305 2293 2015 4336 3236 4206 4659 992 128 3085 1705 671 2072 923 4286 4858 4417 3561 675 2800 4983 4451 425 472 422 3579 3495 1510
4630 459 878 1338 1861 2629 4551 4954 4049 2003 2838 4950 3322 2495 1405 578 443 1485 1674 2000 4746 2013 877 3270 2083 3409 2777 2491 623 3549 3454 3656 1273 3402 4469 2425 2719 3816 1166 1544 75 2068 1134 2104 4915 544 4967 1186 2296 3408 3855 217 2928 618 4970 4664 4874 1327 4141 1748 4739 970 3532 1720 19 3731 3324 814 73 53 3633 3208 2071 986 2746 1828 4402 3744 3478 3152 1849 4221 4483 1776 839 177 592 4486 3644 2620 1668 1310 4812 3297 1713 2365 1377 1660 1610 3287 3062 4303 1317 4577 416 4390 2677 4758 1283 713 4771 1995 124 4766 4889 316 4923 3830 3329 606 4848 507 2280 4315 4751 3222 227 550 1856 4000 2594 1265 4009 3035 4324 2374 256 4976 1460 4915 2637 1703 3069 4585 1825 1768 477 4204 717 1402 1237 684 4736 4885 3183 3239 2076 1021 3457 1044 4196 2442 370 4828 3250 2916 1252 4147 4114 4095 4991 1493 4294 2978 4096 3216 3872 3472 2840 2957
1889 2771 3210 4480 2276 657 2451 4910 4167 3180 724 756 4194 3192 2796 209 2776 3258 1279 2806 4378 4313 531 1173 1299 3844 3048 3216 1965 287 4458 58 3928 1251 400 1188 635 612 1473 3098 2068 571 1707 3261 2365 2961 1339 3375 3142 2483 4094 4141 2086 3309 2665 4461 343 320 797 390 3137 3025 4472 2353 860 1478 2501 2088 2968 3305 877 1533 3031 928 4845 1748 175 1390 4600 894 791 763 18 3902 1948 394 1862 40 712 3466 3944 3599 397 1231 4770 88 1864 2370 1980 354 3120 4115 4700 3474 3721 3910 2836 2761 4788 48 3803 3110 3213 564 3873 1154 2792 4726 1840 3004 3688 1764 2351 2211 1767 1125 3839 1499 2621 4233 4772 3363 4870 4439 2449 3162 1636 2184 3961 2113 899 4647 4486 102 4043 2380 3721 2685 1918 3164 2171 3754 3798 4839 4304 3750 220 4805 4690 483 3379 3700 785 968 44 4669 2170 197 2977 3755 1323 3607 1059 3513 4954 2659 4813 4303 2667 481
860 303 2432 3420 1808 1908 3553 3307 2952 3162 2639 1532 3726 1288 1713 769 1596 1375 1174 2419 4462 1905 4902 4079 4596 3954 3467 3149 4107 2327 3314 1019 4839 225 2145 1869 2074 91 3001 1241 1134 1707 4740 4091 434 4910 3584 3302 3775 2001 4264 333 4023 1604 4765 1215 3950 4060 4246 1325 3792 1359 4705 3783 3996 4998 2775 2226 3705 4559 1779 2974 3927 744 3280 2091 3727 881 4615 4547 788 1356 2316 4366 823 641 1283 2907 4999 4779 626 3904 4828 3697 1308 2146 1816 2625 3129 3706 4344 3535 2077 758 1726 1227 2545 4174 1782 3885 941 614 2800 3873 3921 2853 2625 4078 635 891 4416 1676 4605 2730 1582 985 3700 4520 4640 3039 1225 4905 1790 1499 4668 3721 2095 1731 4666 603 3127 1548 820 4829 118 2305 3032 1086 3459 785 4311 103 3188 4984 2372 4584 3823 3567 109 4111 4399 1205 3736 874 644 2720 2500 1880 3152 4919 1765 1161 1502 2568 801 1510 1903 4353 3675 4521
940 4717 3599 3480 1950 3105 1985 3068 3212 4759 1006 2783 4571 2318 3689 4234 1166 2518 3135 2077 14 263 4495 4797 2952 3884 4442 1693 4980 3920 1963 3112 2870 4104 2787 893 2596 1469 1014 3539 2104 3261 4091 2624 1756 1120 4208 829 2296 1337 189 4301 2856 3634 1967 3603 869 4419 3842 4085 1668 2972 2549 4500 1333 3486 4274 4167 3244 1781 4058 1498 2575 1829 3717 3109 838 1393 3826 821 1353 4504 2779 1839 2142 3605 2008 4144 1653 3528 3542 1465 2407 4639 4488 3966 1227 1323 4059 1146 1658 1276 4259 3957 3768 2798 269 2459 1314 1096 4582 3416 936 1501 4916 2790 3130 1818 2179 4864 4937 1344 2113 1112 242 1771 2851 19 2902 3383 2957 1106 3327 2970 1848 45 66 3075 1528 1841 1193 4584 1346 879 4313 2645 1554 4336 3870 850 2557 4635 1135 3660 87 4717 307 1228 1013 1749 188 4657 1476 2768 4701 4059 3365 3238 29 927 2152 27 1263 932 2481 1857 1529 2790 4653 3553
2325 2540 1942 1699 3305 1680 4445 3690 681 642 3996 3682 1469 3476 3371 445 3928 536 4409 2622 3254 4920 1864 2994 4515 669 4355 1050 3848 1737 3785 3219 2108 2700 4680 894 1087 1369 4473 2688 4915 2365 434 1756 4686 927 4719 484 3933 3511 2987 1140 1530 377 4699 4407 2853 1348 679 1332 1328 1761 2777 331 1007 3170 3528 160 4041 1946 4425 1335 3190 938 808 3373 3298 4783 3535 1860 4114 3247 2237 3108 2501 2466 3532 1488 92 2370 1872 2822 1938 3952 1221 3957 3232 3733 294 1249 1390 3051 1004 1493 2498 834 323 4202 1492 3887 2436 4948 1085 1401 1647 3688 903 2742 4803 654 593 1854 2853 3146 3158 2029 2123 2839 4088 3582 3080 2978 2774 2974 4280 292 2406 3408 2883 602 2831 3936 2461 4150 1768 3082 472 4919 3439 2822 1188 2876 462 4922 844 2859 4485 4843 2229 4478 442 3836 1493 3951 4811 2500 1734 1390 3225 275 2261 2560 3503 3775 543 3070 186 1196 2702 2885
