N: 180
M: 36
Symmetric: true
Triangle: false
5 132 10 161 138 53
10 163 83 44 149 6 48 60 23 108 71
4 126 166 150 130
6 177 144 37 95 15 59
7 157 42 63 61 131 36 97
5 91 14 133 16 121
7 99 141 39 8 135 89 173
7 19 1 21 70 31 115 134
5 102 80 103 180 81
6 40 65 123 52 26 118
6 33 119 156 174 29 12
3 11 124 85
4 72 178 145 140
6 129 116 94 75 147 46
4 64 13 122 101
5 167 175 169 137 4
3 54 176 56
5 78 168 106 110 100
2 57 170
3 165 74 93
3 158 142 5
6 77 153 49 20 143 151
6 24 2 88 136 128 27
5 90 34 41 139 55
3 109 66 43
7 152 120 7 160 105 172 30
3 76 67 125
6 9 3 164 68 25 92
3 112 84 86
6 62 96 51 79 171 159
3 127 98 155
7 38 162 114 117 22 35 148
6 28 146 47 50 17 32
5 87 82 154 58 18
3 104 69 113
5 111 73 45 107 179
4857 1078 918 4685 2491 1725 1479 1565 427 2842 1528 4630 3183 603 4080 326 4216 2561 1578 1389 2237 2089 330 4759 2183 1814 1545 4851 1808 1320 4655 333 3671 4754 254 878 2829 3723 3781 678 2698 2519 4474 1575 508 4209 414 3521 1478 247 2848 1854 2037 2144 211 4063 2444 3348 4022 2910 529 2730 3654 1544 4748 2331 970 698 4404 2845 385 1011 1871 315 3030 1336 119 2951 1830 2038 4978 2671 1730 1294 3502 1311 3713 3402 1892 4601 2426 4003 2075 2886 3752 288 3647 4772 3573 1957 2054 1528 785 13 810 4936 1378 3280 4861 4291 3056 1244 947 3428 2126 2374 4454 529 284 4646 1906 29 2668 3829 961 2525 2178 2901 813 4887 4247 2312 158 4908 2213 2515 2054 4093 4397 3123 1603 868 3719 1466 1021 3633 3429 3542 3940 3785 3431 1541 1881 1056 753 3158 1726 4823 4460 636 4693 1900 2889 639 1321 840 3781 3229 4563 4050 1027 4578 444 2487 2767 4884 3352 4730 2682 845
1078 1953 4066 484 3181 2008 1751 15 335 2440 3548 3775 4778 823 4661 69 4576 291 1172 462 4139 4563 4705 3368 1397 4054 3320 1572 1137 3887 2725 1883 3853 4949 4910 2627 1595 1692 1437 2348 4219 2098 1549 1320 3699 513 1202 507 30 4706 4424 2724 1048 1723 2822 1703 1695 996 795 4050 4567 2905 2188 3718 4754 880 375 140 1372 3263 3250 4787 3001 42 818 789 1828 2942 1813 546 1835 3194 542 4712 3117 892 1632 3514 229 1349 2922 3607 2202 1563 1990 1859 2990 1815 1662 1168 1938 1650 3572 3170 3332 338 4735 4661 2380 1889 1981 2211 65 3376 1211 2231 4894 798 4872 2152 2641 2319 625 3541 1470 971 2403 2878 4412 4370 618 4850 608 2591 4539 519 2648 3539 966 3541 3763 1950 3847 364 4786 1041 3979 3611 1290 4495 1874 4070 2860 134 1190 3447 4052 4546 3783 4960 4872 4338 1563 3290 3534 3658 2148 332 4329 3374 3695 4511 230 2030 3252 1987 2971 3445 1767 4295
918 4066 161 1265 1398 4487 1506 4041 593 4240 4083 1133 2699 3113 109 3638 2849 1701 344 801 1519 1294 3705 1316 4562 1881 1950 3342 3027 1151 150 4471 3482 3679 1287 2013 4736 3188 654 2439 1274 4760 1197 3921 671 2828 3073 3133 4880 204 2056 1809 1668 3303 2721 4246 791 1468 3821 1592 2239 1648 1006 2519 525 1617 1976 2748 663 4040 1158 1573 1710 3966 75 701 469 863 2687 4087 3799 2177 1391 4926 2670 74 4076 1948 3887 212 2581 2789 2287 2854 3192 3127 80 4594 1709 3080 229 4715 3733 353 2640 2169 3493 3339 1558 3748 2320 4509 1415 4820 4842 2204 1190 4267 2990 460 485 1259 164 584 1345 1071 4008 3064 4799 2897 3561 3837 2515 4947 253 549 2825 3027 4181 815 426 3348 385 155 1507 111 806 1765 4471 1102 3282 2032 514 110 387 621 2393 1866 56 3424 2007 2774 2947 4757 511 2051 1346 1944 3481 2814 4747 2057 1221 702 1695 1040 2031 1565 4431 204
4685 484 1265 4070 30 463 4076 925 4679 590 410 1492 4138 3562 50 3558 3652 2004 1992 829 3252 3391 4902 3495 2330 3510 2294 3777 377 4645 4806 4896 1876 3653 3291 1730 4469 2973 1117 4653 2909 2356 418 147 788 4248 965 2524 552 4940 2351 4103 4422 124 1125 4194 4218 3136 625 2290 654 3044 2840 1716 3672 315 1497 4438 4767 4250 1910 2155 4400 4083 4591 4672 1945 4476 2382 2808 3170 3374 1346 1173 1769 919 3355 4467 1356 1139 975 4328 2093 196 596 4663 3468 78 1812 2225 313 3961 74 4973 4351 1163 2851 423 3597 4447 3292 4750 1933 3320 930 4913 113 4419 4152 2415 268 960 103 3115 411 1495 4629 1209 2420 444 2314 4159 1444 2706 4307 774 2874 1470 1628 4202 2475 3914 4818 3314 3401 2541 1689 290 2933 3269 3879 689 98 928 842 3858 369 1111 4880 4694 2145 4040 1914 2693 2734 4129 2584 4610 2734 2149 3684 81 2273 3116 1927 3526 434 3537 548 128
2491 3181 1398 30 3400 2272 2014 1917 3567 3441 103 4800 4644 3861 4329 4355 2881 3996 494 3036 4437 757 3732 1603 2398 1101 4113 2955 837 1078 984 3002 4978 4433 734 3540 1500 665 2648 1059 3915 2943 4246 84 1879 3392 3689 3029 4328 3230 4998 4145 2775 3334 965 3391 2571 3112 2303 1172 1390 207 2867 1043 1625 2702 1576 4188 4925 1896 2648 4030 2031 1361 4051 3001 4771 3230 4737 1942 2495 1712 359 924 1637 710 4754 4338 2490 57 2791 447 4400 4692 299 560 3864 2264 2523 4247 541 2977 3028 4535 3656 914 1299 4568 2703 942 1592 4416 2088 1453 1309 4638 1983 4406 3001 603 1601 2636 4696 495 4882 3402 991 3288 1336 3577 2882 2260 4720 4808 2433 3771 4732 4705 683 1942 1853 4142 4577 1717 3661 2318 2960 2761 4922 2503 3997 447 2816 2592 4576 1644 416 1524 4695 640 3784 1956 2745 613 648 2172 72 3319 4292 85 2778 2468 494 1048 2042 4216 4482 4207 2789 3763
1725 2008 4487 463 2272 3398 3917 4987 1934 4324 4199 4835 4062 2737 871 1309 4535 510 4723 1438 1546 154 653 3940 1944 202 2366 638 594 1629 4593 20 3338 466 2751 1904 1177 2751 4034 4074 3970 4851 804 611 4333 3930 4491 3873 476 1227 3695 144 1846 1600 1453 2848 1631 4481 2059 3072 3313 3227 3857 1774 3188 1840 2704 4502 14 4029 4539 4309 2494 1037 2083 4601 3134 1443 4898 571 1506 4809 356 987 3679 1936 3121 418 1800 3345 2115 933 1771 2497 4422 1847 3597 3887 3149 2788 2904 1304 2529 711 598 2032 4200 3673 1347 4631 1194 848 4391 1286 155 4055 1210 2703 2020 263 3156 574 1838 3717 2272 1292 4846 3528 885 888 3995 2130 524 2809 1188 735 1756 1251 189 4373 1979 3827 3478 2637 52 3419 1835 207 2679 3665 3974 4014 4153 3560 1409 4792 4644 1964 943 2191 3319 1423 3272 4382 917 2683 2030 521 4062 3452 233 4161 4523 3321 1635 1166 3735 1111 1766 2025
1479 1751 1506 4076 2014 3917 4361 3022 3563 3482 140 1927 489 2088 832 126 3889 2071 2443 4984 3566 3822 470 2525 863 96 1158 3618 3026 1692 479 712 2683 586 2034 847 3571 1450 234 4173 1118 1966 1714 2513 61 501 2506 2327 3007 680 2087 3879 1217 3391 3703 648 300 4585 1898 914 3803 4543 196 2712 1571 4469 3498 3320 2708 2846 445 4651 1289 2517 3402 2096 756 1753 4600 1785 3272 4982 2620 4496 245 4131 90 3906 3995 1699 3814 241 133 150 4470 1697 2169 686 1704 1617 938 1854 2398 1024 3467 337 834 842 3999 2881 1648 1123 1702 3369 4597 3808 1129 272 2259 1225 3817 4249 2361 2977 1917 365 1533 2929 1449 3063 4223 3441 779 4330 4315 4482 4228 2463 710 1999 1836 2782 4036 1697 1221 4425 4234 374 2257 4791 1021 57 3295 4464 267 4755 973 3747 1627 4120 529 710 2730 4655 2390 4419 506 1584 281 245 4914 4599 4925 139 1487 3328 3643 4541 4355 1114
1565 15 4041 925 1917 4987 3022 2009 2113 3779 4153 14 833 122 1627 3829 4230 4750 2289 3766 1134 3955 4478 972 2680 4184 1686 4241 4488 1111 952 2225 2378 1737 562 538 4360 1826 4845 3928 3514 4774 1198 3684 1692 1292 3021 2753 2946 432 1204 1187 2937 630 2513 844 589 775 676 297 3917 1138 4474 2429 4904 3220 4839 1202 3200 4763 1118 2455 1910 3219 4891 2764 4991 1153 2445 32 3079 3497 2013 4320 4014 2492 970 4108 40 1108 2568 3597 4055 4812 4000 4685 1578 3570 817 1155 2320 3887 256 3700 1538 331 2588 2643 1304 2698 4960 2556 4388 4556 3948 1899 1743 931 2641 3469 1353 4474 2435 1401 2411 2831 2510 527 4276 4537 2645 1074 1232 4938 959 2716 1291 2727 499 2198 1925 932 3539 725 75 2072 410 4207 1784 3202 4904 1544 2824 1382 441 4178 3289 4825 1050 4533 2806 658 4937 364 1654 13 4956 3720 1145 2645 1964 3884 239 672 4610 3397 1745 4263 1023 4489
427 335 593 4679 3567 1934 3563 2113 2286 14 3478 879 2101 4143 3605 343 1137 3590 2372 2235 4453 2005 1217 158 1094 2985 4574 4482 1490 2699 288 4856 2174 4769 25 997 3479 3241 4437 795 59 4229 490 464 160 644 3081 844 2872 3874 4430 3376 4277 865 344 864 3416 4693 3982 2526 3523 4069 3742 4072 153 3696 4108 1206 703 4474 2041 1712 3320 2823 4687 2540 4197 3841 1279 1147 4236 4720 59 1013 530 3934 2759 2607 2605 732 2355 2762 2461 162 2467 2718 3636 1451 3746 4919 3786 823 4118 1250 1314 893 1507 2916 4247 2458 1598 892 4463 420 261 1299 1080 952 4133 2123 4671 671 2760 2681 1982 3838 4842 169 1308 3119 435 3336 1178 4871 275 2266 3087 2401 4335 4920 3220 4459 4516 4490 3500 1536 4561 2463 1611 1644 4109 417 1817 4321 4322 3968 481 2740 2927 4809 559 4315 3831 2855 1520 3650 4509 302 4847 345 1919 861 3771 1484 3709 2907 4973 544 3775 1535
2842 2440 4240 590 3441 4324 3482 3779 14 120 221 1129 1476 2688 681 1840 4930 1472 100 897 1376 1370 1478 3895 2655 1028 4396 2134 3563 565 4381 4930 4120 2375 650 4835 876 1730 2276 3113 641 486 4504 3078 4054 3999 972 2489 228 2220 1191 2274 687 4939 4401 2482 1391 680 1078 3258 3563 370 1662 2935 1075 4107 2915 4120 4266 4518 92 237 1047 11 3868 4722 2757 2502 909 3682 2619 1035 4360 3166 2025 288 2287 4464 1973 538 236 214 751 1598 2280 2856 3241 3505 4035 2747 2176 1283 390 1243 1426 4301 3186 2737 3138 4955 3857 2034 3991 1358 3879 2397 3294 1118 1021 4207 4787 3920 2504 1191 4260 4343 2926 4667 4692 1526 3230 656 2794 1222 3021 4392 4706 470 502 564 4988 4543 1350 1823 4654 3483 3643 822 266 4083 1349 4711 4022 1650 4625 1296 3387 1282 3484 2523 1832 2876 61 3158 3529 2238 4084 2512 1246 1549 3250 3955 1316 3116 3288 2692 3679 1113 105 1186
1528 3548 4083 410 103 4199 140 4153 3478 221 486 447 4165 1731 2657 3335 1048 1838 904 990 1684 2616 3894 2119 4420 2607 3480 432 4625 901 1117 476 2770 3628 4665 110 185 3163 3273 594 4970 1537 1776 2014 44 878 4943 3539 4526 1930 1070 2023 2546 1747 22 1205 3648 3705 2432 813 4183 2947 4565 4854 751 4151 4521 2760 1880 2891 2257 4243 200 3667 784 2108 2156 4373 3827 1609 1543 2470 2469 661 4310 1482 51 1891 2945 2367 2074 3833 2242 4234 3068 131 1636 443 2974 1150 1992 4728 4674 2751 3450 4976 1940 2586 2269 4058 262 680 1431 1553 680 4464 4324 4280 3734 4029 1559 3917 3358 3931 2886 1354 2527 290 4115 2165 2886 1512 4947 2641 263 2272 1672 4535 4171 3153 3469 1264 3651 2028 1822 2833 2773 4224 3560 4302 3314 1673 2644 4572 3830 303 1238 916 4573 2864 4563 3495 4026 2627 2651 3714 620 24 1645 2556 3463 4949 1214 4700 1380 3975 4812 4633 3299 1526
4630 3775 1133 1492 4800 4835 1927 14 879 1129 447 26 3721 2537 163 1069 2908 2144 2509 925 3179 2530 3810 3967 4422 2651 274 636 1402 25 4722 3641 998 3827 4132 3577 2336 2659 1569 1400 919 1830 3975 3142 3766 1930 3973 327 4744 2318 1064 4883 1248 3563 4742 4920 1722 243 4975 104 405 3940 1300 3508 1546 1101 1946 4329 4007 4683 4991 4878 3243 1719 3220 3440 233 2154 109 58 2166 2577 1745 364 2380 726 3886 1813 2387 3354 1882 520 3674 3014 1591 578 101 3934 198 4725 407 3242 1759 1415 1124 3423 1033 2596 177 1650 4840 1815 1697 2999 718 3364 2309 261 3344 1446 3185 1921 388 1201 2762 781 1610 2197 1141 507 4991 2213 4664 653 274 4337 3680 3421 1519 931 103 2041 2147 3145 4116 4473 4229 3464 4433 4711 3376 4248 4960 4792 1729 3352 2660 2161 2993 4208 4096 4037 534 1186 3835 2808 2952 901 2287 3696 3638 3366 2331 1094 636 1715 2029 1802 3931 3846
3183 4778 2699 4138 4644 4062 489 833 2101 1476 4165 3721 875 2163 314 2973 1221 2361 2939 3827 1887 2767 3981 2591 1043 371 802 705 4641 1225 4181 315 2506 2534 4322 2716 3221 1628 4289 2571 2923 879 1199 992 1644 1244 82 2577 3573 1791 4250 2471 446 1999 2472 2265 3174 428 3771 442 3636 1294 1771 964 473 4860 561 1485 1069 1724 448 2499 3840 3128 1523 4559 3024 3729 131 681 4536 100 314 1888 2207 764 3624 4782 594 3907 3115 2519 1122 2472 4799 3966 4671 3731 1012 1128 524 843 2923 3112 1533 2172 1713 2047 3485 137 3168 4404 2110 3331 901 1640 4518 2078 19 3728 1570 943 924 2724 3826 687 3121 1691 812 3114 1335 3819 1770 1781 3411 1536 4855 1423 542 624 357 1019 1022 1356 4774 4924 1673 1471 1755 4565 2892 1568 2627 4944 3728 4004 2117 2417 3057 2024 1881 2392 2041 4901 1365 1687 998 2335 2552 3068 323 361 588 4729 3374 1713 4818 1738 88 4822
603 823 3113 3562 3861 2737 2088 122 4143 2688 1731 2537 2163 2401 3163 1611 4053 2324 3664 4343 3699 3507 45 25 1534 1762 3542 906 1704 1626 209 4566 4764 1479 4296 1839 1129 365 486 2967 3217 33 900 2825 861 470 2763 3538 581 569 3127 729 1170 4471 2626 388 2073 4096 4598 794 3684 1301 3903 4307 3797 2549 3621 2872 1126 4534 2746 3808 1152 4165 4715 98 58 4537 532 518 4864 4269 130 3159 1071 264 3024 4885 515 4112 355 3083 441 3798 3055 2806 2595 4170 3333 3380 100 4031 2691 1142 4873 3215 3140 2316 3979 2768 446 2926 561 1233 3525 1061 4641 243 3559 4414 1884 2374 4240 3397 4096 4273 2250 3402 237 2090 3370 2906 501 2176 1729 3566 3375 4029 165 3351 1259 4979 1681 1018 2724 1332 4626 290 4843 3541 1475 4210 4842 1458 1390 4974 3823 30 3730 3435 1135 1720 2829 151 3515 1603 266 2879 579 1346 1071 1059 149 2067 3865 2158 4969 565 4067 3032
4080 4661 109 50 4329 871 832 1627 3605 681 2657 163 314 3163 384 2900 1406 4060 2118 2205 1746 2446 1889 2283 3124 4896 4857 1389 2942 717 3705 3274 669 657 1050 2812 4070 3212 1984 1656 2030 773 4424 746 220 4274 287 2575 2725 3668 2304 2968 1714 4432 4038 2036 1788 2458 2033 2474 2487 2014 4295 1159 1343 4516 3759 1585 928 1917 1432 4352 2722 1185 3445 3471 4910 2611 1713 491 3199 4766 1929 4966 1113 1307 3284 1783 4730 1697 929 1896 4270 2665 1740 408 2308 2342 3720 4376 3131 1977 165 623 980 3271 4915 4445 4422 2975 1549 1978 4724 1194 1499 3981 4268 2546 3819 2893 2939 4923 4340 3982 53 867 4005 681 3370 4478 195 4073 2932 1832 4055 762 3551 1205 1471 1813 4956 3294 1107 1231 2726 1624 4865 3065 1665 4113 2912 2806 4541 4609 1898 2172 1031 3199 4594 3211 3595 1309 877 1100 4452 363 3118 661 1487 1275 13 3718 4493 1891 2387 1475 1723 4467 2137 1666
326 69 3638 3558 4355 1309 126 3829 343 1840 3335 1069 2973 1611 2900 873 307 1733 102 1920 4532 1581 1979 1147 3781 2997 1975 4791 1033 4296 4980 3796 4659 417 2215 3256 2457 2495 1643 761 2499 3338 3888 1545 4264 1685 3120 4931 1195 1441 202 3806 1190 1515 2705 3069 604 4756 3215 3966 4887 2685 3884 2588 2018 4670 3762 4141 4200 773 27 2322 4737 2985 481 3367 1879 2559 133 2065 4513 161 3085 3409 2472 65 629 3880 2034 1777 4985 4279 3459 3715 2831 3436 3298 3000 2709 4491 2941 4976 2560 4681 3641 4035 3735 4920 2664 3968 31 4061 730 3297 870 2694 4908 3228 766 3427 3544 4686 1235 3101 717 2034 2162 1374 3800 1209 3926 3121 4318 3856 4698 3759 2140 4155 4048 4097 3411 2125 2672 2093 4930 4584 3010 1960 1764 1048 2794 3630 4906 3661 4142 4523 883 2452 1230 2567 1154 4542 4352 279 1007 4174 2648 387 2005 4034 260 482 930 2929 4490 2858 2640 158 4167 2422
4216 4576 2849 3652 2881 4535 3889 4230 1137 4930 1048 2908 1221 4053 1406 307 1581 3064 1229 4403 3881 394 4660 4422 4547 3001 3075 4933 944 4511 4268 929 3600 4703 1350 3447 662 1083 4605 2858 2313 1129 506 1732 1828 1698 2061 1481 1850 1550 2715 1040 86 898 2550 1994 4280 4215 697 448 4721 2889 1175 3128 2391 3727 3469 1831 486 166 2693 4674 1869 3327 1528 4385 3758 2492 1816 3241 763 4851 1782 4044 1317 3641 4503 604 3393 3971 3834 2252 2025 263 1984 3602 4179 1229 120 1201 199 1150 3573 1076 1577 4180 1275 1496 1572 3683 1959 4945 3037 3585 4023 1042 780 3564 2047 1281 4874 825 4918 3709 2302 1942 695 4945 665 406 2093 522 955 2388 867 966 2522 4580 395 1543 3295 3282 3885 711 4203 2902 851 3929 3941 3435 1823 668 562 2424 4052 1891 4973 4900 1292 3386 244 2276 2334 1863 60 2801 1226 2098 4371 735 801 4579 2490 4780 3267 4917 3217 2676 2479 95
2561 291 1701 2004 3996 510 2071 4750 3590 1472 1838 2144 2361 2324 4060 1733 3064 1295 807 3283 4880 4095 3585 430 1120 1770 4957 3282 2564 2005 1367 2248 4940 3523 598 2858 3907 495 3117 4045 3867 3277 2450 870 456 597 4930 4283 2757 141 2220 3288 1769 1041 1438 1012 2297 1329 2407 4156 1170 2244 3797 1884 3602 690 3586 2292 3653 1679 2567 3310 2531 4280 970 3430 4659 4153 291 4987 1471 4753 1510 4965 4756 2730 2230 4391 167 220 388 3063 1857 4374 319 4062 4124 227 346 1844 1907 2581 4879 4704 79 4173 2106 4883 2123 1339 405 4147 127 1093 1671 1689 3807 3723 2065 42 2871 3330 1600 2078 149 350 628 2650 4329 4675 3651 3386 993 3649 2574 2571 3337 4063 861 2815 504 4025 2130 1653 35 4685 228 2317 1318 1188 3820 4022 659 701 4754 1064 3794 61 675 4905 4448 776 1747 4165 2960 4769 3331 2756 1711 3051 4048 3817 3820 4669 4203 4731 741 3863 4214 1344
1578 1172 344 1992 494 4723 2443 2289 2372 100 904 2509 2939 3664 2118 102 1229 807 3995 979 1189 4789 4724 2445 1564 639 3223 575 1506 3717 2594 3975 3289 3119 2720 4122 2165 286 4888 3700 231 2481 3700 3076 1153 2489 2807 913 3969 4690 520 2048 3853 2958 3422 2313 1107 4017 3254 2462 4950 1025 69 1999 2586 325 3754 2080 4550 3076 4671 4740 553 187 1271 1890 3792 4446 1083 1866 1990 751 3246 2689 3669 1394 1326 1908 1000 1346 1669 905 4215 1747 3784 3393 2753 2025 4856 1163 2200 300 2714 3674 3698 1144 1955 155 642 3294 110 1464 2707 3499 3667 3629 3091 532 3090 1341 4159 4699 4539 4332 2472 4057 2545 2144 3986 516 3634 3921 3596 3845 3405 3648 4687 4642 2439 836 1170 72 3121 3275 282 2783 807 3483 2806 4430 2619 3700 4428 2379 4824 217 2945 3493 1238 2183 2115 4776 3714 4536 719 882 2920 243 3579 2051 4172 2861 4652 4065 2107 3749 2828 4228 2406 4164
1389 462 801 829 3036 1438 4984 3766 2235 897 990 925 3827 4343 2205 1920 4403 3283 979 4377 822 1849 3397 4472 2927 4179 1115 2064 3932 1523 2225 2637 3621 1098 1249 2300 2978 2300 52 3585 196 1464 3668 4410 3884 1717 1360 1681 4861 538 4858 3345 2304 2005 3545 3654 4496 2792 624 3721 2612 1041 3092 4091 242 2429 1172 3682 4363 4581 3126 1978 4237 294 3761 1896 1737 1632 1684 738 2746 4589 974 3360 3226 2892 3592 4128 4452 1223 3127 4226 2590 4846 4968 3072 4824 4338 1632 3420 4697 4726 1626 146 4513 2436 1200 848 465 4059 2238 4398 144 3418 1836 1192 1973 4728 4021 4010 4510 874 4154 4218 1679 2145 771 4595 973 2302 1680 904 2155 2908 2576 3515 2012 4228 3159 3840 2304 611 3794 1947 3031 4517 3269 3577 3722 1022 707 2048 3150 298 4415 4974 2081 4155 1077 4970 4476 3890 529 4456 4380 860 276 2567 4063 2383 340 1805 607 2058 4222 18 188 2196 4137 1011
2237 4139 1519 3252 4437 1546 3566 1134 4453 1376 1684 3179 1887 3699 1746 4532 3881 4880 1189 822 758 81 2484 1572 4943 403 2880 1930 93 4015 3895 482 3130 1280 4652 2703 621 1617 2407 2936 2941 2653 687 4884 3130 2600 2478 1884 3163 367 551 107 2934 1419 4299 2162 2877 690 3157 4931 3811 2095 1367 1852 4773 503 2765 4062 3113 1705 1297 1855 3801 4748 4715 2700 2106 4386 1730 3494 4548 2195 1836 3255 2289 1380 484 2157 4146 96 2158 3405 2376 3689 95 4943 2851 2324 2121 3794 684 4849 1205 3844 2694 1035 800 330 3097 720 389 1643 4489 2026 2792 521 4901 4846 2240 39 3124 2106 3398 1810 734 2724 1998 4894 4488 2817 1082 1130 1804 1842 21 2431 176 2843 1717 2472 3785 468 349 2436 1254 388 4070 3382 2553 86 1625 4303 109 4139 4164 4287 3601 646 1536 4187 538 2897 1106 1982 4545 1030 1807 2460 2526 46 624 2028 1019 964 3436 1315 2675 1288 4910 2692
2089 4563 1294 3391 757 154 3822 3955 2005 1370 2616 2530 2767 3507 2446 1581 394 4095 4789 1849 81 531 324 3031 3678 1862 834 2846 4667 1610 4713 568 2284 1961 1649 2128 1374 935 1571 1544 1245 4048 1915 3629 617 2199 3652 4390 4599 4634 2100 4210 2024 2404 4759 2203 4147 1673 4990 2055 634 3503 4121 4050 2076 2415 4642 4416 4180 4367 2782 4782 3648 1069 2457 1254 3591 634 822 1778 1462 4698 4379 323 3802 4284 3368 2212 4380 4727 3596 3416 826 2775 3563 1689 162 4734 3691 1020 540 284 2407 626 180 2545 4874 3612 4539 555 1206 4182 1099 2025 3197 707 4628 4118 1420 1459 1353 3806 4269 2969 3187 2554 2272 1945 4943 4398 161 2714 3298 4543 3351 528 3849 3293 1451 2109 1307 2117 3139 375 1001 4695 1432 1998 3525 2184 288 2898 3548 3452 3013 3955 3037 3245 1865 1499 2605 3332 2533 2634 2102 1779 4384 4609 802 2718 3737 1632 1025 1779 1296 3766 3883 161 3805 1031
330 4705 3705 4902 3732 653 470 4478 1217 1478 3894 3810 3981 45 1889 1979 4660 3585 4724 3397 2484 324 2141 3878 552 2715 1427 2853 2936 1920 1011 1903 3789 2646 2472 1381 940 4774 2159 1257 1110 1803 524 475 507 4858 2216 2584 2876 3694 4922 4849 1910 4352 3302 4223 3084 2815 62 3287 3302 2356 856 3155 3312 4600 950 673 3713 4191 4218 4803 214 4289 2031 3467 4287 1714 765 4301 637 4199 4685 3648 3216 626 2675 4841 4719 3381 967 638 186 2447 2029 2371 1593 3277 1138 1766 2191 2950 311 2022 417 1154 3507 2761 953 3042 4958 357 3759 789 1784 744 659 4044 1602 3828 571 3873 3119 2742 2038 1212 4387 3496 4084 4067 417 3022 3706 918 3167 4190 3367 2771 997 3918 4452 4682 3177 3998 1302 4095 627 3996 1090 651 3885 4707 2463 597 1945 343 1702 3504 3875 2988 983 1819 1995 4840 2431 1004 3593 851 626 2677 3031 695 302 3356 1626 2685 208 4947 4931 554
4759 3368 1316 3495 1603 3940 2525 972 158 3895 2119 3967 2591 25 2283 1147 4422 430 2445 4472 1572 3031 3878 1054 1232 2074 2552 1835 2543 138 3492 963 45 2884 3635 3522 4147 1170 2321 4363 1298 147 1305 2685 4974 677 1686 2524 3073 3807 1130 4071 3875 1724 3223 2607 323 1321 3523 798 3168 2624 2738 2232 992 2463 1594 2817 3530 179 3299 781 685 4028 4443 4969 2820 3602 2384 3149 2412 1052 1625 4300 1813 551 1422 2982 4998 4425 3205 1219 4732 3380 1763 1705 3277 3108 2453 1648 3864 2355 674 4482 837 2179 4899 1837 4799 1822 1011 291 3750 548 3298 1784 2766 2318 2297 3322 1183 1876 4034 3386 1247 3605 1986 1254 2001 873 4183 1619 263 1853 3791 245 818 235 3612 2052 1077 2124 1968 468 1242 265 4013 808 1697 1025 2197 4481 238 2713 4849 2598 2897 1588 919 658 2451 4332 4325 3770 4362 2234 1447 2030 3559 629 4689 4318 2300 269 3090 1889 658 1647 4196 2774
2183 1397 4562 2330 2398 1944 863 2680 1094 2655 4420 4422 1043 1534 3124 3781 4547 1120 1564 2927 4943 3678 552 1232 4873 514 4797 3753 4679 3068 2989 1012 4723 1011 3430 4638 4121 2418 2742 1692 1856 3830 1362 2925 3175 1502 4873 4097 3849 419 635 3396 3413 2792 3541 881 2653 2513 471 3900 3440 4829 4050 133 3523 4976 2543 640 1199 3173 4685 3780 2321 3660 4267 2257 2963 2705 552 777 4917 163 4924 2587 2628 1419 3278 99 1936 4016 4260 3318 4340 4030 962 3018 2578 3314 3153 2055 3894 827 449 1877 1886 1643 91 4660 1723 823 3019 4377 2839 4546 2657 627 2982 3100 3810 4456 524 1168 3445 2881 4358 3916 774 2611 1693 1069 4681 1142 2103 128 3578 2880 4860 4840 4314 599 3726 1576 2122 2754 1174 3062 285 841 2088 3294 1855 483 4962 719 4323 2741 219 3713 3845 2385 3899 4168 689 840 2509 3806 3668 490 3018 47 2969 727 16 2950 4724 4331 4667 104 925 2072
1814 4054 1881 3510 1101 202 96 4184 2985 1028 2607 2651 371 1762 4896 2997 3001 1770 639 4179 403 1862 2715 2074 514 1490 2712 3469 3965 283 3947 3065 1234 3488 2670 1848 3637 4840 1346 181 2505 787 4555 3868 3505 892 929 3938 3107 336 3530 4333 1506 2432 2357 834 882 4400 3213 3032 4804 2807 765 1098 3065 2399 3512 2983 3544 2268 4703 4815 3428 3434 188 827 999 2601 1758 2508 3706 1544 3605 3243 2572 3339 60 2222 4832 1230 4777 1480 1987 3805 2997 2481 3005 4144 3431 3445 4025 13 4052 1071 4464 4008 4088 2045 2403 4548 1791 3264 906 4742 2665 392 4280 247 508 3791 2876 4228 2008 4353 4256 866 471 1844 3725 1315 778 3812 2651 3574 2644 2889 3835 4761 102 210 3045 1283 3388 2309 2084 1475 4334 565 3837 3098 3229 969 3236 1891 2799 4420 2115 3607 1923 615 1852 1194 16 2665 4599 2302 4055 4840 1498 321 3275 4587 1866 3612 2445 2790 156 4104 4390 3578
1545 3320 1950 2294 4113 2366 1158 1686 4574 4396 3480 274 802 3542 4857 1975 3075 4957 3223 1115 2880 834 1427 2552 4797 2712 411 4996 2881 3942 109 365 3117 1316 2108 3031 1171 2984 1418 2533 2473 3867 2848 3923 745 2440 3156 2424 4311 3326 1822 3429 587 2321 1429 4982 1439 27 2261 3349 2849 4338 1596 3347 2600 205 1578 74 2485 363 774 3940 1479 2193 485 4337 3427 1964 4507 3676 682 4912 1382 1985 598 2798 569 4915 1974 4293 1362 4052 1652 3469 820 856 4426 620 3083 2391 2372 4181 2683 2709 2494 3340 2400 2466 3423 2490 2136 3210 2017 1209 3573 3688 1269 190 4848 612 1825 4526 4693 2309 425 2573 2312 4579 891 1999 3210 3258 601 2318 411 3403 1177 3373 3682 1239 1969 1069 376 1456 1690 4429 2635 434 1876 2705 4169 4260 4177 632 4435 584 625 2913 1588 4221 1100 91 161 4365 3275 2796 193 957 2698 4000 645 4464 1540 3356 4046 289 3548 4706 3256 3597
4851 1572 3342 3777 2955 638 3618 4241 4482 2134 432 636 705 906 1389 4791 4933 3282 575 2064 1930 2846 2853 1835 3753 3469 4996 4271 1230 2050 1189 999 2612 4519 631 671 3448 3588 2876 3258 1598 3159 3011 4451 1683 2936 4280 2642 4900 2846 2743 2834 3296 3885 4429 4112 2316 1775 3239 3726 4562 3591 1712 4104 2194 3480 4131 1803 1441 98 3178 2521 2121 1989 4024 1974 2310 3242 331 2179 3203 3260 3203 485 653 3062 2834 3876 3673 1540 4099 2472 3592 2993 2486 4882 1303 166 4529 4452 3115 4759 4458 111 2708 307 2030 3693 1523 1511 4956 2422 3082 807 726 3331 482 774 3590 1526 1691 1878 3085 3651 125 67 1267 1073 2243 162 3189 1695 1156 2956 245 290 4236 3228 200 2988 325 481 3857 235 3164 1955 3504 1970 4854 2845 4267 1353 555 3430 4488 2823 914 3801 2983 4734 4528 4950 2552 422 2190 2128 2037 1219 4231 4131 2970 4152 1101 4417 439 615 1896 3231 789 4036
1808 1137 3027 377 837 594 3026 4488 1490 3563 4625 1402 4641 1704 2942 1033 944 2564 1506 3932 93 4667 2936 2543 4679 3965 2881 1230 1722 2532 1602 325 412 963 1383 1555 4396 4493 1690 1121 1028 3306 530 2583 3607 576 1995 2995 3860 3381 438 1647 1350 1827 2073 2364 2019 1274 2870 4033 4254 76 2279 1081 1489 3366 3545 280 4544 4555 2449 1531 1854 505 1575 700 2783 4715 4439 2541 364 1565 859 1050 2604 1840 2912 885 43 329 2645 1001 3647 449 224 496 4834 3963 4574 1991 2400 580 524 2646 458 2717 2481 3214 2128 4887 1015 1351 4563 271 3974 2628 1867 2516 541 23 3990 420 199 2317 2225 1496 4445 2898 4782 2765 773 2893 4236 1794 3688 4136 672 3320 4672 4627 2121 716 2798 3931 1391 2015 505 1055 1488 4150 577 451 750 2910 308 814 777 2254 2010 3495 525 2164 227 4549 772 477 1968 1369 4402 3894 4301 4414 642 3790 1413 3086 4879 3895 1412 4558
1320 3887 1151 4645 1078 1629 1692 1111 2699 565 901 25 1225 1626 717 4296 4511 2005 3717 1523 4015 1610 1920 138 3068 283 3942 2050 2532 2091 614 796 2070 4349 3619 198 3668 666 2957 2567 1746 3083 356 3267 630 771 2329 3616 3707 2041 3916 3459 4210 1441 2720 2115 870 3242 2287 2320 218 2458 3857 1632 813 4817 1006 3765 463 1846 2737 216 3178 4511 4136 1056 4237 2182 2052 1931 4515 3872 4719 4730 2229 3330 2948 2242 2620 946 3700 3073 1979 2574 668 2771 3767 2222 2879 1823 3068 1434 2913 1050 2887 4728 4619 830 2353 222 3560 1475 175 900 3615 1779 2982 2294 3627 2114 2427 3832 1943 3023 4175 4047 1978 4724 677 1761 542 1752 3308 42 4612 2491 573 3258 1181 3774 393 2989 791 1806 4977 4668 1041 1342 4516 272 1184 2182 4575 4883 1311 4208 794 4604 2630 2491 4571 2028 3839 2195 2671 723 1550 3308 4035 308 1745 4579 3585 2386 2269 2587 3648 2056 2587 1903
4655 2725 150 4806 984 4593 479 952 288 4381 1117 4722 4181 209 3705 4980 4268 1367 2594 2225 3895 4713 1011 3492 2989 3947 109 1189 1602 614 2139 438 285 3253 3997 3164 2238 4183 3530 3788 4900 627 4076 2031 3165 4986 3279 2346 283 4070 2804 17 2079 1452 3108 861 3376 1188 3536 4650 3703 4919 2226 633 3579 3140 3630 234 1135 3998 3859 3444 2488 2213 156 3970 2326 3070 3344 3792 3882 2364 1356 2684 2729 3414 2336 4168 1294 3810 1335 3966 2643 1530 3993 3580 1226 1667 2398 55 2739 823 404 4820 1628 4900 4168 4578 1299 2711 3796 418 2570 1848 3700 721 3466 2962 661 1835 4104 3492 3151 716 2156 927 1802 1825 3108 3764 2848 164 3513 2246 57 2631 2856 2455 3665 4518 1371 901 3348 2646 236 2058 2576 2406 1220 4745 657 3637 664 3501 2315 109 900 2842 4962 397 4225 488 65 316 3530 4705 2580 3629 1026 4352 3886 1076 2246 2973 1690 2753 913 2580 2916 765
333 1883 4471 4896 3002 20 712 2225 4856 4930 476 3641 315 4566 3274 3796 929 2248 3975 2637 482 568 1903 963 1012 3065 365 999 325 796 438 3973 1362 1253 2728 249 3111 836 3749 606 3168 2929 3410 3311 4655 4477 2513 2375 4653 1401 4936 2070 1404 4927 703 371 4645 151 4391 3666 270 4370 1507 4358 3598 4407 3843 375 1114 2860 966 2965 1333 2520 3352 4521 2121 1436 3384 1800 3087 3319 3517 3977 2564 1146 3106 2608 2570 4626 4767 2479 2402 4410 1481 1928 1803 1587 4047 4613 4339 2370 475 4187 163 2415 4553 2978 2121 525 2355 4215 4079 4779 1644 1926 3603 2881 2774 2134 1630 1162 3531 3777 2079 1402 305 2024 1006 4319 4723 626 4459 2319 788 3687 2005 3824 3188 1990 544 4094 2899 3584 757 373 3095 4540 2537 4309 535 3217 3600 2930 1348 3103 3648 1299 3916 4612 1363 2599 1757 787 2312 4274 825 1215 2235 3487 2750 4614 3287 551 2807 4707 2117 2166 3527 798
3671 3853 3482 1876 4978 3338 2683 2378 2174 4120 2770 998 2506 4764 669 4659 3600 4940 3289 3621 3130 2284 3789 45 4723 1234 3117 2612 412 2070 285 1362 844 4967 267 4693 3543 2550 2689 151 4887 4189 3909 1088 1796 3666 223 1714 415 3469 2814 3660 4578 3271 2920 965 2231 462 1768 749 1794 3437 2007 4237 2035 3052 1674 2388 3842 932 3125 3605 25 997 4424 2575 4778 3054 565 796 2657 2094 671 4502 3207 413 4722 3844 596 3917 2702 4527 585 2120 2861 267 4787 3721 1169 231 4241 198 2832 1416 2618 1382 3060 395 4728 3125 1586 3151 4569 523 3304 4367 468 3052 1389 3881 2935 684 1258 1904 2791 2865 3669 1191 3584 4244 2263 2218 3972 2390 997 4533 1513 3652 2931 2683 3779 4237 430 86 4148 2365 3587 4293 4071 1663 1379 4280 3567 2470 3358 1893 3547 372 2916 3305 2391 1226 2847 1131 3312 2482 4041 2110 4714 807 3496 2810 1404 1863 1214 400 283 1599 821 228
4754 4949 3679 3653 4433 466 586 1737 4769 2375 3628 3827 2534 1479 657 417 4703 3523 3119 1098 1280 1961 2646 2884 1011 3488 1316 4519 963 4349 3253 1253 4967 676 3933 2270 3430 523 1273 2054 4983 493 541 4724 2585 3799 3035 2389 1110 2200 4101 2402 3747 2976 2564 666 3674 3969 434 1489 653 1571 2051 101 4324 4919 3115 3036 1219 2218 519 4877 524 4489 3925 596 1908 1203 1855 190 11 3946 3848 2728 850 1714 2229 4508 2498 2129 74 4573 3853 776 239 878 962 965 2788 318 1188 2034 2260 4846 544 2370 4294 4393 266 861 682 2839 46 1501 4005 321 3475 4927 2113 2243 4337 3429 384 739 559 4072 3934 4574 2967 1090 760 2584 4084 1260 4695 1420 637 4500 440 773 4740 2828 3961 366 1149 2529 79 3066 4388 3692 2508 2343 583 1746 4094 4324 358 4042 2415 3598 3857 294 522 4469 4699 3633 346 2267 570 728 4690 4271 4141 760 4199 1632 2552 895 4477 1439
254 4910 1287 3291 734 2751 2034 562 25 650 4665 4132 4322 4296 1050 2215 1350 598 2720 1249 4652 1649 2472 3635 3430 2670 2108 631 1383 3619 3997 2728 267 3933 3100 1328 1807 2225 4138 4478 995 745 2143 878 2874 3954 4841 3189 1691 2412 1562 4495 1093 4636 4135 2789 178 2517 342 1160 3580 1569 391 1580 4129 1511 709 2603 156 668 1662 58 2556 100 4845 3299 4522 909 914 2905 3624 2145 1103 1820 439 110 2299 3480 4034 1148 2211 3803 2596 2642 916 1107 3354 1059 1827 4801 168 1332 4656 2478 4505 1660 1436 75 4467 554 1329 21 3668 3146 409 3313 4688 1494 1901 382 784 4943 1375 4455 41 3055 2267 132 1674 4651 723 2331 3743 2905 2028 4636 404 4842 1140 2472 2218 3119 4908 838 3946 100 4441 4659 1197 4426 4924 74 4266 2717 4298 1783 2389 3928 3488 3060 2682 4259 4740 4471 3113 645 3979 204 1924 2868 311 3247 1437 1353 968 4154 4930 3433 2842 1754
878 2627 2013 1730 3540 1904 847 538 997 4835 110 3577 2716 1839 2812 3256 3447 2858 4122 2300 2703 2128 1381 3522 4638 1848 3031 671 1555 198 3164 249 4693 2270 1328 4230 1153 4028 2785 4403 3827 3577 1351 4300 4242 1921 4194 358 4306 2970 707 3617 1848 3017 1353 1784 559 3523 2841 1620 2603 1886 3665 2887 4295 1049 1778 2088 1385 3872 1502 1076 636 1276 3152 1983 4605 2554 3562 2372 1295 226 3851 4695 3627 1469 395 1005 1014 920 4124 2062 1649 2296 549 4037 459 4481 3147 3779 2766 1975 2291 2695 4215 2049 2436 4712 2586 712 3758 1241 1747 3609 1187 1228 3894 3315 3584 2909 3867 3808 3270 3576 39 833 1928 3754 3982 3869 2968 335 57 1810 83 3001 1004 4214 3650 3198 3477 3818 2518 562 1996 563 1090 2446 4828 2141 2512 4112 4601 4790 3371 2196 4691 3403 3003 1463 3419 3514 3922 496 675 176 3522 699 2712 988 1490 3780 842 191 3950 4847 1138 2472 1097 3322
2829 1595 4736 4469 1500 1177 3571 4360 3479 876 185 2336 3221 1129 4070 2457 662 3907 2165 2978 621 1374 940 4147 4121 3637 1171 3448 4396 3668 2238 3111 3543 3430 1807 1153 4265 3523 1413 2623 4273 1516 351 1139 3814 3449 2843 3542 4741 3550 2229 1855 1799 1032 1559 4738 3492 1366 1741 4958 4432 3268 3937 4017 3896 4920 4731 2712 1629 2717 3342 4511 1592 4951 3099 312 799 1151 3203 1546 4199 233 1348 1942 523 2078 3947 1241 2087 706 4815 4602 3265 1814 4524 449 3514 1363 2984 1283 827 1659 3341 1591 3070 4618 3738 1799 2743 3451 1633 1367 2943 3403 1013 2072 2460 1058 3280 2194 3131 3702 1624 4818 2422 1991 3244 4675 362 2023 3883 2987 2617 32 1801 2983 2952 3058 2548 3856 4988 4152 3166 3929 3923 3847 1551 188 3552 481 3478 3109 2395 3019 1458 2869 1896 3031 1076 3801 676 1921 1367 4710 4892 1168 2562 3410 4094 392 2442 3501 1221 1521 1479 532 3079 4064 3030 1007
3723 1692 3188 2973 665 2751 1450 1826 3241 1730 3163 2659 1628 365 3212 2495 1083 495 286 2300 1617 935 4774 1170 2418 4840 2984 3588 4493 666 4183 836 2550 523 2225 4028 3523 2629 3261 1913 3632 2910 3790 1312 2915 876 3435 3862 2999 4007 4003 4346 2650 1025 2018 1922 4165 2843 4542 3958 2499 220 3905 1029 3400 1037 322 1298 4697 3190 2650 4650 1504 3583 2312 3554 3617 4957 4289 2822 410 3888 3856 4259 2504 2115 3537 2261 3883 1274 25 3159 619 846 1669 957 4519 4258 2107 2241 490 1927 1438 331 2472 333 1294 2714 4651 2567 1904 4302 3114 672 3226 950 4930 2555 4411 4031 1749 3372 4143 766 4720 4734 4964 2743 1938 1889 3782 3703 4203 3456 4849 2833 3990 4348 650 404 4074 4837 1603 2679 734 442 4588 4200 2444 2136 1208 613 3069 3829 3284 3886 1213 1797 1627 2277 3808 4889 4213 4993 2745 1503 1513 2574 2117 1472 78 1536 692 950 765 4888 3295 4355 1438 2202
3781 1437 654 1117 2648 4034 234 4845 4437 2276 3273 1569 4289 486 1984 1643 4605 3117 4888 52 2407 1571 2159 2321 2742 1346 1418 2876 1690 2957 3530 3749 2689 1273 4138 2785 1413 3261 3552 3470 2513 1759 978 3926 3253 4902 4153 3149 4895 3583 532 1542 1018 4778 2613 2200 2064 544 4444 4128 1826 4519 4651 1694 2789 2367 1119 75 4911 4333 4048 4109 807 1489 3135 1478 3649 1876 1468 301 3702 4503 1265 4420 1660 2331 3412 4664 2763 578 2226 1552 4738 3994 290 832 1347 3570 737 1305 3107 2801 1961 1692 4933 4927 1171 1296 4818 2924 4565 1244 4288 3196 2136 1216 3329 2919 280 637 4533 2145 1226 2519 4826 22 2708 2033 3908 3948 3867 4597 1329 3631 3326 197 3606 1880 4302 3749 2205 663 1161 3262 240 176 3030 641 4741 538 3083 4053 2841 3060 181 4106 2000 1670 176 4086 1275 1947 1912 871 682 1332 3273 3481 2856 1804 336 668 1394 3445 2245 990 1350 1097 4896 4722
678 2348 2439 4653 1059 4074 4173 3928 795 3113 594 1400 2571 2967 1656 761 2858 4045 3700 3585 2936 1544 1257 4363 1692 181 2533 3258 1121 2567 3788 606 151 2054 4478 4403 2623 1913 3470 869 3948 685 4900 345 4208 161 1672 822 1280 1491 187 4773 3097 3838 1188 2668 3115 4802 4885 401 2790 3536 1094 616 3080 3088 1740 3140 778 3108 2339 1503 1789 3640 2666 4830 4839 2471 4487 4439 4580 2495 4320 2659 2846 2006 3691 1844 3169 2358 1244 2552 4269 473 4267 2597 3977 733 3100 2907 2701 1884 2379 4955 3513 355 3582 3918 3576 4742 4054 3100 4183 4131 2851 3233 3979 4177 1995 2830 3809 4419 3756 3616 4245 3391 1834 3182 843 3871 1564 3305 3552 4417 1119 4684 2712 2486 3123 2788 2872 697 2751 3385 4420 2481 1585 214 1465 1696 4099 3322 3494 1241 4808 4900 211 2850 2703 1235 2182 2629 4481 2535 1630 984 2034 2746 3672 3003 101 3414 335 3661 958 4003 948 3823 2583 1996
2698 4219 1274 2909 3915 3970 1118 3514 59 641 4970 919 2923 3217 2030 2499 2313 3867 231 196 2941 1245 1110 1298 1856 2505 2473 1598 1028 1746 4900 3168 4887 4983 995 3827 4273 3632 2513 3948 1406 2778 3900 1870 4745 2049 4239 2246 1991 516 4908 2125 4459 4970 32 3712 2818 718 3087 288 615 1824 272 711 1173 4522 1089 2927 1639 1430 2275 3340 2615 3345 4492 117 3195 1941 889 2421 2726 4182 413 1128 3452 1547 2155 2564 547 184 2180 2732 2392 1916 4135 1135 231 1866 1792 2816 524 615 2880 714 3980 2655 1402 2660 1963 541 2922 2652 4635 2410 4354 1591 4323 4639 4045 2788 2386 3826 4830 3428 2562 1760 170 2866 4292 97 1189 844 2775 4749 2663 3455 2546 3711 886 1739 672 2459 2835 3821 456 2828 2708 1103 90 708 2657 3649 3379 26 2926 3209 4304 781 4684 1244 3616 4637 431 3132 2865 2234 2513 3977 1087 1636 2937 3731 553 971 38 3113 1318 3433 4457 1086
2519 2098 4760 2356 2943 4851 1966 4774 4229 486 1537 1830 879 33 773 3338 1129 3277 2481 1464 2653 4048 1803 147 3830 787 3867 3159 3306 3083 627 2929 4189 493 745 3577 1516 2910 1759 685 2778 3496 550 1709 4332 1850 1904 3661 2038 2637 3403 3113 2418 3140 962 3938 1038 486 2945 765 1111 1034 43 3308 4450 4074 4876 770 558 759 1962 2112 3691 2594 4578 2669 2521 3191 510 93 531 2482 3228 1370 4926 890 4943 3787 557 3852 1142 2413 319 3158 1412 2546 4163 450 4338 757 4770 1161 4311 2664 575 4688 3167 72 593 1523 925 3850 1536 434 2348 3361 4510 4195 4945 2494 3869 1734 4410 2929 2441 1460 1214 4097 1590 4689 2029 3842 2486 3517 4785 3572 3041 367 203 1808 580 4836 4528 282 2891 3566 2883 938 232 1299 1369 4344 4773 4765 2878 4529 1060 401 1228 2557 3840 399 3393 523 4882 3509 1677 3661 2010 230 2600 1406 622 4031 699 3774 2894 1074 1635 2128
4474 1549 1197 418 4246 804 1714 1198 490 4504 1776 3975 1199 900 4424 3888 506 2450 3700 3668 687 1915 524 1305 1362 4555 2848 3011 530 356 4076 3410 3909 541 2143 1351 351 3790 978 4900 3900 550 1598 537 491 1757 2120 4608 3680 4293 280 3758 3914 3527 2571 978 2522 1951 2944 1530 3422 1479 979 4475 3683 3824 3535 2330 978 4511 3161 719 1250 2851 1902 1815 2118 1439 4431 2338 2325 3734 2805 1141 1478 548 177 4686 3473 451 3996 995 1581 2107 3997 4480 3389 1683 1958 2761 3361 1416 2203 3584 1401 1073 2722 180 3632 2011 2880 1483 3447 3944 2600 3327 4078 633 4259 1262 2515 666 301 4862 3479 1027 1025 4234 2126 2850 3365 438 518 3371 2861 4998 1491 119 4530 899 3069 310 1474 1780 4890 3670 1751 484 2865 236 2859 3555 4767 164 2205 3680 1456 1444 2085 1738 1358 4400 3823 4222 1708 4130 4923 1353 1975 2145 4135 4912 2547 970 3042 1476 103 1358 505 432
1575 1320 3921 147 84 611 2513 3684 464 3078 2014 3142 992 2825 746 1545 1732 870 3076 4410 4884 3629 475 2685 2925 3868 3923 4451 2583 3267 2031 3311 1088 4724 878 4300 1139 1312 3926 345 1870 1709 537 1224 1759 3508 16 2580 2669 3356 706 2483 4662 1606 4746 2878 2732 4944 4446 492 3995 723 4766 1671 4450 4508 2987 2728 1309 2229 1499 2990 4734 241 725 229 2467 2889 134 3423 1929 4336 1440 3023 23 888 4432 3108 2720 3477 2954 1763 3518 3993 2852 4190 3950 4524 3446 1667 4615 51 202 4999 437 1417 1555 2373 4618 3969 3476 2262 4526 4621 3134 3039 2861 3824 909 1373 1836 3438 2896 4765 800 1350 4106 2066 4830 4181 2059 2464 4613 4503 1762 1279 1453 4265 1806 2050 2134 3196 2050 4465 1106 1836 4910 1174 2517 4498 4799 3468 2706 2787 4355 2101 3971 3032 1171 2152 3909 2591 685 689 354 193 1452 190 4570 430 4352 3573 2526 1711 2212 2612 2289 166 2562 1237
508 3699 671 788 1879 4333 61 1692 160 4054 44 3766 1644 861 220 4264 1828 456 1153 3884 3130 617 507 4974 3175 3505 745 1683 3607 630 3165 4655 1796 2585 2874 4242 3814 2915 3253 4208 4745 4332 491 1759 4575 1599 2742 552 4839 3337 2258 868 1961 895 580 2073 4016 4920 2464 4838 1218 3784 4069 1247 3535 125 4544 1181 2869 615 860 2138 2487 569 54 3797 2727 2746 3952 3242 656 4450 1347 3459 2377 708 4490 1950 233 1438 1041 2866 894 3066 1820 1044 2822 1159 1026 2104 453 4426 3063 3756 1042 704 3417 1439 2468 3944 641 2067 2474 3907 2514 3669 4145 3875 4219 4896 2945 1791 4901 1914 2548 2177 2855 1721 3072 3906 288 2067 2272 4240 2551 296 3087 4080 4908 1525 376 975 3847 681 1437 538 3416 4323 3871 3741 1071 723 2316 201 1293 943 963 2044 3940 3976 1784 1486 810 3232 1282 828 581 1263 1461 1555 2160 1087 851 4676 4509 3983 4515 1381 4344 4894
