N: 180
M: 36
Symmetric: true
Triangle: false
6 94 172 121 108 19 160
9 69 77 129 29 60 45 25 6 33
5 9 13 37 26 100
4 43 104 133 3
4 162 63 20 115
6 122 30 150 161 41 118
3 154 174 79
2 97 61
6 132 151 54 82 99 145
4 40 57 36 116
4 102 140 84 81
5 137 85 169 65 59
6 91 87 119 10 8 176
4 46 44 68 34
9 14 17 134 159 131 179 130 93 58
4 168 156 73 88
2 146 126
8 165 80 90 64 15 51 127 92
5 149 16 71 155 136
6 113 135 103 50 35 180
3 147 107 112
6 78 111 158 55 18 167
3 178 173 2
8 86 67 74 101 138 175 157 177
4 22 28 109 7
6 53 27 139 4 171 128
4 125 56 143 5
4 124 105 89 164
2 49 72
6 123 152 70 21 170 141
6 62 12 75 52 144 32
6 47 83 24 153 98 114
7 23 117 66 106 95 96 11
7 76 110 48 163 148 39 120
1 166
5 38 142 31 1 42
1489 1023 482 2374 4640 2826 4816 4762 2736 2560 3910 1302 1783 1947 4957 2308 780 3101 1874 4777 64 211 853 2744 4213 908 2096 277 3290 1416 2962 1904 467 1146 1779 1568 4535 673 3613 4860 416 2910 515 2842 3940 296 2544 1171 3648 2148 418 1994 1733 2058 2293 3308 3151 4164 1775 272 3986 4879 2626 3958 3439 3539 2908 3706 1483 4670 3042 480 3890 4022 719 564 2795 809 4402 383 593 3304 3446 1398 2371 2681 258 2564 2436 4525 2038 1256 496 220 4968 2068 294 2507 3422 4848 3471 3057 2676 4229 3122 4906 3211 4328 3129 3673 1010 1302 871 4672 1802 4283 2767 4908 639 60 4313 4389 2167 106 38 1871 1151 4668 3084 3654 4621 2483 4101 1564 1939 2608 2806 4479 1387 1596 4993 2542 1265 55 1142 1068 213 1102 2706 1358 3258 503 2441 1191 2406 1889 4177 2689 2765 463 3652 2639 1401 1326 2738 736 1503 3312 3753 4289 2207 3618 3311 1218 1539 4679 143 4861 945 3158
1023 3694 2990 4994 2125 1796 650 2545 2412 4189 376 4877 1291 3415 537 1906 4956 3144 293 135 3680 3213 4813 3199 2256 849 751 3195 2434 749 3306 4426 654 1840 1737 4342 2952 3586 458 2806 2697 2137 1622 374 3295 1052 2226 199 4886 4922 181 1501 2151 288 25 1932 510 1132 1780 1785 791 392 4422 4618 4660 4257 1786 2034 2617 695 4361 897 2659 2229 4040 4199 2543 1773 2001 2372 1268 3233 4797 768 4903 3148 2949 595 707 451 47 2705 1360 1760 4207 787 129 4790 2267 2628 2752 4967 4302 130 3375 3856 3734 117 3668 2167 3648 4735 3371 1095 411 325 2361 4173 73 3427 2460 2307 2441 4493 2531 3916 4228 1813 1440 4420 3050 2725 702 4571 1693 1382 4610 3084 2274 4966 1029 1784 3191 3245 4535 3944 99 1920 3473 4202 3147 3260 4254 710 2423 1711 4597 512 4009 1658 4503 2483 2839 2204 4518 2077 409 4180 4175 3944 1585 248 1349 3131 2965 3168 738 4509 1707 891
482 2990 308 4203 4725 1363 3302 2735 3587 676 2688 3267 389 3635 410 2328 3611 3460 4379 3430 2635 927 2763 4462 3192 4520 4052 68 4374 2934 1480 3125 3818 4023 4618 1831 1155 4043 373 4785 1093 3983 4979 4637 355 4670 4445 4180 533 665 4372 523 2637 4686 465 601 1227 720 784 4376 4247 3170 386 2935 1020 2870 4766 2151 1980 584 1398 3602 2391 1464 3041 2154 3670 2637 425 1403 3408 2525 472 4687 2161 4070 2544 3835 2049 4720 2399 940 575 1024 442 661 3302 528 1054 2850 1378 3367 4581 1453 3270 4362 3129 1645 2907 4475 2873 505 2772 4943 2233 4986 2993 1399 3103 3941 4074 3738 3633 3699 3830 1311 1247 2186 307 1692 369 1578 3751 4740 3902 1903 1933 71 2670 2875 3084 3209 4789 2242 1091 2601 956 4975 1181 2528 4345 3511 4649 4090 4774 909 1392 2644 4289 3686 2156 3966 4409 176 108 1503 3373 4128 4527 3155 580 3922 1351 3678 4948 3497 3662 428 4793 803
2374 4994 4203 1438 293 2445 3659 4429 4941 73 3788 3402 190 842 347 254 4370 4197 1800 3598 2496 219 3164 458 4759 616 3799 106 1726 466 2703 172 3921 3256 2885 4282 3723 2731 4919 79 2364 1254 4882 4143 3206 2676 4071 1174 1135 639 4250 2418 3787 4803 796 1027 3082 3125 272 807 978 3607 4343 1867 2123 1927 3293 1131 3036 1832 1742 1707 3076 738 582 1095 2221 1245 3288 4890 3044 4466 2049 1516 3498 3717 2435 1191 2887 854 255 3465 1512 134 3216 1467 1338 812 1377 3886 70 4423 3885 833 3019 946 353 3503 4650 2015 374 1990 3019 4449 881 2770 1841 368 1629 297 3143 526 2954 4894 2063 2407 4465 2787 1251 1393 3183 103 1166 1215 1502 1742 2038 4804 3585 3757 679 4429 4792 333 2337 972 4761 3150 71 1577 995 834 4395 4770 1224 2340 2362 1309 4568 3394 3024 1478 4757 1815 4885 290 4248 2420 217 1694 2128 2725 3136 3445 3322 1168 2861 2135 540 2621
4640 2125 4725 293 721 4077 4770 1244 4716 2475 2019 2906 4454 3987 48 2087 2553 3991 4385 923 1558 4899 2902 3835 3635 4976 230 4697 221 11 3671 3548 2704 1849 1493 4258 3269 4313 3235 4585 2077 2293 102 3452 1309 903 3059 4654 1215 3119 1838 2626 2297 267 3185 256 4354 4468 1456 755 3146 1932 1916 2953 1854 182 3989 4185 1405 4057 556 2577 3124 3366 867 174 3921 1174 2709 4361 1499 132 508 4569 2085 3503 959 3766 1404 1052 3594 2320 1141 3167 2916 1605 410 4548 2090 1961 2303 131 4630 2694 2850 2134 2098 3248 3239 397 4061 2746 1381 484 771 1838 467 2412 4392 1942 2987 561 1699 620 4397 1474 1891 4226 4917 3897 4926 1076 1451 865 1126 4062 1043 1402 4824 1698 702 2115 1528 4175 541 2560 3503 3316 697 4801 4602 4125 1138 2748 457 178 1049 1997 3886 3272 518 4715 636 4833 4457 2301 2775 1979 2616 4475 3782 1011 4938 941 2268 69 1296 3768 550 2491
2826 1796 1363 2445 4077 2003 2786 1066 4227 857 1599 1540 1005 4959 2574 236 4755 142 370 4635 4366 4664 2792 115 4701 448 2946 1746 3607 2517 1297 3152 1074 3087 3254 923 1785 1887 2287 2431 2893 3770 355 1696 2235 66 1568 4590 4167 1482 1704 367 298 4747 849 1371 1764 4429 780 2080 1616 4012 1954 4274 2872 2769 2607 627 3223 1486 4521 2552 4044 1366 4037 4214 3991 3091 15 2192 1103 2209 2367 1888 3945 10 2779 4019 1502 2329 322 133 2684 4177 1336 189 3867 1266 1029 4476 1693 2872 3765 465 4093 4062 2961 4801 1875 3199 131 3081 3107 2174 1930 3793 1656 3700 1905 1466 4840 885 4780 3164 1965 397 3226 985 2532 2516 1210 1962 3511 3244 38 382 3376 528 1101 3671 3253 3876 3663 3930 3167 1850 3627 4273 145 1089 31 2836 3160 200 782 3815 3722 1007 2692 1231 87 468 3251 2105 785 938 1853 876 749 2964 199 1471 1803 4508 251 2993 2815 2450 899 126
4816 650 3302 3659 4770 2786 1256 4691 731 2592 3439 1106 1059 4624 4627 1580 2833 689 3955 4568 1816 2978 1895 2654 1854 2799 2221 1354 4440 162 3400 627 1473 1795 472 4050 1444 794 3561 1887 3715 4738 1508 4459 1988 164 397 1066 637 2093 3498 4943 401 988 4100 4853 872 3175 4930 1033 2347 4709 3125 1052 2649 228 1717 547 1272 4217 818 891 1604 104 1911 3632 3066 1415 4047 609 3279 2313 3115 1253 1372 3875 1993 4136 4922 2020 3320 3930 1250 2063 4159 2093 2506 3334 201 2489 210 765 4472 834 3783 3131 1687 2349 3615 2860 3525 599 206 3513 4079 3068 3311 2512 1289 350 2627 1858 1763 4157 199 2600 1292 681 2000 3278 2361 3004 2209 2352 1845 2197 1308 2625 3638 4869 203 1295 1909 1774 4443 515 818 2881 4801 908 3566 1679 4874 4110 3467 4188 4310 980 4929 221 3943 235 4194 2385 998 580 3548 4249 628 2174 411 3719 33 4930 3432 748 3469 2410 2814 3201
4762 2545 2735 4429 1244 1066 4691 2586 4064 2805 1526 2931 2406 2221 3252 4512 4168 360 849 2309 1706 1329 4306 2219 2375 342 3582 2917 117 1295 3030 609 3935 394 1739 4458 3624 3426 1474 4446 3395 4191 3912 4621 2203 259 1251 4018 14 4659 2342 351 4105 3435 845 4585 1980 4483 1787 2648 2160 2040 3508 382 1685 212 1790 4789 1495 4671 2332 4785 931 3173 4201 926 4824 4441 2512 1075 3915 328 4307 1269 121 2514 4002 4337 3177 4253 1960 4064 2735 2525 1342 3527 3787 1575 1428 3326 1001 2254 3293 4597 4266 52 2031 572 2385 3459 153 1267 2331 3692 4296 415 3935 1294 3179 417 2248 1676 4754 2693 334 4389 1022 1928 4180 2579 3723 4809 678 3608 3013 3333 4146 1887 2716 2906 4324 1998 1352 1511 2921 1320 564 511 253 781 1813 2514 1275 1942 3640 2622 207 2129 1562 1964 2135 2097 1092 4021 4855 4354 2023 4606 1297 1877 2083 4899 2050 431 241 3554 330 4302 4518 3018
2736 2412 3587 4941 4716 4227 731 4064 2674 4078 2628 738 2658 971 1544 643 228 4424 4268 2919 243 3259 3548 3099 1924 1223 979 273 1718 1616 3495 2950 2243 3053 3522 685 2161 1175 1730 285 4646 1015 3615 2306 4183 2662 1312 1092 4273 255 1924 3889 1015 618 1409 4523 527 2607 801 3232 1871 3762 3433 3306 99 4014 3025 2059 1792 1522 4410 4228 2119 4094 2794 2840 2365 1948 2879 3224 611 4861 4559 30 1598 3527 3044 3130 2673 2316 3729 4702 4226 4183 1900 4550 2535 969 2136 712 3950 4011 1659 2795 4665 3991 4814 2516 3123 1049 2136 4122 3344 800 2782 3069 4618 302 1182 1928 2347 4399 4943 4751 2287 2090 513 1022 3542 2141 4282 2082 2589 3808 4830 2280 2574 17 1587 4692 1166 4429 4393 782 1307 2948 3620 279 3387 761 4401 4499 604 4454 1293 2349 3635 1435 650 3053 4391 4622 4076 690 1156 4217 3895 679 620 1593 2035 4675 4398 3183 4213 231 527 137 1603 1866
2560 4189 676 73 2475 857 2592 2805 4078 998 3965 2284 2696 3247 518 4069 978 1855 3627 4615 4548 340 3149 4049 254 1428 2230 1642 3924 1565 4865 2602 1059 1690 3388 2251 1226 1275 101 236 1817 731 189 4085 3919 2985 2466 661 3618 937 3799 1320 633 1825 3673 4755 1803 4189 2151 3575 2546 2690 3923 4642 3771 2355 3138 2346 1014 2536 4214 3038 4499 1181 4020 3568 2882 3848 1336 4841 4106 2971 1452 4768 1326 2560 1122 2560 1800 3402 4936 1487 345 1567 1165 3946 3648 336 1593 2960 3206 4110 76 3436 39 4332 2669 2156 649 3260 3341 4903 1725 1283 4545 2501 2818 4152 2787 3149 960 4030 1217 3093 4187 4191 543 835 3263 3061 2864 4123 3982 4792 4842 2204 1944 561 2046 2185 1329 4296 1892 3519 852 2672 2230 2580 1040 4973 3780 4777 3126 4488 274 1360 477 1507 4853 185 2011 4740 4460 2854 3899 297 2841 1873 1005 608 3347 1866 1268 4931 3159 1806 702 2525 4221 977
3910 376 2688 3788 2019 1599 3439 1526 2628 3965 2225 4481 3942 4587 170 1658 3319 894 463 915 4382 648 1920 1849 2947 614 4957 2854 3193 1660 4433 2576 1011 2255 4809 4146 247 810 4664 1680 4987 1879 4858 4859 2903 4146 675 1116 2366 3118 1991 4840 4593 69 4372 1967 759 4019 4194 3319 813 4293 313 3395 745 4664 1507 122 3255 4535 1652 2545 3704 1454 635 288 4152 145 3023 3686 1047 27 272 3379 4521 1385 571 4173 545 4819 755 542 173 124 4806 4194 2233 260 1918 3630 357 58 767 1118 923 1770 3826 1277 1871 33 1112 3874 4594 4869 4231 3793 1847 2568 4246 1727 814 4815 610 322 4609 3064 4205 250 1162 853 4780 3648 1155 3678 4044 3431 2686 2913 4706 37 3684 1335 4836 3375 517 4863 315 1433 3671 2273 4021 114 4024 4362 4993 815 2178 3666 1864 3055 4815 3084 2919 584 926 1791 3772 3327 4323 429 2617 360 445 3963 4974 3977 775 3170 4543 4800
1302 4877 3267 3402 2906 1540 1106 2931 738 2284 4481 2856 3601 417 1053 641 984 4262 657 890 2673 4368 1417 4939 3652 4018 3564 2782 4984 4011 1481 3668 1605 949 386 3250 4555 668 397 3574 4978 3244 788 4159 2337 832 408 4783 2388 1251 874 4934 4681 4781 3201 1642 518 1161 3864 2500 4342 4318 1269 3245 668 1909 1258 1011 331 3637 465 1789 925 4982 728 4898 1804 4361 3011 1236 4175 3658 1941 4574 2549 4463 1409 1362 3397 2237 1047 3757 2334 1305 2267 976 3805 1229 2543 935 2893 801 892 784 3261 2786 4329 3901 1155 3301 4569 4324 516 137 4038 3126 499 2567 1994 3295 3247 4552 4242 2607 887 3306 1995 2425 2029 4763 621 1209 2797 3567 1600 122 537 4761 4100 2248 3312 801 1441 3910 4036 2548 1684 1023 2983 241 3045 1292 562 1799 4660 4028 2722 1032 3950 4859 894 4403 1203 2462 1378 2398 555 342 3230 509 1521 2979 4129 1964 2551 2176 158 615 2661 4760
1783 1291 389 190 4454 1005 1059 2406 2658 2696 3942 3601 3203 1669 1890 3023 2336 2850 1759 3898 4152 816 2507 2582 4779 4214 285 2083 2081 4499 2248 2976 1332 1783 4002 450 1292 3183 980 2212 1569 1898 2558 2475 1417 720 2586 156 3449 707 377 1791 2223 1256 2609 1848 1227 1200 1889 1935 2242 2098 985 4425 2745 4447 1000 3864 3459 3903 3598 2566 2077 4727 2351 1233 3852 1582 2332 1871 2999 3701 3889 1862 1271 3591 3090 892 4293 4591 3707 802 1397 278 1321 3900 3040 613 2968 2764 2111 4256 2360 1163 4070 135 788 666 609 3708 4350 261 4235 4217 2063 1281 3267 31 1723 3465 213 3836 3350 3842 954 4140 4594 4380 2308 2759 1452 710 2967 2055 1270 3692 1801 3152 3295 3624 641 3749 3947 2644 1463 1270 3956 3040 2309 2332 2748 4489 3551 3162 4591 3557 250 1550 971 2514 1188 4485 268 1057 4140 3680 4710 4016 2399 182 2611 2884 4849 3349 4262 540 3764 3945 923 1326
1947 3415 3635 842 3987 4959 4624 2221 971 3247 4587 417 1669 635 4713 2334 1814 4242 2301 4180 2850 4538 1013 4743 616 2350 931 4192 4060 2131 4033 3796 3765 2511 574 2876 4712 3839 4783 1050 4521 1091 1902 4364 4302 1771 2674 4847 3846 3878 4827 1232 2145 3100 695 922 916 4866 2556 1198 350 3738 4158 3137 1328 1849 4814 1187 4341 2365 1627 795 752 165 3346 238 4026 4721 3526 1825 297 4467 3320 1444 2845 1691 1328 502 2476 288 376 2577 769 2715 2190 793 469 2568 3488 472 2738 831 4797 432 4634 1135 3228 3818 3991 3187 1989 418 3336 3734 1276 1715 3498 2693 373 4769 111 2750 4721 1745 728 3072 3315 3992 850 3917 94 3122 2041 3160 3079 4488 3466 2240 2215 1080 2811 217 388 1465 2441 2377 3406 3979 1682 440 922 2175 1836 457 2539 624 2255 3505 2293 3967 581 3103 705 985 3637 3812 3249 4372 4334 4577 2056 4772 1926 2318 4349 4253 3044 2778 1842 2740
4957 537 410 347 48 2574 4627 3252 1544 518 170 1053 1890 4713 4366 1568 2377 4890 4625 2526 1487 3753 1502 3965 1667 3620 2240 3920 3654 4949 2760 3843 1567 4999 1255 3774 2193 45 126 2189 2972 2277 1026 147 832 1605 4940 1512 1573 3619 3715 2218 3729 302 4794 1804 3907 3572 1091 4872 1162 2569 3275 3329 2042 1341 3017 796 3809 2390 915 3873 3485 419 4575 241 640 3196 144 687 3982 2647 3960 4881 4100 3921 1809 2888 1215 3096 1072 4808 3338 549 4373 2435 4550 2696 1577 4770 1470 3527 179 654 3998 471 936 1776 4974 2670 3520 4326 4245 2743 2965 4090 3956 876 3512 986 3166 580 4903 3976 4274 3682 3391 1502 2110 4643 1004 1563 431 4101 4064 1623 4000 3725 1077 2020 391 4353 4207 524 2767 972 4168 867 936 4949 2862 2601 4539 1186 886 2743 1494 411 2802 1114 2116 4012 4238 1334 2697 3908 4044 2113 3816 3398 3315 315 270 4507 2827 3011 3488 4309 3117 1806
2308 1906 2328 254 2087 236 1580 4512 643 4069 1658 641 3023 2334 1568 2379 3369 3638 1100 873 4246 764 3831 94 1417 3270 2873 883 3365 4347 2239 328 4423 2357 377 4692 3932 2021 2591 1700 1937 3689 3251 157 3191 2530 1857 3585 682 1830 799 3664 3382 2662 997 918 1572 2307 2670 3502 2936 4588 1161 3715 139 84 870 4211 2584 2569 1274 3295 1179 4889 4463 1745 1856 2018 2106 4633 1912 3489 4474 3556 3073 4558 3964 997 1251 2008 3988 4439 4761 3680 3284 2782 4067 2105 1847 4573 4780 4984 369 3055 4528 644 3195 88 662 2106 3593 1050 4319 4080 2069 621 4340 1385 1636 2039 3188 4430 4828 478 750 4028 2397 3118 3149 1786 2984 3581 1028 3261 3217 3802 195 612 4591 1801 3546 1878 4852 1818 712 979 640 3130 2571 59 3690 2982 3625 3252 4103 2187 4227 3117 3445 2787 3735 360 1034 1930 2788 2745 4061 4065 426 1824 1630 3022 4103 1677 613 1048 887 4269 4605 3211
780 4956 3611 4370 2553 4755 2833 4168 228 978 3319 984 2336 1814 2377 3369 1128 892 2897 1041 2130 1686 4310 4363 3826 3483 2795 1980 3190 4973 3033 920 2039 762 3480 4343 131 4503 3292 4010 469 3473 2441 1077 1827 1628 1675 2259 4727 1376 4525 2711 1884 2051 2208 4868 886 3507 870 4867 4173 3619 1674 419 3612 884 3143 1212 4904 2711 4718 4096 309 3747 2574 429 4947 1900 4726 3930 2413 960 2137 3471 3107 2256 1689 4847 3331 4575 3046 4178 4752 1581 410 2268 1065 2757 52 4579 2468 1102 3833 2981 3407 1402 664 2605 1933 2952 1693 1703 3844 1210 2444 76 3079 2493 3165 447 4267 3514 4655 520 625 2574 3493 4631 1075 1321 1775 3453 1707 2569 4514 2591 2322 3599 2910 4235 2519 3374 905 4810 833 205 4664 3618 2928 1361 4615 4308 401 3835 47 3175 4339 4489 4449 3728 2896 433 3452 3990 2823 481 2068 698 3603 186 4872 4552 3343 311 2192 1923 423 4690 1795 3698
3101 3144 3460 4197 3991 142 689 360 4424 1855 894 4262 2850 4242 4890 3638 892 235 4134 1327 2983 1561 3146 301 3069 4640 717 774 311 3626 1475 2241 2120 1862 3489 1039 1296 4227 4225 365 2372 2678 3706 4935 752 1586 1752 4277 2911 927 1125 1196 1029 529 3045 416 4532 400 1742 703 2817 4006 134 1801 932 1774 1330 3470 4445 2781 2724 2315 888 4148 2870 2738 681 224 559 3198 3697 471 230 829 4736 3267 1642 3118 2414 2941 3705 4524 1802 3979 2648 1682 37 1058 1562 644 3094 3570 1947 2725 2492 2436 1163 4786 2044 585 1032 209 526 2429 262 3911 2671 2951 3943 2455 130 1119 352 1733 2343 2543 492 1314 1260 418 3557 1050 2222 1562 4009 1129 94 3241 1923 4111 4039 3005 2668 505 423 2012 2568 3030 4943 4649 1437 3447 2384 656 2801 290 1500 3577 2919 2407 1798 2881 817 2011 102 1513 3541 2938 3993 4391 3692 4105 4401 4875 1967 3750 4451 778 1064 2886
1874 293 4379 1800 4385 370 3955 849 4268 3627 463 657 1759 2301 4625 1100 2897 4134 2022 4062 3746 2961 3804 2333 3427 3764 468 2304 4180 2819 2009 979 2179 1071 4945 1478 2175 4162 4798 2691 4485 2942 2976 4317 243 292 4725 3478 4446 4498 3462 4819 813 3253 3740 2464 1253 344 3602 4663 2643 4570 3432 3297 1539 3647 2846 3856 73 4326 1104 3007 1924 869 4761 2146 2192 3055 2837 3701 3219 2284 4822 4135 4377 2166 4756 1638 2608 1487 3635 2106 4235 1627 859 160 4006 1766 2307 383 722 3016 175 3582 4246 3494 1190 4021 1963 1392 2817 3243 106 4634 2013 2482 2044 2897 439 462 3599 3325 1943 1949 1621 531 3044 3148 1822 1992 3986 536 4807 1916 323 2369 1781 1524 1345 384 1491 1480 239 1751 2320 1865 101 2392 769 447 335 3513 4702 1606 2608 943 1651 2940 3268 4322 1980 3222 1970 3629 2046 1307 1979 3859 2452 39 998 3015 1883 1554 3002 4588 3790 3783 4506 2586
4777 135 3430 3598 923 4635 4568 2309 2919 4615 915 890 3898 4180 2526 873 1041 1327 4062 2234 597 3288 3742 1894 724 3886 3344 4994 4059 1148 4612 4650 225 2936 2451 1811 4096 2730 3447 1631 4500 752 360 3132 3602 2059 2128 1584 2191 4316 2156 3008 3305 3888 2149 3596 1418 1923 3438 2450 3610 3052 614 3081 1167 1818 3984 3561 1316 1475 116 195 4984 2926 3330 3961 4701 1203 1851 1004 3584 4848 4789 1193 3722 1801 712 2566 4968 3082 3473 3792 4917 2002 1622 4723 4893 2893 3550 387 1301 3846 3758 1556 195 3224 3253 368 2756 2927 1270 3916 1396 4048 3823 2017 2879 1243 1280 686 673 4545 3143 75 1815 146 4477 1422 710 1764 434 3219 2431 1700 2396 3125 303 3940 4673 2075 978 3378 2314 507 1843 4159 3050 4588 3301 4057 1684 2313 4956 3479 709 526 2364 2702 3087 474 2187 4372 3415 462 3086 1347 2077 1221 4967 2294 2233 4123 2069 962 3124 519 4488 2823 2114 3190
64 3680 2635 2496 1558 4366 1816 1706 243 4548 4382 2673 4152 2850 1487 4246 2130 2983 3746 597 688 2934 908 1114 2271 2496 2361 305 398 2535 4705 4961 2797 4374 2089 4837 3539 665 2670 3648 549 4518 1523 1654 90 1186 4085 1526 1636 1420 4090 275 3541 566 2946 4598 902 1196 3228 1307 4683 3495 4637 2154 2205 4482 3961 536 2990 2325 919 1928 3411 4768 3326 3584 3481 2067 3597 3349 4097 2892 557 1774 489 3882 892 1954 4163 4745 4265 1404 4339 1542 62 3957 875 1079 4313 1791 352 1614 3962 3315 872 4367 2675 563 3342 3486 2009 1536 3854 156 3652 1354 4026 2746 4716 4791 1583 258 2632 365 1620 3553 1071 580 2344 3365 1081 2866 4754 939 279 4177 151 4705 3587 2850 4113 3463 224 1868 3610 1713 4498 436 3580 85 1056 4130 4910 3630 4933 1405 1899 62 4962 3572 2801 234 2784 146 2076 3710 2133 4673 4885 2522 3369 4905 3690 4481 978 2186 2801 3196 3343 1626
211 3213 927 219 4899 4664 2978 1329 3259 340 648 4368 816 4538 3753 764 1686 1561 2961 3288 2934 4568 3778 456 4270 3910 3160 2819 295 219 3946 4877 3095 702 1808 2800 2674 4714 1021 2603 3271 1788 4376 73 3805 1856 4297 3693 3608 4711 1278 1946 4962 3688 999 4605 3903 4990 4538 4140 2492 2554 378 3583 1314 4155 2551 2753 3068 788 3329 3967 2740 1709 3588 607 2775 364 2938 913 4329 2744 1701 2677 4096 3786 4017 4674 3970 4229 1504 342 2499 4769 3276 1532 423 4549 3743 4641 4538 3941 423 3009 3305 1534 376 46 785 4346 4401 2231 4669 2935 2452 4605 1519 4416 1376 3482 3574 501 3445 874 1610 4301 3208 4526 2459 654 4701 2269 4513 2158 2316 3421 2279 257 253 3750 1803 1229 3117 64 4246 2870 3216 3182 1216 3960 4033 471 2433 2374 215 3858 3559 96 4569 1387 3674 685 3052 225 2471 3340 4347 4522 4265 2048 441 2342 4765 3654 226 1618 1582 2592 2308 1919
853 4813 2763 3164 2902 2792 1895 4306 3548 3149 1920 1417 2507 1013 1502 3831 4310 3146 3804 3742 908 3778 2657 4246 3654 1963 4487 1111 2746 2378 693 4090 3316 3867 267 3547 89 1224 115 4303 2402 1967 1968 638 2141 735 3728 2178 3931 4447 3313 3562 4875 4676 2108 2691 3269 2819 2759 4358 3250 3611 3157 2420 3905 1206 2653 3542 1352 243 4590 4061 555 1717 860 3980 3772 2877 1835 2331 2182 1690 1238 1599 2573 2424 1291 3905 1915 227 3558 1476 1245 1614 1920 206 670 1580 324 526 2846 3838 3945 4209 4124 3127 1439 4040 2377 1600 2689 2818 2281 1867 853 431 2191 2707 2002 4113 2563 3550 3735 2023 4849 4335 3539 2234 4860 2641 2174 2948 2342 2635 4522 2379 376 760 2374 3714 2023 4375 3000 1707 77 2079 1359 2571 2116 993 4601 752 987 2566 617 3437 306 4104 4590 3549 3563 4456 380 4210 3863 1502 2144 630 2736 4456 4625 4540 1766 759 3356 14 269 2751 3020 2683
2744 3199 4462 458 3835 115 2654 2219 3099 4049 1849 4939 2582 4743 3965 94 4363 301 2333 1894 1114 456 4246 3748 673 2963 2917 2727 4339 4684 1713 478 1360 881 3470 974 3575 2281 2421 501 2881 4402 3443 4116 1241 2787 1061 4424 3368 4843 2182 985 3357 4460 2007 3077 1532 4457 3374 4591 3816 4913 4788 4841 621 3233 3172 2521 216 4390 2087 444 1884 4081 4255 4584 3415 4319 4352 2118 4543 2252 3298 1947 2369 1673 4300 483 4079 312 2260 835 1607 3164 2797 2065 1110 1190 2677 3987 1428 157 1268 1664 1449 4394 1089 3795 182 2660 1423 3759 3537 2873 3153 1907 553 1734 3412 372 1858 357 1526 4777 2026 3718 2061 3602 2810 127 4139 2826 4377 247 3469 806 2834 346 3948 4180 835 3506 2335 3669 1309 3746 1309 1369 303 2318 1947 2080 2444 2724 3694 3522 884 2979 1861 2734 1278 3129 4464 1994 4303 1347 534 895 4735 1856 195 3734 1029 3868 2271 3209 1271 1080 360 856
4213 2256 3192 4759 3635 4701 1854 2375 1924 254 2947 3652 4779 616 1667 1417 3826 3069 3427 724 2271 4270 3654 673 1168 2055 328 2173 1854 2327 73 2671 776 2349 4361 2914 2977 2777 4937 2821 3509 3751 1007 1315 2501 3992 1540 4850 188 2327 2500 318 2805 2831 2938 1663 3392 1002 1778 2703 4294 1036 3617 4239 2636 4488 2871 1834 809 617 12 2863 2111 2728 3843 2190 4250 792 2571 1641 1705 226 4486 1709 2383 865 3315 2142 2268 2244 1890 4609 417 1202 1767 2591 1678 3296 1004 1726 345 4928 4672 4824 4169 909 3820 354 323 2583 4918 3325 3646 3282 4175 2455 1668 1931 3301 3751 2803 3024 317 1925 487 181 4015 4505 4661 1864 3388 209 646 2561 4125 2886 4329 2294 3494 4188 126 1987 3181 4721 1688 4814 2074 49 2184 997 736 1843 2765 12 976 1592 4025 2026 4671 1662 4325 2807 2204 613 2844 4173 4290 878 1326 4991 3020 624 797 3496 2492 1103 1950 2613 4996 1056
908 849 4520 616 4976 448 2799 342 1223 1428 614 4018 4214 2350 3620 3270 3483 4640 3764 3886 2496 3910 1963 2963 2055 4735 1255 2168 3584 1888 1047 328 372 276 1929 2270 3886 3220 1775 2845 2509 4324 3541 2458 900 2291 806 4315 4958 2317 636 4125 3633 4752 2020 1459 4317 3152 447 4421 2317 1925 4870 198 59 4069 3035 1799 1529 3329 585 83 3019 2827 3457 3792 2912 847 4404 3008 2655 2278 4905 1086 2055 212 1913 2940 714 1202 2673 3286 4027 3507 948 3210 4005 4215 1027 3045 814 3875 4394 349 4478 601 2929 163 100 668 1223 4214 2492 3010 1634 244 1362 3490 3200 4462 3881 4068 125 372 38 22 3248 1467 4536 3652 3796 1185 3692 2444 431 2844 1132 1263 125 3977 56 3385 788 3989 1320 4008 3249 1599 2829 1757 4249 4024 4846 1734 2701 2179 4948 2011 3155 3810 4111 1333 2448 1387 2836 1743 4906 2645 2164 1670 3324 1059 4672 1759 1765 4228 2158 3549 4823 338
2096 751 4052 3799 230 2946 2221 3582 979 2230 4957 3564 285 931 2240 2873 2795 717 468 3344 2361 3160 4487 2917 328 1255 2089 1666 1639 3345 1755 4434 1234 4968 1084 3442 752 3861 1619 141 1390 3276 3529 1110 4679 153 3972 3443 958 4930 1329 97 1348 796 1864 2196 1926 3857 245 2241 4209 690 1911 2913 3695 3955 3798 4890 3073 4187 4264 1615 4496 1945 3140 4403 445 419 4070 4118 4498 2605 4435 1623 3682 4473 3365 1353 3931 4249 3200 2221 4030 4206 2361 1300 454 1822 4905 3819 336 3282 2374 1923 750 3869 2498 861 1912 4440 502 3806 1851 3019 2374 4955 4321 1830 781 3663 4601 4805 47 1414 4474 1882 1736 1766 3002 4846 1344 2094 4897 420 4996 92 4030 3756 1887 2553 1766 2912 1760 4629 1074 1562 2443 3162 3549 4551 1772 1229 4592 1507 3754 510 2201 4996 4802 658 2690 2216 3504 4837 878 4830 310 530 1003 1349 3786 729 1370 1508 3850 2633 116 4409 635 207
277 3195 68 106 4697 1746 1354 2917 273 1642 2854 2782 2083 4192 3920 883 1980 774 2304 4994 305 2819 1111 2727 2173 2168 1666 626 572 1817 4959 4113 2355 4710 285 236 4232 852 4027 1821 65 1622 3532 4147 4215 4673 4145 2204 2573 2092 3970 3993 369 4255 4087 238 270 302 4466 200 2879 4798 958 4814 3357 2742 4665 2806 99 634 4396 4626 3597 1673 3991 2577 4989 691 2195 903 3449 587 1336 1324 194 4003 302 3403 4960 4297 2463 418 4122 2532 3139 1999 2080 1576 1815 2248 1531 4749 2339 2379 1294 3469 4223 390 1576 4774 3313 3596 4781 1908 2980 2701 2502 4854 830 3958 4982 2242 1229 1297 2819 1864 1047 3639 4244 2150 1928 4918 3389 3090 940 3490 1624 793 1430 476 324 2614 4502 1770 3787 65 3916 45 1509 3677 222 373 2883 4051 3207 1157 3992 1400 4165 1511 2223 4244 4518 1708 2212 3309 893 403 1796 797 4275 1234 2607 3043 678 990 1684 2762 1080 4464
3290 2434 4374 1726 221 3607 4440 117 1718 3924 3193 4984 2081 4060 3654 3365 3190 311 4180 4059 398 295 2746 4339 1854 3584 1639 572 2241 4294 2921 2748 2658 1486 2947 2090 246 4279 3383 4990 2618 1277 3089 161 1519 4657 132 1625 3692 2694 1849 797 4708 4288 3860 2753 3537 181 1351 1888 2776 1398 1487 2540 2614 416 3055 1134 4495 573 376 4792 931 3828 4521 4856 4773 2601 3076 4604 3298 2058 1370 98 762 3285 3421 2696 967 2677 3731 3788 3699 2831 1918 3181 3107 1531 2417 271 590 4646 4450 1127 4905 143 926 4577 1209 1526 3190 2112 1305 272 4034 4519 4293 578 4665 2821 665 3358 2447 483 2893 3253 2742 159 3594 11 4814 907 338 1137 3058 2903 3940 1696 2284 586 3625 2704 1554 148 1035 2473 2672 4256 4110 2343 1188 547 3389 214 3835 2389 2241 2136 3469 4829 2870 2030 2142 981 1096 2903 2431 160 827 3906 3192 2672 4989 4168 2217 4509 2571 1372 2446 3202
1416 749 2934 466 11 2517 162 1295 1616 1565 1660 4011 4499 2131 4949 4347 4973 3626 2819 1148 2535 219 2378 4684 2327 1888 3345 1817 4294 688 3044 1390 1610 3734 1108 3694 2979 4767 3596 4372 544 4206 869 3262 2036 4027 4510 3323 634 876 3348 3223 3687 4758 4657 2403 3569 2825 4340 1563 443 3388 1586 4109 4909 4385 4989 3704 1562 290 2698 2758 4392 2107 3980 3345 524 1519 3006 2596 428 2907 1955 3226 2341 17 1495 1161 3043 19 3980 731 1562 4470 2509 4322 2400 3401 3724 3217 1232 2619 3962 1945 4066 2349 1798 2775 4369 3123 4278 3623 3263 2577 411 3880 474 2990 2397 1870 4527 4158 3757 351 228 2606 2578 3415 3181 629 2746 4557 1540 4509 4155 756 3403 3161 2096 645 2781 3618 3880 4380 170 1899 4867 1105 270 1339 3380 508 1902 2802 33 1472 754 478 1075 4215 4607 3236 1526 3361 4088 2613 563 1148 3051 1250 447 2881 3307 2826 4110 4515 1280 4745 4839 707
2962 3306 1480 2703 3671 1297 3400 3030 3495 4865 4433 1481 2248 4033 2760 2239 3033 1475 2009 4612 4705 3946 693 1713 73 1047 1755 4959 2921 3044 4684 3201 3405 1076 2080 3855 4872 2719 4624 4692 1388 3466 3221 548 21 2829 1072 1715 3243 669 4806 4552 3667 4044 812 3952 426 4737 1140 3981 891 1503 3655 2511 873 4772 996 4858 683 225 365 4895 4819 3603 743 3100 4575 4012 480 409 2535 1838 4142 756 3934 1971 2044 1398 1754 1004 3331 1678 3040 2866 3882 1888 3276 4296 3452 3363 3329 1866 550 4277 4816 3756 530 4748 3235 2391 760 2663 4475 1519 3181 3429 2884 1118 887 3441 2420 4483 1916 47 4059 1409 2502 861 4451 3711 2348 2302 3972 2542 4945 3436 3824 1920 941 3207 1830 4970 2949 294 4445 229 2667 1568 703 3023 3050 1223 3505 1530 378 3269 1067 3446 4907 28 506 476 1773 559 884 3490 234 4192 4731 505 2638 3361 3031 3024 2282 4070 2058 2706 806 3545
1904 4426 3125 172 3548 3152 627 609 2950 2602 2576 3668 2976 3796 3843 328 920 2241 979 4650 4961 4877 4090 478 2671 328 4434 4113 2748 1390 3201 3327 1047 3030 4996 616 4438 388 1146 2547 3189 158 728 407 1660 2015 3978 2916 2596 993 1119 1015 2445 323 3852 209 2517 4866 2177 3120 632 2233 3144 3163 3129 1090 2461 2206 3670 1249 4288 1077 237 3742 3258 4393 3602 2458 4007 951 1620 4383 1289 2530 2166 297 4048 4836 3611 968 948 106 3071 1949 4361 3576 3497 4389 2538 3184 4290 4640 1304 314 3218 4603 4533 2608 2511 1849 760 949 2405 2474 3269 4545 43 3767 4425 2975 2839 2182 2261 3356 2650 1793 2129 209 2731 4694 1980 857 2330 1079 2558 3114 792 2239 4445 2086 671 2564 4358 3353 3860 2398 4851 3295 608 495 4575 2959 3230 964 2226 3541 46 995 4059 2736 4893 455 3491 4582 3258 3511 688 4221 629 3286 2075 3627 1440 1936 1683 3181 4976 1891 19 2527
467 654 3818 3921 2704 1074 1473 3935 2243 1059 1011 1605 1332 3765 1567 4423 2039 2120 2179 225 2797 3095 3316 1360 776 372 1234 2355 2658 1610 3405 1047 2297 1168 4182 2661 704 831 2622 4337 38 1882 2497 2464 2576 692 4264 4365 4818 840 2905 4113 4897 3512 3760 4156 283 2073 4856 379 4574 2994 1751 2948 4658 330 4044 3842 3974 3163 2102 1712 3121 2570 2631 1562 3823 3261 2715 2314 2655 2466 4561 3359 4702 3479 3265 4021 4611 2180 4285 1346 3168 2866 2617 160 4568 4859 2483 2726 1970 1535 43 3199 4652 1326 4961 901 1863 2834 4435 2360 163 2657 1870 4288 1816 1169 4490 3662 3792 2822 2597 2178 4708 3848 4644 75 1308 4210 1735 2892 2478 887 710 1886 1619 3838 544 1686 3663 3920 3506 219 360 4369 4397 3091 4587 167 2918 669 1891 3018 569 1699 3688 2778 1624 1005 2718 2550 1474 3430 1259 2702 3673 4208 3369 469 1762 3982 4125 1360 1361 1879 3517 3068 2974 1570
1146 1840 4023 3256 1849 3087 1795 394 3053 1690 2255 949 1783 2511 4999 2357 762 1862 1071 2936 4374 702 3867 881 2349 276 4968 4710 1486 3734 1076 3030 1168 4912 4984 3685 955 2161 3213 946 1268 3604 3537 3574 1959 127 531 1903 3663 3749 2214 1251 3249 1521 3845 1308 2864 3681 1734 3545 3196 776 3746 4855 4553 1402 580 4940 2188 2875 1850 2433 1275 4932 3010 499 4501 1222 1091 3228 1455 2690 1769 3139 1085 327 4618 3654 2567 4304 465 4270 1289 1783 269 806 213 4090 3757 2405 3423 520 2845 2841 1439 3453 4931 1994 4636 108 46 2573 4033 3756 2079 3426 3414 1419 4671 2077 608 4803 2255 2224 4559 263 4126 3117 3062 2756 3917 4608 1075 700 1581 3268 4371 1667 143 1910 867 544 1178 2480 506 1501 3299 1986 4374 4217 556 3241 2885 1337 4336 460 1416 4712 3441 165 4861 4761 242 3436 4249 3323 3905 3189 2483 4959 3506 4504 1572 2561 210 1771 4621 796 926 4189
1779 1737 4618 2885 1493 3254 472 1739 3522 3388 4809 386 4002 574 1255 377 3480 3489 4945 2451 2089 1808 267 3470 4361 1929 1084 285 2947 1108 2080 4996 4182 4984 3236 2938 1823 4521 2511 4956 2158 2516 1205 2264 2564 3816 769 186 2728 4515 2724 711 301 4210 446 2536 343 4862 1380 1196 4273 1848 3234 4756 3238 1795 1165 2241 4006 846 2406 3818 1132 2681 1235 726 4143 2999 1642 2185 1497 4692 1209 4401 2087 4250 422 262 4395 3932 554 4889 3793 3777 2649 3158 1681 1284 943 2391 3357 1151 3924 1837 965 1330 820 4024 3633 1592 2589 3915 430 2256 4307 2868 1767 2312 2603 2527 1786 2651 223 3426 4966 2455 1700 1185 2695 3301 1868 42 3453 1864 4875 58 767 4032 55 574 3465 2195 3514 453 326 870 2732 3310 893 4051 3851 2033 416 1400 4778 2284 3306 2695 3097 296 4424 1669 4886 515 2164 2339 363 743 3553 4111 4774 3243 1048 1168 4262 2186 1010 3269 2485 3123
1568 4342 1831 4282 4258 923 4050 4458 685 2251 4146 3250 450 2876 3774 4692 4343 1039 1478 1811 4837 2800 3547 974 2914 2270 3442 236 2090 3694 3855 616 2661 3685 2938 1450 1743 88 547 3184 3668 460 2997 975 393 892 3128 1177 2938 1407 1922 3859 824 3485 4103 2559 4124 1394 3256 2067 1216 2651 3428 4289 4606 4393 4447 2434 778 1225 2204 43 3747 3866 3517 2786 4468 404 1510 2468 1466 4605 1753 761 1688 2252 3125 4136 1056 3672 374 3488 1568 3091 3854 3714 3191 3911 146 2167 765 1564 2638 1268 3155 1875 3835 570 4203 1860 4842 1909 1145 4862 3651 4210 2762 3534 1033 1744 2709 1691 3377 3364 1055 1513 132 33 3347 201 3028 882 1889 1151 4118 3003 4270 3757 3025 3745 4008 2187 4455 1643 2509 3832 2869 2623 107 4092 1468 71 3625 3794 1154 2984 4104 3793 1086 1941 2001 2312 1623 867 604 1568 2082 3561 3484 2575 3794 841 4327 299 625 951 2583 609 2662 680
4535 2952 1155 3723 3269 1785 1444 3624 2161 1226 247 4555 1292 4712 2193 3932 131 1296 2175 4096 3539 2674 89 3575 2977 3886 752 4232 246 2979 4872 4438 704 955 1823 1743 1774 4657 638 822 2484 2083 1957 1749 1932 2931 501 4043 4479 738 1813 274 2865 984 1845 970 605 3158 3290 1754 2103 2943 814 2327 3037 3993 580 519 714 1723 2414 3796 1571 3661 4961 1281 975 2275 136 2396 2371 3097 1460 1011 501 183 1010 2425 2184 757 3566 3316 1406 126 229 2637 1430 4656 4856 2067 884 2048 1841 1924 4648 1877 959 1215 4313 1916 685 4339 494 72 396 1873 549 1708 4422 1788 2846 2460 2056 44 2536 1621 2345 2504 941 896 2521 569 2359 2210 4444 1200 2429 4269 4857 3044 992 1349 1238 1779 212 2921 1022 2166 3964 121 689 780 4401 3371 4605 350 4196 3750 2011 3766 3410 1832 4626 4722 4675 1316 683 1023 3198 235 3982 3525 1138 481 1682 4982 4207 2552 2893 4708
673 3586 4043 2731 4313 1887 794 3426 1175 1275 810 668 3183 3839 45 2021 4503 4227 4162 2730 665 4714 1224 2281 2777 3220 3861 852 4279 4767 2719 388 831 2161 4521 88 4657 2718 4115 4901 1618 964 3012 4490 4493 4864 771 3122 4352 676 3846 2391 3767 1087 3536 3145 3047 3221 3997 3044 323 1425 2245 4891 882 116 2185 2745 2652 3800 3174 1673 4054 2886 2492 414 4232 441 1043 1542 1843 3490 2003 4177 1867 1683 3359 795 4839 4696 1086 4712 4349 3711 2082 4945 3103 1375 2354 3784 3938 2972 2407 2070 4590 1359 3893 2774 2701 3193 1535 2686 54 3152 2844 4961 1094 3044 1672 3111 1876 335 3358 1381 73 4681 4635 2698 3015 2675 3757 148 1779 4006 2403 4330 2444 3900 1549 2525 952 3617 4617 4616 1672 2890 455 4680 4096 67 3700 1740 156 2164 249 4075 2807 271 3646 4968 905 2669 4764 528 2002 3056 2093 2032 1802 1216 4796 4033 1137 144 4657 2175 3012 4965 858 2344
3613 458 373 4919 3235 2287 3561 1474 1730 101 4664 397 980 4783 126 2591 3292 4225 4798 3447 2670 1021 115 2421 4937 1775 1619 4027 3383 3596 4624 1146 2622 3213 2511 547 638 4115 4645 2625 3783 2293 1235 1633 634 2884 2081 3002 3385 420 3813 875 1311 4218 4452 2611 590 2361 1491 1450 3442 4799 536 374 4912 4854 1937 2193 768 1949 2620 500 623 1635 691 3102 4230 1889 3241 59 4245 3371 4835 4387 2694 408 1618 4703 2102 3103 3785 3310 3526 2419 1566 49 4058 2922 4432 3659 755 3506 216 4705 4419 3137 4987 416 2516 4276 2253 777 1448 1262 2914 2559 2792 3963 1168 2454 3177 1094 1901 1255 938 2159 2935 1582 1692 1766 2189 556 1372 3617 3788 2055 3079 2110 4328 1830 1537 76 2411 2919 2222 4056 995 1643 2915 2099 542 1957 2341 3991 2987 4475 1846 3337 2358 3098 1171 2671 4414 4173 452 3112 566 4547 3658 3654 883 4079 2051 4879 894 2095 2063 3719 773 1637
4860 2806 4785 79 4585 2431 1887 4446 285 236 1680 3574 2212 1050 2189 1700 4010 365 2691 1631 3648 2603 4303 501 2821 2845 141 1821 4990 4372 4692 2547 4337 946 4956 3184 822 4901 2625 1302 1059 3515 716 4518 357 1364 391 1052 3866 358 2757 4956 3569 2838 3232 3188 4773 3196 4445 3950 1891 1217 540 1008 3014 2817 4550 1514 2980 3593 784 4577 2369 1707 1836 272 3001 4191 3222 2830 3602 3933 1809 635 823 2927 4696 4723 1188 4282 937 3377 1724 2480 3086 4258 3929 422 209 4015 1058 3256 4102 1670 1627 4448 699 3554 1622 4469 3360 4508 2957 1708 1261 4611 926 1072 844 355 4699 4038 1568 3261 3096 683 1424 4195 11 4868 4339 3915 1712 3932 4744 4682 435 1727 2858 3045 314 3560 423 168 2938 3699 2959 2430 3081 2358 4460 4861 2652 3684 636 2339 664 1543 1312 1459 4118 2269 4637 355 4215 2197 2114 3975 306 251 1319 4442 4320 4276 43 3855 2428 3475 2102 1001
416 2697 1093 2364 2077 2893 3715 3395 4646 1817 4987 4978 1569 4521 2972 1937 469 2372 4485 4500 549 3271 2402 2881 3509 2509 1390 65 2618 544 1388 3189 38 1268 2158 3668 2484 1618 3783 1059 1279 2487 1759 121 3339 2264 553 862 549 1843 1224 4364 2698 3809 1905 3532 3926 338 1623 4460 1189 582 3112 3165 1403 3685 296 1453 4599 1167 2932 2096 848 678 2130 2132 2083 237 2458 729 2785 4137 1163 2820 2330 4698 1415 829 2722 499 3108 4520 4922 433 4417 3843 4294 2452 4137 2684 4218 1136 3276 1002 2999 4264 4329 3599 3666 4623 4389 2377 882 2870 337 4028 806 1957 1752 3250 1271 690 1388 2721 3173 1586 1382 3455 4032 4535 2834 3697 3852 4159 2790 1634 2840 1721 4510 4668 1256 3957 3699 1538 541 1884 2987 4927 1740 3447 1744 3621 2872 3235 683 3602 4737 3755 3785 2232 2112 3844 177 1079 1105 1577 2945 1296 1720 685 1926 4573 109 3101 2247 1710 1647 4637 2237 2660
2910 2137 3983 1254 2293 3770 4738 4191 1015 731 1879 3244 1898 1091 2277 3689 3473 2678 2942 752 4518 1788 1967 4402 3751 4324 3276 1622 1277 4206 3466 158 1882 3604 2516 460 2083 964 2293 3515 2487 4583 779 601 2840 2830 3399 1849 4819 3098 2684 2601 3556 155 3193 2935 230 3388 1647 1720 4138 2130 2542 125 1989 2146 4327 2383 3141 3697 2340 2315 3556 4855 4893 2696 4292 4292 616 303 427 4855 4813 3561 1937 2393 3422 1296 2714 2037 4252 1951 4099 3935 771 4853 225 304 1636 3129 4131 2424 2810 3302 4704 1822 4092 2203 4572 223 2401 1510 3989 4624 3402 3267 346 2685 3868 4758 381 2948 3559 1772 2547 824 966 3259 4175 2894 749 3252 4244 1832 2130 2064 2265 4641 395 4133 975 2823 4685 1491 1884 226 922 2771 4635 1292 4929 1827 1431 3580 226 600 4973 540 4701 3545 1183 532 1736 1955 1952 2299 249 4121 4382 4907 3134 1741 1596 823 313 4639 4477 1551 1737 4695
515 1622 4979 4882 102 355 1508 3912 3615 189 4858 788 2558 1902 1026 3251 2441 3706 2976 360 1523 4376 1968 3443 1007 3541 3529 3532 3089 869 3221 728 2497 3537 1205 2997 1957 3012 1235 716 1759 779 183 2093 828 3038 3063 4800 675 4055 405 2676 3870 4410 830 3646 3592 1050 4919 2326 977 2279 190 1270 1555 152 3016 3946 2514 1838 4738 3936 1155 4564 4762 681 3317 2350 3871 2062 43 2733 3893 4074 1734 3844 4393 2976 181 2113 445 4325 475 3937 540 1023 3469 4407 1172 892 992 3843 2129 1694 246 3065 4792 2659 3121 1295 1236 3830 3502 392 3866 3399 600 1678 3456 1898 330 2331 524 2845 440 3470 706 255 1709 2597 884 1219 44 2370 4612 3826 876 1123 1662 2544 3423 4670 4405 3848 227 2557 1277 2612 4473 3329 663 3639 4640 1969 379 938 12 3702 2540 1644 2715 3656 2056 4419 2214 1078 78 60 1879 3516 463 829 239 1776 4605 1824 1903 2910 4068 4249
2842 374 4637 4143 3452 1696 4459 4621 2306 4085 4859 4159 2475 4364 147 157 1077 4935 4317 3132 1654 73 638 4116 1315 2458 1110 4147 161 3262 548 407 2464 3574 2264 975 1749 4490 1633 4518 121 601 2093 77 3887 1221 4455 680 1087 1804 2479 4353 2138 2875 1824 1154 1001 2102 4064 1027 32 1303 3528 4783 4655 3206 1513 3962 1893 4602 1104 2035 362 1878 947 1999 2198 849 350 1005 993 2970 1032 3064 1206 4064 3721 60 375 3570 2486 4648 1472 1119 263 699 2231 2157 1261 4640 330 3858 2393 250 756 1084 2317 3106 2526 2375 387 2773 3748 966 4875 3040 2322 3004 2330 3043 3872 4293 494 4318 1058 2915 2287 1051 1215 4156 1018 4192 1564 1754 4430 1356 4240 2298 4584 1323 1522 4612 1949 513 3743 1071 1467 4594 3025 2133 4324 2108 2558 3843 3422 1166 4694 724 4069 4107 1849 4240 1167 2388 2150 4129 4033 2827 189 2043 1378 2594 217 2013 3418 3124 3857 1458 993 2531
3940 3295 355 3206 1309 2235 1988 2203 4183 3919 2903 2337 1417 4302 832 3191 1827 752 243 3602 90 3805 2141 1241 2501 900 4679 4215 1519 2036 21 1660 2576 1959 2564 393 1932 4493 634 357 3339 2840 828 3887 4997 2643 183 3004 4185 607 3038 3848 1921 1764 1346 3455 4527 1017 198 3699 2819 4597 998 1808 4153 1548 898 3253 1993 4441 3899 1795 3813 1297 2559 2656 1362 2738 1308 2340 1525 1495 1369 4371 373 694 2687 2478 1684 1026 2493 3794 4851 2976 3593 4178 3979 127 4085 661 833 3354 3191 825 3228 3638 3963 4363 80 852 3169 336 4717 4219 1979 4293 2127 1485 3320 1566 726 478 2986 447 2895 2466 4308 3334 2960 2139 2929 276 2304 1773 3457 276 2738 3020 2055 3801 4721 661 422 375 306 4413 2711 3945 4508 2925 2734 1110 1838 2267 3680 4886 2660 3923 1979 3251 2908 454 4646 4729 1445 2363 3351 173 2771 2666 4929 2967 955 1047 2084 4962 2457 2427 4999 2640
