N: 20
M: 4
Symmetric: true
Triangle: false
4 5 9 11 6
8 16 20 19 17 15 2 1 18
6 14 12 4 7 3 10
2 8 13
2031 324 1375 1898 2029 491 2034 3232 2441 3486 4302 3745 4921 2560 848 1619 4202 4973 1547 4163
324 1491 1170 4610 2977 3060 1617 1548 4155 3733 4496 3209 1382 3572 3331 1908 724 2932 2677 4611
1375 1170 522 3757 4806 2582 1536 2096 2582 3983 4473 2975 662 3346 1436 2087 1736 3238 4630 3033
1898 4610 3757 3840 3058 3560 594 2879 1470 2910 2164 2960 4645 3947 3487 1474 1014 131 4023 2142
2029 2977 4806 3058 4401 1489 4798 2222 4909 3390 1513 3352 3958 135 3087 2092 2603 3629 4821 4639
491 3060 2582 3560 1489 3506 3414 646 3770 1306 4579 4578 3916 3520 209 2801 1398 3313 1634 2235
2034 1617 1536 594 4798 3414 4169 4925 2493 2489 4077 4633 4573 4239 3542 3274 1694 258 3988 3976
3232 1548 2096 2879 2222 646 4925 4817 3849 1381 4721 2002 428 1268 90 1987 3705 3670 2848 4285
2441 4155 2582 1470 4909 3770 2493 3849 3752 1513 287 4721 3447 4655 601 2789 4103 3680 595 83
3486 3733 3983 2910 3390 1306 2489 1381 1513 4071 3237 610 4709 2889 4441 995 4231 1810 570 1908
4302 4496 4473 2164 1513 4579 4077 4721 287 3237 532 1813 4224 4512 4998 2009 939 2718 2539 2331
3745 3209 2975 2960 3352 4578 4633 2002 4721 610 1813 4017 2494 3937 2221 2290 3644 642 4934 617
4921 1382 662 4645 3958 3916 4573 428 3447 4709 4224 2494 2063 4116 4812 3055 1286 3866 1186 1097
2560 3572 3346 3947 135 3520 4239 1268 4655 2889 4512 3937 4116 540 1640 3823 3160 4467 765 3356
848 3331 1436 3487 3087 209 3542 90 601 4441 4998 2221 4812 1640 3414 4180 3952 3627 4496 853
1619 1908 2087 1474 2092 2801 3274 1987 2789 995 2009 2290 3055 3823 4180 3714 1813 2522 2404 594
4202 724 1736 1014 2603 1398 1694 3705 4103 4231 939 3644 1286 3160 3952 1813 4528 4005 385 3887
4973 2932 3238 131 3629 3313 258 3670 3680 1810 2718 642 3866 4467 3627 2522 4005 518 804 613
1547 2677 4630 4023 4821 1634 3988 2848 595 570 2539 4934 1186 765 4496 2404 385 804 3606 1682
4163 4611 3033 2142 4639 2235 3976 4285 83 1908 2331 617 1097 3356 853 594 3887 613 1682 1239
