N: 20
M: 4
Symmetric: true
Triangle: false
7 12 15 19 10 4 17 11
1 9
3 2 6 1
9 8 18 13 3 16 5 7 14 20
4048 2424 2087 720 2519 3337 3230 456 2913 737 4137 3371 676 3281 3376 1951 3262 3565 4691 2885
2424 3013 468 261 804 3737 866 2415 1190 4923 3467 4271 4618 1640 3344 1475 4968 1011 1110 3857
2087 468 2938 249 2677 1004 4329 2536 2703 2211 2201 710 1888 183 2741 4433 2984 4142 2069 3179
720 261 249 3287 964 178 3048 1575 1411 4945 150 1409 974 1314 1014 1640 4647 1983 3707 883
2519 804 2677 964 1902 1204 1775 3156 3089 2839 2239 1625 2717 4988 3699 4756 2272 1482 124 2831
3337 3737 1004 178 1204 2725 1324 4840 4511 1125 4020 4627 4142 3063 2281 2313 3871 2710 3408 4339
3230 866 4329 3048 1775 1324 127 1894 2935 1595 2832 3866 258 1151 2506 223 2997 4221 746 997
456 2415 2536 1575 3156 4840 1894 1696 3701 2657 2546 407 2492 2005 3877 284 4522 3926 4364 2772
2913 1190 2703 1411 3089 4511 2935 3701 1697 2241 3282 2061 4652 2236 2625 2440 578 3386 4599 1971
737 4923 2211 4945 2839 1125 1595 2657 2241 133 724 2036 3324 369 351 1467 3363 3189 964 281
4137 3467 2201 150 2239 4020 2832 2546 3282 724 534 1180 3704 4728 2754 831 630 3147 1882 459
3371 4271 710 1409 1625 4627 3866 407 2061 2036 1180 2058 3557 886 4940 4619 1646 1473 2600 1081
676 4618 1888 974 2717 4142 258 2492 4652 3324 3704 3557 4434 1668 37 3122 3207 2102 2862 2497
3281 1640 183 1314 4988 3063 1151 2005 2236 369 4728 886 1668 1262 2066 1322 321 3901 134 1515
3376 3344 2741 1014 3699 2281 2506 3877 2625 351 2754 4940 37 2066 3437 1601 538 3558 3772 2077
1951 1475 4433 1640 4756 2313 223 284 2440 1467 831 4619 3122 1322 1601 4697 438 3175 1544 4644
3262 4968 2984 4647 2272 3871 2997 4522 578 3363 630 1646 3207 321 538 438 111 2771 1907 2896
3565 1011 4142 1983 1482 2710 4221 3926 3386 3189 3147 1473 2102 3901 3558 3175 2771 4509 1909 116
4691 1110 2069 3707 124 3408 746 4364 4599 964 1882 2600 2862 134 3772 1544 1907 1909 4401 2928
2885 3857 3179 883 2831 4339 997 2772 1971 281 459 1081 2497 1515 2077 4644 2896 116 2928 1970
