N: 20
M: 4
Symmetric: true
Triangle: false
3 18 1 15
5 2 5 3 19 6
5 14 8 11 20 9
7 12 16 10 4 7 13 17
1305 4887 3142 1186 925 3114 2239 3145 1091 555 803 3316 196 4430 1096 997 583 3196 3770 4737
4887 2749 1829 3614 3463 179 3642 4499 4692 4565 1376 2215 150 3270 1670 2887 2237 579 1774 1692
3142 1829 2768 4269 3994 1980 3238 1996 2191 762 4286 3096 4671 1409 541 4629 1140 3414 2323 4603
1186 3614 4269 2039 1435 3442 2595 1696 4144 3971 218 1049 1566 2008 4387 892 1522 1061 2690 1075
925 3463 3994 1435 853 4075 1352 855 261 4630 71 2444 1478 2587 1319 4708 2667 4376 454 4530
3114 179 1980 3442 4075 3595 3710 787 4493 4573 3089 1062 1010 4834 3593 629 262 4340 1920 1892
2239 3642 3238 2595 1352 3710 144 4771 765 1247 2619 212 2622 914 920 3604 4072 625 4444 3631
3145 4499 1996 1696 855 787 4771 3536 3267 943 2511 3459 2371 1539 3190 1841 3584 4933 57 1247
1091 4692 2191 4144 261 4493 765 3267 1851 630 1140 3880 4612 654 958 3866 1690 2509 4178 3383
555 4565 762 3971 4630 4573 1247 943 630 3626 1568 1847 1315 983 4419 1990 259 903 1159 4019
803 1376 4286 218 71 3089 2619 2511 1140 1568 1490 1388 4192 1395 3265 4808 2736 325 3993 2270
3316 2215 3096 1049 2444 1062 212 3459 3880 1847 1388 2053 2248 1780 1437 1837 4891 4669 1674 902
196 150 4671 1566 1478 1010 2622 2371 4612 1315 4192 2248 839 4266 2973 2319 2402 4330 4891 1977
4430 3270 1409 2008 2587 4834 914 1539 654 983 1395 1780 4266 3009 4775 168 378 3706 4184 4845
1096 1670 541 4387 1319 3593 920 3190 958 4419 3265 1437 2973 4775 1514 1849 455 940 1402 2545
997 2887 4629 892 4708 629 3604 1841 3866 1990 4808 1837 2319 168 1849 668 1570 2367 1404 3721
583 2237 1140 1522 2667 262 4072 3584 1690 259 2736 4891 2402 378 455 1570 873 3720 3061 4803
3196 579 3414 1061 4376 4340 625 4933 2509 903 325 4669 4330 3706 940 2367 3720 1582 3111 723
3770 1774 2323 2690 454 1920 4444 57 4178 1159 3993 1674 4891 4184 1402 1404 3061 3111 4699 4494
4737 1692 4603 1075 4530 1892 3631 1247 3383 4019 2270 902 1977 4845 2545 3721 4803 723 4494 2313
