N: 20
M: 4
Symmetric: true
Triangle: false
5 9 1 13 10 8
5 16 18 5 20 12
3 6 15 17
7 14 19 2 3 11 7 4
667 1802 1106 652 1782 3821 973 2788 4141 116 2779 508 607 2704 2845 2489 492 1320 647 2407
1802 2430 3814 4031 668 264 1500 4796 4975 4585 1785 4349 307 1334 1153 3798 1255 2802 243 535
1106 3814 4160 3911 3539 4112 1728 4739 3761 843 3107 257 1582 3103 1492 4347 1182 291 4544 253
652 4031 3911 4518 881 3834 232 3824 1055 217 2512 2876 4107 4875 4565 436 2726 2439 2431 2982
1782 668 3539 881 1916 357 4405 976 4318 3844 531 625 951 4139 1441 403 282 3853 4653 1761
3821 264 4112 3834 357 2960 2154 4443 1989 4311 139 4640 3465 3345 1121 2169 3523 3063 4629 3659
973 1500 1728 232 4405 2154 3798 2812 737 2105 2926 2851 3317 1906 3263 4203 1355 829 2483 841
2788 4796 4739 3824 976 4443 2812 4745 2985 1462 296 4737 889 726 2352 2350 1155 4209 2485 2274
4141 4975 3761 1055 4318 1989 737 2985 1266 2918 2937 4207 1981 2190 4228 1170 2931 466 1255 155
116 4585 843 217 3844 4311 2105 1462 2918 368 2089 2388 4231 1809 2250 1591 2935 2253 294 2306
2779 1785 3107 2512 531 139 2926 296 2937 2089 4211 333 1952 3708 961 3274 10 1196 3378 3093
508 4349 257 2876 625 4640 2851 4737 4207 2388 333 4739 1968 2484 4789 1346 472 3110 3642 2726
607 307 1582 4107 951 3465 3317 889 1981 4231 1952 1968 2902 4413 4843 4368 2979 415 1743 87
2704 1334 3103 4875 4139 3345 1906 726 2190 1809 3708 2484 4413 682 3652 195 1412 355 2902 701
2845 1153 1492 4565 1441 1121 3263 2352 4228 2250 961 4789 4843 3652 2605 176 381 2643 1159 808
2489 3798 4347 436 403 2169 4203 2350 1170 1591 3274 1346 4368 195 176 4756 2812 3436 993 2990
492 1255 1182 2726 282 3523 1355 1155 2931 2935 10 472 2979 1412 381 2812 750 2610 1660 1306
1320 2802 291 2439 3853 3063 829 4209 466 2253 1196 3110 415 355 2643 3436 2610 2498 2066 2633
647 243 4544 2431 4653 4629 2483 2485 1255 294 3378 3642 1743 2902 1159 993 1660 2066 4308 1924
2407 535 253 2982 1761 3659 841 2274 155 2306 3093 2726 87 701 808 2990 1306 2633 1924 923
