N: 20
M: 4
Symmetric: true
Triangle: false
6 3 13 16 19 12 9
3 20 2 11
4 18 6 15 10
7 8 1 7 14 4 5 17
457 683 1440 4882 1584 3396 4081 2565 2574 4097 3047 4308 2039 3891 2019 2746 3326 44 1286 3653
683 2608 1715 4679 4391 1558 97 4718 2644 2266 931 2699 3614 4520 3386 4876 603 4756 528 3602
1440 1715 198 1703 4542 2288 1551 670 3224 885 4747 1791 3864 3474 4878 743 2949 3855 2511 976
4882 4679 1703 1489 2849 4536 1206 4759 1410 1915 2633 653 973 4447 3835 4881 2819 2149 493 4173
1584 4391 4542 2849 3825 133 738 35 3190 3162 1612 3859 1015 1793 3310 3872 1091 3777 4644 2978
3396 1558 2288 4536 133 4431 672 4766 3549 4460 1985 3846 1143 1636 682 3208 695 4398 1209 4264
4081 97 1551 1206 738 672 530 3920 1432 899 1759 3105 2682 2317 3686 4145 676 588 4557 114
2565 4718 670 4759 35 4766 3920 2464 179 383 2349 4265 4088 2691 728 4113 678 1320 3341 3809
2574 2644 3224 1410 3190 3549 1432 179 2214 2566 3911 540 443 4888 3579 2423 3446 2601 1865 3247
4097 2266 885 1915 3162 4460 899 383 2566 1496 3389 226 2931 4396 146 650 1695 1065 2593 696
3047 931 4747 2633 1612 1985 1759 2349 3911 3389 2912 3559 2898 217 4881 2459 1913 14 2934 21
4308 2699 1791 653 3859 3846 3105 4265 540 226 3559 3102 1457 980 812 3086 3298 4328 467 1456
2039 3614 3864 973 1015 1143 2682 4088 443 2931 2898 1457 2434 3728 4573 512 952 2927 4114 1759
3891 4520 3474 4447 1793 1636 2317 2691 4888 4396 217 980 3728 831 352 4520 3534 1363 2587 2060
2019 3386 4878 3835 3310 682 3686 728 3579 146 4881 812 4573 352 2847 4379 1587 3921 1953 4978
2746 4876 743 4881 3872 3208 4145 4113 2423 650 2459 3086 512 4520 4379 2358 283 3447 3860 2227
3326 603 2949 2819 1091 695 676 678 3446 1695 1913 3298 952 3534 1587 283 2505 2584 3417 3858
44 4756 3855 2149 3777 4398 588 1320 2601 1065 14 4328 2927 1363 3921 3447 2584 1985 618 2843
1286 528 2511 493 4644 1209 4557 3341 1865 2593 2934 467 4114 2587 1953 3860 3417 618 89 2509
3653 3602 976 4173 2978 4264 114 3809 3247 696 21 1456 1759 2060 4978 2227 3858 2843 2509 3899
