N: 200
M: 40
Symmetric: true
Triangle: false
3 195 67 11
7 173 174 87 76 178 42 84
4 184 90 39 141
5 81 121 114 165 44
7 111 59 80 169 148 3 158
2 179 19
3 85 34 142
3 109 106 128
6 181 163 136 154 156 172
6 96 41 12 117 135 14
7 79 6 155 198 62 93 152
3 120 196 51
5 57 20 170 171 129
6 103 132 45 52 183 49
7 23 101 190 180 5 7 140
5 40 193 145 113 48
2 75 33
4 47 25 168 147
3 146 161 61
4 72 35 188 71
8 88 116 199 164 187 22 151 26
4 10 126 95 55
4 149 182 91 53
5 65 110 177 144 133
6 194 162 138 77 98 31
6 185 30 63 200 18 189
6 192 94 104 159 122 92
3 36 89 21
4 118 139 130 66
6 13 32 105 99 38 4
7 70 68 29 60 83 37 131
4 143 107 27 43
4 69 100 58 74
5 54 124 24 186 137
4 73 17 119 102
4 160 134 2 9
5 191 97 82 115 16
7 157 108 197 64 56 125 150
7 50 175 28 123 15 86 127
9 1 153 167 112 166 46 8 78 176
2386 3253 1115 538 4888 2252 3531 3173 2190 2282 2436 3366 544 3281 1405 1864 15 891 1519 2746 3623 416 3559 3872 2653 3099 994 2880 4007 4361 1917 665 2517 1852 4917 1662 3883 4632 629 2560 26 798 637 3751 2411 4342 305 1154 886 2326 2445 832 3041 1738 4160 20 402 4298 4494 4319 771 1066 3812 4913 1605 742 1070 4027 4038 376 2536 2066 378 1060 1047 3056 4511 258 1107 2782 51 107 2292 2260 693 1712 944 1377 652 684 4865 3760 737 4705 1366 1111 4265 1749 325 3193 1582 4751 3866 779 2571 1653 4015 1164 2165 3766 1925 2511 2595 4625 1867 2651 1387 3006 3239 2026 3686 3308 4760 2392 4870 3276 299 1649 4226 4847 1532 4613 1656 289 4818 3442 2343 3225 4447 3040 1645 4867 3232 4763 4197 2763 3681 4740 2322 3812 1883 2856 1657 3451 327 140 4467 932 457 3448 285 1005 69 2799 3303 866 4525 4317 526 1242 1999 4742 1763 1666 3633 2729 878 944 4139 3151 3856 4688 3460 792 963 2654 2471 4477 3301 2203 4998 4375 1728 2223 669 2914 1149 2678 792 823
3253 1321 4036 2428 2972 674 1499 274 2223 2591 1182 1741 1221 473 4106 3781 4949 399 2134 3485 4919 4009 3491 3954 698 316 2719 4706 4968 1385 1187 174 3564 431 942 2493 1734 4325 1052 3832 1829 4503 188 4225 2669 4199 1091 1574 1513 4899 4647 3415 4894 4405 642 4174 4833 4828 3028 456 3309 431 2403 4241 2540 3227 2021 2252 3929 3792 3669 2272 485 3779 4880 4868 3803 3174 1940 2203 3568 817 252 1401 3952 2680 2683 1505 1060 1016 438 3062 2873 1998 4557 1589 84 4429 1927 2528 1027 4595 399 1124 976 3261 409 1881 4893 682 1628 1055 2792 2397 4279 3888 1786 660 2364 2355 437 149 1095 874 250 3341 2662 3985 3419 4773 3033 2610 2161 2720 1240 1904 829 4829 4164 2050 4525 2975 3775 1014 2323 2905 2037 1274 2226 886 335 597 4947 4943 2883 4774 1748 4353 905 3900 4148 1408 2109 2274 2092 4588 3620 2804 2290 777 2613 549 3406 2368 660 894 1181 3724 725 2536 1440 1165 1226 4744 2082 4478 3817 1216 1519 1474 2167 320 3613 840 3615 613 1787 2954 1677 1249
1115 4036 39 2759 1893 114 4211 4588 4975 524 3115 322 4994 1581 3516 1200 4385 1776 4600 4420 3829 3847 817 1655 2898 1420 3761 2793 4351 3239 3134 2886 1173 2905 4646 3963 1818 3815 1017 2206 1773 2147 2226 1094 4598 2169 4941 3987 624 752 4592 4436 4228 1481 356 3308 2873 1242 3329 455 635 1160 1912 1403 4848 2831 850 2062 3582 4520 4502 1340 4639 2856 2810 757 4270 4606 1287 3067 4974 538 355 2909 3460 1658 773 1323 1753 4801 760 2759 4893 3213 2375 1535 3872 1233 1066 25 3051 2949 2110 3879 3952 4567 3175 1180 73 1466 4745 1143 1573 1034 1498 1330 3831 3706 136 379 3567 2201 3662 3235 1634 4184 4350 3567 2253 3555 489 2755 3504 81 4627 2855 1870 4197 2760 2179 3823 2689 1906 2048 4329 1824 4446 1963 3338 38 848 2365 4286 3339 2493 4286 2820 1744 4703 3898 2834 3674 2543 4469 4267 2511 3398 2841 418 4347 2286 896 2861 2437 3585 893 3992 3629 2154 2647 908 968 2402 3103 3949 2903 247 2333 4773 1199 4212 3730 2048 3555 3743 795 1570 4537 652 3737
538 2428 2759 541 3309 1360 1642 2591 2999 2128 2600 228 105 3910 2701 2429 2718 4224 2755 848 63 4638 1212 4004 1304 4989 1368 2132 1082 1401 2857 3762 20 3706 599 1651 2766 2027 365 348 4278 3212 849 1816 1504 1723 3198 4048 1256 4409 3364 2855 4436 4412 1720 436 3039 1050 258 932 956 2898 2266 749 526 2011 2209 739 4718 1570 4372 1802 1389 2670 4104 2323 3252 3315 3098 610 731 2007 186 3934 2236 2257 2944 3141 4053 24 570 1431 4031 423 962 4114 3963 4180 2469 2930 4362 4238 1172 3025 1646 1849 3303 1099 4597 1387 1966 1487 460 4292 499 4522 4225 2488 1421 1736 1762 4952 4395 4361 2775 1758 1778 4720 1111 1363 592 4607 1481 2201 4816 279 3475 122 48 483 4099 3296 954 399 2125 2018 3045 1130 2556 4502 1903 455 4696 343 3486 1981 4690 3470 2486 2607 3950 3937 4450 3636 3897 400 2431 2802 4747 2422 1295 393 4833 3918 3004 4671 2447 3122 2207 1323 3827 4474 3520 799 35 1295 4593 4756 4409 128 3488 1073 4414 1668 1739 1509 2853 531 1332 4081
4888 2972 1893 3309 4300 1826 2965 1383 3449 1381 1373 3716 2774 3447 4330 2456 4102 3396 2228 264 689 1322 718 4631 4919 1845 2070 2754 763 3726 2775 3437 4095 4786 2129 2392 1323 782 122 3264 3390 4010 1674 1908 1103 2067 1746 3128 2305 4055 2533 973 4642 2143 2780 3662 281 2715 4925 642 191 2601 3976 3388 1445 1694 1931 4111 3680 3309 2894 4285 4272 4005 4670 2785 2893 4774 934 2661 4447 659 2448 3072 838 3308 3724 823 663 1751 4282 1060 885 4356 412 4338 2246 4059 3382 3091 4769 4255 400 1715 999 1248 4187 1318 2981 337 347 2174 1013 2573 3167 2935 4912 956 4997 3372 4501 2518 4442 3785 2493 2838 3731 3323 4704 4833 2516 1856 3956 1230 3177 2918 1403 2053 4901 1756 4139 173 1941 3730 882 524 3139 1279 76 4494 1150 166 4456 3621 4264 2130 3425 1429 205 2773 1503 3586 3458 4576 1978 4842 687 2451 1411 2217 962 1645 4154 1390 4132 190 585 3413 2251 3839 2522 3607 629 4740 100 4481 592 3518 1307 293 2848 4833 3887 1043 2611 4307 4423 690 2459 4678
2252 674 114 1360 1826 3466 4895 4015 346 270 3715 87 1298 1926 2205 893 1741 2598 2604 4572 1181 668 2813 1990 3681 1705 2261 4716 4974 4536 3521 4428 3905 4209 1450 1795 869 2189 3741 2972 4882 3811 4292 4217 1861 1590 3215 3343 3742 4227 2954 2902 3203 1578 2178 4745 2062 1028 1634 607 4411 2265 1510 4187 4610 2277 2664 786 2900 2389 2021 2586 1352 3182 2355 1031 4314 1640 625 3649 2391 3119 2683 1958 3261 294 4067 3416 2415 3079 310 2892 233 1818 3166 3969 3340 1413 774 384 4816 2759 864 4380 3012 2978 2085 3270 4200 787 4908 434 109 4733 2765 4433 4122 3403 3744 2464 1562 3639 2745 4055 2811 3208 1150 2466 427 4465 3948 4199 3969 4576 3368 2259 427 3187 4201 2113 3935 2666 1276 3184 2026 4578 3625 2893 649 3339 3602 2548 2687 2738 1725 3823 1797 1016 1669 4990 4062 178 1149 909 2552 4781 4483 4740 2902 2967 2660 4013 1687 2869 2131 2638 2604 1600 2799 4537 798 2987 4627 760 3011 1832 2807 1803 4384 2624 4126 2577 131 2638 3320 355 3610 116 890 2976
3531 1499 4211 1642 2965 4895 677 3672 2376 2458 4119 1356 4355 465 619 2525 525 1673 2369 1918 4309 3924 719 2627 3055 4266 644 3713 202 1367 3411 3557 2200 427 3994 1068 120 2238 2548 1557 4467 4374 4758 1430 1363 3379 4122 2219 3960 1824 4102 479 2642 1276 1494 821 2712 599 880 4714 3774 1317 2785 894 1878 3655 1850 690 433 3260 2298 2044 700 2219 3502 1856 2135 216 4126 1352 4847 4631 681 744 3096 4482 367 770 4278 4602 2511 2357 4987 3324 2122 2042 4834 1696 3372 1842 2895 4019 4640 3159 1778 1391 358 4356 2993 4328 4741 3717 971 3375 3582 1568 4720 20 2105 4836 2502 1009 1584 3143 861 1645 3206 2045 1977 103 2951 3031 726 1756 1758 2979 906 2781 1569 4591 4957 1296 1815 2616 1703 291 1211 2040 267 3824 957 2832 344 3777 87 2730 1546 2354 1934 2796 4356 3271 2096 2249 4249 4576 4460 4705 4841 2401 1211 1284 671 2686 3309 657 572 4600 508 1871 1483 812 4512 4193 3510 3034 1810 1149 1763 341 513 2695 1684 2664 1952 2459 3252 964 4123 3368
3173 274 4588 2591 1383 4015 3672 2540 1315 2741 3473 258 407 3388 1624 3220 2779 2803 1849 249 4256 817 1465 3063 4965 1266 137 2422 3128 3225 3396 3613 3289 4495 1588 4652 4007 2898 2815 3574 2630 2776 656 3033 1962 1498 2155 3546 3172 2707 3022 1744 1186 3619 3164 3608 4517 190 4893 3437 4978 3482 1719 1883 4999 3942 3436 3691 988 987 3897 2973 1223 3577 3919 4000 2845 3513 2051 4344 388 1841 4780 1792 2275 4924 681 1690 1563 3197 3049 2812 3464 2185 442 1572 2547 1882 1006 3628 4250 2586 1159 377 532 4987 2049 3238 3825 3054 1177 1507 114 3181 4430 1110 4001 3478 2381 3259 97 2279 717 3545 1828 2589 2140 1984 2054 2345 2193 41 4799 2205 4306 733 4104 4580 4171 3903 1557 3080 4640 2442 2300 4596 1186 3085 3437 1302 1126 1270 1812 1130 2559 2420 4128 3763 271 3990 4991 4722 2099 1488 123 4393 4794 88 3644 196 2951 1376 2885 723 4734 3850 3106 317 1099 3595 2471 165 4439 1099 2398 1132 310 1289 191 3899 2704 2607 3600 2807 1259 2469 1716 1777 2459 3100
2190 2223 4975 2999 3449 346 2376 1315 510 1145 3901 2734 4050 3308 1077 810 1569 372 4866 3823 2990 2740 3908 3687 134 1643 1853 1198 3470 2852 1671 1322 1538 4188 278 3153 2959 465 1866 2735 2236 2291 2084 1613 3083 3938 4636 2614 1558 2332 3306 1953 4438 975 1209 3760 2163 107 3119 3405 877 325 2789 826 4928 1154 2174 2694 748 3207 2573 4491 4635 578 825 4795 941 4203 1261 1534 2696 804 3424 3740 2795 3662 2283 1045 3197 4760 913 2911 1543 69 2966 3336 3167 884 1344 2463 4665 2426 1697 1001 529 1060 3282 820 4418 25 1978 1649 1778 2763 4772 2895 3361 4643 3656 106 349 2579 3247 2141 523 3486 2878 2427 2184 2917 2450 3938 802 2535 3104 1731 4665 313 3665 1071 4204 2215 1694 643 3439 2210 2106 3122 921 4067 3246 854 2145 4485 2222 2969 3281 3914 3994 4899 3489 2498 4514 4039 4899 1327 1268 3506 4533 2009 2922 1538 3456 1129 2667 1096 4486 2613 4272 1044 1472 224 3519 3717 1297 4887 2177 4309 3424 4692 1097 2596 2060 4997 2368 1130 4693 2348 3150 3978
2282 2591 524 2128 1381 270 2458 2741 1145 853 1718 3502 3629 4082 1501 4242 4064 3120 3426 3584 2968 162 2966 786 536 1059 4611 89 3538 495 4355 1656 3938 1432 860 1552 1678 4615 190 4083 3523 3232 4639 2461 4327 667 388 2749 2626 448 563 4796 4224 2044 2778 790 196 4675 31 984 4561 1901 313 3714 3602 3683 4240 3949 4362 3693 365 3217 3131 4270 1512 531 4850 1680 4884 4334 1591 267 4361 29 3034 4621 4984 498 3400 3371 3160 4474 4711 2448 2192 797 3274 1507 3633 406 4352 684 1198 1692 206 2764 3762 2535 3048 2909 4736 529 1401 2506 319 588 1015 1863 2506 4436 312 980 2411 4455 4141 1777 4519 1628 3998 3150 1844 4574 4760 1940 3325 1843 3712 2123 645 2772 2726 1128 483 32 4202 562 3599 2395 3170 4412 317 1017 3700 177 2029 1619 2305 163 4200 3782 3691 2099 1868 4014 4389 4041 2740 3823 4580 4315 4152 4346 3986 3463 323 1722 4832 3274 3845 3944 2894 2125 4290 2424 2765 2844 2801 2590 3450 628 1391 2932 1629 1057 4376 2252 2297 1163 3460 3496
2436 1182 3115 2600 1373 3715 4119 3473 3901 1718 4743 1354 3482 630 1561 2729 2071 3594 1732 1057 4480 1646 1123 4733 3610 4984 1858 1725 2898 4200 4952 745 3873 2679 100 1863 1085 626 3187 3706 1487 4299 244 4573 154 4463 3240 81 2874 1958 2661 4903 1205 3052 3051 3900 2652 1712 1729 3570 3065 1575 1162 1837 2600 3600 955 200 1453 715 4223 2294 3594 3518 2558 4393 4577 3349 852 1442 2763 948 111 2540 3708 982 2887 4437 4734 3618 4491 393 4681 2977 1677 3708 4509 4611 1899 1547 496 792 3356 1511 1317 3244 2010 1440 971 4862 4592 1795 2771 4476 1808 2381 3673 4412 4820 3220 1993 2117 2916 426 1579 2188 3575 756 2204 1745 2461 2330 2978 4068 1696 4248 3601 4591 3167 4209 2479 343 1605 2201 785 3686 3684 3212 2994 4136 4085 3969 1451 537 4452 1701 2138 4588 2165 111 327 3140 831 4399 2958 844 2768 4384 1003 2452 1653 893 1952 1013 1391 3830 3698 1491 701 3709 367 1247 2098 1263 3053 1823 716 1367 711 2617 806 252 1648 4323 48 1011 2836 838 1718 297
3366 1741 322 228 3716 87 1356 258 2734 3502 1354 2236 4959 244 2766 1516 2488 410 4491 4446 2823 87 4004 1836 826 1588 2203 2778 3630 2309 2318 999 2026 1958 3361 1114 3590 1225 3242 1148 3326 2851 4826 3057 1783 960 4702 2747 4858 4753 2682 3333 4319 1109 711 4597 1935 312 463 947 3675 4546 2799 349 476 1140 4630 2060 3146 1421 4653 647 2734 704 2280 2238 3776 3800 296 1060 2408 2551 1735 1507 1036 3431 1097 1686 1855 1201 2076 847 428 4966 1905 4978 1097 792 3825 1102 3557 663 1090 4475 3551 3823 2163 14 2067 1674 1253 2478 2594 3354 1288 1405 1208 4537 1992 1670 3908 4130 3079 4456 1542 514 237 2679 2512 2063 3629 3457 3910 3671 4926 4018 919 2759 1408 2708 2619 329 2289 561 2860 269 4647 23 2078 4236 3192 1996 2927 4236 3404 551 4576 954 1374 3548 4429 4873 1561 2351 3043 2118 2721 4244 717 793 1460 2352 2318 3155 573 3745 4207 243 1350 335 2110 2996 2443 4644 4514 514 3959 1854 2324 3427 3211 1654 3961 3902 3406 4860 3522 1948 3309 3885
544 1221 4994 105 2774 1298 4355 407 4050 3629 3482 4959 369 3671 4487 1143 3994 1610 2849 1916 3636 568 1654 3783 2516 1707 1578 3384 4389 3732 3013 612 4549 2937 3750 2858 4317 1586 4829 4859 640 1689 2756 3121 3967 3204 1697 1642 3473 2351 2780 4472 2860 761 2354 1403 3139 4320 2164 3444 578 4993 4619 668 2420 1595 3706 4149 4888 1381 1576 4713 301 2038 3053 446 62 646 645 4487 883 4294 1909 4169 514 1131 2887 3598 1649 2870 1063 764 2997 1602 2993 1379 1376 3052 1770 1074 3146 620 538 3291 2487 2901 3612 2904 4606 2757 350 4703 3644 2564 3330 3748 95 4509 150 3521 2026 3875 870 2441 2964 167 15 4956 400 783 3147 3374 1535 390 3889 3744 1217 3189 4721 4313 4741 4631 4392 3267 1442 2856 256 120 4541 3862 3790 4787 865 2954 1726 2507 4704 4729 569 575 1012 3323 839 3809 1035 2270 1831 4114 732 3532 4516 723 2179 1008 2694 4315 2260 1207 211 4451 3614 3182 4160 1418 374 3855 1675 2034 2481 1782 4916 3638 4184 3144 1213 16 1321 3669 288 3261
3281 473 1581 3910 3447 1926 465 3388 3308 4082 630 244 3671 2372 3760 3649 2386 483 188 2007 3207 261 3552 2422 487 1859 3806 4101 4836 3387 2426 4657 2433 787 187 4811 2187 4328 1278 613 4778 2280 4114 2237 1530 2072 894 1022 716 2505 397 1487 1002 123 3845 1785 590 1682 686 306 3368 4830 219 3049 928 2914 4128 1955 1474 113 376 1481 4091 2472 4581 3925 3511 2550 2103 93 890 951 2168 4868 1840 2380 3443 2730 2720 2027 2634 825 793 2164 1802 1598 3913 3167 3853 2567 4718 4153 4183 4069 1658 685 2321 3311 1835 4578 3893 1772 3898 2515 4606 3576 2709 1901 677 2758 4717 2497 2763 2471 1837 4957 1428 1025 2934 3860 3655 4581 4863 2206 4014 3467 3211 2232 3630 3744 4006 2009 3223 4574 309 2140 1540 3585 616 1497 2867 56 2818 3866 1749 1088 4597 4882 4343 3017 3642 1607 163 4041 213 39 1321 3010 2553 1989 4991 4186 1329 4150 1088 4387 4464 2604 4862 3014 1478 4719 858 4484 105 1038 3800 1520 4067 2971 3458 932 3841 4218 3425 3821 2033 1069 3927 167
1405 4106 3516 2701 4330 2205 619 1624 1077 1501 1561 2766 4487 3760 315 4348 3836 2762 3816 1523 3483 4797 1590 3665 4771 2650 1528 2170 642 4346 1816 2639 1108 4436 4177 3013 1388 3610 3271 3757 4457 3130 272 4708 110 267 1930 3924 3016 2426 1054 4707 4623 1423 4562 2647 131 1523 3269 1860 1320 4862 2987 222 4391 4005 1500 2982 1675 3635 3544 2482 1940 1527 945 3223 4592 1510 4814 4447 3469 940 2256 4514 4676 1951 626 775 2865 1540 1649 1831 3021 3612 2504 1906 1639 216 1466 3179 1298 1652 770 3154 2008 3109 1865 1303 1834 4508 2582 3582 3104 1329 2427 3691 3829 670 2519 4043 2272 3764 4632 2968 73 410 4741 3338 4039 2518 3487 354 3000 3107 1786 2286 1540 2855 350 4178 2905 4406 833 1741 1187 3641 424 2601 2089 4561 1744 1686 4335 3424 78 574 3333 3859 3930 2034 2799 813 4933 894 1406 1591 2548 3314 3381 946 4810 408 607 1157 2445 1016 1659 388 2657 2870 2931 3792 4314 423 3274 3596 2537 1410 2513 2185 2633 1670 4900 1020 4587 776 4192 2766 3466 3392
1864 3781 1200 2429 2456 893 2525 3220 810 4242 2729 1516 1143 3649 4348 3112 505 2161 4475 1957 1727 3800 169 2583 3600 3836 3833 871 1736 1246 1916 3233 3134 2576 3306 1841 4281 1472 2790 827 3118 4431 1710 315 2052 3316 953 2791 514 2366 977 1061 2156 3509 2524 3186 1236 2582 2433 3593 2590 4444 1133 3615 755 2718 4745 1922 10 4685 4330 910 105 4426 796 849 2962 4209 3143 2633 1789 3861 1165 3894 1457 3077 1765 3943 3378 3523 1123 3684 346 2138 4306 2201 2426 764 122 1751 2070 3965 3553 3780 720 3976 1255 3594 4249 2159 490 3549 1729 4702 2763 258 30 3437 1414 1065 1330 4546 937 2107 4061 2670 2904 3016 3508 4990 1009 948 2647 3533 2312 4593 4053 3631 4474 2360 4161 4580 2557 4341 2290 4886 746 3484 1573 3776 865 84 4839 4306 2504 3659 2736 3745 4374 2985 253 2505 2603 997 2159 2286 1165 2430 616 4024 2018 3417 509 1584 1056 1530 2646 1305 213 37 3857 300 1200 1628 4233 1170 2032 400 4615 988 1597 525 785 2071 4287 1361 200 4414 343 4643
15 4949 4385 2718 4102 1741 525 2779 1569 4064 2071 2488 3994 2386 3836 505 2250 3993 4435 3944 3141 400 3989 4271 2580 3205 4462 2125 603 1216 3672 4884 3418 4703 4106 4056 192 702 2601 4716 439 2904 3909 544 892 4134 624 1150 2975 4296 4559 895 4549 4781 357 2406 755 2432 2545 1881 1618 1051 858 3014 1225 1415 4643 3777 1627 2691 1586 2665 1970 3575 1772 1300 1618 1679 3024 73 1381 3329 600 93 1266 1837 2140 4423 2516 2048 2937 202 1680 1009 4862 4021 4566 454 387 1900 3470 4279 2240 4328 2334 63 1460 4187 3095 4971 1579 2332 2718 2845 4136 4347 4467 2673 2147 2146 4106 2565 2081 675 165 3810 2777 2174 2088 728 552 4814 198 3487 2274 2876 4742 3492 1912 776 1911 3873 4683 3597 4964 1177 3244 97 4789 1961 2446 3271 4913 508 1157 4118 145 3716 3065 515 3230 436 3462 3666 1217 4682 2192 630 4119 3043 1651 2982 4045 3201 3636 1310 794 3850 2254 4302 2122 257 273 3632 3004 3415 2401 3514 4320 4906 642 4811 4670 3848 3394 308 2471 418 1022 1967
891 399 1776 4224 3396 2598 1673 2803 372 3120 3594 410 1610 483 2762 2161 3993 3230 3634 510 131 2108 2842 2244 4057 2360 4893 2827 1609 3583 1768 702 2957 4704 1401 2494 128 1446 739 3631 3528 322 1371 2027 3755 3507 1603 3046 3458 2355 2882 583 4727 185 2283 3660 1689 3608 786 11 2079 1369 1278 4598 1799 706 4941 3057 1549 1590 1295 1304 4601 2149 3391 359 4230 3198 3543 2380 3245 1876 494 3974 667 286 194 4844 2880 3465 1826 4913 1215 3067 3057 1835 2796 820 2120 3782 4438 1639 4541 1505 4931 3055 2990 2839 2586 3120 3482 2731 122 153 2027 3402 1092 981 4435 3945 3774 1811 4975 2436 2504 4486 194 1671 4990 1525 4178 2295 3239 295 2762 2550 729 2405 458 2073 1078 2354 4081 1079 1243 466 4522 1172 2413 3974 2927 4147 4931 2614 3672 2693 2344 4809 4283 1857 458 1452 1322 2838 4964 4790 3124 1035 3639 1553 1131 4841 2282 189 3230 2893 4963 2734 1770 3635 657 1027 1292 3834 4435 1293 1767 1331 3138 1355 3749 1787 1118 3683 542 2714 1775 3479 1287 3003
1519 2134 4600 2755 2228 2604 2369 1849 4866 3426 1732 4491 2849 188 3816 4475 4435 3634 887 980 2929 4458 1248 1060 2977 4291 2689 334 545 22 2671 3940 535 1584 4631 997 4966 4933 1454 1095 594 2329 491 3261 207 4683 4068 4894 3173 4256 4881 2673 2794 4267 2694 4672 918 1975 2046 1483 1604 4329 4652 2834 790 3671 3313 4116 1474 1473 4705 3930 368 423 3900 2051 4076 2644 1439 120 353 260 367 3567 2720 1576 3014 3075 1141 454 2293 2185 4868 2402 4363 3068 3788 3077 4293 1632 2034 819 292 2253 4108 4200 2818 4677 1906 4401 3999 4665 2570 2776 545 3335 21 459 107 3934 3658 4939 2955 2525 685 1526 4494 1940 3276 1811 3092 1929 658 3580 1797 54 3063 1722 4313 41 3864 2005 4578 4577 291 4723 829 2316 2386 153 929 4414 1333 2172 4702 3472 3860 3876 4978 2242 3024 2879 3521 2532 3017 2120 4081 2389 99 4877 3535 2184 2281 3390 1931 4187 2750 1951 4117 3892 4416 4727 2831 1846 317 325 2785 4406 1978 3230 4715 3349 1436 1478 1531 4520 3338 51 1203 4738
2746 3485 4420 848 264 4572 1918 249 3823 3584 1057 4446 1916 2007 1523 1957 3944 510 980 1924 2531 3766 2819 2397 129 4234 1371 4543 2951 3865 301 1702 784 3776 1014 4179 4270 1434 2296 3356 1819 3660 2750 1587 2342 4667 360 1701 3388 1772 2947 1556 3530 24 4234 1501 1901 2484 2268 1000 1423 1954 4120 4022 2020 3248 4472 2818 1153 2201 4639 489 1415 1810 3738 3623 2663 2889 3199 2469 3545 2984 4968 4504 3211 2528 4073 4431 1913 3446 1920 2507 4065 1546 1248 4628 3795 1924 2691 1406 4897 3958 4065 4644 2964 3321 3850 1276 3999 4081 4788 3283 2453 3498 2516 708 2471 281 1338 3043 4155 2948 578 2826 1705 3034 4282 4787 1913 1951 2609 4409 1793 158 1621 3465 1637 4496 3227 4051 3612 4979 467 3160 780 1522 1611 1331 3935 2199 2938 137 3303 3010 346 3830 3074 4160 134 4892 3369 664 1848 4372 3557 4830 1834 2731 3444 4980 2589 3288 4540 2004 2970 3550 1492 3763 1831 608 3767 154 1597 1024 2552 2997 2909 3070 607 4788 606 3547 4682 2350 3591 1874 2001 3104 4212 4805
3623 4919 3829 63 689 1181 4309 4256 2990 2968 4480 2823 3636 3207 3483 1727 3141 131 2929 2531 4084 1283 4339 250 1859 1564 2613 250 1996 3159 3706 4437 4665 4720 1468 1874 3098 4483 2165 1238 341 2563 1844 4247 752 4400 1662 4654 1832 1543 3363 827 3259 1161 2317 4620 2040 4484 1045 3558 4075 3781 4145 2609 3239 1355 2917 4855 4244 1648 442 1877 4273 1921 2911 649 3093 4089 809 1896 3451 3707 1899 2193 207 2306 2555 1717 210 691 465 4036 430 993 3482 1702 4025 1768 3162 3468 1118 3952 813 3375 1556 1502 2220 98 1210 1221 3877 2041 2641 2388 2219 2330 2248 1506 499 266 584 1566 3689 223 1641 4862 3921 2629 4534 4851 4957 1635 2831 2340 547 1726 3716 3405 1184 903 2400 3098 3040 2451 3315 1879 1544 1240 4836 288 3464 1833 4261 1995 2982 2033 4185 3916 339 326 3550 988 2061 1728 3421 529 2905 2301 4359 3773 1160 3870 172 4414 3522 3315 3063 987 4905 836 1194 470 2427 3385 3762 326 4756 1719 2434 1980 4224 120 1604 1012 1238 889 454 458 3212 4569
416 4009 3847 4638 1322 668 3924 817 2740 162 1646 87 568 261 4797 3800 400 2108 4458 3766 1283 3175 3800 1550 4720 1144 4453 4613 3955 2259 4421 2693 4622 4412 3520 1884 4339 316 4694 975 3167 556 3989 2587 2116 3137 3671 631 731 3019 2974 1260 687 1234 2929 839 4822 1916 3005 3913 2889 4816 3388 1336 988 3610 3761 4847 772 1603 4256 2153 3575 1510 3934 4469 969 4881 4600 4701 3931 2774 2730 643 179 2596 1490 1746 3842 200 1185 3036 888 2606 4852 3844 4205 1048 4069 3851 3261 873 3357 3598 1342 4001 3989 408 905 3465 846 3898 1841 4099 467 4817 1439 1007 4750 3831 3201 1487 4247 1153 3831 2682 1250 770 220 4587 3480 4997 1184 126 3953 3415 4978 4322 3588 4221 341 2209 267 717 1947 3155 2612 3091 625 3264 4549 720 4273 598 815 3889 4949 272 3941 2217 844 4417 1286 1661 3604 2151 955 4627 2291 2893 3418 2000 3791 4162 1974 515 3672 3900 1461 1951 4605 3004 4630 301 1461 4217 2843 4914 2990 3502 3025 1945 1250 502 830 3541 3321 204 1316 759
3559 3491 817 1212 718 2813 719 1465 3908 2966 1123 4004 1654 3552 1590 169 3989 2842 1248 2819 4339 3800 3954 917 2358 831 4210 1471 4115 1533 2507 2471 152 1359 3450 3177 404 2433 4416 1738 4150 2982 1001 4241 4960 592 4926 679 337 178 4771 35 1369 4642 2081 2856 3307 3519 357 2287 652 809 422 533 487 4041 4199 4417 256 2383 4768 3710 331 1273 3370 3747 2597 3971 2871 3222 2706 4330 4903 1330 4397 1474 4631 2168 1650 1524 3332 2367 818 3354 826 1348 1125 527 2349 2685 1705 1185 251 4159 3404 442 2371 2840 2145 1910 1052 1080 3296 4261 3770 3575 100 1224 3904 4096 4722 857 4849 1225 4205 2636 2870 3268 3778 4554 3953 4621 1244 2444 546 400 4678 1979 4113 1411 4310 1757 1460 3298 1408 4615 1930 354 1298 1882 3045 1183 2740 1704 480 1078 1955 3006 3143 1027 3798 3009 2917 448 3488 1299 2065 4834 2834 1928 490 3312 3998 2196 2638 3869 4057 128 3244 2052 4711 226 1125 144 2396 255 3679 1710 4022 168 483 2532 3998 742 707 2068 4857 2492 4810 201
3872 3954 1655 4004 4631 1990 2627 3063 3687 786 4733 1836 3783 2422 3665 2583 4271 2244 1060 2397 250 1550 917 983 3277 4716 2743 2077 2994 3993 3734 3439 4753 2901 2479 1655 4285 1630 2981 220 840 1822 2457 91 4298 4605 1192 4222 1301 1713 2158 4104 2177 2817 349 3398 904 3915 3912 4483 3995 4295 3641 1439 559 1778 2802 2510 4519 2948 4835 3394 4731 1079 4416 2580 3598 2052 3439 2438 2625 2252 3116 775 639 4838 4381 4181 1248 3074 611 632 1273 1472 1298 3182 3403 1051 2773 627 2744 4709 2508 3140 4173 2509 4730 2926 4151 875 3682 1414 1588 1337 3276 3070 3474 1459 452 3807 3007 1903 1647 3821 3868 2917 4103 3969 1398 1833 4302 870 4249 4700 3848 4545 1198 1893 1642 4534 1445 2148 2772 4474 3461 2410 4361 905 4695 992 2139 3817 4497 2732 2050 894 2694 3434 3947 1869 2727 4700 1255 856 1586 1090 88 1987 112 1492 1419 4499 3878 807 3053 4544 4539 2479 994 2806 2837 2559 392 638 2815 3963 4115 1613 562 50 1464 2212 592 983 2597 3804 537 269 393 4072
2653 698 2898 1304 4919 3681 3055 4965 134 536 3610 826 2516 487 4771 3600 2580 4057 2977 129 1859 4720 2358 3277 3165 1516 396 1917 833 4866 626 1538 514 3274 3582 59 2992 4895 524 2088 307 1664 2781 2577 3467 4574 3724 3501 2583 977 4732 3879 4633 3157 4148 1670 528 1870 119 3528 2812 1978 224 3516 2360 237 2795 4396 4865 4969 2619 3393 1542 2575 2560 2934 1166 2647 711 3052 3874 1934 4197 2354 2878 3429 4120 4086 4421 1439 4372 3457 2360 4458 2796 4908 4946 4686 3659 371 287 2376 4399 4991 2114 3466 1462 577 3658 394 4602 1430 2587 766 4201 73 1889 2303 970 2279 3991 2833 607 1836 4111 3869 722 2083 1069 3883 1121 681 2652 1394 1399 2370 1150 4999 3486 1078 1566 3935 1662 2538 585 4137 557 2999 1715 351 3734 2579 4540 3132 4428 557 4278 2532 1628 1820 1569 1388 3567 4895 272 1380 1541 499 2174 2243 1205 4859 1339 2817 2619 4693 2831 3833 3957 2712 2430 4236 2306 1075 3418 2407 1769 540 2669 751 2259 2007 2456 501 435 1260 1356 1019 4773 4716
3099 316 1420 4989 1845 1705 4266 1266 1643 1059 4984 1588 1707 1859 2650 3836 3205 2360 4291 4234 1564 1144 831 4716 1516 2978 852 1089 2811 3583 3331 4106 4042 636 1606 4968 4375 727 4852 3732 4455 1045 3254 2144 2374 1835 2995 1219 2665 1552 3636 1142 1785 2256 593 124 1598 4553 1947 824 359 125 4636 2068 4727 654 2775 4798 2716 2881 2577 3097 1391 1510 1373 490 2526 1211 4925 57 2633 4876 4934 1533 169 4279 464 512 899 1802 3461 2297 4452 167 1681 1809 4940 1392 2685 4558 4789 444 3215 1869 761 342 2085 4938 2720 4772 1143 2887 4788 41 1753 4636 993 607 88 4844 1689 1155 2069 1851 1954 4368 4563 1142 1894 4200 177 2192 4249 4866 4740 3909 4698 1915 4574 1045 688 1618 522 3823 3098 3455 688 4146 3055 3237 3946 1390 3064 2063 3005 4252 2169 3251 2214 2483 1244 2447 2551 1572 3251 639 1543 3809 4888 4410 4436 3129 2737 2132 401 4999 1940 460 1859 1390 3265 1916 1452 3126 4078 3491 1487 4385 3362 2690 1701 4650 209 2325 4270 2943 3280 704 2581 101
994 2719 3761 1368 2070 2261 644 137 1853 4611 1858 2203 1578 3806 1528 3833 4462 4893 2689 1371 2613 4453 4210 2743 396 852 843 1326 4995 147 1970 1327 2654 2485 3090 1271 4417 156 3761 4415 1291 4140 438 391 1776 2279 189 635 1088 2500 1442 4480 1679 4432 4510 536 2974 2544 375 2064 4807 910 3402 3597 1149 4007 4614 1683 2584 1358 565 2249 921 498 990 4336 1569 1761 3714 4782 3125 2476 1098 735 2532 3199 4776 3618 264 2270 3304 1437 3039 3505 2878 4369 3450 4531 3176 4052 595 1718 2629 2108 974 4153 2641 681 3273 4653 3455 838 475 4021 2032 575 2213 1707 1374 141 3142 2444 4792 2231 3876 4397 1667 2262 4088 3721 225 4705 1929 4879 999 4439 4389 2163 2956 3923 2110 3663 3618 4048 2579 2064 1029 2554 1375 2207 1862 1165 1530 3515 143 744 4002 1516 4739 4572 1516 1412 2514 48 3000 1313 1586 3618 3248 2862 1886 3426 3350 2061 4267 4820 3000 3996 524 3106 1580 671 2030 4832 779 2832 3577 1255 2657 2458 857 399 3261 4785 63 2233 1006 4583 2691 1537
2880 4706 2793 2132 2754 4716 3713 2422 1198 89 1725 2778 3384 4101 2170 871 2125 2827 334 4543 250 4613 1471 2077 1917 1089 1326 2850 3208 3560 160 2782 1688 2952 2482 1438 1179 3793 4907 2259 1004 3429 1941 1285 4621 1860 1986 2804 1473 2797 385 3939 1002 484 418 4062 230 3340 1616 2343 3443 3197 1385 4559 3880 3821 633 4419 2497 4202 4470 3620 322 2599 375 3642 1470 1427 4486 3775 1009 2356 1007 4004 4865 1003 2152 1360 999 1857 3521 1676 2074 926 4467 641 4331 3954 3107 456 3223 2272 1906 4244 36 4677 2122 3262 438 2008 751 363 1788 2570 4272 3220 322 2408 1559 4057 3834 3083 3878 4698 2000 2948 2117 1518 4157 3540 1723 1719 166 2651 3205 1515 2024 1719 2734 284 4991 852 3033 22 4287 3261 3238 3609 1955 1048 2253 2705 4304 1872 651 1862 3487 3762 1577 3522 4682 743 662 1448 4477 3371 2944 2813 2289 1687 2576 1198 4097 217 4794 2327 1310 4054 1159 2765 3035 2631 1572 1059 2973 583 3302 984 705 2523 3854 1248 3123 1993 1149 3197 2155 4900 4656 3302
4007 4968 4351 1082 763 4974 202 3128 3470 3538 2898 3630 4389 4836 642 1736 603 1609 545 2951 1996 3955 4115 2994 833 2811 4995 3208 3369 4527 2693 3014 4843 4943 2755 54 3208 533 1175 480 3115 153 1538 2662 3557 1860 4466 555 4162 674 1561 3878 3880 2988 527 4151 2257 4601 426 741 1751 1050 619 4820 420 4877 2941 760 141 790 27 3244 3198 2742 294 2006 1688 2439 2791 2241 145 598 2421 4082 957 1890 1052 2134 1431 2206 966 1603 4724 1703 3166 4574 4904 3478 1763 2619 2151 936 3598 1300 4631 1347 3770 958 1792 2131 3541 2291 327 3848 265 4318 3019 2748 1506 2709 1445 437 1458 3653 3911 4064 2258 3687 2498 3190 26 3062 977 1631 4204 4284 509 4050 3139 3275 1399 4451 3075 2371 2603 550 2813 1753 2514 2445 3668 2457 2198 3337 4015 3729 3139 2369 844 804 1309 1340 1797 341 4755 4916 992 4118 1073 3629 1758 4204 47 1908 4567 583 1129 2712 4442 1421 833 3743 3529 2385 1364 3901 411 4870 4921 4328 1234 1779 653 85 1946 4378 3969 4536 4189 2817
4361 1385 3239 1401 3726 4536 1367 3225 2852 495 4200 2309 3732 3387 4346 1246 1216 3583 22 3865 3159 2259 1533 3993 4866 3583 147 3560 4527 252 1006 4290 489 3748 1893 2654 2914 1935 1744 510 4921 4097 215 3623 4657 985 327 98 4206 3941 1896 3626 4201 4839 4281 1044 3964 2289 4289 2125 3206 3491 2267 493 1078 1191 2140 490 1333 2883 3066 4319 2766 4398 4909 4781 3320 2539 3615 1383 2513 3704 2705 4765 1303 939 3977 3038 1600 2339 88 1875 711 1039 598 1288 1603 3782 1651 85 3512 3839 1726 633 2272 3154 2076 3808 4784 2787 3510 4357 2904 789 2230 272 4815 4717 1238 4637 747 4939 130 2574 773 3122 3684 894 1474 833 456 744 4561 984 3132 3924 2809 4759 2817 2049 1224 3543 4807 1503 1364 4747 2966 719 4622 180 1319 1669 1007 3593 1441 3950 4686 1807 1889 4231 1121 1286 620 1783 4433 325 3649 1609 1277 1483 1213 2033 24 2522 4103 1673 3175 4636 630 3093 2069 3631 3435 2747 1908 3378 3252 75 2033 2657 4954 2772 3351 3041 3503 2139 3691 2214 4675 3336
1917 1187 3134 2857 2775 3521 3411 3396 1671 4355 4952 2318 3013 2426 1816 1916 3672 1768 2671 301 3706 4421 2507 3734 626 3331 1970 160 2693 1006 3331 1567 2550 1979 3736 1941 2982 3781 3456 1712 1538 1018 4368 3322 28 1465 990 1617 3162 3755 3849 635 1290 1796 284 2771 990 1514 2998 4443 1534 2075 2401 545 24 144 2847 4628 2873 2145 777 2505 1807 109 2324 1733 2788 3962 4575 2259 4915 1663 11 2589 4724 3994 2078 3986 100 290 146 3797 2539 1781 31 2011 2229 2681 757 2887 4460 2750 3113 2378 4640 2890 2276 3278 4819 46 4854 422 354 2536 2203 2191 1182 553 1110 706 1836 1257 1534 1227 2310 3246 3897 511 1172 2202 118 159 2263 844 2443 2930 464 3729 1545 190 4601 1334 207 860 1096 1020 3224 3423 2338 4671 761 1051 1457 4864 567 2747 3618 3232 4018 1640 143 1592 1139 1390 2776 1088 1949 2199 911 1136 2474 1699 280 1500 2819 4577 3950 4794 1849 156 1407 3947 3667 3686 4542 1504 3216 2803 807 1576 4846 2718 3878 861 3428 3970 272 1416 4307 2894
665 174 2886 3762 3437 4428 3557 3613 1322 1656 745 999 612 4657 2639 3233 4884 702 3940 1702 4437 2693 2471 3439 1538 4106 1327 2782 3014 4290 1567 4177 3859 3599 3551 3236 4242 1296 4433 305 3231 1767 4328 1654 3182 895 4073 4109 2812 2171 4276 2396 233 29 3445 3332 2744 3213 2448 2191 3326 803 2943 4537 4364 3665 660 313 3961 2878 4650 3380 337 3265 1427 3779 4315 4272 794 4983 4828 4624 3543 1393 861 2869 2250 3317 2883 1654 812 3610 257 3264 666 1046 3620 1178 3702 4174 3382 4163 1326 587 1675 4850 34 4186 2568 3485 2762 3378 1897 1085 4844 3791 2962 940 3230 2237 3217 708 70 4035 2764 2510 2980 2617 1169 3331 1125 1998 3036 1559 1437 1559 1034 2463 1110 3157 1847 1489 1795 3953 219 3100 999 4466 1093 4640 3539 1727 2958 2932 2740 4937 3142 59 1940 4334 1550 4588 3297 2646 2792 322 1399 4388 2326 194 2902 1908 847 1809 2149 3226 2425 3371 4353 3961 289 2402 2344 4568 3434 1299 4454 3376 3329 2141 2882 1363 3794 459 169 2012 2313 4366 409 456
2517 3564 1173 20 4095 3905 2200 3289 1538 3938 3873 2026 4549 2433 1108 3134 3418 2957 535 784 4665 4622 152 4753 514 4042 2654 1688 4843 489 2550 3859 1955 4703 1415 3393 4822 4680 2531 277 3055 2169 3006 897 1924 1291 1607 3350 3740 4545 579 1142 980 4838 1624 2288 1262 4559 2610 4057 2792 2375 3748 968 1962 3071 2567 4379 188 4098 656 4391 880 3992 4816 1619 4219 1758 1358 2508 839 2029 1282 112 3525 2332 2607 1508 2395 4326 868 1089 25 2632 530 3913 4896 2340 59 4164 4850 3095 4794 326 1642 4800 1531 390 3881 4090 4127 3508 2236 955 4125 1248 1594 4626 1474 3245 2797 3451 4903 85 2791 694 4096 4561 2450 1794 2282 1273 2175 2890 2807 814 1116 1792 3008 3912 2013 4433 2876 1380 195 3616 3085 1414 1055 1333 1661 3411 572 1987 814 2936 576 1652 3525 4806 438 2717 4410 485 1803 356 890 2005 80 1313 1352 4630 4034 2841 218 363 4443 2986 3109 1741 383 1409 2508 2121 2602 393 749 4595 670 3145 4813 315 4400 3810 4638 4999 532 282 706 4654
1852 431 2905 3706 4786 4209 427 4495 4188 1432 2679 1958 2937 787 4436 2576 4703 4704 1584 3776 4720 4412 1359 2901 3274 636 2485 2952 4943 3748 1979 3599 4703 3443 4452 834 928 824 2112 4070 1175 2674 1493 3672 3367 4931 4276 739 2795 3312 4159 3063 3155 1547 4351 3271 1263 1562 478 2058 3304 2256 4563 614 1997 1556 3583 22 1094 731 3945 3429 3872 1058 3239 142 4188 3236 4750 2873 91 4729 3120 2708 11 2110 1513 1449 4274 4775 1390 1036 1088 1341 1157 2996 687 2453 12 4598 1328 2485 1220 3657 2158 3754 4787 4347 4680 162 3507 2118 1672 3646 386 2754 1464 2475 2246 994 2976 3422 3266 2751 4111 2561 755 4740 2029 1801 3300 4268 4837 1409 2573 164 3674 4256 444 1272 2436 157 2618 4107 1751 456 750 3300 3142 1124 3064 2293 1208 4841 4737 296 1321 2265 4783 4215 991 955 2029 2692 273 2998 522 4639 626 2631 947 575 3186 3673 126 4610 1036 1701 4523 1471 2372 1409 1975 2501 1117 4106 57 1589 3464 1973 2875 982 660 550 219 4026 3715 4881 2104 811
4917 942 4646 599 2129 1450 3994 1588 278 860 100 3361 3750 187 4177 3306 4106 1401 4631 1014 1468 3520 3450 2479 3582 1606 3090 2482 2755 1893 3736 3551 1415 4452 1129 949 2006 3279 1735 1930 2860 3645 4723 3340 4588 4419 3427 1281 517 3630 3278 54 3763 1042 4772 2228 3095 943 211 4229 459 3956 1943 1410 3863 2505 2743 4828 1773 1547 4133 390 1064 962 44 1227 2438 4216 682 732 3617 3596 675 3716 3743 4168 1756 995 255 1976 1452 1660 2812 2240 4255 797 2263 4368 46 219 3078 4270 2814 3463 675 1500 2252 1144 3573 2752 1035 4347 1400 1911 509 2657 4712 1191 1988 3798 3221 4298 1682 4016 4681 2605 361 1844 3543 1904 1682 3754 3522 2021 352 3598 3856 1546 451 4883 1134 1497 743 4448 3610 4423 3658 2566 2046 1471 4888 669 3252 256 4319 1933 4071 529 668 4431 3837 634 2660 1207 236 1749 285 2893 157 375 2528 3344 3999 648 4399 3711 1554 513 4725 4234 3482 1627 2430 804 4162 548 2409 3295 1204 3022 4930 2898 1874 4326 3682 2484 4053 2458 2224 2937
1662 2493 3963 1651 2392 1795 1068 4652 3153 1552 1863 1114 2858 4811 3013 1841 4056 2494 997 4179 1874 1884 3177 1655 59 4968 1271 1438 54 2654 1941 3236 3393 834 949 4520 4487 4378 4948 664 4051 4575 1571 684 1071 447 2589 4560 1723 2083 4163 4204 2227 2849 841 2322 1400 2308 784 2256 3643 4284 2649 539 2102 1724 3043 2148 2260 269 1928 1843 1917 4971 307 4488 4237 691 1066 3449 3754 2171 1440 645 1424 540 1417 1938 3752 2621 4337 2678 1513 3321 3378 4475 1385 524 114 1226 3675 421 530 4926 3393 2553 4234 3287 3870 354 1817 3220 3138 4683 1517 3235 420 2458 2870 101 4614 3079 421 3986 301 393 4357 4431 3377 3932 2821 4095 4265 2751 1086 2242 4777 4221 1585 243 1920 4385 1288 1025 1122 1037 723 2822 791 274 1660 4608 3386 405 1314 4796 712 4341 4885 4432 3500 536 1561 4389 3494 1695 219 1109 4896 4520 581 2469 1114 1283 2901 914 2598 994 590 4019 1755 1514 855 4791 504 2043 2533 3256 4728 2412 3876 1901 4699 3054 1253 4689 2463 1775 1395 640
3883 1734 1818 2766 1323 869 120 4007 2959 1678 1085 3590 4317 2187 1388 4281 192 128 4966 4270 3098 4339 404 4285 2992 4375 4417 1179 3208 2914 2982 4242 4822 928 2006 4487 1621 1046 90 4504 4835 1425 1016 4000 3995 206 3367 652 4903 1669 2209 150 4999 4209 423 4114 4296 2466 536 542 3051 687 1909 4640 4508 4330 3168 3596 3425 4718 1305 1753 1445 382 4426 183 3198 881 1904 4193 2019 367 582 3677 3937 4378 3090 839 4318 3058 455 83 600 3870 2981 2834 2337 4134 128 112 1969 10 2057 3436 4055 182 4633 1524 297 3062 3836 4577 1314 4887 4432 1929 4099 4817 4800 3146 2685 3646 1512 1811 1004 446 3957 170 1281 1703 1858 817 150 1613 4011 416 2897 1253 3050 4540 4189 1519 487 4501 2411 690 4590 1630 4137 223 2980 1185 4364 3137 1405 20 27 2876 4625 2926 1425 3113 586 2384 2066 2452 3117 1192 2017 2846 1480 4730 327 768 4752 3372 2932 3271 2943 2446 1306 3337 2394 4296 3813 152 1053 1766 2916 1274 2926 4416 3249 2121 271 1627 3153 1679 157 354
4632 4325 3815 2027 782 2189 2238 2898 465 4615 626 1225 1586 4328 3610 1472 702 1446 4933 1434 4483 316 2433 1630 4895 727 156 3793 533 1935 3781 1296 4680 824 3279 4378 1046 4182 135 1831 342 4681 2760 889 1168 4951 1986 4285 1273 2516 234 4140 3622 2317 762 3089 2933 4536 1282 2726 2165 3100 468 2752 2847 4253 3285 3422 2866 2850 4058 1402 3280 256 3572 2562 2102 2848 2870 3873 4207 854 4246 3760 4041 1379 30 1255 3688 519 578 86 4833 2445 2665 1743 1057 4170 2059 4632 1042 4845 78 3789 1674 1537 4466 3565 1381 559 845 3464 297 1572 2825 2965 2357 887 4161 4948 2655 846 4233 343 4224 2495 4749 2533 1483 1540 2914 4790 2054 516 424 2948 3016 2239 944 4679 1276 16 2673 2575 4953 1112 3431 4376 1294 2644 921 4876 2126 2338 630 1286 1497 1219 2361 2738 3613 446 632 1138 4082 3509 1809 3090 1937 2367 326 599 725 4992 4092 4495 353 511 4881 400 2414 4121 501 3130 4417 3741 2269 1614 4686 1990 2238 4026 4269 3734 4560 2476 1070 4210 2632 2467
629 1052 1017 365 122 3741 2548 2815 1866 190 3187 3242 4829 1278 3271 2790 2601 739 1454 2296 2165 4694 4416 2981 524 4852 3761 4907 1175 1744 3456 4433 2531 2112 1735 4948 90 135 2089 4360 245 4472 255 2251 2617 94 734 3611 3016 2798 3717 3602 4983 4714 4937 4023 1748 4096 1438 1150 635 107 3889 3558 3165 217 1000 1698 3706 4034 3898 838 2614 870 1225 3815 1946 2919 1791 3187 684 4398 2358 3207 651 4111 1674 374 3342 648 2156 2980 1481 1179 1392 477 341 1570 2066 4164 2582 2911 186 432 399 1132 4536 1925 1859 2264 3351 4054 4891 3801 976 710 3792 1440 385 3573 677 3535 4786 4723 632 3245 2286 3475 484 3998 1017 3363 3512 4745 3780 2170 2473 3400 465 3419 937 4662 931 443 4747 4224 1096 2384 2994 4187 1139 1600 928 4593 3347 2271 3461 4537 3510 4165 1506 1058 951 561 1215 3562 1008 413 3929 2404 308 2809 2286 2435 2616 4000 2409 1126 3214 1215 4761 163 4799 3352 4894 1915 2188 3966 1952 2972 3258 3571 2091 4220 185 4929 1900 2057 101 1175
2560 3832 2206 348 3264 2972 1557 3574 2735 4083 3706 1148 4859 613 3757 827 4716 3631 1095 3356 1238 975 1738 220 2088 3732 4415 2259 480 510 1712 305 277 4070 1930 664 4504 1831 4360 1576 2348 1849 1242 2247 3038 1792 1766 1387 3100 2239 1160 4741 4894 678 3812 172 3233 2054 949 4788 4192 3733 3649 2333 2851 4401 2180 44 4201 4774 3807 775 2538 419 252 4197 1335 30 375 4257 2526 4561 4794 2029 1783 2336 4073 4524 3076 2592 430 211 4750 3656 4888 3202 2965 233 2200 2629 1531 3310 4488 270 1711 4894 3637 3571 376 1701 4657 3400 339 2872 884 3553 450 3946 4837 2590 359 2884 2705 4793 815 1018 1249 180 1473 542 1145 4300 3380 4936 4585 2580 3409 3350 4168 3512 1102 1008 4617 289 4931 1788 767 1710 500 3282 2815 4136 2432 4584 695 752 4765 3528 1093 675 1650 3189 4274 4164 4710 4386 1482 4072 4239 1633 420 1747 1179 1582 3266 4765 1412 80 1487 4901 1716 2159 4768 3219 521 2859 3376 1907 2927 1427 801 3621 2016 4345 4603 3290 1716 3118 2928 3918
