N: 200
M: 40
Symmetric: true
Triangle: false
5 46 122 15 187 176
6 129 152 153 186 22 9
6 78 40 88 195 85 174
4 91 149 52 55
6 162 8 113 110 65 11
5 93 77 50 38 155
8 89 106 79 16 104 82 10 190
4 56 119 121 67
4 12 136 60 168
6 114 42 156 31 146 97
4 94 138 28 157
5 62 193 109 180 36
5 127 160 171 170 14
2 48 128
9 112 131 68 143 178 86 1 7 25
6 45 41 185 191 172 140
2 167 163
6 73 37 169 135 4 133
5 165 2 144 125 90
8 51 75 134 83 181 107 158 6
5 33 44 198 17 80
4 76 150 39 29
4 98 5 57 63
4 100 192 47 102
5 96 32 108 84 72
4 18 74 54 3
6 66 116 154 70 182 139
2 19 199
4 61 179 101 23
3 126 99 43
2 166 183
7 164 141 117 21 49 64 92
5 151 59 159 81 147
6 115 71 20 161 118 196
7 120 175 123 189 200 95 24
7 148 26 197 30 173 13 177
8 34 35 27 58 53 69 142 130
5 145 188 137 124 105
2 194 132
4 87 184 103 111
347 4996 4615 2312 220 4250 3853 410 1701 4799 3517 272 3259 2147 4475 4712 742 739 630 3564 1577 13 4356 805 98 1895 1734 3391 1657 4706 743 3057 2983 632 2226 992 2556 2282 2021 1051 1420 3138 127 1761 1732 4051 3964 2520 2778 730 1355 3090 239 3643 2043 3174 3101 3319 2636 1246 3522 4676 3886 661 222 1294 1479 3621 4827 1621 2652 2431 2937 514 3957 4541 3195 2435 2043 864 3009 1018 4936 3445 802 2006 735 4264 2587 4049 4827 2143 4148 4122 3721 2535 4665 808 1230 4537 492 3130 711 4128 3799 4222 3630 4493 4896 4470 4473 3337 4353 2396 3375 4310 1044 4074 1237 683 4489 3561 518 1636 2282 2165 4526 829 2175 4433 2302 1724 3129 3221 3720 372 1088 1507 4506 355 1032 441 3545 1783 4425 4880 2040 241 4590 4686 1566 3565 1733 2078 2345 4044 793 3769 2362 3269 777 3221 1956 3196 2561 988 2007 2162 1948 3554 3859 169 3464 2941 1091 1011 3497 2410 4648 1285 736 1378 1959 4756 52 2761 1596 3904 163 216 552 1719 952 309 836 405 4351 1601 4842 53
4996 3504 416 1267 4101 735 4703 2978 2217 444 978 3789 2397 4517 4544 1580 1820 2126 154 3373 954 4899 1537 3771 478 1298 3450 4600 2334 2919 1464 2858 2474 1681 10 4427 2505 4970 568 2481 1583 2303 3214 947 2033 4026 3970 1326 3772 2209 3376 2302 647 3872 1198 1482 2427 1713 156 2715 1723 3474 1363 1107 2939 3409 583 1277 4834 3011 3925 418 3464 3843 1339 2067 4205 4523 2697 2140 3761 4708 4868 3559 3733 926 1206 4683 3317 1028 4226 4265 1384 56 2493 4182 3353 3303 2581 1640 22 3745 2835 4850 4679 910 1827 1670 2908 2830 2066 3843 4130 3425 4625 817 3985 1601 247 4690 3907 624 3473 2396 4249 3128 953 1902 2052 4216 4576 2462 55 2572 2379 199 442 983 1017 4295 2238 2527 857 4921 2157 1652 4694 3087 2984 716 351 1089 1832 2464 4531 468 562 1208 1191 2519 2507 4410 1249 4820 131 1345 3654 4529 3127 3470 1610 3732 4028 3354 2286 2397 3064 4260 1537 150 779 1191 2943 3349 1120 2700 1735 1674 1284 1740 1721 2137 1683 740 3829 2617 910 2868 284 3387
4615 416 4307 1617 2098 2836 4950 1165 2793 1862 1246 4086 3585 3473 3075 3582 1773 461 4376 2272 1614 2116 4784 3926 3033 3797 4445 4989 2124 4409 4966 1258 2740 3465 4751 3338 1433 3914 3969 3625 4526 1711 1347 3139 3776 2383 2514 4410 3277 1487 3587 540 1529 2615 3539 469 4508 3632 1824 4276 3533 80 1105 3330 192 638 3122 541 3417 845 4574 206 2067 4515 1479 2753 3430 378 4517 2148 1773 3338 3989 597 4712 2648 1334 3120 1823 2461 694 4285 1875 2880 1674 2075 265 4257 1954 2377 4597 996 3350 1206 2494 130 3264 3004 1340 2589 1043 4517 2916 1475 4843 4339 934 373 1915 3051 1281 2747 3869 1886 1022 826 404 569 1024 1611 3878 1800 2110 1143 2435 1615 4201 4832 528 3700 1542 2844 1236 4052 4774 2517 1215 4753 4070 2342 1236 1937 1987 78 1160 1834 3347 3520 3121 2931 981 4358 1352 547 205 4877 4495 3161 2281 2607 2226 4935 398 1826 1577 4619 1257 3990 2301 2955 3684 3514 4347 1624 3883 634 24 3902 1470 1659 3220 4184 484 1230 2024 3065 750 2929 2331 1048
2312 1267 1617 3700 1284 3108 691 2510 2083 3323 3664 1596 4246 1927 3503 4933 2383 203 3736 840 2244 4946 3050 980 4980 4083 532 3183 3716 1890 1668 262 877 343 2641 3556 1305 1477 1839 3228 4597 2754 3832 3135 1272 2618 3546 2634 3116 1652 3857 1162 379 2418 1356 372 1093 4932 1259 3031 1884 2415 4517 1999 3330 3804 1913 2471 3245 2471 4570 4543 1833 2667 998 760 4324 3420 2477 520 3306 2503 466 2976 3689 563 638 4098 1998 2330 2084 4306 4921 771 3455 2060 1336 91 157 2169 4507 3761 3788 3447 4049 1548 505 3614 1569 4437 377 4285 1089 4473 1900 3260 3811 4445 483 4049 3628 627 2945 3519 4776 3073 4254 3482 1626 2835 587 2555 4442 4019 378 2097 1294 2074 485 1730 1613 3839 3053 531 1991 2956 2257 2640 1759 3364 992 2111 637 4092 3033 1935 4098 3971 2776 739 1323 2877 2842 3404 1868 1093 1563 3354 4130 1656 2061 4815 3114 3627 2734 2765 3549 422 1502 254 2102 2233 2844 1106 3925 1916 1884 2417 372 4407 3636 1261 1235 4508 2572 312 1664 2394 1940 1794
220 4101 2098 1284 515 1371 4588 3057 4540 3369 3277 4785 958 696 1615 2649 1735 3728 4594 442 1920 73 1709 2777 2587 3855 4442 1443 2986 4040 3165 2244 4096 3058 226 173 1377 2796 2629 4142 3078 4798 1717 3053 1868 1714 3468 1113 4783 298 589 2322 1667 4920 2837 3066 221 640 1998 3816 1983 68 3571 4500 2322 1206 1349 667 1007 2729 248 4856 2569 3612 1565 4610 2971 3765 2946 1687 3835 4981 4995 3806 1605 1596 2812 140 2711 614 1397 3009 450 872 189 3946 1034 963 4807 333 19 4792 134 2863 1867 4885 1997 1039 2541 4278 4453 916 1617 4136 1127 2322 1120 2976 2913 2323 3810 2562 280 430 1431 1899 1127 2988 3830 2845 4887 1645 4810 3566 3376 4696 975 2181 4847 176 322 1251 4493 4539 1553 3040 3024 823 3827 1687 1434 1356 4270 2951 4019 2863 4471 2999 3789 3481 1596 4777 2536 2554 909 3491 3543 632 2523 1752 2845 718 2755 395 4300 1085 818 1296 4936 559 1982 2169 1855 2109 3732 1079 86 2121 2416 4198 1403 1892 89 4142 1272 2790 3131 4325 1127 1149
4250 735 2836 3108 1371 2531 2918 4424 3670 4194 2166 4312 35 1657 3558 4424 989 3898 2061 2236 3511 3183 2105 3056 3463 3549 1238 4115 1179 4567 510 1144 707 4975 4015 146 3276 4235 820 3048 2681 670 4366 2774 4747 2488 4661 1102 3259 2710 286 634 4514 3750 3819 2922 2239 4757 4680 1603 3924 1691 2425 1744 153 3790 3344 3536 3761 694 4861 1080 1273 1836 4902 224 3422 1615 3349 655 2274 4559 2718 1867 2221 1556 3768 62 890 4829 4536 2277 2186 1326 3527 238 376 515 491 4262 2697 1086 2148 2802 3629 4053 1981 310 1087 4819 444 2239 361 1145 721 194 225 3736 785 2471 3520 2009 163 4829 449 1880 4332 2738 2627 2039 3539 2589 3436 761 4760 2778 656 821 2269 2835 2156 4564 833 1197 84 3354 4136 4654 1574 4894 3157 186 3552 3724 3351 1768 1796 4534 393 1953 2582 3822 306 3421 1980 570 1473 2926 2033 3998 4818 2156 535 311 4733 3539 2247 4695 3299 3295 2547 2616 4570 888 2156 2196 2028 702 3435 3436 133 2688 3589 3144 1045 1223 2969 3908 2514 4851
3853 4703 4950 691 4588 2918 458 3493 2912 1122 1162 443 3413 1139 2659 2384 2426 864 2749 3590 4836 4593 975 2386 2475 913 4493 1053 342 2840 4323 1581 3423 3242 3809 2770 3680 67 4508 30 2211 263 1736 3740 388 1759 4091 2921 1543 4338 1158 1108 3786 615 748 1679 1995 2991 4749 3911 503 3844 4830 1524 3982 1309 4997 2117 2304 2126 2814 869 587 4588 2200 4390 1813 4402 752 3941 1147 3584 2637 806 3925 4401 273 433 1811 324 4926 2017 2612 2145 1299 3764 2300 562 3352 1739 4065 2068 3937 2681 4292 3044 4351 3081 3063 1718 1912 3514 4615 4409 3692 1262 1798 1238 1683 4251 2181 4919 4645 1374 4184 3284 3881 3988 134 387 2991 2789 553 3627 1912 1949 3363 3743 1038 3490 2630 3479 2469 430 642 165 1450 2327 1041 1673 4237 675 3141 2185 212 3634 2035 2234 3752 3980 1769 2536 3195 4373 4852 4961 1894 4138 3208 2944 3129 3828 31 3363 2772 251 886 3906 3591 1762 4710 1687 4916 2920 3654 3643 4034 3138 3235 4078 200 814 4186 2470 122 1368 1372 4080 1021 2692
410 2978 1165 2510 3057 4424 3493 2718 150 3477 4675 2921 2014 3356 4889 1882 161 2590 2370 3532 4589 4369 4845 3747 3538 3375 986 1170 4279 2398 1860 864 248 509 2862 1774 3409 4140 1026 4206 104 4446 141 288 4285 4758 4424 409 3618 3241 4739 4189 917 2950 1691 4198 2938 3518 1442 1300 1137 4223 1980 690 2746 2430 3857 1409 2143 2257 3217 2034 4179 2202 2313 1550 3412 3596 2685 444 1526 3609 437 2921 645 4866 4715 3454 1771 2342 4919 2989 2662 2292 3240 4733 81 2188 4600 2664 4868 451 1586 581 4143 3139 3461 2630 415 4854 1685 638 1550 858 3884 2669 3236 1066 3168 648 194 3883 1691 1103 1202 192 4936 1794 550 2617 1069 4274 2526 2248 3896 4348 1469 1497 1071 902 4691 4507 1181 654 3149 591 3812 2623 1279 658 1026 3612 1109 2163 552 259 2384 3626 3802 4199 4067 3075 2026 3897 2922 4419 1284 4958 4814 2259 3122 1635 1388 130 3600 763 929 3254 2609 1327 3608 904 4687 3396 1075 3314 2703 152 2740 3922 2758 4379 2512 1270 2002 158 524 3430 1313 3612
1701 2217 2793 2083 4540 3670 2912 150 790 4752 1542 3535 2867 844 122 2323 40 4589 1051 4004 4085 3658 4980 2486 12 447 3968 453 1949 4714 4145 2699 3568 387 1123 4701 957 161 2866 2625 4444 3446 50 271 2574 78 651 1589 3575 3472 550 2278 3101 4540 4758 521 2940 3371 466 157 426 94 1666 1040 1319 1309 1373 4612 2316 3835 105 1665 1362 3407 1870 4974 4768 3858 4714 523 3752 717 4894 3181 2967 3252 3833 2870 4745 2831 4930 3466 556 3661 4325 2356 4136 3976 1150 2644 4185 1761 4731 2105 2962 1171 744 185 166 4225 3395 247 858 657 2877 1664 3017 3378 4727 1398 3188 4870 1103 1790 4810 3431 4836 1209 4876 2936 664 2709 4824 1079 3601 23 1152 1521 175 3232 2654 952 2611 1038 4731 1366 2495 2991 1914 4685 783 1548 1981 4132 3131 4384 2251 2244 835 2816 4095 2743 915 3800 3922 3136 3418 630 3883 3911 3141 1957 3141 3595 256 4962 793 2918 352 1919 214 3392 2399 855 1967 3249 784 2911 3637 1799 616 373 1031 4590 4671 2109 4057 2494 2400 3327
4799 444 1862 3323 3369 4194 1122 3477 4752 3445 4161 2998 1110 4060 1564 3313 1958 1782 4331 768 3216 4778 4835 1635 2458 4426 810 1954 1030 669 1398 4550 4540 2224 2145 3172 4697 1981 883 1263 1805 125 1605 1210 1292 3600 4087 2310 913 3031 2247 629 1386 1297 2762 679 4534 1145 2074 4865 429 1703 1657 4750 2790 3475 1915 738 4068 4194 724 3567 3310 2231 2243 1984 3541 102 4327 4137 3371 2589 2487 2529 50 1638 1077 1013 2353 4768 1153 4460 1107 2842 1003 909 1236 2993 611 4824 4634 2534 2489 505 2217 1985 2436 4412 3512 4452 3835 4075 409 1501 3780 4154 1414 4902 1429 4506 4268 4154 3137 4535 1580 1856 1759 2454 344 2734 1922 4656 1695 183 1774 2112 2759 422 290 2570 3914 3032 1377 339 4463 1081 3688 3078 1564 1681 4415 2974 3169 1842 2824 4513 3939 1829 330 1612 1104 1584 1249 1890 1272 1873 3365 4142 87 3849 2860 865 4928 897 4561 4292 256 2741 4688 2913 3609 2236 97 4261 4476 64 651 1589 156 3572 2560 2455 207 3667 464 2657 4683 4056 541 4926
3517 978 1246 3664 3277 2166 1162 4675 1542 4161 4296 4141 1595 167 981 1390 3215 667 4451 1210 4660 3001 3098 1209 3999 1760 3065 49 327 2398 1270 2328 2487 1511 557 238 2100 893 1625 2724 12 4901 3984 1370 4832 2535 1064 2415 4677 1642 3511 958 2091 4519 3018 3788 1984 1868 654 4652 931 2596 1988 2414 2968 1206 2675 3425 2563 2538 3843 842 1190 519 821 811 938 2568 1869 1177 3471 1505 4771 1676 3299 4592 2167 374 487 2862 117 3521 4209 2000 2779 3670 2196 1170 1840 305 920 4630 906 686 2439 633 1646 2305 2773 3199 3547 4573 2514 2012 4965 673 1694 1773 2114 3753 3726 104 2641 309 3795 1494 468 3168 2249 1367 1157 2846 828 3747 1746 1574 676 4722 2746 2719 3478 52 3707 2433 378 1080 2576 633 962 4576 2648 845 798 2616 2930 597 28 3201 2753 3795 3919 2319 3517 1107 1787 3291 2314 3840 19 3885 659 2269 1875 924 3585 1982 1810 1753 3344 353 4631 3693 3768 3259 4736 3352 583 3294 2861 3444 3162 1326 274 825 3328 2381 1430 722 720 4431
272 3789 4086 1596 4785 4312 443 2921 3535 2998 4141 2880 4513 4110 2111 4767 840 911 2434 1548 1952 3919 4113 1862 3070 4578 3208 3485 2265 2018 220 2126 1894 802 862 2431 731 342 523 1770 3708 2370 2432 3018 3303 1883 1980 1002 384 957 3828 3745 154 3901 211 3178 3255 2983 677 824 511 4532 795 4693 3783 3932 4386 1897 2371 1750 3635 2182 2505 2024 3475 2228 1196 2732 3159 1720 399 1018 111 1555 1502 3028 2910 2130 3922 904 1122 1633 4184 1345 496 2111 3711 2073 95 332 1690 3871 380 2303 2219 4425 2439 4915 3258 3070 1639 558 3213 3703 4604 1776 4118 1785 3260 2287 2747 332 4867 2455 4366 37 131 2861 4885 2861 4268 1773 3862 3555 240 2983 918 2460 2259 992 4957 954 1072 4775 982 4364 3934 2501 2568 1975 659 2937 2294 4819 546 4601 563 3383 3514 2827 270 2395 1653 2010 3919 4281 4598 172 1234 3858 4368 2647 2944 1464 1381 3949 2936 4591 3487 3849 2899 1414 1664 1984 2584 3543 1457 4302 4528 1783 1413 1483 4712 719 1190 3207 3278 2766 980 1980
3259 2397 3585 4246 958 35 3413 2014 2867 1110 1595 4513 1048 901 1827 954 2550 908 3114 1629 4895 4321 2809 1999 355 3865 3714 2159 1590 497 1208 1208 58 2468 1545 2361 251 1483 4569 2079 4055 2773 4914 4693 3776 583 2154 3627 1918 2885 4178 63 3047 4947 1758 4327 1205 1967 4681 1824 4304 3349 2564 4090 4402 1726 1563 3773 4035 2796 1628 1495 4688 4920 1800 1940 78 3384 3432 3992 3070 1079 3210 966 242 2744 1703 4765 2105 4693 1484 1318 3936 4051 3605 4628 2772 2472 4854 3920 4046 533 3916 165 4652 115 3254 4246 3200 344 4716 4853 4682 2905 474 72 4247 2711 3706 3969 2751 3704 1172 3219 3506 81 1932 2855 4780 3449 4881 506 3146 4161 620 2867 3026 1753 913 2165 1154 1052 1067 3797 433 3543 2667 2186 3369 3997 3445 1964 1223 4635 4061 2635 4247 847 2637 361 4869 4968 417 2053 1461 183 4949 3725 4969 4859 1158 3581 1171 3928 4161 2268 4713 2132 1611 1553 1339 614 4341 876 683 627 384 4287 2419 3071 2226 1014 1892 1063 659 496 561 4803 1065 2599
2147 4517 3473 1927 696 1657 1139 3356 844 4060 167 4110 901 2717 2367 1434 1641 3798 1356 527 3846 2350 1586 4776 2992 265 2190 3128 2638 680 112 1978 2310 145 434 540 3309 1360 1025 4227 1434 1555 2721 4494 2869 445 1558 393 3672 165 2082 576 3874 4136 3693 773 1820 4496 1313 861 635 4634 2943 1329 701 3860 1766 4760 2102 3709 335 1164 642 3521 1093 2788 2766 4254 287 673 2786 3690 3275 1444 3312 1421 2338 3643 1343 2613 1175 4944 2082 208 2461 2705 3512 2948 1124 2326 1602 2145 4324 517 3398 3678 4204 1525 2753 198 3489 4307 145 4951 4775 3203 1424 3179 1292 3349 1007 3705 3936 4825 2483 4645 3018 4122 511 4403 4559 3409 2730 2778 1719 2512 525 1723 1502 4783 2508 600 2546 3788 2401 3100 2613 324 2370 2465 1973 709 2197 4425 3740 1089 2821 2251 997 3357 2283 3748 2145 2259 2196 2896 3987 3345 4637 76 743 3294 716 71 2116 4580 3364 1428 790 1425 3481 1435 2215 3346 2669 3426 3638 4238 2310 4825 2671 2855 3048 1067 2802 4998 972 1599 2597 4649
4475 4544 3075 3503 1615 3558 2659 4889 122 1564 981 2111 1827 2367 2048 3475 812 4483 3729 846 3663 4439 1979 4672 4262 21 1858 4937 623 1295 2419 211 1966 1662 1516 3851 3993 1487 1286 1726 1559 425 4423 4596 1129 2231 4776 2026 4425 4117 3700 2992 4366 3271 131 3985 3074 4718 2192 971 3278 1154 2302 1470 2827 20 370 4829 4856 2500 1140 4619 681 1782 3857 1744 3104 3906 1165 4224 3353 3620 269 1455 4207 988 1208 1257 4292 617 674 3749 523 964 3498 270 3749 4968 843 3837 4091 11 2558 3625 2630 4364 323 3732 4097 3465 379 623 483 3025 1770 2358 1647 4451 1090 4310 4355 3963 4821 4845 2081 2768 3544 4819 4669 1136 2470 1202 295 1013 686 1444 2577 4785 97 918 2292 2096 3089 1724 2799 1266 477 468 4899 3785 2283 4296 2512 1891 4069 996 862 4440 2017 2927 2363 4897 1919 4903 4817 2302 2243 4803 3954 243 736 3662 1270 3711 271 1921 3317 3256 1999 1511 4986 4549 2781 2654 4958 4500 1629 2789 3147 4624 1097 2732 3433 245 1314 3886 2321 2516 548 4098
4712 1580 3582 4933 2649 4424 2384 1882 2323 3313 1390 4767 954 1434 3475 4576 815 1665 108 4204 2564 2511 1057 4334 4601 3587 2514 1747 2669 3194 4263 2907 3025 1307 1809 1951 4650 4518 585 4074 830 2410 1683 205 4191 2840 3697 1419 2025 4536 1690 956 2848 1319 2049 1809 3954 4313 1440 4577 4894 4311 2203 2046 4663 4391 3895 3118 3651 4633 2423 3732 4081 768 1883 4510 2169 2461 1295 655 4499 213 3437 2451 2516 3079 2250 1391 4400 4075 1959 1957 118 3853 3112 3173 238 4952 4128 675 1804 133 1344 267 1240 2757 3222 618 1195 4682 3124 3276 4600 4448 120 3294 3767 4736 3056 401 4599 3612 3019 2673 3378 1397 198 4022 4870 942 4122 4092 3596 347 2205 1795 1152 1353 1513 717 3140 1523 4881 1622 4263 1338 4164 4869 3729 2670 1187 738 2587 3040 2348 2024 4870 4500 908 110 772 448 1709 4545 4675 4186 1427 4256 855 2125 2113 1690 4932 4392 2910 4579 3859 4819 2618 3732 2425 2838 1025 166 2789 2281 4831 3890 4094 3177 52 3389 1683 3317 4669 2490 3047 4179 239 3338
742 1820 1773 2383 1735 989 2426 161 40 1958 3215 840 2550 1641 812 815 4017 3820 1611 2039 3026 2297 1465 4420 231 4370 1384 1610 1526 2272 1959 817 3669 1800 3079 4896 3511 1304 159 419 1163 1245 3402 4524 1864 2782 4537 2861 999 650 4095 1826 3714 2066 219 3455 2090 1117 1069 2005 3884 3004 4097 1167 3834 2626 4620 3970 2881 1263 4383 867 4578 3576 325 4688 2925 2033 664 4980 4103 324 4861 1812 2482 3675 1356 1796 1752 311 4179 969 2947 3837 1477 923 4207 1661 3589 599 3712 2863 427 1416 2718 892 2872 2169 2726 873 2746 423 372 3909 2450 2780 579 2686 343 2583 3096 2130 3126 682 3228 1691 1595 3429 3309 3401 3598 4020 2583 2840 767 4220 1405 3898 4281 499 4666 4599 4696 1992 4138 2364 2761 3415 537 3431 713 3020 1509 2198 4548 113 3604 1685 2789 1211 1253 1097 4758 2708 4290 2662 2974 41 3272 1260 4524 4911 2114 4098 3250 470 3561 4320 4944 674 3190 1781 4123 3955 2306 4851 3107 1902 2178 3549 1126 704 2450 527 4899 62 1092 4127 2044 3022
739 2126 461 203 3728 3898 864 2590 4589 1782 667 911 908 3798 4483 1665 3820 2858 4790 4541 1571 2750 4042 3857 1621 199 834 3565 3374 4520 644 4047 2866 3501 2617 2021 3613 1114 3509 2304 904 778 3339 4793 4687 4015 4904 1851 2569 1837 2484 2373 3472 3499 994 4108 3490 1082 1194 2119 3499 1344 370 602 4321 953 3251 1609 3303 4571 396 545 411 4770 3134 1953 2681 340 75 3322 2542 1795 1726 2047 3074 4680 2387 4996 418 1336 1474 2242 4343 3113 3851 1861 1591 4982 2475 871 2523 3742 2031 1950 581 1961 844 1718 4761 3560 288 3219 1633 3409 1784 2807 345 4246 4027 4439 2076 4759 826 2988 329 3818 2545 3940 4349 1307 2155 1257 2898 439 62 2724 2763 4359 1998 464 2386 3442 1032 896 2031 3188 3364 1231 2936 1378 4338 3021 3577 4314 1974 3723 771 868 3826 4419 2041 32 759 2256 1953 557 2421 4506 672 1106 3464 2286 3596 553 667 3064 126 306 1727 4513 1060 4456 721 1032 446 4075 1485 4915 3424 3596 4839 2663 2620 4210 2887 3163 4479 1520 3124 4918
630 154 4376 3736 4594 2061 2749 2370 1051 4331 4451 2434 3114 1356 3729 108 1611 4790 3204 1378 3146 2469 2543 3712 1659 3738 4881 4095 2173 3996 1571 4024 2285 1593 2837 1461 4117 456 2089 1291 805 741 2670 3761 1749 4772 3217 676 3489 3037 1163 3818 980 4538 799 1243 2924 1455 1806 4649 4264 1013 3914 3310 3638 346 1331 3020 907 652 2168 1825 4755 3707 4370 4709 1180 1695 1044 4498 1246 3812 1870 53 3995 3185 2869 3437 3578 3621 900 1746 319 3840 4989 1747 3393 594 888 1374 1239 1518 333 1223 2085 3082 2199 2691 3059 611 3501 2656 2010 106 3131 4954 486 703 130 800 4047 594 2097 535 652 2691 314 661 1210 469 2460 3978 2131 880 1553 1319 1281 4422 1341 1704 1443 3306 4986 454 1803 364 361 4825 3712 1071 4803 3097 1159 849 3165 4367 2110 2375 2650 3502 3572 2416 4128 2103 435 4589 4632 4889 4056 2361 463 2368 1728 3205 3218 4525 1586 2614 2699 3879 1715 4329 3774 896 1987 2616 265 4160 4528 3889 3544 1632 1946 4259 3079 77 1980 1866 3090 235
3564 3373 2272 840 442 2236 3590 3532 4004 768 1210 1548 1629 527 846 4204 2039 4541 1378 1319 870 4686 4710 1762 1172 4334 2571 3928 3808 3393 3105 531 1659 4790 4453 822 3543 4759 1330 2788 2769 4252 3441 2832 106 548 3227 2829 3412 2220 3308 3133 134 3472 2078 1292 2375 4231 699 2978 1954 3468 3683 1561 40 4526 3271 4860 2560 1135 2642 287 3239 2656 4182 1669 4980 810 4954 2200 3817 4585 3285 4081 1162 791 3901 3818 1871 762 2248 3988 4726 2630 860 3702 3875 3204 320 973 2123 644 4525 446 3815 4623 3313 1685 2180 357 2442 81 409 4620 1065 4293 4614 35 872 1042 1809 2443 2193 1168 3870 3170 2324 3940 1688 1068 210 1620 2502 420 2858 4203 3233 4815 4907 2839 3162 4731 3866 551 360 2160 4835 3525 4771 4157 1338 285 4265 4288 3331 2918 2749 1228 3789 25 150 2959 4861 2576 1626 2334 2560 37 2942 2751 4545 2125 1054 1722 3358 3827 3021 2315 4062 3176 3447 4111 4824 229 2681 3802 4955 3827 2599 3438 3028 3721 2075 3128 2112 4787 4309 3262 4040 2153
1577 954 1614 2244 1920 3511 4836 4589 4085 3216 4660 1952 4895 3846 3663 2564 3026 1571 3146 870 493 221 2407 1926 2296 1546 364 468 4674 331 913 3186 3214 3636 4825 4749 4810 24 1016 4841 4229 4980 2581 2283 1487 1510 3868 4488 1855 3027 357 4789 4664 2697 183 201 2371 785 2355 4644 4533 1539 1158 1761 2244 2209 4723 2756 407 2396 4657 3482 3583 3909 2460 3589 3800 324 4074 261 1926 4176 4000 3341 1431 610 72 238 2836 2853 1650 1245 2560 479 1720 601 407 3442 4537 4481 1238 1335 4766 686 1435 4470 3369 2970 4073 56 4391 3749 2660 4924 863 1267 2796 2315 3560 938 3957 312 4197 274 3229 2819 1385 3418 981 4673 4818 3554 590 1949 3964 4888 1446 2481 2659 4937 4683 3969 1392 3968 4798 1852 4943 4794 1966 4435 1885 1347 2873 259 4272 1320 4633 2006 4029 3665 1529 1150 3252 1571 798 2461 1840 180 2632 3094 3354 2555 3601 4658 302 2989 4390 764 3696 4959 3517 1659 3626 4763 4986 1151 824 2014 3456 2535 4870 2861 4015 2155 2415 1576 2133 4756 1943 4166
13 4899 2116 4946 73 3183 4593 4369 3658 4778 3001 3919 4321 2350 4439 2511 2297 2750 2469 4686 221 3085 935 2464 3084 3080 4715 1721 3323 2038 1697 4414 3267 1239 4722 2615 1437 96 1571 2693 411 3321 3732 4489 3944 1764 1369 4326 613 3254 2634 473 4108 3071 1287 3950 4441 2190 1570 3149 4762 4912 3940 336 2953 1431 1565 4802 2918 4445 4208 4322 881 2198 4322 1282 3649 2127 4820 4108 1029 3329 817 2132 658 2208 3403 3643 1207 1272 553 4077 4862 4987 4788 4867 200 292 4686 4312 4160 3904 2816 3411 1882 4934 511 435 1237 4672 4373 829 2524 2131 2946 2342 862 1261 4678 3271 669 4560 1862 1288 4118 2857 3728 1117 2225 1365 1697 3927 534 4358 4902 274 3118 4175 4215 3714 462 2829 797 4062 4279 4554 2896 4901 4202 4831 1334 266 2493 2492 4310 1192 3585 1277 4492 760 2290 859 2849 4580 2655 3067 777 20 4741 270 2869 578 2990 4726 374 3613 2814 3211 1591 1350 4761 1268 4599 3837 1564 3935 3440 4630 544 605 956 3642 1974 363 2854 3620 1785 3078 4879 3383
4356 1537 4784 3050 1709 2105 975 4845 4980 4835 3098 4113 2809 1586 1979 1057 1465 4042 2543 4710 2407 935 3761 244 2743 2006 2290 2194 1737 1599 2946 1881 3507 2264 1176 83 1948 1232 1301 3109 102 2952 2583 632 1047 4096 3509 2273 485 1731 3422 453 1434 1903 2682 770 3354 2785 36 2651 2365 4356 2983 2073 4326 4787 362 3998 1811 512 1462 2733 1853 700 154 316 1501 222 3482 2179 641 4918 1173 346 1598 1911 2576 4628 1058 4691 225 3172 3699 1631 2826 831 2783 2036 585 937 1588 443 3515 4413 3214 3823 293 4950 3790 2162 4223 3005 1272 4973 4987 789 1734 1294 1174 1930 2257 4600 895 4316 1741 2295 1672 376 2371 3075 2826 4525 969 4107 3789 1725 2074 2232 2205 2794 3434 3520 3230 4335 4644 1348 3849 1403 3871 4932 1458 1902 3017 4600 11 2989 808 2955 3938 4797 2703 4996 3894 3078 2396 1616 1946 181 825 662 1959 3140 1027 31 2925 3161 1992 3875 4180 1111 495 3742 858 3790 4579 3968 2160 2554 4587 2556 2580 476 3453 2703 4809 689 1723 1004 1433 231
805 3771 3926 980 2777 3056 2386 3747 2486 1635 1209 1862 1999 4776 4672 4334 4420 3857 3712 1762 1926 2464 244 3453 3357 3532 3359 4061 3529 278 4212 2932 4781 338 3901 2464 3442 4708 4499 4831 1719 4367 1582 3967 798 3357 1078 4446 2690 3644 291 2245 545 2019 4918 3767 2405 2802 247 2936 2588 3443 1506 4221 3831 191 2917 4860 2731 3658 4230 4215 3791 4364 140 418 3319 3401 556 3147 81 4120 465 1832 4547 3893 1779 4543 4831 2170 1449 3633 4271 2744 3615 2851 4622 3382 2010 1358 4672 1329 2367 3667 3468 928 4034 3121 282 4611 1771 2329 2725 2565 2538 2738 3700 2631 201 1564 4858 1103 649 1611 3682 290 1312 370 2046 763 3006 925 1852 3468 4531 3241 1981 1780 781 3756 1576 2794 3101 3383 4009 1927 642 3436 3222 4122 2343 4655 2510 1821 1295 3298 623 1692 1239 2618 3237 21 2645 2186 4026 3461 4050 4058 3813 189 3849 1668 888 909 4938 4752 3525 3840 2815 3221 3771 2688 3358 3321 3916 4704 3316 1618 750 597 4191 335 87 2723 3898 1318 3483 2537 944 3564
98 478 3033 4980 2587 3463 2475 3538 12 2458 3999 3070 355 2992 4262 4601 231 1621 1659 1172 2296 3084 2743 3357 4868 597 2511 4041 2067 2894 2331 631 2482 1841 4423 621 2180 2070 2660 4138 3163 4318 4132 4651 4112 4083 141 693 3562 2159 1646 2747 4801 2113 1474 3519 460 1638 48 1211 3229 3100 2691 4786 291 2788 849 2836 2782 2431 2185 720 1039 1409 1929 158 4824 3156 1350 2518 4184 3734 648 3923 4979 1600 3920 1746 365 1795 1203 4395 164 264 3276 4647 1244 3477 165 4738 2397 4981 1193 1979 928 4329 2930 3191 4512 1989 488 2626 3244 3623 945 2403 3180 1948 4256 75 1528 2235 325 1575 282 382 2121 3614 475 638 3665 3719 156 2739 2806 1893 4687 4021 2424 4520 1246 2052 1089 3802 1380 4320 2206 258 1231 2317 4689 264 4565 27 4241 3262 837 2384 4219 1236 794 4245 3053 28 4336 651 4257 1519 3145 1295 3974 170 1050 1239 2171 2946 741 3781 1496 3622 3976 1731 360 3122 4809 2285 974 1092 2524 2252 376 4748 138 1513 3628 1764 4529 292 3821 1445
1895 1298 3797 4083 3855 3549 913 3375 447 4426 1760 4578 3865 265 21 3587 4370 199 3738 4334 1546 3080 2006 3532 597 3493 1927 577 4941 3750 737 3539 3677 3888 185 94 2753 4136 260 1442 2834 1560 2814 1626 3403 1990 4979 360 769 2158 2068 3834 2673 1245 822 4881 1200 1620 996 145 57 4561 2893 2721 349 2145 3581 3041 3013 2173 4254 3723 3735 3413 4017 4710 4350 3690 1152 2331 1676 1522 1498 1993 483 3077 1923 3149 812 2304 4711 4264 470 4693 1259 4000 3786 4000 1257 720 1617 1375 950 1720 596 175 542 1159 3467 4238 2592 1978 3377 3993 421 1321 733 3688 4287 2850 3150 470 754 2182 4839 2550 4654 1744 1466 2680 2710 2882 1687 4649 25 1304 1970 3336 2401 2049 4595 4875 44 2264 4027 4797 3719 827 51 3355 1956 3119 4867 2043 4970 827 2716 4709 4991 2560 3270 3027 458 493 3972 4391 3063 1700 3386 3677 1084 4562 1526 587 3069 1618 1352 2829 3206 3284 4274 2810 200 4973 2402 974 2231 1882 4196 444 2434 2524 4795 995 3402 1553 3505 3962 1309 1464
1734 3450 4445 532 4442 1238 4493 986 3968 810 3065 3208 3714 2190 1858 2514 1384 834 4881 2571 364 4715 2290 3359 2511 1927 4204 775 4350 1566 4088 1934 2000 4894 457 2170 2809 908 1113 3549 1540 60 141 2555 3916 1226 1643 2924 4467 1412 3515 4359 274 4921 780 3005 4363 593 709 2917 1166 445 769 4289 607 4288 323 4731 2374 3744 1799 1390 2658 619 4828 4687 1782 1153 4660 2765 3892 1227 318 522 1635 2178 964 93 4346 1000 4921 3207 584 1300 510 2673 411 2175 23 3281 354 3974 2257 2948 1687 3089 3476 2413 1417 700 3517 1801 4279 2624 3613 4820 2483 1786 141 2322 3473 1241 2694 979 1215 2513 4499 1462 3281 2899 1357 4599 3493 3740 4384 4118 990 3384 2478 75 681 3056 1452 1169 4469 4313 683 3117 4579 1957 4303 2201 477 541 3912 2896 2489 1165 2785 3999 17 1841 556 2071 1121 449 4808 332 4058 603 1455 3710 2129 816 2797 3198 2694 4660 3700 2752 3149 943 2028 1016 3445 1072 2617 1967 4890 3904 3496 4117 3902 237 228 3768 3105 1831 4480 878
3391 4600 4989 3183 1443 4115 1053 1170 453 1954 49 3485 2159 3128 4937 1747 1610 3565 4095 3928 468 1721 2194 4061 4041 577 775 441 4337 4582 3874 709 4258 1105 1915 15 3767 4440 4610 413 3253 4646 2094 1194 3470 776 4878 641 3242 1935 3851 2855 3594 1227 3876 3405 2361 4527 507 4209 1983 675 2082 733 1813 1042 3917 4683 4601 737 1232 1674 2829 3290 4276 1437 2019 4320 4279 2935 450 1333 2218 4747 1489 3216 4976 3781 4452 1893 4354 3717 3854 556 3536 2647 103 2503 4819 1451 747 707 683 1315 674 319 3013 3256 3398 1749 118 4356 633 2128 1457 404 569 554 4137 3401 1970 1257 518 3736 4409 932 124 2256 2134 658 2684 3170 2670 2579 3374 3936 918 1842 387 1906 4703 1093 4767 1607 565 1547 3980 2442 4971 4564 3358 1717 15 3449 1419 3367 3419 3683 894 1089 4026 1586 2165 1716 4871 3869 3053 4167 3288 4352 1485 202 1481 2442 1787 3748 2579 1303 4330 1540 1535 3011 1754 203 848 3398 2462 2961 1473 1804 4560 3036 4927 2999 1737 210 39 1045 3115 671
1657 2334 2124 3716 2986 1179 342 4279 1949 1030 327 2265 1590 2638 623 2669 1526 3374 2173 3808 4674 3323 1737 3529 2067 4941 4350 4337 2813 4151 2792 2448 4650 442 4750 673 3312 3025 1223 2635 3077 1426 1426 1017 4473 221 1336 1904 773 2119 3161 4871 1149 3108 666 379 4138 4279 4899 2108 158 3556 283 4382 1039 869 4782 3539 2202 2986 4726 476 632 4966 4864 3403 1885 3265 2367 2590 369 1546 882 1264 4819 2929 1236 4788 1760 4347 4597 3541 2947 1406 3599 1449 600 4743 1598 3837 3855 4416 3062 2096 897 4385 4142 2027 2931 4568 2286 97 2398 2268 1573 4220 2728 4236 2172 2826 4379 4305 1507 1698 1950 3609 2830 4040 1358 675 3652 2322 490 1544 3405 2569 3423 230 2061 4069 1150 1208 2491 4465 51 1646 1428 992 3486 661 2186 2447 4063 291 3120 3334 2468 170 452 1396 3673 1801 2257 4636 4663 1957 1394 806 3641 212 3480 2342 4994 3545 2399 2732 2564 2040 4371 2939 2212 1852 3008 2925 2719 1001 1618 662 2605 4411 546 4599 1569 1480 2093 2910 4109 4109 4644 1093
4706 2919 4409 1890 4040 4567 2840 2398 4714 669 2398 2018 497 680 1295 3194 2272 4520 3996 3393 331 2038 1599 278 2894 3750 1566 4582 4151 3921 3931 1515 1407 516 3736 2814 3006 253 1704 3703 4334 1374 146 2487 4627 1560 3282 1469 1309 3572 1165 2385 3829 1372 908 1679 3410 3523 2189 3890 3120 867 661 541 2838 934 3020 3772 207 2233 516 2186 1212 3463 3663 4173 1866 740 3883 1405 4354 3769 494 2834 3815 3175 189 1443 2621 2457 4493 4613 4839 1470 3787 4327 4941 2640 3226 1872 3338 1563 1863 2918 4877 3973 2517 3283 4679 204 938 1322 758 3924 224 3997 2969 1722 2037 476 2032 669 1954 4706 4221 363 223 2164 50 454 921 4437 4362 3463 4468 4486 4402 3206 2495 57 3478 2816 2510 4712 2161 4935 2191 4272 3668 2600 3022 4759 2469 195 3208 4841 2264 2284 2692 3013 737 1566 150 3064 1186 2423 2722 1082 203 3481 1570 2614 4388 4920 1323 3250 3917 2649 966 862 1704 4412 2210 4644 4841 1154 3592 932 4964 1036 1671 4275 1417 4130 4223 79 4859 4889 277 4570
743 1464 4966 1668 3165 510 4323 1860 4145 1398 1270 220 1208 112 2419 4263 1959 644 1571 3105 913 1697 2946 4212 2331 737 4088 3874 2792 3931 734 960 2788 3906 2283 1382 1168 2173 2167 1617 732 3367 3920 3849 4566 806 4092 3859 3653 586 793 3391 1414 4453 1818 3366 2114 3030 729 3750 1160 4905 4207 1043 4757 878 570 3527 685 3147 950 2743 3586 4767 1183 822 4124 3862 870 1871 2216 4666 2234 1854 491 2525 3087 4459 1555 3254 426 4258 4666 1189 1403 4371 2691 3583 4163 367 584 4017 1261 3518 2040 974 4686 2174 2281 4280 1799 2415 4690 4434 3153 797 454 3380 945 447 202 3176 1202 1840 320 4461 2194 59 4541 125 4279 3224 2170 3800 1575 1211 55 3760 3701 2651 2560 3128 1971 2868 4113 2744 1785 3527 4899 1081 2833 4071 3490 4475 2517 192 3997 3602 2503 4749 1280 829 2146 3556 4034 4277 4040 332 2183 1572 3277 224 2929 4654 2787 3922 3459 4229 663 2625 4146 2552 4859 1027 3610 1263 1204 4842 3467 4647 294 162 1733 1326 3740 1507 1207 4775 815 2661
3057 2858 1258 262 2244 1144 1581 864 2699 4550 2328 2126 1208 1978 211 2907 817 4047 4024 531 3186 4414 1881 2932 631 3539 1934 709 2448 1515 960 3511 2553 1349 3387 4282 200 2013 1211 800 1713 2277 4080 4492 4424 359 1277 2629 1888 1184 3936 4510 1965 3656 4936 4586 4320 4005 452 3735 2436 4856 4978 4168 886 2279 977 4512 868 533 863 3754 2306 2666 3924 2584 580 2074 100 4618 4599 67 3812 2747 4105 355 3692 1703 4913 3929 2407 136 4536 354 3937 366 4752 1567 603 2988 2085 2928 3966 3269 4857 3247 2904 639 3075 4253 983 3946 1984 3934 4982 4218 2710 1792 4343 1324 2290 2893 1649 3885 2436 2849 1095 1268 3566 3597 4851 1305 1833 2528 2888 711 4361 4023 595 2618 2579 2149 3874 620 3359 4251 2795 2717 797 2496 1832 4831 3133 2289 2019 1406 1196 4971 3102 3132 4421 4785 4604 3067 1531 4319 2861 1177 3241 518 2824 3902 3597 3024 556 4229 3785 119 4011 2661 4656 989 2222 2836 4481 3066 1533 4723 4272 4965 4738 1625 584 21 4724 3215 3707 920 203 1669
2983 2474 2740 877 4096 707 3423 248 3568 4540 2487 1894 58 2310 1966 3025 3669 2866 2285 1659 3214 3267 3507 4781 2482 3677 2000 4258 4650 1407 2788 2553 1317 980 4556 96 3096 3266 882 4493 3583 3437 1979 261 3769 76 2456 3061 2819 3042 3372 4683 2172 4168 4112 3429 1734 864 30 385 1860 3406 3702 629 4963 2029 3481 4734 2464 69 3538 2575 2572 735 4404 976 1739 2800 2317 3691 1672 1479 850 1802 4695 2619 3218 1568 2980 3517 4495 4313 2025 133 3036 3059 2781 2957 642 3445 3034 2359 742 2898 4686 4388 794 2858 2363 4043 3724 535 4735 2934 2820 1423 2774 4460 3960 4489 897 350 4172 4433 2340 226 4243 243 4455 250 2103 1469 2645 2154 89 23 690 4826 4684 18 1708 948 3816 151 1871 2986 3812 2493 2986 3755 351 4022 2408 3122 2210 2761 409 3612 1958 1547 557 1436 3521 708 4038 4044 2301 4431 1061 654 369 4741 2471 2773 1514 968 4404 2515 1703 2718 3082 1476 1523 3538 2669 2936 4848 1296 2364 448 1264 900 4640 2438 1772 96 1154 2345 3532 3642
632 1681 3465 343 3058 4975 3242 509 387 2224 1511 802 2468 145 1662 1307 1800 3501 1593 4790 3636 1239 2264 338 1841 3888 4894 1105 442 516 3906 1349 980 1444 4063 2341 2719 3811 935 4696 1607 3126 3283 3564 3207 4202 1270 76 3397 4449 4687 359 2037 1519 1190 4032 4847 550 1299 1090 3959 2536 3990 2765 1266 659 1702 809 2968 2229 4646 1512 54 3985 2327 2002 2977 579 4623 3569 1081 4566 2839 3566 136 3497 933 127 267 3641 4391 1879 4054 2133 782 3306 2250 4627 2347 2141 726 784 4765 762 1454 734 2007 215 3508 3614 1438 3244 2506 4324 909 4543 930 4562 4574 3259 1884 2624 1105 4209 1799 1188 98 3608 1443 4965 4421 2298 3996 414 2201 2311 4004 2187 3849 1490 32 3193 2324 2906 4199 3207 2677 4543 4022 233 3446 682 1993 2997 3330 4900 4136 4302 655 849 3749 4619 1710 3280 3913 3774 334 4119 3407 3196 3381 3503 629 4613 4132 4707 4778 3865 2612 1499 2966 4334 3726 2822 1549 1664 3704 2365 3844 2901 2553 28 1826 3189 3786 3907 4412 1742 1610 2765
2226 10 4751 2641 226 4015 3809 2862 1123 2145 557 862 1545 434 1516 1809 3079 2617 2837 4453 4825 4722 1176 3901 4423 185 457 1915 4750 3736 2283 3387 4556 4063 2714 1630 304 770 2750 4526 2808 1803 4146 2569 3679 2983 1338 860 1157 1112 4264 1426 4926 4100 128 3874 3697 1404 878 180 4007 152 1726 3847 2620 3127 3457 2845 769 3904 1923 4228 3459 1761 159 2559 3736 1159 875 3352 4410 2355 54 4940 1361 3129 768 637 1876 44 2693 1157 3936 1971 1525 593 1794 1062 2332 1981 681 4006 3292 1041 2553 4710 2765 166 2787 4738 370 4325 1866 1817 4158 1526 3783 4322 2877 3512 3834 1322 1182 712 4638 4496 1819 1984 4822 543 4823 4519 1192 4547 420 1340 4696 2106 26 4250 3415 453 4180 1982 299 458 1016 1929 1061 3098 1163 2505 3995 1548 21 4484 2245 1549 3662 1093 4962 327 2547 3581 3207 3585 1185 3623 2832 2396 866 2121 3797 1780 1870 4435 1813 3358 2780 3198 3041 2845 4562 4657 2383 149 623 2905 2339 3987 33 3821 4145 499 1102 2820 4358 4671 4442 930
992 4427 3338 3556 173 146 2770 1774 4701 3172 238 2431 2361 540 3851 1951 4896 2021 1461 822 4749 2615 83 2464 621 94 2170 15 673 2814 1382 4282 96 2341 1630 4134 1262 1620 3629 3871 3969 3869 4145 1200 739 1521 2544 1361 2663 3569 2404 1644 1941 4382 4233 3381 3098 1597 2824 4744 2244 2664 1123 4862 4896 1556 649 2620 150 3543 764 1677 3405 4552 901 351 2394 556 2944 1275 4994 4565 333 3588 3051 428 3234 2274 1413 2462 3368 4040 3077 3107 3212 778 3776 2170 495 4183 3061 523 1680 625 1205 2461 4657 408 4713 3740 1555 4050 2328 2991 2602 3983 1814 3726 2702 3791 2621 154 1243 1162 4863 647 3814 3613 2368 3120 499 1026 4847 2504 2887 3138 3808 3683 3575 4682 914 2557 238 3616 2594 4514 1960 669 1962 721 2161 3107 1894 4975 4756 4284 183 1775 3926 4211 3973 3746 3457 4890 4440 1370 4237 241 272 2655 1468 4815 4186 3284 2038 1425 2140 162 4451 3411 4816 966 475 3430 4144 3416 737 1958 1764 4683 1197 2740 1082 1501 316 3234 4591 4815 3490 47
2556 2505 1433 1305 1377 3276 3680 3409 957 4697 2100 731 251 3309 3993 4650 3511 3613 4117 3543 4810 1437 1948 3442 2180 2753 2809 3767 3312 3006 1168 200 3096 2719 304 1262 3688 4576 4384 4094 3779 697 2999 3839 1542 3304 3885 422 2707 2705 4211 4194 2376 724 845 4304 4329 1981 4091 4387 2770 1432 3094 1873 3892 2476 3581 39 3273 1745 2820 3249 1230 2192 3482 1769 1999 3549 621 4489 474 918 1488 4935 3462 3854 2628 705 1474 3373 3017 2032 709 4940 3847 2637 284 3128 4503 3221 2951 1076 1626 1132 4440 837 4742 686 3492 2561 795 163 370 2421 4207 2794 4994 855 1891 1460 280 4665 807 2231 1599 4248 1173 2750 2087 3926 4539 2432 27 3031 2224 1748 4345 1131 1259 1061 3501 948 3329 127 831 2656 2144 1815 2735 50 4236 3806 958 3214 2803 4961 3691 2622 4076 1305 842 1847 3164 4988 3301 3309 1787 4578 816 2886 1075 348 1522 1695 1178 567 114 1093 4435 4150 684 4182 4874 1968 4604 2872 2367 1529 2240 459 4452 3636 4588 1149 3082 4106 4625 3976 2891 653
2282 4970 3914 1477 2796 4235 67 4140 161 1981 893 342 1483 1360 1487 4518 1304 1114 456 4759 24 96 1232 4708 2070 4136 908 4440 3025 253 2173 2013 3266 3811 770 1620 4576 2930 458 3583 1712 1736 1938 4779 624 4363 4206 4875 1664 2379 3964 2842 611 1795 1913 4550 1011 3471 1763 4997 452 601 4383 1484 1759 3801 4230 475 1720 4610 2538 745 110 1139 4252 706 871 2115 2083 4547 865 3622 2910 3834 1461 514 2957 3693 981 1697 4956 676 359 3147 3779 2789 3871 4732 2807 2159 808 1252 3562 2447 2538 2709 312 1596 2781 505 4387 2946 3544 4313 2069 2607 4395 594 543 924 4661 1711 4095 2208 1716 992 4376 4688 2861 208 3936 4168 869 4213 3141 397 4001 1795 2080 1176 4384 1690 3420 4395 18 3103 252 1683 2240 3674 4158 2631 3703 275 2985 3925 883 4578 4508 2142 1035 3353 1393 2632 2578 1494 333 12 1335 2842 1568 3863 4836 1586 3562 3414 224 594 4058 4781 773 1667 2636 3375 1775 235 4622 1706 2611 3327 3080 3115 1114 305 4196 3495 855 2235 3719 3724
2021 568 3969 1839 2629 820 4508 1026 2866 883 1625 523 4569 1025 1286 585 159 3509 2089 1330 1016 1571 1301 4499 2660 260 1113 4610 1223 1704 2167 1211 882 935 2750 3629 4384 458 411 2207 4459 1147 907 3274 3024 1180 3152 3481 1200 183 4521 766 4295 3054 388 713 4612 1185 1265 2830 1588 2112 2433 2104 1923 2321 865 2566 4387 4187 3770 2416 803 3332 3043 576 3045 3747 2831 3858 2807 205 3067 4575 509 918 2159 3169 3800 927 2474 4815 1884 2221 4250 4111 4895 2534 3554 4243 2207 695 686 2274 3454 1734 858 2942 4571 1806 4471 628 222 3874 2783 226 3094 124 633 2707 1903 3498 836 3936 3835 3244 1902 2131 3314 3083 3466 1404 3301 2782 2107 1273 1542 2091 1828 2930 3961 1530 1226 4940 4114 1232 932 3046 3831 1551 480 2419 1471 4336 1104 3572 3307 4647 1713 874 3356 3167 4406 4453 4477 1527 481 1245 4740 1712 3597 1975 2312 3507 3944 45 1872 3816 456 4024 1939 2399 1759 4913 3878 3326 1242 2466 3993 1603 2631 3432 212 3521 2182 671 974 3764 415 4201
1051 2481 3625 3228 4142 3048 30 4206 2625 1263 2724 1770 2079 4227 1726 4074 419 2304 1291 2788 4841 2693 3109 4831 4138 1442 3549 413 2635 3703 1617 800 4493 4696 4526 3871 4094 3583 2207 3290 3351 4826 827 871 675 3866 1830 3897 1304 3687 1868 4228 381 4589 3290 3938 1044 2534 625 2950 4443 4197 1342 3748 2409 288 2800 3067 912 3867 2290 4681 1423 2539 2600 2048 3221 3958 4690 1634 1145 2182 2464 3098 1849 3391 1848 2785 204 2361 4068 573 620 2029 2400 4257 1736 502 3683 448 2126 3612 343 2893 2682 477 2606 1783 1114 215 4989 1215 3332 1181 3146 2615 1014 1057 1445 1378 2005 3092 249 1848 2674 1941 577 4636 2536 1124 2438 4048 2144 1589 1588 1650 2851 4244 2276 1740 593 763 1254 4399 3406 4668 2370 3241 306 3176 734 1054 2182 637 2923 3297 225 3389 1112 529 1735 1374 2878 2570 4215 2186 3389 4215 3013 1052 1244 3691 999 116 626 4887 64 4265 781 3200 1686 1996 1934 372 421 2412 4959 218 3577 2150 3200 656 3767 1101 2556 873 1771 2513 3774 3162
