N: 200
M: 40
Symmetric: true
Triangle: false
8 145 29 24 68 22 36 27 10
6 56 187 134 34 154 30
7 179 13 92 144 138 116 75
7 148 184 58 199 104 1 42
4 115 143 191 43
3 6 152 39
3 132 82 109
5 73 53 85 127 192
7 171 71 44 158 107 112 150
3 108 69 183
5 4 2 149 77 178
4 63 31 125 55
7 11 110 177 113 7 172 141
3 185 166 89
3 12 95 194
12 66 105 168 160 170 173 38 157 91 124 111 49
3 188 100 32
3 153 119 51
5 48 165 84 47 33
7 40 121 94 102 93 164 189
4 159 57 79 50
4 180 5 59 37
6 106 169 167 195 3 88
3 174 176 136
3 137 182 46
4 83 26 142 103
5 163 21 62 130 41
7 14 193 98 67 20 135 101
5 147 23 196 45 198
5 15 126 186 117 87
3 197 76 74
9 70 131 35 161 120 17 90 96 18
7 80 133 190 175 97 99 129
5 156 54 140 52 9
6 61 60 155 64 78 72
3 86 8 65
5 25 162 139 19 123
2 146 28
4 151 128 200 114
5 16 122 181 81 118
1653 4090 707 2684 3579 4154 4482 4124 793 3252 1572 3171 1800 3425 2395 427 1706 465 2881 3232 3135 783 4133 3872 2973 3431 2923 3753 2139 738 1696 2312 3602 316 4877 374 1858 4698 4870 1573 3241 3203 3104 877 850 2415 3279 669 3799 769 1496 3242 1368 3887 4723 618 1799 2802 2437 2004 4520 790 1018 1601 3079 574 4121 696 996 50 143 3889 2021 4762 2402 2411 4726 4618 2903 473 669 730 28 1964 1125 4207 3945 27 1971 2632 1698 4265 4978 1130 4333 2082 2937 3839 1158 201 1818 1364 63 1420 907 1816 3247 1569 161 2771 4411 437 4837 3357 1337 89 110 1945 3939 4485 4666 1638 4173 4688 1036 4292 1969 3636 697 2261 173 1603 2291 3525 3422 935 4534 1475 4355 3998 3566 1365 1471 4811 3632 3568 2398 318 949 2185 3979 916 420 4044 395 3646 3925 1127 4008 1778 4207 328 36 4550 2363 998 3781 2922 3977 1076 4476 3583 3655 803 3652 1476 3694 1615 2912 4201 2107 814 2227 2459 3988 655 4418 3974 3509 4185 1943 2035 2729 4940 1439 3431 3078 4633 2439 4129
4090 732 2392 643 2030 1123 4258 1639 35 4567 3937 2809 243 4276 4740 722 1832 893 4951 4749 4256 463 3912 166 2648 1354 2822 1531 85 3556 2112 3315 398 2280 4109 2536 4823 3016 2579 4574 4173 3634 1338 2674 757 3856 2373 3012 487 846 3081 4891 819 1738 750 4043 2890 4552 2297 2511 3387 244 1165 871 701 4351 923 475 4996 4586 1096 1718 3889 2596 3551 1381 3748 1235 3048 493 1006 3438 2012 4450 2294 3286 4651 3072 1784 4287 2371 3086 2570 69 3555 1632 286 4112 2238 3369 3157 4249 3527 3196 3858 1160 2705 3962 4191 2069 1978 1737 3686 1708 2906 3218 3899 3314 177 2049 4644 2314 1355 1159 4516 868 1740 4396 2396 2328 3541 3089 4463 2745 3515 3272 3808 741 3736 2361 220 2543 790 2151 1280 308 3113 2840 406 2389 501 253 3878 2041 1815 2222 841 1394 4184 2104 3468 4030 302 1633 20 4485 1085 3897 4325 1157 3570 1670 1898 839 1857 1720 2853 305 4047 3521 1767 164 1464 3302 2485 1191 4103 2891 1956 300 1430 788 510 231 4733 2060 4438 2337 2371 3237
707 2392 2294 2775 4735 861 3238 3278 309 3289 1721 1516 4906 2150 4007 2474 160 1118 1834 1222 1510 3260 633 1600 2223 211 1431 3354 862 360 3319 871 4310 2915 2978 527 88 3867 4672 2577 3623 853 263 3983 3455 1812 3011 615 13 2140 4497 2136 2799 1641 2156 3926 4229 4097 4796 3912 3450 4388 3340 3251 755 2181 3380 493 2037 3127 3209 936 2097 4383 2240 1003 4408 2234 2972 2877 2851 4421 3713 1426 339 2370 1697 2751 1504 4117 3063 4739 2080 2910 3683 1490 3594 1491 3004 426 2264 4207 217 4083 4883 3728 366 1564 261 615 2104 2216 4113 3354 3731 4123 2355 347 2477 3453 1579 4500 4627 1722 1431 2685 2756 4413 3952 568 2990 4309 3699 4782 3943 2810 671 2741 1855 305 3949 3060 4200 2466 3822 10 2997 3946 3250 3392 4172 3503 2725 907 3788 4236 2196 3427 793 1165 3830 2115 3381 739 4233 541 3650 838 2921 2361 2716 3845 2860 1009 1106 4960 1963 1217 2891 520 4024 3258 1468 3078 2560 1693 570 4084 3243 4046 986 1936 3819 1472 1226 428 24 3655 305 1087
2684 643 2775 3124 1593 2665 1766 1762 2286 4745 362 1043 1028 1014 2927 3301 503 325 3539 2193 4569 4150 4388 830 4244 2813 3719 3298 4553 569 201 4275 782 2254 3263 4522 4368 2786 4059 4967 2314 586 4692 4282 1180 1892 1119 1191 1378 2168 2284 3088 4301 4749 740 3625 3293 376 585 3525 4750 2271 2189 4277 3526 2857 1744 4286 2518 310 205 1913 380 1906 1928 3859 1733 2163 1021 3178 2824 863 3270 749 4057 2643 4025 2263 3022 1275 4045 2960 67 2442 3559 2259 1275 836 1285 4685 201 2177 4299 1146 2583 3426 902 925 1563 2597 1009 3119 795 2498 3610 4755 3480 1245 4568 454 376 394 2956 2289 3647 3757 3100 4115 1555 2368 4920 3795 3404 1674 3712 386 1547 4350 3097 593 3216 1887 1384 4603 829 2777 3980 3649 3088 759 2447 559 4711 4228 4062 3605 3708 1724 2609 3212 4108 4979 2085 4170 2097 595 4546 4524 2933 2747 2772 597 1983 3474 1566 1691 3284 4892 658 1346 2020 2504 1618 4863 4225 2886 4442 2536 296 760 1202 3468 1839 4427 4769 3522 2162 2384 1435 197
3579 2030 4735 1593 1904 4084 2028 741 3462 2500 3432 4608 1355 735 3188 3086 2066 1216 807 2915 3972 3583 4865 1675 3694 4599 2448 603 2659 3281 4092 380 3371 834 1323 3229 1453 4109 316 2816 1832 1617 2752 1390 4261 2041 464 3824 2119 3686 2742 4442 1329 3164 2581 3631 4796 2449 1591 4299 311 1422 1444 1506 1433 3662 3944 3184 138 4404 2003 1746 3805 1900 3959 4376 1487 2749 354 3358 1179 1219 119 1615 2419 3703 3168 1948 948 3936 2618 1575 3677 2433 1268 4409 2547 2813 1205 3793 751 2197 2961 3785 4081 2491 1479 848 2866 396 3627 1881 2317 4948 3593 4331 3989 1026 2116 4741 616 4165 1018 3108 4818 4948 3498 1298 759 532 2415 2512 3255 2240 320 1203 997 1269 4703 4778 3111 3871 4293 3452 2996 1051 3060 1688 1690 3789 248 703 3485 4643 476 302 1823 115 310 1272 749 3647 1063 186 3670 698 2515 3224 4051 3643 2061 988 3243 4561 3623 3907 4737 4280 4679 2552 635 4619 431 1505 998 424 415 3852 3289 661 1709 716 2208 4697 3575 2281 2723 4026 4127 3100
4154 1123 861 2665 4084 350 3088 551 1790 3170 4007 3273 2189 35 1458 3253 277 1033 185 2519 2205 194 4982 1429 2503 4394 1687 577 1677 4078 1487 2457 1645 3986 3676 4666 3716 2439 3591 103 4038 3467 4138 1323 1497 2566 1220 3738 4922 4998 4438 2538 3181 375 2121 3277 4396 167 1783 1434 3074 4541 1007 1384 4253 4433 2849 595 476 2564 4012 2018 1342 1027 107 1431 3296 295 2230 1756 3972 1407 1929 4151 639 1729 4008 299 1424 1229 1555 1431 4263 3096 1469 41 3345 4065 3013 3534 574 233 4567 2631 3235 2381 1021 3478 4998 2991 1729 2685 2057 3895 2716 3064 4048 2604 1409 3544 183 2345 4488 1967 2009 3994 4097 2346 712 414 3747 3295 3458 1810 218 2055 91 1031 4288 1336 1926 47 4979 3743 2030 3663 555 4475 2665 3757 1038 4584 3319 812 3056 4445 1500 806 1579 4960 4684 653 3238 2966 2122 4207 4772 1444 2653 1915 4460 2097 790 2728 3996 3336 3969 2512 3276 3275 2193 2686 3980 1052 3821 2939 2015 3128 2641 81 2166 3129 4109 4295 1736 1093 2260 2143 1725 2925
4482 4258 3238 1766 2028 3088 3307 621 4590 2449 2603 1793 3844 1097 4273 1053 400 738 3748 221 2211 497 4713 2147 1986 2064 3360 540 3361 3768 3454 663 4524 322 2883 4790 1550 220 3288 742 4467 871 4750 4442 384 290 4882 4849 3927 4786 3065 1197 2318 3341 652 2857 4419 608 4951 715 1872 3037 1259 2199 4664 2943 3306 4687 64 3492 1416 897 3958 3965 3473 3365 1485 2858 4383 3248 3309 1231 3704 1270 1685 4764 966 3387 3305 1212 1067 147 43 4755 4134 4575 2101 1100 4908 4985 1353 1361 1131 4049 3595 2500 3766 1136 537 1545 3243 1007 215 3636 809 4240 4348 3131 179 59 3455 629 1961 128 3359 1537 1916 2033 599 1976 4144 747 845 915 2298 1857 403 1429 1220 820 1591 4714 1815 3627 4538 4884 211 4553 2297 3527 4171 4743 148 1812 1939 2997 2990 2253 208 4983 3807 2416 2187 3599 915 4627 4676 3824 2559 4253 295 4960 1751 4143 2868 1048 1769 1629 3250 4410 487 1080 1253 3335 2618 3065 1933 1033 3919 4214 4272 4294 106 248 2265 2171 790 3067 4730 3895
4124 1639 3278 1762 741 551 621 4249 2843 1596 1324 1072 4877 2512 456 2668 3622 4766 3387 2785 202 4351 2397 93 1349 4047 4680 3233 45 91 4023 4367 4601 1246 4102 1992 569 3572 1741 551 4320 1808 2655 2434 499 2283 38 4787 1696 2109 155 4891 681 4705 554 4170 362 815 3743 2970 3396 3983 4398 3272 3277 4397 752 399 791 4415 3244 1777 969 2062 2971 4926 838 2846 2979 4991 665 1127 2524 2047 409 1842 4574 2920 4172 1978 1879 3426 2101 2029 4867 3609 2877 736 4746 4722 4544 4600 3114 1314 3400 2785 3878 2914 1998 4889 4320 960 355 2319 1012 4683 4931 2210 3924 2741 1365 4752 1933 4020 51 4010 2190 3841 883 1765 4200 2865 1495 3065 2122 3292 4828 4506 1227 3361 2852 4197 4383 819 1779 251 4200 81 2045 3763 4236 961 3218 2412 3784 1163 104 3068 1585 104 4561 1773 2841 2105 3261 3160 2531 944 4041 627 4529 647 2155 1142 2463 4636 676 3130 3462 1862 672 1779 1348 1908 3051 4871 2970 4125 413 3111 3091 1997 1417 4670 1055 2231 647 2081 3062 4762
793 35 309 2286 3462 1790 4590 2843 1579 384 2704 1011 3930 3205 3814 4856 3194 1184 1759 4380 35 1603 2191 954 4665 4509 1141 788 3537 4658 1704 426 1852 193 1172 52 4387 2834 4896 383 4354 2912 704 1878 261 118 2078 1861 4162 1583 3839 3549 396 2878 498 2623 4582 3853 2743 772 4052 347 914 3911 4947 454 4120 1101 2440 4084 3054 1583 2474 270 779 3717 2270 985 3083 2295 2466 1670 3877 3089 4164 441 697 674 4832 1137 2702 3442 2278 1704 3986 139 3572 2354 117 4987 4191 3675 4855 4595 2701 3919 299 4739 3328 1318 3996 2230 1512 4004 45 298 932 4838 2266 3563 3627 4163 3582 214 2163 3402 1300 3337 4580 705 2359 3345 1816 3432 4066 1163 4204 101 1990 66 1868 1505 4726 4530 3647 2503 4281 130 2007 907 221 545 4562 791 4652 3950 96 3810 1599 531 2556 4823 1640 2375 1983 151 4735 2472 2072 1103 627 4426 2795 4720 4333 710 688 932 2960 4136 4242 195 939 390 4561 2203 4855 3606 1137 3792 3969 1613 937 1369 2673 3272 2066 2237 2839 1126
3252 4567 3289 4745 2500 3170 2449 1596 384 713 4604 4806 4954 2957 3596 4899 2022 2771 657 3498 2272 4343 2632 864 2037 3659 4135 600 4523 4401 3576 3583 498 942 1720 3992 1035 4550 1392 3030 789 2026 941 2842 3278 2355 4758 1957 2923 3020 4522 4414 61 3215 1621 736 4660 3279 2498 2956 947 2754 4921 1912 1996 4501 3142 386 475 1255 3758 2088 186 4244 2068 3496 4049 2597 1481 3515 1294 740 1005 1757 4918 3769 2444 535 806 3722 3608 2334 1070 768 3385 1233 191 4608 2491 4182 2673 1440 692 4230 3174 1537 2229 4116 4706 3797 3800 1796 1778 1796 4270 2174 503 270 1487 2714 3389 3358 4147 4234 4313 2833 4782 4234 4501 2229 1518 2978 2307 4826 1680 4462 4321 2812 897 4989 346 2816 2719 3923 3031 4828 1598 4348 1228 4669 1837 2489 3564 2339 325 1440 812 2768 2502 3143 431 247 2983 1458 559 1880 2882 211 4001 2520 3365 1699 867 4334 4869 2637 4033 840 312 3390 1328 2832 1342 1233 4057 3758 561 2291 501 2207 3003 3160 774 2505 2315 1509 2794 889 3677 151
1572 3937 1721 362 3432 4007 2603 1324 2704 4604 1493 1276 493 2356 695 881 4748 2973 174 3789 2394 4469 1798 1729 3733 389 1878 4112 4441 2273 2653 1809 4742 1500 4498 1238 1502 2519 1841 87 859 1759 3087 2852 3727 2800 1419 324 1881 2083 3740 185 722 2379 763 3721 1156 4871 4934 3480 2341 113 735 4992 4568 656 2464 3790 1239 70 4083 4004 889 510 1074 1440 1597 3578 3414 1530 4643 2140 683 3971 1436 4398 3109 4265 3927 2471 3332 2278 1167 651 3180 2045 1674 2539 2138 1603 3874 1715 1882 1800 4269 4040 1893 1899 3369 227 2226 1174 3217 3065 694 1352 1646 2759 748 3588 1547 875 2743 946 1169 834 4050 1981 1596 1404 3716 1941 3319 1477 855 4918 742 2599 2232 4354 436 2542 1707 592 3890 3234 4486 1193 2129 4540 2355 4454 4775 830 454 1521 3868 4372 913 2184 2443 2123 1758 1380 1922 2413 1211 447 259 3277 3331 3203 2036 3704 3017 1300 3913 722 1411 3968 628 1476 2667 1108 4451 4033 2695 3498 4183 4631 3708 4629 2110 2692 1654 692 165 1206 424 1500
3171 2809 1516 1043 4608 3273 1793 1072 1011 4806 1276 4824 4944 203 2745 3188 897 2691 796 4882 3207 2835 1325 3078 4591 2633 854 4280 3345 2836 4199 3634 4704 3334 641 1746 1187 2689 1751 4888 2486 3008 2935 3082 4810 4180 1100 155 1682 2306 629 883 1514 3198 4822 1906 28 1439 193 1710 3603 4603 2688 1257 2000 2475 1820 3763 2640 1479 1618 3441 3748 1256 368 834 4190 2884 4322 4695 1689 4563 2837 1291 1002 2660 4601 3600 208 1665 2693 3343 2657 4242 3939 3011 754 4310 1670 4680 4285 1148 2471 2579 4617 542 2599 3385 397 3357 1745 4989 4174 2489 3963 2102 3797 1024 4802 4831 2179 4206 3377 1106 4665 586 2034 3023 3360 732 1282 674 1283 3829 857 3767 4752 1313 4770 4139 3357 2707 1487 1097 137 1217 4990 3060 3824 4555 2385 2060 3684 3591 2578 833 2616 2494 4239 921 40 1015 2883 4809 2013 2224 2182 4883 679 4604 3233 3306 263 4939 3516 2550 3838 183 2556 4724 2309 3692 2832 1537 4259 15 4613 365 4934 1138 276 4843 2991 4755 3044 2057 1390 3372 1368 1011
1800 243 4906 1028 1355 2189 3844 4877 3930 4954 493 4944 2884 254 570 203 3327 1316 3395 1261 1801 1604 4560 1690 4840 4894 2735 4765 1066 1948 946 1193 148 2277 4765 884 2034 4186 946 1880 4837 4842 76 2870 1901 807 4235 3401 4007 1696 4802 2176 1256 583 1852 3580 1563 948 909 1264 59 3743 2071 4517 2175 1678 2657 4731 4426 687 1934 3109 3974 761 4603 1210 4982 4803 413 862 605 2985 2244 1694 2038 3551 2997 4297 679 4257 3895 261 540 3307 2730 2563 140 3619 4972 2550 2491 2897 3560 315 3975 3363 166 3489 888 1630 2694 1709 3453 3619 827 900 3518 3025 792 3725 1094 3561 1910 143 4699 1500 1243 2052 89 3462 2599 3524 4273 3047 219 2038 2028 4291 3993 570 4876 712 3190 820 3777 285 564 2731 4348 3628 2910 4548 1044 747 2368 833 4572 2924 3279 147 3547 2793 1701 3762 4397 505 3771 112 41 1402 2484 4217 4089 4053 376 3674 1785 3845 662 1306 2917 1761 306 885 3937 2822 4068 362 27 4578 4159 50 3619 3230 1081 438 47 4054 3535 377
3425 4276 2150 1014 735 35 1097 2512 3205 2957 2356 203 254 1556 3107 575 2896 3340 2586 3999 32 1810 2835 3937 2889 427 4231 2537 2314 4042 3154 1314 4025 985 1326 4037 1628 1845 654 2166 4443 3099 2191 3027 3379 4716 2714 4080 1089 3024 4546 940 3485 2004 2929 294 2793 437 2167 3375 4550 1537 1194 1046 4708 3904 1153 1293 4592 2762 2641 4410 2177 2736 876 4302 1043 1432 2292 2969 2870 2209 2144 1319 343 1380 399 1976 1193 2271 4020 206 3783 327 1823 2255 4450 3505 3841 745 2852 957 3663 3687 3030 2157 862 4178 357 4691 3724 3171 4456 4665 158 2077 2714 566 2268 4887 1659 4110 4079 3131 1912 2124 4930 957 1704 2401 251 362 3037 449 216 4169 3115 2955 2691 3434 3440 4573 2815 2589 3029 1205 2953 1136 3429 3590 1141 2888 4671 3902 2971 2668 3190 279 4421 530 4653 3788 1666 3851 4718 1892 2093 3645 993 958 3409 1626 4262 1288 233 4814 357 3654 4354 4581 2686 156 3349 4740 2915 3174 3849 1691 3057 3918 613 1782 1685 2504 2651 3628 2412 4014 1072 1867
2395 4740 4007 2927 3188 1458 4273 456 3814 3596 695 2745 570 3107 1396 1635 3414 430 3842 2868 2625 4978 2417 2132 3068 939 1051 4469 1907 1779 3710 3604 95 392 4096 1499 1418 3530 3396 2630 1404 219 1364 4448 3399 2782 3369 52 2504 3974 847 4446 253 2369 2146 3501 3877 3963 3991 4996 4980 1775 404 2357 3372 2423 4768 2045 3686 3710 207 2939 1009 494 1539 1435 708 2606 1402 4966 2918 1337 4642 3935 1112 4618 3822 3818 4686 4183 3537 4933 1082 259 3106 1738 3434 3999 172 283 3205 278 1192 1205 435 2512 4168 2154 3525 3151 3514 104 4536 2055 1536 394 1996 2892 1896 410 2698 238 865 306 3323 4910 709 1077 3284 849 2344 1290 2115 4257 422 3562 2444 4338 3559 3203 1410 561 779 3764 1056 419 3527 3364 1791 220 2497 4459 3037 4996 1507 2331 807 1337 914 789 699 4530 1765 3662 765 2561 4171 4338 2257 3384 2546 3620 995 4256 3198 3437 3003 4126 1631 361 152 2034 4856 3163 2274 4992 2975 97 1667 3071 3010 2658 4389 2125 1374 2482 3966 161 3609 2300
427 722 2474 3301 3086 3253 1053 2668 4856 4899 881 3188 203 575 1635 3063 4234 3907 4036 888 3503 4083 219 79 3858 2198 1825 1978 2552 2636 2601 4010 2180 4805 1924 844 3776 1627 165 272 2603 771 1669 4492 1735 2861 186 3980 878 2121 2024 810 4892 1916 4672 3136 4754 1632 2428 193 4575 3029 3608 674 2720 4966 2517 2732 2031 2799 3627 2309 1769 2947 2094 515 3463 2939 3666 2861 2980 4182 760 4331 3821 3376 2624 4895 4649 2447 469 700 81 1262 1084 356 914 4818 3798 3122 710 4833 510 1899 1947 4245 1340 849 1930 1826 1921 2719 2440 1780 3786 886 3498 3737 3344 1485 473 605 313 3071 584 1238 1641 2189 4921 4504 3990 426 2039 4643 4366 2285 4348 962 2047 2020 2051 2802 1227 17 1172 889 331 4031 617 4454 4702 2739 1001 1892 4798 3241 484 4510 4118 1298 724 807 632 1277 3510 4089 615 2157 3472 649 2057 725 1008 149 3323 4547 1707 2266 2504 581 4858 4199 3349 2919 4084 4673 2152 4295 3917 4751 872 1147 3287 2608 2427 4341 2234 620 3487 2537
1706 1832 160 503 2066 277 400 3622 3194 2022 4748 897 3327 2896 3414 4234 743 135 1516 3592 1864 565 4444 2436 3866 2811 3668 4154 2494 488 3195 167 3033 2398 3438 1898 1838 4858 725 3149 3536 2022 323 107 4412 494 4201 1452 4617 2999 3862 2851 2579 869 2454 2977 3007 3601 2169 606 166 1859 245 3247 425 4169 2357 719 3315 4308 1357 286 2877 3811 3697 4790 3226 524 1138 149 3441 1960 4593 3884 4186 1689 1395 2185 2639 910 3099 4931 1770 3619 1354 1185 3665 2072 2853 321 4088 2401 4469 3954 542 2647 3054 3137 4468 2414 4618 4879 2063 1949 3609 4933 2854 4566 3516 2606 1751 1575 2796 4814 1366 3633 2932 3459 3797 79 1050 1261 2636 1787 430 781 1537 945 4991 1207 1601 3925 670 2010 2493 2403 3535 1918 1284 4809 2860 390 2710 1590 747 1056 1495 1461 4673 780 1851 4972 2970 1352 4196 4910 2097 1846 2720 3274 2735 502 2723 1382 1693 3193 2799 2125 993 4569 1882 3182 4940 4381 4917 1903 1210 604 2761 3503 1671 159 1495 2498 154 2565 1093 2175 2598 4206
465 893 1118 325 1216 1033 738 4766 1184 2771 2973 2691 1316 3340 430 3907 135 4840 878 1579 1430 841 649 3621 1801 618 4311 4532 1988 2088 3177 1363 1192 829 1194 649 3332 3629 3115 4453 198 2167 1456 1511 48 4722 3500 4142 2190 3458 728 3588 2767 2317 669 3487 2581 1385 1081 1054 4314 3770 553 2281 2911 176 3131 4526 4357 3802 2789 3522 63 3684 4342 156 3039 4360 1499 37 2523 1984 4603 4647 1282 1467 1124 3849 3124 2479 4683 3103 1448 4069 452 3138 828 3510 1320 1719 1860 2000 79 43 4350 4988 2325 3483 3282 376 3854 1917 1002 2748 2061 2791 3717 3228 2009 1273 2288 350 4884 4589 697 359 626 4434 845 4983 1057 2503 3372 3063 2447 3839 4066 87 2155 3461 3363 993 1548 4736 4333 928 324 3184 3246 421 1110 468 2479 3478 2934 2634 1243 610 1841 3909 1161 4992 2379 4566 3784 3849 2641 1231 4087 683 3474 2426 4840 4157 2529 3037 2012 3969 1045 1835 1296 1812 4403 678 14 3163 4853 1250 4817 3278 1949 2936 4598 4333 4774 785 290 3032 1415 4501
2881 4951 1834 3539 807 185 3748 3387 1759 657 174 796 3395 2586 3842 4036 1516 878 261 3157 3031 1294 1057 4139 3954 4605 4522 2743 3129 1710 4301 94 1875 576 3721 1843 3953 3176 1841 1944 2069 4277 4602 15 2095 3110 2378 533 713 1872 1424 1068 1646 3720 4501 4070 1207 401 413 4022 1283 3061 4215 2778 3093 3389 3918 37 1310 4162 1869 1923 742 681 1208 4529 1647 2087 4054 4119 1090 2866 2604 4985 1353 1421 3663 4498 857 3824 4515 2519 3241 4310 1860 4365 3825 2346 2261 3090 3439 34 73 3179 3463 150 2900 2214 4010 1570 843 3754 2621 1762 4603 2009 3604 3416 689 2510 467 1673 838 2695 2889 1440 300 1344 2584 2722 3493 1006 738 3722 1337 3816 3284 472 4934 523 3315 1812 443 1999 3534 2320 2022 1155 387 4961 1165 1134 1874 677 3156 3708 4595 3718 4438 4029 210 2620 674 2016 776 2162 977 1774 536 595 1058 2063 1748 4969 4652 2334 3948 2702 3846 3788 563 805 132 1303 422 3998 2690 3167 4663 3788 3447 1218 4724 1024 3055 96 3421 2389 732 2868
3232 4749 1222 2193 2915 2519 221 2785 4380 3498 3789 4882 1261 3999 2868 888 3592 1579 3157 3164 4648 2300 53 3918 2404 3366 3619 661 2203 3954 3697 1407 842 3380 2047 3064 2034 3304 4625 499 3295 4187 4339 4038 4059 670 3945 4194 4859 1430 1038 1160 3073 3263 3650 3127 183 1469 2778 2975 1662 3613 4149 2231 2152 4419 3890 2079 1351 4602 217 1037 2526 4781 2750 4265 1885 2310 4872 2505 320 1597 625 4688 2808 4297 280 2423 2252 4210 1221 2865 4864 1238 2850 1372 2422 844 4787 1793 2193 4428 344 3825 3167 4046 427 345 1187 1187 2115 1130 3611 2459 3734 3456 96 58 2953 194 1222 2888 1386 3121 1248 1668 3240 2256 3468 737 1462 733 4218 1846 2606 1869 1639 735 1947 2432 1099 2625 1950 4303 4843 1951 1188 4382 3582 2889 521 4087 3952 58 2673 3146 2582 943 1017 1933 3170 2957 4433 2599 4003 2513 3589 3791 3417 4790 2225 1797 2605 118 1500 1756 1675 3074 2339 4497 4783 2943 3108 1997 235 2991 2598 2686 3655 1390 553 3272 3369 2672 2785 2098 516 3179 1885 3212
3135 4256 1510 4569 3972 2205 2211 202 35 2272 2394 3207 1801 32 2625 3503 1864 1430 3031 4648 2627 4883 2301 1166 965 3918 4952 4954 2734 3709 2547 4772 379 3771 23 4364 3188 2483 768 2563 2603 778 873 1529 3762 2181 2661 3032 3568 2172 1344 1464 1278 4574 4794 3677 1964 1401 2683 1715 2687 4779 2536 1562 2846 2886 1073 593 4975 2564 1429 1839 1904 2592 898 1069 3916 4013 849 670 4839 4440 1942 2413 1238 4970 4849 480 1374 2044 2845 2338 2206 275 1691 1510 2897 3707 3799 2072 1762 2406 4185 3475 1460 4860 225 4226 737 3752 1598 182 3109 4040 3619 4382 1123 569 1579 3175 2700 2002 1954 1260 1197 3690 328 3533 4266 4549 2148 2770 67 3594 4814 2276 1161 2782 3275 2279 1643 2742 1798 3117 2003 2185 1690 2860 2865 195 820 1741 1938 1352 282 3802 288 2387 1069 742 1893 177 712 4665 478 829 2165 4658 1862 2979 2232 94 3196 619 2939 1700 3620 1680 3994 1105 2898 4598 4505 780 4626 4937 564 3985 4253 4967 2670 3587 108 988 467 4358 563 2487 47 2657
783 463 3260 4150 3583 194 497 4351 1603 4343 4469 2835 1604 1810 4978 4083 565 841 1294 2300 4883 3818 4747 1913 4329 3451 4660 349 2425 4907 4224 2347 4642 1611 216 2652 2607 4297 3772 642 4754 1975 2686 3989 4235 3936 4419 1129 3198 874 265 2070 2606 187 1278 261 1305 2751 3451 4958 3580 1698 1604 4748 2279 3317 70 1393 287 2858 3571 3376 4455 4731 1420 2036 2792 1522 4502 4150 3460 4600 3014 1296 1907 331 1373 945 541 3997 3118 1697 1750 416 230 713 2313 2826 3386 199 135 1830 1058 2789 3298 2630 551 4496 2028 3554 2527 2798 4794 13 260 3293 1903 1836 3525 3710 1851 1443 531 3934 1272 373 3154 2098 3490 879 218 3886 3630 2377 171 1737 4813 3453 638 3090 1538 1758 2519 1245 911 2899 1969 1993 4888 3725 62 1354 634 3314 509 447 1390 3389 3868 3653 4635 1909 4080 915 1932 4983 1045 732 2213 977 874 2548 3350 2777 61 4793 549 3894 2998 4876 4010 2725 4943 570 2574 792 2284 1553 4558 4489 653 3799 3820 2136 456 4603 54 176 3929 846
4133 3912 633 4388 4865 4982 4713 2397 2191 2632 1798 1325 4560 2835 2417 219 4444 649 1057 53 2301 4747 3589 397 1610 1327 649 3638 4062 2708 3991 4337 2295 666 2261 2906 1213 829 1987 1238 1465 782 3670 3710 4119 2812 3833 4260 2635 1082 4227 748 2538 512 1419 3770 4912 4879 1356 91 4543 98 4954 2380 901 2949 142 4280 1635 1692 148 4179 2838 1913 4502 2026 4243 3112 2058 3921 3859 4970 2738 2344 607 929 1147 3539 2574 2090 4167 2726 30 687 4496 1712 2266 2331 3091 4453 1342 3402 4751 4683 1027 3752 4705 1704 1527 4030 158 1909 2502 543 4974 1428 2516 845 2094 1482 2670 4147 3136 4460 242 1645 598 1590 2486 1274 134 2601 2238 1685 1735 2321 1122 4879 4143 3990 4195 4214 4400 3300 2361 4333 4499 4677 4012 3956 2057 2928 1378 3805 1143 1536 4753 2725 2514 3997 315 4038 4569 4157 797 3235 4255 907 4418 2885 519 2809 2587 2965 4647 2507 2603 4723 3482 2152 4909 3956 4064 2789 1276 4914 66 3190 1535 4148 2795 2605 4100 2714 2598 3805 2957 4823 780 2493
3872 166 1600 830 1675 1429 2147 93 954 864 1729 3078 1690 3937 2132 79 2436 3621 4139 3918 1166 1913 397 4202 977 4561 2547 3716 4913 4069 38 3730 785 3414 3783 739 1141 1366 3554 1868 3555 1236 3558 4739 1786 4729 2623 2200 3193 3651 1861 2927 3110 1198 3779 2221 3039 3555 4457 4734 2276 4987 3549 2908 1473 4201 2981 3348 4304 3942 1754 66 1410 886 3607 3357 3478 4606 4759 3303 35 4649 3443 2031 1363 1464 2237 183 125 1284 2244 3705 2921 3089 68 3398 235 2224 2641 1708 1195 4771 3921 3624 4625 1466 4737 3752 328 774 344 873 2176 3716 3612 953 2626 3526 2927 2708 3807 1396 4461 1539 1360 4028 3046 38 293 4653 687 3704 2124 1890 4451 3069 4304 2147 590 3337 39 1219 1903 1031 697 4624 891 460 879 4611 4020 4875 1624 1743 77 2657 783 2366 963 3306 3299 496 2352 3629 2580 4881 2772 3451 3683 4984 644 2055 2755 2767 2945 4115 2269 756 963 2591 334 554 652 1044 1021 1094 3394 2725 2297 4628 4708 1558 4368 907 3450 3434 2325 4812 4129 1808
2973 2648 2223 4244 3694 2503 1986 1349 4665 2037 3733 4591 4840 2889 3068 3858 3866 1801 3954 2404 965 4329 1610 977 4096 2342 1486 2535 296 4816 4012 89 4582 4221 1686 4193 4872 2993 3400 559 302 2787 2801 596 3240 291 2339 1209 1594 205 791 2421 2225 357 545 1343 2439 4514 4564 808 1987 3647 3957 1637 128 4253 4549 1884 4644 2270 4689 3371 4462 810 4809 4731 2157 757 677 3844 3074 2937 324 1948 2920 1240 1483 849 3836 3616 3520 3444 4615 1191 2263 1018 751 4226 1491 2608 1246 158 2326 4908 574 154 3137 3095 2790 4118 2041 1491 277 3051 1753 770 1231 22 546 988 342 3821 4221 1387 2910 2197 1805 3157 2562 723 3898 1121 1498 3948 4141 2677 578 1276 1579 1687 1238 2203 2511 2129 1374 2816 3402 4016 787 2824 1795 1196 2396 4528 1809 3447 2375 2281 1724 543 4801 2460 4743 3001 81 1790 1494 4561 3307 4381 4500 3461 4083 2072 2790 794 4911 1583 3404 327 1756 3659 1521 15 1740 1785 3051 4892 2586 1134 4589 4691 4098 4291 2298 2559 4775 427 2726 574
3431 1354 211 2813 4599 4394 2064 4047 4509 3659 389 2633 4894 427 939 2198 2811 618 4605 3366 3918 3451 1327 4561 2342 3689 4692 1877 4742 1643 1195 1481 303 4549 2007 3016 913 3773 3318 4153 2040 1147 701 2717 320 4243 2029 431 1072 4520 2897 245 3508 1381 3803 1831 769 1115 2439 4124 1431 1862 2912 1744 1075 4940 4668 2901 2108 1749 1590 4697 782 4652 3996 930 1206 3289 4698 1718 2184 3538 695 218 2599 2348 1064 4489 2007 2859 2935 415 2751 1887 3849 374 4653 3429 273 874 1944 3721 3575 1261 2172 4149 3017 1996 3017 2467 1862 4632 1198 279 426 3605 684 2479 4707 406 2071 3122 4510 1679 3952 708 245 1498 1616 1056 3975 2108 4808 3456 3062 339 3227 4805 2202 1495 869 1882 277 660 4025 3338 1572 4957 805 2664 1247 446 1417 1540 2852 370 4260 3345 4691 4790 3193 792 3913 1073 1899 1578 4392 713 2141 1006 2373 1422 1171 2006 1614 1148 2224 1360 1711 1156 1177 879 1619 3438 2570 4942 4408 3311 2269 2125 194 3903 4458 1733 2999 4594 1921 4753 1384 3331
2923 2822 1431 3719 2448 1687 3360 4680 1141 4135 1878 854 2735 4231 1051 1825 3668 4311 4522 3619 4952 4660 649 2547 1486 4692 3886 1261 898 954 2161 2042 1736 370 416 79 4639 3238 3171 4173 1503 3950 3009 2029 874 343 2087 1248 3277 2652 4522 2715 1269 2560 1784 4903 2744 2506 28 4070 2002 3272 1753 3456 3675 507 2954 260 3635 2431 1487 4958 3663 1337 1958 3582 1028 2599 4482 2138 3750 1573 772 893 1262 548 306 274 2385 2373 1722 1727 964 1569 2397 1617 1407 51 2467 3636 4973 2538 4072 988 765 2608 1869 2825 1276 4119 1906 959 3182 2077 1255 2446 4209 4931 3001 2453 1398 1474 1373 3586 2292 4088 979 4724 1555 4937 1369 3407 3313 4898 757 2376 4927 4935 3861 3523 2602 579 471 3944 379 781 4522 3162 2458 3441 3968 2343 895 4498 3864 2579 29 2396 2214 1171 4759 2513 1356 1911 4026 4975 3273 315 2730 4611 3702 4434 20 1416 1140 979 1675 1857 3100 3852 3769 647 221 85 475 2355 4229 188 4388 2034 1845 4779 4561 2083 4889 1727 2442 1362 1610 4586
3753 1531 3354 3298 603 577 540 3233 788 600 4112 4280 4765 2537 4469 1978 4154 4532 2743 661 4954 349 3638 3716 2535 1877 1261 2028 2801 2540 4115 316 4939 2825 4803 2519 891 881 2175 4967 3855 3432 1224 403 3330 964 2818 1520 2223 1133 866 1719 4624 3990 4978 3642 2218 2455 3878 2471 4728 4757 2498 2358 2359 4407 2216 579 337 2710 991 4650 1820 3162 787 3162 1134 4586 2315 1828 439 227 705 4627 606 708 2232 3760 3812 664 3589 1137 835 1287 4221 3033 2339 883 2744 2667 1982 2542 1356 2811 2897 1244 3018 1620 2014 3279 1665 1288 2167 4327 4324 875 1929 4306 373 4091 1446 3295 1458 4966 3298 2547 1829 659 1672 345 1153 683 87 2364 1439 3463 1930 4930 1310 4670 4641 4544 3617 2673 2408 1452 2628 3707 2716 2015 3397 362 3005 4136 1903 2241 4864 1490 2256 1570 2723 3084 3726 190 2925 3732 1338 100 533 1094 805 4118 3579 535 1379 3223 3471 30 3506 4994 991 1755 2026 4715 2897 3652 409 215 3725 4429 4444 474 3752 4242 1462 1521 1575 1058 4641 3770
2139 85 862 4553 2659 1677 3361 45 3537 4523 4441 3345 1066 2314 1907 2552 2494 1988 3129 2203 2734 2425 4062 4913 296 4742 898 2801 2749 2747 4281 2417 2563 4943 434 3485 11 2247 1416 4974 4817 98 4645 3135 2798 3996 3115 204 554 4600 3702 2848 2234 4875 1071 3271 2212 4776 595 661 4161 3349 653 1092 3471 4779 4877 2776 636 4475 1410 50 1173 1636 1003 658 1577 751 504 4585 2824 1676 1714 3383 275 613 801 1674 4959 2668 3610 4656 2103 2171 4104 621 2199 982 2829 4133 159 1193 927 1435 2194 2618 3869 646 2091 1216 4584 542 4749 4606 193 339 4084 3011 2085 4219 2864 2971 566 2642 703 4942 2525 4870 845 1715 4291 575 577 4244 2408 1161 2962 2457 902 3515 3067 3614 1732 3478 2202 2601 1621 2819 225 3858 1143 1509 63 2107 766 122 4360 4542 2261 4890 2914 849 4816 1333 1443 3943 1334 3293 1089 2530 2787 729 861 4484 2975 156 2389 2085 64 2602 4756 550 159 1643 3286 541 2118 3499 1954 2629 3248 3021 2781 850 1735 2450 4497 974 4336 2616
738 3556 360 569 3281 4078 3768 91 4658 4401 2273 2836 1948 4042 1779 2636 488 2088 1710 3954 3709 4907 2708 4069 4816 1643 954 2540 2747 2454 3126 2716 3570 1224 2156 4643 941 2152 1325 2191 2254 4836 1734 1491 2423 162 150 1151 579 249 2839 1096 1733 2514 2501 4820 4097 4021 4878 4254 2537 525 1614 4884 2117 204 981 2059 1941 305 966 115 3559 2428 2869 3805 2707 3995 4751 4545 2831 1360 4412 2773 3688 1754 1243 3239 2273 289 3419 2210 4176 4061 4384 165 4759 2468 2252 1502 897 2879 4615 2413 3832 2776 3368 1460 3898 278 3989 2007 2510 1331 4395 4159 1591 3816 4119 2102 4062 1012 1198 1907 253 1622 2678 1722 3674 1268 4935 2517 4926 2232 4595 4339 684 4382 2937 545 1364 3387 1245 2131 160 4959 4487 410 407 4074 4423 2119 4237 2110 2572 2199 4941 152 247 504 3635 4309 4024 2317 2079 3349 1578 3539 3745 976 1796 1674 2297 1878 3903 2093 2879 4416 2043 3139 552 1074 2109 4674 1106 1175 984 4152 1596 570 3288 4360 1060 1651 1782 2824 3961 933 4148 2617
1696 2112 3319 201 4092 1487 3454 4023 1704 3576 2653 4199 946 3154 3710 2601 3195 3177 4301 3697 2547 4224 3991 38 4012 1195 2161 4115 4281 3126 550 3688 3415 3692 1983 2361 3441 4768 2533 981 2508 1317 1649 2793 2783 3588 4372 4043 1493 965 3162 3602 393 53 368 1884 1690 3651 4353 2740 2341 2827 2238 3345 4216 2284 3788 2326 3487 1982 2337 1033 3019 4462 1241 1786 4492 3919 3800 1648 66 4546 2967 1209 212 883 3102 743 1266 428 2102 4955 2334 1560 1665 4946 131 902 187 2019 1082 451 2878 1800 4977 646 1724 4641 3322 4477 4953 768 2879 1646 874 2186 1061 3457 1440 3212 1479 4949 4108 4420 3329 4137 3664 1048 1217 3819 1780 3749 1999 2026 3149 906 832 2922 3492 3485 2107 3027 2602 3108 1818 2131 4966 1738 432 75 500 3022 1612 1903 1782 3489 3567 2895 359 2537 4173 2945 3549 1943 1646 4818 997 2410 4999 258 4708 429 4604 3698 1085 876 2327 4094 1869 2284 3538 4986 4706 3321 4033 2329 773 1011 2312 3228 2234 876 2994 968 4060 4241 3781 3944 4677 3166
2312 3315 871 4275 380 2457 663 4367 426 3583 1809 3634 1193 1314 3604 4010 167 1363 94 1407 4772 2347 4337 3730 89 1481 2042 316 2417 2716 3688 2810 3538 2449 3830 3747 1716 2611 1606 3549 1819 1558 2637 2709 3469 4301 3962 2542 922 3205 419 3200 3045 2814 1769 4487 2910 429 382 994 3724 4695 1695 4470 4402 2919 2666 190 1167 80 1254 588 75 518 2884 440 4367 4078 4438 3609 1321 1582 3801 3415 594 1884 4371 2828 3072 3149 4386 3624 1452 2589 4771 2319 1862 2290 87 2281 370 2271 2370 1436 1814 2251 2069 783 2703 4090 4346 4751 2992 283 1425 3261 820 1898 3962 663 2983 729 3858 4071 4840 1575 1151 610 507 2574 2008 2294 4407 848 3799 4459 1335 2807 659 2588 1126 1256 2841 3150 3772 2539 1770 688 851 3746 3894 1261 4090 3336 292 589 2410 2267 598 3707 4155 4882 2608 3966 316 3929 839 2154 4828 1229 3134 533 2677 4165 2359 4102 3463 4157 4866 637 2687 3559 2780 1735 3992 3299 3318 1325 3971 3410 202 3611 2892 4290 1078 3282 2791 2426 859 623
3602 398 4310 782 3371 1645 4524 4601 1852 498 4742 4704 148 4025 95 2180 3033 1192 1875 842 379 4642 2295 785 4582 303 1736 4939 2563 3570 3415 3538 3789 4915 3234 2851 3105 4447 396 4388 2536 2531 822 856 2415 3001 4977 4593 4171 1414 3556 3418 3019 3635 401 2145 4099 2431 4249 2227 1978 748 4300 2206 2793 1906 4074 3405 3013 3730 1979 4357 1125 2970 1451 3872 4798 2704 4896 4685 3452 4444 2563 390 2479 210 3938 578 74 4666 1103 737 3429 271 235 82 4950 4266 135 3692 4257 4176 2705 4207 4676 1169 3480 3115 3068 3963 772 2260 4879 3798 1719 4295 2561 2520 2811 1989 3850 1625 1390 1200 3184 3628 1216 4386 3321 2737 170 3172 3320 2108 2846 1455 2892 3897 2404 3004 1976 2839 657 4675 2552 700 1518 410 3586 4600 3773 3706 483 1114 410 4644 379 1228 1282 402 1118 4180 3863 1200 3446 875 4776 4618 4402 640 1259 1962 3890 4955 4888 4222 4615 4850 1344 1648 4098 2077 2472 3809 1288 453 4336 4905 3783 2205 1320 3713 1938 4707 2337 4864 2025 2494 1141 396
316 2280 2915 2254 834 3986 322 1246 193 942 1500 3334 2277 985 392 4805 2398 829 576 3380 3771 1611 666 3414 4221 4549 370 2825 4943 1224 3692 2449 4915 4825 4238 3643 2390 1483 918 622 32 851 4319 2837 184 3842 4287 2567 4702 3989 4080 1205 1129 4863 3077 2205 2978 4982 193 3968 4259 3136 1197 454 2513 4439 2350 1329 3174 451 880 1400 761 295 1227 2148 1952 353 2175 3625 4637 4702 28 3995 3837 1313 2969 4267 4651 91 175 2092 4482 859 4228 458 801 2304 3919 2351 2737 2053 4336 261 1303 694 2591 1420 1963 3270 4601 1046 1490 4492 3269 3210 4259 4709 3602 3983 721 1192 1047 1991 4380 2784 3036 3995 719 3674 4861 4010 4404 574 4172 1141 4003 3387 950 4838 2499 2569 4782 473 195 2141 2120 1889 1073 4917 1192 4184 2866 1929 2365 1747 1136 4521 4641 2393 449 4540 148 1371 2504 3602 1977 4363 471 4985 3867 4404 1423 2986 531 3421 352 64 3418 4652 3500 4126 4568 1763 282 2081 2705 42 2473 1876 1273 4188 3662 626 4635 1172 4390 1640 2829 728
4877 4109 2978 3263 1323 3676 2883 4102 1172 1720 4498 641 4765 1326 4096 1924 3438 1194 3721 2047 23 216 2261 3783 1686 2007 416 4803 434 2156 1983 3830 3234 4238 893 24 785 1635 1175 3609 3828 2951 2072 3720 4199 3196 3894 4436 1653 2716 1973 3272 3466 4683 1028 1953 353 15 4769 4047 4214 1689 3513 1671 4236 3020 547 2737 4105 3185 3813 2624 1262 2728 3049 3756 149 2302 4235 1346 4823 234 2196 2307 2388 2684 4538 2612 4670 4450 697 1353 1471 3509 621 3736 4876 891 1969 1059 2946 183 2230 4251 15 4420 2132 1670 4567 1016 3774 1893 1061 3009 3635 2118 3330 3072 2750 128 3781 1181 1453 3566 2810 4532 2311 567 4054 2895 1987 4058 54 196 3478 2103 3770 2324 1230 414 433 4218 4480 3282 2251 576 148 1389 2287 2487 4672 319 3061 3030 4482 4863 2463 2692 1282 511 888 3736 3132 1614 4958 3253 26 3651 2051 2895 706 3673 235 1736 284 1201 413 672 493 4835 52 146 1536 394 3012 2268 2837 1504 3687 4473 1379 756 1653 2928 133 4189 4992 4098 2082 4005
374 2536 527 4522 3229 4666 4790 1992 52 3992 1238 1746 884 4037 1499 844 1898 649 1843 3064 4364 2652 2906 739 4193 3016 79 2519 3485 4643 2361 3747 2851 3643 24 2644 3522 1658 830 1895 4302 2543 3137 2347 395 25 4095 4372 3656 3051 3387 422 3782 4729 4829 3530 1109 639 3417 3180 4183 2488 3234 1665 3774 2015 3484 1053 712 3046 2165 3123 12 1415 3033 661 3842 458 3404 1374 2622 3862 664 2354 330 1203 1339 3400 2657 3698 3905 3934 1374 3494 1310 4020 2343 3260 1302 880 2922 1601 2657 4550 4922 1907 3387 4713 2258 1394 4394 448 3377 3796 4724 1159 28 504 1888 2449 2535 3155 1126 2431 3559 3246 3576 2021 1407 4521 3369 2761 4302 4750 4825 4080 62 1909 2984 2686 1988 3986 2984 2365 2126 4747 2107 1503 4064 2022 2643 3502 4968 4054 334 292 339 3884 1849 2683 593 1331 3010 2385 536 4318 2128 1213 4989 2414 3396 4938 4708 4880 4349 474 1902 4149 826 4753 2250 690 2380 24 2666 3952 3947 1527 292 2209 4585 445 878 35 1061 4983 2897 4120 3251 2699
1858 4823 88 4368 1453 3716 1550 569 4387 1035 1502 1187 2034 1628 1418 3776 1838 3332 3953 2034 3188 2607 1213 1141 4872 913 4639 891 11 941 3441 1716 3105 2390 785 3522 4839 3760 3572 4310 2049 1222 4980 1134 2184 505 3897 4669 2471 1945 1722 1096 4538 3381 2950 4640 4631 3481 590 210 2045 4715 4433 603 3392 86 3457 2870 4033 2349 126 3041 2255 4747 3500 2494 4526 937 4465 4430 4059 1513 769 3200 3351 104 2711 902 88 3710 3890 3167 1058 3985 3537 3039 2641 3284 1797 4304 3830 2444 2990 3310 4893 1036 748 663 354 320 2776 3946 4569 4221 1286 4287 1964 2721 615 1773 2064 1280 3434 1879 1608 1118 477 4925 3887 4519 4999 1119 694 4303 636 1679 1459 634 130 2571 3987 1784 1094 1922 3379 2847 1711 1043 804 2603 525 3551 4451 1775 897 1538 4540 4741 808 2087 2968 1352 1681 212 1387 1254 1494 2274 2434 1350 871 3369 4434 4652 2256 289 317 4116 1713 2541 2730 4827 4983 3537 1365 437 411 3807 3062 4760 4750 3233 3377 4554 2479 3015 2371 4401 304 863
4698 3016 3867 2786 4109 2439 220 3572 2834 4550 2519 2689 4186 1845 3530 1627 4858 3629 3176 3304 2483 4297 829 1366 2993 3773 3238 881 2247 2152 4768 2611 4447 1483 1635 1658 3760 4427 916 4541 2534 1586 3818 4160 952 1128 165 1023 2030 4148 1873 4561 4445 4073 1830 391 1732 871 1102 2297 947 2529 1982 787 1104 2059 4356 4623 874 3313 2420 1287 504 942 250 3241 1743 3541 1645 1703 4257 472 1420 2865 890 3563 3297 97 4529 3384 965 287 476 4627 1817 2345 118 4554 3283 207 2976 3360 2240 2064 4114 3218 463 3896 4203 992 3199 1829 2901 2319 3651 4747 3864 141 1501 2866 1470 1121 4703 3308 746 1882 2484 756 367 2240 1142 2510 4168 4340 623 4021 218 1356 3798 3410 3125 2555 846 4822 3721 3828 4417 4840 3299 3185 4329 4175 2266 492 1634 1952 4179 890 360 4334 3743 492 2548 433 3711 4535 4434 4115 157 3187 3384 670 1079 2994 2679 4970 20 113 3621 4492 4059 2874 985 2917 2463 3819 1202 3727 4463 4446 2296 2519 4073 2477 682 1860 918 3911 3893 1981
4870 2579 4672 4059 316 3591 3288 1741 4896 1392 1841 1751 946 654 3396 165 725 3115 1841 4625 768 3772 1987 3554 3400 3318 3171 2175 1416 1325 2533 1606 396 918 1175 830 3572 916 2465 3677 2717 2668 517 1480 3676 1554 3393 4524 4777 4468 1140 69 3743 4596 812 2683 4459 2657 3962 2605 3095 2118 4996 1023 995 4373 4514 693 2405 226 3456 2698 294 1316 4790 1430 2567 1450 1477 3236 1727 676 2262 1855 3615 1230 1276 58 2805 3358 12 2517 2189 1789 4005 2547 4549 311 4023 1835 4712 3067 160 299 169 4593 508 1803 2274 222 812 544 1572 1095 495 608 3324 423 4368 2338 222 4170 1928 1091 1265 922 2991 3753 4136 3184 4569 2181 1240 3959 1502 558 428 859 585 909 1050 2782 4682 4564 3264 3865 155 4812 3594 3449 4047 3046 567 3353 1088 2972 2891 4449 4791 1862 2203 2366 2518 2022 4992 1877 4107 2858 108 941 4768 317 1015 2202 4410 3750 2188 62 76 1913 2608 1856 640 1004 3124 2433 2089 4651 969 870 4728 4791 2848 4954 3741 4117 235 1017 176 3617
1573 4574 2577 4967 2816 103 742 551 383 3030 87 4888 1880 2166 2630 272 3149 4453 1944 499 2563 642 1238 1868 559 4153 4173 4967 4974 2191 981 3549 4388 622 3609 1895 4310 4541 3677 749 3357 778 2690 859 1817 1467 3927 1034 422 3940 3858 3193 1039 2065 663 3912 3777 883 1432 4291 4409 1679 2074 4571 4186 2336 3602 2182 614 690 1992 2526 1560 1648 474 926 2735 2376 4818 224 4660 4525 3288 2802 2077 3625 39 4727 4639 889 1662 3151 2003 1684 2584 676 4432 3583 2046 3998 4188 1748 4265 1490 1286 4304 4517 4522 4900 3788 4554 2474 4308 1760 4828 4572 4442 3133 4988 3751 1688 3788 1283 4643 4183 1976 4546 4697 4077 4785 4191 3525 4501 3889 1848 1593 3825 3067 1686 3462 732 4182 2281 1417 4797 3354 1566 1696 4706 3202 1416 3089 1931 571 4032 1918 978 875 3095 2809 362 4555 160 1883 4006 3749 1856 4803 4491 1089 2632 1885 517 1279 1745 4806 990 3898 45 4129 2997 1122 3009 3514 3149 555 2725 273 2409 4958 753 350 3034 3048 430 3603 2115 925 3799 416
3241 4173 3623 2314 1832 4038 4467 4320 4354 789 859 2486 4837 4443 1404 2603 3536 198 2069 3295 2603 4754 1465 3555 302 2040 1503 3855 4817 2254 2508 1819 2536 32 3828 4302 2049 2534 2717 3357 2399 2812 3879 543 4866 3423 4844 502 3275 1260 3853 1771 2934 2057 2353 4713 2707 3473 4288 1432 28 2330 2133 4538 528 498 1174 17 734 296 2005 3992 571 1631 4941 3944 1446 1493 217 590 600 2108 2987 2956 553 1751 2937 648 806 296 2735 3310 1344 3190 4359 4073 1380 3312 1612 3106 2718 4779 526 1989 2344 2281 4249 954 4258 3362 2894 2248 365 4791 3904 2214 4955 1939 3446 2628 332 4032 1886 104 4843 1566 1619 2635 4012 1646 348 1288 3421 1658 4402 2148 4043 2092 4989 4638 2224 2979 1549 1392 2410 4006 4211 1111 4040 3442 4986 2885 1542 1250 4065 1541 3131 3757 1787 4632 383 1180 4743 2350 3741 3779 849 144 789 351 1828 1860 946 3919 1807 3172 3390 1544 3422 3524 3846 2888 1475 2951 606 4888 3587 386 1571 1415 3116 4046 527 955 1917 131 2690 3281 4432 2094
