N: 200
M: 40
Symmetric: true
Triangle: false
4 29 118 114 183
6 188 73 123 57 112 193
2 33 171
5 162 143 11 78 172
6 45 115 1 102 10 86
4 122 41 80 130
4 9 133 155 92
5 8 165 110 44 64
5 50 141 26 32 166
6 53 132 198 68 34 117
4 69 43 149 158
8 14 174 20 71 175 93 191 22
8 190 106 96 59 46 54 25 6
2 127 154
6 36 197 128 3 104 196
3 94 13 2
7 28 173 129 62 91 47 21
7 178 31 61 138 167 30 42
6 60 39 124 48 79 116
6 185 63 187 142 12 159
5 160 17 15 87 49
7 23 131 200 144 19 152 58
7 113 84 176 182 146 134 136
6 75 103 76 194 40 52
3 181 65 27
3 7 5 195
6 66 74 147 98 82 4
5 83 179 55 119 151
4 77 70 89 163
5 56 111 105 177 184
2 137 35
5 168 169 24 37 161
9 90 120 72 85 38 107 189 88 67
6 81 126 18 145 199 164
3 108 192 16
5 97 140 100 186 135
3 121 156 150
5 170 148 101 157 153
2 51 109
5 99 125 95 139 180
3498 1905 4195 2857 4261 4759 4163 4949 1766 2662 1990 3094 2458 2898 3573 2821 1203 4809 3624 3079 589 200 3712 2032 3676 4752 395 764 4150 2925 1332 1198 4970 351 2699 3726 4180 2353 3090 4513 1129 1300 652 4521 173 4669 3605 4057 1651 3110 59 1068 2765 473 4486 611 4850 3720 1480 532 125 217 1848 281 95 2522 4046 1711 709 839 957 2253 57 152 3192 1639 137 1808 2186 1405 1536 240 3165 3947 161 3095 4040 633 3071 2028 1627 1087 1010 954 2718 1717 3165 1834 800 4523 2524 3257 754 2260 2708 798 1517 2684 4383 1454 3257 3808 4605 2132 3011 811 850 236 2031 2548 1541 4923 3644 1097 1420 2525 3770 4165 3002 3026 656 4418 2262 4428 190 4654 775 1990 524 1467 1246 1252 949 3179 3044 2787 3263 4506 1950 2608 4934 3549 266 1547 4686 4633 4116 895 3780 2629 3499 962 76 1156 4511 3986 3237 4539 1947 555 1069 601 4901 2709 4564 1039 1676 4432 3931 1959 1120 1699 3592 3087 926 4977 2418 1642 2626 4662 2359 34 2944 4839 876 3794 4971 3091 1426 4462
1905 2966 1023 367 1694 3712 2953 3748 3172 4742 4647 3808 893 2509 1988 1521 1219 3657 4683 4841 1922 3595 1554 3268 363 4732 4361 720 2276 3055 1339 3684 3628 2840 4311 86 4361 1360 3891 4328 1398 3993 734 3903 3863 3974 3054 2548 4793 1684 938 2675 336 3393 3608 1481 3725 1971 413 2674 2432 670 2996 201 1598 618 4252 2156 2628 1986 100 3060 191 806 1685 1749 593 1135 4168 4908 3330 3794 1996 4394 973 2377 2675 820 4358 626 2561 22 3621 4679 2939 2481 3878 1194 3487 2372 1222 2541 4524 4328 1948 3976 4813 3267 3925 439 3966 4530 3601 3064 1920 641 4706 3275 358 2350 2784 77 859 1700 2720 1365 276 3390 3442 218 1994 1310 1231 746 2813 4171 33 594 1412 811 1883 1382 1967 953 2345 2490 1105 1250 1941 397 3727 2823 3663 288 504 1632 784 4532 3961 2348 1612 2240 4636 1413 2603 1631 4464 1588 2817 4382 180 729 173 1558 1528 2082 714 503 4311 2160 638 502 3197 3868 2662 2956 37 635 4315 1801 4307 4536 2726 1806 3423 531 1597 3360 1564 1581
4195 1023 1963 4890 329 1825 1440 3208 3839 4467 2844 2775 4180 1722 4268 2418 4322 587 1340 3497 1621 387 3698 2855 4691 120 55 505 2689 3415 1767 2765 295 3531 1671 3835 1073 139 2456 1681 1197 86 4625 3169 2271 4730 2431 187 4585 497 948 2139 4983 4607 2023 2815 3066 4835 857 4859 123 4612 2136 1483 17 309 4618 3960 352 4514 1650 3961 2761 4698 4269 1981 4299 1586 927 2015 725 2023 327 4401 3519 2566 2823 654 2529 1995 206 2419 510 2951 4683 3182 3622 1057 3629 1002 2913 2381 4557 2881 3018 2943 4284 2570 4113 2893 1616 4084 726 4206 3279 1865 3969 2111 2661 1571 1624 3612 3483 3320 3743 1480 1655 4738 4375 1759 2174 2480 4189 257 2310 4990 276 2370 276 1395 225 2753 3176 459 1175 1818 178 1983 4259 4748 2632 4826 2214 2546 1305 280 389 3083 3758 1249 212 2216 492 492 2238 2488 1184 2536 3145 256 1568 3152 1544 4484 2046 1206 965 1796 4334 3575 1234 1353 3329 2277 625 144 300 2884 2235 3498 224 3840 963 3901 3933 1243 1358 11 4568 719
2857 367 4890 2834 3019 3855 370 3584 4107 2670 4661 583 3207 3455 1309 1688 4647 4121 4612 2513 3475 2662 2428 3570 2263 3783 1499 1711 4146 1851 646 3803 4538 4115 2902 540 4313 4313 1694 2937 499 1855 3876 4307 4671 2868 3677 224 2423 640 4358 4317 2726 2416 104 875 3241 1286 341 2316 789 610 630 2895 2486 4784 2841 256 3346 4505 269 2268 4522 3505 1198 995 3353 1912 107 2102 470 2437 3793 847 2746 402 2715 2345 93 3268 1035 4683 1476 56 4683 4885 105 2225 1240 4554 1465 4357 759 3593 4219 1091 2165 2013 1961 1584 4332 3510 2392 1896 2765 88 3190 1957 1319 3413 3692 3905 901 3850 4283 1709 2664 2176 4411 3021 3600 4417 3899 3653 3227 3622 3387 1663 573 2345 2944 1306 1466 3996 506 4724 2840 4446 238 4475 1589 3649 4062 964 744 508 4501 1437 3340 4253 3814 513 3599 3566 2165 2058 4077 3657 4134 809 1634 1154 3221 196 2557 3187 1788 837 3958 2465 3493 4463 649 317 2424 3700 3657 813 507 3009 3483 3847 2532 180 2261 953 3148 3225 1806 410
4261 1694 329 3019 4301 2631 379 4736 2573 2576 2061 3114 4347 4151 1959 4951 1283 1131 4879 3671 3285 2758 3096 1834 4544 3872 1314 2016 1580 3962 1845 4867 3924 532 4263 4457 4905 4777 1401 1882 2560 2007 3820 2624 3035 3836 878 1256 3702 4569 461 2768 2222 4669 2875 1518 3478 194 2979 4462 4428 2123 1263 3981 3201 3905 4734 3282 4856 2862 1930 3890 3239 4564 4876 271 1058 3919 2458 419 534 3480 2981 441 3727 1564 351 3101 714 1006 1886 1179 3876 1726 3356 3100 444 4637 482 4813 2933 1934 3912 648 2012 2977 317 497 1521 2012 3294 3957 4408 1721 371 776 3059 372 1030 384 3397 25 4029 1905 480 4898 3861 4388 4863 2314 4753 887 2904 1300 3181 4563 4985 1508 3439 1677 3848 1929 2868 3984 1947 2903 1494 4852 715 439 2763 1312 3526 4309 3603 3144 2668 4978 4770 2586 690 2856 256 1356 2033 2348 4415 4323 1620 332 2859 4974 4509 2536 11 2479 4683 4610 935 4703 3352 1817 4415 4481 921 472 3405 3544 4920 3696 2962 2799 1650 4747 2894 3931 1658 63 4727 4470
4759 3712 1825 3855 2631 727 1738 4603 177 3706 3404 3640 1197 2013 773 263 4827 610 3301 851 3183 1351 1339 44 2693 271 3752 4347 1959 3184 835 1330 4025 3136 2505 3926 1275 128 4127 3627 4555 3426 2871 3172 4703 1948 880 2323 2972 2230 327 979 1800 2406 2959 2923 3987 1153 4262 4274 932 1758 3936 591 1220 461 3086 4466 2678 2196 3617 48 1975 260 3306 4581 3244 273 711 1494 2826 4066 920 623 550 2783 3421 2631 2270 4871 2307 3953 1993 3517 3842 1485 2913 1805 2017 3870 3464 821 2379 2259 1089 3872 173 1649 1270 3534 806 4672 2021 1694 4758 212 2523 1687 2168 3408 2917 4169 3050 1286 3401 3193 3810 1675 3845 2191 2696 2785 2888 4201 4214 2702 4563 1335 2960 971 4435 1457 3279 2418 681 237 2270 4636 2237 2371 319 2604 671 4148 304 699 4515 4209 3285 3079 787 1891 1969 2941 3144 170 3046 2455 4758 3523 393 2738 768 2315 35 4763 2107 992 439 3126 4132 775 100 2283 641 4900 752 2312 257 3508 4402 2934 3714 1417 3560 4993 3563 3840 2276 297
4163 2953 1440 370 379 1738 4954 992 477 655 4704 2229 863 2652 4727 87 4898 4691 2991 3127 1219 799 1158 1279 3903 4891 2601 3048 1053 498 1524 3453 4042 342 3607 1533 4301 1498 667 4467 1360 120 291 911 3763 3984 290 2047 1712 3562 489 237 4970 1168 3055 3370 1815 4011 3841 3265 2830 4424 3460 3728 3171 4792 1983 2500 691 4954 2084 3833 4442 2741 933 1600 2713 2690 638 1875 3959 977 954 2171 2090 4262 2494 4272 845 1366 4815 2858 1814 2912 4895 3476 25 1109 718 4690 2491 3851 702 4385 1185 1536 2239 4616 3010 2187 3945 4003 1464 3352 188 3300 245 909 2873 3530 1646 835 1554 3955 2246 301 4681 1973 2286 2026 2661 616 2497 1665 2638 912 332 2482 2070 1763 63 1728 1108 2128 3313 823 3961 3962 4898 4573 1589 2020 1022 3487 4311 2357 4114 4942 1717 4881 2307 3838 1912 2874 1691 1852 1616 63 1262 3816 880 4893 4338 2956 3635 788 1391 1639 1588 3373 318 4667 3436 2845 2011 722 2098 3633 4894 3296 1646 4745 4409 920 1072 205 487 55 3743 3274
4949 3748 3208 3584 4736 4603 992 174 4526 4904 4877 4358 3251 2248 641 2385 2470 2328 4797 330 292 4381 4265 2798 1016 3884 2349 3073 71 2927 559 36 1876 2707 3150 46 2402 1966 1012 2545 2265 1133 1414 3173 412 436 1991 4799 890 1712 1180 785 2567 1089 906 1379 754 3972 3109 129 1183 3174 2016 625 446 584 1902 3908 1367 2499 2705 1888 3448 3535 2932 2220 4449 480 4437 3381 411 2392 1264 1615 4283 3920 2988 1584 1856 595 1301 4522 464 3748 3383 1370 2334 3995 2661 2502 2141 2603 4828 3641 3939 4739 474 1027 4144 3586 436 3750 3235 3032 4580 2586 4658 61 1379 3117 1832 1013 1600 3733 815 142 2498 2946 3635 1048 3345 521 2773 2527 4500 3177 4171 2841 4485 2712 4586 3225 198 4676 783 1936 1530 4908 1549 2866 1754 4083 4366 2753 4735 4927 4536 3932 3264 4621 23 441 1212 3502 379 4646 3970 4132 1459 3582 2368 3421 3375 1799 3927 1994 262 947 2047 1924 2359 3586 4129 2263 1442 4048 3952 4250 4968 4581 4450 692 1168 3248 4853 4326 286 1115 4112 3128
1766 3172 3839 4107 2573 177 477 4526 3488 180 4947 1665 1508 3906 3931 3356 2283 4847 4035 797 4979 672 3396 4498 3552 37 2248 1233 2495 1296 4950 974 3988 349 3435 450 1567 4074 1598 4930 1553 2183 1501 2272 855 3459 733 2708 4317 2567 3723 360 3820 83 4883 405 1134 4414 2207 1016 4256 2208 4969 1586 1116 333 2549 4266 244 216 4590 1733 2096 1515 2040 629 1323 2471 715 3523 467 4237 4727 2518 4536 2156 2185 2657 2106 4174 3168 3591 4830 2959 664 4958 3588 4488 1767 4063 3314 2620 208 3028 173 171 4336 4712 1127 3005 3086 1568 463 2869 4297 4696 451 3961 708 3379 71 4783 4530 3132 4777 1837 487 2721 3860 2495 2855 193 409 3725 3740 2518 2843 2516 3096 3046 2711 3897 4101 205 4131 184 309 2708 219 1073 4269 2055 3429 1552 2662 1657 2002 1737 4507 746 1800 2285 4075 2292 2536 920 1770 346 2566 2438 2489 1805 3604 855 46 3503 1278 1613 3685 2522 3761 1488 1664 1624 3955 4678 941 2227 734 3631 4456 3841 2355 2550 2901 4617 1904 663 3629 1247
2662 4742 4467 2670 2576 3706 655 4904 180 4025 2411 102 4658 1933 2083 4704 3398 3694 2496 780 797 2640 2467 1241 3795 739 3894 1533 4279 4294 307 4765 556 3321 4809 4049 267 4988 3184 2802 4315 3165 1607 3076 243 199 3705 4749 486 3648 4515 3891 4039 4777 3096 1637 1586 4309 1437 2144 1998 3498 706 740 4016 3851 2097 533 1454 4355 2914 4056 585 2348 1277 927 3587 468 3673 160 2574 1627 1329 17 694 1964 3100 3166 4762 1346 4126 3257 4331 948 4636 1565 714 4064 1269 4273 2840 99 2274 2082 964 783 203 596 4139 3056 2065 1110 2622 1734 2829 568 3155 143 4284 111 3808 3301 1239 3385 493 1914 829 780 3802 3049 4786 1740 1113 1727 3362 4553 446 3915 3476 446 1548 1141 1856 4204 2226 915 4098 3084 41 242 1863 318 4900 4173 4199 1269 4183 4185 2377 4012 1110 3652 4485 2287 2294 1562 2679 3087 4121 2782 4678 4890 3594 4655 3776 4778 2938 2132 2448 3280 1676 646 3909 3835 4675 1730 4269 1012 1607 3894 820 4563 853 2666 57 2999 331 2630 1764 4479
1990 4647 2844 4661 2061 3404 4704 4877 4947 2411 1798 2857 4637 12 4450 1418 2250 4681 2869 4730 1557 3811 1216 3551 2906 909 2698 4278 3087 3660 2950 1954 1967 2439 2772 902 1741 721 4876 3224 2743 596 4815 2608 1200 4494 4486 1297 217 3907 2004 2009 1674 579 4582 2462 2658 878 521 3670 1257 1912 4380 2099 2057 3848 3366 4069 910 1260 1494 2761 1770 2943 169 2455 4350 2738 2356 795 2111 4512 1580 1445 3184 4863 4799 2525 4093 1801 250 4523 1473 399 419 1498 3644 1892 2623 2248 1400 925 608 3548 4305 812 951 528 320 217 4434 2783 1477 2693 4923 4622 990 454 4673 2158 2164 3744 4846 532 1801 1222 2380 2125 4151 4574 2397 4855 3412 3790 1219 2315 1810 3774 4037 1069 1779 2079 1118 2508 3132 3990 1852 2822 3061 2140 3612 1196 4225 1019 3254 3411 4955 3330 3788 787 2114 4309 922 1494 2411 165 4744 4479 2565 1542 3983 4758 3138 1127 3903 1454 1225 3175 4383 3132 2202 4423 1750 1481 2212 362 3040 2044 2460 3404 653 2168 3533 2171 1192 3062 3661 4685 4321 2228
3094 3808 2775 583 3114 3640 2229 4358 1665 102 2857 4310 1155 2654 3479 3312 2747 2019 212 1951 462 2741 4522 1194 834 1553 366 2175 1906 3801 3838 2288 315 457 1655 965 3199 4623 110 2985 1196 1743 2811 1937 3352 1205 4465 356 2607 4754 67 2155 2932 945 1287 2535 3794 79 3647 606 819 3362 2266 1949 2807 4395 1863 1494 4470 1167 419 1694 1485 4219 892 2249 2939 4367 2106 941 1859 4130 3354 671 3353 587 3088 3302 4629 3214 4515 1223 4678 3562 2745 1874 812 2076 2000 3754 3769 100 2540 1634 4061 2918 2801 3580 3012 4322 3505 4819 3922 95 4488 3766 2836 790 3673 1713 1242 3383 1308 2921 3128 3260 4580 3735 3027 3170 4705 2176 2756 184 4772 1461 573 1630 627 4462 4444 4091 2527 124 1683 4081 4027 2789 3009 3145 3797 3021 3790 2536 4082 3094 3790 180 182 792 1743 2619 1277 4831 692 919 2446 3417 2879 989 4524 453 628 982 1875 3733 275 4466 2373 4093 4119 1852 2678 2069 2180 3894 3114 4749 934 2557 3460 3158 2792 4848 4800 366 2243 2434 2596 1030
2458 893 4180 3207 4347 1197 863 3251 1508 4658 4637 1155 3089 2244 3924 1889 4865 4802 2382 2432 1622 3919 941 3755 3251 1925 1356 3877 1855 1601 976 4694 4945 1776 3845 1596 2049 3562 2927 738 4756 887 1029 872 516 2164 2870 3636 2519 4514 1295 2908 3417 1246 4589 817 2639 847 2360 2952 3247 918 3130 4128 3200 3231 355 692 2462 3718 3728 4661 3801 1501 1310 3008 3545 2740 4973 885 1697 2037 2736 3356 33 1461 3778 4647 3141 1684 432 4886 4641 1053 114 4760 569 1684 4187 4024 4333 2776 3027 573 29 137 1264 3003 4250 560 3721 4667 3004 4826 224 4583 1645 284 775 3282 4203 4033 2959 1312 1560 894 4307 2372 44 683 3762 726 1532 2287 2184 2933 1443 1611 3591 1171 2706 83 3831 4973 596 3229 1104 2927 1919 3194 4299 2334 766 1174 4545 4070 4678 2876 3702 3813 473 2765 196 1055 2761 3082 4541 2730 4797 4208 4604 3063 1308 1417 2027 1960 3892 870 1042 4474 3938 3521 4980 3614 1697 3866 4346 1724 2348 3035 4068 1886 1256 3889 4227 4786 1102 3115 399 3544
2898 2509 1722 3455 4151 2013 2652 2248 3906 1933 12 2654 2244 4614 1900 4182 4422 2682 3345 2471 3551 414 770 2997 4432 955 647 3628 1328 1732 1969 157 1087 4096 1163 4383 4992 3882 2139 4859 1905 2005 3512 1200 1030 4411 2744 3962 2222 1735 405 1127 4289 4869 449 3246 3602 2812 4015 4693 3872 4839 2952 2137 464 2673 2106 87 4531 2657 4138 3604 2341 1416 2772 4966 4370 85 1002 2819 2031 1465 3015 3228 1476 806 1992 786 4745 1251 3460 1223 2902 1777 2530 2536 3317 3368 2129 979 63 2859 997 2264 807 2263 1532 4970 922 4800 3625 118 4468 4875 572 2223 4350 2354 2439 4976 2327 1233 30 4812 2506 1426 732 1270 646 1867 4383 1558 920 3227 112 4311 2819 692 2907 2236 1878 3460 2251 1660 3849 779 3987 1444 1471 1428 56 968 4854 4385 227 2456 2159 3884 2323 4473 1161 927 2107 2039 671 4318 1498 2648 1699 2793 43 559 4044 2188 1920 1599 3326 4259 3845 1430 993 1550 3808 448 1759 351 3620 2842 1120 1010 74 3029 992 1506 3705 4242 3891 2591 4310 433
3573 1988 4268 1309 1959 773 4727 641 3931 2083 4450 3479 3924 1900 178 2067 4815 294 43 4325 3343 2095 4985 2803 3939 4424 2643 1736 4159 1715 3664 4783 4436 3023 282 1532 2475 3904 4055 1734 2430 3799 4521 4531 1619 2588 4862 2518 3778 3307 4322 97 253 649 1146 3975 461 2629 3052 1524 814 4083 2197 75 2442 2724 1643 4735 2486 4413 3033 1248 33 2603 3255 1875 2092 3036 2265 736 2498 4628 4161 2274 4026 2349 3982 3234 4963 4676 1700 1636 834 2615 4315 3861 4178 1760 3387 84 3404 4705 1581 1640 2384 394 587 4727 4648 3115 3157 3081 4963 3699 1487 2552 1342 2194 784 176 45 816 2131 4823 2351 4794 4049 1112 2117 4358 3524 402 2419 1592 4784 31 373 709 2767 2049 4881 4949 2171 2471 4462 3635 4870 1297 2627 1178 921 4798 649 923 860 1816 915 3004 1262 1698 4107 1367 62 1945 4974 506 2408 734 3421 4611 4686 4008 680 1094 791 2302 2500 2191 3990 3859 1623 474 3035 3647 1782 3338 845 3957 1999 3699 645 2420 143 4328 476 917 3478 1884 3026 3533
2821 1521 2418 1688 4951 263 87 2385 3356 4704 1418 3312 1889 4182 2067 4032 256 1173 129 910 4827 2665 3375 2237 2462 2916 2040 1123 2789 1728 1357 4902 4112 1884 1242 4114 3958 860 445 937 212 4920 1329 27 2024 2360 413 3681 4728 3033 2111 3477 2097 1248 2072 2388 3990 1979 1788 2223 2361 2337 4339 3488 138 1155 4820 965 1205 2155 3210 235 713 4635 3552 2338 618 1501 1822 3461 3505 390 528 3141 1299 1559 3234 4572 2123 2919 4700 3949 2847 2207 2207 4785 1527 3068 139 3300 688 2599 2575 2294 3902 2899 2710 3041 979 1098 4304 3770 4809 2519 4171 137 1326 232 1700 2765 3071 482 4490 3109 1197 4519 4149 1204 3651 161 352 4548 4390 667 1207 173 3214 2603 2833 448 4857 4912 1432 4386 2177 417 1575 703 480 361 1524 3257 4186 1442 4072 1400 3735 3097 3022 112 3243 907 2465 4162 3040 2058 4063 4640 4095 445 2682 1400 337 3976 4152 3963 4955 4961 4592 4063 3298 2687 1606 654 3409 641 4448 4694 596 437 2997 4480 1142 974 1718 441 950 4543 4160 2958
1203 1219 4322 4647 1283 4827 4898 2470 2283 3398 2250 2747 4865 4422 4815 256 4092 3441 583 4956 3974 4771 3383 4991 1099 3267 3525 1137 35 4871 2024 244 4297 2495 4455 2674 2536 1514 950 687 3278 2254 4974 494 2646 4664 2022 2941 752 2337 1616 3893 2180 4189 4868 3947 374 1646 4362 3395 2652 1072 4484 1333 2470 2837 3147 3426 1807 2430 823 2459 1240 4446 124 385 490 2318 2894 2986 1167 2690 1659 4048 3798 3437 793 2272 3666 1466 1905 1050 2642 293 4395 912 4663 4121 465 4848 1352 2498 3431 484 3393 4391 2709 1447 1500 3728 2933 4403 3349 3854 4901 4245 502 2234 1301 4243 857 3251 2089 1151 2721 1257 2262 1090 4014 4826 4858 2828 136 4491 791 537 2757 4418 1322 2209 3340 2461 590 4060 638 4635 168 3521 1241 4559 369 1185 3629 4935 3027 44 3829 2735 2852 1030 1976 1737 4335 1435 660 2958 1888 4353 4271 1184 1284 1711 4608 1526 25 2861 3611 2762 3464 701 4681 1938 1301 2310 3565 2071 1821 1072 530 3070 4450 4108 2893 1491 385 2008 2529 1338 1374 4308
4809 3657 587 4121 1131 610 4691 2328 4847 3694 4681 2019 4802 2682 294 1173 3441 966 3007 78 3052 4303 2564 4449 1219 2244 4787 2992 2770 1075 1749 2212 1815 4473 4770 4158 948 3829 1791 4555 1110 4913 4575 3187 2603 1470 4520 3795 997 515 4280 2818 314 2094 445 3169 4142 691 3289 4833 3667 2892 405 3203 1266 2108 385 2460 606 4056 867 1875 875 3308 3335 3867 1667 1673 4453 4828 1988 147 100 299 1699 4761 4735 2436 4938 867 1832 2921 1984 935 3104 1857 976 2125 3337 3336 2795 3481 2922 1527 469 2257 2489 1394 1181 4070 1952 874 3787 2746 2809 23 3577 2129 4712 1556 488 3404 3370 3033 2076 2200 2729 2867 371 3358 1276 2668 370 1480 1993 1392 652 2864 244 477 1875 3167 4245 968 4879 1785 2671 2305 3904 4953 3215 2092 544 2670 259 4782 3483 252 1566 1080 1518 4140 2445 2499 3025 4920 2618 3614 1713 161 1463 4506 4454 535 2242 4929 222 3813 3324 2756 33 436 4124 2688 3585 4273 4072 490 1756 310 153 2049 1341 776 3515 3174 4430 2540 4363 1128
3624 4683 1340 4612 4879 3301 2991 4797 4035 2496 2869 212 2382 3345 43 129 583 3007 1206 749 2489 2890 2049 3604 1092 1472 2021 2673 3457 1001 2752 3576 273 4907 2469 4629 2998 2244 4971 3055 2517 2869 650 1592 284 2605 1339 4340 4733 1531 411 3057 2119 862 2749 3220 3435 1040 581 4197 238 932 889 924 861 1856 2338 422 1534 3959 3269 313 659 3186 4712 44 4248 3027 3419 1381 4491 4509 4413 2956 905 128 2233 3698 3947 2625 3021 671 4741 2668 4563 1921 1115 824 1345 1530 1699 3234 2361 688 2458 4185 4108 4648 3877 4769 2728 869 1220 4432 4454 1378 997 2418 507 589 1853 1994 2081 2438 1033 317 1211 2787 3366 3839 2131 888 455 1814 368 4559 4118 40 2172 938 210 2544 1277 3965 65 4937 4062 3627 946 422 3018 925 3430 3669 3854 2953 735 3544 2959 2082 2314 454 477 1830 1568 1908 587 590 2682 530 2910 162 337 2741 1094 2461 64 4826 2250 2368 647 1735 1712 515 222 3681 4483 3079 3095 2966 1241 2566 1887 4877 3738 4161 1219 3703 272 1446
3079 4841 3497 2513 3671 851 3127 330 797 780 4730 1951 2432 2471 4325 910 4956 78 749 1613 154 1352 1313 4624 60 3825 3516 4211 159 514 4074 327 3096 464 2159 627 416 1915 1643 4479 133 1787 3806 4060 2294 228 2644 3296 3413 284 1369 800 2462 3589 132 4126 4147 98 1844 671 3868 2130 2532 205 3449 3478 259 2677 487 2348 3015 2213 4678 1619 3478 3053 3401 498 4508 2973 1972 4031 1423 3025 3374 2277 2240 1724 4397 373 2896 779 1236 246 4642 3660 1898 4843 3473 4063 2558 3692 2395 2927 3629 3527 3437 2692 2180 447 589 927 922 1630 2487 4397 754 4915 485 3548 1168 2618 4826 2733 2944 90 3383 3877 1499 3838 2345 877 4211 2992 2856 1634 1919 329 3500 870 2598 3470 23 4494 608 2704 1037 3573 2912 2120 3234 2733 1850 827 2699 3759 3029 3408 2230 3731 1268 629 1961 2565 3468 3768 3143 3761 4337 3338 696 537 3125 4482 4983 4748 2661 2948 1940 2606 12 1376 921 3839 3465 1282 4487 1736 3985 3410 3716 630 4324 1807 1019 2460 3893 1851 4554 3882
589 1922 1621 3475 3285 3183 1219 292 4979 797 1557 462 1622 3551 3343 4827 3974 3052 2489 154 317 4760 3626 4436 2660 1342 4508 1505 2944 3769 3696 504 3175 1426 132 1020 2072 751 341 2655 2178 2733 381 408 290 1448 2456 4000 2168 3066 477 71 1700 3418 63 3907 3450 1332 2049 2961 859 3712 4440 1605 4229 4102 1045 1921 149 754 3810 3164 3690 1492 4540 534 2828 2933 4682 510 3156 1372 2543 4921 417 2490 96 1955 2260 2280 2984 3052 4751 413 4020 4648 1930 719 2841 3915 2785 4129 2150 2896 867 4267 2808 3770 961 3096 4314 3858 203 4288 3989 4634 4812 2830 3323 3898 2804 444 1854 1543 3309 1853 4612 4840 1438 394 2645 3343 796 670 2707 852 3502 3069 109 3761 685 78 4515 172 3448 182 594 1666 4185 1538 2820 3712 3362 4242 1827 3869 1664 1137 3509 1909 3035 1437 3146 3729 4936 2838 694 4197 3073 3041 827 1931 2346 2086 4026 85 2715 4392 496 963 3381 2065 548 3656 2234 2200 551 652 597 2226 2950 68 1651 4477 2897 1514 3925 1424 3478 1209
200 3595 387 2662 2758 1351 799 4381 672 2640 3811 2741 3919 414 2095 2665 4771 4303 2890 1352 4760 3247 4834 3298 4040 3312 302 4733 3056 2834 773 4615 4778 4652 3973 4185 1533 472 2944 917 4813 739 756 1618 3186 2359 1590 3759 1513 393 2528 242 4952 1625 4577 2612 674 30 615 4286 1251 4305 1632 4227 963 4393 2201 3387 677 1313 3263 3819 3603 3545 1406 4255 3352 952 3759 2808 902 3855 3723 2815 3695 647 1857 696 3407 2619 2110 1191 543 4265 3066 1365 3335 3341 2184 93 4303 1936 1375 3031 1392 2918 2641 1817 4451 4594 2538 3892 1387 797 838 1878 4984 3608 517 917 1998 4888 4154 3864 4040 3335 147 4584 2500 1897 4102 2290 2084 1557 922 37 2586 4498 2686 2107 3469 4207 4000 972 4366 3946 4866 1161 4790 4735 2065 1789 93 2011 3667 1490 4155 1220 4380 4838 2815 2564 4312 4035 4041 2451 4965 1390 1662 3060 2384 295 1282 2377 1135 3760 38 2548 638 667 3746 869 4611 33 4445 2107 156 1652 3825 2721 1344 3186 3070 4820 1520 4258 3225 1002 4903 382
3712 1554 3698 2428 3096 1339 1158 4265 3396 2467 1216 4522 941 770 4985 3375 3383 2564 2049 1313 3626 4834 1143 3727 3328 2138 3192 2304 1749 1783 4109 4348 2569 4494 4426 3384 3184 2137 167 1164 432 286 1961 2281 2414 137 4264 879 102 1685 4604 55 73 4823 4277 4907 3036 4603 4369 4639 137 4078 1737 2289 1298 479 341 3420 1281 4714 2570 3905 1018 3329 2149 2209 1926 2888 3924 277 2566 1955 1998 3608 4144 1686 1823 2417 4183 4502 792 1149 1565 3468 173 2895 3844 2879 3810 4554 4272 3860 474 3848 3256 3524 2098 1527 3084 4782 3653 871 2674 4900 4568 836 2743 4422 2889 4090 3921 2573 1826 4718 717 821 2318 1606 3467 4395 4516 684 1720 1602 85 3279 611 1889 2529 3470 4320 2682 899 3705 237 317 3868 1414 4253 1678 4066 2158 1557 840 2257 4651 3738 733 1354 2584 878 1488 3209 4513 2476 2419 1349 99 4306 1375 3019 3677 4834 2319 4524 4964 2262 4502 744 1551 2717 121 4151 720 4136 69 4733 181 2423 3060 3836 4149 1494 2011 4472 4008 3075 944 2125 4817
2032 3268 2855 3570 1834 44 1279 2798 4498 1241 3551 1194 3755 2997 2803 2237 4991 4449 3604 4624 4436 3298 3727 741 4662 1369 3277 3886 2589 2396 641 3888 1032 2946 1914 3681 247 275 1545 997 2261 2931 4549 3148 855 1667 1142 470 2986 4843 506 4749 1030 3689 4517 2019 4304 1913 3621 2960 4574 3778 1524 4045 2667 2273 1689 4617 1764 4400 552 4920 2488 496 1532 216 3674 1234 1219 4979 1918 3437 3250 1693 973 497 1349 1341 4408 3781 4208 3137 732 700 437 3566 3106 1385 1009 2452 783 4966 3526 1661 962 2389 1994 1650 3932 723 4327 410 4824 3705 2455 1689 675 1008 1608 3747 3268 3849 4104 798 4824 207 4712 1581 3667 2153 3700 3388 2126 820 3608 675 2668 1893 2668 3299 52 4518 3234 14 2426 746 4927 1411 4120 3531 843 2005 2785 2467 982 4528 1683 4929 1189 1431 2817 2127 4624 4560 2463 4949 981 1944 2661 1304 631 4297 4449 3893 2798 3511 2078 3900 2582 1735 4115 2756 1188 2194 4199 1133 327 554 302 3484 3899 4811 558 3079 1559 2778 3829 3349 3809 4419
3676 363 4691 2263 4544 2693 3903 1016 3552 3795 2906 834 3251 4432 3939 2462 1099 1219 1092 60 2660 4040 3328 4662 1081 4923 343 3580 1437 1159 4049 713 4707 50 1985 786 3987 3431 1511 1846 581 1464 4947 114 860 4934 2767 639 2398 2410 542 3250 3879 3938 4883 1428 1824 2025 1707 2415 3409 3619 1741 2218 177 2561 1094 3625 503 1387 2236 783 4302 889 834 1407 1272 342 4445 3986 2354 2962 1657 404 2943 2524 4233 4422 3169 1631 1177 1603 2710 24 2458 1709 4210 1972 3636 1518 1750 826 2034 1115 4963 4921 849 4337 294 1128 3901 3484 3205 4474 3886 4148 1019 2923 1437 2360 1356 4288 4744 2966 1865 692 4802 3209 3903 1543 1233 3656 2749 1509 3083 1083 1616 4508 2030 1719 4377 3388 3739 3734 635 2232 913 4319 1880 2235 3090 1151 2871 3907 2296 1496 4341 4659 1279 218 4820 3581 287 4896 154 3485 144 3609 459 3757 461 4489 275 4442 4651 427 4536 1446 56 2192 2528 3844 3598 384 4815 623 4808 664 98 1799 2900 590 4298 4351 4727 1571 2114 1767 2998 280
4752 4732 120 3783 3872 271 4891 3884 37 739 909 1553 1925 955 4424 2916 3267 2244 1472 3825 1342 3312 2138 1369 4923 2924 4853 4702 4631 4131 1028 2350 2761 2252 3027 3496 4421 4403 2861 1498 2247 193 3092 2034 4698 4002 3371 4579 2946 4276 4444 102 884 851 825 109 1920 1546 80 286 4156 442 2791 3301 469 3079 443 3117 1301 2044 3062 4494 1440 1729 2223 28 4545 1081 2579 4947 3945 4468 3168 2054 2039 3689 4169 2660 2253 2728 1887 4795 208 1716 3459 3884 4797 3803 4837 2308 4674 2560 4742 4773 4634 1646 1860 808 3532 1930 3471 2893 1116 4028 2616 2072 528 1789 4073 4972 4949 3944 4128 2467 4295 4890 4953 3203 2222 2785 2525 1612 3439 4645 2321 970 411 113 3161 3153 960 2101 4601 374 333 2585 2690 4858 275 2651 3199 4705 4283 1253 1250 31 814 4379 4169 15 1927 3769 4510 3082 2128 3108 2085 3185 2637 1936 2911 253 320 170 1723 3975 3206 221 3402 646 3084 1184 2928 2242 3190 2736 405 897 863 3146 2627 2032 1261 995 1496 4451 2095 2052 2161 2405
395 4361 55 1499 1314 3752 2601 2349 2248 3894 2698 366 1356 647 2643 2040 3525 4787 2021 3516 4508 302 3192 3277 343 4853 2034 4282 3364 4328 3665 4432 4564 3532 569 2774 2535 3276 4718 4120 830 4026 2483 4378 2081 4416 806 2382 1136 4084 532 4589 2329 1972 2844 4036 3652 1795 3534 4941 3057 1645 2677 4864 3215 961 1396 1845 4964 4318 3840 2776 4689 1586 2757 1640 884 1881 559 1780 1987 701 619 2322 1841 4616 738 1965 3436 370 2544 1688 3629 4808 2490 577 1881 377 4058 2924 2373 3370 3213 3485 821 3219 4807 4645 3520 158 4180 2267 171 2045 1405 859 1765 371 840 2797 461 4653 4842 3483 3726 4474 2652 2283 523 1534 3551 3483 2748 4209 3979 40 2785 1260 2599 1959 354 4850 2978 1978 1041 528 3264 1055 3782 1300 2540 3521 4278 2814 2487 919 1416 4962 3127 3171 4261 1194 2165 3092 45 2152 4385 4694 4302 3121 2053 1974 4590 4329 830 1535 2175 1310 3176 340 1803 2396 2561 4699 3433 2166 3493 2062 2983 4036 3389 500 3075 1800 1604 2432 1775 963 1729 3018
764 720 505 1711 2016 4347 3048 3073 1233 1533 4278 2175 3877 3628 1736 1123 1137 2992 2673 4211 1505 4733 2304 3886 3580 4702 4282 4445 4843 2173 1158 3828 630 450 4696 2612 4719 1415 1828 3630 2603 3385 79 1792 2696 3955 505 1743 1734 2252 1964 1884 1977 1378 653 2680 3508 1344 2140 3053 3400 3108 113 889 218 4372 3853 2521 1939 3728 396 357 1125 2806 352 2145 3901 2494 3541 2541 3536 3304 3989 4420 166 3065 2296 4856 1008 4698 2530 4308 2484 3934 252 4533 1310 815 1931 3813 3158 3116 3806 1075 4194 4135 3747 592 2859 2468 4228 4665 3697 434 3475 3964 2769 950 511 4318 3309 3721 2409 3499 620 228 2212 2367 697 352 2049 3424 1698 2110 2197 1986 1753 418 3430 4081 4236 664 3250 710 1726 556 3257 3722 153 2286 424 2975 4994 3506 4528 3620 1978 4255 2163 1943 2210 257 1863 2440 2315 3600 3976 1722 1941 647 3902 4339 287 80 2291 2208 2698 2576 88 1559 1485 1257 4645 2696 4013 30 2854 2045 1626 1147 70 3596 1556 3918 2055 866 1418 4435 1359 1857
4150 2276 2689 4146 1580 1959 1053 71 2495 4279 3087 1906 1855 1328 4159 2789 35 2770 3457 159 2944 3056 1749 2589 1437 4631 3364 4843 869 4197 4248 4625 1506 2492 1186 2375 2645 3990 1777 1938 1685 2482 4785 1319 1199 1803 2013 2736 3217 4448 3463 445 3636 1029 2030 3444 193 4777 4760 1882 1702 538 1665 3140 3448 2351 3259 4446 2912 3488 4712 3218 4916 4269 3285 4268 2810 758 4928 4386 1075 3344 3996 1647 2568 1980 1502 3475 2795 4984 2224 2379 3116 2688 3970 2157 549 2657 1242 1697 3614 2463 4810 4755 2742 1072 281 4053 1356 2540 3272 4333 4185 4419 4205 2173 3440 501 1351 1868 4632 3471 1371 3831 508 3170 4192 3147 4217 3276 3907 968 4313 504 2140 3976 1487 3465 1957 1255 3999 4426 1513 4829 3957 31 2834 594 3871 1700 3884 4553 1055 2134 3580 4867 1251 3957 4523 3892 1502 3329 2571 4080 1618 3765 175 4958 3649 1628 3977 1948 2179 1141 4259 4149 3904 4544 309 1590 4048 932 2005 258 1978 4149 1261 1420 2727 3314 2000 4393 4755 637 100 3748 4972 577 3835 1686
2925 3055 3415 1851 3962 3184 498 2927 1296 4294 3660 3801 1601 1732 1715 1728 4871 1075 1001 514 3769 2834 1783 2396 1159 4131 4328 2173 4197 224 872 1013 474 48 970 4662 2173 4815 3361 1366 3895 1626 192 1892 1209 3869 3159 1784 2504 1380 952 4966 1136 3759 2910 2980 904 3154 4275 1360 657 4514 787 4503 1794 3373 1771 1615 1327 4606 328 329 3931 867 3259 581 2772 2135 3824 4926 2442 1415 1572 4129 390 1169 577 479 3735 1032 2737 2648 1190 4168 4986 1623 3171 4252 3123 1437 3209 3804 2026 2003 143 1230 58 4974 2866 3888 2076 1518 2311 2335 2140 2621 1122 1230 322 4389 628 3245 2567 869 4941 330 3964 2395 2283 3269 2595 1610 2851 1070 4425 2094 3051 1727 529 4468 2466 1450 3416 1129 965 4021 3622 4667 1535 3917 1531 1153 592 240 3955 3056 227 1131 4389 88 602 4588 4544 3007 772 2600 4780 215 2408 4625 2294 4087 1658 2900 4626 1991 1202 4452 2905 839 3735 4683 1736 2212 3383 2636 1759 3495 3996 3102 3977 1517 2518 4842 4613 3917 1313 2795 3770 2994
1332 1339 1767 646 1845 835 1524 559 4950 307 2950 3838 976 1969 3664 1357 2024 1749 2752 4074 3696 773 4109 641 4049 1028 3665 1158 4248 872 1827 775 1888 2096 2484 3014 3882 2430 4950 66 1358 401 2456 3677 368 3159 1238 1570 186 3206 2720 827 1477 4792 3198 4306 1032 3233 104 4976 1515 3727 3203 1330 105 2159 4632 116 4621 1226 1788 1247 163 3265 1900 42 4586 865 4526 3784 4278 385 3500 2799 4789 2185 4315 4045 1160 3516 3590 1427 886 301 4471 3238 756 1840 3682 4071 2258 4822 4333 2767 2817 269 2906 3089 2271 4972 4822 1022 727 2178 1666 463 652 1408 1841 2158 2251 1115 137 714 2902 4707 3088 1540 3029 3961 118 1286 3186 1694 2245 4418 1054 2458 820 2562 2492 4674 1549 1987 1029 2776 402 3703 4996 4967 3456 3254 3722 1995 445 3459 3096 2428 2693 2936 2842 857 2821 3917 3399 2152 2562 1033 1522 2215 2660 923 194 3798 921 4195 937 1186 578 241 596 141 3722 1161 2493 1478 321 1511 3684 2895 3636 2480 3855 256 3192 1401 3724 72 3191 4585
1198 3684 2765 3803 4867 1330 3453 36 974 4765 1954 2288 4694 157 4783 4902 244 2212 3576 327 504 4615 4348 3888 713 2350 4432 3828 4625 1013 775 3786 4315 2150 394 1268 3478 2743 3635 3243 2031 4016 3688 2859 344 4109 2865 1407 1698 539 1353 682 2135 4358 1592 2694 305 4886 2681 4986 4305 2210 2593 4944 347 1179 3669 4116 3448 4437 2410 2243 3907 1103 973 1826 4210 2535 4032 237 2252 2671 3152 1282 1039 41 2444 152 2413 2786 3095 4193 1774 2496 2770 2340 2293 3963 4173 393 3767 3422 2900 4895 1128 67 232 729 4530 2126 3049 76 3019 1206 3779 4381 1802 1894 2678 2298 726 409 2020 2961 1457 3388 1698 373 1915 4442 2247 4857 1185 3577 583 2178 3173 2046 2449 689 2032 3990 198 1788 4518 2584 3096 2981 1926 2048 4635 1869 462 1365 3918 1379 2919 2575 1058 606 4478 2576 4676 1469 1335 4518 3266 4578 763 3678 1410 336 2049 1955 931 392 3854 3527 3166 1585 991 4159 1919 3210 1909 4817 1740 1463 1386 1586 988 578 527 775 759 2455 2954 3747 4459 4742
4970 3628 295 4538 3924 4025 4042 1876 3988 556 1967 315 4945 1087 4436 4112 4297 1815 273 3096 3175 4778 2569 1032 4707 2761 4564 630 1506 474 1888 4315 1975 2152 1961 935 1946 1776 4734 1908 4806 3189 3785 2079 4485 3092 1188 3352 1307 1905 4414 4232 4711 2794 4516 860 678 775 1124 1245 4730 2770 3551 2398 1240 2607 620 1683 1817 3043 75 2331 2031 4176 2564 1458 4866 250 4646 4200 2829 4249 2309 81 3041 4658 132 3897 2021 2028 2903 3142 2104 3577 1796 924 1133 1887 343 1626 1602 3204 2812 4622 3719 2137 368 1083 1703 4407 2285 1057 2477 3729 4696 4562 1637 4567 3185 1011 73 3417 3627 3592 549 3079 4471 4071 2898 3802 3115 32 301 2022 3197 604 2830 4952 3814 1205 1204 628 678 3186 2488 2001 2459 4001 86 1597 2984 918 1914 2395 1524 2800 4638 3513 3209 270 2249 1570 3687 344 3938 4079 3425 558 1061 2214 1284 4201 3655 462 203 1530 2865 1083 3748 1644 3540 1161 3810 1426 1892 4561 4328 3494 2447 784 1753 2793 500 1486 436 2255 2048 2184 4142 1569
351 2840 3531 4115 532 3136 342 2707 349 3321 2439 457 1776 4096 3023 1884 2495 4473 4907 464 1426 4652 4494 2946 50 2252 3532 450 2492 48 2096 2150 2152 2988 4376 4533 718 966 830 2430 4111 1669 2372 2329 3483 3348 1147 2455 2995 2834 2231 806 4232 2824 2488 1308 3668 2556 3603 1044 2600 899 3480 415 2438 818 492 4533 4109 2617 4989 637 2886 3305 2625 781 4503 3365 2997 1111 3435 4162 2980 2243 961 1321 126 3676 265 1060 670 4066 4776 2871 1245 2611 1711 72 1427 2059 1549 866 2611 3602 2245 4684 109 3185 575 3741 2086 4661 3837 194 4630 1900 1285 4183 2010 2699 3582 1641 4299 2425 1517 1838 2745 3078 2701 2891 2278 1969 1616 1297 1136 2704 3895 2538 4576 4702 4042 1025 4183 3869 1421 1705 1874 1951 4095 298 3517 4454 4607 3178 3390 2062 4054 3184 4694 380 3986 3829 3312 1544 419 3448 3252 4811 3298 1183 149 684 3226 212 4166 1931 1778 1143 3110 532 2241 1508 2049 2287 2783 1407 4648 1041 353 4557 3538 2960 677 3056 924 2020 3084 4734 571 4257
2699 4311 1671 2902 4263 2505 3607 3150 3435 4809 2772 1655 3845 1163 282 1242 4455 4770 2469 2159 132 3973 4426 1914 1985 3027 569 4696 1186 970 2484 394 1961 4376 1974 4408 3089 802 2581 1060 1998 2613 573 3405 702 1412 724 1906 3622 823 3408 874 2952 160 2354 2862 4392 1402 2186 4882 2653 3955 2492 1842 882 156 3941 4162 2444 925 2617 939 1100 1965 2871 3595 2352 2748 273 3929 3534 1277 2522 3971 15 313 2170 4041 3572 3908 1437 1144 825 3095 318 4970 244 2301 2742 1706 4450 2559 381 3276 3189 2130 3108 4896 3059 2716 4986 3897 133 4461 2604 1717 567 2719 487 665 2397 3842 393 4964 4621 4392 1575 4761 3065 3479 1207 4682 1053 2423 3697 4963 1430 1343 2679 177 993 843 3377 4214 838 455 2378 2294 747 3567 1157 3829 2210 4166 3040 4579 1963 2458 4137 4713 4746 1360 3323 1611 352 596 4594 1306 4738 1535 3485 2168 3674 673 1000 341 476 4017 663 1156 4094 95 672 1548 2611 519 743 4565 1510 1070 25 153 3906 4485 158 1950 3078 287 2591 2559
3726 86 3835 540 4457 3926 1533 46 450 4049 902 965 1596 4383 1532 4114 2674 4158 4629 627 1020 4185 3384 3681 786 3496 2774 2612 2375 4662 3014 1268 935 4533 4408 3416 4776 872 813 1357 2227 359 4640 4962 2479 186 30 1535 281 3653 4829 4406 2116 1912 1903 672 2838 2392 427 2145 2419 2265 1735 2529 4659 3573 483 984 455 4311 4109 848 3703 319 4329 3961 2057 2543 3136 4579 4363 3633 1209 1113 4576 1110 4047 3799 2314 3451 4542 2870 2388 812 4748 3978 1217 609 4689 838 802 17 1809 2691 3549 1394 811 4847 1847 4104 3959 332 3749 2626 785 3803 4014 734 965 1793 3816 741 3181 1270 3482 2294 1252 4049 3347 256 3717 1457 377 3799 3987 286 501 642 3130 490 3438 3670 2155 1905 2253 741 2685 3143 864 2970 935 294 3455 3058 1342 3349 2880 2631 536 4803 1527 3557 1623 2683 165 2056 1754 3351 3859 1775 1699 4140 122 4509 2708 3262 612 67 443 3388 273 875 3452 1075 1360 3765 2229 1636 4141 273 3770 2710 3432 1341 2857 2026 4849 433 1037 1253
4180 4361 1073 4313 4905 1275 4301 2402 1567 267 1741 3199 2049 4992 2475 3958 2536 948 2998 416 2072 1533 3184 247 3987 4421 2535 4719 2645 2173 3882 3478 1946 718 3089 4776 1677 4398 3784 4176 3625 1818 1189 2247 1812 2075 1475 1698 2563 3809 1295 2484 3525 4331 3174 1130 896 1186 2986 1231 2776 4785 830 1276 2887 2662 2985 1021 1780 4455 2843 4208 292 3748 3085 3187 4751 481 1938 2591 1185 4660 2605 3216 1026 3150 4839 2934 92 1775 3795 1775 208 2296 2278 4826 1882 3192 1969 4674 3548 4660 2722 4397 1387 3061 680 1734 2304 4052 3721 1095 56 2390 1695 726 4106 605 1416 1923 70 1520 3496 79 1043 4331 4558 1144 1042 3684 1340 4250 2324 2306 4023 4244 3988 3214 3794 551 4873 1568 4594 905 2626 2536 2065 3648 3045 2287 41 822 771 4485 3385 948 4400 2521 4185 4695 2028 4146 2973 2815 3666 2338 4133 2791 845 4321 3237 4464 2730 1736 4432 4948 4795 1220 4884 1797 1609 2771 1207 1124 4578 2179 862 3415 4088 964 3953 884 4998 2906 2124 3520 1943 431 4266 1830
2353 1360 139 4313 4777 128 1498 1966 4074 4988 721 4623 3562 3882 3904 860 1514 3829 2244 1915 751 472 2137 275 3431 4403 3276 1415 3990 4815 2430 2743 1776 966 802 872 4398 222 1852 3156 1903 784 2344 984 4128 1880 927 274 4076 1022 2538 1197 490 2586 2956 698 2577 689 4889 4111 3695 4691 2873 3829 2996 4032 3237 394 2134 2170 2168 3881 3025 2372 4424 4496 241 4000 3952 4776 3841 2252 3394 2796 4416 4819 450 3118 698 2675 977 1529 3354 2015 828 4929 3420 656 1258 1632 4577 1934 3489 760 1706 98 4018 2572 2878 1956 345 3498 3857 2849 668 668 2557 2953 181 4456 4571 1233 4852 1632 1694 3413 1334 4049 2480 4221 1161 3626 4597 187 451 2979 3851 4234 2511 4096 3488 3932 56 2252 3770 3600 1962 3036 380 2780 866 1564 784 1823 2796 1073 1971 407 1333 3681 2001 3463 1531 2622 1590 4994 2186 244 1670 741 463 3882 4031 1391 67 2704 1071 2942 4563 1943 536 4866 2847 356 2427 401 3547 227 22 4146 378 3329 3074 4160 161 3827 1966 4696 1413 4090
3090 3891 2456 1694 1401 4127 667 1012 1598 3184 4876 110 2927 2139 4055 445 950 1791 4971 1643 341 2944 167 1545 1511 2861 4718 1828 1777 3361 4950 3635 4734 830 2581 813 3784 1852 1613 1773 3402 2065 1518 3882 1742 2898 1307 2082 3551 4174 1718 485 1117 1897 65 2462 3361 4453 1520 3797 68 4068 1887 1322 3470 495 225 2649 1866 4205 3794 2093 3816 144 4976 3260 4031 937 2080 3691 1405 4686 1088 1051 3364 4560 2605 2032 985 3610 4405 4669 3081 2293 3472 3340 4446 2662 2317 826 268 4117 264 4657 3877 2113 587 220 2964 2104 2294 2611 4927 1370 4636 2737 2691 2725 3924 4679 2814 271 1602 660 836 4450 895 3249 4826 1179 4129 475 2546 2029 3385 86 4969 888 3664 2222 1205 2492 2981 2666 3414 798 4054 2327 1590 2085 2855 1644 2887 2077 141 2177 2710 1554 2449 3048 1875 1991 1391 2400 4546 4654 4782 3044 2684 4598 2715 3758 1363 43 3762 3776 849 3314 3862 1587 2915 2807 4407 2301 588 4315 1686 2030 1884 2701 959 3941 4960 1935 2625 3615 4482 4781 4268 4396
4513 4328 1681 2937 1882 3627 4467 2545 4930 2802 3224 2985 738 4859 1734 937 687 4555 3055 4479 2655 917 1164 997 1846 1498 4120 3630 1938 1366 66 3243 1908 2430 1060 1357 4176 3156 1773 1801 208 2261 73 1251 4149 802 3583 3796 1098 4714 2286 1239 990 1902 4656 3279 2848 3749 2185 3664 2924 1564 4102 4148 3140 2262 3134 1993 2579 4375 4299 63 1750 889 1063 772 409 68 1801 4326 567 4610 1569 1465 3259 4249 2891 1185 3365 1629 1707 1040 899 4883 3795 869 2595 4103 2779 2325 3458 758 223 2002 1653 1916 1744 2968 4480 702 1266 2906 1073 919 1853 4422 2166 3679 1020 853 3177 1269 33 3595 853 2313 2506 2022 1372 4023 2678 3037 3804 3203 2136 324 2832 2271 621 2003 2257 2623 4075 3963 2176 121 3213 389 818 4012 3466 1730 2807 720 3744 3015 447 4915 700 4056 1956 574 1526 938 2533 429 2955 3268 1655 2555 4911 4727 488 2370 3431 3682 1954 3006 3582 4218 3577 39 1336 1330 3592 2298 600 2472 4178 1959 1396 1140 1295 4375 1232 673 1637 4811 332 4716
1129 1398 1197 499 2560 4555 1360 2265 1553 4315 2743 1196 4756 1905 2430 212 3278 1110 2517 133 2178 4813 432 2261 581 2247 830 2603 1685 3895 1358 2031 4806 4111 1998 2227 3625 1903 3402 208 1932 1794 1579 1009 1984 792 2129 2157 1969 4988 4085 1695 772 1265 2316 2828 4598 3519 4142 890 2230 607 3189 3763 903 2788 2722 2421 319 2887 593 1760 2784 4771 1284 4922 2325 2315 931 1190 2898 1773 1710 397 832 2812 196 2945 82 2669 560 2566 1683 595 2380 4162 1247 1765 3933 2008 3534 1356 3394 1667 4770 2174 2323 3343 2693 2769 1882 3218 2349 4752 3755 4765 4313 1225 3477 3822 1204 2233 1918 3234 3548 124 4364 3602 4419 910 315 699 2133 3131 850 1625 3486 4845 4819 1385 1854 913 106 2998 233 2470 2479 4179 3357 4498 3731 1732 4141 3493 1494 2603 3745 1085 2863 1585 2814 3745 1855 307 4493 4470 2512 2368 2049 2019 1337 2624 401 3670 2819 932 1347 2814 4676 2810 573 3740 4255 4590 2653 4805 1027 4629 1745 4315 3988 1388 1663 18 4486 2055 4225 2659 3339 4370
