N: 200
M: 40
Symmetric: true
Triangle: false
4 95 108 111 70
7 91 56 164 171 57 141 23
4 182 188 84 115
10 106 13 51 50 92 112 142 12 67 71
8 21 197 160 58 166 55 27 187
2 52 161
3 131 138 68
2 62 145
3 93 149 119
2 63 127
6 189 74 116 123 200 65
4 47 80 117 194
3 128 147 9
3 183 184 37
1 81
9 185 136 34 173 190 172 3 7 154
10 17 148 180 96 43 11 107 162 35 30
6 85 90 156 120 153 75
8 165 137 88 151 193 178 2 32
5 41 26 122 61 72
3 175 87 60
8 104 179 132 89 31 198 155 199
3 16 152 78
4 86 82 126 29
9 186 146 177 109 14 64 143 36 99
5 10 133 124 176 102
3 157 196 39
5 45 169 191 83 42
6 174 59 33 113 53 8
5 163 15 98 130 94
5 168 125 97 100 139
5 40 18 144 48 114
7 20 46 77 44 1 150 134
2 121 158
7 28 5 135 22 110 66 49
6 167 4 24 19 73 140
4 159 101 69 192
3 76 170 118
4 181 25 54 129
6 103 38 79 195 105 6
3359 4607 4446 4978 4204 3254 4113 2051 621 3783 492 2216 2304 2675 822 158 4570 3163 3476 2003 1877 2810 2751 3872 1169 2236 2366 3493 63 1264 494 4081 4939 1787 3807 157 2509 3468 2052 4846 4859 4623 3345 3839 79 2657 3979 1532 4907 2702 4688 3971 3807 4352 524 1898 68 2265 2090 490 1893 4997 2726 1347 3501 3438 4918 600 2763 282 2503 3268 906 4974 2154 212 2146 1261 492 1644 396 4460 890 1074 4365 4378 3747 1839 1168 2183 485 1092 2083 1757 3407 3230 4814 3611 958 4392 95 35 525 1362 123 2948 1856 280 941 2744 1833 1097 274 1760 3300 4206 3829 2090 1593 4862 1911 4889 4679 3715 72 4291 4126 2978 1316 1447 2482 1735 3364 1983 4086 34 2305 1000 538 1640 3728 625 2367 1134 2279 2473 4420 314 4435 466 717 3945 720 3339 3994 356 945 3657 3640 4186 2920 1564 4911 2747 4836 1059 271 4307 2172 4498 1984 3242 3124 1168 2244 160 3285 91 1005 3287 4230 1227 2871 1955 4526 4358 4771 1961 350 1539 3131 250 3666 3550 1669 3612 1961 3843 2324 1296
4607 2388 1752 3979 2424 4830 1592 4704 2461 1541 563 4457 3294 3477 2880 3951 68 3345 1046 1175 2118 3012 862 1589 2209 3845 4828 2687 1088 945 670 1541 1704 2192 2982 2810 3180 3607 124 952 3219 290 1098 1664 2214 2960 3817 921 4719 4020 4639 2630 791 81 2421 2202 40 4198 2234 287 1614 3514 1697 3440 2109 942 3810 2848 2107 4816 1226 824 3596 257 3344 1607 2499 3371 3774 2428 2060 3951 1642 3257 1148 4353 126 2916 3256 1138 771 3386 776 62 4510 1608 3667 3524 621 671 3454 4519 3118 3191 506 2322 4598 1065 241 4502 4527 4697 1013 138 2313 4400 3246 1750 103 331 3726 1135 936 4251 3786 3483 3001 4411 226 4837 1326 3779 1194 2311 4903 2693 3726 4288 2781 2052 4443 3125 2176 731 4500 4405 574 4768 415 1060 167 946 3463 4961 1992 775 4317 1555 1759 701 1186 1897 2932 4173 2763 4740 55 416 1851 3170 2586 1093 2666 2076 1412 1717 4438 2380 1182 1362 2721 860 3260 2829 2244 4698 4938 4170 4268 1506 812 4284 3077 669 4907 4503 4439 3332 356 4982
4446 1752 1017 4777 3030 1660 1346 574 1677 4202 2338 2291 4983 1599 1723 2397 700 2849 2095 4977 563 4667 3352 4109 1577 3831 2956 1467 607 688 2504 2936 154 4253 2178 3253 166 1513 2530 216 4179 1434 46 2960 872 2598 3904 1557 3966 1974 3472 4302 3152 358 3899 3633 3127 1368 1104 4580 682 4379 1386 1466 1174 2066 3372 1531 4871 2687 4521 2248 3116 1145 4168 195 3564 4673 4766 3722 3919 2040 659 4619 2203 2391 2606 4405 648 4716 3469 2474 1738 291 1388 947 2367 4886 381 516 2873 1999 405 861 4818 2186 2822 716 214 2216 2615 3981 2336 349 234 884 858 3934 487 1347 2639 2130 1597 4396 1352 547 2793 4191 4402 4597 2753 3611 3770 354 4958 1988 2918 685 4221 2769 3526 4972 3041 4142 589 613 3449 2280 236 1626 1493 3346 2131 626 3874 3903 2230 4440 1399 4775 2781 2802 2722 628 3780 4375 2672 644 4056 3170 3822 3156 1014 19 2335 2652 4421 1065 2175 528 2940 4685 1219 1046 4172 3352 1279 3787 3583 2599 3046 3139 844 2441 1012 1308 1188 2653 1424 851
4978 3979 4777 3096 3141 2398 1075 1725 725 108 1913 854 346 4447 3454 572 366 111 1267 1013 2634 809 1011 796 763 3878 81 2928 4064 2902 2695 1516 859 1149 2991 171 3975 4381 3736 3173 1145 4326 215 3630 4644 4622 1186 452 2687 184 4772 3831 2582 3655 373 1131 3150 3903 4483 174 4305 3207 3366 4560 2780 2895 4725 4643 848 3710 1945 2263 1377 1185 3241 3439 1808 933 4885 3804 560 3085 4050 3109 1646 2665 388 4928 2131 371 4565 4004 4351 3743 3372 3620 1885 913 4700 4602 3811 1977 4313 154 295 453 4115 635 4172 1644 3532 1190 3891 755 2053 1345 1323 3238 4020 3764 3172 4364 3121 483 128 3223 1624 2540 4848 1237 2878 2568 2733 4960 4159 4321 3422 4872 2040 3936 2627 3171 108 152 4504 2688 887 4637 4525 2170 2470 2800 3035 2527 1529 1717 3909 3476 1056 2551 1022 1442 2121 4101 2100 4126 309 89 3698 3683 2109 3764 123 1954 3885 2126 1735 2436 4528 3490 3068 106 4474 2841 43 3285 1412 4316 4466 4449 2373 2765 3852 2957 2283 1073 2448 4415 4201 4083
4204 2424 3030 3141 1261 3423 1034 1018 3892 2379 2698 3409 1841 3936 4390 4439 4000 2718 540 803 4384 3184 463 2760 2901 3308 4772 3483 4116 2355 2751 3984 3114 4461 3701 3839 1636 4393 23 4427 64 1111 551 492 1043 4279 2082 4254 1183 2514 1103 358 1875 101 4552 4712 4283 1227 3144 923 2170 1727 1425 3581 2027 4602 3531 4073 1612 1201 3241 1527 825 4791 652 4932 895 4141 2222 92 954 1236 2483 2290 2616 3785 1333 3834 863 3479 729 238 4951 1919 522 1361 1709 4523 1201 1804 3612 792 1938 3503 1416 3330 4422 1211 3049 2386 4656 2942 4983 4005 4676 3236 4831 1407 4659 1199 1350 4017 1607 2890 4543 2453 911 4485 3392 1391 1381 3564 1652 1998 1499 4747 435 597 3066 2918 4661 4214 831 1666 2751 632 4136 4853 3198 1350 2817 3550 1858 2397 1583 2454 1656 2628 1383 1760 1381 3141 2046 1339 4444 1350 342 4921 507 2742 4474 1436 1011 1966 1206 2328 3290 1656 4049 2858 2227 889 1088 4364 513 4196 734 2316 3901 2168 4777 2747 3666 680 1999 1785 3496 4286 2140 3895
3254 4830 1660 2398 3423 154 4479 1332 2448 4263 409 1705 675 3977 3547 1988 3741 4078 492 76 3705 1994 639 407 1183 4504 3876 1656 1644 2152 1671 2938 4359 1964 3817 648 760 4994 4366 4161 1978 448 484 1537 1347 1970 2374 1715 4230 2534 3109 3655 2268 851 1182 2011 1626 4372 3731 949 4893 4009 3810 753 3439 2030 61 1678 929 3613 2677 1604 2208 538 4455 4097 456 2663 1851 3698 3262 3130 3912 4499 1680 2198 1059 1856 1201 1884 3830 2470 4602 2464 4277 2943 2791 1641 4042 1919 1040 2105 2015 1856 4825 926 1961 3351 4688 2429 4641 845 4804 2792 265 3286 3642 3765 4418 335 1113 2757 4189 3201 3927 2342 1651 1587 3294 4449 4482 2709 1712 2546 1247 4582 92 1611 2869 4648 1288 915 2066 971 4697 3646 2123 3546 4544 2326 3311 3319 2618 830 4460 1522 1700 4535 2731 4898 620 765 369 2943 1536 939 4609 3544 891 3736 1214 830 4312 1788 3012 4371 4517 2970 759 3495 542 3743 740 2663 684 1507 91 4782 867 2411 4590 4655 1318 3537 122 4794 1554 1482 2400 4239
4113 1592 1346 1075 1034 4479 433 892 4157 511 4444 2510 1276 4598 557 4941 3919 4169 3969 927 1325 185 4622 3300 3815 2840 4832 1841 3965 4478 2416 1647 4727 2385 4171 2039 4872 1067 2071 1389 2692 1898 3332 1743 2132 2203 1682 106 2500 1132 1775 2579 4414 2302 837 1173 1615 4485 1501 4739 2123 3746 3627 3800 3063 588 861 3138 1962 1305 4876 3479 2725 4625 3034 3468 1043 2571 2519 2746 1747 82 380 3468 899 4655 1432 3893 2241 1794 2298 159 3141 414 386 3257 1855 1747 3878 1918 4444 1470 3768 417 2281 4985 4189 1068 4648 935 2207 386 334 581 519 4231 1219 1307 3471 1295 283 1026 1227 4529 3551 1176 2357 3740 2786 2965 1787 200 3234 3731 400 4248 1717 2022 4995 3519 4736 4382 4671 3857 1056 3084 4613 506 4717 1856 2045 989 803 3050 2184 2766 853 4654 4327 3355 3491 2848 280 1972 1966 2541 3024 2722 971 277 3042 2234 2789 4684 3588 4175 3024 3174 2495 4756 2649 1024 3233 1587 1743 2631 4505 941 4537 2330 218 4332 873 357 1970 4788 2596 1769 4704 2652
2051 4704 574 1725 1018 1332 892 577 2428 455 825 621 4580 2237 4393 3735 723 3747 2447 2644 4472 1309 4201 3294 1083 2880 2200 4346 210 942 767 866 1064 612 2674 3886 834 4443 649 3838 3685 1435 3552 4620 4527 3423 1061 4800 1524 2716 2580 1163 1094 635 4727 3014 2450 3203 533 331 2474 2758 4329 4805 3017 2963 1969 1756 4416 3527 1774 2038 4428 4181 141 36 3058 1664 2815 4963 1162 2431 3391 162 2299 2187 2445 523 3225 237 4869 4649 2863 3204 3548 4316 2737 285 4969 4530 716 2052 3896 4391 2891 384 2865 850 518 1124 4628 3402 1266 436 313 3950 4515 953 677 3635 2797 319 2002 3337 46 4467 1006 2110 4486 3539 3174 395 4763 1265 2157 4809 4139 3811 4073 2110 53 461 1082 703 3969 3693 583 2034 4163 1888 1008 4825 1389 3216 194 2363 1337 2676 2921 1303 1878 1340 688 4107 3604 3561 2971 3449 2136 2851 1892 2135 2621 4337 193 2813 2822 1391 1487 1103 2520 3140 4252 1273 2238 3888 3632 726 2692 3596 4114 3507 3748 1449 2855 4065 2319 3118 337 2427
621 2461 1677 725 3892 2448 4157 2428 2791 3029 1701 3067 2076 1846 4890 1201 2089 4433 4013 3462 2400 2478 981 1277 2462 1973 2370 1073 2241 1330 1368 2614 3595 164 4001 4056 138 1392 3502 2938 1647 4069 2812 531 208 3431 2012 4519 2093 1936 369 4657 3142 4921 579 2636 2617 2909 1796 2957 1371 2541 659 2187 4113 1776 2343 4572 403 304 4215 125 3967 1513 3062 598 4920 4879 826 3463 3759 1073 3797 3426 4046 4108 434 4732 1386 3590 1754 43 2826 2094 4410 3052 3609 3842 4649 1166 1708 3133 4253 4032 499 3249 3085 4216 4103 1805 4394 463 1139 3568 4626 3712 1965 2540 1881 3849 2093 1076 3827 2133 4440 4173 4149 1408 3646 1290 2807 1855 3092 201 3640 1216 2399 3244 4994 900 661 4597 2970 185 233 2504 94 3979 1286 1155 4322 1776 2182 1949 1823 3239 2853 227 2295 1177 1455 1801 4259 1204 471 2150 4231 3242 4619 1563 576 326 3640 2389 4167 284 1351 2397 4692 151 3241 721 978 715 116 1450 18 860 1627 3984 2654 2270 3611 4506 536 3568 1113 2870 2377 2135
3783 1541 4202 108 2379 4263 511 455 3029 899 1937 2386 114 3731 882 3559 4833 2135 794 1864 71 209 2748 4079 2483 4755 1901 405 778 841 641 609 2235 2476 4034 3854 203 799 926 2538 3159 3693 3963 2186 2893 630 1422 3639 1125 1316 2278 1677 997 2391 1215 3241 3646 1742 357 1332 3909 2001 2151 2325 2451 1400 3834 1466 4171 1469 1052 2272 4017 3668 2900 4412 2856 2375 4186 3948 464 4147 2849 2544 2646 4155 1004 2387 328 4829 2512 4475 4944 773 2938 3099 4030 869 4641 90 650 58 4049 1363 1046 1063 1512 3577 362 425 646 4939 2862 102 4406 1862 4075 3344 1936 3074 1251 4465 3462 2426 4751 2022 4078 46 3289 672 3543 2643 2719 441 4953 526 1620 3528 923 3422 4788 1295 510 1114 3518 1725 4023 3635 1544 229 1570 4480 2258 3919 130 2222 665 4455 3759 2878 4825 4123 2832 475 2940 4594 2197 1410 695 3003 492 18 742 2159 2250 2053 1508 2620 4616 1659 1501 4184 952 2464 2739 3128 3639 1520 576 3663 3465 2046 3931 3081 4570 4827 459 4771 4471 1939
492 563 2338 1913 2698 409 4444 825 1701 1937 1866 4851 293 2635 1397 743 4512 4009 672 419 3843 4827 857 3637 2589 1775 2506 3462 2072 234 2521 3421 325 445 4482 4109 4053 2986 1141 1016 4568 3460 989 1086 820 537 4895 2068 977 2929 1537 3397 869 1871 306 1791 3288 1243 2770 1434 2322 724 3017 3887 4575 3428 2891 1735 4279 2541 2384 4029 3426 210 4509 2667 4553 2175 4098 1581 2967 619 623 3439 2860 119 1515 3609 1382 4488 1834 2487 2577 2566 4889 2467 3735 417 2980 4418 4564 1488 66 1222 1476 2088 4636 52 486 738 3616 4705 105 3402 2377 2733 3701 4044 3046 4393 617 2084 1464 3211 1958 1257 4802 4850 1667 1921 4973 1054 139 2873 206 4877 2430 3015 4890 1827 948 686 3794 4231 821 3006 414 3714 587 2894 1567 3927 2472 1118 2342 4160 3856 2790 2851 4675 2355 4899 4890 4701 88 4817 4457 3576 1665 4282 223 2904 3469 4610 97 107 568 3743 4405 2957 2545 149 953 2523 4372 3256 1083 1430 2535 4344 3787 1215 2404 2489 2863 4969 668 3984 762 499
2216 4457 2291 854 3409 1705 2510 621 3067 2386 4851 985 2418 4850 4778 2510 3047 1103 1774 4203 711 3274 3595 1489 3191 3445 4247 4075 3696 3086 2790 1451 1871 1085 4531 2648 3726 1096 2615 1859 4675 3826 2950 1100 516 15 2126 4262 3994 3927 317 645 1156 669 3954 345 2994 2192 782 417 4088 4473 4122 3894 2122 1876 3632 647 3346 3828 1796 2431 3574 3710 3927 1065 593 1657 4359 2861 1110 4517 2504 1142 3056 4040 1312 3494 3165 137 882 553 3473 818 2465 1126 2527 2356 627 1509 1530 2201 909 4537 3783 3329 1052 3094 831 2858 3943 499 810 4627 3936 141 3602 145 3486 2365 3528 3251 2140 837 4194 515 2341 3200 4284 3513 770 2316 22 2574 4650 2339 961 758 3052 3284 353 3685 3465 4223 516 2558 2185 1479 3235 1745 44 379 4473 4343 2183 1520 1311 826 2801 1238 2685 2072 960 4823 2579 998 4694 2399 2143 2688 215 623 984 4128 1063 1445 1993 425 2058 1008 4318 4138 1811 1868 3215 2615 3028 1638 3658 4276 1314 4309 4836 4793 586 1154 3986 3232 4946 125
2304 3294 4983 346 1841 675 1276 4580 2076 114 293 2418 3366 2797 2988 3532 2305 2554 1068 3458 2101 3895 3335 2157 1269 624 4256 4951 4345 4465 1634 4155 3364 2631 3320 2825 3936 2117 838 4785 4861 1422 2378 2131 4579 4858 509 3647 2594 3297 333 2194 1561 2386 2944 4141 4851 845 4602 1776 1609 3366 1137 3229 4715 2290 4640 4099 3365 4277 2941 3301 2221 3001 1081 3845 2357 626 3433 983 4405 3672 2343 229 4025 3512 4511 749 4591 2356 1232 395 3860 2456 4866 395 1791 3457 1264 3445 1938 4969 1078 305 1646 89 2920 226 354 1541 4281 1383 835 1418 2391 1860 1697 4411 3241 1435 2160 2558 2729 4441 2704 3528 3294 3401 226 4190 1640 2437 4506 851 3444 4653 1591 4753 1920 4302 2259 862 4374 1334 3624 273 4635 1658 1744 2727 4009 2303 3474 793 4692 3475 183 536 2114 1738 1426 307 4346 3245 1161 1768 4909 1694 2490 2731 1416 1048 2545 4782 2401 2838 589 2853 305 2361 4619 2979 2575 3004 4055 4792 3439 607 886 3354 1872 4047 19 2676 978 4060 1949 1388 2451 2333
2675 3477 1599 4447 3936 3977 4598 2237 1846 3731 2635 4850 2797 230 1686 1973 3524 68 4881 3836 4512 1578 4865 3626 704 1187 1369 4697 4170 3156 2437 2716 1406 4040 3349 3114 2232 4378 4367 4191 3154 1372 4834 2013 4702 3273 2414 1414 4882 3110 3676 569 2434 1857 2768 1279 3948 3956 4807 2356 211 2003 1381 2609 2947 4185 1226 124 552 2724 3478 2301 3293 4539 2984 1807 1083 1357 4613 3916 4071 3495 3924 306 3465 2011 298 3520 1095 4008 1859 775 2346 3284 705 3669 4183 2336 1268 4780 949 94 2412 536 916 3562 2606 4264 933 2156 3449 1474 649 679 573 2642 3743 1537 3588 2409 1098 1702 3544 3935 4156 3625 2222 646 3667 629 3716 3233 820 186 1240 4002 3215 3841 187 340 1190 4944 4103 1841 1390 195 1479 2812 717 1453 2629 2291 597 986 3776 1326 2318 4299 4306 3336 2146 2126 1952 932 3139 3753 1513 3592 3527 2440 1414 2493 590 918 1287 2027 4368 230 4941 3186 3822 3455 2026 1130 535 3785 3313 4439 3539 1553 435 3183 3143 3534 4687 2192 2158 1475 1544 2051
822 2880 1723 3454 4390 3547 557 4393 4890 882 1397 4778 2988 1686 2526 3878 4009 3237 2639 1974 1915 1996 3797 2860 2942 3716 2085 2807 3999 3961 2521 4009 4232 618 2244 2573 4868 348 4975 1125 372 4029 2723 2180 4409 2781 312 4024 2560 156 3415 347 3739 2677 325 3001 3899 2424 3179 4114 114 2372 1941 4699 2405 1282 228 2536 1917 800 1309 1750 3005 1552 3557 4845 3535 159 3387 3152 3238 4653 2139 135 4434 2194 1393 3881 4547 847 2807 494 1124 3720 2616 31 2858 1925 4916 2271 4678 2478 1190 138 4026 3956 616 3046 519 3423 3830 1118 1868 876 2862 4414 1815 2552 4326 4013 1911 3561 509 1440 2563 1365 157 4536 3018 1132 1330 633 3130 4036 32 2216 878 1058 2757 1892 280 3975 4980 42 4682 4683 2472 2281 3838 2423 3856 3288 2768 2031 3297 2033 171 1118 2537 3472 80 3597 3874 3320 332 2156 172 3564 1226 1830 3788 235 4532 3119 3328 3399 759 3736 4683 718 679 4728 3434 1488 1832 721 873 3378 1794 4952 1336 2778 3958 2967 2206 1739 986 4727 3993 4117
158 3951 2397 572 4439 1988 4941 3735 1201 3559 743 2510 3532 1973 3878 3634 4542 1500 1291 1054 3460 2447 4343 3688 23 4680 124 4284 3532 3146 3294 1391 3554 2178 877 1731 161 3675 3675 4315 4645 628 4847 3893 4872 1630 1555 1044 587 2866 2028 543 586 2758 3456 3609 1256 4821 4581 1804 3063 3126 1175 897 776 2020 1745 570 4164 1180 4064 4745 1227 1901 4543 2594 3979 1046 1174 4946 995 1585 3630 893 1387 111 763 2225 1216 3561 4181 444 3158 1880 4880 2402 1772 2292 691 2690 3844 1601 4009 2075 3860 2982 3859 3795 2555 3851 1201 3585 1381 2776 239 2462 935 3259 4589 3548 94 737 375 4595 4703 3606 2280 4716 3626 4991 2316 4520 1435 193 1807 3709 4263 3788 3095 3453 997 322 3857 4561 534 4080 3998 1685 4215 3655 508 4838 1585 1537 3826 3347 4350 1826 3207 2913 2874 46 2746 2659 2576 2368 4492 3119 3549 1414 3826 1592 293 638 2452 2412 4951 4818 1794 2527 4747 4399 4349 3381 3358 1403 3403 1821 1184 4716 1829 2218 4495 1527 3029 3664 1741 3571 4304 1306
4570 68 700 366 4000 3741 3919 723 2089 4833 4512 3047 2305 3524 4009 4542 2966 1948 803 4463 710 1834 4223 3984 556 3616 4859 2627 1587 3048 4710 1407 4078 1990 3157 2641 483 2155 2170 2590 1104 2632 1792 3443 4432 3182 2213 2442 4638 1871 2682 315 649 209 3240 1518 3092 4169 4209 4439 2483 4096 2287 964 3894 942 4527 2532 2792 1147 3438 3258 407 1052 1046 2846 4355 3137 199 2102 2280 184 613 3885 4996 4032 3637 813 3678 4946 1989 1271 534 2702 1025 3909 4695 4167 3639 2753 2718 3940 2115 3335 2462 692 1830 4141 2377 4589 3481 3479 3653 300 2379 353 68 1011 1635 3367 2740 805 4115 1681 3454 4935 477 2487 3466 1061 3927 1384 401 3121 2335 1625 1628 1593 3678 4005 461 2040 4239 3006 4207 78 2210 1717 1116 3320 1797 865 3018 3963 4360 2036 1730 3405 2066 4815 1697 1921 425 1689 3592 477 4853 2923 4224 2321 4449 1712 4652 4379 4244 570 470 2150 473 2174 1063 593 3535 1115 2058 4173 1280 4094 3739 4057 437 4360 2473 635 186 2783 1404 4313 228 1824
3163 3345 2849 111 2718 4078 4169 3747 4433 2135 4009 1103 2554 68 3237 1500 1948 4254 288 2168 3424 660 4271 4090 2330 2495 3183 4716 667 3085 3573 2849 1155 4745 4080 4529 3032 3720 3135 4180 1614 2686 3250 157 4730 1806 4360 1286 4419 4476 2385 2250 3331 50 4457 1779 3307 4959 2376 2796 3301 4715 1964 1649 4102 3812 3010 3648 2837 2797 2374 34 2082 497 2257 3162 1429 4061 2644 269 2296 744 185 2549 4230 2509 2135 3314 703 1622 809 4064 3042 2883 4064 381 231 732 1500 727 631 1666 2294 2501 576 3634 4860 1820 249 3499 535 1780 4455 1588 230 2124 407 3340 2785 1936 3524 2807 4634 1207 2271 4368 4262 2187 4782 2214 589 2723 3012 2556 665 4618 4874 3870 2964 3368 4276 169 3915 676 2901 4913 1441 2193 2372 4016 4985 296 157 2068 1544 846 553 718 4300 2391 3752 3322 4156 1016 2019 1339 1318 3239 2075 4033 179 4931 781 4741 2991 3032 3005 58 4952 3994 719 1613 1886 3977 1998 83 2273 3431 3338 4943 2388 1923 15 3909 1876 3115 2683 2339 4010 3525
3476 1046 2095 1267 540 492 3969 2447 4013 794 672 1774 1068 4881 2639 1291 803 288 3432 2605 4028 1086 4392 4685 3831 3767 2324 460 700 864 1718 2427 4791 2455 1399 1002 3473 3409 594 3929 2395 3984 2663 1647 3672 665 86 1485 44 2163 3923 4107 4370 2943 3190 240 4851 2701 3146 192 1229 2782 3424 2193 4320 3632 2763 593 2337 2638 466 3684 3902 233 3273 859 1994 1676 693 1778 1483 4017 4306 1791 3914 4801 391 4966 4299 3651 84 69 4397 1781 1616 1664 3867 2114 4478 3513 2738 2065 4995 2054 760 4723 435 1226 2340 744 1783 1196 2471 2037 4899 2514 4690 1294 1307 3508 1898 1988 959 4192 2752 3508 1116 2149 66 4387 795 3018 2889 2933 775 1792 2541 3420 3246 2600 2261 2058 1623 4169 1853 4547 1504 4681 3234 85 3277 3507 3909 1137 1958 4036 375 1773 2082 2387 2670 1174 959 757 2928 787 1895 2487 1812 1921 3818 4955 1405 3533 165 3772 4530 684 4603 1539 4405 2100 4509 1343 1618 4009 3797 4881 2784 1760 2559 4666 138 4074 2847 4114 2807 49 2874 1891
2003 1175 4977 1013 803 76 927 2644 3462 1864 419 4203 3458 3836 1974 1054 4463 2168 2605 281 358 3396 433 2982 274 1089 1668 1796 4948 2718 3695 1261 3022 469 3095 3299 1544 361 1692 576 3066 1027 2018 1144 1056 2202 517 199 295 2982 861 2284 4455 2830 1073 1784 800 1680 2895 4278 1932 3955 2249 2724 3595 41 1694 2328 4341 4964 3566 305 231 148 2818 19 2881 2675 4334 4554 3785 3623 3620 3835 17 980 4075 3070 1450 1182 1854 1372 3074 1433 3217 4809 2419 907 519 71 3439 2626 364 566 223 3811 1506 2802 2581 1840 294 886 381 103 4769 3141 3617 2216 4682 2251 187 4078 267 3744 114 1516 2953 263 426 4340 4772 3531 4154 2309 4672 170 3574 4382 860 4457 1507 3506 994 982 1676 4195 3698 1434 3274 4813 2816 2285 49 2034 4568 766 4916 503 2013 2553 1084 3722 1776 2096 2361 629 3721 78 3023 2098 3784 921 4396 236 1604 264 49 4641 1818 440 4539 2037 4428 4172 1015 3034 1352 1238 2410 2478 3778 1647 2028 3542 3593 3856 3527 3448 979 3480
1877 2118 563 2634 4384 3705 1325 4472 2400 71 3843 711 2101 4512 1915 3460 710 3424 4028 358 819 1659 4969 1830 4044 4092 3069 1153 26 312 567 2668 657 4170 2518 4432 925 605 821 3720 662 1093 4116 2693 4975 4477 3548 2968 144 2732 4584 4671 1725 4761 1405 4288 131 4563 1295 4197 2004 3284 3243 842 3984 67 2661 1543 4500 150 3670 4934 4245 2790 248 1570 2431 494 2047 4067 3024 3958 95 125 1623 3763 2244 1884 1690 3197 2285 1356 4814 2079 1513 3945 1126 2552 559 4652 4203 1509 214 4463 104 29 897 3557 353 4409 3964 414 173 2814 851 175 260 4578 3345 356 586 2039 4164 1141 3345 535 374 614 47 2377 2598 4211 2265 2587 2591 4044 1978 3937 3595 3719 3033 4700 714 398 4830 2971 1294 3735 3991 476 1291 613 3801 2328 620 3574 1249 4763 3313 2744 136 2769 4986 4914 815 65 3509 3752 3069 2795 632 1441 2736 712 2981 3151 4878 412 2585 1027 540 1564 3091 4104 4138 99 2612 1154 3713 2113 4653 1839 1726 1566 2860 1393 1005 864 4852 4136
2810 3012 4667 809 3184 1994 185 1309 2478 209 4827 3274 3895 1578 1996 2447 1834 660 1086 3396 1659 2252 1720 1891 2679 4760 987 1760 4747 4701 2666 1458 4215 4548 3459 4425 1616 3483 764 106 2604 1897 1061 2832 2368 2155 4839 4382 2871 1422 2029 52 3593 3470 1001 2101 4722 2249 2673 140 3491 4551 2403 383 1233 2038 1041 1102 672 3700 1108 1185 4035 4418 4571 3467 4026 4524 592 1665 4235 135 1320 2895 699 898 3357 1561 569 4986 2639 639 4881 3708 1164 1464 3439 4277 1818 1581 684 665 3673 4266 1511 248 3776 1946 2315 4194 3756 29 430 1274 534 3976 1000 2082 1720 3517 316 2505 1540 1019 2133 1871 3740 1439 4010 3389 2020 4046 605 4489 4340 4583 4041 3885 4545 810 3491 1595 1487 1263 4262 3158 811 763 3292 632 4511 624 1460 3605 370 1697 2817 3026 175 4957 542 828 2889 3311 4336 1136 1322 1486 2520 3469 365 3546 2050 4719 3766 3244 2882 3491 4198 281 3652 270 1649 2993 2624 4760 1887 1670 4757 1211 4079 1301 4932 2015 665 1749 1540 4632 4302 1293
2751 862 3352 1011 463 639 4622 4201 981 2748 857 3595 3335 4865 3797 4343 4223 4271 4392 433 4969 1720 835 2105 2598 4632 2457 1019 4581 4545 3178 3169 2496 2317 4645 203 693 4330 3100 3599 4122 657 1640 2229 2018 3929 4918 3113 1437 4809 63 4711 2052 2697 1438 4144 4970 2468 224 2386 506 4827 4169 2869 4674 3560 2150 626 1096 122 4792 2205 236 1242 3966 1669 3910 1652 604 3704 3107 806 4666 1949 343 3765 2219 2604 4376 854 1868 1670 1796 408 594 3288 2178 4494 3911 4455 3582 2696 1034 4789 889 1343 4242 4384 4257 3153 1762 1840 3824 3614 775 2584 2986 4557 114 1386 4752 4927 1070 2595 636 1148 3986 4394 1083 3768 4472 2298 1899 3905 2252 342 491 4120 2651 3851 2429 1957 3137 411 2508 2358 868 1161 2684 2456 615 350 3745 1237 3462 291 2339 2404 386 638 943 785 2826 1322 1241 1916 343 4065 2864 4492 2635 4327 1734 3462 2329 3609 3384 2776 3848 3419 4460 1570 3060 1042 493 2872 2150 2968 558 4111 3601 3975 3822 4356 1329 200 4409 1141 2033 4608
3872 1589 4109 796 2760 407 3300 3294 1277 4079 3637 1489 2157 3626 2860 3688 3984 4090 4685 2982 1830 1891 2105 3709 3855 2383 923 2955 2255 670 2239 705 4283 3275 2966 3117 3638 3237 3632 1216 4181 2259 3359 742 1553 2360 4009 3675 1564 2852 1497 598 2938 1877 3126 1229 3985 1716 4809 2316 3998 4922 2994 2275 4356 3222 3793 3208 3216 1632 955 1513 2416 1734 3626 4226 4030 1867 2442 4751 2992 4534 917 614 4031 2827 2108 467 4791 3601 2119 2431 3153 1479 755 197 2076 1668 4179 1324 1550 3545 2930 2298 4602 461 4983 4932 4491 1727 2679 3456 447 1825 813 1859 4441 4186 3279 4914 3218 4744 187 4077 1461 4892 3876 1868 185 1214 2861 3821 490 4605 2113 1465 2963 3925 2912 2226 4267 1867 935 172 3149 1460 2758 4882 2515 4174 1024 1091 3870 1032 530 3499 2389 733 3260 2669 1588 4513 1918 1937 2578 856 864 2761 327 352 1765 447 210 539 2952 3976 1592 1039 1421 3233 851 2483 754 1211 3454 2235 4845 2600 1579 3199 4366 3027 2274 227 1820 1702 4015 4830 2930 3334
1169 2209 1577 763 2901 1183 3815 1083 2462 2483 2589 3191 1269 704 2942 23 556 2330 3831 274 4044 2679 2598 3855 4817 4784 4939 1581 4118 396 2763 1580 4029 4399 2134 1714 561 4271 4352 317 1689 1575 1887 4582 2768 281 312 1850 996 3902 2133 957 2783 4673 3260 155 944 614 3798 1707 4063 769 4123 4885 2923 3977 1934 4863 1441 3900 3664 3608 2928 2646 954 252 340 2611 11 3560 3623 939 1324 351 2048 4661 146 650 4106 263 369 2357 2648 924 4779 1855 4009 3364 1164 4941 1885 48 2508 139 2850 3396 605 2925 1172 1107 342 2868 1618 227 1970 3895 706 1010 1517 399 717 3606 1003 4772 4940 4147 69 329 1413 4653 4209 2547 4727 3911 2726 3690 378 4413 437 960 3002 3076 438 695 102 4564 1879 2340 447 4101 871 1036 3451 4372 2181 2426 4415 3092 423 3942 2815 588 247 1781 3645 1240 2854 2563 1332 4469 378 3411 1860 2830 288 545 811 1866 4198 1689 1529 620 2490 4283 1897 3314 2382 2612 2140 3056 2732 1757 1025 2813 69 876 1196 4110 791 1508
2236 3845 3831 3878 3308 4504 2840 2880 1973 4755 1775 3445 624 1187 3716 4680 3616 2495 3767 1089 4092 4760 4632 2383 4784 3426 4159 4034 4406 3789 1261 541 3301 1742 2840 2049 3962 2902 4075 575 3602 2790 3740 3374 3983 4766 1124 4357 2334 278 1796 1473 2864 528 4344 2365 2821 1007 4112 1149 4981 2495 2274 3811 4446 4382 3073 1200 1558 1269 3154 2770 408 1733 3139 4169 1029 3731 2444 3198 4317 165 1170 4871 3064 1723 4224 4732 3559 525 4706 1471 3533 1171 4718 1822 3288 3719 754 1843 1241 4504 558 1047 3398 3348 2231 848 314 939 463 2381 2082 2853 1002 3615 1172 2530 2326 1506 3309 1237 879 326 4829 2125 1280 4287 4044 3582 1362 3247 2040 4553 1016 2954 4945 466 4375 4538 3771 4048 3888 616 281 2896 4753 60 489 594 2453 2424 3718 162 4161 3512 1619 3663 1272 942 963 98 2729 735 4462 2024 2446 3001 478 4699 907 1327 1632 4041 4816 4461 4947 3257 38 2515 683 4959 797 3589 1539 738 4620 1663 2044 674 3356 3108 2141 3029 4218 1400 2278 945 322 1717
2366 4828 2956 81 4772 3876 4832 2200 2370 1901 2506 4247 4256 1369 2085 124 4859 3183 2324 1668 3069 987 2457 923 4939 4159 1934 3542 244 2239 3014 2449 1266 2504 644 2068 2887 1835 1049 2944 889 3937 1728 2217 2100 1356 2692 349 714 4771 2879 548 2190 2881 3005 247 4935 3173 4646 1314 1856 4205 2697 677 3647 851 2105 400 1399 949 4896 3081 284 4420 3719 887 4869 4559 461 4650 4312 3251 3921 1840 4720 3657 756 2344 1742 1458 3528 1323 2255 3021 547 2659 3762 2662 2454 4688 2254 3453 4000 3544 2853 4362 3805 4811 1944 4182 4084 2140 3594 2464 3713 4789 3236 4030 981 4132 4716 2364 3019 1114 1899 3489 849 2145 1293 4533 1293 3429 4721 1780 2108 4020 1077 2225 2970 3372 3743 2596 2344 2339 4037 2007 125 3004 3132 1641 3773 4051 4597 3920 4395 3497 2850 4720 432 2712 2960 250 1757 863 960 3222 1105 1293 2862 4120 4983 1153 258 3416 2901 964 1013 4924 772 2475 1902 2666 4903 451 4054 4338 1802 1979 4398 1137 826 2350 2878 4717 2877 4901 4429 804 3379 865
3493 2687 1467 2928 3483 1656 1841 4346 1073 405 3462 4075 4951 4697 2807 4284 2627 4716 460 1796 1153 1760 1019 2955 1581 4034 3542 3381 204 474 1873 4792 4003 3756 2136 2378 2251 875 94 745 2028 605 3439 4094 1909 3329 4107 830 2555 4187 2693 4801 199 2357 2423 1899 1640 1351 3994 2296 1406 1025 3082 897 4557 1743 2036 2429 793 3639 2222 1676 1045 2183 1835 3428 1174 2500 990 1530 3167 980 2621 2643 4461 1252 4591 2036 2880 3624 1715 236 586 4164 1711 3597 4766 4053 3608 3257 590 1369 2785 292 3904 2000 2701 3887 2815 3568 4610 3142 2900 109 4458 2754 1226 2726 3955 4092 2706 257 3641 1107 938 3252 2083 921 344 1440 1833 1462 1099 3582 263 2902 358 1713 3289 1656 2085 3488 331 2521 4239 3339 1997 43 1431 2320 2691 2215 1482 4589 3165 1546 3818 324 2689 1822 114 3622 1747 4733 981 2222 3104 2234 4606 1319 562 2740 4742 574 4284 2781 4497 4374 394 4915 2263 1932 1350 4584 4478 2513 1562 1030 3749 3182 3857 655 3417 13 72 2193 2463 103 4902 1708
63 1088 607 4064 4116 1644 3965 210 2241 778 2072 3696 4345 4170 3999 3532 1587 667 700 4948 26 4747 4581 2255 4118 4406 244 204 2438 943 4996 1246 930 2850 156 1765 309 2324 3099 316 4202 4577 1416 613 3346 316 3443 4953 3172 4464 2996 4633 3656 4802 4069 4835 2070 1812 796 2065 23 1310 868 3621 873 1413 1062 1017 2384 2673 2310 886 2264 1832 4809 1155 4539 4354 3231 4721 4309 1684 1002 1691 4879 1198 2003 4888 4493 4331 449 4563 3146 4263 1852 3521 4919 1076 129 1930 2502 375 2607 4892 2383 860 316 3591 4567 1079 3929 4773 1083 4985 4191 4925 4146 22 163 4888 3637 1183 3759 2312 2694 1862 776 1337 494 1970 2871 4661 1505 4129 296 4708 4051 2237 2925 4248 676 4276 1218 903 923 838 650 1133 4598 947 66 3825 746 3494 3734 1751 1031 4924 4197 2215 3010 3475 2737 1139 1002 2247 884 3016 4194 3537 4608 3890 1226 935 4323 1896 316 2111 4263 1136 3643 3154 3574 3081 3046 1777 2773 3290 1203 1381 1920 768 906 91 4261 1949 1575 1093 3853 2958
1264 945 688 2902 2355 2152 4478 942 1330 841 234 3086 4465 3156 3961 3146 3048 3085 864 2718 312 4701 4545 670 396 3789 2239 474 943 2410 873 3281 3867 2642 1844 3154 999 22 3440 728 4248 1004 3974 1698 4617 3764 2145 1827 3747 1164 3969 1117 1003 596 687 3771 1326 2548 2641 308 267 396 2863 4094 3771 3118 1316 2518 3955 3737 1564 4763 2682 2666 961 4288 2368 2640 4579 3553 2940 2354 238 3029 4437 3719 404 294 299 2364 1592 4870 2715 2061 242 4790 2571 2858 3583 3321 4072 3808 1967 1459 4568 3186 1386 3598 2089 1608 3684 2714 1552 4966 3836 2478 1983 4253 3426 946 3707 1120 993 4555 3570 1949 3259 1706 2693 4304 4741 1900 892 1514 694 721 2430 1255 2503 2357 3220 2890 710 3018 3634 981 3746 516 1164 2964 4776 4168 2941 2040 3354 509 2095 1642 1502 4256 294 1224 2617 3666 2330 870 3096 3772 1869 339 2163 4833 693 1607 4828 1196 4393 320 747 4397 3821 1178 2268 42 270 4156 516 300 553 1888 966 3776 2843 3307 3334 750 3091 4373 3136 3660
494 670 2504 2695 2751 1671 2416 767 1368 641 2521 2790 1634 2437 2521 3294 4710 3573 1718 3695 567 2666 3178 2239 2763 1261 3014 1873 4996 873 804 1333 1168 2602 3702 719 2101 3572 1387 212 2412 1094 4512 303 1463 1778 2681 2535 511 1318 4931 3303 1520 368 3450 167 762 2450 3538 4075 365 3614 1294 1309 3290 4841 465 2683 1812 2105 1995 3243 2637 3739 1131 1690 1440 4470 2080 3826 2419 3543 2889 1658 1624 3363 717 2661 3121 1881 3887 1018 3763 3734 4741 3374 2476 3949 3387 631 3408 4796 3582 3595 1552 3155 4686 881 221 462 4693 1365 3894 3821 3984 3012 4193 2805 4759 17 260 2043 3795 2899 2818 1654 2983 3125 104 1236 311 374 3922 3800 4640 2977 2313 4250 1295 945 1810 4449 1591 1940 299 2167 4843 3537 3889 2727 646 3699 2257 2625 343 4290 2858 1081 2683 2301 1305 4683 4296 4984 4292 1387 2416 567 2169 1447 1518 2359 3842 4633 651 201 1377 1135 4842 1759 2613 177 669 3085 4824 1985 1009 2627 3403 3254 939 2849 2346 1441 1899 4398 4347 2230 3971 1427
4081 1541 2936 1516 3984 2938 1647 866 2614 609 3421 1451 4155 2716 4009 1391 1407 2849 2427 1261 2668 1458 3169 705 1580 541 2449 4792 1246 3281 1333 158 1478 3065 4428 2388 1139 4362 989 4947 4579 3746 3975 4284 728 470 1921 4608 2060 4422 590 1785 1523 2476 4904 189 3762 1739 685 2809 1087 3451 2267 2612 686 2715 2018 2382 1177 986 2108 2405 3618 3329 3529 1631 2753 982 78 3143 4314 4293 851 191 2650 1679 3752 3504 2093 1491 4228 1725 4801 101 4139 4413 4720 1686 3512 1143 3373 4616 3551 4999 1512 3193 497 3170 3678 49 2185 1773 2923 3450 4571 3872 971 258 2805 4364 422 4817 4562 2069 3079 1372 4759 845 751 104 4009 2211 4241 3506 4743 4394 1025 1379 4419 1078 2568 3937 744 4101 1041 2315 2797 3522 2809 4267 2736 4921 1516 4382 1537 2361 2024 628 3802 4275 3529 2490 4925 4730 3357 3584 2297 2460 2589 1251 4187 1564 2340 43 4564 4409 2371 4279 1436 800 1640 2771 3870 4999 3598 2777 2429 1285 4795 3709 1784 1146 935 1581 2748 167 1853 4135 2207 2039
4939 1704 154 859 3114 4359 4727 1064 3595 2235 325 1871 3364 1406 4232 3554 4078 1155 4791 3022 657 4215 2496 4283 4029 3301 1266 4003 930 3867 1168 1478 1639 3838 3411 4650 4917 1838 65 4618 831 2259 984 918 2417 925 312 920 237 2293 699 2160 1732 3995 3588 2180 4917 2393 693 458 2668 1203 225 2063 1223 3464 3525 1228 13 3207 2753 4434 4106 4197 4243 2513 4965 2949 516 1389 603 4644 65 4191 516 3975 276 2519 3539 4130 2297 1977 4735 2010 3946 3995 3899 2996 3429 4074 146 1115 1847 205 4210 1184 237 1054 51 4316 2840 565 71 1583 4180 2210 4213 4683 1487 2754 4320 4430 1842 349 3115 3170 2194 3944 110 4305 3474 2449 919 2205 1097 3693 4087 1513 3518 3348 1458 1004 1009 447 4625 3783 1098 2491 2275 3200 3182 4586 3601 674 2111 484 3583 186 4279 599 3414 1199 2770 3995 4268 1721 1611 294 4138 3971 339 1462 3682 3139 4286 2474 3315 3184 4786 1738 1124 3047 917 4751 1566 2625 133 1012 4168 2222 812 3949 1530 609 2250 2419 4331 3047 1660 769
1787 2192 4253 1149 4461 1964 2385 612 164 2476 445 1085 2631 4040 618 2178 1990 4745 2455 469 4170 4548 2317 3275 4399 1742 2504 3756 2850 2642 2602 3065 3838 430 3019 4682 4875 4625 2174 2815 455 3564 2157 3566 3837 117 848 2031 283 787 4381 2036 2103 1816 1132 2310 306 2407 4351 428 454 2471 3101 4226 478 578 83 761 4625 3071 1961 4285 653 3751 690 1737 2983 1713 182 4626 404 3169 3359 1197 398 3144 4449 757 1991 3015 2082 3575 2546 1489 4180 4322 382 4700 906 3776 1471 1154 3975 4357 643 458 533 2602 2415 2145 1320 1743 1055 2421 514 47 559 4344 3344 4427 4405 340 1583 1187 435 4520 905 2413 4176 336 1410 1963 3238 758 4817 136 4366 1662 4562 931 1442 162 3462 2161 4273 1377 1481 2081 490 3618 3343 1133 3979 461 4429 1929 1223 2357 684 2335 3495 3682 2311 1251 1378 687 4905 4624 1213 2867 574 1814 674 4240 1466 405 4193 4237 436 733 4914 3078 3410 457 375 717 2221 3216 341 483 4160 3218 1223 1197 991 573 4990 3122 3593 719
3807 2982 2178 2991 3701 3817 4171 2674 4001 4034 4482 4531 3320 3349 2244 877 3157 4080 1399 3095 2518 3459 4645 2966 2134 2840 644 2136 156 1844 3702 4428 3411 3019 4751 4737 1319 4231 3070 4374 4426 4074 4653 2867 1566 3803 4021 327 3046 3412 4256 1159 4157 1969 2162 2452 317 4221 2937 2909 2585 4113 1876 1214 1062 258 4076 2796 1664 961 1366 3621 2369 2743 1399 4461 2760 498 2571 1605 4031 2325 969 3185 3829 4495 444 1526 2182 4945 4936 169 4873 2092 2667 1843 224 4390 1352 4888 1698 1995 1791 4852 1709 1590 1006 3339 2692 4873 3678 2195 3689 3386 359 2927 2169 937 3895 2584 2812 700 2311 2155 3144 1364 2163 1029 3510 4416 2876 272 3990 1445 4627 4270 3484 2251 2153 4605 1956 3528 3463 989 3902 2095 2736 1050 4084 1887 10 3273 2733 1281 2136 2599 455 377 3518 1087 1275 869 4560 1374 1659 4850 1054 2333 143 3513 4149 2842 3008 419 2055 4290 1634 2974 303 126 1291 3978 1067 3497 4972 2909 4852 2267 3785 137 3719 3875 2650 3239 4254 870 395 3089 961 2298
157 2810 3253 171 3839 648 2039 3886 4056 3854 4109 2648 2825 3114 2573 1731 2641 4529 1002 3299 4432 4425 203 3117 1714 2049 2068 2378 1765 3154 719 2388 4650 4682 4737 1257 3295 30 3801 2444 474 2604 3676 433 2040 2534 4730 4569 3240 838 221 3734 3425 3262 1414 4382 2682 1334 368 128 450 3084 3444 857 4094 3107 4560 2137 3931 3649 2809 2272 4638 885 1536 2997 1598 3482 1804 3689 417 1787 689 4127 2114 3438 523 898 2957 1264 1789 4693 1574 317 2525 4070 1560 1388 1262 4625 1752 3390 179 1282 762 502 3107 4681 899 4120 1735 4775 3343 1868 4750 351 2870 2400 809 4480 3431 3830 1996 3393 2167 2223 3469 3469 2433 486 863 4033 1299 4931 2738 4077 3214 1698 2153 3650 3007 2676 3272 1156 4964 4987 3026 285 2656 4368 4083 4149 3783 2390 1234 1563 1191 1700 1681 3201 4636 80 2516 2352 2848 4180 3662 4933 871 1281 3443 3806 3185 2373 3277 2461 153 2133 1391 3102 369 3831 1499 3881 2457 1173 1917 3585 3214 1315 3414 4818 1072 918 3182 2080 2989 22 1702 175
2509 3180 166 3975 1636 760 4872 834 138 203 4053 3726 3936 2232 4868 161 483 3032 3473 1544 925 1616 693 3638 561 3962 2887 2251 309 999 2101 1139 4917 4875 1319 3295 3889 1176 2360 3537 4741 3123 2321 2741 1577 4436 2976 2434 2976 1627 1984 4414 1394 4528 3647 4454 4202 568 3222 264 4666 2040 2417 1573 523 1261 4126 981 543 3091 327 1172 4706 3489 4904 4852 389 2632 734 1753 1457 2234 3774 2163 1957 3721 623 2116 4668 4331 4478 2427 3581 3952 2773 4111 2802 4718 4462 2424 4212 4184 1866 4542 3860 312 1997 243 1792 153 2132 4771 2360 3683 4826 785 608 3105 3936 3623 1987 1804 4376 3567 2878 1582 692 1882 3532 3826 1210 1478 4769 3895 2992 4102 1516 2983 4627 3700 3171 1544 1184 2469 4587 4250 4392 4295 2454 1577 1576 692 4639 4271 4659 2804 4319 1495 3339 3390 2965 2632 24 822 4422 1675 627 2062 181 576 4028 159 1355 3664 3516 1340 337 2611 1464 444 4425 4888 1683 3819 1040 3610 684 1895 59 3347 278 3168 4426 2927 2065 1100 3815 233 2773 4236
3468 3607 1513 4381 4393 4994 1067 4443 1392 799 2986 1096 2117 4378 348 3675 2155 3720 3409 361 605 3483 4330 3237 4271 2902 1835 875 2324 22 3572 4362 1838 4625 4231 30 1176 4436 4039 3401 1903 3648 1956 4297 1913 869 3629 3920 848 695 261 1039 598 3001 14 4251 1877 2741 2675 1612 1845 2369 1993 2129 2361 2420 4312 1774 4462 4306 2296 1609 1331 72 3012 1583 2992 2948 1829 1563 2240 4411 2061 2207 1246 1775 2359 742 1174 4598 2790 3347 2620 2651 3013 3613 2939 3212 3576 337 4617 3049 2774 3086 1257 3314 617 1893 3111 1341 1456 1414 84 4115 4030 3139 3758 480 4775 430 122 3627 762 3284 2492 4047 1165 1781 3266 1950 4564 2267 1684 3278 1570 4157 2701 101 4155 4822 1472 894 4803 3796 3210 4116 556 1708 815 3688 653 3689 4168 1222 4312 236 4919 1081 2010 3195 2559 2611 715 3909 535 4542 1235 2967 3073 4754 1934 1943 1378 1136 1240 1574 1205 944 1575 4994 4785 2226 2508 4678 1668 1423 4017 3516 4244 3178 1648 1663 2524 3532 4627 1490 4342 4679 960 4660
2052 124 2530 3736 23 4366 2071 649 3502 926 1141 2615 838 4367 4975 3675 2170 3135 594 1692 821 764 3100 3632 4352 4075 1049 94 3099 3440 1387 989 65 2174 3070 3801 2360 4039 1360 744 2350 2107 4526 1960 2238 4536 1320 1304 1629 3200 1590 3027 86 1053 1807 1064 3144 4426 3844 3925 3418 681 1667 4764 4567 1173 3066 4481 862 1583 2251 4988 1952 3220 4069 3095 627 2312 3500 3196 3307 1135 4242 570 1211 4432 2839 1995 2911 3440 268 2231 3260 2315 4292 3005 3460 1665 4466 2696 1098 141 1575 2165 2493 164 2644 1153 262 2425 3465 4938 331 260 3285 2680 2197 19 309 918 4356 2065 4482 2852 4452 3887 4110 408 4817 2762 1293 4475 1565 4155 546 4617 2448 3658 3258 3339 2175 4952 318 1934 1189 3877 1419 1062 2840 1432 1382 508 4548 4491 1464 2889 4373 452 1090 825 3780 4116 127 1763 1040 2987 544 4059 3090 2352 821 3457 4261 3639 1148 2582 4306 3603 4241 2703 2832 372 1818 2443 3635 539 861 4890 3637 2664 1175 2100 3790 1607 3902 3746 3994 3563 2634 313
4846 952 216 3173 4427 4161 1389 3838 2938 2538 1016 1859 4785 4191 1125 4315 2590 4180 3929 576 3720 106 3599 1216 317 575 2944 745 316 728 212 4947 4618 2815 4374 2444 3537 3401 744 1565 1097 4778 4784 4217 4389 3682 2585 463 1936 4655 2938 4481 1740 2417 22 4983 1758 4381 1007 243 440 3736 4384 3181 3298 2537 4249 10 1920 4972 3074 2691 4572 3275 4447 547 391 880 2173 2161 1677 1720 613 3913 1806 903 671 4451 2856 31 2584 4652 2285 3601 918 1767 518 2840 1963 3629 4537 2723 4726 940 1342 1548 3007 817 3809 4761 114 3539 3793 445 2195 4429 2861 3121 222 4261 2638 1342 174 1260 3475 1715 2747 1115 3762 3443 882 3228 3507 2354 3314 3504 1053 1122 2750 1385 3864 377 1634 3582 3695 1006 4756 3529 3026 1688 1986 2701 2416 4201 2130 3907 383 985 1852 4635 3200 4392 4373 3426 4819 1752 4553 3704 4208 3803 875 276 3774 2263 2503 1427 4939 2646 3899 2003 1948 3736 369 4914 203 4960 742 3132 1523 889 694 4799 3520 4646 4847 4524 542 2880 1355 917
