N: 250
M: 50
Symmetric: true
Triangle: false
3 54 142 94
4 170 207 193 240
8 19 221 148 59 186 220 88 31
7 117 98 106 167 239 199 219
4 47 1 52 217
6 159 132 70 3 204 100
4 85 154 9 90
5 190 51 169 48 153
3 127 214 92
7 8 203 156 111 30 78 225
5 24 135 71 114 2
4 34 55 68 205
7 42 77 224 80 74 138 181
7 244 248 215 5 223 230 228
7 67 182 120 192 27 174 21
6 198 89 201 236 62 86
4 210 35 56 110
5 216 196 195 105 128
6 212 18 161 69 140 81
7 72 166 121 96 229 28 247
5 144 168 53 165 46
3 64 173 32
4 200 208 245 13
2 160 11
6 91 139 209 179 45 222
4 73 189 238 164
5 242 60 187 246 155
4 231 38 39 249
6 76 103 58 147 146 211
7 63 41 163 12 218 141 134
4 241 16 136 202
4 232 126 158 44
4 26 178 125 131
7 104 235 61 66 124 33 194
6 4 97 99 130 10 133
3 184 143 7
3 185 122 233
3 129 197 177
5 102 151 84 29 175
7 250 14 176 75 206 213 17
4 6 123 25 107
6 118 37 50 22 65 15
5 116 115 93 113 162
3 183 23 152
4 150 227 109 20
2 43 119
6 243 149 157 188 234 226
10 40 57 112 172 137 95 79 108 237 171
6 180 82 191 87 49 145
3 83 36 101
883 3056 1160 520 1389 953 1816 2617 1339 4118 2707 678 2999 3513 1367 4110 2128 4442 1452 16 4612 4396 937 2376 65 1702 189 83 3943 4384 2071 530 2431 4481 1111 1377 3404 263 2612 4258 4194 89 2981 2068 769 4382 565 3787 1143 2983 4328 1403 3994 3801 4839 4389 1423 464 2016 4858 1762 2322 3762 303 778 4861 2428 3447 2267 956 1413 748 486 2830 4008 670 468 2581 4419 808 3100 4614 2360 291 160 4867 3295 4720 2505 3846 302 1466 1713 3631 4049 2890 1141 4469 3610 2422 4499 1313 670 1679 4956 2395 3125 4830 3139 804 4216 433 20 2524 2021 1223 1212 536 2991 2199 3406 3811 4707 3570 402 2142 514 3310 4466 869 964 1138 552 3672 4564 3901 1221 1641 4530 2891 1403 558 527 1270 4278 1794 3237 965 3407 1068 2095 3735 4382 3251 1193 1937 3238 3933 1210 2586 1440 2106 1483 2938 2843 4769 905 2633 2468 524 1959 819 4379 1976 3613 1665 3443 1044 3149 2632 868 1653 3496 1857 3805 3352 2363 2012 2876 848 3427 316 3658 1520 2194 2553 4348 1241 4053 1910 1244 2689 1054 4113 3753 4261 1438 1053 4218 2278 2310 2773 2248 4913 4235 4134 3476 3391 4065 3421 4145 293 4495 2393 898 1979 2614 355 4395 460 2318 447 944 2775 2495 2514 4699 1633 4284 2034 368 4093 3656 544 2619 1015 3254 3884 3728 2534
3056 84 3949 4182 2743 503 431 4065 459 167 747 1514 2897 1025 1889 1398 1192 2401 3896 1963 3815 1175 408 1377 3900 1703 4268 2700 3037 2699 1418 4751 3373 3161 4858 2415 418 1706 3147 1175 4982 552 928 4455 913 1188 426 3686 2177 4005 497 3179 653 4757 3226 2251 1134 1604 3792 117 697 2963 2740 1307 3911 303 718 1151 4706 863 2044 4404 371 3871 4775 3362 4468 2585 1299 4649 4520 4683 1710 1903 4562 3693 4999 1152 3837 130 1193 3267 4593 1974 3174 730 1422 922 2138 108 4820 113 2339 3165 4703 2302 4051 3489 4277 1223 1274 2788 4384 897 2939 806 3612 1525 3910 4308 800 2851 2503 3509 3151 602 4713 4376 4688 1110 4590 3018 3040 463 1869 1624 27 3677 1370 4222 4983 2427 3537 3807 2993 3947 1582 1200 577 492 2708 4538 3207 2467 3714 233 2225 1512 3159 4474 2187 2555 2410 3879 4941 988 1110 1187 1842 1493 192 2898 2568 1797 1024 564 3299 1454 2245 4430 317 3959 3556 3506 3652 4960 2528 1210 1470 3855 2819 3487 2848 4020 285 2654 4050 4825 3491 1421 2744 2876 3944 3375 1064 4198 1146 3677 4044 4547 3178 791 452 339 3617 2781 3865 2259 2938 3844 2843 1380 4302 1632 3720 4304 2910 2847 3831 1137 2413 2758 736 1403 4664 4565 4514 1949 4539 3566 583 3223 4814 110 2438 3285 1626 3876 2637 375
1160 3949 4085 548 1329 1912 2767 3948 1694 4825 4767 1526 755 3169 4921 481 4694 3819 832 1335 3204 2218 3801 85 118 2917 3601 1521 3557 1045 4677 1659 571 2124 4019 2858 4179 191 112 3531 1985 3561 2969 2691 1049 4985 1656 3254 2738 3923 3549 330 1566 3554 4838 3488 555 411 2012 484 3541 3363 2561 2221 2482 574 1866 2633 3251 3513 2581 3678 121 263 4041 3660 4468 2453 2190 578 377 1843 2507 84 325 912 2777 2274 4787 3883 1776 2048 999 2311 846 1302 3136 4285 806 3260 388 1191 1417 2178 724 3560 3776 2686 141 4408 2234 14 3779 3279 4352 2145 2273 1495 1136 1793 2726 185 3933 4848 1150 4867 1310 3618 3980 4741 4316 3575 2669 679 138 1267 709 3458 3964 1553 1924 1882 467 2022 2363 4482 3469 3875 1971 3300 2782 4454 284 3009 2640 4324 1460 389 1938 1023 1784 4051 2045 2167 2692 4339 2241 1882 1732 4621 1592 2106 4000 3835 1380 438 4721 2504 3923 309 4246 1509 3208 3429 3338 2462 1514 2684 2707 1235 2649 2066 2109 1324 936 127 4535 2091 1480 4559 827 2453 2012 4907 2789 943 1093 2927 2037 3285 4423 1091 1354 4098 877 1683 3838 609 437 463 3610 4452 742 3774 3886 1883 1622 862 1375 1176 2212 4785 783 4042 850 3575 4295 2234 494 3496 1882 232 4050 1328 1718 2717 2926 461 3131 403
520 4182 548 3879 2020 3046 1449 4137 2536 1314 1754 1929 4097 1878 4290 1949 4056 4781 4647 3071 699 3569 4152 2566 2956 4778 4364 3577 2830 2352 4473 3581 2857 4559 3615 1158 2315 3515 1416 1888 1127 2537 438 3300 3427 2396 1955 4163 2183 1059 3153 183 494 4193 3322 4360 383 328 4530 904 1835 1958 3055 2507 2121 585 1059 3965 1251 2159 148 4759 1124 3738 1662 4400 229 1981 1506 1792 1687 563 4480 3089 1361 578 2880 931 4585 4450 1913 587 2178 2227 4678 372 4173 1592 3812 3226 3131 4821 1227 3346 2758 1305 101 3490 4301 1953 4921 1792 4783 2179 4771 3042 3361 139 3871 4894 2517 4716 1490 1334 3311 3588 152 4040 2211 4174 4308 4259 3867 1499 3317 2545 3336 1006 4813 2540 2207 1731 3100 2250 4394 1414 2349 366 1995 548 2901 559 1997 550 637 3796 3428 96 568 3385 2038 297 816 2853 2064 3310 181 3877 1324 1871 3830 1701 3513 624 632 4400 2474 3906 3392 4841 226 3747 2094 1813 4659 2189 4124 2787 4089 1271 764 951 464 2429 46 2908 4073 1508 2576 1951 2938 3111 2611 3524 4936 3764 1738 2155 4326 1638 2231 3711 122 3596 4373 3333 2967 4154 2198 861 1987 1691 2508 2321 530 1523 3279 963 3654 207 555 865 747 3857 148 3829 76 1612 2481 947 973 2376 4540 3177 4728 4646 3454 2173 3344 2997
1389 2743 1329 2020 1410 4330 4246 3062 4844 4888 540 2715 2188 906 2174 1891 2590 1728 3364 1550 136 418 4072 3280 2108 3681 358 1365 3580 1300 4319 3568 4376 2587 2381 2353 4776 2738 2866 4628 1404 2949 1073 324 4042 2329 226 2948 3134 4879 2611 3313 2323 4593 2136 1247 4325 1800 2897 2319 2344 1512 2002 704 3770 1357 4140 331 2261 22 1842 2192 980 4508 1920 1877 2890 822 2242 3058 3179 1744 3989 4569 1978 85 4805 4689 1951 2542 4401 4953 2989 2475 1474 890 509 4439 2674 928 101 3067 1968 1302 2318 1692 1159 4703 2228 1097 101 2922 2160 2202 559 3913 4211 1831 3765 1882 3654 4884 185 2945 2035 973 3872 1681 1408 820 4459 2548 1307 2878 752 123 4733 872 1965 4958 1238 3856 4234 335 2298 3903 3202 182 2227 3446 521 3904 137 4299 4528 3637 758 4849 2724 4106 2663 434 1895 2763 3741 116 2542 2470 4923 1495 4632 1150 4309 3950 4978 1577 3345 3984 3993 3677 1558 3066 1788 4643 83 572 2742 329 1149 4898 4506 4315 218 3008 4955 4976 4063 1916 2256 931 2070 4088 2359 3895 2199 932 2692 1476 692 336 1285 1066 4619 4228 3605 896 299 3533 3123 3955 1348 664 3034 4539 1095 3119 2060 2235 2624 683 598 4160 2372 4844 3515 44 229 586 1165 3755 4451 3071 581 3981 1379 1243 2450 1885 2720 1544
953 503 1912 3046 4330 3234 1413 2226 4639 357 4792 2916 3940 4407 660 1772 3658 3557 289 2311 3159 4354 4235 18 3713 1789 4590 1764 2513 506 2763 1324 4004 4015 4038 3493 760 3797 1252 4028 956 4250 2134 1243 2621 972 4029 1118 2204 3793 2688 1653 3083 1251 1588 3289 1629 2706 4595 3061 1540 1141 2051 2190 273 2944 2472 1498 4581 2049 1630 2436 2320 3461 1654 4364 3485 4893 1354 2901 1273 1908 4197 211 3927 1085 4685 4042 2951 2897 547 157 1014 4234 461 826 2026 2119 1035 3190 3468 1562 404 3747 1861 138 145 2451 3234 685 4421 1975 4392 20 4378 2314 890 3373 2868 391 1200 3664 2611 4242 4111 4279 407 426 194 126 4788 1117 1797 2947 3519 3495 422 2505 2850 1846 4005 4212 3089 1720 4472 3553 4324 593 2334 3617 3422 4512 3710 4471 3633 28 1796 2896 1664 4764 4997 1269 3963 1486 1651 267 4551 1654 3624 1617 1162 4923 460 3029 2332 2886 2813 2162 3845 3377 58 3403 603 3887 4633 3695 728 1280 3828 2802 1080 1061 1326 1408 797 3070 2232 4207 1143 905 316 3230 903 774 637 2490 1248 4751 4381 1050 2968 2566 2129 2902 4012 4375 552 4662 336 2425 2137 4115 2822 372 2480 2191 1734 1619 3117 403 2269 695 903 2217 3817 3728 4234 1201 2745 1164 2953 1793 127 4638 637 3621 4726 2617 2238 4292
1816 431 2767 1449 4246 1413 867 855 195 1429 2985 2354 2377 373 1981 1856 2972 4608 463 1137 1289 3216 716 2209 1937 1512 3914 4720 2811 150 2817 502 3965 2353 4552 1015 942 4686 3170 2517 2654 1399 2465 4911 3109 3995 4236 13 2368 4502 394 3171 4351 1935 1396 69 1944 516 144 4511 3539 2740 2110 4235 4998 417 372 3934 3906 2592 4462 2959 3341 2508 4757 171 4885 1751 2280 3397 641 1251 2327 1449 524 2999 1892 4312 4486 4766 2662 1654 4822 1555 2242 3545 3021 1956 2157 4321 3167 3567 4432 791 4734 4434 2360 4038 3189 3275 1926 670 1346 585 3280 1936 795 4638 2624 4831 171 4160 3624 1240 3829 4197 1351 2719 1160 4437 4384 1024 1586 238 3208 923 4280 950 784 3363 3801 2721 2525 4800 4169 397 1639 4870 3213 1130 4838 4402 3913 3694 2671 2007 3980 2822 2700 3180 1575 340 3023 1005 3371 3823 3584 4249 514 2736 4588 2660 2701 1232 4710 4887 3145 4480 1269 62 2100 3663 1860 1800 1550 3609 3181 269 1384 4098 4066 2239 489 245 3764 2941 268 701 2010 3453 4658 700 2123 74 2132 3887 281 3228 4254 2084 3916 1547 4219 2606 3783 3920 2335 2897 4006 1581 983 3723 1002 2390 2311 2005 3295 3806 4243 484 3252 1626 3959 3844 2073 3299 1980 3351 3300 2568 2277 3337 1343 4087 3977 1611 4277 3539 3070 608
2617 4065 3948 4137 3062 2226 855 1473 764 2225 795 2354 1580 4920 1919 2660 2312 3985 4618 2746 4210 801 2500 3607 2766 1070 2517 2000 2275 4199 412 78 2392 3350 2393 2880 2562 598 4593 657 1584 1800 673 3562 3140 3397 1448 2543 3498 1598 2860 1671 1211 3059 1846 3354 1492 1102 117 2119 3857 469 1894 2341 338 4399 2480 2046 1499 388 1601 3081 481 4989 4718 1223 240 1838 589 1723 3216 2544 2852 1821 2622 3292 3204 2224 421 1849 2589 53 2463 2235 2607 3686 81 4144 3628 3759 868 4899 3409 1334 737 3112 1118 2244 4468 3449 2555 3586 1706 4328 4568 1000 2497 2079 705 3441 3609 1131 1855 2809 204 4077 855 3249 2947 3647 3147 1058 4182 3928 2636 1210 1249 1006 689 308 4173 1443 814 4619 3362 733 3146 3772 1332 1709 2068 1308 1893 840 883 2492 1166 66 938 4234 2306 3604 828 4107 4942 2489 1040 2980 2981 4641 204 750 2417 2373 4918 2235 2030 638 4176 2255 317 2431 3380 2075 3296 1480 790 4109 2158 2304 4077 4956 1772 4200 4511 1213 3179 2102 1052 2626 3701 4208 2247 2419 2140 80 2085 2431 1007 1010 4157 4387 2907 2229 2864 791 4092 3892 3058 1306 4484 2854 628 1113 2157 1825 3213 2043 4472 1617 506 2114 234 4857 3319 4713 2126 1747 1847 86 1579 4824 4507 2490 1591 944 725 4461 2535 97
1339 459 1694 2536 4844 4639 195 764 1199 336 1850 4738 4637 1987 4980 2129 510 2414 1335 804 805 2693 2368 3082 4377 3456 2361 320 3379 4058 3419 2124 3972 4718 4610 1040 2837 57 820 2961 1988 2437 2533 3801 2508 1938 3269 4725 3324 4503 4562 3888 2306 1484 2481 3539 1890 1188 2421 2758 138 1305 1246 4966 3993 602 1136 1619 313 4394 4435 2941 1558 3434 4574 1088 3127 882 2689 4786 1138 1779 868 2345 3239 2565 2837 1489 4815 3631 4341 3142 3018 554 35 4951 3850 3289 4463 2642 2219 1739 2288 4533 626 1967 3773 1064 4982 478 2298 1438 2613 1267 389 3564 4107 112 838 661 3465 2821 4177 234 469 2976 3721 2005 632 2993 24 1114 89 4362 3460 3495 4292 921 844 571 2738 4898 895 1899 4647 1952 3760 795 1549 2564 2380 4994 817 4671 1825 4754 164 84 3653 1085 904 1581 1911 2528 4697 1606 671 2842 3204 949 3892 1463 4391 1239 1290 683 3972 1662 4083 3585 1681 3612 2513 2616 4069 3583 2343 80 1657 4446 3217 572 3851 2981 1544 854 1430 4964 2074 4653 2226 4601 4082 852 2610 1496 2786 729 2954 1425 2890 4359 1371 4718 4379 780 1422 1321 1890 3774 2808 1042 3417 4170 2187 37 3251 1873 3735 1351 825 1138 3960 744 3689 2799 3504 4459 3700 2784 4099 72 4797 1700 4624 4082 1205 314 802 3478
4118 167 4825 1314 4888 357 1429 2225 336 3595 2628 3783 3357 462 3815 3469 2033 2851 1098 979 4736 2279 2424 370 2367 1415 803 3645 4672 1537 1914 1241 1569 2931 1096 3825 4750 3649 4924 3673 3960 18 3388 161 4395 338 2662 4410 3206 357 2489 3999 3683 967 4544 153 43 505 4101 4760 1553 2485 2251 4140 2999 2627 4587 1515 2028 1316 3448 2173 4818 1451 3095 4478 3365 2283 4695 206 3056 2556 3301 368 3766 742 4308 4074 2525 2051 399 4064 1943 3234 1728 4965 484 2669 1139 4002 4462 548 411 4068 2342 4409 2837 1360 535 4819 1331 4019 4728 57 2395 3782 4822 2258 2531 2136 189 2854 3856 1298 2289 4347 3283 3987 2778 3403 4666 840 1587 4824 2299 4429 516 686 4718 396 2303 2413 4712 3329 1823 836 1832 2481 2651 2489 1851 2624 396 2264 2984 108 2664 701 3823 4358 2038 560 3648 4540 3683 1023 1565 210 2434 2841 2544 3034 4066 3883 2109 3192 246 802 1731 2853 4759 1670 2146 4936 3396 782 4822 1542 733 641 2268 1212 59 3183 2586 4147 2169 985 3772 1494 3826 1012 2825 524 172 3508 2509 154 3258 3233 4988 2743 3224 2062 1413 4784 3450 2342 460 807 3329 1027 3500 2277 336 1315 177 3732 3406 2671 803 4318 4480 1545 1900 3655 430 2724 3520 2402 2872 2339 3867 685 1223 3040 192 4983 4777 993
2707 747 4767 1754 540 4792 2985 795 1850 2628 3038 1721 2632 2642 2830 598 4964 90 2027 1197 2669 3560 2517 2401 4569 299 891 4255 902 3774 465 4890 920 3781 3900 4996 239 4760 2884 1501 1985 4465 4177 619 4384 2809 4159 2603 2473 2943 931 2982 1466 3215 1043 4866 3090 2555 234 3652 2827 2844 529 2550 2212 442 733 548 2333 1379 202 2651 4708 433 903 3801 3870 4472 1599 2572 3266 645 2569 4548 3659 3010 3521 1914 4917 339 236 3196 4207 1636 4253 4517 526 1382 3680 228 2123 3172 3081 4223 2380 265 3057 2797 1317 700 262 1362 1654 4283 231 920 1525 3530 4091 4331 4039 4194 981 760 1273 360 2077 4273 4065 3220 2269 4862 3910 3658 2300 1284 4431 3424 3589 2882 1654 3908 2922 1838 3928 50 14 3466 551 2063 177 62 3696 4229 1585 1263 855 1086 3756 190 1648 4450 3745 1240 2406 2721 2882 1965 191 3781 2657 507 2889 4133 1281 1631 2632 1132 4304 837 4232 3613 774 4060 4618 2368 4615 2314 1933 962 4388 690 3708 2323 4083 1345 2823 888 3116 492 1560 3571 1085 3963 89 3926 4230 610 3344 3591 554 4651 853 3617 2129 4051 145 3627 4239 612 286 1415 415 1053 547 3671 408 1763 3862 1210 2417 705 2568 2588 1600 3529 1786 4868 2129 3278 2488 920 4915 276 4142 2953 4339 4232 74 4536
678 1514 1526 1929 2715 2916 2354 2354 4738 3783 1721 1884 745 2777 3337 3859 3863 3760 2519 1129 2957 2650 4913 1292 2800 4800 948 1373 4173 3567 3478 1614 793 2943 967 927 201 4378 4801 4312 2098 4565 1518 2350 1849 4759 3524 690 3320 3663 4909 1180 2735 4943 2148 2051 2422 2324 4888 4496 250 2146 3492 4019 190 2325 2388 3281 3570 4007 2876 4434 3089 2096 4003 1751 2089 2925 2747 477 3308 3251 2653 54 4864 3537 1319 4613 3360 4841 2723 2382 4468 2870 1024 306 1613 2488 296 2485 2569 748 1126 3432 3501 4860 2096 4420 1671 2227 2131 2639 1109 2894 204 2299 4557 2059 1701 4045 761 3520 4189 2101 217 4462 47 4594 4554 3742 1543 1103 4801 4442 3857 4614 247 2297 513 928 725 504 2368 693 4536 972 4550 1615 3404 2743 4129 4779 1148 4558 795 4749 2203 4984 1663 1629 1392 1864 2060 4809 4270 2674 4415 1603 1026 4794 2923 2063 1758 2334 4282 4618 2302 4811 647 1314 2729 2654 2343 544 3647 359 580 1009 4281 578 1238 241 4932 1568 4333 3938 254 4119 4968 3073 3191 1842 3060 3339 1694 1103 4169 2593 2935 2397 2344 4096 1754 2748 1344 3867 23 4212 2081 3536 2570 4862 4455 4027 392 773 3694 4961 1147 823 1236 2208 2060 1976 17 1731 3974 4710 3529 3322 1238 4222 3393 2714 1080 1529 4498 1351 4325 4176
2999 2897 755 4097 2188 3940 2377 1580 4637 3357 2632 745 3373 3250 4673 2634 1482 3910 2312 4836 740 1627 4061 2499 754 4977 4721 643 3355 1039 4628 3495 2255 2775 2034 26 4918 3724 2722 348 1452 915 4420 340 4412 1191 2771 3056 807 2640 4876 1746 1058 2995 4228 2790 1427 3964 2661 2617 1860 1117 4150 4090 3735 1417 3830 3964 3677 426 4923 698 2476 26 4316 2137 3136 4513 4514 1282 687 403 88 709 2915 2835 288 372 3961 1816 3273 1068 1016 4710 1730 1846 788 3766 648 1673 832 4158 1342 4824 2894 2520 1544 342 3238 4426 4608 4238 3299 274 1523 1935 2285 3370 4925 1249 11 518 2427 3256 4368 3470 3339 1334 3839 4987 2840 2287 4030 177 4249 2275 4751 4618 2768 815 2396 3009 1881 3744 1765 4967 2724 2161 3148 4936 2686 3133 315 1859 4508 1461 2146 2463 877 1431 1810 2910 3540 1738 4191 4943 3976 3510 1511 1935 3242 3664 1949 2142 2163 748 2527 2509 3694 2735 3251 1302 50 2302 331 2628 4455 3382 717 2406 447 1525 2474 1696 4380 208 4975 1279 260 4672 2770 938 1192 2599 4635 1858 2754 3984 3544 39 4595 2001 1361 373 4124 3490 420 1616 2428 4691 1947 2566 1917 665 3081 3605 1687 88 343 3302 4515 4321 4206 453 3918 3601 2121 2944 4410 954 238 220 548 674 2356 1454 4694 2660 4124 3688
3513 1025 3169 1878 906 4407 373 4920 1987 462 2642 2777 3250 1959 2949 3296 2636 3773 3137 2754 2361 291 2227 3840 2459 234 4851 4937 4235 3614 4702 2347 3561 350 1111 2195 3548 3036 525 1266 1489 2355 704 3735 1822 1315 3583 629 1891 1843 1913 1787 57 2236 2329 4772 4600 4752 1545 3601 1233 2351 1921 1308 2408 984 1458 384 4652 876 4654 391 3901 2790 4385 2378 3533 3159 434 2513 2826 681 1155 2330 4697 256 1770 4830 888 2626 373 241 2689 308 1371 1058 705 1318 773 3739 3839 2077 4561 4017 3880 2043 372 544 3017 111 2454 4464 4380 55 1649 1762 4111 2542 900 1692 3737 1916 3134 4405 470 3631 4481 4987 1935 614 906 1069 2271 3350 3901 2414 1855 2757 3403 232 495 364 4908 181 28 218 113 4933 3144 272 248 3347 3830 3785 2222 4398 1175 2705 2978 882 4850 4366 3529 623 398 3679 4556 3796 4083 3553 4210 4875 3169 3412 2927 4041 4437 965 1584 1152 4538 323 200 1320 4660 3444 3543 1375 4461 1009 1716 3086 3702 4471 2600 1915 3255 4937 48 3738 710 3042 4742 2132 2286 1957 4519 3107 1271 1592 2182 2053 3214 3924 2612 3665 839 196 1878 528 2657 4801 2709 4892 2765 2396 505 4893 2720 2685 2797 249 3498 3226 151 2926 4577 2282 4079 3460 2456 1782 1953 1139 1119 1230 90 248 4980 1822
1367 1889 4921 4290 2174 660 1981 1919 4980 3815 2830 3337 4673 2949 3442 2082 42 3228 2942 1512 3707 3756 4157 3922 4504 668 4095 3956 2607 4064 676 3798 1778 1278 3939 1746 1311 4984 3354 4678 28 842 4378 4336 388 1559 2033 285 212 4491 4435 4060 2904 3468 3489 1592 3735 1251 3544 4104 1992 1527 1940 4602 2936 4643 280 2579 3612 1841 4677 2217 3494 3736 3566 3200 2350 3506 148 1322 1078 3219 3390 2759 2865 835 4166 4139 3895 2971 3769 1248 4910 4783 652 679 554 4218 1862 4533 524 4565 1467 3789 3999 3966 3100 1620 374 4029 3545 4983 3197 4620 3587 4895 4999 514 1025 3899 3147 987 1494 2247 4506 462 1033 1859 2439 80 4308 968 4326 4385 932 1620 3740 1229 327 2684 2118 4616 1946 1445 4757 584 169 1619 3922 549 2754 1382 1540 855 3379 565 1139 4565 4955 2383 1571 2496 568 2086 4169 4338 3438 4772 3917 11 4259 39 4124 897 3035 595 4914 3244 2522 202 4517 2159 4014 4309 3753 4852 1503 4773 4837 343 1333 3728 3001 2482 3189 295 1352 1456 4960 1379 451 3534 3801 3719 4494 2251 2856 2691 3237 2553 2164 4018 79 2632 265 3077 2269 3555 4766 3490 4659 574 4568 2802 4048 2327 2259 4646 4523 4304 1648 2723 2993 3365 4470 1752 1584 4143 1016 1523 317 1320 3209 3569 3050 1231 4285 3230 2527 904
4110 1398 481 1949 1891 1772 1856 2660 2129 3469 598 3859 2634 3296 2082 3356 1659 2623 4585 3271 2672 2515 573 1749 765 530 1182 2333 26 4209 4040 4266 3380 4210 1628 3522 2995 971 2032 1659 2127 3932 4510 285 873 3355 771 3994 2316 3365 1059 3550 4871 4590 2380 3969 1274 3490 2132 4529 3472 3099 2189 4856 1227 398 2180 1527 783 3348 1689 1679 3988 4597 3051 3609 561 4790 44 4378 2952 1897 2939 1196 811 3199 3835 208 3492 2569 2846 3964 1708 206 4998 2938 1987 2135 78 2649 3622 3428 4997 2917 1958 652 1701 216 4496 2873 3536 300 1797 1570 2617 1992 2056 4181 853 2434 1567 4121 4230 2096 4102 3161 3187 3455 3668 4025 829 3119 869 3019 930 1278 2032 2312 4803 1793 4847 2620 836 3987 4334 4265 2193 4931 227 3381 4178 2401 237 2711 4694 3230 24 3453 408 1829 654 2339 2737 2133 3325 182 1880 4689 4922 143 4063 4683 3788 1078 3112 1541 2105 1915 131 4758 4319 1515 4811 492 4843 3979 1643 3901 2592 405 809 4401 1040 1689 1848 4923 3329 1429 2082 1901 1711 4685 93 4030 4084 2935 2334 931 308 2245 3292 2292 65 4457 2626 4736 3511 4249 3250 4228 4533 4548 495 894 2621 563 549 4929 1784 746 35 1492 1327 1820 2991 1839 610 3720 645 571 2353 4534 1646 447 195 4865 1417 4086 4908 1545
2128 1192 4694 4056 2590 3658 2972 2312 510 2033 4964 3863 1482 2636 42 1659 3335 1802 1409 3454 1398 4772 1280 2150 2192 3216 1440 705 2470 4888 2185 4418 3277 1938 1329 4510 4954 4070 63 2151 4801 4159 1849 721 757 2909 3256 4847 4167 4064 4664 3252 1559 4805 476 3135 4727 2545 3705 2808 4912 2691 1020 1878 1087 3671 222 2869 1995 2255 290 643 656 2704 1469 4679 4121 3535 949 3946 3301 959 4347 3867 4878 1926 4609 427 2584 4165 4864 1955 3903 2527 1411 3563 3573 2115 55 2844 3291 3639 2986 3619 3738 691 1990 2449 329 3784 797 1656 1658 910 1420 2148 372 1542 3659 2969 301 3127 4129 3572 3664 2941 4103 115 1380 4648 1131 2202 1534 2686 4643 4108 733 2084 885 3751 1222 3977 618 4292 2091 3460 3748 246 4752 3303 4155 469 1855 571 1538 297 1620 4087 2227 1493 1189 3456 2326 2640 4185 1347 1587 595 2171 3063 1636 4983 705 2598 3350 3286 3521 272 3199 816 3619 3494 228 3274 147 3418 1869 1132 1640 1092 231 725 3312 3738 3725 2026 2736 1942 3977 3925 65 2632 273 4269 4695 3950 2619 4938 2862 1127 4883 523 1361 2225 1825 1807 483 2774 4124 2920 1107 523 4719 4077 2102 155 890 738 347 600 1686 1445 2343 1684 4191 2248 4702 4795 1263 486 231 4591 3859 3336 4405 3314 3390 2659 2835 2305
4442 2401 3819 4781 1728 3557 4608 3985 2414 2851 90 3760 3910 3773 3228 2623 1802 1285 2052 91 1710 4716 588 3231 4681 2096 3980 219 373 2624 155 1203 1575 4161 2608 943 4717 1095 4641 3086 2169 4903 4483 510 1451 1250 2802 4195 3172 4534 1252 3097 91 1414 1175 2775 3261 1599 1987 3934 709 3046 4777 1523 2002 3769 3235 3557 4475 362 1313 3552 1559 3281 1841 583 2435 311 4931 3603 1835 2573 916 4214 3481 3203 3663 3028 271 4138 1771 750 422 818 883 2902 1351 2294 1563 3608 4144 3404 2009 2014 1849 4827 3342 1840 901 1080 2499 4941 1948 3767 542 1833 801 3925 2618 3374 2115 4245 433 276 4385 4513 1349 3020 733 2200 510 1980 3947 401 2582 2014 1324 3219 711 2948 4315 3059 1741 3530 1772 4683 3826 3838 2856 2237 4430 2797 3231 1982 4517 4434 4745 2245 629 888 4786 614 1182 460 3679 4288 4789 2671 1336 199 2363 845 4089 663 1248 2604 2412 4925 2982 4940 2742 2931 2054 3532 397 4257 3274 3163 2440 4590 2342 2554 1089 976 4428 3522 1793 708 4459 4765 4763 2544 703 4711 1735 3350 4387 4644 1060 4986 4620 4413 4907 1800 493 2096 1229 3376 221 4971 3670 2958 4205 2279 4976 2248 1914 1313 3709 2163 4608 4546 3568 4660 4910 3838 1809 4577 2945 2769 4246 496 524 1651 1801 4659 104 388 4650 4221
1452 3896 832 4647 3364 289 463 4618 1335 1098 2027 2519 2312 3137 2942 4585 1409 2052 1354 3557 959 425 594 1818 2403 3073 3530 3155 2335 961 113 529 491 3805 3683 4424 4585 115 2631 4912 532 4485 1536 1957 4596 2690 2932 3045 3814 2936 611 2819 1791 3387 455 2811 3338 2497 2792 1791 3428 1105 3071 1764 946 4222 614 2514 197 2986 2486 2874 4170 4772 840 3889 661 965 627 4850 2760 1441 2133 3699 2676 4776 2980 4429 428 3150 3213 516 1211 3275 989 4223 4061 1915 4917 4774 1072 1487 3702 3070 2739 641 2766 333 2521 2257 2663 3807 4761 1554 3156 751 407 1472 4477 4146 668 3938 3162 3558 400 4270 3068 2120 1533 4714 4251 1306 1535 4494 1565 2699 3733 127 1518 3014 4510 2033 2358 3689 2140 2883 3787 1457 4369 873 4825 1641 527 3635 1155 4511 1468 78 1198 2150 1127 4703 1439 2454 4821 1891 2077 3622 571 4835 983 2610 483 2208 1096 926 4413 1109 50 2171 2221 3254 200 1738 1030 2446 1507 2872 2362 223 1771 4187 1198 3039 2016 1835 1687 2731 1095 1396 1784 1447 4316 516 1945 714 2946 4920 2794 3574 4237 3345 3089 4965 1662 2260 3119 4641 2436 1604 4832 2903 3911 1033 3168 1184 1578 2264 2497 1290 2678 1976 1913 2474 574 1321 4345 371 3101 4774 1929 1453 945 2441 2242 1809 408 4217 4382 1300
16 1963 1335 3071 1550 2311 1137 2746 804 979 1197 1129 4836 2754 1512 3271 3454 91 3557 3888 832 3630 1677 3102 1918 3371 2251 787 3536 4117 3984 536 4585 4679 2406 4447 4837 4385 1674 3366 4715 3144 2726 3474 4294 3411 3318 3485 374 4396 34 112 791 4267 1925 3435 4885 702 3867 4330 3114 4419 4585 2336 2847 3212 2317 461 661 3761 1105 2803 148 4897 4192 4915 4568 2711 4398 620 1892 3498 78 1153 37 3099 3698 4019 1078 1710 3907 4738 4957 871 1046 1240 2459 3872 429 3798 1151 4167 2512 1069 4565 811 2376 3002 715 2658 4400 1840 3682 486 382 3976 3198 4306 4064 632 2845 2094 246 1227 1963 4007 2608 4958 2913 433 2608 3812 719 564 2589 4852 3609 3763 4028 1325 1348 3317 4249 463 3531 3058 2934 1960 1888 3381 2801 4150 3542 4144 1285 2964 4809 722 1558 2360 2825 3932 4595 477 1900 1828 4926 3440 2859 1257 1066 2059 796 4158 2655 2554 4112 1514 347 906 437 4819 1647 1294 4567 1423 2740 1135 156 1712 1792 520 262 232 2526 2265 643 4339 2555 1223 3388 3199 2945 740 3200 2134 3801 116 1337 3485 4147 3681 2515 4525 4014 4751 4487 446 2512 1544 2655 4651 2971 1260 1547 286 4651 4823 2292 4906 4043 4333 3291 4057 3766 2301 4040 3401 983 3105 4457 810 4473 3514 2849 2710 4733 1779 1857 3686
4612 3815 3204 699 136 3159 1289 4210 805 4736 2669 2957 740 2361 3707 2672 1398 1710 959 832 3545 3515 392 4170 3121 1816 513 4555 3427 3216 785 850 3408 207 196 1219 4925 879 1666 1563 4181 4742 911 2316 1344 4399 3787 3171 1781 2291 4674 1133 181 4947 2748 257 1574 1673 2398 1044 542 2708 3919 1602 3379 1205 2600 2041 4695 1208 1375 3180 3367 2791 2283 3078 745 2980 3147 467 1871 1935 476 953 177 2115 3448 620 2314 4496 4892 921 4694 2414 3579 3731 4446 4734 1749 385 1391 1114 4704 2170 4351 4889 4581 3488 3213 675 3391 4803 3365 472 2909 2019 3557 3264 4108 552 3014 4018 4859 4252 2141 1760 2674 1641 4604 33 4188 1894 363 3929 1221 3150 1478 4329 3910 4049 2680 1297 723 4255 2834 4608 913 2387 3063 1457 1962 2147 4315 2958 3914 633 2255 1342 2778 4804 176 2021 4253 2802 1884 4518 126 2977 662 218 2233 3681 1038 2347 4189 1268 4930 1638 4308 651 4330 2598 4863 1082 1358 1887 149 301 4813 4361 3042 685 3475 377 1490 879 1043 3148 384 3065 1987 825 2066 3616 1037 4497 1397 4397 4539 4924 705 3528 3997 622 100 1372 153 4082 2549 1418 792 2333 4478 4432 3415 1146 4972 1616 3827 3935 3460 766 960 3864 1147 3389 4011 2462 4236 2629 288 4806 2271 308 4682 3814 3082 110 4240 4379
4396 1175 2218 3569 418 4354 3216 801 2693 2279 3560 2650 1627 291 3756 2515 4772 4716 425 3630 3515 3830 1589 3069 3237 1845 378 4655 2814 3140 182 3950 4142 1600 2573 2186 3135 3142 2120 2725 2531 4941 1706 296 449 203 3054 270 1710 3822 992 3487 559 3591 4707 3959 1549 782 112 283 3518 4959 3573 4881 1443 408 1022 3818 220 4263 2216 4593 2989 1454 2979 2546 4930 1844 1930 416 3204 3764 1601 4324 4940 1610 3382 3644 2634 3770 3393 1990 4689 1663 3078 88 110 1111 465 1195 3160 4227 3246 3562 692 1115 1926 2762 473 672 322 2811 3634 4304 280 2782 4352 4880 4610 1112 2397 3347 3947 1883 1078 940 2150 2101 102 4336 863 1983 1225 1853 3963 712 3108 1877 1046 3753 797 3175 3443 2647 2373 1668 859 1473 4328 3509 3964 2723 2626 1384 4870 4281 338 1609 2833 2486 3091 3375 1987 555 2943 2535 3576 2103 2991 2549 1532 4846 1066 1195 3887 297 2996 894 604 2958 311 1814 2488 4922 2732 961 688 2841 4648 3149 1768 3196 760 4342 3067 1092 3075 2141 1926 1074 3975 131 4865 487 1849 4421 356 1566 1868 3379 3061 3184 3312 652 2517 719 1474 4292 4207 3879 4505 950 2444 4941 4627 4532 2285 3645 1551 1133 2375 2320 2136 1380 1139 3796 3140 1075 3903 327 4894 421 2238 4057 2433 1850 10 1420 2094 793
937 408 3801 4152 4072 4235 716 2500 2368 2424 2517 4913 4061 2227 4157 573 1280 588 594 1677 392 1589 842 1207 762 1733 3934 1703 2565 2397 2471 2982 4673 2885 4467 3361 1059 4922 2647 1501 3668 2707 3190 1194 4360 4456 383 4802 604 4720 4991 950 2961 683 3497 1188 1521 2092 4694 4393 4220 1695 1169 1108 2057 1172 4234 4039 3468 2584 3624 1842 2503 3619 1705 1570 2289 4553 4767 2733 2291 2822 2274 1846 2811 1559 4006 4176 3170 3372 4688 2461 4627 659 3204 1492 1678 3466 4576 2059 2733 4775 2486 1082 4284 3569 578 4563 1224 952 819 829 2291 4649 2959 327 4137 4699 122 4543 4183 2665 2903 3197 3284 2853 1264 203 2940 4345 2796 1365 3075 2868 695 1508 710 1704 3231 4179 91 4557 647 2677 3098 4463 4832 659 2696 2872 1919 1262 2262 4100 3602 3303 1459 809 4745 163 513 1205 520 1246 2228 1681 4867 4232 1926 2403 1221 973 3617 4199 173 2771 12 836 928 205 3319 1741 739 349 1441 2066 175 3228 4017 2268 3743 4465 4000 1797 3374 1492 1359 1455 4466 719 3709 3141 1650 3031 1694 1530 3575 1650 4364 3551 4880 1176 387 245 2737 1057 2123 2353 3207 2232 3779 4334 1785 4769 3398 3876 2996 11 2915 978 4495 4683 3571 2715 1577 2644 1000 3211 4588 4062 4003 397 1967 4862 3079 1179 526 1833 2056 2760
2376 1377 85 2566 3280 18 2209 3607 3082 370 2401 1292 2499 3840 3922 1749 2150 3231 1818 3102 4170 3069 1207 3417 1337 2038 4728 2804 3197 999 655 4829 1062 4814 4331 2984 2049 4900 4253 3382 2996 4293 3902 905 2855 2259 1964 1942 1867 31 2382 4543 529 3696 1656 4763 379 4574 180 1515 3348 3216 632 2466 453 4905 2917 1200 1014 111 1124 3981 955 3447 488 2799 296 2282 1899 4479 1295 695 1746 334 405 2044 2211 2617 3143 2390 2768 4598 95 4235 2363 3196 310 2808 2315 2312 1929 3480 1147 765 341 1953 4290 759 984 2711 400 792 3476 4596 2218 2354 403 432 2918 3421 1060 2605 722 765 3929 2512 4842 4137 2509 4570 3470 2207 4882 1719 3898 3023 1532 1943 2226 4299 1232 709 2222 3691 2094 566 2667 4943 1844 442 1391 116 4855 48 926 4981 3107 3804 3007 4784 801 2689 2479 1001 2164 4236 1297 1096 4673 3409 4420 388 2226 566 1122 783 4711 204 3101 2903 281 619 1350 4489 1523 601 1188 1706 1513 4196 2271 4438 2753 4957 4578 4585 791 3777 1841 4231 1371 3692 836 799 1405 2252 3621 4913 2488 4719 3271 2619 3074 4358 2977 4589 1238 1202 1709 203 4332 4185 2000 2307 4301 4487 4828 307 626 2753 3351 490 2056 3633 2251 3129 2759 157 1404 3478 4460 1063 4093 4968 3159 2564 3583 2416 2959 2615
65 3900 118 2956 2108 3713 1937 2766 4377 2367 4569 2800 754 2459 4504 765 2192 4681 2403 1918 3121 3237 762 1337 2198 3441 1289 4625 4007 1649 2147 1142 785 2620 2935 2948 3773 3585 1330 3782 2596 2177 4125 1546 845 1786 2206 4969 311 4845 4021 4466 1354 2477 312 324 526 4589 4660 1208 49 4987 3910 1410 4610 1169 3723 2885 4320 4656 2632 4545 4004 4170 406 4354 3933 1861 3969 2640 4247 257 236 2902 2058 744 2705 3210 4568 2187 1855 4776 4129 3881 1473 4526 3517 3871 1173 2837 1534 3871 3564 4639 1380 3769 2535 374 510 1818 3046 3813 684 4543 4977 4517 1821 862 2446 4068 2912 994 2104 2235 3028 4832 3210 1713 746 4920 4312 2726 1268 1971 2529 1298 3316 4474 2560 142 1357 2757 2379 428 718 2550 4799 3473 1432 17 272 3367 4983 3123 4919 4296 985 550 3855 443 398 2130 417 3815 1663 2337 672 4926 525 838 4145 1454 2601 4876 3152 2692 3258 3370 2295 42 367 697 131 533 3474 3938 2290 4510 960 2299 2438 4703 3163 3005 70 2796 1094 1472 3943 3057 65 3511 114 577 3454 3144 4602 3695 3480 244 588 2487 2868 3688 2915 2735 911 3620 3110 1596 2699 971 4952 845 3527 3677 4208 2732 1563 3744 3691 4349 3636 1950 874 874 4589 793 2449 4675 4196 792 4493 1460 1982 4145 2350 891 3152 2702
1702 1703 2917 4778 3681 1789 1512 1070 3456 1415 299 4800 4977 234 668 530 3216 2096 3073 3371 1816 1845 1733 2038 3441 522 4869 1684 4326 2557 3553 4011 970 4226 2272 3723 1304 137 2749 2310 2849 4577 4360 3085 3749 1997 1624 1247 4709 4503 1182 3686 3071 1829 4731 3894 22 2268 2860 3233 1913 2943 855 426 2749 491 520 1358 3361 3524 1168 1257 1958 1115 1051 3567 1519 2836 814 342 4608 1945 2531 2586 4343 3554 4954 868 551 3828 4767 592 3143 3742 641 4609 1859 2690 3795 1843 2629 2218 1895 786 1660 1033 1033 1296 2305 4226 3639 4035 4031 2065 1647 1705 3555 4347 718 888 1878 4070 1057 1460 1940 1982 3473 3443 1604 2393 948 1336 1922 145 4501 2567 998 275 1780 3410 3503 4455 4223 3266 4914 4451 3493 4484 1931 1892 4432 2939 3637 2450 995 1946 819 4408 3858 2383 4858 3928 1140 1294 526 2350 1826 3576 2727 2745 400 2243 454 3589 2014 4233 3480 4293 3818 2808 3152 2047 1348 3847 1791 2902 1736 1717 701 2507 1815 1698 1609 2827 3362 1454 4009 654 158 876 2635 4638 56 1644 1751 1433 1405 4836 816 3947 3128 1175 1168 3387 4793 4386 1191 3007 4427 787 189 612 3504 4852 2201 3288 435 4281 2216 4369 874 3311 3907 4869 1079 4276 349 1361 4161 1892 2016 3261 1795 1512 626 4074 375 4229 3062 3913
189 4268 3601 4364 358 4590 3914 2517 2361 803 891 948 4721 4851 4095 1182 1440 3980 3530 2251 513 378 3934 4728 1289 4869 2660 4395 129 985 42 4638 1120 212 2542 3832 2446 2407 129 886 4737 3894 3308 298 3966 1061 2442 1496 1398 4353 3692 1931 2455 2881 2035 282 4302 3946 1058 4857 1250 533 2231 3668 883 4279 2598 3836 697 3206 3491 2811 1353 2764 522 2695 1786 1921 3938 1997 1903 1823 2324 556 3241 3641 990 604 272 4465 4488 2072 851 3053 3298 3415 4502 964 2347 361 3486 1377 4433 3860 2084 2398 4924 748 3760 4959 4366 4698 360 154 2824 1740 1504 2371 1668 110 2643 2465 2893 4695 3526 754 3791 986 4036 869 1259 1961 3855 3496 2199 508 4945 4407 4599 3436 4780 3198 452 4654 277 1967 2802 3552 3764 2641 624 3752 2892 1289 1315 4859 125 825 2933 4847 4794 3644 3201 3437 274 1035 1987 3734 300 3251 1463 1155 3841 3089 420 1021 1708 3727 1637 482 3239 4352 988 809 1456 1103 2494 827 920 3902 997 990 1086 472 713 2924 4791 1818 4768 87 530 2484 4145 3927 3949 4347 4519 2732 1115 3073 1821 1369 3930 3968 115 538 3125 4671 3305 3203 2021 3505 2309 4766 865 1087 4109 3146 3379 3117 3043 390 2461 2611 4663 4341 4738 1470 4085 1416 2567 773 816 4365 2200 4398 520 2684 50 1676
83 2700 1521 3577 1365 1764 4720 2000 320 3645 4255 1373 643 4937 3956 2333 705 219 3155 787 4555 4655 1703 2804 4625 1684 4395 1712 3682 3565 4754 3192 3419 1633 4085 1201 3098 1583 1838 910 3332 698 1191 2184 1344 4952 2182 4234 427 3394 2280 2195 25 4874 4449 1422 4567 1090 4763 759 3041 92 1626 3983 1736 3343 2589 3757 3873 1006 2570 2265 668 530 2338 2335 1918 1232 457 1163 2068 952 4688 1957 2161 4532 3660 191 2133 377 4832 267 1997 4224 1391 2481 3882 3682 3107 88 1799 1875 3622 1974 2804 722 4500 2100 3300 4015 663 2610 2644 2271 1354 3626 906 3850 491 793 1163 3876 4903 2101 3236 486 290 1007 3759 3403 2126 4219 4544 1078 3517 550 2170 2551 3769 2599 3532 3681 4105 3721 344 426 623 2218 4214 3829 290 2052 4235 2074 4478 4942 2192 2480 2200 1567 4721 988 4040 3088 830 4488 1229 1829 3677 3106 4949 4215 1482 2583 528 2487 3660 3096 378 1115 540 2557 257 4816 2614 559 4441 4576 1857 2405 733 4558 347 1504 3515 4046 1225 3852 3810 4187 4648 220 2312 820 747 124 2515 4257 1688 2596 728 2774 3070 4672 4115 1860 3723 822 4919 3986 4913 2426 3331 619 3623 4216 383 242 1393 3471 1329 1470 4079 1504 491 4340 4118 2777 3286 4373 3491 3669 1955 3433 3316 500 4557 507 1126 880
3943 3037 3557 2830 3580 2513 2811 2275 3379 4672 902 4173 3355 4235 2607 26 2470 373 2335 3536 3427 2814 2565 3197 4007 4326 129 3682 2068 2397 129 1015 1550 2635 4280 3845 568 2165 2337 4907 2524 737 1694 3610 1476 2865 3958 4733 958 3497 2599 3037 2567 1980 1854 1725 1542 2736 3868 2026 3617 4296 4045 146 2917 4082 408 1482 3598 4572 4127 2526 3290 4338 953 1584 2610 3574 2920 4742 2634 329 2350 3018 1454 1690 294 1696 3654 3085 4977 552 4893 581 4367 4794 2963 3440 2382 307 249 522 336 2956 4430 2666 3052 3292 943 4541 754 3033 1383 855 1652 3868 4669 2087 3718 1559 927 2617 654 3020 3432 3332 4918 375 2326 4995 1849 2778 3564 3963 2078 4502 2654 2050 1030 3246 2208 1835 365 4664 1193 4866 4504 2790 2734 828 1337 225 3335 1121 2667 4647 2646 364 4217 4591 1583 4259 3612 1614 833 3618 1812 4040 967 1917 653 1882 3546 2846 4569 2339 1228 4062 3869 3455 433 816 2086 3816 2999 4730 4043 4240 4379 1908 3273 267 1057 4822 3984 3465 673 4576 3690 3104 3483 4743 3242 3053 3310 2368 4903 1875 3301 101 3838 688 2868 3526 1285 4546 4596 1381 4554 107 2140 3076 38 2345 1936 2623 1754 2208 2848 4595 4853 94 4694 4739 1674 1438 4150 4584 3229 4365 2538 4483 1015 194 1720 3512 4486 3229 1844 1384
4384 2699 1045 2352 1300 506 150 4199 4058 1537 3774 3567 1039 3614 4064 4209 4888 2624 961 4117 3216 3140 2397 999 1649 2557 985 3565 2397 2622 2173 2271 3119 834 2129 459 3230 3652 1812 2211 71 1654 3560 1677 1056 3854 2695 553 3212 2348 3300 1835 2648 1445 2967 2996 2733 1746 2312 3245 4669 4088 2343 2745 1386 529 3646 2953 3457 3608 4157 4324 1193 3685 1186 415 3026 3899 2012 1405 4966 1003 296 1333 1431 3632 1251 307 3141 3493 1171 4828 3510 2241 4048 2431 882 3079 4181 1776 2890 4815 4564 1193 1513 2622 825 3179 2115 343 4158 2711 1641 3016 3519 3185 4152 1831 3815 4736 2466 4566 3036 3174 861 3863 2164 4126 756 4110 1017 4994 2847 4037 2208 109 937 3854 3811 735 1560 3965 4089 1481 2765 857 1763 4883 4135 3459 2453 3031 2859 4176 3923 2330 3872 3516 3828 1074 3140 3791 4739 365 695 1093 4210 3456 2458 2009 2690 892 2468 2814 3063 3941 2931 2379 1210 4479 523 4440 3965 4504 898 2184 3113 904 411 4892 1210 1384 1447 1479 3688 2865 1237 1709 4308 1997 4315 2043 1726 3375 3961 4613 4362 778 4989 1707 4023 2248 3432 2847 1523 4744 2203 4638 1749 1034 3821 4095 3140 2697 3512 3300 4990 3239 697 966 2359 337 2145 1310 4242 1815 3429 355 3676 3156 1723 2481 1490 2409 2750 2279 724 3445 400 2025
2071 1418 4677 4473 4319 2763 2817 412 3419 1914 465 3478 4628 4702 676 4040 2185 155 113 3984 785 182 2471 655 2147 3553 42 4754 129 2173 2470 1020 4088 1948 1222 3734 784 4632 4089 4889 710 1802 3236 1776 4949 2046 2668 1557 1467 2905 2959 452 3039 2654 226 3663 232 3771 3096 2626 2460 4489 4527 810 1047 1338 3292 3431 4113 3806 4876 4854 1863 867 4608 2654 789 1451 3493 2759 926 481 1527 2106 83 1026 815 3825 679 4313 2286 2379 3892 4878 3737 3972 1959 4380 3948 2750 513 894 2114 3769 1815 732 1048 4789 4138 249 2745 1146 4304 1607 153 4565 3878 2776 3041 1395 1822 3833 4332 3200 3669 1185 240 410 840 1689 3998 4448 4173 4062 3167 4026 3730 192 2292 3149 226 3365 4201 3810 2878 3246 441 4379 567 2131 3662 1727 1853 3108 3646 2806 2967 1918 4538 2142 3256 2749 4513 3879 3214 2648 1867 2308 3269 340 3527 4802 4910 3584 4818 1791 1477 935 2427 4629 2023 1094 3140 2835 1364 3439 424 1022 1658 4654 4501 4436 4791 2516 3684 488 4709 694 1498 3019 3663 2170 4718 1067 696 4232 2689 1935 2366 2551 74 2291 4465 1762 1069 2120 4383 4344 3692 3598 3057 3482 3095 427 4932 2021 3686 1519 3858 2262 4840 2958 3075 4487 1105 1697 4586 633 853 77 1282 4611 3818 1683 1975 539 18 4821 2141 573
530 4751 1659 3581 3568 1324 502 78 2124 1241 4890 1614 3495 2347 3798 4266 4418 1203 529 536 850 3950 2982 4829 1142 4011 4638 3192 1015 2271 1020 3433 2807 4417 2705 3692 1360 1039 1836 3980 922 2713 848 1520 4196 795 1866 512 1727 3240 1281 4964 3758 4708 123 1058 563 1815 4727 2579 3082 2861 793 3102 312 1511 909 2079 4500 3746 1510 2450 1759 3818 4021 650 257 4884 1496 3856 4385 2047 1204 1531 3392 840 4985 1567 88 3746 1589 37 4557 338 4528 1850 3145 3028 3164 2861 834 488 2869 3686 218 4524 2856 4031 4506 450 1801 3351 2700 1014 865 4870 307 2095 1998 1035 4217 3453 1984 3485 1956 4819 1664 1223 1378 840 3570 769 2362 3862 3070 755 1923 3349 493 2296 4637 4557 938 1187 1188 3338 4475 3246 4676 2727 3875 2429 1254 4233 280 4920 4917 2009 4966 1020 2457 3334 1337 4794 3231 4127 744 4850 1695 1180 31 3300 3206 3566 1269 3626 3695 1835 3579 1302 2389 1592 3847 4528 2979 2957 3308 1008 19 4784 111 1544 4157 3488 442 1444 4969 4918 4487 4929 762 2020 871 4369 2597 2579 3045 4480 2165 4648 741 4048 2619 2068 3308 4136 591 1854 3949 3731 2867 4543 501 2086 4152 3341 4147 4726 3025 4376 4042 2034 2367 1292 1631 3053 2571 2691 3471 677 931 4774 409 4274 2641 1561 4898 1425 2680 3081
