N: 250
M: 50
Symmetric: true
Triangle: false
5 176 238 165 37 146
8 107 206 26 29 86 190 44 192
3 217 232 242
4 48 14 200 215
5 219 116 249 136 194
5 4 25 210 10 185
3 30 231 126
3 15 80 99
3 248 69 88
3 189 188 187
3 50 174 149
7 177 70 97 85 142 71 81
6 123 92 193 208 60 155
5 140 117 79 65 150
5 207 42 247 186 144
4 55 95 56 175
4 52 109 76 191
4 93 199 53 58
7 112 1 223 90 129 235 127
3 153 212 64
8 236 139 203 173 234 169 96 201
5 63 162 137 82 244
2 91 22
7 230 195 2 180 19 120 179
4 182 5 178 184
7 170 159 132 118 11 16 104
2 233 183
4 225 45 240 227
6 218 237 110 8 57 141
8 74 3 12 114 161 54 83 98
9 229 32 197 214 202 34 36 216 17
7 164 131 222 163 77 119 220
7 166 84 154 111 13 67 221
5 72 75 103 134 121
6 157 228 181 246 128 49
5 152 209 135 31 198
3 100 38 147
6 105 87 250 51 23 39
6 167 243 61 148 68 94
4 73 89 213 125
4 168 28 66 27
5 133 35 41 106 204
6 239 145 62 21 33 160
6 211 196 226 59 113 6
2 43 20
10 224 46 101 24 241 108 115 18 40 156
3 205 245 7
3 47 171 9
4 172 124 122 158
6 130 78 138 151 143 102
2742 4197 893 2200 2933 2057 4704 1994 1181 1487 4247 4690 2015 4399 1615 2956 4348 1901 454 2774 3652 890 996 3612 1257 3398 1998 889 2670 276 2526 2128 2939 36 4690 141 1512 1664 2529 622 990 1928 1248 1427 1643 2854 2887 1254 2943 688 1241 129 4381 1106 921 4315 537 2328 4847 1846 2575 4282 106 3470 2902 690 2952 1815 4910 2867 2744 3524 4811 1361 3760 3682 1686 4866 4110 28 832 1015 1118 3847 1907 2919 3754 1634 2989 1328 3208 1925 4486 1186 4996 4446 4897 2918 3849 2946 33 4035 1560 3201 3087 3961 4269 2628 1736 4354 301 3652 3311 4220 1825 2545 3944 1681 4409 961 925 4112 3407 4915 2729 1848 235 4403 1112 3835 1823 4178 2228 4697 3473 1242 2698 3547 2302 468 1165 404 1744 1897 4698 1853 3316 1876 4485 2433 4643 3294 4686 3315 741 3860 4268 198 737 4392 2925 4021 199 1007 3822 2359 4487 1153 4024 496 579 756 2337 2651 2344 3285 709 2941 3831 3435 1522 1659 4074 731 3927 1487 12 2907 698 1189 4744 836 2951 3407 2180 4959 942 815 4704 698 1980 1025 1506 715 339 704 2870 59 1933 3546 1129 3078 4085 3992 3142 3171 2206 4937 1495 2038 3971 3517 2422 3149 4879 1397 99 643 3915 3947 1510 1524 1334 2062 708 4706 3911 105 4106 4962 4259 1671 2064 3560 538 3248 4533 1665 3090 3672
4197 4376 1325 3725 34 2954 3196 3500 497 4423 4636 4857 3009 1263 1777 2990 2783 4581 780 2878 77 3006 1981 1762 4458 3942 1919 2961 2807 2973 4675 4912 946 1808 3717 834 1217 4294 1764 109 509 3480 4561 3891 4072 4429 4046 2460 2644 2881 1329 2116 42 1960 4957 3370 1922 3542 2882 1161 2521 1500 2057 248 635 3676 4942 2166 162 3967 1315 4065 1904 4580 4461 2629 241 4904 460 1843 3993 3779 3781 3675 2542 446 4242 3074 2293 1872 4087 171 566 4894 221 4882 4162 3919 4338 123 3573 1624 328 3550 962 3982 3435 3870 73 1803 2189 2264 2105 919 434 4207 930 2469 2663 3696 2048 2409 4972 212 1484 4653 2778 1461 2944 2790 3128 2246 698 1820 4739 69 1365 1030 3997 4405 1759 2527 2101 4397 2202 4338 4190 3843 3376 797 1691 233 1725 245 1577 1871 3915 4303 695 1219 4408 1969 3482 176 1707 3191 4203 53 3310 3598 4819 323 2597 2409 152 4995 3678 3257 4317 4991 613 3520 454 1193 919 4275 3170 2276 370 486 3131 4927 1360 2325 137 4711 3749 2913 2759 2656 750 757 686 658 2625 49 268 1084 774 4177 4566 4516 12 1413 285 3710 4467 159 4684 2472 3566 3857 713 4589 3275 12 1689 3485 3903 602 4963 1280 4143 577 3931 1597 714 522 15 2773 38 4297 76 3248 234 393 2209 1724 4097 2462
893 1325 4743 680 631 3772 1042 280 2407 2544 149 4799 756 1241 4498 1431 389 3281 1037 3898 2190 4542 1313 1834 4819 1796 4398 3742 221 1337 4208 318 2438 2358 2429 2643 3927 3865 3174 4858 4974 1619 487 4969 3594 2318 3183 4649 4503 1735 2353 3831 2507 1144 982 4398 534 3052 2765 2307 987 352 3416 3378 3309 4909 892 962 4775 2327 4131 1804 170 4447 4330 1826 3652 472 3697 2363 72 3920 1852 4342 3713 743 2205 4181 4203 4929 1749 3754 4021 862 1914 960 2267 2863 519 354 4788 888 231 239 4003 4057 1741 1222 2732 2387 2271 1348 2998 4862 1931 1053 4689 2521 4945 2182 2696 1762 1862 3923 2870 2141 4535 445 4168 3854 285 3527 3385 4460 1382 3728 2102 654 2806 1820 2700 13 2217 2665 2302 2066 3267 1859 2776 3421 1726 2017 1816 3368 4920 3284 1897 1050 1970 1797 946 4731 510 2199 2863 391 74 2523 1673 4475 3571 641 1680 53 1751 4703 187 18 3351 878 1403 1386 2753 293 3474 40 4484 2981 1548 4763 3115 527 4237 4508 2382 3442 2832 3804 2808 3545 1761 3107 3668 2841 590 2098 2265 4998 3149 3138 2438 312 1216 1705 564 550 1942 3206 1858 791 1809 3708 973 390 3363 2909 1098 4614 1295 3933 667 1679 883 3615 4477 4808 2649 1900 2908 149 529 4913 1267 3034 3270 4520 1793 1851 1607 3652
2200 3725 680 4613 4081 2831 2648 3728 427 893 1505 3614 4813 1261 2586 4650 4186 2557 4187 4875 332 11 1089 2903 3227 833 914 67 3703 3938 4593 597 1032 551 1441 926 3253 332 2406 1202 260 2824 302 2264 2510 4239 3026 4583 12 4403 251 3632 1492 3323 2651 502 3940 146 2162 3754 1195 1592 4805 851 4341 1605 665 1147 2397 2060 3175 4465 1814 4397 788 2306 981 34 2943 4532 4625 3634 3757 3024 4653 4208 4682 4771 3498 4742 2140 4315 1443 3412 4371 286 660 3190 4130 3817 3745 4921 1081 2483 4254 2852 702 2386 4468 3123 243 4171 2444 1108 695 132 2153 4683 3552 2768 73 656 2011 2730 1282 4402 3505 1717 3931 3881 3140 900 2434 1442 4285 4134 4861 4809 4996 3555 462 913 1602 2475 4909 926 1874 1229 2656 867 626 168 1748 3774 3802 4237 4602 688 2246 3463 746 2244 1044 941 905 2559 2045 4566 1563 1311 264 2363 961 338 1335 1417 4395 3201 639 3280 4837 2091 2879 707 4793 4322 3247 4426 4588 3773 1152 4530 1608 1984 1460 656 881 4534 1306 1397 1038 1146 1045 1024 1876 891 1624 3948 4609 3134 627 4344 3027 2762 4126 2473 497 4834 1860 1722 809 3106 461 685 1607 144 3802 3749 3893 3142 1354 3928 3140 3046 3253 4758 3117 4163 3257 2617 3679 1799 1827 3248 2398 2503 4503 3674 1837 1656
2933 34 631 4081 3223 471 1654 832 2312 795 1154 4197 2128 3466 3127 1908 767 555 4019 4420 3824 3297 3772 4475 3813 1647 1807 2316 4556 2925 4309 2647 3402 4674 1825 642 2199 2535 3600 1194 2563 3079 3966 4376 1807 4460 2399 14 2181 3059 3556 3560 4709 635 1613 1963 3135 657 115 2019 2388 4604 3292 4192 2102 1084 968 4098 850 2436 1550 3555 510 2208 1539 3482 2978 3266 2536 2573 4814 3801 657 2846 4187 2885 251 787 3231 2078 1628 3507 2027 4455 3471 3733 1768 1574 4185 2479 2162 2361 4413 3715 2961 4601 3567 944 2031 4537 2865 3093 2413 3401 2463 4358 743 453 3749 1656 2453 861 4661 3497 3356 4714 1463 2063 1399 1850 4978 871 3976 3076 3360 3635 4855 934 4728 3099 4540 1138 4507 4240 3302 2514 202 45 3373 2575 3950 3542 4166 132 3340 4622 3502 4242 2393 538 902 3277 2022 2996 4199 3872 4153 3562 4156 333 4963 1367 3298 812 3468 1309 14 2994 4165 119 255 1973 373 3809 171 4444 701 2413 3348 1273 3590 4915 2569 2952 1675 4862 3889 3420 2708 3155 1176 1343 1500 3805 1820 1813 3660 4660 2460 2924 373 1830 1532 4103 1605 3515 4495 2309 4152 1422 3101 3988 4231 341 3433 1601 107 680 2534 2256 1363 2414 1479 4647 783 102 697 762 3137 3563 3636 1281 3268 941 4953 2483 2709 983 1257 2019
2057 2954 3772 2831 471 3455 1482 2624 1474 3951 1136 3881 2826 1875 787 946 3027 774 3558 727 4659 4875 3730 783 196 1897 3852 4962 3231 3059 3087 976 490 329 197 3780 4707 4426 322 959 2123 661 3348 459 452 3791 2671 193 886 2001 3863 1007 765 505 1685 1425 1644 4212 558 1541 1781 2513 229 3215 2033 1587 2030 531 3153 3124 3447 72 1808 3462 3184 2102 2261 1656 4100 4530 4684 2521 3121 2089 3265 1833 3259 1832 4830 4836 3101 175 4215 4381 4262 1496 4679 895 4150 1850 1956 2464 2027 1188 1455 3870 3845 4441 226 1977 4517 1211 1538 2377 1655 3792 577 1930 4567 3880 4489 1495 1179 4052 3166 2540 4629 2208 1612 1951 4794 1861 1271 1121 4826 1857 3944 1169 3043 1688 1824 4348 4924 203 2679 1622 906 2701 3561 4834 3885 1201 3664 4014 2979 3870 2383 1664 1492 290 4444 653 993 3884 3516 3886 2736 1526 3856 2648 3351 1974 3834 1578 3658 443 2836 2349 751 1327 1533 367 228 2384 1169 1806 765 4101 3899 4810 4902 754 98 1958 3222 4992 2635 1898 2344 4515 2240 3833 3884 1682 2459 3545 2067 1503 4692 3724 4867 4856 3565 3806 4708 4534 4669 3932 1037 294 1375 3543 2635 3119 941 2169 3173 330 4124 2081 684 1258 413 3994 1515 4209 1377 1797 1342 826 4287 3479 4841 4033 3411 688 1857 1572 1698 2458
4704 3196 1042 2648 1654 1482 2229 2483 1866 3271 4331 2991 3166 870 3647 2854 3869 275 1480 2091 2542 381 983 1649 1865 2551 3448 4633 14 1470 3338 1443 1935 4359 977 2614 204 332 4477 4249 952 870 141 2755 4544 2393 3833 3775 3473 4017 2782 4135 4426 1881 2939 871 1589 1042 3416 4376 3034 4361 1045 4786 1367 3580 164 609 3726 2198 4455 1977 3171 1187 4237 1512 4490 2760 4544 2991 3714 2705 1808 4170 4216 572 447 582 3725 2210 1994 1348 1984 977 3547 109 583 2505 3548 3319 4835 3333 157 1927 554 3962 2953 4217 1390 4508 1725 3969 4054 4205 4565 958 4636 3136 2049 2690 631 3369 4764 3609 4815 4533 663 3232 3202 3995 1947 4925 4831 2418 1655 3169 4282 4217 496 3534 519 2760 27 4171 1046 585 1528 4065 3039 4385 982 3303 2964 3066 1619 1494 4984 4447 1963 4883 2641 969 3776 1280 4647 1167 4429 3570 4711 1780 692 2816 4580 4876 1900 1974 1332 25 2347 2321 2014 4402 3378 3793 604 2831 3805 4470 1125 4384 1889 3536 2096 2183 2037 1753 380 36 912 4443 4025 3214 4097 2790 1056 3204 4086 985 1109 95 624 1800 1691 1106 2013 878 2483 880 4538 4443 1305 2686 2560 397 2047 528 1109 2602 349 1892 300 2167 274 4795 399 1194 4738 578 1280 1371 4365 4700 3105 2261 352 3143 703 1017 4115 2571
1994 3500 280 3728 832 2624 2483 1953 1897 332 4315 3495 2599 4664 4813 4917 822 2446 4458 1125 904 3141 4140 2110 4558 1396 2936 3074 2930 4480 2296 891 725 1219 199 1671 2045 3447 1240 4073 3780 1293 938 1756 2026 4704 4601 510 3348 2729 552 2361 829 4676 211 1030 4288 654 2168 4346 1573 1824 4177 970 1951 978 3239 2021 3216 1868 1655 1475 903 4486 3048 3171 279 3428 1235 1655 3675 3166 4967 948 3709 2909 422 241 4337 2865 3506 2538 4258 390 1086 1866 3996 1077 3203 4031 4281 3300 2069 2539 915 2897 4543 1231 892 4658 4471 4754 928 1974 2836 4202 1361 4664 144 3916 2687 3247 395 1347 1720 4915 1942 4514 3119 148 3458 332 3178 2241 3969 2371 1395 1593 4113 4898 4893 4574 4378 3741 3449 1191 3892 1908 106 4331 1065 3246 4368 3455 1558 3982 1648 1239 3789 2804 3213 221 4668 2057 1395 1318 4847 3422 2450 3120 933 4156 249 2565 3735 2369 2025 4576 2684 1381 1710 4691 1408 2600 408 3229 1040 4634 1725 1555 282 3942 607 4201 4199 4531 4589 3816 2762 3567 3354 1378 3462 2013 3417 1828 1871 1628 2484 947 2910 476 3674 4542 585 1639 2372 3406 224 561 1636 3300 2093 2832 3556 759 1557 2568 4947 3379 2383 3333 558 4017 3024 4126 2959 3150 4553 4792 1874 4362 3686 1995 246 3669 4077 1500 1680 2748
1181 497 2407 427 2312 1474 1866 1897 4288 4167 4882 901 4120 1274 2350 51 1197 51 2232 568 4317 3925 1180 1435 1721 4619 1448 984 4577 2160 2905 1014 2535 2397 3836 2646 2670 30 1085 1689 1324 56 4405 2775 4197 498 1008 3410 1560 914 4304 1067 2290 1985 4656 655 3087 2757 3323 4921 1214 727 2257 591 2569 3678 477 4859 80 1687 3005 3038 4652 2326 1493 3304 1011 1609 4211 632 3375 953 1485 2948 2527 4928 1905 383 1330 3268 2925 2761 3560 3726 2076 4492 3991 997 4670 188 3379 734 2521 865 1544 2045 3148 1061 2405 234 444 4846 2863 2523 1983 82 2547 1148 3907 2960 4124 1728 3948 2429 1103 2863 2078 1074 1268 3342 2388 702 45 426 1383 3069 398 2772 984 1659 1052 2431 895 3007 4267 671 231 3584 2650 1271 3765 224 4845 985 4966 2450 2018 3542 2814 4778 1070 2523 4235 1198 2610 4851 3330 3194 1291 3852 2894 1798 2373 1480 152 27 1779 2379 4387 1243 850 4540 3109 1408 3128 4167 1984 4440 2507 4219 2461 3190 1306 950 2708 2594 734 1089 103 2609 3519 4360 3041 2196 1560 1669 566 84 4653 4262 4090 1152 1926 4648 638 916 3893 3911 4345 3586 2171 2254 615 40 168 4768 4946 3385 2785 2263 3523 33 3301 2959 2940 2530 1205 4013 4358 2974 1967 2718 71 148 1115 932 999 2947 898 108
1487 4423 2544 893 795 3951 3271 332 4167 270 2404 4207 891 3005 4033 1625 2829 4752 2442 2029 1246 1545 3964 777 2191 4910 1791 384 3578 301 346 2404 1226 571 2770 2961 3939 874 4181 3545 4099 42 3924 3637 4032 1245 1400 3906 2911 2048 1647 4450 4497 1249 1339 279 4235 3712 982 1733 2582 4528 1068 3227 2795 3956 1005 695 2049 3219 2275 1444 3965 1393 4457 4693 1584 3921 1559 728 4995 2580 3332 4942 2785 1762 2086 3794 4304 2789 223 904 1804 2843 2398 2601 4362 1933 3578 2506 4901 2015 4816 813 3870 3819 1359 322 4910 2611 3725 1837 2691 3075 2149 2670 4914 1159 2602 3228 4271 2301 3043 1469 1237 3435 1921 1821 2541 3974 2943 1847 4107 2185 901 1201 898 1414 1354 3312 663 2062 3014 3602 12 4338 929 842 1171 1871 972 1456 550 1407 3171 3988 2181 2085 3846 1173 1632 4537 2447 3038 4023 4121 4264 1892 3757 1794 2879 4629 494 3929 788 1189 773 292 4093 3851 2381 4657 4076 2145 1682 3885 2625 4971 1257 89 165 4567 4866 3421 4627 2444 766 4653 4675 4086 1139 4458 2038 4635 595 387 2810 3221 1429 4064 3448 2527 3414 4775 277 530 297 2063 3232 964 2802 2541 3946 3527 3148 2295 3089 4089 1309 4798 4559 4061 1550 262 1537 2994 4575 419 684 3321 3149 351 671 2913 1821 2587 422 4804 3995 4617
4247 4636 149 1505 1154 1136 4331 4315 4882 2404 4252 1177 538 567 4149 4197 4376 3888 1526 234 1912 4766 1268 280 3035 4493 1442 213 2472 445 3226 3664 2169 4404 972 1396 3312 3144 2391 2492 3529 4523 603 4401 584 4692 405 3965 2117 700 4782 669 1621 3090 503 755 4413 4746 100 1424 4350 3418 341 2828 2363 3290 101 2097 3783 3608 3891 1196 3507 2801 1425 1195 4589 138 446 1213 3428 337 299 3251 1551 42 2534 4033 445 380 1924 1155 703 2815 1473 4903 1041 4567 3584 2443 1588 1496 78 1417 1225 2880 855 1698 1496 1744 1947 3990 1461 1559 4807 1286 2765 4303 2637 2755 2780 3919 1782 4805 235 4729 361 3912 2338 1861 4858 3744 3105 2327 2648 3023 717 612 2874 741 2288 1521 2087 2411 4040 273 4197 57 2086 3435 1353 4918 852 3598 1292 988 3030 1791 1548 3593 3295 489 675 4802 4771 1502 1272 340 2778 67 931 1179 2710 3275 4368 1227 552 3197 4402 3108 979 1245 2941 4745 2775 2266 1043 4711 2264 3961 4059 4608 1916 1030 142 293 379 998 3833 3044 3669 3781 1540 1169 1934 3300 940 794 3395 1626 4685 4427 908 969 3603 4223 615 4302 4565 4601 581 14 2771 64 2113 2588 2289 3826 828 2067 926 2016 1727 3122 658 831 1959 4956 3828 3476 2463 4431 4288 515 4424 4511 62 126 4653 365
4690 4857 4799 3614 4197 3881 2991 3495 901 4207 1177 1400 3431 3745 4456 3770 2710 410 1237 3766 4412 326 1619 140 2341 4847 3349 1761 1071 3722 3097 4287 3058 670 4819 689 4932 1889 1374 1708 2823 133 1517 4582 3566 2423 93 4237 241 2182 241 857 2645 4444 3623 2596 1607 2005 4215 2052 3086 1911 558 1143 1339 1980 2858 3717 4089 3317 1792 2631 478 91 2516 3418 4565 1810 4351 2504 2061 2757 1078 3023 4818 786 859 325 811 856 4038 4162 901 680 4776 1509 2714 4839 1752 34 3695 1781 2031 2342 262 169 719 2145 1892 2404 128 1686 3000 3775 4214 2057 2566 4537 4093 4258 4664 2883 2658 42 862 2377 2978 1665 1759 1598 3136 3886 4624 1470 210 706 2714 1535 101 2091 1998 801 614 2194 2543 3085 4443 3182 1725 4499 808 437 2608 1708 1705 4354 4241 477 2909 1769 3382 3300 2035 3147 4745 3806 739 252 3193 36 621 133 1907 1765 1324 2112 2493 638 3858 4597 322 2596 3354 4623 4642 872 4522 2292 4910 1113 2588 4788 1038 4604 539 1103 2034 4482 1474 1765 503 3200 4187 1418 2897 3669 3275 2911 2225 83 4753 192 169 2100 18 4358 4022 629 200 3845 4352 4287 72 1727 753 4056 766 4105 70 3250 1108 2134 4555 3637 3235 3295 500 1268 578 1117 968 2513 2792 1955 4102 236 3380 1664 2995 2171
2015 3009 756 4813 2128 2826 3166 2599 4120 891 538 3431 1066 4023 3625 2751 2185 1699 2013 1815 4420 222 1878 1645 4199 2371 1405 4320 2127 2178 2452 3291 1128 2780 267 1760 2190 3040 364 4466 4247 56 1386 599 2150 324 562 31 1784 1054 2420 1094 4812 420 857 4200 2075 879 2470 3395 4345 4982 82 2607 388 2508 684 341 101 3484 689 1051 1335 202 1520 55 1834 1373 1129 4965 4519 3109 4765 4686 2093 3425 2180 2121 4973 2966 1906 3090 2780 3907 4699 4724 2519 3122 2025 1177 352 4444 1659 4076 4319 2685 406 2356 4441 1020 3293 2908 1277 741 2014 4925 3908 2565 2363 1059 4493 3063 3665 1755 4198 2556 619 3843 4184 2939 4002 2762 163 4592 2155 315 1546 455 3410 1091 2370 1594 3125 3693 710 2691 1676 3317 667 2972 2148 375 1730 3716 2813 4552 726 3412 4461 2902 4252 3859 4298 4482 4900 1108 575 4719 530 1834 12 481 1388 3773 184 4000 1688 1280 1578 3436 2035 4374 943 132 3218 50 2815 1847 1144 4762 1389 4952 347 433 3593 2480 1081 4750 42 2539 569 2703 4863 3402 1532 1953 926 2917 387 2994 2066 3898 2550 3212 464 2109 836 276 4566 3969 4874 3168 2622 3978 2685 1339 3681 3568 433 943 2630 2099 4678 399 3095 985 2068 583 2105 3542 3533 2943 3661 640 3999 1819 613 2638 1182 3826
4399 1263 1241 1261 3466 1875 870 4664 1274 3005 567 3745 4023 2298 2453 143 3156 2741 3286 1594 1961 2883 3235 3824 3174 1696 2598 4820 4137 4777 2296 373 989 1796 1110 2207 4227 637 889 1725 418 4903 3182 1658 811 3994 722 1305 1488 1069 4629 4595 4334 4568 4599 3126 3843 4178 644 4438 4265 204 3800 3973 3693 3294 4292 81 2221 4952 442 2603 2978 1127 1774 2954 2451 311 3835 2541 3373 791 3753 618 2998 3023 2477 3264 3600 4265 3530 1336 1473 2196 1554 1223 2910 2900 2332 3653 2096 2284 2987 871 4391 3025 4947 1731 563 1086 4200 2451 2279 1093 908 4830 827 4096 4813 3753 965 3870 4410 119 1024 1470 3096 3610 1174 4158 4040 4426 1715 1422 3299 750 563 3246 2479 3450 2671 749 3194 2736 3961 4576 2015 3635 4302 3258 3653 359 63 557 652 2854 624 3993 3292 4893 3594 4237 3182 680 406 4411 2496 4258 3905 648 2471 4145 2161 22 37 4280 1606 4225 2116 3285 3483 3031 2664 1469 2323 817 1755 3563 4574 3437 2535 3141 133 4815 3071 2320 1748 1237 787 3894 3522 2060 1490 3742 1170 1395 3011 3323 368 2850 1590 2129 2307 1788 4131 3756 1825 2601 2841 4429 556 3873 4288 879 2477 3912 4819 4036 1791 1331 3924 3128 2932 3893 3911 1419 3093 3374 1065 1176 1901 3987 4880 2665 2673 2916 4215 417 486 4389
1615 1777 4498 2586 3127 787 3647 4813 2350 4033 4149 4456 3625 2453 2787 1257 1464 3929 3215 4110 384 3890 328 3518 4648 4141 2103 3997 3999 3328 4064 3739 4881 533 4389 1634 2134 4797 4272 3222 3819 3183 419 3241 681 2907 702 3027 348 2909 2075 2055 829 3701 1952 4728 790 2742 1456 3051 1922 1124 3359 89 4897 3795 4516 1913 1184 4820 3374 869 12 1731 1443 1666 3659 3166 4136 1206 1331 3242 2416 1269 2679 631 2950 2258 267 1517 4579 1914 1257 2412 2775 1051 966 1959 4025 4343 1411 2664 3124 3688 3449 4614 4075 2930 4203 4884 208 4170 3467 1486 4157 270 2278 3694 3554 1186 703 2609 2655 2928 2597 2961 59 1551 3329 1734 1037 1401 1789 4111 3435 4523 3340 1944 1177 3843 1010 4615 186 2859 2060 2518 4713 1107 2477 2225 4358 3899 3201 3251 2356 3778 499 1225 740 177 3786 4479 165 94 1653 1826 4762 1876 108 514 1388 3510 4139 3346 3838 88 1755 2762 507 3370 850 233 4111 1546 659 1801 2955 3136 185 2935 312 4440 1552 2918 2946 3175 2704 4117 2587 829 326 1896 3846 997 2111 2042 2139 1308 568 1060 2631 154 2273 3720 3214 3172 3814 1775 2163 2183 347 3901 3794 104 3669 4143 1102 3205 997 2913 3163 4382 1464 2066 1188 1674 3198 4289 4318 136 4837 1088 1769 4666 1484 141 4644 1235 1148 2376
2956 2990 1431 4650 1908 946 2854 4917 51 1625 4197 3770 2751 143 1257 4841 4470 948 2777 3429 3814 2422 1487 544 1866 2316 2441 175 522 3638 2594 1538 1839 3559 971 3610 3188 838 2870 4960 142 4709 452 2260 884 2581 4206 984 1024 4256 2780 4207 3442 1101 3280 1764 1444 1332 4245 156 2351 3340 4792 2424 219 2275 406 678 1105 3343 217 740 566 1146 1168 566 1347 298 3540 1943 4404 1671 3242 3182 2243 3818 1004 3464 1344 2016 374 4449 2619 2422 3015 1878 3411 3842 3542 280 763 1320 928 2352 3444 2542 993 74 1584 2617 4979 2895 2039 4996 1235 2857 1524 1131 1035 1026 688 3831 4780 3642 500 3075 4545 1351 4908 3165 564 3556 975 3440 815 4375 196 4689 4829 4522 3794 4839 1183 1859 151 1287 150 2049 800 2087 3194 2198 411 4432 2937 2726 1863 2300 4232 4824 53 2514 371 2183 4586 1123 3141 327 1085 3201 4568 4609 3408 3663 698 2855 2718 2992 1946 3336 2922 1123 911 1072 1474 2301 494 3862 14 325 2384 3325 2191 2579 4768 3688 3862 468 2838 3951 1259 3063 1822 1931 2227 4478 1739 3292 2949 670 4927 943 1606 1035 4978 1252 573 1996 1292 92 1048 4878 3867 259 143 1290 231 4235 3675 1014 2346 4937 2054 150 4078 4653 824 3792 3889 456 2406 3170 3045 3227 2475 4853 1297 4175 2888 4978
4348 2783 389 4186 767 3027 3869 822 1197 2829 4376 2710 2185 3156 1464 4470 4911 1575 656 489 3283 3910 3592 1993 3960 3228 2047 3548 2253 2142 515 2897 2869 4934 2059 2682 4456 3822 540 3255 3107 2014 1405 1379 3968 4827 3216 249 4106 487 3839 3525 2022 4232 961 4816 2761 1422 3673 2540 728 4238 3536 896 4451 254 1945 3165 781 4284 857 2745 4964 2424 1043 819 2947 3713 2600 90 2895 3557 2678 975 4864 770 1849 4957 725 2035 683 107 4066 4353 4504 2808 1771 2051 925 2170 1693 2646 1975 710 421 4425 730 4896 2509 920 2141 4346 1089 883 4721 2521 3544 1159 3696 4473 4392 4622 1568 1390 387 3327 225 2964 1946 1781 616 2010 1818 4657 1005 725 1182 1742 1090 2006 4237 4704 3765 4137 3418 4024 382 4455 3980 4935 4318 4785 3370 3882 1721 3347 4036 3746 2254 1355 3613 932 3327 330 4938 4517 1954 44 4180 1920 3580 1318 3569 2180 4712 4228 786 589 81 3935 4554 1186 659 122 3666 1844 1880 3228 1146 4206 112 1679 2160 4508 1353 3846 81 2959 2821 3690 2709 4681 2216 1147 1476 3758 3239 2242 969 4518 4683 3464 1035 3210 328 3878 1996 4467 1321 4500 4643 1469 1996 432 4479 4800 1936 4120 2469 3428 260 96 3061 2120 670 3243 3822 533 1593 433 1761 4281 3689 4546 4111 2145 1271 990 4683 950
1901 4581 3281 2557 555 774 275 2446 51 4752 3888 410 1699 2741 3929 948 1575 4332 627 3616 1183 2712 1067 3529 3580 4030 3526 2221 2169 849 73 3833 2743 1987 1704 3857 1425 4763 3649 4127 2591 600 15 4252 4381 2305 496 3868 295 4939 4356 1034 3220 4887 1684 3259 3081 2371 2660 4241 4544 101 840 2795 3406 1125 2749 435 3676 4027 383 1086 3341 2705 4740 3378 2699 4651 721 546 355 4231 1066 519 3781 4882 3351 2665 3890 1680 4190 212 2860 3350 1847 2360 2474 2796 603 4477 1548 4100 889 3861 1644 4273 3402 598 4914 3435 4159 2208 4685 1673 1275 4384 915 1110 993 373 4747 79 3433 3034 2386 2312 4621 1395 458 2854 1073 2141 1213 4466 4136 431 4472 3638 2459 2409 2148 4371 324 2776 2638 3085 3112 1814 1821 742 2141 2399 4470 202 3285 292 1518 3754 221 354 2283 73 1675 1575 4240 656 4087 1735 4653 4669 2222 576 219 3908 1854 2410 4001 2074 3087 3284 1236 4278 4879 1549 331 487 2994 1952 2529 4793 2746 4346 2648 3078 3961 4187 2229 539 3317 665 3183 3368 3766 589 4764 1550 1298 4135 3808 3138 138 732 2990 1850 1254 3754 2765 4513 4068 2538 3075 2585 924 4034 4006 2171 3809 2818 2506 1208 4592 3513 4881 4437 1535 599 4206 1819 1756 1797 410 1423 2286 4007 2729 2936 172 2804 4723 4791
454 780 1037 4187 4019 3558 1480 4458 2232 2442 1526 1237 2013 3286 3215 2777 656 627 1263 4939 4794 222 3354 4729 1040 671 2771 4342 4580 1636 3594 1460 3048 2654 3208 448 4510 812 2973 760 4735 562 2563 3419 3249 1104 3869 1898 2719 367 2549 3433 2108 61 1320 4804 2467 4649 242 1628 2281 3230 2078 2185 101 607 4858 4018 910 366 543 1579 340 820 996 4355 3175 1202 3547 2490 1390 887 2838 3736 3018 1504 369 2843 4722 1967 3421 1957 4921 1247 648 2252 4701 3093 4879 1465 2433 3542 3772 3502 4166 4053 1226 4436 4099 339 4984 2779 1046 3905 1790 2720 1226 4940 1943 4399 457 4845 1336 4140 4879 2497 3884 668 224 852 2978 1363 1567 1626 2124 4496 4121 113 484 1396 1541 3699 2580 672 2161 3879 4284 279 3981 4252 1762 2040 2525 3063 2843 4804 3610 4761 3186 1344 1659 2803 1669 136 2234 61 3136 2566 402 212 4363 1163 2633 4126 3931 3513 1286 3678 4766 981 3289 3432 3119 2853 315 3252 213 2971 2656 199 922 3625 2975 2753 1668 895 1324 2837 1640 709 298 1743 3445 1721 1177 4538 2021 279 3233 2288 4858 589 1477 2005 3654 3824 1782 1667 2950 1440 3260 1517 1796 1237 630 346 1186 3226 930 1127 2717 4009 4530 3932 1321 691 802 3061 3150 4464 1035 159 149 4471 180 2887 1869 2623 1093 3765
2774 2878 3898 4875 4420 727 2091 1125 568 2029 234 3766 1815 1594 4110 3429 489 3616 4939 3298 2712 2826 2360 1199 1788 1534 4221 2709 1995 2215 2957 370 4886 300 3567 2454 1018 4242 3126 4846 3309 551 3734 4479 4853 286 4029 827 1513 3219 4895 1661 2877 972 242 2679 1727 1435 933 2464 1363 4545 478 1971 2507 1488 3984 205 1617 1474 2052 4275 670 2977 1550 3260 1005 2375 712 2478 3481 2241 1756 2766 335 3747 4601 4860 3306 4628 4826 516 2193 3690 1921 517 3513 3339 3607 4897 228 3670 2255 2290 428 671 3316 401 4478 3352 4094 3254 4395 949 1593 2528 268 1022 2731 3756 1123 673 2720 4754 977 1708 3639 4879 851 3859 4091 2448 969 2091 2669 4638 3993 574 1008 237 4444 1688 3536 1969 1367 1949 1795 1168 3453 2012 2257 1993 559 3240 2638 2482 3378 3944 4980 3206 4277 4667 2273 73 694 3046 531 59 2108 4821 3037 2432 509 738 1920 4174 3669 4333 2445 2664 4324 3893 4622 2928 4258 2894 4473 1301 2124 1231 1387 209 2053 2572 4191 3719 2685 3855 3059 3614 833 334 3293 4091 838 116 2925 413 511 4553 1322 1668 1892 2816 737 4683 1604 1984 1176 933 4485 2104 4042 3236 610 1956 276 2702 3096 1987 1296 3607 3230 1888 3876 2833 3558 1562 118 871 2831 4099 1068 4252 1024 3197 2437 1266 2339 4085
3652 77 2190 332 3824 4659 2542 904 4317 1246 1912 4412 4420 1961 384 3814 3283 1183 4794 2712 4576 4249 464 3799 3682 2122 3383 2930 2105 2118 1330 2002 655 925 1815 2654 3849 358 2280 2589 3459 4471 3706 734 3956 23 3525 1588 4932 946 1362 4721 1131 4730 3300 1413 466 3356 2418 1471 2067 67 2261 4937 2405 4234 4591 3296 4091 563 763 2356 4521 3841 1426 4955 3898 2887 255 4120 4802 4286 4541 4921 1593 2218 2771 2792 944 2069 1419 2104 205 3156 1854 1279 2485 3918 2404 1202 2558 4816 2446 2687 4562 2325 1342 3389 2170 2852 756 3832 4178 1877 3966 3529 2553 3595 4557 1953 231 4925 3275 1379 940 3782 686 1553 4249 1999 4436 1744 3167 3273 4820 961 3474 2824 3438 2882 3417 4153 2731 4914 3486 3157 2369 4564 1374 3882 3382 1809 98 684 113 4379 1990 4992 3795 221 4542 3607 604 2553 1655 3525 4309 3462 4050 4514 2546 698 2414 4491 4467 1739 4472 4467 998 3538 1562 794 2676 938 2873 4202 3317 3207 2111 3384 2630 918 4100 384 2529 2839 798 649 4496 2924 4463 1441 4715 3659 1879 674 2055 2338 3027 592 1837 3966 413 1875 4192 3314 2589 3244 2953 3444 4495 3386 4560 4565 1880 303 1849 1161 2922 3178 4129 2634 4255 3306 4793 880 2534 3747 3921 4208 1186 2026 2566 895 194 4681 4956 3201 427 1559
890 3006 4542 11 3297 4875 381 3141 3925 1545 4766 326 222 2883 3890 2422 3910 2712 222 2826 4249 1989 3932 4781 1878 962 455 3126 4024 2719 2586 2306 2929 2810 851 4925 1577 567 16 629 1585 4338 368 3623 53 1696 4514 3737 2828 1338 4648 2584 3762 2952 2909 4088 1081 2483 884 3257 2488 2265 4083 3937 4901 1020 4696 3021 1690 1695 140 2837 4679 4574 2049 1325 1792 3569 4061 3677 1849 1474 3092 461 1339 4236 652 1419 4299 1710 3514 3827 1976 487 645 1823 4526 2252 663 3976 4805 608 3254 2669 612 4755 3449 1490 2105 962 1301 2607 1772 4770 4047 2303 3309 4520 3273 1774 1523 2497 1628 3126 4532 1322 4931 2808 4930 2752 399 4365 433 3375 4117 3931 2605 2181 4075 2052 4271 887 4332 2412 2354 4595 1865 4344 1258 39 2448 2247 4222 2524 1213 1017 474 3961 956 1874 322 3261 2446 4796 4473 3611 227 1548 2617 4370 3606 106 1321 1680 632 2639 4113 3749 744 1259 2751 4178 4966 4522 477 4919 3977 1161 4289 1666 1208 3799 630 635 613 1380 3916 1341 3320 2336 1633 2095 4376 3623 23 3214 3895 990 4020 1747 3478 730 1845 102 3221 605 2546 942 1354 1474 2455 2225 2120 4622 2035 1243 3333 4571 2998 299 2121 1155 3490 4101 2411 4565 4121 2374 1174 2413 2423 4251 4248 4096 1780 1397 3941 2255 2452 3758
996 1981 1313 1089 3772 3730 983 4140 1180 3964 1268 1619 1878 3235 328 1487 3592 1067 3354 2360 464 3932 1221 778 4580 3209 2428 335 3286 2566 797 1773 1922 2125 309 1473 2272 3388 4028 1513 903 3979 1928 4873 1932 88 3234 2514 2446 2691 4259 246 1549 689 1062 2542 3043 4410 1345 2768 4946 893 2327 3189 3782 2175 4182 1308 4900 1194 3491 1724 526 3542 654 787 4954 2174 895 4849 3478 1559 180 1690 2219 4184 3791 2671 41 4400 3134 1913 3322 2161 1460 280 543 773 1728 3937 884 3403 4126 1908 2064 62 691 1969 2813 73 3829 866 482 1243 547 3919 962 1148 532 3359 2329 498 4409 3976 3751 2635 4490 3648 1405 1297 2299 1651 3470 717 3470 4804 3287 4041 2212 2457 2575 4334 2349 4835 4977 969 3109 4369 752 994 3351 2875 4445 3135 2535 4659 1196 4738 2795 868 1890 785 2622 297 689 2902 192 4097 4905 321 2014 2656 4428 3559 2192 3508 2524 4984 1432 2019 3635 4788 713 1726 2444 1802 761 1556 1726 4893 1321 4674 3767 4529 2048 24 4249 304 3152 2957 538 1515 3341 426 1069 4035 2133 2531 1277 4124 1990 1683 2380 4854 370 1240 3551 861 689 2242 1476 1190 2762 4853 1401 4258 3022 4467 2577 828 2355 3161 1579 4231 4792 4257 1294 4967 967 3010 1024 4690 1550 131 2618 1036 2382 2491 2007 1935
3612 1762 1834 2903 4475 783 1649 2110 1435 777 280 140 1645 3824 3518 544 1993 3529 4729 1199 3799 4781 778 3068 4842 943 4323 3379 1656 3709 2788 3754 3446 4841 3497 3901 2846 1898 2429 2943 4596 3809 4155 2217 1407 1540 1223 753 907 2034 2635 497 2012 1948 4077 4801 2645 2170 4552 4795 1884 3483 968 1273 2873 2625 2235 4472 554 4719 3042 2800 4895 3344 23 4818 4636 2544 1775 4504 4815 4549 1092 1006 4550 3978 971 1462 2093 1240 2763 2598 4086 4665 3811 3671 751 1370 3977 3358 713 4624 505 243 3957 4286 2347 4618 3553 4088 1180 4410 1860 3571 3944 2863 3571 2466 2142 4489 4383 4509 2185 3299 1123 3638 148 1373 2407 4613 3604 1653 2632 932 1299 1579 4380 591 3209 1403 663 2956 4478 293 2290 3245 2933 583 1886 1566 1118 2051 4207 841 3516 2843 1768 2879 1803 3455 2732 4655 132 2028 3851 4182 3001 2873 3727 113 4022 270 1604 4974 1738 2427 977 577 814 2733 3095 1783 2153 1875 4141 1721 280 2584 1478 506 2661 2267 2269 4918 4442 2307 4164 1046 4043 3996 1886 2639 4879 1753 64 2524 2494 477 2221 687 3045 730 1335 1783 4295 1435 476 1707 2580 2211 2003 2658 4979 4442 2939 724 762 2764 4970 4906 869 3107 843 121 3481 1624 3138 851 2236 3333 2010 465 4271 1369 1741 2236 2973 1372 2674 267
1257 4458 4819 3227 3813 196 1865 4558 1721 2191 3035 2341 4199 3174 4648 1866 3960 3580 1040 1788 3682 1878 4580 4842 4597 458 4149 2385 1321 2540 2973 855 4414 3385 1134 2998 4247 2396 4960 1929 2348 3965 868 935 1703 1944 3770 3264 1198 2892 97 3634 4840 2454 978 3660 3182 3517 2038 3862 3195 4595 4931 3686 4944 3808 3782 4489 3575 3586 4669 1415 415 210 512 4247 3423 592 572 4045 4769 2340 4436 2532 1705 1018 2964 2557 892 1162 3267 2929 212 3673 841 3521 3478 1445 4771 1572 1150 2565 680 1755 4835 2257 3856 2536 4985 1345 403 104 459 3523 921 2212 3910 858 2206 4307 1574 1256 4482 1163 3631 3950 1728 3116 4867 2158 3633 122 58 87 677 2285 4579 4259 4328 3898 2598 4108 143 2523 620 3885 1039 858 4611 2362 2593 3150 2797 2454 2854 673 3653 1190 2526 2686 4099 1835 3114 4998 3601 4726 1057 4993 4560 188 1042 2997 2510 3126 4873 3729 460 3301 1467 3467 2245 10 1047 568 2644 937 942 3597 1029 1609 4871 3579 3085 2233 685 3084 4358 3718 3229 2824 1093 1742 946 2964 1008 120 369 1672 3967 258 4304 3580 1068 3577 4599 3475 4524 3172 322 4804 958 2351 1368 535 2115 3863 4432 4619 1052 2611 3411 4811 379 1577 3781 2707 3719 4073 1994 1347 173 3168 4256 4756 4066 338 3095 904 1398 1101
3398 3942 1796 833 1647 1897 2551 1396 4619 4910 4493 4847 2371 1696 4141 2316 3228 4030 671 1534 2122 962 3209 943 458 3023 4461 1476 373 364 1173 4645 1962 1705 2497 252 2598 3278 4288 1334 126 3241 4051 344 499 3688 3187 4611 2652 1744 1207 4638 188 2567 2680 4455 3705 2465 2667 4867 3362 4451 3177 1378 614 1968 2510 1565 734 1706 3719 3411 499 4624 4901 3530 81 4305 4694 1130 3512 1780 4442 875 4932 3122 175 3548 3728 4509 2005 103 3082 4523 400 3408 4620 3119 4464 3299 2549 2343 113 187 3821 1449 2333 1255 350 2630 4943 1608 935 3140 1842 1750 4018 1943 921 4223 3884 4435 4698 1096 3525 3089 2953 2199 193 2427 3204 1822 995 3143 3296 3149 3438 4330 1158 4074 856 1651 1211 2435 4297 4210 2581 2449 4522 2258 3888 1806 4151 3162 3238 2226 3848 4207 970 2448 4501 3378 138 2012 4544 738 2867 3546 4427 4993 32 4832 2414 1010 398 2932 4894 4196 3426 348 1859 260 3759 1516 1416 591 4041 3570 3400 4719 3506 559 2612 3399 4773 1963 4116 4903 3643 667 2008 2707 3736 2862 4280 40 4957 2231 2511 1381 930 4633 4927 2914 1078 913 2828 1826 4346 496 4363 2847 2942 3332 1980 4275 3491 1809 2611 105 3682 3516 942 1207 1614 2927 407 2143 2347 3834 2483 1370 991 4003 2982 305 1825 917 4577 4859
1998 1919 4398 914 1807 3852 3448 2936 1448 1791 1442 3349 1405 2598 2103 2441 2047 3526 2771 4221 3383 455 2428 4323 4149 4461 4776 4500 798 2238 2088 4159 4702 2681 833 2588 1293 2256 3694 4357 458 2257 3291 1988 1631 3115 2515 2210 2661 4456 382 2141 2024 331 643 1121 3007 679 2968 3135 2733 383 4739 2187 523 3780 4866 13 4439 3357 2889 3031 1033 2694 3859 3494 4236 3936 4731 1826 3730 3105 2473 3895 3067 1223 4209 443 3550 1047 3430 2949 1538 1003 3147 2312 4990 2136 3019 4574 154 702 3951 4666 3768 3715 1415 1369 1879 4247 504 3019 3783 129 2764 1242 3927 2434 725 1619 3197 1838 2623 4491 4914 89 187 2095 1333 1335 2044 3245 4965 145 1174 3550 2420 815 1348 2123 1385 3260 146 3634 2143 4726 533 334 4857 3513 4652 4802 961 3670 4961 1074 665 4552 2448 649 1094 4278 2525 3553 3072 3921 2681 438 3108 1427 700 2638 4406 1410 1264 4476 2410 4737 2807 1838 760 852 4365 1474 3158 2092 4197 1305 3065 1727 2095 2654 3699 717 4655 1080 1104 3694 3621 190 2133 3341 4299 3080 2284 3545 1279 2519 831 15 1438 4276 2090 1060 3308 3356 4141 621 1824 455 4579 1247 2303 70 1237 1353 4797 4291 302 2478 4923 4218 1715 2839 4496 4055 4662 1272 149 4666 3699 2712 2558 1073 2599 730 3610 2147 465 2759
889 2961 3742 67 2316 4962 4633 3074 984 384 213 1761 4320 4820 3997 175 3548 2221 4342 2709 2930 3126 335 3379 2385 1476 4500 4849 510 1893 3505 848 2504 4583 1251 2998 3583 2765 1137 479 2328 3447 387 3560 2112 2707 736 3455 667 1037 4752 2089 4491 3743 2878 1931 4465 2291 4759 3110 2262 2038 1953 757 4337 1912 3924 1714 4396 4111 4460 2076 409 188 2035 2262 2961 4713 2707 2099 1862 4520 3632 2436 3339 2700 2615 3086 4157 2885 1035 160 255 2165 1730 3958 4869 4915 581 99 3844 3833 1794 317 1758 2232 461 1865 4359 2532 1156 3719 3450 1921 4979 3667 2045 602 3849 4040 2351 3426 3153 893 1518 2280 4657 3386 2007 4003 3970 681 1686 2863 1248 3988 1181 4861 2194 1539 4755 537 1146 2940 1051 1078 1334 1605 2831 2587 2961 4407 2017 4570 4875 4884 4535 1915 4765 1826 137 1618 3132 3144 4701 3798 956 4314 129 3160 4857 435 360 3302 4027 1863 1351 4074 1565 3035 530 3628 4386 4278 4447 1636 2013 4735 4234 471 4091 2690 3856 4195 1867 2764 1530 1353 3718 2238 4023 2278 1413 2682 4166 3390 1531 918 792 1899 4011 1395 3610 4245 1215 1886 2864 3235 4847 2048 953 3255 2398 3182 1419 972 4022 975 1844 1452 2925 2940 1185 4173 4147 3872 3205 3646 2926 1593 404 4996 4928 1782 877 2448 1172 3324 2322 2393
2670 2807 221 3703 4556 3231 14 2930 4577 3578 2472 1071 2127 4137 3999 522 2253 2169 4580 1995 2105 4024 3286 1656 1321 373 798 510 2354 1570 4282 2365 2229 4571 3141 3973 735 768 2857 4737 105 4234 4601 1814 4416 2474 4010 514 294 3084 911 2450 3712 4750 2884 1027 2977 2599 4440 4039 1033 4549 1340 2447 3544 4933 1758 560 3690 1585 1071 177 3467 103 1012 1662 3168 797 4795 3470 733 3860 907 4108 3910 1809 1695 4691 1561 562 2193 2657 2015 2366 2878 3125 2500 2802 2975 3744 4738 3277 2438 3035 4291 494 1742 2165 3910 1211 2608 1575 2798 4858 3606 2298 528 961 3390 3046 3739 4977 4500 360 1595 1845 3744 3102 1230 4891 4294 3865 1533 4709 77 2693 2263 2224 4686 3012 1409 3149 903 1127 2088 2254 1687 1090 1174 1656 474 202 1152 2073 2060 181 3052 3907 72 2378 1674 2362 2693 3755 2781 3415 1804 4972 1248 77 4879 3397 1831 4374 1786 411 3986 1602 1973 4294 2526 2514 344 2404 3769 843 4350 1425 3480 4827 4753 4747 1536 3984 3745 2214 3239 1597 3919 3227 3068 1257 1718 4248 4871 1249 2861 3569 2742 203 3901 1583 839 1520 1791 3062 1985 275 2434 2685 1999 2595 4024 3985 2878 3238 3859 2551 1444 3612 1418 1013 2787 2424 4577 447 222 4292 2557 3083 374 4954 651 4458 2828 2555 1542 2728 3581 2233
276 2973 1337 3938 2925 3059 1470 4480 2160 301 445 3722 2178 4777 3328 3638 2142 849 1636 2215 2118 2719 2566 3709 2540 364 2238 1893 1570 2197 2451 1554 4686 1149 3447 166 581 2113 3539 2066 2595 4977 3699 4883 2257 1754 637 1885 1797 1555 4797 1919 202 3581 1630 1444 1316 2392 4165 2112 237 2354 2616 3600 3434 4364 3451 4150 941 4900 796 1307 3621 4086 1244 2213 1770 3587 893 2962 4345 4763 1714 2045 3064 3779 3489 4932 1664 4785 4273 2179 730 1153 4066 1707 322 958 3506 144 1910 291 420 508 437 1765 3960 3152 3997 1573 2065 1913 3778 991 2167 2259 3710 382 3924 1386 4818 942 1816 1717 1694 3035 4216 4554 4942 2416 761 181 42 3920 1250 3479 395 2048 1794 1116 507 559 1258 2794 330 2160 669 4339 115 1851 445 2796 4298 737 4650 673 455 2407 941 1969 3846 1498 3353 4496 609 3413 469 4170 664 202 4534 3459 4736 359 1827 1419 1696 1400 327 664 4229 548 4110 1871 2060 1674 4487 3391 2780 2065 885 1583 1206 4695 3425 1297 2837 2985 2449 1050 4116 175 1733 2612 1206 1693 523 4300 2282 381 2210 4149 3272 2291 4922 1111 2206 351 1063 4795 4499 3845 3845 1672 3217 2903 4464 3616 4237 1697 1331 4109 2119 4311 1169 1170 2466 1858 2671 1160 3443 474 1233 3348 3236 2776 1480 2813 1844 758
2526 4675 4208 4593 4309 3087 3338 2296 2905 346 3226 3097 2452 2296 4064 2594 515 73 3594 2957 1330 2586 797 2788 2973 1173 2088 3505 4282 2451 125 1286 3552 314 2271 2067 4956 1311 1707 4719 3011 244 1156 509 4400 302 1570 193 3664 4306 366 4009 4114 2082 3104 3790 4648 4069 1592 3671 539 1545 1936 1160 1688 250 3098 2895 4426 4631 3114 3345 1235 932 4252 4370 2184 1336 3751 3350 1228 3493 3745 3892 2736 904 3133 4003 3222 3925 2583 4759 4097 300 1245 3686 3074 4553 907 504 583 2001 4389 3575 1764 2402 978 3790 3559 1685 3783 413 3277 1840 3476 1094 2043 1334 2574 1082 3135 2941 1812 2981 4617 4344 1843 2692 2872 2688 1523 1840 3792 4502 3496 2892 234 4249 994 158 2379 619 1967 3367 4578 1641 3896 3518 447 63 949 3158 1226 3129 866 4045 4621 1497 3899 589 3013 2342 631 2151 1108 1084 2060 2532 4631 815 423 1175 2750 2868 1252 1717 2854 1970 2792 2609 4370 2201 2634 1817 3418 2518 363 1460 833 247 3777 1986 3023 946 4321 1667 321 4035 3844 2762 2706 933 4914 2088 2145 1331 3392 3872 3000 1911 3657 746 3964 2643 2429 4770 376 854 2715 4195 3416 3985 3009 3923 3868 1400 2591 1961 4508 3661 2669 461 1675 2224 4920 4481 2262 1972 2900 131 777 3222 183 2362 4776 2972 3351 1699 3512 3381
2128 4912 318 597 2647 976 1443 891 1014 2404 3664 4287 3291 373 3739 1538 2897 3833 1460 370 2002 2306 1773 3754 855 4645 4159 848 2365 1554 1286 145 2319 2775 4147 3010 1426 1112 3472 2388 4676 3346 2490 1686 1504 420 1238 3243 1872 202 4269 2030 1426 4156 622 2897 1758 1257 4190 3975 1031 4383 816 1007 1564 336 4288 2802 2747 1357 3042 857 555 4196 3341 1131 1983 4024 2577 1842 602 663 2960 4267 556 929 2156 3101 54 1311 4068 1262 1162 977 4280 14 480 3013 3114 2924 565 984 2856 2660 4138 1978 4201 3260 4593 1550 4831 3717 1430 2814 2388 1113 1284 966 4947 3523 3111 13 948 1900 530 3173 3166 4776 282 2954 2693 2944 4072 4220 3982 3979 4469 677 3651 1874 1016 4130 109 3346 15 727 4282 111 101 308 2587 4594 3418 4212 4810 3869 2797 457 3487 619 1897 1280 1269 3505 2251 901 1307 2347 1233 2836 1877 2538 3039 2391 871 2430 3499 3018 2091 3134 1234 1803 3004 2542 4949 4066 3761 2404 1530 4064 887 1765 2611 4034 3303 3053 1488 3224 3980 1105 2489 2686 4939 2390 2478 1724 1501 4113 4480 2103 4944 2382 3167 4633 2410 2323 4203 4786 277 4757 4050 1691 4099 2424 3155 1404 190 852 3685 4731 2576 3165 3066 3655 4966 3613 2976 3891 998 4347 1320 2854 1524 3811 1320 1482 4460 4014 168 2018
