N: 250
M: 50
Symmetric: true
Triangle: false
3 242 47 43
3 222 1 145
6 137 4 42 245 74 175
6 174 50 210 76 19 71
3 148 12 236
2 36 157
5 162 204 31 94 147
7 173 40 97 55 246 209 34
4 14 165 80 108
1 248
7 200 6 156 81 196 249 231
4 187 240 184 44
5 69 78 21 201 192
4 183 244 13 49
5 123 54 216 67 5
5 126 17 39 30 56
6 140 15 158 35 193 172
3 2 51 107
3 153 122 98
7 27 68 65 87 238 214 151
6 188 117 75 26 182 16
4 177 127 33 58
8 171 125 232 91 218 115 202 93
7 90 120 100 9 154 135 227
3 25 199 53
3 186 62 61
5 166 247 57 197 220
7 37 66 155 86 109 207 224
4 41 45 3 48
7 142 189 79 198 206 181 136
9 146 138 234 163 59 168 124 161 129
3 169 195 64
3 217 223 211
9 203 24 190 178 60 132 112 113 208
4 89 230 130 228
3 23 213 101
6 96 22 92 226 239 77
4 141 102 243 215
3 70 241 63
5 8 28 105 121 85
6 88 73 106 38 7 219
6 225 116 46 170 237 150
4 131 10 167 235
6 212 11 29 95 84 82
7 128 18 144 185 160 164 32
9 134 159 194 104 103 111 83 250 99
5 139 191 180 233 52
4 20 176 143 205
4 72 221 152 119
7 229 110 114 179 133 149 118
4538 4371 1374 2565 3154 3315 3381 4206 4577 4781 3849 3207 4652 3028 3919 2167 237 4764 1838 755 480 2946 2214 2018 4581 962 1354 1556 2012 1601 4315 1448 4717 1651 1052 413 684 4234 1271 4987 1069 2487 1578 1753 419 2460 4179 3771 3699 3904 2256 1256 3774 2982 3903 2487 1547 904 4518 1834 3872 2064 578 1862 4672 2903 4478 4653 1820 1305 606 1623 4526 4217 1980 3307 1036 4549 658 1766 2494 2598 2456 132 2137 4726 2912 1611 2759 265 4739 4795 2075 318 1129 2341 3900 3429 1562 132 3133 3964 2548 4538 269 1554 2422 551 2601 1196 605 2323 1785 2712 3087 4759 4996 4463 857 980 3468 1402 2870 2331 1485 2143 1677 2845 294 3911 2207 4408 1781 693 3736 3841 3392 1869 1152 716 503 205 1085 3658 2727 4464 3464 3384 510 4380 1722 1892 1878 3832 1485 787 2743 3933 3309 1855 3976 4007 3633 4229 1840 778 645 659 2887 4083 2435 2981 3729 1632 1132 384 1475 1466 1036 1806 2383 3253 4338 1988 1886 4681 4515 3859 4360 4628 938 4505 15 4520 3097 1028 3324 3004 2242 945 3888 900 2891 2782 4156 3900 2802 3345 1707 3782 1684 4592 1312 4559 4829 2438 4449 1466 2068 3999 415 2365 3414 32 3639 2297 540 796 1901 512 925 4202 1894 3380 1083 3539 4639 4694 1308 419 704 696 3687 678 4000 4895 2900 4596 2698 675
4371 4853 109 2622 4104 2901 1353 2863 924 4376 4953 3009 1701 4191 3936 2880 927 4167 1719 1377 1366 3076 4388 2013 1857 4632 781 1943 536 2025 965 1315 2060 4286 121 1816 191 1973 1194 2705 2807 4875 3928 2510 710 1964 2483 3291 4536 2221 2946 828 2077 3716 2327 3801 2396 1499 3402 3417 1370 4893 235 236 1941 956 4051 3470 652 231 66 1629 3266 1687 2836 2430 1710 3888 1722 1561 2819 4597 2384 1246 2026 3396 1900 3771 1112 2455 2035 2775 747 4742 1753 2259 2032 3594 4337 4464 4833 4148 2815 3978 3281 996 4371 4536 1562 2727 2212 3291 3013 1056 2822 2074 1049 3842 24 246 2902 1496 4078 2628 1319 2258 3796 2932 1981 3429 373 4815 2801 1688 3743 3686 356 1903 2456 465 4081 4136 3639 1253 2254 2839 387 4447 2404 3130 291 4905 2216 4673 705 825 2168 2426 2584 969 998 4522 2789 2364 483 2828 3393 2568 1614 1621 1740 340 1259 1329 172 4794 3022 4548 3654 1118 3699 573 4929 3558 4073 2161 4749 1918 1411 3618 4700 3987 3522 3942 1290 754 1013 2415 4904 3928 4697 1454 388 714 4450 226 3220 2360 663 1452 4683 2931 3373 2164 1038 3461 2311 2143 683 3487 2994 1512 4850 4369 545 2817 1581 4195 593 374 3821 3366 790 3563 4964 3365 2304 2323 3840 1387 2080 4750 564 556 4173 4544 2715 3362 2156 4830
1374 109 3469 1317 1622 3302 3748 489 4701 612 3458 1196 4290 1291 1225 4081 685 4548 3250 2681 4173 3147 2451 2218 1779 4592 4568 1395 1427 3671 641 855 2655 1795 537 4437 1980 4863 1144 4314 4022 1906 2670 2514 2141 1056 4765 1690 1951 3081 4077 2070 2743 3119 3177 2869 3866 3002 2710 2120 4153 4595 4777 3977 885 4884 2756 2440 73 2120 3614 843 4144 1818 2042 2974 2627 4370 2575 1043 3869 2980 3762 1237 2955 1504 4210 2846 996 1719 4972 2646 4531 4542 915 3452 3900 406 643 2992 374 2830 2186 1116 1960 3127 1039 2577 816 2892 2882 496 2442 4184 415 1531 4620 762 4816 143 1483 4984 3991 4186 3787 443 3415 4413 1542 871 2778 522 247 2710 956 807 1039 977 3704 1383 4883 3832 1250 3468 4885 2723 1558 3934 4728 139 4108 1261 31 2032 3176 633 2165 2060 2864 4850 2567 201 1669 2908 335 574 1330 4901 450 2273 622 3796 443 4424 4975 4551 528 315 1593 4971 1050 2016 3868 395 4700 2039 3725 889 1727 4364 1443 973 2948 2950 4601 1314 2058 1670 130 1011 3885 4500 1843 509 3299 4243 3677 812 3653 1696 3018 4393 567 2899 4932 3276 4278 3378 4361 1801 4004 1941 787 4599 3876 2112 2515 4657 3586 4509 4526 4567 4978 4235 1902 3432 4288 638 1396 447 1629 4430 3237 2739 3705 268 4209 2007 2065 2510
2565 2622 1317 3508 2155 666 652 3000 4037 3320 3472 4706 988 2369 1852 1566 338 4506 127 616 2835 1002 2624 892 3483 1608 3594 752 4515 2050 1550 1752 13 1438 2334 1654 276 1823 4351 719 1707 759 1023 1788 2468 2167 1260 3250 4069 2126 327 2341 1983 4937 3104 4499 4521 33 1424 270 2980 1401 4768 659 1576 2239 4800 4695 2288 4596 1753 4853 1183 3735 4263 4239 153 741 3581 1376 1805 4406 2281 682 4058 2624 412 4337 3642 2985 59 877 3178 1038 2618 4698 136 891 3534 472 131 3275 522 2131 3638 1965 3744 4042 2974 3662 2320 4701 4618 2674 1258 4944 377 4984 2057 2963 4719 1449 3937 1718 874 3717 114 1977 4664 1990 58 2442 4444 710 2135 4839 2589 67 2583 388 1102 4801 1167 3023 4045 2274 674 212 2235 4963 3791 4341 4765 3041 2124 703 3187 1381 4082 1075 1583 2452 1974 3576 4723 4199 2936 2035 363 3975 4426 4453 753 699 3938 1432 225 4774 2980 3088 1135 2608 625 772 1190 3811 1544 3582 290 1593 4539 243 2716 3127 1451 3245 1375 1374 4718 12 3555 2675 2620 1892 3163 868 272 2613 4685 1858 2853 3791 429 1781 48 3439 4313 1600 1082 881 3051 357 3035 1224 3340 4305 1658 2820 524 522 3695 317 3334 2799 3014 1803 4470 4688 1084 3367 2522 3498 4835 3038 2846 567 4988 566 4585 4806
3154 4104 1622 2155 1348 3970 4704 3292 4929 1649 1116 2277 1502 1842 3139 3573 210 4401 1763 4074 4360 3650 3661 4336 3131 2651 1333 4374 1784 4669 4199 2179 2111 739 70 838 2318 2269 1586 3048 1275 1567 1938 616 4314 4102 2901 1994 332 323 630 1683 1714 1921 1444 1972 2063 2387 4290 4340 1638 2061 3262 4189 3528 3047 4794 4522 4594 365 404 645 4904 4645 4319 2394 1082 4741 2452 474 2972 354 3589 4477 3110 3048 2297 996 3982 1932 3404 769 2161 3896 511 2840 3154 3613 192 2428 2294 4885 851 2817 3214 4234 1390 2167 3146 664 1073 4251 2444 3861 1039 4179 1682 2160 2560 1194 1887 1361 1148 3625 4083 1205 4949 975 4346 1398 3113 1552 2301 983 1776 3092 1442 3029 687 1386 3094 4617 3388 2232 2468 444 3046 2858 2990 3867 4875 4668 3957 3507 1372 779 898 2788 294 2478 4937 1682 4052 3246 409 2430 1322 1835 2448 1911 3757 4003 2397 3990 1747 2064 670 3862 3710 661 989 3589 2706 2908 167 1881 868 1972 2904 484 2688 3032 4346 2270 2415 1100 382 4657 1972 2411 3683 2647 815 1227 3480 3702 3771 1605 776 1879 3651 663 2516 3663 2865 655 1422 3935 4789 3814 3069 384 2656 4655 4301 1182 1913 2001 3839 3329 4376 4428 795 3359 4443 4724 270 1349 3366 1210 1863 3548 4240 1091 1262 1521 4489 3255 4274 927
3315 2901 3302 666 3970 3108 2732 3758 51 275 1598 1496 2456 4917 537 1119 3976 137 1150 75 38 1933 1935 538 4304 1986 719 559 2939 3997 375 3977 4015 4538 1921 1684 3469 2181 2049 4015 3335 2462 96 3792 1933 1462 3408 1945 257 30 568 999 684 4987 389 3173 3083 4370 601 2861 2375 4203 129 3277 4697 1970 3834 2634 4379 306 3441 1117 665 1602 400 2367 2700 3613 3125 3631 1912 1809 1749 2574 362 1817 1569 2078 2716 567 3624 1953 451 1568 3171 4183 2108 489 217 2161 1215 575 4663 4816 441 3356 1309 671 1910 3093 315 2443 21 4361 302 4246 3608 4088 22 187 3509 4061 3649 4006 2899 4764 3292 1950 514 1497 1834 4668 4311 1883 1582 2191 3856 3486 1575 1097 3110 2136 2052 3763 1445 4882 1579 2467 4595 4971 1970 3039 1331 3232 3963 4071 2232 1910 1351 3426 695 655 4323 4783 204 4923 3778 3471 540 2097 3924 2613 1210 3503 783 4130 480 2875 3646 3922 43 4169 377 3370 1933 4666 872 599 450 252 2213 4561 2944 3490 2095 3369 3471 254 234 3941 2321 3591 1483 1810 1650 3510 4191 3611 1905 1600 4671 3963 1346 1244 977 3775 2762 3819 3827 2242 488 4208 4935 1075 3636 2072 3138 4660 3630 4197 2760 4019 3044 1996 3958 277 854 1600 1229 506 10 1196 3120 3511 1027 4349 3429 2883 4268 3633
3381 1353 3748 652 4704 2732 2622 1975 435 450 1819 3735 1974 3510 4099 567 232 4859 4699 4796 4269 4146 590 4516 1491 2397 21 3204 1520 1830 1068 1539 1495 1561 1217 3903 558 1975 363 3852 1909 2831 4301 3613 4488 2948 4388 75 613 3122 4431 1463 2844 4814 493 778 4219 4236 4175 4895 1657 4860 3668 1879 2385 2666 4230 1412 1212 441 3228 931 391 2679 2805 691 4789 3624 96 4721 3770 1782 1335 1993 1828 727 1527 4696 2315 3037 2818 1675 616 267 1360 1850 1941 1943 1017 389 3689 1063 1326 2234 873 474 2672 609 735 4267 1228 1787 2493 29 4018 4207 4483 64 154 684 3803 3741 2249 4487 3587 1713 1535 3006 3502 4433 3904 756 3136 4195 3110 1915 13 962 4035 2428 2946 2414 2300 639 913 4139 3852 661 1430 4531 3361 3275 727 1366 4171 784 1653 482 3695 2225 1807 878 3606 1386 4494 4964 2470 1071 3144 2999 4720 2514 4381 3541 4453 3896 979 2846 4444 2785 3701 4837 4488 1587 2554 3545 4587 463 4669 2037 2260 3553 4323 2691 1628 3338 895 1655 1200 3590 3843 4469 1825 4760 902 878 2617 1506 3487 4724 3784 1604 4181 1655 3290 3220 2921 2118 751 1138 4270 3058 2996 2126 1882 3961 1159 272 1938 3950 474 4969 241 1283 2329 1195 3368 2727 3299 1245 4861 580 1076 125 2611 827 3687 1682 4372 3548
4206 2863 489 3000 3292 3758 1975 617 2675 2481 2520 1149 4139 4749 875 1496 4045 2160 4028 101 2550 1978 2239 4623 2429 1216 4685 828 1194 2946 4739 2435 4150 1580 316 3231 2226 390 2247 2697 4227 4358 1119 3556 1394 2550 3657 260 4392 1940 1185 1521 1784 1575 3766 1652 4124 4848 2256 1446 856 2806 3738 4757 2221 1376 4691 405 3130 4473 790 435 802 2500 3538 1177 3322 2799 1822 3327 3646 1784 2580 4093 1694 3157 3093 3295 2926 3998 898 286 4895 553 4229 2841 2767 3791 746 2313 3347 4559 2644 1589 2808 2755 2055 3274 282 2158 4902 4852 1582 3324 4629 2659 4786 3347 1382 385 3291 3265 502 182 4299 3914 1920 2803 1271 3955 844 46 2032 706 3390 1989 1154 1616 3071 1725 4827 3267 3432 4005 1106 1879 4176 376 2087 1338 2512 3291 1503 1751 2591 1539 3221 2852 1386 1611 2315 2205 1849 4566 2093 3171 1689 313 1394 4357 4560 1806 3507 2215 1565 39 3089 29 1885 1450 2479 4676 1410 1082 1341 264 4148 4346 4347 3951 2144 2654 602 2571 4089 170 3678 4359 3214 460 1110 2066 3593 4679 237 4296 4026 2680 1913 1338 4018 2388 3651 922 3631 1074 534 177 3677 404 2393 1385 4974 4306 4187 4601 4724 2493 1195 2119 1100 3829 4179 2414 1927 1000 2795 3798 561 1931 4464 1920 4583 1336 3833 1713 3528 797 1011 1773
4577 924 4701 4037 4929 51 435 2675 138 4714 1305 917 2250 1139 2618 4998 380 3164 4234 4173 4494 135 4024 539 4764 4382 3903 3918 4335 1361 1868 1171 512 4222 1850 2421 267 776 566 1593 608 2906 4782 3791 3646 357 2053 4985 4387 3651 4260 119 1997 2597 618 3101 1727 3342 15 2304 4455 2874 4118 1506 2805 4541 4116 1990 4323 1788 2395 4985 899 3790 414 1448 2783 1164 3413 3400 3923 3841 3619 2745 702 3813 2819 1596 2416 2191 1017 3823 480 3119 4182 1592 3953 2601 4121 2552 2857 2922 3702 4141 107 1181 2577 4034 4995 3894 4806 3530 1925 1004 1926 3258 2847 3691 4740 489 4651 4713 356 503 4349 3272 4657 1760 3814 1078 1493 4196 4812 802 1500 2217 1513 773 2030 2634 2310 28 2404 999 1850 3905 467 3089 3438 4934 4701 521 2005 4287 253 3524 3708 4666 90 3330 3425 644 1076 622 2237 2671 3897 1941 4996 2605 3288 704 1829 4838 255 237 51 2993 3679 2513 3874 731 1922 4563 1034 1170 754 3990 2203 577 3069 2402 284 445 3962 4221 1060 2628 2573 68 2370 3160 2175 3265 2155 4989 3885 838 2969 4489 4769 2095 2338 191 690 789 4428 2411 1619 1802 2118 2745 292 1300 1399 4788 4343 705 2154 1094 2840 101 1112 1879 181 3510 936 1273 4140 1624 3769 4602 1375 1482 530 95 4027 2881 3004 429
4781 4376 612 3320 1649 275 450 2481 4714 2272 4372 1248 1896 578 1095 3882 2086 4397 2688 4927 105 2262 2206 4831 1456 3517 1540 2150 2602 1694 4415 4462 364 4826 4554 4357 2765 4187 1907 4083 1939 764 2598 1469 3318 1151 3375 4402 1863 1037 1420 826 2965 4551 2818 2893 4600 3436 4838 4183 3103 3347 962 4029 4098 961 2630 3820 4451 3648 3832 3638 640 1718 1013 251 192 2812 441 1694 3483 3967 984 1362 1569 1159 2158 2061 4963 2053 3842 2408 1888 229 2096 1975 3146 1742 253 2866 1068 4248 2283 2057 3275 562 3728 277 434 3818 3504 503 3483 246 26 3555 1398 1322 3452 4734 4722 3908 4517 37 3933 1767 729 2924 3510 1028 691 2756 1562 3014 2707 2349 3140 2534 3661 2164 4553 2051 242 4793 563 4378 4140 4913 2904 4661 4345 3040 645 361 4765 1953 10 1503 4923 2006 2719 614 2237 4067 4269 2674 1186 3853 3515 2811 2519 1981 562 4701 3784 4012 569 2723 1046 3972 4015 893 3658 3325 1142 2186 2650 2003 2265 2682 3369 3460 1653 2310 1433 2051 2021 859 3017 2795 4192 1724 474 4438 4253 2418 4568 3746 4989 3675 1785 4503 1716 1751 3018 335 1338 2866 1126 4842 202 4333 1907 2559 2152 1449 4389 2755 3863 3272 1431 540 1422 3139 1940 1489 3132 2049 1165 1025 1261 2915 2513 1598 2468 4204 2472 4532 1689 2497
3849 4953 3458 3472 1116 1598 1819 2520 1305 4372 1967 1714 210 2272 4852 172 1822 2686 2254 2707 4240 3610 1821 3295 1492 3600 1007 4891 3306 3666 1117 103 3596 813 4654 2817 272 1548 1237 3085 2866 2487 4386 354 4075 1854 594 188 263 810 3780 1397 2908 3429 4904 1633 4809 715 1425 3056 3576 4482 3500 1349 1985 404 2031 2565 3466 49 4419 3025 3901 1379 1353 2766 3735 1298 1329 654 3428 2919 3373 3303 2392 1666 215 725 4960 1050 3655 1681 2201 4709 4402 4875 337 88 3479 295 4377 4743 2666 3439 314 4551 435 4805 1541 4995 2628 2354 2529 564 1349 3217 113 4516 3004 1255 3824 2082 2107 1327 1401 2415 170 1863 316 2587 2111 1942 1748 322 4024 2204 3443 2901 4584 4172 492 529 2039 357 1988 2782 2724 4324 945 1040 1407 1965 4685 1087 270 4120 43 4239 1731 837 1494 427 4880 1975 1723 4350 1949 1884 1656 2152 2832 1937 120 403 2920 2121 3418 4993 958 2420 2953 3633 3069 399 1388 44 1225 2044 1562 3631 3992 2055 221 804 1143 2078 45 2496 1346 2362 3947 1348 4994 3912 1537 2315 3851 3384 3943 1323 174 4373 397 4807 4754 4230 133 3291 2986 3546 4331 766 2633 1524 3533 4794 802 415 2670 4794 3564 3683 2474 4545 557 3343 519 1853 3680 4474 4913 3139 3401 3716 2215 4550 4428 2797 2093 2132
3207 3009 1196 4706 2277 1496 3735 1149 917 1248 1714 4273 3180 2954 2641 685 4196 2549 425 2423 1972 1224 1925 1100 3118 3100 3848 2827 2791 4208 3070 4747 3590 3248 1447 3238 3115 2164 3510 3810 3963 4025 4124 3207 3914 3152 4709 1529 1923 3219 4219 3592 3922 4058 3443 3281 1162 1339 1271 163 445 4889 3484 72 3519 4086 3806 3054 4096 778 3384 841 665 3529 3330 735 434 3400 2541 1730 1654 4864 1808 3358 3636 1929 3542 4588 505 4244 504 2245 4328 2637 4831 3151 2117 3609 3950 4391 2681 1901 1004 4478 59 1707 806 1322 1724 3736 4935 135 2419 3812 4619 1276 4980 75 3190 3149 12 3276 4938 3525 1915 4389 1874 1922 3864 1808 3690 3782 4764 86 2948 2337 3101 669 3185 1421 318 96 358 1393 3067 201 4811 3008 2022 402 2563 758 1882 2685 3482 582 1029 2422 2833 2540 2447 1910 4415 2760 1473 301 1671 4188 1324 584 4351 4007 2794 3222 1746 1105 1604 4900 1093 4496 991 2027 3996 4903 418 3093 2427 1384 1771 2071 2228 1461 547 3904 2476 3324 4986 1353 2806 2742 4468 716 568 1953 3889 765 3907 3047 3529 1406 3913 1069 2493 302 1279 1961 2131 953 2769 4091 559 2149 624 2731 619 3818 3576 491 272 875 622 2912 3731 3857 1250 981 155 3383 800 1081 4130 167 2832 2127 537 1190 1896 3500 2600 3086
4652 1701 4290 988 1502 2456 1974 4139 2250 1896 210 3180 4204 2837 2862 1920 1111 3519 1188 4761 3909 3518 2153 441 2347 2068 453 3320 2689 604 1869 3401 2320 48 2012 2782 442 56 236 1400 1516 2789 3583 1687 3304 4594 2989 405 4939 4327 3536 1440 1300 4618 1945 873 3682 4116 3787 3605 3710 1912 803 2931 4746 4452 4797 19 745 1938 2095 955 2802 3344 4659 2776 2226 2034 1360 953 309 4779 3596 1721 3077 1642 367 3246 1153 2531 3329 3448 40 3214 4607 4955 3242 4327 1152 2012 4019 139 15 2018 339 843 2647 3789 1149 3904 1443 2736 3530 872 1201 339 4929 1458 4100 2665 22 1417 4702 2392 44 3554 406 3125 1424 3283 4477 4133 2777 3203 2249 1768 1600 3260 3120 2102 3267 2642 370 2330 65 940 2764 2280 217 4647 4813 3870 660 2352 1424 1866 3407 2759 3276 744 1359 4996 1837 3321 1913 1650 123 4470 2058 2338 1479 3929 883 2271 3007 2196 1981 3852 2727 2672 2971 2696 2692 43 623 4583 2901 475 2491 587 243 1646 1494 1784 3951 463 865 3114 2314 3410 409 3717 2430 2623 3577 1088 1032 1121 68 847 4142 1828 3656 1485 2440 4040 4440 4680 2724 1808 157 2252 4325 727 1301 4015 783 937 1539 3247 4463 4784 2985 1724 2928 3710 3770 974 1959 3898 2861 3417 3381 2096 2244 2542 1955 4452 4382 3795
3028 4191 1291 2369 1842 4917 3510 4749 1139 578 2272 2954 2837 1748 2983 4321 2804 148 2810 3558 3525 1985 4389 1089 2552 865 230 2454 1953 1812 1061 874 1637 2076 372 1402 3238 2942 1980 2133 3346 4317 2265 3139 1681 2785 3642 931 3431 2471 3893 2398 232 19 1165 3587 1453 292 712 388 4999 3325 3479 1834 2727 2915 639 459 3108 4470 4760 1809 1845 897 3935 1149 4164 686 3716 4803 697 3372 1713 3177 1248 3916 2384 4039 1216 4356 4441 95 1347 1479 1493 1663 4387 819 1955 2607 3256 3622 796 1656 1911 2562 670 3019 1822 2971 2430 4225 3532 3262 3329 3206 4327 3435 1143 3198 3038 4055 268 3165 4735 4740 4187 3189 163 3690 2511 1411 374 4942 2237 2760 2785 902 3807 4063 1428 2889 2985 1500 501 3810 1082 3149 1677 4498 2449 3031 3490 2255 3115 194 4746 90 2437 1359 1036 4363 2099 2518 3128 4598 1747 1942 465 3452 220 1514 4911 4813 1304 2763 1780 323 1413 3680 4670 2403 3970 4736 1684 1376 853 4320 4457 3714 1425 2616 4060 2254 1063 3997 4535 4741 2378 4218 4128 4429 3306 4238 3297 2575 2875 4632 497 2745 2705 1954 2769 1464 4487 798 3055 2751 2963 3207 4723 3383 3176 2205 2508 4409 1341 670 2064 3754 3462 932 4484 1764 4846 17 4892 1071 4987 1450 197 4011 4214 4584 1702 2243 4911 4417 922 2776
3919 3936 1225 1852 3139 537 4099 875 2618 1095 4852 2641 2862 2983 1269 3471 4083 2099 4550 3968 697 2764 3452 641 2657 3917 2425 157 285 3316 1451 1964 4014 3835 3145 150 2938 791 2063 1187 3050 4742 305 2842 1417 1052 4585 111 368 1715 2552 4634 330 4711 1551 882 2058 1423 2215 4403 2512 1819 1161 4772 417 2174 1258 4589 4796 1397 969 3768 4048 4811 567 1717 770 3771 4392 1150 2639 945 1976 1175 3011 2368 2466 3247 3835 4780 4884 1232 4982 3637 3640 3230 2732 2962 478 90 4015 2563 3465 2295 1898 942 4769 2827 1114 502 4452 4389 4987 173 4785 2841 3643 350 483 835 1572 4944 4172 2530 462 425 2222 4108 3513 4046 830 182 1930 1249 791 2735 558 3160 3954 4847 2548 1455 739 3307 149 213 2927 2901 988 2960 4646 2174 4645 3554 3865 1967 4796 625 547 3352 795 2808 3382 850 2613 4149 1677 2524 1422 3929 3007 4100 931 3213 2587 4381 2568 833 2531 4417 1838 4026 2905 308 1135 2827 3846 1516 1766 1495 1503 421 3970 341 949 3404 867 499 1043 4191 2725 2124 280 2591 4741 1551 2421 1072 3170 2307 838 3870 1095 3158 2806 928 2180 231 1418 3707 3007 913 1141 1317 4551 4227 3367 2351 3264 726 2999 3840 1492 1251 2991 2809 149 1730 867 3842 4560 1533 3630 1683 736 3618 2032 3546 4477 3692
2167 2880 4081 1566 3573 1119 567 1496 4998 3882 172 685 1920 4321 3471 1090 2670 2426 300 952 1878 100 1287 1730 631 2110 4832 2713 3233 2691 1980 4624 711 3040 1708 2136 4813 4402 4836 2740 374 4676 2891 230 4213 1553 1142 4500 4468 2526 4506 3944 1550 4666 912 1190 1192 3998 624 537 4513 4193 3717 136 3527 4065 1790 1329 3519 3522 3271 4764 1311 479 1329 3030 2849 1071 3800 2436 352 3450 2167 3882 4522 2383 300 2924 3050 2616 2251 1777 2768 3484 3412 4614 3772 3412 3081 3647 1977 2529 4577 2090 627 193 4542 1174 4321 4282 4570 2351 2075 2956 866 2169 3717 2373 3748 24 1228 3632 3539 2521 1362 2267 971 1264 2597 1722 3734 2378 781 4889 3626 617 2454 3095 4083 4445 4322 1633 3873 2029 2895 147 214 1420 4435 3201 4595 504 3121 181 3668 434 2121 4980 123 128 4939 1275 3083 4953 1159 2681 2991 3157 206 1604 2023 4528 2053 1569 4273 2861 3900 3589 3843 423 1440 2473 920 3191 2028 2401 977 68 3694 3933 1633 3702 730 961 1573 2932 4267 3118 2646 2834 1224 3845 4010 735 815 1359 370 4564 3813 1316 3486 1784 3957 4048 2456 4830 2665 4519 3131 416 3190 1330 1940 3004 583 3960 1573 1576 2526 1543 4002 1600 3283 1560 3765 3437 427 3550 543 1727 3244 4916 2988 411 1586 1062 2693 2303 1562 2876
237 927 685 338 210 3976 232 4045 380 2086 1822 4196 1111 2804 4083 2670 4164 4856 3902 1240 4640 2635 4084 2712 258 2057 4404 4986 4908 201 2333 524 932 141 3225 547 3118 4257 1933 4723 581 2717 4561 2072 753 1185 3407 1335 1150 4797 530 2103 2640 2077 2646 4776 4455 3013 4798 2016 2152 1560 1100 4023 3183 923 2730 3661 1152 2593 2274 2492 3913 2340 2110 1679 1803 1172 401 3558 2478 4271 1947 1400 2126 1305 3474 2839 3437 3866 4227 4210 2288 832 1788 4951 2209 377 3970 1667 209 2189 344 1702 1646 2631 767 4272 3395 4501 2566 2812 4824 4315 4960 361 3569 3465 1754 148 2138 4795 3150 2624 3929 1859 1335 4885 4046 2543 1012 2624 2629 4801 4551 2793 3274 2664 4918 3346 3488 2255 3906 4592 2434 138 751 1350 1114 3934 1913 3139 2371 348 1220 2969 279 1937 3482 1080 1469 1442 34 2632 4397 4466 3892 1472 922 768 2303 4156 1072 1401 4825 4941 377 4508 1924 4396 495 2332 558 4352 387 2826 4354 2093 61 3058 4026 3388 3684 2597 2593 1484 497 834 4978 2271 1217 2836 3758 544 3588 4435 2090 2415 3875 4947 3129 3112 2729 2833 582 1564 3670 243 2914 3438 4850 3345 729 1606 2263 4958 4620 2833 4751 3905 4257 277 4836 590 4322 2191 4241 3638 4588 678 949 1760 4931 985 1560 2771 4860 1543 1143 2554
4764 4167 4548 4506 4401 137 4859 2160 3164 4397 2686 2549 3519 148 2099 2426 4856 4657 2170 3085 3513 1858 4758 1947 3665 4380 3387 4279 3091 109 2451 1884 667 392 4279 3489 2071 3264 3786 3163 550 164 2067 3605 3290 206 2534 4152 379 3998 2080 3046 4348 3821 1891 3993 3776 1258 1862 3010 4286 857 4161 3486 4045 478 344 3095 2902 3311 1170 2164 2427 1328 3114 95 2820 2769 4745 3441 199 2338 2379 3683 4109 2826 4006 2305 660 2732 1843 2207 1269 4903 4995 2597 3942 2906 1133 66 2252 3036 3285 3677 4840 1107 1544 1929 4875 1651 885 939 4081 2784 1338 2138 3885 1117 3395 3109 503 785 3260 2240 1764 2899 1933 4950 964 4029 2984 1618 2507 4623 2914 2662 2313 2667 4658 61 1323 1609 1839 3051 3254 1430 909 1057 4276 4367 2712 3070 140 1572 3259 693 227 1138 2750 3329 3690 4899 681 1404 298 2556 4854 4456 1360 4631 3329 4142 1357 3445 2499 1908 4754 907 4776 3151 4477 3063 4428 2140 1991 1505 2972 3115 4788 2573 4800 312 2955 3899 4762 956 3086 2282 2776 4821 1738 2373 4901 3265 4033 4774 3371 4313 3371 2747 3530 2761 1829 1800 905 1592 3483 2519 3243 240 391 2703 17 1469 3663 790 132 1704 1952 4861 1111 4730 3618 4101 3821 992 2578 3292 3246 4236 1766 4175 2172 1703 2495 2130 1584 3407 3153 579
1838 1719 3250 127 1763 1150 4699 4028 4234 2688 2254 425 1188 2810 4550 300 3902 2170 588 2149 4947 4899 2921 2783 2810 3133 314 3442 600 3053 3943 1373 4924 4437 3915 1588 1821 2254 4913 2233 4931 450 2023 1680 3645 3442 2398 1143 4360 3500 3811 4434 37 1279 3260 4270 2252 878 407 4074 4523 3659 1789 3446 1296 858 2656 1816 283 2212 4967 1678 1292 4308 1938 3947 521 2636 315 431 2898 3841 4194 3437 2477 1258 387 2759 1741 4275 2646 4629 1309 737 4187 3601 461 2011 4219 3699 2669 3795 4758 3959 1333 3074 3112 1678 566 2950 3128 3833 3803 1382 4540 1206 3787 469 3166 2602 4441 3532 342 362 422 1509 1124 3546 2472 1769 3386 1573 3599 1570 1827 2890 4628 4553 3267 660 3101 1179 2509 3100 4851 4999 3547 3078 2557 1223 1419 4245 1699 3376 3938 2190 134 383 1206 1716 3513 1840 1935 1753 888 3296 1700 4343 3385 4718 4832 1342 2584 4458 3529 3148 2889 3938 3976 2699 4272 3446 1188 237 4265 4789 2479 2265 1847 2690 153 894 1020 2013 2727 4149 2574 4383 3036 565 3579 3743 3761 2445 4319 1007 835 3368 2542 3296 4994 2594 4571 2192 2057 3340 1835 4257 3535 4748 4932 3988 1093 873 2438 4472 259 4979 1973 2665 4566 2931 4625 2609 2636 2629 1247 3069 2306 4955 3974 1267 2484 3904 4610 1739 2118 1788 182 4252
755 1377 2681 616 4074 75 4796 101 4173 4927 2707 2423 4761 3558 3968 952 1240 3085 2149 2068 2607 3897 2861 3429 3450 2588 222 3523 1954 817 1354 2710 2976 1857 4024 2595 823 477 3148 2346 1793 1487 1394 3677 4745 244 3688 4480 1089 2093 931 4268 3791 1134 4450 1682 225 2053 723 1450 771 2320 2562 3015 2782 3708 255 2806 3699 4345 1797 3373 2071 156 3740 3935 4942 2677 986 2673 1839 524 3878 3795 3374 4434 4447 4517 2745 91 1699 70 574 4846 4280 4577 32 3956 4873 2891 1360 2637 4014 2000 133 448 1969 4331 3083 259 3407 721 4450 649 1505 236 1660 470 3157 244 1188 4465 2651 2855 291 538 2599 3378 1359 1785 2280 2764 4480 1355 1131 2463 2352 2299 4354 2800 114 2386 4800 2189 2912 3397 310 543 1891 301 4746 2740 2459 1151 2648 256 2150 547 3218 2327 3031 2253 3045 3448 2470 3212 2437 3544 2469 3275 1695 4874 1605 148 4489 2158 1833 3087 723 1432 3843 4426 3297 1161 3069 578 3700 3134 706 1180 4717 1074 3341 3498 508 3237 3198 4390 4273 139 3828 1861 4548 4855 1566 3865 1454 3066 3658 2955 1411 1078 4840 3029 4359 1595 2852 692 4897 4104 1026 2601 2701 2752 275 1871 3529 4293 2919 1617 146 1116 3719 574 2168 3700 2609 3109 1841 4972 1589 4767 574 433 3512 3247 3751 2015 1898 4501
480 1366 4173 2835 4360 38 4269 2550 4494 105 4240 1972 3909 3525 697 1878 4640 3513 4947 2607 697 1781 779 2683 2940 4389 1794 4484 1535 3019 4818 2872 1591 3597 2484 2689 2122 1899 4460 345 1044 4776 3344 1398 2793 2773 4634 4201 602 3536 1267 1108 51 973 1951 3718 4382 529 1756 4414 3162 4436 899 858 4173 274 4160 1596 1231 2095 167 930 1809 2839 2323 1464 494 3410 1498 3254 385 4970 3434 2911 792 1137 3708 292 1014 330 959 1274 1340 3855 4769 3809 1463 3136 2640 1044 4127 3470 4565 686 2541 34 1519 3928 840 4855 2614 2075 235 3308 4790 3465 311 4171 1727 2594 4234 2188 3989 2724 4609 2277 4679 3926 4706 3643 4621 1436 461 2778 2389 441 1701 4677 3950 2136 3239 2477 1313 175 4909 1196 2220 3589 4206 833 1053 3908 3125 539 3254 1614 1271 573 3698 4050 172 1021 912 3064 3910 1117 2774 3868 3550 348 1086 2347 3756 539 1847 4532 4517 4921 394 161 3670 748 4977 767 3538 4258 221 1100 2174 3141 3806 2078 339 1006 4897 4752 669 972 325 701 4539 3518 698 1672 3378 785 4156 2444 4531 1919 471 1751 3128 381 321 3553 1023 2375 3418 1760 4086 4412 2021 2867 2666 3564 2530 149 1769 2141 1037 4133 2409 1718 2040 2521 1436 4077 2910 2063 915 716 4908 3652 3590 1739 418 4797 2602 70
2946 3076 3147 1002 3650 1933 4146 1978 135 2262 3610 1224 3518 1985 2764 100 2635 1858 4899 3897 1781 2351 777 2341 3015 4936 3338 2872 3818 2819 2977 2658 1538 2491 1725 4335 4754 3347 3042 1092 1892 4459 3649 2301 4094 4026 652 437 2537 3596 4135 1490 2460 2208 2857 812 3122 1904 2369 601 526 1524 2983 608 859 3294 2351 3286 3619 2324 4967 2222 919 4951 59 333 2597 4517 3889 1684 1793 1623 796 4542 306 3416 4632 3190 1577 178 3364 886 2109 2979 2726 3839 1897 765 812 3688 4141 2811 807 2971 1437 2579 1264 4939 2584 4077 2721 4942 4907 21 985 382 3856 436 2291 663 4954 79 1956 4149 3321 2517 644 2409 3554 4381 1512 4133 4351 2182 602 326 4053 1786 3736 236 2607 3268 809 2533 245 3672 1902 2771 648 3402 3382 4703 4142 2536 4029 3186 4246 4591 3521 3397 4470 2383 2697 2712 2952 1024 1788 4707 4788 4394 4141 499 4647 3463 158 2374 4466 1127 4918 483 4841 3306 3456 2379 1842 4889 579 237 502 3492 4818 1735 1181 3179 1315 4713 4368 4074 4467 250 2491 1187 1208 606 2392 4000 1195 1146 3243 1892 4115 731 1150 1626 4769 2752 21 4274 3671 1455 187 855 262 3029 1053 2334 4050 4640 21 1726 4485 3802 4131 2775 2614 1197 2558 4077 1268 2741 1729 1426 1149 4168 4569 3561 1934 4483 1274 27
2214 4388 2451 2624 3661 1935 590 2239 4024 2206 1821 1925 2153 4389 3452 1287 4084 4758 2921 2861 779 777 920 3202 4502 4846 4040 1415 758 2580 427 1973 2071 801 4610 2098 4999 2284 843 2240 3716 3548 2203 2688 1813 3238 836 3393 4973 2362 668 3638 2338 3988 579 3183 1057 159 201 4502 4100 1409 4211 674 1752 1963 1172 1657 3456 525 1487 3199 1561 2011 1597 1940 1750 1210 577 2458 3132 3898 2002 940 4514 3703 3345 1516 3027 4882 908 3526 694 203 1850 1554 2021 3565 444 1470 1494 872 2991 3817 2922 4605 3427 1337 1830 600 4499 4996 1874 1041 2916 2213 2710 463 2581 2021 1160 3296 4535 600 589 4133 1826 1420 1034 4560 2305 4411 3340 4546 2938 2337 3733 2111 3722 3815 2684 2737 367 2902 3465 4026 1900 2937 4080 203 4167 353 4040 4551 3903 2321 1092 2068 4794 4494 1812 658 4304 4612 1443 4063 4834 1688 3067 1042 4417 702 147 3829 1734 2696 434 1919 3295 4497 3933 1128 2491 955 3484 289 1514 2022 3836 3198 4491 2013 958 3104 4619 4491 3784 3303 772 4171 2986 2329 3435 21 1191 2257 579 4128 1592 644 2778 4367 3474 1598 49 1039 2246 2424 174 3555 2296 2942 761 3270 1457 2430 3070 4652 1036 3642 4353 4509 4414 657 2499 1777 2021 2193 2976 4645 4123 4427 3102 3994 4682 423 418 3196 532 4197
2018 2013 2218 892 4336 538 4516 4623 539 4831 3295 1100 441 1089 641 1730 2712 1947 2783 3429 2683 2341 3202 4926 2357 2411 2943 4632 4364 1263 2389 3889 2716 1502 1812 1009 2755 4914 1027 2145 3148 2092 1078 3079 946 3229 3040 2744 1773 1100 1879 1373 4230 3579 3424 4817 253 152 1347 4440 3121 4260 2202 752 540 3645 4378 4864 2818 2045 3921 2670 391 1681 1326 1381 4477 1382 1938 367 1593 4674 574 4732 3921 2974 1006 3980 4930 1689 1835 2506 2736 3232 515 3586 3460 4187 3538 438 1288 4261 312 3677 3545 2147 4367 4649 3554 2609 2053 129 401 3345 4874 1206 112 808 2986 671 4434 3038 590 883 651 1948 1662 789 3402 225 15 2107 1732 4127 502 4451 2494 3930 4934 620 2392 3936 2120 2422 3420 4761 4650 4973 2911 1010 2256 2284 2278 1017 1830 2041 4006 278 2556 4305 558 3134 4209 739 4853 4817 1322 1202 1943 2770 485 1503 4591 1741 4692 73 1474 1441 3626 4233 4352 2634 4752 4103 522 2102 2005 4303 1554 637 3454 3373 4994 4340 2080 1146 188 3611 4576 798 1228 2912 4943 1493 2202 859 4461 1807 4026 2051 1591 2608 2220 2206 3227 3310 1988 2047 2685 2074 3196 959 2276 3655 3127 961 625 2566 4072 4408 417 4032 1688 2092 3085 4101 2573 2801 4559 1893 356 4280 4362 4205 2228 3168 4750 544 1747 2811
4581 1857 1779 3483 3131 4304 1491 2429 4764 1456 1492 3118 2347 2552 2657 631 258 3665 2810 3450 2940 3015 4502 2357 1740 191 3133 2183 823 538 4239 4847 2631 713 3820 3317 963 2466 3115 4719 4774 3819 1218 182 3900 3033 4217 2597 2556 1033 4995 2711 2322 3751 1496 4976 2759 2417 1692 941 1335 338 469 1794 241 4753 885 2238 3672 1518 1263 790 4751 2071 3926 1676 1582 1257 704 3952 2579 4836 946 1468 2130 3916 4680 229 4969 4997 639 2863 2669 1387 4041 2598 269 120 2646 3486 4342 1414 1608 2009 1171 527 4496 4327 1863 1490 4593 4748 2873 4483 2908 1417 4300 2314 1434 2490 909 1525 4191 2256 776 248 906 4497 3484 1734 1306 2668 2256 3098 132 4272 863 4518 843 989 3295 729 2741 3919 4663 2553 608 4289 1997 3557 597 1882 3201 763 4469 4361 791 4850 2797 4103 559 1607 3336 3732 4279 1006 2693 434 3897 169 3933 293 4217 1611 1347 2837 1514 2008 1855 2231 3909 4293 1387 3120 2140 4193 391 867 2998 2271 3599 1870 4362 3322 3684 727 72 947 1270 1870 2049 3748 3065 3375 4706 4171 449 810 4414 872 3465 1562 4212 3056 2282 2639 2035 3391 358 2428 2279 4595 3945 1024 438 866 1098 1318 4314 4531 2971 2165 4338 1178 3527 3573 1372 4611 3450 2105 3964 2849 487 4447 2433 4508 1180 1537 4099 454
962 4632 4592 1608 2651 1986 2397 1216 4382 3517 3600 3100 2068 865 3917 2110 2057 4380 3133 2588 4389 4936 4846 2411 191 4357 3907 4809 2038 2608 350 3066 3478 2353 2173 4759 3705 949 1054 1405 282 3604 1604 1537 4127 3145 4950 966 3824 69 3257 3583 302 4208 596 3438 3411 4320 4363 3565 3953 743 2545 3721 2986 3531 2266 4163 725 4836 4909 3708 3755 2367 4853 3003 4260 2719 2073 148 4115 4430 1795 3400 3029 158 2447 2875 1455 4445 1617 974 3256 497 4863 1576 143 1699 1058 2968 2384 3587 73 885 2593 1896 1516 2855 2047 3280 760 4268 46 670 3031 441 2008 3765 1807 2062 3455 2350 3250 4707 2978 1906 4896 2084 3621 496 4708 4368 2436 1242 4730 422 3595 2565 2733 4268 2397 1005 2389 3898 4934 3894 3542 982 950 417 1799 3938 651 250 3215 4226 3012 4785 4381 493 159 595 236 4702 2437 3604 4052 2277 3657 4804 1332 1570 4622 3444 2849 3099 4752 4298 1386 3061 4081 1633 1857 1090 2589 1084 139 1734 1695 872 3625 3810 4283 3499 2366 529 952 1553 2003 2169 4700 4683 2330 2958 2797 3698 902 4874 2045 145 4574 1438 611 1431 2285 2481 3185 3015 4706 2606 566 4136 1812 4373 55 1318 1568 274 1080 4682 4388 3330 1392 705 144 816 2795 1607 4445 3049 4551 4570 3120 2663 1072 2916 2682 544 4795 1814
1354 781 4568 3594 1333 719 21 4685 3903 1540 1007 3848 453 230 2425 4832 4404 3387 314 222 1794 3338 4040 2943 3133 3907 3923 3205 2188 2115 68 516 4388 1459 4927 3853 2785 152 2105 282 2056 3994 1913 3724 427 2819 3724 4283 2830 2951 3620 2435 4366 1915 3142 1949 4291 884 1768 2936 1434 986 3046 4866 3376 2396 4350 4653 3387 469 1591 2965 1585 2072 2822 2074 220 3532 26 2476 2690 4582 341 2081 156 673 3014 169 2157 4906 4022 4732 4511 2464 1169 3863 4256 741 2410 4153 2016 4437 4806 2129 2324 2616 2757 4760 4828 1827 2882 4583 2847 1114 4556 115 2334 242 1541 415 1298 1031 282 3535 4884 792 270 1264 1500 1826 56 734 3987 3403 4190 1094 16 2170 1153 1950 4541 3332 3079 648 3066 4136 1540 2945 628 61 1752 4782 1450 1162 2868 4360 1532 2437 3321 2845 860 1822 4316 4630 2732 2325 3260 1166 4790 3808 4971 4799 1265 3088 2901 4992 3983 3261 4506 4055 2067 3175 3435 3927 2555 2468 1944 4833 3688 4089 890 4871 4784 2457 3829 3951 1864 1284 298 4346 405 1432 4100 4885 4977 962 1555 1493 3802 1653 1969 1350 1841 4952 896 30 3195 4567 4102 1824 2995 4903 3586 3987 1654 2140 1861 657 2836 210 1349 1807 1696 3720 1101 2684 4452 4233 4043 2221 1574 828 4005 1444 3262 492 3221 714 2016 1361
1556 1943 1395 752 4374 559 3204 828 3918 2150 4891 2827 3320 2454 157 2713 4986 4279 3442 3523 4484 2872 1415 4632 2183 4809 3205 3470 1723 1667 3904 2955 2826 3908 1400 148 856 231 4265 3428 1952 1775 1231 3133 402 1125 801 1645 4521 4493 634 2482 4713 2713 4501 3244 3879 3568 1744 1847 2861 4393 4044 2959 3032 4777 3986 1950 4619 4629 2806 2539 946 817 3394 1564 4456 2030 2283 2937 459 1145 1778 131 2804 1906 656 1773 2558 1879 784 2853 3751 4757 4576 4409 1000 3720 4373 3840 4752 1150 4899 3207 783 3469 1831 3674 483 2551 154 2130 3530 1764 4782 2120 4644 1419 3712 4349 498 1551 3169 4492 594 3939 3933 670 4448 2149 3863 355 2978 4819 272 3314 124 1229 1477 1065 1844 3356 4130 4666 1385 2657 716 4247 3124 3433 3940 754 4990 3187 2834 2745 3625 1132 1123 4035 293 1417 989 714 4120 3273 3704 3209 562 1692 1756 1843 2313 2473 4320 4300 3393 2677 36 1732 4815 2584 2516 3342 130 3284 75 1836 4777 2248 1908 4973 1772 4137 2460 1800 4968 893 4952 4322 3774 530 720 1570 295 194 3401 4483 439 3257 4341 2469 1797 148 1142 1591 3411 2424 807 591 2820 4405 192 3328 4617 1640 517 1063 1615 4026 3954 41 591 2965 316 2867 1086 2652 2847 2006 1128 2933 1273 4266 1319 1440 4646 2524 3321 4777
2012 536 1427 4515 1784 2939 1520 1194 4335 2602 3306 2791 2689 1953 285 3233 4908 3091 600 1954 1535 3818 758 4364 823 2038 2188 1723 2747 3798 2887 4243 4218 4926 2507 1722 3482 1185 1668 1044 2196 4579 1397 3662 2759 3539 3364 4643 2651 3585 2378 767 3310 3901 261 3581 27 4857 227 1071 4629 2387 2097 1370 4475 542 3833 2042 1981 4151 620 2473 3920 4775 3837 3638 3071 1243 61 2830 1171 679 3199 1736 4822 2745 455 1369 2250 3494 2072 3143 691 3478 1240 4507 3522 3951 1188 4988 3380 4919 1259 2694 3352 1091 3430 4215 2031 4105 3509 1304 3103 695 62 1677 4864 478 1647 56 2830 3494 1184 2196 4439 330 4413 1431 4892 293 3716 2871 4296 602 1075 2807 2689 1845 1792 3146 2355 1483 2604 2211 762 4544 2192 4886 1205 1162 1568 1232 1507 3973 1270 2710 1469 2710 3687 3408 1935 2636 4352 3019 2804 3389 4415 2838 4810 3451 3697 1612 4607 4015 2663 4023 2125 4186 2594 502 1188 542 1873 2419 526 1496 4197 29 3120 4201 4133 3479 769 864 695 2652 3825 4282 3240 3768 1905 1387 1216 880 2308 1742 1747 1549 2368 2551 1411 3976 117 2774 439 564 3159 370 4829 1662 3104 3327 203 4950 341 3800 1397 3105 516 1063 3183 2902 2954 308 675 286 1570 3728 3860 1705 927 3150 2612 1900 1542 3695 4448 2317 3164 1309
1601 2025 3671 2050 4669 3997 1830 2946 1361 1694 3666 4208 604 1812 3316 2691 201 109 3053 817 3019 2819 2580 1263 538 2608 2115 1667 3798 4997 47 2970 1348 2415 890 3590 491 948 33 3761 3717 2125 177 1842 4884 2413 4264 3252 1900 4038 2594 710 360 1311 2371 3711 2405 2147 2470 1841 1157 1127 2590 334 1648 1509 4530 1170 3288 1645 1445 1614 622 1447 1783 870 2531 4595 1167 1094 3630 2604 1450 61 4868 113 1163 673 4440 2848 3842 2803 334 3594 3029 3110 4698 1770 216 2665 3011 1830 2611 766 363 2353 1621 1333 791 1246 2253 4631 2663 2045 793 618 4446 1472 4538 3021 4125 2444 2666 2485 990 150 449 4369 4776 4302 2304 502 3884 549 931 2005 3702 4226 2957 4812 3345 3024 710 1997 1099 1628 2659 2525 2018 2788 1400 1716 4346 1494 1583 3283 4411 2417 3812 4666 4113 3169 3812 40 1592 289 4761 1654 1901 1004 1182 2768 3191 3062 972 2719 1299 4609 183 141 2405 4745 3910 3975 724 487 3301 4108 1111 2935 4783 4969 3144 4826 1902 1639 1925 2141 3982 4337 1246 1181 2692 2553 3110 4230 1802 1234 4549 3196 2033 575 1139 3128 297 2524 1013 3775 2791 3637 4090 2278 3055 544 4422 567 2724 2209 3097 3202 1117 1605 4198 1630 343 4368 2622 2453 3116 4059 191 2430 2435 85 4636 3537 17 3307 3924 2430
4315 965 641 1550 4199 375 1068 4739 1868 4415 1117 3070 1869 1061 1451 1980 2333 2451 3943 1354 4818 2977 427 2389 4239 350 68 3904 2887 47 2650 4876 581 3158 1281 4989 2689 1908 4158 3866 1395 4787 3034 867 3680 1421 1406 3802 425 3630 2183 1750 2792 286 2467 798 783 2877 215 1555 3925 1850 4196 4883 558 4073 2677 1792 298 4981 4716 3763 567 2826 4219 3578 585 2710 1328 459 2895 3261 4826 19 4953 4903 2983 4752 2876 4467 3105 2502 1743 1636 3030 2864 2116 3937 2354 4145 1731 4439 3157 3753 3307 171 2280 4449 1252 2623 937 3503 1522 1342 3415 2063 4516 4032 514 735 2693 1056 2213 4540 420 3458 1950 1276 1015 3729 2927 1214 4308 765 4554 2751 131 835 637 1916 1983 3911 288 3319 4880 3842 4986 3054 1575 4146 2354 2314 4057 3434 4229 4177 3106 2406 1949 2137 3030 4109 4610 3246 1961 673 818 4297 1438 4801 3173 1952 303 1832 3767 3988 4593 4909 1349 2100 849 1650 1723 1395 4288 119 4109 4453 2355 4904 2932 317 3948 851 1460 1493 4848 2971 1520 878 4713 4329 4679 3204 1471 1986 4850 1894 4551 3159 3465 4770 1980 4568 2531 1504 1366 81 2180 492 2304 2588 494 2581 3686 1976 3949 3614 2060 2502 2527 3731 2349 595 351 1218 2418 633 3361 2183 3918 859 4030 3146 576 396 1190 4176 3516 1312
1448 1315 855 1752 2179 3977 1539 2435 1171 4462 103 4747 3401 874 1964 4624 524 1884 1373 2710 2872 2658 1973 3889 4847 3066 516 2955 4243 2970 4876 4076 3795 738 3462 2325 1742 1435 3917 315 2394 1948 1146 1114 2272 4602 4397 1108 3006 2461 3912 4951 3453 3619 3706 2311 219 2080 2863 1785 1268 2267 3898 4280 3106 3120 4029 1434 2347 2840 2911 11 2098 1637 4770 2470 3065 3364 3232 4227 2784 2458 1632 2469 1913 4678 1518 981 4679 1969 2088 2033 4204 4593 2260 2539 641 1301 4101 985 1886 1837 1894 2774 2055 4487 2663 2281 2706 2850 4051 299 97 4290 4342 1566 2075 2476 108 4486 1184 302 4024 1974 4709 2591 2953 1535 4946 1840 1004 1783 3487 3184 4713 3732 4114 2566 3793 3240 4421 4119 2193 4090 541 4490 961 4563 1359 916 1900 3198 1771 4281 1664 3129 1799 4944 3549 877 1237 4376 1435 3129 535 4232 1963 3682 4612 2678 2957 3829 2661 3365 4657 4978 215 2545 1791 1358 4924 2223 1061 2952 4100 3180 603 2688 1144 532 1918 3782 4265 116 1546 3699 761 1489 369 4469 4897 4941 2771 4267 2978 1440 498 1734 1638 910 3815 3816 4179 2790 3440 1807 4420 1081 2028 3003 1584 2641 1794 2348 2033 1281 4020 4303 4971 3926 1386 53 1257 3977 402 2183 2092 2118 4959 4939 4295 3295 1182 4190 621 566 2283 3546 2376 1233
