N: 250
M: 50
Symmetric: true
Triangle: false
2 92 75
3 66 7 171
3 186 97 219
6 45 237 127 145 2 40
7 117 155 6 247 101 197 201
2 230 64
7 176 93 139 148 1 21 178
2 14 58
1 16
5 168 153 38 221 235
5 99 22 60 163 100
4 17 56 50 32
4 189 91 225 69
6 246 133 13 233 84 249
9 140 20 29 199 31 111 104 220 206
6 27 211 103 232 77 44
9 214 190 227 229 234 107 212 175 68
7 52 55 245 134 106 102 74
1 3
5 63 143 48 141 67
9 94 129 12 125 108 195 236 73 39
3 89 23 54
6 19 87 228 53 83 62
4 174 151 88 82
3 130 10 123
7 142 57 191 238 157 164 115
6 250 194 138 231 187 182
6 154 126 81 96 121 156
8 207 79 5 128 76 30 33 137
4 181 24 80 177
5 158 4 203 223 61
10 159 213 165 35 149 42 110 49 180 173
2 208 47
4 78 160 34 144
5 51 244 109 135 217
3 248 193 146
3 184 98 224
5 218 70 215 202 147
4 150 9 210 124
6 85 15 8 43 71 162
5 136 65 188 120 216
7 26 118 37 18 36 179 112
7 116 226 169 209 113 204 172
4 114 242 41 205
6 166 161 90 119 167 200
7 28 131 183 185 72 192 241
5 170 95 222 59 46
5 198 132 152 25 86
3 239 105 11
4 243 196 122 240
1840 1571 2498 1435 754 1602 697 2684 4621 3302 3764 1989 4159 4014 2521 1283 410 4251 3341 2574 1330 2288 2448 3673 4067 3140 122 1357 3843 1945 4261 4826 1018 3569 2581 4680 812 4841 2732 3916 363 4522 2502 569 3905 3947 3899 961 3542 4946 2372 1983 3625 1279 3405 2581 2450 3994 2954 1378 2360 3331 304 3278 4418 4670 4614 2423 722 2631 4316 3162 1668 89 3277 4308 4460 2582 2442 1215 4907 2565 285 2118 4785 4069 18 101 2461 4006 45 762 758 3796 1888 2733 2535 2761 2852 1852 4997 1435 942 609 3309 3453 2296 2370 1420 4374 1859 3141 484 3225 2935 1636 1877 654 1379 3396 1126 1024 1485 1653 4512 1131 3915 1303 4065 686 3308 3667 1849 1831 483 3954 3147 2151 4488 789 3169 1496 1689 4465 331 2889 2741 3486 2716 665 1225 360 306 3299 726 4076 3824 1816 3153 2443 590 2142 3729 4895 1244 2836 1586 753 2686 1390 679 4238 1557 1799 80 340 353 3479 4233 1466 3654 4620 3609 2032 180 873 1634 2299 2017 3306 2093 4003 788 4956 3954 482 1078 3595 3624 1814 130 314 1208 3920 4075 393 2043 4359 3715 1521 1581 2712 440 4420 3540 476 272 351 3439 2263 2380 84 1122 4932 1234 4918 4832 1753 126 282 2104 4838 1400 1077 264 1703 845 341 4380 4789 831 962 2005 1826 3480 4476 2652 4465 4550 2252
1571 4225 4363 160 3840 4574 2364 29 4369 747 3224 2585 3369 2142 199 4334 3409 4791 769 4936 3353 1409 4360 2048 438 3344 3871 3390 1733 4586 1523 2904 2463 2633 1500 4935 4909 3671 60 261 2027 970 1696 2601 584 612 1061 2880 2383 4764 4683 2717 4133 1927 985 3607 461 1496 2258 2503 311 1388 1881 3968 112 3021 4844 518 4116 2620 3312 2206 2338 2723 2606 3592 2684 3967 4146 1787 2576 1853 3892 3955 1256 2531 96 978 489 1135 1950 1145 754 1915 3471 3870 2104 4419 840 1651 666 1884 14 3763 369 4480 628 4962 1656 2929 2263 4209 4282 756 1933 447 359 2032 1594 4419 2343 1848 2244 1422 2898 4580 2433 1074 1029 726 1920 3758 4368 4076 1545 943 2065 478 1704 1728 658 4300 1296 2427 2133 142 1162 3344 2853 3083 3568 2950 2765 649 3570 48 4437 1474 2396 2873 1312 1329 50 4861 3987 2939 1158 1917 3569 4935 3780 1216 4058 1030 1831 2711 4691 2249 2798 4013 3604 1358 3482 2696 4652 335 4452 4326 2332 2333 3636 4085 864 4772 1409 303 4655 396 4287 2413 477 1238 3202 999 3003 3534 1659 3616 2984 4842 4503 1373 2131 1506 1301 1243 2222 2534 4326 830 1638 2687 1104 1763 2150 226 2712 100 973 3051 3217 2011 2407 3578 4250 4209 3616 906 3064 3822 3641 3388 3467 2496 1485 3839 3173 3448 906 4021
2498 4363 487 3512 4706 2450 116 747 3184 3594 2379 4501 1110 4365 4117 926 2126 4745 542 4432 1897 3913 651 4042 807 1783 1659 3936 3161 2131 617 4914 1551 4154 2760 2291 2302 3228 1166 1046 4540 3343 855 597 873 822 1087 812 3828 1853 3399 3170 2818 324 2401 3102 2934 2163 1835 4733 3769 499 2384 1267 1619 99 3920 4163 1510 1403 3348 2236 748 3226 985 429 3772 3027 1075 1567 3869 1749 839 1108 2134 1571 2774 3401 3520 280 1189 2794 3674 3259 2124 4196 2556 2055 2490 4476 4641 4829 2841 2619 4519 1221 3669 490 2470 2635 905 560 2551 2843 24 4063 4344 3552 156 829 652 113 398 3768 4989 829 3339 2817 2670 4836 543 434 215 341 4036 663 4999 1802 4710 4051 3373 1233 1543 1723 1318 1891 3917 3339 330 2322 2656 188 107 2912 355 2247 4087 3687 3552 389 1778 3011 2315 986 2751 1702 1156 1645 914 2371 1067 3053 3144 4165 419 1651 451 4956 2965 1638 1866 1865 2128 1797 2907 3140 1077 2004 1979 162 2952 296 1175 70 1789 10 579 3817 1348 3970 2096 4464 899 1971 4862 1761 2581 4399 1487 3083 2993 1469 4438 3263 1225 619 3088 2021 3782 2500 610 4450 968 3115 3233 1887 278 2265 189 1263 1261 669 3227 2222 3958 778 2766 443 3546 2559 1178 974 2391 4387 2165 2232 3632 3797 4339 1169
1435 160 3512 4995 4160 2461 2930 1982 769 2947 486 1780 4852 2619 4520 4406 2693 3093 2365 1991 3940 4813 407 1866 3246 3402 798 3165 3230 3252 1223 4132 1903 2132 2414 4620 3147 3198 2548 2552 4083 3254 1651 4686 2927 442 2611 998 4916 2206 4076 3846 2517 502 3307 1304 4946 2264 3537 4949 2328 3941 4708 4389 2081 1047 4973 1452 2681 1182 3462 1638 4818 144 362 3525 3405 4562 3024 4845 4666 3841 3885 2148 4546 1405 1107 3399 214 4274 3256 4415 3004 4580 2137 758 2671 3881 2614 4016 3857 1206 794 4495 2083 3048 1137 737 2751 374 1697 4540 1186 4101 4033 451 225 2429 2060 3681 1614 2838 4936 507 2444 2720 1308 2521 157 362 3201 390 1199 1661 3837 4016 3148 2477 196 1414 2189 4684 4145 3451 971 2988 4712 4949 3206 966 601 3867 3022 3779 854 206 392 366 4975 1896 37 683 3799 2635 1150 1806 926 4369 362 4418 3848 860 1135 52 812 4595 495 1726 226 4170 1599 194 2818 283 1929 4207 4287 3665 4535 3651 1758 2450 163 3403 849 1349 609 2019 2402 3952 4681 772 3606 3712 977 15 4040 1157 3737 322 834 4043 465 1929 4077 2452 1074 4466 476 1536 1037 4867 2984 966 2286 4906 13 4277 4064 4322 748 3652 235 1559 4979 3962 1467 4949 2669 4629 1154 325 1342 1902 4051 1047 4904 4906 2595 4999
754 3840 4706 4160 3721 4667 4731 2667 1060 2004 3702 743 305 1193 841 2167 3568 113 2117 197 4067 2542 3553 1169 3922 202 1107 1595 3588 3836 2395 3738 4304 4586 546 4633 3027 3396 1587 2565 3650 4607 4256 786 4472 4345 149 4877 2852 4329 805 2503 2019 1471 567 2608 4547 250 2043 2902 918 4703 3854 1451 2697 1802 2230 912 1130 876 1156 3408 3586 3210 695 3834 2911 3610 3753 2907 287 3523 4937 1957 2401 4202 3203 351 4897 2107 2845 129 4882 1659 1498 4411 4161 2927 2776 4023 2379 2950 2722 1797 1368 1647 4626 780 2394 1809 939 1825 544 347 556 500 3365 1939 4052 1134 3333 4216 609 1897 668 2349 2084 3973 1687 678 2146 2592 1313 705 2865 3958 1858 4511 4548 401 4963 162 748 2343 3934 1818 2531 2214 2675 2954 4443 3487 1593 1151 3558 623 2315 2298 126 3562 1839 1091 4055 3135 498 3803 4065 4118 1727 1947 3536 4279 2465 1217 809 2340 1055 2581 1179 3743 274 4761 1151 4901 2439 2381 2966 768 215 1317 1268 3199 2844 4689 1345 1954 2828 2737 1446 4466 3656 3268 2776 2975 975 4850 4373 3859 622 2438 2062 1058 2245 3387 1507 2241 2096 820 4002 4652 4994 3284 1544 2458 4499 4653 3476 4134 736 4584 4519 4774 140 192 2139 471 4308 1059 2142 3386 3865 2641 641 1995 3308 4066 4375 2450 1184 1486
1602 4574 2450 2461 4667 648 85 2527 2965 752 3429 1887 359 3624 4444 4293 4823 2939 546 2376 3695 2108 4592 4768 1876 4120 2327 1395 2888 2002 1985 618 1798 2996 3071 1387 768 2513 2887 3163 4898 683 1457 3210 1743 1178 1346 3103 2027 232 2768 2246 4867 1742 2846 2900 190 1004 3313 3723 484 321 681 1565 4442 3697 1281 2373 3469 2268 1072 3989 1864 4294 4032 4534 3483 532 2475 2999 1480 4119 2122 767 2378 867 481 1937 3658 1556 1152 2840 428 908 4686 554 4040 4150 4856 2336 3521 942 2449 3847 2514 3670 3734 948 2901 98 1598 2583 2947 4384 464 1123 2319 3110 3094 3763 3894 3056 2064 703 2279 4533 1243 3969 2571 1317 2094 800 4837 1151 1614 2828 3747 4300 1450 4254 4516 1840 14 1515 2220 4654 510 4498 2284 2276 4586 57 1188 4579 459 2869 4316 1706 3191 4742 501 4932 2046 1975 2564 2345 4925 2296 2179 1901 606 1690 2480 925 4989 389 4938 3228 575 1398 1003 4401 4397 1870 2164 2714 4572 3144 2736 2056 3886 4410 3640 1296 3830 3352 4381 4274 2498 2636 3553 2178 3892 4459 1949 1983 4634 1397 3173 527 4043 3173 4766 3433 1382 3211 1150 2993 2668 386 1002 2333 1824 2548 4938 2106 514 2380 4715 2648 4708 4510 4917 983 1420 613 1549 2989 2166 4656 190 651 3327 3440 164 1323 4621 2688 2703 13
697 2364 116 2930 4731 85 2517 161 1772 1191 774 4655 3450 2219 2587 110 2097 3874 1584 4170 543 1688 1181 2392 1027 3088 268 2793 1188 4148 1143 1777 3360 3162 4709 2348 2335 2900 4664 1511 3572 4653 4885 1608 1673 3143 3256 3803 4766 740 2308 2023 57 3775 96 3421 3532 54 1468 834 2018 564 3396 2415 2040 4585 2469 2098 3523 4803 3428 731 1131 3008 1604 520 4653 483 4609 3430 4313 4328 3180 3518 1747 2589 4922 990 1471 3435 2738 4077 3009 1444 2678 3814 4633 3056 4646 1503 2328 3861 4907 1751 2196 1678 3304 1228 1804 4230 3882 2587 4315 1581 678 1929 1972 282 3651 1327 2875 708 88 4990 1722 1398 1542 1987 1124 2494 3782 1064 3591 4085 411 3987 2237 851 571 2092 4286 941 1062 3286 4703 1535 284 3046 4409 3196 907 87 1048 2552 2266 3578 1065 3882 1751 3558 2753 3835 4895 1601 652 1377 2671 3233 3742 3610 223 4724 412 1858 2573 3098 2232 4380 4031 930 141 1729 2015 2217 3408 3188 1385 3128 3527 4764 3525 4946 3819 2023 901 1514 2020 2903 1117 911 493 828 4710 292 4099 4736 3445 2876 2855 2610 1518 1672 2909 3007 453 3152 2503 3937 2709 2993 3614 1631 2453 3979 720 4112 789 3802 931 1290 4828 907 2148 2230 132 4891 4130 574 1111 1898 4905 2434 1897 3916 193 4749 900 989 107 3283
2684 29 747 1982 2667 2527 161 1572 188 354 3681 997 1925 284 2853 1474 1951 4183 4874 2094 1027 1970 2303 4294 3705 1071 1647 4687 4781 670 3756 577 4887 3650 2263 2807 4528 4896 3372 2500 2321 4424 26 1872 4675 2037 3131 247 2259 4007 4686 2775 563 739 3512 4713 916 209 3944 3228 177 3384 2604 4230 1823 1629 1883 1338 1791 1983 2119 2820 1528 1954 2964 4367 1107 82 868 2945 420 575 1846 225 13 1116 4088 3154 816 2591 2276 1695 559 3285 4414 2200 1120 877 3079 4394 4032 3820 3212 4137 3289 2969 1645 739 76 3045 2246 4605 256 2396 2585 1532 371 4788 993 3707 2644 1180 939 1516 2649 839 107 242 2643 1619 2254 4138 559 4316 4847 3858 3151 275 2894 4603 1905 164 2897 704 4024 907 4678 370 3553 3127 515 2961 1376 2582 146 4081 2789 3294 2387 2320 2443 650 3205 4674 750 448 761 783 4576 539 2227 2346 3922 1613 4230 2841 1735 4001 4260 1260 2838 1933 4204 262 3700 917 3655 4212 4490 3545 2129 2776 3847 4020 2044 4200 3012 4727 2959 928 2591 4049 756 2477 2839 4405 1786 1132 4495 2840 4427 1179 1067 66 1941 2636 1456 4599 4103 2372 1702 4174 2339 86 412 3436 512 4761 1567 1500 4366 4411 3811 2309 905 529 2696 4190 2375 4425 2847 975 4613 3139 4415 4836 3527 1731 1042 3970
4621 4369 3184 769 1060 2965 1772 188 2152 751 3524 2341 3905 1163 2510 3297 4985 1444 1514 1563 83 2867 593 4632 3028 892 367 126 3849 2282 3240 672 3136 3147 3807 3641 2927 903 709 3201 1120 1784 2561 3472 4941 2136 3183 2693 2313 2674 1143 2672 782 4914 4916 1897 4846 4754 270 2894 1815 1020 4671 2834 2208 3030 1545 1665 1621 2936 2977 1009 2173 4671 2186 2159 3067 2942 2129 2653 119 3720 1878 4948 2032 3795 4951 4189 3413 3871 888 89 2972 3424 2684 4087 1095 3357 4822 1594 1771 1962 292 1760 1937 4124 1570 805 149 1822 2426 1506 2360 690 1917 1419 3704 1290 264 1072 4852 4940 2523 3693 1725 2853 1379 2018 502 3200 3156 3822 2063 2740 687 3732 4421 185 3891 1901 1792 4948 1580 4676 3290 2506 1800 2964 2201 3010 2707 1170 2948 1871 3883 3181 4798 3297 4681 2753 146 2622 4662 3488 1064 370 1261 532 1609 956 4877 1110 3119 4828 3316 1659 2139 2621 4740 3434 4588 3214 3838 3728 56 4000 1460 3964 3628 2490 2368 529 3160 4615 2460 3254 3827 4976 2477 4088 660 3321 2721 3862 3363 1641 3545 831 2878 1187 4193 2028 4735 4340 849 4636 1555 4180 1497 4881 3500 3873 257 244 4171 346 2031 1334 525 3758 4681 4264 762 4070 4133 2155 4972 232 4465 1343 3937 1579 2411 78 1878 3301 2912 2825 3153 2140
3302 747 3594 2947 2004 752 1191 354 751 4252 3857 3862 4275 4822 3094 2412 2645 4563 742 2701 314 2209 406 2849 2974 1970 2302 2655 2894 4539 1280 4907 3827 149 1994 3654 4880 4441 4905 2539 1935 206 1297 52 627 2408 2351 3605 2932 3300 3447 1771 4279 2960 4826 4656 1723 501 1657 2447 4025 1833 2683 3091 3609 765 704 4764 3545 1167 3575 3884 1481 1134 2365 2427 4996 404 346 4574 2493 4570 932 2599 3452 4031 2501 4455 1190 4533 250 3750 1627 282 249 793 1897 784 2465 4848 2127 4858 2560 4073 2835 2074 912 851 4956 2806 3439 474 2261 4156 1371 4987 2425 1997 1301 421 2450 65 3824 2302 3339 3380 4783 1112 1683 1421 2120 1015 1668 47 2973 3423 1877 1596 81 4770 3389 4968 2296 2129 3134 4782 3544 4688 910 3571 4265 3344 4651 1957 798 1566 4324 1811 3984 1244 888 3547 2609 924 2396 502 443 4806 2121 2699 1949 4815 1831 954 4215 1958 695 676 2716 2765 3680 1574 3111 4798 1373 4600 1492 2265 529 3458 483 4861 2420 785 3288 4154 2663 2431 2316 1656 4740 3868 1657 2717 4393 3662 3913 140 543 1644 4522 1881 2235 3376 3609 3612 565 3331 1042 4609 4661 734 4441 182 2044 449 1395 3293 2966 1725 33 1580 434 1592 4722 2897 1260 4303 3859 3921 2583 515 2457 309 2600 3795 1131 2313 1090 928
3764 3224 2379 486 3702 3429 774 3681 3524 3857 1097 1187 4012 4323 83 195 3218 2104 4814 1047 2925 1599 4662 3553 1785 1242 3067 2890 3409 2346 3106 3662 2578 4042 4125 1581 122 696 4991 4433 4230 2470 4109 4389 892 3265 3692 116 3621 4668 3455 3468 552 1683 4629 1324 1574 888 3306 615 1706 3493 2688 343 2775 2700 3605 4478 4862 2210 3017 827 120 1854 3750 3195 3371 956 3365 630 383 1727 980 4301 4569 1393 4234 2956 3047 2816 47 4778 3356 1939 1466 1715 4100 832 717 1465 1810 3152 62 852 864 61 1958 1006 2109 344 3099 1532 3405 230 4197 4814 1968 1379 3553 1441 2489 3257 3413 4852 4670 534 1226 2178 2760 858 4711 737 1370 2892 794 2003 3977 1910 3452 1358 457 3171 1509 1826 1590 3933 4338 1356 3479 4539 757 239 2149 3204 2653 4167 4219 2278 373 1236 3919 784 3447 3676 2110 4191 1879 2888 1090 4030 4559 189 391 2792 4656 717 197 2615 2880 2417 4766 3191 2311 4254 4694 4502 3296 2715 2893 4180 4978 1826 287 2498 334 4077 918 521 277 793 2841 1171 1205 3479 1097 4675 2100 3845 818 2134 2275 2851 4185 2422 4074 1430 2504 3516 2264 4408 31 2055 4813 1079 1760 2752 2735 2723 2177 4383 3975 2732 3116 4639 934 2541 4321 4671 887 3030 4294 922 158 669 4403 4491 908 1005 3092 2619
1989 2585 4501 1780 743 1887 4655 997 2341 3862 1187 4735 1166 4122 3292 1363 2789 1784 99 4888 3172 2667 4651 942 3823 3421 1692 1134 2723 3987 1247 4973 4445 1408 4922 1997 4995 373 4059 1462 1149 2333 1924 3374 1265 1760 2360 2607 3973 1105 3913 2030 4526 2346 714 81 1593 1750 4029 4698 1704 2624 318 1053 3735 2451 2479 4885 823 1860 293 1847 1593 1234 2107 3574 1667 4512 3689 1915 3712 3195 3738 604 2476 99 2254 3718 833 2802 932 2568 2309 4075 982 3020 3730 2404 210 3207 1643 2812 4086 656 2764 3798 965 168 2536 2337 2018 3945 3993 2241 1545 4033 3541 3450 4780 4227 546 4563 843 3159 1250 4494 4230 2907 3123 4690 1461 553 2565 4139 3632 224 2527 1235 398 1816 3023 4999 3217 2404 3228 3547 1658 670 3556 3674 2256 4588 2340 3325 2168 1739 3350 2301 514 1562 893 2947 3709 4990 892 399 3739 2732 2071 3011 240 4338 2871 3536 1342 2096 4397 2066 826 1039 4024 4534 4239 2058 1156 3442 4759 3391 317 2806 4798 326 2495 878 4615 3204 3615 2882 2499 4056 3693 1360 2969 4793 493 2711 104 619 2069 3995 2518 631 1424 4031 4167 3321 2171 3730 3496 2612 1531 1703 3339 306 4807 1374 1608 1110 1706 2080 2594 4349 2961 1543 1403 3543 94 4502 1752 1114 364 4257 504 958 3959 1139 1387 723 679 717
4159 3369 1110 4852 305 359 3450 1925 3905 4275 4012 1166 4269 1959 391 3592 2426 2262 2347 1960 3188 543 4683 2379 439 1202 380 948 3369 270 4913 3881 3133 2756 3088 1485 4330 4992 4945 757 3933 4392 4052 2019 4651 1568 972 4100 3477 2230 4374 3160 4571 2564 4132 3921 2807 3384 4778 2478 4315 3568 2437 3894 292 2730 2361 4538 1475 4052 4891 3265 2291 3508 1475 4320 255 1552 3460 216 1910 2418 4810 1856 3899 4531 1480 1230 591 40 1098 3052 288 1162 1755 3107 2137 4123 3451 3711 2195 125 784 93 1293 357 2692 2486 1671 4523 4701 3510 2774 150 1272 4935 3822 2340 4064 3132 4879 3046 841 2711 2043 1822 1881 3517 3880 2213 4654 585 2280 1561 2594 1152 2470 4449 308 3225 1592 501 3725 3250 4636 2146 1119 4258 2577 1505 2520 530 1362 4093 2101 4326 4478 3092 3433 1008 3158 4764 674 3596 472 3160 2212 140 805 2073 3934 346 2621 598 3912 1190 286 4499 1569 124 1296 11 3594 4965 4227 2716 3662 4690 278 146 685 4812 3412 3088 1836 977 2615 453 3390 3303 2693 2370 604 2992 3827 507 2623 4195 1239 531 4194 1869 2843 2252 986 1962 149 3080 3348 825 1343 4089 4889 3949 4771 2723 1008 4699 3875 2609 4570 822 924 4172 768 2572 58 394 3127 3885 586 3202 3513 3446 2768 3343 2445 2640 1537 2623
4014 2142 4365 2619 1193 3624 2219 284 1163 4822 4323 4122 1959 442 889 2378 2536 542 2350 240 2063 4454 367 2769 1990 2970 3685 2561 1459 4170 4298 2128 72 1628 1113 2522 1104 239 2166 4653 303 4423 2068 670 4646 1081 102 1467 2646 2122 732 1805 2557 1208 3073 1445 3192 4325 4442 732 4154 3032 2000 151 1501 1287 61 2822 4227 3702 1213 480 1574 955 2684 2951 135 1483 825 2254 1181 3265 1278 436 1494 2024 1763 284 799 2846 3570 2147 3615 1374 1295 4857 483 3562 309 1976 4765 1960 357 1631 1144 195 1546 1185 2496 4769 4708 4187 4378 3088 1046 2952 2245 4270 2826 845 1527 3314 2202 2080 2903 3414 3069 938 3813 4629 1923 1538 2571 3288 4452 3586 1583 432 4658 433 765 653 1467 2386 3585 1077 3804 454 3553 1130 1120 3908 1836 269 896 37 1994 4959 3359 2939 2012 1133 4602 2207 3179 3032 4113 268 4931 1746 4617 1497 4899 2822 1683 4976 4323 4690 4116 419 485 2185 1150 4713 1994 2443 4325 4024 3950 4385 4847 1506 2979 4069 927 3283 1863 3678 1007 1108 422 1699 3418 2324 3829 385 4023 4067 3580 1020 4085 2964 4591 1315 3694 1007 301 1799 1015 2336 3837 2324 3461 595 3499 4142 1060 3546 2524 1251 10 2399 3354 4666 1387 1097 2112 2914 4745 349 617 3797 3818 1275 3620 792 808 1901 1261 750
2521 199 4117 4520 841 4444 2587 2853 2510 3094 83 3292 391 889 2069 955 2124 3109 1562 829 1135 911 530 144 420 3042 4402 3318 153 4253 852 2053 4611 2069 3097 1526 4985 3802 977 3488 1006 96 4384 1981 3096 4617 4893 986 4040 3737 586 3752 4829 4013 1970 3691 659 2191 2165 4175 3874 3614 958 4619 2310 2296 4879 1591 4835 2742 429 3675 1990 3453 4748 4044 4562 2910 1730 3495 3462 3147 2765 4129 3876 2654 611 3045 1310 2382 4067 327 3726 2666 1471 2689 1813 3042 1407 1858 1382 250 2750 2015 4799 4724 4204 1410 4518 1669 4049 3626 355 1224 3129 1702 4259 3452 1428 4702 2666 3565 2550 1145 1876 4578 2947 4291 979 735 494 2916 4041 3409 2810 3518 1482 1199 3610 1528 3568 87 143 3960 2719 3481 4230 1166 1654 1606 3093 4301 3352 4672 1426 4869 2625 2758 4961 1869 4926 4979 2762 137 2830 4215 4670 1574 1607 2263 1364 1129 2720 4586 2551 3204 3456 1019 1827 407 4376 3965 3707 4904 609 3063 3473 2304 2823 1711 1465 2339 4549 1621 2678 2888 2916 3159 2304 165 2176 1449 412 2577 1108 4093 4460 3410 2412 4397 2769 1320 498 3747 100 281 2985 897 4578 4962 2861 3255 1296 1351 4322 2453 3758 1596 99 4659 1794 1782 2520 1075 3901 2472 3729 4251 1701 2715 3093 4190 587 3913 2528 3510 1294 4932 880 2672
1283 4334 926 4406 2167 4293 110 1474 3297 2412 195 1363 3592 2378 955 4759 4294 4122 2757 2604 4395 3917 3392 3068 939 2107 1205 1042 4776 728 1037 4569 4986 2680 3520 3088 3632 2003 4699 1460 3807 3416 2830 3811 4086 328 3531 3169 1978 976 4299 307 286 4291 2291 4676 2501 270 1555 1554 317 1505 4554 3986 1953 1974 4069 4231 1724 3964 1883 291 1096 3324 1226 470 1155 688 3142 1382 4199 2884 954 854 346 1806 1843 46 4936 1267 2252 2693 2708 4876 1963 1602 4648 805 3217 516 2613 4512 186 4173 3629 4150 3674 1401 3688 2445 3928 1220 3247 3373 191 2788 1591 4598 4655 2336 964 382 1343 700 3751 2494 298 4919 93 4696 2348 1796 3186 2070 3914 704 862 4309 4715 577 822 1757 1093 4471 1874 4889 3862 4614 1883 2542 2920 883 271 2221 2226 4714 434 460 870 2612 3465 3852 3679 1738 128 71 2308 4502 22 1796 1907 1837 1060 1957 4353 1326 2399 3430 2082 4518 43 3039 3295 4538 3676 2832 2266 1288 153 2410 2029 4815 2821 723 4082 4894 3875 4171 3200 215 3539 4702 2880 1724 3598 369 4696 4500 3528 2239 625 465 3081 516 4620 609 2208 2388 1800 4719 2852 4994 1384 3194 3807 3864 4243 1288 1608 2013 806 1352 4976 4352 2931 4022 4646 638 1339 301 3225 1140 235 403 2526 3826 2778 1352 1136 1773
410 3409 2126 2693 3568 4823 2097 1951 4985 2645 3218 2789 2426 2536 2124 4294 4459 3742 3237 1217 551 713 4060 96 111 73 4251 4878 4186 3085 4435 3454 339 1590 182 1392 3527 1966 3467 2876 3856 1197 2661 2933 4948 394 3891 1666 2796 2564 1518 4977 3687 1478 2590 728 1377 4575 2104 3149 2195 2702 1786 4206 4996 3017 4798 3483 1939 2133 2350 2802 960 818 2143 1763 2665 1065 1487 896 1941 4526 2494 2683 1482 2253 969 1708 4093 91 1078 1470 4486 1842 3065 3205 347 2674 3359 4114 763 3113 4087 2236 1768 3772 12 3441 2185 160 2446 4845 298 1868 4549 302 455 4573 4270 4513 695 3112 1114 828 3068 1923 1383 921 894 1372 1130 4916 4842 3475 4137 4516 25 3493 1097 1500 4005 4977 3438 3465 854 4981 2911 4810 293 3395 2801 4644 297 1997 2651 4904 1675 760 3320 1821 1694 2146 2870 4466 1080 4324 4577 1671 2317 339 288 4242 766 595 4166 2973 903 382 2434 374 1976 1940 97 2256 4524 2162 1362 4435 2129 4126 639 352 3928 336 1574 1693 994 236 4817 1897 1521 1040 3330 4954 1846 464 1111 1438 4784 3637 1433 2205 4599 1441 1130 3612 470 2019 2190 745 1766 1323 4629 3365 3308 2597 3242 4187 4848 2936 3934 3160 4775 4161 1926 1596 3579 4559 24 2474 3714 3406 1182 4397 4135 2839 949 2398 2786 4491
4251 4791 4745 3093 113 2939 3874 4183 1444 4563 2104 1784 2262 542 3109 4122 3742 2925 4874 4548 383 2273 2490 4256 3070 1527 1829 1544 3224 4031 4972 3596 4734 3623 4196 4681 1695 2970 4497 1444 1896 635 526 4112 343 4308 975 226 2319 3942 2507 2805 2366 2708 4333 1136 2499 3801 3973 4671 2778 2302 3442 121 4586 3785 492 4466 4997 1432 769 2894 904 2477 2727 3272 3450 2544 4538 3306 3528 4563 1727 3876 1970 2181 2664 236 2166 1769 3081 1599 2008 4310 4319 99 4272 2324 1290 1722 1784 3927 2558 2450 1777 1159 1853 1121 2839 723 3151 2713 4910 4994 852 2224 3857 3715 4768 1136 3757 2891 1833 3509 3298 2015 3189 1350 3370 3286 69 4903 33 2449 3986 2819 2375 4066 1388 2498 10 4174 3602 2792 4987 4180 4644 4779 979 569 4042 2892 2348 4824 3617 3412 2772 2987 2030 2944 1645 2596 2088 4982 3026 1270 3651 1611 4605 594 197 998 2288 233 2287 1937 2554 1101 3769 4168 1882 1046 1455 3900 4314 2515 1138 2184 748 4698 4997 2165 3682 726 2872 2884 68 795 56 3328 700 257 468 3528 4726 4191 3323 3820 3148 1905 1274 2408 1905 1014 2896 4409 4505 3786 2351 3500 4849 4849 750 2444 2866 4145 1535 2944 1679 2252 236 2819 2987 4626 2334 2610 4727 1007 860 1488 3998 3870 2427 2367 4590 962 208 4615 1892 3756
3341 769 542 2365 2117 546 1584 4874 1514 742 4814 99 2347 2350 1562 2757 3237 4874 4438 840 1512 3306 3889 4359 1882 1310 3146 280 2089 3101 492 573 3818 4836 2060 1163 344 4112 1111 4861 1456 4560 2759 3537 2158 4219 3293 3363 1387 408 3913 3110 3361 4913 3809 3882 3175 4687 3757 1661 4079 658 1897 4331 2931 1262 4729 4643 2793 3633 2396 3614 3696 913 2772 4597 1962 471 3124 621 3586 3209 4453 1872 803 2445 670 4547 3151 340 1110 2356 588 538 3166 1255 15 2793 4057 2658 3255 613 1926 4227 3894 2168 3063 1764 1772 4436 2866 840 2846 4204 1929 380 4892 720 3680 1254 2487 1701 3446 4611 3568 3993 4836 181 2661 4055 2172 3634 2539 268 4888 1144 3240 2168 957 3968 2023 2548 2417 3084 1257 1041 1301 3741 2938 2335 4029 786 2123 1478 4281 967 290 4870 3705 1086 4439 4297 1302 2405 376 1384 2898 4292 3732 2439 2785 3637 3265 4187 3470 2153 1444 100 220 1426 2680 2134 1066 3133 2736 722 4845 3365 2545 4498 4681 3186 368 1920 2550 2770 3674 3300 2091 450 2645 412 2114 4829 454 3912 4059 2934 184 2106 933 269 388 2436 886 1808 3649 176 3504 658 4063 1580 3717 91 4203 4742 1522 2776 3962 309 4846 3192 2928 2789 1700 1342 163 193 3887 2157 3749 4300 4706 1504 478 1625 3003 1978 3760 839
2574 4936 4432 1991 197 2376 4170 2094 1563 2701 1047 4888 1960 240 829 2604 1217 4548 840 1918 3711 3281 932 592 4403 1343 2459 4013 285 2594 4837 4065 2017 367 3809 473 837 1461 220 961 3094 1830 1741 1447 2853 581 1800 3296 2392 3981 3344 4698 3321 643 58 4957 1360 4002 4717 537 4597 229 4762 3922 1198 3619 2341 875 2964 3605 4412 21 4352 4563 1525 344 1104 198 3150 3959 3054 3176 4439 4094 3703 3429 1108 4908 2052 4661 3372 2095 3077 3067 1582 2749 1866 657 374 147 4341 4993 4631 871 2194 37 550 3463 1819 617 3194 132 2903 356 3462 1747 2463 446 2994 392 2768 1825 4896 4238 4386 81 259 1173 4482 3507 814 2008 1952 1565 4515 3514 3386 3041 3180 55 68 3937 4309 1800 2956 4942 4101 3146 1207 3718 4642 2799 1232 4102 587 701 1805 1771 2161 2174 1121 3660 4789 523 1759 1024 4096 4463 4198 3077 3158 2849 3845 3112 4626 2677 1075 3138 515 562 4868 1816 4682 2902 1830 2748 2054 4860 709 857 2202 4893 4826 2139 3652 3225 2790 617 1722 4955 3552 1567 4167 2828 562 4364 2607 4855 2140 3524 4210 1489 3853 1301 4253 1049 2160 2095 1579 4834 4363 3012 1411 3779 1828 1684 3259 4196 1088 1553 2623 2068 3558 1512 4963 1142 1476 1914 2795 4331 940 3969 828 1149 4915 3029 2559 1970 3420 2694
1330 3353 1897 3940 4067 3695 543 1027 83 314 2925 3172 3188 2063 1135 4395 551 383 1512 3711 3167 4010 2746 1783 1717 3248 509 3699 4212 4740 1714 4368 456 2803 935 3473 1980 3243 3284 1106 1106 2242 4484 3746 1726 2459 3497 1557 2653 3915 3868 3836 4665 4195 2960 3798 2459 4608 4837 3270 1081 3324 4234 3732 3359 4300 1448 2169 996 4473 3467 3799 523 3936 2229 82 387 961 711 4543 1403 1638 2866 3635 2178 419 4956 178 849 2418 2618 2257 4377 2620 2345 1863 2964 2982 2206 1358 2536 1425 1088 3803 2438 1532 551 724 3216 2656 2027 350 654 283 3093 3634 848 1604 976 2854 4130 4584 1260 2247 3893 2109 1582 3370 516 137 3283 1031 1404 1554 4031 1439 161 1730 917 90 1572 168 1651 4437 431 2689 1739 3218 4192 223 4237 182 1800 1751 3215 4891 3368 764 3834 1756 3238 1687 1287 572 1657 3717 1786 489 3395 64 861 3614 1752 2917 247 2078 1183 1684 770 4090 2611 3361 2787 483 160 4861 1965 103 2219 943 830 192 683 4398 4462 1165 1134 2927 3831 320 394 96 2958 1435 4406 2504 4788 1814 3281 2303 1470 4556 3006 846 2883 3129 3136 2679 1098 4664 4312 3481 3515 3779 4531 4621 4870 2680 3631 1658 767 2462 1853 3508 3744 626 3958 3850 1132 4569 2403 1171 1011 2052 1132 4653 2605 4927 4134 4633
2288 1409 3913 4813 2542 2108 1688 1970 2867 2209 1599 2667 543 4454 911 3917 713 2273 3306 3281 4010 211 1760 2127 770 2276 3054 1379 4854 201 4742 2447 3337 3882 4602 1569 2370 1445 2937 1667 2663 2312 2683 1561 1730 2861 664 3845 113 3745 3442 503 3379 1162 4271 2432 1422 4529 2646 448 2915 2700 3871 4465 1550 3617 3719 2246 145 1389 1316 2399 703 86 4658 3300 3170 382 3850 2683 894 2884 4174 4505 2430 3446 2667 1634 2639 4561 1017 3771 4686 3018 3926 4507 1888 3669 1095 2992 393 4340 2110 1118 4155 1803 4521 3863 2722 2702 4642 3523 675 4316 2171 2648 2469 807 3633 753 1649 299 1308 1820 2460 77 1601 3737 3867 872 4018 4642 755 4583 2991 293 781 3053 4190 2006 3224 4759 4217 1839 1229 3511 1092 2368 1659 2003 1050 2924 3127 3344 1920 4409 4140 2767 4582 3268 2384 1397 3362 1600 4933 2519 95 1352 2497 1336 3204 2659 3624 3737 2171 3525 2696 4484 728 1672 3470 956 1361 989 1681 2168 520 3557 310 2193 2774 4322 3635 4952 4425 3130 1915 1170 979 1333 1091 572 2146 1113 2574 808 3188 2820 2765 2622 2969 3566 742 1916 1247 154 2528 1504 1103 1717 1818 1879 3778 1609 4295 4302 813 4669 3215 4767 3176 2405 618 3972 333 2181 3516 134 3333 479 2547 1934 3216 3497 3322 24 2027 4605 1357 3007
2448 4360 651 407 3553 4592 1181 2303 593 406 4662 4651 4683 367 530 3392 4060 2490 3889 932 2746 1760 1848 107 4148 489 1137 3327 4668 1434 4768 1716 2568 2534 2215 2589 2921 4257 1287 974 2295 2370 352 3176 177 1339 352 2316 4592 3738 1334 3860 132 1283 4125 1180 1036 1234 3350 1459 4799 1372 4743 3177 32 4256 4585 640 251 245 2362 3270 503 4446 1106 2417 687 3906 1137 1662 3382 757 1035 3069 635 4460 2621 4782 4888 1822 3787 3643 2282 3590 2519 4622 1171 379 1256 2102 3455 1460 525 3243 365 4101 3735 2981 2066 4120 3665 1024 3235 3009 2041 2000 3201 4690 1787 3225 4573 2582 4186 30 3051 2091 2585 2008 2920 1117 2778 2040 3835 2951 96 687 1227 4138 941 1495 4415 1426 2800 4635 4160 1549 184 1158 1424 1766 1963 366 1497 4419 1693 4577 2427 3091 881 3823 4422 3761 3793 2398 171 1420 4369 389 963 2145 3945 305 789 273 3576 3463 2589 457 1143 2403 3785 4673 1166 4224 962 1674 2870 2148 2861 3688 2825 1978 2854 1785 3099 4497 3095 1687 1623 4720 1494 4494 2933 1771 10 3236 3617 3333 517 537 1923 522 4632 3434 1791 2323 850 3440 1035 961 4860 1809 958 3731 2340 825 4658 4444 1763 4850 4907 2518 2520 894 1044 4191 1794 117 3415 2171 1433 1546 1003 3263 2955 3723 4679 3931 239 990
3673 2048 4042 1866 1169 4768 2392 4294 4632 2849 3553 942 2379 2769 144 3068 96 4256 4359 592 1783 2127 107 2497 2379 2550 1767 3217 4373 1944 3983 3359 4773 849 4072 1000 325 2339 445 4766 1999 3071 846 3511 798 142 1442 1270 4539 2694 4744 3618 873 1098 1208 2994 4677 1199 4993 3664 2462 4974 1267 2594 1375 2421 3322 1663 4732 1084 4611 4742 3335 4301 452 1921 3982 1362 3547 3352 3306 1187 4055 2071 1743 3606 3509 2221 4469 227 4610 614 301 2080 2755 276 3993 3536 2802 354 2952 260 3660 4181 4054 3190 3736 413 2233 1949 3017 3116 937 4544 3680 4602 779 68 4393 1189 1959 3291 1901 4752 3120 1410 1978 4220 3471 2829 1330 4361 1567 3273 3488 4475 169 1794 4555 2749 3257 4046 1545 4288 766 2929 1945 4729 2531 2364 3598 230 772 2911 3214 3816 3257 3706 2901 1744 3501 1018 4704 260 485 916 4363 4911 4171 1053 2152 4656 2973 3095 3658 380 4378 2643 2504 2988 3892 4395 1955 1050 4559 4286 74 301 882 157 3412 1157 1471 3144 925 3180 2032 4895 4291 3469 1124 4715 3473 3654 2889 618 3548 2757 306 4323 3509 483 1018 1514 1610 1822 235 3087 2879 1261 3266 1037 4473 2115 3115 1905 1682 1780 780 3998 2604 3791 4727 3383 2041 2937 1513 4398 3692 1870 236 534 3977 1132 1615 2241 3748 2888 4632 3307
4067 438 807 3246 3922 1876 1027 3705 3028 2974 1785 3823 439 1990 420 939 111 3070 1882 4403 1717 770 4148 2379 2550 4175 2452 3155 3089 3448 322 3609 1240 1476 2382 687 1822 3645 4040 2942 2313 1875 2049 1455 2809 3299 2995 3414 2594 4945 3537 286 817 2357 3674 1629 1451 735 4312 4703 790 2346 3641 1904 2218 3251 2369 2157 2944 1277 71 860 1862 4248 2418 4008 224 2472 1629 1289 2942 1617 2169 4489 4696 1711 1882 1404 383 493 4835 3286 3083 4633 4511 93 3010 3983 1624 612 430 1956 4045 1988 751 3253 4751 1672 2382 4303 3388 4266 3032 3052 4104 4478 2377 392 539 1934 2508 3711 497 2051 1500 3017 2322 4532 1702 3488 3877 1679 4776 1285 3031 2554 447 282 2632 4663 2369 3844 2485 2409 3895 3931 867 4460 2742 3247 2019 1170 2535 4854 3571 141 687 3241 790 1198 3471 4723 864 3865 3451 321 4920 1416 249 683 4822 696 409 1871 4342 2560 2800 4453 4041 3630 2903 2213 526 2298 697 4671 1954 2703 3549 4094 810 3763 1848 3736 4056 2522 3462 3465 2929 4072 1179 4785 4979 3112 2570 2186 115 1302 1257 3999 948 1888 3768 2480 4173 2831 3427 3460 2416 4682 3852 3758 1560 1117 296 4321 2958 2550 1260 2092 4051 1730 3910 4545 1877 639 3791 4245 1377 4482 2789 3952 3618 3227 2244 3334 43 477 751 2559
3140 3344 1783 3402 202 4120 3088 1071 892 1970 1242 3421 1202 2970 3042 2107 73 1527 1310 1343 3248 2276 489 2550 4175 1883 3904 3824 3507 3661 1056 2929 4422 3021 556 26 2531 2024 4212 4360 530 2587 1441 3640 2101 446 1937 3454 3880 2173 3129 2276 3280 3400 973 905 3142 4256 837 2768 4849 4836 4694 4221 4546 2944 1197 2729 4270 228 93 2065 2772 3162 1238 4201 977 3190 1955 3349 3518 445 4574 1855 2174 4118 4779 2189 4312 2922 594 4619 383 2973 1995 201 3730 2220 784 609 4912 1422 2582 4626 1094 2131 2831 31 1617 3725 4998 4917 2859 2138 4676 4199 2742 2002 4608 4673 4157 3154 2838 3154 2061 228 1933 1352 4627 2319 4468 912 4972 3599 4754 397 3785 304 1689 4913 553 937 3922 3783 2541 4733 1016 3844 163 4657 4363 2379 4769 4156 4714 2836 3782 2575 254 4627 552 1121 3296 138 4318 2214 4054 3859 292 1903 1857 1275 3716 3720 2614 964 4574 419 105 2082 3805 3063 2612 70 2324 4876 1243 3935 2851 4833 285 673 458 632 39 567 1557 3364 2900 2184 2813 1662 3834 1227 4626 1066 4263 4395 517 4808 671 2654 1487 1738 1619 4715 29 4906 2004 555 4510 1889 4435 1004 391 4041 3181 3448 2029 4287 16 4104 3402 3226 3145 4536 1375 2312 312 4894 4229 2212 4196 2542 1449 3495 2375 549 2748 2725
122 3871 1659 798 1107 2327 268 1647 367 2302 3067 1692 380 3685 4402 1205 4251 1829 3146 2459 509 3054 1137 1767 2452 3904 2581 4957 2981 897 3247 41 2740 808 554 3065 1296 1917 3507 4752 4172 3771 2218 30 3172 4437 1927 3871 4555 2884 2077 4521 3925 2857 1970 674 540 4722 257 3453 4865 761 4334 3349 2392 2852 905 2555 4568 2692 1414 3028 1211 3975 2814 4978 1073 369 218 4470 540 3792 1188 2095 1008 3491 4578 770 1882 312 4041 3916 1202 4637 1766 897 2914 4346 3660 662 2110 3696 4527 428 3348 531 4852 4764 2102 4624 1843 3632 4329 4875 2079 4659 328 4445 4808 2401 2458 837 4147 2829 1030 2171 1575 1461 1071 3918 3139 3557 1303 1114 1180 2534 3509 1002 1272 2524 2564 4577 1139 2683 281 3674 4574 1287 24 3995 3720 1341 4728 4846 860 4224 1749 2220 1406 1698 732 3368 4144 3357 4859 848 1726 1838 1799 813 980 3659 1713 2791 3117 1347 2165 919 4708 1037 4496 3067 4232 157 2091 667 2589 3552 4298 2060 663 3477 3562 3248 2935 1430 3899 4242 1619 1954 711 237 2953 3833 2065 3855 127 2609 4274 1174 4689 1831 1288 4008 300 4198 2537 2239 456 2517 2340 180 3552 4966 3998 2724 710 3154 4470 736 802 1397 1362 2731 4821 81 3160 196 2524 4852 2551 3790 2159 748 3424 4138 504 3340 1111 3510
1357 3390 3936 3165 1595 1395 2793 4687 126 2655 2890 1134 948 2561 3318 1042 4878 1544 280 4013 3699 1379 3327 3217 3155 3824 4957 3924 1641 1955 4364 2681 1811 588 3108 3081 2023 2688 2285 4706 1726 4392 4459 2260 1642 1581 2782 4053 2348 204 2175 1630 3655 352 3522 332 3513 1774 3986 4171 2787 1377 622 1788 3909 1369 1556 2136 3484 3792 2087 2539 4968 74 2612 4356 3841 4588 4322 4586 4880 4188 3160 1828 4736 2047 4329 120 1711 2042 1239 1947 2337 2275 11 322 698 1894 3434 179 3475 360 3754 995 4531 3703 2861 4617 2910 941 3817 2200 2515 14 3024 3498 1661 1060 1538 3162 1576 4150 4221 4092 1766 3182 4834 3186 4469 3106 618 3710 977 2281 901 905 4174 2669 558 4771 1155 1412 3488 2707 260 32 395 4087 1217 2859 905 913 180 3834 1152 3211 3295 2336 1904 4235 2373 95 3447 2887 4860 1307 2754 1100 2622 1382 3906 4114 766 1467 4882 701 3232 3283 2197 1978 3545 1664 4751 1846 778 168 3854 4991 4080 4547 2012 503 3840 3257 3354 1752 1628 1909 938 382 3098 2638 1624 4285 171 4984 3320 572 3356 3570 756 3233 4598 1277 2325 3155 4918 4663 4736 3273 2465 3278 3109 4154 274 1429 795 4164 4912 1664 3384 4039 2643 3340 4276 2139 3074 2068 4424 3611 2275 4850 2714 2999 4589 1127 3236 1538 1978 609
3843 1733 3161 3230 3588 2888 1188 4781 3849 2894 3409 2723 3369 1459 153 4776 4186 3224 2089 285 4212 4854 4668 4373 3089 3507 2981 1641 4096 4889 2956 4380 3186 4635 1382 3263 4868 2487 3421 3059 672 1450 3027 1534 1730 1229 4105 712 69 2787 434 362 1737 3075 2199 1340 2201 1595 28 4929 770 1350 1855 3992 756 4257 2585 3046 3633 328 1362 1622 3361 2409 10 4070 1273 2229 4040 694 1819 4116 1741 1084 4601 1927 4117 1010 1008 2278 3995 2774 1604 3603 3398 4420 2915 3397 119 735 1885 847 387 3869 1686 606 164 628 28 3926 2231 1271 21 3255 2350 1789 3001 4228 2762 1941 724 2945 3321 3993 3678 682 508 302 2567 950 4160 2312 2682 3183 4849 1753 3996 1902 3211 3803 57 3746 3769 4180 2700 4349 3305 46 3652 2748 4419 4473 2077 3455 1904 2828 72 1620 2812 4770 2032 3980 2559 634 1291 3328 2496 474 3956 1476 2086 192 2363 492 3191 314 727 1828 3704 2825 3377 3775 4423 2904 1188 2226 745 3569 1684 530 2551 1217 752 447 3714 2657 3433 12 2865 3366 3857 1101 1083 2561 3123 2823 3174 1024 4944 1938 108 3662 1032 3239 1966 1427 4728 1384 3119 2932 2020 2596 3335 4507 2582 3575 1842 501 4498 4265 1690 2932 974 2935 25 1421 998 3469 2397 4694 1394 4815 2287 3512 2711 2824 2949 1907 604 3206
1945 4586 2131 3252 3836 2002 4148 670 2282 4539 2346 3987 270 4170 4253 728 3085 4031 3101 2594 4740 201 1434 1944 3448 3661 897 1955 4889 4629 645 2202 3972 3051 2870 3346 3999 2901 3343 4683 1451 587 482 4882 400 1021 960 692 1654 2778 3729 3467 1260 2598 776 3528 2035 1249 980 2098 1528 4874 2817 2212 597 3474 1385 1498 483 150 2003 3464 1311 2847 701 4854 913 3656 4113 1087 236 679 3740 1087 2784 4684 3900 601 1101 3384 3707 283 735 4709 4315 2983 1934 4787 4724 985 306 3814 210 1616 3570 2225 1165 781 2035 3278 4099 1052 4432 1468 833 496 3209 1042 2108 1417 4453 1944 852 3509 3971 1544 1774 3053 3649 1555 3753 1801 3890 4589 887 1148 1726 703 702 2555 240 3895 3864 4795 4538 2216 4270 1192 1208 805 4578 1406 353 101 1132 4626 4920 4035 3868 1035 564 483 2837 1510 2339 3549 1151 411 704 3875 663 4257 1071 2723 2752 4304 4331 4229 1727 2068 2255 1305 595 3524 4014 2334 2027 943 4823 1912 2827 3164 847 2751 433 1507 632 1291 2825 2738 3383 4380 4064 517 2958 257 1800 362 1776 3815 3610 1679 988 979 2883 1651 4508 2922 3079 4268 1159 2534 3314 1305 2765 946 2363 4868 3145 1166 2785 3982 1988 143 4495 3611 561 4508 4115 2679 3792 1520 4834 2159 2243 3078 2594 2166 202 2511
4261 1523 617 1223 2395 1985 1143 3756 3240 1280 3106 1247 4913 4298 852 1037 4435 4972 492 4837 1714 4742 4768 3983 322 1056 3247 4364 2956 645 3570 2006 875 1182 3255 4590 3448 4254 136 1023 1983 3583 4204 4758 1913 2169 1243 1178 874 2527 4135 1977 4886 1924 694 1991 4453 1940 3058 1440 853 1972 4293 666 2116 650 834 643 2001 3402 831 470 3519 3480 3353 3165 3664 2200 3589 4415 4230 4821 4062 2451 4242 1671 4631 4294 2142 2580 1960 183 4176 3311 2437 2895 826 461 4305 662 4973 4249 834 2046 2844 3417 2000 1675 2315 4315 4766 4827 3736 3411 1002 4052 1973 2301 3674 1271 4553 1773 3918 513 4915 2400 139 964 243 3547 738 1703 4723 4214 949 2515 3216 2750 2941 2401 1772 3530 179 4438 1208 124 1879 2427 1426 2184 1475 1832 3239 4173 2414 288 4177 2826 879 103 3417 2307 564 1812 2212 805 4696 536 2708 1440 2950 1713 43 2366 4559 137 826 4552 138 1497 1111 4784 1396 1575 1540 4383 3349 2045 2353 3778 1101 512 1121 4620 1527 897 4531 869 65 168 1824 721 3354 3464 3537 1061 2960 1359 1087 1440 734 4699 307 2088 3648 3982 843 1999 1240 3813 2639 4586 4903 3124 3626 1150 929 4385 3947 4702 4127 4426 1791 836 1756 1709 3249 2404 2604 3576 789 4240 3963 4287 4960 667 4397 2383 1190 1368
4826 2904 4914 4132 3738 618 1777 577 672 4907 3662 4973 3881 2128 2053 4569 3454 3596 573 4065 4368 2447 1716 3359 3609 2929 41 2681 4380 2202 2006 4004 2015 2391 1037 2720 2369 2997 4544 4337 3129 656 2363 1617 1862 629 10 1846 3555 3063 493 3670 3522 787 3932 1113 4798 1776 84 3605 989 4877 3801 1843 3212 2882 850 4764 264 2324 3603 3063 3117 3961 1220 3275 1172 37 281 841 3394 4039 3871 3584 4771 3825 1726 3901 3768 3301 2285 1976 1627 4742 4568 2307 1368 4618 1936 1781 4047 4112 316 2517 3084 4630 722 3870 1948 830 1388 2163 4353 2588 4256 1108 2724 3283 1907 2500 3136 2900 1958 226 2365 3575 4046 2745 219 2183 1932 580 2358 2129 2296 4733 2978 202 1312 1959 3097 1704 3462 4777 3745 2626 688 347 1362 2984 288 637 1278 3515 3836 3040 4160 2590 1980 4836 4090 3480 95 4502 2487 1626 3579 2509 3502 1898 4912 2618 2479 4924 185 2648 4905 645 2370 1603 4922 1113 1936 152 4938 4509 4598 3900 2203 2238 728 4531 4947 4315 252 1499 1630 1587 1118 4217 4727 1622 2577 1022 1378 4519 3404 312 3133 3961 3571 3594 1063 2045 1558 3997 2235 3729 4219 741 1746 3806 2722 502 233 2981 4977 198 1551 3381 90 2735 442 4047 3662 960 953 4080 874 1911 4865 2334 4304 2345 4476 2021 611 1480 603 1491
