N: 250
M: 50
Symmetric: true
Triangle: false
5 100 180 248 228 189
4 216 122 77 197
4 186 192 113 8
5 201 230 108 65 138
9 198 26 67 50 147 90 99 101 40
3 75 156 183
4 121 97 54 82
2 240 245
7 80 114 161 96 137 238 172
7 213 117 193 63 219 22 194
7 207 28 56 76 209 177 166
5 30 179 3 153 232
3 176 217 175
2 84 246
7 163 21 116 88 196 178 70
5 46 103 188 5 225
5 7 234 212 142 93
2 118 145
3 109 165 61
5 98 83 205 242 6
6 92 19 146 9 4 155
6 185 44 241 23 120 110
5 237 231 86 34 38
6 78 62 226 48 224 72
4 162 169 130 211
5 57 125 214 45 85
2 127 33
8 247 149 79 24 223 60 128 171
5 124 27 106 159 18
5 58 140 102 150 52
6 49 164 195 59 32 51
7 202 2 31 134 229 17 104
6 43 133 132 190 47 16
3 126 74 15
5 203 236 148 107 112
5 35 199 157 81 144
6 250 111 37 11 89 135
4 25 91 68 10
5 173 69 244 139 13
4 95 131 129 53
6 39 36 181 200 174 160
5 55 235 227 115 168
7 29 71 136 20 73 215 204
2 41 87
8 206 221 218 42 184 105 191 12
6 119 208 158 210 66 222
7 243 233 123 14 152 239 151
3 220 187 64
5 141 249 167 170 1
4 143 182 94 154
2301 3867 247 4360 3800 905 2414 4824 1017 4164 4696 243 746 92 2776 3583 4650 2304 522 2215 2727 3674 1665 4167 3142 1741 4009 1509 428 731 3611 902 2027 1708 806 1506 1635 4706 4849 4990 2636 3770 4880 4146 3546 1795 4267 3042 807 2580 257 4418 2057 1972 4926 168 148 3885 1840 3757 574 2746 2108 1917 1638 1108 2268 4444 2301 207 447 3217 2358 4907 1915 649 4722 1013 1405 2847 4048 1289 392 2470 3712 3616 1562 2572 3536 2660 4509 4298 2060 4432 277 572 189 3624 3423 2879 3077 3123 4287 2754 1461 3247 826 682 2689 2141 3846 3177 785 2080 4382 151 620 1211 962 399 157 4193 1956 4536 449 444 3343 3993 4082 970 1625 3213 2029 1566 4916 2137 740 53 2118 2120 4840 902 2816 153 3647 2046 3358 1520 1481 3308 2714 625 2355 67 4541 1437 3310 3345 4746 204 3484 220 3383 3254 284 3133 287 1537 3264 747 4547 2763 586 1202 4874 148 1083 2885 4112 1949 1982 1395 3041 3972 4018 3935 1798 1088 4044 3443 3793 4585 4838 1874 2784 4613 535 2143 2166 3979 3432 449 871 1995 3410 939 3907 211 3540 1803 3791 954 286 3859 4763 4919 1878 4998 2578 2764 4680 4868 2736 2631 2508 1229 1223 4837 4445 947 296 2199 3232 4219 4577 4329 891 3376 3861 3467 3614 1901 3458 4099 211 1049 2725 1130 2731 1502
3867 3669 2345 3794 2102 305 2306 3258 3841 3527 3110 3738 2583 1666 3992 3283 4323 3379 4291 3623 2885 3624 4327 2346 1143 2873 2916 4267 996 1400 2474 4124 888 4081 3007 1430 3518 1879 1759 369 2118 3890 1757 3607 3015 4736 2510 3935 3495 978 582 1575 1851 4829 2867 2132 3123 212 3156 3278 689 422 995 417 2140 3374 2426 946 3650 3912 1980 1954 3089 4509 4449 3006 2712 788 1336 912 1919 2787 3664 2043 516 357 2565 253 385 1525 4595 814 3069 4362 2910 4765 3500 2632 3806 2006 3200 4827 4302 2468 4286 4670 3235 1919 1241 2531 792 4975 626 1013 2944 1737 3605 2506 3740 3601 4257 198 1959 3757 4909 1292 3991 3551 1367 2454 433 4513 2524 2453 1539 2006 1920 3346 4030 770 3650 3510 1605 3507 4507 4625 3012 320 4870 4529 2008 3701 1790 378 1717 3421 4791 4785 1991 4107 2570 350 2650 2340 2748 2451 3656 3097 653 1324 787 762 970 2700 3439 1543 427 1908 3982 2111 1746 1851 1215 4491 3618 3801 3346 3442 1057 4747 4282 1303 3020 3429 2712 4456 4638 3109 1364 4096 99 2457 4141 3195 3213 4004 2829 4135 1167 4073 1274 2749 748 31 1915 213 2899 1929 2722 4627 554 3829 3812 2886 1285 1171 2995 1192 278 1099 3939 3283 1516 2060 3906 500 3774 4803 2703 4720 3944 3264 3855 1049 3268 731 3657 1152 2765 2105
247 2345 3327 1037 2661 1776 3256 2657 3742 267 347 2605 2274 4194 2958 1420 4177 3819 3902 2804 4708 4848 449 1793 3961 1654 1015 1110 861 1862 2251 780 4090 1206 4961 3379 3718 465 1865 504 4324 2737 1869 4556 2741 4431 701 3851 3974 4528 4307 4945 4215 1441 1208 4649 4118 4557 251 1684 650 4077 2978 1536 2986 374 1370 2041 3569 2990 220 946 515 1131 2562 3135 1848 2275 1017 1528 1911 183 4241 1515 4339 4361 4725 1505 2193 540 954 2404 576 4245 353 204 658 3624 1978 2324 2878 3174 4215 1634 3376 4558 3004 422 3803 1533 2464 2376 3451 2345 4263 740 1944 2021 4740 2929 1703 4309 3891 29 3159 4110 1956 4557 137 3386 3558 1953 4969 2930 310 4240 503 862 3260 189 139 935 525 4670 2555 1662 2707 1440 1101 2315 887 1929 4936 2304 2743 3228 587 2652 631 1294 4168 1858 4912 3443 2813 2826 2119 4110 363 4077 3275 3045 59 3637 421 1011 627 3623 1527 2662 1842 4141 4242 1342 4583 832 168 2738 14 2915 1943 3936 4816 80 65 1410 2161 189 4597 4385 1996 3750 333 776 4352 1049 2946 4377 3568 325 1329 1614 1554 4450 3948 4913 190 2394 2160 3059 460 1155 3378 1005 1259 1677 3198 199 3620 764 2299 2336 2081 1992 686 3653 4127 3757 4598 4994 2875 2288 4212 3980 4836 3974 3738 3471 538 4869
4360 3794 1037 4283 4373 4550 3466 496 423 4298 3274 4232 4931 1336 1955 4920 2809 4406 2029 2521 1460 1578 1811 3229 3085 47 4681 4896 3619 2956 3251 2735 2727 1722 910 3109 3190 1868 1043 623 21 3834 1730 1065 3504 1218 4640 4679 2283 3630 4676 2115 3818 2564 172 1973 2635 4669 1063 406 1011 1229 1480 2909 1598 3507 1167 4751 4922 2382 1702 2412 870 2158 3447 3426 3290 1521 4313 4865 4803 3144 1910 1192 4913 498 4038 3793 4971 731 2483 3010 4182 1419 183 1400 3376 2786 2942 3730 2426 3574 4167 665 4011 745 3200 1960 1030 4405 2725 2814 2438 2310 3186 1523 398 510 653 2200 4881 4172 305 1525 4397 4676 4308 1063 1594 3850 2458 293 2453 1811 378 1987 1098 1431 4301 2297 266 4243 2657 3707 1487 3861 1650 672 3609 4837 964 3563 2560 4748 3517 2598 2977 1595 848 349 548 2364 3407 717 416 2679 3689 3227 3175 2847 3429 4920 1216 1708 4252 372 1765 2753 713 3000 2006 4288 2910 768 3982 2470 1010 26 1891 2991 3624 1207 4019 4672 462 4516 502 1496 704 2959 4639 2015 524 2221 84 1017 264 4179 358 2841 4344 2567 889 1917 3444 4455 2188 4395 2521 3474 3586 4828 2198 3527 2362 4666 4460 3765 1249 4867 4344 4398 2508 4407 208 3611 3027 1841 2365 4459 68 286 2306 2749 4200 143 2870 2477 3973 974
3800 2102 2661 4373 4443 4100 4511 719 1208 832 1586 626 2474 2981 3831 1229 815 4343 872 4091 2238 1974 2027 660 4186 4326 1960 1451 2762 4897 3292 2665 964 4581 825 4562 1564 4142 2147 2069 635 4349 3499 4428 1552 4417 2892 170 4526 131 379 4222 4566 2567 2115 2475 4653 872 238 3989 1602 1276 2671 1330 3568 3915 1616 133 1356 4393 3034 1527 3134 438 474 672 1227 2346 3558 3893 2099 302 4262 3121 2524 1148 909 4685 3923 1658 1719 2483 1187 3597 4198 86 2303 4209 4292 4987 2549 2839 4586 891 1404 3345 4402 1160 328 4579 4074 1705 4201 1386 327 4285 2216 4232 460 2405 1868 795 1016 1376 4434 1405 3832 4317 248 480 3200 3909 1737 1660 4213 2741 2503 1013 2505 1539 2467 3956 643 1053 4873 2741 2618 3992 2247 4169 2737 2929 2327 3047 2188 3541 2619 415 2369 2878 1102 1620 2411 2039 151 4250 4073 3497 2131 3794 1545 3332 3862 3108 285 151 1824 2351 2901 2307 586 2960 3520 131 3618 3720 4898 2039 2817 3858 2902 3733 4443 954 3346 4362 3878 1745 1431 677 2055 1115 698 1620 1165 1274 3558 1171 4100 4285 1249 671 3153 4176 3280 1895 1499 1409 1616 4742 3993 3448 1952 4270 2487 2920 4435 298 486 1337 1591 3269 3397 899 585 1435 3648 2168 4478 445 3036 4135 1087 1644 1650 651 641 2432 2719 2304
905 305 1776 4550 4100 2685 1820 3542 2242 3114 1394 1116 3951 478 2972 4271 2105 4863 2250 2163 2712 2655 3010 2349 1554 2182 441 201 2267 1837 1586 3744 1851 1544 2070 1261 986 4981 2090 4953 2764 4297 1464 4775 3334 1411 3953 3391 185 1319 364 2109 2803 3353 3979 4156 3366 2246 3223 4165 1754 235 4672 2322 4630 4756 3259 1742 2796 4146 4426 639 2043 1619 3076 4118 3645 2701 1783 4523 2466 3842 2989 1514 277 3918 3540 41 3487 4403 205 2059 1214 196 1772 915 846 328 2462 4663 2833 1485 1567 2128 3666 2999 957 1306 2515 2917 675 489 2018 4317 4782 2799 960 2679 794 2521 2868 2158 419 858 4752 830 4508 2975 2404 50 445 3172 1224 1852 2621 4091 4535 4786 1764 798 4500 4499 1121 304 3299 4176 677 4529 973 4921 4140 487 1424 4018 717 3647 1301 4029 1112 4727 3422 74 2446 111 524 1221 835 2442 3425 3412 1640 4305 666 3123 2099 1607 3545 4695 3607 3616 2555 3011 623 3991 3432 4259 2547 2836 2016 2633 343 3110 3689 1031 535 332 1867 197 1829 3708 3539 4721 3034 1993 1716 1568 3152 48 1552 3265 1895 1536 1186 623 4883 1266 2846 1607 668 1403 3678 298 3205 374 3828 2781 140 2040 1283 4232 1371 1064 4915 3839 1254 1486 3851 2558 2244 1476 3521 1973 3660 2868 1297 4233 4704 4991 3177 2755
2414 2306 3256 3466 4511 1820 3275 3275 4008 971 4446 1192 4081 3524 1224 1562 1545 88 502 3696 1645 1412 1464 3238 3071 630 4027 164 3326 311 413 971 2571 2940 195 1678 4162 1259 4780 473 2210 3051 3204 2507 1840 2310 4596 4050 4397 902 3956 2409 4095 3269 3918 122 4011 1808 250 405 4298 325 4571 3955 4682 564 416 4636 257 1751 2917 4651 1286 2174 1600 2594 832 3038 2354 2932 1596 1381 4008 881 4056 1436 13 2613 4900 1581 3430 2219 277 540 4316 679 1426 2635 1372 2445 2760 3137 2330 4219 916 551 122 4548 437 1744 4223 2226 4266 1060 3745 3131 4198 4881 4299 4555 2321 2156 2897 2811 1900 907 2770 1814 1803 1491 481 710 1631 1156 2226 1723 3156 1829 3281 3222 3512 286 187 1880 733 2780 3835 1960 4685 2707 1809 3918 1406 3049 3986 4434 2718 1590 4513 3958 2205 1071 4174 1825 72 3047 3652 4796 2277 3045 219 302 3157 631 1155 4322 4960 2587 3373 1055 1354 378 3809 4616 2566 2567 1260 826 4080 3138 4426 2689 46 4713 1610 3792 4503 1890 589 3112 3105 1950 3255 4780 2152 3105 627 2310 1590 2203 769 2104 3445 3227 238 1679 1684 2528 1927 4587 3127 173 2002 1743 982 2187 985 1648 3101 2067 294 3683 237 4832 3076 665 3305 2409 1660 2437 2205 2070 634 4586 2643 2795 1627 2000 3266 671
4824 3258 2657 496 719 3542 3275 933 3244 2934 1163 2793 1435 3729 83 1312 2921 176 2462 2186 3475 4597 3635 749 3572 1968 250 912 4699 2510 994 3257 4462 2213 4504 504 195 889 403 3380 1189 2985 2726 2042 1225 965 2013 4119 4353 561 422 4654 4068 1477 4284 1097 1787 4632 2836 2254 3696 1920 2769 640 1810 3788 779 4643 121 961 4494 2101 4865 4331 3802 1101 763 1653 1742 1355 2032 2837 3455 1957 3836 4297 3478 111 1796 1763 1848 468 1779 959 1286 1844 488 1660 3814 2322 4931 3095 1652 1398 3406 4902 2972 4744 4433 1392 4330 3097 1687 1334 2735 4043 59 125 393 4240 364 3230 721 1593 771 2287 2599 552 2602 924 2373 2775 131 2594 3083 1411 621 1595 3101 3068 4039 2946 288 992 2044 993 1479 3245 3792 1870 1697 4285 3159 4992 2524 4332 2197 2731 997 887 1153 905 1838 989 1949 4661 3460 3617 4302 26 2455 1661 1900 511 505 4065 3289 448 1909 866 1965 201 214 2097 2887 963 4931 951 2783 4696 3288 4852 3583 4567 2528 3365 2399 3585 2753 1135 4892 2434 3534 2439 4594 646 4184 171 2831 4098 520 992 3840 1858 2178 3090 1834 169 2353 1467 4977 2613 4120 631 3087 235 1249 2826 2483 3998 4609 4769 3180 312 4784 1262 1752 2642 4592 18 947 4631 1191 1366 3128 524 4352 3026 2453 1334
1017 3841 3742 423 1208 2242 4008 3244 84 1101 3021 4768 4759 2510 4235 2694 3662 1125 2856 3194 2794 921 2281 1882 3856 178 4440 2698 281 1589 1227 4571 3313 4565 1378 4422 1873 3614 697 1582 3457 2841 330 2992 755 376 2841 3533 1228 4816 847 4463 4612 3454 3118 2540 989 1040 1428 2597 3998 1617 2472 829 2927 4941 748 1733 4653 2053 2972 1557 624 958 3053 3522 690 283 819 385 3246 3670 1903 1092 1225 667 4130 1805 3362 1357 19 1746 4954 3722 43 1740 1668 4699 3262 801 2427 1718 2269 4588 4504 1734 1559 2272 1378 4935 3167 2925 4087 3181 3002 732 2789 3143 951 52 296 3383 3811 4474 2687 1997 173 2418 1633 372 1291 330 3920 4780 1993 1413 3415 2733 4193 476 4120 4376 556 3571 4087 1124 2236 1953 1245 1549 2934 2213 328 569 140 4285 2253 4806 1842 3054 4922 3252 390 1322 394 2092 2903 3498 1013 708 830 3403 1876 2924 2499 74 1225 4740 1538 1895 3056 4680 2396 3090 1147 987 3952 4330 1880 2561 1422 4219 4485 2483 2404 2710 3369 3731 1235 4892 72 770 1847 2453 3218 27 4550 1519 256 4419 4570 3829 226 4911 2776 3430 3938 4283 3202 880 2797 1534 4019 494 4196 4832 3525 590 2355 2549 3722 4583 3265 3395 3201 4309 4663 1712 1981 1562 3374 445 58 495 1371 4903 3589 1501 3815 89
4164 3527 267 4298 832 3114 971 2934 1101 3970 2106 1985 1942 45 4114 111 1076 2144 1534 721 1340 145 4938 1846 4182 2061 325 3808 3691 358 873 988 4786 2368 3985 425 723 1701 530 3938 3178 3412 1992 1342 57 1253 2995 1820 1158 1160 4889 2929 1430 930 2350 1779 3895 2148 1394 2367 2294 2319 3341 4553 4392 964 220 972 748 4672 2659 340 3502 3602 2920 2873 3634 1539 3732 698 555 847 4320 1355 1156 2044 2848 4024 3150 820 2248 939 284 4697 540 4346 3845 1944 3413 1317 2969 1781 3092 383 643 604 3804 2538 1442 3420 4505 1291 1371 3649 1739 3718 2283 3698 3451 1568 3617 4485 1113 1388 852 291 1101 2239 4793 4610 2447 1160 314 3790 721 3078 895 4286 1354 4131 1466 1728 3295 3994 2900 1972 275 4245 1364 338 2709 2939 2297 1168 1905 1208 3973 3325 3566 156 1104 4495 308 1887 512 3927 4066 3122 4484 2823 1663 4947 4725 2077 407 463 4910 408 4184 1897 2530 4055 3281 3223 4717 4059 2147 1433 4445 2622 3047 2833 3979 996 4703 1668 4297 3653 3641 2620 2547 2944 840 1352 1669 669 427 1717 3739 2017 898 2976 1033 1026 1213 2357 2446 1073 2950 527 2709 2886 3757 1961 4218 1758 2255 4416 2865 3777 2373 1954 498 1858 1109 369 4874 4258 1418 4547 4324 4539 1004 4559 1708 1249 1056 2312 544 825
4696 3110 347 3274 1586 1394 4446 1163 3021 2106 2912 2340 1438 1142 1575 1441 46 816 2353 4104 1152 2577 912 178 2462 2610 2741 1326 908 4034 4406 4312 3337 981 2279 1625 4585 404 4966 2391 3293 428 4889 3637 3000 4046 4946 716 3510 1132 4369 746 1391 476 2055 1320 763 3865 3484 3416 1509 261 4726 1654 1746 2778 2361 3889 3080 3305 4378 1013 2395 3085 120 4896 1749 995 740 4017 3756 3197 4401 2797 1348 2168 1277 569 3218 379 1365 4265 253 1673 3519 1518 2893 2307 3220 106 710 2123 715 810 2976 1938 4497 925 2455 3860 4129 3194 891 3742 4743 1790 387 226 4040 549 3959 1681 849 3012 2185 185 3751 626 2490 3670 894 1853 3050 3757 3724 1688 4276 2042 2157 686 2824 4052 4871 644 2305 170 2001 4408 1177 1681 1726 838 4225 2574 4792 540 2980 2241 2023 2743 2607 681 51 2971 3481 4320 4847 2107 3394 4513 1806 1813 955 3250 1712 3610 1345 2972 2883 1269 4297 4404 2006 1203 1352 4821 1736 3091 4383 138 1119 1308 1555 4975 1344 568 2474 2096 3090 1134 4489 3500 2165 2355 2331 3000 1949 353 934 3445 3559 295 3304 2326 372 402 2441 13 2916 2468 4541 3067 1147 3584 2612 1854 4605 2601 1710 4776 1769 1765 4435 4196 2225 2220 3563 4843 2810 1595 1418 4824 1460 4787 2914 4346 2345 1700 4377 1816
243 3738 2605 4232 626 1116 1192 2793 4768 1985 2340 289 4294 4528 2560 4449 2917 4171 903 3947 1747 848 3475 538 2134 2248 1736 3124 4950 1872 327 3457 4664 3032 1799 3128 3383 308 1938 2243 2410 2430 2511 1759 3469 4885 1950 1551 3946 2811 1133 1754 3467 130 2916 4645 672 2808 1608 975 2280 4669 132 675 691 213 1286 2032 3313 940 680 21 1686 4316 1478 1013 3540 3401 4045 2527 4453 2717 4485 2930 4155 1452 1742 4467 42 1989 2404 4163 866 3333 3342 1184 2545 4972 2694 4016 4688 1994 2424 3639 1990 3672 1523 2327 2758 338 118 1397 3081 1380 3131 364 1956 306 3519 713 3994 704 372 3763 4714 992 1079 4057 1217 2110 891 3386 1250 4710 4347 2106 3430 4786 1796 3501 33 2574 3657 1740 4693 2091 3568 508 539 4861 324 4921 3129 2102 274 2476 1657 1366 390 3621 431 92 3996 4278 4288 1728 376 1729 4454 1962 4549 695 3093 4475 3660 90 4259 3750 3802 598 3969 1976 4893 1920 2497 2729 3476 4483 2174 2139 3799 766 2906 3826 2912 2967 3659 2995 2718 1246 4403 1394 4693 3460 1538 905 2568 4752 2487 1381 2192 2956 2906 79 4542 778 3017 3398 2443 1893 3798 2675 3423 612 1725 3030 2908 14 1038 3229 1976 3324 268 2183 549 171 1617 1657 4935 2147 399 2493 4646 2413 2084 1534 2319 2813 4500 1864
746 2583 2274 4931 2474 3951 4081 1435 4759 1942 1438 4294 1390 2780 4890 338 2662 395 2325 969 1938 4639 4962 2035 382 1576 181 1313 1966 4114 4670 1030 2076 2327 1640 2676 1389 4230 3074 877 326 2492 4900 3442 965 4601 2980 4622 422 478 4199 2942 3506 4105 1596 3511 3836 4373 3218 79 866 1401 4566 3109 3840 4906 2120 1174 3884 2788 2250 3374 3365 1417 4510 1821 3851 3992 3450 4652 1083 973 2278 482 2089 2168 2439 1960 736 2345 2417 1189 2720 3378 4108 4455 3871 1437 2958 4182 1810 459 1642 697 2257 4192 580 4463 2663 4105 609 2491 3407 1182 3713 1896 4559 848 3052 54 2090 3421 967 629 1747 2701 1483 4338 1748 2718 4204 4557 4997 3459 55 514 89 1837 3922 721 3574 1655 4736 4512 3833 219 591 4398 993 3023 4954 2556 4522 3618 779 901 2427 602 3597 470 3196 441 2479 2593 1863 396 3032 1624 2020 2965 2351 2150 3232 1570 1334 4559 530 1478 4873 2838 3928 4824 3285 2141 3148 3750 1039 1338 2417 4502 1196 3784 449 1401 224 682 2042 1335 4316 3463 3659 4614 4172 3228 257 81 1506 2984 67 4374 3394 2235 2344 3852 3622 525 728 3087 426 2470 2975 3032 396 2992 911 2574 3836 4961 2151 978 34 3338 4691 2565 2596 4609 4875 3527 4713 1406 834 3480 2471 481 2968 840 2443 455 798 4781
92 1666 4194 1336 2981 478 3524 3729 2510 45 1142 4528 2780 3811 4012 2443 4557 1093 1303 1369 2482 3537 1415 329 3821 2205 1531 3134 4786 29 2094 4173 3603 58 4729 571 1578 329 1926 735 3969 3844 1897 1844 679 3340 1570 2369 2378 1711 261 1007 3290 3501 3820 686 2170 1175 2086 1761 352 1209 779 4839 2328 2154 457 941 4235 3912 2227 1555 4451 4346 3149 54 2465 2517 3586 1983 498 4972 216 1557 663 3742 3969 3642 1447 3068 861 1422 251 2103 1027 2195 4714 1732 1435 1540 2264 1388 4138 4211 135 23 4458 3099 4183 4271 2473 1377 3759 2883 2011 4237 3441 3561 2682 4363 1098 3953 557 2365 354 1727 811 304 3587 1321 1939 596 4409 1321 4050 67 2447 4777 594 1432 2803 777 1659 2074 1957 4174 1328 4397 1555 3781 3065 3004 4170 4222 673 829 4103 1127 25 1371 2241 4035 3890 2727 3562 569 4534 624 3180 694 966 482 4590 4217 3467 1738 504 4365 240 534 1625 3069 416 166 1595 731 1561 3289 2967 487 599 4133 1271 2168 1095 2868 2265 1180 979 111 4660 437 1712 1211 700 307 4280 4227 1144 4924 4876 2655 4312 4683 2153 1944 2858 4657 2990 2442 4072 1475 1016 1784 2689 2721 4951 3638 4723 4284 2008 4124 1564 1224 4775 1227 166 2445 335 3019 4192 4880 994 2956 25 4298 3140 1855 370 2499
2776 3992 2958 1955 3831 2972 1224 83 4235 4114 1575 2560 4890 4012 1752 786 2235 4770 1579 2360 1131 1143 784 348 2154 3943 341 1209 2752 2020 483 4810 4147 1241 1681 1627 4100 3230 1492 219 1861 1445 2551 1971 2866 1404 3538 4089 358 2033 3985 1012 405 629 1886 1285 2904 2533 4849 4522 3151 3655 3271 324 262 4033 1222 4132 4759 4608 4940 1530 1629 4391 3617 310 814 73 899 3917 2654 2398 4952 390 4609 667 3059 2439 2921 2830 3571 21 1912 1821 2047 1671 1895 2450 4241 3371 3860 1548 4970 523 1245 2173 483 655 402 2566 4157 4039 923 3679 402 4274 4359 4094 2533 1215 2680 1339 4415 3767 2248 106 3365 3203 2038 946 141 868 1456 4030 4458 3403 3511 2755 2024 33 892 4934 4074 3618 2491 1312 171 4678 1733 3927 1820 2708 3696 1643 3211 516 3930 3363 3776 4646 1844 3616 4778 4804 3648 2368 4618 2111 4617 498 3976 4634 2003 1516 4216 2294 4464 2979 416 1142 1916 863 335 2455 3564 1660 4612 1869 4600 489 889 3149 1170 4440 4913 1356 2225 423 2440 1835 1182 3449 4266 3426 2434 4648 2635 2009 1843 4904 1838 527 1910 4852 4638 822 3233 4630 3575 2131 4599 2158 575 2957 3845 828 1634 1922 3373 2005 1481 236 3319 2603 4936 1894 1977 868 3017 3808 4922 4038 458 4671 3168 4531 4415 4974 215 1905
3583 3283 1420 4920 1229 4271 1562 1312 2694 111 1441 4449 338 2443 786 2607 1188 4876 1582 2035 4307 2128 3070 480 2303 2353 3189 2059 482 367 1812 1220 2140 2532 328 2484 1993 156 1492 124 2956 3203 694 1616 4640 3584 2644 4791 3347 2442 3073 239 3599 1281 4199 2680 4401 441 2116 1144 385 1431 2599 72 652 3537 3546 1964 4231 2560 4358 4330 4630 1728 1522 1858 1988 1555 1327 1230 946 4217 2011 3700 3060 4733 2102 1756 4327 4174 2470 1249 1771 971 2384 2469 1066 3322 4330 229 3132 305 4286 570 4381 111 3253 2669 4627 3803 1001 1687 2551 1839 3754 2290 575 675 2324 456 156 3552 3432 4557 4536 1614 4280 986 3309 2972 942 1317 1156 2575 840 4483 3231 127 2753 3807 186 1574 2126 1101 4546 1882 1720 3783 2177 1345 1248 3014 4709 3041 333 4625 2471 1164 4656 243 3041 1494 2395 2724 4309 3035 2766 2846 1564 4114 2132 1081 3262 3935 742 291 674 209 2145 4205 1266 178 203 296 471 3960 3586 3930 676 3033 697 2436 434 3830 4109 873 197 801 2958 1746 3835 1221 3280 1381 280 4741 204 4270 3798 2439 579 2669 1891 2238 4304 2798 1717 4160 4245 1628 3260 4387 822 2684 1097 1863 2815 4678 2275 2552 1871 3990 2634 2136 1900 1232 507 2714 2239 2148 2378 4933 1581 4663 1215 3271 3818 437 3309 4880
4650 4323 4177 2809 815 2105 1545 2921 3662 1076 46 2917 2662 4557 2235 1188 4229 4216 1902 4055 3909 4456 452 2969 2939 491 637 3175 4055 4336 4740 3326 2952 400 2750 1076 1817 420 1090 4235 2339 2015 2633 1143 4403 3712 3409 1088 1264 4122 771 1285 437 3623 1971 2318 1769 3093 739 3696 3936 1973 2901 1307 776 3363 2056 582 4331 4189 3896 927 4152 1784 1385 3674 2420 2864 580 1553 4837 3598 624 4370 2683 1719 4327 2154 312 4854 4787 509 1420 1429 1491 3009 2415 1737 1916 53 3583 2838 261 832 1379 450 1006 4985 2313 1463 2075 4975 1268 299 2081 2748 3025 937 4341 2980 1510 204 4819 4790 3710 2948 1288 3182 1327 3406 4218 2515 1350 1208 3081 2952 43 1303 4486 2851 4337 1927 4434 612 795 3227 3674 4950 2898 642 4632 3752 4482 3039 596 4290 3574 4362 4310 1417 175 2492 959 4830 2185 1484 1835 845 4750 610 1520 221 4174 1913 4810 4273 1950 4835 3706 1234 3703 4453 3439 1470 2891 4578 4260 4660 1826 1425 1239 762 4210 4448 4320 2185 4884 4034 4152 4225 170 3208 3339 2427 718 742 3855 3534 176 3530 1616 2596 4627 1383 2672 1334 4383 2725 524 1850 2544 437 4105 977 3904 2405 3278 3606 3649 4828 2943 2330 630 4842 1389 4923 1749 1470 207 4688 79 3080 4918 3534 4935 4423 2555 3564 1694 2404
2304 3379 3819 4406 4343 4863 88 176 1125 2144 816 4171 395 1093 4770 4876 4216 441 2228 1693 1931 511 2403 833 2985 4567 390 4871 3121 1708 1898 2094 579 870 4366 3755 4876 2209 4483 4361 1796 4732 383 4270 3286 4919 3900 2256 2248 1783 1108 708 852 2388 3436 2032 280 2441 4171 878 1100 2864 2405 86 4255 3764 4954 4509 707 3451 970 4103 3554 1477 3865 2974 2623 2638 1249 3348 4131 3865 2016 4196 4744 334 1274 867 4534 546 2104 1758 1071 1150 3400 3879 1810 2901 4982 1733 3807 1688 3762 555 3540 3207 1043 2422 3286 2499 3419 380 4861 1047 2517 4574 1789 1805 4004 3355 239 109 3950 3195 2686 4434 1364 2270 306 756 20 2914 3243 2414 4164 950 2662 643 1687 3448 1170 4467 526 4500 325 4348 4567 2652 339 4165 3715 282 430 3447 4022 2242 3391 603 3551 2125 2716 791 3607 878 3186 10 3054 4260 4260 3935 102 2078 4911 4170 4160 3486 2846 3732 4910 1300 4644 1227 1854 4603 4188 3404 3758 1962 3793 1878 858 2759 3262 2547 341 2807 2027 2157 1100 4304 2726 1266 21 3506 4085 2875 2913 1093 3210 3150 272 3607 4878 1327 2362 826 1873 4561 598 1598 4085 1453 1513 4032 1460 4229 2166 2747 3444 2659 3278 4058 4405 1014 690 3536 404 2216 4870 2881 1321 2756 1912 1262 2858 1017 1031 3551 1314 2514
522 4291 3902 2029 872 2250 502 2462 2856 1534 2353 903 2325 1303 1579 1582 1902 2228 1170 4900 1325 524 3398 4199 1902 3523 871 1298 99 3918 4666 3516 3901 509 347 4566 1041 3059 4118 1578 2707 1733 1609 3431 4414 4178 2929 4741 3255 4491 1640 2177 4234 2405 1849 4593 1024 657 3633 4699 1615 942 3053 4092 888 1764 1358 3207 102 901 4999 4679 2439 2932 1147 141 1614 2176 3040 1558 1474 3116 1167 1855 2427 3362 3825 981 3805 953 1680 1393 3286 356 4841 3692 1314 4626 1544 4251 2148 2015 1354 736 3373 2337 1254 4874 4810 388 3286 4011 4314 3490 4049 4275 1000 1227 1062 4356 1992 4158 4980 3446 2965 160 529 450 1528 4492 2360 3004 3904 749 1494 1263 1968 3717 1987 4776 1059 2866 1243 4398 4521 2559 4786 3835 33 96 3544 3402 4811 2788 951 980 1959 2400 278 1778 3659 2124 3570 4095 833 3729 638 2344 3428 1470 4585 3760 1814 1172 703 2336 1413 4703 3888 2643 3141 3316 3739 651 1067 4963 4328 1522 1736 1618 4092 4237 4485 982 1553 111 3772 1631 2379 622 2170 4716 1956 1978 1755 2105 4264 2543 77 2784 4518 2951 1542 1043 87 2384 2001 3436 671 2815 2033 2242 1762 2853 3131 3328 4772 4093 1200 2838 2819 4490 1115 2226 1345 2817 2587 1719 1079 4561 2277 111 2352 4994 1037 2328 1645 825 1044 680
2215 3623 2804 2521 4091 2163 3696 2186 3194 721 4104 3947 969 1369 2360 2035 4055 1693 4900 2424 3329 4044 3228 4481 618 4195 1268 2151 3232 1708 3559 1369 2938 4783 106 1193 1728 2079 927 4213 2542 2860 3211 1522 506 3164 1278 2845 414 2316 4801 4657 4392 4016 4257 2471 1348 1869 3604 1237 4078 2786 3221 418 2755 2617 3519 1835 4503 1103 3016 4412 1722 4413 4682 2923 413 2251 146 3384 3782 3392 1883 1033 441 869 1828 4163 362 4358 4653 3290 4404 2100 4300 4425 3591 2637 4983 2198 3676 2986 2719 4339 59 1661 2246 1445 3081 3868 3655 3177 1379 4530 898 2642 1277 2376 2735 1578 1857 768 2515 3390 930 676 4726 657 1855 1214 1746 4954 1481 2092 285 676 1705 556 4232 4243 566 520 525 2831 4833 3072 3139 2043 1156 2920 331 4753 3985 444 2038 2806 2292 4326 38 2781 1243 4679 3574 4836 3590 1561 977 3953 4868 1783 1779 1268 2170 2077 3503 1123 3363 4421 1677 2593 4886 4184 1989 2936 3993 4220 1733 2527 1380 4890 1135 2129 4593 4738 1101 1455 3209 4128 2150 4420 1121 4830 3441 4961 935 4950 4324 4647 4379 3110 1768 1189 4913 2215 499 744 2691 2443 3549 4881 807 1400 3567 3632 1993 2944 178 2461 2347 496 657 2796 3669 2928 753 2378 875 2217 2762 4341 2588 2196 4971 4075 1887 1291 4443 2408 2870 3652
2727 2885 4708 1460 2238 2712 1645 3475 2794 1340 1152 1747 1938 2482 1131 4307 3909 1931 1325 3329 2102 2738 591 3355 1761 493 1401 1448 1523 3533 4824 4242 3898 4516 3920 714 3280 2313 1043 1381 2064 995 4381 759 4738 3606 3377 110 3338 3246 2269 3193 2464 4187 3986 3994 1982 4957 2388 3917 3155 1397 2290 3027 1911 369 370 3340 4505 3981 4610 3496 780 2376 639 2623 1598 2673 2924 891 4133 3400 961 940 2410 3373 640 4271 304 2854 4943 1009 1062 2581 1913 3649 1596 2605 4312 4986 3599 639 3883 4164 4419 470 2646 977 2174 2909 3106 2227 3576 1879 4570 1151 2871 2349 3041 2416 2532 1031 1716 3529 1592 4930 4409 4594 2396 917 1864 4443 1118 720 2347 3833 218 1627 1363 3521 1191 3456 2983 904 3231 2425 113 3559 3888 4113 1247 3823 4243 1597 3492 719 857 239 4259 3531 3426 3331 1877 844 2814 1833 1203 4274 714 4057 101 2843 3394 3550 2517 3801 4849 120 2033 4018 984 3030 1942 2980 1411 1876 934 1435 3796 3798 1509 1271 3026 4843 4169 4238 2217 360 1497 3092 2104 3668 2110 4038 546 2828 1375 787 2784 3095 3627 2675 1583 71 2345 807 1941 3856 1812 119 3864 2153 1244 2034 3787 2011 1823 909 4148 2539 946 894 1231 1030 4554 4786 1191 388 3450 2092 2752 4445 346 539 3993 3362 1554 1004 4029 3423
3674 3624 4848 1578 1974 2655 1412 4597 921 145 2577 848 4639 3537 1143 2128 4456 511 524 4044 2738 695 1648 3552 1536 1963 264 4065 3538 4734 2722 287 76 2869 3844 928 678 2052 2931 941 3039 966 476 718 277 4756 675 4529 2202 3147 3393 4470 3471 3488 989 1002 2181 2329 1405 463 2290 2055 98 3930 1868 2444 879 4359 235 2226 1531 4106 537 1869 2214 1131 1247 4099 1778 3194 2678 1321 4740 2301 1905 1247 2119 3268 2610 368 418 4255 3926 153 979 3974 3055 2643 64 4990 2047 4163 4755 383 4769 442 3349 4789 2599 4687 411 1812 4334 3370 1594 497 3820 1408 2624 717 1214 357 2002 4416 2803 3602 1071 2013 1483 3325 4520 3494 1181 4405 1337 2960 3585 1373 2982 1383 3344 4166 3599 1337 4606 3302 1505 1822 1653 1820 262 908 1860 3112 2959 2699 851 286 3296 161 850 627 4915 1409 4322 3721 1049 3425 1617 1646 1057 3427 304 2303 2374 15 3240 4532 655 1862 1552 1711 3204 714 45 3127 1484 620 3069 1541 4481 3662 1164 4070 1708 1878 2756 4798 4316 4187 474 3207 1678 2950 4260 3348 2273 3754 1568 2440 2717 1824 3740 3163 2408 4790 1811 445 667 3226 4241 2443 1637 4447 651 4534 2163 1607 3346 4617 3786 83 2728 97 445 3395 4655 2414 4332 4262 3046 1444 3020 127 4328 2253 1185 4588 3502 45
1665 4327 449 1811 2027 3010 1464 3635 2281 4938 912 3475 4962 1415 784 3070 452 2403 3398 3228 591 1648 3149 4033 3540 1966 4395 303 341 2055 3074 4565 4048 3336 2351 2125 203 368 4983 3880 2386 4021 3113 3883 2579 687 1489 627 788 2373 1365 4146 4250 2209 3210 4103 3752 4852 1329 1911 3374 4615 1890 836 2314 4356 4255 1063 4856 3058 4583 3293 1732 4006 100 3718 3069 2212 195 1367 4217 2993 157 3031 1689 1291 3780 934 4321 88 52 4376 1717 3490 4049 2419 4620 2025 4474 4977 3098 4820 1576 3276 3614 1718 1192 4231 868 2571 934 3773 652 3011 318 4492 481 2816 1094 4004 3966 3780 2562 2205 2433 3035 1556 2271 4264 419 3315 1235 721 2664 606 3572 871 3484 2117 4775 4176 3405 3491 1046 3097 4401 4708 470 4151 2898 1374 3261 4342 3115 1693 2485 1217 4808 4606 4219 1494 2567 3536 1188 833 3418 2725 3095 3469 1011 4560 4813 2012 791 2940 1073 3102 3339 471 4401 3539 2283 3606 4300 2260 2034 4981 3418 3511 3506 1967 731 2267 1683 1224 2962 148 2154 4253 3222 3028 4339 1154 3305 2490 2397 2314 4795 2333 233 12 287 1204 945 2295 123 2567 505 4371 4956 585 1934 2393 1798 358 1468 4461 619 4456 3080 4253 407 3436 694 2026 4247 3945 1550 605 1296 3008 327 1423 2542 374 4773 326 4631 611 2734
4167 2346 1793 3229 660 2349 3238 749 1882 1846 178 538 2035 329 348 480 2969 833 4199 4481 3355 3552 4033 1424 4914 4605 1540 2562 1987 459 2403 864 1053 2576 2972 1953 815 3082 3834 1639 609 4322 1010 3569 1260 3616 3750 53 3333 388 4707 4889 2701 4716 1277 4664 1041 2139 2941 1861 883 2702 2796 1038 3952 2336 1123 2401 157 2348 475 1978 1643 4222 2114 4805 4443 39 3086 3556 2648 1335 2311 382 1687 1180 1857 2046 2366 1073 2307 3085 3243 3948 3964 3485 2721 2379 1360 1971 1170 3518 4190 646 1445 4850 584 1154 3175 2996 4995 809 1263 1175 4900 4507 4058 1902 4880 1417 4130 2535 2029 3461 4099 3543 2927 1549 1077 4809 2938 93 1919 1224 3939 1500 808 394 4073 3227 3830 3974 1167 4910 654 573 645 271 3794 4535 2773 3479 2851 3489 3769 735 1390 3484 2845 4552 1177 2783 4218 1783 1772 4227 2825 2270 3234 3553 3625 3828 1162 3018 3158 1185 518 3492 3418 4523 35 4313 3493 3718 4299 4133 4711 3772 12 4039 2257 3493 4494 2412 4485 3044 4062 3679 279 322 4790 2894 893 3038 800 2424 2335 2809 4541 4147 1023 3068 1157 3169 2834 4265 3214 596 3648 1078 3043 2675 4888 1851 4424 1217 3436 4433 1111 3767 4221 4625 2936 3070 4742 4294 4557 3604 4544 627 2045 3269 3368 250 4208 4392 491 2023 3633 3010
3142 1143 3961 3085 4186 1554 3071 3572 3856 4182 2462 2134 382 3821 2154 2303 2939 2985 1902 618 1761 1536 3540 4914 4192 3969 3700 1120 226 2835 3238 731 4705 4705 3748 734 3505 2419 826 670 4565 445 229 2403 4483 2653 182 1678 3132 2050 1218 3176 1413 942 4830 2840 960 1847 2624 2728 2387 4804 175 1872 3266 603 3545 2874 3225 3047 3786 1980 795 4499 3018 3799 4215 1275 1632 2073 73 925 1062 3643 4113 4068 347 382 4580 3954 2137 4553 2828 4469 4991 812 275 2102 1537 735 4183 3744 2859 2350 3163 1670 200 1085 3206 3506 3851 1991 2004 4326 4556 1762 2512 4108 4780 2730 1435 2417 319 2842 4702 3418 3613 2162 4375 126 4579 4832 1195 2298 2484 1307 1483 621 1413 3157 3638 1538 2042 1344 3687 992 1475 3552 365 3796 2659 1156 4648 1933 4947 4782 4379 4954 338 2664 4847 2301 1329 908 2778 4317 641 4922 606 2034 1248 3141 2703 1320 4503 2747 61 3252 1947 885 107 1632 3994 1445 1696 1948 2721 2950 1307 1859 3370 4871 3272 2317 679 435 1327 1689 684 1637 2897 3542 2107 3679 4659 1990 2742 3644 1809 3418 2455 4546 167 1492 3939 1638 3611 749 1599 1041 4626 1148 3495 2622 4518 79 2781 3496 3649 2564 3353 4332 3480 828 357 3623 978 2692 110 3150 4566 3981 3154 4036 479 667 4239 319 3512 2030
1741 2873 1654 47 4326 2182 630 1968 178 2061 2610 2248 1576 2205 3943 2353 491 4567 3523 4195 493 1963 1966 4605 3969 3966 4599 1589 1819 3621 2342 504 1403 3326 2024 76 115 2597 3098 3280 2024 3098 2611 1067 3829 4339 1707 3632 2933 2831 1563 3697 1738 3200 3389 882 2185 4466 2666 3621 2426 4708 1139 3248 2960 3224 2044 1594 3410 3497 1989 4720 1287 1568 795 2607 2289 4087 2015 795 454 1294 668 201 3124 3581 1063 4863 1348 3384 3357 1069 1326 3585 2051 3569 820 3352 606 4380 248 1915 4231 13 2906 817 292 700 638 4233 1989 4192 1479 3511 4662 2540 3461 3608 2963 1672 3943 3155 4424 4868 976 4181 3725 3180 1252 3397 912 2502 1013 4272 2211 2439 1797 3379 2971 2079 3704 2356 3817 4166 1101 4911 47 2576 4735 3709 1831 1641 2008 4974 3665 3877 1861 889 644 2745 1631 1836 3565 3135 2439 385 3318 1178 4866 1766 529 3939 3640 646 2001 62 3523 1597 1799 47 140 2184 81 3366 4510 436 4994 3485 4106 2821 826 482 3597 3891 2376 3446 3224 2384 1691 270 388 1536 2898 159 2865 2558 3542 4510 3991 4157 2970 973 4256 481 4224 3396 492 2348 3211 1077 1835 3781 1642 1769 1753 2235 2200 2085 1435 2874 2346 460 3029 3345 2880 3112 1931 4941 85 4421 626 406 3592 3862 4483 617 1200 1045 4341 2480
4009 2916 1015 4681 1960 441 4027 250 4440 325 2741 1736 181 1531 341 3189 637 390 871 1268 1401 264 4395 1540 3700 4599 1264 4670 3730 3357 1529 4739 717 4177 2671 984 1986 1749 524 122 4172 3133 1163 3599 1100 2538 1870 1808 2027 2565 960 4788 1887 676 1743 4710 3307 4823 2812 2228 324 3226 649 1058 3964 1536 2751 3954 1383 1812 4818 1162 1457 1444 1638 4044 3046 4530 4463 1071 2817 4108 4157 1208 672 4592 1176 78 345 2631 1587 2226 4027 2067 1377 2204 3894 4678 3219 896 1793 632 966 3773 2829 1088 1541 832 1068 255 4313 2846 1974 4717 902 3798 3870 3610 1290 3814 3957 3725 3152 548 3083 1956 4230 125 689 1206 2532 1431 653 136 452 4594 3583 1631 2158 3300 653 392 1960 2780 3307 2568 1722 3669 3073 4019 2092 4310 4437 2521 141 415 1148 1378 2084 3714 888 3077 4196 2934 332 4011 2409 3768 3945 4778 1416 3602 1589 3553 1961 2479 3694 204 3615 1421 1042 379 1075 4203 982 1807 2388 2905 4250 858 2113 897 2038 1096 4645 657 4989 1254 1850 4336 2301 4947 4099 463 869 3063 3754 2654 4339 4139 3759 2652 4273 3640 241 3774 2670 486 4245 2527 4676 4779 2816 201 2166 661 2588 1431 425 582 2530 2783 4416 2593 3240 4706 1714 1089 1891 280 2392 2808 1722 1050 3805 44 1369 1360 1528 2765
1509 4267 1110 4896 1451 201 164 912 2698 3808 1326 3124 1313 3134 1209 2059 3175 4871 1298 2151 1448 4065 303 2562 1120 1589 4670 235 3235 3115 3176 3711 4383 2976 960 4992 3743 2969 1419 2498 475 4177 3779 1076 2652 2354 1591 911 1341 4076 1796 1994 4615 609 2024 786 1263 4611 685 929 4482 1033 4014 4848 4276 213 3730 1009 1241 790 3854 847 4569 17 1720 2728 2019 4905 214 1090 4512 461 1633 1292 376 4562 2982 4788 2627 1215 1174 4121 4933 2049 4349 1580 2917 2917 4919 4998 3711 1929 3833 4365 1204 4431 646 1932 2983 3033 1763 2771 4131 1491 417 2588 2793 1679 2960 2503 746 2753 2412 432 1730 4696 3499 2185 631 511 2959 1069 4202 3268 3986 3527 44 1188 262 4819 4585 2703 4463 1637 3355 724 4707 3332 984 743 1176 3815 943 3721 1810 1560 4318 4721 4582 1785 3305 2744 2393 798 894 1788 3670 2027 3240 1229 4275 929 4106 2866 4896 2033 1657 1321 2950 2696 4733 1936 2314 3805 4166 2620 1522 2625 894 22 823 3212 1075 3057 2978 2008 3693 216 2897 4818 3211 4735 4446 145 1704 1447 1002 1683 4070 4959 2008 4924 4985 4168 4829 161 570 4159 825 1230 1524 1637 4495 2028 4759 1035 340 2396 2377 434 3848 2727 4949 1379 2399 3640 2576 851 323 3543 3440 1671 4568 1943 1029 294 4661 166 4155 4528
428 996 861 3619 2762 2267 3326 4699 281 3691 908 4950 1966 4786 2752 482 4055 3121 99 3232 1523 3538 341 1987 226 1819 3730 3235 2227 980 1551 434 273 2714 4788 3690 4194 2721 3241 1418 2376 2713 4866 270 4823 4763 1351 3906 349 1272 3886 1242 4622 635 4830 1573 3059 3609 3302 3417 3713 2554 2038 1254 3297 1722 4494 1962 4544 2280 611 4956 1555 2804 3956 1740 1036 3347 1642 3694 4553 3987 4556 255 2837 152 3477 529 3401 2488 1565 825 3245 1587 1361 1661 4118 2402 3002 129 277 4061 4525 2337 4177 1793 601 3722 1940 863 111 1182 796 975 3821 203 29 4088 3152 2058 4417 2649 3502 3758 1360 2663 3304 2941 775 2812 2190 1289 4642 348 964 1200 1763 2228 4532 1313 3531 2266 3335 996 616 4264 446 4992 3733 4082 2226 4418 2962 3003 3924 2144 3628 3568 299 4396 4178 4370 1386 2660 3870 3726 4121 1006 1888 1361 566 1649 4179 1428 2512 2161 3881 1714 1665 4788 3305 4074 1540 3100 3535 1746 3211 4279 811 78 840 4328 1008 4575 3579 4568 3407 1418 760 3761 3987 1141 1406 504 2634 3553 776 1489 1283 4434 157 3527 3407 2853 2711 2839 377 152 59 2874 350 4150 1070 721 2545 1304 2830 2427 3689 2414 1445 2136 3153 2930 1489 3502 2772 4651 3580 841 674 4503 111 4709 1718 4581 1954 4378 385 3563
731 1400 1862 2956 4897 1837 311 2510 1589 358 4034 1872 4114 29 2020 367 4336 1708 3918 1708 3533 4734 2055 459 2835 3621 3357 3115 980 2939 4296 20 1968 1751 4128 3360 4490 672 2304 4052 689 3176 1012 2677 20 1503 4248 1189 1751 3777 1406 2672 3251 4790 2456 860 293 719 1802 241 452 1193 2867 3298 2598 283 4189 3782 3899 4488 4718 1301 1649 2432 4264 557 1202 122 1981 3678 3999 3219 2605 4814 1647 2085 4059 2315 2221 489 3656 3299 1317 2061 638 2405 3380 3891 798 195 2826 2426 3531 1757 998 2662 2499 4711 2579 2464 4960 3769 3236 378 3187 1187 2083 3591 2524 479 1867 3019 3940 4485 4216 2268 1425 4344 1269 173 2486 3692 2826 4956 3060 1536 2732 1295 4331 297 3884 3744 124 32 3474 1119 4754 1898 4497 3325 4285 1750 1568 588 135 3497 2457 4774 3064 4958 3864 3072 3348 399 433 4694 3240 3266 3591 3468 4470 1038 606 3439 4324 4338 260 4050 3239 3567 4925 451 3419 1979 1072 3644 1130 4243 415 1111 4064 4697 817 2989 1991 73 458 795 1806 3207 2254 4283 3000 1990 3395 4437 894 2792 3399 2609 4169 1559 263 3537 4944 1992 828 50 3655 557 427 229 173 1341 2659 1095 3911 2794 2094 4434 222 877 2738 2870 716 2823 1148 1029 1692 2308 1028 2396 2775 1603 1197 1229 2632 2536 3765 171
3611 2474 2251 3251 3292 1586 413 994 1227 873 4406 327 4670 2094 483 1812 4740 1898 4666 3559 4824 2722 3074 2403 3238 2342 1529 3176 1551 4296 685 3185 3723 367 918 4402 265 1490 3995 4697 4529 4571 534 4029 4356 461 2785 1945 3520 112 3418 93 2269 3262 1330 2452 3228 3458 2848 3113 2710 193 3505 1988 1122 1623 3978 1559 511 740 244 1679 4530 3009 130 1928 3323 23 3943 1241 1237 4008 1486 2973 4531 4519 3367 180 4556 1250 1954 2464 1827 1151 11 4995 1159 885 2029 3407 4709 742 3930 4649 572 3530 4380 410 994 1810 626 4461 1956 2352 2358 3370 2784 4365 2008 2066 1375 2405 2123 286 3673 449 3035 2422 4126 1205 2548 3971 957 1022 2597 3888 4108 2103 1961 3530 29 3094 798 1121 3299 2861 540 2742 735 2651 4248 3720 3612 4843 3253 4633 1970 549 2067 4141 3573 48 2511 3701 1568 3400 4723 4514 4332 4277 3610 1594 4843 3951 4311 1118 1915 3452 141 2203 4463 2019 1874 3481 3604 2312 4252 2267 4498 85 4848 394 1743 2638 2576 3380 3191 2565 4318 319 965 4282 2612 1917 1484 643 145 4429 3515 4978 1795 921 118 462 2183 3677 4799 4094 982 3817 4066 748 504 2038 2332 1511 1309 2053 2644 899 2737 406 3134 4928 4253 4605 3966 4636 4522 1457 3788 4486 2168 2295 2363 1299 1319 2818 3474 3754
902 4124 780 2735 2665 3744 971 3257 4571 988 4312 3457 1030 4173 4810 1220 3326 2094 3516 1369 4242 287 4565 864 731 504 4739 3711 434 20 3185 1503 529 1795 1995 3459 2553 1380 565 3055 3286 1235 3730 4866 4223 1373 2998 937 903 2151 4401 4798 3584 4904 4283 4974 3297 120 2324 1735 4989 1444 2224 2341 2531 3882 3076 458 1888 4816 2727 2951 2019 1812 1448 2619 1180 2197 4506 3040 1334 962 4339 4386 319 3048 2831 2510 4222 2895 1451 2200 1752 471 2621 1409 354 4830 3906 1595 1838 3360 2351 2560 4209 2951 127 4969 3207 1207 4599 238 1000 3782 2627 4171 4835 4461 4728 2212 1293 667 3675 654 1162 2704 1019 708 2611 2437 218 4091 3709 1978 875 1779 4045 1099 1370 3314 788 4252 4165 445 1853 295 3991 4528 2148 1492 3836 1509 2465 2840 4372 3729 4193 213 3720 3460 4715 2523 4515 4160 3433 1159 3572 2795 4840 2658 1392 3470 4758 4272 3963 1898 1730 2318 3926 4877 2700 2951 2141 2913 3114 3429 1859 2419 4574 2108 1775 4734 2306 3010 615 2196 2555 3689 2503 4701 1527 4294 753 1789 4560 3741 3693 2070 693 364 864 926 2352 4069 3197 4754 1258 4509 4272 89 3146 4803 291 4202 3511 2978 3315 284 330 1597 2617 4916 1881 2495 1099 3356 3891 3626 4821 3838 517 1438 3552 2802 4228 892 2094 4444 3951 3700
