N: 300
M: 60
Symmetric: true
Triangle: false
6 268 122 136 161 119 158
6 184 96 185 286 228 206
4 213 39 133 190
3 173 88 182
6 181 44 279 2 234 146
7 1 75 244 193 214 6 55
4 233 102 69 238
4 49 42 172 53
5 29 137 169 18 296
9 262 218 28 116 140 265 297 219 212
6 282 248 247 3 109 243
4 98 145 217 97
6 269 298 167 191 143 151
7 91 281 165 62 141 21 198
3 254 162 101
6 152 84 289 51 272 22
4 71 209 147 275
6 210 16 211 111 230 178
6 149 295 38 27 235 54
9 292 70 148 105 170 157 174 36 276
3 50 179 24
2 67 258
5 60 95 114 138 107
6 72 93 92 142 87 155
4 118 123 56 215
3 201 232 204
5 290 226 150 132 256
4 291 15 195 231
4 285 221 43 259
6 8 64 99 253 270 57
7 19 128 86 73 26 294 85
1 48
2 125 202
3 192 240 237
4 159 257 251 5
5 68 134 65 20 100
3 4 74 187
6 249 103 241 131 12 34
8 236 52 280 260 76 127 90 78
2 274 293
3 13 164 25
9 255 267 120 227 113 183 17 197 225
6 250 47 33 7 32 203
5 82 186 188 177 194
6 176 288 299 77 261 153
5 59 284 63 126 180
8 121 61 139 40 11 80 124 196
7 207 175 14 200 160 208 115
3 66 156 199
5 81 216 300 30 41
6 271 223 287 239 266 154
4 106 171 129 163
8 242 31 245 135 224 263 94 104
4 112 278 46 117
3 37 205 283
9 168 166 264 45 273 83 144 229 35
1 220
4 108 58 277 10
5 222 79 23 9 189
5 252 110 130 246 89
3639 2772 4596 1677 1172 4257 3239 4768 4125 805 4481 3764 3685 4613 2807 4616 575 4075 621 1993 948 2872 4631 1485 1336 1614 4989 3679 32 1258 3744 3812 574 496 2698 4151 791 4674 432 4754 709 2361 746 2599 156 792 2306 3834 4810 269 427 3854 2257 578 1155 1703 3579 4755 513 3523 2256 3567 4179 3165 4840 4377 3739 183 138 4792 798 4432 1136 1215 4324 4408 2977 3482 476 1364 4796 3721 352 4587 2232 700 1634 2996 3898 4627 1922 1820 3594 3105 1652 4858 940 4267 1204 1355 4441 2300 1429 4555 948 4524 2524 4244 2158 385 1432 2677 746 1285 1985 4145 1862 4250 3448 3107 2010 4560 3378 2987 1317 3695 4436 4956 484 3233 226 4530 1638 3675 3807 3686 977 4396 1574 3927 4112 4993 2666 1595 1165 590 3977 4055 1890 2107 1750 2031 3516 4571 1456 1537 1445 2764 4171 3495 787 806 31 814 687 2308 560 4992 3595 33 597 3246 4919 3219 3284 79 3410 3121 3817 4833 3236 4201 2469 2960 2416 1696 1788 171 557 914 643 3055 1757 3709 4520 4442 59 702 3925 699 2536 4682 2024 3581 3269 2484 4117 3716 1207 4939 1580 3144 3188 4196 4965 3897 2849 4153 3619 2626 4308 2151 576 765 1232 3702 2984 4245 2967 3664 4389 4469 2660 4386 787 3748 859 4938 457 647 1782 378 3221 3643 1651 669 4793 4753 4930 320 2156 2553 499 2212 1676 2100 3367 3936 3140 730 2017 2476 2278 4791 287 147 483 3298 1797 2836 249 4756 4753 2125 2413 563 3759 3374 1231 1908 4332 180 4383 2752 2302 888 1547 2548 2198 4086 3705 4276 3839 835 2833 58 4159 3150 3728 280
2772 1347 3489 4366 1627 3042 1412 4028 1322 4877 4064 1740 3734 2858 4162 4217 2685 1688 873 2535 919 573 4789 4515 4774 3321 3971 3173 1441 1935 1585 1082 2199 3747 3718 271 3781 538 4496 4024 4224 2503 1514 2503 201 2629 1147 1562 1388 3697 4407 4567 2040 3939 1682 2290 3876 4620 126 1337 666 755 2434 4087 3210 3221 4337 3918 1313 4979 2862 781 3466 890 1250 3303 3367 2154 3814 2219 4033 4646 3001 2755 2216 1285 4085 459 2904 3300 4138 4452 3254 3257 295 2761 171 2583 2432 586 4630 342 482 3320 153 526 218 1078 4871 182 358 1250 2049 267 440 4166 4432 1738 1063 1789 4049 4371 2621 41 4564 4146 2510 3074 4452 2901 4714 147 1623 3800 1609 102 4540 884 3291 609 1352 2576 3765 2181 4874 4498 1979 89 2211 2195 2915 4143 4056 590 3054 1846 4975 88 1330 1878 3141 4795 2045 1018 3121 1392 3292 1924 1088 362 1980 3344 729 604 1384 4828 1855 1958 266 2817 4389 4341 787 691 3924 215 2149 3017 1903 1928 673 2995 3951 3012 3712 4932 2579 2643 1377 2676 4562 4065 2595 404 590 4632 2197 3508 1345 3477 887 3639 4393 3876 542 3521 3490 2580 1934 892 4996 2638 4387 1012 2514 1328 2122 4255 591 61 1071 2329 1809 3575 1247 2715 737 2620 4394 2059 915 3174 4816 4610 636 2209 143 4314 4704 4111 1265 4365 1766 10 1061 1385 2250 1904 4186 3364 1855 4493 4966 1222 3414 461 4208 4974 4619 361 4054 1021 872 4181 3787 535 4146 1513 4580 3555 4250 2412 4542 407 4206 2376 2667 4424 935 2772 4368 4528 3394 1718 1322 3948 3131 3045 128 1372
4596 3489 3649 1661 1522 4970 3641 192 2322 386 1573 4784 2391 1527 3097 1666 3267 3908 2471 11 3876 2683 3482 1397 444 4712 4239 3079 40 195 2339 700 4429 4824 3759 114 2322 1573 665 1689 3134 1012 1637 2717 2500 1918 4514 4267 4011 3691 3679 4912 4123 3012 670 2999 1664 4646 2828 3368 29 2585 4671 4143 2316 2901 89 375 4461 4574 3979 2176 2689 71 2219 1908 1684 114 283 3009 3927 481 2122 2051 265 1128 4198 4087 4979 2060 687 2601 3901 259 4010 1704 2076 3404 1116 1555 4668 2721 4939 1200 3346 3492 4775 4481 694 2027 425 135 343 284 333 4851 3888 4499 3049 2521 513 1312 4933 3317 3388 2644 212 2535 668 952 1332 4662 3445 4421 27 13 2244 3525 1691 4154 58 2428 3249 4385 1644 3972 1838 2243 328 3832 4980 495 3813 2802 138 3473 1706 150 3192 1170 4474 1359 3282 4815 1778 80 611 4160 4376 3602 3598 2457 2728 1257 1871 4584 1456 4955 340 4456 3264 3827 4596 2081 903 4815 2454 2623 3759 3061 1115 3033 4887 1593 3693 3342 1028 1548 4557 128 3911 268 788 4394 556 129 4988 529 2482 3624 739 2384 2483 4714 4953 3184 2051 4572 695 921 3344 400 4759 268 4086 4845 702 4569 3583 3008 3138 3788 751 2914 3419 527 4159 3392 2697 3974 1157 4784 1997 159 465 4720 3023 729 2504 1398 1720 4816 584 3061 2391 3070 4040 2309 4902 3056 4586 4468 3485 1225 2355 534 3727 2259 1403 756 1857 3621 696 2120 296 2682 4160 4391 4002 3490 95 3623 2007 2206 2434 4506 1796 4468 2381 2086 217 2145 4396 1898 2518 4242 3554 2556 4053 3962
1677 4366 1661 4836 860 4762 4677 4524 787 3223 245 765 2398 1657 1748 1608 3992 3816 4414 1873 1307 1373 3573 3365 399 1579 4972 282 530 2924 1380 4301 65 872 2385 2134 3736 2680 363 222 4954 1306 3179 1119 1202 4229 128 1878 4945 3873 1686 4533 4508 2678 2148 4409 299 3367 1944 152 1208 4594 1143 4554 4094 486 854 3438 2564 155 2164 278 519 2597 520 507 4829 4455 1344 2895 117 61 4809 2058 3108 4041 931 215 473 3278 4568 2895 1462 1294 1863 4169 1993 3607 1447 3108 699 3645 1609 384 1228 468 3644 3728 3090 1983 458 739 2729 2425 2398 1572 3987 4879 3304 1008 1192 2254 1244 3719 4736 3813 2504 4731 3883 4664 4402 4167 1150 3343 2292 2601 1110 2677 4177 2998 1810 2026 2890 4925 4579 2871 4167 1370 3341 815 4394 1772 2515 604 3236 1833 3904 1469 1830 1757 517 1999 3918 347 4488 4666 1006 4029 3242 3289 3819 1355 4549 1183 2501 3113 61 2581 1079 567 3753 620 1630 4894 2167 3963 1490 416 2184 3106 1227 4168 1355 889 4978 3012 4894 967 4024 4342 2487 2425 1328 1722 3191 4282 1868 4917 124 3212 1507 2612 2337 4942 350 3619 4867 198 804 731 266 2360 2075 2212 1447 1379 1605 1197 1283 2294 791 660 1281 2145 2779 863 3860 1218 1304 2191 1723 2958 2645 3156 3375 4925 1117 571 2967 2340 262 2680 470 3918 974 1231 1858 1304 2692 525 1517 1035 2653 651 3749 3090 523 3411 810 2683 3610 4716 2399 909 1506 1328 1057 2698 3296 1612 2922 2569 505 4369 3453 2197 1110 2490 3628 4067 2182 1298 162 3326 4113 3758 4985 1264 1929 4638
1172 1627 1522 860 545 28 1845 1582 2105 531 1909 2154 1983 350 1683 3702 1023 2301 1688 2663 53 1337 4714 4466 4899 3329 718 3352 721 2180 3279 2103 2807 4137 2044 2242 1180 3956 2703 2424 3872 3769 3549 2987 3459 2235 4628 1232 769 4097 2048 1489 4461 3564 1232 3903 772 1449 1479 3359 2822 3972 3505 2060 35 4408 1368 3910 4021 611 3955 699 3918 2628 2728 4980 225 1807 2090 4246 4075 4469 3323 1088 24 1745 739 3425 3154 135 27 513 1898 614 4418 2619 283 1744 4812 1013 1348 357 4287 2117 3317 142 277 3995 296 4308 2678 4182 2234 723 3336 1496 3889 1899 2531 2094 3803 347 3681 3402 554 684 3191 4079 1997 3452 828 523 1277 4838 3341 698 4138 2301 1867 574 2710 2034 357 4890 4157 2529 1311 1989 2376 332 2696 1211 430 3232 692 4808 3499 4813 2420 2088 1746 1084 3632 1204 4894 510 1544 3808 2615 1529 1957 560 1062 4251 2363 789 2231 49 3601 3902 166 3610 1111 4206 2568 533 1163 704 205 3468 2133 4323 4421 506 4378 2631 4493 1835 4811 2762 184 904 1342 1433 1467 3500 1306 1670 1788 1367 3873 4993 612 3500 1212 2494 3991 2637 3235 2004 1135 4870 2790 1621 1579 3605 2694 1756 1464 4027 4478 2858 3599 4443 2881 2741 2735 4448 2823 4359 4274 2696 4404 1080 3491 3613 1983 3449 4008 3477 2339 898 3692 90 4725 1846 3603 731 1167 4053 3364 1883 1711 1443 4259 198 1246 969 629 2537 2455 3825 2310 4534 2234 4849 4069 1669 1598 378 3639 4381 1546 348 4709 896 556 1165 3000 1140 813 4154 2769 2308 4844 240 2646 2950 4375 4472
4257 3042 4970 4762 28 940 2990 179 3793 2321 419 838 3936 1676 2346 4461 2284 1610 2809 1098 3588 4407 830 1842 4623 3962 3244 4236 932 1901 999 966 2141 2771 2507 4197 1308 3152 3842 649 3279 4110 1405 184 3418 2440 3696 2279 107 670 337 1227 4700 3133 3861 4648 2988 4302 393 273 2285 4861 2103 609 2032 1324 4670 4140 4939 544 1005 641 1683 4066 563 3032 730 2373 2703 504 548 4654 4612 3165 2422 4282 3682 687 1447 4122 3628 2389 3614 3202 1784 3116 4656 662 731 3450 4011 4717 4045 1631 279 213 2650 4250 2706 4336 4523 35 1961 1933 2056 550 1528 4870 4712 4166 1499 968 1698 436 3156 685 1681 4786 3009 2648 4346 2569 1771 3369 4957 3964 2048 1290 1824 1216 438 4366 4705 141 4823 963 4705 1369 1275 1136 4424 2333 3655 1118 4239 1659 1722 4391 1480 2442 4521 3479 929 4465 351 4361 571 2427 3933 2304 1128 2570 3907 3680 2140 1756 4955 3515 821 969 3537 293 2831 1851 3349 4870 4484 3126 4188 4270 2502 3613 4518 1034 2079 1364 4637 2759 216 4173 1423 953 2872 2690 4031 710 4374 2480 1539 3408 2599 4917 2959 4628 1160 823 4669 2857 197 495 3884 4832 1606 4249 4265 785 931 2976 4378 2596 4883 2797 1218 623 420 4503 2684 837 2178 2676 4488 1426 619 431 712 790 3859 763 3795 1850 2872 3006 4821 1515 3507 3539 489 3446 288 1482 1230 1596 2238 3584 3936 229 4063 1675 2469 1225 2862 4264 3278 310 876 786 2697 4354 4352 896 4764 1180 941 1251 4666 3364 4943 3645 1591 918 1812 1494 4430 2901 4965 4073 2068 4921 622 244
3239 1412 3641 4677 1845 2990 2052 2559 859 2657 1756 2935 1275 1678 1749 2071 1021 4865 3266 2105 2002 921 4047 3886 746 1217 3193 499 4298 2253 3788 4551 2563 4145 706 1664 1417 3777 4981 3924 852 2711 4486 1921 644 4257 3011 1615 813 3645 2494 4364 4001 2605 2755 2212 2573 849 4909 4825 3835 1750 3383 3472 4207 4190 1981 1597 353 464 3870 4712 1156 1671 3459 2445 866 1475 4858 89 58 1590 3242 1678 3693 4227 2750 2622 3159 3743 742 4229 508 4779 1445 4098 4583 3436 2379 1384 2006 1708 3291 2939 308 4161 325 1475 2351 1441 239 3890 1991 1479 988 3411 4733 2333 3706 546 1919 2063 4180 506 3831 311 3480 4220 4746 2005 4126 1668 999 2080 3350 1860 1374 3421 2896 4447 4340 282 3792 3699 104 4430 277 11 3259 450 1043 676 4943 520 2821 3534 2842 3935 2767 3165 3985 1692 1712 3631 2235 4000 4685 135 3405 3192 3159 2470 884 4463 2786 23 2809 1463 1895 904 1423 2965 388 1764 1680 914 375 631 3611 209 3538 4593 3980 4383 4062 610 4904 1634 4645 1523 4675 3126 2427 309 831 4632 4461 3466 4561 4358 493 2051 4799 981 1389 4463 1538 1310 124 1572 1002 4100 1450 32 2397 2094 2699 4724 4838 4319 1855 2932 3780 174 4366 1137 772 950 4904 4867 1748 1208 3455 1727 4464 3987 4130 116 3124 4659 217 4967 501 2623 774 3295 623 1476 4333 2045 2131 3440 4158 2534 2685 901 837 1026 3808 3182 1916 581 3583 1978 11 3481 1738 3410 4696 4635 2236 743 2773 1201 2846 3331 772 1639 1404 3287 4033 883 44 152 2685 839 2151 539 1805 3460
4768 4028 192 4524 1582 179 2559 2174 4288 149 3314 4716 3543 3501 2210 1541 95 1080 1124 359 2873 4539 1991 3950 1737 3472 4352 1265 311 1110 3718 2983 991 2099 2089 73 4172 1017 434 1173 2514 1092 593 3953 619 2958 4218 2091 2698 2861 4816 3585 174 1569 3382 2630 490 3516 1326 1906 1716 1164 3513 4526 2688 237 4962 1130 825 1314 3630 4420 1042 4038 1219 3871 1615 3429 894 2763 3442 466 76 2522 3910 4672 307 1028 1274 127 4892 2945 4990 2544 3030 2060 4019 4378 4778 33 292 4604 3618 553 3580 3174 1151 2154 943 793 1013 2071 2526 3915 4256 61 3190 2377 1009 248 149 1657 3581 4307 2395 3054 3319 4060 3249 1092 3744 3063 2704 4968 825 1918 3387 2623 3947 1215 3192 2771 2025 2889 529 3844 1547 119 1087 2592 1193 4736 954 4569 3463 1252 3565 1418 3564 69 3492 4650 4013 2279 3806 3385 1417 2405 2262 1069 3689 986 4787 4195 4549 637 1141 4336 1889 3639 2834 2735 101 758 1472 3175 3835 2434 3301 273 3800 2079 4086 1940 1629 2682 2482 2417 3720 4678 4052 445 2780 3774 4093 3770 3918 2781 1794 4603 4133 4614 494 4297 492 2935 4152 2354 1627 4546 4621 2852 4640 2913 371 2654 3055 4119 2080 3625 119 1485 1109 730 1232 2920 988 3130 211 2072 1907 884 521 4438 4974 4947 4858 4179 2397 3328 2017 4650 573 4480 1419 1782 336 1383 1966 925 1387 1748 467 889 2265 3723 4951 3960 139 4473 3428 3398 3556 4743 1261 4161 694 498 2989 1608 756 4454 4314 2150 4497 964 2158 1838 2941 1820 1613 3438 3139 181 4981 2270 4111 3125 4718 96
4125 1322 2322 787 2105 3793 859 4288 2998 50 4333 3092 3897 2635 3954 4796 1764 122 375 3687 4936 3162 4108 3717 2026 4518 2886 4129 716 3031 3898 3137 3903 1681 4667 4007 2674 497 1862 4318 809 287 2941 1016 2270 2025 697 547 568 2475 1331 4072 888 3833 995 604 2182 1090 2633 4784 1322 78 3176 1343 2421 1960 557 1558 428 2553 483 3705 4927 230 670 151 2515 4303 111 3950 2797 1709 3365 3155 1269 1680 4364 4587 806 3601 3882 489 237 290 313 4576 4005 552 2268 3101 3885 2411 3590 3148 4005 2757 3153 2330 3178 4779 131 1728 3908 4611 75 1213 4802 18 66 4710 3222 3715 3198 2530 4451 712 227 1599 2937 408 1196 875 3897 407 4587 3491 3936 4132 2248 3512 3490 3872 4044 4636 2155 4348 1302 3492 666 4677 3040 3360 3817 4696 1561 1016 1134 3193 1953 1285 4289 2848 2492 3333 921 3618 4871 3694 4898 3462 2808 4428 4962 4980 4346 1994 237 1881 703 1929 4036 1735 17 1581 2436 1369 1275 2665 2305 4444 3055 4689 2860 680 2054 2775 830 217 4181 3252 881 4538 4262 3957 447 405 4791 2184 1912 1489 3882 33 1941 509 3229 2841 4945 3512 2396 1675 1639 4093 2653 2667 3792 3537 4311 2721 1536 3899 1137 2767 698 908 4762 3420 3849 2211 4914 863 1680 3606 1701 4688 1878 1725 3139 1721 2321 4375 4333 272 1477 4316 4770 951 3370 522 2273 1132 1162 1428 3392 3460 3849 4085 4033 3658 2929 4013 1263 130 3381 511 380 3680 4882 3283 2425 855 1532 1391 3817 1644 2430 877 1551 2342 1930 4107 2143 4091 3665 2227 343 3146 1029 4840 829 1634
805 4877 386 3223 531 2321 2657 149 50 2417 4161 847 4520 3065 3526 99 4187 2184 295 4692 2959 34 1517 4353 2989 3751 4589 4214 2700 4498 4387 2103 4741 17 3451 1593 1999 3858 1916 1374 4975 932 3799 2835 2172 3837 627 124 645 4512 1463 1388 928 4097 707 3309 3674 3248 302 3429 3710 3983 1708 3356 229 4356 405 449 4273 1201 2033 932 3036 3725 1435 1621 3888 4714 1820 4897 3639 4581 3937 4836 102 2443 4140 2713 1532 965 1968 4793 1244 3194 2614 1162 4860 1670 3096 2249 590 1091 3194 4432 1203 4648 858 1309 686 2407 2176 4946 1146 3712 3782 1594 2536 1327 1771 4342 2763 1246 467 3889 3191 3378 3011 4954 3537 2635 1496 3220 1093 2154 3869 1926 2228 4851 1879 4135 842 4235 720 3008 3465 1399 3395 2588 2345 2388 2367 1353 3570 4151 3392 795 1657 2056 814 117 313 1762 4833 2812 2807 2127 3913 4183 2497 3499 4040 1855 309 1902 791 675 3413 2249 1397 208 4206 1381 4805 1887 525 3821 1556 1727 4563 1363 3141 4771 4328 1928 3449 664 3717 1773 2411 3220 2483 4982 3861 819 3936 948 4644 3712 2339 1018 3296 2997 4770 4999 2473 1052 2671 3424 2105 3416 2514 843 4648 154 505 2222 4598 997 924 2442 2408 4587 3563 390 1455 3911 3503 1126 4406 2120 3519 3136 4195 305 714 3786 308 3375 1978 647 3949 1077 4983 3842 4999 4479 1051 2957 2407 4086 408 38 4771 1883 3947 2729 4850 1718 2439 870 2786 1951 157 2096 3774 746 1639 2595 523 2516 2834 191 4045 4083 2373 909 182 4668 486 4021 545 583 242 2072 4991 3008 2857 2955 1948 1763
4481 4064 1573 245 1909 419 1756 3314 4333 4161 1464 2298 2269 4072 4675 4273 1209 3579 4542 4474 460 1705 4351 2112 367 1141 1167 1618 2674 2361 166 1719 618 4664 3083 4055 2853 4684 4903 1773 4210 3453 1624 1625 4314 3789 3657 3000 1696 2453 4709 916 3459 4614 4399 4946 330 714 3751 1504 4702 4034 796 1275 2813 4807 4924 884 4688 1042 3470 2456 3248 4991 1609 2575 3197 3535 687 1552 1097 4267 26 4419 4401 644 1908 2276 3832 4735 4481 1261 3413 3528 996 4650 3019 2955 3588 382 4422 2637 2156 2796 4078 3652 4509 1689 2722 2903 2537 1327 1307 2312 2442 3053 4639 2242 1200 128 4002 88 303 1328 3265 4327 3856 560 3929 2084 235 2561 3653 4588 3437 4098 913 3191 2529 3867 384 3829 2728 2913 2486 2214 543 2402 3393 2642 4582 969 3314 3585 2074 915 1710 4217 4170 3914 2387 814 1411 3220 3458 2190 4917 1748 259 3442 2611 2262 3210 848 4299 2845 2795 3608 2133 2850 1202 2260 2320 1983 3244 1595 2411 1829 1611 804 2678 4678 1879 4865 4880 1865 2948 4863 1138 3662 1085 1155 840 3541 2274 4413 2209 1879 2432 1883 3495 2910 4478 554 4950 4046 791 607 3755 3999 794 3508 1997 4981 4264 1729 4691 2591 4805 2214 2797 4229 451 4712 1211 1888 2323 2512 4669 3916 1577 672 302 3471 570 292 811 2410 4737 4134 4938 4904 2328 3574 2757 1787 2988 727 3203 4660 4964 3921 3805 512 813 1150 4457 3509 783 3714 1748 2708 4523 4495 4834 120 2235 1036 2979 1322 1414 236 4001 853 3017 801 3025 3265 2371 844 3958 4266 4800 1863 4818 1235 2709 3521 4423 249
3764 1740 4784 765 2154 838 2935 4716 3092 847 2298 2615 4411 4161 4191 2497 1186 4872 3448 1309 4367 311 1224 2966 4367 1053 1691 3690 4074 1554 4636 4313 3528 1935 2514 2532 4340 3389 4604 1710 825 4294 3174 4966 2563 1360 4245 4998 4144 4014 4364 3117 1600 1545 3646 1636 1174 3363 243 2809 4344 4091 1729 3456 4045 787 1563 897 4517 4116 4717 704 699 3075 4305 4860 648 2444 1795 4630 3170 3442 4111 4323 1476 64 2763 4721 3871 4872 3758 3178 1315 4759 2302 709 2632 2413 1902 4334 1611 2222 4417 824 149 4228 111 546 2945 982 2421 4299 1465 1798 918 4372 2653 3601 1573 128 3330 2027 2903 887 4273 4152 1696 814 1079 2279 2834 2959 3243 3415 3615 470 1334 4448 2738 458 549 476 2063 2028 642 2768 3696 4365 4546 779 3765 2642 1183 2476 4522 4884 60 4440 1231 3778 2169 4233 3613 1448 1411 924 2868 4635 1843 2262 3783 1148 2976 1862 2726 1782 765 1165 2271 598 1714 15 3510 4205 4430 4563 2508 1895 1101 4098 1164 1151 1424 1495 4923 1074 318 2140 3392 1270 4584 679 874 4141 2600 4396 3910 1333 3565 1863 2782 4802 2194 2667 4146 2553 873 3096 3069 2886 1126 1175 660 4845 4013 3695 1211 1847 1319 4950 4916 4227 3316 312 2793 696 4567 721 3505 721 3463 3744 2382 329 430 4643 3819 212 3436 2874 2437 220 3388 4840 4296 3095 1548 1238 4993 877 1493 3344 1311 373 261 4683 1232 3028 1231 4141 752 2165 260 2298 578 3565 1516 1040 818 2966 3380 1753 4018 3567 3726 375 387 4623 74 1110 518 1226 1899 1804 4842 4208 3986 316 2831 4974
3685 3734 2391 2398 1983 3936 1275 3543 3897 4520 2269 4411 4643 824 4313 4802 2255 4493 15 1080 4074 557 2667 4630 4783 489 4354 3652 4585 605 3819 672 4772 1771 4807 1877 326 1968 2230 2869 4087 4122 4933 3768 2971 373 4774 4948 1447 379 4981 3767 1380 1120 1423 3082 1557 1640 4769 1548 798 717 1741 4988 3941 3271 670 479 3730 3680 1372 1146 779 526 381 2009 3541 79 3571 1779 3838 1655 4611 2636 1112 1126 1964 4336 1952 2528 2564 2433 2339 58 743 692 1291 2126 2251 1826 467 1885 3246 1412 4801 3678 434 4842 1329 453 1307 3710 1311 3327 802 1439 4404 3251 293 3365 1592 616 1145 2186 1404 2146 3132 563 2113 3225 2467 4472 2564 4270 4053 2508 1164 2237 771 3773 3200 3525 1077 3997 936 3388 1058 585 1187 1808 1162 2303 3127 2377 1085 4611 3367 2710 1835 3612 1391 2985 1197 1699 1899 1613 429 3277 2197 4854 4147 411 935 4472 1152 2328 2678 1746 375 715 4599 374 3324 135 1097 4604 197 1738 758 549 2221 1624 4813 1428 887 3724 4047 3860 3900 4591 4355 2861 1107 2613 1738 191 2004 185 1213 2392 1136 478 4244 1412 4651 403 1790 1546 1752 3711 2175 1640 4770 2149 40 4581 512 3188 1487 3168 2818 3249 216 1432 1897 1171 3200 1732 3263 3450 4092 635 2011 3697 4888 3060 726 1151 2258 4290 834 3383 2585 2538 2137 1017 3789 923 112 1891 3219 2490 498 3208 2817 369 3214 864 2136 3367 2947 1467 2934 1779 1347 2776 3516 171 4123 1183 1922 1978 2066 3510 1186 216 319 2379 4994 4184 217 586 3680 2331 1060 282 1836 4474 3313 3513
4613 2858 1527 1657 350 1676 1678 3501 2635 3065 4072 4161 824 4079 1820 2139 4482 1798 4206 4539 2209 3187 4988 1000 311 2197 4075 1513 1749 3168 1065 2675 1229 143 2318 1171 2261 679 1475 1165 3467 1024 596 430 2454 3522 1393 4320 283 3914 2895 408 4636 3896 3443 1651 2908 924 2830 3811 1705 3992 2620 1463 4506 983 1263 1272 4265 60 4503 4605 577 2011 1292 345 4407 4970 2386 4565 3783 545 2353 3026 1609 1686 2683 2540 2428 135 1748 124 4382 517 1698 4133 103 2602 4663 217 1414 890 3835 3212 1802 2686 2087 2675 3293 2895 4955 2258 3737 4332 717 2883 4541 411 1612 1082 4823 4987 623 504 2619 2029 3729 4130 2902 585 3159 1483 1142 4485 2681 4692 4179 492 3511 2952 3696 2830 4363 3977 2053 1426 3618 3235 3854 4868 464 3346 2730 2408 249 4742 684 2260 2991 1387 2303 2355 3749 67 3663 3149 1609 3785 2369 4967 2268 1686 1204 3706 2047 4833 4940 4329 140 3007 1947 2340 2097 3752 959 1764 2664 3016 1071 4734 1604 4920 2169 1181 2919 460 1942 1803 1774 3123 1508 2314 373 3095 4832 3672 638 170 4620 49 1606 69 3609 1441 2909 3169 4046 4230 1109 3232 2176 4778 2054 1133 2978 2757 3031 2056 1596 622 4255 3473 3807 3589 767 4948 876 1817 4757 3300 1462 1195 1360 3411 2765 3638 262 934 3757 4833 2922 4166 4369 1216 2071 488 2495 4346 3251 864 1988 426 3389 1804 2008 2700 3244 3448 732 1506 1710 540 4966 3178 3224 893 574 2048 4964 867 4520 352 1240 671 971 1393 1752 4418 3675 4296 3750 4804 1728 844 4758 1339 192 731 2898 4789
2807 4162 3097 1748 1683 2346 1749 2210 3954 3526 4675 4191 4313 1820 4684 3963 953 984 4059 2801 1917 791 2100 4707 4140 4676 1747 661 4476 2036 1656 3085 3771 2144 2986 4346 497 3390 4893 454 4232 1213 1385 2079 4555 1042 4655 969 260 2507 3520 447 2134 4213 1588 52 1348 2616 1065 289 2106 358 1394 4763 2715 1228 3638 1238 2294 101 3093 1659 3272 1568 3483 4508 750 4618 4206 3933 4830 3981 4051 1227 4512 4495 1479 4902 402 594 702 2098 2920 244 4314 502 4438 3057 4078 1977 553 4881 1908 2225 3068 4483 2280 3900 3055 1276 265 4323 2290 3790 2264 970 4990 1186 71 3714 4456 4067 1679 1254 3978 3241 2712 2176 1400 25 2190 4980 4000 3973 2007 1880 3745 906 679 2402 1088 4375 168 57 143 593 1033 3854 2908 2476 3490 4848 1071 2586 4615 4726 3245 2073 2429 2941 4057 228 761 1306 4544 3438 288 3343 2915 4533 4300 881 3685 475 1643 1011 3434 2766 2496 1674 3570 3652 1414 4137 2171 500 3046 4953 4274 4722 4892 3646 4811 4092 3765 829 2794 1039 2479 1289 4928 142 2402 3420 1812 104 3710 1944 3455 444 3408 4695 3242 1576 4163 3526 3410 3605 397 1536 102 1142 216 4317 1058 3949 4632 3803 2853 2900 4629 4719 4375 630 30 1282 2013 3272 339 670 369 3394 2740 2582 533 2660 592 4744 3040 3782 2719 1988 96 3858 830 4316 1216 2254 455 70 340 1764 1427 2487 399 2587 821 2805 1916 3045 3475 3351 1997 1873 127 4139 2661 108 4135 2975 4443 2669 3017 4584 2129 103 4963 3229 4784 3695 3936 1235 1298 2346 4811 921 3826 2661 2582 3088
4616 4217 1666 1608 3702 4461 2071 1541 4796 99 4273 2497 4802 2139 3963 3790 1333 617 132 344 4928 1132 410 3136 847 527 2945 1850 602 1526 3196 1406 3591 786 1869 4178 4746 4896 1351 1275 4605 1069 3819 2582 3424 4508 1763 4550 3372 2955 4273 443 3335 3827 3425 225 1289 4652 3521 4296 1867 3380 2321 3818 3062 3956 2593 3770 1342 4459 4210 4715 87 4426 2800 2969 2220 3852 2784 3214 2056 3598 2653 3474 3481 2102 346 3589 2556 670 2654 2408 4183 4197 1205 3648 855 824 4258 3444 1195 328 1991 3062 4659 134 21 1299 2306 3039 4944 4296 2684 2503 2548 1273 3430 3796 2253 3127 2495 811 4800 2608 1757 3803 786 1234 4283 4789 3516 4749 2387 686 3285 576 3151 293 4493 4869 211 3316 844 1100 680 3890 3731 4850 3570 196 3574 1883 4602 3277 692 1824 3045 4055 4999 1764 1116 3946 990 178 3927 36 1119 177 3370 4638 4289 782 2831 1710 3183 4267 1579 1444 1410 370 4142 3489 169 2200 1592 511 4007 1947 600 4531 3709 1351 2506 1039 2248 2107 1298 802 3088 2193 1513 1161 1250 3089 2046 3215 3748 2522 2783 3443 1017 4473 47 853 3401 1691 2794 2431 478 177 3103 2137 4040 2247 444 3763 313 2410 4695 3959 2219 2082 1435 67 1888 2868 1513 2385 4556 1241 860 4374 4432 2624 4896 4259 1328 3227 4120 1010 530 4540 1435 4249 823 1479 1242 2076 4496 3858 4777 2230 4388 2665 1565 157 2929 2495 2947 836 980 1113 3963 3601 3974 2168 2371 684 4278 516 282 4635 3849 2706 2683 4146 3758 4018 755 2565 1698 3154 4264 4892 3062 2899 4571 427 2505 2552
575 2685 3267 3992 1023 2284 1021 95 1764 4187 1209 1186 2255 4482 953 1333 2099 498 478 2052 297 822 3694 2050 2081 2862 2348 3961 2276 2740 2553 4942 2033 3211 2611 3816 2298 4522 607 2349 2201 2186 3445 766 3905 4831 1161 4809 2997 2018 2560 4153 1180 1560 2957 3364 3767 3066 4651 3763 3809 1501 623 3402 460 4615 3240 556 721 2252 3412 4196 998 346 3494 596 2399 3074 4627 4646 4997 4570 131 1807 3733 3722 2710 3965 521 4864 2542 1356 3029 345 1685 338 312 1090 3475 3792 4179 833 328 3959 1324 1846 1877 2284 4482 4887 4068 2940 1902 2930 2031 763 1810 1759 2950 1395 406 1292 4953 1024 2090 3061 4792 171 577 1289 1606 1279 4496 2080 2499 4439 2730 3838 3802 3064 291 1772 2859 3820 3099 3364 2040 101 3955 4981 3593 910 4654 4844 4788 3319 3592 132 4590 3692 2366 23 933 1938 1309 236 1176 2480 3158 380 10 4506 786 2063 1885 1639 1643 2626 881 3745 2059 2964 810 2774 3900 732 952 2366 1433 1962 658 2112 532 3209 748 572 2885 4591 4524 2383 4546 1219 864 31 3570 3102 3361 4056 3440 3788 283 2168 168 3473 3929 1209 1325 3603 1607 522 1556 1673 1942 454 232 4675 4087 4396 4294 2218 4296 1152 4463 693 587 480 3891 4148 3737 654 878 4484 4213 534 978 418 2934 4311 1281 492 4546 4965 4405 2454 4171 503 2358 2581 1359 2225 2098 935 2674 1051 2778 2923 3491 2851 1638 1078 4284 377 3012 1281 2931 725 1097 2292 967 2272 1995 823 3982 4981 1490 3241 823 3836 4788 3485 3644 3427 1633 511 4535 1537 225 3176 2316 4976
4075 1688 3908 3816 2301 1610 4865 1080 122 2184 3579 4872 4493 1798 984 617 498 3269 1380 2165 1540 1127 2289 4793 3263 324 2284 3811 3286 4340 3569 3602 3613 3349 1750 2668 3948 3057 1748 4639 3016 1557 2993 634 225 3814 864 854 4749 2400 276 3127 4140 2820 1824 2950 4027 3080 3251 4518 4010 1128 1071 2548 2134 2234 3749 4701 1557 1167 1148 2257 818 844 1016 808 2991 4358 1204 1084 1537 3798 3739 1783 4546 1743 1389 2732 4149 4715 2227 2082 4058 4945 3877 68 1663 3586 1154 2521 3405 317 1742 493 2648 190 675 198 3347 1206 3922 2144 2272 78 3244 202 1496 4684 1356 899 2297 4982 1146 1230 390 2613 3691 3881 1139 1773 3128 3441 2234 3760 2099 4509 4993 2462 572 4347 3788 462 1768 4004 2760 2068 1196 2945 1196 3264 863 184 3776 538 3523 515 2048 2766 2329 2086 29 3685 3487 651 239 4607 666 4901 4275 1961 2194 1184 184 891 2366 4475 3997 1258 158 3051 3678 4728 1528 4037 2037 1390 4616 1485 3850 1964 2664 4522 3912 4776 2456 4174 4049 1104 3976 1105 1982 3632 1871 4587 3760 4110 3074 1614 1782 2522 1556 128 540 1553 3146 622 53 482 1031 4276 2552 1097 2150 2954 3747 1277 1699 4024 2718 3879 104 4803 2602 2784 4992 787 2403 3374 1487 2768 2586 2973 2694 4648 2284 3252 4655 4946 3500 2713 4249 2565 578 4172 4916 2797 413 4282 1915 1457 3993 3997 1065 2154 1261 4611 4507 2713 1862 4073 4634 4533 4424 816 1770 3434 111 1367 329 3651 1121 2832 4750 577 1521 1399 21 3733 4118 3745 2251 1457 4303 1619 2053 1187 1201 4257 2301 2205
621 873 2471 4414 1688 2809 3266 1124 375 295 4542 3448 15 4206 4059 132 478 1380 201 4318 4998 4501 2242 2354 2370 313 121 1478 704 1006 1732 4083 1224 143 1707 1278 1096 1303 570 1703 4384 3694 398 3819 3820 43 4282 1798 3640 91 2766 1140 2040 3995 2899 3302 1837 1722 4048 914 947 2490 4795 813 1400 713 2511 389 1378 4358 63 4364 2332 458 1183 449 950 1571 3674 1314 268 3043 3714 1488 4924 3882 3857 3803 3615 3978 2985 127 4444 3389 1790 4962 2935 3440 2009 1727 756 214 2695 1137 4463 726 3115 3682 1157 171 4844 2873 1719 98 3147 2732 128 3863 4171 2385 1949 1821 3899 3656 1530 2047 2529 2499 4374 3875 586 2741 3645 1491 3808 681 2449 3930 1913 2885 1287 3157 1274 2010 2309 683 20 4346 3215 2962 438 1063 1124 3966 3114 774 3852 4290 3038 1957 1803 4459 212 1937 4472 1941 4858 3428 3610 1467 4448 523 3378 272 2665 4617 3859 4043 3101 2922 3446 1674 4384 1077 2001 3448 4590 696 3111 1826 1145 3978 951 4212 4940 915 4377 2274 3446 4145 4197 1060 1583 1959 1850 1177 1997 2260 426 2377 4682 4199 2007 3737 2042 810 1083 2743 3670 985 2850 839 141 3785 87 1912 552 1356 1343 3707 4525 779 4662 493 211 1407 3658 4691 2448 1054 3532 2926 2930 1823 3039 236 3675 4323 768 3616 2491 43 2409 2383 2755 1241 2423 4900 605 2899 4629 1047 3303 3968 3265 3420 3246 3170 3417 4299 2796 3698 1066 1232 757 535 4163 3111 4806 601 1999 561 52 3869 4956 4420 3226 3658 2252 4894 1225 3949 2706 3424 837 1959 4581 2443 3317 1462
1993 2535 11 1873 2663 1098 2105 359 3687 4692 4474 1309 1080 4539 2801 344 2052 2165 4318 2601 3363 1906 3177 2105 218 1696 877 1503 4919 2004 3157 1666 3876 555 2034 2168 728 3752 2379 4543 162 156 4998 2586 2216 4363 286 141 3037 3128 4948 3934 3434 1747 19 1198 210 2428 3477 4596 3684 4659 18 4469 1271 3870 4964 4762 4610 4419 1914 2740 3528 3111 4925 417 3541 2701 3422 867 2756 1115 2012 3093 3997 4289 2857 336 317 2796 2153 1900 3982 2758 4016 3109 1369 2761 2345 1022 4695 4072 2890 1935 577 2520 107 1061 2548 2330 4682 778 3362 1671 975 2663 4957 3744 4412 692 4286 3903 4109 4862 2695 1107 71 1295 3831 1504 4955 559 2873 4875 3739 361 2396 1356 2041 2586 2819 3513 3150 3016 2639 1659 818 3645 2399 2474 1750 4380 955 2832 167 448 2019 2559 1760 2528 2785 231 984 565 1839 3554 1159 2481 3634 1054 3331 2058 1009 191 144 327 1396 3310 4545 1901 1737 199 901 2913 267 1391 2658 3830 1974 3878 3904 856 3404 2013 3098 3291 3388 2765 1305 2559 1172 4716 3388 2248 4926 1189 3828 2650 3807 4779 3455 2835 2562 4561 3362 2888 2868 3239 1952 4631 1767 4669 1590 4352 3061 2943 3979 3803 4254 2088 4856 4985 2694 2826 4817 3975 910 1626 4042 2340 2748 1029 736 2208 2523 2502 4986 651 2886 3503 4229 3613 3561 2497 4046 2886 2230 982 4653 3833 4096 3711 3088 2936 3086 3876 1341 1941 540 3562 3141 2441 4104 751 3951 4764 1690 3177 1971 4691 4107 2340 3821 4658 895 1966 91 2851 234 4776 2845 4362 940 3426 4704 699 4973 4079 1963 2668
948 919 3876 1307 53 3588 2002 2873 4936 2959 460 4367 4074 2209 1917 4928 297 1540 4998 3363 2214 1349 4400 654 669 3013 2517 286 1263 3242 3455 1510 4111 3894 4617 248 3753 1185 3365 1994 2440 3341 247 491 1757 4247 33 4557 793 1396 663 3909 2159 4410 687 662 4356 465 4617 1430 4223 323 1600 1441 3662 1261 4811 3889 2801 4962 2698 4131 2294 3259 765 3754 1800 3307 2712 3755 4452 1793 2632 1327 816 3902 1664 437 2526 3493 4243 398 129 533 334 2199 3179 2404 4719 1815 2819 3902 4401 1277 2108 4578 3384 77 2585 2435 4248 2217 17 897 4412 4854 3881 2616 4158 1272 3809 1011 3759 1841 3845 370 1540 1449 1917 3161 819 2257 2941 2363 4864 1479 709 2526 3620 1444 4100 1925 2215 3890 167 3249 186 732 3147 4970 525 2539 689 3690 989 3922 4364 4197 2923 850 1203 2987 1846 3989 3264 3137 4063 3053 754 1152 1566 2034 2943 4912 4039 1984 3428 2708 1542 3612 2350 1205 2124 2942 1119 3334 3595 3968 893 4668 3358 2480 3857 2649 2595 1674 2396 3723 3414 1311 4804 145 356 4946 121 4008 3637 2538 1168 2453 118 1731 3872 1801 4461 533 1059 751 4154 4976 4368 529 4053 436 1840 1611 2816 3166 3281 1364 2521 4165 2874 33 3483 675 1590 4346 2477 2921 4863 1226 1612 3748 2296 4351 1344 3832 3248 3212 1139 4370 2784 4645 4607 2503 739 401 1825 3619 1696 3026 3962 4499 1254 3613 244 4788 3654 3569 1743 4871 1777 2336 1478 3653 4944 641 1841 1358 3707 1244 2793 3581 4311 2784 4372 1022 1744 1015 1188 923 73 2619 1945 1481 16 1040 1216 4543
2872 573 2683 1373 1337 4407 921 4539 3162 34 1705 311 557 3187 791 1132 822 1127 4501 1906 1349 4948 566 4994 4531 1464 360 346 3518 2879 1913 2464 4980 2741 1241 4673 792 3197 580 2978 638 1165 2389 916 1125 1843 2689 2155 2686 1823 2857 4583 4163 3405 150 3455 4440 3586 288 1309 4353 4661 1937 1932 509 1747 3370 4666 1055 3381 2370 2204 1189 360 964 1130 4943 1186 400 4701 2918 281 382 1203 4863 523 530 2662 842 1179 724 4730 3832 25 2893 1933 3579 1075 2813 1667 4451 2440 2838 1875 3036 1001 4605 1882 2480 4034 1917 2914 3967 3264 2303 2532 2655 349 3815 378 3407 4827 1369 39 2871 4196 2549 4690 2104 4733 2132 3892 1707 1729 4518 3477 3973 4370 2028 4292 2616 3529 2803 2497 2962 1556 311 3443 1827 2824 2505 3311 3779 2917 4651 4184 848 4758 871 1753 1242 268 1063 4124 3493 1368 2463 3049 713 3154 3644 3613 2185 89 3637 3782 4004 1102 151 3396 4102 3483 3858 4319 3199 761 4231 634 4515 354 2375 220 1111 2963 149 2223 1764 4520 3708 2742 2822 931 4397 4950 2641 2390 1772 511 1978 1204 3145 1642 1352 3437 2978 1015 3296 2406 3976 984 4669 3024 1282 3412 4228 4765 205 1729 4185 1470 2697 1087 514 280 1757 1479 4354 907 2871 1879 4682 4000 1419 4975 2626 134 3815 1456 1366 3520 1403 4940 928 2937 2721 3876 1239 873 4442 365 966 4814 1177 1257 2820 2543 3972 3790 1344 2911 2552 317 1243 1283 4469 1684 1616 3934 4099 3925 4774 401 3434 3033 3346 3521 3525 4752 4499 935 4794 929 3677 1919 4725 4327 1653 3115 2750 4123
4631 4789 3482 3573 4714 830 4047 1991 4108 1517 4351 1224 2667 4988 2100 410 3694 2289 2242 3177 4400 566 2079 3901 3586 4781 4582 4382 1251 3927 4905 4622 4767 4225 2571 4063 3917 2364 4098 3568 1465 4809 914 1844 2986 875 49 4228 1033 3374 1466 552 2926 421 4019 2556 2105 3415 379 3744 4990 3394 2967 966 4155 3842 4031 1911 2336 4807 3871 569 4293 2005 1534 1031 2577 3586 1096 1960 4958 3489 1397 130 3220 3820 3534 2845 2042 3543 4749 3421 4116 376 1005 2199 4825 1375 3418 4583 3129 1569 378 1801 4243 4873 1762 1046 1229 198 2880 845 2952 4366 392 3748 3463 4892 252 1138 577 438 4353 4953 3395 2967 4813 1646 14 4221 3051 2901 4781 4755 1970 908 2409 4358 3948 4076 4812 3493 865 1166 1981 1654 473 403 2965 4811 80 825 596 3834 1376 681 3785 4727 603 1040 4891 1310 1422 2031 1825 1040 980 2708 1975 254 449 4542 37 1869 3879 3118 4221 2527 3246 3320 594 220 968 3882 3750 2997 1531 1318 2822 4894 3107 2217 4363 2332 4412 3887 950 3244 1314 1677 3995 2917 2166 4301 788 1196 1899 867 1908 1218 3603 1840 100 2564 2832 3246 3624 3580 1717 4578 1406 1725 2300 4652 3104 1278 4672 2923 3726 815 1692 2145 4975 1697 3322 2584 2810 4567 1376 3727 4028 300 790 1220 4533 4951 4766 4064 1923 3023 4132 881 2387 2620 1757 3391 1000 2491 4112 4548 2122 4601 2923 2368 850 3989 2328 2179 4377 592 1011 495 228 210 1220 4641 4853 4293 752 1869 2463 4159 2138 2852 3268 579 3607 4611 4897 225 2856 4184 94 626 966 3751 395 3848 3409 3393
1485 4515 1397 3365 4466 1842 3886 3950 3717 4353 2112 2966 4630 1000 4707 3136 2050 4793 2354 2105 654 4994 3901 1144 119 506 3730 3307 4105 2408 307 790 4611 1477 2928 4011 2201 350 816 1191 325 4920 1437 651 1335 383 1939 55 2957 1788 2017 1727 386 1802 1091 4431 3769 3488 4738 4671 562 506 2138 4506 249 4511 1962 2321 4420 1104 1866 4757 2877 4552 481 4668 3557 2549 319 1267 3096 2837 1813 476 3113 802 647 1121 4488 4364 4511 1489 1074 732 4658 213 764 1598 3305 2511 1609 2430 4263 4162 3354 4622 643 2152 995 1462 3661 4917 1729 38 701 4389 1582 4968 1839 269 3368 636 2754 103 1531 1320 1179 4655 4996 3826 4483 629 4646 2798 45 4037 796 4559 1931 4681 3071 2424 4243 4302 4361 285 1446 367 2903 1080 1102 1405 1456 4510 1302 3236 2994 4527 219 590 3237 1350 3015 2140 4387 1076 555 3537 3326 4627 323 1184 3634 3676 4680 4972 4902 4267 367 1151 3272 1842 2588 1341 4594 936 1434 4304 2353 2813 4073 1718 3264 2626 2076 2149 1777 1312 214 2988 3181 318 4182 3474 1790 2780 4623 2627 4607 3175 3505 1287 1351 3969 2626 3019 3397 3110 3599 1717 3841 3718 2991 4900 1419 3164 2679 4327 1258 18 4880 2612 3999 1538 3660 533 4733 1765 2467 4118 763 4846 3886 316 2091 4688 4943 2941 2275 3415 2478 427 3516 779 94 771 2789 890 768 417 242 45 2438 2941 3571 3209 506 2377 4592 1348 503 4843 4682 3972 4268 1368 4378 3834 2758 3106 4957 2973 1031 1642 1744 3965 2810 1570 3303 153 4002 1313 4692 2667 1138 3309 3054 4938 1271 1313
1336 4774 444 399 4899 4623 746 1737 2026 2989 367 4367 4783 311 4140 847 2081 3263 2370 218 669 4531 3586 119 785 1323 212 518 4903 1097 2753 891 2846 4564 1210 394 53 4317 3991 3160 26 4596 1911 3520 3963 4353 2053 2957 815 4530 4813 1371 2396 4855 3288 1787 119 1955 3479 4353 2821 1757 1062 531 2506 1923 3703 4682 2269 1120 849 2722 2761 1782 491 4663 2699 4993 4458 2618 162 3807 4994 1790 3805 1978 615 377 3431 615 1432 2432 2619 2762 4063 3560 1770 2277 63 3464 2350 1196 1619 210 1612 2905 2541 4258 3269 3865 797 534 1860 2397 997 4772 4579 84 2159 1564 1957 1687 2987 659 3443 4546 1710 4503 4336 4294 3365 4120 3643 4253 1016 4421 1215 1115 2151 1709 2836 2379 4006 4132 2892 697 2352 198 2788 4688 3314 408 2738 770 3045 247 915 4496 1534 4090 1345 2301 3869 4543 552 531 3907 4227 1152 3244 264 2862 935 4306 3604 2014 4615 2958 2179 3821 4433 4539 1785 2524 4942 3010 3205 251 1091 2085 393 2684 1305 3680 3679 2457 3094 3889 217 2113 1962 2590 663 1739 2111 4815 3012 3923 2046 2998 2925 3268 4987 282 3708 740 2087 983 4907 4825 4842 4431 2173 2845 3499 342 2271 3469 2905 4614 98 3936 3425 4226 1988 2045 917 2415 3093 3064 3167 3889 992 3373 3080 340 4327 1566 1039 324 436 34 3970 4544 1809 4107 3964 1241 3009 2325 4231 341 3149 4327 1858 709 897 1528 2096 451 4329 4323 3946 2611 3033 1330 4253 3441 4796 4453 3316 384 1322 3478 1517 3242 4058 1583 2411 3912 226 3161 1048 4624 2799 4846 1105 1757 1663 4020
1614 3321 4712 1579 3329 3962 1217 3472 4518 3751 1141 1053 489 2197 4676 527 2862 324 313 1696 3013 1464 4781 506 1323 4498 4623 4344 196 3802 1265 4035 1045 3938 4905 2985 4036 504 4245 2841 3028 195 4820 658 1555 2011 1735 790 4424 3246 360 3078 1781 2358 3306 24 1135 4312 114 3223 502 4251 4855 1188 2798 2543 3775 2558 3432 3683 2487 2854 4829 1808 1811 1992 3449 1588 4228 3428 1127 2497 2555 1665 2933 27 4696 1297 3367 4156 3093 2850 3502 4328 1111 4597 2545 1652 2694 255 309 555 2023 1325 697 109 3490 3917 1155 215 4922 4490 2068 2075 3352 1452 3912 4430 536 847 3891 869 4910 4557 285 200 3805 2816 2575 3375 176 272 2696 936 4314 1377 2456 189 2600 4662 4761 378 2916 3887 4367 3344 3260 1963 2562 4615 98 18 2544 4918 3021 1036 3068 2499 652 33 1536 3513 2150 3901 3515 3289 3205 66 4671 86 3584 2065 3033 696 1937 4827 4268 1616 4386 3980 3955 1926 4276 3153 3730 4886 3030 2516 4436 4549 789 4277 1342 4310 45 2321 1774 1201 4491 1984 2595 2939 3680 2706 4288 136 4712 172 4858 4541 564 4799 4266 1060 4720 4263 824 1180 4189 3588 3536 1312 3739 4670 981 740 499 3230 2253 681 2420 591 3024 4340 4922 4808 4071 373 394 4118 2822 3262 4653 685 1744 2686 1870 3866 1317 2926 3862 580 2284 3390 3668 4003 4689 2611 4992 1049 3539 1637 4640 4053 2754 2255 1078 2825 1538 402 3397 2968 3353 1604 2567 4644 1883 2782 1351 813 3611 2075 3738 1078 604 2722 3925 3982 3536 25 4797 3711 913 2874 1291 2925 178 1652 2753 2438
4989 3971 4239 4972 718 3244 3193 4352 2886 4589 1167 1691 4354 4075 1747 2945 2348 2284 121 877 2517 360 4582 3730 212 4623 798 1526 4846 4492 1927 3800 1872 4073 96 1944 1030 2885 4499 573 605 1507 1101 2508 544 3530 668 526 51 2095 2521 869 3881 3207 4739 1860 3549 4763 4339 3301 3782 694 356 4215 4218 2338 4480 1737 3955 2899 2059 1885 1115 3343 1791 4329 4018 2589 4039 4731 4791 4137 4486 869 4934 4195 1584 3541 1964 2193 2469 3589 1314 1470 806 922 85 4917 601 3464 4080 3537 449 18 4487 411 2080 1394 4551 3057 670 80 4168 4436 4359 4427 2345 996 3556 4337 698 819 658 2772 1571 3052 3833 406 2755 488 75 871 4729 2942 4524 703 1058 1003 491 4892 4886 1988 1904 142 4307 195 3918 3274 696 4154 402 3416 3208 3010 2950 4750 1591 2361 4490 3586 1899 474 4857 3777 2412 3625 1124 931 3507 14 2041 2968 4840 2187 3355 2511 3163 4716 1243 2759 1468 1704 3520 975 3756 3350 3437 2831 3185 4683 2377 1177 3200 3870 2044 3010 4150 406 3111 4552 3329 3167 1639 1682 4669 544 2916 1095 718 957 4287 3285 2191 135 789 2643 4786 3786 1696 977 609 2501 1369 2731 4664 4672 2900 2486 1065 3794 3806 964 2233 3212 4026 469 3185 4930 422 4601 544 341 2208 4297 2486 991 1109 2021 405 3875 4930 4030 499 32 2473 2372 2957 936 2752 4340 1532 2394 1602 665 3205 1209 4853 3244 1074 2291 2872 2492 4867 1700 1149 4564 3083 4395 4832 318 966 3418 2051 913 1147 3500 3153 322 248 4801 115 916 1012 3906 1853 1341 1602 4688 2886 3873
