N: 300
M: 60
Symmetric: true
Triangle: false
5 2 185 12 44 53
5 74 220 5 90 224
3 283 155 262
6 241 284 167 47 58 242
4 98 116 183 201
5 148 11 145 110 17
3 156 100 79
3 231 118 19
6 147 245 8 76 128 237
8 212 294 75 71 49 191 34 67
13 186 77 121 226 37 124 127 80 30 184 177 141 209
8 252 43 173 137 113 146 20 4
6 39 249 89 23 107 96
3 134 189 63
9 281 229 208 31 275 279 221 265 228
6 14 94 123 296 253 234
7 57 136 25 248 32 59 171
3 298 152 72
5 200 62 239 292 238
3 109 195 91
6 86 259 21 222 246 7
5 293 161 198 159 120
6 299 280 214 111 122 263
3 162 247 164
6 9 270 105 35 138 13
5 119 240 45 158 6
7 199 176 42 24 236 206 230
4 54 219 33 290
7 126 40 41 260 129 202 204
3 250 55 70
2 261 3
5 38 276 95 133 227
3 143 26 269
2 192 273
6 93 84 81 169 87 190
2 297 179
4 64 117 139 28
4 282 193 203 16
5 153 300 160 142 196
4 106 232 217 207
4 50 254 51 46
4 103 272 251 112
5 274 268 15 244 257
4 85 258 135 286
4 180 68 271 166
4 48 188 1 60
8 216 102 150 140 92 108 115 205
5 104 168 18 36 170
6 287 163 154 130 78 97
5 73 101 82 182 56
4 83 210 52 66
6 243 223 285 175 65 61
9 187 256 266 255 151 211 277 295 267
5 235 278 181 215 213
3 264 149 27
6 165 172 289 144 131 29
9 197 114 88 218 233 10 132 194 291
3 125 99 174
3 157 225 22
3 178 288 69
4550 1567 2326 3487 390 3822 3733 4210 3794 2354 4303 4293 4841 2449 2841 1599 250 1118 533 456 2666 118 4987 3288 365 109 2793 947 4626 2001 1781 59 1051 618 1520 1553 664 1189 2008 1737 506 2649 3702 1909 4189 4668 1932 2593 1871 4437 950 4158 2524 474 4860 4227 3124 3004 3399 446 4481 4514 4651 2574 4713 1985 28 2066 136 1896 4444 1542 1369 4248 4332 1691 3696 882 4719 3353 3485 4761 3190 317 4554 3109 1873 531 2900 423 4544 2098 537 2317 1343 4922 4544 3021 994 4063 976 1364 1506 749 2351 4221 11 215 158 3501 2647 442 1056 3403 921 3935 1831 3939 1535 4412 3590 3653 4608 368 486 4476 4802 4017 710 3449 961 3623 1335 3620 78 4189 2264 3670 940 1605 4172 2209 2385 4269 3085 4509 2432 2259 234 2584 1797 1994 4473 4387 4353 4961 4637 1686 2246 3411 3589 723 2874 4583 2602 4518 4786 4738 815 3443 4589 1947 3243 1664 1685 4096 1701 656 4305 4142 1828 2688 1195 1880 4131 868 1272 324 2838 3872 769 2812 3895 699 4220 4751 4855 4053 4766 614 4916 445 3836 273 1109 3055 1979 4739 1841 1787 639 1725 254 4571 649 3532 835 4796 3537 4182 4446 2835 1916 4119 726 1595 2656 4050 1051 2666 2499 1703 97 4079 3256 1368 4631 2440 3526 1290 3865 4160 4049 2960 257 1751 3624 4893 1658 4284 3112 2106 4423 3050 3674 3611 1096 3826 404 2156 600 3400 2286 3487 3939 2421 4741 4712 4879 3184 3843 880 1864 831 3534 2536 904 3213 4303 1125 395 3753 2230 793 357 2286 435 1938 123 4057 2154 639 3873 3609 3049 941 1171 2017 4423 3108
1567 4738 2958 3542 2506 4169 762 3007 4402 4953 1459 4037 229 2985 1334 3979 1992 4982 973 275 4320 2318 771 2790 1626 3055 937 1616 3708 1076 4879 1842 3669 3457 3862 638 1950 476 1610 4729 1832 2860 3885 633 2364 101 106 1233 4231 3904 860 1314 324 4662 2551 1044 1016 4907 132 4361 2599 3094 2878 1204 3110 1318 1225 4185 4860 748 206 3289 2754 2476 3125 1783 1980 198 1788 4652 3146 4102 527 2629 60 4105 4785 1622 46 3058 2065 1776 2427 1784 3792 741 4663 2777 1759 454 4746 886 643 2958 4054 1410 1933 275 2030 4491 1073 3975 41 3881 4939 4035 38 3457 2601 2232 2518 2019 925 1776 4113 2609 1672 2040 3308 3076 4325 3751 4462 404 4966 3197 376 3260 2483 3220 4780 2197 3668 1726 1816 154 4081 3091 1735 2916 2341 426 3690 2900 2517 2100 3420 470 3515 2223 799 545 1742 2742 3928 4005 1867 2565 2910 4141 2782 3170 179 2298 1259 4091 3245 1946 2876 3484 1020 3110 3067 4881 4713 4284 4267 3708 3204 4295 130 4658 318 976 3588 4508 4917 4214 4583 4812 298 2347 4148 4115 813 88 1639 3148 723 705 776 4043 1734 1817 3487 826 3086 4678 855 3728 1231 4119 1676 4847 3650 3931 2988 3655 3056 4461 4534 3133 2403 2797 951 3048 3565 1824 1028 354 2488 1879 4384 3943 157 667 177 2459 3606 515 602 4151 2412 708 3016 1667 4765 1640 3212 3329 3970 3984 4573 304 3251 4737 285 3611 2628 1318 3310 2741 1875 649 4493 2016 1476 2197 565 1942 2557 1061 639 586 4916 264 3883 4364 3380 4687 3227 428 977 1628 2273 1322 2368 3071 4175 3511
2326 2958 1431 2628 3999 1127 276 1282 3314 4802 4334 1357 513 4438 529 1007 3678 798 4703 4844 2382 3984 424 3845 625 3129 867 1292 4777 2416 183 2817 2399 4013 1190 3598 4349 2072 1439 1878 4879 4211 121 1407 2604 3050 134 4794 2457 1562 1357 2990 2572 4343 2815 4417 3747 2919 2042 3302 1828 3025 655 2272 574 2048 690 636 4000 37 4341 1042 1055 638 1389 1537 1268 189 4324 4355 4288 3886 4844 3885 3233 773 4666 2490 3225 2841 2956 1788 621 3504 1134 3229 2766 3159 294 4457 3439 1029 2516 1201 588 1178 2835 85 1372 1088 2954 1179 4922 3180 1876 3831 999 3804 3902 440 1570 3972 4234 147 2869 2714 3326 1684 129 2113 2307 2095 1210 3478 4992 1666 4161 1940 393 3487 881 595 3355 3156 447 4930 2569 3373 3340 706 1206 282 1182 3943 2063 768 2845 2017 4460 3283 789 601 4406 3761 4556 1404 318 3283 3715 2667 4038 3526 4021 1606 3849 3630 746 2539 1652 3048 876 3995 3221 2452 4298 2216 93 4472 4355 2394 1257 4879 1240 3030 984 4997 2770 2479 3271 1191 2959 505 4803 869 3009 4007 1729 4236 3022 687 3946 2550 4054 4602 1132 4338 853 2327 1267 4163 622 3910 4202 1683 2948 2138 3445 992 1195 939 2047 1774 829 1470 4860 2662 3492 3700 2119 1954 3899 2570 2986 3055 3359 3038 4945 1422 149 4080 2327 4501 4612 4544 4726 2399 3014 3521 945 2952 3565 3787 703 4413 4310 1111 4730 3875 731 1575 139 3813 1030 2524 39 2370 998 786 97 2903 1147 4180 4569 3081 2629 2009 1428 3315 1550 2172 2205 1356 4383 916 3423 186 803 2602 417 2184
3487 3542 2628 2440 2859 4818 3350 4753 1600 1579 2305 1385 2462 1960 4091 2370 1553 1973 4177 412 4000 2081 3428 4040 3842 1661 3159 39 2995 4046 4995 2488 80 4135 3790 3014 4953 3847 243 4025 3771 1930 907 1974 258 3045 2197 4941 2531 3439 497 2259 4179 3248 2897 4870 2581 1613 3888 303 1331 3465 4422 2647 1880 3876 3756 4166 2213 3451 1276 2356 502 4166 744 4709 1181 3487 1706 3820 686 3893 2897 2459 1604 2580 1760 2030 4000 1150 3619 1140 2222 1785 3840 3853 3488 1052 3722 3508 3808 2959 2735 3424 4563 4712 1246 3044 3018 2030 3100 4102 477 4517 4811 30 1237 4331 1377 64 620 106 3240 1084 2732 4894 59 3789 130 1752 2003 2314 4831 2947 2405 1030 3337 2347 4773 1684 3294 3528 2587 3502 4018 4724 3014 3799 1559 1560 2946 1511 3118 1706 341 2048 4555 2690 311 1439 1390 4387 1985 3696 4984 3582 2632 3273 2170 836 336 4044 2294 1043 4788 2003 1508 499 2215 1284 3433 2960 1381 670 3714 4580 3141 4240 4159 4900 72 139 1022 2388 821 2358 3102 1024 2799 3425 77 3646 2454 677 2397 4015 309 4439 931 2207 1786 3215 2134 599 3816 1504 1069 4245 1814 2067 736 2565 3990 1841 925 2267 1526 1533 4759 4372 1576 1431 2107 3486 1713 3815 4133 3244 2438 3976 3411 2658 4403 2473 2808 2635 2144 1788 805 2435 1552 64 2659 4912 4227 2797 553 438 1775 1924 1388 3676 2143 4407 2930 2136 984 1881 4301 782 3079 851 3985 2957 3285 3918 3536 3694 4068 768 3621 3180 2878 4472 3300 946 4807 3420 2252 109 1436 1056 1975 2843 1581 3088 2533 4484 2174 2409
390 2506 3999 2859 1798 3981 3978 4404 4529 1474 3471 2950 2218 4186 221 4131 2000 3612 3712 3104 2494 1291 4454 1845 2503 2922 2313 3611 1722 3381 4613 2194 4632 2746 4233 2212 2854 3702 3638 4676 3177 2629 951 2547 2912 804 2268 3698 378 1278 2388 2069 1502 1271 360 576 304 292 3278 4516 1384 4872 2963 149 2995 596 4456 1556 1439 1359 2355 2886 4923 2778 4340 4914 1798 4513 4517 3161 2024 3672 1476 3291 4173 4909 3188 3817 3333 4316 3733 460 1658 3983 2336 2690 3515 143 846 1359 725 284 877 2955 1460 3227 500 654 4293 361 1566 2637 2411 2011 3586 3284 3167 1552 330 2718 596 4911 1201 4780 1391 1526 3411 1519 3541 2189 552 3157 1102 2163 2483 3722 1444 2774 3463 3720 4364 4131 663 330 2974 4346 78 4002 4034 759 3108 2533 724 1447 2088 17 1836 3539 870 4453 221 3621 2648 3801 1594 963 391 1393 2953 900 364 1056 800 1657 3246 4828 4155 1673 1510 2149 1543 730 2224 990 814 4061 4334 2240 2567 448 182 3956 986 1445 2790 3994 1787 3394 816 133 3922 3054 2758 2059 2366 2283 3290 2635 1196 1025 3314 3912 3500 4844 1216 3614 1840 4165 3899 1444 3236 1790 3832 916 1952 768 173 1898 3600 837 1356 3268 3624 325 721 446 3703 3094 4427 992 2912 3530 1253 4033 1390 814 3932 3974 533 681 2182 533 101 570 1939 4561 4392 1170 166 1255 2639 3801 4943 1138 2684 4607 171 2251 4232 1896 1032 2059 3784 287 4840 2139 2574 195 2436 1820 4592 3717 1083 2988 4121 2203 3465 4347 3708 3829 400 2262 1588 1145 4069 2008 4971 1687 927 4486
3822 4169 1127 4818 3981 3071 3857 167 3017 466 2843 4629 350 1629 4126 3966 2116 3309 28 2748 3867 4319 402 1792 2811 2448 3743 930 2586 4604 984 2572 1716 169 1174 1341 1737 1817 3146 3551 3737 1190 2402 2692 2090 1753 3084 344 4690 1842 96 2141 1132 1435 3662 2557 1618 2617 1552 2077 1400 1283 2707 3844 2547 3206 1558 780 3169 3828 3019 501 2026 54 3083 2868 4136 3253 4206 4590 572 4348 2807 3449 4697 276 2918 4970 4090 1579 3729 1561 1297 3376 4200 4068 4497 3101 1403 2668 1257 3233 1333 858 62 4164 3365 1774 2068 1459 1397 3342 1888 93 1927 3859 2753 4048 3616 2637 2481 3674 3402 45 2322 2694 588 1769 3749 3164 4870 593 4741 3949 3323 2550 4127 1028 2649 1535 4761 2868 3386 4357 76 3834 4546 1696 4022 4636 4751 1320 3076 120 2028 1427 4276 1026 358 2634 1860 1964 570 145 3181 2376 4984 823 744 2901 935 1608 2207 181 178 4328 2612 4463 3849 1390 4043 4179 4809 1426 4962 129 1007 2498 1985 2612 1430 3685 749 4149 1022 4431 1504 810 2066 4636 939 1427 525 2247 1591 3453 1969 563 4437 333 3258 4658 1051 1591 1892 789 4524 796 2973 1532 3388 3390 1036 3940 4307 1346 1953 1671 2776 4122 3255 3661 1305 3121 1561 2728 1065 756 3963 1517 1751 483 3344 2844 3720 948 748 1783 4581 645 615 3641 2288 391 3051 2863 45 3221 4065 1458 3848 1147 3350 3798 611 1657 2010 4476 3535 2123 1959 141 2856 486 4502 3709 4201 1493 1478 266 4636 366 754 673 4259 1016 4431 3436 3787 3452 804 3539 4189 4500 2224 869 3568 3476 1997 1130
3733 762 276 3350 3978 3857 3532 1272 35 4108 3448 3576 962 3633 3115 2090 428 3000 3264 2548 94 2658 21 4231 1264 3649 4381 3620 4924 1601 533 4502 2069 245 4499 3245 1863 2140 4313 4346 4647 3813 4786 4998 333 4367 4462 671 2026 3357 364 971 3569 2350 3879 355 4761 2987 1463 3241 386 952 888 1148 568 4760 3434 1696 1074 2187 2307 2453 1799 3262 2925 4891 2197 759 2686 4102 3433 2729 3784 3947 1876 1557 2554 2695 3610 773 3913 2889 3480 2357 4668 4022 2320 4802 4923 2291 3293 3791 1086 3090 1709 4931 969 3176 3078 3116 892 1814 3996 1121 3479 2033 4768 3365 1369 690 2255 165 1417 3034 4735 429 1059 1822 2035 333 209 278 3675 1210 1194 3288 2705 4035 1524 3382 3768 4852 971 4306 4450 3958 2933 4448 2437 1016 4395 3040 3334 4231 4810 4610 1117 1570 1253 450 3564 4234 3591 2452 1768 1075 1713 1162 4915 3389 1664 2228 1730 1785 1608 790 3044 4626 686 2765 3128 4456 3772 4189 1781 2059 2967 161 580 3603 1453 3045 378 763 804 1090 4493 3046 1016 744 1096 3892 1935 4584 659 2213 4417 4745 391 4317 2433 1844 3032 2547 2160 114 2811 936 3489 171 1101 2706 2929 4979 2257 4105 314 3441 52 3820 1427 1285 2280 793 4445 4338 20 3154 1252 1019 577 3811 1615 2476 4715 4670 833 2042 4025 3270 3102 4180 1785 4425 486 3079 1385 1092 3671 2643 4726 3610 4996 3642 2595 954 1124 1383 937 394 4538 3057 4884 4579 302 3164 3613 2945 1808 3490 4855 3070 1325 4035 4480 4995 2939 2477 1550 201 2132 1829 4243 895 1942 3361 2553 1837 3159 4707
4210 3007 1282 4753 4404 167 1272 172 3927 289 1834 1957 3170 4278 305 4927 4345 195 1220 4367 1751 3899 4482 1899 1709 636 1782 3680 1600 3993 3431 1735 3166 2417 3423 3993 3047 1158 4875 1732 959 598 1171 4189 4910 189 1251 3186 2143 2507 4891 2240 4609 1662 920 3161 3617 2947 1314 2063 3253 4538 1449 892 3513 2011 2585 4224 1460 4526 4726 3865 2410 3706 2936 2601 4049 1875 4349 62 3524 706 4601 813 4489 39 443 2419 4812 3086 4500 422 2207 4110 435 1183 4136 3548 2530 4004 147 2976 4016 4572 1580 519 1028 4065 4567 4156 1939 4013 3514 2889 4480 1209 2128 2682 2088 1843 2762 1906 3161 760 2897 1487 1254 623 2593 4909 782 2917 4249 1584 528 2077 3401 3707 4248 1616 1285 4579 4150 581 2806 2583 295 3812 1276 2029 386 75 215 4299 815 186 2258 3739 4774 2325 474 2372 4189 3039 2076 302 2209 3699 105 4679 4712 4261 1924 420 1681 619 2876 3222 2376 3468 2475 151 655 511 1504 3272 4620 4244 2982 2914 1309 831 2441 1748 3145 4691 2685 2447 4505 319 3404 3361 2113 2609 4748 123 4508 2917 4507 1503 4684 4127 2736 4760 1951 4759 3363 4248 2417 1337 4575 12 3511 29 3728 565 3084 3759 1800 1696 406 4372 3669 4876 3653 3356 1637 985 2531 4229 422 2011 2901 3428 3815 378 795 4827 4664 2890 315 4642 4968 4517 3789 4109 3169 716 4696 129 1531 3949 4285 803 4958 904 4544 2358 3371 2402 4502 1840 3306 4585 4430 1538 2157 2214 1908 625 4932 2580 383 400 4041 3876 4436 1741 4490 821 2811 1522 3139 2271 1115 3768 1562 3707 13 2652
3794 4402 3314 1600 4529 3017 35 3927 824 1451 1378 2011 4627 2921 4208 3111 2270 3887 1989 1286 3284 3320 3933 4413 1284 3880 4356 4167 2380 3106 1563 484 25 2776 4732 3458 2700 4900 4663 2050 4404 1595 2229 3509 1042 2115 1133 748 4619 3830 399 3321 3885 2195 3332 1830 196 2768 2941 1417 1131 544 1584 4196 1120 3902 1160 2974 3057 2653 371 183 4527 3101 3262 1805 2002 1535 156 4221 1382 3654 1223 2673 3823 2767 3504 3233 991 2539 4525 1098 751 1715 4305 3287 1981 2288 3281 2218 4378 3332 4560 969 2625 2469 452 415 4043 3100 1557 2819 2661 598 2243 1584 3227 1499 4917 2933 4324 987 1427 2131 4300 722 3910 488 3566 2935 1619 1058 4942 4371 665 1333 4076 3843 3694 3695 3040 3605 3944 768 2837 171 1014 2727 1152 4620 185 1506 4942 161 3185 2671 535 2636 2042 2929 1087 1663 2084 3990 3870 4653 3536 3244 2131 3857 2746 4080 2821 961 3683 2156 1422 1273 3791 3128 1730 785 4204 4824 1401 2092 704 4552 889 2135 3246 4135 4033 573 1159 989 4589 3384 255 2625 3309 452 4879 4691 4657 4263 1691 2518 967 2462 2861 2356 48 2240 1438 4980 3035 1400 4249 4747 3704 3176 2465 63 3472 3008 99 3605 1129 4620 3420 1270 467 4116 3756 4480 4648 279 4954 415 4031 1142 3147 1189 4295 2621 731 3718 690 3138 3477 3583 461 4854 3862 3780 2618 3529 1325 2230 1341 4626 4007 3340 2461 3031 3988 3281 1096 4195 4368 174 769 497 2342 1661 153 1775 1809 638 4839 3540 1757 99 4250 4607 119 1033 3331 3190 1074 1444 2296 4106 365 2810 521 3747 2406 1986
2354 4953 4802 1579 1474 466 4108 289 1451 2649 605 3113 942 2741 2460 2011 429 3367 2561 626 736 1728 3970 616 3136 99 1924 4601 3527 49 259 4852 4440 1907 4513 3800 2116 4462 1994 4790 2627 2841 2843 4000 2971 3770 1327 57 2729 1348 2493 2855 1226 366 3006 2833 1516 946 4702 2292 3054 3107 1481 1862 193 2172 1431 1282 4687 4798 2010 312 4544 3877 3831 3325 33 1028 734 3133 4986 602 3097 4130 4944 274 82 2238 313 3860 4446 1119 2277 4452 3162 2994 3505 2630 2666 367 4237 4052 1398 2009 3928 375 4342 4821 4413 4599 3952 1264 2647 4698 240 2980 2732 3361 3494 2042 3849 2503 792 1032 1395 4820 955 4166 836 4199 733 3030 407 3932 2281 705 3684 2183 3830 2383 59 202 3505 3338 18 2446 4717 769 4471 3401 3080 518 4715 1562 2774 2516 4011 4012 4863 4562 2229 3675 2112 4003 4958 4463 1333 2557 4881 3552 1477 2730 3013 3345 2630 616 2154 2911 1594 1677 305 4125 2378 2221 1578 268 1989 556 3550 153 198 731 1907 1827 377 2378 1305 2404 3138 2154 4804 4360 3679 1657 2772 3587 3042 4616 3939 3154 2243 2031 3331 1649 3441 4846 4413 2855 2864 4041 4144 3433 2468 1651 72 2245 1197 429 469 4163 1826 4740 817 1516 1693 3510 4162 4132 361 2544 4844 2793 3560 1041 3643 1544 3215 808 337 1849 2640 1374 458 3871 4823 1750 1653 4171 1886 2492 4886 2188 4680 4288 1721 4228 3508 4641 4214 3785 2715 1300 1586 2451 4318 3121 1425 3228 2866 3726 66 418 2910 2237 3857 4801 3516 4386 948 4407 1076 1785 1716 2244 151 216 3218 1293 4778 181
4303 1459 4334 2305 3471 2843 3448 1834 1378 605 1948 4087 1692 2772 1655 1150 1660 1057 681 2694 1256 2500 4144 4138 1008 133 4271 118 3454 1727 3994 1224 3314 206 3499 4380 1085 1849 4485 1453 244 414 1160 2009 2747 828 4399 2958 1029 1238 3011 1539 4903 1858 1957 3512 2774 2456 2232 457 606 1819 4491 1645 410 2536 3444 1494 3094 1450 3073 1886 3072 2509 4098 4513 3654 4534 1956 3163 3109 3277 538 2595 2472 300 2818 3113 132 1125 3810 829 4484 2066 1781 4433 1770 406 2361 3650 3585 952 847 2685 2458 3345 35 209 2521 2178 3211 3784 361 4779 983 2624 473 1868 2438 3208 3847 3596 2680 3588 625 2478 4333 231 1073 985 1403 3116 2523 3641 2705 1157 685 2610 3326 4411 1378 4871 3256 2064 3547 4840 2779 638 1175 4301 3039 891 1286 97 956 3092 4170 2281 2873 1808 1385 214 2819 4582 1314 3677 1045 230 1920 3518 3950 1538 219 1405 4346 4084 3075 696 1148 4924 1465 3521 3507 3358 4292 2917 4899 3209 2373 1440 714 2492 1835 2751 4687 913 2003 3740 2290 4510 4778 1378 2187 390 1562 2683 2362 379 2948 1979 4124 1495 1626 924 110 4467 3293 3224 1049 4406 3981 36 923 2653 3867 4880 3822 2944 4093 4948 2693 3587 1615 4976 2085 2191 4416 3361 2640 3156 3883 2177 969 4876 3723 2665 872 3858 819 1763 2123 4462 2045 2439 1614 4917 4848 636 944 2159 4621 1953 169 1306 3867 1474 3637 3544 4177 1981 2982 4582 558 948 91 228 541 4411 4837 3945 1899 1433 2982 1670 37 4253 4951 3301 2105 4620 3988 4806 2073 3584 3475 452 4109 4477 979 1131
4293 4037 1357 1385 2950 4629 3576 1957 2011 3113 4087 4891 636 1675 3570 596 1822 1490 4990 4538 3233 410 3817 1539 2566 769 4011 661 497 3601 2814 3481 2958 2504 3794 2936 3950 4855 1662 1234 4167 3222 1487 516 754 28 58 4002 4151 4890 2776 3738 3947 3160 4936 1729 620 3044 307 1429 747 4084 4220 2859 354 274 440 4588 1435 52 4658 509 4747 4314 1904 360 1219 3276 1947 4382 642 4372 3579 1353 1718 220 963 1362 2709 4606 4933 1889 239 2942 3732 2492 4054 1164 2219 4406 470 958 4461 976 4991 2054 875 1576 662 1675 3894 29 2399 2285 2361 4416 4412 1212 3961 1345 4481 501 1063 3274 4269 2726 3415 2219 3145 2895 4525 4061 4744 919 1237 2416 2794 308 4593 2256 3806 4415 1334 551 3753 2365 2476 2348 3726 4297 4465 4746 4344 4685 4670 42 822 2627 982 4788 358 1271 589 886 2295 1932 4889 320 4979 2755 4454 4344 1561 1000 2371 841 2562 918 3884 238 1899 1238 2314 3110 2741 4740 3671 3488 2420 1646 189 1474 1225 1199 1968 3841 3962 2318 3288 1333 4228 79 2617 3784 2791 4429 2722 4581 2213 3108 3519 3519 4209 917 779 3429 2195 351 1440 1419 4454 1230 2368 64 3640 2640 702 1807 2334 534 110 313 470 112 1240 4671 3570 241 3247 417 1509 4312 2299 2810 4013 2867 3945 94 1149 161 3116 3199 2628 3843 2086 4651 2689 2914 148 1981 1834 4877 3874 2420 3447 1526 1940 3171 1142 825 3016 4407 994 2729 3669 2430 2872 2988 879 177 2125 846 1657 763 4524 4573 3522 2718 4850 588 1997 3417 445 3136 956 3836 3811 1691 3729 1741
4841 229 513 2462 2218 350 962 3170 4627 942 1692 636 2293 2437 4280 4068 4908 797 4318 4088 2574 684 1158 2848 131 280 3093 3354 2148 348 2501 1558 4564 4539 1152 3789 4788 4049 2823 1493 4348 1287 1879 4658 3131 2862 1375 2621 1800 2692 3788 3384 931 4785 1049 3642 3408 1984 729 4348 11 2330 2747 4457 4637 1143 2254 4850 1516 929 2588 160 4109 1740 327 1731 3363 4386 1995 3842 2552 4001 1969 3640 1212 3841 3094 1259 2622 3698 1201 771 2691 1123 3454 3726 3883 3654 1034 460 2360 4112 982 2334 4928 1257 4047 2716 4461 4539 4324 2576 4994 2288 731 4685 2863 3631 2235 3223 1957 4894 1714 341 4465 1006 881 2922 1911 3898 308 1043 944 196 3789 4958 3408 1717 708 2661 4830 4444 868 4636 2710 4141 994 411 3500 344 855 2790 2132 3519 4693 2298 4719 2974 3938 2154 4210 404 1342 153 3363 4435 4519 3398 4647 557 3680 4625 3022 690 3635 4474 2222 2018 2191 3965 3505 3245 2382 3311 4730 1141 482 3201 664 1700 1083 2429 2769 1112 944 3442 3060 1418 1136 1080 2850 3699 2028 818 1403 326 4660 619 3276 450 3231 1318 4093 1224 1592 2897 4151 4785 1233 2741 207 2113 2163 3186 712 2916 1537 1342 4070 2673 1424 514 948 4011 4565 3707 1514 720 1136 368 1351 4639 4065 4477 4954 2383 2849 2405 4280 2326 1041 559 4242 1417 1644 3982 2171 3277 3869 1718 1328 4273 3919 1677 209 1227 515 1847 4211 852 4177 1325 2327 2075 1801 228 3856 1556 4791 1569 4508 1515 3048 141 180 1595 3109 2607 628 516 3193 1195 362 4098 19 1381 3778 420 4720 4359
2449 2985 4438 1960 4186 1629 3633 4278 2921 2741 2772 1675 2437 311 4433 1559 4386 2551 3020 3927 3301 1038 4324 3408 52 2572 4421 1540 464 4746 2362 2873 4070 3555 728 1471 179 2625 1589 3803 2717 51 3393 2357 4870 177 4111 140 214 3002 3307 772 4222 1740 4857 3767 4895 1114 3508 4619 262 3385 2903 2778 2187 3758 1879 4779 4179 2858 1534 4295 3788 191 2008 4784 350 4401 232 1047 780 2190 3028 4261 4944 4949 1894 2158 2452 1442 3922 4166 1175 812 4578 872 3714 3286 4027 1496 2155 4747 270 4796 825 398 2656 4161 3659 2949 2655 2944 3158 738 584 4684 3260 4208 1254 1311 1229 4354 4087 1947 4140 3070 1085 2806 826 3178 3869 2206 3475 2456 2183 2554 3743 4526 450 2432 4020 3855 1853 74 3735 3303 671 4072 2448 4559 2772 1525 3232 851 1452 3138 4342 388 3540 1494 4494 3953 177 2023 1344 4424 3406 465 2683 411 182 3225 1110 4622 104 586 3259 1044 2744 1323 1567 1064 2829 4985 4599 199 1002 3626 2856 1744 2242 405 2592 2458 3433 3658 4919 132 2909 1180 3273 748 1558 3641 2425 639 1880 3959 232 2493 1435 4439 130 100 4245 2553 1848 1915 1325 1910 4603 1683 2023 4572 533 2026 4253 3865 227 3830 1974 970 3049 3622 1236 420 3874 1152 920 3408 4487 2149 2141 298 515 4540 1091 1477 4304 1016 4609 4181 1098 3146 3301 78 2708 400 1042 2825 3237 364 2424 4999 1322 10 2801 1959 4010 2122 2654 4555 3726 4571 2175 237 3296 2698 4091 1166 2465 4250 4037 1227 2405 4951 2941 3445 1008 3559 2001 4675 4355 4885 823 2170 4226 2018 737 1100
2841 1334 529 4091 221 4126 3115 305 4208 2460 1655 3570 4280 4433 1136 911 2350 483 3981 4234 90 2203 3137 2903 1387 2689 3284 2982 1121 356 27 4518 4881 2168 2697 284 2895 3891 3604 2161 3063 1946 311 593 3549 2688 1160 3127 680 2651 740 4519 1357 2199 2400 1184 2249 1030 1683 2846 2714 4215 3507 2981 4842 55 304 2907 182 4736 3678 3918 1972 420 4236 2040 2196 4667 4779 924 2633 2921 3153 642 2538 2094 3519 2500 3164 755 2914 3390 3188 526 4698 643 3321 1766 1716 1220 4129 229 4012 1664 2857 2255 3807 335 4581 4204 3538 3826 332 2392 4616 2151 1918 2389 395 2188 3945 57 2183 2183 2801 1722 4366 583 992 470 2985 2847 2438 833 489 4990 1542 143 3626 1185 719 3309 836 3677 4647 2917 938 2392 2643 3250 1720 266 1336 1276 163 3191 2282 1677 1155 3125 4230 1179 1073 2579 3160 484 2439 774 4428 3457 3477 1709 240 3277 424 774 3391 4455 1813 1892 1914 4306 4027 1514 4106 1728 124 1061 317 2282 2909 2539 778 96 2664 4279 1370 1350 1033 446 241 3896 90 726 4586 2620 3469 4501 2272 4445 4015 4857 4432 3272 796 2037 440 1812 4527 1130 2555 1751 2135 298 1733 2446 4742 3806 1288 1384 859 3080 901 4452 251 4173 3621 1234 1907 1171 3631 1189 1023 1733 3212 3751 3608 3668 4819 1310 847 4585 1954 1140 1441 398 3170 1900 2676 4216 4314 3607 434 146 1589 1109 3437 3906 3764 2634 4785 1719 1734 4598 3494 757 3528 2453 852 1967 1099 3708 3819 2425 2264 4805 4358 2452 4752 4516 1696 266 482 1379 728 1697 360 1823 86 4336
1599 3979 1007 2370 4131 3966 2090 4927 3111 2011 1150 596 4068 1559 911 4113 2009 771 4169 3062 915 2536 4613 3718 1815 2621 545 1692 464 3305 2048 2150 2613 826 2433 3785 1149 411 1585 2874 203 2796 2679 1799 3738 1858 1234 1925 4543 4670 3105 2879 1446 92 1127 1506 3941 2997 564 1246 4367 2528 1679 2575 55 392 977 4668 1623 909 4581 4726 1773 2104 1106 3010 1139 4539 4643 1778 646 1250 2303 2326 436 4509 1462 2976 4367 694 1881 451 1206 701 730 906 4928 1134 3778 1149 2722 2771 242 2793 2418 2480 61 3456 1464 1519 1829 95 2096 3968 3481 1968 608 961 1649 998 837 4961 2684 2889 2115 2711 256 4448 3594 2922 271 4697 3174 4823 4765 3307 3595 2730 1470 1123 2224 3362 398 2944 3188 1656 4580 154 4031 3611 700 4704 3422 3522 4385 3638 4588 4404 747 4339 497 3224 3050 2827 167 1440 4363 1755 1502 2821 1934 1750 3970 4263 3581 2414 1598 4774 3664 4719 3858 1862 2618 300 4245 1345 4861 2118 3462 2898 1046 1486 1464 2869 2719 3670 1425 2162 1218 944 985 2485 3402 3027 2038 2486 1309 2598 2319 4841 1159 4880 4993 2270 4984 1492 4902 3865 1230 1703 146 4974 741 441 4092 2892 1737 2380 1011 3164 454 4868 1558 379 148 3309 810 3092 474 3602 731 4296 2585 3416 235 548 2822 678 1010 2755 4714 4106 3388 1591 4409 1086 3178 2029 1085 4696 2065 4690 3079 618 2491 1219 4844 1583 4089 3770 2832 3652 72 3237 1283 1222 3700 935 2685 2377 3707 4763 1974 1661 4508 1409 2517 3606 3693 920 3485 3616 3097 3305 3928 776 3354 514 4800 2426
250 1992 3678 1553 2000 2116 428 4345 2270 429 1660 1822 4908 4386 2350 2009 2197 1447 663 2974 3362 1105 4346 507 4786 4400 2619 3238 1416 4411 1334 2422 4584 3468 4140 4232 4739 1893 2201 695 1487 3107 794 2079 3411 1386 2192 4418 3285 3363 3901 4921 785 666 1698 4677 3764 1932 2016 1814 4146 1243 3048 453 2136 2160 2787 4325 1396 1793 2639 177 2398 3662 4278 1228 734 2575 4798 3536 4731 3415 289 853 4738 3492 3064 282 884 4092 2215 3647 3074 4322 1759 1461 51 3796 615 4314 607 1846 825 4008 4350 1792 4625 2129 181 2062 2956 1800 3089 3750 3637 2635 4269 3454 2986 525 4510 782 3909 3263 2124 3578 343 4876 904 1045 4097 2034 987 2854 2181 4675 894 113 2165 4341 3934 502 453 2195 3441 2497 335 3854 3647 2789 3306 4751 2353 1643 3503 268 647 1858 4276 3035 1243 4301 181 547 1883 1173 1216 703 4353 3117 3139 1663 1838 4553 997 823 4293 4089 275 1208 2588 2675 1596 4366 1920 4295 2732 2677 2225 1219 2572 1123 406 787 2174 3602 3890 910 2593 4914 388 1945 3922 2863 1681 2375 3583 1993 2612 3750 1227 2319 2806 2628 3052 4556 3300 564 406 4440 1750 3247 3296 4111 305 4525 1058 2230 4186 1155 1827 2801 4718 2218 1699 2455 4247 4152 15 3223 4106 3360 4323 3290 2453 2511 1319 1539 2684 534 3632 4792 3596 2981 2764 3022 1985 4728 546 4430 3481 4099 4953 3506 1215 3925 1577 2960 3035 4078 4377 1471 1680 3171 4290 512 278 2150 1751 228 2071 1680 279 1700 948 3728 1629 547 953 278 252 4288 2135 1597 2270 1864 1888 2166 1994 2976
1118 4982 798 1973 3612 3309 3000 195 3887 3367 1057 1490 797 2551 483 771 1447 4409 2362 3954 4289 1268 1227 120 761 2188 4420 2170 1127 1862 1575 4236 1204 4828 2224 2171 3706 2260 1680 3373 1341 4288 3778 2605 3493 2576 4607 4906 3705 3866 3817 4757 3108 703 263 3353 2723 521 4310 681 3357 4293 2587 339 3518 67 3318 2995 4028 2393 4831 2091 3650 3102 4629 4031 684 2486 3212 1857 1301 3999 47 2786 393 2952 2654 2248 4068 3028 375 1722 2216 1190 608 1729 3536 382 4362 1643 1542 4036 3746 2199 1706 4738 569 1614 1036 4915 1605 1656 2339 466 3009 1150 3223 2630 118 3091 3913 4723 4990 966 1914 2911 1038 1264 529 3464 688 1512 1727 503 1724 4490 141 4794 4905 4675 4260 1897 4593 2015 447 458 3128 4406 1690 339 2083 1051 2441 2462 100 4155 1872 2390 1624 3794 3998 2462 4527 3284 4589 3441 3634 3566 1425 3983 2544 548 2214 751 4004 4508 1088 2815 943 4881 2991 2638 4990 306 1491 764 2167 357 4681 4379 3459 3194 4353 4367 1394 1140 2709 3377 1801 2719 1342 2283 244 4424 2969 3722 1653 2637 909 447 4639 2371 100 979 328 1520 2491 2330 4201 1052 307 3207 3437 1561 3499 71 4530 71 4171 2186 2580 2679 1757 4479 2745 2306 3112 1152 1795 669 2179 3879 161 1415 2545 2233 4828 4038 4025 2224 1821 1951 89 4204 2028 1422 4586 4310 1822 4368 2733 1446 2868 2753 1450 306 2810 2888 538 2450 1341 3949 1945 3853 1867 2473 3108 4789 2033 1890 3846 2916 3235 1038 720 4175 193 654 4290 1104 2244 1906 798 3062 4025 4428 3046 397 3037 4954
533 973 4703 4177 3712 28 3264 1220 1989 2561 681 4990 4318 3020 3981 4169 663 2362 2500 4388 4840 486 3729 988 2038 608 1696 781 477 3815 3830 1112 1000 1102 1327 636 4263 1026 552 1053 733 2684 1019 464 3672 1367 1915 4567 1758 3126 393 1990 3107 4903 2921 3233 591 2605 3513 2530 1926 2998 3203 3115 2093 1297 3649 2836 970 400 1577 1522 2694 2088 1933 3867 4410 3003 735 413 2701 124 1990 1860 4169 3980 3451 1597 4204 4288 3737 2150 2416 2373 2224 2360 3778 1489 927 3814 3044 4097 4477 4080 3260 1454 3889 3279 61 4876 233 2418 2811 955 2004 2333 4636 497 2399 2954 1651 1003 1724 990 3241 3423 2742 3788 3427 4711 4289 1323 4137 2668 4689 4036 2023 3305 111 3386 3424 2193 3035 140 1796 309 260 3622 3166 1188 1611 4285 1465 4842 279 3974 2458 2261 3074 3256 2853 863 4076 2388 4327 1701 4679 765 3081 2005 1607 2096 3468 4005 4869 2384 4094 410 2455 1188 3589 141 2906 2431 3692 3412 2312 2023 3453 209 3914 4742 2921 32 283 4361 1050 1016 1358 261 1394 4216 3190 4511 4345 1092 1302 115 1205 4519 3315 518 1144 3745 2459 130 2556 1122 1573 3297 3943 1651 4903 3325 182 1436 1940 2238 3137 1213 3495 796 133 3730 893 1670 2858 3892 3756 618 2844 275 1765 4871 50 1476 1198 960 324 29 3786 1478 419 4904 3586 4235 3247 3527 4263 255 2799 192 1940 2684 74 2209 2872 1095 3203 679 278 2321 1679 4757 4546 4692 4017 2057 3373 578 754 3597 4196 530 1298 4032 1169 1151 3918 1784 3340 562 4290 1002 3785 1657 769 3631 3232 579
456 275 4844 412 3104 2748 2548 4367 1286 626 2694 4538 4088 3927 4234 3062 2974 3954 4388 1128 3355 3684 4515 4007 3887 297 2976 1605 528 3283 3296 4251 1286 1745 4972 3491 2978 2815 4726 2213 4333 536 3874 3210 3766 3642 2475 3979 3796 1714 1239 40 344 4643 1887 4609 1352 3080 3985 1904 740 2957 1868 2998 2912 1075 3295 1858 2751 2809 4720 3129 1537 4628 3728 2244 2493 2463 2465 1134 4044 2143 3313 4634 1795 16 4438 3896 1408 2704 4097 2582 1986 1978 2839 3729 836 3776 4566 3177 2312 3884 3724 2574 1294 2557 255 3650 3311 3739 399 4072 772 1105 3813 1097 4520 3884 255 128 2234 4853 2614 3192 4228 4612 1887 923 3325 2572 229 2497 4373 2867 1050 357 1743 1594 607 1690 3727 490 395 2525 4241 2456 3439 2564 1278 2483 3972 2100 4129 4417 2505 3333 4747 1183 817 3891 2125 1432 560 1969 1360 3327 2980 4132 2932 1772 3108 199 4559 1240 4930 2483 4595 1776 4552 2302 657 4105 1879 2756 169 3905 2254 3163 4345 2852 751 2992 360 3748 2204 3156 3614 349 1695 1806 2923 264 4732 909 3000 772 4400 1442 2845 1859 936 290 1171 3547 1422 2012 1081 1467 643 2426 2808 244 2393 3342 2081 3668 3145 1983 1146 663 3912 4664 4475 3024 2240 3821 411 3033 4752 1748 2019 1083 4473 615 4744 41 1534 552 3576 833 4111 2246 2024 2112 3138 2665 2436 896 3194 879 1760 1673 1437 3448 2353 965 4650 3536 3223 1008 2323 1131 772 2990 2230 2363 2370 1094 317 3088 2072 2658 687 2090 3146 353 1476 2304 3002 2523 4007 2637 3844 3259 114 264 2853 1313 4750 2671
2666 4320 2382 4000 2494 3867 94 1751 3284 736 1256 3233 2574 3301 90 915 3362 4289 4840 3355 3320 435 2641 923 1817 4522 795 187 2168 2844 309 4611 1436 1848 4559 4695 4564 511 1064 4134 981 3562 893 845 2707 1438 4763 960 3364 1611 3185 1827 4322 3607 2755 3719 4838 4681 276 571 3442 3740 4713 4197 4708 2518 4629 86 3105 3450 4927 2900 2863 3750 119 4067 53 3196 1489 4132 3272 1014 2858 3410 3534 2246 312 4414 1825 3133 1218 1988 1708 1038 3194 1422 3013 3571 2667 3516 1270 983 2259 3251 3937 4347 3708 3527 2083 3002 2493 3140 1828 4079 1600 58 4352 777 3941 3658 4443 1606 784 3565 1672 979 1600 1967 1444 94 904 4896 998 3733 4715 295 1949 2616 1367 1554 2956 4567 406 277 1738 4146 608 2955 2948 3446 469 4773 4100 1744 2306 609 2775 576 3061 30 1374 3545 2154 247 1033 3186 357 439 4511 2116 3178 2850 4492 4539 1259 2922 2892 445 2986 161 3756 1816 921 658 2694 4736 1709 4873 3434 1824 397 1729 4848 68 1939 1577 2331 2308 50 3701 3107 2502 3018 3381 1607 2872 1726 3500 2943 2670 286 1394 3286 249 3239 914 1702 3686 4481 4175 290 4817 4630 4157 1117 3109 1976 374 1050 3306 2436 3068 1030 2873 2189 1506 4855 3005 2228 3515 1571 2450 1966 1450 586 4041 2746 506 1400 641 4926 3061 3496 2795 67 1442 3676 150 2695 3427 2169 768 932 589 2282 1507 1576 2465 4505 2747 4685 525 3240 3317 4719 90 3112 4076 2584 597 4566 284 1084 377 2594 2014 3923 821 4649 4964 1253 3854 1200 4140 703 602 2498 1826 3297 2513
118 2318 3984 2081 1291 4319 2658 3899 3320 1728 2500 410 684 1038 2203 2536 1105 1268 486 3684 435 4198 497 3684 2527 947 2125 1765 971 545 3779 1782 488 63 2725 237 1950 3124 1560 745 3115 913 1691 4539 3397 429 2590 3320 695 4984 1418 4606 2010 3021 1631 4964 2649 3016 2651 402 3291 4023 684 3984 1283 996 4075 4875 685 2911 2959 723 3418 2683 558 3748 3742 1261 3834 3654 3507 2283 1173 2829 4468 4918 367 1385 2652 3108 4943 2366 1388 4509 4263 3002 2659 2354 4234 1435 4656 4670 199 1300 3168 1386 1051 4628 607 4812 3503 488 4337 4853 4895 4901 2669 1004 1257 2762 1349 2677 3250 1959 956 3360 1088 2388 3416 4722 4465 1362 3630 3643 4499 3935 2131 4183 3294 4270 1612 4749 4542 2244 4189 4198 3128 4258 344 2145 4384 4063 562 3848 804 1008 3145 1878 1925 4279 3743 1836 3593 2109 4033 4118 1009 85 4081 3745 2145 3452 4386 3145 1708 1750 4220 51 822 2388 920 2414 4916 2411 1444 932 2512 4208 4686 3338 4262 4990 1954 3975 3299 3896 3306 1168 4639 2609 4902 1094 736 1991 2014 2552 1153 901 324 3933 3772 713 4168 2757 3094 4105 2709 934 1536 2709 1784 3735 625 2347 368 1569 1197 1133 4673 1384 436 4649 51 317 281 3286 3116 4966 3006 550 2874 4383 1990 866 3104 364 2146 1904 2374 2148 865 3188 787 225 4131 3733 4474 4080 3348 2083 3216 381 2948 2076 3672 4917 2741 3723 3126 2120 1478 1193 4023 1332 2758 4627 3182 85 647 3098 4762 2491 1516 2995 47 524 4508 2154 1515 1319 4754 4528 3182 2228 2716 2115 2342 2012 2222 2313
4987 771 424 3428 4454 402 21 4482 3933 3970 4144 3817 1158 4324 3137 4613 4346 1227 3729 4515 2641 497 4805 1137 4300 4824 3908 4016 2543 4265 1273 4280 867 694 965 4160 2287 1957 4489 259 534 1082 1138 4585 4200 2225 211 2313 3871 3579 896 690 885 1850 3333 3310 3377 2588 672 4049 2362 4487 417 4189 2597 1019 3870 436 4220 3340 76 718 372 906 1394 1145 4968 4442 798 3257 350 61 4973 4192 2084 4241 976 1399 243 1680 3706 464 805 4617 2630 1343 4643 2806 94 1241 2503 3947 1638 3115 2203 4727 4651 981 1372 1360 1760 4229 3758 4940 2449 1882 2502 3194 1451 1474 1127 1951 3574 3095 3556 2817 1213 3726 2958 1823 138 2964 3064 2123 4910 4653 1616 4523 432 198 4757 3213 2948 3048 3701 333 583 153 3716 2256 1740 2422 130 712 38 1087 2172 4219 4477 4686 3254 1020 1435 2127 2444 2620 3053 2843 4727 3047 1688 3302 3699 1715 3269 2639 2043 2006 3118 3244 147 2341 1864 3938 2741 2946 332 4333 4833 1224 517 2564 670 3278 1208 1620 4942 3648 4174 2089 4805 2286 3011 1843 3621 2438 2157 2288 4147 3386 947 1969 2440 1554 4067 1170 2312 1131 4503 4472 4494 4291 2544 2614 2730 4056 389 999 2815 3934 4566 2940 2507 1838 2657 3773 4945 1445 2247 2958 3952 730 3827 1181 1174 183 3982 1014 944 949 491 748 1605 449 2174 2603 4924 4908 988 4358 4360 2684 3911 910 1471 3366 2793 1577 2329 600 857 3788 3854 4108 2864 2904 813 891 161 3260 1129 3916 3345 2448 4224 3262 4294 2627 4260 4143 1331 4885 396 721 4368 2039 2591 3971 1954 3737
3288 2790 3845 4040 1845 1792 4231 1899 4413 616 4138 1539 2848 3408 2903 3718 507 120 988 4007 923 3684 1137 3296 3159 4576 1498 2323 3345 1544 3182 755 867 4480 3713 3947 929 2073 4554 2325 3299 1056 3080 1120 2416 3785 4883 2766 2968 1597 3013 81 4528 4182 2530 1658 403 701 85 2517 551 3809 162 2767 2747 1395 4153 3249 4460 1711 853 3454 1258 4574 1721 3487 2060 3875 3170 4682 3474 3116 183 2274 4350 4511 924 1595 1220 4527 4606 3821 1021 3780 1203 657 160 4101 4137 3075 174 4513 4834 3630 1280 72 3890 3073 257 1031 1849 652 3168 4830 1267 678 2771 2557 3947 1510 4052 3383 4014 2723 2381 4384 2309 4040 259 3603 2556 2950 145 3486 1771 3128 2051 2293 2980 391 3309 4149 4682 1190 2335 2307 2038 554 1390 2708 940 3992 564 1485 998 1473 453 1209 3029 3747 313 780 55 1875 4252 1501 1873 144 203 3275 1046 3537 3625 599 3967 1053 1880 1772 3680 745 231 4774 2989 1635 4962 3280 19 1434 916 4951 655 4062 2635 1091 733 924 3645 1568 2926 99 2837 1181 2624 2911 4085 2532 98 4235 2378 2558 2440 1067 239 2104 868 3658 2136 4483 4238 3534 270 3640 4200 745 2809 852 3969 1656 3003 1191 2893 2941 2265 2955 1698 510 1214 2728 314 2236 667 3029 4176 4137 4649 2024 2435 2627 440 3259 4826 4703 3618 1918 4475 3781 631 227 3598 2457 2109 3031 736 1795 1754 477 4187 2654 663 745 4140 4186 1143 4489 178 559 479 2027 1895 4899 1301 203 3379 2165 2632 1485 3046 1685 931 3443 1780 4927 2620 583 4344 228 4285 4159 1181 3457
365 1626 625 3842 2503 2811 1264 1709 1284 3136 1008 2566 131 52 1387 1815 4786 761 2038 3887 1817 2527 4300 3159 4626 1455 4726 2664 4769 425 2198 45 322 4286 3511 1084 2547 1538 3161 670 2697 4187 2734 235 1732 4868 3518 1083 1758 3625 2053 3605 3940 666 1912 647 4444 1076 1815 835 117 510 2071 3447 4028 4840 4758 1064 2279 1224 4688 4565 2804 4551 199 1551 4903 2817 563 3795 3789 164 2344 3794 949 4585 1931 3846 471 4181 1579 497 3644 3433 1423 2781 4165 4882 296 1995 3769 746 4160 4976 1801 1824 193 2807 2232 2101 2695 2362 2113 1127 163 1329 2180 748 583 1711 3969 2160 4757 472 604 2929 911 53 227 4097 3139 3430 599 4549 4562 2067 1479 526 2649 2937 1054 4262 748 4164 1352 1092 1926 108 3239 3821 96 3638 3184 4887 1696 473 1421 1458 2612 3049 2253 2723 2531 1435 1407 1520 1313 3473 4850 2086 2758 4844 4624 3866 4678 2106 4102 2139 1012 1232 4554 960 1830 3678 27 90 1007 2711 1788 615 4273 2617 2540 3312 1945 723 2318 2292 1036 1662 270 4170 1819 1613 4000 840 2976 631 3824 4835 2628 581 333 240 3230 827 3367 3200 2358 4781 1451 4274 2953 1087 1050 1693 579 469 2410 259 865 830 2774 3962 4516 3934 3424 4899 4025 4151 735 2106 4182 3614 4415 4276 3223 4063 4736 3657 3159 1266 2763 2922 2215 140 3322 2140 3773 4996 4656 3984 3315 2070 2906 4668 4136 4589 3923 3006 2577 3942 1124 3743 833 2000 2029 4025 3601 4843 725 2968 2172 2041 322 4915 3816 2560 1592 3913 4091 4653 3454 2075 4591 1101 2269 4453 2532 233
109 3055 3129 1661 2922 2448 3649 636 3880 99 133 769 280 2572 2689 2621 4400 2188 608 297 4522 947 4824 4576 1455 759 497 597 2304 4260 1226 4393 1605 2732 4343 2726 1930 3331 1769 4973 2470 4915 3692 2445 2860 3579 3083 2619 4687 3565 2894 413 767 199 580 2877 2115 404 4150 1543 3940 1559 661 2148 1911 1566 1105 631 1080 4293 1885 4458 3157 1210 2344 276 1464 1461 1266 80 4620 738 624 2357 1060 4920 4986 3364 3118 3105 4936 3180 4224 3188 769 1887 2656 146 2834 2149 3962 3723 4622 2027 3366 4659 3829 2330 1502 3979 1848 1589 45 4773 1641 3496 178 2425 223 181 4825 4541 2816 3902 2836 4345 905 991 1494 3028 756 901 442 1160 1271 2684 1680 4563 3916 2985 2036 3897 1625 4330 1605 4073 3320 2792 3652 726 2703 2197 1995 4557 4241 498 4442 3428 292 232 4585 1143 3299 292 2656 3380 2996 1741 3943 2277 3375 1535 953 2596 2307 3369 4670 3212 2500 188 2274 3371 939 3628 3416 4076 2873 310 1023 1725 4558 2985 3498 64 2844 1133 3747 1828 1717 4647 2537 1676 670 1646 4510 4772 849 4138 1291 639 4942 241 494 4722 3171 887 2063 3338 1185 1848 3010 779 648 1802 4466 1634 3788 616 4821 4907 3401 2438 3920 675 3685 4950 735 2987 1248 1647 3024 3739 3415 607 1794 1684 2401 2626 1997 1741 730 3762 1596 192 3117 4347 3397 4060 4565 4848 340 4865 186 1074 363 3476 4591 883 4912 782 2661 4833 2365 788 237 2286 2580 2155 2466 3753 912 2720 1094 1952 4791 2334 166 2596 4485 2584 2313 1500 3392 149 2415 2097 1064 1076 1038 4997
2793 937 867 3159 2313 3743 4381 1782 4356 1924 4271 4011 3093 4421 3284 545 2619 4420 1696 2976 795 2125 3908 1498 4726 497 2618 2185 481 3869 3886 1465 4148 322 1380 1574 633 2587 4481 2326 2417 1613 2091 2649 4889 3677 4922 3519 2718 2430 417 2329 2733 4263 2441 4041 3982 3504 429 2059 4893 1443 3954 2618 3574 21 4054 4424 608 2984 398 3656 293 2524 1600 1321 3442 4733 1462 3580 1390 4920 3505 1119 2839 1978 1454 4266 750 694 2572 1888 2350 458 1992 582 662 3792 890 557 1900 3517 3044 1679 3377 4434 1034 2036 2481 913 4876 1640 3993 3015 3923 4609 2666 129 4438 696 1820 2028 1890 1044 2608 1907 2097 650 2394 252 4422 15 3164 1788 3479 2442 4904 1728 2516 2195 4406 3918 2782 4384 3060 1819 4429 2379 872 4133 4726 1874 1842 37 4965 4390 2618 3113 2176 1764 2765 1976 3001 2290 3601 2707 2400 2106 1926 2182 3242 2557 1803 3773 3096 3811 4904 696 1865 3842 3147 4195 4364 599 219 2158 4419 2238 4622 1305 4771 1245 1561 2860 1968 337 527 1127 3342 3132 2443 4378 2738 280 3429 934 4936 1045 66 1847 2701 2054 4853 3001 3341 3809 4657 3287 1524 1475 4597 4603 4013 3885 3938 2326 943 2409 3893 4646 3373 901 3833 4594 874 2553 1796 946 1419 4616 1077 3954 188 4892 4702 2519 3070 2950 2058 2175 960 425 32 1153 3020 3716 1282 2946 3045 2840 4623 263 193 2429 504 172 2499 1967 4718 2445 831 548 3435 4330 4319 4402 1352 988 592 830 2862 2472 4139 4106 2973 1631 1383 29 2640 1750 1909 2021 701 482 4859 2773 1199 4503 1862 3729
