N: 300
M: 60
Symmetric: true
Triangle: false
3 21 231 244
4 254 146 66 51
8 30 90 14 232 160 103 163 93
4 201 264 175 168
3 234 279 63
5 294 293 195 202 104
3 43 133 138
6 157 240 40 112 275 48
6 85 125 167 100 212 144
8 137 155 211 238 42 161 142 88
4 290 280 16 86
2 214 131
2 164 259
5 166 172 113 276 76
4 143 97 57 53
4 12 151 101 233
4 44 1 122 145
9 256 67 209 242 105 149 226 7 261
6 260 188 277 221 147 118
2 181 249
5 82 117 174 5 239
10 222 297 33 230 255 263 84 95 171 94
8 241 109 18 2 169 29 32 154
10 296 299 135 247 170 213 292 141 153 177
5 182 253 24 52 41
4 224 184 124 38
4 173 92 58 278
1 127
5 68 45 81 20 17
5 204 111 19 35 250
8 49 196 36 50 114 11 162 116
5 186 282 152 251 115
10 197 96 34 178 77 265 217 252 288 295
4 159 205 128 107
5 248 180 228 136 192
3 267 139 191
5 54 227 148 156 140
3 189 150 207
3 87 269 80
6 179 39 194 120 69 13
5 176 165 6 285 15
3 183 203 110
4 262 37 89 187
4 4 59 130 272
2 218 64
6 8 70 102 236 229 72
6 132 246 22 281 271 225
4 3 56 73 190
2 235 266
4 27 185 9 300
7 193 108 60 106 91 219 121
8 119 123 23 257 199 134 287 25
8 47 129 10 75 61 223 78 31
4 245 237 274 99
3 74 243 220
1 291
7 26 270 286 98 158 62 258
9 216 206 46 55 83 210 289 215 79
7 208 273 198 28 268 65 298
5 126 200 71 283 284
1451 308 1263 2766 2490 4778 1698 1900 2279 4905 4653 1732 2693 4308 4925 815 4084 4686 1703 448 4821 2808 923 299 2437 831 3962 1800 1786 2254 3649 836 1852 1385 2923 3025 2873 2954 2942 2799 585 1548 1933 1659 1115 1809 2009 3568 4805 4311 2145 1294 2950 979 4107 1229 4663 2772 3015 4722 3090 3572 4760 1102 4768 3660 3218 3115 1427 230 812 1730 202 108 3083 4247 1691 2292 4193 2621 646 3111 1292 3215 307 4804 720 349 1499 3094 2376 4232 1199 3832 4642 1792 4936 4948 2633 2315 1552 3275 4492 935 2702 4053 492 2664 2148 2076 4933 1451 4353 4557 3425 175 3846 4556 3845 1788 3635 2754 2893 2467 2946 2573 618 4982 3251 4042 4724 2334 3004 740 1173 1676 2044 3304 4917 2474 1678 3076 4889 4532 4269 2816 4145 4203 971 4994 3289 1946 847 2726 1073 1908 4895 2008 2897 2087 4637 779 2380 2294 57 3293 4514 765 3855 944 3157 3747 2261 2918 2470 943 1834 2911 4684 1100 2190 4708 4141 1240 2707 766 329 445 2975 1279 231 1474 2386 2990 3680 3908 1836 4956 2120 1558 2336 3960 659 2008 698 1678 1502 1389 3582 103 968 3794 2490 577 361 4379 2195 626 4113 1547 3952 2652 4294 4715 1344 1876 4296 1727 2033 3578 1509 3155 64 1819 4529 1626 3193 1308 3081 2058 3082 4910 3081 3449 4114 2613 1943 2281 2954 2812 2261 2038 4224 4190 2866 3179 663 4601 3066 4471 2354 901 1225 3451 152 1289 3478 3115 3354 2287 2006 603 4283 519 1486 3396 3931 4685 1855 3638 3595 1957 1709 2668 3387 3441 1860 236 1412 1078 2144 562 582 3915 2615 365 2385 1528 1805 1381
308 2893 2253 918 880 4910 3336 4862 4116 4809 2749 4966 562 3548 1679 4345 4044 954 3448 3316 4007 526 46 1804 3148 356 2310 1450 3039 621 1990 1087 1511 4597 2829 4669 3561 4904 4442 4924 1449 2361 2556 2466 1885 158 4033 1998 3404 1286 1628 330 414 1225 2345 111 1256 3044 4979 4339 2121 1877 1525 2588 228 3729 3394 3881 2137 3072 3891 2546 3979 1248 2843 3436 1776 2508 1691 2312 1664 4325 4237 197 4099 2916 2027 1274 1216 2351 64 2136 1178 3010 3277 3594 4505 4227 4051 1962 23 3241 4739 1225 1946 4976 2358 4770 566 353 4769 3762 4962 115 2257 3723 3111 1454 3329 4674 1745 4335 4126 56 3743 960 2129 4108 3386 3604 4239 2165 3053 2804 1540 3436 3513 4767 3338 3540 4007 3473 4540 562 1428 3637 2244 2697 1086 3079 2115 2294 3138 2259 1082 469 2084 1452 3614 2536 4679 1217 183 2292 962 3321 4695 4071 1140 4163 3889 1162 4409 2358 1207 103 3609 4753 2454 3474 3060 397 1590 1586 4266 4229 2123 2279 2834 4298 4129 894 4258 3293 3037 703 710 4040 298 1200 1685 334 3053 3085 1219 1748 1553 2397 3747 3187 1774 1479 3593 3484 4617 2801 624 1052 3715 2178 725 2111 2062 3329 2450 1406 2343 4046 354 4046 4551 285 3372 2035 4877 2419 3302 1677 4165 679 1812 3721 2505 2638 4433 1394 1873 2212 2802 3780 1997 932 102 747 2517 1740 468 1697 943 3161 1478 1463 678 2193 2470 2494 57 4103 4935 4860 719 4144 1266 2239 1324 175 3789 1999 2603 4727 1830 869 3915 3224 3875 4977 2009 1251 871 4270 1066 4776 3135 2614 2440 276 1931 4038 4145 4536
1263 2253 3228 2256 1057 133 1799 1703 2284 416 2120 1411 538 452 2496 2753 4039 2062 1408 1807 1338 1880 4028 1384 1322 4015 1750 3277 2663 2394 4617 4601 686 3818 4050 1415 4859 2703 3413 1887 2845 277 263 860 1730 3955 3666 4423 4764 2006 3729 4231 2576 4884 768 1214 3447 1177 386 4038 1493 3856 2835 2451 1017 2444 193 78 3195 3346 478 3933 4291 91 174 1457 1950 2325 1106 2953 4899 3505 3661 1014 161 1957 1639 4411 974 2979 1741 3215 1374 4216 3293 3760 2816 2451 2598 3813 676 2509 2137 3576 3672 3749 2870 2497 4255 1644 1386 2501 34 1112 4673 1181 3886 2433 3124 3864 4210 2185 409 2735 64 142 3067 4458 3291 4356 3054 3212 971 880 2020 2594 3691 3796 2998 2048 1751 1422 2402 1728 942 2022 457 3370 3035 3440 769 1536 1514 4408 4044 974 324 606 4950 3756 4049 2253 4978 3092 1048 2132 943 2387 2273 758 3595 3411 2401 3535 1518 3215 40 2521 2746 4101 2723 4251 2428 3048 1950 63 2684 424 2719 3023 4056 297 2862 3896 253 1233 3618 1470 1582 3973 3713 3301 531 4775 3363 4845 369 2024 4475 3084 3179 1298 130 2715 1990 681 4494 578 224 2646 4525 1067 3518 2968 1048 1920 2733 2191 4237 1607 1339 1896 845 2308 1360 1284 3252 3038 4598 1788 3754 3913 3639 1633 3097 430 1363 1076 4961 2711 4918 358 1473 3894 4906 3355 2234 2640 3533 3253 90 3064 986 4364 3783 4581 3548 618 1802 3278 3220 3452 2560 31 789 3742 1411 2699 2139 1922 1419 2328 2579 3184 4350 3959 1270 2254 3365 2187 1960 3570 3153 4748 4312 3022 1706 3642 32 230
2766 918 2256 4475 1291 2211 3564 1341 4307 1315 2224 107 4657 1410 4952 3498 95 3932 533 4040 4517 1293 4681 216 2189 2704 3033 4139 1484 3073 3749 4542 139 2566 2842 3001 3898 126 4515 21 3044 2539 3470 1253 2460 2773 4750 3351 4017 3334 1302 4729 4275 3500 1562 2194 2844 4674 1841 4803 484 4974 4012 794 3054 3197 672 4364 4846 4202 1255 1014 2950 4171 4346 720 1670 2217 3715 145 1541 4379 2854 3599 2606 2253 4547 1387 3035 80 4626 13 3646 1823 1755 3121 2993 2512 2789 4370 1983 1840 4220 707 2147 146 3697 3437 4245 2837 3105 618 4053 2437 4773 1225 3853 1910 4032 1105 1064 636 3861 3900 2391 539 2306 3755 4561 4217 4885 2717 3092 3979 2975 319 3832 2015 1974 3762 1269 88 4970 2036 2391 736 4903 1408 2093 181 2582 2370 1377 4094 2204 2388 2869 3016 3478 3360 794 938 1442 4398 840 2687 356 4489 4499 3976 1716 57 3618 1924 2619 2494 4726 414 2886 3585 2133 3863 2862 4405 3922 2733 2302 2914 3071 1192 56 731 3871 602 507 4550 4807 340 2492 2917 316 1728 3319 4817 2055 2712 2492 474 4952 495 993 1227 4214 2259 1808 1876 394 4540 921 40 4503 3688 2182 4584 1039 1548 534 4839 844 2578 3763 2080 4169 169 771 1589 204 4692 2024 263 3459 4043 1516 1144 723 3907 3530 1143 383 3028 1706 450 4244 1426 1660 2814 1796 4398 1078 1806 2015 664 1259 3259 249 2175 3295 4870 2008 4194 4576 3303 1395 613 3548 700 1280 3579 794 2924 4354 1882 2612 1026 1247 1661 3559 172 2725 164 2980 1470 4980 1055 2484 81 3119 2668 2566 2427
2490 880 1057 1291 3690 4599 3234 2942 545 1639 4661 278 1223 2681 3103 1647 3539 3714 3356 3454 2627 390 4807 936 746 739 2866 4570 3433 1334 1843 4595 4459 546 2814 368 100 851 2297 283 298 4238 4376 413 1676 1801 4924 2725 1571 3854 4621 1879 3462 1568 4594 4553 2620 3276 4403 3765 2783 1221 2611 2159 3502 3977 2606 1242 808 1047 1742 3064 1650 593 3210 4552 1206 1417 313 3717 1615 1082 3633 684 419 232 1379 2887 3246 1313 3972 3062 1008 1109 4270 3335 4257 1987 398 3117 1658 4390 2190 2026 2498 700 1930 3656 2658 4677 10 3316 161 113 2510 3062 4399 2438 962 3172 365 3779 1698 4963 1347 2791 4958 156 1196 4086 939 323 4154 3582 2376 1735 1521 169 3988 4009 2921 3488 520 2995 2868 2911 1116 3348 718 60 659 2751 1797 3866 2588 3670 204 2691 704 1874 159 419 4630 2556 2012 3269 3681 4418 4829 4996 978 4312 4416 1591 2465 2114 101 4371 2470 477 2002 1529 2939 4705 2618 4533 2276 3996 1474 422 523 4326 2484 2579 3704 2849 2195 2142 217 3402 3035 4790 1832 990 3584 3192 905 1494 3594 2255 1455 4974 3145 3584 4314 4077 1650 1621 625 1816 4614 1053 4585 3423 4154 2560 2648 3365 2822 2761 1950 20 1601 3380 3505 4230 3789 4007 2897 4590 1365 2969 3500 2930 695 4859 4053 3785 4779 3794 3416 3616 3019 446 2169 212 1604 2961 1515 4527 3168 1484 3119 3538 316 2751 4666 3774 2644 1322 3450 2082 3009 333 4736 1333 4684 1297 2364 3906 2885 1940 1792 4577 3458 1734 1310 576 2053 4171 4086 752 1508 2921 4897 2118 2948 604 4469 3285
4778 4910 133 2211 4599 596 2633 3240 2989 3914 836 3839 134 4263 4950 1365 3913 3500 3381 2110 4670 2813 2751 1253 2185 2088 2202 976 1850 76 2583 1841 2214 2400 4893 264 3266 3380 2586 4272 539 4352 2119 1357 4464 2536 3018 3964 3185 2027 4323 4435 1077 4705 3186 2621 3699 1853 1010 4852 1702 1449 2161 4261 4719 2253 3943 3677 1237 571 2484 3920 2356 1168 3981 2693 855 3279 1902 1753 567 4307 114 3999 861 2953 3125 1674 4821 86 3830 219 4505 635 956 1912 988 3675 3418 2771 1298 1767 3549 1008 3045 3636 4214 3693 1917 3185 3863 2900 946 1515 1566 2503 1636 1893 3313 269 3448 1846 3938 4890 2912 543 3295 3642 4891 2833 1410 2398 320 1500 225 1897 2606 2608 2093 2725 1882 971 4395 4046 4620 1171 2144 1375 2260 2591 4359 1634 683 575 4277 3301 2998 2914 70 378 3190 450 4388 685 1857 3853 3389 3920 3979 34 1286 862 4282 2833 1240 1864 4604 4823 504 2095 3782 2647 1579 480 846 1152 2833 3049 924 3589 4776 1740 784 2330 1067 200 211 2993 13 4257 3369 4968 1857 652 4507 1831 3176 504 233 4797 3074 2960 3725 1049 1058 2906 2371 4602 4451 4305 783 3448 2130 3467 3584 4792 2502 4402 1282 775 2368 556 951 525 2414 3024 4347 3338 2672 104 168 4312 3057 4672 1646 4156 3138 4454 1203 3984 4117 3314 2198 80 2550 832 2022 2687 1527 2518 243 1965 3327 2541 1894 788 3236 2244 3526 2794 1571 4927 698 3306 1872 2844 1324 2721 606 2860 1064 200 3014 3688 1618 4133 3896 587 1558 3108 962 3536 950 4880 2123 3098 1568 3872 484 2447
1698 3336 1799 3564 3234 2633 2270 1761 854 2587 3805 486 4786 4104 1823 1165 927 2233 2634 1052 3574 1481 862 3344 3991 1550 2606 2396 1822 3732 1938 4913 4968 4170 3342 2952 2284 2918 656 1425 1821 1393 2909 3314 1911 4707 95 4466 3848 320 2866 550 4810 3869 899 4519 2695 143 3053 1111 4885 46 3231 4960 2199 3550 552 3547 634 3447 4168 1815 1546 4171 2638 2169 2812 2191 824 3225 1519 3406 3101 3383 695 4938 621 731 1019 251 644 3430 1618 2163 2911 692 2500 4031 3297 4721 2661 3611 591 546 4176 2947 2427 1378 90 353 4141 3527 4587 1614 22 1058 683 2421 816 2126 466 2038 1434 4481 4907 3219 2168 2364 4396 460 3918 1220 3793 3397 1901 1245 1029 1002 2359 961 598 1348 1052 55 191 3724 1257 4879 3066 4337 2645 461 2354 1987 3218 1598 4902 3044 4339 4720 812 2736 4078 4773 4154 3104 38 2485 4546 1025 3137 2440 2382 4752 599 4456 353 4762 1275 1199 2243 1031 1774 4822 349 4277 1581 2088 4489 3506 1679 4152 2964 163 3786 1274 2723 3486 2247 1343 4680 4023 3321 430 4223 2138 2891 3433 4065 3941 2458 4847 1706 4008 4260 336 225 1861 4868 4377 812 3964 4200 3225 767 2571 3931 4872 3383 2079 1197 677 509 781 4016 3083 2757 3615 1932 3956 1717 1229 2841 2573 1968 2734 4744 287 4320 72 1574 3966 1580 2036 2103 2265 4903 1690 2627 2756 153 3664 1918 437 4165 1634 1027 3557 2126 707 1412 2899 4875 3726 3965 645 4226 3427 1985 4283 3223 4413 530 2288 3743 2278 4899 2443 2454 4888 158 29 4608 2791 4340 4302 499 2368 1899 4620
1900 4862 1703 1341 2942 3240 1761 3038 1213 3722 4898 3258 2450 2053 2123 4992 3876 4543 2009 3410 494 1881 3794 2048 362 4174 4577 3419 1976 2187 4100 3366 1794 2442 611 3110 360 3184 2385 4450 2468 2618 908 128 3891 2301 2868 1505 2595 4591 459 719 3253 714 1635 3335 1309 2291 1919 3031 444 1122 2513 3287 4131 3015 1265 4652 1247 2637 1949 3664 1529 243 4589 2918 989 2468 3855 4941 4226 1316 2925 395 3048 3104 4007 347 1629 910 1802 646 2949 1090 3829 2631 3142 1514 3581 116 961 4368 1458 1424 609 2098 2110 4782 1221 1544 3531 1475 684 4992 1464 1199 4343 4137 4202 3263 3290 590 4121 3887 3443 1002 4651 2417 1276 2513 3666 430 3433 3292 1791 4979 4287 2676 3403 931 3102 1389 3239 3567 3198 275 3851 2125 4704 4964 4038 4575 2216 3153 4346 4561 4132 3891 2698 4724 3247 1967 2243 1806 2928 106 3492 1072 1890 2336 4638 2117 2872 74 4918 4002 4979 4872 2238 3561 3762 3284 162 4792 993 4821 696 3103 4289 1256 1664 4346 4792 2993 4955 3697 1165 4963 108 171 1971 545 4169 3960 2947 520 197 1035 4314 2422 428 2760 1993 3211 3313 2488 4884 1584 4856 681 836 1172 1490 2460 1879 418 4547 874 3535 279 273 3772 2836 1101 2353 4879 2495 1553 4864 820 3573 899 2897 4318 2561 4642 2416 141 3114 525 399 3470 3947 3095 2244 627 2165 3361 464 4630 4304 237 144 4896 2815 2235 88 1999 2779 893 2452 1668 4351 3439 4514 4300 999 1098 1474 4496 770 2260 123 3177 1490 1429 3196 4710 2500 2114 4190 505 732 2256 2422 182 1558 821 37 3682
2279 4116 2284 4307 545 2989 854 1213 1226 2847 3153 4308 3145 2140 607 3125 4948 1664 2990 3185 3776 3691 757 484 2394 2640 3992 1842 248 4064 1498 3383 4295 1554 1832 580 1332 4720 1669 185 1561 1954 4193 1516 52 1921 1005 4507 2829 2890 648 4277 1306 4247 1972 1672 3121 1926 2919 4808 1491 3360 1478 1412 3861 3111 3119 2417 3698 2803 106 3267 920 2828 2916 3860 3184 3179 276 1856 3889 2983 588 1315 4950 3605 592 3703 2480 681 2935 4472 2409 4496 2677 3230 1012 1318 2298 74 2577 2531 2690 4360 4871 1888 3921 4231 4027 521 1249 272 1008 301 3839 3351 2976 929 563 374 2737 1695 4546 4727 1753 1311 4765 3733 4880 2126 1798 2437 2023 4085 1531 359 1418 164 929 1694 2311 4656 4934 4708 4479 1135 1690 4845 2466 1550 422 1329 57 3180 4850 1402 1910 944 2913 4938 3524 3604 853 447 667 1710 2158 2381 1789 612 2303 244 4963 3431 470 1208 4412 4142 1676 4816 975 311 2755 3314 2333 4555 3394 4392 373 2880 1595 4342 1754 2461 3234 3667 2500 1721 1731 4044 2918 3066 1169 4096 2768 990 3402 2676 925 4009 124 1655 1336 1476 3011 2087 416 4035 1455 4159 822 2821 3051 2359 632 3613 1128 2861 3478 511 2787 1772 430 4267 2998 4694 4254 2895 4040 4884 3590 257 4913 4463 2607 4219 1591 892 4608 2450 4872 1738 1192 1115 1723 2374 474 740 3599 2237 3729 4430 4762 2908 375 3477 166 4953 1258 251 2176 4712 3856 2390 2983 2605 1413 3209 2705 1257 2648 1878 806 1510 631 77 3184 3482 2066 592 932 2710 4080 1156 360 4466 2369 1517 754 1930
4905 4809 416 1315 1639 3914 2587 3722 2847 4008 4804 4314 60 1405 2173 3965 1118 2586 4283 3140 3295 2296 3088 4680 777 3397 1487 3396 69 2252 711 2068 3163 4318 3662 173 4531 4792 3706 4318 4434 4435 2492 2304 2751 4317 1853 3499 1484 553 4424 1132 1011 3417 4599 4932 598 3194 3393 174 261 4116 1623 541 1328 3469 3753 2206 2756 588 4498 4663 2025 3096 3295 4363 967 93 2379 1333 4326 3016 2662 2016 4623 1598 3116 1876 1101 4612 965 2300 1944 3990 149 4132 2577 1604 415 802 4324 336 2358 2390 1003 4468 3744 2614 1220 1152 134 2221 2634 1560 683 577 4701 329 441 1095 2330 4194 1242 3301 4637 4457 1595 1330 4686 4290 1210 2210 4912 2112 444 3891 68 2163 1233 4639 829 160 1603 2618 1387 2263 3163 2197 2379 4063 566 1731 2730 1421 2095 3684 2741 1755 4683 3949 1221 2002 3019 2839 1072 3337 3082 1008 19 2427 1383 1877 4275 1198 1275 1854 925 2248 1934 4467 1512 4874 2094 3005 3966 3000 3659 4505 4514 3196 887 1939 2212 1545 3352 1257 4647 556 1816 4306 4371 2791 4997 2142 2605 4338 4614 3118 4105 2422 285 3631 2649 3974 1087 2110 548 388 1381 1846 1952 1536 1685 2392 1304 1423 3621 3789 1577 854 1544 386 4184 4679 4771 3063 3674 583 4234 3710 1373 2265 2679 1174 1066 1638 1273 1068 453 832 4513 303 2654 857 1065 4421 2138 674 1338 4371 4524 2598 2343 3007 4278 1699 1634 1018 265 446 1287 4208 1115 3253 4593 3664 561 638 3975 1498 1548 4394 2197 4134 2643 1895 886 3492 3173 3939 2858 1920 2723 4882 3552 1261 4902 1149 2518 271
4653 2749 2120 2224 4661 836 3805 4898 3153 4804 583 1943 3575 4599 554 1330 1886 2241 4777 183 2647 4920 102 3438 4480 669 366 3246 2578 3291 4943 2324 3271 917 3346 3930 464 2697 681 1300 3192 2214 2052 440 3381 3441 1493 4912 1352 4345 262 326 1121 1864 67 1800 2709 2701 2531 1567 445 178 4833 4049 4235 1862 3217 2088 4654 449 1540 1666 2700 4229 192 2473 4071 2944 2505 1921 2396 4744 2307 1938 3723 4075 4863 1288 2194 3412 2864 265 4251 2656 3450 3622 3224 2658 542 4465 771 2964 4675 1058 4031 622 4923 4193 2196 2080 785 2240 1231 4387 4422 4101 1438 4962 3279 1717 1605 4486 2099 3483 1262 2486 2920 3240 1270 2116 1386 3118 4524 4400 661 2696 4688 2123 1139 2601 1508 1479 2363 510 1875 4415 1382 4786 2732 3399 2741 4608 4999 4870 4458 3293 1701 2992 2332 2287 1858 3479 2060 1734 3190 3138 4075 3714 763 3113 11 1571 4302 1379 352 276 732 4167 132 3930 3129 2093 2707 2649 2055 882 894 2970 4883 3431 4517 238 3731 576 972 3459 3922 3085 885 3070 288 3192 3681 2080 286 4948 2980 702 4359 3611 2050 3529 4506 3231 1094 4992 4889 2968 3977 1859 3301 2893 2542 848 1109 152 2213 1546 2597 3844 2404 1332 2523 4949 3471 4794 1304 1824 3029 1144 2387 3389 2343 3992 262 321 2353 2660 442 1247 3822 96 4961 1994 3024 981 702 2052 2130 1274 97 2523 726 601 3999 248 369 4340 3448 3325 437 1024 3327 4298 2593 453 742 2631 1476 3818 1186 2082 4154 2412 3035 3660 4134 3272 661 4999 3894 812 3435 82 4744 3342 2587 4056 3886 4634
1732 4966 1411 107 278 3839 486 3258 4308 4314 1943 755 827 3068 1840 1329 1912 2399 1021 1759 3333 604 2170 2607 1962 861 3305 514 4764 1124 2317 4136 2997 1982 654 1270 2592 2047 1926 4392 3107 3734 1551 435 3729 4662 444 880 561 664 4045 1950 212 42 732 882 1055 1885 867 3714 1215 2951 1551 2906 4058 2871 3032 2038 1513 550 945 3191 2320 675 3069 1204 2204 107 590 2535 653 3866 1203 3096 4269 3893 3869 3379 3941 396 1076 403 2067 4562 2334 4560 4551 976 2216 3380 826 4254 1503 614 4644 2597 1597 4166 1561 209 1587 4690 4449 2806 2529 4981 714 1262 58 672 368 983 1761 1673 2054 2247 465 959 4222 3964 3924 2173 1889 2039 4765 2908 2824 3887 3445 4807 3237 3927 1852 79 138 2446 1902 4337 2107 4924 866 4641 2923 4603 3185 1278 1323 874 1352 1973 2444 1662 323 237 2521 1403 4163 1822 4835 4473 968 3976 2330 997 1750 4506 2299 409 3525 1272 3059 2545 2698 285 138 2004 2858 4722 2438 4223 2766 629 2082 1378 265 4874 3461 4919 2535 2793 39 4640 2604 227 1753 4628 3140 123 4543 1533 4919 3689 3319 3094 1323 4089 1019 2788 3330 4981 4775 1647 2504 4619 792 1989 4966 3215 3944 2699 2863 2798 644 4734 1237 1175 3230 587 4674 4851 1129 2807 3728 3821 3317 877 1809 4221 1198 4477 945 1209 1302 3720 2630 447 1439 4917 1213 2829 275 3306 2408 932 83 3311 2145 1317 2386 2818 734 3783 4063 2734 839 136 1354 707 4259 4297 2310 3339 2022 3300 3617 1152 230 2550 2817 602 1352 2935 4538 3139 4642 3101 3195 4587 772 127
2693 562 538 4657 1223 134 4786 2450 3145 60 3575 827 3283 2496 26 2308 1598 1839 4772 319 3138 3582 4676 350 2964 1538 1370 2513 3740 4337 3446 2370 3202 1268 3590 4863 4626 3357 729 4868 1751 4563 2632 4073 1833 1269 1862 3756 4676 4928 1291 3969 131 761 2574 2053 793 2059 4786 2471 1250 1199 763 3727 4146 3610 2540 2803 3750 3252 686 1599 1941 1576 3162 757 2416 2667 2638 314 2265 3401 4605 1843 2830 3952 4719 3761 3248 4920 254 2491 4122 1752 2017 1297 3926 921 3025 740 4075 1962 3504 3889 1577 1883 2735 3685 412 4182 3328 2969 1432 597 2727 4478 4319 3190 255 888 117 1445 2831 2524 1311 4709 2133 1193 1023 300 4115 1201 3906 4684 1668 2862 3739 3359 2674 4038 578 3896 4316 790 2675 56 1776 2314 4294 339 1659 2457 73 1622 4991 1283 4317 4683 278 4833 307 2907 1378 437 3789 1700 2674 3391 1517 1163 3181 1367 3919 3125 4639 4424 2864 2658 4253 3932 3908 2501 879 1492 1001 2175 696 3537 398 546 3034 3683 63 4770 571 3557 3752 385 3309 741 707 861 2413 3229 2137 2104 1840 1597 2726 2912 1541 1512 2743 3229 1126 4815 3630 4109 2190 1835 163 971 1822 203 2173 4456 3029 1718 4477 965 3057 4073 4699 4204 1866 416 1306 976 4613 748 3793 2527 296 750 3603 3571 3143 3865 1598 4817 1030 350 4833 4094 2634 4029 4873 3233 4076 1336 3402 3055 3352 4497 4025 1799 2178 4790 4726 2629 1251 3420 3788 910 1075 4153 670 4166 4131 3287 3525 2024 4998 4413 4969 1006 649 4556 1479 4658 3492 3931 2435 613 241 412 2448 1684 4498 4221
4308 3548 452 1410 2681 4263 4104 2053 2140 1405 4599 3068 2496 1015 740 2556 1147 4388 815 1041 4093 4494 3030 3766 2268 3736 2545 4336 4162 4130 2698 73 2700 801 4595 1050 1764 294 3123 680 4830 1995 207 565 4205 3280 1270 170 419 1318 4315 651 725 566 1883 1489 1441 193 4341 699 402 4257 4229 2380 1396 961 904 837 3256 506 196 4425 3350 931 4626 1529 921 4902 2388 4014 1586 4286 1811 3029 1100 237 1898 2112 549 3761 1626 2570 2826 2302 1782 3038 1243 1520 880 78 4473 4572 1822 3244 1826 4480 3536 4931 286 874 4596 2900 901 589 1855 1608 4767 727 2335 289 2020 2613 1596 2911 245 1291 4064 2078 4085 4545 2262 2619 3112 1074 3546 2094 3477 4237 3962 242 4772 1830 3114 1036 2579 745 1032 3121 3666 1691 2824 1943 512 4824 4709 2675 4676 4868 601 570 2646 2439 2103 1881 1979 1249 1829 317 1292 4654 1128 4556 4609 4693 3163 755 3798 2886 1718 3115 4126 2921 504 2354 4743 1768 4024 817 1876 2934 3973 4613 418 1876 2539 321 1718 2503 3801 2971 1519 3508 2289 201 1337 1217 235 181 2902 2984 2640 1552 2049 551 712 1660 3061 139 3837 2511 1768 1100 614 3469 1946 2034 3149 2504 4294 4932 4242 3205 647 4664 1751 2471 2328 4214 4124 643 2127 4741 3339 641 2686 786 2311 381 863 276 1016 447 821 4602 268 367 2742 1948 3780 184 3238 1320 4137 2178 4184 1416 3801 4603 2361 3018 4955 2758 555 2923 212 2745 1540 161 4033 616 4612 147 1032 2382 3685 687 443 4695 1348 4016 2156 628 3336 1095 129 3946 555 1377 3751 2327
4925 1679 2496 4952 3103 4950 1823 2123 607 2173 554 1840 26 740 352 3594 2344 1807 3784 40 3171 2495 1405 346 4244 1699 4721 708 4683 1035 3551 3134 2348 4955 1642 4896 4664 2933 3226 3872 422 4286 414 805 4685 1982 3468 3471 1351 1607 1204 552 3347 708 3493 2433 2890 3829 3964 3636 2781 442 1656 4130 1728 4934 2971 1340 1950 3274 3770 2536 2633 503 2345 3797 4205 832 4228 4929 896 3879 3917 4803 4724 2565 933 2844 2918 2744 2709 1486 3918 4460 3575 937 2053 4315 2208 1799 4502 4002 279 3614 819 75 2861 178 1984 4366 4726 2111 4461 4741 230 3561 4593 4254 2483 1471 4466 2755 2203 708 1655 3821 3944 4651 2208 2740 4492 4755 3798 3374 2377 4672 4410 623 3176 2929 801 291 552 2471 4772 3482 2077 624 1700 4654 808 2906 789 700 85 178 4632 793 4524 1333 2199 2509 976 4493 3084 736 2626 2291 217 3209 3329 4856 1721 958 2399 4880 4761 4599 783 37 3065 1243 693 3407 3781 4855 1414 699 2604 880 1828 2680 850 1690 1960 3246 845 571 698 4604 3840 1559 3301 1580 1920 4112 3879 2909 2376 3738 2401 4912 3169 2231 1848 667 3693 4145 890 4739 998 1511 4730 2804 994 4719 4953 3569 4763 1548 4941 4890 3907 3844 4754 4283 2014 699 525 4841 2623 3030 1427 2799 2089 3066 3420 4306 1609 1034 2819 1888 668 3022 2312 115 3772 4001 825 1829 127 1915 4881 603 2999 4809 1298 1200 2637 867 3907 919 3529 2251 3428 3956 1540 4550 2340 539 3081 2256 3952 3106 383 1356 1348 785 3634 1535 2788 4157 3695 920 3297 895 630 2807 1042 424
815 4345 2753 3498 1647 1365 1165 4992 3125 3965 1330 1329 2308 2556 3594 4264 2477 2084 4583 4656 847 1240 2045 95 1023 3910 400 4296 4252 460 3265 3409 80 4867 3460 1006 4443 3682 2494 2370 1237 3110 2353 4517 4876 1778 784 2981 4528 468 2769 659 4825 1583 241 2156 1599 4662 881 166 277 3943 929 311 3246 2226 4489 4465 2584 2299 4084 222 4513 2823 436 324 2486 2769 2121 918 2223 3591 680 4317 4372 1310 3179 1904 1603 1558 2861 4143 4378 1125 1206 1485 3744 3305 2775 2893 2086 73 843 418 2103 51 3031 456 2258 3198 613 55 805 2085 1865 4428 4764 1342 3952 2192 1277 2756 2710 3166 3737 1630 2929 158 3337 459 4408 2439 2276 2959 3387 4112 2945 4913 4683 4259 2798 2538 2431 3036 1132 1563 2670 4304 1443 4570 2041 1978 3361 3781 152 4845 2930 3153 3116 3896 1192 483 140 1022 620 3634 3435 4848 4270 4261 1197 3760 2288 3306 2265 2212 2384 160 1508 1364 2949 2642 3046 71 1351 1332 1793 3694 3619 4319 3169 3625 2806 3539 1931 1905 1022 2904 146 4011 3469 2017 70 3690 3224 4814 3986 2498 4483 1692 2226 4450 504 260 4400 3765 2918 2407 3197 3882 1633 1325 688 4912 660 4379 388 2839 2073 3429 2171 2029 427 4877 3803 1822 180 3073 2720 1094 565 4456 4171 1230 984 2090 3969 3556 3747 4808 1608 1612 4181 416 1415 71 3655 4396 784 141 4432 2744 1357 1961 3966 1163 1821 4229 185 1426 761 1534 2359 3175 919 4039 318 1125 2531 3375 4163 4543 2952 1785 1111 956 1280 4486 1895 441 3966 1914 162 329 3280 659 3767 1649 3855 2314
4084 4044 4039 95 3539 3913 927 3876 4948 1118 1886 1912 1598 1147 2344 2477 3553 4044 1217 3565 1081 25 2721 4957 4720 2498 3672 4836 2571 998 3193 1035 1435 3749 3592 3618 1729 4128 1929 3620 2499 1939 4398 1930 2420 4594 554 125 1530 4470 4389 2106 4679 3469 2192 4817 2780 3110 1430 2750 4864 4107 3474 2749 1770 4504 4129 1089 1746 1561 1362 3428 4553 2042 1841 3423 1237 1807 1703 423 2129 2736 3008 4779 2217 1515 1601 92 2710 3443 4720 539 4989 3459 101 661 3938 2762 3484 4130 3995 954 1157 3300 2907 1550 596 462 4704 566 1078 545 4943 4957 2933 1041 4664 1567 74 2550 499 4686 3494 4520 2651 2856 3777 554 3481 3147 3357 1077 1298 2179 4351 2468 1617 1160 49 3751 4869 1922 3746 451 2127 3154 1791 1917 1351 2111 826 4357 1906 2199 2579 716 1963 3174 1968 2028 1732 578 1334 4207 1788 296 4426 1831 2019 3476 1618 819 4721 3476 4837 3546 2020 1070 3868 4613 3519 1198 4134 3646 4229 4486 2706 2440 4491 1065 202 1039 2120 579 4615 3663 4634 4343 549 699 1359 3782 2030 3788 4368 597 4618 4016 1980 41 841 1023 4385 491 3455 589 1787 1819 668 3091 1681 4410 3942 4838 340 395 2828 2360 4594 2152 3424 1980 2034 332 4414 4742 780 4241 4118 851 4582 3861 4553 4903 339 1159 2200 3505 3778 2543 1078 1725 1557 452 4187 1411 2868 2727 3967 520 2196 2366 3420 617 3168 1907 4305 3159 4055 1012 2854 2144 2711 4339 1635 2808 3906 2572 835 2376 82 1954 2647 4994 4696 2698 2895 2968 2845 1814 1580 837 2784 682 576 4107 4826 2398 4288 3191
4686 954 2062 3932 3714 3500 2233 4543 1664 2586 2241 2399 1839 4388 1807 2084 4044 3429 4131 3132 351 2929 611 2293 4568 972 3768 1089 3639 45 33 2461 4663 2226 3598 1255 1059 2453 2377 2696 1185 1068 3192 4130 2601 260 3719 3743 4728 955 3334 1079 3864 382 431 1938 694 241 680 4582 3148 1162 3648 1411 1613 3195 3165 2482 942 1666 2811 3689 180 4968 4160 2682 3967 121 1978 3711 108 4144 3008 3792 472 258 280 2868 4381 3946 4281 1288 466 1065 2307 4234 2138 465 2151 1201 4441 1495 3330 3186 2457 2528 4905 4544 1700 548 2699 2986 4762 3527 4534 1387 160 703 2207 1941 2672 4728 1193 2999 3271 756 2045 3323 4907 430 4524 880 2330 571 1589 1028 3480 3753 4086 3116 4978 4635 573 997 1488 2267 4986 4396 1955 376 2444 1934 607 2780 3448 465 1424 1753 188 2033 874 3414 724 3387 465 553 162 3654 3789 4552 4026 1302 3350 2215 324 696 3906 1331 1050 72 142 1152 2838 3206 785 4407 1103 2840 1414 2243 633 92 2631 4197 824 2377 2047 309 3953 4875 2741 1997 1252 3664 239 4144 1449 3857 2160 973 3103 929 2857 2154 770 4813 1363 1273 462 1595 4115 2303 4721 3526 35 3962 4173 4214 3456 2703 1673 2228 2688 118 756 1731 2218 4530 1423 1202 4265 2274 4600 4686 2321 1498 1669 3866 4427 1350 2128 1451 2616 1075 868 393 2428 3107 1984 1766 2250 2016 3130 157 4682 1827 955 2198 1903 4489 1853 1524 3507 2339 1666 4984 973 2343 4845 4480 378 1981 2672 2808 3472 2146 2689 105 779 3394 4984 3498 3091 3957 3663 1035 3333 2467 503 36
1703 3448 1408 533 3356 3381 2634 2009 2990 4283 4777 1021 4772 815 3784 4583 1217 4131 1370 87 3143 1781 1786 1948 830 492 482 3700 2189 1348 1686 133 3457 597 2867 4445 4505 3699 1148 4517 4392 1002 114 1804 4696 124 812 1595 1614 2807 283 3508 1792 2492 1999 2097 2416 2587 1971 3328 4500 2979 4956 1071 1708 3050 4230 2537 3188 3960 3494 2999 686 536 4914 4103 1148 642 4500 163 334 1979 2150 372 289 1718 3220 4128 4503 2997 4726 3221 3159 1398 659 3231 2055 977 3127 2615 2977 4567 4973 1733 836 1881 2267 3015 252 2741 2766 3054 26 495 4374 3377 819 2471 2748 4652 4710 1704 3655 4265 3116 19 2679 2098 3960 1958 3774 4976 2698 373 4607 2277 4738 2783 4435 4216 834 4935 1009 3063 3050 4427 2364 4594 2358 2462 1389 4458 4564 3417 22 4247 4866 4888 3962 4754 2276 2209 135 2355 573 4683 375 3780 4836 2792 4529 4565 2237 2367 173 3073 3600 64 4213 986 3366 3843 4485 796 3652 2544 2116 3220 1560 1030 2065 819 3223 1565 4257 3823 734 1383 1144 3543 3960 2407 4698 1022 3018 4128 3517 3137 3322 3826 4534 1656 1617 4932 2068 3614 841 3020 4873 3435 2102 91 4985 4319 2593 569 1700 3565 2136 991 1976 3027 472 217 3594 4846 953 3789 1510 4760 4568 584 1676 3774 911 195 2801 2993 3592 2384 625 4305 2019 1835 2273 4015 3598 1515 1702 3579 3941 4062 1983 1746 3478 2493 1099 1622 1672 1102 3516 1042 2485 1747 1857 4682 3135 1570 3964 4034 2385 2837 2948 2535 3326 252 462 377 2114 1577 942 1320 3037 2913 245 764 3039 1454 3378 904
448 3316 1807 4040 3454 2110 1052 3410 3185 3140 183 1759 319 1041 40 4656 3565 3132 87 326 1790 3450 4050 4291 1770 2097 1485 2745 1933 4963 3264 75 845 564 2983 4908 1025 4034 2288 4610 2979 2010 4657 168 3454 624 1588 3215 3431 3773 1886 4427 3781 155 4408 1979 2604 1283 2162 2370 1925 3022 2933 286 2721 3856 86 1593 4065 1065 85 3431 3956 951 1168 23 1629 1315 1495 2817 3656 200 3189 4849 402 2438 1155 3968 3538 2602 3989 905 2304 4312 3446 3195 1531 1782 1030 3722 1830 3090 3395 2892 4118 1300 4463 4238 667 3147 4252 4166 1774 2823 3009 406 4875 2631 268 570 2935 1008 2573 1936 4430 2677 4644 167 1302 3391 1443 3569 36 1409 1103 2424 1726 1091 4990 2526 3896 505 932 3299 1276 2305 741 367 2538 2283 150 3628 444 560 4726 3841 4663 3461 1844 2197 751 4305 880 2168 1823 344 1536 2131 1975 1656 2300 3951 3143 1924 4797 673 4425 4993 2012 2041 3621 3651 4353 3656 2772 4485 4332 2965 2164 2455 823 2657 2829 3325 2231 1476 3065 561 2437 3804 3932 4161 4850 523 1619 305 2171 130 243 743 4427 1454 2686 4520 1289 3114 997 3002 4637 3765 2750 4722 869 2653 3766 1365 2033 2535 4072 1704 3373 3581 2413 400 2551 4664 4305 468 359 4708 3970 574 472 753 1519 629 4814 3005 3248 4305 3085 3012 2151 392 718 1338 3366 3344 3467 3541 366 4371 212 143 4793 133 1062 4556 3422 1587 4876 2783 4203 1919 1759 2928 2510 1544 2490 3325 123 1172 2839 546 3107 411 3568 495 3630 3960 2320 2153 3268 4735 4221 2338 347 3599 3312 716
4821 4007 1338 4517 2627 4670 3574 494 3776 3295 2647 3333 3138 4093 3171 847 1081 351 3143 1790 178 309 3995 1701 1072 2144 1735 4405 1762 2030 3568 311 69 2783 2596 4048 4080 1783 104 2449 4426 3318 1797 2688 2340 4302 2920 331 4113 3684 2122 3670 1034 3466 1260 3138 4325 1645 3889 3813 4487 975 812 3151 2819 3090 1950 3726 2012 1397 4859 4864 4473 2823 824 1640 265 3238 3166 3425 161 2811 802 2073 1559 2561 4506 1225 56 433 3993 3718 1157 1931 4377 817 4700 2680 4032 2997 4094 3465 4204 1604 4838 4263 3711 973 737 2473 3484 4475 4881 335 1094 251 1807 2361 3437 4400 2514 1484 4915 2368 4915 352 2729 1782 4048 740 2205 2903 392 2388 1860 177 3206 1855 3119 1634 3854 4014 2812 2691 4994 595 3442 2295 3990 1578 922 1195 4217 1754 516 1429 4126 539 3498 1824 4548 1217 1097 1276 2012 4684 3278 3277 3039 3502 3245 671 1034 1290 4574 4984 4118 2836 1405 3822 1655 2211 4070 849 2548 1876 4561 1905 2341 1266 2047 2639 3502 4889 2081 911 369 524 4624 4238 324 749 180 2369 2448 4065 2497 2159 1759 3615 1521 2885 3263 4086 1815 292 4109 697 831 1969 4606 3989 2079 3092 716 1968 4827 326 1812 3780 1114 4299 122 239 2262 1036 394 209 2925 309 437 2551 1070 3385 3655 3813 1117 1045 4348 3128 2054 3957 4225 3593 3977 2041 4941 4138 244 4483 1927 2439 3800 4840 238 1222 3043 2789 4436 144 4890 3557 1081 45 4488 1554 4420 4952 3113 27 3059 3938 544 1320 2505 1446 3719 4034 1478 2262 15 1257 4272 3959 764 4969 695 241 3205 3287
2808 526 1880 1293 390 2813 1481 1881 3691 2296 4920 604 3582 4494 2495 1240 25 2929 1781 3450 309 4106 1057 4496 2998 211 2332 3094 1488 1772 3830 2743 4020 966 430 3006 2930 3277 4412 2086 2138 4852 1702 4734 372 1127 1005 4891 111 2890 1634 1953 2556 1686 2716 3645 1930 2240 933 577 4807 1176 3744 1039 1071 2717 3842 4457 26 4093 2064 2355 81 3310 2997 719 110 3876 3395 4969 4818 530 2182 4047 1912 1128 1267 3711 646 750 2666 2612 3837 3619 2281 4933 1787 3645 4592 2515 75 4752 3476 2599 1408 2418 1703 3016 4012 3367 3930 3836 478 2393 3795 3982 2518 3470 3254 4522 4658 2850 1546 61 585 3279 261 1757 67 2249 2004 3449 3350 2115 414 151 2908 503 2034 1022 946 934 2073 761 2852 2434 843 4021 1227 88 1462 682 123 1815 693 3298 102 3324 188 4671 720 3680 4414 1538 1103 1932 3565 1362 3022 3096 3602 3000 4297 597 1977 876 1157 3377 4318 4156 1406 3405 3128 1514 3443 2435 3681 593 4336 4743 2038 2496 1930 4483 2219 4480 801 2482 2388 2041 4300 1682 3115 2345 846 1628 2650 698 962 2116 4506 2102 4962 365 465 370 3575 1782 2711 3710 3927 4092 2906 1494 88 2143 3851 466 3253 1218 1834 500 3929 4670 1395 1659 2310 3352 2509 3064 1795 2099 391 4267 4096 1598 4649 4379 2313 3631 4302 4682 2044 4740 1239 2349 4043 3736 1243 1693 2287 4080 2693 2712 4489 1214 1936 2827 1609 415 389 610 472 986 4425 2601 449 3897 746 802 3405 3776 3710 343 2277 712 2598 1308 1323 4872 3022 3198 612 4957 3296 3107 1391 3089 4186 3146
923 46 4028 4681 4807 2751 862 3794 757 3088 102 2170 4676 3030 1405 2045 2721 611 1786 4050 3995 1057 4867 1300 4815 194 1159 514 1376 4186 314 4277 321 2116 150 4509 4145 2066 2748 2063 331 4964 4632 3231 3936 1427 1087 4762 2020 2198 4135 1785 2285 674 4479 3721 3798 3385 3907 901 4254 3005 3007 3280 4342 4188 324 3257 429 1598 3190 1811 3144 2643 3998 2949 2185 2023 3050 2322 1613 770 4200 754 131 3501 3053 546 2033 659 3966 1647 4375 1025 3388 3081 4123 4505 1403 3065 1297 4673 774 1428 549 4283 3158 2848 2425 4743 3754 2386 3152 3794 4725 2023 3218 3194 3797 427 1990 1860 939 4234 3446 644 2709 4884 2792 4633 2122 4662 2060 1331 3723 3534 2746 2036 3836 3896 2277 3355 1005 3976 464 1327 4602 2994 4918 4700 4205 2865 4096 2181 1060 1131 4966 3829 1513 2749 3233 2206 4031 1636 418 49 2444 2708 616 1115 1308 3229 3248 4820 1205 1993 766 1508 2866 3305 1942 2891 4323 4647 1552 250 4304 4012 1625 4894 643 1617 3260 4865 1588 601 1682 3030 3864 2301 726 3593 953 4103 3994 1464 3223 898 3800 4564 3887 1618 2770 3439 2372 808 590 757 2887 3465 4171 3840 507 2262 4541 2082 3596 42 3005 1235 1082 2884 2053 2051 3278 4101 634 4244 250 158 1026 843 881 374 4165 3419 1495 259 4846 2674 1182 1599 3302 4241 3335 3910 2810 1991 187 3619 1067 1646 4458 487 161 2704 203 3709 357 1342 4267 1373 1373 3242 3967 269 141 1517 3492 3259 3694 50 1751 3776 3780 1357 4207 3111 1412 1351 4451 1909 3246 2658 3551 1726 2503 3595 2234 4757
299 1804 1384 216 936 1253 3344 2048 484 4680 3438 2607 350 3766 346 95 4957 2293 1948 4291 1701 4496 1300 1482 1242 1361 1459 1376 4790 2625 2626 3059 1199 2466 2437 1591 647 4608 1486 3175 2730 3757 3943 2270 480 3465 189 4245 4104 3498 268 732 2181 2402 235 2292 640 2149 4460 2964 2970 1363 4430 2285 3365 3312 803 2374 3800 2093 2321 2223 757 303 3970 4880 4167 3168 4695 4301 4503 2923 4324 2014 986 1606 2467 3702 556 1288 4096 296 100 3937 986 3546 3643 1729 580 3366 4423 4799 1330 2609 3390 1628 3451 1085 4861 1550 3281 3939 1187 518 1271 1097 1519 2997 1994 4890 254 705 1477 3183 3926 4774 4327 1894 3332 2432 3467 828 2962 2282 4992 1750 4468 4984 3934 1563 3623 1474 344 1139 2652 4556 1511 318 743 2343 2935 1906 1948 3582 4400 4256 268 374 953 4021 2925 627 2486 990 3240 4054 4008 1628 2778 2759 499 2884 923 3251 3244 644 1131 4699 2756 4402 2109 1028 3061 4892 2079 4945 216 4076 985 3141 1450 1886 4400 3628 1755 1950 3593 134 717 4735 1282 375 4452 4668 4351 3758 1157 103 2644 181 2068 3806 2404 4823 2440 211 3417 4532 1632 102 1211 4849 1185 858 1676 4420 4282 4431 1408 1224 4342 2397 2178 3374 1569 4460 200 996 3197 1694 1280 4838 3020 2734 78 1316 958 657 500 1737 447 892 4623 2683 3610 701 787 1547 4673 4195 1851 2533 721 3297 1743 4321 4692 245 201 3378 2060 2538 683 4149 1349 329 4563 1586 58 2310 3110 374 4150 808 3921 2757 100 1295 4898 1634 4021 3498 294 3718 1125 2020 4137 606 760 508
2437 3148 1322 2189 746 2185 3991 362 2394 777 4480 1962 2964 2268 4244 1023 4720 4568 830 1770 1072 2998 4815 1242 4006 4704 1746 3960 1788 4105 2628 4546 4113 1866 769 1545 1676 2819 4611 4511 3322 1756 1756 2864 1447 4989 4012 4677 409 2055 3892 443 4413 3226 690 954 1358 2942 2175 1779 1663 2191 4721 37 3810 3670 1883 4207 2828 2410 2698 4339 230 2287 422 413 1286 2347 560 3623 3111 2154 4290 4679 998 2645 4153 1934 4364 2426 2303 866 3221 298 3196 1806 1987 3332 4513 414 641 2724 752 3326 1089 2086 1230 3048 3480 4443 71 1104 4935 1880 4022 3405 2456 3335 387 4787 2015 4355 1926 3129 2461 1038 4901 4021 2827 2126 1434 2345 438 2100 2908 2175 4025 1000 933 3506 3040 4537 1054 1709 959 3512 3367 3307 4293 195 995 2147 314 169 4172 857 4539 3498 2055 3603 908 3586 2139 4276 554 1047 3438 4845 2598 1368 2621 1243 565 3054 438 3942 1694 1239 3806 1917 4428 3595 1986 505 2558 1395 977 2648 318 4051 477 1855 489 3846 1551 2669 4823 4201 881 1997 1833 4893 4807 1631 846 952 2822 4467 1888 1577 3121 2437 3357 2727 753 283 2021 4306 896 4950 1034 1429 98 1807 1560 1216 4239 1959 3912 2278 1998 3039 1639 1169 4676 2768 2004 58 3887 686 2912 282 1574 2755 948 1846 197 3945 3773 2276 4551 4492 2080 3445 2291 408 2036 4391 1125 3313 1797 1776 2301 1098 4175 407 979 2371 3020 626 4030 1797 2518 4016 1874 216 4532 987 263 3175 1583 4434 1121 2974 4820 2246 293 4990 859 2235 2480 1637 2830 3775 3721 2891 3318 103 4194 803
831 356 4015 2704 739 2088 1550 4174 2640 3397 669 861 1538 3736 1699 3910 2498 972 492 2097 2144 211 194 1361 4704 4770 143 2381 3436 3190 3890 4681 1301 1985 2135 1609 4136 3587 2364 1047 2689 4502 4256 4807 2928 2918 2865 3994 3941 2310 1145 1449 4740 4472 529 265 2831 4604 3150 3032 1480 3959 1635 1269 1967 209 725 4732 236 4125 4674 4345 3877 913 2810 4452 802 895 4182 2939 2822 4595 1505 3522 4075 1709 2257 1801 4247 3942 4630 908 2523 4915 710 1078 3038 4520 2863 88 1134 1127 482 1677 3809 742 2300 1880 3418 4503 2058 2834 4406 1882 2212 1730 750 2034 748 1604 2490 1168 207 3971 3275 4352 4629 1670 4487 3884 2666 1083 1953 563 3394 1117 3286 4725 1866 2389 425 4711 1405 721 3221 3506 563 311 3112 3071 2861 2459 4962 400 3046 223 2854 314 2789 2775 4405 2643 4696 1653 1102 4568 3601 674 2389 201 1354 1229 508 607 4388 4586 831 1991 2720 2043 2510 1800 4423 3732 4937 3938 390 200 79 2071 4054 1225 3171 4794 1785 963 4948 4446 3880 671 4033 4459 2123 2715 4571 4984 3204 4362 383 4460 1948 4710 2781 910 2607 3512 1300 2899 4506 4421 3216 4082 4617 2515 3398 2230 2233 3968 3464 4691 1401 179 1736 425 1659 1962 4241 4208 647 1361 1989 2416 759 4525 743 107 2286 2863 441 381 2160 3442 4197 2932 766 2608 4602 2654 3622 1486 3977 4564 2085 2553 563 3976 1059 88 356 2231 1745 2182 1225 459 3805 1216 4371 2794 678 4902 3119 1086 3060 3489 3319 1221 3140 3309 3401 1053 2495 163 59 1830 1149 1279 1516 4947 1064 1636
3962 2310 1750 3033 2866 2202 2606 4577 3992 1487 366 3305 1370 2545 4721 400 3672 3768 482 1485 1735 2332 1159 1459 1746 143 3007 1508 3872 815 809 4724 3857 2800 1022 4434 3599 4889 4037 1001 738 3567 86 43 3966 3293 1065 1259 4884 3237 2261 4156 646 2451 3721 4150 3731 30 4012 434 419 3274 4113 3412 2162 4221 86 3730 3672 2971 2634 299 2460 1007 3901 3127 2810 534 525 3761 1685 260 2174 2930 1064 4489 1599 4166 2811 3643 1957 3568 1249 1088 845 3666 3419 3741 1665 739 4412 3935 737 185 2362 3871 4377 3134 1332 3818 304 3180 2071 2292 2973 1788 3294 4520 2539 131 1575 3456 4969 2356 4076 2530 1889 4031 3171 2856 2149 2119 190 680 3107 907 2271 1562 2303 3803 619 703 3017 660 2574 1870 2449 3843 4285 2100 834 2174 1324 4636 4277 571 4910 3710 2029 3575 3876 2074 1562 1391 2721 29 581 281 4052 4377 4012 1063 171 3441 4881 2714 1164 2944 522 4629 2007 4345 3413 3222 1894 1144 1427 3092 853 208 563 4452 2648 751 1255 4366 3765 2952 999 286 3813 3091 1814 2690 1074 3714 1904 1577 3170 1566 1714 1680 4654 3849 2706 420 4011 2667 61 4479 1404 858 1751 4295 129 388 4669 4950 2303 1524 2855 3768 2471 2543 2868 4825 4701 3343 970 305 444 3506 139 1622 1241 4363 2844 2443 2196 3824 1996 1367 4566 270 3720 1409 386 1634 431 1861 2680 468 846 1742 547 2635 2588 2879 2796 3871 1635 4504 4746 42 2636 4649 218 215 2736 2981 4642 1733 2516 2096 1450 3630 4133 1619 3532 1017 1342 2023 1418 3055 3034 2857 4792 960 2870 2811
