N: 300
M: 60
Symmetric: true
Triangle: false
6 264 16 221 260 65 70
1 295
4 194 113 254 251
5 235 27 276 100 140
4 188 273 250 225
5 152 58 241 14 23
6 144 189 106 10 124 57
6 138 242 191 268 257 134
6 195 4 107 239 126 217
4 109 187 32 178
4 249 72 13 155
4 88 237 44 240
4 289 244 85 37
3 299 265 64
5 168 291 156 275 89
5 141 51 135 5 40
6 208 185 108 229 261 41
5 280 55 79 300 50
6 49 68 147 175 247 120
9 96 63 33 122 234 1 172 213 228
6 199 223 17 171 205 84
8 12 203 25 31 99 104 253 133
4 139 245 259 146
2 15 30
5 48 7 78 39 123
5 292 127 142 209 200
3 157 82 111
6 248 137 95 222 77 210
9 98 54 154 29 149 26 87 86 112
3 136 231 197
2 293 211
6 42 81 28 270 34 20
8 179 80 148 19 174 220 71 258
4 166 83 216 206
9 128 243 74 163 169 202 73 60 105
5 283 215 284 176 226
7 262 173 177 118 170 294 236
4 219 186 97 66
4 143 161 230 114
5 162 256 36 267 180
2 255 35
4 115 182 159 52
3 59 131 93
4 153 224 75 145
6 129 204 164 91 90 271
5 158 297 11 6 102
4 201 62 278 246
6 76 18 3 233 22 132
6 125 190 218 165 24 287
4 281 56 167 9
2 21 184
11 121 46 290 263 119 8 150 232 117 94 69
6 181 193 151 160 298 38
4 252 183 103 92
6 285 47 296 227 272 282
8 266 274 196 286 101 238 277 2
6 67 53 207 45 43 269
2 198 110
5 212 61 192 130 116
3 279 288 214
3329 4955 1484 4568 1633 2939 213 1105 2806 1505 519 1178 2022 92 258 3002 1728 4923 2767 1366 3817 259 2429 1571 3900 277 3390 1754 521 2499 4901 1168 1653 1545 4263 432 1502 3089 978 4115 4441 2307 1920 4925 847 3831 2197 3676 203 950 1110 1849 2377 223 1584 3822 1206 1665 3150 1603 4848 4416 4171 4059 1853 3261 2937 1185 2213 60 4587 4105 1426 1730 4340 3815 4749 263 1624 4197 4938 1587 2788 2255 196 4090 739 2612 1719 3730 2258 4812 3963 3116 3616 4835 4773 4204 1909 2057 3561 2079 3647 3557 68 946 2216 4728 3705 37 1225 1963 1613 4081 357 633 1588 1043 684 4436 2086 4240 1232 83 1904 1173 4141 1499 2173 1054 4237 4659 4541 1392 558 284 3909 4578 482 1061 979 287 4961 2175 422 802 4614 4825 4310 3084 1076 3281 4893 3542 231 4672 341 2138 4252 1969 3809 346 1542 4592 2286 1696 3555 1140 2578 4972 1537 3129 2197 2021 730 3690 1898 2152 460 2398 4192 3715 312 2250 3931 4681 1333 3210 3488 2121 3963 1733 3988 2053 644 110 4680 1562 3987 4596 4461 1144 2563 3956 4952 2786 467 4526 3620 1415 3216 4830 4889 1285 1990 1480 1640 394 2168 620 4455 1200 4393 1242 262 4092 12 1501 2736 2027 559 2389 3444 4228 135 1732 4910 2975 3916 3798 296 4566 3005 2066 3895 2017 605 3379 790 354 4341 1914 4958 4494 3620 1165 1734 4416 3734 843 3485 1608 1597 1609 3693 1542 736 4598 1882 972 4873 4695 2328 121 2475 493 2577 3865 1853 1745 2358 1215 325 1269 2352 1624 1371 534 918 3214 4541 123 462 672 4277 4285 4993 4894 3689 2227
4955 4540 4920 2447 2134 1876 98 4482 1975 4860 4810 4100 1364 3507 1030 4996 3600 2390 486 3539 4292 4647 2324 3385 1161 1397 947 4105 1357 879 2892 1283 2866 1078 4278 2277 1878 1755 1361 2883 2594 3623 1945 2108 1227 3408 2279 3273 4946 3436 2465 2226 4470 2667 2874 1772 1664 824 3429 3864 1249 4555 1931 1746 3785 2358 1834 833 701 2492 271 1907 2385 108 2450 2231 2810 681 565 2054 4429 2624 1401 327 3914 3839 1338 228 3424 4968 2778 1045 1633 4846 3201 2499 406 3289 4373 644 1069 3057 3820 103 617 3794 1045 4592 878 1061 2629 2990 3629 4444 4175 489 4909 4289 3590 2283 3716 3639 2837 3806 1944 1081 3367 2422 3724 286 1344 316 3740 489 3509 3008 4931 4261 2270 3842 1342 2995 2434 2955 780 1019 1606 3556 1823 1228 2699 638 2507 27 2786 1742 4244 1835 2205 3382 3332 3538 3493 770 1817 4096 4281 2453 4737 1863 1395 4415 4910 4500 4151 4089 2035 2970 4290 342 3021 2329 2048 1491 3909 3820 3536 53 1964 4667 3945 2028 4579 4118 520 4411 2050 306 1021 4908 3552 864 3604 3731 676 3039 861 898 381 611 4515 2742 3840 50 1891 4967 1036 4230 3733 3017 1210 1743 4198 254 3434 2218 4483 4662 1201 1811 910 3870 1737 3173 414 3912 1346 885 4343 2598 3560 1061 3015 2200 2033 947 1563 3081 4840 564 1987 422 3092 2455 4494 3537 2304 204 1144 1972 1545 1002 231 2769 1051 2807 2971 4120 3139 4445 2506 3117 2603 780 3212 4800 1596 1788 625 3665 2212 3982 2924 2464 4867 3785 4473 4392 2166 695 4110 1243 1192 431 865 3600 1495 154 975 565
1484 4920 2320 4209 4063 4928 1578 1570 626 2427 3567 2200 2425 2690 479 53 2623 4280 3128 215 4237 1627 1988 3567 4636 2105 4117 2739 2026 2795 613 3547 1524 1525 1947 2319 2440 340 1785 3001 2880 937 3235 1747 1012 2677 3654 3656 2541 3049 1209 2995 1266 431 4079 3043 3245 301 255 2704 997 2009 2866 4723 3845 1091 3090 923 4949 2378 2986 697 2830 2798 305 3244 3006 4872 3797 3263 4352 4424 2144 3787 181 4292 4839 2011 282 3216 81 2612 4570 4605 2652 4723 937 484 1806 1978 4259 4195 3928 2759 2485 3734 3928 1137 3861 1608 3423 313 889 4639 376 3173 2261 747 2490 1634 90 3033 296 2840 854 4569 4118 2579 4678 3966 2458 3364 2139 1111 4928 4335 684 3026 2106 1059 1506 730 515 4228 391 2678 1746 2747 2201 1930 2731 16 2597 1809 2344 4884 3905 128 1195 4208 1660 2978 953 3028 1815 551 75 358 4906 1408 4802 754 716 3454 2567 3632 2600 2558 1225 1416 2989 4891 408 1000 4243 3252 2132 3334 808 3623 170 1552 3880 894 110 3366 104 67 3239 119 3153 4970 2489 841 215 969 765 3029 2934 4000 1024 1542 1162 2088 1729 384 3297 4890 533 3128 2323 2158 3247 4871 3958 163 3121 4126 3822 3030 1326 1099 4063 4677 2333 446 2900 1753 4094 4012 3703 4383 1520 4990 2218 3282 3950 1373 4655 2171 2413 1032 2578 4848 3335 4293 1098 3820 988 2232 2822 4085 2800 3740 4631 3919 3679 3954 3049 3047 3372 3984 1597 4739 3448 3631 373 4909 3020 2780 4151 2035 3422 2516 4143 1660 821 2474 1874 3641 1093 642 433 4559 2809 2857 2240 3174 3913 3973
4568 2447 4209 1722 4910 3221 4896 3963 193 3277 1762 1300 4010 4280 3838 4518 3149 1296 1353 1141 3694 203 3958 4741 938 3153 1592 1717 4784 484 1281 933 3221 80 2600 1766 1870 3296 66 1004 2479 2952 115 4909 3025 290 1994 3656 2896 284 4492 4130 732 2610 434 3460 4914 4960 483 3075 3217 1535 1071 4048 1097 4635 4339 1775 2208 930 1234 3884 2516 3233 294 2625 3851 3758 2745 2996 2367 3922 39 3970 4268 1792 2906 4778 4922 1529 3882 4482 3858 135 532 2224 446 1733 2400 1200 4688 1984 25 1168 4297 4474 718 102 2818 2883 663 1216 703 3651 2060 1806 4827 1452 642 428 2742 2141 1549 2399 2291 1760 1706 3357 2784 406 4959 3899 1723 1333 870 3789 4974 2135 215 3052 3366 689 1878 16 1483 104 2838 2039 4736 3762 1822 4372 4511 303 1729 920 3500 1599 332 2100 2654 4835 1739 4305 1543 4544 3871 1074 2591 3183 3663 979 2138 4730 4567 3745 3915 1304 714 1090 2175 3339 420 2292 2099 3206 4818 317 4065 4824 2481 1981 1402 2967 55 355 1563 3408 2947 3772 1016 2853 1808 1379 4297 1953 4033 392 3926 4577 1662 3366 1480 1121 474 654 3345 2005 3910 3877 652 2376 4134 3721 1598 170 2847 1178 3770 1569 1972 3314 1052 3408 3266 4987 3192 4193 3069 3678 4126 57 3191 3953 327 3100 2956 943 3045 2441 4034 4183 947 3222 2854 3843 4965 4681 1334 4153 3840 4968 3054 4531 4403 1417 294 4801 1393 1142 3640 2434 12 4639 3249 3513 423 81 4779 853 1316 4997 4179 2212 2328 3722 2002 503 2707 2938 4424 3716 4357 2967 633 248 1902 177 2386 2289
1633 2134 4063 4910 163 2409 4439 3165 4550 132 2094 4362 3817 1904 4917 1919 828 2968 1826 13 1805 4091 4015 259 2681 1214 1136 280 4792 3612 2467 3577 3142 503 4912 4918 1467 3374 1628 4042 3346 2066 2033 2432 3002 2404 240 4819 1800 1398 4274 2124 106 1322 554 1632 1756 1728 4575 3657 2216 4824 1525 3976 1440 2223 2611 2263 4860 4973 2551 2420 4295 2504 82 842 2081 334 4332 427 4142 2581 3173 1012 2213 144 4630 3603 2731 3419 1935 3568 2558 3136 1061 4444 1436 1151 689 4640 4826 4244 910 3562 4664 1654 328 3481 1072 2221 316 4845 3984 1375 1350 31 1884 515 56 3896 2916 3527 3504 3476 2291 2843 4297 3511 50 2037 3044 2242 117 1247 3873 3858 310 101 65 2666 3346 2158 453 3448 2187 2918 775 1922 2656 2202 2839 3796 1466 4186 1951 1479 4529 2760 1685 803 434 1182 1946 3299 4080 1272 3749 105 3873 1330 3508 772 277 181 2841 1983 4849 251 1363 4226 2697 4107 4366 1019 3207 3305 1284 1230 3102 1838 4878 3550 1585 4217 1698 1227 3043 827 3373 4987 1649 2751 1719 412 826 1154 3652 4450 2870 1466 4504 2344 4961 4346 4557 813 4679 2744 3941 4173 3345 1139 4950 1490 15 3237 2694 444 607 4524 4160 191 3146 3656 430 1021 2199 3743 2060 3050 2832 2710 2275 4398 3740 184 2974 469 3562 903 236 776 3542 1149 3433 2673 1913 478 4315 3200 2432 3132 2334 2560 2243 4329 2861 3170 226 2735 3968 4974 1766 725 313 3508 4729 4092 2822 2591 4001 2903 2942 3487 3980 173 2316 223 70 418 2927 1846 2862 4587 4417 3048 3867 2445 28 1885
2939 1876 4928 3221 2409 2500 428 2128 778 144 4975 3073 311 2973 4943 2798 2920 2561 2433 188 385 2761 121 4318 3540 2584 770 1407 685 1300 2349 1100 521 3594 3276 1484 3754 426 156 2946 2642 4547 2462 2292 3167 4730 2253 746 1583 4275 1040 121 3723 1276 4212 4026 4999 2299 2222 4680 3976 4307 186 4117 173 4148 3602 3867 2285 2406 1500 2894 4158 4535 4441 74 3481 134 951 4010 4191 3003 1531 2754 4405 38 1132 3446 106 2860 2085 2053 4283 1185 4247 2916 922 4901 417 2764 4179 132 4971 2322 2686 45 3664 4600 1284 54 4987 327 1394 1628 1990 3613 1726 3023 13 564 961 4458 2994 1299 4827 4032 1698 1329 4844 4759 4059 3051 4213 2365 870 1617 4893 1483 4494 2510 1445 101 1870 4355 3370 1200 380 1429 1291 2625 4334 2728 3273 235 3375 3835 623 849 1279 2305 3784 2643 1216 3928 2897 1496 237 4598 4395 3095 1865 4587 1425 4560 240 875 1356 262 1059 2416 1224 4384 3546 3364 1071 4497 2451 1022 395 314 4723 4045 4716 1618 2638 3623 875 1189 1069 1224 3713 1631 2867 2546 4478 607 3623 4118 1335 424 3718 4252 1592 1911 2932 820 2724 738 1893 55 2377 4667 290 2934 1735 1773 4093 3094 2421 1264 1851 2507 2074 4024 3210 4975 668 4257 2971 1672 3012 1973 357 1488 3618 570 3141 1488 1303 3058 1632 2635 3596 1155 2278 40 3532 3316 3887 4353 4671 660 2784 3104 3865 1276 2993 678 3178 727 3277 190 2938 4569 1716 1651 2522 431 2116 3912 1623 2498 3532 4935 3677 1780 2386 3341 2628 4260 218 1370 2748 2588 3257 2241 838 3334 3915 622
213 98 1578 4896 4439 428 1579 1836 4208 865 2249 2674 3493 1989 4086 1839 969 524 1208 4688 3277 1432 3132 4571 3993 3716 3236 330 1063 2484 2296 4864 3303 4512 4663 4523 2435 3107 4485 4320 3887 344 551 3763 3529 937 2420 1239 918 4416 641 197 818 1778 2536 547 3042 2584 4888 4644 2777 1285 3643 1339 486 2510 3038 3820 1640 4906 2262 4440 830 4823 1877 2233 3202 1487 3867 4342 3984 1909 4775 2962 984 1217 2847 16 1611 1151 494 2145 4896 76 4180 3621 613 1779 3655 503 16 3713 1215 4289 3418 4818 209 1412 4976 1708 890 4426 2050 4640 517 3464 4180 4890 2965 2474 3360 2713 1486 2063 1509 2094 3588 123 1207 1856 4156 185 660 1574 2504 1122 2823 4792 57 4159 463 866 4941 3942 1120 1461 3575 129 2048 3574 4629 4392 3430 2237 3503 4444 4817 1010 2108 2911 3482 4414 1115 424 3123 4430 4671 2501 318 3834 313 3054 3707 4996 1361 2812 2041 3316 211 1923 3287 2591 2733 4124 4966 3970 175 759 2325 2161 3058 1615 4047 2421 2246 1007 4868 3093 271 1784 401 2625 1890 4557 3588 579 2288 165 2912 4780 4549 4993 1472 4420 2906 3931 3368 3279 4282 2934 3780 4498 3056 3402 4490 4764 4281 1844 938 2557 127 3118 3793 2678 776 1420 870 2819 636 4050 1856 3997 1241 1483 3515 261 719 1913 226 506 2932 4422 1418 3504 728 4229 604 4850 2517 4248 2751 899 1441 3636 920 874 4135 2391 2631 4678 4976 4095 4433 4594 596 1625 4872 906 3285 2662 1566 4608 2247 4037 102 1465 71 255 2137 3947 201 123 4796 2541 3527 2716 1293 2650 678 3088
1105 4482 1570 3963 3165 2128 1836 1122 214 3018 4906 1910 1618 652 4225 4127 4650 1201 1601 207 4751 647 3256 1843 3104 2869 4249 968 296 3331 3741 1079 2614 229 4526 1059 1692 2141 738 3820 4526 4127 4208 3691 4990 2291 413 178 4109 4708 745 3287 4203 3068 2583 1509 3046 2075 1367 4284 4189 2068 3012 4960 786 3903 3691 4571 2447 4098 947 1573 2528 2131 572 4406 249 4948 3937 388 3123 3728 1519 3433 1612 2048 4203 2813 3610 1600 3810 800 2990 4615 1362 1665 331 2804 3301 3060 4476 1518 3716 4422 3508 3301 1267 2243 4598 4391 4369 4390 3300 1802 2780 167 2651 4023 4453 2310 1434 4614 4976 4328 423 14 4675 3153 2285 380 4941 1364 2121 1569 476 579 2436 2414 1010 4023 1680 2932 4939 2190 3409 1589 3248 1249 330 1881 4007 1174 278 4912 1888 2601 3139 1337 646 3531 159 1886 3568 427 1136 3834 438 2909 685 4683 4314 3394 4407 1922 1297 3488 1989 1193 2967 3889 83 1476 1690 4494 188 4691 3298 916 1699 2376 31 879 1660 3806 4478 1345 3489 1118 1276 4043 2943 3580 2912 3655 2970 2371 1964 956 3925 4220 1724 1890 4879 4374 2493 54 1136 2588 918 4101 4906 4266 458 709 3970 3503 423 4796 1792 3511 164 3236 1595 4081 2135 2950 2162 2586 4748 132 4852 2009 860 543 3662 4963 3494 54 1080 4159 1922 3114 1556 3237 3913 3192 113 3608 884 3454 3356 306 4253 1636 838 2377 2050 3962 99 530 2325 380 2627 4015 273 4829 746 4106 1523 4977 4017 1427 4050 1710 83 685 3105 2351 2689 3846 4859 2040 1294 4540 2059 276 3957 3051 1569 2137
2806 1975 626 193 4550 778 4208 214 3398 1449 2981 572 2901 367 3675 304 3024 4926 3966 3590 4938 4665 3232 4736 4654 3376 2449 4250 2701 3335 3785 4610 2472 2392 2950 2617 2603 2880 4462 3039 3957 3643 3933 796 1350 1047 540 3858 746 2348 3836 995 2357 768 2768 2626 3186 4864 2474 2726 3703 1112 2234 1662 1921 3295 1152 1564 1412 3747 212 2987 4429 1987 2892 4931 3878 253 2645 1432 3708 4559 1736 2633 3046 328 2673 3727 2823 1278 246 2046 4410 1856 1231 4742 4435 248 3974 1424 4739 1927 881 4952 3715 3113 4915 3117 388 2855 3195 1356 2079 4138 3660 1852 2077 1558 2082 3017 2805 1399 1649 756 3036 3051 974 2074 1272 4410 360 3622 683 3092 408 1906 2289 2932 4868 3431 3576 1738 657 4614 349 1685 91 1480 4597 4454 4133 1908 2829 429 1371 576 2490 3475 1467 2321 1404 2871 3380 862 133 1785 2653 1807 3380 4689 2516 818 910 460 4323 4206 372 601 170 2258 1564 2593 1506 819 4436 421 388 1865 3245 3969 918 1519 371 4570 1572 4413 2398 4254 4079 60 3716 3004 2210 161 1567 892 2296 3583 3688 4200 2706 1878 2277 2228 2491 2933 3190 4350 2183 3986 2323 1835 3790 1243 4675 1766 2587 423 1241 1605 4059 4350 4249 2012 4344 61 4916 2881 575 4930 1719 4022 2578 2822 904 4915 1737 2977 1386 698 2649 4332 3300 1110 2572 2298 4510 2141 27 3938 3943 680 347 2913 2447 2388 3126 3138 4170 3012 2407 4550 4453 2638 621 4038 775 4474 1810 4036 234 4897 1982 1329 2715 3381 2040 3686 379 1486 2738 464 3766 860 1199 1155 4909 1049 2078 1956
1505 4860 2427 3277 132 144 865 3018 1449 3353 2058 3693 4419 2328 88 2980 1081 782 2060 2926 3482 4498 4003 306 781 1078 3088 3464 4364 1309 4386 4091 3773 2384 2137 2934 3576 2657 349 3779 2897 2745 1260 637 4248 1837 208 4967 114 4767 4855 3090 4901 364 739 2255 996 2743 1605 17 3781 2137 3126 1646 3743 2386 1226 469 509 4569 621 4268 4338 2135 1905 2649 3820 4803 4773 397 3334 3450 1277 3880 2541 3200 3199 4281 2869 2935 2816 2390 4700 745 4305 332 72 3615 3185 3749 2902 2201 3411 453 1845 380 1357 4623 1062 685 856 132 1777 2955 632 3437 1218 2516 459 3896 4382 3040 495 4716 257 2794 4572 631 1421 3634 806 4265 476 929 2551 85 2468 1615 3987 588 617 3424 124 1627 960 2935 3438 4553 2078 3294 4521 2165 4889 3487 1121 767 4405 2154 1769 1068 4198 3886 1019 749 3690 4622 1274 1555 2073 3797 1955 762 1940 295 847 1541 4464 1184 2666 2510 1338 1392 793 2337 3675 132 3967 2125 1389 2498 3434 707 3669 18 3075 4440 3175 3918 3625 1864 3947 3401 4898 4058 3953 1212 2105 3260 160 3597 3252 818 2212 3243 3509 3246 393 2137 4624 2213 4726 4324 3098 821 1659 4866 675 4860 789 2234 3402 4054 890 4391 1633 898 4074 3463 3157 4588 1629 2067 733 202 192 2955 29 826 3137 3190 1406 2946 2931 1302 3975 1531 10 3189 4243 3213 2577 3243 638 4064 48 3955 842 2177 1620 2168 1608 626 3955 3584 2093 2878 4389 1498 1460 2464 2236 3191 1968 3497 3537 3096 1319 2783 146 1049 2207 911 737 387 1046 3351 3278 1307 4601 1129
519 4810 3567 1762 2094 4975 2249 4906 2981 2058 4094 3599 1789 1990 3466 4933 385 3964 1849 3981 2216 4549 4196 2182 215 817 1321 3284 1038 2181 4389 2712 4995 413 2655 3096 4884 1287 4106 1820 3446 1349 2311 2418 4563 4726 1662 4278 347 2100 4178 1830 2263 2328 4453 1771 4471 2056 3117 773 4170 313 1328 3970 1626 4369 3250 498 1592 680 2616 3098 1247 1466 2120 3124 1190 2011 2330 4775 3974 4991 3003 1503 1784 282 1738 4544 3593 2944 1907 1866 4504 1554 4633 133 3145 4325 4592 4743 1487 1202 1286 1624 1607 3114 2833 213 992 1504 4118 3566 1017 3709 2373 1748 2786 2147 3552 3930 1280 1751 2152 2509 1932 1030 1530 4744 2770 3934 1117 1319 3704 4912 1326 3095 3546 1046 4433 554 3593 2070 4095 4654 4587 380 1347 1779 1505 313 2606 255 1238 4179 3268 2454 4992 3502 1136 613 3056 1978 1854 1485 4856 3495 3359 4424 3578 3227 4983 4126 1918 4913 2736 415 380 1360 2387 783 4540 1214 2165 1892 4386 1016 4910 313 1609 3426 896 4412 3329 3249 3480 2326 4517 2959 2066 2792 3025 2147 2804 3744 4964 3897 4602 1770 4357 1405 4422 1804 4250 2872 3901 390 4251 4937 1886 2256 2352 4104 2297 4176 1696 608 2280 4212 3414 4823 4106 2694 3963 255 193 4434 2457 3823 4228 2448 1983 2782 3245 112 825 3085 2693 4857 2379 2801 4897 2049 3869 2238 288 4820 4489 4446 1747 1692 285 1086 4305 4306 3064 686 4482 4917 2371 817 326 3425 2643 3526 621 3504 2984 2051 2822 3865 3925 613 3146 379 225 1327 2931 4175 2942 3752 1670 4968 3149 2673 2320 3662 1626 1851 2334 3594
1178 4100 2200 1300 4362 3073 2674 1910 572 3693 3599 2040 970 4480 3835 2957 3778 4520 2415 1541 3945 1412 600 4636 1311 3812 2334 4905 443 477 2070 511 2273 4912 3450 1833 2381 4669 1939 1923 3735 384 441 284 4081 4312 3982 3038 4226 2161 723 2432 2737 927 1789 558 157 2795 3932 1996 577 2716 4252 114 2268 199 33 1792 1817 2222 736 2737 4909 2601 225 4332 1743 533 1285 4170 3197 1074 358 360 3745 2467 1689 621 1858 3023 766 3207 3827 4493 2441 2835 2329 1001 1941 3570 1037 1357 71 3381 455 1161 3689 3603 2740 3738 3093 85 3323 4581 35 3902 138 876 3666 2128 503 1302 2492 4725 2672 3110 2761 3991 2668 2673 3033 1431 2890 161 3779 2736 4611 2634 3180 392 2423 833 686 4826 3530 1363 4035 4901 1293 4974 3642 4794 3634 170 4885 4987 2023 1569 1903 1621 4260 954 80 2936 68 1343 1574 306 230 825 2525 2001 2220 356 3331 130 4674 1707 4164 138 2585 2629 710 1723 3956 2650 1299 2741 1477 304 4995 3288 4165 4600 2764 1944 2277 4137 1650 4381 4753 3105 4222 3610 2802 868 4030 4953 4557 4098 1836 3217 4049 409 2940 2716 4780 2112 2959 803 4166 4840 1582 3764 4211 824 1963 339 1193 1523 2734 1509 3444 4433 4044 2713 2194 4149 3063 1998 1687 1567 4076 1796 3683 1800 4491 1786 2366 4333 2920 4941 257 1468 2232 1795 105 923 4109 3547 1903 4017 2761 4145 486 2894 4342 185 3884 4307 707 4237 3191 288 2355 593 2863 4304 4419 3653 568 2456 3477 2056 651 4740 1665 4912 301 4223 2557 4740 1534 3710 2705 2394 1748 2458 1069 2182
2022 1364 2425 4010 3817 311 3493 1618 2901 4419 1789 970 300 474 4287 456 486 3857 2832 1270 1238 4534 1138 1923 3476 803 4437 840 607 2526 3983 889 2865 3252 3512 2385 3398 3739 612 1724 1370 2099 1436 1851 4842 2128 4856 4373 4093 1829 4303 3250 2407 2177 2535 4475 2168 2992 2393 1174 3601 4901 3707 2442 4866 4854 2701 2443 834 1076 2779 2517 4722 38 112 1960 2014 4066 378 3449 4464 3723 1786 4790 446 411 4054 179 2285 1858 242 1583 1730 3737 2403 2966 2781 19 1223 1752 424 1872 4833 2935 3917 1256 4144 515 1125 163 1007 2886 33 936 3399 3438 1713 4245 4569 4376 4719 3101 441 491 3542 856 2967 1876 4101 3721 2958 1324 1086 2996 2817 2792 883 3485 1056 253 2431 965 4338 3046 331 3765 3128 4190 532 4858 3932 4478 2540 839 19 2504 142 1997 1068 1747 411 512 4877 2144 434 535 4332 984 4427 585 2144 4326 2718 3446 3151 4252 185 2405 459 1955 3061 369 3622 4960 1344 2468 1379 4327 4533 1243 2747 696 521 488 4705 3573 4061 3070 2099 3500 2828 2449 347 1543 881 2719 3044 4262 2997 4677 1749 669 4991 1302 3572 711 2810 3503 1349 2363 1182 1042 1773 2651 2996 675 4180 1732 66 4194 2556 4475 2693 2237 1141 3134 1075 755 1148 4679 3355 2518 1673 1786 3582 903 1033 1094 3248 4158 3337 4881 308 4593 4168 4153 385 2924 2887 2461 1230 1978 1537 1803 3872 4621 2464 3311 2994 4485 4963 644 3176 3995 339 2369 2673 641 4174 2308 3223 711 2134 2326 740 2091 3086 1752 528 2296 610 3410 637 187 856 2004 3517 739 3646 474
92 3507 2690 4280 1904 2973 1989 652 367 2328 1990 4480 474 2392 3446 4046 1991 826 3532 2637 1272 3449 3593 4527 50 3641 1609 1896 3107 1339 259 1057 362 1492 3827 2619 4490 2547 2433 3621 358 1421 2881 4152 930 3810 4905 2455 4474 4092 4805 4857 3764 537 3850 2267 2111 225 4685 3126 1029 4862 1286 61 3991 1059 3973 4510 2192 4687 873 2452 320 2529 3684 3628 3087 3248 2947 2960 101 2705 3596 1859 2565 1793 1847 4639 4929 3126 1403 4845 3729 3880 3444 353 1267 1128 447 2932 768 813 2708 2360 2937 1140 2905 4536 4535 4611 1951 2309 1810 3936 2468 4540 1476 3343 621 854 1710 933 4009 2922 1007 2854 286 1958 4479 568 634 2815 417 3681 681 4317 1194 2392 1357 3384 158 2627 1839 3044 4983 998 99 752 2823 2093 3412 4645 1991 185 196 258 3446 4820 287 4159 3522 2612 3640 2078 1769 156 4970 4423 1347 4413 1298 2075 372 528 3579 1144 728 2775 3674 2090 1834 3826 1815 4313 2186 3207 488 4380 401 4922 1977 3688 3225 4888 46 1915 1909 4925 1441 3263 1773 2770 1272 3287 4497 2094 2753 569 3019 4173 2435 4092 835 4952 4147 2319 250 3639 2882 1491 1424 3884 738 4141 4256 3885 3755 4807 723 2690 821 2385 3606 2351 790 1968 2738 3571 4127 3154 3737 4359 301 3397 4170 3276 2643 1809 4868 3095 3803 4581 4290 2388 2520 3528 2473 2618 2731 4712 3090 3948 3345 4677 4083 3857 2863 4619 3884 1461 1449 2225 1865 2068 4990 4094 3177 3200 4905 121 1962 2856 442 2400 349 3373 2293 423 694 890 129 2588 2688 28 459 3183 1702 3599 98 427
258 1030 479 3838 4917 4943 4086 4225 3675 88 3466 3835 4287 3446 1942 1133 2921 1410 4998 2733 1745 4391 1807 1008 3829 2587 178 1985 693 945 3262 107 4707 4310 2777 4125 4451 1894 4815 2239 2063 3297 4075 1529 4969 3087 4863 4588 2280 660 1563 2640 507 1327 3887 86 92 4871 4395 4227 4342 1852 884 1132 981 2692 2190 2332 3992 1495 2111 3686 4721 3160 359 2646 4933 4999 4085 1575 2035 1540 1330 4251 4314 1589 928 1073 2260 1606 2892 1228 3459 1579 809 2898 4263 2230 752 217 4679 3721 2546 1068 4316 3705 4028 4254 33 1199 557 3632 3876 520 4142 2527 4578 2942 2283 2720 4525 807 3570 1734 3401 4952 1503 4202 58 1237 699 194 978 3475 1198 4380 2373 2131 1448 976 4130 127 1151 457 4951 1036 899 2429 3311 994 2588 1277 540 4977 637 3133 912 2717 3913 3797 1302 908 1261 945 2864 2997 3462 693 3152 986 3037 1485 3826 1031 3951 2070 692 3487 2145 3377 3893 315 1534 2031 291 3843 2695 4525 753 848 48 293 732 2068 4446 3955 3203 547 3837 4267 919 4209 4835 1263 969 3820 3661 147 654 1072 190 1634 1553 346 3026 2904 2850 3780 2701 1368 3007 2109 906 2821 516 863 3829 2614 1609 4996 2090 809 382 2130 1570 334 2579 3645 340 4236 2459 3507 2986 4489 3019 2417 2314 1234 1545 419 2804 2493 141 4412 3221 915 4157 3913 3175 2130 1616 2266 1318 2533 4315 4857 4221 3940 4347 2375 1505 891 1966 386 3476 3178 3685 2915 659 3577 1125 1889 549 4509 608 3947 4685 4112 861 2080 1296 2717 4011 4813 4471 2725 2011 3516 1576 4217
3002 4996 53 4518 1919 2798 1839 4127 304 2980 4933 2957 456 4046 1133 968 1415 20 2156 1058 4492 4622 1383 1980 2618 3727 4273 2219 4873 130 538 2720 3242 2968 4996 3117 1857 3268 3376 3088 4596 3557 3464 3399 3736 4661 134 662 3837 2438 1533 769 3005 2624 1098 1575 636 2589 895 1188 2988 635 3077 2624 3998 4308 28 1916 1896 4808 675 1440 1447 2550 2065 571 4077 38 2864 3405 3858 1049 3142 3971 4660 2038 634 931 1903 1611 542 3913 3402 231 3404 2654 2403 1955 1430 3816 4987 4483 4120 4992 4550 217 4621 2757 3723 4205 4405 3850 16 4691 1106 1333 725 2234 2991 2868 1250 3593 2782 1824 262 2771 4597 3864 1355 3878 4316 952 3266 1681 3475 3716 2811 4609 2337 1442 2950 2388 535 4967 539 2625 2882 4096 2077 2850 1332 1992 4337 1451 2577 685 4608 544 4762 2298 1563 1682 4653 1020 2214 1015 1240 1687 4840 3416 3330 402 1971 3005 4517 4870 3932 1861 1579 3491 4564 3861 3100 1880 2030 3145 3554 3360 640 1077 3296 1357 2685 267 2739 1664 1471 27 3871 1710 4437 1784 2041 392 2796 4758 2337 329 3666 4104 4792 4249 2714 3114 243 2266 4905 1421 4242 1327 3866 3178 1040 3043 1688 4976 4249 66 3998 3509 3899 4247 4001 1728 4900 2126 1815 4150 1951 394 1749 3639 2041 3432 3469 709 2439 773 203 2407 3810 1711 3215 3473 4151 2950 4842 2234 2892 989 3809 3201 3089 3452 2011 42 1423 4206 3706 2759 3734 4519 4157 317 3370 4546 932 347 535 3127 1712 2983 4687 2572 223 2722 3680 3583 3905 611 1424 3255 3959 2231 201 963 4319 3939 2379 2169
1728 3600 2623 3149 828 2920 969 4650 3024 1081 385 3778 486 1991 2921 1415 1743 824 1341 664 3691 4479 4933 599 1418 1194 4232 4563 2946 4037 4657 3048 2960 2050 4214 244 4278 1212 2843 1149 1991 3002 534 2357 1776 3629 4511 4939 2630 1386 944 1193 4566 1929 393 744 3484 1177 3978 3689 3493 740 1937 3468 4453 476 4148 3098 233 4230 2350 66 2738 3201 4205 1731 4521 1272 2882 3799 4393 250 3273 3783 2366 2418 111 2772 1000 1302 1112 776 117 1616 696 4649 3607 2553 430 1273 723 4939 695 4843 3263 1985 2843 4334 3222 1035 3925 1642 3896 2667 1754 1675 913 87 898 4785 1735 3355 2601 3590 1101 3052 690 3198 972 4300 3777 1122 2359 1663 153 3633 344 518 1609 1245 2932 2255 593 2939 1292 3983 1245 3570 4465 3793 3489 3350 4342 1883 1840 1874 4272 4673 3213 2005 3499 2604 1593 2048 1312 3677 855 3964 786 4797 1035 3405 4211 1711 3742 1547 4212 3623 2447 265 122 3843 4839 2822 4740 2983 2559 3702 324 2731 4450 287 2870 2783 4528 809 2236 2300 121 4769 4747 1825 4606 2122 98 3282 882 1763 2357 3184 3583 3081 2803 4089 784 1620 2440 2591 231 3578 1446 2433 3984 1729 1606 2889 4509 3372 1728 1350 4901 3804 4727 534 2763 2955 2942 2291 175 4430 4910 1224 4705 4826 870 2679 4183 4281 2542 3762 3593 185 1024 1577 3533 3880 1307 3589 4129 203 3797 540 2731 98 1888 1610 4748 690 3260 1713 21 2704 1607 2432 70 791 2062 1261 263 864 817 4860 2870 2034 456 4460 2940 4008 2569 4509 1607 39 4816 2967 4471 3344 1933 936 699 4028
4923 2390 4280 1296 2968 2561 524 1201 4926 782 3964 4520 3857 826 1410 20 824 2513 531 1486 1954 1480 240 3241 4917 3701 3986 4114 959 531 2479 4783 341 4517 490 1574 312 2244 3733 2471 1037 4995 2910 3439 4066 2931 2980 494 3309 2976 3183 4828 4786 4501 3140 2833 3053 3595 1924 1273 1816 1956 252 2284 1863 1569 4679 4157 2624 4302 2524 4935 4318 3822 4941 3284 3897 4613 3857 199 1137 3190 4990 4735 712 3777 981 1182 4059 3685 2328 3021 2931 3316 2319 3858 418 2299 890 1173 4757 3159 3691 2889 2310 793 4936 1799 3868 4063 1647 3647 4158 4709 1410 1726 4437 2512 4415 749 4887 1600 1467 3292 3556 2521 1055 491 4320 1854 4299 3225 4935 4446 1078 376 4262 4262 2844 4318 4514 3728 3845 817 3230 4673 4731 241 1582 810 2683 4654 1695 2608 2999 1576 4685 4597 3911 2990 3552 4681 1202 3277 1116 524 2483 2895 1069 2112 65 1287 2985 4716 1786 707 4091 2059 2498 2787 4656 4159 1981 2774 731 4244 4931 762 585 3176 1474 2908 436 4815 56 2675 629 2264 3909 1755 3694 3806 2634 4442 3001 1377 2489 2280 2474 2904 4359 801 2542 3295 729 3573 4290 2388 2749 3469 444 2115 3431 2659 4560 2524 3387 2484 4466 512 1602 4595 89 1738 2259 630 2633 4949 2026 2016 1081 914 2383 224 1578 353 1112 3028 1673 2976 1945 707 4792 4416 2322 2134 3138 2095 1805 4726 4255 4604 2304 105 3847 2481 4699 4823 2179 4649 1083 4207 4875 1332 2296 1236 3039 3445 896 3768 4346 1560 3365 290 1117 1416 3854 2772 3068 813 972 3982 2927 4635 1387 756 1047 1413 2110 709
2767 486 3128 1353 1826 2433 1208 1601 3966 2060 1849 2415 2832 3532 4998 2156 1341 531 3206 3832 3100 1848 4552 4532 4496 3760 1596 1986 2891 3317 599 176 3332 311 3901 4558 3798 4612 3588 425 1999 3019 627 1251 1320 3543 55 1868 721 590 4240 459 2532 2863 2880 4322 4473 593 1885 1691 559 782 4864 2819 2950 3938 4440 4853 789 99 2428 799 421 1633 3708 4364 4690 4855 1937 2505 1146 2590 3706 784 4807 2787 1042 2324 94 304 4577 152 258 1687 4114 3728 492 2579 2310 4375 3751 1469 3860 1985 4615 4187 4632 318 1166 4346 159 4452 1530 3726 1699 1263 878 572 3178 2689 1702 2412 3536 1702 498 1197 2192 390 4802 1756 3690 3171 4539 1077 2639 2909 2061 4943 662 2487 3548 589 4324 175 2604 381 3474 449 2382 1139 3577 3353 988 1001 2787 377 4947 537 4472 2758 4649 1906 4175 464 2845 4138 4713 944 497 4223 89 4103 1304 4506 2512 4715 2333 3284 3855 3593 1245 4540 3454 412 4927 850 153 3480 4824 2227 2159 1309 3069 1954 1517 3803 798 681 4825 2363 3037 2507 4469 4844 3922 2515 3149 2167 4875 1147 4311 1450 736 996 2174 2791 4097 4074 1846 3088 813 4716 2230 3061 3405 4856 1095 484 1902 4543 4959 2367 528 2039 4252 3397 1469 76 3299 999 4142 2011 4165 3305 2628 889 2742 2492 2667 683 4437 1436 1976 3569 653 455 1350 2785 3958 850 1694 445 4029 2941 1525 4183 1758 3807 3967 2541 3175 2244 4906 3981 4460 1964 2925 251 1409 894 1126 3284 2393 1517 2328 2236 3271 4071 1865 2549 648 4214 652 1619 2038 3023 1966 4322 1920 561
1366 3539 215 1141 13 188 4688 207 3590 2926 3981 1541 1270 2637 2733 1058 664 1486 3832 1765 4618 27 4029 4578 3781 3550 4673 3644 3834 4541 2193 4223 4342 4297 4841 1666 1569 4893 3531 2662 929 331 2827 3493 3855 2546 958 2325 511 3053 4902 1455 1040 2173 3535 1089 3127 3301 3060 819 2217 1829 2152 38 925 2905 4407 203 339 2245 3031 910 89 3480 1483 2214 292 206 2799 4889 2634 3182 3631 3110 1016 1317 1063 1077 844 3399 3369 1952 482 4072 984 1346 4481 2118 4986 1930 3604 1128 415 4897 3235 2395 2162 4185 4562 1528 2666 3835 4339 944 233 4247 2541 787 2679 2305 331 440 209 995 3925 1797 4858 2001 33 2316 3007 268 883 4028 3737 1184 3502 3756 1078 2588 1446 1490 4961 2233 3721 328 1643 959 1999 973 4884 3728 4269 2672 2013 2733 3401 3021 4350 2299 3693 1900 995 3357 4078 1409 3410 1912 2605 4624 640 4567 4554 865 2884 4235 703 1504 4493 1152 496 4625 3158 3091 2330 2086 906 4614 2180 1495 239 3009 4892 4618 2307 4489 1360 3295 2054 4319 4481 471 1500 3964 1508 2140 4772 4191 198 3918 301 2398 3677 4646 830 1744 2873 4446 3193 2828 2499 142 3149 3337 652 1282 97 4640 3788 4634 3839 1962 2626 1515 3904 1306 2445 3400 3344 1646 337 2301 4770 4037 3440 919 3189 1321 1509 2011 2810 686 4062 721 219 2057 2737 4309 2568 174 1263 558 3464 2298 4472 1976 1995 1049 2323 4314 4856 4481 1108 2093 4619 1546 33 2014 3024 785 4501 4278 2104 1347 2618 1545 771 1660 3563 3539 4649 609 3053 493 4727 787 3737 4138 1623 1647
3817 4292 4237 3694 1805 385 3277 4751 4938 3482 2216 3945 1238 1272 1745 4492 3691 1954 3100 4618 1737 2269 4040 4607 1679 4840 4343 4321 3771 1868 4268 14 1330 4172 239 3125 3480 1026 1010 963 2285 4791 3166 14 731 3688 336 2967 888 3784 3938 2658 1849 749 3220 2775 557 3730 2331 2827 476 2955 48 1120 4506 1038 447 4241 3325 3245 2598 4885 1638 4905 2155 3234 34 3655 2530 1674 1046 1437 78 764 679 1658 2764 2782 1807 1962 1370 3221 265 2990 4904 2360 489 4732 448 2578 441 2196 1334 4510 4261 3226 2711 4107 3375 2414 3993 4520 3630 4038 1240 2983 4933 1469 2587 1122 4594 328 421 4458 1870 4236 1021 2907 973 3222 3079 3576 2308 796 1772 2781 3843 885 2427 4481 1856 306 2085 53 4582 1137 4947 1239 2757 411 2313 2990 3324 3460 1073 3090 3821 3835 4002 166 3586 395 1958 2862 3652 1116 59 47 2830 4864 4548 3343 4624 1123 1685 3458 3376 2999 4463 4808 2729 1370 1776 781 1202 619 2270 3064 4010 3263 3045 3165 946 1695 1449 2320 4075 747 3457 3742 4067 3812 585 2872 3652 3037 154 3891 4477 4122 2225 1645 4711 2421 1740 4657 4488 2764 4160 3384 21 3326 509 4453 4192 2152 2440 3293 4418 3438 2703 2429 1753 1656 4719 4369 3888 4586 4209 3905 4058 3975 940 3253 3020 4395 1515 2738 4533 4482 2138 4530 4192 3190 4847 1485 911 1646 2550 15 3260 4255 3261 3606 4742 3537 4178 1254 572 816 3555 3251 3453 4265 1314 4044 1023 1392 4495 258 108 2189 2282 2885 3933 3568 3492 2028 2892 1804 4535 1342 403 2783 2646 1620 373 4511 1082 4456
259 4647 1627 203 4091 2761 1432 647 4665 4498 4549 1412 4534 3449 4391 4622 4479 1480 1848 27 2269 385 4981 1279 2665 2914 3694 4629 158 4314 3611 1218 3139 1030 2059 2988 3692 174 1459 1946 3227 1606 4467 1411 1225 454 4572 2098 4269 3741 1644 1230 3621 3204 1034 3629 3455 2799 1006 3927 2118 4888 339 236 2514 1381 3399 4424 3588 1286 4784 1695 1269 4034 231 1487 302 868 2285 2242 1284 4015 2499 3779 2205 4361 3396 1502 1933 3195 3209 1364 904 3348 2775 4020 996 577 677 461 54 2592 369 64 4357 4862 2883 4009 3568 1444 3113 1402 157 4973 3870 1900 3956 1191 1199 1882 4282 4090 4253 1291 2374 83 1885 4163 1339 2849 4443 4766 3573 4912 826 2631 629 876 3452 1693 4436 191 1774 1747 313 949 4896 1656 640 1345 829 1641 3588 3392 331 1232 4010 940 256 2890 4121 3887 400 386 3643 3551 3317 2301 1629 1585 341 4473 3538 670 3958 1155 481 2776 2528 2534 3714 1410 4484 2905 4448 832 773 1005 2336 1981 1820 1289 3121 708 2897 4453 29 966 1791 4581 2844 2487 3124 3382 859 3979 3297 1169 184 4483 3611 598 2861 3990 365 758 1960 3772 1437 873 1998 160 4554 1838 3906 3922 4274 2929 2641 4981 3116 4358 4585 3930 147 630 3116 2531 4810 3337 1932 3467 2174 3416 176 3128 386 105 1827 2275 1900 4762 128 3345 3889 2282 4650 1091 3155 511 2768 3500 949 3793 1232 3418 4075 798 966 4830 3612 366 4618 2970 390 3561 3282 3656 2335 4602 606 384 130 3291 4812 2918 1934 1494 509 827 3682 2829 3914 4570 3563 3327 855 2180 2438 1419
2429 2324 1988 3958 4015 121 3132 3256 3232 4003 4196 600 1138 3593 1807 1383 4933 240 4552 4029 4040 4981 610 2675 2751 3514 215 3329 647 1280 3958 1486 4941 575 75 3803 3285 2749 3350 3494 2737 2907 82 3182 150 3407 964 344 1885 32 464 4651 1917 4501 3675 2501 809 4975 2458 3477 4488 421 2747 498 321 4255 1486 1415 2913 143 4334 4547 3767 208 3494 2521 4661 500 930 1943 1613 464 2624 1908 4581 3825 2570 1525 431 4515 4990 4681 199 2250 2317 4038 924 1160 4463 2802 4234 43 2701 1001 1417 4698 328 2641 4057 2921 238 4316 2559 4458 4161 4156 4945 946 3586 152 2386 616 3143 3805 1424 4562 1718 2282 283 1278 4065 2390 2559 162 4430 2447 4904 2625 4344 3023 4358 1983 3405 3042 4989 1631 1546 3505 509 3495 1128 4436 129 1132 996 3748 467 2618 3143 1421 1352 4068 4468 2521 2575 985 471 2694 3690 1419 739 4940 1150 1591 2027 3181 3071 3679 3864 1015 1970 3671 1261 653 4556 1746 4100 2306 3129 2441 3770 1056 2561 3066 2143 2222 3853 4605 168 996 4279 927 1228 3700 4376 2933 3812 757 3650 136 4629 263 2555 3755 407 858 397 4559 3674 1349 4084 1450 3402 3780 2861 843 3250 3120 2439 4234 863 2935 3101 712 2245 3511 1086 3841 796 1992 4141 3327 4259 4725 3635 478 81 4471 1435 3315 4446 3190 289 2041 1059 2956 3853 4367 1216 4229 2266 3837 3454 3125 2366 3806 2261 834 1407 1875 4011 1900 340 1855 4684 3348 1076 3303 4149 4034 3765 2601 3368 1917 3844 1203 4275 2958 1955 3357 3383 1712 1482 462 1569 4759 3364 3658 1625 4402
1571 3385 3567 4741 259 4318 4571 1843 4736 306 2182 4636 1923 4527 1008 1980 599 3241 4532 4578 4607 1279 2675 3668 2215 60 2730 2282 3952 3280 1845 2191 1639 1216 3465 979 3085 3376 1096 3925 4378 4178 1030 3956 1995 897 2584 4608 747 3321 3048 958 3900 2474 4305 4903 4387 1030 2461 4160 2871 1625 1805 4833 2027 3589 3180 869 2267 3886 1528 3761 1404 4204 4475 2371 320 1754 4744 4152 3340 3462 3307 2158 2770 2902 3529 3854 4260 1925 2947 1648 1763 4470 4387 1855 1157 1611 175 647 556 3847 4784 2492 2629 521 3623 2378 3514 4719 4590 2532 890 38 4907 4233 1312 3735 1533 3692 1391 3176 2939 4448 3923 3268 405 3985 2339 4729 1951 342 4815 1825 2485 4886 1663 3094 230 2624 3242 516 2698 4007 2119 3150 4695 1632 1335 1062 240 3406 3655 4889 692 1837 1996 3344 3551 1723 2024 249 3272 2160 3952 4144 4917 2976 4655 293 3605 663 3265 3587 1052 4459 1717 2497 4138 4645 3459 186 2159 1211 1326 1916 796 2926 4770 2075 2214 1729 513 1026 1941 3202 4094 374 3586 1220 4312 1670 4754 943 4272 2645 4254 4438 3054 3341 1541 1653 4504 3597 335 3992 816 1262 1496 250 1803 527 3974 4168 557 2590 2086 1713 3016 3162 2017 369 4807 757 3041 2424 3950 2888 3286 1946 4227 3219 1840 480 1290 2582 2726 4346 2695 4600 3358 2091 4789 3443 1444 3406 4160 2354 4381 36 631 3064 1775 2742 898 267 4803 1075 3971 2543 1300 3089 3143 4894 1268 192 1500 1720 3017 1454 584 579 2131 1585 865 4935 950 3363 2969 4414 3639 4345 465 1054 1737 2316 1204 1703 3738 2970
3900 1161 4636 938 2681 3540 3993 3104 4654 781 215 1311 3476 50 3829 2618 1418 4917 4496 3781 1679 2665 2751 2215 1054 4250 1829 1597 2807 4499 283 1906 2506 1142 1975 4104 1023 3926 4285 992 4288 3257 16 3232 2916 1862 1272 2024 2689 3329 2892 4860 801 1784 4741 1538 4178 4332 1219 1372 2860 2149 364 446 1954 556 1955 4311 4685 2301 3968 3656 4481 3376 2818 4985 4634 4183 3918 2330 4581 1039 336 467 954 267 4108 1043 1706 68 4161 1987 4114 59 4083 4011 1208 4708 3322 928 44 3227 1406 2505 764 1947 4522 4415 233 4969 4279 3087 2652 954 2151 2114 167 570 1838 3119 4707 499 2407 2837 2307 453 4437 1764 1204 1187 3323 4713 3318 3437 3711 525 3816 4690 4477 2517 1944 4945 358 1778 2109 4798 3989 2040 4076 1426 399 270 3877 527 4673 1072 3553 4332 723 2946 2402 4647 2691 932 2946 1074 373 858 1421 1652 3048 1537 684 3564 418 3837 1868 1581 4376 4572 997 2424 3787 2932 2830 3926 1356 657 1503 3257 1840 3783 551 2019 3045 2437 2685 1157 2681 2416 4538 3372 4781 4011 2396 989 885 4618 3070 77 3083 3688 1279 4270 1369 3242 3520 1475 3294 4514 2679 1645 4092 1553 3669 4315 2011 3670 1020 3132 1401 2628 400 753 4230 152 2255 4325 1879 2004 1910 1421 1143 808 2793 1995 260 1883 2224 4707 4927 1920 4094 4078 2110 4550 1617 1271 90 2785 350 1377 2060 2610 1249 606 2755 4489 105 3842 2998 163 2002 2287 3888 4061 1037 1602 2120 4697 3639 1920 2664 1830 2829 2103 1366 1683 751 1951 4781 2586 1084 1857 3822 750 4719 3232 3486 554
277 1397 2105 3153 1214 2584 3716 2869 3376 1078 817 3812 803 3641 2587 3727 1194 3701 3760 3550 4840 2914 3514 60 4250 3982 531 4739 4976 3335 1482 4724 2818 3764 607 1464 3510 4894 3966 39 3729 1004 2603 4187 740 2936 3107 3334 752 1462 4468 1069 4202 705 1207 4636 4448 2749 3965 3239 2487 2328 2499 466 1368 2066 2056 4093 1427 2382 3702 3498 2747 3480 4440 1256 1875 3263 1487 4694 148 3954 532 1539 4189 2635 3559 3078 4971 1874 1196 1973 2163 2818 189 1223 2799 464 10 3783 4826 4014 3072 339 2861 3397 1043 3091 3309 3182 4791 1405 720 629 4851 630 2298 4588 2574 1124 3513 4750 3842 1278 3527 4960 175 3526 2643 1652 3729 1065 916 226 562 3774 4359 3324 4645 3274 521 2365 1971 4176 1991 3427 3688 756 2122 2739 2522 2696 2837 4249 285 2020 25 2190 2140 3841 2737 1426 2551 3925 2026 459 76 3575 2809 3625 4363 4161 3499 755 3348 128 3568 588 529 4731 1272 3435 800 3219 3295 763 431 1919 3524 1039 943 4187 136 913 125 2508 2147 3794 1488 4690 1730 4292 3644 4943 91 3267 182 1849 1640 344 1955 4562 4379 1756 513 1591 3264 3239 3522 1628 333 3136 1570 4013 4318 3337 948 3065 216 2691 3688 3357 292 3021 1896 2500 2995 1811 4223 1092 3973 2213 4188 350 1817 2426 3767 4157 4447 1830 4686 1912 3562 4975 4501 84 1215 2138 422 1856 3353 2966 93 1406 3815 149 3087 3110 4581 3629 311 3461 249 2596 2295 3039 2708 858 4053 2800 2083 3616 3430 1418 4440 4580 4219 2845 4119 3168 4989 4178 2241 2923 1222 952 4904 1352 687 740
3390 947 4117 1592 1136 770 3236 4249 2449 3088 1321 2334 4437 1609 178 4273 4232 3986 1596 4673 4343 3694 215 2730 1829 531 4826 2039 2052 4452 4870 2449 2895 3467 283 3433 2275 2546 4427 585 3447 4321 4637 3623 3519 2810 287 2920 554 1815 1981 1945 1357 4832 4634 993 4671 4672 318 248 1184 3773 3852 3688 896 1264 209 1476 2575 4332 617 4823 4688 826 2140 2289 888 4106 550 927 1113 3804 4798 2435 1032 3009 1743 423 827 713 2285 4373 4271 2854 407 1733 3393 1014 1543 3820 4302 3523 829 1285 2278 135 3815 88 3076 2944 3056 2097 4874 3026 2027 2478 4203 1711 1839 2163 2167 1767 1373 3405 2709 1955 616 713 1789 1120 4279 4037 1894 1353 1294 150 915 4794 2000 4568 3038 2306 1880 1690 3705 1204 1195 3733 1338 2062 2341 2944 3225 918 2341 1134 1717 1947 2053 1100 2194 1181 155 2015 4362 3427 3973 3608 1707 3037 782 2891 2688 139 842 2579 3790 1612 4558 571 1278 2930 4611 794 430 1465 258 806 4772 1630 4211 1970 180 3292 2540 3323 643 1157 3052 4456 3332 1160 3103 1831 2033 4959 879 4935 184 4400 4813 2044 99 3351 2381 2015 2820 274 3963 3272 1324 2432 1271 4613 4312 2919 915 2858 4781 4044 2066 717 1086 3978 2262 2304 2358 166 3643 599 1601 4070 1612 1612 412 883 4233 407 2458 1814 1409 1824 4621 3546 3647 624 4470 701 67 338 2434 2223 572 2253 543 3874 3189 4971 329 192 3837 1091 926 3644 4646 487 2584 320 1546 4684 3297 697 4910 1935 847 2082 3040 1621 4667 3938 4246 4684 3072 3037 3879 270 471 4156 1184 4215
