N: 50
M: 10
Symmetric: true
Triangle: false
3 34 27 10
6 20 36 15 41 44 2
5 3 30 35 37 33
5 50 4 29 21 1
5 48 8 7 25 42
7 22 26 39 19 17 13 28
3 23 6 16
4 24 9 14 38
5 18 40 5 31 47
7 45 49 46 32 11 43 12
4032 2849 3122 304 854 3302 2037 3185 1409 958 475 342 1008 2128 3078 850 3214 501 1601 897 2648 2023 3299 1214 4954 1107 2621 3264 2341 4126 1127 2838 2403 4362 2630 3200 2713 247 4318 179 2056 933 2079 2971 1179 1891 4568 4867 3938 958
2849 4445 4782 3449 3794 498 4922 3398 366 2256 2006 2510 1056 1449 12 2967 1840 1090 308 1780 149 1640 4858 4291 1555 1079 1525 4962 2945 2884 839 2688 3007 1781 4668 581 3770 3127 1129 4454 3242 2132 2231 3387 4373 3090 115 181 2352 1717
3122 4782 2752 4200 2650 92 10 2276 3933 1061 2522 3418 887 635 3161 4337 3493 4736 2374 1642 1818 811 4442 1974 2624 1550 2859 804 3522 4759 1282 708 4084 651 3061 1060 4998 2723 637 3948 4380 3507 3170 2959 2885 4930 3179 3797 4183 4373
304 3449 4200 1211 3458 2259 43 4629 454 2013 3791 3599 135 418 341 3056 1215 1309 2451 3597 1449 2465 1836 2323 1466 4651 1052 686 4280 1221 505 971 2422 2011 4169 2517 2498 662 4735 1695 1714 1695 2152 1938 2485 4299 1113 655 1583 4940
854 3794 2650 3458 3660 617 2031 1721 3342 4035 4183 685 562 581 3520 947 1155 44 1085 1282 129 1829 449 1064 2087 2995 4797 4608 1648 4495 3654 4223 674 890 1258 3657 1083 3391 4912 3204 1334 2986 1794 581 789 4043 4853 4585 3849 4668
3302 498 92 2259 617 1198 710 1177 2589 945 4628 412 2670 4405 1005 1100 829 1108 3701 1193 2540 1236 3086 2687 661 1345 3596 2752 2165 96 1847 4215 1945 461 2865 2989 1467 1881 3701 462 2768 4891 1970 712 3513 2244 1173 2511 1867 447
2037 4922 10 43 2031 710 4278 3793 1071 243 2468 3746 4899 1517 4469 1987 2425 3370 3873 2275 3541 2361 1657 1091 4635 1226 4282 1688 2332 744 3001 180 4019 1236 292 4271 1247 4409 2748 1337 3479 462 1248 3264 3064 3351 4809 4816 845 2453
3185 3398 2276 4629 1721 1177 3793 784 4518 131 2914 3150 3993 3730 1175 3644 4819 4971 1719 1344 2758 4023 4265 1009 2855 3219 1229 3672 802 1762 1356 3864 3374 1911 1876 3782 3091 4486 3105 793 4990 3597 2777 2753 127 805 3195 953 3755 3873
1409 366 3933 454 3342 2589 1071 4518 4035 2592 3577 2667 1901 4101 648 1655 3073 2214 4307 3879 522 1752 4256 3001 376 3990 3877 3033 69 2226 2891 1038 773 4857 2883 1672 1592 999 1336 4408 2117 4070 3223 4711 3036 4347 4417 320 4143 3178
958 2256 1061 2013 4035 945 243 131 2592 4147 1289 4023 3022 1980 4749 3517 4894 4546 3386 3330 778 2206 306 770 3544 1044 957 1394 2887 2048 3931 820 1894 4028 171 386 3248 1659 2400 3590 2769 4638 465 1080 4551 1116 3816 3569 585 390
475 2006 2522 3791 4183 4628 2468 2914 3577 1289 1463 574 4472 4613 477 2470 450 2538 4891 4361 4573 4120 44 234 2691 4129 1871 1754 3006 4206 991 551 4602 2470 4964 199 1486 2918 484 996 4077 335 4066 2913 3518 1650 4666 3490 3710 3314
342 2510 3418 3599 685 412 3746 3150 2667 4023 574 1578 4630 3114 2835 945 1487 1467 1968 4046 4183 1718 4981 11 2553 3346 477 2859 840 114 658 2671 2803 4201 4986 3270 202 611 3920 4321 2887 720 4034 273 2033 2658 787 315 4038 4952
1008 1056 887 135 562 2670 4899 3993 1901 3022 4472 4630 4796 1908 741 1957 2470 205 3351 3008 2425 2864 1068 2346 3148 2279 2465 4875 4434 4046 2157 617 501 257 3269 2461 3349 4439 4316 1660 1921 822 2492 3165 1039 90 2786 1883 4661 3567
2128 1449 635 418 581 4405 1517 3730 4101 1980 4613 3114 1908 1468 3978 2044 4041 3827 3139 798 914 224 2375 3106 494 3660 352 587 4521 803 4376 1503 729 211 2112 3410 4753 443 3481 2516 2810 4235 18 720 4624 1614 13 4760 3545 83
3078 12 3161 341 3520 1005 4469 1175 648 4749 477 2835 741 3978 1572 2479 3402 3951 468 2064 3922 4115 3105 1613 4212 1103 2308 4205 4979 1802 4565 1854 4609 2236 924 2427 395 230 1876 4648 1345 3286 2816 4445 2740 2031 3944 2473 4098 2855
850 2967 4337 3056 947 1100 1987 3644 1655 3517 2470 945 1957 2044 2479 676 3658 1424 305 1990 4032 4334 3383 2458 3722 4270 57 2008 1282 294 1300 3115 863 1748 3618 3198 4879 2873 3961 4068 1808 699 611 26 3336 1578 534 1850 2318 1493
3214 1840 3493 1215 1155 829 2425 4819 3073 4894 450 1487 2470 4041 3402 3658 2457 1340 1482 4934 4666 612 3121 981 379 888 874 2932 3168 2057 3436 1969 4967 3693 3562 2388 1403 650 829 4747 4423 1764 3356 2814 4647 801 818 1998 3067 4149
501 1090 4736 1309 44 1108 3370 4971 2214 4546 2538 1467 205 3827 3951 1424 1340 1845 3876 1458 3774 1071 1737 4934 1827 565 3024 3157 65 639 4309 4644 118 4449 424 2986 2006 1376 205 4783 2358 552 1450 3789 3141 1197 238 3147 3996 3081
1601 308 2374 2451 1085 3701 3873 1719 4307 3386 4891 1968 3351 3139 468 305 1482 3876 1194 1477 2088 1135 3494 3428 4525 3877 529 1178 1224 3397 1429 958 3971 4675 2650 381 3383 1113 3774 1425 4263 2718 2542 3562 4285 4626 3206 2732 936 786
897 1780 1642 3597 1282 1193 2275 1344 3879 3330 4361 4046 3008 798 2064 1990 4934 1458 1477 3287 289 2926 2676 4440 1823 2063 2271 4744 1420 1732 346 235 3292 2263 1016 176 4732 2589 3279 4015 3898 4246 1167 317 4046 2800 3046 885 2662 3693
2648 149 1818 1449 129 2540 3541 2758 522 778 4573 4183 2425 914 3922 4032 4666 3774 2088 289 4408 1693 2803 3610 3224 1954 3551 2827 1799 3464 4852 3681 1480 4801 4545 3975 1036 4052 3473 1975 4601 380 2080 1706 2981 30 2119 4777 4697 4051
2023 1640 811 2465 1829 1236 2361 4023 1752 2206 4120 1718 2864 224 4115 4334 612 1071 1135 2926 1693 3131 1164 3059 3337 3492 976 2827 2624 3718 3617 4115 357 1562 2153 2446 4810 444 2821 3361 3477 3821 4072 826 4276 2337 3973 4784 187 1403
3299 4858 4442 1836 449 3086 1657 4265 4256 306 44 4981 1068 2375 3105 3383 3121 1737 3494 2676 2803 1164 2559 1671 1913 4091 3368 331 3550 3054 1478 4117 3721 1445 603 2411 4649 2782 2726 1088 2663 3993 4105 3671 3141 998 1040 4920 716 140
1214 4291 1974 2323 1064 2687 1091 1009 3001 770 234 11 2346 3106 1613 2458 981 4934 3428 4440 3610 3059 1671 371 4841 2837 1904 872 4309 398 2440 3686 1217 568 113 1616 691 2145 1839 339 945 4176 1130 2396 3622 3442 3155 4815 4139 347
4954 1555 2624 1466 2087 661 4635 2855 376 3544 2691 2553 3148 494 4212 3722 379 1827 4525 1823 3224 3337 1913 4841 1332 1676 4157 4084 427 3362 3021 1369 3733 1906 414 1863 1120 681 2955 271 1963 1317 237 4072 4305 2222 3400 2721 3288 921
1107 1079 1550 4651 2995 1345 1226 3219 3990 1044 4129 3346 2279 3660 1103 4270 888 565 3877 2063 1954 3492 4091 2837 1676 2883 2067 1261 3843 4795 2495 775 1015 3647 1131 4925 1615 3881 2285 4956 2721 421 289 3707 1137 4158 2463 1742 1150 2039
2621 1525 2859 1052 4797 3596 4282 1229 3877 957 1871 477 2465 352 2308 57 874 3024 529 2271 3551 976 3368 1904 4157 2067 3068 657 91 2778 3832 2226 4536 4306 1567 2622 3340 550 2056 3057 3961 3943 3940 2499 2327 4017 1443 4683 3490 708
3264 4962 804 686 4608 2752 1688 3672 3033 1394 1754 2859 4875 587 4205 2008 2932 3157 1178 4744 2827 2827 331 872 4084 1261 657 2645 3198 251 4393 3709 2362 248 3406 1525 937 1068 1031 2034 3693 3061 4943 4313 3716 2281 4993 1081 600 1868
2341 2945 3522 4280 1648 2165 2332 802 69 2887 3006 840 4434 4521 4979 1282 3168 65 1224 1420 1799 2624 3550 4309 427 3843 91 3198 554 67 3415 1740 3684 4009 670 1484 2222 2612 1142 3168 3057 4825 912 3381 1610 4921 2449 1354 1701 644
4126 2884 4759 1221 4495 96 744 1762 2226 2048 4206 114 4046 803 1802 294 2057 639 3397 1732 3464 3718 3054 398 3362 4795 2778 251 67 3374 4819 2483 2432 2192 4918 4477 4003 4791 2632 1415 4078 2622 1578 2219 1103 4156 3340 678 2899 3777
1127 839 1282 505 3654 1847 3001 1356 2891 3931 991 658 2157 4376 4565 1300 3436 4309 1429 346 4852 3617 1478 2440 3021 2495 3832 4393 3415 4819 1700 421 2350 1649 3051 2909 434 2184 388 334 2109 2387 2080 3539 529 657 3805 2651 3950 4887
2838 2688 708 971 4223 4215 180 3864 1038 820 551 2671 617 1503 1854 3115 1969 4644 958 235 3681 4115 4117 3686 1369 775 2226 3709 1740 2483 421 2029 1576 3146 3851 3019 937 567 3294 2361 2699 1107 4636 1033 320 3152 1087 387 2631 4673
2403 3007 4084 2422 674 1945 4019 3374 773 1894 4602 2803 501 729 4609 863 4967 118 3971 3292 1480 357 3721 1217 3733 1015 4536 2362 3684 2432 2350 1576 3000 1733 2738 2327 365 3745 450 360 2647 2273 1985 4530 4557 658 831 2583 3577 3003
4362 1781 651 2011 890 461 1236 1911 4857 4028 2470 4201 257 211 2236 1748 3693 4449 4675 2263 4801 1562 1445 568 1906 3647 4306 248 4009 2192 1649 3146 1733 186 3853 793 1317 1304 3386 3872 2924 2369 949 1030 2040 901 888 1861 1848 2095
2630 4668 3061 4169 1258 2865 292 1876 2883 171 4964 4986 3269 2112 924 3618 3562 424 2650 1016 4545 2153 603 113 414 1131 1567 3406 670 4918 3051 3851 2738 3853 1454 3893 4552 3169 4567 2571 363 814 3794 3462 3258 3555 4588 1695 3017 3346
3200 581 1060 2517 3657 2989 4271 3782 1672 386 199 3270 2461 3410 2427 3198 2388 2986 381 176 3975 2446 2411 1616 1863 4925 2622 1525 1484 4477 2909 3019 2327 793 3893 3415 2275 4832 4309 1609 769 114 3536 1729 4246 242 3598 2297 846 4555
2713 3770 4998 2498 1083 1467 1247 3091 1592 3248 1486 202 3349 4753 395 4879 1403 2006 3383 4732 1036 4810 4649 691 1120 1615 3340 937 2222 4003 434 937 365 1317 4552 2275 2013 1011 1143 3921 2660 1032 2457 2978 1873 201 1253 2387 673 4423
247 3127 2723 662 3391 1881 4409 4486 999 1659 2918 611 4439 443 230 2873 650 1376 1113 2589 4052 444 2782 2145 681 3881 550 1068 2612 4791 2184 567 3745 1304 3169 4832 1011 2907 1877 1814 1383 1907 1433 2175 2601 4562 568 3601 546 2153
4318 1129 637 4735 4912 3701 2748 3105 1336 2400 484 3920 4316 3481 1876 3961 829 205 3774 3279 3473 2821 2726 1839 2955 2285 2056 1031 1142 2632 388 3294 450 3386 4567 4309 1143 1877 3489 2674 1596 346 3496 3337 2287 4693 4811 4504 4018 3493
179 4454 3948 1695 3204 462 1337 793 4408 3590 996 4321 1660 2516 4648 4068 4747 4783 1425 4015 1975 3361 1088 339 271 4956 3057 2034 3168 1415 334 2361 360 3872 2571 1609 3921 1814 2674 2901 952 3326 4036 4105 893 670 4072 3322 4575 4582
2056 3242 4380 1714 1334 2768 3479 4990 2117 2769 4077 2887 1921 2810 1345 1808 4423 2358 4263 3898 4601 3477 2663 945 1963 2721 3961 3693 3057 4078 2109 2699 2647 2924 363 769 2660 1383 1596 952 207 571 2700 3650 1107 3058 4069 3612 995 203
933 2132 3507 1695 2986 4891 462 3597 4070 4638 335 720 822 4235 3286 699 1764 552 2718 4246 380 3821 3993 4176 1317 421 3943 3061 4825 2622 2387 1107 2273 2369 814 114 1032 1907 346 3326 571 3961 4289 552 462 1946 3788 3732 1496 811
2079 2231 3170 2152 1794 1970 1248 2777 3223 465 4066 4034 2492 18 2816 611 3356 1450 2542 1167 2080 4072 4105 1130 237 289 3940 4943 912 1578 2080 4636 1985 949 3794 3536 2457 1433 3496 4036 2700 4289 1493 1521 4449 2383 1442 767 4109 4359
2971 3387 2959 1938 581 712 3264 2753 4711 1080 2913 273 3165 720 4445 26 2814 3789 3562 317 1706 826 3671 2396 4072 3707 2499 4313 3381 2219 3539 1033 4530 1030 3462 1729 2978 2175 3337 4105 3650 552 1521 3806 1950 998 181 4772 4441 585
1179 4373 2885 2485 789 3513 3064 127 3036 4551 3518 2033 1039 4624 2740 3336 4647 3141 4285 4046 2981 4276 3141 3622 4305 1137 2327 3716 1610 1103 529 320 4557 2040 3258 4246 1873 2601 2287 893 1107 462 4449 1950 2266 1442 776 1957 2821 4440
1891 3090 4930 4299 4043 2244 3351 805 4347 1116 1650 2658 90 1614 2031 1578 801 1197 4626 2800 30 2337 998 3442 2222 4158 4017 2281 4921 4156 657 3152 658 901 3555 242 201 4562 4693 670 3058 1946 2383 998 1442 1651 2194 3349 4846 1358
4568 115 3179 1113 4853 1173 4809 3195 4417 3816 4666 787 2786 13 3944 534 818 238 3206 3046 2119 3973 1040 3155 3400 2463 1443 4993 2449 3340 3805 1087 831 888 4588 3598 1253 568 4811 4072 4069 3788 1442 181 776 2194 3808 1618 995 4143
4867 181 3797 655 4585 2511 4816 953 320 3569 3490 315 1883 4760 2473 1850 1998 3147 2732 885 4777 4784 4920 4815 2721 1742 4683 1081 1354 678 2651 387 2583 1861 1695 2297 2387 3601 4504 3322 3612 3732 767 4772 1957 3349 1618 2401 3863 4235
3938 2352 4183 1583 3849 1867 845 3755 4143 585 3710 4038 4661 3545 4098 2318 3067 3996 936 2662 4697 187 716 4139 3288 1150 3490 600 1701 2899 3950 2631 3577 1848 3017 846 673 546 4018 4575 995 1496 4109 4441 2821 4846 995 3863 2872 185
958 1717 4373 4940 4668 447 2453 3873 3178 390 3314 4952 3567 83 2855 1493 4149 3081 786 3693 4051 1403 140 347 921 2039 708 1868 644 3777 4887 4673 3003 2095 3346 4555 4423 2153 3493 4582 203 811 4359 585 4440 1358 4143 4235 185 138
