N: 50
M: 10
Symmetric: true
Triangle: false
4 6 12 36 19
5 40 1 16 44 5
5 43 11 50 29 35
1 28
4 26 10 47 41
6 34 46 39 49 4 14
6 25 21 18 32 48 3
5 30 38 23 17 15
7 9 42 22 13 24 27 45
7 33 20 31 2 7 8 37
812 2921 3548 1999 924 598 4331 425 2973 2636 1069 2452 530 4552 863 2209 4967 571 2527 255 4959 3516 1554 3836 2915 1562 196 3861 912 3153 2415 4833 4593 736 4731 1752 51 3443 2440 4619 1876 3303 4811 2867 2134 2783 2399 3633 1763 4062
2921 3449 2748 4034 2716 3866 1698 910 2243 4440 193 228 2400 1267 4517 4383 2771 4147 2117 2954 4946 2233 1023 4736 3558 328 4269 617 3547 3953 536 4834 2027 1100 3659 2906 4625 293 2841 2482 376 293 800 316 4706 2687 689 1416 1184 3846
3548 2748 4121 1919 2495 139 4673 308 2201 4558 4200 4056 1174 2570 4388 4257 1890 1204 1207 3236 4193 1127 4609 2733 1021 4780 3994 2437 3127 1530 453 3213 307 4499 3001 4979 2772 4326 1191 3938 1171 1940 22 939 4791 3954 876 4820 1640 2785
1999 4034 1919 1489 4671 2598 604 856 1691 2113 2044 1120 3165 4430 3823 1677 4856 2123 904 2649 2990 823 4542 2294 630 3536 4937 2043 1839 1043 958 363 3141 3084 473 3001 3973 844 3086 2925 3592 4546 4771 3084 2020 116 2897 4698 3077 2965
924 2716 2495 4671 4867 2310 1295 743 630 3742 709 3000 1477 1931 385 158 1587 3998 4591 3043 3555 699 1610 1322 1649 1680 4391 2932 3202 3462 1097 2048 2807 4745 1256 1709 4190 799 3790 2724 2974 2439 2299 3293 874 261 1078 4109 4190 2948
598 3866 139 2598 2310 1590 4282 4637 215 2235 3213 4436 132 3022 3822 3524 574 3573 2057 3153 228 890 3281 322 925 3787 145 4125 1188 581 4734 2212 2198 2144 2408 3234 3084 2281 4079 282 2767 2072 1303 1188 1371 3648 1219 364 2996 2858
4331 1698 4673 604 1295 4282 2872 1822 3619 4175 3322 2613 4135 2115 3235 3365 622 1938 2392 4655 3148 4337 3694 4016 290 2329 4084 478 383 3078 1112 2998 1223 2328 4411 4952 1615 1659 1950 66 3211 1498 3047 793 2572 4281 3297 4453 4741 4417
425 910 308 856 743 4637 1822 819 32 4569 24 1713 3660 2082 2160 3694 4677 81 3445 4824 4068 1786 3456 3357 3093 210 365 2840 3477 2551 308 3615 455 3440 4585 2302 2574 294 4596 480 876 4796 3515 3881 2078 316 808 4694 3029 1053
2973 2243 2201 1691 630 215 3619 32 1533 1114 978 4504 919 491 2109 2180 445 3070 3185 3951 2994 1311 50 718 527 3118 3184 4587 4169 2516 2218 4950 577 2065 4167 4928 1099 3304 352 4428 1704 2193 1437 488 1572 236 3631 985 419 1175
2636 4440 4558 2113 3742 2235 4175 4569 1114 4094 1558 1580 277 1512 853 2802 3426 672 781 4957 392 1478 4943 4374 633 3058 2600 4702 4788 2222 129 3752 358 3886 4087 177 2773 1984 3761 4705 3924 3930 2234 2406 3066 4720 3848 1742 503 40
1069 193 4200 2044 709 3213 3322 24 978 1558 1235 1787 4526 3422 2005 1493 540 4393 1640 1047 3359 453 4824 354 749 976 4740 4198 3911 3753 4413 4354 818 3660 4581 3086 3117 3940 4850 4419 37 3522 3144 4423 3107 1731 1981 1259 2209 2947
2452 228 4056 1120 3000 4436 2613 1713 4504 1580 1787 2478 3021 4043 652 1353 1650 3368 1129 1043 3618 2448 4050 903 4008 306 4236 2027 4823 4035 2189 337 2151 4641 2132 4286 2992 793 2442 4082 2723 3121 806 4049 2956 3023 1784 700 1816 4501
530 2400 1174 3165 1477 132 4135 3660 919 277 4526 3021 581 87 261 4257 435 1588 2876 3789 981 204 1794 4738 197 1465 841 1864 2400 2675 1184 1462 4023 1815 577 3675 740 4494 4612 3553 1680 893 1000 3473 2100 3335 3925 3334 4465 4911
4552 1267 2570 4430 1931 3022 2115 2082 491 1512 3422 4043 87 3389 1822 2716 4912 1773 4796 3392 807 677 914 937 3886 3167 2386 4495 351 4736 1316 2291 4049 137 4191 1803 2789 1567 2459 1092 2307 987 1627 812 3170 4497 4716 20 4839 2487
863 4517 4388 3823 385 3822 3235 2160 2109 853 2005 652 261 1822 1934 128 1507 2013 4061 1413 2594 4138 2151 4751 664 2779 3913 3204 2618 3945 3754 3794 2368 1518 698 3698 3232 2664 3589 870 1680 1229 3086 3657 184 4259 89 4173 376 2535
2209 4383 4257 1677 158 3524 3365 3694 2180 2802 1493 1353 4257 2716 128 649 325 2597 1938 2407 2415 4070 537 1081 326 16 1344 1306 743 2533 3074 1347 1911 4272 4533 4489 4366 2305 4737 1679 747 2982 670 791 1483 3905 2246 2260 1480 2666
4967 2771 1890 4856 1587 574 622 4677 445 3426 540 1650 435 4912 1507 325 2173 497 2772 2802 2780 2532 2713 4054 3912 4332 1139 1063 3073 2910 2732 4649 3117 2732 1002 3455 3573 3537 1179 876 327 2145 2811 549 3729 2873 3849 2456 67 4540
571 4147 1204 2123 3998 3573 1938 81 3070 672 4393 3368 1588 1773 2013 2597 497 266 3005 2616 2667 2964 3069 3305 631 823 4143 718 960 2213 4790 1308 2096 2342 1725 4275 3556 2581 590 1132 2013 4176 968 210 2155 710 359 4653 1415 1989
2527 2117 1207 904 4591 2057 2392 3445 3185 781 1640 1129 2876 4796 4061 1938 2772 3005 3014 3294 2540 3904 3487 4059 2308 1846 1183 866 2986 407 1784 2659 4807 4327 4602 3090 2601 2951 541 4676 2452 1178 3467 1107 4391 1246 308 2133 3164 2984
255 2954 3236 2649 3043 3153 4655 4824 3951 4957 1047 1043 3789 3392 1413 2407 2802 2616 3294 4414 791 4695 4876 219 959 4706 489 1055 2388 3455 4273 2428 2656 1017 2822 362 3966 4525 1243 2136 94 3803 4413 3476 2401 3590 4199 4821 1268 4289
4959 4946 4193 2990 3555 228 3148 4068 2994 392 3359 3618 981 807 2594 2415 2780 2667 2540 791 566 2896 854 95 3569 3169 3640 4038 3380 3534 4567 1896 1098 790 1545 2791 1462 4774 3344 1791 4345 1076 3547 4882 4721 4146 798 2951 4503 4692
3516 2233 1127 823 699 890 4337 1786 1311 1478 453 2448 204 677 4138 4070 2532 2964 3904 4695 2896 864 1251 275 1906 2105 3030 2120 1201 1444 3196 980 2229 4100 11 4161 4484 3547 2824 4224 2670 2153 3874 4491 3324 1212 3967 4510 1336 1481
1554 1023 4609 4542 1610 3281 3694 3456 50 4943 4824 4050 1794 914 2151 537 2713 3069 3487 4876 854 1251 2741 1336 3527 1039 1178 1121 260 3629 1188 4747 1888 1255 901 2139 3637 1239 932 469 4120 3452 607 4505 3752 1815 4361 3623 3985 3267
3836 4736 2733 2294 1322 322 4016 3357 718 4374 354 903 4738 937 4751 1081 4054 3305 4059 219 95 275 1336 1472 4311 4287 3681 1798 3120 2251 4907 4272 1412 1251 1007 2086 1844 1110 2088 4818 1322 1796 2848 1675 3745 4200 1544 1354 3724 467
2915 3558 1021 630 1649 925 290 3093 527 633 749 4008 197 3886 664 326 3912 631 2308 959 3569 1906 3527 4311 3519 1969 2437 185 3673 2294 1611 1011 2897 13 2026 4951 4847 3725 2379 1147 1656 3615 3010 3225 3657 4917 655 1181 2257 4011
1562 328 4780 3536 1680 3787 2329 210 3118 3058 976 306 1465 3167 2779 16 4332 823 1846 4706 3169 2105 1039 4287 1969 547 1354 4154 3708 4047 659 2955 1762 1337 1035 3578 4961 3117 2314 4444 3076 1616 4948 2431 2660 2893 1181 2862 289 901
196 4269 3994 4937 4391 145 4084 365 3184 2600 4740 4236 841 2386 3913 1344 1139 4143 1183 489 3640 3030 1178 3681 2437 1354 903 2773 4755 2567 125 601 1354 943 354 1375 3754 1377 4431 3578 1209 2520 1611 2332 2246 2329 894 756 729 380
3861 617 2437 2043 2932 4125 478 2840 4587 4702 4198 2027 1864 4495 3204 1306 1063 718 866 1055 4038 2120 1121 1798 185 4154 2773 4722 3320 2245 2847 3116 1425 1276 2142 4361 2652 3442 4183 1322 2429 1563 3851 413 4675 847 1464 2617 4073 1898
912 3547 3127 1839 3202 1188 383 3477 4169 4788 3911 4823 2400 351 2618 743 3073 960 2986 2388 3380 1201 260 3120 3673 3708 4755 3320 4798 1549 2228 748 1055 1848 2317 751 1049 2333 2009 4225 4605 1544 4238 3545 1805 809 3700 1601 2553 362
3153 3953 1530 1043 3462 581 3078 2551 2516 2222 3753 4035 2675 4736 3945 2533 2910 2213 407 3455 3534 1444 3629 2251 2294 4047 2567 2245 1549 1384 1172 556 1434 1683 2861 4463 2565 4880 3766 4427 4733 2743 3222 1103 3244 964 1588 4917 1175 3862
2415 536 453 958 1097 4734 1112 308 2218 129 4413 2189 1184 1316 3754 3074 2732 4790 1784 4273 4567 3196 1188 4907 1611 659 125 2847 2228 1172 3479 3327 4751 17 247 1543 3934 1567 2595 1584 1760 580 252 3017 4754 2244 1131 4250 1179 3243
4833 4834 3213 363 2048 2212 2998 3615 4950 3752 4354 337 1462 2291 3794 1347 4649 1308 2659 2428 1896 980 4747 4272 1011 2955 601 3116 748 556 3327 4711 2405 754 1972 3271 2567 591 1582 2094 2772 2388 550 2594 3198 1485 4000 2287 3212 2779
4593 2027 307 3141 2807 2198 1223 455 577 358 818 2151 4023 4049 2368 1911 3117 2096 4807 2656 1098 2229 1888 1412 2897 1762 1354 1425 1055 1434 4751 2405 4510 3233 2282 4173 3713 627 3857 1564 1930 215 1409 2041 3585 4702 2880 4694 3822 902
736 1100 4499 3084 4745 2144 2328 3440 2065 3886 3660 4641 1815 137 1518 4272 2732 2342 4327 1017 790 4100 1255 1251 13 1337 943 1276 1848 1683 17 754 3233 2358 2218 3655 3146 4561 872 912 1096 3731 3147 2837 4023 1267 1748 1844 3814 3577
4731 3659 3001 473 1256 2408 4411 4585 4167 4087 4581 2132 577 4191 698 4533 1002 1725 4602 2822 1545 11 901 1007 2026 1035 354 2142 2317 2861 247 1972 2282 2218 196 3303 42 4910 4936 1242 2244 4514 3275 2692 1857 2589 3409 2955 344 3322
1752 2906 4979 3001 1709 3234 4952 2302 4928 177 3086 4286 3675 1803 3698 4489 3455 4275 3090 362 2791 4161 2139 2086 4951 3578 1375 4361 751 4463 1543 3271 4173 3655 3303 4178 2645 841 115 681 4131 4536 561 2508 1993 4148 2074 4866 1159 3011
51 4625 2772 3973 4190 3084 1615 2574 1099 2773 3117 2992 740 2789 3232 4366 3573 3556 2601 3966 1462 4484 3637 1844 4847 4961 3754 2652 1049 2565 3934 2567 3713 3146 42 2645 1013 1186 2605 3181 4434 1712 1518 723 1689 4196 2708 1533 2052 259
3443 293 4326 844 799 2281 1659 294 3304 1984 3940 793 4494 1567 2664 2305 3537 2581 2951 4525 4774 3547 1239 1110 3725 3117 1377 3442 2333 4880 1567 591 627 4561 4910 841 1186 2221 2327 21 3282 789 3242 892 681 1556 2836 1516 1375 740
2440 2841 1191 3086 3790 4079 1950 4596 352 3761 4850 2442 4612 2459 3589 4737 1179 590 541 1243 3344 2824 932 2088 2379 2314 4431 4183 2009 3766 2595 1582 3857 872 4936 115 2605 2327 4694 592 3061 3185 1694 3356 169 1093 3154 3733 4861 2603
4619 2482 3938 2925 2724 282 66 480 4428 4705 4419 4082 3553 1092 870 1679 876 1132 4676 2136 1791 4224 469 4818 1147 4444 3578 1322 4225 4427 1584 2094 1564 912 1242 681 3181 21 592 4443 513 3089 1527 4268 1217 2361 4342 3611 1126 1729
1876 376 1171 3592 2974 2767 3211 876 1704 3924 37 2723 1680 2307 1680 747 327 2013 2452 94 4345 2670 4120 1322 1656 3076 1209 2429 4605 4733 1760 2772 1930 1096 2244 4131 4434 3282 3061 513 4515 4001 1081 2794 3770 1222 2939 3920 2869 4488
3303 293 1940 4546 2439 2072 1498 4796 2193 3930 3522 3121 893 987 1229 2982 2145 4176 1178 3803 1076 2153 3452 1796 3615 1616 2520 1563 1544 2743 580 2388 215 3731 4514 4536 1712 789 3185 3089 4001 457 37 3433 4580 3491 459 554 40 3624
4811 800 22 4771 2299 1303 3047 3515 1437 2234 3144 806 1000 1627 3086 670 2811 968 3467 4413 3547 3874 607 2848 3010 4948 1611 3851 4238 3222 252 550 1409 3147 3275 561 1518 3242 1694 1527 1081 37 994 3344 1726 4795 4736 649 2645 2357
2867 316 939 3084 3293 1188 793 3881 488 2406 4423 4049 3473 812 3657 791 549 210 1107 3476 4882 4491 4505 1675 3225 2431 2332 413 3545 1103 3017 2594 2041 2837 2692 2508 723 892 3356 4268 2794 3433 3344 986 2628 4237 2412 1436 539 852
2134 4706 4791 2020 874 1371 2572 2078 1572 3066 3107 2956 2100 3170 184 1483 3729 2155 4391 2401 4721 3324 3752 3745 3657 2660 2246 4675 1805 3244 4754 3198 3585 4023 1857 1993 1689 681 169 1217 3770 4580 1726 2628 85 2516 2843 4712 858 4838
2783 2687 3954 116 261 3648 4281 316 236 4720 1731 3023 3335 4497 4259 3905 2873 710 1246 3590 4146 1212 1815 4200 4917 2893 2329 847 809 964 2244 1485 4702 1267 2589 4148 4196 1556 1093 2361 1222 3491 4795 4237 2516 3011 283 1476 785 266
2399 689 876 2897 1078 1219 3297 808 3631 3848 1981 1784 3925 4716 89 2246 3849 359 308 4199 798 3967 4361 1544 655 1181 894 1464 3700 1588 1131 4000 2880 1748 3409 2074 2708 2836 3154 4342 2939 459 4736 2412 2843 283 2030 1456 349 3567
3633 1416 4820 4698 4109 364 4453 4694 985 1742 1259 700 3334 20 4173 2260 2456 4653 2133 4821 2951 4510 3623 1354 1181 2862 756 2617 1601 4917 4250 2287 4694 1844 2955 4866 1533 1516 3733 3611 3920 554 649 1436 4712 1476 1456 1554 2595 1586
1763 1184 1640 3077 4190 2996 4741 3029 419 503 2209 1816 4465 4839 376 1480 67 1415 3164 1268 4503 1336 3985 3724 2257 289 729 4073 2553 1175 1179 3212 3822 3814 344 1159 2052 1375 4861 1126 2869 40 2645 539 858 785 349 2595 2933 447
4062 3846 2785 2965 2948 2858 4417 1053 1175 40 2947 4501 4911 2487 2535 2666 4540 1989 2984 4289 4692 1481 3267 467 4011 901 380 1898 362 3862 3243 2779 902 3577 3322 3011 259 740 2603 1729 4488 3624 2357 852 4838 266 3567 1586 447 2280
