N: 50
M: 10
Symmetric: true
Triangle: false
7 37 30 38 36 26 22 31
3 5 14 12
5 19 44 3 11 20
4 4 25 15 21
7 28 18 34 48 16 35 50
6 24 2 8 29 17 7
4 43 13 33 45
6 6 41 42 10 49 32
4 40 47 23 9
4 46 1 27 39
832 4098 1377 3373 4838 3318 1144 2780 1801 2949 4392 1801 4018 306 2910 423 3543 182 3044 4376 1938 1105 2873 862 3610 1779 2658 4312 4528 4815 1519 2204 2979 1698 2713 278 27 2358 3674 3750 2163 4955 4598 1788 4663 3904 4505 4187 3278 3222
4098 3417 322 1140 1165 3509 716 257 4271 2396 479 1630 4460 4359 313 4225 4845 626 1710 2882 1518 1626 3089 3631 4182 2321 1338 187 1605 2635 1285 4561 1356 1036 3533 4029 510 2436 1461 2099 3874 3659 2321 1064 3002 3338 750 1067 2517 985
1377 322 3387 4052 1471 1194 32 349 1670 3950 3194 3609 4456 2609 640 3738 1130 2118 1899 306 2385 243 4210 2234 2136 3987 4029 4195 2046 2190 3198 3544 2080 3129 4735 2394 519 4008 148 4475 910 739 4741 1229 4340 1811 931 1058 1638 3147
3373 1140 4052 4579 1893 1615 2612 3887 2446 4697 3651 740 3489 1915 3526 712 359 24 3113 3958 1921 87 4494 2747 1737 3226 2341 3235 2184 3435 2278 3643 4415 573 1556 832 935 3811 2942 4327 2354 4673 2749 3041 3822 1521 3659 3505 3491 371
4838 1165 1471 1893 1842 657 3538 2466 220 3890 2211 2801 4497 2382 4081 4075 369 4613 3322 3642 1557 2580 1217 4627 1497 4240 4139 693 176 2455 1869 2718 1762 1336 749 223 888 4134 1002 2277 408 3049 4406 114 1513 4486 1757 854 1089 4091
3318 3509 1194 1615 657 4471 822 4769 330 3041 2125 1530 4864 1087 2339 887 2130 2566 4507 4514 2348 2570 299 4911 4993 3134 311 2504 212 3162 151 4448 3586 30 837 4061 3340 1112 3070 1731 57 265 988 3269 931 1085 4075 1859 1237 4258
1144 716 32 2612 3538 822 3991 209 4921 4144 3250 2359 4913 3075 1338 1955 2529 1972 1610 1016 965 1787 2395 623 3403 805 2203 4019 4847 3983 2870 569 3403 4189 3262 229 1819 1058 2354 3068 3975 3556 1160 976 2951 786 4150 3832 2669 4252
2780 257 349 3887 2466 4769 209 1780 633 3087 3275 3495 3627 2658 481 3804 1841 1369 437 1371 4155 2069 505 4086 1232 3412 1072 2934 2359 4136 4923 4188 4215 1554 3397 4385 2062 3039 3025 3023 436 2739 1539 3309 1137 2216 2438 3612 3876 3160
1801 4271 1670 2446 220 330 4921 633 718 4282 4337 1381 2926 3392 4813 2185 1480 1370 1228 2541 4548 1375 154 2726 803 1695 1918 1814 3341 1926 2257 2920 2585 131 171 4704 2284 2723 3533 577 790 1735 4271 1544 602 4329 569 4365 3802 3674
2949 2396 3950 4697 3890 3041 4144 3087 4282 724 729 1156 4165 1427 935 4438 428 1470 3655 4320 258 4884 2556 1455 2033 935 4320 2945 4879 2469 1593 2920 1703 2584 1135 2292 804 571 3746 1967 884 2618 432 1399 266 2535 1036 3382 3657 42
4392 479 3194 3651 2211 2125 3250 3275 4337 729 569 2489 3786 426 1054 1066 3394 2355 675 4508 3752 1860 3929 2781 4642 4491 3842 3775 4993 4801 4517 272 2199 1575 2741 1291 3217 1257 4234 4314 2411 2407 83 3002 3404 2867 219 2960 4274 1340
1801 1630 3609 740 2801 1530 2359 3495 1381 1156 2489 4815 1025 726 3772 131 1724 1473 2782 4003 2521 3860 2491 2112 386 345 3195 2537 3239 3713 620 4633 4419 2842 363 4138 1258 4783 65 330 2512 4143 3502 217 519 4995 1131 1962 1408 337
4018 4460 4456 3489 4497 4864 4913 3627 2926 4165 3786 1025 3532 2758 320 2718 4187 2042 11 1606 378 706 808 174 2497 1114 342 3595 505 1364 1495 1858 609 4250 1594 4528 3196 4210 3542 233 2573 3225 1280 1010 1534 4398 2223 1873 125 2118
306 4359 2609 1915 2382 1087 3075 2658 3392 1427 426 726 2758 2323 2923 4082 1662 2506 4440 92 3454 4294 4353 1430 4852 559 3832 2935 2432 4439 3072 2457 4244 2126 4634 3218 379 1299 4498 3383 2398 3969 3911 3680 1904 954 2341 1357 2731 468
2910 313 640 3526 4081 2339 1338 481 4813 935 1054 3772 320 2923 2676 51 2219 4644 4122 2593 4893 3758 4073 3840 1225 3831 887 2756 2421 1247 421 309 3034 4226 2629 1977 772 1075 4945 1467 1899 1316 4503 661 3580 562 2874 3367 1246 874
423 4225 3738 712 4075 887 1955 3804 2185 4438 1066 131 2718 4082 51 1591 3421 1765 1209 754 603 221 870 4451 1044 4612 3827 3965 3014 785 2953 679 2662 891 3569 3123 1599 953 3027 2545 1386 2976 1249 762 4794 1785 2260 1961 2184 4237
3543 4845 1130 359 369 2130 2529 1841 1480 428 3394 1724 4187 1662 2219 3421 725 3902 3452 3480 4379 3067 4301 4842 1035 4759 2130 2074 2337 2705 1076 1631 1496 3325 4559 2117 144 2343 2616 2176 3321 1412 4500 1057 1934 1023 4102 1697 690 928
182 626 2118 24 4613 2566 1972 1369 1370 1470 2355 1473 2042 2506 4644 1765 3902 3030 2003 4599 3992 2210 1157 3157 4544 2388 288 3415 4886 3266 2887 911 46 1657 48 3386 4586 708 4113 2998 387 4575 2285 4008 1482 2626 2646 1400 2883 332
3044 1710 1899 3113 3322 4507 1610 437 1228 3655 675 2782 11 4440 4122 1209 3452 2003 4456 336 2560 3186 2241 859 4444 4337 4261 52 564 902 3993 513 629 3708 3051 4569 3962 4685 4817 3215 3526 3242 1001 3827 3708 4242 4111 572 4546 1791
4376 2882 306 3958 3642 4514 1016 1371 2541 4320 4508 4003 1606 92 2593 754 3480 4599 336 2011 4840 3280 2672 2107 4244 4694 323 4025 4990 1513 2365 2064 2897 606 4042 2533 4872 3181 2022 998 487 529 327 4039 1464 2829 388 2998 616 3046
1938 1518 2385 1921 1557 2348 965 4155 4548 258 3752 2521 378 3454 4893 603 4379 3992 2560 4840 313 54 4414 2594 1408 3771 4790 2719 1232 2454 1040 3173 2998 4884 2160 1893 207 159 2378 2342 1038 4314 52 1085 1272 938 1487 1775 545 3892
1105 1626 243 87 2580 2570 1787 2069 1375 4884 1860 3860 706 4294 3758 221 3067 2210 3186 3280 54 4312 2108 3864 2493 1230 1695 2110 930 2761 3275 4826 4213 3536 927 4803 3866 2437 3066 84 3995 4415 3745 844 3986 478 1121 4457 101 2417
2873 3089 4210 4494 1217 299 2395 505 154 2556 3929 2491 808 4353 4073 870 4301 1157 2241 2672 4414 2108 3074 647 4198 417 3997 2010 4447 734 130 3342 2449 3478 2037 3255 1173 1614 224 1041 1077 509 1842 848 501 948 970 2852 3204 31
862 3631 2234 2747 4627 4911 623 4086 2726 1455 2781 2112 174 1430 3840 4451 4842 3157 859 2107 2594 3864 647 2544 1489 685 3977 849 4580 368 2287 459 3446 2345 1284 1542 4899 1531 2948 1618 1803 3409 1099 1699 3716 2741 303 2589 4406 923
3610 4182 2136 1737 1497 4993 3403 1232 803 2033 4642 386 2497 4852 1225 1044 1035 4544 4444 4244 1408 2493 4198 1489 184 1035 2022 2134 2895 2898 2459 3321 4473 3030 846 1972 4115 669 434 1320 3055 4850 2291 4305 3961 2017 2202 136 1390 648
1779 2321 3987 3226 4240 3134 805 3412 1695 935 4491 345 1114 559 3831 4612 4759 2388 4337 4694 3771 1230 417 685 1035 4056 852 2410 2626 1589 4945 1522 3343 3958 33 2130 72 4879 2292 28 3888 3295 1491 2012 1133 3922 4891 2943 3676 2113
2658 1338 4029 2341 4139 311 2203 1072 1918 4320 3842 3195 342 3832 887 3827 2130 288 4261 323 4790 1695 3997 3977 2022 852 4971 4148 2962 1744 1971 3131 362 530 4867 14 4967 4725 1624 2094 2990 1957 947 1786 3460 4621 2636 2900 755 4256
4312 187 4195 3235 693 2504 4019 2934 1814 2945 3775 2537 3595 2935 2756 3965 2074 3415 52 4025 2719 2110 2010 849 2134 2410 4148 2229 4407 128 2758 183 374 2920 16 3724 1353 4812 262 4590 3310 474 3474 1135 4059 3411 1149 1138 4131 3982
4528 1605 2046 2184 176 212 4847 2359 3341 4879 4993 3239 505 2432 2421 3014 2337 4886 564 4990 1232 930 4447 4580 2895 2626 2962 4407 1222 1337 4894 816 3723 4626 2508 2284 1289 1269 4773 1833 2114 1374 3030 1235 3068 124 4461 3609 1842 3962
4815 2635 2190 3435 2455 3162 3983 4136 1926 2469 4801 3713 1364 4439 1247 785 2705 3266 902 1513 2454 2761 734 368 2898 1589 1744 128 1337 3689 2297 4749 68 4017 1323 4712 1420 2429 2638 3552 4827 4805 3489 2854 669 3774 2209 1841 4741 3067
1519 1285 3198 2278 1869 151 2870 4923 2257 1593 4517 620 1495 3072 421 2953 1076 2887 3993 2365 1040 3275 130 2287 2459 4945 1971 2758 4894 2297 2339 4724 3989 1620 652 2071 1031 4083 417 260 1889 147 4172 1773 1991 2847 4818 4249 4115 4140
2204 4561 3544 3643 2718 4448 569 4188 2920 2920 272 4633 1858 2457 309 679 1631 911 513 2064 3173 4826 3342 459 3321 1522 3131 183 816 4749 4724 4470 860 3312 1710 4437 4759 4375 2686 2269 2082 3916 3356 3279 1913 2375 3724 4218 1539 358
2979 1356 2080 4415 1762 3586 3403 4215 2585 1703 2199 4419 609 4244 3034 2662 1496 46 629 2897 2998 4213 2449 3446 4473 3343 362 374 3723 68 3989 860 3913 1848 1587 1031 1858 3732 800 4638 2204 4869 1666 4153 3873 2840 3787 185 4030 168
1698 1036 3129 573 1336 30 4189 1554 131 2584 1575 2842 4250 2126 4226 891 3325 1657 3708 606 4884 3536 3478 2345 3030 3958 530 2920 4626 4017 1620 3312 1848 3952 225 211 2520 3609 4124 2810 4769 3374 286 2536 1003 1451 4523 207 4035 3016
2713 3533 4735 1556 749 837 3262 3397 171 1135 2741 363 1594 4634 2629 3569 4559 48 3051 4042 2160 927 2037 1284 846 33 4867 16 2508 1323 652 1710 1587 225 3667 3000 3497 4173 1848 1826 75 1923 889 1325 231 1483 2242 4731 3047 3364
278 4029 2394 832 223 4061 229 4385 4704 2292 1291 4138 4528 3218 1977 3123 2117 3386 4569 2533 1893 4803 3255 1542 1972 2130 14 3724 2284 4712 2071 4437 1031 211 3000 2669 1392 2321 3224 2438 48 2332 2539 658 4600 1058 3235 435 1454 4090
27 510 519 935 888 3340 1819 2062 2284 804 3217 1258 3196 379 772 1599 144 4586 3962 4872 207 3866 1173 4899 4115 72 4967 1353 1289 1420 1031 4759 1858 2520 3497 1392 3701 875 3802 4627 3338 1528 4980 2255 3000 3710 3074 4245 4046 3697
2358 2436 4008 3811 4134 1112 1058 3039 2723 571 1257 4783 4210 1299 1075 953 2343 708 4685 3181 159 2437 1614 1531 669 4879 4725 4812 1269 2429 4083 4375 3732 3609 4173 2321 875 2628 4801 4183 4077 1275 1392 1691 32 3238 2090 528 485 3138
3674 1461 148 2942 1002 3070 2354 3025 3533 3746 4234 65 3542 4498 4945 3027 2616 4113 4817 2022 2378 3066 224 2948 434 2292 1624 262 4773 2638 417 2686 800 4124 1848 3224 3802 4801 4540 2387 4802 3391 1884 2332 2800 620 2052 1499 4251 2256
3750 2099 4475 4327 2277 1731 3068 3023 577 1967 4314 330 233 3383 1467 2545 2176 2998 3215 998 2342 84 1041 1618 1320 28 2094 4590 1833 3552 260 2269 4638 2810 1826 2438 4627 4183 2387 3879 1917 3046 4643 3071 4783 4721 3638 4930 2798 4629
2163 3874 910 2354 408 57 3975 436 790 884 2411 2512 2573 2398 1899 1386 3321 387 3526 487 1038 3995 1077 1803 3055 3888 2990 3310 2114 4827 1889 2082 2204 4769 75 48 3338 4077 4802 1917 1218 3167 3383 3084 3195 591 3324 2048 3075 3249
4955 3659 739 4673 3049 265 3556 2739 1735 2618 2407 4143 3225 3969 1316 2976 1412 4575 3242 529 4314 4415 509 3409 4850 3295 1957 474 1374 4805 147 3916 4869 3374 1923 2332 1528 1275 3391 3046 3167 1071 3850 1672 3395 3044 2717 4570 1556 1392
4598 2321 4741 2749 4406 988 1160 1539 4271 432 83 3502 1280 3911 4503 1249 4500 2285 1001 327 52 3745 1842 1099 2291 1491 947 3474 3030 3489 4172 3356 1666 286 889 2539 4980 1392 1884 4643 3383 3850 293 3806 1489 3356 715 1527 4078 3853
1788 1064 1229 3041 114 3269 976 3309 1544 1399 3002 217 1010 3680 661 762 1057 4008 3827 4039 1085 844 848 1699 4305 2012 1786 1135 1235 2854 1773 3279 4153 2536 1325 658 2255 1691 2332 3071 3084 1672 3806 3135 4471 2534 1902 2384 4207 2677
4663 3002 4340 3822 1513 931 2951 1137 602 266 3404 519 1534 1904 3580 4794 1934 1482 3708 1464 1272 3986 501 3716 3961 1133 3460 4059 3068 669 1991 1913 3873 1003 231 4600 3000 32 2800 4783 3195 3395 1489 4471 239 2769 2854 3002 1588 2132
3904 3338 1811 1521 4486 1085 786 2216 4329 2535 2867 4995 4398 954 562 1785 1023 2626 4242 2829 938 478 948 2741 2017 3922 4621 3411 124 3774 2847 2375 2840 1451 1483 1058 3710 3238 620 4721 591 3044 3356 2534 2769 119 4565 4607 557 1209
4505 750 931 3659 1757 4075 4150 2438 569 1036 219 1131 2223 2341 2874 2260 4102 2646 4111 388 1487 1121 970 303 2202 4891 2636 1149 4461 2209 4818 3724 3787 4523 2242 3235 3074 2090 2052 3638 3324 2717 715 1902 2854 4565 1279 3299 3785 4854
4187 1067 1058 3505 854 1859 3832 3612 4365 3382 2960 1962 1873 1357 3367 1961 1697 1400 572 2998 1775 4457 2852 2589 136 2943 2900 1138 3609 1841 4249 4218 185 207 4731 435 4245 528 1499 4930 2048 4570 1527 2384 3002 4607 3299 4488 4617 3986
3278 2517 1638 3491 1089 1237 2669 3876 3802 3657 4274 1408 125 2731 1246 2184 690 2883 4546 616 545 101 3204 4406 1390 3676 755 4131 1842 4741 4115 1539 4030 4035 3047 1454 4046 485 4251 2798 3075 1556 4078 4207 1588 557 3785 4617 4202 1255
3222 985 3147 371 4091 4258 4252 3160 3674 42 1340 337 2118 468 874 4237 928 332 1791 3046 3892 2417 31 923 648 2113 4256 3982 3962 3067 4140 358 168 3016 3364 4090 3697 3138 2256 4629 3249 1392 3853 2677 2132 1209 4854 3986 1255 254
