N: 50
M: 10
Symmetric: true
Triangle: false
5 12 39 20 37 46
7 11 33 45 22 2 24 15
1 25
9 7 14 47 27 34 10 29 13 1
5 49 5 32 44 28
3 42 36 8
5 18 41 19 23 3
2 43 26
4 4 50 35 16
9 9 17 40 48 21 30 31 6 38
4882 1994 1714 4111 3174 130 3330 4418 4676 4839 529 105 850 143 4063 4381 3043 2080 3933 3620 3480 2175 2135 4844 2545 434 2908 535 2349 1181 4442 3044 3623 2139 2631 114 3658 3470 3072 801 4301 2407 1985 150 4485 4217 1380 491 4953 3280
1994 1200 4636 4493 3339 1700 2022 3204 1510 1280 1045 3930 1403 2537 3161 1204 1675 4687 465 1796 3581 3208 457 3068 4592 4752 2486 258 2490 2492 758 4874 2289 2827 2868 3041 2723 2977 1113 1160 1912 2591 878 640 4989 3916 4210 964 3389 939
1714 4636 3224 2754 4953 2991 4132 2821 1245 14 2311 3810 4977 3563 2402 3023 2915 1370 3547 3929 3380 3950 4095 41 3342 1123 2331 3237 113 4115 1107 821 3337 1451 2558 574 1111 3573 3234 294 984 4387 2879 946 2420 1334 3584 4706 4122 2277
4111 4493 2754 2650 3554 1286 2236 2785 209 132 2142 4453 2501 4293 3900 588 3230 1181 4338 1778 4709 4311 1474 3929 2061 1142 980 3922 2981 3207 756 395 4933 3554 4957 2886 2693 3272 173 230 778 3255 4338 4093 159 4646 2190 1733 2286 2165
3174 3339 4953 3554 385 204 643 4955 852 2790 2189 727 4149 2125 2047 2925 555 3172 1198 4951 2144 2842 3885 738 1735 3838 2860 3154 1768 1173 3740 1526 4122 3287 2691 4598 1841 2315 4136 513 3904 4311 1998 3483 3048 1703 3990 1595 2187 2668
130 1700 2991 1286 204 143 1903 4196 1345 1402 2939 1148 399 3200 3070 4278 3565 2491 4404 2065 2427 2424 152 3404 4629 867 4264 1654 3791 4726 1012 3805 4314 1776 2949 4389 1989 110 3607 4652 3328 1497 2865 1057 2780 3383 134 2549 1289 4221
3330 2022 4132 2236 643 1903 1889 2827 4272 3420 879 1509 4534 2723 2839 1279 76 3776 4947 4726 808 3384 2672 3758 4767 3920 3656 4610 620 4323 3828 4179 4250 3360 4624 4735 1551 2673 596 430 273 4734 2664 1222 466 2364 647 2833 2272 1169
4418 3204 2821 2785 4955 4196 2827 1862 427 1752 519 2931 531 1162 3045 4005 1664 812 4434 4737 3346 1274 828 3682 2397 1732 4428 397 4498 2620 3608 2165 3624 3645 2759 4566 4013 728 3193 2059 1884 1321 14 1036 2450 4727 3048 4099 451 4468
4676 1510 1245 209 852 1345 4272 427 3017 3235 1925 4351 2362 4409 4971 3336 4336 2243 4049 2269 1356 1245 2965 370 3162 2891 3345 1588 1643 782 333 2941 732 2256 3455 2474 3092 2326 1459 2179 1917 4333 3126 3433 350 885 3596 258 645 4128
4839 1280 14 132 2790 1402 3420 1752 3235 1550 2146 4863 3408 1878 1885 838 627 255 4453 1960 845 803 1731 275 2462 1474 1484 2788 1492 2562 3135 1313 439 2649 2394 3194 4382 801 1384 4791 538 4633 4440 2618 2885 1290 3610 2521 2940 1966
529 1045 2311 2142 2189 2939 879 519 1925 2146 124 3350 1712 4093 2059 4270 2446 3819 236 1026 4995 1020 3187 4825 1072 3532 3163 502 2554 3988 1509 430 1838 3357 2356 2635 3982 1028 4349 1949 4501 3921 3927 1425 4536 3242 2454 127 736 4616
105 3930 3810 4453 727 1148 1509 2931 4351 4863 3350 3718 2791 4267 3608 160 1403 3542 1333 584 4219 3269 4752 2547 3894 2279 95 2065 916 2276 4550 2369 4395 1494 3718 3823 1426 4797 3691 3688 2490 3041 4746 396 2971 3476 1543 4095 609 3006
850 1403 4977 2501 4149 399 4534 531 2362 3408 1712 2791 4835 3573 3931 2358 1415 3425 4775 1303 2907 4118 4599 4939 3168 2734 836 3081 1549 1899 3310 3701 1778 2525 1758 1274 3200 3289 498 3362 4776 2893 2161 4293 3607 2338 2459 4841 1297 3670
143 2537 3563 4293 2125 3200 2723 1162 4409 1878 4093 4267 3573 3805 4212 918 2636 2869 4341 4462 4858 4377 1152 4579 3365 3025 1414 3623 4090 1136 4651 4147 30 1827 4977 3459 4024 4085 294 4011 3206 1663 4559 976 4771 2728 4585 2904 2154 772
4063 3161 2402 3900 2047 3070 2839 3045 4971 1885 2059 3608 3931 4212 4119 3935 4945 1871 4764 2892 2359 1824 2786 4523 2089 3234 3535 4183 2376 1563 3614 1811 4039 2578 804 1131 1057 3827 35 938 3197 924 4067 4786 470 3713 3785 3075 2787 265
4381 1204 3023 588 2925 4278 1279 4005 3336 838 4270 160 2358 918 3935 3449 1824 2136 2705 537 2986 2322 198 609 63 4866 456 3008 1871 2138 2453 4121 2789 1733 2015 3148 382 4409 1156 832 1739 4907 3181 4615 4962 4101 1208 3626 462 4942
3043 1675 2915 3230 555 3565 76 1664 4336 627 2446 1403 1415 2636 4945 1824 2649 3354 4921 4073 2107 539 4747 1727 439 674 3621 3346 3753 4204 2048 72 1736 3640 3057 2070 2778 3810 108 1756 924 543 479 3871 4851 1687 3587 2693 1732 1552
2080 4687 1370 1181 3172 2491 3776 812 2243 255 3819 3542 3425 2869 1871 2136 3354 1498 2973 2880 2035 1467 2223 2081 3584 4121 3393 4614 2484 4321 2316 3505 498 1475 675 2383 64 2631 920 2621 3266 2738 4067 4621 3123 943 3805 91 1056 4853
3933 465 3547 4338 1198 4404 4947 4434 4049 4453 236 1333 4775 4341 4764 2705 4921 2973 2164 2374 4389 2148 4996 1667 3297 1307 3357 3498 1194 669 3183 1088 3431 1055 2823 1183 1709 4417 3390 4509 4705 3193 3781 3608 4507 814 4662 2674 2173 3547
3620 1796 3929 1778 4951 2065 4726 4737 2269 1960 1026 584 1303 4462 2892 537 4073 2880 2374 1828 4932 3392 1463 813 2879 4284 315 4758 4200 314 904 3921 4483 2025 1843 4952 692 4647 4586 3340 1211 2548 3792 2986 2778 2100 1090 3120 807 3585
3480 3581 3380 4709 2144 2427 808 3346 1356 845 4995 4219 2907 4858 2359 2986 2107 2035 4389 4932 411 986 3566 4092 1262 2282 4707 3390 4893 2535 4359 1374 2097 955 3477 3525 1207 1205 590 324 404 1481 3632 3514 4981 4669 1302 1303 4690 2880
2175 3208 3950 4311 2842 2424 3384 1274 1245 803 1020 3269 4118 4377 1824 2322 539 1467 2148 3392 986 2922 829 2520 225 2063 2285 1517 1271 583 3525 188 2138 2682 876 2077 1042 791 891 3149 3536 1191 575 4354 3781 2116 3754 4983 3664 4190
2135 457 4095 1474 3885 152 2672 828 2965 1731 3187 4752 4599 1152 2786 198 4747 2223 4996 1463 3566 829 753 1830 4067 2017 748 4956 4182 4657 4006 1262 3303 1000 1831 2424 3383 3812 4322 3123 3950 4324 562 1529 1614 3496 2802 4078 3082 1005
4844 3068 41 3929 738 3404 3758 3682 370 275 4825 2547 4939 4579 4523 609 1727 2081 1667 813 4092 2520 1830 4675 3059 4239 83 2418 4468 4075 4517 1823 172 1370 3077 4822 930 1958 389 3618 252 3721 1170 2106 4212 3815 3394 3977 1684 146
2545 4592 3342 2061 1735 4629 4767 2397 3162 2462 1072 3894 3168 3365 2089 63 439 3584 3297 2879 1262 225 4067 3059 1131 118 3645 4374 4224 1426 881 1559 1820 83 2303 191 911 3172 347 1116 1742 1409 3567 1432 2592 789 1892 584 714 2909
434 4752 1123 1142 3838 867 3920 1732 2891 1474 3532 2279 2734 3025 3234 4866 674 4121 1307 4284 2282 2063 2017 4239 118 3997 3924 3831 1790 2628 684 1884 645 3752 4249 3703 4847 2910 628 2850 290 4382 239 3955 3185 2993 175 714 891 3327
2908 2486 2331 980 2860 4264 3656 4428 3345 1484 3163 95 836 1414 3535 456 3621 3393 3357 315 4707 2285 748 83 3645 3924 2537 1890 3686 1710 3140 3770 4749 3872 3378 1815 4432 680 309 2213 1719 4523 3684 1717 1330 4102 3359 1443 1372 4069
535 258 3237 3922 3154 1654 4610 397 1588 2788 502 2065 3081 3623 4183 3008 3346 4614 3498 4758 3390 1517 4956 2418 4374 3831 1890 3837 1837 4852 351 4623 3516 2876 3461 3066 784 2586 4459 3142 52 3165 120 1858 375 1636 186 4180 3916 855
2349 2490 113 2981 1768 3791 620 4498 1643 1492 2554 916 1549 4090 2376 1871 3753 2484 1194 4200 4893 1271 4182 4468 4224 1790 3686 1837 4960 3768 1449 4869 4166 230 1038 4200 346 2810 2479 1214 417 439 3964 2685 1673 4687 4921 1527 2246 2747
1181 2492 4115 3207 1173 4726 4323 2620 782 2562 3988 2276 1899 1136 1563 2138 4204 4321 669 314 2535 583 4657 4075 1426 2628 1710 4852 3768 2639 473 120 4447 231 4221 458 1171 1573 1491 1332 195 1905 4940 3109 1086 2892 1110 917 4833 934
4442 758 1107 756 3740 1012 3828 3608 333 3135 1509 4550 3310 4651 3614 2453 2048 2316 3183 904 4359 3525 4006 4517 881 684 3140 351 1449 473 878 4846 4587 2189 1566 1619 4131 996 3470 3321 4757 4560 3933 930 2675 3103 122 2256 4099 4140
3044 4874 821 395 1526 3805 4179 2165 2941 1313 430 2369 3701 4147 1811 4121 72 3505 1088 3921 1374 188 1262 1823 1559 1884 3770 4623 4869 120 4846 4460 2690 1466 525 147 4418 4046 2458 3031 4159 2165 264 3024 4138 3404 299 419 1989 1365
3623 2289 3337 4933 4122 4314 4250 3624 732 439 1838 4395 1778 30 4039 2789 1736 498 3431 4483 2097 2138 3303 172 1820 645 4749 3516 4166 4447 4587 2690 319 4302 4867 3405 239 2516 3490 2248 4043 469 2939 3205 1697 3743 4347 2193 2003 2965
2139 2827 1451 3554 3287 1776 3360 3645 2256 2649 3357 1494 2525 1827 2578 1733 3640 1475 1055 2025 955 2682 1000 1370 83 3752 3872 2876 230 231 2189 1466 4302 1972 1485 1449 1695 2255 1267 3060 1141 2443 4472 16 3157 954 2328 3263 240 2494
2631 2868 2558 4957 2691 2949 4624 2759 3455 2394 2356 3718 1758 4977 804 2015 3057 675 2823 1843 3477 876 1831 3077 2303 4249 3378 3461 1038 4221 1566 525 4867 1485 3618 2155 4542 4814 4554 1664 3296 2230 3376 4018 2512 807 4926 330 1500 621
114 3041 574 2886 4598 4389 4735 4566 2474 3194 2635 3823 1274 3459 1131 3148 2070 2383 1183 4952 3525 2077 2424 4822 191 3703 1815 3066 4200 458 1619 147 3405 1449 2155 4495 2167 4808 2942 42 4842 3492 1959 2716 1992 2628 612 419 4393 1899
3658 2723 1111 2693 1841 1989 1551 4013 3092 4382 3982 1426 3200 4024 1057 382 2778 64 1709 692 1207 1042 3383 930 911 4847 4432 784 346 1171 4131 4418 239 1695 4542 2167 2380 1418 4948 2232 1772 1989 950 1214 1993 2628 1495 903 3861 2119
3470 2977 3573 3272 2315 110 2673 728 2326 801 1028 4797 3289 4085 3827 4409 3810 2631 4417 4647 1205 791 3812 1958 3172 2910 680 2586 2810 1573 996 4046 2516 2255 4814 4808 1418 4870 545 4200 3157 3074 3383 4476 3310 4417 618 4279 3075 1766
3072 1113 3234 173 4136 3607 596 3193 1459 1384 4349 3691 498 294 35 1156 108 920 3390 4586 590 891 4322 389 347 628 309 4459 2479 1491 3470 2458 3490 1267 4554 2942 4948 545 2474 4907 350 4069 1159 54 4006 4477 940 1075 1235 320
801 1160 294 230 513 4652 430 2059 2179 4791 1949 3688 3362 4011 938 832 1756 2621 4509 3340 324 3149 3123 3618 1116 2850 2213 3142 1214 1332 3321 3031 2248 3060 1664 42 2232 4200 4907 4446 1665 4675 3545 3256 3941 3306 690 1324 1002 2966
4301 1912 984 778 3904 3328 273 1884 1917 538 4501 2490 4776 3206 3197 1739 924 3266 4705 1211 404 3536 3950 252 1742 290 1719 52 417 195 4757 4159 4043 1141 3296 4842 1772 3157 350 1665 1437 4492 1317 518 3494 3340 3942 643 251 3898
2407 2591 4387 3255 4311 1497 4734 1321 4333 4633 3921 3041 2893 1663 924 4907 543 2738 3193 2548 1481 1191 4324 3721 1409 4382 4523 3165 439 1905 4560 2165 469 2443 2230 3492 1989 3074 4069 4675 4492 3626 829 2249 3470 4410 1999 2733 4921 3165
1985 878 2879 4338 1998 2865 2664 14 3126 4440 3927 4746 2161 4559 4067 3181 479 4067 3781 3792 3632 575 562 1170 3567 239 3684 120 3964 4940 3933 264 2939 4472 3376 1959 950 3383 1159 3545 1317 829 225 3269 2075 4177 3044 1914 2886 4378
150 640 946 4093 3483 1057 1222 1036 3433 2618 1425 396 4293 976 4786 4615 3871 4621 3608 2986 3514 4354 1529 2106 1432 3955 1717 1858 2685 3109 930 3024 3205 16 4018 2716 1214 4476 54 3256 518 2249 3269 3209 4995 2558 796 2792 2706 390
4485 4989 2420 159 3048 2780 466 2450 350 2885 4536 2971 3607 4771 470 4962 4851 3123 4507 2778 4981 3781 1614 4212 2592 3185 1330 375 1673 1086 2675 4138 1697 3157 2512 1992 1993 3310 4006 3941 3494 3470 2075 4995 574 4046 1463 3175 118 2609
4217 3916 1334 4646 1703 3383 2364 4727 885 1290 3242 3476 2338 2728 3713 4101 1687 943 814 2100 4669 2116 3496 3815 789 2993 4102 1636 4687 2892 3103 3404 3743 954 807 2628 2628 4417 4477 3306 3340 4410 4177 2558 4046 4406 1913 1741 3798 3129
1380 4210 3584 2190 3990 134 647 3048 3596 3610 2454 1543 2459 4585 3785 1208 3587 3805 4662 1090 1302 3754 2802 3394 1892 175 3359 186 4921 1110 122 299 4347 2328 4926 612 1495 618 940 690 3942 1999 3044 796 1463 1913 2072 3216 3800 600
491 964 4706 1733 1595 2549 2833 4099 258 2521 127 4095 4841 2904 3075 3626 2693 91 2674 3120 1303 4983 4078 3977 584 714 1443 4180 1527 917 2256 419 2193 3263 330 419 903 4279 1075 1324 643 2733 1914 2792 3175 1741 3216 3667 2652 2140
4953 3389 4122 2286 2187 1289 2272 451 645 2940 736 609 1297 2154 2787 462 1732 1056 2173 807 4690 3664 3082 1684 714 891 1372 3916 2246 4833 4099 1989 2003 240 1500 4393 3861 3075 1235 1002 251 4921 2886 2706 118 3798 3800 2652 3952 100
3280 939 2277 2165 2668 4221 1169 4468 4128 1966 4616 3006 3670 772 265 4942 1552 4853 3547 3585 2880 4190 1005 146 2909 3327 4069 855 2747 934 4140 1365 2965 2494 621 1899 2119 1766 320 2966 3898 3165 4378 390 2609 3129 600 2140 100 1274
