N: 50
M: 10
Symmetric: true
Triangle: false
4 26 6 3 13
8 44 24 46 50 30 8 29 28
3 2 31 40
6 14 10 4 41 15 17
6 5 45 16 49 18 43
3 7 47 25
7 38 37 19 34 36 48 33
4 42 11 1 27
4 32 23 21 12
5 22 35 20 39 9
2674 1832 1847 555 51 3805 582 4738 4722 2628 241 3717 3333 1250 2442 795 4019 1971 2184 66 2902 1622 3642 1084 4824 4359 2078 1462 1193 3073 3156 71 4177 3166 3903 322 2239 4184 175 102 2904 2640 2091 4762 4718 4553 1066 4571 4580 3949
1832 486 4760 3451 3046 48 4042 2758 3305 3623 1518 3786 2967 4839 2935 14 795 4420 4875 4015 2635 4228 3535 267 2120 2055 2574 2095 2482 2890 3952 3405 314 2200 4766 2280 3473 4802 989 2917 3252 526 2071 665 1761 2891 4825 154 3007 977
1847 4760 543 4096 4645 2470 2181 3605 3369 4917 4601 4709 2486 1827 864 3803 101 4986 1399 2964 119 4399 1885 4370 1721 4269 2398 3035 1032 1572 3227 112 150 4335 780 2344 762 2497 912 2484 1392 3547 391 801 2345 3335 25 2220 1889 1584
555 3451 4096 892 729 4064 4203 2003 2146 3724 563 1842 986 476 4755 668 4799 3526 2113 3522 4062 4459 2877 1699 4916 512 4123 154 4098 2975 4228 4928 2086 3336 3861 434 428 2289 824 3002 3320 4647 1734 1103 2747 2887 1795 3089 209 748
51 3046 4645 729 1067 4456 585 3747 2849 4640 4785 1966 1332 3933 404 3617 1031 4802 3437 1574 4357 2168 1513 2852 2203 3424 2346 2053 3417 4007 2737 416 4338 4924 3905 3059 3480 1420 93 2045 1548 1306 563 4470 1664 2335 471 4141 4182 1644
3805 48 2470 4064 4456 1633 3958 4890 2909 3709 723 4181 2965 1503 4932 475 3539 3348 3888 4286 4225 3752 1890 4393 3542 3613 187 3118 820 4761 2087 2154 4126 1132 4121 2322 3677 1857 2969 3348 2346 4103 3991 1416 2755 2837 2748 2767 1368 4400
582 4042 2181 4203 585 3958 4417 2089 1308 4195 1030 2983 4161 3000 1463 884 1352 2031 3209 378 3095 3113 1919 759 2662 4702 267 4227 1275 918 538 3800 284 4352 1141 4453 1239 4755 428 2202 4144 3367 1590 440 4480 181 2499 1215 4088 1273
4738 2758 3605 2003 3747 4890 2089 4241 2494 254 1528 3682 3650 4575 2081 3242 1982 2700 4099 3212 1349 1178 2707 306 3351 1907 198 875 2806 1030 954 1705 1356 1956 3087 589 428 4384 2391 2790 2732 2948 2612 809 1534 2206 1753 2001 3258 46
4722 3305 3369 2146 2849 2909 1308 2494 306 2509 1566 770 2046 1209 569 189 2531 346 4618 2599 3914 1813 1702 212 3910 683 2166 3781 1025 760 2525 2467 1488 2203 3306 2011 4259 1367 555 4431 3743 3715 2437 1537 3767 2849 3145 305 2617 2575
2628 3623 4917 3724 4640 3709 4195 254 2509 848 4004 4896 104 746 657 2970 2602 2178 2806 1972 568 2831 2094 2228 1723 4660 415 1826 2281 382 2387 2115 3370 312 512 3444 3625 4785 1157 1542 3080 1933 3516 4354 1526 4309 2324 4505 4328 2497
241 1518 4601 563 4785 723 1030 1528 1566 4004 1783 3138 4704 4638 3100 3427 1853 4207 2804 3854 3772 3699 889 2621 4154 1159 1098 2546 892 4561 4493 3076 4397 4926 4580 2384 4949 3232 2122 3267 529 3548 1913 4779 2032 3034 1059 466 4182 1642
3717 3786 4709 1842 1966 4181 2983 3682 770 4896 3138 4382 2610 751 3141 1026 3124 3357 157 984 2085 1939 4212 371 2014 3591 2698 4345 955 4663 1806 4390 2678 3653 4635 2913 4657 1314 4797 2225 624 259 4926 3781 2544 3764 3597 3795 3077 3738
3333 2967 2486 986 1332 2965 4161 3650 2046 104 4704 2610 3638 741 2765 672 4074 2047 3163 1487 1909 2235 1187 1823 650 2432 4512 4965 3198 2170 3267 1936 1146 4728 3649 3828 2049 1867 2202 4327 3532 4755 2559 4033 3358 2258 203 3610 279 2728
1250 4839 1827 476 3933 1503 3000 4575 1209 746 4638 751 741 2000 3102 983 1419 2010 1111 4164 3373 4456 837 3686 2325 3831 4419 968 2228 348 65 2961 1352 4328 1969 1765 938 4260 1875 1935 863 4877 1207 3115 3457 2702 3539 4902 4338 509
2442 2935 864 4755 404 4932 1463 2081 569 657 3100 3141 2765 3102 536 226 4850 4249 1606 347 1349 465 2727 2502 1784 4331 1208 1367 942 3158 4156 1127 4353 1627 1834 4411 3004 390 3238 1985 2656 3812 535 3787 887 4128 3894 2518 3015 40
795 14 3803 668 3617 475 884 3242 189 2970 3427 1026 672 983 226 1724 2136 2127 692 1169 3870 2222 3500 1760 3735 1059 4423 1707 167 1686 4374 1610 525 2397 1935 2726 2218 1684 917 4352 2355 4977 1727 2634 1453 3291 1337 3783 520 1127
4019 795 101 4799 1031 3539 1352 1982 2531 2602 1853 3124 4074 1419 4850 2136 3212 3818 2202 3027 1189 3478 4330 4173 3725 1269 18 4984 1942 3967 39 4323 453 2462 3299 3361 4703 967 2255 2167 2207 3756 498 3547 4515 2450 294 4163 377 4842
1971 4420 4986 3526 4802 3348 2031 2700 346 2178 4207 3357 2047 2010 4249 2127 3818 1005 2512 2981 683 1045 1051 2560 4281 3639 356 2547 2522 4025 4076 960 2935 829 4675 4898 631 318 3037 4826 2450 2322 388 3208 3521 4245 3076 2211 444 1576
2184 4875 1399 2113 3437 3888 3209 4099 4618 2806 2804 157 3163 1111 1606 692 2202 2512 3361 4283 4129 1252 580 102 3104 3979 341 1065 3950 1422 2691 817 1164 4543 1852 3511 3600 3577 3015 240 1608 1684 3065 3893 2403 192 912 318 2073 3829
66 4015 2964 3522 1574 4286 378 3212 2599 1972 3854 984 1487 4164 347 1169 3027 2981 4283 1781 2719 423 3313 1053 4185 4754 4844 3433 4190 2603 3708 3140 141 3987 4940 3290 3804 3210 748 4183 3181 2818 4763 1682 3576 3565 982 1593 1573 444
2902 2635 119 4062 4357 4225 3095 1349 3914 568 3772 2085 1909 3373 1349 3870 1189 683 4129 2719 4909 1158 4525 476 1243 1262 1363 2621 4749 1202 3780 1917 1190 2929 1737 3746 765 3062 1195 3070 1431 1249 3629 4538 3120 2448 1425 4139 615 2496
1622 4228 4399 4459 2168 3752 3113 1178 1813 2831 3699 1939 2235 4456 465 2222 3478 1045 1252 423 1158 902 2041 704 4118 2423 158 1812 2726 3302 3534 4481 2884 2017 2274 3314 3934 1137 4682 2460 2825 2798 3172 480 1638 4239 1523 3714 2105 2676
3642 3535 1885 2877 1513 1890 1919 2707 1702 2094 889 4212 1187 837 2727 3500 4330 1051 580 3313 4525 2041 4194 3752 247 1682 4755 1086 3937 2769 1471 1410 858 4373 1271 495 2651 1777 3962 1749 4399 2951 3277 1662 4782 4649 4929 2162 792 1919
1084 267 4370 1699 2852 4393 759 306 212 2228 2621 371 1823 3686 2502 1760 4173 2560 102 1053 476 704 3752 4737 2198 3160 4605 1459 1990 3916 1505 452 3491 188 1964 1512 2416 1504 2955 4047 706 1264 2478 1789 2734 2094 4627 587 2155 2178
4824 2120 1721 4916 2203 3542 2662 3351 3910 1723 4154 2014 650 2325 1784 3735 3725 4281 3104 4185 1243 4118 247 2198 4395 2687 3037 2473 275 4798 3252 971 1621 3216 4382 1649 3145 3834 887 4349 1608 2067 124 845 1245 772 1584 4704 832 897
4359 2055 4269 512 3424 3613 4702 1907 683 4660 1159 3591 2432 3831 4331 1059 1269 3639 3979 4754 1262 2423 1682 3160 2687 1397 3022 3633 4947 238 2033 2367 3283 1427 4920 1060 3533 1895 1657 3942 4704 2224 3803 4630 2753 992 4913 858 3697 1668
2078 2574 2398 4123 2346 187 267 198 2166 415 1098 2698 4512 4419 1208 4423 18 356 341 4844 1363 158 4755 4605 3037 3022 1503 4746 2119 990 1353 4115 3707 4113 3905 575 3167 3116 4116 2021 4977 4923 1002 2926 4446 4047 4409 819 2484 955
1462 2095 3035 154 2053 3118 4227 875 3781 1826 2546 4345 4965 968 1367 1707 4984 2547 1065 3433 2621 1812 1086 1459 2473 3633 4746 3614 178 3028 4952 4998 781 3989 4793 3395 1921 1820 1645 3699 2609 3233 4732 4871 371 925 1870 3067 2465 3880
1193 2482 1032 4098 3417 820 1275 2806 1025 2281 892 955 3198 2228 942 167 1942 2522 3950 4190 4749 2726 3937 1990 275 4947 2119 178 138 3255 1234 3624 656 453 1697 1956 1409 2299 3019 169 4149 933 3826 119 3431 4284 1179 4449 1552 1135
3073 2890 1572 2975 4007 4761 918 1030 760 382 4561 4663 2170 348 3158 1686 3967 4025 1422 2603 1202 3302 2769 3916 4798 238 990 3028 3255 2301 4924 3061 1995 4397 125 2745 2056 2820 53 2598 2689 3780 1104 4762 4964 2837 1280 348 1590 2542
3156 3952 3227 4228 2737 2087 538 954 2525 2387 4493 1806 3267 65 4156 4374 39 4076 2691 3708 3780 3534 1471 1505 3252 2033 1353 4952 1234 4924 960 1540 4743 3176 1974 4422 2729 4830 4504 1711 3057 3310 1772 681 4157 4854 1055 4482 4238 3333
71 3405 112 4928 416 2154 3800 1705 2467 2115 3076 4390 1936 2961 1127 1610 4323 960 817 3140 1917 4481 1410 452 971 2367 4115 4998 3624 3061 1540 1148 4139 2876 1413 1254 179 3798 2605 1250 4145 4494 4789 4664 4385 519 2097 4802 1774 2902
4177 314 150 2086 4338 4126 284 1356 1488 3370 4397 2678 1146 1352 4353 525 453 2935 1164 141 1190 2884 858 3491 1621 3283 3707 781 656 1995 4743 4139 2172 1940 1321 3259 1306 2343 4912 3444 1266 941 3911 2134 110 718 3995 4374 3463 1654
3166 2200 4335 3336 4924 1132 4352 1956 2203 312 4926 3653 4728 4328 1627 2397 2462 829 4543 3987 2929 2017 4373 188 3216 1427 4113 3989 453 4397 3176 2876 1940 3834 499 550 2500 3748 4281 4282 4732 2460 4834 775 4691 3717 1046 2148 2706 914
3903 4766 780 3861 3905 4121 1141 3087 3306 512 4580 4635 3649 1969 1834 1935 3299 4675 1852 4940 1737 2274 1271 1964 4382 4920 3905 4793 1697 125 1974 1413 1321 499 3153 3200 3140 753 3174 1525 4172 1157 725 1624 4090 4557 2322 4004 4174 4332
322 2280 2344 434 3059 2322 4453 589 2011 3444 2384 2913 3828 1765 4411 2726 3361 4898 3511 3290 3746 3314 495 1512 1649 1060 575 3395 1956 2745 4422 1254 3259 550 3200 625 4380 3066 4679 2264 2636 3268 4214 3983 4660 4134 1921 1772 3153 4400
2239 3473 762 428 3480 3677 1239 428 4259 3625 4949 4657 2049 938 3004 2218 4703 631 3600 3804 765 3934 2651 2416 3145 3533 3167 1921 1409 2056 2729 179 1306 2500 3140 4380 2125 3648 256 3537 734 3728 3409 4621 4000 2850 2024 111 1609 4607
4184 4802 2497 2289 1420 1857 4755 4384 1367 4785 3232 1314 1867 4260 390 1684 967 318 3577 3210 3062 1137 1777 1504 3834 1895 3116 1820 2299 2820 4830 3798 2343 3748 753 3066 3648 1801 4920 3545 845 4621 3513 860 1846 1078 3103 915 841 3332
175 989 912 824 93 2969 428 2391 555 1157 2122 4797 2202 1875 3238 917 2255 3037 3015 748 1195 4682 3962 2955 887 1657 4116 1645 3019 53 4504 2605 4912 4281 3174 4679 256 4920 4366 2348 2994 507 734 1923 3771 3087 1644 2709 4840 269
102 2917 2484 3002 2045 3348 2202 2790 4431 1542 3267 2225 4327 1935 1985 4352 2167 4826 240 4183 3070 2460 1749 4047 4349 3942 2021 3699 169 2598 1711 1250 3444 4282 1525 2264 3537 3545 2348 3088 3893 4471 4421 1181 4090 2241 4492 1737 2377 953
2904 3252 1392 3320 1548 2346 4144 2732 3743 3080 529 624 3532 863 2656 2355 2207 2450 1608 3181 1431 2825 4399 706 1608 4704 4977 2609 4149 2689 3057 4145 1266 4732 4172 2636 734 845 2994 3893 1961 4183 4063 1421 2262 3867 2452 1956 1358 148
2640 526 3547 4647 1306 4103 3367 2948 3715 1933 3548 259 4755 4877 3812 4977 3756 2322 1684 2818 1249 2798 2951 1264 2067 2224 4923 3233 933 3780 3310 4494 941 2460 1157 3268 3728 4621 507 4471 4183 3191 4840 998 1294 3699 2507 415 1040 4141
2091 2071 391 1734 563 3991 1590 2612 2437 3516 1913 4926 2559 1207 535 1727 498 388 3065 4763 3629 3172 3277 2478 124 3803 1002 4732 3826 1104 1772 4789 3911 4834 725 4214 3409 3513 734 4421 4063 4840 531 4738 2631 4794 3254 3703 2671 900
4762 665 801 1103 4470 1416 440 809 1537 4354 4779 3781 4033 3115 3787 2634 3547 3208 3893 1682 4538 480 1662 1789 845 4630 2926 4871 119 4762 681 4664 2134 775 1624 3983 4621 860 1923 1181 1421 998 4738 3057 83 2645 3167 1041 3609 2612
4718 1761 2345 2747 1664 2755 4480 1534 3767 1526 2032 2544 3358 3457 887 1453 4515 3521 2403 3576 3120 1638 4782 2734 1245 2753 4446 371 3431 4964 4157 4385 110 4691 4090 4660 4000 1846 3771 4090 2262 1294 2631 83 1523 2584 4011 1215 1545 3412
4553 2891 3335 2887 2335 2837 181 2206 2849 4309 3034 3764 2258 2702 4128 3291 2450 4245 192 3565 2448 4239 4649 2094 772 992 4047 925 4284 2837 4854 519 718 3717 4557 4134 2850 1078 3087 2241 3867 3699 4794 2645 2584 3748 2285 3201 365 1602
1066 4825 25 1795 471 2748 2499 1753 3145 2324 1059 3597 203 3539 3894 1337 294 3076 912 982 1425 1523 4929 4627 1584 4913 4409 1870 1179 1280 1055 2097 3995 1046 2322 1921 2024 3103 1644 4492 2452 2507 3254 3167 4011 2285 929 3979 3679 1136
4571 154 2220 3089 4141 2767 1215 2001 305 4505 466 3795 3610 4902 2518 3783 4163 2211 318 1593 4139 3714 2162 587 4704 858 819 3067 4449 348 4482 4802 4374 2148 4004 1772 111 915 2709 1737 1956 415 3703 1041 1215 3201 3979 4044 985 4114
4580 3007 1889 209 4182 1368 4088 3258 2617 4328 4182 3077 279 4338 3015 520 377 444 2073 1573 615 2105 792 2155 832 3697 2484 2465 1552 1590 4238 1774 3463 2706 4174 3153 1609 841 4840 2377 1358 1040 2671 3609 1545 365 3679 985 2934 1308
3949 977 1584 748 1644 4400 1273 46 2575 2497 1642 3738 2728 509 40 1127 4842 1576 3829 444 2496 2676 1919 2178 897 1668 955 3880 1135 2542 3333 2902 1654 914 4332 4400 4607 3332 269 953 148 4141 900 2612 3412 1602 1136 4114 1308 3508
