N: 80
M: 16
Symmetric: true
Triangle: false
4 36 37 41 59
1 32
2 34 77
5 20 74 10 24 58
6 6 72 79 31 76 7
3 57 50 11
3 44 30 62
7 12 9 35 43 49 69 4
10 39 66 56 8 22 75 25 54 1 80
4 51 15 27 5
4 61 38 46 21
5 52 71 63 73 42
6 33 47 29 14 53 78
7 3 17 45 70 65 19 68
9 23 26 48 67 60 18 2 16 55
4 13 64 40 28
4331 3110 1057 4487 4100 744 2204 2608 264 4039 1165 4935 1463 2081 4405 3301 4242 3319 3834 2617 275 4682 1971 3473 602 2394 4033 987 3956 1624 4576 1055 4098 1063 1098 4759 4495 68 1755 402 1312 3839 1790 2723 2776 726 1256 572 4153 2991 2672 4871 1199 3892 1888 1927 3767 4350 4556 4917 4971 4685 3271 2497 3036 4042 231 1229 2445 1917 4305 307 4102 2852 1857 3334 1979 3892 1474 4768
3110 1979 576 1330 1261 3753 1655 1420 4263 759 3859 49 3472 4440 1709 558 1476 3809 3749 4674 2411 3689 4236 1003 1060 869 4334 2991 2011 4942 4787 2475 3598 1678 2610 2117 4376 2849 3797 1796 2954 4331 3402 3057 1818 1015 91 1525 3900 1077 2316 1703 2516 3928 351 4238 2347 2862 2754 4185 3805 2082 4060 4561 1353 1390 132 4162 3701 2985 4541 2950 1941 2483 4949 4044 1125 849 1875 1951
1057 576 1578 4025 2760 2615 385 4663 1209 4315 2761 3929 4907 1588 694 1422 4377 3917 4591 4685 91 695 355 348 2250 3465 3365 693 1550 903 4110 1688 2005 679 303 689 4102 1052 375 4210 4467 2493 2503 1563 3667 89 459 2444 2019 1873 880 2394 4416 27 3026 3965 3462 2270 2446 4715 4727 3695 3059 4142 3898 939 2911 1761 4213 3656 113 594 2013 3474 4892 910 229 2305 1915 370
4487 1330 4025 3018 2630 4167 2590 3819 3509 4086 1260 3472 767 1409 1909 838 4771 2216 4657 1912 854 3875 2283 247 1900 2414 3693 3934 1345 4472 3293 4758 1510 1637 438 3231 1801 314 3513 3351 883 1976 3211 2093 3030 3370 2708 825 4456 1158 4442 2554 1431 2941 2403 1889 1632 3893 4150 2544 3186 148 1280 2464 897 4778 4428 3136 4995 2541 3353 2594 2007 2131 1122 4670 4804 1960 286 1850
4100 1261 2760 2630 354 2932 3829 775 559 2716 4723 3724 1630 2033 1540 284 1069 4417 2837 3539 570 2238 3895 4326 993 1885 3219 1350 1209 3401 96 1759 1482 2901 156 4829 903 4727 3397 1468 4779 1669 832 2859 1832 3818 2535 2372 243 1355 723 4115 2341 1028 2545 4547 478 3483 2843 1380 826 3079 512 193 905 4353 166 4931 4861 482 1513 1643 344 1869 4119 1183 4483 2366 4895 1922
744 3753 2615 4167 2932 3356 4040 3943 4037 2458 1340 1407 992 1106 2196 1098 4377 1835 3159 313 2494 4769 1494 1900 4567 2798 672 885 3847 3014 3547 2701 1428 1669 2696 2083 1606 631 4655 730 4200 199 1169 4554 2787 3685 1706 1589 130 4883 2313 52 1148 3633 695 3137 500 1071 2493 1650 120 2864 162 1213 4358 3717 426 2374 2529 2943 184 2636 999 4568 3051 3916 721 3313 2899 130
2204 1655 385 2590 3829 4040 3756 4033 962 4223 643 658 4657 4559 189 258 2219 4917 2099 1470 3453 2188 2261 1278 2853 2261 3349 4082 426 2625 3784 3519 3145 463 4960 1644 4257 695 3352 1945 3474 4838 2482 4367 4131 4431 1731 2205 774 4874 798 3050 3070 3328 1688 2995 571 4782 390 264 1123 1628 4523 2008 4429 1672 3181 3539 2181 3887 3746 456 4042 4544 296 2052 3841 263 877 2840
2608 1420 4663 3819 775 3943 4033 328 748 3484 4005 3496 3741 4367 825 4060 512 3497 2418 3614 1122 703 3899 1637 3196 737 3374 4870 4777 1768 3897 180 2361 168 4404 4627 4587 2352 3795 2798 3360 4979 789 2637 1132 2385 4528 4436 2801 4091 1226 3635 2402 3813 2207 2008 3336 3093 3513 1982 1149 3798 1854 3703 2212 1292 2716 605 619 4297 4112 3852 4864 460 2787 3554 4906 1337 2965 954
264 4263 1209 3509 559 4037 962 748 2532 4964 4264 2609 4375 4068 2250 3266 3856 128 4130 1585 3145 1614 4474 485 729 173 572 4580 4051 3333 4030 4677 1377 1176 319 4783 4001 1773 1768 2619 392 3230 246 4257 4214 81 3781 276 2073 4019 2167 1531 4666 2666 661 2305 754 3964 4182 3806 3562 2103 1767 498 3788 3633 73 443 3264 748 1813 3008 3865 2667 4993 1914 2947 3773 4321 638
4039 759 4315 4086 2716 2458 4223 3484 4964 1961 38 2263 588 2200 261 4348 2469 880 4749 1606 4614 155 2374 3965 2936 4865 2434 1096 996 833 4576 75 2462 4729 716 3638 936 2526 1177 4481 1185 4982 1833 2762 682 4625 4582 3451 4505 4135 3444 2403 2587 874 4431 3456 3887 3258 2809 782 1497 1463 4509 3627 3979 3264 997 68 3544 3606 1301 2734 1397 1653 2921 2014 1755 1416 3045 2758
1165 3859 2761 1260 4723 1340 643 4005 4264 38 2074 4863 3519 3801 4831 2893 237 356 545 2395 1448 1841 2000 2693 296 862 3803 2798 4110 1093 2021 1573 1149 1304 109 2486 4764 3716 4236 3936 4517 2219 1701 4814 1503 39 4993 4209 2270 1885 2590 36 4259 3980 3483 4410 984 3463 512 2915 4574 88 4032 3064 1885 2746 2032 2396 3002 1160 4268 1278 1031 243 4964 3907 3464 257 4357 25
4935 49 3929 3472 3724 1407 658 3496 2609 2263 4863 502 2109 519 1221 2295 4883 1633 3394 583 4302 4334 676 4799 4944 2756 1193 4979 4312 3587 212 4811 277 419 1794 338 1276 3769 3307 102 1738 4261 721 1580 2913 2227 2549 199 784 4777 1193 1513 2029 2358 69 4137 4893 4782 1911 4336 4543 3568 458 1518 2698 2812 3123 3719 3043 4975 2245 2120 2351 3219 4298 3480 806 1387 2642 3347
1463 3472 4907 767 1630 992 4657 3741 4375 588 3519 2109 3342 2961 2079 2003 3220 535 3080 1493 930 4071 814 3763 2828 3138 1392 4011 2912 2892 137 1164 2773 4512 2163 1269 1318 1685 3160 1836 4606 2580 609 2195 1797 681 1004 1362 2425 919 1183 2329 4753 4700 68 3356 414 31 3012 3364 2261 4472 3653 1986 2445 2025 708 1000 1517 2653 963 4125 118 2201 629 2440 4149 3113 2943 111
2081 4440 1588 1409 2033 1106 4559 4367 4068 2200 3801 519 2961 4563 1972 2999 1241 1480 2043 1714 50 4310 4485 1278 421 922 3520 1385 3291 2450 2979 89 3492 1820 4284 3375 1708 581 595 3138 4867 1851 4748 711 4955 2318 970 3270 4331 3715 2153 293 1449 489 1438 2412 2714 4935 1741 2354 204 3644 3704 390 4583 202 513 4566 738 1881 3172 112 3810 2305 1659 2252 1195 2622 4123 394
4405 1709 694 1909 1540 2196 189 825 2250 261 4831 1221 2079 1972 3874 1952 4530 1763 3326 3662 83 2969 460 2958 420 4880 3822 401 1137 1520 2147 4487 2382 4659 4067 752 1096 1370 2841 1998 4858 1431 1673 2486 4075 284 3138 2221 3253 1037 4828 872 4800 1384 4213 4204 2406 2317 592 2682 3574 997 2544 3788 2807 4064 2510 4486 4356 2808 1459 1115 2324 4098 4147 3504 437 2609 4548 726
3301 558 1422 838 284 1098 258 4060 3266 4348 2893 2295 2003 2999 1952 2227 286 3336 574 2454 112 619 2013 453 1263 1109 255 2970 3925 2424 2094 1257 86 71 1535 1311 658 191 3815 4675 623 3434 4077 3284 1663 3617 4031 2996 3710 4016 1531 2125 4674 2061 3220 181 2858 1087 1656 3228 1418 4235 4074 1984 2519 2028 3518 4273 918 2043 2681 3626 904 4775 4020 2525 3865 4181 3572 4268
4242 1476 4377 4771 1069 4377 2219 512 3856 2469 237 4883 3220 1241 4530 286 1370 4640 333 3766 1311 4539 1021 4684 3770 4827 2765 1823 1937 1511 4788 682 3657 4790 1721 907 117 87 351 3939 4195 2599 1262 248 1527 765 916 576 1199 3437 1334 4756 822 4296 308 85 1294 669 1215 3107 2703 3319 2786 1854 4815 135 106 2154 3485 743 2885 2961 1877 1461 723 371 3217 3844 3104 92
3319 3809 3917 2216 4417 1835 4917 3497 128 880 356 1633 535 1480 1763 3336 4640 3509 4854 3620 960 4346 4274 3091 2493 1305 148 2212 1660 4344 1597 1147 939 2738 1885 835 3365 15 4571 3736 394 144 1373 4133 1430 3907 4958 2639 1238 2901 2289 500 3062 289 1081 4895 377 4038 3345 4367 2927 3054 2322 2499 4062 1547 1581 1013 3057 1056 1263 847 57 4829 4725 4704 1354 1920 2432 4534
3834 3749 4591 4657 2837 3159 2099 2418 4130 4749 545 3394 3080 2043 3326 574 333 4854 843 2828 850 1833 4872 4206 1709 2938 3400 2961 3937 230 2716 1441 3074 615 448 1085 3930 4752 3882 1845 1538 4430 4406 2974 3536 1121 4325 3805 254 2521 3955 1451 1422 4156 2297 2931 4176 895 4834 1730 2586 1382 1641 3083 1283 791 4300 1137 1613 3831 4951 2985 2258 4057 3506 385 138 2556 3371 419
2617 4674 4685 1912 3539 313 1470 3614 1585 1606 2395 583 1493 1714 3662 2454 3766 3620 2828 1113 400 3102 1490 3311 2909 4783 3896 1959 2938 3667 3559 736 2613 4818 3708 1069 4915 1897 2629 3853 1436 4752 1594 3152 2799 2051 3866 4316 384 1884 4328 181 4207 4657 4113 1110 4392 2148 3042 3888 2601 4624 4122 1088 4902 3971 4270 1227 4850 1484 2590 4332 1738 1539 2723 671 3666 2789 4495 470
275 2411 91 854 570 2494 3453 1122 3145 4614 1448 4302 930 50 83 112 1311 960 850 400 3608 3950 3270 604 952 4787 3970 1136 2812 4326 781 607 751 4445 678 3523 1080 3281 2596 2180 4769 1985 4827 2943 4106 410 2772 1436 3338 2475 3026 4182 1099 2067 3210 437 435 1975 2471 3890 1819 826 735 521 3107 1991 4888 3582 3624 4371 3116 3319 4201 1060 4739 172 3171 1147 2893 1394
4682 3689 695 3875 2238 4769 2188 703 1614 155 1841 4334 4071 4310 2969 619 4539 4346 1833 3102 3950 2845 1803 2220 3244 587 1323 3085 2824 3648 540 4238 2662 2306 2353 4339 1209 1856 1835 788 4226 1372 4294 622 3956 451 528 4371 1079 610 3825 681 640 1027 1274 2068 4359 96 2495 3097 4990 4428 243 4660 1814 1545 3317 1636 3634 2511 3538 1446 3390 4505 3820 233 1475 3507 1664 3218
1971 4236 355 2283 3895 1494 2261 3899 4474 2374 2000 676 814 4485 460 2013 1021 4274 4872 1490 3270 1803 789 798 1322 4250 2429 216 1245 1516 4536 3018 4999 1498 2433 898 3835 1274 3754 1100 3526 3196 2046 3820 4346 4834 382 4454 514 211 2758 214 2606 2576 3347 1309 4029 3664 1700 1805 2764 2108 1519 1050 1197 3064 892 4474 2206 1640 3344 870 2692 605 93 3882 3412 29 4677 4387
3473 1003 348 247 4326 1900 1278 1637 485 3965 2693 4799 3763 1278 2958 453 4684 3091 4206 3311 604 2220 798 3533 1579 1764 4908 101 1275 4640 1238 2468 3112 952 1243 1288 1957 4543 3851 2024 1721 1352 4100 1238 3625 2176 3587 1350 4388 886 2378 1679 3275 539 2475 4741 187 4455 3148 686 4938 4470 3962 437 3151 2428 1996 269 388 16 4104 799 436 2697 4139 2279 4092 3137 3940 1691
602 1060 2250 1900 993 4567 2853 3196 729 2936 296 4944 2828 421 420 1263 3770 2493 1709 2909 952 3244 1322 1579 3419 2719 3392 280 3820 4051 2527 86 2105 1327 1734 2154 2737 4144 4115 1891 1531 2255 1629 1855 1846 3372 4536 3675 4849 1975 3504 3122 1237 2142 4261 1491 4094 1288 4061 3217 781 2386 2148 1340 2946 854 3420 3792 4855 3512 4923 217 3153 3941 3248 3362 4516 1680 2000 4153
2394 869 3465 2414 1885 2798 2261 737 173 4865 862 2756 3138 922 4880 1109 4827 1305 2938 4783 4787 587 4250 1764 2719 3621 560 1464 3764 3387 1203 272 1074 3914 3793 3274 4461 1863 4311 2711 3277 3142 3626 871 1434 1160 4985 206 2859 1045 3759 2105 2656 1560 824 2700 2920 1322 2087 3691 2057 3492 2371 3862 357 3919 1654 2449 4373 2138 721 1206 4413 914 3913 3472 601 1772 4205 2527
4033 4334 3365 3693 3219 672 3349 3374 572 2434 3803 1193 1392 3520 3822 255 2765 148 3400 3896 3970 1323 2429 4908 3392 560 1087 2694 449 1155 3312 2160 2888 2663 2844 3289 1534 1089 25 4688 1090 208 821 3064 3501 1327 1668 2931 4049 3740 3397 2760 1404 2560 3701 772 3769 4944 2170 4639 978 3935 3922 4392 4230 4756 4102 1060 3921 1906 4545 3815 3521 4815 3584 4952 298 796 3550 1586
987 2991 693 3934 1350 885 4082 4870 4580 1096 2798 4979 4011 1385 401 2970 1823 2212 2961 1959 1136 3085 216 101 280 1464 2694 3655 1702 1058 3032 4856 320 4497 3468 4881 4075 844 3631 458 3466 2868 31 1282 4173 883 4523 4010 2977 871 2614 3287 4213 2864 885 2015 2950 3796 3670 4946 4402 1009 4687 526 1312 4620 2177 4724 1438 3809 2028 3618 348 3659 1003 2789 1533 280 4662 2299
3956 2011 1550 1345 1209 3847 426 4777 4051 996 4110 4312 2912 3291 1137 3925 1937 1660 3937 2938 2812 2824 1245 1275 3820 3764 449 1702 2305 3320 1718 3761 1703 2252 385 4088 2096 3989 844 1414 4012 4532 4338 3061 2832 681 1046 49 3812 2626 1230 4432 4112 3762 4443 3994 4244 3915 4120 2608 1248 3318 2701 2882 3768 4441 3012 3340 2629 4676 2030 2638 3416 1149 2755 1701 3795 2151 1596 3327
1624 4942 903 4472 3401 3014 2625 1768 3333 833 1093 3587 2892 2450 1520 2424 1511 4344 230 3667 4326 3648 1516 4640 4051 3387 1155 1058 3320 3306 2807 104 2445 2686 4589 20 400 1048 2615 2566 4890 3813 1524 4500 2545 1173 4892 1980 1847 2635 808 3742 4772 4521 972 744 1215 2960 88 1847 4121 4682 113 3353 488 2323 251 4760 1637 2837 4750 3371 4385 4983 1884 3324 3759 2429 2959 3570
4576 4787 4110 3293 96 3547 3784 3897 4030 4576 2021 212 137 2979 2147 2094 4788 1597 2716 3559 781 540 4536 1238 2527 1203 3312 3032 1718 2807 18 1959 3645 1749 323 3829 1893 1852 2510 590 3240 2884 2167 1819 1346 1486 4827 113 1751 2511 2567 2607 794 1655 3142 3139 198 3466 4320 3342 4308 3476 4649 3080 791 892 1093 4815 2797 4733 3550 3933 2493 2399 1173 3162 716 1028 905 893
1055 2475 1688 4758 1759 2701 3519 180 4677 75 1573 4811 1164 89 4487 1257 682 1147 1441 736 607 4238 3018 2468 86 272 2160 4856 3761 104 1959 3998 1824 731 3020 1263 1575 2630 1719 2073 3164 3604 3551 2391 928 164 3306 4233 1330 4700 926 1485 714 2680 4489 1902 2831 352 2602 2863 377 1250 267 1582 1286 506 3771 3745 4189 3352 1643 3914 532 4436 4996 4000 3191 3726 535 3483
4098 3598 2005 1510 1482 1428 3145 2361 1377 2462 1149 277 2773 3492 2382 86 3657 939 3074 2613 751 2662 4999 3112 2105 1074 2888 320 1703 2445 3645 1824 3505 601 1003 4955 4855 3560 3835 3362 878 334 495 1765 154 1942 4417 2836 2989 4041 4189 1098 4503 4721 571 3681 2809 2112 561 1667 3264 4573 2335 45 4774 1569 748 4372 187 669 3962 4761 3393 4228 4125 1459 310 689 3421 1960
1063 1678 679 1637 2901 1669 463 168 1176 4729 1304 419 4512 1820 4659 71 4790 2738 615 4818 4445 2306 1498 952 1327 3914 2663 4497 2252 2686 1749 731 601 67 3701 1585 1228 4755 3642 1698 3625 3965 3248 770 2913 995 1379 1273 1522 1849 4822 1333 893 3845 852 519 2057 974 4124 1377 4627 1753 1022 2306 3926 1129 55 1425 1865 2404 3639 4832 3658 2335 2358 2832 4662 3203 750 1197
1098 2610 303 438 156 2696 4960 4404 319 716 109 1794 2163 4284 4067 1535 1721 1885 448 3708 678 2353 2433 1243 1734 3793 2844 3468 385 4589 323 3020 1003 3701 1975 2200 4808 1712 3952 4359 826 2368 3689 2989 4055 2949 2969 4579 2744 4040 4029 3463 4321 1269 3984 1897 769 367 3162 4452 2190 878 2757 2646 3709 82 2331 4338 2818 3234 836 3214 4389 4734 3697 153 4687 3986 3359 786
4759 2117 689 3231 4829 2083 1644 4627 4783 3638 2486 338 1269 3375 752 1311 907 835 1085 1069 3523 4339 898 1288 2154 3274 3289 4881 4088 20 3829 1263 4955 1585 2200 2049 2707 3897 1441 2603 3718 2756 992 2261 3806 2384 761 947 420 2520 3645 1492 3424 3247 4268 4508 472 4188 2510 2520 4732 3273 3258 4890 1679 4822 4373 3144 1935 4641 4118 2231 1032 1044 865 4909 1582 884 2965 911
4495 4376 4102 1801 903 1606 4257 4587 4001 936 4764 1276 1318 1708 1096 658 117 3365 3930 4915 1080 1209 3835 1957 2737 4461 1534 4075 2096 400 1893 1575 4855 1228 4808 2707 4785 4706 765 1296 2986 3964 4613 1908 2735 1702 3045 2352 288 334 898 3981 3118 4758 2400 3698 730 2796 3476 2919 3580 1143 2861 1233 625 83 742 218 290 2727 534 48 810 4742 1281 3781 2386 675 60 338
68 2849 1052 314 4727 631 695 2352 1773 2526 3716 3769 1685 581 1370 191 87 15 4752 1897 3281 1856 1274 4543 4144 1863 1089 844 3989 1048 1852 2630 3560 4755 1712 3897 4706 3993 4279 95 1720 4871 2149 3376 2089 4194 4445 4117 3128 3337 1802 361 1418 3691 866 2609 4706 2011 2937 2419 913 411 4180 4760 1401 1315 2659 3323 3045 3073 4147 3568 1948 2750 191 4885 3230 784 4759 1622
1755 3797 375 3513 3397 4655 3352 3795 1768 1177 4236 3307 3160 595 2841 3815 351 4571 3882 2629 2596 1835 3754 3851 4115 4311 25 3631 844 2615 2510 1719 3835 3642 3952 1441 765 4279 4057 1428 4488 157 481 4265 4476 2592 339 2317 4190 4111 745 547 3944 4300 2357 654 4142 235 1180 2981 4985 1546 692 4624 1002 205 1546 2081 4820 2811 2729 3808 1525 2507 527 841 1145 577 2353 3031
402 1796 4210 3351 1468 730 1945 2798 2619 4481 3936 102 1836 3138 1998 4675 3939 3736 1845 3853 2180 788 1100 2024 1891 2711 4688 458 1414 2566 590 2073 3362 1698 4359 2603 1296 95 1428 1625 3172 3607 2072 3733 931 1999 867 3383 725 2930 3081 4856 3080 3933 1904 2936 4610 134 465 1418 3777 1658 2788 4464 4481 3949 2434 4373 2809 322 1331 1846 4958 2994 1820 1065 1120 585 1960 2150
1312 2954 4467 883 4779 4200 3474 3360 392 1185 4517 1738 4606 4867 4858 623 4195 394 1538 1436 4769 4226 3526 1721 1531 3277 1090 3466 4012 4890 3240 3164 878 3625 826 3718 2986 1720 4488 3172 4882 3433 640 1377 335 4900 1313 4292 3596 13 3019 4532 4899 2984 2273 4194 1134 3356 3370 3287 4499 1060 12 1061 1713 2778 1949 2796 264 2842 1681 1664 178 2348 3072 2407 2145 3988 2949 1621
3839 4331 2493 1976 1669 199 4838 4979 3230 4982 2219 4261 2580 1851 1431 3434 2599 144 4430 4752 1985 1372 3196 1352 2255 3142 208 2868 4532 3813 2884 3604 334 3965 2368 2756 3964 4871 157 3607 3433 833 1016 4758 1891 4310 764 1608 2577 102 4074 1081 2082 567 503 700 4085 4410 661 143 2458 726 4567 27 3636 565 2883 1283 3604 4477 1927 1065 4349 3006 2950 4980 2412 2442 2716 2827
1790 3402 2503 3211 832 1169 2482 789 246 1833 1701 721 609 4748 1673 4077 1262 1373 4406 1594 4827 4294 2046 4100 1629 3626 821 31 4338 1524 2167 3551 495 3248 3689 992 4613 2149 481 2072 640 1016 3049 696 3278 3176 2723 3697 4685 2090 4704 2596 2710 3584 888 4520 2166 1083 1135 4581 4164 4152 2348 3719 1989 2196 3493 4305 4420 4992 4678 674 1795 2778 844 1876 4968 68 4071 459
2723 3057 1563 2093 2859 4554 4367 2637 4257 2762 4814 1580 2195 711 2486 3284 248 4133 2974 3152 2943 622 3820 1238 1855 871 3064 1282 3061 4500 1819 2391 1765 770 2989 2261 1908 3376 4265 3733 1377 4758 696 29 2922 2626 4583 4490 1948 2135 4246 3734 1419 1685 1197 1141 3277 1001 2189 1552 4150 4853 4583 4838 3980 2500 4749 3684 2756 812 2466 1403 3738 3994 3694 3607 3736 713 4240 4363
2776 1818 3667 3030 1832 2787 4131 1132 4214 682 1503 2913 1797 4955 4075 1663 1527 1430 3536 2799 4106 3956 4346 3625 1846 1434 3501 4173 2832 2545 1346 928 154 2913 4055 3806 2735 2089 4476 931 335 1891 3278 2922 267 4698 2351 1040 2059 4000 1070 4886 4997 4534 4382 3722 1804 3491 1079 661 279 820 1892 999 391 1071 4622 4254 1770 4203 497 4330 3156 1564 4378 2034 3913 483 2979 180
726 1015 89 3370 3818 3685 4431 2385 81 4625 39 2227 681 2318 284 3617 765 3907 1121 2051 410 451 4834 2176 3372 1160 1327 883 681 1173 1486 164 1942 995 2949 2384 1702 4194 2592 1999 4900 4310 3176 2626 4698 2856 4194 2727 4108 3721 3510 1847 2353 2495 4127 1641 3555 3356 4568 4392 1853 1502 873 1859 980 3144 4576 2749 1885 1306 192 2442 1082 4105 2413 1431 3790 2587 3951 2211
1256 91 459 2708 2535 1706 1731 4528 3781 4582 4993 2549 1004 970 3138 4031 916 4958 4325 3866 2772 528 382 3587 4536 4985 1668 4523 1046 4892 4827 3306 4417 1379 2969 761 3045 4445 339 867 1313 764 2723 4583 2351 4194 3962 3358 4359 341 3325 3049 830 2828 651 2491 1201 3585 2510 1479 1763 4107 311 143 4463 2969 3973 2361 1118 4729 1069 1141 1624 1092 3176 3224 1829 731 2857 4271
572 1525 2444 825 2372 1589 2205 4436 276 3451 4209 199 1362 3270 2221 2996 576 2639 3805 4316 1436 4371 4454 1350 3675 206 2931 4010 49 1980 113 4233 2836 1273 4579 947 2352 4117 2317 3383 4292 1608 3697 4490 1040 2727 3358 1887 4189 1002 4439 2990 3543 3740 4674 3456 1840 3501 887 2446 239 2141 1964 1806 999 2292 817 3697 1967 3013 1114 3109 3705 4835 4104 1189 4637 4334 1064 3133
4153 3900 2019 4456 243 130 774 2801 2073 4505 2270 784 2425 4331 3253 3710 1199 1238 254 384 3338 1079 514 4388 4849 2859 4049 2977 3812 1847 1751 1330 2989 1522 2744 420 288 3128 4190 725 3596 2577 4685 1948 2059 4108 4359 4189 2446 1613 249 4282 3305 4872 2311 4060 2595 518 860 2788 977 2295 3593 3838 2302 2571 1981 3721 1139 152 2474 3515 917 615 2704 941 2128 524 3536 2344
2991 1077 1873 1158 1355 4883 4874 4091 4019 4135 1885 4777 919 3715 1037 4016 3437 2901 2521 1884 2475 610 211 886 1975 1045 3740 871 2626 2635 2511 4700 4041 1849 4040 2520 334 3337 4111 2930 13 102 2090 2135 4000 3721 341 1002 1613 1707 4679 4437 2475 841 3865 2018 4704 4914 4649 4765 1051 2608 1553 3896 2694 4623 341 1212 1747 1807 3012 1959 2543 4146 1108 4224 48 1199 3158 4707
2672 2316 880 4442 723 2313 798 1226 2167 3444 2590 1193 1183 2153 4828 1531 1334 2289 3955 4328 3026 3825 2758 2378 3504 3759 3397 2614 1230 808 2567 926 4189 4822 4029 3645 898 1802 745 3081 3019 4074 4704 4246 1070 3510 3325 4439 249 4679 1442 1217 1878 3720 2410 4635 3080 650 203 560 407 3256 1367 4882 1347 4656 4564 1364 1426 3870 524 4008 2675 2557 3434 3677 3289 2861 4255 3341
4871 1703 2394 2554 4115 52 3050 3635 1531 2403 36 1513 2329 293 872 2125 4756 500 1451 181 4182 681 214 1679 3122 2105 2760 3287 4432 3742 2607 1485 1098 1333 3463 1492 3981 361 547 4856 4532 1081 2596 3734 4886 1847 3049 2990 4282 4437 1217 4333 1880 1615 2259 109 1605 2927 926 488 961 1171 4259 3204 3961 829 3573 2149 2971 1380 1546 216 168 1532 4669 1655 1453 2181 627 4745
1199 2516 4416 1431 2341 1148 3070 2402 4666 2587 4259 2029 4753 1449 4800 4674 822 3062 1422 4207 1099 640 2606 3275 1237 2656 1404 4213 4112 4772 794 714 4503 893 4321 3424 3118 1418 3944 3080 4899 2082 2710 1419 4997 2353 830 3543 3305 2475 1878 1880 3109 381 4321 706 2611 2481 4865 1811 4404 1684 3898 1820 2575 1114 4635 1655 1359 4687 1645 4283 3285 4461 1181 2015 142 612 4179 2214
3892 3928 27 2941 1028 3633 3328 3813 2666 874 3980 2358 4700 489 1384 2061 4296 289 4156 4657 2067 1027 2576 539 2142 1560 2560 2864 3762 4521 1655 2680 4721 3845 1269 3247 4758 3691 4300 3933 2984 567 3584 1685 4534 2495 2828 3740 4872 841 3720 1615 381 2861 1953 4977 3615 2796 3592 4669 4062 3294 742 3004 3726 1847 1058 1330 2159 1340 966 1917 1675 4867 2198 4814 1768 2513 3333 542
1888 351 3026 2403 2545 695 1688 2207 661 4431 3483 69 68 1438 4213 3220 308 1081 2297 4113 3210 1274 3347 2475 4261 824 3701 885 4443 972 3142 4489 571 852 3984 4268 2400 866 2357 1904 2273 503 888 1197 4382 4127 651 4674 2311 3865 2410 2259 4321 1953 4791 876 3457 3019 1081 3009 2464 1694 3506 3503 4721 2669 4450 1373 4393 3950 294 98 4659 2867 3309 2644 2508 1622 3063 2563
1927 4238 3965 1889 4547 3137 2995 2008 2305 3456 4410 4137 3356 2412 4204 181 85 4895 2931 1110 437 2068 1309 4741 1491 2700 772 2015 3994 744 3139 1902 3681 519 1897 4508 3698 2609 654 2936 4194 700 4520 1141 3722 1641 2491 3456 4060 2018 4635 109 706 4977 876 3023 3684 4433 1621 78 4182 2076 1803 1388 4160 4495 2009 40 2860 4873 3360 4888 4088 956 1827 251 1785 4490 4419 4778
3767 2347 3462 1632 478 500 571 3336 754 3887 984 4893 414 2714 2406 2858 1294 377 4176 4392 435 4359 4029 187 4094 2920 3769 2950 4244 1215 198 2831 2809 2057 769 472 730 4706 4142 4610 1134 4085 2166 3277 1804 3555 1201 1840 2595 4704 3080 1605 2611 3615 3457 3684 3709 561 516 4125 1818 2064 941 2127 3603 2735 631 809 3270 1096 1323 873 1316 2876 2488 4072 3492 508 502 587
4350 2862 2270 3893 3483 1071 4782 3093 3964 3258 3463 4782 31 4935 2317 1087 669 4038 895 2148 1975 96 3664 4455 1288 1322 4944 3796 3915 2960 3466 352 2112 974 367 4188 2796 2011 235 134 3356 4410 1083 1001 3491 3356 3585 3501 518 4914 650 2927 2481 2796 3019 4433 561 4430 2295 3779 1071 2842 4201 3240 2360 4838 4169 1410 3958 4726 3191 727 206 3847 1553 3808 2229 4927 1712 4631
4556 2754 2446 4150 2843 2493 390 3513 4182 2809 512 1911 3012 1741 592 1656 1215 3345 4834 3042 2471 2495 1700 3148 4061 2087 2170 3670 4120 88 4320 2602 561 4124 3162 2510 3476 2937 1180 465 3370 661 1135 2189 1079 4568 2510 887 860 4649 203 926 4865 3592 1081 1621 516 2295 1509 2489 4930 1427 3996 2347 4668 3032 993 498 1273 345 4462 2653 1515 3829 3515 4802 3977 644 24 4209
4917 4185 4715 2544 1380 1650 264 1982 3806 782 2915 4336 3364 2354 2682 3228 3107 4367 1730 3888 3890 3097 1805 686 3217 3691 4639 4946 2608 1847 3342 2863 1667 1377 4452 2520 2919 2419 2981 1418 3287 143 4581 1552 661 4392 1479 2446 2788 4765 560 488 1811 4669 3009 78 4125 3779 2489 1113 4201 4974 1577 588 3278 130 1427 2131 1367 2231 1678 631 2741 1110 3783 187 2298 1072 3073 1609
4971 3805 4727 3186 826 120 1123 1149 3562 1497 4574 4543 2261 204 3574 1418 2703 2927 2586 2601 1819 4990 2764 4938 781 2057 978 4402 1248 4121 4308 377 3264 4627 2190 4732 3580 913 4985 3777 4499 2458 4164 4150 279 1853 1763 239 977 1051 407 961 4404 4062 2464 4182 1818 1071 4930 4201 192 635 849 2717 788 173 245 4533 3955 461 4897 4394 3046 3854 2946 1494 1710 2078 855 3076
4685 2082 3695 148 3079 2864 1628 3798 2103 1463 88 3568 4472 3644 997 4235 3319 3054 1382 4624 826 4428 2108 4470 2386 3492 3935 1009 3318 4682 3476 1250 4573 1753 878 3273 1143 411 1546 1658 1060 726 4152 4853 820 1502 4107 2141 2295 2608 3256 1171 1684 3294 1694 2076 2064 2842 1427 4974 635 1429 2791 2395 4131 1817 3836 2925 897 3947 1214 3446 2687 3518 672 2487 3998 1048 3710 484
3271 4060 3059 1280 512 162 4523 1854 1767 4509 4032 458 3653 3704 2544 4074 2786 2322 1641 4122 735 243 1519 3962 2148 2371 3922 4687 2701 113 4649 267 2335 1022 2757 3258 2861 4180 692 2788 12 4567 2348 4583 1892 873 311 1964 3593 1553 1367 4259 3898 742 3506 1803 941 4201 3996 1577 849 2791 2975 2440 3792 3995 2713 823 252 1857 4005 475 1616 1572 2544 732 1325 3596 1512 1586
2497 4561 4142 2464 193 1213 2008 3703 498 3627 3064 1518 1986 390 3788 1984 1854 2499 3083 1088 521 4660 1050 437 1340 3862 4392 526 2882 3353 3080 1582 45 2306 2646 4890 1233 4760 4624 4464 1061 27 3719 4838 999 1859 143 1806 3838 3896 4882 3204 1820 3004 3503 1388 2127 3240 2347 588 2717 2395 2440 1873 3306 3350 2457 168 4926 4248 2805 4663 362 3233 3154 4287 1885 3222 3630 3896
3036 1353 3898 897 905 4358 4429 2212 3788 3979 1885 2698 2445 4583 2807 2519 4815 4062 1283 4902 3107 1814 1197 3151 2946 357 4230 1312 3768 488 791 1286 4774 3926 3709 1679 625 1401 1002 4481 1713 3636 1989 3980 391 980 4463 999 2302 2694 1347 3961 2575 3726 4721 4160 3603 2360 4668 3278 788 4131 3792 3306 3893 2839 30 4627 2622 3150 1495 2595 4686 2297 2872 4151 3504 1194 536 816
4042 1390 939 4778 4353 3717 1672 1292 3633 3264 2746 2812 2025 202 4064 2028 135 1547 791 3971 1991 1545 3064 2428 854 3919 4756 4620 4441 2323 892 506 1569 1129 82 4822 83 1315 205 3949 2778 565 2196 2500 1071 3144 2969 2292 2571 4623 4656 829 1114 1847 2669 4495 2735 4838 3032 130 173 1817 3995 3350 2839 1167 210 3542 2959 4624 4791 2875 2969 3132 1419 2664 1501 3843 4170 4137
231 132 2911 4428 166 426 3181 2716 73 997 2032 3123 708 513 2510 3518 106 1581 4300 4270 4888 3317 892 1996 3420 1654 4102 2177 3012 251 1093 3771 748 55 2331 4373 742 2659 1546 2434 1949 2883 3493 4749 4622 4576 3973 817 1981 341 4564 3573 4635 1058 4450 2009 631 4169 993 1427 245 3836 2713 2457 30 210 4839 748 694 2624 2290 663 27 2920 2055 3234 892 721 2776 3931
1229 4162 1761 3136 4931 2374 3539 605 443 68 2396 3719 1000 4566 4486 4273 2154 1013 1137 1227 3582 1636 4474 269 3792 2449 1060 4724 3340 4760 4815 3745 4372 1425 4338 3144 218 3323 2081 4373 2796 1283 4305 3684 4254 2749 2361 3697 3721 1212 1364 2149 1655 1330 1373 40 809 1410 498 2131 4533 2925 823 168 4627 3542 748 21 3838 1175 3596 721 1687 4819 4133 4256 768 827 203 2311
2445 3701 4213 4995 4861 2529 2181 619 3264 3544 3002 3043 1517 738 4356 918 3485 3057 1613 4850 3624 3634 2206 388 4855 4373 3921 1438 2629 1637 2797 4189 187 1865 2818 1935 290 3045 4820 2809 264 3604 4420 2756 1770 1885 1118 1967 1139 1747 1426 2971 1359 2159 4393 2860 3270 3958 1273 1367 3955 897 252 4926 2622 2959 694 3838 1473 1998 1723 305 4465 2231 3947 2100 3697 1288 938 3347
1917 2985 3656 2541 482 2943 3887 4297 748 3606 1160 4975 2653 1881 2808 2043 743 1056 3831 1484 4371 2511 1640 16 3512 2138 1906 3809 4676 2837 4733 3352 669 2404 3234 4641 2727 3073 2811 322 2842 4477 4992 812 4203 1306 4729 3013 152 1807 3870 1380 4687 1340 3950 4873 1096 4726 345 2231 461 3947 1857 4248 3150 4624 2624 1175 1998 4341 947 2062 3066 1989 314 228 2383 2314 3186 468
4305 4541 113 3353 1513 184 3746 4112 1813 1301 4268 2245 963 3172 1459 2681 2885 1263 4951 2590 3116 3538 3344 4104 4923 721 4545 2028 2030 4750 3550 1643 3962 3639 836 4118 534 4147 2729 1331 1681 1927 4678 2466 497 192 1069 1114 2474 3012 524 1546 1645 966 294 3360 1323 3191 4462 1678 4897 1214 4005 2805 1495 4791 2290 3596 1723 947 3181 4118 790 3684 1801 1508 970 152 4803 3519
307 2950 594 2594 1643 2636 456 3852 3008 2734 1278 2120 4125 112 1115 3626 2961 847 2985 4332 3319 1446 870 799 217 1206 3815 3618 2638 3371 3933 3914 4761 4832 3214 2231 48 3568 3808 1846 1664 1065 674 1403 4330 2442 1141 3109 3515 1959 4008 216 4283 1917 98 4888 873 727 2653 631 4394 3446 475 4663 2595 2875 663 721 305 2062 4118 1998 4757 81 1651 4306 2792 2658 2759 2176
4102 1941 2013 2007 344 999 4042 4864 3865 1397 1031 2351 118 3810 2324 904 1877 57 2258 1738 4201 3390 2692 436 3153 4413 3521 348 3416 4385 2493 532 3393 3658 4389 1032 810 1948 1525 4958 178 4349 1795 3738 3156 1082 1624 3705 917 2543 2675 168 3285 1675 4659 4088 1316 206 1515 2741 3046 2687 1616 362 4686 2969 27 1687 4465 3066 790 4757 3814 4816 3008 2754 4017 1460 2882 4298
2852 2483 3474 2131 1869 4568 4544 460 2667 1653 243 3219 2201 2305 4098 4775 1461 4829 4057 1539 1060 4505 605 2697 3941 914 4815 3659 1149 4983 2399 4436 4228 2335 4734 1044 4742 2750 2507 2994 2348 3006 2778 3994 1564 4105 1092 4835 615 4146 2557 1532 4461 4867 2867 956 2876 3847 3829 1110 3854 3518 1572 3233 2297 3132 2920 4819 2231 1989 3684 81 4816 467 4762 2133 876 4547 2364 3296
1857 4949 4892 1122 4119 3051 296 2787 4993 2921 4964 4298 629 1659 4147 4020 723 4725 3506 2723 4739 3820 93 4139 3248 3913 3584 1003 2755 1884 1173 4996 4125 2358 3697 865 1281 191 527 1820 3072 2950 844 3694 4378 2413 3176 4104 2704 1108 3434 4669 1181 2198 3309 1827 2488 1553 3515 3783 2946 672 2544 3154 2872 1419 2055 4133 3947 314 1801 1651 3008 4762 2798 1653 1713 4665 2743 1506
3334 4044 910 4670 1183 3916 2052 3554 1914 2014 3907 3480 2440 2252 3504 2525 371 4704 385 671 172 233 3882 2279 3362 3472 4952 2789 1701 3324 3162 4000 1459 2832 153 4909 3781 4885 841 1065 2407 4980 1876 3607 2034 1431 3224 1189 941 4224 3677 1655 2015 4814 2644 251 4072 3808 4802 187 1494 2487 732 4287 4151 2664 3234 4256 2100 228 1508 4306 2754 2133 1653 3283 489 3910 162 2336
1979 1125 229 4804 4483 721 3841 4906 2947 1755 3464 806 4149 1195 437 3865 3217 1354 138 3666 3171 1475 3412 4092 4516 601 298 1533 3795 3759 716 3191 310 4662 4687 1582 2386 3230 1145 1120 2145 2412 4968 3736 3913 3790 1829 4637 2128 48 3289 1453 142 1768 2508 1785 3492 2229 3977 2298 1710 3998 1325 1885 3504 1501 892 768 3697 2383 970 2792 4017 876 1713 489 687 2095 3374 969
3892 849 2305 1960 2366 3313 263 1337 3773 1416 257 1387 3113 2622 2609 4181 3844 1920 2556 2789 1147 3507 29 3137 1680 1772 796 280 2151 2429 1028 3726 689 3203 3986 884 675 784 577 585 3988 2442 68 713 483 2587 731 4334 524 1199 2861 2181 612 2513 1622 4490 508 4927 644 1072 2078 1048 3596 3222 1194 3843 721 827 1288 2314 152 2658 1460 4547 4665 3910 2095 1199 46 1855
1474 1875 1915 286 4895 2899 877 2965 4321 3045 4357 2642 2943 4123 4548 3572 3104 2432 3371 4495 2893 1664 4677 3940 2000 4205 3550 4662 1596 2959 905 535 3421 750 3359 2965 60 4759 2353 1960 2949 2716 4071 4240 2979 3951 2857 1064 3536 3158 4255 627 4179 3333 3063 4419 502 1712 24 3073 855 3710 1512 3630 536 4170 2776 203 938 3186 4803 2759 2882 2364 2743 162 3374 46 3706 4825
4768 1951 370 1850 1922 130 2840 954 638 2758 25 3347 111 394 726 4268 92 4534 419 470 1394 3218 4387 1691 4153 2527 1586 2299 3327 3570 893 3483 1960 1197 786 911 338 1622 3031 2150 1621 2827 459 4363 180 2211 4271 3133 2344 4707 3341 4745 2214 542 2563 4778 587 4631 4209 1609 3076 484 1586 3896 816 4137 3931 2311 3347 468 3519 2176 4298 3296 1506 2336 969 1855 4825 4726
