N: 80
M: 16
Symmetric: true
Triangle: false
2 59 4
6 37 10 19 14 80 69
2 27 30
2 9 17
6 67 45 62 13 15 26
6 73 12 50 44 75 28
5 51 1 22 68 42
5 20 65 74 57 11
9 58 78 31 76 63 36 53 71 24
4 2 70 49 48
8 55 29 66 54 43 72 8 18
3 25 77 39
4 32 33 38 79
9 56 60 64 3 16 41 61 23 40
2 6 35
7 52 5 47 34 7 21 46
1959 2630 2152 1943 1970 646 2261 972 3099 964 3362 3917 4460 265 4506 3807 575 1719 447 2250 2215 2112 894 4919 3756 1236 1710 2339 2678 1891 1258 1642 1884 167 1363 4196 1756 3779 1074 1685 3674 4041 4123 1442 1498 1840 3529 2037 697 4245 4882 171 4925 4533 717 4571 4952 2054 1557 4449 1175 307 2988 1644 382 2198 1640 26 3480 4692 4120 3977 3182 3726 715 1411 3559 2783 337 278
2630 250 4746 3531 2581 1279 2417 4570 1709 2645 4342 2657 1631 749 981 3567 4819 4464 376 2237 4390 1189 1890 2432 3861 3888 1510 1841 214 471 1114 433 2897 1222 1323 1440 2612 2401 2274 3205 309 4515 3831 3659 2490 3953 2100 4471 1165 1943 266 3718 823 1375 3456 4627 3518 2962 3178 2549 1436 2741 4803 4438 2057 3446 4838 1404 3505 4949 4346 4864 3138 3429 4380 1200 3429 947 3107 1645
2152 4746 3318 2813 4436 559 1795 3271 3932 3220 1764 3456 1491 72 457 2398 1287 3123 1682 564 3256 2681 1975 4511 3316 4027 2395 4667 1594 1004 4777 2194 2721 4256 3499 2541 3993 4241 440 2846 414 2225 1647 4215 3197 863 1815 989 633 3401 3552 3223 4171 1754 1526 4575 1637 4594 3927 1218 1244 764 1553 2621 1149 1471 4412 3632 282 3813 4975 2012 1679 4885 4900 3799 4260 700 2131 4713
1943 3531 2813 1345 4981 1326 829 1538 1714 3856 3380 1766 4266 868 4210 4357 4380 1996 4768 1926 2196 1860 1337 1629 4913 4547 648 1898 1086 4647 3430 1333 4378 4111 4094 2423 3707 2266 267 454 1729 3421 3207 2837 1262 1270 4857 4354 1859 4359 3484 4905 3360 1361 4012 814 1939 2742 4091 3472 1610 4030 747 4607 2976 3886 1930 3555 556 2222 1308 2627 779 263 1838 1374 1285 4198 406 2025
1970 2581 4436 4981 4741 761 3149 377 4877 4319 3262 2559 1582 3586 4390 2050 2302 2768 1327 3228 3111 165 4455 4560 4823 4718 1481 2073 3383 2632 1408 4006 4690 2023 1160 2606 771 517 3659 2058 3684 3926 4556 1505 4980 4776 1968 890 2537 385 2529 467 4771 1091 2200 1560 3868 138 3784 4392 254 187 3650 3355 4966 677 2802 2808 781 199 535 85 1688 176 4695 3419 4443 1504 3224 3354
646 1279 559 1326 761 3230 1578 4945 3258 1299 52 4277 958 1858 590 305 1726 3891 4111 3281 2145 2094 2723 1339 4441 2755 242 4650 4133 1089 2655 4234 2310 3858 3075 3528 925 2230 326 3159 3952 2946 4072 3954 3041 4733 2901 2509 3240 2342 3750 2545 3399 977 674 2528 3317 1331 1982 2960 3079 3976 4336 2374 2925 775 307 4830 3385 4955 155 684 1899 4984 3519 2793 4415 4871 2357 68
2261 2417 1795 829 3149 1578 1888 2773 4204 840 2151 4381 4736 73 2000 4994 2170 1233 4719 4888 3794 3393 2392 262 2963 4349 3374 3328 1672 3983 1150 3895 1010 1410 3422 1389 208 3412 1517 3263 379 3537 2878 1197 4916 2992 1287 1471 3937 3419 584 4636 1722 1345 1647 4975 450 1660 2307 934 3004 3774 4479 4804 429 4409 3702 4189 4581 882 1789 519 3963 3017 3651 161 2874 2204 694 1692
972 4570 3271 1538 377 4945 2773 1871 4024 2601 2717 3419 459 172 1839 1131 1282 4732 2344 838 2285 2414 378 3653 514 3022 949 1480 4791 118 1842 3728 117 4884 4734 3546 3407 3090 3028 2892 3638 1578 2951 3229 938 791 4277 357 2850 2761 4617 2032 2323 3568 2973 2229 2624 2498 4913 144 1554 4383 1689 2730 904 247 3677 4240 637 3625 1890 367 540 795 2155 2801 3713 4691 2873 4501
3099 1709 3932 1714 4877 3258 4204 4024 4744 1420 4096 843 446 2275 769 3507 138 4346 3182 3967 296 1561 4657 2619 3426 1246 2202 2624 4579 1657 4198 3464 2812 2637 4048 506 3524 3517 71 1133 2224 2720 3254 4726 3094 4175 2348 2389 3746 2150 2261 4306 692 3469 141 407 632 4296 1230 1686 4339 368 2728 1686 1824 4793 3711 539 926 666 4490 4707 2345 4310 1769 2214 1489 2638 4021 538
964 2645 3220 3856 4319 1299 840 2601 1420 2394 1280 2904 2919 4200 519 1951 2609 4744 858 1980 4741 298 4179 3459 2382 4751 766 3366 1991 436 646 4443 2387 1258 360 3463 2567 4613 1353 2123 597 2948 2796 3281 739 71 4738 2661 765 4895 2241 1536 1427 3211 4213 4604 3378 1449 586 383 1227 4125 454 3430 3856 1104 645 1634 4699 4411 4060 3320 53 3767 861 4649 613 4964 3977 3504
3362 4342 1764 3380 3262 52 2151 2717 4096 1280 1986 4391 1290 4331 1197 215 806 3827 1877 376 69 1711 641 654 2611 684 770 1017 2777 2042 4078 2542 930 4310 4251 4227 1165 1686 1396 3257 4938 1105 4286 4689 1329 4158 4354 3654 3576 3722 1742 2540 1629 4580 2117 645 4353 4584 3928 1624 3881 1200 1340 3445 3462 1455 3504 4059 1361 2799 3694 1623 3423 2397 2367 3463 4883 4501 4611 3343
3917 2657 3456 1766 2559 4277 4381 3419 843 2904 4391 4108 2932 3783 3591 804 2064 2278 685 1908 1809 3646 4783 2082 1625 4802 619 3058 3038 4004 3642 1290 3480 1055 2868 4065 4034 4028 3905 896 2093 4056 3832 2709 1678 412 322 2556 1906 3987 1891 4530 3678 278 3122 114 4339 3609 4751 391 3147 3897 3057 1434 2193 3850 545 1449 3236 2869 451 2343 1081 1587 4480 3570 2859 4657 3452 4527
4460 1631 1491 4266 1582 958 4736 459 446 2919 1290 2932 3400 4161 4003 2886 50 3649 3243 2285 1185 3012 4767 530 4217 2985 470 1649 3325 3137 1877 858 4733 624 3772 1179 4146 3381 1708 4770 650 1190 1576 2493 3695 1173 2077 1307 2678 2172 1332 4928 864 2151 298 1719 143 3900 2401 2416 1175 4571 3744 77 2692 2795 492 2410 3033 4024 2000 3191 3927 4803 3150 3306 3357 980 969 4924
265 749 72 868 3586 1858 73 172 2275 4200 4331 3783 4161 4632 2216 1222 3172 1182 397 2554 18 785 833 495 3467 3975 2040 3476 2351 4142 860 3613 2506 1571 1989 4227 3871 1023 4953 2420 4115 4423 2318 1817 4485 3461 1698 4298 1601 1925 1837 3072 4257 518 1597 3496 2427 3135 3891 2386 920 4549 3551 3214 993 4275 3910 4825 1386 15 3761 635 1908 3691 1039 4736 3839 4673 4732 4649
4506 981 457 4210 4390 590 2000 1839 769 519 1197 3591 4003 2216 4214 4542 3147 4453 2212 1825 800 2699 3941 2075 47 2923 2347 4161 1381 144 743 4734 2167 4620 633 1888 2479 4667 790 3297 525 637 4312 230 2938 3885 4062 3351 773 2872 253 4659 2836 2641 4489 2572 3410 2109 840 1640 1168 1771 2417 2746 1946 1053 678 2013 4203 3687 847 890 1968 2088 4862 926 584 521 3764 524
3807 3567 2398 4357 2050 305 4994 1131 3507 1951 215 804 2886 1222 4542 3661 3580 3870 2592 3547 1256 3087 30 3072 2633 4636 1425 2058 3658 2423 2846 144 2486 2741 3475 1450 564 3978 1685 1672 1340 2540 1556 1048 2675 4682 4462 807 3353 2055 3894 3788 254 2764 880 3835 4631 4714 4199 3697 2860 156 1139 1248 3824 3943 2138 4847 4450 618 3040 4781 49 1855 3756 3156 67 3698 4505 1736
575 4819 1287 4380 2302 1726 2170 1282 138 2609 806 2064 50 3172 3147 3580 918 537 4189 3474 1065 1720 3407 1793 3867 4246 4916 1972 3923 3251 859 1691 4964 891 412 4041 100 763 4155 4686 466 4346 2470 3004 3405 206 3295 3641 755 3979 511 3357 4295 2259 296 859 889 1317 4143 4602 4118 4886 3692 96 2012 4161 279 646 434 214 84 1447 2969 2860 1338 2116 86 1782 2573 1677
1719 4464 3123 1996 2768 3891 1233 4732 4346 4744 3827 2278 3649 1182 4453 3870 537 1310 395 909 826 2267 143 956 3563 694 1838 2674 3750 909 412 2457 3664 3659 2549 3150 1300 2769 2607 3519 4380 950 4436 4589 2407 1117 1885 2655 4827 357 219 211 1566 541 1198 1768 251 376 2656 1778 4757 1905 2520 1903 1567 4583 2617 1263 3567 1108 4610 2372 4285 2427 2904 2642 2242 79 4038 454
447 376 1682 4768 1327 4111 4719 2344 3182 858 1877 685 3243 397 2212 2592 4189 395 4342 1483 4149 3372 937 599 1603 4380 929 3552 3201 4097 2825 3721 2464 593 907 1605 3522 4744 579 2412 1464 591 473 2039 3124 4142 2075 1411 3380 2597 14 1447 2386 3695 2779 2346 789 2274 763 969 2697 744 656 160 3526 3067 3053 1383 2657 1985 4611 2941 3729 1110 3531 4240 392 629 1956 232
2250 2237 564 1926 3228 3281 4888 838 3967 1980 376 1908 2285 2554 1825 3547 3474 909 1483 3673 2681 1019 1519 417 1029 744 4114 297 2342 1041 2918 242 3256 2324 2231 1137 2432 3259 3421 2122 4263 3029 520 3783 1702 135 4257 2796 3974 3683 81 1371 954 326 4400 1888 1134 4423 2520 2338 2782 3368 2248 2217 1392 4898 4892 2728 656 1234 750 71 152 3147 1819 441 1048 325 4337 2445
2215 4390 3256 2196 3111 2145 3794 2285 296 4741 69 1809 1185 18 800 1256 1065 826 4149 2681 3789 3504 1657 1497 3314 352 573 4669 3579 3080 1154 3090 818 1103 3760 46 2532 3492 4434 4249 3187 1178 2774 3590 2516 3532 2542 63 716 4165 41 1046 369 1810 130 3054 3775 42 2125 676 2668 2792 865 1304 1742 399 3081 2758 765 2529 4264 3025 27 2663 71 4735 4097 3393 2784 4632
2112 1189 2681 1860 165 2094 3393 2414 1561 298 1711 3646 3012 785 2699 3087 1720 2267 3372 1019 3504 196 244 1190 1368 4776 2616 2385 605 650 1816 3918 491 4414 328 2588 2679 3349 3979 1050 3702 4309 4593 1725 2372 3254 2247 4261 499 307 2411 4124 2369 2125 1015 4388 4956 1549 4183 1747 1482 4890 1699 3714 2238 133 281 1951 2848 4628 2129 3047 1849 2889 1779 1209 2178 1524 1241 1393
894 1890 1975 1337 4455 2723 2392 378 4657 4179 641 4783 4767 833 3941 30 3407 143 937 1519 1657 244 4720 1641 1888 1754 3223 4429 162 2361 3319 4918 1539 182 3370 2564 4966 1615 257 4719 1133 1311 1689 2538 2206 2401 3888 618 65 634 3153 2119 1424 958 2739 1768 1662 1744 947 166 2428 551 4484 1400 3721 4668 4338 3701 3936 1807 1022 4950 3908 462 1698 479 2690 963 4060 3588
4919 2432 4511 1629 4560 1339 262 3653 2619 3459 654 2082 530 495 2075 3072 1793 956 599 417 1497 1190 1641 4749 2780 2129 3460 1526 1869 4053 2165 736 2438 3304 4610 3447 943 684 3279 3532 4056 888 3784 2136 417 4946 2021 3928 1339 880 4253 1925 2821 4169 3199 4850 4177 3748 4944 1589 1125 3453 4433 293 199 4510 3940 225 3005 4792 4987 409 4676 2548 3659 3922 3107 3232 3374 4142
3756 3861 3316 4913 4823 4441 2963 514 3426 2382 2611 1625 4217 3467 47 2633 3867 3563 1603 1029 3314 1368 1888 2780 3785 4232 3363 1928 1746 1021 1420 1921 2023 3916 3176 1722 284 1295 839 4902 3899 447 2199 227 354 4605 1586 1307 2503 3958 4223 2786 3018 3251 884 3414 2520 1012 1633 4090 3098 3886 4004 2595 3981 2438 2335 3578 4642 2646 2915 1915 739 735 326 748 1799 4218 1675 3682
1236 3888 4027 4547 4718 2755 4349 3022 1246 4751 684 4802 2985 3975 2923 4636 4246 694 4380 744 352 4776 1754 2129 4232 1208 109 4777 1288 3870 2826 1251 606 1265 2315 2502 1305 4604 4954 2097 102 3712 1786 1802 916 4870 4517 1289 3844 1826 1068 389 1885 2064 4943 2754 1139 3122 1592 243 4669 332 4214 4392 3449 431 2513 3624 1472 4203 184 3288 214 844 414 1176 905 317 2303 26
1710 1510 2395 648 1481 242 3374 949 2202 766 770 619 470 2040 2347 1425 4916 1838 929 4114 573 2616 3223 3460 3363 109 2210 4714 2428 1722 4139 3907 2891 2618 1159 4696 227 1078 3685 1994 1786 2159 4375 3627 2428 957 1650 1350 2086 3054 3545 82 3500 497 1328 2710 95 4540 3616 3352 1956 3672 4002 3451 4061 1871 4056 1378 1988 3605 4788 3042 2512 3890 4533 309 4688 367 3494 998
2339 1841 4667 1898 2073 4650 3328 1480 2624 3366 1017 3058 1649 3476 4161 2058 1972 2674 3552 297 4669 2385 4429 1526 1928 4777 4714 1360 467 234 1053 1457 3915 827 3596 4377 3601 4450 970 1881 4690 3101 4737 3256 4882 2384 602 4493 4798 1089 682 575 52 3283 34 1480 2027 3323 3327 4059 3768 3726 2574 4370 1624 3574 4808 2322 913 2398 3068 3252 1345 3792 2538 4048 1420 1425 2016 1571
2678 214 1594 1086 3383 4133 1672 4791 4579 1991 2777 3038 3325 2351 1381 3658 3923 3750 3201 2342 3579 605 162 1869 1746 1288 2428 467 2762 1868 2946 3337 2083 4079 4270 3952 4414 1631 1800 217 2698 1863 2488 4493 4016 157 2897 3706 4899 3028 591 2519 2431 3051 1493 2289 2860 1333 3004 4676 2987 3947 4424 1478 3609 1636 1147 1096 3416 4273 3032 3644 1361 3782 3614 1600 4929 3856 297 57
1891 471 1004 4647 2632 1089 3983 118 1657 436 2042 4004 3137 4142 144 2423 3251 909 4097 1041 3080 650 2361 4053 1021 3870 1722 234 1868 3378 2613 2537 4681 883 3764 1885 4447 2727 2415 1212 534 814 3522 3385 1024 2566 1689 3679 3467 117 433 2083 4393 1210 702 4026 3347 3468 4670 666 4149 2632 3412 4936 3990 3102 3268 510 1098 2413 1553 3215 261 878 2649 1978 721 4779 2506 2730
1258 1114 4777 3430 1408 2655 1150 1842 4198 646 4078 3642 1877 860 743 2846 859 412 2825 2918 1154 1816 3319 2165 1420 2826 4139 1053 2946 2613 3703 651 3057 2262 4812 2027 2814 1286 854 3332 407 85 1209 361 4334 4293 2667 4530 4657 855 2980 3800 2356 3964 2671 4819 4868 1868 2889 3778 1171 791 2227 4292 710 2565 2808 4284 4014 3385 3339 410 4170 2924 4957 3110 2214 2871 3455 4864
1642 433 2194 1333 4006 4234 3895 3728 3464 4443 2542 1290 858 3613 4734 144 1691 2457 3721 242 3090 3918 4918 736 1921 1251 3907 1457 3337 2537 651 2449 3590 181 2629 4827 3323 2548 4597 1205 2070 4106 141 1569 1593 3811 3656 512 4128 1348 1725 2477 60 3842 4742 1279 4058 271 2476 1665 1791 2328 1966 2373 1844 3573 2897 1932 2722 3070 2622 2298 3045 2192 3310 4168 818 1705 1548 4361
1884 2897 2721 4378 4690 2310 1010 117 2812 2387 930 3480 4733 2506 2167 2486 4964 3664 2464 3256 818 491 1539 2438 2023 606 2891 3915 2083 4681 3057 3590 4279 4137 2367 4729 3336 1515 2576 1160 1183 2582 2475 4328 4094 844 4508 1259 4637 801 1582 333 4815 1110 4850 2618 3568 3587 1638 4398 4497 3520 3300 539 1810 1321 2689 4037 4064 3279 1772 1101 2756 88 4098 4203 1011 2443 3980 4521
167 1222 4256 4111 2023 3858 1410 4884 2637 1258 4310 1055 624 1571 4620 2741 891 3659 593 2324 1103 4414 182 3304 3916 1265 2618 827 4079 883 2262 181 4137 1674 1158 4460 2728 4736 399 1522 2247 4192 1525 3604 3125 2476 3397 4147 2747 4099 4741 4292 3954 3926 1713 2163 2111 4770 3200 1951 1070 866 757 1403 1440 3953 1492 1341 1343 2664 946 2941 3199 2470 4248 4123 4522 3386 1300 3151
1363 1323 3499 4094 1160 3075 3422 4734 4048 360 4251 2868 3772 1989 633 3475 412 2549 907 2231 3760 328 3370 4610 3176 2315 1159 3596 4270 3764 4812 2629 2367 1158 1109 536 2455 4495 1230 1041 1088 2832 4053 3605 3574 176 1334 442 625 4985 4578 1637 2174 3583 2175 2594 1148 2498 2326 1254 623 1125 3111 3864 3991 4243 449 4064 3117 1621 4817 4819 4109 1455 1484 48 3307 3870 4112 1100
4196 1440 2541 2423 2606 3528 1389 3546 506 3463 4227 4065 1179 4227 1888 1450 4041 3150 1605 1137 46 2588 2564 3447 1722 2502 4696 4377 3952 1885 2027 4827 4729 4460 536 4374 2519 2843 4461 1052 2851 3378 1962 3269 336 4241 1926 749 944 2632 88 3049 4543 2613 3862 4575 3584 1567 3066 1096 2409 813 4037 392 4430 2671 1652 1332 3876 1828 1172 4570 1455 1969 4348 2714 533 156 1290 3497
1756 2612 3993 3707 771 925 208 3407 3524 2567 1165 4034 4146 3871 2479 564 100 1300 3522 2432 2532 2679 4966 943 284 1305 227 3601 4414 4447 2814 3323 3336 2728 2455 2519 97 895 546 4287 1295 4877 4718 3705 2271 422 1127 696 987 654 4513 3402 3676 3491 3182 1275 2237 3056 631 4232 2423 1289 3042 3764 1503 2048 622 1115 686 1354 3637 1249 1176 2409 2974 4061 3723 3326 1579 3676
3779 2401 4241 2266 517 2230 3412 3090 3517 4613 1686 4028 3381 1023 4667 3978 763 2769 4744 3259 3492 3349 1615 684 1295 4604 1078 4450 1631 2727 1286 2548 1515 4736 4495 2843 895 4718 3398 434 2850 1528 845 4997 1138 2490 4818 4431 1860 3116 4508 3842 180 291 3369 2414 4474 2560 2213 4336 446 1834 541 4013 1614 2093 3059 4996 4988 1195 452 4299 3113 2300 2356 3197 2368 4673 1033 2303
1074 2274 440 267 3659 326 1517 3028 71 1353 1396 3905 1708 4953 790 1685 4155 2607 579 3421 4434 3979 257 3279 839 4954 3685 970 1800 2415 854 4597 2576 399 1230 4461 546 3398 3662 575 3556 4411 2097 3820 2871 2103 1973 699 1894 4207 3117 4682 420 2978 4459 3986 4060 2097 3835 877 745 498 281 3990 2540 713 3421 539 422 4801 4873 1608 1733 4911 2884 4149 4258 1514 45 1124
1685 3205 2846 454 2058 3159 3263 2892 1133 2123 3257 896 4770 2420 3297 1672 4686 3519 2412 2122 4249 1050 4719 3532 4902 2097 1994 1881 217 1212 3332 1205 1160 1522 1041 1052 4287 434 575 2703 1171 447 1328 3079 1754 4197 1052 4818 1828 460 4212 4295 896 3692 712 2837 4185 2598 2595 272 4041 3072 3744 1223 861 131 3609 3589 1698 930 3694 1566 2740 1933 3860 2075 1126 1659 1163 2663
3674 309 414 1729 3684 3952 379 3638 2224 597 4938 2093 650 4115 525 1340 466 4380 1464 4263 3187 3702 1133 4056 3899 102 1786 4690 2698 534 407 2070 1183 2247 1088 2851 1295 2850 3556 1171 3469 1462 2011 4574 2354 3278 4907 3559 3539 1714 4374 393 2025 3025 4244 4963 3164 977 1714 2039 1415 953 2333 1308 2566 3593 3532 1673 1741 2143 4838 663 4439 4947 3127 1879 3187 3711 494 3780
4041 4515 2225 3421 3926 2946 3537 1578 2720 2948 1105 4056 1190 4423 637 2540 4346 950 591 3029 1178 4309 1311 888 447 3712 2159 3101 1863 814 85 4106 2582 4192 2832 3378 4877 1528 4411 447 1462 4430 2753 2845 2375 4087 341 174 1679 4989 4898 835 1984 2585 1069 1347 2788 3927 2041 1877 2359 2793 3366 4701 4833 626 203 2872 1921 2617 3346 3458 1478 2451 3693 3603 73 3716 1800 2726
4123 3831 1647 3207 4556 4072 2878 2951 3254 2796 4286 3832 1576 2318 4312 1556 2470 4436 473 520 2774 4593 1689 3784 2199 1786 4375 4737 2488 3522 1209 141 2475 1525 4053 1962 4718 845 2097 1328 2011 2753 52 441 214 771 4769 3784 2518 197 3452 3008 3100 2301 4705 832 2706 4463 1002 2728 4119 2788 1015 2744 1410 1044 2164 1573 4754 553 1107 1589 4440 2926 4296 3803 4003 3530 2812 1262
1442 3659 4215 2837 1505 3954 1197 3229 4726 3281 4689 2709 2493 1817 230 1048 3004 4589 2039 3783 3590 1725 2538 2136 227 1802 3627 3256 4493 3385 361 1569 4328 3604 3605 3269 3705 4997 3820 3079 4574 2845 441 3327 4345 1628 4975 1320 2968 4242 1962 1005 1538 4491 1202 3540 2628 1822 1075 3542 378 442 4564 3148 3645 3716 499 2322 4355 4002 3694 1888 3194 462 3408 411 3424 2453 3535 3115
1498 2490 3197 1262 4980 3041 4916 938 3094 739 1329 1678 3695 4485 2938 2675 3405 2407 3124 1702 2516 2372 2206 417 354 916 2428 4882 4016 1024 4334 1593 4094 3125 3574 336 2271 1138 2871 1754 2354 2375 214 4345 1109 447 4944 2572 4778 701 634 2029 2242 304 3256 93 4644 2698 1562 3042 1890 2264 3128 1002 4364 1816 4584 419 475 1864 2563 1815 3214 1951 3318 3608 2785 2948 568 1260
1840 3953 863 1270 4776 4733 2992 791 4175 71 4158 412 1173 3461 3885 4682 206 1117 4142 135 3532 3254 2401 4946 4605 4870 957 2384 157 2566 4293 3811 844 2476 176 4241 422 2490 2103 4197 3278 4087 771 1628 447 3035 4239 2793 3042 3348 1954 2028 4359 291 1849 4811 1786 566 2283 1374 4624 3707 2173 4345 3209 2377 1008 952 300 608 165 4110 2238 572 2299 3010 3630 1578 4387 345
3529 2100 1815 4857 1968 2901 1287 4277 2348 4738 4354 322 2077 1698 4062 4462 3295 1885 2075 4257 2542 2247 3888 2021 1586 4517 1650 602 2897 1689 2667 3656 4508 3397 1334 1926 1127 4818 1973 1052 4907 341 4769 4975 4944 4239 3457 4164 3911 4971 1689 3639 2436 2877 4845 295 4664 732 4941 4051 4253 4841 3132 4815 3894 1349 2493 2798 3199 964 1786 2097 4990 1314 3977 4688 557 3577 4404 57
2037 4471 989 4354 890 2509 1471 357 2389 2661 3654 2556 1307 4298 3351 807 3641 2655 1411 2796 63 4261 618 3928 1307 1289 1350 4493 3706 3679 4530 512 1259 4147 442 749 696 4431 699 4818 3559 174 3784 1320 2572 2793 4164 1651 3860 2422 3412 1824 3758 3112 3259 2198 2610 2955 1283 1333 724 4237 1740 3537 3677 1708 875 3450 4161 1009 4553 438 900 4246 944 4644 3153 4542 1865 1677
697 1165 633 1859 2537 3240 3937 2850 3746 765 3576 1906 2678 1601 773 3353 755 4827 3380 3974 716 499 65 1339 2503 3844 2086 4798 4899 3467 4657 4128 4637 2747 625 944 987 1860 1894 1828 3539 1679 2518 2968 4778 3042 3911 3860 3289 2036 4680 4786 4152 579 3602 3607 3346 3933 122 1460 30 2538 287 3681 619 709 3286 2587 2086 814 4787 1817 4824 2216 2079 3889 3105 1104 606 4342
4245 1943 3401 4359 385 2342 3419 2761 2150 4895 3722 3987 2172 1925 2872 2055 3979 357 2597 3683 4165 307 634 880 3958 1826 3054 1089 3028 117 855 1348 801 4099 4985 2632 654 3116 4207 460 1714 4989 197 4242 701 3348 4971 2422 2036 4403 4553 4951 1200 4156 3869 1573 1826 4873 1435 2765 1444 4520 1605 2532 1786 3692 1644 2889 4963 4788 4939 76 523 3065 2488 873 398 1920 1503 4664
4882 266 3552 3484 2529 3750 584 4617 2261 2241 1742 1891 1332 1837 253 3894 511 219 14 81 41 2411 3153 4253 4223 1068 3545 682 591 433 2980 1725 1582 4741 4578 88 4513 4508 3117 4212 4374 4898 3452 1962 634 1954 1689 3412 4680 4553 4480 4056 2030 3110 3915 1101 790 4373 1838 4563 3869 2148 1912 691 4533 1204 3922 85 357 378 1300 1878 3053 3104 1011 982 2446 1891 2514 371
171 3718 3223 4905 467 2545 4636 2032 4306 1536 2540 4530 4928 3072 4659 3788 3357 211 1447 1371 1046 4124 2119 1925 2786 389 82 575 2519 2083 3800 2477 333 4292 1637 3049 3402 3842 4682 4295 393 835 3008 1005 2029 2028 3639 1824 4786 4951 4056 4517 1388 437 4626 3660 1274 472 1706 4738 4392 830 3788 4193 2709 977 4985 884 4462 2375 1780 4593 3240 3032 2522 243 788 3100 4829 978
4925 823 4171 3360 4771 3399 1722 2323 692 1427 1629 3678 864 4257 2836 254 4295 1566 2386 954 369 2369 1424 2821 3018 1885 3500 52 2431 4393 2356 60 4815 3954 2174 4543 3676 180 420 896 2025 1984 3100 1538 2242 4359 2436 3758 4152 1200 2030 1388 1621 986 1781 4031 3320 1625 3147 2475 2849 1776 974 2466 1129 3851 2606 254 2164 4467 3701 4547 3070 3059 2510 114 4912 4413 3026 2215
4533 1375 1754 1361 1091 977 1345 3568 3469 3211 4580 278 2151 518 2641 2764 2259 541 3695 326 1810 2125 958 4169 3251 2064 497 3283 3051 1210 3964 3842 1110 3926 3583 2613 3491 291 2978 3692 3025 2585 2301 4491 304 291 2877 3112 579 4156 3110 437 986 2858 1587 4752 3243 3299 3120 2434 1444 525 4613 751 2503 1921 282 3657 1194 4157 734 565 4846 2247 2693 2500 2074 2975 1827 2514
717 3456 1526 4012 2200 674 1647 2973 141 4213 2117 3122 298 1597 4489 880 296 1198 2779 4400 130 1015 2739 3199 884 4943 1328 34 1493 702 2671 4742 4850 1713 2175 3862 3182 3369 4459 712 4244 1069 4705 1202 3256 1849 4845 3259 3602 3869 3915 4626 1781 1587 2539 1019 4052 3838 2272 1721 2655 138 379 1147 2741 4546 1541 4346 3117 192 3320 4748 394 1521 1899 2993 4215 734 4123 604
4571 4627 4575 814 1560 2528 4975 2229 407 4604 645 114 1719 3496 2572 3835 859 1768 2346 1888 3054 4388 1768 4850 3414 2754 2710 1480 2289 4026 4819 1279 2618 2163 2594 4575 1275 2414 3986 2837 4963 1347 832 3540 93 4811 295 2198 3607 1573 1101 3660 4031 4752 1019 647 654 4346 685 3812 598 305 3855 299 2361 178 3119 1886 2516 210 450 4839 3178 1786 2995 639 3949 3068 203 2455
4952 3518 1637 1939 3868 3317 450 2624 632 3378 4353 4339 143 2427 3410 4631 889 251 789 1134 3775 4956 1662 4177 2520 1139 95 2027 2860 3347 4868 4058 3568 2111 1148 3584 2237 4474 4060 4185 3164 2788 2706 2628 4644 1786 4664 2610 3346 1826 790 1274 3320 3243 4052 654 4770 210 338 1490 2064 224 707 4869 2159 3194 514 3685 4247 4498 3801 331 4862 1028 2329 2707 731 3945 1343 3179
2054 2962 4594 2742 138 1331 1660 2498 4296 1449 4584 3609 3900 3135 2109 4714 1317 376 2274 4423 42 1549 1744 3748 1012 3122 4540 3323 1333 3468 1868 271 3587 4770 2498 1567 3056 2560 2097 2598 977 3927 4463 1822 2698 566 732 2955 3933 4873 4373 472 1625 3299 3838 4346 210 4387 2626 2863 1016 1744 4666 4794 4338 2535 548 57 1294 783 2933 4433 2339 1765 1708 1500 2588 4150 4294 847
1557 3178 3927 4091 3784 1982 2307 4913 1230 586 3928 4751 2401 3891 840 4199 4143 2656 763 2520 2125 4183 947 4944 1633 1592 3616 3327 3004 4670 2889 2476 1638 3200 2326 3066 631 2213 3835 2595 1714 2041 1002 1075 1562 2283 4941 1283 122 1435 1838 1706 3147 3120 2272 685 338 2626 4731 4133 2854 2904 1316 519 1987 4709 3511 2108 981 4484 1536 4439 1586 1081 4367 4893 1901 220 328 2016
4449 2549 1218 3472 4392 2960 934 144 1686 383 1624 391 2416 2386 1640 3697 4602 1778 969 2338 676 1747 166 1589 4090 243 3352 4059 4676 666 3778 1665 4398 1951 1254 1096 4232 4336 877 272 2039 1877 2728 3542 3042 1374 4051 1333 1460 2765 4563 4738 2475 2434 1721 3812 1490 2863 4133 2171 1482 4810 3528 234 3109 2347 4540 4540 828 1212 4428 237 4532 3286 2505 193 1316 673 1629 2062
1175 1436 1244 1610 254 3079 3004 1554 4339 1227 3881 3147 1175 920 1168 2860 4118 4757 2697 2782 2668 1482 2428 1125 3098 4669 1956 3768 2987 4149 1171 1791 4497 1070 623 2409 2423 446 745 4041 1415 2359 4119 378 1890 4624 4253 724 30 1444 3869 4392 2849 1444 2655 598 2064 1016 2854 1482 4679 2414 2499 3872 2655 1104 2509 2637 2028 1849 1355 2102 2689 3938 1550 1561 1349 1299 1961 826
307 2741 764 4030 187 3976 3774 4383 368 4125 1200 3897 4571 4549 1771 156 4886 1905 744 3368 2792 4890 551 3453 3886 332 3672 3726 3947 2632 791 2328 3520 866 1125 813 1289 1834 498 3072 953 2793 2788 442 2264 3707 4841 4237 2538 4520 2148 830 1776 525 138 305 224 1744 2904 4810 2414 1293 2576 1950 4397 2975 1784 4292 408 3999 3409 4578 119 2365 3590 3495 767 4660 4419 1373
2988 4803 1553 747 3650 4336 4479 1689 2728 454 1340 3057 3744 3551 2417 1139 3692 2520 656 2248 865 1699 4484 4433 4004 4214 4002 2574 4424 3412 2227 1966 3300 757 3111 4037 3042 541 281 3744 2333 3366 1015 4564 3128 2173 3132 1740 287 1605 1912 3788 974 4613 379 3855 707 4666 1316 3528 2499 2576 1567 3571 3090 1848 1534 3965 954 4042 4903 372 1259 1408 969 1363 1744 3940 2359 1112
1644 4438 2621 4607 3355 2374 4804 2730 1686 3430 3445 1434 77 3214 2746 1248 96 1903 160 2217 1304 3714 1400 293 2595 4392 3451 4370 1478 4936 4292 2373 539 1403 3864 392 3764 4013 3990 1223 1308 4701 2744 3148 1002 4345 4815 3537 3681 2532 691 4193 2466 751 1147 299 4869 4794 519 234 3872 1950 3571 2655 532 3012 2973 3832 4282 665 1531 710 2318 3432 1061 2897 2316 1592 4478 4194
382 2057 1149 2976 4966 2925 429 904 1824 3856 3462 2193 2692 993 1946 3824 2012 1567 3526 1392 1742 2238 3721 199 3981 3449 4061 1624 3609 3990 710 1844 1810 1440 3991 4430 1503 1614 2540 861 2566 4833 1410 3645 4364 3209 3894 3677 619 1786 4533 2709 1129 2503 2741 2361 2159 4338 1987 3109 2655 4397 3090 532 2065 2841 348 3227 2595 4762 164 4483 2737 4050 4333 1280 721 213 4255 978
2198 3446 1471 3886 677 775 4409 247 4793 1104 1455 3850 2795 4275 1053 3943 4161 4583 3067 4898 399 133 4668 4510 2438 431 1871 3574 1636 3102 2565 3573 1321 3953 4243 2671 2048 2093 713 131 3593 626 1044 3716 1816 2377 1349 1708 709 3692 1204 977 3851 1921 4546 178 3194 2535 4709 2347 1104 2975 1848 3012 2841 4563 1378 2802 3941 2922 3760 3117 146 2846 710 3881 2315 2341 1704 4010
1640 4838 4412 1930 2802 307 3702 3677 3711 645 3504 545 492 3910 678 2138 279 2617 3053 4892 3081 281 4338 3940 2335 2513 4056 4808 1147 3268 2808 2897 2689 1492 449 1652 622 3059 3421 3609 3532 203 2164 499 4584 1008 2493 875 3286 1644 3922 4985 2606 282 1541 3119 514 548 3511 4540 2509 1784 1534 2973 348 1378 4969 4775 1583 561 909 1232 3426 2688 2847 4279 2901 4977 1814 410
26 1404 3632 3555 2808 4830 4189 4240 539 1634 4059 1449 2410 4825 2013 4847 646 1263 1383 2728 2758 1951 3701 225 3578 3624 1378 2322 1096 510 4284 1932 4037 1341 4064 1332 1115 4996 539 3589 1673 2872 1573 2322 419 952 2798 3450 2587 2889 85 884 254 3657 4346 1886 3685 57 2108 4540 2637 4292 3965 3832 3227 2802 4775 533 4402 4267 697 4857 2058 3458 1866 1474 3702 4170 1001 4880
3480 3505 282 556 781 3385 4581 637 926 4699 1361 3236 3033 1386 4203 4450 434 3567 2657 656 765 2848 3936 3005 4642 1472 1988 913 3416 1098 4014 2722 4064 1343 3117 3876 686 4988 422 1698 1741 1921 4754 4355 475 300 3199 4161 2086 4963 357 4462 2164 1194 3117 2516 4247 1294 981 828 2028 408 954 4282 2595 3941 1583 4402 2121 3770 1210 477 2570 517 4790 3998 4509 3250 4414 1797
4692 4949 3813 2222 199 4955 882 3625 666 4411 2799 2869 4024 15 3687 618 214 1108 1985 1234 2529 4628 1807 4792 2646 4203 3605 2398 4273 2413 3385 3070 3279 2664 1621 1828 1354 1195 4801 930 2143 2617 553 4002 1864 608 964 1009 814 4788 378 2375 4467 4157 192 210 4498 783 4484 1212 1849 3999 4042 665 4762 2922 561 4267 3770 1546 4678 4067 2605 688 1795 4104 606 898 4579 4912
4120 4346 4975 1308 535 155 1789 1890 4490 4060 3694 451 2000 3761 847 3040 84 4610 4611 750 4264 2129 1022 4987 2915 184 4788 3068 3032 1553 3339 2622 1772 946 4817 1172 3637 452 4873 3694 4838 3346 1107 3694 2563 165 1786 4553 4787 4939 1300 1780 3701 734 3320 450 3801 2933 1536 4428 1355 3409 4903 1531 164 3760 909 697 1210 4678 2227 3409 4820 3941 1894 788 2169 3112 194 3160
3977 4864 2012 2627 85 684 519 367 4707 3320 1623 2343 3191 635 890 4781 1447 2372 2941 71 3025 3047 4950 409 1915 3288 3042 3252 3644 3215 410 2298 1101 2941 4819 4570 1249 4299 1608 1566 663 3458 1589 1888 1815 4110 2097 438 1817 76 1878 4593 4547 565 4748 4839 331 4433 4439 237 2102 4578 372 710 4483 3117 1232 4857 477 4067 3409 1499 3906 4303 4367 3498 1387 4301 1243 2438
3182 3138 1679 779 1688 1899 3963 540 2345 53 3423 1081 3927 1908 1968 49 2969 4285 3729 152 27 1849 3908 4676 739 214 2512 1345 1361 261 4170 3045 2756 3199 4109 1455 1176 3113 1733 2740 4439 1478 4440 3194 3214 2238 4990 900 4824 523 3053 3240 3070 4846 394 3178 4862 2339 1586 4532 2689 119 1259 2318 2737 146 3426 2058 2570 2605 4820 3906 3166 997 2058 1011 2473 3236 3466 2927
3726 3429 4885 263 176 4984 3017 795 4310 3767 2397 1587 4803 3691 2088 1855 2860 2427 1110 3147 2663 2889 462 2548 735 844 3890 3792 3782 878 2924 2192 88 2470 1455 1969 2409 2300 4911 1933 4947 2451 2926 462 1951 572 1314 4246 2216 3065 3104 3032 3059 2247 1521 1786 1028 1765 1081 3286 3938 2365 1408 3432 4050 2846 2688 3458 517 688 3941 4303 997 2092 4543 299 4447 3527 4763 2583
715 4380 4900 1838 4695 3519 3651 2155 1769 861 2367 4480 3150 1039 4862 3756 1338 2904 3531 1819 71 1779 1698 3659 326 414 4533 2538 3614 2649 4957 3310 4098 4248 1484 4348 2974 2356 2884 3860 3127 3693 4296 3408 3318 2299 3977 944 2079 2488 1011 2522 2510 2693 1899 2995 2329 1708 4367 2505 1550 3590 969 1061 4333 710 2847 1866 4790 1795 1894 4367 2058 4543 4674 3343 1706 3296 2987 4825
1411 1200 3799 1374 3419 2793 161 2801 2214 4649 3463 3570 3306 4736 926 3156 2116 2642 4240 441 4735 1209 479 3922 748 1176 309 4048 1600 1978 3110 4168 4203 4123 48 2714 4061 3197 4149 2075 1879 3603 3803 411 3608 3010 4688 4644 3889 873 982 243 114 2500 2993 639 2707 1500 4893 193 1561 3495 1363 2897 1280 3881 4279 1474 3998 4104 788 3498 1011 299 3343 3762 856 2504 1184 1764
3559 3429 4260 1285 4443 4415 2874 3713 1489 613 4883 2859 3357 3839 584 67 86 2242 392 1048 4097 2178 2690 3107 1799 905 4688 1420 4929 721 2214 818 1011 4522 3307 533 3723 2368 4258 1126 3187 73 4003 3424 2785 3630 557 3153 3105 398 2446 788 4912 2074 4215 3949 731 2588 1901 1316 1349 767 1744 2316 721 2315 2901 3702 4509 606 2169 1387 2473 4447 1706 856 2297 3486 2705 3801
2783 947 700 4198 1504 4871 2204 4691 2638 4964 4501 4657 980 4673 521 3698 1782 79 629 325 3393 1524 963 3232 4218 317 367 1425 3856 4779 2871 1705 2443 3386 3870 156 3326 4673 1514 1659 3711 3716 3530 2453 2948 1578 3577 4542 1104 1920 1891 3100 4413 2975 734 3068 3945 4150 220 673 1299 4660 3940 1592 213 2341 4977 4170 3250 898 3112 4301 3236 3527 3296 2504 3486 3441 2436 4043
337 3107 2131 406 3224 2357 694 2873 4021 3977 4611 3452 969 4732 3764 4505 2573 4038 1956 4337 2784 1241 4060 3374 1675 2303 3494 2016 297 2506 3455 1548 3980 1300 4112 1290 1579 1033 45 1163 494 1800 2812 3535 568 4387 4404 1865 606 1503 2514 4829 3026 1827 4123 203 1343 4294 328 1629 1961 4419 2359 4478 4255 1704 1814 1001 4414 4579 194 1243 3466 4763 2987 1184 2705 2436 4187 2639
278 1645 4713 2025 3354 68 1692 4501 538 3504 3343 4527 4924 4649 524 1736 1677 454 232 2445 4632 1393 3588 4142 3682 26 998 1571 57 2730 4864 4361 4521 3151 1100 3497 3676 2303 1124 2663 3780 2726 1262 3115 1260 345 57 1677 4342 4664 371 978 2215 2514 604 2455 3179 847 2016 2062 826 1373 1112 4194 978 4010 410 4880 1797 4912 3160 2438 2927 2583 4825 1764 3801 4043 2639 1841
