N: 80
M: 16
Symmetric: true
Triangle: false
5 14 37 34 2 55
4 53 41 10 62
3 72 64 63
7 23 22 16 4 67 9 8
6 69 24 60 71 7 79
4 65 36 44 56
6 80 70 46 74 30 19
3 61 5 49
5 52 28 47 68 13
6 20 59 73 48 21 26
5 77 27 39 32 35
4 43 25 1 45
8 3 6 78 38 58 29 51 31
5 50 76 66 11 42
5 54 17 18 15 40
4 33 57 12 75
1612 2667 1612 788 2139 4424 3499 2660 2368 1840 641 1088 4332 638 1793 1292 1520 525 1122 4171 2573 2629 2545 209 4544 4883 4267 2399 2438 1812 4633 55 1630 3370 3898 986 4338 1417 3355 2681 3774 1446 4550 2173 4482 3909 64 3705 3338 4021 2863 787 4838 3615 4648 2337 3056 1750 563 2967 1282 333 742 4501 1678 2832 4667 4327 3463 778 2553 4087 4944 3370 2323 1071 1663 1441 3117 2994
2667 4392 1105 2061 272 1139 3279 1690 286 2734 768 478 2697 3250 2978 4934 2250 4550 3842 3046 4123 4767 1737 451 3757 681 913 884 3995 3140 1958 2442 4026 4578 11 4414 1982 825 4820 859 2934 2635 1455 641 2885 2788 1372 1544 1755 3220 3316 2487 1198 1678 4348 818 2420 4385 1864 1973 4106 3811 3667 24 877 3153 664 4639 1874 1766 2814 3057 1574 4797 73 752 3623 1721 1120 2403
1612 1105 4169 2651 4830 4687 4646 4133 486 4280 1902 1180 2176 678 1041 2385 130 2048 3421 2362 2720 229 3582 534 1615 2783 3701 3020 3105 1552 4726 4669 4485 2958 1915 3801 3259 3837 493 4606 101 4531 1329 2663 3650 1927 4995 876 2393 4830 1866 1943 2075 1630 3852 2629 882 1125 2621 74 144 4662 3893 658 4666 434 2964 2162 4863 2057 4225 190 4176 1093 935 3166 1600 192 1586 4078
788 2061 2651 4483 145 3483 2225 4599 4499 3366 1937 4832 101 3885 2732 2966 1244 4125 1135 1705 3927 1679 3493 2396 2174 3327 4227 2295 4010 2492 4625 1699 1911 2969 1178 4675 1832 4115 4611 2877 2350 2773 3921 252 1178 3372 1525 2206 3999 631 4648 3468 1418 4266 3487 4094 2296 2973 1739 2914 3904 1489 144 2859 2007 387 4274 72 1918 2577 3640 1241 2272 4006 652 587 3180 3794 1650 3866
2139 272 4830 145 168 3769 2283 2057 812 1348 3583 2169 2147 536 3521 4608 994 2828 3266 1606 1886 310 1510 1270 3448 788 1794 4669 3597 2347 2715 919 136 3043 367 901 4434 832 902 1499 4110 2431 664 4734 3838 3967 3372 4193 898 3747 3906 1437 2451 233 3238 1801 2614 4210 2377 290 2604 3748 4662 3417 3824 1720 3795 1640 269 2838 4670 2701 3657 2593 2070 3410 967 3375 3959 3666
4424 1139 4687 3483 3769 56 1618 283 3448 1253 3555 4981 1528 4262 959 934 2829 3521 4957 2299 4845 4885 1392 1350 3565 2734 4950 2389 794 3030 811 1025 3382 1528 3554 2904 2920 944 3376 4307 297 2291 1619 3241 2765 1051 436 3021 3713 4578 3690 1430 4258 2063 4655 744 1477 495 3880 717 970 2970 3092 4112 1483 4345 639 3736 2063 4128 2404 4049 2720 106 4356 1406 2181 983 4024 4020
3499 3279 4646 2225 2283 1618 2885 2020 2944 2747 694 2871 2968 880 2500 1800 1728 4903 2000 1211 4884 2003 4156 1361 4026 2517 4953 3711 3106 4177 4358 4126 1974 3558 4700 1899 3060 2234 1158 2134 879 2414 4394 3724 2275 2799 3397 2033 459 860 2771 299 3035 4948 250 3770 1756 4587 2901 3680 3442 4927 264 4039 1268 3061 2524 1865 1120 700 3603 3868 1915 823 251 1452 3819 3387 4979 3462
2660 1690 4133 4599 2057 283 2020 982 1798 1234 3465 3795 4715 2453 1470 1756 3778 1425 2932 874 3735 2716 516 1948 1784 3062 670 3642 4164 51 3268 1503 125 3032 1480 2142 2679 1116 3370 292 3590 384 4134 4045 1030 869 1816 4262 2427 3159 2963 2721 735 3038 3548 4402 3156 1480 1494 4094 4804 2645 4273 1947 3184 1870 3600 1009 1019 988 2295 3753 309 67 3253 4746 3093 2069 267 1629
2368 286 486 4499 812 3448 2944 1798 2389 3734 1341 2874 1843 796 3088 3680 2329 2988 1933 77 3189 1528 3466 394 3427 1647 178 4491 2385 3395 2108 4415 3055 3538 3406 3082 4847 1688 2700 4661 2989 1346 1517 3144 2053 371 2723 4998 124 1786 1954 969 573 827 20 3272 385 1193 1089 4886 4787 2774 4899 2106 2872 4827 3082 4619 1989 3868 4242 44 3447 2760 4292 2911 1422 4724 4570 4215
1840 2734 4280 3366 1348 1253 2747 1234 3734 1274 3524 4047 4472 2932 2635 3035 1914 2953 2262 2409 582 1490 3012 1490 1827 4410 4352 66 4120 4917 4194 1229 1055 417 2361 3821 4344 1734 4047 769 140 4078 653 3827 854 1284 2890 3704 1883 4419 2853 4802 1991 1554 671 2497 4607 363 256 4106 2036 240 3583 3555 1984 3586 2197 4360 41 1032 3266 2524 4746 1217 615 4008 1154 3987 1635 4978
641 768 1902 1937 3583 3555 694 3465 1341 3524 2256 2235 3228 768 1363 2862 2330 3734 375 478 2598 1467 1239 2279 3920 1746 639 1968 432 2917 4095 3282 302 2422 4377 2649 326 4842 2821 4974 1180 4798 4252 129 2300 248 1841 1416 3833 3786 3400 1650 1609 3468 3117 3254 3915 3609 4240 680 4314 846 2321 31 4492 2198 1931 314 3279 3878 1711 59 4393 4161 1864 3956 2314 3301 2691 4875
1088 478 1180 4832 2169 4981 2871 3795 2874 4047 2235 4856 1919 4811 415 4609 3770 189 45 1078 4934 270 4377 1203 3528 1668 1314 1294 233 2972 2469 1745 1626 4064 1509 3615 2871 3565 2390 1472 356 3684 391 2305 2941 3026 1177 3236 3229 3228 3202 4256 2329 467 4250 1306 1401 4763 873 1524 1558 4418 4226 492 1386 873 3635 1683 266 983 1941 1063 1004 2767 682 4037 1215 4970 2251 778
4332 2697 2176 101 2147 1528 2968 4715 1843 4472 3228 1919 2140 2472 1186 958 79 3170 1565 439 2877 2343 2422 3523 3081 4070 525 4641 3362 1259 862 3964 745 1958 283 738 1528 4065 2941 1300 2071 532 3064 1631 2736 2876 1401 3805 1163 1541 1590 4892 1069 3123 2309 3190 2088 1158 2863 4414 433 495 4562 651 757 3364 479 2658 3674 520 4471 3722 3050 4681 1264 1881 4878 2283 3265 912
638 3250 678 3885 536 4262 880 2453 796 2932 768 4811 2472 913 1585 3808 3614 1440 1167 3517 4690 1140 403 994 2596 4933 71 937 3650 254 2460 1979 4166 2947 1625 365 4267 1287 3331 1539 4709 3346 3730 4186 682 2631 4612 4630 1680 1498 1274 3593 3392 373 2804 2605 2844 3998 1025 3857 3390 2378 4108 4585 406 3597 3984 4808 362 3140 3636 2446 2732 3527 640 2094 4590 101 4960 2647
1793 2978 1041 2732 3521 959 2500 1470 3088 2635 1363 415 1186 1585 4554 904 2375 806 4039 2571 4109 4292 1675 4292 3107 2611 4470 2838 1332 4064 3003 11 2159 1906 1081 4824 557 4803 1127 592 63 4988 551 4733 3040 4608 2997 1085 531 3823 4532 1805 1073 1667 3822 850 2520 3012 3756 3742 3269 1934 3045 1722 1183 1718 1841 3471 1897 2015 3738 587 645 379 1892 2323 1775 2422 1830 1584
1292 4934 2385 2966 4608 934 1800 1756 3680 3035 2862 4609 958 3808 904 2992 4029 770 3647 3449 3403 4385 2798 3592 403 2270 2902 559 1646 2502 42 969 3296 4594 4686 4291 4095 2583 957 630 905 3388 3402 496 557 1663 4370 3674 1121 4750 3531 675 163 4681 2041 2087 4456 2218 2459 1222 1201 994 1197 2966 1297 1775 2597 4199 2236 781 972 966 1517 4932 850 4702 151 4231 1427 1778
1520 2250 130 1244 994 2829 1728 3778 2329 1914 2330 3770 79 3614 2375 4029 1188 3543 3307 2952 77 2821 3902 2878 4010 827 1558 2834 4593 3273 4865 626 2947 3136 2300 2166 2475 4184 2328 2487 1575 4179 386 284 2216 1832 3893 4440 4193 1779 3855 2385 1342 1539 1868 2365 4405 2531 2088 2191 1477 4172 3102 1371 2811 3390 3108 2554 3083 4043 728 3515 4649 4058 134 227 1547 3579 1192 2156
525 4550 2048 4125 2828 3521 4903 1425 2988 2953 3734 189 3170 1440 806 770 3543 4751 4804 2251 887 3286 2884 634 4486 2419 4384 673 574 2989 2500 4811 3873 2908 286 1211 4658 4536 2899 2176 1059 4473 1997 493 268 4443 473 4147 3971 574 3869 1952 1374 2067 4557 2678 3910 2248 4742 1214 4939 4598 2470 48 2369 258 4093 3305 1828 1295 2116 2601 4617 2891 133 1056 1667 4448 2841 2457
1122 3842 3421 1135 3266 4957 2000 2932 1933 2262 375 45 1565 1167 4039 3647 3307 4804 88 2943 1621 3683 4888 1931 1519 3014 946 1109 3376 190 1735 749 1982 622 4136 639 2542 2831 3227 4053 2995 3406 1665 223 439 29 4307 1410 398 2034 2703 305 4794 4472 4182 3863 4521 1233 2838 4600 3551 3415 2946 694 3837 1188 4729 859 4261 1809 1592 3769 4472 1420 2155 283 438 4623 3152 3725
4171 3046 2362 1705 1606 2299 1211 874 77 2409 478 1078 439 3517 2571 3449 2952 2251 2943 4368 644 965 1368 4735 3920 4480 1822 3332 4421 675 1099 3805 977 2346 698 2860 1669 4821 4213 1292 1697 4449 964 3311 3639 4893 4731 1030 3855 1015 2853 912 1725 3832 1469 4390 1678 1787 2635 933 2635 4109 2731 2064 2733 762 4242 3548 1713 4599 2310 4019 908 3615 863 2716 1097 3326 774 4089
2573 4123 2720 3927 1886 4845 4884 3735 3189 582 2598 4934 2877 4690 4109 3403 77 887 1621 644 4328 4515 810 4409 1756 1038 2832 666 4443 3450 879 231 3702 2551 3997 4304 3091 516 4791 3273 4521 684 3722 4853 2487 3328 1077 4445 186 2760 3289 3432 2059 4697 3936 2580 401 4214 1892 657 37 747 2981 3629 1744 2850 4176 1142 4649 1909 4062 2875 1231 3985 2861 4555 2226 4710 881 309
2629 4767 229 1679 310 4885 2003 2716 1528 1490 1467 270 2343 1140 4292 4385 2821 3286 3683 965 4515 3084 2172 4939 4684 3246 1860 2288 3635 4342 3831 138 1640 383 2737 4444 1221 539 4360 2801 1265 3597 2923 1477 3018 2394 2654 2739 1666 3044 4815 661 149 2868 1736 2961 4125 1529 2899 716 2600 214 1739 103 89 2534 1792 1695 2367 2183 1545 560 3593 3418 4481 1416 2532 2846 3751 4898
2545 1737 3582 3493 1510 1392 4156 516 3466 3012 1239 4377 2422 403 1675 2798 3902 2884 4888 1368 810 2172 1119 3152 3105 3156 4696 3003 4824 4300 255 3596 4214 3484 2211 660 4434 358 749 63 2149 2156 1776 142 4887 569 3994 1984 1413 2717 4919 3225 2425 78 975 2511 2189 1756 1036 2144 2301 1394 499 4254 4143 1364 75 1709 2751 1006 2918 2959 1409 2813 3319 1982 1417 599 1526 3277
209 451 534 2396 1270 1350 1361 1948 394 1490 2279 1203 3523 994 4292 3592 2878 634 1931 4735 4409 4939 3152 4728 413 4898 3581 983 1922 420 1205 4642 3737 2417 418 2085 2879 3585 2149 820 128 1742 3563 3009 3364 1839 162 2476 3327 2447 1443 2358 2283 3631 3197 790 4329 3869 2439 1025 4047 1519 1267 4771 568 1746 1062 416 2153 1745 1745 2599 2958 3319 3079 1393 511 3219 2464 997
4544 3757 1615 2174 3448 3565 4026 1784 3427 1827 3920 3528 3081 2596 3107 403 4010 4486 1519 3920 1756 4684 3105 413 1286 2576 635 2963 4996 4383 2768 1477 4686 4273 4698 1211 2913 4896 3829 487 4051 557 4753 4089 763 4816 1861 4544 1960 3576 3940 3269 3193 4155 2086 4712 4452 4774 1522 2190 4902 3720 3369 320 4890 4339 3034 4248 1100 2417 308 2140 1136 3771 2988 3577 2219 2834 4355 1208
4883 681 2783 3327 788 2734 2517 3062 1647 4410 1746 1668 4070 4933 2611 2270 827 2419 3014 4480 1038 3246 3156 4898 2576 2734 1150 2590 1192 320 2021 4538 3274 3553 829 4771 4659 2569 4587 3079 4133 1442 3922 2426 1815 4472 4480 1007 2620 1970 2771 4896 3696 2369 367 53 1673 2215 2901 1528 4952 3532 176 4991 2516 4933 4573 4979 4373 3382 2774 1025 887 4021 1770 956 20 4203 1464 1023
4267 913 3701 4227 1794 4950 4953 670 178 4352 639 1314 525 71 4470 2902 1558 4384 946 1822 2832 1860 4696 3581 635 1150 1532 4095 1128 958 586 1032 4404 4057 3957 2561 1510 4588 1372 4504 1993 62 2369 3825 518 4137 4211 399 381 2613 1698 1391 4366 2876 3838 4284 4216 570 4559 3994 2711 4100 670 1910 2125 351 4423 2127 251 563 2237 347 878 821 4437 921 4233 489 1297 3046
2399 884 3020 2295 4669 2389 3711 3642 4491 66 1968 1294 4641 937 2838 559 2834 673 1109 3332 666 2288 3003 983 2963 2590 4095 3219 534 2933 718 880 4255 1673 4986 4644 1543 1394 3470 4111 305 3222 390 448 4257 3399 347 4950 2116 1591 559 4964 1529 944 887 3598 1681 4623 417 4959 2489 1058 1661 4777 551 949 2350 1093 4309 2424 192 2019 3879 2456 1695 578 1445 4108 2466 3577
2438 3995 3105 4010 3597 794 3106 4164 2385 4120 432 233 3362 3650 1332 1646 4593 574 3376 4421 4443 3635 4824 1922 4996 1192 1128 534 2730 3497 2438 2569 4508 3341 884 165 769 132 2767 636 2820 2561 863 1297 3296 3587 4546 1244 4791 1211 833 2866 3947 3539 1104 2506 3491 4589 2821 4757 3915 657 1743 2061 3821 2698 2054 215 1887 3117 2890 2868 1653 371 561 1007 3663 3164 4810 1159
1812 3140 1552 2492 2347 3030 4177 51 3395 4917 2917 2972 1259 254 4064 2502 3273 2989 190 675 3450 4342 4300 420 4383 320 958 2933 3497 3812 4493 962 3164 439 2696 3443 4524 2168 2864 3962 2988 3450 2557 3242 629 1125 3249 584 899 265 1221 847 2838 4232 3146 3561 1672 1987 86 3608 936 2609 4438 1305 4857 1584 1915 2587 1606 3654 244 4614 2745 351 2031 616 4851 1064 941 3687
4633 1958 4726 4625 2715 811 4358 3268 2108 4194 4095 2469 862 2460 3003 42 4865 2500 1735 1099 879 3831 255 1205 2768 2021 586 718 2438 4493 1490 2180 1533 3802 1026 936 4758 776 4512 247 1077 2938 3709 1410 2258 781 136 2480 2417 379 2434 4044 993 1204 1906 1615 4425 1576 3911 1674 4184 4948 28 4286 2950 3360 4770 207 3227 4948 3365 1871 3635 1188 4747 3154 2892 2883 3120 3357
55 2442 4669 1699 919 1025 4126 1503 4415 1229 3282 1745 3964 1979 11 969 626 4811 749 3805 231 138 3596 4642 1477 4538 1032 880 2569 962 2180 1149 1781 4066 1577 1231 814 1686 3934 3786 767 2328 1459 4747 37 819 508 3241 1718 4824 4954 848 3603 2371 507 442 3469 770 3938 1022 187 2355 735 4659 957 2253 1297 1018 4988 3970 990 834 4929 2626 2626 3874 4666 4637 3316 3876
1630 4026 4485 1911 136 3382 1974 125 3055 1055 302 1626 745 4166 2159 3296 2947 3873 1982 977 3702 1640 4214 3737 4686 3274 4404 4255 4508 3164 1533 1781 842 3259 2209 1115 3884 2575 3391 3451 2521 2413 297 3639 4097 2795 3015 369 2892 1853 2019 4486 284 1962 2150 2591 261 4526 4259 4722 225 1391 2306 1661 4639 4076 423 3111 292 1843 4911 1930 4053 2276 727 1468 3787 3039 2376 4715
3370 4578 2958 2969 3043 1528 3558 3032 3538 417 2422 4064 1958 2947 1906 4594 3136 2908 622 2346 2551 383 3484 2417 4273 3553 4057 1673 3341 439 3802 4066 3259 3224 1887 1784 2363 3321 495 2387 3873 3671 1884 397 3325 667 1990 3249 2667 4934 2533 1206 1797 2736 1565 3323 4202 3970 4205 4346 2721 3537 3070 2617 4110 2742 2320 1047 729 203 2918 4199 1997 2617 1723 2602 3012 4336 1007 3880
3898 11 1915 1178 367 3554 4700 1480 3406 2361 4377 1509 283 1625 1081 4686 2300 286 4136 698 3997 2737 2211 418 4698 829 3957 4986 884 2696 1026 1577 2209 1887 339 312 4182 3116 3502 1335 3889 1582 2358 2633 634 2438 3959 2891 4649 4669 3219 2960 2677 3904 3726 3205 1951 1039 4330 2249 3923 4607 702 2801 4717 1061 1132 757 152 1620 2759 514 4469 3950 1430 4082 2690 1885 4023 2525
986 4414 3801 4675 901 2904 1899 2142 3082 3821 2649 3615 738 365 4824 4291 2166 1211 639 2860 4304 4444 660 2085 1211 4771 2561 4644 165 3443 936 1231 1115 1784 312 4637 3395 937 1297 1222 3031 3267 4924 1620 990 1705 2657 3791 342 538 2070 464 2273 2733 3932 3805 1245 3952 822 1988 2637 4532 1330 2182 4398 2641 1006 628 2085 3648 851 4205 3257 737 4862 1246 4016 3354 1587 4146
4338 1982 3259 1832 4434 2920 3060 2679 4847 4344 326 2871 1528 4267 557 4095 2475 4658 2542 1669 3091 1221 4434 2879 2913 4659 1510 1543 769 4524 4758 814 3884 2363 4182 3395 1006 2389 4705 529 3504 2683 2867 3766 1823 3876 2287 4028 3764 538 4339 3728 2624 189 3775 4075 1234 591 2952 1117 512 462 909 3375 2801 2304 941 2822 225 1282 4317 3064 897 4121 2627 1589 2970 2242 4048 1346
1417 825 3837 4115 832 944 2234 1116 1688 1734 4842 3565 4065 1287 4803 2583 4184 4536 2831 4821 516 539 358 3585 4896 2569 4588 1394 132 2168 776 1686 2575 3321 3116 937 2389 4053 2930 2684 516 1476 3375 691 372 1324 4207 4940 2446 3741 1395 1780 2034 3672 3769 129 2960 1895 1465 1010 2289 247 2090 4147 3563 1412 1980 2272 14 4757 1120 4370 4925 2379 1076 4025 3892 3236 2745 921
3355 4820 493 4611 902 3376 1158 3370 2700 4047 2821 2390 2941 3331 1127 957 2328 2899 3227 4213 4791 4360 749 2149 3829 4587 1372 3470 2767 2864 4512 3934 3391 495 3502 1297 4705 2930 1089 1357 523 490 2700 3371 2266 3331 3218 4566 4247 683 3927 4616 4191 1386 2498 2538 4996 1468 4231 3212 751 4738 1361 2627 2233 1027 3117 2079 4913 1999 2467 1380 929 4619 2964 2608 4541 990 3496 39
2681 859 4606 2877 1499 4307 2134 292 4661 769 4974 1472 1300 1539 592 630 2487 2176 4053 1292 3273 2801 63 820 487 3079 4504 4111 636 3962 247 3786 3451 2387 1335 1222 529 2684 1357 717 729 3974 273 4106 903 4568 4108 3725 4948 3378 62 3487 3809 1545 3703 4016 3817 2715 3319 4975 242 168 3243 1025 436 4325 3606 4605 1242 1693 489 521 2341 4257 4090 3832 4248 26 2562 2060
3774 2934 101 2350 4110 297 879 3590 2989 140 1180 356 2071 4709 63 905 1575 1059 2995 1697 4521 1265 2149 128 4051 4133 1993 305 2820 2988 1077 767 2521 3873 3889 3031 3504 516 523 729 4535 972 2661 2886 4740 4075 329 3035 3700 2896 1620 445 1181 3010 1431 1955 615 1704 3535 4232 4853 4623 3574 869 3436 2640 3774 1832 2092 2338 4235 3125 3832 824 3888 1977 4807 814 1817 1794
1446 2635 4531 2773 2431 2291 2414 384 1346 4078 4798 3684 532 3346 4988 3388 4179 4473 3406 4449 684 3597 2156 1742 557 1442 62 3222 2561 3450 2938 2328 2413 3671 1582 3267 2683 1476 490 3974 972 3832 730 2810 3622 2219 2697 2012 1567 4487 3834 2495 1058 666 569 2857 397 4042 2980 3162 1436 3982 17 128 1985 3251 4954 2777 4289 3243 3210 4082 1628 4741 4135 2747 3003 77 3235 3363
4550 1455 1329 3921 664 1619 4394 4134 1517 653 4252 391 3064 3730 551 3402 386 1997 1665 964 3722 2923 1776 3563 4753 3922 2369 390 863 2557 3709 1459 297 1884 2358 4924 2867 3375 2700 273 2661 730 762 4432 3071 3509 3206 3208 1706 3319 1340 248 3311 2723 2274 807 2957 147 3558 2883 1322 1744 3398 4104 2001 2391 1716 1248 2339 3382 114 1872 720 3229 1747 3457 2780 3519 1451 163
2173 641 2663 252 4734 3241 3724 4045 3144 3827 129 2305 1631 4186 4733 496 284 493 223 3311 4853 1477 142 3009 4089 2426 3825 448 1297 3242 1410 4747 3639 397 2633 1620 3766 691 3371 4106 2886 2810 4432 945 2073 1223 2667 4829 1046 4546 4048 2049 3640 1320 105 1460 1156 75 1532 1679 4416 1561 4085 3186 3201 1614 2331 1082 2463 1517 1167 4704 4004 3273 2133 1650 2523 2252 2625 2045
4482 2885 3650 1178 3838 2765 2275 1030 2053 854 2300 2941 2736 682 3040 557 2216 268 439 3639 2487 3018 4887 3364 763 1815 518 4257 3296 629 2258 37 4097 3325 634 990 1823 372 2266 903 4740 3622 3071 2073 1985 855 1603 4815 211 3978 4451 2286 3484 4309 4855 3022 3656 4987 218 696 2123 4384 1098 945 4778 591 3082 4387 3625 2949 2878 4173 3967 998 1076 3541 1908 1787 4219 3010
3909 2788 1927 3372 3967 1051 2799 869 371 1284 248 3026 2876 2631 4608 1663 1832 4443 29 4893 3328 2394 569 1839 4816 4472 4137 3399 3587 1125 781 819 2795 667 2438 1705 3876 1324 3331 4568 4075 2219 3509 1223 855 1513 1667 2536 3139 4337 3416 1813 3527 3345 1771 2906 407 685 4183 3134 815 3111 1492 3931 4515 4407 3326 3412 2943 1471 3556 1676 4588 2180 880 1860 2401 2855 2395 1616
64 1372 4995 1525 3372 436 3397 1816 2723 2890 1841 1177 1401 4612 2997 4370 3893 473 4307 4731 1077 2654 3994 162 1861 4480 4211 347 4546 3249 136 508 3015 1990 3959 2657 2287 4207 3218 4108 329 2697 3206 2667 1603 1667 2098 3803 905 3489 4967 4917 4508 4339 4188 2009 323 884 2294 3699 849 3472 987 554 3435 4439 3676 835 2339 3286 581 1039 599 4176 3919 4629 2971 1194 2009 538
3705 1544 876 2206 4193 3021 2033 4262 4998 3704 1416 3236 3805 4630 1085 3674 4440 4147 1410 1030 4445 2739 1984 2476 4544 1007 399 4950 1244 584 2480 3241 369 3249 2891 3791 4028 4940 4566 3725 3035 2012 3208 4829 4815 2536 3803 4462 4563 1429 3998 3223 2626 2386 571 66 2253 4356 1784 1679 2839 1162 3078 175 1305 4179 3713 1127 882 1662 1707 854 2595 1938 3172 1528 406 2902 3143 3324
3338 1755 2393 3999 898 3713 459 2427 124 1883 3833 3229 1163 1680 531 1121 4193 3971 398 3855 186 1666 1413 3327 1960 2620 381 2116 4791 899 2417 1718 2892 2667 4649 342 3764 2446 4247 4948 3700 1567 1706 1046 211 3139 905 4563 294 4796 3310 444 1673 3110 808 4253 2728 1001 1099 1074 2685 3816 3856 2547 3127 3638 4876 2698 766 74 883 159 4634 23 1155 2096 462 2255 4039 1129
4021 3220 4830 631 3747 4578 860 3159 1786 4419 3786 3228 1541 1498 3823 4750 1779 574 2034 1015 2760 3044 2717 2447 3576 1970 2613 1591 1211 265 379 4824 1853 4934 4669 538 538 3741 683 3378 2896 4487 3319 4546 3978 4337 3489 1429 4796 339 4636 1816 2013 4265 2652 1485 2063 4179 1520 1594 2304 4766 4599 4307 4408 3764 4816 1038 2469 2942 2533 265 4313 3663 1952 816 4467 1180 133 783
2863 3316 1866 4648 3906 3690 2771 2963 1954 2853 3400 3202 1590 1274 4532 3531 3855 3869 2703 2853 3289 4815 4919 1443 3940 2771 1698 559 833 1221 2434 4954 2019 2533 3219 2070 4339 1395 3927 62 1620 3834 1340 4048 4451 3416 4967 3998 3310 4636 4504 627 2925 4501 4764 3122 3566 1415 2503 1357 4680 4704 4005 4698 4412 91 1361 2756 2793 2260 2919 4744 3848 2496 4400 951 465 3655 3424 3589
787 2487 1943 3468 1437 1430 299 2721 969 4802 1650 4256 4892 3593 1805 675 2385 1952 305 912 3432 661 3225 2358 3269 4896 1391 4964 2866 847 4044 848 4486 1206 2960 464 3728 1780 4616 3487 445 2495 248 2049 2286 1813 4917 3223 444 1816 627 1315 3378 1088 4406 3592 3013 2890 743 239 4437 4130 4979 855 3046 3050 466 4005 2458 1463 1628 4773 4315 263 4132 2025 425 1153 3214 4967
4838 1198 2075 1418 2451 4258 3035 735 573 1991 1609 2329 1069 3392 1073 163 1342 1374 4794 1725 2059 149 2425 2283 3193 3696 4366 1529 3947 2838 993 3603 284 1797 2677 2273 2624 2034 4191 3809 1181 1058 3311 3640 3484 3527 4508 2626 1673 2013 2925 3378 1313 1384 736 964 306 3826 3906 3753 4730 2661 2253 2265 3908 4631 606 3577 2136 319 2373 572 2146 2774 2434 870 1523 3609 2917 3517
3615 1678 1630 4266 233 2063 4948 3038 827 1554 3468 467 3123 373 1667 4681 1539 2067 4472 3832 4697 2868 78 3631 4155 2369 2876 944 3539 4232 1204 2371 1962 2736 3904 2733 189 3672 1386 1545 3010 666 2723 1320 4309 3345 4339 2386 3110 4265 4501 1088 1384 3580 2136 4330 3478 630 2978 4040 102 2692 642 3100 339 592 2288 2270 4253 2886 3424 3274 2047 3346 3162 1053 2463 4577 3748 1421
4648 4348 3852 3487 3238 4655 250 3548 20 671 3117 4250 2309 2804 3822 2041 1868 4557 4182 1469 3936 1736 975 3197 2086 367 3838 887 1104 3146 1906 507 2150 1565 3726 3932 3775 3769 2498 3703 1431 569 2274 105 4855 1771 4188 571 808 2652 4764 4406 736 2136 4431 2136 2634 1711 4165 2528 3877 2079 812 811 940 3327 2680 2009 3632 459 2931 1845 4946 818 2211 2693 3373 3849 1574 2380
2337 818 2629 4094 1801 744 3770 4402 3272 2497 3254 1306 3190 2605 850 2087 2365 2678 3863 4390 2580 2961 2511 790 4712 53 4284 3598 2506 3561 1615 442 2591 3323 3205 3805 4075 129 2538 4016 1955 2857 807 1460 3022 2906 2009 66 4253 1485 3122 3592 964 4330 2136 4262 2367 1119 234 3754 4877 4480 2162 344 1338 990 3622 3472 3957 1795 620 3527 3767 1383 704 4999 3225 785 4531 317
3056 2420 882 2296 2614 1477 1756 3156 385 4607 3915 1401 2088 2844 2520 4456 4405 3910 4521 1678 401 4125 2189 4329 4452 1673 4216 1681 3491 1672 4425 3469 261 4202 1951 1245 1234 2960 4996 3817 615 397 2957 1156 3656 407 323 2253 2728 2063 3566 3013 306 3478 2634 2367 4887 4170 868 3695 1461 842 1194 742 380 2785 1784 3215 903 2568 2450 4694 4206 200 2652 4797 3096 952 460 3574
1750 4385 1125 2973 4210 495 4587 1480 1193 363 3609 4763 1158 3998 3012 2218 2531 2248 1233 1787 4214 1529 1756 3869 4774 2215 570 4623 4589 1987 1576 770 4526 3970 1039 3952 591 1895 1468 2715 1704 4042 147 75 4987 685 884 4356 1001 4179 1415 2890 3826 630 1711 1119 4170 4587 1060 3647 2034 2467 1725 2956 1215 1550 3263 90 3182 2847 1130 1667 3048 1087 3208 2551 4597 454 4422 2143
563 1864 2621 1739 2377 3880 2901 1494 1089 256 4240 873 2863 1025 3756 2459 2088 4742 2838 2635 1892 2899 1036 2439 1522 2901 4559 417 2821 86 3911 3938 4259 4205 4330 822 2952 1465 4231 3319 3535 2980 3558 1532 218 4183 2294 1784 1099 1520 2503 743 3906 2978 4165 234 868 1060 2045 2334 2231 4811 799 4237 2301 1160 2364 924 1211 661 476 3441 4636 3125 1067 943 2584 3053 378 992
2967 1973 74 2914 290 717 3680 4094 4886 4106 680 1524 4414 3857 3742 1222 2191 1214 4600 933 657 716 2144 1025 2190 1528 3994 4959 4757 3608 1674 1022 4722 4346 2249 1988 1117 1010 3212 4975 4232 3162 2883 1679 696 3134 3699 1679 1074 1594 1357 239 3753 4040 2528 3754 3695 3647 2334 3377 798 1558 1253 4138 4753 2211 2877 1156 540 1266 3210 205 3712 2951 2901 2493 885 542 281 2301
1282 4106 144 3904 2604 970 3442 4804 4787 2036 4314 1558 433 3390 3269 1201 1477 4939 3551 2635 37 2600 2301 4047 4902 4952 2711 2489 3915 936 4184 187 225 2721 3923 2637 512 2289 751 242 4853 1436 1322 4416 2123 815 849 2839 2685 2304 4680 4437 4730 102 3877 4877 1461 2034 2231 798 18 2550 1111 4198 3547 4826 3910 3125 4251 3979 132 3081 2879 173 2938 1664 806 2208 947 4093
333 3811 4662 1489 3748 2970 4927 2645 2774 240 846 4418 495 2378 1934 994 4172 4598 3415 4109 747 214 1394 1519 3720 3532 4100 1058 657 2609 4948 2355 1391 3537 4607 4532 462 247 4738 168 4623 3982 1744 1561 4384 3111 3472 1162 3816 4766 4704 4130 2661 2692 2079 4480 842 2467 4811 1558 2550 68 938 3264 3832 2680 2373 2786 748 4175 3390 1020 2377 1776 1190 4161 963 192 3773 1584
742 3667 3893 144 4662 3092 264 4273 4899 3583 2321 4226 4562 4108 3045 1197 3102 2470 2946 2731 2981 1739 499 1267 3369 176 670 1661 1743 4438 28 735 2306 3070 702 1330 909 2090 1361 3243 3574 17 3398 4085 1098 1492 987 3078 3856 4599 4005 4979 2253 642 812 2162 1194 1725 799 1253 1111 938 899 94 4320 843 4121 1138 2879 302 915 791 1685 1837 4734 4843 3932 4589 505 2661
4501 24 658 2859 3417 4112 4039 1947 2106 3555 31 492 651 4585 1722 2966 1371 48 694 2064 3629 103 4254 4771 320 4991 1910 4777 2061 1305 4286 4659 1661 2617 2801 2182 3375 4147 2627 1025 869 128 4104 3186 945 3931 554 175 2547 4307 4698 855 2265 3100 811 344 742 2956 4237 4138 4198 3264 94 2399 3643 3996 1700 1881 705 3815 1968 2134 4096 4612 4776 4267 1889 3051 1382 542
1678 877 4666 2007 3824 1483 1268 3184 2872 1984 4492 1386 757 406 1183 1297 2811 2369 3837 2733 1744 89 4143 568 4890 2516 2125 551 3821 4857 2950 957 4639 4110 4717 4398 2801 3563 2233 436 3436 1985 2001 3201 4778 4515 3435 1305 3127 4408 4412 3046 3908 339 940 1338 380 1215 2301 4753 3547 3832 4320 3643 2478 200 4510 3922 1514 1722 2557 518 4007 3028 4966 3485 3958 3825 3955 3595
2832 3153 434 387 1720 4345 3061 1870 4827 3586 2198 873 3364 3597 1718 1775 3390 258 1188 762 2850 2534 1364 1746 4339 4933 351 949 2698 1584 3360 2253 4076 2742 1061 2641 2304 1412 1027 4325 2640 3251 2391 1614 591 4407 4439 4179 3638 3764 91 3050 4631 592 3327 990 2785 1550 1160 2211 4826 2680 843 3996 200 2532 310 3943 2531 4490 4774 2149 2948 2636 2895 3499 3714 2377 1118 4364
4667 664 2964 4274 3795 639 2524 3600 3082 2197 1931 3635 479 3984 1841 2597 3108 4093 4729 4242 4176 1792 75 1062 3034 4573 4423 2350 2054 1915 4770 1297 423 2320 1132 1006 941 1980 3117 3606 3774 4954 1716 2331 3082 3326 3676 3713 4876 4816 1361 466 606 2288 2680 3622 1784 3263 2364 2877 3910 2373 4121 1700 4510 310 3794 3682 54 2616 3363 3024 2490 360 4605 4423 2567 2399 3432 4863
4327 4639 2162 72 1640 3736 1865 1009 4619 4360 314 1683 2658 4808 3471 4199 2554 3305 859 3548 1142 1695 1709 416 4248 4979 2127 1093 215 2587 207 1018 3111 1047 757 628 2822 2272 2079 4605 1832 2777 1248 1082 4387 3412 835 1127 2698 1038 2756 4005 3577 2270 2009 3472 3215 90 924 1156 3125 2786 1138 1881 3922 3943 3682 4285 2255 4012 2144 2321 259 3188 4207 3531 4867 3004 3978 2054
3463 1874 4863 1918 269 2063 1120 1019 1989 41 3279 266 3674 362 1897 2236 3083 1828 4261 1713 4649 2367 2751 2153 1100 4373 251 4309 1887 1606 3227 4988 292 729 152 2085 225 14 4913 1242 2092 4289 2339 2463 3625 2943 2339 882 766 2469 2793 2458 2136 4253 3632 3957 903 3182 1211 540 4251 748 2879 705 1514 2531 54 2255 2638 864 3355 4880 1863 538 879 3757 4433 2541 670 3701
778 1766 2057 2577 2838 4128 700 988 3868 1032 3878 983 520 3140 2015 781 4043 1295 1809 4599 1909 2183 1006 1745 2417 3382 563 2424 3117 3654 4948 3970 1843 203 1620 3648 1282 4757 1999 1693 2338 3243 3382 1517 2949 1471 3286 1662 74 2942 2260 1463 319 2886 459 1795 2568 2847 661 1266 3979 4175 302 3815 1722 4490 2616 4012 864 1269 3661 3591 1808 1390 791 1491 3458 3044 3482 1982
2553 2814 4225 3640 4670 2404 3603 2295 4242 3266 1711 1941 4471 3636 3738 972 728 2116 1592 2310 4062 1545 2918 1745 308 2774 2237 192 2890 244 3365 990 4911 2918 2759 851 4317 1120 2467 489 4235 3210 114 1167 2878 3556 581 1707 883 2533 2919 1628 2373 3424 2931 620 2450 1130 476 3210 132 3390 915 1968 2557 4774 3363 2144 3355 3661 3365 3562 2119 2884 2564 1645 3919 603 2072 4427
4087 3057 190 1241 2701 4049 3868 3753 44 2524 59 1063 3722 2446 587 966 3515 2601 3769 4019 2875 560 2959 2599 2140 1025 347 2019 2868 4614 1871 834 1930 4199 514 4205 3064 4370 1380 521 3125 4082 1872 4704 4173 1676 1039 854 159 265 4744 4773 572 3274 1845 3527 4694 1667 3441 205 3081 1020 791 2134 518 2149 3024 2321 4880 3591 3562 1499 3287 2618 2490 4735 3161 142 454 714
4944 1574 4176 2272 3657 2720 1915 309 3447 4746 4393 1004 3050 2732 645 1517 4649 4617 4472 908 1231 3593 1409 2958 1136 887 878 3879 1653 2745 3635 4929 4053 1997 4469 3257 897 4925 929 2341 3832 1628 720 4004 3967 4588 599 2595 4634 4313 3848 4315 2146 2047 4946 3767 4206 3048 4636 3712 2879 2377 1685 4096 4007 2948 2490 259 1863 1808 2119 3287 2424 3778 2358 28 2791 333 4434 822
3370 4797 1093 4006 2593 106 823 67 2760 1217 4161 2767 4681 3527 379 4932 4058 2891 1420 3615 3985 3418 2813 3319 3771 4021 821 2456 371 351 1188 2626 2276 2617 3950 737 4121 2379 4619 4257 824 4741 3229 3273 998 2180 4176 1938 23 3663 2496 263 2774 3346 818 1383 200 1087 3125 2951 173 1776 1837 4612 3028 2636 360 3188 538 1390 2884 2618 3778 3793 3514 3993 4922 3859 2281 3578
2323 73 935 652 2070 4356 251 3253 4292 615 1864 682 1264 640 1892 850 134 133 2155 863 2861 4481 3319 3079 2988 1770 4437 1695 561 2031 4747 2626 727 1723 1430 4862 2627 1076 2964 4090 3888 4135 1747 2133 1076 880 3919 3172 1155 1952 4400 4132 2434 3162 2211 704 2652 3208 1067 2901 2938 1190 4734 4776 4966 2895 4605 4207 879 791 2564 2490 2358 3514 1879 2141 351 3579 760 1682
1071 752 3166 587 3410 1406 1452 4746 2911 4008 3956 4037 1881 2094 2323 4702 227 1056 283 2716 4555 1416 1982 1393 3577 956 921 578 1007 616 3154 3874 1468 2602 4082 1246 1589 4025 2608 3832 1977 2747 3457 1650 3541 1860 4629 1528 2096 816 951 2025 870 1053 2693 4999 4797 2551 943 2493 1664 4161 4843 4267 3485 3499 4423 3531 3757 1491 1645 4735 28 3993 2141 1210 243 1145 3149 3391
1663 3623 1600 3180 967 2181 3819 3093 1422 1154 2314 1215 4878 4590 1775 151 1547 1667 438 1097 2226 2532 1417 511 2219 20 4233 1445 3663 4851 2892 4666 3787 3012 2690 4016 2970 3892 4541 4248 4807 3003 2780 2523 1908 2401 2971 406 462 4467 465 425 1523 2463 3373 3225 3096 4597 2584 885 806 963 3932 1889 3958 3714 2567 4867 4433 3458 3919 3161 2791 4922 351 243 1462 3512 1274 1439
1441 1721 192 3794 3375 983 3387 2069 4724 3987 3301 4970 2283 101 2422 4231 3579 4448 4623 3326 4710 2846 599 3219 2834 4203 489 4108 3164 1064 2883 4637 3039 4336 1885 3354 2242 3236 990 26 814 77 3519 2252 1787 2855 1194 2902 2255 1180 3655 1153 3609 4577 3849 785 952 454 3053 542 2208 192 4589 3051 3825 2377 2399 3004 2541 3044 603 142 333 3859 3579 1145 3512 3123 3485 635
3117 1120 1586 1650 3959 4024 4979 267 4570 1635 2691 2251 3265 4960 1830 1427 1192 2841 3152 774 881 3751 1526 2464 4355 1464 1297 2466 4810 941 3120 3316 2376 1007 4023 1587 4048 2745 3496 2562 1817 3235 1451 2625 4219 2395 2009 3143 4039 133 3424 3214 2917 3748 1574 4531 460 4422 378 281 947 3773 505 1382 3955 1118 3432 3978 670 3482 2072 454 4434 2281 760 3149 1274 3485 931 2783
2994 2403 4078 3866 3666 4020 3462 1629 4215 4978 4875 778 912 2647 1584 1778 2156 2457 3725 4089 309 4898 3277 997 1208 1023 3046 3577 1159 3687 3357 3876 4715 3880 2525 4146 1346 921 39 2060 1794 3363 163 2045 3010 1616 538 3324 1129 783 3589 4967 3517 1421 2380 317 3574 2143 992 2301 4093 1584 2661 542 3595 4364 4863 2054 3701 1982 4427 714 822 3578 1682 3391 1439 635 2783 296
