N: 80
M: 16
Symmetric: true
Triangle: false
7 59 73 71 60 43 1 40
4 16 22 33 61
2 63 45
7 77 50 42 12 72 7 74
3 27 24 52
4 26 76 18 5
7 21 69 29 44 68 11 34
3 49 39 4
8 78 75 56 51 79 30 3 25
5 46 67 80 65 66
4 70 15 54 14
5 17 10 31 38 48
5 35 53 36 62 57
5 64 58 8 20 6
8 32 41 19 37 2 23 9 13
3 28 47 55
724 4384 3538 4739 3712 1867 2044 1531 4969 2675 2348 3462 58 3931 4206 2020 3030 3850 4014 3264 1543 2395 1454 4135 2169 3809 850 1058 486 3117 582 2100 442 4673 1464 1414 181 4774 983 962 1481 686 1532 309 4269 502 1697 1455 4949 2840 2906 1544 3902 2632 3920 1630 2888 1438 4686 2554 3717 909 129 144 595 338 2048 3752 2671 1416 439 3690 322 574 265 4885 975 3992 1727 35
4384 3392 698 3989 1846 1465 263 3034 1571 3575 3166 1382 3569 1710 2105 2113 2177 36 1920 4966 94 4945 16 1380 2196 1010 2847 1464 120 1806 1550 16 435 3002 4167 3828 1896 234 742 4656 2878 4909 2192 2520 3035 3836 595 4412 2712 974 3355 1505 2301 3210 4927 625 838 3770 975 3095 3955 2418 2362 336 3536 4188 3795 2133 2068 1847 2894 3858 401 2045 2577 4144 1293 2187 868 1132
3538 698 3675 4353 4881 3075 736 3281 4995 3679 2333 2576 49 3337 1121 3855 2269 4578 4017 198 1091 2045 433 4248 721 648 1377 4988 422 2854 1728 4156 1181 2406 2596 3830 4956 2098 1647 3355 4018 4524 4057 1596 587 2856 415 2403 4137 4871 775 639 3722 4573 2233 3238 2061 4376 2343 3149 4307 247 2584 3715 1763 3210 4678 3987 1427 4517 4185 1958 1892 3880 3014 1686 3300 3192 3424 4680
4739 3989 4353 1230 711 2539 3133 1148 3468 3282 325 657 2420 4994 3393 1098 620 3156 4059 3706 479 924 2721 1176 115 3948 1847 1765 1679 4404 1964 4470 4563 1745 4163 3633 1824 3516 3604 755 239 4630 2241 4704 447 692 3998 328 344 4222 4183 2373 1534 3699 3848 3790 297 4464 539 3959 3216 1230 3370 2804 2590 4758 1805 3297 4982 4014 3034 498 1003 1050 1014 4174 4532 3337 2465 4326
3712 1846 4881 711 3812 3888 2455 317 252 115 2894 895 1226 3174 1348 58 1919 3106 3078 2989 811 2143 1755 3987 3458 1657 4401 4260 2120 3802 4756 427 2715 4613 3572 1168 2156 582 4239 3252 4514 4137 586 1643 334 10 4749 3870 3139 2475 3119 2812 2892 4766 2422 139 3714 4527 333 4749 4770 2333 4629 3683 3094 810 3848 2437 1759 3281 2858 2201 3822 4832 4342 2706 4025 2547 1180 253
1867 1465 3075 2539 3888 1555 542 4287 4353 615 27 3460 2304 962 3021 2661 64 924 749 1111 1215 1833 1902 2734 3019 3338 2095 979 1534 2212 664 1235 14 734 1106 2216 1605 2522 4701 2576 600 3859 901 2855 3456 4704 2573 200 4278 244 4347 3400 2000 4176 2963 576 1751 2235 239 833 3644 997 4703 4906 3467 2028 4920 1935 3384 4322 581 1587 1129 4108 788 2361 3980 775 4794 4182
2044 263 736 3133 2455 542 4555 3438 4388 1808 2418 1953 3090 264 3205 2402 4899 675 209 3747 54 2915 3435 1584 2961 3888 3218 260 3273 1543 1088 4211 1170 294 2106 3386 565 3291 2904 1896 3229 4407 4416 1311 3697 1900 4865 1706 706 2168 387 610 3250 1626 3760 4906 835 3804 239 1939 359 1109 3272 4197 4839 1862 3685 179 4147 1782 1032 3574 3886 26 2980 531 3904 3720 2634 2328
1531 3034 3281 1148 317 4287 3438 3503 4587 2297 2265 688 237 2753 3109 1718 3853 1396 3684 1868 3448 762 4808 484 894 4344 3136 2667 3967 1450 3851 4279 893 433 4600 3922 4029 2136 4122 2244 649 4251 1686 3524 1509 2971 2486 4513 1343 2411 1876 4123 3389 2721 4604 1323 3757 2435 4985 715 3093 4677 3685 20 160 286 1714 1427 1338 3787 2676 4984 1182 4374 3236 42 3046 2698 1672 907
4969 1571 4995 3468 252 4353 4388 4587 3179 176 4101 637 1690 2405 2979 1535 2912 2652 499 3115 2629 3774 868 763 3611 1720 114 3607 177 2468 3608 3237 3589 2324 250 4359 3349 4316 1144 1762 2943 177 3627 3173 2225 1001 169 4551 2861 3879 3005 501 3372 397 3137 2663 3241 4289 1546 4345 1109 4552 4123 2032 3750 4768 3684 1721 3565 2505 2481 4275 3172 4401 3119 4255 2404 867 35 4797
2675 3575 3679 3282 115 615 1808 2297 176 246 1885 1787 1029 144 4815 611 149 346 67 2998 17 2234 1799 1219 1837 4921 2475 1158 2483 291 2393 3368 2273 1740 427 2034 400 2455 3762 231 1095 2623 777 932 1530 2975 1260 52 4010 1182 594 460 186 4194 232 4060 3213 2198 4350 3750 4410 3429 1941 4487 2376 2783 4700 3484 3248 3545 3480 4693 3273 4530 2985 2864 111 234 1016 2577
2348 3166 2333 325 2894 27 2418 2265 4101 1885 3056 1717 2907 4752 4562 3911 4982 4792 3326 1469 916 2845 1506 3173 4173 2385 4859 3144 3453 2727 2331 2267 86 4579 184 3190 1638 4013 778 3882 3384 4235 1196 4782 1949 4820 1289 935 388 3401 3245 2358 4198 3508 4013 1273 1901 3292 1431 2644 2948 2389 4908 4198 2329 2743 2919 3440 4786 179 2918 1579 3117 419 2734 2071 1066 1615 3686 3914
3462 1382 2576 657 895 3460 1953 688 637 1787 1717 290 2165 1815 4418 1869 4019 3991 35 4893 70 1380 1166 2035 3211 1111 4497 4087 4118 4795 4753 2109 1761 4841 4968 4458 4944 1160 3376 3239 1701 573 1932 3781 4307 3486 71 4912 418 2427 3854 1359 2454 2680 3972 1579 1894 2047 2902 4610 4602 2753 718 3759 3228 79 2259 2074 3131 848 1798 2719 3789 2287 4471 3740 1455 4688 1913 1741
58 3569 49 2420 1226 2304 3090 237 1690 1029 2907 2165 4496 3760 3006 3518 1481 2226 1053 106 1340 2372 4390 3317 4680 1274 2268 2399 2313 1732 1304 2849 1251 1037 2659 3168 2632 2282 670 1166 764 1395 2203 4686 1467 17 3768 1005 3252 1967 3826 2697 120 599 4699 3192 2213 3639 1074 3252 1341 1604 904 573 1545 3802 1125 3321 4201 3540 2406 853 1245 4044 1427 814 4351 3736 87 1328
3931 1710 3337 4994 3174 962 264 2753 2405 144 4752 1815 3760 626 1171 730 1597 3400 893 4637 3578 4226 1695 865 163 1376 2762 4966 4632 4066 3902 4641 930 1260 1209 212 351 4007 756 4829 4434 3213 2011 1433 4459 4637 2506 3539 1928 4895 2804 3825 845 2614 1431 3473 3238 1167 1467 3034 4900 3435 4256 3744 193 4618 1592 361 4863 4769 1512 1734 3752 3276 2285 4371 323 3556 2163 2116
4206 2105 1121 3393 1348 3021 3205 3109 2979 4815 4562 4418 3006 1171 202 3587 709 2878 4990 575 3268 1873 4846 629 4001 3544 4265 3457 977 4988 3968 1070 4221 1375 4781 1679 1304 582 364 128 1743 268 2016 1972 574 1637 434 4635 4882 3420 910 948 4378 4415 1376 3648 991 2682 3005 2468 3469 2643 3775 2922 2140 4919 3952 2025 2576 4751 2010 3022 365 151 3554 4648 4303 2230 497 2114
2020 2113 3855 1098 58 2661 2402 1718 1535 611 3911 1869 3518 730 3587 1664 858 3887 827 184 878 61 4507 1608 925 4608 3985 322 4231 3400 993 3400 2882 4574 191 4312 1923 3873 2316 1206 3224 2105 1776 1453 1572 181 3191 4266 3978 1805 64 811 2082 2633 1990 3350 4040 3011 1198 3378 996 3299 2320 2633 2045 1514 1133 1062 2587 4067 2826 1112 2475 57 3861 3632 3880 2135 2192 2846
3030 2177 2269 620 1919 64 4899 3853 2912 149 4982 4019 1481 1597 709 858 2094 3656 4009 3064 2615 2489 2692 2401 4746 1565 1608 919 3946 252 4849 1375 2417 381 682 551 3247 4667 2726 4970 2787 2156 4119 2411 3050 1781 3324 274 2413 1585 1132 4230 3279 1124 4177 3538 3330 4801 3754 2949 659 3086 3277 2325 2755 4513 1071 1781 3140 1066 1294 3160 2234 1514 94 2153 4819 2261 2364 3297
3850 36 4578 3156 3106 924 675 1396 2652 346 4792 3991 2226 3400 2878 3887 3656 2215 4857 3840 4870 2526 233 2663 4840 1095 2775 938 4638 2775 4524 2941 4595 4116 1729 282 262 1651 3919 2964 620 1138 89 374 1339 4395 174 4300 3385 4987 3267 335 4931 969 514 2161 581 1111 4793 2885 2195 1349 4862 3641 1752 4001 549 2621 4524 1681 2675 2348 2463 3215 1897 1888 879 953 2417 3149
4014 1920 4017 4059 3078 749 209 3684 499 67 3326 35 1053 893 4990 827 4009 4857 1078 982 1528 650 3238 3441 1266 3212 4184 530 1083 3310 4216 4231 3966 4229 1395 2713 3819 4198 4995 4744 120 141 3837 2833 3295 2792 3943 3316 4193 1887 2621 3697 1015 2608 4138 2473 1698 875 109 4527 888 3965 1731 2325 3465 4403 2025 2852 1346 3886 2409 3597 4626 1011 789 3764 458 3989 3431 2232
3264 4966 198 3706 2989 1111 3747 1868 3115 2998 1469 4893 106 4637 575 184 3064 3840 982 1609 4620 4309 1676 2828 1005 3197 3546 2362 1648 433 2353 3977 3865 3375 4866 2053 1094 1451 334 1064 2527 3711 282 2091 1198 2505 3012 993 1964 787 4315 2637 4319 575 874 103 3899 715 407 4375 320 2948 4716 4712 3923 641 4454 4132 1025 288 4461 1096 1306 1485 1802 3958 65 1827 3943 2743
1543 94 1091 479 811 1215 54 3448 2629 17 916 70 1340 3578 3268 878 2615 4870 1528 4620 4867 10 4053 276 1258 4780 2630 161 578 2409 2427 2747 4807 2267 4136 156 1560 1301 66 4575 2704 505 3813 3932 1729 2542 1965 1818 2501 1297 4359 4454 3954 4552 4309 3149 920 177 4203 4697 2219 390 2005 2903 3724 3636 1167 2903 4864 1335 3421 3331 882 1582 201 1600 3898 2033 3615 4416
2395 4945 2045 924 2143 1833 2915 762 3774 2234 2845 1380 2372 4226 1873 61 2489 2526 650 4309 10 3915 3084 2222 4166 4902 752 3652 2304 3756 4873 4175 566 547 2153 3190 688 528 3730 3243 2728 1067 688 4041 1032 1518 3158 190 578 3591 788 2985 1112 454 4403 4798 3819 978 3074 4327 2265 4490 212 1282 3895 551 23 2211 4661 2506 2895 1203 1275 1996 4063 3587 1752 2239 3320 1750
1454 16 433 2721 1755 1902 3435 4808 868 1799 1506 1166 4390 1695 4846 4507 2692 233 3238 1676 4053 3084 1816 4110 950 1831 921 2728 4544 4835 2370 2177 2821 3792 2796 663 4239 4564 1868 4945 4640 4510 1841 4486 608 4437 3165 4196 2990 873 1077 1723 2965 4173 4028 741 1818 144 2452 4402 1350 4151 3069 3415 663 3132 722 1699 477 3917 3987 564 648 3795 1279 1852 3075 2241 2630 3277
4135 1380 4248 1176 3987 2734 1584 484 763 1219 3173 2035 3317 865 629 1608 2401 2663 3441 2828 276 2222 4110 1220 3233 4828 290 1636 2686 339 50 988 3380 308 1574 1548 250 3500 525 1304 2831 4963 3927 1672 11 2612 4724 2844 1825 3522 4142 3873 3161 1967 2296 2346 3441 3172 4138 597 762 2927 3136 2710 2584 2799 27 675 2901 1794 3470 4154 2800 94 86 1300 529 2767 1161 4891
2169 2196 721 115 3458 3019 2961 894 3611 1837 4173 3211 4680 163 4001 925 4746 4840 1266 1005 1258 4166 950 3233 2868 4317 3011 1020 1633 2605 3889 3812 4786 4632 3100 2240 4292 2572 310 2903 2277 555 1962 4415 1357 563 1553 3691 4249 3140 493 3128 1167 2355 4808 2601 4051 3566 4646 97 4818 2547 2456 319 448 4469 4105 1787 4389 4073 3008 616 2275 3558 1362 1313 63 2074 1426 3832
3809 1010 648 3948 1657 3338 3888 4344 1720 4921 2385 1111 1274 1376 3544 4608 1565 1095 3212 3197 4780 4902 1831 4828 4317 1498 3682 3572 394 2800 3506 139 2990 2600 4238 3572 1282 589 4228 1112 1724 2411 1062 3705 550 3763 1594 1156 1412 3167 1146 4752 4950 1817 2241 2406 3762 1134 3748 28 304 2299 4953 1500 4402 4049 78 1191 499 3736 3864 791 1437 4219 3321 3132 1591 2390 2403 2575
850 2847 1377 1847 4401 2095 3218 3136 114 2475 4859 4497 2268 2762 4265 3985 1608 2775 4184 3546 2630 752 921 290 3011 3682 1502 4470 421 2937 3009 1562 4864 2714 2813 4324 2939 4161 4516 3465 37 4263 634 3732 4992 1821 4344 2067 663 4914 3602 776 309 1947 322 4385 2162 2516 2796 1870 1939 1884 3796 316 500 3963 2381 3991 3403 1645 4100 896 496 584 490 2990 454 52 1694 553
1058 1464 4988 1765 4260 979 260 2667 3607 1158 3144 4087 2399 4966 3457 322 919 938 530 2362 161 3652 2728 1636 1020 3572 4470 3500 2655 3226 2289 2471 1903 1035 3833 1317 4144 2254 4546 348 378 3805 257 85 4834 1024 2795 4866 3033 2722 4427 2732 4256 2296 4272 3462 3400 1399 4812 4300 3592 4293 2369 2815 2390 2172 1712 4243 4502 3153 3049 4456 2312 4336 948 2294 2074 220 1850 3665
486 120 422 1679 2120 1534 3273 3967 177 2483 3453 4118 2313 4632 977 4231 3946 4638 1083 1648 578 2304 4544 2686 1633 394 421 2655 4080 3670 3050 4150 4241 517 2456 2105 4550 3919 2013 3680 4252 3811 1217 93 2399 4759 2938 2637 2068 2689 4476 1714 1030 3118 2705 3070 2711 355 2816 519 1318 1530 464 3579 1827 1845 4411 294 3961 2166 3592 3181 3692 4682 1804 3862 619 1557 4373 1061
3117 1806 2854 4404 3802 2212 1543 1450 2468 291 2727 4795 1732 4066 4988 3400 252 2775 3310 433 2409 3756 4835 339 2605 2800 2937 3226 3670 2341 1034 345 1772 404 2319 4442 2947 4273 202 3123 4551 1679 3671 1773 1282 2497 1609 791 3379 2859 2437 3095 368 3246 2165 2113 754 977 3547 4882 3337 1221 3999 2685 2670 788 3476 4429 4846 1028 363 2190 1875 3471 2759 2736 3130 4344 14 2709
582 1550 1728 1964 4756 664 1088 3851 3608 2393 2331 4753 1304 3902 3968 993 4849 4524 4216 2353 2427 4873 2370 50 3889 3506 3009 2289 3050 1034 4595 2549 4997 4613 2531 1750 3231 4661 557 1898 4007 2581 1072 3123 1773 1328 494 4260 3026 4591 59 1894 4529 1732 142 4839 2608 1187 4242 1752 2141 542 3884 3674 3756 834 4020 783 4052 4955 3471 1994 2940 1034 2466 2971 3908 3395 3554 1652
2100 16 4156 4470 427 1235 4211 4279 3237 3368 2267 2109 2849 4641 1070 3400 1375 2941 4231 3977 2747 4175 2177 988 3812 139 1562 2471 4150 345 2549 4582 1536 2324 2833 3796 420 129 854 2957 212 4445 4965 4086 237 3334 2755 2837 1594 1521 1766 3520 2235 2171 732 532 2785 673 3075 4027 3180 4481 3634 2582 1872 2529 1659 3028 3094 1837 19 1842 2642 1124 3915 2383 1996 1576 2676 544
442 435 1181 4563 2715 14 1170 893 3589 2273 86 1761 1251 930 4221 2882 2417 4595 3966 3865 4807 566 2821 3380 4786 2990 4864 1903 4241 1772 4997 1536 1779 1170 3329 4181 1577 913 4604 436 1093 4603 1531 2899 1778 3081 2875 4320 905 1458 3614 2610 69 1726 930 3227 3570 339 1454 3596 1388 3476 86 2115 2796 4471 1492 2283 2325 3599 3325 4944 2257 4177 4713 2787 1079 2199 2366 2801
4673 3002 2406 1745 4613 734 294 433 2324 1740 4579 4841 1037 1260 1375 4574 381 4116 4229 3375 2267 547 3792 308 4632 2600 2714 1035 517 404 4613 2324 1170 2482 589 877 3046 3902 3586 4134 299 4416 3294 3222 1033 2528 3581 3540 2898 4692 2627 4484 850 3892 2840 2600 4100 2080 4182 1590 1053 521 666 3444 1230 4075 4156 984 4519 2318 4759 1265 3798 4950 3386 2352 4280 967 2004 1594
1464 4167 2596 4163 3572 1106 2106 4600 250 427 184 4968 2659 1209 4781 191 682 1729 1395 4866 4136 2153 2796 1574 3100 4238 2813 3833 2456 2319 2531 2833 3329 589 2539 3347 3145 2151 4205 567 1624 2599 2356 3051 2011 1042 3636 62 1964 1402 1494 1442 1830 2052 968 1538 2580 3742 3091 423 1306 781 4078 3459 4838 4258 3664 78 1548 4751 4296 2427 3500 3310 961 2643 2534 4606 609 1822
1414 3828 3830 3633 1168 2216 3386 3922 4359 2034 3190 4458 3168 212 1679 4312 551 282 2713 2053 156 3190 663 1548 2240 3572 4324 1317 2105 4442 1750 3796 4181 877 3347 2349 952 429 3571 1917 3981 3196 1515 2268 3712 775 3856 4913 1305 4769 1998 579 2125 4437 1712 1278 3955 1846 18 1615 463 1917 3222 2466 1466 774 3720 1056 2478 54 4258 2971 2878 4039 1875 1050 4791 3864 3002 114
181 1896 4956 1824 2156 1605 565 4029 3349 400 1638 4944 2632 351 1304 1923 3247 262 3819 1094 1560 688 4239 250 4292 1282 2939 4144 4550 2947 3231 420 1577 3046 3145 952 177 932 3400 241 1219 773 4863 1410 4914 1873 436 834 336 443 1025 1484 2861 4276 937 2782 2964 493 2079 3502 406 3666 1719 598 1729 1478 2941 1022 994 3690 90 4016 1854 2519 4194 239 4919 706 2469 2178
4774 234 2098 3516 582 2522 3291 2136 4316 2455 4013 1160 2282 4007 582 3873 4667 1651 4198 1451 1301 528 4564 3500 2572 589 4161 2254 3919 4273 4661 129 913 3902 2151 429 932 1996 3954 4451 4433 3752 3631 2895 1218 601 1767 3310 2868 3778 2389 3547 429 1610 1427 3222 1484 3667 3755 1012 2282 2931 4458 2038 3054 3559 4081 2449 144 1095 3825 4882 1644 680 3781 4015 3039 924 3746 2802
983 742 1647 3604 4239 4701 2904 4122 1144 3762 778 3376 670 756 364 2316 2726 3919 4995 334 66 3730 1868 525 310 4228 4516 4546 2013 202 557 854 4604 3586 4205 3571 3400 3954 554 1921 1633 2632 4715 645 2396 1110 3199 3986 1616 4355 1879 3814 3535 3452 4539 4951 4475 2582 4421 4470 4987 1991 3598 2316 2467 4971 2083 4376 1514 209 1163 1525 112 256 1319 1681 617 2085 2530 4482
962 4656 3355 755 3252 2576 1896 2244 1762 231 3882 3239 1166 4829 128 1206 4970 2964 4744 1064 4575 3243 4945 1304 2903 1112 3465 348 3680 3123 1898 2957 436 4134 567 1917 241 4451 1921 3985 3769 4781 1150 4683 2063 618 4959 591 4616 3789 3846 3637 2395 2785 212 1185 2742 2221 1584 2687 2207 3706 892 415 1635 2269 1158 4255 3819 4799 4406 4443 686 3883 4664 41 2855 519 3445 2083
1481 2878 4018 239 4514 600 3229 649 2943 1095 3384 1701 764 4434 1743 3224 2787 620 120 2527 2704 2728 4640 2831 2277 1724 37 378 4252 4551 4007 212 1093 299 1624 3981 1219 4433 1633 3769 2994 3547 1371 25 1578 2012 3468 3499 4405 4443 281 863 3259 1780 2685 3743 918 2138 2827 344 2215 2009 497 2653 513 3893 3333 1190 1670 3154 1669 3832 2706 2452 4885 2420 1093 4303 2789 1145
686 4909 4524 4630 4137 3859 4407 4251 177 2623 4235 573 1395 3213 268 2105 2156 1138 141 3711 505 1067 4510 4963 555 2411 4263 3805 3811 1679 2581 4445 4603 4416 2599 3196 773 3752 2632 4781 3547 3164 610 334 2356 4061 2972 1000 4747 4632 57 1536 1672 33 1062 84 989 15 1102 4711 1560 4261 3315 3690 2762 4305 1061 1239 992 2650 3950 1954 4268 4146 2997 4259 1314 410 4703 2408
1532 2192 4057 2241 586 901 4416 1686 3627 777 1196 1932 2203 2011 2016 1776 4119 89 3837 282 3813 688 1841 3927 1962 1062 634 257 1217 3671 1072 4965 1531 3294 2356 1515 4863 3631 4715 1150 1371 610 164 4320 693 3537 1185 1184 3198 1405 4125 4797 4621 2331 4008 1516 4879 2365 4602 3671 82 983 3590 3989 3665 1571 1672 3958 3614 1555 668 578 4526 1365 1222 4102 3256 262 4188 2909
309 2520 1596 4704 1643 2855 1311 3524 3173 932 4782 3781 4686 1433 1972 1453 2411 374 2833 2091 3932 4041 4486 1672 4415 3705 3732 85 93 1773 3123 4086 2899 3222 3051 2268 1410 2895 645 4683 25 334 4320 415 4118 4772 984 1881 1178 3130 82 4816 502 526 4259 4100 2908 2649 3384 2269 2999 923 1431 4291 2647 2058 3390 149 3223 2030 1509 228 3735 4216 972 424 4393 759 4376 3641
4269 3035 587 447 334 3456 3697 1509 2225 1530 1949 4307 1467 4459 574 1572 3050 1339 3295 1198 1729 1032 608 11 1357 550 4992 4834 2399 1282 1773 237 1778 1033 2011 3712 4914 1218 2396 2063 1578 2356 693 4118 814 21 2081 3108 4276 1818 3726 3882 4389 3096 2295 4254 730 4722 674 3720 4177 3002 2556 3863 694 3929 3108 926 1855 3359 4565 2982 2298 160 107 3733 1203 2071 4286 2481
502 3836 2856 692 10 4704 1900 2971 1001 2975 4820 3486 17 4637 1637 181 1781 4395 2792 2505 2542 1518 4437 2612 563 3763 1821 1024 4759 2497 1328 3334 3081 2528 1042 775 1873 601 1110 618 2012 4061 3537 4772 21 3692 2859 4853 2254 2681 4739 2882 4241 2196 3064 912 4899 2009 12 4559 2570 2735 1395 1664 4022 4642 3517 2924 68 2981 541 4256 2874 2828 4107 949 3969 4192 1458 4641
1697 595 415 3998 4749 2573 4865 2486 169 1260 1289 71 3768 2506 434 3191 3324 174 3943 3012 1965 3158 3165 4724 1553 1594 4344 2795 2938 1609 494 2755 2875 3581 3636 3856 436 1767 3199 4959 3468 2972 1185 984 2081 2859 4405 3854 14 782 358 2370 862 2739 1456 3705 296 704 2612 574 1633 2194 2185 3283 4283 3601 3553 2642 2820 172 3630 156 4734 981 3767 4982 557 3450 1125 175
1455 4412 2403 328 3870 200 1706 4513 4551 52 935 4912 1005 3539 4635 4266 274 4300 3316 993 1818 190 4196 2844 3691 1156 2067 4866 2637 791 4260 2837 4320 3540 62 4913 834 3310 3986 591 3499 1000 1184 1881 3108 4853 3854 3477 2516 929 2874 2853 3001 3211 4458 2431 1025 239 4180 1314 319 4756 4289 1944 1222 3963 2035 1327 4181 4249 3929 3064 4738 3286 4618 4832 3310 2924 4687 323
4949 2712 4137 344 3139 4278 706 1343 2861 4010 388 418 3252 1928 4882 3978 2413 3385 4193 1964 2501 578 2990 1825 4249 1412 663 3033 2068 3379 3026 1594 905 2898 1964 1305 336 2868 1616 4616 4405 4747 3198 1178 4276 2254 14 2516 4912 4844 832 4989 2073 1026 2514 3514 4208 2565 4126 3158 1819 2508 1904 3458 694 4771 3490 3582 433 394 2069 929 2532 2108 2069 522 96 1891 3095 890
2840 974 4871 4222 2475 244 2168 2411 3879 1182 3401 2427 1967 4895 3420 1805 1585 4987 1887 787 1297 3591 873 3522 3140 3167 4914 2722 2689 2859 4591 1521 1458 4692 1402 4769 443 3778 4355 3789 4443 4632 1405 3130 1818 2681 782 929 4844 3052 3619 485 920 1812 1628 970 4276 4577 389 4537 4928 3335 4892 2065 4099 4626 2062 2394 2520 4217 2366 2591 4288 2891 1233 4587 1584 2055 491 1756
2906 3355 775 4183 3119 4347 387 1876 3005 594 3245 3854 3826 2804 910 64 1132 3267 2621 4315 4359 788 1077 4142 493 1146 3602 4427 4476 2437 59 1766 3614 2627 1494 1998 1025 2389 1879 3846 281 57 4125 82 3726 4739 358 2874 832 3619 1296 349 667 4190 1677 298 4337 1149 2938 2391 3856 2038 4939 266 601 3554 2851 241 3286 754 2636 4722 3164 2660 60 1792 1461 2392 4390 17
1544 1505 639 2373 2812 3400 610 4123 501 460 2358 1359 2697 3825 948 811 4230 335 3697 2637 4454 2985 1723 3873 3128 4752 776 2732 1714 3095 1894 3520 2610 4484 1442 579 1484 3547 3814 3637 863 1536 4797 4816 3882 2882 2370 2853 4989 485 349 559 4529 3153 1700 1347 4677 1008 3898 1632 1640 3248 1869 1829 883 1346 4771 3586 1670 4251 2370 323 1671 3525 3177 4938 3716 652 2267 44
3902 2301 3722 1534 2892 2000 3250 3389 3372 186 4198 2454 120 845 4378 2082 3279 4931 1015 4319 3954 1112 2965 3161 1167 4950 309 4256 1030 368 4529 2235 69 850 1830 2125 2861 429 3535 2395 3259 1672 4621 502 4389 4241 862 3001 2073 920 667 4529 774 3981 2515 2192 261 4116 174 2155 3744 4991 750 3545 1778 1025 438 1967 2236 4992 1010 2439 4780 4281 4281 123 3173 3130 656 2670
2632 3210 4573 3699 4766 4176 1626 2721 397 4194 3508 2680 599 2614 4415 2633 1124 969 2608 575 4552 454 4173 1967 2355 1817 1947 2296 3118 3246 1732 2171 1726 3892 2052 4437 4276 1610 3452 2785 1780 33 2331 526 3096 2196 2739 3211 1026 1812 4190 3153 3981 4357 3809 3113 3003 3886 37 2586 2428 3574 3386 2267 1754 2882 940 1897 1367 4990 1070 4190 1323 1324 2081 1727 841 2524 2889 1748
3920 4927 2233 3848 2422 2963 3760 4604 3137 232 4013 3972 4699 1431 1376 1990 4177 514 4138 874 4309 4403 4028 2296 4808 2241 322 4272 2705 2165 142 732 930 2840 968 1712 937 1427 4539 212 2685 1062 4008 4259 2295 3064 1456 4458 2514 1628 1677 1700 2515 3809 3106 1756 3353 3335 154 1600 1987 4488 2341 3586 189 4749 1549 4796 3068 2470 3901 1087 4366 3261 3107 3986 2226 4115 2943 4294
1630 625 3238 3790 139 576 4906 1323 2663 4060 1273 1579 3192 3473 3648 3350 3538 2161 2473 103 3149 4798 741 2346 2601 2406 4385 3462 3070 2113 4839 532 3227 2600 1538 1278 2782 3222 4951 1185 3743 84 1516 4100 4254 912 3705 2431 3514 970 298 1347 2192 3113 1756 1765 2355 1516 4258 2051 3709 758 2576 4475 2012 1425 4861 3904 74 4499 4216 3127 2365 1865 1524 4987 31 4982 4828 359
2888 838 2061 297 3714 1751 835 3757 3241 3213 1901 1894 2213 3238 991 4040 3330 581 1698 3899 920 3819 1818 3441 4051 3762 2162 3400 2711 754 2608 2785 3570 4100 2580 3955 2964 1484 4475 2742 918 989 4879 2908 730 4899 296 1025 4208 4276 4337 4677 261 3003 3353 2355 1906 1865 2368 904 3060 2863 3951 4742 2493 1569 4302 586 353 969 3890 4753 974 2252 2616 3951 305 227 3121 4753
1438 3770 4376 4464 4527 2235 3804 2435 4289 2198 3292 2047 3639 1167 2682 3011 4801 1111 875 715 177 978 144 3172 3566 1134 2516 1399 355 977 1187 673 339 2080 3742 1846 493 3667 2582 2221 2138 15 2365 2649 4722 2009 704 239 2565 4577 1149 1008 4116 3886 3335 1516 1865 488 1335 2771 4399 1628 4833 145 750 3160 500 632 2780 4081 3895 2264 2033 842 4966 2255 4123 4240 2007 906
4686 975 2343 539 333 239 239 4985 1546 4350 1431 2902 1074 1467 3005 1198 3754 4793 109 407 4203 3074 2452 4138 4646 3748 2796 4812 2816 3547 4242 3075 1454 4182 3091 18 2079 3755 4421 1584 2827 1102 4602 3384 674 12 2612 4180 4126 389 2938 3898 174 37 154 4258 2368 1335 4671 3038 2666 3123 282 946 3471 4736 3376 4708 4777 2478 830 1418 1091 2771 4323 4224 4704 3477 1531 2572
2554 3095 3149 3959 4749 833 1939 715 4345 3750 2644 4610 3252 3034 2468 3378 2949 2885 4527 4375 4697 4327 4402 597 97 28 1870 4300 519 4882 1752 4027 3596 1590 423 1615 3502 1012 4470 2687 344 4711 3671 2269 3720 4559 574 1314 3158 4537 2391 1632 2155 2586 1600 2051 904 2771 3038 61 3868 4533 1886 3640 1587 3482 4611 1651 182 354 1720 3772 3062 2584 3564 2759 3049 28 3004 3277
3717 3955 4307 3216 4770 3644 359 3093 1109 4410 2948 4602 1341 4900 3469 996 659 2195 888 320 2219 2265 1350 762 4818 304 1939 3592 1318 3337 2141 3180 1388 1053 1306 463 406 2282 4987 2207 2215 1560 82 2999 4177 2570 1633 319 1819 4928 3856 1640 3744 2428 1987 3709 3060 4399 2666 3868 652 3315 1022 495 4040 2064 2942 2784 4375 1840 2859 3582 3147 4052 601 353 838 3315 4702 4853
909 2418 247 1230 2333 997 1109 4677 4552 3429 2389 2753 1604 3435 2643 3299 3086 1349 3965 2948 390 4490 4151 2927 2547 2299 1884 4293 1530 1221 542 4481 3476 521 781 1917 3666 2931 1991 3706 2009 4261 983 923 3002 2735 2194 4756 2508 3335 2038 3248 4991 3574 4488 758 2863 1628 3123 4533 3315 60 562 4610 4674 1722 2729 2659 657 1617 996 3919 733 3447 507 3478 342 3145 2881 2138
129 2362 2584 3370 4629 4703 3272 3685 4123 1941 4908 718 904 4256 3775 2320 3277 4862 1731 4716 2005 212 3069 3136 2456 4953 3796 2369 464 3999 3884 3634 86 666 4078 3222 1719 4458 3598 892 497 3315 3590 1431 2556 1395 2185 4289 1904 4892 4939 1869 750 3386 2341 2576 3951 4833 282 1886 1022 562 333 1543 1203 3151 3829 820 3924 3609 2160 3018 2525 1646 3385 2371 1809 2417 4849 3552
144 336 3715 2804 3683 4906 4197 20 2032 4487 4198 3759 573 3744 2922 2633 2325 3641 2325 4712 2903 1282 3415 2710 319 1500 316 2815 3579 2685 3674 2582 2115 3444 3459 2466 598 2038 2316 415 2653 3690 3989 4291 3863 1664 3283 1944 3458 2065 266 1829 3545 2267 3586 4475 4742 145 946 3640 495 4610 1543 3929 3405 3043 3494 4359 4265 4031 617 2989 1388 2907 2484 2605 3133 4390 3777 4180
595 3536 1763 2590 3094 3467 4839 160 3750 2376 2329 3228 1545 193 2140 2045 2755 1752 3465 3923 3724 3895 663 2584 448 4402 500 2390 1827 2670 3756 1872 2796 1230 4838 1466 1729 3054 2467 1635 513 2762 3665 2647 694 4022 4283 1222 694 4099 601 883 1778 1754 189 2012 2493 750 3471 1587 4040 4674 1203 3405 3921 4317 4916 3979 1469 2801 247 3368 61 2619 2870 4140 1692 4573 1762 2953
338 4188 3210 4758 810 2028 1862 286 4768 2783 2743 79 3802 4618 4919 1514 4513 4001 4403 641 3636 551 3132 2799 4469 4049 3963 2172 1845 788 834 2529 4471 4075 4258 774 1478 3559 4971 2269 3893 4305 1571 2058 3929 4642 3601 3963 4771 4626 3554 1346 1025 2882 4749 1425 1569 3160 4736 3482 2064 1722 3151 3043 4317 4288 1316 2745 1630 1630 2010 3229 1328 2587 3142 554 3677 4889 855 1611
2048 3795 4678 1805 3848 4920 3685 1714 3684 4700 2919 2259 1125 1592 3952 1133 1071 549 2025 4454 1167 23 722 27 4105 78 2381 1712 4411 3476 4020 1659 1492 4156 3664 3720 2941 4081 2083 1158 3333 1061 1672 3390 3108 3517 3553 2035 3490 2062 2851 4771 438 940 1549 4861 4302 500 3376 4611 2942 2729 3829 3494 4916 1316 1968 2047 67 3277 4389 1401 2322 3278 2800 882 1828 4409 1268 1585
3752 2133 3987 3297 2437 1935 179 1427 1721 3484 3440 2074 3321 361 2025 1062 1781 2621 2852 4132 2903 2211 1699 675 1787 1191 3991 4243 294 4429 783 3028 2283 984 78 1056 1022 2449 4376 4255 1190 1239 3958 149 926 2924 2642 1327 3582 2394 241 3586 1967 1897 4796 3904 586 632 4708 1651 2784 2659 820 4359 3979 2745 2047 194 3766 3599 439 1092 368 3618 4065 4160 3788 2241 1354 2465
2671 2068 1427 4982 1759 3384 4147 1338 3565 3248 4786 3131 4201 4863 2576 2587 3140 4524 1346 1025 4864 4661 477 2901 4389 499 3403 4502 3961 4846 4052 3094 2325 4519 1548 2478 994 144 1514 3819 1670 992 3614 3223 1855 68 2820 4181 433 2520 3286 1670 2236 1367 3068 74 353 2780 4777 182 4375 657 3924 4265 1469 1630 67 3766 1828 3342 1098 4158 801 4581 4814 849 4818 389 1097 2236
1416 1847 4517 4014 3281 4322 1782 3787 2505 3545 179 848 3540 4769 4751 4067 1066 1681 3886 288 1335 2506 3917 1794 4073 3736 1645 3153 2166 1028 4955 1837 3599 2318 4751 54 3690 1095 209 4799 3154 2650 1555 2030 3359 2981 172 4249 394 4217 754 4251 4992 4990 2470 4499 969 4081 2478 354 1840 1617 3609 4031 2801 1630 3277 3599 3342 3564 1079 3674 886 3625 3160 1449 3453 1824 3153 570
439 2894 4185 3034 2858 581 1032 2676 2481 3480 2918 1798 2406 1512 2010 2826 1294 2675 2409 4461 3421 2895 3987 3470 3008 3864 4100 3049 3592 363 3471 19 3325 4759 4296 4258 90 3825 1163 4406 1669 3950 668 1509 4565 541 3630 3929 2069 2366 2636 2370 1010 1070 3901 4216 3890 3895 830 1720 2859 996 2160 617 247 2010 4389 439 1098 1079 1553 1957 2410 3612 3985 3534 1045 2352 3279 1178
3690 3858 1958 498 2201 1587 3574 4984 4275 4693 1579 2719 853 1734 3022 1112 3160 2348 3597 1096 3331 1203 564 4154 616 791 896 4456 3181 2190 1994 1842 4944 1265 2427 2971 4016 4882 1525 4443 3832 1954 578 228 2982 4256 156 3064 929 2591 4722 323 2439 4190 1087 3127 4753 2264 1418 3772 3582 3919 3018 2989 3368 3229 1401 1092 4158 3674 1957 2786 3662 3975 1844 3796 4000 38 3517 1522
322 401 1892 1003 3822 1129 3886 1182 3172 3273 3117 3789 1245 3752 365 2475 2234 2463 4626 1306 882 1275 648 2800 2275 1437 496 2312 3692 1875 2940 2642 2257 3798 3500 2878 1854 1644 112 686 2706 4268 4526 3735 2298 2874 4734 4738 2532 4288 3164 1671 4780 1323 4366 2365 974 2033 1091 3062 3147 733 2525 1388 61 1328 2322 368 801 886 2410 3662 4615 705 1438 3403 3264 3814 4396 4477
574 2045 3880 1050 4832 4108 26 4374 4401 4530 419 2287 4044 3276 151 57 1514 3215 1011 1485 1582 1996 3795 94 3558 4219 584 4336 4682 3471 1034 1124 4177 4950 3310 4039 2519 680 256 3883 2452 4146 1365 4216 160 2828 981 3286 2108 2891 2660 3525 4281 1324 3261 1865 2252 842 2771 2584 4052 3447 1646 2907 2619 2587 3278 3618 4581 3625 3612 3975 705 640 2231 2242 2775 434 1083 970
265 2577 3014 1014 4342 788 2980 3236 3119 2985 2734 4471 1427 2285 3554 3861 94 1897 789 1802 201 4063 1279 86 1362 3321 490 948 1804 2759 2466 3915 4713 3386 961 1875 4194 3781 1319 4664 4885 2997 1222 972 107 4107 3767 4618 2069 1233 60 3177 4281 2081 3107 1524 2616 4966 4323 3564 601 507 3385 2484 2870 3142 2800 4065 4814 3160 3985 1844 1438 2231 3062 2102 3715 330 2487 1032
4885 4144 1686 4174 2706 2361 531 42 4255 2864 2071 3740 814 4371 4648 3632 2153 1888 3764 3958 1600 3587 1852 1300 1313 3132 2990 2294 3862 2736 2971 2383 2787 2352 2643 1050 239 4015 1681 41 2420 4259 4102 424 3733 949 4982 4832 522 4587 1792 4938 123 1727 3986 4987 3951 2255 4224 2759 353 3478 2371 2605 4140 554 882 4160 849 1449 3534 3796 3403 2242 2102 284 1308 4191 3524 4179
975 1293 3300 4532 4025 3980 3904 3046 2404 111 1066 1455 4351 323 4303 3880 4819 879 458 65 3898 1752 3075 529 63 1591 454 2074 619 3130 3908 1996 1079 4280 2534 4791 4919 3039 617 2855 1093 1314 3256 4393 1203 3969 557 3310 96 1584 1461 3716 3173 841 2226 31 305 4123 4704 3049 838 342 1809 3133 1692 3677 1828 3788 4818 3453 1045 4000 3264 2775 3715 1308 2522 2826 4863 2980
3992 2187 3192 3337 2547 775 3720 2698 867 234 1615 4688 3736 3556 2230 2135 2261 953 3989 1827 2033 2239 2241 2767 2074 2390 52 220 1557 4344 3395 1576 2199 967 4606 3864 706 924 2085 519 4303 410 262 759 2071 4192 3450 2924 1891 2055 2392 652 3130 2524 4115 4982 227 4240 3477 28 3315 3145 2417 4390 4573 4889 4409 2241 389 1824 2352 38 3814 434 330 4191 2826 2183 3370 1058
1727 868 3424 2465 1180 4794 2634 1672 35 1016 3686 1913 87 2163 497 2192 2364 2417 3431 3943 3615 3320 2630 1161 1426 2403 1694 1850 4373 14 3554 2676 2366 2004 609 3002 2469 3746 2530 3445 2789 4703 4188 4376 4286 1458 1125 4687 3095 491 4390 2267 656 2889 2943 4828 3121 2007 1531 3004 4702 2881 4849 3777 1762 855 1268 1354 1097 3153 3279 3517 4396 1083 2487 3524 4863 3370 591 2543
35 1132 4680 4326 253 4182 2328 907 4797 2577 3914 1741 1328 2116 2114 2846 3297 3149 2232 2743 4416 1750 3277 4891 3832 2575 553 3665 1061 2709 1652 544 2801 1594 1822 114 2178 2802 4482 2083 1145 2408 2909 3641 2481 4641 175 323 890 1756 17 44 2670 1748 4294 359 4753 906 2572 3277 4853 2138 3552 4180 2953 1611 1585 2465 2236 570 1178 1522 4477 970 1032 4179 2980 1058 2543 4597
