N: 80
M: 16
Symmetric: true
Triangle: false
5 10 80 46 70 2
7 54 56 11 38 63 32 18
3 51 65 43
7 39 58 79 49 8 59 35
2 20 42
5 21 33 24 41 76
4 19 50 45 17
4 64 34 25 1
8 69 40 5 26 48 67 6 16
2 28 78
7 29 36 9 4 7 14 57
7 44 37 27 30 12 74 22
5 66 15 3 75 77
8 13 47 55 73 31 72 52 53
3 68 71 61
3 60 62 23
950 4743 179 2458 1618 4611 4495 1273 3627 3148 1700 225 3262 771 4364 2768 2888 2438 2865 926 59 4657 4485 4531 4071 4971 1847 1386 975 3766 4625 3589 4595 1795 2051 2409 4135 4660 419 4031 3943 1166 4995 4265 375 650 2352 902 3914 4541 2480 4854 4642 4911 2582 145 2970 4070 4236 1821 4420 1418 3015 3216 3942 1907 3830 731 2551 1459 4427 3649 3089 3950 3543 4128 434 4017 3350 966
4743 297 4236 1825 2850 3736 3787 2674 375 976 2904 2510 2344 2334 66 539 619 1749 2028 736 1111 4683 1962 2564 1292 3977 4159 3814 666 708 813 3163 4111 1977 1340 3130 4135 3070 2898 2268 200 3057 3954 1890 634 3636 2535 4964 4123 1540 1178 2245 1987 1713 773 4587 1267 4388 551 3231 1805 403 4556 726 2966 3666 160 1426 3111 225 277 3408 4291 4822 1433 1382 4226 371 1522 3643
179 4236 924 4083 2266 1815 64 3381 1644 3356 4881 2171 4793 3135 4089 4178 1310 1711 4793 4302 4929 2147 2118 388 2140 479 1416 3427 3057 2550 4149 746 3038 159 4599 747 429 680 2037 2206 743 95 1800 4096 324 497 674 3955 4234 3463 1638 3130 3814 4548 4328 1866 4944 472 2023 401 3113 3117 3777 3498 1151 534 1908 609 4641 3074 921 3312 3698 3918 460 3603 1005 3282 3699 1304
2458 1825 4083 1037 1191 3042 1339 670 4297 3392 2724 642 3721 2787 1717 2034 1683 2829 4776 4505 2846 4710 2329 1993 133 2745 4735 1451 4764 4919 4037 89 4467 605 4871 4510 3427 264 1045 2643 3364 4579 2455 1216 4547 427 524 3553 4446 1032 1065 4930 2849 3474 2908 4317 4836 3166 2091 4577 2768 4456 293 909 2214 2497 4423 78 1260 2423 707 1996 1569 446 3204 938 3450 4136 4619 4514
1618 2850 2266 1191 4208 2688 1813 3287 4662 4883 4410 2869 2736 4523 4835 2552 4262 1285 3302 4447 3446 2964 3842 60 1729 1734 4330 2885 4444 1528 4753 4337 4751 697 4822 4176 188 4984 637 2693 2283 1677 3681 4050 4738 755 1908 4309 226 3872 1468 1851 3345 3681 623 1739 2190 645 1321 4107 516 1498 4687 2971 3967 1388 1570 2470 4248 3071 1892 4695 1926 3752 814 826 874 1519 1549 679
4611 3736 1815 3042 2688 780 1630 2238 756 4909 2222 504 1423 290 1878 4547 4132 3003 3405 3271 2189 3870 4275 745 2336 3406 3363 3630 888 4477 1450 4587 1311 4677 2686 2826 4598 567 3582 4748 203 432 1578 4575 29 4333 1120 3336 4300 3247 3754 4877 2893 1762 1967 2718 1172 3747 568 3494 442 3768 1006 634 2149 1194 3092 1815 4601 2218 3480 1541 1252 337 833 332 4074 3770 3213 3131
4495 3787 64 1339 1813 1630 1092 1033 1888 1584 1599 2989 3259 1936 4576 712 2439 4272 3561 3385 1654 4869 2534 2175 2534 3707 1827 81 2982 1696 3628 1971 4019 4848 3130 744 1577 2750 3281 685 1153 2758 2639 2286 506 2826 3456 3896 3377 563 3864 1367 1313 4019 1785 4886 1912 4667 2372 297 80 2075 2295 4638 817 2071 4868 3840 766 1104 4646 2498 1378 2577 1454 294 4487 1899 1007 4258
1273 2674 3381 670 3287 2238 1033 851 3414 2790 2036 4137 1753 4506 3524 4018 3901 661 283 303 48 680 3184 481 1447 1387 1713 3386 2593 1289 3205 4147 4703 2848 1438 199 3927 609 1785 963 2397 1438 3230 886 677 1859 4169 2593 4762 2929 1264 3385 3361 3176 107 4287 190 3927 2335 4370 4677 696 1833 1393 2767 1712 2917 4220 3618 3940 276 3490 2616 4493 3236 1378 4619 2347 2125 1989
3627 375 1644 4297 4662 756 1888 3414 720 478 1505 2973 2565 1760 2651 360 1077 1797 3634 4098 1603 676 256 4445 4793 3145 544 809 942 492 1670 3508 2694 4142 491 3504 1273 4467 16 3370 4132 869 1263 727 1963 3965 1207 3872 791 1060 262 4677 2915 3882 327 116 1603 789 3846 439 2532 252 2388 3294 671 4853 2431 4306 1709 498 1199 1608 2104 507 2735 2375 761 4338 3832 4346
3148 976 3356 3392 4883 4909 1584 2790 478 2587 2073 1935 2705 1943 2397 3207 1463 590 2060 4652 4776 4776 3983 3530 4318 1193 717 2435 2308 1937 4196 550 1339 1856 2418 4897 3019 4606 3209 519 867 700 4772 1647 982 4694 4454 3483 1110 3591 3168 1426 1144 24 1459 3468 4732 175 3518 834 2198 3843 1109 3015 4766 3453 4889 541 3448 2427 2960 1116 2565 2052 3292 3812 3705 502 212 4327
1700 2904 4881 2724 4410 2222 1599 2036 1505 2073 4291 1977 515 1213 134 4334 3641 2543 252 3398 1244 4825 3520 3806 3343 3911 997 4939 2935 4479 3173 3791 2182 1653 3163 4013 2182 814 159 3098 3681 239 2890 1899 3614 4908 4249 188 2800 2057 655 4784 3334 1773 3540 1865 915 1662 1303 913 2031 2390 1726 566 3986 3491 4599 870 1241 348 3651 4652 2669 3332 3673 2439 3087 2001 2803 204
225 2510 2171 642 2869 504 2989 4137 2973 1935 1977 4526 917 3417 3628 1710 3782 577 2985 3097 4244 303 1426 4776 1912 2826 3691 4585 3649 1495 3949 2312 386 4668 2131 616 2305 3733 2357 84 4075 1387 2882 450 953 2809 4742 4112 1970 2212 191 3937 2346 2282 1659 2320 4473 3776 3257 2193 2529 2072 1736 4536 3112 434 3921 659 4527 2907 410 346 4151 2591 1819 2736 2871 1578 810 1980
3262 2344 4793 3721 2736 1423 3259 1753 2565 2705 515 917 517 3227 2660 799 4252 4879 1070 3751 2314 2560 641 1928 3843 2226 1519 641 178 975 3028 1066 2494 395 3493 2239 3759 4732 3789 4236 2774 3961 1086 4238 266 1811 725 1564 2919 4897 2719 2743 465 3134 320 1535 4366 3818 339 3723 1116 2655 1126 3538 3027 622 568 2314 1955 3794 1522 1478 644 3486 3755 4796 3561 1593 2417 2060
771 2334 3135 2787 4523 290 1936 4506 1760 1943 1213 3417 3227 1565 4949 4360 387 754 1784 625 3614 3415 3129 687 4420 3586 4336 101 692 2594 1532 2348 1744 3766 2324 4253 1687 385 3828 1208 4906 4225 4195 4960 2979 2147 2659 1605 4787 4609 2371 1823 3885 1564 2519 513 1090 4119 570 3516 17 1712 555 2129 3865 3713 1198 1295 4687 1040 4762 2323 3756 373 4487 1619 925 2495 2016 1961
4364 66 4089 1717 4835 1878 4576 3524 2651 2397 134 3628 2660 4949 2728 477 2796 1806 3152 2356 2974 1941 687 1341 3288 4666 4443 3438 3035 674 1932 4864 3861 689 3373 2560 4881 3341 2797 3025 3410 649 473 4505 1141 2703 1706 999 366 711 4461 4011 3599 2252 754 3575 3969 3355 3487 1367 3831 4314 1415 2618 3922 1149 3979 762 2407 336 1854 388 3663 2152 4342 1247 1830 1130 430 1535
2768 539 4178 2034 2552 4547 712 4018 360 3207 4334 1710 799 4360 477 3088 2003 1162 3940 2714 1948 3717 1669 1941 4957 3477 3002 2243 569 327 2313 943 3346 1487 1019 4354 2251 1091 926 3910 4904 1094 4765 142 3996 3107 1289 2393 35 4831 2748 1716 2069 3171 3221 1965 389 4075 640 2116 3445 3847 2217 3829 3633 4984 1883 2515 958 1992 4601 1100 2071 613 1220 3685 2435 2656 4301 3276
2888 619 1310 1683 4262 4132 2439 3901 1077 1463 3641 3782 4252 387 2796 2003 4571 2889 3865 3550 3052 1339 2686 895 45 1511 2232 2378 4480 4147 3353 522 1405 1183 2515 4561 4462 4900 4793 1614 2502 2706 4911 1568 2326 2392 718 2015 1959 3983 1735 4854 46 2548 3461 1392 4280 2464 2726 1105 2656 1741 3419 100 985 4303 3129 2019 3307 2451 936 1895 2396 172 1295 3641 709 265 4347 769
2438 1749 1711 2829 1285 3003 4272 661 1797 590 2543 577 4879 754 1806 1162 2889 3103 4771 1310 3476 2652 1218 1569 4206 1308 3631 2744 4073 1161 1945 443 2859 1007 3529 4546 1683 3871 2247 144 2391 564 71 4832 2565 3602 1679 3820 1351 2815 4913 3393 4564 4432 2782 4307 284 4047 4464 3519 2718 4099 2988 4077 3035 830 3128 4304 4453 1615 4404 2721 4608 2095 3174 1055 127 2845 4553 1802
2865 2028 4793 4776 3302 3405 3561 283 3634 2060 252 2985 1070 1784 3152 3940 3865 4771 3425 4753 2932 1829 1064 4690 1297 1696 2679 3705 410 2590 2572 3328 2414 4375 501 3724 1593 439 744 1429 4719 1476 2883 4278 3592 1765 2367 3754 3920 1972 1193 2515 4022 1705 1788 4950 2440 1652 3972 851 406 1551 453 2109 2732 4264 1906 3977 2008 1167 3090 3626 2608 590 1851 2690 4138 76 4874 141
926 736 4302 4505 4447 3271 3385 303 4098 4652 3398 3097 3751 625 2356 2714 3550 1310 4753 2700 3642 101 4840 3655 4776 166 4566 4089 1123 4676 259 598 1645 358 3053 2908 1662 1622 4464 1303 4375 4587 180 1948 2101 578 937 4838 2248 4722 136 4105 1784 2454 2042 206 2038 1886 3401 2718 3356 2822 258 2681 3512 2982 2022 3661 4903 3539 2141 3924 2848 1211 2641 4065 1011 2911 966 3193
59 1111 4929 2846 3446 2189 1654 48 1603 4776 1244 4244 2314 3614 2974 1948 3052 3476 2932 3642 2280 2875 448 871 35 3512 3497 2027 1815 3671 1077 1968 3827 2649 4436 883 537 1476 1911 1854 3486 3989 4560 130 1559 1796 3002 2027 2971 847 4758 111 4967 646 3194 2044 1313 1678 4104 4457 4046 4660 3843 4751 4263 4790 4580 1611 2050 2358 3095 1510 950 1324 1632 1630 1526 3057 1494 1488
4657 4683 2147 4710 2964 3870 4869 680 676 4776 4825 303 2560 3415 1941 3717 1339 2652 1829 101 2875 1356 3680 814 1225 88 4213 3857 1998 432 527 3792 2188 3856 1880 2876 3424 2902 499 2077 956 2303 1078 2675 4303 2913 3182 4370 4770 3077 4655 927 4165 1194 868 3015 1069 4853 1101 3359 4594 2326 1616 1172 3094 3327 631 4344 95 3490 1172 4031 432 278 3198 193 493 1518 810 4129
4485 1962 2118 2329 3842 4275 2534 3184 256 3983 3520 1426 641 3129 687 1669 2686 1218 1064 4840 448 3680 1191 1152 2736 3484 34 2997 231 2984 1805 4968 4813 275 978 24 2972 2429 1848 611 2439 861 827 837 2376 2022 3754 1612 4953 4237 3906 559 4500 190 3140 940 4819 3037 3260 4224 2262 627 776 3448 2349 4458 4166 3606 1669 4491 3966 2134 713 2424 2486 2510 3876 1497 3197 2975
4531 2564 388 1993 60 745 2175 481 4445 3530 3806 4776 1928 687 1341 1941 895 1569 4690 3655 871 814 1152 172 3747 332 4685 4356 3521 208 4378 196 1324 864 636 1280 569 3992 2987 1560 1852 209 2823 4887 4465 4994 1044 3964 2717 1201 2608 1858 2797 1874 499 1033 806 118 4128 2029 4077 310 3652 747 2364 3940 1674 3977 326 2081 4749 2848 1827 2969 3691 2304 2330 899 2000 51
4071 1292 2140 133 1729 2336 2534 1447 4793 4318 3343 1912 3843 4420 3288 4957 45 4206 1297 4776 35 1225 2736 3747 1302 1872 714 3716 199 4891 4146 2325 930 3670 653 2258 3036 3891 258 2332 3108 178 617 589 1487 950 849 4009 2030 2275 2215 3184 4814 2783 527 1188 3664 2148 3953 16 3798 1719 4950 2066 927 2183 2666 2926 3056 2113 2308 4305 3492 3875 3588 2281 1992 2656 1858 1621
4971 3977 479 2745 1734 3406 3707 1387 3145 1193 3911 2826 2226 3586 4666 3477 1511 1308 1696 166 3512 88 3484 332 1872 1213 750 83 4571 72 3267 929 2130 4569 512 1987 814 1455 2672 3485 4427 2436 4099 2841 2812 4199 381 496 4143 393 2538 457 2548 2848 2527 1013 1055 3984 3249 2036 2075 176 426 1509 489 2044 363 4890 849 1985 3242 3644 4358 866 2979 1027 4972 3867 2253 832
1847 4159 1416 4735 4330 3363 1827 1713 544 717 997 3691 1519 4336 4443 3002 2232 3631 2679 4566 3497 4213 34 4685 714 750 1948 1312 1541 4052 2574 4089 3111 4351 551 3413 28 2590 2617 414 4602 4725 1432 4326 859 2365 975 1431 859 3683 1041 4612 4618 3234 2353 2599 3140 1856 4311 1786 2631 2708 2535 3786 4024 1187 1575 3960 1673 3429 3343 2902 1417 4616 544 978 4866 1148 2221 3290
1386 3814 3427 1451 2885 3630 81 3386 809 2435 4939 4585 641 101 3438 2243 2378 2744 3705 4089 2027 3857 2997 4356 3716 83 1312 3940 3274 4489 4574 4481 246 2660 652 1282 3517 2477 2164 1064 393 3527 1845 4729 4824 864 442 3361 3358 3377 4735 4826 1968 394 560 4320 2420 3295 3119 3418 382 3699 3563 3521 3541 4580 4528 509 454 4456 2872 3235 1235 4668 4852 3286 2449 4660 737 385
975 666 3057 4764 4444 888 2982 2593 942 2308 2935 3649 178 692 3035 569 4480 4073 410 1123 1815 1998 231 3521 199 4571 1541 3274 4411 3799 2082 3366 2057 2024 3798 2256 18 1879 4117 3101 4307 4434 4949 4875 3957 2512 274 3780 4018 2208 284 1192 584 1480 133 3525 515 3316 4425 3421 2844 1684 3895 1060 2657 1516 1085 1621 1378 164 2746 4977 2717 4541 933 4220 2871 1408 2012 345
3766 708 2550 4919 1528 4477 1696 1289 492 1937 4479 1495 975 2594 674 327 4147 1161 2590 4676 3671 432 2984 208 4891 72 4052 4489 3799 896 3003 3933 351 1892 2088 2777 3477 1999 1148 4574 3491 1967 3223 2172 3259 1501 2667 3736 4108 2039 701 4794 4207 4047 3571 1584 4625 3752 4605 1835 4820 504 3219 1793 1404 3149 4015 2881 4904 4155 4080 1427 720 2940 1486 2451 1229 4868 2567 715
4625 813 4149 4037 4753 1450 3628 3205 1670 4196 3173 3949 3028 1532 1932 2313 3353 1945 2572 259 1077 527 1805 4378 4146 3267 2574 4574 2082 3003 931 1703 4009 709 1613 3694 2337 186 1812 4321 3341 234 1037 3189 3420 2193 2272 356 3828 146 2050 3071 4875 4409 330 1390 41 4825 1671 3674 1475 3797 219 761 1891 2934 4654 4181 2565 2076 2604 3221 2866 3142 780 1854 468 1903 154 1146
3589 3163 746 89 4337 4587 1971 4147 3508 550 3791 2312 1066 2348 4864 943 522 443 3328 598 1968 3792 4968 196 2325 929 4089 4481 3366 3933 1703 3744 2972 3733 4798 1919 2398 4715 2569 3199 1544 3195 1706 4578 4616 430 4760 896 1820 644 3512 1683 2554 1035 3120 895 1549 385 3756 3766 3958 3763 1776 1408 2966 1048 3958 3547 257 1575 897 1969 282 4608 2178 4655 1803 373 1538 1734
4595 4111 3038 4467 4751 1311 4019 4703 2694 1339 2182 386 2494 1744 3861 3346 1405 2859 2414 1645 3827 2188 4813 1324 930 2130 3111 246 2057 351 4009 2972 3550 1375 4046 2174 1293 2689 4610 4909 2014 4543 529 1542 3178 1793 4150 526 4143 1355 2751 1905 3430 2505 3904 4023 2969 4713 2877 3886 946 4014 194 2584 3132 1368 4824 1077 197 4499 1001 2407 4690 2637 817 2045 73 3376 83 4199
1795 1977 159 605 697 4677 4848 2848 4142 1856 1653 4668 395 3766 689 1487 1183 1007 4375 358 2649 3856 275 864 3670 4569 4351 2660 2024 1892 709 3733 1375 466 4548 2303 3435 1383 4890 3935 4944 3736 2675 922 4000 1408 2149 1368 688 3073 4738 3791 1383 2254 101 2197 733 807 846 3372 1460 3894 502 4274 4868 4921 3619 128 4994 4673 3327 3174 1390 312 869 1682 4395 77 3257 2274
2051 1340 4599 4871 4822 2686 3130 1438 491 2418 3163 2131 3493 2324 3373 1019 2515 3529 501 3053 4436 1880 978 636 653 512 551 652 3798 2088 1613 4798 4046 4548 1165 3753 3537 3878 801 3441 358 3518 2772 4938 4096 987 2054 1481 633 3387 713 3936 1834 2011 309 4022 201 2825 3552 3648 1777 3703 3291 4994 494 3087 1436 1885 1068 3234 3398 3319 2972 338 3430 2698 2648 4811 4742 1608
2409 3130 747 4510 4176 2826 744 199 3504 4897 4013 616 2239 4253 2560 4354 4561 4546 3724 2908 883 2876 24 1280 2258 1987 3413 1282 2256 2777 3694 1919 2174 2303 3753 4471 1615 207 286 2231 4428 209 3601 3402 1017 668 2360 2728 3661 4990 4569 2366 1446 4487 91 3396 1809 3817 1044 4446 338 236 4060 2686 1084 3953 4786 38 2722 3350 1175 4367 1159 997 2490 401 4851 4343 1763 3594
4135 4135 429 3427 188 4598 1577 3927 1273 3019 2182 2305 3759 1687 4881 2251 4462 1683 1593 1662 537 3424 2972 569 3036 814 28 3517 18 3477 2337 2398 1293 3435 3537 1615 3107 3357 2993 624 2676 4104 3474 3070 3027 4551 3843 2280 1531 4210 3350 3971 4188 164 954 420 3164 4597 3620 635 1605 4049 87 1740 3190 1807 2581 3651 4896 1050 3743 3012 3309 3213 3575 789 2296 2532 963 4265
4660 3070 680 264 4984 567 2750 609 4467 4606 814 3733 4732 385 3341 1091 4900 3871 439 1622 1476 2902 2429 3992 3891 1455 2590 2477 1879 1999 186 4715 2689 1383 3878 207 3357 4173 4041 3159 3245 768 1446 3182 1297 2991 3100 4881 4481 2223 4185 3213 1578 3979 3328 238 4325 1478 1407 4443 1397 4101 1316 4972 2530 364 4071 1986 2266 622 221 4863 4419 3097 1663 3234 2803 1345 929 742
419 2898 2037 1045 637 3582 3281 1785 16 3209 159 2357 3789 3828 2797 926 4793 2247 744 4464 1911 499 1848 2987 258 2672 2617 2164 4117 1148 1812 2569 4610 4890 801 286 2993 4041 2697 476 289 258 77 2326 679 507 4201 3274 3753 857 1521 4160 1178 1566 4599 4815 3112 3335 1067 2396 976 3185 1706 211 2673 57 726 441 2079 174 4123 4036 1928 4778 1023 3717 2675 626 1255 2060
4031 2268 2206 2643 2693 4748 685 963 3370 519 3098 84 4236 1208 3025 3910 1614 144 1429 1303 1854 2077 611 1560 2332 3485 414 1064 3101 4574 4321 3199 4909 3935 3441 2231 624 3159 476 1068 946 3300 2902 1858 2387 4463 2007 2382 1633 3579 1724 4027 2327 2326 72 4848 2029 1827 26 3803 195 1885 2639 3766 2322 4397 4633 3115 522 306 3022 2809 520 2319 2945 3533 4937 381 529 4134
3943 200 743 3364 2283 203 1153 2397 4132 867 3681 4075 2774 4906 3410 4904 2502 2391 4719 4375 3486 956 2439 1852 3108 4427 4602 393 4307 3491 3341 1544 2014 4944 358 4428 2676 3245 289 946 4235 1212 4929 4875 1166 2289 540 4115 430 2800 2945 1238 774 1974 621 367 1886 2302 1706 345 3727 468 960 1659 3376 1407 3438 1581 1474 1647 3740 2853 4985 94 4811 4063 1113 20 1067 4319
1166 3057 95 4579 1677 432 2758 1438 869 700 239 1387 3961 4225 649 1094 2706 564 1476 4587 3989 2303 861 209 178 2436 4725 3527 4434 1967 234 3195 4543 3736 3518 209 4104 768 258 3300 1212 1046 3444 3490 3014 1126 4572 1130 4057 2107 616 4801 3571 1825 2397 2447 2021 3950 2278 759 1283 1067 3034 4700 189 3641 2766 4874 1776 3424 4423 1015 2989 1175 3651 4365 2655 2831 3027 4066
4995 3954 1800 2455 3681 1578 2639 3230 1263 4772 2890 2882 1086 4195 473 4765 4911 71 2883 180 4560 1078 827 2823 617 4099 1432 1845 4949 3223 1037 1706 529 2675 2772 3601 3474 1446 77 2902 4929 3444 145 948 171 573 86 1855 4173 2265 438 2734 2607 266 1851 4582 4771 2222 3152 605 29 2158 4256 1068 730 3979 2696 3330 870 1879 395 375 3692 975 4033 153 3658 1875 3295 3757
4265 1890 4096 1216 4050 4575 2286 886 727 1647 1899 450 4238 4960 4505 142 1568 4832 4278 1948 130 2675 837 4887 589 2841 4326 4729 4875 2172 3189 4578 1542 922 4938 3402 3070 3182 2326 1858 4875 3490 948 1997 4352 3833 1684 3683 3368 2832 272 1758 122 2861 756 2704 1834 1956 4272 3955 3938 2695 4077 1230 4015 2872 3230 1867 1862 1462 3867 730 3814 1095 1834 910 2120 1820 2161 4172
375 634 324 4547 4738 29 506 677 1963 982 3614 953 266 2979 1141 3996 2326 2565 3592 2101 1559 4303 2376 4465 1487 2812 859 4824 3957 3259 3420 4616 3178 4000 4096 1017 3027 1297 679 2387 1166 3014 171 4352 3298 2267 620 892 4016 521 4865 693 309 4806 3135 3896 3965 2192 4210 625 4208 3397 4264 4197 4626 3569 3058 3752 2581 733 2327 1424 4213 2353 728 701 4888 3105 193 3700
650 3636 497 427 755 4333 2826 1859 3965 4694 4908 2809 1811 2147 2703 3107 2392 3602 1765 578 1796 2913 2022 4994 950 4199 2365 864 2512 1501 2193 430 1793 1408 987 668 4551 2991 507 4463 2289 1126 573 3833 2267 4459 1229 3705 1246 2233 3299 4639 4619 2096 4897 2605 4998 2497 4526 4636 4957 2810 2678 2744 503 1250 2163 2924 1922 3583 2963 3030 3371 57 2628 4617 4570 1008 1655 1163
2352 2535 674 524 1908 1120 3456 4169 1207 4454 4249 4742 725 2659 1706 1289 718 1679 2367 937 3002 3182 3754 1044 849 381 975 442 274 2667 2272 4760 4150 2149 2054 2360 3843 3100 4201 2007 540 4572 86 1684 620 1229 3258 3641 507 1224 636 4198 584 386 4332 1613 3934 125 2435 4422 4356 2557 1576 677 276 3244 3983 771 1865 4602 4192 3371 1483 4449 400 1896 1217 3889 2702 3165
902 4964 3955 3553 4309 3336 3896 2593 3872 3483 188 4112 1564 1605 999 2393 2015 3820 3754 4838 2027 4370 1612 3964 4009 496 1431 3361 3780 3736 356 896 526 1368 1481 2728 2280 4881 3274 2382 4115 1130 1855 3683 892 3705 3641 3371 1498 2211 4626 4873 1738 1083 3057 167 4049 1196 4581 102 3855 1086 1363 3484 2494 2928 1617 2177 1482 4602 2170 1588 443 2505 3984 1534 810 1422 2482 235
3914 4123 4234 4446 226 4300 3377 4762 791 1110 2800 1970 2919 4787 366 35 1959 1351 3920 2248 2971 4770 4953 2717 2030 4143 859 3358 4018 4108 3828 1820 4143 688 633 3661 1531 4481 3753 1633 430 4057 4173 3368 4016 1246 507 1498 1870 1969 3028 2647 3389 3413 1099 2763 624 2754 1494 3150 3914 2284 1607 152 1406 4477 181 3843 4269 509 1466 2335 3483 3955 348 4218 3454 3262 2958 369
4541 1540 3463 1032 3872 3247 563 2929 1060 3591 2057 2212 4897 4609 711 4831 3983 2815 1972 4722 847 3077 4237 1201 2275 393 3683 3377 2208 2039 146 644 1355 3073 3387 4990 4210 2223 857 3579 2800 2107 2265 2832 521 2233 1224 2211 1969 3293 1964 3418 3052 545 4181 2616 813 4177 1143 1395 3716 4263 3655 2741 2135 3824 1614 1925 4268 3211 1462 1635 2687 3711 3802 3671 978 1694 2798 2740
2480 1178 1638 1065 1468 3754 3864 1264 262 3168 655 191 2719 2371 4461 2748 1735 4913 1193 136 4758 4655 3906 2608 2215 2538 1041 4735 284 701 2050 3512 2751 4738 713 4569 3350 4185 1521 1724 2945 616 438 272 4865 3299 636 4626 3028 1964 3579 2544 3550 1046 3608 2489 2216 2666 4854 2509 715 980 433 3905 191 4910 3396 1665 2315 1129 2774 1059 2531 3463 933 872 3035 2390 2981 4344
4854 2245 3130 4930 1851 4877 1367 3385 4677 1426 4784 3937 2743 1823 4011 1716 4854 3393 2515 4105 111 927 559 1858 3184 457 4612 4826 1192 4794 3071 1683 1905 3791 3936 2366 3971 3213 4160 4027 1238 4801 2734 1758 693 4639 4198 4873 2647 3418 2544 3110 4218 3856 2422 690 166 4287 2570 3170 2222 1558 2167 4554 86 2387 4281 2184 35 333 2497 794 2450 822 3102 3936 1222 1082 4758 2852
4642 1987 3814 2849 3345 2893 1313 3361 2915 1144 3334 2346 465 3885 3599 2069 46 4564 4022 1784 4967 4165 4500 2797 4814 2548 4618 1968 584 4207 4875 2554 3430 1383 1834 1446 4188 1578 1178 2327 774 3571 2607 122 309 4619 584 1738 3389 3052 3550 4218 3817 1790 3336 2253 1856 3693 2274 4586 4451 2709 186 3807 2998 2039 3318 203 3083 4756 395 1464 3752 15 172 513 2422 738 2260 3052
4911 1713 4548 3474 3681 1762 4019 3176 3882 24 1773 2282 3134 1564 2252 3171 2548 4432 1705 2454 646 1194 190 1874 2783 2848 3234 394 1480 4047 4409 1035 2505 2254 2011 4487 164 3979 1566 2326 1974 1825 266 2861 4806 2096 386 1083 3413 545 1046 3856 1790 4841 2645 3007 3481 3574 4868 1615 4448 4166 2938 2426 4496 3113 2592 3427 2955 1800 1059 4275 4340 3678 2357 4505 3111 2077 1556 1226
2582 773 4328 2908 623 1967 1785 107 327 1459 3540 1659 320 2519 754 3221 3461 2782 1788 2042 3194 868 3140 499 527 2527 2353 560 133 3571 330 3120 3904 101 309 91 954 3328 4599 72 621 2397 1851 756 3135 4897 4332 3057 1099 4181 3608 2422 3336 2645 679 2568 3378 2406 4728 3700 2501 3377 4849 2878 4518 4475 1534 156 390 4903 4201 1577 4724 1286 2102 1232 2576 381 2104 4529
145 4587 1866 4317 1739 2718 4886 4287 116 3468 1865 2320 1535 513 3575 1965 1392 4307 4950 206 2044 3015 940 1033 1188 1013 2599 4320 3525 1584 1390 895 4023 2197 4022 3396 420 238 4815 4848 367 2447 4582 2704 3896 2605 1613 167 2763 2616 2489 690 2253 3007 2568 4290 2515 4805 1247 4061 1083 569 2010 2155 1623 4484 854 1322 4184 2497 766 1830 2358 4445 3670 3699 1164 3210 1765 1344
2970 1267 4944 4836 2190 1172 1912 190 1603 4732 915 4473 4366 1090 3969 389 4280 284 2440 2038 1313 1069 4819 806 3664 1055 3140 2420 515 4625 41 1549 2969 733 201 1809 3164 4325 3112 2029 1886 2021 4771 1834 3965 4998 3934 4049 624 813 2216 166 1856 3481 3378 2515 4696 2582 3932 3567 387 3434 413 1915 2817 1633 3117 3980 4883 2852 3580 2591 2795 1111 3264 3951 617 1459 3242 1268
4070 4388 472 3166 645 3747 4667 3927 789 175 1662 3776 3818 4119 3355 4075 2464 4047 1652 1886 1678 4853 3037 118 2148 3984 1856 3295 3316 3752 4825 385 4713 807 2825 3817 4597 1478 3335 1827 2302 3950 2222 1956 2192 2497 125 1196 2754 4177 2666 4287 3693 3574 2406 4805 2582 1526 4429 2956 3354 1417 3448 1358 3138 3752 3088 1916 3333 4605 994 1848 2797 1397 4606 544 394 114 737 2526
4236 551 2023 2091 1321 568 2372 2335 3846 3518 1303 3257 339 570 3487 640 2726 4464 3972 3401 4104 1101 3260 4128 3953 3249 4311 3119 4425 4605 1671 3756 2877 846 3552 1044 3620 1407 1067 26 1706 2278 3152 4272 4210 4526 2435 4581 1494 1143 4854 2570 2274 4868 4728 1247 3932 4429 4080 4068 2765 4342 3181 4641 636 3481 3616 474 4205 2666 2438 2949 2439 1817 3765 2575 3324 4637 3320 3315
1821 3231 401 4577 4107 3494 297 4370 439 834 913 2193 3723 3516 1367 2116 1105 3519 851 2718 4457 3359 4224 2029 16 2036 1786 3418 3421 1835 3674 3766 3886 3372 3648 4446 635 4443 2396 3803 345 759 605 3955 625 4636 4422 102 3150 1395 2509 3170 4586 1615 3700 4061 3567 2956 4068 1890 4473 982 2848 2920 4123 1192 2603 3872 207 1201 4616 4215 2095 1023 1116 3058 1103 2226 1555 1804
4420 1805 3113 2768 516 442 80 4677 2532 2198 2031 2529 1116 17 3831 3445 2656 2718 406 3356 4046 4594 2262 4077 3798 2075 2631 382 2844 4820 1475 3958 946 1460 1777 338 1605 1397 976 195 3727 1283 29 3938 4208 4957 4356 3855 3914 3716 715 2222 4451 4448 2501 1083 387 3354 2765 4473 1744 598 2484 3463 3647 3082 834 3530 1214 4535 2063 857 3855 3114 3570 1287 4785 819 2765 450
1418 403 3117 4456 1498 3768 2075 696 252 3843 2390 2072 2655 1712 4314 3847 1741 4099 1551 2822 4660 2326 627 310 1719 176 2708 3699 1684 504 3797 3763 4014 3894 3703 236 4049 4101 3185 1885 468 1067 2158 2695 3397 2810 2557 1086 2284 4263 980 1558 2709 4166 3377 569 3434 1417 4342 982 598 1633 1546 199 2136 4723 17 3744 3677 3495 1040 4543 2822 2634 3757 44 1793 1869 3061 1311
3015 4556 3777 293 4687 1006 2295 1833 2388 1109 1726 1736 1126 555 1415 2217 3419 2988 453 258 3843 1616 776 3652 4950 426 2535 3563 3895 3219 219 1776 194 502 3291 4060 87 1316 1706 2639 960 3034 4256 4077 4264 2678 1576 1363 1607 3655 433 2167 186 2938 4849 2010 413 3448 3181 2848 2484 1546 4841 12 2199 4843 1000 571 1806 2526 387 4734 4990 1491 463 3720 1906 4890 4554 4750
3216 726 3498 909 2971 634 4638 1393 3294 3015 566 4536 3538 2129 2618 3829 100 4077 2109 2681 4751 1172 3448 747 2066 1509 3786 3521 1060 1793 761 1408 2584 4274 4994 2686 1740 4972 211 3766 1659 4700 1068 1230 4197 2744 677 3484 152 2741 3905 4554 3807 2426 2878 2155 1915 1358 4641 2920 3463 199 12 2447 4094 505 3816 2481 475 72 2647 2315 3973 2852 902 3591 4095 3158 159 3190
3942 2966 1151 2214 3967 2149 817 2767 671 4766 3986 3112 3027 3865 3922 3633 985 3035 2732 3512 4263 3094 2349 2364 927 489 4024 3541 2657 1404 1891 2966 3132 4868 494 1084 3190 2530 2673 2322 3376 189 730 4015 4626 503 276 2494 1406 2135 191 86 2998 4496 4518 1623 2817 3138 636 4123 3647 2136 2199 4094 4844 3342 1040 4117 653 2144 3672 1832 883 3275 2798 4540 3314 1637 4095 3534
1907 3666 534 2497 1388 1194 2071 1712 4853 3453 3491 434 622 3713 1149 4984 4303 830 4264 2982 4790 3327 4458 3940 2183 2044 1187 4580 1516 3149 2934 1048 1368 4921 3087 3953 1807 364 57 4397 1407 3641 3979 2872 3569 1250 3244 2928 4477 3824 4910 2387 2039 3113 4475 4484 1633 3752 3481 1192 3082 4723 4843 505 3342 349 2198 2821 739 753 2888 4066 1210 3113 257 4032 4219 1252 3138 1387
3830 160 1908 4423 1570 3092 4868 2917 2431 4889 4599 3921 568 1198 3979 1883 3129 3128 1906 2022 4580 631 4166 1674 2666 363 1575 4528 1085 4015 4654 3958 4824 3619 1436 4786 2581 4071 726 4633 3438 2766 2696 3230 3058 2163 3983 1617 181 1614 3396 4281 3318 2592 1534 854 3117 3088 3616 2603 834 17 1000 3816 1040 2198 2939 4527 3994 2681 3607 2029 4288 1149 3977 3163 1893 550 3659 1027
731 1426 609 78 2470 1815 3840 4220 4306 541 870 659 2314 1295 762 2515 2019 4304 3977 3661 1611 4344 3606 3977 2926 4890 3960 509 1621 2881 4181 3547 1077 128 1885 38 3651 1986 441 3115 1581 4874 3330 1867 3752 2924 771 2177 3843 1925 1665 2184 203 3427 156 1322 3980 1916 474 3872 3530 3744 571 2481 4117 2821 4527 1717 3674 4262 2426 61 3955 1446 739 786 3545 4394 1137 3674
2551 3111 4641 1260 4248 4601 766 3618 1709 3448 1241 4527 1955 4687 2407 958 3307 4453 2008 4903 2050 95 1669 326 3056 849 1673 454 1378 4904 2565 257 197 4994 1068 2722 4896 2266 2079 522 1474 1776 870 1862 2581 1922 1865 1482 4269 4268 2315 35 3083 2955 390 4184 4883 3333 4205 207 1214 3677 1806 475 653 739 3994 3674 4744 2277 4768 43 597 1853 1109 3409 4737 4745 4369 2747
1459 225 3074 2423 3071 2218 1104 3940 498 2427 348 2907 3794 1040 336 1992 2451 1615 1167 3539 2358 3490 4491 2081 2113 1985 3429 4456 164 4155 2076 1575 4499 4673 3234 3350 1050 622 174 306 1647 3424 1879 1462 733 3583 4602 4602 509 3211 1129 333 4756 1800 4903 2497 2852 4605 2666 1201 4535 3495 2526 72 2144 753 2681 4262 2277 1428 3674 621 4438 4414 4558 2603 3594 4290 115 2981
4427 277 921 707 1892 3480 4646 276 1199 2960 3651 410 1522 4762 1854 4601 936 4404 3090 2141 3095 1172 3966 4749 2308 3242 3343 2872 2746 4080 2604 897 1001 3327 3398 1175 3743 221 4123 3022 3740 4423 395 3867 2327 2963 4192 2170 1466 1462 2774 2497 395 1059 4201 766 3580 994 2438 4616 2063 1040 387 2647 3672 2888 3607 2426 4768 3674 4208 1645 4216 3483 3798 1577 3263 4085 1368 762
3649 3408 3312 1996 4695 1541 2498 3490 1608 1116 4652 346 1478 2323 388 1100 1895 2721 3626 3924 1510 4031 2134 2848 4305 3644 2902 3235 4977 1427 3221 1969 2407 3174 3319 4367 3012 4863 4036 2809 2853 1015 375 730 1424 3030 3371 1588 2335 1635 1059 794 1464 4275 1577 1830 2591 1848 2949 4215 857 4543 4734 2315 1832 4066 2029 61 43 621 1645 2518 4199 221 4542 81 3723 1338 4640 4690
3089 4291 3698 1569 1926 1252 1378 2616 2104 2565 2669 4151 644 3756 3663 2071 2396 4608 2608 2848 950 432 713 1827 3492 4358 1417 1235 2717 720 2866 282 4690 1390 2972 1159 3309 4419 1928 520 4985 2989 3692 3814 4213 3371 1483 443 3483 2687 2531 2450 3752 4340 4724 2358 2795 2797 2439 2095 3855 2822 4990 3973 883 1210 4288 3955 597 4438 4216 4199 552 13 1463 2553 3391 1675 279 194
3950 4822 3918 446 3752 337 2577 4493 507 2052 3332 2591 3486 373 2152 613 172 2095 590 1211 1324 278 2424 2969 3875 866 4616 4668 4541 2940 3142 4608 2637 312 338 997 3213 3097 4778 2319 94 1175 975 1095 2353 57 4449 2505 3955 3711 3463 822 15 3678 1286 4445 1111 1397 1817 1023 3114 2634 1491 2852 3275 3113 1149 1446 1853 4414 3483 221 13 4037 4742 1712 3300 4893 1132 2311
3543 1433 460 3204 814 833 1454 3236 2735 3292 3673 1819 3755 4487 4342 1220 1295 3174 1851 2641 1632 3198 2486 3691 3588 2979 544 4852 933 1486 780 2178 817 869 3430 2490 3575 1663 1023 2945 4811 3651 4033 1834 728 2628 400 3984 348 3802 933 3102 172 2357 2102 3670 3264 4606 3765 1116 3570 3757 463 902 2798 257 3977 739 1109 4558 3798 4542 1463 4742 4433 2767 3171 3871 1787 3283
4128 1382 3603 938 826 332 294 1378 2375 3812 2439 2736 4796 1619 1247 3685 3641 1055 2690 4065 1630 193 2510 2304 2281 1027 978 3286 4220 2451 1854 4655 2045 1682 2698 401 789 3234 3717 3533 4063 4365 153 910 701 4617 1896 1534 4218 3671 872 3936 513 4505 1232 3699 3951 544 2575 3058 1287 44 3720 3591 4540 4032 3163 786 3409 2603 1577 81 2553 1712 2767 2425 4077 4582 475 1918
434 4226 1005 3450 874 4074 4487 4619 761 3705 3087 2871 3561 925 1830 2435 709 127 4138 1011 1526 493 3876 2330 1992 4972 4866 2449 2871 1229 468 1803 73 4395 2648 4851 2296 2803 2675 4937 1113 2655 3658 2120 4888 4570 1217 810 3454 978 3035 1222 2422 3111 2576 1164 617 394 3324 1103 4785 1793 1906 4095 3314 4219 1893 3545 4737 3594 3263 3723 3391 3300 3171 4077 3456 2521 1341 3085
4017 371 3282 4136 1519 3770 1899 2347 4338 502 2001 1578 1593 2495 1130 2656 265 2845 76 2911 3057 1518 1497 899 2656 3867 1148 4660 1408 4868 1903 373 3376 77 4811 4343 2532 1345 626 381 20 2831 1875 1820 3105 1008 3889 1422 3262 1694 2390 1082 738 2077 381 3210 1459 114 4637 2226 819 1869 4890 3158 1637 1252 550 4394 4745 4290 4085 1338 1675 4893 3871 4582 2521 3045 2044 2627
3350 1522 3699 4619 1549 3213 1007 2125 3832 212 2803 810 2417 2016 430 4301 4347 4553 4874 966 1494 810 3197 2000 1858 2253 2221 737 2012 2567 154 1538 83 3257 4742 1763 963 929 1255 529 1067 3027 3295 2161 193 1655 2702 2482 2958 2798 2981 4758 2260 1556 2104 1765 3242 737 3320 1555 2765 3061 4554 159 4095 3138 3659 1137 4369 115 1368 4640 279 1132 1787 475 1341 2044 441 2689
966 3643 1304 4514 679 3131 4258 1989 4346 4327 204 1980 2060 1961 1535 3276 769 1802 141 3193 1488 4129 2975 51 1621 832 3290 385 345 715 1146 1734 4199 2274 1608 3594 4265 742 2060 4134 4319 4066 3757 4172 3700 1163 3165 235 369 2740 4344 2852 3052 1226 4529 1344 1268 2526 3315 1804 450 1311 4750 3190 3534 1387 1027 3674 2747 2981 762 4690 194 2311 3283 1918 3085 2627 2689 3032
